UK/data/se/se79_OST50GRID_20230518/SE79.asc
ncols 200
nrows 200
xllcorner 470000
yllcorner 490000
cellsize 50
[rows 105 to 139 of 200, columns 78 to 155 of 200]
166.1 177.3 188 198.2 208.4 212.7 217.8 223.7 228.9 235.3 240.1 244.7 249.2 253.6 257.5 260.3 262.2 262.3 262.4 262.4 262.1 260.4 256 251.4 246.8 241.5 235.3 229.2 223.1 216.9 210.5 201.2 192 182.7 173.2 163.6 151.5 147.8 157.4 164.2 169.4 175.6 184.4 191.9 198.6 204.5 209.7 213.9 216.2 217.6 216.8 216.3 216.1 216.3 218.3 220.6 223.4 226.1 230 234.1 238.5 243.9 247.7 250.8 253.6 257 260 263.1 266.3 269.5 272.7 275.7 277.9 280.1 282.2 284.2 286.1 287.8
157.2 166.7 177.8 188.2 198.1 206.5 210.3 216.6 222.8 229.4 234.6 239.3 244 249.1 253.5 256.4 258.6 259.7 259.7 259.7 259.7 259.7 257.8 253.2 248.5 243.1 237.1 231 225 219 212.8 205.1 196.5 185.8 175.9 165.5 154.7 142.7 153.6 159.8 165.3 170.9 178.6 186.6 194.1 201 206.6 211.9 213.9 214.1 213.2 212.4 212.2 213.1 214.6 216.9 220.4 223.5 227.7 232 237.4 242.6 247.1 250 253.4 256.8 259.8 262.8 265.9 269.1 272.3 275.4 277.5 279.7 281.9 284 285.9 287.7
151.4 156.8 166.5 177 186.7 195.2 203.2 210.2 217.3 223.3 229.5 233.9 238.7 243.8 248.9 252.4 254.5 257.2 257.6 257.6 257.7 257.7 255.6 254 249.6 245.5 239.6 233.5 227.5 221.4 215.1 208.7 201.1 190.5 178.9 167.6 155.4 143.1 149.2 154.9 160.4 165.8 173.1 181.4 190.1 197.1 203.4 208.7 211.4 210.5 209.7 208.8 208.5 207.9 209.1 213.6 217.1 221.1 225.6 231.2 237.4 242.2 246.4 249.8 253.2 256.6 259.7 262.6 265.6 268.6 271.8 275 277.2 279.3 281.5 283.6 285.6 287.5
145.5 150.1 156.4 165.5 175.2 183.3 192.9 202.8 211.2 217.5 223.6 227.5 233.2 238.5 243.9 248.1 250.8 253.8 255.3 255.6 255.7 255.5 253.5 251.8 250.1 246.5 241.5 235.3 229.2 223.4 217.3 210.9 204.5 195.3 183.5 171.9 159.1 145.6 143.7 150.3 155.9 161.2 168.1 176.4 185.5 193.1 199.5 204.3 208.4 207.6 206.9 205.6 203.6 201.5 204.1 210.7 215.6 220 225 230.5 237.1 242.8 246.3 249.6 253 256.4 259.5 262.5 265.5 268.5 271.5 274.6 276.7 278.5 280.2 282.2 284.2 286.4
139.2 141.1 147 155.2 163.9 172.7 183.2 193.1 199.5 204.9 212.6 220.9 225.7 232.9 239.3 244 247.4 250.3 252.6 253.4 253.7 253 251.3 249.7 248.4 246.2 242.7 237 231 225.3 219.6 213.2 206.9 200.3 190.2 177.5 165 153.8 140.5 145.6 151.7 157.3 163.5 171.7 180.9 189.1 195.3 200 203.8 203.8 202.5 200.5 197.9 196.8 202.5 209.5 214.5 219.4 225 231.2 238.3 243.1 246.3 249.5 252.8 256.2 259.4 262.3 265.3 268.3 271.2 273.9 275.4 277.1 278.9 280.8 282.9 285
135.3 136.1 141.7 147.3 152.2 160.6 169.7 179.4 187 193 202.4 212.2 218.9 226 232.5 238.8 243.9 246.8 249.7 250.7 251.5 251.1 249.8 248.6 247 244.9 241.8 237.7 232.7 227 220.8 215 209.1 202.7 194.9 184.8 172.6 159.9 145.8 141.2 147 153.3 159 167.6 176.4 184.6 190.6 194.6 198.4 197.8 196.9 194.4 192.2 194.3 202.5 208.4 213.6 219.9 225.6 232.2 237.6 242.7 245.9 249.1 252.5 256 259.2 262.2 265 267.9 271.1 272.8 274.1 275.8 277.4 279.1 281.4 283.8
129.1 134.7 138 141.8 144.2 150.3 157.7 165.7 173.8 182.6 193.1 202.1 211.6 219.1 225.1 232.3 239.2 242.3 245.5 247.6 249 250 248.8 247.4 245.4 243.4 240.9 236.8 233.3 227.1 221.5 215.6 209.7 203.8 197.9 191.1 181.1 167 152.7 141.4 142.6 148.8 154.8 162.8 171.2 179.3 185.8 189.7 191.8 191.8 189.9 186.8 185.4 193.7 201.6 207.4 213.7 219.9 226.2 231.7 237.1 241.9 245.2 248.5 252 255.6 258.8 261.7 264.7 267.8 270.4 271.7 272.9 274.4 276 277.7 279.9 282.3
127.4 130.9 134.3 137.2 142.1 142.3 149.1 156.7 165.1 174.8 185 193.5 202.9 212.2 218.5 226.7 234.6 238 241.2 244.8 246.5 248.2 247.6 246 243.9 241.8 239.7 236.2 233.2 227.6 222.2 216.1 210.2 204.3 198.5 192.3 183.6 170.6 155.9 143.5 138.3 143.5 150.6 157.8 166.1 173.4 179.2 183.7 186.7 186 181.1 177.1 183.4 193.8 200.8 207.3 213.6 219.8 225.8 231.2 236.6 241.2 244.5 247.9 251.4 254.8 257.9 261 264.4 267.5 269.3 270.6 271.8 273.2 275 276.8 278.6 281.6
123.9 127.2 130.3 132.9 134.8 138.7 144.8 151.2 160 169.4 178.9 187.2 195.9 204.8 212.9 221.3 229.8 233.5 236.8 241.4 243.8 245.7 246 244.4 242.3 240.1 238.1 235.6 232.6 228.3 222.9 216.7 210.8 204.9 199 192.9 185.1 172.7 158.8 146.2 138.3 137.1 146.1 153 160.2 167.4 172.1 176.7 179 178.1 172.3 173.3 183.7 193.1 200.7 207.1 213.3 219.5 225.3 230.7 236.1 240.5 243.9 247.3 250.8 253.9 256.7 260.1 263.6 266.2 268.2 269.3 270.4 271.8 273.6 275.4 278.2 281.4
120.2 123.3 125.8 128.3 130.9 135.5 141 147 154.9 164.5 173.6 182 189.8 198 206.4 214.1 222.6 228.4 232.6 237.3 240.8 243 244 242.6 240.6 238.6 236.8 234.5 231.5 227.7 223.5 217.4 211.3 205.4 199.5 193.1 185.3 174.3 161.3 148.7 140.4 136.3 142.3 149.6 155 160.3 164.3 165.9 168.3 166.9 165.5 174.4 184.5 193 200.7 207.4 213.1 219.3 224.7 230.1 235.5 240 243.4 246.8 249.8 252.6 255.7 259.2 262.3 265 266.8 268 269.1 270.5 272.2 274.9 278.1 281.3
114.7 118.5 121.6 123.6 127.5 131.7 137.1 142.8 149.6 159.4 169 177.2 184.2 191.8 199.7 207 214.7 223.7 228.1 233.4 237.2 238.9 239.7 240.4 239.1 237.1 235.5 233.2 230.4 226.7 222.7 216.8 210.5 205.2 199.1 192.7 184.7 172.9 161.3 150.2 141.7 135.9 136.5 145 149.2 151.6 154.2 155.1 157.5 160.4 167.2 175.4 185 192.8 200.6 207.6 213 218.8 224.1 229.4 234.7 239.2 243 245.9 248.6 251.4 254.7 258.1 261 263.8 265.2 266.4 267.7 269.2 271.3 274.6 277.7 280.8
109.5 111.3 110.9 116.4 124 127.8 132.7 138.2 145.1 154.5 166.2 174.4 179.5 185 192.4 199.4 206.9 216.3 223.6 228.4 232.8 234.3 235.3 236 236.6 235.7 234.1 231.9 229.2 225.5 221.2 215.1 209 203.4 197.6 191.4 183.5 172.7 161.8 151.5 143 134.8 133.8 138.7 141 143.6 144.8 149.9 157.8 166.1 174.4 181.8 187.8 191.1 198.8 207.1 213.3 218.9 223.9 229 233.7 238.2 242.5 245 247.6 250.4 253.8 256.7 259.5 262.4 263.9 265.1 266.3 267.9 270.6 274.2 277.3 280.5
120.2 112.1 113.3 110.2 107.4 123.2 128 133.4 138.5 149 161.6 170 175.7 179.7 185.5 192.5 201 209.3 218.3 223 227.2 229 230.6 232.4 233.5 233.5 232.1 230.3 227.3 223.1 218.6 212.3 207.2 201.5 195.7 189.8 181.6 172.3 161.7 151.1 143.6 135.7 132.5 135.4 137.3 139 146.2 154.9 163.3 171.9 180.1 187.6 193.3 196.8 199.6 207.2 214.1 220 225 229.4 233.2 237.4 241.4 244.1 246.8 249.9 252.8 255.4 258.1 260.9 262.4 263.8 265 267 269.9 273.5 277 279.7
126.3 121.7 117.7 114.2 108 117 122.4 126.7 130.6 142.5 154.1 163.2 169.7 174.5 179.8 187.1 195.3 202.1 210.4 217.4 222.7 224.9 226.7 228.7 230.6 231 230 228.3 224.7 220.5 216.1 210.4 205.3 199.6 193.7 188.2 178.8 169 159.5 151.2 143.8 137.1 132.2 132.4 136.9 144.1 153.3 160.9 169.1 177.7 185.1 192.4 198 201.5 205.4 211.6 216.5 221 225.2 229.3 232.7 236.8 240.6 243.5 246.2 249.3 252.2 254.5 257.2 259.4 260.8 262.2 263.7 266.2 269.2 272.8 276.3 278.3
133.2 127.5 121.5 116.4 111.5 109.8 116.4 121.7 127.4 134.1 145.6 151.8 162.9 168.7 174 181.4 190.2 196.7 204.5 211.1 216.9 220.9 222.9 225 227.2 228.1 227.5 225.8 222.2 217.9 213.6 208.5 203.4 197.8 192.4 186.1 176.3 167.5 159 151.2 144.3 137.2 131.8 132 141.6 149.6 157.6 165.1 172.6 180.7 188.9 196.8 202.9 206.9 210.9 216.4 220.2 223.4 226.3 229.9 232.4 235.7 239.7 242.7 245.5 248.6 251.5 254 256.3 257.9 259.5 260.9 262.9 265.5 268.4 272 275.5 276.7
142.6 134.6 125.8 119.5 116 108.9 110.4 117.6 123.5 129.1 136.3 140.2 152.2 162.2 169.7 176.9 186.1 193.6 199.7 205.8 211.8 217.8 220 222.2 223.8 224.1 224 221.9 219.4 215 210.8 206.6 201.5 196.6 191.1 183.9 175.3 166.6 158.5 150.6 143.3 135.7 129.4 132.9 143.3 151.5 159.6 167.3 174.8 183.3 191.8 199.9 206.3 211.4 216.1 220.2 223.4 226.1 229 231.2 232.8 235.5 238.8 241.8 244.6 247.6 250.6 252.7 254.8 256.7 258.2 259.8 262.3 264.8 267.6 271.2 274.3 275.1
149.9 141.9 132.4 125.4 120.5 106.8 107.1 104.9 116.5 125.3 133.2 136.6 141.3 156.4 165.3 173.2 182 188.9 194.6 200.1 207.8 214.4 217.1 219.3 219.8 220.2 220.4 218.3 216.1 212 207.9 204.2 199.7 195 190 182.4 174.3 166 158.1 150.3 142.6 130.1 128.2 134.1 144.5 152.9 161 169.3 177.4 185.9 194.4 202.9 209.3 214.3 219.1 223.9 226.5 228.8 230.8 233 234.8 236.9 239.6 241 243.7 246.6 249.3 251.2 253.3 255.2 257 259.2 261.7 264.2 266.8 270.3 273 274
158.5 148.7 139.8 134.8 129.7 122.7 116.5 106.5 109.8 119.6 125.7 130.3 135.7 150.6 161.1 168.4 175.9 184.6 191 197.5 204 210.3 214.2 215.3 215.8 216.2 216.1 214.7 212.8 209.1 205.1 201.2 197.1 192.6 187.3 180.3 173 164.9 157 149.1 141.3 129.1 127.7 135.6 145.4 153.5 162.2 170.5 179.7 188.2 196.8 205.3 211.5 216.7 221.5 225.9 228.8 231 233.3 235.2 236.6 238.1 240.3 241.7 243.1 245.6 247.9 249.9 252 254.1 256.5 259.1 261.5 263.9 266.3 269.4 271.5 272.5
167.9 156.6 149.7 144 139 131.2 122.9 116.1 103.4 109.3 117.3 123.9 129.1 142.3 154.1 162.2 169.8 178.8 187.7 195.2 202.2 207.4 210.7 211.9 212.4 212.3 211.7 210.4 208.7 205.3 201.6 197.3 193.1 189.6 183.8 177.3 171.6 163.8 155.1 147 139.7 133.3 126.8 135.5 144.4 153.5 163.3 172 181.3 190.5 199 207.4 213 218.2 223.3 227.2 230.2 232.8 235 236.8 238.3 239.5 241 242.4 243.8 245.1 246.9 249.1 251.3 253.8 256.5 259.3 261.7 264.1 266.5 268.9 270.4 271.7
176.7 165.1 158 151.5 145.2 137 127.9 121.5 112.6 105.1 111.7 117.8 122.6 132.4 144.3 154.6 162.8 172 181.7 191.1 199.8 203.7 206.9 208.7 208.6 208.4 207.5 206.3 204.3 200.9 197.3 193.3 189.1 184.8 180 173.9 167.9 160.8 152.6 144.5 137.8 131.6 125.2 134.4 143.9 154.4 164.4 173.7 183 192.3 201.2 209 214.5 219.8 224.7 228.1 231.3 233.5 235.7 237.6 239.2 240.5 241.4 242.6 243.9 245.2 246.4 248.2 251 253.8 256.6 259.3 261.9 264.2 266.1 268.2 269.7 271
182.1 171.1 165.6 158.7 151.2 142.2 135.3 128.3 120.4 113.4 106.4 111.9 118.2 126.2 135.6 146.3 155.7 165.3 174.8 184.6 194.1 199.7 203.1 204.5 204.6 204.4 203.7 202.3 199.9 196.4 192.8 188.8 183.6 179.3 174.4 169.4 162.3 154.9 148.4 141.2 134.5 128.7 124.7 132.9 146.3 156.8 166.5 175.3 184.6 193.9 203.2 210.6 215.9 221.3 225.6 229 231.9 234.2 236.4 238.3 239.9 241 241.9 242.8 244 245.3 246.5 248.1 251 253.9 256.6 259.4 262.1 263.9 265.8 267.4 268.9 269.7
195.9 179.1 173.2 166.8 160 152.4 145.2 136.5 128 119.2 108.6 105.3 112.7 121.2 129.4 139.4 149 158.5 168 177.7 186.5 194 198.5 200.1 200.5 200.4 199.8 198.1 194.7 191.2 187.6 181.3 176.7 172 167.4 161.3 155 148.7 143.3 137.9 131.1 125.1 126.5 137.4 149.3 160 169.7 178.4 186.5 195.5 204.8 211.5 217.2 222.8 226.4 229.8 232.5 234.8 237.1 238.6 239.8 240.9 242 243.1 244.2 245.5 247 248.6 250.9 253.9 256.7 259.5 262.2 263.8 265.5 266.4 267.3 268.1
210 192.6 185.6 179.9 171.5 163.7 156.3 147.3 136.6 126.5 116.7 104.9 104.1 114.6 123 132.5 142.1 151.7 161.2 170.8 179 187 193.9 196.9 197 196.3 195.4 192.3 188.8 185.2 180.4 173.2 167.3 162.8 158 151.2 145.1 139.9 134.8 130.7 125.6 123.5 131.1 142.2 152.5 163.1 172.9 181.9 189.9 198 206.4 212.1 217.8 223.6 227.1 230.5 232.8 235.2 237.2 238.5 239.6 240.7 241.9 243 244.1 245.8 247.4 249.2 251.4 254 256.7 259.5 261.3 262.8 264 264.7 265.7 266.1
221.7 213.2 205.6 196.8 187.9 176.2 165.7 155.8 146.3 134.5 123.2 111.3 104.1 107.7 117 125.8 135.3 144.9 154.6 164.3 172.5 180.6 188.6 192.1 192.5 191.3 189.4 186.4 182.8 179.2 172.2 164.8 158.4 153.3 147 141 135.2 130.5 126.3 123.8 121.8 128.8 137.9 148.5 158.7 168.1 177.1 185.4 193.3 201.3 208.5 213 218.8 224.2 227.9 230.8 233.1 235.3 237.2 238.3 239.5 240.6 241.7 242.8 244.4 246.1 247.7 249.5 251.8 254.1 256.7 258.8 260.2 261.4 262.5 263.3 263.6 263.8
224.7 218.8 212.7 205.5 198.1 186.6 175.9 164.6 154.2 142.6 129.9 117.8 107.7 104.2 111.7 120 129 138.3 148.1 157.8 165.9 173.8 181.4 187.8 187.8 186.1 183.4 180 176.1 170 163.2 156.5 149.5 141.8 136.9 131.9 125.2 122.1 119.8 120.2 126.4 135.3 146 157 167.4 175.7 182.3 189.1 196.4 204.4 210.1 214.5 220.2 224.9 228.3 231.2 233.3 235.5 236.8 237.9 239.1 240.3 241.5 242.8 244.3 245.8 247.3 249 251.3 253.6 256 257.7 259.1 260 260.8 261.1 261.4 261.2
227.5 221.6 215.8 210 203.4 196 185.3 173.7 161.2 149.2 137 124.3 114.1 102.5 106.3 115.5 122.9 131.7 141.6 151.2 159.1 166.7 174.5 180.3 181.4 180.4 176.3 171.9 165.8 158.9 153.6 145.7 138.2 131.8 127.2 122.6 119 118.1 119.6 126.6 135.5 144.5 156.1 166.9 177.5 182.4 187.1 193.4 199.6 207.4 211.7 216 221.1 225.9 228.7 231.4 233.5 235.5 236.4 237.5 238.6 239.5 240.4 241.8 243.9 245.4 247 248.6 250.8 253 255.1 256.1 257.1 258 258.8 258.9 259.2 258.6
228.6 224.1 217.7 211.7 205.9 199.9 190.4 181.1 169.1 156.5 143 129.5 118.1 102.9 102.4 103.1 118.8 126.5 135.3 145 153.2 161.7 167.6 172.3 173.7 171.2 166.6 161 154.8 147.8 143 136.1 128.5 121.9 118.5 116 116.5 123.3 131.7 139.5 147.8 157.7 169.1 179 183.9 188.4 192.9 197.8 204 209.4 214 218.3 222.1 226.5 229.3 231.8 233.7 235.2 236 236.5 237.3 238.2 239.2 240.6 242.9 245.1 246.6 248.2 249.7 251.5 252.9 253.9 255 256 256.8 256.9 257.1 256
227.9 223.7 218.6 212.7 206.7 200.8 194.4 186.4 175.6 162.6 148 133.7 120.7 111.6 106 101.6 114.6 121.8 130.5 139.3 147.9 156.2 162.4 165.8 166.2 163.5 158.5 151.2 143.4 139.2 131.7 125.2 119.3 114.9 113.4 119.2 126.8 135.1 144.5 152.4 161.2 171 179.9 185.2 190.4 194.9 199.4 203.7 208.5 212.5 216.6 220.8 224.5 227 229.7 232.3 234 234.8 235.3 235.5 236.1 237 238.1 239.3 241.7 244 246.1 247.4 248.4 249.7 250.7 251.8 252.9 254 254.6 254.6 254.6 253.5
227.2 223.3 218.7 213.1 207.1 201.5 195.4 188.4 178 167 152.3 137.8 123.1 113.9 107.7 101.5 98.1 116.8 125.1 134.1 143 150.6 157.7 160.6 159.8 156.3 149.7 141.1 134.7 128.5 120.1 114.1 115.1 119.9 123.9 130.9 136.9 144.2 153.4 162.1 171 179.8 186.2 191.5 196.5 201.4 205.7 209.5 212.6 215.6 219.5 222.9 225.7 227.6 230.2 232.2 233.5 233.9 234.3 234.5 234.8 235.8 237 238.2 240.5 243.1 245.2 246.7 247.6 248.3 249.5 250.6 251.4 251.5 251.9 252.2 252.1 250.9
226.8 223 218.1 213.3 207.7 202.1 196.4 189.3 180.5 169.7 156.3 141.8 127.3 116.3 109.3 100.9 99.2 113.3 121.2 130.2 139.4 146.5 152.5 154.7 153.2 148.9 140.3 131.7 124.6 118.3 112.5 113.3 119.5 125.6 131.6 138.8 145.9 152.4 161.2 169.9 178.8 187 192.4 197.9 202.9 207.5 210.7 213.9 216.9 219.4 221.7 224.5 226.1 228 229.6 231.6 232.2 232.5 232.9 233.2 233.3 234.5 235.6 237.1 239.7 242.2 244.3 245.5 246.5 247.2 248.3 248.4 248.5 248.7 249.2 249.7 249.6 248.1
227.1 223.1 218.1 213 207.5 201.9 196.4 190.4 182.6 172 159.7 145.9 131.6 119.5 111.8 103.1 99.2 110.3 117.9 126.3 135.2 143.2 148.1 149 146.9 140.4 130.4 122.7 116.6 110.8 111 117.6 124.5 131.5 139.7 146.9 154.1 161.3 169.3 177.5 185.8 192.4 198.7 204.1 208.5 212.3 215 217.6 218.7 220.9 223.1 224.8 226.3 227.4 228.9 230.2 230.6 231 231.2 231.4 231.7 232.9 234 236.4 238.9 241.3 242.6 243.8 244.9 245.6 245.4 245.5 245.6 246 246.5 247 247 245.2
227 223 217.8 212.7 207.2 202 196.3 190.3 184.4 174 163.4 151.3 137 123.2 114.2 103.6 99 105.2 116.2 123.5 132.3 141.2 144.5 143.9 140.5 132.5 121.2 115 109.6 109.1 115.7 122.5 131.2 140.5 149.8 157 164.2 170.7 177.5 185.2 191.9 198.2 204.4 210.1 213.5 216.6 218.3 219.1 219 221.1 222.2 223.7 224.9 226.1 227.5 228 228.8 229.4 229.5 229.6 230.2 231.3 232.6 235.6 237.9 239.9 241 242 243.2 243.3 242.8 242.6 242.9 243.4 243.9 244.5 244.8 243.5
226.6 222.5 217.4 212.4 207.2 202.1 196.1 190.2 184.1 176.3 167 157 141.6 126.2 115.9 108.5 98.5 97.2 112.4 121.8 131.7 138.3 141.2 140.2 135.5 124.6 113.2 107.3 106.3 108.3 121 129.8 140 149.5 159 167.1 174.3 179.8 185.5 191.6 198.2 204.9 211.2 214.6 216.9 217.4 218.2 218.7 218.9 220 221 222.1 223.4 224.7 225.4 225.8 226.7 227.3 227.7 227.8 228.6 229.6 232.2 234.6 236.7 238.3 239.3 240.4 241.5 241 240.6 240.2 240 240.8 241.4 241.9 242.7 241.7
226.8 222.3 216.9 211.6 207 201.9 195.9 189.9 183.5 175.8 168.1 158.5 143.9 127.3 116.5 109.7 100.4 96.9 110.5 119.3 128.4 135.9 139.2 137.6 130.8 119.3 107.6 105.3 106.8 118.9 128.5 137.8 148 158.1 168.3 175.9 181.5 186.8 192.3 198.4 204.6 210.1 213.6 214.8 215.2 215.6 216.4 217.3 218.2 218.9 219.8 220.7 221.8 223 223.4 223.2 223.5 224.1 224.6 225.4 226.7 228.7 231.1 233.4 235.4 236.8 237.8 238.9 239.4 239.2 238.8 237.8 236.5 236.9 237.7 239.3 240.3 239.3
226.6 222.5 216.3 211 206.4 201.5 195.6 189.3 182.9 175.4 166.9 158.3 143.6 128.3 116.8 110.3 98.4 95.5 109.2 118.1 127.2 135.5 137.7 136.7 126.5 112.7 103.4 109.8 116.5 125.6 136.2 145.9 156.1 166.5 176.4 182 187.6 193.5 199.2 204.5 209.3 212.6 214 213.7 213.5 213.8 214.7 215.6 216.4 217.1 217.7 218.7 219.8 221.2 220.7 220.7 220.9 221.1 221.8 223.3 224.9 227.3 230 232.1 233.9 235.3 236.2 236.8 237.3 237.2 237 235.2 233.8 233.2 234.5 236.6 237.8 236.9
