UK/data/nn/nn24_OST50GRID_20230518/NN24.asc
ncols 200
nrows 200
xllcorner 220000
yllcorner 740000
cellsize 50
[rows 140 to 174 of 200, columns 78 to 155 of 200]
290.3 292.9 293.7 293.9 291.1 293.5 290.6 290.3 298.5 291.7 283.4 280.7 275.1 276.8 270.9 266 257.8 257.3 252.4 242.8 231.3 223.7 220.3 218.9 219 219 218.5 218.7 216.9 210.2 212.3 213.4 215.5 210.3 206.2 206.6 208.2 210.6 213.9 217.8 221.3 223.5 225.3 227.8 226.6 228.8 227.3 230.5 233.8 236.2 237.7 238.8 240.9 240.3 241.5 241.6 243 240.9 243.3 240.5 235.5 231.6 231.3 230.8 227.6 223.1 229.2 228.5 225.9 224 224 223.5 221.9 216.7 216.6 216.9 210.1 203.6
278.2 282.5 280.2 279.3 279.1 283.9 282.5 281.7 282.4 275.9 272 269.7 269.3 269.4 261.8 256.9 246.7 247.2 243.1 237.7 229.4 223.2 219.4 219.3 219 220.5 219.3 217.6 211.8 207.2 205.9 201.7 205.9 203.2 203.2 203.7 202.2 203.6 206.1 209 215.4 216.7 216.6 217.5 218.9 220.6 221.4 226 228.9 229.7 230.9 233.2 233.6 232.5 234.5 235.3 236.3 234.8 234.8 236.2 235.8 232.7 229.8 227.7 223.8 215.7 220.9 222.4 221.7 219.7 213.5 212.9 212.5 212.8 211.8 210.3 203 199
271.1 270.8 266.3 265.9 269.3 272.2 274.1 272.2 272.4 264.1 261 261.7 261.3 257.4 252.3 247.7 242.4 240 235.1 231.1 227.5 223.6 221.3 219.1 219.2 220 217.9 214.1 208.5 205.2 203.2 199.1 203.5 201.8 199.3 199.9 200.2 198.9 201.1 202.8 205.1 207.9 209.5 209.6 211.4 213.2 214.5 221.3 224.4 224.6 226.4 224.5 226.1 225.6 228.7 230 231 228.6 230.6 232.7 233.6 232.3 229.5 226 218 212 215.8 220.8 219.8 213.2 208.3 204.6 203.7 204 202.6 200.4 197.2 196.4
259.3 251.5 254.2 256.5 258.6 262.5 261.9 260.6 258.8 255.7 253.3 252.8 252.6 249.2 245.1 241.6 238.5 231.7 229.6 227.5 225.8 224.6 221.7 221.8 218.9 218.3 213.9 207.3 202.1 200.3 198.9 195.8 197.8 199.9 199 198.5 196.7 195.8 195.9 199.2 200 201.8 199.9 199.6 203.3 203.8 210.5 216.8 218.5 219.3 220 220.7 219.2 221.3 223.6 224.8 226.1 226.1 225.6 224.6 226.8 226.4 223 219.5 216.2 212.2 207.4 211.3 209.1 205.3 204.6 199.7 197.4 198.4 199.3 195.3 192.6 195.2
238.6 241.2 244.1 242.8 245.9 250.3 251 248.5 246.5 244 245 245.1 243.4 241.2 237.3 236.2 231.8 228.6 223.9 221.8 222.3 221.2 218.7 216.8 213.4 208.4 205.7 202.8 200.1 198.6 197.7 194.2 202.4 199.6 198.8 195 193.8 191.9 193 195.5 194.6 193.7 192.5 192.8 194.8 198 202.5 209.7 211.5 212.2 212.3 213 211 217.2 218.2 219.1 220.8 221 220.4 218.7 218.2 218.1 218 216.2 212.6 208.6 204.1 202.2 202.6 198.1 197.5 195.4 191 192.9 194.5 193.4 189.2 191.7
228.1 230.1 234.1 234.2 237.2 239.8 237.7 236.1 234.6 234.1 235 234.7 235.2 235.2 229.9 226.5 225 223.4 220 215.4 215.1 214.6 211.2 208.9 205.8 203.7 200 196 199.1 197.3 195.6 193 195.6 196 194.9 194.1 192.1 191.2 189.9 190.4 190.2 189.4 189.3 190.4 191.1 194.1 198.2 202.9 204.4 205.1 204.7 204.9 205.1 209.9 212.2 213.2 215.5 217.1 215.6 213 211.4 213.9 213.4 212.3 210.5 205.7 200.7 197.6 195.2 193.4 190.4 189.9 187.7 190.5 191.2 188.8 188.3 187.2
219.1 222.6 225.5 227.1 229 229.3 224 223.5 223.3 223.5 225.4 225.3 224.3 224.1 222.6 221 218.4 217.1 214.3 211.3 209.3 208.9 204.9 200.9 201.4 200.4 197.2 193.6 197.4 196.6 194 191.8 192.9 194.1 194 192.1 192.3 191.5 189 185.9 186.6 186.8 187.3 188.5 188.1 188.7 192.6 196.5 198.1 199.2 197 199.5 198.8 203.3 204.9 209.4 211.5 209 208.8 208.3 207.4 210.9 212.1 211.9 206.2 201.2 197.3 194.1 192.8 189.3 186.7 186.2 184.8 187.4 186.9 186.3 184.5 183.7
210 212.7 215.9 217.8 218.6 216.2 213.8 214.4 214.8 214.9 216.3 215.7 215.2 215.6 214.8 213.3 210.6 210.2 208.5 205.5 203.6 203.1 200.8 198.1 198.6 197.9 195.1 192 192 192.8 193.4 192.6 189.4 192.2 192 190.9 190 189 187.1 184.1 186.7 187 185.5 185.8 185.4 185.6 187.4 191.5 193.1 193 189.9 194.1 193.9 197.1 200 203 206.4 204.3 209 206.2 206.7 208.5 213.9 209.6 205.9 202 197.3 193.6 190.9 184.4 183.4 183.8 181.8 182.1 181.7 179.9 181.1 179.4
204.3 206 207 206.2 206.4 206.2 205.9 206.1 206.6 207.6 209.7 210.2 207.8 206.8 202.3 204.7 205.2 205.7 203.2 200.6 198.7 197.6 195.6 195.8 193.9 192.9 192.3 190.8 190.9 192.4 192.4 190.8 186.6 189.5 189.9 189.2 187.2 186.9 185.5 182.7 183.3 184.2 183.7 183.3 182.9 182.9 184.2 186.8 187.6 187.5 187.4 187 188.7 192.9 195.3 198.6 201.4 201.7 202.7 203.4 204.9 207.6 208.4 208.8 206.8 198.9 192.4 187.3 184.7 181.4 180.1 179.6 180.8 177.3 177.5 176 174.6 175.1
198.9 200.6 200 198.9 198.4 198.6 198.7 199.2 199.4 200.3 202.3 203.1 204 200.6 199.4 198.3 198.4 199 198.2 196.2 194.4 194.9 193.6 194.4 193.3 195.1 192.5 191.5 190 189.2 191 190.4 188.8 186.4 188.4 187.3 185.6 184.7 183.8 181.6 181 180.6 180 180.6 180.3 179.5 181.4 182.1 183.2 184.4 183.4 184.4 188.5 189.5 191.5 194.3 197.6 197.5 197.5 198.7 200.5 200.6 204 204.9 202.2 193.7 184 182 175.9 174.6 175.8 176.2 175 173.8 172.3 172.7 169.3 171.9
193.8 196.9 194.4 192.5 191 192.1 193.5 194 194.2 194.5 194.9 196.3 196.9 195 194.4 192.6 192.9 192.7 192.4 192.2 191.8 191 192.4 191.1 192.3 192 189.3 190.5 188.7 186.8 187.4 187.4 186.8 185.3 183.6 185.5 184.7 184.3 182.1 181.3 182.2 180.5 179.9 179.4 179.3 178.7 178.2 177.6 179.2 180.4 180.6 181.2 182.5 186.2 188 189.7 193.2 193.5 191.8 199.9 195.3 196.4 197.5 196.5 192.1 183.8 177.1 175.3 171.1 171.2 171.5 171.5 171.6 170.1 169.4 169.3 167.1 166.4
193.1 191.7 190.3 190.5 189.8 189.2 190 189.8 190.7 190.3 189.6 190.4 191.2 189.9 189 187.6 187.9 188.9 188.4 188.9 188.7 187.9 187.6 187.8 186.5 187.1 184.7 184.5 184.5 184.5 184.5 184.5 184.5 183.5 185 183 181 180.6 181.8 182.2 181.7 181.5 180.6 180.4 179.4 177.9 177.6 176.2 175.4 175.5 177.5 180.2 180.2 182.5 185.8 186.2 187.4 187.4 190.7 190.5 190.5 190 187.8 189.9 182.1 177.2 171.7 171 170 170.1 169.4 169.8 169.2 168.4 167.7 166.3 165.5 165.5
191.1 189.7 188.7 188.3 189.2 188.3 188.6 187.9 188.1 188.7 188.9 188.3 188 187.8 186.9 187 187.6 187.8 187.3 187.9 187 187.7 186.3 186.7 185 186.5 187 186.8 191.5 189.7 189.7 189.3 188.2 185.5 188.3 187.4 187 186.4 185.3 182 180.7 179.4 178.3 178.1 177.4 177.3 177.3 177.1 177.7 175.8 174.6 177.7 178 181.8 185.6 183.6 183.5 183.6 184.7 184.7 186.8 183.9 181.9 180.2 176.7 172.8 172.9 171.4 170.6 169.6 169.1 168.8 167.6 166.8 166 165.5 165.5 165.5
190.8 190.2 189.9 189.3 187.5 187.3 187.2 186.9 186.8 187.8 187.8 187.7 187.2 186.7 186.4 186.4 186.3 185.4 185.4 186.8 186.3 186.8 185.9 186.3 185.2 187.9 191.6 189.3 190.4 191.5 191.6 190.8 188.9 186.4 188.9 188.5 187.9 186.6 185.9 184.1 181.5 183.6 185.3 185.6 187.4 186 181.7 180.1 179.7 179.6 175.1 174 175.2 179.3 183.1 183.1 181.1 181.6 179.3 184.1 181.8 179.3 177 175.3 173.4 173.6 172.7 171.4 169.7 169.1 168.5 167.4 166.5 165.9 166.1 165.5 165.5 165.5
190.6 190.6 190.1 188.9 188.9 187.5 187.6 186.6 186.6 184.6 186.7 186.4 185.7 184.5 184.5 185.3 185.5 186.2 186.2 184.5 184.5 184.5 184.6 186.3 190 189.9 191.3 189.3 189.8 191.3 190.2 189.4 188.8 187.4 189.4 190.9 187.8 185.6 186.1 184.3 183.7 184.2 185.2 189.7 188.2 187.4 184.8 182.1 178.9 180.2 174.7 172.7 173.3 177.7 179.4 178.5 179.4 178.5 176.6 178.4 178.2 176.9 174.5 173 172.1 171.9 170.7 169.3 168.1 168.7 167.5 166.1 166.4 166.2 165.6 165.5 165.5 165.5
190.2 190.5 189.4 189 188.3 188.2 187.7 186.9 186.8 186.7 186.5 185.6 185.8 186 186.4 186.5 186.5 186.5 187 186.8 189.2 189.6 189.6 189.4 188.5 193.9 191.9 190.2 192.1 192.2 190.8 190.7 188.6 187.8 189.7 190.2 189.7 188.8 188.6 185.2 188.1 187.2 188 189.1 189.1 186.7 187.3 183.1 179.7 178.6 176 172.7 173.2 175.2 175.5 175 176.3 176.4 176.2 174 174.7 175.7 171.4 171.7 169.7 168.9 168.3 167.6 167.2 167.7 167.4 167 166.6 166.8 165.5 165.5 165.5 165.5
190.2 189.7 188.7 188.8 187.9 187.6 187.3 187.1 185.8 186.5 188.2 187.7 189.2 187.7 187.1 186.7 186.7 187.8 187.4 188.9 191.2 193.6 189.6 191 193.7 193.1 195.5 192.4 195 194.8 192.5 191.6 190.8 190.2 190.4 191.8 191.2 189.8 189.3 189.3 188.4 189.2 189.5 190.2 189.8 187.7 183.8 182.3 183.1 178.2 175.2 172.9 171.7 173.6 173.6 173.8 173.1 173.2 172.1 169.9 168.8 168.7 168.7 167.6 167.2 167.1 167.5 167.8 167.1 167.4 167.4 167 166.9 166 164.9 165.5 165.5 165.5
191.3 189.3 188.3 187.6 187.5 187.5 187.7 186.9 186.8 187.6 185.5 187.4 189.3 189 188.5 188.1 189.6 190.7 189.8 191.3 191.8 193.5 195.9 193.1 196.8 197.4 197.7 195.3 195.8 195.9 193.6 194.3 195.2 194 193.9 195.9 195.5 193 193.6 192.2 193.1 190.7 191.4 190.9 192 189.8 187.3 184.7 182.6 180.6 178.7 173.8 172.3 171.4 171.8 170.8 170.3 170.1 170.5 169.8 170.6 170.3 171.1 172.4 171.8 170 167.1 166.2 166.8 166.5 166.5 166.2 165.8 167.1 166.2 164.6 164.6 164.8
190 189.7 187.3 187.9 186.6 186.6 186.7 187 186.6 185.7 185.5 188.9 189.2 189 190.9 191.6 191 192.7 193 193.5 194.2 194 197.8 197.5 197.6 199.3 200.6 199.3 197.7 201.8 200.7 198.3 198.2 197 198.7 196.4 198.8 197.6 196.5 198 196.8 195 194.2 192.6 192.2 190.7 188.7 187.2 185.7 181.2 179.5 178.4 177.2 176.1 175.5 176.9 177.3 176.5 173.5 173.8 174 175.5 175.4 174.5 173.4 170.6 170.6 168 166.3 167.2 166.8 166.7 166.5 165.6 166 165.4 165.1 165.9
188.4 188 187.1 188 188 187.6 186.8 186.3 186.7 186 188.8 191.5 192 192.2 192.6 193.2 193.5 195.5 196.7 197 199.9 199 200.1 200.5 200.3 203.5 203.1 204.2 204.8 204.6 205.6 205.3 206.6 205.4 204.6 202.3 203.8 202.9 200.7 200.4 200 197.2 196 195 191.6 188.1 184.9 183.8 184.6 183.3 183.5 182.7 181.8 181.5 182.8 183.6 179.2 176 174.4 176.5 177.3 179.2 177.3 176.2 173.6 171 168.6 167.5 166.6 167 166.1 166.6 166.2 165.8 165.3 165.8 165.8 164.6
189.2 188.2 188.3 188.2 187.7 187.3 187 186.2 186.8 189.6 193.4 194.3 195.2 194.6 194.9 196.4 198 200 199.7 201.8 202.8 203.9 205.3 206.4 206.1 207.9 208.8 209.3 211.1 211.6 212.1 211.8 211.9 212.2 212.4 211.5 209.3 212.4 210.2 210.3 204.8 202.6 198.1 194.4 185.8 184.5 185 186.2 187.6 187.9 188 189.8 188.6 189.8 187.3 186.7 181.4 176.6 178.2 184 181.8 183 181.4 177.5 173.6 169.6 168.2 167.5 166.7 166.7 166.3 166.5 165.7 165.1 164.6 165.7 165 165.1
189.4 188.6 188.4 188 187.4 187 187.6 189.7 191.9 192.4 194.7 195.8 197.8 197.4 199.8 201.3 202.7 203.9 205.3 208 208.8 208.6 209.9 208.8 212.2 214.4 215.8 216.7 217.8 219 219.3 219.6 218 221.1 223.4 224.8 227 232 228.8 219.6 214.2 208.5 198.2 193.1 192 192.4 192.1 193 193.7 193.2 194 194.7 194.6 194.4 191.7 190.5 182.8 177.6 182.3 185.3 184.8 183.5 179.5 177.3 172.3 167.7 167.4 167.1 166.9 166.8 166.2 166.6 166.8 166.8 166.2 166.6 166.6 166
189.3 189.3 189.7 188.2 188.2 188.2 190.5 191.5 193 194.9 195.8 198.2 200 202.3 205 206.6 207.9 209 210.7 212.3 214.2 213.6 215 216.7 220.3 222.7 223 224.8 227.2 231.4 233.9 237.1 232.3 229.2 238.8 243.9 256 249.5 236.1 227.8 217.2 212.1 201.5 198.1 196 198.8 198.2 198.8 199.4 199.6 199.8 199.6 198 196.7 194.9 187 180.7 184 186.9 186.5 185.6 180.2 176.6 170.2 167.7 167.4 167.4 167.2 167.1 167 167.2 167.3 167.3 167.2 167.1 167 166.8 166.3
189.3 190.5 190.1 190.3 190.7 191.8 193.9 194.1 195.3 197.2 199.6 202 204.5 207.3 210.1 211.8 212.8 214.2 215.3 216.8 218.5 221.8 223.9 225 229.3 231.7 234 234.7 236.8 241.3 248.7 256.9 248.1 246.2 251.6 269.5 271.1 260.2 244.6 234.3 226 216.3 206.8 200.6 201.2 204.1 205 205.1 205.3 205.8 205.9 203.3 200.7 196.9 188 181.5 185.4 188.2 183.8 186.1 182.1 178.1 178.9 170.5 168 167.7 167.5 166.9 167.3 167.4 167.7 167.8 168.5 169.6 168 167.4 166.8 166.1
189.8 192.4 193.3 194.1 193.8 193.9 195.2 198.1 200.3 202.4 204.5 206.8 209.5 212.4 215.2 217.1 217.8 218.5 218.8 220.5 224.3 227.7 231.4 234.9 238 240.4 244.7 246.7 246.9 258.1 261.7 269 263.1 259.1 275.7 282.4 270.5 269.1 252.5 240.3 227.3 219.7 212.9 202.9 210.7 210.6 211.8 212.1 211.2 213.3 211 206.7 202.8 193.2 187.9 183.1 184.6 188.5 188.2 185.6 188.6 177.6 172.9 170.1 168.3 167.8 167.8 167.2 167.9 167.9 168.1 168.5 168.6 168.5 168.4 167.6 167 166.5
193.5 194.9 195.2 195.7 196.6 197.4 201.3 203.8 205.9 208 209.8 212 215.4 218.6 220.7 221.7 223.5 224.6 225.1 226.2 229.1 232.7 237.2 242.9 246.4 248.6 254.1 258.4 260.2 263.5 273.6 275.3 275.9 272.3 273.7 269.6 269.5 263.5 250.5 238.6 224.3 217.8 213.3 216.4 217 218 219.5 222.5 230.2 226.9 215.5 207.5 203.9 206.5 210.3 203.8 203.3 204.5 191.7 188.8 182.1 173 170.8 171.6 167.2 168.2 167.7 166.9 168.4 168.2 168.7 169.3 169.6 168.9 168.5 168.4 167.5 166.6
194.7 195.8 196.7 199.1 201.7 203.6 206.8 209.6 211.6 213.6 215.1 218.2 222.6 225.2 227.3 229.4 230.3 230.5 231.2 232.3 235 239.1 243.4 248.7 256.3 258.1 261.7 266.1 267.5 270.7 276.2 281.4 278 272 269.3 262.6 256 251.2 246.3 233.5 225.7 220.3 220.6 224.7 224.1 226.8 229.7 238.2 238.4 220.4 214.8 213.9 213.2 216.7 225.1 223.4 218.2 197.9 186.8 178.5 174.8 172.8 169.3 168.9 168.9 172.4 168.5 169 169.7 170.4 169.7 170.2 169.8 169.4 169.1 168.6 166.9 168.7
197.2 197.6 199.8 203.6 206.3 208.9 213 213.8 216.8 218.9 220.8 223.9 228.6 232.4 233.7 235.9 236.2 237.1 237.6 239.4 242.1 245.8 249.6 253.9 259.3 262.4 265.6 270 271 272.8 276.9 273.7 270.4 266.9 265 258.9 255.9 248 239.4 232.9 229.5 225.6 227.9 231 235.1 236.6 240.8 237.2 226.7 222.9 218.8 220.6 222.8 219.8 219 216.3 203.9 187.8 178.3 174.9 171 171.6 170 169.1 168.5 168.9 169.6 169.9 171.2 171.5 170.2 170.2 169.9 169.8 170.3 171.1 171.6 171.1
199.7 201.4 204.2 208 210.5 215.6 219.6 222.7 225.6 227.6 230.1 233.1 236.5 239.6 241 242 243.1 243.8 245.4 244.8 248.9 250.9 254.4 258.9 260.5 263.7 267.4 268.4 272.3 273.9 271.3 269.5 265.8 261.9 257.9 254.5 250.8 248.1 239.8 236.1 232.5 231.2 233 239.7 241.8 241.3 235.1 230.5 228.8 223.3 222 228.9 226.1 218.5 213.4 205.6 195.7 185.8 178.4 173.5 173.1 171.6 169.8 169.4 169.3 168.2 170.3 170.9 171.7 171.7 171.1 169.6 172.1 173 172 174.6 175.2 175.5
204.3 207.2 208.7 213.4 217.5 223.4 227.2 230.9 234.4 236.9 239.5 242.5 245.3 246.9 248 248.5 249.9 251.2 251.2 251.4 253.1 256.3 256.8 259.1 263.5 264.3 266 266.4 265.7 266 263.3 261.3 259.7 256 254 252.6 248.9 247.4 243.6 238.9 237.7 240.5 242 244.7 238.2 231 228.5 227.7 227.4 223.9 225.8 224.4 222.1 211.8 205.8 197.5 190.4 186.8 179.7 174.5 172.4 170.6 169.9 169.6 169.3 172.6 171.3 172 173.1 173.5 172.7 172.8 174 174 174.7 175.5 177.4 178.7
209.4 211.8 215.9 220.6 225.3 230.9 235.4 239.4 242.8 245.7 249 251 252.3 253.3 254.1 255.5 256.8 257.7 256.9 257.4 258.7 261.7 260.7 261 264.2 267.6 268.6 267.1 262.2 259.8 259.4 256.1 252.7 250.7 248.6 248.6 247.6 249.1 246.8 244.7 245.5 251.7 245.3 239.1 230.3 228.7 223.4 224.8 222.8 220.6 222.6 216.6 213 208.8 198.1 194.6 191.8 189.1 177.1 173.5 171.7 170.4 170 169.7 169.5 174.4 173.6 174.7 174.3 174.1 172.9 174.2 175.7 175.6 177.4 179.6 180.4 182.7
218.3 221.8 226.2 231 235.3 240.2 245.7 249.5 252.4 255.7 257.5 258.3 259.5 261.1 260.7 261.7 262.8 264.7 262.3 263.9 266 265.5 263.5 262.7 268.9 275.2 272.1 269.3 264.7 259.8 257.3 254.8 251.6 251.5 252.1 249.9 250.5 250.4 248.2 249.6 249.7 244.3 236.3 231.6 227.4 224.2 224.1 224.9 220 216.2 214.4 210.5 207.8 197.3 193.1 193.8 192.6 183.6 175.1 173.9 171.6 171.5 170.1 170 169.5 171.6 174.7 175.1 174.5 176 175.7 174.8 176.5 177.7 179.8 181.8 184.9 189.1
228.7 234.2 237.7 242.4 246.9 251.7 257 260.8 262.9 265.9 266.9 267.1 267.2 266.3 266.3 265.6 265.5 266.2 267.3 266.8 268.2 267.7 265.3 263.5 268.9 274.1 275.4 269.4 265.6 259 257.1 255.4 254.6 253.6 253.5 252.7 252.2 250.9 247.9 244.9 240.8 235.5 228.7 225.4 222.6 219.3 219.3 214.3 212.2 210.9 208.3 206.4 201.6 193 188.6 192.6 185 177.5 172.2 171.8 171.2 170.3 170.4 169.7 173.4 172.2 174.9 177.2 176 177 178.1 175.3 178.3 180.6 183.2 185.7 189.3 194.3
239.9 245.6 250.3 254.8 258.9 264.3 268.1 271.8 273.9 275.7 275.3 275.2 274.2 272.7 270.2 268 266.1 265.3 265.8 269 270.2 270.7 269.9 268.3 272.9 274.9 274.2 270.7 266.4 262.2 259.2 257.3 256.5 255.6 254.5 251.5 247.7 242.4 240.2 236.3 231.4 227.9 226.7 221.2 218.6 218.1 212.3 210.1 208.8 205.4 204.1 198.3 194.2 190.4 186.8 184.2 178.9 174.4 171.8 170.4 170.4 170.3 169.6 171.8 173.7 174.4 177.4 178.7 179 179.1 179.7 177.7 181.5 186.1 186.6 191.5 196.8 199.9
254.2 260.4 261.5 266.5 271 278.9 283.9 286 286.2 284.9 284.7 284.7 281.9 279.3 276.4 270.5 267.7 266 264.8 267.9 271.2 272.2 271.3 272.5 276.2 281.9 276.7 272.6 268.2 266.9 262.2 258 258.3 256 249.1 241.6 238 233.4 229.3 225.2 225.4 224.3 224.1 217.9 210.8 209.7 207.5 203.5 202.3 202 199.3 196.9 195.7 192.2 184.8 180 174.8 173 172.7 170.8 170.4 171 173 175.7 175.3 177.3 177.1 180.4 183.2 182.6 180.3 182.3 182.2 189.3 191.6 197.7 202.7 208.2
