WholeMapElevations/data/sn/sn84_OST50GRID_20230518/SN84.asc
ncols 200
nrows 200
xllcorner 280000
yllcorner 240000
cellsize 50
[rows 0 to 34 of 200, columns 78 to 155 of 200]
473.8 479.6 484.6 487.8 489.3 491.1 491.3 491.9 492.4 492 491 489.2 486.8 484.1 481.3 477.8 474 467.6 455 437.7 414 384.8 353.4 322.3 290.4 273.7 271.3 270.9 268.4 267.3 273.6 283.9 291.6 298.6 299.9 292.6 285.2 276.4 255.7 242.8 231 232.4 245.2 261.8 282.6 299.4 314.7 328.5 347.5 366.3 382.6 396.7 407.5 418.2 428.4 434.4 436.1 434.1 428.9 423.3 417.3 412 407.3 401.3 395.5 388.7 382.1 369.9 348.7 328.6 311.4 299.2 301.6 308.9 313.6 323.6 340.8 362.2
476.1 482 486.1 488.7 489.9 491.3 492.1 492.8 493.5 493.1 492.1 491.2 489.4 487.1 484.3 481 477.4 470.6 457.7 438.1 410.6 377.8 344.7 312.6 284.3 268 262 262.2 260.3 259.7 262.6 270.3 278.3 285.3 285.7 281.2 279.2 267.6 249.6 236.3 232 229 239.8 254.8 273.3 288.3 305.5 327.9 351.7 370.4 387.5 399.1 412.5 423.5 433.6 437.8 435.5 430.8 425.9 419.7 413.8 407.7 402.3 396.7 390.5 384.6 377.9 364.6 343.4 323.8 306.8 297.6 301.8 306.8 313.4 327.4 345.9 367.3
479.2 485.1 488.4 490.1 491.1 491.9 492.9 493.7 494 493.9 493 492.1 491.1 488.9 486.3 483.2 479.7 473.4 461.2 439.2 408.9 375.9 341.1 307.7 282.1 267.6 260.4 255.1 252.5 253 255.7 260.6 265.3 270.7 270.4 271.2 261.8 246.9 234.5 233.7 231.9 228 237.3 252 269.9 289.9 313.8 338.5 359.7 377.1 391.3 404.1 415.7 429.5 436.8 439.5 434.6 428.6 422.7 415.9 408.2 401.6 395.8 390.3 385 379.3 373.6 358.8 338.3 319.8 303.1 297.4 304 309.2 318.1 334.7 354.6 374.1
482.4 486.4 488.5 489.8 490.6 491.6 492.5 492.9 493 493.2 493.1 492.8 491.9 490.5 488 485.4 481.9 476.8 465.4 440.4 408.5 375.3 342 309.4 284.3 269.4 258.3 257.2 259 248.6 247.5 249.6 252.3 256 260.7 259 248.8 235.3 233.5 233.4 230.5 230.8 243 258 277.9 300.7 324.4 349.9 369.8 384.6 399.4 411.3 421 433.8 439.2 439.3 432.4 424.9 416.6 408.9 400.1 392.8 387.1 381.9 378.6 376 368.2 352.4 333 315.3 299.2 298.3 304.8 311.5 324.6 345 365.2 382.2
483.2 485.7 487 488.3 489.7 490.8 491.2 491.1 491.1 491.3 491.8 492.2 492.3 491.3 489.3 487.1 483.6 479.2 467.6 439.9 406.2 372.6 339.9 308.6 285.2 269.9 268.5 271.2 268.2 253.5 243.7 242.9 243.7 247.2 249.8 245.7 237.5 232.3 230.4 224.9 226.4 234.7 246.4 267.9 291.1 315.2 339.2 361.8 379.4 395.9 411.2 422.1 432.5 439 440.6 437.1 428.2 417 408.9 401.2 392.7 385.4 378 372.5 371.7 372 360.5 342.9 324.9 310.5 296.3 298.6 305.9 315.7 334.1 354.8 374.5 387.2
481.6 483.2 484.7 486.2 487.3 488.4 488.5 489.1 489.2 489.8 490.7 491.1 491.8 491.6 490.6 488.8 484.8 479.5 469.9 440.4 402.9 368.5 335 304 283 277.8 277.2 277.7 263.7 247.7 240.2 239.2 238.9 240 240.8 236.6 231 223.6 225.2 226.1 231.5 241.9 260.2 284.5 310.2 334.5 356.7 376.7 393.5 410.9 425.3 438 442.8 444.4 440.3 434.1 419 409.1 401.8 395.8 389.6 383.6 376.7 369.6 363.9 360.4 349.5 332.8 317 305.6 294.9 299.3 308.2 323.3 345.9 365.7 379.4 390.6
479.1 480.4 481.6 482.9 484.1 484.9 485.3 486.2 487.7 488.7 489.6 490.6 491.9 493.4 493.4 490.7 484.5 477.9 468.3 437.1 399 365.8 332.5 299.7 293 284.2 273.8 263.7 251.4 246.3 243.6 239.4 236 235.3 235.5 233.2 229.6 223.3 224.5 228.3 239.1 255 276.8 302.3 330.4 353.1 374.7 392.6 411.3 426.7 440.8 445.4 447 443.1 431.9 417.6 407.6 400.6 396.4 393 390.5 387.3 384.1 378.2 367.9 353.3 339 322.2 310.2 301.5 294.7 300.3 314.1 334.5 356.2 371.1 383.6 394.4
475.2 475.7 477.1 478.5 479.4 480.8 482.3 485.2 487 488.3 489.8 491.7 493.4 495.1 494.8 490 482.3 475.8 467.4 434.1 397.9 367 336.7 313.8 298.7 286.3 272.8 258 259.8 252.2 246.7 242.3 237.3 233.4 230.6 230.5 228.4 224.8 224.3 235.3 250.8 273 297.5 326.9 353.9 371.9 393.2 411 427.8 440.3 444.6 441 436.3 423.7 410.4 402.3 396.4 392.9 390.3 389.9 390.9 391.6 392.6 389.4 380.4 360.6 339.3 314.4 304.7 298.9 294.4 303 320.8 343.8 360.7 373.9 386.9 396.7
471.2 471.5 472.5 472.6 473.4 476.6 481.3 484.7 486.9 488.9 490.8 492.9 494.2 493.5 491.1 485.7 479.1 473.8 465.2 438.3 401.5 371.2 343.7 321.7 303.8 288.9 272.4 270.9 270.2 259.9 253.6 245.7 238.3 232.2 228.3 227.8 227 224.5 222.6 240.9 264 289.2 318.2 347.2 371.4 390.4 409.6 426.4 438.2 441 434.7 424.3 411.5 400.1 392.9 388.2 384.1 383.2 384.6 387.2 390 394.2 398.3 395.7 384 364.2 337.9 313 303.6 297.3 293.5 307.7 327.5 347.9 362.4 372.8 386.3 394.4
466.1 466.4 465.7 465.7 469.9 476.7 481.6 484.6 487 489.3 491.4 492.1 491.6 489.2 485.8 481.3 477.1 472.3 465.6 447.3 409.1 378.7 353.7 328.7 305.1 288.3 280.8 281 281.6 276.2 264.2 249.3 238 229.2 226.7 226 225.3 224.4 229.6 250.5 274.5 301.2 333.2 362.2 388.9 410.6 428.3 437.9 440.2 430.2 413.1 398.1 385.6 378.9 375.6 372.9 371.2 374.8 378.4 383.4 388.6 395 399.8 394.7 379.7 356.7 332.6 311.6 302.3 296 292.3 313.6 333.4 350.5 361.2 369.4 376.4 385.2
460.4 459.5 457.6 461.1 469.9 477.2 481.1 484.3 487.1 489.5 490.6 490.2 488.8 486.7 484.3 480.4 476.1 471 465.3 454.4 422.4 391.2 364.7 338.9 310.7 298.1 295 298.4 299.5 291.3 273.2 253.3 239.9 232 225.7 225 224.3 223.8 233.9 258.9 283.8 311.1 343 376.5 407.7 426 436.1 437.7 431.8 414.3 388.9 373.5 363.6 360.3 358.5 356.6 356.4 361.2 369.8 379.3 387.7 394.9 399.1 390.7 372.7 350.5 329 310.3 300.7 294.2 300 318.7 337 349.2 353.4 354.9 360.7 369.8
454.9 451.5 448.8 455.8 467.3 476 480.5 483.7 486.8 488.1 488.4 488.2 487.4 486.7 483.7 479.1 474.5 469.6 463.5 455.6 437.5 406.1 376.3 347 320.5 318.1 318 320 317.9 304 282.7 260.7 245.3 232.1 225.2 224 223.7 222 241.6 267.3 293.2 324 358.6 393.2 422.2 432.4 434.3 432.5 425.4 396.3 373 354.8 345.1 343.5 343.2 343.5 343.4 348.6 361.5 375 386.2 394.5 396.8 385.5 366.6 346.3 328.7 311.5 300.1 292.5 299.8 312.5 328 336.9 339.2 341 346.6 356.4
445.5 442 438.5 447.1 460 471.2 477.9 481.4 483.7 485.7 486.3 486.3 486.5 485 481.2 476.7 472.6 467.9 461.9 454.5 443.3 420.5 389.7 351.9 344.2 341.7 340.4 340.8 334.3 315.4 293.3 272.7 252.8 233.9 224.3 223.5 222.7 228.4 249.2 276 303.5 334.8 373.4 409.6 425.6 430.1 431.1 429.3 409.7 384.1 361.7 340.6 331.1 330 330.9 331.1 332.4 341.6 357 372.3 385.3 393.3 393.5 379.7 361.6 343.9 327.6 310.8 298.3 291.7 293.8 302 314.1 321.9 326.5 330.5 335.7 341.6
439.3 431.9 428.3 436.3 448.9 462.5 471.9 477.5 480.7 482.8 483.8 484.5 483.9 480.9 477.8 474 470.9 466.1 460.2 453.1 445.1 433.1 411 375.7 370.3 366.1 362.3 360 348 327.2 305.4 286.1 260 236.3 225 222.7 220.7 234.3 255.9 282.3 315.6 350.3 385.2 414.4 424.1 427.7 426.6 412.3 391.3 371 351.2 334.3 322.7 320.9 321.3 322.7 329.1 338.8 353.8 369.9 383.7 391.1 388.4 373.1 355.9 340.3 326.9 315.8 305.7 295.3 289.8 294.6 301.6 311.8 320.4 323.2 329.2 332.5
423.8 422.3 418.4 424.1 436.6 451.2 464.4 473.4 477.5 479.9 480.9 481.3 479.8 476.7 473.9 470.6 467.8 463.9 458.3 451.8 445.7 438.5 425.8 407.6 399.3 394 386.4 376.5 359.9 339.3 319.1 298.1 265.6 240.2 226.2 222.3 220.5 234.8 259.8 289.5 325.6 362.2 395.6 414 420.5 420.5 406.4 393 377 360.5 343.4 328.4 315.7 314.3 314.4 319.9 327.7 337.4 352.7 368.8 381.1 385.6 379.7 366 352 341.3 336.1 328.8 319.4 308.2 296.6 289.5 288.1 290.5 294.1 294.1 296.8 305.7
429.2 426.6 419.3 403 421.2 437.3 454.3 467.2 473.4 475.6 477.6 478 475.7 472.7 469.9 467.1 464.6 461.2 456.3 450.6 445.2 440.4 436.2 430.8 425.1 418.3 407.2 392.1 372 351.2 332.2 306.1 271.5 245 228.8 225.6 221.5 235.1 261.3 294.8 337.8 373.4 397.1 408.6 407.1 397.3 387.6 377.7 366.5 352.4 335.5 319.9 309 308.4 311.7 317.7 326.5 335.9 352.4 369.4 379.8 380.3 373.7 363.7 356.2 351.1 352.3 346.8 337.3 324.4 312.4 302.9 295.9 292.5 289.3 282.3 278.8 285.9
444.4 443 428.9 410.5 405.3 421 440.5 458.3 466.7 469.4 471.5 471.8 469.7 467.8 466.3 464.8 462.7 459.1 454.7 449.9 445.2 442.2 439.9 437.7 434.5 430.6 420.5 404.5 382.9 361.5 343.9 310.8 277 249.5 230.6 225.1 221.9 231.2 255.8 287.9 322.5 343.6 356.6 366.1 376.3 378.5 372.8 366.1 357.9 344 326.8 312.5 303.3 303.5 308.4 314.7 324.5 336.8 353.8 370.4 377.5 376.3 372.3 367.9 364.9 363.6 367 365.2 358.9 347.1 332.7 320.8 312.1 302.7 296.3 290.7 285.5 278.7
461.6 451.1 433.1 413 392.3 406.2 426 444.7 456.6 460.7 462.7 463.1 463.2 463 462.9 461.7 460.5 457.5 453.9 449.8 445.2 443 441.4 439 435.9 432.4 425.5 411.1 391 372.1 351.5 315.8 281.8 253.5 232.7 224.5 221.6 224.7 241.6 261.7 281.6 299.6 314.5 334.3 356.3 362.2 360.4 357 350.2 336.5 319 305.8 299 300.4 305.2 311.4 322.6 341.2 357.3 367.4 373.8 374.3 374.1 374.4 374.1 375.1 379.3 381.3 379.3 370.8 359.5 344.9 333.7 325.6 318 311 300.4 288.9
466 453.3 436.1 412 385.8 392.4 410 426.8 439.8 448.5 453 455.7 457.4 458.5 458.6 458.1 457.6 456 452.5 448.4 444.5 442.5 441 438.6 435.6 431.8 425.7 412.5 395.8 380.5 359.3 324.2 288.8 258 236.4 223.5 220.9 221.9 228.9 243.6 258 272.7 287.8 306.8 331.1 345.6 349.2 348.5 341.5 328.4 313.7 300.9 293.9 296.1 301.6 310.4 329.9 347.8 360 364.9 370 373.3 378 382.5 382.9 385.4 389.5 395.5 398.4 392.6 387.3 379 364.3 349.7 339.4 328.4 318.7 309.8
465.6 453.8 433.4 402.5 379.6 377.4 391.8 406 419.6 431.5 441.4 448.2 452.5 453.9 454.3 454.2 454.4 453.6 450.6 446.1 442.4 441 439.8 437.9 434.4 430.6 425.1 413.3 403.2 395.5 368 332.5 295.4 262.6 237.9 226.2 220.5 221.3 223.6 229.6 238.4 253.6 269.1 286.2 307.7 329.1 336.5 337.5 330.7 321.2 308.4 295 289.4 291.9 299.7 317.2 337.5 353.8 359.4 363.1 368.5 374.5 381.9 385.1 388.6 391.8 397.9 406.1 411.7 410.8 406.8 401.2 392.6 379.7 368.1 354.8 341.9 329.5
466.2 459.9 434.3 409 378.3 356.7 372.9 387.3 401.5 414.4 425.9 436.8 445.3 448.6 450.2 450.7 451.4 451.2 448.1 442 437.1 436.3 437.2 435.9 433.2 429.5 424.6 417 417.1 405.5 374.9 338.6 302.2 270.1 241.6 226 219.8 220.7 222.3 224.8 230.3 239.7 254.3 271.5 293.5 314.4 325.1 326.5 320.4 313.4 301.3 290.2 284.8 288.5 304.7 323.3 343.6 357.5 355.2 360.2 366.9 376.3 384 388 391.7 398.9 406.3 414.2 419.9 424.2 419.1 413.2 411.2 403.7 391.5 383 372 356.4
465.2 454.8 441.7 415.4 383.6 360.6 356.9 371.6 384.8 396.4 406.1 416.2 429.7 439.2 443.8 444.4 444.6 442.9 440.5 434.9 426.6 427.6 432.5 433.7 432.7 429.5 425.8 422.2 419.1 409.7 386.3 348.4 311.6 277.6 248.9 231.3 217.5 220.6 221.6 223.6 226.8 232.6 243.7 257.4 274.5 297.1 311.5 312.7 310 304.1 292.8 282 278.9 293.3 312.1 329.2 347.1 353.5 348.4 355.8 365.9 375.2 382.8 389.5 397.8 403.2 414 418.8 425.2 431.1 430.1 421.4 415.1 411.7 405.2 397.4 386.9 374.5
459.7 449.7 443.5 426.4 391.5 360.9 345.3 356.6 366.5 375.5 383.2 393.8 411.4 428.2 432.3 430 426.2 425.2 426.9 425.9 412.9 415.1 424.8 430.9 431.7 429.7 426.2 422.1 418.6 414.2 399.1 362.2 326.2 287.6 255.2 232.4 221.6 219.1 219.6 221.7 224.5 227.2 235.5 244.5 257.4 275.5 291.6 296.7 298.6 291.6 280.9 271.3 282.7 299.2 318.9 335.3 342.1 340.5 340.2 350.7 362 373.1 381.8 389.4 397.8 408.1 420.1 425 431.3 433.9 433.1 426.5 417.7 411.2 409.4 398.1 384.6 371.8
457.4 449.6 443.3 425.1 390.8 362.3 350.7 340.8 347.4 353.7 361.2 376.2 396.6 411.9 410.5 402.2 397.4 394.2 394.1 394.5 392.9 399.7 412.2 422.9 429.3 429.5 426.5 422.3 418.6 415.6 406.8 376.8 340.7 298 263 241.4 226.2 220.1 217.8 219.6 222.7 225.2 229.7 236.4 246.9 258.7 273.6 283.4 283.2 278.4 271.4 265.3 285.7 305.2 323.6 336.8 331.7 328.2 333 346.1 361.8 371.5 380.2 389.4 398.9 416.2 421.7 430.8 435.7 436.5 429.4 424.9 419.4 408.1 399.7 391.8 382.5 367
455.6 452.6 441 425.7 407.7 385.2 372.1 353.7 339.3 330.6 344.1 362.7 384.5 401.6 386.4 376.7 368.6 362 360.7 365.1 370.9 382.4 395.2 408.1 420.6 427.2 427.4 424 419.6 416.6 411.3 393.3 356.1 310.4 275.7 254.4 235.6 223.9 218.7 218.2 220.4 222.4 225.2 230 237.1 246.6 258.2 268.8 268.4 267.2 260.1 266 286.4 309.8 326 328 320.7 319.7 326.8 342.4 356.8 367.9 377.7 389.6 404.8 419.3 427.1 433.5 436.9 433.7 427.1 420.6 414.3 405 393.3 379.6 369.9 361.1
459.3 455.6 448.4 442.3 428.8 410.7 394.1 377.7 355.3 335 329.9 349.6 370.4 375 363 350.5 341.5 337.1 337.2 340.8 348.8 360.8 373.7 388.5 405.3 418.6 424.9 424 420.6 417.2 413.6 404.9 371.8 326.1 290.5 267.4 248 232.4 222.5 219 217.2 219.5 222.5 225.8 227.6 234.2 241.9 250.4 254.3 255 249.2 265.8 285.7 310.7 319.8 314.7 310 312.4 320.7 340.4 354.3 366.6 378.5 391 406.3 421.7 430.7 436.5 436.5 433.8 425.2 415.7 406.7 399.5 389.2 375.2 362.3 353.8
461.1 455.9 452.2 446.7 437.3 426 408.2 400 370.4 343.1 325.8 337.3 352.3 347.8 337.8 327.9 320.1 315.3 314.6 318.5 327 338.5 352.6 369.5 387.3 404.8 418.8 423 420.7 417.9 414.8 410.1 386.2 345.6 310.3 283.6 264.6 245.1 230.7 223 218.7 215.9 218.6 220.2 221.5 223.8 230.4 236.7 241.7 242.4 247.4 265 284.3 308.2 311.6 304.5 297.3 303.4 318.7 340.9 352.5 367.4 380.3 397.1 414 426.9 435.7 443.9 438.9 432.3 418.9 407.8 402 393.8 384 371.9 361.1 349.5
459.5 454.9 452.5 447 440.4 431.4 423.5 414.3 387.2 354 329.5 322.1 329.4 328.1 321.4 310.3 299.6 293.9 293.8 298.6 305.9 316.8 332.7 350.6 368.6 387.4 407 417.5 419.7 417.9 415.1 411.1 396 364.6 333 302.1 282.2 262.1 240.7 229.2 220.2 218.1 217.9 217.5 217.9 220.2 222.4 226 228.3 229.6 242.9 262.2 281.9 304 302.3 290.4 286.2 295.6 316.4 334.8 354.1 368.5 384.1 403.3 425.4 431.8 443.8 444.1 436.7 428.2 415.5 400.8 386.5 376.2 372.7 367.7 356.4 340
455.9 453.2 449.5 445.8 440 433.1 426.4 417.1 396.5 364.1 337.2 314.4 314.5 318.9 307.9 294.7 286.8 287.5 284.7 279.3 288.8 297.9 312.6 330 347.6 363.5 384.4 397.4 406.4 407.3 407.3 403.1 392.8 375 349.2 321.4 302.8 278.1 255.1 237.5 225.3 219.1 217.9 217.4 216.7 218.5 220.2 220.7 220.6 225.3 237.2 258.4 276.8 288.7 285.5 272.7 275.3 296.1 315.4 336 354.1 369.7 389.7 409.3 425.2 436.1 443.5 440.2 433.1 421.8 407 393.3 377.7 367.3 361.3 353.1 344.4 329.8
450.4 448.1 444.5 441.1 435.9 430.4 422.8 412.6 397.5 374.9 348.9 325.5 302.8 303.9 296.2 291.5 297.9 305.6 301.4 290 278.4 277.7 291 306.9 322.1 333.4 346.2 358.7 372.9 374.9 376.3 379.7 376.6 367 347.3 326.5 311.7 286.7 266.2 248.9 235.1 226.3 219.7 217.2 216.9 216.8 217.6 217.8 219.7 222.1 230.7 249 264 268 265.1 259.4 273 296.1 315.1 333.9 353.2 373.1 395.9 413.3 429.7 437.8 439.2 434.8 424.5 412.2 402.1 389.9 376.8 362.2 348.3 336.2 324.6 316.1
443.8 441.3 436.7 430.6 426.8 414.6 407 397.4 382.7 370.3 360.3 339.8 317.4 300 293.3 302.8 316.7 323.3 323.5 314.1 298.5 283.5 269.9 283.7 295.4 303.6 312 317.3 322.9 328.4 338.4 351 355 345.1 330.5 323.5 304.4 287 273.7 253.6 239.1 233.6 229.7 223.9 219.2 216.9 217 215.9 217 218.1 222.7 236.3 247.5 248.1 247.1 255.1 268.9 292.4 309 328.3 351.5 376 398.2 416.7 429.5 433.4 433.2 427.4 418.5 410.9 401.5 390 376.6 358.9 336.2 321.9 312 306.2
430.5 419.8 411.2 401.1 394 385.5 377.1 369.7 364.2 358.4 349.8 339.9 320.6 302.2 305.5 320.1 335.1 346.6 350.6 339.8 320.8 301.6 275.7 264.5 276.3 281.4 284.8 287.8 293.7 300.5 308.7 319.4 324.7 322 316.7 311.6 298.5 284.3 272.3 257.3 247.2 242.8 238.9 234 229.2 224.9 216.5 215.5 215.4 215.7 213.1 225.5 233.5 234.4 241.9 250.9 267.1 284.2 305.8 326.9 352.3 377.5 397.6 416.8 427.3 431.6 430.5 424.7 417.8 410.5 400.6 387.9 373.7 354.3 336.8 321.9 307.8 298.1
395 387 379.8 372.9 366.1 360.8 354.1 347.2 341.6 334.8 325.5 316.1 306.2 305.6 323.4 338.2 356.4 369.2 375.7 366.6 344.7 320.7 291.1 267.2 257.8 269.3 269.8 269.9 271.7 277.5 285.6 293.9 300.5 302.8 300.4 298.1 291.3 281.6 276.7 271.2 266.3 260.9 256.3 249.8 244.2 236.1 228.3 221.2 216.7 215.8 213.9 215.4 222.2 229.2 235.3 245.5 262.1 280.5 303.3 329 353.3 377.8 393.5 410.9 421.4 430.2 430.4 425 417.6 409.1 397.7 385 371.6 355.9 341.5 326.8 311.4 299
368.7 362.8 355.5 349.8 344.1 338.7 333.1 325.4 319.9 316.5 311.8 313.9 319.7 331 343.6 356.4 374.1 387.8 396.1 389.3 364.8 335.1 300.5 276.6 261.5 256.2 257.1 262.2 265.3 266.1 270.5 278.4 283.8 284.9 287.2 291.2 291.7 293.2 293.4 293.2 293.1 288.8 284.7 278.2 271 260.1 247.3 232.2 218.3 215.7 215.5 215 216 223.1 231 240.9 255.9 276.8 302.6 328.6 353.2 373.6 392.1 409.9 423.2 430.2 430.5 425.5 419.2 409.4 396.4 383.2 371.2 356.8 343 331.3 317.3 302
345.9 341.9 337 334.4 330.7 325.4 321.5 326.7 327.5 325.7 329.5 334.7 343.3 356.6 368.1 379.1 390.2 402.8 411.1 402 370.3 336.3 304.6 282.3 268.6 259.5 256.3 256 261 261.1 262.1 265.5 272.7 276.1 278.7 284.9 296.7 306.3 309.6 313.2 316.9 314.5 310.5 305.5 300.2 288.5 271.3 250.1 229.4 216.1 214.7 215.1 215.3 217.5 227.5 236.6 251.7 274.3 302 328 354.6 372.3 392.8 410.9 423 429.1 428.4 423.4 415.9 406.5 392.8 379.9 365.4 352 339.8 328.8 314.5 303
