UK/data/sk/sk36_OST50GRID_20230518/SK36.asc
ncols 200
nrows 200
xllcorner 430000
yllcorner 360000
cellsize 50
[rows 0 to 34 of 200, columns 0 to 77 of 200]
318.7 323.5 327.6 329.5 329.1 327.5 325.8 323.8 321.4 322.3 325.4 327.8 327 325.9 324.2 321.3 319.2 317.3 315.4 312.8 310 307.5 305.4 303.4 300.5 297.3 294.4 291.2 287.7 284.2 280.2 275.7 269.7 264.3 258.7 249.3 245.3 245.3 239.3 237.2 234 233 231.7 229.1 223.6 218.1 214.1 208.9 203.1 199.1 194.6 194.2 193.1 188.8 186.5 184.3 183.7 180.7 177.2 171.6 168.5 171.3 175.2 179.3 182.9 185.8 185.8 183.8 181.8 177.3 174.4 169.1 163.9 159.3 158.7 156.1 152.6 148.8
320.3 325.7 329.5 332.4 332.1 330.3 328.5 326.7 324.6 324.4 326.6 329.1 329.8 328.3 325.3 323 321.6 320.1 317.5 315.2 312.2 309.5 307.2 305.1 302 298.7 294.8 291.9 289.6 286.4 282.6 277.4 273.4 267.8 262.4 258.6 253.8 248.3 243.3 238.9 234.3 221.3 216.5 213.6 211.7 212.7 208.5 204.5 201.4 200.7 195.9 191.4 185 184.4 179.2 178.1 176.4 174.6 173.6 170.1 167.9 164.1 162.9 167.4 175.4 178.8 180 179.8 179.3 178 173.4 170.1 164.8 161 155.3 154.1 152.1 148.3
323.7 326.7 331.4 335.2 335.4 333.6 331.6 329.4 327.1 326.7 327.7 329.3 331.1 330.9 328 326.3 324.6 323.1 320.6 318 314.8 312.1 309.7 306.8 303.8 300.1 295.9 292.1 289.2 285.9 283.2 282 278.7 275.1 270.9 265 259.3 253.7 247.5 242 238.4 235.7 232.2 230 227 223.2 219.7 216.2 212.3 208.3 203.7 199.1 195.2 193.6 191.5 190.6 186.9 184 180.1 176.6 175.8 173.3 166.5 159.8 166.9 177.6 177.2 176.1 176.5 175.9 174 171 168.8 164.3 160 155.5 153.2 152
325.5 327.7 332.6 336.9 338.2 337 334.4 331.6 329.4 329.2 328.9 329.2 330.8 331.5 331 329.4 327.8 326.1 323.7 321.1 318.1 315 311.9 309.6 306.9 302 298.4 294.7 291 288.2 285.7 284.5 281.9 278.4 274.8 269.6 264.5 258.3 250.8 246.1 243.5 240.7 237.7 234.7 231.7 228.5 224.2 220.4 216.7 213.2 209.7 206.2 203.7 203.8 202.8 199.1 196.8 192.9 190.3 186.1 182.2 178.2 170.6 163.1 157.7 170.1 179.7 177.6 173.4 174.2 175.7 174.3 172 168.7 164.1 160.1 155.1 153.2
326.4 328.3 332.7 337.4 339.4 338.3 336.1 332.9 330.7 330.3 330.1 328.6 329.6 331 331.2 330.3 329.5 327.8 325 321.9 320.7 318.3 314.9 311.1 307.2 304.4 301.6 298.7 294.9 291.5 288.1 284.5 281.9 280.6 276.6 271.8 265.9 257.8 254.9 251.8 248.5 245.4 242.4 239.4 236 231.9 227.2 221.6 217.2 214.7 213.5 213.5 212.3 211.4 209.1 206.9 204 199.3 195.3 191.1 186.5 181.1 174.9 166.8 158.9 160.3 173.4 179.3 176 170.4 177 178.2 175.7 173.9 169 164.7 159.7 154.8
327.2 328.9 331.1 336.4 338.2 337.1 334.3 331.8 330.2 329.4 329.6 329.9 329.1 329.3 329.4 328.1 326.5 324.6 322 317.4 314.6 312.7 308.8 304 299.7 298.6 297.6 301 298.9 295 291.4 287.5 283.2 279.4 273.1 271.1 267 263 259.6 255.6 252.5 249.9 246.6 243.3 239.3 234.6 228.9 221.5 217.7 213.6 208.4 210.4 209.7 207 203.3 199.4 195.6 191.8 188.2 185.1 181.5 178.7 177.1 170.9 162.3 154.6 159.6 173.7 179.4 174.1 172.4 176.2 177.3 174.3 172.1 167.6 162.8 158.1
328.7 329.6 330.3 332.4 334.5 334 331.7 330.2 328.9 328.4 328 328.9 328.9 328.6 326.8 325.8 324.5 323.6 321.7 316.6 316.1 313.5 309.2 307.2 304.5 301.1 298.5 297 299.9 297.7 294.5 290.3 286.5 282.6 278.2 275 271.1 267.5 263.7 259.9 256.7 253.9 250.5 246.8 243 237.9 230.1 223.3 218.6 213.8 209.4 203 201.1 198.1 194.5 190.9 186.8 184.2 181.5 178.7 177.2 175.2 174.9 174.3 166.2 158.4 153.2 163.1 177.5 176.4 168.1 164.9 169.3 169.5 167.4 165.4 162 159.2
329.7 330.7 331.5 331.3 332.3 331.3 330.1 328.7 327.7 326.7 326.2 326.3 326.4 326.9 326.9 324.2 325 323.4 322 320.1 319 316.2 311.3 309.2 306.9 304 301 297.7 294.3 297.3 296.2 293.1 289.5 285.3 281.9 278.7 275.1 270.5 267.4 264.2 260.7 256.2 251.1 247.8 243.1 236.7 230.2 226 220.4 215.4 212.3 204.8 198.2 194.6 190.3 186.9 183.6 180.5 177.7 173.6 172.2 169.8 169.6 169.6 167.2 160.1 153.7 151.6 158.6 170.1 172.8 165.3 158.6 162.1 161.2 161.9 158.9 154.8
330.9 331.7 332.6 332.2 331.7 331 329.6 328.3 327.3 326 325.4 324.5 324.3 324.6 325.5 325.6 325.5 325.6 324 322.4 319.8 316.3 313.9 311.3 307.7 304.5 301.1 297.9 293.5 288.5 287.3 291 290.8 287.6 284.3 280.2 274.7 268.9 265.4 262 258.2 253.9 248.5 243.8 239.4 234.2 229.9 226.9 223.3 218.2 215 208.1 200.4 195.1 186.2 184.7 182.5 179.9 177.2 174.5 171.3 167.8 164.6 163.1 160.7 157.8 153.8 151.5 149 155.2 165.7 167.8 160.5 154.7 155.4 153.5 152.7 152.2
332.6 333.3 333.8 333.7 333.5 333.2 332.1 331.1 329.5 327.4 326 324.6 323.3 322.2 322.7 323.2 323.4 324 324.1 324 321.9 319.1 316.2 312.7 309.7 305.7 301.7 298.2 295.6 291 285.7 277.4 285.1 283.9 279.8 275.7 270.9 265.4 261.9 259 254 249.4 245.9 240 235.8 232.6 229 226.1 223.2 219.5 213.5 207.6 202.1 196.2 190.5 188.6 185.9 182.7 180.1 177.4 173.7 169.9 165.8 161.1 157.4 156.7 153.2 151.4 149.5 147.5 152.5 161.7 161.6 155 150.8 147.7 145.2 142.6
334 334.3 335 335.1 335 335 334.3 333.5 332.5 330.3 328 326.1 324 322 319.8 320.9 320.8 320.9 320.8 322.4 323 321.4 318.8 315.6 312.1 307.9 303.6 299.3 294.9 291.2 286.4 276.7 266.5 275.1 273.4 269.9 266.9 264.2 260.5 256.2 248.3 244.8 239.9 235.8 232.1 228.9 224.7 221.4 217.7 213.9 210 205.5 200.5 196.5 193.4 190 186.8 184.5 178.9 173.4 171.6 165.8 164.4 162.4 160.7 158.8 156.5 154.2 151.4 146.4 143.6 150.8 156.9 155.9 150.6 145.9 142.7 140
335 334.9 335.4 336 336.4 336.4 336.1 335.4 334.4 332.2 330 327.6 325.2 322.7 320.3 318.1 317.8 315.3 312.9 316.9 319.4 321 320.4 317.8 313.8 309.5 305.4 301.3 296.8 292.5 286.1 279.7 272.6 262.5 263.2 266 263.5 261 256.8 252.4 247.3 241.8 237.1 232.9 229.6 226.2 221.7 218.2 214 209.8 206.3 202.5 197.6 192.9 187.4 185.1 181.1 178.6 175.7 177 174.1 172 173.9 168.5 166.8 164.4 160.1 157.1 154.2 150.4 144.8 142.1 145.3 150.5 150.9 146.8 142.5 139.2
335.4 335.6 335.9 336.5 337.3 337.7 337.7 337.1 336.2 333.9 331.7 329.1 326.5 323.8 321.4 319.3 318.2 317 314.9 311.7 310.5 315.2 316.8 317.4 314.8 310.9 306.8 302.6 297 291.2 284.6 276.9 271.9 265.4 258.6 259.6 258.5 254.5 251.6 247.5 242.7 237.9 233.4 231.2 228.4 225.2 221.3 216.2 209 203.5 199.2 198.8 197.8 198.8 195.9 193.7 192 191.6 189.1 187.6 184.3 180.9 178.7 175.2 171.5 167.4 162.9 159.3 155.4 151 147.6 143.6 139.5 139 141.5 145.4 141.6 137.9
336.3 336.4 336.2 336.9 337.6 338.1 338.4 337.9 337 334.9 332.4 329.4 326.9 324.6 322.5 321.5 320.6 318.8 316.5 313.7 309.8 306.6 305.3 310.9 311.9 310.7 307.3 302.8 296.3 288.6 282 275.3 268.5 263.3 258.9 252.3 251.2 249.5 245.3 241.8 237.8 233.9 229 224 220.6 218.1 212.3 208.2 211.3 212.5 212.5 210.8 208.4 206 203.4 200.8 198.7 198.3 195.8 194.1 190.3 187.3 184.2 180.7 177.6 174.1 169.6 164.9 158.3 153 149.9 147.6 145.6 142 138.6 137.2 138.9 137.2
336.5 336.3 336.2 336.9 337.5 337.9 338.3 338.1 337.1 335.8 332.4 330.1 327.9 326 325 324.2 323 321 318.8 315.9 312.6 308.9 304.5 300.3 297.3 291.8 290.1 287.6 292.3 285.7 278.7 270.9 263 257.9 253.1 249.2 245.7 243.6 241.3 237.4 234.3 234.4 233.4 231.7 227.6 223.8 224.9 223.9 221.3 220.6 219.2 216.9 214.4 210.9 208.3 207.2 204.2 202.5 200.7 199 196.1 193 188.4 185.2 183.5 179.6 175.4 171.1 165.1 159.3 155.7 150.5 148 145.2 141.4 136.1 135 134.2
336.3 336.2 336.1 336.5 336.9 337 337.7 337.8 337.5 336.4 334.6 332.4 329.5 328.4 327.9 327.4 326.3 324.3 321.9 319.1 315.9 312.3 307.9 304.2 300 295.7 291.5 289.1 280.2 277.2 270.9 264.4 260.9 257.3 255.1 253.5 248.4 247.3 244.6 243.2 241.6 238.9 237.6 235.6 232.5 230.8 230.6 228.9 227.1 225.8 224.4 221.8 219.8 216.6 213.6 211.1 209.1 208.7 205.7 204 201.7 198.8 195.8 193.7 189.5 185.4 181 176 169.7 162.8 158.4 154.8 151.1 147.2 143.7 139.9 135.2 134.3
335.9 335.6 335.2 335.6 335.8 335.7 336 336.6 336.8 336.8 335.8 334.2 332.6 330.9 330.1 329.8 328.8 327.4 325.1 321.9 318.6 314.8 311 307.2 303.4 299.2 295.2 291.8 286.4 280.5 273.6 274.2 268.8 266.8 262.6 255.6 253.6 251.5 249.1 246.7 245.3 243.9 242 239.6 238 237 235.2 233.2 233.2 231 229.4 226.5 223.9 220.8 218.3 215.9 213.8 212.4 210.4 208.7 206.4 204 201.8 198.6 194.4 190.1 184.9 180 173.9 167.4 162.1 157.3 153.4 148.1 144.5 140.8 136.3 135.8
335.4 335 334.6 334.6 334.7 334.5 334.5 334.8 335.1 335.2 335.5 335.3 334.4 333.5 332.3 331.6 331.2 329.9 328 324.7 320.7 317.1 313.4 309.7 306 302.5 298.3 294.8 290.6 285.6 280.5 274.3 269.5 265.8 263.1 261 258.3 255.8 253.7 252 250.7 248.9 245.9 244 243.6 242.1 240.4 238.5 237.9 235.8 234.1 230.8 228.1 225.3 222.8 220.4 218.3 216.7 214.5 212.7 210.5 208.2 205.6 202.2 199.6 193.7 188.4 183.3 176.8 171.4 167.5 161.2 155.8 150.1 145.4 141.6 137.5 138.2
334.8 334.4 334 333.7 333.5 333.4 333.2 333.1 333.1 332.9 333.2 333.7 334.2 334.1 333.5 332.4 331.8 331.1 329.4 327 323.2 319.4 315.8 312.3 308.6 305.3 301.9 297.8 293.9 289.3 284.4 279.3 275.7 272.4 269.6 266 263 260.7 259.1 257.7 254.6 252.1 251.5 250.3 249.9 247 245.7 245.2 244 240.5 238.5 235.9 232.9 230.1 227.5 224.9 222 220 218.3 216.1 213.6 211.2 208.6 204.7 201.1 196.6 191.1 186 180.8 176.2 170.7 165 158.6 152.7 147.6 144.1 138.1 138.2
334.9 334.1 333.5 333 332.6 332.2 331.9 331.5 331.3 331.2 331.5 331.6 331.9 332 332 332.1 331.7 330.3 330.5 329.2 326.1 322.6 319 315.2 311.3 308.1 305.1 301.8 297.9 293.3 289.6 285.2 281.3 277.9 274.9 271.6 268 265.8 263.4 261.1 258.8 257.9 257.9 256.4 253.8 251.4 251.1 250.6 248.8 245.5 242.3 239.5 237.3 234.2 232 229.6 226.6 223.8 222 219.4 216.6 213.6 210.4 206.3 202.3 197.8 193.5 190.1 185.7 181.3 175.2 168.9 161.3 155.2 148.7 145.1 139.2 140.1
334.8 333.9 333.5 333.1 332.2 331.5 330.9 330.4 329.8 330 330.3 329.9 329.5 329.7 329.9 329.6 330.5 330.3 331.1 329.5 328.7 325.9 322.6 318.8 315.7 311.9 309.1 306.8 302.7 299.4 295.2 290.9 286.7 283 278.9 275.5 272.6 269.9 267.5 265.5 263.9 263.1 262.1 259.6 256.9 255.1 255.5 254.5 252.2 248.3 246 244.3 242.6 240.1 237.4 234 231.2 228.2 225.1 222.1 218.9 215.6 212.2 208.5 205.2 200.8 197.3 193.9 190.5 185.8 179.7 172.5 163.7 157.4 149.1 145.2 140.6 141.6
334.6 334 333.5 332.5 331.7 331.1 330.6 329.9 329 328.6 329 328.5 327.8 327.6 327.5 328.3 328.5 328.5 328.5 328.3 329.1 328.5 326 323.2 320.4 317 314.4 312.2 307.6 304 300.1 296.7 291.9 287.3 283.2 279.4 276.5 273.7 271.3 269.1 267.4 266.4 264.8 262.4 260.8 259.6 259.4 257 255.7 252.3 250.5 249 247.6 245 242.2 239.1 235.7 231.9 228.2 224.8 221.3 218.4 215.1 211.8 208.3 204.7 201.2 197.7 193.7 188.9 182.5 174.5 164.6 153.6 145.8 143.2 142.3 142.6
334.4 334 333.6 332.6 331.7 330.8 330.3 329.4 328.6 327.5 326.9 326.5 325.4 324.5 325.3 325.9 326.3 326.5 326 327.1 327.6 328.8 328.6 326.8 324.7 322.3 319.3 316.8 314.3 310.7 306.5 301.8 296.6 291.9 287.8 283.4 280.2 277.2 274.7 272.4 270.7 269.7 268.1 266.4 265.1 263.4 262.4 261.1 258.7 256.6 254.9 253.5 251.7 248.9 246 243 239.9 236 232 228.6 225.5 222.1 219.3 216.1 212.5 208.7 205.1 201 196.8 191.7 185.2 176.7 164.6 152.5 145.1 145.4 145.3 146.1
334.8 334.1 333.7 332.9 332 331.2 330.5 329.6 328.7 327.8 325.6 323.8 322.3 320.3 319.3 322.3 323.2 323.4 323.5 324.5 325.5 327.1 328.5 329.4 328 326.2 323.7 321.2 318.4 315.2 311.4 306.9 301.7 296.7 291.9 287.4 284.2 281 278.2 275.9 274.2 273.4 271.8 271.1 270 268.2 267.3 264.7 263.4 260.9 259 257.6 255.6 252.7 249.6 246.6 243.6 240.7 236.6 233.1 229.8 226.9 224.1 220.8 217.5 212.7 208.9 204.4 199.8 194.1 186.8 176.7 165.2 152.5 148.1 147.4 147.1 148.2
336.8 335.1 334.1 333.3 332.7 332.1 331.5 330.6 329.8 329 328.7 327.6 325.7 323.3 320.8 318 318.7 318.5 319.9 322.1 323 324.4 326 328.4 329.6 328.4 326.1 323.8 321.5 318.3 314.8 311 306.1 301.3 296.3 291.3 287.5 284 281.4 279.3 278 277.2 276.2 275.2 274.1 273 271.7 269.9 268.2 265.3 263.4 261 258.5 256.7 253.4 250.4 247.4 244.2 240.9 238 235.3 232.7 230.1 226.4 222 217.9 212.9 207.2 200.1 188.9 174.8 162 150.8 149.2 150.5 150.2 150.3 151.4
339.1 336.8 335.2 334.3 333.7 333.1 332.4 331.4 330.8 330.4 330.9 330.5 328.6 326 323.9 320.5 317.3 314.4 311 317.6 320.1 321.6 323.4 325.9 328 328.3 327.4 325.3 322.7 320.1 316.9 313.7 309.4 304.6 299.9 295.2 291.2 287.5 284.8 282.8 281.6 281 280.4 279.5 278.4 277.3 275.9 274.6 272.4 269.3 267.5 265.1 262.7 261.7 258.2 255.3 252.7 249.3 246.5 243.6 240.6 237.9 235.1 231.4 227.5 222.1 214.4 203.7 193 178.5 165.8 159.9 153.3 155.2 156.6 154.7 155.9 155.6
341.3 338.8 336.8 335.8 334.8 333.8 333 332.2 331.6 331.8 332 331.7 330.2 327.8 326.2 324.5 324 321.1 316.3 310.3 316.2 320.1 322.6 324.3 325.8 327.3 326.6 324.9 323.3 320.8 318.3 315.4 311.8 307.2 302.6 297.9 294.1 290.5 288 286.4 284.9 284.4 283.9 283.4 282.2 281 279.9 278.1 276.1 273.7 271.5 269.4 267.1 264.8 262.5 260.1 257.3 254.8 251.6 248.6 245.7 242.8 239.4 235.3 229.1 219.5 209.4 196.2 182.8 174 164.6 158.6 156.5 166.9 162.8 158.5 158.6 159.2
343.6 341.1 339.3 337.7 336.6 335.4 334 333.1 332.6 333.2 333.2 332.4 331.4 329.9 328 325.6 324.2 322.5 318.5 308.2 313.9 319.7 322.2 323.9 324.8 325.7 325.7 324.2 322.7 321.1 318.9 316.4 313.4 309.5 305 300.4 296.7 293.4 291.1 289.4 288.1 287.6 287.2 286.6 285.6 284.3 283.1 280.7 279 277.2 275.4 273.4 271.3 269.1 266.7 264.2 261.6 258.5 256 253.4 249.8 246.8 241.4 234.6 221.5 208.3 198.5 175.9 176.3 171.2 164.6 155 167.8 176.8 170.3 163.9 162.2 163.2
346.3 344.2 342.2 340.4 338.3 336.8 335.4 334.2 333.8 333.7 333.7 333.1 332.9 331.3 328.8 324.9 325.1 322.6 319.4 310.2 306.2 317.8 322 323.5 324.1 324.8 324.6 323.5 322 320.5 318.8 316.7 314.4 311 307.2 302.9 299.2 296 293.9 292.4 291.2 290.5 290 289.4 288.6 287.3 285.9 284.4 282.5 280.8 279 277.2 275.2 273 270.7 268.2 265.7 262.6 259.5 255.9 250.3 243.1 233.8 219.5 200.6 190.7 183.2 179 174.4 168.6 162 159 179.4 183.4 179.2 172.2 166.9 167.3
349.1 347 345 343 340.8 338.6 337.3 336.2 335 334.8 334.8 334.7 334.2 331.9 329.4 328 326 323.6 320.6 312 294.4 312.8 320.1 323.1 323.8 323.6 323.1 322.6 322 320.1 318.2 316.7 315.1 312.2 308.8 305.2 301.6 298.4 296.7 295.4 294.1 293.2 292.6 292.1 291.2 290.3 288.8 287.4 285.9 284.3 282.5 280.9 278 276.9 274.5 272.1 268.4 264.6 260.4 254.5 247.7 238.9 218.8 200.1 188.1 182.8 178.5 174.4 168.9 163.2 161 173.5 186.7 191.2 189 184 176.8 173.2
352.4 349.9 347.9 345.8 343.4 341.1 339.4 338.2 337.1 336.7 336.5 336.3 335.2 333.9 331.7 329.2 327.1 324.6 321 314.5 297.3 300.4 313.2 320.5 323 323.2 322.7 321.5 320.6 320.1 318.2 316.2 314.7 313.1 310.3 307.2 304 301.2 299.2 298 296.8 295.9 295.2 294.5 293.7 292.9 291.9 290.5 289.1 287.7 285.9 284.8 282.8 280.1 276.7 273.4 269.7 264.8 260 253.9 244.4 223.7 203.3 190.4 182.9 176.1 169.6 167 167.9 170.3 176.4 191.5 195.6 198.1 197.9 193.4 184.8 183.4
354.9 352.9 351.1 349 346.6 344.1 341.9 340.8 339.6 338.5 338.2 337.6 336.7 334.7 331.9 330.2 328.3 324.9 321.2 315.7 300.8 288.7 301.1 312.6 319.1 321 322 321.1 319.5 318.1 318 316 314.2 312.6 311.2 309 306.1 303.8 301.7 300.7 299.7 298.8 297.9 297 296.3 295.5 294.4 293.4 292 290.4 288.7 286.5 284.5 281.1 277.7 273.6 269 264.6 259.2 250.7 233.7 209.5 194.7 182.7 173.1 170.5 172.9 177.5 178.1 186.8 199.7 203.2 203.8 204.2 204 199.7 195.9 192.7
357.9 356.1 354.3 352.2 349.5 346.9 344.4 342.7 341.5 340.7 339.8 339.2 336.6 334.8 333.4 330.9 329.2 326 321.8 316.9 306.9 294.9 288.3 302.6 310.4 316.7 318.6 319.9 319.7 318.2 317 315.4 314.1 312.5 311.3 309.5 307.5 305.9 304 303.1 302.7 301.7 300.8 300 299.1 298.2 297.1 295.9 293.6 290.8 288.1 285.2 283.1 280.6 276.8 273 266.7 259.3 251.5 240.5 216.2 196.9 185.6 175.5 177.9 188.8 188.4 189.7 195.2 207.6 212 210.9 210.4 210.7 210.8 208 203.8 196.1
360.8 359.3 357.5 355.4 352.5 349.7 347.5 345 343.7 342.8 341.9 339.5 338.1 336.2 335.2 332.9 330.5 327.5 322.6 316.4 308.7 298.8 281.9 291.8 299.9 306.1 313.1 316.1 318.3 318.7 316.8 314.5 313.2 312.4 311.4 310 308.6 307.2 306.2 305.6 305.2 304.6 303.7 302.7 301.7 300.4 298.6 296.4 293.8 291 288.8 287.1 284.5 281.3 277 273 256.6 246.9 235.2 221.9 200.6 182.5 177.3 185.1 194.7 196 197.7 199 205.3 215 219.8 217.6 216 217.7 219.6 214.6 209.2 204.7
363.1 362.7 360.8 358.5 355.4 352.7 350.5 347.8 345.9 345 343.6 341.4 339.8 338.2 336.8 335.1 332.4 327.6 322.4 316.9 308.2 297.2 286.1 279.8 290 295.5 300.5 306.9 315.2 319.3 318.2 315.7 312.9 310.7 310.3 309.3 308.5 307.6 306.9 307 307.7 307.4 305.9 303.8 302.1 300.3 298.5 296.9 294.7 293.1 291.4 289.5 287.3 284 279.9 271.7 237.9 223.6 219.5 210.1 195.1 188.3 186.1 197.5 203.4 207 212.5 219.4 225.8 226.9 226.7 225 222.4 223.6 224.5 222.1 216.4 211.9
