WholeMapElevations/data/ng/ng98_OST50GRID_20230518/NG98.asc
ncols 200
nrows 200
xllcorner 190000
yllcorner 880000
cellsize 50
[rows 70 to 104 of 200, columns 78 to 155 of 200]
149.5 141.5 135.5 127.8 120.5 111.8 105.2 110.7 117.2 122 124.4 125.6 129.5 131.7 134.7 147 157.6 187.5 197.3 198.2 197.1 200.8 202.5 200.5 195.8 191.6 180.9 177.1 176.1 169.6 167.4 176.2 182.5 185.2 185.8 180.4 175.6 174.3 172.8 169.1 166.8 161.8 161.8 161.8 161.8 162.4 162.5 162.6 162.6 163.9 161.8 161.8 161.8 172.9 189 205.6 219.2 222.9 223.2 226 224.7 230.9 239.6 248 262.8 259.8 264.5 273 276.3 275.5 277.1 274.4 278.9 276.5 276.5 277 272.1 265.2
151.7 142.6 133.7 126 117.5 108.6 107.3 109.3 119.8 126.8 129.3 131.5 134.9 135.1 140.9 152.5 163.4 181.7 190.3 192.5 191.4 191.8 192 189.6 188 187.5 181.7 172.4 167.4 167.4 167.4 167.4 180.3 180.3 174.8 170.9 170.9 172.6 173.5 165.6 163.8 165.9 164.5 161.8 164.1 165.3 165.4 163.8 163.3 165.2 165.6 165.4 167.6 176.2 183.4 208.4 231 227.9 219.7 221.6 219.7 220.8 223.1 245.5 255.4 272.1 284.5 290.6 291.2 292.1 290.8 288.1 286.3 288.4 286.1 289.2 282.7 275
151.7 144.7 134.9 124.8 114.8 108.7 108.2 106.9 122.5 129.9 137.3 136.8 135.3 142.9 145.1 161.7 171.9 177.7 180.9 181.3 183.8 186.1 186.4 184.6 180.9 178 176.4 167.4 167.4 167.4 167.4 171.8 169.4 167.4 167.4 167.4 172.1 171.9 175.9 180.9 181.5 180.2 178.1 175.1 167.8 166.2 165.3 164.2 162.6 163.6 165.3 165.5 167 178.6 185.2 198.6 222.7 239.7 236.1 223.8 219.7 223.9 230.2 246.9 266.5 282.4 296.2 300.6 303.2 303.1 303.7 304.1 301.1 296.8 292.7 294.4 288.3 279.9
153.3 145.3 136.4 127.9 115.4 111.2 111.9 107.9 125.7 133.6 137.6 140.7 139.8 142.8 148.1 159.7 169.1 168.8 169.2 170.3 174.5 178.6 181.4 181.5 180.5 186.3 183.9 178.8 173.2 170.3 172.9 176.5 178.5 174.4 173.1 178 184.9 191.4 193.1 189.3 186.2 185.7 189 185.4 178.9 168.8 165.8 164.7 162.6 163.9 164.5 165.4 171.2 181.8 189.1 204.3 210.2 235.7 243.3 234.5 230.1 222.9 225.8 250.3 267.4 286 307.5 308.5 317 314.9 317.1 318.6 311.8 301.6 295.3 291.9 286.6 276.4
155.4 147.3 136.8 127.2 117.5 114.2 111.6 108.8 129.9 133.7 137.4 142.3 144.3 150.1 159.3 162.6 166.3 167.6 167.5 169.8 176.4 179.2 181.1 181.3 182.3 184.7 187.3 185.4 180.3 173.9 173.5 174.9 176.9 177.3 176.8 179.8 184.3 190.9 192.6 192.8 192.7 193.6 194.8 191 184.9 176.2 167.2 166 162.6 164.2 165.6 165.7 169.2 186.6 207.1 202.4 209.7 209.2 231 232.1 228.6 227.4 225 237.9 264.3 281.5 301.6 318.3 325.9 332.2 327.9 326 320.3 310.7 300.5 295.3 286.7 273.3
158 148.8 138.3 127.3 120.7 116.5 113.5 110 129.2 135.9 140.2 143.2 150.3 154 161.6 171.1 179.7 182 189.9 178.6 176.4 180.7 184.5 185.2 184.4 185.5 186.2 186.6 184.4 178.6 176.1 175 176 180.8 184.2 181.1 183.3 186.2 192 194 197.3 201.8 202.8 194.4 190.1 180.2 174.5 174.1 167.7 165.1 165.2 166.1 169 181.3 190.6 199.4 202.4 205.5 208.1 221.7 225.8 224.5 225.7 233.6 252.5 283.4 299.9 314.9 330.9 338.3 332.5 327.1 321.1 313.5 301 293.3 282.7 270.5
160.4 151.2 139.2 127.6 120.2 116.4 114.9 113.5 126.2 131.2 137 143.8 149.5 156.5 168.8 179 186.5 195.7 202.4 191.9 184.6 185.3 192 191.2 199.6 189.1 190.8 187.8 182.9 179.4 177.7 181.4 180.1 183.9 183.1 183.1 184 187.1 186.4 190 199.5 202.9 204.6 204.6 195.4 194.6 201.9 190 176.3 170.5 166 168.6 174.1 189.1 200.6 211.7 211.8 207 206.8 209.8 214.3 217.6 229.2 244.8 258 277.8 300.5 314.5 331.6 344.2 344.3 330.2 312.2 304.4 294.2 287.3 279.2 268.6
161.1 151.9 139.9 128 117.7 113.5 111.2 112.7 121.2 127 133.3 139.7 144.5 151.1 176.2 196.9 198.8 198.9 201.2 197.8 194.4 193.9 196.6 202.5 210.1 210.8 196.8 192.1 182.3 180 181.5 190.7 194.6 197.6 196.1 185.5 183.6 184.9 186.9 188.5 196.3 204.2 207.1 208.5 204.9 197.5 195.3 195.5 196.1 191.4 188.2 171.9 180.1 197.1 206.7 210.8 210.3 207.8 206.3 213.9 220.5 228 244.8 249.9 256.7 270 294.6 315.2 328.5 337.5 332.1 325.8 312.6 297.2 286.5 280.2 274.4 268.2
163.5 152.9 141.4 128 116 112.6 112.3 112.8 120.2 125.2 130 134.2 138.4 147.9 173.8 190.5 197.7 202.9 203.1 201.2 200.7 210.8 213.5 213.3 212.2 211.3 201.3 193.1 185.7 180.1 189.2 195.7 200.1 204.4 205.1 197.8 190.5 184.7 187.5 196.4 201.5 203.1 208.6 209.3 207.3 202.3 198 196 199.6 211.1 195.3 197.6 182 203.6 212.9 207.3 204.6 203.9 204.8 212.2 219.2 248.4 255.8 275.7 286.6 276.7 285.3 299.8 311.1 319 310.5 305.8 304.9 299.3 297.1 281.8 267.4 265.5
165.9 153.6 141.9 127.7 114.3 113.2 112.3 111.6 119.3 124.1 127.2 131.7 135.5 142.9 167.5 183.2 195.6 201.6 203.6 203.7 202.3 207.2 216.3 218.8 221.4 215.8 203.9 194.8 186.3 190.9 186.9 194.1 198 198 201.3 200.9 201.4 194.1 192 196.7 205.1 209 207.1 209.1 214.3 211.9 206 199.6 206.6 215.6 217.8 202.1 196.1 199.7 206.1 200.9 199.2 202.6 206.9 210.8 214.5 233.2 257.2 276.1 289.2 301.9 319 321.3 316.9 307.6 305.9 307.8 313.4 313.6 304.5 293 287.9 274.3
168.3 153.8 141.2 127.4 117 113.9 111.8 111.3 117 122 126.7 130.7 135.7 141.6 156 179.7 196 204.6 207.8 213.8 214.6 210.4 214.3 219.1 227 228 211.3 195.6 200.2 199.8 196.3 193.3 202.1 200.4 198.5 201 202.8 201.5 199.8 200.5 205.1 212.4 220.8 218.8 219 218.4 216.1 217.5 221 223.4 220 214.7 201.3 187.8 192.8 196.9 201.4 205 205.3 207.5 215.9 231.2 245.7 265.3 284.9 302.5 326.7 332.3 331 327.3 323.4 310.5 314.5 312.9 308.9 301.4 294.3 282.5
167.7 156.2 140.5 127.1 118.4 114.2 113.3 111.2 112.3 122.9 128.9 132.1 138.8 145.3 154.9 172.5 196 203.5 209.6 216.7 224 216.7 216.5 217.7 220.3 223.4 222.1 223.6 213.2 205.1 203.8 208.6 203 202.8 200.2 203.6 209.2 210 209.6 210.9 207.8 213.5 221.9 230.2 228.9 231.7 227.5 236.6 241.4 236.1 233.5 224.1 207.6 196.2 196.5 202.6 204.5 206.7 208.3 207.9 212.1 236.4 251 255.8 274.9 306.7 330 332.4 339.2 335.8 331.7 327.1 321.5 323.4 315.6 303.7 295 285.7
165.8 156.7 143.4 127.3 122 116.9 115.9 114.7 115.7 124.4 131 134.9 137.3 141.4 153 168.3 182.6 193.5 206.7 211.4 215.4 216 217.2 218.5 221.1 223.5 224.6 223.8 220.8 215.3 214.2 213.4 206.6 205.1 206.4 207.3 215.5 221.4 222.4 223 219.3 220.4 225.1 233.2 245.7 249.3 251.2 239.6 240.8 239.9 234.7 227.1 219.7 208.1 200.9 204.3 208 208.5 213.8 207 214.4 237.1 257.7 262 270 297.5 321.6 333.2 340.4 344.4 339 335.2 326.3 324 319.1 308 295.8 289.6
165.4 156.3 145.5 131.6 124.6 119.1 117.6 116.2 117.2 126.7 133 136.3 137.9 141.7 149.9 164 176.1 186.4 196.5 206.1 212.6 214.5 217.2 221.7 225.4 226.4 226.5 225.3 222.5 218.9 216.2 211.9 208.8 209.6 217.3 219.9 218.2 224.4 227.6 236.8 242.2 232.7 229.1 236.6 249.7 261.5 266.4 262.3 257.1 247.6 234.6 229.8 222 218.3 205.8 206.5 212.5 210.7 210.9 210.7 216.4 230.6 250.1 267.9 271.8 287.6 320.4 337 341.4 343 343.7 342.9 328.7 329.1 321.6 310.1 299.8 291.2
163.1 152.1 142.6 134.7 126.2 121.6 121.3 118 120.6 127 134.2 137.8 138.6 143.8 149.2 156.9 170 180.2 190.9 201.2 209.6 213.8 217.3 221.7 227 235.5 237.4 240.4 231.7 221.3 218.9 221.1 218 213.2 215.9 221.1 222.5 224.9 238.3 242.8 249.1 247 239.8 239.3 246.9 260.1 260.7 259.9 265.4 254.5 245.3 240.3 231.3 221.2 211.4 210.7 214.1 213.7 212.3 214.1 218 233.8 247.7 260.3 265.1 281.8 304.9 332.1 345 354.1 351.1 348.7 332.2 330.7 323.8 313.3 301.3 289.8
162.8 153.2 143.2 134.1 126.7 123.8 122.3 121.3 123.4 129.9 135.4 141.1 140 142.3 149 155.3 163.4 174.9 185.9 197.2 207.4 213.6 216.2 219.4 236.2 249.6 241.5 240.4 237.7 233.4 229.1 225.5 223.3 221.6 219.4 221.3 226.5 233.6 241.7 252.1 257.6 252.3 251.1 245.4 246.9 251.4 258.1 258.4 261.1 264.7 252.8 247.5 243.7 233.6 215.7 214.9 216.3 214.9 212.9 214.4 226.3 246.3 253.9 252.5 259.9 271.1 292.9 321.8 336.8 353.5 351.6 347.8 335.6 330.6 324.3 315.1 298 288.3
160 148.3 142 133.3 126.3 123.2 121.8 120.1 124.4 129.4 136 143.1 143.7 144.5 149.5 153.5 160.3 171.1 181.6 193.7 204.9 212.4 215.7 222.2 237.3 250.4 246.9 241.4 239.9 238.5 235.8 230.6 227.8 225.4 222.4 226.5 236.7 239.8 244.3 249 254.9 261.1 258.2 254.1 250.7 254.7 256.8 257.7 256.5 257.2 254.3 252.6 245.6 238.6 223.5 216.6 217.7 216.1 214.7 213.3 221.9 234.8 243.3 244.5 251.3 266.4 286.8 315.6 327 343.6 345.1 343.8 335.4 333.2 326.1 314.2 301.6 290.3
153.5 146.5 145.8 135.3 125.8 121.4 120.2 120.1 122.2 129.7 140.7 144.6 145.5 147 149.7 155.5 162.2 170.5 180.5 190 201.6 209.9 216 232.5 254.1 265.4 261.1 248.7 241.8 240.1 238.4 233.8 229 227.3 233.7 240.3 243.5 244.9 247.4 250.7 253.3 257.6 259.5 258.9 256.9 256.2 257.9 257.3 258 256.4 251.9 252.7 252.1 244.2 232.1 219.9 218.5 217.1 215.2 211.4 218.3 226.2 232.2 238.7 256.7 258.8 280 317 328.8 336.5 343.2 341.7 334.5 330.3 324.9 314.7 302 291
152.9 154.6 151.8 137.3 127.8 121.6 121.1 118.9 121.4 130.4 141.8 145.5 146.8 149.5 151.2 156.2 163.4 170.1 178.8 187.7 197 206.1 214.9 227 252.9 261.4 256.1 251 246.1 243.4 242.7 238.2 235 236.6 238.3 245.5 251.6 253.5 259.9 258.3 259.8 259.1 262.8 265.6 265.8 266.4 262.1 265 261.8 259.5 259.1 254.8 254.9 252.4 237.4 225.7 221.5 218 215.9 212.6 217.8 226.9 232.6 242 253.8 262.9 280.7 313.7 337.8 346.9 340 336.8 327.2 325.2 327.5 314.7 298.6 291
160.5 154.8 149.8 140.4 129.1 122.1 121.2 119.8 121.6 131.1 139.6 144.5 148.6 152.4 155 158.3 164.5 168.3 174.8 184.1 192.1 202.4 212.6 226.9 239.4 248.3 249 247.4 246.6 249 247.5 249.7 252.4 247.7 243.3 257 266.2 274.9 279.1 273.6 274.9 273.3 272.7 273.4 271.3 268.6 265.9 269.2 265 259.4 257 258.1 255.7 255 248.4 232.2 226.2 219.2 217.1 214.9 217.2 229.8 234.9 245.6 254.3 265.4 285.4 307.1 330.8 345.9 345.5 334.9 322.7 320.9 320.5 308.9 301.6 298.7
160.3 155.7 150.1 141.1 131.5 123.2 122.1 118.9 121 129.7 139.3 144.1 147.9 153.9 159.8 161.1 164.9 167.8 172.7 180 188.5 197.1 208.5 223.3 237.4 243.1 244.9 244.8 245.9 246.9 246.7 252.6 263.5 259.9 270.9 274.2 282.6 287.1 288 286.2 290.8 289.3 284.3 277.7 273.6 273.1 268.1 268.1 268 261.7 255.4 255.9 256.2 255 248.9 238.7 227.1 220.8 217.7 216.7 217.9 235.1 240 247.1 261.6 274.9 286.6 298.1 308.2 324.2 338.2 334.7 330.5 323.1 313.1 306.6 305.7 309.9
160.9 157.4 151.9 144.5 134.4 125.5 121.5 118.9 121.1 129.7 141 144.2 151.3 157.9 160 162.1 163.9 167.2 172.5 178.3 186.2 195 205.8 221.4 231.4 237.8 240.6 241.7 243.3 243.7 245.2 248.7 258.2 266.4 279.2 284.1 291.1 296 305 299.9 302.1 299.7 289.9 283.1 280.1 276.4 271.7 271.2 270.3 264.7 258.3 256.1 255.1 254.4 251.3 239.9 225.8 218.8 216.3 214.8 214.6 230.9 240.6 244.2 252.2 277.2 279.7 284.9 289 303.5 324.1 328.4 336.6 333.8 319.8 310.8 313.4 306.5
161.3 160.6 156.4 142.1 135.8 128.5 120 119.1 122.5 131.4 143.3 147.8 149.3 154.3 161.2 161.7 163.1 165.9 171.6 176.6 185.2 194.2 203 214.9 225.2 232.8 236.8 239.6 243.3 245.4 247.6 248.2 253.8 264.3 283.2 290.6 295 299.6 310.6 308.2 313.7 307.8 301.9 297.3 291 284 279 275.6 272.1 267.9 264 259.2 254.4 250.9 249.6 239.7 227.4 215.1 215.5 215.7 215.5 224 236.8 248.6 252.9 257.7 274.5 279 286.5 290.7 309.8 324.5 334.1 327.2 320.5 308.8 306.3 299.9
167.5 167.1 156.4 143.5 136.5 128.3 121.3 121.9 125.9 135.6 146.9 150 151.1 152.5 155.3 158.8 162.7 167.7 171.1 174.7 180.4 191.1 198.8 208.2 218.6 227.2 232.1 237.2 246.5 250 251.5 255 258.5 265.8 274.4 283.2 289.9 301.7 311.3 314.1 317.5 313.8 311.9 313.4 303.8 294.9 290.2 283.7 278.3 271.9 268.3 263.5 255.5 251.4 248.9 243.2 230.8 217.8 215.5 217.4 219.2 228.5 235.3 244.5 249.7 257.1 262.7 269.5 277.7 286.5 301.7 320.8 322.7 317.7 311.7 311.4 300.7 297.8
170.2 172.2 159 143.8 137.9 132.6 124.8 123.3 127.6 135.8 146.5 151.5 154.2 156.5 157.9 160.1 163.9 167.4 171.5 174.4 179.1 185.7 193.9 201.5 211.1 220.7 226.7 231.4 242 253.6 257 261.4 268.7 277.7 280 287.9 295.3 310.5 316.9 323.2 324.8 328 321.2 317.7 314.6 305.6 299.6 291.7 286.1 278.5 276.7 273 263.2 255 250.7 244.9 235.5 225.6 216.6 222.2 240.7 236.1 238.6 250 263.3 267.1 270.1 270.8 274.4 284.7 296.6 314.8 315.6 306 304.5 304.9 296.2 292.4
170.8 163.4 150.5 147.9 140.3 132.7 127.8 124.5 129.9 139.4 148.8 152.7 156.6 159.6 160.4 163.7 166 168.9 171.5 174.1 177.4 185.1 190.9 198.3 203.7 214 221.3 224.1 233.6 250.8 255.3 264.5 278.5 280.9 286.4 294.6 306.3 319.9 330.9 333.6 334.6 332.7 330.4 325.9 323.2 320.9 310.7 303.7 294.1 287 282.8 277.1 266.7 258.1 253.8 248.4 243.6 233.1 221.5 226.6 242.9 240.8 239.5 251.8 263 267.8 276.4 285.1 281 283.5 295.6 312.4 306.2 301.3 297.3 296.8 291.4 286.9
162.6 150.7 147.9 143.6 141.8 134.9 131.9 127.8 136.6 146.1 147.6 153.6 156.9 159 161.8 165.4 164.5 165.2 167.3 170.4 175.4 181.5 186.4 194.7 200 207.8 217.4 219.9 224 233.4 244.9 258.7 271.4 282.5 295.9 313.1 321.3 334.9 340.7 342.3 340.2 337.8 338.3 341.4 334.5 327.6 319.4 308.1 299.3 295.1 298.8 285.7 273.8 262.4 249.8 244.9 240.6 235.7 225.6 226.8 237 238.9 242.4 248.1 258.6 261.8 272.4 288.6 287.6 284.3 285.3 297.7 296.3 291.4 289 286.2 283.2 281.3
155.5 153 147.3 143.1 139.5 138.5 134.6 129.7 140.3 147.7 151.9 155 156.2 159.2 161.5 164.7 161.3 160.3 163.3 165.5 170.7 175.6 180.5 188.5 195.3 200.4 211.2 216.8 218.4 225.9 237 249.1 262.8 276.6 295.3 316.8 328.9 339.1 344 350.2 352.6 353.2 351.4 346.3 345.7 335.9 325.7 315.9 309.9 298.7 291.6 287.3 278.3 265.8 258.5 252.1 245.3 235.9 226 223.5 232.1 233.3 245.1 253.2 261 266.3 282.6 288.7 287 282.4 280.4 278.1 280.6 278.9 276.8 275.6 280.5 285
154 151.9 146.5 141.4 138.1 135.7 134.9 134.6 139.7 147.4 152.7 159.1 159.2 161.5 159.4 158.9 159.7 158.8 161.1 165.5 169.7 168.8 173.1 180.3 189.5 195.9 204.2 212.5 217.6 221.9 232.6 243.8 257.2 270.1 283.1 305.2 320.4 330.4 345.1 354.8 360.3 363.7 358.4 354.4 346.2 338.9 331.8 322.4 312.7 305 299.3 292.5 284.3 272 268 263.3 252.9 244.2 235.7 231.3 230.9 233 239.7 249.6 263.6 271.2 283.4 289.7 290.5 283.7 276.1 271.9 271.2 268.4 268.9 274.4 283.5 288.1
154.6 152.1 147 142 137.9 136.6 135.3 139.1 140.1 148.6 154 160.6 161.8 159.9 156.7 156.3 157.4 157.6 159.7 163.8 165 165.4 167.8 173.2 181.8 190.6 196.8 206.7 215.1 218.6 226.7 239 252.4 262.3 278 298.9 319.2 334.8 349.8 354.1 354.7 357.9 358.2 355.5 348.5 343.3 336.7 328.1 317.7 310 305.8 297.2 288.1 281.6 274.1 265.9 258.4 246.8 241.2 240.4 230.2 237.2 246.1 249.2 257.7 271.5 282.6 286.8 286.6 283.6 273.6 270.6 267.8 267.9 272.6 283.7 295.8 301.6
155.9 153.7 149 144 139.7 137.3 134.3 136 140.5 148.1 151.7 155.5 157.2 157 154.1 153.8 157.3 157 158.7 159.9 160.8 162.8 166.6 171 175.7 183.4 192.5 197.9 209.4 216 220.6 233.1 246 261.8 278.1 297.3 321.7 341.3 356.6 365.3 367.6 364.7 361.3 356.9 356.9 351.8 341.1 332.7 322.9 312.7 307.5 300.2 291 282.3 276.7 268.9 258.3 250.4 244.6 246.9 236.5 234.8 245.3 246.4 256.4 268 275.1 280.4 281 280.3 272.5 268 267 268.7 285.8 311.6 313.4 319.7
158.1 155.3 151.9 146.3 140.7 137.4 134.3 135.4 139.3 146.7 148.6 150.9 152.3 151.6 151.8 150.9 151.2 155.1 155.7 156.9 157 157.6 160.7 167.5 171.5 177.7 186 193 202.3 211.6 217.2 227.4 240.8 255.3 276.3 298.2 316.4 332.5 353.9 368.5 371.6 374.7 370.7 362 357.9 353.6 347.4 338.7 324.9 314.9 312.6 302.8 293.9 285 277.7 272.3 261.8 258.1 251.3 249.2 244.7 233.7 239 242.5 249.7 259.8 266.2 268.5 272.3 270.9 268.3 264.8 266.9 289.8 318.4 326 336.1 349.8
159.1 155.2 151.1 147.4 142.2 137.8 135.8 136.4 137.9 144.8 147.1 147.7 147.7 147.9 148.9 148.8 148.7 151.5 152.6 153.2 156.9 158 158.7 162.9 168 174.5 179.6 187.4 192.1 203.8 213.9 224 238.1 254 272.7 293.5 308 327.2 345 360.8 366.3 370.5 369.7 366.3 359.9 351.8 344.8 340.5 326.6 316.6 310 303.3 294.9 288.4 281.5 272.9 263.7 259.3 255.7 249.2 243.5 238.7 237.2 239.7 253.9 252 256 262.4 262.5 259.3 255.3 257.5 266.2 285.5 307.3 328.6 356.4 364.1
162.4 156.2 150.8 147.8 142.8 137.6 137.9 136.6 137.5 144.6 147.1 144.2 144.5 145.4 145.8 146.1 146.3 147.8 148.8 150.3 154.9 158.7 159.6 160.1 163.4 171.4 180 184.8 190.5 197.8 207.7 220.1 235.1 257.7 271.9 285.2 303 321.6 333.1 346.5 355.1 360.4 360.9 360.2 354.7 352.7 345.9 336.3 328.6 318.3 307.1 301.2 297.5 289.5 282 273.5 264.3 260.7 256.5 250.4 244.7 240.9 238.1 239.7 241.2 247.7 248.4 251.3 253.3 249.9 250.8 264.4 275 296.7 327.8 348.2 364.3 381.2
166.1 157.6 151.4 147.6 143.7 144.5 139 135 136.1 140.5 141.4 143.8 143.3 143.6 144 144.6 145.2 145.7 146.8 148.5 152.1 158.6 160 159.5 163.3 168.7 177.2 184.8 193.7 200.9 208.6 224.5 242.3 262.4 275.8 285.2 300.1 315.8 334.1 347.8 350.6 354.6 353.9 357 355.2 358.3 353 342.6 332.5 319.4 310.5 302.8 299.7 292.2 283.9 273.5 266.7 263.1 257.7 251.7 249.9 242.4 239.4 239.2 240.4 243.2 244.5 247.6 248.2 246.9 254.2 268.4 283 307.8 328 351.7 373.2 391
