WholeMapElevations/data/ng/ng75_OST50GRID_20230518/NG75.asc
ncols 200
nrows 200
xllcorner 170000
yllcorner 850000
cellsize 50
[rows 105 to 139 of 200, columns 79 to 157 of 200]
161.6 162.5 164.7 177.5 183.7 187.7 196.5 203.9 207.6 214.6 217.2 212.1 213.7 215.8 216.1 214.8 213.6 210.8 209.6 205.8 212.9 214.1 205.8 205.8 210.4 220.1 221.9 231.5 246.4 266.1 265 254.3 238.3 237.4 220.7 214.9 216.2 203.8 192.8 190 185.5 179.5 171.3 168.2 167.1 168.9 161 165.3 160.6 154.5 147.3 140.1 134.1 128.8 124.8 124.7 125 131.5 150 157.2 169.5 176 169.6 171.9 170.1 167.9 164.2 150.8 139.4 127 121.3 121.3 121.3 121.3 126 122.3 123 132.5 119.1
163.6 164.7 168.6 178.4 179.5 184.2 191 197.3 206.8 215.1 217.2 217.6 212.1 218.3 217.1 215.4 213.3 211.4 211.3 205.8 205.8 205.8 205.8 205.8 212.7 219.7 227.5 245 261.2 272.1 275.4 262.8 251.5 237.8 229.7 220.3 213.1 208.5 201.9 190.2 185.7 180.6 172.5 170 169.2 175.1 172.8 172.8 167 160.8 156.3 147.7 140.8 135.9 132.1 129.8 129.9 131.1 150.4 160.4 167.4 182.1 178.2 173.7 173.3 170.5 167 152.3 138.1 125.3 121.3 121.3 121.3 123.7 124.7 126.2 133.3 136.9 124.6
166.1 166.5 166 178.6 186.1 186.2 189.1 194.9 202.9 211.8 215.9 219.6 219.4 222.9 223.2 219.8 213.4 211.4 205.8 205.8 205.8 205.8 205.8 205.8 214.2 220.1 238.2 266 263.5 273.8 278 265 252.9 245.6 234.5 229.3 223 209.9 205.5 200.2 183.9 177.5 171.6 170.4 172.5 176.7 177.1 176.4 173.7 170.7 165.8 161.9 151 143.1 137.5 135.2 133.9 131.4 147.5 160.8 167.9 175.3 176.9 174.6 173.9 172.9 168.6 158.3 138 125.1 121.3 121.3 121.3 126 130.6 132.5 138.1 142.2 128
167.1 167.9 166.7 177 185.5 193.2 194 194.2 199.6 207.8 213.2 217.6 217.5 221.5 223.9 224.8 220.7 212.3 207 205.8 213.9 217.1 215.7 212 214 215.1 228.9 253.5 253.9 265.5 275.3 274.5 259 247.9 238.5 231.3 227 209 207 199.4 186.4 177.8 172.6 171.7 175.9 177.3 180.9 180.7 180.1 181.7 179.3 172.6 161.5 152.1 145.1 141.8 142 130.7 140.1 154.6 163 172.7 178.5 175.1 174.6 174.1 169.9 156.7 140.3 126.7 123.1 125.8 127.3 137 143.4 146.5 144.8 145.9 136.4
176.3 170.5 168.2 171.3 180.6 189.8 194.5 197.9 202.4 204 210 214.9 215.6 219 221.1 222.3 226.4 216.2 212.1 212.7 220.5 231.3 230.1 215.8 213.3 216.5 224.2 241.2 251.4 259.7 272 269 260.3 254 242 231.4 225.2 208.4 204.3 206.4 195.3 188 181.6 174.5 175.3 185.3 186.5 186.2 183.6 183.3 188.9 184.4 170.5 161.5 152.3 146.8 141.9 135.9 134.9 150.6 157.3 165 175.4 173.3 172.3 173.2 169.8 158.3 141.5 129.7 125.3 124.8 134.2 145.5 153.7 150.2 160.2 153.5 139.6
182.9 175 170 169 173.7 186.2 198.6 204.4 204.2 208 208 214.3 214.8 217.7 218.1 223.1 225.9 223.8 214.2 214.6 219.8 235.8 243.6 224.6 218.8 219.2 226.8 244.2 250.4 263.8 261.9 260.2 259.7 259.1 244.8 231.2 213.6 206.4 204.1 211.4 209 197.1 188.8 176.9 176.4 186.7 191.2 188.9 185.6 183.9 183.7 182.9 176.7 167.5 159.2 153.8 148.2 142.5 139.6 143.3 151.2 159.4 168 169.8 167.9 171.5 169.3 159.4 143.7 138.9 128.3 125.9 138.3 147.1 150.6 154.3 165.3 157.8 147.1
191.1 177.8 170.4 168.8 176.4 193.3 203.8 206.4 211.3 207.9 207.1 209.9 209.9 215.4 219.3 219.8 225.4 226.2 225.1 220 224.3 238.9 241.6 231.2 223.6 222.4 231.9 256.4 254.4 261.9 258 254.7 260.6 261.6 244.2 232.6 216.8 205.3 202.9 205.9 198.7 200.1 189.5 181 179.4 185.8 192.4 195.1 191.1 186.2 181.7 178.8 174 167.3 164.7 157.7 149.7 145.6 142.5 139.9 147.9 154.3 159.7 162.4 162.7 164.4 164 162.1 148.2 139.4 133.2 127 138 147.3 149.2 158.4 162.2 163 153.4
188.3 185.5 175.9 170.1 180.6 192.6 201.7 206 212.9 211.4 210.3 207.8 204.5 206.5 220.3 217.8 224 222.6 227.9 231.3 225.9 236.4 240.6 231.4 230.8 227.3 241.7 253.9 251.9 243.3 249.6 259 261.3 262.5 243.1 229.3 214 202.4 199.4 198.4 193.4 192.6 189.3 184.3 184.5 183.8 184.9 192.6 191.3 188.6 182.8 175.1 169.3 162.9 158 159.9 152.3 147.5 146.7 144.7 140.7 149.3 152.1 156.1 157.8 156.5 158.7 158.7 152.4 140.9 135.9 131.4 139.9 147.9 150 154.4 171.8 164.3 179.4
193 186.6 177.3 171.6 182.1 193.6 200.3 205.3 207.5 212.3 207 205 204.5 204.5 219.4 221.8 222.4 219.2 222.7 235 229 230.7 232.3 227.6 232.4 231.6 237.4 250 251 237.2 237.3 247.2 260.6 257.3 250.4 235.6 215.5 201.2 194.9 191.8 190.8 189.3 190 187.2 186.5 185.1 183.8 189.6 190 186.4 182.3 173.9 164.6 158 151.3 152.3 154 148.8 148 147.9 141.7 145.4 146.6 150 154.1 153.5 153 151.2 147.6 139.7 139.6 137.4 147.1 149.2 151.1 153.6 170.3 169 187.1
201.2 192.3 181.3 174.5 181.6 196 200.5 207.8 214.9 211.4 204.5 204.5 204.5 208.7 215.5 221.7 220.7 219.8 220.6 229.3 233.7 229.8 229.4 223.5 227.8 229.8 231.7 243.3 251 238.6 232.3 238.3 248.3 254.2 254.7 240.4 215.3 203.2 193.8 190.7 190.8 191.7 192.9 194 194 200 194.9 191.7 190.8 187.3 180.4 172.9 164.8 156.9 151.1 151.1 151.1 154.8 148.8 147.3 147.1 145 145.7 147.7 148.3 148.9 150.8 144.8 143.3 139.3 141.2 140.6 151.3 155.2 147.7 148.5 162.2 179.6 186.2
210.1 199.1 186.5 178.6 174.8 188.4 199.3 205.5 210.5 215 213.7 204.5 204.5 206.1 220.3 221 221.8 219.9 219.2 223.6 231.8 231 223.3 219.6 225.4 226.9 227.8 237.2 243.9 234.2 229.1 229.3 240.8 244.7 247.8 235.8 226.4 209.3 196.3 192.1 195.3 197 202.6 211.6 216.3 216 208.3 196.2 192.1 189 179.5 174.9 172.1 163.2 152.7 151.1 151.1 156.3 154.4 149 148.1 151 147 145.6 144.6 143.9 144.8 143.3 138.5 137.6 137.3 138 152.9 146.1 144.7 141.9 150.5 168.6 181
216.9 201.9 184 183.8 178.6 184.5 194.5 202.6 207.4 212.7 216.7 213.1 209.1 204.5 216.7 221.1 218.6 214.8 215.8 216.6 226.4 232.2 217.8 214.9 221.5 222.6 223.3 231 236.7 230.9 226.4 227 231.2 233.3 230.9 231.3 237.2 221.9 205.3 198.5 200.7 202.6 212.9 219.5 230.2 232 217.9 204.4 193.9 187.7 181 176.5 176.6 171.5 161.1 151.5 151.1 151.1 159.8 151.8 149.8 152.2 148.8 147.4 143.9 143 141.3 138.7 137 135.7 136.2 135.7 142 137.7 136.3 144.9 155.1 162.1 177.2
215.4 203.4 197 188.7 183 178.9 194 201.5 205.6 209.7 214.1 212.7 221.1 214.2 213.2 217.2 216 211.7 214.1 213.7 218.5 227 219 214.9 220.4 215.5 217.9 225.3 231.7 227.7 224.6 230.8 225.8 224.6 235.5 230.9 241.2 227.8 213.6 211.9 209.1 211.7 212.6 220.9 225.5 229.2 218.9 208.8 199.4 188 177.9 179.3 179.1 176.1 174.4 158.7 151.1 151.1 151.1 151.1 151.5 153.7 151.3 147.7 143.9 142.8 141 139.2 139.7 135.8 134.8 134.3 135.7 130.7 135.6 159 165.3 167.2 178.2
214.4 205.2 202.3 196.1 186.3 180.1 188.8 200.5 201.8 207.1 210.9 211 219.7 220.1 218.6 216.8 210.7 211.4 211.4 212.7 215.1 221.4 218.2 214.9 218 213.2 215.7 221.1 232.7 225.4 222.6 227.4 218.5 219.8 231.1 229.9 234.9 225.7 217.7 211.9 209.5 205.4 213.1 217.6 226.9 221.1 215.9 212.2 204.4 193.3 181.7 173.7 173.5 179.7 177 166.6 152 151.1 151.1 151.1 154.2 157.4 153 150 146.2 142.5 141.1 139.9 139.6 136.8 133.3 132.2 128.1 128.7 157.8 158.2 177 169.6 181.6
217.7 211 204.3 201.8 195.2 192.8 184.1 194.2 196.4 199.3 207 208.4 215.6 223.9 218.1 220.1 212.4 208.7 208.8 208 209.2 215.2 219.2 214.9 218.4 213.7 212.8 219.5 228.9 225.7 218.6 219.3 214 222.7 228.8 229 227.5 220.8 218 213.3 205.5 202.6 204.6 212.2 216.1 217.4 216.1 211.5 207 195 183.3 171.1 166 170.3 168.7 165.2 151.7 151.1 151.1 151.1 154.8 155.2 153.9 152.6 151.5 147.2 141.8 141.8 140.5 139.3 138.2 127.4 126.5 130.2 135.3 142.2 172.4 166.7 180
219.6 214.8 210.3 204.2 201 199.1 192.7 184.3 191.1 194 202.2 204.6 204.5 214.3 214.9 220.4 218.5 209.8 206.7 204.3 205.8 210.5 218.3 215.7 217.5 215.3 207.4 213 221.1 219.8 214.3 212.4 213 224.2 229.3 231.3 226.4 218.5 213.4 212.7 208.3 204.8 204.7 208.7 214.1 216 215 212.7 205.8 197.2 185.2 170.3 165.5 163.2 160.2 157.2 151.1 151.1 151.1 153.6 154.8 154.2 156.6 155.4 152.2 149.9 144 143.5 146.2 144.5 139.2 131.4 126.3 126.9 125.5 133.5 144.8 151.1 166.3
224.7 219.3 212.5 207.8 206 204.2 199.5 192.9 187.2 192.4 198.8 203.4 204.1 206.8 210.7 212.9 216.6 211.7 209.7 203.3 203.8 205.5 212.7 212 208.8 206.9 198.6 210.7 219.3 216.2 214.2 214 215.2 222.7 223.9 231.7 228.9 217.8 212 210.2 203 203.6 204.7 203.6 209.8 213 214.6 211.3 205.3 199.3 190.9 182.8 172.2 166.4 159.1 153.1 151.6 151.4 157.2 163.4 159.7 155.9 156.9 160.3 156.1 153 150.3 145.6 147.6 151.3 139.2 132 124.7 126.4 119.7 135.6 133.2 144.7 148.1
229.3 222.7 215.1 210.4 208 206.4 202.9 195.1 189.9 190 200.2 206.4 205.4 208.4 206.4 210.4 214.8 214.4 210.4 204.5 202.2 202.4 202.9 202.6 200.6 199.5 195 209 210.6 212 218.6 211.8 217.7 219.6 220 223.7 227.9 217.2 211.2 204.8 202 202 202 202 206.4 210.7 212.5 210.5 206.8 202.3 197.7 191.9 182.3 170 163.4 160.2 156.9 157 163.8 166.5 161.6 159.4 161 162.2 160.6 158.4 153.3 149.8 147.9 147.1 142.1 130.3 124.8 119.8 117.1 128.8 136.3 134.5 144.3
231.2 223.6 216.5 211.4 208.9 208.4 204.6 199.2 195.8 189.2 190.7 200.9 199.9 205.1 205.9 211.9 216.1 215.3 212.8 203 202.2 202.2 201.7 199.2 198.5 198 195 202.1 207.7 208.3 217.5 209.7 217.4 217.9 218.4 219.7 223.8 216.9 212.2 205.4 202 202 202 202 203.8 206.9 209.3 208.5 206.4 203.8 199.3 194.5 183.2 173.2 168 174.1 174.2 166.1 166 167.7 170.3 166.2 162.3 162.8 163.6 162.6 154.9 151 146.7 139.5 137.3 129.7 122.1 117.2 116.9 119 132.9 134.5 145.1
230.6 225 217.6 217.8 213.5 211.6 207 202.7 198.7 194 189.8 189.9 196.7 200.3 204.7 209.2 211.9 217.5 213.2 205.4 204 206 205.3 205.7 198.3 195 195 196.6 204 205.8 208 205.9 212.2 217.3 217.2 219.3 217.3 214 209.8 202.5 202 202 202 202 202.1 203 206.5 207.1 206.3 202.3 199.5 194.4 184.5 173.6 173.6 177.7 173.3 168.1 165.7 167.8 172.4 174.5 168 164.5 165.6 167.9 156.2 152.2 146.5 139.3 132.3 125.1 117 115.9 117.7 120.1 126.1 134.2 127.9
230.1 225 221.2 221.9 218.8 213.3 209.7 206.8 202.2 197.5 194 191.3 189.1 192.3 201.4 206.5 210.4 215.1 214.2 209.7 206.2 207.5 206.3 206.5 201.2 195 195 195 195 204.6 202.2 201.2 208.5 214.8 216.7 215 211.6 207.2 203.4 202.4 202.3 202 202 202 202 202 202.9 204.2 204 204.3 200.2 194 184 182.7 182.7 182.5 181.7 173.1 173.3 172.8 171.9 175.9 175.1 170.9 167.6 170.3 163 153.9 146.2 142.2 130.8 121.9 116.7 117 116.5 117.8 118.1 113.2 110.9
235.5 229.1 225.5 225.4 221.1 215.8 213.2 209.5 207.1 202.8 197.9 195.1 193 192.4 191.6 201.5 208.8 209.8 211.9 210.4 207.3 206.9 206.4 205.8 200.8 195 195 195 202.2 205.1 201.6 200 205.8 216.1 216.5 216.3 211.3 205.8 203.3 204 206.2 202 202 202 202 202 202 202.7 200.4 199.7 199.1 192.2 184.6 191.8 193 198.3 194.1 186.5 175.5 176.2 175.8 173.7 178 176.1 172 172 169.3 155 145.1 141.6 133.2 120.1 116.9 119.1 118.1 110.9 107.7 104.7 102.4
235.4 231.8 230.1 227.5 224.3 218.3 216.5 210 209.3 208.6 203.7 197.9 196.5 197.8 196.2 192.1 200.4 205.8 207.8 207.6 206.5 205.4 203.9 207.6 199.9 195 195 195 195 200.7 198.1 200.1 208.7 220.1 217.5 216.3 210.7 206.5 204.2 205.3 205.4 202.3 202 202 202 202 202 203.9 202.5 200.6 193.7 190.4 189 199.4 201 202.3 200.9 194.9 185.2 179.1 179.7 175.7 179.3 178.6 178.1 174.9 174.9 160.8 146.9 142.2 137.9 119.6 119.7 124.6 118.3 116.3 109.7 102.1 99.5
236.9 232.7 234 231.7 225.8 225.3 219.2 213 212.4 211.3 206.1 205 201.1 199.5 199 198.9 194 199.4 202.7 206.1 205.4 204 203.1 207.2 204.9 195 195 195 195 195 195 195 217.7 219.6 218.9 219.1 214.5 208 205.7 205.9 207 205.3 202 202 202 202 203.7 206.6 207 207.1 208.2 210.6 209.8 209.9 208.5 208.3 205.9 205.4 197.5 188.3 184.2 182.2 180.7 179.3 180.1 181.7 176.7 163.9 154.8 145.4 142.8 131.4 126.2 131 134.6 125.4 115.9 108.3 97.5
244.2 238.8 236.2 236.1 230.9 229 222.8 216.2 215.4 213 210.2 206.9 206.9 202.7 200.7 200 198.9 197 200.3 203.3 204.2 201.3 200.2 206.7 204.3 199.2 195 195 195 195 195 199.3 212.2 219 219.7 220.6 218 211.9 208.2 207.1 211.9 212.9 203.2 202 202 202 202.6 207.1 207.4 212.2 213.4 215.3 216.7 215.6 212.8 211.6 209.6 208.2 204.5 199.7 194.9 188.4 186.1 183.1 182.5 183 180.3 169.9 156.3 153.1 145.9 134.6 136.3 143 142.2 133.2 123.2 115.4 106.2
243.5 242.3 238.4 237 234.3 231 229.2 219.4 219.1 218.8 211.3 208.3 209.2 207.8 204 201.7 198.4 196.7 198.3 198.6 195 195 195 202.4 199.8 195 195 195 195 195 199.6 204.2 219.8 221 221.7 222.8 223.7 216.9 210.4 208 209.8 217 213.4 206.6 203.5 202 207.6 207.8 209.8 213.8 213.1 214.1 217.9 218.2 218.4 218.3 215.4 213.3 208.3 202 201.8 198 189.9 186.6 189.9 184.3 180.9 174.7 159.4 156.7 148.8 139.9 143.9 148.5 143.9 134.9 127.3 119.4 110
247.7 244.3 241.3 238.2 236.6 234.1 227.1 221.3 220.4 221.3 212.1 208.9 211.7 210.7 207.1 205.5 203.2 199 196.6 195 195 195 195 195 195 195 195 195 195 196.8 203.6 207.5 221.2 222.1 223.2 224.4 225 219.7 212.9 208.7 208.8 211.3 215.1 215.2 211 209.2 212.7 215.9 225.3 226.9 224.9 214.3 215.5 218.7 221 219.4 221.5 217 215.4 211.4 204.5 205.3 198.1 198.6 190.5 189 183.9 174.9 163.5 156 148.2 150 152 150 146.1 139.2 132.3 120.7 109.9
245.2 248 246.1 238.7 240.2 235.3 226.9 221.8 222.3 224.4 215.7 211.5 212.3 212.1 211 208.8 207.2 204.6 200.4 195 195 195 195 195 195 195 195 195 195 199.7 209.3 214 221.9 227.8 225.2 227.1 225.6 220.2 214.4 211.1 214 213.3 214.4 216.3 216.7 217.5 222.6 226.6 231.4 232.1 232.6 229.6 216.1 216.6 220.4 220.6 221.9 224.9 222.2 217.1 215.5 209.1 208.9 208.1 203.7 194.8 187.9 178.6 167.3 158.1 148.9 152.3 153.9 151.9 149.8 143.4 135.5 121.3 104
250.5 251.1 247.4 241.2 241.7 237.9 232.5 226.3 221.9 217.9 216.2 212 212.3 212.1 211.7 211.2 209.5 208.8 207.3 202.3 195 195 195 195 195 195 195 195 195 199 205.2 213.4 219.5 224.2 228.7 227.5 223.7 215.8 213.3 214.3 220.9 220.1 217.2 218.2 219.7 220.7 225.5 230.6 237.9 240.4 242.3 242.8 234.5 217.1 220.9 224.1 223.5 227.2 225.4 222.5 221 219.6 218.4 215 211.4 205.2 197.2 185.6 177 158.3 148.5 157.3 155.2 156.5 153.9 143.1 136.2 123.9 106.2
257.3 253.9 252.7 246.2 245.1 240.4 234.7 230.1 223.3 218.7 218 214.6 213.3 215.1 214 212.8 211.6 210.9 211.3 210.3 205 196.4 195 195 195 195 195 195 195 198.1 203 207.7 217.6 220.6 228.4 227.7 222.9 216.5 213.7 214.1 221 225.6 225.4 225 230.4 231.5 231.1 236.1 246 250.2 270.1 266 254.1 238 226.5 230.9 233.8 231.9 234.5 232.7 226.5 227.3 222.5 219.5 216.5 210.1 204.4 198.3 184.5 161.3 157.2 162.2 160.8 158.1 150.8 145 133.3 114.6 120.1
262.3 259.8 256.3 253 246.9 243.4 241.5 233.6 223.2 219.6 218.3 218.2 214.2 214.7 217.9 215.7 213.8 213.7 212.6 215.8 215.7 216.9 202.8 195 195 195 195 195 195 198.3 206.7 209.5 217.6 222.2 232.1 230.4 227.2 219.6 215.3 218.6 225 229.6 233.7 236.5 244.2 243.6 242.9 247 252.7 272.7 278.9 282.8 281.7 254.6 241.5 239.5 242.1 243.3 240.8 240.3 238.4 236.5 228.9 227.9 223.6 218.6 212.9 207.9 192.2 167.2 166.7 163.5 159.2 156.5 148.3 140.2 127.9 120.9 130.3
268.6 264.5 256.8 251.9 246.3 246.6 239.9 238.3 228.8 220.7 219.3 218.4 213 215 216 216.3 217 219.4 215 214.8 217.5 223.9 213.9 195.9 195 195 195 195 195 200.1 208.3 214.9 219.2 228.1 235.2 234.4 231.9 224.1 222.7 228.5 230.3 231.2 236.3 245 252.2 257.1 253.7 256.9 263.9 286.5 288.3 295.1 292.5 276.6 265.8 258.9 251.1 249.2 248.8 249.8 247.2 243.5 241.4 233.1 229.9 223.8 215.9 211.5 199.3 175.2 170.3 169.3 160.5 153.4 144.3 129.1 124.4 125.9 131.5
267.5 267.1 256.5 254.2 246.2 245.4 243.8 240.6 238.9 232 221.5 220.1 216.2 215 216.3 220.5 221.4 220.2 217.8 215.6 217.3 219.5 215.9 204.7 196.4 195 195 195 195 201.9 211.2 219 223.6 237 240.8 240 235 229.2 227 235.4 234.4 235.2 243.3 246.7 256.3 265.7 264.2 268.7 282.2 301.1 308.4 307.9 304 297.9 282.7 280.6 274.8 267.3 262.6 260.8 259 255 247.7 243 236.7 233.5 223.2 216.2 205.6 179.9 168 174.5 164.3 149.6 135.6 126.1 123.1 126 134.1
267.4 267 258 255.9 248 252.6 251.6 252.6 243.6 238.3 232.4 224.8 221 217.6 219.3 221.1 224.3 222.4 219.3 216.3 218.3 219.5 220.7 213.6 204.3 195 195 195 195 198.9 222.3 222.9 226.9 240.4 242.6 240.3 237 231.9 231.9 235.4 236 242.3 244.5 244.2 263 274.9 275.8 279.1 305.2 322.5 324.5 320.8 321 314.2 308.9 298.2 287.7 284.7 281.3 277.1 266.9 266.7 261.9 252.8 248.2 236.5 231.1 223 211.6 182.5 172 180.7 162.2 144.1 128.3 124.1 124 125.7 129.2
272 275.1 268.3 272.8 268.3 260.8 256 255.6 248.1 248.1 239.7 227 228.3 226.6 225.8 225.5 225.3 223 221.5 219.3 219.8 222 223.9 222.1 215.6 203.5 195 195 195 198.7 215.9 224.3 230.5 238.5 241 238.3 235.1 235.7 235.1 235.8 241.4 248.7 244.8 251.4 269.5 278.1 284.5 297.2 329.5 335.3 336.2 332.8 332.8 327.9 327 320.1 311.6 304.6 300.4 293.8 281.2 278.9 269.8 261.2 253 243 237.3 225.4 213.1 190.5 180.3 180.7 157.4 137.6 126.1 124.2 127.6 131.6 131
