WholeMapElevations/data/nn/nn81_OST50GRID_20230518/NN81.asc
ncols 200
nrows 200
xllcorner 280000
yllcorner 710000
cellsize 50
[rows 35 to 69 of 200, columns 79 to 157 of 200]
106 104.9 103.9 101.9 97.6 94.9 91.9 88.3 86.5 84.4 82.3 80 77.7 75.4 73.1 70.8 68.5 66.6 65.4 64 63.1 62.5 61.8 60.9 60.1 58.9 59 59 57.9 57.3 57.5 57.8 57.7 56.7 55.5 54.8 55 55.6 55.9 55 53.6 52.4 52 51.7 52 52.1 51.5 51 49.7 50.2 47.4 47.3 47.4 45.9 44.7 43.5 42.2 42.4 41.9 41.4 40.5 40.6 38.9 38.9 39.2 41 40 40.7 39.6 40.6 40.3 39.7 39.7 38.6 39.9 40.7 40.3 39.9 38.6
109.2 109 106.2 103.4 101.4 98.9 96.3 94.4 92.6 90.4 88.7 86.9 85.5 83.3 81.2 79.5 77.8 76.6 75.5 73.3 71.2 70.6 70.1 69.7 70.1 67.1 66.7 67.9 66.2 64.9 64.6 63.5 62.5 61.3 60.1 57.5 57.7 57.1 55.8 53.3 51 50.1 49.3 49.7 49.5 49.4 49.5 47.4 46.1 43.8 44.6 44.3 43.5 41.9 40.7 40.2 39.6 38.8 39.1 38 38.1 38.7 37.9 38.3 37 37.4 37.3 36.8 37.1 37.2 39 39.5 38 35.5 35.7 35 33.9 34.5 34
114.7 113.7 110.8 108.7 109.3 106.9 104.1 101 98.8 99.1 96.2 95.3 94 92.8 90.1 88.9 87.6 86.6 85.7 83.6 81.3 79.4 78.8 79.1 80.6 75.3 73.1 72.5 69.7 67.1 65.4 64.7 64.5 62.3 59.1 58.5 55.9 53.1 52.2 52.4 52.6 52 51.6 51.1 50.8 50.1 48.4 47.4 44 43.4 42.2 40.7 40.8 39.7 39.2 39.1 38.6 38.3 39.5 38.6 40.6 40.1 39.7 38.4 39.3 38.8 41.5 39.1 37 36.9 36.9 37 36 34.9 36.2 36.4 37.1 36.2 35.1
120.1 119.3 116.1 114.7 115.9 114.9 112.2 109.7 109.6 111.9 115.5 109.5 104.5 100.4 99.7 97.2 96 94.2 93.6 90.7 89.9 85.8 83.7 81.6 78.6 76.4 73.8 70.9 69.7 68.9 66.2 64.3 63.5 59.8 58 57.5 55.6 54.3 53.3 53.2 52.6 51.8 51.6 50.8 50.1 49 48.4 46.2 43.8 43.2 41.5 42.3 42 40.7 40 39.3 39 39.7 40.8 40.3 41.5 41 39.9 40.4 42.2 42.2 42.3 41.8 39.9 40.6 42.5 42.4 40.8 41.3 42 42.1 41.7 40.9 40
126 125.3 122.9 123.4 123.3 120 117.7 115.5 120.3 120.5 117.4 108.4 103.1 100.4 96.3 92.5 89.2 87 85.3 83.9 81.9 80.4 79.5 78 78.2 77.2 75.2 73.1 73.4 69.5 66.9 64.1 62 59.9 57.6 56.4 54.2 53.2 51.8 50.8 50.1 50.6 48.3 47.5 46.9 46.2 45.5 45.3 43.1 42.2 42.5 43 42.5 41.7 41.7 41.7 41.5 40.7 41.7 42.1 44 44.6 43.8 45.5 45.9 46.6 46.9 45.3 43.3 43.1 46.2 47.8 47.2 47.5 47.6 46.9 46 44.5 42.8
131.4 129.6 130.6 126.9 124.7 119.2 115 110.7 106.5 102.8 102.2 99.8 97.8 96 96.4 94.9 93.8 90.2 88.2 85.4 82.9 82 78.2 73.6 72.5 71.5 70.3 69.1 67.5 64.2 62.3 60.6 59.5 57.9 56.1 54.3 52 50.5 50.2 49 48.7 49.4 47.2 46.8 46.1 45.3 43.9 45.2 44.8 43.9 44.4 44.8 45 43.7 43.4 43.8 43.6 42.5 42.8 42.9 46 49 49.9 50 49.7 50.9 50.7 49 48.5 49 51.4 50.8 51.1 50.7 50.3 47.9 45.5 43.5 42.8
131.5 128.2 123.5 119.8 117.6 114.4 109.8 106.4 103.9 103 102.2 99.6 97.8 96.6 95.1 91.4 89.2 85.8 83.9 80 78.5 76.8 72.6 71.1 69.2 67.1 65.5 64.3 62.5 61 60.2 59 57.7 56.4 55.7 55.6 54.5 52.8 52.9 51.2 50.7 49.1 48.9 48.4 47.6 47.1 47.1 48 47.4 47.1 47.1 48.1 48.4 47.6 45.5 45.4 44.8 44.1 44.6 46.3 49.9 50.9 52.5 52.5 54.2 55.6 55.7 55 53.2 52.2 51.4 50.7 50.6 50.6 50.5 48.9 44.2 42.1 41.5
126.6 123.2 119.5 116.1 113.4 111.4 108.1 106.4 105.5 103.4 100.4 96.3 93 89.8 85.9 85 83.2 81.2 78.8 77.1 77.1 75.9 73.2 70.1 69.1 66.7 64.6 63.6 64.2 63 62 61.1 60.3 59.4 58.6 57.8 56.5 55.1 54.5 54.1 53.7 53.4 53.6 54.3 53.2 51.6 50.9 51.2 50.6 50.8 51.1 52 51.8 51.4 49 47.1 46.4 47.2 48.2 50.3 51.9 53.6 55.8 57.8 57.8 58.5 56.4 55 52.7 53.4 52.6 52.4 51.4 50.7 49.8 47 43.7 42.2 43.3
125.8 121.8 117.9 118.1 114.5 111.8 106.7 103.5 100.6 97.4 93.9 92.1 89.6 89.5 89.7 90.1 87.7 85.3 82.9 82 81.3 79.9 77.4 75.3 76 73.4 70.8 70.2 68.8 66.8 65.9 66.3 64.2 63.4 62.8 62.1 61 59.7 59.3 59 58.6 58.4 58.4 58.7 58.8 57.8 56.3 54.5 54.9 56 56.5 55.7 56 54.4 53.3 52.1 52 52.3 51.2 50.3 50.4 50.4 50.9 51.8 51.7 52.7 52.2 53.2 53.4 54.6 54.7 53.4 49.5 48.3 46.5 44.5 43.6 45.2 44.7
124.7 121.1 118.2 115.9 114.4 110.2 106.2 102 99.3 98.3 97.9 95.5 94.9 95.1 95 95 91.2 87.7 86.7 88 86.6 85.6 82.8 80.7 80.2 79.6 77.2 75.3 73.8 72.3 70.9 69.9 68.3 67.9 67.3 66.5 65.5 64.4 64 63.5 63.3 62 60.4 60.4 60.3 59.2 57.3 55.5 56.8 59.3 57.7 57.3 55.6 54.6 53.9 53.4 53.6 53 51.2 50.6 50.3 49.9 49.1 49.3 48.5 48.9 49.2 50.3 50.4 50.5 52.1 51.3 49.5 47.6 46.1 45.2 46.2 46.7 46
124.1 120.2 116.8 114.4 112.6 108.8 108.9 109 107 106.2 104.7 102.1 100.7 101 102.5 100.3 97.1 93.9 94.8 94.8 92.9 91.3 89.4 87.4 85.1 84.2 83.1 80.8 80.2 77.2 76.2 74.1 72.5 70.1 71.8 71 70 69.1 67.3 66.2 65 64 62.6 61.1 60.9 59.7 58.4 57.7 58.3 59.6 58.2 58.9 56.7 57.1 55.7 54.8 54.9 55.6 55.2 53.6 51.9 51.3 50.4 50.2 49.6 48.5 48.1 47.5 47.3 47.6 48.5 50.8 51.1 48.9 47.6 48 49.6 49.2 48.5
124.7 123.2 120.8 118 115 114.4 113.4 114.4 113.6 111.9 109.9 107.5 105.4 105.9 106.5 103.8 103 100.9 101.3 100.7 98.5 96.8 94.7 93.2 90.5 90.1 88.9 86.5 85.3 83.5 81.4 78.6 76.8 74.4 73.7 72.9 71.6 69.5 67.8 66.1 65.5 65.7 66.7 66 65.4 64.4 61.4 61.2 61.5 61.7 61 60 58.6 59.1 58.1 56.5 55.9 56.1 54.9 54.8 53.5 52.2 51.2 51 50.8 50.8 50.5 49.4 48.8 49 49.3 50.5 50.3 49.7 48.4 51.2 52.1 52.2 50.7
130.1 128.3 125.6 123 120.5 119.9 117.8 119.9 118.4 116.4 114.3 112.3 109.4 111.2 110.7 110.4 110 108.2 106.3 105.6 103.8 101.7 99.5 98 96.9 96.3 95 92.9 89.7 87.8 85.8 83.4 81.1 78.6 76.3 74.9 73.6 72 70 68.7 67.9 67.6 69.7 68.7 67.1 66.7 64.3 64 63.9 63.8 63.3 62.2 61.8 61.5 60.9 58.8 56.1 55.2 54.7 53.9 52.7 52.4 52.2 52 52.4 53.8 51.6 51.3 50.6 50.7 50.7 51 52.3 52.5 51.8 52.4 53.8 52.4 51.8
135.5 133.2 130.5 128.3 126.4 126.2 126.4 125 122.9 120.8 118.7 116.7 114.6 114.6 115.6 116.2 114.6 112.9 110.6 110.1 108.8 106.6 104.4 102.9 102.2 100.9 97.9 95 93.1 91.4 89.7 86.9 84.4 82.5 80.3 79.2 77.5 74.7 72.8 71.6 70.1 70 70.5 70.4 67.9 67 66.2 66.1 65.5 64.6 65 64.3 63.4 62.8 61 59.3 57.5 57.8 57.4 56.1 54.8 54.5 54.5 53.9 53.2 53 52.7 52.6 52.8 53.6 53.4 52.9 54 55.1 55.3 55.4 54.7 55.3 52.7
140.6 138.3 136.3 134.3 132.2 131.2 131.6 129.9 127.8 125.7 123.6 121.6 119.6 117.9 119.7 119.8 118.8 117.2 114.7 114.4 113.8 111.8 109 106.4 104.5 105 101.5 97.9 96.7 95.5 93.3 90 87.6 85.4 83.2 81.7 80.4 77.9 75.6 74.2 72.3 72.4 72 71.3 68.7 67.3 67.3 67.8 67.3 66.7 66 65.5 64.5 63.2 60.9 59.5 59.5 59.7 59.6 58.2 56.9 56.7 56.6 56.8 56.9 57.1 57.4 57.3 57.9 57.3 56.9 56.8 56.7 57.2 57.8 58 57.3 58 53.2
149.5 146.7 145.1 143.9 140.8 137.1 136.2 134.3 133 131.1 129.2 127.3 125 123 123.5 123 123.1 121.5 118.8 118.2 117.4 115.8 112.4 110 107.6 106.7 104.5 101.8 99.6 98.5 96.3 92.7 89.7 87.5 85.2 83.1 82.1 79.8 76.5 75.2 74.3 73.4 72.9 72.1 69.5 68 67.5 67.2 66.8 66.7 66.5 65.6 64.3 64.5 61.5 61.6 62.2 62 62.3 60.8 58.9 58.7 58.7 58.9 59.3 61.1 60.5 60.6 59.9 59.5 59.4 59.5 59 58.6 59.1 58.7 58.1 56.5 54.8
153.9 151.5 149.5 147.6 145.2 142.1 139.7 137.8 137.2 136.6 134.9 132.7 130 128 128.8 127.8 126.4 125.1 122.6 120.6 118.7 116.6 115.4 112.7 109.4 108 105.9 104.3 101.8 99.9 98.8 95.3 91.8 89.5 87.2 84.8 82.7 79.3 77.8 77 76.6 74.3 74.2 73.5 70.2 68.3 67.6 68.4 67.2 66.3 64.8 65.6 63.9 63.4 63.7 63.4 63.5 63.6 63.7 62.2 60.9 60.3 60.6 60.9 61 59.9 59.4 60 60.6 59.4 59.9 59.9 58.4 58 57.7 57.3 57.3 55.5 55.5
153.9 152.6 151.9 151.9 149.7 146.7 145.5 144.3 142.1 141.1 139.6 137.8 135.2 133.2 132.5 130.9 129.1 128.1 126.6 124.4 121.9 119.7 117.2 113.9 111.4 109.3 107.6 106.1 103.9 101.8 100.2 98.4 93.9 91.5 89.1 86.8 84.5 82.1 81.6 79.7 78.9 76.6 75.7 74 71.8 71.1 70.6 70.4 70.5 71.1 68.8 66 66.2 67.3 65.1 63.7 63.9 64.2 64.5 63.5 63.3 61.4 61.6 61.7 61.1 60.2 59.8 60.4 61.1 60.2 60.8 60.5 59.7 59.2 59 58.2 58.5 58.6 58.9
154.1 153.7 154.6 155.3 154 151.6 150.1 147.2 145.2 144.1 142.5 141.1 139.2 137.4 137 135.7 132.4 130.8 130 127.8 125 122.9 120.1 117.3 114.3 112.1 110.3 107.3 105.1 102.8 100 98.7 95.7 93.5 91.2 89.1 86.8 84.1 82.4 83.1 80.7 77.1 73.8 74.1 73 73.3 71.3 70.7 71.4 69.8 68.8 67.9 68.8 69 66 65.3 64.8 64.9 65.1 65.4 64.4 63 62.4 61.8 61.2 60.4 60.3 60.3 60.9 61.1 61.1 60.7 60.6 61 60.1 59.2 59.6 59.7 60
155.2 155.8 156.6 157.8 157.6 154.9 152 148.9 146.9 144.7 144 143.6 142.2 141 140.5 139.6 136.3 133.4 132.7 131.1 127.9 125.2 122.7 119.8 117.3 115 111.2 108.9 105.7 103.5 100.6 97.9 95.8 94.2 92.9 91.4 89.2 85.4 83.4 82.2 78.2 78.9 77.8 78.6 74.8 73.5 72.6 72.8 71.9 71 71.2 70.4 70.1 68.6 66.4 65.3 66.3 67.2 67.2 66.3 65.3 64 63.6 63.2 62.8 62.4 61.3 61.1 60.6 61.7 61.6 61.3 61.9 61.8 61.1 60.1 59.8 60.1 60.5
157.3 157.7 158.4 160 160.6 156.2 153.4 150.6 148.2 147.1 146.4 145.8 145.4 144.3 143.1 141.2 139.2 136.8 134.5 132.7 130.4 127.5 124.4 121.9 119.2 115.4 112.7 110.7 106.8 104.7 101.9 99.8 97.2 95.3 93.7 91.8 90.1 87.6 87 85.1 82.7 82 81.2 77.8 76.4 74.5 73.4 72.8 72.1 71.6 70.6 69.2 68.7 68.2 67.2 66.8 68 69.1 68.5 68 67 65.4 66.1 65.8 63.9 62.6 62.9 62.6 61.4 61.7 62.2 62.5 61.9 61.4 61.1 60.8 60.3 60.6 60.9
159.3 159.6 160.2 160.6 159.9 157.4 154.4 151.1 149.2 148.7 148.1 147.5 146.7 145.3 143.9 141.9 140.3 138.4 136 133.5 131.1 128.6 126 123.9 120.5 116.9 114.5 112.2 110 108.1 106.1 103.6 100.8 98.6 96.2 95 94 92.1 90.2 89.2 87 84.8 81.6 79.1 78.8 76.4 75 74.2 73.2 71.9 70.9 70.9 70 69.4 68.8 68.5 69.5 70.4 70.5 69.8 68.8 68.2 67.3 64.9 63.2 64.5 66 63.6 62.2 62.2 62.6 62.1 61.5 61 60.9 61.6 61.4 61.7 62
158.9 158.3 158.7 159.2 159 156.4 153.5 150.2 149.4 148.8 148.2 147.3 146.5 145.7 144.6 143.1 142 140.3 138 135.7 133.2 131.4 129.5 126.9 123.8 120.2 117 113.9 111.3 109.3 108.3 106.8 105.1 101.8 99 98.2 97 95.3 93.4 92.2 89.6 87.4 84.3 82.3 81 79.4 77.5 76.3 75.7 74.3 74.3 72.4 71.3 71.1 71.3 72.1 73.3 73.2 70 69.5 69.9 67.6 66.4 65.8 66 67 65.9 64.6 63.1 63.3 63.9 63.5 62.4 61.2 61.1 62 62.5 62.7 62.8
158 158.2 158.4 158.6 157.5 155.2 152.6 150.1 149.5 148.7 147.9 147 146.2 145.4 145.1 144.5 143.4 142.2 140.7 138.4 135.4 133.4 130.7 128.3 126.2 122.1 117.6 115.3 113 110.4 108.1 106.4 104.7 102.7 100.9 99.5 98.7 97.4 94.6 93.1 91.7 90.1 87.3 84.9 83.7 82.4 81.1 80.8 79.1 76.7 75.5 75.3 74.1 76 75.1 74.3 77.3 75.7 73.4 72.7 71.1 69.6 70.6 69.5 69.1 67.6 66 64.9 65.4 64.7 65 64.7 64.3 63.4 62.7 63.3 63.1 63.3 63.3
158.2 158.1 158.4 157.5 156 153.9 151.6 150.2 149.3 148.4 147.5 146.7 145.9 145.2 145.5 145.2 144.7 143.4 141.9 140.5 138.5 135.2 133.2 131 128.5 124.6 120 117.7 115.6 113 110.6 108.6 107.1 105.5 104.1 103 101.6 99.6 96.4 95.2 93.4 92.9 91.2 90.3 89.2 86.4 86.2 85.4 81.9 81.1 81.2 78.9 77.9 79.4 76.8 76.4 76.9 76.1 74.4 74.6 74.9 74 73.4 72.7 71.5 70.1 70.2 67.7 67.7 66.7 66.4 66.1 65 64.7 64.2 64 63.7 63.6 63.8
158.4 158.2 157.2 155.8 154.1 151.9 150.6 149.9 149 148.1 147.2 146.4 145.6 145.7 146 145.7 145.4 144.8 143.5 142.3 140.1 137.8 135.3 132.8 130.3 126.8 122.6 120.5 118.3 116.2 114.1 112 110.9 109.6 108.1 106.9 105.4 102.5 101 99.7 98 98.3 95.8 95.3 93 91.9 90.9 89.7 88.5 85.9 84.2 81.5 80.2 79.8 79.2 76.4 76.9 76 75.9 74.5 73.7 71.8 71.4 71.6 69.4 70.9 70.5 69.3 68.2 67.4 67.6 66.8 65.1 64.6 65 64.6 64.3 64.1 64.1
158 156.4 154.9 153.3 151.6 150.5 150 149.5 148.7 147.8 146.9 146.1 145.9 146.2 146.5 146.2 145.9 145.5 145.5 144 142 139.9 137.5 135 132.4 129.9 126.7 124.6 122.6 120.2 118 116 114 114.5 113.5 111.6 109.8 108.5 106 104.9 104.5 102.4 101.9 99.1 97.5 94.8 92.7 92.8 90.6 88.6 86.1 83.6 82.5 81.3 79.1 77.4 76.7 75.9 75 73.7 73.7 72.4 72.6 71.6 69.9 69.5 69 68.5 68.1 67.4 67 66.3 65.2 65.3 65 65.2 64.8 64.7 64.5
156.8 155.2 153.8 152 150.4 149.9 149.4 148.9 148.3 147.5 146.6 146 146.3 146.7 147 146.7 146.3 145.6 144.3 143.5 142.7 141 139.3 137.1 134.2 132.1 129.9 127.3 125.6 124.6 122.9 120.7 118.5 117.9 118.5 116.6 114.4 112.1 110.5 109.9 107.6 104.3 101.6 100.4 100.1 97.8 95.1 94.3 93.7 90.8 89.4 88.5 85.6 83.5 81.9 78.7 78.4 78.3 75.4 74 74 73.4 73.1 72.6 70.4 70.2 69.9 68.5 68.5 67.6 66.8 65.9 65.6 64.6 65.7 64.4 65.4 65.3 65.1
155.6 154.6 153.2 151.3 149.6 149.2 148.7 148.2 147.7 147.2 146.3 146.5 146.8 147.3 147.3 146.5 145.9 145.1 143.2 141.6 141.1 140.7 139.1 137.1 135 133.9 132.4 130.8 127.6 125.4 125.8 125.3 122.7 121.4 120.3 119.4 117.6 116.9 115.7 111.9 108.4 107.4 107.2 105.5 103.8 105 101.8 99.4 97.3 93.9 92.6 93.2 88.6 87.2 84.1 80.9 81.6 79.9 78.9 78.3 75.7 75.2 76.5 73.6 71.6 70.7 70.7 71.7 70 70.1 68.9 67.7 67.9 67.1 67.5 66.9 66.4 65.7 65.6
154.2 153.6 152.2 150.4 148.8 148.3 147.9 147.4 146.9 146.5 146.1 146.6 147.1 147.5 147.1 146.3 145.5 143.8 142.2 140.5 139 138.3 137.9 136.9 134.9 135.4 134.2 132.9 131.7 130 127.7 127.2 126.2 125 123.8 122.1 119.8 117.9 116 113.7 111.8 110.9 108.7 107.9 105.9 105.3 104.1 102.2 99.7 96.2 94.4 93.2 90 88.4 86 85.8 85 81.8 81.1 79.2 78.1 77 77.2 74.6 74.7 73.9 74.4 74 72 70.6 70.8 69.4 69.8 69.6 68.8 68 67.4 67.1 68.2
152 151.2 150 148.1 147.6 147.3 146.8 146.4 145.9 145.5 145 144.4 144.6 144.8 144.5 144.1 143.8 142.9 141.9 141 139.6 137.7 136.8 135.9 135.2 135.6 134.3 133.6 132.8 131.9 130.6 129.4 126.8 126.4 125.7 124.4 122.1 120 117.8 118.1 113.7 111.3 111.5 111.9 110.3 108.9 107.7 104.4 100.9 99.6 96.7 95.3 93.3 91.6 88.5 89.8 87.8 84.8 83.9 84 82.2 82.5 79.8 77.5 77.3 76.4 75.3 74.7 73.6 72.2 72.4 71.5 70.1 69.9 69.9 69 68.5 68.2 69
149.9 148.8 147.8 146.8 146.5 146.1 145.7 145.4 144.9 144.5 144 143.4 142.9 142.5 142.3 142 141.8 141.4 141.1 140.8 140 138.1 136.4 135.5 135.2 134.6 133.6 133.5 133 132.2 133.7 132.7 130.9 128.2 127.9 126.9 124.8 122.8 120.8 119.1 118.1 116.6 114.7 113.9 111.6 109.2 107.4 105 104.2 102.2 100.6 100.8 96.9 94.5 94 92 89.6 86.8 86.3 85.9 85.8 83.2 81.5 81.4 79.7 78.9 78.5 78.1 75.9 75 73.9 72.2 71.1 70.2 70.5 70.1 69.5 69.8 69.7
147.7 146.6 146 145.6 145.3 144.9 144.4 143.6 142.7 142.9 142.9 142.3 142.2 142.1 141.9 140.9 140.1 141.3 141 138.9 140 137.2 135.5 135.4 134.8 133.4 133.3 133.4 133.2 133.6 134.6 134.3 133.3 130.9 131 129.4 127.6 125.5 123.7 122 120.5 119.5 117.6 117.8 115.8 112.9 111.3 107.9 107.1 104.5 102.6 101.2 101 100 98.3 96.7 93.8 93.1 92.2 89.9 87.5 87.8 87.4 84.4 83.2 82.2 81.8 79.6 77.8 77.3 74.9 73.9 72.8 71.8 71 71 70.6 70.8 71.3
145.2 145 145 144.3 143.2 142.3 141.7 140.9 139.7 138.5 138.9 138.9 139.4 139.9 139.7 138.7 137.3 137 136.2 134.6 133.9 133.5 134.3 133.4 132.5 132.8 132.7 132.8 133.3 134.1 135.2 135.3 134.1 133.2 132.5 131.7 130.1 128.5 127 125.5 124 122.4 121.7 120.7 119.3 115.7 113 110.8 109.5 108 107.2 106.6 105.6 104.1 102.4 100.8 98.3 97.5 96.9 95.2 92.4 91.5 89 88.2 87.2 86.1 83.7 81.8 80.3 79 77.5 76 75.8 74.2 73.2 72.6 72.5 73 73.6
142.4 142.8 142.4 141.5 140 138.9 137.8 137.7 137.1 135.1 134.7 134.7 133.4 133.8 133.6 133.1 132.3 131.7 130.9 130.7 130.5 130.5 131.5 131.1 131.1 131.7 132.5 133.3 134.1 134.4 135 136 135.3 135.4 135.1 134.7 133.4 131.9 130.4 129 127.5 125.9 124.9 122.5 120.7 119 117 114.8 114.8 113.2 111.7 111.1 110 108.3 106.6 104.9 102.2 101.9 100.5 99 97.2 95 93.5 92.5 91.7 90.2 87.2 85.2 84.2 83.4 81.9 80.7 80.8 79.2 77.5 76.2 75.4 75.3 75.9
