UK/data/ss/ss73_OST50GRID_20230518/SS73.asc
ncols 200
nrows 200
xllcorner 270000
yllcorner 130000
cellsize 50
[rows 35 to 69 of 200, columns 0 to 77 of 200]
310.1 307.8 304.6 301.6 298.6 287.3 295.7 303.8 307.6 312.2 313.5 314.6 314.3 312.7 305.7 295.4 283.5 279.8 293.3 309.1 321.5 330.5 339 346.3 352.6 357.7 362 365.6 371.7 369.8 367.4 371 377.9 385.8 395.5 404.8 411.7 417.9 423.2 428.8 434.8 440.9 445.8 450.8 455.4 459 462.9 466 468.1 469.7 471.2 471.8 471.2 469.3 467.3 465.4 461.8 457.2 456.5 453.7 451.2 448.1 446.4 445.5 445.6 445 444.7 443.8 442.4 441 439.1 436.9 434.3 431.1 428.8 425.6 420.4 417.3
306 303.2 300.1 298 288.3 277.6 289 296.7 303.1 305.4 307.9 308.6 305.2 293.9 286.1 277.2 273.9 290 305.7 315.4 322.9 331.2 337.9 343.8 349.5 354.4 357.7 359.4 359.9 359.8 368 376.5 383.5 392.5 401.8 409.5 414.7 419.3 424.8 430.5 436 441 445.7 450.4 455 459 462.8 466 468.2 470.1 471.4 471.8 471.2 469.5 467.6 465.5 462.1 458.4 448.2 447.1 447.6 444.6 442.7 441.7 442.3 443.2 443.3 442.7 441.5 440.1 438.3 436.2 433.3 429.9 426.7 423.1 417.9 412.6
301.6 298.8 295.6 293.4 286.5 265.7 276.4 290.4 298.2 301.1 302.8 298.3 285.5 278.4 265.8 269.2 285.4 300.3 309.7 315.9 321.9 328.7 334.1 339.8 344 348 350.5 351.4 352.6 361.1 370.6 378.3 386.4 393.6 402.4 409.2 414.7 421.4 428.3 433.3 436.7 441.2 445.8 450 455.1 459.4 463.4 466.5 468.6 470.3 471.1 472 471.1 469.8 467.9 465.2 461.9 458.6 454.5 447.7 437.7 440 438 437.2 440 440.9 441.2 441 440.5 439.2 437.4 435 432.5 429.1 425.6 419.8 413.8 407.9
296.7 294.9 290.2 284 274 259.9 281 290.3 293.9 294.9 294.8 287.5 269.6 259.2 267 281.9 295.5 303.5 309.7 314 318.4 324.4 329.1 333.6 338.2 340.5 340.7 341.2 352.3 362.2 370.5 377.3 384.5 392.4 400.5 407.6 414.6 422.2 429 433.3 437 441.1 444.8 449.7 455.5 460.3 463.9 466.3 468.6 470.6 472.3 472.4 471.1 469.7 468.3 465.4 462.5 457.8 454.1 449.8 442.2 431.5 430.5 431.4 433.8 437.5 439.2 439 438.5 437.5 435.7 433.4 431.5 428.4 424.9 421 415.9 409
290.2 289.6 287.1 279.4 261.5 262.5 281.7 286.3 288.7 289 288.3 279.2 253.5 267.1 281.2 290 295.3 301.1 305.8 308.8 313 317.6 322.1 326.1 329.2 326 332.6 345 354.2 359.6 367.2 374.8 380.8 389.9 397.3 404.1 411.7 417.5 423.9 429 433 438.4 443.1 448.6 453.3 459.1 463 465.6 467.7 469.3 470.6 471.7 471.4 470 468.3 466 463.1 458.9 454.8 450 445.5 440.3 432.2 425.9 427.6 430.3 435.7 435.8 435.8 435.5 433.6 431.7 429.9 427.5 423.8 418.9 409.6 400.3
279.3 281.1 280.2 276.8 257 263 272.2 278.2 282.5 284 282.5 267.6 252 272.9 280.3 286.2 290.6 294.2 297.8 300.4 303.4 308.4 313.3 315.9 311.1 325.5 335.5 343.1 350.8 356.3 362.9 369.9 376.3 382.1 389.8 398 406 412.9 418.9 424.6 430.2 435.2 441 446.7 451.6 456.4 460.6 464.2 466.5 468 469.5 470.8 471 470.1 468.1 465.8 463.1 459.9 456.2 451.4 446.3 441.4 435 430.5 424.5 422.4 425 428.9 432.1 432 431.1 429.6 427.8 425 418.3 407.4 397.5 394.5
264.1 264.6 263.3 259.3 250.5 247.2 256.4 268.4 274.3 276.2 273.5 252.3 258.4 270.6 273 274.4 278 281.8 284.2 286.4 286 293.2 300.9 308.5 321.1 327.8 333.5 339.7 345.2 350.3 357 363.8 369.1 375.4 382.2 389.3 397.2 404.4 411.1 418.2 424.3 429.8 435.7 441.9 448.2 454 458.2 461.8 464.2 466.4 468 469 469.3 468.8 467.4 465.1 462.5 459.2 456.3 452.4 447 441.8 438.5 435 431.7 424.9 418 415.8 421.5 425.6 426.6 425.6 419.2 408.6 401.6 399.9 401 405.7
265.1 260.1 256.5 256.3 255.4 256.2 243.7 250.7 262.5 265.7 258.5 244.6 257.7 262.8 258.9 266.2 272.9 276.2 283.1 291.1 298.9 304 309.7 314.1 320.1 325 329.9 334.9 338.9 343.3 348.5 355.2 361.3 367.1 373.7 380.7 386.9 394.6 402.1 409 415.7 423.2 431.2 438.3 445 451.5 455.7 459.3 461.7 464.6 466.2 467.6 467.9 467.3 466.4 464.4 462.1 459.1 456.1 452.4 448.5 444.4 440.8 437.3 434.4 431.1 424.9 418.6 412.4 410.9 409.9 408.7 404.9 410.4 413.5 419.2 423.2 426.5
279.7 273.2 270.1 269.9 270.1 265.7 257.4 246.4 243.1 250.1 241.5 243.9 253.7 258.9 269 276.3 282.1 287.5 292.6 297.5 301.8 306 310.1 314.1 317.9 320.1 324.6 328.3 331.7 336.3 339.8 345.7 352.1 358.8 365.5 371.7 379.1 386.1 393.3 400.5 410.1 419.7 428.2 436.1 443.3 449.8 454.2 457.7 460.8 463.2 465.1 466.1 466.5 465.9 465.4 464.3 461.9 458.9 456.6 453.5 449.9 446.3 442.3 438.5 435.1 431.1 427.5 421.3 414.4 415.6 415.8 419.3 424.4 428.2 432.6 435.1 436.6 438.3
298.9 294.4 289.5 287.7 287 281.3 269.5 257.3 245.7 237 238 249.5 265.9 272.7 277.1 282.8 287.6 291.7 295.3 298.8 302.7 306.1 309.4 310.9 313.8 316.3 319.6 322 324.7 327.9 331.4 337.1 343.6 350.2 356.9 362.8 368.8 376 379.4 394.5 406 415.5 425.4 434.3 441.8 448 452.4 456.5 459.7 461.8 463.8 464.6 465.3 464.9 464.4 463.7 461.8 459.3 456.8 453.8 450.6 446 441.5 437.9 433.8 430 425.2 420.2 419.6 424.7 429.7 433.6 437.8 440.8 441.6 442.1 443 443.1
316.6 312 309 306.4 304.4 299.9 287.5 273 259.1 245.5 236 238.9 255.8 273 280.2 283.8 289.1 291.9 295.3 297.9 302 305.2 307.6 309.5 310.8 312.4 313.6 314.9 316.7 317.4 320.6 327 333.8 339.4 345.8 346.2 352.8 362 377.7 390 402.6 413.4 423.2 431.7 439.4 445.3 450 454.5 458.1 460.6 462.6 463.7 464.4 464 463.5 463 461.3 459.2 456.9 453.8 450.5 447 441.6 437.2 434.2 430.5 429 429 426.1 432.7 436.1 438.2 442 443.8 444.6 445.8 446.6 446.7
329.8 327.5 323.6 320.8 317.7 312.6 305.1 291.7 274.6 261.7 244 234.8 243.2 266.7 279.9 283.1 285.7 289.4 292.5 297.5 300.6 302.5 303.7 304.7 305.3 307.7 308.9 308.5 306.2 303.4 307.6 314.3 318.3 324.5 325.2 341.6 354.4 364.5 376.9 387.9 398.5 408.6 418.4 428 435 441.2 447.6 452.3 456 459.1 461.4 462.5 463.3 463.2 462.9 462.3 461.1 459.4 457.4 455.3 451.9 449.5 445.3 440.5 438 437 435.9 433.4 429.7 435.9 439.8 442.3 444.4 446.1 447.3 448.1 448.8 449.3
339.1 337.8 335.8 332.2 328.1 322.6 314.2 304.1 287.9 272.9 257.9 238.8 237.5 257.7 278.2 281.8 283.7 287.3 290.3 293.6 295 296.9 297.1 298.1 299.7 301.8 303.3 299.3 293.5 297.1 310.2 313.1 320.9 330.3 338.6 346.5 354.8 364 374.6 385.2 395 404 414.1 423.2 431.3 439 444.8 449.7 453.7 457.1 460.1 461.3 462 462.3 462.3 461.8 461 460.1 458.6 456.3 454.3 450.8 448.2 445.5 443.2 441.3 439.7 436.5 434.2 438.6 441.6 444.3 446.4 448.1 449.1 450 450.8 451.2
346 345.1 343.8 341.1 336.3 330.7 320.6 310.7 298.4 280.3 263.7 243.2 232.7 253.9 274.1 277.3 279.7 282.7 284.4 286.2 287.9 289.1 290.3 291.6 293.5 296 296.4 286 295.5 305.6 314.3 320.3 326.9 333.6 340.5 348.1 356.3 365.5 374.6 385.2 395.3 403.9 413.4 422.2 429.7 436.6 441.9 447.5 451.8 455.1 458.2 459 460.8 461.5 461.7 461.6 460.9 460.1 459.5 457.6 456 452.7 450.6 448.5 446.3 444.6 443.2 438.7 437.4 442 444.1 446.4 448.1 449.8 450.9 451.6 452.1 452.6
350.8 350.8 349.7 347.5 343.7 337.9 328.5 315.3 296.8 275.9 258.6 240.3 232 252.7 267.1 269.8 272.9 274.7 276.1 277.5 278.9 279.7 280.1 280.6 283.6 285.9 278.9 287.6 297.5 304.8 313.6 320.7 328 334.6 340.6 347.9 356.3 365.5 374.2 384.2 392.1 401 409.7 419.3 426.2 432.7 438.2 443.6 449 452.3 455.1 456.8 458.6 460 460.5 461 460.2 460.2 459.9 458.9 457.6 455.7 454.2 452.4 450.4 448.4 445.6 442.8 441.7 444.7 446.6 448.3 450.1 450.5 451.3 452.2 452.9 453.1
350.5 351 350.9 349.3 345.6 337.9 319.8 304.8 289.1 263.2 246.9 232.1 234.2 247.9 254 258.4 262 264.4 266 266.8 266.3 265.8 267.1 269.4 270.8 271.3 277.2 286 293.3 299.8 308.1 316.1 321.8 328 334.7 343.6 352.6 362.3 371.7 380.8 389.1 398 406.7 415.3 421.7 428.6 434.1 439.7 444.4 448.4 451.5 454.1 455.4 456.8 458.1 458.7 459.7 460 460.1 460.4 460 458.8 457.5 455.8 454.4 452.3 450.1 447.8 446.3 448 449.2 450.4 450.9 451.2 451.6 452.5 452.9 452.7
348.6 349 348 345 331.4 317.7 302 288.1 274.1 256.5 234.2 227.9 231 232.8 237.5 241.8 243.3 247.4 248.3 251.2 252.3 256.8 261.4 263.4 265.1 265.7 270.6 278.4 285.2 292 298.9 306.5 313 318.2 323.9 332.3 342.4 354 365.8 375.1 383.8 391.6 401.2 408.7 415.4 421.6 427.4 434.5 439.6 444.1 447.1 449.5 452.6 454.5 456.5 457.7 458.9 460.4 460.6 461.7 462.4 461.3 460.3 459 457.6 456 453.9 452.2 451 450.7 451.3 452.1 452.2 452.3 452.3 452.6 452.2 451.7
346.8 346.5 344.7 332.5 316.1 299.7 285 271.3 256.6 243.3 230.5 235.8 244.5 250.3 251.4 250.7 251.4 252.6 255.2 258.7 263.1 269.4 275.8 277.2 280.8 280.9 281.7 282.4 283 283.8 289 295.9 306.1 318.9 334.3 338.2 342.2 345 350 361.2 370.9 381.5 389.1 400.2 407.8 413.9 420.6 430.3 435.6 439.4 442.7 444.6 447.2 449.4 453.2 456.3 458.1 460.7 462.2 463.2 463.9 463.8 462.9 461.6 460.2 458.6 456.8 456.1 455.1 454.1 453.9 453.8 453.4 453.2 452.4 451.5 450.9 450.1
344.7 342.4 340.4 320.9 301.6 283.7 267.1 250.8 238 229.7 225.2 246.8 261.1 268.1 268.6 267.7 267.1 267 269.4 271.9 278.3 284.4 289.6 294.8 298.5 299.5 300.7 300.6 302 304 314.2 321.5 328.8 339.6 351.8 360.7 366.8 373.3 379.5 385.8 391.8 397.5 402.9 408 415.2 418.2 425.1 430.1 432.3 436.8 438.6 440.4 439.7 443.5 450 453.7 458.3 461.2 463.3 464.7 465.3 465.8 464.7 464 462.6 460.8 459.6 458.9 457.9 456.9 455.8 455.1 454.1 452.5 451.2 450.5 449.1 448.2
341.8 339.4 333.2 308.8 287.4 268.6 254.9 236.9 228 223.2 241.8 262.2 275.7 284 286.8 286.8 286 286.5 287.8 290 293.9 298.7 304.4 309.5 314 317.7 320.9 323.1 325.8 330.9 339.7 347.1 352.1 358.9 364 369.6 375.4 380.4 386.1 391.6 397.3 402.9 408 412.4 416.5 421 424.9 427.6 429.9 431.3 430.6 430.9 435.4 442.9 449 454.7 458.8 461.8 464.2 465.9 467 467.5 466.8 466.4 465.5 463.9 462.3 461.3 460.3 458.5 457.3 455.7 453.3 451.4 449.5 448 446.7 445.7
338.6 336 325.9 301.8 279.4 258.5 240.9 227.2 223.4 233.4 255.9 276.1 288.7 295.1 298.6 302.2 304 305.3 306.1 306.4 309 313.3 317.9 322.4 326.5 329.4 332.2 336.4 341.4 347.7 354 358.9 364.3 367.8 373.3 378 382.8 387 391.2 396.6 401 406 408.8 413 416.9 420 422.7 423.6 423.4 415.5 422.2 433 440.1 446.1 451.3 456.3 460.5 463.1 465.8 467.5 468.8 469.5 469.2 468.8 467.6 466.9 465 463.6 462.4 460.4 458 455.7 452.9 449.7 447.4 445.6 444.2 442.5
334.2 331.9 323.3 298.1 274 253.2 229.6 220.3 226.7 249.1 270.2 285.9 294.8 299.9 305 308.9 311.7 314.9 317.1 319.6 323 327.5 332 335.8 338.6 341.4 344.5 348.1 352.4 356.8 361.8 366.7 370 374.7 378.4 383 386.9 390.8 395 399.1 403 406.4 408.4 412.1 415.2 417.7 419.8 418.3 406.5 417.3 429.1 436 442.8 448.3 453.9 458.6 462.4 464.9 467.4 469 470.7 471.8 471.7 472.3 470.9 469.3 467.6 466.1 463.7 462.3 460 457 453.9 452 449.3 445.8 443.2 440.6
329 326.9 320.3 297.6 273 246.3 225.6 218.4 240.7 261.3 279 289.4 296.5 302.3 307.6 312.8 316.6 320.1 323.5 328.8 333.6 337.6 340.9 344.6 348.5 352 354.9 357.8 359.8 362.7 367.1 370.9 374.7 378.6 382.5 385.4 388.8 392.5 395.9 399.5 402.5 404.8 407.4 410.2 412 410.8 405.7 399.6 406.4 418.9 427.7 435 441 448.2 454.9 460.3 465.5 468.8 471.3 473 474.6 475.1 475.6 475.8 474.2 472.8 471.5 469.1 467.1 465 462 459.6 457 453.8 451.1 448.7 446.5 444.7
323 320.3 314.3 294.2 270.1 246.4 224.6 217.3 241 262 277.4 286.7 294 301 307.5 313.7 318.7 323.3 328.8 334.2 339 342.9 346.4 350.7 354.9 357.8 360.6 361.8 365.1 367 369.1 372.4 375.5 379.5 383.2 386.5 390 392.5 395 397.1 399.7 401.9 404.2 405.9 406.6 394.1 380.8 390.2 405.7 413.8 420.1 428 440 449.5 457.3 463.5 467.9 472.4 475.6 477.9 479.1 479.7 479.4 479.1 477.8 476.5 475.3 472.9 470.3 468.3 465.6 462.6 459.4 456.2 454.3 452.6 450.3 446.9
317.8 314 307.9 294.6 268.8 247 224.6 215.6 237.5 254.9 269.1 280.3 289 296.3 305.3 312 317.9 324.3 330.2 334.9 340.6 344.7 348.6 352.5 356.4 359.6 361.9 363.8 365.7 367.3 369.7 372.3 375.4 378.3 382.2 385 387.8 390.2 392.1 394.2 396.2 397.9 399.3 400 390.2 376.2 375.4 388.9 394.6 400.2 416.5 432.7 444.2 453.2 460.6 466.1 471.1 475.5 479 481.3 482.9 483.2 483.3 482.7 481.5 480.3 479 476.9 475.3 472.4 470.1 467.7 464 460.8 457.8 455.8 453.7 450.8
312.5 308.3 303.6 294.8 273.3 255.1 235.4 217.7 229.8 246.6 257.3 273.3 283.5 293.1 301.9 310.6 317.3 323.7 329.5 334.9 340.1 344.6 349 352.3 355.5 358.6 360.7 362.4 363.3 364.8 366.9 369.2 372.5 376.1 379.7 382.2 384.5 386.5 387.8 389.9 391.4 392.4 393 385.4 371.1 362.1 369.3 373 392.1 409.4 426.2 438.2 447.6 456 462.4 468.4 473.5 477.6 480.9 483.4 484.5 485.9 486.2 485.6 484.8 483.8 482.3 481.1 479.5 477.9 475.6 472.8 469.4 466.1 463 459.6 456.3 453.5
307.9 304.5 299.6 292.8 283 264.8 244.5 224.7 215.4 234 245.9 266.8 278.8 289.8 298.9 307.5 315.1 322 328 333.6 338.8 343.6 347.6 351.2 354.1 356.2 358.2 359.1 360.3 360.9 362.8 365.2 368.2 371.6 374.7 377.6 379.8 381.6 382.6 384.3 385.8 386.2 384.8 366.9 350.4 345.8 361.3 381.6 402.6 417.5 429.9 440.8 450.2 457.7 464.2 470.1 475.2 479.2 482.4 485.1 486.4 487.7 488.3 488.3 487.6 486.8 486.2 484.8 483.5 481.8 479.8 477.5 474.6 471 467.6 464 460.2 456.9
303.2 299.5 294.7 289.9 283.3 275.9 256.6 233.8 217.1 223.3 242.5 260.3 274.8 287.9 296.6 305.9 313.3 320 326.2 332.1 336.9 341.8 345.8 348.5 351.6 353.6 354.8 354.9 355.5 356.6 356.4 358.7 362.3 365.9 368.4 371.1 373.8 375.9 377.3 377.4 378 379.3 368.7 349.4 335.2 352.2 372.5 392.3 407.1 419.9 431.7 441.5 451 458.5 464.3 469.7 475.2 479 482 484.5 486.5 487.8 489.4 489.6 489.4 489.4 488.8 487.7 486.7 485.3 483.6 480.8 477.7 475.1 471.9 468.3 464.5 462
298.2 293.4 288.1 284.5 279.2 275.2 261 239.1 216.4 217.7 238.1 255.9 271.6 285.8 295.4 304.4 312.2 318.8 325.2 330.7 336 339.8 343.5 346.2 349 350.3 351.1 351.2 351.5 351.3 350.8 351.7 354.1 358 360.8 363 363.7 365.8 367.5 367.4 364.5 360.1 349.6 331.6 333.8 359.3 379.8 393.4 405.6 418.5 429.6 439.9 448.6 456.2 462 467.7 473.5 477.2 479.8 482.5 484.4 486.2 487.8 488.9 489.6 489.7 489.5 489.1 488.5 487.6 486.5 484 481.3 478.3 475.1 472.4 469.2 466.2
291.6 285 277.5 273 268.8 264.2 256.6 240.5 219.9 218.1 239.3 257.5 270.4 283.7 294.5 303.2 311.5 317.9 323.4 329.2 334.9 338.5 341.8 344 346.1 346.9 347 346.7 346.7 346.1 345.7 345.4 346.8 348.7 351.1 353.1 354.6 354.1 347.6 344.4 341.4 339.4 328.7 318 339.8 364.2 378.8 391.4 403.4 414.7 425.2 435.7 444 451.1 457.9 464.1 469.1 473.5 477.4 480.2 482.1 484.5 486.4 487.5 488.5 489.4 490.1 488.9 488.7 488.9 487.1 485.5 483.2 480.2 477.9 475.3 472.4 469.2
288 281 270.2 260.1 256.1 253.4 250.1 237.8 220.3 210.8 240.7 256.5 269 283.3 293.7 302.9 309.6 316.1 321.9 327.2 332.4 336.4 339.6 341.5 342.8 343.2 343.2 342.3 341.4 339.8 339.4 339.4 340.5 340.9 343.4 342.8 340 328.9 325.5 324.4 322.5 318.5 310.6 321.1 344.1 363.6 376.8 388.6 399.5 410.5 420.9 430.2 438.7 445.9 452.2 458.4 463.5 468 471.9 475.2 479 481.4 483.6 485.6 486.6 487 487.3 487.3 487.6 486.9 485.6 484.8 483 480.8 478.6 476.1 474.1 471.9
286.1 278.6 269 256 243.1 243.7 236.9 220 208.4 216 243.6 258 270.5 283.5 293 301.6 308.4 314.4 319.8 325.7 330.5 333.7 336.9 338.4 339.3 339.2 339.2 338 336 333.6 333.1 333.3 334 334.2 335.2 332 317.1 309.9 306.5 305.4 304.8 302.8 309 327.1 347.9 362.6 374.6 385.9 395.8 406.3 415.8 424.6 432.7 439.5 445.6 451.3 456.2 461.4 465.7 470.4 474.3 477.8 480.3 481.9 482.9 483.8 484.4 484.3 484.2 484 483.4 482.1 481.3 480.3 478.3 476.4 474.3 472.4
286.8 280.9 272.5 260 240.2 227.6 218.2 207.9 207.6 223.5 244.9 259.7 271.5 282.7 293.1 300.5 306.9 313.1 318.1 323.2 328.4 331.6 334.4 335.3 335.3 335.3 335.1 332.8 329.4 327.1 325.8 326.6 327.1 326.8 323.9 309.7 298.2 292 289 289.8 296.8 306.3 318.8 336.5 352.7 364.1 374.9 385.3 394.7 402.8 413 420.9 426.4 433.1 438.8 444.5 449.9 454.8 460.1 465.3 469.3 472.8 475.3 477.4 478.9 479.6 479.9 479.9 480 479.9 479.5 479.1 478.6 477.7 476.7 474.7 472.7 470.6
288.5 283.1 277.2 267.9 246.3 227.4 210.4 204.6 217.4 233.1 248.3 262.2 272.7 282.6 292.4 299.1 305.5 311.2 317.2 322.3 326.4 329.3 331.3 331.3 331.3 331.3 330.1 327.5 322.8 318.7 317.3 317.7 319.1 318.8 308.9 294.3 283.7 280.2 292.6 300.1 311.1 322.1 336.1 347 356.9 366.2 376.6 385.3 392.3 401.4 408.7 416.2 422.3 428.5 433.5 438.5 443.7 449.4 454.7 459.7 464.3 467.9 470.3 472.4 473.4 474.5 474.8 475.2 475.6 475.5 475.1 474.8 474.4 473.9 473.3 472.3 470.4 468
288.1 284.6 279.7 273 256.9 235.8 217 206.4 221.5 238.1 250.8 264.1 273.9 283.5 291 297.7 304 310.1 315.7 320 324.2 327.1 328.3 328.2 328.2 328.2 325.2 321.7 315.5 310.3 307.9 309.7 310 304.7 292.6 279.1 278.3 291.4 305.3 317.3 326.2 335.8 343.8 351.4 359.4 369.4 376.5 384.9 392.7 399 405.9 411.3 417.6 422.6 427.4 432.6 438.4 443.9 449.5 454.5 459 462.4 465 466.5 467.1 467.6 468.3 469.6 469.8 470 470.1 469.7 469.3 469.2 468.6 467.3 465.9 463.8
