WholeMapElevations/data/no/no28_OST50GRID_20230518/NO28.asc
ncols 200
nrows 200
xllcorner 320000
yllcorner 780000
cellsize 50
[rows 34 to 67 of 200, columns 76 to 151 of 200]
728.9 726.6 726 730 735 744.7 755.9 766.6 781.1 798.5 815.1 833.9 845.4 841.9 828.4 813.1 797.1 788.3 777.7 766.7 755.1 741.6 727.3 712.6 695.6 673.2 656.6 641.9 623.9 611.4 606.6 602.7 598 593.7 588.6 583.5 579.8 577.5 574.4 572.4 570.4 567.7 563.4 560.7 558.4 557.1 556.9 554.1 550.6 548.3 543 535.5 533 530.7 534.2 531.7 529.8 526.1 526.9 524.4 526.1 526.9 530.8 532.9 535 537.4 541.4 547.3 557.4 567.9 577.9 587.8 594.2 599.1 604.5 606.7
736.8 733.2 734 736.1 739.4 749 759.9 771.2 785.5 804.2 824.3 844.1 854.1 851.1 839.3 824.8 810.4 800.4 790.9 781.2 770 756.5 743.2 727 708.7 689.2 666.9 645.7 625.9 615.5 609.2 605.2 601.8 598.1 592.9 587.9 584.6 581.1 579.8 577.3 575.5 573.5 570.2 567 564.6 561.3 560.3 556.8 554.5 547.5 541.6 537.6 534.1 535.7 537 538.9 532 529.5 529.1 529.2 527.6 530.3 532.3 534.3 536.3 538.4 541.7 546.6 558.8 567.2 577.2 588.9 595.5 604 609.2 616.6
748.1 739.8 745.4 745.1 744.5 753 763.7 776.3 790.7 808.6 829.1 846.8 858.8 857.7 848.8 837.5 826.3 811.4 801.5 793 782.4 770.8 757.1 739.7 719.3 698.8 676.3 651.6 630.9 619.3 611.9 608.1 605.4 602.2 598.1 593.5 588.9 588 586.7 584.3 581.6 579.3 576.4 573.1 570.4 568 565.3 560.7 553.5 546.9 542.6 539.7 541 539.7 540.6 541.4 530.2 531.6 532 531.2 530 532.8 534.4 535.6 536.4 538.9 542.1 548.2 558.4 567.4 578.8 589.6 600.3 609.8 616.3 624.1
765.9 756.6 757.9 755.1 753.1 759.3 767.6 780.9 796.8 815 834.3 850.1 859.1 858.5 853.3 844.4 834.2 821.4 808.2 800.6 790.8 781.3 766.6 748.8 726.6 706.9 682.7 657 635.8 621.8 615.2 610.4 607.4 604.6 601.2 597.3 595.9 595.2 593.3 590.2 587.1 584.4 581.2 577.5 574.6 572.5 569.8 564.2 556.8 548.1 544.2 540.9 544.7 544 545.7 541.2 532 532.9 536.6 534.5 534.3 533.5 536.9 538.8 538.7 540 542.4 549.2 559.3 569.1 580.5 590.4 602.1 612 619.2 627.8
782.6 781.6 773.1 766.5 762.4 765 773.4 784.6 801.7 818.2 836.4 851.5 858.2 857.3 852.1 844.9 835.4 824 814.2 804 794.9 784.5 771.2 752.4 731.1 710.9 687.9 660.5 639.2 625 618.3 612.7 609.9 607.1 603.9 602.5 603.7 602 599.3 595 591.4 588.6 584.7 580.7 576.7 573.3 568.4 563 556.6 549.6 545.8 542.4 548.2 547.9 544.8 539.8 534.9 536.4 538.2 537.9 537.7 535.6 539.4 541 540.4 542.1 545.7 553.3 563 571.1 581.4 591 602.8 611.7 619.2 632.9
795.9 795.9 790.5 781.1 776.4 776.6 778.6 789.1 803.8 820.4 837.9 850.9 855 853 848.3 841.7 832 822.2 814.7 804.4 794.2 783.4 770.3 752.5 732.8 713.4 690.2 664.9 643 630.8 620.1 614.9 611.2 609.1 608.8 608.8 608.2 606.9 603.8 599.1 596.1 592.8 588.3 583 578.6 572 565.5 559.2 552.9 549.2 546.7 546.9 552.4 553 550.5 539.7 538.1 542.1 543.6 541.3 541.8 539.8 542.2 542.8 542.6 544.9 550.1 557.9 564.8 572.5 582.5 593.4 602.5 614.9 623.6 638.5
807.3 807.9 805.7 801.1 790.7 786.4 786.2 792.6 805.8 820.1 836.5 845.6 848.9 847.4 842.2 834.3 825 818.2 809 799.5 788.6 778.2 764.7 747.8 730 711 689.8 665.3 646.5 633.1 621.2 615.7 614.1 614 615.2 613.6 612.1 611.3 607.9 603.8 600.8 597.2 592.6 587.1 580.2 572.5 565.1 559.3 554.4 550 547.7 548.3 547.4 544.7 542.1 539.7 541.8 546.5 546.4 544.4 545 545 544.1 544.4 545 548.8 555.1 560.6 566.2 575 583.8 596.1 604.5 614.8 628.8 643.5
816.9 818.6 818.8 813.9 807.2 800.5 798 799.6 806.9 821.2 832.4 840.6 843.4 840.9 835.3 827.6 819.6 812 802.8 792.4 780 769.5 755 741.9 725.2 708.1 687.9 665.6 645.2 635.2 628 621.7 619.8 619.3 618.8 617.6 615.7 614.7 611.9 609.1 605.9 601.6 597.4 591.6 583.5 575.4 567.5 561.2 557.3 552.1 550.3 550.4 549.3 547.2 545.1 548.3 545.7 549.1 549 547.9 548.4 547.5 548.8 548.5 549.8 554.2 559.9 565 570.8 579.6 587.8 597.5 608 619.9 633.5 647.5
825.8 830 830.2 827.5 823.7 815.9 810.4 810.9 812.9 822.8 831.1 837.1 838.7 836.7 831.7 824.7 815.2 804.8 795.7 785.4 773.1 761.3 749 735.4 721.3 704.4 680.7 668 653 642.6 636.4 630.1 624.3 623.4 622.4 621.6 619.1 617.6 615.4 612.8 610.1 606.8 603.3 598.7 588.8 580.7 573.2 567.7 562.9 558 554.6 552.3 551.7 549.8 547.9 551.7 549.6 546.3 553 552.2 552.9 553.5 551.6 552.5 554.9 559.1 564.4 569.1 575.7 582.1 589.8 598.6 609 622.6 638.5 651.7
837.6 839.2 840.6 841 838.8 833.5 826.5 824 825.1 829.8 834.8 837.4 837.9 835.7 831.3 821.3 813.3 798.9 789.3 778.7 767.4 757.2 746.2 734.5 723.3 708.7 694.3 678.5 662.4 649.4 640.7 635.1 628.6 627.4 625.6 624.9 623.8 622 619.6 617.1 613.5 610.8 608.4 603.8 595.3 590.1 584.1 577.5 570.8 564.5 559 555.5 555.2 553.2 551.5 557.7 559.9 548.4 559.5 557.6 557.7 557.4 556.1 557.7 560.5 564.5 567.7 572.3 578.8 584.4 592.3 601.3 611.9 631.1 642.6 654.6
841.7 848.7 851.9 851.5 851.4 850.9 845.5 840.8 838.9 838 839.6 839.6 839.7 837.7 834.4 829.2 820.4 809.1 796.2 785.8 774 765.1 757.1 747.1 734.1 722.5 706.3 687.1 671.2 657.9 647.8 637.8 632.5 630.1 628.8 629.2 628.6 627 624.9 620.2 617.8 615.7 613.5 609.2 603.6 598.3 593.8 587.8 579.1 571.6 566.2 560 557.5 555.8 554.3 561.5 556 553.3 564.6 563.3 564 564 560.3 562.1 566.4 570.9 574.5 577.1 582 587.6 597.7 607.4 620.2 635.5 647.6 660.8
847.6 855.7 859.3 861.1 864.7 868.6 866.6 862.2 856.9 853.7 850.4 846.8 845.3 843.4 840.6 836.3 827.6 818.7 810 798.7 788 779.5 768.3 759.4 748.5 732.9 716.7 698.6 679.7 664.5 652.8 642.7 636.9 635.1 634.6 635.2 635.9 634.4 632.7 629.1 624.5 621.8 619.3 615.7 610.4 605.8 600.9 595.2 589.2 581.9 574.4 569 562.4 560.3 560.3 559.9 560 559.7 566.6 570.1 569.8 571 565.3 568.5 573.3 575.9 578.6 582.4 587.1 595.3 603 612.2 626.6 638.8 651 665.2
851.3 860.1 865.2 870.3 877.5 886.1 888.9 882.4 875.6 869.4 866 860.2 855 850.2 847.9 844.3 837.9 827.2 817.6 809 800.3 791.3 780.7 769.5 759.1 746.6 729.8 710.9 691.4 672.9 660.6 650.1 641.2 641.8 642.5 642.3 642.7 643.2 641.9 638.8 634.1 630.1 626.9 623.8 618.7 614.5 608.4 602.5 598.1 592.1 583.7 577.9 573 569.1 568.1 565.9 564.7 565.8 569.8 573.9 577.2 577.3 567.1 572.5 576.1 579.2 582.4 586.3 593.1 601.5 608.2 619.5 630.7 641.1 653.8 667.2
852.9 859.4 867.6 877 889 903.2 910.6 904.2 894.9 886.5 880.3 873.3 864.3 858.8 854.5 850.5 844.8 836.9 827.5 819.8 810.2 799.8 790.1 781.6 771.9 759.7 741.4 724.4 701.4 683.8 669.7 660.1 651.3 652.3 651.9 650.4 652.6 653.9 652.3 647.4 643.1 640.3 636.5 634.1 630.9 623.4 618.3 612.5 606.6 601.4 595.6 586.5 581.2 579.4 576.6 575.2 572.2 571.9 577 580.6 584.2 580.8 571.5 576.5 578.8 583.1 587.1 590.9 598.3 605.6 614.9 625.4 635 643.2 656.3 672
855.5 860.3 873 885 902.6 918.8 928.9 923.7 912.3 902.1 894.5 887.5 878.5 866.3 860.6 854.8 849.7 842.5 834 826.4 818.1 810.2 802.3 793.1 784.6 772.8 753.9 736.8 717 696.1 680.1 670.2 663.1 662.8 660 660.4 662.6 662.8 660.6 657.4 652 648.7 647 644.8 640.2 634.6 626.7 620.3 615.2 609.5 601.7 593.1 587.3 585.7 583.5 581.4 576 580.2 584.4 588.6 589.1 577.7 574.8 581.6 585.2 587.3 590.5 595.9 602.8 610.7 620.1 629.6 637.2 647.9 659.3 673.9
854.2 863.4 876.3 892.7 908.2 928.5 939 936.7 926.9 915.7 904.5 897.9 889.2 876.3 865.1 858.1 850.6 843.3 836.2 828.3 820.9 815.6 811 804.4 794.2 783 768.8 749.3 728.5 712 693.6 679.8 677.7 674.6 673 671.1 669.6 669 666.6 663.2 659.4 658.2 656.4 653 646.9 639.8 632.2 625.6 621 616 607.3 599.4 592.5 589.9 587.8 586.1 584.1 584.2 590 590.9 584.7 581.5 578.5 585.5 590.6 592.7 595.2 601.3 607.4 614.3 624.2 630.6 639.6 651.8 663 675.1
852 862.8 878.7 896 911.1 930.1 945.1 946.2 939.2 928.1 918.4 904.6 894.2 882 867.6 859.1 849.3 842 834.5 827 821.7 819 814.3 810.6 802.3 792.9 780.4 760.5 738.8 718.9 705.8 691.4 686 684.3 682.2 680.8 679 675.9 673.5 669.2 667.1 665.9 663.5 659.6 651.7 644.3 638.9 631.6 625.5 619.6 611.2 604 599.2 594.5 591.6 590.8 587.8 589.8 591.9 590.2 588.1 585.3 581.1 588.9 595.1 598.1 600.9 606 611.5 620.2 627.1 635.2 644.3 654.8 664.9 675.3
848.1 860.5 875.9 890.1 905 926.1 949.9 955.9 953.1 940.7 925.3 911.9 898.4 884.6 868.3 858.7 846.7 837.6 829.6 822.6 818.3 814.4 813.3 813.6 805.6 796.5 783 765.7 745.5 724.4 711.2 699.5 694 691.1 690.3 690.2 688 687.3 684.4 683.1 678.3 674.2 670.7 663.7 656.5 652.8 648.4 640.4 631.8 625.2 617 610.1 605.4 602.2 598 594.5 591.8 592.8 594.3 593.3 592.1 590.7 587.3 590.7 598 601.9 605.1 610.5 618.4 626.2 633.4 640.3 647.9 657.6 667.4 677.5
845.2 857.6 873.3 889.3 902.9 920 943.7 955.2 959.8 949.6 933.5 918.4 901.2 888.2 870.8 856.2 844.5 831.7 822.5 813.1 809.4 806.4 804.1 800.9 797.4 789.8 777.7 760.8 742.2 724.4 714.1 705.2 700.8 696.3 699 699.1 698.3 697.7 693.1 688.5 685.8 682.6 678.6 670.8 664.2 660.7 657.3 651.8 641.6 632.9 625 617.3 612.7 607.9 599.7 597.1 596.7 597 596.9 597.3 597.6 595.6 593.4 591.1 599.6 605 609.4 614.8 623.8 632.1 638.9 646.6 652.6 661.6 669.9 679.3
842.4 853.8 871.9 888.4 903 921 938.2 949.7 963.4 960.9 942 924.9 905.5 886.7 870.3 852.8 839.7 826 814.5 804.2 798.5 794.3 790.6 785.6 782.5 776.9 767.2 752.6 735.9 724.2 717.2 712.2 707.6 710.4 709.9 709.6 707.4 705.6 702.5 697.2 692.3 688.9 686.5 682 675.1 669.9 666.7 659.8 652.4 641.9 632.7 623.1 614.8 609.2 604.7 600.7 601 601 601.6 602.1 603.3 601.9 599.2 595.8 600.8 607 613.7 621.2 629.6 635.9 645.9 654.6 661.6 667.7 675.3 683.2
837.4 851.5 868.4 884.4 901.5 918.7 933.7 947.1 960.1 963.2 945.6 929.4 907.8 888.7 870.4 852.2 834.9 820.1 808.3 799.3 791.6 785.8 781.1 775.1 769.2 762.8 754.2 743.5 733.1 726.5 720.6 718.8 719.8 721.1 720.7 717.8 716 711.8 707.9 702.6 698.8 696 696.1 694.1 691.6 684.6 675.3 667.7 660.6 649.8 636.7 624.6 615.3 609.6 606 603.9 605 605.7 607.1 608.2 607.5 607.1 605.5 601.9 601.5 610.4 616.8 624.5 632.6 644.1 656.4 667.5 673.6 677.5 682.4 688.1
832.3 846.7 864.3 879.5 896.8 912.2 927.4 943.7 957.3 960.8 946.1 929.6 908.4 889.1 867.9 849.3 833.1 817.3 802 794.8 788.2 780.9 774.4 767.9 762.5 753.4 747 740.9 735.7 730.6 728.8 728.8 728.2 729.7 729.7 725.8 721.8 715.8 711.2 708 705.3 702.3 703 702.6 700.1 692 686.6 676.8 666.9 656.2 643.1 633.6 620.5 611.6 608.4 607.6 609.3 610.7 612.1 612.5 611.4 610.9 609.9 607 604.7 614.6 620.5 628.6 639.5 655.3 668.2 678.2 685.6 691.3 695.2 697.2
827.1 843.6 859.1 874.7 890.4 906.5 922 939.2 957.6 960.9 942.6 927.1 907.3 887.5 865.1 845.4 829.6 813.8 801.5 793.3 786.1 777.7 770.4 764 756 748.2 743.7 740.5 736.5 734.1 734.2 734.7 738.2 738.5 735.6 731 724.4 720.7 714.2 710.7 708.9 708 710.1 712 710.3 701.9 693.4 686.4 674.5 663.2 650 640 629.3 618.7 613.7 611.4 612.6 614.4 616.2 617.7 616.4 614.8 613.7 610.9 608.2 617.4 624.2 633.2 645.4 661.5 677.8 689.3 696.6 701.5 703.4 704.4
824.4 839 855 869.2 883 902.2 919.3 935.1 955.7 957.9 940.8 926.1 904.2 884.1 862.9 840.8 824.4 812 800.8 792.1 783.9 776 768.5 760 752.9 747.4 742.5 740 738.2 738.8 741.3 745 746.2 745.1 740.5 733.1 726.5 720.7 715.6 712.9 711.6 712.7 717.2 720.6 718.9 709.9 699.9 690 680 670.2 656.5 643.5 634.2 625.9 619.8 615.3 616.4 619.6 621.1 620.7 621.4 619.7 618.9 615.3 611.8 620.5 627.6 636 647.1 667.3 687.6 700.7 708.1 710.7 709.9 709
823.6 836.8 852 865.8 879.2 897.2 915.1 931.1 950.7 948.5 935.9 921 901.2 876.7 858.6 839.1 820.9 810.5 801.3 792 783.3 775.1 767.7 759.2 751.5 745.2 742.3 741.4 742.8 745.8 752.4 752.9 751.3 749.6 741.3 731 724.1 719.8 716.8 714.7 714.4 719.7 725.7 725.4 724.2 712.4 702.4 691.8 681.6 672.2 661.7 649.8 637.9 629.7 625.4 620.4 620.1 624.4 625.5 623 622 624.8 623 618 617.1 624.4 629.9 638.3 649 669.3 691.4 705.9 714.3 716 717.5 717.8
831 842.6 853.9 865.3 876.7 891 909.9 926.7 938.5 935.4 929.5 915.9 895.3 872 850.9 833.7 820.9 811 802 793.1 784.2 775.5 767.3 760 752.7 747 744.8 746.7 750.9 755.9 760.2 760.1 757.9 751.6 740.2 727.9 723.5 722.5 719.9 717.4 718.3 730.3 728.5 731 730.7 722.3 709.1 695.2 680.9 672.3 663.5 654.9 645.2 637.3 631 625.1 624.6 628.4 627.8 627.9 630.1 630.6 625.8 617.4 622.8 627.9 633 640.6 650.8 667.1 686.4 703.8 712.6 716.8 719.6 720.8
845.9 854.8 861.6 869.1 878.1 891.4 903.8 915.4 920.9 924.7 921.1 908.5 887.2 863.8 844.7 832.2 820.2 810.3 802.3 794.3 785.8 778.3 770.5 763.2 756.9 752.9 751.5 754.9 760.3 765.3 767.4 765.4 761.4 751.6 736.6 724.7 723.7 723.7 722.1 720.2 727.8 730.3 734.5 739.6 737 727.1 712.6 694.5 679.6 669.7 663.9 657.3 650.8 644 637.4 630.1 629.7 631.5 635.3 637.7 639.3 635.2 629.1 618.4 629.4 632.1 636.6 642.4 651.7 665.1 680.3 695.4 707.9 714.9 721.5 729
862.5 866.7 872.6 877.8 883.5 892.7 901.5 906.3 910.6 913.4 909.4 897.9 878.6 857 841.1 828.6 818.6 809.5 802.3 795.4 788.6 781.7 775.3 769.4 763.9 759.3 759 761.9 767 770.6 771.5 768.3 762.7 751.1 736.2 724.9 724.8 724.8 723.9 724.6 726.7 735.4 742.7 746 746 732.7 717.4 700.1 682.7 670.1 662.4 656.6 653.2 649.6 645.2 639.4 634.9 634.6 637.6 641 644 640.8 630.7 622.1 633.5 636.9 639.4 643.7 650.8 661.3 675.7 689.7 702.4 713.6 724.9 733.3
877.5 881.3 883.9 887.3 892.7 900.1 902.1 901.2 902.2 900.5 893.6 884 864.8 850.6 835.4 822.4 813.8 807.3 801.2 796.1 790.7 784.6 780.1 774.1 769.3 765.9 765.6 768.4 771 774.8 775.9 771.9 764.8 753.1 737.9 726.7 726.4 725.3 726.6 732.4 734.9 742.7 751.6 755.5 751.5 734.6 720.5 702.2 686 674.3 664.3 656.5 654.8 653.5 652.1 648.1 641.9 639.1 639.9 643.9 647.9 643.7 633.2 630.1 637.8 641.4 643 645.7 649.9 659.3 672.7 686.9 698.3 710.4 725.1 734.7
890.8 893.3 895.9 899.6 903.8 905.5 905.2 902 898 891.7 881.9 869.5 851.6 836.5 823.2 813.9 807.9 802.4 798.1 795.4 793.1 790.4 785.5 779.5 775 772.8 773 774.4 776.3 780.5 780.3 775.6 768.6 753.4 737.4 728.4 725.3 726.6 730.6 738.6 742 752 761.4 760.7 752.7 739.3 724.1 705.2 689.2 677.3 669.3 663 659.7 657.1 656.7 655.5 652 645.7 644.1 646.6 648.2 644.2 635.1 638.6 643.3 646.2 646.3 648.2 651.1 658.2 670.2 682.7 696.8 708.5 721.7 733.7
902 904.8 906.7 911.2 915.4 914.5 910.3 906.6 902.3 893 877.7 862.1 842.1 826.5 814.2 807.1 801.9 798.5 797.7 797.6 795.7 794.3 791.6 785.9 784.2 783.8 782.3 780.8 783.6 785.4 785.7 781.3 767.5 752.1 740.5 733.2 728.2 728.6 736.3 745.4 752 763.5 769.6 768.7 756.5 741.6 726.9 708.7 689.8 681.3 672.3 667.1 663.8 661.6 660.1 659.6 659.1 655 651.1 650.8 647.8 642.8 638.9 643.9 649.7 651.1 649 649.5 651.3 657.9 669.4 681.3 694.8 706 718.8 733
914.9 919.2 921.4 926.3 928.2 924.8 920.6 914.8 907 892.2 873.5 855.2 838.2 819.5 809.3 801.4 798.7 798.3 798.4 798.1 800.7 803.2 802 800.5 798.9 795.7 794.3 794.5 791.6 793.3 789.8 778.1 764.1 752.7 744.3 739.4 733.5 733.3 744.7 753.9 761.5 773.6 778.1 775.8 761.8 746 728.8 709.1 691.9 679.1 673.9 670.1 667.5 665.6 663.9 662.5 662.6 660.7 657.3 653.4 649.7 646.5 644.4 647.3 652.8 654.6 654.7 651.2 651.5 657.2 668.8 679.6 692.4 705.1 717.4 731.2
927.3 934.9 939.3 943.6 946.9 944.2 933.4 925.6 911.9 888.8 875 859.3 838.7 815.6 801.5 799.6 798.3 799.4 805.2 808.2 812.2 815.5 817 819.3 816.9 813.9 811.9 808.5 803.3 801.1 794.2 774.2 764.1 755.9 749.5 745.2 741.1 741.5 753.2 761.8 772.3 782.7 784.4 780 767.9 749.1 730.8 711.5 695.1 683 676.4 672.9 671 670.7 667.2 664.7 663.6 662.3 658.7 654.7 651 649 646.5 647.6 652.8 656.3 657.8 656.9 651.5 656.8 669.3 679.9 690.9 703.4 717.2 728.9
940.8 955 965.7 968.7 971.8 967.4 951.4 939.8 909.7 896.8 882 868 841.9 813.1 802 798.9 799.5 809.2 818.5 822.1 825.3 826.6 831.4 836.8 838 832.3 828.4 822.6 814.6 804.3 791.4 779.8 768.1 760.9 757.2 752.7 747.5 750.3 760.9 773.9 782.5 789.7 790 783.4 770.8 752.1 734.7 712.7 698.5 687.9 681 677.9 677.6 673.8 670.7 668.2 667.2 663.4 659.3 655.4 652.2 650.1 647.8 648.3 652.4 656.2 658.9 660.1 661.7 662.7 670.4 679.3 690.7 703.4 717.4 729.1
