WholeMapElevations/data/nx/nx55_OST50GRID_20230518/NX55.asc
ncols 200
nrows 200
xllcorner 250000
yllcorner 550000
cellsize 50
[rows 0 to 36 of 200, columns 82 to 163 of 200]
240.1 232.8 224.6 217 211 203 195.6 191.1 183.6 179 177 172.9 177.9 193.9 206.4 231 243.2 249.6 261 270.9 280.9 286.5 283.2 284 267.2 261 252.6 250.7 250.7 248.3 261 265.8 268.5 267.3 260 254.3 239.6 237.7 237.8 235.7 230.1 227.1 216.2 218.3 219.5 223.8 224.2 233.3 234.6 235.9 239.7 242 235.2 224.8 217.5 211 201.3 188.6 183.9 179.2 172.5 164 161.3 156.7 159.2 172.4 172.6 167.3 164.8 163.9 148.4 137.2 150.8 149.5 148 145.5 141.9 133.2 129.3 122 114.6 107.2
240.1 232.8 224.3 216.2 209.5 201.5 194.2 189.9 184.5 177.4 175.2 170.8 179.6 191.6 201 214.2 230.6 239.8 256.6 263.6 277.4 274.6 271.3 270.4 257 246 242 241.6 244.9 242.7 255.9 261.8 265.3 263.1 261.1 253.4 244.7 233.8 231.8 229.3 226.8 224.6 214.6 215.3 216.6 220.3 220.6 227 231 227.2 232.7 233.8 236.7 227.1 215.7 212.4 205.2 194.3 186.6 181.6 174 166.1 156.5 154.7 165.4 166.4 162.7 167.9 164.4 165.2 153.8 133.5 143.7 141.3 143.3 142.8 142.4 132.1 129.8 123.1 118.7 111.2
240.7 232.1 223.1 215 207.4 201.1 194.1 189.5 185 177.6 173.4 170.4 177 186.9 197.7 208.9 225.3 233.9 247.3 252 268.7 269.3 262.6 260.9 252.8 239.4 235.7 232 230.4 237.5 248.2 254 259.9 259.9 261.2 255.6 248.1 230.2 229.8 225.7 223.9 219.5 209 209.8 209.3 211.4 212 217.6 223 218.8 224.9 226.6 228.7 224.6 214.6 210.8 208.8 193.4 188.1 181.8 172.5 166.2 158.3 154.3 163.3 157.1 156.1 160.8 157.4 157.3 139.6 119.4 132.2 138.3 138.4 137.5 138.8 130.2 129.6 126 129.7 118.8
242.6 231.4 221.4 213.9 206.5 200.6 193.1 187.2 184.1 176.9 172.2 169.1 174.5 181 189.7 204.1 218.7 230.3 239.3 247.3 256 261.2 258.5 252.8 253.3 239.6 230.6 227.3 224.7 235.3 237.3 244.6 250.1 253.2 261.3 258.3 246.5 232.6 222 225.6 215.5 216.5 208.1 205.3 204.8 203.1 204.1 207.5 213.5 211.3 218.8 221.5 221.2 222.5 215.2 209 207 200.5 191 182.1 172.7 165.3 158.3 152 153.1 149.8 152.8 153.7 149.6 146.3 131.2 116.8 124.8 127.2 130.5 139.2 130.5 127 128.5 132.5 135.5 122.8
241.8 231.9 221.9 213 206.6 199.8 192.9 186.1 182.1 176.5 171.6 168.2 171.4 177.4 185.1 199 211.5 226.2 229.4 245.1 250.8 253.1 253.4 244.8 244.5 235.6 225.2 222.2 218.5 222.6 229.9 235.7 239.2 246.3 256.3 253 239.3 232.2 217.7 216.8 209.9 213.4 213.4 199 197.1 195.8 197.4 203 203 205.6 210.8 208.6 216.7 220.7 215.4 207.3 205.7 207.4 199 184.7 173.1 165 159.3 150.1 150.3 146.8 148.2 147.4 141.2 136.8 125.1 115.5 107.3 119.9 120.1 132.1 124.4 120.5 128.2 129.8 135.3 120.8
242.9 234 222.7 212.9 206.3 198.8 191.6 185.3 179.9 174.8 169.6 166.2 168.1 171.6 181 192.7 207.3 216.6 222.4 235.3 245.9 244 243.3 238.1 236.2 230.7 220.4 216.4 213 211.9 223.9 228.3 232.4 235.2 243.9 243.2 229.2 223.7 210.9 207.7 204.4 211.8 210.3 192.8 190.3 187.8 188 193.7 194.9 196.1 200.6 200.6 211.7 215.4 212.9 207.5 206.4 207 201.6 188.3 173.7 165.3 160.3 151.9 148.9 142.7 140.3 137.4 132.7 133.6 131.4 112.2 106.3 110 115.7 127.2 119.1 114.6 124.1 131.8 130.1 117.7
240.4 236.9 225.5 212.8 205.4 197.8 192 186.2 178.4 174 169.7 164.2 165.1 168.1 174.6 190 198.9 214 218 231 235.8 234.3 235.7 234.2 227.5 224.7 216.4 211.2 207.2 204.1 208.5 218.8 218.8 224.5 234.2 231.6 221.4 212.6 203.2 195.4 196.6 205.5 199.4 185.3 181.7 179.3 183.3 184.4 186.6 193.3 196.6 194.5 202.7 206.4 207.2 207.8 206.7 207.3 200.7 189.3 173.8 166.2 161.5 155.7 147.6 143.2 136.2 132 127 134.7 128.3 111.3 104.3 104.8 110.1 118.1 113.4 105 113.9 118.5 120.6 113.8
237 236.6 228.4 212.2 204.3 198 191.8 186.3 179.9 172.5 167.9 163.4 164.8 165.5 168.8 180.8 190.1 199 209.1 223.8 225.5 221.7 227.1 227.2 223.5 217.4 213.5 203.4 199.1 194.6 195.2 202.3 204.2 213.6 223.2 221 210.3 198.6 192 184.1 190 193.2 189.3 179.7 172.2 174.7 178.6 178.3 185.4 195.2 194.8 187.2 193.5 195.2 202.7 204.5 202.7 202.2 197 186.9 173.3 166.2 163.5 153.5 149.1 148 138.5 131.5 122.7 127 123.4 108.6 103.8 98.8 103.2 108.9 104.3 100.4 103.8 109.6 114.6 112.1
230.2 229.2 223.7 215 202.9 196.3 191.8 186.2 180.1 174 165.9 162.5 160.7 163.4 165.3 173.5 182.4 190.8 203.8 212.3 217.6 213.8 214.2 222.2 215.8 210.3 207.3 201.1 195.1 187.3 185.3 188 195.7 203.1 214.5 206.7 198.2 185.9 181.8 173.8 184.9 182.4 178 173.9 168.4 169.2 171.6 176.5 181.9 190.7 189.4 182.6 184.5 187.7 194.9 198.2 198.6 195.9 189.4 181.7 172.8 165.9 162.8 153.6 149.7 149.4 139.3 131.3 127.5 116.7 116 106.9 102.5 98.3 96.3 98.9 98.1 98.7 103 106.4 111.1 109.2
224.5 221.7 218 212.2 201.5 195.2 191.5 186.3 179.8 173.4 167.3 162.1 158.4 160.5 161.5 168.9 182.1 188.9 202 205.8 208.4 207.9 208 212 211.3 204.6 199.3 196.7 187.8 182.6 177.4 176.9 184.3 189.6 196 194.4 184.2 176 170.2 162.5 170.8 174.2 171.4 169.5 165.4 165.6 167.6 171.7 174.7 182.8 181.4 180.5 181.8 188.1 192.4 196.5 193 189.9 185.2 178.4 172.3 166.7 160.4 153.9 150.3 146.7 139 131.1 126.1 118.8 110.8 103.7 99.8 96.5 93.8 95.2 93.2 95.7 100 103.3 108.3 106
218.3 215.4 211.5 207.2 199.4 196.3 194.1 187.2 179.3 173.6 167.9 162.6 157.8 157.2 159.8 164.1 177.2 190.4 194.6 199.7 201.5 202.8 199.5 203 203.3 199 193.7 190.4 181.9 174.7 169.6 169.1 169.6 176.3 182 180.5 174.4 169.5 159 159 165.4 167.9 164.5 165.4 164.3 163.4 165.9 168.7 177.6 181.4 179.6 180.9 186.4 189.6 193.7 194.5 190.3 187.4 182.9 177.8 173.2 166.4 158.8 154.8 153.2 144.6 137 128.7 122 117.7 107.4 100.5 97.1 92.5 91.3 90.3 90.1 92.4 96.8 100.3 105.6 103.6
214.2 209.4 206.7 204.5 197.7 194.4 192.3 185.3 180.2 173.1 167.8 163.7 159.9 153.8 156.1 160.5 169.6 180.4 189.2 190.3 193 192.9 192.8 192.8 195.6 193.1 188.6 183.1 177.9 168.6 160.2 162.8 162.4 166.3 172.2 168.8 163.3 160 155.3 157.6 162 162.8 160.5 160.5 160.6 162.8 165.5 170 176.1 181 184.1 185.1 192.2 196.3 199.7 196.3 190.6 184.2 180.2 177.4 175.9 169.7 161.4 155.5 155.6 144.3 135.5 125.5 116.8 111.2 104 97.4 94.6 92.3 90.9 89.9 89.1 90.5 94.7 97.5 103.1 102
205.6 202.1 200.2 197.5 192.4 190.6 187.4 182.3 178.8 171.1 166.8 163.2 159.2 155.8 150.3 157.3 163.5 173.9 180.7 181.5 185.8 187.9 189.1 186.6 189.8 186.9 184 180.8 174.6 164.7 156.8 156.1 157.4 157.8 159.3 158 156.4 154.9 153.3 156.4 158.9 159.1 156.8 157.9 159.6 163 166.9 171.9 178.5 182.8 187.8 196 202.3 204.1 200.5 194.8 188.8 183.5 179.6 178 175.5 171.8 164.1 156.1 154.7 144.9 134.5 124.5 116 107.9 106.9 103.5 97.4 93.8 90.8 89.3 88.3 89.3 92.9 95.2 100.8 100.3
199.6 196.5 192.8 192 188.1 185.9 183.4 179.4 175.5 172 165.2 161.2 157.7 153.6 147.7 152.2 160.8 166.8 173.4 175.8 174.7 179.4 178.5 177.7 182 182.8 178.5 178.9 172.8 161.8 157.5 151.4 153.8 155.1 152.4 152.3 151.6 150.6 153.2 155.5 156.9 156.4 155.7 157.4 160.5 164.7 171.4 176.3 184.8 190.2 197.9 201.6 205 205 200.4 193.9 189.1 184.3 180.5 177.5 175.1 172.9 166.5 158.1 155.1 148.7 138.2 126.1 117.5 113.6 113.8 110.4 101.5 94.3 91.5 90.5 88.1 87.8 91.6 93.4 98.8 98.7
193.7 190.9 188.5 186.5 184.2 181.5 179.3 175.8 172.8 169.2 165.3 160.5 156.6 154.2 144.9 151 155.8 159.5 166.7 166.7 170.2 169 169.6 170.2 173.5 174.3 174.1 171.6 167.2 157.4 155 150.5 149.7 151.2 147.8 147.8 147.7 149.4 152 154.2 155.2 154.5 155.2 159 162.8 169.5 178.1 185.2 188.7 196.1 201 203.6 207.7 207.2 201 192.5 192.1 186.7 183.1 180.4 178 174.3 168.7 160.9 158 152 145.8 128.5 118.3 115.3 118.2 118.3 104.7 96.4 91.6 88 87.8 87.8 89.9 91.4 96.5 97
189.6 186.3 183.8 182.1 180.4 178.5 175.6 173 170.1 166.5 163 159 155 153.4 143.9 148 151.5 152.6 156.6 158.4 163.2 162.4 164.1 164.3 163.3 167.2 168.1 166.1 161.9 153.2 151.7 148.4 146.1 147.6 144 144.5 146.6 149.1 151.3 152.6 153.2 153.4 154.8 158.9 167.7 173.2 187.6 198.1 201.7 203.7 204.4 206.8 208.1 206.3 197.4 199.6 194.1 190.7 187.9 185.1 182.2 177.3 171.7 166.6 159.1 150.4 139.4 133 127.3 115.7 120.3 120.5 112.4 96.7 91.4 87.8 87.8 87.8 88.3 89.2 94.4 95.2
185.2 181.5 178.4 178.5 177.3 175.3 172.6 169.9 167.2 163.7 159.6 155.6 152.7 147.7 138 143.8 146.9 147.9 149 151 153.9 155.2 157.2 159.3 158.2 155.5 159.9 157.8 155.7 149.6 147.2 145.4 141.3 143.5 140.9 143.9 146.1 148.4 150.4 151.6 151.4 153.4 156.6 161.7 169.9 185.6 200.6 208.3 214.5 212 211.1 211.3 208.6 205 205.8 198.7 196.1 195.6 191.7 190.9 187.8 181.7 174.2 166.9 157.3 155.7 149.5 133.4 125.8 115.1 116.9 122.7 116.1 100 90.3 88.7 87.8 87.8 87.8 87.8 93.4 93.7
177.5 173.2 170.8 174.1 175.4 172.3 169.1 166.6 163.8 160.2 156.1 152.6 149.6 144.4 137.6 138.8 142.8 142.2 143.8 145.2 147.2 148.9 153.7 155.4 153.4 150.4 149.5 148.8 147.4 143.8 142.3 142.1 139.4 139.1 140.4 143.2 146.2 148 148.5 148.9 151.6 155.1 160.4 165.6 175.1 195.8 207.6 218.1 226.3 219 217.1 216.3 212 208.4 205.9 202.2 198.9 197 196 194.7 190.9 184.9 179.1 173.3 156.2 153 152.4 136.5 131.2 116.7 117.8 122.9 116 107.8 89.7 90.2 87.8 87.8 87.8 87.8 92.5 93.1
169.4 165.1 166.3 171.3 172.5 172.6 166.3 163.1 160.2 156.7 153.6 149.7 145.5 141.4 137.5 132.1 139.6 138.5 138.1 138.5 141 146.3 150.6 150.8 149.2 147.3 145.7 142.7 140.1 138.9 138.8 138.4 136.9 137.6 140.4 143.1 145.4 145.8 144.4 149.4 152.4 157.4 162.9 171.5 186.3 203.3 216.9 222 226.8 226.9 225.8 231.3 218.1 209.4 208.5 206.7 204.7 203 201.9 198.6 193.4 187.8 182.5 176.9 162.3 151.5 146.6 138.5 130.7 129.1 114.7 122.8 116.2 103.9 92.1 93.1 87.8 87.8 87.8 87.8 91.2 93
160.1 158.4 157.2 165.4 167.7 167.2 164.5 160.6 157.6 154.2 151.2 147.9 143 138.6 134.5 129.3 133.9 133.9 133 133.2 137 142.4 144.9 145.5 144.5 144.1 142.8 140.2 136.9 136.4 135.7 134.9 133.8 137 140.2 142 144.2 141 146 150 154.1 161.7 168.8 182.4 193.3 207.7 218 225.6 230.8 233.9 233.1 231.6 223.3 212.7 211.8 210.8 210 209.6 206.6 202.3 195.6 190.1 182.8 175.1 162.1 148 144.9 138.1 132.2 128.1 114.4 117.8 116.4 110.6 93.9 94.9 88.3 87.8 87.8 89.5 91.5 95.2
171.5 163.4 152.6 151.4 163.8 163.1 161.4 158 154.7 151.7 149 145.7 140.4 134.3 131.1 129.8 128.6 130.6 129.9 131.3 133.8 136.8 138.5 139.3 139.6 139.8 139.9 136.3 132.8 132.3 132.4 130.7 133.5 136.8 138.4 139.3 137.2 141.3 146.8 154.4 158.2 164.8 176.6 191.1 202.1 211.9 219.5 226.2 238 241.4 239.8 237.7 229.2 216.3 217 214.3 216 213 210.3 205.6 198.4 191.2 182.1 172.6 162 145.4 142.6 134.1 130.1 125.3 121.8 113.1 115.7 111.4 97.4 92.6 89.3 87.8 87.8 91.1 94.8 97.2
172.5 166.5 159.1 150.5 148.8 158 157.4 155.3 152.3 149.3 146.6 142.7 136.9 132 128.7 127.5 125.4 129.2 127.8 129.6 129.9 130.7 132.2 133.7 134.4 136 136.6 132.9 127.9 126.5 128.5 130.1 133 133.7 133.4 135.2 139.8 144.2 149.8 155.2 161.2 173.4 186.5 200 210.3 218.9 224 235.9 244.2 250.5 247.7 245.1 235 222.9 216.3 218.4 220.3 216.9 213.5 209.6 200.1 191.9 181.6 170 160.8 147 137.3 134.4 130.1 126.4 120.8 114.9 111.7 108.4 95.8 92.4 90.1 87.9 87.8 96.3 99.2 101.1
174.7 168.4 161.5 156.3 145.2 145.4 153.3 151.9 149.6 146.9 144 140.4 135.4 130.2 126.7 124.8 123.6 127.5 126.1 125.9 124.9 124.5 126.4 128 130.7 133.1 132 128.5 123.4 127.3 127.1 128.1 130.2 132.6 135.3 136.1 139.2 145 150.9 157.9 166.6 177 193.9 205.9 218.7 225.6 237.3 243.6 249.8 255.5 252.7 247.4 239 232 219.3 221.9 222.2 218.5 214.9 208.6 199.8 187 176.8 167.8 156.9 142.9 137.3 133.4 127.9 123.9 118.1 109.4 105.9 108.5 98.8 92.1 89.9 87.8 87.8 98.2 110.1 112.3
178.7 172 165.8 160.6 154.3 143.5 147.4 147 145.6 143.9 140.6 136.8 133.1 128.4 123.5 121.7 123.7 124.2 122.4 121.5 119.3 118.8 121.8 122.5 125.9 128.1 126.4 122.9 123.4 124.9 125.1 129.4 133.2 135.8 137.4 138 140.1 146.9 157.9 168.5 178.6 187.7 199 215.2 226.9 240.6 249.6 254.9 259.9 262.1 258.7 251.4 241.7 234.7 219.7 223.5 220.1 216.4 210.1 201.7 194 177.8 168.5 161.7 152.6 140.1 133.1 127.2 128.2 125.4 112 106.8 105.5 107.6 92.2 92.4 90.4 85 87.8 95 116.8 124.3
182.8 175.7 168.2 162.5 158.7 152 141.2 139.7 138.5 138.5 137.5 133.9 127.8 125.9 123.9 119 121.5 119.7 118.2 116.4 113.7 113.2 113.7 116.8 120.3 121.5 119.6 117.8 120.2 120.3 126.3 130.3 134.4 137.7 140.4 140.8 143.4 150.6 164.5 177.1 186.1 191.4 203.7 219.4 238.7 251.9 262.5 269.6 270 269.5 261.7 253.6 244.4 235.5 219.1 218.7 216.8 213.6 201.4 194.8 186.6 175.4 164.8 157.1 148 135.8 130.8 121.7 121.8 120 111.6 106.8 105.9 98.9 93.3 90.7 86.1 86.2 84.7 91 112.6 128.6
184.6 175.7 169.6 164.3 160.2 154.3 148 137.7 134.7 131.1 133.9 131.1 124.3 123.3 122.7 117.4 117.3 115.2 113.1 111.1 109.9 109.5 110.2 112.1 114.5 114.9 114.8 114.8 117.7 123.5 127.8 132.5 136.4 141.5 144.8 145.7 147.7 158.1 167.2 180.7 193.8 198.1 211.6 231.7 249.6 263.8 272.4 285.6 281 271.2 261.3 251.5 240.9 229.5 212.4 214.1 214.7 207.3 195.6 186.8 178.6 167.8 161 153.2 145.3 135.5 126.8 119.2 116.2 117.7 113.5 107 108.6 99.8 88.5 92.3 87.3 88.9 84.8 90.4 105 117.4
183.7 175.9 170 165 159.9 154.6 149.3 141.3 134.6 124.1 128.7 125.3 121.2 121 120.1 115.8 113 111.4 109.9 108.5 107.5 107.7 108.7 110.1 111.3 111.9 111.6 115.1 120.3 125.3 129.9 135.4 139.5 144.5 149.4 152.6 154.8 160.8 174.1 188.8 197.5 204.2 217.2 242 258.7 267.1 282.5 291.6 287.9 269.9 261.4 248.4 234.6 228.9 208.2 209.3 205.4 199.4 191 182.5 172.5 162.2 155.4 151.8 141.9 135.4 125.5 118.8 115.1 114 111.4 107.7 105.9 96.7 87.2 88.2 85.2 88.1 85.6 87.1 89.9 110.2
183.3 175.9 169.1 164.3 159.4 154.3 148.9 141.9 135 130 120.7 119.9 116.7 115.9 115.9 112.4 109 108.2 107.9 106.7 106.2 106.6 107.9 109.2 109.4 109.3 112.9 117.2 122.1 127.1 133.4 138.9 144 150.1 153.5 158.5 160.7 169.3 179.5 190.9 202.1 209.8 225.9 240 259.4 275.2 290.3 294.1 292 273.4 261.7 247.8 232.5 227.3 204.8 207.8 203.6 194.7 186.3 176.6 169.3 157.8 150.7 145.8 138.9 129.3 124.5 118.1 115 109.4 107 108.1 107.7 95.1 88.3 85.8 83.7 80.9 81.7 79.1 82 107.2
181.6 174.1 167.9 162.6 158.3 153.4 148.7 142.7 135.2 130.1 123.5 117.6 115.9 113 112.4 108.3 106.7 106.3 105.7 105.5 105.2 105.5 106.9 107.4 107.8 107.6 113.3 118.1 123.6 129.9 135.7 142.5 147.8 153.3 159 162.5 168.1 173.6 180.3 192.9 204.2 212.7 230.8 246.5 259.3 276.6 294.9 301.5 295.1 273.2 259.7 240.7 229.2 217.6 202.6 207.4 200.9 190.3 183.2 172.7 164.1 155.5 149.2 142.4 136.1 127.7 122.5 117 112.7 106.2 106 103.2 104.8 99.7 87.2 86.8 84.2 77.7 80.5 76.2 76.2 92.8
180.4 173.7 166.6 161.4 156.3 151.3 147 142.2 135.2 130 127.1 116.5 112.7 110.2 108.9 107 107 106.1 104.8 103.9 103.2 104.3 104.9 105.4 105.7 108.5 114.8 120.5 126.3 133.3 139.3 145.8 151.4 156.6 162.3 167.8 172.8 178.7 186.2 197 207.9 213.4 233.1 251.2 266.2 281.9 288.7 303.8 296.7 277.3 258.3 241.1 228.4 212.2 202.6 202.2 199.4 186.7 179.7 171.3 161.8 154.8 146.9 140.5 131.9 125.9 122 117.3 109.8 104.8 99.9 99.6 96.7 98.8 84.9 80.7 85.3 76.4 77.2 73.7 70.6 89.4
178.8 170.6 164.4 159.6 154.4 149.3 145.2 140.3 136.4 130.6 126.2 118.9 114.7 110.2 109.5 108.2 107.5 105.7 104.3 103.9 103.7 102.7 101.9 103.6 104.2 111.3 117.2 122.7 129.4 137.5 143.7 149.1 155.8 162 167.5 172.2 179.5 184.6 190.5 200 209.5 215.1 232.7 250 264.9 274.6 279.7 298.8 293.6 275.7 256.2 242.7 230.1 218.3 204 208.9 196.2 185.2 177.4 172.5 161.9 149.6 145.6 139.7 131.6 127.4 122.6 117 111.1 105.7 97.4 93.6 93.5 94.7 83.6 80.4 74.8 73.8 75.9 76 70.4 72.6
176.2 169.9 163.2 158.7 152 146.1 143.8 139.7 135.6 130.2 124.7 120.6 116.3 110.3 108.5 107.6 106.5 105.1 103.6 103.1 102.7 101.5 101.6 103 107 112.4 119.2 126.3 135.1 142.7 149.8 153.9 160.1 166.2 171.7 179.5 186.6 191.6 195.8 200.6 209.1 216.3 234.6 249.6 261.4 259.4 271.1 289.7 281.4 269.9 250.1 246.5 238.2 221.4 205.4 208.4 196.6 185.7 176.5 168.5 159.7 150.2 144.3 138.7 133.3 129.2 123.3 118 110.8 105.3 95.6 94.4 93.8 92.4 85.4 84.1 78.9 72.9 76.2 72.1 66.7 64.5
176.6 167.8 162.8 157.5 151.5 146 141.5 135.4 130.7 126.9 122.4 119.6 116.8 109.6 106.8 106.3 105.9 104.6 103.4 102.1 101.8 100.6 101.3 104.6 109.4 114.4 122.6 130.9 138.8 147.1 154.2 159.9 164.2 171.3 178.9 186.4 194.2 199 202.3 206.6 206.6 210.8 233.8 246.7 255 247.8 264.8 279 273.2 262.9 246.4 248.1 239.1 226.4 207.7 202.8 195.8 182.6 174.1 166.8 159.7 150.5 144.7 139.8 131.9 128.5 123.7 116.8 111.7 101.9 95.3 96.7 95.2 93.6 92.3 82.3 81.5 76.9 71.8 69.1 64.8 59.4
174.1 167.9 160.8 156.1 149.9 145.6 141.4 134.4 128.2 123.5 121 118.4 114.5 108.1 105.8 105.5 105 104.7 105.1 105.8 102.1 100.7 100.2 103.8 109.6 115.7 124.7 133.4 141.9 151 158.8 164.8 169.3 176 184.6 192.5 202.1 208.7 213.4 206.8 207.2 207.2 229.7 241.9 247.5 244.4 260.7 259.7 261.3 257.1 245.6 245.1 239.8 229.8 214.9 199.1 199 181.1 175.9 167 159.4 150.2 146.5 145.9 136.9 125.3 124.7 121 113.2 100.8 96.4 99.1 97 94.7 91.5 84.4 84.8 80.5 70.5 73.5 67.5 62.5
170.9 165.3 158.5 152.1 146.9 143 139.9 134.9 127 121.2 119 117.4 114.4 107.6 105.5 105 104.5 104.5 106.2 105.6 102.4 98.9 100 104.8 111.8 118.1 126.1 134.7 144.1 152.7 161.3 167.6 173.4 180 189.4 197.2 206.4 214.4 217 210.6 212.3 206.4 223.4 234.8 238.1 232.7 244.4 242.2 250.3 247.8 238.9 244 242.5 235.3 218.6 201.3 194.6 186.7 177.8 166.2 160.4 152.5 145.6 146.6 137.6 126.6 130.9 124.3 122 109.6 99.6 101 102.1 97 91.2 91.1 86.6 78.5 73.3 77.1 71.1 64.3
166.6 160.5 155 148.9 144.2 140.3 138.5 134.9 126.2 119.1 117.2 116 113.9 109.4 106.3 105 104.7 104.1 105.3 104.6 101.2 98.2 98.6 105.8 112.9 118.9 126.7 135 143.8 154 163.6 170.4 177.4 185.9 195.6 202.7 207.3 214.1 216.7 217.1 206.2 201.9 205.2 219.9 226.6 221.8 223.2 229.3 235.4 234.2 232.9 238.3 243.4 237.6 222.7 199.4 191.4 186.6 181.3 170.1 161 151.6 146.8 148.5 141.1 130.7 128.3 125.9 127.5 116.3 103.8 104.7 105 99 95.8 91.9 87.1 82.4 78.7 86 70.8 65.1
163.8 157.1 152.1 147.7 145.2 141.9 138.2 133.4 126.9 119.7 115.8 114.2 115.3 113.9 110.7 107 105.1 103.4 103.5 102.2 99.4 98.9 99.5 103.1 111.9 118.3 125.8 132.6 140.4 153.8 163.6 173.1 182.8 193.9 203.8 211 216.2 214.7 214.8 217.9 195.8 192.3 194 210 211.9 202.4 204.8 219.8 223.1 225.6 218.5 228.9 238.6 230 221.7 204.1 192.4 183.1 178.3 172.3 162.3 154.2 149.1 148.1 140.5 134.1 134.6 129.5 129.4 118.9 112 108.8 111.6 102.5 95.6 91.1 87.9 85.7 80.7 89.2 73.8 66
