UK/data/nm/nm46_OST50GRID_20230518/NM46.asc
ncols 200
nrows 200
xllcorner 140000
yllcorner 760000
cellsize 50
[rows 37 to 73 of 200, columns 0 to 81 of 200]
-1.7 -1.7 -1.7 -1.7 -1.7 -1.7 -1.7 -1.7 -1.7 -1.7 -1.7 -1.7 -1.7 -1.7 -1.7 -1.7 -1.7 -1.7 -1.7 -1.7 -1.7 -1.7 -1.7 -1.7 -1.7 -1.7 -1.7 -1.7 -1.7 -1.7 -1.7 -1.7 -1.7 -1.7 -1.7 -1.7 -1.7 -1.7 -1.7 -1.7 -1.7 -1.7 -1.7 -1.7 -1.7 -1.7 -1.7 -1.7 -1.7 2 6.2 2.4 2.4 9.5 11.6 18.6 27.1 30.6 32.7 33.4 36.9 45.5 65.3 67.3 55.7 55.3 56.6 49.6 33 32.2 29.5 18.9 22.1 13.4 7.5 6.6 5.7 2.1 2.5 5 2.8 4.6
-1.7 -1.7 -1.7 -1.7 -1.7 -1.7 -1.7 -1.7 -1.7 -1.7 -1.7 -1.7 -1.7 -1.7 -1.7 -1.7 -1.7 -1.7 -1.7 -1.7 -1.7 -1.7 -1.7 -1.7 -1.7 -1.7 -1.7 -1.7 -1.7 -1.7 -1.7 -1.7 -1.7 -1.7 -1.7 -1.7 -1.7 -1.7 -1.7 -1.7 -1.7 -1.7 -1.7 -1.7 -1.7 -1.7 -1.7 -1.7 -1.7 2.4 9.7 2.4 6.2 20.4 17 23.2 29.3 36.7 39.4 47 42.7 42.8 49.9 52.2 56.1 59.1 62.8 54.8 52 52.7 39.8 34.6 24 18 9.2 7.3 6.5 5.4 3.4 5.4 8.1 3.8
-1.7 -1.7 -1.7 -1.7 -1.7 -1.7 -1.7 -1.7 -1.7 -1.7 -1.7 -1.7 -1.7 -1.7 -1.7 -1.7 -1.7 -1.7 -1.7 -1.7 -1.7 -1.7 -1.7 -1.7 -1.7 -1.7 -1.7 -1.7 -1.7 -1.7 -1.7 -1.7 -1.7 -1.7 -1.7 -1.7 -1.7 -1.7 -1.7 -1.7 -1.7 -1.7 -1.7 -1.7 -1.7 -1.7 -1.7 -1.7 0.9 4.1 2.4 2.4 13.4 23.5 21.3 19.9 28.3 33.6 51.7 64.6 83.1 80.2 61.1 57.5 64 61.6 62.3 63.5 66.2 57.2 52.6 44.3 35.8 21 12.2 13.7 10.9 8.1 7.2 19.1 15.6 6.7
-1.7 -1.7 -1.7 -1.7 -1.7 -1.7 -1.7 -1.7 -1.7 -1.7 -1.7 -1.7 -1.7 -1.7 -1.7 -1.7 -1.7 -1.7 -1.7 -1.7 -1.7 -1.7 -1.7 -1.7 -1.7 -1.7 -1.7 -1.7 -1.7 -1.7 -1.7 -1.7 -1.7 -1.7 -1.7 -1.7 -1.7 -1.7 -1.7 -1.7 -1.7 -1.7 -1.7 -1.7 -1.7 -1.7 -1.7 -1.7 0.4 1.6 1.1 1.3 2.3 9.8 18.8 16.4 30.1 34.8 45 80.3 106.8 95.8 73.1 64.5 69.5 68.2 72 77.2 69.6 66.4 59 52.4 47.3 31.8 30 23.6 20.7 17.9 17.1 20.9 19.1 13.4
-1.7 -1.7 -1.7 -1.7 -1.7 -1.7 -1.7 -1.7 -1.7 -1.7 -1.7 -1.7 -1.7 -1.7 -1.7 -1.7 -1.7 -1.7 -1.7 -1.7 -1.7 -1.7 -1.7 -1.7 -1.7 -1.7 -1.7 -1.7 -1.7 -1.7 -1.7 -1.7 -1.7 -1.7 -1.7 -1.7 -1.7 -1.7 -1.7 -1.7 -1.7 -1.7 -1.7 -1.7 -1.7 -1.7 -1.7 -1.7 -1.7 -0.6 -1.7 -1.7 0.5 2.2 13.1 12.4 24.4 39.4 50.9 84.4 111.7 100.1 78.1 74 72.8 74 79.4 81.5 80.8 80.1 70 64.7 60.5 51.4 38.3 46.7 38 34.8 26.4 34.9 28.1 18.8
-1.7 -1.7 -1.7 -1.7 -1.7 -1.7 -1.7 -1.7 -1.7 -1.7 -1.7 -1.7 -1.7 -1.7 -1.7 -1.7 -1.7 -1.7 -1.7 -1.7 -1.7 -1.7 -1.7 -1.7 -1.7 -1.7 -1.7 -1.7 -1.7 -1.7 -1.7 -1.7 -1.7 -1.7 -1.7 -1.7 -1.7 -1.7 -1.7 -1.7 -1.7 -1.7 -1.7 -1.7 -1.7 -1.7 -1.7 -1.7 -1.7 -1.7 -1.7 -1.7 -1.7 1.1 3.1 8 17.7 27.9 44.5 91.6 118 98.7 85 80.5 80.2 76.2 79.4 86.6 90.4 91.5 95.9 82.9 73.6 68.2 54.7 62.2 60.2 50.5 37.5 33.5 40.5 33.7
-1.7 -1.7 -1.7 -1.7 -1.7 -1.7 -1.7 -1.7 -1.7 -1.7 -1.7 -1.7 -1.7 -1.7 -1.7 -1.7 -1.7 -1.7 -1.7 -1.7 -1.7 -1.7 -1.7 -1.7 -1.7 -1.7 -1.7 -1.7 -1.7 -1.7 -1.7 -1.7 -1.7 -1.7 -1.7 -1.7 -1.7 -1.7 -1.7 -1.7 -1.7 -1.7 -1.7 -1.7 -1.7 -1.7 -1.7 -1.7 -1.7 -1.7 -1.7 -1.7 -1.7 0.6 3.1 7.8 12.4 21.6 39.6 101.3 115.2 86.5 78.7 80.6 77.4 78.5 76.9 89.9 94.3 108.3 116.1 102.1 88.1 81.6 77.2 71.9 66.3 52.4 37.6 33.1 39.2 41.9
-1.7 -1.7 -1.7 -1.7 -1.7 -1.7 -1.7 -1.7 -1.7 -1.7 -1.7 -1.7 -1.7 -1.7 -1.7 -1.7 -1.7 -1.7 -1.7 -1.7 -1.7 -1.7 -1.7 -1.7 -1.7 -1.7 -1.7 -1.7 -1.7 -1.7 -1.7 -1.7 -1.7 -1.7 -1.7 -1.7 -1.7 -1.7 -1.7 -1.7 -1.7 -1.7 -1.7 -1.7 -1.7 -1.7 -1.7 -1.7 -1.7 -1.7 -1.7 -1.7 -1.7 1.2 2.9 7.8 17.6 21.2 41.2 77 100.4 77.6 61.6 63 73.8 70.8 83 86.4 91.2 107.7 133.7 113 102.6 90.3 94 79.6 74.1 58.7 43.7 38.5 38.2 40.2
-1.7 -1.7 -1.7 -1.7 -1.7 -1.7 -1.7 -1.7 -1.7 -1.7 -1.7 -1.7 -1.7 -1.7 -1.7 -1.7 -1.7 -1.7 -1.7 -1.7 -1.7 -1.7 -1.7 -1.7 -1.7 -1.7 -1.7 -1.7 -1.7 -1.7 -1.7 -1.7 -1.7 -1.7 -1.7 -1.7 -1.7 -1.7 -1.7 -1.7 -1.7 -1.7 -1.7 -1.7 -1.7 -1.7 -1.7 -1.7 -1.7 -1.7 -1.7 -1.7 0.9 2.6 4.9 7.9 16.5 31.5 42 65.4 71.5 64.1 51.2 46.8 53 62 72.5 83.3 82.2 100.6 131.5 136.9 116.4 97.4 93.5 84.4 77.5 64.8 49 44.2 39 42.7
-1.7 -1.7 -1.7 -1.7 -1.7 -1.7 -1.7 -1.7 -1.7 -1.7 -1.7 -1.7 -1.7 -1.7 -1.7 -1.7 -1.7 -1.7 -1.7 -1.7 -1.7 -1.7 -1.7 -1.7 -1.7 -1.7 -1.7 -1.7 -1.7 -1.7 -1.7 -1.7 -1.7 -1.7 -1.7 -1.7 -1.7 -1.7 -1.7 -1.7 -1.7 -1.7 -1.7 -1.7 -1.7 -1.7 -1.7 -1.7 -1.7 -1.7 -1.7 -1.7 2 4.6 6.1 7.1 19.9 24.1 33.7 43.6 49 43.6 39.6 37.1 39.3 48.5 55.5 69.6 75.1 92 120.2 135.7 127.4 105.2 92.6 89 80.1 66.8 52.6 47.6 41.5 40.9
-1.7 -1.7 -1.7 -1.7 -1.7 -1.7 -1.7 -1.7 -1.7 -1.7 -1.7 -1.7 -1.7 -1.7 -1.7 -1.7 -1.7 -1.7 -1.7 -1.7 -1.7 -1.7 -1.7 -1.7 -1.7 -1.7 -1.7 -1.7 -1.7 -1.7 -1.7 -1.7 -1.7 -1.7 -1.7 -1.7 -1.7 -1.7 -1.7 -1.7 -1.7 -1.7 -1.7 -1.7 -1.7 -1.7 -1.7 -1.7 -1.7 -1.7 2.4 1.9 1.6 3.7 7.3 11.6 22.9 27.5 37.7 36.7 38 35.2 35.1 30.9 32.1 38.2 51 65.2 69.1 77.5 109.3 130.7 132.3 119.2 95.6 96.1 85.9 74.7 61.3 46.7 44 41.3
-1.7 -1.7 -1.7 -1.7 -1.7 -1.7 -1.7 -1.7 -1.7 -1.7 -1.7 -1.7 -1.7 -1.7 -1.7 -1.7 -1.7 -1.7 -1.7 -1.7 -1.7 -1.7 -1.7 -1.7 -1.7 -1.7 -1.7 -1.7 -1.7 -1.7 -1.7 -1.7 -1.7 -1.7 -1.7 -1.7 -1.7 -1.7 -1.7 -1.7 -1.7 -1.7 -1.7 -1.7 -1.7 -1.7 -1.7 -1.7 -1.7 0.5 2.4 2.1 9.9 8 15.3 25.2 24.8 41 45.8 57.9 46.8 29.9 27.5 25.4 26.4 35.1 45.9 57.1 67.9 80.4 95.5 125 136.5 130.3 104.9 102.4 96 84 67.8 48.2 45.2 42
-1.7 -1.7 -1.7 -1.7 -1.7 -1.7 -1.7 -1.7 -1.7 -1.7 -1.7 -1.7 -1.7 -1.7 -1.7 -1.7 -1.7 -1.7 -1.7 -1.7 -1.7 -1.7 -1.7 -1.7 -1.7 -1.7 -1.7 -1.7 -1.7 -1.7 -1.7 11.8 -1.7 -1.7 -1.7 -1.7 9.1 -1.7 -1.7 -1.7 -1.7 -1.7 -1.7 -1.7 -1.7 2.4 -1.7 -0.2 1.4 1.7 2.3 6 9.3 16.2 18.9 36.1 40.6 45.5 61.2 55.3 45.8 28.2 23.6 22.1 23.1 36.5 40.6 55.9 69.1 84.3 115.6 126 137.6 132.3 123.2 113 100.2 85.8 74 62.5 51.6 46.5
-1.7 -1.7 -1.7 -1.7 -1.7 -1.7 -1.7 -1.7 -1.7 -1.7 -1.7 -1.7 -1.7 -1.7 -1.7 -1.7 -1.7 -1.7 -1.7 -1.7 -1.7 -1.7 -1.7 -1.7 -1.7 -1.7 -1.7 -1.7 -1.7 -1.7 -1.7 24.8 16.4 -1.7 -1.7 19.7 25.6 17 12.5 15.7 11.2 2 -1.7 -1.7 -1.7 -1.7 2.4 2.2 1.7 7.1 6.4 10.2 9.2 15.9 20.7 37 41.8 45.3 60.8 53.1 38 26.3 19.9 20.1 23.7 31 40.3 52.5 60.6 80.6 110 133.6 130.5 129.5 131.7 130.4 127 104 86.5 75 63 54.6
-1.7 -1.7 -1.7 -1.7 -1.7 -1.7 -1.7 -1.7 -1.7 -1.7 -1.7 -1.7 -1.7 -1.7 -1.7 -1.7 -1.7 -1.7 -1.7 -1.7 -1.7 -1.7 -1.7 -1.7 -1.7 -1.7 -1.7 -1.7 -1.7 -1.7 2.8 19.8 22 9.1 4.1 14.7 38.4 27.4 18 20.5 17.2 19.3 24.1 -1.7 -1.7 -1.7 1.4 1.1 4.7 7.9 9.3 11.3 10.4 16.2 20 31.3 41.5 46.5 61.1 50.2 34.5 24.7 19.1 18.3 25 33.1 42.9 47.8 60.4 76.8 108 125.4 130.4 130.7 137.1 144.1 138.9 128.7 102.6 85.9 74.8 60.3
-1.7 -1.7 -1.7 -1.7 -1.7 -1.7 -1.7 -1.7 -1.7 -1.7 -1.7 -1.7 -1.7 -1.7 -1.7 -1.7 -1.7 -1.7 -1.7 -1.7 -1.7 -1.7 -1.7 -1.7 -1.7 -1.7 -1.7 -1.7 -1.7 -1.7 5.2 17 21.6 15.3 19.1 23.3 40.5 37.5 21.8 18.7 24.8 29.9 38.3 24.4 16.1 -1.7 -1.7 -1.7 2.6 12.6 11.4 10.6 11.4 12.9 18.7 27.8 39 42.9 56.8 47.8 32.3 18.4 15.9 18.4 26.6 37.6 49.3 49.3 58 74.9 100.6 127 130.7 130.8 143.9 153.2 147.6 145.1 128.8 109.2 87.9 65
-1.7 -1.7 -1.7 -1.7 -1.7 -1.7 -1.7 -1.7 -1.7 -1.7 -1.7 -1.7 -1.7 -1.7 -1.7 -1.7 -1.7 -1.7 -1.7 -1.7 -1.7 -1.7 -1.7 -1.7 -1.7 -1.7 -1.7 -1.7 -1.7 -1.7 4.9 13 17.9 13.2 24 36.9 36.6 35.8 23.3 18.3 23.7 25.4 32 29.2 28.3 10 5.7 -1.7 -1.7 -1.7 11.7 12 10.5 11.9 18.4 23 35.2 36.4 47.7 45.8 32.9 19.5 14.1 14.9 30.9 37.8 44.7 52.5 58.4 74.4 100 127.2 135.9 133.7 139 155.2 159.9 151.1 147 132.3 112.2 81.5
-1.7 -1.7 -1.7 -1.7 -1.7 -1.7 -1.7 -1.7 -1.7 -1.7 -1.7 -1.7 -1.7 -1.7 -1.7 -1.7 -1.7 -1.7 -1.7 -1.7 -1.7 -1.7 -1.7 -1.7 -1.7 -1.7 -1.7 -1.7 -1.7 -1.7 -1.7 16.9 20 8.9 19.5 33.2 40.2 31.8 20.9 20.1 17.8 16.3 19.6 20.7 22 14.2 4 4.2 11.3 -1.7 5.8 11.6 11.4 9.3 11.7 17.6 24.2 30.4 41 42 30.7 19.8 13.4 14.3 29.8 38.8 41.5 50.1 57.1 75.1 99.1 122.7 138.3 142.8 131.1 145.1 153.7 146.9 151 145.9 126.6 92.6
-1.7 -1.7 -1.7 -1.7 -1.7 -1.7 -1.7 -1.7 -1.7 -1.7 -1.7 -1.7 -1.7 -1.7 -1.7 -1.7 -1.7 -1.7 -1.7 -1.7 -1.7 -1.7 -1.7 -1.7 -1.7 -1.7 -1.7 -1.7 -1.7 -1.7 -1.7 9 12.7 3.8 16.9 22.2 21.7 17.3 12.2 13.2 12.3 13.1 14.6 15.5 20.2 18 11.4 6.7 11.8 8.2 7.3 4.3 10.5 8.2 9.9 12.2 16.9 26.1 36.5 37.1 27.6 18.5 13 16.8 29.6 35.9 37.5 44.5 58.7 74.6 98.9 114.6 128.5 141.5 139.1 130.5 140.2 138.9 142.6 136.2 129.3 108.4
-1.7 -1.7 -1.7 -1.7 -1.7 -1.7 -1.7 -1.7 -1.7 -1.7 -1.7 -1.7 -1.7 -1.7 -1.7 -1.7 -1.7 -1.7 -1.7 -1.7 -1.7 -1.7 -1.7 -1.7 -1.7 -1.7 -1.7 -1.7 -1.7 -1.7 -1.7 -1.7 1.9 1 2.1 6.7 8.7 11.9 9.7 10.7 11.6 14.2 14.7 14.8 21.2 27.1 21.4 10.9 10.7 11.5 15.2 9.4 5.2 5.4 9.2 9.4 12.1 20.5 29.1 31.9 25.5 18.2 12.9 22.1 25.8 27.9 36.8 41.9 56.2 77 99.7 104.5 112.7 124.2 129.9 114.5 125.2 131.4 123.6 134.7 129.5 110.3
-1.7 -1.7 -1.7 -1.7 -1.7 -1.7 -1.7 -1.7 -1.7 -1.7 -1.7 -1.7 -1.7 -1.7 -1.7 -1.7 -1.7 -1.7 -1.7 -1.7 -1.7 -1.7 -1.7 -1.7 -1.7 -1.7 -1.7 -1.7 -1.7 -1.7 -1.7 -1.7 -1.7 -1.7 -1.7 2.1 2.7 6.8 8.4 12.8 12 12.7 11.4 12.6 14.8 20.7 22.2 11.1 9.7 15 13.6 17.4 8.2 14.6 6.2 7.3 8.4 15.8 21.8 24.7 21 18.8 13.2 20.2 23.8 27.2 32.6 42 55.8 76.6 101.5 109.2 111.4 116.9 109.8 102 99.9 103.2 100.7 112.3 109.2 98
-1.7 -1.7 -1.7 -1.7 -1.7 -1.7 -1.7 -1.7 -1.7 -1.7 -1.7 -1.7 -1.7 -1.7 -1.7 -1.7 -1.7 -1.7 -1.7 -1.7 -1.7 -1.7 -1.7 -1.7 -1.7 -1.7 -1.7 -1.7 -1.7 -1.7 -1.7 -1.7 -1.7 -1.7 -1.7 -1.7 2.9 8 6 12.8 10.5 11.3 11 11.4 11.4 19.8 21.5 17.7 9 10.7 13.9 19.6 11.9 18.3 18.6 19.9 10.7 8.3 13.9 16.2 17.2 13.1 12.1 13.7 19.8 19 25.6 33.8 49.7 65.8 92.6 102.4 106.9 105.1 93.2 85.1 78.1 78.8 78.1 86.4 82.7 74.5
-1.7 -1.7 -1.7 -1.7 -1.7 -1.7 -1.7 -1.7 -1.7 -1.7 -1.7 -1.7 -1.7 -1.7 -1.7 -1.7 -1.7 -1.7 -1.7 -1.7 -1.7 -1.7 -1.7 -1.7 -1.7 -1.7 -1.7 -1.7 -1.7 -1.7 -1.7 -1.7 -1.7 -1.7 -1.7 -1.7 -1.7 7.5 3.6 10 8.2 10.1 10.5 10.5 11.2 12 18.4 15.6 8.8 9.6 13.1 17.4 14.5 16.7 20.6 38.5 34.4 22.4 8.2 9.6 9.9 10.6 10.5 11.1 12.1 13.7 25.5 27.3 42.6 55 75 89.5 95 89 81.8 70.3 64.7 62.4 63.3 68.7 60.9 55
-1.7 -1.7 -1.7 -1.7 -1.7 -1.7 -1.7 -1.7 -1.7 -1.7 -1.7 -1.7 -1.7 -1.7 -1.7 -1.7 -1.7 -1.7 -1.7 -1.7 -1.7 -1.7 -1.7 -1.7 -1.7 -1.7 -1.7 -1.7 -1.7 -1.7 -1.7 -1.7 -1.7 -1.7 -1.7 -1.7 -1.7 -0.9 0.9 5.1 5.3 7.6 8.4 12.4 12.4 12.5 13.5 13.9 7.7 13.1 10 15.5 17.5 16.6 23 40.7 50.4 38.3 24.7 13.2 12.5 10.7 10.6 10.6 10.9 13.8 17.1 23.7 30.4 41.4 55.6 73.1 78.4 76.9 69.2 60.9 50.5 42.5 47.2 46.9 40.4 40.2
-1.7 -1.7 -1.7 -1.7 -1.7 -1.7 -1.7 -1.7 -1.7 -1.7 -1.7 -1.7 -1.7 -1.7 -1.7 -1.7 -1.7 -1.7 -1.7 -1.7 -1.7 -1.7 -1.7 -1.7 -1.7 -1.7 -1.7 -1.7 -1.7 -1.7 -1.7 -1.7 -1.7 -1.7 -1.7 -1.7 -1.7 4 2.5 3.6 4.6 5.5 5.2 6.3 8.4 7.6 7.8 7.5 7.1 7.8 8.8 15 16.3 19.4 25.4 33.5 56.9 50.3 37.9 17 17 10.6 10.6 10.6 10.6 14 15 17.6 24.2 31.8 43 54 62.6 59.4 58.8 52.6 47.5 37.2 30.2 28.3 30.2 33.5
-1.7 -1.7 -1.7 -1.7 -1.7 -1.7 -1.7 -1.7 -1.7 -1.7 -1.7 -1.7 -1.7 -1.7 -1.7 -1.7 -1.7 -1.7 -1.7 -1.7 -1.7 -1.7 -1.7 -1.7 -1.7 -1.7 -1.7 -1.7 -1.7 -1.7 -1.7 -1.7 -1.7 -1.7 -1.7 -1.7 -1.7 9.6 5.7 9.2 13.4 12.1 11.2 13.7 8 10 12.3 14.7 7.3 8.4 8.7 17.9 17.1 23.2 26.9 32.4 49.5 65 46.5 22.6 16.8 10.6 10.6 10.6 10.6 14.6 16.4 19.1 20.8 24.9 32.4 37.6 42.8 46.2 41.1 39.2 39.1 34.3 25.1 22.3 25.8 31.4
-1.7 -1.7 -1.7 -1.7 -1.7 -1.7 -1.7 -1.7 -1.7 -1.7 -1.7 -1.7 -1.7 -1.7 -1.7 -1.7 -1.7 -1.7 -1.7 -1.7 -1.7 -1.7 -1.7 -1.7 -1.7 -1.7 -1.7 -1.7 -1.7 -1.7 -1.7 -1.7 -1.7 -1.7 -1.7 -1.7 1.2 12.3 10 11.7 16.5 17 15.2 20.5 13.7 16.2 16.8 16.1 8.8 9 9.6 13.5 19.7 22.4 27.3 34.4 47.6 55.3 48.9 28.3 25.3 10.6 10.6 10.6 10.6 11.8 14.4 17.7 21.8 23.2 23.7 25.2 32.5 33.2 31.5 30.8 30.1 28.6 21 20.9 21.7 23.4
-1.7 -1.7 -1.7 -1.7 -1.7 -1.7 -1.7 -1.7 -1.7 -1.7 -1.7 -1.7 -1.7 -1.7 -1.7 -1.7 -1.7 -1.7 -1.7 -1.7 -1.7 -1.7 -1.7 -1.7 -1.7 -1.7 -1.7 -1.7 -1.7 -1.7 -1.7 2.7 2 2.7 2.3 -1.7 2.8 11.3 12.1 15.3 15.4 18.6 21.7 24.4 17.6 15.9 18.2 14.4 13.8 7.9 12 10.5 16.1 20.6 23.5 40.2 46.2 54.4 47.3 29.7 26.7 10.6 10.6 10.6 10.6 12.2 10.4 13.9 22.4 25.7 27.2 24.6 22.4 22.2 22.6 21.7 24.5 21.6 19.3 19.6 20.6 21
-1.7 -1.7 -1.7 -1.7 -1.7 -1.7 -1.7 -1.7 -1.7 -1.7 -1.7 -1.7 -1.7 -1.7 -1.7 -1.7 -1.7 -1.7 -1.7 -1.7 -1.7 -1.7 -1.7 -1.7 -1.7 -1.7 -1.7 -1.7 -1.7 -1.7 -1.7 6.4 2.3 4.2 3.8 5.2 3 6.1 12 16.1 15.7 21 21.7 31.3 20.2 18.2 17.3 18.2 16.9 7.9 10 10.1 9 12.3 22.7 38.6 42.2 55.1 48.4 33 25.4 10.6 10.6 10.6 10.6 10.6 10.6 10.4 18.2 22 21.2 19.8 18.8 18.6 17.1 17.2 17.3 19.3 17.8 18.4 19.5 20
-1.7 -1.7 -1.7 -1.7 -1.7 -1.7 -1.7 -1.7 -1.7 -1.7 -1.7 -1.7 -1.7 -1.7 -1.7 -1.7 -1.7 -1.7 -1.7 -1.7 -1.7 -1.7 -1.7 -1.7 -1.7 -1.7 -1.7 -1.7 -1.7 -1.7 -1.7 -1.7 2.4 3.3 7.3 9.1 1.5 7.8 11.9 16.3 16.2 18.7 20.4 23.4 23.7 18.8 18.8 19.1 18.4 8.1 7.5 9.4 8.5 10.4 18.2 25.6 40.7 51.9 51.7 37.4 31.5 10.9 10.4 10.6 10.6 10.6 10.6 10.4 12.7 15.1 15.3 14 15.8 16.3 15.6 16.2 16.5 16.1 17 16.7 18.4 19.6
-1.7 -1.7 -1.7 -1.7 -1.7 -1.7 -1.7 -1.7 -1.7 -1.7 -1.7 -1.7 -1.7 -1.7 -1.7 -1.7 -1.7 -1.7 -1.7 -1.7 -1.7 -1.7 -1.7 -1.7 -1.7 -1.7 -1.7 -1.7 -1.7 -1.7 -1.7 -1.7 2.4 4.6 6.5 10.3 8.4 8.3 12.3 15.2 16.1 19.8 22.2 24.2 23.8 19 18.9 20.8 21 9.4 8.3 8 8.1 8.6 14.3 26.5 40.6 46.9 55.3 40.7 33.1 17.9 10.7 10.4 10.4 10.5 10.4 10.4 10.7 11.6 12.3 12.3 14.1 15 15.2 15.7 16.1 16.3 16.9 17.3 17.8 18.8
-1.7 -1.7 -1.7 -1.7 -1.7 -1.7 -1.7 -1.7 -1.7 -1.7 -1.7 -1.7 -1.7 -1.7 -1.7 -1.7 -1.7 -1.7 -1.7 -1.7 -1.7 -1.7 -1.7 -1.7 -1.7 -1.7 -1.7 -1.7 -1.7 -1.7 -1.7 -1.7 0.9 2.9 8.4 13.6 10.5 8.5 12.5 14.2 17.7 21.8 24.1 26.9 25.2 21 19.5 24.7 18.7 14 9.2 10.3 9 8 11.7 26 38.5 55.2 46.4 47.9 35.2 28.8 12.1 11.2 11.4 10.4 10.4 12 10.4 11.3 11.4 12.4 13.8 14.3 14.9 15.3 16 16.3 17.4 17.7 17.7 18.8
-1.7 -1.7 -1.7 -1.7 -1.7 -1.7 -1.7 -1.7 -1.7 -1.7 -1.7 -1.7 -1.7 -1.7 -1.7 -1.7 -1.7 -1.7 -1.7 -1.7 -1.7 -1.7 -1.7 -1.7 -1.7 -1.7 -1.7 -1.7 -1.7 -1.7 -1.7 -1.7 0.4 5 7.6 16.2 11.9 7.1 9.6 12.2 16 22.4 28.7 32.1 27.2 21.4 20.7 24.7 16.7 11.4 10.2 10.8 14.5 8.5 8.6 20.4 33.9 43.8 38 49.6 39.4 32.4 14.9 12.1 11.5 10.4 12.3 13.3 13.9 13.8 11.4 12.2 15.3 14.9 15.2 15.4 15.9 16.5 17.5 17.8 19.2 18.8
-1.7 -1.7 -1.7 -1.7 -1.7 -1.7 -1.7 -1.7 -1.7 -1.7 -1.7 -1.7 -1.7 -1.7 -1.7 -1.7 -1.7 -1.7 -1.7 -1.7 -1.7 -1.7 -1.7 -1.7 -1.7 -1.7 -1.7 -1.7 -1.7 -1.7 -1.7 -1.7 0.4 5.1 9.3 15.2 15 9.5 7.1 9.9 14.1 20.4 26.8 35.2 33.9 20.9 21.5 22.5 15.4 11.2 10.8 10.9 13.9 15.7 8.4 15.3 25.3 36.3 35.4 46.2 41.6 37.6 20.8 12.8 13.1 12.1 15.2 19.9 19.2 14.9 12.3 12 15.3 15.4 15.7 15.8 16.3 17 18.1 19.1 19.6 21.4
-1.7 -1.7 -1.7 -1.7 -1.7 -1.7 -1.7 -1.7 -1.7 -1.7 -1.7 -1.7 -1.7 -1.7 -1.7 -1.7 -1.7 -1.7 -1.7 -1.7 -1.7 -1.7 -1.7 -1.7 -1.7 -1.7 -1.7 -1.7 -1.7 -1.7 -1.7 -1.7 -1.7 2.4 8.5 17.1 18.3 11.3 9 8.1 13.6 16 27.9 31.6 30.4 24.1 25.3 23.6 12.9 11.4 11.2 11 13.2 17.6 8.7 9.3 19.5 25.6 33.3 39 42.5 37.8 32.7 22.9 18.2 15.9 30.3 30 25.4 18.2 16.1 11.8 16.2 16.9 16.9 17.1 22.9 21.2 20.8 19.1 19.7 19.8
-1.7 -1.7 -1.7 -1.7 -1.7 -1.7 -1.7 -1.7 -1.7 -1.7 -1.7 -1.7 -1.7 -1.7 -1.7 -1.7 -1.7 -1.7 -1.7 -1.7 -1.7 -1.7 -1.7 -1.7 -1.7 -1.7 -1.7 -1.7 -1.7 -1.7 -1.7 -1.7 -1.7 4.3 8.6 17.9 21.7 15.1 10.6 8.5 12.4 16.1 25.7 35.2 32.9 23.6 25.9 17.5 13.5 11.8 11.6 11.7 11.8 18.8 14.9 9.2 11.9 20.7 30.4 30.4 38.5 36 30.9 30.3 25.9 33.4 40.7 38.8 31.9 26 18.5 16.6 14.4 17.3 17.3 17.4 24.1 24.1 25.8 20.9 21.9 22.1
-1.7 -1.7 -1.7 -1.7 -1.7 -1.7 -1.7 -1.7 -1.7 -1.7 -1.7 -1.7 -1.7 -1.7 -1.7 -1.7 -1.7 -1.7 -1.7 -1.7 -1.7 -1.7 -1.7 -1.7 -1.7 -1.7 -1.7 -1.7 -1.7 1.7 0.5 -1.7 -1.7 7.3 10.8 13.3 25.8 16.5 10.9 8.9 10.2 14.4 20.8 31.2 30.5 19 22 14.6 14.1 16.8 12.3 14.7 11.6 14.8 13.8 9.1 10 15.1 29.4 27.2 31 34.3 29.7 35 32.9 38.8 43.6 41.1 39.1 36.2 27.4 19.9 13.8 16.4 17.8 18.7 20.2 20.7 24.3 26.1 25.9 27.3
