UK/data/nr/nr45_OST50GRID_20230518/NR45.asc
ncols 200
nrows 200
xllcorner 140000
yllcorner 650000
cellsize 50
[rows 108 to 143 of 200, columns 81 to 161 of 200]
150.2 155.9 160.4 167.9 171.8 180.6 188.4 194.6 198.2 198.1 195.8 192.1 188.5 185.2 180.2 174.1 168.7 161.9 154.6 147.8 140.3 132.9 129.3 122.4 116.2 110.6 99.6 96.6 96.1 95.8 94.6 92.4 88.4 85 83.1 78 70.8 65.7 60.5 58.8 55.6 50.3 45 41.8 39.9 37.1 35.9 35.4 34.3 30.9 26.2 20 19.3 15.2 8.8 -0.2 -0.2 -0.2 -0.2 -0.2 -0.2 -0.2 -0.2 -0.2 -0.2 -0.2 -0.2 -0.2 -0.2 -0.2 -0.2 -0.2 -0.2 -0.2 -0.2 -0.2 -0.2 -0.2 -0.2 -0.2 -0.2
144.7 150.5 154.7 160.7 167.5 172.4 180.2 188.7 190.3 191.2 190.5 191.3 188 182.8 177.7 170.9 163.5 157.8 150 143.8 136.8 130.6 125.5 120.2 113 112.7 111.4 106.7 102.2 97.9 93.8 89 84.4 79.9 75.1 72 68.9 62 58 56.3 51.1 45.7 42.7 40.3 39.8 39.6 34.8 31.3 32 30 21.8 19.6 16.2 3.6 1.5 -0.2 -0.2 -0.2 -0.2 -0.2 -0.2 -0.2 -0.2 -0.2 -0.2 -0.2 -0.2 -0.2 -0.2 -0.2 -0.2 -0.2 -0.2 -0.2 -0.2 -0.2 -0.2 -0.2 -0.2 -0.2 -0.2
139.5 144 149.1 156.1 162.2 168.6 175.7 181.2 184.3 187.5 190.1 191 187.6 181.9 174.7 168.3 159.7 151.9 146.8 140.2 131.8 128.7 125.6 120.6 120.7 120.6 115.2 106.8 99.5 94.1 88.5 83.6 78.9 73.9 71.8 67.8 61.8 58.2 54.8 51.7 46.7 44.6 43.9 41.9 40.3 36 32 27.8 24.9 21.8 20.2 17.5 9.9 -0.2 -0.2 -0.2 -0.2 -0.2 -0.2 -0.2 -0.2 -0.2 -0.2 -0.2 -0.2 -0.2 -0.2 -0.2 -0.2 -0.2 -0.2 -0.2 -0.2 -0.2 -0.2 -0.2 -0.2 -0.2 -0.2 -0.2 -0.2
135.9 139.2 143.3 151.3 158.3 164 170.2 175.7 179.3 184.8 187.7 188.4 181 175.7 170.9 164.4 160.1 156.2 149.5 142.8 133.9 127.6 126 124.3 124.8 122 115.6 105.3 97.3 89.4 82.3 77.9 73.1 68.4 66.1 60.7 57.5 54.3 49.9 46.5 45.9 44.4 43.5 42.1 39.4 36.4 31.5 27 22.1 19.9 17 15.4 -0.2 -0.2 -0.2 -0.2 -0.2 -0.2 -0.2 -0.2 -0.2 -0.2 -0.2 -0.2 -0.2 -0.2 -0.2 -0.2 -0.2 -0.2 -0.2 -0.2 -0.2 -0.2 -0.2 -0.2 -0.2 -0.2 -0.2 -0.2 -0.2
132 137.4 142.6 149.6 156.4 160.8 165.8 171.2 175.6 179.3 181.7 180.7 177.2 174.2 168.6 162.7 158.3 153.7 147.3 141.1 134.5 127.8 125.9 127.2 124.5 119.4 112.9 102.8 94.4 86.1 77 72.7 67.3 62.6 59.4 56.3 53.7 51.4 45.6 45.6 45.8 44.5 42.7 41.3 39.9 36.4 32.2 28.4 18.3 17.7 14 -0.2 -0.2 -0.2 -0.2 -0.2 -0.2 -0.2 -0.2 -0.2 -0.2 -0.2 -0.2 -0.2 -0.2 -0.2 -0.2 -0.2 -0.2 -0.2 -0.2 -0.2 -0.2 -0.2 -0.2 -0.2 -0.2 -0.2 -0.2 -0.2 -0.2
130.9 135.7 141.6 146.6 153.5 158 162.3 166.7 171 173.8 175.1 175.6 174.9 170 163.8 157.4 151.3 147.1 141.5 135.8 130.3 124 124 124 119.8 116.4 109.3 99.2 90.3 82.6 70.2 63.5 60.1 54.5 54.8 51.2 48.7 45.6 44.3 43.9 43.7 42.8 41.9 41.2 38.9 34.3 25.5 18.8 14.2 14.8 4.3 -0.2 -0.2 -0.2 -0.2 -0.2 -0.2 -0.2 -0.2 -0.2 -0.2 -0.2 -0.2 -0.2 -0.2 -0.2 -0.2 -0.2 -0.2 -0.2 -0.2 -0.2 -0.2 -0.2 -0.2 -0.2 -0.2 -0.2 -0.2 -0.2 -0.2
131 133.8 139.2 144.1 149.4 154.6 158.9 161.3 164.4 168.2 169.9 172.5 171.3 166.5 159.8 151.9 143.5 138.5 134.5 130.1 125.5 122.1 120.8 117.7 114.6 109.2 102.3 94 84.3 76 64.7 59.3 52 49.4 47.5 46.9 45.2 44.8 43.2 41.6 40.1 40.5 41.1 39.2 35.7 28.8 23.4 16.5 11.1 5 -0.2 -0.2 -0.2 -0.2 -0.2 -0.2 -0.2 -0.2 -0.2 -0.2 -0.2 -0.2 -0.2 -0.2 -0.2 -0.2 -0.2 -0.2 -0.2 -0.2 -0.2 -0.2 -0.2 -0.2 -0.2 -0.2 -0.2 -0.2 -0.2 -0.2 -0.2
131.4 135 136.7 140.7 145.8 149.9 153.5 155 157.1 161.5 163.8 165.2 165.2 159.4 152.4 142.8 135.9 131.6 128.1 124.4 121.6 118.3 115.8 113.2 107.8 102.3 97.5 89.1 77.7 68.4 59 50.9 47.8 45.4 43.6 43.7 44.1 44.4 43.1 41.4 39.2 38.3 36.2 34.5 28.6 23.4 17.9 14.4 8.6 5.3 -0.2 -0.2 -0.2 -0.2 -0.2 -0.2 -0.2 -0.2 -0.2 -0.2 -0.2 -0.2 -0.2 -0.2 -0.2 -0.2 -0.2 -0.2 -0.2 -0.2 -0.2 -0.2 -0.2 -0.2 -0.2 -0.2 -0.2 -0.2 -0.2 -0.2 -0.2
134.8 136 134.5 137.5 142.6 145.8 147.6 148.8 151.3 153.6 154.9 156.8 154.5 149.2 142.1 135.2 129.2 124.2 121.5 118.4 116.5 113.1 109.7 106.1 100.4 97.2 91.2 81 74.7 64.1 52.2 46.3 43.4 41.3 39.1 39.9 42 43.2 42.2 38.7 35.9 32.8 30.6 28.6 23.4 20.3 16.5 13.3 6.5 3.2 0.8 -0.2 -0.2 -0.2 -0.2 -0.2 -0.2 -0.2 -0.2 -0.2 -0.2 -0.2 -0.2 -0.2 -0.2 -0.2 -0.2 -0.2 -0.2 -0.2 -0.2 -0.2 -0.2 -0.2 -0.2 -0.2 -0.2 -0.2 -0.2 -0.2 -0.2
131.6 131.6 131.4 133.5 137.6 139.3 139.9 141.5 145.6 147.8 149.1 146.1 143.4 139 133.5 126.4 120.1 116.5 113.8 113.2 111.3 108.1 103 97.3 92.7 88.7 80.6 74 65.9 55.8 48.1 43.9 40.5 36.4 34.8 35.8 37.7 39.2 39.5 36.4 33 30.3 28.1 26.5 22.6 19 15.9 12.4 8.9 5.7 2.6 -0.2 -0.2 -0.2 -0.2 -0.2 -0.2 -0.2 -0.2 -0.2 -0.2 -0.2 -0.2 -0.2 -0.2 -0.2 -0.2 -0.2 -0.2 -0.2 -0.2 -0.2 -0.2 -0.2 -0.2 -0.2 -0.2 -0.2 -0.2 -0.2 -0.2
124.2 126 131.8 132.4 130.6 132.2 133 134.4 137.5 140.6 141.2 138.1 133.8 129.6 123 118.8 114.7 111.1 109.2 107 104.7 100.5 96.3 89.1 82.3 75.7 70.6 63.8 55.5 51.9 44.6 39.7 36.4 35.1 33.3 30 31.3 32.2 34.4 33.2 30.4 28.4 27.3 25.1 21.7 19.4 15.9 13 10.4 6.5 5.4 -0.2 -0.2 -0.2 -0.2 -0.2 -0.2 -0.2 -0.2 -0.2 -0.2 -0.2 -0.2 -0.2 -0.2 -0.2 -0.2 -0.2 -0.2 -0.2 -0.2 -0.2 -0.2 -0.2 -0.2 -0.2 -0.2 -0.2 -0.2 -0.2 -0.2
119.9 127.5 131.7 129.2 125.2 120.9 125 127.2 129.6 132.7 132.4 130.7 127.6 122.8 115.4 112.2 108.1 106.3 103.1 100.6 97 91.7 86.4 80.9 74 67.8 61.8 54.8 52.4 45.5 41.2 36.7 35 32.3 29.9 27.9 28.1 28.3 28.8 29.3 29.3 28.4 26.9 25.1 21.5 19.5 17 13.9 10.9 7.3 5.6 -0.2 -0.2 -0.2 -0.2 -0.2 -0.2 -0.2 -0.2 -0.2 -0.2 -0.2 -0.2 -0.2 -0.2 -0.2 -0.2 -0.2 -0.2 -0.2 -0.2 -0.2 -0.2 -0.2 -0.2 -0.2 -0.2 -0.2 -0.2 -0.2 -0.2
117.1 122.3 123.9 121.5 116.4 114.3 118.5 120.3 122.4 125.3 125.4 122.3 119.9 113.6 108.5 108.3 104.8 100.4 96.5 92.3 87.4 82.5 78.1 72.9 65.4 57.9 54.2 51.2 46.8 42.1 37.2 35.4 32.9 30.5 29 26.2 25.4 26.6 28.1 29.5 29.3 28.4 26.5 24.6 21.6 19.5 17.2 15.1 13.5 17 -0.2 -0.2 -0.2 -0.2 -0.2 -0.2 -0.2 -0.2 -0.2 -0.2 -0.2 -0.2 -0.2 -0.2 -0.2 -0.2 -0.2 -0.2 -0.2 -0.2 -0.2 -0.2 -0.2 -0.2 -0.2 -0.2 -0.2 -0.2 -0.2 -0.2 -0.2
112.3 115.7 116 114.1 107.5 107.8 111.9 113.9 116 115.3 115.7 113.4 107.8 106.5 105.9 104.3 99.8 94.3 89 81.1 78.2 74.1 66.4 61.8 54.7 50.8 49 47.1 43.3 39.4 36.8 36.8 36.3 35.3 32.8 28.4 24.4 22.2 25.9 27.8 29.2 28 26.1 22.8 21.1 20 18 16.7 19.2 -0.2 -0.2 -0.2 -0.2 -0.2 -0.2 -0.2 -0.2 -0.2 -0.2 -0.2 -0.2 -0.2 -0.2 -0.2 -0.2 -0.2 -0.2 -0.2 -0.2 -0.2 -0.2 -0.2 -0.2 -0.2 -0.2 -0.2 -0.2 -0.2 -0.2 -0.2 -0.2
108.1 110.5 108.9 106.1 100.9 102.4 104.9 108.4 107.5 107.5 105.7 105.2 100.2 98.8 99.3 96.6 92.4 87.3 80.4 74.7 67.5 62.4 56.4 51.8 48.3 44.9 42 41.9 38.8 37.7 38.6 40.8 41.6 39.8 35.9 30.4 25.1 22.2 22.2 25.5 27.9 28.8 25.4 21.5 19.8 18.4 17 -0.2 -0.2 -0.2 -0.2 -0.2 -0.2 -0.2 -0.2 -0.2 -0.2 -0.2 -0.2 -0.2 -0.2 -0.2 -0.2 -0.2 -0.2 -0.2 -0.2 -0.2 -0.2 -0.2 -0.2 -0.2 -0.2 -0.2 -0.2 -0.2 -0.2 -0.2 -0.2 -0.2 -0.2
106.1 105.5 102.5 97.5 95.1 98.2 99.2 99.9 100.4 100.4 97.6 96.9 93.6 92 90.4 87.9 83.9 77.7 71.7 62.5 57.3 52.8 50.2 49.3 47.9 45.1 42.9 41.5 39.1 37.1 38.1 39.8 37.5 34.2 30 23.1 19.8 18.5 17.9 21.1 24.8 26.2 22.4 20.3 19.3 19 13.3 -0.2 -0.2 -0.2 -0.2 -0.2 -0.2 -0.2 -0.2 -0.2 -0.2 -0.2 -0.2 -0.2 -0.2 -0.2 -0.2 -0.2 -0.2 -0.2 -0.2 -0.2 -0.2 -0.2 -0.2 -0.2 -0.2 -0.2 -0.2 -0.2 -0.2 -0.2 -0.2 -0.2 -0.2
98.5 98.7 94.8 91.8 93.3 94.8 96.3 94.8 94.1 91.7 90.3 88 86.2 82.7 81.9 78.4 74.1 66.8 61.7 54 50.7 48.3 47.2 47.4 48.4 48.8 47.1 44.6 43.2 37.3 31.3 32.1 27.1 24.1 18.7 17.6 23.1 16.8 14.4 13.8 20.1 21.1 19.8 18.5 17.1 14.1 -0.2 -0.2 -0.2 -0.2 -0.2 -0.2 -0.2 -0.2 -0.2 -0.2 -0.2 -0.2 -0.2 -0.2 -0.2 -0.2 -0.2 -0.2 -0.2 -0.2 -0.2 -0.2 -0.2 -0.2 -0.2 -0.2 -0.2 -0.2 -0.2 -0.2 -0.2 -0.2 -0.2 -0.2 -0.2
91.4 90.4 84.8 91 92.3 94.5 95.1 93.8 90.2 86.1 80.2 80.1 77.2 72.8 71 68.2 63 58.2 52.5 47.7 44.2 41.6 40.8 42.5 44.9 45.3 43.3 41 38.9 33.2 22.2 24.7 28.6 29 31 37.6 26.3 21.3 16.7 12.5 5.8 13.3 16.1 15.2 10.2 5.5 -0.2 -0.2 -0.2 -0.2 -0.2 -0.2 -0.2 -0.2 -0.2 -0.2 -0.2 -0.2 -0.2 -0.2 -0.2 -0.2 -0.2 -0.2 -0.2 -0.2 -0.2 -0.2 -0.2 -0.2 -0.2 -0.2 -0.2 -0.2 -0.2 -0.2 -0.2 -0.2 -0.2 -0.2 -0.2
82.1 81.9 82.5 87.8 89.1 89.7 89.5 88.9 85.9 82.2 76.5 70.6 70.7 64.5 62.9 59.2 53 50.6 44.1 41.6 39.8 38.1 37.4 34.5 31.9 30 22 28.7 30.4 28.2 34.9 36.5 36.9 38.5 39.9 32.6 26.9 21.2 19 14.1 10.7 6.5 9.3 8.8 5.7 -0.2 -0.2 -0.2 -0.2 -0.2 -0.2 -0.2 -0.2 -0.2 -0.2 -0.2 -0.2 -0.2 -0.2 -0.2 -0.2 -0.2 -0.2 -0.2 -0.2 -0.2 -0.2 -0.2 -0.2 -0.2 -0.2 -0.2 -0.2 -0.2 -0.2 -0.2 -0.2 -0.2 -0.2 -0.2 -0.2
73.8 70.4 78.1 79.2 80.9 80.4 80.6 80.5 77.8 74.1 66.6 63.6 59.9 57.5 55.2 51.7 46 43.2 40.4 38.3 36.3 33.1 28.9 29 28.4 31.9 31.4 31.2 34.7 38.9 42.6 43.9 46.7 46 40.4 34.5 30 26.4 22.5 17.6 12.9 10.5 8.6 3.7 2.7 -0.2 -0.2 -0.2 -0.2 -0.2 -0.2 -0.2 -0.2 -0.2 -0.2 -0.2 -0.2 -0.2 -0.2 -0.2 -0.2 -0.2 -0.2 -0.2 -0.2 -0.2 -0.2 -0.2 -0.2 -0.2 -0.2 -0.2 -0.2 -0.2 -0.2 -0.2 -0.2 -0.2 -0.2 -0.2 -0.2
61.5 66.8 69.9 71.4 68.6 70.2 71.5 72.4 70.7 66.3 59.3 56.6 53.9 52.1 50.1 46.2 41.6 40.1 38.6 36.3 35.4 33.6 34.4 35.2 39.8 43.1 44.8 43.7 44.8 47.2 51.1 53.3 58.1 53.6 45.2 39.9 35.7 31.5 25.8 27.6 19.6 12.3 9 2.1 -0.2 -0.2 -0.2 -0.2 -0.2 -0.2 -0.2 -0.2 -0.2 -0.2 -0.2 -0.2 -0.2 -0.2 -0.2 -0.2 -0.2 -0.2 -0.2 -0.2 -0.2 -0.2 -0.2 -0.2 -0.2 -0.2 -0.2 -0.2 -0.2 -0.2 -0.2 -0.2 -0.2 -0.2 -0.2 -0.2 -0.2
59.3 59.1 59.2 57.8 56.7 58.8 63.6 64.2 61.7 60.3 55.8 52.6 50.8 48.7 45.8 42 39.3 34 35.9 30.3 39.2 42 43.9 49.4 53.8 55.7 52.1 49.8 52.7 53.6 60.3 62.4 62.8 55.3 54.7 51.6 38.4 33.8 32.8 28.6 24.6 14.6 9 5 -0.2 -0.2 -0.2 -0.2 -0.2 -0.2 -0.2 -0.2 -0.2 -0.2 -0.2 -0.2 -0.2 -0.2 -0.2 -0.2 -0.2 -0.2 -0.2 -0.2 -0.2 -0.2 -0.2 -0.2 -0.2 -0.2 -0.2 -0.2 -0.2 -0.2 -0.2 -0.2 -0.2 -0.2 -0.2 -0.2 -0.2
74.4 64.6 58.3 54.5 52.2 54.8 50.2 50.2 51 48.9 49.8 50.5 48.1 45.2 43.2 38 36.9 36.9 41.1 46.1 50.2 53.2 58.4 57.9 59.2 57.4 54.8 53.8 55.5 60.6 65 66.5 63.3 63.4 57.6 45.4 39 35.3 32.8 28.5 24.7 17.5 8.5 4.6 -0.2 -0.2 -0.2 -0.2 -0.2 -0.2 -0.2 -0.2 -0.2 -0.2 -0.2 -0.2 -0.2 -0.2 -0.2 -0.2 -0.2 -0.2 -0.2 -0.2 -0.2 -0.2 -0.2 -0.2 -0.2 -0.2 -0.2 -0.2 -0.2 -0.2 -0.2 -0.2 -0.2 -0.2 -0.2 -0.2 -0.2
81.1 75.7 68.6 61.1 57.1 56.9 51.8 48.8 47.4 46.7 42.9 42.5 44.8 43.6 39.2 39.1 40.5 46.5 49.9 53.2 57.1 60.4 61.4 60.2 59.4 57.3 56.2 57.1 62.7 67.5 71.4 69.7 72.1 63.1 57.8 59 48.2 37.1 32.6 27.9 25.7 19.9 9.1 4.7 -0.2 -0.2 -0.2 -0.2 -0.2 -0.2 -0.2 -0.2 -0.2 -0.2 -0.2 -0.2 -0.2 -0.2 -0.2 -0.2 -0.2 -0.2 -0.2 -0.2 -0.2 -0.2 -0.2 -0.2 -0.2 -0.2 -0.2 -0.2 -0.2 -0.2 -0.2 -0.2 -0.2 -0.2 -0.2 -0.2 -0.2
80.7 74.8 70.3 66.2 59.9 55.8 53.8 49.7 47.7 47.9 47.7 42 40.6 41.6 46.5 47.9 52.9 57.3 59.2 62.2 67 65.8 63.1 62.1 61.6 59.1 60.4 64.7 69.6 73.5 73 72 66.6 69 64.6 58.8 45.1 40.9 39.4 27.5 25.3 21 10.5 4.5 -0.2 -0.2 -0.2 -0.2 -0.2 -0.2 -0.2 -0.2 -0.2 -0.2 -0.2 -0.2 -0.2 -0.2 -0.2 -0.2 -0.2 -0.2 -0.2 -0.2 -0.2 -0.2 -0.2 -0.2 -0.2 -0.2 -0.2 -0.2 -0.2 -0.2 -0.2 -0.2 -0.2 -0.2 -0.2 -0.2 -0.2
83.4 78.9 73.1 65.2 56.3 54.9 53.9 52.4 50.4 50.2 47.8 48 50.3 51.4 54.3 57.2 60.2 62.1 64.5 67.3 68.8 67.2 64.1 62.3 61.9 62.3 67.1 70.3 78.1 76.6 78.2 73.7 64.9 67.7 69.4 54.7 45.8 39.6 36.4 27.6 25.8 21 8.4 4.9 -0.2 -0.2 -0.2 -0.2 -0.2 -0.2 -0.2 -0.2 -0.2 -0.2 -0.2 -0.2 -0.2 -0.2 -0.2 -0.2 -0.2 -0.2 -0.2 -0.2 -0.2 -0.2 -0.2 -0.2 -0.2 -0.2 -0.2 -0.2 -0.2 -0.2 -0.2 -0.2 -0.2 -0.2 -0.2 -0.2 -0.2
85.3 78 71.1 61.9 55.8 54.5 54 54.8 52.9 50.8 50 52.7 56.1 57.3 59.5 62 66.6 66 68.7 68.4 68.6 68 66 64.1 65.2 72.8 78.3 81 83.8 88.3 81.7 70.8 64.2 65 60.2 54.4 43.1 35.3 28.5 25.6 22.8 21 8.8 5.3 -0.2 -0.2 -0.2 -0.2 -0.2 -0.2 -0.2 -0.2 -0.2 -0.2 -0.2 -0.2 -0.2 -0.2 -0.2 -0.2 -0.2 -0.2 -0.2 -0.2 -0.2 -0.2 -0.2 -0.2 -0.2 -0.2 -0.2 -0.2 -0.2 -0.2 -0.2 -0.2 -0.2 -0.2 -0.2 -0.2 -0.2
80.4 73.7 66.3 57.1 56.1 55.6 57 58 57.5 56.4 54.4 54 57.9 61.1 64 67.2 69.1 71.1 69.8 68.9 68.5 68.7 67.3 66 78.5 84.7 81.4 85.8 91.7 88 81.4 75.2 62.7 58.8 58.6 47.2 36.9 31 31.3 29.1 26.8 23.2 14.3 6.2 -0.2 -0.2 -0.2 -0.2 -0.2 -0.2 -0.2 -0.2 -0.2 -0.2 -0.2 -0.2 -0.2 -0.2 -0.2 -0.2 -0.2 -0.2 -0.2 -0.2 -0.2 -0.2 -0.2 -0.2 -0.2 -0.2 -0.2 -0.2 -0.2 -0.2 -0.2 -0.2 -0.2 -0.2 -0.2 -0.2 -0.2
74.6 67 59.2 58.6 59.4 61.6 63.4 63.9 62 59.1 56.4 56.4 58.8 63.7 67 69.7 71.5 72.2 70.5 70 69.4 68.8 69.2 76 82.6 82.1 82.9 90.4 94.8 99.7 89.9 78.3 61.6 53.5 56.4 46.2 39.2 32.1 32.7 31.8 29.2 25.4 23 9.2 -0.2 -0.2 -0.2 -0.2 -0.2 -0.2 -0.2 -0.2 -0.2 -0.2 -0.2 -0.2 -0.2 -0.2 -0.2 -0.2 -0.2 -0.2 -0.2 -0.2 -0.2 -0.2 -0.2 -0.2 -0.2 -0.2 -0.2 -0.2 -0.2 -0.2 -0.2 -0.2 -0.2 -0.2 -0.2 -0.2 -0.2
69.4 63.2 63.5 65.6 66.1 66.7 65.6 63.5 62.2 59.9 58.2 59.1 65.7 67.3 69.9 71.1 71.8 72.8 72.5 71.7 69.3 69.4 73.2 78 80.5 82 88.7 98.2 106 98 103.3 80.4 56 52.7 44.7 39.2 36 36.1 37.7 36.3 34.1 33.2 26.2 15.2 -0.2 -0.2 -0.2 -0.2 -0.2 -0.2 -0.2 -0.2 -0.2 -0.2 -0.2 -0.2 -0.2 -0.2 -0.2 -0.2 -0.2 -0.2 -0.2 -0.2 -0.2 -0.2 -0.2 -0.2 -0.2 -0.2 -0.2 -0.2 -0.2 -0.2 -0.2 -0.2 -0.2 -0.2 -0.2 -0.2 -0.2
67.5 67.4 69.4 68.9 67.3 65.2 63.8 63.2 62.8 62.2 60.8 62.2 66.2 69.1 70.4 71.5 71.7 72.3 72.3 73 78.3 87.7 77.7 79.8 81.3 85.2 92.1 102.6 93.8 102.4 99.4 67.4 54.3 48.3 42 40.8 39.3 41.7 42 40.5 39.2 35.8 29.8 17.6 7.9 -0.2 -0.2 -0.2 -0.2 -0.2 -0.2 -0.2 -0.2 -0.2 -0.2 -0.2 -0.2 -0.2 -0.2 -0.2 -0.2 -0.2 -0.2 -0.2 -0.2 -0.2 -0.2 -0.2 -0.2 -0.2 -0.2 -0.2 -0.2 -0.2 -0.2 -0.2 -0.2 -0.2 -0.2 -0.2 -0.2
71.4 72 71.7 70.4 67.7 64 63.3 62.6 61.9 61.7 62 63.2 65.8 68 70.4 71.6 72.2 72.9 81.2 88.1 83.9 79.4 79.2 79.6 80.4 85.2 93.6 85.1 84.3 86.9 80.5 55.8 51.7 42.6 42.7 45.5 47.7 47 46.2 45.7 40.4 35.3 27.6 15.5 5.6 -0.2 -0.2 -0.2 -0.2 -0.2 -0.2 -0.2 -0.2 -0.2 -0.2 -0.2 -0.2 -0.2 -0.2 -0.2 -0.2 -0.2 -0.2 -0.2 -0.2 -0.2 -0.2 -0.2 -0.2 -0.2 -0.2 -0.2 -0.2 -0.2 -0.2 -0.2 -0.2 -0.2 -0.2 -0.2 -0.2
73.4 72.3 71.6 69.5 67.4 63.1 62.4 61.7 61 60.9 61.9 62.7 64.6 67.6 70.4 73.1 78.1 95.2 95.2 80.8 79.8 79.5 79.4 80.1 83 82.2 84.7 73.3 74.8 73.8 59.5 53.5 41.4 42.4 46.8 48.4 48.8 47.9 48.8 51.2 41.4 33.8 24.9 14.8 7.2 -0.2 -0.2 -0.2 -0.2 -0.2 -0.2 -0.2 -0.2 -0.2 -0.2 -0.2 -0.2 -0.2 -0.2 -0.2 -0.2 -0.2 -0.2 -0.2 -0.2 -0.2 -0.2 -0.2 -0.2 -0.2 -0.2 -0.2 -0.2 -0.2 -0.2 -0.2 -0.2 -0.2 -0.2 -0.2 -0.2
72 70 66.9 65.8 62.6 62.2 61.5 60.8 60.2 60.6 61.8 62.6 65.3 69.6 71 77 81.6 81.7 79.9 79.9 79.7 79.5 79.6 82 82.2 75.9 71.3 68.3 65.1 59.9 60 44.9 39 42.6 43 43.5 46.1 48.3 47.6 44.2 38.7 31.7 21.8 13.7 9.3 7.4 2.6 3.7 -0.2 -0.2 -0.2 -0.2 -0.2 -0.2 -0.2 -0.2 -0.2 -0.2 -0.2 -0.2 -0.2 -0.2 -0.2 -0.2 -0.2 -0.2 -0.2 -0.2 -0.2 -0.2 -0.2 -0.2 -0.2 -0.2 -0.2 -0.2 -0.2 -0.2 -0.2 -0.2 -0.2
71.8 67.5 64.5 62.1 60.8 60.6 60.4 59.9 59.4 60.5 61.7 62.5 66.3 70.4 74.7 77.1 77.1 77.9 79 82.1 80.8 80.2 84.2 84.5 78.6 66 67.4 61.5 56.5 54.8 49.5 38.5 38.4 40.1 41.4 42.8 44.7 45.1 45.1 41.5 35.7 28.3 21.2 16.4 11.3 7.7 7.2 -0.2 -0.2 -0.2 -0.2 -0.2 -0.2 -0.2 -0.2 -0.2 -0.2 -0.2 -0.2 -0.2 -0.2 -0.2 -0.2 -0.2 -0.2 -0.2 -0.2 -0.2 -0.2 -0.2 -0.2 -0.2 -0.2 -0.2 -0.2 -0.2 -0.2 -0.2 -0.2 -0.2 -0.2
70.4 65.1 62.1 60.4 58.8 59.1 58.9 58.7 59 60.2 61 64.2 67.6 72.1 77.2 73.9 75.1 80.7 85.1 87.7 91.2 88.2 90.3 90.8 69 61.2 59.4 49.4 49.4 47.1 37.1 36.2 36.9 37.7 39.7 42.2 41.8 41 40 37.3 29.3 23.7 19.7 17.4 13 8.7 6.5 3.7 -0.2 -0.2 -0.2 -0.2 -0.2 -0.2 -0.2 -0.2 -0.2 -0.2 -0.2 -0.2 -0.2 -0.2 -0.2 -0.2 -0.2 -0.2 -0.2 -0.2 -0.2 -0.2 -0.2 -0.2 -0.2 -0.2 -0.2 -0.2 -0.2 -0.2 -0.2 -0.2 -0.2
