WholeMapElevations/data/nn/nn74_OST50GRID_20230518/NN74.asc
ncols 200
nrows 200
xllcorner 270000
yllcorner 740000
cellsize 50
[rows 35 to 69 of 200, columns 78 to 155 of 200]
338.8 336.2 324.1 301.2 310.3 314.7 317.5 322 326.9 330.2 330.8 330.3 332.1 333.4 334.6 334.6 334.6 333.4 331.4 328.3 324.7 321.3 318 314.8 311.4 306 299.9 294.2 288.3 281.5 272.7 264.1 255 247.3 239.1 229.7 217.8 201.8 190.7 181.4 173 164.2 158.8 149.5 138.9 128.1 115.7 107.6 102.5 108.3 118 127.2 133.3 141.7 146.7 152.4 152.5 151.5 152.8 155.9 157.5 160.9 165 168.4 168.4 165.3 161.7 161.5 161.4 157.1 153.6 153.2 154.5 153.3 150.7 149.6 152.6 150.8
333 326.6 317.5 291.2 302.4 310 315.1 319.4 323.2 326.8 327.4 328.5 330.3 332.1 332.8 332.7 331.2 329.1 326 322.1 318 314.7 311.4 308.1 304.7 299.1 292.9 286.3 278.8 271 262.7 255 247.2 240.9 232.1 219.2 206.7 191.7 179.3 168.9 162 156 149 139.5 131.8 123.4 111.3 105.8 106.4 110.1 124 127.9 131.5 136.4 142.3 153 161.2 161 161.2 163.9 164.8 168.2 173.1 176.1 178.8 175.7 173.9 177.3 175.1 168.4 164.5 164.8 165.7 162.4 158.4 159 160.3 157.4
322.4 314.1 303.6 282.5 299.3 306.5 314 318.3 321.1 324.5 326.7 329.3 332.2 334.8 334.1 330.8 327.1 323.8 320.6 316.5 311.8 307.9 304.6 301.3 297.8 292.3 285.7 277.2 269.4 261.9 253.9 246.2 239.4 234.3 222.2 207.2 194.5 179.2 166.4 157.9 152.1 146.3 138.5 131.3 124.4 116.2 108.9 102.5 107 112.7 128 131.1 136.9 143.8 149.9 159.3 167.7 170.5 169.8 172.4 173.6 175.9 180 184.7 187 187.9 187.3 187.7 185.9 181.8 178.2 177.6 176.5 172.5 172.9 172.3 169.3 164
314.5 297.5 286.6 282.5 294.5 307.5 315.9 318.1 320.2 326 330.7 334.6 337.4 338.6 335.2 328.6 322.6 319 315.3 310.8 305.6 301.1 297.8 294.4 290.2 284.6 276.5 268.5 262.3 256 246.7 238.1 229.9 220.3 207.3 192.4 180.5 169.3 159 148.4 144.4 141 133.3 124.2 115.3 110.7 108.2 102.7 108 119.1 135.9 138.4 142.7 149.7 156 164.3 172.3 176.9 178.4 179.6 179.2 182.5 189.2 196.1 199.3 200.7 199.6 199.3 198.8 196.7 194.4 192.7 189.6 187.8 189.7 192.1 188.3 181.2
298.6 279.2 268.9 275.6 301.4 308.7 314.9 316.8 322 330.8 337.2 341.6 343.6 341.3 334.3 325.5 318.5 314.3 309.6 304.4 299.2 294.1 290.7 286.1 281 275.1 267.7 261.9 256.2 249.2 238.8 228.4 217.4 204.1 190.9 177.5 170.2 165.8 157.4 144.3 139.4 138 133.5 121.7 112.7 110.5 108.8 102.5 109.1 121.5 142.2 146.2 147.3 151.2 159.3 168.4 177.3 184.6 186.4 184.6 185.8 190.9 198 205.7 211.5 214.4 214 214.2 213.7 211.5 208.1 205.4 204.9 205.3 207.4 213.1 211.7 203.4
286.6 254.1 271.2 292.1 303.8 307.5 311.6 318.2 328 336.3 343.7 348.2 347.8 341.6 332.4 323.4 314.4 308.7 303.6 298.6 293.2 287.8 282.4 277.2 272 267.3 262.2 257 250.3 239.4 227.6 215.1 199.9 186.3 176.3 168.8 164 161.6 152.9 140.5 134 132.9 131 121.6 112 110.9 109.2 102.5 110.7 121.1 136.6 148.7 153.7 156.2 163.5 173 181.8 188.8 193 195.3 197.8 203.2 208.7 215.2 222.3 227.8 229 229.6 229 226.9 223.4 220.6 220.8 222.3 226.2 231.3 233.1 225.6
269.5 253.3 277.3 295.5 305.5 308 312.5 322.7 333.4 342.4 349.1 352.3 348.9 340.6 331.1 320.3 310.7 303.1 297.9 292.8 287.6 281.8 275.2 269.6 265.6 262.5 259 251.3 238.9 225.7 212.5 196.8 181.9 173.8 169.1 164 160.1 153.8 144.6 134.6 130.4 131.1 132.2 120.5 111.7 110.7 108.4 102.5 113.3 122.7 135.5 147.6 158.6 164.2 169.2 178 187.6 195.2 204.3 210.2 212.4 216.2 222 228.8 234.8 240.3 244 245 244.9 242.6 239.2 235.8 235.8 237.9 243.1 248.7 252.4 247.5
249.1 267.9 285.3 302.2 309.4 309.5 315.9 328.5 338.7 346.3 351 352.1 347.8 340 329.5 318.4 307.5 299.4 293.2 288.1 282.9 276.8 271.1 266.4 263.9 264.4 259.2 242.4 225.7 210.2 194.2 179.9 171.8 167.5 164.5 159.7 154.6 148.9 139.5 130.8 126.9 128.8 132.7 118.7 111.7 110.6 105.9 110.5 118.2 129.6 141.2 151.7 162.1 170.3 176.5 185 195.1 207 218.7 225.7 227.7 229 234.9 241.1 246.7 252.2 257.2 259.8 260.4 258.4 255.2 251.4 250.1 251.5 254.8 260.7 266.1 271.5
237.5 272.8 292.7 305.8 308.3 309 317.2 325.5 337.2 345.8 348.5 347.7 344.8 338.5 328 315.7 305 297.4 290.2 284.1 278.4 273.4 269.2 266.8 269.1 266.9 246.8 228.5 210.7 193 179.4 171.3 165 161.4 158.8 155 150.2 144.3 136.4 129.7 125.7 124.5 125.4 114.4 111 110 102.5 115.1 125.9 136.7 145.5 156.8 167.6 176.5 182.5 191.8 205.4 218.5 231.8 240.1 242.7 243.7 245.8 251.7 257.7 263.6 269.2 273.2 274.9 274.3 272.1 268.2 265.8 266.7 267.6 272.1 278.4 284.9
252.7 277.5 293.5 301.6 304.7 307.7 313.4 319.7 331.1 341.5 344.7 343.7 341.5 337.3 327.4 314.4 302.8 295.4 288.2 281.5 277.6 270.4 267 272.4 279.6 246.9 226 208.9 194.4 180.9 173.6 166.9 159.9 154.7 151 148 145.7 140.6 134.3 127.8 123.1 119.9 117.5 111.6 110 102.5 105.4 122.1 131.4 139.9 149 161.9 175.1 184.7 190.6 200.7 215.6 229.2 244.2 254.1 256.4 259.9 259.8 262.3 268.2 274.1 280 284.4 286.8 289.8 289.2 286 283.8 283.1 283.1 284.7 289.8 293.9
258.5 274.9 288 294.7 300.2 304.6 308.6 313.9 324.5 335.3 341.4 343.1 342.3 340.5 329.6 312.1 300 293.1 286.3 281.2 281.5 266.4 259.3 268.7 260.5 213.2 198.2 188.2 177.9 171.8 168.8 162.7 154.8 148.5 144 141.5 140.5 138.1 132.1 125.3 120.6 116.1 111.7 110.1 106.2 105.5 118.9 128.8 138.4 148.6 158.5 168.2 181.8 192.9 201.1 214 226.3 240 254.3 265.1 269.5 274.1 276.2 275.2 278.8 284.7 290.6 294.7 296.9 301 305.2 303.9 301.5 300.3 299.4 298.5 299.4 302
254.2 266.3 278.8 289.9 297.4 301.8 304.8 310.1 320.5 331.2 340.5 345.8 348.1 346.5 324.2 303.4 296.6 291.5 289.4 292.3 281.7 253.3 239.7 230.1 206.8 186.9 179 171.1 165.2 163.4 163.5 157.5 149.2 142 138 136.6 136.2 134.3 128.9 122.7 118 112.5 103.6 106.2 102.5 111.6 126.1 136.8 145.9 158.9 169.3 177.2 189.8 202.6 213.6 223.8 236.3 251.2 264.3 273.8 281 287.1 292.1 291.4 290.7 295.8 301.5 305.2 307.3 311.8 317.6 320.3 323.3 321.6 316.8 315.1 312.2 311.7
253 264 279.2 287.7 293.5 297.7 301.7 306.9 317.9 330.2 341.9 350.2 352.8 348.4 318.4 296 294.7 292.5 294 264.1 249.3 234.2 220.9 197 181.7 169.8 163.8 160.5 156.7 154.1 154.6 149.6 142.7 136.4 133.1 131.8 131.8 130.8 125.1 119.1 112.8 106.4 103.8 108.3 111.3 119.5 133.1 141.1 149.8 162 177.1 187.4 200.8 215.2 226.8 235.2 247.3 261.2 272.1 280.6 288.8 298.2 305.5 306.4 305.1 307.1 312.1 315.9 318.9 324.5 331 337.2 345 351.3 339.4 329 324.8 322.5
251.3 261.3 272.5 278.7 284.4 289.1 293 300 314.6 328.5 339.6 346.6 348.3 340.6 310.1 288.6 285.8 281 250.9 232.6 221.5 210.3 199.2 185.9 172.4 158.6 153.2 153.4 150.3 145.4 143.2 139.4 134.8 130.8 128.6 128 129.7 126.8 121.2 114.6 105.3 105.7 109.3 111.1 117 128.5 139.4 149.1 159 169.1 182.7 197.9 211.6 227.7 233.4 245.1 258 266.6 276.7 286 295.7 305.8 316.2 319.5 319.8 320.6 324.3 328.6 334.6 344 350.2 355 358.8 363.5 363.1 344.5 336.7 338.8
248.8 258.4 263.7 269.8 274.4 278.1 282.1 291.3 306.5 320.4 329.3 334.4 333.8 319.4 288.5 268.1 263.7 240.7 218.4 207.8 198 189.3 183 174 163.1 151.6 146.5 146.7 144.3 139.5 134.9 131.8 128.2 125.6 123.2 124 129 123.1 115.7 106.2 107.8 109.8 110.8 115.3 127.3 138.4 149.2 159.2 168.8 178.5 191.7 208 220.5 231.8 238.4 250.9 262.3 269.9 279.1 291 302.2 312.6 324 329.4 331.3 333.2 337.6 343.1 353.7 365 363.1 360.7 366.3 372.3 377.3 368.7 352.6 344
243.8 249.4 255.6 259.8 263.5 266.4 270.2 277.5 291.6 305.1 314 313.9 303.7 284.5 261.1 239.7 229.1 212.1 198.9 194.2 185.3 176.9 171 164.5 154.6 146 140.6 138.7 136.8 132.3 127.8 124.4 121.6 119.3 118.1 117.6 117.8 113.9 105.1 108.1 110.1 111 114.4 125 137.5 148.5 159.3 169.3 178.9 188.5 200.2 214.6 225.6 233.1 243.1 254.5 264.1 272.2 281.4 295.6 308.3 319.8 330.5 336.7 340.7 345.8 350 357.5 365.5 373.4 377.6 380.7 381.5 389.4 391.5 389.8 368.6 352.1
234 241.9 245.9 248.9 251.3 254.3 258.8 261.7 272.2 283.3 286 282.3 269.6 255.5 234.2 207.9 199.6 190.3 184.1 183.5 176.2 167.7 161.3 155 145.1 138.1 133 128.4 125.2 122 119.8 118.5 117.4 116.9 116.3 114.3 109.5 105.6 107.9 110.8 111.9 113.5 122.7 135.3 147.1 158.5 169.3 179.5 189 197.6 205.3 216.1 227.6 236.1 246.4 257.1 265.6 273.9 285.4 299.4 314.9 326.9 335.9 343.8 351.2 357.1 361 368.6 379.8 384.7 388.8 396.4 396.9 393.7 402.4 405 391 366.1
224.7 232.9 234.9 236.3 238.9 240 241.8 244.1 252.6 260.2 258.5 254.7 244.3 215.8 192.9 185.6 182.2 172.7 167.9 171 165.7 159.1 153.5 143.8 133.4 127.5 124.6 122.3 120.8 119.2 118.2 117.3 116.9 116.3 115.4 113 107.7 108.2 108.7 112 115.3 123 132.8 144.6 156 167.4 178.8 189.5 198 205.2 212.8 221.4 231.8 239.6 247.3 257.2 266.7 276.7 289.6 305.5 321.8 335.7 346.6 353.8 360.3 368 372.9 379.4 390.2 393.6 397.2 403.8 404.3 397.7 393.9 401.1 396.4 384.1
213.2 219.5 220.2 223.4 226.5 227.4 229 230.4 236.4 239.1 239.8 226.7 203.7 182.5 171.1 175.9 173.4 164.7 156 152.9 150.3 151.4 148.7 134.5 123.3 121.3 121 120.4 119.4 118.6 118.1 117.3 116.6 115.6 114.1 111 106.4 108 109.8 114.6 124.2 135.4 143.3 153.6 165.1 176.1 186.8 196.5 204.2 211.9 219.7 227.3 236 243.5 251.2 259.6 268.9 281.6 295.8 310.7 326.7 345.2 354.8 359.9 367.7 377 383.1 388.9 397.7 405.7 406.6 410 410.1 401.9 393.8 392.6 389.6 387.9
199.1 202.2 207.6 211.6 213.1 214.7 216.3 215.9 226.2 233.5 219.3 183.9 171.6 165.6 161.8 162.2 160.6 157.8 149.3 141.2 139.5 142.6 135.9 125 120.6 119.5 118.9 118.5 118.2 117.9 117.8 117 116.2 115.4 114.3 110.4 105.9 109 113.9 124.8 137.5 146.3 153.5 163.2 174.2 184.1 193.5 201.7 209.3 217.1 225.1 233.1 241.4 249.4 257.4 267 278.9 291.4 304.3 315.4 330.9 347.9 355.7 363.2 376.3 386.4 390.8 394.9 404.2 416.4 416.4 416.7 414.6 405.7 397.1 381.1 379.7 377.5
184.1 189.9 194.1 195 196.9 198.2 201 204.4 217.3 207.2 171.8 149.4 142.4 142.1 144.1 144 141.9 140.8 135.8 130.9 128.6 126.9 121.9 120.2 120.1 120.1 119.3 119 118.1 117.5 117.1 116.2 115.6 114.8 113.7 109.7 106 114.4 123.6 138.5 147.7 154.1 162.4 172.5 181.4 190.5 199.3 207.8 216 222.7 230.4 238.6 247.4 255.8 265.3 277.7 290.4 302.5 312.5 321.9 332.8 346.1 355.2 369.6 389.4 395.3 399.4 403 411.5 424.5 428.3 420.6 418.1 416.5 393.8 375.8 366.3 356.1
168.7 173.1 175.1 174.9 174 175.5 178.8 174.5 178.2 160.7 139.3 130 129.4 126.8 126.2 126.1 125 125.5 123.7 123.1 121.8 121.4 120.6 120.7 121.8 122.2 120.6 119.9 118.5 117.2 116.2 115.3 114.5 113.6 111.2 106.1 117.3 124.5 133.9 145 152.8 160.4 170.8 179.8 188.4 195.9 204 213 221.9 229.6 236.1 244.3 253.6 263.3 275 288 301 313.2 322 328.8 334.7 343.7 354.7 378.9 401.4 405.8 407.9 408.3 413.3 420 421 424.9 424.5 410.6 384.7 369.8 358.5 345.5
148.5 153.2 154.3 153.4 150.7 149.7 148.4 140.4 137.5 127.8 125.9 125.3 124.7 124.2 123.7 123.4 123 123.1 122.4 122 121.3 121 121.7 121.8 122 121.5 121.4 115.1 112.5 111.4 111.3 111.1 110.7 109.5 106.7 115.4 127.3 135.4 143.4 150.2 156.9 167.2 178.1 186.8 194.6 201.1 207.8 216.4 224.9 233.8 241.6 250.2 259.5 268.8 280 293.1 306.6 319 328.8 335.3 338.8 347.4 360.4 379 400.2 404.3 406.4 406.3 410.3 417.5 425.2 426.2 424.7 409.6 376.4 360.5 347 333.7
130.9 133.6 134.1 132.5 130.4 128.5 127.8 127 126.4 126 125.2 124.6 123.8 123.2 123 122.7 122.3 122.2 120.4 119.8 119.1 120.4 121.9 121.4 120.3 111.7 108.6 110.4 110.7 110.2 109.7 106.9 106.9 106.9 115.3 128 135.1 143.4 149.6 154.4 163.5 174.4 185.2 193.9 199.9 205.3 211.4 218.9 227.9 237.4 246.5 255.9 265.2 274.5 285.1 297.9 311.6 325.3 332.8 338.7 344 354.9 364.4 373.8 387.7 395.9 400.8 403.7 410.1 417.8 425.7 425.9 427 405 367 349.1 335.3 321.9
127.3 126.7 126.4 126.5 126.2 125.3 124.6 124.7 124.9 124.7 124.5 124 123.5 122.8 122.5 122 121.7 120.7 110.4 110.4 110.4 118.1 119.9 115.4 112.3 110.4 113.7 115.3 115.2 114.1 113.2 112.2 112.1 118.5 127.8 137.1 142.2 149 154.2 160.1 170.2 181 192.1 199.5 204.1 209.4 214.7 223.4 233 242.7 252.2 261.7 271 280.3 290.1 302.3 316.5 329.1 336.1 341.8 350.9 362.7 370.5 375.1 382.3 390.3 397.4 405 405.1 412.7 423.1 419.8 409.3 377.4 351.1 338.6 323.8 311.1
125.5 124.9 124.3 124.5 123.9 122.9 122.2 122.6 123.4 122.6 123 123.1 122.7 122.1 121.7 120.9 118.5 112.4 113.3 112.9 112.3 109 111.2 112.2 110.9 108.6 118.6 120.8 120.1 117.7 115.6 115.3 118 127.3 140.1 145.6 148.9 157 162 167.8 176.5 186.3 195.6 202.7 207.3 213.6 220.6 229.8 239.3 249 258.5 268.1 277.3 286.1 295.5 306.9 318.6 328.1 335.6 343.8 354.1 364.2 374.7 378.2 378.9 384.8 393.4 397.7 399.6 408 409.9 398 387.5 352.1 337 327.2 313.6 299.1
123.7 123.6 122.8 122.4 121.8 120.9 120.2 120 120.8 121 121.4 121.5 121.6 121.4 120.2 117.7 114.4 111.7 113.3 113.9 113.3 112.4 108.6 108.6 108.6 118.1 122.1 122.7 122.3 120.4 118.8 120 127 138.1 147.2 150 155.4 167.6 172 174.5 182.2 190.4 199.3 207 212.7 219.3 227.4 236.3 245.7 255.3 264.8 274.7 284.2 292.7 301.5 311.4 321 329 337.2 346.7 357.1 370.8 373.9 377.5 376.3 379.4 385.8 390 393.6 396 387.1 374.1 357.4 344.2 329.3 317.2 304 287.5
122 122 120.7 120.5 120.2 119.2 119 118.8 118.5 119.1 119.8 120 120.2 119.4 117 114.5 113 112 113.3 114.3 115.1 117 114.6 114.3 120.3 121.6 123 124.1 123.8 122.3 122.9 126.5 136.3 147.5 151.9 158 164.6 175.8 178.8 181.3 189.2 197.4 205.8 212.8 219.3 225.7 234.2 243.1 252.1 261.6 271.2 281.2 291 299.5 307.7 316.9 325.6 332.4 340.7 350.7 362.2 372.7 376 376.2 375.6 377.8 381.4 381.9 387.3 375.7 361.1 354.2 344.9 332.4 318.9 305.8 293 277.1
121 120.5 120.2 119.9 119.4 118.9 118.7 118.4 117.7 117 117.5 118.1 117.9 116.7 114.9 113.8 113.2 112.3 113 115.3 117.5 119.3 118.8 120.7 122.1 123.1 123.9 124.8 125.5 125.3 127.5 135.5 146.6 153.2 157.6 165.1 173.6 181.7 186 190 198.1 206.5 214.8 220.9 227 233.7 241.6 250.3 259.1 268.1 277.7 288 297.7 305.8 313.2 322.7 331.5 336.5 343.9 352.9 361.5 372.1 376.4 374.7 375.2 377.2 380.1 374.3 362.2 355.7 347 338.9 330.3 318.3 305.5 294.4 281.9 264.2
120.6 120.1 119.7 119.4 118.9 118.6 118.3 118 117.3 116.7 116.2 116.1 115.8 115.3 115.1 114.7 113.8 112.2 113 116.3 119.5 119.8 119.9 120.7 122 123.2 124.2 125.1 128.1 131.6 138.8 146.9 150.5 157.6 168.1 174.5 180 186.6 195.2 199.2 207.4 216.5 223.3 229.4 236.2 243 250.4 258.6 266.8 275.6 285.4 294.9 302.9 310.8 318.4 327.8 337.2 342.5 349.5 356 363.4 371.2 372.8 372.5 373.3 374.8 375.9 375 351.1 338 329.2 321.1 313 304 293.5 281.8 266.9 250.1
120.3 119.9 119.4 118.9 118.6 118.3 118 117.7 117 116.6 116.4 116.1 116 115.8 115.8 115 113.5 111.5 113.9 118 119.9 120.2 120.5 121 121.8 123.1 125 128.5 134 139.7 148.8 151.9 156.6 165.7 175.5 182.6 187.4 193.3 202.3 209.5 218 225.5 231.9 238.7 245.5 252.3 259.4 267.3 275.7 285.1 293.5 301.1 308.6 316.3 323.9 331.6 340.3 347.4 354.6 360.5 365.6 369.7 371.5 372.4 370.8 377.1 376.1 372.9 343.2 327.4 319.6 311.4 302.4 290.1 277.3 262.6 247.1 233.9
119.9 119.6 119.1 118.9 118.5 118.1 117.7 117.3 117.1 116.8 116.5 116.3 116.3 115.9 115.7 114.6 112.9 110.4 116.4 119.4 120.5 120.8 121.1 121.4 123.3 126.5 131 138.2 143.2 146.4 151.9 156.6 168.6 175.7 181.6 189.7 195.7 202.1 211 217.9 227.3 234.3 241.1 247.9 254.8 261.5 268.6 276 284 292.2 300.1 307.8 315.3 322.7 329.5 336.8 343.7 349.2 355.4 360.5 364.7 368.4 373.2 374.6 368.6 367.1 366.2 361.4 330.3 318.5 311.7 301 288.8 274 259.2 245.9 234.2 220.3
119.2 119.4 119.2 118.9 118.6 118.1 117.7 117.3 117.1 117.1 117 116.9 116.5 116 115.6 113.9 111.8 114.6 119.2 120.7 121.1 121.5 122 122.7 127.3 133.5 141 148.4 148.9 150.4 157.7 165.9 177.8 184.4 189.6 195.6 202.1 211.9 219.9 227.6 237.8 244 250.3 257.2 264 270.8 277.8 284.4 291.2 299 306.7 314.4 322 329.4 335.4 342.2 346.8 349.3 353.8 357.3 360.9 365.2 370.9 371.1 361.2 350.7 344.4 338.2 324.4 309.2 300.1 288.3 273.9 258.7 243.8 233.3 220 196.8
119.2 119.2 119.1 119 118.6 118.2 117.7 117.3 117.3 117.3 117.2 116.9 116.7 116.1 114.6 112.9 110.4 117.7 120.6 121.5 122.3 122.5 124.4 127.5 136.4 143 149.8 153.7 154.4 160.2 167.4 175.8 184.8 193 198.4 202.5 212.1 222.1 229.9 239.6 247 253.5 259.6 266.4 273.1 279.8 286.7 293 299.7 306.4 313.4 321 328.7 335.5 341.3 346.3 348.4 349.3 352.5 354.8 357.8 362.2 363.7 358.7 347.1 333.8 322.8 312.2 303.4 295.5 284.6 270.9 256.5 241.5 226.5 212.1 193.5 172.7
119.1 119.2 118.9 118.9 118.7 118.2 117.7 117.4 117.6 117.5 117.2 116.9 116.4 114.9 113.3 110.4 117.2 120.1 121.5 122.2 123.6 127.5 132.7 138.3 147.3 151.6 156.4 160.5 164.8 172.1 178.5 185.6 195.4 204.1 208.9 214.6 223.9 233.3 241.3 248.5 255 261.6 267.9 274.6 281.9 289.5 296.1 302.3 309 315.5 321.8 328.8 335.8 341.4 346.1 349 349.4 349.9 351.2 350.9 351.9 353.6 353.8 341.8 326.1 312.1 302.5 295.2 288.3 279.8 269.1 253.4 237.2 220.8 204.6 188.2 172.8 157.3
