WholeMapElevations/data/nt/nt76_OST50GRID_20230518/NT76.asc
ncols 200
nrows 200
xllcorner 370000
yllcorner 660000
cellsize 50
[rows 0 to 34 of 200, columns 78 to 155 of 200]
189.1 184.8 179.3 175.1 172.5 169.1 166.3 163.1 157.8 149.2 142.2 141.1 143.7 146.9 147.7 148.2 151.6 151.9 150.4 148.1 146.5 143.1 141.1 137.2 133.8 133.4 130.4 134.2 137 139.6 141.8 142.1 142.4 141.9 141.1 139.3 137.5 136.4 135.3 134.6 133.7 132.8 132.6 131.2 129.8 130 132.4 134.9 135.1 134 132.3 130.7 129.1 127.4 127 127.3 127.1 127 127 125.9 124.5 123.1 121.8 120.2 119.6 119.5 120.6 119.4 117.7 116.9 116.9 116.8 116.8 116.7 116.4 115.6 115.6 116.7
190.7 185.5 180.7 177 174.4 168.8 161.6 158 152.7 147.8 148.5 151.3 153 154.7 156.3 154.6 156.6 155.5 153.5 151.1 147.8 144.1 142.1 136.8 132.9 132.4 135.5 137.5 140.9 143.7 145.2 145.1 144.1 142.9 142.2 140.6 138.1 137 136.2 134.9 133.9 131.5 132 130.6 128.5 132.4 137.7 137 135.8 134 132.4 131.2 129.8 128.9 128.7 129.3 129.9 129.8 129.9 128.9 127.6 126.7 125.5 123.9 122.1 121.2 121.2 120 118.6 118.9 119.4 119.4 119.4 119.3 119 118.5 118.5 119.4
193.4 189.5 183.5 177.9 175.7 171.6 166.5 161.1 157.5 156.8 158.2 160.9 161.3 162.3 161.4 159.7 159.7 157.8 154.3 151.5 148.2 143.4 139.5 133.8 133 135.9 138.4 141.4 144.5 146.3 147.5 147.2 146.2 144.4 142.2 140.4 138.7 137.8 136.9 135.4 134.1 132.6 131.5 130.4 129.6 134.3 137.3 136.4 134.9 133.4 132.3 131.5 131 130.5 130.3 131.9 133 132.9 132.9 132.6 131.5 130.5 129.3 126.8 124.6 123.1 121.2 120.1 119.8 121 121.5 122 122.2 122.5 122.6 122.7 123.4 123.8
196.3 192.6 187.5 180 176.4 174.8 170.7 166.2 162.9 156.7 164.5 166.7 167.2 165.9 164.2 162.2 160.5 157.8 154.9 151.8 149.2 144.2 137.9 133.4 136.1 140.6 142.8 146 148.1 149 148.7 148.2 147.3 145.1 142.9 141.5 139.8 139.4 137.9 135.9 134.6 133.2 131.6 130.3 130.9 133.5 135.1 134.9 133.8 132.9 131.9 131.5 131.3 130.7 131.9 132.6 134 135.2 136.2 136.3 135.2 133.7 132.1 130 127.1 124.5 122.2 120.7 120.8 123 125.1 125.9 126.1 126.7 127.4 127.6 127.7 128.3
196.4 192.9 187.8 181.7 176.9 174.9 171.9 168.1 164.1 154.8 169.2 170.4 170.4 168.7 167 164.9 162.3 158.9 156.1 153.2 149.3 143.3 135.1 135.8 140.2 144.4 147.7 151 151.6 151.5 149.7 148.9 147.9 146.2 145.5 144.4 142.4 141.5 139.9 138.4 137.2 135.3 132.4 130.2 130.2 131.3 132.5 133.2 132.4 131.7 130.9 131 131.5 131.9 133 132.9 135 137.1 138.1 138.4 137.5 136 134.3 132.4 129.8 127.2 124.4 121.7 121.8 126.4 128.7 130 131 131.8 132.2 133 133.4 132.7
193.6 188.1 183.1 178.6 176 173.3 171.6 167.5 153.8 167.4 173 173.4 172.6 171.5 169.9 167.7 164.3 160.3 157 152.8 146.2 143.3 142.3 139.4 144.2 148.4 152.3 153.9 154.1 153.4 152.9 150.8 149 148 147.7 147.4 146.9 145.7 144.6 142.5 141 139.5 137 132 129.7 130.6 132.2 132.5 132 130.9 130.2 130.5 131 130.9 132 132.6 134.7 135.9 136.1 136.1 135.6 135.1 134.3 133.3 131.8 130 127.2 123.1 123.9 129.4 131.5 132.5 132.8 133.9 134.9 135.5 135.4 135
186.6 182.5 171.4 169.4 174.9 165.5 160.7 158.6 165.7 175 176.6 176.1 174.7 173.7 172.2 169.2 165.6 161.5 156.7 146.1 150 147.7 144.1 144.9 148.3 152 155.1 156.7 156.6 155.8 155.6 154.6 152 149.5 149.7 150.4 150.6 150.6 149.8 148.6 146.6 143.1 139.4 135.1 130.9 130.5 131.2 131.5 131.9 131.1 130.6 130.6 130.2 129.9 129.9 130.2 130.9 131.9 132.2 131.5 131.1 131 131.5 131.2 131.8 130.5 127.3 122.3 127.4 132.7 134.1 134.7 135.2 136.2 138.1 138.8 139.1 138.8
182 173.2 178.1 177.3 171.4 169.8 168 169.4 175.5 177.5 177.4 176 175.5 174.2 172.9 169.4 164.9 160 149.7 154.5 152.5 150.2 147.3 148 151.9 155.2 157.4 159 158.7 158.5 158.3 157.6 156.2 154.3 151.8 151 153 154 154.7 154.2 153.2 150 145.4 140.4 133.6 130.5 130.6 130.8 131.1 131.2 129.9 129.1 128.6 128.4 128 128.4 127.8 127.3 127.2 126.9 127.2 127.6 128.4 130.2 131.6 130.5 127.1 122.1 129.7 135.3 136.3 136.8 137.6 138.9 141.6 143.5 143.3 141.7
177.8 184.3 184.5 183.5 179.8 177.8 176.1 175.4 175.2 175.8 175.1 174.9 173.9 172.8 171.3 168 162.8 153.4 158.2 157.2 154.3 152.6 150.3 152.6 155.3 159.2 160.4 161.5 160.7 160.7 160.8 160.1 158.4 157.5 156.4 152 151.8 155.1 156.8 157.2 156.4 154.6 150.5 145.8 140.4 135.1 130.6 130.5 130.1 129.6 128.2 127 126.6 126.2 125.2 125.7 125.9 125.2 124.6 125.4 126.2 126 127 129.7 130.3 129.8 126.2 122.8 130.4 135.4 136.6 138 139.9 142.8 145.6 145.6 143.4 139.9
188.5 192 195.9 194.6 190.8 188.2 188.5 181.1 177.7 176.5 175.9 175.1 174.2 172 169.8 164.8 158.1 164.3 164.3 161.5 158.4 156.6 156.6 157.5 158.8 161.6 163.1 163.2 163.1 162.6 162.1 161.3 160.1 159.3 159.1 157.9 154.6 154.5 155 154.3 153 152.1 150.2 148.8 146.6 141.7 134.8 132.3 130.6 129.9 129.4 128.5 127 126.5 125.6 124.8 124 124.3 123.9 124.4 125.7 125.8 127.8 125.7 127 127.7 124.4 122.6 129.7 133.4 136.8 140.3 144 145.9 144.9 142.4 138.5 134.7
197.4 201.1 204.8 205.1 203.4 200.1 196.5 192.2 186 182.9 180.7 177.1 174.7 172.6 169.9 164.4 164.4 168.7 169.6 166.7 163.6 161.9 161.4 162.3 163.1 163.5 164.6 164.4 164.4 163.8 163.1 162.2 161.3 161.2 161.2 160.6 160.5 159.1 156.8 153 150.5 149 148 146.1 145.9 142.5 137 134.5 133.2 133 132.1 130.9 129.5 128.1 126.8 125.8 125 124.1 123.7 123.7 124.4 126.2 124.8 121.1 120.9 121.4 122 121.8 127.1 133 137.6 141.6 141.4 139 137.6 134.9 131.2 127.2
205 208.6 210.9 209.6 207 202.6 198.7 194 190.5 187.9 183.7 179.4 176.3 173.1 169.6 164.2 165 172.9 174.2 173.1 169 167.7 166.1 166.3 166.5 166.2 166 165.7 165.6 164.9 164.2 163.2 162.7 162.9 163.1 163.2 163 162.8 162.1 160.2 158 156.3 154.8 149.4 144 140.6 139.8 138.6 136.6 135.1 134.7 133.5 132.6 130.9 128.8 127.2 126.5 125.2 125 124.2 122.2 123.3 121.3 119.9 118.6 118.5 118.3 120.6 124.8 130.5 135 135.3 134.4 132.9 130.3 127.5 122.5 118.2
207.2 210.8 213.4 210.9 207.9 204 199.4 194.7 190.6 187.1 182.7 179 176.3 173.4 169.2 164.1 167.4 173.2 177.2 179 174.1 171 169.9 169.6 169.1 168.1 167.2 167 166.7 165.9 165.1 164.5 164.3 165.2 165 164.8 164.9 164.4 164 163.8 162.9 161.4 158.3 153.8 147.7 144.1 143.6 142 138.7 136.2 135 134.8 135 133.8 132.5 130.3 128 127.3 127.8 126.6 124.7 123.1 121.5 119.9 119.2 118.9 116.4 116 119.5 124.3 127.5 129.3 128.8 126.9 124.8 120.1 113.6 108.1
208.8 212.4 213.4 211.6 207.6 203.7 199.4 195.3 191.2 186.7 182.4 178.6 176.3 174.1 171.2 167.2 168 172.7 176.7 178.1 175.7 173.1 172.6 172 171.1 169.7 168.3 167.8 166.6 165.9 165.2 164.8 164.8 166.1 166.2 165.8 165.9 165.4 165.7 166.4 165.8 163.9 161.4 158.2 153.3 147.4 144.9 143.1 140.1 137.9 136.8 136.1 136.2 134.6 133.2 131.5 129.8 128.9 127.6 127 126.2 124.3 119.9 118.8 118.8 116.7 115.3 114.5 113.6 114 118.7 122.3 121.6 116.2 108.9 108.6 109.6 117.3
209.1 211.8 211.3 209.4 206 202.9 200.4 196.3 191.7 187 182.2 178.5 176.7 174.7 173.4 168.8 170 174.6 177.4 177.9 177.2 175.8 174.6 173.5 172.7 171.1 169.2 167.9 166.6 165.5 164.3 164.2 164.5 166 166.6 166.4 165.6 166.1 167.4 168 166.7 165.3 163.2 160.5 156.5 151.1 147.2 144.1 142 140.2 139.1 138.2 136.7 135.3 132.9 131.5 127 124.5 123 123.2 121.2 120.4 117.9 117.1 115.7 115.2 114.8 114.1 117.4 112.6 111.7 111.9 110 109.6 109.1 121.4 125.8 130
207.8 208.9 208.7 206.5 204.4 201.8 201.2 197.6 192.3 186.7 182 178.7 176.8 175.1 173.8 169.4 172.2 177 178.4 179.4 178.7 177.5 176.1 174.8 174.3 171.7 169.1 167.4 165.6 164.6 163.7 162.8 163.3 164.6 164.9 163.9 164.1 164.8 165.6 166.4 165.8 164.2 163.2 161.1 157.9 154.6 150.4 147.1 144.6 142.8 141.5 140.5 138.6 135.8 133.4 125.2 122.7 122.6 121.1 119.9 119.1 118.1 119 122 122.7 123.9 123.8 122.3 122.3 121.2 115.9 120 123.6 126.3 129.7 135.2 141.2 154.1
208.2 207.4 206.9 204.9 202.7 201.9 200.7 196.8 191.6 186.3 182 179 176.9 175.6 173.2 172.4 173.5 176.9 179.2 180.9 181.7 179 177.4 177 178.1 174.2 169.2 166.6 164.5 162.9 161.9 161.3 161.2 161.9 160.8 160.9 161.7 162.5 163.5 164 163.8 163.1 161.8 159.9 158 155.3 152.6 149.2 147.5 145.5 144.1 143.8 140.3 136.1 129.3 124.2 122.5 122.2 120.4 119.1 128.3 131.1 132 132.1 131.1 131.2 132.2 130.6 131.8 133.9 133.9 135 139.7 140.9 144.6 150.9 167 180.6
210 209.3 208.4 206.1 202.9 200.7 198.8 194.6 188.8 185.2 182.2 179.8 177.4 176.4 174.2 174 174.7 175.4 177.2 178.4 178.6 177.9 178.2 179.5 179.8 175.6 170.4 166.4 164.8 162.8 160.7 160.1 159.2 158.3 157.4 157.2 157.9 159 160.1 161.5 161.4 160.6 158.8 157.4 155.9 154 152 149.9 148.1 145.1 143.3 143.3 138.9 132.4 124.5 123 121.7 121.3 127.2 137.1 138.2 139.5 141.7 141.4 142.7 145.4 147.8 148.7 151.2 154.1 154.9 154.9 158.7 162.4 165.6 181.2 189.4 196.3
210.2 210.1 208.9 206.8 203.3 199.6 196.2 192.1 187.9 184.5 181.9 180.5 178.4 176.2 176.7 175.8 175.6 174.2 175.4 176.9 176.7 176.6 176.4 177 178.2 176.3 170.9 168.8 166.7 163.1 160.1 158 155.7 154.4 154 153.6 154.3 155.4 156.3 156.2 156.6 156.3 154.7 152.9 151.5 150.1 148.1 146.8 144.6 141.6 138.8 137.4 133.7 127.6 124.7 133.4 138.8 140.6 143.1 144.9 148 152 157.4 162.9 167.3 174 176.6 178.3 180.7 183.3 184.2 185.6 189.6 196.9 188.7 198.7 203.5 206.5
209.7 208.9 207.8 205.5 202.4 198.7 194.5 189.9 186.4 183.8 181.3 180.3 179.2 179.4 180.8 180.3 178 175.8 175.2 175.6 175.7 175.5 175.7 174.7 175.6 176.1 173.8 168.8 165.9 163.3 161.5 158.6 154.7 151.4 150.3 150.1 150.8 151.7 152.3 152.2 151.5 151 149.3 148.1 147.2 145.9 144 141.6 138.6 135 132 129.5 128 126.4 126 137.1 144.4 148 153.1 158.2 163.8 169.1 175.9 183.6 191.6 196.4 198.7 203.8 208.5 209.1 211.8 213.3 212.6 214.5 210.8 215.4 216.7 216.1
207.9 206.7 205 202.7 200.5 197.3 193.6 189.6 187.3 185.2 182.8 180.7 180.2 182 183.8 183.7 181.7 178.5 175.6 175.6 175.3 174.8 174.8 174.3 175 174.4 173.2 169.7 166.7 165.5 165.8 164.5 155.5 151.7 149.1 147.2 147.4 148.1 148.2 148.2 146.8 145.5 144.3 143.5 142.8 141.3 138.6 136.6 134 130.8 129.8 128.7 126.4 131.6 135.4 144.9 151.8 160.1 167.8 177.1 183.7 189.3 196.2 202.9 208.3 210.7 211.8 217.4 221.6 223.7 225.8 227.4 226.7 226.6 225.8 227.8 229.4 229.1
206.3 204.7 202.6 200.5 198.4 196.4 193.8 191.1 189.5 187.7 185.4 182.7 182.5 184.2 187 186.1 184.2 183.2 180.8 177.5 174.7 174.5 174.2 174.2 173.5 172.8 172.4 171 168.8 166.6 165 162.2 155.5 153 151.2 149.1 145.8 144.6 144.7 143.7 142.3 141 139 137.9 137.1 135.2 133.3 132.1 130.8 128.9 128.3 127.9 128.9 137.8 145.6 156 169 180.7 189.7 197.1 201.9 205.6 210.6 216.5 220.6 223.3 225.4 228.9 230.8 233.5 235 235.3 234.6 235.2 235.4 236.7 238.3 238
206.9 205.3 203.8 202.1 200.3 198.4 196.7 194.5 192.7 190.9 188.8 187.1 185.8 186.2 187.7 187.7 186.6 185.8 184 181.6 178.4 175.6 174.1 172.9 172.8 172.2 172.4 168.9 171.5 168.3 165.4 161.1 158 153.7 149.9 148.5 145.7 142.2 139.7 138.1 137.2 136.1 135.5 134.8 134.2 133.6 132.5 131.4 129.8 135.3 139.5 142.2 140.3 147.4 160 176.6 191 200.8 208 213.4 216.8 219.2 222.6 227.1 230.6 233.5 236.3 237.9 239.1 240.7 241.7 241.1 240.5 241 241.7 242.7 244.3 244.5
207.7 206.1 205.2 204.3 202.4 201.5 200.7 199.5 197.9 195.8 194 191.8 189.6 188.2 188.7 189.4 188.6 187.4 185.1 182.8 180.7 178.9 176.5 174.4 172.5 171.8 172.3 168.6 162.9 172.1 169.4 165.5 158.6 152.1 146.8 143.8 141 139.5 138.8 136.5 136.1 135.9 135.4 135.1 134.2 132.3 133.9 131.3 137.5 139.9 143.2 147.9 150.5 162.4 179.2 195.7 207.9 215.5 221.8 225.4 227.8 230.3 232.6 236.1 239.1 241.6 243.1 244.4 245.9 246.4 245.9 245.6 245.4 245.4 245 246.8 248.2 248.9
208.1 206.9 206.4 205.6 204.9 204.4 204.6 203.9 202.7 200.9 198.7 196 193.5 191.2 190.6 190.8 189.8 188.5 186.3 184 182.2 180.5 178.8 176.9 174.6 171.6 168.9 163.1 163.4 162.3 159.8 160.2 153.3 148.2 143.4 140.9 140.3 139.7 138.9 138.8 139 138 136 133.6 137 138.8 139.7 141.7 143.9 147.8 152.8 157 165.9 181.8 198 213.5 221.5 227.5 231.6 235.6 237.4 239.3 240.7 243 244.8 246.7 247.6 248.9 249.6 250 249.2 248.3 247.8 246.9 246.9 249.1 250.2 250.4
207.5 207.6 207.3 206.6 206 207 207.3 207.5 206.5 204.4 202.6 199.8 197.6 194.8 193.3 192 190.7 189 186.9 185.1 183.2 181.5 179.9 178.1 175.5 172.5 170.7 165.1 163.4 159.3 156 150.7 145.5 144.3 141.7 141.1 140.3 139 148.5 143.5 141.6 143.8 142.6 140.7 143.9 145.4 148.2 151.1 155.3 160.8 166.8 175.3 185.2 199.5 217.3 226.1 231.7 235.9 239.1 242.2 244.9 245.9 247.1 248.1 249.1 250 250.9 251.5 252 251.5 250.8 249.5 248 246.6 247.5 248.8 249.3 249.1
207 206.4 206.5 207 206.9 208 208.7 209.2 209 207.3 204.9 202 200 197 194.8 192.8 191 188.7 187.3 186 184 182.2 180.4 178.4 176.1 173.5 171.3 166.9 161.9 157.3 152.7 148.1 146 143.1 141.6 141.3 140.6 150 150.6 147.6 145.8 148 148.5 146.7 149.6 153.7 158.8 165.1 172.4 183.1 191.2 201.3 211 219.5 227.8 233.6 239 242.9 246.1 248.9 250.1 249.9 250.5 251.2 251.7 252.1 252.3 252.4 252 251.5 250.7 249.4 248.1 246.7 246.7 246.8 246.1 245.3
203.8 204.1 204.8 205.7 207 208.4 209.2 209.7 209.6 208 205.4 202.7 200.9 198.4 196 192.8 189.8 188 186 185.9 184.8 182.1 180 177.7 174.9 171.7 168.8 163.8 159.2 154.1 149.2 146.5 144.6 142.6 143 141.8 145.7 153.4 154.4 151.9 152 152.1 152.7 152.6 156.7 162.2 170.1 179.6 192.2 201.2 207.6 214.9 221.9 228.9 234.4 238.7 243.6 247.6 250.3 251.2 250.4 249.8 250.3 250.9 251.8 252.3 252.3 252.1 251.4 250.6 249.4 247.6 245.5 244.8 244.7 243.9 242.8 242.8
198 199 200.5 203.8 205.8 208.2 208.8 209 208.6 207.2 204.6 202.2 200.6 198.3 195.2 191.8 189.1 186.3 184.5 184.2 183.2 181.2 178.6 175.9 172.8 168.6 164.1 160.3 155.7 149.7 147.2 145.7 144.6 144.5 146.1 146.8 147.9 156.1 158.1 157.5 156.2 156.4 157.3 159.5 165.3 172.3 180.2 191.7 202.7 210.8 217.9 222.4 228.4 234.2 237.9 241.7 246.2 249.5 250.8 250.4 249.3 249.5 249.6 249.4 250.5 251.5 251.5 251 250.4 249.1 247.5 245.3 243.2 242 241.1 240.3 239.6 239.8
191.4 187.4 195 200.8 204.5 206.6 207.3 206.6 205.7 203.8 200.5 199.2 197.6 195.4 193 189.2 186.4 183.3 181.3 180.5 179.9 177.8 176 173.1 169.8 165.4 159.8 155.9 150.5 147.2 146.7 145.6 146.8 148.1 149.2 150.7 150.6 153.3 157.9 160.6 158.9 159.3 163.2 167.1 173.1 181.1 189.3 199.2 208.7 217.5 223.4 227.7 232.2 235.8 239.1 243.1 246.6 247.9 247.9 248.8 248.5 248.1 248.4 247.9 248.6 249.3 249 248.1 247.3 246.1 244.6 242.6 241 238.8 237.1 237.1 237.1 236.9
198.3 192.5 185.4 190.9 198.7 201 200.6 201.7 201 199.6 198.9 195 190.5 188.1 186.9 183.6 181.1 178.8 175.7 174.4 174.2 174.7 174 170.8 167 161.7 155.9 151.6 148.5 147.2 147.4 147.5 148.8 150.9 152.1 154.1 154.8 154 154.9 158.7 159.8 163.1 167.2 172.9 179.5 186.5 195.2 204.8 214.1 220.1 223.8 228.6 232.6 235.5 238.5 241.6 244.1 244.3 245.1 246 246 245.9 245.6 245.2 245.7 245.5 244.5 243.5 242.9 242.2 241.5 239.4 237.1 234.6 233.2 232.9 233.1 232.6
198.7 195.9 190.8 183.4 191 190.6 192.5 194.7 194.2 193.2 191.8 189.9 185.7 182.6 181.7 178.6 175.7 172.4 168.4 168.2 168.1 169.5 170.5 167 161.2 155.1 150.5 150 149.4 148.8 149.2 150.1 151.7 153.7 154.4 156 156.3 157.4 157.5 158.6 161.3 166.1 171.7 177.7 183.8 191.8 200.7 208.8 215.2 217.9 222.2 227.1 229.9 232.3 235.6 238.1 239.4 240.1 241.2 241.6 242.1 242.5 242.6 242.3 242.3 241.7 240.7 239.8 239.1 238.7 237.8 235.1 232.8 231 229.2 228.4 227.9 227.5
198.3 194.6 191.1 184.8 180.5 181.8 184.7 184.6 185.8 184.7 184.7 183.1 181.1 177.2 175.4 172.4 169.4 167.2 166.3 163.6 162.9 162.2 162.9 159.5 153.6 152 151.4 151 150.9 152.1 153.5 154.2 154.9 155.6 156.7 157.7 158.4 160.2 160.5 161.5 163.8 169.7 174.8 180 185.9 193.4 201.6 208.4 212.1 215.6 220.4 223.9 227.1 229.5 231.8 233.7 234.5 235.3 235.8 237.1 238.1 238.4 237.7 238.1 238.6 238.1 237.1 236.3 235.7 235.1 233.1 230.6 228.5 226.9 225.2 223.6 222.4 222
193.1 191.5 189.9 183.5 183 180 178.2 175.5 173.9 174.6 175.5 175.1 173.2 171.3 169.5 167.9 165.3 164.2 162.3 160.2 159.5 157.4 155.9 153.4 153.6 153.4 152.7 152.6 155 156.4 157.2 157.4 157.9 158.4 159 160.1 162.3 164.7 166.3 167.1 168.2 170.3 176.1 181.2 185.6 192.3 200.1 205.7 209.8 213.1 215.2 219.4 222.2 224.6 227.7 228.5 229.2 230.2 231.3 233.3 234.5 235.3 234.2 233.9 233.5 233.8 233.9 232.9 231.5 229.7 228.4 227.3 225.1 222.3 219.9 218.6 217.1 217
196.2 191.8 190.9 190.7 189.6 186.8 183.4 180.5 176.8 171.6 170.7 169.5 168 166.2 164.8 164.5 163.1 161.9 160.4 159 157.8 155.8 155.7 155.1 155.9 158.1 158 158.8 159.1 159.9 160.7 160.8 161.5 162 162.7 165.6 167.7 170.3 170.9 171 170.5 170.1 171.5 178 183 189.8 196.8 202 206.1 208.2 210 213.8 217 220.3 222.4 223.4 224.5 225.6 227 228.8 230 230.8 230.7 230.6 230.9 230.9 230.4 229 227.4 226.2 225.6 223.5 220.8 217.8 215.3 213.3 212.3 212
