WholeMapElevations/data/nn/nn64_OST50GRID_20230518/NN64.asc
ncols 200
nrows 200
xllcorner 260000
yllcorner 740000
cellsize 50
[rows 70 to 104 of 200, columns 0 to 77 of 200]
570.2 563.8 569.6 563.9 562.7 557.1 545.5 528.8 503.2 496.9 485.1 462.3 441.7 432.5 414.5 395.1 380.4 371.1 362.9 356.2 348.9 339.9 330.2 307 315 321.6 326.3 334.1 337 339.3 335.7 332.5 331.3 338 343.7 335.8 330.3 326.2 321.2 316.7 311.4 306 297.4 288.9 280.2 270.3 265.6 259.2 253.7 264.9 266.3 271.7 275.4 281.3 290.1 296 297.9 298.1 299 298.6 300.4 304.1 305.9 308.7 311.3 315.6 319.7 325.7 333 347.5 362.3 375.7 378.8 398.4 413 434.7 450.4 469.9
610.7 606.9 615.6 613.5 612.5 604.9 588 573.4 563.7 545.2 525.4 484.8 471.2 451.1 423.4 401.7 389.1 380.2 370.9 362.2 351.4 340.3 326.1 311.9 326.2 328.7 335.8 343 345.8 350 352 347.1 343.5 348.5 347.6 347.4 345.3 341.9 337 329.8 323.2 316 309 306.2 291.9 280 274.7 271.2 263.5 275.7 281.9 288.2 292.2 302.8 311.8 317 320.9 322.3 320.7 319.8 322.9 328 328.5 329.2 331.9 338.7 345.8 353.5 364 385.5 391.6 403.8 413.2 431.3 447.8 465.5 487.5 511.2
635.2 627.8 622.7 614.7 611.3 609.4 595.4 567.2 557.7 541.1 524.6 499.2 470.9 447.6 424.4 404.4 392.8 383.2 372.6 363.5 353 338.9 328.6 325.4 334.3 340.1 352.4 358.6 364 371.2 364.2 356.6 361.7 362.9 364.8 364.9 360.3 355.5 349.8 344.5 337.5 329.4 321.9 313.8 297.9 289.9 286.9 280.9 281.6 288.1 296.2 304.2 313.4 321.4 331 340.8 348.7 353.2 350.8 350.5 346.5 348.2 350 352 356.9 364.5 376.1 388.6 403 411.8 421.5 435.5 460.4 468.4 485.3 497.4 513.2 541.4
632.9 624.4 615.5 611 599.6 591 581.1 552.4 525.7 516.9 504.3 481.4 453.2 431.6 417.4 404.4 393.7 384.4 374.6 363.2 352.5 342.9 332.1 323.6 345 358.5 373.2 384 383.3 380.2 369.8 374.5 377.5 381.9 385.2 387.1 381.9 371.6 365.8 361.4 356.2 342.9 331.7 320 311.9 302.3 297 288.8 294.6 301 312.1 323.5 334.8 342.1 352.9 370.1 378.2 387.4 377 380.1 372.9 379 377.5 381.7 387.4 401.4 419 438 444.5 447.5 458.4 468.4 494.8 513.7 525.1 533.7 558.2 577.4
623.1 619.1 603.1 595.4 586 575.2 556.8 530.7 503.3 492.6 480.2 459.3 439.6 424 410.8 400.2 391.5 383.8 374.6 365 354.4 345.8 329.4 344.7 357.5 372.3 385.9 386.6 378.9 381.1 388.3 395.9 400 405.3 409.3 414.3 407.7 393.6 387.5 383.3 369 352.7 339.9 331.3 322.2 311.3 305 290.9 304.2 314 327.8 338.6 348.4 357.2 367.2 396.3 400.4 404.8 397.9 401.1 399.8 399.2 406.4 415.2 429.1 460.9 476.3 479.6 474.6 479.1 493.5 499.7 534.1 552.3 564.2 573.3 589.1 597.7
611.9 605 590.4 579.1 566.3 552.2 540 513.1 489.1 475 460.3 443.7 431.5 415.7 406.4 396.9 388.7 381.9 373.8 365.5 354.5 348.3 336 358.5 369.9 376.7 380.5 384.3 393.2 403.3 412.9 424.4 431.4 440.6 441.1 441.4 430.1 419.3 412.8 396.7 378.1 367.2 354.8 339.6 325.6 318.6 312.3 298.1 315.2 328.4 340.7 350.3 358.8 373.7 381.6 411.7 415 418.8 414.8 420 421.7 429.3 446.2 456.8 484.9 509.6 521.1 533.1 510.6 511.2 522.1 532.3 564.4 581.9 594.2 599.2 611.1 619.2
595.2 588.3 581.7 559.4 543.2 528.1 515.9 491.7 472.1 457.3 444.5 432.8 421.4 408 397.8 392.3 385.7 381.1 372.6 363.8 356.9 349.1 346.2 370.1 375 378.6 386.6 397.6 411 426.9 445.1 458.5 475 478.3 483.5 480.7 474.8 448.5 428.7 407.9 390.5 378.2 364.6 350.2 336.2 327.2 316.9 308.4 327.4 340.8 352.5 360.7 368.4 380.4 393.9 421.1 431.3 434.4 443.2 442.6 450.8 471.3 482.1 498.7 529.5 548.2 556.5 551.5 541.7 540.5 549.9 568.3 587.7 605 612.6 615 620.5 625.8
577.1 566.5 551.6 536.8 518.9 504.4 488.5 470.5 457.8 445.1 433.6 425.9 414.4 409.1 394.8 386.9 382.4 377.7 370.5 363.2 358 346.9 363.1 375.5 378.9 383.8 395.1 410.8 430.1 451 473.2 497 514.8 527.1 519.4 506.6 491.1 459 441.1 419.9 404.2 392 377.2 360.5 346.9 333.2 322.3 320.9 340.4 352.7 363.6 370.6 378.4 391.1 406.1 428.2 442.7 455.3 462.7 473.2 497.1 516.2 531.1 546.9 573.1 585.2 589.1 589.8 585.4 568.2 577 592.3 610 628.6 632.8 634.7 635.9 630.7
555.1 537.9 521.3 509.8 495.8 480.9 467.7 453.8 442.8 433.2 425 416.7 407.5 403.6 395.1 382.8 381.4 373.6 367.1 361.3 365.5 369.5 375.2 378.2 382.8 391.4 406.4 423.9 446.2 469.7 500.1 539.6 550.4 549.8 533 525 512.7 482.6 460.6 441.4 421.8 407.4 392.3 370.6 353 340.8 325.4 333.7 344.3 358.7 368.8 376.8 387.1 399.3 415.4 437 453.3 466.9 480.5 505 543.2 566.2 575.5 581.9 603.2 610.2 614.3 612.2 609.3 602.7 600.7 605 622.4 638.2 645.6 654.4 656.4 658.5
526.2 509.8 496.8 487.2 473.4 463.5 451.7 439.3 431.6 423.3 416 406.7 396.5 390.7 382.2 378.7 378.5 368.9 360.4 364.8 371.9 374.3 379 383.9 391.4 404.7 420.8 440.6 462.6 490.1 534 562 573.6 565.9 552.9 548.4 539.6 509.9 484.8 466.2 439.2 422.7 404.8 379.4 362.2 349.3 338.1 337.1 350.6 364.7 375.4 383.5 395.2 408 424.9 441.5 460.9 476.4 496.9 525.8 559 597 611.1 615.1 625.5 626.6 634.2 634.1 630.7 621.2 617.7 628.8 639.9 658.8 668.2 673.8 668.9 670.4
500.5 489.6 478.7 468.7 458.5 447.8 437.1 428.4 420.9 412.8 408.3 403.1 390.3 380.8 371.1 366.8 365.8 361.9 363.6 366.3 372.4 380 386.2 394.5 407.7 420.7 435.4 457.3 482.2 513.4 549.6 581.9 590.6 586 570.6 561.2 553.1 529.7 496.6 472.4 451.5 432.9 416.2 393.2 372.9 358 349.4 336.4 352.9 366.7 379.3 390.1 402.5 415 432.5 448.9 469.8 486 509.4 533.4 563.1 592.1 617.3 631.2 643 653.4 662.8 664.4 659.9 648.2 641.2 647.4 663.5 677.7 685.3 690.4 687 677
489.9 477.8 468.4 458.5 446.7 436.9 426.8 419.6 413.5 404.6 397.7 391.6 385.9 379.3 369.2 367.9 369.4 371.1 375.8 373.7 381.9 385.5 396.3 407.4 420.4 434 451.6 476 502.5 536.8 571.2 591.2 599.8 596.2 587.6 575.7 556.2 529.1 508.7 484.6 463.7 445.4 426.7 405.4 385.3 368.5 357.3 345.8 354.4 369.3 382.6 393.1 409.1 421.5 438.8 452.9 475.5 494.1 515.9 536.5 564.9 590.5 610.7 633.7 648.9 654.6 661.3 662.7 662.3 659.8 659.6 670.8 682.5 698.5 706.4 707.6 703 694
482.3 468.5 458.1 448.9 437.1 425.6 416.1 409.2 400.1 391.8 387.9 386.1 380.8 374.9 371.6 373.3 375.7 378.2 380.6 378.3 386 396.7 406.1 420 434.4 447.8 467.2 493.8 522.8 555 589.5 601.7 609.9 607.4 597.4 583.2 563.1 541.8 519.5 498.4 476.7 458 439.2 417.5 398.2 379 365.1 357.7 351.3 368.8 384 398 413.2 427.6 443.5 456.6 476.1 497.7 519.6 536.6 564 587.3 608.1 631.9 641.3 651.3 654.1 658.4 661.3 667.6 676.2 687.6 702.7 719.5 730.5 729.2 722.5 712.4
469.1 457.6 450.3 440.4 424.9 410.5 400.5 393.6 385.4 382.7 382.3 382.1 377.3 375.9 371.1 374.6 376.4 379.3 385.6 388.1 395.3 408 419.5 433 445.6 463.1 486.1 512.1 539.4 576.7 599.5 610.4 616.2 611.6 602.4 592 572.4 553.4 531.4 514 488.8 469.4 450.1 427.9 408 388.1 374.1 367.9 356.5 366.8 384.1 400.4 416.4 432 445.5 458.4 476.5 497.9 520.3 540.6 568 591.3 617.8 637 653.2 654 654.4 660.6 674.5 689 697 709 728.8 742 749.2 750.6 740.3 728.3
460 449.1 441.6 431.2 417.7 407.4 400.6 391.5 385 383.9 382.3 379.6 376.8 375.4 372 372.3 376.9 382.4 394.1 402.7 408.3 421.3 431.9 444.3 458.7 478.5 504.5 528.7 562.3 595.5 611.3 620.5 622.3 617.5 608.3 598.7 580.9 558.6 542.9 521.7 499.1 480.6 460.8 439.5 418.2 400.5 386.6 376.5 369 363.2 380.9 399.3 415.7 432.5 446.3 461.2 476.9 500.6 527.6 546.9 572.8 598 629.2 654.8 662 656.8 664.1 675.4 686.7 704.7 722.9 732.3 752.8 764.2 765.2 758.3 747.4 737.9
454.1 443.2 430.3 418.3 415.4 407.4 399.9 391.8 384.7 383.2 383.9 381.2 378.1 373.9 372.6 375.2 382 392 403.7 412.2 421.9 434.4 443.5 455.3 473.3 499.5 522.8 553.7 582 611.6 623 629.4 629.4 623.1 615.2 602.7 586.2 568.1 550.1 526.4 506.3 489.1 470.6 448.4 426.9 412.9 400 386.2 377.4 364 382 401.5 418.5 431.6 447.4 464 480.8 506 529.9 552.3 582.6 606.2 639.6 669.7 680.2 676.2 685.1 696 704.5 719.3 737.7 750.7 766.3 780.1 776.9 766.3 759.9 749.8
445.2 433 421.5 409.7 406.7 399.3 392.6 388.8 383.7 383.1 383.8 382.4 381.4 375.4 373.8 379.9 391.5 404.2 412.6 422.9 433.6 446.1 456.3 471.1 492.1 515.7 548 574.4 601.9 617.5 629.3 634.6 635.4 629.6 618.6 606.3 590.5 573.3 555.6 535 513.9 495.6 476.9 455.5 437.6 422.6 412 396.3 384.2 367.9 378.7 396.4 417.2 431.5 447.7 466.3 485.2 510.8 531.3 559.4 587.6 615.8 652.1 682.9 689.7 691 705.4 721.1 731.9 743.2 757.1 762.3 779.5 786.9 777.8 776.3 772.5 766.5
436.8 427.2 416.5 408.2 399.9 396.6 390.5 383.9 382.3 382.4 383.6 380.1 375.3 375.9 379.2 389.6 399.1 413.1 425.2 435.9 446.2 457.8 470.9 487.9 508.8 532.9 564.8 594.4 616.5 624.8 633.9 639.8 640.1 632.3 621.2 609.3 592 575.5 554.5 535.1 518 500 482.5 462.8 445.1 428.5 419.9 407.1 391 373 378.7 396.5 414.8 431.6 447.8 467.5 488.6 512.9 534.8 566.1 595.9 629.8 670.3 690.1 698.7 711.7 729.6 749.1 765.2 772.9 769 774.5 789.6 797.9 791.7 787 784.9 782.9
431.2 420.4 412.7 405.6 400.7 395.7 389.9 383.5 381.9 381.3 380.7 378.7 381.7 386.3 396.4 401.7 408.2 425.3 438.7 447.9 460.4 471.6 485.4 504 524.1 549.8 578.8 604.4 620.7 630 639.3 644.2 639.9 631.8 622 608 591.1 574.5 557.6 539.3 525 504.5 488.2 469.6 450.1 436.2 427.6 415.5 399.2 384.2 380.2 393.1 412.7 434.6 450.9 471.5 492.8 513.3 536.4 571.3 606.4 643 679 701.3 711.4 729.2 748.2 769.5 790.3 794.8 786.8 789.1 800.4 806.8 804.3 802.5 799.2 792.8
429.2 417.1 411 406.2 397 390.8 384.7 385.7 382.6 382.1 384.2 385.7 387.7 396.2 406.3 412.3 420.4 437.8 449.3 461.5 473 487.5 502.9 519.9 539.3 563.2 586.6 608.5 623.1 632.6 641.2 643.6 638.3 630.6 620.8 606.1 592.1 579 559.8 542.6 525.8 508 491.7 475 456.5 440.4 430.9 419.9 404.9 390 380.9 391.7 408.3 432.6 454.2 475.7 495.3 514.8 539.7 577.3 616.8 651.1 685.6 712.2 724.3 745.5 767.6 789.9 801.5 806.8 804 804.3 819.1 826.7 822 817.1 814.4 810.7
421.2 416.8 408.3 399.2 392 396.1 391.1 384.5 383.7 385.6 388.5 392.3 397 404.2 412.8 421.7 435.9 450.3 463.3 474.1 489.5 504.6 520.3 535.1 553 573.5 594.6 615.7 629 640.8 646.3 646.3 641.5 635 618.5 604.9 592.8 579.3 561.4 545.1 528.4 510.7 494 476.9 460.4 445.2 434.9 423.6 412.3 398 383.4 391.2 408.8 432.9 454.7 476 498.1 517.9 544.6 584.5 625.6 658.5 696.2 721.4 735.7 759 786.3 806 815.9 819.1 820.5 821.4 829.4 839 840.3 836.9 833.6 827.1
414.1 405.4 398.9 393.7 392.7 396.3 395.5 391 388.9 389.3 393 400.6 410 415.4 422.8 433.6 447.9 463.9 478.3 489.9 506.9 522.6 535.4 549.2 565.4 585.3 607.8 628.1 641.9 650.5 652.9 649 644.3 632.9 618.4 606.2 592.2 578 562.9 547 531.7 513.9 496 479.6 464.3 449.4 438 426.6 416.8 403.7 388.5 393 408.8 434.1 453.9 476.6 501 519.9 547 588.1 628 664 707.9 727.9 745.1 773 793.5 810 823.7 833.8 839.3 833.5 838.9 847.8 853.2 851.8 847.4 842.3
414.8 405.2 398.5 394.7 391.4 398.9 395.5 394.1 393.2 396.6 403.7 411 419.1 426.9 437.9 448.5 461.2 480.2 493.8 509.7 523.6 536.6 548.8 563.9 580.5 598.6 619.2 638.6 652.9 660.2 656.9 651.2 644.2 630.1 618.4 605.3 591.5 577.2 562.2 548.3 533.9 515.6 499.9 484.2 469.6 454.9 440.2 428.5 418.1 402.3 393.1 403.6 409.9 433.9 458.4 478.4 500.1 521.2 547.2 587.7 630.2 667.7 712.3 727 745.5 772.4 791.4 808.3 821.8 833.7 841 837.2 846.4 855 862.5 863.5 860.7 862
415.9 405.3 394.7 399.6 399.7 398.1 396.7 397.1 399.2 407.1 413.7 421.9 429.6 442.3 456.1 465.8 477.8 497.7 512.2 525.9 537.6 550.7 561.9 577.6 595.3 611.2 630.4 651.6 664.9 669 659.1 649.5 641.3 628.1 614.8 602.6 587.4 573.6 561.1 546.3 532.6 517.5 505 488.5 473.1 457.4 441.8 429 419 409.2 397.5 413.4 414.1 433.7 459.6 480 499.9 519.8 544.5 585.8 626.5 665.5 707.2 724.9 741.2 765.4 785.3 801.1 810.4 818.4 829.2 834.9 847.3 857.4 862.2 867.4 871.9 869.7
412.2 402 396.7 400.1 402.8 400.7 398.8 403.4 410.2 418 428.4 437.4 448 457.7 473.3 486.2 500.1 515.5 529.8 540.3 551.3 562.8 575.5 593.3 613 624.7 645.4 664.8 674.6 670.8 660.9 647.2 637.9 623.3 610.1 598.4 587.4 574 561 546.5 533.5 521.2 507.7 491.9 477.2 462.1 446 431.1 421.4 414.3 404.8 415.5 418.6 429.6 457.7 478.2 498.9 518.5 543.1 579.7 620.2 660.2 701.3 715.4 732.5 751.9 770.3 786.8 794.1 802.9 815.1 825.9 838.2 851.2 861.6 866.7 868.4 866.7
409.3 402 398.7 403.7 405.6 406.4 407.4 418.6 423.2 431.2 443.6 458.3 467.3 481.8 494.4 504.2 518.3 533.5 544.9 554.4 565 575.4 590 608.5 631.3 642.1 662.2 679.6 684.7 672.3 658.3 645.2 632.2 620 607.7 597.9 587.8 576 564.3 550.8 537 523.9 510.8 496.6 482.5 468.8 452.1 436.4 423.7 420.8 404.4 416.5 422.5 427.1 453.8 475 498 518.5 538.6 572.5 610.8 651.7 689 707 719.8 735.6 751.8 767.6 779.4 791.2 800.4 812.8 826.4 841.1 853.6 860.9 861.9 862.8
410.4 402.1 402 409.9 409 414.5 422.1 430.7 437.4 448.9 464.2 474.6 485.3 501.1 509.5 523.4 537.2 548.5 559.2 569.1 577.4 588.4 604.8 624.1 647.3 660.4 675.5 691.2 689.2 669.6 655.7 638.8 628.8 617.6 608.4 598.4 587.1 576.1 565.2 552.8 540 527.8 514.7 500.5 487.3 473.8 456.6 439.7 429 420.8 408.3 418.2 422.7 424.1 448.1 472.7 495.3 517.6 536 566.4 602.2 640.4 677 696.1 707.6 719.9 735.1 749.8 765.2 776 786.9 801.5 816.2 831.3 845.6 854.8 860.4 872.1
410.1 403.7 403.5 408.9 414.4 422.8 434.2 443.7 455 468.5 485.7 494.8 507.7 520 540.2 549.2 555 565.2 575.2 582.4 591.5 603.2 619.3 638.9 657.9 673.5 689.9 702.8 692.2 672.3 651.3 636.6 626.5 618.6 609.2 595.5 586 578 567.6 555.2 543 531.2 517.5 504.9 492.9 477.8 460.4 443.7 434.9 426.3 412.2 416.2 418.3 420.4 440.7 466.7 491.5 513.6 531.2 561.1 594.4 627.6 661.6 684.5 692.6 704.7 717.8 733.3 747.8 761 774.3 789.8 806.4 822.1 837.8 851.2 868.8 882.1
413.4 405.3 404 411.3 419.4 432.5 444.5 458.6 473.4 492.1 507.1 518.5 527.3 546.1 563.4 566.5 572.5 582 589.4 597 606.6 617.3 636 655.6 671.2 686.3 705.3 712.5 701.1 675.1 651.3 639.1 627.9 617.4 605.6 593.1 586.3 579.5 570 557.9 546.1 534.1 521.6 510.1 500.7 487.9 470.8 454.5 441.3 429.7 422 419.7 416.3 414.7 436.1 460.4 485.4 508 527.1 555.7 586.1 615.1 643.1 667.1 678.4 690 703.5 718.7 732.1 747.7 762.8 777 794.1 812.1 828.9 851.5 870.1 884.1
417.6 406.1 405.4 409.7 427.2 445.1 460.2 474.6 491.3 512.2 526 535.6 549 567.9 577.5 582.5 588.6 597.1 604.4 613.4 621.5 633.4 654.4 672.6 684.8 705 723 725.7 711.6 680.8 659.7 642 627.6 612.7 599.3 590.7 586.2 581 572.8 559.8 550.9 539.5 527.9 518.1 510.3 497.2 479.9 468.9 450.5 438 430.8 418.3 416.9 416.2 429.8 454.8 480.7 502.7 523.8 548.9 577 602.7 626.3 649.1 664 679.6 693.2 704.8 718 734 751 766 784.4 801.5 826.6 848.8 869.2 886.1
419.9 408.5 407.6 420 441.4 457.8 474.6 489.7 510 530.2 542.3 554.4 572.4 583 590.6 597 606 612.2 618.6 627.2 636.5 652.6 672.9 688.9 703.5 723.6 739.6 743.3 727.2 699.9 671.8 643.4 626.5 615.2 606.5 596.6 591.9 585.2 576.8 567.3 558.1 545.4 535.8 526.7 517.7 506.7 494 478 462.3 451.7 433.8 418.8 417 416.4 424.8 448.7 474.4 499.8 521.1 542.6 569.6 591.4 610.3 629 648 665.7 678.8 691.7 709.2 723.7 740.7 756.3 774.4 798.2 822.3 847.5 867.7 887.5
420.5 408.4 414.7 433.1 452.6 469.8 486.3 507.4 526.7 545.4 561.7 574.8 587.2 598.9 606 615.3 621.9 628.8 636.1 645.9 657.1 671.5 689.8 706.6 723.4 738.7 753.7 756.7 733.5 700.4 670.6 644.1 628.8 622.6 611.6 602.1 596.2 587.8 578.7 570.3 558.1 547.6 543 535.7 526.8 516.8 501.4 484.7 470 458.4 441 423.2 417.9 418.8 424.3 445.8 470.7 496.3 518.2 539.4 563 581.6 599.8 616.3 633.1 649.1 665.1 679.5 697.4 713.2 729.9 748.5 771.3 795.7 818.6 845.1 866.2 884.9
420.2 414.1 423.8 442.7 464.5 481.2 501.2 523 542.9 560.9 582 590.6 601.1 612.7 623.9 633.1 641.2 649.7 658.6 667.6 678 688.5 705.6 723.7 737.3 752.3 770.3 763.1 739.6 703.8 668.4 646.3 635.3 626.2 617.8 609.1 599.8 588.4 578.8 568.3 557.5 553.6 550.7 545.7 536.9 522.9 507.6 490.8 477 462.6 446.8 426.7 418.6 420 426.9 445.4 467.8 490.1 513.6 535.3 558 575.2 591.1 605.8 622.9 640.4 656 669.3 686.6 703.5 720 741.4 769.2 791.4 815.3 839.5 861.1 882.3
417.1 422.4 432.3 451.5 473 491.9 514.4 536 557.5 578.6 595.7 606 614.7 627.8 639.2 650.2 658.6 669.1 679.2 689.2 698.2 708.5 724.2 740 753.3 770.5 783.4 779 753.1 721.2 686.3 661.5 641.9 633 627.8 615.5 602.4 590 579.9 571.2 565.6 560.9 563.4 556.7 544.9 529.2 513.1 498.6 484.2 468.8 450.5 429.8 421.5 421.3 428.9 443.4 463.8 484.9 509.3 530.5 552.4 568.7 585.4 600.6 615.1 630.5 645.8 660.9 676 691.1 710.1 735 764.2 788.1 810.8 833.5 854 878.6
419.4 429.1 438.2 456.5 480.6 501.5 525.2 549.4 570.7 590.8 606.4 619.2 628.3 640.9 652.4 662.7 675.2 687.2 697.4 710 719.9 729.9 740.4 753.1 769 784.8 798 802.4 780 742.6 707.8 676 655 646.4 635.7 620.5 604.1 593.5 587.4 579.5 578.5 577.4 575.4 565.1 551 535.2 518.8 504.6 490.7 475 456.5 434.4 422.9 421.8 429.1 441.7 459.5 479.8 504.4 525 545.2 562 578.7 595.2 608.3 622.9 637.2 652 667.7 682.7 701.5 725.9 756.3 783.2 805 827.4 851 874
