UK/data/sn/sn96_OST50GRID_20230518/SN96.asc
ncols 200
nrows 200
xllcorner 290000
yllcorner 260000
cellsize 50
[rows 35 to 69 of 200, columns 78 to 155 of 200]
422.5 409.2 382 329.4 298.5 282 273.7 264.4 254.4 249.1 245.5 243.9 247.4 252.4 258.6 264.7 269 273.3 278.3 284.7 304.2 319.8 330.6 333.6 331.3 327.2 323.5 320.9 316.7 309.1 300.4 291.9 283.1 273.1 262.1 251.7 243.3 236.9 232.3 228.7 223.9 215.3 218.4 226 228.2 230.1 230 229.2 228.9 227.1 225.3 223.7 222.3 221.5 218.6 216.1 217.2 216 200.8 203.6 216 221 223 223.6 223.9 222.9 221.2 219.9 218 215.4 213.4 211.6 209.2 207.6 206.2 206.3 205.8 208.1
415.2 406.2 373.3 338.4 297.2 279.6 271.8 264.8 254.2 247.7 243.7 241.2 243.9 248.9 255.2 261.5 266.5 270.1 274.8 280.3 293.7 313.8 327.2 332.2 329.5 325.4 322.9 321.8 319.8 315.4 308.5 300.7 292.6 282.1 271.2 260.1 250.7 241.1 233.9 230.6 227.2 224.2 216.2 216.6 219.2 221.3 220.8 222.8 224.3 223.3 221.3 217.7 215 212.7 210.9 210.7 216.2 211.6 202.6 203.7 218.9 218.6 219.9 220.2 221.9 221.4 219 217.9 214.1 212.4 211.4 209.2 207.2 206.2 205.4 205.3 206.7 207.9
407 392.5 364.2 332.3 294 277.1 270.8 263.4 253.6 245.9 241.2 238.7 241 245.6 251.5 257.9 262.2 266.5 271.7 277.3 286.9 302.9 317.7 326.3 326.2 324.8 323.8 323.1 321.7 318 312.3 305.5 297.9 287.8 276.3 266.2 256.3 243.8 236.2 233.3 230.7 228.1 225.4 219.1 214.8 211.7 211.9 210 214.9 215.1 213.9 209.4 207.9 206.8 206.2 206 210.5 204.9 199.8 210.3 216.4 217 218.2 220.2 224.3 220.9 216.7 214.4 212 210 208.2 206.5 204.9 204.7 203.6 206.1 207.1 209.2
399.2 377.7 359.8 325.5 290.7 271.2 263.9 259.8 250.2 243.9 240.1 236.2 238.8 242.9 247.4 253.6 258.5 263.5 268.4 273.3 283.9 293.7 304.7 317.1 318.1 319.9 319.8 320.1 319.6 316 310.6 305.6 300.3 288.6 279 269.1 258.7 246.1 238.7 235.4 232.6 229.8 227.1 222.9 218.9 214.3 212.4 211.8 209.7 209 208.3 206.8 205.8 205.5 204.7 206.2 204.7 202.9 204.7 215.2 215.4 216.2 216.3 217.9 220.9 217.5 214.1 212.3 210.1 208.5 207.1 204.9 204.1 203 206.2 207.4 209.3 211.7
396 374.7 359.4 316.9 286.9 261.3 257.7 252.9 246.9 241.4 238 234 236.2 240.3 243.5 249.3 254.2 259.6 264.7 269.7 278.1 287.3 295.3 306.8 309.3 313.7 313.5 315.8 316.7 313.9 308.7 304.2 299 290.4 280.3 270.8 260 250.6 243 236.6 233.8 231 228.3 223.5 220.2 216.3 213.1 212 210.9 209.7 209.1 212.4 215 213.6 209.8 215.9 203.9 199.1 214.2 212.8 214.2 216.2 215.9 215.5 215.1 215 213.8 211.8 210.7 209.9 207.8 204.6 201.2 206.7 209.2 210.8 213 215.1
398.6 368.5 342.1 310.7 279.7 262.4 254.2 248.8 243.6 238.8 235.8 231.8 233.9 237.1 240.3 245.1 250.3 255.7 261 266.1 272.3 280.9 286 296.5 300.6 305.5 307.3 312.2 313.5 311.6 307.4 303 297.7 291.1 281.4 272.3 262.7 254.9 247.4 239.9 235 232.2 229.3 224.3 222 217.7 213.6 212.1 211.3 212.2 217 221.9 222.7 220.6 217.8 216 213.2 199.1 203.7 206.3 213 215 215.3 214.1 214.9 216.3 214.4 212.4 211.3 209.9 206.2 204 202.8 209.5 212.6 214.2 216.5 218.3
394.8 361.3 339 312.1 281 260.5 254.5 245.3 239.7 236.4 233.5 230.1 230.1 232.7 236.6 240.9 246.5 251.9 257.2 262.4 268.1 274.5 280 286.9 292.4 297.7 303.1 308.4 310.4 309.1 306.4 301.8 296.4 289.7 282.4 273.7 267 259.2 251.8 244.4 236.7 233.4 230.3 225.4 223.3 219 213.6 212.2 211.9 215 217.1 222.4 223 221.7 216.9 216.2 214.6 211 205.8 203.8 208.3 211.6 213.2 213 214 217.5 215.1 213.3 212.1 209.8 207.5 202.5 205.6 212.3 215.9 217.8 219.7 221.6
392.3 362.6 337.8 313.1 287.2 266.2 253.3 243.6 237.6 234.2 231.8 228.6 226.6 228.9 233 236.8 240.6 246.3 251.9 257.5 263 268.9 275.4 281.6 286.9 292.7 299.2 305 307.7 306.2 304.2 300.1 295.9 289.2 282.7 276.8 270.4 263.5 256.1 248.9 241.2 234.6 230.9 226.5 224.4 219.5 214 212.3 212.4 213 214.7 215.8 215.7 215.3 216.8 212.1 209.5 207 204.5 205.3 205.6 207.5 207.7 210 210.7 216.3 214.2 213.6 212.1 209.7 207.5 199.1 209.3 215.8 218.2 221.1 222.9 224.8
387.6 362.6 336.6 313 289.3 269.6 252.2 241.1 235.2 232.5 229.9 227.4 225.4 225.7 229.4 233 236.9 240.7 245.8 252 257.3 263.5 270.5 276 281.6 287.7 296.4 301 302.8 303.2 300.9 298 294.8 289.3 284.1 280.3 274.3 267.6 260.5 253.2 245.7 238 231.1 227 225.5 221.3 216.5 214.2 213.8 213.2 213.5 214.6 214.5 213.5 216.7 206.5 205.7 204.3 196.5 200.2 200.9 200.9 201.1 201.2 201.4 203.3 210.3 211.2 210.7 210.2 209.6 200.3 210.2 214.5 217 220.5 224 227.6
379.7 358.9 333.9 311.9 288.2 269.1 251.2 238.4 233.4 230.8 228.4 226.4 224.5 223.4 225.6 229.2 232.2 235.2 239.1 244.7 251.6 257.7 263.8 270.2 277 283.7 293.4 297.2 299.5 299.6 298.3 296.4 293.1 288.6 286.1 283.6 280.9 274.8 267.7 260.1 252.7 245.3 237.6 230.9 228 220.7 217.2 215.4 214.1 213.9 215.2 216.1 215.5 210.6 207.4 205.9 205.2 201.7 197.3 199 199.7 199.9 200.2 200.2 200 200.3 200.8 203.3 204.7 205.1 201.1 200.6 208 211.8 215.1 219.5 223.8 227.3
370.2 350.4 326.4 303.6 281.9 264 248.6 234.6 231.3 228.8 227.2 225.2 223.5 222.1 221.7 224 227.1 230 233.5 237.3 244.8 251.1 256.4 263.1 270.1 277.8 287.5 293.2 296.1 297.5 295.7 294.1 292 290.7 289 287.1 285.3 281.9 275.6 268.5 261.3 252.4 245.6 238.4 231.9 224.8 219.8 218.8 215.7 215.7 216.6 216.4 213.5 214.9 206.9 205.5 205.1 204.8 198.4 196.1 198.8 199 199.2 199.3 199.3 199.3 199.3 198.6 198.6 197.4 195.2 199.4 203.4 208.6 210.9 214.6 217.5 219.1
357.5 336.4 315.4 292.3 269.7 260.9 251.3 242.4 236.4 234.3 229.8 226.7 223.7 221.7 220.2 219.2 221.7 224.8 228.2 232.9 239 244.3 249.2 256.4 264 271.8 279.7 287.2 290.6 292.7 293.5 293.7 293 293 293 291.5 289.8 286.5 281.1 274.2 267.1 259.6 252 244.4 237.2 230.7 226.9 224.9 220.6 218.4 217.8 216 213.6 211.4 207.4 205.6 205.2 205.1 199.4 198 197.2 198.7 199 198.7 198.6 198.6 198.2 197.1 196.1 196.2 195.5 196.5 198.9 205.1 207.6 209.3 210.8 213.2
340.9 321.6 310.4 298.1 286.9 275.5 265 255 249.1 243.7 236.4 230.9 225.3 222.1 220 218.4 216 219.3 223.6 228.2 232.9 237.6 241.8 248.8 256.5 263.6 271 278.7 284.5 287.5 290.5 291.9 293.6 294.2 294.8 294.4 291.3 288.1 284.1 277.6 270.3 262.9 254.5 246.3 239 235.1 233.2 230.8 226.6 222.7 220.9 218.7 218.6 214.5 212.1 209.9 206.6 204.9 201.5 198.4 196.9 198.5 198.5 198.1 198 197.7 197.6 194.4 196.2 196.3 196.2 194.4 196.1 196.5 197.8 200.6 208.4 210.1
362.2 348.9 335 321.4 308.2 293.7 280.6 271.1 263.9 256.3 248.6 243.5 236.2 229.1 224.1 222.8 218.8 215.1 217.8 222.4 227.3 232 235.6 240.5 248.2 254.8 261.5 268.8 276.7 279.7 287.2 290.4 293.4 294.5 295.1 295.5 292 288.9 282.8 276.1 267.6 260 254.8 246.2 238.8 235.9 236 234.2 231 227.3 225 222.9 221.8 221.8 222.6 220.9 216 211.2 208.3 198.8 197.5 198.3 197.9 197.8 196 194.4 198.4 197 196.5 196.4 196.3 196.1 196.1 192.6 196 196.2 197.3 204.3
379 367.9 357.5 343.9 328.9 311.9 297.1 282.9 273.8 265.9 258.1 252 245.7 238 231.2 226.4 221.4 215.3 212.3 216.7 221.7 225.9 229.4 233.3 239.8 245.9 251.9 259.7 268.6 273.9 281.9 287.7 291.1 294.8 296 295.9 292.8 288.1 281.4 274.7 265.2 257 251.8 246.2 238.6 236.7 236.7 237.1 235.2 232.3 229.2 221.5 227.2 226.4 226.5 224.3 221.8 218.9 215.8 213 206.2 195.9 195.2 199.5 204.7 206.4 202.7 199.6 197.3 196.8 196.4 196.3 196.1 196.3 195 195.5 196 196.9
390.3 382.5 370.3 357.4 341.5 324.2 307.9 291.9 280.5 272 263.5 256.2 248.5 241.2 235.4 230.1 224.4 218 212.2 211.9 216.2 219.7 223.2 226.8 231.4 237.1 241.7 250.3 260.3 268.2 276.2 282.7 287.7 292.5 295.4 296 293.1 286.1 279.2 272.6 262.8 254.1 247.8 245.3 238.6 237.5 237.4 238.7 238.4 236.1 233.4 232.2 231.6 230.7 230.2 227.8 226.5 224.2 220.7 220.6 223.1 221.4 220.6 219.6 217.2 214.4 211.4 209.4 204.6 200.8 197.7 196.6 196.5 196.5 193 195.1 195.6 195.5
398.9 388.8 377.8 365.5 347.7 329 312.1 296.3 284.5 274.2 265.5 257 249.8 243.3 238.2 231.6 226.4 220 213.3 210.3 212.1 215.6 218 221.3 225.2 228.9 233.3 240.2 249.8 257.9 266.7 273.7 277.3 281.5 285.6 287 284.2 278 269.6 261.6 255.3 250 244 241.3 238.8 236.7 238.6 240.7 240.6 238.2 232.8 235.4 235.1 234.1 232.5 230.5 229.4 228.4 226.4 226.9 230.2 230.3 229.9 228.8 225 220.3 221.4 223.5 222.3 221.2 217.4 210.6 205.1 199.2 195.2 192.3 194.7 194.8
401.9 391.2 380.2 365.3 347.3 328.1 312.2 297.3 285 274.8 265 257.8 251.3 243.9 237.7 230.8 225.5 219.2 215 211.3 208.7 211.4 214.2 217 219.7 222.5 226.4 230.6 239.2 245.1 251.6 258.2 262.3 265.3 269 269.2 267.8 260.6 253.5 250 246 242.3 239.5 236.8 235.8 236.5 238.9 240.9 241.1 238.6 237.1 236.3 235.6 234.5 233.7 232.9 231.7 230.4 230.8 231.5 233.5 234.7 234.9 234.4 231.4 228.7 232.7 231.5 233.9 232.9 230 224.1 217.2 210.4 202.9 198.4 194.6 191.5
402.2 389.6 377.8 361.2 344.1 326.2 310.3 296.3 284.1 273.3 264.9 259 251 242.1 234.7 229.2 224 219.6 214.9 211.6 208.8 208 210.6 213 214.9 216.7 219.3 221.9 227.3 234.7 239.2 243.5 247.2 250.1 251.4 249.6 248.1 246 244 241.8 240.3 238.1 236 234.1 234 235.3 237 238.8 239.6 238.2 237 236.2 235.7 235.5 234.8 234.1 233.8 233.1 234.5 234.8 235.9 237.7 238.6 239.2 238.5 238.9 240.5 241 242.4 240.3 235.1 228 221 215.1 210.9 203.1 195.3 195.2
397.8 385 372 355.3 338.5 323 307.9 294.4 282.8 272.2 266.4 260.5 250.2 240.1 233.1 228 223.5 219.2 215.1 211.9 209.4 207.1 206.3 208.5 211.1 213.1 216 218.7 221.9 226.2 229.6 234.2 239.2 241.7 243.4 243.2 243.1 241.9 239.9 236.8 235.7 235.3 232.6 231.3 231.7 233.9 235.6 237.1 237.5 236.8 235.3 235.8 235.5 235.9 235.6 235.4 235.4 235.5 236.5 236.9 237.5 239.3 240.3 241.1 242 243.8 243.8 244 242.5 240.6 233.3 226.7 219.3 212.1 208.9 205.2 194.8 193.8
392.6 380.2 366 349.6 333.4 320.9 304.9 293.3 282.8 273.8 268 261.4 250.2 240.2 233.8 228.2 223.2 218.5 215.6 212.3 210 207.8 205 206.2 208.2 210.3 213.6 216.4 217.2 217.5 220.2 225.1 230.2 233.7 236.5 237.8 238.8 237.8 235.7 232.2 231.2 231 228.7 227.2 228.6 231.1 234.2 233.6 232.2 233.6 234.3 234.9 235.3 235.6 235.5 235.6 236.5 237.2 238 238.9 239.2 241.2 242 243.8 244.8 245.8 244.9 245.3 242.3 237.6 230.2 224.4 217 207.6 204.1 202.3 194.4 194.1
387 375.5 360 344 330.7 318.9 304.4 292.5 281.9 274.7 268.1 261.1 250.8 243.1 239.9 235.5 229 223.1 217 212.6 210.9 208 204.4 204.3 205.4 207.8 211.1 213.5 212.4 208.8 211 216.1 221.2 225.9 229.7 231.4 230.5 230.1 228 226.6 225.3 224.6 222.9 223.1 224.1 225.6 228.6 224.1 230.3 231.8 232.6 233.1 234.7 235.8 236 236.4 238.2 238.6 239.5 240.4 240.8 243 244.1 246.5 248 247.7 246.9 246.6 242.1 233.9 227.1 222.1 213.8 203.1 199.7 199.2 194.1 194.1
383.6 371.3 356.3 341.9 326.5 314.7 303.4 290.7 282.2 275.9 268.2 261 256.3 253 249.1 244.3 238.8 233.7 228.4 223.8 218.9 212.8 207.7 200.7 202.6 205.7 208.9 211.1 211.1 209.3 204.3 206.2 210.4 214.1 218.3 220.8 221.9 223 222.1 221.7 220.7 218.9 218 218.6 220.6 222.3 225.4 226.7 228.2 229.8 230.8 231.4 233.7 236.3 237.7 238.5 239.9 240.1 240.9 241.8 242.8 244.8 246.8 249.3 250.3 249.6 248.8 248 241.9 230.3 223.9 219 210.1 198.6 195.5 196 193.7 193.7
380.7 370.6 354.3 337.2 326.2 313.3 302.6 291.5 283.4 274.8 273.9 273.4 270.7 265.3 260.5 256.6 251.5 245.1 237.2 231.6 225.6 217 210.4 205.5 199.9 202.9 203.8 205.8 206.5 206.3 203 202.9 204.6 207 209.8 211.6 215 215.3 216.8 217.4 213.9 212.8 213.2 214.6 217.4 220.9 219.6 225.2 226.3 227.6 228.4 230.2 232.8 235.4 238.1 240.5 241.3 240.6 241.1 242.3 243.8 246.4 249.1 251.8 252.2 251.5 250.8 247.1 236.9 226 219.2 214.4 202.3 193.5 193.3 193.4 193.7 190.2
379.9 368.6 353.6 337.9 326.1 313.1 298.9 295.5 293.5 293.6 290.2 288.1 283.6 276.1 271.4 267.8 261.6 253 243.6 238.6 230.7 221.7 214.3 207.8 201.3 199.5 199.5 200.1 201.3 201.7 201.7 200.9 200.6 201.9 203.4 205.3 206.5 209.1 209 208.8 208.4 208.6 210.1 213.4 217 220 223.2 223.1 224 226.1 228.2 230.6 232.8 235.2 237 239 239.7 240 241.2 242.8 245.4 247.7 250.8 252.6 252.1 251.4 247.6 239.2 229.6 220.3 213.4 204.7 194 193.2 193.2 193.2 191.1 194.1
379.1 367.3 353.2 341.8 330.6 319.9 314.7 310.3 305.7 300.8 297.5 294.7 290.2 285 279.4 272.2 264.7 257.1 249.1 240.5 231.4 223.4 217.6 210.6 206.9 201.8 198.9 197.5 198.4 199.8 200.4 200.4 199.8 200.2 199.5 200.1 200.1 202.6 202.5 201.3 203.7 205.5 209.7 213.3 217.3 220.6 220.8 222.7 224.9 227 229.5 232 234.5 236.9 238.4 239.4 239.9 240.5 241.7 244.8 247.8 250.7 251.6 252.2 251 248.5 239.9 229.4 219.5 210.2 205.7 195.4 192.8 192.9 192.8 190 194.1 196.6
377 365.5 356.2 345.4 335.5 324.3 317.6 311.8 306.2 301.3 297.3 293.1 288 282 276.1 269.5 261.3 252.3 243.3 235.8 229.7 221.9 215.7 208.9 206.3 203.3 201 199.3 196.4 195.1 197.5 199.9 199.1 197.4 195.9 194.9 197.1 197.9 198.7 201.8 205.4 209.8 211.3 212.6 214.8 218.3 221 222.7 224.6 226.7 229.2 231.7 234.2 236.5 238.6 239.7 240.7 242.1 245 247.8 248 248.2 249.1 250.1 247.2 239.8 229.6 219.3 209.4 199.9 194.2 192.8 192.9 192.6 191.9 195.2 197.1 211.4
378.9 368.1 358 345.6 335.3 321.8 314.4 308.3 302.1 296.5 290.1 285.9 279.9 274.3 269.1 262.8 255.2 246.4 237.7 229 223.1 217.2 210.2 204.6 201.8 198.9 197.7 199.4 195.5 195.9 193 195.1 190.5 190.2 193.7 193.3 195.6 196.2 196.9 202.4 206.1 209.8 210.8 212.2 215 218 220.3 222.4 224.3 226.4 229 231.4 233.9 236.2 238.8 239.9 240.9 241.6 244.3 245.9 245.2 245.5 246.4 245.7 234.8 226.9 218.1 209.3 202.1 194.9 193 192.6 193 193.2 197.4 200.2 211.2 231.7
383.3 370.3 357.9 343.3 329.8 318.9 311.2 303.3 296.8 289.7 283.2 277.5 271.9 266 260.8 254.3 247.2 239.7 231.7 223.3 215.6 209.3 204 198.6 194.7 194.1 193.7 193.8 194.4 193 188 188.8 189.9 189.5 187.9 192.7 194.3 194.5 195.6 202.6 206.7 209.5 210.2 211.8 215.2 216.3 219.1 222.3 223.9 226 228.7 231.2 233.6 235.9 238.6 240.1 241.1 241.7 243.2 245 242.5 242.7 243.7 236.6 222.9 213.1 205.6 198.5 195.3 193.1 192.2 189.4 193 196.6 203.4 211.8 232.2 251.3
378.4 359.6 342.9 327.8 317.6 309.3 301.9 292.4 285.5 279.3 272.8 267.1 261.7 255.9 249 241.6 233.6 226 219.8 213.6 206.9 201.4 195.7 194.2 194 194 193.9 193.9 193.4 188 189.7 191.4 190.5 189.5 189.1 187.6 192.9 193 194.6 201.7 207.4 209.1 209.6 212 212.9 215.1 218 220.5 223.7 225.7 228.3 230.9 233.2 235.7 238.3 240.2 241.3 241.7 242.1 243.9 241.6 239.9 239 224.6 211.2 198.9 190.6 189.1 191.1 192.1 192.7 197.4 198.1 203.8 212.5 232.3 252.2 271.4
360.8 343.1 329.3 315.6 305.6 297.2 288.6 281.4 274.9 268.6 262.4 256.8 251.6 245.5 237.5 230 222.5 216 211.3 205.4 200.1 194.7 194.3 194.2 194.1 194 193.9 192.3 188.9 190.6 190.7 190.9 190.4 189.7 189.3 187.9 190.3 190.2 192.2 195.9 203.5 206.1 208.1 210 210.8 213.9 216.8 219.1 222.4 225.3 228 230.6 232.9 235.4 237.9 240.4 241.3 241.7 242 242.8 240.8 237.2 227 212.9 199.5 189.1 191.8 191.8 191.9 191.9 193.8 204.4 207.2 214.3 231.9 251.6 271.7 291.5
344.8 330.5 317.3 303.6 293.4 284.9 277.8 271.4 264.6 258.2 252.3 247.1 241.5 234.2 226.4 219.8 214.4 207.9 204.3 200.4 195.2 194.5 194.4 194.2 194.3 193.3 191 188 190.8 190.6 190.7 190.6 190.3 189.7 189.3 189.1 188.7 189.3 189.1 190.7 198.5 202.9 206.4 207.8 208.8 212.6 215.7 217.9 221.2 224.5 227.5 229.3 233 235.2 237.7 239.5 240.6 241.3 241.6 240.8 239 234.6 226.4 209.9 190.3 191.7 191.6 191.5 191.5 192.5 200.1 210.8 215.7 232.3 251.3 270.8 290.7 309.9
326.8 312.3 300.6 291.1 282 275.3 269.6 262.7 256.1 249.8 244 239.5 233.5 226 220.1 214.8 209.4 205.1 201.8 198.4 194.8 194.3 194.6 194.5 194.4 191.3 188.4 191.1 191.4 191.2 190.8 190.7 190.4 189.5 189.1 189.3 187.5 189.1 188.9 188.7 192.6 200 204.9 205 206.8 210.6 214.5 216.7 220.2 222.8 224.7 229.3 232.8 234.2 235.8 237.4 239 239.1 238.7 237.4 235.8 233 226.8 208 188.6 191.5 191.3 191.1 191 197.7 208.6 215.5 232 251.8 271.4 290.6 309.8 326.2
310.3 298.9 289.7 283.2 275.2 268.3 262.7 255.8 249 242.6 235.8 231.3 225.8 220.6 215.6 211.1 207.2 203.7 200.3 196.4 195.1 194.7 193.7 192 190.1 188.4 192.2 192.1 191.8 191.5 191.1 190.7 190.6 189.9 189 189.1 189.3 188.4 188.8 188.9 189.4 194 201.5 202 205.4 209.6 212.5 215.4 215.4 219.9 224.1 227.9 230.1 231.8 233.3 234.8 235.8 235.6 235 234.3 233.4 231.3 224.3 205.3 188.6 191.1 190.8 190.7 191.2 202.1 212.2 230.3 250.1 270.2 290.4 310 326.9 340.1
299.3 290.8 281.3 277.7 270.9 264.2 256.5 249 242.4 235.3 227.7 222.6 217.7 214.1 209.9 207.6 205.4 202.5 200.1 195.9 194 192.4 188.8 188.6 193.5 193.2 192.7 192.6 191.9 191.6 191.2 190.8 190.7 189.9 189 189 189 186.6 189.2 189.1 189.8 192 195.1 199.1 202.8 206.7 209.6 211.1 213.2 217.6 221.4 224.3 226.6 228.5 230.4 231.4 231.3 231.3 230.5 230.6 230.8 229.4 215.7 198.8 188.6 190.7 190.3 189.9 192.8 208.1 223.2 245.8 268.2 288.3 308.5 327 340.9 349.6
