WholeMapElevations/data/sh/sh75_OST50GRID_20230518/SH75.asc
ncols 200
nrows 200
xllcorner 270000
yllcorner 350000
cellsize 50
[rows 35 to 69 of 200, columns 79 to 157 of 200]
305.6 311.4 313.4 313.8 312.2 314.8 318.8 326.8 332.2 332.5 329.4 311.5 277.4 249.1 228.2 216.5 206.5 204.5 202.2 201.1 203.9 209.8 217.4 243.3 244.8 244.7 248.9 253.9 248.1 236.3 224.2 231.8 240.1 236.4 237.8 246.5 255 262.8 259.7 270.2 257.1 245.9 253.2 260.9 262.9 264.6 264 269.4 260.6 246.2 234.2 220.5 206.6 200.5 196.8 196.7 194 190 191.2 193.9 205.7 202.3 197.4 188.7 187.3 187.7 188.5 188.4 188 191.5 194.8 201.4 193.5 193.4 196.1 198.8 199.6 199.6 200.1
307.5 313.2 310.2 310 308.7 309.7 309.4 310.9 322 337.7 329.9 310.8 273.8 243.9 230.2 218 207.7 205.3 203.1 201.8 202.2 214.1 219.6 244.2 246.4 247.1 257.6 251.6 249.1 222.8 224.1 229.2 235.4 234.9 237.3 250.7 255.1 256.8 258.7 260.7 238.5 238.9 241.4 245.9 250.6 249 245 242 242.6 241.6 232.7 217.4 203.2 194.1 189 187.3 186.6 180.3 183.2 189.1 197.6 194.7 185.7 183.8 185.3 186.6 187 187.9 188.9 189.1 189.9 193.3 189.4 190.6 191.7 201.1 204.2 211.2 214.1
306.2 308.5 308.7 313.9 304.1 303.8 302.5 302.8 314.7 330.4 322.5 290.5 272.1 242.5 231.3 216.7 211.2 208.7 206.3 202.4 203 213.9 217.6 240.1 254.1 258.8 263.6 256.9 230.9 218.6 223.2 230.4 232.8 237.3 238.5 257.6 260.4 255.2 259.6 242.1 228 233.6 238.2 237.6 244.2 237.7 234.3 233.6 242.4 250.6 241.5 215.3 196.9 191.3 183 180.5 175.2 168.2 175.1 188.8 188.9 189.3 177.4 184.3 186 186.9 190.5 196.2 199.7 194.1 190.1 191.1 191.5 191.3 193.1 195 203.7 219.6 223.3
302.1 306.3 309.5 318.2 297.1 292.9 291.3 293.9 305.1 319.7 317.4 293.5 260.6 245.4 232.1 219.2 213.8 210.9 209 201.9 206.2 216.5 220.7 244.6 255.7 266.8 261.9 239.7 217.7 217.7 221.4 227.8 231.7 233.8 244.7 263.4 254.3 259.4 246.1 220.5 222.9 224.8 225.5 226.5 232.1 230.6 225.8 224.7 228.3 244.3 222.3 210.5 200.3 191.5 179 167.8 158.5 157.2 164.7 174.6 177.7 182.9 173.7 184.3 187.2 178.9 189.3 203.7 222 222.1 207.7 198.4 192.5 192.5 193 194.9 209.1 219.8 226.8
304.3 309.7 310.1 309.5 289.2 289.3 283.9 287.7 298.6 317.4 319.4 296.2 262.3 251.1 237.2 225.2 227.3 227.8 203.8 201.4 209.7 216.6 219.7 245.1 261.7 265.5 258 230.5 211.5 215.7 219.3 230.2 230.7 231.4 250.1 254 253.6 240.2 218.8 211 212 215.7 211.7 215 218.7 217.9 215.3 213.1 213.1 213 212.3 210.2 205.3 191.4 177.3 164.8 151 143.1 153.5 162.5 167 172.4 161.8 182.6 174.4 169.6 185.1 198.5 216.3 225.9 230.8 211.7 203.7 196 194.7 199.1 206.8 220.8 221.3
302.8 309.8 301.3 290.8 284.4 282.5 277.7 281.3 292.8 306.7 312.9 283.6 270.9 265.1 250.8 222.1 229.6 219.7 195.6 202.3 211.8 214.7 217.1 242.5 264.1 255.1 238.3 213.5 211.1 217.3 216.8 222 222.8 230.7 250.3 239.9 251.6 221.5 204.7 195.3 193.5 195 200.2 204.3 201.9 198.7 199.2 196.8 198.4 197.1 202.5 208.9 200.9 177.8 161 151.7 139 130.9 137 144.3 151.2 146.7 143.4 153.1 153.5 160.6 171.3 187.6 205.8 216.3 218.4 224.7 215.6 201.6 200.6 201.1 203.4 204.7 210.7
297.4 298.1 283 285.2 278.3 277.4 277.2 275.7 282.6 285.6 281.7 281.5 269.6 270.3 244.1 218.5 206 194.6 194.4 201 207.7 209.8 212.8 233.6 245.5 230.3 221 206.4 209.1 211.9 212.6 214.6 218.7 232.5 227.5 230.5 228.2 207.2 188.4 182.6 182.7 182.6 187.4 187.9 185.3 181.8 179.6 178 178.7 180.1 180.4 200 188.4 165.2 151.2 139.2 127.8 121 126.8 129.5 134.3 132.6 130.9 138.1 143.4 151.1 158.7 171.2 190 205.4 227.2 226.3 213.2 206.2 205 201.5 201.9 202.6 202.9
280.9 278.2 280.9 272.3 272.8 283.2 280 273.1 268.8 264.7 259 254.2 250.3 239.1 224 208.1 195.3 192.7 193.9 200.4 205 204.2 205.6 224.8 229.1 220.5 203.9 202.6 209.4 208.5 205 212.2 228.3 211.5 213.8 217.1 203.2 197 176.6 170 172.3 170.9 171.5 169.1 167.1 162.3 160.3 159.2 158 157.5 156.9 158.9 167.9 158.3 141.5 136.8 131.5 111.3 117.2 119.1 121.8 120.9 116.7 127.8 136.3 142.5 149.8 162.2 176.1 193 208.1 206.2 208.5 207.3 206.3 207 202.6 202 205.4
273.8 265.3 262 261.6 271.1 288.7 278.6 265.6 259.7 254 249.1 245.5 238.2 226.8 215.5 207.3 197.8 194 192.6 200.7 199.5 198.7 201.1 209.7 211.8 202.7 191.2 199.1 206.4 195.8 202.5 211.5 200.2 193.6 194.2 193 188.5 172.6 153.7 158.6 161.3 158 156.3 153.3 149.4 146.1 143.2 142 141 139.3 138.6 132.7 105.1 89.1 128.1 138.3 124.3 109.6 104.8 110.4 110.2 108.1 108.6 118.7 126.8 133.9 139.8 150.9 166.5 181.4 191.2 196.3 201.7 200.4 209 211.3 204.2 203.8 206.6
263.8 255.2 253.9 257.3 268.2 278.2 281.2 265 261.8 253.9 246.6 247.6 245.9 231.6 224.8 211.8 210.8 190.2 194.2 196.5 191.6 193.3 194.2 197.3 195.5 186.6 184.9 192.4 192.2 188.3 194.8 195.2 190 192.6 185.4 181.4 168.4 150.3 142 146.4 146.1 142.7 143.6 137 136.9 135 131.4 131.2 130.5 127.4 118.5 97.5 89.1 101.3 84.6 92.7 103.2 100.2 96.7 98.1 93.1 93.1 98.1 105.2 115.2 122.9 129.6 140.5 151.3 164.1 178.2 187.7 196.9 195.7 201.4 202.8 203.7 205 209.5
255.6 246 243.8 252.1 256 268.1 280.9 263.3 265.7 248.3 239.5 247.2 235.3 231.1 227.5 218.1 198.2 170.7 180.6 179.2 181.9 184.2 186.5 189.5 184.3 178.7 174.8 177.1 177.8 177.1 183.3 184.4 187.3 185.8 167.7 163.3 150.1 133.8 130.6 133.9 136.6 134.4 131.9 130.3 129.7 128.5 125.8 123.6 124.1 120.3 112.3 122.2 120.7 118.4 115.3 98.3 83.3 81.2 80 81.2 82.3 83.5 84.2 86.5 93.6 105 116.3 128.3 136.4 149.8 165.5 178.8 191.8 189.8 190.9 198.4 200.2 204.1 197.9
244.5 238.1 236.7 240.5 246.8 253.8 262.6 262.1 262.1 243.8 219.5 213.5 206.1 200.7 193.5 188.1 169 157 165.7 170.8 174.7 175 175.3 178 178 167.9 172.3 169.1 166.4 168.1 170.3 179.3 185.5 166.3 155.5 154.1 135.5 130 129.3 129.1 129.3 130 129.3 129.3 128.5 125.9 128.1 128.7 129 130.6 131.3 127.7 125.9 122.3 121.4 117.1 109.2 101.4 97.2 91 84.1 80.3 77.8 77.1 76.6 78.2 101.5 113.6 120.2 125.7 136.2 151.5 169.6 178.3 188.9 200.7 197.7 201 195.8
235.3 234.3 227.6 231.1 237.8 241.6 244.5 252.9 250.8 224.4 203 194.5 186.4 183 167.2 158.9 147.4 149.5 156.4 163.7 164.5 159.5 161.1 163.9 164.7 154.9 167.1 156.8 156.2 155.4 159.4 168.2 163.6 148.8 151.8 137 131.2 129.3 129.1 128.8 127 127.6 129.1 129 128.2 129.6 133.7 138.6 141.9 139.8 142 137.7 135.9 134.8 132 123.4 112.5 102 99.3 98.6 97.8 97.2 93.9 85.7 80.9 76.4 76.3 95.3 106.5 113.5 120.1 128.9 138.7 155.5 171.5 183.5 192 197.6 203.2
225.3 226 223.3 226 226.6 228.6 232.2 232.2 225.6 208.6 190.8 171.7 165.2 154.8 144.8 141 141.3 142.2 146.8 149.6 150.1 143.1 148.8 149.3 143.4 144.9 143.1 140.4 140.6 137.4 137.2 140.2 140.6 141.1 145.1 132.5 129.6 129.6 129.4 129 130.7 132.2 132 132.5 140.7 137.4 140.2 150.4 156.1 158 150.3 150.4 155.6 163 145.9 127.7 114.8 105.3 102.5 99.9 98.7 97.7 96.3 92.3 87.2 81.2 77.1 73.7 85.2 94.3 104 110.5 118.2 132.8 149.2 155.3 180.4 203.1 203
211.5 217.6 220.2 224.3 220.6 212.3 211.8 208.6 200.9 187 165.5 150.9 144.1 139.8 138.1 138.5 140 138.1 137.9 138.3 135.7 135.2 135.2 134.9 136.2 135 133.6 134.3 132.3 130.7 130.3 128.8 129.8 135.1 130.4 130.2 129.7 129.7 129.6 130.3 133 134.4 140.1 146.8 158.5 172.6 164.4 160.3 162 162.7 162.8 167.8 187 181.4 149.7 130.7 119 111.7 106.5 101.3 99.9 98 99.5 98.5 93.4 89.7 88.3 83.1 72.5 73.4 81.4 90.5 99.9 103.7 113.7 138.7 160.3 193.8 192.9
199 202.6 210.1 208.6 209.1 205.8 191.8 186.9 170.7 159.2 143.3 140.8 140.1 138.5 137.6 137.1 137 136.3 134.7 133.9 133.2 134 134.3 133.4 133 130.8 129.7 130.6 131 128.8 130.9 130.3 130.5 132.8 130.5 130 129.6 129.4 131.9 133.2 136.3 140.2 149.7 161.8 178.7 193 194.4 187.7 182.4 174.9 171.5 190 196.6 178.5 156.6 136.6 124.9 117.4 110.7 103 102.6 104.2 105.5 104.3 99.6 98.6 96.4 93.2 87.8 80.5 72.4 69.4 74.5 85.6 92.4 111.4 135.7 160.2 181.3
183.5 188.3 197.5 193.3 191.1 182.4 175.4 167.1 153.9 140.9 138.9 138.7 138.4 137.9 136.9 136 135.8 134.6 134.6 133.7 132.6 132.3 137.9 132.9 130.5 131 131.7 133.9 131.3 134.6 142.8 134.6 131.4 132.3 130.8 130.1 130.4 131.6 136.9 140 145.4 154 164.7 178.8 195.7 212.5 221.8 218.7 217.9 206.9 187.2 206.1 206.1 182.8 165.8 145.5 134.1 127.3 118.8 109.6 108.3 109.8 110.9 108.2 108.4 110.1 106.6 102.5 97.2 90.6 86.2 80.4 72.2 67.1 70.7 87.2 105.1 128.7 147
167.1 173 178.3 174.2 175 167.4 160.4 151.4 141.3 137 136.6 136.7 135.2 133.6 133.6 133.6 134.1 133.4 132.3 132.7 132.4 132.1 131.4 131.7 131.4 133.2 141.6 144.8 142.5 146.2 153 144.1 144.9 138.2 135.5 132.5 133.8 140.2 146.5 146.9 155.3 170.3 181.2 193 210.2 225.3 229.8 231.1 240.2 229.6 218.6 228.9 227.7 203.7 179 157 147 131.2 117.9 113.9 113.3 113.8 114.4 112 114.2 121.5 117.6 110.1 105.8 102.6 96.9 89 83.5 77.6 68.1 64.5 82 98.5 123.5
151.7 158.5 159.3 157.7 166 155.8 147.4 139 137.4 136.4 135.7 135.3 136.7 137.6 137 136.3 137.3 138.3 134.8 133.2 132.7 129.8 129.9 129.8 133.1 146.4 156.3 156.9 150.9 156 163.7 159.1 170.4 156.1 141.1 136.5 137.8 143.2 148.6 155.4 168.5 184 193.8 205.6 223.9 235.7 241.4 240.2 249.6 242.9 253.5 260.5 247.1 229.8 205.7 180.7 162.4 142.4 128.2 130.3 120 123.2 125.1 120.9 117 116.7 116.9 112.7 110.5 106.3 100.3 93.6 88.9 85.2 78.4 67.2 62.3 77.7 94.6
146.2 146.2 146.3 149.8 154.1 150.6 139.6 137.8 136.6 135 137.3 136.8 137 137.5 137.4 136.8 137.9 137.8 135 132.9 132.6 133.1 132.7 132.7 143 161.2 180.6 163 160.7 168.1 183.6 176.6 181.8 174.2 159.1 145.5 148.8 155.1 161.2 172.1 189.8 201.9 214.8 217.8 235.1 247.9 250.5 251.8 256.3 256.1 268.7 271.4 265.2 256.1 222.3 201.4 173.2 155.6 141.1 137.4 130.6 132.8 141.1 132.1 126.8 117.6 114.7 112 108.7 108.3 105.3 98.5 90.4 87.9 82.4 75.6 67.8 63.2 79.2
142.8 143.7 142.8 141.4 140.8 139.6 138.5 138.3 138.4 137.1 136.7 137 136.9 137.2 137.5 137.6 137.1 135.9 135.4 134.9 134 135.2 135.2 142.4 155.2 168.5 171.9 166.5 171.5 180.7 199.1 194 199.8 203.9 183.9 173.5 169.6 167.1 174.9 191.6 208.5 218.5 235.5 230 242.4 254.2 257.5 258.6 259.8 262.4 261.7 260.6 261.8 253.8 228.7 198.5 181 168 160.8 153.6 145.2 145.6 151 142.6 132.8 122.5 117.3 113.9 110.4 108.5 107.2 99.9 89.6 85.9 82 75.1 69.5 59.4 66.8
141.9 141.6 140.9 136.5 136.7 138.2 139.5 138.2 137.8 135.5 135.8 137.2 136.8 136.9 137.3 137.6 137.3 136.7 136.1 135.9 137.6 142.9 143.4 153.1 164.1 175.6 171.1 174.6 183.4 193.8 213.1 216.4 207.6 229.6 208.9 194.9 181.6 181 193.2 213.5 222.4 230.6 240.5 238.2 249.6 262.4 265 266.3 264.9 263.7 260.8 256.3 251.7 245.8 226.8 200.9 194.6 192.6 189.4 182.6 172.3 173.3 165.6 145.6 138.5 128.6 123.6 116.9 114.1 114.9 110 104.5 91.6 85.3 81.2 75.6 71.6 63 57.4
142.3 140.9 138.1 139.1 139 137.9 136.5 137.8 137.3 137.2 136 136.9 136.9 136.6 137.1 138 137.9 138.7 141.7 140.3 147.4 151.8 154.7 162 171.7 176 177.2 183.2 193.7 203.6 219 226.2 217.7 235.4 214.1 200.7 187.1 197.6 219.3 227.6 231.2 236.8 242.2 245.9 259.3 264.7 270.1 271.9 269.7 263.8 261.1 255 250.1 243.8 237.8 221.9 222.4 222.4 215.1 204.2 190 187.8 170.3 152.5 144.8 136.7 129.3 118.7 117.5 118.5 115.2 106.6 96.1 87.7 83.7 79.3 73.4 67.9 55.8
140.4 139.3 140.5 140.2 139.8 138.8 137 138.6 137.7 137.6 137.1 137.6 139 146.8 139.2 139.7 140.3 141.9 145.5 150 154.4 159 163.5 170.5 176.5 181.3 185.9 194.5 205.9 213 229.4 234.9 227.1 223.4 217.4 200.1 204 220.3 232.8 236.5 241.6 246.2 252 261.2 270.9 271.3 274.7 270.5 271.9 267.8 260.5 254.5 253 248.6 246.1 240 232.1 235.3 233 220 207 196.9 172.5 164.4 147.5 141.7 130.1 122.5 124.9 125.2 127.1 111.7 109.5 96.4 87.1 81.4 76.2 66.4 58.8
139.5 140.8 141.2 140.8 140.9 139.6 138.8 136.5 136.5 136 136.9 140.8 148.2 141.2 140.9 140.9 143.5 145.2 149.6 155.9 161 165.9 171.6 176.9 181.4 188.7 194.8 202.9 214.5 221.7 239.5 231.5 230.8 227.4 217.8 211.4 222.4 236.5 243.6 246.7 248.4 255.7 259.8 269.2 273 271.8 270.1 269.2 268.9 263.9 259.1 260.3 258.8 252.4 246.7 244.9 244.5 242.4 235.8 231.9 224.5 204.2 180 165.8 148.7 147.2 132.7 132 146.2 149.4 136.5 116.6 116.8 94.6 87 81.2 72.2 62.1 61.1
142.4 142.1 143 144.4 144.9 145.2 139.9 138.7 139.6 140.3 142.7 142.9 144.1 144.7 146 148.7 148.5 152.8 157.4 160.8 166.7 173.9 178.7 182.9 189.1 197.9 202.9 212.4 221.4 229.9 235.6 235.5 237.8 229.2 218 223 238.4 251.7 260.2 262.4 256.3 262 265.9 273.4 273.3 271.3 269.1 268.3 265.6 261.9 260.7 262.5 261.8 257.2 252.7 250.7 246.2 243 236.3 237 228.1 211.9 194.4 181.4 150.5 150.9 132.3 149.8 160.4 163.3 145.8 120.9 113 95.8 90.5 79.1 68.7 61.8 58.2
143.1 144.6 149.4 151.5 146 142.4 140.8 140.5 142.3 144.6 144.6 146 148.1 156.6 167.7 165.8 162.1 159.3 165.4 168.7 172.7 179.6 183.8 190.9 199.1 206.4 212.5 218.2 228.4 234.1 242 244.1 245.9 234.9 226 236.8 248.1 257.5 264.5 264.2 264.8 267.3 267.9 273.2 273.5 272.3 272.6 266.3 263.7 265 263.6 264.3 267.8 262.7 253.7 252.6 246.3 243.2 236.1 232.8 226.3 209.3 205.4 187 159 153.4 150.9 163.3 171.4 172.3 147 121.9 107.2 95.6 88.6 75.4 68.2 64 58.4
144.9 150 156.4 153.6 144.5 142.3 142.4 143.9 146.5 149.1 156.7 154.2 156.6 172.5 180.9 177.1 167.7 166.9 171.1 176.2 179.8 186.9 196.2 201.4 220.9 216.1 217.6 222.6 231.9 239.5 246.8 251.3 264.2 240.7 240 246.6 258.7 267 269.9 268.2 267.2 269.1 272.3 272.5 271.9 271.8 269.2 263.8 263.8 264.7 264.4 267.5 263.4 256.1 253.7 247.2 243.2 238.8 237.1 230.2 222.1 211.5 202.7 190.7 171.9 163.7 168.3 173.1 179.5 167.5 135.2 120.6 107.3 98.5 86 70.3 66 63.6 58.5
146.2 147.5 147.8 146.2 143.4 143.5 145.2 146.8 156.5 167.7 170.6 166.3 166.8 179.7 181 176.3 173.1 175.2 178.6 184.7 188.1 192.2 210.5 221.2 228.5 219.8 222.1 228.9 238.4 246 251.5 262.1 264.3 248.4 244.8 252.3 264.6 274.8 277.1 275 271.1 268.9 271.3 271.8 271.3 267.9 265.1 267.4 269.3 265.5 266.5 265.6 259.9 266.2 260.4 251 244.2 242.5 239.3 229.1 214.6 204.5 204.8 188.2 171.6 166.4 174.2 178.7 180.9 163.4 129.8 118.2 111.6 103.1 85.9 72.4 66 60.7 51.5
147.1 147.4 147 145.7 144.7 146.7 149.2 162.9 173.9 181.3 175.9 172 170.4 180.7 179.8 178.5 179.7 182 187.1 192.3 193.3 206.8 214.4 221.8 221.4 221.8 225.2 233.3 241.8 253.6 258.3 259.7 257.4 248.4 249.5 257.1 269 277.8 277.1 273.1 270.5 270 271.9 270.2 269.7 269 267 268.3 269.4 268.9 270.9 266.7 271.3 273.6 269.3 254.6 255.3 243.8 238.3 227.7 215.8 211.1 216.3 208.1 201 179.8 179.8 186.3 172 148.1 124.6 113.7 108.2 97 84.2 72.2 65 62.5 53.1
149.8 149.8 149.5 148.7 151.2 154.2 167.9 176.5 183.8 183.4 183.1 183.5 182 183.8 182.1 183.8 187.4 192.4 194.9 197.1 198.6 206.1 213.7 217.3 220.7 222.9 227.3 236.8 250.2 262 260.4 253.7 250.7 251.4 254.6 263.2 272.1 278.5 274.6 273.1 271 271 270.4 270 272.9 272.1 268.5 274.5 273 275.8 271.4 272.5 269 266.3 265 260.2 243.4 239.5 239 225.6 215.8 217.1 216.8 204.1 193.5 182.8 178 171.2 153 140.8 124.4 112.8 98.4 85.2 78.6 72.6 70.4 65.1 55.6
155.5 160.4 156.4 163.3 171.5 179.7 182.6 197.4 197.6 192.6 193.1 193.3 190.4 188.5 193.9 193.2 197.2 200.1 202.1 201.5 205.7 215 215.9 220 222.1 225.2 230.6 241.9 256.4 266.1 260.5 256.1 253.5 255.9 260.6 270.9 279.6 280.4 279.7 275.8 271.9 271.7 270.7 271.7 271.8 270.4 270.7 278.2 273.7 273.4 275.5 274.3 270.3 266.4 269 250.2 241.4 241.1 239.5 222.2 219.5 220.2 215.7 200.5 204 194.7 187 176.4 145 139.3 138.2 127.7 100.5 84.7 76.3 76.7 72 64 56.1
180.8 171 172.6 179.7 195.1 200.6 203.5 205.7 209 201.8 198.9 195.8 197.3 196.8 201.6 203.5 199.6 206.1 205.4 207.1 213.2 218.3 219.5 223.3 225.7 227 235.7 250.2 264.3 271.7 259.3 256.4 258.7 260.8 269.3 279.4 283 277.3 275.6 273.2 274.7 272.4 271.7 271 271.1 270.8 275.8 277.4 275.1 278.9 274.3 275.8 272.7 273.7 264.9 251.1 243.4 248.5 244.6 224.9 224.5 220.5 212.7 202.9 210.6 197.1 186.9 181.5 159.5 161.7 160.8 142.9 110.5 90.6 83.1 88.4 94.6 93.5 74.8
190.1 185.8 192.1 202.7 211.7 215.6 214.7 215.5 214 207.5 207.1 205.8 206.8 201.8 209.9 207.8 205.9 211.6 210.3 211.3 220.9 221 222.1 226.2 226.7 228.5 254.8 262.3 265.6 267.3 259.2 258.7 262.7 267.8 277.7 278.9 275.6 275.2 274.4 274.2 274.1 273.1 273.1 271.8 271.5 271.5 275.3 277.8 283.9 285.1 282.5 280 279.3 270.7 263.5 248.8 253.6 251.8 231.3 238.4 226.5 216.9 208.9 213.1 207.9 193.6 186.4 174.6 172.7 168.2 166.1 152.1 116.8 99.8 98.1 102.2 109 105.9 80.4
207.7 210.7 215.1 220.1 223.8 224.9 224.8 220.6 220.6 219.6 220.4 215.6 211.5 207.6 213 212.3 216.3 217.6 214.6 215.3 220.8 223.6 230.4 235.8 232.3 233.3 259.1 269 266.3 265.5 262.5 265.9 268.2 272.1 274.6 274.5 275.3 275.1 275 281.5 274.5 274.1 280 278 275.1 272.6 273 281.3 282.8 285.4 282.3 281 274 268 260.3 260.7 265 249.1 235.1 238.4 219.8 212.3 209.6 212.8 213.4 198 177.1 173.9 175.1 168 151.5 141.4 118.2 110.7 114.9 114.3 109.5 108.7 85.7
