WholeMapElevations/data/ss/ss71_OST50GRID_20230518/SS71.asc
ncols 200
nrows 200
xllcorner 270000
yllcorner 110000
cellsize 50
[rows 0 to 34 of 200, columns 78 to 155 of 200]
132.6 142.4 151.4 159.3 163.6 166.1 165.1 160.9 155 149 143.7 138.9 128.9 134 138.7 141.8 145 149.6 154.6 158.9 163.4 168.8 175.5 180.3 184.6 189.3 193.1 195.7 196.9 196.7 194 189.4 181.9 170.9 158.3 144.9 149.2 156.9 163.4 168 172.8 177.3 179.1 180.1 175 166 149 134.9 141.4 151.8 157.8 163.5 168.7 170.2 172.9 175.4 176.9 178.5 180 182.7 182.7 182.2 183.7 185.7 188.5 192.9 196.5 201.5 206.6 210.4 213.1 214.8 215.4 213.9 210.6 206.1 200.7 194.6
136 146.6 153 159 163.1 165.4 163.9 160.7 156.2 151.3 146.5 143.5 130.8 130.3 134.4 138.7 142.9 146.9 152.2 156.7 161.1 167.3 174 179.2 184.5 189.5 193.7 197.8 199.2 197.4 193.5 188.6 180.6 168.6 155.7 145 149.4 157.6 165.9 172.6 179.2 183.5 184.7 182.5 175.7 162.4 141.6 135.8 143 148.2 151 156 161.6 165.4 167.3 168.8 170 171.6 175.2 174.9 176.3 176.1 178.8 182.1 186 189.1 193.5 199.1 204.6 209.2 212 214 215.5 215.2 212.8 208.2 202.7 197.1
140.9 149.5 155 160.3 163.9 165.6 165.4 162.9 159.4 154.5 149.7 145.3 140.4 133.6 138.4 140.8 142.7 145.5 149.7 154.5 159.4 164 169 173.5 179.4 185.9 190.8 195.3 196.7 194.9 190.7 183.8 175 164.6 155.1 145.8 151.8 159.4 167.5 175.6 181.3 186.9 188.8 185.5 177 160.4 140.1 135.7 139.1 142.4 144.2 147.3 153.4 157.1 157.6 158.2 162.9 167.1 165.6 167.4 169.5 173.4 174.8 175.9 179.8 184.7 188.4 193.4 200.1 205.5 209.4 212.9 214.8 215.1 213.5 210.2 203.5 199.1
144.2 150.7 156.6 159.7 162.1 165.2 166.5 164.3 162.3 157.8 153.1 148.2 144 135.5 140.2 143.9 146.2 147.6 150 151.9 157.2 161.8 166.5 171.5 176.3 181.8 188 192.8 195 193.5 189.4 181.6 172.8 164.9 157.5 148.7 154.4 161.9 168.9 176.5 181 186 188.7 186.1 177.9 160.6 142.8 137.8 145.4 151.1 154.1 156.5 157.6 159.2 161 166.5 170.3 172.7 173.1 173.1 175.3 178.9 181.5 183.3 183.3 183.1 184.9 185.6 194.8 200.8 207.1 211.4 213.6 215.1 214.6 212.2 206.2 206.6
146.8 151.2 154.9 158 159.7 162.9 164.6 164.7 162.8 159.4 156.3 152 148.3 140.6 138.5 144.1 147.3 149.9 152.2 154.6 157.1 159.7 165.8 170.4 175.3 180.7 186.5 191.4 193.3 192 188.6 184.1 177.9 172.9 160.3 150.3 156.5 165 171 176.3 180.7 185.1 187.2 185.7 181.7 168.8 149.9 139 147.5 155.9 159.1 161.4 164.8 167.2 168.7 171.1 173.8 176.3 177.3 177.8 179.5 183.1 185.1 186.8 187.7 188.4 191.5 193.8 193.3 196.2 203.3 210.2 212.9 215.4 215 214 213.6 214.2
143.8 148.1 152 154.8 157.9 160.6 163.1 164.2 162.9 159.6 156.2 152.5 149.1 143.4 138.5 143.1 147.2 151 153.8 156.8 161 164.2 166.8 169.9 176.1 182.1 186.2 191.3 193.3 191.4 189.2 186 181.4 177.1 170.8 155.5 154.6 164.5 170.9 175.8 179.7 183.8 185.7 186.9 184.1 176.1 155 139.3 145.2 155.7 161.6 164.2 166.4 168.7 171.9 174.5 177.1 179.7 182.2 182.7 183.7 186.1 187.8 189.5 192 193.7 196.1 198.3 199.9 202.9 206.4 211.2 213.7 216.2 216.5 215.8 216.1 215.9
136.2 142.8 147.7 150.9 154.4 157.5 160.7 163.1 162.4 159.8 155.8 152.6 149.4 146 141.6 142.7 147.2 151.7 157.4 162.3 166.5 169.8 171.2 173.4 178.2 184.2 188.6 192.7 193.3 192.2 190.4 187.8 184.7 180.6 174.5 162.6 154.5 161 168.3 173.2 177 180.3 184.6 186.2 185.4 176.4 155.8 140.5 144.3 154 160.7 162.7 166.5 170 172.7 175.5 178.7 182.7 186 188.3 189.5 190.8 192.4 193.9 196.1 198.1 200.1 202.6 204.6 207.4 209.6 212.1 214.9 216.9 218.1 218.3 218 218.2
134.5 139.8 145.3 150 153.5 156.5 159.5 162.4 163.7 161.6 158.6 154.3 153.2 150.9 145.1 147 149.8 153.9 160.7 164.8 169.5 173.1 174.7 178.6 182.8 186.3 190.6 192.8 192.7 191.9 190.6 188.4 184.8 178.8 172.6 166.1 155.9 157.7 164.3 168.4 173.5 176.8 182 185 180.8 175.2 160.8 141.2 143.6 150.9 156.4 161.2 164.3 168.3 171.3 174.9 179.1 183.4 187.3 191.7 194.8 196.7 198 199.9 201.4 202.6 203.7 206.3 207.7 209.7 211.4 213.3 216.2 217.7 218.5 219.2 219.2 219.4
130.6 136.6 145.2 148.9 151 155.1 158.4 161.6 163.6 164.8 163.5 159.4 157.8 154.3 150.2 151.5 154.7 158.1 164.1 167.2 171.6 175.8 180.8 184.5 187.9 190.3 191.1 191 190.7 189.8 188.6 186.5 182.2 174.2 166.7 158.3 156.6 161.4 164.8 167.8 171.3 176.6 181.1 184.2 182.1 176.7 163.4 147.6 140.9 146 153.5 157.7 161.5 166.5 170.8 175 179 184 188.4 192.4 195.8 197.8 198.9 200.6 202 204.5 205.8 207.5 208.9 211 213 215 216.4 217.2 217.9 218.5 218.7 218.1
137.8 144.3 144.8 145.5 146.8 149 155.2 159.6 163.5 166.6 167.2 165.4 162.4 159.2 155.6 156.5 160 163.4 167.4 170.1 173.4 179.8 183.2 187.7 191.2 191.5 190.9 188.6 188 186.3 185.4 183.3 179.5 172.3 162.7 158.3 163.1 169.4 169.1 171.1 173.6 177.5 181.8 185.9 184.1 180.6 171.4 157.7 145.6 142.1 147 152.9 159.1 163.8 168.9 171.8 176.1 181 185.4 189.6 192.7 194.8 196.8 199 200.2 202.8 204.9 206.6 208.3 210.1 211.8 213.2 214 215.8 216.7 217.2 217 216.4
143.2 151.7 155.7 153.6 155.7 156.6 156.6 155.9 161.4 165.7 168.2 168.8 166.4 163.4 161.2 162 165.4 169.3 172 173.5 177 182.9 184.5 191.3 192.9 192.7 190.1 186.8 182.6 180.9 181.2 180 177.1 169.2 160.8 163.1 171.1 178.6 179.9 181.3 180.5 182.5 185.6 187.9 186.3 184.1 179.6 170.4 155.8 147.6 143.9 145.7 150.6 155.6 162.7 168 171.8 176.5 181 184.8 188.3 191.3 193.5 195.6 197.9 198.7 201.5 204.2 205.9 207.8 209.8 210.4 210.8 212.6 214.7 214.9 214.9 214.2
151.4 157.9 160.8 161.6 161.5 161.3 161.6 160.9 159.9 165.9 169.1 171.2 170.5 169.5 168.5 168.3 172.4 176 179.6 182.5 185.2 187.8 191.1 194.1 193.9 191.9 188.5 184.3 180.3 176 175.5 173.8 170.1 163.9 166.3 175.1 184.2 189 190.5 191.6 192.3 191.7 192.8 192.7 190.9 187.7 182.1 177.8 169.6 160.8 150.9 148.9 145.9 147.6 153.3 157.6 162.7 168.2 174.3 177.7 181 184.2 188.1 189.6 192.3 194.3 198.4 201.5 203.5 205.5 206.9 208 207.5 210.1 210.9 212.5 212.6 212.2
154.5 162.4 166.2 167.1 167.1 167 167.5 166.1 164 167.1 171.6 174 175.7 175.8 175.2 174.8 178 181.8 185.6 189.3 190.6 191.9 194.3 194.2 193.2 189.6 185.1 180.5 177.6 174.8 167.2 166.3 167.8 172.4 180.2 188.4 192.7 195.2 196.7 198.9 199 198.4 197.9 195.9 193.8 190.9 187.1 181.3 179.8 175.4 164.4 155.9 150.9 148.5 147.9 149.2 151.8 156.2 165.7 169.2 172.4 176.1 178 182.6 187.9 191.9 195.8 198.4 199.9 201.7 203 204.4 205.7 206.3 206.8 209 210.2 209.8
157 162.7 168 171.3 171.9 172.1 172.6 172.5 169.8 169.6 174.6 177.6 179.4 180.7 180.8 182.2 185.3 188.6 192 194.5 196 197.5 197.9 197.4 194.5 187.6 182.5 179 176.4 172.7 166.5 172.4 178.4 184.7 190 194.2 196.7 198.9 200.7 201.8 202 201.3 200.2 198.2 196 193.9 190.4 187.9 187.1 183.7 176.5 173.6 164.6 157.4 151.3 154.7 156.1 154.4 154.1 161.1 164.6 168.9 174 178.7 184.5 188.7 192 194.6 196 197.5 198.6 199.7 199.6 201.2 203.6 206 207.3 206.9
155.4 160.8 164.7 168.8 170.8 172.8 175.8 176.3 175.7 172.2 177.3 180.8 183.8 185.1 186.4 188.6 191.5 194.5 197.9 199.7 201 202.6 202 199.7 195.9 189 183.3 179.8 176.9 173.7 167.9 174.3 181.3 188.6 193.9 197.8 199.7 201 202.4 203.3 202.8 202.8 201.4 200.5 198.3 196.2 193.9 191.9 189.7 187.8 182 179.4 177 170 156.6 160.4 168.6 166 161.6 156.3 157.7 162.3 170 177.1 181.2 183.3 185.6 188.9 191.3 192.6 193.2 193.8 194 195.7 199.9 202.7 203.6 203.9
150.7 155.6 159.6 162.3 164.4 167.2 170.9 174.9 177.8 177.2 180 184.9 188.2 191.3 193 195.4 198.5 201.4 203.7 205 206.3 206.5 205.4 202.2 197.3 192.1 186.7 182.7 180.1 174.6 170.2 173.5 180.5 187.1 193.3 197.8 200.5 201.9 202.5 203.1 201.8 201.6 199.4 199.1 198.3 195.8 192.7 191.9 190.6 188.6 185.6 179.8 178.6 168.3 158.1 166.8 174.2 175.9 172.9 167.3 163 159.4 161.1 168 173.4 176 177.5 180.7 184.1 186.4 186.6 188.7 190.7 193.3 198.3 198.9 198.8 199.7
147.3 150.8 155.2 157.9 160.5 162.4 165.7 171.4 177.2 179.3 180.8 183.9 189.2 193.8 196.9 200.6 204.2 206.9 208.8 209.6 209.6 208.1 205.2 200.9 195.9 192.1 188.1 182.5 178.7 175.1 177.2 176 179.4 184.3 191.6 196 199.5 200.9 200.1 199.5 198.9 198.2 197.5 196.4 194.6 192.3 190 187.7 186.2 184.4 181.4 176.1 166.7 161.3 166.6 177.4 183 182.2 178.8 176.9 173.3 169.7 166.1 166.2 163.6 166 166.4 168.7 174.6 178.5 182.4 187.3 189.9 191.4 194.7 194.8 194.6 191.9
154.1 154.6 153.6 154.6 156.9 160.8 163.8 169.8 175.6 181 182.2 184.3 187.3 192.6 196.7 200.6 205.1 208.1 209.9 210.7 209.3 206.3 202.8 198.9 194.3 189.8 184.9 183.2 183.4 179.9 180.7 180.8 181.1 184 190.4 195.7 198.3 199.9 199.2 198 196.6 195 194.1 192.7 190.8 187 183.9 179.5 177.8 172.9 168.2 166.3 165.7 167.6 178.1 184.5 188.1 188.3 186.1 184.6 182.7 178.5 175.5 175.3 176.4 176.9 176.7 174.9 171.1 170.8 176.4 181.1 184.8 185.9 184.9 185.6 184.9 185.2
158.7 159.7 159.9 161.4 162.7 164.6 167.1 171.3 178.9 184.3 185.8 186.8 189.1 192.2 195.5 199.5 203.1 206.8 208.5 207.7 206.3 203.5 199.9 196.3 192.6 187.5 188.3 188.6 187.3 183.2 184.6 184.5 183.8 185.7 189.6 195 198.4 200 199.5 198.3 197.1 195.4 194.2 190.8 189.2 187.5 186 182.3 182.5 180.3 176.1 179.7 180.4 169.2 183.2 189.1 191.9 193.6 194.4 194 192.5 191.2 187.5 184.6 182.6 182 182.1 181.5 174.5 180.2 179.1 177.4 177.7 182.4 183.8 186.2 189.7 189.2
164 167.6 168.9 168.4 169.3 171.3 174.4 181.2 186.6 189.8 190.6 192 193.8 195.1 198.2 201.5 204.5 206.1 206.9 206.1 203.9 200.5 197.4 194.4 192.4 192.1 191.9 191.2 190 188.1 188.5 188.1 187.1 189.1 193.2 197.1 200 201.5 201.5 200.6 199.1 197.3 195.1 194 193.3 192.3 191.7 188.3 187.7 187.6 185.8 185.5 185.9 178.5 179.5 190 195.3 197.4 198.3 197.7 197.2 197.6 197.4 196.6 193.5 190.8 189.4 187 178.9 184.4 188.2 187.6 186.9 186.3 190.5 195.1 198 199
177.6 180.1 179.6 179.5 180.6 180.5 184.5 189.1 192 193 194.7 195.8 197.2 198.9 200.8 202.5 203.8 204.6 205.4 205.2 203.4 199.9 197.6 197 196.4 194.5 193.8 193.1 192.5 191.8 191.7 191.4 190.9 192 196.4 200.6 203.9 205.7 206.5 206.2 204.6 203.1 200.5 199.9 199.6 198.7 197.1 195.5 195.1 195.2 193.8 192.5 191.1 186.5 178.7 189.8 197.4 200.6 201.6 201.6 201.6 202.6 202.4 201.9 201.2 199.9 198 194.2 183 187.9 192.7 193.2 193 192 194.5 199.9 201.9 202.3
190 192.3 189.4 187.7 188.4 186.8 187.3 192.1 193.2 194.1 195.8 196.9 197.6 199 199.9 201.4 202.9 203.4 203.9 204.7 203.8 202.6 201.1 200.3 198.6 197.8 197.6 197.4 196.9 196.3 195.7 195.6 194.7 195.6 200.8 204.9 208.5 210.7 212.2 212.2 211.7 209.8 208.4 207.6 207 205.8 204.4 203.1 202.1 202.6 201.8 200.4 198.2 192 180.7 188.4 197.1 202 204.1 205.5 206 207.2 207.5 207.1 206.4 204.4 202.2 199.1 186.3 189.8 196.4 198.5 199 198 199.2 204.2 205.8 206.8
196.8 196.4 195.7 194.3 193.1 191.4 189.4 192.1 193.2 194.1 195.1 195.3 195.2 197 198.8 200.6 201.8 202.7 203.2 204.3 204.9 204.3 203.9 202.7 201.6 201.4 201.3 201.1 200.7 200.4 200.1 200.2 199.4 198.9 202.9 206.4 209.3 212 213.9 215.2 215.1 213.8 212.4 211.6 211.2 210.4 209.1 207.9 207.4 207.2 206.6 205.2 203 198.1 184.3 185.6 190.8 196.6 201.1 205.2 208.3 210.3 211.6 211.2 210 207.9 205.5 202.7 194.2 191.2 198 201 202 202.8 202.6 207.1 209 210.1
201 199.8 197.7 196.5 194.9 193.7 191.6 192.9 192.4 193.3 193.9 193.7 193.4 194.6 196.4 198.2 200 201.8 203.5 204.8 205.8 205.9 205.7 204.8 204.7 204.5 204.4 204.4 203.8 203 203.2 203.3 203 202.6 204.1 206.7 209 211.7 213.8 216.1 216.4 216.8 215.3 214.5 214.2 214.3 213.8 212.6 211.9 211 209.9 208.1 204.3 198.2 186.8 194.9 196.5 197.9 200 203.7 207.5 211.2 213.3 213.8 212.3 210.3 208.5 205.3 196.2 194.9 201.9 203.7 204.6 205.3 207.3 209.5 211.4 212.6
202.6 201.1 199.5 197.9 196.4 194.9 193.5 192.2 191.7 192.4 192.2 192 191.8 192.1 193.9 195.7 197.6 199.3 201 202.8 204.8 205.6 206.4 206.5 206.5 206.4 206.6 206.8 207 206.2 205.9 206.1 205.3 204.9 204.5 205.8 207 209.9 211.7 213.2 214.5 214.9 214.9 215.1 215.4 215.8 215.6 215.2 214.7 213.8 212.8 209.5 205 197 192.1 200.2 203 204.8 206.5 207.8 209.1 211 212.6 213 211.6 208.5 206.8 203.3 196.9 194.4 200.5 204.3 207.2 208.4 210.1 212 213.3 214.7
203.2 201.5 200 198.4 196.5 194.6 193 190.9 190.9 189.8 190.2 190.3 190.1 189.8 191.5 193.3 195.1 196.9 198.6 200.8 202.8 204.4 206.3 207.3 208.7 208.9 209.2 209.3 209.5 209.8 209.3 208.9 207.6 206.1 205.3 205.5 205.4 205.8 208.1 209.6 210.9 212 212.6 213 213.5 215 215.4 215.6 215.9 215.1 213.3 210.3 206.2 201 195.3 202.6 206.8 208.8 210.1 211.5 212.4 213.3 213.7 212.3 211 207.9 204.7 203 200 197.7 199.9 200.7 204.1 208 211.9 214.1 215.9 217.2
201.3 199.7 197.7 195.4 193.5 192 190.6 189.4 188.3 187.1 187.4 188 188.4 188.2 189 190.9 192.6 194.4 196.8 198.9 201.9 204.3 206.2 207.9 210 211.2 211.8 211.3 210.9 210.4 210.6 209.8 207.8 206 204.2 204.2 204.1 204 204.6 205.8 207.1 208.7 209.1 209.5 210.8 212.1 213.8 214 214.3 214.8 212.9 211 208.7 206 202.4 207.3 210.4 212.5 213.8 214.8 215.5 216.3 216.4 215.2 212.8 211.5 210.5 207.3 205.7 202.7 205.1 205.5 208.4 211 213.9 215.9 218.1 219.8
198.1 196.7 195.1 192.8 190.7 189.3 188 186.8 185.6 184.4 184.7 185.1 185.8 186.4 186.6 188.4 190.4 193 195.6 198.9 202.1 204.2 206.2 208.4 210.4 212.1 212.8 212.8 211.6 210.6 210.7 210 207.8 205.4 202.7 202.4 202.2 202.2 202.9 203.5 204.2 204.5 205.2 206.4 207.7 209.2 211 212.5 212.7 213.4 212.9 212.5 211.8 208.4 207.9 211.2 213.4 215.7 216.3 217.1 217.8 218.5 218.4 218.3 218 216.7 215.9 214.2 212.3 210 211.7 211.3 212.7 216.4 218 218.7 219.9 222
194.7 193 191.6 190.1 187.9 186.6 185.3 184.8 182.9 181.7 182.1 182.4 183.4 184.1 184.8 187.2 190.4 193.2 196 199.1 201.9 204 206.1 208.3 210.4 212.2 213.1 213.3 212.4 211.1 210.7 208.7 205.6 202.6 200.2 199.5 199.5 200.2 200.9 201.8 201.6 202.2 203.6 204.2 204.8 206.5 208.2 209.9 211.1 211.9 213 213.2 213 212.7 213.9 215.2 217 216.9 217.8 218.7 219.5 219.9 219.8 219.9 219.8 219.9 219.3 218.9 217.7 216.4 216 215.6 216.1 218.8 221.3 221.9 221.8 223.4
191 189.4 188 186.6 185.2 183.9 182.6 182.2 180.7 179 180 181.1 182.2 183.6 186.4 190.1 192.6 194.5 197 199.5 201.8 203.8 205.9 208.1 210.3 211.5 211.9 212.2 211.1 209.9 207.5 204.9 202.2 199.7 197.7 196.9 197.6 198.2 198.7 199 198.4 198.7 200 201 201.7 203.5 205.8 207.4 209.5 211.2 212.5 213 213.7 214.5 215.8 217.5 218 218.3 219.2 220.2 221.1 221.3 221.4 221.5 221.4 221.6 221 221.1 221.1 219.4 218.9 218.5 219.5 222.1 223.7 224.3 224.3 224.2
187.9 186.1 185.3 184.2 182.4 181.2 180.5 180 177.4 175.7 176.7 180 184.2 185.9 189.3 192.2 193.9 195.9 198.4 200.6 202 203.7 205.8 208 209.8 210.7 211.1 210.5 208.7 207.2 205.4 201.1 198.2 196.7 195 192.6 192.2 193.7 194.8 195.2 195.7 196.1 196.1 197.6 198.7 200.4 202.8 205.7 208.1 210.1 211.7 212.7 214.3 215.1 216 217.6 219.1 219.8 220.7 221.6 221.9 222.3 222.9 223.1 223.2 223.3 223.3 223.3 223.1 222.9 221.7 221.4 223 224.8 225.5 225.3 224.5 224.1
185.5 183.2 182.9 181.9 180 178.9 178.7 177.5 175.2 172.3 176.6 181 185.4 188.1 191 193 195.2 197.2 199.4 201.6 203.3 203.9 205.6 207.5 209 209.9 209.9 208.7 206.9 205.1 203.3 198.8 194.9 194 192 190.2 188.2 190.3 191.9 192.1 192.9 193.3 193.3 194.9 197.2 199.1 202.4 205 207.1 209.4 210.1 211.1 212.8 214.6 216.5 217.7 219 220.3 221.4 221.6 221.7 222.3 222.8 223.5 223.8 224 224.4 224.5 224.5 224.8 224.8 224.9 225.9 226.4 226 225.4 224.7 223
186.1 184.6 182.2 180.1 179 177.2 176.7 175.4 173.1 173.1 177.3 181.9 186.4 189.7 191.2 193.4 195.6 198.2 200.4 202.5 204.3 205.5 205.5 206.9 208.4 208.7 208.7 206.9 205.1 203.2 201.4 196.9 194.6 191.1 188 186.2 184.8 188.6 188.7 189.4 188.9 189.8 191.9 194.2 196.4 198.4 201.9 204.4 206.6 207.8 208.5 209.6 211 212.8 214.7 215.8 217.1 218.1 219.3 220.7 221.1 221.4 221.9 222.4 222.6 222.9 223.9 224.5 224.9 225.4 226 227.1 227.5 227.2 226.4 225.6 224.7 222.3
190.1 188 184.6 182.3 180.3 178.9 177.6 175.4 171.5 173.4 177.9 181.8 185.8 189.6 190.9 192.7 195.8 198.5 201.1 203.3 205.2 206.2 206.5 206.7 207.1 207.5 206.8 204.9 203 201.3 199.4 195.9 193.2 190.6 187.7 184.3 184.2 185.6 186.4 186.7 186.2 187.9 190.9 193.2 195.4 197.6 201.4 203.1 204.7 206 206.9 208 209.3 211.1 212.1 213 214.4 215.7 217.8 218.2 218.6 219.3 219.9 220.3 220.7 220.9 222.1 223.4 224.4 225.3 226 227 228.8 226.8 226 224.2 222.2 218.8
196.7 192.1 187.3 185 183.1 181.6 180.2 177.1 172.7 170.6 176.4 179.9 183.2 186 189.8 193 196.3 198.9 201.5 204.1 205.8 206.3 206.6 206.8 207.2 206.6 204.1 202.9 201.1 199.1 197.1 194.7 191.7 189.1 186.8 185 182.9 181.8 181.7 182.4 184.2 187.3 188.9 191.1 194.1 196.9 199.3 201.1 202.8 204.1 205.3 206.5 207.7 208.8 209.1 210.3 211.6 214 215.3 215.5 215.6 216.1 216.8 217.5 218.3 219.5 221 221.8 222.7 224.1 225.2 225.7 226 224.9 223.8 221 218.8 215.1
