UK/data/nj/nj21_OST50GRID_20230518/NJ21.asc
ncols 200
nrows 200
xllcorner 320000
yllcorner 810000
cellsize 50
[rows 0 to 34 of 200, columns 0 to 77 of 200]
411.4 412.7 413.2 417.6 421.1 423.9 428.2 433.8 438.3 444.3 449 459.1 472.4 481.9 490.8 498.8 504.4 507.1 509.1 508.6 507.8 506.6 503.8 501 498.3 495 491.7 486.8 481.5 473 468 459.8 451.9 462.3 473 480.6 485.4 489.8 490.6 488.7 483.3 470.9 450.9 431.8 423.5 416.1 410.7 412 413 411.7 407.7 403.4 399.7 392.3 392.7 397.6 404 406.6 411.2 417 418.6 419.9 420.9 421.4 422 421.9 421.2 417.3 414.3 410.1 404.3 399.2 395.2 391 386.4 383.9 382.1 379
411 412.6 415.2 418.7 421.7 424.7 429 434.6 441.2 447.6 449.6 461.7 474.6 484.1 493.3 501.3 506.5 509.6 510.8 511.1 510.5 509.4 506.6 504.2 501.9 498.7 495.4 491.2 486 478.7 470.7 462.4 457.8 469 477.9 483.6 488.6 493.2 494 492.3 487 476.1 456.5 435.3 427.1 420.2 416.5 418.2 419.2 418.5 415 410.1 405.4 401.3 399.1 396.7 400 405.5 409.7 414 417.4 419.1 420.8 421.5 422.8 423.6 423.7 421.8 419.1 415.3 410.3 404.3 400.5 396 390.7 386.8 384.2 383.9
411.4 414.3 417.3 419.8 422.7 425.7 430.5 436.5 443.2 449.2 451.1 464 476.7 486.3 495.6 503.5 508.8 511.7 513.4 513.7 513.1 512.2 509.6 507.4 505.3 502.3 499.1 495.2 490.5 482.8 475.9 466.3 465.2 475.3 481.1 485.6 490.9 497 497.4 496.4 491.7 482.3 463.4 441.5 432.2 425.8 421.6 423.7 425.3 424.8 421.6 416.2 410.7 406.6 403.6 401.9 399.9 404.4 408.6 412.6 415.9 419 421.3 422.8 424.3 425.1 425.3 426 423.3 420.1 415 409.3 403.9 401 395.2 390.9 387 386.1
413.2 416.1 419 421 422.4 427.3 433.9 439.4 445.2 449.2 451.6 466.8 478.5 488.7 498.5 506.7 510.9 514.3 516 516.2 515.7 515 512.8 510.7 508.6 505.9 502.7 499 494.2 488.4 480.9 472.5 469.9 480.4 485.4 489.9 496.6 501 502.1 501.8 496.9 488 471.2 450 437.3 431.9 428.2 429.6 430.8 431 427.6 422.8 416.5 412.3 408 405.1 402.6 405.2 408.4 412.3 416.5 419.9 422.7 424.4 425.9 426.6 427.4 429.2 427.4 424.8 419.6 414.5 409.8 405.6 399.8 394.8 390.8 388.9
414.8 417.8 421.1 422.2 422.6 426.5 435.7 442.3 447.2 450.3 452.8 468.9 480.3 490.6 500.4 508.4 513.2 516.9 518.9 519.3 518.7 518.2 516.4 514.1 511.8 509.4 505.7 503 499.6 495.6 487.6 483.4 479.4 485.3 491.1 496.8 501.8 505.5 508.4 507.6 504.1 496 479.6 461.1 444.5 438.8 435.6 435.7 436.1 436.2 433.4 428.4 422.3 417.1 411.7 408.1 407 408.5 410.7 414.6 417.6 421.1 424.1 426.1 427.4 428.7 430.7 430.5 431.1 429 425.3 420.5 415.7 411.5 405.4 398.8 396.1 392.4
415.4 418.4 421 421.7 423.1 427.4 437.4 444.4 447.4 449.5 455.5 471.2 482.2 492.5 502.1 510.1 515.7 519.7 521.9 522.4 521.8 521.3 519.9 517.9 515.5 512.9 509.5 507.9 505.2 500.7 497.1 492.8 489.4 495.3 498.1 502.6 505.5 509.5 513.9 513.1 510.2 503.3 489.5 473.1 455.7 446.3 443 441.7 443.2 443.1 440.7 434.5 427.5 421.4 416.3 411.6 410.1 411.5 414.7 418.3 420.2 422.9 425.2 428.3 429.7 431.5 434.4 435.5 435.5 432.9 429.4 425.6 421.4 415.6 409.8 403.6 400.8 397.7
415.2 416.6 418.9 419.3 422.3 429.8 439.9 445.6 446.8 449.8 454.3 473.4 484.4 494.7 503.8 512.4 518.2 522.3 524.7 525.7 525.2 524.7 523.5 521.4 519.1 516.5 513.6 512.8 509.9 507.1 504.8 502 502.3 502.2 505 507.9 510.5 514.5 519.2 518.6 516.5 509.2 496.7 482.4 467.2 457.1 452.1 449.9 451.1 451.2 449 443.9 434.6 426 420.7 415.8 413 415.1 418.4 422 423.9 424.8 427.8 430 432.9 436.1 439 439.1 439.4 436.6 433.2 429.3 423.6 417.9 412.2 407.3 403.4 400.2
413.2 414.2 415.5 420.4 425.1 432.7 440.8 444.5 447.4 453 463.5 475.6 486.8 496.7 505.5 514 520.5 524.1 527.3 529.1 528.8 528.3 527 524.9 522.4 520 518.5 516.7 514.2 512 510.6 509.1 508.7 509.4 510.6 513.1 515.5 520.9 524.9 524.6 522.5 516.2 505.2 490.6 478.5 466.9 460.6 457.9 459 460.5 458.6 453.8 443.9 431.1 424.4 420.7 419.4 420.1 422.8 426.1 427.9 428.9 430.6 433.4 437.2 440.5 443.1 443.5 443.3 440.4 437.1 433.3 426.3 420.7 415.4 410.5 406.6 403
411.1 413.7 416.1 421.1 428.8 435.2 440.7 442 447.6 453.5 466.8 478.3 489.3 498.7 507.4 515.2 521.3 525.4 529.4 531.5 532.2 531.9 530.6 528.3 526 523.8 522.2 522.2 520.4 518.4 516.5 514.9 513.9 513.9 515.2 517.5 521.6 527.6 531.3 530.7 528.3 522.3 512.8 502.2 488.8 475 469.6 465.7 467 468.5 467.4 463.3 454.9 440.4 430.7 425.1 424.1 426.3 428.3 430.6 432.4 433.6 434.3 438.3 442.4 446.4 448 448.2 447 444.3 441.1 437.2 430.5 423.5 418.4 413.7 410.4 407
410.3 412.5 416.4 420.6 428.9 434.7 435 442.2 448.1 454.2 468.7 479.5 490.2 499.4 508.5 515.6 521.9 527.5 531.2 533.9 535.1 534.6 533.7 532.1 530 527.8 525.9 526.5 525.4 523.6 521.8 521.3 520.5 519.2 521.1 522.3 527.6 534.7 537.3 536.4 534.5 529.2 520.8 511.4 499.3 485 477.6 474.6 476.4 476.1 474.4 471.4 464.9 453.7 441.9 431.9 430.5 433.2 434.5 435.3 437.5 438.4 438.1 441.8 446.8 451.9 454 453.8 452.6 450.9 447.7 441.5 434.7 427.5 422.1 418.1 414.6 411.8
409.2 413.5 418.2 423 428.6 430.6 437.1 443 448.1 457.5 470.3 480.6 490.9 499.8 508.6 516.1 522.4 528.7 532.8 535.5 537.3 536.5 535.9 535.3 533.3 531.5 531.9 530.7 529.5 528.6 527.7 526.6 525.7 525.9 529 531 535.8 539.8 542.1 541.4 540.1 535.6 527.1 518.6 507.9 498.2 489.5 485.6 483.8 482.2 480.1 476.4 470.6 462.1 453 441.5 436 440.6 440.9 441.7 443.1 443.3 444.2 446.3 450.4 455.5 459.3 460.3 460.6 458 453.5 447.7 441.7 434.6 427.9 423.6 419.8 417.3
410 414.5 419 423.4 428.7 433.2 438.1 443.2 448.2 458.4 469.9 481 490.7 499.5 508.2 516.1 523.2 529.4 533.8 537.1 539.3 538.7 538.1 537.6 537.2 535.8 536.6 534.9 534.1 533 533.1 532.3 532.4 533.5 535.7 538.5 540.2 544.8 547.6 546.4 545.1 540.9 534.8 526.7 517.5 509.5 499.5 494.4 492.3 488.8 485.2 480.2 474.8 468.6 459.5 448.2 444.9 447.5 447.4 448.4 449.3 450.2 450.6 450.3 454.2 460.8 467.2 470.4 471 469.3 465.2 460.8 453.1 446.3 440.7 434.3 430.1 425.7
410.2 414.9 419 423.8 428.6 433.4 438.2 443 448.1 458.9 470 480.6 490 499.1 507.8 515.9 523.1 529.6 534.6 538.2 540.6 541 540.5 540.2 540.7 541.5 541.1 540.3 538.5 538.6 538.4 538.5 538.6 539.4 541.2 543.8 544.7 548.9 552.4 551.1 548.8 545.2 540.2 534 526.4 518.8 511 503.8 500 494.3 489.5 484.6 479.1 473.5 465.3 453.2 454.5 457.1 456.9 456.2 457.1 458.1 458.4 456.7 459.1 466.5 474.3 479 481.6 480.6 478.4 475.1 469.8 462.2 453.3 446.5 441.1 438
410.3 413.1 418.2 423.2 427.9 432.9 437.9 443 447.9 458.3 469.2 480.1 489.4 498.7 507.2 515.4 522.4 529.4 534.2 538.6 541.4 543.4 542.9 543.1 543.7 544.9 545.2 543.8 543.2 544.3 543.9 544.1 544.8 544.4 546.2 547.1 549.9 554 555.9 554.8 552.5 549.6 544.5 538.4 532.1 526.1 518.4 512.3 507 500.5 493.9 488.7 483.4 477 469.6 459.1 469.9 470.3 469.3 466.4 465.6 465.9 466.1 466.2 466.8 471.7 479.7 486.6 490 489.8 489.6 486 481.3 473.1 464.2 456.4 451.3 446.3
414.5 415.4 416.3 421.6 426.3 432.6 437.7 442.8 447.5 457.2 467.8 478.7 488.7 497.9 506.3 514.6 522.3 528.6 533.5 537.9 541.9 544.5 545.7 546.5 547.2 548.2 548.9 548.2 548.5 548.9 549 549.7 550.2 549.6 550.6 551.8 553.9 556.5 558.6 557.6 555.8 551.7 547.3 542.8 537.2 531.5 525.4 520.4 513.8 507.3 500.7 494 488.9 481.2 473.8 473.9 483.1 485.1 484.7 482.4 477.5 476.2 476.2 476.4 476.8 479.1 485.1 491.7 495.5 499 499.9 498.1 492 482.9 472.7 462.8 457.6 452.8
418.7 419.9 421.2 423.6 424.4 430.9 437.6 442.8 447.3 456.6 466.2 477.4 488 497 505.4 513.6 521.8 527.7 533.2 537.6 541.8 545.6 548.1 549.2 550.2 552 552.3 552.5 553.3 553.8 553.2 554.5 555.1 555.7 556.3 556.2 558.4 559.9 560.6 560.1 558.8 554.7 551 546 540.9 536.3 531.9 526.8 520.3 513.3 506.7 501.1 493.1 487.4 480.2 481.7 491.9 498.4 501.3 501.1 496.1 490.1 487.6 487.4 487.3 487 493 495.7 502 508.1 511 509.2 502.6 493.7 481.3 469.7 462.3 457.4
420.1 422.7 425.6 429.3 430.8 428.6 436.5 442.5 447 456 465.4 476.7 487.5 496.3 504.5 512.5 520 526.1 532.2 537.4 541.9 545.8 549 551.5 554.2 555.2 555.8 556.6 557.2 557.9 558.6 559.3 559.8 560.3 561.7 562.1 563.5 564.3 564 563.3 561.7 557.7 554.8 549.4 544 539.2 536.5 532.5 526.3 519 513 507.5 501.8 494.7 490.3 491.2 499.3 505.7 512.7 516.6 515.2 509.2 502.3 499.5 499.8 498.8 499.6 502.5 506.5 515 519.9 518.4 510.4 501.9 491 477.6 466.6 460.9
421.8 425.2 428.9 432.6 435.5 434.5 437 442.7 446.2 453.4 464.3 475.3 487.7 496.3 504.5 512.3 519.4 525.5 531.4 537.4 542.2 546.5 550 552.8 556.4 557.9 558.5 559.3 560.6 561.3 562 562.2 563.9 564.6 565.8 567 567.6 568.2 568.2 567.5 564.7 562.7 558.1 552.9 548.1 543.4 541.1 537.8 532.5 526 518.5 513.3 508.2 502.6 498.6 495.7 506.1 512.6 520.3 526.8 530 527.7 522.5 516.4 511.4 509.9 508.2 508.9 513.1 519.5 526.8 525.9 518.3 508.2 497.6 485.7 472.6 462.8
423.1 426.8 430.7 434.6 438.2 440.3 437.2 441.9 445.9 452.1 463.5 475.5 487.9 496.4 504.2 511.6 518.7 524.7 530.6 536.6 542.5 546.8 550.7 554.9 557.3 559.6 561.1 562.3 563.7 564.6 564.9 566.6 568.2 568.2 571 571.1 572.1 572.4 572.2 571.5 569.5 566.7 562.1 557.3 553 548.4 545.4 542.1 538.2 532.1 523 517.7 512.6 509.7 506.5 508.2 513.3 518.5 526.6 536.2 541.6 541.6 538.1 530.9 524.4 519.7 516.8 516.7 518.9 523.5 529.7 528.8 521.4 512.3 501.2 489.3 477 465
425.1 428.4 432.3 436.3 439.6 442.1 441.2 441.7 445.7 452.8 467.1 479.7 489.1 497.9 504.8 512.2 518.8 524.7 530.5 536.3 542.1 547.7 552.1 555.8 558 560 563 565.1 566.4 567.9 568.7 569.7 571.3 572.1 574.6 575.6 576.1 576.3 576.1 574.9 572.9 570 565.9 561.4 556 551.6 548.7 545.7 543.6 538.2 530 523.5 518.9 516.1 514.7 515.8 521.6 526.5 533.3 544.2 551.1 552.7 550.3 543.3 534.4 528.8 524.7 523.6 523.5 527.2 529.4 528.1 520.8 512.3 503 491.6 479 466.1
426.3 430.9 434.4 438.1 440.5 444.1 446.6 448.5 452.4 457.1 470.8 482.6 491.6 499.9 506.6 513.3 519.3 525.2 531.1 537 543.2 547.7 553 556.7 559.6 562.2 564.6 566.1 568.5 570.1 572.1 573 575.3 576.6 576.7 578.8 579.3 579.6 579.4 578.1 576 573.2 569.1 564.2 559.3 554.3 553.1 550.9 548.5 544.2 538.5 531.5 526 524 521.6 524 528.8 534.6 540.9 551.7 557.8 560.1 558.2 550.4 542.8 536.1 531.6 530.3 529.4 529.4 529.8 526.5 519.1 511.3 500.2 490.4 476.9 467.3
427.9 431.5 434.5 440.2 445.1 448.5 450.2 452.7 456.9 465.3 477.8 485.4 494.2 501.8 508.2 514.2 519.8 525.7 531.6 537.3 542.8 547.8 551.2 556.4 559.8 562.6 565.4 567.8 570 571.4 574 575.6 576.4 577.9 580.2 581.4 582 582.1 581.8 581.1 579 576.1 572 567.3 562.6 557.9 555.8 553.6 551.2 548.7 543.8 537.2 532.7 529.5 528 531.9 537.1 542.8 550.1 557.9 563.1 566.2 563.6 556.8 549.7 543.2 538 535 532.3 530.8 528.3 524.4 518.5 509 496.9 486.7 476.7 468.5
429.3 434.4 439.6 444.5 448.6 451.2 454.8 458.2 461 472.1 481.4 488.5 496.8 503.2 509.3 515 520.6 526.2 531.9 537.7 543.1 547.3 550.2 554.9 559.5 562.9 565.5 568.4 570.9 572.7 575.6 577.4 579 580.3 582.1 583 583.6 584 584.2 582.8 581.4 578.3 574.4 570 565.6 561.1 558 555.8 552.9 550 547.9 542.1 536.8 534.8 535.5 537.2 542.9 549.5 556.4 562.7 568.1 570.7 567.9 563.3 555.5 549 543.9 538.7 534.5 531.7 528.4 523.1 516.8 507.6 496.6 487.2 477.9 470.4
430.7 437.4 442.1 445.7 449 453.6 460.7 465.4 470.5 478.1 484.6 491.7 498.2 504.9 511 517 522.1 527.5 532.6 538 542.7 546.6 549.3 553.7 558.8 562 565.3 568.5 571.6 574 576.9 579 580.6 582.2 583.4 584.6 585.4 585.7 585.3 584.4 583 579.6 575.2 570.6 566.7 563.2 559.6 556.9 554.6 553 550.6 547 544.3 541.2 540.8 542.7 547.3 554 560.7 566.6 571.6 574.7 574 569.2 560.9 554.3 548.4 542.2 536.3 531.4 527.5 520.8 512.1 502.5 494.5 485.7 477.4 468.7
432.3 438.8 444.8 448 454.6 460.2 463.5 469 475.4 482.2 488.2 494.8 500.9 506.5 511.5 518 523.8 528.7 532.3 538.1 542.3 545.9 548.5 552.5 556.6 561.2 564.6 567.9 572.1 575.1 577.5 579.7 580.8 583.3 584.4 585.5 586.3 586.6 586.2 585 583.4 580 576.5 572.7 569.2 565.6 561.9 558.3 556.3 554.7 553.1 551 548.3 546 545.7 547.6 551.7 557.6 563.7 569.3 574.7 578.8 579 574.8 565.5 558.8 552.1 545.3 537.6 531.2 523.1 514.7 505.9 498.3 490.4 481.9 472.6 464.3
436 441.4 446.5 451.7 457.7 463.2 468 472.2 477.2 484.3 490.8 496.7 502.2 507.8 512.5 517.3 524.1 528.5 533.4 536.7 541.3 545 549.3 552.8 557.5 561.2 564.5 568.6 572.1 575.5 578 580 581.9 583.5 584.9 586.1 586.3 586.8 586.3 584.9 583.3 580.2 576.8 573.5 571.1 567.6 563.8 559.8 557.6 556.1 554.5 553.6 552.2 550.6 551.4 552.4 557.5 561.4 565.5 571.2 574.5 578.4 577.8 574 566 558.2 550.7 543.1 535.5 526.8 516.5 508.2 501.1 493.7 485.5 476.8 467.7 457.6
438.4 443.7 446.1 453.8 460.5 465.6 470 474.6 479.7 486.9 492.8 498 503.4 508.3 512.7 517.1 521.9 528.2 532.5 536.4 538.8 542.6 547.2 552.3 557.1 561.6 565.6 569 572.7 575.1 578.1 580.1 582 583.7 584.5 585.4 585 584.9 584.8 584.3 582.1 579.9 577.3 574.7 572 568.3 564.5 560.8 557.4 555.8 554.6 554.8 554.6 554.6 555.6 556.9 560.5 563.8 567.2 571.7 574.7 576.2 574 569.6 562.6 554.6 546.5 538.9 531.2 521.2 512.2 503.2 495.2 487.4 479.6 471.2 460.3 453.2
439.1 441.6 451.9 457.6 462.9 467.5 472.1 476.5 481.7 488.4 494.2 498.1 502.9 507.9 512.4 516.8 522.7 526.1 529.9 533.3 537.6 543.2 546.7 551.6 556.7 560.2 565.3 568.5 572.4 575.1 577.4 579.6 581.4 583 583.9 583.8 584.5 583.9 583.1 582.7 580.3 577.9 575.7 573.6 571.5 568.1 564 560.5 558.1 555.6 555.2 555.5 555.5 556.9 558.8 560.9 562.9 566 568.8 571.9 573.6 572.6 570.9 565.1 558.7 552.8 545.5 536.3 528.8 520.9 510.6 501.7 493.1 485.2 477.3 471.2 464.1 458.8
439.4 448.1 453.8 459.4 464.9 469.4 473.8 477.5 482.9 489.7 495 498.7 502.4 507.4 511.5 515.2 519.3 524.2 528.6 532.4 537.2 542.2 546.6 551.7 556.3 559.5 563.5 567.7 571.4 574.6 576.8 579.1 580.8 581.6 581.9 583.3 583.4 582.9 582.1 580.1 578.2 575.9 573.6 571.5 569.3 566.2 563.1 559.6 557.2 555.1 555.4 555.5 555.8 558.2 560.3 562.5 564.7 566.3 569.1 570.9 571.2 569.6 567.6 562.5 557.1 551.6 544.6 536.9 530.5 522.5 514.2 506.3 495.5 487.6 479.9 473.5 468.2 463.6
442.6 450.5 455.3 460.7 466.3 470.7 474.7 478.1 483.6 490.6 494.8 498.7 502.7 506.2 509.3 513.2 517.8 523 527.4 532.3 536.5 540.7 546.6 550.3 554 558.3 561.7 566.3 569.7 573.3 575.8 578.1 579.5 580.8 580.4 581.7 581.8 581.4 579.7 577.3 576.1 573.8 571.6 569.4 566.9 563.9 560.9 558 555.6 553.6 553.8 554 555.1 557.6 560.1 562.5 564.1 565.3 567.1 568.9 569.1 567.7 565.5 561.3 555.6 550.3 543.7 538.7 533.6 527.4 520.7 511.8 501.4 491.1 483.2 476.6 472.6 465.8
446.6 452.1 456.9 462 467.4 471.6 475.5 479.1 484.5 490.8 494.6 497.1 500.2 503.3 507.5 511 517 521.4 525.6 530.7 535.3 539.1 544.1 548.6 552.8 556.7 562.6 565.2 568.8 572.3 574.5 576.3 577.7 578.5 579.5 579.5 579.6 579.3 577.1 574.7 573.1 571.1 569.1 567.1 564.5 561.6 558.6 555.6 553 551.6 551.6 551.8 552.8 555.4 558 559.6 561.2 563 565 566.9 566.5 564.8 562.7 559.2 554.1 548.8 544.3 540.2 536.1 531.3 525 516 506.4 496.8 487.2 480.2 474.2 463.6
448.3 453.3 458.3 463.3 468.6 472.7 476.1 480.3 485.1 488.8 492.4 494.6 497.5 501.6 505.4 509.7 515.1 519.8 524.5 529.1 533.1 538.4 543.4 547.8 552.3 556.2 560.6 564.6 568.3 570.9 572.6 574.4 575.4 575.8 576.3 577.3 577.2 576.8 574.8 572.1 570 568.3 565.8 563.7 561.6 559 556.3 553.3 550.5 549.5 549.5 549.6 550.6 552.1 554 555.8 557.4 559 560.7 561.4 560.9 559.7 558 555.6 552 547.7 543.7 539.7 535.9 532.2 526 518.3 509.3 499.9 490.5 482 469 453.4
448.8 453.9 458.9 464.4 470 473.3 476.3 478.9 481.7 485.8 488.7 491.2 495 498.2 503.1 508.4 512.8 517.7 522.5 527.5 532.5 537.6 542.6 547 551.5 555.8 558.6 563.5 566.7 568.9 570.6 571.7 572.4 572.8 572.6 574.4 574.8 574.3 572.2 569.2 566.3 564.6 562.3 560.2 558.1 555.9 553.1 549.9 548.1 547.1 546.9 546.6 546.8 548.2 550.1 551.8 553.5 554.6 554 554.2 553.4 552.3 551.5 550.5 547.9 544.7 541.2 537.6 534.2 529.3 523.7 517.2 507.8 498.2 488 476.4 461 446.2
451.8 456.5 461 465.2 470.9 474.4 475.1 476.4 478.2 481.4 484.9 487.5 491.4 497.1 501.9 506.8 512.3 517.6 521.7 526.2 532 536.9 541.8 546.3 550.7 554.8 558.7 562.1 564.7 566.9 568 568.6 569 570.1 569.6 572.1 572.8 572.4 570.7 567.7 563.4 560.9 558.7 556.5 554.2 551.9 549.5 546.9 545.7 544.5 543.5 543.1 543.2 545.3 546.1 547.9 547.9 547.2 546.8 547 546.3 545.9 545.6 545.2 543.6 540.4 537.8 534.8 529.5 525.2 520.5 513.7 503.9 490.6 480.1 468.2 452.7 439.4
453.7 458.4 463.1 467.3 471.8 473.3 473.8 474.1 475.2 476.1 480 484.7 490.1 495.9 501.3 506.4 511.7 516 520.5 525.7 530.9 536 540.8 545.2 549.3 553.3 557.1 560.2 562.7 564.3 565.1 565.5 565.7 566.7 568.1 568.6 570 570.2 568.8 566.2 560.6 556.2 554 551 548.9 547.6 545.9 544.5 543.3 541.9 539.9 538.9 539.2 540.6 541.6 541.5 540.9 540.3 540.7 540.9 541.1 540.2 539.6 539.4 537.3 535.2 531.8 527 522.8 518.8 513.6 506 494.9 483.3 468.4 456.9 442.1 443.7
