UK/data/ta/ta09_OST50GRID_20230518/TA09.asc
ncols 200
nrows 200
xllcorner 500000
yllcorner 490000
cellsize 50
[rows 111 to 147 of 200, columns 0 to 84 of 200]
123.4 123 121.5 121.1 120.4 116 114.3 106.1 89.6 72.8 64.3 64.3 68.4 73.3 71.3 58.9 57.3 57.8 59.4 57.2 54.2 50.4 49.5 49.6 50.5 51.6 51.6 52.4 55.3 57.8 63.4 66.2 67.5 66.6 64.4 62.7 60.9 59.1 57.1 55.2 53.4 51.7 50 48.9 49.4 48.8 47.7 46.7 45.3 44.6 44.1 43.1 40.4 37.9 26 1.5 -1.6 -1.6 -1.6 -1.6 -1.6 -1.6 -1.6 -1.6 -1.6 -1.6 -1.6 -1.6 -1.6 -1.6 -1.6 -1.6 -1.6 -1.6 -1.6 -1.6 -1.6 -1.6 -1.6 -1.6 -1.6 -1.6 -1.6 -1.6 -1.6
119.1 119.1 118 118.6 117.3 112.5 109.3 101 91.5 82.1 69.6 62.8 62.8 65.3 63.7 58.3 57 57.3 58.2 58.6 53.7 50.9 48.6 50.4 50.9 51.2 51.6 53.8 59.4 65.9 70.5 70.2 68 66 64.3 62.6 61.1 59.2 57.8 56.5 55.1 53.5 51.4 49.5 49.8 48.8 47.6 46.6 45.7 45.9 45.5 44 42.3 40.2 37.8 1.6 -1.6 -1.6 -1.6 -1.6 -1.6 -1.6 -1.6 -1.6 -1.6 -1.6 -1.6 -1.6 -1.6 -1.6 -1.6 -1.6 -1.6 -1.6 -1.6 -1.6 -1.6 -1.6 -1.6 -1.6 -1.6 -1.6 -1.6 -1.6 -1.6
114.8 114.8 115.3 116.3 116 110.9 104.3 94.7 99.3 95.8 78.7 66.3 60.3 60 58.9 57.1 56.9 58.1 58.8 56.7 51.7 51.5 52.4 51.6 50.5 51 52.3 57.1 64.2 72.1 74.3 72.3 69.2 67.3 65.5 63.5 61.5 60.9 59.8 58.3 57 55.2 51.8 50 50.6 50 48.5 46.5 45.6 45.8 46.4 45.5 43.9 41.7 40 1.8 -1.6 -1.6 -1.6 -1.6 -1.6 -1.6 -1.6 -1.6 -1.6 -1.6 -1.6 -1.6 -1.6 -1.6 -1.6 -1.6 -1.6 -1.6 -1.6 -1.6 -1.6 -1.6 -1.6 -1.6 -1.6 -1.6 -1.6 -1.6 -1.6
110.9 111.1 111.9 113.1 112.9 108 96.6 97.9 105.1 102.4 82.9 69 61.3 58.4 57.4 56.4 57.1 58 59 54.5 49.8 52 52.3 51 50.8 51.5 54.7 60.5 68.8 76.2 76.9 74.5 72 69.2 67 64.3 62.6 62.2 62.4 60.6 60.1 56.3 52.3 50.5 50.8 50.9 49.4 47.5 45.4 45.2 45.7 45.7 44.6 42.5 40.3 1.9 -1.6 -1.6 -1.6 -1.6 -1.6 -1.6 -1.6 -1.6 -1.6 -1.6 -1.6 -1.6 -1.6 -1.6 -1.6 -1.6 -1.6 -1.6 -1.6 -1.6 -1.6 -1.6 -1.6 -1.6 -1.6 -1.6 -1.6 -1.6 -1.6
107.5 107.7 109.1 109.9 108.2 99 95.9 103.1 104.2 102.3 88.6 73.7 61.8 57.7 56.2 56.1 57.2 58.4 58.2 51.1 48.9 51.1 51.1 51.4 51 52.9 57.5 64.5 74.5 80.3 81.1 79 75.3 71.2 68 65.2 63.9 62.7 62.4 62.1 61 57.2 52.8 51.1 50.1 50.7 50.1 47.6 45 43.7 43.5 44.1 44.9 43.4 41 15.8 1.6 -1.6 -1.6 -1.6 -1.6 -1.6 -1.6 -1.6 -1.6 -1.6 -1.6 -1.6 -1.6 -1.6 -1.6 -1.6 -1.6 -1.6 -1.6 -1.6 -1.6 -1.6 -1.6 -1.6 -1.6 -1.6 -1.6 -1.6 -1.6
104.4 104.7 106.6 107.2 103.5 96.8 100.6 99.8 101.1 100.8 95 75.8 62.7 57.4 55.4 55.4 56 56.7 56 50.4 48.8 49.7 50.3 51.2 52 54.9 60.3 66.7 76 81.4 84.2 83.6 77.5 72.7 68.6 66 64.8 64.4 62.5 63.1 60.1 56.7 53.1 51.1 49.5 49.7 49.5 47.1 44.6 42.7 42.6 42.9 43.9 44 41.8 23.3 1.9 1.4 -1.6 -1.6 -1.6 -1.6 -1.6 -1.6 -1.6 -1.6 -1.6 -1.6 -1.6 -1.6 -1.6 -1.6 -1.6 -1.6 -1.6 -1.6 -1.6 -1.6 -1.6 -1.6 -1.6 -1.6 -1.6 -1.6 -1.6
101.5 101.5 103.9 104.6 97.8 97.9 100.1 98.2 97.8 99.9 96.8 78.4 63.6 57.2 55 54.9 55.1 54.5 53.8 49.8 49 49.5 50.7 51.8 53.7 57.9 61.8 65.6 74.9 80.4 85 85 79.7 74.7 70.4 67.5 66 65.1 64.9 63.3 60.4 56.9 53.6 50.7 48.6 48.2 48.2 46.3 44 42.1 41.9 42.2 42.7 44.5 41.9 41 4.1 1.9 1.2 0.4 -1.6 -1.6 -1.6 -1.6 -1.6 -1.6 -1.6 -1.6 -1.6 -1.6 -1.6 -1.6 -1.6 -1.6 -1.6 -1.6 -1.6 -1.6 -1.6 -1.6 -1.6 -1.6 -1.6 -1.6 -1.6
95.4 95.6 96.2 96.7 92.6 95.3 98 99.2 96 97 95.6 85.3 66.2 56.8 54.9 54.7 54.3 53.1 51 49.4 49.1 49.7 50.8 52.3 56.3 59.9 61.8 64.9 72.4 80.5 86.3 87 82.7 77.8 73.9 70.5 67.2 65.8 65 63.1 61 57.4 53.9 50.7 47.7 46.5 47 46 44.3 42.7 41.3 41 41.1 42.2 42.4 41.2 40.2 21 3.6 1.5 0.6 -1.6 -1.6 -1.6 -1.6 -1.6 -1.6 -1.6 -1.6 -1.6 -1.6 -1.6 -1.6 -1.6 -1.6 -1.6 -1.6 -1.6 -1.6 -1.6 -1.6 -1.6 -1.6 -1.6 -1.6
89.4 90.8 91.1 91.6 90.2 91.6 94.9 93.9 94.6 94 94.6 89.1 69.6 57.4 53.8 53.7 54.1 51.5 49.6 49 49 49.9 51 52.3 56.2 58.9 61.1 64.6 72.6 79.1 84.9 87.6 85.3 81.2 77.5 73.3 68.9 66.7 65.2 62.9 60.5 57.1 54 51.7 48.9 45.3 45.8 45.4 44.8 43.6 41.5 40.8 40.3 40.5 41.8 41.8 39.6 37 35.3 13.8 1.9 -1.6 -1.6 -1.6 -1.6 -1.6 -1.6 -1.6 -1.6 -1.6 -1.6 -1.6 -1.6 -1.6 -1.6 -1.6 -1.6 -1.6 -1.6 -1.6 -1.6 -1.6 -1.6 -1.6 -1.6
83.7 87.7 88.7 87.7 84.5 86.3 87.5 82.4 80.7 81.8 82.3 88.5 69.3 57.3 52.7 53.7 54.6 50.5 48.8 48.4 49.1 50 50.9 52.2 55.1 57.7 60.2 65.2 71.5 76.7 82.1 86.6 86.6 84.6 81.2 76.5 71.2 67.6 65.6 62.8 59.8 57.1 54.4 51.8 48.8 44.3 43.5 43.8 43.9 43.2 42 41.2 41.1 41.1 41.6 42.2 39.8 37.1 34 2.2 1.8 -0.8 -1.6 -1.6 -1.6 -1.6 -1.6 -1.6 -1.6 -1.6 -1.6 -1.6 -1.6 -1.6 -1.6 -1.6 -1.6 -1.6 -1.6 -1.6 -1.6 -1.6 -1.6 -1.6 -1.6
70.5 76.3 75.1 71.4 73.2 76.5 78.9 79 77.9 77.6 78.3 80.2 66.9 56.7 52.9 52.6 52.1 48.7 48.4 47.5 48.2 49.4 50.3 51.5 53.4 56.1 59.6 64.9 70.1 74.7 80.6 86.3 87.4 87.1 84.8 79.1 73 68.6 65.3 62.2 59.3 56.1 53.5 51.1 48.6 44.3 42 41.8 42.5 42 41.5 41.3 41.2 41 41.2 42 39.9 37.1 19.1 1.9 1.7 -1.6 -1.6 -1.6 -1.6 -1.6 -1.6 -1.6 -1.6 -1.6 -1.6 -1.6 -1.6 -1.6 -1.6 -1.6 -1.6 -1.6 -1.6 -1.6 -1.6 -1.6 -1.6 -1.6 -1.6
71.2 64.2 69.5 70.4 66.1 63.5 61.3 59.3 62.4 65.7 71.3 69.5 60.3 55.1 52.5 49.9 50.4 49.4 48.6 46.7 47.5 48.7 49.8 51.2 53.6 55.6 58.6 63.8 68.3 72.9 77.9 82.9 84.7 85 84.4 80.3 73.7 68.9 65 61.9 58.8 55.7 52.4 49.9 47.1 43.9 41.2 40.4 41.3 41.4 40.9 40.8 41 40.6 40 40.8 41.1 37.3 6.2 1.8 1.5 -1.6 -1.6 -1.6 -1.6 -1.6 -1.6 -1.6 -1.6 -1.6 -1.6 -1.6 -1.6 -1.6 -1.6 -1.6 -1.6 -1.6 -1.6 -1.6 -1.6 -1.6 -1.6 -1.6 -1.6
61.8 60.5 58.4 59.7 56.6 54.4 57 54.4 53.7 55 58 60.1 56.1 53 50.9 48.7 47.5 47.1 46.7 46.3 46.6 47.9 49.6 51.7 54.1 55.3 57.7 62 66 69.2 70.9 74.7 79.5 82 82.8 81.1 74.5 69.2 64.8 61.9 59 56 54.1 50.5 46.6 43.7 40.8 39.5 40.3 40.8 40.4 40 39.8 39.4 38.8 39.4 41.2 25 1.8 1.7 -1.6 -1.6 -1.6 -1.6 -1.6 -1.6 -1.6 -1.6 -1.6 -1.6 -1.6 -1.6 -1.6 -1.6 -1.6 -1.6 -1.6 -1.6 -1.6 -1.6 -1.6 -1.6 -1.6 -1.6 -1.6
52.4 51.7 53 51.6 50.6 51.2 53.3 52.8 52.7 54.6 56.8 57 54 51.8 50 48.1 47.2 46.7 46.9 46.6 46.6 47.1 49.1 51.5 54.9 55.3 56.4 59.8 62.6 64.1 69 74.5 77.8 79.2 80 79.3 73.8 68.6 65.2 62.6 59.8 56.8 54 50 45.9 43.9 41.1 39.3 39.4 40.2 40 39.6 39 38.3 37.6 37.6 39.8 14 1.8 1.5 -1.6 -1.6 -1.6 -1.6 -1.6 -1.6 -1.6 -1.6 -1.6 -1.6 -1.6 -1.6 -1.6 -1.6 -1.6 -1.6 -1.6 -1.6 -1.6 -1.6 -1.6 -1.6 -1.6 -1.6 -1.6
51.8 51.5 51.1 50.2 50.3 50.3 50.3 50 49.5 50.5 53.7 51.4 49 49 49.1 50.5 49.4 47.6 47.3 46.8 46.6 46.9 48.9 51.4 54.4 55.6 56.2 58.6 61.3 63.8 66.9 70.6 74.4 76.3 77 77.1 72.2 68.1 64.8 61.8 59 55.9 53.3 50.3 46.6 44.3 42.8 40.6 38.6 39.2 39.7 39.1 38.5 37.3 36.2 36.5 37.3 2.8 1.7 1.3 -1.6 -1.6 -1.6 -1.6 -1.6 -1.6 -1.6 -1.6 -1.6 -1.6 -1.6 -1.6 -1.6 -1.6 -1.6 -1.6 -1.6 -1.6 -1.6 -1.6 -1.6 -1.6 -1.6 -1.6 -1.6
51.9 51.7 51.8 50.9 50.4 49.3 49.9 50.1 51 49.5 50.5 49 49.3 49.8 51.8 54.5 51.7 49.4 48.1 47 46.2 46.8 48.9 51.2 53.5 55.2 56.1 57.5 60.3 63.3 66.2 68.5 71 73.5 75.4 75.4 71.3 66.7 63.5 60.2 57.2 54.5 52.9 50.7 48.3 46.2 44.1 42.1 39.6 38.5 39 38.9 37.3 35.9 35.2 35.5 27.4 1.9 1.6 1.1 -1.6 -1.6 -1.6 -1.6 -1.6 -1.6 -1.6 -1.6 -1.6 -1.6 -1.6 -1.6 -1.6 -1.6 -1.6 -1.6 -1.6 -1.6 -1.6 -1.6 -1.6 -1.6 -1.6 -1.6 -1.6
54.2 53.4 53.5 52.4 51.1 50.9 50.7 51.5 53.8 53 51.6 53.5 52.4 52.3 53.3 53 51.1 49.5 47.4 46.2 46 47.5 49 51.4 52.6 53.4 54.5 55.6 57.7 60.1 62.4 65.4 68.8 72 73.3 72.3 69.5 65.6 62.9 60 56.6 55.1 53.8 52.1 49.7 47.4 45.3 43.2 40.7 38.1 37.6 36.8 35.4 34.6 34.7 34.6 26.5 1.9 1.4 0.9 -1.6 -1.6 -1.6 -1.6 -1.6 -1.6 -1.6 -1.6 -1.6 -1.6 -1.6 -1.6 -1.6 -1.6 -1.6 -1.6 -1.6 -1.6 -1.6 -1.6 -1.6 -1.6 -1.6 -1.6 -1.6
58.4 55.4 54.2 52.9 52.1 52 51.9 52.9 55.4 57.1 56.3 55.7 53.8 51.6 51.7 49.8 48.1 47.5 46.3 46 47.3 48.1 48.9 51.3 51.5 51.8 53 54.4 55.5 57.7 60 63.1 66.5 68.8 69.8 70.4 68.9 64.8 61.9 59.4 56.9 55.7 54.5 52.4 50.5 48.1 45.7 43.5 41.3 38.5 36 34.8 33.3 33.5 34 33.2 3.2 1.8 1.3 -1.6 -1.6 -1.6 -1.6 -1.6 -1.6 -1.6 -1.6 -1.6 -1.6 -1.6 -1.6 -1.6 -1.6 -1.6 -1.6 -1.6 -1.6 -1.6 -1.6 -1.6 -1.6 -1.6 -1.6 -1.6 -1.6
64.2 59.9 56.2 54.9 53.6 53.5 53.3 54.7 55.5 57.3 58 55.6 52.7 51.6 50.7 48.2 47.5 45.7 45.6 47.3 48.7 48.7 48.5 49 49.6 50.1 52.6 54 54.7 55.6 58.1 60.5 63 65.1 66.4 67.6 66.8 63.3 61 58.6 57.3 56.7 55.6 53 50.7 48.3 46 43.7 40.9 38 36.2 35.1 33.1 31.2 31.2 21.3 1.9 1.6 -1.6 -1.6 -1.6 -1.6 -1.6 -1.6 -1.6 -1.6 -1.6 -1.6 -1.6 -1.6 -1.6 -1.6 -1.6 -1.6 -1.6 -1.6 -1.6 -1.6 -1.6 -1.6 -1.6 -1.6 -1.6 -1.6 -1.6
70.4 66.2 59.7 57 56.2 55.1 55.1 54.8 55.2 56.4 58.3 55.6 52.5 52.1 50.8 49 47.2 45.2 45.1 46.5 47.1 47.5 47.1 47.7 48.3 49.8 51.3 52.9 53.6 53.8 55.4 57.1 59.4 61.9 64.4 65.6 64.3 60.8 59.4 59.1 58.2 58.2 57.6 54.8 51.2 48.4 46.2 43.7 40.9 38.8 37.2 35.7 34.2 32.7 17 2.2 1.9 -1.6 -1.6 -1.6 -1.6 -1.6 -1.6 -1.6 -1.6 -1.6 -1.6 -1.6 -1.6 -1.6 -1.6 -1.6 -1.6 -1.6 -1.6 -1.6 -1.6 -1.6 -1.6 -1.6 -1.6 -1.6 -1.6 -1.6 -1.6
75 73 66.9 61.2 58.6 56.8 55 53.9 53.1 55.1 55.9 53.8 52.1 51.7 50.1 48.4 47.2 46.4 45 44.7 44.5 45.1 45.5 46.2 46.8 47.5 49.5 50.8 52.3 53.2 54.4 56.3 58.4 60.2 62.2 63.5 62.9 61 61.4 62.2 60.9 58.8 58.1 55.5 52.4 50.1 47.5 44.6 42 39.9 38.2 36.3 35.2 33.9 12.7 1.9 1.9 -1.6 -1.6 -1.6 -1.6 -1.6 -1.6 -1.6 -1.6 -1.6 -1.6 -1.6 -1.6 -1.6 -1.6 -1.6 -1.6 -1.6 -1.6 -1.6 -1.6 -1.6 -1.6 -1.6 -1.6 -1.6 -1.6 -1.6 -1.6
78.6 77.6 72.6 65.9 61.5 59.6 57.8 55.4 54.2 54.3 54.2 52.9 52.1 51.3 50.9 49.3 48.4 48.2 50.1 46.9 43.5 43.8 43.9 44.5 45.3 46 47.4 49.2 50.9 53.1 54.7 55.8 57.4 59.4 60.8 61.7 61.1 60.2 61.3 62.5 62.1 60.1 56.6 52.7 50.3 49.8 48 45.6 42.9 40.2 38.6 36.8 36.1 34.7 14.3 1.9 1.8 -1.6 -1.6 -1.6 -1.6 -1.6 -1.6 -1.6 -1.6 -1.6 -1.6 -1.6 -1.6 -1.6 -1.6 -1.6 -1.6 -1.6 -1.6 -1.6 -1.6 -1.6 -1.6 -1.6 -1.6 -1.6 -1.6 -1.6 -1.6
81 79.8 77.6 73 63.3 65.2 63.1 61.3 58.9 58.1 57 56.5 55.4 54.6 53.6 52.2 51.5 50.9 51.4 51 47.7 45.2 44 43.2 43.5 44.8 46.9 50.3 51.8 53.3 54.2 54.8 56.4 58.4 60.2 60.8 59 59.7 62.6 63.4 63.1 61.5 57 51.7 50.9 49.6 47.3 45 43.2 40.5 38.6 37.6 37.5 37 29.7 1.9 1.6 -1.6 -1.6 -1.6 -1.6 -1.6 -1.6 -1.6 -1.6 -1.6 -1.6 -1.6 -1.6 -1.6 -1.6 -1.6 -1.6 -1.6 -1.6 -1.6 -1.6 -1.6 -1.6 -1.6 -1.6 -1.6 -1.6 -1.6 -1.6
83.4 81 79.9 76 66 72.6 71.5 71.4 67.4 65.4 63.1 60.8 59.3 57.7 56.4 54.4 53.4 52.5 51.9 50.1 48.5 47 45.5 43.7 43.1 42.3 46.5 49 51.3 52.1 52.1 52.9 54.9 56.9 57.7 57.7 57.4 60.9 64 65.1 64.9 61 54.9 51.1 49.2 48.2 46.1 44.3 42.9 40.9 39 38.1 37.2 37.1 36.2 5.1 1.5 0.8 -1.6 -1.6 -1.6 -1.6 -1.6 -1.6 -1.6 -1.6 -1.6 -1.6 -1.6 -1.6 -1.6 -1.6 -1.6 -1.6 -1.6 -1.6 -1.6 -1.6 -1.6 -1.6 -1.6 -1.6 -1.6 -1.6 -1.6
84.5 81 80 69.6 74.4 77.3 77 75.7 71.6 69.7 68.7 65.9 63.3 63.4 59.7 56.6 55.4 54.8 53.8 52.5 50.5 48.5 45.3 44.3 43.7 42.7 45.9 48.4 50.8 51.3 51 51.7 53.2 54.9 54.9 54.6 55.8 59.3 63.2 66.5 66 59.3 52.7 50.3 49.8 48 45.1 44.2 42.9 41.1 39.6 37.9 37 35.6 33.1 4.6 1.4 0.7 -1.6 -1.6 -1.6 -1.6 -1.6 -1.6 -1.6 -1.6 -1.6 -1.6 -1.6 -1.6 -1.6 -1.6 -1.6 -1.6 -1.6 -1.6 -1.6 -1.6 -1.6 -1.6 -1.6 -1.6 -1.6 -1.6 -1.6
84.2 80.2 79.3 79 77.6 78.8 78.6 77.1 74.5 73.2 72.5 71.6 70.6 70.1 68.9 64.8 59.1 57.8 57.1 55.6 54.1 50.2 46.3 45.7 44.7 43.2 44.1 47.8 50.8 49.6 50.1 50.3 52.1 54.3 55.6 56 54.7 53.7 55.1 58.1 61.6 59.2 52.1 48.1 49.8 48 45.7 43.8 41 39.5 37.7 36.1 35.3 34.6 33.7 2.9 1.3 0.6 -0.1 -1.6 -1.6 -1.6 -1.6 -1.6 -1.6 -1.6 -1.6 -1.6 -1.6 -1.6 -1.6 -1.6 -1.6 -1.6 -1.6 -1.6 -1.6 -1.6 -1.6 -1.6 -1.6 -1.6 -1.6 -1.6 -1.6
83.5 80.7 83.3 83.4 80.6 80.7 79.3 77.8 75.8 74.5 74 73.9 73.3 71.8 70.6 68.8 66 61.4 59.5 58.1 56.2 52.5 49.4 48.1 46.4 44.1 43.3 46.6 47.1 45.7 46.4 49 50.7 54.3 56.5 56.9 57.3 58.5 57.7 53.8 51.7 50.6 49.7 49.2 51.3 49.1 47.2 45.7 42.4 39.5 36.6 34.7 33.7 32.1 28 5.7 1.6 0.9 0.1 -0.7 -1.6 -1.6 -1.6 -1.6 -1.6 -1.6 -1.6 -1.6 -1.6 -1.6 -1.6 -1.6 -1.6 -1.6 -1.6 -1.6 -1.6 -1.6 -1.6 -1.6 -1.6 -1.6 -1.6 -1.6 -1.6
84.4 82.6 87 86.4 82.3 82.1 80.1 78.2 76.6 75.4 75.3 75.1 74.2 72.7 71.4 69.8 68.1 64.5 61.5 59.3 58 55.2 50.4 48.7 46.6 44.6 40.9 44.3 43.4 44 45.1 47.7 51.3 54.7 56.2 58.8 60.2 63.3 64.3 60.7 56.1 55.4 53.9 53 55.6 50.2 47.3 45.7 42.6 38.9 36.6 36 35.3 36.3 36.2 28.6 1.9 1.2 0.4 -0.3 -1.6 -1.6 -1.6 -1.6 -1.6 -1.6 -1.6 -1.6 -1.6 -1.6 -1.6 -1.6 -1.6 -1.6 -1.6 -1.6 -1.6 -1.6 -1.6 -1.6 -1.6 -1.6 -1.6 -1.6 -1.6
84.3 83.8 92.8 89.1 86.1 84.8 81.3 79.7 78.6 76.9 76.6 76 75.1 73.3 70.9 69.9 68.1 64.8 61.5 59.2 57.5 55 51.6 47.5 45.5 45.6 47 42 41.6 42.9 43.7 44.4 50 53.4 56.4 59.7 62.8 64.6 65 65.2 65 64.6 60.1 56.4 56.7 51.7 47.8 44.5 41.9 40.1 38.1 37.7 38.6 38.9 38 37.4 3 1.4 0.8 0.1 -0.3 -0.9 -1.6 -1.6 -1.6 -1.6 -1.6 -1.6 -1.6 -1.6 -1.6 -1.6 -1.6 -1.6 -1.6 -1.6 -1.6 -1.6 -1.6 -1.6 -1.6 -1.6 -1.6 -1.6 -1.6
84.3 85.5 87.9 88.9 89.1 88.8 84 82.5 81.5 79.2 78.1 77.1 75.3 72.9 70.1 68.7 67.5 62.9 60.4 58.9 56.7 54.1 50.3 47.3 46.3 45.6 47.3 47 41.8 41.3 40.7 42.7 48.6 52.7 55.5 57.5 61 62.3 63.2 64.5 64.9 64.4 61.1 56.9 55.6 52.1 47.8 44.7 44.4 41.8 39.5 38.6 39.8 41 43 43.5 24.4 1.9 1.2 0.7 0.3 -0.6 -1.6 -1.6 -1.6 -1.6 -1.6 -1.6 -1.6 -1.6 -1.6 -1.6 -1.6 -1.6 -1.6 -1.6 -1.6 -1.6 -1.6 -1.6 -1.6 -1.6 -1.6 -1.6 -1.6
86.9 88.9 90.4 88.8 90 90.1 86.2 84.2 84.4 83 80.2 77.5 75.3 72.3 68.3 66.1 63.5 61.3 59.5 57.9 55.9 53.1 49.9 48.2 47.5 45.6 46.5 45.7 43.6 41.5 41.2 42 47.1 52.2 53.5 55.4 57.8 59.6 61.1 61.8 62.2 62.1 59.4 54.8 52.2 50.2 48.4 45.6 44.6 42.9 40.6 39.5 41 43.8 46.3 47.6 45.9 13.9 1.7 1.3 0.9 -0.2 -1.6 -1.6 -1.6 -1.6 -1.6 -1.6 -1.6 -1.6 -1.6 -1.6 -1.6 -1.6 -1.6 -1.6 -1.6 -1.6 -1.6 -1.6 -1.6 -1.6 -1.6 -1.6 -1.6
88 89.1 91.1 88.3 87.5 91 87.8 85.3 85.8 84 80.7 78 76.3 72.9 67.8 64.1 61.9 60.3 58.6 56.9 54.8 52.1 50.1 49.4 48.6 46.9 44.7 43.8 42.5 41.5 41 41.7 45 50.2 51.7 52.6 54.4 55.9 56.7 57.4 58 58.1 55.2 51.5 49.6 49.6 48.2 45.7 45 43.8 41.6 40.3 42.1 44.7 47.1 47.5 45.3 37.4 11.7 1.9 1.4 0.1 -1.6 -1.6 -1.6 -1.6 -1.6 -1.6 -1.6 -1.6 -1.6 -1.6 -1.6 -1.6 -1.6 -1.6 -1.6 -1.6 -1.6 -1.6 -1.6 -1.6 -1.6 -1.6 -1.6
88.2 88.4 89.3 89.5 84.9 87.5 87.3 85.3 85.6 84.6 81.7 78.3 76.5 73.2 68 64.3 62.4 60 57.8 55.8 53.6 51.6 50.2 49.2 47.6 45.9 44.2 44 43.6 42.8 41.1 40.1 44.8 48.3 49.3 50.2 51.2 52.2 53 52.9 53.3 52.7 50.6 49.6 50.1 50 47.9 47.3 46.2 44.1 42.1 40.6 40.9 43 44.1 42.8 40 38.9 38.6 13.8 1.9 -1.6 -1.6 -1.6 -1.6 -1.6 -1.6 -1.6 -1.6 -1.6 -1.6 -1.6 -1.6 -1.6 -1.6 -1.6 -1.6 -1.6 -1.6 -1.6 -1.6 -1.6 -1.6 -1.6 -1.6
88.6 88.7 87.4 88.2 83.5 82.7 85.3 85.3 85.1 84.4 81.4 77.8 74.9 71.3 68.3 65.6 63.5 61 58.6 56.3 53.9 51.1 49.5 47.8 46.3 45 43.8 43.8 43.3 42.1 41.3 40.6 44.2 46.2 47 48.4 49.7 50.4 50.1 50.1 50.1 49.6 48.7 49.3 50.2 48.9 47.8 48.2 47.1 44.7 42.7 41.9 42.2 42.3 41.6 40.1 38.8 35.9 17.6 2.7 -1.6 -1.6 -1.6 -1.6 -1.6 -1.6 -1.6 -1.6 -1.6 -1.6 -1.6 -1.6 -1.6 -1.6 -1.6 -1.6 -1.6 -1.6 -1.6 -1.6 -1.6 -1.6 -1.6 -1.6 -1.6
89.8 89.5 88.1 86.6 82.6 79.6 82.8 84 82.9 83.1 80.5 76.6 74.3 73.5 70.2 67.1 64.6 62.1 59.8 56.9 53.9 50.2 47.7 46.4 45.1 44.2 43.3 44.1 42.8 41.7 40.9 41.8 43.4 45.5 45.6 47.3 48.2 48 48 48.3 48.5 48.1 47.8 48.7 49.2 48.9 48.8 48.1 47.2 46.1 44.5 44 43.5 43 42.3 40.9 40.2 41.2 12.9 -1.6 -1.6 -1.6 -1.6 -1.6 -1.6 -1.6 -1.6 -1.6 -1.6 -1.6 -1.6 -1.6 -1.6 -1.6 -1.6 -1.6 -1.6 -1.6 -1.6 -1.6 -1.6 -1.6 -1.6 -1.6 -1.6
90.9 91.1 89.8 88 84.8 79.1 81 82.6 82.1 81.4 79.8 77.4 76.7 75.5 72.8 69.3 66 63.7 61.2 57.8 53.9 50.1 47.3 45.7 44.8 44 43.5 44 41.7 40.8 40.4 41.9 42.9 44.7 44.8 45.4 46.8 46.2 46.3 46.6 47.6 47.2 47.1 48.6 49.6 49.5 49.1 48.5 48.1 47.2 47 46.2 45 44.1 43.1 43.1 45.2 36.4 2.9 0.9 -1.6 -1.6 -1.6 -1.6 -1.6 -1.6 -1.6 -1.6 -1.6 -1.6 -1.6 -1.6 -1.6 -1.6 -1.6 -1.6 -1.6 -1.6 -1.6 -1.6 -1.6 -1.6 -1.6 -1.6 -1.6
92.1 92.7 91.4 89.6 86.8 80.5 79.7 82.7 82.5 82.1 82.5 80.1 76.9 76.8 75.3 71.4 67.3 65.4 62.5 58.1 53.2 49.6 48.4 46.8 45.2 44.1 44.2 44.8 41.2 40.6 40.3 41.6 43.1 43.7 45.1 44.5 45.3 45.6 45.7 46.3 47.3 46.7 46.5 48 48.7 48.8 48.9 49.9 49.6 47.9 47.8 47.8 46.4 45.3 45.1 48 49.4 33.8 3.2 1.8 0.5 -1.3 -1.6 -1.6 -1.6 -1.6 -1.6 -1.6 -1.6 -1.6 -1.6 -1.6 -1.6 -1.6 -1.6 -1.6 -1.6 -1.6 -1.6 -1.6 -1.6 -1.6 -1.6 -1.6 -1.6
