WholeMapElevations/data/so/so29_OST50GRID_20230518/SO29.asc
ncols 200
nrows 200
xllcorner 320000
yllcorner 290000
cellsize 50
[rows 105 to 139 of 200, columns 78 to 155 of 200]
154.6 155.7 154.3 153.6 153.3 153.5 153.7 153 151.5 148.8 148.1 149.5 149.2 145.5 143.3 142.5 142.1 142.4 144.4 145.2 144.6 142.9 141.5 140.1 139.3 139.6 138.3 137.1 136.7 136.2 134.3 133.5 132.5 131.4 130.3 129.6 128.8 129.1 129.3 129.5 129.8 130.5 130.8 131.2 131.5 131.9 132.3 132 132.5 133.1 133.3 133.4 133 133.8 133.5 133 132.6 133.9 135.3 139.2 143.2 146.1 148.7 150.5 150.1 145.6 133.2 123.3 122.7 127.2 140.7 157.7 164.3 166.5 165.4 164.4 159 152.6
150.3 151.6 153.3 154.6 153.2 155 154.9 154.5 151.4 148.6 147.1 146.8 144.3 141.1 140.6 140.2 140.2 141.2 141.5 142.7 142.6 141.6 141 141.3 141.8 142.4 140.6 139.3 136.3 134.4 132.5 131.1 130.4 130 129.7 129.8 130.1 129.4 128.6 128 127.4 128.5 129 129.8 130.5 130.5 130.3 130.2 130.5 131 130.9 130.9 131.2 132.3 132.6 131.1 130.9 132.3 133.7 136.2 140.2 143.8 146.1 149 150.8 145.4 129.1 121.6 137.3 141.8 151.1 157.9 163.2 165.8 165.2 162.9 157.8 153.4
146.4 147.5 148.4 150 150.9 150.9 150.7 149 148.4 146.5 144.2 142.5 140.9 139.2 138.4 138.5 138.5 140 141 142.2 142 141.1 141.1 141.8 142.1 143.4 142.5 140.6 138 135.3 132.8 131 131.6 131.5 131.4 131.1 131.1 129.4 128 128.2 126.8 127 127.4 128.3 129.2 128.9 129.4 128.8 129.1 129.2 130.5 129 129.9 131.2 130.3 128.7 129.9 131.4 133 134.7 137.3 141.2 144.1 147.1 148.1 140.1 121.7 125.8 146.3 148.7 154.4 159.9 163.1 164.1 162.8 160.8 157.9 153.8
147.9 146.9 145.6 145.3 145.6 146.4 145.9 145.7 144.8 143.7 142.5 140.2 139 137.7 136.9 137.6 137.2 137.4 138.7 139.9 141.6 141.6 141.4 142.1 143 142.7 142.1 139.6 137.1 134.8 131.4 131.1 132.9 133 132.8 132.5 131.6 130.7 129.4 127.8 127.2 127.2 127.2 127.7 127.8 128.7 129 127.6 128 128.7 129.3 128.8 129.3 128.5 128.8 127.4 127.9 128.7 131 133.3 135.7 138.4 142.1 144.8 144.3 122.5 122.3 134.8 146.6 150.5 155.2 160.3 163.5 163.2 159.8 158 156.8 154.4
149.2 147.7 146.3 144.6 144.6 143.6 143.2 143.1 143.2 142.2 141 139.3 137.9 137.1 137.3 136.3 135.8 135.5 135.8 136.7 138.4 139.5 140.7 141.5 141.3 141.2 140 137.7 134.8 131.4 130.9 131.5 133.6 133.6 133.5 133.3 132.9 131.8 129.3 128.7 128.4 127.2 127.2 127.3 126.5 126.5 126.8 126.7 127.8 128 127.8 128.2 128.5 127.4 127.1 127.3 127.4 127.5 128.5 130.6 132.9 135.8 139.2 141.5 132.7 121.7 124.3 136 146.4 150.2 155.4 160.4 161.9 160.6 157.5 155.7 154.6 153.3
148.8 147.7 146.8 145.8 144.7 143.3 142.7 142.9 142.2 141.4 139.7 138.9 137.4 136.7 136.4 135.7 135.3 134.4 133.7 135 135.1 136.3 137.4 138.5 138.9 139.2 137.6 135.1 131.6 131.6 132.1 133.3 134 134.1 134.1 134 133.4 131.8 130.4 130.1 129.8 128.8 128.2 127.2 126.2 126.2 125.7 126.7 128 128.1 127.7 127.7 127.7 126.2 126.5 126.7 126.7 126.8 127.7 128.8 130 133.4 136.4 137.6 124.6 121.9 134.7 138.7 143.8 150.6 155.9 160.4 161.3 159.3 155.5 153.8 152.4 151
148.2 146.8 146.4 145.8 144.9 144.6 143.7 142.6 141.4 139.7 139.2 137.7 137 136.4 136.5 136.9 135.2 134.8 134.1 133.8 133.9 133.7 133.3 134.5 135 135.9 134.5 132.4 133 132.9 132.7 133.4 134.2 134.3 134.4 134.6 133.6 132.3 130.9 131.2 129.2 128.2 128.2 126.6 126.5 126.3 125.6 124.9 125.6 126.3 127.2 126.2 126.2 125.7 125.8 126 126.1 126.1 126.8 127.7 128.6 131 133.2 135 124.7 121 134.2 139.4 142.9 148.8 154.2 158.9 161.3 158.4 154.7 151.7 149.7 148.7
147.2 145.9 145.8 144.1 143.5 143.8 144 142.8 141.5 140 139.1 138.2 137.4 136.3 135.6 135.1 135 135.1 134.6 134.8 134.5 134.7 134.2 133.6 133 131.8 133.3 133.3 134.7 133.6 133.3 135.5 134.6 135.3 135.4 135.5 135 133.3 131.7 130.6 130.5 127.9 128.5 126.3 126.3 126.3 126.3 125.2 125.1 125.2 124.5 124.5 124.8 125.6 125.5 125.4 125.4 126.1 126.2 126.4 127.2 129.3 132 133.9 126.1 122.5 124 138.4 141.6 146.9 151.5 156.3 158.2 155.6 152.1 149.2 147 147
146.4 145.2 144 142.9 142.4 142.1 141.5 140.8 141.4 139.7 138.5 138.1 137.4 136.3 136.1 135.3 135.6 134.6 134.4 135.3 134.9 136.3 135.2 135.4 134.1 135 134.5 135.1 135.4 135 134.9 133.9 135.6 135.4 136.2 136.3 136 134.8 132.7 130.5 129 129.1 126.9 127.2 126.1 126.3 126.3 124.9 124.9 124.9 124.1 124.7 124.3 124.5 124.5 124.8 126.6 126.7 126.7 126.8 126.5 130.8 132 132 129.1 124.7 121.3 136 138.7 143.5 147.7 147.7 154.4 152.6 149.4 147.2 145.2 145.3
147.3 145.8 144.6 143.9 143 142.7 142.2 141.4 140.1 139.2 138.2 138 137 136.6 135.7 135.6 135.1 134.6 135.9 135.9 136 136.2 136.7 136.9 136.6 135.8 135.3 135.8 136 135.7 135.8 135.1 135.3 134.4 134.5 135.3 136.1 135.4 133.5 132.4 129.8 129.1 127.7 126.1 126.1 125.3 126.1 125.7 125.6 125.6 125.7 126 124.8 124.9 123.5 124.8 126.4 127.2 127.2 127 126 131.9 133.9 133.8 131 123.9 122.6 134.4 136.2 139.9 144 145.5 150.1 148.4 147.5 145.2 144 146.3
148 146.6 146 145.4 144.9 143.8 143.3 141.8 140.7 139.3 138 138.1 137 136.4 135.9 135.8 135.5 136.7 135.2 136 135.5 136 137 137.8 137.5 136.7 136 136.3 136.4 136.2 136.1 136 135.3 134.6 134.6 133.8 133.9 134.2 133.5 132.2 130.8 130 128.3 126.6 126.8 125.4 126.4 126 125 125.5 125.7 126.8 124.2 123.6 124.2 124.1 126.7 127.1 127.5 126.9 126 131.7 134.4 133.4 131.2 124.2 122.3 132.4 134.2 136.8 139.8 143.9 145.9 146.6 146 143.3 145.3 147.2
149.5 148.2 147.3 147.9 147.9 145.9 144 142.4 141.2 139.4 137.6 137.6 136.9 136.6 136.5 136.6 135.3 136.7 135.6 135.4 136.9 135.8 136.9 136.9 137.5 136.4 136.6 136.7 136.1 135.5 135.9 136 135.3 134.5 133.6 132.7 131.4 131.8 131.5 131.6 130.4 129.4 128.1 127 126.2 126 127.1 125.2 124.6 125.5 124.2 124.9 124.6 124.8 123.8 125 126.6 127 127.4 127.5 124 128.6 132.5 133.6 128.8 122.9 124.3 130.5 133.3 134.5 135.9 139.4 141.6 142.5 141 145.8 146.1 146.6
151.4 150.9 149.5 149.9 149.2 147.3 146.1 144.3 141.7 140.1 138.1 137 137.2 136.5 136.3 135.4 136.7 136.2 136.6 137.1 137.4 136.3 137.2 136.6 137.3 136.9 136.5 136.3 136.6 136.8 135.2 135.5 134.8 134.5 134.8 134.7 133.5 132.2 130.7 131.3 130.8 130.5 129.2 129.7 128.4 127.2 127.9 127.2 125.8 125.5 124.1 126.5 126.2 123.9 123.4 124.2 126.1 126.8 127 127.1 126.4 124.1 128.5 123.9 121.7 124 128.3 132 133 133.3 133.9 134.7 135.9 138.4 143.3 145.7 146.8 146.8
153.9 153.4 151.6 150.8 150.4 149.7 148.5 147 143.5 141 139 137.8 137.5 136.9 137.7 137.4 137.3 137.8 136.9 136 136 136.8 135.9 137.1 136.7 136.6 136.5 135.2 135.3 135.4 135.1 135.1 135 134.7 136 136.7 135.7 134.2 132.6 131.4 131.2 130.8 130.5 131 130.6 128.6 127.7 127.6 127.7 127.1 126.2 126.9 125.7 124.1 123.3 123.2 124.5 124.7 124.4 124.4 125.6 124.3 124.1 122.2 124.7 129.2 131.5 133 134.3 133.5 132.9 133.3 134.4 137.6 142.6 145.6 146.8 147.1
156.4 155.2 154.8 153.6 153 153 153.1 151.2 147.4 143.5 140.9 138.9 137.6 137.2 137.8 137.7 137.4 137.8 136.7 137.2 137.4 136.4 136.6 137.3 136.5 136.5 136.6 136.2 136.4 136.8 135.1 135.5 135.5 135.1 136.2 137.9 137.4 135.9 134.2 132.2 130.6 129.7 130.9 131.2 129.2 130.3 128.8 128.2 128.7 127.3 125.9 126.3 126 124.4 124.2 124.2 123.7 122.9 122.7 122.6 122.7 122.6 122 126 131.1 131.2 132.1 132.3 134.6 134.2 133.5 132.5 133 136.6 141.6 144.9 146.7 147.7
158.5 159.3 159.9 158.6 158 158.4 156.7 154.2 150.3 146.7 142.8 139.3 137.8 137.7 137.2 137.2 137.3 138 137.1 137 138 137.2 137.2 137.5 137.3 136.8 136.4 135.9 135.9 135.4 136.2 136.2 136 135.6 136.7 136.8 136.5 135.9 135.6 134 133.3 131.7 130.9 131.5 131.1 130.2 129.2 129.1 129 127.5 124.9 125.4 126.7 125 124.6 124.3 124 123.4 123.3 123.1 123.3 123.5 121.8 128.6 132.1 131.1 131.9 131.8 133.2 133.9 133 131.5 131.7 134.6 139.6 143.4 146.3 147.7
162.3 164.6 164.7 163.8 163.5 161.7 159.5 155.3 152.9 146.6 142.3 139.1 137.9 138.3 137.6 137.5 137.6 137.7 138.2 138.3 137.8 137.1 137.4 137.7 137.9 137.5 137 136.5 135.3 135.7 136 136.1 135.5 134.8 134.8 135.3 135.4 135.7 135 133.7 133.3 132.2 130.7 130.9 131.6 130.8 130.2 129.9 128.8 126.2 126.1 127.2 126.7 125.5 124.9 124.6 124.1 123.7 123.7 123.6 123.9 124.6 121.9 125.1 131.3 131 132.4 132.6 131.9 131.8 131.2 129.2 129.9 133.2 137.3 141.5 145.4 147.3
166.5 167.1 166.9 166.7 165.1 162.1 159.8 157.1 152.5 146 141.2 138.6 138.1 138.5 138.6 138.3 138.2 138.3 138.7 138.4 137.9 137.6 137.8 138.1 138 137.8 137.5 137.1 136.2 136.3 136 135.8 135.8 135.3 134.5 134.5 134.3 134.4 134.2 133.3 133.4 132.6 130.9 130.3 130.8 131.2 130.2 130 127.8 126.8 127.7 125.9 126.4 125 125.4 124.8 124 123.8 123.6 123.5 123.8 124.4 124.2 123.9 123.4 129.8 132.6 132.6 132.5 131.9 129.9 127.2 128.5 129.7 135.2 140.3 143.8 146.1
166.8 166.8 167.6 167.1 165.9 164 160.6 155.8 149.8 143.3 140.7 138.8 138.4 138.4 138.4 138.6 139.2 138.8 138.5 139.3 138.3 138 138.3 138.5 138.2 137.9 137.6 137.4 137.1 136.9 136.6 136.4 136.1 135.7 134.9 134.9 134.8 134.6 134 133.2 133.4 132.2 132.3 131.7 130.9 129.9 129.4 129.9 128 127.7 127.4 126.2 125.9 124.7 124.5 124.8 124 123.8 123.6 123.8 123.9 124.2 124.8 125.3 125.7 123.5 129.9 132.1 130.2 130.5 129.2 126.4 126.2 128.1 132.8 138 141.6 144.5
168.2 167.2 167.4 166.9 165.9 164.2 158.8 153.5 146.5 143 140.2 139.6 138.8 139.1 139.2 139.1 139.2 139.5 139.3 138.8 138.7 138.5 138.8 138.7 138.4 138.1 137.9 137.7 137.5 137.2 137 136.7 136.5 136 135.3 134.7 134.5 134.2 133.8 133.2 132.7 132.1 131.8 132.2 131.2 130.5 129.8 128.4 128.9 127.8 127.2 125.8 124.7 124.6 124.4 124.2 124 124.3 124.7 124.9 125.4 125.5 125.5 126.1 126.6 125.2 122.6 125.7 126.1 126.7 125.8 125.3 124.7 126.7 129.1 134.8 138.7 141.1
169.6 168.1 166.7 165.4 165.1 162.2 157.6 152.1 146.1 142.7 140.5 139.6 139.7 139.4 139.3 139.4 139.6 140 139.7 139.4 139.3 139 139.2 138.9 138.6 138.4 138.3 138.1 137.8 137.6 137.3 137.1 136.8 136.4 135.7 134.9 134.5 133.8 133.5 133.1 132.3 131.9 131.6 130.6 130.3 129.3 130.1 128 126.5 126.2 126.7 125.3 124.9 124.8 124.6 124.4 124.8 124.5 125.6 124.4 125.7 125.6 125.9 125.4 125.9 124.6 123.3 123.3 123.6 123.1 123 124.4 123.7 125.6 127.5 131.1 135.4 137.6
168.6 167.8 167.1 168.7 167.8 162.7 159.2 154 147.1 142.9 140.9 139.6 139.6 139.8 139.8 139.8 140.1 140.3 140 139.7 139.8 139.5 139.4 139.2 139 138.8 138.6 138.4 138.2 137.9 137.7 137.4 137.2 136.7 136 135.3 134.7 134 133.3 132.7 132.1 131.8 131.7 130.3 129.1 129.9 128.8 127.9 127.5 127 125.9 125.5 125.1 124.9 124.8 124.6 125.8 125 125.2 123.8 125.4 127.1 126.3 125.4 124.6 125.1 123.3 123.5 123.1 122.9 123.6 123.7 122.9 124.7 126.7 129.2 132 134.8
167.9 166.9 166.6 168.7 167.4 161.7 158.8 155.2 149 144.1 142.3 140.7 139.8 140.2 140.3 140.2 140.8 140.5 140.2 139.9 139.5 139.1 139.6 139.5 139.4 139.2 139 138.7 138.5 138.3 138 137.8 137.5 137 136.4 135.7 135.2 134.5 133.8 133.7 132.5 131.2 131.2 130.4 129.6 129.4 128 127.5 127 126.4 125.7 125.9 125.8 124.2 124.8 125.6 126.2 125.5 125.5 125.9 126.2 127.5 125.7 125.6 126.6 125.4 125.8 124.9 123.9 123.4 123.7 123.7 122.5 124.1 125.8 128.2 130.7 131.5
169.3 168.2 166.5 166 164.2 161.1 159.1 156.4 150.5 145.5 143.8 142.3 140.5 140.3 140.1 141.1 141.1 140.8 140.4 140.1 139.5 139.4 139.3 139.4 139.5 139.6 139.3 139.1 138.8 138.6 138.4 138.1 137.9 137.4 136.7 136.1 135.6 135.1 134.4 133.7 133.1 132 130.7 130.9 129.6 128.5 127.4 126.9 126.4 126.1 125.8 125.3 126.6 125.8 125.9 127 126.8 126.6 126.9 127.2 127.5 127.4 125.2 125.7 126.8 125.3 126 125.5 124.8 124.1 123.2 123.4 123.4 124.4 125.4 126.9 128.4 128.9
168.5 166.8 166 163.8 162.2 160.4 157.8 156.4 152 147 144.3 142.9 141.6 140.6 140.4 141.1 141.2 141.5 140.8 141.3 140 139.4 140 140.1 140.2 140 139.8 139.5 139.3 139 138.7 138.5 138.2 137.7 137.1 136.5 136 135.4 134.6 133.7 132.1 130.9 130.7 129.5 128.5 127.5 127.2 126.9 126.7 126.4 125.5 126.4 126.8 126.7 127.1 126.1 127.1 127.7 126.2 126.9 127.3 126 125.3 125.3 125.4 124.9 124.6 124.4 124.9 124.1 123.6 123.1 123.9 124.8 125.8 126.2 126.3 126.8
167.1 165.6 163.8 161.4 159.7 159.4 157.1 154.9 152.1 147.3 144.9 143.4 142.1 141.3 141.4 141.3 141.9 141.8 140.8 141 140.6 139.7 140.9 140.2 140.1 140.1 139.6 139.2 139.1 138.8 138.5 138.2 138.4 138 137.4 136.5 136 135.2 133.8 132 130.6 129.1 129.1 128.3 128.2 127.2 127.2 127 127 126.7 126.7 127.5 127.8 127.1 128.2 127.2 126.7 128.1 127.5 126.1 127 126.2 125.6 125.2 124.8 124.4 124 123.7 123.4 123.4 123.7 123.2 123.7 124.6 124.9 124.9 125.5 126.4
166.9 166.6 165.4 164.1 162.3 159.9 157.9 155.7 152.8 147.9 145 144.1 142.8 141.9 142 142.2 141.6 142.3 141.9 141.7 141.3 140.5 140.2 140.2 140.2 140.2 139.7 138.2 137.8 137.9 137.9 137.9 137.8 135.7 136.3 135.3 134.6 131.8 129.6 129.4 129.3 128.5 128.5 128.9 128 127.3 127.4 126.7 126.1 127.4 128.7 129.1 129.1 129 129 128.5 127.8 128 127.7 126.3 126.8 126.3 125.8 125.3 124.9 124.7 124.4 124.2 123.6 124.2 124 123.7 122.3 123.9 124 124.1 125.6 126.1
166 164.3 163.8 162.8 161.2 159.3 156.3 153.7 151.3 147.8 145.6 144.7 143.4 142.6 142.6 142.6 142.5 142.3 141.9 141.6 141.7 141.5 140.5 140.3 140.3 140.2 138.5 137.1 136.4 135.6 135.4 135.7 136.5 133 131.5 131.6 131.1 130.4 129.5 129.4 129.4 128.2 129 128.6 127.4 127.5 127.6 128.3 129.1 128.9 129.5 130.1 129.7 129.3 128.7 128.9 128.7 128.5 127.6 126.9 126.7 126.2 125.8 125.6 125.7 125.3 125.1 124.9 124.4 123.4 123.5 123.3 122.4 123.3 123.9 124.9 125.2 125.3
166.6 164.1 162.4 160.8 160.5 158.2 155.6 153 151 147.8 146.7 144.8 144.5 143.6 142.9 142.9 142.8 142.6 142.3 141.9 141.8 141.1 141.8 141.5 140.5 139.4 137 137.3 137.1 136.2 135.1 134.3 133.7 130.7 130.4 130.6 130.7 129.9 129.7 130.8 129.3 129.8 130.3 130 130.2 129.6 129.9 130.1 130.2 130.1 130.4 129.6 129.6 129.7 129.2 129 128.9 128.6 127.5 126.9 126.6 126.1 126.2 126.3 126.6 126.4 126 124.2 123.8 122.9 122.8 122.9 122.7 123.2 123.4 123.9 124.4 124.4
169 165.6 163.6 162.2 160.6 158.5 155.5 153.4 151 148.5 146.6 146.1 145.2 144.3 143.3 142.9 143.1 142.5 142.4 142.2 141.8 142.4 140.1 139.2 138.8 139.7 137.9 137.8 137.4 136.8 135.6 134.6 131.2 131.1 130.8 130.5 128.8 129.7 131.4 132.1 132.4 132.9 131.9 131.8 131.6 131.2 130.3 130.3 130.9 130.6 130.6 130.4 130.2 129.9 129.3 128.8 128.3 128.3 128 126.9 126.7 126.8 126.9 127.1 127.3 126.9 125.5 125.3 125.1 123.1 122.8 122.5 122.4 122.3 122.2 122.6 123.3 123.6
168.6 166 162.7 161 158.9 156.1 153.8 151.4 149.7 147.8 146.8 146.5 146 145 144.1 143.1 143.3 142.6 142.5 142.2 141.4 139.7 139.3 139.8 139 139.2 138.4 138.1 137.9 137.1 136 132.3 131.4 131.5 131.2 130.9 131.3 132.4 132.7 133.7 133.8 133.7 132.8 132.5 132.4 131.9 131.1 130.6 131.6 131 131.1 130.8 130.1 129.5 128.8 128.3 127.7 127.4 127.5 127.4 127.5 127.6 127.7 127.8 126.7 126.4 125.8 125.4 125 123.5 123.3 122.9 122.5 122.4 122.3 122.4 122.8 123.4
165.8 164.4 161.9 159.7 157.5 155.2 152.3 150.5 148.8 147.7 146.6 146.3 146 145.4 144.1 143.2 143.1 141.9 141.7 141.3 140.3 139.5 138.7 137.6 138 138.8 138.6 136.9 136.7 133.6 132.2 131.4 131.6 131.9 131.9 132.7 132.8 133.3 134.1 134.3 134.2 134.2 133.8 133.4 133.1 132.5 132 131.7 132 131.7 131.2 130.8 130.5 129.7 128.6 128.2 127.9 127.5 127.3 128.4 128.5 128.2 127.7 126.8 126.7 126.1 125.1 124.7 124.5 124.3 123.9 123.3 122.8 122.6 122.5 122.6 122.8 123
162.6 161.5 159.9 157.6 156.1 155 151.1 149.6 148.1 147.6 146.5 146.2 145.2 144.8 144.5 143.1 142.7 142.2 140.9 140.4 139.3 137.2 136.1 134.6 136.5 135.6 133.5 132.4 132.7 132.4 132.5 132.8 134.2 134.1 134.7 134.2 134.4 134.9 134.6 134.4 134.4 134.4 134.2 133.9 133.5 133.1 132.7 132.4 132 131.5 131 130.6 130.1 129.9 129.5 128.8 128 127.9 128.2 128.6 128.2 127.8 127.1 126.9 126.6 125.8 124.8 123.8 123.6 124.1 123.1 123.4 123.2 122.8 122.7 122.8 123 123.3
156.2 156 156 154.4 153.8 152.1 149.6 147.9 147.2 147.4 146.3 146 145.4 145 144.2 142.5 141.5 140.7 140 137.6 135.4 134.2 135.2 132.3 132.3 133.2 133.9 132.6 133.9 134.6 135.2 136.2 136.4 135.9 135.8 135.7 136 135.6 134.9 134.6 134.4 134.3 134.2 134 133.6 133.1 132.7 132.3 131.9 131.4 130.9 130.4 129.9 129.5 129.1 128.7 128.5 129.6 129 128.6 128.2 127.8 126.9 127.6 127.2 125.7 124.6 123.5 123.1 124 123.3 123.2 123 123.1 122.9 123.2 123.5 123.4
151.1 151.2 152.3 152.8 150.8 150 148 148.5 147.1 146.9 146 145.1 145.1 143.8 142.1 141.3 141 138.3 137 135.4 134.5 134.1 134.3 134.4 134.7 135.6 134.1 134.4 136.3 136.9 137.2 137.6 137.7 136.6 135.6 136.8 136.6 135.9 135.2 134.9 134.7 134.5 134.3 134.1 133.6 133.1 132.6 132.2 131.9 131.4 130.9 130.4 129.9 129.7 129.8 129.6 129.4 130.8 129.1 128.7 128.2 127.7 127 127.5 126 124.9 125.2 125.3 125.3 125.2 124.2 123.7 123.6 123.5 123.4 123.8 123.8 123.5
