WholeMapElevations/data/ns/ns08_OST50GRID_20230518/NS08.asc
ncols 200
nrows 200
xllcorner 200000
yllcorner 680000
cellsize 50
[rows 70 to 104 of 200, columns 79 to 157 of 200]
293 294.8 292 291 288.5 281.9 282.8 288.5 285.4 278.2 280.6 282.3 278.2 275.4 256.4 247.3 226.9 226.3 198.4 185.1 156.8 130.4 110 122.5 105.8 126.1 141.2 156.2 157.5 164.1 148.8 140.7 138.3 122.5 101.4 99 100.6 106.5 105.2 102.4 109.5 133.1 160.1 181.6 189.1 212.6 229.5 251.1 262.9 277.1 291.2 299.6 313.4 324.4 330.7 331.9 339.5 346.2 353.9 362.4 366.1 368.7 372.1 375 374.8 375.5 375 375.3 376.4 375.4 375 372.1 367.4 363.4 354.5 341 326.1 310.6 299.3
300.1 303 300.5 292.8 289.7 282.6 287.7 290.3 289.3 284.6 290.3 289.7 287.1 275.2 264.8 261.3 236 228.2 216.4 199.6 176.4 152.1 126.1 95.1 101.2 113.5 116.4 119.2 137.6 152.1 132 124 115.6 105.4 84.3 80.7 87.3 86.1 88.3 98.5 122.5 148.7 171 190.1 198.3 212.5 228.6 252.7 266.6 283.5 293.6 307.8 319.1 328.1 331 332.7 340.3 346 355.8 359.7 365 368.7 371.9 373 373.4 374.2 374.7 374.8 373.5 374 372.2 368.7 366.7 361.4 350.2 326.2 310.6 296.8 277.8
307.8 314.1 306.7 296.8 290.4 285.5 292.8 294.3 297.4 292.8 299.6 297 292.3 282.4 277.7 260.2 251.7 232.2 221.9 211.1 194 173.3 142.3 113.4 89.4 81.3 89.4 98.2 109.8 130.1 114.5 106.7 100.3 91.2 66.2 65.9 69.9 65.6 86.1 109.8 134.8 157.3 179 199.3 211.9 218.8 235.9 256.9 271.1 282.7 299.2 311.8 321 326.1 329.6 335 338.1 342.7 350 355.2 364.1 370 373.2 372.5 374.3 374.5 375.6 373.4 371.7 371.2 368.8 365.7 364.5 362.4 354.1 323.8 290.1 276.4 262.6
312.3 315 309.9 298.1 293.6 291.7 294.2 298.1 306.1 306.3 301.1 305.6 299.3 292.7 280.6 270.8 267.7 249.2 230.5 229.7 220.2 194 167.8 128.4 110.1 84.4 69.1 76.4 89 104.7 85.8 88.1 78.7 66.9 53.4 55.3 55.6 69.5 94.4 119.8 142.7 165.6 189.7 202.6 215 230 236.7 258.4 270.1 278.3 305.2 313.7 319.3 321.4 331.3 337.3 337.2 340.6 350.9 358 364.4 370.1 372.8 374 375.4 375.7 375.6 373.2 369.3 367.3 364.7 361.9 357.5 350.5 336.1 312.7 278.3 260.7 253.2
313.2 314.2 310.5 300.5 297.3 297.4 298.2 301.1 309.9 314.7 309.5 307.5 308.4 290.9 283 283.1 277.9 265.7 232.2 232.4 237.2 222.7 173.7 148.3 122.3 96.5 82.6 62.9 71.1 81.5 73.4 69.3 60.9 54.6 40 40.7 53.9 75 102.6 122.3 144.6 180.1 191.9 199.8 221.9 240.3 244.2 254.6 270.1 283.9 301.7 309 319.1 320 332.7 329.8 336.1 342.8 353.2 358.5 362.9 368.9 372.2 374.3 376.3 376.7 375.2 373.3 368.9 358.9 360.7 360.5 342.8 323.7 299.6 282.4 266.5 254.1 232.3
308.5 311 306.8 301.8 302.5 304.5 305.8 305.9 311.6 317.1 317 314.1 311.8 306.3 297.4 290.2 281.9 266.6 240.7 226.8 244.4 225.7 181.6 160.1 134.6 117.3 94.6 71.2 49.6 57.6 65.7 59.3 53.1 45.7 38.2 54.3 68.9 85.7 105.3 132.4 153.6 183 193.3 208.4 230.1 239.5 251.2 260 270 281.5 301.1 311.3 316.8 316.2 322.2 330.9 336.8 341.5 349 356.5 365.1 369.7 372.4 375.3 377.5 378 377.2 375 374.1 368.2 338.5 342.8 323.7 302.5 283.4 265.8 256.6 240.4 225.9
308 307.4 305.1 305.7 308.3 311 312.1 313.9 311.2 322.7 323.9 320.3 319.3 318.2 306.7 296.1 291.6 280.6 245 222.1 235.2 218.1 189.3 169.3 155 134 112.7 84.2 56 43.8 56.1 51.1 47.9 32.9 35.8 60.5 75.8 93.5 115.7 146.4 159.1 176.5 190 212.1 230.5 243.7 254.3 260.8 268.8 277.4 289.3 305.6 301.2 313 321.3 335.1 338 341.6 349 357 366.6 370.8 372.5 376 377.4 379.8 381.7 379.3 376.8 369.5 351.3 308.4 303.7 293 270.2 256.8 244.1 230.5 216.5
306.3 306.6 307.2 308.4 312 317.2 320.3 325.4 323.8 318.3 331.4 328.1 330.5 337.2 322.2 310.9 300.2 287.2 255.5 219 219 203.7 191.4 184.7 178.6 143.3 130.5 98.8 62.4 40.2 50.8 45.5 42.2 32.3 36 56.7 76.1 95.2 115.4 159.9 172.7 181 186.6 222.3 235.4 247.2 259.9 267.6 274 280.7 283.5 290 303.2 313.6 322.4 334 336.9 344.2 350.5 359 366.2 370.8 373 376.1 379.1 382.2 383.4 383 376 367.5 351 314.8 280.4 270.4 258.8 247.4 235.3 222.2 205.8
305.7 306.7 308.4 312.3 319.6 323.4 326.1 331.2 337.1 335.4 324 332 340.2 352.9 340.8 320 299.9 289.4 259.5 221.9 209.2 203.3 199.6 191.6 191.3 152.4 146.1 106 72.1 51.6 37.6 38.1 37.3 32.1 31.6 56.8 67.2 84.7 111.9 135.4 165.6 180.8 192.3 222.4 234.5 247.9 261.2 269.7 276 283.1 288.6 296.8 304.2 311.8 322.1 326.9 334.2 344.3 353.8 361.3 367.5 370.3 372.5 376.9 383.6 387.9 387.5 388.6 376.7 358.2 337 304.1 275.8 250.6 245.9 233.9 228 210.9 196
305.4 306.5 315.4 319.6 326.7 332.8 339.5 337.6 342.8 345.7 331 330.1 344.9 359.1 350.9 332.7 302.4 279.6 249.8 220.2 206.9 205.9 202.6 183.4 185.8 155.4 154 112.3 72.9 51.9 39.9 31.9 30 28.6 29.9 52.9 69.5 92.6 116.5 139.8 157.5 179.3 195.5 212.3 228.6 251.3 265.4 271.2 275.7 283.5 292.9 300.8 308 313.9 319.5 324.7 335 348.2 361.2 368.9 366.7 368.1 371.6 379.2 383.1 386 397 396.5 380.9 363.7 322.8 286.9 263.9 250.1 233.5 219.7 216.4 204.1 187.1
303.9 306.9 317.4 326.5 331.7 336.5 345.4 344.9 344.2 344.8 339.3 345.1 340.4 355.4 352.6 339.5 293.6 252.7 225.4 205.2 203.1 207.4 197.4 171.9 170.2 146.3 136.9 98.1 72 49.5 36.7 34.7 26.4 27.2 33.8 54.1 76 96 118.3 149.7 165.9 182.6 200.1 228.5 241.1 256.8 266.3 274.2 279 284.3 294.3 303 309.3 315.4 322.5 326.4 338.9 357 370.1 370.9 365.6 365 371.2 379 385.2 385.8 396.5 394.8 380.4 364.5 327.8 297.9 264.6 242.6 222.2 204.4 203.3 190.6 177.9
303.4 310 320.1 330.8 338.6 341.5 347.5 350.4 346.1 341.5 348.4 358.3 352.3 351.5 348.6 333.6 303.5 246.6 220.3 199.7 198.2 206.4 191.4 162.2 136.1 125.6 115 85 72.4 43.7 32.8 32.5 25.7 26.4 34.8 53.8 78.7 99.1 116.4 141 160.7 182.7 197.2 225.4 240 247.6 256.5 267.3 281.4 287.7 294.7 301.4 309.5 315.9 320.5 327.6 338.8 355.1 366.6 372.3 361.8 363.2 370.4 374.9 379 381.6 390.7 380.1 374.9 354.1 316 300.2 259.6 237.6 219.3 195.7 179.9 176.4 167.3
304.8 312 320.7 331.1 338 343.5 350.5 352.4 350.1 345.1 357.2 362.8 359.4 354.4 343.3 313 289.3 250.8 219.6 197.5 190 207.7 192 153.6 122.8 106.4 102.7 74.4 52.3 41.5 31 30.8 25.3 25.2 33.7 55.6 73.7 101.9 116.4 133 156.6 181.9 199.9 220.5 229.3 238.8 252.4 261.5 275.4 287.9 296.1 300.3 310.7 315.3 319.7 329.1 340.4 350.1 357.7 361.7 356.9 361.8 368.1 372.7 381.3 379.8 374.9 373.3 357 327 303.8 293.1 255 228.8 211.2 191.3 178.9 161.1 158.2
307.1 314.2 318.7 327.2 336.4 342.5 349.3 358.1 351.6 351.1 360.4 371.9 367.3 360.7 348.3 330 286 256.1 225.9 188.4 183.1 194.2 181.1 148.3 110.6 96.6 82.1 66.7 50.2 41.6 30.2 25.3 23.1 24.3 35.5 58.7 82.2 106 124.5 142.7 162.3 181.3 197.9 215.2 224.6 236 245.7 255.7 268.9 285.4 298.3 302 307.2 313.2 321.6 331.4 339.6 347.7 353.7 355.3 353.7 361 367.1 375.5 387 382.5 372.6 362.8 329.9 310.5 291.9 277 240.6 221.7 202.9 185.3 170.5 155.3 145.3
308.9 313.5 319.7 331.6 334.9 343.1 352.3 354.7 354.9 350.2 362.3 374 371.2 372.7 346.7 318.5 296.6 257.1 216.4 187.7 178.6 174.7 157.4 127.7 102.3 87.8 72.5 51.1 40.4 39 30.7 24.1 22.3 24.3 39 63 85.9 109.4 127.5 145.2 166.5 183.5 197.1 214.8 219.7 234.3 245.6 260.8 271.9 280.2 292.9 299.1 306.2 315 323.2 334.4 339.5 346.7 351.1 350 352 359.5 369.4 386.7 389.2 386.8 368.1 348.2 320.6 301.5 284.4 258.3 232.3 214.4 193.6 177.5 163.1 151.1 140.2
309.7 315 319 329 338.2 342.3 350.7 356.4 357.6 356.6 356.5 371.6 376.6 374.8 352 312.8 290.3 261.3 218.4 188.1 171.6 170.4 152.2 127.7 102.3 79.9 65.4 46.9 37.6 34.8 23.1 22.4 21.2 25.9 45 63.6 88.6 112.2 129.9 144.7 166.4 187.3 193.5 211.6 217.9 230.9 245.6 264.2 275.4 286.5 295.3 300.7 309 315.9 327.3 335.4 340.4 343.5 347.2 348.2 351.1 363.1 374.5 388.4 393.1 387.5 366.3 331.4 310.8 291.7 276.5 245.7 226.9 200.5 185.3 166.3 155.4 143.4 131.1
309 316.6 318.8 329.4 334.7 346.1 350.7 356.7 358 359.6 359.1 359.9 371.6 356.1 340.2 333 296.2 256.7 225.8 193.5 174.3 165.5 150.5 137.4 107.1 83.9 66.5 44.5 28.2 25.1 21.2 21.1 20.8 25.5 39.9 59.5 88.9 107.8 127.2 143.9 165.1 179.5 189.2 203.9 218.3 229.4 249.7 263.1 274.5 284.8 293.7 299.8 310.1 317.7 328.9 337.7 342.8 343.5 343.8 347.2 351.3 366 378.6 380.2 382.9 373.2 348.7 329.3 299.5 275.5 254.1 233.3 214.6 191.6 180 154.7 146.2 134.4 125.9
308 312.1 316.1 325.5 333.2 344 352.8 356.9 360.7 373.3 375.1 364.7 361.3 345.1 342.6 328.7 294.3 264.2 231.5 199.8 177.7 157.3 143.9 141 108.1 85.6 68.9 44.1 37.4 21.1 19.9 20.4 18.1 31.7 50.9 72.1 94.9 111.6 127.2 149.4 164.9 183 189.9 201.7 218.7 230.7 246.6 260 272.9 285.3 294 303.4 311.3 323.4 331.3 337.6 342.1 341.3 342.9 345.5 351.2 366.3 375.4 381.3 375.2 365.7 348 321.1 299.1 263.5 237.9 220.9 202.9 183.7 167.9 150 136.3 128.8 125.9
309.4 312.4 316.7 328.9 333.5 344.5 350.4 360.8 366.9 372.8 385.1 375.1 358.4 346.5 342.2 336.2 306.5 279 239.2 211 186.8 158.1 138.7 140.3 104.3 87.2 74.3 42 28.9 19.2 19 19.6 18.2 33.3 52.1 77 97.5 113.7 130.2 150.9 169.4 179.2 187.4 199.5 216.2 233.8 249.7 265.5 276.5 285 295.3 307.3 314.7 324.8 333.3 335.8 338.1 339.6 343.3 342.9 349.2 360.2 375 377.6 368.3 350.4 332.1 313 283.8 249.4 233.2 213.7 192.3 172.9 159.4 141.8 128.6 125.9 125.9
311.8 314.5 319 329.3 338 348.8 357 363.2 377.7 380.8 381.6 369.7 365.2 349.2 349.8 330.7 310.8 299.7 256.3 220.5 195.7 164 138 119.8 100.5 89.1 67.3 41.6 21 18.1 18.6 18.9 19.1 33.6 55.8 75.4 102.8 114.4 131 146.3 161.8 170.6 185.7 201.9 219.2 235.8 252.6 263 275 288.6 297.6 308 315.3 324.3 334.3 334.8 337.4 340 345 340.2 348.2 355.6 363.6 369.8 351.7 344.9 330.1 308.9 277 242.1 225.2 204.2 186.1 167.4 149.5 133.1 125.9 125.9 125.9
317.1 316.9 320.2 326.2 337.1 350.6 355.5 365.4 375.2 385.9 376.5 371.6 378.8 357.1 351.3 334.5 325.6 315.3 258.8 231.6 205.7 168.5 138.8 115.1 98.4 84 53.4 40.9 22.3 17.2 17.2 17 23.8 34.9 55.6 81 94.3 114.6 133.2 149.2 160.4 168.9 186.1 200.9 219.4 240.1 250.4 262.2 275.6 288.8 299.4 307.2 315.8 325.8 333.6 335.5 336.6 344.6 341.8 337.8 349.3 353 358.3 353.3 348 337.1 324.7 299.4 260.7 233.9 211.6 194.6 180.6 162.2 141.2 129.3 125.9 125.9 125.9
314.2 318.9 322.9 329 340.8 348.3 358.9 370.2 374.2 377 376.7 380.5 384.7 372.1 341.6 327.5 333.8 309.4 260.3 230.4 212.7 176.9 138.3 115.1 99.2 68.5 43.6 42.7 27.4 15.9 18.4 24.7 33.8 39.2 50 76.5 93.2 114.5 143.4 155 153.3 165.1 184.1 206.7 219 240.7 253.5 265.8 272.8 282.7 299.2 309.8 316.4 325.6 332.8 330.2 340.3 344.8 336.5 336.4 345.4 352 350.3 346.4 341.9 335.1 307 285.1 246.2 226.4 206.4 192 176.3 157.3 137.5 125.9 125.9 125.9 125.9
314.7 321.5 329.9 334.7 342.9 355.6 359.4 372.1 380.2 379.3 386.5 389 394.4 374.6 352.3 321.7 303.6 290.7 249.8 227.4 212.8 185 136.7 112.3 93.3 63.2 41.4 37.2 28.4 15.8 16.4 28.2 36.4 38.6 54.2 70.1 92 115.4 134.8 150.3 150.2 163.4 182.6 198.9 220.2 238 256.7 268.2 271.2 278.1 295 309.2 315.9 322.7 327.3 338 344.6 340.9 331.8 334.8 339.8 353.6 345.9 345.5 332.4 326 304.2 264.3 240 224.8 199.8 184.9 169.5 153.3 133.6 125.9 125.9 125.9 125.9
314.9 327.1 334.4 336.2 345.3 360.5 365.1 368.5 377.8 383.7 401.4 399.3 392 383.2 364.2 326.5 299.9 276 239.4 217.3 195.8 177 135.1 109.9 90.6 62.3 45.1 25.9 18.5 13.6 14.8 21.6 34.3 39.3 51.4 64.6 84.1 108.6 130.5 139.9 145.8 161.4 180.6 196.8 217.6 236.2 262.1 270.5 270.4 281.8 292.3 299.5 311.1 319.9 327.8 335.5 340.8 332.1 327.8 332.9 336.2 343.1 344 340.2 321.7 311.2 288 249.5 231.4 213.1 192.6 176.1 160.9 146.3 128.3 125.9 125.9 125.9 125.9
315.2 328.2 339.3 342.5 343.8 357.3 367.9 371.3 379.2 393.5 396.3 402.8 388.1 389 382.5 337.1 297.4 273 239.4 226.2 207.9 169.2 136.1 106.5 86.3 67.6 51.2 23.6 15.9 14 14.9 18.1 23.5 32.5 48.5 64.8 80.1 112.8 124.5 130.6 141.7 158.3 178.3 195.5 219.7 237 255.5 266.9 268 281.1 290.1 301.3 312.2 324.8 331 330.2 328.9 326.7 325.9 328.8 331.6 333.3 332.1 323.6 306.6 291.5 266.2 239.8 223.4 207.1 187.5 168.4 150.6 139.8 127.9 125.9 125.9 125.9 125.9
318.4 331.8 342 350 350.6 356.8 372.4 377.7 387.5 393.2 402.5 397.2 388.8 392.2 394.6 351.7 296.8 260 236.5 231.1 200.2 172 138.6 106.2 88.6 72.4 47.5 20.3 12.2 13.5 13.8 18.6 21.1 30.7 45.6 62.9 80.8 100 119.2 122.1 138.3 156.9 176.9 192.9 218.7 238.8 249.6 259.6 270.1 277.5 293 301.3 314.7 325.9 330.9 330 327.2 324.3 323.2 325.2 326.7 326.1 326.3 320.2 301.5 276.4 251.5 232.2 218.4 203.7 181.9 160.2 144.8 131.9 125.9 125.9 125.9 125.9 125.9
322.3 338 348.6 357 362.5 360.3 372.2 390.2 398.8 392.3 397.8 390.1 391.6 395.4 394.4 352.4 309.4 257.5 233.8 216.9 198.6 169.7 141 107.2 88.7 76.3 47.1 30.9 12.5 13.8 14.3 17.1 18.3 29.5 42.8 61.8 78.3 90.9 102.1 115.7 132.2 148.8 176.9 194.3 214.9 231.9 246.7 258.5 269.7 278 292.7 297.2 319.3 325.3 326.8 326.9 325.9 322.1 321.2 323 323.3 322 321.8 321 305.2 275.6 250.7 230.5 209.1 189.5 170.8 156.8 140.3 127.9 125.9 125.9 125.9 125.9 125.9
327.2 340.1 352.2 362.5 371.1 370 375 394.4 404.4 396.1 400.5 391 392.3 396.5 394.9 351.7 300.2 258 233.7 219.2 197.7 167.5 141.4 107.6 85.5 70.6 55.3 30.6 11.5 14.1 16.1 16.3 16.6 24.6 40.1 60.8 72.5 78.4 93.8 114.7 130.3 152.5 176.4 199.7 216.8 229.2 240.2 255.1 263.4 274.6 283.7 299.9 317.2 327.2 326.7 327 323.3 320.8 320.3 321.3 318.8 315.1 315.8 315.7 297.6 271.4 254.7 230 208.6 188.9 166.2 145.2 134.9 125.9 125.9 125.9 125.9 125.9 125.9
328.6 339.1 358.7 370.6 372.3 383.2 386.2 391.3 398.7 396.8 395.9 393.4 398.5 400.8 387 341.8 299 260.2 233.4 217.3 185.7 160.2 141.3 107.7 77.4 75.7 53.9 25.6 12 12 14.7 15.5 15.8 22.7 39.1 58.6 68.6 71.1 89 112.7 126.2 148.2 168.6 188.8 206.4 227.6 238.9 248.9 263.2 271.5 284.1 307.1 322.5 332.8 331.8 332.8 322.8 320.8 319.6 319.2 313.5 308.6 311.4 301.4 278.8 268.6 249.2 228.6 205.9 188.1 160.8 146.4 129.5 125.9 125.9 125.9 125.9 125.9 125.9
326.9 343 358.1 374 382.2 396.5 399 394.4 397.1 398.9 399.3 404.1 414.1 397.4 386.6 337.3 307.5 258 233.2 210.1 183.3 165.8 133.9 106 74.8 73 53.2 33.4 13.3 10.2 13.6 14.9 15 20.7 50 62.1 58.5 63.9 79.9 99.1 115.6 143.3 168.4 191.4 208.8 230.4 239.4 250 266.2 274.3 296 312.4 326.4 334.4 339.6 330 322.8 321.6 318.7 312.2 310.3 302.2 298.9 285.4 274.3 267.1 241.2 221.1 200.1 183.5 156 141.7 127.6 125.9 125.9 125.9 125.9 125.9 125.9
328 345.3 360.2 372 390 402.2 407 403.3 403 402.7 405.2 405.6 407.6 400.5 366.6 330.8 291.3 258.2 241.9 217.1 194.4 157 130 101.7 75.7 56.7 43 35.7 18.9 9.8 13.5 13.4 14.2 23.6 48.3 62.5 56.4 59.5 80 96.3 117.4 140.9 167.5 191.3 212.4 224.9 238.2 253.3 262.7 278.1 297.7 316.9 330.7 339 337.4 327.1 323.5 321.8 321.1 316.3 311.9 298.6 283.9 273.3 264.9 258.6 240.7 217.1 194.9 175.3 153.2 136 125.9 125.9 125.9 125.9 125.9 125.9 125.9
325.3 344.7 358.9 377.9 392.9 405.7 410.5 410.1 414.1 411.6 413.9 413.7 411.9 392.5 363.8 323 285.7 260.4 249.6 215.8 194 167 133.2 105.6 78.4 51.3 36.5 29.1 16.4 9.7 11.9 13.3 13.9 22.9 51.7 57.5 50.1 62.8 77.8 100.6 123.4 141.3 162.8 189.3 212.4 224.8 233.7 247.7 262.3 284.4 298.3 312.7 326.6 339.8 338.9 326.2 324.2 323.1 322.2 321.4 312 299.8 280.2 264.7 251.3 243.2 228.2 208.2 187.3 165.9 151 131.5 125.9 125.9 125.9 125.9 125.9 125.9 125.9
324.5 341.2 352.9 375.1 392.8 402.8 415 423.3 419.1 417.3 417.3 423.1 405.5 385.4 357.6 312.6 278.2 262.8 248.8 214.6 185.4 168.1 144.3 107.1 79.1 52.9 28.6 19.9 12 9.5 9.6 13.2 12.9 18.8 43.7 45.3 48 59.2 79.6 100.6 120.3 143 160.7 185.1 205.9 222.5 230.3 244.5 267.1 286.9 300.1 309.9 326.8 337.4 330.3 327.8 327.2 326.9 324.9 322.7 313.4 299 280.2 267.6 250.6 231.6 208.1 194.2 176.8 161.4 148.1 129.6 125.9 125.9 125.9 125.9 125.9 125.9 125.9
320.1 332.2 348.8 367.6 390 405.9 419.1 430.7 422.4 417.1 419.7 417.5 407.8 379.7 340.8 306.3 280.9 256.5 236.1 206.3 177.2 162.8 138.3 116.5 79.5 54.1 26.4 15.2 8.8 9.2 8.8 9.7 10.7 15.8 22.3 34.1 41.8 56.4 82.3 109.3 125.8 144.5 160.5 180.1 198.2 213.7 226.6 242.2 266.2 283.4 299.3 311.2 328.4 325.5 328.4 327.8 327.9 330.8 326.7 320.1 312 297.8 280.8 268.3 254.7 244.6 219 195.5 175.1 153.7 136.8 125.9 125.9 125.9 125.9 125.9 125.9 125.9 128.4
316.2 330.9 342.2 366.8 383.2 398.5 420.8 430.7 412 415.5 426.7 418.2 402.3 366.4 336.7 301.6 284 256 224.7 202.3 182.5 153.4 142.1 116.2 84.4 56.3 29.1 8.1 8.4 8.1 8.2 9.5 12.2 14.2 20.8 33.7 39 55.3 83.5 113.7 134.1 152 164.9 181.3 194.5 209.1 224 242.2 270.4 280.6 298 316.6 322.9 322.8 331.7 333.8 329.4 332.1 328 319.3 309.1 297.5 281.8 269 253.4 238.3 220.3 203.3 178.5 157.7 142.1 128.7 125.9 125.9 125.9 125.9 125.9 125.9 131.8
