UK/data/sn/sn42_OST50GRID_20230518/SN42.asc
ncols 200
nrows 200
xllcorner 240000
yllcorner 220000
cellsize 50
[rows 72 to 107 of 200, columns 0 to 79 of 200]
136.2 147 160.6 169.6 174.5 178.4 180.3 180.4 179.5 177.9 175.6 171.8 166.2 148.8 126.5 110.8 121.2 143.3 143.4 138.4 125.5 110.4 92.1 96.7 123.6 157.1 173.1 176.5 180.3 183.4 185.8 187.1 187.6 187 184.9 182.6 180.3 177.1 173.3 162.7 150.8 132.9 120.9 120.4 118.7 119.8 115.8 111 107.4 105.3 101.8 101.1 100.5 107.8 112.4 115.5 117 117 118.9 122.9 130.3 138.3 141.2 141.2 140.6 141.9 146 151.1 153.6 153.6 153.5 150 147.4 145.8 144.5 143.8 147.4 147.5 147.9 151.6
133 145.4 159.3 169.1 173.4 176.5 177.4 178.1 176.7 176 172.9 165.9 156.4 142.5 119.2 105 121.6 138.9 131.3 114.2 102.4 89.9 82.5 102.8 134.5 163.3 172.5 176.3 179.8 182.7 185.2 186.3 186.4 185.7 183.1 181.5 179.1 176.1 172.3 166.2 153.5 138.6 120.6 114.6 114.2 114.3 111 105.8 104.3 101.2 100 100 103.2 108.2 110.7 112.5 113.1 115.5 121.3 129.5 139.5 141 139.3 136.1 134.2 136.3 142.1 145.8 148.7 149.5 149.6 147.7 147.7 145.4 142 141.1 144 146.3 149.1 152.3
133.2 146.6 160.6 167.7 172 174.1 175 175.2 174.2 173.6 165.4 144.5 131.4 121.1 111.4 97.3 117.6 128 114.1 93.6 78 69.1 92.8 122.6 151.5 167.1 171.9 175.8 179 181.2 183.3 184.1 184.6 183.7 181.9 180.1 177.6 174.5 170.5 164.1 153.9 141.1 130.5 118.6 106.5 111.4 109.6 104.4 99.4 97.3 97.4 96 102.8 105.8 107 109 112.5 120.9 129.2 137.2 141.1 138.5 136.9 132.5 125.8 129.7 137.2 139.8 140.7 144.2 146.4 144.5 147.2 145.2 141.4 142.5 142.9 144.6 148.3 151.8
136.9 152.1 162.8 166.9 170.5 172 172.2 171.6 171.5 169 152.5 128.2 109.8 97.1 86.6 97.2 118.8 113.7 95.1 73.9 66.3 81.2 111.8 139.5 157 167.1 171.2 174.3 176.7 178.6 180.7 181.6 182.8 182.1 180.6 178.4 175.6 172.5 167.6 159.1 153 143.8 135.7 125.3 105.7 105.6 105.9 104.6 98.2 92.1 91.5 94.3 100.1 102.4 103.8 114.3 121.5 127.4 134.3 136.9 135.3 131.6 126.1 119.5 119.6 123.3 128.1 131 131.8 132.4 131.6 130.5 131.1 136.7 135.1 138.1 143.8 146.3 149.6 153.8
144.3 156.3 163.6 166.7 168.6 169.7 169.6 169.1 167.8 158 137 111.4 90.7 84 98.7 112.2 111.5 98.9 77.1 61 69.3 94.1 121.2 142.9 157.4 164.3 167.2 170.8 172.9 174.7 176.9 178.4 179.4 179.4 178.8 176.5 173.4 169 159.7 146.8 141 132.8 123.5 112 97.7 99.6 103 101.7 97.4 91.8 85.3 91.6 96.3 97.9 102.4 112.3 110.2 112.4 115.5 119.7 119.8 117 111.9 110.7 114 116.3 119.1 120.8 122.9 120.6 127.1 138 137.8 134.8 139.1 144.4 148.1 151.4 157.3 162.3
149.1 156.8 161.9 165 166.5 167 166.2 165.6 165.2 154.2 124.8 102.1 72.6 96.4 108 111.1 100.8 81.8 56.7 58.5 77 97.4 118.1 138.8 147.4 152.9 155.2 162 166.9 169.4 172.9 174.9 176.3 176.9 176.6 174.4 170.2 161.7 145.6 130.9 123.5 116.1 108.8 101.1 88.9 92 98.3 96.7 94 88.9 85 87.6 90.2 91.2 93.9 94.3 92.1 95.5 98.6 100.1 102 103.6 105.8 107.9 109.8 111.6 114.2 117.2 121.1 127.4 138.4 141.4 142.7 141.5 144.5 150.3 157 162.7 168 174.4
150.8 155.8 160 162.1 163.4 164 163.8 162.8 159.3 149.6 121.3 95.3 70.7 75.1 94.4 93.6 87.8 65.7 45.1 58.6 75.6 95.5 113.3 123.9 129.3 135.1 140 148.6 159.3 165.4 168.9 171.5 173.3 174 172.6 169.5 162.4 153 140.2 129.5 122.7 116.2 110.8 103.7 92 84.7 88.8 91.7 89.2 85.7 79.6 81.2 84.6 84.6 88.3 93 96.3 104 105.7 105.9 107.2 109.2 113 113.8 113.8 116.1 123.6 125.2 126.4 128.9 132.7 139.9 143.8 145.4 149.4 156.7 167.1 173.5 178.5 182.9
141 140.1 141.9 146 146.9 146.2 151.5 155.2 152.9 145.2 123.6 100.9 80 59.5 70.8 66.3 57 47.3 47.8 65.1 75 84.9 102.2 106.3 116.4 125.4 136.1 149.1 159 164 166.9 168.8 170.9 171.7 170.8 167.9 162.4 154.2 145.2 135.7 126.8 121.9 116.4 111 104.7 89.3 80.5 82.4 82.4 79.3 76.7 83 86.1 88.5 92.5 97.5 108.4 121.6 125.1 125 122.6 119.7 121.8 124 120.9 119 136.3 137.2 138.9 140 140.7 141.6 144 147.9 154 164.5 175.2 182.4 187.9 190.6
108.7 103.3 104.2 107.8 112.7 117.5 120.8 129.2 136.2 134.1 128.8 110 85.6 63.4 53.2 45.3 38.7 41.2 37.5 58.8 86.1 101.8 114.4 123 131.6 140.7 149.9 155.1 161.7 164 166 167.3 169.4 170.4 170.8 168.6 166.4 162.5 155.5 148.9 143.4 134.6 128.9 124.6 110.7 84.1 74 74.7 74.3 73.1 80.5 85 88.9 92.2 97 106.2 121.2 132.6 135.9 136.5 135.5 132.7 133.4 136.6 130.8 123.7 135.4 142.3 142.6 143.5 144.8 146.9 146 150.6 157.2 167 180.5 188.5 193.5 194.1
75.3 72.5 77.2 80.6 82.6 89.2 95.8 107.3 118.8 127.6 120.9 102.6 83 59 44.6 39.4 44.1 45.9 40.5 42.1 76.7 102.8 121.7 137.5 144.9 150.1 155.2 160.9 164.3 166.3 167.7 169.2 170.9 171.4 172 170.7 168.8 165.1 160.5 156.3 150 139.7 131.9 117.3 100.1 73.2 66.2 67.9 69.7 77.7 83.8 90.8 93.3 97.4 104.2 118.7 132.3 140.6 144.7 146.4 146.3 144 141.4 141 137.7 132.6 127.8 140.3 144 145.8 150.1 152.9 150.3 152.3 161.2 171.3 182.2 191.8 194.5 197.2
47.3 43.9 43.9 45.3 50.3 62 73.9 87.5 101.8 108.6 102.4 86.4 67 47.9 40.3 46.5 49.4 48.8 41.1 37 63.2 89.3 113.9 136.3 150.6 156.4 162 165 166.3 170.4 171.5 173.4 173.8 173.2 173.4 172.8 171.1 166.9 161.4 152 139.6 125.7 109.6 99.1 74.5 63.6 69.8 71.4 78.4 81.1 88 94.1 101.3 105.8 115.1 127.5 140.7 146.5 149.2 150.8 151.6 150.9 149.5 148.9 146.4 141 136 142.8 145.7 150.2 154 156.7 156.9 154.5 162.3 170.1 183.5 191 196.4 199.9
48.5 49.7 50.8 48.3 45.4 43.6 47.9 62.7 74.7 81.1 73.5 49.8 45.7 42.8 45.2 47.6 48.5 53.1 45.5 37.2 49.4 74.8 104 128.2 151.7 160.8 166.2 169 171.3 172.7 173.8 174.9 176.4 175.5 174.3 173.6 173 168.3 157.2 139.1 122.4 103.5 86.1 66.1 61.1 66.6 74.1 77.9 82.1 86.1 93.3 101.5 111.1 116.9 126.6 139.9 146.9 150.7 153.1 156.6 160.6 160.4 159.1 155.6 153.8 149.8 141.9 142.6 148.8 151.6 154.7 159.1 158.8 157.9 164.6 175 184.7 190.3 198.4 199.2
65.5 71.9 73.5 70.4 63 52.6 44.7 43.3 46.8 45.4 46.3 40.8 41.8 45.6 44.2 41.9 45.9 64.2 47.3 41.6 39.6 63.2 89.5 114.3 135 162.5 168.9 171.5 173.5 174.6 174.3 175.5 176.4 176.7 175.3 173 169.8 160.4 140.6 119.6 100 78.9 58.1 61.7 63.6 76.4 79.7 83.7 86.1 89.6 97.7 108.9 120.3 127.5 136.1 146.9 150.7 155.7 162.6 166.3 168.8 169.2 166.9 162 158.4 152.4 144.6 145.3 150.3 153.9 156 158.3 160.2 160.1 163.4 171.4 180.2 187.7 192.5 193.8
92 95.6 98 94.1 88.2 81.6 71.1 57 45.2 48.4 56.4 66.4 71.9 79.7 57.5 60.2 77.5 81 50.2 43.3 35.6 52 81.9 109.7 137.3 164.9 170.5 172.4 173.7 174.6 173.5 174.2 174.9 174.3 172.1 170.5 165 149 126 99.5 76.6 55.5 60.4 64 69.8 79 84.9 88.2 91 96.9 107 121.1 132.8 142.3 147 152.8 157.2 166.7 171.6 173.6 173.1 172.9 170.2 164.9 159.5 155.1 149.4 144.5 148.8 154 157.8 159.4 160.5 160.7 162.7 166.4 174 179.8 184.4 187.7
118.4 123.7 125 122.8 117.7 110.2 101 93.4 86.2 85.6 91.7 96.6 101.6 100.1 85.7 105.3 109.7 88.2 58.5 41.4 39.5 49.1 83.1 113.5 149 165.5 169.6 170.7 171.5 171.4 170.8 170.9 170.8 169.7 168.9 165.8 151.8 133.2 110.3 82.6 61.8 57.7 59.5 64 69.4 76.4 85.9 91.9 102.5 114.1 123.2 135.1 144.6 151.7 155.9 159.4 164.5 171.7 177.2 181.4 181.2 179.1 174.2 167.6 161.7 155.6 152.3 149.4 152.5 153.9 157.8 159.9 159.9 161.4 161.6 164.7 169 174.2 177.3 181.4
136.5 141.1 147.6 147.6 143 138 130.6 123.1 118.8 114.6 116.4 119.2 125.2 125.4 122.6 116.7 100.1 81.2 54.2 41.1 39 47.1 82.5 113.5 146.8 160.5 165.9 167.4 168.2 167.9 167.7 168.1 168.4 168.2 164.7 147.7 129.2 115.1 97.3 69 51 56.2 58.8 63.7 70.2 74.9 90.4 108.1 123.7 136.9 147.8 154.3 154.9 159.7 164.1 165.7 168.7 175.6 182.7 186.6 185.2 180.6 176.1 172.3 166.3 162.6 154.8 154.7 155.1 155.1 155.4 157.9 158.2 161.3 161 162.8 165.4 169.5 172.4 174.2
159.6 162.8 164.2 161 158.9 157.4 155.3 151.4 145.4 142.7 141.7 138.2 136.1 130.9 121.7 106.4 87.2 69.8 47.6 39.5 37.5 49.8 78.6 106.8 138.2 154.2 159.9 161.9 164 164.6 164.7 166.2 167.3 167.7 165.1 148.3 119.2 92.6 77.5 56.6 51.6 56.2 60.4 64.8 70.6 80.3 102.6 123.7 140.6 152 163 168.6 166.3 165.5 169.1 170.3 173.7 178.2 182.2 184.2 182.7 180.5 178.6 175.8 173.7 171.1 162.1 157.7 158.2 159.2 160.3 158.3 156.4 158.5 160 161.1 163.1 164.9 167.7 171.9
171.3 171.4 169.3 167.5 164.8 163.3 162.3 160.4 154.9 153 150.1 145.7 137.8 125.6 111.5 92.1 74.7 58.4 46.4 39.7 35.8 44.4 71.2 103.2 126.1 143.1 153.1 156.3 159.9 161.5 162.9 164.8 166.1 167.5 161.9 146.4 112.6 79.5 57.7 49.7 52 56.5 60.8 65.4 70.7 76.9 108 131.8 146.6 161.3 170.3 174.6 174.2 171.6 171.5 171.8 173.2 175.9 178.4 180.2 181.4 181.5 179.9 178.5 177.5 175.9 171.9 166.2 161.1 161.4 161.1 159.5 157.9 157 157.7 159.3 161.1 163.3 164.6 167.1
178.7 176.8 174.4 172.5 171.2 166.3 164.4 163 158.3 155 151 145.3 134.1 119.8 105.8 91.3 75.4 60.8 45.4 39.5 39.2 38.4 60.7 82.9 109.8 127.1 141.7 150.4 156.3 159.6 162.1 164.2 165.7 167 159.5 135.8 105.2 72.5 52 48.8 53.5 56.1 60.9 65.9 71.1 85.8 112.9 133.7 151.7 168.9 177.4 183 179.8 175.3 172.5 170.1 170.7 171.9 174.4 178.1 181.9 181.9 180 180 178.9 177.1 175.6 172.9 166.7 162.3 161.2 158.8 156.9 155.8 157.3 157.7 159.3 160.8 162.8 164.8
186.9 183.6 180.5 177.5 175.9 173.2 167.8 164.9 161 156.6 150 139.7 131.2 120.2 111.6 97.1 83.1 65.8 49.8 37.8 37.5 36.4 48.2 67.6 92 111.5 132.2 146 149.5 157.6 163.4 166.2 165.1 159.1 146.5 120.6 93.5 61.9 47.8 49.1 53.9 56.9 60.6 66.7 72.9 91 114.4 134.6 151.8 169.2 180.9 182.2 179.5 174 168.9 165.8 166 167.8 170.5 173.8 175.8 176.8 176.9 177 176.4 174.9 173.5 172.1 169.4 163.9 160.6 158.6 156.8 155.3 156.7 156.4 157.5 159 160.7 162
191.6 187.5 183.3 181.3 177.7 174.9 171.2 166.9 162 156.8 149.7 141 131.6 121.4 115.9 101.8 89 77.5 63.2 49.3 37.1 33.4 38.4 51.5 70.6 95.1 124 134.9 141.6 152 159.5 160 156.8 147 128 102.4 78.5 54.2 45.8 50.1 53.6 58 61 64.8 73.5 93.6 113.9 132.9 149.8 164 173.4 171.4 168.8 164.1 160.1 160.3 161.8 163.9 165.5 167.6 169.4 172.8 173 173 172.2 171.4 170.9 170.9 169.6 164.3 160.9 158.4 157.1 153.9 154.4 155.3 157 158.2 159.5 159.6
195 191.3 187.9 182.2 179.1 176.3 172.6 168.7 163.1 157.6 151.3 144.1 131.1 122.3 113.4 103.5 95.5 94.9 88.3 70.1 55.2 36.5 36.1 39.3 59.7 81.4 105.7 117.8 125 134 144.4 144.8 137.4 127.3 106.1 85.8 64.7 48 44.8 48.9 53.1 56.9 60.3 64.6 72.7 89.8 109.8 125.7 135.3 144.6 151 153 153.4 151.7 152.9 153.3 155.7 158.2 160.6 162.9 166.1 168.9 169.5 170.1 170 169.5 169 167.9 166.1 163.7 161.3 158.5 156.1 153.5 153.1 155.4 156.3 157.4 158.7 156.3
196.5 194.1 187.9 183.2 179.7 176.3 172.7 168.1 163.5 158.3 154.2 148.9 135.7 124.5 116.2 108.3 105.5 111.1 98.7 82.7 71.2 56.6 32.6 35.7 45.2 67 80.5 92.8 104.9 113.8 120.7 122.2 117.5 107.5 91.6 70.1 52.7 42.8 45.3 50.5 55.1 57.9 60.4 64 73.1 87.2 102.7 116.2 126.1 133.1 137.7 139.2 139.8 141.1 145.1 146.6 150.6 153.3 155.3 157.8 161.4 164.2 165.9 166 165.6 165.7 165.6 164.1 161.4 160 159 159.1 156.9 150.4 151.6 155 156.8 155.7 157.4 156.3
195.2 193.4 187.3 182.9 178.6 174.3 170.8 166 162.5 159.7 156.1 152.4 144.8 134.2 126.4 117.6 116.7 117.8 109.5 95.5 72.5 52.2 39.5 35.1 35.1 44 60.8 75.6 87.2 96.7 102.3 101.9 101.6 93.6 81.6 60.2 40.6 43.1 48.7 52.1 55.6 57.9 60.1 62.8 71.3 82 97 107.4 115.2 121.1 124.9 127.5 130.2 133.9 135.5 140.8 143.3 146.4 151 156.3 158 161.4 162.7 163.2 162.6 162.2 161.2 159.5 158.4 157.2 155.4 156.5 148.1 151.6 152.4 154.3 155.3 155.2 156.5 156.4
190.8 187.6 183 179.3 174.8 171.7 168.2 164.5 162.1 160.7 160 157.1 154 146.7 138.5 129.7 124.3 122.2 115.6 93.2 68.8 48.4 42.5 32 35.4 35.4 39.7 62.3 73.7 81.2 86.8 90.2 87.9 84.6 75.5 55.3 39.2 43.4 47.7 51.2 54.4 56.9 58.1 59.6 66.2 74.7 88.8 96.5 103.3 108.6 116 120.5 124.1 126.6 134.2 136.1 141 146.2 149.5 154 156.2 158.2 159.3 160.1 159.7 158.5 156.7 155 154.3 150.8 149.5 145.7 149.5 149.3 152.9 155.3 155.6 156.4 155.4 155.4
182 178.5 175.4 171.9 169.1 166.5 163.8 162.3 163.6 164.7 163.4 158.5 152.5 147.4 139.2 130.6 127.9 123.9 116.3 92.6 70.9 50.8 44 37.8 33.5 34.6 34.5 46.5 62.2 69.1 75.2 78.5 78.7 75.9 68.1 52.2 37.4 39.8 43.9 47.4 51.3 54.4 54.9 55.9 59.5 67.3 77.3 87.3 91.3 100.9 105 110.7 120.1 125.9 131.1 136 141.7 146.5 150 152.3 153.9 155.1 155.4 155.5 154.5 152 147.1 137.3 135 136.8 137.1 141.3 143.9 147.6 151.1 154.7 157.5 155.7 154.5 154.7
160.3 156.4 153.9 156.6 161 159.8 157.7 160.6 163.3 163.5 160.3 154.5 148.6 141.9 135.5 130.3 128.6 124.3 117.1 98.6 75.5 53 44.4 40 35.7 33.9 33.8 36.1 49.7 58.2 66.2 70.6 71.4 70.2 63.1 52.1 37.7 37.9 40.2 42.8 46.2 48.7 50.4 51 54.6 53.4 63.7 77.6 92.1 99.5 105.4 114.1 120.8 125.5 131 135.9 140.6 144.2 147.1 149.3 150.9 151.2 150.1 149.3 146.5 141.2 128.4 123.9 125.8 130.5 134.6 140.1 144.4 148.3 151.3 154.4 157.4 157 154.3 153.6
136.3 130.5 127.3 134.8 145.5 150.2 151.9 157.2 159.4 155.7 151.4 145.8 140.5 135.2 130.7 129.1 126.8 122.8 115.6 101.9 78.5 55.2 45.7 41.9 36 31.5 33.4 32.8 44.2 50.3 58.2 63.7 65.6 65.6 60.7 49.2 39 36.5 37.6 39.1 41.7 44.1 44.8 47.8 48.3 54.3 66.2 83.2 92.8 101.2 108.3 114.2 119.6 124.6 127.9 133.5 138.1 141.3 143.6 146 147.9 147.5 146.5 144.1 134.9 123.5 116.5 117 129.6 133.7 137.1 139.7 142.6 147.3 151.6 153.4 154.5 156 154.1 151.9
126.6 121.9 114.8 117.3 130.2 140 142.8 145.8 146.4 143.2 139.7 136.1 132 129 127.2 125.2 122.5 117.9 111.1 101.2 81.1 61.1 48.2 43.1 38 36.2 33.5 32.7 35.7 43.9 51 56.2 60.8 59.8 56.5 49.4 37.7 34.2 36.3 36.8 37.9 39.2 41 42.9 50.9 57.4 70.6 85 97 105.3 110.4 116.1 119.7 124.3 128.8 131.6 135.9 139 141.9 144.8 145.2 143.9 142 139.5 132 111.4 112.9 125.3 130 132.5 133.3 135.7 139.5 144.2 149.7 152.1 152.1 153.2 156.7 152
148.9 135.8 120.2 108.4 113.2 127.4 131.6 134.6 134.9 132.7 129.8 126.9 124.7 123.9 121 117.6 114.4 110 103.7 97.8 84.7 70 51.5 43.6 39.9 36.6 34.9 31 32.3 34.5 43.4 48.9 53.4 55 53.2 48.7 36.8 33.2 34.2 35.1 35.6 36.7 40.9 48 53.8 63 76.3 90 100.4 106.3 111.3 115.5 120.3 126.2 130 132.9 135 138 140.8 142.5 141.9 140.2 137.9 135.9 126.6 104.9 110.6 123.2 128.5 130 130.3 132.1 136 140 145.2 147 148.2 152.5 154.4 152.1
156.3 145.7 125.9 111.9 102.6 112.9 119.2 122.1 121.7 118.6 115.9 114.7 112.3 112.1 110.5 106.9 104.5 100.9 96.4 88.5 79.3 66.3 47.8 41.3 39 37.7 35.6 34.5 32.8 30.3 31.9 43.2 48.5 51.3 49.7 46.3 34.8 32.9 32.5 33.7 34.3 34.8 41.4 49.7 57 69 82.5 94.5 103.1 109 113.2 116.7 121.8 127 129.7 131.6 133 135.6 138.2 139 137.8 136.4 135.3 134 126.3 100.8 109.1 116.8 122.4 124.8 124.4 125.9 130.6 136 141.2 142.8 144.5 148.1 147.9 145.2
156 148.7 136 117.2 103.8 96.1 99.2 101.1 98.4 93.2 89.6 91.1 93.6 96.6 95.7 94.9 88.6 79.3 68.7 62.8 51.7 46.2 44.2 43.2 40.9 39.1 36.1 34.3 33.9 32.4 32 29.5 43.5 47.5 46.2 38.6 32.8 32.3 31.4 32 31.7 33.6 40.9 49.4 60.3 72.2 85.1 97.9 106.5 111.6 114.6 118.6 122.6 125 128.4 129.7 131.6 134 135.6 135.6 134.5 133.5 132.5 130.8 122.8 97.7 106.1 111.3 115.9 117.3 118.3 123 128.3 134.2 139.5 144.2 144.9 142.9 141.5 139.6
155.5 148.5 138.9 123.6 103.8 97.2 93.9 87.7 85.9 83.1 79.7 74.3 74.1 76.2 76.1 72.7 64.5 58.2 54.4 52.1 51.4 49.6 47.8 46.4 43.3 41.7 39 34.2 32.8 31.7 31.3 30.8 30.6 31.9 32.2 31.7 31.8 31.4 28.8 28.9 30.4 33.2 39.3 49 61.4 74.9 88.9 100.9 108.1 111.4 114.8 119.4 123.4 125.4 126.5 127.8 130.1 132.3 132.5 132.2 131.3 129.8 128.9 126.9 121.4 95.3 99.7 103.2 107.8 110.4 116.5 121.4 126.2 132.8 138.5 142.4 142.1 139.5 136.3 131.8
155.6 143.4 128.4 115.3 104.7 100.6 96.1 93.7 91.3 89.3 84.9 81.2 77 72 66.5 64.7 63 61.8 59.6 57.4 55 53.3 51.1 50.1 47.9 43.7 40.7 38.1 34 32.3 30.8 31.5 30.9 28.2 30.4 29.2 28.3 27.2 29.1 28.3 30.3 34.6 44.7 55.8 65.7 77.1 91.9 104.2 108.1 111.2 115.7 118.8 121.9 123.2 124.3 124.8 126.7 128.9 129.8 129.5 127.9 125.6 124.1 121.6 116.9 94.6 94.1 96.8 103.1 110.9 117.6 123.6 128.5 133.8 138.1 139.6 138.7 136.2 131.8 122.3
152 133.5 120.5 111 109.2 107.8 107.8 103.8 99.2 97.1 95.9 92.3 87 78.5 72.9 69.3 67.3 66.2 64.1 60.9 58.7 57.8 60.6 62.9 61 52.3 42.9 40.2 38 33.4 31.9 30.6 31 30.6 42.4 34.6 31 29.8 29.5 29.4 26.6 32.7 48.7 62.4 77.9 87.1 97.3 105.5 109.4 111.9 114.2 116.7 118.9 120.5 122 121.9 122.9 124.4 124 123.7 123 121.2 118.6 115.1 107 89.4 89.3 98.8 105.7 112.9 120.5 126.3 130.9 134.7 135.1 136 135 132.5 127.2 112.4
144.4 131.1 123.5 123.7 124.4 123.7 123.3 118.9 113.5 111.7 108.3 103.6 97.6 88.6 83.4 76.7 75.4 74.6 73.8 73.4 71.4 70.1 78.6 77.9 73.7 65.4 52.4 43.1 40 36.6 33.6 31.7 31 31.2 41.3 31.5 30.4 30.2 29.9 29.7 25.8 41.8 56.1 71.5 86.8 96.8 103 104.4 109.3 112.1 114.2 116 117.7 119 119.7 119.8 120 120 119.3 118.2 117.3 114.5 104.5 94.3 87.5 83.9 91.8 101.1 108.1 115.4 121.4 126.5 129.5 131.1 132.7 132.7 130.9 128 120.6 106.2
