WholeMapElevations/data/st/st65_OST50GRID_20230518/ST65.asc
ncols 200
nrows 200
xllcorner 360000
yllcorner 150000
cellsize 50
[rows 0 to 35 of 200, columns 81 to 161 of 200]
175.9 179.2 186.9 194.9 196.9 193.3 185.9 178.9 171.7 165.7 161.1 158.7 157.8 156.6 154.8 155.1 154 152.6 151.2 150.6 148.7 147.3 145.9 145.5 144.9 144 143.2 142.5 142.7 142.6 142.4 142.2 141.6 141.2 139.6 140.3 140.3 139.9 139.3 138.6 137.8 136.9 135.9 135.2 135.1 135.6 136 135.6 134.9 134.2 133.4 132.2 131.1 132.1 134.9 135.7 139.8 142.4 142.9 143.1 143.7 143.9 143.4 143.4 142.7 142.2 142.4 143.5 146.1 145.7 143.8 141.8 137.8 135 134.1 133.2 132.1 131 130.1 129.5 128.5
172.5 174.4 179 183.1 184.8 181.5 177.6 173.6 168.4 164.9 162 160.9 159.9 158.7 158.3 157.3 155.8 154.3 152.9 151.5 150.2 148.4 147.3 147 146.6 146 145 144.3 143.9 143.3 142.6 142 141.7 141.5 141.1 141.4 140.9 140.3 139.7 138.8 138.3 137.7 137 136.3 136.1 135.9 136.1 136.3 135.7 135 133.8 133.3 132.2 131.5 132.9 135.1 136.1 138.5 139.1 139.6 140.4 141.8 142.7 142 141.4 141.1 140.8 140.3 140.7 139.7 139.1 138.2 137.3 135.1 134.8 134.1 132.9 131.7 130.9 130.3 129.7
168.8 169.4 171.5 174.2 175.3 173.6 171 168.6 166 163.9 162.5 161.3 160.4 159.4 159.3 158 156.1 154.6 153.2 152.2 151.1 150.1 149.1 148.5 148.5 147.8 146.5 145.6 145.3 145.3 144.4 143.2 142.4 142.5 142.3 142.3 141.4 140.6 140.3 139.8 139.3 139 138.3 137.6 136.8 136.5 136.6 136.7 136.3 134.9 133.5 133 132.8 133.3 133.6 135.7 137.1 137 138 139.4 141.2 142.3 142.7 142.4 142 141.1 140.6 139.6 138.7 137.3 136 135.3 134.9 135.6 135.3 135 133.7 132.6 131.9 131.3 130.3
166.9 167.3 167.5 167.6 168.7 168.5 165.7 164.5 163.6 161.9 160.8 160.4 160.1 159.5 158.9 158 156.4 154.8 153.9 153.1 152.7 151.8 150.9 149.9 149.9 148.7 147.4 146.6 146.3 146.2 145.9 145.4 144.6 144.7 144.2 143.5 143 142.3 141.9 142.1 142 141 139.6 139 137.6 137.3 136.8 136.6 136 135 133.9 134.2 134.6 136.3 139.1 140.8 141.3 141.3 142.3 142.6 143.6 143.4 143.6 143 142.3 141.3 140.3 139.3 138 137 135.7 134.4 134.1 134.8 135.4 135.4 135 133.7 133 131.7 130.1
167.1 166.2 165.5 164.6 164.3 163.5 162.7 162 161.1 160.2 159.6 159.2 158.9 158.5 158.2 157.2 156.1 154.7 154.4 154.2 153.8 153.4 152.7 151.7 150.3 149 147.9 147.2 147.4 147.5 147.2 147 147 147.2 147.1 146.3 145.6 145 145.4 145 144.5 143 141 139.9 138.5 138.1 137 136.3 135.9 135.7 135.6 136.3 139.5 141.8 144.6 145.4 145.7 146.1 146.5 146.2 146 145 144 143.3 142.5 141.5 140.5 139.5 138.2 136.9 135.5 134.2 133 134.1 135 135.1 134.2 132.5 130.7 127.3 124.6
167.5 166.6 165.6 164.7 163.8 162.9 162.2 161.1 160.4 159.7 158.7 158 157.7 157.4 157.4 156.4 155.4 155.3 155.3 155.2 154.8 155.4 155 153.7 151.8 149.7 148.5 148.3 148.7 149.3 149.4 149.4 149.9 150.8 150.9 150.5 151.3 150.6 149.9 149 146.9 145 142.5 140.8 139.3 138.4 137.3 137 137.7 137.7 138.3 139.8 143.6 146.9 149.5 149.6 148.8 148.4 147.2 146.8 146.5 145.4 144.3 143.7 142.7 141.7 140.8 140 138.6 137.3 136 134.6 131.9 133 133.5 132 129.7 126.6 122.3 119.6 114.8
168.1 167.1 166.2 165.2 164.2 163.3 162.4 161.4 160.1 159.4 158.3 157 156.7 156.6 156.4 156.1 155.8 155.5 155.8 156.1 156.6 157 156.9 155.8 153.8 151.6 150.5 150.1 150.7 151.7 152.5 153.8 155 156.6 157.8 159.2 160.3 159.1 157.2 153.9 151.4 149 145.6 142.1 140.3 138.8 138 138.4 139.1 139.4 141.5 144 146.6 148.6 149.1 148.7 147.9 146.9 146.2 145.5 144.9 144.2 143.6 142.9 142 140.8 139.9 139 137.9 136.8 136 134.3 129.5 127.2 131.6 128.5 122.9 117.7 112.6 107.9 103.8
168.9 167.6 166.7 165.6 164.7 163.7 162.7 161.8 160.4 159.1 157.6 156.3 156 155.9 155.8 156 156.2 156 155.9 156.2 157.5 158.1 158.5 157.8 156.1 154.5 153.5 153 153.5 155.1 157.6 159.6 163.2 164.3 166.3 168.7 170.3 169.8 166.3 160.2 158.7 154 148.4 144.2 141.4 140.5 140.2 139.9 140.6 141.5 143.8 146.2 146.8 147.1 146.7 146.4 145.9 145.2 144.5 143.7 142.5 141.6 141.1 140.3 137.9 135.1 132.9 132.4 130.9 128.8 128.5 128.3 124.6 120.7 119.5 115 109.8 108 105 105.3 107.1
169.6 168.4 167.2 166.1 165.1 164.1 163.2 162.3 160.8 157.8 156.9 156 155.2 155.2 155.3 155.5 155.9 156.3 156.1 156.3 157.6 158.8 159.7 159.4 159.4 158.9 158.2 157.8 160.2 164.5 165 167.9 171.3 173.3 175.3 177.6 178.5 179 174.2 169.9 164.9 157.8 150.9 146.5 143.1 142.4 141.7 141.3 141.9 142.4 143.8 144.1 144.6 144.5 144.1 143.7 142.5 141.1 139.2 138.1 137.5 135.9 135.5 133.9 130 126.7 124.1 123.2 121.7 120.5 119.1 118 116.7 114.2 111.2 109.1 108.6 109.8 112.1 116.9 120.8
169.8 168.6 167.5 166.6 165.6 164.6 163.6 162.6 161.2 157.6 153.9 156.4 155 154.7 154.8 155.1 155.4 155.8 156.1 156.4 157.4 158.6 159.9 161.7 163.3 163.9 165 164.9 169.4 173.2 175 176.8 178.7 180.9 185.8 188.1 187.2 184.7 181.2 177.5 168.8 160.5 151.6 147.3 145.3 143.8 142.7 142.7 143.3 143.1 141.9 143 142.7 142.3 141.6 140.1 138.5 136.9 135.9 133 131.8 130.1 128.6 126.8 126.1 124.9 122.8 121.4 121.7 120.4 118.1 115.8 114.7 115.2 115.2 112.9 117 122 124.7 128.8 131.3
169.6 168.6 167.7 166.7 165.6 164.8 164.1 163.1 161.5 158.1 154.3 152.4 152.8 153.5 154.1 154.6 155 155.5 155.3 155.4 157 158.3 160.3 162.5 166.9 169.7 172.7 174.9 177.7 180 182.3 186.4 189.6 191.7 191.4 191.4 190.8 189 185.8 179.5 170.8 160.9 153 149.2 147.3 145.6 144.3 144.8 144.1 142.6 140.1 142.2 141 140.8 139.9 139.5 139.3 137.9 136 134 131.7 130.8 130.1 130.2 132.1 132.5 129.4 127.5 130.5 130 125.9 120.7 120.2 124.4 123.8 117.5 125.9 132.3 133.5 135.5 136.9
169.8 168.8 167.8 166.9 165.9 164.3 163.5 161.4 157.9 154.2 153.3 144.5 146.3 154 156 155.2 154.2 154 153.8 154.2 155.9 158 160.6 164.5 171 178.1 183.4 186 188.2 189.9 192.2 195 194.5 194.5 194.6 194.6 193.9 192.2 189.1 181.6 174.6 166.3 159.3 154.1 151.5 149.3 147.9 147.2 146.6 144.8 142.9 142.6 141.4 141 140.5 140.3 140 138.8 137.5 135.5 135.8 136.2 135.5 135.7 136.6 136.1 132.8 133.3 135.1 134.3 131.7 128 126 130.7 129.2 124.3 128.8 136 137.5 139.5 141
169.1 168.7 167.9 167.1 166.1 164.6 163.5 161 156.3 149.9 142.5 142.2 150.3 156.7 156.8 155.5 154.3 153.3 152.3 153.4 155.2 157.3 159.6 164.5 172.8 183 193.4 195.8 195.7 196.2 196.6 197 196.7 197.2 197.5 197.6 196.9 195.1 191.7 184.5 178.7 172.6 166.1 159 158.3 156.6 154.6 151.7 149.6 146.8 145 143.6 142.5 141.6 141 140.7 140.3 139.5 138.3 137.1 138.8 139.2 139 138.5 138.4 137.4 135.9 136.2 136.6 136 135.1 132.9 132.9 132.8 131.9 125.5 132.4 138 140.2 142.3 144.1
168.7 168.3 167.9 167.4 166.9 166.1 165.3 163.5 159.9 149 140.1 142 152.2 158.4 158 156.1 154.7 153.4 154.2 154.6 154.9 156.6 158.6 163.2 169.6 176.7 184.1 187 185.1 185 185.7 188.3 192.7 197.2 199.5 200 199.2 197.5 195 189.6 183.5 178.1 171.2 166.7 166.7 165.4 163.4 160.1 154.4 150.3 147 145.1 143.7 142.6 141.6 141.2 140.7 139.9 139 139.8 140.6 141 141.2 140.7 139.6 138.6 138.6 137.9 137.7 137.1 136.6 135.6 134.9 134.9 133.5 127.8 133.2 138 141.3 143.6 147.6
168.8 168.6 168.3 167.5 166.8 166.5 165.4 162.2 157.2 147.2 139.2 141.9 151.5 157.2 158.4 156.7 153.5 152.7 154.6 154.8 155.3 156.1 157.8 160.3 164.5 169.6 172.9 174.5 173.1 172.6 173.1 173 179 185.8 193.8 199.3 200.4 199.2 197.3 194.2 189.5 184.3 179.4 176.6 175.9 173.8 172 167.4 160.3 152.5 149.1 146.8 144.5 143.4 142.6 141.7 141.2 140.8 140.8 141.8 142.6 142.7 142.8 142.4 141.5 140.6 139.7 139.2 138.9 138.4 137.9 137.3 136.5 136.5 134.9 129.1 133.2 138.1 141.4 144.1 148.9
166.6 168.5 168.5 167.5 166 164.4 161 155.7 150.1 143.5 136.3 140.4 147 155.6 158 155.2 150.2 154.1 154.5 154.8 155.3 156 156.9 158.9 160.6 163.7 164.9 166 164.8 164.2 164.4 168.1 170.1 173 180.7 188.5 195.7 199.1 199.1 197.6 192.2 191.1 187.8 185.5 183.3 181.9 179.7 172.4 163.7 155.6 151.4 148.6 146.4 144.1 143.3 142.8 142.5 142.1 142.1 142.6 143.4 143.7 142.9 142.5 142.3 141.8 140.8 140.5 140.1 139.7 139.2 138.6 138 136.8 134.9 131.4 132.7 136.7 139.8 143.2 147.5
160 166.7 168.2 167.1 163.9 160.1 153.7 148.7 143.4 139.8 135.2 136.3 142.7 152.6 151.4 146.9 149.5 155.3 155.4 155.1 155.2 155.9 156.3 156.8 157.8 160.2 160.3 160.2 160.1 158.9 157.7 164.4 166.6 168.2 170.8 177.4 183 190.5 197.3 198.8 197.5 194.7 192.3 190.8 188.7 187 184.3 174.3 165.6 158.2 154.3 151.2 148 145.2 144.2 143.7 143.7 143.2 143.2 143.6 143.6 143.4 143.1 142.8 142.6 142.3 142 141.6 141.3 140.9 140.3 139.5 138.3 136.9 135.2 134.1 133 136.5 139.8 141.9 145.3
152.5 161.9 167.1 166.8 163.6 160.2 154.3 149.7 144.7 140.9 134.5 128.2 136.4 138.8 138.5 144.9 154.6 157.2 157 156.7 156.4 155.2 154.8 154.3 156.5 157.4 157.4 156.6 155.6 154.5 153.7 155 162.1 164.8 166.6 169.8 174.1 179.3 185.6 189.6 193.2 191.3 191.6 192.5 191.9 190.9 184.8 174.6 167.1 160.2 155.6 151.9 149 145.9 144.9 144.8 144.8 144.4 144.3 144.3 144.2 143.9 143.6 143.3 143.1 142.8 142.6 142.2 141.8 141.4 140.9 140.2 139.4 138.5 137.6 136.3 134.3 138 140.6 142 144.1
152.9 163.4 168 167.1 166 163.1 156.9 150.2 145.7 140.2 133.4 125.5 127.7 131.7 140.6 153 157.8 159.5 159.5 159.3 158.6 155.6 151.5 151.8 156.3 157.5 157 155.5 154 150.1 151.5 153.6 155.8 159 163.3 165.5 167.8 171.3 174.8 178.5 179.4 179.5 180.7 182.2 184.9 183.9 177.3 169.6 165.5 159.7 156.4 152.8 149.2 146.3 145.9 145.9 145.9 145.8 145 144.8 144.7 144.4 144.1 143.9 143.6 143.3 143.1 142.7 142.2 141.7 141.2 140.7 140 139.3 138.4 137.4 136.4 139.1 141.6 142.7 143.8
154.1 161.4 164.5 166.9 165.6 160.6 153.6 147.6 143.9 139 130.4 122.3 128.2 135.3 141.5 155.8 160.6 162.1 162.2 161.9 158.8 152.2 145.9 146.1 152.1 156.7 157.2 153.8 148.3 143.3 146.1 152.7 156.4 157.7 159.7 161.6 163.6 165.2 167.3 169.2 170.6 171.6 171.8 173.6 173.9 172.3 168.7 164.1 160.8 157.4 153.9 151.8 149.2 147 146.9 146.3 146.2 146.2 145.9 145.6 145.2 144.9 144.7 144.4 144.1 143.9 143.6 143.3 142.8 142.3 141.8 141.4 140.8 140 139.3 138.4 138 140.1 142.5 142.8 143.5
152.2 155.8 158.2 159.1 157.2 154.7 149.1 147.1 144.6 136.9 127.8 121.7 124 131.7 139.4 150 155.8 159.9 160.4 158.2 153.2 146.2 139.1 138.7 144.7 149.2 149.4 145.7 139.7 137.4 145.4 154 157.5 158.6 158.8 159.5 160.1 160.6 161.5 163 164.4 165.4 165.5 166.2 165.3 163.4 160.6 158.3 156.9 154.2 151.4 150 147.7 148 148.2 147.6 147 146.5 146.3 146.1 145.9 145.5 145.2 144.9 144.6 144.4 144.2 144 143.5 143 142.5 142 141.7 140.9 140.1 140.2 140.1 141.6 142.6 142.7 141.8
152.2 154 155.1 155.2 154.3 152.9 150.8 149.9 145.5 136.8 128.7 121.7 119.1 125.8 134.6 142.2 147.3 151.6 152.4 150.3 145.4 140 134.7 133.2 137.9 141.8 140.3 136.9 132.4 136.6 147.5 156 159.6 159.5 158.8 158.4 157.1 157.1 157.7 158.8 159.9 161.2 161.3 160.8 159.5 157.3 155.3 154.3 152.9 151.2 150.6 150.1 149.7 150.3 151.8 148.6 147.6 147.3 147.1 146.9 146.6 146.3 145.9 145.5 145.2 144.9 144.8 144.5 144.2 143.7 143.2 142.8 142.5 141.7 141.3 141.3 141.3 142.1 143.3 142.1 140.9
150.5 155.1 155.3 155 154.4 154.3 152.8 149.2 143.6 137.9 129.8 122.5 117.2 118.6 126.2 133.3 138.6 142.3 143.6 143.2 140.5 135.6 129 128.5 132 134.9 133 129.3 128.2 136 146.7 157.3 160.8 159.6 158.8 156.3 152.8 155.1 155.9 157.5 157.9 157.9 157.8 157 155.9 155 154.4 153.8 153.5 153 152.5 151.6 151.4 152.5 160.9 152.6 148.9 148.2 147.9 147.6 147.4 147 146.6 146.1 145.7 145.5 145.2 145.1 144.9 144.4 143.8 143.5 143.3 142.8 142.5 142.6 142.4 143.5 143.8 141.9 140.2
147.7 155 156.6 156.1 155.2 153 149 145.3 141 136.6 131.2 125.1 118.4 113.2 119.2 123.2 128.5 133.8 136 136.4 134.6 130.8 125.3 123.4 125 127.2 124.8 123.2 128 136.5 144.3 153.1 158 156.4 152.6 147.7 147.1 154.8 157.3 157.4 157.8 156.1 156.8 156.2 156.3 155.7 155.3 155.2 154.9 154.4 153.9 153 152 156.2 156.3 150.8 150.2 149.7 149 148.5 148 147.2 146.9 146.4 146.1 145.9 145.7 145.5 145.3 144.6 144 142.7 143.4 143.5 145.2 146.4 147.6 148.7 144.1 138.8 137.1
145 151.4 154.7 154.7 152.6 149.3 144.4 142.2 138.5 134.5 130.6 125.9 120.6 113.5 111.5 113.9 119.7 123.3 125.8 127.1 124.5 123.5 121.6 115.9 117.3 118.5 118 122.3 128.8 136.5 141.6 145 147.4 146.1 142.4 138.7 144.5 153.3 157.8 157.1 156.1 154.8 155.2 157.4 157.4 157.1 156.8 156.6 156.3 155.8 155.3 154.6 153.3 152.4 152.7 152.4 151.5 149.9 149.5 148.9 147.7 147 146.7 145.8 145.4 144.8 143.3 142.8 144 142.3 140.9 139.8 142.5 147.7 150.3 152.5 153.9 151.4 143 135.6 133.7
142.3 146 148.7 149.7 147.8 145.7 143.4 140.4 136.6 129.9 127 123.5 118.8 114.4 109.1 108.6 113.4 114.8 116.9 117.9 118.2 117.8 116.4 114.3 113.4 113.7 116 121.7 130.7 136.6 138.8 138.9 138 136.3 134 136.7 142.2 150.3 157.9 155.7 152.2 150.8 154.2 158.2 158.7 158.6 158.3 158 157.7 157.2 156.7 156.1 154.9 153.7 152.9 153 152.1 150.3 149.6 148.7 147.4 145.5 144.8 144.7 144.3 143.5 143 139.7 138.6 139.2 135.2 135.7 141.6 150.9 153.6 152.6 150.5 144.5 138 133.4 131.2
140.9 143.6 144.3 144.9 145.1 144.1 142.2 140 136.1 129.7 125.5 120.8 116.5 112.3 109.2 106.3 107.8 108.6 110.3 111.3 112 112.6 112.3 110.2 109.8 111.4 115.7 122 127 131.8 131.7 130.4 128.9 127.6 131.2 139.4 139.5 143 145.8 145.7 143.6 144.5 153.1 158.9 160.1 160.1 159.8 159.5 159.1 158.6 158.1 157.5 156.4 154.7 153.2 153 152.1 150.4 149 146.7 144.6 141.8 140.9 141.8 140.4 140.1 137.8 136.4 134.5 133.2 132.1 133.1 138.6 146.1 147 146.2 144.5 139.4 134.4 131 129.6
139.3 139.8 141.3 142.5 143.2 143.5 142.7 138.3 135.1 129.9 126.3 121 115.7 113.4 112.4 108.9 105.1 103.2 104.7 106 107.7 108.9 108.3 106.1 105.8 110 114.5 118.7 123.1 124.8 124.7 123.6 122 121.8 125 130.4 134.2 136.3 136.2 135.8 135 141.5 153.7 159.9 160.4 159.9 160.1 159.9 159.6 159.4 159.4 157.8 156.5 154.9 153.6 151.9 150.5 148.5 143.4 141 138.4 136 134.3 134.8 134.2 133.8 133 132.5 131.2 130 129.4 129.3 133.8 137.8 138.9 138.3 137.8 135.9 131.9 129.8 128.6
135.4 135.9 137.2 139.1 139.6 139.4 139.8 137.7 134 130.1 126.3 121.5 118 117.1 116 112.8 108.9 106.5 99.4 96.4 100.7 103.6 105.2 101.9 104 108 111.5 115.5 118.2 119 119.7 119 118.2 119.9 123.4 128.2 129.6 128.7 128 128 130.8 138.3 149.8 156.9 158 158.6 158.7 158.7 158.5 158.9 158.8 157.6 155 152.1 149.4 145.8 140.9 139.1 135 133.2 130.7 129.2 130.7 131.3 131.1 130.8 130.4 129.5 128.4 126.7 125.7 126.9 130.1 133.4 133.2 132.9 132.4 131.4 130.6 129.7 128.2
131.3 131.7 132.5 134.6 135.1 135.9 136 135.2 133.4 130.7 126.8 124.8 123 121.5 120.2 117 112.8 109.7 107.2 104.3 99.1 95.6 101.1 98.9 101.9 105.2 108.2 110.8 113 113.5 112.8 111.2 112.4 117.8 122.3 123.5 123.7 122 120.8 123.9 129.6 135 140.2 146.1 150.3 152 153.8 152.9 153.7 155.5 154.9 153 150.8 148.2 142.7 138.9 136.2 132.7 126.5 122.6 122.2 125.9 129.3 129.9 130.1 129.6 129.4 128.6 127.8 126.2 123.4 126.2 129 130.4 130.6 130.2 129.2 129.3 129.6 129 127.7
126.6 127 127.7 129.6 131.2 131.3 132.4 133.4 132.2 130.9 129.9 128.7 129.8 128.2 125.3 121.2 116.9 114.2 111.2 107.7 104.6 97.2 93.2 94.2 98.5 101.3 103.1 106.6 109 109.1 107.2 104.7 110 114 116.8 117.4 117.6 115.1 116.2 121.5 126.7 128.6 131.3 134.9 138.7 144.1 144 144.4 147.1 148.3 147.9 147 145.8 141 138.2 134.6 132 129 127.6 116.8 112.7 124.2 127.7 129.1 128.3 127.2 128.5 128.1 127.9 124.1 121.6 124.6 127.2 128.6 128.8 128.6 127.6 128.4 128.6 123.8 124.1
123.8 123.1 123 126.2 128 127.8 128.7 129.7 131.5 132.2 132.7 132.1 132.7 132.1 129.3 125.4 120 117.1 111.8 106.9 104.5 101.4 97 91.4 93.1 95.5 97.5 100.9 103.6 103.6 101.6 101.3 106.7 109.6 110.4 110.7 109.9 109.4 111.3 117.8 120.4 121.7 124 127.2 130.2 135.7 137.7 139.8 141.1 142.4 141.9 141.8 138.8 137.5 135.9 133 131.9 131.6 128.6 118.8 109 119.5 126.4 128.2 126.7 124.7 127.2 128.3 127.7 124.6 118.4 118.2 125 126.6 127 127.7 126.6 126.7 126.9 123.6 122.9
119.9 118.9 126.3 126.7 125.7 124.3 124.6 126.6 129.7 131.7 134.3 134.5 134.8 134 132.1 128.3 123.4 119.8 116.6 111.8 109.3 105.7 102 96.8 91.6 90.5 91.6 95.2 98.2 98.5 96.4 97.8 102.6 104.6 105.4 105.3 107.4 105.4 105.9 109.7 112.9 116 117.9 124.1 129.1 132.2 135.1 137.9 138.7 138.7 138.6 138 136.8 135.5 134.6 133.9 134.3 132.2 126.8 113.8 105.5 116.6 125.6 126.8 123.1 121.8 124.5 127.2 127.2 125.6 119.3 113.5 120.2 124.3 124 124.7 125 124.9 124.8 124.3 122.7
116.3 117.8 124.2 125.8 125.2 121.5 121.9 124.2 127.5 131.5 134.9 136.4 136.7 136.2 134.3 131.4 127.3 123.4 120.3 116.4 112.6 110.1 107.8 102.7 97.5 92.6 88.7 89.4 94.5 95 91 94.3 97.4 99.6 100.6 99.8 104.9 105.5 102.2 105.1 112 121.9 128.6 133.1 136.2 138.3 138.5 139.1 138.7 137.8 137.2 136.6 136.1 135.6 135.1 134.5 133.5 131.1 120 107.7 104.8 116.2 124.9 123.7 118.6 116.6 121.4 124.8 125.6 124.4 116.5 110.6 116.9 120.6 122.6 122 123.3 123.7 124.7 124.3 124.2
114 118.7 119.1 116.6 119.5 121.7 124.8 125.1 126.4 129.2 132.9 136.6 138.2 138.4 136.7 134.4 132 127.9 123.2 118.2 114.6 112.1 109.8 106.7 101.6 96.8 92.1 87.2 88 89.5 88.3 92.1 93.2 93 93.2 91.1 100.9 103 106.1 111.8 119.8 130.3 136.9 140 141.2 141.2 140.6 139.9 138.9 137.7 137 136.4 135.9 135.7 135.4 133.7 131.7 125 113 99.4 104.6 117 122.6 118.7 112.7 115.3 117.8 118.1 118.4 117 111.6 106.2 112.9 117.5 120.3 120.6 122.7 124.7 125.2 125.4 124.8
110.2 111.4 112.7 115.4 125.7 127.8 127.6 130.1 130.4 130.6 132.2 135.7 138.6 138.8 136.9 136 134.4 131.3 125.8 121 118 114.7 111.3 108.8 106 100.3 95.1 90.1 86.3 85.8 84.8 87.7 88.7 88.5 86.2 90.8 97.5 104.6 109.9 118.9 128 137.4 140.5 141.6 141.9 141.6 141 140.3 139.4 138 137 136.2 135.6 135.3 134.7 133.1 129.4 118.9 105.6 95 104.7 115.1 119.7 112.6 105.8 101.1 116 115.5 108.9 106.6 102.9 102.5 108.4 114.1 117.9 121.8 123.8 125.3 125.6 125.1 123.8
