UK/data/ng/ng87_OST50GRID_20230518/NG87.asc
ncols 200
nrows 200
xllcorner 180000
yllcorner 870000
cellsize 50
[rows 72 to 107 of 200, columns 0 to 82 of 200]
-2.1 -2.1 -2.1 -2.1 -2.1 -2.1 -2.1 -2.1 2.6 13.4 26.1 39.8 56.1 62.1 65.6 81.9 92.4 103.3 126.3 141.4 148.9 161.8 181.1 206.4 229.9 231.1 230.7 228.6 224.7 221.9 221.9 222.2 223.6 219.5 216.1 214.7 209 208.8 214.3 213.5 212.8 211 211.9 212.9 214.5 220.4 224.9 234 253.9 254.4 262.1 284.3 285.1 272.3 255.1 245 231.5 222.9 217.2 217.2 217.2 217.4 221.5 222.4 220.7 228.2 228.2 233.8 242.5 249.5 264.9 270 277.2 294.8 309.3 318.5 317.1 316.6 331.3 332.6 328.1 324.8 323.4
-2.1 -2.1 -2.1 -2.1 -2.1 -2.1 -2.1 -2.1 2 11.9 21 24.2 38.9 46.6 55.3 73.1 83.3 95.8 114.7 130.8 150.5 164.5 189.4 211.9 229.7 230.3 231.1 228.4 229.3 225 222.2 219.3 218.7 216.9 213.5 211.7 209.6 215.4 214.3 217.6 212 211.8 211 211 213.8 217 224.5 235.6 254.5 255.5 256.4 267.9 264.3 257.1 253.3 249.1 240.2 230.5 221.3 223.5 222.5 226.4 229.6 234.9 237 243.2 237.9 236.4 246.1 252 258.6 265.1 270.2 280.7 301.1 309.7 305.1 306.6 315.5 316.6 323.5 320.7 320.2
-2.1 -2.1 -2.1 -2.1 -2.1 -2.1 -2.1 -2.1 1.2 3.2 14.4 17 23.5 33.7 48.1 57.4 74.2 94.5 112.2 137.9 162.5 191.9 193.9 210.6 223.5 217.8 224.1 232.5 228.2 226.9 217 217.5 218.6 218 214.9 211.7 212.8 216.3 211 212.7 211 211 212.7 213 216 216.2 223.2 235 245 255.6 256 258.4 257.8 255.2 244.9 238.7 232.7 234.5 237 230.8 227.8 231.7 235.6 245.7 250.1 255.8 255.5 252.5 247.5 249.9 254.8 258.1 262.3 274.5 289.4 295.5 295.9 295.8 305.1 309.8 324.2 324.7 314.4
-2.1 -2.1 -2.1 -2.1 -2.1 -2.1 -2.1 -2.1 -2.1 -1.9 9.2 15.8 20.1 26.4 38.2 53.8 76 97.7 116.8 135.4 169.4 209.7 213.9 211.9 217.4 217 224.7 231.3 228.1 225.2 216.9 217 226.1 229.1 223.6 214.6 213.3 214.2 211 211 214.3 214.1 213.1 214.8 218.5 216.9 218.4 228.1 237.2 250.8 262.1 263 251.9 246 243 232.5 234.1 244.6 249.4 243.3 234.2 233.7 249.8 255.7 260.6 270.5 267.4 264.6 269.1 258.9 255.3 258.3 260.3 264.9 273.3 287 288.1 290.4 294.6 308.4 320.6 318.2 305.9
-2.1 -2.1 -2.1 -2.1 -2.1 -2.1 -2.1 -2.1 -0.4 1.6 6.3 14.7 20.2 22 34.1 52.8 81.5 115.7 135.8 152.9 171.1 196 216.8 215.5 216.2 230.9 231.6 224.8 221.3 217.4 214.2 216.6 223.2 229.6 226.8 216.6 213.6 216.3 214.9 212.6 215.7 215.5 216 215.2 216 215.4 216.8 217.3 224.2 245.7 257.4 249.5 241.8 232.1 229.3 233.4 237.8 241.9 251.3 256.1 247.6 241.1 256.9 265 275 276.1 274.4 274.8 284.8 283.6 271.7 263.6 262.9 263.5 266.9 274.9 279.3 282 289.1 304.1 310.8 300.4 292
-2.1 -2.1 -2.1 -2.1 -2.1 -2.1 -2.1 -2.1 -0.5 1.5 4.9 16.9 19.8 24.1 33.5 54.2 76.1 104.8 133.8 158.7 173 199.2 209.6 219.5 218.2 220.5 227.4 223.4 216.9 213.9 212 215.6 221.2 226.7 223 216.9 213.8 213.6 216.1 216 215.3 215.2 214.6 213.6 212.8 212.1 212.9 214.5 218.4 234.7 230.1 230 228.7 232.7 238.4 241.6 244.8 245.7 251.5 255.4 254.4 257.2 258.8 270 283.4 283 277.1 285.2 294.9 297.6 295.2 280.9 269.8 266.6 265.2 266.5 270.2 272.5 280.8 292.8 293.8 281.9 277.9
-2.1 -2.1 -2.1 -2.1 -2.1 -2.1 -2.1 -2.1 0.9 2.5 9.4 16.7 19.8 23.7 36.1 51 75.2 104.4 128.8 158.1 180.7 197 214 222.9 224.1 218.1 217.1 215.1 212.4 207 212.9 217.3 224.5 233.5 230.9 219.7 214.4 212 214.3 213.9 214.7 213.5 211.5 207.7 207.2 210.8 216.7 218.1 216.4 216.5 219.4 222 227.8 244.3 248.2 251.1 254.1 257.6 263.7 259.6 257.2 287.3 293.1 278 287.5 291.6 282.1 290.5 294.7 307.2 304.3 291.3 277 270.5 265.1 261.6 259.9 259.4 273.3 282.8 277.4 268.2 271
-2.1 -2.1 -2.1 -2.1 -2.1 -2.1 -2.1 -2.1 0.7 10.9 16.2 24.4 26.5 34.9 47.4 59.6 77.2 102.8 119 132.7 158.2 178 192.3 210.8 215.7 211.3 203.3 202.3 202.5 205.1 217.1 217.6 217.4 226.2 225 218.7 217.3 211.1 208.4 208.8 210 207.9 206.9 204.5 208.5 213.8 219.6 220.4 216.5 216.5 216.5 218.9 220.2 228 241.3 257.1 265.7 265.3 261.6 258.2 268.3 289.9 309.3 307.6 295 305.9 291.8 298.9 295.6 306.2 305.6 296.8 283.3 272.2 268.1 260.5 256.2 252.2 249.8 263.1 261.2 258 260.2
-2.1 -2.1 -2.1 -2.1 -2.1 -2.1 -2.1 -2.1 3.3 15.3 24.7 34.8 45 49.5 59 71.5 86.7 99.6 112.9 124.2 144.3 166.4 175.9 183.3 191.8 193.6 189.3 185.5 195 201.5 211.5 208.7 208.9 211.7 211.5 212.5 216.6 212.5 202.8 200.4 200.6 201.1 200.6 204 210.8 217.1 222.2 218.2 216.5 216.5 216.5 216.5 216.5 219.5 225 243.5 269.1 263 263 269 291.3 307.6 330.4 331.2 326.9 306.2 301.7 294.7 298.8 302 305.1 299.5 285.8 273.8 269.8 262.2 256.7 253.6 251.8 247.3 246.1 246.2 249.4
-2.1 -2.1 -2.1 -2.1 -2.1 -2.1 -2.1 -2.1 -2.1 16 22.1 36.3 48.4 56.7 65.4 71.6 89.2 96.1 109.6 121.2 131.2 140 150.2 155 156.9 165.8 170.5 173.5 181.9 191.8 200.1 198.1 199.3 201.3 203.4 208.6 210.9 214.9 203.2 194.5 193.2 196.9 202.8 209.8 223.7 222.7 218 216.5 216.6 216.5 216.5 216.5 217.2 219.3 218.7 235.7 255.5 264.5 265.8 287.7 320 330.1 345.5 349.3 351.8 339 306.5 299.7 301.5 296.5 298.8 293.6 281.8 277.7 270.1 261.8 257.4 255.8 257.9 252.5 241.4 233.5 242.4
-2.1 -2.1 -2.1 -2.1 -2.1 -2.1 -2.1 -2.1 -2.1 8 19.3 28.2 41.6 48.9 60.6 71.6 78.1 90.2 99.9 116.5 122.1 125.7 125.8 129 138.5 156.4 165.1 175.5 180.1 183.4 194.6 193.2 191.4 193.8 196.2 203.3 206.9 206.8 192.5 187.9 193.8 202.9 210.4 214.8 218.7 216.2 217.1 217.2 218.7 218.3 216.5 216.5 216.5 216.5 218 232.4 240.9 263.9 281.4 307.5 340.4 358.8 355.7 350.4 365.2 352.2 332.9 306.7 306.5 304.6 288.2 281.9 273.1 278 274.4 260 256 254.7 258.2 250.8 242.9 233.1 228.3
-2.1 -2.1 -2.1 -2.1 -2.1 -2.1 -2.1 -2.1 -2.1 1.3 2.5 19.7 23.3 32.9 48.1 58.3 69.6 82.5 92.4 99.4 108.2 111.5 111.7 111.2 141.9 170.1 166.5 171.3 178.3 176.5 177.1 182.1 183.5 184 188.5 192.3 191.7 188.1 177.2 181.4 196.3 205.4 212.4 213.4 214.3 213 224.9 225.2 219.3 217.4 216.5 216.7 218.2 216.5 222.6 228.5 252.6 298.6 310 326.7 346.4 356.8 363.1 352.4 360.2 356.1 338.2 310.9 304.1 296 282.1 269.5 267.3 266.3 263.2 256.8 250.4 250.7 247.4 243.7 240.2 236.4 228.3
-2.1 -2.1 -2.1 -2.1 -2.1 -2.1 -2.1 -2.1 -2.1 0.5 2.3 3 10.9 15.8 26.3 43 57.2 68.1 74.2 79 84.9 94.7 100.6 100.7 110.6 136.7 168.1 170.6 169.9 168.8 161.4 167.8 172.4 172.8 179 175.4 172.9 171.9 158.9 179.9 196.8 200.7 207.8 208.1 207.6 214.1 218.6 219.8 218.1 219.4 218.5 218.6 217.9 215.7 216.8 221.9 260.1 298.5 315.6 328 349 348.5 347.7 344.4 340.4 343 334.8 316.7 298.3 286.6 276.6 267 265.2 257.4 254.9 247.1 242.2 240.6 238.4 230.2 235 235.3 228.3
-2.1 -2.1 -2.1 -2.1 -2.1 -2.1 -2.1 -2.1 -2.1 0.6 2.3 2.9 11.8 10 12.9 19 26.2 42.9 51.4 58.7 68.9 77.1 84.8 88.7 100 119.1 165.7 179.2 161 155.8 151.4 149.3 153.7 154.7 154.9 157.4 159 146.1 163.3 185 198.5 200.6 203.9 208.5 214.3 218.9 219.7 219.5 220.7 219.5 219.3 221.7 217.7 218.8 225.3 227.8 267.1 283.6 308.2 323.9 336.5 338.4 331.9 329.4 327.8 325.1 318 310.9 294.5 278.4 268.4 268.3 261.4 254.2 251.9 242.1 235.1 230.5 228.3 228.3 228.3 231.1 228.3
-2.1 -2.1 -2.1 -2.1 -2.1 -2.1 -2.1 -2.1 -2.1 0.5 2.3 8.9 9.8 9.5 10.6 16.6 19.8 22.6 28.5 40.5 50.2 59.6 66.4 74.7 87.1 101.2 138.8 163.4 152.4 140.1 136.3 132.5 133.7 134.4 135.5 145.2 136.4 142.5 173.2 194.1 201.5 201.9 207.7 216.6 223.8 222.4 221.3 220.2 220.5 219.7 220.5 220.8 217.9 225 231.1 238 248.2 277.1 290.7 311.8 325.3 324.1 313.5 318.5 315 305.3 303.6 294.6 280 274.6 265.6 257.2 258.7 249.2 246.3 239.4 231.6 228.3 228.3 228.3 228.3 228.3 228.3
-2.1 -2.1 -2.1 -2.1 -2.1 -2.1 -2.1 -2.1 -2.1 0.6 2.4 11.1 6.1 11.4 11.9 17.2 19 19.3 20.9 22.4 32 41.3 48.4 61.1 71.5 78 95.6 130.8 145.4 130.7 122.2 116.6 112.9 114.4 116.4 118.2 123.5 152.1 169.7 194.9 207.1 205.3 209.6 218.9 229.1 225.2 223.1 222 225.7 221.8 220.9 220 220 231.7 234.8 245.7 254.2 257.4 280.7 303.5 308 313.2 298.5 303.6 299 296 284.6 273.4 274.7 268.3 266.8 253.6 243 246.8 240 235.1 228.3 228.3 234.9 230.1 229.3 228.3 228.3
-2.1 -2.1 -2.1 -2.1 -2.1 -2.1 -2.1 -2.1 -1 0.9 2.8 10.4 4.1 11.7 11.9 19.3 32 22.4 20.6 19.8 20.1 22.9 31.7 42.8 53.6 58.5 67.3 92.1 110.1 108.6 104.8 98.1 96.2 95.5 92.3 104.6 125.9 143.6 161.4 176.6 198.3 211.9 211.6 217.9 228 229.3 228.2 231.8 230.3 224.1 221.9 220.8 229.8 239.1 242.1 245.4 250.1 249.8 263 283.4 289.3 291.6 290 290.2 284.2 278.1 269.2 268 275.7 263.4 250.1 244.5 237.6 228.4 234.9 228.3 232.5 234.9 234.4 234.3 232.2 228.3 228.3
-2.1 -2.1 -2.1 -2.1 -2.1 -2.1 -2.1 -2.1 -0.4 1.3 2.9 10.7 5.5 8.4 11.8 12.5 35.8 32.4 25.4 21.9 20.1 20.2 19.8 23 33.5 39.2 45.4 56.7 71.8 80.6 83.7 81.4 77.7 75.5 81.2 95.1 108.4 123.6 150.5 161 192 219.6 214.9 216.4 221.3 227.1 232.8 235 230.6 223.3 222 226.1 235.5 245.4 251.5 248.1 244.5 246.5 248.6 259.1 273 269.1 282.7 279.1 266.9 262.9 272.8 260.5 262.6 250.6 241.8 233.6 230.5 228.3 228.3 234.1 236.6 237.6 235.6 235.7 237.7 228.3 230.2
-2.1 -2.1 -2.1 -2.1 -2.1 -2.1 -2.1 -0.8 0.5 1.9 7.9 5.4 16.5 7.1 8.9 9.5 20.8 35.1 31.3 26.2 23.5 20.5 19.3 18.4 16.8 18.6 22.6 41.8 50.9 57.1 59.1 60.4 57.8 65.7 81 90.2 96.9 109.9 127.9 160.4 196.9 221.5 211.3 206.8 213.6 219.5 227.2 232.9 227.9 219.6 224 229.6 237.6 247.4 253 246.8 244.8 239.3 238.8 240.2 251 258 258.9 254.3 249.1 255 247.1 254.4 246.7 237.3 232.6 229.8 229.5 229 228.3 236.2 243.7 242 238.6 237.4 241.3 233.8 228.3
-2.1 -2.1 -2.1 -2.1 -2.1 -2.1 -0.8 0.3 1.6 3.2 13.2 13.3 11 7.4 6.2 9.1 11.6 20.2 29.6 31.6 31.4 29.8 23.6 20.3 18.3 14.8 15.2 18.9 25 30.8 37 44.8 58.6 66.6 75.3 86.4 91.2 98.5 120.2 160.6 191.3 217.2 205.5 198.9 205.1 210 217.6 225.1 220.7 217.4 222 227.9 233.4 242.8 241.9 238.5 238.5 233.3 232 231.4 225.9 225.3 229.2 240.6 234.3 240.7 241.9 240.8 236.5 226.8 228.1 230.3 233 244.5 242.4 242.8 247.9 247.3 243.3 241.9 236.6 233.1 233.1
-2.1 -2.1 -2.1 -2.1 -2.1 2.5 2.5 1.9 2.8 11.9 12.1 10.2 10 11.4 9 10.3 13 14.6 23.2 35.9 37.7 32.9 23.8 18.2 16.4 16.7 12.7 13.8 20.3 24.2 25.7 34.1 50.2 60.4 66.7 75.9 81 89.5 124.2 159.7 189.1 194.1 194.2 191.3 192.5 195.6 201.7 210.8 205.1 214.5 219.5 219.7 226.4 228.1 227.3 223 226 225.7 220.8 217.1 214 211.4 215.2 217.8 217.9 231.3 234.2 231.7 226.8 229.4 226.9 228 230.7 243.9 254.1 258 254.6 249.9 248.8 243.1 240.7 237.3 235
-2.1 -2.1 -2.1 -2.1 -2.1 -2.1 3.7 6 8 10.6 9.2 8 9.2 12.9 13.1 12.7 14.5 17.6 20.2 30.3 37.4 28.2 18.4 12.8 10.1 8.5 7.4 11.2 13.9 16.7 17.6 21.9 35.4 46.8 56 62 65.3 77.5 115.7 147.6 166.4 172.7 173.2 171.9 182 182.6 184.7 189.1 188.2 201.2 210 209.6 216.3 213.2 210.8 209.8 212.6 214.1 211.3 208.8 206.3 202.2 197.1 201.3 201.2 213.4 223.1 226.6 234.9 240.1 230 230.2 230.4 248.6 260.8 265.9 263.5 261.1 259.5 250.4 245.5 242.2 237.9
-2.1 -2.1 -2.1 -2.1 -2.1 -2.1 10.1 16.8 24.4 29.9 30.8 25.1 20.6 28.8 26.3 21.6 22.3 16.3 15.1 22.4 26 19.3 9.3 3.2 3.2 4.3 4.5 9.1 11.2 12.9 12.7 17.3 18.3 31 40.3 47.3 52.8 68.2 100.8 118.1 133.9 147.1 150.8 147.5 161.5 167.3 168.2 167.4 176.4 187.7 197.9 200.6 206.8 202.8 200.5 198.3 200.2 200.7 199.9 196 192.7 187.9 181 177.7 182 197.9 212.7 230.5 252.1 250.5 240.2 233.1 234.2 262.8 263.1 267.5 284.8 278.6 274.8 258.3 248.4 246 243
-2.1 -2.1 -2.1 -2.1 -2.1 -2.1 22.6 34.8 37.6 41.9 41.1 39.3 39.3 39.5 39.1 31.2 23.6 12.8 8.5 9.6 12.7 8.5 -2.1 -2.1 3.6 3.7 3.5 7.7 7.1 7.4 7.2 9.2 11.6 13.5 17.9 25.7 35.4 45.7 64.3 84.1 109.1 122.6 129.6 127.3 133.8 146.8 146 158.4 162.3 175.7 182.9 189.1 196.1 196 191.9 188.5 185.5 183.8 183.1 183.1 177.6 173.3 163.2 158.3 175.8 199.3 223.3 259.3 268 258.1 249.9 239 248.8 261.7 304.3 311.6 308.8 298.5 281.9 266.6 258.9 251.7 250.6
-2.1 -2.1 -2.1 -2.1 14.6 21 30.1 36.4 37.3 37.1 30.3 33.3 39.6 36.3 37.1 29.4 21.6 7.8 3 2.7 -2.1 3 -2.1 3.5 3.1 2.8 4.3 5.6 5.1 4.2 6.1 4.6 7.3 7.8 9.3 15 20 24.6 38.5 53.6 69.7 85.6 97.8 104.1 115.9 118.3 133.1 142.4 149.5 161.3 168.6 168.3 178.3 185.8 180.9 175.4 172.3 171.1 168.8 166.8 158.9 156 147.3 156.7 166.9 192.7 202.3 270.3 270.4 265 265.9 263.7 260.3 279.3 333.8 336.6 329.3 321.1 296.5 280.3 272.9 261.7 255.3
-2.1 -2.1 6.8 14.6 19.4 24.3 28.3 27.7 27.2 26.4 28.8 40.4 36.6 28.9 29.2 24.4 10.6 3.4 -2.1 -2.1 -2.1 5.6 12.4 8.8 6.2 4 4 5.2 5.5 9.7 12.4 17 21.3 15 10.8 9.2 18.8 20.8 21.9 30.6 45.6 56.9 70.1 80 88 104 117.5 124.9 134.2 142.5 148.8 145.7 158.4 166.5 166.4 161.6 159.3 155.2 149.2 141.4 137.7 128.9 149.8 154.8 164.1 169.6 185.4 232.5 247.9 248.9 257.7 283.8 274 303 339 346.7 342.6 338.3 309.9 292.4 291.4 275.3 273.1
-2.1 -2.1 -2.1 6.6 14.2 22 19.1 14.6 15.2 19.5 27.4 25.9 20.8 17.3 13.7 5.1 3.5 -2.1 -2.1 -2.1 0.9 6.6 36.5 25.2 18.6 20 11.7 10.1 6.5 12.6 14.9 22.3 38.9 34.9 27.5 11.3 16.5 19.8 20.3 20.4 25.2 36.1 48.4 60.1 67.1 78.2 92.6 104.9 113 121.5 120.4 124 133.6 143.9 145.6 137 135.4 128.9 122.6 120.9 118.3 144.6 157.9 160.4 161.8 169.9 179 216.1 228.5 229.2 269.8 292.5 290.2 305.5 326.7 347.9 357.1 344.4 328.8 302.8 297.7 287.3 299.6
-2.1 -2.1 -2.1 -2.1 8.6 12.3 12.6 10.7 3.6 -2.1 3.2 4.2 4.8 8.8 3.3 1.3 -2.1 -2.1 -2 -2.1 1.8 11.3 33.4 39.1 36.7 48.4 32.2 15.5 10.8 12.3 13.8 21.9 39.7 42.8 39.4 25.4 11 16.6 17.5 17.4 18.7 23 28.9 36 44.6 54.4 67.3 78.5 86.6 90.5 96 102.2 109.9 112.8 114.9 109.9 106.2 101.2 93.1 116.7 134.2 145.8 154.4 153.7 159.8 169.9 173.9 187.5 187.6 210.2 261.6 274.2 294.1 301.2 326.3 350 368.1 359.5 340 320.6 311 304.6 314.6
-2.1 -2.1 -2.1 -2.1 -2.1 9.6 12.6 -2.1 -2.1 -2.1 -2.1 0.6 2.5 2.3 2.4 -1.7 -2.1 -2.1 -0.3 0.6 1.9 15.5 41.5 60.2 59.2 67.6 62 28.1 15.8 14 15.1 21.4 29.9 30.6 33.3 27.6 15.6 12.8 13.9 15.1 17.5 21 23.5 25.6 30.6 35.2 46.1 55.9 65.8 69.4 74.8 80.8 85.8 87.2 84.7 84.7 85.6 83.1 94.8 112 126.2 134.2 138.4 143.1 147.5 158.2 162.6 160.2 165 183.9 233.2 271.7 294.8 292.6 318 369.4 381.3 373.7 353.9 329.5 314.7 310.8 331.7
-2.1 -2.1 -2.1 -2.1 -2.1 9.9 -2.1 -2.1 -2.1 -2.1 -2.1 -2.1 -2.1 -2.1 -2.1 -2.1 -2.1 -2.1 1.4 2.3 3.3 14.7 34.8 55.7 58 73.1 77.7 56.6 26.6 19.3 18.3 24.3 26.1 25.4 22.6 20.2 17.4 18.4 18.6 19.9 21.3 23.5 24 29.7 33.1 33.1 34 36.4 45.2 51 56.5 60.9 65.4 65.4 65.8 69.9 79.6 87 98 101 113.7 119.9 123.6 129.3 132.6 141.7 146.5 151.9 155.4 165.7 205.3 252.1 270.4 276.1 317.5 351 371.9 375.1 368.1 344.2 320.5 314 327.4
-2.1 -2.1 -2.1 -2.1 -2.1 -2.1 -2.1 -2.1 -2.1 -2.1 -2.1 -2.1 -2.1 -2.1 -2.1 -2.1 -2.1 -2.1 6.4 10.5 18.4 15.7 30.1 51.5 52.5 63.9 78.7 74.1 44.5 30.7 28.7 33.6 33.7 29.6 22.1 21 20.8 18.4 19.4 20.8 22.1 23.9 24.8 31.9 38.3 40.3 45.8 49.8 48.8 50.2 50 49.5 55 74.3 82.4 92.6 101.3 109.3 114.4 116.8 116.5 116.9 120.9 121.9 124.7 127.7 134.3 140.1 147.2 154.9 166.8 204.1 237.7 256.2 293.8 321.7 339.6 369.9 372.5 353.6 328.6 327.8 339.1
-2.1 -2.1 -2.1 -2.1 -2.1 -2.1 -2.1 -2.1 -2.1 -2.1 -2.1 -2.1 -2.1 -2.1 -2.1 -2.1 -2.1 6.1 14.8 17.4 20.4 18.1 25.2 37.4 44.7 50.8 66.9 83.3 63.1 45.6 42.8 44.7 43.1 37.6 25.7 26.7 29.2 20.4 20 21.5 24.2 25.8 27 33.3 39.2 43 50.7 62.1 71 76.4 74.4 70.6 81.9 90.4 97.7 102.8 108.5 115.6 125.6 127.4 127.5 124.1 119.2 120.7 121.7 123.8 125.7 130.9 140.6 148.1 158.1 189.9 234.8 243.9 273.6 298.8 310.4 336 348.1 339.5 330 343.2 353.1
-2.1 -2.1 -2.1 -2.1 -2.1 -2.1 -2.1 -2.1 -2.1 -2.1 -2.1 -2.1 -2.1 -2.1 -2.1 -2.1 -2.1 20.8 31.9 36.1 32 21.2 23.6 29.5 35.4 39.3 55.2 86.5 85.2 60.6 54.9 50.1 47.9 39.6 28 29.2 30.6 26.3 22.1 25.1 27.1 27.3 29.8 35.2 38.9 47.8 52.1 63 73.1 86.8 95.6 92.2 100.9 143.1 154.1 142.2 139.2 133.8 132.7 136.3 137.8 135.5 129.2 124.5 122 121.9 124.2 127.2 131.8 137.6 150 163.3 183.1 235.7 246.1 262.4 269.8 282.8 297.1 293.8 302.6 322.3 338.5
-2.1 -2.1 -2.1 -2.1 -2.1 -2.1 -2.1 -2.1 -2.1 -2.1 -2.1 -2.1 -2.1 -2.1 -2.1 -2.1 -2.1 19.4 29.6 46.5 45.4 32.6 21.8 27.4 30.7 34.6 47.2 81.2 97.4 76.7 66 56.7 51.3 41.6 32.4 31.5 30.5 35.5 35.4 30 36.8 34.7 31.9 37.5 45 51.9 57.9 64.6 76.1 89.8 101.2 114.5 130.2 159.4 171.2 186.9 183.1 169.7 170.6 161.4 161.2 152.7 142.1 131.2 123.5 122.3 124.2 125.8 128.6 135.7 138.8 145.6 155.9 201.5 220.1 222.9 229.1 235.8 243.6 251.4 260.1 284.8 312.1
-2.1 -2.1 -2.1 -2.1 -2.1 -2.1 -2.1 -2.1 -2.1 -2.1 -2.1 -2.1 -2.1 -2.1 -2.1 -2.1 -2.1 -2.1 27 53.2 52.9 44.6 27.9 27.7 31.8 34.5 42.6 70.8 93.6 99.3 77.9 60.9 53.6 44.8 35.6 33.3 37.6 45.9 48.3 42.3 42.9 41.5 40 46.4 51.9 55.3 65.6 73.9 83.8 97.3 120.4 143.5 165.1 162.2 177 214.7 214.7 213.3 198.7 192.3 188.4 185.8 168.9 151.2 136.5 126.8 124.5 125.7 127.4 132.9 135.3 137.2 141.6 167.4 182.7 182.5 189.4 196.8 210.6 216.8 232.4 248.8 284.2
-2.1 -2.1 -2.1 -2.1 -2.1 -2.1 -2.1 -2.1 -2.1 -2.1 -2.1 -2.1 -2.1 -2.1 -2.1 -2.1 -2.1 -2.1 26.7 50.1 55.7 52.2 43.4 28.4 32.8 36.2 42.4 62.9 82.1 98.9 88.6 70.7 53.9 45.1 39.5 41.1 46 54.5 57 52.1 53 48.9 50.7 56 58.6 60.3 70 82.3 89.8 115 142.4 166.2 188.7 180.3 183 230.3 237.4 239.6 224.7 218.6 207.5 201.6 182.1 170.4 162.7 148.1 142.3 133.7 131 128.7 131.3 134.1 134.8 134.6 145.7 155.7 161.8 170.8 180.6 190.4 203.7 223.5 255.3
