UK/data/nt/nt03_OST50GRID_20230518/NT03.asc
ncols 200
nrows 200
xllcorner 300000
yllcorner 630000
cellsize 50
[rows 35 to 69 of 200, columns 78 to 155 of 200]
214.6 225.9 228.2 225.9 227.1 224.4 221.4 224.7 218.7 218.8 218.3 219.1 219.2 218.9 218.5 219.2 220.5 221.6 222.5 223.4 224.6 225.9 228.9 231.5 230.2 228.4 226.9 224.8 221.8 218.4 215.6 213.8 212 210.3 208.6 208.9 209.7 211.1 212.7 212.5 212.4 213.1 214.2 215.6 217.2 218.7 221.5 224.8 227.6 230 230.9 231.6 229.9 226.1 223.2 219.3 213.8 207.8 205.6 205 201.5 206.2 210 213.8 218.2 220.1 221.2 218.4 216.8 219.5 217.7 217.5 219 222.4 229.8 237.3 243.8 248.9
213 226.1 229.7 226.8 225.4 224.1 220.5 219.7 217.3 217.2 218 218.9 218.4 217.8 217.7 218.4 219.4 220.9 223.1 224.2 225.2 226.7 228.2 228.8 228.2 226.9 225.6 221.9 219.4 216.9 214.8 212.9 211.2 209.9 210.2 210.1 211.2 212.4 213.7 214.1 214.2 215 217.1 219.1 220.9 222.2 225.2 228.7 232.4 231.2 232.3 233.3 232.6 228.5 224.4 219 212.6 209.8 207.3 204.2 202.9 204.8 205.8 212 215.1 216.8 218.2 216.7 215.9 218 215.2 219.6 220.5 224.6 235.4 243.6 250 254
213.2 217.9 226.7 227.2 226.7 225.3 219.8 218 217.2 214.7 218.2 217.6 217.3 217.3 217.8 218.2 218.7 220.7 222.9 224.9 225.4 226 225.7 227.1 227.3 226.6 224.3 221 218.4 216 214 212 210.3 209.9 210.2 211.2 213.1 214.3 215.2 215.9 216.4 218.5 220.8 222.7 222.6 223.8 227.4 230.8 234 233.2 234.4 237.1 235.3 231.6 227.5 218.1 213.6 210.1 206.1 203.1 200.9 202 204.5 208.4 212.7 214.3 215.4 215.6 214.4 215.3 215.7 219.5 225.7 231 242.1 251.3 255.9 258.1
213.4 214.1 225.4 226.9 228.1 222.9 218.8 218.2 217.4 215.3 216.9 215.5 217.4 217.7 218.2 218.2 218.6 220.6 224.2 225.2 225.2 226.5 225.4 224.7 224.4 223.6 222.8 220 217.3 214.8 213.1 211.2 209.9 210 211.1 212.4 214.4 216.7 218 220.2 220.3 221.5 221.4 220.9 221.2 221.4 223.5 226.7 228.7 229.9 233.7 239.2 237.1 234 231.2 220.9 213.4 207.5 203.4 200.6 200.8 201.6 202.9 206.3 209.1 211.8 216 216.7 213.9 212.5 216.6 223.3 231.4 242 250.8 257.5 260.3 262.5
215.7 212.1 224 226.6 224.5 221.7 220.3 219.4 217.9 216.8 215.6 216.2 218.5 218.9 219 218.8 219 220.8 222.9 226 225.5 226.3 224.5 222.5 221.7 221.3 220.6 218 215.5 213.5 211.2 209.9 209.7 211 212.2 213.5 215.8 218.3 220 220.7 221 219.5 219.5 220.3 221.3 222.6 223.9 225.4 226.6 229.2 237.2 238.3 236 232.3 226.9 219.6 210.7 205.6 201.2 200.3 200.9 201.5 202.6 204.7 208.7 211.1 217.4 214.1 209.6 211.8 219.6 228.6 239.1 248.2 256.7 261.1 263.5 262.6
217.8 210.5 226.7 225.6 221.9 220.3 221.1 220.6 219.8 217.7 215.5 214.3 217.9 220.2 219.7 219.2 220.6 221.6 223.1 225.7 227.1 225.8 224.1 220.7 219.9 219.6 218.2 215.7 213.2 211 209.6 208.2 209.9 212.2 213.5 215.8 217.6 219.3 220.6 220.4 219.8 218.9 220.4 222 223.3 224.9 226.4 225.6 226.6 231 235.9 232.7 228.8 225 219.6 214.8 209.1 204.1 201 200.7 200.9 201.3 203.3 205.5 209 212.7 214.1 209.9 207.5 219.3 225.9 237.3 244.7 252.4 260.8 266.6 267.2 263
218.9 211.6 223.2 222.4 218.2 219.1 220.4 220.4 217.9 217.7 217.6 215 214.3 215.7 216.7 215.8 220.7 221.8 223.2 226.4 227.1 225.2 223.5 219.9 218 216.7 215.9 213.4 210.9 208.8 207.5 208.5 211.4 213.9 216 217 218.4 219.2 219.8 219 218.1 220 221.5 223.1 225.2 227.4 227.9 226.6 227.8 229.4 231.3 228 225.1 221.8 218.4 213.8 206.4 202.7 199.8 200.3 200.8 201.2 202.5 204.9 207.1 205.6 205.5 208.2 219.8 226.5 235.2 241.6 248.6 255.7 265.9 272.4 268.4 259.8
211.2 213.7 221.5 219.9 217.4 218.5 219.7 217.8 217.6 217.5 216.9 215.8 212.7 211.9 212.4 213.2 219.8 221.9 223.1 227.1 226.1 224.4 222.5 219.3 215.2 214.4 212.7 210.2 208.6 205.8 207.1 209 213.3 215.8 216.5 216.4 217.2 218 218.6 218.5 218.9 220.9 223 225.4 227.8 229.6 227.9 225.6 225.5 225.8 226.9 224.3 222.5 220.3 217.8 213 208.2 203.1 199.4 200.1 200.6 200.7 201.5 204.2 202.1 205.6 213.5 219.4 225.5 233.7 238.6 242.9 250.3 259.2 270.3 274.4 266.1 256.7
211.7 219.8 215.8 215.5 214.6 214.9 215.7 216.6 216.7 218.2 217.7 215.7 213.3 211 209.9 214 218.2 220.3 222.3 226.1 225.7 222.7 220.1 216.9 214 211.2 209.8 208.3 205.6 205.4 207.8 209.5 212.7 214.4 214.9 215.1 215.5 216.8 217.4 218.5 219.7 222.1 225.7 228.2 229.6 229.4 227.6 225.4 222.8 222.9 221.9 222.3 221.2 219.2 215.8 210.6 204 200.2 199.8 200.2 200.2 200.2 200.7 202.3 202.5 211.2 217.8 223.5 230.8 236 240 245.4 252.9 262.1 273.2 272.7 263.7 256.3
212.3 216.4 214.1 212.6 213 214.5 216.1 216.3 216.2 216.2 217.6 214.9 213.5 209.6 208.7 213.7 216.6 217.3 222.3 224.9 223.9 221.4 219 215.9 213 209.9 206.9 205.1 203.2 205.3 208.5 208.9 209.8 210.9 212.9 213.7 213.3 215.8 217.7 218.9 222.1 224.3 227.2 227.5 226.5 226.9 227 222.5 220.7 218.8 219.7 220.1 218.8 216 209.1 202 200.2 198.9 199.9 199.9 199.9 199.9 199.9 201.7 205.7 213 220.9 226 232 237 243.3 251 256.6 268.4 273.8 270.4 262.3 257.4
215 214.9 211.5 212.4 213.9 215.8 215.6 215.3 214.9 214.5 213.1 212 211.5 208.7 208.6 210.7 213.8 215.6 218.2 221.9 220.8 218.3 216.3 214.3 210.8 207.6 204.7 203.4 202.7 204.5 208.1 207.4 207.3 208.4 209.1 209.9 211.9 214.3 218 221.2 223.6 223.6 225.1 226.2 224.6 222 220.9 218.6 218.8 218.4 216.4 215.4 209.6 206.5 199.8 199.3 198.6 198.1 199.2 199.5 199.6 199.7 199.7 201.9 207.2 213.4 220.6 225.9 232.4 235.6 243.8 254.6 262.3 270.3 271.9 267.3 262.5 258.3
212.7 211 211.6 212.6 213 214.1 213.1 213.5 214.3 212.6 213.1 211.7 210.2 206.8 205.6 208.3 209.9 213 214.5 215.5 215.7 214.7 212.8 211.1 208.2 205.9 203.4 202.6 202.4 203.3 206.2 207 206.3 205.5 205.3 206.1 208.7 213 219.5 219.7 219.9 219.5 222.1 221.3 218.8 217.2 215.5 217.2 216.7 213.5 208.2 204.5 200.5 198.1 198 198 198 198.2 198.9 198.9 199 199.1 199.3 203.1 208.9 215.5 220.3 227.9 231.5 236.3 246.9 254.6 263.3 270.9 267.7 266 265.7 261.6
208.2 212 210.3 211 211.4 211.3 212.1 211.7 213.3 212.1 211.9 211.5 208.1 205.8 204.7 207.3 208 209.1 209.5 210.1 209.5 210 209.2 207.6 205.3 202.6 201.1 201.2 199.9 203.6 205.5 205.3 201.1 201.5 202.3 204 209.2 212 212.8 212.5 215 215.1 216.7 214.3 214.7 215.9 211.6 211.1 210.3 207 200.6 198 197.5 197.6 197.5 197.5 197.5 197.6 198.6 198.6 198.6 198.6 200.2 205.4 211.3 214.3 217.7 223.3 228.7 238.8 248.7 256.2 262 264.4 265.3 266.8 269.1 265.3
208 211.7 207.9 208.7 210.7 209.1 209.2 208.9 210.6 210.4 210.2 210.2 207.6 205.3 203.9 206.1 206.3 206 204.9 205 204.6 205.2 205.1 203.9 201.8 200 198.3 198.7 199.4 201.6 202 200.1 199.7 200.4 200.6 202.4 205.7 206.6 206.6 206.7 207.7 208.7 208.1 208.7 210.4 209.4 206.3 204.4 202.6 198.7 197.1 197 197.1 197.4 197.3 197.3 197.3 197.4 197.7 198.2 198.2 198.8 202.5 206.7 209.7 215.6 218.3 222.4 230.3 240.4 249.4 256 262 263 265.3 270.1 272.7 268.7
205.5 206.4 205.7 205.9 206.5 208 208.7 208.4 208.3 209.1 209 208.1 206.5 203.8 203.1 205.1 205.8 204.3 203.2 201.7 202.1 201.9 201.1 200.8 197.9 197 197.2 197.4 198 198.3 198.2 198.4 197.3 198.3 199.8 201.1 201.5 203 202.6 202.6 203.6 203.5 201.8 202.7 203.1 202.8 201 199.2 198.6 197 196.6 196.6 197 197.3 197 197 197.1 197.2 197.7 197.7 197.8 199.1 201.3 202.9 208.1 215.7 219.5 223.3 232.1 241.4 249.8 257.6 259.7 261.8 269.2 274.6 277 270.6
206.8 205.5 204.6 205.3 205.7 204.5 207.8 207.8 205.6 207.7 206.8 206.2 206.1 204.8 202.3 204.7 204.8 202.8 202.3 200.3 198.4 198.8 197.8 197.1 197 196.7 196.5 196.3 196.4 196.6 196.8 196.2 195.8 196.4 198.5 199.6 199.2 199.3 199.1 198.9 199.4 198.2 199 199.5 197.6 198.5 197.2 196.8 196 195.9 196.1 196.5 196.8 197.2 196.8 196.8 196.9 197 197.6 197.6 197.5 199.3 200.3 201.3 207.3 211.5 218.2 225 236 243.4 248.6 257.6 257 264.7 270 275.6 276.7 270.2
205.6 206 204.2 205.1 203.8 203.7 205.9 207.4 205.5 204.7 205.2 204.9 204.9 204.2 201.5 203.8 202.7 202 199.8 198.1 197.3 196.9 197.1 196.7 196.7 196.5 196.4 196.5 196 196 196.9 196.1 196.1 196.2 196.2 197.3 198.1 199.6 198.4 197.3 197.3 196.7 196.6 197.1 196.4 196.6 197.1 196 196 195.9 195.9 196.3 196.7 197 197.4 196.6 196.7 196.8 197.2 197.8 197.2 199.2 198.1 199.5 204.9 207.8 214.3 225 234.3 241.1 248 252.2 259.6 264.1 269.6 271 272 267.3
204.7 205.2 205.2 204.1 204.5 202.7 202.7 205.2 204.9 204.1 203 203.4 202.7 201.1 201.3 201.6 200.4 199.4 197.9 197.6 196.8 197.1 197.1 196.5 196.4 196.5 196.6 196.6 196.5 195.4 197 196.2 196.1 196 195.9 196 196 196 196.2 196.2 196.3 196.2 196.1 195.9 195.9 196.3 196.4 196 196 196 196.1 196 196.4 196.9 197.2 196.4 196.5 196.7 196.8 197.6 196.8 196.6 196.9 198.4 202.6 207 215.1 224.5 230.2 237.5 246 252.5 255.4 258.2 259.9 263.9 261.9 258.1
204.9 204.6 204.6 204.4 203.3 204.2 202.9 202.3 202.6 202.9 202 202.7 200.8 199.3 200.5 199.9 199.6 198.2 197.1 197.1 197.2 197.2 197.1 196.4 196.3 196.8 196.9 196.9 196.7 196.1 196.3 196 195.9 195.7 195.7 195.8 195.9 196 196 196.1 196.2 196.1 196 195.8 195.7 195.7 195.7 196 196.3 196.5 196.6 196.4 196.2 196.3 196.8 197.3 196.8 196.9 196.7 196.5 196.3 196.8 196.4 198.5 201.8 207.6 217 223.2 230 238.8 246.3 249.8 250.4 251.9 250.5 249.8 246.7 245.4
203.4 204.1 204.2 203.9 203.3 203.7 202.5 201.6 201.1 201 201.9 202.5 201.2 199.9 198.6 198.8 198.5 198.3 197.1 196.7 197.5 197.8 197.1 196.9 196.9 197.1 196.8 196.4 196.4 196.7 195.6 195.6 195.6 195.5 195.6 195.7 195.8 195.9 195.9 196 196.1 196.1 196 195.7 195.6 195.5 195.5 195.7 196.1 196.4 196.6 196.5 196.1 196.4 196.6 197.4 197.3 197 196.6 196.2 196 196.4 195.6 196.6 200.3 204.1 210.7 218.1 226.5 235.9 239 240.8 240.2 242.9 242.5 236.3 234.4 235.8
203.8 203.3 203.3 203.1 203 202.7 202.9 201.4 201.6 201.3 200.5 200.8 201.4 199.7 198.4 198.2 198.4 197.8 197.3 196.9 197.7 197.1 197.7 196.7 197.3 196.8 196.4 196 196.2 195.9 195.7 195.5 195.2 195.3 195.4 195.6 195.7 195.8 195.8 195.9 196 196 195.9 195.6 195.4 195.4 195.3 195.4 195.9 196.2 196.5 196.7 196 196.1 196 197.1 197 196.7 196.5 196.1 195.8 196 195.7 196.1 196.1 200.3 205.2 209.9 218.4 223.8 225.1 225.1 227 225.9 224.5 221.4 222 224.3
204.8 204.4 203.7 203.1 202.3 201.7 201.2 200.7 200.3 200.1 199.9 199.5 201.1 199.3 199 198.3 197.2 196.8 196.8 196.8 198.5 197.5 197.2 196.9 197.2 196.7 196 195.6 195.8 196.5 196.2 196 195.4 195.4 195.4 195.4 195.5 195.7 195.7 195.8 195.8 195.9 195.9 195.5 195.3 195.2 195.1 195.1 195.6 195.9 196.4 196.8 196 195.7 196.2 195.9 196.6 196.4 196.1 195.9 195.5 195.3 195.5 195.5 195.4 195.2 199.5 202.7 208 211.4 212.5 213 213.1 212.5 210.8 211.2 211.8 212.9
204 204.2 203.2 203.2 202.5 201.6 200.7 200.4 200.1 200 200.7 199.4 199.2 198.6 199.2 198 198.5 196.9 197.1 197.4 197 197 197.1 197.1 197 197 196.1 195.4 195.6 196.8 196.7 195.7 195.7 195.7 195.7 195.6 195.6 195.6 195.6 195.7 195.7 195.7 196.1 195.8 196.4 196.2 196.1 195.9 195.8 195.7 195.5 195 195.5 195.5 196 196.5 196.5 196.2 195.9 195.7 195.3 195.1 195 194.9 194.8 195.7 195.7 196 197.8 200.1 200.9 203.3 203.6 202.9 201.8 204 204.2 204.8
202.5 203 202.1 202 202.5 201 200.6 200.3 200 199.7 199.4 199.4 200.3 198.6 199 198.3 198.5 198.3 197.9 197.9 197.7 196.9 196.7 196.4 196.4 196.9 196.6 196.4 196.1 196 196.7 195.8 195.9 196 195.9 195.9 195.9 195.8 195.7 195.6 195.6 195.6 195.6 195.6 196 196 195.9 195.7 195.6 195.6 195.7 195.8 195.4 195.4 196.2 196.3 196.1 195.7 195.2 195.1 195.1 195.1 195 194.9 194.8 194.8 195.3 195.1 195.2 195.7 196.8 196.6 196.5 196.6 196.1 196.4 196.7 195.9
200.6 201.5 200.7 200.6 199.9 200.5 200.5 200.2 199.9 199.5 199.2 199.2 198.6 198.2 197.9 199.2 199.1 197.5 197.6 197.8 197.4 197 197.1 196.9 197.1 197.4 197.1 196.7 196.3 196 195.8 196 196.2 196.2 196.2 196.2 196.1 195.8 195.7 195.7 195.7 195.6 195.6 195.6 195.7 195.7 195.6 195.5 195.4 195.5 195.6 195.8 196 195.7 195.8 196 195.2 195.1 195 195 195 195.1 195 194.9 194.9 194.9 195 195 195.1 195.1 195 195.2 194.8 195.4 195.7 195.4 195.2 195.2
199.8 200.6 200.2 200.5 199.7 200 200.3 200 199.6 199.3 198.9 199.1 198.8 198.5 198.5 198.4 198 198.4 199.4 198.7 196.8 197.2 196.9 197.8 197.7 197.5 197.6 196.8 196.3 196 195.6 196.2 196.5 196.5 196.5 196.2 196 195.8 195.9 195.8 195.7 195.7 195.6 196.3 195.7 195.5 195.3 195.3 195.3 195.6 195.8 196 196.2 196.3 195.3 195.7 196.1 194.8 194.9 194.9 195 195 195 195.1 195.4 195.1 195.4 195 195 195.2 195 195.4 194.7 195.6 195.5 195.4 195.4 195.2
199.4 199.2 198.9 198.7 198.6 199.4 200 199.6 199.3 198.9 199 199.4 199.2 199 199 198.9 198.3 197.8 197.7 197.8 198.9 197.7 198.5 198.8 197.6 198 198.1 197.4 196.3 196.3 196.5 196.2 196.8 196.6 196.4 196.1 195.9 195.8 196.1 195.9 195.8 195.8 196.1 196.1 196.2 196 195.8 195.7 195.6 195.8 196 196.3 196.4 196.1 195.7 195.5 196.1 195.2 195.6 195.7 195.7 195.5 195.8 195.8 196 195.8 195.7 195.5 195.1 195.5 195 196.1 196.1 194.9 196.3 194.2 195.1 195
199.5 199.1 198.8 198.6 198.3 198.7 199.5 199.2 198.9 198.9 199.3 199.6 199.6 199.6 199.6 199.2 198.6 198 198.1 198.9 197.8 197.1 197.4 197.5 198.3 198.5 199 197.3 197.1 197.4 196.6 196.7 196.2 197.2 196.3 196 195.9 195.8 196.2 196 196.2 196.6 196.4 196.4 196.3 196.6 196.5 196.3 195.1 196.2 196.3 196.6 196.4 196 195.8 195.7 196.1 196 196.3 196.1 195 195.1 195.9 195.4 194.9 196 196.2 195.9 196 196.1 195.3 196.2 195.4 195.1 195.2 195.2 195 195.1
199.5 199.9 199.2 197.9 197.9 197.5 198.9 198.9 198.8 199.2 199.4 199.5 199.6 199.8 199.9 199.2 198.5 198.4 198.7 197.7 198 197.1 197.5 197.8 198.5 198 197.9 198 197.8 197.6 196.6 196.8 197 197.7 197.4 196.7 196.6 196.5 195.1 195.6 196.4 197 197.1 196.6 196.9 196.7 196.8 195.7 196 196.8 196.6 195.9 195.7 196 196.3 196 196.3 196.2 195.8 196.3 196.1 195.6 196 197 197 199.6 198.2 195.9 196 196.3 196 195.9 195.6 195.4 195.3 195 195 195.3
200.9 199.2 199.3 198.7 198.5 198.2 198.5 197.6 198.8 198.9 198.7 198.7 198.9 199.1 199.2 198.9 198.9 199 198.8 197.9 197 197.5 197.9 198.1 198.4 198.1 198.1 196.9 198 197.7 196.8 195.7 196.5 196.8 196 196.2 196.2 196.1 195.9 197.1 196.4 196.1 195.6 195.5 195.7 195.8 195.7 196.1 196.4 196.6 196.7 196 196.1 196.4 196.4 196.6 196.6 197.3 197.9 198.2 198.2 198.4 198.9 199.9 200.7 199.7 198.3 198.4 197 197.9 197.7 197 196.3 195.8 195.6 195.3 195.1 196.3
200.2 199.3 199 197.8 198.5 198.4 198.6 198.9 198.5 198.4 198 197.9 198.1 198.3 198.5 198.7 198.6 198.5 198.6 197.7 196.8 197.5 198.2 198 198 198.1 197.8 196 197.7 196.6 196.9 197.1 196.8 195.9 195.5 196.1 196.4 196.1 196.7 196.9 196 197 198.4 198 196.1 195.6 196.3 197 196.3 196.4 196.6 196.4 197.2 197.9 198.3 198.3 198.5 199.3 200.1 200.4 200.8 201.1 201.7 202.5 203.3 202.2 201.3 200.9 199 199.8 199 198.2 197.4 196.7 196.6 196.3 195.9 199.3
199.5 198.7 198.8 199.6 199.3 198.5 198.6 198.6 198.6 198.5 198.1 197.7 197.5 197.7 198.5 198.6 198.1 198 198 197.5 196.9 196.4 196.9 196.5 197.4 196.3 196.3 195.6 196.7 196.6 196.6 196.6 195.9 196.6 196 196 196.9 196.6 197 198.1 199.9 201.3 199.6 198.7 198.4 197.7 197.7 198.3 198.1 197.5 197.1 197.9 199.4 199 200.6 201 201.3 201.7 203.1 203.8 204.4 205.1 206.5 206.7 206.9 205.5 203.5 202.2 201.6 201.3 199.8 198.8 198.1 197.7 198 197.2 197.8 201.2
200.3 198.2 198.8 200 199.6 199.6 198.6 198.6 198.2 198.6 198.2 197.9 197 197.5 198.4 198.4 197.6 197.4 197.4 197.2 197.4 196.9 196.2 197.2 195.9 195.9 196.2 196.7 196.8 196.6 196.5 197.1 196.8 196.6 196.9 198.7 200.8 198.7 200.3 202.3 202.7 203.5 202.1 201.7 199.9 199.6 199 198.9 198.6 198.7 198.9 199.8 201 201.2 203.2 205.2 207 206 206.4 207.6 209.5 210.7 210.7 210.7 209.9 208.4 205.9 204 202.4 201 200.2 199.5 199.1 198.7 198.1 197.3 199.6 202.7
200.4 198.6 200.3 200.3 199.7 199.5 198.7 200.1 199.4 198.1 198.2 197.5 196.5 196.8 198.2 198.2 197.5 196.8 197.4 198.3 197.2 197.1 197.5 197.2 197.7 196.8 196.7 196.7 197.1 197.6 198.6 198.9 198.6 198.5 201.4 201.4 201.6 202.1 204.1 207.8 207.2 207 205 204.9 202.6 201.2 201 200.9 201.1 200.1 201 202.2 204.7 204.7 207.6 210.5 213.6 211.8 213.1 215.4 216.3 217 217.1 215.9 212.7 211.5 208.3 205.2 202.2 202.1 201.5 201.5 201.5 199.8 198.6 198.4 201 204
199.5 199.1 201.3 199.7 200.7 201 199.4 199.5 200.6 198.5 198.2 197 197.1 197.5 197.6 197.8 197.6 198.1 199.2 198.9 198.9 198 198.1 198.1 199.1 198.4 198.7 201.6 198.6 198.8 201.7 200.9 201.3 202 202.3 201.9 203.5 207 209.4 213.6 213.3 209 207.4 207.6 206.9 206.7 205.2 203.6 203.8 202.9 203.9 210 212.2 212.9 214.6 218.8 219.5 221 221.2 223.2 223.6 224.4 222.5 220.9 217.6 214.3 211.4 208.5 205.3 203.6 203.1 203.1 202.5 201.8 200.2 201.5 204.2 206.3
