WholeMapElevations/data/nd/nd29_OST50GRID_20230518/ND29.asc
ncols 200
nrows 200
xllcorner 320000
yllcorner 990000
cellsize 50
[rows 36 to 71 of 200, columns 80 to 159 of 200]
362.5 358.4 352.8 346.5 338.8 331 321.9 309.9 292 274.2 262.4 249.1 246.2 239.6 230.4 232.3 232.5 232.2 231.2 228.5 227.4 226.6 225.3 223 217.4 213.3 208 200.8 194.7 189.2 180.7 174.9 169 163.1 156.2 152 147.3 141.8 137.8 135.7 134 133 131 129.2 124.7 123.6 121 117.8 117.6 116.2 111 112.1 114.1 113.6 115 115.6 116.5 115.7 111.7 106.7 105.1 104 102.7 100.5 97.6 96.1 92.9 90.6 87.3 82.2 78.6 76.4 74.9 71.9 67.9 68.3 67.7 67.3 67 67.6
357.2 353.1 348.9 343.3 338.3 331 322.1 308 287.1 271.4 264.7 259.9 253.4 249.8 249.4 246.7 243.8 241.7 239.7 237.8 236.5 235.8 234.2 230.4 226.2 220.2 214.9 207.8 200.3 194 185 176.8 170.6 163.4 152.9 148 146.3 147.1 147 143.4 139.6 138.2 136.7 134.5 132 130.2 127.5 126 124.2 122.1 123.2 122.3 121.6 120.6 120.5 122.7 123.6 121.1 116.4 110.4 107 106.1 104.3 102 99.7 96.9 93.6 90.4 86.8 81.2 79.2 77.6 75.9 73.1 70.5 67.9 65.1 64.2 62.9 64.1
352.6 349.7 345.9 341.9 337.2 330.4 323.6 315.3 301.1 288 279.1 270.3 267.5 264.2 261.2 258.8 257 253.9 250.5 248.9 247.7 247 244 239.4 234.8 228.3 222.4 215 206.5 198.9 188.7 179.9 169.7 160.4 155.2 153.3 154.5 156 156 152.7 148.6 147.2 146.1 143.8 142 138.7 136.5 136.1 134.6 133.4 131.9 130.7 130.6 131.7 132.5 133.5 132.1 127.2 122.2 115.7 110.8 108.5 105.7 103.2 100.7 98 93.4 89.2 85.1 81.9 80.3 79 78.3 76.2 73.6 70.9 68.2 68 66.7 64.7
348.3 345.5 342.7 339.6 334.2 329.3 324.4 318.2 312.1 301.9 287.7 281.7 277.7 274.4 273.8 271.5 269.6 267 265.2 265.2 264 261.4 256.1 249 243 236.1 229.2 219.9 211.9 202.2 192.3 181.8 173.8 166.4 163.6 162.4 162.8 164.3 165.3 164.1 162.6 160 159.4 155.8 152.5 149.7 147.4 147.1 145.9 145.4 143.9 142.8 142.4 143.6 144.9 144.2 142.1 137 132.1 123.4 116.9 112 110 106.3 102.9 98.7 93.4 90 85.9 84.6 83.5 83.1 81.8 80.4 78.2 75.5 71.8 69.9 67.6 65.5
343.3 342 339.2 336.1 331.1 327.1 322.7 318.5 312.9 306.6 297.5 293 289.5 286.8 284.6 286.5 284.6 283.3 282.2 279 276.1 272.8 267.4 262.7 250.6 239.8 232.7 223.5 212.7 203.5 194.4 184.9 177.9 174.5 174 173.8 173.2 173.5 175.6 174.2 173.5 172.3 170.5 168.5 165.8 162.4 158.7 158.7 158.2 156.3 154.7 153.7 152.8 153.6 154.4 154.2 153 149.7 142.4 133.9 124.2 119.3 117.4 113.4 109.8 105.2 99.5 94.7 91.8 88.5 87.3 86.5 85.8 84.4 82.8 79.6 76.9 72.5 69.4 67.3
338 337 334.5 330.8 326.4 324 319.8 316.4 312.3 310.3 307 303.1 299.5 298.1 299 299.1 300 299 296.9 293.8 289.8 284.3 278.2 271.2 262 245.1 231.9 221.6 212.9 205.1 198.1 192.4 188.5 184.9 184.8 184.5 184.3 186.6 188.5 186.7 185.9 184.5 182.2 179.5 177.4 173.7 172.7 172.3 171.3 168.3 166.8 165.9 164.9 164.4 163.9 163.2 161.4 157.3 152.8 144.1 133.6 128 124.9 120.8 116.3 111 106.1 101.8 97 93.5 91.5 90.4 90.1 89.3 88 85 82.1 78.2 74.4 69.6
331.7 329.2 325.7 322.8 321 318.8 316.7 313.8 312 311.7 310.9 309.4 308.5 308.1 311 313.2 313.6 312.1 311.4 306.2 301 296 289.4 279.7 265.4 243.1 228.8 221.8 215.3 210.9 207.3 204.4 201.2 197.9 198.3 199 199.8 201.2 201.8 201.6 200.6 199 196.2 194 189.3 186.5 183.3 182 182.2 180.2 178.7 177 175 173.9 173.4 171.6 167.5 162.7 156.5 147.4 140.1 137.1 133.5 129.1 123.9 118.6 112.3 106.8 102.3 98.4 96.1 95 94.5 95.6 94.2 91.2 88.1 84.8 79 75
319.2 317.9 314.6 314.1 313.8 312.8 311.1 311 310.8 310.9 312.4 313.1 313.2 313.2 314.7 317.9 319.6 320.8 320.6 317.5 311.8 305 299.3 288.6 267.8 248.2 234.3 227.2 221.6 218.6 216.9 213.8 211.1 209.2 209.3 210.1 212.2 213.5 213.4 212.9 212.3 210.3 208 204.3 200.4 196.9 193.2 191 189.3 189.2 188.3 187.4 185.8 183.6 181.4 180.8 176.9 170.5 164.3 153.9 148.2 145.2 142.4 138.6 132.2 125.7 119.4 113.1 108.5 104.2 101.8 98.8 98.8 99 99 97 93.9 89.6 84.2 80.8
310.3 309.5 306.8 306.5 305.4 305.8 305.8 307.8 309.3 310.7 311.6 312.6 313.4 314.2 315.9 317.3 320.5 322.7 323.2 322.3 319.2 315 310.1 302.1 284.3 264.1 248.3 236.6 229.6 227.2 226.4 224.4 222.2 221.4 221.2 222.3 223.6 224.4 223.9 223.2 221.6 219.6 217 213.2 209 204 200.5 196.7 195 194.6 195.3 193.8 193.2 191.8 190.7 190.9 188 180.4 172.1 163.8 155.2 149.4 147.2 143 138.4 132.1 125.3 119.4 116 110.5 105.8 103.6 101.8 101.6 101.9 100.9 98.9 96.8 91.7 87
304.8 303.3 300.1 298.2 297.8 298.3 300.2 303 305.2 306.4 307.7 308.4 310.8 313.1 314.6 317.1 320.6 323.2 324.2 323.9 324.3 322.1 318.6 312.4 302.7 283 269.8 255.8 244.6 242 240.9 239.5 236.7 235.6 236.4 235.9 234.6 235.1 233.2 231.3 229.1 226.2 222 219.4 215.3 210.2 206.7 203 200.9 199 199 199 197.1 195.7 193.2 192.9 192.2 185.1 177.9 170.3 162.6 155.9 150.3 149.1 144.2 138.7 131.5 127.2 122.5 116 112.2 108.6 106.3 105.9 106.1 106.1 104.7 103.8 100.1 95.8
298.6 297 294.8 293.2 293.2 293.7 295.9 296.7 299.3 301.1 302.4 303.6 306.2 310.4 314.2 316.6 320.8 323.9 325.6 326.9 327.8 326.9 323.4 320.1 312.3 303.7 286.7 274.8 262.6 262.6 260.1 257.1 254 251.8 250 247.3 245.5 243.7 240.5 236 233.5 229.7 224.5 220 216.2 212.9 210.7 206.7 206 203.1 202.8 202.1 200.8 198.1 194.5 193 191.9 186.2 179 172.6 166.9 160 154.9 153.2 148.2 143.5 138.6 133.2 128.1 124.7 121.1 115.2 111.6 110.8 110.3 110.3 110.7 109 106.3 104
290.6 289.5 289 287.6 289.2 289.4 291.5 293 294.2 295.4 297.7 299.8 303.2 308 312.4 317.1 321.7 324.4 326.7 328.3 329.2 329.3 327.8 325 320.9 316.1 307.7 297.5 287.9 284.2 278.3 274.8 270.1 266.1 262 258 253.6 249.9 245.8 240.3 235.4 230 224.3 221.1 217 213.1 210.7 209 207.2 203 202.2 202.1 201.2 197 193.2 190.8 187.9 181.7 175.1 169.4 165.2 159.7 154.8 152.8 148.4 144.9 141 136.7 133.4 131.4 126.1 120 119.2 115.7 114.5 112.8 113.2 111.1 111.6 109.3
283.5 285 285.2 284.5 285.6 286.3 286.7 289.4 289.3 291 292 296.2 302.8 308.3 312.3 316.4 320.5 324.4 326.6 328.7 330 330.7 330.4 328.8 327.1 323.1 319.1 311.5 306.2 301.6 295.8 288.3 281.6 274.9 268.7 265.4 259.5 253.8 248.3 242.6 237.6 232.2 225.2 221.3 216.6 213 208 206.4 204.3 200.3 199.2 199 197.4 192.2 188 184.4 180.6 175.8 169.1 164.6 160.9 155 152 148.1 145.1 143.1 139.9 137 135.2 133.3 130.6 123.4 122 118.1 116 114.2 114.3 111.8 112.7 113
278.7 279.1 280.3 281 280.9 282.9 283.9 284.5 283.8 279.7 288.3 294.2 301.2 308.4 313.3 317.1 321.7 324.7 326.1 328.3 330.7 332.8 333.5 333.4 331.7 328.6 324.2 319.2 313.1 309.2 304 298 289.6 282.2 274 269.1 263.3 255.1 248.7 243.1 237.4 230.4 225.6 220.6 216.4 210 204.8 203.1 200.1 197.3 196 194.5 191 186.7 182.3 178.6 174.9 170.1 165.4 159.2 155 150.3 147.1 142.9 139.1 137 135.3 133.7 132.5 132.1 129.5 124.8 122.7 116.6 115.3 112 112.6 111.6 112 114.5
275.6 270.9 272.2 274.9 275.9 276 277.2 273.8 279.8 287.4 293 298 301.9 309.4 313.8 317.8 321.8 325.1 327.4 330.4 332.5 335.4 337.2 337.2 335.1 331.7 328.5 324.6 319.4 314.3 308.1 300.6 293.5 285.9 278.5 271.3 263.8 255.2 248.3 241.3 235.1 228.9 223.5 218.1 212.7 206.5 201.8 198.2 195.6 193.5 191.3 187.3 183.8 178.8 175.6 171.9 167.2 162.3 158.7 154.2 150 144.4 141.1 137.4 133.8 131 129.6 127.7 128.3 127.1 125.8 121.9 118.7 115.1 112 109.3 109.4 108.2 108.5 112.1
271.2 263.3 266.9 265.6 267.8 266.4 270.3 277.2 284.7 290.3 296.2 301.4 305.7 310.4 315.2 319.3 323.6 327.3 331 333.6 335.5 338.3 339.2 338.7 337.9 336 332.8 329.6 325.1 319.4 312 304 294.1 287.1 280.1 273.8 265.4 255.4 247.3 238.9 232.2 226.2 220.9 215 208.6 203.4 199.2 191.9 189.8 188 183.9 178.2 173.7 170.4 167.1 163 156.6 152.4 149.9 147.3 143 138 134 130.7 127.7 125 123.1 121.8 122.3 121.6 119.5 117 115.2 111.2 107.6 105.6 104.9 102.8 103.4 107.5
264.2 256.5 258.2 256.7 258 266.3 274.3 282.2 289.1 294.2 298.5 304.4 308.8 313.6 317.5 322 327 330.1 334.9 337.1 337.3 338 340.5 341.8 341.9 341.1 339 334.9 328.7 322.6 315.1 306.1 295.2 289.2 283.3 276.6 270.7 261.1 252.6 243.7 237 230.8 223.4 216.1 208.7 202.9 199.2 189.7 186 180.3 173.3 171.3 162.4 156.1 154.4 150.4 145.1 143.2 141.9 139.7 135.9 131.6 128.8 125.1 121.5 118.5 116.3 115.6 115.7 114.8 112.9 110.1 109 105.5 102 101.2 99.7 98 98.4 102.6
257.8 250.5 252 255.3 262.4 268.4 277.2 286 292 296.7 301.3 306.6 311.2 316.9 320.7 325.3 330.3 333.7 336.8 338 338.8 342.6 344.7 346.1 347.2 346 343.9 339.8 333.8 325 317.1 310.2 302.5 295.3 287.4 280.9 275.5 267.5 258 248.8 241.1 234.6 226.9 218.9 211.5 205.4 200.4 192.4 188.5 183.6 180.7 178.3 170.3 162 153.9 145.6 141.8 134.8 133.8 132 129.3 127 124.2 119.9 116.8 113.1 110.6 108.7 107.4 106.5 105.1 102.2 99.8 97.5 94.4 92.9 93.3 93.3 92.1 95.1
253 247.3 252.4 258.6 265.3 273.6 282 288.7 294.1 298.5 303.5 308.4 314.2 318.6 322.4 328.1 333.6 337.3 339.9 341.5 342.9 346.9 349.2 350.8 352 351.5 347.7 343.3 336.7 328.7 319.7 313.1 306.4 300.8 292.8 286.8 279.9 273.6 263.8 253.8 245.2 238.2 229.9 221.9 215.9 208.9 203.2 196.3 191.7 187.1 185.1 180.8 174.1 166.3 159.9 151 142.2 139.6 136.4 132.1 128.9 125.1 119.1 115.2 112.2 107.9 105.2 104.1 102.3 100.2 98.4 96.1 92.8 89.7 88.2 85.9 85.8 85.8 84.8 86.1
243.5 250.9 256.1 260.7 268.2 278.4 284.9 290.4 295.8 300.3 303.8 308.9 314.3 320.5 324.7 330.9 336.3 339.7 341.7 343.9 346.1 347.9 349.9 351.6 353.3 354.2 350.4 344.6 338.2 330.2 321.7 315.4 310 305.8 299.8 291.7 284.8 278.2 269.4 258.7 249.6 241.2 232.4 224.5 217.9 212.2 206.5 200.7 194.6 190.2 189.2 182.7 176.5 171.7 164.6 155.4 147.6 143.7 141.3 136.5 131.4 127.6 123.8 121.2 118.3 113.8 110.1 106.8 102.4 97.5 93.7 91.7 90.9 88.4 85.5 85.1 82.5 80 79 79.4
249.6 254.6 261.1 264.2 273.1 281.7 286.4 291.4 296.7 300.7 305 310 316.5 323.4 328.7 334.9 338 340.6 343.3 345.4 347.3 349.1 350.3 351.9 353.5 354.7 351.2 344.4 338.4 331.2 323.2 316.8 313.2 309.9 304.9 295.1 288.1 280.9 273 262.9 252.8 242.5 233.8 226.5 219.7 213.5 207.8 203.5 198.1 194.4 192.1 185.2 182.9 176.1 168.4 159.9 153 148.2 144.8 140.9 135.1 130.9 126.8 123.5 121.9 118.8 114.8 111.5 108.1 104.8 101.1 97 94.1 90.7 87.6 84.4 83.3 82.3 81 77.5
250.1 255.4 263.1 271.7 277.9 283.4 288.1 292.6 297.6 302.4 308 313.1 320.7 326.9 333.3 336.7 340.2 343.4 345.2 346.9 348.5 350.1 350.7 351.9 353.2 353.7 349.1 342.8 336.9 329.9 323.4 317.7 314.8 311.2 306.1 296.8 289 281.9 274.7 264.5 254.5 244 234.8 227.3 220.4 214.7 211 206.5 199.9 196.9 193.1 190.9 186.9 180.6 174.2 167.5 158.8 155.6 150.7 146.2 140.8 134.5 130.4 126.5 124.4 123.3 120 116.3 112.7 108.5 104 100.8 97.7 94.4 91.1 88.6 87.4 86.3 85.6 82.7
258.1 263.6 268.4 274.7 280.5 285.5 291 295.7 302.1 306.9 312.6 317.9 323.8 330.7 336.6 339.7 342.3 345.5 348.9 349.9 350.8 351.7 352.8 351.8 352.5 350.9 345.4 339.5 333.8 326.3 321.1 316.5 314 310.9 303.9 295.1 289.2 281.9 274.1 265.5 254.4 244.8 235.9 228.9 223 217.4 212.5 208.2 202.1 197.7 195.5 193.9 191 185.4 181.7 176.1 169.7 163.9 157.9 152.1 146.2 139.6 135 130.6 127.9 126.1 124.3 120.7 117.2 112.3 107.5 103.8 101 97.8 93.4 92.4 91.5 90.7 90 87.4
262.2 266.7 274.1 279.8 284 289.4 296.3 304.1 308.9 315.1 320.8 327.2 332.3 337.2 340.6 343.5 346.3 350.6 352.6 354.3 354.2 354.9 353.8 352.4 350.9 346.8 340.5 334.3 328.2 321.8 317 314.1 310.8 306.9 300.2 291.4 286.2 279.9 272.6 263.3 253.8 244.6 236.7 228.4 223.5 218.8 213.7 210 203.7 198.2 198.6 197 194.9 191.9 188.7 184.2 179 174.4 167 159.4 152.3 146.3 139.8 135.1 132.5 129.7 126.7 123.6 120.9 116.7 112.7 107.9 103.9 100.5 96.7 95.7 94.9 93.9 93 91.1
264.9 271.2 279.5 284.8 290.9 296.9 304.8 310.8 318.4 324.2 330.4 335.4 338.4 342.1 347.4 350.6 353.5 354.4 355.9 357.8 357.4 356.1 354.7 352.5 348.9 341.5 333.7 327.4 321.2 315.3 310.9 308 304.5 300.2 291.3 285.9 279.9 275 267.8 258.6 250.2 241.7 234.2 228.1 223.2 218.8 214.8 211.3 207.1 201.5 201.9 201.5 199.2 198.7 196 193.6 187.7 183.3 178.7 168.4 161.2 154.5 148.2 142.6 137.4 133.2 129.6 127 124.3 120.4 115.7 111.8 106.9 103.1 100.2 99 98.3 97.3 95.5 93.4
272.2 278 282.9 290.1 296.4 304.4 310.9 317.5 324.8 330.2 335.1 339.7 344 346.9 350.9 354 356.9 358.7 359.5 359.7 358.2 356.5 354.7 350.2 345 336.9 324 310.8 303.1 300 300.1 297.5 293.9 287.6 281.8 277 272.5 266.2 257.7 249.8 242.8 235.7 230.2 226.6 221.9 218.2 214.8 211.7 209.5 206 203.7 201.4 202.5 201.9 201.4 200.6 196.6 192.7 187.9 180.3 170.2 163.6 156.4 149.2 142.7 137.8 133 130 126.1 122.6 118.4 113.1 108.2 104.6 102.8 102.1 101.3 99 97.6 96
279.5 284.5 290.9 297.3 303.1 309.8 317.7 322.6 329 334.8 339.2 343.4 347 350.6 353.9 356.5 358.5 360.2 361.2 359.5 357.5 356 354.4 349.1 341.1 332.5 320.4 300.4 287.5 286.1 283.5 283.5 280.1 274.9 267.6 262.7 260.5 253.6 246.9 241.7 236.8 233.2 227.2 224.4 220.8 218.2 216.6 211.4 209.6 206.8 202.4 201.9 202 202.5 203.2 203.6 202 200.2 195.5 189.9 182 174.6 167.5 159 149.9 142.1 136.7 132.1 127.5 123.1 119.6 115.1 108.7 106.6 105 104.4 103.5 101 98.9 96.7
287.1 292.9 299 304.7 311 318 323 328.1 333 338 342 345.1 348.2 351.4 354.4 357.1 358.9 360.5 361 359 356.5 355.1 352.5 345.9 337.8 329.2 316.9 299.7 282.9 269.4 270.4 270.4 265.8 259.6 254.7 250.6 246.5 243.2 238.8 234.2 230.2 226.4 221.8 220.7 217.9 214.5 212.5 210.2 208 205.3 202.1 201.3 202.4 202.2 203.3 204.2 204.3 203.6 202.6 198 191.7 185.5 178.7 168.2 157.1 148.6 140.9 134.9 128.8 125 121.3 116.3 110.3 107.2 106.3 105 103.7 101.2 98.2 96.5
292.4 299.6 306.2 312.9 317.9 323.7 328.3 333.1 336.9 340.1 343.3 346 348.7 351.8 354.4 356.6 358.7 359.6 359.6 359 356 353.4 349.2 341.6 334.2 322.8 309.8 293.2 277.2 259.8 251.3 254 252.6 247.8 244.3 240.5 236.2 232.7 229.1 226 222.1 218.8 214.5 213.6 211.8 208.5 205.1 204.6 203.4 201.1 200.5 200.2 200.7 201.7 203.7 205.5 204.6 203.2 204 203.4 197.8 191.9 186.8 176.6 163.2 152.7 142.1 135.4 130.3 126.2 122.9 117.9 111.5 107.6 105.6 103 101.9 100.2 97.7 96.5
299 306.1 312.1 316.9 323.3 328.5 332.7 337 340.1 341.8 344.3 347 349 351.6 354.1 356.2 358.4 359.2 359.2 357 355.8 351.9 346 334.7 320.6 307.6 293.2 281 266.9 253.7 239.7 234.9 233.8 230.4 227.7 224.8 223.1 219.7 216.6 214.6 210.2 207.5 205.4 203.6 202.5 200.7 197.9 197.5 197.1 196.9 195.9 197.5 199 200.4 201.9 202 202.4 203 204.8 204.6 199.9 194.4 190.2 182.1 167.4 155.8 143.8 135.7 128.7 124.5 122 117.3 113.2 109 104.9 101.2 100.2 98.7 96.9 94.1
304.1 310.4 315.8 321.6 326.5 330.9 334.6 337.7 339.9 342.1 343.5 345.3 347.2 351.1 353.9 356.3 358.1 359.1 358.3 356.1 354.9 351 344.4 325.6 303.8 285.3 272.4 261.5 253.1 244.3 234.9 225.6 220.9 218.8 215.6 214 211.4 208.2 205.4 203.2 200.6 197.7 195.7 192.8 191.4 191.3 191 190.7 190.6 190.6 191.9 193.2 195.4 197.1 198.7 199.2 199.9 201.7 202.3 201.1 197.8 193.8 190.7 182.5 168.2 155.8 143.3 132.5 126.3 123.9 120.9 117.2 115.1 109.4 102.5 100.9 96.2 94.6 93 90.8
306.2 312.8 318.5 321.4 327.1 330.9 334.4 336.9 339.1 340 340.7 342.9 346.5 350.5 353.3 355.6 357.4 358.8 358.6 356.7 354.5 352.1 345.4 332.4 310.6 292.5 274.3 258.1 243.1 233.7 226.6 219.8 213.9 210.8 207.7 204.4 201.2 196.1 192.8 192.2 190.4 189 187.2 185 184.5 183.5 183.2 184.2 184.3 185.5 186.5 187.9 189.9 192.5 194.4 196.9 197.8 199.4 198.8 195.3 192.4 189.8 187.2 177.8 165.6 152.3 139.3 128 125.5 121.7 119.3 117.5 113.7 107.4 100.8 98.2 94.5 92.3 90.4 86.6
307.1 313.7 318.2 320.9 324.7 327.2 330.1 331.4 333.4 335.7 338.4 341.2 343.8 347.8 351.4 355.2 357.8 358.4 358.2 356.6 354.7 352.7 346.9 336.3 321.5 304.7 285.8 268.4 252.7 240.7 231.8 222.6 216.2 210.4 208.4 205.2 201.3 196.2 193.9 189.5 183.5 173 167.2 162.5 164.3 168.1 171.3 176.2 178.3 178.9 179.9 181.2 184.1 186 189.9 193.3 194.1 193.6 192.2 189.1 186 183.5 177 167.5 156.6 144.5 132.2 124.2 122.2 118.1 116.5 114.1 110.9 106.3 101.2 97.3 93.1 91.8 88.2 83.6
307.4 313.3 317.4 318.6 320.4 321.8 323.9 326.2 328.4 330.7 333.4 336.9 340.9 345.9 350.2 355.5 358.7 359.4 359.5 357.5 354.8 353.7 348.3 337.6 327.5 311.7 293.7 276.4 259.6 245.5 235.6 225.3 218.9 216.9 215.5 213.6 211 208.6 204.1 198.6 193.9 188.7 183.5 177.3 166.8 156 146.3 156.3 165.8 169.9 171.8 174.2 177.8 179.6 182.5 185.2 186.1 185.8 183.7 180.8 176.5 171.1 162.6 154.2 143.7 133.6 123.6 118.4 114.2 113.1 111.8 109.8 107.2 105.5 100.2 94.5 91.4 89.6 85.6 81.1
305.9 310.5 314.6 315.2 315.3 316.5 319.2 321.8 323 326.7 330.1 333.7 339.3 347 351 355.8 359.1 360.5 361 357.6 354.9 353.7 347.9 338.9 328.7 314.3 298 280.3 262.3 246.7 236.8 228 226.3 226.5 224.3 222.8 221.7 219.2 214.2 208.7 203.7 198.5 192.6 186.5 179.7 170.1 157 137.1 142.6 158.4 164.1 167.1 170.1 172.1 175 176.6 177.8 177.3 175.5 170.8 165.9 157.5 148 139.8 129.9 121.8 116.2 110.9 108.3 107.1 106.5 105.3 103.3 100.5 96.1 90.2 89.9 86.8 83 79.3
303.2 304.6 306.9 309 309.2 310.6 313.3 314.9 317.5 321.1 325.8 332 340.1 347.8 352.8 356.6 359.1 360.6 360.8 357.8 355.1 353 346.3 337.3 327.5 312.1 299.2 280.3 262.6 247.7 243.2 239.5 235.8 233.8 232 231.7 230.3 227.9 225.1 219 212.6 206.7 200.7 194 187.2 179 168.2 153 133.3 137.5 153.8 159.8 163.1 165.7 168.5 169.7 169.6 169 165 159.5 152.1 143 132.9 125.5 119.1 112.9 107.9 104.5 101.6 100.6 100.5 99.1 97.8 95.4 90.6 85 85.3 82.3 79.9 75.6
