WholeMapElevations/data/nn/nn63_OST50GRID_20230518/NN63.asc
ncols 200
nrows 200
xllcorner 260000
yllcorner 730000
cellsize 50
[rows 102 to 135 of 200, columns 78 to 155 of 200]
165.2 163.9 161.5 160.8 162.2 165.3 166.3 166.2 168.3 169.3 170.6 172.4 176.3 180.4 184.9 190.6 197.9 207 216.8 224.6 231.7 237.8 242.4 248.9 255.2 258.9 264.4 271.3 277.6 288.1 296 299.6 309.4 325 331.9 334.9 330.9 319.2 304 291.8 285.5 280.7 277.9 275.6 273 270.4 267.3 258.5 254.9 252 241.4 229.4 222.6 217.9 214.5 208.8 192 190.4 204.3 207.1 197 209.8 216.7 226.1 239.5 253.5 267.7 281.5 293.5 303.9 313.9 325.5 332.9 338.2 346.6 359.5 375.3 393
171.9 169.3 170.8 172.3 171.5 172 172.5 174.2 176.5 178.9 180.5 183.6 188.4 194.9 200 206.3 213.6 222.2 228.7 235.9 242.3 247.7 250.8 255.5 261.8 269.4 279.9 286.9 290 293.3 301.1 308.9 320.5 331.3 338.2 339.1 328.9 316.4 307.5 299.8 295.2 291.2 285.7 281.2 276.3 273.6 267.9 261.5 257.4 251.4 240 230.8 226.3 220.3 204.4 190.7 201.9 210.6 211.5 213.9 214.2 209.9 208.1 223.4 238.4 254.7 269.1 283.6 296.9 306.7 315.9 326.3 337.7 339.5 345.9 359 375 395.6
177.3 177 179.3 179.4 179 178.9 180.4 183.7 187.1 189.8 191.7 197.1 202.8 210.1 216.6 221.2 227.1 234.6 240.3 247.3 255.1 261 264.1 266.8 273.7 285.6 296.5 301 302.4 300.8 308.6 318.2 331.7 343.5 344.3 343.7 335.2 324.1 316.5 308.9 303.5 296.5 292.9 285.7 283.4 276 271.3 263.6 256.4 244.6 235.9 232.9 226 216.9 198.2 215.3 217.8 217.4 218.9 219.5 223.6 225.8 222 223.2 232.1 253.3 269.9 283 295.9 308.2 316.6 326.1 334.6 340.5 345.4 357.2 368.8 389.1
184.6 185 186 187.2 189.2 191.6 194.5 198.7 202.5 205.3 207.4 211.8 217.7 227.2 233.4 237.6 241.9 248.4 256 261.2 268.5 275.2 279.6 279.6 285.8 294.9 303.5 308.3 309.9 310.4 317.6 325.9 341.6 351.4 355.6 353.8 341.5 330.1 322.3 314.8 304.6 297 293 288.2 283.1 275.4 268.2 260.1 251.8 242.2 237 232.9 224.4 211.4 219.7 224.1 222.5 224 225.6 228.2 232.7 236.6 239.7 234.1 222.2 247.6 268.2 283.5 293.8 307.5 318.6 327.1 332.4 339.9 345.7 353.6 363.9 381.2
193.2 196.3 199.8 203.5 206.6 211.3 213.3 216.2 218.9 219.7 219.7 225.9 233.8 243.1 249.2 253.6 256.4 263.6 271.6 276.3 281.7 287.5 289.6 292.6 295.8 302.7 308.8 315.3 317.1 319.3 327.1 332.7 344.2 358.2 362.3 362.8 348.2 338.4 324.9 312.4 302.3 294.5 290.4 286.2 280.7 274.6 266.6 256.4 248.2 240.1 237.4 233.5 213.5 221.3 229.6 229.2 229.4 231.4 233.8 238.3 242.7 247 251 245.9 241.8 244.3 258.3 280.6 292.2 303.2 314.3 327 333.8 341.6 345 351.7 360.3 370.5
209.2 213.9 218.6 223.2 226.4 228.3 230.3 231.4 230.6 230.9 234.2 244 252.7 260.5 266.7 270.2 272.8 275.5 283.1 288.9 293.5 298.7 300.5 309.9 311.3 312.9 318.2 326.9 329.9 326.3 331.3 337 348.9 361.8 370.4 368.2 350.2 334.8 319.9 307.6 300.4 296.3 292.1 286.6 279.6 272.6 264.6 253.7 246.5 241.3 237.3 228.5 221.1 230.1 233.2 234.4 237.1 240.7 246.3 251 254.4 257.6 260.7 259.4 256.5 264.2 264.9 258.5 282.4 296.6 309.1 320 328.4 335.3 341.9 349.1 359.2 365.5
231 236.3 239.2 241.5 243.2 244.7 242.9 240.2 240.3 245.2 254.4 265.7 278.7 284.7 286.3 287.6 286.8 287.4 290.6 297.4 299.3 305.2 315 319.9 323.7 324.3 329.7 336.5 337 332.4 336.6 341.7 344.4 352.1 360.3 363.1 348.2 334.8 318.6 311.9 303.6 298.2 293.4 287.2 277.3 267.4 260.7 252.1 246.9 242.4 231.7 219 233 236.6 238.4 241.2 246 252.8 258.9 263.4 265.8 268.6 271.9 274.7 269.7 275.3 280.8 283.9 284.5 285 302.8 313.2 321.9 326.6 333.5 341.6 352.7 360.3
258 260.8 258.3 257.4 255.1 253.6 251.1 253.9 258.4 264.4 275.4 288.7 301.7 305.7 301.9 297.9 295.7 296.5 295.3 302.2 308.1 318.3 325.8 331 333.5 337.1 341.7 343.2 337.9 336.7 340.3 342.7 343.8 347.5 362.2 359.7 349.6 336.8 326.2 315.1 306.4 299.4 292.5 286 276.1 263.6 257.8 251 248.2 243.3 226.7 239.7 239.7 241.7 244.9 249.2 255.8 263.2 270.9 276.4 278.8 280.5 283.4 287.2 289 291.3 297.8 299.3 301.2 300.3 288.5 306.5 312.9 318.9 325.9 332.5 342.7 355.5
277.8 277.2 270.1 266.3 263.6 260.7 263.9 268.6 274.3 282.7 293.8 305.8 316.8 310.3 307.8 302.5 301.8 299.8 302.2 309.9 317.6 328.5 337.4 346.5 346.2 348.8 348.3 340.1 337.7 339.9 346.8 346 344.6 352.2 363.4 357.1 349.1 336.2 326.6 319.5 306.1 298 290 282.5 273.4 265.4 257.9 253.8 250.6 238.5 225.9 243.1 245.1 248.2 252.6 257.7 265 272.8 281 287.9 290.8 293.2 295.2 298.9 303.1 306.4 311.8 316 318.7 316.3 311.2 307.3 306.3 316.6 323.8 328.6 336.9 347
283.9 277.5 276.6 275.7 273.3 273 276.4 281.4 289.7 298 309 316.9 317 310.9 307.9 308.5 308.4 306.9 314.8 325.7 332.3 336.3 347.6 351.5 351.2 350.7 345.8 339.9 340.9 343.5 346.6 346.7 346.1 355.8 360 354.7 346.2 335.8 325.3 317.8 308.4 301.9 293.6 286.5 277.7 268.1 259.3 254.6 250.5 239 229.7 246.4 251.9 256.1 261.1 267.2 275.3 284.1 291.4 298.2 302.4 306.2 309.2 312.9 316.5 321.1 325.1 327.9 328.8 328.1 321.6 316.5 316.1 314.4 316.7 324.6 333.5 341.1
286.8 287.6 287.9 284 282.3 284.6 288 295.2 307.3 317.4 322.4 324 320.5 317 318.8 320.6 320.8 320.1 328.4 335.9 340 338.4 346.3 352.8 351.3 349.7 346.3 345 347.1 346.6 349.5 350.3 347.7 355.6 358.4 351.5 342.7 336 326 317.1 310.2 303.4 293.2 284.6 276.6 266.7 260 254.7 250.2 235.8 244 253.7 259.3 264.9 271.5 278.7 287.8 295.4 301.9 308.2 313.4 317.5 322.9 326.4 330 333.7 336.2 339.2 338.1 335.9 329.8 325.9 325.9 326.4 314.5 318.9 324.8 333
295.8 298.5 295 296.2 294 297.7 306.4 314.2 323.7 330.4 334.5 334.5 331.9 330.3 330.2 330.6 331.5 329.7 335 341.9 345.9 343.3 348.7 352.9 351.6 350.1 347 350.3 350 349 348.2 349.8 349.4 352.3 356.7 352.2 342 335.1 327.7 326.9 326.4 313.1 298 284.3 274.5 264.4 259 254.1 243 244.2 254.3 260.7 266.7 274.3 282.6 291 298.9 305.8 311.5 317.5 322.5 329.2 335.3 340.7 345 347.5 348 352.8 354.8 351.8 344.9 338.8 333.3 334.5 332.8 333.9 330.5 325.2
306.4 303.8 303.4 308.6 307.1 315.4 323 330.6 335.5 341.7 345.8 352.1 353.9 349.6 346.2 340.8 340.5 339.5 344.5 348.9 350 348.3 350 352.3 352.5 352.1 352.5 355.5 353.5 351 349.3 350 351.9 353.2 354.9 351.8 344.5 340 339.8 336.5 330.8 322.3 309 288 275.8 266.7 257.4 240.5 242.6 254.4 258.6 266.6 274.7 283.4 291.6 299.4 306.5 313.8 320.1 326.4 332.9 340.3 349.4 354.6 357.8 360.6 360 364.4 367.7 367.9 365.1 359.3 351.1 344.7 343.6 345.1 338.8 331.1
323.5 321 316.4 319.3 321.7 330.3 339.3 350.7 357.7 366.3 370.7 369.6 366.8 361.9 357.6 353.8 350.9 347.2 350.9 355 354.4 354.7 354.4 356.1 356.9 358.5 362.5 361.6 358.2 354.5 352.2 352.2 354.1 356.6 356.9 355.1 350.6 347.1 342.5 336.6 330.6 323.3 310.8 291.3 276.4 266.8 251.7 247.6 254.7 257.7 263.8 273 281.7 291.2 299.9 306.9 313.4 321.6 328.9 335.4 343.2 352.1 361.5 367.6 370.2 373.8 374 373.6 378.8 379.2 372.5 372.6 366.7 359.2 356.2 351.7 346.6 340.5
332.9 333.8 326.9 331.4 336.4 342.2 352.1 360.2 369 377.2 382.7 382.2 379.3 377.1 372.7 367.7 364.3 357.4 361.2 364.2 363.8 364.1 363.5 362.3 365.6 367.5 370.1 368.5 365.8 360.2 359.1 357.6 355.9 356.6 357.7 356.3 351.9 349 342 334.8 329.2 320.5 303.6 287.1 273.9 265.9 258.2 250.2 256.6 260.2 269 279.6 289.7 298.5 307.4 314.7 321.8 330.3 338.6 346.4 354.3 366.2 374.7 379.3 382.7 386.1 388.3 384.8 389.4 391.6 386.9 383 376.1 373.4 368.7 361.6 356.8 348.6
341.4 339.1 338.8 343.7 345.2 354.1 366 378 388.5 393.9 398 393.3 393.7 389 382.2 377.9 372.2 371.1 374.9 378.3 377.2 376.2 374.9 371.7 373.7 376.5 379.5 376.4 367.8 368 366.7 362.5 357.4 355.3 356.5 356.5 351.1 347.1 340.1 330.5 321.7 310.7 296.6 280.9 270.4 263.9 257.1 251.4 250.2 264.6 274.3 286.1 296.5 305.2 312.9 321.4 330.2 340.7 349.7 357.9 367 377.4 385.6 393 396.4 398.6 401.1 399.1 403.5 403.1 399.6 396.1 388.5 386.8 382.9 376.6 368.2 361.2
346.1 347.3 349.8 352.2 357 369.1 383.7 394.6 405 407.4 407 408.9 409.7 403.3 395.5 403.9 391.7 383.2 386.1 388.3 393.6 390 386.3 380.3 380.1 380.2 382.6 380.7 377.8 379.1 378.8 373 365.6 356.8 352.9 350.3 345.9 342 334.8 324.4 317.1 302.7 288.4 274.8 268.5 258.9 258.9 252.1 259.2 268.2 279.1 290.3 300.4 310.4 318.1 327.4 338.8 351.3 359.6 367.2 376.1 387.2 396.3 404.1 409.2 411.2 412.3 411.2 413.9 423.7 414.1 411.3 407 403 398.1 390.5 380.8 374.4
356.7 355.8 360.3 364.8 374 385.9 401 413.1 420.6 420.6 420.4 426.4 427.8 423.9 408.9 406.9 406.5 394.4 397.1 409.5 412.9 410.5 407.3 393.1 385.5 382.9 384 386.2 389.1 389 384.5 380.5 371.9 358.4 355.2 346.8 339.8 334.1 329.1 319.9 306.8 293.6 282.1 274 265.3 264.5 259.2 260.8 265 273.1 282.7 293.8 304 313.6 323.2 333.8 345.7 356.9 367.2 377.9 388.3 400.1 410 415.4 418.8 422 422.8 425.3 424.1 437.5 434.4 426 423.4 416.9 410 401.4 394.8 393.8
366.6 366.8 372.4 381.5 393.4 404.8 413.5 422.3 427.9 431.1 433.9 432.7 428 424.8 417.9 409.6 406.8 404 414.7 417.5 417.5 416.4 415.4 403 392.6 387.3 391.3 396.5 397.2 392.3 385.1 376.1 367.7 358.5 349.2 344 336.6 328.1 321 311.4 298.6 288.4 279.4 271.5 271.5 263.2 264.7 265.6 269.5 278 288.3 298 308 317.2 326.8 337.8 350.7 363.8 375.7 388.2 399.8 410.5 419.1 426.2 428.6 431.2 434.3 437.3 438.5 440.6 443.3 439.5 437.7 431.7 422.8 418.8 413.8 409.6
374.7 377.9 386.1 394 400.6 407.4 419.7 428.5 434.2 441.4 443.3 448.1 442.8 441.6 427.4 415.8 413.3 413.6 417.4 418.7 419.4 421.5 423.2 412.1 401.5 393 399.7 400.9 397.1 391.1 385.4 375.9 365.3 357.4 348 339.5 334.8 325.3 313.7 304.7 296.1 286.4 278.5 273.2 274.5 268.2 265.8 270.3 274.3 283.6 294 303.4 311.9 321.1 330.1 341.2 353.9 370.7 383.1 394.8 408.5 423.9 431.5 436.9 438.3 441.9 445.3 446.5 448.3 447.8 449.6 446.2 446.5 445.1 446.4 443.1 435.9 424.6
380.8 387 393.5 399.8 406.3 415.5 427.4 434 441.8 447.7 450.9 453 455.5 453.6 438.4 426.4 427 424.2 423.6 425.8 428.4 429.9 426.2 414.5 406 403.8 403.4 400.7 395 388.8 382.1 372.7 362.2 353.1 343.4 337.9 332.9 321.3 309.6 301.1 293.7 284.3 274.7 278.7 276.8 269.1 268.7 274.4 278.8 288.3 298.8 308.6 316.8 325.6 335.2 345.4 356.3 372.5 389.1 399.6 414.9 430.5 442.6 448.4 450.2 451.9 456 456.6 458.1 456.3 456.9 454.4 457 460.6 461.4 459.2 452.7 444.8
395.2 400.1 406.2 413.1 416.2 422.9 433.4 447.4 453.6 457.3 461.9 461.6 459.2 457.3 444.9 438.9 435.4 434.9 434.5 439.4 441.2 433.3 421.6 418.2 425.5 415.8 412.7 400.4 392.1 384.7 378.7 368.6 357.7 346.9 338.5 331.7 326.5 317.8 306.2 296.2 291 282.3 284.3 280.7 275.7 267.9 273 274 281.5 291.9 302.3 311.8 320.8 330.6 340.6 349 359.3 375 392.5 406.5 421.6 436.1 449.7 459 464.3 464.2 468 467 468.6 469 469.2 470.1 468.7 467.3 471.3 470.9 469.6 458.7
408.3 417.7 423.9 428.6 430.8 434.8 447.1 459.4 473.8 474.2 474.3 472.3 470.1 462.1 455 451.9 442.9 441.5 445.6 449 446.6 430.5 425.1 429.9 429.4 424.9 419.7 402.3 389.7 380.5 371.6 362.8 351.8 342.9 334.9 324.4 319.4 312.8 301.2 294.2 294.5 290.8 286.4 283.1 277.4 272.4 277.8 283.7 283.2 294.9 305.2 314.6 323.8 334 344.1 352 361.5 375.1 392.5 410.1 425.9 440.8 455.7 467.5 473.5 474.2 474.4 475.5 478.3 479.1 480.1 475.1 475.5 475.2 477.4 480.3 478.3 470.1
427.3 440.2 447 448.1 448.9 451.4 459.2 474.1 486.4 485.8 479.6 483.9 484.4 482.6 474.1 461.9 455.1 448 451.8 456.4 454.2 437 433.6 432.4 431.6 428 420.1 406.9 388.1 376.8 366.7 358.1 347.8 338.8 331.8 319.4 313.2 308.7 299.5 300 297.5 293.5 288.8 285.5 281 275.1 282.4 288.3 290.7 290.2 307.4 316.5 326.3 336.2 346.3 355 363.1 376.1 393.7 410.5 426.5 442.7 461.1 473.7 479.6 480.2 477.1 478.2 479.2 482.2 485 478.9 480 484.6 481.8 485.3 486.4 478.6
444.3 458.6 468.2 468.3 466.3 469.4 470.9 483.2 499.6 497.5 495 501.1 496.9 498.9 493 476.2 465.7 456.9 460 459.7 452.1 444.2 438.2 435.9 429.9 427 417.1 404.4 388 374.1 365.2 354.9 343.2 334.7 326.9 315.7 306 304 305.2 303.8 300.8 296.6 291.7 288 279.3 281.7 287.7 294.1 297.9 304.5 308.3 314.9 327.7 337.7 347.7 357.3 365.5 377 394.6 411.5 424 441.9 458.8 470.4 480.2 482.4 479.6 479.6 481.1 490.5 488.1 482.6 483.6 488.9 493.6 486 486.4 481.9
465.7 476.5 486 487.3 484.4 496 500.7 496.2 513.2 511.8 511 514.3 509.5 510.4 503.5 494.2 470.9 465.1 459.6 456.3 451.9 447.4 439.8 436.2 430.3 424.1 413.7 395 382.2 370.6 362.3 353.1 341.3 331.8 322.5 310.6 312.4 311.9 308.4 306.5 304 299.6 294.7 283.3 280.9 290.4 292.6 299.9 305.2 312 319.6 324.2 330 340.8 350 360 368.8 379.5 393.8 412.3 423.7 435.5 453.1 466.3 479.8 483.9 481 480.3 481.5 486.8 488.2 486.3 487.2 489.2 492.7 490.8 482.4 478.5
488.1 495.4 503.2 502.2 509.8 508.3 512.8 512.8 520 523.9 523 522.9 520.3 518.1 512 500.5 480.2 465.9 460 457.7 453.5 445.8 443.3 441.7 433.2 419.3 408.2 389.7 379 368 360.8 350.8 340.9 331.6 323.5 314.7 318.7 315.4 311.3 308.5 306.5 302 288.4 282.9 291.8 296.4 299.7 306.3 312.8 320.6 329.4 334.6 336.2 343.3 352.6 362.5 372.5 382.3 394.4 411.1 424 435.6 451.2 463.3 475 481.7 480.8 479.2 480.7 484 486.8 488.7 492 499 492.3 489.7 483.8 480.5
496.1 499.8 513.4 516.2 513.9 512.8 520 522.7 525.8 532.9 534.3 529.8 528 525.7 521.6 507.2 500.8 476.8 466.9 466.6 454.1 448.2 447.4 442.1 432.6 417.4 401.1 385.1 374.7 366.4 358.3 350.1 338.2 329.7 322.4 320.1 320.7 317.8 313.5 310.5 308.5 303.7 289 298.3 296.5 302 307.9 314.8 320.7 328.8 337.5 344.1 347.5 345.6 355.5 365.2 376.2 385.3 396.6 411.6 425.5 437.5 451.4 464.9 473.4 477.3 479.4 477.7 479.1 485 487.1 491.9 500.3 514.7 499.4 491.5 486.5 484.1
499.6 505.1 511.4 521.2 526.3 531.1 532.1 533.8 532.7 541.8 544.1 537.5 531.3 527.6 525 514.8 509.5 484.9 471.4 468.5 461.3 454.5 446.8 440.2 429.7 416.5 395.3 383.8 370.4 363.9 356.8 346.9 337.5 330.4 324.3 316.9 322.8 320.1 315.5 312.8 310.6 300.5 291.8 302.6 307.7 311.1 316.7 323 329 336.6 344.5 350.6 355.5 357 359.4 367.4 378.7 389.1 397.6 410.2 424.7 434.8 448 456.9 468.3 473.1 475.6 476.2 477.6 481.4 484.3 491.3 509.2 511.9 509.3 492.4 487.4 486.5
512.1 516.4 522 531.8 544 542.8 544.3 542.3 537.4 548.3 548.7 544.1 537.6 527.4 523.6 518.5 512.4 482.7 473 468.2 460.1 454.2 449.5 441 428.6 409.7 393.3 380.7 369.7 363 355.1 346 338.8 330.1 322 322.9 324.3 322.3 317.5 315.4 311 295.5 304 308.7 315.5 314.8 323.8 330.2 337.4 345.2 351.8 356.1 360.9 364.3 368.3 373.8 379.2 390.9 399.1 409.8 420.9 432.1 439.8 449.8 459.2 466.4 470.7 473.4 475.4 477.9 479.2 485.6 508.3 511.7 510.1 496.5 491.3 490.2
523.4 532.9 538.8 543.9 546.8 547.2 549.3 545.8 541.8 543 545.9 546 534.1 526.7 522 517.5 507.9 484.9 476 473.6 461.9 458 456.5 442.7 429.5 407.8 392.1 380 372.2 366.5 359.9 345.6 337.1 327.1 327.2 325.5 325.5 324.4 319.5 316.7 311.8 298 310.1 315.3 322.4 326.2 330.8 337.1 345.1 353.1 359.1 362.5 368.2 371.1 375.7 381.9 387.3 389.6 399.5 407.7 417.4 427 434.8 442.6 449.8 458.8 466.3 468.7 471.5 472.6 473.3 480.1 497.7 506.5 508.2 501.7 490.1 488.9
535.4 542.9 548.5 548.1 548.5 550.1 552.8 549.5 545.8 544.7 551.1 555.5 532 524.1 521.3 511.1 499.4 483.2 477.6 477 468.5 462.4 456.2 446 426.1 407.5 391.6 379.5 373.4 365.2 360.9 346 334.9 326.8 330.6 329.4 328.5 326.8 321.6 319 314.1 303.3 314.4 321 328.2 333.1 338.1 345 352.2 360.1 366.1 370.3 373.4 377.2 382.9 389.9 396.4 400.8 403.1 402.7 409.9 421.3 428.4 436.2 445.8 451.9 459.2 462.9 464.9 466.5 468 470 477.5 490 499.9 498.7 490.2 483.8
539.6 544.5 551.5 554.7 552.3 553.7 554.2 549.9 547.6 543.7 545.8 545.5 529.2 517.2 513.3 501.7 482.5 477.8 474.7 467.8 467.3 459 452.4 440.4 422.3 405.6 391.3 378.7 371.7 365.6 357.3 344.2 332.6 329.5 332.9 333.4 331.9 329.1 323.8 321.1 314.6 306.7 321.2 326.7 333.6 340.6 342.3 352.6 359.8 366.1 373.1 378.5 381.6 384.2 390.3 398.5 403.9 409.5 412.4 411.6 416 422 426.4 433 440 446.5 449.8 453.6 456.5 460.4 461.6 463.7 468.9 481.7 494 495.4 488.8 480.8
551.7 548.6 553.6 557.3 556.5 557.3 555.3 552.7 549.8 537.5 530.6 529.5 518.5 503.9 492.5 485 478.3 474.1 467.6 463 456.4 450.6 446.6 430.9 418.2 404.6 391.5 378.5 370.6 365.3 356.2 345 330.6 332.4 335.4 336.5 335.2 331.7 326 322.6 308.5 320.4 327.4 332.6 339.1 346.9 352.3 359.9 367.6 373.6 379.8 385.8 389.6 392.1 397.3 404.6 408.7 413.6 415.7 417.6 420.7 427.1 430.7 432.4 435.5 440.4 443.6 445.7 450.5 454.8 456.4 459.8 464.3 476.9 486 490.9 484.3 479.5
