UK/data/nn/nn38_OST50GRID_20230518/NN38.asc
ncols 200
nrows 200
xllcorner 230000
yllcorner 780000
cellsize 50
[rows 35 to 69 of 200, columns 78 to 155 of 200]
743.9 740.7 738.3 745.2 759.2 767.7 765.8 758.2 747.1 734.7 728.8 728.6 732.2 729.9 725.2 718.5 710.9 700.6 689.1 677.1 663.1 655.2 649.9 646.4 645.3 642.4 640.8 638.8 636 630.8 628.7 621.7 619.1 617.4 619.4 621.5 633.2 636.8 646.4 654.1 656.7 662.2 662.7 662 664.3 662.5 658.4 657.4 656 657.5 655 652.1 648 645 643.5 640 633.5 628.6 622.9 617.3 610.8 604.4 597.1 590.6 583.7 576.4 570.7 564.4 558 551 545.5 542 539.5 538.5 535 537.1 537.8 540.6
731.7 733.3 733.8 736.6 748.8 753.3 745.8 732.7 725.6 720.3 719.2 723.9 724.9 722.1 716.5 710 699.4 688.3 675.8 662.4 654.5 647.6 643.8 640.9 639.3 637.2 632.1 628.2 619.4 616.6 615.7 609.7 609.1 613.1 616.6 624 630.6 639.8 649.3 651 651.3 653.1 655.6 654 651.2 647.5 648.6 645.2 645.5 644.9 643.4 641.7 639.8 638.5 634.2 629.7 624.5 620 616.3 611.2 603.8 596.5 590.9 584.9 578 570.4 564.2 558.5 553 547.2 544.8 539.1 536.6 540.2 537.8 541.9 543.6 547.1
728.2 728 729.3 729.9 734.1 731.4 722.4 716.9 712.3 711 711.5 712.7 711.5 707.4 702 690.5 680.5 671.7 661 654.5 645.4 640.7 638.5 637.3 634.7 631.2 624.7 619 608 600.5 597.6 595.3 600 610.2 616.1 622.1 629.1 632.3 636.8 637.5 640.7 641.8 639.6 639 637.7 637.8 636.4 635.6 635.8 635.6 634.4 633.4 632.8 630 626.1 622.2 617.8 613.6 609.5 604.9 598.3 591.2 583.6 578.3 571.3 564.5 558.1 553.4 547 541.2 539.9 539.6 541.2 544.7 541.7 543.7 550.2 554.8
721.8 721.4 723.8 724.7 717.5 714.6 709.3 704.6 702.4 701.2 697.5 695.7 694.1 690 685.1 679.5 671.6 662.4 652.2 645.1 638.1 636.1 635.8 635.2 632.5 628.8 621.9 610.4 603.6 595.7 590.3 593 594.9 603 610.1 618.7 623.7 625.7 626.8 627.5 629.4 628 628.4 628.4 628.8 627.9 625.6 627 627.4 627.3 627.4 625.7 623.7 621.3 618.6 615.4 612.1 607.6 602.2 597.4 591.1 583.9 577.7 571.7 564.9 560.3 552.9 549.4 543.6 544 542.7 543.5 546.1 544.6 547.3 550.4 553.6 559.3
713 714.2 715.9 713.7 708.6 703 698.8 692.5 690.1 687.2 682.7 679.7 673 672.4 675.2 669.4 660.9 651.4 642.1 637.2 634.3 633.1 634.5 634.5 631.3 627 618.6 611.6 600.5 591 584.9 590.5 592.2 596.7 603.2 610.4 616.3 617.1 617.6 617.6 617.8 618.1 619.5 618.9 618.6 618.5 618.1 619.5 619.9 620.3 620.4 618.6 617.3 614.9 613.4 609.7 605.9 600.8 595.8 589.9 583.5 576.7 570 565 559.9 556.4 553.3 546.2 547.5 548.7 547.2 546.3 545.8 549.2 553.6 556.6 562.3 568.2
707 707.5 707.1 704 698.9 692.5 684 681.3 678.4 672.1 667.3 663.1 660.2 661.9 662.2 657.7 649.2 639.3 633.5 632.4 630.2 636.9 636.2 632.6 629.1 625.2 618.9 605.8 593 586 580.1 587.9 590.2 595 598.9 602.7 605 606.6 607.1 609.2 609.4 609.9 610.6 610.2 610.4 612.2 613 614.6 614.7 615.3 613.6 612.6 611.1 609.2 605.6 602.8 598.8 593.6 587.1 581 575.2 569.6 564.6 559.6 558.1 553.1 551.8 550.3 551.5 550.3 550.6 549.3 551.2 554.7 558.7 562.6 570.9 578.8
700.1 699.9 697.4 692.8 686.5 677.1 671.8 668.9 661.7 656.6 653.1 650.1 650.7 649.9 648.7 642.8 635.5 631.1 627.6 619.4 632.3 634 633.4 628.4 626.2 622.1 611.6 597.7 588 578.9 577.7 580.8 585.2 589.2 591.8 595 595.8 597.5 600.1 602 602.6 603.3 604.1 604.4 605.2 607.5 609.3 610.7 610 609.6 608.8 606.6 604.5 601.5 598.9 595.3 589.2 584.9 578.9 574.7 571.2 565.9 562.3 557.9 556.3 553 555.6 553.5 552.9 553.5 555.3 556.3 557.8 560.6 565.9 573.7 582.5 594.7
690 689.3 685.9 680.2 670.8 663.1 659.5 653.9 647.7 642.9 639.7 640.3 639.9 637.8 634.2 630.7 625.4 620.3 598.6 623.5 623.8 625.6 625.8 627.7 624 616.2 598.6 586.7 574.3 571 569.8 574.1 579.6 581 583.7 585.8 588.1 590.9 592.9 595.2 595.8 597.6 599.5 600 601.5 602.9 604.5 604.5 604.6 603.6 603.5 600.6 598.3 594.3 590.8 587.8 583.8 580.3 575.6 572.2 568.6 564.4 560.1 560 556 556.4 556.3 555.6 556.5 556.9 558.7 560.9 563.6 568.9 574.7 586.2 599.5 606
678.9 678.9 671.4 663.2 656.2 653 646.7 641.6 633 628.2 627.9 628 626.9 622.4 618.5 611.4 607.6 603 609.8 613.9 613.2 613.7 615.8 617.4 617.3 604.1 581.1 571.6 566 563.8 562.3 569.1 571.3 573.5 576.5 580.7 583.1 586.1 588.1 590.6 591.6 593.2 595.4 596.6 597.9 598.9 599.8 599.3 599 597.4 596.1 593.1 591 588.3 585.3 582.3 579.7 576.9 572.6 569.6 563.9 561 558.4 558.9 557.1 557.3 557.7 558.3 561.3 563.4 565.8 569.3 571.3 580.8 589.3 600.3 607.1 615.2
669.6 661.4 653.6 648.9 643.8 641.1 634.2 626.1 618.8 611.3 611.7 609.9 607.4 603.2 596.5 593.9 586.3 586.4 601.8 602.3 603.6 600.3 597.5 592.1 583.2 575.6 568.8 561.3 557.1 555.7 559.8 564.9 567.2 569 572.5 577.5 580.4 583.1 585.1 587.2 587.7 590.2 591.5 592.8 592.9 592.5 593.2 593.1 591.6 591.3 590 586.9 586 584.4 582.1 579.4 576.9 572.4 570.7 567 566.9 566.2 564 562.5 560.5 560.6 565.5 566.8 565 567.6 571 574.7 582.8 595.7 600.5 610.6 617.9 624.1
649.2 643.4 638.8 635.8 632.5 626.8 619.4 610.3 600.4 595.4 596.7 592.6 586.5 583.8 583.5 578.6 569.2 589.6 591.2 589.8 588.2 582.7 575.1 569.2 563.4 559.3 555.3 552.5 552 554.8 557.6 561.7 565.5 566.7 570.1 575.5 579.6 581.2 583.6 584.5 585.9 586.7 587.4 587.8 587.2 587.5 589.3 588.2 587.5 587 586 584.1 583.6 581.7 580.6 578.6 575.1 572.2 570.8 570 571.8 571.2 571.5 568.5 564.9 570.8 571.5 569.3 571.7 573.6 577.1 583 590.5 602.7 611.1 619.6 628.7 634.9
630.7 630.1 625.7 624.1 618.1 611.3 600.1 590.4 586.4 582 580.6 577.6 574.6 572.9 572.2 566.4 573.6 577.8 578.3 574.7 570.4 565.3 562.1 558.9 554.5 549.9 548.8 547.5 545.9 545.5 552.8 558.9 563.4 569.6 574 576.7 578.7 581 582.3 582.9 583.3 582.5 582 581.7 581.8 585.1 585 585.7 585.2 584.7 583.8 583.6 581.5 581.1 578.8 577 573.8 571.2 571.2 571.3 571 571 570.7 572.2 574.4 574.6 576.1 575.9 576.8 581 584.9 591.4 598.7 613.7 620.8 630.6 639.6 649.7
618.4 611.8 608.1 601.8 598 589.1 581.5 578.3 575 571.9 569.2 566.5 563.7 560.9 560.1 547.3 561.8 564.3 562.9 561.5 558.1 555.4 549.9 546.9 544.3 543.3 542.6 542.9 540 549.8 556.9 563.3 568.4 571.8 574.7 578.1 580.6 581.5 582.4 581.9 581.7 581.7 581.7 581.7 581.7 581.7 582 581.9 583.2 583.3 582.2 582 581.4 580.2 578 575 573.4 572.1 571.8 572.1 574.6 576.5 577 578.1 575.7 580.6 581.3 578.5 580.1 589.7 594.7 601.2 613.3 621 630.1 641.3 651.9 664.5
595.5 592.5 587.3 583 577.1 573 571.8 567.8 564.3 561 557.9 556.2 552.4 550.6 548.8 548.1 551 550.8 550.5 547.4 545.7 542.7 539.2 538.6 537.2 535.2 535.7 541.1 545.2 552.3 559.8 566.5 570.3 573.9 576.2 579.1 581.5 581.7 583 581.7 581.7 581.7 581.7 581.7 581.7 581.7 581.7 581.7 581.7 581.9 581.7 581.2 581.5 582.4 578.6 575.9 578 578.6 577.5 578.4 580 581.3 579.3 581.6 586.3 587 587.1 585.9 586.5 593.1 602.1 613.3 622.1 632.5 642.9 653.8 665.1 677.2
575.6 574.5 570.4 567.7 564.3 563.3 559.8 557.9 555.2 552.6 545.9 543.8 543 542.1 540.8 539.5 540.1 538.6 536.9 536.1 532.8 533.1 532.7 531.1 527.4 531.2 536.9 541 546.9 555.3 562.5 568.8 574 578.1 581.2 584.3 585.1 584.4 585.3 582.4 582.5 582.8 581.7 581.7 581.7 581.7 582.4 582.7 584.8 581.4 580.7 580.7 581 579.5 580 580.3 582.7 585.5 586.9 587.6 586.3 587 586.2 586.5 592.4 594.7 592.6 592.3 593.6 599.5 610.1 620.9 631.8 642.3 654.9 666.6 678.9 690.5
561.2 559.9 559.8 557.5 554 551.5 551 548.7 545 538.5 533.8 534.6 531.4 532.7 531.7 528.2 529.8 528.6 526.8 525.7 526 525.4 524.1 523.3 526.8 530.6 535.9 543.6 550.6 561.2 565.9 572.9 579.4 584.2 590.6 592.7 591.9 593.4 591.6 589.1 590.8 591 589.2 587.4 583.2 583.8 585.2 584.4 581.3 580.8 581.2 580.4 580.9 581.4 582.7 584.2 587.3 589.4 590.7 593 592.2 594.3 595.6 594.7 598 599.8 594 598.5 602.5 606.9 616.3 631.3 640.2 652.2 666 677.4 690.1 698.3
549.3 550.3 548.1 545.1 542.5 540.7 537.9 533.3 529.3 526.2 523.9 524 522.7 524 523.3 521 522.3 519.1 519 519.7 517.8 518.4 520.5 523.2 530 534.3 540 548.2 557.4 565.4 571.7 580.5 586.3 590.6 597.4 599.9 598.1 597.9 599.2 596.8 598.6 597.7 595 592.1 594.4 592.7 591.3 588.7 586.2 582.5 582.9 582.4 585 587.7 586.7 585.6 591.7 594.5 597.4 600 602.4 598.8 601.9 603.6 605.2 603.8 600.3 602.6 607.5 615 626 640.5 650.1 661.5 676.9 690.2 700 709.5
537.8 537.4 534.3 532.8 530.7 527.4 522.6 520.5 518.3 517.9 517.5 515.7 516.2 517 516.1 515.3 515 513.1 513 514.3 515.2 517.7 518.7 527.7 534 538.5 545.5 555.6 566.2 572.4 580.6 587.4 590.5 596.1 601.3 602.5 602.3 603.8 607.2 606.4 605.6 604.7 602.2 600.3 599.1 600 599.3 594 592.4 592.3 590.3 586.8 590.4 588.9 592.4 593.9 596.7 601.3 605.6 609.6 610.6 610.6 606.7 609 609.3 607.1 603.5 607.7 615.6 624.5 634.1 646.1 661.6 673.6 687.1 697.8 710.5 720.7
524.5 522.8 521.5 519.2 516.2 513.5 510.7 508.9 510.7 511.4 511.5 510.5 511.4 510.5 510.3 510.5 510.6 510.1 513.7 515.7 516.6 517.2 521.8 532.3 536 542.1 550.8 563.2 571.8 579 584.8 589.9 594.5 602.1 603.7 604.1 606.1 607.7 611.7 611.3 614.4 616.7 616.3 612.3 609.2 609.3 607.4 601.6 599.7 597 596.1 593.9 594.1 595.1 597.3 600.1 601.4 610.9 614 617 618.8 616.5 612.9 614 612.8 609.7 607.3 615.4 623.6 631.2 641.6 655.2 669.3 682.4 694.9 707.6 719.2 730.4
512.4 510.8 507.4 504.1 503 501.8 505.4 504.1 505.5 505.5 507.8 506.3 505.7 505.9 505.6 508.9 510.1 514.1 518.6 521.3 521.7 524.6 527.9 534.9 541.6 549.8 559.4 570.7 578.2 587 592.9 597.9 602.3 608.7 611.5 612.6 613.1 610.7 614.8 621.9 622.9 626.1 625.6 623 621.3 619.1 612.6 611.1 609.3 606.9 605.5 603.6 602.6 601.6 604.7 606.2 607.9 615.5 622.1 624.5 624 623.9 621.4 617.7 615.7 611.6 613 620.3 627.8 636.6 648.5 662.8 675.2 690.4 703 716 725.8 739.9
500.1 497.2 497.7 495.1 497.8 498.8 499.6 500.7 502.7 502.9 499.2 500.2 501.9 503.3 510.6 515 518.4 521.9 526.8 527.1 530.1 534.9 540.5 547.5 553.8 562.1 571.6 579.1 588.6 594.4 607.5 617.2 619.8 622.3 625.8 623 618.8 616.3 623.1 628.4 629.9 633 634.3 631.8 628.7 625.3 620.7 619.8 616.2 613.3 612.9 614.4 611.9 609.6 609.2 611.1 614.8 621 624.6 626.2 630.6 628.5 624.6 620.4 615.9 611.7 613.5 623.7 631.6 641.5 653.9 668.2 681.7 694.2 710.1 720.7 733.2 746.3
491 490.9 491.1 492.1 492.8 494.2 495.4 497.9 496.3 496.8 499.3 503.1 505.4 512.2 517.8 522.4 527.4 531.1 533.8 537.2 542.1 549 555 559 565.8 573.8 585.4 595.2 606.2 617.8 628.3 636.8 641.7 643.8 639.3 630.6 625.3 623.4 630.8 635.3 640.7 644.9 640.7 638.5 632.7 629.4 625.5 625 622.8 621.5 620.1 621.2 619.6 622.3 622.1 619.8 621.3 624.6 631.8 637.2 636.4 630.4 625.4 620.7 616.4 614.6 614.8 622.9 632.8 645 659.2 671.9 686.5 700.3 714.6 723.1 736.8 753.3
486.7 487.4 489 490.9 492 489.6 492.6 492.6 495.8 500.1 504.8 509.2 515.7 519.5 525.2 529.1 533.8 538.7 544.1 549 553.6 561.8 566.9 572.1 577.8 588.7 597.8 615.1 624.6 646 654.1 660.8 663.8 655.5 643.9 639.9 631.3 634.6 641.3 648.5 651.1 652.2 647.5 642.3 639 636.5 632.5 634.9 631.6 626.5 626.2 627.7 631.3 635.5 633 633.7 639.1 635.3 642.1 640.1 636.1 631.1 624.5 619.9 616.6 613.7 615.4 624.7 636.6 648.8 662.6 676.7 690 703.8 717.2 726.4 745.9 761.2
483.9 484.6 485.5 487.4 488.8 492.6 495.5 498.1 501.5 505.5 510.4 516.7 521.5 525.9 531.2 538.6 542.6 548.4 556.5 560.3 560.5 567.6 576.4 587.8 601.8 611.1 620.5 631.8 649.9 668.1 682.6 677.4 672 656.7 651.6 649.5 646.4 649.3 655.7 659 658.5 655.6 654.5 652.9 647.4 643.8 645.6 640.6 635.9 634 632.5 636.4 644.9 645.4 647.4 648.1 654 653.1 649.5 643.4 634.3 628.8 622.2 618.1 615.4 612.3 615.8 628.7 639.5 652.7 666.2 679.6 693.3 707 717.9 735.8 752.6 768.1
485.9 486.5 487 489 492.7 494.8 497.9 502.3 506.7 510.2 514.2 520.4 526.7 534.9 538.4 546.1 554.7 566 566.9 568.9 570.5 575.4 585.7 612.1 628.5 640.4 657 666.4 680.5 690.2 684.3 678.8 674.4 667.9 661.3 656.2 657.8 662.7 665.3 664.9 665.3 661.2 659.8 659.6 658.6 654.4 650.6 646.1 645.4 644.7 648.7 656.3 657.6 660.5 659.8 666.5 668.6 662.5 652.1 642.4 631.1 625.4 620 616.9 614.3 611 615.8 631.6 643.2 655.6 668.7 681.8 694.7 708.4 723.4 742.4 758.7 773.3
485.8 486.4 488 491.1 494.7 499.5 504.7 509.6 513.5 517.2 521.3 526.8 532.8 539.4 549.7 559.9 565.7 576.6 577 580.1 587.3 591.5 613.7 636.9 646.5 665.1 678.6 694 701.8 693.6 688.3 681.7 680 674.9 674.2 672.2 673.4 675.2 674.4 672 671 671.7 673.1 675.3 671.2 668 663.2 657.8 655.7 656.6 666.7 671.3 675.7 672.8 676.2 688 683.1 676.4 658.8 640.2 626.6 621.2 616.6 613.8 611.3 611.7 617.7 632.6 643.9 657.3 670.5 684.2 697.1 709.7 729.9 747.2 764 776.9
489 489.9 493.6 498.9 502.7 507.6 513.6 519.9 524.7 527.1 530.4 536.5 542.6 551.6 565.4 569.7 578.1 583.3 591.6 603.4 610.5 624.8 641.6 667.7 682 695.3 712.1 730.4 731.6 714.7 722.6 710.4 691.9 691.6 690.6 689.1 688.9 687.5 681.2 677.2 686.1 687 689.4 690.2 679.2 676.4 672.5 671.1 667.6 669.2 678 682.4 683 685.4 696.8 704.3 696.4 682.3 661.7 643.7 629.6 619.8 617.9 613.7 610.7 611.7 618.9 632.3 645.3 659 671.4 684.9 698.4 713.2 735.5 752.5 768.3 780.6
496.3 501.5 505.2 510.1 513.9 519.9 525.1 531.8 536.8 542.3 544.9 550.1 553.5 563.9 577.1 583.8 591.6 602.9 618.9 631.1 650.6 662.8 685.9 704.1 715.5 734 749.4 745.5 739.9 743.5 740.2 717.4 716.1 709.6 705.5 704.7 702.2 693.8 694.6 690.2 695.5 702.2 706.5 700.6 687.9 683.2 680.8 680.7 677.8 682.8 690.8 694.5 694 699.1 707.6 718.6 702.6 688.1 669.9 649.2 635.8 621.5 616.7 613.8 610.6 614.8 620.2 632.4 645.2 659.6 672.6 685.6 699.4 719.2 739.4 758.1 771.3 784.4
507.1 512.2 516.8 522.2 529.7 535.2 545.6 551.2 557.3 560.8 560.9 565.8 575.9 590.5 602.6 608.2 614.8 631 653.9 668.6 675.4 702.4 718.4 727.6 742.5 758.6 763.2 772.5 768 761.1 756.6 750.5 744.1 739.2 737.5 732.7 724.1 716.7 703.7 701.6 703.8 708.7 712.3 703.6 697 694.3 690.3 691.3 690.9 693.5 701.1 704.2 706.3 710.5 719.3 720.8 711.9 700.4 679.4 654.8 636.6 619.7 614.3 610.7 610.7 613.6 620.4 631.9 645.1 661 673.9 686.4 703.4 724.2 743.6 760 776.6 787.8
517.8 523.9 530.7 545.8 549.2 558.8 567.5 575.5 573.2 572.3 577.8 591.1 603.2 618.9 626.9 635 646.4 660.9 678 686.7 701.9 716.7 730.6 749.2 764.8 770.1 775.5 783.8 787.5 794.8 784 776 777.4 772.5 762.2 749.4 741.9 730.7 715.7 712 711.4 713.6 715.2 713.2 708.7 707.1 703.2 702.4 703.2 707 712.5 717 718.5 722.6 730.7 728.4 718.9 710.8 686.2 652.5 633.7 620 611.1 608.7 607.7 613.2 618.3 632.3 647.6 661.8 675 687.6 707 728.2 746.9 764.8 779.7 792.3
528.3 536.1 544.7 556.7 566.9 575.7 585.4 584.2 586.3 587.3 592.2 607.2 621.4 638 646.7 652.5 662.9 677.1 693.8 704.6 713.5 717.6 737.9 753.3 767.7 775.7 792.9 804.9 803.3 800.8 793.6 786.7 786.8 777.5 772.6 761.6 764.7 749.8 726.9 718.9 719.2 719.1 720.9 722.7 717.7 710.9 710.9 709 710 715.5 725.6 735.7 739.9 742.1 737.7 735.8 727.2 718.9 695.3 659.2 629 615.5 606.9 603.7 602.9 607.3 616.3 630.4 647.2 661.5 674.9 689.1 710.3 731.9 748.7 768.1 781.4 794.1
537.3 544.9 552.5 564.2 575.1 583 592.6 593.6 596.9 606.6 614.9 627.1 638.4 649.4 657.8 665.1 676.1 687.7 696.7 701.1 706.8 714.8 735.4 751.4 762.8 791.5 810.7 818.6 816 807 798.1 795 799.5 795 789.4 784.3 779.6 755.3 740.9 728.6 727.3 726 725.6 725.2 721.7 718.7 717.3 718.1 721.7 726.8 734.4 744 750 751.9 750 748.6 741.1 721.2 695.5 664.6 627.4 611 608.1 603.4 596.9 606 612.1 630.8 645.9 660.5 674.3 691.6 711.2 732.6 752.5 771.5 784.1 797.8
542.6 550.9 558.2 569.2 583.1 591.2 598.2 606.7 616.6 620.4 625.4 632.1 646.3 654.4 661 673.3 679.9 684.6 690.3 695.9 702.9 718.5 730.8 748.3 762.9 789.6 808.4 818.5 824.6 817.4 809.7 803.5 800.1 798.5 801 802.6 792.4 778 758.3 742.6 736.5 732.2 729.7 728.1 725.1 724.9 728.4 733.2 743.8 747.7 747.6 755.6 756.4 759.6 763.4 762.2 755.2 727 707.5 670.6 632.7 612.7 604.1 598.2 588.4 598.2 609.5 626.1 644.9 660.2 674.2 693.3 714 734.1 756.9 774.1 787.2 798.7
544.2 551.1 560.2 571.8 582.3 593.1 601.4 613 619.1 620 628.3 633.7 646.7 656.6 663.6 667.5 675.3 682.7 686.3 692.3 699.4 709.5 727.2 745.5 761 781.1 789.9 804.4 817 821.9 818 809.8 808.8 803.3 809.9 811.4 806.6 802.7 789.4 764.4 747.6 742 736.2 738 737.7 737.2 744.2 753.7 757.1 757.7 756.8 764.8 767.7 767.8 774.4 773.6 756.6 729.6 711.7 672.7 635.8 613.4 597.4 589.7 586.3 590.2 604.6 625.9 641.9 658.6 675.1 696.7 714.2 738.7 761.2 776.2 788 799.4
542 549.2 559.2 570.6 581.1 589.6 600.1 608.6 613 618.2 629.1 633.6 648.7 659.5 658.8 668.1 672.3 681.2 683.5 691.7 698.2 713.3 728.9 739.7 753.2 766 776.3 788.5 801.7 808 810.2 812.9 814.8 811.9 818.5 823.8 824 817.9 803.4 777.2 757.6 749.9 749.6 749.4 750.9 752.7 764.7 769.3 765.3 767.2 768.8 778.4 779 784.1 785.2 785.7 758.5 721.6 705.7 673.7 635.9 611.8 593.3 584.1 577.2 585.2 600.8 621.3 638 654.4 676.2 696.3 718.1 741 763.1 778.2 789.7 802.1
