UK/data/se/se00_OST50GRID_20230518/SE00.asc
ncols 200
nrows 200
xllcorner 400000
yllcorner 400000
cellsize 50
[rows 70 to 104 of 200, columns 0 to 77 of 200]
196.1 198.4 200.8 202.3 202 202.4 202.1 203.3 204.4 204.7 209.7 213.2 217.4 225 230 238.6 248.4 257 268.4 281.9 294.6 306.9 315.6 324.6 332.9 340.6 347.5 353.8 360.9 367.4 377.2 384.7 391.1 397.3 406.4 421.1 436.7 450.3 459.9 463.2 463.6 464 465.2 467.5 470.4 472.1 473.2 473.6 472.9 471.7 471.5 470.1 470.6 470.9 471.6 470.9 473 475 477.4 480.6 486.3 486.6 488.1 490.2 493 494 492.7 493.3 491.8 492.1 493.9 493.8 493.5 494 493 492.6 491.6 490.8
188.7 188.7 189.3 188.8 191.6 194.8 196.7 200.1 200.2 203.4 211 216.5 227.1 236.8 239.6 243.8 255.6 264.2 272.2 285.8 300.6 312.9 320.3 327.1 334.4 340.6 347.9 353.9 360.4 367.8 375.2 383.9 391.9 398.7 406.2 421 438.1 451.6 457.9 460.5 462.9 464.2 465.5 466.5 468.3 470.5 470.6 471.5 470.4 467.9 465.5 463.9 464.7 465.6 467.3 469.1 471.5 473 474.5 477.7 483.4 486.7 487.9 490.1 493 494.6 493.5 494.5 492.5 492.6 492.6 493.1 492.3 492.9 492.7 492.3 491.9 490.6
183.2 184.1 185.7 189.2 189.5 191 196.6 200.8 204.7 207.7 209.1 218.1 228.8 234.7 239.8 247.3 258.5 267.1 274.8 286.8 302.5 315.3 321.9 330.1 336.3 342 347.8 354.3 360.7 366.9 373.5 381.7 391.1 398.8 408.9 423.5 438 449.8 457.5 460.6 462 463.4 463.5 464.9 464.3 466.2 468.1 468.1 466.2 461.6 458.5 459.5 461.3 462.1 462.8 465.6 468.8 470.6 471.4 472.9 474.8 478.1 482.6 487.4 491.7 494 494.7 494.5 494.3 492.4 491.9 492.3 491.2 491.7 491.7 490.7 490.7 490.8
181.4 182.5 189.5 193 195.7 197.3 200.2 204.1 208.5 211.7 217.2 217.5 221.4 228.1 233.3 244.5 257.7 267.6 277.1 290.8 305.7 316 323.3 331.6 337.2 342.7 347.2 353.5 361 367.5 374.3 383.5 394.4 402.5 414.7 428.7 441 452.2 456.2 459.6 461.2 462.5 464.3 462.2 462 462.3 464.1 461.8 458.2 454.9 452.7 455.3 458.6 459.6 461.3 461.9 464.4 467.7 468.2 468.8 470 471.5 473.4 479.3 486.5 490 493.3 495.1 494.4 493.2 490.5 490.9 490.6 490.6 490.9 490 488.9 488.6
180.8 188.6 196.7 203.2 205 204.1 204.5 208.9 212.6 220.9 227.3 235.3 238 243.2 248.3 253.9 260.6 266.3 278.1 291.6 306 316.4 324.4 331.3 337 342 347 353.7 360.8 369.8 379.2 390.7 401.1 412.5 425.4 435.5 444.7 453.1 456.5 459.4 461.9 463.3 463.5 462.5 460 457.3 458.4 453.5 449.2 446 443.1 446.3 452.5 457.2 457.8 459.3 460.8 462.8 463.9 464.9 466 467.5 468.5 470.8 475.2 481.2 484.6 486.3 487.8 489.6 489.6 490.4 489.4 490.1 490.5 490 488.7 487.4
187.5 194.7 206.3 207.2 209.6 210.8 211.5 214.4 218.1 226.3 236 244 253.1 254.8 258.6 264.6 269.1 271.6 276.7 291.7 305.8 315.3 323.9 330.1 335.3 340.6 348.1 355.5 365 376.9 389.1 400.4 410.9 420.5 433.3 442.5 450 453.8 457.4 459.5 461.6 464.2 463.8 460.5 455 451.6 447.2 443.2 439.2 435.1 434.5 437.8 444.1 450.9 451.8 455.2 457.6 455.8 454 455.1 457.1 458.3 460.9 465.6 469.6 473.2 474.9 476.9 479.3 481.1 482.4 486.6 488.4 490.1 491.3 490.9 491 489.4
190.5 196.8 206.2 208.3 211.3 212.4 217.6 220.1 225.8 234 241.7 249.8 258.2 261.4 266.5 272.1 276.4 284.2 292.5 296.6 304.8 315.5 323.4 331.2 337.3 343 350.1 359.4 371.5 384.7 395.8 408.1 418.4 427.6 439.6 446.6 452.3 455.5 460.9 462.3 462.9 464.5 462.7 458.1 449.6 441.7 436.2 431.3 428.1 425.5 426.2 430.9 433.5 436.7 443.6 448.4 450.7 450.5 447.2 447.8 448.9 450.9 453 456.1 461.9 467.9 469.4 469.5 472.1 473.8 475.7 478.5 482.9 487 490.6 491.3 491.1 489.8
191.1 197.5 201.3 206.9 210.2 211.5 216.1 220.2 228.4 236 243.5 250.5 258 264.4 269.6 274.7 279.5 287.4 298.4 307.4 311.2 315.6 323.7 333.4 340.8 347.4 356.4 366.1 378.8 390.5 402.1 414 425.2 437.7 450.4 454.9 457.3 459.2 460.4 461.7 464 462.8 460.7 456 440.5 429.8 423.7 420.8 418.2 417.7 419.1 422.8 425.7 429.4 434.1 438.1 441.6 442.3 440.9 440 442.1 445 446.8 448.6 450.3 456.5 458.5 464.9 465.8 468.3 470 473.1 476.5 482.1 488.5 489.9 490.9 491
191.4 196.5 200.1 203.6 204.6 206.5 209.7 214.4 223.5 231.2 239.5 247 254.6 262.8 270.1 275.2 282.7 290.4 302.7 311.5 316.5 324.6 332.3 336.5 344.1 351.6 362.3 372.8 384.7 396.4 409.2 419.4 431.7 452.5 455.1 456.4 458 458.9 459.4 461.6 462.1 460 457.1 451.8 432.5 419.5 414.3 411.2 410.1 410.7 412.9 415 417.9 421.1 424.6 428.4 430.7 431.8 433.5 432.8 433.2 438.2 440.6 440.8 441.7 445.6 455 460.8 462.5 462.7 465 467.7 471.7 476.2 481.5 484.9 486.1 488.1
189.3 193.6 198.2 199.3 200.4 200.8 203 207.5 214.1 222.1 231.1 238.6 251.5 259.2 268.4 276.2 283.1 293.6 306.2 314.7 324.4 335.4 340.3 344.6 351.4 358.9 368.9 380.6 390.2 401.5 413.6 424.7 441.9 454.6 454.8 455.4 456.4 457.6 458.7 460.6 458.9 455.6 451 430.5 423.7 409.7 404.7 402.8 402.1 402.8 405.7 407.1 409 411.7 414.9 417.8 421.6 423.5 424.6 423.7 423.6 425.1 428.4 428.8 430.9 435.7 440.9 450.3 456.3 459.1 461.9 464.4 467.8 472 476 479.9 484 485.7
186.1 189.4 191.1 191.2 192.5 196.4 201.4 205.6 211.2 218.7 226.9 231.8 248.9 258.5 266.8 274.7 284.3 297.7 310.5 322.5 335.9 346.3 351.7 347.3 357.5 366.4 375.6 385.5 396.2 406.8 418.7 433.4 451.9 453.5 454 454.1 454.9 455.8 458.4 457.6 455.4 450.9 446.4 430 414.7 402.1 397.1 395.8 394.9 395.4 397.3 398.6 400.2 402.6 405.5 408.5 411.6 413.9 415.6 415.4 414.5 415.6 416.7 419.4 422.3 426.8 431.7 440 451.5 457.3 458.7 461.8 465.2 469.4 474 479.2 482.6 483.5
181.6 183.5 185.9 189.9 194.5 197.7 203.3 209.9 219.4 227.5 237.4 246.9 252.4 252.8 263.4 274 286.2 301.9 318.4 335 347 351.2 352 353.5 361 370.5 380.8 390 399.7 411 427.3 447.3 453 452.8 452.8 452.9 453.1 455.3 455.3 454.3 451.9 446.1 435.4 414.8 401.4 393.9 389.6 390 389.8 388.4 388.6 389.7 391 393 396.1 398.8 402.1 404.7 407.9 408.5 408.2 408.4 409.8 413.6 416.2 418.6 423.8 431.5 440.4 449.9 454.3 457.3 459.9 465.4 474.2 479 481 481.6
179.8 183.9 189.2 192.9 196.1 200.3 205.6 213.5 222.4 231.1 240.8 250 257.5 265.2 269.4 275.7 282.3 301.4 327.2 343.4 350.9 352.3 354 359.9 365.9 374.4 384.6 393.2 404.4 415.9 435.6 451.4 453.1 452.9 451.9 451.1 450.8 452.5 451.9 450.2 446.9 439.2 420.2 402.5 393 386 381.7 379.9 381 380.3 381.3 381.3 382.5 385 387.1 389.7 393.6 396.4 399.7 401.3 402.2 403.3 404.7 407.5 410.1 413.7 418.5 424.1 430.4 436.2 441.8 447 452.3 459.1 466.1 474.4 478.2 478.6
182.2 186.8 192 193.7 196.2 199.7 205.2 213.6 222.7 231.7 242.7 251.4 261 268.8 275 284.7 299.3 319 334 340.2 348.5 351.7 357 364 371.4 378.8 387.1 397.8 409.6 423 442 451.4 452.5 451.6 450.3 448.8 447.9 448.6 447.6 444.1 440.6 428.8 407.9 391.6 383.6 377.1 374.2 373.7 373.6 373.3 374 373.5 375.2 376.9 378.9 381.1 384.1 387.6 391.2 394.4 396.6 397.9 400.2 403.2 405.5 409.3 414.4 420.3 424.5 430.2 435 441.2 447.8 454.9 461.9 468.2 473.9 475
183.1 186 188.1 190.3 193.4 197.4 201.3 212.2 221 231.5 242.9 252.4 262.2 270.1 280.3 295.7 308.2 328.5 344.9 347.7 348.6 354.2 360.4 368.4 377.5 386.5 393.3 400.6 412.3 428.6 441.5 450.9 451.8 450.4 448.4 446.5 445 444.5 435.8 433.8 431.1 415 394.9 381.3 373.7 368.8 366.5 366.6 366.2 366.2 366.1 366 367 369.1 371.4 375.1 377 380.1 382.9 385.7 390.2 393.3 396 398.8 401.7 405.3 412.2 417.2 420.3 424.3 428.8 435.4 443.2 451.2 460.3 470.9 473.3 472
179.6 182.1 185.5 190.2 195.3 200.4 206.1 214 221.3 232.2 243.3 254 262.9 273.1 287.5 304.2 322.8 339.6 347.7 351.9 354.3 356.5 364.4 371.9 382.1 390.4 398.3 405.3 415.4 429.1 441.1 448.6 450.6 448.7 445.9 444.1 442.4 439.4 426.7 421.1 410.6 397.8 386.3 373.5 365.6 361.2 358.3 359.2 358.8 358.7 359.4 358.9 359.6 362.4 363.7 367.9 371.1 373.9 374.2 377.3 383.5 387.7 390.9 393.2 396.3 400.1 408.7 412 414.8 418.6 422.3 430.9 439.4 449.9 461.1 472.9 471.2 470.2
180.8 184 190.1 194.9 200.3 204.9 214 221.7 230.3 238.4 247.2 255.6 264.8 275.3 291.8 309.2 328.5 342.7 350.7 356.8 361.6 361.6 369.3 376.3 384.3 393.2 401 410.9 421.7 433.6 446.2 448.4 449.7 446.9 443.8 441.9 440.7 428.9 417 410.6 400.4 389.3 374.1 363.9 356.4 351.5 349.8 350.6 350.4 351.3 351.8 351.9 352.5 353.1 358.2 361.5 364.6 364.6 360.3 368 372 369.8 377.7 387.2 391 394.5 402.8 406.1 409 411.2 415.6 425.7 437.6 451.1 468.2 468.4 467.1 465.6
184.6 190.7 195.2 198.7 203.6 210.6 220.7 229.3 237.6 244.4 253.5 263.6 265.5 282.5 297.1 312.8 332.6 342.9 354.1 363.4 368.7 368.3 371.4 376.6 384.6 394.5 403.3 414.4 427 440.5 449.8 448.9 448.2 445.1 442.2 439.6 436.4 426.8 413.8 405 392.8 375 362.5 352.9 347 342.8 341.5 342.3 340.9 342.9 343.6 342.9 345.4 347.3 349.7 349.2 349.6 344.3 329.4 344.1 350 342.4 371.5 381.9 385.7 389.8 394.9 396.8 400.1 402.6 410.1 420.4 435.3 452.3 459.9 461.3 462 462.3
184.1 190.9 197.5 201.6 207 215.6 225.8 235.3 243.1 250.6 260.1 268.3 275.4 286.7 294.3 316 333.3 344.4 357.9 371.3 375.6 374.7 374.3 379.7 389.3 399.8 407.5 419 431.7 447.1 450 449.1 447 443.8 440.2 436.8 431.6 416.1 401.7 394.2 379.5 364.7 349.9 342.4 335.9 333.4 333.3 328.5 319 328.4 327.4 322.8 328.8 329.4 326.1 321 318.1 314.8 303.7 315 316.5 342.6 361.3 374.5 377.9 383.8 387.5 390.5 394.5 397.8 404.8 417.8 436.1 449.2 454.5 457.4 458.9 459.9
186.7 190 193.8 201.4 209.2 218.4 228.1 238.3 246.3 256.2 265.6 272.8 283.6 293.2 297.3 315.6 334.1 346.9 363.5 375.3 381 380.4 380.7 384 393.7 403.4 410.5 425.4 438.3 446.3 449.8 449.5 446 442.2 437.6 433.3 424.1 407.9 393.3 378.9 364.4 349.8 338.8 330.6 325.8 323.4 318.6 308.2 294.1 302.8 299.2 292.3 296.9 297.4 297.4 296.2 295.9 293.3 287 291.8 299.8 317.3 343.2 362.2 368.6 374.3 378.1 383.9 387.9 392.4 399.8 412.8 439.8 448.5 452.7 455.8 458.1 459.8
190.6 195.2 198.6 202 208.3 218.6 229.3 238.5 248.8 259.1 269 276 285.9 294.6 302.2 317.3 333.9 351 369.7 381.9 385.5 385.7 388.2 400.7 402.5 408.2 413.1 429.1 440.1 447.7 450 449.2 445.5 440.3 435.6 430.6 412.5 396 382.2 365.6 351.8 337 327.5 319.9 313.6 307.5 299.5 288.6 278.1 277.8 276.4 267.4 273.9 275 273.6 273.7 272.7 273.1 270.8 274.1 286.1 301.4 321.4 348.9 358.7 362.4 365.5 372.2 377.4 387.2 392.1 406.3 437.5 448.7 453.5 457.7 459.1 459.2
191.7 201.3 205.9 209.9 215.8 218.1 229.4 238.9 249.2 260.9 269.4 277.8 288.6 296.8 302.7 316.8 336 352.9 373.3 389.5 389.9 393.4 405 412 408.5 410.8 416 432.1 441.1 447.8 450 448.5 444.9 439.3 434.6 422.9 400.3 381.6 365.9 348.6 337 326.4 317.2 308.6 299.1 289.9 281.4 273 261.5 259.3 259.1 258.2 260.1 259.9 265.4 268.9 268.9 268.9 268.9 268.9 273.3 287.1 306.3 331.7 343.6 348.8 356.3 361.7 370.6 377.4 388.2 399.1 426.8 439.5 452.3 457.3 457.5 456.3
194.4 203 212 216.4 224 229.3 232.6 244 251.8 263.9 272.2 279.9 291.2 301.8 305.5 321 337.1 354.2 376.4 393 400 404 415.6 417 411.2 414.1 420.2 434.7 444.6 450.3 451.1 448.5 443.3 438.1 429.5 409.9 389.1 370 350.6 333.9 322.9 314.3 307.3 299.4 287.1 273.8 264.1 258.5 251.7 248.1 248.4 246.3 246.5 246.5 261.2 268.9 268.9 268.9 268.9 268.9 268.9 268.9 290.8 313.5 328.1 340.9 348.3 355.3 364.2 368.2 375.2 390 412.1 427.7 447 454.2 456.1 454.3
197.6 207.2 214.1 221.5 229.8 236.7 240.8 248.1 257 267.1 275.2 280.9 293 304.1 308.7 320.5 341 355.4 379.5 392.3 405.7 409.3 421.3 418 412 416.3 423.6 436.5 444.1 450 451.7 448.8 442.3 433.9 421.6 397.4 374.4 351.1 335.1 322.7 315.3 306.7 298.5 291.3 275.8 258.6 252.8 248.3 242.7 240.4 240.2 243.8 246.3 249 258.4 268.9 268.9 268.9 268.9 268.9 268.9 268.9 273 290.1 306.9 331.6 339.2 350.8 360.4 365.2 367.9 384.3 394.9 411.9 435.2 448.6 451.3 450.5
203.4 212.1 220.3 227.2 234.1 241.5 249.3 255.4 264.1 271.7 277.1 282.4 293 305.7 310.3 322.1 345.4 358.9 380 399.3 411.7 416.8 421.1 416.1 412.9 419.1 427.5 437.7 445.3 450.9 451.5 445.8 436.6 430.1 414.9 387.5 362.5 342 326.1 313.8 306.4 297.8 287.7 275.8 259.6 248.5 242.7 239.8 236.8 238.6 243 247.4 256.7 265.7 271.8 275.3 286 293 293 289.4 285.1 283 272.3 279.4 293.8 308.2 336.5 349.1 358.6 362.1 365.9 386 389.9 399 417.4 436.7 446.7 444.8
205.5 215.7 223.5 231.9 239.2 246.9 255.3 262.4 269.2 275.4 278.2 283.8 295.9 304.4 312.5 321.5 345.8 365.8 379.8 405.4 418.8 421.7 417.8 412.3 414.5 422.3 430.8 439.6 448.1 451.1 449.5 442.8 433.5 425.4 402 376.5 351.8 332.3 316.2 308.1 297.7 286.9 275.9 260 249 237.8 235.9 235.1 236.6 243.1 250.9 262.8 277.1 289.2 297.6 303.1 307.6 312.1 316.4 313.8 308.2 304.6 294.2 277.1 283.8 300.3 324.8 341.1 348.6 358.2 367.6 380 388.5 388.9 398.9 409.6 421.2 406.9
208.3 217.4 225.6 234.1 243.9 253.5 259.6 266.5 272.3 276.7 280.3 284.7 298.1 303.7 312.5 322.6 345.1 360.3 385.2 405.1 416.5 419.9 413 411.1 417.7 426 433.1 440.7 448.5 449.9 445 438.5 433.7 417.2 391.7 364.6 340.9 325.5 312.4 301.5 288.4 275.6 261 248.7 238 235.1 235.1 235.1 241.3 250.9 265.5 282.5 294.3 303.5 311.4 319.7 324.6 326.7 329.1 327.5 323.6 319.5 313 299.5 277.8 282.9 309.3 328.7 340.5 349.9 353.8 363.7 368.5 378.4 384.6 390 385.8 391.3
209.8 218.5 227.3 235 246.8 255.1 259.1 265 272.8 277.6 280.6 286.6 300.1 306.3 313.9 330.5 346.3 359.5 383.2 401.8 411.7 415.3 410.1 413.3 417.5 428.5 435 440.3 446.2 446.9 442.3 432.1 426.6 407.4 379.9 353.7 334.1 320 308.1 295 279.3 264.3 248 238.8 235.1 235.1 235.1 236 249.9 261.8 279.1 297 306 314.9 328.5 342.6 351.9 348.3 345 341.5 337.9 332.8 326.9 319.2 307.3 286.6 289 310.8 328.9 336.7 343.8 352.9 361.4 363.3 368.7 371.2 363.8 372
207.7 217.4 224.9 233.3 244.3 249.2 255.5 264.9 272.8 277.8 281.6 288.1 302.1 309.3 312.8 330.5 343 359.1 380.1 399.1 410.8 410.6 404.9 412.7 416 424 430.9 439.8 442 443.2 437.8 427.5 417.6 392.2 366 344.3 328.8 315.4 303.4 287.4 269.8 254.3 243.4 235.1 235.1 235.1 235.1 246.3 255.8 269.9 290.3 306.4 315.7 329.6 348 368.4 375.3 370.9 362.3 357.5 356.5 353.1 345 336 325.3 314.5 290.3 295.5 308.8 319.3 328.1 338.3 346 347.8 351.3 351.5 355.9 355.3
205.4 210.6 217.7 226.7 236.2 244.9 256.2 264.9 271.6 277.7 281.6 288.5 301.7 308.3 310.9 323.2 338.1 357.4 376.4 394.1 403.7 399.6 396 405.4 411.6 419.4 428.7 433.1 433.2 436.7 433.1 428.1 416.4 387.1 357.9 338.5 324.2 310.1 295.8 279.7 261.7 245.3 234.9 235.1 235.1 235.1 244.3 254.3 264.4 284.1 301.8 312 324.9 340 359.5 392.5 413.8 405.5 386.5 379 378.1 374.3 367.7 358 347.4 334.9 322.1 311.3 305.4 306.1 309 308.4 313.3 316.7 325 332.7 335.2 349.6
205.5 210.8 220.7 228.2 238.8 247.9 256.5 263.4 269.5 276 279.7 286.2 295.6 304 306.8 321.7 335.2 353.3 374.8 384.2 386.3 390 381.4 386.5 397.8 413 423.9 425.2 428.2 431.7 430.6 428.6 413 381.8 354.1 336.6 321.5 303.3 287.1 270.3 252 238.3 235.1 235.1 235.1 236.6 256.3 269.5 285 299.4 303.9 317.9 333.5 349 367.4 397.2 427.4 434.1 419 412.8 414.9 410 402.3 392.4 376 358.2 344.8 334.4 330.3 330.1 329.6 331.7 331.9 333 334 337.5 345.5 369
212.5 220.3 228.4 235.2 242 249 255.6 262.1 267 271.8 274 279.2 287.5 297.1 304.5 316.5 329.2 343.5 360 361.9 356 358.8 362.3 368.7 381.4 399.4 414.7 421 423.7 426.6 429.5 427.9 407.6 374.5 351.7 333.5 317.7 298.3 279.2 261.4 243.7 235.1 235.1 235.1 235.1 245.2 266 278 290.7 307.8 314.7 322.7 342.8 352.3 366.8 396.2 424.9 444.8 439.3 438.2 443.4 442.3 437.2 427 410.8 389.3 369.6 358.6 353.7 351.5 353.3 353.6 354.5 354 353.5 347.2 350.8 373.5
216.1 223.7 229.8 233.8 239.2 245.7 253.4 257.8 262.2 265.3 263.5 272.5 284.5 294.4 301.5 311.2 321.3 327 330.1 332.1 335 342 349.6 355.6 365.7 380.1 404 419.2 420.2 423 429.2 427.8 404.9 370.7 350.4 333.1 313.2 292.4 271.1 253 238.2 235.1 235.1 235.1 235.1 252.3 269.8 283.7 297.4 313.2 319.7 323 340.3 351.9 366 399.8 428.5 447 445.3 444.9 447.2 449.7 451 452.5 445.5 424.9 405.7 387.6 379.7 379.8 378.6 378.8 379.3 381.5 386.7 379.1 351.8 378.2
217.4 223.5 226.7 229.4 234.9 241.8 246.5 247.6 249.9 252.7 257.3 269.1 282 291.8 299.1 305.1 308.4 311.3 316.7 321 325.8 331.2 338.5 347 356.3 368.6 385.3 405.4 418.2 421.6 426.7 425.6 399 369.6 351.5 332 313 288 266.4 248 235.1 235.1 235.1 235.1 239 251.5 272.4 286.8 300.4 315.3 318.8 324.2 337.8 350.2 371.8 403 435.4 448.6 447.7 448.1 449.7 451.8 454.7 457.1 459.3 459.7 443.6 424.6 416.9 417.6 413.8 411.9 413.5 417.2 429.7 422.3 378.2 385.8
217.7 220.7 220.4 223.3 229.6 235.7 238.1 237.4 238.4 250.4 257.6 267.5 283.2 290.4 297.3 299.1 298.2 300 305 309.1 314.9 321.5 331.2 340.1 349.7 361.8 376.9 401.6 418.5 419.9 421.5 416.3 393.1 365.8 350.7 331.2 311.6 286.6 263.7 245.5 235.1 235.1 235.1 235.1 238 245.4 274.3 290.1 302.9 311.9 312.4 319.1 337.6 352.6 382.6 408 437.8 450.4 450 450.4 452.6 456.2 460.2 466.6 469.2 472 471.4 464 458 461.3 455.2 457.9 457.7 457.6 456.3 442.5 405.9 386.7
