UK/data/sx/sx58_OST50GRID_20230518/SX58.asc
ncols 200
nrows 200
xllcorner 250000
yllcorner 80000
cellsize 50
[rows 70 to 104 of 200, columns 0 to 77 of 200]
182.9 184.2 185 186 184.1 180.9 178 169.9 166.6 174.6 179.7 183.2 186.7 190.3 193.9 196.6 196.8 195.6 180 175.6 188.2 193.7 195.3 197.2 198.9 200.2 202.9 206.9 212.2 218.7 224.7 230.1 236 240.9 240.1 234.9 230.1 231.1 235.6 239.4 243.8 249.4 254.9 259.2 262.3 266.6 271.3 274.8 277.6 280.4 282.5 285.3 288.8 292.1 296.1 300.3 304.5 309.1 314.1 321.5 328.8 335.2 341.1 343.8 345.2 335.1 324.3 332.1 338.5 343.5 348.5 353.8 358.5 364.9 371.5 378.8 388.4 396.6
185.2 186.9 188.5 189 187.3 183.2 177.8 170.5 167.5 174.4 178.7 182.3 186.1 190 193.9 196.8 197.1 197.9 186.6 176.2 189.1 194.3 196.7 198.4 200.8 203.3 206.9 211 215.4 222.9 228.2 233.4 236.9 239.5 237.6 230.7 226.1 229.7 234.4 239.1 243.4 250 254.1 258.3 262.1 266.3 270.3 274.1 276.9 280.2 282.4 285.1 288.5 291.8 295.7 299.9 304.2 308.8 313.3 320 326.8 332.3 338.5 340.9 337.8 326.1 325.3 334.1 337.8 342.7 347.8 353.3 358.9 365.8 372.5 381.4 392.9 405.7
189.1 192.3 194.8 194.6 192.1 186.7 179.8 172 169 174.3 178.1 182 185.8 189.7 193.9 197.9 201.2 201.9 192.8 177.3 182.5 191.2 195.1 197.2 200.7 204.5 208.9 214.1 218.7 226.3 231.2 232 233.3 230.3 226.1 220.8 223.7 228.5 232.8 238.4 243 249.1 252.7 255.8 259 263.3 267.4 271.2 276.3 279.7 282.3 285 288.2 291.5 295.4 299.5 304 308.2 312.3 318.3 324.4 329.3 334 335.4 333.1 321.8 326.5 332.8 337.1 341.8 346.8 352.9 358.5 365.9 374 383.2 397.8 412.9
194.7 198.4 200.5 199.4 195.9 189.8 182.1 174.2 170.3 174.2 177.6 181.5 185.4 189.2 194.1 198.9 203.3 204.7 198.8 185.4 176.7 182.4 188.9 194.2 198.2 202.9 209.4 215.6 223.5 228.9 228.8 228.4 225.6 222.2 218.8 216.4 223.1 227.7 231.1 239 241.5 245.4 248.5 249.1 252.1 254.4 258.7 267.8 276.1 278.9 281.8 284.8 288 291.2 295.1 299.1 303.3 307.5 311.8 317 322.7 326.8 329.1 330.5 326.1 321.1 325.9 331.1 335.4 340.1 345.7 351.8 357.8 364.5 374.3 383.8 399.3 416.7
198.6 201.6 204.3 203.6 199 191.9 184.1 175.5 171.9 174.4 176.8 180.8 184.8 189.5 194.6 200.3 204.8 206.4 203.4 193.5 182.8 177.8 182.7 188.8 194.4 201.3 210.5 217.9 225.9 225.6 223.7 220.6 215.6 212.7 211.1 211.6 214.9 218.7 223.6 234 235.7 236 240.4 249.6 255.2 261.8 267.1 271.3 275.8 279 282 285 287.8 290.8 294.6 298.5 302.6 306.8 311.1 315.9 321 324.4 326.3 327 320.5 320.2 325 329.4 333.8 338.6 344.5 350.3 356.7 363.5 371.9 380.7 396.2 414.1
200.2 203.3 206.6 206 201.5 194.1 185.1 176.8 172.8 175.1 177.3 179.8 183.4 189.4 195.2 201 205.5 206.8 204.2 196.3 186.6 181.7 178.7 185.1 192.5 200 207.9 215.6 218.3 219.1 217.7 211 203.8 204.7 208.2 211.8 216.7 221.8 226.9 229.1 237.3 245.6 249.8 256.3 260.8 264.7 268.1 272.5 275.7 278.5 281.3 284.1 287 290.2 294.1 297.9 301.8 306.1 310.8 315 319.5 322.2 324.5 323.9 318.8 317.9 323.1 327.5 331.9 336.9 342.9 348.9 355.8 363.1 369.7 379.1 391.2 407
203.1 207.6 209.5 207.9 204.2 196.7 187.2 177.2 174.5 177.4 178.9 180.8 183.2 189.2 196 201.9 206.3 206.9 203.4 196.4 190.3 186.2 182.2 180.8 186.7 193.8 200.6 206.3 210.7 213.9 208.4 200.7 202 207.3 212.8 218.8 225 231.3 237.8 243.6 248.8 253.4 254.9 258.6 263 266.2 269.5 272.8 274.9 277.7 280.4 283.2 286.2 289.6 293.6 297.4 301.2 305.6 310 314.3 318.8 322.3 323.9 323 317.7 317.1 321.6 326.2 330.1 335.4 341.3 347.9 354.6 361.3 368.2 377.9 389.5 402.3
206.4 210.5 211.8 210.3 206.7 200.2 190.4 179.3 176.6 180.5 181.6 183.1 184.5 188.9 195.6 202.4 205.4 206.4 203.9 200.6 198.1 195 190 184.9 182.9 186.8 191.4 195.8 199.4 200.3 196 197.9 203.9 209.9 216.9 222.6 229 234.7 239.5 244.8 250.6 255.2 258.5 261.3 264.3 267.3 269.9 272.4 274.3 276.7 279.6 282.3 285.6 288.9 292.9 296.9 301 306.4 311.1 316.1 320.3 323.7 324.9 325.2 316.9 315.4 320.9 324.3 328.4 334.2 340.7 347.1 353.9 360.6 367.3 376.7 387.9 399.3
207.7 211.1 213.3 212.9 209.7 202.9 192.3 181.2 178.9 183 185.9 187.9 189.8 190 194.1 200.2 204.1 206.7 206.4 207.1 205.5 203.5 201.1 197 186.5 184 185.9 188.6 191.1 191.5 194.9 198.5 205.1 212.4 218.9 224.4 229.8 235.3 240.8 245.9 251.5 256.1 259.5 263 265.2 266.8 268.5 271.2 273.5 275.9 278.6 282.1 285 288.3 292.2 296.5 302.6 307.8 312.8 318.6 322.4 325.7 327.1 327.8 321.5 314.1 319.3 322.6 327.8 333 339.4 346.2 353.7 360.7 368.2 376.2 386.5 396.2
207.4 211.1 214.8 214.2 210 203 194 181.8 180.5 186 189.1 192.4 194.8 196 196.6 198.8 203.1 206.6 208.8 211.8 212.9 212.6 211.4 208.2 195.4 187.5 186 187 189 191.7 195.6 198.9 204.1 211.8 218.2 224.5 229.7 235.9 241.4 247 252.3 256.7 259.7 262.4 263.8 265.9 268 269.6 272.5 274.4 277 280.6 284.3 287.6 292.7 297.8 304.2 309.4 315.2 320.6 324.6 327.6 329.5 329.9 324.1 313.7 316.9 321.7 327.5 333 339.4 346.5 353.2 360.8 368.8 376.8 385.2 395.3
206.4 210.5 213.7 214.6 211.2 205.2 196.5 185.6 181.5 188.6 192.1 195.4 200.1 203.2 203.4 202.8 203.5 206.6 211 214.8 218.4 219.3 219.7 215.4 200.8 191.8 189.8 189.8 190 192.2 196.2 201.6 207.8 213.2 218.3 224.5 230.9 237.2 242.4 247.9 252.8 256.6 259.2 261.3 262.3 264 266.4 268.4 270.5 272.9 275.6 279.6 283.1 287.5 293.7 299.1 304.9 310.2 316.1 321.2 324.7 328 330.8 330.1 324.2 312.5 314.9 321.4 327.3 332.7 339.2 346.4 353.6 361.2 368.9 377 386.6 395.9
205.3 209.5 212.9 215.6 213.7 208.1 199.6 191.1 181.5 190.6 195.3 199.8 204.3 207.4 208.6 207.6 206.6 209.4 213.9 218 221.3 224.4 226.3 220.1 203.1 196 193.6 193.8 193.1 192.8 195.6 203 210.2 215.5 221.1 226.8 232.9 238.7 243.4 248.8 253.5 256.3 258.8 259.9 260.8 262.1 264.4 266.7 268.7 271.4 274.1 278.2 282.7 287.9 294 298.7 304.9 310 315.2 319.7 322.8 326.6 329.3 327.7 319.4 310.2 315.3 321.2 326.6 332.6 339.8 347.7 355.5 364 372.6 380.8 388.9 397.8
206.6 210.5 214 216.3 216.6 212.5 204.9 196.8 186 192.3 199.4 203.7 208.1 211.1 212.7 212.8 209.7 213.6 217.9 221.3 224.6 227.7 229.9 217.8 204 198.4 197.1 197.3 196.7 196.4 196.2 201.4 211.2 218.1 224.1 229.9 235 240.1 244.6 249 253.1 256 257.5 257.9 258.8 260.3 262.5 264.6 266.8 269.6 272.7 277.3 282.5 288.3 293.9 298.6 304.3 308.9 313.9 317.4 320.2 323.1 324 321.3 313.4 309.4 315.2 321.1 326.9 334 341.8 350.2 358.2 367.7 377.2 386.5 394.8 403.6
209.8 213.1 216.7 219.3 220 216.5 209.6 201.8 191.7 193.3 202.9 207.2 210.7 213.4 215.7 217 217.9 218.6 221.8 224.6 228.5 230.8 228.8 216.4 206.4 201.9 201.7 201.9 202.3 203.1 203.5 199.2 210.5 220.4 227.6 232.8 236.9 241.4 245.8 249 252.3 255.1 256.2 255.8 256.5 259 260.9 262.7 263.9 267.6 272 276.2 282.3 288.2 293.7 298.4 303 307.8 311.8 315.8 317.4 319.4 319.5 312.5 309.2 307.7 315.6 321.8 328.3 335.5 344.1 352.6 361.2 370.2 380.8 393.3 403.7 412.7
213.1 216.8 220.2 221.8 223.1 220.9 214.4 207.5 196.9 194.6 202.9 206.3 210.6 213.7 217.3 219.8 222.7 224 226.3 229.3 232.7 232.3 228.3 216.6 209.4 207.3 207 206.5 207.4 208.3 211.8 209.7 201.3 217.6 226.9 233 237.5 241.6 245.9 249.1 250.8 251.9 251.4 250.3 252.9 255.6 257.7 259.4 262.8 267.4 272.3 277.2 282.9 288.7 294.4 298.8 303.5 307.4 310.7 313.6 315.2 316.2 314.6 307.6 304.8 309.6 315.9 321.9 328.7 336.6 345.3 353.8 363.1 373.1 384.8 400.9 413.5 423.1
216.5 220.4 223.4 224.7 225.6 223.9 218.2 211.7 200.5 194.5 199.1 204.7 209.5 213.5 218 222.3 225.2 228.7 231.9 235.8 238.5 233.7 228.4 219 212.8 212.3 212.6 212.9 213.6 215 219.5 222.1 214.9 206.8 219.4 229.2 233.3 235.4 238.7 243.2 244.6 243.4 243 246.2 249.2 252.8 256.6 260.1 263.6 268.6 273.7 279.5 284.9 289.9 295.3 299.5 303.4 307.3 310.7 313.1 315 314.4 310.4 303.6 306.4 312.7 317.6 321.9 329 336.8 345.6 353.9 364.1 374.9 387 404 420.4 435.2
219.9 223.4 226.5 227.3 227.8 225.4 221 214.2 199.6 197.3 199 202.7 207.4 211.9 217.8 223 228.3 232.9 236.9 240.8 241.4 235.9 228.9 222.1 215.8 217.1 218.7 220 220.8 221.6 224.8 228.7 230.2 219.5 214.6 221.6 227.1 230 232.8 235.2 237.6 240.5 243.2 247.5 250.3 254.2 257.9 260.6 265 270.6 276.7 282.2 287 291.9 297 300.9 304.8 308.6 312 314.4 316.1 314.1 307.4 303.3 307.3 313.1 317.1 321.8 328.6 336.9 345 353.6 363.6 373.7 387.7 405.6 423.1 440.6
223.8 226.7 228.5 229.5 229.3 226 220.9 209.1 199.7 201.1 202.7 203.7 206.2 210.6 217 223.6 229.8 235.4 240.4 243 244.6 238 229 221.3 219.1 220.8 223 226 227.2 228 229.9 233 235.8 237.8 236.8 234.7 238.1 240.4 240.3 241.1 243.5 242.5 245.3 248.9 252.1 256.5 259.2 262.3 268.1 274.3 280.3 285 289.3 293.9 298.4 302.3 306.1 309.9 313.7 317.1 317.9 314.7 306.4 301.7 307.3 312.3 316.1 320.8 327.6 334.7 343.1 352.8 363 373.5 387.2 402.5 422.3 443
228 228.6 230.1 231 228.8 223.7 214.9 203.3 205.9 206.7 206.2 206.7 208.2 211.7 216.5 222.8 229 235 240.5 244 242.5 236.9 228.4 223 222 224.2 226.9 229.3 231.8 233.7 235.7 237.2 238.8 240.7 242 239.5 244.2 245.2 246 247.3 248 247.1 247.2 250.8 254.5 257.5 261.4 266.3 272.4 278.5 283.1 287.7 291.8 295.9 299.5 303 306.6 310.5 313.8 316.8 318.9 317.2 304.4 302.5 306.7 310.1 314.1 318.4 324.8 332.4 340.8 350.6 361.6 373.2 385.7 399.9 416.7 437.5
229.9 230.1 230.5 229.6 225.6 215.2 207.6 208.1 212.6 213.1 211.7 212 213.4 217 220 221.5 227.1 233.5 238.9 241.8 240.6 236.2 229.1 224.8 224.7 226.7 228.9 231.7 233.6 237 240.3 241.3 242 243 244 246.1 247.1 249 250.6 251.9 251.8 250.5 249 251.6 256.3 259.6 263.9 268.6 274.2 279.9 284.7 289.6 293.1 296.4 300.3 303.8 307.3 310.6 313.5 316.5 318.6 317.5 304.1 301.4 305.2 307.7 311.8 316.1 322 329.6 338.2 348.9 360.5 372 384.4 397.7 412.7 429.4
229.2 228.6 228.4 226.2 217.6 214.6 214.6 214.6 218.7 218.9 218 218.5 221.8 224 225.3 226.6 229 233 237.2 239.6 239.4 236.1 230.5 227 227.9 229.6 231.5 233.6 236 239.8 243.4 243.7 243.8 244.5 244.9 247.4 249.5 252.8 256.5 257.3 255 252.9 251.3 252.1 256.1 260.5 264.6 268.8 275.2 280.5 285.6 289.8 293.4 297 300.9 304.6 308.1 311.6 314.6 316.8 318 317.7 311.2 302 300.6 305.4 309.1 313.3 318.8 326.7 335.5 346.3 357.3 368.2 379.5 390.6 407.9 420.4
229.1 227.8 225.7 220.8 219.8 221.7 225.1 221.8 223.6 224.1 224 224.6 226.5 228.3 230.1 231.5 234.1 235.8 238 239.7 239.2 236.7 232.3 230.1 231.2 232.8 234.5 235.8 238.8 242.3 244.6 244.5 244.1 244.6 234.2 248.3 251.6 253.7 256.1 256.2 253.6 252.5 253 254.2 256.2 260.5 265.1 269.3 274.8 279.6 284.4 289.2 293.8 297.7 301.6 305.4 308.9 312.4 315.1 316.2 317.2 318.2 316.7 312.6 297.6 301.4 304.7 310.1 316 324.1 333 343.2 353.8 364.1 374.6 383.2 391.6 401.5
229.3 228 227.2 227.5 229.8 231.2 230.8 228 228.1 228.2 228 228.6 229.2 230.4 231.6 233.2 235.6 237.3 239.5 240.1 240.2 237.4 234.5 233.3 233.2 234.7 236.1 236.8 239.5 242.2 243.6 244.2 244 243.7 238.8 246.2 249.5 251.4 251.9 251.8 250.9 252.2 254.7 256.4 258.7 261.6 265.2 269 274 278.9 283.9 289.2 294.3 298.2 302.1 305.6 309.1 312 314 315.4 316.9 317.8 318.2 315.3 310.5 295 297.5 305.7 312.3 320.3 330 339.8 349.9 360.1 369.9 377.9 384 388.9
229.8 230.7 231.4 232.5 234.6 235.4 234.5 232.1 230.7 230.3 230.2 229.7 229.8 230.1 231.6 233.4 235.2 237.7 239.4 239.9 239.6 236.5 234.8 233.8 234 235.9 237 236.6 239.2 241.1 242.3 242.6 242.1 241.9 241.9 242.8 244.8 245.4 245.8 247.6 250.1 251.9 256.5 260 261.8 264.4 266.1 269.8 273.8 278.7 284.1 288.9 294.4 298.7 302.2 305.8 308.8 311.1 312.8 314.1 315.6 316.8 317.9 316.4 312.7 303.8 285.6 300.9 307.5 316.1 325.6 335.5 345.2 353 362.9 370.3 375 380.5
230.2 231.8 234.3 235.6 237.9 238.2 236.7 234.8 233.6 232 231.2 230.2 228.6 229.6 230.7 231.7 232.8 235.2 237.6 238.2 237.6 235.1 234.4 235.2 235.8 236.8 236.8 236.9 238.8 240.5 240.8 240.5 240.1 238.9 238.8 240.4 240.8 241.8 243.3 244.8 249 254.8 258.4 262 265.1 266.4 268.7 272.2 276 280 284.7 288.3 293.4 298.5 302.5 305.3 307.8 310.3 311.6 312.7 314.2 315.3 316 315.1 310.2 298 280.1 296.6 303 311.2 320.5 330 339.5 346.8 354 360.8 366.6 372.4
230.2 233.4 236.1 238.9 240.7 240.6 239.1 237.4 234.9 233 231.5 230 228.5 228.7 229.9 230.4 231.6 233.5 235.7 236.6 235.3 233.8 234.3 235.5 237.6 236.3 236.2 236 238.6 240.1 239.7 238.8 238.2 234.3 237.5 237.7 238.1 239.7 242.2 244.7 249.5 254.9 258.9 262.5 265 268.5 272.8 276.2 279.4 283 285.6 288.8 292.9 297 300.4 304.4 307 309.3 310.4 311.5 312.3 311.7 309.9 304.6 297.7 283.4 281.7 293.9 299.9 306.5 314.1 322.4 331.5 338.9 345.9 352.3 358.8 365.6
232.8 236 239.1 242.2 242.9 242.7 240.9 237.1 235 233.1 231.6 230 227.5 226.7 228.7 229.2 230.4 231.8 234.1 235 233.2 233 233.6 234.7 236 235.4 234.7 234.5 235.7 238.4 238.5 237.9 235.8 234.9 234.6 235.2 235.5 237.5 240.3 243.7 249 253.4 257 260.4 265.2 269.9 274.7 278.9 282.3 284.5 287.3 290.2 292.8 296.5 300 303.3 306.2 308 309.4 309 308.2 305.5 298.5 290.4 279.1 273.5 282.1 291.8 297.8 303.6 309.5 315.8 321.2 332 341.9 344.1 355.7 363
235.9 238.5 240.9 243.5 245 244.5 241.6 237.3 235 233.2 230.8 228.5 226.5 223.6 226.3 227.9 229.4 231.4 232.8 232.1 230.8 232 232.2 233.2 234.2 232.5 231 231.2 232.9 235.1 235.2 233.7 231.2 229.7 230.1 231.4 232.6 234.6 238 242.1 246.4 250.5 255.3 260.2 265.5 270.2 274.9 278.9 282.5 285.7 288.3 290.7 293.2 296.1 299.6 302.8 305.6 306.2 305.9 304.9 300.6 291 281.3 274.1 268 273.5 284.1 289.4 290.1 296.3 304.6 312.7 320.8 328.5 340.3 351.3 360.1 369.6
238.4 241 242.8 244.6 245.4 244.2 241.5 237.7 234.7 232.2 229.3 226.8 223.2 218.1 224.2 227.3 229.1 230.6 230.5 228.9 227.1 228.5 229.8 230.4 230.4 229 227.5 227.9 229.6 230.5 226.8 222.9 227.9 226.8 227.2 229.9 231.9 234 237.8 241.8 245.7 250.4 255.4 261.8 267.2 271.7 275.9 279.6 282.9 286.4 288.7 291.1 293.5 296.2 298.8 301.6 303.1 302.4 300.4 298.4 289.9 276.2 266.7 264.6 269.6 273.9 282.6 288.3 294.8 301.5 307.7 314.1 321.9 330.8 341.2 352.6 363.5 373.4
239.6 241.9 243.3 245.2 244.8 243.6 240.9 236.9 234.5 232.2 229.2 223.6 217.4 215.7 224.2 226.1 227.5 228.7 227.3 224.8 224 225.6 227.3 227.7 226.9 228.1 227 220.1 221.2 220.7 221.7 226.8 228.3 229.3 230.6 232.5 235.2 237.4 239.5 242.5 246 250.7 256.9 262.6 268.6 273.9 277.7 280.9 284.1 286.8 289.3 291.6 294 295.8 298 299.3 299.4 296.4 288.8 285.8 276.9 263.1 261.7 265.7 271.2 276.1 282.5 288.6 294.8 301.5 307.8 314.6 322.1 329.9 340.4 352.5 364.5 375.7
240 241.8 243.5 244.6 244 243 240.2 236.9 234.7 232.2 228.9 225 224.2 214 219.5 222.8 224.8 224.9 222.7 218.6 221.9 224.4 225.1 224.8 227.2 226.3 224.4 215 219.9 224.4 226.6 228.6 229.9 230.9 233 235.6 237.9 239.5 241.6 244.4 247.4 252.2 258.4 264.2 270.4 275.3 278.5 281.5 284.3 286.8 289.4 292.1 294.2 295.6 296 295.2 292.4 279.5 265.2 264.7 261 259.5 262.9 266.3 271.4 277.7 282.6 288.4 295.1 301.8 308 314.9 322.2 330.3 339.1 350.2 362.9 376
239.8 241.2 242.6 243.7 242.7 240.7 239.3 237.1 234.2 232.4 229.9 227 225.7 222.5 208.8 211.5 219.9 220 213.7 219.9 222.4 223.7 223.8 224.6 225.2 225.2 221 221.4 225.2 226.7 228.1 229.9 231.5 232.8 235.3 238 239.9 241.5 243.5 246 249.3 254.1 259.2 265.2 271.2 275.3 278.7 281.8 284.7 287.1 289.5 292 294 294.1 292.7 289.2 275.4 253.9 253.8 255.2 257.9 260.2 262.9 266.4 272.7 278.2 283.2 289 295.4 302 308.7 315.6 322.3 330.4 339 349.4 360.5 372.6
240.5 241.3 242.2 242.6 241 239.4 238 236.3 233.7 232.4 230.8 228.9 227.4 224.2 219.9 212.4 206.6 205.5 218.8 221.7 224 225.2 224.1 224.4 223.7 221 211.4 222.2 225.3 226.8 228.1 229.6 231.3 233.9 237.3 239.8 241.9 243.6 245.6 247.7 251.2 255.7 260.2 265.7 271.2 275.2 278.8 281.9 285 287.4 289.6 291.3 292.2 291.5 288.8 277.3 257.5 251.3 253.1 254.8 256.8 259.4 262.7 267 272.9 278.7 283.8 289.7 296 302.5 309.3 316.2 322.6 329.8 338.9 348.5 358.8 369.3
240.9 241.3 241.7 241.1 239.1 237.5 236.3 234.4 232.9 232 230.2 228.7 226.2 223 219.1 215 196.7 218.4 224 222.7 223 223.6 225.1 222.4 220.7 205 219.2 222.7 224.8 226.3 227.8 229.4 231.6 234.8 237.9 241.4 243.6 244.6 246.7 249.3 252.5 256 261.4 266.7 271.2 275.2 278.9 281.7 284.2 285.9 287.8 289.1 289.5 288.6 282.5 260.2 247.9 250.6 252.5 254.7 256.7 259.5 263.3 267.7 272.8 278.8 284.5 290.4 296.6 303.3 310 316.7 323.3 330.6 338.8 347.3 357 366.6
240.3 240.6 240.4 239.1 237.1 235.8 234.6 232.4 231.6 230.5 228.8 227.2 224.8 220.3 208.2 197.1 202.6 221 224 222.9 222.7 222.8 221.8 220 198.9 216 218.1 220.6 224.3 224.6 226.5 228.7 231 234 237.7 241.2 243.1 244.7 246.6 249 252.2 256.2 261.9 266.4 270.8 274.8 278.1 280.9 281.7 282.8 284.6 285.4 285.1 281.5 272.2 251.5 248 250.3 251.8 255 257.8 261.1 265.6 270 274.1 279.3 284.9 290.5 296.3 302.4 309.8 317.5 324.5 332.1 340.3 347.1 354.3 363.5
