UK/data/sw/sw83_OST50GRID_20230518/SW83.asc
ncols 200
nrows 200
xllcorner 180000
yllcorner 30000
cellsize 50
[rows 38 to 75 of 200, columns 0 to 85 of 200]
46.4 51.5 57.1 59.8 59.9 58.7 55.2 49.2 43 36.8 29.1 20.6 13 7.4 1.7 1 0.5 -0.2 -0.7 -1.2 -1.6 -1.6 -1.6 -1.6 -1.6 -1.6 -1.6 -0.3 0.6 1.7 7.2 14.6 22.8 28.9 34.6 38.7 43.2 45.4 46.7 46.4 45.7 44.2 40.3 34.8 25.8 21.2 19.6 16 8.7 3.3 -1.6 -1.6 -1.6 -1.6 -1.6 -1.6 -1.6 -1.6 -1.6 -1.6 -1.6 -1.6 -1.6 -1.6 -1.6 -1.6 -1.6 -1.6 -1.6 -1.6 -1.6 16.9 25.3 33.2 39.9 43.2 42.9 43.3 44.9 46 46.1 43.1 32.9 15 12.1 19.5
47 51.5 56.4 60.7 62 60.3 56.8 52 47 41.3 34.6 26 18.5 11.8 5.2 1.3 0.7 0.2 -0.3 -0.9 -1.6 -1.6 -1.6 -1.6 -1.6 -1.6 -1.6 -1.6 -1.6 -1.6 1.5 10.2 19.4 24 28 33 37.7 40.8 42.2 43.2 42.3 41.4 38.1 32.8 26.3 18.8 12.9 10.1 1.2 -1.6 -1.6 -1.6 -1.6 -1.6 -1.6 -1.6 -1.6 -1.6 -1.6 -1.6 -1.6 -1.6 -1.6 -1.6 -1.6 -1.6 -1.6 -1.6 -1.6 -1.6 -1.6 10.5 21.8 31.4 38.9 42.8 44.9 46.7 48.8 50.2 51.5 50.9 40.6 24.2 17.6 31.9
48.1 52.1 56.4 60.9 63.1 62.3 60.2 56.8 52.4 46.3 38.9 29.8 21.6 14.9 7.5 1.5 0.9 0.4 -0.1 -0.6 -1.1 -1.6 -1.6 -1.6 -1.6 -1.6 -1.6 -1.6 -1.6 -1.6 0 1.6 14.6 18.1 21.5 26 30.7 34.6 37.6 39.5 39.8 37.8 34 28.6 22.6 16.1 9.2 3 -1.6 -1.6 -1.6 -1.6 -1.6 -1.6 -1.6 -1.6 -1.6 -1.6 -1.6 -1.6 -1.6 -1.6 -1.6 -1.6 -1.6 -1.6 -1.6 -1.6 -1.6 -1.6 -1.6 -1.6 -1.6 24.4 32.4 37.2 41.5 46.7 50.2 52.8 54.5 55.9 44.6 26.9 20.4 41.3
51.2 54.8 58.1 61.7 63.7 64.3 63.6 61.2 57 50.5 41.8 32.4 22.6 16.1 7.9 1.7 1.3 0.8 0.3 -0.2 -0.9 -1.6 -1.6 -1.6 -1.6 -1.6 -1.6 -1.6 -1.6 -1.6 -1.6 0.7 8.2 12.6 15.8 19.4 24.3 28.2 32.2 34.5 36.9 34.5 29.7 22.7 16 10.9 3.7 -1.6 -1.6 -1.6 -1.6 -1.6 -1.6 -1.6 -1.6 -1.6 -1.6 -1.6 -1.6 -1.6 -1.6 -1.6 -1.6 -1.6 -1.6 -1.6 -1.6 -1.6 -1.6 -1.6 -1.6 -1.6 -1.6 13.3 21.4 28.4 35.8 43.4 50 54.5 56.6 57.9 49.1 31.4 22.2 41.2
55.1 58.2 61.1 63.2 63.9 64.8 64.9 62.7 58.6 52.4 44.1 34.3 23.7 15 6.7 1.8 1.6 1.1 0.6 0 -0.4 -0.7 -1 -1.6 -1.6 -1.6 -1.6 -1.6 -1.6 -1.6 -1.6 -1.6 1.2 6.8 11 14.7 17.8 22.3 28.8 33.2 35.6 33.4 27.7 17.4 9.7 6.3 -1.6 -1.6 -1.6 -1.6 -1.6 -1.6 -1.6 -1.6 -1.6 -1.6 -1.6 -1.6 -1.6 -1.6 -1.6 -1.6 -1.6 -1.6 -1.6 -1.6 -1.6 -1.6 -1.6 -1.6 -1.6 -1.6 -1.6 -1.6 12.2 20.8 31 40.9 49.4 56.3 59.1 59.4 52.5 34.7 24 41.2
58.6 60.8 62.3 62.6 62.8 64 65.3 63 58.7 53.8 45.2 35.6 25.2 15.4 6.9 1.8 1.8 1.5 1 0.5 0.3 0 -0.3 -0.6 -1 -1.2 -1.6 -1.6 -1.6 -1.6 -1.6 -1.6 -1.6 1.1 4.4 9 12.3 20.4 28.9 32.5 35.2 32 21.8 11.4 7.4 -1.6 -1.6 -1.6 -1.6 -1.6 -1.6 -1.6 -1.6 -1.6 -1.6 -1.6 -1.6 -1.6 -1.6 -1.6 -1.6 -1.6 -1.6 -1.6 -1.6 -1.6 -1.6 -1.6 -1.6 -1.6 -1.6 -1.6 -1.6 -1.6 -1.6 16.6 28.7 40.4 50.8 58.3 62 61.9 56 37.5 26.4 42.4
59.2 60.4 60.9 60.9 61.3 63.3 64.8 63 59.3 55.3 47.6 35.6 26.4 17.1 9.5 5.9 6.6 4.1 1.5 1.2 1 0.7 0.4 0 -0.4 -0.7 -1.1 -1.6 -1.6 -1.6 -1.6 -1.6 -1.6 -0.3 0.8 1.8 8.3 19.6 28.2 32.7 35.9 31.5 19.4 9.3 -1.6 -1.6 -1.6 -1.6 -1.6 -1.6 -1.6 -1.6 -1.6 -1.6 -1.6 -1.6 -1.6 -1.6 -1.6 -1.6 -1.6 -1.6 -1.6 -1.6 -1.6 -1.6 -1.6 -1.6 -1.6 -1.6 -1.6 -1.6 -1.6 -1.6 -1.6 13.5 26.7 39.3 51.6 60.4 64.7 65.1 59.5 40.9 29.9 43.2
59.9 59.3 59.2 59.6 60.7 62.3 64.2 63.4 60.1 56.5 49.8 42.4 34.1 24.3 14.4 10 11.4 10.2 6.7 1.8 1.7 1.4 0.9 0.5 0.2 -0.2 -0.6 -1 -1.6 -1.6 -1.6 -1.6 -1.6 -1.6 -0.1 0.9 1.8 15.3 26.9 31.8 33 30.1 16.9 2.4 -1.6 -1.6 -1.6 -1.6 -1.6 -1.6 -1.6 -1.6 -1.6 -1.6 -1.6 -1.6 -1.6 -1.6 -1.6 -1.6 -1.6 -1.6 -1.6 -1.6 -1.6 -1.6 -1.6 -1.6 -1.6 -1.6 -1.6 -1.6 -1.6 -1.6 -1.6 10.6 26.1 39.4 52.6 61.5 67.3 68.6 63 45.4 34.7 44
60 58.9 58.3 58.9 60 61.7 63.3 63 60.6 58.2 54.2 48.9 40.7 30.3 19.6 16.1 16.5 16.1 15.7 18.3 18.9 5.7 1.5 1.1 0.6 0.2 -0.2 -0.6 -1.1 -1.6 -1.6 -1.6 -1.6 -1.6 -0.7 0.3 1.3 9.1 24 29 30.2 24.9 12.1 -1.6 -1.6 -1.6 -1.6 -1.6 -1.6 -1.6 -1.6 -1.6 -1.6 -1.6 -1.6 -1.6 -1.6 -1.6 -1.6 -1.6 -1.6 -1.6 -1.6 -1.6 -1.6 -1.6 -1.6 -1.6 -1.6 -1.6 -1.6 -1.6 -1.6 -1.6 -1.6 -1.6 24.5 39.9 52.3 61.4 67.6 69.5 64.2 48.8 37.7 47.1
58.2 57.9 57.8 58.6 59.4 60.8 62.2 62.7 62.4 61 58 53.4 45.5 34.8 26.8 23.6 25 27 30.6 32.3 30 21.3 9.2 1.5 1.1 0.6 0.2 -0.3 -0.8 -1.6 -1.6 -1.6 -1.6 -1.6 -1.6 0 1 7.5 21.1 27.2 25.2 17.2 -1.6 -1.6 -1.6 -1.6 -1.6 -1.6 -1.6 -1.6 -1.6 -1.6 -1.6 -1.6 -1.6 -1.6 -1.6 -1.6 -1.6 -1.6 -1.6 -1.6 -1.6 -1.6 -1.6 -1.6 -1.6 -1.6 -1.6 -1.6 -1.6 -1.6 -1.6 -1.6 -1.6 -1.6 21.7 38.1 50.5 59.5 65.9 68.7 64.1 52.9 42.4 50.6
56.6 56.6 57.4 58.2 58.9 59.8 61.3 62.2 63.6 63 61.4 57.2 52.5 44.8 39.5 34.7 37.1 40.4 43 40.7 36.7 31 20.6 6.2 1.5 1 0.5 0 -0.6 -1.6 -1.6 -1.6 -1.6 -1.6 -1.6 -0.2 0.9 4.4 20.5 24.6 19.1 6 -1.6 -1.6 -1.6 -1.6 -1.6 -1.6 -1.6 -1.6 -1.6 -1.6 -1.6 -1.6 -1.6 -1.6 -1.6 -1.6 -1.6 -1.6 -1.6 -1.6 -1.6 -1.6 -1.6 -1.6 -1.6 -1.6 -1.6 -1.6 -1.6 -1.6 -1.6 -1.6 -1.6 -1.6 17.2 34.9 47 56.3 62.9 66.8 65.5 61.1 51.1 47.6
55.8 55.9 56.8 57.5 57.9 58.8 60.3 62 63.6 64.4 63.6 61 59.1 56 53.5 51 50.1 50 48.7 46.4 42.5 36.1 27.9 16.9 1.8 1.4 0.9 0.4 0.1 -0.6 -1.6 -1.6 -1.6 -1.6 -1.6 -0.2 0.9 6.2 21.7 21.9 11 -1.6 -1.6 -1.6 -1.6 -1.6 -1.6 -1.6 -1.6 -1.6 -1.6 -1.6 -1.6 -1.6 -1.6 -1.6 -1.6 -1.6 -1.6 -1.6 -1.6 -1.6 -1.6 -1.6 -1.6 -1.6 -1.6 -1.6 -1.6 -1.6 -1.6 -1.6 -1.6 -1.6 -1.6 -1.6 12.7 31.1 44.2 53.8 61.1 64.6 66.5 66.6 62.8 53.4
54.8 54.6 55.3 55.9 56.5 57.6 58.7 60.8 63.4 64.8 65.5 65.7 65.6 64.9 64 62.3 59.3 56 52.7 49.7 45.3 39.1 30.9 20.6 11.3 1.8 1.6 1.3 0.9 -0.5 -1.6 -1.6 -1.6 -1.6 -1.6 -0.1 1.1 11.5 24.1 18.7 6.2 -1.6 -1.6 -1.6 -1.6 -1.6 -1.6 -1.6 -1.6 -1.6 -1.6 -1.6 -1.6 -1.6 -1.6 -1.6 -1.6 -1.6 -1.6 -1.6 -1.6 -1.6 -1.6 -1.6 -1.6 -1.6 -1.6 -1.6 -1.6 -1.6 -1.6 -1.6 -1.6 -1.6 -1.6 -1.6 -1.6 28.2 42 52.2 59.8 64.3 66.4 66.2 63.5 56.3
53.3 53 53.6 54 55.7 56.8 58.1 60.1 63.3 65.3 67.5 69.9 71.3 72.1 71 68.9 65.2 60.3 55.6 51.2 46.6 40.9 32 21.9 9.7 1.8 1.8 3.6 1.7 -1.6 -1.6 -1.6 -1.6 -1.6 -1.6 0.1 1.5 16.3 22.1 15.7 1.4 -1.6 -1.6 -1.6 -1.6 -1.6 -1.6 -1.6 -1.6 -1.6 -1.6 -1.6 -1.6 -1.6 -1.6 -1.6 -1.6 -1.6 -1.6 -1.6 -1.6 -1.6 -1.6 -1.6 -1.6 -1.6 -1.6 -1.6 -1.6 -1.6 -1.6 -1.6 -1.6 -1.6 -1.6 -1.6 -1.6 26.3 40 51.1 58.9 64.5 66.9 65.6 62.1 59.7
52 50.8 50.9 52.2 54 56.1 57.8 59.9 62.9 66 69.1 72.1 75 76.2 74.7 72.5 68.8 62.5 57.2 51.8 45.5 38 26.2 21.1 16.6 9.8 7.5 4.3 2.3 -1.6 -1.6 -1.6 -1.6 -1.6 -1.6 0.3 3 21.9 21 13.4 -1.6 -1.6 -1.6 -1.6 -1.6 -1.6 -1.6 -1.6 -1.6 -1.6 -1.6 -1.6 -1.6 -1.6 -1.6 -1.6 -1.6 -1.6 -1.6 -1.6 -1.6 -1.6 -1.6 -1.6 -1.6 -1.6 -1.6 -1.6 -1.6 -1.6 -1.6 -1.6 -1.6 -1.6 -1.6 -1.6 -1.6 23.6 39.5 50.9 59.5 65.6 67.7 66.3 62.9 62.8
50.4 48.7 48.6 50.3 52.8 55.6 58 60.4 63.8 67.1 70.4 73.7 77.1 78.1 76.8 74.5 70.4 64.5 58.1 49.9 42.8 39.1 37 31.8 24.7 17.9 11.3 4.2 0.8 -1.6 -1.6 -1.6 -1.6 -1.6 -1.6 1 16.4 24.3 18.9 9.6 -1.6 -1.6 -1.6 -1.6 -1.6 -1.6 -1.6 -1.6 -1.6 -1.6 -1.6 -1.6 -1.6 -1.6 -1.6 -1.6 -1.6 -1.6 -1.6 -1.6 -1.6 -1.6 -1.6 -1.6 -1.6 -1.6 -1.6 -1.6 -1.6 -1.6 -1.6 -1.6 -1.6 -1.6 -1.6 -1.6 -1.6 18.9 36.6 49.5 59.6 65.3 68.6 67.5 65.8 65.7
48.1 45 46.8 49.3 52.5 55.4 58.1 60.9 64.3 67.5 71 74.5 77.3 79.1 78.5 76.1 72 66.5 59.4 55.2 53.2 51.2 45.6 38 30.4 22.7 12.9 4.2 1.8 -1.6 -1.6 -1.6 -1.6 -1.6 -1.6 2.1 22.7 23 16.1 8.4 -1.6 -1.6 -1.6 -1.6 -1.6 -1.6 -1.6 -1.6 -1.6 -1.6 -1.6 -1.6 -1.6 -1.6 -1.6 -1.6 -1.6 -1.6 -1.6 -1.6 -1.6 -1.6 -1.6 -1.6 -1.6 -1.6 -1.6 -1.6 -1.6 -1.6 -1.6 -1.6 -1.6 -1.6 -1.6 -1.6 -1.6 18.2 35.2 49.2 59.2 65.7 69 68.7 67.6 67.2
40.8 42.1 45.3 48.9 52.3 55.3 58.2 61.4 64.7 67.9 71 74.1 77.1 79 79.6 77.3 73.7 69.7 65.5 62.4 60.1 56.5 50.5 42.6 32.4 23.4 12.3 9.2 7.6 -1.6 -1.6 -1.6 -1.6 -1.6 0.2 10.7 21.9 16.3 11 -1.6 -1.6 -1.6 -1.6 -1.6 -1.6 -1.6 -1.6 -1.6 -1.6 -1.6 -1.6 -1.6 -1.6 -1.6 -1.6 -1.6 -1.6 -1.6 -1.6 -1.6 -1.6 -1.6 -1.6 -1.6 -1.6 -1.6 -1.6 -1.6 -1.6 -1.6 -1.6 -1.6 -1.6 -1.6 -1.6 -1.6 -1.6 10.7 33.8 48.9 57.9 64.1 67.8 69.3 69.5 69.5
40.9 43.7 46.3 49.3 52.7 55.8 58.9 62 65.1 67.9 70.3 72.9 76.1 78.8 79.5 78.2 76.3 72.3 69.1 66.4 62.9 57.9 51.3 43 33.7 23.4 23.1 21.6 15.9 -1.6 -1.6 -1.6 -1.6 -1.6 4.5 15.8 14.9 -1.6 -1.6 -1.6 -1.6 -1.6 -1.6 -1.6 -1.6 -1.6 -1.6 -1.6 -1.6 -1.6 -1.6 -1.6 -1.6 -1.6 -1.6 -1.6 -1.6 -1.6 -1.6 -1.6 -1.6 -1.6 -1.6 -1.6 -1.6 -1.6 -1.6 -1.6 -1.6 -1.6 -1.6 -1.6 -1.6 -1.6 -1.6 -1.6 -1.6 -1.6 30.7 46.4 55.4 61.2 66 68.8 70.8 72
43.8 44.8 47 50.2 53.4 56.3 58.9 61.6 64.5 66.9 69.4 71.8 75.1 77.9 79 78.1 76.8 74.8 71.8 68.5 64.2 57.8 50.4 43 34.6 35.4 36.3 29.2 17.8 -1.6 -1.6 -1.6 -1.6 -1.6 8.6 11 -1.6 -1.6 -1.6 -1.6 -1.6 -1.6 -1.6 -1.6 -1.6 -1.6 -1.6 -1.6 -1.6 -1.6 -1.6 -1.6 -1.6 -1.6 -1.6 -1.6 -1.6 -1.6 -1.6 -1.6 -1.6 -1.6 -1.6 -1.6 -1.6 -1.6 -1.6 -1.6 -1.6 -1.6 -1.6 -1.6 -1.6 -1.6 -1.6 -1.6 -1.6 -1.6 28.4 44.2 52.6 58.4 63.8 69.1 72.5 74.7
43.3 44.4 46.5 49.7 52.9 55.9 58.3 60.2 62.6 65.4 68.4 70.9 73.5 76 77.2 77.5 76.9 76.3 74.2 70.5 66.1 60.6 55.6 52.3 49.6 48.8 45.2 36.9 21.6 -1.6 -1.6 -1.6 -1.6 -1.6 2.1 -1.6 -1.6 -1.6 -1.6 -1.6 -1.6 -1.6 -1.6 -1.6 -1.6 -1.6 -1.6 -1.6 -1.6 -1.6 -1.6 -1.6 -1.6 -1.6 -1.6 -1.6 -1.6 -1.6 -1.6 -1.6 -1.6 -1.6 -1.6 -1.6 -1.6 -1.6 -1.6 -1.6 -1.6 -1.6 -1.6 -1.6 -1.6 -1.6 -1.6 -1.6 -1.6 -1.6 22.5 39.2 48.2 56.8 64.2 70.1 74.2 76.4
41 42.6 44.5 48 51.7 54.8 56.9 57.8 59.7 62.3 65.7 69 71.5 73.7 74.8 75.7 76.2 76.2 75.3 73.2 70.5 67.6 64.7 63.1 60.4 58 53.8 46.4 33.3 7.7 -1.6 -1.6 -1.6 -1.6 -1.6 -1.6 -1.6 -1.6 -1.6 -1.6 -1.6 -1.6 -1.6 -1.6 -1.6 -1.6 -1.6 -1.6 -1.6 -1.6 -1.6 -1.6 -1.6 -1.6 -1.6 -1.6 -1.6 -1.6 -1.6 -1.6 -1.6 -1.6 -1.6 -1.6 -1.6 -1.6 -1.6 -1.6 -1.6 -1.6 -1.6 -1.6 -1.6 -1.6 -1.6 -1.6 -1.6 -1.6 21.6 36.6 48.7 57.7 65.5 71.2 74.8 76.4
38 40.3 42.4 46 49.9 53.3 54.7 55.4 56.9 59.4 62.7 65.9 68.9 71.2 72.5 73.3 74.1 75.4 75.5 74.7 73.9 73 72.2 71.4 68.7 65.2 61.7 55.8 46.5 25.9 -1.6 -1.6 -1.6 -1.6 -1.6 -1.6 -1.6 -1.6 -1.6 -1.6 -1.6 -1.6 -1.6 -1.6 -1.6 -1.6 -1.6 -1.6 -1.6 -1.6 -1.6 -1.6 -1.6 -1.6 -1.6 -1.6 -1.6 -1.6 -1.6 -1.6 -1.6 -1.6 -1.6 -1.6 -1.6 -1.6 -1.6 -1.6 -1.6 -1.6 -1.6 -1.6 -1.6 -1.6 -1.6 -1.6 -1.6 -1.6 28 42.7 51.9 59.4 66.6 71.5 74.1 75.2
34.8 37.7 40 44.1 48.4 51.4 52 52 53 56 59.1 62 64.9 67.4 69.2 70.3 71.5 72.8 74.7 75.3 75.3 75.4 76.1 75.9 72.7 69.8 66.8 62.7 54.2 41.8 21.9 -1.6 -1.6 -1.6 -1.6 -1.6 -1.6 -1.6 -1.6 -1.6 -1.6 -1.6 -1.6 -1.6 -1.6 -1.6 -1.6 -1.6 -1.6 -1.6 -1.6 -1.6 -1.6 -1.6 -1.6 -1.6 -1.6 -1.6 -1.6 -1.6 -1.6 -1.6 -1.6 -1.6 -1.6 -1.6 -1.6 -1.6 -1.6 -1.6 -1.6 -1.6 -1.6 -1.6 -1.6 -1.6 -1.6 -1.6 23.1 40.6 51.9 59.8 67 70.8 72.8 73.3
33 35.9 39.1 43 46.3 49 49 48.9 49.3 52 55.2 58 60.7 62.8 64.7 66.1 67.7 71 73.6 74.3 75 76.1 77.2 77.3 74.9 71.5 68 64.9 58.2 47.3 35.5 16.8 -1.6 -1.6 -1.6 -1.6 -1.6 -1.6 -1.6 -1.6 -1.6 -1.6 -1.6 -1.6 -1.6 -1.6 -1.6 -1.6 -1.6 -1.6 -1.6 -1.6 -1.6 -1.6 -1.6 -1.6 -1.6 -1.6 -1.6 -1.6 -1.6 -1.6 -1.6 -1.6 -1.6 -1.6 -1.6 -1.6 -1.6 -1.6 -1.6 -1.6 -1.6 -1.6 -1.6 -1.6 -1.6 -1.6 -1.6 32.7 51 60.1 66.4 69.5 70.5 70.5
31.8 34.2 37.7 41.4 44.2 46.5 46.2 44.3 45.7 48.2 51.1 53.5 55.8 57.7 59.4 60.9 64.1 68.2 71.4 73 74.4 76 76.9 76.9 75.6 72.4 69.2 65.5 59.1 49.9 39.4 27.8 14.7 6.3 -1.6 -1.6 -1.6 -1.6 -1.6 -1.6 -1.6 -1.6 -1.6 -1.6 -1.6 -1.6 -1.6 -1.6 -1.6 -1.6 -1.6 -1.6 -1.6 -1.6 -1.6 -1.6 -1.6 -1.6 -1.6 -1.6 -1.6 -1.6 -1.6 -1.6 -1.6 -1.6 -1.6 -1.6 -1.6 -1.6 -1.6 -1.6 -1.6 -1.6 -1.6 -1.6 -1.6 -1.6 -1.6 28.5 49.5 60.1 65.2 67.6 68.2 67.9
29.8 32.5 36 39.9 42 44 43 40.3 42.8 44.8 47.1 49.4 51.1 52.8 54.4 56.9 60.5 64.6 68.1 70.6 72.7 74.7 75.8 76.2 75.3 73 69.7 66 59.5 51.3 42.4 32.7 24.7 16.7 8 3.3 -1.6 -1.6 -1.6 -1.6 -1.6 -1.6 -1.6 -1.6 -1.6 -1.6 -1.6 -1.6 -1.6 -1.6 -1.6 -1.6 -1.6 -1.6 -1.6 -1.6 -1.6 -1.6 -1.6 -1.6 -1.6 -1.6 -1.6 -1.6 -1.6 -1.6 -1.6 -1.6 -1.6 -1.6 -1.6 -1.6 -1.6 -1.6 -1.6 -1.6 -1.6 -1.6 -1.6 26.7 49.4 59.9 63.8 64.8 64.5 63.6
26.8 29.9 34.3 38.7 40 40.8 38.3 37.4 39.6 41.8 43.8 45 46.6 48.6 51.3 53.9 56.8 60.8 64.1 67.1 69.9 72.7 73.9 74.3 73.4 71.9 70.1 66.4 60.3 52.4 43.6 35.2 27.1 20.4 9.1 4.8 5.5 6.7 -1.6 -1.6 -1.6 -1.6 -1.6 -1.6 -1.6 -1.6 -1.6 -1.6 -1.6 -1.6 -1.6 -1.6 -1.6 -1.6 -1.6 -1.6 -1.6 -1.6 -1.6 -1.6 -1.6 -1.6 -1.6 -1.6 -1.6 -1.6 -1.6 -1.6 -1.6 -1.6 -1.6 -1.6 -1.6 -1.6 -1.6 -1.6 -1.6 -1.6 -1.6 29 50.1 59.2 61.7 62.1 61 60.3
23.7 27.9 33.6 37 37.8 37.4 34 34.3 36.8 38.8 40.4 41.4 42.3 44.8 47.9 50.6 53.5 56.9 60.4 63.7 66.3 69.3 70.4 70.9 71.6 70.5 69.1 65.8 60.6 51.9 42.7 34.3 25.1 20 13.1 13.8 15 13.3 6.3 -1.6 -1.6 -1.6 -1.6 -1.6 -1.6 -1.6 -1.6 -1.6 -1.6 -1.6 -1.6 -1.6 -1.6 -1.6 -1.6 -1.6 -1.6 -1.6 -1.6 -1.6 -1.6 -1.6 -1.6 -1.6 -1.6 -1.6 -1.6 -1.6 -1.6 -1.6 -1.6 -1.6 -1.6 -1.6 -1.6 -1.6 -1.6 -1.6 -1.6 27.9 48.3 56.3 58.8 59 57.6 57.5
22 26.5 32 34.6 35.7 34 30.5 31.4 33.8 36 37.5 37.4 38.1 42 44.7 47.2 50.2 54 57.6 60.6 63.1 65.7 67.5 68.7 69.2 68.5 66.9 63.2 58.3 48.5 41 33.2 26.2 22.8 22.5 22.3 20.1 16.4 9.1 -1.6 -1.6 -1.6 -1.6 -1.6 -1.6 -1.6 -1.6 -1.6 -1.6 -1.6 -1.6 -1.6 -1.6 -1.6 -1.6 -1.6 -1.6 -1.6 -1.6 -1.6 -1.6 -1.6 -1.6 -1.6 -1.6 -1.6 -1.6 -1.6 -1.6 -1.6 -1.6 -1.6 -1.6 -1.6 -1.6 -1.6 -1.6 -1.6 -1.6 24.5 43.6 51.3 53.9 54.3 53.9 57.3
19.9 25 28.9 31.3 32.4 30.3 26.5 28.9 31.4 33.7 34.5 34.2 34.6 38.2 41.4 43.8 47 51 54.3 57.7 60.3 63.1 64.9 66.2 66.7 66.2 64.7 61.5 55.1 47.6 40.2 33.3 32.4 33.6 32.5 29.8 25 18.3 8.7 -1.6 -1.6 -1.6 -1.6 -1.6 -1.6 -1.6 -1.6 -1.6 -1.6 -1.6 -1.6 -1.6 -1.6 -1.6 -1.6 -1.6 -1.6 -1.6 -1.6 -1.6 -1.6 -1.6 -1.6 -1.6 -1.6 -1.6 -1.6 -1.6 -1.6 -1.6 -1.6 -1.6 -1.6 -1.6 -1.6 -1.6 -1.6 -1.6 -1.6 22 38.3 47.2 49.6 50 52.4 59
17.6 22.6 25.8 28.1 28.7 25.7 23 26 29.1 31.3 31.3 30.3 31.2 34.3 38 41.2 45.5 49.9 52.8 55.5 57.8 59.5 61 62.7 64 64.1 62.6 58.9 53.7 46.7 41.4 41.3 44.1 43 40.4 35.7 30 24.1 13.4 -1.6 -1.6 -1.6 -1.6 -1.6 -1.6 -1.6 -1.6 -1.6 -1.6 -1.6 -1.6 -1.6 -1.6 -1.6 -1.6 -1.6 -1.6 -1.6 -1.6 -1.6 -1.6 -1.6 -1.6 -1.6 -1.6 -1.6 -1.6 -1.6 -1.6 -1.6 -1.6 -1.6 -1.6 -1.6 -1.6 -1.6 -1.6 -1.6 -1.6 16.6 34.1 45.1 48.1 47.8 56.3 60.2
15.3 19.6 22.9 23.7 23.8 20 19.5 23.1 26.1 28.5 27.3 26.3 28.1 31 35.9 40.2 44.7 48.9 51.4 53.3 53.8 55.6 57.2 59.3 61.6 62.4 61 56.6 51.8 48.9 48.6 49.9 51.3 50.3 46.8 41.3 36 31 20 7.9 -1.6 -1.6 -1.6 -1.6 -1.6 -1.6 -1.6 -1.6 -1.6 -1.6 -1.6 -1.6 -1.6 -1.6 -1.6 -1.6 -1.6 -1.6 -1.6 -1.6 -1.6 -1.6 -1.6 -1.6 -1.6 -1.6 -1.6 -1.6 -1.6 -1.6 -1.6 -1.6 -1.6 -1.6 -1.6 -1.6 -1.6 -1.6 -1.6 13.4 30.9 41.3 40.5 51.6 58.9 61.9
12.2 15.2 16.6 18.1 17.8 15.5 16.5 20.5 23.2 25.2 24.1 22.5 25.4 30.9 35.7 39.7 44 47.5 49.4 50.4 50.6 50.5 52.9 56.1 58.7 60.3 58.3 55.6 53.5 52.8 54.1 55.9 56 54 50.6 47.1 41.5 35.4 24.3 10.7 2.9 -1.6 -1.6 -1.6 -1.6 -1.6 -1.6 -1.6 -1.6 -1.6 -1.6 -1.6 -1.6 -1.6 -1.6 -1.6 -1.6 -1.6 -1.6 -1.6 -1.6 -1.6 -1.6 -1.6 -1.6 -1.6 -1.6 -1.6 -1.6 -1.6 -1.6 -1.6 -1.6 -1.6 -1.6 -1.6 -1.6 -1.6 -1.6 11.9 26.6 29.3 37.1 55.5 61.7 63.8
9.6 10.2 10.8 12.2 12.9 12.4 14.6 17.6 19.9 20 18.9 20.7 25.3 32.3 36.3 39.9 42.9 45.9 47.2 47.5 46.3 45.7 48.1 51 54.4 56.8 57.1 55.7 55.6 55.9 57.9 59.8 59.2 56.1 53.2 49.7 44.3 37.7 26.5 12.1 4.5 -1.6 -1.6 -1.6 -1.6 -1.6 -1.6 -1.6 -1.6 -1.6 -1.6 -1.6 -1.6 -1.6 -1.6 -1.6 -1.6 -1.6 -1.6 -1.6 -1.6 -1.6 -1.6 -1.6 -1.6 -1.6 -1.6 -1.6 -1.6 -1.6 -1.6 -1.6 -1.6 -1.6 -1.6 -1.6 -1.6 -1.6 -1.6 8.3 17 39.6 49.9 58.6 63.1 64.3
9.1 8.4 8 7.4 8.6 9.6 11.9 15.3 16.9 15.5 16.6 20.5 27 32.9 36.5 39.5 41.8 44.1 44.9 44.3 42.7 41 42.9 46.4 50.6 53.8 54.6 55.5 56.1 58.8 61.1 62.1 61.2 58.2 55.4 51.6 46.1 38.8 26 13.6 5.4 -1.6 -1.6 -1.6 -1.6 -1.6 -1.6 -1.6 -1.6 -1.6 -1.6 -1.6 -1.6 -1.6 -1.6 -1.6 -1.6 -1.6 -1.6 -1.6 -1.6 -1.6 -1.6 -1.6 -1.6 -1.6 -1.6 -1.6 -1.6 -1.6 -1.6 -1.6 -1.6 -1.6 -1.6 -1.6 -1.6 -1.6 -1.6 10 27.7 44.6 54.4 60.5 63.6 63.9
9.8 8.3 7 6.5 7.3 8.5 9.5 12.6 13.5 11.7 15.8 21.5 28.6 32.6 35.8 38.1 40.2 41.5 42.2 41 38.7 36.4 37.8 40.9 45.7 49.7 51.7 54.5 57.2 60.7 63.9 64.1 63 60.3 57 52.6 47 39.8 25.5 14.6 6.6 -1.6 -1.6 -1.6 -1.6 -1.6 -1.6 -1.6 -1.6 -1.6 -1.6 -1.6 -1.6 -1.6 -1.6 -1.6 -1.6 -1.6 -1.6 -1.6 -1.6 -1.6 -1.6 -1.6 -1.6 -1.6 -1.6 -1.6 -1.6 -1.6 -1.6 -1.6 -1.6 -1.6 -1.6 -1.6 -1.6 -1.6 -1.6 15.8 33.5 45.8 55.4 61.1 63.4 63.2
15.1 11.1 8.3 7 7.6 6.7 6.9 9.1 9.6 9.3 15.6 21.5 26.8 30.3 33 35 36.5 37.5 37.7 36.9 35.4 33.1 32.4 35.3 40 45 49.2 53 56.8 60.8 63.8 64.9 63.7 61.1 57.4 52.6 47.4 40.1 26.4 15.1 5.3 -1.6 -1.6 -1.6 -1.6 -1.6 -1.6 -1.6 -1.6 -1.6 -1.6 -1.6 -1.6 -1.6 -1.6 -1.6 -1.6 -1.6 -1.6 -1.6 -1.6 -1.6 -1.6 -1.6 -1.6 -1.6 -1.6 -1.6 -1.6 -1.6 -1.6 -1.6 -1.6 -1.6 -1.6 -1.6 -1.6 -1.6 -1.6 14.4 31.6 44.3 55.3 61.3 63.2 62.8
