UK/data/sk/sk06_OST50GRID_20230518/SK06.asc
ncols 200
nrows 200
xllcorner 400000
yllcorner 360000
cellsize 50
[rows 35 to 69 of 200, columns 0 to 77 of 200]
406.4 410.6 415.7 426.2 443.7 456.3 459.6 459.2 455.9 449.3 427.3 414.4 396.8 382.1 368.8 358.8 348.5 330.7 346.1 363.3 391.6 409.4 411.3 409.2 405.9 403.8 405.2 409.5 413.1 417.8 423.1 427.2 430.2 432.4 429.5 427 423.5 420.6 418.8 417.3 416.7 416.8 417.4 415.7 413.7 418.6 421.2 425.3 429.6 440.5 449.4 457.3 462.5 473.3 476.8 474.7 474.3 472.4 471.6 468.9 464.8 460.4 456.5 450.6 442.3 436.6 422.9 423.1 418.3 414.5 409.4 403.5 399.7 396.8 397.5 396.3 393.7 397.7
400.9 403.4 407.8 414.3 421.6 436.3 451.8 454.1 444.5 421 402.4 388.4 375.6 366 355.9 347.2 337.8 332.2 350.9 368.6 398.7 413 414.6 412.8 409.5 407.9 407.4 410.2 412.5 416.7 419.9 423.8 425 425.2 423.4 421.6 419.9 418.1 415.9 414.2 413.6 413.4 412.8 414.4 418.6 422.6 426.6 433.7 435.7 436.7 440.9 446.1 452.6 459.8 465.4 468.2 468.9 469.8 469.7 469 466.2 462.9 460.1 454 446 437.3 438.1 433.1 425.9 421.3 414.4 405.3 399.9 400.5 401 400 398 400.8
394.7 396.1 398.3 401 406.9 415.4 421.6 422.7 414.9 398.9 384.4 370 361.9 354.7 346.3 335.1 327.8 343.6 355.3 375.9 402.5 416.1 417.1 415.1 412.4 410.6 410.8 410.6 412.3 414.7 418.5 420 421.2 420.9 420 419 416.9 415.1 412.6 409.6 405.9 407.1 414.4 419.4 423.9 429.9 435.8 441.7 447.7 449 445.7 445.5 447.8 452.2 458.5 462.6 464.5 465.8 468.7 469.5 467.7 467.4 463.5 455.4 447.4 445.6 445 438.5 431 423.4 411.1 407.1 406.3 405.9 404.4 402.9 401.6 402.4
388.8 388.4 390.1 391.1 392.7 394.7 396.2 395.4 391.8 380.7 371.2 361.4 350.1 344.8 334.8 321.7 326 348.7 361.3 386.7 411.6 418.8 420.2 418.5 416 413.3 412.4 412.3 412.7 413.1 415.7 417.4 418.8 418.1 417.4 415.7 412.4 407.5 405.5 404.2 409.5 414.9 420.9 425.2 431.6 436 443.9 450 456.5 459.8 458.1 452.5 452.5 453.1 457.2 462 464.7 467.3 469.6 470.5 470.8 469.8 464.6 456.8 452.2 452.5 450 441 433.6 425.7 420.1 410.2 411.5 410.8 409.4 406.7 405.3 406
383 380.2 379.8 380.5 381.2 383 382 381.6 376.9 370.8 363 350.1 345 336.4 319.6 333.4 341.4 350.4 366.8 396.1 417.9 421.9 422.7 420.2 419.1 416.4 414.3 413.6 413 412.6 411.7 412.3 412.9 413.3 411.9 411 406 402 400.4 409.3 414.1 419.2 425.6 431.3 437.1 443.9 452.4 459 464.7 467.6 463.6 459.4 458.1 460.1 461.5 463.4 466.1 468.4 470.5 472.2 473.3 471.5 464.6 460.5 458 457.4 453.9 444.6 436 434.6 420.5 416 417.2 415.4 414.4 410.5 408.4 409.6
376.6 375.3 373.7 374 373.4 374.3 372.7 371.9 368.4 362.8 354 344 333.9 329.6 319.6 335.6 343.2 356.6 377 411.2 423.8 424.9 425.2 423.6 421.8 419.5 417.2 415.2 414.2 412.1 409.4 409.4 408.5 407.8 405.5 404.6 398.6 398.2 409.3 413.5 419.3 424.2 430.7 436.7 443 450.8 460.3 466.9 472.2 474.5 468.7 465.4 463.2 465.5 466.5 467.2 469.2 472.1 474.4 474.2 475 472.3 468.9 462.6 463.2 461.3 456.8 446.4 446 441.3 421.8 422.6 423.7 422.4 418.8 415.5 412.5 411.2
363.6 368.2 366.5 365.3 366.5 367.1 366.8 365.5 361 354 348.7 334.3 324.7 320.9 325.5 336.8 346.8 363.8 382.2 414.5 426.2 427.1 426.9 426.2 424.1 421.7 419.3 417.3 415.4 412.9 410.2 407.5 405.5 403.2 403.1 398.8 394.1 407.5 412.6 417.9 424.4 430.2 436.1 443.1 450 458.7 466.8 473 477.7 476.3 474.5 469.9 470 470.3 471.9 474.3 477 480.2 481 477.8 475.7 474.1 470.8 468 466.3 464 454.5 454.9 455.2 451.1 433.6 431.2 430.6 426.2 422.7 420.3 416.7 417.3
370.5 360.2 357.3 358.3 357.2 360.5 361.5 360.5 354.5 349.1 337.7 320.4 316.3 319.8 332 340 352.4 368.3 388.7 420.1 427.6 429.5 429.3 428.4 426.5 424.6 422.6 420.5 417.7 416.2 413.6 410.5 407 405 404.8 401.9 397.7 411.8 417.8 423.3 429.5 435.5 442.2 450 457.8 465.6 472.6 478.1 481.8 481.4 478 473.2 475.1 476.2 478.8 480.8 484.7 486.8 482.4 478.6 475.2 472 470.5 468 467.1 463.9 459.1 460.6 461 458.3 438.9 438.5 435 430.5 428.4 425.5 420.9 422.1
375.7 370.6 360.4 343.3 348 351.5 353.1 355.3 350.7 341.8 328.2 313.6 320.4 326.6 334 343.5 356.9 375.4 396 422.4 428.3 431.3 431.5 430.2 428.5 426.8 424.9 421.7 420.6 418.8 417.1 414.2 411.2 410.5 408.5 400.2 406 416.6 423.2 429 434.4 441.6 449.4 457.2 465.9 472.6 478.9 482.1 487.6 485.2 480.9 478.4 479.7 482.1 485.6 487.8 491.8 492 485.1 480.5 474.7 470.8 466.3 465.3 465 462.4 462.3 462.5 460 457.1 439.9 440.7 438.9 437.1 433.7 430 426.8 427.2
381.3 375.8 366.4 354 335.9 340.4 343 343.9 342.4 334.5 322.4 314.5 322.1 328 337.2 346.2 361.2 382.4 407.1 423.3 429.3 432.2 432.4 431.7 430.1 428.3 426.4 424.4 422.4 420.4 418.2 416.5 415.2 413.1 410.2 393.2 410.6 420.6 427.4 434.6 440.2 446.8 455.8 463.9 472.6 479 483.3 488.4 490.2 487.2 483 483.1 485.2 490 491.6 493.6 497.6 497.2 488.6 480.1 473.1 467.4 463.9 460.2 460.3 459 459.3 460.8 458.1 446.5 444 446.1 443.8 443 438.9 435.1 431.7 432.3
385.2 380.2 371.8 357.4 344.9 336.2 330.6 334.4 333.7 325.7 316.2 316 323.8 330.1 338.8 349.6 364.3 387.5 417.4 425.7 431.3 432 433.2 432.8 431.4 429.3 427.2 425.7 423.8 421.4 419.3 417.2 414.7 411.1 398.9 391.7 417.3 425.1 432.4 438.6 446 452.3 460.9 470 477.5 484.7 489.8 493.1 489.4 489 487 489.4 492.6 496.4 497.6 501.7 505.2 499.1 485.5 475.7 468.1 464 461.9 457.4 455.9 456.4 458.4 461.3 458.3 450.1 452.7 451.1 449.2 447.8 444.6 439.9 436.8 438
388.4 383.5 377.3 367.8 354.3 342.9 336.4 324 325 318.7 312.1 311 323.8 331.9 340.7 351 368.4 389.4 416.5 426.8 432.6 433.7 433.6 433.3 431.7 429.9 427.6 425.7 423.6 421.4 419.1 416.9 412.8 396.9 388.2 411.6 422.5 429.9 436.6 442.8 450.1 457.8 465.7 474.1 481.7 488.9 491.9 486.8 485.8 486.5 491 494.2 497.6 501.7 504.2 507.9 508.6 491.3 478.4 470.8 465.3 462.1 457.3 450.8 452.6 454.1 456.1 458.2 456.7 453 453.5 454.2 453.7 451.6 448.3 444.7 441.1 442.1
393 386.9 380.8 374.9 362.1 347 336.4 329.1 314.5 315.1 306.3 307.7 323.4 332.4 341.6 354.1 367.2 382 408.3 424.8 430.5 431.7 432.9 433 431.8 429.6 426.8 425.3 423.1 420.8 417 414.2 404.2 379.1 402 417.4 425.4 433.2 440.7 447.6 454.8 461.4 469.2 477.3 485.3 486.7 481.5 481 481 486.9 492.9 497.4 502.1 506.2 510.2 510.6 494.4 483 476.8 470.1 463.5 458.6 453.8 450.5 447.8 451.3 453 456.4 455.4 454.1 456.2 457.2 456.8 454.7 452.1 448.6 445 446.1
396 391.4 386.2 379.6 371.6 351.9 336.9 330.6 320.4 310.2 304.4 306.2 323.6 333.2 342.9 354.8 366.3 378.4 398.2 419 427.5 430.5 432.4 431.9 430.3 428.7 426.1 423.6 422.4 419.5 417.2 412 391.8 372.7 402 417.3 426.6 434.5 442.9 450.7 458.1 464.7 472.3 479.9 478.8 474.8 475.5 472.8 480.5 488.4 494.4 500.8 504.4 510.6 511.8 495.4 487 481.9 478.7 470.8 461.4 455.9 452.1 448.3 443.2 446.7 448 454.5 458.4 458.6 459.8 460.6 458.7 456.6 454.9 452.1 448.9 449.2
397.6 394.3 389.8 384.7 376.9 353.9 338.6 326.3 317.7 307.7 303.1 300.9 323.7 335.1 343.3 354.7 362.9 373.9 388.6 411.5 424.7 429.2 430.8 430 428.6 426.8 424.2 421.6 420.7 418.6 413.9 403.5 384.2 368.8 392 416.1 426.2 435 443.6 453.2 460 467.2 473.6 469 466.9 467.9 465.4 473.8 481.5 489.8 497.6 502.4 507.4 508.5 495.7 487.1 483.9 483.3 483.7 470 459.6 453.7 451.1 447.4 441.3 443.2 447.6 453.6 456.8 458.7 459.8 461.5 459.2 456 455.5 453.4 452 451.4
400.7 397 393.3 387.8 377.2 350.7 336.5 325.6 316.8 303.1 302.3 313.6 324.1 334.9 343.6 351.7 358.8 369 380.7 401 418.7 425.2 426.7 426.3 426.3 424.5 422.9 421.7 419.9 417.9 414.3 400 378 366.1 389.3 412.3 425.4 434 442.8 451.9 459.7 465.5 458.2 458.1 460.4 462.4 465.1 474.4 483.8 490.9 500.2 504.3 508.8 498.5 485.8 481.7 481 481.1 477.1 467 456.4 452.8 449.4 443.3 440.3 440.6 444.6 449.1 452.3 454.8 455 459.5 458 455.1 454.5 452.3 450.3 448.4
403.1 399.5 395.6 389.6 365.7 347.6 334.1 325.1 317.5 297 306.1 319.5 329.3 338 344.6 350.8 357 364 373.9 385.1 399.1 413.7 419.8 420.1 421.5 421.7 420.4 419.1 418.1 415.4 409.8 389.3 373.9 362.8 387.3 410.1 423.1 432.2 439.9 450.1 455.6 449.5 448.9 452 452.9 454.6 466.2 476.4 485.2 493.9 501.3 505.9 507.4 488.7 479.9 477.5 473.6 468.5 465.7 457.4 453.4 449 445.8 446 443.4 437.8 440.2 444.2 446.8 451.3 458.1 460.7 458.8 452.1 450.1 449.2 446.8 442.9
404.4 401.1 397.3 390.1 361.4 344.7 332.5 325.8 316.2 296.3 306.3 323.4 333.9 339 345.2 348.7 356.5 360.9 368.7 375.9 382.4 388.8 397 402.6 408.6 409.7 410.2 408 406.9 402.9 388.6 378.6 367.9 358.7 388.7 405.5 416.5 428.3 438.6 440.4 439.4 439.5 443 444.9 444.7 458.3 469.5 478.1 488 495.7 500.8 504.1 493.5 480.9 475.2 471.1 467.1 463.7 460.2 457.1 454.5 453 451.4 449.9 445.4 436 439.9 447.9 454.6 459 461.7 462.3 459.1 453.9 445.2 443.1 441.2 435.3
405.3 402.3 398 385.2 358.4 342.9 330.9 325 314.3 295.9 315.3 327.4 332.1 340.2 346.1 349.4 353.4 360 364.8 369.1 372.7 375.8 377.2 378.6 381.4 386.3 387.4 387.7 386.4 379.1 374.6 367.9 357.2 370.4 393.7 414.1 418.8 424.7 427.5 427.5 428.6 431.9 433.1 435.6 449.7 460.1 469 479.3 489.1 494.1 495.5 489.2 478.3 474.2 470.9 466.4 462.9 460.8 459 457.3 455.7 454.4 450.7 447.4 439.2 435.6 448.6 456.6 461.1 464.4 465 463.5 459.3 453.5 445.7 439.5 433 426.3
404.5 401.9 397.9 381.4 353.5 342.2 330.4 325.3 313.3 293.9 315.7 328.8 332.3 337.1 345.6 353 356 359.6 361.9 362.8 364.1 366 367.1 367.7 367.1 368 367.1 369 368 365.3 362.6 359.1 348.3 372.2 393.9 417.6 424.2 420.3 415.1 416.3 419.4 419.7 435.9 445.9 455.3 463.5 472.1 480.7 487.2 489.3 479.6 473.5 469.8 468.5 467.1 461.1 459.3 458.1 458 457.7 455.8 452.5 449.6 447 434.5 442 454.3 461.6 465.7 467.8 466 461.6 458 452.8 446.2 440.6 434.4 426.9
400.9 397.6 392.9 370.3 350.3 339.6 330.1 323.7 310.9 292.7 317 328.8 331.7 336.5 341.2 351.5 356.6 358.1 358.9 359.2 359.2 360.4 359.5 359.9 357.5 357.8 356.4 356.2 356.5 355.2 354.3 349.9 352.2 375 394.2 406.7 408.7 405.4 404.9 405.7 406.6 426.2 437.3 449.2 458.6 465.5 472.6 479.2 480.5 473.9 467.4 465 464.5 463.4 457.5 455 454.9 455.7 455.2 454.2 451.9 450.3 448.3 440.6 427.7 443.6 455.2 463.4 468 467.7 462.6 455.1 448.5 445.5 441.5 434.5 428.8 423.7
386.1 381.1 376.1 358.9 343.5 337.7 327.4 322.1 308.9 291.1 317.4 327.8 330.6 334.6 342.1 347.4 354 353.9 353.9 352.3 353.3 354.3 355.1 353.8 352.4 351.4 348.5 347.7 347.6 347.4 346.2 338.9 360 374.8 387.4 393.1 395.9 398.7 396.9 393.9 406.8 420.7 433.7 443.8 454.6 464.9 472.9 478.1 470.9 464.6 461.4 460.2 457.9 455.4 452.3 451.9 451.3 453.4 451.7 449.4 450.5 447.4 434.1 424.7 437.5 444.9 454.8 463 465.8 461.8 452.6 440.8 432.3 427 423.3 417.4 409.7 407.8
371.7 361.3 356.1 346.1 341.7 333.8 325 320 305.6 291.5 316.5 325 328.6 334.1 340.6 346 348.4 349.3 349.7 347.5 345.7 346.5 348.3 345.7 344.1 340.7 340.3 341 340.6 340.7 341.4 343.4 360.5 370.7 378.9 384.7 391 386.1 384.2 399.7 412.2 422.7 432.9 440.7 452 461.3 469.1 470.3 463.7 458 456.5 454.8 452.8 450.8 449.3 448.3 447.4 451.9 449.2 446.9 446.9 432.6 424.1 436.8 445.3 451.8 457 456.7 453.5 442.7 429.6 417.4 409.5 403.2 398.7 393.8 386.2 383.5
365.4 356.2 351 347.1 341.4 331.3 321.5 317.8 301.4 288.7 314.1 322.7 325.6 332.2 343 345.2 346.9 346.1 345 342 341.1 340.9 342.2 335.8 331.5 325.6 323.6 329.8 327 333.1 337.5 343.7 358.8 366.7 374.4 379.1 378.7 383.2 394.9 407.8 417.7 428.6 436.9 447.3 458.8 465.8 470.5 462.2 454.9 452.4 450.5 447.6 446 445.3 445.1 444.8 448.6 450.4 445.6 441.9 436.9 419.6 434.7 444.1 450.6 452.9 450.3 437.8 428.3 416.5 412.1 406.1 397.8 390.9 385.5 378.5 374.6 371.7
358.9 349 343.6 341.8 335.9 327.2 317.7 314.4 304.6 296.7 311.7 319.6 322.5 330.4 342.5 345.4 342.5 341.3 339.5 337.6 335.2 336.3 335.6 319 321.7 331.7 338.3 341.8 349.4 356.2 353.4 345.8 354.9 363.2 362.3 367.5 378.8 389.8 401.2 410.9 422.3 434.2 444.3 456 461.6 466.6 460.5 452.3 447.8 445.8 444 441.9 441.1 441.7 441.2 444.3 446.1 444.4 442.2 440.2 422.9 427.4 440.2 447.6 449.6 445.8 432.5 422.8 410.8 404.1 399.6 391.5 385 381.5 377.5 379.1 377.2 382.5
350.7 345.1 338.5 335.7 328.6 317.2 311.3 306.2 291.2 296 312.6 317.5 321.2 327.5 340.3 343.5 341.1 335.6 331.4 330.4 327.1 327.1 313.4 324.4 329.8 339.4 347 354.7 360.6 365.3 367.9 369.8 356.3 352.3 363.5 370.6 380.4 390.1 403.2 412 425.8 439.2 451.1 457.9 463 463.1 450.8 443.8 441.6 441 439.5 435.5 438.2 437.6 438.8 440.1 439.5 438.2 443.5 442.5 416.5 427.7 440.2 444.9 441.7 431.1 423.1 414.7 401.4 392.2 386.4 381.1 382.7 382.5 387.3 388.1 387.4 388.2
345.5 340.7 335.1 326.1 320.5 313.2 303 289.6 286 305.7 312.1 316.2 321.6 327.8 336.6 340.8 342 335.7 325.7 320.9 317.6 313.9 318.2 327.2 335.1 348.7 357.4 364 370.3 376.4 380.7 382.1 378.6 379.2 379.3 381.3 385.3 394.9 406 416 429.2 442.2 450.9 458 461.8 452.3 441.6 437.4 436.4 435.7 435.1 431.4 434.5 434.1 434.3 433.7 433.7 441.3 443.6 439.1 416.3 413.2 422.3 434.6 429.7 419.2 412.9 404.7 388.9 384.9 388.6 388.9 389.9 391.2 391.3 392.4 393.1 393.8
338.7 335.7 331.8 323.9 315 308.7 291.3 289.3 303.6 307.8 312.3 317.8 324.6 326.3 329.7 333.9 335.3 326.5 319.2 309.6 308.9 312.6 326.5 336.5 347.3 356.7 368.5 376.4 384.6 393.1 398.2 400.1 395.6 393.4 393.1 390.8 388.2 400.9 409.1 419.1 431.5 441.5 451.3 458.4 458.9 443.5 436 433.3 432.1 430.9 430.7 430.9 431.7 430.7 429.9 427.8 435.5 439.4 439.2 437.7 425.7 421.2 405.5 417 414.8 409.4 401.7 391.4 388.8 394 395.2 394.6 393.6 394.1 396.8 397.8 397.6 396.2
338.7 333.1 316.7 319.1 309.9 304.1 282 291.7 303.7 309.5 315.8 321.6 322.7 320.3 321.2 324 323.1 313.7 305.3 311.7 318.2 325.9 335.7 343.8 352.7 363.8 377.6 393.5 396.9 398.8 401.4 404.3 403.3 401.6 403.3 401.4 401.3 406.1 413.9 423.6 432.9 442.9 454.7 456.5 448.3 437.3 431.4 429.5 428.1 427.1 427.4 428.7 428.6 427.6 423.1 427.9 433.6 434.4 436.1 436.8 437.7 436.9 417.9 402.8 396.8 392.3 391 388.7 397.7 398.3 400.3 399.3 400.2 400.8 403 401.7 401.6 399
337.5 330.6 315.8 295.1 297.5 292.3 279.6 295.1 305.8 313.5 318.9 318.6 317.4 314.7 313.6 311 305.5 301.4 302.4 320.7 327.4 334.7 341.7 348.2 357.8 368 387.8 394.1 397.4 398.9 401.4 405 406.2 406.3 409.3 407.9 406.8 410 418.9 428 435.5 445.8 455.1 452.8 440.4 430.6 426.4 424.3 423.4 423.9 424.1 425.7 424.6 423 419 426.8 429.5 430.8 431.5 437.4 441 441.9 434.4 418.5 410.5 403.4 399.1 396.8 401 402.3 406.6 407.4 408 408.7 408 405.2 404.8 401.3
335.1 326.6 309.5 293.8 281.1 278.1 285.3 303.3 310.3 316.7 316.1 314.2 312.2 310 301.6 297.7 299.2 306.9 315.1 322.7 332.1 340.3 344.4 349.4 358.3 373.7 388.3 394.5 398 399.5 401.4 404.4 407.2 407.9 411.4 411.7 410.9 414.7 422.5 431.2 439.7 449.5 455 446.5 431.4 424.5 421.6 420.6 420.1 420.8 420.6 420.3 418 417.4 420.6 423.9 425.4 426.9 432.3 439.2 443.1 444.9 438.1 426.9 416.4 407.9 400.3 401 403.7 408.6 411.7 412.3 413.3 412 407.9 405.2 405.6 403.3
332 319.4 295.9 275.5 276.8 290.4 302.6 306.8 314 314.2 312.2 309.1 306.3 298.7 294.9 297.6 305.5 310.2 317 329.2 336.8 340.4 343.9 349.2 358.5 378.2 388.1 394.6 397.2 398.6 400 402.8 406.1 407.1 410.2 410.7 411 415.3 423.9 433 444.1 453.3 451.1 432.2 423.5 419 415.9 416 416.6 417.3 415.3 415.4 413.9 415.8 418 420.3 422 427.6 432.3 441.2 447.1 446.3 440.1 430.8 420.3 408.1 403.6 404.3 407.5 410.5 415.1 416 411.7 407.6 403.8 401.9 401.3 402.7
327.8 304.7 281.7 273.1 288.9 300.7 305.1 308.3 311.3 310.9 308.4 304.1 299 291.9 299.3 302.3 305.8 311.4 322.6 338 338.9 341.2 343.9 348.5 358.7 378.5 389 393.3 396.1 397.7 398.6 400.9 403.6 405.1 407.2 407.6 409.2 415.9 425.2 435.7 446.7 453.3 437.3 426.2 417.5 414.2 411 409 411.2 411.1 409.4 412.6 411.4 413.1 415 417.5 423 428 437.6 445.4 449.4 446.7 437.7 429.9 419.6 409.3 411.4 409.9 411.7 416 417.3 413.8 409.2 404.9 401.9 400.4 397 396.8
309.2 292.8 281.4 274.7 298.9 303.5 305.6 306.5 307.4 307.2 303.5 296.7 291.4 295.1 299.9 303.9 307.1 316.9 333.3 341.2 340 341 343.1 347.3 356.3 375.6 385.6 390.8 393.5 395.1 395.9 397.1 400.1 402.9 404.2 405.3 407.1 415.7 423.8 434.7 447.4 444.6 425.7 420.5 412 409.5 407.2 403 404.7 405 407.5 409.8 409.1 407.9 414 419.7 424.1 433.8 443.2 449.2 449.7 446.9 437.4 428.5 417.9 412.5 416.8 415.1 416.9 420 417.8 411.4 408.5 406.3 404 400.4 397.6 394.6
304.2 291.8 277.6 287.3 299.2 303.3 304.5 304.5 302.5 300.4 295.5 287.4 288.9 296.9 300.9 305.1 311.6 326.7 340.4 340.2 339.5 340.1 342.3 345.7 351.9 369.8 380.7 386.2 389.1 390.7 392.1 393.6 397.5 399.6 400.5 401.8 406.5 413.9 421.5 434.4 443 429.3 419.4 411.4 406.9 404 402.3 399.1 398 398.5 403.6 404.3 402.6 411.5 416.2 422.4 429.9 439.2 447.5 450.9 451.1 446 436.3 426.6 419.2 420.2 420.4 420.2 422 422.1 416.1 412.4 408.9 407.9 405.1 401.3 397.6 395.4
