WholeMapElevations/data/ns/ns71_OST50GRID_20230518/NS71.asc
ncols 200
nrows 200
xllcorner 270000
yllcorner 610000
cellsize 50
[rows 35 to 69 of 200, columns 0 to 77 of 200]
392.9 394.5 395.8 395.9 396.4 395.8 394.8 394.2 393.6 393.1 392.1 391.1 392.1 394.4 396.8 401.6 407.8 415.8 420.5 425.8 433.1 438.2 444.9 450.4 454.2 456.1 456.2 454.8 448.5 436.7 430.1 425.4 418.6 411.9 398.3 382.1 374.3 371.1 363.7 363 360.4 358 361.3 366.9 372.9 373.8 372.1 371.7 369.2 366.4 362.1 359.5 355.7 352.6 351.9 352.8 356.9 361.4 364.3 366.1 367.6 369.7 371.6 371.9 369.3 366.7 368.7 376.2 384.4 389.9 396.6 403.4 411.1 413.8 417.3 419.2 420 420.2
389.8 392.1 393.7 394.8 395.2 395.6 395.1 394.5 394 393.1 392.1 390.8 391.8 393.2 395.3 398.4 403.2 411 417.2 423.9 432.2 440.2 445.5 449.3 451.8 454 453.8 451.7 445.5 436.4 431.6 427.3 421.9 413.9 395.6 381.4 379.7 375.6 365.4 363.3 361.7 359.1 362.5 368.8 376.7 381.5 380.9 380.8 377.8 374.8 369.7 366.3 362.3 358.9 352.6 354.1 356 360.1 364.4 368.3 371.4 373.2 375.2 377 374.5 370.8 371.7 386.2 394 399.1 405.5 411.7 417.7 422.7 426.9 428.9 429.5 428.4
387.3 389.6 392.5 393.5 394.2 394.5 394.3 393.6 392.8 392 390.8 390.5 392 393 393.8 396.2 400.5 404.6 409.4 418.3 428.9 436.3 441.3 445.8 447.7 449.9 448 444.8 442.1 437.9 433.5 430.7 425.1 415.3 401.2 386.2 380.5 374.6 367.6 364.1 362.7 359.9 365.8 370.6 379.1 386.7 388 387 387 383.9 378.2 372.4 366.6 359.8 353.8 356.3 360.1 364.7 365 371.7 374.2 376.6 380.3 383.7 386.3 383 377.4 393.2 400.8 408.8 417.4 423.2 428.1 431.1 435.5 438.4 441.3 440
386.6 388.5 390.9 392.2 392.7 393.2 393 392.2 391.6 390.7 389.7 390.1 391 391.9 393.1 394.4 397.5 400.5 403.9 408.3 418.5 429.1 435.6 438.3 440.4 438.8 438.9 436.6 438.7 438.5 439.9 437.2 430 421.6 409.1 397.5 391.9 383.7 367.3 363 361.6 361.5 368.4 374 383.7 391 392.3 392 390.8 387.4 381.7 374.2 368.7 358.2 354.5 358 364.4 367.7 371.6 375.8 379.7 383.1 385.5 388.7 391.8 394 391.7 394.1 406.2 414.4 422.8 430.7 435.8 441.9 447.1 448.4 449.5 447
382.3 384.7 386.3 388.2 389.1 389.5 390.2 390.5 390.4 388.9 385.7 388.2 388.9 390.3 391.6 392.8 394.8 396.3 397.7 401.2 406.5 415.3 422.6 425.7 423.1 423.5 425.4 426.3 429.8 433.3 436.6 438.4 433.2 425.1 419.6 411.8 400.5 387.7 370.5 362.5 361.4 365 370.6 377.7 387.4 395 397.1 396.4 395 389.9 383.7 376.6 366.7 358.3 360.8 364.1 367 371.7 376.2 381.2 385.2 390.4 394.5 397.9 400.8 402.9 403.6 396.1 408.4 418.8 427.7 435.2 442.6 448 451.3 452.3 450.7 446.9
376.4 377.9 379.5 380.9 382.4 384.7 386.5 388.1 388 387.2 384.5 387.4 388.6 389.7 390.9 392.1 392.7 393.5 393.3 394.7 395.5 398.2 401.9 404.5 409.7 413.8 415.7 414.2 418.8 425.1 428.5 428.7 424.7 419.8 417.7 414.9 405.7 390.5 374.2 363.1 362.7 367.8 374 381.4 389.1 392.7 393.6 394.5 393 388.6 382.9 375.8 366.5 357.2 370.3 368.8 369.4 374.5 380.1 385.7 390 395.9 400.1 404.7 408.8 409.5 407.9 403.3 408.5 419.4 427.7 437.1 444.7 450 453 452 448 442.7
376 376.7 376.1 376.5 377 377.9 380.6 383.1 384.3 383.7 383.8 386 388.4 389 391.2 392.1 392.2 392.1 390.9 390.2 388.8 388.4 387.9 390.6 394.9 399.9 402.2 402.2 403.5 409.5 411.9 413.1 411.3 410.4 409.3 405.8 396.3 385.4 372.8 362.9 363.9 370.2 376 379.3 385 388 389.3 389.7 387.6 385.6 381.3 373.7 368.4 360.5 369.8 372.9 375.3 378 383.5 389 394.4 399.6 404.7 409.2 413 415.2 415.4 410.7 408.7 417.4 426.5 436.3 443 449 451.2 448.8 442.5 437.3
377.8 378.4 378.6 379.2 380 381.7 383.9 385 385.2 385.8 387.6 388.7 390.4 390.9 392.3 393.3 392.8 391.6 390.1 387.8 385.5 384.6 383.7 382.9 382.8 385.6 387.7 390.3 391.4 394.2 395 396.7 399 400.3 398.8 394.4 390.5 380 369.5 362.6 365.9 369.9 373.8 375.7 377.5 379.6 379.7 381.8 382.9 381.7 381.3 376.8 367.8 359.7 372.4 375.8 379.1 381 387 393.7 399.1 405.4 410.2 414.6 418.5 420.8 422.1 416.2 409 418.1 425.9 432.3 440.1 444.7 444.9 442.8 437 430.6
379.1 380.3 381 382.9 382.6 382.6 385.3 387 388.2 390.1 392.9 394.8 395.3 395.9 395.9 394.7 394.9 392.5 390.7 388.9 386.9 384.6 382.1 381.1 380.8 381.6 383.4 384.5 384.5 383.3 382.7 383.4 384.8 385.8 384.9 380.9 383.3 372.9 365.1 362.8 363.9 366.8 370 371.1 371.6 373.2 372.9 373.6 374.8 373.6 370.7 366.4 360.4 367.3 374.9 378.1 381.5 384.8 391.7 398.8 405.8 412.1 417.1 421.5 425.4 428.3 426.8 420.9 413.5 418.3 424.9 429.8 435.3 438.9 438.8 436 430.9 425.2
378.7 381 383.6 386.1 387.6 387.1 386.4 387.9 389.5 392.4 395.2 398.1 399.9 401.1 402.7 402.8 400.7 397.8 393.5 390.4 388.6 384.9 383.2 381.4 380 379.2 380.7 380.7 377.9 375 374.2 373.6 373 372.9 372.4 373.6 374.6 367.2 364.5 364 364.3 365.1 366.3 367.3 368.5 368.8 368.7 366.9 366.2 363.5 366.2 368.1 371 374.2 378 382 385.2 393.6 400.8 407.2 413.1 418.9 424.4 429.5 433.3 434.2 430.9 424 416.4 420.5 424.5 428.5 432.1 434.5 433.5 430.5 427.9 424.3
379.4 383.2 386.5 389.6 391.3 392.1 391.1 390.9 390.7 393.8 396.3 399 401.2 403.3 406.2 408.1 408.4 407.5 400.8 395.2 390.9 387.9 384.9 382.7 380.7 376.7 376.5 373 371.3 370.7 370.9 369.6 369.3 370.1 368.2 368.4 367.7 367.1 367 365.4 363.4 364.5 365.7 366.6 367.2 367.5 367 369.1 370 372.9 373.9 375.1 376.9 379.6 384 387.1 395.6 403.8 411.4 416.7 421.6 427.2 432.9 438 440.4 438.8 432.8 425.8 421.7 425 426.9 429.3 431 432.8 432.4 430.5 427.7 424.2
381.4 386.4 390.8 393.9 396.9 398.6 399.5 399.7 398.8 398.5 400.1 401.8 403.7 406.1 408.7 410.9 411.7 410.1 408.2 401.8 396.2 391 387.7 385.1 382.8 379.4 373.9 369.6 369.1 368.5 367.8 367 366.7 367.3 367.2 367.3 367.5 367.7 367.2 365.2 364.3 365.3 366.7 366.7 367.6 368.1 370.6 373.5 375.3 376.6 378.1 379.3 381.8 387.1 392.4 399.4 408.1 415.6 421.7 427.4 433 437.8 440.2 441.8 442.6 440.4 431.9 425.1 425.5 428 430.5 432.1 433 433.3 433.2 431.1 428.6 425.6
384.6 390.5 395.6 399.8 402.8 404.9 406.4 407.6 408 406.8 405.4 404.4 406.1 409.8 413.9 415 416.4 415.2 412.9 409.7 404.6 397.6 393.3 387.9 384.4 383.4 379.4 372 368.1 367.2 366.7 366.5 366.9 366.7 367.2 366.1 365.2 365.4 366.1 365.8 365.5 367.8 367.7 368.8 369.8 371.1 374.7 375.9 378.8 381 383.4 386.8 391.8 398.4 405.4 413.9 420.9 427.2 432.7 438.5 444 446.5 446.5 446.2 444.4 439.9 430.2 429.1 429.7 431.5 434.3 435.5 436.1 436.6 436.3 434.9 433.1 430.1
392.5 397.5 402.4 406.8 409.5 412.1 414 415.7 417.8 415.6 410.2 407.1 409.3 411.7 415 416.3 417.9 415.9 411.9 407.5 402.4 397.3 392.3 386.9 380.1 374.1 368.9 368.3 367.4 367 367.7 368.8 371.9 372.6 373.3 373 372.8 371.8 372.1 371.3 370.3 369.9 370.8 372.4 374.1 376.3 379.5 380.9 385.1 389.4 393.8 399.8 405.9 412.8 420 428 434.3 439.2 444.1 447.8 450.1 450 448.9 447.4 444.7 438.1 434.7 434.1 434.7 436.3 438.2 439.3 439.4 439.2 438.5 437.9 436.1 433.7
400.3 404.2 410.3 413.7 417.6 418.5 422 422.9 423.8 422.6 418 411.5 409.6 411.8 414.7 416.8 417.6 417.7 414.1 406.5 399.2 396.1 390.8 385.8 378.3 369.3 367.6 367.2 367.8 368.8 369.9 373 377.4 378.9 381 381.4 381.6 381.1 381.1 379.3 377.9 374.3 373.8 374.6 376.9 381.8 384.1 387.4 391.6 398.8 405.5 411 418.1 425.5 432.8 439.5 444.6 449.2 451.1 451.8 451.7 450.2 449 447.3 444.4 439.1 438.5 438.6 438.6 439.8 440.7 441 440.6 439.8 438.7 438.3 436.9 434.7
408.5 411.8 415.2 419.7 423.7 426.8 428.8 431.1 432.2 432.7 427 418.4 412 412 413.5 415.2 416.3 416.7 413.8 405.8 396.7 393 390.6 386.3 380.8 372.7 368.6 368.3 370.7 372.1 376.6 379.6 385.2 388.2 388.9 388.9 388.1 387.9 387.4 384.6 380 376.4 375.7 377.2 381.7 385.1 389.7 395.1 401.5 408.2 415.6 422.5 429.8 436.2 444.5 448.2 451.6 453.4 453.2 452.8 451.8 450.7 449.4 448.1 445.9 444.9 442.2 442.3 442 441.9 441.8 441.6 440.7 439.6 438.4 437 435.8 432.8
419.7 422 422.9 423.6 427.5 430.8 434.1 436.8 436.7 435.6 433.9 426.8 416.5 411.7 411.7 411.5 412.6 410.6 404.3 398.9 392.5 389.7 387.4 384.6 380.4 374.9 370 369 371 374.3 377.9 384.8 390 395.1 399.5 400.8 399.3 394.2 389.4 382.9 379.6 377.4 377.4 379.4 387.4 392.2 399 405.6 412 419.3 427.1 433.5 440 446.3 450.5 453.9 454.7 454.4 453.4 452.1 451.4 450.9 449.9 449.7 448.7 447.6 446.5 445.3 443.6 443.1 442.6 441.2 439.3 437.7 436.3 435 433.4 430.1
428.1 429.2 428.7 428.5 429.4 432.4 435.3 436.4 437.2 438.5 437 430.3 419.8 410.6 408.4 408.1 405.9 400.5 396 392.2 390.8 388.3 387.3 385.7 382.6 374.9 369.8 368.3 370.2 372.1 376.7 383.2 388.7 395.6 401 404.1 403.4 397.7 389.9 386.1 381.6 380.9 384.4 391 397.5 402.5 409.9 416.8 423.5 430.1 436 442.2 446.2 448.5 452.2 456.1 455.9 454.4 453.5 451.9 451 450.9 450.9 450.8 450 449.1 447.8 446.4 445 443.6 442 439.2 435.6 433.6 431.7 429.7 428.4 425.6
433.5 431.7 430.9 429.2 428.3 429.5 431.4 434 435.4 435.4 433.8 428.1 416.7 408.8 403.3 401.6 398.9 394.3 392.5 390.8 389.5 388.6 388.3 388.4 387.4 382.4 371.2 367.4 368.3 370.8 374 379 384.8 391.3 396.9 400.8 401.5 396.7 394.7 392.4 391.5 393.4 397.6 403.1 409 414.9 420.3 425.8 431.7 438.1 443.5 446 448.1 449.6 452.4 454.6 454.7 453.5 451.5 449.3 449.8 450.2 450.4 450.6 450.2 449.4 447.8 446.4 444.6 442.8 440 436.8 433.2 429.9 426.9 421.9 418.1 414.4
437.6 431.9 429.5 429 427.7 426.3 429.4 429.9 430.9 430.6 430.5 424.2 413.9 405.5 400.2 396.8 393.5 390.6 389.9 389.3 386.9 385.9 385 386.6 385.5 381.4 371.9 365.9 365.7 368.8 371.7 376.8 382.3 387.4 394.4 398.7 400.1 400.5 400.3 402.3 407.2 410.6 413.3 417.6 420.7 424.9 428.1 433.3 438.3 442.2 446.1 448.1 449.3 450.7 450.6 450.7 449.8 447.9 446.5 447.3 448 448.9 449.2 449.7 449.4 448.3 446.9 444.7 442.4 440.1 437.6 434.2 429.7 425.4 422.7 425.9 424.2 422.3
437.5 430.1 427.8 427.1 425.8 421.6 421.7 425.2 425.1 422.9 419.3 417.4 411.8 406 400.1 394.7 388.4 387.4 385.5 385 382 379.9 376.9 377.6 377.8 374.2 366.2 364.3 364.3 366.8 370.8 374.3 381.3 388.9 396 399.4 401.6 404.3 408.1 412.3 416.8 421.5 426 429.2 429.7 431.3 434.7 438.8 442 444.9 447.3 448.4 449 448.1 446.4 445.4 444.6 443.5 444.5 445.2 445.6 447.5 448.5 448.7 447.8 446.3 444.3 441.9 439.2 436.5 434.1 426.8 429.1 430.3 432.5 432.1 432.2 429.2
432.4 426.7 420.7 419.4 416.2 413.9 408.4 414.8 417.7 416.7 414.8 410 405.5 402.3 396.6 393.3 384.7 376.2 375.6 375.1 372.8 369.4 368.3 369.7 369.5 366.9 362.7 363.3 363.8 366 369.3 373.9 381.8 388.6 395.8 401.3 405.9 411.2 415.1 419.8 424.4 429.1 431.8 432.5 434.4 437.4 440.1 441.9 444 446.3 448.1 448.1 446.3 443.6 442.3 441.5 440.1 439.8 442.4 443.9 446 447 447 446.1 444.5 441.7 439.6 437.7 431.5 431 432.3 432.9 434.2 435.6 437.6 438.9 440 440.3
420.8 420.2 413.7 408.3 399.6 397.4 400.5 405.1 407.9 409.7 405.5 401 396.2 388.7 380.9 377.8 373.1 366.6 364 360.7 359.7 360.1 360.5 361.4 361.3 361 361.3 362.9 364.1 365.4 370.6 376.2 382.2 388.7 396.5 403.6 410.2 416 419.8 423.3 426.4 429.5 432.9 435.6 438.5 442.5 444.1 445.1 446.3 447.3 447 444.3 440.4 438.4 437.6 437 435.3 438.3 439.6 442.7 445 446.3 445.7 444.5 441.4 438.9 437.4 434.2 436.6 435.5 436.6 436.9 437.9 439.3 442.8 444.9 447.8 448.8
407.5 405.7 401.9 394.4 388.5 388 391.4 396.5 397.8 397.6 394.7 387.4 376.6 373.3 368.3 363.9 358.5 355.5 353.7 354.3 355.7 356.2 357.3 358.4 359.1 359.5 361.3 362.8 364.9 368.6 373.8 379.3 385.4 392.3 399.4 404.3 411 416.4 420.8 424.6 427.1 430.7 435.2 439.2 442.8 445.7 448.6 449.8 447.1 444.4 440.3 437.1 434.9 432.8 431.6 430.7 436 438.8 441.9 443.7 445.5 446.2 445.8 444.4 442.8 441.2 439.1 436.3 436.9 438 438.3 439.5 440.9 443.1 446.3 449.8 453.4 457.6
392.4 392.8 390.8 385.1 379 377.5 380 384.7 385.3 380.3 374.7 367.9 367.4 363.8 358 352.3 350.8 353.7 356.9 357.8 358.8 360.5 359.4 359.6 360.1 359.8 360.8 362.7 366.1 371.4 377.9 381.1 386.9 393.9 402.5 407.7 412.6 416.6 421 424.9 427.9 431.6 436 441.1 445.5 448.9 449.1 445.6 442.4 436.7 432.2 430.5 428.3 424.6 424.6 432 436.7 440.1 442.8 444.9 446.4 446.9 446.9 445.9 443.7 441.7 439.6 436.3 437.2 438.3 440 441.7 443.5 447.2 451.1 455.1 458.9 464.3
379.2 380.5 378.7 374.2 369.9 361.9 366.9 367.2 366.3 363.5 358.4 360.1 358.7 351.9 348.5 348.9 353 357.3 359.1 356.4 359.6 361.3 360.7 361.1 361.9 360.6 361.3 363.3 366.1 370.2 377 383.3 388.1 395.6 403 410 415.8 420.3 423.7 427.3 430.3 432.3 434.9 439.3 445.2 445.4 441.4 436.2 433.2 430.1 428.4 426.4 423.4 420.3 430.1 431.5 437.2 440.7 443.5 445.8 447.6 448.3 448.4 447.2 444.3 441.7 439.1 437.7 438.8 440.4 442.4 444.8 448.8 453.4 456.9 461.8 466.5 471.5
368.5 367.3 362.9 353.8 349.4 346.6 348.1 348 346.8 345.7 350.9 351.2 346.8 348 348.9 351.1 356.2 359.5 361.6 361.7 361.3 358.8 362 362.4 362.6 362.6 362.3 364.8 368.5 372.7 378.3 384.6 391.4 398.5 405.5 411.9 417.4 422.6 427 429.7 432.6 433.9 435 435.5 436.6 436.6 434.4 430.2 426 422.8 422 417.9 416.6 426.8 431.9 435.2 438.6 442.3 445.3 447.9 449.1 449.5 449.7 448 444.2 441.5 439.5 439.7 440.8 442.5 445.1 448.7 453.1 458.7 464.1 470.1 474.8 479.4
350.2 345.5 343.6 340.4 339.7 340 339.7 339 338.4 342.1 343.3 349 349.9 350.5 351 355.8 360 365.9 368.8 369.2 368.7 365.9 361 363.5 364.5 364.6 364.3 366.1 370.2 376.2 381.7 387.9 395.7 403 409.7 415.6 421.3 426 430.8 432.9 434.6 434.9 433 429.4 428.3 427.9 426.6 422.7 418.2 414.3 411.3 413 420.7 427.9 433.3 437.4 441.3 445 447.8 449.8 451 451.7 451.2 449.2 445.5 441.6 443.1 445 444.1 447.3 450.8 454.5 457.8 462.8 468.4 473.3 479.6 486.5
335 334.7 334 334.7 336 337 336.4 338.7 344.8 347.8 351.9 354.7 358.7 361.8 365.1 366 365.7 368.2 370.9 373 372.8 370.3 364.1 364.4 366 366.9 368.6 370.7 372.8 377.7 384.8 393.3 401.5 408.9 414.6 420.5 426.3 432.7 434.6 437.4 436.1 433.3 429 423 423.4 423.9 421.1 413.4 406.3 401.2 406.2 418.3 425.5 430.9 436.6 441.6 445.1 448.4 451.1 452.3 453.6 453.4 452.2 450.6 447 446.7 449 450.4 451.3 454.5 457.5 460.6 464.6 470.1 473.3 476.3 480.3 485.5
336.3 340.4 340.6 339.1 339.5 342 344.9 344 353.2 356.4 360.6 364.3 369.2 373 376 376.4 373.8 373.9 373.5 373.6 371.8 368.1 366 370.2 371.6 372.7 372.6 376.4 379.1 384.1 390.7 397.7 405.4 412.7 419.4 425.4 430.5 434.8 434.9 434.9 428.4 422 418.6 415.8 416.9 414.8 406.2 395.7 380.6 398.1 410.4 416.9 428.7 435.1 440.5 445.8 450.7 453.8 456.3 457.1 457.2 456.5 453.8 452.3 451.5 451.1 453.4 456.2 458.5 460.2 462.6 465.7 470.2 475.2 479.2 482.4 484.2 484.7
342.9 346.5 349.3 349.5 351.8 353.8 356.3 359.2 363.7 368.7 372.4 378 384.3 385.9 385.1 381.7 377.2 376.5 378.3 378.7 377.5 375.3 372.4 374.4 378 379.9 379.4 382.5 387.1 392.1 396.9 402.8 408.7 415.4 422.4 427.7 431.7 431.6 431.6 428.6 418.8 413.4 411.4 407 400 394.9 387.2 371.7 395.8 407 414 423 432 439.3 446.8 452 454.6 459.7 462.2 464.4 463.9 459.2 456.8 455.8 455.5 455.9 458.7 462.4 464.3 466.4 470.2 473 476.8 478.4 479.1 480.1 481.8 484.5
351.5 356.2 359 362.3 366.8 369.3 371.4 374.4 376.6 382.1 386.7 391.5 396.7 398.5 394.6 386.4 381 378.7 378.5 376.9 373.1 371.1 375.7 379.7 383.3 384.8 385.9 387.2 393 398 402 405.8 410.3 415.5 422.5 427.5 428.5 425.5 424.4 415 405.3 400 393.8 386.4 375.5 373.5 366.7 383.8 398.4 411.2 420.9 428.1 437.7 446.1 453.2 458.7 462.9 463.9 465.8 469 467.7 461.5 461 462.7 463.6 461.6 465.7 468.1 470.2 473.6 476.9 480 480.3 479.1 478.4 479.9 482 485.1
359.5 365.6 370.8 376.2 382.5 385.7 387.4 388.6 388.7 388.5 392.2 396.4 398.6 398.8 394.9 390.5 384.5 379.9 377.8 376.3 375.9 378.3 379.6 382.7 386.5 390.3 391.9 393.2 395.5 400.6 406.2 409.3 409.1 413.4 418.5 423.5 423.3 415.6 404.8 394.4 386 377.3 371.1 364.6 355.7 361.8 379.1 391.3 403.6 417.9 428 436.2 446.7 454.8 460 463.8 467 468.2 469.6 469.6 470.1 468.1 466.7 469.5 468.8 469.3 471.9 474.5 477.4 480.6 483.7 484.6 480.3 478.1 477.4 478.7 481.9 483.2
371.4 381.2 387 391.8 397.6 399.9 400 401.4 400.6 399.3 400.1 401.4 400.5 399.5 397.3 392.1 385.5 381.5 381.9 382.1 379 380.6 384.4 388.4 389 391.8 396.2 398.1 399.5 401.8 409.3 410.3 407.2 409.6 409.8 415.8 410 399.7 383.5 372.5 363.4 355.5 348.9 351.7 364.1 375.4 385.6 389.5 411 424.7 434.5 444.6 455.1 463.1 467.4 468.5 470.5 471.9 472.7 473.4 472.6 473.9 473.4 474 474.4 476.1 478.9 480.8 481.6 484.2 487.1 484.7 478.8 476.7 474.3 476.1 476.4 476.3
383.3 392 402.6 409.6 413.7 416.9 414.7 413.3 411.8 411.3 408.5 409.1 406.8 403.2 396 389.4 385.2 385 384.9 382.9 381.2 382.2 387 391.3 395.9 397.6 400.6 403.9 404.4 404.1 405.5 407.1 403.6 401.9 400.4 402.8 397 376.9 363 350 342.2 340.7 353.6 363.3 370.5 381.1 392.5 405.3 414.1 429.3 440.9 451.8 460.4 466.8 470.1 471.1 473.1 474.9 475.6 476.5 477.4 478.3 479.6 479.3 480.9 483.6 485.4 487.2 488 486.9 485.2 480.9 476.9 473.7 470.8 469.2 468.5 468.7
