UK/data/nh/nh74_OST50GRID_20230518/NH74.asc
ncols 200
nrows 200
xllcorner 270000
yllcorner 840000
cellsize 50
[rows 70 to 104 of 200, columns 0 to 79 of 200]
2.4 2.5 2.5 2.5 2.5 2.7 11.2 14.1 14.7 14.8 13.6 10.5 11.5 13.3 14.5 16.5 17.7 19.6 20.2 20.5 20.8 21.5 22.4 22.9 23.3 23.4 23.2 23.3 23.7 24.3 24.2 24.2 24.3 24.7 25.2 26.2 27.9 28.6 29.2 29.9 30.5 31.1 31.9 32.8 34.8 35.5 38.2 40.2 42.9 43.6 43.5 46 50 50.8 53.4 55 58.6 61 63.1 66.1 70 70.9 72.3 74.9 75.2 77.5 80.8 83.7 86.6 88.6 90.8 93.1 95.8 98.1 103.7 101.3 104.4 106.9 108.5 110.1
3 3.6 3.6 4.4 9.1 14.4 14.5 13.4 14.6 13.4 11.6 11.4 14.4 15.3 15.6 16.4 18.5 21.3 21.3 20.7 21.4 22.8 23.2 23.3 23.8 23.9 24.1 24.2 24.3 24.5 24.8 25.3 24.3 23.7 23.6 28.7 29.3 30 30.7 31.3 31.9 32.7 33.6 34.5 37.1 38.5 41.7 43.3 43.7 44.6 47.5 49.8 50.1 52.5 55.9 59.2 61.8 63.1 65.2 68.1 71.7 72.6 76.5 78.2 77.9 80.6 83 85.5 88.2 90.4 92.4 101.2 98.8 100.7 102.7 104.6 106.5 108.5 110.4 112.7
3.2 5.6 5.5 11.2 12.6 13.8 12.8 12.7 13.5 13.3 11.5 13.1 14.9 15.3 16.4 18.6 19.1 21.1 20.1 20 19.8 22.6 23.2 23.5 23.4 23.8 24.4 24.6 23.8 23.9 24.6 25.3 25.1 28.6 28.6 29.5 30.3 31.1 31.9 32.7 33.5 34.3 35.1 36.7 39.5 40.2 42.4 43.3 44 46.5 48.5 51.5 52.3 55.3 60.4 61.1 63.5 68 68.9 68.8 73.9 78.9 80.5 80.8 81.7 86.1 88 87.8 89.4 99.5 99.8 99 101.4 104.5 106.5 108.3 110.7 112.6 114.6 117.1
7.4 8.9 12.9 13.5 13.4 13.1 13.1 13.2 13.9 14.9 11.4 13.5 14.8 16.5 18.8 21 20.8 21.5 22.8 22.8 22.3 21.3 22.5 23.1 23.4 23.7 24.1 24.5 24.7 24.6 25.1 26.2 27.7 28.7 28.9 29.7 30.4 31.1 32 33.5 35.1 36.2 36.6 39.3 40.8 42.6 42.5 44.4 46.9 49.3 52 52.1 55.6 58.3 61.8 63.1 65.7 70.2 70.5 73.8 74.7 80.5 84.4 83.4 87 91.1 93.5 97.8 95.7 98 100.5 101.8 104.8 108.2 110.3 111.9 114.4 116.8 119.1 121.2
10.4 8.2 14.9 15.3 14.5 13.5 13.1 14.7 14.1 15.2 14 14.9 15.7 18.4 21 22.6 21.9 22.2 23.6 23.3 23.2 22 23.9 23.7 23.8 24 25 25.3 25.2 25.3 26.9 26.7 28 29.9 30.2 30 30.8 31.7 33 34.5 36.1 37.6 40.3 40.5 42 44.4 44.2 45.1 49 50.4 52.1 55.5 54.4 63.3 64.4 65.9 70 73 70.3 79.5 75 85.7 88 90.9 92.8 95.4 94 96.6 99.8 101.3 103.6 104.6 108.2 111.7 114.2 115.6 117.7 120.6 122.5 124.1
15.1 13.2 13.6 14.1 15.3 15.7 15.4 14.4 15.7 15.3 14 15.7 18 20.7 22 23.2 24 23.2 24 23.8 23.6 24 24.6 25.2 25.7 24.9 26.4 26.9 26.4 27.2 28.1 28.5 30 31.4 32.2 31.2 31.8 32.9 34.5 36.6 37.2 39.4 41.7 41.3 42.9 45.1 46.8 47.7 48.8 52.7 55 57 60.1 57.6 67 72.8 74.7 75 71.4 79.3 79.9 89.2 92.8 94.9 95.7 97 98.1 99.2 102.3 104.5 106.8 106.9 110.7 115.3 118.1 118.5 120.6 124 125.5 125.9
15 14.9 15 15.6 15.6 15.4 15.1 15.4 15.5 13.7 12.4 14.7 21.3 21.4 22.9 23.3 24.4 24 24.5 24.7 24.5 25 26.1 26.9 27.2 26.2 27.2 28.1 28.7 28.7 29.5 30.1 31.8 31.7 32 32.6 33.2 34.3 36.6 38.8 40.5 43.4 43.8 42.9 44.8 47.2 48.2 49.6 50.2 53.3 56.8 61.1 62.3 61 72.5 75.5 77.2 76.5 72.9 86.4 84.7 93.3 94.8 96.6 98.3 99.7 101.1 102.6 104.9 107.4 109.9 109.7 111 118.2 120 122.5 124.9 127 127.1 127.9
15.3 15.8 15.9 16 16.1 15.6 16.4 16.1 15 17.2 18.6 20.1 21.9 23.2 23.8 24 24.5 23.4 24.5 25.1 25.7 26.8 27.7 28.7 28.1 27.7 27.8 28.6 29.4 30.5 31 30.6 31.6 33.1 34.3 34.5 34.8 37.4 40.4 40.3 41.9 43.1 44.1 45.1 46.2 47.3 51 51.9 52.3 53.6 60.8 62.3 61.9 63.5 73.9 77.5 77.7 77.7 81.9 92.3 93.9 96 98.2 100.1 101.8 103.2 104.5 105.9 107.9 110.4 111.3 110.2 116.4 120.9 124.2 126.2 128.4 129.5 128.9 129
16.6 16.5 16.8 17.6 18 17.9 18.7 15.4 13.5 17.6 20.8 22.6 23.2 23.4 24 24.3 24.4 24.1 24.8 25.1 25.7 26.9 28.2 29.4 29.9 29.3 29.3 29.4 29.9 31.2 31.5 31.9 33.8 35.4 36.3 36.9 37.8 39.6 40.7 41.4 42.6 43.9 45 46.1 45.6 48.1 53.5 52.4 53.1 60 62.2 63.2 64.1 72.7 75.7 77.3 78.6 89.6 92 94.4 97.2 99.3 101.4 103.6 105.3 106.7 108 109.3 111.1 113.5 112.8 116.7 123.1 126.1 128.7 130.2 130.9 130.7 130.7 130.5
18 17.9 18 19 19.5 18.7 15.9 19.9 19.7 18.1 22.6 24 24.7 23.6 24.1 24.3 24.2 25 26.2 26 26 26.8 28.1 29.2 29.9 30.7 30.9 31 31.6 31.8 31.7 33.4 35.6 36.6 38 38.9 39.8 41.2 41.7 43.1 43.5 44.6 45.9 47.1 49.1 50 53.1 54.5 57.6 62.1 64.2 64.7 70.6 74.1 77.7 86.3 89.2 92.5 94.7 97.4 100.1 102.5 104.7 106.8 108.9 110.2 111.4 112.7 114.6 116.1 116.3 122.2 128.5 129.7 131.2 131.9 132.6 132.3 132.1 131.3
19.6 20 19.7 19.5 17.1 16.4 20.5 22.1 23.2 19 23.3 24.3 24.8 26 25.7 25.4 24.6 25.6 27 27.5 27.5 27.4 29.3 29.3 30 31.1 32 31.9 31.8 32.5 34.8 37.2 38.2 38.4 38.8 39.7 40.6 42.5 43.2 43.4 44.7 47.5 48.7 50.1 50.9 51.7 54.1 58 61.2 64.4 67.9 71.8 77.1 82.8 83.7 86.6 90.3 94.6 97.4 100.1 102.4 104.4 106.8 109.2 111.8 113.6 114.8 116.1 119.6 122.2 123.7 129.7 131.3 132.1 132.9 133.6 134 133.3 132.6 131.1
22.7 20 18.7 20.4 19.7 21.2 21.5 22.2 23.5 22.9 19.9 24.2 26.1 26.5 27.4 26.7 26.2 26.2 26.4 27.8 27.8 29.1 30.3 30.4 30.8 31.9 32.9 33.8 34.3 34.9 36.1 37.3 37.9 38.7 39.9 40.2 41.5 42.6 44.1 46 48 49.4 51.7 53.4 52.9 56.3 59.9 64.4 67.6 71.1 76.2 81.2 82.8 85.1 88.7 91.3 94 96.6 100 102.5 104.5 106.6 108.7 111.3 114.2 117 118.2 119.4 123.1 127.3 131.1 132.9 134.2 135.8 135.4 134.1 133.8 132.8 131.5 130.9
20.8 19.4 21.7 22 22 22.4 23 23.6 24.4 24.4 22.1 24.1 26.3 27 26.2 26.3 27.1 27.2 26.8 28.3 29.1 30.9 30.7 33.2 32.5 33.6 34.5 35.4 36 36.7 37.7 38.8 39.1 39.9 40.6 41.9 42.9 45.4 46 48.1 50.4 51.1 52.5 54.4 58.1 61.9 65.4 69.8 74 78.9 83.6 84.7 88.1 91.5 93.2 95.8 98.4 101 103.3 105.1 107.2 109.3 111.3 113.6 116.5 119.4 121.6 122.8 126.7 130.8 134.2 135.6 136.7 137.1 135.9 134.7 133.9 132.4 131 130.1
21.9 21 23.2 23.3 23.5 23.9 24.6 25.3 25.7 24 21.5 22.9 24.3 25.1 25.7 26 26.8 27.9 29.5 28.5 29.3 30.7 32.3 34.7 34.9 35 36 35.5 36.4 38.4 38.4 39.5 40.5 40.7 41 43 45.6 45.6 46.8 50.5 52.5 54.1 56.5 59.7 64.2 67.8 71.4 77.2 82.9 83.2 85.6 89.3 93.2 96.9 97.3 99.9 102.5 105.1 106.2 108 110.1 112.1 114 116 118.7 121.7 124.6 126.2 130.3 134.4 137.1 137.9 137.8 136.7 135.7 134.7 133.1 131.6 130.2 129.6
22.9 22.9 24 24.4 24.7 25.3 26.1 26 25.9 25 22.2 25.3 25.4 25.7 26.5 26.8 27.2 29.6 31.6 32.7 31.8 31.9 33.8 34.3 35.5 35.5 36.3 35.9 36.9 39 39.3 40.1 41.1 41.3 42.8 44.7 45.7 48.4 49.7 53.2 55.1 57.9 61.9 65.1 69.1 74.1 78.7 82.8 84.4 87.1 89.6 92.7 96.5 100.3 102.6 104.1 106.7 108 109.1 110.9 113 114.9 116.7 118.7 120.7 123.8 126.8 129.7 133.8 136.7 137.9 138.4 137.5 136.3 135.1 133.2 131.5 130.6 130.2 129.8
24.6 22.1 23.4 25 25.4 26 26.4 26.7 26.7 25.9 23.4 26.6 26.9 27.2 27.4 28.9 30.5 32.1 31.9 33.1 32.3 32.4 33.5 34.7 34.8 34.8 36.8 36.8 38.7 39.6 40.8 41.5 43.8 44.8 45.8 46.7 46.8 50 53.2 56.8 59.7 61.6 67.1 70.2 73.6 79.3 82.7 86 88.1 90.9 93.5 96.4 99.8 103.7 106.1 108.3 109.8 110.9 112 113.8 115.7 117.6 119.4 121.4 123.4 125.8 128.5 130 134.7 137.3 137.4 137.5 136.4 135.5 133.4 131.5 130.9 130.6 130.2 129.9
25.7 25.3 24.6 24.3 26 26.3 26.7 27.1 27.4 27.4 25.6 26.9 29.5 28.9 28.8 30.3 31.9 33 34.2 34.2 33.6 33.3 33.6 34.7 36 35.6 38.1 39.1 39.7 41 42.4 43.9 45.5 47.1 47.6 48.1 50.4 53.7 57.5 61.2 64.2 65.7 70.2 75.3 78 81.3 85.8 89.2 91.9 94.7 97.4 100.1 103.5 107 109.5 110.9 112.3 113.7 114.9 116.6 118.5 120.3 122.1 124.1 126.5 129.6 129.8 131.2 133.9 136.2 136.4 136.6 135.5 134.1 132.4 131.4 130.8 130.4 130 129.8
26 25.6 25.2 25.5 26.1 26.3 26.7 27.4 28 28.3 27.7 26.8 28.4 29.9 29.9 31.4 33 33.9 34.2 34.8 34.1 34.7 34.6 35.7 36.3 38.2 39.4 40.3 41.3 42 44.3 45.4 46.8 49.1 50.7 52.4 54.8 58.1 61.7 65.5 68.7 70 72.1 75.8 80.3 84.7 89.1 92.7 95.6 98.4 101.2 103.8 107.2 109.9 111.7 113.1 114.6 116 117.4 118.6 120.5 122.3 124.1 126.2 130.1 130.6 131.4 133.4 134.3 135.8 136 136.1 135.1 134.1 132.1 131.8 131.2 131.8 133 133
26.2 26.2 26.1 26.2 27.3 27.7 28.2 28.9 29.5 29.5 28.6 27.6 29 31.2 31.5 32.8 33.9 34 33.9 34.4 35 35.9 35.8 37.5 37.6 40.6 40.2 40.7 44.3 43 46.6 48.5 50 52.1 54.1 56.5 59.1 62.8 66.4 70.1 72.1 73.1 74.2 80.9 84.6 88.5 93 95.9 98.8 101.7 104.6 107.4 109.6 111.8 114 115.4 116.8 118.2 119.5 120.6 121.9 123.7 125 129 131.1 130.8 133.4 133.5 134.3 136.6 136.1 135.8 134 133.7 132.2 132.5 132.3 132.3 133.5 134.4
27.8 29.2 30.2 28.6 29.7 29.7 30.2 30.7 31.1 31.2 29.2 29.6 30.8 31.8 31.8 33.7 34.1 34.6 35 35.4 36.6 37.6 37.3 39.7 39.9 41.6 41.3 43.9 43.7 47.5 48.7 50.3 50.8 53.9 57.3 60.4 63.8 67.5 70.9 72.1 73.3 75 80.8 86.7 89.4 92.4 96.6 99.1 102 104.9 107.3 109.1 111.4 113.7 115.9 117.7 119.1 120.5 121.7 122.8 123.9 125 126.7 129.2 131.3 132.7 133.4 135.5 135.6 135.3 135.5 135.4 135.9 136.1 135.7 134.1 133.3 133.3 133.8 134.7
30 29.8 30.4 30 31.4 31.7 32.1 32.5 32.1 31.2 31.2 30.9 32.4 32.7 32.5 33.9 35.2 35.8 36.4 36.5 38.1 39.8 39.6 40.2 42.3 43.4 43.9 44.1 44.2 49.1 50.3 50.7 52.7 58.7 60.7 63.9 67.5 71.1 73 73.3 75.3 80.2 86 89.5 93.1 96.8 99.8 102.3 105.2 107.1 109 110.8 113.1 115.4 117.8 120 121.4 122.7 123.8 124.9 126.4 127.9 128.9 130.5 132.4 134.5 134.9 135.5 136.9 136.3 136.1 138 137.4 137.1 136.6 135.7 135.5 134.7 136 136.2
30.8 30.5 31.2 31.9 32.3 32.8 33.2 32.7 31.8 30.6 32.2 31.9 32.7 33 33.3 34 36 36.6 37.6 39.5 40.7 41.6 41.9 43 44.4 45.7 46.5 44.2 44.6 51.2 52.4 53.9 55 58.6 65.5 67.3 70.6 74.2 72.4 75.8 80.2 85.2 88.7 92.2 95.8 99.3 102.7 105.2 107 108.8 110.6 112.5 114.9 117.2 119.5 121.8 123.6 124.8 126.3 127.8 129.3 130.8 132.3 133.7 135.2 136.4 136.4 137.2 137.9 136.8 137.4 138.9 138.1 137.7 137.2 137 137.4 137.5 137.6 137.5
32.1 32.5 32.6 32.5 32.6 33.2 33.7 32.8 32.6 31.9 32.3 32.6 32.9 33.3 33.7 34.4 36 38 40.3 41 43.3 43 44.7 46.2 45.7 49.1 48.7 48.9 49.7 53 55.7 55.4 56.9 64.9 65.1 69.4 70.2 72.6 76.8 80.1 84.6 88.1 91.6 95.2 98.7 102.3 105 107.7 109.1 110.5 112.3 114.3 116.6 118.9 121.3 123.8 125.8 127.2 128.6 130 131.4 132.8 134.5 135.4 136.8 137.3 139.1 138.3 138.7 138.2 139.2 139.7 139 138.3 137.8 138.2 138.5 138.6 138.5 138.9
32.4 33.1 33.1 32.5 32.7 33.3 33 33.1 32.5 33.6 32.5 33.6 33.7 34.1 34.7 35.9 39 41.6 42 41.3 45 44.8 46.3 47 47.6 49.3 49.8 51.6 53.2 57 59.5 61.7 59.7 62.6 67.9 69.9 75 78.1 82.7 84.5 88.8 91.3 94.8 98.4 102.4 105 107.4 109.9 111.8 113.1 114.5 116.2 118.8 121.3 123.9 126 127.9 129.2 130.6 132 133.4 134.8 136.1 137.3 138.9 138.6 139 139.6 140.6 139.9 141.2 140.6 140 139.2 138.7 138.8 139 139.1 139.5 140.3
32.5 33.6 33.7 32.6 32.8 33 33.2 33.4 33.5 34 34.5 34.8 34.6 35.3 36.5 38.2 41.3 42 43.5 43.4 46.8 46.6 48.7 48.2 48.9 49.2 51.6 54.4 56.3 59.1 62.5 62.3 60.8 66.1 73.4 79.2 81.1 84.2 87.2 87.2 92.2 94.5 98.1 102.5 105.1 107.5 109.9 112.3 114.5 115.8 117.4 119.3 121.6 123.9 126.1 128 129.9 131.2 132.6 134 135.4 136.8 137.7 138.6 139.9 141.2 140 140.2 140.9 141.9 141.9 141.4 140.4 139.4 139.9 139.9 139.9 140 140.9 141.6
33.3 34 33.3 34.1 33.2 33.4 33.7 34 34.4 34.8 35.3 35.1 35.9 38.1 40 41.1 42 43.1 44.4 44.2 47.8 48.7 49.9 50 50.9 52.9 56.6 58.5 61 62.8 64.1 65.6 66.2 77 80.2 83.2 85.1 87.5 91.8 95.8 92.5 97.7 102.6 105.2 107.6 109.9 112.3 114.7 117.1 118.7 120.3 122.2 124.5 126.3 127.8 128.9 131.1 132.8 134.2 135.6 137 137.9 138.8 139.8 139.7 141.3 141.4 141.6 141.8 140.9 142 141.6 140.6 140.5 141.1 141.1 141.3 141.6 142 142.5
34 34.1 33.8 33.6 33.9 34.2 34.8 34.8 34.7 35.6 34.9 35.5 37.5 40.3 41.6 42.5 42.8 45.6 46.6 46.6 49.7 51.3 52.1 52.1 54.8 57.9 60.9 62.1 64.2 65.9 65.1 73.6 70.7 77.1 83.3 88.3 88 91.2 94.4 97.9 97.5 101.9 104.8 107.5 110 112.4 114.8 117.2 119.6 121.5 123.2 125.1 126.9 128.5 130 130.9 132.3 134.1 135.8 137.2 138 138.9 139.8 140.6 141.3 142.2 143.2 143.2 142.6 142.3 141.6 140.4 140.7 142.1 142.8 143 142.7 142.8 143.5 143.7
34.4 34.4 34.3 34.2 34.6 35.3 36.2 36.4 35.8 36 36.2 36.9 40.2 42.8 43.1 43.9 45.4 46.4 46.7 48.4 50.8 51.9 54.8 55.6 58 61 63 64.7 63.7 72.3 75.8 76.2 79.1 76.3 86.6 89.8 88.5 93.9 97.3 102.8 101.9 104.6 107.1 108.9 111.7 114.4 117.3 119.7 122.2 124.1 125.9 127.3 128.8 130.4 132 133 133.8 135.6 137.4 138.4 139.2 140 140.7 141.5 142.2 143.4 143.4 143.5 143.1 143.6 144 143.8 144.3 144.6 144.7 144.4 144.1 144.1 144.7 145.5
34.6 34.7 34.7 34.9 35.3 36.2 36.9 36.7 37.9 37.8 37.7 38.6 43.3 45.2 45.7 48.1 48.3 47.5 47.2 51.9 53.1 53.9 55.7 59.5 61.1 59.9 65.7 69.7 74.1 74.9 80.1 81.6 82.6 86.4 90.4 88.1 95.6 100 104.1 104.2 108.7 108.7 110.4 110.6 113.4 116.6 119.5 122.2 124.8 126.5 127.8 128.9 130.3 131.8 133.9 134.8 136 137.8 139 139.9 140.8 141.5 142.5 143.4 144 144.2 144.3 144.5 145 145 145.1 144.9 145 145.5 145.7 145.9 145.6 145.3 145.9 146.8
34.7 34.4 35.3 35.8 36.4 37 37.7 38.3 39.2 38.7 39.9 42.3 44.8 45.9 49.6 50.4 50.5 51.3 53.8 52.7 54.5 57.4 57.4 64.5 67.1 69.9 70.5 71.6 75.8 78.8 83.5 84.4 88.5 91 94 96.6 99.4 100.1 105.1 107.3 109.1 112.1 114.7 115.8 117.6 119.1 121.7 124.4 126.4 128.2 129.7 130.8 131.7 133.6 135.5 136.4 138.2 139.5 140.5 141.5 142.3 143 143.9 145.1 145.9 146 146 146.2 145.9 145.9 146.2 146 146.1 146.3 146.6 147.2 147 146.7 147.1 148
36.8 37.2 37 37.4 37.8 38.7 39.4 40 40.6 40.9 43 43 45.1 47.7 51 51.9 50 49.5 53.5 53.9 58.8 62.4 63.7 65.9 72.2 71.9 74.6 76.6 79.4 82.9 85.1 88.7 89.3 94.9 96.6 97.2 101 105.7 107.1 110.5 113.7 115.8 117.4 119.6 120.7 121.8 124.4 126.1 127.7 129.4 131.1 132.7 133.1 136.1 137.1 137.7 139.8 141 142 143 143.8 144.6 145.3 146.5 146.9 147.1 147.2 146.8 146.6 147 147.2 147.1 147.2 147.2 147.5 148.2 148.3 148.1 148.4 149.4
36.6 37 37.6 39 41.4 42.6 43.4 44.3 44.7 46 47.4 48.5 49.1 49.3 51.1 53.4 54.5 54.9 55.2 58.5 62.4 63.6 67 68.9 71.6 73.4 76.6 81.1 82.9 84.8 89.2 90.7 95.5 97.9 99 102.8 104.4 107.5 110.9 113 116.6 117.8 119.7 122.3 122.5 124.6 126.3 127.8 129.3 131 132.7 134.3 135.7 136.6 137.8 138.9 140.1 142 143.6 144.6 145.3 146.1 146.8 147.5 147.8 148.1 148.3 147.5 147.7 148 148.3 148.2 148.3 148.3 148.4 149 149.9 149.4 149.8 150.7
38.2 37.9 38.9 40 40.4 42 42.2 43.6 44.1 45.3 46.3 50.6 51.4 51 53.9 53.9 55.9 56.2 59.7 61.9 64.5 66.5 69.6 75.1 70.6 80.2 80.4 84.7 87.6 88.7 91 95.9 95.4 98.9 102 104.5 109.1 110.3 113.8 115.6 117.8 120.2 121.4 124.1 124.7 127.5 128.5 129.5 130.9 132.5 134.2 135.9 137.1 138.4 139.4 140.4 141.5 142.9 144.6 146 146.6 147.2 147.8 148.7 149 149.2 149.3 148.2 148.7 149 149.3 149.4 149.4 149.4 149.4 150.2 151.3 151.6 151.6 152.5
39 39.4 40.7 40.2 42.4 43 44.6 45.3 45.6 47.8 51.8 53 53.7 55.5 57.4 56 58.2 61.1 63.4 64.9 67.6 69.6 74.4 75.8 76.7 81.7 84.7 87.2 89 90.9 94.8 97.5 100.3 101.6 103.9 107.9 109.9 113.5 116.1 119.8 119.7 122.4 123.8 126.3 127.2 128.3 130.4 131.2 132.6 134.1 135.8 137.4 138.5 140.2 141.5 142.1 143.2 145 146 147 147.3 147.7 148.5 149.9 150.5 150.6 149.4 149 149.8 150.1 150.4 150.4 150.4 150.3 150.4 151.8 152.2 152.7 154.1 154.4
40.8 41.4 42.2 42.2 44.3 46.9 47.6 47.5 48.1 51.9 53.2 55.1 56.2 57 59.1 61.4 62.1 65.2 66.4 67.3 70.4 76.2 75.8 80 81.9 84 86.7 89.6 91.4 94.7 98.2 100.1 102.3 106.6 108.5 110.9 111.6 114.7 118.6 120.2 121.9 123.7 126.2 127.9 127.9 130.4 132.1 133 134.4 135.8 137.4 138.8 139.9 141.9 143.2 144 144.9 145.9 146.9 148 149.1 149.8 150 150 151.3 150.9 149.6 149.8 150.5 151.2 150.4 151.6 152.2 152.6 152.9 153.2 153.3 154.4 154.8 155.5
