WholeMapElevations/data/sn/sn13_OST50GRID_20230518/SN13.asc
ncols 200
nrows 200
xllcorner 210000
yllcorner 230000
cellsize 50
[rows 0 to 34 of 200, columns 0 to 77 of 200]
122.9 124.8 126 127.1 127.1 127.6 127.9 128.2 127.7 125.8 124.2 121.9 119.1 112.3 118.2 122.6 126.1 129 131.9 134.6 137.3 140 143.3 146.6 149.1 151.4 153 152.4 151 148.8 146.6 143.6 139.5 134.8 129.8 125.5 121.9 110.9 85.7 65.6 59.6 71 90.2 102.2 114.2 122.1 128.1 132.6 135 136.5 138 138.6 139.2 138.7 138.9 140.2 141.9 143.6 145.1 145.9 147.2 148.5 149.9 151.6 153.1 155 157.5 160.4 162.3 164.3 166.3 168.2 170 171.5 173.1 174.5 176.2 178.2
124.4 124.8 125.2 126.4 126.8 126.9 127.4 127.2 126.4 125.4 124 122.2 109.4 102.5 116.1 122.1 125.7 128.9 131.4 134 136.7 139.4 142.8 146.6 149.8 151.6 153.4 153.5 152.2 150.9 148.8 146 142.2 137 132.8 128.1 124.7 115.5 87.3 68.3 59.4 67 82.4 92.7 104.4 118.4 126.8 131.7 135 136.3 137.2 137.8 138 137.7 138.5 140 141.7 143.3 144.9 146.4 147.2 148 148.9 150.3 151.6 153.4 155.7 158.3 160.8 162.7 164.6 166.4 167.9 168.9 170.1 171.3 173.5 175.6
124.7 125.3 125.8 126.2 126.3 126.6 127.1 126.4 125 123 122.3 121.5 106.4 106.3 121.7 124.8 127.6 129.7 131.8 134.2 136.6 139.2 142.7 146.5 149.7 151.8 153.5 154.1 153.2 152.3 150.2 147.5 143.4 138.3 133.1 129.6 125.1 120.3 97.2 74.1 61.7 56.6 68.5 78.7 93.9 114.3 126.6 131 133.5 135.3 136 136.4 136.6 136.8 137.8 139.5 140.6 141.9 143.3 144.9 145.6 146.1 146.9 148.4 149.7 151.6 153.5 155.3 157.8 160 162.3 164.2 165.4 166.2 167.2 168.2 171 173.1
125.6 125.9 126.2 125.7 124.9 125.4 125.2 124.1 123 119.7 111.3 99.9 93.7 114.9 122.7 125.6 127.6 130 132.3 134.6 136.8 138.9 142.6 146.3 149.6 151.8 153.5 154.1 153.5 152.5 150.3 147.5 143.3 138.3 132.8 128.5 124.9 121.3 109.8 88.1 69 59 56.9 69 84.3 108.7 124.6 128.6 130.8 132.5 132.9 134.5 134.9 135.2 136.3 137.7 138.3 139.6 141.1 142.5 143.3 144.1 144.6 145.8 147 148.8 150.1 151.6 154.5 155.8 158.5 161.2 162.5 163.6 164.1 166.2 167.8 169.8
126.6 127.2 126.3 125.3 124.4 122.2 122.8 121.3 120.7 117.2 96.6 93 112.2 118.4 123.5 126 128.1 130.4 132.6 134.6 136.6 138.9 141.9 145.5 149.1 151.7 152.5 153 152.4 151.2 149.4 146.1 142.1 137.4 131.8 127.1 124 121.2 114.7 104.8 88.9 77.7 56.1 62.1 75.8 104.6 120.9 122.7 124.5 125.8 127.7 130.2 132 133.2 134.7 135.8 136.3 136.9 137.8 139 140 140.9 141.7 142.9 144.3 146 147.4 148.1 150.6 151.9 154.7 156.6 158.5 159.7 161 162.7 164.5 166.5
128.3 128.5 127.8 125.9 123.2 110.7 120.2 118.9 118.6 112.4 95.6 96.1 118 121.5 123.4 125.8 128.2 129.9 131.8 134 136 138.3 140.9 144.4 148 150.3 151 151.5 150.8 149.6 147.4 144.1 140.3 135.4 130 125.2 121.2 117.8 113.2 103.6 92.3 76.8 56.4 58.3 74.6 106.9 120.7 122.9 123.8 122.7 122.8 124.8 128.9 131.7 133.1 133.9 133.9 134.1 134.6 134.9 136.3 137.3 138.2 140.2 141.7 142.8 143.5 143.7 145.4 147.2 149.3 150.5 152.7 154.5 156.6 158.6 160.6 162.6
129.5 129.5 128.5 126.2 115.6 107.9 115.5 115.6 114 98.2 79.1 97.9 120.2 122.4 124.1 125.8 127.5 128.9 130.5 132.6 135.3 137.6 139.8 142.5 145.7 148 148.8 148.8 148.2 146.8 144.5 141.1 136.9 132 126.7 121.8 115.7 110.9 102.6 90.4 78.8 64 54.4 59.7 79.2 108.9 116.9 121.9 124.7 125.3 121.9 120.5 124.9 129.5 131.3 131.6 130.5 129.7 130.7 130.7 131.3 132.4 133.6 135.3 136.8 137.7 137.7 137.7 139.9 141.6 143.2 144.7 147.4 149.8 152.5 154.5 156.6 158.3
129.2 129.3 128.2 125.8 104.8 92.9 102.7 114.8 97.5 79 83.1 109.8 120.7 121.9 123.4 124.9 126.2 127.3 128.5 130.4 133 137.1 138.3 140.6 142.1 143.6 144.8 145.1 144.3 142.4 139.8 136.1 132.2 127.4 122.5 116.7 109.1 98.1 85.8 73.9 61 52.9 60.1 63.6 86.7 104.2 110.9 115.7 121.1 125.4 125 118.2 121.3 126.7 127.8 126.1 123.7 122.7 123 125.7 125.8 126.7 128 129.4 130.8 132.3 133.1 133.2 135.2 137 138.7 140.7 143.3 145.7 148.3 150.4 152.5 154.1
126.8 126.8 125.7 119.3 97 78.9 89.5 91 75.1 70.6 95.8 115.9 118.8 119.5 121.4 122.8 124.2 125.7 126.5 128 130.3 132.7 136.3 138.3 138.3 138.2 138.4 137.8 136.8 135.3 132.2 129.9 127.1 122.7 118.5 113.1 101.3 82 66.8 54.1 53.3 66.4 72.4 71.1 88.1 98 103.7 109.9 115.1 118.9 121.2 120.6 111.2 110.4 122.7 121.1 117.2 115.7 117.2 119.5 119.6 121.1 121.9 123.4 124.6 126.4 128 128.7 130.2 133.4 135.6 137.3 139.9 142.4 144.7 146.4 148.5 150.1
122.3 122.3 119.5 107.9 84.3 67 68.5 62.7 65.9 86.5 106.5 114.8 116.4 117.7 119.3 120.7 122.2 123 123.9 125.6 127.7 129.9 133.2 135.7 134.5 132.9 132.1 131.3 130.2 128.3 127 125.4 122.8 119.2 114.8 110.8 93.7 65.1 51.5 57.4 74.6 79.1 76.1 80.1 91.4 90.5 94.3 103 106.9 109.9 112.1 112.6 112.9 105.3 98.7 97 92.7 95.5 102.9 108 112.4 115.1 118.3 120.4 122.1 123.3 124 125.3 126.8 130.3 132.8 134.5 136.6 139.1 141.3 142.9 144.5 146.5
115.9 116.5 113.1 98.5 71.2 52.7 51.8 66.2 84.4 104.4 109.7 113.9 115.7 117.1 118.4 119.4 120.5 121.4 121.6 123.6 125.6 127.6 130.2 132.9 134.1 127.5 126.9 125.1 124 123.9 123 121.6 117.2 114.1 110.8 106 84.3 52.8 57.5 67.2 75.9 81 79.6 81.8 89.8 83.9 84.5 92.7 98.1 100.5 102.5 105.7 107.9 108.9 106.6 88.2 103.6 102.9 106.3 109.6 111.7 114.7 119.5 121.8 124.1 125.3 125.9 125.9 126.5 129 130.9 132.5 134.1 136.3 138.4 140 141.6 143.3
110.2 111.3 109.8 90.1 64.8 46.3 60.2 82.3 99 104.6 108.5 112.9 114.9 115.8 116.8 117.8 118.9 119.5 119.7 122.3 124.1 126 128.4 131.3 132.9 126.7 123 121.2 119.2 117.7 116.9 113.3 110 107.9 104.4 100.6 71 49.9 61.3 69.3 74.6 78.7 76.9 72.2 73.8 76.1 74.6 80.8 86.3 89.9 92.6 96.7 100.6 102.4 99.7 87.7 95.5 97.1 100 100.5 109.1 117.2 122.1 124.8 125.6 126.8 127.7 128 127.3 128.1 129.4 130.4 131.9 134.2 136.3 137.8 139.5 141.4
105 106.5 104.9 82.5 61.8 42.7 60.6 88.2 99.8 104.1 107.2 110.8 113.3 114.3 115.2 116.2 116.9 117.3 117.7 120.4 123.3 125 126.6 129.5 125.4 123.7 119.7 117.2 114.6 110.9 108.2 105 103 100.8 97.4 91.9 71.6 51 61.6 68.4 74.5 76 73.8 68.8 65.8 64.1 65.6 67.9 71.1 76.5 80.5 84.1 87.1 88.2 82.2 80.5 85.5 91.3 94.7 104.9 113.4 119 122.9 123.9 126.5 127.5 128.1 128.8 128.4 128.3 129.2 129.4 130.5 133.1 134.9 136.2 137.6 139.7
100.7 100.8 99.2 84 63 40.6 57.6 85.7 99.2 102.9 104.9 107.2 111 112.5 113.4 113.7 113.6 113.1 115.9 118.4 121.7 123.9 125.4 126.8 123.5 117.7 116 113.4 110.1 106.7 101.2 86.9 85.9 84 82.5 83.7 70.1 50.1 60.8 69.2 73.9 74.1 70.4 66 60.1 58 64.1 69.9 66.5 66.6 69.5 71.6 74 80.1 84 88.3 94.8 100.6 105.2 109.9 115 119 120.4 122.5 124.3 125.9 126.8 127.7 128.6 128.6 127.9 128.4 129.7 131.4 132.9 134.1 135.8 138.7
96.9 93.1 85.1 78.8 58.9 36.6 54.7 86.1 96.4 100.4 102.5 103.7 107 109.8 110.8 108.6 108.6 109.6 113 115.1 118 121.2 122.9 123.3 118.7 115.5 112.6 109.9 107.1 102.4 90 72.3 72.8 71.2 68.9 65.2 49.6 49.4 60.3 67.5 73 73.9 71.2 64 55.8 61.7 75.7 82 83.7 84.3 83.6 84.3 86.8 90.8 98.3 102.5 103.8 105.3 107 110.9 113.8 116.2 117.1 119.6 121.3 122.8 124.1 126.8 127.4 128.9 127.6 127.4 128.6 130.5 131.9 132.1 134.5 136.7
91.1 72.3 60 54.9 42.1 36.5 54.9 82.6 92.4 96.6 98.8 100.3 102.5 104.7 105.7 104.7 105 107.1 110 112.8 113.8 116.1 119.5 117.1 115.5 113.2 110.2 107.5 104.5 99.8 83.6 70.9 66.1 64.3 59.4 51 47.7 56.4 63.1 70 77.6 78.8 74 65.2 54.1 56.4 72.9 82.3 86 87.7 91.2 93.5 95.7 98.5 102.9 104.7 103.9 105.2 106.6 108.9 110.1 112.3 112.8 115.8 118.3 119.2 120.4 123.5 125.6 127.6 127.6 124.2 127.3 129.5 130.9 129.1 131.6 133
74.3 51.9 36.1 31.9 35.8 48.9 69.4 84.1 90.3 93.6 95.2 96.7 98 99.3 99.7 99.9 97.8 102.6 106.4 108.5 110.8 109.8 111.9 111.7 111.9 109.9 108 105.7 102.4 98.7 79.6 68.3 66.1 62 57.3 50.3 48.7 60.1 69.3 75 83.1 83.1 61.9 51.1 51.1 55.3 66.4 79.7 85.8 92.2 95.1 93.8 93.9 97.4 101 102 102.4 101.8 101.2 102.9 104.8 106.8 108.1 111.5 112.9 113.1 114 116.9 120.7 123.9 125.9 123.1 124.9 128.1 128 122.7 126.9 123.9
34.8 28.5 27.5 41.3 55.1 69.3 70.8 78.7 86.4 89.5 91.7 91.8 91.3 91.7 91.9 92.6 96.9 100 103.3 105.3 107.2 107.3 108.1 108 107.7 106.6 104.9 102.9 100.1 96.2 75.9 64.8 65.8 67.5 65.9 57.9 48.1 57 68.1 69.8 60.7 49.8 67.8 81.3 63.1 54.6 64 75.7 83 85.8 83.6 85.3 85.8 88.2 91.3 93.2 93.6 93.6 93.4 95.2 98.1 100 102.3 104 105.7 106.1 107.9 110.2 114.2 118.5 119.6 116.7 120.4 121.4 118.2 116.3 126.8 132.8
26.8 26.6 26.7 28 29.1 33.3 41.2 54.3 68 84.6 87.4 85.1 72.4 75.6 83.4 88.6 93.8 97.3 100.2 102.3 102.7 104.1 104.5 104.8 104.6 103.5 101.9 99.5 96.8 93.8 75.1 57.9 62.4 68.7 73 62.7 45.4 46.9 49.1 64.2 74.7 88.1 91.4 87.7 78.1 59.6 56.3 59.3 61.7 60.3 62.7 68 69.3 72.9 72.4 75.9 83.3 83.2 85.4 87.4 89.6 93.2 94.2 95.8 97.9 101.2 103.4 105.2 106.2 109.6 110.6 107.5 106 112.5 115.8 125 128.7 131.5
25.6 26.6 25.3 25.8 25.7 25.4 25.4 26.5 36.4 54.2 71.8 67.2 49.1 67.9 79.4 84.7 90.9 95.6 97.7 98.8 97.9 100.3 100.2 99.9 99.5 96.1 93.7 95.9 87 85.7 71.6 49.4 54.1 65.5 70.7 66.1 45.9 58.2 74.2 86.9 91.7 92.6 91.7 90.7 80.7 75.3 58.9 56.8 59 66.3 69.4 70.6 73.9 76.7 79.9 80.8 79.4 81.8 86.8 87.4 85.9 86.4 90 92.9 94 96.5 98.9 104.1 108.9 109.2 111.4 113.3 118.4 121.4 124.1 127.2 129.3 132.4
24.7 24.2 25 24.2 25.5 26.8 27.5 25.7 29.6 30.8 35.2 33.8 34.3 50.5 61 75 87.5 91.7 93.6 92.5 84.6 90.6 88.9 86.6 82.2 77.5 75.4 74.1 66.8 62.2 51.2 42.9 43.2 45.4 49.9 44.7 45.2 59.8 79.6 82.7 87.2 90.5 91 88.7 85 80 68.2 60.7 57.2 59.5 62.2 66.9 70.9 74.7 77.2 78.6 81.7 84.3 87.3 90.2 92 96.2 98.1 100 103.6 107.5 111.6 113.8 115.5 118.3 119.3 120.6 120.6 125 126.3 128.4 130.7 133.5
28.9 23.7 23.9 25.2 26.6 27.5 28.4 27.5 28.6 31.3 30.6 30.7 30.7 34.5 52.5 72.9 82.4 83.8 73.6 69.7 63.8 67.8 65.2 63.6 59.4 56.1 54 52.3 45.6 42 41.5 41 43 44.7 44.6 45.1 49.8 71 78.7 83.4 86.8 88.9 90.1 89.2 85.2 78.8 69.2 62.1 60 61.5 60.8 60.6 63.6 67.7 70.1 76.6 79.9 83 85.5 88.2 92 95.1 96 100.6 104.9 109.2 113.1 116.6 118.1 121.6 124.6 125.1 124.7 125.4 126.7 128.6 131.3 134.1
38.6 37.2 35.1 34.3 29.7 28.5 28.8 28.3 27.1 29.7 32.5 33 30.8 31.8 35 46.6 56.9 48 41.7 39 41.2 41.7 40.5 40.5 40.1 39.2 40 40 40.6 40.3 41.1 44.3 46.6 49.6 50 51.4 65.2 72.4 76.9 81 84.9 87.3 88.9 87.2 83.6 77.5 69.6 63.9 61.4 63.7 63.1 63.5 63.9 63.6 65.5 72.5 76 77.4 81.4 84.2 86.7 94.7 98.8 100 101.2 107.7 112.6 115.2 117.5 122.1 126.4 126.7 125.4 125.5 126.8 129.4 132.3 134.7
42.2 46.1 42.9 40 35.1 32.8 30.5 29.8 28.6 28.7 28.1 34.4 34.8 35 34 34.2 35.1 35 34.2 36 36.3 34.9 37 37.8 38.1 37.8 39.3 38.4 39.9 43 46.6 49.6 51.7 54.7 56.5 51.4 63.9 71.2 75.6 79.4 83.2 86.3 87.6 86.6 83.4 76.6 71 65.4 63.7 66.9 69 67.6 67.9 68.8 70.1 73.1 69.9 71.2 74.4 85.4 92.2 98.9 102.4 104.3 108.1 110.5 111.3 115 118.4 122.4 126.3 126 124.2 125.1 126.3 129.9 132.2 134
47.5 51.3 49 45.2 41.8 38.2 34 31.2 30.5 30.6 30.2 31.3 34.5 36.1 35.7 35.3 35.2 39 42.6 43.3 41.3 40.5 41.3 40.7 40.8 43.7 43.5 46.9 48.7 49.7 50.9 54.1 56.6 59.2 61.5 54.2 57.5 67.6 73.8 78.4 82.3 86.2 87.4 86.8 84 79 74.8 69.4 70.2 71.8 74 73.4 70.3 71.5 71.7 76.3 78.7 76 77.8 89.8 95.2 99.8 103.1 106.7 110.2 114.1 116.4 117.9 121.2 123.4 125.7 125.4 121.9 124.9 127.4 129.3 131.2 133.1
55.3 56.4 54.8 51.1 46.3 43.4 40 35.7 32 31.6 32.3 31.3 33.4 37.1 39.8 42.3 44.4 47.3 49.6 51.1 50.7 49.5 48.6 46.9 45.9 47.7 50 53 54.6 54.7 55.5 60.3 63.2 65 65.4 59.4 60.4 66.4 72.4 77.1 82 85.9 87.6 87.5 85.8 82.1 79.8 72.5 74.3 76.9 80.8 81.1 77.3 73.2 73.3 77.5 81.3 83.3 75.1 87.3 95 100.6 103.2 107.6 111.4 115.1 117.9 121.2 124.2 125 124.4 123.7 121.3 124.7 126.8 129 130.7 132.5
64.2 62.8 61.6 55.7 51.1 48.2 45.3 39.3 36 34.2 34.7 34 32.4 35.6 43.3 47.6 50.8 52.6 55 57.6 58.4 57.4 56 54.3 51 51.9 54.5 58 60.1 61.7 62.3 65.5 68 69.4 68.3 65.1 66.3 65.3 74.5 78.2 82.1 85.7 88 88.5 87.8 85.2 80.7 73 78.1 84.4 89.6 91 86.3 78.7 75.1 77.3 82.5 86.8 87.7 82.3 88.7 96.3 103.3 107.2 110.9 115.2 117.8 121.2 123.4 123.2 121.3 118.5 121.1 123.6 126 128.1 130 130.8
71.1 70.8 69.7 63.9 57.6 51.7 47.9 41.8 38.5 37.5 36.4 35.5 29.6 36.1 44.8 53.5 56.9 60.5 62.5 64.4 65.9 66.3 65.9 64.6 60.2 58.9 61.3 65.5 67.4 71.1 71.4 71.9 73.1 72.8 72.2 72.1 72 69.3 74.8 79.7 85 87.8 89.5 90.1 90 87 80.3 77.5 82 90.7 96.7 99.1 98 89.7 77.6 77.3 82.6 89.8 91.9 89.7 89.9 92.8 98.9 104.5 107.8 112.4 116.5 119.1 119.6 113.3 108.9 113.7 119.7 122.5 124.8 127.1 128.7 129
77.9 78.2 77.6 72.9 67 59.1 49.8 44.1 39.2 37.8 37.2 36 34 35.6 47.7 60.8 65.7 68.2 71.9 72 72.2 73.5 73.2 71.3 69 69.3 71.2 72.8 74.1 81.2 81.6 78.8 77.2 76.9 76.6 76.5 76.2 74.7 74.1 80.3 85.7 90.8 92.4 92.9 92.4 88.7 82.1 79.9 86.3 95.8 101.9 105.3 106.9 103.1 87.4 79.8 79.5 80.8 82.3 82.7 81.1 88.4 96.2 98.6 102.9 105.7 109.4 112.4 104.6 109.9 114.6 117.1 119.1 120.5 122.4 124.4 126.1 126.7
83 84.6 85.1 81.8 76.4 64.7 53.8 45.6 40.1 38.4 37.5 36.2 33.6 34.8 53.5 74.2 81.7 87.1 88 88.5 88.3 85.2 81.7 81.6 79.5 81.1 82.6 83.9 86 87.6 87.8 85.2 83.5 81.9 81.1 81.2 80.6 80.3 78.6 81.2 87.3 91.2 94.9 95 93.9 89.4 81.4 82.8 91.2 99.7 106 110.6 113.3 114 104.4 90.4 84.4 83.4 82.6 84.1 83.9 81 83.6 84.7 86.6 87.7 89.6 92.1 105.8 111.7 115.7 116.7 115.2 118.6 120 119 120.4 121.6
86.9 90.6 92 90.8 84.1 72.5 58.4 49.7 42.8 36.2 35 33.3 34.8 37.5 54.1 81.9 91 95.3 98.2 99 98.3 94.3 90.9 89.5 88.9 88.5 90.5 91.6 91.9 92.8 93.7 92.9 90.9 90 88.6 86.7 85.8 85.3 83.6 86 88.7 94 96.7 97.5 95.3 89.5 82.9 87.4 95 103 110.1 114.7 117.8 120.1 119.6 112.7 104.8 103.5 104.1 108.7 105.9 96.3 90.4 89.8 101.1 105 108.7 108.9 93.4 98.5 97.3 98.3 99.9 107.4 113.3 109.4 114 115.2
92 96.5 97.2 96 90.5 84.9 76.4 63.8 52.9 40.1 35.8 36.5 37 37.8 47.5 70.5 88.5 96.4 99.8 102.5 101.7 99.2 96.4 94.7 93.9 95.7 97.4 98.4 97.2 98.9 101.1 100.4 98.7 97.8 97.3 94.1 91.5 91.4 89.5 90.7 94 95.2 98.2 98.8 95.8 91.1 86.1 90 96.8 106.1 112.7 117.6 121.1 123.9 126.3 126.6 124.7 123.4 122.9 123.2 120.8 112.3 102.9 90.3 98 108 111.6 111.9 105.7 108.6 114.3 113.9 115.6 106.1 108.5 110.5 110.1 111.4
97.9 100 100.7 99.6 97.7 95.7 92.5 86 75 62.4 44.2 34.3 37.3 38.1 39.8 51.2 61 68.1 88.3 101.4 102.9 102 99.9 98.6 98.5 100.2 102 103.2 103.9 104.5 107.2 105.7 106.6 105.4 103.7 101 98.8 96.9 94.5 95.8 99 98.1 100.4 99.5 95.6 90 90.7 93.6 101.4 108.5 114.9 119.6 123.5 127.1 129.9 131.3 131.6 130.9 130.1 128.7 126.9 122.8 115.4 103.7 94.6 109.5 112.8 114 113.9 115.9 116.2 118.1 119.2 119.8 120.8 122.3 123.4 125
101.5 102 103.7 103.5 102.7 100.9 98.9 96 90.6 81.2 67.7 53.2 42.1 35.8 38.6 40.1 41.9 45.6 63.4 92.3 101.6 102.5 101.3 100.7 101.2 102.9 104.6 106.8 107.8 109 112.2 112.4 112.3 112 109.9 106.9 104.7 102.4 100 101.2 103.7 102.6 102.1 99.1 93.5 95.3 93.8 95.6 104.1 110.9 116.8 121.5 125.7 129.9 132.5 134.5 134.7 134.5 133.8 132.5 130.7 127.5 124.5 117.8 102.9 98.3 101.8 104.7 106.9 112.3 115.7 120.8 121.6 122.4 122.3 123.4 124.5 124.9
104.1 105.9 106.3 106.5 105.5 104.4 102.9 100 96.7 92.3 86.4 73.8 62.7 50 40.4 38.6 40.2 41.9 50.6 77.3 95 101.7 101.1 101.5 103.2 105.1 106.4 108.1 109 110.2 112 114.2 116.3 116.5 114.6 112.9 110.1 107.8 106 106.9 107.1 105.8 104.3 100.7 95.9 97.8 98 97.7 106.3 112.8 118.2 123.5 127.3 131.3 134.1 136.1 137.4 137.2 136.7 135.6 134.2 132.1 129.2 124.7 114.8 106.8 107.9 114.2 116.4 109.5 120 122.8 123.8 124.5 123.8 124.1 123.6 122.2
