UK/data/nn/nn89_OST50GRID_20230518/NN89.asc
ncols 200
nrows 200
xllcorner 280000
yllcorner 790000
cellsize 50
[rows 0 to 34 of 200, columns 0 to 77 of 200]
272.2 270.4 266.3 263 262.9 265.3 270.3 276.6 282.3 281.3 282.2 285.3 289.7 290.7 293.3 293.2 293.2 293.4 295.3 299.8 301.7 303.7 306.1 312.3 316.1 320.1 323.7 325.7 328.7 333.7 340.1 346 346.3 343.6 347.4 357.9 358.8 360.3 363.3 369.1 371 370.1 372.1 379.3 380.6 381.2 386.3 388.3 393 400.8 402.4 413.8 419.2 420 413.9 400.7 392.4 384.4 376 369.2 363.2 356 347.8 344.5 343.5 342.8 340.8 337.1 333.8 332.7 324.7 316.9 312.7 309.2 304.7 299.7 295.3 292.9
270.6 270.5 267.7 263.4 263.3 267 271.3 279.8 283.5 284.1 283.1 284.5 286.7 288 291.4 293.4 293.5 293.6 296.5 301.5 304.3 304.7 307.5 313.8 317.1 322.7 326.2 334.3 337.4 344.3 351.1 356.3 357.9 360.6 369.6 373.4 370 372 380.4 389.2 386.9 384.9 382.8 386.5 388 388.2 390.1 396.9 405.5 414.3 414.1 418.8 426 426.9 419.2 402 390.7 382.1 375 368.5 361.7 355.7 351 345.9 343 340.4 338.2 334.6 330.9 326.6 320.7 314.1 309.8 309.8 301.1 297.1 294 293.2
269.5 269.5 265.8 263.3 264.4 267 270.3 276.4 282 286.5 287.5 285.5 286.6 288.4 292.5 293.3 294.8 296.8 298.8 303.3 307.6 307.6 312.2 315.6 320.3 324.1 332.5 340.5 349.4 354.8 359.8 365.5 370.9 376.8 378.1 381.6 391 403.1 405.8 406.2 404.3 404 398.9 395.1 392.9 401.8 413.9 430 428.1 422.8 418.7 425 426.9 426.9 419.1 397.1 387.8 379.7 373.7 367.3 361.1 357.9 354.1 346.3 341.2 337 333.1 330 327.1 322.2 317.1 309.2 306.6 303.6 297.4 295.4 295.5 295.6
268.9 268.3 265.9 263.5 264.2 265.5 268.8 272 279 284.4 287.7 288.3 287.1 288.5 292.6 297 300.5 301.6 300.4 301.2 303.4 308.1 312.8 319.3 325.5 332.5 338.1 347 354.1 359.9 366.7 372.2 377 383.2 387.1 397.6 406.9 410.1 413.5 413.6 411 407.7 403.7 399.2 410 423.5 436.1 436 431.7 427.5 426.2 426.5 426.3 425.3 412.8 392.4 384.5 376.9 371.2 365 360.3 357 352 345.9 338.8 335.3 331.8 324.1 320.2 319 313.8 306.1 302 297.6 296.1 295.5 295.3 295.3
268.8 268.5 266.6 264.2 264 265.6 267.2 271.8 276.7 281.6 285.2 286.7 289.1 290.2 294.2 296.3 301.7 303.1 304.2 304.1 311 314.6 315.6 323.8 330.1 337.1 343.9 351.4 358 363.7 370.1 376.6 381.8 387.2 394.4 403.1 409.5 412.9 416.2 414.9 411 410.2 408.3 413.5 423.8 435.5 438.3 437.3 434 428.7 426.8 425.7 424.9 423 405.5 388.7 381.2 375.3 369.4 364.3 357.2 353.3 348.2 343.1 339.3 333.6 328.1 318.6 313.9 311.3 309.2 303.3 298.9 297 296.4 296 295 289.9
269 270.6 268.3 269.3 266.9 267.3 268.3 271.3 273.8 277.9 282.4 284.8 288.9 292.3 296.2 297.9 297.5 304 306.8 305.9 312.3 319.1 318.3 325.6 335.2 342.9 348.2 354.7 360.6 366.4 372.8 378.8 384.8 391.6 397.9 406.4 411.6 412.8 413.5 412.2 412.1 412.4 416.9 425.2 433.3 440.5 441.1 439 434.7 428.1 428 426 422.8 415.8 397.7 386.2 378.8 373.8 367.8 359.6 353.2 348.5 343.4 337.8 332.3 332.5 324.9 318.9 310.3 306.2 304.2 299.6 297 296.4 296.8 293.3 293 290.4
269.4 271.7 273.3 270.9 271 273 274.4 274.5 276.2 277.9 283.2 285 287.9 289.6 296.2 299.8 302.8 302.7 306.1 306.5 316.2 322 323.6 333.1 341.5 346.9 352.2 356.7 362.2 368.1 374.6 380.7 386.2 392.7 399.1 404.9 409 410.8 411.5 411.6 413.2 413.3 421.9 431.3 437.5 441.6 442.1 438.9 432.4 427.4 425.5 423.2 418.2 409.3 393.5 383.4 375.5 371.7 367.4 359.9 351.4 347.1 342.8 335.1 331 323.4 319 312.1 307.7 306 301.7 298.8 296.7 297.2 296.2 295.1 289 287.8
271.6 273.1 275.7 272.2 273.5 276.3 277.7 276.6 278.3 279.2 282.9 284.7 287.2 289.5 293.1 299.5 303.6 306.1 308.1 313.9 320.4 323.3 330 338.8 346 350.4 353.9 357.8 363.4 368.9 375.1 381 387 393.4 399.1 403.7 407.1 409.7 412.6 412.5 412.8 414.6 426.9 434 438.4 439.8 440.5 436.6 429 422.6 421.1 418.9 410.3 403 389.4 380.7 372.8 368.7 365.2 357.7 351.7 347.5 343.3 339.9 331.3 316.8 310.5 308.8 307.6 305.4 302.3 298.1 297.1 297.1 295.1 294.9 288.6 287.5
276.7 276.6 275.4 273.9 273.7 276.2 277.8 279.9 280.9 281.2 284 285.9 288.1 291.9 294 297.3 300.4 306.4 314.5 320.5 324.1 326.2 333 341.4 347.7 352.2 355.4 359.1 364 369.5 375.6 381.3 386.7 393.4 398 401.4 405.5 410.5 413.1 414.2 414 419.4 426.3 432 434.2 435.6 434.6 430.1 423.4 416.8 414.6 411.2 406.7 394.8 383.7 376 368.8 364.6 360.5 353.5 347.9 344.3 340.5 335.2 324.5 317 314.4 315.1 311.6 307 301.5 297.8 297.6 296 295.5 297.5 293.1 287.7
279 277.5 275.9 274.6 274.3 275.5 279 279.7 282.8 282.7 284.9 287 291.3 292.8 294.4 300.9 306.8 313.5 318.7 324.2 327.6 329.6 335.3 343 347.8 352.7 356.1 360.6 365.2 370.3 376.9 383.5 387.7 392.2 396.6 400.2 405.3 409 411.2 412.2 413.5 419.1 423.5 426.4 428.4 427.9 425.3 422.4 416.7 411.9 409.5 406.5 399.4 387.9 378.4 372.1 365.8 361.8 356.8 349.5 344.6 341.2 335.9 328.1 318.4 315.7 315.3 320.5 319.5 308.7 302.8 298 298.5 297.2 298.3 299.2 294.5 287.9
279.9 280 281.1 276.7 274.9 275.8 278.8 278.7 282.1 283 284.6 286.1 292.8 293.1 296.2 300.6 308.4 313.8 320 324.5 328.8 334 338 343.5 348.5 353 356.4 360.9 365.7 370.3 376 381.5 386.9 390.5 395.1 398.7 402.5 406 407.8 409 411.4 416.5 420 421 419.8 417.2 415.5 412.8 411.2 407.9 405.1 401.2 391.4 382.6 373.9 369.5 363.6 357.2 351.6 346 340.3 337.3 330.1 322.6 316.5 314.9 314.2 319.2 313.2 305.4 297.8 298.2 297.8 295.8 295.4 291 287.6 288.2
280.3 279.3 280.9 279.7 280.1 277.6 277.4 278.1 280.2 281.5 282.6 287.5 293.2 294.5 296.4 304.6 308.5 314.4 321.1 325.9 329.7 335.5 339.9 344.1 348.4 352.8 356.5 360.7 365.3 370 375.1 380.5 384.6 388.9 393.7 397.5 399.8 401.6 403.5 405.2 409.9 411.8 413.8 413.1 412.4 409.7 407.2 407.1 405.4 403.2 400 393.8 384.9 377.4 370.1 363.9 360.3 353.8 347.5 341.2 335.9 331.5 324.6 317.7 317.2 318.8 317 311.1 308.7 301.1 298.9 298.5 298.1 298.8 298 294 288.1 288.2
281.4 279.4 279.6 287.7 285.7 281.3 282.9 280.6 280.2 283 284.4 289.7 294 296.6 301.9 306.3 311.9 317.1 322.5 328.6 331.1 336.2 339.6 343.9 348.8 352.7 356.5 361.5 366 370.6 374.6 379.6 383.6 387.7 391.7 395.3 396.9 398.5 400.1 401.5 404.8 404.7 406.7 409.4 409.5 405.2 403.9 403.8 401.2 396.9 392.7 385.9 378 370.9 364.6 359.2 353.5 348.1 342.1 337.3 331.8 327.1 320.7 316.3 316.8 316.7 309.4 305.2 301.4 298.8 299.4 299.2 298.5 295.8 292 286.9 288.1 287.8
280.3 280.7 283.1 291.4 288.7 284.7 284.4 285.3 286.9 287.5 289.3 290.5 295 298.7 302.5 307.7 313.4 318.8 326.5 329.4 332.7 336.9 341 343 347 351.9 356.3 362 365.7 370.1 374.4 378.6 382.7 386.2 389.5 392.4 394.2 395.3 396.3 397.6 398.6 399.7 401.4 402.2 402.1 401.4 400.5 398.5 395.8 391.1 385.5 379 370.8 364.1 357.9 354.7 350.1 343 337.7 332.7 328.7 324.3 316.7 313.9 314 312 304 299.7 299.6 297.9 293.4 298.7 294.2 291.4 289.3 295.5 290.9 288.2
281.4 282.7 285.6 286.2 286.7 287 285.8 286 289 291.9 292.2 294.3 297 301.6 304.4 309.4 314.9 320.8 328 331.6 334 336.5 339 342 345.9 352.1 355.8 360.1 364.7 369.2 373.1 377.1 380.1 383.6 386.6 388.6 390.5 391.3 391 391.8 394.3 395.6 396.8 396.4 395.2 396 394.9 392.6 388.7 384.4 379.3 372.3 367.1 361.8 355.9 351 346.4 338.6 332.6 328.1 324.2 319.4 310.8 308.4 307.4 306.3 299.6 299.2 294.9 293.7 293.4 291.9 296.1 295.1 297.6 299.2 301.2 289.1
283.6 286.3 289.7 289.2 288.3 289.3 288.4 287.2 287.3 290.8 294.4 297.6 298.1 301.8 305.4 310.8 316.2 322.2 327.7 330 333.8 335.7 337.9 341.1 345.2 350.7 354.8 358.9 363.4 367.8 371.5 374.7 377.6 380.2 382.2 384.2 385.7 386.4 387 387.7 389.3 392.3 391.5 388.5 387.9 387.6 386.6 384.5 381.5 378.3 373.9 368.9 364.2 359.1 355.4 348.5 343.5 337 331.7 326.1 321.6 312.5 305.9 304 302.9 300.2 300 295.7 296.5 290.6 290.8 290.3 289.5 290.2 290.2 290 291.2 287.9
284.7 287.2 293.2 292.2 291 291.5 291.6 289.7 289.5 290.4 292.2 296.5 297.8 298.6 304.8 311.9 318.8 323.1 326.9 329.1 331.9 335 337.2 340 344.1 348.3 353.6 357.4 361.1 365.3 369 372 374.8 377.1 378 379.4 381.4 381.5 381.5 382.6 382.8 384.2 383.7 381.8 381.1 380.3 379.7 377.6 374.6 371.9 368.3 363.9 359.1 354.2 351.3 345.2 339.6 336.4 329.7 327.4 318.1 309.9 304.4 301.5 298.5 298.6 300.7 294.5 296.1 290.7 290.4 290.5 288.5 288.6 288.6 288.5 289.1 288.5
287.6 290.8 294.4 293.5 292.1 291.6 292.4 292 291.4 290.1 291.2 293.8 298.5 301.1 306.9 311.9 318 321.6 325.9 328.6 332.8 335.1 337.6 341 344.9 347.6 350.4 354.5 358.5 362.5 366.2 369.2 371.4 373.2 374.4 375.4 376.6 376.4 377.2 377.4 376.8 377.5 376.9 376.1 374.9 373.4 372.5 370.9 368.1 364.8 363.2 359.5 354.3 349.6 347.1 345.1 338.1 330.4 326.7 322.2 312.5 306.5 304.1 299.8 298 296.5 293.1 292.6 296.6 290.3 290.7 290.1 290.7 290.5 289.9 289.8 289.2 289.2
290.4 294.3 295.3 297 296.2 292.4 291.3 291.6 291.8 291.4 291.1 292.7 297.1 299.8 305.1 310.9 315.7 320.2 324.9 328.8 330.4 333.2 335.9 338.1 341.6 345.2 349.7 352.7 354.8 359.6 363.4 365.7 366.9 367.2 369.4 371.6 371.6 372 371.7 371.8 372.4 372.4 372 370.8 369.4 368 365.3 363.5 360 358.6 357 355.5 352.3 346.3 345.5 338.8 335.8 330.9 322.2 313.2 309.3 304.9 301.1 300.5 300.2 299 292.7 291.9 291.4 290.7 291.2 288.6 290.6 290 289.6 289.5 289.4 289.1
292.5 295.6 296.1 296 295.2 294.1 293.5 292.7 292.8 291.4 291.3 294.4 295.4 297.9 304.1 310.2 314.7 319.6 322.7 325.7 327.9 330.6 331.7 334.5 337.7 342.1 347.7 351.3 353.5 356.8 360.4 361.7 362.5 364 365.7 367.3 366.9 366.7 366.6 366.3 367.5 367 366.4 365.5 364.1 362.9 361 357.9 355.4 353.6 351.8 349.4 343.5 338.8 336.7 335.6 331 325.7 313.1 307.6 304.3 303.6 300.4 298 295.1 293.5 292.4 292.2 292.2 291.5 291.5 296.3 295.1 289.7 289.4 289.6 289.6 289.4
297.1 294.2 297.3 297.7 296.4 294.3 297.9 297.2 296.3 295.8 292.4 295.1 296.3 300.2 302.4 307.5 312 316.1 320.7 324.2 326.3 330 332.7 334.9 339.1 342.8 344.3 347.6 349.8 353.1 357.3 358.7 359.4 361.1 362 363.4 363.5 362.8 361.9 362.2 362.5 362.3 362.6 360.8 359.4 359.2 357.5 355.8 352.1 351 347.8 341.4 337.2 336.9 332.9 330.7 325.1 315 307.6 304.5 301.8 301 300.7 295.9 293.5 293.1 292.9 292.9 293 292.2 289.7 291.3 298.1 299.9 300.7 293.6 292.5 296
304.2 293.2 293.6 294.8 294.8 295.4 299 301.1 300.3 299.6 298.8 297.9 297 299.3 304.9 310 313.6 317.3 321.6 327.1 329.8 332.4 335.8 338 340.6 343.4 345.7 346.7 347.5 349.2 352 352.7 353.4 356.2 357.8 359 359.5 359.6 358.9 359.2 358.8 359.5 360.2 359.3 357.5 356.2 355.3 353.5 352.6 350.3 346.6 339.7 336 333.1 329 321.6 314.2 308.8 305 303 303.5 300.5 299.7 294.4 293.4 292.4 292.9 292.1 292.6 291.5 292.1 291.5 291.4 298.9 291.2 290.8 304.8 304.9
307.8 300.8 294 293.8 294.4 295.4 297.1 297.9 300.4 302.5 300.9 302 303.6 303.1 305.4 313.4 318.5 323.7 327.4 330.8 332.7 334.6 336.5 338.4 340.3 342.7 346.3 347 347.4 348.5 349.9 351.5 353 352.5 353.1 354.5 354.8 355 355.9 356.6 357.9 357.1 357 356.3 354.4 354 353 352.1 351.5 348.7 347.3 340.6 334.2 333.4 327.1 315.9 310.3 305.6 304.6 301.7 302.3 302.4 299.6 299.1 301.4 294.6 293.4 292 293.2 292.5 294.5 299.7 293.2 295.8 294.2 303.7 304.3 305.1
311.9 300.4 294.3 294.2 294.2 295.3 296.9 299.4 299.9 301.5 303.6 301.8 303.8 305.6 309.4 315.8 321.6 327.3 331.2 332.8 333.2 334.7 335.5 336.4 337.1 340.1 342.6 345.8 346.3 348.3 350.3 350.9 351.5 350.8 349.7 349.1 348.7 349.9 349.9 351.5 353 354.2 355 354.3 354.2 353.5 350.6 347.5 347.6 347.8 343.1 340.3 331.3 329.3 322.1 311.2 306.9 305.8 302.2 302.4 301.3 301.4 298.6 297.4 293.3 294.1 292.7 292.4 293.4 292.4 292 299.6 296.1 302.2 302.9 303.1 305.1 307.8
308.9 298 297.8 296.4 298.2 299.4 300.5 300.2 300.8 303.8 305.8 305.2 306.4 310.5 314 320.3 325 331.3 332.9 332.9 333.8 335.1 337.4 338.8 338.9 338.5 339.9 342.2 343.2 345.3 348.4 349.3 349.7 349 348.8 347.6 346.6 346.9 346.2 346.3 346.6 347.2 350 352.9 353.1 350.8 348.6 346.1 345.4 341.8 337.7 334 324.9 320.6 313.6 310 305.9 302.7 301.4 301.1 299.8 297.6 295.4 295.1 294.9 294.4 294.1 293.6 293.5 292.6 294.6 295.4 302.8 302.5 303.6 302.9 304.2 310.7
306.9 304.2 303.4 302.6 303.5 303.6 305 303.6 303.9 306.1 309 308.6 309.5 314.5 319.5 326.2 329.4 332.6 334.1 335.4 338.5 341.5 343.7 344.2 344 342 340.2 341.8 343.5 344.6 345.8 347.6 347.6 348.7 348.5 347.3 346.5 346.5 346.1 345.2 344.6 343.9 343.6 344.9 348.9 348.7 347 344.2 343.8 339.9 332.3 326.7 319 311.9 310 306.7 301.8 301.2 300.8 297.9 295.8 295.5 295.3 295.4 295.3 294.6 294 293.8 293.5 292.6 301.8 300.5 300.6 304.8 305.3 305.4 309.1 310.8
303.2 302.6 305.7 307.2 307.5 309.6 309.2 309.1 309.4 313.4 316.1 318.7 319.2 322 324.6 328.5 330.9 332.7 334.5 338.6 341.8 344.3 346.7 347.5 349.3 348.2 347.7 346.2 347.5 346 347.6 347.9 347.2 347.1 347.4 346.9 347.6 346.6 345.6 345.1 343.9 342.7 342.1 341.4 344.1 344.1 342.1 339.7 336.3 330.3 323 315 313 311.1 309.6 304.2 302.2 301.7 299.4 298.2 297.4 296.1 295.6 295.9 295.2 294.9 301 297.9 298.5 303.1 304 304.1 304.6 304.8 308.5 311.2 311.8 311.1
303.2 303.1 306.6 312.7 311.8 311.9 315.1 317.1 319.1 319.6 321.9 322.4 321.6 322.7 325.6 329.9 332.7 334.6 338.9 343.2 345.2 345.5 346.9 347.2 350.1 351.6 352 352.2 351.2 350.9 350.9 350.8 349.2 347.2 347.5 347.2 347.2 348.6 348.5 344.7 341.6 341.2 339.2 338.7 340 338.7 335.8 327.5 323.4 314.7 313.1 313.1 310.5 308.4 305.9 303.4 302.3 299.3 298.8 298.6 297.8 296.9 296.4 296.1 302.4 297.8 297.3 301.4 305.5 307.3 304.3 305.7 306.2 306.7 307 311.4 312.7 312.4
308 307.2 309.2 315.7 316.9 317.3 317.4 319 320.8 321.1 322.1 324.1 326 327 329.8 330 334.3 337.7 341.2 345 346.6 346.4 345.9 347.4 348.9 350.8 351.7 353 353.1 353.1 352.8 352.1 351.3 350 348.6 346.6 346.2 348.5 348.5 345.9 344.3 338.7 334.5 333.6 333.4 331.6 323.3 318 315.4 314.5 312.8 311.2 310.4 308.3 304.9 302.1 300.3 300 299.2 298.6 297.9 297.2 296.9 296.6 299 299.8 299.2 298.4 301.4 302.6 307.7 309.8 308.6 307.5 307.4 308.1 312.6 313.2
309.4 315.2 317.8 319 321.5 323 322.8 319.8 320.5 320.9 323.5 327.5 329.9 331.9 334.7 336 338.3 341.6 343.3 346.1 347 348.2 348 349.1 349.9 351.3 350.9 352.7 353.7 353.5 352.9 352.3 351.7 350.7 349.6 347.7 345 346.6 347.4 346.1 345.1 342.5 337.1 331.9 327.4 323 316.6 314.8 314.4 313.9 312.4 311.1 307.5 305.7 302.9 301.3 300.8 299.7 299.4 298.7 298.5 298.2 297.5 296.9 296.5 297.3 299.1 300.1 302.1 308.5 309.3 310.6 311.3 311.5 308.3 308.4 309.6 313.4
312 318.1 320.9 320.8 322.2 321.7 323 325.4 327.1 325.5 328.9 332.2 333.1 334.3 337.9 340.7 342.3 344.5 347.4 348 348.8 349.7 350.9 350.9 351.3 350.4 350.4 350.9 349.7 349.2 349.9 349.3 351.3 350.5 349.5 348 344.3 342.4 342.6 343.8 343.6 341.6 338.3 331.7 322.5 317.2 314.1 314.2 314.2 311.7 312.2 309.5 306.6 304.7 302.9 302.4 299.9 301 300.3 299.6 299.4 298.9 298.2 297.4 297.1 297.3 300.5 304.5 307.8 308.4 311.1 316.4 311.5 312.7 311.7 309.3 310.6 311.1
321.9 320.5 320.8 321.6 321 321.2 324.7 328.2 331.4 330.3 332.4 333.3 335.3 337.8 340.7 343.4 345.8 348.4 351.2 351.7 351.4 351.3 351.4 351.1 351.1 351.4 351.7 351.7 350.9 348.9 348.8 348.6 347.5 347.7 347 346.2 344.5 343 341.2 342.7 340.9 338.4 335 330.6 325.9 317 314.4 315.2 312.8 311.9 312 308.5 305.9 304.7 303.7 303 301.7 301.1 300.7 300.2 299.8 299.4 298.8 298.1 298 300 301.9 306.5 309.3 310.9 314.8 316.5 316.2 312.6 313.7 314.3 312.7 311.8
326.3 325.4 321.7 320.7 320.9 322.2 327 330 330.4 331.9 331.3 334.1 338.7 340.5 342.3 346.4 349.4 351 352.6 353.3 353.4 354 352.5 351.5 351.9 353.5 353.8 353.8 353.2 352.7 349.3 348.2 345 344.4 343.7 343.7 342.9 341.7 339.6 336.5 333.6 332.3 330.9 329.6 324.1 316.9 315.2 314.4 313.5 311.3 310.1 307.8 306.4 305.1 304 302.6 302 302 301.2 300.8 300 299.7 298.8 298.7 298.5 301.9 305 306.4 314.9 313.5 315.4 315.2 316.8 315.4 314.1 315.1 316.4 313.5
332.7 334.2 331.6 330.6 329.1 329.1 331.9 332.2 332.5 332.2 333.1 339.4 341.9 343.2 345.4 348.7 352.5 355.8 356.2 355.8 356.3 356.1 354.4 353.2 352.9 355.2 355.2 355 354.5 352.8 350.1 347.1 343.2 340.6 340.3 339.3 339 338.4 335.3 330.4 327.4 327.4 327 325 317.3 315.4 317.6 312.4 312.2 310.1 309 308.8 307.6 303.7 302.7 303 302.8 302 301.8 301.1 300.3 299.5 299.1 299.2 299.2 302.6 306 310.6 313.7 321.9 316.2 316 316.8 315.6 314.9 316.9 317.6 319.6
335.2 339.4 339.5 336.9 335.6 334.1 333.4 336 337.9 338 339.1 342.1 344.9 347.7 350.6 353.1 355.6 359.1 359.4 358.6 359.2 358.2 356.3 355.1 353.9 354.8 354.6 354.1 353.1 351.4 349.4 345.8 341.6 336.9 336.2 334.8 334.4 333.9 333.6 324.7 322.5 319.5 318.2 318.4 314.5 311.6 310.4 310.6 309.7 309.3 309.4 307.4 305 305.2 303.9 303.8 302.8 302.6 302.1 301.2 300.7 300.1 300.6 301.4 302.4 306.8 311.5 315.5 317.7 318.1 317.9 318.1 317.6 317.3 316.9 316.7 318.5 322.5
