WholeMapElevations/data/nn/nn78_OST50GRID_20230518/NN78.asc
ncols 200
nrows 200
xllcorner 270000
yllcorner 780000
cellsize 50
[rows 105 to 139 of 200, columns 0 to 77 of 200]
747.6 740 736.5 732.4 729.6 737.3 748.1 762.4 779 797.3 817.7 835.1 849.8 861.3 869.4 873.7 873.6 871.5 867.9 863 858.8 854.4 849.8 844.5 841.6 840.3 837.1 833 828.3 824.8 822.5 819 814.4 816.9 817.7 816.4 813.2 812.7 806.1 803.2 799 794.6 789 784.6 776.3 773.8 776.9 780.5 781.3 780.5 779.7 778.6 776.7 774.8 773.9 771.2 770.6 770.2 769.6 769.3 763.8 746.6 744.8 738.1 743.5 752.7 760.8 763.3 764.6 767.9 751.6 709.8 676.8 649.4 630.5 617.7 625.2 640.4
760.6 754.6 749 743.8 736.3 745.9 753 767.4 784 802.9 821.8 838 851.5 861.9 868.8 871.7 870.6 867.3 864.1 859.8 855 850.4 847.1 844.1 840.5 839.2 836.5 831.4 827.6 826.2 823.3 820.4 817.3 820.2 819.9 818.3 816.3 812.3 806.3 802.3 798.1 789.6 785.7 777 777.8 779.7 784 786.7 786 785.6 783.2 782.8 781 780.1 780.7 779.2 777.4 777.2 776.8 775 771.7 764.6 762.7 762 750.2 726.6 744.8 743.2 746.8 753.6 738 699.1 659.9 627.4 601.6 597.5 588.3 611.3
772.9 766.2 760.1 753.8 746.4 754.8 763.4 774.1 788.9 807.7 825.3 840.1 852.6 861.4 866.5 868.2 867.2 864.4 860.9 856 851.6 846.8 843.1 840.7 840.1 838.8 834 831.5 829.5 826.8 822.2 820.4 820.3 822.4 822.9 820.3 818 811.3 803.7 800.2 794.1 787.4 778 782.2 785.8 790.1 791.8 792.2 790.6 789.9 789 787.4 784.8 785.4 785.5 784 781.9 782.8 781.2 780.4 777.9 772.7 772.4 768.5 757.9 730.3 722.5 727.7 726.3 727.1 712.1 675.6 637.6 635.1 631.7 611.5 589.1 582
782.3 774.9 767.7 760.2 758.5 764.2 772.4 784.1 796.8 813.4 828.5 842.3 853.5 861 865.3 866 864.5 861.8 857.6 853.2 848.5 846.1 841.6 841 838.5 836.6 834.2 832.3 829.4 826.1 821.9 816.8 822.6 823.9 823.6 819.6 817 808.2 801.8 795.4 788.3 779.3 783.3 789.1 793.1 796.8 799.5 798.7 796.5 794.1 793.1 791.5 790 790.8 790.3 788.9 788.2 787.1 784.5 782.6 779 776.6 775.4 771.2 763.1 750.1 724.4 723.5 691.5 694.2 671.1 652.9 674 678.6 652.6 625.8 601.7 573.7
789.7 781.4 774.9 766.8 765.7 771.9 777.1 793.9 804.2 821.7 833.3 844.9 855.1 861.8 864.9 864.3 862.5 859 854.1 849.4 845.2 844.4 841.8 840.5 836.7 835.1 833.7 831.8 828.4 824.5 821.9 817.9 823.2 824.3 824.7 820.1 815.4 807.1 799.1 788.7 779.8 788.1 792.1 795.4 798.5 805 806.5 805.9 802.7 798.8 798.3 796.2 794.1 793.9 793.2 792.5 791.3 788.8 787.2 784.1 782.4 779.5 777.4 773.8 766.1 758 750 729.9 694 694.7 700.9 695.8 712.2 693.8 662.7 632.6 607.5 580.5
795.4 787.3 781 774.4 773.6 777.6 790.6 803.8 814.1 829.3 838.6 848.9 857.4 863.5 865 863.9 860.6 856.1 851.5 846.9 845.8 843.7 840.9 837.6 835.9 834.2 832.6 829.8 826.2 824.7 822.4 820.4 823 824 824.6 820 811.6 805.2 794.8 782.6 787.1 793.9 797.8 801.6 807 811.5 813.2 811.8 808.2 804.6 801.5 799.8 797.3 797.2 795.2 794.8 793.6 791.1 789.3 785.9 784 781.9 778.9 775.8 770.7 764 754.3 756.2 746.6 739.2 740 744.1 734.3 696.9 663.9 634.9 605.4 579.4
801.5 793.2 785.8 780.4 779.5 792 802.7 812.3 819.8 834.4 843.5 852.5 859.8 864.1 864.8 862.8 859.4 854.6 850 844.8 844.5 842.2 837.8 836.5 834.1 832 829.2 826.3 824.8 822.7 820.5 822.2 822.4 823.3 822.2 817.1 809.6 801.8 790 786.1 792.8 797.8 803.2 808.9 813.2 816.6 817.9 817 813.2 809.4 806.3 803.1 802.5 800.6 798.9 796.4 795.1 793 790.5 787.3 785.1 783.1 779.7 776.2 771.6 765.4 765.8 767.6 766.2 765 763.6 760.9 737.3 698.3 666 636.5 609.8 585.1
803 796.8 790.8 788.8 792.5 801.3 807.1 816.4 827.8 838.4 846.4 854.8 861 864.1 863.8 861.3 857.5 851.8 846.9 844.5 843 839.2 838 834 832 829 826.5 824.7 822.6 821.6 818.4 820.4 820.3 820 817.7 812.3 804 795.8 784 790.2 798.6 802.3 808 814 817.9 820.5 821.9 820.8 818.8 815.5 810.8 808.3 806 803.3 801.3 798.5 796.4 794.4 790.5 787.8 785.3 782.5 779.4 776.1 772.5 767.4 769.6 772.5 773.4 772.6 771.3 767.2 741.3 701.6 669.8 642 612.7 586.8
802.7 799.1 793.6 796.3 799.6 805.3 814.7 824.2 833.7 841.4 848.3 855 860.5 862.6 862.2 859.3 855.3 850.2 846.3 842.5 840.7 838.7 834.8 831.4 829.6 825.3 824 821.6 820 818.3 816.3 815.5 815.6 815 812.3 806.6 801.3 794.4 785.5 794.7 801.3 806.1 812.3 817.6 822 823.3 825 824.7 822.2 819.5 815.6 812.6 809.8 807.6 803.8 800.5 798 795.1 790.7 787.7 785.3 781.7 778.4 775 772.4 763.6 771.9 774.9 776.7 776.7 775.8 771.5 757.2 715.6 680 650.7 618.6 590.7
799.6 799.6 799.9 802.5 808 814.7 821.1 828.6 836.8 842.2 848.8 854.8 858.4 859.6 858.8 856.3 851.8 848.2 845.2 842.4 838.6 836.5 833.4 829.7 826.2 824.5 821.3 818.8 817.9 815.3 812.9 811.9 811.3 810.2 808.5 802.9 797 786.8 790.2 796.7 803.3 808.2 815.2 820.5 824 826 828.1 827.8 825.1 822.7 819.9 815.6 812.6 809.3 805.9 802.1 798.5 795 790.6 787.4 783.4 781.1 777.4 774.1 770.5 766 772.4 774.8 777.8 779.1 778.5 772.2 753.7 728 689.3 654.1 621 597.2
794.2 798.2 802.1 807.6 813.8 819.4 824.3 830.3 837.5 842 847.7 852.9 855.4 856.4 855.4 853 850.2 847.8 844.9 842.4 838.6 835.1 832 828.3 824.8 821.7 819.5 816 814.4 812.7 809.4 808.3 807.5 805.1 802.9 798.2 791.9 785.8 793.6 798.4 803.9 809.6 816.1 821.1 824.6 828 829.8 830.5 828 825.7 822.5 818.6 814.6 811.3 806.9 802.8 798.4 794.7 790.2 785 782.7 780.4 777.7 774.5 768.8 766.3 771.7 774.5 777 777.9 774.1 764.2 742.3 719.4 690.7 654.9 622.7 610.1
785.7 794.5 800.4 808.4 814.2 819.8 825.4 831.3 836.9 841.3 845.4 850.5 853.1 853.8 852.7 851.4 849.8 848.2 845.2 842.3 838.9 836 831.7 828 823.5 821 817.1 812.7 811.3 809.5 806.7 804.6 803.9 800.6 796.5 792.9 788.8 786.5 795.4 798.8 804 810.1 817.2 821.8 825.2 828.6 830.3 831.9 830 827.6 823.6 820.5 816.4 812.7 807.9 802.3 797 792.7 788.1 784.3 781.1 778.9 775.4 771.3 767.2 765 768.9 771.1 772.4 771.4 763.6 749.1 728.8 704.3 678.8 645.9 655.3 648.4
772.4 785 794.7 804.3 811.7 817.8 824.1 829.4 835 839.7 843.5 848.2 851.4 851.5 851.4 851.1 849.9 847.6 845.6 842.9 839.3 835.8 832.1 827.4 823.8 819.4 815.9 811.5 806.2 805.4 803.3 801.2 798.1 795.8 791.7 790.5 788.7 792.5 796.6 800.2 806.3 811.2 817.1 822.8 826.4 829.6 831.8 832.9 831.3 828.9 826 822.4 817 813.6 808 801.6 795.1 791.4 787 783.8 778.9 773.2 770.1 767.9 765.6 761.6 764.1 764.4 762.9 756.9 746.5 732.5 714.6 681.2 686.1 689.8 696.5 682.5
757.1 771.5 784.5 794.8 804.4 812.6 820.4 826.4 832 837.4 841.6 846 849.5 849.7 849.8 849.9 849.1 847.8 846.2 843.4 839.3 835.6 832.2 827.6 823.8 819.5 816.3 813.5 810.2 807.6 805.4 798.2 796.2 793.6 791.7 795.4 789.9 793.8 797.5 801.6 806 812.1 816.7 822.1 825.5 829.6 832.3 832.9 831.9 829.6 826.4 822.3 817.3 812.4 806.2 799.6 794.4 790 785.4 780.8 773.4 769.7 767.1 763.3 758.4 756.6 752.4 753.3 746.3 737.9 726.6 708.9 692 703.5 720.2 733.1 734.9 723.2
738.9 754.3 768.7 780.3 791.1 803.5 814.4 822.5 828.8 834.3 839.1 844.3 847.4 848.6 849.3 849.1 849.3 848.2 846.3 843.1 839.6 836.3 832.8 828.3 824.2 820.2 817.5 814.1 812.4 810 806.5 800.1 798.3 794.2 792.3 796.7 791.8 793.8 798.7 802.5 807.8 812.9 817.4 821.4 824.2 828.4 830.6 832.2 831.4 828.6 825.4 821.6 816.5 810.1 804.7 798.7 793.8 788.5 782.7 776.2 771 764.7 762.1 757.1 754.3 748.3 737.7 735.3 724.8 713.9 709 704.5 717.4 729.5 739.7 755.3 763.6 760.6
718.1 734.1 748.8 760.6 777.4 795.3 808.3 816.9 824.4 832 837.7 843.1 845.9 847.6 848.5 848.9 848.5 847.4 845.7 842.6 839.5 835.7 833.4 828.7 825.3 820.8 817.3 816.1 814 811.1 805.6 799.9 799.7 794.8 793.3 797.1 796.5 789.2 799.7 802.6 808.8 814.1 817.6 820.5 824.3 827 829 829.8 828.7 827.3 825 820.3 815.2 808.8 804.3 798.4 793.6 788.9 783.1 776.4 771.3 763.7 760.6 756.2 749.6 744.1 735.9 724.1 725.6 726.5 733.2 735.3 732.7 742.2 754.8 764.7 770.7 761.1
693.9 711.8 727.2 750.9 770.3 789.1 802.9 812.8 821.8 829.5 836.5 842.6 845 846.4 847.2 847.1 846.6 845.1 843.5 840.9 839 835 833.3 828.8 825.2 822.3 819.6 816.6 815.1 812.3 808.3 801.4 798.4 795.8 798.6 799.2 797.6 789.7 799.2 803.4 809.4 814.8 818.4 820.7 823.6 826.3 828.1 828 827.4 826.5 823.1 819.3 814.7 810.4 804.8 800.3 795.9 791.3 784.3 778.1 771.2 764.7 758.4 750.5 737.8 732.4 731.7 726.3 739.7 742.7 747.3 741.4 743.2 751.3 762.1 770.8 771.4 761.8
673.5 702.4 726 746.2 763.7 785.1 798.6 809.1 820.6 830.1 837.2 842.3 844 845.3 845.5 845.1 844.4 842.4 841.2 840.4 837.6 835.2 833.6 830.3 827.8 823.7 822.1 818.5 816 813 809 803.4 800.3 799.1 801.6 799.9 799.4 798.8 792.9 803.9 809.3 815.4 818.2 820.9 823.3 825.6 826.9 827.9 827.6 825.8 822.2 819 814.9 811.5 807.1 801.6 797.3 791.5 784.6 777 768.9 760.4 750.1 739.4 746.6 742.5 730.5 736.3 748.8 750.9 750.9 749.4 747.1 757.6 767 773.6 772 767.7
665.9 690.8 719.4 740.4 759.4 779.7 795.9 808.6 822.6 833.5 839.6 841.7 842.5 843.6 843.7 843.4 842.1 841.4 840.6 838.5 837 834.5 832.9 830.2 828.9 825.9 822.2 818.9 816.1 813.2 808.6 803 803.8 804.3 803.3 802.5 801.6 801.5 791.3 804.3 809.4 815.5 818.3 821 823.1 824.2 825.9 827.1 826.4 824.7 822.1 819.3 815.7 811.4 807.1 802 797.1 790.4 781.5 773.4 765.3 745.9 747.2 752.9 750.2 739.1 736.2 743.2 753.4 756.6 757.2 757.2 752.5 760.6 768.7 774.3 775.9 774.6
656.1 681 707.2 728.4 744.6 766.4 791.1 809.9 824.3 834.9 838.9 838.5 839.4 840.6 841.1 840.5 839.5 838.7 837.7 836.2 834.4 832.4 831.2 830 828.6 825.9 822.3 818 815.3 812.1 805.6 807.8 807.6 800.4 805.4 804.8 804.4 803.7 791.5 803.8 808.8 814.9 818.5 820.6 823.2 825.2 825.9 826.8 824.4 823.8 821.9 818.9 815.4 811.2 806.6 800.3 794.2 787.9 776.6 766.4 752.3 763.9 761.9 760.9 755.5 751.8 742.6 750 758.2 762.3 762.6 761.9 760.3 762.6 769.6 774.2 778.4 785.1
638 664.3 689.4 705.4 730.6 757.7 784.1 807.9 823.4 831.9 834.9 834.4 835.4 837.6 838.4 838.4 837.3 836.7 835.3 833.9 832.3 830.7 829.8 828.9 826.4 823.7 819.1 816 812.2 812.4 813 813 811.7 800.9 807.9 806.9 806.7 806.2 796.9 802.7 809.2 814.6 818 820 823.2 825.1 825.7 825.8 824 822.9 821.3 818.3 815.5 809.6 803.6 797.6 791.6 781 770.1 754.5 768.7 771 766.7 763.8 755.9 759.7 750.4 755.9 763.2 766.8 767.8 765.7 769.1 769.9 773.5 775.4 781.1 790.5
619.9 643.9 664.9 691.7 718.4 744.9 770.5 794 811.8 822.1 827.5 828.4 830.5 832.3 833.6 834.7 834.8 833.9 831.6 830.4 828.4 827.8 826.7 825.8 822.8 819.4 813.8 817.2 816.9 814.6 815.4 815.1 813 809.4 809.4 808 808.8 808.3 805.4 796.5 810.7 814.8 817.6 820.3 822.8 824 824.5 824.8 823.2 821.9 820 816.7 812.2 807.5 800.9 794.1 784.5 771.9 755.8 768.9 774.9 771.9 768.4 771.2 771.8 768 754.2 761.4 769.2 771.8 773.7 774 777.4 777.5 779.1 781.4 785 790.4
603.4 630.5 655.1 677.4 701.3 723.1 748.9 765.6 783.2 788.1 813 823.8 827 829 829.9 831 831.2 830.1 828.8 827.1 824.4 821 820.6 818.9 817.4 821.6 821.7 820 819.6 819.1 817.7 816.7 811.2 811.7 810.5 809.5 810.3 810 808.8 795.8 810.7 813.7 816.2 818.9 821.2 821.8 822.1 821.9 820.7 819.6 816.7 813.9 809.6 804 795.1 786.5 773.1 760.1 772.4 776.8 779.1 781.6 779.2 777.5 776.5 772.4 763.3 765.4 773.1 776.7 780.1 781.9 782.8 783.2 782.8 784.4 786.1 789.1
594.4 613.9 638.6 658.2 679.5 703.1 721.7 738.3 744.6 769.7 805.4 818.3 823.5 825.2 826.8 828.3 828.3 826.2 824.5 822.9 821.8 824.8 825.4 825.4 825.7 825 824.6 822 821.6 820.9 818.1 817.7 808.1 812.6 811.7 811.6 811.5 811.4 809 795.8 810.9 813.4 815.5 817.6 818.8 819.7 819.6 818.5 817.1 814.9 812.8 809.2 804.9 799.3 792.4 776.9 761.2 771 779.4 785.1 788.3 787.4 785.5 783.3 779.3 775.2 768.7 769 776.7 780.6 785.7 787.5 787.9 787 785.4 784.6 785.5 787.8
596.5 605.8 618.2 639.4 659.6 681.7 700.5 701.4 727.6 763.2 801.2 814 818.6 821.6 824.2 824.8 826.2 827.1 827.3 827.8 827.5 827.7 828 827.9 827.5 828.2 826.3 824.1 823.2 821.6 818.6 817.7 808.7 813.2 813.3 813.6 813.1 812.2 803.2 799.3 809.2 811.8 813.9 815.3 816.1 816.8 816.2 815.1 813.2 810.9 807.3 802.1 799 794.1 782.5 765.2 771.8 781 788.9 792.9 793.2 791.8 789.8 786.9 782.6 776.5 769.4 772.4 780.4 786 790 791.3 790.2 789.1 786.5 784 783.6 785.3
593.4 606.6 615.4 628.4 644.6 661.9 671.9 698.1 722.7 763.3 793.8 804.9 811.4 819.3 823.7 826.8 829 829.9 829.7 830.4 830 829.8 830.6 830.8 831 830.5 827.5 825.1 823.9 822.3 820.2 817.9 809.4 814.5 814.8 814.6 813.8 812.2 801.7 796.7 803.5 810.4 811.4 812.1 813.1 813.1 811.8 810.1 807.5 804.6 798.5 794.3 789 781.5 765.8 775.7 784.1 790 795.5 797.6 797.3 795.5 793 789.6 784.2 778 773.2 777.5 786.1 791.1 794.4 795.5 793.5 791.5 789.3 785.2 782.8 780.4
603 613.6 620.1 630.6 641.3 656.3 679.4 701.5 726.2 761.7 790.8 804.5 812.6 820.4 826.2 828.6 830.2 831.5 832.9 832.1 831.9 832 832.1 831.3 831.1 830.5 828.1 824.9 824.9 823 820.9 818.4 809.7 816.1 815.9 815 813.8 810.6 809 802.9 797.7 806.3 808.6 808.7 809 808.2 806.8 802.9 798.2 791.4 789.4 785.2 779.7 766.8 779.1 788.6 792 795.4 799.5 800.7 799.8 798.2 794.8 790.3 783.9 777 781 785.2 792.4 795.9 798.5 799.4 797 794.9 791.1 785.7 783.1 779
616.6 624.9 632.1 640.2 641.7 659 683.8 712.4 740.4 775.1 803.7 812.5 819.4 824.8 827.9 830.9 832.5 832.9 833.8 834 833.3 832.9 833 832 831.1 829.7 828 826.6 826.4 824.2 821.9 819.8 814.7 817.8 816.6 815.4 812.1 809.8 808.2 798.5 805.7 803 804.6 804.7 803.7 802.6 799 795.6 787.9 782.9 779.8 774.2 768.6 776 788.6 794.1 796.4 799.6 802.5 803.2 802.1 800.8 797.1 792 787.1 779.1 785.8 790.9 797.2 800.9 801.2 802.7 802.5 799.7 794.6 791.3 786.6 780.6
633.4 642.7 648.7 657 654.7 666.1 693.6 720.7 754.5 792.2 807.7 816.9 823.1 827.2 830.4 833 834 834.5 835.2 834.8 834.2 833.7 832.6 832 831.4 829.1 829.6 828.2 828.1 826.3 823.3 817.3 819.9 818.6 816.4 813.9 807.8 809.9 801.7 803 804.7 800.4 801.6 800.3 798 795.5 791.7 788.3 783.7 777.4 775.6 770.8 772.5 784.8 792.2 797.2 800.1 803.5 805.1 805.3 805.2 803.6 799.6 794.1 789.5 787.3 787 795.3 800.6 804.9 804.4 804.8 805.4 803.4 799.5 793.7 786.5 778.2
652.6 666.6 676.4 680.9 685.4 670 710.8 736.1 771.4 798.8 808.1 817.6 824.2 830 832.3 834.3 835.8 835.1 834.3 834.5 834 833.6 833.4 831.9 831.6 830.7 829.7 829.6 829.1 828.3 823.9 814.5 820.1 817.8 815.4 812 810.6 806.2 800.4 803.2 801.2 799.5 796.9 794.9 792.1 788.3 785.8 782.4 776.8 775.6 770.4 770.6 778.2 786.7 794 799.1 803 805.7 807.3 808.3 808.3 805.3 801 797 792.3 794.1 791.8 798.3 804.9 807.7 806.6 806.8 806.2 803.9 799 793 785.2 775.9
676.1 690.1 700.2 709.2 720 714.8 721 754.1 783.2 799.3 807.9 817.4 825.2 830.2 832.8 834.3 835.4 835.5 834.6 834.9 834.4 833.3 832.5 831.6 830.8 830.8 829.7 829.4 828.7 827.4 822.9 818.9 819 816.7 813.2 810.6 807.3 800 802.9 801.6 796.7 792.7 790 788.8 786.7 784.8 783 780.2 774.5 771.1 771.1 769.8 776.5 785.4 794.1 799.6 803.6 806.8 809.8 810.5 810.9 807.2 803.3 799.6 793.8 798.8 800.6 801.2 808.4 811.4 809.2 808.2 805.8 802 797 791.2 783 773.9
695.1 706.7 722.6 743.6 755.5 750.6 729.3 761.6 785.5 799.4 808.3 817 824.7 829 832.6 834.2 835.6 835.6 835.2 834.4 833.5 832.6 831.4 832.4 830.7 830.8 830.1 829.3 827.3 825.5 821.7 817.9 816.9 812.3 811.7 808 805.1 799 801 793.6 790.2 785.9 782.7 783.2 782.1 781.3 778.9 774.5 772.3 769.9 765.8 766 774.7 783.2 792 798.5 803.4 807.5 810.3 812.3 811.6 808.2 803.3 799.1 801.6 806.9 808.4 809.3 812.3 813.5 810.3 807.9 805 798.2 793.8 791.2 787.5 781.8
703.2 719.4 746.8 765.6 770.1 771.4 755.8 756.4 781.6 796.4 806.5 814.4 821.7 826.9 830.9 833.2 834.4 834.9 833.8 833.1 832 832 831.4 830.9 830.3 829.7 828.4 827.2 825.1 822.6 819.7 816.2 812.9 810.7 807.1 804.7 801 796.8 791.8 787.3 787.1 785.8 782.5 779.3 778.4 776.8 773.8 771.6 769.2 763.6 760.9 762.2 771.2 779.9 788.8 795.1 800.7 805.2 808.8 811.3 811.1 807 804.2 806.8 810.3 816.2 818.1 817.3 815.9 814.5 811.7 808.7 805.5 801.6 798.1 794.3 789.4 782.4
710 735.9 762.1 774.9 780.9 781.4 775.7 761.3 776.1 793.4 804.1 811.8 818.8 824.5 828.4 830.9 832 832.9 832.3 831.5 829.9 830.4 829.9 829 827.4 827.4 826.5 824 823.2 820.7 817.3 813 809.6 806.7 805.8 801.7 795.2 791.6 790.1 785.4 783.3 782.3 778.8 775.7 773.2 772.1 771.3 767.9 759.4 756.4 752.8 759.5 767.8 776.5 783.7 789.9 796.5 800.8 805 807.9 808.1 808.2 808.9 815.3 821.6 826.1 826 823.2 821 817.6 814.3 810.3 807.5 803.3 800 795.1 787.9 774.1
721 750.8 772.1 785 783.5 788.2 784.5 777.5 767.3 788.3 800.6 808.5 814.3 820.6 825.2 828 829 830 829.5 828.8 827.3 826.7 826.9 825.8 824.5 824.2 823.4 821.1 819.6 817.8 814.6 810.8 806.1 803.5 798.9 794.9 793.2 788.8 787.3 781.8 779.1 776.7 774.7 772.2 767 770 768.6 762.4 756.1 743.8 745.1 755.2 763.9 772.1 779.1 783.9 789.7 794.8 798.3 801 802.8 806.8 810.5 820 827.7 831.6 831.1 828.5 825.3 822.1 818.8 812.9 808.6 804.1 800.1 793.7 773.8 744.2
