WholeMapElevations/data/nn/nn44_OST50GRID_20230518/NN44.asc
ncols 200
nrows 200
xllcorner 240000
yllcorner 740000
cellsize 50
[rows 35 to 69 of 200, columns 0 to 77 of 200]
335.9 334.3 336.2 335 335.3 335.7 335.8 336.7 337.6 339.9 340.2 341.5 347.7 357 360.5 354 354.6 356 357.4 359.1 360.8 363.9 365.6 370.6 373.7 377.8 379 383.2 386.5 390 396.4 403.4 404.5 406.8 411.9 416.3 424.7 430.3 426.9 440.8 439 441.7 447.2 451.9 456.9 460.5 467.2 471.3 472.2 475.8 481.1 481.5 485.8 490.8 496 497 500.7 507.2 512.1 517.6 521.4 526.9 532.1 536 542.5 546.5 549 551.8 559 560 569.4 576.4 574.8 576.9 581.8 586.2 590 590.6
336.3 334.1 336.7 336.5 335.5 335.5 336 336.7 337.2 339.3 341.4 343.1 344.8 350 351 351.8 353.4 355.4 358.1 361.3 362.9 366.9 368.3 370.2 381.3 381.3 384.2 388.4 392.4 398.2 405.7 408.6 409.3 413 415.2 425.2 431.7 435.1 436.6 441.2 446.5 448.3 452.4 457.1 462.1 468.8 471.6 474.7 478.3 482.3 486 489.7 489.6 493.3 499.7 503.5 508.5 514.2 519.4 521.6 529.8 532.5 537.2 542.9 546.2 549.6 557.5 558.2 561.2 565.6 573.6 577.6 584.7 585.6 593.1 595.8 594.8 596.9
336.8 333.8 337.8 336.2 336 335.9 336.1 336.4 338.6 340.9 342 344 346.4 349.2 351 352.4 353.7 356.3 358.8 362.7 367 370.7 373.9 376.5 377.8 387.1 394.7 395.2 401.4 412.7 412.1 412.4 413.9 419.5 424 430.4 436.6 442.3 447.1 446.3 455.9 461.3 457.4 464.7 470.2 475.4 474.7 483.6 484.7 487.9 492.9 492.8 495.3 499.6 502.8 507.8 516.6 520.7 522.7 529.7 531.7 536.1 540.4 546.7 548.6 554.9 561.3 565.1 568 572.8 578.9 584.5 588.7 595.4 600.4 605.7 604 607
334.3 336.8 336.8 336.9 336.9 338.1 338.8 338.1 339.1 341.3 343.4 344.8 346.9 348.9 352.2 356.2 357.9 359.8 361.8 365.2 374.1 375.7 379.4 383.6 387.4 392 401 402.5 407.4 415.6 416.1 418.2 422.5 428.4 434.7 437.2 445.3 451.6 454.4 458.2 463.4 467.6 467.7 474 477.4 480.3 484.4 486.4 489 492.8 499 496.9 500.7 506.3 511.4 515.8 520.1 523.9 527.9 531.8 535.2 541.6 545.1 547.8 552.9 557.3 561.8 566.1 574.2 577.1 584 589.2 594.9 601.6 604.4 606.3 609.1 612.9
336.5 338.4 338 338.4 338.6 339.6 340.1 340.4 340 340.1 342.4 343.5 347.3 352.8 357.9 360.2 364.6 368 371.4 377.3 379.9 381.1 386.5 392.2 396.5 397.3 403.5 412.5 413.1 417.2 420.6 426 431.4 438 443.8 446 452.4 459.4 464.2 468.2 467.3 472.1 477 481.1 481 485.2 489.6 489.4 494.4 498 499.6 501.1 508.4 512.2 517.6 523.2 521.3 526.8 529.8 535.3 540.3 546.2 548 551.6 556.4 562.5 566.3 569.5 577.1 584.3 589 596.3 601.2 605.5 611.3 613.8 619 623.6
335.9 337.9 339.2 340.3 340.5 339.4 343.4 344.1 344.3 343.4 345.5 346.7 350 355.3 362.4 365.6 370.6 379.6 383 383.6 386.5 390.3 393.5 400.7 404.5 405.5 414 423 420.5 426.2 431.6 434.8 442.2 445.1 450.4 457 457.6 465.2 470.6 474.6 474.4 478.5 481.7 483.3 486.1 491.7 493.6 496 500.5 500 503.2 507.7 513.5 518.8 523.9 524.2 525.8 526.5 534 539.4 544.9 549.7 553.3 559.9 562.5 565.1 569.3 574.7 585 589 594.4 603.1 609.9 613.8 617.8 622.6 631.3 633.8
337.1 337.9 341.2 342.2 342.8 344.6 346.2 345.3 346.9 348.2 348.4 351.8 355.9 362.1 368.4 374.6 378 384.5 388 392.6 397.5 403 404.8 411.2 415.3 407.8 418.3 432 430.8 435 439.1 444.5 449 452.9 458.1 462.8 465.9 474 477.9 479.9 481.6 483 487.4 487.7 490.6 493.4 496.3 498.5 501.2 503.2 509.4 513.7 521.6 521.3 525.9 528.5 530.9 534.6 536.7 542.8 548.1 552.2 559.6 563.6 564.4 567.9 573.1 582.3 588.8 595 602.3 607.1 615.1 620.2 625.3 632.5 639.6 644
340.1 341 341.9 344.7 346.8 348.9 349.6 349.7 351.7 352.9 353.6 356.8 362.5 370.4 379.8 382.2 385.5 391.3 398 401 406.4 414.1 420.5 423 427.7 420.9 430 435.7 439.8 445 451.7 453.3 458.8 463.7 466.3 471.2 471.9 478.9 483.2 483.1 488.5 489.9 489.7 490.9 492 495.5 499 502.3 505.5 510.8 515.9 521.5 524.6 527.5 531 535.5 537.1 539.4 540.6 545.5 551.2 554.8 562.2 564.4 567.9 573.1 579.2 588.2 594.5 601.7 606.9 613.5 621.1 630.9 635.1 641.9 648.7 656.6
343.1 344 343.6 345.7 349.9 351.9 353.9 352.7 357.2 360.6 361.4 366.4 368.7 376.4 384.8 391.2 398.5 403.8 409.5 415.3 423.4 428.7 430.3 436.3 438 437.6 440.1 441.7 449.1 457.9 458.8 463 466.5 470.6 473.7 478.6 478.2 484.3 486.9 490.1 491 491.7 491.3 494.6 496.2 499.8 502.8 506.2 509.6 515.7 522 527.7 528.8 531.7 535.4 541.8 545.1 548.1 549.6 551.1 556.2 560 562.7 568.6 574.8 580 582.7 589.8 598 605.9 615.6 622.7 629.8 638.2 644.1 652.2 660.5 667.5
346.2 348.7 348.4 351.1 354.4 355.7 356.9 357.6 364 367.6 371.5 375.4 379.1 385.9 391.5 399.3 407.9 414.9 424.6 430.4 435.8 441.6 437.3 441.8 441.1 443.7 448.4 450.1 454.1 464.8 467.1 471.2 474.5 480 482.3 484.3 486.1 490.9 493.3 494.5 494.8 495.8 494.4 496.2 498.1 508.5 510.2 512.2 516.2 520.8 526.8 531.2 535.9 537.1 541.9 545.8 550.2 552.2 556.6 552.6 558.4 566.8 572.6 574.3 577.8 582.6 586.7 596.1 602.7 612.2 621.1 630 635.8 644.9 654 664.3 674.2 682.9
349.3 351.6 353.4 356 357.4 359.1 360.8 364.5 370.5 374.6 380.2 384.2 390.5 395.5 405.6 412.5 423.7 430.4 437.7 443.9 449.9 448.2 447.9 449.3 450.8 457.5 449.4 462.8 463.8 467.5 473.3 476.3 481.9 484.9 488.9 492.9 489.9 492.8 495.9 498.2 497.1 497.1 500.5 499.7 502.9 510 517.8 519.4 523.2 528.8 533.7 539.5 542 544.2 546 549.6 553.4 556.8 560.9 561.1 565.8 572.5 576.4 577.6 583.3 587.7 592.4 601.2 606.5 616.9 623 633.3 642.1 652.1 661.1 669.9 679.1 687.4
352.5 356.9 357.8 360.9 364.9 364.9 367.3 371.9 374.7 382 387.4 393.3 400.1 406.8 418 425.3 436.9 445.8 455.8 461.6 460.7 463.1 462.7 458.3 463.4 464.9 465.2 468.3 471 476.8 479.6 481.6 487.7 491.9 492.1 495.2 494 498.9 500.6 501.8 500.1 500.5 504.3 502.8 508.7 515.9 520.6 526.1 530.7 534.8 540.4 547 547.3 548.6 551.3 554 556.4 561.7 565.9 565.5 564.7 574.2 580.9 582 584.6 589.9 594.8 604 609.9 618.8 629 637.7 646.2 658 665 671.6 678.8 683.9
357 358.3 362.2 363.3 366.7 369 372.2 377.1 381.1 385.8 392 402.2 409.1 414.7 424.6 434.5 444.3 454 462.3 468.9 477.3 479.7 476.9 472.1 472.1 474.1 473.1 474.7 481.8 480.9 484.3 489.8 495.6 496.3 496.1 497.2 501 502.1 504.5 502.6 503.8 508.8 511.3 507.8 513.4 519.6 526.8 531.5 534.6 540.5 544.1 550.9 552.5 554.9 557.1 559 560.5 565 569.2 567.8 572.4 577 582.2 586.9 590.2 593.6 602.8 607.4 612.5 623.5 632 639.6 645.7 657.8 666.9 673.8 677.9 683.9
361.5 361.9 364.5 368.5 370.6 374.1 379.8 386.1 389.7 396.9 399.7 410 414.5 427.2 436.1 447.3 460.7 469.5 478.1 484.9 490.9 489.9 483.4 481.9 484.2 482.1 478.9 480.2 483.3 484.3 489.9 494.6 498.8 504 506.9 502.7 503.6 503.9 505.8 508 511.7 517.5 519.1 514.3 520 524.3 531.5 538.5 541.8 545.3 551 551.9 558.6 558.8 560.2 564.6 568.3 571.1 571.6 575.2 580.3 580.7 586.8 590.6 593.9 599.7 610.2 614.1 621 629.6 636.5 647 654.8 659.9 668 674.5 682 683.4
361.7 364.2 368.8 375.8 377.3 382.4 387.1 393.1 401.3 406 415.8 416.5 424.8 435.6 446.8 460.4 472.6 484.9 493.8 503.1 504.8 508.3 494.5 495.3 492.8 491 484.4 485.6 487.7 490.6 498.6 502.2 502.6 505.9 506.1 509.2 509.5 508.8 511.1 514.5 518.6 521.9 523.5 523.3 524.5 532.4 536.5 546.1 546.1 548.9 554.1 554.2 559.7 563.3 566.3 567.7 573.3 574.1 576.2 582.3 586.6 587.3 590.5 595 600.9 608.5 612.8 618.5 627.4 631.6 640.1 650.5 655.7 663.5 670.9 676.6 682.9 688.4
366 368.5 372.3 381 385.8 396 397.3 404.6 411.6 417.7 423 424.6 436.7 445.6 461.3 471.7 484.9 494.7 505 515.7 509.5 510.1 498.1 497.2 498.7 496.2 493.4 491.5 494.9 500.1 503.8 507.4 511.2 511.3 511.6 513 511.4 515 516.6 521 523.9 526.5 523.9 529.4 529.7 535.2 540.8 549.1 553.2 554.8 559.1 559.9 563.9 567.9 573.6 575.8 579.1 581.3 581.4 583.8 587.3 591.1 591.8 596.7 605.1 610.5 614.1 621.8 628.4 639.2 639 646.5 654.1 661.6 666.4 672.3 679.5 686.5
373.4 373.1 378.5 385.2 391.2 401.3 409.7 416.4 421 424.5 434.1 443.7 444.8 461.5 473 481.2 491.7 505.6 512.2 515.9 513.2 510.5 499.7 504 502 499.4 502.2 499 504.3 508.7 509.7 512.7 516 515.6 516.6 517.4 515.2 521.4 523 525.9 529.3 530.1 528.9 535.8 535.8 541.5 547.3 552.8 557 560.7 565.6 564.9 568.1 574.8 577.3 582.7 584 583.1 585.4 588.5 592.2 594.1 597.2 599.8 609.7 617.7 621.5 626.5 634.5 637.6 644 647.7 654.5 659.2 666.3 672.1 677.6 684.4
374.9 378.9 383.3 390.3 398.1 405.9 413.8 419.9 423.5 433.6 444.7 446.8 456.5 470.5 482.2 491.5 499.5 507.4 513.9 516.5 513.3 512.3 504 506.7 506.9 506.3 506.5 504.7 506.5 510.9 516 516.7 517.9 518.5 518.9 518.8 520.8 526.1 529.8 532.3 535.3 536.2 533.7 534.5 539.6 544.2 549.4 556.1 559.9 564.3 567.7 570.6 572.9 582.7 584.2 587.3 590.2 589.6 592.7 596.5 597.9 604.4 600.5 608.7 614.3 618.6 623.1 626.8 633.2 639.1 646.5 653.9 653.1 657.9 664.1 671.5 678.7 685.3
377.7 385.3 390.6 396.5 402.3 412.4 419.6 423.7 430.1 438.8 449.8 458 467.6 478 492.2 503 507.6 511.6 517.4 518.4 514 512.4 509.3 511.6 512.1 511.7 513.7 512.5 511.4 516.8 518 520.8 521.9 522.8 524.2 523.2 528.1 533.1 537.9 538.5 542.2 541.8 541.7 543.4 542.7 552.2 557.3 560.8 562.2 566.8 570.5 579.6 577.8 584.9 589.5 594.9 595 598.5 602.5 604.1 604.7 606.2 606.2 613 616.7 619.7 626.9 632.7 636.4 642.1 646.2 650.9 654 659.1 666.2 674.4 686.6 694.6
384.4 390.6 398.6 404.5 410.6 417.9 427.1 430.9 436.4 445.7 457.7 467 476.8 487.1 498.5 506.9 511.7 518.1 520.4 518.6 518.6 513 513.7 517 516.8 515 519.2 517.9 517.8 521.1 526.1 523.4 524 525.4 527.8 529.1 535.4 539.2 544.1 547.7 547.9 546.1 547.2 551.7 551.9 557.1 563 564.7 565 570.4 572.9 579.9 584.6 587.9 595 597.4 603.6 607 609 609.4 610.2 608.4 609.1 614.2 617.4 622.7 630.4 633.4 637.7 638.9 646.1 653.2 656.7 661.2 669 677.1 683.9 697.6
394 401.7 404.5 411.3 417.8 426.7 437.9 438.9 445.4 452.5 465.9 475.2 485.7 498.8 508.5 513.5 518.3 522.3 522.8 523.8 522 518.2 519.2 522.7 519.5 522.3 521.5 523.8 520.8 525.5 529.6 528.2 528.1 534.7 531.9 535.1 538 544.5 547.1 550.9 550.5 551.9 555.9 556.8 556.5 557.1 566.2 568.6 569.7 571.5 577 585.6 588.9 594.9 598.9 604.2 607.7 614.7 618.2 615.8 614.3 615.2 618.5 621.4 621.1 626.4 634.2 633 638.8 644.8 649.1 653.2 655.5 662.8 671.2 682.3 688.2 698.9
401.2 404.5 407.8 417.2 430.1 433.4 441.9 446.6 457.1 467.4 477 483.7 496.2 509.6 518 519.7 523.2 525.3 526 528.7 527.8 523.4 526.3 526.1 525.2 528 526.6 529.6 525 530 532.9 532.6 536.6 542.1 542.4 543.3 546.1 547.5 550 553.4 556.2 555 558.9 558 559.8 562.2 568.6 572.6 575.8 576.2 582.8 588.5 596.2 600.3 601.3 605.7 612.9 617.4 619.1 620.3 621.2 621.1 618.6 622.7 621.1 625.6 632.2 635.5 640.5 644.2 647.4 652.1 656.9 664.2 675.7 686.2 696.3 705.2
407.5 411.1 414.7 423.6 435.8 445.1 450.2 455.5 465.8 478.3 485.9 496.3 508.6 519.4 523.8 528.4 528.9 529.4 532.3 534.4 534.4 528.5 532.6 531.1 532.3 530.3 532.7 532.6 531.3 532.3 533.7 538.4 542.8 549.8 551.8 549.8 554.2 552.2 555.2 558.7 557.8 562.7 564.1 560.5 568.9 569.4 569.3 578.2 581.9 583.1 588.4 595.1 598.8 605.8 608.1 612.8 612.7 618 619.6 621.7 624.2 628.4 623.1 621.1 623.1 624.6 630.3 635.1 639.7 645.2 648.1 652 658.9 673.6 683.1 693.1 700.1 707.4
409.9 417.2 420.7 432.1 439.9 450.6 457.5 467.1 474.1 487.3 497 509.4 528 530.3 533.5 534.8 536.4 535.9 538.3 541.3 539.6 535.7 537.5 535.5 533.9 535.9 535.1 535.9 536.2 532.7 538 542.4 551 555.3 553.9 556.1 558.7 558.3 560.4 562.6 565.8 569.9 573.2 567.9 571.8 576 577.9 577.5 581.8 586.6 593.3 598.3 605.1 609.8 613.3 615.6 617.8 623.4 623 626.4 630.5 632.5 627.7 626 625.7 627.5 631.3 636.4 639.5 644.8 649 656.6 663.9 680.7 691 698.8 704.9 710.5
412.9 421.1 430.8 444 448.6 458.9 463.3 472.6 484 499.4 508.2 521.6 538.2 540.2 547 547.9 544.2 544.5 546.1 547.9 544.7 540.9 542.3 540.3 539 542 541.1 539.5 542.3 535.5 540.1 546.9 556.6 555.8 557.6 561 562.1 561.9 566.8 567.9 570.6 576.4 577.7 577.6 577.8 580.8 582.6 579.7 583.8 588.8 598.1 602.8 610 612.3 615.1 619.6 623.3 624.5 627.9 629.8 632.7 633.3 632.4 631.6 630.1 629.9 633.3 639.5 643.4 646.1 650.6 660.2 667.8 683.5 697 701.6 706.7 712.2
417.1 425.1 432.2 443.1 452.6 466.2 475.4 486.9 504 513.3 525.2 535.1 547.2 552.7 558.5 557.5 554.8 553 552.9 552.8 550.6 546.4 547.6 545.8 543.2 546.9 544.1 543.9 546.8 539.9 543.3 552.4 561.5 565 562.6 565.9 567.1 569.4 572.4 575.3 577.2 582.4 582.3 579 583.3 584.8 586.4 583 585.9 592 600.6 609.9 615.7 615.3 619.1 624.5 627.2 627 629 631.5 632.6 634.4 632.7 634.6 635.7 635.9 634.9 640.9 645.4 648.7 657.5 667.1 679.5 692 697.3 704.7 708.8 712.1
420 429.6 440.5 449.9 460.7 475.4 483.3 496.2 509.6 524.2 540.2 546.5 559.4 563.8 566.7 566.7 565.5 562.3 561 561.8 555.8 553.6 554.3 553.4 548.6 551.6 547.3 547.7 550.4 542.5 548.6 556.2 564.1 565.2 567.2 571.3 574.2 577.1 581.5 584 584.8 585.1 585.5 583.2 589.3 589 588.4 588.1 590.2 598 606.1 613.5 616.8 618.1 625.3 629.9 631.8 629.5 630.7 632.9 634.5 639.5 636.3 639.7 640.7 640.3 638.2 639.5 646.6 654.5 661.6 673.3 687.2 694.6 702.3 707.8 710.3 712.6
428.4 439.7 449.6 458.9 470.9 485.1 499.1 508.8 524.6 540.5 550.1 559.2 569 576.5 578.3 579.1 578 572.7 569.8 566.4 565.4 560.7 562.4 555.4 556.7 555.7 554 552.5 555 547.4 554.4 559 566.9 569.4 572 576.8 578.3 583.9 590.4 590.8 595 590.7 588.6 588.5 593.5 594.8 591.5 594.2 596.5 602.6 608 616.6 619.5 625.1 631 634.3 632.4 630.1 632.5 636.5 637.7 642.4 642.7 641.5 641.7 642.1 641 642.7 648.5 656.4 664.7 677.7 687.1 694.9 698.2 705.5 709.2 710.9
438.7 450 456.9 468 483.8 498.6 508.4 520.4 538.5 549 562.4 572.1 582.8 588.8 591.5 590.5 589.2 586.1 580.1 572.6 570.4 567.3 565.8 564.6 561.9 562.3 560.9 554.5 554.5 552.7 557.8 564.8 566.1 573.3 578.4 580.8 583 589.1 591.5 592.5 595 594.2 591.9 595.1 597.9 597.3 597.8 596.8 602.6 608 614.9 620.6 623.4 630.8 634.9 636.2 632.4 637 639.9 639 641.9 645.6 646.9 646.8 645.8 643.1 643.3 645.5 650.8 657.5 665.5 675.7 687 694.8 699.3 704.3 706.9 708.1
446.1 455.6 470 479.3 495.3 508 521 533.7 552.4 561.5 575.9 586.1 594.5 601.4 604.4 604 602.8 597.5 592.8 585.2 580 574.3 570.9 569 566 564.6 563.9 564.6 554.9 557.5 562 570.3 572.6 576.1 584.8 588.7 587.3 589.1 593.7 596.6 598.3 597.9 600.3 602 601.8 602 601.1 603.9 609.2 615 618.4 624.8 629.8 632.1 636 635.6 638 640.1 638.7 638.9 643.4 647.2 650.8 652.3 651.7 649.5 648 647.1 652.1 657.7 665.1 675.7 685.6 691 697.9 702.9 706.1 704.7
453.5 466.6 477.6 492 504.7 516.8 531 547.8 561.2 577.1 590.3 600.1 608.5 613.2 616.3 616.3 614.8 608.9 601.1 595.1 588.6 581.3 577.4 572.6 571.8 570.9 567.1 565.5 561.7 564.4 565.4 571.5 578.2 578.2 585.4 589.2 592.8 597 601.3 600.5 600.5 601.5 604.2 605.7 605.3 605.1 605.5 609.2 612.2 614.7 618.1 626.1 631.3 634 637.6 636.9 636.3 640.1 639.6 645.2 650.8 655.3 656.8 657.1 655.6 654.7 652.4 649.7 652.9 659 665.9 672.2 682.4 687.1 692.7 697.4 699.2 698.1
456.6 472.1 483.5 496.3 513.5 527.3 542.6 558.8 577.2 594.3 606.3 613 620.2 623.3 627.7 628 626.5 619.2 611.8 605.6 598 590.6 584.8 577.1 578.4 574.5 570.9 566.8 566.7 566.1 567.2 573.4 579.6 584.2 587.2 591.2 596.1 601 603.5 603.2 606.3 604.6 610.2 611.1 610.1 610.4 610.5 610.8 615.7 616.2 620.2 624.1 629.1 633.9 639.3 636.7 637.3 640 645.9 654.8 658.6 660.7 662 660.6 657.3 655.1 652.7 651.6 651.1 655.5 662.7 671.3 677.1 681.3 686.5 689 691.3 689
459.5 474.9 489.9 503 521.8 537 558.4 578.4 596.8 608.3 618.2 624.6 632.9 636.7 639 640.2 637 630.8 626.4 617.1 605.6 597.4 590.9 586.2 581.3 578.5 575.6 572.1 573.3 573.1 573.8 573.4 580.6 587.7 593.5 595.2 600.9 604.5 606.2 610.2 609.9 609.4 614.3 618.8 616.2 616.8 614.6 614.9 615.7 618.2 621.7 626.4 630.8 636.5 641.8 640.3 643.5 651 656.8 664.6 667.4 667.5 665.8 661.9 658.5 655.4 652.6 651.1 648.3 650.3 656.4 663.7 670.7 674.8 678 678.2 679.6 675.1
461.2 476.3 493.4 508.5 530.8 547.3 573.3 591.2 606.2 619.3 628.5 638 645 649.2 651.4 652.3 648.3 641.9 635.1 624.9 612.8 604.4 595.6 595.4 590.9 584.7 581 577.8 576.2 578.6 578.7 580.1 584.1 588.7 594.1 600.8 603.5 608.7 612.7 614 615 614.8 620.4 622.5 621.9 620.5 621.7 620.9 623.6 623 625.4 628.6 634.2 639.3 643.9 646.9 652.2 660.2 666.3 670.6 671.5 670.4 666.6 666.3 660.7 658 653.8 653.6 646.2 645.5 647.9 653.4 659.1 663.4 666.7 667.4 664.5 656.8
466.2 481.5 498.4 516.3 534.4 555.2 578.4 600.7 616.9 629 640.6 650 656.6 660.7 664.2 663.2 659.4 652.1 640.9 633.3 620.2 611.6 602.4 602.6 596.2 591 585 582.1 583.9 586.8 582.7 587.7 592.1 595.8 596.1 601.1 608.1 611.3 614 616.9 617.9 619.6 623.9 628 623.5 623.2 625 626 624.2 626.6 629.1 634.8 638 644.9 650.8 655.9 662.9 668.8 670 672.4 674.8 677.7 677.4 675.4 671.7 668.5 658.2 651.6 645.6 640.7 638 641.6 647.3 649.9 652 651.7 646 636.5
