UK/data/sj/sj97_OST50GRID_20230518/SJ97.asc
ncols 200
nrows 200
xllcorner 390000
yllcorner 370000
cellsize 50
[rows 0 to 34 of 200, columns 0 to 77 of 200]
88.8 88.7 89.3 89.8 89.5 89.8 90.3 90.7 91 90.7 90.3 90.8 89.9 92.2 97.2 97.5 93 95.1 95.9 96.5 98.5 99.8 101.2 101.8 103 105.7 107.1 106.7 109.6 109.1 109.2 106.7 103.4 105.3 110.2 110.1 111.2 111.7 111.1 112.5 112.9 114.6 116 117.7 118.5 120.2 122.2 121.7 122.2 124.8 128.3 131.8 132.1 136 140.1 146.9 153.5 157.1 160.2 169.1 180.5 183.8 186.4 187.1 186.3 181.7 180.8 180 174.7 169.2 173.4 187.8 194.4 197.3 195 192.2 191.3 193.7
89.9 89.8 89.9 90.6 90.3 90.5 91 91.1 91.4 90.9 91.6 90.8 89.9 90.8 93.8 96 93.3 94.8 96.2 98.8 99.7 100.8 102.6 103.7 103.4 104.2 105 105.9 109 111.5 111.7 110.2 107.5 105.3 106.4 108.2 110.2 112.8 113.8 114.8 115 115.4 115.1 116.8 119.1 120.9 122.9 124.6 126.4 129.1 129.9 133.4 135.6 140.9 144.4 148 153.6 157.5 160.4 167.6 177 186.8 190.7 190.5 191.7 184.1 185.3 186 178.6 170.5 172.2 183.4 198.3 202.2 202.8 201.6 199.1 199.5
95.9 93.1 91.9 91.2 90.9 91.2 91.1 91.2 91.2 91.2 90.6 91.2 90.7 91.4 93.2 93.9 94.1 95 98.4 100 100.1 104.1 104.1 105.3 106.1 103.4 104.1 104.8 109.3 114 114.6 113.2 109 106.6 106.2 107.4 109.2 112.1 114.5 115 114.8 117.2 118.3 118.5 118.4 120.4 122.9 125 128.4 131.5 131.7 132.8 137.7 144.4 147.7 149.2 154.6 157.5 160.6 167.6 176.6 184.2 191 196 196 187.4 186.9 185.8 182.2 175.1 170.8 180.9 197.9 204.4 206.8 206.8 205.4 201.4
98.3 98 96.5 94.4 91.8 91.5 91.2 91 91.2 90.9 91.8 91.7 91.7 92.6 93.6 93.7 94.8 95.9 98.7 101.1 103 101.9 106.5 107.1 107.6 105.4 106 107.2 112.7 115.3 115.6 114.9 112.6 109.9 110.5 110.6 108.1 111 111.9 110.9 113 116.6 119 119.8 120.2 120.2 122 124.9 128.3 131 132.2 133.6 139.2 143.7 147.7 150.6 155.2 157.6 154.9 164.3 171.1 179.9 187.2 197.8 200.8 189.9 186.6 199.4 189.2 176.1 169.9 179.8 199.3 206.9 208.9 208.8 208.1 205.4
100.5 100.8 100.1 98.8 94.5 92.7 92 91.7 92.3 92.3 92.5 92.5 92 92.7 93.7 94.4 95.4 97.1 98.8 101.9 104.3 106.4 107.9 107.9 109.3 109 108.8 110.9 111.4 115.1 116.3 115.3 114.3 111 111.2 112.2 110.8 111.4 112.8 114.6 116.2 115.6 117.8 120 121.2 122.2 123.9 125 127.7 129.6 132.2 134.4 139.1 143.4 148.3 153.5 157.1 157.6 151.7 159.3 167 173 180.8 190.1 200.3 190.2 194.4 203.8 192.9 176.9 169.8 180.5 201.4 208.2 212.1 212.1 211.7 211.1
102.9 103.9 102.2 101.3 97.9 93.8 92.6 92.6 92.4 92.7 93.2 92.5 93.1 93 94.1 94.8 96.3 98.2 100.2 101.4 104.7 107.6 108.4 109.6 110.1 111.5 111.7 112.8 111.1 116.2 116.2 115.7 114.1 111.9 112.5 112.7 113.6 111.9 113.8 116.1 117.6 119.3 115.6 118.5 121.6 123.5 125.5 127.3 127.3 130.2 132.2 135.8 139.3 143.8 149.5 154 158.5 157.7 162.9 164.3 160 167.8 174.2 182.8 191.7 201.9 210.7 210.6 196.1 177.3 172.1 181.6 199.2 209.8 215.5 216.4 218.4 217.9
103.1 104.6 103.2 101.3 97.9 96.5 92.8 92.7 92.9 93.2 93.6 92.7 92.5 93.3 94.1 94.8 96.8 98.7 100.6 102.9 103.5 107.7 108 109.3 109.8 112.1 114 115.1 114.6 116.8 116.4 116 115.2 113.5 113.8 114.1 113.8 113.9 115.6 116.7 118.3 119.6 120 120.3 118.3 122.8 125.9 128.6 129 130.6 133.1 136.1 139.6 143.5 149 153.6 158.1 161.6 166.3 168 168.7 162.9 169.4 174 181.5 191.5 203.2 206.2 191.2 173.3 173.6 182.8 201.2 210 216.9 220.3 222.9 223.2
102.5 106.3 103.6 101.5 100.6 99.2 92.6 92.8 93.1 93.6 93.9 93.6 93.2 94.2 94.4 95 96.9 100.1 102.9 106.4 104.2 108 108.5 108.2 108.7 111 114.1 115.6 114.1 117.3 117.6 116.8 116.5 115.3 115.6 115.7 115.4 114.3 116.3 118.2 119.4 119.5 121.3 122.6 122 121.8 125.5 127.3 128.8 128.8 131.9 136.2 140 143.3 148.3 152.6 157.9 162.3 164.6 168.8 169.1 164.9 167.4 166.3 169.6 176.2 182.1 183.8 178.5 168.8 175.5 187.8 207 212.2 215.1 216.6 217.6 216.3
102.3 105.4 105.8 104.4 102.6 97.2 93 92.9 93.6 94.1 94.5 95 91.9 94.4 94.2 94.9 97.2 100.7 103.7 107.3 109 108.8 108 108.2 108.6 110.1 112.9 115.3 116.6 118.3 117.8 116.3 117.6 117.2 117.1 117 116.5 116.2 118.4 119.1 121.7 121.5 121.2 122.7 123.3 124.9 127.1 128.8 130.1 132.7 134.8 137.8 141.7 144.2 146.8 151.4 157 162.4 167.1 170.4 170.2 168.3 166.7 166.3 166.3 166.3 166.7 172 169.5 171.6 181.5 194.3 209.8 216.5 217.8 217.2 217 213.9
104.1 104.4 105.4 105.8 103 97.6 93.2 93.4 94.3 94.4 94.5 94.9 93.8 94.8 94.9 95.1 96.4 99 103.6 107.1 108.3 109.9 109.2 108.9 108.7 110.7 113.6 114.8 116.6 118.4 118.1 117.6 118.5 117.4 118.5 118.3 118 117.4 117.8 119.8 122.8 123.9 122.5 122.9 125 126.5 128.2 128.8 130.3 133.6 137.7 140.6 147.7 148.8 145.2 148.9 157.1 162.6 167.4 170.6 170 169.4 171.3 166.3 166.3 166.3 166.3 166.3 168.3 176 187.3 195.2 209.1 222.8 222.5 225.6 223.5 221.8
104 105.4 106.2 107 102.9 94.9 93.6 94.3 94.2 94.3 94.9 95.4 92.8 93.5 95.6 95.5 97.2 97.1 103.1 103.5 107.7 110.2 110 108.5 108.8 109.7 112.9 115 116.9 118.5 119.4 118.5 119.3 119.7 119.3 119.2 119 118.4 117.8 120.3 123.2 124.6 124.7 124.4 125.5 127.6 129.7 130.4 132.5 135.7 139.1 141.8 144.4 149.6 148.3 150 157.7 161.1 167.3 169.2 169 168.4 170.7 173.8 174.2 174.1 174.9 175.3 179.2 186.7 193.8 202.5 217.7 228 230.4 232.3 232.1 229.5
103.5 105.2 105.5 105.7 104 100.7 94.4 94.3 94.3 94.9 95.2 95.2 94.8 95.3 95.8 97.1 97.6 96.6 102.4 106.8 106.9 107.8 108.1 107.1 109 109.6 111.2 112.8 116 118.1 119.8 119.4 119.9 118.9 119.4 119.4 119.4 118.7 119.1 120.6 122.8 124.4 124.2 125.1 125.5 128.1 130.8 132.2 133.6 137.7 140.4 143.6 145.2 149.4 150.6 154.8 157.7 157.4 162.4 167.5 168.7 168.5 170.3 173.9 176 178.6 181.5 185.4 190.7 197 204 211.2 222.2 231.5 239.8 241.6 236.5 238
102 104.3 104.9 104.9 105.1 106.9 95.6 94.4 94.9 95.5 95.6 95.8 96.2 96.5 95.8 97.3 96.7 101.4 102.1 103.5 105.2 105.7 105.7 105.9 107.9 109.1 111 111.8 114.5 117.4 119.3 119.6 119.2 118.4 118.1 118.7 119.5 119.6 120.2 121.3 122.8 124.1 124.8 126.5 127.7 127.9 131.8 133.7 134.2 138.8 143.1 144.9 147.5 149.6 153.1 155.6 159.9 160.7 157.7 163.4 167.5 168.1 169.7 173 175.4 178.1 181.7 186.7 192.6 201.2 208.5 214.5 222.6 234.6 244.7 241.9 241.5 239.3
101.2 102.6 104.7 106.3 106.4 102.2 95.9 94.8 95.5 95.6 95.4 96.2 96.6 97 97 95.8 96.6 98.8 101.3 102.8 104 105.1 104.4 105.3 106.9 108.3 109.1 111 113 115.4 117.5 118.2 117.9 117.3 117.2 117.6 118.8 119.8 120.4 120.6 122.9 124.3 125.3 126.9 128.8 129.5 130.4 134.4 135.4 138.8 143.1 146.8 147.9 149 154.1 158.5 161.2 163.5 162.1 161.3 165.3 167.6 168.8 169.7 173.3 176.7 180.1 187.6 195.1 203 209.7 215.5 224.1 238.3 250.9 242.3 242.2 241.6
99.2 100.4 104.4 106.8 108.2 104.9 97.5 95.2 95.3 95 96 96.6 97.1 97.4 97.1 97 98.6 99.1 104.3 100.8 101.8 102.5 103 104.6 106 107 108.2 109.7 110.9 113.3 115.2 116.4 115.4 115.8 116.9 118.5 119 120.6 121.3 122.2 123 124.5 125.7 127.5 129.7 130.9 131.2 132 135 138.7 143 147.3 150.8 152.9 156 157.7 161.7 164.2 164.7 164.9 165.1 166.9 171.2 170.3 171.8 175.8 179.1 188.6 199.1 206 211.9 218.2 228.5 240.5 250.7 242.9 242.7 243.5
99.4 100.6 103 105.8 107.8 106.2 102.7 96.5 96.5 95.8 96.6 97.1 97.7 98 98.3 98.4 98.7 99.1 100.4 101.5 102.4 102.9 103.2 103.2 104.3 106.3 107.5 109.7 111.6 113.1 114.2 113.1 115.6 116.4 117.6 118.7 119.6 120.4 121.9 123.2 124 125.8 126.4 128.1 130.4 131.8 133.7 134.9 135.7 138.6 143.5 147.6 151.7 153.6 156.6 157.7 161.8 164.4 165.8 166.6 166.9 168.9 173 172.3 170.1 174.5 179.3 190.9 201.3 207.7 215.9 223.6 234.1 243.3 250.7 256.1 255.2 251.6
99.1 101.2 101.7 104.9 107.5 107.1 105.4 97.5 97 96.6 97.2 97.9 98.3 98.6 98.9 98.4 98 99.5 101.9 103.9 104.9 105.5 105.8 105.7 106 106.9 107.2 109.4 110.4 111.9 114.5 116.1 116.8 117.4 117.8 118.8 119.4 121 122.4 123.6 125.2 126.8 128.1 128.9 130 131.6 133.6 135.6 138.5 140.7 143.3 147.7 150.7 154 157 159.3 161.9 164.5 166.3 167.6 167.2 169.4 172.8 172.9 169.8 173.3 179.4 190.2 200.2 207.8 219.1 228.2 238.3 247.3 253.6 258.6 259.5 257.2
97.1 101.2 102.3 103 106.7 107.7 106.9 99.2 97.8 97.5 98 98.5 98.8 99.1 99.4 99.5 98 105.2 102.4 106.5 108.6 108.8 108.7 108 107.7 108.8 108.8 110 111.3 112.8 114.9 115.7 116.5 116.8 117.5 118.6 119.2 120.5 122.7 124.3 126.4 128 129.3 130.5 130 131.8 133.7 135.9 139.3 141.3 143.8 147.6 150.2 153.6 157.3 159.7 162.3 164.7 166.7 168.7 168.1 167.1 169.8 170.2 169.2 174.2 179.2 187 199.2 207.3 216.7 228.4 237 246.4 253.4 260.8 262.7 262
96.4 100.2 102.5 104 105.6 107.4 107.2 101 98 97.8 98.1 98.4 99.2 99.8 99.5 99.3 98.6 98.4 100.8 105.1 108.7 110.6 110.9 110.2 109.7 110.3 110 110.7 111.9 113.2 114.9 115.8 116.3 117.2 117.8 118.5 119.2 120.8 123 124.8 126.9 128.9 130.5 131.7 132.8 134.5 135.1 137.5 139.7 142.2 144.3 147.9 150.3 155.5 158.3 160.9 163 165 167.2 169.5 169.6 167.2 167.7 168.5 169.1 174.6 180 186.8 198.6 206.7 212.8 221.7 229.5 237.8 247 256.8 263.9 265.4
97 101.4 104.2 106.2 106.5 107.2 107.9 102.5 97.8 98.1 98.4 98.7 99.4 100.3 99.3 99.5 98.5 98.4 100.7 101.3 104.6 108.6 111.5 111 111.9 111.9 111.6 111.4 112.3 113.6 114.8 116.1 117.1 117.9 118.3 119.2 119.8 121 123.2 124.7 126.7 129.1 131.2 132.2 133.8 135.5 138 139.9 141.6 143.2 144.9 146.5 150.6 155.4 157.4 160.6 163.6 166.2 168 170.3 171.7 170.3 168.5 168 168.9 175.5 180.6 187.1 198.7 206 212 217.9 225.3 232.1 240.5 250.9 260.5 266.8
95.4 99.9 104 106.7 107.6 107.4 108 103.1 98.3 98.7 99.2 99.6 100.2 100.7 99.8 99.6 100.4 98.9 101.4 101.2 101.7 106.6 109.8 111.5 112.8 113.1 112.9 112.6 113 113.7 115.1 116.2 117.3 118.3 118.6 119.9 120.6 121.5 122.7 122.9 124.9 126.9 129.7 132 132.9 134.8 137.3 139.3 141.4 143.2 145.7 148.2 151.1 154.9 157.3 160.7 163.5 166 168.1 170.5 171.5 173 169.6 166.9 169.4 174.5 180.2 188.4 198.3 205.1 211.4 218 225.1 234.2 242.8 252 256.4 265.5
96.6 99.3 102 105.3 107.4 107.5 106.6 100.3 98.7 99.1 99.4 100 100.5 101 100.3 99.8 105.8 100.4 101.5 101.7 101.3 103.7 106.4 110.4 112.9 113.1 112.8 113.1 113.5 114.2 115.3 116.2 117.2 117.8 118.6 120.7 119.6 121 124.2 126.4 128.8 130.3 131.7 131.8 131.4 133.9 136.2 138.1 141.1 143.3 145.8 149.7 152.1 156.3 157.5 160.1 163.7 167.7 169.6 170.9 171.6 171.6 168.6 166.8 168.9 173.4 179 187.8 198.3 204.8 211 217.2 226.6 238 245.9 253 257.9 264.6
96.7 99.6 101.5 103.8 104.8 105.9 103.7 101.8 99.1 99.3 99.6 100.3 100.8 101.3 100.5 100.7 100.4 102.3 102.5 102.4 102.9 103.5 103.4 106.9 110.3 111.7 112.5 112.9 113.3 114 114.3 115.8 116.3 116.2 117.3 118 119.5 124 127 128.9 130.2 132.8 134.2 135.5 136.2 136.9 135.3 137.7 140.7 143.4 145.8 148.7 151.4 155 157.4 160 163.5 167.2 170.4 171.9 171.6 169.8 166.5 165.7 168.1 173.9 177.5 186.8 197.3 204.7 210.9 216.1 224.6 234.2 240.9 248.6 257.2 263.8
95 98.7 100 101.2 101.1 102.8 102.2 102 99.3 99.7 99.8 100.6 101.2 101.5 100.8 100.8 101.6 101.7 103.1 103.5 103.4 103.2 103.5 104 106.2 105.7 110.4 111.1 111.8 112.4 113.2 114.1 114.7 114.6 116.8 118.9 122.4 126.1 127.5 129.6 132.3 133 135 135.9 136.9 138.4 137.3 137 140 141.7 144.9 148.5 151.5 150.1 157.6 160.1 163.4 167.3 171.1 172.5 171.4 166.8 164.2 166.9 169.4 173.8 177.7 184.5 195.2 201.9 207 212.8 219.5 226.3 236.4 243.9 254 261.3
95.5 97.7 100 101.8 103.5 105.6 105.2 101.3 99.7 100 100.2 100.4 101.2 101.7 101 104.8 102.4 101.7 103.3 103.7 104.3 104.7 104.3 104.4 104.6 105.2 107.7 108.8 109.5 110.3 111.2 112.1 113.2 113 116.8 118.6 121.5 125.3 127.2 128.3 131.2 132.3 135.1 136.3 137.1 137.8 137.2 137 139.6 141.2 143.7 148.1 151.6 151.2 157.8 157.7 162.8 166.9 170.7 173.5 169.4 165 164.7 167 170.2 174 178.3 184 190.8 196.9 204.3 210.9 216.9 223.4 230.5 239.7 248.8 255.2
94.6 96.6 99.8 101.9 103.8 105.3 106.7 103.4 100.2 100.3 100.6 100.8 101.2 101.9 101.1 106 102.2 103.6 103.6 104.2 104.8 105.3 105.5 105.3 105.2 105.3 106.1 107 108.2 109.2 110.1 111 112.1 113.1 115.5 117.9 120.3 122.6 125 129.2 131.7 134.1 134.9 136.8 136.8 137 137.7 140.1 140.9 141.6 142.9 147.5 151.3 152.9 156.9 158.6 160.5 164.3 168 168.2 165.2 163.2 164.5 166.4 171.6 175 179.1 185.7 192.5 198.5 204 209.6 215.6 221.4 231.2 240.4 247.9 248.8
94.7 95.9 99.6 102.4 103.8 103.4 103.5 103.1 100.4 100.6 100.9 101.2 101.6 102.1 101.6 102.5 102.4 102.8 103.8 104.6 105 105 105.7 106.3 106.1 105.9 106.6 107.4 108 108.6 109.2 110 110.9 112.4 114.7 117 119.2 123.5 127.1 130 132.2 133.7 135.4 136.2 137.2 138.5 140.6 142.1 143 142.9 143.2 146.8 150.6 152.6 150 156.8 157.7 161.2 164 164 162.4 161.9 165.1 168.1 172.8 174.8 178.5 186.8 194.3 199.6 203.6 208.3 214.2 221.3 230.5 238 240.5 238.6
95 95.5 97.3 99.8 101.9 104.6 104.1 102.5 100.2 100.5 100.8 101 101.9 102.5 102.6 102.8 103.7 103.5 102.9 104.2 104.9 105.3 106 106.7 106.8 106.5 106.8 107.7 108.6 109.1 109.6 110.1 110.4 111.5 114.2 116.3 117.3 122.3 126 128.7 130.1 133.1 134.2 134.5 136.4 138.9 141.2 142.9 143.9 144.2 144.2 146.2 150 152.3 153.3 156.2 158.2 158.9 159.9 161.3 160 161.8 166.2 168.4 172.8 174.7 179.4 186.2 193.7 198.9 202.9 206.7 212.5 219.1 225.9 229.9 232.3 233.7
95.1 95.7 96.3 96.9 98.1 101.3 101.7 100.5 100.2 100.5 100.7 101.2 102.1 102.7 106.7 103.1 103.5 103.8 103.1 103.3 105 105.7 106.4 107 107.4 107.2 107.1 108 109.2 109.5 109.9 110 110.7 111.4 113.1 115.8 117.9 120.5 124.4 127.6 128.9 131.6 132.6 133.1 135 138.3 139.8 141.2 140.8 142.6 144.3 145.3 148.6 150.8 152.6 150.7 156.9 157.7 158.4 157.5 159.3 164.8 165.9 169.2 172.1 175.1 178.5 185.5 190.6 195.1 199 204.4 209.2 213.5 217.2 221.4 225.7 229.9
95.3 95.9 96.4 97 97.8 98.6 99.1 99.7 100.3 100.6 100.8 101.4 102.3 103 104 103.8 104.1 104.2 103.9 104.2 104.3 106 106.8 107.3 107.7 107.8 107.8 108.1 108.9 109.6 109.7 110.5 111.2 112 112.4 114.5 116.8 119.4 123 124.7 126.6 127.7 128.6 129.3 133.8 136 137.1 138 141.5 145.1 144.8 145.4 147.6 150.3 151.7 152.8 155.1 154.9 154.6 157.5 160.1 164.5 165.6 168.3 170.9 173.6 176.2 180.1 186.3 189.3 192.6 198.7 205.8 208.8 211.8 216 222 226.3
95.4 96 96.6 97.2 97.9 98.5 99.1 99.8 100.4 100.8 101 101.8 102.3 103.3 104.3 104.2 105.4 105.1 105 104.8 104.5 106.5 107.1 107.4 107.9 108.3 108.2 108.4 109 109.3 110.1 111.1 111.8 112.5 113.1 113.5 115.6 118.3 120.3 121.5 121.7 123.9 126 128.2 128.3 135.6 138.9 140.5 144.3 143.1 145.2 146.3 146.9 150.1 150.7 149.7 148.9 153.5 155 156.7 160 163.1 166.5 166.9 169 171.5 174.2 176.3 180.3 183.8 186.2 191 199.7 204.5 208.5 213.8 218.3 223.9
95.7 96.1 96.9 97.7 98.1 98.6 99.3 99.9 100.5 101 101.3 101.9 102.6 105.2 104.1 104.9 105.4 105 105.2 105.9 104.8 105.4 106.8 107.2 107.1 107.2 108.1 110 110.1 110.1 110.3 111.2 112.1 112.8 113.2 113.7 114.8 116.7 118.3 120.8 124.9 124.5 131.2 131.2 132.1 133.8 138.1 143.4 144.6 145.3 144.3 145.3 147.6 149.5 149.4 148.7 150.4 153.3 154.2 157.1 159.3 161.7 164 165.6 166.2 167.7 172 174.8 178.6 181.8 184.1 187.1 191.7 199.4 206.6 210.6 215.2 223.5
96.9 96.7 97.3 97.7 98.1 98.7 99.4 100.1 100.7 101.1 101.6 101.6 101.8 108.3 104 104.4 105.6 105.7 106.1 106.3 105.6 105.3 106.5 106.7 106.6 107.5 108.1 109.9 110.8 110.9 111.1 111.2 111.7 112.7 113.6 114.3 114.9 116 116.7 118.5 120.8 124.1 128.8 129.2 129.7 130.8 133.4 140.3 145.1 145.3 146.2 149.3 149.8 150.1 149.6 148.9 150.1 148.6 154.2 156.9 159.7 161.2 161.8 163.1 162.9 164 166.7 170.2 175.7 178.3 182.4 184.9 189.7 196.5 203.3 207.3 214 223
98.8 98.3 97.3 97.7 98.1 98.8 99.5 100.1 100.8 101.2 101.7 102 101 103.9 105.2 105.3 105.4 106.2 106.8 107 106.9 106.8 107.1 107.1 108.3 108.6 108.7 109.7 111 111.2 111.2 112 112.2 112.9 113.6 114.4 115.3 116.1 116.7 117.7 119.3 122.5 127.4 129 128.8 128.3 129.2 134.4 143.4 146.4 147.1 150.3 151.5 151.5 149.9 149.3 150.5 152.8 152 157.2 159.1 160.1 160.3 157.7 160.4 161.1 166.5 168.3 175.7 175.3 181.6 184.9 189.8 195.3 200.8 205.8 213 221.2
102.7 100.7 98.7 98.5 98.7 98.9 99.4 100 100.7 101.1 101.7 102.4 103.6 103.8 105.7 105.6 105.5 106.3 107.1 107.6 108 108.5 108.5 108.7 108.5 108.9 108.1 110 110.3 110.8 111.4 112.3 113.1 113.4 113.7 114.5 115.3 116.3 116.9 117.4 118.6 121.6 127 126.9 127.9 127.9 128.1 134.4 146 147.2 147.6 151.1 151 150.3 146.1 148.2 150.3 151.6 149.5 157.5 158.9 158.1 156.7 155.9 157.7 161.9 166.2 168.4 173.3 176.3 179.5 183 187.4 193.3 199.1 204.3 210.4 218.1
