UK/data/nn/nn50_OST50GRID_20230518/NN50.asc
ncols 200
nrows 200
xllcorner 250000
yllcorner 700000
cellsize 50
[rows 0 to 34 of 200, columns 79 to 157 of 200]
255.4 266.1 275.5 285 303.5 326.5 338.7 350.3 359.4 370.4 383 394.8 408.9 414.6 427.3 441 450.7 465.3 480.7 484 497.3 507.6 521.1 530.3 542.6 561.3 578.2 603.8 620.7 636.9 651.2 667.2 678.4 691.4 699.9 714.4 729.6 754.6 779.9 802 824.3 841.5 846.1 806.8 784.5 763.9 741.1 735.7 744.4 756.3 760.2 752.9 737.3 716 704.9 697.3 666.3 638.1 622.5 605.2 603 607.9 597.9 569.8 534.1 498 463.2 433 407.6 381.2 365.3 348.1 333.6 331.9 326.5 314.5 306.9 298.6 280.8
270.5 278 279.8 292.4 311.8 322.1 336.1 352.9 362.9 373.8 385.8 390.7 404 416.3 418.1 435.8 448.7 462.7 475 482.9 491.3 500.9 512.3 523.4 543.6 558.7 569.2 599.1 613.9 637.1 651.6 667 679.2 691.9 706.8 715.2 724.9 750.2 773.7 797.2 820 840.3 851.8 836.8 809.2 787.4 775.1 770.4 771.6 775.3 773.5 771.7 757.9 737.9 728.3 718.9 686.9 655.8 634.5 623.7 624.3 622 611.8 562.3 524.6 488.1 459.5 437.5 411.7 383.8 367.7 349.2 341 347.3 341.2 321.6 312 304.7 287.9
287.2 296.2 304.7 297.4 319.9 334.5 340.3 353.5 359.2 367 386.9 394.7 401.3 408.6 415 428.6 440.4 454.3 474 482.3 484.1 491.7 508.8 522.3 541.7 560.6 566 583.8 609 622.9 644.7 661.4 670.1 685.6 700 713.4 717.9 737.5 765 787.3 810.9 831.4 844.9 858.4 840.8 819.4 810.9 809.7 801.6 788.6 785.2 781.5 774.8 758.3 746 733.4 706.2 679.6 650.3 643 642.4 643.5 614.1 573.9 531 494.2 466.1 439.4 412.3 386.2 369.5 351.9 354.7 364.6 351.4 329.4 316.9 306.5 291.7
294.8 305 311.4 319.2 327.2 338.2 347.8 356.9 365.7 377.1 387 395.4 403.4 409.6 416.7 428 432.5 442.3 452.6 466.7 469 484.8 503 524.4 539 556.5 561.4 568.2 588.7 604.3 614.7 646.3 661.2 669 678.4 686.7 698.3 716.7 736.2 756.1 779.7 804.9 820.4 850.8 867.3 857.3 849.1 833.6 819.2 802.6 799.8 796.4 785.1 775.7 762 741.4 710.4 682.8 666.1 664.3 661.8 653 629.8 598.1 543 506.7 482.2 459.7 418.8 386.9 370.5 359.2 367.3 378.7 358.6 332.1 323.4 313.4 293.6
301.5 310.2 318.6 326.1 334.3 343.9 349.6 358.9 371.7 382.9 393 400.7 407.2 416 418.3 428.5 436.8 444.9 449.2 454.9 466.5 482.7 499 515.4 530.1 546.9 540.6 559.3 572.8 586.2 598.1 622.5 639.2 645.3 651.6 654.3 674.6 696.6 712.4 732.8 763.2 790.2 801.8 832 858.7 877.2 870.4 848.2 831 816.3 816.4 813.3 802.5 792.4 767.9 739.1 706.3 686.2 679.8 674.9 659.8 644.2 627.2 603 550.5 521.6 510.2 475.3 419.7 386.2 370.3 365.8 376.9 383.3 361.8 331.8 325.2 315 292.2
305.5 316.2 323.5 332.1 340.5 350.6 359.1 365.6 372 379.3 390.1 401 409.2 418.4 423.3 430.3 437.6 442.8 452.4 457.2 463.5 477.1 489.1 504.4 522.6 535.5 537.7 535.8 553.7 562.2 570.8 587.5 607.5 625 628 630.8 645.6 673.1 693.4 714.3 734.9 749.8 781.1 810.7 842.2 861.5 868 858.8 842.3 835.9 831 825.4 817.4 788.3 760.8 731.6 708.9 692.8 683.4 668.2 642.8 628.2 618.7 603 557.1 538.5 521.6 472.8 419.2 387.9 371.3 370.8 381.8 382.9 359.8 331.1 321.8 307.7 287.4
309.8 317.4 327.3 339.2 347.2 357.3 368.3 373.5 377.5 389.1 393.8 402.2 406.9 416.8 425.6 432.1 442.9 449.5 454.5 463.2 469.2 479.4 492.9 510 518.5 521.9 516.6 519 522.9 524.8 538.5 556.6 588.7 596 605.7 605.8 626.9 650.8 671.9 685.7 702.2 719.3 755.6 784.7 811 829.7 840.7 846.7 845.3 846 843 829.3 820.6 789.1 755.9 728.6 716.3 703.5 681.9 664.6 640.3 628.5 618.4 597.4 565.6 546.8 511.4 467 418.8 391 375.1 376.2 386.6 382.8 359.4 331.7 319.6 304.1 287.3
309.4 320.1 329.7 343.2 353.5 362.8 370.2 378.7 382.9 392.6 398.8 405.3 411.8 420.1 424.8 430.2 441.2 451.5 460.6 468.2 475 484.3 493.5 504 512.7 523 520.9 515.3 507 508.5 517.7 536.5 553.8 565.1 572.7 587.6 611 633 654.7 671.5 684 704.2 738.5 759.4 778.4 797.6 806 816.7 827.2 843.7 845 838.7 817.6 783.6 754 743.4 730.6 704.1 680.2 658.2 643.1 632.7 616.7 591 575 546.7 512.5 462.9 415 392.8 378.1 377.7 385.2 375.8 355.2 329.4 314.6 298.3 286
313.4 321.7 332.4 345.8 356.8 365.9 375.8 389.1 393.5 397.3 404.6 410.1 417.2 423.4 433 431.2 444.5 457 466.2 470.5 479.7 487.5 497 503.8 507.2 513.9 520.9 526.4 516.4 503.9 503.3 517.9 533.8 539.6 558.6 573.5 592.1 623.5 641 654 666.9 689 712 732.4 745.7 762.3 779 791.3 806.7 829.1 837.7 836.6 818 785.4 768.4 751.5 735.8 702.3 680.4 662.2 640.4 625.1 610.7 597.2 569.5 531.1 496.4 450 410.5 393.2 382.1 379.1 378.1 367.9 348.1 326.4 308.8 294.3 285.2
316.4 326.2 337.6 348 357.4 369.5 382 394.3 400 403.4 414.3 416.8 420.9 428.7 436.2 439.1 445.6 461.5 467.9 477.7 483.8 490.1 495.6 498.9 504.6 516.1 525.4 535 523.1 505.8 497.4 499.1 508.3 521.2 541.7 553.8 580.1 600.4 625.1 640.1 653.8 673.3 687.8 702 717.5 734.4 757 770 780.3 798 816.7 821.2 810.8 799.8 780.8 762.5 734.3 707.7 683.6 655.1 639.9 623.3 612.4 591.8 551.4 508.3 474.6 438.9 412.8 394.5 385.5 379.9 370.4 357.9 339.8 323.2 306.2 289.7 280.8
320.9 332.7 341.2 353.5 367.3 379 388.8 394.8 410.5 416.3 414.6 424.2 431.9 437.5 444.6 448.5 449.4 465.3 472.3 481.9 487.1 493.5 502.3 503.7 513.1 527.4 531 531.3 515.3 494.5 492.4 495 506.7 517.1 528.8 551.9 570.7 585.3 608.1 627.8 653.2 670.3 682.3 695.5 708.6 727.9 745.2 761.5 767.1 776.5 792.2 807.3 810.6 809.8 793.7 771.3 737.2 707.4 677.2 654.6 640.9 627.8 617.6 591 549.4 518.8 475.6 429.7 409.1 396.7 391.6 380.8 367.6 352 333.3 316 299.4 285.2 273.2
328.5 336.9 347.9 359.1 367.4 385.1 401.2 409.9 413.2 420 423.2 428.5 439.7 448.2 455.2 458.1 462.8 466.4 478.4 486.7 494.1 500.4 503 508.3 519.8 529 533.6 520.1 503.9 495.4 489.6 492.4 513.5 524.2 531.2 540.8 553.2 564.7 595.3 620.5 640.8 663.9 679.7 692.7 703.5 716.4 729.1 744.8 751.5 756.1 771.8 792.1 808.2 805.9 794.2 769 735 702.5 673.6 656.6 646 641.7 631.3 588.9 549.7 512.9 472.3 428.2 409.5 399.8 392.8 382.8 373 353.8 336.9 320.3 300.8 286.7 274.7
337.2 346.5 354.3 363 374.8 384.4 407.5 418.7 426.3 431.1 435.1 435 442.8 459 465.6 469.8 474.4 475.2 482.6 491.7 502 506.9 512.7 520.8 524.6 531.1 527.2 518.4 513 505.8 490.6 489.8 502 519.9 520.4 520.3 527.7 553.8 579.5 604.8 620.9 637.1 657.9 670.7 684.7 699.8 714.5 721.4 725.1 730.1 746.4 766.8 785.8 792.3 783.2 764.3 738.5 706.1 679 666 663 659.8 635.2 586 540.3 498 456.6 426.9 414.5 405.9 397 385.4 375.5 363.1 349.2 329.7 308.7 294.1 282.9
339.2 351.8 359.9 369.9 380.3 394.2 403.7 423.3 428.2 438.2 445.3 451.4 455.3 462 467.6 475.7 481.2 484.6 490.4 496.2 503.7 506.9 514.5 521 528.2 533.6 533.8 537.5 543.4 540.5 504.7 486 484 496.6 511.2 501.3 508.4 530.2 555 590.9 606.1 619.5 637.2 651.3 658.5 674.1 690 703.6 706.3 705.9 720.5 740.1 754.9 762.9 765.7 755.9 742.7 717.7 693 687.1 674.3 666.8 642.5 590.1 529.6 494.6 458.7 431.9 418.9 413.6 402 386.1 383.2 372.9 359.5 340 315.1 299.6 289.9
339.2 349.7 360.9 375.7 391.7 403.2 411.2 425 434.7 442.9 451.2 459.1 468.7 475.3 483.5 488.5 485.7 491.3 495.5 498.1 502.3 505.3 512 524.3 531.7 538.8 549.2 557.8 563.2 563.1 526.8 497.8 472.9 474 478.6 480.7 497 510.5 530.1 560.8 589.2 606.2 611.7 627.4 631.6 645.9 658.9 672.9 683.4 689.7 696.2 710.3 727.3 739.5 739.2 737.9 734.5 719.1 711.4 707 687 660.7 631.3 583.1 530.6 494.2 463.7 438.9 423.5 415 404.1 399.9 392.6 383.6 370.2 350.2 325.2 309.6 300.7
339.8 352.7 368.1 381.1 399.8 412.1 427.6 432.3 440 452.3 462.8 476 477.8 491.2 495.8 501.4 506.1 500.2 504.8 505.6 510.2 511.7 519.4 530.5 539.1 544.3 556.3 569.6 576.6 566.3 521.6 496.9 475.5 461.3 460.7 468.4 474.9 488.9 506.1 529.7 554.4 578.1 588.3 595.8 599.9 613.9 623.9 644.2 660.1 673.3 677 684 699.7 716.7 722.3 722.4 714.8 721.3 720.6 712.2 698 685.4 617.6 576.9 552.8 505.8 458.6 437.3 425.4 419.6 419.1 413.4 406 393.3 380 363.5 331.1 314.3 304
332.7 345.2 364.2 380.2 394.4 411.8 422.2 436.1 442.6 453.9 469.6 486.4 488.2 502.7 506.7 510.5 514.3 514.7 507 510.7 516.2 525.9 532.5 538.8 543 555.5 559.7 568.5 574.2 545.9 512.5 496 477.6 462.7 448.6 451.1 461.2 472.5 486.1 499.8 527.6 544.7 559.5 566.3 575.7 593.7 609.2 624.8 644.1 651.3 657.3 664.1 677 693.3 704.7 706.8 712 716.9 721.5 711.9 702.8 690.7 650.2 605 560.9 514 458.3 438.9 429.1 431.7 430.5 425.4 418.3 403 383.3 365.7 339.6 324.6 309.5
339.4 342.7 352.5 370.9 390.7 401.7 413.3 427.6 437 456 466.1 491.6 498.3 508.5 518 517.7 520.7 520.5 520.9 521.1 527.3 535.9 541.8 545.7 557.7 575.6 572.2 566.4 555 529.5 515 491.6 472.6 462.4 458.2 442.7 447.5 456.3 466.2 480.7 497.1 517.1 532.1 539.8 561.3 576.7 597.4 611.7 624.9 639.3 641.7 646.8 657.2 669.8 683.5 703.2 708.3 708.2 711.9 704.7 702 691.1 665.8 605.6 549.2 502.7 467.9 447.5 439.3 446.5 445.5 441.5 432.6 412.1 391.8 372.4 346.6 335 312.7
338.9 349.9 356 368.1 382.1 406.8 421.4 427.5 437.4 454.6 465.5 480.9 497.6 512.5 521 521 522.8 528.2 533 537.6 541.2 546.8 550.1 554.8 557.2 564.7 576.7 570.8 541.5 524.2 505.7 483 464.4 459.4 457 441.9 442.8 451.1 460.6 469.5 478.9 489.5 505.7 521.5 545 565 579.5 592.5 608.5 621.1 628.2 629.6 640.6 656.1 677.5 692.9 701.7 696.6 699.6 698.6 695.6 684.8 660.6 614.1 551.6 507.4 472.8 456.4 455.6 462.4 461.5 453.7 440 423.3 398.8 378.1 360 350.9 319.2
338.3 348.5 355.5 367 383.9 403.6 431 442.5 443 460.5 473.3 495.9 507.8 518.6 529.8 537.1 532.3 543.4 547.6 548.1 553.6 562.4 570 569 557.1 556.6 559 553 545.8 519.2 496.3 471.2 456.7 447.9 448.2 438.2 438.2 445.4 454.8 464 470.3 482.8 495.2 509.7 530.9 544.7 561.7 575.5 593.8 606.9 613.3 619 633.1 655.7 670.3 677.5 684.8 684.8 684.7 687.4 686.7 676.9 649.9 605.5 551.5 509.9 480.9 468.1 468.8 473 472.6 466.3 446.3 427.5 406.2 386.1 368.9 350.2 318.1
335.8 349.3 361.8 362.6 386.1 405 417.6 437.1 442.4 456 469 495 513.3 523 544 551 548.5 550.7 568.9 571.1 570 574.1 580.5 587.9 572.9 553.9 542.8 544 540 518 485.6 467.4 457.1 442.3 434.1 434.5 431.4 436.7 443.5 455.7 468.4 471.6 485.2 507.4 521.4 531 545.3 556 575.6 593.9 603.4 613.1 633.2 646.9 651.4 662.4 668.5 672.2 680.8 681.6 680.3 671.3 645.3 599.8 560.6 520.8 496.5 481.3 476 479.5 478.8 468.9 449.6 433.5 413.3 391.8 375.8 347.3 318.7
344.1 347.5 361.5 366.1 379.1 396 412.7 419.9 432.6 450.5 461.3 472.5 489.1 510.2 528 543.7 546.7 549 564.9 575.8 583 595.1 602.2 600.5 585.7 565.6 539.4 527.3 524.4 513.6 480.1 472.5 461.2 446.7 434.7 430.2 421.9 423 433.7 443.6 453.1 458.8 469.7 490 504.5 516 537.8 556.2 572.6 583.6 590.9 610.2 620.7 628.9 638.3 643.5 652 659.4 673.3 679.1 680.6 660 634.6 600.9 564.1 531.2 509.6 496 487.4 487.8 480.2 466.2 454 438.6 416.6 398.1 390.6 363.5 325
352 357.1 360.4 369.5 378.1 391.6 398.4 405 422.4 435.9 448.9 466.7 477.2 488.3 502.9 515.6 527.9 535.9 561.4 583.2 601.3 613.1 615.4 612.2 605.3 581.1 556.2 529.4 517.2 504.6 500.9 481.9 464.3 445.6 433.1 423.7 417 412.8 420.9 432.2 436.7 449.8 460.2 477.1 494.2 506.4 524.1 541.7 558.9 565.6 584.1 599.4 608.9 614.3 619.7 628.4 636.9 648.6 659.4 667.6 671.4 650.5 624.9 596.6 559.5 535.8 520.9 511.3 500.3 497.3 483.8 466.6 457.4 441.5 422.2 402.9 397.8 366.2 325.3
348.7 355.9 360.9 372.2 375.4 387.3 399.8 407.3 422.3 435.8 449.1 460.4 478 491.8 500.6 511.9 520.2 532.2 541.6 566.6 596 617 629.2 628.7 607.9 590 574.1 553.4 525.9 509.7 491.6 473.9 460.1 442.8 430.2 417.7 411.8 405.8 408.3 417.3 428.5 437.7 453.5 466.9 477.5 489.8 505.7 518.6 532.4 562.2 573.3 581.2 590.1 598.2 605.8 616.5 625.8 639.7 645.4 654.7 659.9 652.4 614.3 588.7 556.6 540.6 526.5 515 512.7 513.6 500.7 470.2 458.2 441.4 422.7 405.8 397.9 361.9 324
336.2 350.4 359.7 368.7 381 392.7 404 413.4 426.8 439 445.7 461.4 472.5 484.8 496.2 503.8 514.9 527.8 536.3 549 583.1 618.4 633.6 636.5 604.9 599.2 596 577.5 553.8 518.4 495.7 487.3 462.1 444.8 425.3 416.3 408.1 403.4 402.1 405.6 414.1 427.9 441.9 451.7 462.2 475.1 487.9 497.6 529.3 549.4 561.1 568.5 575.8 582.3 592.5 603.5 615.4 623.9 634.2 644.1 648.7 646.7 608.9 581.2 552.9 540.8 525.3 516.8 519 521.1 506.8 477.7 463.1 457.4 432 407.7 398 361 319.3
342.6 358.4 369.5 374.9 392.9 402.1 408.9 419.5 428.8 441.7 450.1 457.1 463.9 474.3 486.7 496.7 510.5 524.3 535.6 538.2 549.7 587.2 606 606.5 612.4 610.6 609.8 599.8 581.4 545 501.5 486 475.4 455.6 426.2 413.2 406.4 402.8 400 402.3 408.5 416 427.6 440.8 453.1 465.7 480.4 498.3 517.8 536.3 553.1 563.4 567.3 574.3 579.3 594.6 603.9 612.4 624.4 633.3 639.1 632.3 607.2 574.5 553.2 538.5 525.8 518.4 518.2 515.2 507.1 484.7 470.1 455.8 432.2 408.5 393.8 349.8 310.8
344.8 357.9 365.7 374.5 392.1 403.3 417.5 429.5 433.9 441.1 446.7 454 460.5 467 472.9 486.5 501.2 511.3 524.4 533.6 537.4 558.6 583.4 602.2 609.7 608 612.2 605.4 591.1 554.9 514.1 485.8 463.7 450.7 440 424.8 407.6 402 399.9 401.1 402.1 410 420.3 430.4 446.7 457.9 471.6 482.5 498 519.8 535.1 548.7 554.1 559.6 565.2 577 590.7 598 610.4 621.6 627.1 624.5 610.9 577.3 554.6 540.1 531.7 521 521.4 516.7 506.5 490.1 470.8 450.8 429.6 409.6 379.2 340.4 308.6
344.2 357.3 369.6 380.8 390.8 402.6 417.5 431.6 436 446.7 451.8 456.7 462.6 454.6 457.1 471.9 484 502 522.2 528.9 533.7 552.4 565.9 586.2 603 608.7 601.6 592.2 574.7 549.9 514.6 491.1 468.6 461.7 453.4 432.2 415.6 405 401.6 398.2 399.2 404.8 409.1 421.6 434.1 444.4 457.5 471.2 482 493.9 506.8 522.6 533.8 543.1 550.4 559 566.8 578.7 597.6 609.9 619.2 616.4 609.2 582.6 561.6 551.3 543.3 534.7 527.8 518.9 508.1 493.9 477.9 451.4 429.4 396.7 371 340.8 315
343.4 353.8 365.3 378.6 393.7 406.5 416.9 431.6 441.9 444.9 445.6 447.9 449.3 451.6 459.2 463.2 473.6 482.1 497.9 512.7 522 543.3 570.2 581.5 588 596.3 594.2 584.8 569.7 546.6 515.2 493.5 478.3 468.2 457.1 443.8 423.3 413.9 408 403.8 398.6 398.8 401.1 407.4 414.9 429 444.7 457.4 466.9 478.8 489.1 500.8 516.7 525.2 532.2 543 552.4 560.1 578.1 592.6 609.4 611.1 595.3 574.3 565.5 564.7 553.6 544.7 535.3 521.1 509.9 496.6 481.4 453.3 441.6 424 385.7 354.4 330.8
346.9 352.7 371.5 378.6 395.2 414.4 424.6 428.6 430.7 442.8 444 449.3 453.9 454.3 459 458.6 467.8 480.4 496 502.9 509.2 528.9 553.7 570.5 583.6 585.7 583.3 582.9 569.5 542.1 521 521.4 497.3 474.8 461.3 453.8 437.5 423.6 415.5 410.6 406.5 400.5 395.1 398.6 408.4 414.7 427.2 438.5 450.6 461.2 472.8 482.7 491.7 509.8 517.4 523.8 532 543.3 556.4 577.3 584.5 591.3 583.3 567.8 563.8 564.3 558.9 551.3 539.3 525.6 513.9 501.9 487.2 473.9 461.3 442.9 412.3 370.7 342.6
357.3 359.3 361.6 376.8 385.3 399.4 411.4 427.4 436.3 451.3 459.5 455.1 459.9 457.8 450.5 448.4 459.9 462.9 478.7 494.5 497.4 521.8 544.9 560.3 570 579.1 581.8 574.3 559.8 550.7 546.2 538.7 518.8 502.9 474.1 462.6 452 439.1 426.5 422.5 418 410.5 401.2 393.1 398.6 404.8 416.2 426.8 436.8 444.2 453.7 465.5 471.6 482.1 497 503.9 510.9 519.4 539.4 557 568.9 569 565 560.5 560.2 558.9 557.8 553.6 543.7 533.3 524.7 505.7 496.4 485.8 474.8 464.4 437.5 397.5 367.8
362.2 362 370.8 379.3 394.6 408.4 419.6 432.4 442.7 457.1 464.9 461.4 463.6 464.2 459 447.3 441.6 446 461.6 475.7 489.4 504.1 531.9 551.5 567.6 565.2 569 571.1 560.8 561.4 560.9 566.9 549.8 527.7 500.1 478 470.9 455.6 446.4 437.5 430.4 422.3 408.4 396.7 390.8 394.5 403.4 414.9 423.9 436.7 443.9 448.2 455.8 462.7 469 482.1 493.8 509.6 518.6 533.7 547.5 556.2 547.5 548.1 552.5 554.3 556.8 553.3 545.7 537 530 518 508.5 500.6 487.7 474.7 453.6 425.6 398.3
354.6 361 377.8 383.7 401.7 414.5 427.5 435.2 447.2 455.1 462 466.3 461.9 462.9 460.9 451.2 438.7 445.8 453 470.2 482.8 489.9 511.3 528.1 539 543.9 553.1 564.4 573 574.2 578 576.6 566.6 544.2 512 492.5 482.1 473.2 462.9 451.9 440.2 433.7 418.1 404.2 393.9 387.3 393.1 398 407.5 416.9 427.1 432.5 438.6 444.3 452.1 462.9 473.4 490.4 499.4 512.5 527 535.4 531.8 535.4 543.5 547.2 552 549.6 545.6 538.8 532.5 527.3 517.3 509 492.3 484 470.2 447.7 427.2
345.9 360.9 379.4 391.8 401.1 415 426.6 432.9 448.4 454.4 455.4 453.5 455.3 458.7 442.8 436.5 440.1 443.4 448.2 453.1 461.7 473.4 484 509.3 526.6 542.3 547.8 563.9 583.4 588.4 590.8 585.5 566.3 556.6 530.7 517.6 497.9 495.8 480.9 466.8 454 439.4 428 414 402.7 391.1 380.9 384.3 388.6 399.9 406.4 413.7 421.3 430 435.8 443.2 453.7 472.3 487.9 496.2 507.6 510.9 511 525.7 530.6 539 542.2 545.4 542.5 536.7 532.8 527.6 519.2 509.4 494.2 490.9 482 467.5 443.6
355.2 358.3 378.3 392.2 402.2 409 420 432 441.4 447.9 454.8 444.8 442.1 437.9 433.9 437.8 438.2 440.2 444.5 454.5 455.7 466.6 486.4 508.2 523 545.4 555.5 556.4 568.3 583.9 591.4 590.8 577.8 552.5 537.8 533.7 515.9 512.8 503.7 482.9 467.4 454.3 438.2 422.4 409.2 398.3 390.3 379 377.1 384.5 392.3 400.1 406.7 410.7 419.2 425.4 436.8 449.4 459.9 471.8 482.7 484.2 495.7 512.4 519 530.3 533.6 537.2 535.9 531.6 527.2 520.1 510.3 499.6 492.7 489 481.5 466.9 440.6
