WholeMapElevations/data/sh/sh96_OST50GRID_20230518/SH96.asc
ncols 200
nrows 200
xllcorner 290000
yllcorner 360000
cellsize 50
[rows 140 to 174 of 200, columns 78 to 155 of 200]
266.3 271.1 273.7 277.4 280.4 283.9 288 283.4 274.1 262.3 255.7 249.4 243.9 232.3 242 253.1 262.2 277.7 283.6 291.1 299.4 302.9 301.3 298.8 297.2 295.3 294.1 292.4 290.7 288.4 284.4 278.6 272.8 267.3 259.7 253.8 254.9 262.4 268.3 275.7 283.6 287.2 290.4 295.1 298.7 303.3 306.1 305.4 303.8 300.6 308.7 305.5 303.3 303.8 304.1 302.8 301.3 298.5 299 301.4 301.3 300.5 299.1 295.9 298.1 297.8 298.1 301.4 306.9 311.3 320.6 326.5 330.9 330.4 328.7 325.6 321.7 312.7
272.1 274.9 278.7 281.2 284 286.1 287 279.5 270.8 259.8 251.7 245.6 238.1 232.9 243.4 253.4 265.2 277.4 283 291.7 301 302.8 301.6 300.5 299.8 297.5 295.6 293.3 291.1 287.8 281.4 275.7 269.8 266.1 258.4 260.6 249.6 263.3 270.9 279.8 285.6 289.5 295.8 301.3 308.8 311.4 310.5 310.8 318.5 318.2 317 316.1 314.4 312.1 310 306.7 302.5 302.2 303.2 303.5 302.5 299.8 300.5 298 298.8 299.5 303.6 309 313.7 321.7 321.7 323.5 328.9 333.3 329.5 329.7 326.7 320.4
277.8 280.6 282.9 285.9 287.6 289.7 285.2 276.9 264.6 254.6 247.6 241.4 235.3 237.2 247.2 258.4 271.1 277.8 284.5 293.4 302 303.7 303.9 302.8 301.4 300 297.2 294.4 291.2 286.4 279.3 272.3 267.3 263.9 264.4 265 255.9 266.1 274.2 284.1 290.9 296.9 301.7 309.5 313.9 314.8 317.2 324.1 324.5 324.8 324.3 323.8 321.1 316.7 313.3 309.6 306.9 306.2 304.6 304.2 302.5 300.1 299.2 300.3 300.8 303.1 309.2 317.1 321.1 327 326.6 327.5 328.3 331.8 330.7 328.9 328.7 326.7
283.1 285.3 286.4 289.7 290.1 288.3 282.7 272.3 258.3 249.2 242.6 236.3 234 239.2 247.6 260.5 272.5 278.8 285.6 297.9 304 305.5 304.8 304.8 303.5 301.4 298.6 296.1 292.4 284.9 277.4 270.8 265.4 264.5 267 265 254.1 269.3 278.6 288.8 295.2 303.7 312.9 318.6 319.4 324.8 329.5 330.6 331.6 332.4 332.1 329.9 326.4 319.7 316.6 315 311.2 308.6 306.5 305 303 300.8 301.8 302.3 306 311.7 319.1 324.1 328.4 331.4 332.7 336.7 334.5 333 333.3 330.3 331.2 329.2
288.3 287.9 289.3 291.5 292.4 288.4 282.8 272.1 255.7 246.5 236.8 236 237.6 242.4 249.1 263.4 273.1 279.5 288 301 305 307.4 307.4 306.2 305.3 303.5 300.4 296.7 290.7 283.4 275.2 270.5 264.3 264.1 264.5 262 263.2 273.2 283.1 293.4 304.2 316.1 322.2 325.6 326.9 329 333 336.6 338.7 339.3 338.6 335.2 331.8 326.7 324.5 319.3 314.4 311.2 308 305.9 303.3 302.5 308.6 313.6 317.7 323.1 326.7 330.9 333.3 338.2 340.1 341.8 340.6 342.1 340.3 335.4 334.1 334.6
293.7 291.9 293.4 295.8 293.9 289.7 282.7 270.2 252.9 242.2 237.8 237 238.1 243.8 260.4 267.4 274.8 282.1 294 303.7 307 309.4 309.2 308.8 307 305.2 302.6 297.1 290.1 283.5 277.6 270.5 263.3 261.3 259.7 260.4 265 279.1 291.3 301.3 315.2 322.4 327.2 330.6 331.6 335.9 339.3 344.1 346.2 346.2 343.2 341.7 337.4 335.1 330.1 325.6 319.6 315.2 309.9 306.5 303.2 305.5 321.2 328.9 329.9 331.4 337.2 340.5 346.7 349 347.1 348.4 350.8 348.3 345.8 341.7 336.1 334.1
298 296.8 297.4 299 296 291 282.5 266.9 253.3 243.7 238.7 238.7 240.4 249.1 262.4 272.1 277.8 285.9 299.5 305.2 309.2 311.7 311.9 310.5 308.7 306.9 303.2 298.4 291.7 284.6 278 268.4 263.3 261.1 259.2 258.6 267.6 285.8 298.7 316.8 320.3 328.9 333.3 335 340.9 347.3 354.9 355.2 354.9 351.3 350.9 352.2 349.7 343.6 337.8 331.1 324.7 317.8 313.1 308.5 303.8 307.5 326.8 335 338.3 338.6 342.3 347.7 355 356.9 359.1 359.7 358.4 356.3 354.4 349 342.4 337.6
302.5 303.1 302.6 301.2 297.9 290 280.5 266.2 254.1 244.1 239.1 241.2 242.1 249.3 264 274.4 280.8 292.6 303.1 308.1 310.9 313.1 313.6 312.6 310.7 308.2 303.1 298.6 291.8 284.5 273.9 268.2 263.9 261.3 260.3 260.6 273.2 297.7 307.4 320.4 326.5 334.4 336.8 346.3 360.4 364.1 364.5 364.3 359.3 358 357.8 359.2 357.2 350.9 343.9 335 327.7 320.5 315 309.7 303.5 308.9 324.8 339.1 344.2 344.9 354.6 356.7 361.2 365.7 364.1 363.4 364.2 363.2 359.6 355.7 348.4 346
307.3 307.6 305 303.5 297.1 288.2 277.5 265.1 254.3 242.8 239.7 242.5 245.2 256.2 268.5 275.8 284.9 298 304.4 310.5 312.2 314.1 314.8 314.6 312.7 308.9 303.9 300.6 293.8 290.5 283.7 269.6 263.4 262.6 261.7 263 284 299.5 317.5 321.8 334.6 336 350.2 367.9 370.3 370.7 371.4 369 367.5 364.8 370.2 368.9 363.3 359.9 349.7 338.4 329.7 322.2 317 311.6 305.6 308.8 319.1 338.3 346.6 356.9 362.2 363.6 367.1 372.3 373.1 378.2 377.4 369.2 362.9 357.5 354.1 352.2
310.7 310.1 307.1 301.5 294.6 286 274.4 264.8 255.8 245.1 242 244 251.9 262.9 270.7 278.6 288.8 301.2 307.4 311.8 314.4 315.9 316.1 316.1 313.5 309.2 306.3 300.5 297.9 294.1 286 272.7 264.8 263.5 262.1 263.9 281.3 303 321.2 332.1 337.2 346.6 366.7 374.8 375.2 375.9 375.6 374.4 373.6 371.7 370.2 370.7 366.4 360.4 354.3 342 333.7 325.1 318.4 313.3 307.1 305.6 318.3 335 350.7 360.1 362 364.3 374.6 374.3 382.4 379 374.8 370.5 365.4 361.4 357.5 353.9
313 310.9 305 297.4 290.1 282.6 272.5 263.2 255.7 247.5 243.2 246 255 263.5 271.8 281.2 295.2 304.3 310.3 313.8 316.1 316.9 318.2 317.3 314 312.1 307.6 305.9 303.1 297 289.7 277.8 267.7 263.6 263.6 267.7 285 306.5 326 337.3 340.6 360.8 379.1 379.5 380.9 379.9 377.4 377.4 378 375.8 374.4 370.9 368.7 364.4 355 347.2 337.8 327.4 321.3 315.6 307.9 305.5 315.4 325 345.3 359.8 360 373.3 372.4 375 376.7 374.6 370.7 366.1 363.7 361.7 357.4 354.4
315.7 311.3 305.3 296.7 288.3 279.3 270.7 262.4 258.9 244.8 245.5 250.7 258.5 266.9 276.1 288.9 300.6 307.5 312.1 315.5 317.9 319.3 319.2 317.2 316.3 314.8 314.1 309.7 305.9 299.1 291.8 282.2 272.5 266.1 266.1 275.2 291.4 313.1 331.2 339.1 347.8 376.7 381.7 382.2 384.5 380.3 381 380.8 379.7 377.7 376.6 375.5 370.4 367.1 360.4 349.1 341.2 333.9 325.3 319.1 311.1 307 310.9 320.5 332.6 348.8 362.4 368.4 370.7 371 369.2 366.7 366.6 365.9 366.1 364 361.2 359.3
315.2 311.2 303.5 295.2 285.8 275.6 267.1 259.8 255.1 245.4 246.8 255.5 264.5 272.8 281 296.9 303.6 309.7 313.7 317.4 319.4 320.2 319.1 317.6 317.6 318.9 316.1 312.9 307.7 300.2 293.9 287.1 277.8 269.6 268.7 278.6 295.9 317.2 332.8 340.5 354.5 375.4 383.1 384.8 384 381.5 381.7 383.5 381.6 378.5 379.4 376.5 370.1 365.1 360.1 355.5 348.7 339.6 330.3 321.6 314.6 308.1 308.1 315.2 321.4 333.2 346.3 359.3 362.4 364.2 362.9 362.2 364.3 363.7 362.8 363.5 363.4 362.4
316.4 309.6 303.3 294.6 284.9 273 263.9 256.5 252.7 247.6 248.8 252.5 267 277.8 286.5 298.7 306.5 311.8 315.4 319 321 320.8 319.2 319 321.1 321.3 319.8 314.5 309 302.1 296.4 289.4 284.9 271 271.7 281.2 292.4 309.5 327.4 343.3 354.9 372 380.7 384.9 384 383.8 385.4 385 382.2 380.1 378.8 375.9 372.4 368.5 363.1 358.3 351.8 344.3 334.6 325.9 318.2 310.2 307.7 312.8 318.4 325.4 329.3 338.5 348.4 352.1 354.3 358.4 360.6 362.4 364 365.2 365.5 364.9
316 309.1 303.3 292.9 282.9 271.3 261.2 261.2 258 250.9 250.1 256.2 275.7 281 291.6 300.4 309.8 314.8 318.1 321.3 322.7 322.4 321.1 323.7 324.6 322.9 321.7 317.7 310.2 303.9 298.3 292.2 285.1 270.4 275.2 284.3 300 313.1 323.3 335.5 350.3 366.7 376.7 380.4 382.2 383.1 386.3 383.8 383.4 382.5 381.2 377.4 375.9 372.6 367 360.5 354.3 346.7 336.8 328.5 318.7 310.5 310.7 311.7 315.3 320 324.3 329.7 337.6 343.6 346.2 351.5 358.5 362 364.7 367.1 367 365.2
316.6 309.8 302.4 291.6 278.9 273.7 270.6 267.4 262.9 250.2 252.9 268.7 277.1 284.9 295.4 306 312.7 317.2 319.8 323.1 327.5 326.7 325.5 326.6 326.9 325.9 323 319.3 313.2 305.1 299 292.9 286 273.2 277.7 288.4 301 313.2 327 339.3 347.7 358.6 366.2 372.3 379.9 378.5 384.1 382.9 384.5 386.1 383.1 382 382.6 378.1 373.1 364.6 355.1 347.4 337.7 328.4 318.9 312.2 312.3 314.4 317.5 320.3 324.3 332.1 337.1 339.9 344.3 353.3 359.2 363.7 366.5 367.4 367.3 365.2
315.7 308.7 300.8 289.5 282 279.4 276.8 274.5 270.8 253.6 255 275.3 279.6 289.8 300.4 309.8 315.3 319.1 321.1 326.4 330.4 329.7 328.7 328.8 330.3 327.7 323.9 320.6 315 307.5 300.2 291.5 282.1 272.5 279.6 289.7 303.8 314.2 328.9 338.1 347.9 356.2 362.2 367.2 371.6 375.7 379.2 381.9 384.8 386.9 386 386.1 384.8 381.1 375.8 368.3 355.8 347.1 339.2 328.7 317.2 311 314.2 317.4 320.7 327.6 335.9 339.5 342.2 343.9 348.4 355.8 359.8 364.1 368.4 368.9 368.2 367.9
313.3 303.2 297.2 292.4 289.9 288.3 286.2 280.5 271.2 256.4 262 277.7 283.6 291.6 303.6 311 317 320.5 323.9 330.1 333 331.2 330.9 334.1 333.3 331 326.5 321.7 316.8 310.4 301.6 290.2 280.9 273.5 280.8 290.6 302.8 315.1 327.1 335.7 349.1 357.7 365.2 370.1 374 376.8 378.5 381.3 384.2 386.8 386.4 388.4 385.6 381.7 375.8 368.7 358 346.3 335.9 327.8 318.8 314.1 318.1 323.4 331 345.5 346.8 347.5 349.5 353.7 356.1 359.8 362.9 366.6 367.3 368.1 369.6 370
312.5 304.4 303.2 301.7 299.5 296.4 293.4 287.8 270.8 257.3 269.2 279.9 288 296.5 306.4 313.2 317.7 321 328 333.4 333.8 333.2 337.9 337.4 335.3 333.3 329.4 324.5 319.9 314.2 306.6 296.9 284.8 275.3 285.3 296.6 308.1 317.1 325.8 337.9 353 358.7 363.9 369.8 374.1 378.8 380.6 383 385.2 386 384.6 385 383 380.2 373.9 366.7 356.7 340.4 332.8 326.1 317.4 317.5 324.9 329.5 346.9 350.8 352.5 355.1 358.5 362.7 362.3 364.7 366.6 366.7 367.9 370.7 372.2 370.8
313.1 313.7 314.6 313.3 309.2 303.7 298 287.4 272.4 258.9 273.5 282.1 292.3 302.8 310.4 317 319.7 324.9 332.2 335.1 336.2 339.1 340.5 339.3 338.8 334.3 330.7 326.6 321.7 317.5 309.7 299.9 288.6 278.6 286.7 303.2 309.5 319.2 328.5 349.3 354.2 359.4 364.8 370 375.2 378.7 382.2 384.5 385.5 384.4 382.5 379.4 376.4 373.1 367.7 361.3 347 337.6 331 326.3 318.1 324.6 330.5 338 350.7 353.3 358.6 361 364.4 368.3 367.5 366.3 366.8 367.5 370.2 372.3 371.4 371.4
321.9 322.6 322.8 321 317.2 311.3 301.2 287.1 274.4 260.7 278.9 287.7 297.5 306.6 313.9 319.5 326.8 329.7 335.1 336.7 341.4 342.4 343 340 337.8 335 331 327.3 326 321.7 313.7 302.1 289.6 279.3 286 302.4 311.9 322.6 330.8 351.2 355.3 360.2 365.2 370.2 377.9 380.6 382.4 384.7 384.1 381.6 379.3 375.3 371.2 366.4 360.8 353.3 344.6 336.6 331 326 319.2 326.8 334 342.1 350.4 356.5 362.5 364.1 366.9 367.4 367.9 367.9 369.1 370.6 371.7 371.4 371.2 373.7
327.8 329.8 330.1 327.9 323.2 316.1 305.9 290.3 276.1 263.1 284.1 294.4 302.8 310.7 317 323.1 328.3 331.3 336.1 338.7 342.3 342.8 343.7 339.6 339.6 335.8 332.2 329.9 328.1 324.7 315.7 302 290.6 280 293.6 303.6 315.1 326.1 336.4 352.3 356.4 360.5 365.5 372.5 379.6 381.7 383.7 383.9 382.8 380.4 379 374.9 369.4 363.8 357.4 352.5 346.7 336.3 330.6 324.3 321.3 328.5 336.4 345.5 353.5 359.4 364 367 367.8 369 370.6 370.6 371.6 371.3 371.8 371.6 374 375.2
333.5 336.8 336 333.3 327.4 320.1 307.3 282.9 277.6 266.4 286.3 297.6 305.8 311.5 321.2 327.2 331.8 334.7 337.3 340.7 343 343.7 342.1 341 340.8 337 334.7 331.6 326.6 322.6 313.4 299.8 287.2 287 297.7 307.7 320 329.8 342 353 357.1 361.1 366.7 374.8 379.3 382 384.6 384.1 383.3 379.8 375.7 372 366.2 359.4 354.1 351.8 344.5 336.9 329.3 326.3 323.8 329.2 338.1 347.5 354.4 361.4 366.6 369.3 370.2 371.6 373.2 372 371.9 371.8 372 373.7 374.5 374.8
339.5 341.8 339.5 336.2 329.4 310.1 303.1 297.7 286.3 268.6 285.8 298.4 305.9 310.2 314.2 322.6 332.4 337.4 339.3 342.1 343.6 343.7 342.4 343 341.4 339.4 337.1 334.5 327.6 322.8 313.9 298.6 286.3 288.6 302.3 313.1 324.1 332.1 339.6 352.7 357.1 361.4 369 375.6 381 384.6 386.9 386.9 383.1 380.4 377.6 372.5 366.5 359.6 353.8 347.8 342.6 337.4 332.9 328.4 327.6 329.5 338.3 346.7 355.2 362.7 368.9 371.6 372.3 372.9 371.8 372 371.9 372.9 374.3 374.8 374.1 372.6
344.2 343.9 341.7 337.9 326.4 320.7 321.8 306.1 291.2 275.5 279.6 296.9 303.8 308.4 312.5 318.7 335.6 339.9 341.7 343 345.8 347 344.9 343.7 342.3 339.9 338.2 334 327.3 321.1 306.6 292.5 289.3 295.1 307.3 316.9 326.2 335 340 351.2 355.6 360.4 369.5 376.4 383.5 387.1 388 386 383 380.2 376.3 373.5 367.6 365.1 358.2 351.7 345.8 340.4 335.2 330.6 330.3 330.2 336.6 346.2 356.2 364.2 369.6 372.1 372.6 372.2 372 371.9 372.8 375.1 375.2 373.5 372.1 370.6
346.7 344.9 342.7 338.3 326.4 332.4 326.8 317 298.6 286.1 274.9 295.1 301.9 306.8 311.5 324.9 339.4 341.5 344.2 344.4 344.8 345.4 345.6 344.3 343 341.6 338.6 332.8 325.8 317.6 301 297.3 295 292 305.3 316.3 325.8 334.1 338.6 349.7 352.3 361 368 374.1 382.8 386 386.5 383.7 381.8 380.1 376.7 372.4 370.4 367.2 362.3 354.8 348.8 343.7 338.8 333.4 330.3 334.2 337.8 346.1 356 364.8 371.2 373.2 372.7 372.4 372.2 372.5 373.6 374.1 373.8 372.8 370.7 369.1
346.9 345.2 342.8 331.6 338.5 336.3 330.9 324.6 307.3 290.8 271.7 294.8 301.6 306.3 313.6 337.3 339.2 340.3 341.8 343.8 345.1 345.3 345 345.2 344.2 342.9 339 332.1 320.2 310.7 298.7 304.4 305.4 297.8 296.7 313.2 322.6 328.5 331.3 341.9 349.4 358.2 365.9 372.6 377.9 380.4 381.4 378.7 379.1 380.3 376.1 373.7 371.8 369.7 367.2 359.3 353.1 349.2 341.9 337.1 332.5 331.6 339.4 345.6 354.1 363.6 372 375.7 374.9 372.7 372.8 374 374.5 373.9 374 372.3 370.4 367
347.9 345.8 338.3 341.3 341.5 339.2 334.6 328.6 315.3 300.1 293.1 284 299.2 303.6 319.9 337.1 337.3 339.4 340.5 342 344.6 346.2 345.7 344.8 343.3 342.7 338 328.8 318 310.6 304.9 308.4 310.8 312.6 298.9 306 316 320.9 322.5 329.3 346.5 356.1 363.7 364.9 367.2 372.2 376 376 378.8 378.6 376.2 374.1 372.7 370.6 367 364.2 358.7 354.9 346.9 342.3 335.3 338.7 337 347.5 354.3 362.2 371.5 378.4 377.4 375.6 374.9 375.6 376 374.9 373 371.8 369.8 366.2
348.3 345.5 345.3 345 343.6 341.7 337.7 332 320.7 309.4 303.3 293.7 298.8 304.8 318.8 332.3 340.4 340.6 340.8 342.3 344.5 347 347.7 345.8 343.9 341.6 337.4 331.5 324.3 316.7 310.2 311.4 314.1 315.5 314.5 300.5 305.8 311.2 312.8 314.9 316.6 333.4 355.4 357.9 356.9 366.6 372.3 376.5 380.2 378.9 377.8 377.4 376.1 374 371.1 367.8 361.9 356.8 352.9 350.2 342.6 345.5 342.8 348 356 363.8 371 379.8 378.2 378.1 377.9 378 376.4 374.6 373 371.7 368.6 362.5
349 348.3 348 347.3 345.9 343.6 339.6 333.6 325.8 313.3 304.8 295.5 296.8 309.9 326 336.5 340 341.5 342.4 345.1 346.7 348.5 348.5 347.3 345.9 342.6 338.5 334.1 329.2 324.5 315.5 314.4 316.1 318.3 320.2 318.6 311.2 307 313.6 327 339.1 344.9 343 349.4 350.6 357.7 368.8 374.6 376.4 375.2 376.8 378.8 379.2 378.6 375.8 369.7 363.8 362 359.6 356.8 349.5 349.2 349.2 345.1 355.4 365.3 373.4 375.9 378.3 379.1 379.5 378.2 376.5 374.9 374.1 368.9 364.6 357.8
350.1 350.4 349.9 349.4 347.9 345.2 340.9 334.6 326.7 313.2 302.6 296.1 290.1 309.7 322.3 304.4 314.8 337.1 344 347.3 347.4 348.8 349.3 350.4 346.7 342.8 341.4 337.1 332.6 328.1 325.5 322.1 320.9 322.2 326 324.9 317.1 307.7 315.4 327.5 339.8 346.5 348.1 344.4 347.6 355.9 368 373.7 374.3 377 376.8 376.3 377 376.2 375.6 370.6 369.8 368.5 365.1 362.3 358.1 355 352.8 343.6 353.8 361.7 366.7 371.7 375.3 379.2 380 379.6 379.4 377.5 373.4 367.2 361.6 355
352.7 352.7 352.1 351.4 349 345.7 341.5 334.7 326 310.5 298.7 292 295 299.8 301.9 323.2 339.1 326.3 344.5 347.3 348.7 349.6 350.4 351.7 351.1 347.5 346.5 340.9 334.4 331.8 332.9 334.2 330.4 331.5 334 330.1 319.5 309.3 318.2 328.4 339.1 348.5 351.9 345.1 351.4 360.7 368.5 372.8 379.2 375.3 373.3 372 371.9 371.9 372.1 372.8 370.9 369 365.9 365 364.7 360.7 354.8 350.7 349.2 353.8 358.8 367.1 374 378.5 381.1 382 380.9 376.5 371.3 365 359.9 351.6
354.8 354.7 354.6 353 350.4 346.3 341.5 334.1 322.7 310.4 300.6 294 298.2 305.2 314.6 326 339 340.7 341 346.3 349.7 350.5 352.5 353.5 355.1 352 349.1 344.7 336.1 336.2 340.1 341.5 340.5 343.5 344.3 331.5 323.1 312.8 321.5 332.4 343.6 354.4 355.1 349.8 355 361.1 369.1 373.1 377 373.6 372.3 372.2 372.2 374.8 377.6 378.3 377.7 371.7 368.3 367 365.2 361.9 360 358.1 350.6 352.9 355.8 364.8 373 379 382.9 382.6 379.8 374.6 369.8 363.1 359.9 359.7
357 356.7 356.3 354.2 351 346.3 340.7 333.6 323.2 312 301.1 300.9 300.8 306.6 317.1 328.7 340 342 334.2 346.2 350.5 353.1 355.2 357.2 357.2 356 351.6 345.6 345 342.5 344.1 347.9 350 348 345.2 334.8 322.3 321.1 325.7 336.6 347.4 358.3 358.3 350.1 356.8 365.6 368.3 372.1 374.9 374.6 379.6 378.5 382 383 377.4 375.2 375.1 375.5 373.9 368.1 365.2 363.1 360.8 359.6 356.2 353.9 357.8 364 372 379.4 382.4 381.8 377.7 373.1 367.7 368.3 366.2 364.8
359.2 358.7 357.4 354.8 350.6 345.5 339.6 332.5 322.6 310 300.5 305.9 308 309.7 321.1 331.6 342.7 343.4 335.7 343.9 351.1 353.7 357.3 359.5 359.3 356 353.8 352.2 352 351.4 353.3 357.6 357.1 350.3 341.5 334.3 329.8 328.1 331.2 341.6 353.1 359.9 358.1 353.5 365.5 364.1 366.3 370.9 373.4 378.2 379.3 383.8 382.6 380.1 375 373.2 373.9 372.8 371.4 370.9 373 368.6 364.7 363.1 359 355.9 359.1 364.4 370 377.3 383 380.4 377.3 373.8 373.4 372.9 372 369.6
