WholeMapElevations/data/sd/sd96_OST50GRID_20230518/SD96.asc
ncols 200
nrows 200
xllcorner 390000
yllcorner 460000
cellsize 50
[rows 0 to 34 of 200, columns 78 to 155 of 200]
345.9 341.3 337 332.5 326.6 319.8 306.1 293.5 281.6 270.1 273.6 268.1 276.3 280.1 282 285.5 289.3 288 285.5 284.1 276.9 275.6 272.1 268.6 264.6 259.9 254.2 253 251.2 246.9 246.5 242.8 237.1 233.4 230.3 227 223.6 220.9 219.6 216.2 212.3 206.3 196.8 198.2 198.4 211.2 214.7 217.4 219.4 222.4 227.5 237.3 244.9 252 259.4 262.8 271.4 280.4 291.1 301.2 306 306 307 305.3 298.7 290.2 271.8 257.8 245.1 235 221.6 208.3 201.6 195.6 193.4 191.1 194 204.1
352.8 347.5 339.9 332.5 319.6 306.2 289.4 277.8 281.2 286.4 283.2 281.3 287.9 284.6 288.2 291.5 296.3 299.2 297.8 296 291.7 289.8 283 278 274.1 268.5 263.4 261.5 257.6 253.7 253.3 249.3 245.4 240.8 237.6 232.6 228.3 225.7 223.5 220.3 216.4 211.6 201.9 196.8 198.1 197.7 204.3 208.4 213.5 216.6 220.1 229 234.6 239.5 250.6 252.9 263.3 270.3 280.4 291.5 298.7 298.7 298.3 295.8 291.9 283.5 271.3 257.9 244.2 232.7 220.2 205.5 198.1 194 192.8 190.6 192.3 201.8
353.2 347.9 337.7 318.7 304.2 287.3 291.2 302 300.3 301.3 297.8 294.1 296.6 293.5 294 297 302.6 306.8 306.2 305.9 301.2 302.3 295.4 291.4 283.1 277.3 274.8 271.1 263.8 261.3 258.9 256.6 254.1 251 243.8 237.9 234.6 231.5 227.2 223.5 218.2 212.9 205.9 200.9 197.6 197.1 196.9 199.2 201.9 210.7 216.2 220.9 226.9 230.7 240.4 246.3 255 261.1 267.8 278.8 287.9 291.9 286.3 284.4 283.4 278.3 268.9 256.7 242.2 227.5 213.7 203.5 194.8 192.9 192.9 192.1 189.2 195.8
348.6 340.4 326.2 304.3 299.7 307.8 313.2 316.8 316.9 316.7 315.6 307.9 311.3 315.1 310.6 312.7 311.9 310.3 312.7 316 313.6 309.3 307.1 297.2 291.9 284.1 283 286.1 278.1 275.3 266 263.7 262.7 258 250.7 243.7 240.5 236 231.8 226.7 221.7 218.3 215 209.7 205.8 200.9 197.4 195.6 197.8 200 207.9 218 224.2 228.7 228.2 238.4 245.7 250.4 256.8 266.6 276 282.2 278.8 278.4 276.8 273.5 265.8 255.7 242.1 226.3 213.6 203.1 194.4 192.7 193 192.6 190.3 194.9
338.8 325.1 306.9 307.4 320 327 328.2 329.5 328.7 328 326.8 323.2 325.5 325.7 325.7 329.8 329.2 324 319.1 320.3 322 316.1 318 308.9 299.7 295.6 291.8 287.4 288.1 282.5 275.8 273.1 269.1 262.9 255.8 250.6 245.8 240.5 235.2 231 227.3 224.1 221.2 217.2 211.5 212.3 202.2 197.3 196 197.1 197.3 201.9 214.5 223.5 223.9 234.1 236.3 239.9 246.9 255.6 263.9 271 273 269.7 271.6 266.8 260.8 255.8 243.9 228.7 215.3 203.8 193.3 192.5 192.5 192.2 190.5 192.5
323.8 304.6 317.5 328.9 335.3 335.1 334.6 337.5 337.3 336 332.1 330.4 334.3 337 336.4 336.6 337.3 335.7 335.9 335.5 332.6 326.9 324.5 319.3 314.6 304.9 299.5 295.9 296.4 293.8 284.8 278.7 274.8 269.2 265.4 258.2 250.8 244.4 238.6 235.1 231.9 228.8 224 219.7 219.1 218.5 215.8 202.9 201.7 197.6 196.9 194.6 197.2 203.8 217.7 227 229.3 231.8 238.7 244.7 251.5 260.4 261.6 262.3 265.2 262.5 256.9 254.8 246.2 228.8 215.3 204.5 193.3 192.2 192.1 192 190.4 190.7
311.1 325.8 337.9 343.9 345.7 345.9 345.6 345.2 344.5 343.5 341.4 340.6 341.8 344.4 346.7 349.9 352.5 354.2 351.1 344.7 342.9 337.3 331.4 328.2 322.8 316.9 309.3 301.9 298.5 294.6 293 288.1 279.8 277.3 273.3 267.2 258.2 249.5 244.1 240.1 236.5 232 226.3 224.3 223.2 221.5 217.8 208.7 215.1 209.6 199.1 196.2 195.7 195.4 202 216.3 224.5 225.7 232.2 236.5 240.7 246.1 251.8 252.8 253.2 255.3 251.6 248.5 241 225.3 213 202.9 193.7 192.2 192 191.6 190.3 190.1
334.6 345.1 347.8 351.5 353.9 353.3 353.4 354.4 353.9 352.5 350.7 350.5 353.6 356.6 361.9 361.6 363.9 362.4 360.4 353.4 350.3 345.4 340.7 333.2 330.4 324.9 318.4 313.4 307.3 300 295 294.3 290 284.9 279.8 273.5 265.5 258.9 251.6 246.2 240.9 235 231.5 229 226.5 223.1 211.2 219.8 219.5 216.4 210.8 201.3 196 195.2 195.4 200.6 214.2 221.4 226.9 229.1 233 233.8 240 244.3 243.1 245 244.8 241.3 234 222.8 212.4 203.2 195.2 192.4 191.8 190.9 190.4 188
353.7 359.3 361.3 365.5 367.1 366 365 366.3 362.5 362 359.4 363.6 362.4 365.4 368.8 373 372.1 371.7 368.7 362.1 358.6 357 351.4 349.2 337.4 332.6 326.6 319.1 314 310.1 303.5 297.7 299.6 296.5 285.2 278.6 272.8 266.4 260 252.6 244.5 239 236.1 232.6 228.9 221.4 216.6 222.4 221.2 219 214.6 210.2 205.9 195.6 194.4 195.2 199.6 212 219.5 221.4 224 226 228.4 233 233.4 236 236.2 235 228.6 218.8 210.1 203.4 197.3 194.3 191.6 191.1 190.7 188
367.8 369.6 371.4 375.5 376.6 377.4 375 373.6 371.8 372.1 370.1 370 376.3 375.1 376 378.8 381.2 378.4 375.7 372.9 369.8 364.4 361.1 359.1 351.6 343.4 346 330 320 317 314.8 306.5 307.9 301.3 295.6 285.1 279.1 273.2 266.7 258.7 251.9 244.2 240.3 235.6 227.2 226.7 225.2 223 221.7 219.7 217.9 215.2 211.2 197.3 193.4 194.6 194.6 194.8 208.9 215.8 215.8 216.6 222.6 220.8 221.6 227.5 228.8 230.3 224.9 217.1 209.4 203 199.5 197.9 196 193.2 191 187.8
378.6 379.5 383 385.4 385.9 384.1 384 385.5 384.5 381.6 377.4 380.8 382.9 383.8 384.9 381.9 387.1 384.8 383.1 380.2 377.7 373.7 371.9 367.7 366.7 361.1 353.4 335.9 328.3 324.1 319.2 313.9 314.5 309.8 303 291.9 283.9 279.2 271.7 263.5 259.1 253.3 245.1 239.4 231.7 229.4 227 224.3 223.1 222.1 219.8 217.6 213.7 209.5 196.9 193.4 193.8 192 191.7 199.8 211.8 213.2 214.2 216 214.2 216.8 220.5 223 220.5 216.4 207.6 203.3 201.4 199.7 198.1 198.6 196 190.8
388.3 388.4 391.2 393.6 395.5 394.2 391.8 391.8 391.3 386.6 385 386.2 391.5 393.2 391.6 391.8 393.6 391.1 390.2 388 384.3 381.7 378.6 377 372.8 368 365.8 350.6 333.7 328.4 325.7 322.8 321.8 319.8 318 299.4 288.6 281.2 277.2 272.2 266.5 260 251.7 246.5 241.3 235.2 230.3 225.8 224.5 223.3 221.8 219.6 216.6 212.9 207.8 201.4 196.3 194.5 193.6 191.7 207.5 209.1 206.6 209.1 208.6 210.6 214.1 214.3 210.6 207.9 205.2 203.2 204.4 202.4 198.6 199.1 198.8 190.6
399.5 401.1 402.4 404.1 406.1 404.6 402.2 402.1 398 393.2 393.5 394.8 399.8 400.7 401.6 405.1 402 401.6 400.5 396.7 397.2 389.9 387 386.2 378 374.6 371.6 363.3 346.6 337.7 329.3 326.6 324.9 322.8 321.5 316.1 297.7 289.3 286.6 279.5 272.5 264.4 255.8 253.4 249.4 242.3 238 232.8 229 226.4 224.6 221.6 219.3 215 210.8 206.8 201.8 196.2 194 192.9 194.5 200.4 203.4 203.5 204.3 204.8 205.6 207.3 211.9 204.3 202.8 202.2 202.8 202 197.4 198.1 197.5 189.8
411.2 413.2 412.4 414.6 419.4 411.4 409.7 410 410.5 403.7 400.8 401.2 400.7 402.8 409.3 417 411.1 415.6 414.5 409.7 407.7 403.1 399.7 389.3 386.9 383.4 376.6 370.1 358.9 355.5 349.6 339.1 333 331.8 327.4 318.6 306.5 305.1 303 290.2 280.4 267.3 264.7 260.2 255.9 250.3 245.4 240.6 236.3 231.5 228.2 224.3 220.2 219.5 215.4 210.8 205.4 201.4 198.2 195.3 191.5 192.3 196.9 200.4 200.4 200.1 200.1 201.3 202.6 201.8 199.5 197.4 196.6 196 194.3 193.7 193.4 189.3
415.3 420.8 426.7 427.9 425.6 425.1 424.3 416.2 412.5 413.4 413.9 411.8 411.9 419.9 419.4 419.3 419.6 421 420.8 417.7 414.4 410 407.2 401.4 388.2 385.7 382.5 376.5 370.7 363.1 357.3 351 344.3 341.9 339.4 324.7 323.5 318.3 316.1 311.8 295.2 280.6 270.7 267.3 262.1 258.5 252.8 248.7 243.5 237.7 232.9 228.2 226.4 223.7 219.4 215 208.7 204.6 201 199.1 194.6 193.1 191.6 194.2 198.2 197.9 198 197.3 197.1 197 195.3 195.3 195.3 193.9 192.1 188.3 186.7 186.7
432.2 434.2 434.8 434.8 434.8 432.6 432.4 432.2 431.1 426.3 423.1 420.7 425.3 426 424.1 423.8 420 419.5 419.3 417.9 416 415.1 410.1 407.5 388.5 386.5 381.2 379.4 378.1 371.6 364.4 360.3 356.9 348.2 341.9 342.3 337 332.2 329.8 327.9 318 292.6 283.7 277 271.6 266.4 261.2 256.7 250.7 244.9 240.5 235.2 231.1 228.3 223.4 218.3 213.2 206.6 202.9 200 196.8 194.1 193 191.9 192.9 195.3 193.8 193.2 192.5 192 191.5 193.2 195.9 194.7 191.5 187.2 186.1 191.1
441.1 442.6 443 441.9 441.6 440.1 441 438.9 435.6 433.1 433.4 431.5 430.9 432.9 427.3 426.1 426.6 422 418.1 417.5 415.6 413 414 408.7 392.8 384 380.5 383.7 381.2 380.2 373.4 363 360.8 357.3 354.2 352.4 349.1 347.3 339.4 337.9 335.4 310.4 296.3 288.1 281.4 274.7 268 263.6 258.4 250.5 246.6 242.8 236.7 232.1 227.1 221.9 216.8 210.8 205.3 201.9 198.4 197.9 193.9 193.1 192.3 189.9 191 190.8 190.6 190 189.6 189.5 189.2 189.9 187.3 189.2 188.8 189.4
444.6 446.4 447.4 448.7 446.9 445.2 445 443.1 440.4 438 436.8 434.8 433.2 435.2 432.8 431.6 432 426.6 415.8 414.9 414.8 414.2 413.9 409.7 398 389.9 387.8 380.1 385.6 381.8 375.5 373.3 361.5 353.6 354 351.5 351.5 351.2 346.2 341.8 335.2 328.9 314.5 307.1 295.6 284.7 276.8 269.8 262.8 258.8 253.8 249.8 244 237.5 232.7 228.1 220 212.9 207.2 206.4 202.3 199.4 196.1 194.1 193.3 192.1 189.1 190.6 190.4 190 189.6 189.3 189.4 188 188.9 188.2 188.1 187.9
449.5 451.5 451.6 451.9 451 450.6 451.2 447.1 443.3 441.2 438.9 437.6 437 436.5 437.5 433.2 434.6 432.5 429.5 416.6 415.6 414.6 411.8 410.8 397.5 396.6 397 391.6 386.4 375.9 375.9 363.8 360.5 368.3 363.9 366.5 364.2 359.1 350.9 342.6 340.1 332.6 321.9 315.2 314.6 304.2 288.1 278.1 272 264.9 260.6 254.6 250.2 243.3 239.8 234.4 222 220.2 216.3 212 206.1 201.1 198.9 196.8 194.3 192.2 191.9 191.1 191.2 190.4 190.3 190.8 189.7 189.3 188.6 187.9 188.4 185.7
453.3 453.8 456.7 457.1 453.4 452.8 452.3 451.7 449.8 445.1 444 441.1 440.3 436.7 439.1 438 434.8 433.5 431.7 419.9 415.2 414 411.9 406.8 396.3 394.6 391.5 390.4 385.1 367.4 373.7 373.5 377.2 376 374.6 373.7 369.6 366.2 364.5 357.9 353.8 344.7 333.3 321.8 319.9 318.5 312 289 279.3 273.3 267.4 261.5 256.5 252.3 247.1 234 231.9 231.7 224.4 217.7 210.5 205.2 201.1 199.1 196.1 193.4 192.1 191.8 191.5 191 190.9 190.3 189.9 188.7 187.9 187.6 187.5 187.6
460.4 462.4 462.1 460.3 459.2 458.2 453.5 452.1 451.5 450.9 448.3 445.3 444.1 433 436.4 437.1 438.3 434.5 433.1 424 415.2 414.3 413.8 406.9 392.8 383.7 383.9 384.8 379.3 370.4 370.4 378.8 377.4 375.7 375.1 374.5 374.3 369.9 366.4 363.8 359.1 349.8 341.2 332.8 322 317.3 317 309.8 292.9 282.7 273.7 268.1 262.7 257.5 243.3 246.1 243.9 237.9 231.9 223.8 215 207.4 204.8 202 198.2 194.9 192 191.5 191.3 190.8 190.6 190.2 189.8 188.2 187.6 187.5 187.2 187.2
464.6 464.6 463.9 462.8 461.9 461.3 459.7 454.4 453.1 452.4 450.2 450.5 450.6 444.1 442.3 442.4 439.1 438.1 434.3 423.8 415.4 414.6 413.7 411.7 384.4 382.7 383.2 383.6 375.2 375.4 380.1 378.5 375.8 374.9 375.1 375.3 374.9 372.2 367.4 365.9 363.4 358.1 347.4 332.9 323.9 320.5 312.9 308.9 303.3 296 284.9 275.7 267.7 256.1 252.1 255.1 249.9 244.6 237.9 230.4 221.8 217 211.9 207.9 202.5 196.9 192.6 191.5 191.2 190.9 190.5 190.2 189.6 187.6 187.4 187.4 187.1 186.8
472.1 474 471.4 467 465.6 462.9 461.9 460.3 454.6 452.6 451.3 451.3 451 448.5 447.9 446.6 442.6 440.1 438 428.8 415.6 414.8 414.1 410.2 384.5 382 383.5 383.3 378.1 387.5 393.6 382.3 374.9 375 375.1 375.3 375 373.8 368.1 367.1 365.9 363.4 354 342.4 328.8 321.6 311.6 305.7 301.2 300.7 297.1 287.9 271.5 263.4 264.5 261 256.4 251.5 245.8 237.6 231.5 223.8 219.7 215 208 201.5 194.8 192.3 191.3 190.8 190.4 190 189 187.3 187.1 187 186.9 186.6
480.8 480.5 479.9 477.7 474.5 465.7 463.5 461.9 457.7 453.9 452.2 451.6 451.3 450.1 448.2 448.7 443.1 442.1 440.1 430.9 417.2 415.1 414 412.4 385.8 380.2 383.8 382 381.2 393 396.1 387 374.3 373.9 374.2 374.4 374.1 373.9 368.6 368 366.9 363.5 359.8 349.6 334.5 327 317 308 305.5 297.3 293.4 288 282.8 275 267.1 264.4 261.4 256.9 253.2 246.3 238.5 233.5 228.9 223.6 213.4 205.1 197.2 191.4 190.6 190.3 190 189.8 189.1 187.3 186.9 186.6 186.5 186.3
486.9 487.1 484.3 482.9 480.4 475.2 466.1 463.3 459.6 456.3 454 452.8 451.8 450.8 449.8 448.4 445.7 442.4 441.7 434.9 421.2 415.9 414.9 414 390.9 375 370.3 374.7 380.3 397 395.1 389 375 373.1 373.2 373.4 373.5 373.5 368.3 367.9 365.2 364.7 360.8 352.6 337.7 328.4 323.1 318.3 310.7 303.8 300.3 297.3 294.6 287.4 278 271.2 264.5 260 257.8 250.5 243.7 240.3 236.6 229 219.3 209.3 200.8 192.7 190.2 190 189.9 189.6 189.2 188.3 186.9 186.5 186 186.3
492.9 492.6 490.3 487.6 483.9 481.5 471.6 464.7 461.9 459.3 457.1 456.9 455.5 452.7 451.9 450 448.5 443 440.9 435.9 425.7 417 415.7 414.8 402.3 379.3 366.9 370.7 378.7 396.9 398.5 395.9 376.3 373 372.9 372.8 372.3 371 367.3 367.3 367.3 363.3 358.1 347 335.5 330.7 330.4 326.7 323.9 315.1 308.6 306.4 303.1 296.5 288.8 283.3 280.4 272 263.8 259.6 250.5 247.3 241.3 233.6 225.3 217.6 205.2 195.2 190.1 189.9 189.6 189.3 188.9 188.5 187.3 186.3 185.8 186
494.1 494.1 492.7 489.4 486.5 482.9 473.9 467.9 463.9 461.5 459.5 457.9 457.4 456.4 453.5 451.6 447.2 448.8 440.8 436.6 429.8 420.1 416.5 416.1 414 387.5 373.1 374.4 381.2 390.7 402.6 399.9 380.7 373.5 373 372.8 371.6 367 366.7 366.5 365.9 360.7 358.8 342.9 340 338.6 340.6 337.1 332.4 326 320.7 316 309.6 299.9 293.5 291 288.3 281.9 273.4 266.2 262.5 255.6 244.5 238.7 232 224 212.1 198.9 190.4 189.7 189.2 189 188.6 188.2 187 185.8 185.8 185.9
495.3 495.1 493.8 491.7 488.6 482.9 478.3 469.3 465.8 462.5 461 459.5 458.2 456 453.6 452.2 450.8 450.7 444.1 439.9 428.8 421.9 417.3 416.5 414.5 393.9 382.7 382.4 386.9 398.6 402.6 399 375.4 373.3 371.6 372 369.1 366.5 366.2 365.8 359.7 353.3 351.7 350 347.1 348.6 347.8 343.8 339.8 333.8 330.2 324.3 316.3 307.5 300 293.6 289.6 287.2 281.8 274.1 270.7 265.9 258.4 243.5 236.1 228.8 217.7 202.1 191.2 189.5 189.1 188.7 188.4 187.7 186.7 186.3 186 185.9
496.8 496.1 495.4 492.6 489.5 484.1 482.2 471 467 464.1 462.2 460.8 459.2 455.5 453.9 452.9 449.2 450.5 445.2 438.4 429.6 419.9 417.6 416.7 412.7 402.2 399.6 395.2 399.5 399.9 403.8 382.8 374.6 368.6 368.2 367.5 357.3 357.9 358.9 362.2 356.9 362.6 363.1 363.5 362.4 357.2 349.8 347.8 342.7 340.3 338.2 329.1 325.8 317.6 308.8 300.7 294.8 290.2 286.6 286.2 280.7 277.1 266.7 255.2 246.8 228.8 219.5 208.6 192.6 189.7 189.2 188.7 188.3 187.3 186.3 185.6 185.7 185.7
498.6 497.4 495.1 492.7 488.6 483.9 481.9 476.4 468.8 465.3 463 462 459.5 456.2 453.7 447.3 443 440.2 435 426 421.1 419.7 418.7 417.9 409.8 403.1 400.8 400.1 401.1 403.7 395 376.7 372 368.7 368.5 366.2 359.8 357 353.7 356.9 367.7 363.5 364.2 360 356.8 356.3 352.6 349.4 346.6 349 345.6 337.1 328.5 321.8 316 309.1 303.8 297.5 296.3 293.2 287.6 285.9 278.9 269 258.9 250.5 237.8 212.5 197.4 189.3 189.1 188.8 188 186.9 186.2 185.9 185.5 185.6
499.8 497.8 494.8 493.2 491.1 484.1 482.1 477.5 472.8 467 464.1 463.5 462.9 458 454.2 446.7 440.7 433.8 427.1 422.2 421.6 421 420.3 416.9 407.9 405.2 404.7 404.1 404.1 404.8 390.7 377 370.8 369.6 369 364.5 360.4 359.8 355.5 358.3 371.4 366.1 360 360.2 359.2 356.8 355.5 350.6 350.8 354 348.9 344.9 337.3 331.1 326.8 320 314 307 302.2 297 292.5 291.6 290.7 284.1 270.4 260.9 249.9 236.9 209.5 189.3 188.7 188.6 187.7 186.8 186.3 186.1 185.7 185.7
501.2 498.6 496.1 495.3 492.2 486 483.7 480.4 476.6 471.8 466.8 465.1 464.1 462.5 456.7 448.3 440.7 430.8 423.4 422.7 422.4 422 421.4 415.5 410.2 407.2 406.6 405.3 406.3 397.9 386.4 373 371.5 370.7 366 361.4 363.6 367.2 356.6 360.5 366.3 367.1 364.9 358.6 359.7 359.6 356.4 354.8 353.6 355 353.9 347.2 345.7 339.1 333.6 326.7 319.9 311 303.4 302.1 302 296.6 291.8 286.7 275.3 268.1 261.6 248.8 233.5 192.7 188.9 188.3 187.7 187 186.4 186.1 185.5 185.3
501.5 499.3 498.2 497.4 493.8 489.3 486 481.6 479.4 475.5 471.6 467.6 466.4 465.1 460.4 449.5 439.3 424.5 423.6 423 422.9 422.7 419.7 413.4 406.7 396.7 391.5 391.1 389.8 386.7 377.7 372.8 371.8 366.3 363 362.9 366.5 364.4 363.4 350.2 361.9 370.2 369.9 361 360.5 360.5 358.8 362.8 358.2 353.8 353 347.6 344.8 343.1 335.9 327.6 318.7 310.5 305 303.3 303.2 298.8 291.9 283.1 275.9 271.7 266.8 256.8 247.4 212.9 189 188 187.5 187.2 186.4 185.7 185.5 185.3
500.9 499.5 499 497.5 495.5 490.2 489.1 479 478.5 477 473.1 470.3 467.9 468 462.7 449.3 435.4 425.7 424.1 421.9 419 417.8 412.5 410.8 401.2 389.7 385.4 382.2 380.2 376.9 374 372.9 371.5 365.8 363.1 363.3 366.7 365.3 353.8 349.2 362.4 364.4 370.6 362 360.8 362.1 364.5 364.8 360.3 348.3 348.9 338.2 344.2 342 336.5 329.1 322.4 315.7 307.1 303.7 300.4 293.7 293.6 288.8 277.1 272.2 269.4 261.4 254.2 246.5 188.8 187.6 187.1 186.8 186.4 185.6 185.5 185.4
501.1 500 499.3 498.4 496.6 492.4 488.6 478.8 477.6 475.9 473.2 471.7 469 467.9 454.3 445 431.8 426.2 420.5 415.4 408.5 407.2 407.3 403.2 393.3 386.6 382.3 380.1 374.6 373.7 371.5 368.6 370.5 363.7 360.2 357.2 366.8 358.1 353 348.7 354.7 361.7 369.3 361.3 361.6 365.5 364.5 362.5 347.2 344.5 343.4 333.7 336.4 334.4 330.2 330.4 323.2 317.2 309.6 304.6 300.8 298.5 291.8 283.6 277 269.4 268 265.6 263.6 253.2 192.6 187.6 186.8 186.7 186.4 185.7 185.4 185.3
