WholeMapElevations/data/sj/sj24_OST50GRID_20230518/SJ24.asc
ncols 200
nrows 200
xllcorner 320000
yllcorner 340000
cellsize 50
[rows 70 to 104 of 200, columns 78 to 155 of 200]
446.9 444.6 443.1 443 442.6 440.6 438.5 434.9 431.3 428 424.6 421.9 418.5 414.4 410.1 407.1 404.3 401.4 397.4 394.6 390.1 389.2 386.8 384.3 381.5 379.6 377.3 374.7 372.9 370.8 367.2 363.5 360.1 352.9 347.6 343.8 340.9 336.2 332.6 331.2 329.5 326.2 321.9 317.3 311.5 305.2 279.7 287 297.9 299.3 290.3 284 281.2 279.3 279.4 278.1 272.1 263.1 256.1 252.3 248.3 242.5 251.7 248.6 243.4 242.9 240.6 242.4 243.2 243.7 241.9 238.2 235.1 235.4 234.8 235.1 234.6 233.4
444.3 442.8 441.4 441.9 442.5 440.2 437.2 433.6 430.5 426.5 423.4 420.3 417.8 413.4 408.9 405.6 402.8 399.9 396.4 393 389.8 383.6 383 380.5 377.7 375.7 374 371.9 369.6 367.5 365.2 362.4 357.2 352.9 346.1 342.4 338.7 335.9 333.3 330.3 326.9 323.9 320.8 316.9 310.3 294 275.7 289.1 299.4 299.7 290.6 283.6 280.9 276 276.8 273.6 264.3 259.9 254.8 250.3 248.3 240.7 241.6 238.8 236.7 233.7 240.1 245.2 241.3 240.9 240.3 239.5 236.8 234 232.8 232.2 231.6 230.5
441.6 439.8 438.3 441.1 442.2 439.6 436 432.2 429.5 425.1 421.8 418.7 415.9 411.5 407.8 404.2 400.8 397.5 394.3 391.2 383.3 377 375.2 376.2 373.9 371 369.4 368.1 366.3 364.2 362.2 359.7 356.5 351.8 347.1 341.8 336.7 334.4 331.9 326.3 323.3 319.9 318.1 314.2 301.2 280.2 274.4 293.2 302.8 297.9 294.6 283 273.2 271.6 268.5 264.4 260.3 257.5 255 252.4 250.1 247.9 245.9 247.1 244.1 232.4 237.7 242 242.1 238.2 238.3 237.8 237.6 234.8 232.8 232 230.3 229.4
438.1 435.3 434 436.9 440.7 438.3 434.4 430.5 427.8 423 419.7 416.4 412.9 409.3 405.3 401.6 398.4 395.1 392 388.8 385.3 379.8 366.3 368 369 366 364.2 362.9 361.5 359.7 357.9 356.8 354.2 349.6 345.6 340.9 336.2 333.3 330.3 326 321.4 316 314.8 311.3 292.6 275.5 283.3 297.8 308.4 300.5 296.5 282.1 273.5 271.3 266.2 265.7 261.7 256.4 253.4 250.9 249.3 247.3 245.5 245.4 243.5 238.5 227.9 240.5 240 237.4 236.7 237 237.5 234.3 232.8 232 231.3 229.9
439.5 435.7 431.1 430.6 430.6 431.5 430.9 427.6 424 420.2 416.9 413.5 410 406.4 402.2 399 395.9 392.6 389.1 385.6 381.9 377.7 366.7 362.2 362.4 361 357.9 356.3 356.3 354.9 353.4 352.4 350.7 346.9 342.9 338.7 333.9 330.5 329.3 327.4 323.3 318.5 313.5 304.5 285.2 272.9 283.9 298.3 310.3 307.1 303.9 289.6 278.5 270.4 266.8 269.6 265.8 255.6 252.7 250.3 248.9 248.5 247.7 244.8 242.2 236.6 230.9 242.1 239.1 236.9 233.4 233.1 234.6 233.8 232.3 231.2 229.7 229.4
444.5 439.1 436.4 430.4 426 423 419.2 421.7 420.2 417.2 412.4 409.2 406.1 403 399.3 396.3 393.4 390.3 386.4 382.5 377.9 373.7 366.1 358 356.3 355.4 352 349.3 349.8 349.6 348.7 347.9 346 342.6 339.9 335.7 331.9 328.7 327.2 325.5 322.5 318.4 314.3 301.6 282.5 272 284.8 299.6 309.2 310.3 307.9 296.8 282 277.8 278 272.6 267.1 255.8 252.6 249.7 249.7 249.8 248.8 244.1 240.9 222.8 238.1 242.4 239.3 233.5 229.4 229.6 232 233.2 230.7 229.6 229 228.5
446.4 445.8 444.7 441.5 436.7 431.6 425.3 414.1 414.9 413.1 408.7 405 401.9 398.8 395.4 392.4 389.8 386.7 383.3 378.5 373.2 368.1 364.1 358.1 354 345.6 339.4 344.2 343 342.8 342.7 342.1 341.8 339.1 335.3 331.3 328.5 326.6 325.2 324 320.8 316.7 312.2 291.7 281.1 269.2 286.6 296.6 308 306.4 304.3 301.3 292.9 287.7 284.7 273.4 267 258.1 251.9 250.8 252 253.1 249 244.5 243.9 223.4 219.6 229.5 235.9 232.9 230.8 228.9 229.1 230.1 228 228.3 229.3 228.5
451.8 449.9 446.7 442.4 437.7 432.5 427.6 420.8 409.9 408.7 405.5 401.3 398.4 394.6 390.8 388.5 385.6 382.2 379.1 374.1 368.8 363.1 359.1 353.7 350.8 345.3 332.9 336.4 335.8 336.7 334.9 335.8 336 334.4 332.9 329 325.9 323.9 322 321 318.5 311.5 296.9 288.5 274.2 269.4 283.9 296.2 305.8 305.5 301.8 300.1 297.8 297.2 287 275.2 265.5 259.9 254.8 252.6 253.6 253.9 249.6 245.1 245.8 245 239.6 224.7 215.4 224.2 213.9 215.3 217.7 227.2 226.2 224.8 227.8 228.6
455.4 452.6 447.5 442.4 437.7 432.7 427.8 422.9 415.7 410.8 404.2 402.7 397.9 392.9 387.6 383.5 379.9 377.1 371.4 367.5 360.9 356.2 352.4 347.8 345.1 340.5 332.9 328.9 327.5 329.3 329.1 328.6 328.8 329.1 327.9 326.5 323.4 321.1 318.7 316.8 315 301.6 294.5 282.1 269.5 275.3 294.4 301.5 307.8 305.9 301 298.3 296.1 295.1 289.7 278.9 273.9 261.9 255.7 252.2 248.9 248.8 247.7 242.6 242.7 243.1 241.4 237.3 233.4 226.1 230.1 229.2 225.3 208.2 222.6 217.9 221.9 225.7
459.6 454.6 448.3 443.1 438.1 433.3 428.4 423.5 418.7 413.9 409.1 404.7 400.5 396.3 392.3 388.1 384.2 378.1 370.1 366.9 361.9 354.6 345.8 338.6 337 334.1 331.5 326.2 320.5 321.9 322.7 321.5 322.4 323 321.9 320.9 320.5 318.1 315.8 313.5 312.7 298 290.7 275.4 267.3 286.9 299.3 310.7 309.5 306.7 302.1 297.7 294.5 292.7 289.1 277.5 275.4 263.3 257.8 253.2 248.9 245.1 242.5 241.5 238.4 237.9 237.1 237.6 235.2 233 233.3 231.1 228.9 216.7 202.9 198.4 200.1 212
463.3 457 450.3 444.2 439.1 434.1 429.2 424.5 419.6 414.8 410 405.3 401 396.7 393.1 389.8 385.8 381.9 376.7 372.4 367.7 361.8 354.4 347 341.2 334 329.3 320.9 317.6 314.7 309.7 315.5 315.8 316.3 315.9 316.3 316.9 314.3 311.8 309.8 310 293.5 286.8 272.5 263.6 285.2 299.6 310.9 311.3 306.3 301.5 298 295.8 293.9 290.2 279.6 269.8 265.2 258.6 252.5 249.4 244.6 238.7 238.7 237.9 238 236.5 236.1 236.5 233.5 232.9 230.9 229.5 227 225 221.7 206.5 198.7
467.3 459 452.1 446.2 440.1 435.1 430.1 424.9 419.7 414.7 409.8 404.9 401.1 397.2 393 389.8 386.1 381.5 376.8 372.4 367.8 362.6 356.3 349.1 343.8 338.5 334.1 330.2 327.3 320.8 314.2 307.1 306 307.6 309.9 310.6 310.8 309.1 306.2 304.2 301.3 288.3 276.7 267 258.6 282.7 301.7 312.7 311.2 306.3 302.4 298.9 297 295.6 289.5 280.6 273.6 270.4 264.2 254.3 250.8 243.6 237.7 234.9 234.6 234.2 235 234.3 233.2 233.2 231.5 229.1 230 227.3 224.7 220 216.5 213.2
469.1 460.9 454 447.1 440.5 435.3 430 424.8 420 414.7 409.3 404.2 400.3 396.5 392.6 389.1 384.8 380.6 376.4 372 367.2 362 356.7 350.5 344.9 339.2 334.8 330.8 328 326.1 317.9 312.5 306.4 303.7 294.5 297.1 303.1 301.9 300.2 297.8 291.2 279 270.7 261.2 255.6 275.7 292.4 304.7 308.6 306.4 303.3 300.8 297.1 294.8 290.3 283.7 276.2 273.3 265.3 255.7 251.5 243.5 236.4 233.6 235.5 231.9 233.1 235.1 234.9 233.7 230 226.5 228.1 226.3 223.1 217.7 215.1 213.4
470 463.3 455.6 448.3 440 435 429.8 424.2 419.5 414.9 408.8 403.4 399.5 395.5 391.1 387.8 382.9 379.4 375.4 371.1 366.5 361.5 356 349.7 344.2 339 333.5 327.9 319.4 315.4 311.1 308.6 302.6 296.7 295.1 286.7 288.1 296.4 294.3 293.1 291.1 282.2 274.9 260.9 254.3 270.7 286.9 300 307.6 307.2 303.2 300.3 297 291.9 287 283.4 277.3 271.3 260.7 252.2 248.7 243.2 235.7 231.2 231 230.9 232.4 232.7 233.6 232.3 229.9 225.7 225.8 223.6 221.8 217 213 209.6
469.7 463.2 456.2 448.4 439.7 434.1 428.1 423 419 413.4 407.7 402.9 398.5 394.1 389.7 385.5 381.9 378.2 374.2 370.1 365.5 360.1 353.4 346.6 343.3 338.3 333.2 330 326.6 322.3 316.8 311.6 308.2 304.1 296.4 295.3 285.8 276 277.4 287.9 284.2 283.7 270.6 263.1 251.3 268.5 288.7 297.9 298.8 303.7 300.8 297.6 293.1 288.3 284.4 281 274.5 268.1 258.2 246.8 244.1 241.8 234.9 229.7 229.3 228.8 229.4 230.3 231.6 231.4 229.5 225.8 221.6 220.2 217 215.3 211.5 207.3
469.8 463.2 455.6 447.1 439.7 433.1 427.5 423.1 418.3 412.7 406.8 401.9 397.7 393.3 389.3 385.2 381.2 375.7 371.5 366.9 365.4 362.1 357.6 352.9 347.7 342.6 337.5 333.3 329.6 324.7 319.1 315 311.8 306.5 300.9 296.2 288.6 277.2 267.1 280 279.2 275.8 265.9 256.4 247.7 267.1 282.3 283.3 285.3 289.3 293.9 293.4 288 284 280.5 276.8 267.3 258.1 254.3 244 239.5 237.9 233.3 230.6 227.5 226.3 228.2 229.6 230.3 229.2 228.1 225 220.8 217.6 211.6 211.5 210.4 206.3
470.3 462.7 454.5 446.6 439.2 433.2 427.9 422.3 417.2 412.1 405.9 401.1 396.9 393 389 384.9 382.1 379.3 376.1 372.5 369.1 364.9 360.7 355.7 351 346.3 341.2 336.5 331.9 326.8 320.2 314.6 311.7 306.8 305.1 301.6 290.3 281.5 273.2 260.4 263.2 265.5 260 252.2 241.5 254.7 267 268.2 275 280.6 286 286.8 275.8 270.2 267.1 264.7 257 248.1 243.5 240.9 235.2 232.7 230 229.9 227.5 226.1 226.3 224 225.3 223.3 223.4 220.3 216.3 212.5 207.3 207.1 206.4 203
469.7 462.5 455.1 447.3 439.8 433.8 429 423.5 418.1 412 406.2 401.8 397.3 393.4 390.3 387.2 384.4 380.9 377.8 374.6 370.9 366.7 362.5 357.9 353.1 348.5 343.9 339 334 329.4 320.5 314.5 310.8 306.3 303 299 294.8 288.1 274.5 269 259.3 254.5 247.5 247.6 239.9 237.7 246.7 255.4 271.7 273.1 277.7 279.2 267.7 262.6 257.9 253.5 249.2 244.2 239.6 237.9 230.4 228 226.2 227.3 226.2 224.6 223.3 220.7 219.2 217.1 216.1 215 211.1 206.3 203.2 201.3 201.5 198.4
467.9 461.7 453.2 446 439.9 433.5 428.5 423.9 419.1 413.4 407.4 402.5 397.9 394.2 391.1 388 385.3 382.4 379.2 375.9 372.4 368.6 364.3 359.9 355.3 350.6 345.6 340.4 333.1 327.2 321.6 315.6 311.7 308.7 305.6 300.6 295.5 290.6 284.2 277.2 266.6 262.4 258.6 249.9 245.7 234.5 232.9 246.1 260.2 264.6 269.6 270.2 262.3 256.5 252.5 248.1 244.4 239.5 235 232.6 228.1 223.6 223.9 225 223 222.2 220.4 216.5 213.6 212.1 208.9 206.9 203.7 201.9 200 199.4 198.3 195.2
465.9 460.4 453 445.1 438.4 432.8 428.7 424.2 419.5 414.5 407.5 403 398.8 395.3 391.8 388.9 386.2 383.4 380.3 377.2 373.7 370.1 366.2 361.6 356.5 351.8 347.1 341.2 333.7 330.7 326.4 319.6 314.3 310.4 306.6 301.9 295.6 289.8 283 277.1 272.8 270 265 258.9 254.6 244.3 231.3 235.9 249.9 254.8 259.8 263.4 259.2 254.8 248.7 243.2 239.8 235.9 231.1 225.9 222.1 220.7 220.4 221.2 220.8 219.5 217.7 215.2 212.9 210.3 207.9 204.9 203.2 201.1 198.6 197.2 195.4 192.9
465.2 458.7 451.4 443.9 437.6 432.2 428.5 424.4 419.9 414.7 408.7 403.7 399.3 395.9 392.5 389.2 386.2 383.1 380.1 377.1 373.9 370.3 366.6 362.1 356.9 352 348.2 340.8 337.5 333.2 325.5 320.5 315.3 311.7 307.9 303.5 299.6 294.3 284.1 278.9 275.4 269.9 266.1 263.9 258.4 246.3 233 229.6 234.8 242.2 247.5 249 249.7 249.3 245.7 239.9 232.8 229 223.1 219.4 216.9 216.6 215.8 217.1 217.3 216.5 214.7 212.9 210.9 208.7 206.3 204.3 202.1 199.7 197.6 195.2 193.2 191.5
463.6 455.9 449.1 442.4 436.7 431.6 428 424.2 419.5 414.3 408.8 403.8 399.5 396 392.3 388.9 385.6 382.5 379.5 376.7 373.7 370 366.3 362.5 357.3 351.6 349.7 343.7 341.5 336.5 326.4 320.8 316.6 311 307 303.4 301.1 294.8 288.4 285.2 278.2 272.4 268.4 263 259 252.4 243.6 235 227.5 224.8 232.1 238 239 237.1 233.6 232.3 231.1 224.8 219 212.6 211.8 212.6 209.6 212.7 213.1 211.2 212 204.6 200.7 200.7 197.5 198.4 197.3 191.5 189.8 185.2 184.9 188.7
460.8 454.1 447.6 441.1 435.1 430.5 427.2 423.1 418.2 413.4 408.6 403.7 399.6 396.1 392.1 388.7 385.4 382.2 379 376.4 373.6 370.1 366 361.9 357.7 355.6 350.9 346.2 342.4 335.7 329.2 323.3 315.2 309.6 305 303.3 300.7 294.6 293.9 290.3 284.2 277.9 273.4 267.7 263.3 256.2 254.3 245.4 232.4 227.8 222.6 220.2 218.2 218.2 220.8 222.3 221.7 217.4 215.7 206.6 205.7 204.9 204.7 203.1 200.7 200.7 200.7 200.7 200.7 200.7 196.8 192.1 190.3 188.9 187.4 190.1 188.7 182.9
457.7 451.4 444.6 439.4 433.2 429.7 425.4 420.8 415.9 411.1 407.3 402.3 399.5 395.9 391.9 388.5 385.3 382.1 379.1 376.8 373.8 370.2 366.9 364.1 360.8 356.5 351.1 346.5 341.7 336.2 330.8 324.7 312.9 309.4 306.1 304.2 298.2 296 293 287.8 284.5 281.5 277.3 273.7 270.6 263.5 259.2 252 239 231.5 225.2 221.4 218 215.8 215.7 215.7 215.7 215.7 215.7 216.4 207.2 214.5 214.6 209.6 213.9 217.4 208.9 217.4 217.5 214 212 209.5 207.1 202.5 201.4 196.4 194 191.6
454.1 448.9 442.9 437.4 432 427.1 423 418.5 413.6 409.7 405.5 401.4 399 395.6 391.7 388.3 385.2 382 379.2 376.5 373.8 370.5 367.9 365 361.4 357.2 351.7 347.4 343.2 338.5 332.6 325.2 316.3 312.8 309.1 306 301.1 295.9 291.6 287.4 284.6 282.5 278.2 275.2 269.2 265.6 262.5 257 240.5 239 236.9 233.2 227.9 214.7 215.7 215.7 215.7 215.7 215.7 215.7 221.6 225.2 222.9 218.1 222 228 225.4 218 214.6 216 212.4 208.2 205.3 203.3 199.9 197.2 194 191.9
450.1 445.1 440.3 434.6 429.6 424.8 420.5 415.8 411.4 407.9 404 400.3 397.5 394.3 390.8 387.6 384.4 381.7 379.1 376.3 372.9 370.6 368.3 365.4 361.8 358.3 353.2 348.8 344.6 340.3 334.1 327.5 320.9 316.9 312.7 308.7 304.1 300.2 291.6 291.5 288 284 280.2 277.1 273.2 270.1 268 262.7 246.2 249.9 248.6 244.6 236.6 231.6 223.1 222.3 221.9 219.9 223.5 226.8 233.3 229.7 223.7 219.6 224.6 227.9 224 215.4 212.8 211.8 211.1 210.3 205.7 202 199.6 195.5 195 192.7
446.9 441.9 436.9 432 427.5 423.2 419.1 414.4 409.5 405.7 401.9 398.2 395.3 392.9 389.7 386.5 383.8 381.2 378.4 375.9 373 370.7 368.4 365.4 362.2 359.1 355.2 351.2 346.6 342.1 337.6 331.7 327.3 322.6 317.8 311.1 307.2 302.1 300.7 297.3 292.5 285 281.3 279.8 277.2 273.3 270.1 261 253 255.9 256.3 253.1 246 240.7 229.3 232.7 234.5 234.2 236.1 238.5 235.1 232.9 228.6 222 225 226.6 221 214.4 211.5 210 211.6 213.3 208.3 204 202.1 196.3 194.4 193
444.1 439.4 434.6 430.1 425.7 421.7 417.7 412.6 407.8 403.5 399.7 396.1 393 390.7 388.3 385.4 382.4 379.4 377.1 375.7 373.1 370.8 368.4 365.3 362.3 359 355.7 350.4 347.3 343.5 339.2 335.7 334.1 329.5 322.8 315.5 308.8 303.9 309 302.4 294.8 289.1 284.1 282.1 278.6 274.7 269.7 260.6 261 264.4 262.6 261.1 255.8 244.6 237.1 243.6 246.4 249 247.7 246 241.4 234.9 231.7 224.3 221.6 219.6 216.9 214.7 211.1 205.9 207.1 210.5 207.9 205.4 203 198.4 193.3 190.5
442 437.3 432.5 428.2 424.6 420.6 416 410.8 406.5 401.3 396.8 393.2 390.2 387.9 385.8 383.4 380.4 377.9 376.4 374.7 372.7 370.1 367.5 364.9 360 356 352.9 349.8 346.8 343.7 339.9 336.6 336.2 330.5 326.3 318.4 311.7 309.5 310.9 309.1 300.9 295.7 287.4 282 277.8 274.5 270.7 267.4 261.8 266.7 266.5 262.3 257.7 246.5 244.7 248.6 255.6 261.5 257.8 251.6 247.3 241.8 234.3 228.4 222.9 220.7 218.5 211.4 206.3 202.3 202.5 207 204 202.1 204.9 202.6 197.5 195
439.7 435.2 430.7 427.1 423.4 419.5 414.2 408.7 404.2 399 393.9 390.5 387.5 385.4 383.3 381.2 378.6 376.8 374.9 372.9 371.5 369.2 366.7 364.1 360.2 356.9 351.9 348 345.4 343.3 339.8 337.7 335.8 333.1 326.7 320.2 313.4 311.6 313.8 315.3 308.1 303.5 295.1 284.4 278.5 277.7 275.6 274.9 267.6 269.4 270.4 265.7 260.4 250.2 247.5 252.2 257.4 260.5 258.9 251.6 244.3 240.6 234.8 229.5 224.1 223.4 220.6 209.5 204.6 200.3 198.8 199.5 197.3 198.1 198.9 199.3 198.8 197.1
437.7 432.7 428.6 425.3 422 417.7 412.3 406.6 401.7 396.2 390.6 387.4 384.8 382.7 380.7 378.6 376.7 374.8 372.8 370.7 369.1 367.4 364.9 362.1 358.8 352.6 349.3 346.5 344 341.9 339.9 336.7 334.6 331.1 326.2 320.6 315.4 312.3 313.9 317.6 313.6 306 296.7 286.2 280.9 278.8 277.6 274.1 272.8 273.5 270.4 264.1 261.7 253.9 251.9 252.2 257 258.2 254.8 252.5 249.1 246.3 235.5 230 223.9 219.2 215.2 211.6 205.9 199.6 199.4 197.7 195.8 196.4 198.1 196.8 197.3 196.8
434.4 431.1 427.6 423.4 420.1 415.6 409.9 404.2 399.2 392.7 387.7 384.5 382.1 380 378 375.8 374 372.2 370.2 367.6 365.8 363.9 361.8 359 356.4 353.6 348.4 345.5 343.4 341.4 339.3 335.5 333.5 329.5 324.6 321.4 318.5 315.2 313.9 315.4 312.4 304.9 296.4 287.1 281.4 277.4 275.8 274.6 275.9 274.1 270.2 263.6 259.4 256.5 257.4 254.1 256.8 254.7 252.6 250.8 250.1 242 234 228.6 224.8 219.4 212.4 209.1 206.7 202.9 198.3 196.2 194.5 195.1 196.5 195.5 192.6 191.4
432.4 429.7 426.7 422.5 418 412.3 406.6 401.5 396.5 389.8 384.9 381.8 379.5 377.3 375.2 373.1 371.3 369 366.5 364.3 362.1 360 357.8 355.7 353.5 351.4 349.4 346 344.5 340.2 337.6 334.6 331.5 327.4 324.2 322.3 317.3 315.2 314.9 314.1 310.3 304.5 298.5 289.5 282.6 278.7 276.3 277.5 276.4 270.7 266.4 262.3 260.1 255.5 256.6 253.8 249.4 250.6 250.9 248.9 244.8 238.5 233.4 229.3 225.1 218 212.2 207.9 205.8 203.1 200.5 196.4 193.8 192.2 192.1 191.4 188.7 186.9
429.7 427.8 424.7 420.2 415 409.3 404 399.5 392.6 386.3 381.5 378.7 376.8 374.6 372.4 370.4 367.8 365.1 362.8 360.3 358.6 356.6 354.4 352.2 350.8 349.3 347.5 345.4 341.2 337.9 335.6 333.2 331.2 326.7 323.3 319.5 317.4 315.2 314.7 312.5 307.7 303 299.7 295.2 286.6 280.7 278.9 279.4 275.3 270.9 264.6 259.4 257 251.9 249.1 247.5 242.3 242.6 245.7 242.4 238.4 232.7 230.3 227.4 224.7 219.4 213 208.4 206 203.8 201.1 196.4 194.1 191.8 190 188 186 183.8
426.4 424.6 422.2 417.8 412.1 406.5 401.9 396.1 389.3 382.9 378.2 375 373.1 371.2 369.4 366.6 363.9 361.3 358.8 356.1 354.4 353.1 351.1 348.8 348 347.1 344.8 342.4 338.9 336.4 334.2 332.6 330.5 326.7 322.4 319.6 315.8 311.8 308.9 308.9 305.7 301.3 298.1 297.3 289.6 283 281 278.1 274.4 270.3 264.7 257.6 252.5 247.6 244 241 240.9 238.7 239.7 236.6 234.1 228.1 227.7 228.1 225.3 220.4 214.3 210.4 206.9 204.7 200.9 197 193.6 192.8 191.7 188.6 185.7 183.8
