UK/data/sd/sd97_OST50GRID_20230518/SD97.asc
ncols 200
nrows 200
xllcorner 390000
yllcorner 470000
cellsize 50
[rows 35 to 69 of 200, columns 0 to 77 of 200]
391.2 367.2 346.2 361.9 379 379.6 387.1 392.3 393.4 392.2 391.6 385.2 387.7 385.8 378.2 373.7 371.5 364.3 355.4 340.9 340.1 334.6 327.2 320.6 309.3 292 285.6 282.9 281.3 264.3 260.8 260.2 257.4 255.4 252.5 253.8 257.8 264.6 266.8 271.2 274.9 274.5 271 267.3 264.2 266.3 262.3 256.1 253.5 247.4 242 236.1 235.4 233.3 232.6 234.6 233.7 233.4 233.3 232.8 232.2 229.5 230.7 230.8 230.4 230.6 230.5 230.6 230.2 230.1 235.7 245.9 247.5 254.6 264.8 282.2 303.1 328.5
368.2 364.9 383.5 393.6 396 396.9 392.9 397.7 401.6 401.2 395.8 398.3 399.2 392.4 384.5 383.8 384.8 378.7 365.8 360.2 352.1 344.5 337.6 333.5 324.4 304.4 287.7 280.3 270 271.6 267 267.1 271.3 269.8 265.7 264.9 268.3 276.4 281.9 285.5 288 285.6 283.7 279.2 278.1 278.3 275.5 271.3 268.8 266 258.2 247.4 240 238.3 236.4 234.4 233.9 233.7 232.6 232.6 232.1 231.8 231.6 230.5 228.4 229.8 230 229.8 229.2 228.8 229.6 241.2 243.1 247.7 256 268 284 307.8
380.2 393.1 401.9 401.6 402.5 405.3 405.9 409.5 410.5 409.1 403.2 405.7 403.6 398.8 392.2 390.3 391.6 385.8 380.2 373.5 363.2 355.4 348.5 337.3 329.4 312.9 293.2 284.1 287.1 290.9 290.2 287.2 288.4 287.1 285.3 285.6 283 291.9 295.8 301.7 299 296 292.8 290.6 290.6 290 289.8 284.5 283.9 281 273.2 263.2 251.5 245.1 240.7 236.8 233.8 233.3 232.6 231.2 231.2 231.1 230.9 230.5 230.2 228.3 230 229.4 229.1 228.4 227.8 236.5 239.8 242.9 249.4 259.3 269.7 287.8
405.8 414 414.3 413.8 418.3 419 417.8 420 424 421.7 413.1 415.7 411.9 403.1 403.6 400 397.6 391.9 387 380.6 374.5 367.9 360.2 347.3 323.7 292.7 299.2 306.4 312 313.1 312.4 307.2 309.6 310.9 309.5 311.3 305.5 305.2 311.9 312.5 310.3 306.2 303.7 303.9 300.3 301.9 299.9 297.5 298.2 295.8 287.2 279.9 256.2 265.3 255.8 246.7 237 232.2 232.3 232.5 231.6 230.9 230.5 230.3 230.2 230 229.5 228.7 229 228.2 227.2 231.3 236.8 239.9 244.5 250.9 257.3 270.1
423.9 427.5 430.4 432.2 433.2 430.9 429.6 431.9 433.8 430.2 425.4 421.6 418 414 409.7 407.6 402.7 393.9 391 387.1 381.9 375.2 361.1 332.4 299.9 312.8 319 326.4 331.4 336.2 334.2 334.3 333.7 332.4 334 332.1 324.7 322.2 323.9 327.6 322.4 321.1 318.6 315.2 315.1 312.2 308 307 308.8 305 293.2 269.5 278.3 277.8 268.4 260.5 249.8 238.8 233.2 232.2 231.7 230.9 230.3 230.1 229.9 229.8 226.9 228.9 228.7 228.1 226.4 225.9 232.7 236.1 239.5 242.9 248.3 256.1
436.6 441 443.4 445 445.2 442.6 444.7 443 439.8 434.1 430.7 427.9 424.8 419.8 416.7 412.7 405.7 395.3 389.8 387 383.5 378 354.3 314 318.5 339.1 345.6 349.9 354.7 362 362.5 360.4 361.7 362.3 359.6 357.6 351.2 344.2 347.1 344.8 340.8 334.7 332.5 332.1 328.2 323.8 317.8 313.7 314.3 305.1 286.2 289.9 293.9 288.2 281 270.8 257.6 248.3 241.5 233.9 231.3 230.4 230.2 229.9 229.7 229.5 228.8 227.5 227.5 229 227.9 227.4 225.9 232.1 235.7 237.6 237.8 246.5
451.6 454.9 458.5 458.8 457.4 454 453.2 450.8 446.8 442.3 438.6 435 428.8 423.6 422.8 417.3 409.9 403 392.2 380.4 380.3 375.1 342.5 326.9 353.4 363.7 368.5 372.9 375.7 378.1 376.4 380.4 382.1 383.7 378.6 373.9 370.8 367.6 367.4 363.1 356.2 352.8 350.8 345.2 340.4 334.8 329.9 324.6 319.7 317.7 296 305.2 303.7 297.1 292.4 284.9 266.8 255.7 248.5 242.3 235.4 231 230.1 229.7 229.4 229.2 229.2 228.9 228.7 228.5 227.7 227.3 226.9 226.8 232.5 232.7 234.8 239.3
466.2 467.6 467.6 469 470.4 468.9 466.4 462.5 457.1 454.4 446.6 441.8 435.2 430 426.7 419.8 412.7 406.6 396.6 382.8 372 364.9 338.6 363.3 369.5 376.4 380.9 386 389.7 389.4 396.5 396.1 399.5 392.3 385.2 382.2 382.3 381.4 380.1 376.4 371.3 367 364.1 360.3 356.6 353.5 347.4 338.1 336.8 321.8 320.4 317.4 317.1 311.5 305.4 299.8 282.9 269.3 259.8 247.7 243.5 238.4 230.8 229.7 229.4 229.2 228.9 228.4 228.2 228 227.4 227.1 226.7 226.3 224.5 231.2 232.7 234.8
473.9 475.1 479.7 481.3 481.3 479.9 474.9 467.4 466.4 459.8 458.5 451.6 442.2 435 430.7 421.8 413.4 407.4 399.9 390.4 374.8 357.7 367.6 378.4 379.7 386.1 393.5 398 402.4 402.5 404 406.1 407.1 399.7 395.5 393.3 392.7 393.1 390.1 387.6 382.8 379.6 374.9 371.8 369.6 366.9 359.2 355.2 347.8 341.8 338.8 335.1 328.2 323.1 312.8 304.8 296.1 283.6 272.5 262.8 256 248.8 241.1 231.6 231.3 229.2 228.1 227.9 227.7 227.5 227.1 226.7 226.3 226 223.9 228.6 229.9 230.4
481.8 488 495 495 492.9 489.4 486.1 480.6 473.7 467.3 464.3 455.9 446 439.3 435.8 426.1 414.5 405.1 397.6 385 363.5 370.2 383.8 391.9 395.9 400.2 403.1 408.2 410.5 411 410 410.9 413.6 407.6 406.5 403.8 407.5 403.5 398.3 393.3 392.8 388.9 385.7 383 379.3 371.8 369.5 362.4 358 353.5 350.4 347.5 341.7 337 325 318 309.3 300.2 287.6 276.3 268.9 261.4 252.3 241.9 240.1 229.8 227.8 227.5 227.3 227.1 226.7 226.4 226.1 225.9 225.7 225.3 226.8 227.9
493.5 500.7 502.7 502.3 500.5 497.5 493.4 489.2 480.9 475.8 468 457.7 448 443.2 436.6 425.3 412.2 404 392.2 372.7 376.9 392.7 399.8 405.1 409.2 411.7 416.7 416.7 419.3 418 421.3 417.4 415.9 416.4 414.4 415.6 413.2 408.8 400.9 401.2 399.3 395 392 387.9 382.3 378.9 370.9 370.5 365.7 363.6 361.7 357.6 351.3 346 339.1 329.1 320.5 312 303 294.7 284.2 273.4 260 256.2 253.7 243.4 228.1 227.6 227.6 226.9 226.5 226.2 226 225.7 225.4 225.8 225.9 226.2
503.4 507.3 506.6 505.1 504.5 499.4 492.9 492.6 487.8 481 472.1 457.4 451.7 439.4 423.8 414.1 406.2 391.4 377.1 383.8 395.4 404.4 412.2 418.3 421.6 423.8 425.2 426.9 428 426.1 429.9 432 424.2 421.6 421.3 419.4 417.8 414.2 407.6 405.3 400.3 394.4 391.6 389.2 387.6 380.9 376.7 376.7 372.4 373.4 372.2 368 360.2 352.7 346.1 338.1 328.7 322.1 315.1 308.4 298.7 285 275.5 268.4 259.5 249.8 237.9 228.6 227.3 226.8 226.4 226 225.8 225.5 225.1 225.7 223.5 225
509.7 510.4 508.3 506.5 503.3 502.1 499.3 495.1 489.8 482.2 475 460.7 453.4 440.2 425.6 409.3 392.5 383.9 395.8 407.8 415 422.9 424.9 428.4 433.1 433.8 430.5 435.9 436 435.7 440.1 437.7 435.1 434.1 429.4 434.4 433.1 423.6 415.8 413.6 404.8 393.7 391.3 390.1 387.8 381.5 385.2 385.5 383.3 382.8 379.9 373.4 365.4 356.6 354 344 336.8 330.5 324.9 318.3 311 293.9 292.4 284.4 274.6 262.7 252.8 238.5 227.3 226.9 226.5 226.1 225.7 225.3 225.4 225.4 225 225.2
513.4 511.3 508.6 506.9 507.5 506.6 502.8 497.2 489.9 484.6 477.7 465.1 454.6 442.5 431.8 411.1 393.8 404.8 414.4 423.5 430.3 434.8 436.5 439.5 441.8 446.9 443.4 447.5 447.8 447.1 450.9 446.1 442.5 442.8 440.1 437.1 434.7 432.7 429.8 423.8 412.4 403.4 394 390.8 388.2 386.2 392.6 393.6 392.1 389.6 386.7 378.9 370.7 364 358.2 353.3 345.7 342.9 334.1 326.9 316.4 310.1 303.2 295.8 286.1 274.6 262 250.1 239 227.3 226.2 225.9 225.5 224.9 224.7 224.8 225.2 224.7
515.5 515.6 514.1 516.1 515.4 513.5 508.2 501.8 490 486.1 480 473.9 464.7 449.3 432.5 410.6 409.1 420.6 431.6 436.3 439.5 443.5 447.4 453.7 457.5 458.7 455.9 458.9 460.9 459.7 461.2 458 459.1 454.8 449.2 445.3 446.5 442.3 433.9 427 420.1 408.2 403.7 400.8 391 392.9 398.6 400.9 396.8 392.5 388.5 383.8 377 369.9 363.1 357.7 354.1 347.3 338.1 324.3 323.1 310.9 304.4 300.4 294.1 284.7 273.8 260.9 251 241.8 228.9 225.7 225.2 224.5 224.3 224.2 224.6 224.9
522.9 524.3 525.1 523.7 521 517.1 511.7 505.7 499.5 490.6 483.9 476.5 463.6 445 432.2 419.5 422 436.7 442.2 446.1 450.7 455.9 459.4 463.9 468.2 469.3 467.1 468.5 473.1 473.2 471.3 473.4 472.4 471.1 462.8 457.9 457.5 456.7 445 434 422.6 418 411.8 407 401.9 401.5 403 402.7 399.1 396.5 395.3 390.2 381.4 374.8 367.7 361.7 355.9 349.9 346.7 339.3 331.6 323.2 314 303.2 294.9 292.3 283.6 268.8 255.6 242.8 235.5 227.7 225 224.1 223.8 223.5 224 222.5
528.6 529.6 529.6 526.7 524.5 520.2 517.2 511.9 503.1 493.3 484.4 475.4 456.9 442.9 427.3 426.3 437.2 447.8 453.9 458.6 463.3 470.9 474 472.5 477.4 479 480.1 481.9 484.5 482.4 484 482.1 485.5 484.2 480.5 468.1 463.3 463 456.3 441.9 430.8 428.7 426.5 421.6 413.7 416.1 407.2 407.3 404.6 399.9 399.1 394.8 387.5 377 370 364.8 356.6 357.1 349.9 345.2 337.9 329.8 319.3 312 301.7 292.7 286 275.2 259.3 246.4 236.2 228.8 225.2 223.6 223.2 222.9 223.7 223.8
534.1 534.2 533.8 531.8 528.6 525.7 521.7 515.1 503.8 492.6 483.7 468.8 455.2 446.6 432.8 441.6 448.2 457.7 464.3 472 478.6 482.4 484 483.8 487.2 490.8 491.1 493.4 494.8 494.2 493.9 496.4 497.5 497 495.4 486.3 471.6 470.4 464.5 455.7 445.6 437.5 432.9 423.9 422 421 417.8 414.5 411.1 402 397.5 392.4 387.9 383.6 378.6 370.4 360.5 359 352 347.5 343.8 336.6 324.4 316.1 309.8 299.4 287.7 276.2 262 252.2 245.3 234 226 223.4 223.1 222.9 223.4 223.5
540.1 540.8 539.8 538 533.3 531.5 525.8 516.7 507.3 492.3 481.7 467.3 455.8 439.1 446.9 453.4 460.4 468.6 477.9 481.6 487.3 490.6 493.1 496.5 499.6 502.1 503 506.1 506.7 506.8 506.3 505.6 508.2 509.8 507.1 492.1 479.3 473.4 474.1 471.1 463.4 455.6 443.9 438.9 430.4 428.7 424.2 418.9 413.7 405.1 400.8 395.7 390.5 388.5 384.3 372.6 370 360.6 358.2 349.8 347 337.1 330.4 320.3 313.4 302.7 288.1 279.4 266.4 256.6 246.1 236.1 226.8 223.4 223.1 223 223.2 223.3
548 547.7 544.6 541.7 538.5 534.6 529.7 520.1 507.5 492 479 463.2 446 453.6 461 468.3 475.9 485.3 487.6 490.9 494 499 503.1 508.4 512 514.6 515.7 519.2 520.7 519.1 519.9 516.8 520 520.1 515.8 500.9 489.5 482.9 476.6 474.2 468.6 464.3 457.3 452.4 443.2 437.2 429.5 422.8 416.6 410.6 407.3 401 394.9 390.2 383.5 381.9 374.6 365.1 360.4 351.7 350 344.2 336.7 323.8 314.7 308.7 293.6 281.9 271.5 259.5 248.5 236.8 227.6 222.3 222.6 222.4 222.3 222.9
552.4 551 548.4 546.2 543.6 538.7 532.5 522.6 506.1 488.6 474.1 455.1 459.8 471.7 478.7 484.2 491.9 495.3 497 500.3 503.4 509.4 516 518.4 523.3 526.2 527.9 528.8 531.1 534.8 536.6 537.2 536.9 532.4 526.6 508.8 496.8 493.4 477.3 474.8 472.6 468.6 464.4 461 454.4 442.9 436.6 429.5 421.2 415 409.6 404.7 397.3 392 387.8 383.8 377 369.9 364.1 354.7 351.5 345.9 339.7 331.6 321 309.7 300.3 289.2 277.9 261.2 250.1 239.2 227.4 223.2 222.3 222.2 222 222.2
556.9 554 550 548.8 546.1 542.6 536.4 525.6 508.7 488 470.7 469.1 482.7 489.7 494.5 502.3 503.7 506.8 508.7 514.1 518.6 522.4 526.4 531.3 534.5 539.2 542.6 543.6 546.3 548.6 550.4 548.4 548.4 546.5 531.6 522.3 508.9 498.9 490.1 476.8 474.1 473.7 472.3 470.6 462.2 453.5 443.3 431.1 426.5 417.7 409.3 402.8 398.5 396.3 391 384.9 379.4 370.3 363.5 355.9 352.8 348 341.2 333.7 323.1 312.9 305.3 294.5 282.6 272.2 252.3 238 228.2 224 221.9 221.9 222.4 222.8
561.3 557.5 554.2 551.9 549.1 545.4 538.7 520.2 506.5 492.2 485 489.5 495.2 502.5 509.5 511.2 513.9 518.4 521.5 524.3 531.6 535.7 539.8 547 551.7 554.9 556.2 556.1 559.1 561.6 562 559.8 556.9 549.7 538.7 532.2 514.8 507.2 495.8 488.1 479.6 477.7 474.2 472.6 465.3 459.7 451.8 434.5 428.4 424.4 414.1 403.9 402.1 399.2 395.5 386.9 380 369.8 365.2 360.8 356.2 350.8 345.5 339.8 329.1 318.1 309.3 300.2 288.8 276.5 264.1 250.5 236.4 225.4 222.3 221.5 222.5 221.9
563.7 561.8 558.3 554.3 552.1 547.3 535.7 527.7 509.8 512.2 504.6 504.9 514.6 516.6 519.6 521.4 525.1 528.6 533.5 537.4 542.6 548.8 555.1 562.6 564 565.5 567.3 569.9 574.9 575.6 571.1 567.2 564.3 554 547 543.2 531.8 513.4 505.5 493.4 481.8 477.7 474.8 473.1 471.4 463.1 457.7 444.6 431.5 425 415.7 410.5 405.3 400.5 396.3 390.4 380.1 375.8 369.5 362.9 359.8 355.5 350.4 345.2 335.2 323.7 309.2 289.6 291.6 279.4 270.6 258.9 244.5 228.4 222.4 221.5 221.7 221.5
569.3 567.8 563 555.5 553.5 548.9 545 536.9 531.1 520.1 513.4 515.9 520 527.6 528.8 532.9 537.1 541.1 544.7 549.8 555 562.6 566 571.8 573.3 580 580.6 584.3 584.5 580.9 578.9 574.5 569.7 558.5 553.7 549.1 547.5 539.6 520.3 507.8 491.3 485.3 478.3 478.9 475.4 469.1 456.6 449.8 436.2 425.6 420.4 412.4 406.6 400.6 395.6 392 386.2 375.8 370.3 364.7 362.5 358.7 351.9 345.5 336.1 329.7 319.5 313.8 295.7 282.7 278 267.2 249.7 231.4 222.6 221.3 221.7 220.6
572.5 570.7 565.1 564.2 558.5 552.7 547.5 543.7 538.9 533.7 526.6 524.5 529.5 536.1 541.5 544 549.9 553.2 557.1 562.1 566.6 573.7 581.4 581.2 584.3 587.5 590.3 591 587.6 584.5 584.6 579.3 577.9 567.2 563.4 563 552.8 545.8 535.1 525.2 502.1 493.7 486.2 483.1 479.4 473.9 466 451.5 442.4 427.6 423 412.8 406.9 400.6 391.9 388 380.2 376.1 370.6 364.8 361.9 358 353.4 349.3 345.6 339.1 328.5 315.9 307.5 292 275.4 273.4 254.7 234.3 223.6 220.3 221.4 219.8
574 570.8 569.7 567.7 561.8 556.9 552.3 548.3 546.2 543.2 538 535.7 540.3 549.4 552.7 556.3 559.4 563.5 568.1 571.6 575.1 586.5 585 585.9 589.1 595 596.9 594.5 587 587.2 586.4 584.4 582.4 581.3 568.7 568 563.8 558.4 553.8 543 515.5 503.8 493.8 487.2 478.9 475.1 466.1 454.2 439.3 433.3 425 415.7 409.2 404.4 395.8 394.6 388.6 382.9 375.1 369.2 365.6 362.9 359.7 352.1 348.5 342.6 332.6 321.3 313.4 301.3 280.3 270.7 258.7 238.3 225.6 220.9 220.7 221.1
572.4 572.5 571.6 569.9 567.8 564.1 558 555.1 552.6 553.4 553.8 553.1 557 559.4 562.1 565.3 568.5 572.3 576.7 579.7 587.5 588.7 586.7 589.5 594.5 601.3 603 598.2 599.5 597.2 595 588.8 587.6 587.5 585.5 577.6 568.3 565.8 561.5 546.1 528.6 510.7 501 491.4 486.1 475.8 466.8 454.2 441.4 434.5 426.5 419.8 414 407.6 400.6 398.8 392.5 385 377.3 372.2 368.6 363.6 358.9 354.9 350.7 345.7 338.7 330.4 321.9 303.5 294.1 278 255.2 237.5 227.2 222.4 220.5 220.8
573.8 572.5 572.8 573.4 571.8 569.5 565.7 563.8 563.6 562.5 562.6 561 563.7 565.9 569.2 570.7 574.8 577.9 583.2 587.5 589.1 590.9 592.3 596.1 601.4 604.7 603.8 602.9 602 599.9 596.3 593.6 592.6 594.7 594.6 592.9 585.5 568.4 560.8 555 541.4 516.6 504.6 495 492.3 484.1 470.6 455 445 436.8 430.2 424.6 418.4 409.7 404.7 400.9 395 388.5 380.8 375.4 369.9 365.3 359.6 354.8 353.1 347.6 341.3 334 323.4 321.4 309.4 289.3 270.8 247.7 229.4 223.6 220.3 220.2
576.2 575.9 576.2 575.3 574.5 575.1 574.7 573.5 571 566.7 569.4 567.9 570.1 571.9 574.4 575.7 581 584.4 588.6 591.3 593.8 594.1 594.9 598 603.4 603.8 603.7 604.7 604.3 602 598.5 597.2 597.9 598.5 599.1 598.1 596.1 591.9 576.7 569.4 555 529.8 509.5 498.2 496.1 493 473.8 456.2 448.5 437.7 433.3 428.6 422.6 413.3 408.5 404 399 391.2 384.8 379 372.8 370.4 366 360.5 357.3 349.6 346.7 341.8 334.1 325.8 317.1 297.4 277.6 257.2 234.8 223.5 220.4 219.7
576.3 577.9 578.6 577.9 580.1 580.9 579.5 578.9 576.2 576.3 576.5 574.8 576 576.3 579.4 582.9 588.2 591.3 593 592.6 595 597.4 594.3 597.4 601.8 604.4 603 606.2 603.7 601.9 600.5 599.8 599.8 600.1 599.4 599 598.9 595.8 587.6 580.5 564.9 546 518.3 509.3 500.3 497.1 481.2 460.1 450.1 443 436.8 432.1 424.7 416.4 412.6 407.8 402.4 393.9 387.3 379.1 377.8 374.1 367.5 363.5 358.6 352.8 350.1 345.2 336.1 324.5 321 310.4 290.1 267.1 242.5 224.2 220.5 219.7
580.5 581 581.9 582.8 585 585.3 585.3 585.1 581.8 581 580.5 579.4 581.8 582.2 585.2 589.7 592 593.8 594.8 594.9 595.5 594.6 596.3 599.1 602.5 603.2 603.3 604.2 604.3 604.1 603.3 601.7 602.4 603.2 601.4 600.7 599.2 598.1 592.9 584.5 573.5 550.1 522.8 516.4 508.9 496.5 478.7 465.6 455 447.6 441.7 434.5 425.9 420.1 415.8 411 405.7 398.6 390.1 387 381.7 377.8 371.4 367.5 362.3 356.2 353.7 347 344.3 339.3 329.1 318.8 295.9 276.4 253.7 234.1 221.2 219.3
582 583.3 584.2 586.3 588.2 588.6 590.5 589.3 587 586.1 586.8 584.7 587 589 592.6 594.4 595.9 595.5 595.6 595.3 593.1 592 594.8 598.9 599.6 602.7 606.1 604.6 604.4 604.3 604 602.2 602.3 606.6 606.2 604.7 602 599.4 595.7 587 575.5 549.3 531.6 523.5 518.2 497.5 483.6 472.5 462.2 452.8 446.4 438.7 432.1 424.9 418.9 413.9 408.2 400.6 398.5 393 385.1 380.7 375 369.1 365.4 360.5 354.8 351.2 348.6 344.2 337.3 327.2 310.3 284.5 262.8 240.6 225.1 219.5
582.5 583.3 585.4 588.3 589.4 591.7 593.7 593.3 590.8 592.9 592.1 591.5 591.1 593 596.5 597.3 598.9 596.8 595.1 592.2 589.4 592.1 592.5 595.6 596.3 599.3 603.6 603.8 604.4 604.2 602.8 601.8 602.3 604.8 604.5 605.6 604.2 601.4 597.7 589.6 576 553.3 540.2 528.3 521.8 504.5 488.4 477.2 467.5 458.4 451.9 443.3 436.1 427.8 422.4 414.9 411.8 408.7 403.1 396 389.8 384.6 378.2 371.1 367.6 361.5 359.4 356 352.5 346.6 344.1 334.9 321.7 294.3 271.4 247.5 227.7 220.5
582.1 583.1 585.4 587.8 589.6 593.5 596.3 596.1 595.6 597.5 597 596.3 596.3 596.7 597.9 598.8 598.2 595.4 592.3 588.1 586.9 587.5 592.4 593.8 596 594.4 599.3 601.8 602.8 604.2 602.9 602.6 603.5 604.7 604.7 607.6 606.6 605.2 601 593.2 576.3 558.4 540.7 530.5 524.9 512.9 491.4 480 474 464.3 455 446.3 439.6 430.8 425.8 420 416.3 412.1 406.6 400.6 394.9 387.5 381.9 377.7 371.9 367.1 363.7 359.2 355.6 352.7 348.4 343.4 329.7 305.4 277.7 253.3 234.9 223.1
