WholeMapElevations/data/nn/nn23_OST50GRID_20230518/NN23.asc
ncols 200
nrows 200
xllcorner 220000
yllcorner 730000
cellsize 50
[rows 140 to 174 of 200, columns 0 to 77 of 200]
259.5 259.5 255.9 256.5 256.6 256 256 257 258.4 259.6 262.1 264.2 266 268.4 268 271.3 273.4 277.3 279.6 282.3 288.7 291.1 294.8 294.4 295.7 294.7 295.7 300.3 304.4 307.5 316.6 311.7 305.1 301.4 299.7 299.4 300 302.1 300.8 297.9 293.4 289 285.3 280.8 274.2 267.4 260.3 255 243.1 234.2 225 215.1 214.2 203.2 196.1 194 196.4 197.2 199.9 197.5 197.3 198.5 200.5 201.8 203.2 199.8 197.7 197.5 198.2 197.7 195.4 190.7 187.7 181.3 174.6 167.1 159.6 153.6
252.1 254 253 253.6 257 258.5 258.6 258.9 259.7 267.3 263.1 267.3 269.9 273.3 272.6 276.7 278 282.7 285.7 290.6 293.9 297.2 301.9 302 303.9 306.2 309.1 310.3 317.2 314.9 312.5 313 313.4 312.9 314.6 312.6 314.2 313.1 310.8 306.5 301.6 297 294.1 289.7 282.1 274.6 266.5 256.1 247.8 239.1 227.1 217.6 208.2 202.3 202.5 201.8 201.6 201.7 204.8 205.5 200.8 201.2 203.8 205.8 208.7 206.3 202.4 200.1 195.7 190.7 188.4 184.8 180.8 179.7 172.9 163 159.1 155.2
254 255.2 258.1 260.1 261 262.7 261.9 265.1 265.2 267.6 271.5 273.3 276.9 278.5 277.7 281.9 283.5 285.9 289.5 296.5 299 303.7 306.4 306.2 310 315.5 322 322.5 318.9 317.1 317.8 317.9 317.8 322.1 325.8 327.8 329.2 329.4 324.9 319.9 315.9 309.4 303.5 298.3 289.5 281.4 270.5 254.9 252.4 238.5 226.9 216.5 209.8 203.3 212.5 205.7 209.5 207 210.8 213.1 205.8 206.9 209 211.5 212.1 210.5 209.5 202.5 198.7 194.4 193.7 190.2 186.7 181.6 175.5 168.5 162.5 157
260.7 261.9 264.1 264.5 267 267 265.4 263.8 267.8 273.4 278.4 284.6 283.8 283.9 289.9 288.2 289.3 293.6 293.6 300.9 304.7 309.9 313.7 316 322.1 321.2 322.9 325.3 325.1 326.6 323.7 327.2 326 332.4 340.2 341.1 342 342.6 340.8 338.1 333.5 325 318.7 311.8 298.3 287.4 274.2 257.8 248.4 238.6 223.5 210.6 211.3 213.6 212.4 212.9 213.8 212.3 217.3 220.1 214.2 214.8 214.9 216 216 213 208.6 206.5 204 203.2 200.3 197.7 195.7 189.7 179.5 173.2 167.1 161.5
268.2 271.3 271.1 272.5 273.8 275.1 273.1 272 277.9 279.5 284.1 286.5 290.7 292.7 294 302.8 301.5 299.3 302.3 309.6 311.8 320.8 322.7 322.3 322.2 323.8 327.6 330.4 333.5 334.9 335.2 332.2 334.9 341.8 351.1 354.6 354.6 355.2 353.5 350.9 346.9 338.1 330.8 320.6 310.5 292.9 273.6 263.6 258.6 241.5 220.2 217.1 221.7 217.1 219.5 222.1 230.5 217.5 224.3 226.1 222.8 220.2 219.7 217.9 218.2 218.3 217.9 217 215.5 212.5 208.6 205.6 201.6 194.4 182.9 177.6 171.9 166.2
277.8 282.4 283.8 283.8 283 284.2 287.2 287.5 286 290.4 291.9 294.8 300.4 300.8 306.3 313.2 312.7 309.5 313.1 315.4 320.9 324.2 324.9 329.4 334.2 333.5 336.9 340.5 342.4 342.2 345 340.5 345.7 351.9 362.1 361.8 363.3 364.1 365.3 363.6 358 352.5 343.2 331.4 316.9 295.9 273.4 261 255.2 238.8 222.1 223.3 230 225.4 225.5 224.2 236.4 227.4 232.6 233.4 228.1 223.4 222.1 220.5 221.5 225.8 224.6 220.9 221.9 223.2 217.6 209.2 204.9 198.4 190.2 181.5 175.7 169.9
291.1 294.1 293.5 298.5 293.4 292.2 299.1 294.4 297.5 300.9 300.2 307.2 309.6 309.1 311 316.2 321.2 319.7 321.9 324.6 330.2 335.4 334.3 341.2 344.9 344.6 345.9 349.9 350.9 349.7 353 348.4 356.6 362.8 366.5 368 372.9 377.2 375.8 374.7 371.1 369.7 360.3 346.8 318.1 292.6 273.7 263.5 252.4 248.1 223.8 233.6 233.7 239.8 233.4 239.8 242.5 236.9 241.3 244.6 240.1 235.5 232.5 226.8 225.3 227.8 225.9 224.2 226.9 229.1 223.8 212.5 204 196.7 189 183.7 178.2 172.5
302.7 302.3 304.9 305.4 304.3 303.7 307.4 305.9 309.4 312.8 309.5 316.6 319.2 321 323.8 327.3 327.7 333.2 331.1 335.7 340.8 345.9 347.6 350.7 355.7 354.6 355.4 357.6 359.4 359.6 362.9 360.2 366 368.9 372.4 376.3 383 383 386 388.4 393.2 387.7 371.2 342.9 309 289.1 276.4 269.4 260 241.1 231.9 239.5 240.7 247.4 243 246.1 251.3 248 249.9 255.5 254.4 252.4 250.1 244.6 236 234.3 233.7 228.4 228.6 231.7 228.6 215.2 203.8 194.8 188.8 184 178.8 173.6
313.7 314.4 312.9 313.4 313.4 313.9 319.2 322.4 322.5 320.8 319.5 325.8 331.1 334.5 339.6 338.1 339.4 342.2 343 345.7 349.8 358.4 362.5 365.2 364.8 363.3 367.7 366.8 368.6 370.1 374.4 375.7 374.4 373.4 377.9 382.6 386.6 392.2 399.2 400.2 399.6 388.5 357 324.2 299.4 285.4 275.6 265.8 267.1 248.2 241.9 250.1 248.6 260.1 257.3 264.9 265.1 259.6 260.9 265.4 267.4 265 261.3 254.2 247 246.1 241.4 237.5 232.5 231.6 230.4 217.9 202.9 195.8 189.2 183.8 179.6 175.1
326.2 328.2 327.2 330.2 329.2 326 332.9 335 339.3 334.1 332 335.7 340.8 343.5 348.9 351.6 351.6 352.5 357.9 359.8 362.6 368.8 378.2 377.7 373.9 373.3 373.5 373.1 377 380.3 385.9 388.9 384 381.9 385.3 387.9 392 399.8 407.1 406.8 398.1 372.1 336.5 313.6 297.6 285.9 280.8 272.5 255.7 252.5 248.3 265.5 260.1 265.7 270.7 272.4 279.6 273.8 270.7 273.9 281.2 280.3 275.9 268.2 259.9 255.3 250.1 246.5 237.2 231.3 231.3 217.6 199.1 192.2 185.6 182 178.9 175.9
344.1 339.7 346.1 343.7 344.5 341.6 344.4 346.7 351.8 345 345.9 348.5 354 355.6 358.7 364.2 365.1 364.2 375.3 372.3 375.7 374.9 387.4 387 385.6 382.5 380.4 382.9 386.7 388.9 394.8 398 392.9 391 391 397.1 398.8 403.3 409.7 400.6 380.7 346 326.9 309.9 297.4 285.8 279.2 262.8 265.5 260 268.5 262.7 270.6 279.3 286.3 282.8 291 290.8 289.1 286.6 292.2 294.2 288.6 278.1 268.4 266.1 259.4 250 240.1 231.4 229.6 216.2 197.2 189.9 184.2 181.4 178.5 175.4
359.7 354.3 357.1 359.7 360.2 357.4 358.1 357.3 360.6 355.8 357.1 362.1 367.1 370.8 371.7 379.3 379 377.2 381.6 381.6 391.8 391.3 391.4 398.8 396.7 394.2 396.1 397.9 398.3 397.5 399.3 405.4 403.5 401.5 402.4 402.4 403.6 406.1 398.6 383.6 355.6 339 322.5 307.6 295.3 288.1 278.8 265.6 267.9 276.9 274.8 284.9 280.8 288.1 304.3 302.8 297.2 304 308.3 303.2 303.6 304.5 299.8 289.6 277.5 274.9 265.9 252.8 241.3 234.5 228.8 210.9 195.5 191.6 184.5 181.2 178.1 175.3
378.7 368.5 372.9 370.5 366.1 369.1 370.5 371.9 372 373 373.2 381.4 385.4 387.5 388.4 391.2 393.2 388.1 394.2 391.6 402.3 402.5 399.8 405.1 407 410 409.8 412.3 410.9 410.4 411.7 412.3 409 406.7 404.9 402.8 402.6 399.4 391.4 369.6 346.2 332.4 318.2 307.3 296.6 287.1 281.5 264.3 279.7 278.9 289.6 284.6 300 302.1 311.3 317 313.6 318.5 320.5 316.1 315.2 313.2 309 300.7 286.7 277.3 265.6 259.4 243.5 229.4 223.2 208.7 195.4 188.7 182.8 179 175.5 173.2
401.1 388.8 387.6 381.6 381.3 384.5 396.3 402.3 399 397.3 397.1 400.1 405.6 413.7 406 405.9 407.6 404.3 408.2 405.1 411.4 414 410.6 413.1 418 424 431.3 436.3 429.1 424.4 421.9 419.2 413.2 406.8 407.2 403.8 400.7 399.3 395.5 363.8 348.7 329.1 316.1 305.4 295 279.8 272.1 279.1 282 284 290.1 302.3 308.9 317.1 326.5 330.4 331.3 333.1 334.4 329.7 326 321.4 317.9 310.7 296 278.6 263.6 260.2 245.4 231.4 220.7 207.9 194.5 187.7 181.4 175.9 172.7 168.4
414.1 414 406.3 401.9 402.5 403.5 417.9 427.6 436.5 438.2 434.4 427.4 428 436 434.9 433 423.5 419.5 423.1 416.3 422 427.1 421.6 428 430.9 437.8 444.8 444.5 442.5 438.4 433.9 429.1 423.2 411.3 406 402.2 398.5 398.9 387 354.6 339.9 327.8 315.2 305 298.7 280.4 285 288.8 293.7 300.2 298.9 308.8 321.3 334.4 343 344.8 347.3 348.8 346.1 342.8 338.2 332.9 326.7 318.1 304.3 283 266 260.8 245.6 234.4 219 203.6 194.2 184.9 178.9 173.7 170.1 161.9
433.9 437.1 432.5 426.6 433 446 453.6 453.3 457.6 463.7 465.3 466.5 463.5 461.8 457.4 455.5 449.1 436.2 436.8 431.1 435.8 436.1 434.5 439.9 446.5 450.4 452.4 454.5 455.9 442.9 433 423.4 412.9 411.9 404.9 403.3 396.8 392.9 367.9 348 337.9 326.3 314.5 306 288.3 295.2 295.8 298 299.3 304.6 311.5 324.2 331.4 351.5 357.6 362.3 362.4 361.3 358.2 355.4 349.8 344.1 337.4 326.5 304.3 284.9 271.6 255.1 244.8 235 215.2 197.7 190.3 181.3 176.4 170.9 164.8 155.9
453.5 454.2 458.5 459.6 467 469.4 479 494.4 495.2 488.4 489.7 495.5 501 490.1 478.8 472.6 463.8 457.1 453.9 447.4 447 448.2 448 450.7 456.7 459.7 461.6 455.5 449.1 440.5 428.1 414.9 409 403.7 402.3 399.6 397.3 382.5 360.9 351.8 337.2 324.2 312.7 295.3 307.3 307.9 298.8 299.6 307.4 312.7 316.1 326.2 352 366.7 373.2 378.7 378.4 376.5 375.1 371.6 362.6 355.5 347.4 327.4 304.7 285.2 271.2 252.5 240 230 213 196.4 183.4 178 173.1 165.8 158.8 150.6
476.2 476.6 480.5 489.6 492.2 497.7 500.3 508 518.6 512 508.1 512.4 518.6 517.2 509 500.4 484.7 477.3 468.7 461.8 461.2 461 462.2 465.8 468.3 474.3 471.6 460.2 450.7 436.3 421.8 416.1 406.8 402.1 399.1 398.9 391 373.1 359.4 347.2 335.4 315.5 306.6 315.8 308.6 310.8 312.8 312.9 308 324.1 333 348.1 381.6 392.8 392.4 397.5 398.1 394.1 392.9 387.5 377 361.9 345.8 328.4 307.2 287.7 267.2 249.2 234.4 220.7 207.5 191.2 179.8 175.1 167.4 159.8 152.4 144.6
503.3 505 512.5 512.7 513.1 518.3 520.3 517.6 522.9 530.8 526.6 526.2 528.7 534 529.9 518.7 504.1 495.9 488.2 481.9 478.2 475.2 475.3 475.2 485.3 493.4 488.9 472.3 453.9 443.3 430.2 415.9 406.8 402.9 398.5 392.8 385.6 367.1 349.6 343.4 328.6 324.4 318.2 323.6 315.2 310.8 315.8 314.2 321.2 335.1 353.9 363.4 380.5 398 414.2 424.8 419.4 411.5 403.9 396.2 381.9 363.5 344.1 326.5 304.7 286.3 265.5 244.3 231.8 217.3 200.2 186.5 179.1 172.2 165.3 155.9 148.2 138.2
535 528.9 526.4 533.8 530.9 532.1 534.3 533.9 529.1 538.4 544.8 538.4 534.9 539.8 547.7 541.9 531 526.5 519.7 514.6 505.6 496.8 492.3 490.3 491.9 494.6 497.8 486.9 460.1 447.6 434.7 417.5 410.3 404.8 399.6 395 386.7 373.5 362.4 351.2 339.3 327.2 327.2 322.3 321.9 316.2 322.2 329 337.3 355.4 365.9 379.8 389.9 401.8 414.2 429.1 437.7 435 408.8 397.8 384.5 365.4 343.1 324.8 300.4 282.9 264.4 241.7 228.6 211.2 196 181.2 177 169.4 162.2 153 143.8 130.8
559.7 557.7 542.2 538.9 542.9 540.7 546.1 550.8 537.2 540.6 550.7 556.1 552.6 547.5 558.4 560.6 559.4 553.4 549.7 542.1 534.1 525.1 512.9 504.4 499.3 496.3 498.2 486 466.8 452.5 438.7 427.1 416.3 412.4 413.5 403.6 389.5 372.9 362.6 351.9 340 332.4 332.6 323.7 325.9 327.7 334.5 346.8 358.8 365.6 374.9 381.8 394.9 407.9 414 422.9 439.8 437.7 415 398.8 390 368.5 341.1 325.2 297.1 275.3 254.6 235.3 218 203.2 189.3 175.5 170.1 163.7 156.6 148.1 136.6 124.6
574.6 568.3 557.8 545.9 550.1 552.4 556.1 553.1 545 542.2 565 570.2 568.4 557.9 561.8 567.9 566.5 566.8 565.7 561.6 550.9 533.8 526.1 519 509.9 498.6 493.5 489.7 481.2 456.5 443.4 430.7 423.2 431 424.5 413.4 391.1 375.3 361.8 349.3 342 342 337.6 329.1 330.2 339 349 372.6 373 376.4 375.6 383.6 397.5 409.8 419.6 426 435.5 434.1 409.3 394 386.7 362.2 336 317.9 287.1 267.6 245 230 215.5 200.1 185.8 174 164.4 157.3 151.1 142.4 131.6 119.4
579.5 576.2 574.6 565.2 556.5 552.6 550.5 550.5 550.9 545.4 567.3 580 584.1 568.1 559.1 564.3 568.6 573.9 576.6 575 568.6 554.2 538.7 524.6 516.9 505.8 491.2 489.2 481.4 462.6 449.5 445.4 433.3 429.9 421.5 416 389.4 374.6 361 352.9 346.7 346.5 341.9 343.3 345.2 355.4 381.6 387.1 388.1 389.2 389.1 387.3 391.3 400.6 414.4 420.4 426 426.8 402.4 389.1 374.6 356.9 329.2 311.5 280.9 257.5 237.1 223.1 213.1 197.8 181.3 169.3 159.5 151 143.4 134.5 125.1 115.3
578 585.5 585.3 575.2 561.1 554.7 550.5 550.5 555.3 550.3 557.9 572.6 577 563.4 553.7 559.7 569 579.9 582.5 580.3 575 564.2 547.4 531.6 519.4 509.2 492.3 486 482 471.5 458.6 449 440.8 429.5 421.6 407.3 387.1 373.5 362.9 356 355.2 352.1 354.7 357.2 364.5 390.7 401.6 401.1 399.5 401.1 397.8 398.4 396 400.3 406.3 409.2 418.3 412.7 395.1 381.3 366.6 346 321 303.7 271 248 231.1 216.9 205.2 194 175.5 163.6 154.5 145.2 136 127.9 120.9 111.2
581.3 582.5 593 584.8 573 561 557 553.1 554 551.7 551.5 558.8 564.4 555.8 548 556.4 565.8 580.7 584.2 580.3 575.6 566.1 552.8 538.6 524.1 507.9 499.3 485.4 482.1 473.7 462.3 451.5 440.6 434.2 415.9 400 388.1 376 364.3 360.1 358.1 360.1 364.1 370.4 378.8 411.1 417.4 416.9 412.8 409.9 403.9 403 402.7 402.6 402.9 403.7 404.5 401.5 385.3 373.3 355.2 337.7 309.3 294.2 263.1 244.7 227.2 212.1 197.7 183 169.7 159.1 148.5 138.5 131.1 124.8 116.2 106.6
593 583.4 581.2 583 573.2 567.7 561.2 555.3 545.1 550.5 556.8 563.1 554.9 548.4 542.2 550.1 557.5 575.8 585 579.9 575.6 567.7 556.6 543.1 529.7 517.4 505 490.3 483.3 478.6 467.2 454.6 441.2 428.3 411.3 397.4 388.9 377.9 369 367.7 366.1 370.1 376.7 383.2 402.6 423.2 423.4 420.2 417.6 414.1 410.6 406.2 407.6 408.9 408.1 404.4 395.8 391.5 376.6 367.5 349.7 324 302 285.8 257.4 239.7 221.6 208.2 194 179.2 166.9 155.4 143.7 132.9 124 117.5 109.7 101
604.3 584.3 576.2 576.9 573.5 566.2 557.6 550.2 539.7 544 552.5 558.1 551 543.2 543.6 541.7 549.9 566 580.4 580.9 573.5 572.3 567.6 557.5 543.6 526.7 508.8 496.2 485.4 482.4 469 453.8 441 428.2 413.4 399.2 388.7 379 374.2 374.5 377.1 380.8 387.6 399.6 439.2 432.2 429 427.6 427 422 418 414.5 414.1 418 413.6 405.5 395.6 384.9 376.4 366.7 343 316.2 296.5 283.6 250.3 232.4 215.8 204.2 191.8 179 164 151.5 139.6 129.5 119.5 109.6 102.9 95.9
611.3 591.4 576.1 575 578 564.6 554.5 544.9 533.1 538.2 541.8 546.1 551 547.2 541.7 541.7 544.3 553.5 573.7 577.7 573.8 574.5 574.5 572.5 550 527.9 513.3 505.3 487.2 479.5 467.5 453.2 442.1 429.3 415 399.4 387.1 380.3 379.4 381.9 383.3 388.9 398.3 441 444.8 448.4 447.3 442.8 439.6 431 424.6 433.4 420.6 418.9 415.6 411.1 397.2 384.6 373.4 355.9 334.3 307.9 287.2 270.5 243.3 225.6 209.9 196.7 185.8 172.7 158 146.5 135.2 124.2 113 103.5 97.1 91.2
621.7 600.5 577.6 575.4 575.9 564.5 550.3 544.8 529.8 526.3 533.5 538.6 548.2 547.1 543.3 541.5 544.2 543.7 563.5 569.9 571.1 571.3 573.2 573.4 554.4 528.6 516 501.7 484.1 474.8 462.5 449.7 446.1 430.2 415.2 399 387.7 383 381.2 384.8 386.8 393 416.3 445.8 449.6 461.8 472.5 462.8 453.4 437.8 431.3 436.6 430.6 420.7 414.8 411.3 401.2 387 369.1 347.8 323.1 302.1 277.9 260.4 235.2 215.3 202 187.6 177.7 164.8 151.6 140 129.7 118.2 106.6 99.6 92.7 87.2
626.6 605.5 581.8 568.4 571.9 559.3 545 538.8 528.5 521.6 522.5 531 538.2 545.6 550.4 541.9 541.1 541.6 550 558.1 563.9 565.9 566.9 568.8 554.8 535.2 517.9 503.8 487 469.2 454.6 447 442.9 431.4 414.2 398.8 385.3 379.6 379.6 380.4 382.7 390.5 433.7 451.7 454.2 467.2 472.7 476 469.7 443 433 430.7 432.2 421.9 411.3 407.2 400.6 384.9 366.1 338.5 311.8 286.6 268.9 245.9 227.4 208.6 192.4 178.5 170.3 156.9 145.3 135 124.7 112.5 99.2 92.9 87.8 82
624.7 611.7 586 566.7 562.3 553.8 541.6 534.2 526.9 523.7 521.1 531.4 536.9 540.3 550.6 546.7 541.7 542.7 541.7 547.1 554.8 560.5 563.5 566.3 557.9 545.6 527.4 510.7 492.6 468.3 452.7 442.4 438.1 425.7 409.8 396.6 385.1 379.6 379.6 379.6 379.6 390.6 435.7 449.1 445.6 462.2 467.4 472.9 467.9 443.6 432.1 429.4 427.4 416.9 405.3 399.4 396.3 380.4 363.7 335 304.5 278.9 255 235.9 219.7 201.7 183.2 169.8 160.7 151.7 139.8 129.9 117.8 105.9 91.7 86.4 81.3 75.9
623.4 616.2 588.7 564.3 555.6 556.2 546 533.1 526.4 523.3 522.4 523.9 527.3 530.6 542.4 551.6 540.7 535.6 537.6 538.6 545.1 553.4 558.8 560.8 555.2 556.2 542.8 527.1 490.8 469.6 448.6 438.4 432.2 420.1 406.3 396.8 387.9 382.6 379.6 379.6 381.8 389.9 423.8 435.5 438.2 448.9 459 465.4 458.4 443.9 432.2 426 418.9 414 399.3 390.6 383.4 369.1 360.9 328.7 302.6 265.4 247.3 221 207.8 192.3 174.7 163.1 153.8 146.2 136 126 115.6 100.3 87.3 81.7 79 76.5
619.1 611.7 591.7 564.7 549 551.8 546.7 533.5 526.1 526.6 520.5 515.4 519 528.7 532.6 544.7 542.9 531.1 528.7 529.3 536.5 544.8 551 554.3 558.2 559.7 561.5 540.9 493 464.9 450.4 432.2 423 414.2 399.1 391.1 390.2 384.1 379.6 379.6 383.6 391.7 413.3 414.8 426.5 435.8 449.6 454.6 452.3 442.1 431 426.6 412.7 406.7 395.2 384.5 368.7 361 344.8 313.3 281.2 252.1 238.3 214.4 193.3 179.9 165.7 156.1 148.5 141 131.8 120 106.8 95 82.7 79.4 77.3 75.5
613.9 611.9 602.7 567.3 545.6 543.6 544.6 533 525.3 518.9 513.8 512.6 514.7 531.3 528 539.4 542.1 535.3 522.1 524.5 528.6 536.7 545.2 550.7 553.6 554.9 554.7 523.5 490.6 462.2 447.9 429.9 418.8 410.2 394.4 386.7 382.5 380.8 382.4 382 383 384.9 392.7 399.5 414.2 422.4 442 448 445 437 428.9 418 408.5 399.4 389.3 372.2 358 343.3 318.2 284.8 259.3 242.1 226.3 205.8 186.2 169.8 155.3 147.4 142.3 134.4 124.6 112 98.9 86.2 80.4 77 75.1 72.9
607.4 608.8 598.8 567.5 540.6 538.3 542.9 526.6 515.7 510.1 507.2 509.8 511 525 522.2 533.1 538.1 531.7 520.3 522 524.3 527.3 538.7 543.1 539.9 543 535.9 514.5 487.5 457.5 441.5 423.1 412.2 401.7 388.1 378.4 378.1 378.3 384.8 382.2 377.2 377.9 386.5 389.3 398.6 412.9 432.5 437.1 435.3 430.6 424.8 413.2 400.1 392.1 374.8 357.9 338.5 318.8 294.3 263.2 239.6 229.2 217.7 193.7 173.3 158.2 143.3 141.5 134.8 126.3 116.5 102.9 89.3 78.7 76.3 74 71.6 69.9
