WholeMapElevations/data/sh/sh81_OST50GRID_20230518/SH81.asc
ncols 200
nrows 200
xllcorner 280000
yllcorner 310000
cellsize 50
[rows 140 to 174 of 200, columns 0 to 78 of 200]
406.2 409 405.2 390.6 349.5 318.5 295.5 273.8 255.8 228.4 236.9 239.8 230.3 245.9 272.9 292.1 310.2 329.3 352.1 373.2 385.2 397 409 416.5 420.6 405.8 378.5 348.6 321.8 300.2 282.8 291.4 313.9 327.1 344.1 342.2 334.5 325.1 314.1 320.7 341.6 362.3 384.8 406.5 426 440.8 453.1 462.8 471.2 471.7 470.1 467.8 463.2 452.3 438.3 421.8 402.2 380.2 362.5 357.4 370.7 374 372.7 369.1 363.6 352.6 340.4 329.5 317.3 300.8 275.6 247.2 219.2 200.7 185 170.7 163.4 158.4 159.2
402.8 405.6 403.6 394.1 379.3 339.4 310.4 283.5 261 244.3 219.3 225.2 213.6 242.6 262.3 279.5 298.4 318.9 344.3 366 383.7 397.1 408.3 416.9 420.9 413.4 387.3 356 325.4 298.2 278.1 279.2 286.7 309.9 327.6 325.1 320.1 316.3 306 324.2 345.5 365.9 388.2 405.2 422.6 440.8 445.5 459.3 462.9 464.9 464 457.7 449.9 438.3 422.8 405.1 387.4 368.1 346.9 332.6 347.9 357.1 358.3 356.4 351.2 341.4 330.5 321.3 310 295.2 275.8 252.9 229.9 208.8 189.3 175 163.4 154.8 156.2
398.9 399.6 394.1 385.5 375 359.6 324.6 294 269.3 248.3 221.2 211.5 212.6 231.3 242.3 261.5 281.6 308.9 339.6 366.5 386.3 398.6 408.4 416.6 420.9 416.2 395.4 360.5 327.5 298.1 276 262.2 268 296.9 310.4 308.2 305.6 304.2 308.5 328 349.2 370 390.5 406.8 419.1 432.4 443.5 452.3 455.1 456.5 454.6 449.6 436.9 424.5 408.8 389.6 372.7 355.5 331.1 312.3 330.9 339.6 344.7 343.3 338.7 332.3 322.4 314.9 305.1 290.7 272.9 254.1 233.6 215.1 191.7 178.7 166.5 154.8 153.7
388.7 387.5 381.4 374.5 367.3 355.5 338.7 305.8 273.5 249.7 223.5 199.7 203.6 216.2 228.7 251.3 279.1 306.5 334.6 363.5 386.8 397.5 406.1 413.5 415.6 412.6 397.7 363.2 328.6 297.6 274.4 249.2 255.5 282 291.5 288.7 287.3 291.5 311.3 331.7 357.3 376 393.4 406.7 417 428 440.9 446.4 448.4 449 445.6 439.3 429.3 409.5 392.5 375.6 359.8 342.8 314.6 296.5 309.8 323.4 333.7 334.1 328.2 322.4 316.3 310.8 301.9 287.8 270.9 257.8 241.2 222.4 200.3 182.7 169.2 154.4 151.3
377.6 373.8 368.9 362.5 359.2 348.2 332.1 315.9 280 249.8 223.1 199.5 193.3 209.2 224 248.7 275.9 302 328.7 356.8 382 389.9 399 404.6 406.3 403.3 393.7 365.7 330.2 296.9 272.9 245 243.1 261.2 267.6 266.4 259.4 280.4 308.2 336.2 362 384.1 400.8 409 415.3 421.2 428.1 435 438.9 440.2 435.9 427.7 412.8 397.6 375.3 363.1 340.3 325.1 306.6 281.8 290.1 309 320.7 322.1 318.6 313.7 306.3 302.6 296.6 286.6 275.8 265.9 254.7 234 212.2 187.2 172.1 160 150.8
365.1 360.9 353.7 349.3 345.8 337.5 327.9 308.1 280.7 251.2 221.7 198.8 186.9 202.1 217.9 241.7 268.8 296.4 322 348.6 367.2 373.1 384.1 391.6 393.6 395.5 384.5 364.5 333 298.4 271.9 241.9 233.8 241.5 243.3 247.3 246.5 280.6 310.8 341.6 369.1 390.5 399.7 404.8 410.9 414.2 420.3 421.9 426.9 426 419.2 407.3 393.4 377.4 361.8 350 333.3 306.3 284.1 271.2 269.2 291.5 307.8 310 306.5 302.8 291.7 292.9 290.5 283.7 277.7 270.7 261.7 246.2 223.4 196.1 174.6 162.9 156.1
351.2 342.6 332.8 331.8 329.1 323.5 312.4 296.9 274.5 251 223.6 200.2 184.5 196 210.8 232.7 263 289.7 315.4 338.3 348.7 345 366.3 376.2 379.7 381.5 373.5 358.3 331.4 301.4 273.1 244.2 222 228.1 230.6 243.8 266.8 289.5 317.2 352.8 377.6 388.5 395.3 400 404.6 407.7 409.9 410.2 407.4 405.8 398 382.7 368.7 354.2 342.4 339.1 329 313.5 283.5 260.2 259.6 278 292.3 295.6 291.7 286 279.4 282.3 282.5 280.2 276.8 271.1 262.2 251.5 232.5 205.8 181.1 167.5 158.5
332.8 324.2 315.4 310 306.7 303 295.2 282.3 264.4 249.1 223.9 201.9 182.6 189.2 202.4 229.9 255.9 282.2 297.5 315 321.5 323.9 346.5 361.8 362.9 366.6 363.1 349.8 326.5 302.3 273.2 249.4 223.9 228.8 231.9 248.8 258 279.9 314.3 354.6 374.4 380.7 388.4 394.8 396.1 398 393.3 393.5 386.8 379.5 371.6 356.1 343.8 331.7 322.9 322.7 319 309.5 282.9 253.2 253.9 267.7 276.3 278.7 275.2 269.5 263.1 258.6 270.4 273.5 273.2 268.3 261.8 254.5 238.9 215.3 186.6 169.1 158.1
316.6 305.5 298 292.3 288.4 284.4 277.1 266.5 254.7 243.3 220.4 200.7 182.1 182.8 197.7 220.1 240.7 257.9 269.7 290.5 290.2 304.7 326.7 344.5 344.4 352.2 353.7 341.8 323.4 299.7 275.3 253.3 227 219.6 224.6 230.6 246.8 277.2 308.6 341 365.9 372.2 380.5 385.3 385.4 383.1 375.5 370.9 364.3 351 341.6 329 318 308.2 305.4 310 310.8 308.2 283.7 251.3 248 251 258 261.7 261.1 254.4 243.1 239.1 253.8 266.3 266.7 263.6 258.3 251.6 242.5 221.5 193.4 174.2 160.4
298.6 287.6 282 276 273.8 270 264.2 254.7 245.3 232.4 215.8 199.1 185 177.3 191.6 203.1 219.8 231.5 248.1 258.6 259.7 282.7 306.1 323.9 327.3 337.2 345.5 338.6 322.4 300.8 276.3 258.2 233.2 210.7 212.5 226.8 244.9 270.4 298.9 330.8 351.7 364.4 372.2 373.4 371.2 364.4 355.5 346.1 339.8 328.6 315.4 301.9 290.3 281.1 294.9 304.6 304 303.5 290.6 257 229.7 234 235.3 238.5 239.2 236.1 227.9 228 244.2 257.8 259 258.5 255.6 250.9 242.4 227.3 202.8 181.2 164.8
282.7 272.3 265.6 259.8 255.2 245.5 243.1 239 233.4 223.2 206.4 192.7 182.1 174.4 180.6 188.2 195.3 207 222.1 234.3 240.3 262.7 286 305.4 307.3 323.8 336.8 334.5 321.5 297.2 274 256 236.1 215.4 209.6 220.4 240.4 265.8 292 322.4 344.3 358.2 361 357.9 353.4 343.1 332.8 322.5 315.4 305.5 292.5 277.1 263.2 271.7 285.8 293.4 297.2 298.5 287.1 268.8 240.1 216.5 215.1 215.3 214.1 211 206 215.3 230.9 239.8 244.1 245.5 245 241.6 239.2 232.6 211.5 189.7 173.1
272.4 257.3 249.6 248.6 245 224.4 214.3 210.3 211.8 208.8 193.1 195.8 190.9 180.5 171.3 172.9 178.5 186.7 200.5 208.2 224.5 247.2 268.1 288.7 295.2 313.3 331.9 335.5 320.5 296.3 273 252.3 235.5 217.7 204.5 216.1 237.5 260.4 285.9 316.4 339.7 350.1 346.1 337.5 332.1 322.1 308.4 297 292 282.5 267.4 252.1 246.5 266.7 280.7 290.9 303 295.3 282.6 269.8 251.6 226 203.1 191 187 180.5 185.1 199.2 215.4 225.5 229.7 233.4 234.9 234.7 233.2 230.3 219.7 205.3 184
258.1 250.2 249.5 245.6 249.1 258.6 249.6 228.4 208.9 202.6 203 221 214.9 200.6 184.3 163.7 162.9 171.4 184.4 190.4 210.6 231.6 255.6 273.2 287.8 312.4 333.2 341 319.7 294.9 271.2 250.1 235.5 219.2 204.2 214.5 234.1 256.2 281.7 310.8 327 331.2 322.1 313.5 310.2 297.5 287 276.8 269 259.5 243.6 227 250.9 268.3 281.9 300.6 296.3 290.3 281.2 270.6 252.8 228.8 205 209 210 203.6 185.3 179.9 199.7 215.9 221.2 223.3 227 228.5 229.8 228.7 226.6 221.8 204.7
268.9 269.9 271.1 270.7 270.1 272.8 266 255.9 233.3 238.3 236.4 245.6 235 218.4 203.7 181.3 166 158 171.4 182 197.1 215.6 233.7 265.6 287.9 316 336.1 350.5 323.3 297.2 271.8 249.3 233.5 218.6 203.8 212.8 228.9 253.4 272.6 292 304 307.7 293.4 288.9 284.6 272.7 265.9 256.1 244.6 232 216 229.6 250.7 267.7 289.6 301 299.3 291.8 282.3 269.6 246.9 220.8 218.4 225.4 224.2 218 204.6 174.8 183.1 199 208.3 211.8 214.1 218.7 224.5 228.1 229.9 235.1 217.6
292.8 299 300 297.2 294.3 293 290 281.7 260.8 266.1 263.4 264.8 250 232.5 216.4 193.2 173.9 157 164.7 171.2 179.9 196.2 228.5 254.5 283.8 314.8 338.8 356.6 333.3 302.5 276.6 253.2 234.5 217.9 202.4 209.1 221.9 239.4 258 272.2 279 275.6 268.4 263.5 257.8 252.6 245 236.8 223.7 209.2 207.9 230.1 250.6 271.3 294.7 298.9 296.2 289.3 282.5 268.3 236.3 234.5 241.3 243 241.2 232.9 212.3 179.7 169.6 178.4 191.2 197.7 199.5 203.9 210.7 220.9 232.8 241.8 236.7
321 323.4 323.8 320.8 317.3 314.8 310.5 306.1 298.7 294.5 290.2 287.1 265 240.1 225.8 204.9 179.4 160.4 155.1 162.5 176.2 188.1 212.3 241.2 275.8 309.7 336 358.6 343.9 313.4 286.2 262.1 240.3 221.5 204 203.1 211.6 227.2 241.9 247.3 253.1 252.7 247.6 242.1 237.1 232.5 227.5 217 202.6 188.5 207 230.5 252.4 281.9 293.9 296.1 294.6 287.8 279 269.2 256.3 261.5 262.7 264.3 261.9 243.6 207.9 195.5 169.7 164.1 172.8 181.3 188.5 195.5 205.1 217.7 233.9 247.7 250
347 347.2 348.1 347.2 347 343.9 338.9 333.8 328.1 318.6 307.8 300.5 278 248.6 230 213 183 168.2 153.9 157.2 166.8 177.7 200.4 230.8 268.4 300.7 327.2 355.9 363.9 327.2 298.8 272.3 247.8 223.6 205.7 195.4 204.4 212.5 223 221.8 225.2 224.9 223.9 220.5 215.9 213.9 208.5 193.9 176.4 190 210.4 233.2 262.4 283.3 297.1 296.6 294.6 289 282.4 279 276.8 278.7 284.2 285.5 278.6 245.8 231.5 209.3 184.8 163.1 159.9 164.6 174.8 186.6 199 214.9 232.3 249.2 249.8
362.5 362.9 366.9 371.9 371.1 367.7 363.7 361.9 357.3 345.8 329.2 307.7 279.6 253.1 230.8 210.9 182.1 164.2 156.4 150.9 161.3 171.8 195.7 224.8 260.1 290.3 317.8 350.6 372.4 343.9 312.5 284.2 258.9 234.8 212.9 194.2 196.3 200.7 204.6 202.1 202.1 204 205.8 201.6 195.5 194.3 189.5 171.1 176.2 195.8 216.1 243 269.2 283.7 291.8 293.2 293.6 286.8 284.2 284.9 289 299 308.7 303.4 295.9 280.2 252.1 223.3 194.7 167.6 157.4 155.6 161.1 172.8 187.6 205.2 225.8 241.4 249.3
367.6 368.1 375.3 382.1 377.2 374.6 373.4 367.7 360.5 351.1 333.4 313.3 284.8 257.3 231.9 206.1 180.9 168.9 155.1 148.8 157.6 167.9 188.9 219.7 253.1 284 311.8 343.5 362.9 364.6 329.2 299.2 272.3 247.4 222.1 202 184.3 192.2 192 188.1 187.7 188.2 189 184 176.8 176 170.2 160.7 179 200.9 226.6 252.4 266.1 275.6 282.1 289.6 283.8 280.1 285 291.8 305 311.2 312.3 310.3 309.5 293.4 264.5 235.2 207.5 187.6 166.2 153 152.2 157.8 174.1 192.8 214 232.6 243.1
364 368 374.9 379 376.7 374.3 372.3 366.8 359.9 348.4 333.8 318.7 294.5 263.5 237.4 207.6 184.7 170.2 153.3 148.3 152.4 163.3 182.1 214.1 247.1 278.2 308.5 334.5 363.9 370.6 353.6 317.2 288.6 262.9 239.3 214.9 192.4 171.4 178.6 173.2 173 174.4 174.3 169.4 166.1 158.1 152.2 163.4 183.8 211.8 236.9 246.7 252.2 262.7 270.9 271.6 270.9 276.6 285 297.2 307.9 312 313.9 315.4 316.3 306.9 277.5 250.3 227.9 207.1 186.9 165.9 147.4 150.5 165.2 182.5 200.9 213.7 221.6
357.8 364.1 369 370.2 368.9 366.9 365.1 361.3 355.5 344.1 331.7 322.6 305.7 277 245 212.2 187.3 171.6 162.1 149.3 147.3 154.4 178.3 208 238.4 272.4 306.2 328.9 352.1 366.7 367.6 341.1 309 282.1 256.4 232.2 207.9 182.6 156 151.1 157.1 159.8 160.1 158 152.4 143 148 169.1 194.1 218.7 231.9 233 235.5 247.1 253.7 256.2 267.1 278.3 288.2 299.9 306.6 309.8 314.5 318.3 319.1 315.6 300.5 272.3 249.1 226.9 204.5 181.5 154.2 143.9 157.3 172.4 184.2 193.5 200.2
353 358.4 359.8 359.5 358.6 357.3 355.2 352.1 347 339.7 330.5 324.6 313 292.5 257.7 221.3 194.1 175.2 163.1 153 146.6 148.6 173.7 200.4 231.8 265.4 299.7 325.2 353.3 366.4 371.3 363.3 334.3 303.2 275.2 250.2 225.3 201.6 181.2 156.1 134.9 139.6 144.4 144.3 136.6 137.7 158.5 174.9 198.7 213.7 219 215.8 216.6 227.5 241 254.2 267.9 282.8 292.5 299.8 300.5 305.8 312.7 318.3 322.6 324.2 317.9 297.8 268.1 244.7 221.2 195.8 168.2 144.5 150.3 162.3 167.4 172.3 179
346.8 347.8 347.8 347 343.9 342.6 343.3 340.9 339.3 333.8 328.9 321.6 315.2 300.8 271.7 234.7 204.4 179.7 165.1 152.3 146.4 145.9 168.4 193.5 223 256.6 291.6 320.9 345.4 362.1 371.9 374.1 357.5 327.5 298.2 268.1 245.6 219.5 198.1 178.8 158.7 132.2 126.1 128.3 123.3 138.7 154.6 168.4 187.1 198.4 201.5 194.9 204.2 224.2 239.8 256.7 272.3 282.2 286.9 289.6 290.5 300.9 312.4 320.9 328.6 332.4 327 313.9 291.5 263 239 213.8 186.3 156.8 133.8 149.1 154.2 156.7 158.8
333.1 326.9 329.3 332.3 325.4 328 332.3 332.1 329.6 325.4 321.7 319.5 320.2 305.3 281 252.8 215.1 184.9 166.6 153.4 146.1 143.5 163.3 188.4 215.3 246.6 278.3 310 334.9 352.2 362.5 366.1 362.3 351.8 326.5 296.5 269.3 244.6 221 204.2 184.6 165.3 148.4 136.8 126.4 127.2 142.9 160.9 177.3 184.3 182.5 186.6 205.3 224.9 241.6 262.5 270.4 275.1 276.6 276.1 286 299.9 315.7 325.6 335.2 338.2 330.9 321.7 306.5 287.4 257.8 235.4 209.5 181.1 149.3 127.3 137.3 139.4 141.7
316.9 307 307.5 313.8 311 315.1 316.9 319.3 320.1 317.9 313.6 314.9 326.5 311.6 285.9 259.9 225.4 194.3 169.8 156.2 146.2 143.4 159 183.3 207.2 234 265.7 295.6 320.9 340.9 352.8 360 357.8 349.3 340.6 326.5 299 275.7 252.3 230.7 209 188.7 172.6 154 136.7 120.4 131.8 150 167.5 171.1 167.7 189.7 210.5 228.4 244 257 263 263.6 259.3 269.6 285.6 302.1 317.8 330.8 338.7 340.7 334.6 326.7 311.7 295.4 275.4 255.1 231.6 204.6 174.6 142.7 123.9 122.4 127.7
298.8 282.7 290.1 296.2 299.4 303.7 305.7 309.3 309.4 305.1 307.5 314.1 326.8 321.5 297.8 270 236.9 207.8 178.6 160.3 148 140.4 155.9 177 198.9 224.8 253.6 282.2 307.1 328.1 341.2 348.6 350.3 345.7 338.6 329.8 317.4 302 280.4 260.7 236.2 212.9 189 167.3 147.8 128.8 122.4 140.7 156 157.3 169.6 193.1 214.4 233.8 245.4 250.4 243.7 242.8 248.6 270.1 289.4 305.9 322.3 334.4 340.8 340 336.7 326.3 311.5 292 274 259.2 246.1 225.1 195.9 172.7 151.4 129.3 114.2
281.9 265.3 279.1 282.8 289.3 291.4 295.8 298.8 297 296.1 303.2 314.5 327.8 333.5 313.2 286.1 253.4 221.6 192.7 166.7 148.4 141.1 149.4 166.5 188.2 215 241.1 269.7 293.3 311.4 327.3 336 339.3 340.6 335.6 323.5 311 295 275 254.1 235.1 213.4 191.9 169.1 151.7 136.6 118.6 130.1 140.5 151.5 175.1 198 218.8 237.1 242.8 236.9 215.9 223.4 250.1 272.4 291.5 309.3 324.7 336.3 338.5 337.4 331.7 322.8 305.2 287.3 269.6 252.1 243.1 230.5 216.4 194.8 173.1 150.1 124.7
259.8 258 264.4 270.8 274.1 277.8 283.9 288.7 286.8 292.6 301.9 315.1 329.2 339.6 326.7 304.8 272.7 236.7 207.1 176.3 153.6 141.2 143 157 175.8 200.8 227 252.6 274.7 292.8 310.9 319.7 322.6 328.5 325.5 319.6 309.7 298.7 284.6 253.9 226.3 202.4 182.4 162 146.3 133.4 118.7 127.5 142 161.1 182.5 203.4 222.7 236.7 229.2 217.1 200.4 224.4 250.2 272.4 293.2 311.7 326.9 335.1 335.1 332.3 326.1 316.1 301.1 282 264.4 247.5 233.4 225.5 218.2 211.3 192.7 163.8 138.2
243.8 246.6 248.9 252.4 259.7 263.2 270.1 278.1 287.7 294.2 303.9 315.9 330.1 338.2 333.7 317.7 290 249.6 217.9 189 161.6 141.2 139.2 150.6 162 184.4 209.3 232.5 257.4 273.1 290 295.4 305.2 311.3 308.6 301.9 295.3 286.3 272.9 251.9 227.6 202.3 177.1 155.1 137.7 130.6 117.1 126.9 144.7 166.8 190 210.8 227.7 226.8 211 195 201.2 226.4 247 272.3 294.4 310.7 325 331.6 332.4 326.6 319.6 309.5 294.1 277.6 259.7 240.6 223.6 213.3 208.9 210.1 195.3 169.5 143.2
253.2 258.3 263 268.5 275.9 282.4 290.2 293.9 298.1 303.6 314.8 322.7 332.7 340.5 339 333.8 306.5 265.8 230.9 202 173.2 147.7 137.2 138.9 150.9 166.5 188.1 210.5 233.1 246.7 261.1 271.1 284 293.6 292.7 286 280.9 272.4 260.6 238.4 215.4 201.2 179.6 154.3 141 136 118.6 127.7 148.2 170.7 196.3 216.6 220.6 209.5 191.5 179.1 203 231.6 258.4 281.7 303.3 315.8 327.1 333 329.3 320.5 312 300.1 287.7 274.7 261.6 246 223.7 199.2 195.2 200.6 191.1 167.9 141.4
270.8 276.5 281.9 288.9 293.3 302.7 311.1 315.3 317.9 322.4 328 334.6 339.9 346.5 345.7 343.2 328.5 287 249.3 215.4 187.7 161.4 137.5 136.3 146.4 150.9 165.5 185.3 207 221.6 228.2 239.5 251 263.3 269.9 269.4 261.8 254.1 245.8 222.9 201.7 180 163.4 148.1 139.1 134.1 117.2 129.2 153.4 178.3 200.7 212.4 206.6 190.9 173.9 186.4 211.2 239.6 265.5 289.1 307.6 320.7 330.6 329.8 322.2 312.5 301.4 290.7 281.3 270.8 257.2 246.4 230.8 210.6 186.1 175.6 182.5 164.7 140.1
285.6 293.2 301 311.2 320.8 326.6 331.6 335.5 337.5 337.8 342.6 346.2 350.2 352.2 346.8 343 341.4 311.1 270.4 235.9 206.3 180.3 156.8 137.4 136.9 146.6 150.8 163.8 180.4 192.3 200.6 210.2 219.7 232.6 240.1 237.1 230.4 226.6 217.7 203.3 187 169.3 153.8 140.8 134.3 127.3 114.7 135.8 160.1 181.1 199.1 198.7 190.7 171.3 167.1 192.3 220.4 244.2 267.9 290 307 319.2 324.4 321.7 310.9 299.7 290.6 282.1 274.7 265.6 254 243.8 227.6 203.4 193.5 179.4 154.8 156.8 139.1
304.5 314.2 322.5 330.6 338.4 342.5 348 351.8 353.4 353.7 353.7 353.1 353.1 352.4 344.3 335.6 335.4 334.1 297.2 260.8 228.5 200.7 176.8 154.2 133.7 136.5 145.5 151.4 160 165.5 175.5 183.1 196.2 203.1 208 207.3 203.7 199 190.4 182.6 172.1 156.4 144.4 133.4 123.5 115 126.5 145.6 167 179.6 181.3 183.5 172.7 152.6 169.7 197.1 222.3 243 266 286.8 300.7 310.9 312.3 309.1 301.4 291.3 282.4 273.9 267.4 261 250.1 242.4 237.4 230.1 216.8 203.9 177.2 149.3 119.6
321 332.2 340.1 346.7 351.5 355.9 359.5 362.5 361.5 357.1 356.3 353.3 350.7 346.2 336.7 317.1 315.9 320.7 312.2 288.1 255.9 224.9 196.8 175.3 152 131.6 137.8 140.1 147.3 152.7 159.2 163 173.5 181.4 182.1 181.5 180.7 176.5 168.4 160.7 153.7 143.4 133.8 123 116.9 111.7 129.1 144.4 153.8 158 162 166.9 158.4 143.4 168 191.9 214.5 233.4 255.2 276.9 291.3 298.9 304.5 299.9 296.6 287.6 278.7 264.3 261.9 256.4 250.5 243.2 239 233.1 225.8 222.2 209.6 183.3 156.7
337 345.8 352.7 357.4 361.3 363.7 367.1 367.5 364.6 358.6 354.2 349 343.2 336.9 326.4 306.1 298.4 303.1 297.3 291.7 281.3 252.3 222.3 198.2 173.1 151.3 137.6 129.2 130.7 141.4 149.4 150.7 151.3 156.5 159.5 159.1 157.5 152.8 149.8 145.1 139.2 130.1 124.5 117.9 113.7 107.6 119.7 130.7 135 139.9 144.5 147.9 144.8 138.3 157.1 181.2 201 220.7 243.1 264.6 277 286.9 292.4 293.1 289.8 283.7 275.3 265.1 248.7 248.8 242.9 239.1 235.7 230.3 231.7 234.5 228.6 213.1 189.4
