UK/data/nc/nc20_OST50GRID_20230518/NC20.asc
ncols 200
nrows 200
xllcorner 220000
yllcorner 900000
cellsize 50
[rows 105 to 139 of 200, columns 78 to 155 of 200]
345.5 336.9 328.8 322 314.9 309.9 307 300.3 294.7 288.9 285.2 282.9 280 276.6 281 281.2 279.5 280.5 283.5 284.9 285.2 287.3 291 293.7 295.8 297.5 298.8 300.2 305 309.4 314.6 318.9 321 322.5 324.3 328 333.4 339.5 343.7 348.5 353.2 358.6 361.6 363.2 366.9 367.6 368.6 370.3 369.6 369.8 369 367.9 366.4 365 361.2 359 355.3 351 345.2 340.8 337.4 332.8 327.5 321.8 316.7 311.8 308.6 305.5 304.4 300.2 296.8 296.1 292.5 290.1 289.4 286.8 283.6 279.2
342.6 335 327.4 320.6 314.1 309.1 307.1 302.4 295.6 291.5 287.4 283.2 280.7 280.9 281.9 282 283.9 284.1 287.8 289.3 289 290.4 292.9 296.3 300.3 302.3 303 305.5 307.8 314.4 318.5 321.6 324.1 329.7 334.5 342.1 343.6 352 352.2 355.3 360.9 366.3 371.7 373.5 374.6 376.5 377 378.2 378.3 377.6 377.4 375.6 375.1 373.3 366.9 365.2 361.3 356.8 350.7 345.9 341.5 336.8 331.6 325.2 320.9 316 313 309.3 308.2 304.1 301.3 298.7 295.9 292.8 291.3 289.5 285.7 282.2
339.9 333.4 326.8 321.4 314.9 308.3 304.9 302.4 297 291.7 287.4 285.1 283.7 285.1 284.8 285 285.3 287.9 289.9 293.8 297.7 296.2 294.5 297.2 302.1 305.6 307.1 309.7 311.3 315.7 318.9 321.3 325.2 330.4 336 339.8 345.1 352.3 359.5 362.9 368.4 373.6 379.9 384.8 385.8 386.6 388 388.9 388.3 386.3 385.6 385.7 385.3 381.4 378.2 372.2 367 363 357.8 352.8 346.8 340.8 335 330.8 326 320.4 317.2 313.6 311.1 307.7 302.4 302.1 298.2 294.8 292.3 290.4 287.1 283.4
339.1 332 324.5 319.8 314.8 309.9 304.2 300.1 295 291.4 289.6 285.9 284.7 286.5 287 287.4 286.7 289.4 291.4 296 299.2 302.2 304.9 301.1 303.1 307.2 310.9 314.6 316.3 318.3 320.3 322.1 325.6 330.4 334.9 340.4 344.3 351.5 360.2 372.6 380.7 384.9 388.2 393.4 398 401.5 401.4 400.4 402.1 399.1 395.8 395.5 393.3 390.9 386.2 381 375.8 368.6 363.2 357.9 350.8 344.5 339.7 336.3 330.2 326.5 319.8 317.2 313.6 310.9 306.1 303.4 300.3 296.5 293.8 291.7 288.6 285.2
337.5 330.6 324.1 319.9 314.9 309.3 302.9 301.1 297.7 293.7 290.2 291.4 290.8 286.6 291.2 292.3 292.2 292.3 293.4 295.8 299.2 302.6 307 307.4 308.2 307.9 315 318.7 320.3 322.8 323.7 325.1 328.1 331.8 335.5 340.6 346.4 355.6 362.1 372.9 387.1 397.2 400 404.3 406 409.1 412.9 412 411.9 410.9 407.2 405.2 401.5 399 395.5 390.7 382.4 373.8 368.2 362.8 355.7 349.4 345.2 339.9 335.4 330.3 324.8 320.3 316.6 314.1 311.3 306.6 301.4 300.1 296.5 292.5 288.9 285.1
337.6 330.6 325.1 320.7 313.3 312.1 307.4 304.8 299.9 297 292.1 291.7 290.2 291.1 292.3 293.6 295.1 297.5 296.1 300.2 302.8 304.9 307.6 309.6 311.7 313.6 316.5 319.5 321.8 325.8 327.4 329.4 332.8 337.1 340.9 344.8 351.3 359.9 370.3 382.6 387.3 397.8 408.1 413.9 417.9 422.1 424.6 423.2 420.4 419 417 414.3 409.8 406.2 403.6 400.5 391.2 381.1 373.8 368.1 361.8 354.7 348.8 344.3 340.2 334.9 329.5 323.6 319.4 317.3 313.3 310.3 306 301.6 297.3 293 289.1 284.8
334.9 330.1 325.6 321.3 318.4 315.2 309.6 305.3 302.7 298.5 296.2 291.8 291.5 293.3 294.7 296.4 298 299.9 302.6 302.8 305.8 307.6 310 311.7 314.3 317.5 320 322.1 323.8 327 329.8 333.1 337.6 342.5 347.5 352.9 358.1 367.2 377.4 386.5 394.7 402.8 410.6 419.9 427.1 431.4 431.8 433.1 431.2 430.7 427.5 423.6 418.6 414.2 408.5 402.9 396.6 386.1 379.9 372.9 365.7 357.7 353.5 348.4 343.6 338 333 328.4 323.3 320.4 316.7 313.4 308.5 302.6 298.2 292.7 288 283.9
336.5 331.4 326.8 323.3 318.7 315.6 311.6 307.4 304.5 299.5 298.1 294.6 294.2 294.5 297.1 298.7 300.5 303.6 305.3 305.3 308.6 310.6 313.2 314.8 316.9 319.1 323.3 326.6 327.7 330.8 330.8 335.6 341 350 355.2 361.9 365.5 370.5 380 387.5 398.3 409.9 416.9 424.5 429.4 433.1 438.1 446.2 444.5 440.3 436.2 432.5 426.4 419 412.5 405.5 398.1 389.4 381.3 374.9 367.5 360.7 355.9 350.2 343.1 338.7 334.9 330.7 326.3 322.2 318.3 313.8 307.5 302.6 298.9 293.4 288 281.4
339.1 333.2 328.5 324.6 321.9 316.9 313.1 307.6 304.8 303.8 302.7 294.8 298 298.1 301.4 302.8 304.2 306.2 307.6 309.1 312.3 314.5 316.9 318.5 320.6 323.5 325.9 326.6 329.8 333.7 336.7 339.3 344.7 356 362.7 368 373.7 378.5 385.9 394.1 401.3 411.7 419 423.9 428.6 434 439 446.1 453.6 448.4 442.4 435 429.8 424.1 416.8 408.7 399.5 392.4 383.3 376.7 369.4 362.5 356.3 350.1 345.5 341.1 334.9 331.7 327 322.8 318.2 312.2 306.5 302 297.8 292.4 286.1 281.7
340.4 335 329.4 326.1 321.8 317.2 312.2 309.9 307.4 305.8 303 297.8 302.4 302.2 305.7 308 308.7 310.6 311.9 312.3 316 317.3 320.8 323.5 325 327 330 331 333.4 337.6 341.9 345.4 350.9 357.6 364.4 369 373.2 379.8 385.7 391 398.7 409 418 426.4 431.6 435.1 437 444.4 445.8 446.2 448.7 437.2 429.8 424.3 417.8 410.2 400.1 390.3 382.6 375.3 368.8 363.2 357.5 351.5 345.9 340.6 336.9 333.2 327.2 322.9 314.9 309.2 304.3 300.7 295.4 290.7 284.9 278.2
342.5 337.1 332.7 328 323.7 320.7 315.1 310.3 309.6 306.2 306.1 301.1 305.8 306.3 308.5 312.1 313.6 314 316.1 318.3 319.7 320.6 324.1 327 330.8 332.9 334.6 335.5 339 343 347.3 350.6 353.1 361.2 366.5 371.6 372.8 380.6 385.5 388.8 396.1 410.6 420.9 428 431.6 435.9 439.8 445.4 447.5 444.5 441.8 439.3 430.9 423.7 415.1 408.5 399.4 390.8 382.1 374.6 369 363.1 359.2 353.9 348.3 342.5 337.4 332.5 327.2 321.1 313.6 306.9 301.2 296.1 291.8 287.3 283.3 282.7
342.9 338 332.8 328.4 325.3 323.8 318.9 313.7 309.5 306.3 307.8 304 307.2 309.8 313.6 315.9 317.3 318.6 320.9 323.1 323.2 326.3 329.4 332.3 335.1 340.3 342.9 342.4 346.4 348.5 349.4 353.3 357.7 363.9 370 371.6 371.2 380.6 385.4 389.9 398.8 415.7 424 430.1 437.2 442.8 445.2 446.5 446 443.9 438.7 433.4 429.8 424.8 415.6 406.3 397.9 389.3 380 374 369 364.7 359.5 353.6 347.2 341.1 335.9 328.9 323.7 317.7 309.6 303.5 298.7 293.2 286.1 287.6 288 289.3
344.7 339 335.4 330.2 326.5 323.4 319.7 315.8 312.6 313.1 311 308.4 311.5 311.7 317.9 322.4 324.3 324.7 327.2 329.7 327.9 332.9 334.6 340.1 344.9 348.8 350.7 351.6 350.8 355.6 359.3 359.3 362.6 370.7 375.7 377.4 376.8 379.6 385.3 392.3 406.2 418.8 428 437.3 442.3 447.2 449.9 448.8 445.8 441.5 435.7 431.3 424.8 417.8 413.1 405.7 395.9 389.2 380.7 375.5 368.7 363 357 351 344.4 338.6 331.2 325.2 319 313.1 305.1 298.7 292.8 293.9 294.7 294.4 293.1 291.8
345.3 338.8 336.2 333.2 330.2 327.7 323.6 320.1 316.6 314.6 315.6 314.9 312.5 317 321.9 326.4 328.9 330.3 331.7 332.2 332.8 338.3 341.7 342.2 345.5 348.9 350.9 353 356.5 358.3 361.7 362.4 362.9 372.2 375.8 377.9 380.7 385.6 387.4 396.1 409.9 420.7 433 441.4 446.2 449.2 450 450.5 448 443.4 436.6 429.7 421.6 412.2 406.1 399.8 395.7 389.6 383.1 376.2 368.4 360.6 354 347.4 340.8 334.6 329 321.8 315.7 310.6 301.6 297.5 300.8 301.6 300.1 299.4 298.3 298.2
347.8 342.6 338.2 335 332.6 330 326.6 322.9 322.1 319.7 319.2 323.3 319.7 319.5 325.2 330.8 333.5 334.3 335.1 336.4 338.2 339.6 343.4 344.9 344.3 348.5 351.4 354 357.4 361.6 363.6 364.5 366.2 371.8 377.3 381.9 384.2 392.8 399.7 397.5 409.8 423.4 433.9 441.8 448.4 450.9 451.1 451.7 449.4 444.7 437.4 430.3 421.8 409.9 401 395.5 390.4 384.7 380.6 373.5 366.3 357.5 349.3 343.3 337.8 331.6 324.2 316.5 314.3 305.2 303.5 306.6 305.9 305.9 304.4 303.7 301.5 302.2
350.1 345.4 341.7 339.2 336.5 332.8 328.5 326 324.6 325.3 325.6 326.4 326.7 321.7 329.7 331.8 333.7 335.7 337.9 339.5 341.3 344.5 343.5 346.7 345.4 348.3 351.7 355 360.2 363.7 364.9 365.8 366.5 373.8 378 382.6 388 395.1 399.8 404.9 411.5 420.4 432.4 439.7 446.7 450.4 453.5 452.2 448.9 443.5 437.4 430.3 420.2 409.7 400.8 393.4 385.7 378.8 373 367.3 361.3 353.4 346.8 340.7 333.7 327.2 319.3 315 312.8 303.3 309 310.5 308.5 308.6 309.6 308.6 309.5 309.1
350.8 347.6 344.6 340.9 338.5 336.4 331.8 327.7 326.4 327.8 329.1 329.9 331.5 328.6 332.4 331.3 336.3 337.5 338 340.9 341.6 345.1 345.7 347.2 347.5 349.5 353.7 357.3 361.6 365.4 368.8 370.8 370.9 370.3 377 382.5 388.9 395.3 401.2 411 416.6 419.5 429.5 438.6 446.1 451.6 452.3 451.1 448.1 443.5 436.5 427.5 419 410.3 400.7 391.7 383.9 376.5 367.3 362.4 356 351 344.6 338.8 331.2 324.9 318 317.6 312 312.4 313.2 313.2 312.7 312.4 314.9 315.4 312.5 311.2
351.2 347.7 345.2 341.8 339.4 336.9 332.5 328.7 328.5 329.6 331.9 332.3 333.8 336.5 337.6 338.7 338 339.3 342.4 344.3 344.9 345.5 348.4 350.5 351.5 352.5 354.4 358.9 361.9 365.5 369.1 371 370.7 373.2 378.3 382.4 386.9 393.2 399.6 412.4 420.1 427.3 433 436.5 444.2 448.5 449.8 447.7 445.7 441.8 436 427.2 418 408.6 400 392 383.4 375.5 368.4 360.2 353.9 347.7 343.2 337.1 330 323.3 319.6 311.8 312.5 315.8 316.6 318.5 320.4 324.1 321.2 318.6 316.4 314.5
349.1 346.5 343.6 342.9 341.4 337.1 333.7 330.6 334 338 336.1 337.5 338.2 340.5 340.1 340.6 337.2 342.9 344.9 346.2 345.2 346.2 347.6 348.7 351.7 352.6 356.2 360.5 364.7 364.6 367.2 370 372.9 376.3 380.6 385.4 387.6 392.7 403.3 412.5 422.6 432.7 438.3 440.6 441.4 442.7 445.6 445.8 443.7 438.5 432.8 424.5 416.6 407.7 399.8 392.3 383 375.9 369 361.3 355.1 349.3 342.3 336.8 330.3 323.9 319.7 313 317.8 320.3 323.7 324.5 324.4 325.6 324.7 323.6 320.3 318.3
346.2 344.2 343.4 342.1 340.8 336.3 334.7 334.3 337.7 338.1 341.2 343 346.4 350.5 347.9 344.4 342.1 343.6 346.6 351.5 355.3 357.4 355 355.2 355.4 357.2 358.6 364.4 372.4 375.1 376.7 373 373.8 377.5 379.1 382 386.7 396 406.1 413.7 423.1 431.4 437.6 442.3 444.1 444.5 444.9 441.7 438.9 434.7 427.9 419.9 414.4 407.3 400.8 392.5 384.9 376.7 369.6 361.7 355.4 348.6 340.8 335.1 327.1 322.1 317.9 312.3 323.5 327.1 329.1 328.8 329.6 330.2 328.9 328.4 326.1 323.7
343.9 342.8 341 339.8 337 334.3 334.1 336.5 342.4 342.4 344.7 347.4 354.8 361.6 357.5 351.6 347.5 347.7 351.4 358.6 362.3 367.4 367.7 364.7 366 367.2 367.1 370.5 380.5 383.2 385.2 385.7 380.9 385.7 388.6 385.4 386.8 398.3 406.8 413.9 423.1 430.6 438.6 443.4 448.7 448.5 445 441.2 435.9 427.7 421.8 416.2 411 404.8 399.4 391.3 383.9 376.9 368.7 360.5 351.6 345.7 338.6 331.4 325.7 322.2 315.4 319.5 325.9 331.7 333.7 336.4 335.1 335.8 334.7 334.1 332.3 328.7
343 342.4 337.8 337 336 334.3 334.4 336.2 343.8 346.1 350.9 352.6 354.7 356.9 358.3 354.7 350.9 355.3 358.5 362.1 368.7 373.5 374.4 373.4 374.8 373.5 373.4 375.7 383.1 385.4 387.1 388.9 389.2 387.2 388.6 387.9 390.8 399.1 407.2 416.1 423 431.2 438.8 444.6 447.1 445.7 443.7 439 431.4 423.4 415.4 410.8 405.6 401 396.1 389.5 382.7 375 366 358.7 349.2 340.8 332.8 328.3 324.2 320.9 319.7 329 333.5 337.5 340.5 340.8 342.3 341.6 340.7 339.4 337.7 334.6
341.7 339.4 336.3 334.1 331.7 332 334.2 337.1 341 345.2 349.7 354.3 358.3 356.6 355.4 353.4 353.3 357.6 362.3 365.8 369.9 375 377 378.1 380.9 381 379.4 377.5 382.5 383.3 385.7 386.9 388.4 389.4 390.8 390.2 392.6 401.6 409.5 416.8 426.2 432.5 437.5 442.3 444.2 441.6 437.1 433.5 425.9 419.3 410.7 403.7 399.5 394.4 389.2 384.5 378.5 370.7 362.5 354 344.9 336.9 329.2 326.5 322.3 320.7 328.3 333 336.5 338.2 343.8 345.6 345.9 346.7 347.2 343.9 342.1 339
338.6 334.4 333.8 332.3 328.2 330.7 334.1 338.1 341.6 345.9 345.5 350 353.5 355.5 354.4 354.3 355.6 359.7 365.6 368.5 372 374.2 376.3 378.4 381 384 384.5 380.3 378.8 383 386.8 389.9 392.7 393.4 393.8 394.9 394.5 401.9 410.8 419.2 426.7 433.1 438.9 440 437.5 434.4 431.1 425.4 418.5 412.2 405.1 397.2 391.3 387.4 381.8 375.8 370.5 363.2 355.9 349.5 341.5 333.9 329.3 324.2 327.6 328.5 332 334.3 338.7 341.4 345.5 346.9 349.2 350.3 354 351.6 347.8 344.7
332.5 330.9 329.6 328.7 327.1 330.7 333.9 336.9 340.5 344.7 345.6 346.2 350.7 352.4 355.4 357.2 356.3 357.4 361.2 366.7 372.3 373.9 375.3 377.6 379.8 380.2 383 385.6 387.4 387.6 386.1 390.1 392 396.8 399.1 400.7 398.9 405 410.6 416.3 423.1 428.7 432.3 432.3 427.7 425.2 423.4 416.3 410.8 404.4 398 391.4 385 380.6 374.3 367.5 362.8 358 350.4 343.9 336.9 331.8 324.9 328.9 331.6 331.3 333.4 336.3 339.3 342.8 345 348.8 353.3 353.8 357.1 356.4 353.2 351
329 327.1 325.2 324.8 326.1 331.9 333.8 337.8 339.6 343.9 344 351.7 356.7 355.5 355.5 358.6 360.2 362.7 361.6 371.1 376.6 379 380.6 379.7 379.1 381.9 383.4 384.4 389.8 392.1 393.9 392.1 395.7 401.9 405.3 408.3 406.9 412.8 416.8 417.5 421.4 424 426 421.4 416.9 415 412.6 410.9 404.5 397.7 390.6 384.6 378.8 372.6 367.8 359.2 357.5 351.6 346.7 341.1 334.2 329.4 330.4 332.9 336.1 335.8 336 339.9 342.3 345.6 349 355.1 357.2 357.8 358.8 360 360.3 357.5
326.5 320.8 319.9 322.3 323.4 330.2 333 336.5 339.1 342.2 346.7 351.8 354.8 355.8 359.8 364.9 366.1 366.9 362.2 367.5 373 374.7 377.1 378.9 381.7 383.9 384.4 386.9 391.7 395 394.5 398 401 401.5 406.8 410.7 411 415.2 417.9 419 418.6 420.1 418.3 413.3 405.4 402 402 401.6 398 391.5 384.5 377.5 370.4 366.7 360.5 354.1 348.3 344.8 341.8 337.7 332.2 332.8 335.1 335.9 337.3 338.7 340.5 342.2 345.7 350.2 353.9 360.2 364.1 363.2 363.7 364.8 365.6 364.5
324.9 316.7 319.8 322.2 324.6 329.4 331.8 338.8 341.4 344.6 350.9 351.6 356.3 360 365.4 371.4 374.4 374.9 374.3 371.3 369.7 374.4 378.3 380.6 383.2 385 385.8 386 389.7 393.4 395.5 399.5 402.9 405.1 406.9 409.2 412.7 416.2 419.2 419.9 418.7 416.2 411.9 406 398.8 394.1 388.8 391.3 388.9 382.2 376.6 369.3 362.9 357.9 353.4 349.8 343.3 338.4 337.7 335.3 332.9 334.3 335.7 337.2 339.1 341.2 343.1 345.9 351.3 356 358.7 363.8 367.9 368.8 370.7 371.6 372.1 370
321.5 314 319.6 322.3 326.7 328.9 331.5 336.4 341.2 348.3 354.8 355.8 358.6 362.1 368.4 373.8 376.7 377.2 378.4 380.3 383.4 380.6 380.4 382.2 384 385.2 387.1 390.6 393.9 397.5 399.6 401.6 406.8 410.3 410.6 412.4 413.2 414.3 417.3 417.7 418.1 414.1 407.8 398.4 392.2 386.1 381.5 379.2 380 374.8 368.2 361.8 357 350.6 347.4 344.9 340.2 334.8 335.7 336.4 337 336.6 337.9 339.3 340.6 344.2 346.6 353 358.1 364.6 367.3 369.7 373.8 377.2 379.2 379.9 378.9 378.2
317.2 315.1 320.1 325.4 328.2 332 336.4 342.4 345.9 350.6 352.5 357.3 359.5 364.1 371.3 374.8 378.8 381.6 382.9 385 387.3 388.6 388.5 383.9 385.6 386.3 389.6 392.2 397.6 399.8 403 406.3 409.1 411.6 414.5 415.6 415.8 416.1 416.5 417.2 415.4 412.3 403.3 397.4 386.1 379 374.5 368.9 366.6 364.4 360.2 356.8 353.4 349.2 342.4 339.5 337.3 337.9 337.4 339.2 341 342.7 347.5 349.7 344.7 350.6 357.2 361.2 366.6 370.2 373.5 375.9 380.2 383.3 386.1 387.1 386.7 385
309.1 315.2 319.5 324.1 327.9 333.7 339.6 345.8 348.1 354.6 355.8 359.7 364.1 366.4 372.3 378 383.3 384.4 385 385.9 388.9 390.6 390.1 389.3 389.9 391 390.8 393.7 400.2 403.8 407.8 408.9 410.4 414.1 415.5 415.3 416.7 415.2 415.8 416 413 409.2 400.8 393.7 383.6 375.4 369.3 366 362.8 356.5 354.1 350.7 348.3 345.4 341.6 340.6 339.1 340.8 341 342.4 344.2 348.6 351 353.6 355.3 355.8 361.4 365.6 369.2 373.9 376.7 381.4 387.2 390.3 393.7 394.4 393.6 392.7
308 312.9 316.8 321 327.4 332.2 339.3 344.9 349.3 352.7 357.6 361.7 364.4 370.2 374.1 378.1 380.9 383.2 386.9 387.7 390.1 392.1 393.8 394.8 395.9 396.8 397 398 403.4 406.6 410.6 411.8 414.1 414 414.8 417.1 417.7 417.6 416.8 415.9 413.9 409.6 399.5 390.7 381.9 372.9 364.1 361.7 358.3 353.8 350.2 348.4 345.2 342.8 342.3 344.6 342.7 342.9 342.3 343.5 346.4 349.6 352.8 356.1 360.1 363.3 366.7 370.9 374.4 379.2 383.7 389.4 394.2 397.7 401.9 401.6 402 401.8
303.6 312.4 318 320.6 325 329.9 334.5 341.6 348.3 350.7 355.3 358.9 364.4 369.6 375.5 379.8 383.3 384.2 386.7 388.6 389.2 390.5 393 395.5 396.5 397.6 398 401.2 404.2 408.3 413.4 416.6 418.7 418.7 420 423 425.9 423.1 419.3 415.7 411.2 408.2 402.6 393.2 382.7 373.7 368.1 359.1 356 353.7 351.9 354.1 349.1 347.6 345.1 347.6 346 344.7 345.4 345.2 349 352.7 356.2 360.6 366.8 371.2 373.4 377.2 383.8 389.3 393.2 398.2 404.6 406.9 408.8 410 410.5 409.9
306.6 311.8 315.4 319 329.2 331.5 332.3 336.3 347 350.1 354.3 358.7 363 368.3 374.4 380.1 383.4 390.5 394.8 394.8 395 395.7 395 396.9 398.3 400 404.4 408.4 410 412.4 416.2 418.3 420.6 421.7 426 430.1 429.7 427.3 420.5 417.7 413.5 408.2 401.2 393.5 382.9 373.9 370 361.9 360.2 360.5 359.3 356 353.9 352.6 350.5 352.2 348.8 348.9 348.6 349.4 356.6 356.8 361.1 366.4 371 376 379.7 383.2 390.8 399.7 405.3 409.5 413.6 416.3 417.4 418.4 418.4 418.6
305.4 311 315.3 320.1 328.4 332 332.6 338.8 344.6 347 353.2 358.6 362.4 367.5 372.6 377.2 386 391.9 395.1 396 396.2 396.8 397.8 399.8 401.8 404.9 408.9 411.6 414.5 417.6 420.8 423.8 424.8 426.8 430.2 430.5 430.8 429.4 425.7 422.9 418.1 411.9 404.3 395.1 389.3 378 372.3 366.2 362.6 366 363.4 366.8 360 359.5 357.3 358.6 357.6 354.3 352.9 356.8 362.2 365 364.8 370.9 375.1 381.9 388.1 393.9 400.6 410.2 415 418 422.2 425.4 426.1 427.6 427.8 428.3
