WholeMapElevations/data/nj/nj42_OST50GRID_20230518/NJ42.asc
ncols 200
nrows 200
xllcorner 340000
yllcorner 820000
cellsize 50
[rows 105 to 139 of 200, columns 0 to 77 of 200]
380.3 382.8 386.1 389.9 393.7 397.5 401.3 405.1 407.9 411 413.6 416.4 419.2 422.2 424.4 426.6 430.1 434 435.7 438.7 441.3 442.4 443.8 445.2 445.5 444.8 443.1 442.2 441.5 441.2 442.4 444.8 446.8 448.9 450.9 449.9 449.2 449 448.8 447.5 447.1 445.5 445.7 443.6 442.3 439.8 436.4 433.9 431.9 429.2 425.7 421.9 419.3 416.4 413.3 409.4 404.9 397.5 392.6 391.8 390.7 391.6 395.1 397.2 398.6 400.9 402.1 403.1 404 404.6 404.5 403.6 401.3 403.2 404 404.1 403.9 403.4
383.1 386 389.3 392.8 396.6 400.3 404.1 407.9 412.2 414.2 416.9 419.9 422.5 426 429.7 432.9 435.9 438.8 441 442.8 444.6 446.2 447.3 448.4 448.6 449.4 449.2 447.6 447 446.7 446.3 448.4 450.8 452.8 453.9 453.6 453.4 452.7 452 450.2 448.7 447.1 447.1 445.1 442.7 441.3 439.5 437.2 436.9 433.8 430 426 421 417.3 413.7 407.6 403.1 397.9 396.2 395.8 395.9 398.9 401.2 402.5 404.1 406.3 406.7 407.7 408.8 409.2 409.3 408.7 407.7 404.1 406.5 407.1 407.2 407.6
386.6 389.1 392.6 396.5 400 403.6 407.1 411.6 415.2 418.6 420.7 423.6 427.8 432.4 436.3 439.5 442.7 446.1 447.9 449.7 451.2 452.4 453 453.6 454 453.9 453.1 452.4 452 452.2 451.8 453.2 454.9 456.2 457.3 457.6 456.4 455.8 455.1 453.4 451.6 450.2 448.9 446.3 443.9 442.2 440.5 438.1 437.1 435.6 433.6 428.9 422.5 416.1 412.2 406.3 401.8 400.6 400.2 401.1 402 405 406.6 407.9 409.5 411.4 411.8 412.3 413.8 413.7 412.6 413.2 411.7 404.7 408.5 410.2 410.4 411.9
391.7 393.1 396 399.9 403.7 407.2 410.7 415.2 419.6 423.7 426.2 429.4 434.2 439.6 443.6 447.5 451.1 453.2 456.2 456.5 458.6 460.2 460.4 460.6 460.7 460.6 460.3 459 458.9 459.6 459.9 459.4 460.4 460.8 461.4 460.8 459.5 458.3 457.8 456.9 455.5 453.4 450.3 447.6 445.2 442.5 440.1 437.7 434 431.1 429.2 425.5 420.5 415.9 406.9 406.7 404.7 404 405.2 406.6 408 410 412 413.4 414.7 416.5 417.8 418.1 418.8 419.1 418.3 416.9 414.8 411.1 413.3 413.6 413.8 415.5
396.3 397.4 401.5 404.5 407.5 410.9 414.4 420.4 425.6 431 435.2 439.2 443.1 447.9 453.1 457.9 460.7 464.8 467.9 465.8 468.8 469.6 470.1 470 468.9 468.6 467.9 467 468.3 469 468.1 467.3 466.2 465.7 465.3 464.5 463.1 461.6 460.2 459.3 457.6 455.2 452.4 449.3 446.7 443.6 440.9 438.1 434.4 430.7 426.8 422.3 416.3 412.2 412.8 411.3 408.9 409.1 410.5 412.5 413.4 414.7 417.7 418.9 420.2 421.5 423.6 424.5 423.9 425 423.5 421.4 419.3 417.7 417.6 417.2 418.1 419.4
403.4 405.3 410.4 412.2 414.7 420.7 424.7 428.1 434.3 440.5 447.4 451.8 457.1 462.4 467.2 468.8 472.3 477.9 480.3 481.5 481.6 480.9 481 479.3 478.2 477.4 476.1 476.3 477.9 477 475.9 474.9 473.4 471.3 469.6 468 467 465.4 463.6 462 459.7 457.4 454.7 451.5 449.1 445.5 442.2 438.6 434.8 430.5 426.1 421.6 415.7 415.7 416.1 416 415 414.6 416.7 417.5 418.6 419.5 421.5 423.1 424.8 427 429.1 430.5 431.3 431.3 430.9 429.5 426.8 425.5 425 424 423.5 424.1
411.6 417.1 421.2 424.7 425.3 430.9 436 442.4 448.8 455.3 461.2 468.3 474.1 479.5 483.6 484.5 491 493.7 495 494.8 494.1 493.4 491.6 489.2 488 487.5 487.1 485.4 486.8 485 483.6 481.8 479.5 477.3 475 473.2 471 469.2 466.8 464.6 462.3 460.1 457 455.2 450.8 447.4 443.2 439.2 435 430.3 425.7 420 420 419.7 419.5 419.9 418.9 420.1 421.2 420.8 422.3 423.8 425.5 427.1 428.9 431.2 434.3 435.8 437.4 438.5 438.6 437.5 435.5 433.8 435.6 434.9 433.1 432.8
420.7 427.2 431.5 434.6 438.2 439.4 447.3 456.6 465.3 473.6 482.1 490.7 497.9 501.1 503.2 505.1 506.7 507.9 508.8 508.9 507.5 505.5 502.9 501.4 499.9 497.6 497.1 494.9 495.1 493.7 491.2 487.8 485.4 483 480.3 477.2 475.1 473 470.2 467.4 465.8 462.8 458.8 456.1 452.8 448.4 444 439.1 435.3 428.8 424.8 423.9 425 424.5 424 423.5 423.8 424.8 424.1 424.5 426.1 428.6 430.3 431.2 433.1 435.6 438.8 441.1 442.6 444.5 445.1 447.4 446.1 446.4 447.5 445.8 443.2 442.1
428.9 435.8 440.4 444.6 448.1 450.2 457.4 469.2 480.9 493.4 505.6 513.1 522 529.8 531.1 529.4 526.2 524.1 522.7 522.5 519.6 516.9 514.1 512.4 510.6 508.5 506.7 505.3 506 504.1 499.2 495.3 491.4 488.8 484.6 480.9 478.8 476.4 474.1 471.7 469.2 465.2 461.1 457.3 454.4 450 445.5 439.6 430.6 430.6 429.1 427.7 429.6 429.4 428.9 428.8 428.9 430.3 430.6 431.6 435.7 435.8 437.2 437.5 438.2 442.4 443.8 446.3 448.3 450.2 451.1 453.3 454.4 454.4 455.6 454.9 450.7 448.7
435.4 443 448.6 453.2 456.7 460.4 466.4 478.7 491.5 504.2 517.5 525.8 537.1 548 552.3 552.7 548.1 546 544.9 541.1 534.1 530.1 528.2 525.3 521.9 519 516.8 515 514.4 513.3 506.8 502.5 498.5 494 489.3 485.1 482.2 479.5 477 474.9 471.5 467.9 464.8 461.1 456.9 452.3 447.6 441.4 435.2 433.9 432.6 431.9 433.5 434.4 434.2 434.3 435.8 438.4 441.3 441.5 447.2 449.2 446.6 447.6 449.7 450.4 451.2 452.5 454.1 455.8 457.3 457.9 455.4 460.3 460.9 459.5 456 453.6
441.5 447.2 455.1 460.1 464.8 469.9 477.4 486.2 498.7 511.4 524.6 537.5 549.6 562 569.3 570.3 566.2 561.6 557.3 554.2 549.2 547.3 544.8 539.4 534.8 531 528.5 525.6 523.2 518.4 514 509.3 504.8 500.4 496.3 492.2 486.9 482.4 480.3 477.9 475.6 471.7 467.5 463.6 459.9 455.5 448.4 441.4 439.2 436.8 436.5 436.7 438.1 439.3 439.5 440.9 442.7 446.2 449.5 453.1 458 460.5 462.1 462.1 462 462.3 460.9 460.9 461 462.7 463.5 463.9 462.7 459.9 460.9 460.1 458.1 456.3
444.5 452.5 460.3 467.2 473 480.1 487.4 496.6 507 516.7 529.3 541.9 554.1 566.8 577.4 583.9 583.5 578.8 574.4 572.8 570.8 566.4 561.3 556.6 549.1 547.4 543 540.4 536.5 531.2 525.3 518.7 512.6 508.4 505 500.5 495.4 489.9 486.4 483.8 479.9 476 471.6 467 463.4 457.3 448.3 445.4 443.8 441 440.8 441.5 442.9 444.1 445 446.8 449 452.7 456.5 460.1 465 468.3 471.7 473.8 475 476.1 480.9 481.3 481.9 480.2 478.1 474.1 470.9 470.4 459.3 463.7 459 456.2
449.5 457.3 465 472.8 479.8 487.5 495.1 504.8 513.1 522.9 533.4 544.7 555.7 567.1 579 588.5 595.3 597.3 596.3 594.3 590.6 585.9 579.5 572.4 567.8 562.5 556.7 553.4 548.5 543.4 537.9 530.2 522.2 516.5 513 507.5 502.7 497.3 493.1 489.3 486 481.9 477.3 472.6 466.7 460.2 450.3 449.5 449.5 445.7 446.3 446.3 447.6 448.9 450.4 452.8 455.1 458.6 462.2 463.8 471.8 475.3 479.4 483.3 487.4 491.9 496.3 500 503.8 505.6 504.8 498 491.5 473.1 472.7 466.7 462.9 457
452.4 459.8 468.3 476.7 483.9 491.7 499.9 508.7 517.9 527.2 536.5 546.4 557.3 567.1 578.8 590.9 600.4 607.4 611.1 611.4 607 603.2 597.9 589.6 582.8 576.5 569.8 566.6 560.6 555.4 548.6 541.7 535.1 527.3 520.5 514.6 510.2 504.5 499.1 494.4 490.5 486.3 481.8 476.7 469.1 462.1 457 458 456 452.2 453.3 452.4 452.4 453.7 455.4 456.8 459.2 463 467.2 466.8 477 481.5 486.3 491.3 496.5 501 504.8 508.9 512.9 514.5 514.3 511.5 507 496.9 485.7 468.7 469.2 462.5
454.7 462.9 471.5 479 486.5 493.2 500.7 509 518.2 527.7 537.1 546.8 557.6 568.4 580.1 591.4 603.1 612.8 620.6 622.6 621.3 616.9 610.8 604.4 597.3 589.5 583.1 578.5 573.1 566.9 559.3 551.6 543.9 538 531.8 524.8 518.9 512.1 504.7 498.2 493.9 489.7 485.4 478.9 465.7 464.4 466.7 464.7 462.5 462.8 461.8 459.1 458.1 458.6 460.1 461.6 463.7 467 469.6 473.4 481.1 486.8 490.7 495.9 501.8 506.8 511.5 516.1 518.7 519.8 519 516.8 513.3 508.4 502.9 492.3 465.8 465.7
461.2 465.9 473.8 479.9 485.7 493.1 500.9 509.1 518.8 528.3 537.7 547.3 558.3 570.1 581.3 592.7 604.2 615.6 623.8 629.9 629.3 625.8 620.4 615.4 609.2 602.5 596 590.9 584.6 578 570.9 563 556 549 541.5 533.8 527.2 518.5 510.6 501.6 496.6 492.3 487.3 477.3 472.3 474 472.8 470.7 470.4 469.5 468 465.8 463.7 463.6 465.1 466.6 468.2 471 473.1 474.9 484.8 491.9 495 500.3 506 510.4 515.5 519.7 522.2 522.8 521.1 517.4 514.8 510.2 504.2 498.3 479.2 459.2
466.3 469.3 473.2 478.5 484.8 491.9 499.7 508.5 518.2 528.1 538.1 547.7 558.4 569.7 582 594.6 607.2 617.5 628.3 634.4 634.9 632.5 628.6 624.5 619.2 614.2 609.2 602.3 595.3 588.3 579.6 573.3 565.9 558 550 542.3 533.5 523.3 515 506.4 500.7 495.2 488.5 480.7 480 480.1 478.4 477.8 477.9 476.8 473.6 471.8 469.4 468.7 470.6 471.6 472.8 475.6 479.3 483.7 488.8 497.2 502 507.9 511.2 515.5 520.1 523.6 525.5 525.5 522.4 518.2 512.5 507.8 502.7 500.1 493.1 474.8
468.6 469.1 472.7 477.1 483.9 490.8 498.5 507.9 517.4 527.2 536.9 547.2 557.9 569.5 582 595.3 609.1 621.1 631.4 638.2 638.5 637.5 635.7 632.4 629.2 624.4 619.5 612.6 605.6 598.3 589.3 581.7 572.9 566.1 557.3 549.4 539.9 529 518.6 509.3 503 496.6 490.7 484.4 487.2 485.9 484.3 484.5 484.1 482.8 480.8 478 477.1 476.6 477.6 478.5 478.3 484.2 488.3 487.3 499.9 507.4 513.7 518.9 525.7 529.6 532.1 534 531.1 526.8 522.1 516.5 510.5 506.9 503.4 499.3 493.4 484.2
466.2 467 469.7 474.2 480.9 488.3 496.5 506.4 516.3 525.7 535.6 545.7 557.8 569.4 581.8 595.5 610.7 623.7 634.8 642.4 644.5 643.4 642.8 640.7 638.1 634.2 629.7 623.6 615.9 608.3 599.3 590.5 581.8 573.1 564.2 553.9 544.1 532 522 512.7 506.1 498.2 490 492.2 493.1 492.3 491 490.3 490 489.1 488.6 487.6 486 485 484.9 486.2 485.6 487.6 494.4 501.4 506 515.9 520.6 526.1 529.6 534.7 537.6 538.2 535.7 530.3 521.6 514.1 509.3 504.4 498.9 494.4 487.3 480.7
462 462.1 464.7 470 477.4 484.8 492.4 501.3 510.4 520.9 531.9 542.8 555.1 568.5 580.2 595.4 611.9 625.5 637.7 645.1 650.4 650.4 650.2 648.4 647.1 644.5 640.1 634.3 626.7 618 608.4 599 588.9 579.3 569.6 559.5 549.3 533.2 524.8 516.5 509 499.7 497.8 499.2 498.4 498.6 498.5 499.1 499.2 498.2 498.2 497.3 494.8 493.2 492.8 493.8 495.3 497.9 499 508.1 511.5 520.9 525.1 528.9 532.2 534.6 535.8 534.7 532.6 525.2 520.5 513.2 507.8 501.7 495.2 488.5 482 475.8
453.1 454.2 458.5 464.7 472 479.8 487.3 495.2 505.6 516.5 527.7 539.7 553.7 566.7 578.8 595.5 612.6 627.5 640.1 650.1 655.5 657.5 658.7 658.5 657.2 655.1 650.7 645.6 638.2 628.7 618.6 605.8 594.8 584.3 574 563.4 550.6 535.8 527.6 519.9 512.2 503 504.2 505.2 504.7 505.4 506.6 506.8 506.9 507.3 506.1 505.7 502.3 502.1 501.4 501.4 502.4 504.8 508.5 514.2 519.5 524.2 528.4 530.3 531.6 531.6 531.3 528.5 525.1 518.4 512.5 506.7 501.5 495.3 490.5 484.3 479 470.5
440.6 445.5 451.8 456.4 463.5 472.6 479.9 489.7 500.6 512.5 526.1 540.4 554.2 566.9 581 597.8 614.4 629.5 643.9 654.3 661.4 665.2 668 668.5 667.8 666 663.6 658 649.4 639.9 627.3 615 601.3 588.9 577.4 564.5 548 538.8 531.4 524 515.7 509.4 511.1 512.2 512.6 512.7 513.2 513.5 514 515.5 514.9 511.8 509.6 507.8 507.3 507 509.1 509.5 514.2 518.8 521.1 521.7 529 530.3 529.1 527.8 525.8 523.4 517.5 512.3 506.8 500.8 493.2 487.5 484.2 478.8 474.2 470.8
434.2 441.9 449.2 455.9 462.3 472.1 481.5 491.2 501.3 513.1 528.1 542.3 555.5 568.7 583.3 601.3 618.6 634 646.5 657.1 666.1 672.2 675.9 678 679 678.1 675.6 667.8 656.9 646.7 634.5 621 606.7 590.9 579.9 563.6 551.3 542.4 535.7 527.4 518.1 516 518 518.3 519.4 520.1 521.1 520.7 521.1 522.7 520.9 519.2 517.5 515.7 515.3 514.8 516.2 517.5 521.3 523.5 524.8 525 524.9 525.7 525.5 523.2 520.2 515.7 510 503.3 498.1 489.8 485 480 475.7 471.4 466.4 461
438.9 445.7 452.8 460.2 468.6 477.7 486.5 495.4 506.5 518.3 530.7 545.1 558.4 572.9 587.6 605.1 622.1 636.9 649 661 670.9 678 682.7 687.5 690 688.6 684.8 676.8 665 651.9 639 625.3 611.7 597.8 583.6 569.8 556 546.3 539.3 530.8 518.4 525.5 526.4 527.3 527.9 528.1 528.7 529.7 529.7 530.1 527.7 525.2 523.4 521.4 521.9 523.1 523.4 522.7 526.3 526.2 526.8 526.3 523.7 523.2 521 518 514 509 503.5 496.1 489.6 483.3 477.7 472.2 468.1 464 458 452.4
445.1 452 458.9 465.9 474.9 484.3 493.2 502 512.7 523.4 536.2 548.9 562.3 576.4 590.5 606.8 625.3 639 651.3 663.2 673.2 681.9 687.4 694.2 699.1 696.8 688.9 679.6 667.1 654.9 641.4 628.2 614.5 599.9 586 573.1 558.9 549.5 542.6 532.3 531.3 535.3 536.3 537.4 539.3 540.4 541 540.4 539.5 538.8 535.4 531.9 529.3 528.5 529.2 530.5 530.3 530.1 530.8 530.3 529.5 526.4 523.8 521.1 516.9 513.6 508.8 503.4 497.7 489.2 483.5 477.5 471.1 466.4 462 458.1 452.1 445.2
450.5 458.5 465.4 472.2 480.6 489.7 498.9 508.9 518.6 528.6 540.6 551.3 563.4 577.4 591.6 607.1 625.3 639.5 651.6 662.8 673.3 684.3 692.1 699.8 706.4 704 695.4 680.5 667.1 656 641.5 628.5 616 602.8 587.5 574 562.2 552.5 544.9 531.8 541.2 544.5 546.3 549.9 552.8 555.6 556.7 556.2 553 549.4 545.3 541.4 536.3 532.9 534.4 536.1 537.4 537.1 534.6 533.9 531.8 527.8 522.9 519.1 513.9 509.1 504.7 498.3 492.1 483.7 477 471.5 466 461.6 456.8 452.2 446 439.8
454.7 464.1 471.2 476.8 485.2 493.6 502.7 513.1 522.9 532 541.7 552.4 564.3 578.4 593.3 608.8 624.9 637.9 649.4 662.1 673.1 685.3 694.2 702.7 714.5 710.3 700 685 669 655.8 640.3 627.3 615.3 602.8 589.7 576.7 564.3 555.8 546.2 544.5 549.8 553.3 557 563.5 568.9 573.6 573.7 570.6 566.4 560.9 555.4 550.9 547.4 544.4 540.3 540.2 541.2 542.7 539.9 538.2 534 529.1 524.1 518.1 513 507.6 501.8 495.4 487.5 480.3 473.7 468.3 463.1 456.5 451.3 446.4 439.6 432.8
459.1 467.8 474.2 479.6 487 495 503.9 513.6 523.6 532.7 541.9 551.8 564.5 577 591.7 607.5 622.6 635.2 646.8 659.6 671.9 683.6 693.6 704.1 716 710.4 700.1 684.9 670.6 656.6 640.1 625.8 615.4 603.1 590.6 578.6 567.8 558.5 547.8 551 556.7 561.4 569.3 576.3 585.2 587.8 586.8 582.2 575.2 568 563.5 558.9 556.6 554 551 547.1 544.9 544.3 543.5 541.3 536.2 530.7 525.4 518.9 513.4 507 501.4 494.3 486.1 478.6 471.3 465.6 460 453.9 447.8 441 433.3 425.1
459.6 468.5 475.7 481.1 487.9 495.3 503.7 513.3 522 530.6 540.5 550 561.9 574 588.5 604 618.9 632.3 644 656.4 670.1 680.2 691.6 698.7 709 705.1 694.6 684.2 670.5 656.5 640.7 626 614.4 601.3 589.6 581.1 570.9 562.1 550.6 557.1 563.9 569.7 576.4 582.1 589.7 594.8 591.9 587.4 580.1 573.6 569.2 564.8 561.6 559.7 556.2 554.2 549.1 547.1 546.7 542.9 537.6 531.7 525.4 519.6 513.2 506.6 500.3 493.3 485.9 478 471 464.9 460 453.6 446.8 439.5 430.9 420.5
457.4 466.6 475.2 481.2 487.8 494.4 501.2 509.2 518 527.2 536.1 546.5 557.8 570.7 585.7 600.8 614.6 628 640.1 652.8 666 674.8 686.8 694.3 698.5 696.7 690.4 681.4 669.3 655.5 639.6 625.6 612.5 599.3 590.4 582.5 573.6 563.4 561.1 566 570 575.6 580.3 585.1 591.7 595.6 595 590.7 585 579.1 574.2 569.8 566.1 563.4 560.7 556.3 552.1 548.8 546.5 542.1 537 531.4 525 518.5 512.3 505.7 498.4 491.1 483.9 477 470.7 464.5 459 452.6 445.7 438.3 431.5 421.8
451.4 461.1 470.7 478.1 484.6 491.3 497.6 505.2 514 523.3 532.2 542.9 553.7 566.7 581.5 596.6 612 624.6 637.2 649.8 661.9 670.3 677.8 685.6 690 688.3 684.8 676.9 666.7 653 636.4 624 611.5 600.5 592.6 583.2 573.7 566.4 570.1 571.8 575.6 580.6 584.6 589.4 595.3 598 596 592.4 588 582.3 576.9 572 568.8 565.7 562.4 558 551.4 548.1 543.6 539.1 533.9 527.8 521.3 515.5 508.5 501 493.3 485.8 478 472 466.6 462.1 456.7 451.4 444.3 436.6 429.6 420.8
442.2 454.2 464.4 472.1 480.6 487.6 494.7 501.5 510 519.2 528.2 539.1 551 564.3 578.3 593.4 608.6 622.2 634.6 646.1 656.7 665.2 672.2 678.2 682.3 682.5 679.3 672.4 663.3 651.2 637.4 625.1 612.7 603.3 595.1 585.2 577.7 572 577.4 579.6 582.7 586.5 591.4 594.3 598.8 599.8 597.4 594.2 590.9 585.6 579.6 573.7 569.7 567.2 563.3 557.5 550.3 544.3 539.2 534.2 528.4 521.7 514.6 507.8 500.8 492.2 484.6 477.4 470.7 463.9 458.4 454.6 449.6 445.9 440.3 434.6 426.4 418.2
442 443.7 458 465.9 476 483 490.3 498 506.7 516.4 525.9 536.4 547.7 561.6 575.4 590.3 605.1 618.6 630 640.5 650 658.9 666.2 672.3 677.3 678.1 674.7 667.2 660.4 647.7 636.7 626 614.6 606.1 598.4 591.4 585.3 578.6 584.3 586.4 589.9 594.7 597.8 600.7 603.2 603.7 600.3 596.3 592.8 586.7 581 575.7 569.5 565.3 560.6 555.1 547.5 540.2 534.7 528.7 521.3 512.1 504.7 497.9 488.3 480 471.7 461.5 453.5 448.3 444.2 442 438.7 437.1 433.7 429.2 422.5 414.6
451.3 458 462.1 466.2 474 482.5 489.9 497.5 505.2 514.7 524.8 534.5 545.2 556.8 571.2 586.1 600.5 613.5 624.3 634.1 643.2 652 659.8 665.5 671.6 673.1 671.5 665.9 657.1 647 635.2 625.3 616.4 609.2 601.8 594.9 590.4 583.7 590.8 594 596.7 600.2 606.2 608.5 608.8 608.3 604.8 600.7 596.1 590.3 584.1 576.5 569.5 563.4 557.7 551.2 544 536.5 529.8 521.1 509.7 502.6 493.8 486.3 475.6 465.8 454.5 447.6 439.4 433.5 429.2 426.9 425.6 424.9 423.2 421.4 415.4 409.7
459.3 463.5 467.9 471.5 477.3 482.7 489.7 497.3 504.9 513.6 522.4 532 542.7 553.4 565.6 580.1 594.3 606.1 617.6 627.5 636.4 645.2 653.4 659.1 663.9 668.9 669.6 665 658.4 647 635.8 624.1 617.3 611.2 604.6 600.7 592.6 592.3 597.6 601.8 603.8 609.1 612.9 617.3 619.3 617.6 611.4 605.6 599.7 593.4 586 577.8 571.2 561.6 554.6 547.8 539.6 531.5 523.6 514.7 506.5 497.6 488.3 476.2 463.8 453.4 445.6 440.2 431.2 424 418.4 415 412.4 410.9 409.2 406.1 402.9 399.8
