UK/data/sj/sj02_OST50GRID_20230518/SJ02.asc
ncols 200
nrows 200
xllcorner 300000
yllcorner 320000
cellsize 50
[rows 140 to 174 of 200, columns 0 to 77 of 200]
434.6 439.5 440.3 439 438.5 439.9 437.4 439.3 441.4 450.8 451 450.5 447.8 443.5 439.2 435.6 432.1 426.9 423.1 419.5 415.9 412.6 409 408 410.3 414.2 417.4 418.7 417.7 414.9 408 411 412.3 420 430.2 438.5 443 444.2 443.8 442.3 440.4 435.7 427 420.8 418.3 407.9 403.1 407.2 412.5 418.9 419.9 424.5 431.6 436.7 440.8 443.4 446.3 449.2 451.8 455.4 457.1 450.1 421.1 397.6 384.5 370.3 361.9 367.3 369.6 372.7 377.8 379.5 388 400.2 407.4 413.7 418.7 419.7
425.6 432.3 437 436.8 434.7 434.9 434.6 437.3 440.5 450.7 453.3 453.8 452.4 447.3 442.6 438.8 435.3 431.9 426 422.9 419.7 417.4 415.2 409.9 406.2 408.2 412.1 414.4 414.9 411.2 404.3 403.8 405.7 410 419.7 427.2 432.2 436.2 436.4 435.1 432.2 426.3 421.1 418 411.2 405.6 394.9 400.2 408.9 411.7 415.1 419.1 426.2 432.3 436 439.9 444.7 448.6 454.2 459.8 461.4 454.8 421.8 392.8 377.5 365.7 356.6 363.8 366.9 368.8 368.9 374.7 383.8 395.5 403.4 407.8 413.4 414.7
413.2 419.7 426.1 426.1 429 430.7 432.6 434.5 443.7 453.2 455.5 456.5 455.8 452.7 447.7 443.1 438.7 435.3 431.8 427.1 423 421.3 419.2 415.7 410.8 407.7 404.1 407.5 408.2 406.9 401 396.5 397.5 398.6 407.2 418.3 427.1 434.1 436 433.5 428.6 422.2 414.9 413.4 409.2 399 392 398.1 404.1 407.6 412.7 417.9 424.5 430.4 436.5 439.7 444.6 451.2 457.9 462.7 464.2 457.7 417.8 388.2 369.8 359.7 353.7 359.5 361.1 362.6 363.4 366.3 374.8 388 394.2 398.4 403.6 406.1
402.1 403.7 411.1 415.4 419.3 430.5 431.6 434 443.8 453 456.5 457.3 457.5 455.5 451.6 446.6 441.4 436.9 433.3 430.1 426.3 424 421.5 419.3 417.2 412.1 409.1 403.8 398.3 397.6 392.4 391.3 388.3 391.8 395.4 406.1 417.9 429.9 435.6 432 426 417.9 412.6 402.3 399.2 392.2 388.3 395.9 401.6 406.7 412.3 418 425.5 430.4 435.9 440.5 446.4 452.4 458.3 462.6 462.7 454.6 411.3 381.5 364 355 353.2 354.7 356.5 356.5 358.4 360.4 365.8 373.3 382.1 388.2 391.6 394.7
387 389.3 398.3 404.7 418.1 432.3 436.8 434.9 441.7 450.5 455 457.2 457.4 456.3 453.5 449.2 443.2 438.5 434.3 430.4 427.4 425.1 422.5 420.2 418 415.4 412.1 406.8 403.1 404.2 403.1 395.1 387.6 383.6 388.3 392.4 405.7 411.8 416.4 419.2 418 409.6 404.2 395.9 387.2 387.4 385.8 393.1 399.2 406.5 416.5 420 429.1 434.8 437 438.9 444.6 452.2 459 461.2 458.5 443.6 407.1 378.8 363.6 354.6 347.3 349.7 350.9 351.2 352.8 355.8 362.3 368.9 375.6 382.2 385.1 384.9
369.7 376 387.4 402.4 419.9 432.5 439.1 438 439.6 446.5 452.1 455.7 455.4 454.6 452 448.5 444.1 438.9 433.7 429.5 426.4 424.1 421.7 419.5 417.1 414.6 411.8 405 405.2 409.3 410 404.6 393.5 387.2 379.5 383.3 391.3 402 407.7 407.7 398.4 393.6 389.1 384.1 381.9 381.8 385.2 390.9 400.3 411 421.9 424.5 425.4 430.5 434.4 436.1 443 452.6 455.9 453.2 439 416.5 397.3 378.1 365.3 353.6 343 342.2 340.4 344.3 346.3 352 358.4 364 370.1 375.4 379.4 379.6
352.9 362.1 379.3 399.2 418 431.7 438.2 440.6 439 440.7 448.7 452.6 452.2 452 449.7 446.5 442.6 437.3 432.1 427.8 424 421.4 418.5 416.2 413.6 410.7 407.8 404.3 405.7 410.4 411.3 406.9 400.6 391.5 381 376.5 381 387.4 388.4 386.4 384.1 381.9 378 378 378.7 381.5 385.8 391.3 399.7 408.8 414.1 418.8 422.3 427.5 433.9 431.9 437.3 440.5 437.2 423.5 411.1 397 383.5 369.1 361.1 349.8 338.8 327.3 332.2 336.7 339.5 343.4 349.3 355.8 362.9 369.1 373.7 375.7
342.7 353.4 368.5 391.1 416 432.7 437.4 440.9 439.8 439.6 442.7 448.7 450.9 450.6 447 442.8 437.8 434.2 429 424 420.7 417.8 414.6 412.3 408.7 406.4 404.5 403 403.3 405.4 406.2 404.4 399 391.3 383.5 376.8 374.8 374.9 374.1 374 374.8 374.5 375.2 375.6 378.4 382.7 387.6 394.2 405.5 418.5 425 427.4 423.7 425.5 425.5 425.3 424.5 422.2 416.8 403.2 390.5 380.2 367.1 358 350.7 341.7 332.4 320.5 321.4 323.5 329.6 331.4 336 343.2 352.1 359 366.3 368
335.7 341.9 363 386.1 412.7 431.4 437.5 439.1 439.7 439.2 439.4 443.4 447.2 449 447.2 444 439.2 431.4 426.9 422.1 415.6 413.4 410.2 407.2 404.3 401.9 399.8 398.3 398.9 399.1 398.7 398 394.4 389.9 381.1 377 375 372.9 372.9 372.8 373 373.3 373.8 374.5 378.8 384.3 395.6 404.5 412.1 428.2 441.5 438.8 436.6 429.8 427.8 431 430.8 425.6 414.9 400.5 388.2 375.7 361.8 345.4 337.6 331.4 325.7 318.9 314.6 313.1 318.3 320.1 323.9 327 336.1 347.6 353.1 352.2
328.8 335.2 355.5 380.2 404 422.6 433.1 434.7 436.4 438 438.3 443 445.6 447 446.6 444.9 441.6 434 427.2 423.6 418.9 413.3 409.1 404.9 399.8 396.8 394.7 393.5 393.3 393.5 393.2 391.9 388.2 384.7 378.2 373.5 373.1 373.1 372.3 371.8 371.8 371.9 373 374.8 380 390.7 403.5 413.9 425.3 435 450.1 455.6 440.8 430.2 430.2 432.1 433.6 430.3 428.9 416.8 400.7 381.6 361.9 345.5 338.7 329.7 322.1 315.8 310.7 303.9 308 309.5 312.6 318.7 326 337.6 340.3 341.4
323.5 330.5 349.1 369.9 392.4 414.1 426.5 430.2 431.5 436.1 437.3 440.6 444.7 447.9 450.2 448.7 444.7 439.9 436.1 430.6 423.2 416.4 411 408.1 402.5 398.3 393.5 388.3 388.5 388 387.7 384.1 383.1 379.7 375.9 373 372.2 371.7 371.5 370.8 370.6 371.5 373.2 377.5 384 396.3 412.9 426.3 438.6 443.9 452.3 447.6 436.2 430.1 423.6 427.9 429.9 432.7 434.5 432.8 404.7 381.9 359.7 347.1 339.4 329.9 320.4 312.6 304.4 296.6 297.6 298.4 302.3 310.1 317.6 321.3 323.2 321.7
318.6 326.9 343.4 366.9 388.1 412.8 419.6 423.1 425.7 430.2 437.2 438.4 441.9 447.8 452.4 452.7 450.2 447.5 444.1 438.5 431.2 423.8 416.3 411.9 406 400.3 396.5 391 386.7 383.2 380.6 378.5 377.2 375.6 374.4 373.3 372.1 372.2 371.6 370.6 369.4 370.8 374.7 380.3 386 398.9 420.2 437.2 442.9 441.6 441.5 434.7 421.7 416.6 414 416.5 424.3 431 435.4 431.1 403.6 384 362.2 346.4 337.7 327 313.1 303.1 291.7 286.5 287.1 287.1 291.5 299.7 303.2 305.7 307 306.1
309.3 327.1 342 364.9 385.6 401.7 411.4 416.4 420.2 427.8 437.1 439.9 441.2 443.9 449.5 454.4 453.4 450.6 448.2 443.4 434.5 425.7 419.4 413.8 407.9 403 398.1 393.7 389.6 386.8 383.7 381.1 378.7 377.8 376.1 373.7 372.7 371.9 372.5 371.3 369.8 369.1 374.7 380.9 387.5 402.6 420.5 440.4 443.8 439.9 438.3 428.9 411.3 404.7 408 416.5 426.5 434.3 435.1 419.1 398.9 382.1 366.4 351.8 340.4 328.1 311.8 296 286.8 275.4 278.6 280.5 281.8 286.6 287.5 287.5 287.7 285.1
314.6 324.3 339.7 358.8 376.6 389.8 395.9 403 414.5 432.5 439.3 444.4 443.9 442.3 444.9 451.5 453.2 451.2 448.2 443.8 436.3 430.3 424.2 418.7 412.5 406.3 401.4 397 392.9 389.3 386.9 384.5 382.4 380.8 379.7 377.3 374.9 376 377.5 379.3 375.8 371.9 372 378.7 386.5 400.1 421.6 437.8 444.1 439.6 428.3 409.7 400 402.4 410.9 417.9 427.6 432.8 433.5 415.3 396.2 380.3 365.2 350.2 335.9 333.5 321.9 308.4 294.2 280 266.6 273.2 272.1 271.7 270.3 263.8 263 264.6
308 321.8 336.3 348.5 364.6 374.7 378.8 391.2 412 426.3 438.3 448.8 449.1 443.6 443 448.2 449.8 448.7 445.5 440.7 435.9 431.7 427.1 421.6 415.7 409.8 404.6 400.1 396.3 392.7 390.1 388 385.9 384.4 384.2 381.8 380.2 381.4 382.5 384.1 385.2 381.9 375.9 367.9 381.9 395 419.2 436.1 439.2 432.5 411.3 396.7 397.6 403.2 411.2 416.7 425.2 428.3 417.6 400.5 390.2 379.9 370.1 357 351.2 344.7 332.4 318.4 301.9 285.6 269.9 264.4 264.3 258.3 255.4 253.2 251.9 248.3
314.1 325.8 334.6 343.2 356.1 368.8 380.3 403.4 415.4 420.7 432.9 442.2 448.8 447.8 446.2 443.3 445.1 445.4 443.7 440.7 437.1 432.7 427.7 421.8 415.8 410.5 406.3 402.3 398.5 395.3 392.7 390.8 388.8 388.2 387.8 386.6 383.9 384.4 386.3 388.6 391.7 392.9 387 373.6 374 388.6 410.6 426.4 421.3 415.3 394.9 395.5 396.6 400.1 408 413.6 419.6 417.3 410.6 405.9 408.3 398.8 388.5 376.5 367 355.2 341 325.4 309.3 294.1 276.9 262 258.8 256.7 254.8 253 250.6 250.2
321.1 331.8 337.8 344.5 360.5 377.6 394.7 412.5 421.4 428.4 431.2 436.9 442.7 445 441.9 441.1 440.5 439.6 439.4 438.1 435 431.2 426.2 421.2 415.9 411.4 407.2 403.1 399.8 397.1 394.8 392.8 392 391.6 391.2 390.3 390.1 389.7 391.2 393.6 397.1 397 393.9 375.8 363.8 378.1 390.4 400.2 400.3 392 393.7 396 395.1 399.7 407.2 414.4 425.1 429.5 430.9 426.8 425.2 417.5 406.3 392.4 378.8 364.2 350.8 337.6 321.9 308.8 292.4 272.8 262.8 257.4 254.6 254.3 252.7 253.1
324.5 335.9 338.9 348.9 368.3 388.5 409.9 419.3 426.7 434.9 436.8 438 438 440.8 437.4 435.9 433.6 433.2 433.8 432.7 429.9 426.1 422.5 417.8 413.2 409.9 405.8 403.6 400.9 398 395.9 395.5 395.2 394.8 394.6 395 395.2 395.1 396.4 397.5 397.4 395.3 391.4 378.3 360.4 373.8 385.9 386.1 386.7 386.8 387.9 390 395 401.7 406.3 412.1 420.6 431.7 436.2 438.3 438.1 431 418.6 405.8 390 373.3 362.5 352.2 334 322.7 306.6 293 281.8 276.6 269.1 267.5 260.9 256.3
321.4 334.8 339.9 358.4 380.3 403.5 416 424.2 429.5 432.9 437.6 438.6 438.3 435.5 434 430 425.6 425.5 429.3 427.8 424.5 421 417.9 413.4 410 407.1 404.6 403.3 401.5 399.1 398.3 398.3 398 397.7 398 398.8 399.1 399.3 400.5 400.1 398.9 395.6 385.5 375.9 360.6 370.4 378.7 381.2 383.4 384.6 386.2 391.2 396 399.8 406.9 414.7 421.8 433 439.2 442.1 440.9 439.1 429.3 414.3 392.9 372.8 362.2 352.5 341.6 329.4 320.3 312.7 304.1 295.3 286 277.6 268.7 261.2
313.8 330.7 342.5 366.9 383.2 401 415.7 422.5 427.7 435 435.6 437 439.2 437.5 434 429.7 422.8 419.6 418.2 423.6 421.1 417.1 413.5 410.1 406.7 405 404.2 403 401.7 401 401 400.9 400.8 401.4 402 402.5 402.7 402.7 402.7 400.9 397.8 392.1 381.3 367.5 354.8 362.4 378.8 380.3 381.2 383.2 387.3 392 397.1 400.5 405 412.4 425.4 435 442.6 445.1 443.1 441 433.4 415.1 392.9 374 361.2 354.4 345.6 337.1 326.5 321.7 312.1 297.4 287.8 283.1 277.4 272.3
312.2 327 349 375 389.7 403.9 411.3 417.1 422.9 427 429.3 435.9 438.1 439.1 437 432.3 426.2 419.3 410.8 413 417.4 414.3 411 407.5 404.3 403.1 402.7 402.8 402 403.6 403.7 404.1 404.6 405.6 406 406 405.8 405.2 403.8 401.5 396.5 390.2 379.8 363.8 352.6 363.2 372.6 375.4 375.5 381.2 388.1 391.6 396.9 403.4 406.2 414.2 425.8 436.5 440.7 446.1 443.8 441.8 434.4 419.4 400.8 383.7 367.1 358.5 349.7 341.7 331.3 322.8 313.7 301.7 289.4 283.6 286.3 282.3
307.5 328 354.2 373.7 391.7 403 409.4 412.2 415.4 416.9 421 424 431.6 434.4 434.3 432.8 427.8 418.9 409.1 406.6 405.5 406 403.5 402.4 401.6 400.9 400.8 401.6 402.3 404.1 405.8 407.3 408.4 409.1 409 409.2 407.8 406.2 404.3 402.4 396.9 390 380.9 367.4 358.3 350.6 360.2 358.6 367.9 377.6 383.4 391.9 401.2 403.6 411.8 421.9 433.3 436.7 439.1 442.9 443.3 438.3 431 420 403.6 386.7 370.1 357.2 350.1 343.6 333.7 321.2 312.6 301.4 300.7 298 295.6 291.4
309.7 337.9 361.2 381.2 392.5 401.4 404.4 407.4 408.7 412.4 417.3 420.4 422 426.6 430.7 435.1 429.2 423.6 413.9 406.7 402.6 400.8 400.2 399.6 399.6 399.7 399.8 400.9 402.1 403.9 406.3 408.3 410 410.8 411.1 411.2 410.6 408.8 407.2 405.3 402.2 396 384.8 372.6 357.9 348.3 350 354.2 364.2 373 384.2 394.4 404.1 416.5 423.1 428 433.8 438.7 439.6 441.9 441.7 441.2 433.2 420.1 401.2 384.3 368.6 357.7 351.7 345.3 337.8 324.6 320.1 314 309.4 307.1 304.6 296.6
311.5 340.6 366.3 383.7 392 397.2 401.4 402.3 405.2 408.1 410.5 414.9 418.6 420.6 424.6 428.9 429.2 424.3 418.9 411.2 404.1 400.4 398.2 398.8 399.5 398.6 399.7 400.7 402.5 404.5 406.4 407.7 409.5 410.1 410.8 411.4 410.7 409.5 407.9 406.1 403 397.8 386.8 372.9 355.7 345.5 354.2 359.9 365.1 381.2 391.8 402.2 409.1 424 430.1 436.9 440.8 440.4 442.8 444 445.3 446.2 437.3 418.7 401.8 382.6 366.5 359.6 352.6 347 341.6 335.4 329.6 325.2 320.4 315.8 313.8 312.2
307.3 336 356.1 375.3 387.8 393.2 398.1 399.3 397.9 403.3 403.8 405.7 410.6 416.3 421.4 424.6 423 419.4 415.1 409.8 402.9 397.5 398.7 401.2 401.3 401.4 402.6 404.2 406 408 409 410 410.6 410.4 410.1 410.1 409.5 407.5 405.3 402.3 399.3 393 378.2 365.5 347.1 345.6 360.2 368.3 377.3 385.4 401 411.1 417.2 423.7 435.7 441.6 444 446.2 445.8 444.6 444.6 445.4 434.6 417.5 398.6 375.8 362.5 358.9 354.9 351.1 346.7 340.8 335.7 330.7 326.7 323.7 318.4 317.8
299.5 323.8 343.3 359.1 374.2 382.9 389.2 393.9 393 393.1 394.6 398.7 407.1 412.6 417.1 418.9 420.9 417.1 409.8 404.4 396.6 391.8 399.3 403.5 404.8 405.1 405.3 406.1 407.3 407.6 408.8 411.7 411.3 410.8 411 410.2 409.1 407.4 404.1 400.1 393.4 381.8 366 353 340.6 353.2 366.2 382.3 388.4 395.5 403.2 416.4 428.9 430.4 435 442.3 445.1 450.5 448.1 447.2 446.3 442.6 430.7 412.2 393.2 371.2 363 362.4 357.8 354 350 345.6 342 336.8 332 327 326 322.6
290.7 309.9 328.8 345.8 361.1 371.6 378.7 382 381.4 383.9 384.7 392 406.4 412.9 412.4 411.5 409.6 407.3 403.5 396.4 390.5 386.4 395.6 397.1 398.6 399.7 400.4 403.2 405.4 406.4 407.2 409 411.1 411.2 411.2 411 410 409 405.9 402.3 395.4 378 359.8 341.5 346.2 362.8 381.1 390.3 403.7 409.9 408.1 420.3 433.6 442.7 443.6 453 454 453.3 449.8 447 445.4 439.4 424.6 406.2 388.8 373.5 363.9 360.7 357 352.8 349.4 345.9 341.4 335.4 331.4 332.8 330.8 327
283 296.5 314.4 331.8 340.5 359.4 368 370.6 371 375.4 381.6 389.3 395.9 402 408.1 404.9 401.8 398.5 395.6 389.5 382.7 361 385.2 389.1 392.2 392.9 395.6 398 402.9 405.2 406.2 407.5 408.8 409.5 410.2 410.4 410.4 409.2 406.8 402.5 392.5 372.5 352.7 340.5 352.8 367.1 386.2 399.3 407 419.4 425.6 425.3 434.8 450.3 455.6 458.1 460.8 451.4 447.3 442.1 437.9 427.7 413 397.7 381.6 366.9 360.9 357.8 354.5 350.2 346.7 342.6 337.1 337.1 336.3 336.4 334.2 330.3
278.4 287.3 301.2 315.1 327.6 344.6 357.7 360.4 363.1 367.1 371.3 376.8 381.6 384.2 391.3 391.1 392.4 389.1 386.6 382.6 375.8 357.9 375.2 381.6 384.6 387.2 384.7 399.3 403.7 406.9 407 407.1 407.9 408.3 409 408.3 408 406.8 405 400.8 392.3 371 349.8 337.3 364.3 377.6 382.7 407.5 412 417.8 430.6 433.4 438.2 454.4 461 461.6 459.8 453.4 442.8 437.4 431 420.7 404.6 390.6 376 362.1 357.6 353.6 350.8 347.5 344.8 342.7 342.6 341.3 340.9 339.5 336.8 334.2
268.6 278.9 288.4 302.2 313.6 327.9 342.3 347.2 351.8 356 359.4 363.7 367.2 370.4 372.1 374.3 375.2 373 374.8 371.8 366.9 344.9 362.6 365 372.6 368.8 383.5 395.3 402.1 408.1 410.3 410.4 409.2 409.1 408.6 406.9 404.2 402.1 400.6 397.7 392.4 363.2 346.9 334.5 362.2 380 390.5 405.3 423.6 434.9 437.5 439.2 443.1 457.4 466.7 464.1 461.6 453.3 440 428.4 418.3 408.1 395 381.8 369.7 364.2 363.4 359.8 355.3 355.1 355.5 350.7 347.9 346.7 345.1 341.6 337.2 332.7
261.1 271.3 280.2 293.8 301.9 313.6 323.8 332.2 336.5 340.2 343.9 347.3 350 353.5 354.4 356.8 358 357 357 355.9 353.4 335.9 349.9 351.4 346.6 367.9 376.2 383.4 394.8 405.7 417.3 417.3 413.3 413.5 412.3 409.3 404.1 399.2 395.9 392.5 385.6 370.4 351.3 328.7 349.2 366 384.6 403.7 419.8 435.7 447.4 448.5 449.8 457.4 465.5 468.8 467.6 457.7 446 431.8 423.2 411.8 395 384 376.9 373.5 371.7 374.6 374.3 372.1 369.4 361.3 354.3 351.8 345.3 341.1 336.5 331.9
259.4 265.5 272.5 281.9 293.3 302 312.2 318 321.4 325.5 329.8 334.2 337.6 339.4 342.4 343.4 344.3 345 342.9 342.2 339.1 334.1 333.1 333.7 343.3 356.2 362.8 373.1 384.5 399 418.6 429 426.1 419.6 414.8 408.5 401.9 397.3 393.1 387.4 383.9 377 354 335.4 329.2 347.9 369.3 392.6 414.4 430.9 446.3 455.6 454.3 459.1 470.8 477.8 477.3 468.5 450.2 436 427.9 419.5 404.4 396 394.8 392 390.5 389.1 390.7 385.2 377.2 366.2 359.4 352 345.6 340.4 335.6 330.5
257.4 261.9 267.2 271.9 283.5 293.1 299.9 306.4 310.7 315.5 319 324.6 327.9 330.4 331.5 333.5 334.7 336.1 334.1 333.5 330.9 327.3 321.8 321.6 334.4 342.2 349.4 359.4 372.9 388.9 410.1 421.9 425.1 419.8 411.1 402.2 396.8 391.4 386 380.5 377.1 370.2 358.9 340.3 324.5 346.8 366.9 386.7 403.3 430.2 446.5 452.8 460.9 461.2 472.6 487.4 487 482.1 464.5 443.4 433.5 424.9 420.2 416.2 413.4 410.4 406 402.4 399.4 389.7 380.1 367.9 358.5 350.7 345.4 339.9 332.9 327.6
252.1 256.8 260.9 268.3 274.5 283.3 288.6 295 301.5 306.6 312.4 318.2 320.9 322 323.5 324.8 327 329.2 325.4 325.8 323.1 319.4 312.8 314.9 327.7 333.9 338.5 348.4 361.7 376.5 395.9 410.1 415.9 410.4 401.9 394.8 389.4 382.4 378.3 373.6 369.1 364 356.4 336.7 319.3 348.5 374.8 395.1 408 427 447.5 460.3 459.5 466.4 471.8 487.4 489.7 487.6 480 459.5 442.8 437.9 436.3 436.6 432.4 426.6 418.6 411.1 404.5 393.2 379.3 366.3 355.3 346.9 341.4 337.7 330 324.7
250.3 250.3 256.7 262.7 268.9 277.1 282 287.5 293.5 298.9 304.2 310.4 314.2 315.4 316 317.8 320.5 321.2 318.9 317.9 315 314 308.7 309 317.7 323.7 331.9 342.8 352.4 363.8 378.7 390.6 396.2 391.4 385.8 381.6 376.9 372.3 367.7 364.5 360.8 357.4 351.8 333 316.3 342.1 368.5 394.4 414.3 429.1 444.1 457.3 460.8 466.9 471.2 477.7 487.5 485.7 481.4 472.7 461.2 454.1 449.6 446.9 443.8 435.9 425.2 417.7 406.1 389.5 371.9 357.8 348.5 342.7 338.6 333.3 325.8 322
