WholeMapElevations/data/so/so81_OST50GRID_20230518/SO81.asc
ncols 200
nrows 200
xllcorner 380000
yllcorner 210000
cellsize 50
[rows 148 to 184 of 200, columns 0 to 83 of 200]
16.3 16.2 16.7 16.7 17.3 18.3 19.2 19.9 20.5 23.9 18.5 22.3 22.4 22.5 23.5 22.7 23.5 22.9 23 24.1 24.2 23.4 21.9 22.4 24.5 25.4 25.5 25.6 24.1 23.9 23.9 24.7 25.9 26.3 26.9 27.3 28.4 29.2 28.7 28.1 28.3 32.8 32.2 33 33.4 33.4 33.2 32.9 32.7 32.5 32.3 32.1 31.9 31.8 31.6 31.4 31.3 31.1 31 32 34.2 37.2 40.4 42.1 41.9 41 39.6 40.8 44.1 39.4 39.9 42.9 42.8 44 45.5 45.1 44.7 46 47.5 48.3 49.3 50.2 51.6 53
16.6 17 17.5 17.3 17.2 16.4 17.4 18.7 21.2 20.4 21.7 22.5 23 21.9 23.7 23.7 23.7 23.3 24.1 24.9 24.9 24.4 23 23.7 24.9 26.4 26.7 26.3 25.8 25.9 25.6 25.2 25.9 26.8 26.6 26.1 26.7 27.3 28 27.6 27.4 31.4 30.9 32.9 33 33.9 33.8 33.6 33.4 33.2 33 32.9 32.7 32.6 32.1 32 31.8 31.5 31.9 31.7 34 36 39.1 42.5 43.1 42.5 41.4 41.8 38.8 42.5 44 44 44 44.1 44.4 45 45.5 46.1 47.8 48.5 49.6 50.9 51.9 54
17.8 17.9 18.3 18.2 18.1 18.1 17.1 18.1 20.3 21.5 23.6 21.7 22.5 23.1 23.7 23.8 23.8 24.2 25 25.2 25 24.3 25.4 25.1 25.8 26.8 27.9 27.3 26.2 26.6 27.2 26.8 26.4 26.8 26.3 26.2 26.1 25.7 25.7 27 28.6 28.2 30.1 31.6 32.9 34.2 34.5 34.3 34.2 34 33.8 33.6 33.8 33.4 32.8 32.5 32.4 32 33.2 33.5 33.4 35 37.3 40.4 42.4 43.3 38.7 38.5 43.9 45.3 45.4 45.4 45.4 45.4 45.4 45.9 46.5 47 47.6 48.9 50.5 51.9 53.2 54.4
18.1 18.6 19.1 19.1 19 19 19 19.3 19.2 23.5 22.4 21.7 21.9 22.5 23.2 23.9 25.9 24.9 25 24 25.3 24.6 25.5 25.5 26.4 27.2 28.3 29 29.6 29.4 28.6 28.2 27.9 28 28 27.9 27 26.6 26.5 26 32.3 26.4 27.8 29.6 31.7 34 34.9 35.1 34.9 34.7 34.6 34.8 34.7 34.1 33.6 33.1 32.9 33.2 33.4 34.2 34.4 34.6 36 38.4 39.5 37.7 39.1 44.4 45.2 46.3 46.7 46.6 46.6 46.6 46.6 47 47.5 48.1 48.5 49.1 50 51.2 54 55.7
18.2 18.6 19.2 19.6 19.6 19.7 19.7 19.4 21.4 21.6 20.3 20.9 21.4 21.9 23.5 24.2 24.5 24.4 25.2 24.9 24.7 24.6 25.5 26.3 26.6 27 28.5 28.8 31.2 31.6 30 29.8 29.9 30 30.2 29.6 28.5 28 27.5 26.6 33.2 26.8 26.5 28.1 30.5 33.2 34.6 35.7 35.7 35.5 35.8 36 35.4 34.9 34.3 33.8 33.5 33.7 33.5 34.1 34.6 34.8 35.1 36.9 37.3 39.7 43.9 45.2 45.8 46.8 47.9 47.9 47.9 47.9 47.8 48 48.6 49.1 49.5 50.1 51.7 53.3 54.9 56.7
18.2 18.7 19.3 19.8 20 19.9 20.5 21 20.7 20.9 20.4 20.3 20.9 21.8 23.7 24.4 23.7 23.5 23.9 23.2 24.2 23.7 24.6 25.6 26.3 27.1 27.3 27.9 31.1 32.7 31.1 31.6 31.9 32 33.4 32.4 31.4 30 29.2 28.4 29.9 26.7 26.8 27.6 29.9 32.2 33.9 35.2 36.4 36.7 37 36.8 36.2 35.6 35.1 34.5 33.9 33.3 33.9 34.2 34.5 35.1 36.6 36.9 37.3 39.5 41.4 45.9 46.9 47.3 49 49.1 49.1 49.2 49 49.1 49.6 50 51 51.5 52.5 54.1 55.8 57.6
18.3 18.9 19.4 20 20.5 20.5 20.4 21.1 21.1 21.3 21.6 22 21.8 22.1 24 23 22 20.8 20.8 22.1 23.7 23.4 24.2 25 25.4 26.5 27.6 28.4 28.9 30.9 31 31.2 31.8 33.9 37.6 35.3 34.6 33.2 31.7 31.1 28.4 26.9 27.2 27.8 28.8 30.5 32.4 33.6 36.1 38 38.1 37.5 36.9 36.5 36.1 35.6 34.9 34 34.6 34.6 36 36.4 35.7 36.4 37.2 37.7 39.4 44.8 46.1 47.2 49.9 50.3 50.4 50.5 50.3 50.1 50.6 51.7 52.6 53 53.4 55 56.7 58.5
18.5 19 19.5 20.1 20.6 20.7 21.1 21.5 22.8 22.9 22.9 22.8 23 22.9 23.5 23.5 23.9 24.3 24.5 24.6 24.5 24 23.6 25.4 25 26.1 27.2 27.7 27.9 28.6 29.5 30.6 33 36.2 37.6 37.7 37.7 36 34.4 33.8 29.6 29.8 30.9 29 28.5 29.3 30.9 33.3 35.9 38.5 39.1 38.6 38.2 37.8 37.3 36.7 35.9 34.8 35.7 35.6 35.8 35.6 36 36.6 37.2 38 38.8 40.1 43.1 46.1 49.7 50.9 51.1 51.2 51.8 51.3 52.4 53.8 54.1 54.4 54.2 55.9 57.6 59.4
18.5 19.1 19.7 20.2 20.7 21 21.7 22.1 22.7 23.5 23.3 23.4 23.6 23.6 23.7 23.8 24.2 25 25.1 25.3 25.7 25.3 25.1 25.4 24.6 25.5 26 26.7 27.4 28 28.8 30.1 31.9 35.7 38.3 39.2 39.2 38.4 37.3 33.9 33.7 33.8 31.9 29.1 28.4 29 30 32 34.8 37.4 38.2 39.6 39.5 39 38.6 38 36.2 35 35.8 36 36 36.1 36.6 37.2 37.8 38.4 39 40.1 42.4 45.2 48.8 51.2 51.4 52.2 53.5 53.5 54.8 54.8 54.9 55.6 55.5 56.7 58.4 60.3
18 18.6 19.2 19.8 21 21 21.8 22.6 22.8 22.7 23.6 23.6 23.6 23.6 23.6 23.9 24.6 25.1 25.5 25.2 25.6 25.9 24.9 25.3 24.3 24.2 25.6 26.8 27.2 27.8 28.6 29.8 31.5 34.2 38.2 39.4 40.1 40 38.3 36.2 37.9 37.7 35 29.8 28.9 29.2 30 31.4 33.2 35.5 36.6 38.4 39.9 39.3 37.3 33.8 34.3 37.5 37.2 36.8 36.5 36.6 37.2 37.8 38.4 38.9 39.5 40.1 42.3 44.7 46.6 50.6 52.5 54.7 55.4 55.4 55.4 56.3 56.2 56.9 57.3 58.1 59.8 62.2
17.3 18.1 18.9 19.7 20.2 20.9 21.6 22.3 22.4 22.6 23 23.2 23.4 23.5 23.6 24.2 24.8 25.3 25.8 25.6 25.8 25.6 25.5 25.3 24.6 24.9 24.8 26.9 27.2 27.7 28.4 29.4 30.5 32.8 37 40.1 40.8 40.9 36.3 39 39.6 39.1 36.8 33.9 30.7 30.6 30.7 31.5 32.9 33.7 35.3 37 35.2 32.9 33 38.7 40.1 38.6 38 37.7 37.4 37.2 37.8 38.3 38.9 39.4 40 40.6 42 43.3 44.2 47.4 51.3 53.8 55.5 55.8 57.3 57.2 57.7 58.3 58.9 59.2 60.8 62.9
17.6 18.3 19.1 19.2 19.5 20.6 21.3 22 22.1 22.2 22.5 22.8 23.1 23.4 24.7 24.4 24.9 25.5 25.9 26 27 26.5 25.9 25.3 25.3 25.2 25.4 25 25.9 27.3 27.7 28.5 29.9 32.1 35.8 39.8 41.3 41.7 34.7 40.5 40.7 40.3 39 37 33.5 31.6 32.4 32.9 33.2 33.7 32.8 32.7 33.5 40.1 40.4 40.5 41 41 39.3 38.8 38.1 37.9 38.3 38.8 39.3 39.9 40.4 41 41.6 42.2 42.9 45 48.1 50.8 52.9 55 58.2 59.9 59.5 59.7 59.6 60.2 61.4 63.3
17.9 18.6 18.9 18.5 19 20 21 21.7 21.9 22 22.6 22.9 23.2 23.6 23.9 24.5 25.1 25.7 25.5 26.6 26.8 26.5 26.2 26.3 25.6 25.5 25.5 26.2 26.6 26.5 27.9 29.6 30 30.8 34.5 38.3 40.6 41.8 37.9 41.9 41.4 41 39.2 36.6 34.4 33.9 33.7 32.3 31.5 32 33.9 35.4 37.4 39.4 40.1 40.7 41.3 41.9 39.9 39.2 38.7 38.6 39.4 39.6 40 40.5 40.9 41.4 42.2 43 43.7 44.4 46 47.8 49.7 53.3 57.9 59.6 61 60.9 61.5 62.4 63.3 64
18.2 18.7 19.8 18.7 19 19.6 20.5 21.4 21.7 21.9 22.8 23.1 23.4 23.7 24.1 24.6 25.3 25.9 25.8 26.4 26.8 27.1 26.5 26.2 25.9 26.4 27.1 27.7 27.7 27.2 27.3 28.8 29.6 30.1 33.1 36.1 38.3 38.7 39.5 42.9 42.5 41.8 39.7 36.1 34.4 30.7 30.6 31 36.2 37 36.8 36.9 37.3 39.1 40.4 41.1 41.9 42.4 41 39.7 39.4 39.3 40.4 40.7 40.9 41.2 41.7 42.1 43.6 44.1 44.5 44.9 46.1 47.4 48.8 51.2 54.8 59.3 62.6 62.7 63.8 64.4 65 65.6
18.3 18.7 18.4 18.7 19.1 19.5 20.3 21 21.5 21.8 23 23.3 23.6 23.9 24.3 24.8 25.4 26 26.1 26.3 26.5 26.7 26.5 26.3 26.1 26.6 27 27.2 26.8 26.8 27.4 27.9 29.2 29.7 31.7 33.3 35.4 35.4 41.9 42.5 40.8 35.5 29.9 29.8 30.1 33.7 36.5 38.5 38.5 39.4 39.2 38.8 38.4 40 41.6 42.4 43.2 42.9 41.7 40.3 40.1 40 41.1 41.8 42 42.2 42.4 43 43.2 44.6 44.7 45.3 46.6 48 49.5 51 53.3 58 63.2 64.7 65.2 66 66.6 67.4
18.6 18.3 18.9 18.9 19.2 19.6 20 20.6 21.2 21.6 23.1 23.4 23.8 24.1 24.5 24.9 25 25 25 25.2 26.3 26.6 26.5 26.3 26 26.3 26.4 26.7 26.5 27.1 27.5 27.9 28.6 29.3 30.2 31.8 37.1 35 31.6 29.1 29.3 29.6 34.9 38.5 39.4 38.9 39.2 39.9 40.5 41.6 41.7 41.1 40.2 40.8 42.6 43.7 44.4 43.5 42.4 40.8 40.7 40.7 41.8 42.9 43.1 43.3 43.6 45 44.6 45.3 46.1 45.9 47.3 48.8 50.3 51.8 53.3 57.1 62.5 65.6 66.4 67.6 68.3 69.6
18.2 18.3 19.6 19.9 19.9 20.3 20.9 21.5 22.1 22.6 23 23.4 23.7 24.1 24.4 24.7 25.1 25.6 25.7 24.9 26.4 26.4 26 25.7 26.1 26.7 26.9 27.1 27.9 27.8 28.1 28.4 30.3 29.8 31.5 29 28.4 28.4 29.9 36 40.6 42.1 44.2 42.8 41.4 40.9 39.8 40.1 40.8 43.4 43.8 43.3 41.6 41.6 43.3 44.9 45.3 44.2 43.5 41.7 41.4 41.3 42.3 43.5 44.1 44.3 45 45.9 46.6 47.1 47.5 46.6 48 49.5 51 52.5 54 57.1 62.1 66 67.2 68.4 69.8 71.4
18.5 18.5 19.7 19.9 20.1 20.6 21.1 21.5 22 22.4 22.9 23.2 23.6 23.9 24.2 24.4 24.9 25.3 25.2 25.4 25.8 25.6 25.6 26 26.7 27 27.4 28 28 31.8 32.2 29 27.4 27.7 27.9 29.3 31.9 32.4 33.7 36.3 39.7 43.5 44.7 44.5 43.3 42.5 41.4 40.3 40.5 43.4 44.9 44.2 42.3 41.8 42.8 44.3 46.2 45.7 45 43.2 42 42.1 42.5 44.2 46.8 46.7 47.1 47.8 48.9 49 48.3 47.9 48.7 50.3 51.8 53.3 54.8 56.5 61.4 65.1 66.8 67.1 69.7 71.9
18.6 18.7 19.7 19.6 20.2 20.4 20.9 21.3 21.6 22 22.7 23.1 23.4 23.7 24 24.1 24.6 25.1 25.2 25.5 25.2 25.5 25.8 26.2 26.9 27.9 30.4 28.1 26.6 26.9 27.3 27.9 29.9 29.2 30 30.8 35.2 32.3 33.3 34.6 36.7 40.1 43.5 44.9 45.1 44.1 43 41.9 40.4 41.9 43.9 44.7 42.9 42.5 43.3 44.5 46.9 46.9 46.1 44.9 42.5 42.7 42.9 45.5 48.3 49.9 50.2 50.9 51.6 51.3 50.3 49.8 50.4 51 52.5 54 55.5 57.3 59 62.1 65.3 65.9 69.3 72
18.6 18.9 19.9 19.7 20 20.2 20.6 20.9 21.3 21.6 22.2 22.9 23.2 23.6 23.7 23.8 24.3 24.8 25.3 25.3 25.5 25.8 27.1 26.5 26.7 26.4 26.2 26.7 27.5 29 29.6 30.4 29.5 29.8 30.6 31.3 33.7 32.8 33.1 34.5 35.4 37.4 40.4 42 45.1 45.8 43.8 41.6 40.7 40.9 42.4 44.3 43.1 43.4 43.6 44.9 47.7 47.7 46.8 45.6 43.3 43.2 43.6 44.9 48.4 51.7 53.2 54.1 54.8 54.2 52.3 51.6 52.2 52.9 53.6 54.8 56.3 58 59.5 61.2 62.5 65.3 69.1 72.4
18.6 18.8 19.9 19.2 19.6 19.9 20.3 20.6 21 21.3 21.8 22.5 23.1 23.4 23.4 23.5 23.7 25.2 26.2 28.9 26 25.3 25.3 25.5 26.3 28.4 28.3 29 27.7 28.9 29.6 30.5 31 30.5 31.1 32.2 31.7 32.3 33 33.9 34.8 35.5 37.2 39.7 42.9 45.9 43.2 40.9 41 41.2 41.3 42.8 43.2 43.6 44.2 44.7 47.2 48.4 48 46.8 44.7 43.8 44.3 44.8 47.3 49.7 53.2 55.2 56.6 57.1 55.2 53.4 54 54.7 55.4 56.1 57 59.3 62.4 64.6 65.3 65.8 69.8 74.2
18.5 18.7 19.8 19.2 19.3 19.6 19.9 20.3 20.6 21 21.4 22 22.7 22.8 23 28 25.6 24.8 25.3 25.3 25 25.2 26.4 27.1 26.9 27.7 28.2 28.1 27.6 29.2 29.8 30.6 31.1 31.2 30.7 35.3 31.7 32.9 33.5 33.5 34 34.8 35.6 37.6 40.4 43 42.4 41.2 40.2 40.4 40.5 41.3 42.3 43.4 44.7 46.1 47.1 48 48.6 48.2 46.6 44.8 44.7 45.2 46 48.7 52 54 55.8 57.8 56.6 55.5 55.4 56.9 57.6 58.3 58.4 61.8 65.7 68.5 68.2 67.8 70.8 76.6
18 18.1 20.4 20.2 19 19.3 19.6 19.8 20.1 20.6 21 21.4 24.4 26.2 23.8 24.2 24.6 24.8 23.9 25.9 25.7 25.2 25.7 26.1 26.9 28.2 27.7 27.9 28.5 29.2 29.8 30.7 31.2 31.2 31.2 36.3 32.1 32.9 33.6 33.3 35 35.2 34.9 35.6 37.5 38.7 38.6 38.8 39 39.1 39.1 40.3 41.5 42.8 44.8 45.7 46.7 47.3 48.9 49.3 49.2 47.7 45.8 45.4 46.1 47.4 49.4 52.1 54.4 56.7 57.8 57.3 56.7 56.4 58.5 62.4 63.9 66.8 70.7 73.1 70.9 70 72.3 78.4
16.9 17.3 21.2 21.1 18.7 18.9 19.3 19.6 19.8 20 23.3 25.4 23.2 23 22.9 22.5 23.1 24.8 23.5 24.1 25.6 24.3 25 25.4 25.7 27.2 26.6 27.1 27.7 28.7 28.7 30 31 31 31.9 33.2 31.2 32.3 32.6 33.9 34.7 35.7 36.7 37.3 36.9 36.4 36.8 37.4 38 38.6 39.3 40.4 41.5 42.5 44.4 46.3 47.9 49.1 49.8 51 50.9 50.6 48.3 46 46.5 47.9 51 54.7 57.1 58.6 58.9 58.7 58.4 58.5 60.2 66.6 69.3 71.3 74.5 76.1 73.6 72.3 74.4 80.2
17.3 17.7 21.5 21.5 22.1 20.5 19.4 19.3 19.8 21 22.2 22.5 22 22.2 22.3 23.4 24.1 23.5 26 24.3 25.9 26 25 25.4 26.1 26.2 26.1 27.7 27.5 28.2 29.3 29.7 30.5 30.7 33.7 33.1 31 31.7 33.2 34.8 35.6 36.6 37.6 38.4 38.6 38.7 37.6 37.6 38.2 38.8 39.6 40.7 41.8 42.5 44.4 46.6 49 49.8 50.6 51.6 52.4 52.2 48.4 47.2 46.2 47.3 49.5 53.1 57 59.3 60.8 60.8 59.9 60 61.3 64.1 68.6 71.4 73.5 73.5 73.3 74.4 76.7 81.3
17.6 17.8 22.2 21.9 23.4 24.7 22 20 21.3 21.7 21.8 20.7 21.3 22 22.7 23.5 24.2 24.2 25.4 24.9 24.3 25.3 25.9 26.4 27 27 27 27.2 27.9 28.7 29.2 29.2 30 30.1 36.6 31 31.4 31.9 33.6 35.2 35.9 36.6 37.3 38 39.2 39.7 39.5 38.5 38.7 39.1 39.9 41 41.8 42.6 43.9 46.2 49.3 50.9 51.7 52.5 53 51.7 52 49.6 47.6 47.4 48.5 51.5 55.6 58.9 60.9 62.5 63.7 62.9 63.1 63.3 65.2 67.3 68.9 70.7 73.2 76 78.9 82.6
17.8 18.2 22.6 22.5 24.4 25.7 26.5 21.2 21.4 21.4 21.4 21.8 21.9 22.2 22.8 23.6 24.3 24.9 24.2 24.6 24.9 25.9 26.8 27 27 27 27.1 27.7 28 28.2 29.1 29.5 29.3 29.8 35 30.6 31.4 32.1 33.4 35.1 35.8 36.4 37.2 38 39.4 40.4 41 39.8 39.5 39.7 40.2 41.4 42.2 42.9 43.5 44.9 48 50.8 52.4 53 53.5 54.1 53.5 51.4 50 48.5 48.3 49.6 52.7 56.1 58.1 60 63.2 66.1 68.4 68.5 66.8 68.2 69.1 71.4 74.3 77.2 81.5 84.6
17.7 18.1 21.3 21.7 23.2 24.7 20.8 21.3 21.4 21.4 22.7 22.9 22.7 22.5 23.2 23.9 24.5 25.1 24.9 25.3 25.9 27.2 27.5 27.5 27.5 27.6 27.6 28.7 28.8 28.9 29.3 29.8 30.5 32.7 31.8 30.7 31.7 32.8 33.8 34.8 35.8 37.3 38.6 38.3 39.7 41 41.6 41 40.7 40.8 40.9 42.1 42.8 43.3 43.8 44.4 46.1 49.5 52.7 53.3 53.9 54.6 54.8 53.4 52 50.6 49.2 49.4 50.7 52.8 54.8 56.7 59.9 64.5 69.4 71.4 70.4 69.4 70.3 72.7 75.7 79 83.5 89.4
17.5 18 24.2 27.4 23.7 20.6 24 21.5 21.5 21.5 23.1 23.8 23.5 23.3 23.6 24.2 24.7 25.1 25.5 25.8 27.5 27.2 28 28.2 28.2 28.2 28.2 29 29.8 29.8 30 29.5 30.8 34.7 30.6 31.2 31.7 33.3 34.4 35.2 37.5 39 39.2 38.6 40 40.7 42.7 42.6 42.4 42.4 42.1 42.7 43.3 43.7 44.2 44.6 45.6 48.4 52.2 54 55.1 55.9 55.7 54.6 53.3 51.9 50.5 50.1 50.5 51.6 53.2 54.9 57.4 61.4 66.1 70.3 72.2 71.8 71.3 74 77.1 81.9 88.3 93.2
17.5 18 26.3 28.3 20.4 24.3 23.1 22 22.2 22.5 23.1 23.2 23.5 23.6 23.9 24.6 25.1 25.6 26.2 28.7 28.1 27.5 28.6 28.8 29 28.9 28.9 29.5 30.1 30.6 29.8 30.2 30.7 37.3 31.4 31.9 32.3 32.8 34.5 35.3 38.2 40.8 41.3 40.3 40.7 41.9 43.8 44.3 44.2 44 43.2 42.9 44.2 44.6 44.9 45.2 45.3 47.6 51.6 55.2 56.6 56.8 56.6 55.5 54.5 53.2 51.8 51 51.2 51.2 52.4 54.3 56.5 58.9 62.7 66.7 72.7 75.1 74.3 76.8 79.7 86.2 93 99.9
17.8 18.2 21.6 20.4 28.3 24.9 21.2 21.9 23.4 23.3 22.9 23.1 23.4 23.8 24.6 24.9 26.1 26.7 28 28.4 28.3 27.8 29 29.4 29.6 29.7 29.6 29.9 31.1 31.4 30.5 31.7 31.5 33.9 32.1 32.3 32.8 33.7 33.8 35.3 38.6 42.5 44 42.7 41.7 43.3 44.8 45.3 45.7 45.3 44.9 42.8 44.1 45.1 45.4 45.6 45.7 47.5 50.7 55.1 57.5 57.7 57.5 56.4 55.4 54.4 53.1 52.5 52 52 52.3 54.4 56.7 58.7 60.6 64.2 69.2 73.6 75.2 77.4 81.7 90.2 99.3 108.3
17.9 22.3 20.3 26.1 27.4 21.6 20.9 21.7 22.7 22.9 23.3 23.9 24.1 24.3 25 25.5 26.7 27.5 28.1 28.5 28.8 28.6 28.8 29.4 29.9 30.5 30.3 30.2 31.6 32.1 32.4 32.4 33.3 32.9 32.6 32.9 33.5 34.3 34.6 35.4 38.7 43.3 45.8 44.9 43.7 44.7 45.8 46.4 46.9 45.4 45.3 45.1 44.1 44.3 45.7 46.4 46.9 47.6 49.6 53.6 57.3 58.6 58.3 57.3 56.3 55.3 54.6 53.9 53.4 53.2 53 54.8 57 59.1 61.1 63.4 66.8 71 74.3 77.4 82.9 93.5 107.7 115.2
18.5 20.4 23.1 25.8 24 20.2 21.3 21.9 22.7 23.2 23.5 24.2 25.3 25 25.3 26.4 27.3 27.8 28.9 29.3 29.6 29.6 29.5 30 30.7 31.3 31 31.1 32.2 32.7 32.7 32.5 37.3 32.9 33.2 33.8 34.4 35 35.5 36.1 38.8 43.6 48 47.2 46.4 45.6 46.4 46.3 46.4 45.8 45.4 45.3 45.3 45 46.5 47.6 48.2 48.8 49.4 52.1 56.2 59 59.2 58.2 57.9 57.6 56.5 55.1 54.7 54.5 54.1 54.8 56.9 59 61.2 63.9 66.8 69.5 73.1 80.4 86.6 94.9 108.9 120
20.7 21 20.5 23.9 20.9 20.7 21.6 22 22.6 23.8 25.1 25.9 26.6 26 25.8 27.1 27.4 28.3 29.3 30.2 30.3 30.4 30.4 30.9 31.6 32.1 31.5 32 32.6 33.1 33 33 37.5 33.5 34.2 34.7 35.3 35.8 36.2 36.3 38.9 44.1 48.6 49.5 48.6 46.9 46.8 47.7 48 47 45.9 45.6 45.8 45.7 46.4 47.7 48.1 49 49.8 50.9 55.4 59 60 60.6 60.2 59.6 58.3 56.6 56 55.6 55.2 54.9 56.9 59.2 61.5 64.2 66.6 70.8 75.8 84.3 93.5 98.4 108.3 119.4
20.6 20.9 20.6 21.6 22.7 21.1 21.5 21.8 22.5 23.6 24.9 26.1 27.4 27.5 27.6 27.3 27.7 28.7 29.7 30.8 31.2 31.3 31.5 31.4 32 32.8 32.2 33 33.6 33.2 33.8 33.5 34 33.7 35.1 35.5 36 36.5 36.9 37.4 39.5 43.5 48.8 51.2 49.9 48.7 48.4 49.2 49.1 48.4 46.9 46.7 46 46.8 47.7 48.2 48.7 49.5 50.5 51.4 54.3 57.8 58.6 60.2 61.6 61 60 58.3 56.8 55.9 55.5 55.7 57.8 60 62.4 65 67.7 73.3 78.2 87 98.1 104.6 109.7 118.7
20.1 20.7 20.9 20.3 21 20.5 21.1 21.7 22.5 23.4 24.6 26 27.5 28.7 28.7 28.2 28.2 29.3 30.4 31.5 31.7 31.4 32.6 32.6 32.5 33.3 34.2 34.5 34.5 34 34.1 36.9 35.7 34.7 35.7 36.1 36.7 37.1 37.6 38.6 39.9 44 49.2 52.8 52.1 50.5 49.8 50.6 50.1 49.4 48.9 47.8 48.5 49.1 49.8 50 49.6 50.1 51.1 52 53.4 56.5 58.1 60.6 63 62.4 61.6 60 58.3 57.2 56.2 56.6 58.6 61 63.4 65.9 69.6 74.6 81.1 91.6 105.3 112 112.5 120.6
20 21.1 20.8 20.6 20.7 21 21.5 21.7 22.4 23.2 24.6 26.1 27.7 29.2 29.7 29.6 29.6 29.6 30.4 31.9 32.6 33.4 33 33.6 33.3 33.8 35.3 35.4 35.3 34.1 35.4 38.1 35.2 35.4 36.6 37.1 37.5 37.9 38.4 39.6 40.8 44.4 49.8 53.7 53.9 52.2 51.6 51.9 51 50.2 49.8 50.2 50.9 51.5 52.1 51.5 51.1 51.2 52.1 52.9 53.8 55.6 58.1 60.5 62.9 63 63.2 61.5 59.9 58.3 57.2 57.4 59.6 62 64.4 66.8 71.5 76.6 82.5 96.6 109.8 121.3 119.5 123
