WholeMapElevations/data/nj/nj31_OST50GRID_20230518/NJ31.asc
ncols 200
nrows 200
xllcorner 330000
yllcorner 810000
cellsize 50
[rows 105 to 139 of 200, columns 78 to 155 of 200]
321.5 313.4 311 311.8 312.4 330.2 338.3 341.3 345.8 353.5 362.8 375.3 385.3 394.5 406.6 417.4 430.4 441.6 452.7 466.1 478.4 485.4 486.9 485.3 484.4 483.2 480.8 475.4 467.8 459.1 469.1 483 491.9 502.3 512 514.5 513.3 504.7 494 486 477.1 467.2 460.2 453.2 446.6 440.4 435.7 430.5 426.3 422.1 417.6 411.4 416.6 421.5 425.2 428.4 430.1 429.7 426.7 422.5 417 411.6 407.9 402.5 396.6 389.1 375.3 376.9 384.6 385.8 387.8 385.8 383 376.3 368.8 360.5 355.4 355
316.5 311.2 311.6 311.3 311.4 332.6 351.9 354.7 353.8 360.5 371.2 381.4 390.2 398.4 407.7 419.1 429.5 440.1 450.8 463.8 474.9 479.2 478.8 475.8 473.8 472.3 467.6 457.6 449.5 448.8 465.2 479.1 488.4 499.8 510.4 515.3 515.1 508.7 498.8 490.9 479.8 468.6 461.3 453.8 447.6 440.9 435.7 430.5 425.4 421.2 416.7 411.4 411.2 415.6 417.8 420 421.4 420 418.4 414.3 409.4 405.8 402.7 397.9 393.1 380.1 387.5 390.7 395.5 399.1 401.4 400.8 393.9 386.1 379.3 372.4 367.8 367.3
321.2 309.7 310.8 310.6 311.6 343.5 348 348.2 353.8 364.9 373.9 382 390.3 398.5 409.1 419.1 429 437.8 447.5 458 467.3 471.7 470.8 467.9 462.9 457.8 450.1 438 432.2 446.3 458.3 471.6 483.1 494.3 505 511.3 513.6 509.2 503.6 493.6 481.9 470.4 462.4 454.6 446.9 440.6 435.4 430.1 424.9 420.2 415.7 410.5 406.9 410.9 413.1 413.5 412.9 411.3 409.7 407.6 403.4 399.9 397.2 394.3 389.3 383.3 392.1 397.1 402.9 408.1 411.4 408.4 402.2 394.5 388.1 383.4 382.3 384.1
322.6 309.3 309.9 310 320.8 334 342.3 344.9 350.7 362.5 370.4 377.8 386.8 396.1 407.5 417.5 425.1 430.8 440.3 449.7 458.8 462.6 462.8 458.5 452 444.1 432.1 423.2 428.2 442.1 452.4 462.3 474.5 485.9 496.8 503.8 507.9 506.2 503.4 494.7 482.7 470.2 460.8 452.8 446.7 440.3 434.9 429.7 424.4 419.9 415 410 405.5 402.4 406.6 406.3 406.1 404.7 403.1 400.8 397.4 395.1 393.2 391.4 388.2 381.2 392.8 399.7 406.3 412.5 414.5 410.5 405.5 400.8 396.7 393.8 394.1 397.8
333.3 308.3 309.4 308.7 314.1 330.3 336.9 339.6 345.8 353.8 363.9 370.8 379.2 390.8 401.8 412.5 418.3 423.4 431.8 440.4 448.9 454 454.6 450.3 444.3 432.3 418.5 411.8 423.9 436.8 446.1 456.5 467 477.3 487.2 494.6 500.5 499.6 498.2 492 481.2 469.4 459.3 449.7 445.4 440.5 434.5 429.5 427.3 423.7 419.4 415 410.3 403 398.6 398.9 399.4 398 396.4 394.3 391.9 390.7 389.3 388.1 383.3 380.8 390.3 399.4 405.1 410.4 412.6 409.8 407.5 404.5 402.6 402.4 403.9 408.6
336.2 312 307.8 308.9 307.7 325.5 326.8 330.9 337 347.1 356.5 363.2 370.2 382.7 393.2 402.5 409.5 413.7 421.8 430.6 438.6 444.6 446 443.6 435.6 421.1 409.3 405.2 419.4 430.8 439.6 450.1 460.5 471.6 479.8 486.1 492.9 494.3 493 488.1 478.9 466.8 457.1 448.3 444.2 440.1 435.5 433.1 431.5 428.3 424 419 414.4 409.4 403.5 397.1 393.8 391 388.5 387.4 387 385.7 385.3 383.4 379.4 385.2 390.1 396.7 401.7 405.8 408.5 407.2 406.5 406.2 406.2 407.6 412.1 418.9
333.2 328.8 309 308.6 307.1 306.9 316.2 322 331.2 341 349.5 356.5 363.1 371.5 382.7 391.3 397.9 404.5 412.8 420.6 429.1 434.1 438.2 434.5 424.6 411 401.5 398.2 413.2 424.4 433.3 444.7 455.5 465.1 473.4 482 486.5 488.5 488.5 482.7 473.2 464.1 455.7 449.4 444.7 440.5 439.1 437.4 435.8 433 428.5 423 418 413.4 408 402.2 398.8 397.1 392.5 388.9 384 381.6 380.7 380.4 378.4 381.6 386.9 391.8 396.5 400.2 403.1 404.3 404 405.7 408.1 413 418.1 427.5
334.3 328 308.4 307.9 306.5 306.9 307.8 316.1 326.6 335.4 343 348.7 355.3 362.7 372.9 380.3 386.7 392.9 401.2 412.9 419.9 425.1 426.6 424.2 413.4 402.1 393.2 395.6 406.9 418.3 427.6 438.2 449.1 460.6 470.2 478.8 483.9 484.8 483.6 478.7 470.1 462.3 457.2 452 447.2 444.8 443.3 441.8 440.1 437.7 432.6 427 422.1 417.5 412.5 407.9 404.5 400.8 396.6 392 388.2 383.6 379.9 377.2 376.5 377.8 382.1 385.2 389.2 393.4 396.5 399.4 400.9 404 410.1 416.6 423.8 433.7
333 327.9 309.4 306.7 306.6 306.1 304.7 304.6 312.5 327.6 335.4 343.1 348.6 356.3 362.8 371.3 378.6 384.5 393.6 404.7 412.5 416.8 417.9 413.9 404.5 393.1 383.6 392 402.9 411.9 422.7 433.3 445.5 456.6 466.9 476.6 481.9 483.9 483.4 478.7 470.9 463.6 458.7 454.3 450.5 449.1 447.5 446 444.4 442.2 437.8 431.8 426.4 421.7 417 413 408.9 404.8 400.3 394.8 390.1 387.3 385.3 380.5 375.3 374.1 376.3 379.4 382 386.1 389.6 392.4 395.9 404.2 411.4 418.9 427.1 437.7
336.4 330.2 331.1 328.2 313 305.6 305.2 304.7 303.9 323.7 329.6 336.1 342.9 349.3 356.1 362.9 370 379 389.7 399.9 408.9 411.8 410.3 404.5 393.6 383.6 377.6 388.7 399 408.3 420.9 432.2 443 453.1 464.3 474.9 481.8 486.4 487.1 481.6 473.9 467.1 461.6 457.3 454.3 453.1 452.5 452.3 450.8 449.5 446.9 439.8 432.8 427.9 422.3 417.2 412.7 408.1 403.3 396.4 394.8 392.7 391.2 386.5 381.6 375.5 371.6 372.5 376.3 380.3 381.5 388.6 397.3 404.3 414.1 422.7 431.5 442
339.1 336.3 335.3 327.4 328.4 328.8 316.5 316.5 303.1 318.6 326.8 331.1 335.3 342 348.8 355.7 362.9 372.9 384 394.5 402.3 404.3 401.1 393.8 382.8 372.9 375.2 385.4 395.8 404.7 418 429.5 440.2 450.4 461.2 472.1 481.8 486.9 488.4 485.4 478.5 472 465.9 461.4 458.2 457.1 456.4 457.6 459 458.7 456.8 452.3 445.7 438.4 431.3 423.2 417 411.9 408.3 400.4 402.3 401.9 397.7 392.3 387.9 381.3 375 369.1 368.3 372.3 383.3 393.6 403.9 412.5 421.2 427.8 436.5 446.4
346.3 339 333.4 332.1 332.5 335.1 328.8 305.4 303.2 311.6 321.4 323.4 328.9 335 342 349 356.3 365.2 376.2 386.7 393.6 394.6 391.2 384.9 373.8 363.1 371 380.8 390.4 400.5 412.1 423.8 438.2 449.8 460.2 471.9 481.5 487.6 489.8 487.9 484.8 479.1 473.3 468.6 464 461.6 462.1 464 467.3 469.5 469.8 466.7 460.7 453.7 445.4 436.6 429.4 423.5 418.2 412.2 410.3 409.1 404.3 398.5 392 386.9 378.1 373.7 365.1 370.3 383.7 395.9 408.8 419.5 429 435.9 442.6 451.2
351 341.8 337.6 332.9 329.8 330.7 328.9 303.4 302 304.3 308.5 315.8 322.6 328.5 335.8 342.4 347.9 355.4 367 377.1 383.7 386.1 383.8 377.4 365.6 356.9 365.1 374.8 383.5 394.5 410.6 425 439.3 450.5 462.3 473.1 481.2 488.6 493.4 494.4 491.7 487.3 482.1 477.8 474.7 472.2 470.7 472.5 477.3 479.8 481.3 477.9 471.5 464 456.1 444.4 435 429 425 421.3 418.8 416.1 411.3 404.7 397.5 391.9 385.8 380 368.4 369 384.5 398.7 412.6 424.9 435 443.5 450.3 457.3
357.7 347.1 340.1 334.5 328.8 326.5 327.5 303.3 300.9 300.7 300.4 303.5 307.9 322.5 329.2 335.3 341 347.3 355.1 365.4 373.4 375.5 373.8 368.5 357.2 350.9 361.4 375.7 388.1 398.8 411.4 425.8 440.5 452.3 464 474.7 485.3 492.8 498.7 500.4 498.4 493.7 488.4 484.6 480.4 478.4 477.7 481.5 486.1 489.1 490.1 485.2 478.2 469.7 461.2 450.5 439.2 433.7 429.6 425.3 423.8 420.3 415.5 410.8 403.5 398 393.3 384.7 370.2 367.9 383.9 398.1 413.5 427.6 439.2 448.3 456.2 463.4
364.2 351.1 338.5 332.5 328.6 325.1 322.9 318.4 301.1 300.6 300.2 299.8 300.2 314.9 322.6 327.1 332.6 338.8 346.2 353.4 359.8 362.2 361.6 357.1 349.3 349.4 363 377.5 390.1 403 415.5 428.3 441 454.3 465.3 476.1 487.3 496 502.4 505.3 502 497.6 493.7 490 487.2 483.8 483.6 486.6 491.8 495.1 495.7 490.6 481.9 472.8 463.3 452.9 442.3 437.2 433.9 429.4 428.4 424.6 419.7 414.1 408.4 402.8 395.8 386.7 369.6 362.8 381.4 398.5 413.8 428.2 440.6 450.8 458.9 465.2
369.2 355.6 341.5 332.6 329 323.3 319.5 313 300.5 300.7 300.3 298.7 298 298.3 310.5 322.3 325.4 330.7 337.2 342.8 348.1 349.7 350.1 347.1 342.5 348.1 365.1 377.5 389.9 401.6 413.5 426.1 439 451.8 463.6 475.4 488.5 496.7 503 505.5 503 499 495.4 494.2 491.5 488.2 487.6 489.9 494.2 497.9 496.7 491.7 483.4 474.1 463.4 453.5 443.7 439.4 435.2 434.1 433 428.5 422.9 417.3 411.4 405.4 397.7 385 367.9 361.8 379.8 397.7 413.7 426.7 438.9 449.3 456.8 464.4
372.9 360 346.3 335.1 327 322.4 320.1 316.4 301.4 299.8 298.4 298.2 297.5 297.2 302.2 321.2 320.6 324.2 329.4 333.5 337.5 339.9 340.4 338.9 335.3 350.5 365.4 376.2 386.8 398.5 409.9 421.7 435 447 459.8 472.7 485 492.4 497 498.3 496.3 493.7 493.3 492.3 491 486.9 486.4 488.8 491.7 494.8 493.7 488.6 482.2 474.3 463.6 453.7 445 441.1 437.5 437.4 436.2 431.8 426.1 420.2 414.3 407.8 399.4 383 364.6 359.7 377.5 393.9 410.2 422 435 444 452.6 461.8
377.6 366.7 352.5 340.7 330.1 322.1 317 313.8 310.4 310.5 314 313.4 297.7 296.3 296.9 317.1 317.2 318.9 323.2 325.4 328 331 331.4 330.7 336.2 352.2 364 374.5 384.5 394.4 404.9 417.4 430 441.4 453.1 466.4 478.1 483 485.4 487.2 485.6 486.3 486.2 485.5 484.1 480.5 480.4 482.1 483.9 489.2 489.4 483.7 479.6 473.2 463.5 452.6 444.4 441.5 440 440.5 438.9 435 428.9 422.2 414.8 408.1 400.3 386.5 366.4 354.6 372.5 388.9 402.3 413.9 427.2 437.8 448.2 459.4
382.4 372.2 360.1 348.4 337.6 327.4 320.1 314.3 310.1 308.4 306.4 306.7 307.1 296.4 295.3 308.5 314.3 314.1 316.4 318.8 321.1 323.6 324 326.9 338.8 350.2 360.3 371.3 381.3 390 399.4 410.8 423 433.9 443.8 457 468.4 473.1 472.6 473 473.8 473.2 473.5 473.7 471.7 468.9 468.9 471.6 474.5 479.2 482.1 477.4 473.5 468.4 460.7 451.5 444.5 441.1 441.2 443.9 443.4 437.7 430.1 422 414.9 407.3 397.8 386.3 368.1 353.1 366.3 381.8 393.1 405.2 419.5 431.9 446 460.6
385.5 375.9 368.3 357.7 347.6 338.9 327.4 319.5 314.1 309.5 308.7 309.1 303.3 295.8 294.5 304.8 311.2 310.9 309.9 312.7 315.5 317.1 317.7 326.9 337.6 346.1 356.4 366.3 375.2 383.6 393.4 404.5 416.1 426.1 436.4 447.7 458.1 460.5 459.8 458.3 458.3 458.8 460.6 459.4 457.4 454.9 457.8 459.4 463.8 469.5 472.7 470.3 466.2 461.9 455.3 447.8 443.3 441.2 442.8 447.5 447.4 437.8 427.8 419.2 410.9 402.2 392.6 377 364.5 351.3 362 371.9 390.3 403.5 417.4 431.6 446.3 464.4
388.8 382.4 375.2 366.8 357.9 349.5 340.9 330.3 317.7 311.6 308.2 306.6 303.5 295.9 294 294.5 309 307.4 306.9 308.6 309.3 311.2 317.9 326.7 333.8 342.4 350.9 359.1 366.8 376.1 387.6 398.8 410.2 419.4 429.6 439.6 447 449.9 449 447.6 445.4 444.6 445.3 444.5 444.5 443.7 445.8 448.1 452.7 458.1 462.7 462.9 459.9 456.2 450.7 443.3 437.7 435.2 438.2 444.7 443.9 435.5 423.6 413.7 405.1 393.2 382 368.9 357.6 350.3 364.8 378.8 392.2 406.6 419.7 433.9 449.5 467.4
389.5 385.1 380.7 374.5 368.1 360.8 351.4 341.3 327.9 317.3 308.7 304.5 303.1 297 293.7 294.1 292.4 297.9 301.1 302.9 306.1 312.3 318.6 323.5 330.5 336.9 344.9 353.2 361.1 368 381.2 393.4 405.3 413.8 422.8 431.7 436.7 439 438 435.7 432.8 430.1 430.3 430.8 431.5 431.2 433.1 436.8 441.3 446.5 451.7 452.9 453.3 452.1 447.4 438.8 429 423.1 430.9 437.7 438.6 428.8 417.3 407.2 394.7 380.6 371.6 362 350 351.7 369.1 384.5 398.5 412.7 425.8 441.1 454.4 467.9
387.7 385.8 382.2 379.1 376.7 372.8 365.1 352.8 340 328.3 315.7 309 306.3 302.6 294.1 293.8 293 292.3 292.3 303.2 306 309.8 315 320.7 326.3 332 339.3 348 355.8 365.1 376.5 388.6 400.5 407.9 415.4 422 426.1 428 426.6 422 419.6 417.2 416.6 417.8 417.7 418.5 421.9 426.2 430.8 435.5 440.2 443.9 445.7 446.4 442.9 433.4 424.4 415.9 420.8 428.1 428.6 421 409.3 397 383.8 371.8 363.5 356.1 343 357.8 374.6 390.2 405.7 417.3 430.7 443.5 456.3 469.1
383.3 381.7 380.3 376.8 373.6 371.3 368.5 361.9 351.1 341.2 330.5 321.8 314 306.9 301.5 293.4 292.5 291.9 290.9 290.9 296.1 305.2 309.5 314.7 319.2 325.9 333.2 342.2 350.4 360.8 372 385.1 395.8 402.5 408.9 410.8 412.8 414.7 413.9 407.7 405 401.2 403.1 405.4 405 406.6 411.2 415.8 420.3 425 429.8 434.9 437.5 439.3 434.9 426.8 418.2 410.9 405.3 414.2 416.2 411.9 400.9 382.7 368.3 364.2 357.9 348.4 340.6 358.1 376.2 392.8 408.1 421.1 432.3 444.2 455.4 465.3
375.3 374.3 370.9 368.2 365.7 363.3 360.7 355.3 351.2 349.2 341.6 335.7 328.1 321 316 306.9 292.9 291.7 291 291 289.6 290.1 304 306 313.9 320.1 328 337.2 346.3 356.4 367.8 380.8 390.9 396.6 399.3 400.2 400.7 400.3 398.2 394.8 392.5 391.2 390.7 392.1 390 389.7 396.4 403.2 409.7 414.8 420 425.2 428.3 429.1 426.3 420.1 412 403.2 392.6 398.7 402.8 399.4 389.9 378.8 362.9 355.9 350.9 345.8 341.8 359.3 376.4 393.3 408.8 421 432.2 443.3 452.8 462.6
367.3 364.6 362.2 359.7 357.2 354.7 351.8 348.4 345.9 344.4 341.9 340.3 338 333 325.6 316.7 307.1 291.2 290.3 290.1 289.6 289.4 288.9 298.6 307.4 312.9 323.2 332.1 341.4 350.8 363.4 371.1 380.9 386.3 388.3 388.6 388.7 388.8 386.4 384 383 381.8 381 380.4 378.6 378.8 384.6 392.4 398.8 405.5 410.8 415.7 419.6 420.5 417.8 413.3 405 395.3 383.2 384.5 387.3 386 380.1 366.7 356.7 348.2 343.9 340.9 338.7 358.6 376.1 391.8 405.7 416.7 426.4 437.1 447.6 458.2
358.9 356.1 353.5 351.2 348.7 346.2 343.6 341.1 339 337.5 336.5 336.3 336.4 337.6 332.5 324 314.2 303.9 299.3 292.2 288.9 288.4 288 288.2 301.1 307 317.3 325.9 333.3 345.3 354.2 361.2 365.9 371.7 374.3 376.2 378 378.9 377.6 374.5 372.5 369.9 370.7 371.1 366.2 367.7 376.5 383.8 389.4 396.2 401.9 408.4 413.5 416.3 413 408.2 399.9 389.8 379.1 370.8 373 370.8 369.8 359.6 349.1 341.2 336.7 334.6 340.1 357 373.7 387.8 399.7 411 421.7 433 444.8 454.9
352.5 349.5 346.6 343.9 341.5 338.8 336.2 334.1 332.1 331 329.9 329.6 330.4 330.7 327.9 322.6 317 308 300.4 298 289 288.3 287.7 287 285.9 302.3 311.5 318.6 325.4 333 340 344.3 352 357.6 361.5 364.1 368.2 369.5 367.9 365.5 360.9 357.8 359.7 358.8 351.9 360.4 369.3 374.5 380 387.3 394.4 403.2 410.8 414.6 412.9 406.4 397.9 385.3 375.9 363.5 359.2 357.4 353.9 347.9 340.7 332.4 325.8 321.6 337.8 354.8 371.8 384.8 397.2 408.9 420.7 434.2 443.4 454.5
352.4 346.3 341.5 339.4 337.4 334.2 331 328.9 327.4 326.3 324.2 323.1 323.5 323.8 321.3 319.3 315.3 308.2 301.6 298.6 288.7 288 287.3 286.5 285.6 286.5 303.4 309.2 314.6 321.2 327.3 333.4 336.4 342.1 346.2 350.9 355 357.5 357.3 354.9 350.8 344.6 347.7 346.2 343.5 353.2 359.1 365.3 371.8 379 388.2 401.7 411.6 416.5 416.2 407.9 396.9 382.3 372.4 361.3 348.9 344.3 341.2 336.6 332.1 322.7 314.5 326.2 341.8 356.7 371.4 383.7 395.2 408.8 422.9 435.3 444.1 452.7
352.7 348.5 344.8 339.7 335.3 332.8 330.3 327.5 325.6 324.5 322.2 318.9 317.4 316.9 315.3 313.3 311.2 307.8 302.6 298.5 296.8 291.4 287 286.3 285.8 284.4 290 300.4 305.9 310.7 314.9 317.8 321.8 326.6 331.6 337 340.5 343.7 344 342.6 339.1 331.4 336 333.7 337.2 345 350.9 356.6 365.3 375.4 386.3 400.5 413.4 422.1 420.3 411.1 398.6 382 367.9 356.6 347.1 338.6 328.9 325.2 322.8 312.6 319.5 332.4 347.7 361.4 374.9 387.5 399.9 414.6 426.8 436.3 443 450.8
355.6 351.8 348.1 344.1 339.2 334.4 331.5 328.4 325.8 323.9 320.7 318.2 315.4 313 310.2 307.7 305.1 302.8 298.9 296.5 297 295.6 294.2 294.1 285.7 284.3 283.2 284.6 293.9 298.7 303.8 307.2 309.8 312.9 317.5 324.3 327.1 330.1 330 328.3 326.5 322.6 325.5 324 329.6 336.6 343.4 349.7 359.6 371.5 386.3 400.1 412.8 421.5 418.7 411.1 397.2 382.5 366 352.2 344 336.9 328.8 320.2 313.6 308.9 323 339 355 369.3 383.4 395.1 407.6 419.8 430 437.6 442.1 444.4
360.5 357.5 353.9 350.5 345.9 341.7 338.9 333.2 330.2 325.9 323.4 321 317.4 315.3 312.4 309.1 305.4 302.5 298.3 293.9 294.4 294.9 293.8 292.6 288.8 284.5 283.7 282.6 283.1 284.7 291.3 295.8 298.6 301.8 305.2 309.7 314.4 314.2 315.6 315.6 315.1 314.3 316.3 316.9 321.3 328.3 335.5 344.4 354.2 367.9 384.3 397.9 408.7 414.4 410.5 403.7 392.3 380.4 365.3 347.6 339.3 333.4 326.5 318.5 310.3 306.8 324.7 343.1 360.8 376.2 390.8 402.8 414 424.3 433.8 438.6 439.9 436.6
364.7 361.9 361.1 360.4 358.6 353.8 347.6 340.9 335.7 333.3 330.6 327 323.3 320 320 317.3 311.5 307.1 302.8 296.8 291.7 290.2 285 284.1 284.5 283.7 283.5 282.5 282.8 282 283.7 283 286.1 287.1 291.1 296 299.8 302.2 303.9 303.9 305.7 307.4 309 310.4 314.6 322.2 330 340.1 350.1 365.6 379.6 392.1 400.7 404.6 400.3 394.7 388.4 378 365.2 346.2 334.9 328.2 322 314 306.2 304.3 326.5 347.8 365 381.7 396.5 409.3 421.1 431.3 435 436.8 434.4 426.2
366.1 364.5 365.6 367.2 367.6 363.9 360.6 352.8 347.1 342 339.6 335.3 328.8 323.2 320.6 317.3 312.6 307.2 303.1 299.2 289.1 286 284.8 284.2 283.7 283 282.4 282.1 282.4 282.8 281.4 281.1 280.8 280.5 280.6 281.6 287.5 291.4 295.3 296.1 298.8 300.6 302 304.1 309.4 316.4 325 335.5 346.9 361.5 374.4 383.4 389.3 391.6 389.8 388.1 384 378.9 364.9 345.5 331.9 324 317.3 309.2 303.5 308.2 331 349.5 367.6 386.1 400.5 413 426.7 432.7 433.1 432.2 425.5 416.6
367.3 366.6 367.3 371.7 374.8 374.7 371.6 368.7 365.3 360.6 352.7 344.6 336.7 327.9 324.1 320.5 315.5 310.6 304.3 295 286.9 285.8 284.3 282.6 283.7 282.7 282.1 281.8 281.2 282 281.2 280.7 280.3 280.2 280.2 278.3 278.4 280.6 283.3 288.3 292.3 294.7 296.1 297.9 305.2 310.9 320.1 330.2 342.7 356.4 368.2 375.3 376.9 378.1 377.4 376.8 375.7 374.6 363.4 345.6 329.1 321.1 314.6 306.5 301.1 312.5 331.3 347.7 369 386.7 401.5 414.3 427.4 429.1 427.6 424.1 417.1 405
