UK/data/sh/sh61_OST50GRID_20230518/SH61.asc
ncols 200
nrows 200
xllcorner 260000
yllcorner 310000
cellsize 50
[rows 0 to 36 of 200, columns 83 to 165 of 200]
253.5 255.5 253.4 250.3 248.8 246.5 241 234.6 226.8 221.1 214 207.2 203.5 208 205.6 205.3 205.5 205.1 203.6 203.8 214.7 225.4 223.4 222.5 219.9 220.8 215.4 220.3 222.1 222.4 237.3 238.8 229.2 215.1 210.5 203.6 196.3 190.5 185.5 180.1 172 165.8 159.6 147.4 146.1 147.2 145.9 139.9 135.6 131.1 127.3 126.7 123.5 125.1 121.7 121.3 119.1 126.1 136.1 148 170.2 183.6 197.5 213.7 228.4 243.3 258.4 270.7 274.2 273.5 280.7 281.6 280.9 278.4 268.1 267.6 266.4 266.4 258 237 241.4 244.1 229.6
253.3 254 253.4 251.5 250.1 247.8 240.4 230.8 223.7 216.9 208.8 201.7 198.2 202.2 199.7 197.9 197 192.7 193.1 200.9 216.4 209.6 208.7 209.6 210 214.1 221.5 221.6 222.1 233.5 247.5 250 234.9 220 210.7 205.4 197.8 189.9 186.1 182.1 173.9 166.9 158.4 151.2 141.4 136.4 129.1 127 124.2 123.3 122.2 120.1 121.9 121.2 117 117.5 122.9 134.4 147 161.5 174.5 187.7 201.8 219.8 234.5 250.7 258.1 264.6 272.4 267.5 265.3 271.2 272.5 269.1 270.7 265.1 274.4 274.5 258.6 244.2 248.5 251.4 235.5
252.2 252.5 251.9 251.3 251 247.2 239 228.9 220.6 212.5 204.8 198.5 189.5 195.5 195.6 190.8 187.7 185.2 184.8 195.9 198.4 192 191.6 198.7 206.5 219.8 225 226.6 227.3 238.1 257.1 256.2 239.6 226.2 214.7 204.5 199.2 190.4 182.9 178 172.4 166.4 157.3 150.5 143.5 139.7 136.3 131.5 126.5 123.5 115.2 118.2 119.9 114.5 115.3 122.7 131.8 144.3 155.3 166.8 179 189 209.2 225.3 238.2 246.8 253.3 259.3 264.2 258 259.1 267.2 263.4 264.3 260.3 276.2 282.1 276.4 258.8 264.2 247.9 243.1 235.8
249.4 248.4 248.4 253.1 250.9 245.1 236.1 228.4 219.6 211.5 202.9 193.8 183.8 188.6 187.1 184 181.4 176.4 177.9 185.9 182.5 180.4 184.1 200.3 223.3 223.7 225.4 236.2 241 261.7 265.2 262 245.3 230.9 220.4 205.1 199.2 193.5 184.8 176.5 169.9 163.7 156.3 148.5 143.1 140.4 136.5 131.6 125.9 122.8 119 110.4 113.1 111.1 119.2 127.6 135.7 148.7 160.2 170.3 182 194.9 212 232.8 237.9 246.4 249 247.5 251.8 245.9 255.7 247.2 253.2 263.5 274.3 276.9 276.9 274.1 259.4 270.3 251.7 242.5 234.2
246.8 247.7 250 251.4 250.7 244.1 235.5 226.9 220.6 213.2 204.7 194.2 179 177.9 178.2 176 171.9 169.6 170.1 172.6 171.8 177.2 193.4 210.5 216.2 225 230.9 241.5 243.7 256.7 262.9 263.2 251.9 236.9 225.4 216.9 203.6 195.6 185.9 174.5 165.5 160.6 152.4 145.8 139.3 133.3 134.6 131.9 126.7 121.4 116.6 107.8 110.1 114.9 121.8 130.6 142.7 152.7 164.8 178.2 191.2 202.7 218.2 230.2 238 240.5 243 243.9 242.6 232 228.7 241.9 254.8 265.9 267.1 262.5 264.5 260.2 273.6 269.8 257.6 245.4 235.8
247.4 250.3 253.2 255.3 254.9 251 236.5 228 221.9 216.7 203.9 194.8 179.8 171 170.9 169.8 164.9 163.6 165 164.1 167.8 182.5 195.6 206.4 225.1 230.6 234.8 246.8 248.1 265.5 270 262.4 253.8 240.9 228.4 222.8 212.1 199 189.1 178.8 170 159.6 151 146.3 135.5 128.5 126.3 125.5 124.1 119.7 113.7 98 111.7 116.5 124.5 133.5 143.5 158.1 171.1 187.9 198.1 208.4 218.1 229.3 232 232.7 234.4 228.4 227.9 219.8 227.3 237.2 248.9 255.4 255.3 254.5 256.4 256.6 268.1 267.3 252.8 247.8 237.2
246.1 251.4 255.1 259.2 256.7 253.1 238.3 227.7 221.4 214.8 206.4 192.5 178.7 169.3 166.6 163.1 158.8 157 157.6 167 176.6 181.9 192.7 218.3 239.1 231.1 245.7 251.8 264 282.4 288.2 271.1 256.9 245.2 232.4 223 213.8 204 193.3 184.6 165.1 155.1 148.1 143.1 139.9 130.5 124.4 121.8 122.3 118.9 112.5 95.6 110.4 117.5 125.7 134.6 149.5 165.4 181.2 196.4 201.9 206.9 215.5 220.1 225.7 221.3 227.7 231.1 223.8 212 217.2 228.6 240.8 245.4 246.5 250.5 242 255.6 260.8 257 243.1 240.3 235.7
243.9 249.8 255.2 258.2 254.6 251.4 237.6 226.1 218.9 212.1 204.3 193.6 180.1 163.8 162.1 161.6 155.9 151.6 159.2 164 173.2 181.9 200.9 227.4 225.6 242.3 253.9 263.3 277.9 291.7 300 281.9 264.1 246.9 236.7 224.9 216.8 210.2 202.6 183.8 164.5 156.6 149.2 143.5 140.9 135.6 131 122.8 115.2 115.9 111 91.9 107 119.2 124.5 139.6 152.8 172 183.1 190.2 195.7 204.3 207.5 215.5 223.7 227.2 231.9 220 210.5 199.4 209 221.5 233.4 237.5 240.4 228.1 238.9 250.3 244.2 235 228.9 223.1 225.2
240 249.4 257.6 255.7 253.7 248 232.8 224.4 217.5 211.5 203 191.5 178.5 162.8 158.1 158.9 154.8 150.9 152.8 163.3 165.2 185.1 208.8 224.2 227.4 240.6 262.2 267.3 279.2 295.4 308 295.6 272 256.3 242.3 232 223.4 213.3 200.7 187.4 173.1 164.2 160.8 150.7 140.4 137.5 135.1 124.2 115.2 108.2 105.5 90.4 104.3 116.8 130.4 145.3 167.1 173.8 173.2 181.7 194.2 198.2 202.3 220 223 217 207.4 200.4 198.3 191.2 205.4 216.3 225 226.6 226.5 212 236.2 231.4 230.6 220.1 212.6 205.1 212.2
238.4 254.5 261.2 256.1 250.8 243.1 231.7 223.1 219.2 209.3 200.5 185.9 177.6 160.7 154 153.5 153.3 148.3 154.3 155.9 165.3 193.9 205.2 207.6 225.5 243.1 259.9 276.7 286.5 304.9 316.1 299.9 278.9 265.9 251.7 238.2 228.3 217 206.7 198.1 188.8 172.3 173.3 159.6 149 146.8 137.8 126.3 117.5 108.9 97.2 86.6 103.6 114.7 124.6 145.7 150.5 156.2 164.9 173.5 188.2 195.7 215.7 220.8 215.3 199.1 193 189.3 184.4 183.2 198.6 208.1 214.4 214.4 206 196.1 214.6 220.7 215.5 205.5 195.7 195.6 202.8
239.6 258.4 263 257 250.3 238.3 227.7 226.3 221.2 208.4 196.7 185.6 174.7 159.2 152.2 151.6 151.1 145.7 146.5 152.2 176.6 196.3 195.7 210.8 223.6 249.9 256.5 275.9 294.2 311.4 319.4 305.1 281.8 270.6 260.2 247.3 233.6 224.7 216.6 208.9 203 186.1 177.9 167.7 160.6 161.1 151 134.2 115.5 110.9 103.3 85.6 100.5 113.7 119.9 127.2 134.5 141.8 156.3 168.8 188.5 205.8 215.1 212.3 197 190.9 188.5 184.6 176 178.2 190.8 201.3 206.3 196.7 182.2 195.7 205.9 208 207.1 192.2 189.8 188.9 191.9
244.2 261.3 265.4 261.5 248.7 236 229.6 230.5 228.5 207.9 193.3 182.7 168.2 154.7 150.9 147.8 146 143.7 144.5 161.9 177.9 177.7 187.6 208.1 225 237.1 260.8 282 303.1 315.3 319.7 317.7 295.3 280.3 272.7 261.6 253.7 239 228.6 215.8 204.2 193.6 186.9 177.8 168.3 169.6 156.2 139.8 124.4 113.5 102.3 80.3 92.6 110.3 110.5 113.7 119.6 133.4 145.2 162.7 181.9 200.9 196.6 196.6 194.5 189 180.1 173.4 170.5 169.6 183.4 189 182.9 173.7 166.9 185.7 191.8 199.3 195.9 182 174.4 178.4 177.5
247.1 264.8 263.1 262.6 243.1 234.4 231.2 236.5 229.2 215.1 197.4 181.6 165.6 151 147 145.6 144.9 143.1 147.6 158.2 160 161.2 189.8 194.5 218.5 231.6 267.9 287.6 303 316 319.6 325.7 318.5 291.7 277.9 273.6 270.5 258.8 237.1 223.3 213.6 206.3 195.4 183.6 176.7 169.2 159.4 146.6 130.8 113.6 100.8 79 85.9 102.7 106.8 108.8 113 118.8 133.6 151.2 181 175.5 184.2 190.7 189.4 188.9 170.3 171.1 168.6 165.8 171.4 166.1 162.5 151.7 159.2 175.8 182.8 183.9 178.9 167.2 163.9 165.4 162.6
252.6 262.9 262.6 258.6 245.1 233.2 231.1 232.9 230.8 215.4 198.4 179.7 160.4 148.9 145.4 143.6 144 141.4 143.6 149.3 148.5 163 181.7 196.7 208.9 244 274.6 293.3 293.8 305.1 314.1 319.9 322.2 307.8 294.7 292.9 291.8 286.1 262.4 242.8 227.6 214 202.1 185.9 177.5 171.5 161.6 149.1 131.4 109.8 98.7 88.6 67.8 91.8 98.2 99 104.2 106.5 125.7 148.1 157.4 170.7 175 182.2 183.9 173.1 163.9 158 151.4 148.1 152.6 145.3 142.7 138.3 155.4 165.6 166.2 171 164.6 146.8 152.4 157.1 150.2
241.2 254.2 256.4 252.3 245.3 236 229.1 232.4 222.6 204 188.7 175.3 160.2 147.6 144.3 141.5 140.8 140.4 139.9 144.7 146.3 160.7 180.2 193.4 210.1 243 269 278.9 290 295.3 310.7 316.7 309.6 309.5 306.5 303.6 312 303.7 284.8 257.6 241.2 223 207.1 183.3 179.4 174.7 163.5 152.3 129.5 109.1 94.8 92.8 77 70.4 91 92.2 92.3 108.1 123.9 138.8 161 163.5 167.2 173.7 170.8 163.4 160.9 147.9 138.3 130.2 134.8 126.8 114.4 132.4 141.5 152.9 157.2 154.2 145.3 134.9 130.4 135.8 124.8
236.5 249.9 247.5 246.5 241.9 231.1 222.6 222.4 206.6 194.6 180.8 170.3 154.8 146.1 141.2 139.4 139 138.7 138.3 138.7 147.1 158.3 180.2 191.9 223 257.2 267.6 283.5 286.9 287.9 303.5 303.3 318.1 308.7 303.5 305.9 304.3 299.3 293.7 279.4 254.6 227.2 205.4 184.3 173.9 170.4 166.1 145.4 127.8 109.2 90.2 87.9 75.9 57.6 84.8 89.6 92.7 108.3 129 142.1 152.1 156.4 160.9 164.3 155 150 136.1 124.3 117.4 108.9 116.4 100.5 95.2 121.3 127.7 141.9 146.3 137.8 129.2 117.4 114.1 115.1 99.3
221.2 239.5 239.8 239.9 230.7 215.8 215.7 204.8 189.3 184.4 171 158.6 149.1 139.8 138.3 137.5 137 136.8 137.1 139.4 150.2 166.4 189.4 196.8 220.3 253.2 267.9 273.8 276.9 288.8 292.1 305.8 312.8 308 307 297.2 303.1 301.9 292.9 278.4 258.2 231.6 205.9 184.7 173.7 165.8 158.3 144.2 128.9 109.3 91 82.6 63.5 62.1 73 76.1 92.8 109.1 119.6 139 141.6 145.2 147 143.3 132.8 125.2 111.8 106.2 95.6 85.7 90 82 86.3 107.2 114.6 122.4 118.9 116.6 102 89.7 84 90.2 103.2
209.9 230.1 230.2 224.8 217.5 205.9 198.9 184.1 178.6 168.7 153.8 148 138 136.5 136.2 135.6 135.6 135.9 136.5 144 157.5 179.8 191.8 201.9 229.9 252.9 255.3 256.7 268.4 277 301.6 308.1 293.3 289 305.9 307.2 301.7 294.5 283.6 270.9 255.1 233.3 202.3 185 174.8 165.5 150.1 141.5 131.1 113.3 96 78.2 50.1 56.4 69.7 70.5 83.3 98.1 121 125.7 122.5 126.5 127.3 114 103.7 98.3 89.8 82.1 72.5 67.1 69.5 65.9 73.2 92.2 96.8 98.8 91.1 83.6 76.1 70.5 92.9 107.1 95.8
200 219.4 215.3 210.1 205.2 189.9 180.6 179.2 169.7 155.7 149.2 139.9 135 134.2 134.3 134.6 135 135.2 136.8 150.5 168.9 175.3 182.4 200.5 225.1 236.7 242.3 253.9 261.7 280.3 297.4 292.4 290.4 298.6 303.7 298.5 283.7 278.9 268.4 259.6 248.2 232.4 207.6 185 175 163.9 146.5 137.5 122 113.7 96.8 77 52.4 52.7 56.6 64.7 78.4 87.6 109.7 106.5 98.6 102.3 100.4 94 85.8 76.4 68.8 58 52.9 45 47.7 51.3 52.4 72.3 74.3 73.4 65 64.9 79.7 94 88.2 81.8 66.6
195.7 204.5 199.9 190.4 180.4 174.1 174.6 158 152.9 144.2 139.9 134.6 132.9 133.3 133.6 134.2 135.9 135.1 141.1 160.9 165.1 175 187.7 200.8 214 228.3 238.8 244.2 256.8 274.8 276.1 283.7 288.4 289.1 288.3 279 266.6 262.8 249.6 237.2 223.9 216.9 202.1 185.6 175.7 163.3 151.9 140.8 121.3 111.9 100.2 79.4 68 39.7 50.6 60.1 73.6 85.8 89.9 84.4 80.7 76.5 77.8 73.4 65.8 70.7 52.9 41 38.6 30 28 39.7 46.3 53.1 46.1 50.8 73.1 86.4 92.2 80.1 64.4 55.3 38.9
187 189.9 180.6 167.6 168 165.3 154.2 147.6 139.2 134.9 133.9 132.4 132.2 132.5 132.9 133 135.6 137.5 148.9 158.8 171.8 174.1 186.4 194 202.5 214.7 225.5 235.1 249 258.5 267.6 281.1 279.6 270.2 262.8 254.4 235 224.5 216.8 202.5 198 193.3 180.1 167.6 172.1 163.7 150.6 141.7 119.5 109.6 102.2 84.1 75.8 52.4 38.1 50.2 70.8 74.8 71.4 65 62.5 58.8 57.5 47.8 54.9 46.8 36.5 31.5 21.1 11.4 22.3 23.1 23.8 22.6 48.5 75.3 81.5 73.6 71.2 56.4 35.9 -1.2 -1.2
173.8 169.6 162.3 159.4 158.4 149.8 146 139.8 133.3 131.8 132 131.6 131.9 132 132.2 133.7 136.6 138.8 151.2 164 182.9 176.3 183.1 187.3 191.1 204.6 212.7 231.4 242.2 257 268.1 265.8 260.2 240.6 229.9 219 198.1 187.2 177.7 170.7 165.8 158.4 153.8 148.2 144.8 149 139.9 132 117.3 111.2 101.9 87.7 75.6 62 44.9 38.5 55.3 65.1 59.3 48.7 46 43.9 34.6 35 31.9 30.1 21.4 19 10.8 3.9 4.2 2.9 17.2 22.4 41.3 57.5 54.9 43.3 34.4 19.7 -1.2 -1.2 -1.2
154.9 151.2 152.5 146.5 143 145.5 133.3 132.3 131.3 131.1 131.1 131.5 131.3 132 134 135.1 139.1 142.2 156.7 172.7 177.5 173.8 175.2 175.8 185.3 192.7 207.3 230.5 244.5 249.5 247.3 241.8 227.9 210.2 193.9 185.9 162.6 150.6 141.6 134.8 128.3 122.8 126.1 111.7 107 120.5 121.6 123.3 109.1 111.1 102.8 90.2 77.7 61.3 46.3 19.1 54 50.3 40.2 36.6 31.5 28.1 27.6 21.8 20.2 15.2 8 4.6 2.4 2.5 3 2.5 3 7.1 13.7 18.8 18.7 15.8 12.2 -1.2 -1.2 -1.2 -1.2
140.6 139.1 141.1 137.8 133.4 129.6 130.3 129.8 130 130.9 130.8 131.3 133.5 136.2 141.6 150.9 144.6 147.6 165 168.6 163.8 171.8 167.4 166.4 174.2 188.7 205.6 220.7 233.1 230.4 224.2 211.9 199.1 179.8 159.7 148.4 126.3 113.6 107.9 96.8 88.8 98.6 94.2 78.1 72.6 95.2 98.3 107.4 99.8 100.9 102.6 86.2 73.1 54 37.4 15.7 38.1 33.1 30.1 26.8 27.3 30.1 21.2 12.1 7.2 3.7 2.5 1.9 1.8 1.9 3.8 4.4 2.1 3.1 8.9 10.3 6.9 -1.2 -1.2 -1.2 -1.2 -1.2 -1.2
127.4 132.2 132.4 130.1 127.6 126.5 130.3 131.6 132.5 131.7 131.7 132 136.4 146.5 163.6 168.3 146.3 143.4 159.9 157.1 162.2 162.6 156.8 160.2 176 194.6 204.2 209.5 215.3 214.6 200.1 188.7 170.6 155.7 131.4 113.9 95.4 82.7 74.6 58.6 50.7 64.3 62.9 55.4 46.8 69.6 72.4 85.4 77.4 99.6 92.2 78.8 66 48.8 31.6 11.4 25.6 24.8 17.6 26.9 27.7 22.7 13.1 4.4 3.7 2 1.7 2 -1.2 -1.2 -1.2 -1.2 -1.2 6 6.1 2.1 -1.2 -1.2 -1.2 -1.2 -1.2 -1.2 -1.2
121.3 123.4 126 123.5 123.8 130.1 132.7 134.1 133.4 132.5 132.5 135.2 147.6 164.1 169.8 162.5 137.8 137 150.8 148 152.2 150.9 147.4 157.7 174.2 187.9 192.6 201.2 200.6 189.4 182.6 172.7 152.7 134.1 108.6 85.5 65.2 54.6 42.2 25.3 25.3 37.6 31.6 42.7 38.3 37.5 56 56.8 77.1 88.9 79.2 74.6 57.5 42 19.8 16.8 12.7 8.5 18.3 19.5 21 15.4 3.4 3 -1.2 -1.2 -1.2 -1.2 -1.2 -1.2 -1.2 -1.2 -1.2 -1.2 0 -1.2 -1.2 -1.2 -1.2 -1.2 -1.2 -1.2 -1.2
114.1 118.2 118.7 124.6 130.5 135 136.1 136.9 134.9 137.1 145.6 150.8 162.4 168.5 164.4 144.2 127.7 127 133.9 135.7 142.2 137.4 143.1 150.9 168 179.3 181.3 193.1 189.3 181.3 171 151.7 133.5 113 88.1 59.6 41.4 29.6 14.6 8.7 8.9 14.2 16.4 18.8 21.1 29 33.5 42.5 64.7 72.4 64.1 63.4 54.8 34.7 17.5 9.2 4.7 2.8 5.6 18.8 20.2 4.5 -1.2 -1.2 -1.2 -1.2 -1.2 -1.2 -1.2 -1.2 -1.2 -1.2 -1.2 -1.2 -1.2 -1.2 -1.2 -1.2 -1.2 -1.2 -1.2 -1.2 -1.2
107.2 114.9 122.6 127.9 133.6 137.3 140.6 145.2 148.4 155.5 160.8 163.8 168.8 167.2 143.6 118.6 111.2 110.3 116.1 116.8 128.4 125.5 128.4 145.6 157.8 169 180.8 186.2 182.4 173.9 158.9 133.7 113 93.9 69.4 43.5 23.8 9.2 3.7 6.4 6.4 6.6 7.6 6.5 9 18.8 22.5 34 45.7 50.8 53 48 40.4 22.2 12.4 11.5 17.4 6.3 3 9.9 4.1 -1.2 -1.2 -1.2 -1.2 -0.9 -0.7 -1.2 -1.2 -1.2 -1.2 -1.2 -1.2 -1.2 -1.2 -1.2 -0.5 -0.1 -0.1 -0.3 -1.2 -1.2 -1.2
107.8 119.2 125.7 132.3 136.9 143.3 153.2 161.3 166.7 171.8 173.1 173.5 175.6 159.3 126 101.7 96.3 97.3 105.9 109.5 113.1 108.6 118.5 137.5 153.2 163.6 180.3 181.5 177.5 162.9 144.7 120.6 97.4 75.7 56.8 36.3 12 3.9 3.5 6.5 5 5.4 4.7 3.2 3.3 10.9 21 25.7 43.2 43.6 41.6 40.2 31.2 13.7 26 28.9 13 2.9 -1.2 1.6 -1.2 -1.2 -1.2 -1.2 -0.7 -0.6 -0.5 -0.5 -1.2 -1.2 -1.2 -1.2 -1.2 -1.2 -1.2 -1.2 0 0.6 1 1.2 2.5 2.6 2.1
114 121.4 129.3 137.9 150.1 160.8 175 180.8 184.5 183.8 175.9 173.8 159.3 135.6 108.4 89.5 81.3 81.3 90.7 92.6 98.1 101.7 111.7 128.3 147.6 168.6 179.4 180.8 166.2 157.6 126.1 104.9 84.6 62.7 42.7 24.3 5 3.5 9 17.5 19.2 18.1 10.4 3.4 3.2 7.5 11.6 21.7 33.2 32.2 22.7 21.3 12.8 25.5 29.8 15 3.4 2.6 -1.2 -1.1 -1.2 -1.2 -1.2 -1.2 -1.2 -0.3 -0.2 -0.1 -0.5 -1.2 -1.2 -1.2 -1.2 -1.2 -1.2 -1.2 0.4 1.4 1.7 2.8 2.6 2.7 2
117.3 127.3 138 152.5 166.6 182.8 191.6 195.8 200.5 205.8 187.5 165.3 146.6 117.6 93.3 78.4 71.2 74.9 83.4 83.4 92.6 94.2 106.3 127 151.3 168.3 175 176.5 159.5 137.8 113 89.5 71.8 49.9 34.9 17.8 5.4 9.6 19.7 28.7 31.3 33.5 24.2 7.5 3.2 3 4.8 12.1 18.2 16.5 15.2 9.8 20.8 18.5 6.5 3 3.8 2.3 -1.2 -1.2 -1.2 -1.2 -1.2 -1.2 -1.2 -1 0 0.2 0.2 -0.5 -1.2 -1.2 -1.2 -1.2 -1.2 -1.2 1.5 2.2 1.7 2.7 1.7 2.2 2.7
124.5 135.7 150.9 166.1 181.2 198.9 210.3 211.4 210.7 202.1 175.4 147.2 123.4 100.1 77.9 66.3 66.5 75.3 77.4 80.3 80.4 86.2 102.9 125.2 163.9 173.9 179.8 170.2 145.7 121.6 97.6 76.9 57.8 39.7 28.8 13.8 4.2 9.3 19 31.4 39.3 40.7 31.3 21 3.5 2.9 3.3 4.2 11 12.7 8 9.9 12.2 9.8 3.2 3 3.1 -1.2 -1.2 -1.2 -1.2 -1.2 -1.2 -1.2 -1.2 -1.2 -0.2 0.5 0.6 0.3 -0.5 -1.2 -1.2 -1.2 -1.2 1.9 2 1.9 2.5 2.6 2.1 2.1 2.5
133.6 146 163.2 181.2 199.4 215.1 218.8 210.9 208.3 188.9 164.2 133.3 106.4 86.1 65.4 60.5 65 83.9 74.1 66.3 71.1 89.3 103.6 131.2 163.8 171.8 176.3 162.8 131.4 106.8 89.6 63.7 47.4 34.5 16.4 5.7 3.4 13.4 22.6 32.2 39.7 42.9 38.8 25.7 10.6 2.8 2.7 3.2 5.6 11.4 8.9 5.3 3.4 2.6 2.8 -1.2 -1.2 -1.2 -1.2 -1.2 -1.2 -1.2 -1.2 -1.2 -1.2 -1.2 -1.2 0.6 0.9 1 0.3 -0.5 -1.2 -1.2 2 2.2 2.3 2 2.3 2.5 2.8 2.1 2.3
144.9 158.8 178.1 198.6 213.8 214.1 213.7 208.3 199.9 174.1 144 115.9 89.1 68.5 60.4 56.9 67.9 72.2 69 53.6 65 83 99.5 132.7 157.3 167.7 167 147.3 116.9 92.6 69.3 46.4 37.9 25.3 10.4 3.6 8 17.6 25.7 29.4 21.5 30 30.8 17.4 9 3.2 2.3 3.2 5.2 4.9 5.7 3.9 2.8 2 -1.2 -1.2 -1.2 -1.2 -1.2 -1.2 -1.2 -1.2 -1.2 -1.2 -1.2 -1.2 -1.2 -1 1.1 1.3 1 0.3 1.3 2.8 3.8 3.8 3.7 3.6 3.5 2.2 2.5 2.3 2.1
151.4 173 191.3 209.9 209.3 208.8 201.5 195.8 183.1 159.2 131.6 105.1 80.4 57.4 56.2 61.2 68.7 62.4 60.6 45.4 56.8 75.8 93.5 129.8 146 153.2 147.6 131.7 113.8 87.3 65.2 46.2 33.7 17 4 2 8.3 7.4 10.7 22 29.8 31 29.9 22.4 17.5 7 3.4 2.3 3.3 2.6 3.1 3.4 2.7 2.1 -1.2 -1.2 -1.2 -1.2 -1.2 -1.2 -1.2 -1.2 -1.2 -1.2 -1.2 -1.2 -1.2 -1.2 -0.2 1.5 1.7 3.5 13.7 14.4 9.2 4.9 2.1 1.8 3 2 2 2 2
160.7 183.9 198.2 204.6 204.3 195.2 185.6 182.9 173.9 147.9 119.2 95.5 69.1 45.2 46.1 55.7 56.1 54.9 48.9 39.3 47.1 63.4 89.8 117.5 137.4 135.9 138.1 121.7 98.9 75.1 57.3 44.9 28.6 12 3.3 2 4.5 11.3 14.3 21.3 41.1 39.8 40.2 34.1 29.9 17.8 3.1 3.1 3.1 2.7 2.7 2.7 1.7 -1.2 -1.2 -1.2 -1.2 -1.2 -1.2 -1.2 -1.2 -1.2 -1.2 -1.2 -1.2 -1.2 -1.2 -1.2 -1.2 0.6 9.1 20.7 28.4 33 24.6 11.8 2.6 2.1 1.8 1.9 2 2.1 2.2
168.6 189.6 194.4 194.9 188 181.5 173.7 180.3 162 133.6 109.2 81.9 53.6 33.3 31.7 43 42.5 45.3 33.2 30.3 38 59.7 90.7 110.8 126.4 132.4 120.9 103.7 89.5 66.8 49.9 35.7 21.9 7.6 2.4 2 2.8 3.7 12.7 24.9 42.7 44.7 37.6 35.7 24.7 17.6 6.6 2.8 1.4 1.2 2.3 2.7 -1.2 -1.2 -1.2 -1.2 -1.2 -1.2 -1.2 -1.2 -1.2 -1.2 -1.2 -1.2 -1.2 -1.2 -1.2 -1.2 -1.2 2.9 21.6 38.4 45.1 41.2 30.2 7.3 3.3 3.1 2.5 2 2.1 2.2 2.3
