WholeMapElevations/data/hy/hy63_OST50GRID_20230518/HY63.asc
ncols 200
nrows 200
xllcorner 360000
yllcorner 1030000
cellsize 50
[rows 0 to 51 of 200, columns 96 to 191 of 200]
6.7 6.7 7.1 4.2 4.2 4.2 4.2 4.2 4.2 4.2 4.2 4.2 4.2 4.2 4.2 4.2 4.2 4.2 4.2 4.2 8 9.5 11 11.9 12.4 11.8 11.2 11.3 9 7.3 5.3 4.3 5.1 5.4 5.5 5.5 5.5 4.3 2.1 0.6 2 4.9 5.8 7.3 8.6 8.8 8.3 7.8 7.7 7.2 6.3 3.5 2.1 3.3 3.8 3.1 5.3 6.3 7.9 7.3 7.1 7.5 8.6 9.5 10 10.4 10.9 11.1 11.4 11.6 12.1 12.1 12.6 12.1 13.8 14.2 14.4 14.8 15.5 14.5 13.6 13.5 13.8 11.7 10.2 10.8 11.5 12.3 14.6 16.5 15.9 13.5 11.8 11 11.4 10.6
6.7 6.6 6.9 5.2 4.2 4.2 4.2 4.2 4.2 4.2 4.2 4.2 4.2 4.2 4.2 4.2 4.2 4.2 4.2 4.2 6.2 8.5 10.2 11.6 11.9 12.3 11.8 11.2 10.1 7.6 5.8 5.3 5 5.3 5.3 5.4 4.3 4.5 4.6 0.6 2.7 5.3 5.3 5.4 6.7 7.9 7.7 6.5 6.8 6.1 5.3 3.1 1.6 1.6 1.6 1.6 4.3 7.1 6.9 5.1 7 6.9 7.9 9 9.5 9.9 10.6 10.7 10.8 11.3 11.6 11.8 13 13.2 13.4 14.3 14.9 15.2 15.9 14.8 13.8 13.3 13.7 10.6 9.6 9.8 11.5 11.7 12.7 15.5 15.9 13.4 11 9.8 9.7 10
7.4 7.3 7.2 7.1 4.5 4.2 4.2 4.2 4.2 4.2 4.2 4.2 4.2 4.2 4.2 4.2 4.2 4.2 4.2 4.2 5.4 7.4 9.4 11 12.3 12.9 12.2 11.6 11.2 9.1 7.3 5.6 4.8 4.9 5.4 3.9 3.7 3.9 4.9 1.2 3.4 4.1 3 3.5 4.7 6.6 6.8 5.5 5.3 5 3.2 1.8 1.6 1.6 1.6 1.6 3.7 8 6.5 5.7 5.9 6.5 7 7.7 9 9.5 10.2 10.3 10.6 11.4 11.9 12.4 13 14.1 14.4 14.4 15.1 15.6 14.8 14.7 14.4 13.8 12.7 11 10 9.7 10.7 10.9 11 11.1 11.9 11.6 10.8 8.7 9 9.4
7 6.9 6.8 6.8 5.9 4.6 4.6 5.4 4.2 4.2 4.2 4.2 4.2 4.2 4.2 4.2 4.2 4.2 4.2 4.2 4.9 6.5 7.6 9.2 10.9 12.9 12.7 12.6 12.3 10.6 8.9 7.1 5.4 4.3 3.9 3.8 3.9 4.1 4.2 3 2.9 3.1 2.5 2.5 4 5.2 6.1 5.1 3.7 2.4 1.5 1.5 1.5 1.5 1.5 1.6 1.6 5.4 5.5 4.4 5.7 6.8 7.4 7.8 8.4 9.3 9.9 10.1 10 11.3 11.7 12.3 13.6 14.9 13.9 14.4 14.8 15.1 14.7 14.4 14.1 14.3 14 12.2 10.5 9.9 10.6 11.7 11.3 9.2 9.5 9 8.6 8.4 8.6 8.7
6.7 6.6 6.5 6.5 6.5 5.1 5.5 6.8 7.6 6.3 4.4 4.2 4.2 4.2 4.2 4.2 4.2 4.2 4.2 4.2 4.8 6.5 7.8 8.8 10.3 13.1 13 12.7 12 11.6 10.4 8.7 7.1 4.5 4.7 5 5.1 4.2 3.3 2.6 2.1 2.9 2.5 2.5 2.8 3.3 4.8 1.6 1.3 1.2 1.1 1.1 1.1 1.1 1.2 1.2 1.3 1.6 1.6 4.3 5.9 7.2 7.9 8.5 9 8.9 9.7 10 10.5 11.2 11.9 12.5 13.3 13.9 13.7 13.6 13.3 15.3 15.2 14.5 14.1 14.6 14 13.8 11.7 10 9.5 9.7 9.3 9 8.8 8.7 8.6 8.6 8.3 8.5
6.3 6.2 6.1 6.2 6.2 5.6 6.4 7.2 8.1 8.8 7.6 7.1 6.5 5.5 4.2 4.2 4.2 4.2 4.2 4.2 5.7 6.5 8.1 9 10.6 12.9 13 12.6 11.6 11.3 10.5 8.7 7.3 5.9 5.4 5.2 4.7 4.3 3.3 2.5 2.7 2.8 2.5 2.5 2.5 2 1 0.9 0.8 0.9 0.8 0.7 0.8 0.8 0.8 0.9 1.2 1.4 1.6 4.4 5.8 7.4 8.4 8.8 9.2 9.3 9.7 9.8 10.4 11 11.6 11.4 11.8 12.1 12.2 12 12.5 14.7 15.5 14.3 14.4 14.6 13.6 12.6 12.8 11 10.1 9.4 9.1 8.9 8.9 8.8 8.7 8.6 8.1 8.2
5.9 5.8 5.8 5.9 5.9 6 6.7 7.6 8.4 9.2 9.8 9 8.7 8.1 5.6 4.9 4.2 4.2 4.2 4.9 6.7 7.4 8.2 10.1 10.7 12.6 13 12.7 11.7 11.1 10.1 8.2 7.1 6.3 4.8 4.3 5 4.8 3.6 2.6 2.7 2.6 2.5 2.4 -1 -1 -1 0.3 0.3 0.5 0.4 0.4 0.4 0.4 0.5 0.8 1 1.3 1.5 4.5 6 7.1 7.9 8.4 9 9.5 9.9 10.2 10.5 10.7 11.3 10.9 10.9 10.7 10.6 11.1 11.8 13.5 14.6 13.1 14.4 14.3 13.8 13.8 13 10.9 10.4 9.2 9 9.1 9 8.9 8.8 8.7 7.8 8
5.6 5.5 5.5 5.6 5.6 5.8 7 7.8 8.6 9.9 11 10.7 10 8.7 6.6 5.1 4.2 4.2 5 6.6 7.7 8.4 9.8 11.4 11.5 12.3 13 12.8 12.5 11.9 10.2 8 7.3 6.7 5.3 4.4 3.1 4.3 5.1 3.8 2.6 2.5 2.4 3.1 -1 0.2 -1 -0.2 -0.2 0 0 0 0 0.1 0.4 0.6 0.9 1.1 1.4 4.3 5.6 6.4 6.9 7.5 7.8 8.5 9.2 9.6 10 10.4 10.8 11.6 10.6 10.3 10.3 10.8 11.1 12.7 13.3 13.3 12.2 13.4 12.3 12.2 11.9 11.6 10.4 9.1 9.2 9.1 9 8.9 8.8 8.8 7.6 7.6
5.2 5.1 5.2 5.3 5.5 5.8 6.1 8 9 10.6 12.2 11.3 11.2 9.3 6.8 5.2 4.2 4.2 6.7 7.6 8.5 9.6 11.5 13.4 13.4 13.4 13.4 13.3 13.3 12.9 11.3 8.7 6.7 6 4.9 1.6 1.6 1.6 1.6 3.2 2.6 3.5 3 2.8 1.7 0.6 -1 -1 -0.6 -0.4 -0.4 -0.4 -0.3 0 0.2 0.5 0.8 1.1 1.3 1.5 4.1 4.3 5.2 6.5 6.3 6.9 8.4 9 9.4 9.9 10.3 11.2 10.7 9.2 9.8 11.1 10.9 12 11.4 12 11.6 11.7 12 10.9 10.7 10.8 11.3 9.6 9.3 9.2 9.1 9 8.9 8.8 8.4 7
4.8 4.8 5 5.2 5.4 5.7 6 7.4 10 11.9 12.9 12.3 12.1 10.5 8.1 6.3 4.2 6.1 7 8.1 9.2 10.5 12.7 15.1 15.3 15.2 15 14.8 14.7 13.4 12 9.8 6.4 5.2 1.6 1.6 1.6 1.6 1.4 1.2 1.3 1.4 1.4 1.5 3.9 1.3 0.6 -1 -1 -0.9 -0.7 -0.6 -0.4 -0.1 0.2 0.5 0.7 0.9 1.1 1.3 1.6 1.6 2.9 4.9 4.6 5.5 7 7.9 8.5 9.3 9.7 9.5 10 9 9.2 10.2 9.7 9.2 9 9.2 10.3 9.7 9.6 10 9.6 11.4 11 9 9.4 9.3 9.1 9 8.8 7.8 8.4 6.5
5.1 4.7 4.8 5 5.2 5.6 5.7 6.6 9.3 12 13.4 12.8 12.8 11 9.2 6.9 6.7 7.2 7.9 8.9 10 11.4 13.5 15.3 15.4 15.4 15.7 16.2 15.3 14 12.8 10.5 7.6 2 1.6 1.6 1.5 1.3 1.1 1 0.9 0.9 0.9 0.9 1.1 1.5 1.7 2.2 -1 -1 -1 -0.7 -0.4 -0.1 0.1 0.3 0.5 0.8 1 1.3 1.6 1.6 1.6 2.4 2.6 4.2 6 6.8 7.2 7.6 7.7 7.6 7.9 8.6 9.3 10 9.9 9.1 8.6 8 8.1 8.1 7.8 8.1 9.1 9.9 11.5 9.3 8.8 8.8 8.7 8.7 8.6 7.7 7 6.4
5.2 4.9 5.1 5 5 4.8 5.6 6.7 9 11.4 13.7 12.2 11.7 11 8.5 8.1 7.9 8.2 9 9.7 10.8 12.3 14.2 15.3 15.9 16.5 17.1 16.6 15.9 14.7 13.5 10.7 7.4 1.6 1.5 1.4 1.2 1 0.9 0.7 0.5 0.5 0.4 0.2 0.4 0.5 -1 -1 -1 -0.2 -1 -0.7 -0.5 -0.2 0 0.2 0.5 0.7 1 1.3 1.6 1.6 1.6 1.6 1.6 3.2 4.9 5.6 6.3 6.7 5.9 6.1 7 8 8.9 9.1 8.1 8.5 7.8 7.3 8.3 8.1 7.3 7.8 8.5 8.8 9.3 10.1 9.4 9.1 8.5 8 7.8 7.4 7.9 6.8
4.3 4.8 5.5 4.6 4 4.9 5.9 7.2 9.4 11.5 11.7 12.1 11.2 10.2 8.1 7.8 8.8 9.2 10 10.8 11.6 13.2 15 16.2 17.2 17.1 17.5 16.8 16 15.1 13 10.8 7.3 1.5 1.3 1.1 0.9 0.8 0.6 0.4 0.2 0.1 0 -0.3 -0.3 -0.7 -1 -1 1.2 2.4 -1 -0.8 -0.6 -0.3 -0.1 0.2 0.5 0.8 1 1.3 1.6 1.6 1.6 1.6 1.6 2.6 4.6 4.8 5.1 5.3 5.2 5.1 6 6.6 6.6 6.9 6.9 7.4 6.7 6.8 7.8 8.2 7.9 7.3 7.7 8.2 8.2 8.8 9.1 8.7 7.9 7.8 8 6.8 6.7 6.6
5.6 6.4 5.8 5.4 4.8 4.6 6.9 7.3 9.1 10.3 11.1 11 10.6 8.9 7.5 7.5 8.5 10.1 10.9 11.5 12 13.6 15.7 17.5 18.4 18.5 17.1 16.2 15.3 13.9 11.1 8.1 1.6 1.4 1.1 0.9 0.7 0.5 0.3 0.1 0 -0.2 -0.4 -1 -1 -1 -1 0.4 0.9 1.5 -1 -0.9 -0.6 -0.4 -0.1 0.2 0.5 0.8 1 1.3 1.6 1.6 1.6 1.6 1.6 1.6 4.7 5.2 5.5 5.3 5.1 4.7 4.5 5.6 6.5 7 8 6.9 6.2 6.3 7 6.9 8.5 7.3 7.5 7.2 7.3 7.6 8.2 8 8.4 8 7.7 6.4 6.2 5.9
1.5 1.6 2.3 4.5 6.7 5.8 6 7 8.2 9.1 10.3 10.1 9.5 8.3 6.5 7.1 7.9 9.7 10.8 11.3 11.9 13.6 15.3 17.1 20.4 21 18.1 15.6 14.1 12.6 9.9 7.1 1.5 1.2 1 0.8 0.5 0.3 0.1 -0.1 -0.3 -0.5 -0.7 -1 -1 -1 -1 0.2 0.9 1.6 -1 -0.9 -0.7 -0.4 -0.1 0.2 0.5 0.8 1.1 1.3 1.6 1.6 1.6 1.6 1.6 1.6 2.6 4.6 5 4.8 5.8 7.3 8.2 8 6.7 6 7.7 9.1 10 8.1 6.1 6.2 7 6.9 6.9 6.6 6.7 6.9 7 7.5 7.5 8.8 8.3 6.2 5.8 5.5
0.8 0.9 0.9 1 1.1 1.3 1.5 6.8 6.7 7.7 9.7 9.8 9 7.2 4.9 5.3 6.4 7.8 10.2 11.2 12 13.6 15.3 16.8 18.5 17.7 16.2 13.6 12 10.5 8.2 1.6 1.3 1.1 0.9 0.6 0.4 0.2 0 -0.3 -0.5 -0.8 -1 -1 -1 -0.5 -0.1 0.3 1 1.5 -1 -0.8 -0.6 -0.4 -0.1 0.2 0.5 0.8 1.1 1.3 1.6 1.6 1.6 1.6 1.6 1.6 4.7 6.7 6.4 7.9 3.6 1.5 1.3 1.1 1 1 1 1.1 1.2 1.3 1.5 6.2 5.6 6.5 6.3 6.2 6.4 6.6 6.5 7.5 9.3 9.4 7.2 6.5 5.3 5.2
0.1 0.2 0.3 0.3 0.5 0.6 0.9 1.2 1.4 1.6 6.4 9.1 8.1 6.3 4.1 4.1 5 6.4 8.3 10.6 12 13.3 14.6 15.9 16.1 15.6 13.8 11.6 9.4 7.7 1.6 1.3 1 0.8 0.6 0.5 0.3 0 -0.2 -0.4 -0.6 -1 -1 -1 -0.4 0 0.4 0.9 1.3 1.7 1.6 0.9 -0.3 -0.2 0 0.2 0.5 0.8 1.1 1.4 1.6 1.6 1.6 1.6 1.6 7.3 7.9 1.6 1.3 1.1 0.8 0.6 0.3 0.1 0 0.1 0.1 0.2 0.4 0.5 0.7 1 1.3 3 6 6.1 6.3 6.3 6.4 7.6 8.8 8.6 8.5 6.5 5 5
-1 -0.5 -0.4 -0.3 -0.2 0 0.2 0.5 0.7 0.9 1.1 1.3 1.6 6.2 4 3.3 3.8 4.9 6.5 9 11.4 12.9 14.2 15.3 15 14 11.2 9 6.7 1.5 1.2 0.9 0.7 0.5 0.3 0.2 0 -0.1 -0.3 -0.5 -0.8 -1 -1 -0.4 0 0.5 0.9 1.3 2.7 2.6 1.6 1.6 0.2 0.2 0.3 0.5 0.7 0.9 1.1 1.4 1.6 2.1 3.9 6.2 1.6 1.2 0.9 0.6 0.4 0.2 0 -0.4 -1 -1 -1 -1 -1 -1 -0.5 -0.3 -0.1 0.2 0.5 0.9 1.3 6.4 6.5 6.3 6.1 7.2 7.8 7.3 6.8 6 5 4.9
-1 -1 -1 -1 -1 -1 -0.4 -0.2 0.1 0.3 0.5 0.8 1.1 1.4 2.8 4.3 3.2 3.6 6 7.8 10.1 12.4 13.8 14.7 14 12.5 9.5 6.8 1.3 1 0.8 0.5 0.3 0.2 0 -0.1 -0.3 -0.4 -0.6 -0.8 -1 -1 -0.4 0 0.4 0.8 1.3 3.6 4.3 5 3 1.6 0.8 0.8 0.7 0.8 1 1.2 1.4 1.6 6.3 7.3 1.5 0.9 0.7 0.2 -0.1 -0.4 -1 -1 -1 -1 -1 -1 -1 -1 -1 -1 -1 -1 -1 -1 -0.2 0.2 0.7 1.2 6 5.8 5.8 6.2 6.7 6.6 6.4 5.2 5.1 6.9
-1 -1 -1 -1 -1 -1 -1 -1 -0.6 -0.3 0 0.3 0.6 0.9 1.3 1.6 4.8 4.6 4.8 7.6 10.3 12.1 13.3 13.7 13 11.1 8.1 1.5 0.9 0.5 0.3 0.1 -0.1 -0.2 -0.3 -0.4 -0.6 -0.7 -0.9 -1 -1 -1 -0.2 0.3 0.7 1.2 1.6 5.9 5.8 6.3 5 3.1 1.4 1.3 1.3 1.3 1.3 1.5 2.3 8.8 3.9 1 -1 -1 -0.3 -1 -1 -1 -1 -1 -1 -1 -1 -1 -1 -1 -1 -1 -1 -1 -1 -1 -1 -0.4 0.2 0.8 1.4 5.4 5.4 5.7 5.8 6.1 5.7 4.8 4.7 1.4
-1 -1 -1 -1 -1 -1 -1 -1 -1 -1 -0.5 -0.1 0.2 0.5 0.8 1.2 1.5 5.7 5.5 8.1 10.5 11.8 13.1 12.7 11.7 8.3 1.6 0.9 0.4 0 -0.3 -0.4 -0.6 -0.6 -0.6 -0.7 -0.9 -1 -1 -1 -1 -1 -0.1 0.5 1.1 1.5 5.9 6.6 7 7.1 6.7 5.5 3.6 1.6 1.6 1.6 1.6 5.6 8 1.6 0.7 -0.1 -1 -1 -1 -1 -1 -1 -1 -1 -1 -1 -1 -1 -1 -1 -1 -1 -1 -1 -1 -1 -1 -1 -0.3 0.3 0.6 1.2 5 5.8 5.5 5.6 5.4 5.2 1.2 0.6
-1 -1 -1 -1 -1 -1 -1 -1 -1 -1 -1 -0.6 -0.2 0.1 0.5 0.8 1.2 1.6 5.8 8.2 10.7 12.3 12.3 11.5 8.7 6.4 0.8 0.2 -0.2 -1 -1 -1 -1 -1 -1 -1 -1 -1 -1 -1 -1 -0.5 0.2 0.8 1.3 5.3 6.4 7.6 8.2 8.1 7.7 6.9 5.8 4.7 1.6 1.6 2.8 6.9 1.5 0.6 -0.2 -1 -1 -1 -1 -1 -1 -1 -1 -1 -1 -1 -1 -1 -1 -1 -1 -1 -1 -1 -1 -1 -1 -1 -1 -0.6 -0.3 0.3 1 1.6 5.7 5.9 5.4 1.5 0.8 0.1
-1 -1 -1 -1 -1 -1 -1 -1 -1 -1 -1 -1 -0.6 -0.2 0.1 0.6 1.1 1.6 6.1 8.6 10.8 12.8 12.1 9.5 5.4 0.8 0 -1 -1 -1 -1 -1 -1 -1 -1 -1 -1 -1 -1 -1 -1 -0.3 0.3 1 1.6 6.4 7.3 8.2 8.8 8.9 8.3 7.7 7.1 5.8 5 2.1 7.4 2 0.6 -0.2 -1 -1 -1 -1 -1 -1 -1 -1 -1 -1 -1 -1 -1 -1 -1 -1 -1 -1 -1 -1 -1 -1 -1 -1 -1 -1 -1 -0.4 0.5 1.8 3.3 4.3 3.8 1.2 0.4 -0.4
-1 -1 -1 -1 -1 -1 -1 -1 -1 -1 -1 -1 -1 -0.5 -0.1 0.5 1 1.5 7.7 9.2 11.4 12.6 11.2 6.6 1.2 -1 -1 -1 -1 -1 -1 -1 -1 -1 -1 -1 -1 -1 -1 -1 -1 -0.4 0.3 1 6.1 7.3 8.4 9.2 9.2 9.2 8.4 7.6 7.1 6.6 6.7 6.5 7.3 0.9 -0.2 -1 -1 -1 -1 -1 -1 -1 -1 -1 -1 -1 -1 -1 -1 -1 -1 -1 -1 -1 -1 -1 -1 -1 -1 -1 -1 -1 -1 -1 -0.3 1.1 1.7 1.7 1.5 0.9 0.3 -0.5
-1 -1 -1 -1 -1 -1 -1 -1 -1 -1 -1 -1 -1 -1 -0.1 0.5 1 1.6 8.2 9.8 11.7 11 8.6 2.5 -1 -1 -1 -1 -1 -1 -1 -1 -1 -1 -1 -1 -1 -1 -1 -1 -1 -0.4 0.2 0.9 1.6 8.2 11 11.6 10.3 8.7 8.1 7.8 7.1 6.4 6.2 7.5 1.5 0.2 -1 -1 -1 -1 -1 -1 -1 -1 -1 -1 -1 -1 -1 -1 -1 -1 -1 -1 -1 -1 -1 -1 -1 -1 -1 -1 -1 -1 -1 -1 -1 0.3 0.7 0.9 0.9 0.5 0 -0.6
-1 -1 -1 -1 -1 -1 -1 -1 -1 -1 -1 -1 -1 -1 -0.5 0.1 0.7 5.1 8.5 9.7 10 8.8 6.5 0.9 -1 -1 -1 -1 -1 -1 -1 -1 -1 -1 -1 -1 -1 -1 -1 -1 -1 -0.4 0.3 0.9 1.5 7.8 10.2 11.8 9 8.4 8.3 7.7 7 6.3 5.7 5.8 1.1 -1 -1 -1 -1 -1 -1 -1 -1 -1 -1 -1 -1 -1 -1 -1 -1 -1 -1 -1 -1 -1 -1 -1 -1 -1 -1 -1 -1 -1 -1 -1 -1 -1 0 0.2 0.2 0 -0.5 -1
-1 -1 -1 -1 -1 -1 -1 -1 -1 -1 -1 -1 -1 -1 -1 -0.2 1.1 6.6 8.3 9 8.4 7.6 1.5 0.3 -1 -1 -1 -1 -1 -1 -1 -1 -1 -1 -1 -1 -1 -1 -1 -1 -1 -0.5 0.1 0.7 1.5 5.4 7.1 8 7.7 8.2 8.3 7.5 6.7 5.9 5.3 5.4 1.3 -1 -1 -1 -1 -1 -1 -1 -1 -1 -1 -1 -1 -1 -1 -1 -1 -1 -1 -1 -1 -1 -1 -1 -1 -1 -1 -1 -1 -1 -1 -1 -1 -1 -1 -0.5 -0.5 -1 -1 -1
-1 -1 -1 -1 -1 -1 -1 -1 -1 -1 -1 -1 -1 -1 -1 0.1 1.3 6.8 8 8.6 7.6 6.5 1.1 0.1 -1 -1 -1 -1 -1 -1 -1 -1 -1 -1 -1 -1 -1 -1 -1 -1 -1 -1 -0.2 0.6 1.6 2.9 4.2 6 6.5 7.4 7.5 6.7 5.9 5.6 5.9 6 5.5 0.4 -1 -1 -1 -1 -1 -1 -1 -1 -1 -1 -1 -1 -1 -1 -1 -1 -1 -1 -1 -1 -1 -1 -1 -1 -1 -1 -1 -1 -1 -1 -1 -1 -1 -1 -0.9 -1 -1 -1
-1 -1 -1 -1 -1 -1 -1 -1 -1 -1 -1 -1 -1 -1 -1 1 4 6.4 7.8 8 6.9 3.7 0.8 -1 -1 -1 -1 -1 -1 -1 -1 -1 -1 -1 -1 -1 -1 -1 -1 -1 -1 -1 -1 0.5 1.5 2.9 4.3 5.8 6 6.9 7 5.9 5.9 6.2 6.4 6.5 6.5 1.1 -1 -1 -1 -1 -1 -1 -1 -1 -1 -1 -1 -1 -1 -1 -1 -1 -1 -1 -1 -1 -1 -1 -1 -1 -1 -1 -1 -1 -1 -1 -1 -1 -1 -1 -1 -1 -1 -1
-1 -1 -1 -1 -1 -1 -1 -1 -1 -1 -1 -1 -1 -1 1.5 5.1 5.8 6.6 8 7.5 6.6 4.7 0.7 -1 -1 -1 -1 -1 -1 -1 -1 -1 -1 -1 -1 -1 -1 -1 -1 -1 -1 -1 -1 0.6 3.6 3.4 4.8 6.2 7.1 6.2 5.7 6.2 6.4 6.6 6.9 6.7 5.9 1.6 -0.1 -1 -1 -1 -1 -1 -1 -1 -1 -1 -1 -1 -1 -1 -1 -1 -1 -1 -1 -1 -1 -1 -1 -1 -1 -1 -1 -1 -1 -1 -1 -1 -1 -1 -1 -1 -1 -1
-1 -1 -1 -1 -1 -1 -1 -1 -1 -1 -1 -1 -1 -1 4.9 5.5 6.3 7.2 7.6 7.2 5.3 3.9 -1 -1 -1 -1 -1 -1 -1 -1 -1 -1 -1 -1 -1 -1 -1 -1 -1 -1 -1 -1 -1 0.5 4.4 5.7 6.3 7 7.9 6.7 6.1 6.4 6.7 7.2 7.7 6.4 5.1 2.4 0.2 -1 -1 -1 -1 -1 -1 -1 -1 -1 -1 -1 -1 -1 -1 -1 -1 -1 -1 -1 -1 -1 -1 -1 -1 -1 -1 -1 -1 -1 -1 -1 -1 -1 -1 -1 -1 -1
-1 -1 -1 -1 -1 -1 -1 -1 -1 -1 -1 -1 -1 1 4.9 5.7 6.5 7.3 7.5 6.3 4.8 1.5 -1 -1 -1 -1 -1 -1 -1 -1 -1 -1 -1 -1 -1 -1 -1 -1 -1 -1 -1 -1 -1 -1 1.5 4.4 6 7.8 8.4 7.8 6.7 6.5 7.6 8 8.4 7.1 5.7 2.7 -1 -1 -1 -1 -1 -1 -1 -1 -1 -1 -1 -1 -1 -1 -1 -1 -1 -1 -1 -1 -1 -1 -1 -1 -1 -1 -1 -1 -1 -1 -1 -1 -1 -1 -1 -1 -1 -1
-1 -1 -1 -1 -1 -1 -1 -1 -1 -1 -1 -1 -0.1 1 4.9 5.5 6.2 6.7 6.4 5.8 5.7 0.5 -1 -1 -1 -1 -1 -1 -1 -1 -1 -1 -1 -1 -1 -1 -1 -1 -1 -1 -1 -1 -1 -1 0.6 5 6.8 8.4 9.1 8 7.7 8.3 8.8 9.4 8.8 7.7 5.4 3.8 -1 -1 -1 -1 -1 -1 -1 -1 -1 -1 -1 -1 -1 -1 -1 -1 -1 -1 -1 -1 -1 -1 -1 -1 -1 -1 -1 -1 -1 -1 -1 -1 -1 -1 -1 -1 -1 -1
-1 -1 -1 -1 -1 -1 -1 -1 -1 -1 -1 -1 -0.1 0.8 1.8 5 5.5 5.9 5.5 5.7 1.6 0.4 -1 -1 -1 -1 -1 -1 -1 -1 -1 -1 -1 -1 -1 -1 -1 -1 -1 -1 -1 -1 -1 -1 0.1 1.2 7.6 9.2 9.3 8.2 8.7 10.5 10.7 10.2 9.1 7.6 4.6 1.5 -1 -1 -1 -1 -1 -1 -1 -1 -1 -1 -1 -1 -1 -1 -1 -1 -1 -1 -1 -1 -1 -1 -1 -1 -1 -1 -1 -1 -1 -1 -1 -1 -1 -1 -1 -1 -1 -1
-1 -1 -1 -1 -1 -1 -1 -1 -1 -1 -1 -1 -0.3 0.5 1.2 4.4 4.7 5.1 5.2 5.6 1.2 0.1 -1 -1 -1 -1 -1 -1 -1 -1 -1 -1 -1 -1 -1 -1 -1 -1 -1 -1 -1 -1 -1 -1 -0.3 0.9 7.2 8.3 8.9 8.9 10.6 12.4 11.6 10.6 9.4 7 5.1 1.5 -0.2 -1 -1 -1 -1 -1 -1 -1 -1 -1 -1 -1 -1 -1 -1 -1 -1 -1 -1 -1 -1 -1 -1 -1 -1 -1 -1 -1 -1 -1 -1 -1 -1 -1 -1 -1 -1 -1
-1 -1 -1 -1 -1 -1 -1 -1 -1 -1 -1 -1 -1 0.1 0.7 1.2 1.5 1.6 1.5 1.1 0.5 -0.4 -1 -1 -1 -1 -1 -1 -1 -1 -1 -1 -1 -1 -1 -1 -1 -1 -1 -1 -1 -1 -1 -1 -1 1.2 8.1 8 9 10.5 12.2 12.4 12.3 10.2 9.2 7.9 5.1 1.6 -1 -1 -1 -1 -1 -1 -1 -1 -1 -1 -1 -1 -1 -1 -1 -1 -1 -1 -1 -1 -1 -1 -1 -1 -1 -1 -1 -1 -1 -1 -1 -1 -1 -1 -1 -1 -1 -1
-1 -1 -1 -1 -1 -1 -1 -1 -1 -1 -1 -1 -1 -1 0 0.5 0.8 0.7 0.4 0 -0.3 -1 -1 -1 -1 -1 -1 -1 -1 -1 -1 -1 -1 -1 -1 -1 -1 -1 -1 -1 -1 -1 -1 -1 0.3 5.4 8.8 8.7 10.6 12.1 13.3 12 12 10 8.8 7.7 5.8 1.6 0.1 -1 -1 -1 -1 -1 -1 -1 -1 -1 -1 -1 -1 -1 -1 -1 -1 -1 -1 -1 -1 -1 -1 -1 -1 -1 -1 -1 -1 -1 -1 -1 -1 -1 -1 -1 -1 -1
-1 -1 -1 -1 -1 -1 -1 -1 -1 -1 -1 -1 -1 -1 -0.6 -0.2 0 -0.1 -1 -1 -1 -1 -1 -1 -1 -1 -1 -1 -1 -1 -1 -1 -1 -1 -1 -1 -1 -1 -1 -1 -1 -1 -1 0 1 7.1 9.3 9.4 11.3 13.4 13.7 12.5 12 10.3 8.4 7.3 5.9 3.4 0.6 -1 -1 -1 -1 -1 -1 -1 -1 -1 -1 -1 -1 -1 -1 -1 -1 -1 -1 -1 -1 -1 -1 -1 -1 -1 -1 -1 -1 -1 -1 -1 -1 -1 -1 -1 -1 -1
-1 -1 -1 -1 -1 -1 -1 -1 -1 -1 -1 -1 -1 -1 -1 -1 -1 -1 -1 -1 -1 -1 -1 -1 -1 -1 -1 -1 -1 -1 -1 -1 -1 -1 -1 -1 -1 -1 -1 -1 -1 -1 -0.1 0.7 2.2 6.9 8.8 10.2 12.1 13.9 13.5 12.3 11.4 9.6 9.1 7.6 5.9 4 1.2 0 -1 -1 -1 -1 -1 -1 -1 -1 -1 -1 -1 -1 -1 -1 -1 -1 -1 -1 -1 -1 -1 -1 -1 -1 -1 -1 -1 -1 -1 -1 -1 -1 -1 -1 -1 -1
-1 -1 -1 -1 -1 -1 -1 -1 -1 -1 -1 -1 -1 -1 -1 -1 -1 -1 -1 -1 -1 -1 -1 -1 -1 -1 -1 -1 -1 -1 -1 -1 -1 -1 -1 -1 -1 -1 -1 -1 -1 -1 0.4 1.5 5.1 6.7 8.6 10.8 13.1 12.6 12.5 12.2 10.8 10.7 9.9 8.3 7 4.5 1.4 -0.1 -1 -1 -1 -1 -1 -1 -1 -1 -1 -1 -1 -1 -1 -1 -1 -1 -1 -1 -1 -1 -1 -1 -1 -1 -1 -1 -1 -1 -1 -1 -1 -1 -1 -1 -1 -1
-1 -1 -1 -1 -1 -1 -1 -1 -1 -1 -1 -1 -1 -1 -1 -1 -1 -1 -1 -1 -1 -1 -1 -1 -1 -1 -1 -1 -1 -1 -1 -1 -1 -1 -1 -1 -1 -1 -1 -1 -1 -0.4 0.7 5.2 5.8 6.5 9.7 11.4 12.5 12.4 13 13.4 11.9 11.7 10.4 8.8 7.4 5.1 1.1 -1 -1 -1 -1 -1 -1 -1 -1 -1 -1 -1 -1 -1 -1 -1 -1 -1 -1 -1 -1 -1 -1 -1 -1 -1 -1 -1 -1 -1 -1 -1 -1 -1 -1 -1 -1 -1
-1 -1 -1 -1 -1 -1 -1 -1 -1 -1 -1 -1 -1 -1 -1 -1 -1 -1 -1 -1 -1 -1 -1 -1 -1 -1 -1 -1 -1 -1 -1 -1 -1 -1 -1 -1 -1 -1 -1 -1 -1 -1 0.9 5.8 6.3 7.4 9.2 11.7 12.3 12.7 13.4 14.2 12.5 12 10.8 9.3 7.7 5.9 0.8 -1 -1 -1 -1 -1 -1 -1 -1 -1 -1 -1 -1 -1 -1 -1 -1 -1 -1 -1 -1 -1 -1 -1 -1 -1 -1 -1 -1 -1 -1 -1 -1 -1 -1 -1 -1 -1
-1 -1 -1 -1 -1 -1 -1 -1 -1 -1 -1 -1 -1 -1 -1 -1 -1 -1 -1 -1 -1 -1 -1 -1 -1 -1 -1 -1 -1 -1 -1 -1 -1 -1 -1 -1 -1 -1 -1 -1 -1 -0.2 1.2 5.5 6.5 7.9 9.2 11.9 12.4 13.1 13.7 13.4 12.7 11.2 10.1 8.5 7.4 5.6 0.7 -1 -1 -1 -1 -1 -1 -1 -1 -1 -1 -1 -1 -1 -1 -1 -1 -1 -1 -1 -1 -1 -1 -1 -1 -1 -1 -1 -1 -1 -1 -1 -1 -1 -1 -1 -1 -1
-1 -1 -1 -1 -1 -1 -1 -1 -1 -1 -1 -1 -1 -1 -1 -1 -1 -1 -1 -1 -1 -1 -1 -1 -1 -1 -1 -1 -1 -1 -1 -1 -1 -1 -1 -1 -1 -1 -1 -1 -1 0 1.4 5.6 6.7 8.2 9.9 11.8 12.8 13.2 13.8 13.5 12.9 11.7 9.8 8 6.7 6.1 0.6 -1 -1 -1 -1 -1 -1 -1 -1 -1 -1 -1 -1 -1 -1 -1 -1 -1 -1 -1 -1 -1 -1 -1 -1 -1 -1 -1 -1 -1 -1 -1 -1 -1 -1 -1 -1 -1
-1 -1 -1 -1 -1 -1 -1 -1 -1 -1 -1 -1 -1 -1 -1 -1 -1 -1 -1 -1 -1 -1 -1 -1 -1 -1 -1 -1 -1 -1 -1 -1 -1 -1 -1 -1 -1 -1 -1 -1 -1 0.1 1.2 5.5 7.1 8.4 9.9 11.5 12.8 13.7 14.1 13.6 12.9 11.9 10.5 8.7 7.3 5.6 0.4 -1 -1 -1 -1 -1 -1 -1 -1 -1 -1 -1 -1 -1 -1 -1 -1 -1 -1 -1 -1 -1 -1 -1 -1 -1 -1 -1 -1 -1 -1 -1 -1 -1 -1 -1 -1 -1
-1 -1 -1 -1 -1 -1 -1 -1 -1 -1 -1 -1 -1 -1 -1 -1 -1 -1 -1 -1 -1 -1 -1 -1 -1 -1 -1 -1 -1 -1 -1 -1 -1 -1 -1 -1 -1 -1 -1 -1 -1 -1 0.3 1.5 6.4 8.2 9.9 11.3 12.8 13.6 13.9 13.5 13 11.8 10.4 9 6.5 4.7 -1 -1 -1 -1 -1 -1 -1 -1 -1 -1 -1 -1 -1 -1 -1 -1 -1 -1 -1 -1 -1 -1 -1 -1 -1 -1 -1 -1 -1 -1 -1 -1 -1 -1 -1 -1 -1 -1
-1 -1 -1 -1 -1 -1 -1 -1 -1 -1 -1 -1 -1 -1 -1 -1 -1 -1 -1 -1 -1 -1 -1 -1 -1 -1 -1 -1 -1 -1 -1 -1 -1 -1 -1 -1 -1 -1 -1 -1 -1 -1 -1 0.2 4 7.6 9.4 11 12.4 13.2 13.7 13.2 12.7 12 10.5 9 6.8 5.8 -1 -1 -1 -1 -1 -1 -1 -1 -1 -1 -1 -1 -1 -1 -1 -1 -1 -1 -1 -1 -1 -1 -1 -1 -1 -1 -1 -1 -1 -1 -1 -1 -1 -1 -1 -1 -1 -1
-1 -1 -1 -1 -1 -1 -1 -1 -1 -1 -1 -1 -1 -1 -1 -1 -1 -1 -1 -1 -1 -1 -1 -1 -1 -1 -1 -1 -1 -1 -1 -1 -1 -1 -1 -1 -1 -1 -1 -1 -1 -1 -1 -1 -1 3.4 8.4 10.1 11.8 13 13.4 13 12.9 12.1 11.5 9.9 8 5.5 -1 -1 -1 -1 -1 -1 -1 -1 -1 -1 -1 -1 -1 -1 -1 -1 -1 -1 -1 -1 -1 -1 -1 -1 -1 -1 -1 -1 -1 -1 -1 -1 -1 -1 -1 -1 -1 -1
-1 -1 -1 -1 -1 -1 -1 -1 -1 -1 -1 -1 -1 -1 -1 -1 -1 -1 -1 -1 -1 -1 -1 -1 -1 -1 -1 -1 -1 -1 -1 -1 -1 -1 -1 -1 -1 -1 -1 -1 -1 -1 -1 -1 -1 -1 6.8 9 10.8 12.7 13.2 13.9 13.2 12.7 12.3 10.7 8.5 1.8 -1 -1 -1 -1 -1 -1 -1 -1 -1 -1 -1 -1 -1 -1 -1 -1 -1 -1 -1 -1 -1 -1 -1 -1 -1 -1 -1 -1 -1 -1 -1 -1 -1 -1 -1 -1 -1 -1
-1 -1 -1 -1 -1 -1 -1 -1 -1 -1 -1 -1 -1 -1 -1 -1 -1 -1 -1 -1 -1 -1 -1 -1 -1 -1 -1 -1 -1 -1 -1 -1 -1 -1 -1 -1 -1 -1 -1 -1 -1 -1 -1 -1 -1 -1 -1 -1 9.6 11.2 11.9 12.9 13.8 13.7 12.3 10.5 8.7 1.1 -1 -1 -1 -1 -1 -1 -1 -1 -1 -1 -1 -1 -1 -1 -1 -1 -1 -1 -1 -1 -1 -1 -1 -1 -1 -1 -1 -1 -1 -1 -1 -1 -1 -1 -1 -1 -1 -1
-1 -1 -1 -1 -1 -1 -1 -1 -1 -1 -1 -1 -1 -1 -1 -1 -1 -1 -1 -1 -1 -1 -1 -1 -1 -1 -1 -1 -1 -1 -1 -0.2 -1 -1 -1 -1 -1 -1 -1 -1 -1 -1 -1 -1 -1 -1 -1 -1 2.3 9.8 10.6 12.2 13.4 13.6 12.1 10.2 7.9 0.7 -1 -1 -1 -1 -1 -1 -1 -1 -1 -1 -1 -1 -1 -1 -1 -1 -1 -1 -1 -1 -1 -1 -1 -1 -1 -1 -1 -1 -1 -1 -1 -1 -1 -1 -1 -1 -1 -1
-1 -1 -1 -1 -1 -1 -1 -1 -1 -1 -1 -1 -1 -1 -1 -1 -1 -1 -1 -1 -1 -1 -1 -1 -1 -1 -1 -1 -1 -1 0.3 1.5 0.6 -0.3 -1 -1 -1 -1 -1 -1 -1 -1 -1 -1 -1 -1 -1 -1 -1 1.4 9.5 11.6 12.5 12 11.1 8.8 7.2 0.3 -1 -1 -1 -1 -1 -1 -1 -1 -1 -1 -1 -1 -1 -1 -1 -1 -1 -1 -1 -1 -1 -1 -1 -1 -1 -1 -1 -1 -1 -1 -1 -1 -1 -1 -1 -1 -1 -1
