WholeMapElevations/data/su/su68_OST50GRID_20230518/SU68.asc
ncols 200
nrows 200
xllcorner 460000
yllcorner 180000
cellsize 50
[rows 72 to 107 of 200, columns 81 to 161 of 200]
98.5 99.4 101.4 103.5 105.3 107.5 111.2 116.3 120.3 124.5 128.4 132.3 136.1 140 143.8 147 149.7 152.8 158.2 165.3 172.2 178.5 182.9 185.6 188 189.8 191.1 192.4 193.4 194.4 194.9 195.3 195.7 196.3 196.8 197.3 197.8 198.4 199 199.5 200.4 200.8 200.9 200.6 200.1 199.7 199.1 198.1 197.1 196.2 195.7 195.2 194.7 194.9 195.1 194.8 193.7 192.9 191.6 189.8 187.9 185.7 185.9 185.3 184.3 183.7 183.7 183.1 182.7 181.6 180.4 179.8 179.2 178.3 176.9 174.9 170.1 165.4 169.9 175.1 178.1
102.5 103.1 104.8 107 109.2 110 111.5 114.2 117.2 120.6 125 128.7 132.6 136 139.5 143.1 144.5 148.7 155.6 163.5 170.8 178 182.4 184.9 186 188.6 190 191.1 192.4 193.2 193.8 194.4 194.8 195.2 195.5 194.9 196.2 196.7 198.3 199.7 200.5 200.6 200.4 199.6 199.5 199.1 198.3 197.3 195.6 194.8 194.3 193.8 193.5 194 194.3 194.3 193.6 193 192.1 190.5 188.7 186.4 183.6 182.4 181.4 180.9 180.9 180.5 180 179.5 178.7 177.7 177.3 176.7 175.4 173.2 168.6 163.9 169 174.6 177.4
106.8 108 108.5 110.5 113.4 114.4 115.3 117.9 121.1 123.5 124.7 127 129.8 133.2 136.9 140.1 143.9 149.6 156.5 164.2 170.8 177.3 181.6 183.3 184.1 186.4 187.8 189.2 190.6 191.7 192.2 192.9 193.1 192.9 192.5 192.2 194.2 195.3 196.9 198.4 199.4 200.3 199.3 198.7 198.7 198.2 197.4 195.8 193.7 193.3 192.9 192.6 192.3 190.8 193.6 193.2 193.5 193 192.3 190.9 189.3 187.6 185.3 182.6 180.1 178.6 177.4 176.6 175.9 175.4 175.6 175.5 175 174.5 173.6 170.8 165.7 162.9 168.8 174 176.7
109.4 111 112.5 113.3 116.2 119.2 120.7 122.6 126 128.9 130.9 131.8 134.1 137.8 141.7 145.2 148.9 153.4 160 166.2 172.6 177.2 179.8 181.1 181.9 183.8 185.8 187.3 188.7 190.1 190.1 189.2 188.8 188.8 188.8 188.9 191.3 193.8 195.3 196.8 198.1 199 198.2 198 198.1 197.2 196.4 194.4 191.8 190.8 190.5 191.1 191.6 192.1 192.1 192.1 192.9 192.7 192.4 191.4 189.9 189 187.7 185.3 182.9 180.5 177.7 174.8 173 172.1 171.8 171.4 171.8 171.9 171.2 168 162.5 163.7 169.4 173.4 175.4
110.8 112.9 114.4 115.7 118.7 121.7 124.5 126 128.8 131.9 135.2 136.9 139.2 142.9 146.8 150.6 154.2 158.2 163.4 168.4 173.2 175.6 176.9 178.2 179.2 180.2 183.1 185.2 186.6 187.1 185.8 184.7 184 183 182.1 182.5 185.9 190.2 193.7 195.4 197.2 197.8 197.8 197.6 197.5 196.3 194.9 192.7 189.6 187.4 187 187.1 188.3 189.5 190.9 191.5 192.2 192.1 191.9 191.8 190.9 190.1 189.1 187.6 185.7 183.5 180.7 177.8 175.7 172.1 168.1 167.4 167.2 168.3 168.4 164.8 159.8 164 170 172.3 174.7
110.8 113.3 115.8 118.3 121.1 123.9 127.3 129.5 131.6 134.9 138.5 140.9 143.1 147.1 151.5 155.9 158.6 161.2 166.5 169.4 171.3 171.6 173 174.4 174.8 175.8 179.8 182.6 183.5 183.2 181.7 179.2 177.2 175.8 174.7 175.7 180.8 186.4 190.4 193.7 195.8 197.1 197.1 197.3 196.7 195.4 194 191.4 187.7 184.1 183.6 183.2 184.4 187.3 189 190.8 191.6 191.5 191.6 191.9 191.2 190.2 189.1 187.6 186.6 185 182.4 179.6 177.2 173.9 170.5 166.6 163.1 163.5 164.6 161.6 158.4 163.7 169.5 172.3 174.4
111 113.8 116.6 119.4 122.1 125 128.1 131.2 134.5 137.2 139.9 142.2 145.4 149.4 153.1 156.4 159.4 162.3 164.9 167 167.2 167.5 168.9 170 170 173.2 177.2 179.4 180.1 178.3 175.8 172.3 168.9 167.1 165.2 168.6 175.5 182.3 187.9 192.5 194.8 196.2 197.1 197.5 195.8 194.5 193 190.9 187.4 183.2 178.9 178.9 181.3 184.8 188 190 191.3 191.3 191.6 191.8 191.1 190.2 189 188 186.8 185.6 183.2 180.7 177.9 175 171.7 168.4 164.5 160.4 158.5 157.9 157.6 163.6 168.8 172.2 174
111.4 114.3 117.2 120.1 122.8 125.4 128 131 133.4 136.2 139.2 142 144 146.4 148.5 150.7 153.6 157 160.5 162.9 162.2 161.1 163.1 163.2 165.7 172.3 175.8 176.8 174.4 171.7 168.9 164.7 159.8 157.6 158.1 164.4 172 180.4 186.9 191.6 194.2 195.1 195.7 196.2 195 193.6 192.1 190 187 182.9 177.3 175 179.8 184.3 187.3 189.3 190.9 191.3 191.3 191.3 190.7 190 189 188.1 187.1 186 183.7 181.2 178.3 175.4 172.3 169.3 166.3 162.6 158.2 155.4 157.1 164.2 168.9 171.5 173.5
111.4 114.3 117.2 120 122.7 125.3 127.6 129.8 132.1 134.8 136.2 137.2 138.4 139.6 141.6 143.9 146.8 150.6 155.2 157.7 156.7 154.4 154.4 158.1 166.1 172.5 175 173.3 169 164.4 160.4 156.7 151.4 150.6 156.5 163.5 172.2 180.7 186.6 191.1 193.1 194 194.5 194.3 193.3 192.1 190.4 188 185.1 181.3 175.1 173.3 179.4 183.8 186.4 188.6 189.9 190.8 190.8 190.8 190.3 189.4 188.2 187.4 186.5 185.7 184 181.7 178.6 175.7 172.8 170.1 168.2 165.2 161.3 154.8 154 162.2 167.8 170.6 172.2
111.3 114.3 117.1 119.9 122.3 123.9 126.1 128.2 129.9 131.2 131.3 131.9 132.8 133.8 135.1 137.3 140.3 144.2 149 151.8 150.1 148.5 154.3 161.5 167.9 171.6 171.9 168.1 163.3 157.5 151.8 148.1 144.7 149.1 157.1 164.6 172.9 180.8 186.1 190.4 192.1 193 192.9 192.1 190.7 189.4 187.9 185.7 182.4 178 171.8 171 177.5 182.1 185.2 187.2 188.6 189.3 189.7 190.2 189.8 188.7 187.5 186.6 185.9 185 183.2 181.2 178.8 175.9 173.1 171 168.1 165.5 161.4 154.7 152.8 160.8 165.9 169.3 170.2
111.8 114.1 116.6 118.9 120.7 122.3 123.7 124.7 126.1 127.3 126.6 125.8 126.8 127.9 129.1 131.1 134.1 137.9 142.1 143.4 142.6 148.8 156.7 164 168.8 169.7 166.4 161.1 156 149.9 143.2 140.1 142.3 150 160.5 166.2 173.7 180.8 185.6 188.9 190.9 191.6 191.1 189.7 188.2 186.7 185 182.6 179.1 174.5 166.7 169.9 175.8 180.4 183.9 185.8 187.6 188.7 189.1 189.3 189 187.9 186.8 186.1 185.3 184.2 182.3 180.3 178.2 175.5 172.9 171 167.4 165 160.1 153.8 152.1 158.2 164.6 166.8 167.7
112.1 114.4 116.1 117 118.5 119.4 118.9 118.8 119.8 119.8 119.3 119.1 120.6 121.6 123.4 125.3 128.4 131.5 134 137.4 145.1 154.2 161.8 165.3 168.1 164.6 158.8 153.3 148.8 143.9 136.8 136.2 141.6 150.2 161.5 167.9 174.2 180 184.2 187.7 189.4 189.3 188.6 187.1 185.3 183.2 180.7 178.7 176.3 169.9 164.6 169.6 174.9 179.1 182 184.9 186.7 188.2 188.1 188.3 188.2 187.2 186.4 185.6 184.8 183.4 181.3 179.2 177.1 175 172.7 170.3 168.6 163.2 158.6 152.3 151.2 158.6 163.3 164 165.1
112.5 114.1 114.8 115.5 116 114.5 113.6 112.7 112.1 111.7 111.9 112.3 114.4 116.7 119.5 122.6 126.2 130.4 135.4 143 151.8 159.1 163.6 166.6 165.4 158.1 150.1 144.3 142 135.9 131.7 134.4 140.1 149.4 161.2 167.8 173.9 178.4 182.4 185.6 187.1 186.5 185.4 183.4 180.5 178.6 175 174.2 171.4 166.8 162.5 168.5 172.9 177 180.3 183.8 185.8 187.7 188.2 188 187.3 186.4 185.5 184.6 183.4 181.8 179.9 178 175.7 173.4 171 169 166.7 163.3 156.9 150.2 149.9 156.6 160 160.7 162.7
112.3 113.2 114.1 114.4 113.7 112.1 110.2 108.7 107.6 106.9 107.3 111.2 117 122.3 126 128.9 134 139.4 145.3 152.2 158.2 163 164 163.5 160.6 150.8 139.8 133.2 129.7 127.8 129.5 134.6 140.3 149.1 159.8 167.3 172.5 176.9 179.9 182.2 182.8 183.1 181 177.3 174.7 171.9 170.3 169.9 167.3 162.2 160.5 166.6 171.1 175.1 178.9 182.5 185 186.9 187.8 187.5 186.4 185.3 184.3 183.4 182 179.6 177.6 175.5 173.1 171.1 169.2 166.9 164 160.5 156.7 149.4 149.1 155.1 157 157.6 160.5
111.7 112.6 113 113.2 112.2 111 109 106.6 105.1 104 106.4 111.8 119.9 127.4 131.9 136.7 142.1 147.9 152.7 157.8 162.1 163.5 162.2 160.5 154.3 143.7 134.4 125.9 124.1 127.1 134.4 140.8 145.1 153.1 159.8 167.1 170.5 174.4 176.4 178.3 178.4 178 176.1 171 167.5 165.4 164.1 164.1 162 158 161 166.5 171.1 175.5 179.4 182.3 185 186.3 187.6 187 185.5 184.2 183.2 182.2 180.6 178.2 175.4 173.4 170.1 168.2 166.1 163.3 160.4 157.1 153.2 148.3 146.7 150.4 152.6 155.4 158.8
110.4 111.5 111.9 111.4 110.7 109.4 107.7 105.1 102.9 102.1 105.3 110.1 118.2 128.1 135.7 142.3 148.1 153.5 156.7 160.4 162.8 162.6 159.8 155 147.6 138 128.6 121.5 124.3 131.5 137.8 145.5 151.6 154.6 161.6 166 168 170 172.2 173.8 174.4 173.7 170.4 164.9 159.8 157 155.4 157.1 155.1 155.8 162 167.8 172.3 176.4 179.9 182.6 185.3 186.4 187.3 186.5 184.6 183.6 182.6 181.2 179.2 176.9 174 171.3 167.8 165 162.4 159.7 156.8 154.3 153.2 149.1 144.5 145.8 148 152.4 155.2
109.8 110.4 109.4 107.9 106.9 106.5 106.1 103.8 101.4 101.1 103 107.5 115.5 125.1 135.4 143.8 150.2 154.8 157.7 158.9 159.3 157.3 154.3 148.5 139.9 131.7 124.1 118.8 123.4 130.4 137 143.7 151 155.7 160.3 162.7 163.3 163.8 165.9 168.5 170.5 169 165.1 158.9 151.8 147.5 147 150.6 154.8 158.5 163.8 169.2 173.9 177.7 180.1 182.8 185.5 186.8 186.8 185.7 183.9 183 182.2 180.8 179.1 176.6 173.6 171.1 169.2 167.3 165 162.5 159.7 157.6 155.1 151.4 146.6 142.6 144 147.1 149.9
108.7 109 107.1 104.5 103.1 102.6 103.2 101.6 99.6 99.1 101.5 105 111 119.8 129.9 139.6 146.4 150.2 153.3 154.5 152.5 148.5 143.3 137.5 130.9 124.8 118.9 116.2 119.3 123.9 129.1 136 146 151.2 155.9 158.5 156.1 156.7 159.1 162.9 166 164.8 159.5 152.8 145.2 144.2 150.6 155.9 159 162.3 165.8 170.7 175.5 178.6 180.8 182.9 185.4 186.5 186.4 185 183.5 182.6 181.8 181.5 180.2 178.9 176.7 175 173.1 171 168.7 166.5 164.6 162.4 160 155.8 151.1 146.7 142.9 140.7 145.1
106.7 107.2 105.6 103.3 100.2 99.6 100 99.2 96.9 97.5 100 103 107.2 113.8 121 129 135.1 139.5 143.6 144.4 141.6 137.2 132.3 127 122.9 119.1 115.6 113.6 115.2 117.9 121.9 127.7 136.4 143.7 149.6 151.8 149.4 148.9 151.2 157.6 160.5 160.3 155.3 147.8 141.1 146.4 153.3 158.2 162.1 164.9 169.1 173.2 177.2 179.3 181.5 183.2 185.3 186.3 185.9 184.3 183.1 182.1 181.7 181.4 181.3 180.7 179.7 178.5 177.1 174.8 172.5 170.3 168.7 166.3 163.8 160.5 156.6 151.8 146.9 141.9 137.7
103.8 104.3 102.7 100.5 97.7 95.8 95.9 95.6 94.6 95.8 97.8 100 103.7 107.5 112.2 117.6 122.8 127.9 132.4 132.7 129.9 126 122.3 119.1 116.7 114.4 112.2 111.6 112.7 114.3 116.6 121.6 128.8 136 140.7 143.9 142.2 141.2 144.7 149.7 152.9 153.7 150.8 143.9 140 145.8 151.1 156.8 162.9 168.3 172.5 176.5 179.3 181.3 182.1 183.8 185.2 185.9 184.8 183.5 182.6 181.5 181.7 181.5 181.4 181.4 180.3 179.1 178.2 176.9 174.9 172.6 170.3 168.2 165.9 163.1 159.3 155.5 150.7 146.4 142.5
99.7 99.8 98.7 96.6 94.4 92.4 92.5 92.1 92.4 93.8 95.6 97.4 99.8 102.7 105.8 109.3 112.5 116.7 120.6 120.6 119.2 117.1 115.4 113.9 112 111 108.8 109.9 112.5 113.6 114.4 116.7 122.4 128 132.8 135.1 134.5 133.9 137.5 139.9 142.6 144.6 143.8 138.7 139 143.7 148.5 155.7 163.6 170.6 175.9 179.5 182.3 183.8 184.4 184.1 185.3 185 183.9 182.6 181.4 180.5 181.1 181.6 181.6 181 180.5 179.8 178.9 177.5 175.7 174 171.5 169.3 167.1 164.5 161.5 158 155.5 152.6 149
93.3 94.3 93.8 91.8 89.9 89.4 89.7 90 90.4 91.6 92.9 94.8 96.7 99.1 101.2 103.7 106 108 110.2 111.1 112 111.8 110.8 109 108.2 107.1 109.3 113 116.5 119 118 116.2 118 121.3 125.2 127.3 127 127.6 129.1 131.6 133.6 135.2 135.5 135.9 140.2 143.5 149.9 157.9 166.8 173.8 179.2 182.5 184.6 186.1 186.7 186.4 185.4 184.8 183.2 181.4 180.2 179.5 179.6 180.8 181.1 180.5 179.9 179.2 178.3 177.5 176 174.3 172 169.7 167.5 165.3 162.6 160.3 158.5 156.9 154
87.1 88.6 88.1 87.5 86.9 87.5 88.4 89.8 90.4 91.1 92.1 92.6 93.9 96 97.6 99.5 101.3 103.1 104.7 106.8 107.9 106.3 105.8 105.1 105.8 107.8 112.1 117.6 124.7 128.1 126.3 121 118.9 119.5 120.8 122.3 123.7 125.6 127.2 129.4 131.1 134.1 138 142 144.6 148.4 149 161.6 170.8 177.6 181.9 185.3 187.5 188.2 188.5 186.9 185.6 184.7 183 180.9 179 178.5 178.3 179.5 179.7 179.3 178.7 177.8 177 176.8 176 174.2 172.2 170.1 167.8 165.6 164.1 162.4 160.8 159.1 157.4
83.6 84.4 84.9 85.4 86.1 87.8 89.8 91.4 92.7 93.4 93.5 93.2 93.2 93.6 95.5 96.8 97.9 98.9 100.8 100.5 101.4 103.2 103.5 105.5 107.2 111 115.6 124.7 134.5 139.1 136.2 129.1 125.3 124.5 123.8 126.5 128.7 131.7 133.9 136 138.7 142.3 147.5 151.6 155.9 160 163.2 169.1 175.7 181.2 185.2 188.4 189.5 190 189.5 187.7 185.9 184.4 182.7 180.9 178.5 177.6 176.9 177.9 177.7 177 176.7 176.4 175.7 175 174.1 173.2 171.4 169.4 167.4 165.9 164.2 162.3 160.5 158.8 157.6
82.9 84 84.7 85.7 87.3 89.6 92.4 96.9 98.3 98.1 97.2 96.3 95.6 95.7 96.3 97.1 97.9 98.5 100.1 101.3 102.2 103.4 105.5 107.5 110.8 114.9 122.4 133.7 143.6 147.7 146.1 141.8 137.9 135.3 133.2 136.2 138.9 142.4 145.4 148.7 151.8 155.7 159.9 163.8 167.1 170 172.6 175.7 179.9 183.9 188 190.1 191.2 191.6 190.8 189.1 186.8 184.6 182.9 181.1 178.7 176.7 175.8 175.9 175.4 174.8 174.5 174 172.8 172.4 171.8 171 169.6 167.6 166 164.8 163.3 161.7 160.2 158.7 157.5
84.2 84.8 86.1 87.6 89 91.6 96.7 101.4 102.9 102.3 100.9 99.8 98.6 97.8 98.4 99.2 100.2 101.9 104 105.6 105.8 106.9 108.4 111.3 116.5 124.7 134 143.6 151.4 155.2 154.7 153.6 152.5 149.9 150.4 152.5 154.9 157.1 158.7 160.7 163.2 165.7 168.6 171.8 175 177.5 179.6 181.9 184.3 187 189.7 191.4 192.8 193 191.9 190.1 188.1 186.1 183.8 181.3 179.3 177.5 175.4 173.1 172.8 171.9 171 169.9 168.4 168.6 168.8 168.8 167.7 166.1 164.5 163.1 161.9 160 157.8 156.5 154.3
88.3 88.7 90.2 91.4 90.8 94.9 101.1 104.8 106.3 106 104.5 103.2 101.3 100.1 100.5 101.3 102.5 104.4 106.9 108.7 109.2 110.1 112.4 116.1 124.3 134.5 144 151 157.5 161.5 163 163.4 163 161 161.4 162.8 164.5 165.4 167.3 167.4 169.6 171.6 174.5 177.3 180.1 182.5 184.6 185.5 186.8 188.7 191.1 192.8 193.8 194.1 193.3 191.1 189.1 187.1 185.4 182.7 180.4 178.6 176.4 174.9 172.6 170.6 168.7 166.8 164.9 164.5 164.7 164.6 163.4 162.4 161.4 160.5 158.8 156.8 154.7 153.1 149.1
95.7 95.7 97 96.3 92.9 96.9 103.6 107.3 108.8 108.8 107.7 105.4 103.1 102.2 102.6 103.5 104.8 106.8 108.3 110.8 112.6 114 116.7 121.3 128.8 140.7 149.9 156.1 161.9 165.2 167.3 169 168.6 166.5 165.2 167.2 169.3 170 172.2 172.6 173.3 175.3 177.2 179.3 182 184.3 184.5 184.9 186.7 189.5 191.7 194.4 194.9 195.3 195 192.9 190.7 188.5 186.4 184.7 182 179.7 178 177.1 175.9 174.6 172.1 170 166.6 163.3 160.7 159.6 158.2 157.1 155.8 154.5 154.5 152.3 148.3 145.1 141.4
102.4 102.7 101.9 99.4 94.6 98.6 105.1 109 110.9 111.2 110 107.6 105.9 104.5 104.6 105.9 107.1 108.4 109.7 112.2 115.5 120.8 125.9 131.4 136.1 145 153.6 159.7 165.4 168.6 171 172 172.8 171 169.9 170.5 172.9 174.8 175.9 176.7 177.1 179 180.5 182 183.5 184.9 185 184.9 188 190.4 191.9 195.1 195.7 196.4 196.3 194.7 192.5 190.3 188.1 186 183.9 181.6 180.4 179.6 178.8 177.9 175.7 173 169.3 165.9 163 160.4 158.1 156 154.1 151.9 149.7 147.6 147.6 147 147.1
106.5 106.1 105.3 101 96.1 99.5 105.6 108.8 110.8 111.7 111.8 110.2 108.8 107.6 107.7 108.9 110.4 111.8 113.8 116 121.5 129.3 137.9 144 147.1 150.5 156.4 162.7 167.3 170 171.9 173.2 173.9 174.1 173.4 173.4 175 175.5 175.9 177.2 176.3 178.6 180.1 181.6 182.9 184.2 185.4 185.3 187.1 189.4 191.8 195.6 196.2 196.9 197.5 196.5 194.3 192.3 190.2 188.2 186.2 184 182.9 182.2 181.4 180 178.2 175.4 172.8 170 167.1 164.3 162.7 160.1 157.6 156.6 155.1 154.1 153.9 153.9 153.9
108.1 107.6 105.9 102.9 98.2 98.8 103.8 107.1 109.6 111.4 112.6 112.4 111.6 111 111.2 112.8 114.5 115.9 118.4 124.5 132.2 140.4 146.1 149.4 151.2 155.7 160.2 165.7 169 171.2 172.3 173.8 174.8 175.3 175.5 175.5 175.2 175.3 174.8 175.3 174.7 177.4 179.7 180.9 181.3 182.6 184 184.8 187.1 189.3 191.5 194.9 196.5 197.1 197.9 197.6 196.4 194.5 192.5 190.5 188.5 186.5 185.4 184.6 183.1 181.6 180.1 178.3 175.7 173.2 170.6 168 165.6 163.1 160.9 160.3 159.2 158.1 158.1 158.1 157.8
108.5 108.3 105.8 103.7 100.5 98.8 102 104.7 107.1 110.1 112.5 113.6 114 115.3 118.5 122.9 124.9 123.4 123.9 129.1 139.2 146.8 153 155.5 157.2 161.1 164.5 168.5 170.5 171.7 172.7 173.7 174.5 174.7 174.6 174.4 174.2 172.6 172 172.4 173.8 175 177.2 179.5 180.7 181.5 182.7 184.5 187.3 189.7 191.6 194.2 196.6 197.7 198.4 197.9 197.6 196.7 194.8 192.7 190.5 188.5 186.9 185.6 184.2 182.8 181.3 179.3 177 174.5 172.3 169.7 167.7 165.8 164.2 163.3 162.4 161.3 160.8 159.9 159.1
107.9 107.2 105.6 103.7 101.5 100.5 101.1 103.1 106 109.4 112 114.7 118.5 122.4 128.3 134.2 135.6 132.4 133.8 136 144.2 151.2 157.1 161.3 163.6 166.3 168.6 170.1 171.2 172 172.8 173.6 173.9 174.1 173.7 173.1 171.4 169.3 169.9 170.8 174.2 175.7 177.2 179.1 181.2 182.2 183.2 184.8 187.5 189.7 191.4 193 195.2 197.3 198.1 198.1 197.8 197.3 195.2 193.4 191.6 189.8 187.4 186.3 184.9 183 181.1 179.4 177.3 175.4 173.4 171.2 169.6 168.1 166.6 165.3 164 162.8 161.8 161 159.9
106.9 106.2 105.9 104.5 103.4 102.3 102.1 102.8 105.9 109.4 112.7 118.1 124.5 130.4 136 141.2 143.6 142.7 144.2 146.2 148.6 154.7 160.5 164.8 167.6 169.6 170.7 170.9 170.6 171.4 172.2 172.9 173.4 173.3 172.3 170.6 168.4 166.7 168.9 173 176.4 177.9 179 180.6 182.3 183.4 184.4 185.5 187.6 189.6 191.6 192.8 194.6 196.2 197.2 197.2 197.3 197.1 196.1 194.1 192 190 187.6 186.2 184.2 182.4 180.5 178.7 177.1 175.9 174.2 172 170.5 169 167.4 166 164.4 163.2 162.5 161.2 159.6
106.4 106.6 107 106.5 105.3 104.2 103.9 104.3 107.3 110.7 116.7 124.1 131 137.1 142.5 147.3 149.6 150.3 151.5 154 156.2 158.6 163 166.3 168.7 170.3 171 171.1 170.8 170.8 171.6 172.4 171.9 171.5 169.7 165.8 163 166.1 170.6 174.7 177.6 179.1 180.9 182.1 183.5 184.7 185.9 186.9 188.2 190.3 191.4 191.6 193.3 195 196.2 196.4 196.7 197 195.6 193.5 191.6 189.6 187.7 185.7 183.7 181.8 179.8 178 176.6 175.6 174.9 172.8 171.4 169.8 168.3 166.3 164.3 163.3 162.2 161.2 158.6
107.5 108 108.4 108.3 107.5 106.4 106 106.5 108.9 113.5 122 130.9 137.8 143.7 148.6 152.3 154.6 156.3 158.1 159.7 161.4 163.4 165.7 167.8 169.5 169.9 170.4 171 171.1 170.8 171.1 171.1 170.3 168.9 165.2 159.7 163.2 168.3 172.8 176.4 178.6 180 181.5 183.4 185 186.2 187.5 188.4 189 190.4 191 191 191.9 193.6 194.7 195.3 195 195 194.6 193.1 191.2 189.2 187.3 185.2 183.2 181.2 179.3 177.4 176.1 175 174.7 173.7 172.2 170.7 169 166.1 163.4 161.1 158.8 157.3 156.5
