WholeMapElevations/data/nj/nj13_OST50GRID_20230518/NJ13.asc
ncols 200
nrows 200
xllcorner 310000
yllcorner 830000
cellsize 50
[rows 70 to 104 of 200, columns 0 to 77 of 200]
286.7 287.9 288.6 287.2 286.2 287.2 286.6 289.7 287.4 284.6 281.6 274.1 269.2 265.5 275.8 279.8 259.7 250.7 242.9 236.5 234.3 229.5 227.5 220.3 220.6 213.5 198 193.1 191.7 188.9 185.9 185.1 192.2 201.4 206.2 206.3 202.3 198.7 193 207.1 215.3 227.7 241.9 255.3 265.9 273 280.6 288.7 300.5 307.6 313 317.2 320.1 322 321.4 318.6 315.3 310.3 306.2 300.4 297.1 294.5 292.3 292.7 296.3 303.9 312.3 316.4 316.4 312.5 307.1 301.9 295.5 288.9 281.5 273.8 264.5 253.4
302.6 301 301 295.7 293.5 293.8 291.6 292.3 291.1 289.9 289.6 282.9 278.1 273.9 271.7 283.6 266.1 254.7 246.2 240.3 235.8 231.3 225.4 216.4 214.8 216.6 215.6 208.4 205.4 203.8 190 186 183.7 186.1 185.4 188.7 192.8 189.1 203 216.3 220.1 231.2 243.9 255.3 264.4 272.7 280.4 290.5 300.5 306.2 310.6 314.2 316.6 318.3 317.3 314.5 310.1 304.6 299.6 294.2 291.1 288.6 286.6 287.5 291.1 300.4 307.9 313.2 313.1 307.6 302.1 296.9 292 287 278.6 269.4 259.9 249.6
311.9 310.6 309 305.8 300.7 297.2 296.7 297.8 300.3 300.6 297.2 292.1 287.5 283.8 279.4 273.6 265.1 256 249.3 244.4 240.7 234.9 229.3 226.4 225.3 226 224.1 219 212.4 205.8 202.7 201.2 199.9 193.3 179.7 182 181.7 184.5 198.2 209.6 221 230.7 241.3 251.1 259.4 269.3 279.7 288.1 296 301.2 306 309.9 312.1 313.1 311.8 308.7 304.4 298.6 294.3 289.1 285.9 283.1 280.8 281.8 287.3 297.1 304.2 308.7 309 304 298 294.8 290.5 282.9 272.6 263.2 252.7 244
323.1 321.4 318.3 313.6 308.5 306.1 305 303.4 304.8 303.2 299.2 296.5 293.4 288.6 282.5 277.1 268.2 260.9 253.9 250.3 244.9 238.5 234.9 233.2 228.6 228.3 224.1 219.5 213.1 206.9 203.4 201 200.6 193.6 177.6 179.5 179.8 179.8 185.2 200.8 217.5 227.1 237.4 245.7 254.8 266.7 275.1 282.2 289.4 295.3 300.5 305.4 307 307.3 306.1 302.6 298.6 294.1 289.3 284 279.6 277.3 276.2 276.4 283.3 293.6 299.4 301.6 296.6 293.2 289.1 288.8 284.5 274.9 265.1 256.6 248.3 239.8
330.9 329.6 326.4 320.8 317.4 314.2 312.4 311 310.1 305.6 303.5 304.1 300.4 296.5 289.1 284.4 276 268.5 261 253.8 248.8 243.8 241.3 238 233.5 230.9 225.6 221.6 216.9 215.7 212.5 208.1 205 203.7 198.2 177 174.8 175.1 175.6 188.3 210 222.9 229.6 240 250.8 260.1 267.5 274.4 281.4 287 293.6 298.2 301.3 301.6 300.1 298.1 293.9 288.3 282.6 277.3 273.1 272.1 271 272.4 280.3 291.4 297.6 297.7 298.7 298.8 293.4 283 274.5 266.2 259 252.4 244.4 235.4
344 341.7 337 332.7 328.5 328.3 323.5 318.9 312.7 311.5 313.4 312.1 310.4 307.5 300.2 292.6 285.2 279.5 272.1 263.2 259.2 252.8 249 243.9 240.7 238 232 230.9 228.1 225.7 222.6 220.5 214.2 208.2 204.1 197.9 179.1 173.5 172.5 174 202.7 215.9 226.6 237.2 245.3 252.7 259.4 265.9 272.2 279.4 286 291.2 294.9 296.5 295 293.2 288.4 282 276.1 271 267.8 266.3 263.4 269 278.1 291.1 300.5 304.1 304.2 298.7 290.1 281.3 271.1 262.6 255.5 247 238.7 231
360.4 355.3 351.6 345.4 337.3 344.3 331 320.7 317.3 317.4 319.8 322 321 315.4 307.9 300.6 294.4 288 283 275.4 269.2 263 257.6 253 250.2 247.2 244.2 240.4 238.2 236 230.2 224.9 217.9 209.1 203.3 197.2 194.3 181.2 174.2 170.4 188.6 205.4 221.7 230.1 237 242.7 248.5 256.5 264.2 273.5 280.2 285.8 289.6 293 291.1 288.2 282.6 276 269.7 265.2 261 259.6 255.8 266 278.2 290.6 300.6 302.3 299.1 292.7 285.3 277.6 266.2 257.2 249.8 241.7 233.8 226.5
367.9 363.2 356.8 351.3 339.8 339.2 332.3 324.3 324.9 325.8 326.8 329 326.5 321.8 316.4 308.9 300.6 293.9 287.9 283 276.4 270.6 267.7 266.6 263.6 260.6 257.5 257.7 253.5 246.8 237.4 227.7 221 214.6 208.7 197 194.3 184.1 174.2 169.9 174.1 192.6 212.2 221.3 225.7 231.3 238.9 249.2 259.6 268.4 275.8 282.7 287.3 289.7 287.9 283.1 275.8 269.8 263.4 258.7 255.2 252.5 252.6 263.5 277.6 289.8 297.2 298.6 294 288.5 280.7 272.1 261.7 252 245.2 237.3 228.9 219
371.6 364.9 357.5 351.4 345.2 335.5 332 329.4 329.8 330.4 330.8 330.2 327.8 322.7 315.1 308.5 301.5 294.9 290.7 285.9 282.1 280.2 278.9 276 274.8 273.3 272 268.9 262.7 255.3 250.7 237.7 223.2 214.6 210.4 203.1 193.1 186.1 173.8 168 167.3 184.4 199.8 209.1 214.2 221.9 234.8 247.5 256.6 266.6 274.4 280.8 285.3 286.3 283.2 277 270.2 262.9 256.6 252.7 248.1 243.3 250.9 263.3 277 287.3 292.8 295.1 290.5 284.2 276.8 267.9 257.8 248.7 241.4 232.6 224.2 215.9
373.9 365.7 357.3 349.5 343.5 334.3 330.7 330.2 330.8 331.7 330.3 326.8 322.5 315.8 309 303.9 298.5 294.2 288 283.4 281.7 281.6 279.6 278.5 277.5 277.3 276.9 273.7 267.8 262.2 253.5 242.9 228.1 215.6 209 202.3 194.4 184.6 177.4 166.4 165.7 172.4 183.8 193.3 201 216.3 231.8 245 255.6 265.8 274.6 280.7 283.7 282.5 277.1 269.2 261.7 255.1 249.5 242.9 238.4 237.3 251 265.1 276.5 283.6 288.5 291.5 286.9 279.4 271.4 262 253.4 246.3 237.2 229 221.1 212.8
371.4 364.4 354.4 343.2 337.1 334.6 331.4 330.6 330.2 327.7 324.5 320.4 314.9 308.4 302.1 296.6 292.9 288.7 282.2 277.6 275.8 275.6 275.1 273.3 273 274.6 275.7 273.7 270.4 264.3 255.1 245.4 235 221.7 211.6 203.6 196.9 187.7 179.7 165.1 165.1 165.5 170.8 183.2 197.1 213.8 229.5 242.2 253 264.4 272.4 278.7 278.6 272.8 266.7 259.1 252.1 246.1 238.6 230.1 226.2 238.9 254.6 266.6 274.8 281.2 284.5 286.3 280.9 273.9 266.1 257.3 249.1 241.7 230.9 224.7 217.4 211.7
370.6 359.5 347.4 339.5 335.9 341.9 329.5 327.1 325.2 322.2 318.4 313.9 308.2 302.9 296.6 291.5 285.9 281.2 275.9 270.9 267.6 267.4 266.4 265.6 266 268 271.4 271.5 269.6 265.3 257.5 247.1 235.5 226.7 215.7 208.5 202.3 192.8 183.5 172 163.8 163.7 166.7 177.5 193.5 209 226.1 239.3 252.3 262.6 267.2 268.8 265.9 259.8 251.8 246.8 241.8 235 223.9 218.9 226.1 241.9 256.9 266.1 273.2 278.6 281.2 278.6 273.1 266.7 260.4 252.4 243.2 236 225.8 221.5 214.9 209.5
368 356.2 344.4 338.5 340 339.5 329.5 323.1 318.3 316 311.6 307.2 300.2 294.8 290.3 284.8 278.4 273.6 270.3 266 261.1 258.5 257.5 258.2 259.8 261.2 264.8 268.8 267.5 263.8 256.1 248.7 239.9 230.7 219.9 212.9 202 193.4 185.9 178.5 163.5 162 161.6 175.2 192.2 207.7 222.8 237.4 249.9 253.6 254.6 252.5 246.5 241.3 234.8 232 228 221.1 213.4 215.6 228.9 243.7 256.2 265.8 270.3 272.6 274.4 270 265.1 259.1 252.7 245.2 237.7 229.8 223.1 218.9 211.4 202.3
364.5 353.4 342.2 335.7 340.8 338.7 326.2 317 313.1 307.4 305.2 300.7 296.7 290.2 284 279.8 270.7 265.7 261 259.3 255.7 255.5 252.2 252.4 253.4 256 260.3 264.3 264.1 261.3 255.5 247.9 240.2 230.8 223.2 211.8 201.9 193 183.9 177.8 168.9 161.2 160.1 168.4 186.2 202.6 215.2 224.6 229.1 229.6 229.9 228.4 225 222.2 217.8 216.4 212.5 209 199.4 217.2 229.4 242.3 254.1 262.2 265.7 267.4 264.2 261.2 257.1 251.1 245.1 237.9 231.8 222.9 219.6 213 204.5 194.7
361.1 348.1 337.5 334.1 341.3 340.7 330.3 317.4 309.4 303.5 297.7 293.1 290.6 284.1 278.2 273.6 272.6 271.5 269.9 267.9 262.8 254.3 247.2 249.1 249.4 250.3 254.4 257.1 258.9 257.7 252.2 243.4 235.9 227.7 222 213.9 202.8 194.1 184.4 177 174.9 160.4 157.9 158.9 174 191.2 200.6 204.5 206.3 204.3 203.4 201.6 201.5 202.4 203 201.7 201.2 200 197.1 216.3 227.7 237 246.5 253.1 257.7 258.5 254.7 253 249 243 237 231.2 225.5 219 213.5 206.5 197 188.1
356.5 343.7 334.8 332.7 334 334.1 326.2 315.6 306.6 300.1 295.1 290.8 288.9 284.5 283.2 282.1 280.7 279.8 276.2 271.6 265.2 257.8 251.6 244.6 244.8 244.6 246.9 248.3 249.9 248.3 243.8 238.6 230.5 224.2 218.3 210.4 203.3 192.4 184.3 177.1 173.4 163.1 158.5 158.3 159.1 172.3 176.8 181.8 180.5 176.3 175.9 174.9 174.3 179.4 181.7 186.3 191.3 184.5 198.1 212.4 221.4 227.9 234.6 241.2 245.2 245.8 243.8 243 240.6 234.1 228.1 222.7 217.4 213.2 205.8 196.8 185.6 173.6
353.3 340.9 330.5 325.6 325.7 324.6 318.7 311.5 303.6 297.4 290.8 288.6 284.9 287.6 287.6 285.3 282.9 282 278.5 273.5 267 259.3 251.7 246.1 242 236.6 238.7 239.4 239 238.1 234.6 230.3 224 218.2 211.5 202.4 196.6 187 181.1 176.1 171.3 157.9 156.3 156.8 156.6 155.5 159.8 161.1 162.2 162.6 165.1 167.6 168.5 168.9 172.7 177.1 181.6 185.1 193.3 204.1 209.9 215.6 220 227.2 229.5 228.2 225 226.5 226.8 224.5 219.7 214.5 209.1 204 195.3 185.2 172.5 159.7
350.4 338.9 327.7 321.4 319.1 318 313.9 308.3 300.6 298.7 295.9 292.2 291.8 291.1 291.2 289.2 286.3 283.4 278.7 271.3 263.9 257.8 250.7 245.1 240.9 237.1 228 231.3 229.9 227 224.2 220.6 215.5 209.2 202.2 197.2 190.4 182.2 174.8 171.4 170.3 155.8 154.8 155.6 155.4 153.7 152.8 151.9 151.7 151 153.8 157.2 161.3 167.4 169.5 175 170.8 179.9 181.7 192.4 198.6 203 206.5 208.2 211.5 208.2 208.9 211.6 213.4 212.3 209.3 203.9 198.1 193.2 182.8 171.2 159.8 151.6
345.9 333.9 324.7 319.5 316.5 314.1 309.7 305.9 304.6 300.2 298.3 297.1 297.4 296.9 296 292.8 289.1 284.9 276.7 270.5 263.6 257.3 250.9 244.5 239.8 235.4 231.2 218.6 221.7 217 215.2 211.3 204.5 200 196.6 193.2 185.4 177.6 169.1 169.2 168.4 158.6 155.6 153.5 153.1 153.4 152 151.6 151.9 151.5 150.7 150.2 150.8 156.5 163.2 167 167.4 170.5 176.7 180.3 185.1 189.1 190.9 191.5 193.8 194.6 197.9 200.6 201.4 199.6 196.2 193.8 187 178.5 171.6 162.8 150.1 149.2
338.8 331.2 325 319.8 318.3 314.5 311.2 308.3 305.8 304.8 302.5 302.1 302.8 301.3 298.9 293.9 290.1 284.3 279.3 273.2 266.2 258.6 251.9 246.3 240.7 236.1 231.6 227.2 222.1 210.7 200.3 199.2 198.2 194 189.6 186.1 180.6 172.1 167.5 167.9 167.4 158.4 152.9 152.4 152.7 151.3 151.1 151 151.4 150.6 150.5 149.7 149.7 149.7 150.2 158.9 162.7 164.9 157.6 166.7 173.5 175.5 174.7 178.1 179.2 180.3 183.9 186.4 186.7 185.5 184.8 182.7 176.2 169.1 161.9 149.2 147 146
338.3 331.4 326.4 326.4 323.3 317.2 313.3 311.4 310.5 309.5 308 308.1 307.9 305.2 301.1 296.8 292.5 288.3 283.1 277.1 270.4 262.9 254.3 248.4 242.8 237.3 232.5 227.9 223.4 217.8 212.3 205 199.3 184.4 178.4 177 174.3 169.8 168.7 165.7 162.6 152.9 152.4 152 150.5 150.2 150 150.3 150 149.9 149.6 149.4 149.1 149.2 150.4 149.2 152.2 150.4 150.4 149.9 153.4 158.5 159.2 162.7 166 168.4 169.2 170.9 169.6 169.2 168.5 167.1 162.2 155.8 148.6 146.6 146.4 145.1
338.4 334.3 332.7 331.3 326.3 320.5 318.2 317.4 316.5 315.7 314.6 314 312.1 308.2 304.4 300.6 298.2 294.3 288.9 282.7 274.6 265.3 256.3 250 244 238.8 233.5 228.2 223.3 218.7 213.9 207.9 202 196.6 189.9 180.7 171.5 162.4 163.7 161.6 151.8 150.4 150.9 151.5 150.9 150.7 151.5 150.6 150.3 150.3 150 150.3 150.2 149.2 149.5 150.1 149.6 148.5 148.1 149.3 148.6 147.9 149.5 149.7 152.1 155 156.2 158.7 159.5 159.8 157.6 157.7 154.1 144.5 144.9 146.7 145.3 144.8
339.3 337.4 337.4 334.7 333 331.8 329.2 326.9 323.3 322.2 320 318.9 317.9 314.1 309.2 306.3 303.4 297.7 291.4 282.4 272.3 263.7 255.2 248.9 244.1 239.3 233 227 223 218.1 213.3 207.7 200.1 192.8 184.7 175.6 170.5 168.2 159.8 155.7 152.3 151.2 151.2 152 151.4 151.3 151.5 151.5 151.4 150.1 150.5 149.6 149.5 149 149.3 149.4 148.5 148.3 148.6 148.1 149.4 148.9 147.5 147.5 148.7 148.3 148.8 146.9 147 145.9 146 146.1 146 146.2 145.4 146.6 145.8 145.1
345.1 344.4 346 345.6 347.2 345.6 342 337.9 335.7 332.4 329.3 325.6 324.7 320.1 315.4 312.3 309.3 301.1 291 281.1 270.4 261.9 256.2 251.2 245.8 240 231.8 225.3 222.4 217.2 212.1 206.4 199.4 190.1 180.7 173.5 170 164.2 154.8 151.2 151.2 153.6 151.9 152.1 151.5 152.1 152 151.2 150.4 150.8 151 150.7 150.3 149.7 149.1 148.8 148.9 149.4 148.3 148.5 147.6 147.8 148.1 147.6 148.4 147.3 147.6 147.1 146.5 147.2 146.1 146.4 147.3 146.1 145.4 145 144.6 144.5
356.7 356.6 359.6 361.1 362.6 359.8 356.6 353.2 349.9 345.8 340.9 335.7 331.9 328.6 325.1 320.8 313.8 300.8 290.6 281 271.3 264 258.2 253.5 246.9 237.6 229.8 224 220.5 215.7 210.6 203.4 196.4 187.3 177.8 170.7 168.3 157.7 151.8 151.5 151.9 153.4 152.6 152.7 153.2 153.6 152.9 152.9 151.4 150.3 150.4 150.2 149.7 148.9 148.9 148.6 148.4 148.8 149.6 149.5 148.7 147.1 147.4 148.2 148.2 148.6 148.5 147.2 146.9 147.3 146.1 145.9 146.6 146.8 146.3 144.4 145.1 145.7
373.3 375.1 376 374.3 373.7 370.3 369 364.3 359.2 353.4 347.8 343.3 340.2 338 330.1 321.8 312.5 301.6 291.8 283.7 275.4 266.6 259.4 252.9 246.4 236.1 228.7 222.7 217.9 212.6 205.9 199.6 191.8 183.8 175.8 166.9 159.6 151.8 152.2 151.8 151.8 153.5 154.5 154.1 153.8 153.5 152.6 152.5 152.2 150 149.7 149.7 149.6 148.7 148.7 148.4 148.2 148.1 149 147.7 147.6 148.4 147.7 147 147.4 148.6 148.1 146.7 146.8 145.8 146.4 146.4 146 144.9 145.2 145.5 146.8 148.5
387 387.1 386.8 385.4 382.9 377.9 374.8 371.5 365.4 359.1 354.8 351.2 345.7 337.4 328.7 321.5 314.1 304.5 293.6 292 281.6 268 260.3 254.7 246.3 235.4 228.4 221.4 214.5 208.3 201.5 195.2 187.5 179.9 171.6 163.5 153.6 151.5 152.9 151.4 152.5 154.1 155 154.4 153.4 153.1 152.2 152.7 152.4 151.1 150.2 150 149.4 149.2 149.1 149 148.5 148.5 147.9 148.6 148.3 147.1 148.2 147.7 147 146.9 146.9 147 145.3 146.1 147 147 145.7 147.3 148 148.6 149.2 149.4
395.4 395.4 395.7 392.7 389.3 384.4 381.2 375.8 370.1 365.2 360.1 351.7 344.8 336.2 330.7 321.7 306.7 293.8 287 285.2 276.6 264.4 259.6 254.4 243.6 232.8 224.5 217.4 211.1 205.7 199.7 194 185.8 177.7 173.1 159.4 152.4 151.5 152.2 151.4 153 154 154.9 153.2 153.6 156.2 155 155 154 149.6 150.1 149.5 149.1 149 149 149 149.3 148.8 148.2 148.2 148.5 148.5 148.5 148.3 147.1 146.8 146.6 146.6 146.1 145.4 145.4 144.7 148.9 149.3 150.3 150.7 151 151.4
400.3 401.2 400.3 397.5 393.6 389.7 386.2 380.3 373.6 366.1 358.7 351.4 343.2 333.7 320.5 305.6 296.3 290.9 285.8 280.1 271.2 261.2 255.3 246.3 236.8 229 221.1 216.6 209.6 203.7 198.8 192.8 185 173.7 167 154.8 151.8 151.2 151.2 152 153.1 154.1 155.2 156.7 154.2 157.4 155.7 154.7 154.6 149.6 149.8 149 149.1 149.1 148.9 148.6 148.7 148.1 148.3 147.9 148 148 147.9 147.8 147 147 147 147.2 146.5 146.1 146 146.6 149 150.1 151.6 152.4 152.8 153.4
400.1 402 402.3 400.2 397.5 393.7 387 378.1 369 364.3 356.6 347.2 329.7 315.8 305.8 299 294.8 292.8 287.1 276.3 269.5 254.7 242.3 236.9 232 226.9 221.6 216.1 209 201.9 196.8 190.2 181.4 172.4 155.3 152.7 151.8 151.3 151.3 153.9 157 158.3 157.7 156.2 155.4 155.7 155.1 154.4 154.9 149.9 148.9 149 149.2 148.7 148.4 148.4 148.5 147.9 148.5 147.5 147.4 147.4 147.3 147.3 147.3 147.3 147.3 147.7 146.4 147.6 149.1 149.2 149.3 150.8 152.4 153.9 154.7 155.2
395.4 400.1 402.1 400.6 395.2 388.2 378.7 371.9 366.8 359.9 344.4 327.3 318.5 315.6 312.9 308.7 302 291 282.8 270.4 256.6 246.1 241 238 233.5 227.8 222.1 216.9 209.1 200.2 193 186.4 176.9 161.9 153.4 152.9 152.1 151.7 153.8 159 158.1 157.2 156.9 157.3 155.5 155.4 154.7 154.5 155 152.5 149.5 149.6 148.5 148.1 148.2 148.2 148.3 147.6 148.6 147.9 147.5 147.6 147.5 147.5 147.5 147.3 146.3 146.9 147.1 148.2 149.2 149.4 150.2 151.9 153.4 154.9 156.1 157.4
392.1 396.8 398.8 395.8 389.2 381.1 373.8 368.8 362.2 351.7 331.1 320 321.2 322.8 314.8 306.8 295.9 279.2 270.5 259.9 256.4 252.7 248 243.7 237.2 230.9 224 216.7 208.4 198.2 189.2 181.9 170.6 155.6 152.9 152.8 152.3 151.8 156.9 157.4 156.8 156.5 156.9 157.4 156.6 156.5 155.4 154.3 154.8 155.1 149.9 148.5 147.8 148.1 148.2 148.3 148.4 148.5 148.4 148.3 147.9 147.2 147.7 147.3 147.9 147.6 147.2 147.5 147.9 147.6 149.4 150.1 151.2 152.9 154.4 156 157.3 159.1
388.3 393.2 393.6 388.6 382.8 375.1 369.7 364.4 356.5 345.8 336.6 320.2 319.7 316.6 300.6 292.1 284.8 283.8 278.8 270.3 264.1 258.2 253.8 247 238 231.1 223.2 216.2 208.5 195.9 186.1 178.8 159.4 155 152.7 152.3 152.4 151.6 158.2 157.2 156.4 156.4 156.7 157.5 158.1 157.6 156.4 155.1 154.4 154.5 154.7 150.3 149 148.7 148.3 148.4 147.4 147.9 148.1 148.1 147.7 148.2 147 146.7 147.1 147.7 147.2 147.3 147.5 148.3 150.1 150.8 152.1 153.9 155.5 158.5 160.5 161.6
384.5 388.2 386.9 383.3 375.7 368.7 363 355 349.6 338.7 324 309.4 309.9 308.9 306.9 302 300.4 294.2 285.9 277.8 272 265.3 256.7 246.4 237.1 230.2 223.5 216.2 206.7 194.3 184.7 169.6 154.7 155.4 153.7 152.6 152.2 156.5 158.7 157.7 157.4 157.4 156.9 156.7 157.1 157.4 157.6 156.4 155.1 153.8 153.9 153.2 150.1 147.7 148.1 148 148 146.7 147.2 147.6 147.8 148.1 147.2 147.3 147.6 147.6 147.4 147.7 150.9 150.7 150.2 151.6 154.3 156.2 158.2 163.4 168.1 173.3
380.4 382.3 380.7 377.1 369.1 360.5 354 353.5 347.3 326.4 323.6 331.4 328.2 322.1 317.9 312.7 310.1 301.9 292.9 285.9 279.7 267.2 256.4 245.2 237.6 229.8 221.3 211.9 202.5 191.8 180.8 161.5 154.9 153.6 153.3 152.8 152 158.9 158.5 157.8 157.4 157.6 155.5 155.9 156 156.1 156.5 156.7 156.4 155.1 153.8 153.2 154.1 149.2 148.5 147.9 147.9 147 146.7 146.9 146.9 147.1 147.3 147.2 147.3 148.1 151.2 151.1 150.6 150.6 150.6 154.2 157.8 159.9 162.9 167.5 171.9 175.3
