WholeMapElevations/data/nm/nm44_OST50GRID_20230518/NM44.asc
ncols 200
nrows 200
xllcorner 140000
yllcorner 740000
cellsize 50
[rows 35 to 69 of 200, columns 0 to 78 of 200]
248 244.8 242 233.8 234.5 230.5 225.8 223.8 223.7 221.2 218.4 212 207 204.9 208.3 211 220.6 228.6 229.7 234.7 240.6 250 260.6 268.6 266.1 262.4 257.4 252.1 245.5 236.1 232.4 230.6 216.8 209 202.2 199.8 198.5 195.7 193.9 193.9 194.7 197.3 198.7 207.7 216.9 216.2 221.1 223.8 229.9 230.1 227.3 237.9 235.4 240 248 255.6 259.2 256 252 239.2 225 211.5 201 184.7 171.2 159 145.1 127.4 105.8 94.6 90 99.2 105.2 105 103.2 90 82 69.7 61.9
247.1 244.5 238.3 230.3 230 228.9 225 219.4 218.9 219.4 215.2 206.3 202.7 206.8 211.8 215.5 231.4 237.8 237.6 239.5 242.2 251.5 266.8 265.1 264.8 263.5 265.8 261.3 248 237.5 233.6 229.4 212.2 205.2 204.9 202.2 197.8 195.7 195.6 195 195.8 195.4 202.2 210.1 219.2 222.1 223.8 227.7 236.1 230.4 230.7 236.4 245.1 245.8 247.8 260 260.3 260.7 257 252.4 231.4 216.9 205.1 186.6 176.4 160.4 147.8 127.9 108.6 105.4 96.8 101.9 111.3 124 119.4 108.3 102 86.1 72.6
240.7 240 230.4 227.2 225.5 222.7 223.5 218.3 215.8 213.1 207.9 201.3 203.7 209.7 214.7 226.3 243.8 244.6 247.3 246.3 246.2 250.5 257.2 267 265.9 264.5 263 258.2 249.6 233.9 228.2 219.4 207.9 207.3 209.7 208.5 202.2 197.5 197.2 198.4 197.1 196.1 201.8 209.9 221.9 227 231.4 239.6 244.2 237.6 238.7 247.5 252.4 252.9 251.2 257.7 265.9 266.1 264.2 255 242.1 222.4 205.1 191.6 176.9 163 150.8 133.2 115.9 117.2 104.9 110.2 115.9 128.7 127.2 123.3 120 105.6 85.8
233.4 235.2 226.7 223.8 224.1 218.9 212.6 211.6 210 206.4 202.1 200.8 203.4 210.4 218.4 232.6 244 246.8 253.4 254 252.5 250 253.1 264.9 264.3 263.9 259.6 251.5 240.2 234.7 225.7 215.4 203.5 207.9 208.8 208.6 203.3 197 197 197 197.8 198.9 202.3 213.7 226.1 231.6 244.6 250.7 249.4 245.1 250.2 257.6 258.2 258.5 255.1 258.9 270.2 270.5 267.4 264.5 247.7 231.1 208.1 200.8 184.3 167.9 153.3 138.6 139.7 131.5 118.2 112.3 120 131 133.3 131.4 130.2 120.8 104.1
233.1 227.7 217.5 217.1 215.6 213 208.7 208.2 204.5 201.1 194.7 199.1 202 208.7 216.2 230 243.7 245.1 254.4 258.4 254.7 253.2 252.8 257.9 261.4 263.9 255.9 248.1 242 229.5 224.4 209.6 203.5 206.2 205.9 203.9 199.6 196.1 196.2 196.5 197.3 200 207.3 217.6 223.9 234.4 247.8 253.1 248.3 249.8 257.4 265.4 266.8 263.3 262.1 264.1 272.5 277.9 270.3 267.7 254 241.1 221.7 199.7 187.7 175.5 158.8 140.6 141.1 140.6 127.4 121 125.2 134.1 142.1 139.2 133.5 134.9 119.4
228.8 224.9 212.2 213.8 211.5 208.7 206.3 204.9 200.7 197.7 194.3 195.7 200.9 207.4 217 231.5 241.9 244.7 258.7 260.5 260.5 258.9 254.4 254.6 258.5 256.9 253.5 245.6 236.9 226.7 218 203.4 200.6 206 205.2 202.3 197.5 196 194.9 196.4 197.8 200.3 209.6 217.5 225 235.7 249.6 253.7 248.9 251.9 260.4 271.7 270.7 269.9 265.4 272.2 274.6 279.1 272.7 268.9 259.5 248.7 230.8 210.9 186.8 174.7 161.8 150.6 149.2 144.2 130.7 125.9 136.6 144.4 150.5 159.2 149.5 137.8 134.8
220.7 213 210.7 211.8 209.5 207.1 204.8 201.1 196.2 196.3 193.4 194.1 199.4 206.9 218.7 238.1 241.5 243.1 260.6 260.8 263.4 267.6 255.6 256.3 256.5 251.9 249.7 240.2 230.8 223.9 206.6 202.3 198 203 203.3 200.9 194.8 193.3 192.5 195.9 199.4 201.2 212.8 221.5 232.8 242.9 250.2 252.6 250.6 254.3 266 275.7 276.7 274.9 269.5 272 275.7 276.7 275.3 279.8 268.1 254.4 236.1 214.4 195.2 172.7 158.7 161.2 158.6 151 134.7 126.2 150.6 157.4 154.9 158.6 161.8 155.4 136.7
215.6 211.4 206.7 210.3 203.5 203.7 202.6 197.2 193.9 193.1 192.8 193.9 199.6 209.3 216.9 232.9 239.1 238.8 257.5 260.6 265.5 267.8 259.5 254.1 254.1 252.1 248.4 239 229.1 222.1 204 198 201.7 199 200.8 205.7 195.2 190.4 191.2 193.4 195.7 203.2 216.5 228.8 239.9 248.6 255 255.3 258.3 260.3 264.6 270.4 281.2 280.2 279.2 274.2 275.4 276.2 276.2 284.3 274 258.7 239.9 221 199 178.8 159.7 161.3 158.7 153.4 136 133.7 149.2 158.2 162 158.8 158.2 164.3 148.4
217.3 206.1 207.4 200.1 199.6 198.5 195.2 193.7 191.9 191.7 190.7 193.3 200.4 209 214.5 223.2 229.5 234.3 251.9 259.8 264.7 265.7 262.5 254.4 251 251.5 245.7 234.9 226.3 218.2 198 200.4 205.9 199.7 197.3 203.4 194.1 186.8 189 190.9 194 206.3 219.2 234.8 243.5 252.5 255.6 258.3 264.3 269.7 271.9 271.5 282.2 285.9 284.6 281.1 276.9 276.4 278.4 278.3 272.8 258.1 244.6 222.3 201.8 183.5 161.5 155 157.3 145.2 138.8 138.4 149.3 163.1 170.9 170.1 163 161.3 169.1
211.5 206.2 200.1 196.5 194.1 192.1 190.4 191.2 190.6 189.7 190.2 193.1 197.7 205.6 214.1 223.6 226 234.8 244.4 255.1 261.6 259.4 262.4 260 252.5 245.9 247.1 233.5 227.5 208.9 198 205.8 202 200.8 199.4 189.7 186.6 184.6 185.1 187.4 197.8 206.4 220.1 240.3 251.1 255.4 258 261.1 267 274.6 280.4 278.5 280.1 287.6 286.1 282.2 280.2 278.3 280 276.8 267.5 257.5 245.9 226.4 205.9 187.3 168.3 159.3 151.1 143.3 154.4 149.4 146.6 162.5 172.3 178.3 171.7 165.4 169.5
207.2 199 198.1 195.7 190.3 190 187.3 188.6 187.1 188.6 189.6 193.2 199 207 213.6 224.5 224.8 230.5 238.3 251.2 253.8 254.5 259.9 259.7 254.7 243.9 240.4 230.5 223.9 198 204.2 202.3 202.2 202.9 203.4 193.5 182.8 181.5 179.6 184.3 195.5 206.8 219.9 239.9 257.9 264.6 262.6 265.7 273.2 282.5 286.6 284.3 286 287 286.1 283.7 282.4 284.5 279.5 274.7 264.2 259.6 244.6 224.9 210.1 187.6 175.1 165.6 159.2 144.8 160.9 163 162.4 164 173.5 183 177.6 176.3 172.8
203.5 191.7 196.1 192.9 189.3 188.7 185.2 189.3 191.3 189.3 190.1 192.2 198.6 208.1 216.3 220.8 223.6 227.9 234.4 239.9 248.6 251.1 252.7 257 253.6 246.5 232.9 226.3 219.2 198 201.8 202.3 203.9 207.3 204.5 196.4 182.8 177.8 176 184.5 195 204.8 219.2 239.6 258.9 271.4 274.3 271 278.1 287.1 291 289.4 291.6 292.9 289.2 286.9 287.6 291.5 282.2 275.6 266 254.8 239.8 227.5 208.1 190 183.8 171.8 164.5 150.8 155.8 169.7 172.8 175.4 180.8 184.9 185.4 186.5 182.8
196.1 195.1 194.6 191.4 187.9 184.9 186.4 191.8 192.6 189.6 191.1 193.2 203.4 217.4 218.9 216.5 220.6 221 230.9 237.6 240.5 249 248.6 249.1 248.3 242.4 234.6 220.2 211.5 199.1 208.3 204.6 202.5 202.8 203.9 194.8 185.4 180.2 175.7 180.4 194.1 202.9 218.7 233.3 255.9 268.2 277.5 279.6 285.8 287.9 289.7 289.7 291.4 292.2 288.6 285.1 288.3 292.3 285.6 275.9 270.3 256.9 234.3 227.7 202.9 192.4 185.6 178.8 164.9 158.3 156.5 165.2 174.2 180.4 185 190.1 195 192.2 187.8
191.4 191.1 192.9 188.3 180.9 188.2 187.9 193 191.1 190.4 193.4 198.9 210.1 223.6 221 215.2 218.4 216.2 228.8 237.1 239.4 241.3 245.2 243.6 239.9 236.5 228.3 214.8 206.1 208.1 209.3 207.1 202.3 197.4 192.9 187.1 184.8 182 171.6 176.8 187.4 202.8 215.5 228.6 241.5 246.9 273.4 281.9 290.6 292.5 288.6 290.3 289.8 287.9 288.3 282.7 282.5 288.8 288.3 280.4 264.7 255.3 234.6 214.4 197 195.6 188.1 179.7 166.2 161.9 165.3 169.9 170.9 177.5 186.9 190.3 197 197.1 196.3
183.3 185.1 182.3 178.7 185.1 189.7 191.8 192.8 198.1 204.1 201.2 206.5 214.3 221.7 219 214.8 213 213.5 225.6 234.7 240.3 240.5 240.1 241.3 237.1 233.4 225.1 212 203.5 208.4 205.9 203.8 200.4 188.1 180.6 174.5 173.5 167.9 173.4 177.1 187.8 202.3 217.3 223.4 229.1 245.8 259.7 276.7 287.5 291.5 288.9 287.9 286.5 283.7 281.9 280.7 280.3 284 285 279.5 268.4 248.2 230.6 210.3 199.9 194.7 188.7 179.3 177.8 172.2 167.4 165.3 168.4 174.2 189.1 195.7 198.2 202.2 204.9
181 178.9 175.3 180.3 186.9 190 190.6 198 205.6 212.1 207.7 212.7 215.3 217.9 218.9 214 212.2 213.3 220.6 230.4 236.5 238.9 236.4 236.6 234.9 231.5 218 200.7 204.1 206.2 197.4 196.2 192.9 182.9 175 167.4 163.7 166 174.8 185.4 194.1 205.8 222.8 220.9 229.1 240.6 252.2 265 278 285.5 286.3 288.1 285.1 282.8 281.5 280.4 279.3 280.3 284 278 269.2 246.2 229.6 211.6 204.8 193.7 192 179.1 178.5 180 172.5 169.8 168.6 171.5 185.1 195.4 200.4 203.8 208.4
176.2 170.4 176.6 179.5 181.6 184.9 194 202.1 209 218.3 214 209 215.3 217.8 217.9 214.9 212.1 220.3 220.8 223 228.7 230.9 230.5 228.1 227.6 224.2 207.8 197.1 195.7 195.3 192.9 191.1 184.6 177.9 170.1 163.9 162.7 163.2 172.5 186.6 202.9 207.8 221.2 218.3 229.2 236.5 246.9 254.8 270.8 277.9 284.7 284.3 286.1 283.2 282.1 282.8 282.4 278.1 280.1 277.2 256.7 240.8 226.6 214.3 206.4 197.6 189.4 179.8 179.4 182.2 183.6 174.2 176.1 173.8 189.6 196.7 201.4 205 208.9
166.4 172.4 172.7 175.5 178 182.1 195.1 208.2 216.8 215.2 215.2 204.9 210 213.6 216.9 219.5 213.4 217 225.8 220.8 220.7 228 226.2 226.6 220.6 212 196.3 188.8 188.2 188.7 187.1 182.7 178.2 173.1 162.9 162.2 161.7 162.1 169.8 184.1 206.5 210.5 209.8 214.7 226.8 233.6 243.5 248.8 258.3 273.8 282.2 282.2 284.6 285.2 285.7 286.5 283.1 280.6 274.5 267 250.1 236.6 221.6 212.1 206.5 201.6 189.2 183.9 184.7 189.3 190.5 185.5 191.3 186.9 184.3 201.4 205.6 208 210.6
170.9 166.6 169.4 170 178 180.4 194.9 207.1 218.1 213.1 207.6 199.3 200.6 209.4 218.9 219.7 218.7 213.9 221.9 219.3 219.5 222.2 225.6 223 217.5 207.5 189.6 184.7 183.1 184.7 182.9 181.7 176.5 168.7 162.8 161.7 161.1 161.9 172.3 180.1 197.8 205.4 200.4 216.1 227 239 242.2 247.2 255.6 266.5 280.2 282.7 282.5 286.6 293.3 293.7 284 279.7 277.5 261.2 247.7 238.7 213.9 206.8 202.9 198.8 190.1 186.3 187.2 189.8 193.3 191.3 191.9 200.6 191.6 202.6 221 216.7 219.4
169.6 164.8 165.5 169.8 169.4 178.9 190.7 202.3 215.6 213.4 205.3 196.2 195.9 203.4 215.8 219.6 215.1 209.8 209.1 217.3 216.8 223.2 228.5 222.8 213.3 197.6 183.9 185.1 184.1 181.2 173.5 173.4 167.3 162.5 161 161.3 160.8 162.1 172.7 178.3 190.5 193.4 212.5 215.3 230.1 245.2 247.7 249.9 254.9 258.6 268.7 279.8 283.9 298.1 298.4 295.6 286.3 278 273.3 258.9 246.9 230 213.4 207 200.4 194.8 190.1 187.7 190.1 191.4 194.5 195.1 196.5 207 208.6 199.8 215.5 224.6 222.5
166.8 164.5 165.3 165.4 170 176 181.2 198.4 203.5 212.1 201.9 193.1 192.9 196.7 206.5 208.5 211.7 209.9 207.9 207.7 215.7 226.5 228.2 224.1 207.7 188.5 182.8 188.4 183.7 180.5 177.2 166.5 163.7 161.5 160.5 160.7 160.6 162.3 170.1 178.5 177.9 199 210.4 222 228.5 241.5 248.9 256.3 259.6 265.4 272.7 281.6 293.4 303.5 307.6 298.8 295.3 279.5 265.5 262.9 249.4 228.8 212 204.8 200.9 195.1 191.6 191.4 193.1 199.5 200.8 198.9 200.6 206.1 210.8 216.5 206.4 222.3 224.8
153.2 158.5 160.2 161.8 167.5 173.7 184.7 194.7 197.7 200.5 198.1 191.6 192 193.8 203.1 207.6 203.6 206.9 207.3 207.5 210.1 218.4 222.5 216.8 200.2 182.9 184.3 187.4 182.4 182.4 173.8 169.6 163.8 161 160 159.9 160.9 161.9 167.5 170.8 192.3 202.9 211.7 227.5 231.2 239.9 250.1 257.1 265.2 269.5 281 287.4 296.9 307.7 305.1 303.7 295.3 277.7 267.1 254.7 248 225.6 212.6 205.7 200.5 197.5 194.4 192.4 200.4 200.9 203 204.3 204.3 209.8 214.5 225.6 217.7 210.2 223.7
161.2 156.6 158.1 158.7 165.1 171.8 187.2 199 196.4 193 190.6 186.6 192.7 193.5 199.5 208.4 196.1 207.3 212.3 219.9 212.9 211.8 214.1 208.6 191.9 182.2 178.8 183.2 183 182.6 173.6 167.2 162 160.3 158.9 159.8 161.1 162.9 165.4 185.7 201.9 211.6 222.2 234 239.9 241.4 250.1 259.5 265.5 271.8 282.9 296.9 299.2 312.2 309.7 308.9 288.7 273.4 266 258 240.2 232.8 219.4 209.6 202.4 197.6 194 194.1 198.2 203.2 206.4 215 211.4 214.9 221 235.2 233.3 225.3 218.6
168.5 159 154.2 156.7 160.9 174.8 192.6 200.8 198.7 193.5 185.9 184.8 193 195 193.2 207.1 194.7 208.7 215.7 223.5 219.5 210.1 207.2 201.5 187.5 176.7 180.2 182.9 178.6 175 170.5 164.5 162.6 160.6 159.5 159.6 161.1 162.4 177.9 194.1 209 220 228.8 238.4 246 247.9 251.4 257.8 265 271.2 282.4 295.2 299.6 309.4 312.5 301 282.1 278.7 267.2 256 250.9 242.6 227.8 216.8 206.2 200.4 195.6 195.4 198.5 203.7 212.9 226.2 226 223.3 228.6 237 240.9 236 231.6
168.6 164.5 143.8 152.9 158.1 172.3 182.9 199.5 196.1 183.5 182.2 182.2 191.1 194.2 191.7 193.6 193.6 206 223.9 224 221.2 213.7 204.9 194.2 185.5 172.1 182.6 179.9 177.2 172.9 169 163.1 161.2 161.4 158.6 159.9 167.8 172.2 179.8 196 213.5 224.9 233.7 244.3 252.5 259.2 258.4 260.9 265.4 270.5 278.6 296.4 293.1 298.9 295 282.6 268.9 265.4 264.8 257.5 258.3 253.7 238.2 224.8 209.5 201.1 197.2 196.9 203.2 203.9 216.4 227.4 228.8 232.2 235.2 237 246.5 248.6 238
168.5 163.8 151.5 138 155 168.4 179.9 193.9 192.9 175.7 176.4 181.1 190.9 191.1 191 184.1 190.2 212.3 215.5 215 217 210.1 200.2 187.3 173.8 177.3 183.5 180.2 175.1 169.8 162.2 160.3 160.6 158.7 158.5 166.2 175.8 179.8 183.6 199.4 216.3 229.6 238.8 252.2 256.6 266.3 265.5 263 264.2 265.4 269.8 273 272.7 279.4 270.3 263.3 257.6 255.7 254.5 260.2 261.6 254.8 245.7 233.1 217.9 204.3 197.9 197.8 199.6 204.5 217.2 231.2 231.6 238.8 244.7 245.8 249.5 251.6 245.4
156 152 145.1 132.4 149.8 164.5 177.5 185.1 177.3 171.8 174.2 181.1 189.4 187.4 187.2 183.6 182 202.5 206.4 203.8 210 206.4 200 179.6 161.9 175.8 175.6 170.6 166.3 161.7 160 157.8 159.1 164.5 166.1 170.6 173.2 183.4 193.3 205.4 219.8 233.3 248 258.5 261.2 265.4 269.3 270.8 271.4 263.8 262.9 260.7 259 258.6 254.6 253.7 252.6 248.1 253.4 265.4 266.1 258.5 248.6 240.4 236.4 219 205.8 201.3 201.4 206.8 221 231.4 233.3 241.7 253.2 255.2 253.3 255.6 249.9
148.4 142.2 138.8 142.9 150 160.7 171.4 178.1 173.2 170.4 173.1 178.1 186 186.6 185.5 185.2 177.1 186.8 194.2 199.9 209.6 199.8 185.7 168.1 161.2 169.4 169.7 165 160.6 155.3 151.5 158.2 167.7 168.4 168.3 172.9 179.2 187.7 200.3 209.9 224.1 240.7 253.2 261.8 267.7 268.2 270.4 271.3 270.1 261.6 257.1 253.6 253.6 248.9 243.5 246.7 241.4 240.1 254.3 261.2 262.9 258.3 250.6 243.9 242.8 229.8 219.9 213.4 208.8 216.8 233.1 234.6 237.1 244.2 260.4 262.9 260.5 258.2 256.1
144.4 134.8 131.8 144.7 151.3 177.5 170.8 173 170.1 167.1 170.6 179.4 185.8 186.5 181.8 175.9 167.2 173.9 187 194.6 192.9 185.6 171.7 154.5 165.1 166.5 167.3 159.6 151.2 149.8 156 161.5 168.6 168.4 168.7 172.8 183.3 197 206.2 217.7 226.9 241.3 251.4 261.9 266.7 265.8 268 268 265.8 258.9 251.7 245.9 243.9 239 239.1 235.3 228.7 233.1 244.2 259 257.1 256.8 245.1 244.5 242.4 238.6 231.3 231.1 226.1 232 237.4 239.7 239.4 250 262.7 268.3 266.8 260.4 258.2
133.6 130.9 135.6 145.5 154.3 176.8 175.2 167 165.4 166.5 175.1 188.7 185.4 185.6 181 172.4 165.1 167 175.4 187 185.5 179.3 151.1 156.8 163.1 162.5 157.6 155.5 151.4 149.8 158.5 165.6 168.1 169.2 170.1 176.2 185.5 199.9 212.7 229.1 233.6 240.4 249.9 258.8 262.7 261.3 262.8 264.9 263.1 255.3 251.8 242.4 236 231.7 229.7 225.3 222.8 222.7 230.4 242.8 247 244.2 239.1 245.6 242.3 241.6 241.7 235.8 236.6 246.2 240.2 250.5 250.4 256.2 265.6 272.5 268.8 266.8 258.7
118.5 129.6 135.1 145 158.4 178.7 177.6 166.5 164.9 167.6 175.5 181.7 183.5 183.5 180 171.3 164.2 159.7 167 168 164.8 157.6 144.7 156.2 159.4 153 150.5 148.9 148.8 150 156.4 167.2 167.3 168 169.5 179.2 196.4 202.1 217.6 231.1 242.7 243.7 245.8 251.4 260.3 257.8 257.7 258.6 254.3 251 251.3 244.5 230.5 223.6 223.7 213.5 211.1 212.7 219.8 227.4 225.5 224.6 223.5 229.2 234.2 243.6 249.4 247.3 250.6 254.5 256.4 251.9 254.6 260.8 265.6 278.1 274.8 268.3 264.7
122.7 130.5 137.8 146.7 156.5 167.2 167.1 171.4 163.6 161.8 165.3 171.5 181.2 180 174.6 166.2 162 154.5 161.6 160.9 154.7 140.9 153.4 153 151.8 149.3 152.2 146.8 144.5 149.8 153.1 159.6 166.9 167 168.5 182.5 196.7 202.7 208.5 229.2 236.5 239.2 241.6 245.3 245.9 245 245.4 244.4 241.2 251.6 250.1 241.2 224.7 215.7 215 208.3 207 205.2 205.6 208.6 212.9 216.2 215.2 217.6 226.3 238.3 252.4 257 255.3 255.1 263.3 262.6 266.7 263.6 269.8 278 277 270.3 263.3
125.3 128 140 149.2 151.6 158.5 164.1 175.8 170.9 155.3 159.7 164.2 171.2 175.3 170.9 157.8 157.8 145.6 147.6 149.1 139.5 148.6 152.6 150.1 149 147.5 146.2 140.4 139.5 147.2 148.8 152.5 159.3 165 172.8 180.2 191.7 199.9 207 222.5 230.5 234.3 240.8 244.2 241 239.7 232.6 232.4 234.6 240.2 236.9 235.6 222.8 207.8 207.8 208.5 206.6 204.4 202.3 201 202.7 203.4 202.6 208.2 219.4 234.5 250.6 262.6 266.4 265 272.8 269.5 280.5 283.7 277.9 279.1 278.3 271.2 262.1
122.1 129.4 140 148.4 148.6 153.6 163.6 161.3 155.5 147.8 149.6 156.5 158.3 161.8 157.7 152.1 150.4 137.5 128.7 136.4 141.1 145.2 149 147.3 146.8 147.3 143.9 138.6 138.8 139 146.3 148.1 157.1 167.5 181.3 181.5 185.3 198.5 203.1 208.8 222 230.6 233.4 233.3 233.6 226 225.5 226.7 228.1 228.2 227.1 219 210.3 208.7 202.4 204.3 203 201.7 201.2 199.8 198 199.1 197.4 203.1 220.2 225.6 245.2 268.7 277.5 274.1 272.7 286.4 296.4 299.3 298.4 290.2 280.3 272.2 262.8
121 124.2 134.5 141.8 151.3 160.5 161.5 152.8 147.4 141.6 141.1 146.4 150.4 148.9 147.1 142.7 139.8 122.4 132.5 133.6 132 143.1 146.1 145.5 146.1 144.4 142.8 138.4 138.8 137 144.5 149.9 155.1 166.8 184 185.8 187.9 189.2 197.2 202.5 211.3 221.3 225.4 227.1 222.5 224.6 223.9 221.4 215.4 217.7 215.7 208.8 205.2 202.9 199.7 197.6 197 200.6 200.1 199.4 199.8 194.7 195.2 198.5 213 224.5 235.4 264.5 284.3 288.5 283.1 290.2 303.3 310.2 307.3 301.1 290.7 275.2 262.7
