WholeMapElevations/data/nn/nn52_OST50GRID_20230518/NN52.asc
ncols 200
nrows 200
xllcorner 250000
yllcorner 720000
cellsize 50
[rows 35 to 69 of 200, columns 0 to 77 of 200]
144.5 144.1 144.3 144.6 144.8 144.7 148.7 146.1 145.3 145.5 147.9 148.2 148.1 148.6 150 152.9 152.4 158 155.5 154.3 154.3 154.5 159 161.5 163.5 169.6 176.2 183.1 197.1 195.6 202 208.2 205.1 209.4 211.2 214.5 218.7 222.3 225.4 224.9 225.5 227.7 227.9 230.9 233 231.1 230.1 234.5 238.6 236.1 234 233.1 232.6 236.8 235.2 233.3 233.3 233.1 235.4 237.1 243.1 246.8 253.1 265.7 273.4 280.2 291.3 307.1 312.3 315.2 313.3 330 335.8 339.8 351.3 358 366.1 373.1
144.1 144.1 144.5 145.3 145.6 149.4 149.1 146.4 146 146.5 148.5 149.4 149.9 149.9 150.7 154.5 155.9 163.6 156.7 155.7 155.6 157.5 160 163.1 168.1 173 185.7 187 193.3 197.9 206.4 209.9 209.6 214 217.9 222.6 228.6 231.3 228.2 233.2 237.8 241.8 241.5 241.6 246.7 245.3 239.1 238.3 237 238.2 240.2 240.9 238.2 239.3 239.4 238.1 238.2 237.7 241.1 243 243 248.2 255.2 265.6 277.6 290.7 292.1 309.3 316.1 317.9 320.9 326.6 336.3 346.2 360.6 367.6 372.3 385.3
148.3 147.1 145.4 146.1 147.8 150.4 151.3 148 149.6 149.4 149.8 151.1 152.5 151.6 153.2 153.8 158.6 163.3 165.6 157 158 163.1 164.9 166.3 170.3 175.9 181.1 193.9 197.3 203 207.4 212 217.2 223.5 228.1 230.3 236.9 236.8 237.7 241 244.3 245.8 247.3 248.9 249.2 247.7 244.6 246 247.6 244.6 248 249 245.4 246 246.7 243.6 249.5 244.1 243.5 250.5 245.8 253 261.7 272.8 279.4 290.5 297 307.2 311.3 320.2 325.3 331.6 343 355.2 366.7 371.4 383.2 395.2
151.5 153.3 149.9 148.4 151.9 153.9 154.6 150.5 152.4 155.1 153.1 152.8 154.8 153.5 154.1 156.1 157.1 158.4 158.2 159.3 165.9 166.2 170 174.9 176.6 181.6 187.6 193 199.2 203.9 211.6 218.5 225.4 231.9 238.2 243 244.6 243.1 243.5 247.1 251.6 252.5 253.8 254.8 250.9 254.1 254.7 253.4 254.9 250.5 252.6 252.4 256.3 258.6 252.8 261 256.6 255.8 254.4 258 254.6 255.4 265.6 273.7 281.9 288.1 297.5 302.8 306.5 313 329.3 339.7 349 360.3 368.3 384.1 394.5 405.4
154.2 153.7 151.6 152.9 152.9 153.6 151.2 147.8 151.4 154 153.4 153.5 156.2 164.9 154.1 155.1 155.9 155.8 158.8 165.2 170.4 171.8 177.9 181.4 183.8 186.6 192 196.8 201.6 208.9 219.2 224.1 230.3 233.8 244.7 250.3 252 250.3 257.4 257.4 259.9 262.8 264.9 263.5 259.5 258.7 264 266.1 267.9 262.9 261.9 263.1 265.2 266.5 266.1 266 261.9 261.8 260.4 256.9 264.7 261.9 264.8 271.2 280.5 287.8 294.7 300.6 307.7 320.8 334 343.7 351.4 366.2 378.4 396.2 405.9 422.9
154.7 153.6 152.6 152.1 157.7 156.8 154.8 153.4 153.5 152 154.1 154.7 156.6 156.8 154.9 156.8 157 159.3 164.5 170.8 174.4 178.9 186.7 186.1 188.8 190.8 195.7 201.8 205 213.8 224.6 227.3 233.8 240.6 249.3 255.7 258.4 261.1 265.9 266.5 267.8 268.6 267.5 269.6 269.6 273.3 274.5 277.3 281.7 281.1 279.5 280.1 276.1 274.3 276.3 270.2 268.7 270.2 267.1 264.3 264.8 265.2 263.6 272.4 276.9 286.7 293.6 303.4 312.5 327.2 336.4 347.6 359.7 373.6 388.9 405.4 420.3 433.8
160.2 158.3 154.6 154.6 159.5 161.7 158.9 157 154.6 154.1 154.2 161.4 159.1 158.8 156.2 156.9 159.3 164.8 169.9 175.3 177 189 190.9 187.8 190.4 194 202.4 206.8 209.9 218.7 227.7 229.7 239 247.1 253.4 259.6 265.2 270.5 274.3 275 274.5 275.5 276.8 284.6 285.7 285.1 289 290 291.5 293.7 291.4 292.7 290.7 289 289.5 284.4 277.3 274.3 271.1 270.3 267.5 271 270.5 270.8 282.9 289.1 297.5 305.5 319.2 329 343.4 355 372.8 384.1 398.7 416.9 431.3 446.4
164 161.7 159.5 164.8 162.8 164.4 161.8 159.3 157.4 156.5 155.4 159.1 157.9 158.9 157.7 158.5 167.1 169.7 172.2 175.8 177.9 187.7 191.8 190.7 193.3 199.3 207.4 211.9 215.2 222 233.3 234.3 242.6 252 259.4 265.8 273.7 279.2 281 281.7 281.8 284.5 293.5 294 297.1 298.8 301.9 302.5 305.5 310.3 319.3 312 308.2 304.8 298.4 289.4 287 283.1 284.2 278.6 279.2 281 280.8 278.7 281 293.7 299.7 309.3 319.2 333.8 348 362.9 380.4 396.3 413.7 428.6 442.6 459.9
172.7 169.3 161 165.7 167.2 166.9 165.1 161.4 159.5 158 157.5 156.8 157.3 158.6 159.9 168.9 174.4 172.7 185.1 178.9 180.6 188.7 193 193.9 197.1 203.6 214.1 219.2 222.3 229.3 241.7 245.2 245.2 254.1 264.1 271.7 277.1 283.2 285 285.1 290.2 298.3 303.5 309.8 315.8 313.5 319.3 315.2 317.6 320.2 322.5 320 312.5 306.9 298.6 298.3 292.3 287.8 287.2 285 282.5 288.6 288.9 290.3 287.4 296.1 303.9 310.9 327.4 337.7 353.5 373.1 395.7 410.9 429.8 440.5 454.3 471.3
174.9 168.6 165.5 167.6 168.7 170.7 168.7 164.4 162.1 159.5 158.1 158.7 158.9 161.8 169.5 178 177.1 177.4 186.9 182.8 185.3 193.8 197.9 197 201.7 211.7 221.9 223.3 232.9 240.8 246.5 248.6 250.7 259.3 267.1 273.4 280.7 284.8 289.7 296.4 303.6 310 315 322.7 321.4 324.2 328.9 324.4 326.7 328.4 328 320.4 319.9 314.7 311.3 305.5 300 294.6 292.6 289.4 290.7 297 297.2 297.8 302.3 296.1 305.8 321.1 327 343.1 358.7 381.4 405 425.8 439.6 450.9 465.2 481.1
181.6 166.7 170.9 171.5 173.7 173.8 168.9 165.4 162.2 162.2 160.3 160.9 161.2 165.3 175.9 184 182.1 184.9 192.8 185.4 191.8 196.2 198.8 202.4 206.4 218.1 227.2 228 237.7 243.8 253.7 255.3 258 272 280.8 278.2 283.2 291.8 295.4 306 313.5 318.7 325 330.7 331.4 335.6 334.4 336.4 335.7 335.8 333.2 332.7 329.4 325.7 320.3 319.2 313 306.9 301 297.4 299.5 299.9 301.1 303.6 309.3 306.7 307.3 323.1 329.7 346.4 364.2 385.4 417 435.7 450.8 460.9 475.4 488.3
178.5 172.3 176.8 177.7 174.7 172.6 167.9 164.6 164.1 163.3 162.1 165.5 175.6 167.4 175.2 182.9 184.3 184.7 192.4 190.7 194.7 201.1 204 207.3 212.7 222.7 233 237.5 241 247.6 254.9 263.4 264.7 277.4 288.2 290.1 294.3 300.2 310.5 321 324.1 330.6 336.8 340.7 341.7 346.9 348.6 348.3 347.3 344.7 343.4 341.7 339.2 337.6 337.5 332 325.5 317.7 313.1 307.3 307.9 309.9 313.9 317.3 318.4 316.3 313.3 320.8 337.2 352.7 370.4 389.1 421.4 442.4 454.7 464.9 484.4 492.9
176.7 181.1 179.4 179 177.5 171 171 168.2 165.2 164.8 167.3 176.6 173.9 173.2 178.9 187.2 188 187 194.6 193 200.5 206.3 216.7 215 218.5 225.4 233.7 240.7 248.1 256.7 262.9 270.4 274.4 287.2 293.7 303.4 305.4 315.2 324.3 329.4 337.8 344.3 348.1 353.2 357.8 361.2 359.9 362.4 362.6 358.8 357.8 354.7 354.9 354.4 352.5 346.5 335.5 328.5 326.2 322.3 317.4 322.9 325.5 324.4 326.5 322.7 317.5 330.6 335.7 355.1 371.1 392.4 422.4 448.5 457.8 470.8 489.3 503.5
180.2 184.1 181.8 181.4 178.3 175 172.6 169.8 168.6 169.7 172.5 177.4 181.5 174.6 178.2 183.1 187.7 199.9 197.6 200.8 205 214 218.1 220 226 233.7 246.2 251.6 258.1 266.9 270.7 279.3 285.5 294.9 298.6 308.3 315.5 328.2 335.2 341.5 344 357.8 364.3 365.6 370.6 374.9 375.5 378.1 379.4 376.5 373.9 371.8 364.3 364 357.4 355.3 347.6 338 334.9 329.2 330.2 336.9 331 334.6 332.4 326 319.4 337.3 340.4 355.5 371.5 393.2 426.9 442.5 456.5 478.2 497.1 509.6
185.7 185.4 185 183 178.9 175.7 176.4 175.6 175.5 176.7 177.2 178.4 183.5 183 180 185.4 190.6 200.3 200.3 204.8 211.5 223.3 224.3 226.6 231.6 236.9 247.1 259.3 264 271.9 277 284.5 290.6 305.4 312.3 321.8 330.4 337.1 346 354.4 358.1 371.8 377.5 381.5 392.8 399.4 402.8 403 400.2 397.6 393.1 391.3 382.9 375.1 370.5 365.4 360.9 350.4 347.5 339.1 339.2 337.8 335.7 343.6 340.9 335.9 333.9 331.5 342.4 356.9 373.3 394.5 421.2 440.5 455.8 475.9 498.6 509.9
184 187.5 187.3 184.3 177.5 180 182.7 183.2 182 180.7 182.6 181.9 185.6 185.7 184.3 189.6 195.5 206.2 203.8 215.7 220.7 225.7 228.9 232.5 237.4 244.7 252.5 263.8 277.3 283.2 284.6 290.8 300.6 313.9 325.9 331.2 342.6 349.1 361.9 369.1 371 389.8 400.8 410.1 416.6 414.8 421.7 428.2 427.4 420.4 407.7 404.7 394.9 386.3 383.7 380.1 377.6 369.7 361.6 350.2 344.2 342.6 345.4 349.6 347 347.6 342.1 337 348.7 365.1 379.9 398.9 419.9 441.8 452.9 470.5 492.9 506.5
188.9 194.7 190.8 184.4 181 184.4 186.7 188.1 186.5 185.4 195.4 190.2 190.4 193.9 190 193.7 197.6 206.6 209.7 220.5 224.4 228.6 235.4 238.8 246.4 251.9 259.6 270 279 286.4 295.3 301.9 314.1 328 335.9 346.2 358.7 366.8 376.1 384.1 393.7 403.3 416.8 428.3 430.9 434.8 434.3 442.1 442.4 450.4 435.7 419 411.6 407.3 400.4 403 399.6 385.2 371.5 363 354.2 349.5 356.4 358.2 354.4 353.3 349.7 341.8 356.4 370.3 384.5 407.8 429.4 442.1 450.3 471.7 495.5 507.3
195.1 195.3 193.7 188.9 186.2 187.8 189 189.2 188.8 194.4 196.7 195.2 198.6 202.8 192.1 198 202.9 217.6 217.3 223.2 229.5 232.8 243.7 249 251.4 262 269.6 283.2 287.9 297.1 305.6 314.3 327.5 341.6 352 361.2 373.3 381.6 390 400 410 418.5 428.2 437.6 445.1 453.2 453.8 456.1 463.4 470.3 447.7 441.9 445.8 450.1 426.8 416.6 407.8 394.2 382.4 382.2 373.5 360.5 361.7 362.7 363.9 362.4 357.6 347.1 359.3 374.2 387.9 416.5 431 441.3 450.5 470.9 490.2 508.6
198.7 194.1 193.6 192.9 191.9 193.9 192.9 192.1 193.4 201.5 200.1 203.4 204.7 207.4 198.3 201.8 210 219.9 227.5 228.5 235.9 241.5 256.8 256.5 262.1 268.6 276 289.1 300.4 306.3 315.1 326.9 339.7 353.5 365.1 382.3 391 399.9 409.7 416.9 429.2 431.6 438.8 453.4 473.3 475 475.8 473.1 472.1 474.6 466.6 471.9 476.3 466.7 455.8 425.9 411.3 400.2 399.9 395.4 384.6 378.9 367.2 368.9 373.7 366.7 361.2 356.3 366.1 376.4 389.7 410.3 426.4 436.3 454.2 470 489.2 508.4
202.8 198.4 198.4 198.9 199.4 202 199.5 198.2 201.5 204.4 202.7 204.8 211.7 212.9 199.3 204.4 212.6 221.6 235.8 238.8 241 254.9 264.3 264.4 268.5 275.9 284.9 299.3 307.8 317.6 328.4 342.4 353.7 367.1 381.4 394.5 407.1 421.8 427.3 432 443.4 454.8 457.9 468.2 488.8 500.2 496.3 491.5 486.2 482.7 482.8 492.3 491.3 476.8 463.8 438.9 423.5 418.1 410.7 405.6 396.8 385.7 375.7 379.3 380.7 371.1 370.5 361.4 366 376.6 391.9 408.5 423.6 437.8 457.3 472 492.3 508.6
201.6 207.1 206.5 206.3 207 209.4 206.3 205.8 209.7 210.1 207.1 208.7 212.4 205.3 204.7 207.9 221.3 232.1 244.9 245.6 248.9 259.7 267.7 270 277 285.4 295.5 308.5 316.4 332.2 341.6 354.1 367.1 380.8 397.8 410.2 424.3 436.5 439 448.8 464.3 474.6 486.8 497.9 494.7 504.7 511.7 507.9 493.7 491.2 492.4 499.5 501 484 471.1 445.8 432.6 426.8 414.5 414.6 407.4 394.9 386.1 388.6 379.6 373.9 376.8 364.2 369.7 378.7 393.6 409.8 423.3 443.1 461.3 475.1 492.7 508.6
208.8 210.5 213.7 213.8 214.3 214.2 214.3 215.2 218.5 211.9 213 221.2 210.2 218.8 210.9 217.6 227.4 242.8 248.5 252.3 255.2 269.4 272.5 273.1 284.1 295.9 305.3 316.5 328.5 341.2 357.5 365.1 379.8 401.7 414.4 422.1 437.9 449.7 455.8 467.5 484.1 497 519.1 525.9 527 511 519.7 507 504.2 502.1 502.9 502.6 502 490.6 477.4 454.8 439.9 436.8 423.6 420.6 410.3 399 401.9 390.5 384.7 379.8 376.8 370.3 374.9 382.2 398.2 409.4 424.5 440.9 458.3 478.8 495.8 508.3
215.5 217.7 223.1 220.8 220.1 218.8 223.6 220.7 216.7 219.7 221.2 221.1 216.2 226.5 219.4 226.4 237.3 247.9 258.7 257.7 263.1 275.4 276.4 280.3 291.5 305.9 321.9 327.7 337.8 353.5 365.7 377.5 393.3 412.6 425.8 435.8 452 462.2 474.8 488.7 511.1 531.2 536.3 541.8 542.8 522.7 520.7 522.7 514.7 514.6 510.8 504.7 502.3 493.2 480.7 464.4 445.9 440.6 428.3 422 410.5 408.6 402.6 396.8 388.5 383.8 376.8 370.5 376.6 385.9 399.2 411.5 422.2 438.2 459.2 483.8 505.4 518.3
224.9 228.9 232.2 228.5 225.1 229.3 229.8 221.9 224.5 224 227.2 225.1 223.2 228 227.4 239.3 248.1 255 264.1 265.8 271.4 279.9 281.4 289.4 304.7 314.6 327.6 335.9 348.3 361.8 377.7 391.2 404.8 421.6 436.8 449.5 466.3 479.8 501.1 514.8 539.1 548.5 550.5 557.8 554.7 529.7 529.4 531.2 526.1 529.3 515.4 510.8 506 496.9 477.6 464.5 451.9 439.9 429.1 425 415.3 410.3 404.1 400.3 394.2 385.8 377.1 374.4 380.9 388.7 400.5 413.4 422.5 438.3 459.1 482.1 502.9 518.5
235.7 237.7 237.6 235.1 231.4 234.3 232.2 231.3 234.1 232.2 233 238 229.4 229.1 239.6 243.7 255.6 263.3 269.4 272.9 281.6 286.4 292.2 299 309.5 323.7 335 346.1 362.2 375.4 391.2 404.2 420.8 433.5 447.9 468.5 482.4 509.4 524.1 534.1 556.3 565.1 566.4 568.2 553.4 547.2 545.7 536.1 533.2 536.6 522.3 513.3 509.4 495.3 484.4 467.8 455.2 444.8 436.1 429 418.8 412.1 407.7 402 396.6 386.9 376.2 379.2 383.1 390.4 402.4 414.5 425.8 439.3 458.7 485.7 501 517.9
245.9 243 248.4 241.9 239.2 238.9 241.9 240.7 242 241.4 244.7 246.3 237.7 239.8 242.1 247.7 261.8 264.9 272.1 277.5 282.9 290.1 301.1 311.1 317.3 332.5 342.3 360.5 373 387.7 402 418.2 429.9 444.6 463.5 484.7 508.6 525.7 540.5 552.4 570.8 579.2 577.8 567.5 563.5 569.7 549.4 541.9 540.7 540.4 521 516.9 507.1 496 482.8 467.4 457 448.6 440.5 432.8 422.8 413.7 410.5 403.4 397.4 386.9 382.8 380.8 385.3 392.6 402.1 414.7 426.2 441.5 460.4 481.3 499.9 512
250.1 251.4 251.9 249.6 247.5 248 249.7 249.1 251.6 249.8 251.2 256.5 248.5 247.7 251.4 253.8 262.1 273.5 278.9 286.9 290.5 300.5 306.1 312.9 327 340.7 351.5 367.1 378 389.7 407.1 426 440.6 450.5 474.4 499.3 518.1 534.7 549.7 565.4 575.5 585.6 584.8 578 585.2 566.8 566.5 566.4 545.9 536.8 522.5 515.6 508.5 495.6 483.4 472.3 463.2 454.2 447.5 439.9 427.8 417.2 415.1 405.8 396.6 390.6 387.3 386.2 385.6 392.5 401.7 411.7 425.3 442 459.8 481.9 498.3 509.9
257.7 264.1 258.9 257.4 259.5 258.8 258.1 259.7 261 261.1 265.3 258.8 259.5 258.4 263 266.7 269.3 279.3 288 291.9 296 306.6 313.7 324.1 332.3 347.2 359.5 372.9 383.1 396.4 409.7 427.1 443.4 459 478 501.9 524.7 543.1 554.9 572 574 586.9 589.1 594 592.5 577.8 581.2 576.1 549.7 539.4 528.8 518.7 510.1 502.4 487.9 479.7 471.4 462.4 455.1 443 430.8 422.2 415.6 410.3 401.2 395.5 392.3 390.8 387.6 391.9 400 410.3 422.6 442.1 458.9 483.8 494.2 512.5
267.7 270 269.5 267.1 270.2 274.8 269.9 270.4 270.8 270.6 271.9 271.6 268.3 267 273.9 277 273.3 283.1 292.4 298.5 301.7 310.3 322.9 331.3 339.5 347.1 359.8 378 390 404.5 418.8 431.7 446.4 465.1 485.7 507.6 527.7 545.1 557.4 566.2 571 583.1 589.9 592.3 583.8 589.2 589 572.4 552.3 546.5 535.4 526.8 519.8 508.7 496.5 486 478.8 470.4 463.5 454.7 445.7 435.8 425.8 416.2 411.2 407.4 401.1 396.3 392 396.9 399 408.7 422.5 440.7 456.4 473.6 492.8 509.5
282 283.2 281.3 279.8 281.6 282.7 282.1 284.2 280.8 286.4 281 278.8 278.6 277.1 281.5 282.7 284.3 289.3 298.2 304.5 310.1 318.9 328.7 337.1 346.9 358.6 368 380.2 393.4 408.9 422.6 434.6 446.8 468.4 481.6 503.3 526.2 542.5 559.1 560.5 569.5 574 586.3 590.5 584 594.4 592.3 581.6 559 553.3 544.5 542.3 526.9 514.5 503.5 494.7 481.2 478.9 469.8 463.4 458.4 450.8 440.3 434.5 422.4 418.4 411.4 404.3 395.6 402.7 401.3 409.6 420.2 439.2 454.7 474.4 487.5 506.7
297.4 292.9 292.3 292.5 293.4 297.1 292.7 292.1 294.6 296.1 291.2 289.7 292.1 289.6 292.2 296.3 287.2 297.8 305.3 310.3 318 324.5 332.3 341.4 353.3 368.3 378.9 391 393.4 411.4 425.7 442.4 451.8 468 477.7 493.2 518.4 534.2 546.6 549.1 563.2 570.2 580.7 581 591.2 594 596.2 587.2 576.9 560 557.1 557.5 543.6 532.5 512.7 501.3 492.3 486.2 480.4 470.4 469.9 463.6 460.7 453.6 439.3 426.9 417.7 411.4 400.7 405.8 402.7 411 418 433.6 453.7 473.4 490.6 502.5
301.2 302.8 304.2 306.5 308.9 309.5 304 306.4 306.7 307.6 306.4 302.5 303.7 305.3 301.9 296.8 300.4 306.1 310.9 315.7 322.5 330 339.5 348.8 362.8 372.3 384.8 391.1 402.4 413.2 425.7 443.6 455.3 465 480.7 497.9 511 522.7 535.4 542.6 557 567.5 573.4 576.3 589.2 591.3 593.1 589.7 588.7 572 564.6 564.1 557.2 543.4 529.9 514.1 504.5 500.1 494.5 485.9 480.8 475.4 468.5 461 449.7 434.4 425.4 417 409.2 409.8 405.6 411.8 418.5 432.5 450.9 468.9 489.7 509
313.1 315.5 316 321.1 320.3 318.5 316.7 316.3 318.5 316.8 315.7 315.3 313.5 311.1 304.5 299.7 307.6 311.1 318 323.8 329.6 337.3 343 352.2 362.6 376.4 390.8 401 406.3 422.9 427.8 440.7 455.4 465.8 481.1 495.8 506.2 522.6 530.8 543.4 554.7 563.4 568.5 574.9 587.7 591.8 593.7 592.3 591 576.8 571.2 568.4 564 551.1 531.9 522.3 513.5 504 496.5 491.7 488 482.6 477.1 465.7 456.7 443.4 431.1 422.5 413.9 411.6 409.5 419.3 427.8 435.3 451.5 471.4 488.1 509.9
328.7 326.8 329.8 331.3 329.2 330.9 331.6 330.1 328.3 330.3 329.3 330.7 323.2 318.9 315.3 301.8 312.4 319 323 330.6 337 342.9 351.8 359.9 370.3 381.9 396.1 410.9 415.8 436.3 441.4 445.4 450.4 468.4 477.9 492.7 498 514.7 527.6 537.1 552 562 566.9 576.6 587.1 592.8 596 599.8 596 584.4 576.5 571 565.2 558.2 542.4 529 516.5 506.7 500.9 492.8 489.8 486.6 478.6 471.9 459.5 448.3 437.5 425.1 419.2 417.7 416.2 418.8 425.5 439.9 451.5 468.6 488 509.2
341 341.5 342 339.2 343.6 344.1 340.3 341.2 342.1 337.6 337.7 329.6 324.8 322.4 320.1 311.8 314.7 321.8 327.6 334.2 342.7 350.9 357.8 366.1 375.8 388.1 401.2 417.2 426.1 442.8 456.9 456.6 464.2 468 478.3 491 503.2 514.5 524.4 534.2 546.9 557.2 567 577.3 587.2 594.6 600.9 604.5 601.4 595.7 584.6 579.1 568.7 558.5 546.8 529.4 517.8 515 500.9 493.7 491.3 484.8 478.2 470.9 461.6 451.2 440.5 430.4 426.1 423.1 419.3 420.6 429 440.7 452.9 470.1 490.4 506.1
