WholeMapElevations/data/sh/sh70_OST50GRID_20230518/SH70.asc
ncols 200
nrows 200
xllcorner 270000
yllcorner 300000
cellsize 50
[rows 105 to 139 of 200, columns 0 to 78 of 200]
345.4 348.9 354.5 363 372.7 385.1 395.9 404.6 413.8 425.1 435.4 443.2 449.9 448.8 446 445.5 446.1 447.9 453 459.1 460.5 460.5 454.9 450.3 450.5 450.6 456.2 456.8 454.7 450.4 438 417 397 378.6 362.2 349.1 338.1 332.2 327.6 321.4 327.8 337.7 348.1 356.5 360.3 357.2 349.9 342.2 335.9 326.7 312.8 299.9 286.8 275.1 264.7 253 244.8 237.5 228.6 219.3 211.7 203.3 197.1 193.3 197 202.3 207.5 209 209.7 213.3 224 233.7 237.7 236.1 229.2 213.5 207.2 205.8 205.4
358.9 362.8 366.8 373.8 383.4 396.7 409.9 420.7 428.8 439.5 446.7 444.2 435.5 434.8 435.1 435.9 437.3 438.9 443.6 447.7 445.9 439 430.1 427 430.9 436.8 440.1 443 450.4 443 428.3 404.7 380.6 361.6 345.5 332 321 314.7 310 305.9 316.8 327.6 337.7 344.9 350.5 350.5 342.4 332.5 330.8 324.7 315.9 304.6 295.7 291.1 283.5 275.6 267.4 259.3 248.2 236.4 227.7 217.3 207.8 195.3 186.3 185.5 187.8 191.9 195.3 200.9 213.9 225.9 231 228.6 224.5 214.9 212.6 212 213
378.9 381 383 388.3 398.5 413.8 427.1 432.1 440.1 436.1 426.8 418.5 418.1 419 420 421.8 423.9 425.4 429 428.2 426.8 415.5 400.7 402.8 411.2 414.3 425.2 441.4 442.6 435.6 422.1 397.6 372.4 348.2 329.7 317 306.9 300.6 296.7 298.1 306.2 316.9 326.9 332.9 339.2 340.8 334.3 326.3 325.9 324.2 316.8 308.6 305 306 300.5 293.3 286.8 278.5 269.2 257.9 248.5 238.5 228.4 215.6 198.8 184.3 179.7 183.8 185.5 189.7 201.5 211.6 217.7 218.1 217.8 212.8 213 215 218.1
403.8 402.9 403 406.6 415.5 430.9 439.3 424.5 415.8 408.2 402.5 399.5 399.6 401.3 402.6 404.4 405.9 406.7 407.6 405.2 401.5 392 373.8 374.9 389.5 403.7 417.4 428.6 429.4 423.6 410.9 392.7 368.7 344.3 321.7 305.3 294.8 289.7 285.5 287.3 292.7 305.6 314.6 314.5 324.1 329 326.5 328.1 327 322.2 312.7 312.3 310.1 313.4 317.9 311.8 302.5 292.7 284.1 277.1 268.9 259.4 249.6 236.8 218.6 201 184.8 176.6 178.3 179.9 186 193.5 201.6 205.1 207.8 208 210.6 213 216.1
429.4 427.8 431.3 435.5 437.5 430.2 415.4 402.6 390.8 384.4 380.8 378.9 381.4 382.8 384 385.6 383.7 384 382 378.5 373.6 366.6 350.1 349.3 367.2 390.6 402 413.3 411.4 411.5 404.2 390.5 370.1 347.7 325.1 305.1 290 279.1 274 275.7 279.7 287.1 297.2 305 315.9 319.8 327.9 322.2 321.2 316.4 309.4 315.1 311 316.2 325.2 322.5 312.4 301.4 291.8 286.4 280.8 272.3 264.3 253.3 237.4 219 201.2 183.3 175.7 170.7 172.8 174.8 180.3 189.7 197.2 200.4 204.9 208.5 208.5
449.9 455 458.9 452.5 435.1 414.2 395.4 381.1 370.9 365.7 363.7 361.9 364 365.2 366 363 360.8 359.4 356.2 353.3 347.4 343.1 330.9 326 347.1 367.1 385.2 397.7 404.6 404.1 401.2 389.8 373.1 353.4 333 313.8 297 278.8 269.9 266.9 272 279.7 287 293.6 307.5 314.2 316 311.3 309.2 311.7 308.3 304.1 306 312.5 322.4 322.8 314.2 303.9 295 288.3 282 275.8 267.8 258.7 249.6 233.1 213.5 196.9 187.4 184 178.4 172.9 158.8 171.4 180.8 190.9 197.5 203.2 209.5
475.1 475.9 457.9 438 419.5 400.5 384.3 372.2 362.8 354.6 350.3 346.6 346.8 348.4 346.2 342.5 337.7 335.3 331 328.8 324.8 321.9 312.7 315.3 336.7 359.4 376 393.4 401.3 404.1 401.1 391.9 377.4 360.5 341.6 322.6 304.1 285.4 271.4 261.8 263.8 271 278.7 278.4 291.9 300 298.8 294.4 291.5 298.3 299.3 292.8 298.1 306 315.4 313.1 307.8 301.8 294.6 287.3 282.1 276 265.3 257.4 250 242.1 225.3 205.4 196.2 193.8 183.2 177.9 172.5 157 158 177.2 185.6 195.8 206.2
477.3 459.7 441.6 423.3 406.7 392.4 378.2 366.1 356.6 347.5 338.2 332.5 332.2 329.9 326.5 320.2 315 310.4 307.6 307 307.4 306.1 293.7 307.8 330.4 352.8 377.6 393.9 403.5 404.8 401.4 390.7 379.5 362.4 346 328.9 312.4 294.5 277.1 265 252 258.1 266 266.7 274.4 279.1 280.1 275.7 273.4 282.9 290.1 288.7 286.7 296.1 304.2 301.4 298.1 296 290.6 284 277.7 270.5 262.2 253.8 244.9 240.3 228.7 212.1 203.7 195.7 183.9 179.1 170.2 160 143.6 160.8 172.7 184 201.8
461.1 448.1 433.4 416.7 401.1 388.9 380.2 370.1 361.4 352.1 339.4 322.5 316.5 313.1 307.6 299.7 292.9 290.2 292.9 295.5 297.2 296.8 280.9 306.6 330.8 355.8 379.3 397.2 405.2 403.9 397.9 389.1 378.9 364.2 348 332.7 316.9 300.8 284.6 268.5 256.9 246.7 250.8 252.9 260.2 265.5 261.1 256.5 256 265.4 273.7 275.9 275.9 287.2 293.5 291.3 289.1 288.5 284.1 278.1 267.8 261.6 255.8 244.6 240 236 229.8 221.7 209.6 193.7 182.7 179.9 168.8 156.7 148.5 146.2 160.7 175.2 194.4
442.4 436.4 431 419.4 410.8 402.2 395.3 386.4 378.4 369.6 353.4 334.4 315.4 300.8 291.7 278.1 276.7 277.3 283 287.5 290.5 280 284.9 310 334.3 359.6 379.5 395.6 402.2 398.8 393.7 385.3 376.1 362.7 347.9 333.2 318.2 304.4 289.6 272 256.7 246 239.8 242.9 246 250.1 246 238 242.4 247.5 258.8 269.2 277.2 284.4 288.9 286.4 282.6 280.9 276.2 270 255.9 248 244 234.1 235.1 233.6 235.1 226.8 211.2 190.6 180.7 177.2 171.2 167.9 162.1 144.3 145.9 164.6 184.5
422.3 424.3 429.3 436 432.6 426.6 420.8 415.6 405 387.8 369.9 350.8 332.2 314.9 300.3 286.2 270.4 267.8 273.8 279.9 279 269.8 290.6 314.5 337.5 360.4 378.6 390.7 393.1 394.7 390.1 381.7 372.3 357.9 342.8 327.2 313 301.9 291.3 278.1 266.1 248 228.7 230.9 232 236.5 232.6 227.6 226.2 242.3 256.4 272.9 279.7 285 288.9 287.3 277.9 274.5 267.7 257.4 243.2 234.7 231.5 225.6 230.5 236.3 234.2 224.7 206 184.8 180 178.7 179.5 180.8 174.8 160.2 136.8 153.1 173.4
402.2 409.8 422.7 441.1 458.3 458.6 456.6 442.3 426.1 406.4 384.3 364.1 345.6 328.8 311.9 296.3 281 263.6 266.1 272.3 266.4 266.2 288.9 312.1 333.8 354.2 371.6 383.6 393.3 390.7 385.4 375.3 367.7 350.9 333.9 318.7 307.3 299.2 293.9 284.7 275.3 257 235.6 211.4 220.5 219.4 219.7 218.4 227.2 242.6 256.7 267.6 287 291.7 289.5 284.2 272.3 267.6 258.4 245.3 231.6 222.5 221 219.8 224.9 228 221.7 212.9 202.5 185.6 182.2 194 197.4 198.5 189 171.4 149.1 133.3 154.9
386.1 397.5 415.5 436.5 460.9 475 468.2 457.1 442.3 421.8 399.9 380.8 362.4 345.1 329.2 311.7 292.4 269.2 253.3 263.4 255.2 258.6 281.3 303.1 323.3 342.3 358.3 373.8 384.8 386.1 376.6 362.1 353.4 341.8 324.8 310.2 302.5 298.6 295.6 288 276.7 262.1 243.7 227.2 206.4 207.7 210.7 214.9 224.7 236.6 251.1 263 279.1 284 284.8 280.3 265.3 259.6 249.4 233.5 218.9 213.3 210.9 212.4 216.1 218.4 216.2 213.3 212.1 196.4 192.8 204.8 208.7 211.4 202.2 186.3 165.2 138 135.5
373 386.5 407.4 427.2 456.7 470.3 465.7 457.2 447.5 434.7 421.7 399.6 381.8 366.1 349.4 329.5 307.7 280.9 253.6 243.9 246.3 249.6 271 289.5 307.2 324.9 342.2 361.1 374.7 372.6 362.7 348.8 338.1 331.1 315.7 303.5 298.4 297.3 292.4 284.1 273.5 261 247.2 231.5 202.7 194 201.9 210.9 220.6 228.7 242.4 254.8 273 279.2 276.8 271.9 256.4 251.6 240 222.3 208.4 203.2 200.7 202 205.8 212.9 220 221 219.4 199.5 195.9 212.7 220.1 217.3 207.3 198.7 179.9 155.8 121.8
360.1 377.1 396.9 426.9 455 462.9 460 451.6 443.2 433.6 423.1 413 401.3 389.1 367.7 346.3 322.1 293.7 264.3 238.7 223.5 241 259.8 273.4 292.3 308 326.2 345.1 352.9 351.1 349 337.1 322.9 316.2 305.1 294.9 293.5 291 284.7 276.1 266.6 255.2 242.3 228.3 207.5 178.1 190.9 202.8 213.7 221.9 233.9 248.6 267 271.2 265.2 255.2 249.4 244.6 228.6 210.1 201.4 196.5 195.5 196 201.7 212.2 220.4 227.5 219.2 204.6 207.9 214.9 226 219.7 211.4 205 190.3 177.6 149.4
350 368.6 392.3 421.2 448.2 451.4 447.9 441.7 436.4 429.2 422.1 415.1 408.5 398.2 385 362.5 337.1 306.5 276.7 250.5 225.7 233.5 247.2 256.4 269.6 286.3 306.6 316.2 327.1 335.6 334.1 322.3 306.5 299.7 292.9 285.3 284.4 282.2 275.2 267 257.8 247.3 236.9 221.4 202.9 180.5 182.3 195.9 206.1 216.1 227.2 242 256.6 257.9 255.5 247.7 243.8 235.7 220.1 204.3 195.1 193.1 192.1 193.7 200.3 211.4 220.9 229.2 217.1 215.1 219.6 218 221.3 215.4 213.8 209 202.2 194.7 176.2
342.2 361.6 386.9 419.1 436.2 436.2 433.4 431.2 426.5 423.4 418.1 414.7 407.6 403.2 390.7 379.3 353.1 320.6 289.9 260.3 235.7 218.3 236.6 236.8 249.3 264.3 281.1 289.1 303 312.8 311.9 299.9 291.7 283.5 277.6 273.9 272.6 270.3 264.6 257.7 248.8 240.8 229.1 214.4 197 177 174.5 188.3 198.9 209.5 217.4 228.8 237.5 241.6 240.2 235.8 237 227.2 211.1 201.6 192 190.6 190.1 192.5 197.4 206.4 212.2 214.3 210 210.3 210.2 210.6 212.6 213 215.3 212.6 212.4 202.9 187.4
333 354.4 380.4 408.4 417.9 418.4 417.3 415 410.8 408.2 411.1 411.5 409.1 402.8 401.4 390.1 367.5 332.3 302.2 271.8 244.7 220.7 220.5 225.3 231.2 245.8 258.1 264.1 274.5 286.8 287.7 286.5 280.5 271.4 265.6 262.3 260.6 260.5 257.8 251.3 243.2 233.4 221.4 206.8 189.8 169.3 172.1 182.6 191.1 199.2 206.5 218.2 225.1 227.8 224.6 230.4 232.6 217.4 203.7 198.8 192.2 189.6 188.3 191.2 194.7 194.7 199.3 198.9 199.7 202.9 205.2 202.8 210.6 218.3 222.1 222 215.3 205.5 191.7
324.7 348.3 377.5 401.8 402.3 398.4 398 396.5 394.6 399 403.2 405.3 403.8 399.6 403 396 377.7 342.5 311.3 283.1 255.8 230 213.2 215.1 219.3 228.2 237.7 243.9 249.1 258.8 268.9 271.6 268 260.7 254.9 251.5 249.2 250.1 249.7 245.1 237.6 226.3 212.7 197 181.8 160.7 169.7 178.3 185.4 191.8 198.4 210.1 214.8 218.7 221.5 231.4 231.1 214.6 202.5 198.8 196.2 192.8 188.8 186.5 185.9 183.5 182.9 179.5 183.8 195.7 200.9 202.9 214.7 222.8 223.9 223.7 214.9 203 190.6
320.4 344.8 376.2 389 383.9 378.6 377.5 375.5 377.9 385 389.7 393.3 392.5 397.7 398.8 392.8 373.6 347.8 319.2 291.5 265 240.9 224.9 207.3 209.7 215.8 221.7 227.8 231.7 241.4 255.3 259.2 257.4 252 246.2 240.2 237.7 240.1 239.9 238.1 230.3 218.7 202.5 186.9 172.4 159.2 166.6 173.8 180.2 186.5 194.2 202.9 209.6 215.5 221.6 229.7 224.8 212.5 205.5 204.9 203.5 199.8 195.1 191.4 187.6 180.7 172 171.3 171.7 180.8 189.8 201.4 212.9 218.8 222.7 217.5 211.1 199.7 186.5
318.1 345.7 376.4 376.7 369.8 360.1 356.7 354.7 361.5 366.4 373 378.5 379.2 384.2 379.5 380.5 369.5 351.7 324.4 299.3 276 255.5 238.7 222 204 204.5 209.4 212.3 216 227.9 242.6 249.2 248.6 244.7 239.7 231.5 226.4 229.9 228.7 229.5 223 210 191.8 176.2 167 158.9 165.2 171.6 179.9 189.2 199.1 207.6 211.1 213.5 219.5 224.8 222.6 216.9 213.6 214.1 213.2 210.6 206.2 202.6 201.8 194.6 185.1 175.2 170.3 170.7 178.4 190.7 202.7 210.6 211.5 211.7 205.1 192.4 178.7
319.7 349.8 371.8 366.5 356 340.8 333.9 332.8 339.1 346.7 354.7 361.6 368.3 372.4 371.5 366 357.8 349.6 331 308.5 287.9 271.7 254.3 235.9 218.4 203.2 197.7 201.8 207.2 215.3 227.9 235.8 239.2 240.6 238.7 229.2 219.8 217.9 217.2 219.4 217.1 203.6 185.6 169.6 162.7 155.7 166.8 177.3 193.2 206.9 210.8 212.6 211.4 211.8 217.7 222 223.4 223.3 225 225.7 224.4 222.7 221 218.9 216.2 209.5 201.6 192.9 184 174.6 165.6 178.9 187.5 194.1 200.3 200.4 194.6 182.4 168.9
321.8 351.4 364.2 357.8 345.6 325.1 306.8 311.9 317.2 324.1 336.9 349.1 357.6 363.5 364.4 358.1 347.8 343.8 331.3 321.4 303.5 288.3 271 251.6 233.6 217.2 201.7 192.9 197.9 203.8 214.3 224.5 230.4 233.6 234.3 224.3 215.8 213.1 210.9 210 209 192.3 176.9 166.7 153.5 160.2 175.7 191.5 208.9 216.1 214.4 209.1 207.6 206.9 215 220.7 224.8 228.8 232.5 234.3 232.8 232.8 231.3 230.3 226.7 221.9 214.5 207.4 199 188.1 169.4 168.7 172.7 177.7 181.5 184.1 180.1 172.8 160.1
323.7 349 356.9 351.6 339 317.2 287.3 288.1 298.7 309.7 323.8 333.8 351 354.9 350 341.6 334.4 331.1 325.6 324.1 319 305.3 286 267.5 249.8 231.9 215.4 200.7 190 192.4 201.9 213.1 218.9 227.2 225.4 215.9 212.6 211 209.1 197.2 188.1 182.7 171.8 162 146.7 163.5 183.3 198.2 209.8 212.3 210.6 206.1 202.3 206 216.1 223 228.4 235.5 237.8 235.8 234.3 237.2 239.5 237 233.1 228.8 224.9 219.1 212 200.3 184.7 165.4 159.9 163.7 165.2 168.5 168.4 163.4 152.1
326.3 347 351.5 347.4 337.1 314.4 287.8 266.1 280.2 292 305.1 324.6 344.2 341 332.5 325.3 318.7 316.6 314.3 317 318.6 309.6 296.7 282.6 266.1 247.2 226.8 213 199.3 187.1 188.8 200.5 206.3 211.6 210.8 207.7 208.1 207.1 207.6 190.6 178.6 178.4 167.4 150.8 149.6 167.1 182.8 194.2 202.7 204.9 203.1 201.5 198 208.3 218.7 225.6 231 237.7 236.3 233.6 235.2 240.6 244 241.4 236.7 232.8 229.3 227.2 220.9 212.2 199.7 185.3 169.3 153 151.4 151.1 153.2 153.4 147.4
331.2 346 348.6 344.9 335.8 314.8 287.9 264.2 261.3 276.5 292 316.7 332.9 321.1 311.7 305.8 300.5 300.3 299.5 307.1 311.7 306.8 298.1 287.6 277.5 257.1 237 222 207 195.5 182.1 186.4 193.1 198.3 199.6 199.7 201.8 205.2 210 197.6 170.4 170.4 163.4 140 153.4 168.1 178.1 186.3 192.4 196 195.3 195 197.5 208.5 219.7 225.5 230.7 235.9 235.3 231.9 233.9 238.8 242.6 241.5 237.9 233.9 231.6 230.5 226.4 219.5 211.7 199 184.1 169.3 145.7 131.6 134.8 140.3 134.9
334.4 344.4 346.9 344.2 337.4 320.4 291.3 269.4 251.5 263.6 279.8 300.9 311.5 298.7 288.2 286.9 287 287.8 290.4 299.9 302.8 299.6 293.8 287.1 276.9 262.8 246.4 231.2 215.2 199.1 188.4 171.8 180.3 187.3 190.7 193.6 200.9 210.1 213.8 202 175.2 159.1 152.4 135.8 154.5 165.2 172.3 174 178.5 186 187.9 193.2 199.9 211.4 221.6 226.2 229.6 233 231.6 229.4 231.1 234.6 236.9 235.3 234.3 232.6 232.4 232.1 228.1 223.5 217.5 209.4 198 183.4 165.4 143.2 120.2 126 122.2
335.8 342.4 347 344.7 339.4 326.1 297.3 273.2 249.7 251 268.5 288.1 289 273.5 263 266.8 270.6 274.6 283.6 292.5 294.2 288.7 285.6 282.7 274.6 264 254.7 240.4 223.9 207.7 195.5 183.1 170.9 171.7 182.4 194.3 206.1 215.2 212.9 202.4 179.1 156.5 140.7 139.9 149.4 159.8 164.1 170.2 186.1 196.4 201.1 200.7 205 213.7 222 225 228.5 229.1 226.4 224.6 225.8 228.3 228 226.4 226.3 226.5 227.5 230.4 228.7 224.8 220.3 213.8 206.5 195.2 176.9 160.1 138.5 112.9 110.8
336.1 343.3 350.1 347.2 342.3 333.4 307.4 280 256.5 242.3 259.8 278.1 267 251.6 240.5 246.7 255.4 263.5 275.8 285 283.7 277.9 274.1 274.5 270.5 264.3 257.6 247.2 233.5 218.3 203.5 188.4 177.4 156.4 178.6 196.1 207.5 214.7 208.8 198.3 180.1 160.4 136.5 138.1 147.2 157 167.4 181.7 196.7 206.9 204.7 200.9 206.5 215.5 220.4 222.5 223.4 222.6 221 220 221 219 216.5 215.1 215.3 217.2 217.7 224.1 228 225.8 222.1 216.8 208.7 197.8 179.1 165.7 147.9 128.1 111
337.5 345.4 352.9 352.1 346.7 341.7 318.5 290 262.7 233.1 249.5 267.4 245.4 228.6 217.3 229.1 242.9 254.2 266 274.2 271.5 266.1 262.5 263.4 261.4 260.2 256.9 250.7 240.1 227.9 212 196.6 183.6 163.1 169.3 189.5 203.1 210.9 202.1 190.2 174.3 155.7 130 136.5 151.3 162.8 174.5 189.5 198.6 200.3 196.3 193.5 204.6 214 213 212.8 214.9 214.7 214.2 216.1 214.7 209.8 205.4 203.2 201.5 200.5 202.6 210.1 220.9 222.7 220.3 216.3 207.5 193.5 174.8 162.4 151 131.4 111.6
338.4 347.3 356 355.1 352.6 347 329.7 299.6 270.2 235.6 239 244.5 224.1 202.9 192.8 211.8 229.1 243.9 255 257.9 255.6 253.1 251.4 253.5 254 255.8 254.4 249.9 244.1 232.9 218.1 204.2 192.6 175.4 142.1 170.4 185.1 197 191.3 177.8 164.9 146.2 122.5 136.8 153.2 166.4 178.1 181.9 184.6 183.1 180.8 183.9 195.5 199.3 200.5 203.9 207.8 210.5 214.6 215.6 212.1 204.5 197.1 193.3 188.1 181.4 185 193.9 207.1 213.5 213.2 211.8 200.1 185.6 168.9 156.9 143.6 125.9 110
335.9 347.5 356.9 355.9 354.2 347.4 334 305.7 269.6 232.5 223.9 214.8 200.6 180.5 181.6 200.7 218.4 233.8 239.8 239 235.9 236.9 240.8 242.8 247.3 252.2 251.6 247.2 242.5 235.3 220.3 208.5 197.8 189.1 165.7 137.1 155.4 171.9 172.4 164.1 154.4 135.5 120.3 137.4 152.3 161.2 168.3 170.6 169.9 169.8 169.9 175.7 183.7 190.1 196.8 201.9 208 213.7 219 220.7 215.6 206.1 193 183.9 174.3 167.6 167.9 179.2 193.1 202.5 204.9 202.3 189 174.7 160.3 145.5 129.2 113.1 106.3
333.7 344.8 351.4 354.9 347.9 340.3 327.4 307.2 274.3 230.8 187.8 176 172.3 157.6 170.4 191.1 210.3 225.1 220 215.7 215.6 222.2 229.5 232 237.2 242.8 242.9 241.1 237.9 231 219.3 209.6 201.7 195 181 161.7 142.9 140.8 152.3 150.5 143.8 124 102.3 126.7 145.6 151.6 155.6 157.7 158.3 157.2 162.7 175.1 184.4 193.6 200.6 206.1 214.7 223.5 228.6 228.1 222.2 211.8 200 188.3 176.8 169.1 162.3 169.3 178 186.8 191 184.9 175.1 161.8 146.6 129.6 111.3 107.5 102.4
328.2 338.1 343 343.6 342.5 333.9 318.9 304.6 283.5 252 212.2 178.5 143.9 139.8 155.3 179.5 197.5 201.3 198.2 191.4 198 212.3 217.9 219.8 224.5 229.6 231.2 231 229 224.3 217.5 210.3 204.1 198.5 191.9 183.6 167.9 150.1 137.6 140.3 136 119.8 114.6 112.2 131.2 139.6 144.1 145.9 145.5 149.7 165.9 177 187.1 199.5 211.1 222.8 231.6 236.4 240.5 237 231.3 219.7 209.4 198.8 187.6 179.2 166.9 156.1 159.6 169 172.6 165.3 157.7 146.8 132.3 115.3 106.9 102.4 101.7
324.7 331 335.3 332.7 330 322.2 310.5 294.7 280 268.3 234.3 196.8 164 125.1 138.9 163.4 175.1 170.8 168 165.4 182.4 196.2 202.2 204.1 210.8 216.1 219.3 221 220.3 218.8 215.7 210.5 204.2 199.9 197.2 200.2 189.5 173.6 159.8 150.2 141.4 143 124 97.7 116.2 126.7 131.6 133 136.2 151.4 169 184.1 199.3 216.9 227.4 234 240.2 247.2 251.2 246.4 240 229.7 220.1 212.1 205.2 197.9 185.9 174.1 160 151 150.9 144 138.4 131.1 117.6 107.8 101.2 95.8 93.6
