WholeMapElevations/data/se/se06_OST50GRID_20230518/SE06.asc
ncols 200
nrows 200
xllcorner 400000
yllcorner 460000
cellsize 50
[rows 70 to 104 of 200, columns 78 to 155 of 200]
389.5 389.4 389.1 387.9 386.5 384.3 381.3 376.1 377.4 379.6 383.4 384.9 385.7 386.2 387 388.3 389.9 392.7 395.8 398.9 401 402.2 395.9 390.4 382.5 364.4 346.9 337.8 333.5 330.4 327.6 325.3 330 346.6 372.1 394.8 404.6 410.1 411.7 412.9 413.8 413.4 413 412.3 412 411.6 411.3 409.8 408.3 406.4 406.2 406.1 405.6 405.6 405.9 405.3 404.7 403.1 400.5 396 390.9 389.9 398.4 402 403.2 402.8 402.6 402.1 402.3 403 403.7 404.2 405.3 405.5 408.6 410.6 413.2 415.1
390.1 390.2 389.9 387.5 386.1 384.7 382.2 378.2 376 376.9 379.6 382.4 382.7 383.1 383.7 384.9 387.1 390 393.1 395.4 397.6 397.5 393.2 386.4 377.6 357 341.6 331.2 327 325.1 323.9 323.8 333.4 353.5 378.4 400 401.7 403 406.7 408.7 410.5 410.8 411 410.3 410.1 409.6 408.5 408.3 407.2 406 404.8 404.8 402.9 403.5 402.4 401 400.1 399.3 397.4 393.3 388.6 387.9 391.9 395.4 396 396.4 397 396.8 397.4 398.6 399.2 400.7 401.7 402.6 405.6 407.4 411.1 413.3
390.4 390.2 389.6 387 385.3 383.9 382.2 380.2 376.7 374.7 377.5 379 379.7 380.4 380.5 381.2 383.6 386.4 388.8 390.7 392.6 392.6 390.4 383.6 374.3 352.7 335.2 328 322.6 320.3 318.9 323.2 336.4 361 385.7 395.9 396.7 397.2 399.4 402 405 407.6 408 406.6 407.7 407.3 406.5 406.7 405.9 404.8 403.3 402 403.8 402.9 400.9 396.4 395.9 395.6 394.3 391.7 386.8 385.6 389.3 390.9 391 390.8 391.1 391.4 392.3 393.5 394.5 395.8 396.5 398.3 401.4 405.8 409.5 411.8
390.1 389.5 388.3 386 384.6 383.3 381.8 379.7 377.1 373.9 374.5 376.2 377.3 378.1 378.2 377.4 379.9 382.6 384.4 385.9 387.7 388.8 388.1 381.2 371.5 349.5 335.1 326.5 318.9 316.8 320.3 324.6 342 368 389.3 391.7 392.7 392.3 392.7 395.8 399.2 402 404.6 403.8 405 404.7 404.1 404.1 403.2 402.4 401.1 399.4 396.4 400 397.2 394.5 391.6 390.9 389.4 387.6 380.9 383.4 385.2 386.4 386.2 385.8 385.7 384.8 387.4 387.9 389.2 390.9 390.6 392.1 397.7 405.4 409.5 410.1
389.5 388.5 386.4 385.1 383.6 382.4 381.1 379 376.6 373.8 372.3 373.9 374.9 375.2 375.7 375.7 373.4 379.1 380.6 381.4 382.6 383.6 383.2 378.5 367.5 348.4 334 323.5 312.6 319.2 322.2 328.3 347.2 372.7 386.3 387.5 388 388.2 386.8 387.9 391.4 396.6 399.9 399.9 401.5 401.1 400.5 401.4 400.5 399.1 397.2 395.1 394.3 392.9 392.2 389.4 387.1 385 383.6 382.6 377.1 378.2 380.6 381.4 381.1 380.3 379.2 380.1 381.4 382.5 383.6 384.9 385.1 391.1 400.5 406.3 408.3 408.1
388 386.6 385.2 383.9 382.4 381.4 379.9 377.8 375.5 373.6 370.7 371.2 372.2 372.6 373.3 373.7 372.2 371.5 374.9 376.9 377.5 378 376.8 371.7 362.8 346.8 331.8 321.8 313 316.2 321.1 329 350.9 373.9 381.5 383 382.9 382.3 381.9 383.2 384.9 390.4 395.1 395.4 397.7 398.2 396.2 396.6 396.8 395.6 393.3 391 388.5 385.7 385.8 384 382.6 380 378.7 378.4 375.4 372.7 375.6 375.7 375.7 374.6 374.2 374.8 375.8 376.9 378.3 379.1 383.1 394.3 401.3 403.7 405.6 406.2
386.6 385 383.4 382.3 381 380.4 378.6 376.5 374.9 373.5 370.6 366.3 369.3 369.7 370.9 370.5 369.4 369.5 370.4 371.9 371.4 372.1 370.8 366 359.3 347.2 329.6 320.3 311.3 313.8 318.3 329.8 353.1 373.9 377.5 378.4 378.6 378 377.7 378.3 380.7 384.3 388.9 390.3 393.3 394.9 394 393.2 392.9 392.1 389.7 387.3 384.9 382.4 380.6 379.6 377.4 375.8 373.8 373.9 372.6 368.7 370.3 370.6 369.8 369.2 369.3 370 370.4 370.4 372.2 375.9 388 395 398.7 399.9 401.3 402.5
385.5 383.8 382.3 380.7 379.2 378.9 377.1 375.6 374.3 372.7 371.2 368.5 355.8 368.3 370.6 369.5 367.7 367.6 367.1 366.3 366.4 367.2 365.3 361.1 355.2 345.7 329.2 318.1 308.3 310 316.4 330.7 354.9 371.9 373.2 373.5 373.8 373.9 374 374.5 376.4 378.8 384.2 386.2 388.7 389.5 390.1 389.1 388.7 388.1 384.5 382.2 379.9 377.5 375.6 374.5 373.5 372.4 369.8 369.4 368.6 363.8 364.9 365.5 365.1 364.3 363.9 364.2 364.6 363.5 363.9 380.4 389.5 393.8 394.9 395.8 397.1 398
384.2 382.2 380.9 379.7 378.5 377 375.6 374.6 373.1 371.9 370.4 368 365.6 358.4 367.1 368 366.9 362.5 363.1 361.6 361.2 361.7 360.1 355.8 350.4 343 326.1 315.3 308.2 306.1 314.5 333 354.9 367.6 368.5 368.9 369.6 369.9 369.5 370.6 373.4 375.4 377.1 380.7 382.9 383.4 383.7 381.5 380.7 378.8 377.4 376.7 375.3 372.8 370.5 370.6 369.9 369.6 369 365.9 364.7 362.4 360.4 360.8 360.8 360.3 359.5 358.7 359 357.9 372.3 382 386.2 389.6 391.1 391.9 392.5 393.3
379.1 378.9 379.3 378.7 377.9 376.6 375.3 373.7 372.4 371.2 369.7 368.1 361.4 352.6 358.3 362.7 361.3 363.2 360.4 360.1 356.2 357.2 355.8 351 345.6 340 327 312.1 305.6 304 316.4 334.6 356.4 363.5 364.2 364.9 365.6 365.5 364.9 367.7 370.2 371.8 372.7 373.9 378.4 378.2 378.5 376.4 375.8 373.8 372.6 372 371.3 369.5 367.4 366.9 366.1 366.4 365.4 362.6 364.2 364.5 353.5 354 355.8 356.1 354.6 355.2 354.4 360.7 372.9 379.9 383.6 385.2 387.5 388 388.3 388.3
373.9 375.1 377.4 377.8 377.8 376.2 374.9 373.1 371.8 370.7 369.5 367.8 365.2 342.1 333 342.9 349.4 351.2 355.1 347.5 350.5 349.7 347.6 345.4 342.5 337.2 326.8 315.1 304.3 302.4 315.7 334.6 357.4 359.2 360.7 361.2 361.2 361.6 359.6 364.7 367.2 368.8 368.8 370.4 373.2 374.3 374.6 373.3 371.6 370.6 368.7 367.4 367.6 366.2 364.7 363.3 362.6 362.6 360.5 362.8 369.3 365.3 359 349.1 349.6 350.6 350.7 349.5 350.6 361.1 370.1 377 380.6 382.2 383.8 384.2 384 381.9
370.7 373.6 375.8 378.2 378.1 376.1 374.4 372.9 371.5 370.5 369.4 367.9 366.3 361.9 353.5 336.4 320.1 317.5 337.2 341.5 336.3 339.1 339.3 338.4 337 335.4 324.9 312 303.7 298.9 315.3 336.2 354.7 357.6 357.4 357.8 358 358.6 358.9 362.5 364.7 366.8 367.8 370.2 371.2 370.6 370 369.3 368.4 366.6 366 364.2 363.7 362.8 361.8 359.9 359.2 359 356.8 362.8 364.1 360.8 354.8 352.4 344.2 344.9 346.1 345.1 351.2 359.5 367.3 373.7 376.7 377.9 378.6 379.4 379.2 377.3
369.2 372.7 377.5 380.1 379.2 376.9 374.4 372.9 371.3 370.3 369.3 367.8 366.2 366.2 362.8 354.2 332.5 311.7 312.3 324.4 321.3 323.3 327.1 329.7 335.3 328.4 321.4 311.5 301.8 297.5 315.5 336.1 351.7 354.6 354.7 355.2 354.8 355.5 356.6 359.4 363.6 365.9 367.5 370.3 370.6 369.3 367.7 366.5 366.7 365.2 363.9 362.1 360.9 359.9 359 356.9 355.6 354.5 356.9 358.2 358.5 356 354.5 351.4 348.2 338.5 338.7 342.6 348.6 354.9 363.8 369.6 372.1 371.6 373.4 374.1 373.8 371.2
369.4 374.4 379.2 381.6 379.7 377.1 374.5 372.8 371.3 370.1 369.7 368.4 367.4 366.4 364.8 359.7 351.4 324.4 307.1 303.8 307.5 309.9 315.6 324.4 330.9 323.4 315 309.2 299.7 295.3 314.3 334.8 348.7 351.9 352.9 352.7 352.3 352.6 354.9 359.4 362.9 365 366.2 370 370.2 368.9 366.5 364.2 363.6 363.7 362.3 360.5 358.7 357.8 356.4 354 351.5 351.2 352.7 353.9 354.4 353.9 353.3 349 346.1 342.2 336.5 338.3 344.6 350 359.8 365.2 366.8 366.2 366.8 367.3 367.4 363.9
370.4 375.6 380.8 381.4 380 377.5 375.3 372.9 371.3 370.8 370.5 369.1 368.1 366.1 364.8 362.1 354.2 343.1 317.8 303.9 300.8 299.8 302.3 317.9 316.9 314 309.5 305.1 295.5 301.4 314.4 336.5 347 349.7 350.8 350.1 349.8 351.4 353.9 359.1 361.9 363.7 365.4 367.4 368 367.4 365.3 362.7 361.2 361.2 360.7 359.3 357.5 356.3 353.9 351.3 349.5 348.3 348.8 348.6 350.2 349.7 348.5 345.8 343.4 340.2 336.8 333 339.9 344.9 354.8 360.1 361.8 361.9 360.8 360.5 359.5 354.5
371.6 376.4 381.1 381.7 380.1 378.3 375.8 373.3 372.1 371.4 370.8 369.7 368.4 365.4 364.5 361.9 357.3 346 321.6 312 298 295.5 297.1 302.1 304.9 304.3 304.4 301.2 289 300.3 313.8 333.3 344 348.1 348.4 348.1 347.7 349.1 352.3 356.9 359.4 361.3 363.3 364.9 365 364.9 363.1 360.8 359.3 359.4 359.1 357.8 355.7 353.5 350.7 348.5 346.2 345.9 346.6 346.5 345.7 345.2 343.8 342.5 340.3 338.1 334.9 326.8 335.8 339.4 349.1 354.2 356 356 355.7 354.1 351.6 345.3
372.2 376.2 380.2 381.3 380.4 379.1 375.9 374.1 372.7 371.8 371.2 370.5 369.2 366.6 362.4 359.4 353.6 345.3 325.5 314.4 303.8 294.1 291.7 294.6 297.2 298.1 296.9 295.9 288.3 299.7 310.9 329.1 338 345.4 346.2 346.2 344.4 346.3 349.4 353.9 356.5 360 360.7 361.8 361.9 361.6 360.1 359.3 358 357.4 357 355.7 353.6 350.9 347.7 345.4 344.1 342.2 343.6 344.5 343.6 343 341.5 340 338.2 336.5 333.9 326.6 332.1 334.8 343.2 347.9 349.7 349.5 349 347.2 344.3 352.9
372.3 375.6 378.5 380.6 380.5 379.9 377 374.9 373.4 372.6 372.3 371.8 370.2 365.8 360.6 355 350.4 345.3 329.7 318.7 305.6 294.8 291 286.8 293.2 292.4 291.3 292.3 287.9 297.2 307 323.4 333.1 342.2 343.7 344.1 343.4 343.9 346.9 351.1 354.9 358.3 358.4 359.4 359.2 358.3 357.8 357.8 356.3 355.6 355.5 354 351.1 348 344 341.7 340.3 338.7 341.4 342 341.7 341 339.8 338.4 337.1 335 331.2 324.8 328.4 332.5 337 340.9 342.4 342.7 341.7 338 347.1 351.6
371.6 374.5 377.3 379.2 381.1 380.8 378.8 374.9 374.2 373.6 373.3 372.6 370.8 363.9 358.5 351.1 345.1 339.7 327.3 319.6 308.5 296.1 290.2 286.2 286.2 288.7 286.2 286.2 286.2 288.9 301.1 315.6 327.5 339.1 341.2 342.1 341.3 341.7 343.7 349.4 353.6 356.2 356.4 356.9 357 355.7 355.9 355.7 354.7 353.6 353.5 353 349.6 344.1 340.1 338.2 335.8 331.8 337.4 338.9 339.7 339.4 339.1 338.1 336.5 333.1 326.9 320 324.9 328.6 331.8 333.8 335.3 332.8 334.8 341.7 345.4 350.6
371.4 373.9 375.7 377.2 378.8 379.9 377 374.7 373.7 374.4 374 373.1 370.4 365 356.3 348.3 341.6 337.2 331.5 318.2 312 301.4 291.6 286.2 286.2 286.2 286.2 286.2 286.2 286.2 295.7 307.9 322.3 332.5 338.8 339.8 339.2 339.8 342.3 347.3 351 353.8 354.3 354.7 354.7 353.7 353.9 354.1 353 351.5 351 350.5 347.2 341.2 336.4 333.5 331.3 330 331.3 335.7 337.1 337 337.5 337.3 335.2 328.5 322.9 317.3 321.6 324.9 327.6 328.8 328.2 332.5 336.5 339.7 345 350.9
370.8 372.5 374.2 375 376.7 377.8 378.4 374.4 373.3 374 374.9 373.4 370.7 364.2 355.5 346.4 339.6 335.5 330.4 324.3 312.9 305.6 296.6 290.5 286.2 286.2 286.2 286.2 286.2 286.2 287.5 301.3 315 327.3 335.3 337.3 337.3 337.6 339.2 344.6 348.3 351.4 351.7 351.9 351.9 351.7 352 352.3 350.5 348.9 347.4 347.3 343.9 337.7 332.1 329.3 327.7 325.9 324.8 328.5 330.7 332.7 334.6 335.4 333.8 325.5 319.1 312.6 317.2 321.5 323.3 325.6 329.7 331.4 333.8 339.3 345.2 350.4
369.4 371 372.4 373.1 374.3 375.5 375.9 374 372.8 373.4 375.3 374 371 365 356.4 346.1 338.8 334.3 329.8 324.3 317.4 307.9 301.3 293.6 287.3 286.2 286.2 286.2 286.2 286.2 286.2 295 308 317.2 331.1 334.3 334.7 335.5 337 339.7 347.7 349.1 349.4 348.8 348.1 348.5 349 349.2 347.2 345.3 344 343.2 339.4 333.9 328.1 324.8 324 320.7 319.5 322.9 324.7 326.1 328.4 330.3 329.5 323.9 318.2 313.6 314.2 314.7 318.9 324.4 327.2 329 333.1 339.3 344.8 349
368 369.7 370.9 371.7 372.4 373.1 373.1 372.8 372 371.3 373.1 373.5 370.3 364.9 356.6 347.1 338.4 332.9 328 322.8 318.4 312 303.2 296.3 289.7 286.2 286.2 286.2 286.2 286.2 286.2 286.2 298.9 310.6 321.8 329.1 332.2 333.4 334.9 337.6 344.2 346 345.2 344.9 343.4 344 344.9 345 343.1 341.2 340.3 339.7 334.7 329.5 324.8 320.4 318 315.2 315 316.3 317.5 318.3 320.4 322 322.2 319.7 317.6 309.1 310.2 314.3 319.1 322.1 324.6 326.7 331.7 337 342.7 346.5
366.6 368.4 369.5 370.4 371.2 372.4 372.5 371.9 371.3 370.3 369.9 370.2 367.8 363 354.6 346.9 339.3 333 328.5 324.4 319.9 314.7 307.2 299 293 286.2 286.2 286.2 286.2 286.2 286.2 286.2 286.2 300.7 310.8 321.1 328.4 331.9 332.5 335.1 339.5 341.2 340 338.5 338.8 339.6 340.4 339.8 338.5 337 335.7 334.5 330.7 326 321.6 316.6 313.6 311 309.8 308 309.5 310.7 313.6 315.6 316.8 315.7 315.2 314 303.7 313.4 316.7 319.1 321.5 325.2 329.6 333.6 338.3 342.1
365.2 367.1 368 368.8 370.5 372.3 372.7 371.7 370.6 369.2 367.1 365.5 362.8 358.3 352 345.5 339.3 333.2 328.8 324.5 319.9 314.7 308.6 301.4 294.1 286.2 286.2 286.2 286.2 286.2 286.2 286.2 286.2 286.2 300.5 316.1 325.8 330.5 330.8 331.9 334.6 334.9 333.8 332.2 333.2 334.5 335.5 335.5 333.7 332 330.7 329.4 325.8 322 317.3 312.3 309.9 307.4 306 302.9 302.8 304.5 306.2 308 309.7 309.8 310.5 310.1 304.3 309.4 313.1 316.1 319.7 322.8 327.8 331.5 334.3 337.6
364.4 365.8 366.9 367.5 369.2 371 372.6 371.6 369.9 367.7 365.8 362.3 358.7 354.8 348.8 344.4 338.1 333.7 329.2 324.6 319.8 314.5 308.6 303.1 295.6 286.2 286.2 286.2 286.2 286.2 286.2 286.2 286.2 286.2 292.8 310.1 321.1 326.7 327.7 328.3 329 329.3 329.1 327.9 327.8 329.2 330.7 330.9 329.5 327.6 325.8 323.9 318.9 317.3 312.7 309.3 307.3 304.6 303.2 301.5 300.3 301.4 303.3 304.5 305.7 305.6 306.5 306.1 303.5 308.6 313.1 314.8 318.9 323.2 326 330.6 332.8 334.9
363.4 364.5 365.7 366.5 367.4 368.8 369.7 370.3 368.3 366.1 363.3 359.8 356.4 352.5 348.8 343.3 337.1 333.1 329.1 324.5 319.9 313.5 308.1 303.1 297.1 288.3 286.2 286.2 286.2 286.2 286.2 286.2 286.2 286.2 286.2 300.4 311.3 316.9 321 322.2 324.3 324.5 324.4 324.1 323.3 323.1 324.8 325.8 324.8 323 321.2 318.2 312.3 310.7 309.3 306 303.7 301.9 301.4 300.1 299.3 300.5 301.9 302.7 303.4 303 302.6 299.4 301.2 310.6 314.5 316 319.5 324.3 328.2 331.4 332.9 334.3
363.1 364 364.8 365.3 366 366.9 367.1 367.4 365.9 363.3 360.8 357.5 354.8 351.3 347.4 342.7 337.2 332.4 328.1 324.4 320 313.8 307.8 302.6 297.4 289.9 286.2 286.2 286.2 286.2 286.2 286.2 286.2 286.2 286.2 290.3 301.3 307.4 311.6 312.9 315.5 317.7 319.6 319.9 318 318.5 318.5 319.6 319.8 317.7 315.9 315 311.5 308.8 306.3 304 302.3 300.9 299.8 298.6 299.5 300.1 301.3 301.8 302.1 301.6 301.6 298.8 304.9 310 313.4 316.4 320.3 324.6 327.9 330 331 331.5
366.1 364.3 363.8 364.4 364.9 365.1 365.3 364.4 363.1 360.6 358.1 355 352.7 349.9 346.1 342.7 337.4 333.3 329.2 325.1 320.9 314.7 308.2 302.1 296.8 290.2 286.2 286.2 286.2 286.2 286.2 286.2 286.2 286.2 286.2 286.2 287 296.9 302.2 305.3 306.8 308.6 310.7 313.5 313.1 311.5 311 312.4 313.5 312.9 311.9 311 310.5 308.8 306.2 304.5 302.7 301 299.2 297 299.7 300.1 301.1 301.3 301 300.4 299.9 293.8 302.4 308 311.1 315.7 321.1 326 328.3 327.5 327.5 328.8
367.2 365.7 363.5 363.4 364.2 364.4 363.6 362.1 360.5 358 355.4 353 350.8 348.2 345.6 342.2 338.1 333.4 329.9 326.1 321.2 315.3 308.4 302.1 296.3 290.2 286.2 286.2 286.2 286.2 286.2 286.2 286.2 286.2 286.2 286.2 286.2 286.2 291.6 296.4 299.2 301.6 303.3 305.7 306.7 306.9 306.5 307 307.3 308 306.6 306.5 305.8 305.5 305.4 305.1 303.1 302.1 300.5 293.7 299.6 300.2 299.7 299.6 299.6 290.5 293.7 292.9 301.9 307.4 310.2 313.3 318 320.5 322.3 323 324.2 327.3
365.2 364.1 362.5 361.1 362.1 363.8 362.2 360.2 358.2 356 354.3 351.8 349.4 347 345.1 342.2 338.9 334.7 330 326.5 322.5 318.2 311 303 296.5 291 286.2 286.2 286.2 286.2 286.2 286.2 286.2 286.2 286.2 286.2 286.2 286.2 286.2 286.3 292.8 295.5 297.2 298.6 300.6 302.1 302.5 302.8 302.5 303 302.4 301.4 300.7 301.3 301.3 301 300.2 299.2 297 291.1 295.8 296.9 296.8 295.4 288 291.3 296.2 301.8 303.7 305.8 308.2 310.2 314 316.8 318.9 319.8 322.5 325.3
361.4 360.5 359.2 357.5 356.1 355.6 355.4 354.7 354.7 354.4 353.2 351.5 349.2 346.8 344.2 341.4 338.9 335.1 331.7 328.6 325.1 320 313.4 304.2 296.5 292.8 286.2 286.2 286.2 286.2 286.2 286.2 286.2 286.2 286.2 286.2 286.2 286.2 286.2 286.2 286.2 286.4 290.1 291.9 293.7 295 296.4 296.7 297.6 297.2 296.5 296 295.9 295.4 295.5 294.9 292.9 292.5 292.3 286.2 290.9 292.1 288.8 290.7 288 292.7 299.7 302 303 304.4 306.6 307.9 312.3 314.1 315.3 318.5 319.4 320.6
352.6 354.6 354.2 353.4 353.2 353.1 353.9 354.9 354.4 354.1 353.9 353 350.6 348 344.2 341.5 339 335.2 331.4 329.1 326.6 321.7 314.5 306.5 300.9 293.3 287.4 286.2 286.2 286.2 286.2 286.2 286.2 286.2 286.2 286.2 286.2 286.2 286.2 286.2 286.2 286.2 286.2 286.2 286.2 286.2 288.9 289.9 289.9 290.7 290.6 290.9 289.5 289.1 290.1 291 291.1 289.7 286.2 286.2 286.2 286.2 286.2 289.1 294.6 295.8 298.1 301.1 302.2 303.8 306.1 308.6 309.7 309.9 314.3 314.3 318.7 323.6
349.7 350.7 351.8 352.1 353.2 354.5 354.9 354.6 354.9 354.6 354.1 353.9 352.8 348.9 345.4 341.5 337.7 334.5 331 327.3 325.2 322.3 315.3 308.3 301.2 294 289.3 286.2 286.2 286.2 286.2 286.2 286.2 286.2 286.2 286.2 286.2 286.2 286.2 286.2 286.2 286.2 286.2 286.2 286.2 286.2 286.2 286.2 286.2 286.2 286.2 286.2 286.2 286.2 286.2 286.2 286.2 286.2 286.2 286.2 286.2 286.2 288.5 291.3 291.8 293.7 296.6 299.3 301.1 302.4 302.6 304.7 302.8 305.8 307.2 312.4 315 321.1
349.1 351.1 352.6 353.2 354.1 354.6 354.6 354.1 354 354.5 353 352.9 352.7 350.1 346.2 341.2 337.4 334.3 330.9 327.6 323.5 319.2 317.2 311.9 304.7 297 291.9 287.8 286.2 286.2 286.2 286.2 286.2 286.2 286.2 286.2 286.2 286.2 286.2 286.2 286.2 286.2 286.2 286.2 286.2 286.2 286.2 286.2 286.2 286.2 286.2 286.2 286.2 286.2 286.2 286.2 286.2 286.2 286.2 286.2 286.2 286.2 286.2 286.2 289.9 292.9 296.2 298.3 296.4 298 304.4 307.5 309.8 312.4 314.9 316.6 318.5 319
