WholeMapElevations/data/nc/nc52_OST50GRID_20230518/NC52.asc
ncols 200
nrows 200
xllcorner 250000
yllcorner 920000
cellsize 50
[rows 140 to 174 of 200, columns 0 to 77 of 200]
213.8 213.3 212.8 211.8 210.3 209.2 208.2 207.6 207 206 205.1 204.2 203.2 202.3 201.4 200.4 199.6 198.7 197.6 195.5 193.7 192.9 190.7 188.8 187.4 187.2 187.8 187.6 189.2 189.5 187.6 186.6 187.8 189.6 190.8 191.5 192 193.7 195.1 196.3 197.3 198.4 200.1 201.8 203.5 205.2 206.7 208.6 210.9 213.2 215.5 216.6 218.5 223 225.4 226.7 227.1 227.7 228.3 228.9 229.5 230 230.2 230.3 230.1 229.8 229.4 228.9 228.5 228.1 228.4 228.2 229 230.9 232.2 233.5 234.7 236.8
212.8 212.4 211.9 211.4 210 208.7 207.9 207.3 206.7 205.8 204.8 203.9 202.9 202.1 201.2 200.4 199.6 198.6 197.2 195.2 193.8 192.9 192.2 190.6 188.3 187.2 187.2 187.2 188.3 188.8 188.6 186.3 186.1 188.9 189.8 190.3 190.9 192.8 194.2 195.5 196.6 197.3 199 200.7 202.4 203.9 205 205.9 208.1 210.4 212.5 214.7 217 220 223.3 224.7 225 225.6 226.2 226.8 227.5 227.9 228.5 228.6 228.7 228.5 228.1 227.7 227.3 226.9 227.2 227.4 228.2 228.9 230.2 231.6 232.8 234
211.6 211.4 211.1 210.6 209.4 208.3 207.6 207.1 206.4 205.5 204.5 203.7 202.9 202.1 201.2 200.4 199.6 198.6 196.6 195.6 194.1 192.9 192.3 191.3 189.5 188 186.4 186.7 186.8 188.1 188.4 188.9 185.8 187.2 188.9 190.3 190.4 192.1 193.3 194.1 195.4 196.2 198 199.6 201 202.3 203.4 204.3 205.4 207.7 208.6 211 214.2 217.1 220.2 222.7 222.9 223.5 224.1 224.5 224.8 225.1 225.8 226.3 226.5 226.7 226.9 226.5 226.1 225.7 225.9 227 227.8 228.3 228.8 229.6 230.9 232.1
210 210.3 210.5 209.9 208.8 208.1 207.5 206.9 206.2 205.3 204.5 203.7 202.9 202 201.2 200.4 199.5 198 197 196.1 194.4 192.8 192.5 191.2 190.3 187.9 187 185.6 185.8 186.5 187.4 188.2 185.3 187.7 188.6 188.8 190.2 190.7 191.1 192.9 194.1 195.2 196.7 198.1 199.4 200.8 201.8 202.7 203.5 204.5 206.1 208.5 211.3 214.2 217.3 219.5 220.7 221.2 221.5 221.8 222.1 222.4 222.8 223.2 223.4 223.9 224.8 224.9 224.6 224.3 226.2 226.6 227.4 227.9 228.5 229 229.5 230.1
208.8 209.3 209.7 209.3 208.6 207.9 207.2 206.5 206.2 205.4 204.5 203.7 202.8 202 201.2 200.3 199.5 198.4 197.4 196.5 194.6 192.8 192.5 190.9 190.5 189 186.7 184.7 185.6 186 186.5 187.1 184.5 186.7 188.1 188.9 189.3 190 190.8 191.7 192.7 193.9 195.2 196.6 197.9 199.2 200.2 201 201.7 202.5 204.6 206.5 207.9 210.4 213.7 217 218.2 218.6 218.9 219.2 219.6 219.6 219.7 220.1 220.4 221.3 222.1 223 222.9 222.5 226 226.3 227 227.5 228.1 228.5 228.7 228.2
207.4 207.8 208.1 208.8 208.1 207.4 206.7 206.1 205.9 205.7 204.7 203.7 202.9 202 201.2 200.4 199.7 198.8 197.9 196.9 194.9 193.8 192.1 190.8 190.5 189.5 188 186.4 184 185.8 186.3 186.8 185.5 184.6 186.2 188.1 188.9 189.6 190.5 191.4 192.2 192.9 193.7 195 196.4 197.7 198.6 199.3 200.1 201.1 202.4 204.3 205.7 206.9 210.1 213.8 215.7 216.1 216.4 216.7 216.8 216.7 216.8 217 217.8 218.6 219.1 219.6 219.6 221.7 224.9 226.1 226.6 227.1 227.2 227.4 227.1 226.5
205.7 206.1 206.5 207.3 207.7 206.9 206.2 205.9 205.7 205.5 205.3 204.1 202.9 202.1 201.6 201.4 199.9 199 198.1 197.3 195.4 195 192.9 191 190.7 189.8 188.8 187.4 186.2 184.7 186.2 186.2 186.2 185.1 183.2 187.4 188.5 189.3 190.2 190.9 191.7 192.4 193.1 193.8 194.8 196.1 196.8 198.2 199.6 200.1 201.4 202.7 203.6 204.4 206.1 209.6 212.9 213.5 213.8 214 213.8 213.7 213.8 214.1 214.6 215.1 215.6 216.1 217.6 220 223.1 224.7 225.4 226 226.1 225.9 225.4 225.2
204.4 204.5 204.9 205.8 206.6 206.4 205.9 205.7 205.5 205.3 205 204.8 203.4 202.4 202.2 202.7 200.2 199.5 198.7 197.5 196 195.9 193.5 191.4 190.8 189.8 188.9 187.8 185.6 184.9 186 186.3 186.6 184 183.3 183.8 186.8 188.6 189.3 189.9 190.4 191.2 192 193.2 193.9 194.8 196.3 197.8 198.7 199 200.4 201.4 202.1 202.7 203.7 204.8 207.7 210 210.9 211 210.7 210.9 211.3 211.5 211.8 212.3 212.7 213.2 215.5 217.4 220.5 222.4 223.1 223.7 224.5 225.3 225.1 224.8
203.6 203.8 204.4 204.9 205.3 205.9 205.6 205.4 205.1 205.7 205.8 205.4 205 203.6 202.7 201.8 201.5 200 199.3 197.9 196.6 196.6 194.2 191.7 190.7 189.5 188.3 187.2 184 185.1 185.7 186.1 186.3 185.2 183.4 182.4 186 187.7 188.1 188.3 188.8 189.8 190 191.9 193.8 194.8 195.9 197.4 197.8 198.1 199.3 200 200.5 201.1 201.7 202.6 203 204.9 206.1 207 208.1 208.5 208.7 208.9 209.1 209.4 209.9 210.9 213.5 215.2 217.2 219.2 220.8 221.7 222.6 223.6 224.5 224.5
203.2 203 203.8 204.3 204.8 205.4 205.2 204.9 204.7 204.9 205.9 205.7 205.3 204.5 202.8 201.5 201 200.6 199.9 198.6 197.3 197.1 194.9 192.5 190.8 189.5 188.1 186.8 185.6 184.3 185.4 185.7 185.9 186.3 186 182.2 184.6 186.5 187.3 187.4 187.4 189.4 190.9 192.2 193.9 194.9 195.9 197 197.1 197.2 197.8 198.4 199 199.5 200.2 200.8 200.7 201.4 201.8 202.9 205 205.9 206.1 206.3 206.5 206.7 207.1 209.2 211.6 213.3 215.2 217.2 219 219.7 220.7 221.7 222.7 223.6
202 202.4 203.2 203.7 205 204.9 204.7 204.5 204.2 204.1 204.9 205.1 205.2 204.4 202.2 201.3 200.9 200.5 199.9 199.8 199.5 197.2 195.7 193.2 191.1 189.7 188.4 187.2 186 182.6 183.8 185.3 185.7 186 185.6 181.5 183.5 184.2 184.8 186.7 188.6 189.9 191.6 192.5 194 195.4 197 198.5 198.7 196.9 196.2 196.7 197.3 198.6 200.2 200.7 200.1 199.3 199.1 200.2 201.9 203.1 203.4 203.6 203.9 204.1 204.6 207.6 209.7 211.3 213.2 215.2 216.9 217.8 218.5 219.5 220.5 221.5
200.7 201.8 202.7 204.3 204.5 204.4 204.2 204 204.4 204 204 204.2 204.4 205.1 202.6 201.2 200.7 200.1 199.6 199 198.7 197.5 196.8 196.1 191.9 189.9 188.7 187.5 186.2 183.9 183.6 184.1 184.8 185.9 185.5 181 182.4 182 184.9 186.8 188.1 189.4 190.8 192.7 194.2 196.7 198.3 199.8 197.6 200.3 200.3 195.3 196.9 199.1 199.5 199.3 198.3 197.9 197.7 197.6 198.8 200.4 200.6 200.9 201.1 201.5 202.6 205.3 208.6 209.4 211.2 213.1 214.8 216.3 216.6 217.3 218.3 219.3
199 197.6 201.1 204.1 203.8 203.6 203.6 205.1 204.8 204.2 203.6 203.8 204.7 204.5 204.3 201.4 200.5 200 199.4 198.9 199 197.4 197.1 196.8 194.3 190.4 188.9 187.7 185.6 183.7 182.4 184.7 185.8 185.5 185.3 184.8 181 181 182.9 186.5 188 189.1 190.2 191.9 193.8 194.9 196 200.3 200.3 200.3 200.3 195.7 196.1 196.7 197.4 200.1 197.3 196.7 196.2 196.2 196.1 197.4 197.9 198.1 198.6 199.3 200.6 203 206.9 208 209.3 211 212.7 214.5 215.1 215.4 216.1 217.1
194.7 194.5 197.4 201.1 201.7 201.2 201.7 205.2 204.7 204.1 203.6 203.3 203.7 204 203.9 202.4 200.5 199.9 199.3 198.9 199.4 197.4 196.9 196.5 195.6 191.7 189.6 187.9 185.6 182.9 181.9 184.5 185.7 185.5 185.3 185.2 184.4 180.6 181.3 184.5 188.1 189.2 190.1 192 193.2 194.5 195.4 199.9 200.3 200.3 197.3 195.3 195.1 195.5 196.2 197.3 197.2 196 194.9 194.4 194.6 194.6 195.2 195.8 196.4 197 199.4 202.5 205.4 206.6 207.4 208.9 210.6 212.4 213.5 213.9 214.2 214.8
193.3 192.9 193.6 198.5 199.3 198.9 200 203.4 204 203.5 202.8 202.5 203.2 203.4 203.6 203.4 201.5 199.8 199.3 199.1 198.4 197.1 196.7 196.2 195.8 193.8 189.1 187 186.6 183.7 182.5 183.7 185.7 185.6 185.4 185.1 185.3 180.2 180.8 183.1 186.5 189 190 192.7 193.7 194.4 197.1 198.2 197.4 197.1 195.8 199.2 196.1 195.8 195.6 197.4 197.2 195 193.9 193 192.6 192.9 193.7 194.4 194.9 195.2 198.5 200 201.9 204 205.5 207.4 208.8 210.3 212 212.3 213 212.5
191.2 191.7 192.3 193 197.1 196.8 197.9 200.1 203.4 202.7 202 201.6 202.7 202.8 202.4 201.9 200.9 200 199.6 199.7 197.8 196.8 196.4 196.3 196.3 193.6 189.7 186.4 186 184.8 182.6 182.2 185.6 185.4 185.2 184.6 183.8 179.1 180.2 184.3 186.2 188 189.7 193.1 193.9 194.5 196.5 199.2 199.6 197.8 197.7 197.7 197.3 196.9 196.9 196.4 196.4 195.4 192.9 192 191.1 190.6 191.4 192.6 192.6 194.4 197.4 198.9 200.4 201.8 203.7 205.9 207.5 208.9 210.6 210.3 210.8 213.2
189.1 189.8 189 192 193.4 194.4 194.6 197.3 202.3 202.2 201.1 200.4 202.3 201.6 200.8 201.2 201.4 200.5 199.9 200.2 198.2 197 196.6 196.1 195.7 195.1 193.9 188.2 185.2 185.3 182 182.4 185.2 185.5 184.2 182.9 181.6 179.5 179.2 185.1 186.1 188 189.5 193.5 194.2 194.3 196.1 199.5 199.7 198.1 198 198 198.9 196.9 196 195 194.7 195 192.3 190.9 189.8 187.6 189.6 191.2 191 193.9 196.3 197.7 199.1 200.5 202.3 204.3 206.1 208.3 210 209 211.3 213.3
192.1 190.7 187.9 191 191.3 191.7 192.1 194.2 199.9 201.5 200.2 199.2 200.5 200 199.9 200.2 201 200.7 199.8 199.6 198.8 197.5 197.1 196.7 196 195.3 194.7 193.9 185.7 184.7 182.1 183.4 185.4 185.1 184 183.3 182.1 181.2 178.5 184.2 186.1 188.3 189.5 191 193.2 194.4 197.1 200 200.6 198.4 199.3 200.3 198.1 195.9 194.9 194.1 193.7 193.2 192 190.6 188.5 186.9 187.8 189.1 191 193.1 195.3 196.4 197.8 199.2 201 203.4 203.7 205.2 207.4 209.5 211.7 213.8
192.4 191 188.5 187.7 190.6 191.1 191.1 192.5 195.7 199.3 199.4 198.1 198.7 198.6 199 199.4 200.1 203.1 199.4 199 198.8 198 197.7 197.1 196 195.4 194.8 194.2 190 183.2 184.2 182 185 184.6 183.5 182.8 182.1 179.1 177.9 184.6 185.8 188.3 189.8 190.7 193.6 195.4 198 201.1 200.7 199.3 199.6 200.7 197.9 195.6 194.3 194.1 193.5 191.5 189.8 188.5 187.6 186.8 186.7 187.6 189.8 192 194.2 195.5 196.4 197.9 199.6 201.6 200.2 204.4 208.1 210.5 212.6 214.7
192.7 191.6 190.3 189.6 185.9 192 189.9 192.4 194.1 195.3 196.2 196.5 197.2 197.7 198.1 198.5 200.8 203.3 199.7 198.9 198.3 198.8 198.1 197 196.1 195.5 195 194.6 192.6 184.1 181.5 183 185.1 183.4 183.8 182.7 180.1 177.5 182.6 185.5 185.8 187 188.7 190.4 191.9 193.6 198.4 201.2 203.5 200.4 199.9 200.7 199.1 195.7 194.7 193.7 192 190.2 188.7 187.7 186.9 186.1 185.8 186.6 188.6 190.9 193.1 194.5 195.7 196.7 198.2 198.6 202.9 206 208.3 211.2 213.5 215.3
193.1 192.3 192.1 191.5 191 185.3 188.6 191.6 193 192.1 192 190.7 195.1 196.2 197.9 198.1 199.9 202.5 198.9 198.2 198.3 198.9 198.1 197 196.3 195.8 195.4 194.9 193.3 185.3 181.7 182.8 183 183.1 183.6 182.7 177.7 176.3 183.4 184.7 185.1 186.6 189.6 190.2 191.2 192.5 196.5 201.5 202.1 201.7 200.7 200 199.3 198.2 195.3 193.3 191.5 189.8 188.4 187.1 186.2 185.6 185.4 185.9 187.9 189.9 192 194 195.3 195.7 197.1 199.4 203.4 206.5 208.5 211.4 214.2 216
193.7 192.7 191.7 190.9 190.6 185 186.8 188.5 192.6 191.9 189.4 188.3 191.9 193.9 196 195.6 196.9 200.2 198.9 197.6 197.8 197.8 197.6 197 196.5 196 195.4 194.3 193.1 187.9 179.9 182.1 184.2 184.4 182.3 182.1 176.2 176.5 180.7 183.8 184.2 184.7 188.9 189.3 190.6 191.7 194.2 199.3 199.8 203.3 201.5 200.9 198.9 198.1 195.1 193.1 191.1 189.6 188.2 186.8 185.5 185.1 184.7 185.2 187.9 190.1 191.1 192.5 193.7 191.9 195.3 200.8 204.5 206.3 209.1 212.3 215.4 217.9
193.5 192.9 191.9 190.6 189.7 186.1 185.4 187.4 191.5 191.3 188.5 186.7 190.6 192.9 194.1 194.1 194.1 195.2 195.6 196.1 196.5 198 198.6 197 196.6 196 194.7 193.4 192.6 188.3 178.7 179.7 183.8 184 181.3 183.6 175 176.3 183.1 182.3 181.7 184.3 187.4 189 189.9 192.1 192.5 196.4 198.7 202.9 201.4 201 198.6 196.3 194.8 193.3 191.1 189.4 188.1 186.7 185.3 184.8 184.5 185.1 186.7 188.1 190.1 191.2 190.2 194.7 197.4 201.8 203.4 206.5 210 213.3 216.5 219.8
193 193.5 192.1 190.8 189.5 186.1 184 188.9 190.5 189.9 187.6 185.2 188.8 190.3 193.1 192.9 193.2 194.2 193.5 194.1 195.6 197 199.6 196.9 196.3 195.1 193.8 192.7 192.1 190.8 184.2 178.5 181.8 183.4 180.6 181.8 176.6 174 182.6 179.8 181.2 183.7 185.6 187.3 187.9 186.6 190.5 193.6 196.8 196.6 200.5 201.1 199.2 196 195.1 193.9 191.9 189.5 188 186.6 185.2 184.6 184.3 184 184.6 185.4 186.8 188.5 191.7 194.5 198.1 200.7 204 207.5 210.9 214.2 218.1 221.1
192.1 193.9 192.9 190.9 188.4 185.9 184.2 189.9 189.9 188.2 185.4 185.1 187.5 189.6 189.9 191.2 191.5 194 191.5 192.2 193.7 196.4 199.7 195.9 195.9 196.1 192.9 191.9 190.8 189.8 187.5 177.2 179 183.7 182.1 178.2 175.9 172.5 181.4 178.9 181 182.1 183 185.5 185.2 184.5 188.3 191.7 196.3 195 198.7 200 199.5 195.9 194.9 194 192.2 190.9 188.4 186.7 185.1 184.4 183.8 183.7 183.7 184.6 185.4 187.4 191.8 194.5 198.1 201.7 205 208.5 211.8 216.1 219.7 222.4
194.7 191.8 191.9 190.6 187.8 184.9 183.7 188.7 190.4 186.6 184.1 186.1 189 188.4 189.1 189.9 190.7 189.6 189.7 190.3 191.4 194.5 197.3 194.5 194.8 195 192 191 190.1 189.9 189 184.2 175.8 181.7 182.6 176.5 174.6 172.3 180.2 178.8 179.9 183 182.5 182.2 183.8 182.8 186.7 192.2 193.2 192.3 195.3 197.2 196.4 195.6 194.4 192.9 191.5 191.2 189.9 187.8 186 184.8 183.7 183.3 183.4 183.7 184.4 187.7 191.8 194.9 198.5 201.6 206 209.7 214.2 218.3 221 223.8
196.7 193.7 190.2 190.5 187.2 184.9 183.7 189.4 190 184.2 185.2 186 188 186.9 186.9 188.3 189.2 188.4 188.7 189 189.8 192.2 192.5 191.2 193.3 193 191.4 190.1 189.5 189.5 188.3 185.8 178.8 178.1 180.6 179.6 173.2 171.5 178.7 177.9 178 181.8 180.6 181 182 181.8 184.7 190.7 190.1 190.2 193.4 195.7 194.2 194.2 193.6 192 191.3 190.2 188.8 188 187.5 185.8 184.5 183.5 183.3 183.1 185 187.5 191.8 194.8 197.7 201.5 207.2 211.1 216.5 219.7 222.4 225.1
198 195.5 190 190.2 187.5 186.3 185.3 184.8 188.6 186 186.2 186.1 187.1 186.6 187.1 186.9 187.8 186.8 187.2 187.6 189.4 190.5 189.2 189.5 190.2 191.3 192.2 189.3 188.9 188.3 188.2 185.6 180.2 174.6 180.6 177.1 171.6 171.6 174.9 177.2 177 179.5 180.3 180.8 180.6 180.8 182.8 184.8 188.9 189.4 189.9 194.5 193.8 193.5 193.7 191.2 190.4 189.5 188.8 187.5 187.3 186.7 185.1 184.4 182.2 183.3 184.7 187 190.5 193.8 196.6 201.4 207.1 212.5 218.1 221.8 225.2 228
198.9 196.3 190.4 192.3 190.3 186.9 184.7 183.3 189.6 187.9 184 183.9 185.2 186.5 187.5 187.7 187 185.7 185.2 187.3 188.4 183.7 185.4 187.4 187.1 188.9 191.6 188.1 187.3 187 186.6 185.9 181.8 176.6 177.1 181.8 169.6 177.1 175.9 174.7 178.1 177.4 180.3 180.1 180 180.4 180.2 183.1 187 186.7 187.8 192.7 192.6 193.6 192.2 190.7 190.3 189.5 188.8 187.8 188.2 186.9 186.8 183.6 182.6 183.8 185 186.8 189.1 192.4 195.5 200.9 206.1 212.4 218.1 222.8 226.9 230.3
199.7 197.6 194 190.2 194.1 187.4 185.1 183.3 188.7 188.4 183.6 182.5 182.5 185.9 186.4 185.1 185.1 184.4 183.6 183.8 185.2 182.9 182.4 184.5 185.7 186.8 191.7 187.5 185.9 185.3 184.8 184.4 184.2 178.5 173.1 179.5 170.4 172.6 172.1 172.6 176.7 176.8 180.5 179 178.5 178.4 178.8 181.4 183.1 184.2 185.4 188.8 190.5 193.6 190 189.2 189.6 188.9 188.2 187.8 187.3 186.8 187 184.1 182.6 183.9 185.3 186.5 188.8 191.2 194.2 199 205 211.7 217.8 223.3 227.5 232.3
200.7 198.9 196.4 190.7 190.3 191 186.3 185.7 183.8 187.5 183 180.8 180.6 180.6 181.4 183.2 185.4 183.2 182.7 182.2 181.7 183 180.6 181.8 183.5 183.9 187.4 185.4 184.6 184.1 183.6 183.2 182.9 182.2 172.8 170.7 174.4 178.3 171.7 171.2 177.7 175.7 175.8 178.5 177.1 176.8 177.3 178 179.4 182.3 183.9 186.6 189.1 192.6 189.8 188.8 188.2 187.6 187.9 187 186.6 187 187.6 184.4 182.6 184.1 185.4 186.5 187.6 189.9 192.5 197.7 203.7 211 217.5 223 228.6 233.8
201.7 199.2 196.6 193 190.8 193.1 188.3 189.9 185.4 183.2 182.4 182.6 187.3 183 179.4 178.4 184.5 182.2 182 181.6 180.7 179.6 180.2 181 182.3 181 182 183.6 183.4 182.8 182.3 181.9 180.3 179.4 178.9 167.9 172 176.8 173.9 170.5 177.2 175.8 175.2 177.1 176.4 175.3 176.4 176.6 177.6 180.3 180.5 184.6 184.6 188.6 188.8 187.8 188 186.7 186.5 186.3 186.3 186.6 188.1 185.2 181.9 183.6 185.2 186.4 187.6 188.7 191 195.1 201.5 209.4 217 222.8 228.4 234.2
202.9 200.3 198.3 194.2 190.9 193.1 190.6 190.8 189.3 187.1 184 184 188.9 181.1 183 183.3 178.4 180.4 181.6 180 179.3 177.3 179 180.7 179.4 178.2 179.3 180.6 181.7 181.3 180.4 179.4 178.5 177.3 176.9 177.2 164 173.9 174.2 169.8 173.7 175.4 174.7 174.4 174.5 174.8 176.2 175.6 176.1 177.1 178.9 180.4 183.9 185.7 188 186.4 186.6 186.3 185.7 185.7 185.8 186.5 187.7 185.5 180.7 182.7 184.6 185.8 187 188 189.5 192.4 199 207.3 215.1 221.6 227.2 233.3
204.4 202.3 200.1 195.7 192.2 195.1 192.9 192.4 190.2 188.7 185.1 185.3 188.6 182.7 185 182.6 177.1 178 181.3 178 179.4 177.8 175.3 179.1 177.3 177.2 177.6 178 179.5 178.3 177.9 177.8 176.9 176.3 175.3 175.3 168.4 166 172.7 170.2 169.9 172.5 173.3 173.3 173 173.9 176.6 174.8 174.5 176.3 176 177.5 181.7 183.9 183.6 185.6 185.4 185 185.2 185.3 185.3 185.5 188 183.9 180.8 181.7 183.8 185.2 186.2 187.2 188.3 190.5 196.4 204.4 212.9 220.2 226.1 231.9
206.4 204.4 201.4 196.9 195 198.2 193.6 193.2 192.1 190.6 185.7 188.4 185.3 182.9 185.7 184.1 182 176.4 176.9 175 176.4 179.5 175.9 175.6 176.2 176.2 176.6 176.5 176.4 176.2 175.7 175.8 176.1 175.9 175.2 174.8 171 161.1 169.8 173 168 170.4 173 173.6 172.2 173.4 173.3 174.6 174 174.3 173.3 174.6 178.4 181.3 182.1 182.4 183.7 184.3 184.6 184.7 184.8 184.8 185.3 183.5 182.2 180.6 182.9 184.6 185.6 186.4 188 190 193.7 200.8 209.3 217.6 224 229.7
