UK/data/sj/sj73_OST50GRID_20230518/SJ73.asc
ncols 200
nrows 200
xllcorner 370000
yllcorner 330000
cellsize 50
[rows 0 to 34 of 200, columns 0 to 78 of 200]
137.7 137.4 138.5 139.6 138.6 138.8 138.1 134.5 132.3 131.1 130.2 130.3 129.5 127.6 125.6 123.5 121.8 120.2 118.8 118.8 119.1 119.3 119.6 118.7 118.3 118.2 117.9 117.3 117.5 118.5 119.4 119.4 119.6 119.8 120.4 120 120.5 120.5 120.9 120.9 120.9 120.3 119.2 119.8 119.1 118.1 118.9 118.4 116.9 115.6 114.8 114.3 112.7 112.2 111.5 111.3 112.7 113.7 114.9 114.8 113.9 113.7 114.2 114.7 114.8 114.1 113.6 113.5 113.5 113.1 114.7 115.8 116.1 116 115.9 116.3 116.4 116.6 117.4
136.3 136 137.8 136.1 135.6 135.4 136.7 135 131.7 129.6 128.1 128.2 128.4 127 124.7 122.5 121.6 119.6 118.1 117.4 117.7 118.9 119.4 118.1 117.6 117.7 117.2 117 116.5 117 118.5 119.1 119.8 120.2 120.4 120.4 119.8 119.6 119.7 119.8 119.8 118.2 117.6 118.5 117.9 118.4 119.2 118.4 118 117.1 116.3 115.6 113.6 112.2 111.6 111.4 113.5 114.3 115.3 113.7 112.7 113.1 113.8 113.9 113.5 113.1 112.7 112.6 112.6 112.7 114 115.1 115.3 115.6 115.6 116 116.5 117.3 119
134.6 133.6 132.8 133 133.3 133 132.5 132 132.6 129 128.4 128.7 127.7 125.5 123.8 121.8 121.3 119.8 118.4 117 116.2 117.1 117.5 117.2 117.4 116.1 116 115.8 115.7 115.9 117.6 118.4 119 119.3 119.5 118.6 118.1 117.9 116.9 117.2 117.7 118.4 117.7 118.2 121.1 121.7 121 120.5 123 119.5 118.2 117.6 114.7 113.1 111.8 111.5 113.6 114.2 114.8 112.9 111.8 112.6 113.4 113.4 113.1 112.1 112 112.1 112.2 112.4 113.2 114.3 114.6 114.9 115.4 115.8 116.3 117.2 118.5
132.9 131.9 132.2 132.9 132 131.3 130.7 132.2 130.6 128.8 128.6 127.9 126 123.4 122.7 120.9 120.2 119 117.7 116.3 115.1 115.7 116.4 116.6 116.1 116 115.7 115.6 115.5 115.5 116.9 117.7 118 118.2 117.8 116.8 115.6 113.7 113.9 114.6 115.2 117.4 117.7 118.1 121 121.6 122.4 122.1 125.6 121.7 121 119.7 116.5 114.1 113.1 111.4 113 114.5 114.7 112.4 111.4 112.1 112.8 112.7 112.6 112.4 112.9 113.7 113.2 112.7 112.5 113.8 114.6 115.3 114.7 115 115.9 116.8 117.6
131.5 131.6 131.4 130 129.8 129.7 128.6 130.1 130.3 128.7 127.8 124.9 124.3 121.9 121.3 121 119.8 117.3 116.1 114.9 114.4 115.4 116.1 116 116.2 116.1 115.8 115.6 115.4 116.2 114.9 116.5 116.8 116.4 115.7 116.5 115.1 112.7 112.3 114.3 114.8 117.6 118.6 120.6 120.6 121.7 123.1 123.8 124.2 123.3 122.7 120.5 118.1 116 113.9 111.5 111.8 114.8 113.6 111.4 111.1 111.7 112.2 112.1 112 111.7 113.2 113.9 113.1 111.8 112.2 113.9 115.2 114.6 113.9 114.2 115.1 115.9 115.6
131.8 130.7 130 129.7 129.2 128.8 127.6 128.4 128.5 127.4 124.4 122.6 122.5 120.3 119.2 118.6 117.8 116 114.9 114.3 113.8 114.5 115.8 116.1 116.2 116.2 116 115.7 115.3 116.7 114 116.6 116.1 116.3 116.1 116 114.5 112.5 110.7 112.8 114.7 116.2 116.5 119.5 120 121.6 124.1 122.2 123.5 124 120.6 121.2 119.7 116.7 114.5 112.1 111.8 113.6 112.2 110.5 110.8 111.2 111.6 111.5 111.7 111.1 112.5 113.2 113.1 110.8 111.8 113.1 114.4 113.8 113.1 113.4 114.3 115.2 114.8
130.8 130 130 129.5 128.7 127.8 126.2 127 127.1 126.3 124.4 122.3 121.3 118.9 117.2 116.5 115.8 114.9 114.3 113.6 113.4 114 115.1 115.6 116.1 116.3 115.9 115.3 114.8 113.8 113.6 115.5 115.9 115.7 115.6 114.3 112.7 112 109.8 111.2 114.5 115.2 116.3 116.9 118.3 121.7 121.9 123.7 123.1 124.1 121.1 121.6 120.6 116.4 114.4 112.5 111.2 111.9 110.9 111 111.5 111.9 111.8 111.8 111.5 110.9 112.3 112.7 113.1 110.9 110.3 112.9 113.2 112.7 112.3 112.6 113.6 114.3 114.3
130 130.3 128 126.4 126.9 127.3 126.7 125.9 126.2 125.3 124 120.1 118.3 117.2 115.3 114.8 114.4 114.5 113.9 113.1 112.9 113.1 114.5 114.2 115.4 115.3 114.7 114.3 113.4 111.1 112.6 113.5 114.2 114.6 114.2 112.2 111.7 111.4 109.2 111 113.9 114.2 114.7 115.7 117.7 120.4 120.7 122.5 122 122.5 121.8 121.2 119.2 116.9 116.9 114.5 111.5 110 110.6 111.5 112.1 111.5 111.3 111.3 111.4 111.8 112.1 112.6 113 111.5 109.6 111.9 113.3 112.8 112.3 112.1 112.8 113.2 112.4
130.4 129.5 126.3 124.3 125.3 126.3 125.6 125.2 125.3 124.3 122.5 118.5 116.2 114.6 114.2 113.8 113.3 113.7 113.5 112.3 112.3 112.4 113.7 114.9 114.9 113.8 112.7 111.4 110.9 110.4 111.4 111.3 111.8 112.6 112.1 110.9 111 111.1 108.6 110.7 113.2 113.5 114.3 115.1 116 118 120.9 119.9 121.8 122.3 122.5 120.7 118.5 118.6 119.4 114.4 110.6 109.7 110.9 111.9 112.6 112.2 111.6 111 111 111.5 112 112.2 112.2 111 109.2 110.5 113.1 113.1 112 111.6 111 110.6 110
129.4 128.4 123.4 122.3 123.1 125.3 124.8 123.4 123.2 122.8 120.8 117 115.2 114 114 113.6 113 112.9 113.2 112 111.5 111.9 113.4 113.9 113 111.5 109.6 107.7 107.2 107.7 110.1 110.1 110 110.7 110.8 109.8 110.2 110.4 109.1 109.8 112.5 112.8 113.8 114.8 116.8 118.2 120.2 120.9 121.1 121.4 121.8 119.8 117.6 118.6 117.2 113.8 110.6 109.5 110.1 112 112.4 111.5 110.8 110.2 110.2 110.7 111.5 111.8 112.1 111.1 109.8 110.3 111.9 112.4 111.2 109.9 109 108.1 107.1
126.7 125.8 122.1 121 120.3 121.6 123.5 121.9 122.1 121.6 119.2 116.6 114.3 113.4 114 113.4 112.6 112.7 113.2 112 111.2 113.6 112 112.2 110.8 108.8 107 105.8 106 106.6 108.1 109 108.9 108.8 108.7 108.7 109.6 109 107.4 108.4 110.9 112.7 115.3 117.6 118.2 119.3 120.7 120.5 120.6 120.8 120.1 117.3 116.8 116.4 114.6 112.5 110.1 109.8 110.7 111.7 112.4 111.4 110.5 109.5 109.6 110.5 111 111.3 111.5 110.9 110 109.3 111.5 111 109.3 108.1 107.6 108.5 109.1
124.2 123 121.9 119.7 118.8 118.8 120.8 119.8 121.4 121.1 117.3 115.2 113.7 112.8 111.8 113 112.3 112.6 112.9 112.5 111.5 111 110.9 110.6 109.4 107.2 105.6 106.1 107.7 106.5 108.1 109.2 108.9 109.4 109.6 109.6 108.8 107.5 106.6 109.3 111.7 113.1 116.4 119.9 120.1 120.7 120.5 119.9 120.1 119.4 117.5 116.5 116 114.8 113.5 111.3 109.1 109.5 110.7 111.6 112.1 111.5 110.6 109.8 109.9 110.2 110.6 110.5 111 109.9 109.2 109.4 109.3 109.2 108 108.3 109.2 110.1 110.7
121.4 120.3 119.3 118.7 118.2 117.8 117.4 118.5 120.1 118.5 116.1 114.6 113.1 112.5 112.1 111.9 112.1 112.1 111.8 112.1 111.8 111 109.8 108.8 107.9 106.8 105.7 106.6 109.7 108.7 106 109.8 109.5 110.3 110.5 110 108.4 106.7 106.3 109.5 111.5 112.6 114.6 117 119 118.7 120.1 119.6 120.9 118 115.8 115.6 114.8 113.3 112.4 110.2 108.6 108.5 110.8 111.4 111.3 110.9 110.5 110.4 110.4 110.4 110.1 109.5 109 108.7 108.3 108.2 108 108 108 108.6 110.1 110.9 111.5
119.7 119.6 119.5 118.7 116.8 115.9 115.9 116.3 116.7 115.9 114.8 113.4 112.8 112.2 112.4 113 112.5 111.3 110.7 111.1 111.5 111.1 110 108.9 108.2 108.5 107.3 105.6 110.7 108.9 105.2 109.2 110.5 110.3 110.4 109.9 107.9 106 106.9 109.7 110.2 111.1 113.1 114.5 118.3 118.8 117.9 119.1 117.5 115.1 114.4 114.1 113.4 112 111.2 109.7 108.1 107.6 110.6 110.9 110.6 110.1 109.8 109.6 109.6 109.6 109.1 108.9 108.4 107.9 108.3 107.3 106.8 106.9 107.7 109 110.5 111.2 111.6
119 119.2 119.4 118.2 115.8 114.7 114.8 114.6 114.9 114.3 113.3 112.3 113 111.8 112.4 112.4 111.8 111 110.4 109.9 110.2 110.3 109.4 109.7 110.3 110.7 108.9 104.2 108.7 107.3 101.3 103.7 107.3 108.3 109.5 108.2 106.3 104.3 105.5 109.4 109.4 109.5 110.7 112.9 116.1 115.2 115.9 115 113.1 112.8 113 112.5 111.5 110.4 110.7 109.1 107.5 107 109.9 110.4 110 109.1 108.1 108.9 108.8 108.6 108 107.8 108 106.8 106.9 107.1 107.5 108.8 109.9 109.4 110.1 111.1 111.6
117.3 117.6 117.8 117 115.2 114.3 114.4 114.1 113.9 112.8 111.8 112.6 112.8 111.1 111.7 112.5 111.5 110.8 110 109.3 108.9 109 109.1 109.1 109.9 110.6 109.1 104.4 103.6 101.1 101.8 102.1 101.6 102 104.3 105.1 102.6 103.1 102.9 106.5 106.8 106.5 108.6 111.8 112.8 112.6 111.9 110.9 111 112.1 113 111.4 109.9 109.6 110 108.6 107 106.4 109.2 109.9 108.7 107.3 106.6 106.8 107.6 107.5 106.9 107.4 107.7 105.7 107.1 108.7 110.8 110.1 110.2 110.4 110.1 110.7 111.5
115.6 115.8 116.1 115.2 114.5 114.2 114.1 113.9 112.7 112.6 111.1 111.3 112.4 111.6 110.9 111.8 112.3 110.3 109.7 109.1 107.9 108.5 109.5 109.7 108.3 109.9 107.8 100.7 101.2 104.2 106.5 106.1 104.5 102.1 101.3 102.1 101.9 102.7 103.2 102.6 102.6 103.9 105.1 108.5 108.9 108.8 108.3 109.2 110.5 112.4 112.9 111.7 109.6 108.4 109.3 108.2 107.2 106.1 107.6 107.4 106.7 106.6 106.7 106.3 106.4 106.1 106.4 106.8 106.9 108.8 108.7 110.5 112.3 111.5 111.6 111.4 111.4 112.1 112.7
114.4 114 114.3 113.4 114 112.8 112.1 112 112.1 111.8 110.2 110 111.4 110.8 110.6 110.5 110.5 110.5 110.3 109.5 107.8 107.8 109.8 109.6 109.8 109.1 106.1 100.4 103.4 108.1 108.7 108.3 108.7 107.7 107.1 106 104.6 103.5 105.2 104.6 102.4 102.7 103.1 104.7 103.8 105.5 106.7 109.4 110.8 112.5 111.6 109.3 108.7 107.1 108.6 108 106.8 106.1 105.5 105.4 105.5 106.4 106.8 106.4 107 105.7 106.5 108.2 108.3 110.8 111.6 112.9 113.8 112.2 112.6 112.5 113.2 114.2 115
113.1 112.9 112.5 112.6 113 112.2 111.6 111.4 111.3 110.5 109.6 109.6 110.7 110.2 111 111 110.6 110.4 109.8 109.6 108.1 107.2 107.8 108.8 109.3 109 99.9 102.9 107.7 108.9 109.4 108.9 110.3 110.7 111 110.5 110.1 109.7 108.9 107.1 105.8 105 104.5 102.6 102.8 103.5 105.5 108.7 110.8 111.2 109.9 107.7 107.3 107.2 106.9 107.6 106.6 105.6 105.3 105.6 106.2 107.1 107.1 107 107.5 108.5 109.8 110.9 111.2 111.7 114.1 115 115.3 114.6 114.2 114.8 115.7 116.6 116
111.8 111.7 112 111.7 112.1 111.7 111.2 111 110.8 110.3 109.9 109.2 110.2 110.3 110.8 110.3 109.9 109.6 109.1 109.1 108.8 107 105.5 108 108.8 104.9 99.5 105.1 108.4 109.5 110.2 109.7 112.4 113.4 113.9 113.6 113.2 113.4 111.6 108.6 107.9 106.3 104.8 104.6 104.2 103.7 105.6 108 109.8 110 108.1 106.7 106.5 105.3 105.4 105.9 106.1 105.3 105.7 106.3 106.9 107.8 107.5 108.2 109.2 110.1 111.2 112.7 114.4 115.1 115.7 116.4 117 116.7 116.4 116.4 117.4 118.6 118.5
112.5 112.7 112.2 110.9 111.2 111.3 110.8 110.5 110.2 109.8 108.9 107.9 110.2 110.4 109.6 109 108.6 108.4 108.6 109.1 108.8 107.5 104.9 106.2 107.5 101.2 99.3 104.8 107.3 110.1 112.8 113.6 113.6 115.2 116 115.9 116.9 116.4 113.3 110.1 109.6 107.6 106 104.8 104.5 103.8 104 106.8 106.8 107.9 106.1 105 105 105 105 105.3 105.2 105.9 106.4 107 107.6 108.2 108.4 109.4 110.4 111.4 112.7 114.5 117 116.5 116 117.6 118.3 118.1 117.9 117.6 119.7 120.2 120.1
112.3 112 111.6 110 110.2 110.4 110.3 109.9 109.6 109.3 107.8 107.6 109.6 109.6 108.8 108 107.3 107.2 108.2 108.7 108.2 107.5 105 103.2 104.9 99 99.7 105.3 107.1 109.4 112.1 113.5 114.4 116.1 116.9 118.7 120.2 119.3 116.2 113.7 111.7 109.1 107.6 105.8 103.1 103.8 103.5 104.9 104 103.7 105.1 105.1 105 105.1 106 106.2 105.4 106.8 107.2 107.7 108.3 108.6 109.6 110.6 111.6 113.6 114.7 118.4 121.2 120.9 119.1 118.8 119.5 119.6 119.3 119.3 120 121.8 122.8
111.9 111.8 111.1 108.9 109.6 110 109.9 109.6 109.3 109.1 108.5 106.6 109 108.9 107.8 106.5 106 106.7 107.8 107.9 107.3 105.6 103 99.6 98.8 99.5 103.2 106 106.7 109.8 111.6 113.7 114.9 116.1 118.3 120.7 122.1 119.9 118.3 115.3 112.4 109.7 108.8 107.4 105.1 104 104.2 104 104.6 105.5 105.8 105.3 104.9 106 107 106.2 105.6 107.5 108.2 108.6 109 109.8 110.8 111.8 112.8 116.5 117.7 121.3 125.1 125.3 122.9 121.3 120.8 121 121.7 121.5 121.7 123.8 124.5
111.5 111.3 110.6 109.8 109.5 109.4 109.3 109.2 108.9 108.9 108.8 107.3 105.5 107.4 106.2 104.9 105.4 106.3 107.4 107 105.2 100.9 98.4 99.5 100 102 106.1 108.9 110.7 111.5 110.9 113.2 114.6 115.7 117.9 121.1 120.9 120.2 119.6 116.5 113.2 111.2 111.7 108.6 107.8 105.9 105.2 104.4 105.5 106.6 107.7 106.8 108 108.3 107.3 107.7 106.7 107.6 109.3 109.8 110.2 111.4 113 115.2 115.5 118.9 121 125.1 128 129.9 127.4 124.5 123.3 124.8 123.9 123.2 123.4 125.8 130.7
110.7 110.6 110 109.2 108.5 109 108.9 108.8 108.5 108.3 108.3 106.9 104.9 102.5 103.4 104.1 105.3 105.1 103.9 103.5 100.7 98.6 99.8 102.1 104.3 105.7 107.2 110.6 113.2 112.8 111.9 112.5 114 116.5 118.9 120.2 120.5 121 122.3 117.6 114.1 113.5 113.8 109.1 110.9 108.6 107 105.6 106.2 107.6 108.8 107.5 108.2 109 108.6 108.5 107.5 107.6 109.3 111 111.4 112.7 117.2 119.2 120.4 122.3 125.3 128.4 131.1 134.3 133.4 132.6 129.7 129.2 127.5 126 126 129.7 138.1
109.5 109.7 109.5 109.4 107.5 107.9 108.6 107.8 107.7 107.8 107.6 106.4 105 102.6 101.4 103.4 102.6 103.8 101.8 99.5 98.6 99.8 102.7 104.6 106.1 108.3 110.1 112.4 114.8 113.9 112.9 112.9 114.5 117.3 119.1 119.9 120.7 123.4 124.2 118.4 116 116.9 112.9 112.7 112.7 110 108.7 107.5 106.9 108.6 108.4 109.3 108.7 109.8 109.6 109.1 108.6 108.4 109.3 111 112.6 115.6 120.4 123 125.3 127.2 127.9 130.6 134.5 137.8 139.5 136.9 135.3 134.4 132.5 132.2 130.9 134.8 138.9
109 109 109 109.4 108.3 106.9 106.7 106.5 106.8 107.3 107 105.2 104.3 102.1 101.5 99.5 100.1 98.3 98.2 97.9 99.9 103.3 104.9 105.7 107.3 109 111.4 113.7 115.3 114.6 113.8 113.4 115 116.7 118.1 119.8 122.4 125.4 121.5 118 120.9 117.2 114.9 115.8 114.2 113.6 110.8 107.4 107.3 108.9 109.8 110.4 110.4 110.7 110.2 109.7 109.2 109.4 110.1 110.9 113.6 117.6 122.8 127.2 130 132.4 132.9 132.5 141.2 142.8 144.5 144.8 141.5 140 137.6 136.2 135.2 136.8 139.7
108.3 108.3 108.2 108.3 108.2 107.3 105.9 105.8 105 105.1 105.9 105.4 104.5 102 99.1 97.2 98.8 97.6 100 100.3 102 105.3 106.7 107.4 108.9 110.4 112.6 115.7 116.3 115.2 114 113.7 116 116.9 117.8 120.4 124.5 123.6 120.6 120.9 120.6 118.5 120.6 117 118.7 115.2 110.5 108.2 108 109.2 110 111.1 111.1 111.1 111 110.3 109.9 110.3 110.9 112.7 117.6 122.7 125.8 129.2 134.4 136.7 137.3 139.4 141.9 144.3 145.4 146.9 147.4 146 143.6 140.8 139.6 140.9 142.2
107.6 107.6 107.5 107.6 107.6 106.8 105.8 105.4 105.8 104.9 104.7 104.2 104.2 101.9 97.3 96.9 98.4 100.5 102.3 103.5 104 107.6 108.4 109.8 112.4 114.2 116.1 117.2 117.5 116.3 115.3 114.3 115.5 116.6 118.5 121.8 124 122.6 122.2 124.6 119.1 120.4 122.4 119.2 121 116.7 110.4 109.1 108.9 109.5 110.4 111.5 112 111.1 112 111.1 111 111.7 112.7 116.7 121.9 129.1 131.7 132 138.3 140 141.2 142.8 143.9 145.7 147.4 148.3 148.9 148.5 147.5 146.5 144.6 144.5 145.1
106.8 106.9 107 107.3 106.7 105.6 105.4 104.2 103.5 102.8 103.2 103.6 103.5 99.2 96.7 98.5 99.7 101.7 104.5 106.2 106.7 110.3 111.7 113.7 117.6 118.7 119 118.4 118.8 118 117.1 115.7 115.9 117.4 119.7 122.9 124.2 123.4 126.3 121.9 120.4 126.2 123.6 122.7 122.2 113.6 110.1 109.5 109.5 109.8 110.8 111.9 112.8 111.8 112.6 111.8 112.3 112.5 115.1 120.8 126.7 135.4 136.8 139.1 145.1 144.8 145.9 147.6 148.8 149 149.5 150.5 151.6 151 149.9 149.7 148.2 147.7 147.6
106.5 105.7 105.8 105.3 105.8 106.3 105.3 104.3 104.1 103.4 102.1 101 100.7 97.7 97.3 98.4 101.7 100.2 103.1 105.7 110.8 112.7 114.6 116.5 120.6 121.4 120.5 119.4 120 119.4 118.8 117 117 119.1 121.2 124.2 124.8 125.5 123.9 122.1 125.5 129.9 127.4 125.4 118.6 112.5 110.2 109.8 110 110.3 111.2 112.2 113.1 113.4 113.2 112.7 113.3 114.7 118.5 123.7 129.7 136.7 141.8 144.9 151.1 149.3 149.3 151.9 152.6 152.3 152.2 153.1 154 153.1 153.3 152.9 151.9 151.7 151.1
106.9 106.8 106.3 105.8 106.1 106.2 105.7 105.5 105.2 105 103.8 101.5 98.6 96.6 97.6 98.7 99.9 99.9 103 108.3 110.1 114.3 116.7 118.9 121.5 122.4 121.5 120.4 120.9 120.7 118.7 117.9 118.6 120.9 122.7 124 125.3 123.6 123.6 122.2 130.6 131.3 127.7 125.2 116.2 112.9 110.7 110.3 110.5 110.8 111.5 112.5 113.3 113.6 113.7 113.6 114.2 115.5 119.4 124.7 130.3 137.3 144.3 149.6 153.3 154.9 151.9 155.9 156.7 156.1 155.5 155.6 155.8 155.7 156.5 156.1 155.8 155.7 154.5
105.8 105.7 105.1 104.2 105.6 106.5 106.3 105.7 104.7 104.4 103.7 100.6 97.9 96.1 98.5 99.3 100.1 101.2 106.4 109.8 112.1 114.4 116.9 119.4 122.5 123.4 122.5 121.4 121.9 121.3 119.9 118.8 119.2 121.7 122.6 123.8 124.1 122.9 125 127.6 131.5 130.8 129.2 122.5 116 113.4 111.2 110.9 111 111.3 112 112.9 113.6 113.8 114.3 115 115.1 116.7 120.3 123.9 127.9 134.7 146 149.1 152.9 156.5 159.5 161.6 160.5 159.2 158.8 158.8 159 159.4 159.7 159.8 159.9 159.3 158.5
105.5 105.9 106.1 103.7 104.7 105.8 104.9 103.9 103 103.6 103 100.1 95.5 95.2 98.1 99.2 101.1 104.2 107.4 109.8 111.9 114.3 117.1 120.2 123 123.5 123.1 122.4 122.9 120.9 120.8 121.6 122.8 122.3 122.9 123.2 124 125 127.6 130.2 130.4 130.8 126.5 118.3 115.7 113.3 111.7 111.4 111.5 111.8 112.5 113.2 113.8 114.2 116.3 116.1 116.3 118.4 120.6 123.8 127.7 136.4 145.4 149.5 155.5 162.7 163.9 165.8 166.2 164.7 163.5 163.8 164.5 167.6 166.3 165.7 166 164.2 162.7
105.8 105.8 106.5 105.1 103.5 103.4 102.8 102 102.2 102.8 102.2 98.2 94.5 98 98.7 100.6 103.3 106 107.4 109.9 111.9 113.8 116.6 120.9 122 122.4 122.2 123 123 122 122.4 123.3 124.1 123.6 124 124.8 126.6 127 129.7 130.5 130 130.8 120.2 118.2 115.5 112.8 111.9 112.1 112.2 112.4 113.1 113.8 114.9 116 119.5 119.9 117.1 118 122.7 127.2 131.8 137.7 139.5 148.7 157.5 162.3 164.9 166.1 168.2 167.3 170 171.6 172.5 173.5 173.7 173.9 173.3 169.6 166.7
