WholeMapElevations/data/sh/sh74_OST50GRID_20230518/SH74.asc
ncols 200
nrows 200
xllcorner 270000
yllcorner 340000
cellsize 50
[rows 0 to 34 of 200, columns 0 to 77 of 200]
281.5 278.6 270.2 278.1 285.2 290.7 297.5 305.7 303.6 299.6 306.6 314.2 316.6 319 318.2 313.9 310 305.9 302.5 297 290.1 295 299.3 304.7 310.4 317.8 324 331.1 338.4 344 348.9 353 356.9 359.6 362.1 364.1 367.2 369.2 368.3 368.3 367.9 365.1 355.7 343.9 329.2 338.1 339.7 339.6 339.2 336.4 343.5 348.2 352.3 358.5 362.9 366.5 372.4 377.5 383.5 394.1 400.7 404.3 382.1 360.4 337.7 315.5 293.7 269.4 250.4 235 227 223.1 222.8 226.4 231.3 243.1 255.8 274.3
283.6 279 279 287.8 292.7 300.3 308.1 312.2 313.2 309 316.7 320.4 325.7 325.1 324.5 320 314.5 311.6 306.7 300.4 294.8 300.9 306.9 311.7 318.6 327.5 336.1 344.4 351.7 357.2 361.5 366.4 370.4 373.4 374.6 377.3 380.7 381.7 379.8 379 374.3 370 359.3 345.9 340 345.4 346.9 348.2 347.8 349.1 353 356.7 360.9 366.4 372.6 376.4 381.6 387.2 393.5 401.4 407.8 402.7 373 345.9 323.6 304.1 281.4 261.2 245.1 232.9 222.7 222.3 223.3 227.4 232.5 244.3 260 277.6
286.8 286.8 286.7 294.1 300.3 307.7 316.2 318 316 317.7 325.6 332.1 333.4 335.1 330.4 323.1 323.1 317.6 313.3 302.8 299.3 306.1 312.9 320.5 329.7 339.6 348.9 357.6 364.7 369.9 374.2 378 382.3 386.2 388.3 393.2 392 392.1 388.8 386.7 381.7 375.4 361.7 349.5 351.2 354.1 356.5 358.4 359 360.2 363.9 368.8 375.7 381.9 388 389.3 394.5 399.4 406.6 412.6 414.7 396.4 366.9 339.3 316.8 295.6 275.8 256.8 240.7 229.1 223.2 223.9 223.7 227.6 236.2 246 260.7 279.4
293.1 289.7 294.1 299.9 309.2 316.5 322.2 325.2 321.9 328.2 333.6 341.6 344.6 344.4 339.1 334.7 329.5 324.7 317 304.1 306.8 312.3 321 329.8 340.4 351.1 360.7 371.3 377.6 384 389.4 393.2 399.4 401.3 402.1 403.8 402.9 402.3 398.7 393.5 387.1 377.8 363.3 357.5 362.7 366.2 367.2 370 373 376.6 378.9 384.9 390.6 395.9 401.9 405.4 409.2 414 418.7 423 421.9 397.8 367.6 335.5 311 294.4 282.6 254.6 232.4 226 222.8 223.6 225.5 228.4 238.7 248.3 260 281.3
298.2 293.1 298 305.4 314.2 322.5 327.6 331.8 331.8 337.9 345.5 353.7 353.8 351.8 347.1 341.2 337.4 329 316.6 307.4 312.7 320.1 329.2 340.7 353.7 362.3 371.4 383.5 391 397.3 403.2 407.3 411.1 413.8 416.3 418.2 414.7 410.4 407.5 401.1 391 377.2 365.9 369.1 375 379.5 381.5 385.4 389 390.8 395.2 400.5 405.2 410.2 414.8 418.9 423.4 427.8 431.4 434.1 430.1 405 368 330.4 305 289.8 266.1 247.9 229.8 225.4 223.9 224.8 225.8 231.2 241.3 250.5 262.5 283.4
300 296.3 302.8 311.6 318.6 325.7 333.2 337.8 341.8 349.8 361.4 366.9 371.4 368.6 355.4 351.2 341.2 329.6 318.7 316.2 319.6 327.4 339.5 353 363.1 375.5 386.5 397.7 406.5 412.8 418.9 423.9 428 430.1 431.1 430.8 427.6 423.8 415.7 406.9 394.9 381.8 374.7 383.3 389.9 394.9 399.4 403.2 404.6 406.4 410.2 415.2 419.4 423.5 427.7 432.3 435.8 440.2 443.9 446.2 438.6 402.9 361.3 325 299.5 277.9 258.6 240 227.3 223.8 225.1 226.1 226.3 233 243.2 253.1 265.1 285.6
299.2 300.3 306.4 314.8 320.9 330.2 339.5 345.3 351 360.9 372.8 381.3 385.7 380.2 365.5 362.3 345.9 334.4 325.8 325.4 327.3 337 350.6 362.4 375.5 388.8 401.3 412.1 420.9 427.7 435.2 443.1 444.4 445.2 444.7 442.7 440.3 432.8 422.9 412 400.8 389.6 392.1 400 406.8 411.8 415.5 418.7 420.5 422.8 423.2 428.9 431.6 434.4 438.5 444.5 448.8 453.5 457.7 456.5 431.6 392 353.1 314.9 289.7 268.2 250.3 234.3 226.8 224.9 225.3 227.6 227.4 235.1 244.5 256.5 267.6 285.7
304.6 304.7 310.8 316.7 324.5 335.5 347.2 352.8 362.9 370.4 383.2 392.4 396 389 376.7 365.6 352.7 342.4 336.1 332.9 337.1 346.7 359.2 372.4 389.4 402.9 415.5 426 434.7 440.3 451.4 456.2 458 458.9 458.3 456.9 454.5 437 425.9 418.8 409.4 399.5 409.9 418.5 424 428.3 431.6 434.1 436.3 436.3 436.2 440 442.6 446.3 452.5 460 464.2 468.8 469.4 463.2 425.2 380.2 338.5 305.4 278.7 262.5 247.1 232.1 225.5 225.9 226.1 228.7 229 236.2 244.2 257 269.7 286.6
310.3 314 318.6 324.6 332.2 341.8 356 364.3 373.7 383.4 400.3 406.3 407.6 397.8 385 375.9 359.3 353.1 344.9 338.4 347.4 356.4 367.6 383.7 400.4 414.7 429.2 440.3 446.7 459.5 465.7 470.4 476.6 475.9 477 473.1 464 450.9 437.2 429.6 412.7 421.1 429.7 435.3 440.2 443.4 446.4 448.7 449.3 450.4 448.8 455.7 458.8 462.6 467.9 471.6 475.7 477.3 476.8 458.3 416.2 360.1 326.6 296 269.6 254.1 242.7 233.3 226.3 226.4 229.4 229.4 230.6 235.7 245.2 257.8 271.6 288.5
318.1 319.9 327.1 334.8 343.6 354.5 361.7 375.9 381.7 397.3 415.8 421.1 422.4 408.1 396.5 382.3 368.3 362.7 352.8 349.2 361.2 371.1 388.5 401.9 416.8 428.9 443.8 454.6 463 472.2 481.6 489 491.7 492.8 493.5 485.4 478.9 466.7 459 432.5 434.8 442.1 446.4 451 454 457.1 458.6 460.7 463.8 464.4 463.7 469.1 473.8 477.9 480.4 484.8 487.1 488 484.9 451.6 390.6 347.5 315.1 286.9 262.8 247.4 238.2 230.8 226.9 228.5 229.6 230.1 233.9 239.2 247.6 259.4 273.4 290.5
325.4 327.8 335.8 342.2 352.4 361.5 371.4 386.5 397 411.9 429.3 436.5 433.8 420.2 408.5 390.3 382.9 368.6 364.6 361 373.5 385 399.2 414.2 426.3 439.2 452 465 477.8 487.9 497.3 504.2 508.8 509.9 511.1 506.2 496 478.6 458 451 455.1 460.9 461.4 466.2 468 469.7 471.2 474.3 476.4 476.6 475.5 479.8 484.6 489.4 494.5 497.6 499.2 497.1 477.8 430.7 373.1 334.6 303.3 276.9 257.4 243.6 229 228.6 227.7 228.8 229.8 232 237.5 243.3 251.1 260.4 275.2 290.6
335 337.8 345.6 353.3 361.8 366.2 380.4 396.4 412.1 426 442.3 452.2 445.7 432.2 421.6 406.1 394.7 379.5 374.4 372 382.4 391.2 405.5 418.6 433.6 447.1 460.2 474.3 489.9 502.1 511.9 517.5 523.4 524.7 523.5 521 506.9 483 475.2 473.6 475.4 474.3 475.9 477.4 480.2 481 483.3 487 488.7 488.1 489.2 490.2 496.1 501.5 505.6 507.3 507.3 495.1 456.1 403.8 363 325.4 294.5 268.5 246.9 232.7 228.1 229.1 229.2 230.1 230.8 233.3 238.3 244.6 252.2 266.5 277.1 291.7
347.7 351.7 358.7 373.3 368.5 376.2 392.4 408.2 420.7 438.6 453.7 464.5 458.1 446.3 431.6 419.6 406.6 388.4 380 380.4 388.4 397.2 409.1 424 438.7 452.3 466.6 482.9 498.8 511.9 522.7 531.9 534.7 540.8 541.2 528.7 507.1 492.8 490.4 491.4 489.5 489.9 488.5 491.2 493 493.3 497.2 497 497.9 497.7 501.4 503.1 508.1 512.6 513.9 513.7 508.5 467 426.9 379.2 345.7 312.3 282.3 258.5 239.2 232.5 229.5 229.9 230.2 232.3 232.7 235.2 239.3 246.6 255.6 267.7 279.5 293.6
351.6 357 365.4 369.6 373.5 381.8 401.7 416.7 431.6 449.5 463.8 472 467.8 458.6 446.4 431.6 416.3 399.8 392.5 394.3 396.3 404.2 415.9 431.2 440.4 450.9 468.5 485.7 504.4 519.8 532.9 544 549.4 553.4 545.3 532.7 514.3 507.3 507.2 504.2 502.5 504 504.1 505.6 504.9 509.6 514.7 513.1 512.7 510.4 512.4 514.9 518.3 517.8 517.2 515 504 462 414.1 365.3 330.1 295.3 269 246.5 235.9 231.3 229.7 230.3 231.3 233.6 235.5 237.4 239.4 246.3 257.1 270 282.4 294.9
354.2 355.8 360 372.1 378.2 391.4 407.5 421.8 440.3 454.3 472.7 480.2 476.8 471 457.5 444.8 426.2 411.3 404.5 400.6 402.8 410.2 419.7 429.3 444 455.8 469.3 487 506.6 524.6 539.5 550.5 559.2 563.9 552.1 539.8 523.7 520.9 517.7 515.8 515.4 516.6 520.7 520.9 521.8 525 528.8 527.2 523.8 519.1 522.3 523.3 523.4 522 517 509.6 486.9 426.2 388.4 349.8 313 276.8 254.3 240.5 234 232 230 231 232.6 234.8 236.7 239.1 241.1 248 257.3 269.7 281.5 293.6
356.2 357.2 366.2 376.1 391 395.7 412.6 424.9 443.4 461.6 478 485.3 484 479.2 467.6 452.5 438.1 422 412.6 408.1 410.1 416.9 424.9 432.5 441.4 454.2 467.5 483 506.2 524.7 542.1 556.7 566.7 571.5 561.4 549 538.6 535.8 533.7 533.1 531.6 535 540.8 543.6 544.1 542.3 539.9 538.8 535.9 530.5 530.3 528.1 524.5 519.8 509.5 503.4 456.5 406 372.1 330.8 291.9 262.8 247 237.2 235 232.3 233.6 232.6 235.2 235.8 237.4 240.5 244.6 251.3 261.3 272.7 280.1 290
356 362.2 370.5 378.1 389.2 401.3 419.2 431.7 446.5 467.2 478.6 491.7 488.9 485.2 480.7 466.3 451.1 434.6 419.8 416.5 416 418.4 427.7 434 443.2 453.2 466.9 480.7 497.9 518.9 538.3 556.7 571.5 576 568.7 560.6 551.9 552.3 552 549.9 551 557.3 560 560.4 560.3 556.9 551.3 548.7 544 537.6 532.5 525.1 520.4 519.6 509.8 478.4 424.6 390.2 350.7 309.3 282 260.3 248.2 242 235.6 236.9 236.2 232.9 234.5 236.5 239.2 242.1 247.2 254.5 262.5 271.8 282.6 296.8
357.7 374.4 369.6 380.3 389.9 404 424.7 437.8 454.1 463.9 478.2 493.2 490.4 491.9 493.7 480.9 466.6 449.1 427.2 425.4 424.9 427.2 429.1 434.3 442.1 452.5 465.4 481.1 499.8 514.2 531 552.9 563.7 578.5 581.3 570.3 570.6 571.4 572 571.3 573 573.1 575.5 574.9 572.9 568 559.5 553.3 545.6 534.3 526.7 526.1 520.8 513.4 509.2 464.5 412.4 365.6 321.7 300.9 277.1 267 255.4 246 237.4 238.9 238.7 237.6 236.1 237.8 241.8 246.8 247.4 256.6 264.3 274 284.5 298.3
361.1 367 370.1 379.3 387 401.8 414.8 429.3 442.7 460.3 480.3 487.6 496.3 506.6 507.7 498.4 487 450.8 442.2 435.3 432.5 432.7 432.8 436.9 442.8 452.7 466.4 480.8 498.8 518.6 544.4 561.8 572.3 579.5 585.7 583.9 586.4 587.7 587.2 586 584.7 584.2 583.7 581.4 577.4 569.6 561.6 549.8 537.6 532 527.9 522.3 518.5 511.9 500.4 458.2 409.5 355 328.5 311.6 289.7 273.1 261.2 250.3 243.9 243.1 242.8 239.5 234.5 239.5 243 249.6 255 258.6 263 277.6 287.3 299.5
361.1 364.6 368.5 376.8 388.1 403 419.2 435.8 447.8 463.8 475.2 488.3 501.9 514.6 520 510.6 502.2 465.8 457.9 444.4 439.2 438.6 438.3 438.3 445.6 455.1 467.7 482.7 501 518.2 543.1 567.7 583 589.1 590.6 592.5 596.2 598.4 597.2 593.8 592.1 588.6 586.4 580.5 571.5 562.6 548.7 540.8 536.5 530.9 524.8 520.1 513.1 505.9 481.5 448.2 425 362.2 336.5 322 291.7 277.5 266.7 254.8 252.2 247.2 246 243.9 236.2 239.9 246 252.1 260.2 262.1 270.2 281.8 291.2 302.8
361.7 365.2 370 376.1 390.9 408.5 421.4 441.9 455.8 470.7 477.9 497.5 502.7 520 526.2 525.3 510.1 479.7 473.4 456.1 447.2 445.3 441.4 441 449.5 452.9 466.8 486.9 505.9 525.5 540.8 565.3 584.1 587.8 593.3 595.2 601.7 603.2 599.3 592.8 587.6 582.8 575.4 561.4 551.9 545.2 540.3 538.2 533.1 524.7 519.2 513.4 502 491.2 479.2 466.9 419.4 372.5 347 331.8 298.5 283.2 272.8 271.7 262.4 257.7 254.7 249.3 238.8 240.3 247.1 253.1 263.3 265.3 273.3 285.3 296.9 308.9
364.4 368.6 373.9 378.6 396 413.6 432.7 448.7 461.9 475.6 480.8 502.1 514.3 527.4 538.7 535.9 515.4 493.6 480.6 466.7 457.7 454 448.6 450.9 453.3 460 469.6 486.6 506.8 530.3 548.6 567.2 581.6 591.4 594.7 599.5 600.2 598.2 592.8 584 576.7 569.9 555.9 551.9 548.7 542.8 535.7 533.6 527.6 514.5 504.9 496.9 490.6 488.6 485.5 473.8 428 384.9 358.5 333.4 309.7 291.6 285.5 280.9 275.3 269 260.4 246.5 239.1 241.3 247.1 256 264.8 271 280.2 290.2 302.9 313.2
373.6 372.1 377.5 384.6 402.8 423 432.5 452.9 462.7 474.8 481.8 506.4 523.1 535.5 546 541.4 516.2 508.6 492.4 476.9 469.7 463.4 455.6 456.2 460.3 464.5 471.8 489 515.1 531.6 556.1 573.8 580.7 597.5 601.7 597.4 596.9 592.3 583.3 574.2 559.9 549.3 546.8 546.5 544.1 539.8 532.9 527 516.5 503.2 497.8 497.3 494.4 497.6 495.3 479 431.3 397.4 373.1 349 319.2 304.3 299.6 295.7 290.5 274.2 263.7 246.2 241.2 242.9 247.9 259.9 268.5 276.7 283.2 297 307.8 321.3
377.3 378.5 384.8 390.8 402.2 415.7 442.5 447.6 457.5 472.5 485.1 509.3 525.6 536.9 546 544.7 535.2 523.9 500.5 486.7 478.8 472 467.7 462.5 463.1 467 478.6 492 514.3 542.7 565.5 576.7 586 597.3 595.7 595.5 592.2 582 562.6 553.6 549.3 546 541.2 539.4 536 529.9 524.9 512.4 503.8 499.8 504.2 501.7 501.3 507 505.7 482.3 435.2 408.9 390.2 360.1 331 319 310.6 309.1 302 292.1 278.9 250.3 242.2 245 249.7 262.7 273.5 282.4 288.7 298.4 312.6 329
379 384.6 396.7 401.6 406.8 413.8 430.1 442 452.2 464.3 484.1 504.5 521.3 538.6 548 550.7 541 527.8 506 497.6 490.8 482.3 476.2 470.6 471.5 479.1 485.3 499.6 518.6 546.3 564.2 577.7 589.7 596.8 599.7 592.5 586.8 565.1 558.1 548.3 545.3 540 533.5 532 526.7 522.8 507.8 503.3 502.9 506.3 507.7 507.1 507.5 510.2 510.5 484.5 442.5 422.9 400.8 363.8 340.6 332.8 330.2 330.1 321 304.1 277.6 250.6 245 247.1 253.6 266.7 278.4 287.9 296.6 308.1 321.4 337.2
381.8 386.9 397.6 414.4 415.4 424.6 432.1 442.8 456.5 469.2 491.7 515.2 534.6 548.1 557.5 562.3 555.5 530.4 514.8 506.3 491.1 485.8 475.5 476.3 474.6 480.3 484.5 505.7 527.4 549.6 562.4 582.6 588.4 602.9 595.9 589.4 576.3 568.2 554.5 547.8 542.6 536.3 528.2 523.7 516.6 512 511 510.2 509.4 512.5 511.6 510.9 513.7 513.8 513.4 478.5 454.4 428.5 395.6 372.4 352.9 344.2 347.8 345.5 345 323.2 283.2 253.8 250.4 247.9 256.3 270.8 284.4 295.5 303.8 313.2 329.3 345
385.7 392.5 404.7 413.2 423.4 434.7 442.2 451.6 461.1 477 504.2 527.1 544.6 560.8 568.4 571.7 551 538.8 523.9 502.4 484.9 470.8 463.4 460.3 458.2 458.2 471.3 494.7 521.4 543.5 568.3 580.8 590.1 601.1 598.1 590.4 577.8 563.8 550.4 545.5 537.9 531.8 524.4 517.7 515.6 517.1 516.5 511.8 514 514.7 513.4 514.4 518 520.1 516.1 489.7 461.8 431.3 405.2 384.8 371.8 355.6 363.7 362.3 356.3 340.4 300.8 265.5 262.4 257 263.3 277.3 291.3 303.5 308.3 319.3 335.9 353.1
388.7 396.3 409.9 425.1 431 439.8 449 461 468.3 486.8 510.7 539.2 555.7 566.2 569.6 558.2 546.9 524.4 502.6 478.9 466.5 464 460.5 458.2 458.2 458.2 463.7 479 503.8 530.6 563.5 581.7 600.3 602.4 596.5 587.4 576.3 557.5 546.3 539.8 533.7 526.1 519.9 518.5 516.7 516.1 513.9 516.3 516.6 515.5 516.7 518.5 520.1 522.2 517.2 496.8 468.3 433.3 411.5 398.2 389.4 373.7 379.7 377.2 375.2 348.1 296.9 279.5 271.9 265.1 272 283.5 297.4 311.8 315.2 328.6 344.2 362
398.3 405.6 419.5 439.4 447.3 457.2 467 475.9 482.1 487 509.1 534.2 553.6 556.2 550 536.9 518.3 493.3 471.2 465.7 464 460.6 461.3 458.2 458.2 460.3 469.6 477.9 497.6 522.9 557.8 590.8 600.4 598.7 590 582.2 573.1 555.6 543.9 537.3 529.3 521.9 519.1 515.7 514.6 513.7 514.2 515.6 516 516.7 519.9 521 523.8 527.2 524.6 499.4 472.2 438.2 416.5 405.4 393.4 392.2 388.5 387.2 377.3 340.9 306.7 288.4 277.8 274.1 277.3 287.8 300.9 316.2 323.7 334.5 350.9 369
397.1 413.9 426.9 451.8 460.3 467.4 476.6 484.3 488 493.3 514.9 532.2 542.7 548.8 530.5 508.9 482.6 472.7 468 463.8 459.6 457.8 455.6 459.5 459.8 464.2 474.8 484.8 495.9 527.1 562.5 594.1 599.5 594.5 593.1 581.6 572.6 558.4 545.5 537.3 532.3 531 525.8 520.4 518.6 518 522.2 521.2 517.3 518.6 521.3 524.2 527.4 532.5 529.4 509.6 486.8 453.3 422.2 409.8 414.9 406.6 400.2 401.8 381.7 343 311.2 295 285.4 280.5 283 290.6 303.6 316.1 326.6 340.5 357 378
392.8 415.3 442.3 461.5 472.9 472.1 478.7 481.2 479.9 495.5 517.7 539.3 547.1 527.6 500.6 478.2 472.9 468.2 464.5 459.9 457.7 455.6 455.6 459.8 468.2 469.7 480.5 485 500.4 535.3 577.8 599.9 608.9 607.8 599 585.5 574.1 559.1 551.7 544.5 544.8 542.8 532.8 532 530.9 532.1 526.1 524.2 521.2 525 525.3 527.7 534.1 536 531.7 524 502.1 475.9 445.3 426.2 422.2 422.4 417.1 405.8 389.2 341.8 317 302 293.8 289.7 289.8 296.3 307.9 318.4 331.4 345.4 362.6 386.8
380.5 398.5 428.2 453.3 463.3 460 464.7 463.7 467.8 484 510.4 526.2 517.6 498.4 476.3 467.4 468 464.4 459.3 455.6 455.6 455.6 455.6 463.3 466.8 470.8 473.4 485.8 510.7 536.1 570.8 600.5 612.9 607.4 595.4 582.5 569.4 555 551.1 551.1 550.2 548.9 540.7 540.2 537.6 534.3 530.8 528.2 526.9 528.8 530.2 534.2 539.1 540.7 542.5 537.4 508.5 478.3 456.8 443 438.6 431.4 423.7 417.8 385.2 353.7 326.9 311 304.6 300.1 296.7 306 313.9 326.9 339.8 354.4 372.5 397.4
377.2 390.8 413.2 436.2 447.4 456.4 454.9 457.3 460.8 468.7 494.8 496.2 484.6 472.5 464.4 464.9 465 459.1 455.6 455.6 455.6 455.6 457.1 456.3 459.7 467.3 459.8 483.8 500.7 525.9 556.6 599 623.5 619.5 599.5 585.2 574.2 561.3 559.9 559.9 559.6 553.9 550.4 544.4 546.9 545 540.1 541.1 536.7 538.5 536.5 540.2 541.2 548.5 549.8 553.4 533.1 498.7 472.3 461.1 454.1 449.2 439.6 412.1 379 361 341.2 324.5 315.4 308.9 306.6 313.3 327.3 338.7 351.5 363.5 384.3 411.2
380.3 388.6 411.5 433.2 444.8 449.8 455 457.8 466.2 470.2 471.2 473.3 467.9 463.3 463.3 462.1 455.6 455.6 455.6 455.6 456.1 458.9 456.8 454.9 458.1 443.2 458.1 472 490.8 517.2 549 584.6 621 609.9 602.6 593.3 581.9 577.1 574 569.9 566.5 558.5 553.9 553 551.4 547.9 549.5 549.4 550.8 552 551.1 551.2 556.6 559.9 563.6 565.8 553.5 525.6 495.4 477 466.7 462.8 445.1 403.7 386 370.8 350.3 335.6 324.6 314.2 321.3 333.1 342.6 350.7 363.7 376 394.9 424.6
384.1 396.6 414.8 437.5 448.9 456.4 458.2 459.7 470.7 469.8 460.3 462.2 461.6 458.4 456.9 455.6 455.9 456.9 456.3 445.3 454.6 452.5 447.4 445.6 436.3 439.3 453.6 465.2 482.9 508.3 536.4 563.3 592.4 609.1 608.5 595.3 591.4 585.5 578.4 573 564 558 558.2 555.4 554.3 552 554.8 554.1 553.6 554.9 555.7 558.9 562.7 565.4 572.4 573.2 575.3 564.6 522.6 496.3 481.7 477.9 440.3 408 390 374.9 358.1 347.8 333.5 327.5 336.2 346.3 356.7 366.4 381.8 388 414.2 443.9
