UK/data/sy/sy18_OST50GRID_20230518/SY18.asc
ncols 200
nrows 200
xllcorner 310000
yllcorner 80000
cellsize 50
[rows 0 to 37 of 200, columns 84 to 167 of 200]
50.7 52.6 54.5 54.7 55.5 56.2 52.7 50 48.9 50.7 54.2 58.6 60.9 62 62.1 63.5 67.6 74.5 74.1 71 69.5 69.6 74.7 85 94.7 105.4 120.1 135.2 148.1 153.9 156.3 157.4 156.9 155.4 151.2 128.2 117.9 118.9 124.1 128.8 133.7 140 154.6 162.5 165.5 166.4 167 167.7 168.8 169.9 170.2 170.2 170 169.8 169.6 169.5 168.8 167.8 166.9 165.9 165.3 165.6 165.4 164.9 164.7 164 163.3 162.7 162.1 161.5 160.2 158.9 157.7 155.9 154.1 151.7 150.2 147.2 133.9 115 103.3 102.3 105.6 107
54.5 56.5 58.3 60.6 61.8 63.3 60.5 58.7 58.8 63.7 67.3 68.1 69 70.5 73.4 74.4 79.8 81.9 81.8 78.6 78.3 77.5 77.2 78.7 89.6 98.7 111.8 123.9 137.3 148.6 153.3 156.3 157.2 155.9 147.6 129.2 123.2 128.1 135.1 140.5 148.1 155.4 157.9 163.6 166.1 166.8 167.4 168.1 168.8 169.7 169.6 169.4 169.2 169 168.8 168.7 167.8 166.9 166 165.7 164.5 163.1 162.7 162.1 162 161.8 161.1 160.4 159.9 159.5 158.6 157.7 156 154.2 152 149 147 140.7 127.1 109.7 102.3 96.2 99.6 100.3
58.4 60.3 62.1 63.9 67.1 69 66.1 67.8 69 72.7 76.2 77.8 78.7 80.4 82.1 84.1 86.9 89.6 91.2 90 87.3 86.1 84.1 82.7 85.3 93.1 102.5 112 123.6 136.8 149.5 155.3 157 156.6 152.3 131.9 131.3 144.2 151.5 156.8 159.5 161.6 163.9 165.5 166.5 167.1 167.8 168.5 169.1 169.6 169.2 168.7 168.5 168.3 168.1 167.8 166.8 166.2 165.9 165.6 164.2 163.2 159.9 159.2 158.8 157.1 157.3 156.8 157.3 156.7 155.9 154.9 153.6 152.1 146.9 138.3 130.7 122.2 113.2 105 97.2 91.5 91.3 91.9
63.6 66.2 68.2 69.5 72.4 74.6 76.6 76.3 77.6 81.1 84.2 86.4 88 89.7 91.3 92.8 96 101 105.4 105.9 100.9 95.9 92.8 91.4 93.5 97.6 100.1 103.3 113.7 125.3 142.3 153.7 156.4 156.9 154.5 134.3 140.8 153.8 158.4 161.4 163 164.4 165 166.1 166.9 167.4 168.1 168.8 169.4 169.7 169.5 168.9 168.2 167.5 167.3 166.8 166.3 166.1 165.8 165.4 164.4 163.5 160.6 157.7 155.4 153.3 150.3 148.7 147.1 148.6 149.3 148.6 147.4 143.1 129.7 122.7 114.8 108.5 103.3 98 96 94.5 92.1 88.8
67.3 70.9 73.6 75.5 78.2 80.8 82.4 84 86.1 89.1 92.3 94.5 97.7 99.8 101.4 104.1 108.7 114.7 119.2 121 116 111.8 105.5 102.9 103.7 108.4 111.1 112.2 111 119.8 134.9 152.1 155.2 157 155.6 147.4 145.8 155.1 160.5 163.7 164.2 165.3 165.8 166.6 167.2 167.8 168.4 169.1 169.7 169.8 169.7 169.2 168.7 168 167.2 166.4 166 165.7 165.3 165.1 165.3 164.1 163 160.8 158.9 157.7 156.1 152.5 146.4 140.4 134.9 131.6 129.8 126 119.2 115.4 107.3 109 108.2 106.5 104.8 105.1 102.8 99.6
70.5 74.5 76.5 80.5 83.6 86.6 88.3 91.3 94.5 97.5 101.6 105.5 109.4 111.9 114 118 123.5 129 135.9 140 134.5 127.2 115.1 114.1 117.9 122.2 125.3 126.1 122.2 119.4 131.3 150.6 154.9 156.5 156.4 152 148.9 156.1 161 163.6 164.5 165.4 166.2 167.1 167.6 168.1 168.7 169.4 169.8 169.9 170 169.4 168.9 168.4 167.4 166.4 165.5 165.2 164.9 164.7 164.9 165.1 164.2 163.2 161.5 159.9 158.3 156.9 154.3 150.3 144.9 138.3 129.1 124.5 121.3 121.7 122.7 123.7 123.4 121.8 121.8 121.4 118.1 115.7
73.6 78.2 81.9 85.3 88.8 92.6 95.1 98.6 100.8 104.7 111.3 118.4 122.1 125.1 128.5 133.9 139.5 144.3 149 152.8 149.5 138.1 124.7 126.6 133.5 139.2 144.2 145.3 138.3 131.4 131.4 150 154.7 156.4 156.4 151.7 152.4 157.6 160.9 163.5 164.5 165.3 166.1 167 167.8 168.5 169.1 169.7 169.9 170 170.1 169.7 169.2 168.4 167.5 166.6 165.6 164.7 164.5 164.2 164.5 164.7 164.7 163.8 162.8 161.5 160 158.4 156.7 154.8 152.5 150 142.4 138.8 140.6 141.8 143.3 144.6 143.9 141.6 140.3 138.7 135.7 133.4
77 82.9 86.6 91.1 95.9 99.2 102.7 106.2 109.3 115.2 124.6 133.1 136.5 140.9 144.8 149.6 154.1 155.8 156.2 156 153.2 147.8 139.8 140.6 147.6 152.5 154 154.6 152.8 144.7 135.3 150.8 154.7 156.4 156.5 153.9 154.1 157.2 160.4 163.5 164.4 165.2 166.1 166.9 167.7 168.6 169.4 170 170 170.1 170.2 169.9 169.2 168.4 167.6 166.6 165.7 164.6 163.1 163.5 164.1 164.3 164.5 164.1 163.1 162.2 161 159.5 158 156.5 154.9 153.3 152.7 153.4 154.1 153.6 153.8 154.8 155.2 155.3 154.8 154.4 153.4 152.4
81.2 87.1 91.8 97 103.2 106.4 110.6 115.7 121.9 130.6 140.3 148.3 150.3 155.2 157 157.9 158.9 159 158.9 157.9 155.9 153.3 151.4 151.6 155.2 156.2 155.9 156.4 155.6 152.1 141.2 152.2 155.8 157 157 156.3 155.4 157.7 160.8 163.2 164.3 165.1 166 166.8 167.6 168.5 169.2 169.9 170 170.1 170.1 170.2 169.6 168.7 167.8 166.6 165.6 164.6 163.1 161.3 162.5 163.7 164.1 164 163.2 162.6 161.5 160 158.6 157.3 155.7 154.6 153.9 155.3 156.1 156.7 156.8 157 157.6 157.7 157.6 156.6 156.1 155.4
85.9 91.6 97 102.9 109.4 116.2 121.7 128.2 137 146.6 155.5 161.6 160.1 160.1 161.2 161.3 161.2 160.8 160.7 160.3 158.7 157.3 156.8 156.5 157.6 158.2 158.2 157.3 156.4 151.8 147.7 154.3 157.4 157.8 157.7 157.7 156.9 158.4 161.3 162.9 164.1 165.1 165.9 166.6 167.4 168.1 168.9 169.6 169.8 169.9 169.9 170.1 169.9 169.5 168.9 167.6 165.9 164.6 163.5 161.3 160.7 161.7 162.8 163.7 163.6 162.9 162 160.6 159.4 158.1 157 156.2 155.5 156.3 157.1 157.6 158.1 158.4 158.6 158.4 158.7 158.2 157.8 157.1
91.4 97 103.4 108.8 118.6 128.7 135.6 144.9 153.6 162.2 164 164.2 164.4 163.8 163 162.9 163.2 162.9 162.5 162.1 161.7 160.5 160.3 160.3 160.3 160.2 159.3 158.4 157 151.3 154 156.6 158.6 157.9 158 158.1 158.3 159.6 161.3 162.2 163.1 164.6 165.5 166.2 167 167.7 168.6 169.3 169.6 169.7 169.7 169.8 170.1 169.7 169.2 168.4 166.8 165.3 163.7 161.5 159.1 158.6 160.4 161.9 163 163.2 162.6 161.4 160.3 159.3 158.6 157.9 157.2 157.2 157.4 156.9 157.5 158.1 158.5 158.9 158.6 158.2 158.1 157.7
96.3 104.2 109.8 121.9 133.2 143.8 152.4 158.3 167.4 167.8 168.2 166.9 165.3 164.7 164.4 164 163.8 163.5 163.3 162.9 162.5 161.6 161.2 160.8 160.7 160.7 160.2 158.5 157.1 155 157 157.9 159.3 158.7 158 157.8 157.9 158.8 159.6 160.4 161.7 163.9 165.1 165.9 166.6 167.4 168.2 169 169.3 169.5 169.5 169.6 169.9 169.8 169.1 168.4 167.4 165.9 164.4 162.1 159.5 157.6 157.3 159.4 161.1 162 162.2 161.6 160.8 160 159.1 158.3 157.6 157.1 156.4 156.2 156.2 157.4 158.1 157.6 157.7 157.7 157.7 157.4
102.6 111.9 124 136.3 147.5 158.3 167.8 171.5 172.2 170.5 169.3 167.5 165.8 165.3 164.8 164.2 164.2 164.1 164 163.7 163.3 162.7 162.3 161.9 161.5 161.1 161 159.2 156.7 157 158.7 159.5 160 159.4 158.8 158.1 157.2 156.1 157.4 158.7 160.7 162.9 164 165.5 166.2 167.1 167.9 168.7 168.9 169.1 169.3 169.4 169.6 169.7 169.1 168.3 167.6 166.5 165.2 163.2 160.7 158.3 156.1 156.9 159.3 160.3 160.8 160.6 160.6 160.2 159.7 158.8 158 156.4 155.4 155.3 155 156.1 156.4 156.1 156.2 156.1 156.3 156.2
111.2 124 136.1 148.7 159.2 169.2 173.7 173.8 173.3 171.2 169.5 167.7 165.8 165.4 164.9 164.3 164.1 164 164 163.9 163.9 163.6 163.2 162.8 162.4 162 161.6 160.7 158.7 158.3 160.1 161 160.7 160 159.4 158.7 156.5 153 154.9 157.5 159.7 161.9 163.5 165.1 165.9 166.8 167.5 168 168.2 168.4 168.6 168.7 168.6 169.1 169.2 168.4 167.6 166.9 165.5 163.9 162.2 159.8 156.7 154.6 156.5 158.3 159 159 159.1 158.8 158.4 158.1 156.6 155 152.6 152.6 152.6 152.8 153.1 153.6 153.7 153.7 154.1 154.1
122 134.9 147.6 158.9 168 173.8 174.4 174 173.3 170.9 168.7 166.8 164.8 164.7 164.9 164.4 164.1 164 163.9 164 164.1 164.2 163.8 163.4 163 162.6 161.9 161.6 160.5 160.5 161.5 161.7 161.3 160.7 160 159.1 156.4 150.6 153.2 156.8 159.2 161.4 163.3 164.8 165.4 166.2 167 167.2 167.3 167.3 167.6 167.6 168 168.5 168.6 168.5 167.7 167.3 165.7 164.1 162.5 160.8 158.6 155.2 153.3 155.6 156.8 157 157.1 157 156.3 155.9 154.5 151.9 148.2 147.3 145.7 147.2 148.3 149.3 149.4 149.7 150.5 151
132.7 145.5 156.3 165.1 172 174.3 175 174.1 173.2 170.6 167.7 165.1 163.8 163.7 164 164.4 164 163.9 164 164.1 164.2 164.3 164.3 163.9 163.5 162.9 162.3 162 161.7 161.2 162.3 162.3 161.9 161.3 160.1 159 154.7 149.9 150.3 155.9 158.6 160.7 162.5 164.2 164.9 165.6 166.4 166.5 166.5 166.5 166.6 166.8 167.4 167.9 168 168.1 168 167.6 166 164.5 162.9 161.3 159.7 157.2 153.9 151.3 151.9 152.5 152.1 152.9 152.7 151.4 149.6 146.4 141.7 137.8 136.8 136.1 135.6 139.5 139.9 139.5 142.3 144.4
141.9 153.8 162.5 168.6 173.2 175.1 175.1 174.6 171.8 168.7 166 161.5 160.8 161 161.7 162.6 163.7 164 164.1 164.3 164.4 164.4 164.5 164.4 163.8 163.2 162.7 162.6 162.3 162.2 162.5 162.9 162.7 162 160.9 159.3 155 147.3 147.5 154.9 158.8 159.9 161.7 163.6 164.4 165.1 165.6 165.7 165.6 165.5 165.3 165.6 166.6 167.3 167.5 167.7 167.8 167.5 166.4 164.8 163.3 161.8 160.1 158.1 154.9 152.7 150.8 148.2 148.2 146 145.1 144.3 142.1 139.8 138.2 136.1 136.4 136.2 130.7 129.3 125.4 121.9 122.1 126.5
147.8 159 166.5 171 174.7 175.3 175.2 173.1 170.2 166.8 163.2 160.4 158.8 159.3 160.6 161.8 162.9 163.4 163.6 163.7 163.9 164 164.1 164.4 164.1 163.5 163.2 163.2 162.8 163.3 162.7 163.2 163.2 162.7 161.1 159.5 156 147.4 140.5 152.9 157.2 159.9 161 163 163.7 164.3 164.3 164.3 164.1 164 163.8 164.1 165.1 166.5 167.1 167.3 167.5 167.3 166.6 165.1 163.6 162.5 160.6 159.1 157.5 155.8 155.4 155.2 153.4 150.9 149.5 146.8 145.7 148.8 150.4 151 150.6 146.8 142.2 139.1 133 127.1 119.6 114.7
152.1 162.2 168.9 172.8 175.7 175.9 174.8 171.5 168.6 165.7 161.2 157 153.5 157.9 159.9 161.1 162.1 162.9 163 163.2 163.1 163 163.3 164 163.8 163.6 163.9 163.8 163.6 164.4 163.8 163.4 163.2 163 161.5 159.9 156.5 147.5 133.6 148.7 154.9 158.3 160.2 161.2 162.1 162.6 162.3 162.1 161.8 161.8 161.8 163.2 164.7 165.6 166.2 166.9 167.2 167 166.9 165.8 164.7 163.8 162.5 161.1 159.5 158.8 159.2 159 158.6 157.4 156.4 153.2 154 155.7 155.3 155.5 154.5 153.1 150.2 148.6 144.8 141 133.8 120.1
156.6 165.3 170 174.7 176 176.1 174.2 171.5 168.2 164.8 160.4 155.1 147.5 154.6 158.5 160.3 161.2 162 162.2 162.1 161.9 162 163 163.6 163.3 163.6 164 164.4 164.3 165.4 163.6 163.2 163 162.7 162 159.8 156.3 145.8 125.8 138.5 150.2 155.6 157.4 158.4 159.6 160.4 159.9 159 159.1 159.3 160.3 163.2 163.9 164.6 165.4 166.4 167.5 167.5 167 166.4 165.3 164.6 164.6 163.1 162.3 162.1 161.2 160.3 160.8 160.7 159.9 159.1 158.1 157.7 157.7 157.4 155.4 154.9 154.1 152.5 150 146.5 141.4 133.9
161.6 169.7 172 173.9 175.8 175.7 173.6 171.4 167.5 163.2 158.6 153.1 142.8 149.7 155 157.6 159.1 160.2 161 160.8 160.8 161.7 162.6 163.2 163 163.5 163.9 164.4 165.2 163.9 163.3 163 162.7 162.5 161.9 159.9 156.5 143.4 124.2 122.2 134.3 147.2 152.1 152.7 154.9 156 156.2 156.4 153.7 157.4 160.5 162.6 163.7 164.8 165.8 166.9 168 168.1 167.4 166.5 165.9 165.4 165.5 165.3 164.4 163.5 162.6 161.7 162.2 161.6 161 160.4 159.9 159.1 158.3 157.5 156.4 155.5 154.6 153.2 150.3 148.5 144.5 140.4
166.1 171 172.9 174.8 176.4 175.9 174.4 170.9 166.4 161.2 155.8 149 134.3 139.4 144.4 150.4 155.2 158.2 159.4 159.6 160.5 161.4 162.3 162.7 163 163.4 163.8 164 164.4 163.7 163.1 162.8 162.5 161.9 161.1 159.2 156 145.2 122.8 111.3 116.7 126.3 133 135.9 139.4 143.1 144.8 148.9 155.5 158.7 160.6 162.5 163.6 164.7 165.8 167 168 168.1 168.2 168.2 167.4 166.8 166.8 166 165.7 164.8 163.9 163 163.1 162.3 161.8 160.8 159.9 159.1 158.3 156.9 155.6 154.6 153.9 152.8 150.5 148.5 146.7 143.8
170.5 173.1 174.3 176 176.9 175.5 173.3 170.3 164.9 158.8 148.1 137.3 126.4 129 136.7 144.2 151.2 154.9 156.8 159.4 160.1 161.1 162 162.4 162.9 163.1 163.3 163.7 163.5 163.4 162.9 162.6 161.9 161.1 160.4 158.1 155 148.7 123.1 108.8 106.8 113 117.2 120.5 134.2 145.8 153.1 157.6 159.4 160.4 161.1 162.5 163.6 164.7 166 167.4 168 168.1 168.3 168.4 168.4 168.4 167.6 166.7 166.3 165.9 165.2 164.3 163.9 163.1 162.1 160.9 159.9 159.1 158 156.1 154.3 153.3 152.4 150.9 149.3 148.1 145.9 144.4
173 174.6 175.9 176.5 177 174.8 171.5 167.3 161.6 152 136.9 124.8 122.6 136.3 149.2 152.6 153.1 153.5 156.6 158.7 160.5 161.2 161.9 162.5 162.9 163.3 163.6 163.4 162.8 162.6 162.5 161.8 161 160.3 159.3 156.3 153.1 145.8 121.2 105.2 99 105.1 112 133.1 148.5 156.2 158.9 160.2 161.4 162 162.5 163.6 164.5 165.3 166.3 167.7 168 168.1 168.2 168.4 168.5 168.5 167.8 167.2 166.8 166.5 166.2 165.7 164.5 163.3 162.1 160.9 159.8 159.1 157.2 155.3 153.5 151 149.4 147.5 145.9 144.5 143.5 141.6
173.4 175.1 176.3 175.6 174.5 172.3 169.6 164.4 155.8 140 124.5 114.2 123.2 141.4 154.5 156.5 156.1 155.9 157.7 159.5 161.2 161.7 162.5 163 163.4 163.4 163.2 163 162.4 161.8 161.7 160.6 159.8 158.8 157.1 155.1 151.3 138.2 116.9 99.9 93 105.8 122.6 143.1 155.2 158 159.4 160.7 161.6 161.5 162.5 163.5 164.6 165.6 166.7 167.8 167.9 168.1 168.2 168.4 168.5 168.5 167.9 167.3 166.6 166.1 165.9 165.1 164.1 163.1 161.7 161 159.8 158.3 156.8 155.3 153.1 149.7 147 145.7 143.2 140.3 137.4 134.4
173.7 175 175.4 175.1 173.5 171.4 166.7 159.8 147.1 129.9 114 110.6 124.8 142.7 155.7 157.7 158.3 158.4 159.4 160.6 161.9 162.4 163 163.5 163.3 163 162.8 162.6 162 161.2 160.9 158.9 157.9 156 154.4 151.6 140.2 128.8 107 92.5 89.8 105.7 124.5 140.6 154.7 158.5 159.9 160.7 161.1 161.6 162.6 163.5 164.6 165.3 166.5 167.8 167.9 168.1 168.2 168.4 168.5 168.3 167.8 167.3 166.7 166 165.5 164.6 163.9 163 161.6 160.2 159.5 158.6 157.1 155.7 152.5 150.5 150 149.2 148 146.2 143.9 141.9
174.7 174.4 174.2 173.7 171.5 168.9 161.6 150.6 137.6 119.9 105.4 107.5 123.1 141.7 155.8 157.7 158.8 159.5 160.7 161.8 162.4 162.7 163 162.9 162.9 162.6 162.4 162.2 161.7 160.8 160.1 158 155.2 153 147.6 140.3 133.5 115.2 99.7 87.8 87.3 102.4 116.2 132.3 148.3 157.1 159.7 160.7 161 161.7 162.6 163.6 164.5 165.4 165.9 166.9 168 168.1 168.2 168.4 168.3 168.1 167.6 167 166.3 165.6 164.9 164.4 163.7 162.8 161.5 160.1 159.2 158.9 157.5 155.3 153.2 152.8 152 151 149.8 148.6 147.4 146.3
173.7 173.6 173.4 171.9 169.8 165.5 155.5 142.3 127.6 111.4 97.6 102.4 119.8 140.2 155 157 158.8 159.8 160.7 161.7 162.1 162.3 163.3 162.7 161.8 161.9 162 161.8 161.3 160.4 159.7 158.3 156 154.2 152.4 148.7 133.7 111.2 95.1 84.2 81.6 94.7 106.8 119.5 135.2 151.1 158.1 160.3 160.9 161.8 162.7 163.6 164.6 165.4 166.2 166.9 167.6 168.3 168.3 168 167.5 167.7 167 166.3 165.6 164.9 164.3 163.7 163.4 162.7 161.4 160.7 159.8 158.9 157.9 156 155.3 154.2 153.2 152.2 151 149.7 148.5 147.2
172.9 172.9 172.7 170.8 166.7 159.4 147.2 133.9 118.2 104.1 94.9 98.6 115.2 135.6 152.4 155.2 158.5 159.5 160.5 161.4 162 162.1 163.3 162.7 161.7 160.7 160.8 161 160.8 159.9 159 159.2 158.7 157.2 156.2 152.1 137.2 120 97.5 84 75.5 85.9 97 106.4 120.2 136.2 151.1 158.3 160.7 161.7 162.5 163.4 164.2 165.1 165.8 166.5 167.2 167.9 167.7 167.2 166.3 166.6 166.4 165.7 164.9 164.3 163.6 163 162.5 162.2 161.8 161.2 160.3 159.3 158.4 157.3 156.3 155.3 154.3 153.3 152 150.8 149.5 148.3
172.4 172.4 171.8 168.5 162.5 150.8 137.5 122.5 108.1 98.4 89.6 94.4 111.2 131.2 149.1 155.5 158.1 159.2 160.2 161.2 161.9 162.6 162.5 162.3 162 160.8 159.6 159.8 159.6 158.7 158.9 159.1 159.2 158.7 157.7 155.6 145.1 123.3 102.1 85.1 73 77.5 89.2 97 107.6 121.5 137.8 153.9 159.1 161 161.9 162.8 163.6 164.5 165.2 165.9 166.7 167.4 167.1 166.4 165.2 164.9 165.1 164.4 163.6 162.9 162.5 162.2 161.7 161.4 161.2 160.7 160.1 158.9 157.4 156.7 156.1 155.1 154.1 153.1 152.1 151 149.8 148.5
171.8 171.3 170.4 166 155.4 141.9 128 113.6 103.3 92.7 84.1 93 108.2 129.2 148.4 155.2 157.8 158.8 159.9 160.9 161.7 161.8 161.7 161.5 161.3 161.2 159.1 158.6 158.5 158.7 158.9 159.1 159.2 159.1 158.8 156.6 145.9 127.4 105.9 87.1 74.1 69.2 79.5 88.9 98.2 110.1 125.2 142.3 156.8 160 161.3 162.2 163 163.8 164.6 165.3 166.1 166.9 166.5 165.5 164.4 163.3 163.4 162.9 162.2 161.4 160.7 160.3 159.8 159.9 160 159.7 159.4 157.7 156.4 155.6 155 154.5 153.8 152.8 151.8 150.8 149.8 148.8
171.2 170.4 168.1 160.1 146.8 132.4 117.7 105 97.5 87.9 80.7 91.2 108.9 131 150.6 155.5 157.5 158.5 159.6 160.7 161.6 161.4 161.3 161.2 161.1 160.6 158.1 156.5 157.7 158.5 158.9 159.1 159 158.7 158.4 157.4 146.9 133.3 111.4 91.1 76 65.5 71.5 81.7 90.6 100.1 113.6 132 150.7 158.4 160.2 161.3 162.1 162.6 164 164.8 165.6 166.3 165.6 164.6 163.5 162.5 161.5 161.4 160.7 159.9 158.8 158.1 157.7 157.7 157.7 157.1 156.7 156.5 155.3 154.6 153.9 153.3 152.8 152 151.2 150.2 149.2 148.2
170.3 169.4 165.6 153.3 139.7 122.8 109 99.6 92.4 83.3 77.5 88.9 104.4 126.6 149.6 155.9 157.4 158.3 159.7 161.1 161.6 161.2 161.1 161 160.9 160.1 157.6 154 154.9 156.7 157.9 158.2 158.4 158 157.9 157 155.7 137.7 119.1 92.7 76.4 65.2 67.2 74.4 83.2 90.9 103.5 120.8 139.8 154.5 158.8 159.6 159.9 161.3 163.4 164.2 165 165.7 164.7 163.6 162.6 161.5 160.5 159.9 159.2 157.9 156.1 154.8 154.9 155 154.7 154.3 154.2 154.2 154 153.5 152.9 152.2 151.3 150.3 150.1 149.3 148.3 146.9
169.3 167.9 161.4 147.6 133.1 116.5 103.3 95.5 87.7 78.2 75.8 85.7 99.6 117.3 138.5 153.2 156.6 158.5 160.1 161.3 161.6 161 160.9 160.8 160.4 159.6 157.4 152.9 149.9 154.2 155.9 156.8 157.7 157.3 157.4 156.6 155.6 141.3 129.7 95.8 76.7 64.4 59.9 68 76.5 84.9 96.6 108.8 124.1 140.9 154.4 156.3 157.8 160 162.2 163.5 164.1 164.8 164.4 163.2 162.1 160.9 159.7 158.6 157.1 155.2 153.4 151.7 151.5 151 151.2 151.5 150.6 150.5 150.9 150.5 150.1 149.1 148.6 148.6 148.4 148.2 147 145.6
168.1 164.3 152.9 138.7 125.1 109.1 99 91.2 83.3 74.6 71.7 82.5 93 108.9 125.6 143.4 155.2 157.7 160.4 161.3 161.5 161 160.7 160.6 159.8 159 156.8 153.5 145 147.2 153.8 155.2 156.3 156.7 156.8 156.4 152.8 149 123.7 94.3 77.8 65 52.9 60.3 69.4 77.8 88.2 98.1 108.2 119.8 133.3 145.2 156 159.9 161.9 163 163.2 163.9 164.1 162.9 161.7 160.6 159.6 158.9 158 156.9 155.7 153.7 152.1 148.8 147 144.5 144.1 143.6 145.8 146.1 144.8 143.7 144.3 144.8 144.5 142 141.4 141.2
166.4 158.3 145.3 132 116.9 103.3 94.8 86.8 78.9 71.1 68.1 79 87.8 100.2 118.2 138.1 153.9 157.1 159.7 160.4 160.8 161 160.5 160.1 159.3 158.3 156.6 153.8 147.6 134.4 146.2 153.5 155.1 155.3 155.7 156.9 150.4 139.2 134.8 105.2 81.6 67.1 53.4 52.3 61.7 70 79 90 96.9 103 117.3 134.8 152.8 159.4 161.5 162.6 163 163.1 163.6 162.6 161.6 160.8 160 159.5 158.6 157.5 156.4 155.7 154.7 152.8 150.2 145.4 140.3 132.8 131.6 132.6 129.4 130.1 131.1 130 125.5 108.7 102.1 107.1
166 161.3 145 127.4 110.3 99 88.9 81.7 73.8 65.5 67.3 76.7 85.8 97.2 116.8 138.5 153.8 157.2 159.2 159.8 159.9 160.1 160.2 159.5 158.2 157.1 155.6 153.2 146.5 126.8 134.7 145.3 148.4 151.5 154.4 155.7 144 144.8 133 108.6 87.1 68.5 54.1 42.6 54.6 62.1 70.2 77.8 84.9 98.1 112.6 132.3 152.9 158.8 161.1 162.1 162.7 163 163.1 162.8 162 161.2 160.6 160 159.2 158.2 157.7 156.9 155.8 154.6 152.8 151.3 148.9 147.2 140.2 131.3 122.3 108.9 106.4 97.6 90.8 87.3 83.7 86
166.6 162.8 148 126.4 107.5 97.5 87.3 76.7 67.7 62.2 67.1 75.1 83.7 96.9 116.5 138 154.2 158.4 159.5 159.8 160 160.1 160.2 159.3 158.1 156.8 153.2 148.2 135 116.9 116.3 130.1 135.8 137.2 141.1 141.6 140 134.8 133.4 114.4 87.6 66.6 53.1 36 48.3 55.8 62.8 71.3 83.5 95 111.6 133.4 152.6 159.2 160.9 162.7 163.2 162.5 163.2 163 161.9 161.7 161.1 160.6 160.4 159.2 159.1 158.1 156.9 153.1 155.9 151.9 145 140.6 146.6 107.5 95.2 91.2 77.7 78.5 72.6 64.3 60.9 59.5
