UK/data/sd/sd73_OST50GRID_20230518/SD73.asc
ncols 200
nrows 200
xllcorner 370000
yllcorner 430000
cellsize 50
[rows 72 to 107 of 200, columns 0 to 80 of 200]
65.2 66 65.3 63.8 63.6 63.2 60.8 59.6 59.3 57.8 57.1 56.5 56.7 57.4 56.8 55.6 55.5 55.5 55.7 55.7 55.1 55.3 55.9 56.9 57.7 40.5 40.4 41 41.4 40.6 39.6 39.6 39.8 40.3 40.9 42.9 43.4 43.5 43.7 38.9 40 41.1 41.7 41.2 41.3 41.4 41.5 42.3 38.7 38.8 38.8 44 45.2 44.3 44.2 43.9 43.7 44.1 46.9 47.3 47.4 47.3 47.4 48.6 49.5 51.4 49.7 48.6 52.6 53.6 54.5 54.8 55.2 56.5 58.4 60.6 66 69.4 71.6 79.3 80.9
66.2 66.2 65.8 64.1 61.8 59.9 59.5 58 58 56.7 55.9 55.2 56.3 56.6 55.9 55 54.6 54.8 55.6 55.3 55.3 56.3 57.2 49.5 43.3 39.7 40 39.9 40.5 41.8 39.9 40.4 40.2 41.2 41.6 43.3 43.1 43.9 43.8 39 40.5 41.3 41.2 41.6 43.4 43.3 44.3 38.7 42.3 46.2 42.5 39 42.6 44.8 46.9 45.3 44.3 43.3 46.6 46.3 46.7 47.3 46.5 47.3 47.5 47.5 48 48.3 52.1 53.1 53.9 54.1 55.3 56.9 58.9 61 60.9 63.9 69.6 78.3 79.5
66.8 66.3 65.8 63.3 58.7 58.9 58.6 56.8 56.5 55.9 54.8 54.6 55.3 55.6 54.9 54.2 53.8 54.1 54.4 54.6 54.9 55.7 56 41.4 41.5 39.7 40.7 40.9 40.8 40.4 39.4 39.3 39.6 39.9 41.3 42.2 43.4 43.6 44.2 42.6 38 40.8 40.9 41.9 44.3 43.8 40.2 41.8 43.5 41.9 42.3 42.3 39.2 42.7 45 45.2 43.2 43.6 44.4 45.7 46.1 47.1 47.4 46.6 47.5 47.6 47.6 47.6 47.3 48.5 53.7 54 55.1 56.9 59.1 63 67.5 66.8 65.6 72.6 78.1
66.7 66.6 64.6 61.9 58.8 58.3 57.6 56.4 56.2 55.4 54.8 53.7 53.7 53.9 53.9 53.2 52.7 53.1 53.3 53.7 53.9 54.3 55 41.4 41.7 40.8 40.6 41.2 41.8 41.9 41 42.2 41.4 41.7 40.8 40.4 40.4 41.8 42.6 43.2 43.4 38.2 40.6 43.6 43.9 38.7 41.9 43.5 42.5 42.3 42.1 42.4 42.9 41.1 42.7 42.8 43.5 42.7 43.5 44.4 46.3 47.2 47.4 47.5 47.7 47.5 46.6 47.3 46.3 47.3 52.7 52.8 54.2 56 59.1 65 70.6 75.6 74.3 74.5 76.5
65.2 65.4 63.9 61.6 58.7 58.2 57.4 55.7 54.6 54.3 53.7 54.2 53.1 50.8 53 52.4 52.4 51.9 52.2 52.9 53.1 53.5 53.5 48.9 41.5 41.3 40.2 41.7 41.8 43.5 41.7 41.8 42 42.2 42.2 42.2 42.2 42 40.4 41.7 42.4 41.5 38.5 38.7 42.3 41.9 42.5 43.2 42.3 42.9 42.7 42.7 43 43.3 41.2 43.2 43 42.3 43.3 43.4 44.8 46.4 47.3 47.1 47.5 47.5 45.9 46.5 46.3 46.2 47.3 47.1 49.5 54.1 58.9 65 71.5 78.3 80.3 78.2 77
64.1 63.9 63 61.4 58.3 57.8 57 55.9 54.7 53.8 53.6 52.9 52.3 48.4 52 51.9 51.5 50.5 49.2 51.9 52.1 51.4 52.3 53 50.5 49.1 41.5 40.8 41 42.8 41.7 41.6 41.8 42.1 42.3 42.9 43.3 44.7 45.7 46.4 41.3 41.6 41.9 42.4 43.2 44.1 43.1 42.3 42.8 43.5 42.8 43.1 43.4 43.5 43.7 39.6 42.9 43.4 42.4 43.6 44.6 45.3 45.4 45.8 46.6 46 45.3 46 46.3 47.2 47.2 47.6 48.5 51.1 60.5 65.9 70.9 75.8 81 81.4 78.2
64.7 63.7 61.9 61 59.4 56.9 55.8 54.9 54.4 53.4 53.8 53.3 52.7 51.8 48.1 45.5 46.1 47 45.7 49.8 48.4 47.3 48.4 48.3 50.6 51.9 47.9 45.5 44.1 40.8 42.1 41.6 42.3 43.5 44.2 44.7 45.3 46 47.5 49.1 49.4 44.7 44.9 45 45.9 43.1 43.6 43 43.1 43 43 43.8 43.6 43.6 43.7 43.5 39.7 43.1 43.6 43.7 44.2 44.9 45.5 45 44.8 45.6 45.2 45.1 45.8 45.7 45.7 45.8 47.6 53.8 59.2 63.9 74.9 82 84 83.9 80.1
64 63.3 62.1 60 58.4 57.3 55.4 55.3 54.5 53.8 53.7 52.8 51.9 50.5 46.7 47.3 47 44.5 45.4 45 44.9 47.4 44.3 43.2 45.6 48.2 50.9 51.8 50.8 42.2 42.3 42.4 45.8 49.7 49.9 49.1 45.9 46.5 48.4 50.1 50.6 47.9 49.2 49.2 47.8 45.3 43.6 43.8 43 42.9 43.1 44.4 43.6 43.8 43.5 43.8 43.4 43.9 39.9 39.9 43.5 44.3 44.4 45.1 44.5 44.7 44.4 45.2 45.4 45.4 45.5 45.7 47 53.2 55.8 62.4 66.9 69.3 73.5 84.1 83.6
62.9 62.3 60.7 59.3 57.8 56.3 55.2 55.1 55 54.1 53.5 52.7 48.5 47.7 47.8 50.6 50.5 49.9 49.9 48.2 45.4 43.5 47.1 48.6 43.5 43.7 44.7 46 46.5 42.2 43 45.1 49.6 51.1 50.1 49 45.8 48.4 49.9 51 49.3 48.5 51.5 50.9 51.6 50.8 46.4 45 45.4 45.1 44.9 45.9 45.2 44.3 43.2 43.4 43.3 44 44.6 44.7 44.9 40.1 40.1 43.5 44.2 44.8 44.8 44.9 45.7 45.7 46.1 46.6 47.6 50.5 54.8 56 54.1 55 59.2 69.2 80.1
61.9 61 60.1 59 57.2 56.9 56 54.8 54.2 53.7 52.8 50.2 48.1 52 51.9 51.9 51.2 51.2 50.8 47.5 45.8 50.3 49.9 49.8 49.3 46.2 43 44.9 45.3 42.7 47 48.3 48.4 47.9 48.7 47.6 46.7 56.6 51 49.8 49.3 50.9 51.6 53 54 53.9 52.7 51.2 48.5 46.9 47 47.9 47.3 55.1 49 46.8 46.7 45.8 44.9 45 45.3 46.5 45.2 43.7 40.5 41.5 44.8 44.7 44.9 43.4 43.4 43.4 43.4 43.4 43.4 43.4 43.4 43.4 43.4 56.9 63.7
61.6 60.4 60 58.5 57.5 56.9 56.1 55.2 54.9 54.1 49.8 49.3 52.9 53 52.9 53 52.6 51.9 49.6 44.7 49.9 51.3 51.4 50.9 50.6 49.2 50.3 49.5 46.6 48 47.4 47.7 46.4 45.1 47.2 46.3 48.3 53.8 51.5 49.1 51 51.7 52.8 54.4 56 55.9 55.6 55.6 55.6 50.2 48.9 50.4 55.6 63.6 53.1 53.9 53.5 53.4 53.1 52.3 56.7 57.3 55.9 53 50.1 48.6 40.5 42 41.4 43.7 44.2 44.3 44.1 44 45.3 45 45.7 45.9 43.4 45.4 55.3
60.7 60.4 59.4 59.7 58.3 57.2 56.4 55.4 54.7 51.9 49.3 53.3 54.7 54.3 54 53.8 53.4 52.7 49 48.5 52 52.2 52.2 52.1 50.5 51.4 51.3 49.5 50.2 49.7 48.7 48.6 49.1 47.3 48 49.2 52.5 51.7 52 49.5 52.1 53.2 54.5 55.6 57 57.7 57.9 58.2 58 55.2 50.7 55.2 60 57.6 56.4 57.7 58.6 58.7 60.4 61.9 65 67.7 67.8 66.4 65.9 62.4 55.5 46.1 43.9 44.3 44.3 45.3 45.5 45.6 45.5 45 45.2 45.9 46.1 44.7 45.3
60.3 60.3 60.2 59.4 58.4 58 56.9 55.7 52.9 49.6 53.4 54.7 55.7 55.3 54.9 54.4 53.8 52.8 48.5 48.8 52.9 52.9 53.1 53 53.1 52.5 51.8 48.8 51.2 51 49 51.1 50.7 48.6 53.4 51.7 51.2 51.9 54.3 52.2 52.6 53.1 52.7 55.7 57 58 59.3 59.5 59.5 58.7 57.6 58.9 64 58.9 60.9 63.1 65.4 66.6 69.3 71.7 74.2 78.6 80.2 79.6 75.2 72.1 66.2 64 61 54.9 47.4 45.3 45.5 45.8 45.7 46.2 46.1 46 46.1 43.4 45.8
60.6 60.6 60 59.5 59.3 58.7 57.5 55.2 51.4 54 54.7 55.7 56.3 56.2 55.5 53.4 52.4 52.3 51.4 49.5 53.6 53.4 53.9 55.1 55.8 54 52.5 51.5 52 50.8 51.7 52 51.3 55.2 51.5 50.3 51.9 52.7 54.3 53.2 53.4 53.8 54.3 54.4 55.4 57.6 59.2 60.9 60.6 61.2 60.4 62.3 64 68.5 69 70.7 68.8 73.5 77.2 84.1 89.6 92.8 96.2 97.3 94.8 95.2 90.1 80.7 75.4 71.2 65.2 52.9 47.1 46.8 46.2 46.4 46.8 46.6 46.4 43.4 46.3
60.9 60.6 60.1 59.8 59.7 58.4 57.4 53.6 53.5 54.8 56 56.7 56.6 56.3 55.9 55.2 55 54.3 53.7 49.1 54.5 54.6 55.9 57.2 57.2 55.4 53.5 53 53 52.9 52.5 56.4 52.5 50.2 51.5 51.4 52.1 54.8 54.2 54.3 54.2 54.4 54.6 56.2 57.7 59.6 60 60.9 62.9 63 64.1 69.2 71.4 71.4 74.4 75.1 78.8 83 90 94.7 99.7 105.7 108 111.4 111.8 109.2 103.5 93.7 92.4 91 80 64 52.4 49.9 48.9 46.8 47.2 47.2 46.5 43.4 46.5
60.9 60.6 60.6 60.2 59.4 58.3 54.6 51.9 53.5 56 56.9 57.2 57.3 56.7 56.8 56.3 55.9 56.1 54.9 49.5 54.8 56 57.2 57.7 56.9 56.4 55.7 54.6 54.7 54.1 58.2 53.9 53.1 51.8 52.5 53 53.4 53.5 55.5 55.3 55.6 55.4 55.5 56.7 58.8 60.5 62.4 61.1 64.6 64.6 68.9 73.3 76 76.8 79.2 82.3 88.8 93.7 100.9 107 112.3 115.8 123.8 127.7 126 119.7 112.6 107.9 103.8 96.8 81.9 67.9 60.9 56.3 51.7 50.3 48.3 48.6 46.8 46.3 44.5
60.7 61.1 60.8 60.3 59.3 57.8 52.5 55.4 56.7 57.3 57.6 57.8 57.9 57.5 57.7 57.1 56.8 57.2 53.3 52.1 56.2 56.8 58 58.4 58.3 58.1 57.1 56.2 56.1 59.2 56.6 55.3 53.8 52.6 54.2 54.7 56.1 57.3 58.1 57 57.5 56.4 56.4 58.2 61 63.2 65.9 65.9 66.1 67.6 69 74.2 78.5 81.8 86.1 91.2 96.5 105.6 112.3 117 124.3 132 136 137.7 133.3 127.7 121.9 116.3 111.7 108.1 95.9 78.3 70.8 66.9 57.8 50.4 49.2 48.2 46.4 46.7 46.3
61.5 61.2 60.6 60.1 59.6 57.7 54.4 54.7 57.4 58.2 58.6 59 58.9 59.4 59.1 58.9 58.7 57.4 56.2 56.8 57.1 57.4 58.7 59.4 60 59.6 59 58 60.1 57.7 57.5 57.1 55.1 55.1 55.7 56.9 58.2 58.5 59.7 58.6 58 57.7 59.4 61 64.2 67.1 68.6 68.8 68.6 70.3 72 76.5 81.1 86.2 91.8 98.3 106.8 114.5 121.1 128 135.8 142.1 146.2 148.3 142.6 135.4 129.4 131.4 130.1 120.8 100.2 91.8 85.2 80.2 59.8 51.9 58.9 68 50 46.9 46.7
61.4 61.2 60.7 60.5 59.4 57.1 52 57.2 58.2 58.9 58.8 59.9 60.4 60.8 60.5 60.1 58.9 57.8 58.1 58.9 55.7 58.6 59.6 60.5 62.3 62.1 61 61.4 59.3 59.5 59.8 59.6 58.2 58.7 60 62.2 64 62.4 62.3 62.7 61.8 60.6 61.6 65.3 67 69.9 71.6 70.1 71.9 74.2 76.5 80.3 85.4 92.9 98 107.6 115 123.1 130.2 138.7 145.8 151.5 158.9 159.6 155.3 150 146.5 142.6 133.2 120.5 108.7 99.9 95.3 83 55.5 55.1 65.8 67.8 51.8 46.7 46.8
61.2 61 60.6 60 58.1 54 56.8 57.4 58.7 59.6 60.7 61.2 61.7 62.2 61.6 61.1 60.2 56 60.8 62.1 58.2 59.6 61.2 63 64.7 64.2 62.4 62 61.6 62 63.1 62.1 63.1 64.2 67 68.3 67.1 65.2 65.5 66.2 65.9 64.7 64.6 67.8 71.1 72.4 71.1 74.3 75.8 77.1 82 86.4 91.7 98.4 106.2 114.7 123.6 131.9 140.4 148.2 154.4 161 165.5 174.4 180.1 166.4 150 139.9 131.5 119.6 109.3 102.4 91.7 71.3 57.3 54.9 57 55.3 51.9 47.4 47.1
61.2 61.3 60.4 59.3 56.7 57.2 59.4 59.6 57.4 60.5 61.4 62.2 62.6 63.6 62.8 62.1 61.1 55.8 62.4 63.3 57.2 61.2 63.2 65.3 67.1 63.4 65.7 65.5 65.1 65.7 66.1 64.5 67 69 71.9 71 67.7 67.5 70.5 72.1 70.8 68.7 69.7 71.7 73.9 71.6 77 78 80.1 82.3 88.1 92.3 98.4 100.5 113.1 122.4 133.1 139.7 146.2 154.8 162.2 168.5 178.4 183.9 176.4 160.9 149.1 139.7 129.6 119 108.2 97.7 84.5 70.5 66.6 53.9 52.9 52 51 52 47.3
60.5 60.1 58.9 55.5 55.1 58.6 60.3 60.5 60 61.5 62.4 63.3 64.4 64.7 64.1 63.4 61.2 59.3 63 62.2 58 61.7 64.8 67.1 65.9 69.3 69.2 69 68.4 68.2 68.9 66.7 70.5 72.4 73.4 71.6 66.7 71.4 74.5 76.2 74 72.3 74.5 75.7 75.5 78.2 80 82.5 85 89.8 94.5 102 107.8 112.1 120.5 123.4 140.3 146 152.7 161.5 170.8 183.6 184.6 176.2 163.9 154.8 147.7 141.1 132 116.5 105.4 99.5 93.7 82.6 81.6 70.5 56.8 51.5 53.3 48.6 47.4
59.8 56.3 55.7 58 57.5 59.9 61.2 61.6 61.5 62.7 63.4 64.7 66.3 66.4 65.5 64 60.8 59.9 63.8 64.2 62.8 59.2 64 67.7 69.5 69.3 72.4 71.2 70.8 71 70.4 70.7 70.9 72.5 72.6 71.1 70.1 73.7 77.1 77.6 76.2 77.1 77.5 78.9 80.7 82.5 84.3 88.1 91 97.6 104.5 111.4 117 122.4 132.8 139.6 141.2 152.5 157.5 166.4 182.3 183.1 177.5 170.6 159.3 154.7 152.8 141.7 129.2 117.1 108.5 103.1 94.6 89.8 90.8 85.5 83.3 72.9 55.2 48.7 48
61.8 60.7 58.3 59.5 59.9 61.2 62.3 63.2 63.8 63.5 64.5 66.5 67.9 68.1 67 64.7 59.5 63.3 64.8 65.6 66.2 64.9 62.8 67.9 70.4 72.8 73.6 73.5 73 72.6 72 72 71.1 71.9 72.7 72.6 70.9 75 78 78 79 74.7 81 83 85.3 87.2 89.4 94.4 99.3 107 114 120.3 126.1 133.8 141 149.2 153.7 157.9 163.9 171.4 178 179 175.8 166.7 161.6 153.8 145.8 136.8 127.2 120 111.9 105.9 102.2 101.5 97.3 94.4 90.3 77.4 59.3 48.8 48.6
62.9 61.1 57.1 59.8 60.4 61.8 63.7 64.8 65.8 65.8 68 68.2 68.7 69.4 68.1 65.3 61.8 65.6 67.8 71 71.1 68.8 67.2 65.2 70.6 72.9 74.1 74.3 74.2 73.8 72.7 73.9 73 73.8 76.4 75.2 72.9 75.1 77.8 79.6 77.6 82.5 84.1 86.9 90.1 93.3 95.6 101.9 111.4 116.5 125.7 132.1 136.4 143.3 152 156.7 159 162.3 166.5 169.5 177.7 181.7 171 165 160.4 157.5 147.9 131.6 123.9 119.4 114 111.2 109.1 106 100.9 97.1 91.6 81.3 58.4 48.7 48.8
62.2 59.2 59.6 61.9 62.6 60.8 64.9 66.3 67.1 67.1 67.3 68.5 68.4 69.7 68.9 66.4 62.1 67.1 71.5 75 73 71.9 70.6 68 67.3 70.2 73.6 74.2 75.5 75.7 75.2 75.2 75.7 77.9 78.7 75.9 75.3 76.6 78.9 81.1 83.5 85.6 88.7 91 95.1 98.2 106.5 112.2 119 129.5 134.9 140.7 146.5 159.1 162.6 165.2 165.5 167 164.4 170.9 180.6 177.8 167.5 165.7 170.2 164.4 151 132 124.9 120.4 117.1 115.2 113.3 110.8 105 98.8 93 83.4 55.4 49.4 46.2
61.1 61.2 60.3 62.9 63.4 63.9 65.8 66.6 66.9 66.7 67.9 68.2 69.7 70.8 69.6 68.3 62.7 68.6 73.6 73.1 76.2 75.9 74.2 72.6 70.8 67.6 71.9 74.7 76.4 77.2 77.2 77.5 79 79.8 77.9 78 79.4 78 82.4 83 87.5 90.2 93.6 96.4 102.5 109.8 115.8 121.7 130.3 136.9 145.1 152.3 163.6 168.7 171.4 171.3 169.6 168 168.4 177 176.2 170.8 169.7 175.6 163.6 153.3 141.9 131.8 124.3 120.4 117.7 116.4 115.7 113.7 107.6 101.2 92.8 67.6 49.4 46.7 51.3
62.1 64.1 63.4 64.1 64.7 64.4 65.2 64.6 66.4 66.7 67.6 68.7 71.2 73.4 72.4 70.5 66.6 71.6 75.9 78.9 79.5 78.5 77.8 76.6 75.6 74.5 70.3 73.8 76.1 78 79.7 79.4 80.2 80.7 81.5 81.3 82.2 84 86.8 88.9 91.1 94.8 97.9 105 112.1 118.4 124.9 131.3 135.5 145 156.6 170.8 175.8 175.8 175.9 173 171.9 168.7 171.2 175.2 172.2 168.5 172.4 162.3 154.3 144.9 137.1 129.2 124 118.7 114.2 114.5 114.8 113.7 106.3 92.8 66.3 46.7 49.5 51 52.3
64.7 65.4 65.2 62.8 64.2 65.4 65.6 66 66.7 67.5 68.4 70.4 73.3 75.5 74.1 75.8 76 70.6 74.7 78.3 79.9 79.8 80.3 79.7 78.8 76.6 74.6 72.8 76.6 79.1 80.5 81.6 82.7 81.3 80.5 83.6 86.3 89 91.5 94.3 96.8 102.9 108.2 114.1 120.4 128.1 136.2 141.3 148.5 159 171.4 176 178.1 177 174.5 173.7 171.5 169 171.7 173.4 173.8 176.2 162.6 154.6 147.6 139.6 132.5 127.2 123.2 118.5 110.9 108.6 108.3 109.2 101.3 71.6 48.3 50.1 50.8 51.5 53.8
65.5 65.6 66.1 66.4 64.3 65.4 66.9 68.3 67.4 69 70.3 71.7 75.2 76.3 79.4 72.5 78.2 70.1 73.9 78.1 79.6 80.2 80.6 80.7 80.2 78.7 77.5 77.1 78.7 79.9 82.1 83.1 80.4 84.1 86.1 88.3 90.4 93.3 97.1 101.1 105.6 111.1 116.7 122.4 130.8 141.4 151.2 158.4 166.2 175.2 177.6 177.9 178.1 175.2 174.7 173.2 171.8 171.9 172.6 175.5 181.2 176.4 162.2 149.8 142.5 133.9 126.6 122.5 122.9 119.5 112.1 104.6 100.9 102.3 91.6 55.1 51.4 51.7 53.2 54.8 55
68.1 68.1 65.1 68.1 65.7 65.7 68.3 70.4 69.9 70.3 70.8 72.7 76 76.3 81.1 73.8 72.3 70.8 71.4 74.6 77.9 79.6 81.2 81.4 81.5 81 80.5 81 82.6 83.8 83.1 84.3 87.1 88.4 89.6 92.3 94.4 97.3 103.2 108.2 113.9 119.5 126.1 134.9 146.3 155.8 164.5 171.1 174.7 179.6 180.8 180.4 178.1 177.9 177.6 180.4 175.2 174 176.1 181.3 180.9 173.8 162.8 149.1 138.2 129.2 118.1 109.5 112.2 116.4 113.4 106.6 97.8 94.4 83.8 50.3 52.3 53.8 55.9 55.5 56.4
70.1 70.2 68.1 69.5 69.1 69.1 70 73 72.8 72.7 73 73.5 74.5 76.1 79.2 78 77.3 76.7 75.4 75.3 75.2 78.1 80.4 81.9 83 83.9 84.9 85.5 87 84.7 87.8 89.9 90.5 92.4 93.8 97.1 100.3 105.1 108.3 114 119.2 126.5 136 147.9 158.3 166 172.6 177.5 180.1 181.7 181.6 181.2 183.4 181.9 182.8 179.4 174.3 173.3 177.2 179.8 174.1 171 164.5 150.2 137.7 127.4 116.6 106.3 101.1 103.3 113.9 108.2 99.9 89.8 76.4 51.5 52.9 54.4 56.3 57.2 58.9
72.5 72.3 71.7 70.9 71.7 73.1 74.6 75.5 75.8 75.7 75.7 77.1 77.8 78.2 78.5 77.7 76.4 74.2 74 74.8 74.8 78.7 80.7 83.3 85.6 87 88.6 85 90.4 91.4 91.9 94 95 96 97.6 101.9 106.2 111.2 115.1 120.9 129.7 137.9 150 161.9 171.4 174.5 177.7 182.1 183.6 184.3 186.8 188.7 189.4 188.7 179.6 175.5 170.6 170.1 176.9 174.4 171.8 169.6 165.6 149.7 134.9 124.5 115.9 105.4 97.3 94.2 106 110.6 101.4 90.5 76.5 54 52.7 55.2 57.8 59.9 59.7
74.1 74.8 73.7 71.9 73.9 74.7 76.7 77.6 78.7 79.3 79.6 80 80.3 79.5 80.5 80.2 78.4 77.3 77.5 77.8 77.1 80.7 82.1 84.7 88.8 86.1 91.2 92.7 94 95.6 96.1 97.2 99.3 100.8 103.3 107.3 113 117.6 122.6 132.1 143.4 152.8 162 170.9 176.3 180.7 182.3 185.7 189.5 194.7 194.2 192 193.1 182.1 175.2 170.7 168 168.1 171 171.2 170.7 168.1 161.1 145.4 136.2 126.4 115.4 106.7 99.2 91.8 92.5 102 104.6 92.7 70 54.4 49.6 55.7 60.4 61.3 65.5
75.8 76.9 76.1 75.2 75.9 76.5 78.3 78.9 80.5 82.6 83.7 83.6 83.2 83 83.7 82.1 82.3 81.3 80.8 80.1 80.8 82.6 86.1 87.9 90.9 92.8 94.7 96.1 97.3 98.9 99.8 101.4 102.7 105.3 108.4 112.6 119.2 125.2 132.3 143.3 151.8 159.3 166.9 173.8 180.8 184.6 186.1 188.9 195.4 193.8 190.4 185.4 181.4 176.1 172.7 170.4 167.5 164.6 166.4 169.9 170.1 161.6 152.8 144.1 136.1 124.1 116.3 107 102 94.6 88.5 86.1 94.3 85 64 55.9 49.2 57.1 61.7 66.4 76.3
77.7 78.5 77.6 76.9 77.6 77.5 78.4 79.7 83.1 85.4 86.3 86.6 85.9 85.5 86.9 85.2 84.6 84.5 84.5 80.5 83.7 89.5 88.3 90.5 92.9 95.3 97.6 99.9 100.7 101.9 103.1 105.9 108.4 109.7 115.5 117.2 122.7 131.9 140.3 150.1 157.6 165.5 171.8 176.8 182.1 185.2 190.1 194.2 192.5 194.2 188.1 181.9 175.5 172.8 171.6 170.2 167.4 164.9 165.4 168.4 159.8 155.4 149.7 141.9 132.8 123.5 116.6 107.9 103.4 98 89.8 80.8 80.2 83.7 61.6 56.7 50.1 54.3 68 74.5 79.3
