WholeMapElevations/data/nn/nn15_OST50GRID_20230518/NN15.asc
ncols 200
nrows 200
xllcorner 210000
yllcorner 750000
cellsize 50
[rows 140 to 174 of 200, columns 78 to 155 of 200]
519 501.2 472 447.1 423.2 396.9 376.4 369.4 373.1 377.8 377.6 380.6 389.5 402.8 418.2 431.3 449.5 472.1 496.4 522.6 539.3 541.4 577.5 608.8 645.5 684.9 678.6 719.4 760.4 793 812.3 809.5 828.2 834.6 844.3 853.9 859.1 864.2 872.3 871.7 871 867.2 863.8 856.2 844.7 835.4 817.6 784.5 749.3 720.4 683.4 661.1 646.4 632.3 629.7 629.6 611.1 568.1 509.6 477 445.5 417.8 405.2 405.7 418.5 436.6 464.1 494.8 531.7 569.5 618.9 659.2 674.8 679.2 678.7 675.2 671.8 662.3
523.7 506.6 481.4 455 431.1 408 387.7 369.2 357.9 355.8 359.9 361 372.1 382.5 399.7 402.1 426.2 446.7 471 491.3 461.9 514.9 562.4 603.1 633.6 649.9 636.2 698.5 737.7 752.5 777.5 763.7 797.3 819.1 827.2 837.2 844.2 847.3 853.2 854.5 854 851.9 844.5 840.1 829.5 821.2 808.5 790.3 766.7 733 704.6 682.4 662 656.6 647 622 597.6 549.6 514.1 475.7 442.3 415.8 397.9 392.4 400.6 423.3 451.4 481 520.3 563.5 610.5 646.9 655.1 656.3 652.8 649.4 641.7 632.7
535.8 508.9 491.1 459.1 437.3 416.5 397.1 379.7 361 342.9 343.3 352.8 357.1 366 378.9 387.2 402.5 422.8 442.9 450.3 485 515.6 539.7 568.6 601 607.1 632.6 673.4 690.4 708.1 721.2 746.4 777 808.2 810.7 818.3 824.6 829.5 832.4 835.2 835.1 832.6 825 819 811.4 802.5 792.9 779.1 765.4 749.1 727.9 705.5 702.4 692 681.7 636.2 588.9 550.3 512.4 472.3 441.3 414.4 391.3 379.2 390.7 407.5 442.3 474 510.7 561.3 600.7 631 633.7 633.7 629.4 623.7 614.1 601.7
534.8 509 492.5 465.3 448.4 424.4 406.5 387 369 351.7 335 331.6 336.2 347.5 355.4 367.4 378 396.7 412 434 464.2 487.9 511.3 541 568.1 553.9 617.5 652.6 659 664.4 682.8 726.1 762.3 794.5 796.3 799.8 803.6 809.1 813 815.8 815 811.5 805.2 799.8 789.8 781.4 772.4 764.1 754.6 746.5 737.8 740.6 743.9 742.8 717.9 656.7 591.1 555.6 516.1 479.9 442.8 415.3 391.2 371.8 377.1 397.5 432.1 457.8 500.8 564.5 592.9 612.1 612.9 610.2 603.9 598.5 590 575.8
529.6 514.5 495.3 471.8 456.2 430.3 406.1 390 373.6 361.3 345 333.3 320.4 325 336.8 344.3 362.4 371.5 388.6 413.6 437.4 459.3 483.7 509.1 533.8 558.4 599.7 609 606.9 629 672.9 708.6 746.3 776 782.7 783.6 785.6 788.7 789.8 791.2 789.2 787.6 783.7 778.2 768.8 757.7 749.6 745.5 740.9 739.6 744.4 755 766.8 765.5 731.2 672.3 605.5 563.7 525.8 484.9 445.4 412.8 387.4 367.2 355.2 382.9 416.7 443.8 483.8 537.1 575.6 591 591.8 589.1 580.9 575.3 565.3 549.6
540.4 518.4 501.4 485.2 467.3 433.1 411.9 398.4 382.8 369.4 355.6 343.2 328.4 311.9 315.3 328.1 335 346.9 371 390.6 410.7 434.4 457.8 480.6 487.3 526 564.2 563.8 579.8 617.4 655.9 685.5 725.7 748.4 764.7 762.2 761.4 764.1 764.3 762.3 761 761.3 758.5 752.1 741 731.2 723.4 722.9 727.2 736 745 756.7 768.1 773.9 706.4 692.3 633.1 581 534.4 484.4 445 414.9 385.1 362.9 345.9 374.2 402.4 429.9 459.7 503.3 556.6 571.4 571.5 566.9 560.1 552.2 538.8 524.4
548.5 519.6 503.2 488.7 468.5 443 418.1 405.5 388.5 377.2 362.9 352.9 342.3 326 306.7 302.6 313.7 330.7 349.1 361.9 385.5 407.2 431.1 453.2 467 500.1 527.7 539.1 589.1 612.7 632.3 666.4 690.2 725.2 750.8 747.8 732 736.7 732.7 730 730.7 729.1 728.6 722.5 711.5 702.2 693.8 693.7 711 730.4 744.9 755.7 762.1 761.9 741.3 695.9 635.8 581.1 524.8 481.8 441.2 410.7 381 358.7 342.9 363.2 394.2 415.4 443 475.9 526.1 544.2 550.1 547 539.9 524 511.8 495.5
565.4 532.9 512.5 496.8 480.7 455.1 432.2 414 395.3 383.1 368.7 354.9 345.3 332.2 324.3 295.9 293.5 309.2 325.6 338 361 380.9 406 421.1 448.2 476.4 480.9 535.7 562.2 579.4 615.8 631 667.5 701.3 727.8 736.4 716.6 708.7 704 699.4 699.9 698.9 697.8 693.8 681.2 670.8 665.4 678.2 705.5 725 739.1 750.1 756.4 754.9 737 685.2 627.3 564.9 521.8 482 444.8 403 375.5 353 332.7 347.1 371.1 396.4 418.2 454.5 488.1 515.5 527.4 524.3 515.9 497.4 480 467.6
570 545.8 525 504.5 484.4 467.1 441.6 428.2 408.3 390.5 373.5 358.1 346 337.3 332.1 315.3 285.9 287.2 303.9 318.3 337.9 357.9 379.4 400.8 423.1 434.5 483.9 509.9 530.8 567.7 586.2 613.2 649.9 675.5 701.2 719.7 714.1 685.1 675.4 672.8 669.7 669.3 667.7 664.7 652.5 637.9 644.2 675 698.5 721.4 733.8 740.6 746.4 748.7 723.9 668.4 617.6 564.7 514.5 479.8 445.4 402.1 371.9 349.6 324.6 334.2 354.7 377.3 397 428.6 471.3 493 507.1 502.2 487.4 468.4 448.4 435.9
596 557.8 528.7 511 494.5 475.6 454.7 435.1 417.9 394.3 383.6 365.4 355 345.9 335.3 319.4 297.2 272.4 285 301 318.6 339 356.8 380.3 389.9 420.3 457.1 481.1 514.5 537.2 563.9 604.6 626.5 651.2 672.5 693.1 701.6 688.7 663.1 647.7 642.2 639.4 639.7 635.1 622.8 612.9 639.3 667.3 691.3 713.1 726.7 733.5 738.1 740.7 729.2 682.6 629.1 545.3 517.9 473.5 439.7 405.9 365.6 342 321.2 322.3 342.5 358.4 375.7 406.6 439.5 472 483.6 478.1 457.8 441.5 416.8 399.3
641.6 590.1 547.5 519.4 500.4 488.3 472.3 453.7 428.8 405.9 391.3 376.8 358.3 346.6 332.6 317.7 299.5 282.2 267.4 279.7 298.4 317.5 337.3 353.8 367.8 405.1 431.4 464.7 482.3 520.1 548.2 575 599.9 623.6 644.9 669.4 683.9 679.7 663.6 634.8 613.3 612.7 611.1 604.2 594.5 601.3 629.2 657.4 684.6 703.2 718.4 730.7 732.2 733.4 724.2 679.6 623.2 578.4 525.8 475.2 431.2 396 362.1 336.4 317.8 314.5 331.3 347.3 367.5 394.4 427 454.5 454.6 440.3 425.1 411.3 387 371.1
711.7 650 606.7 542.5 520.2 504.3 484.3 472.1 449.2 428.8 402.4 382 360.9 348.6 334.4 316.1 301.6 289.2 268.7 261.7 280.7 299.1 315.2 339.1 364.3 387.2 414.7 433.1 467.1 500.1 523.6 548.9 571.9 593.6 619 643.4 664.4 669.2 658.6 631.2 601.6 588.2 586.1 579.7 568 595.9 626 653.4 678.1 697.6 712.7 720.7 724 723.6 714.1 669.9 624 557.9 521.6 465.5 429.5 390.9 355.7 332.3 313 305.1 321.5 336.2 355.8 383.2 411 432.6 425.3 407.5 389.4 371.6 355.5 345.4
723.8 670.7 638.3 574.9 542.2 514.5 500.9 483.1 460.7 444 420 395.4 376.1 354.6 332.1 317.5 300.1 287.2 278.7 255.1 261.7 284.5 302.5 327 346.3 368.3 388.4 418.6 447.4 471.3 499.1 521.7 540.3 569.8 594.1 618.7 646.3 654.4 644.3 622.9 594.3 563.3 565.8 554.8 566.4 594.2 620.6 647.7 672.4 693.1 713 713.7 714.8 713 701.3 664.4 605.3 556.7 514.2 458.3 421.3 387.7 349.6 322.6 303 287.5 309.9 324.4 342.9 363.9 389.3 402.9 393.6 373.2 353 342.9 330.3 323
734.5 689.6 648.9 587.7 559 544.7 517.9 491 477.7 460 440.9 408.3 386.3 361.8 341.3 321.1 305.9 288 275.6 263 244.4 269.6 290.3 308.8 326.1 344 370.2 397.5 421 447.4 472.5 490.4 517.7 544.6 569.6 600 627.6 635.5 626.4 608.4 583.5 556.7 542.8 539.4 564.4 589.2 616.6 645.1 668.4 692.3 704.5 706.3 705.3 702.8 689.1 661 608.8 552 511.7 465.8 422.6 385 343.3 315.2 293 276.1 297.3 310.5 328.8 348.2 374.5 372.6 356.1 341.3 323.5 314.7 304.6 298.4
756.5 710.3 677.9 631.8 591.5 566.1 537.2 510.8 492.7 479.5 459.4 432.2 403.9 381.2 355.8 334.4 313.3 292.8 279.1 261.3 239.9 254.4 272.8 289 309 326.3 350.4 372.8 398.1 422.6 442.5 469.7 492.9 521.2 551.6 578.7 604.6 614.8 604.6 588.5 565.7 544.6 523.3 540.4 562.4 586.5 614.9 641.6 663.1 679.3 695 704.3 696.2 689.9 672.4 641.8 592.8 543.9 508.8 459.5 412.9 375.6 336.4 301.1 283.9 268.8 286.9 298.2 312.2 329.9 353.7 347.2 327.8 310.5 298.9 288 277.8 310.8
819.1 772.3 705.1 655.3 616.7 576.6 556.6 537.1 517 499.1 480.8 459.3 428.6 403.5 374.5 348.4 327.2 305.4 279.1 263.4 240.4 236.7 254.6 274.2 285.7 305.3 325.2 348 372.4 393.6 421.6 441.2 473.1 500.7 528.2 554.7 580 588.9 582.7 568 547.7 527.6 512.8 536.1 561.6 589.8 614.9 641.1 657.7 671.6 683.7 689.2 680.5 673.6 647.8 618.1 576.3 532.7 485.7 441.3 401.2 366.1 328.3 292.6 274.6 248.9 273.9 284.4 296.9 316 333.4 318.5 298.3 286.8 272.5 260.9 291.2 317.3
857.2 801 721.5 676.6 645.8 599.7 571.3 553 548.4 522.9 513 493.2 471.1 432.2 395.9 366.1 339.3 316 293.2 274 248.6 223.4 239.3 254.4 265.1 283.7 304.7 325.7 348.7 369.1 391.9 421.5 451.9 474.5 504.5 529.8 548.2 561.4 560.6 547.3 526.5 505.7 506.6 533.8 561.1 589.8 618.5 639.5 652.8 663.1 670.5 673.2 664.1 648 619.9 592.8 562.5 522.4 484.4 430.2 389.3 354.4 318 279.7 263 249.9 257.4 270.6 279.7 296.9 304 289.4 273.6 260.4 241.9 271.2 294.4 323
854.3 831.6 780.4 707.2 661.2 635.7 607.9 590.6 572.4 558.8 553.5 528.6 511.5 472.4 420.4 386.3 356.1 326.4 301.5 277.4 251 226.2 219.9 236.2 249.8 264.5 285.3 305.4 322.1 343.8 367.3 395.5 422.6 454 480.1 499.6 517.7 523 544.5 530.9 503.7 484.2 510.8 538.6 565.8 594.4 618.6 637.1 645.6 655.5 658.1 652.4 640.1 626.2 594.8 570.7 540.4 506.2 469 427.5 380.2 341.6 307.2 272.7 249.3 236.8 247.1 254.4 263.3 272.7 272.9 265.5 252.8 234.1 254.3 277.6 305.8 337.7
832.2 838.2 807.6 771.9 696 663.1 634.2 619.6 613 597.8 587.3 564.5 539.4 505.8 456.4 403.6 368.2 335.8 313.4 287.1 263.3 236 214.8 218.1 230.1 246.5 265.5 281.8 300.9 320.8 346.4 367.6 396.9 427.1 450 466.9 480.8 504.2 530.5 516.9 483.9 486.2 514.9 541.1 567.6 594 612.6 625.5 631.5 643.9 635.4 615.7 610.1 600.4 580.4 538.2 507.8 480.3 451.1 422.8 378.2 331.3 293.2 258.8 236.4 223.1 234.5 240.9 247 258.7 250.1 244.3 229.1 231.5 261.3 286.7 318.4 357.5
807.5 826.3 829.6 780.7 725.5 688.6 679.6 652.1 637.2 633.1 623.3 603.6 576.1 531.2 490.8 420.4 383.5 355.5 326 297.9 273.7 249 219.2 204.2 213.6 225.8 240.2 261 276.5 296.6 321 344.9 372.8 399.3 413.5 436.5 451.2 497.5 515.3 505.9 469 487.3 515.2 539.9 561.7 581.8 597.8 609 614.1 610.7 594.5 583.6 575.8 576.2 553.4 525.9 476.8 455.1 430.7 403.7 363.9 321.1 281.6 244.1 220.2 206.5 221.1 226.1 234.4 235.1 231.8 222.9 214.2 248.7 272.5 300.9 341.7 383.6
786.6 811 823.6 784.9 736.5 764.4 740.1 694.2 673.2 672.8 658.1 640.2 593.6 548.2 503.3 460.7 401.2 366.9 337.6 312.1 285.6 263.6 239.4 205.4 190.6 199.1 222.4 241.3 255.2 274.8 297.5 322.1 345.1 364.7 385.9 395.3 437.6 481.9 499.7 496.3 458.8 479.1 505.9 523.5 541.6 560.8 578.4 587.9 587.9 582.6 564.6 541.1 539.3 537.4 516.8 494.3 459.8 427.3 399.5 379.4 342.7 314.1 270.6 234.3 206 191.4 208.1 208.6 209.7 211.4 205.9 188.1 228.4 254.8 284 327 369.5 409.1
769.7 793.5 821 812.7 804.2 804.5 792.9 739 710.5 706.8 689.7 673.8 631.9 580.5 542.4 494.3 436.5 382.9 352.7 327.2 300.7 277.7 252.3 215.4 202.9 187.1 201.7 219.7 235.6 254.4 274.4 296.2 316.4 339 355.5 382.5 430.7 461.2 479.4 483 463.8 458.2 477.8 499.6 514.3 532.5 554.8 564.4 564.9 560.1 545.2 516.3 505.6 501 482.1 460.5 433.5 411 378.4 348.5 317.7 285.9 256.9 222.6 194.7 180.5 190 190.3 191.9 183.5 176 205.2 232.2 265.6 304.6 351 405.2 447.6
752.9 774.3 804.8 820.8 829.2 834.5 818.1 788.3 762.4 721.6 702 687.3 644.4 595.3 560.7 518.8 447 402.5 366.9 340.4 313.3 281 242.8 226.8 209.9 193.9 174.9 201.8 214.1 235.1 253.5 272.8 292.2 312.1 329.9 363.2 395.8 419.7 446.9 461.8 460.8 440 452.6 471.8 483.7 509.1 529.1 531.9 532.1 520 509.2 490.7 473.6 465.7 448.3 432.3 412.9 388.7 364.4 326.3 303.4 268.3 239.1 211.5 188.1 165.5 170.3 172.2 173.2 161.1 182.8 206.9 240.2 275.7 325.5 379.9 438.2 468
721.4 747.4 786.1 804.9 824.3 832.7 841.9 821.1 788.8 758.7 722.5 695.3 625.6 593.1 542 501.4 459.4 408.8 378.1 353.8 331.5 290 261 233.9 214.9 197.9 180.6 181.6 197.2 216.3 235.7 252.9 269.9 271.2 309.5 333.7 359.1 380.1 415.8 430.2 447.2 457.1 419.2 437.7 456.1 483.1 500.1 498 501 494.8 475.1 463.1 434.9 436.5 419.3 401.9 390 358.2 344.1 312.9 273.3 249.6 226.6 197.7 177.5 162.2 159.4 161.4 155.3 154.5 180.6 206.3 242 308.3 352.6 405.4 446.3 478.7
709.3 741.1 757.3 778.2 806.4 824.1 833.3 829.1 810.5 781.9 745.2 698.6 639.7 610.3 563.7 526.9 506.5 457.9 407.1 366.1 337.4 305.7 269.8 242.6 220 201.9 185 161.2 184.4 198.1 217.9 232.1 248.7 262.8 283.5 306.9 329 352.8 377.9 397.8 426.9 440 432 409 428.3 455.1 469.1 462 464.3 450.6 443.2 416.9 393.5 407.6 391.8 362.8 348.9 330.3 303.4 293.6 259.9 233 208.6 187.7 168.3 157.4 144.1 148.3 134.2 156.7 176.4 209.5 271.2 322.4 372.6 420.6 448.7 481.5
687.2 712.8 724.9 749.6 782.4 815.7 829.9 839.2 829.4 816.5 772.5 714.3 684.8 649 601.3 574.1 534.7 491.1 434.9 380.5 345.4 320.9 283.4 250.8 227.2 204.4 189.9 172 166.4 182.9 199.2 213.1 223.3 238.4 255.2 280.1 303.8 327.5 342.9 375.9 400.4 410.2 415.3 405.2 401.3 424.1 427.9 426.6 425.9 407.7 401.2 373.3 369.8 378 348.5 329.2 311.8 293.2 278.4 263.1 239.4 215.2 191.8 172.6 157.4 150.7 136.8 134.3 127.8 151.8 179.6 223.6 273.2 343 386.8 408.8 455.6 466
662.6 669.8 700.5 731.9 760.5 794.5 820.8 833.8 836.2 823.6 780.9 721.7 697.4 671.2 641.8 606.7 562.9 504.6 452.3 402.5 354.6 325.1 292.7 261.8 235.5 212.3 194.5 180 160.3 168.2 182.3 195 207.3 216.4 232.9 254.4 275.8 297.3 320.4 352.6 366 373.7 369.9 380.8 389.9 394.6 388.5 392.1 383.1 371.2 361.1 349.9 332.7 324.5 313.1 297.3 277.4 262.9 248.9 234.8 218.6 194.7 173.3 154 144 136.6 120 115.4 131.9 156.8 186.5 235.8 304.9 356.5 377.9 396 417.1 449.3
626.8 651.5 674.9 704.7 742.2 775.7 816 828 836.8 823.3 799.2 728.9 712.6 696 672.5 632.1 582.4 519.5 464.4 410.6 368.8 335.1 301.2 267.5 243.2 219.3 202.2 185.1 167.3 153.4 166.7 178.7 191.3 201.3 212.1 229.9 250.7 271.4 293.4 316.6 330.5 331.3 338.7 324.2 353.7 348.6 352.6 350.3 337.7 332.2 328.4 313 297 290.3 282.7 262 243.1 232.3 221 215.1 195.7 177.5 156.6 141.9 130.7 122 104.3 110.9 137.6 161.5 193.3 254.1 319 345.2 372.3 364.5 393 409.4
584.6 614.2 656.3 692.9 731.9 762.6 798.2 823.2 832.4 820.7 799.1 753.8 725.1 707 688.7 638.3 590.8 525.5 475.4 428.5 383.5 343.7 309.5 278.5 249.8 225.7 209.9 188.3 172.6 155.9 153.3 164.8 176.5 183.9 192 210 227.6 242.9 265.7 284.5 293.7 295 301.8 286.1 296.4 315.7 315.7 308.8 297.4 295.4 287.8 285 264.3 257.3 248.8 236 213.3 207.5 198 189.8 174.7 158.8 140 127.2 119.1 110.1 101.1 120.5 143.9 165.7 199.7 255.9 301.5 323.8 322.9 321.5 346 355.6
568.3 607.6 652.7 687.7 719 745.5 785.8 813.8 817.2 808.8 789.8 782.6 746.4 712.3 684.1 640.8 593.5 538.8 488 438.7 393.3 355.1 320.5 286.3 261.5 239.4 221.5 196.3 177.4 159 145.8 153.3 161.2 165.6 173.3 187.8 205 221.7 235.5 251.4 257.6 260.9 264 245 261.6 283.1 282.6 275.9 269.1 260 255.6 250.9 236.2 229.5 218.9 202.8 190.7 182.8 172.6 167.1 152.5 135.7 123.6 113.5 106.6 92.6 107 125.6 146.5 164.2 192.7 234.1 276.9 273 286.7 282.8 299.7 310.1
560.5 605.3 642.7 670.8 703.3 727.4 761.3 791.2 804.3 794 781.7 775 744.3 708.3 680.8 642.1 594.7 538.7 488.9 448.4 406 364.7 330.8 297.3 271.4 249.9 228.4 203.1 180.8 163.4 148.3 141.7 149.2 153.4 160.8 169.1 183 199.9 213.7 219.9 226.2 230.2 224.3 202.8 234.9 237.5 237.9 242.1 237.7 233.6 230.3 227.1 205.7 204.5 197.9 181.8 169.5 162.4 155.8 145.7 130.9 118.4 107.6 98.4 95.8 92.9 104.6 121.7 140.2 153.1 179.3 207.3 220.8 230.7 243.3 252.3 250.3 269.9
544.7 596.1 615.5 647.4 677 709.2 740.5 772.6 777 770.9 764.3 760.9 740.1 699.5 677.7 648.6 604.2 544.1 488.7 447.6 413.4 379.9 344.3 308.7 281.8 258.8 234.1 206.9 188.4 174.3 159.8 141.2 137.9 145 149 155.5 163.4 179.2 189.9 193.3 199 202 198.9 184.2 199.3 201.5 206.3 213.8 214.3 205.3 206.8 207.3 182.8 179.2 172.3 162.3 156.3 145.8 139.4 130.3 112.7 105 95.8 91.4 83.1 88.6 101.6 113.9 123.2 133 149 173 180.9 214.8 220.4 206.2 210 221.9
531.2 564.9 583.9 627.7 656.5 693.3 725.4 749.5 759.3 758.5 756.3 755.1 734.1 695.3 678.1 647.8 619.6 561.4 506.3 464.4 426.8 393.4 357.7 323.5 292.7 268 239.2 222 202.4 185.2 166.4 149.4 136.4 131.6 140.3 143.4 151.5 157.5 170.4 171 174.9 173.7 167.9 166.1 171.6 171.3 172.6 183.3 179.8 173.9 175.1 179.9 168.7 156.5 150.3 143.7 138.3 137.9 127 114.2 100.8 91.9 84.6 77.8 80.5 86.8 96.4 107.8 118.2 125 128.1 140.9 156.3 191.3 187.8 173.8 169 167.9
510.6 537.9 568.5 602.8 643.3 683.2 720.3 742.6 749.2 751.2 742.5 736.6 722.7 686.8 668.8 642.9 622.1 585.4 532.4 482.6 437.5 408.9 376.2 333.8 304.8 271.5 256.8 236 213.1 192.2 174.4 153.8 140.5 128.2 130.6 138.5 141.3 145.3 151.3 155.5 155 151.8 144.3 151 147.7 146.9 147.1 149.1 151.3 148.8 154.2 156.2 141.1 137.8 127.8 121.8 128.1 130.2 118 100.3 87 79 74.2 76.4 80.3 83.9 91.1 97.4 104.7 114.8 114.4 117.2 122.3 152.4 140.7 145.1 144.1 143.7
490.4 524 563.6 599.5 634 671.2 701.3 722.9 739.1 737.9 734.1 720.1 706.1 678.5 657 636.7 610.9 587.1 533.9 491.3 455.9 412.6 377.8 342.9 308.4 289 273.6 247.4 220.8 200.4 178.8 159.4 142.6 128.8 119.8 130.8 134 142.2 143.4 144.7 142.6 138.8 134.6 122.8 125.7 129.5 124.8 123.9 127 130.2 133.3 131.9 126.6 120.4 112.1 113.1 125.2 120.2 106.2 84.2 75.8 72.5 71.4 73.9 77.6 84.3 87.9 89.3 98.8 107 107.8 108.5 104.6 110.7 116.2 125 124.5 126.1
