WholeMapElevations/data/sx/sx48_OST50GRID_20230518/SX48.asc
ncols 200
nrows 200
xllcorner 240000
yllcorner 80000
cellsize 50
[rows 70 to 104 of 200, columns 79 to 157 of 200]
186.5 187.9 188.6 189.5 190.3 191.3 191.6 193.4 194.3 195 196 195.1 191.5 188.3 185.6 183.2 180.1 174.7 172.5 175.5 178.2 180.1 182 182.6 182.5 182.5 181.2 179.4 177.8 176.3 175.7 174.6 173.4 172.2 171.3 170.6 170 167.8 165.5 164.4 165 165.1 166.1 167.1 169.4 171.6 173.8 175.6 175.9 175.7 174.5 173.2 172.3 171.6 170.7 170.2 169.4 166.8 159.3 141.6 128.8 120.2 114.1 108.9 107.2 108.4 109.5 113.3 116.8 121 126.3 129.2 132 135.8 141.5 148.5 155 163.6 171.8
190.4 192.8 194.6 194.8 194.2 193.8 193.9 195.5 196.7 197.9 198.9 196.9 193.5 188.1 185.2 181.7 176.1 169.6 167.2 171.9 174.4 175.6 177.1 177.5 176.1 176.1 174.3 173.5 171.6 170.8 170.3 169.9 169.3 168.2 167.5 166.8 165.7 163.6 161.5 159.1 159.4 160.7 162 163.3 165.4 167.8 170.2 172.4 173.5 173.5 172.9 171.9 171 171.1 170.2 168.5 159.8 146.4 137.6 131.8 124.8 117.7 112.7 106.5 107.9 109 113.9 119.6 120 124.9 129.2 133.1 136.8 141.9 148.7 156.4 163.8 169.8 180.3
191.9 194 195.9 197.4 197 196.2 196.1 197.1 198 198.4 198.6 196.5 190.4 187.2 182.5 176.6 169.4 164.5 165.2 168.8 171.2 171.7 171.8 170.7 169.5 169.1 168 167 166.7 166.6 166.3 165.8 165.9 165.5 164.9 164.3 163.7 161 156.1 154.1 155.8 157.4 158.7 161.2 163.4 166.4 168.5 170.4 171.3 171.2 170.3 169.6 167.4 166.2 157.7 148.2 139 132.3 127 122.8 118 113.6 109.2 107.9 107.4 113.2 119.7 123.5 122.8 126.5 130.9 137.3 142.3 147.8 154.4 163.6 172.4 181.5 187.5
191.3 193.6 195.3 196.3 195.7 195.7 196 196.4 197.1 197.2 195.5 190.3 186.8 182.5 177.5 170.6 163.2 160 162.8 165.5 167.2 168.2 166.9 164.6 162.1 160.2 158.8 158.2 160 162.3 162.9 163 163.1 162.6 161.5 160.8 160.1 156.4 150.4 149 152.4 154.9 158.5 160.7 163.3 167.1 169.2 169.4 167.1 164.4 163.8 160.6 151.8 143.1 134.9 130.6 126 122 118.3 114.4 111 107.7 106.2 107.5 111.3 116.8 120.7 124.5 125.4 127.4 132.9 138.8 145.8 153.4 161.5 170.9 180.2 189.7 197.6
189.5 191.4 193.3 194.7 194.4 195 195.8 196.1 196.5 194.6 190.2 185.8 181 175.3 170.1 162.5 158.2 156.2 158.4 160.9 162.3 161.3 158.7 157.2 153 152 151.9 150.8 150.8 152.6 155.3 157.1 158.3 157.4 156.3 157.4 156.2 149.9 142.9 148.2 152.8 155.8 158 160.3 163.5 166.3 166.3 160.5 155.9 150 147.4 140.5 133.5 127.1 122 118.2 115.4 113.1 110.9 107.7 106.5 106.1 107 108.8 112.5 116 120.1 124.1 127.9 131.9 137.8 143.9 152 160.3 169.8 178.7 186.8 197.5 204.7
187.4 189.3 191.3 193.1 193.6 194.4 195.3 195.7 194.8 192.1 186 181.3 174.4 168.4 161.6 158 155 152.2 154.1 156 154.8 152.6 149.7 147.8 146.5 145.9 144.7 143.9 146 148.3 149.7 151.8 150.9 150.1 150.5 152.7 149.3 142.3 139.9 149.7 153.3 154 156.5 157.8 158.7 157.2 153.2 147.6 142.5 138.2 134.5 126.8 120.3 116.9 113.8 110.6 107.8 106.1 106.9 105.5 105.4 106 106.9 110.5 113.5 117.4 122.2 125.2 130 136.9 144.3 151.8 159.9 168.4 177.3 186.9 196.3 204.1 212.1
185.5 187.7 190.2 191.9 193.3 194.3 195.5 196 195.4 191.7 184 176.5 169.8 163.1 157 153.9 152.1 148 148 148.8 148.4 147.2 144.8 143 140.6 137.9 136.9 139.7 142.8 143.1 142 142.6 142.3 141.4 141.2 142 139.4 133.6 141.5 146.7 148.3 148.8 148.8 147.8 146.8 144.5 140.1 135.5 133.3 131.4 125.7 116.4 108.6 108 108.1 104.8 104.8 104.8 104.6 102.7 104.9 106.3 108.5 111.3 114.8 119.7 124.1 127.3 134.8 141.5 148.2 158.1 167.7 177.3 187.3 198.1 206 213 220.1
184.5 186.8 189.1 191.3 192.9 195.1 196.2 196.3 194.9 191.1 182.9 174.4 167.3 160.4 154.5 150.6 146.7 143 142.1 142.9 142.9 142.1 140.3 138.6 135.7 131.7 132.6 135.3 137.6 134.9 132.5 130.2 130.1 130.9 131 131.2 130.8 128.5 132.4 136.3 138.4 137.9 137.5 136.8 135 131 127.5 125.8 125 121 114 108.9 103.8 103.3 103.6 103.9 103.9 102.5 103.7 104.5 105.8 107.6 109.7 112.2 115.1 119.5 123.5 129.1 137.8 147.1 156.1 166 176.5 186.6 196.8 207.2 215 223.2 229.4
184.5 186.6 188.6 190.5 192.2 193.4 194.1 193.7 192.4 188.2 181.4 171.8 164.6 157.8 152.4 148.8 145.3 140.1 137.3 138.8 139.2 138.4 136.3 134.3 130.2 128.6 128.5 129.7 127.3 125.9 124.4 123.3 124 124.8 124.9 125.3 124.5 123.6 122.4 124.8 126.1 125.5 125 122.8 120 117.7 116.1 114.8 111.5 108.3 105.3 103.2 102.9 102.9 102.9 103.7 102.6 103.4 104.1 105.1 108.2 110.3 111.9 114 117.3 120.7 124.7 131.3 140.6 151.8 162.1 173.7 184.1 194.6 205.5 215.1 223.6 230 233.3
182.6 184.8 186.9 188.9 190.4 190.8 191.5 190.7 187.1 182.3 176.3 169.4 162.5 156.5 151 147 143.8 138 134.3 133.6 133.9 134.4 132.7 131.5 127.4 125.4 124.7 121.9 121.3 120.7 118.8 118.5 119.3 120.1 120.4 120.4 120.9 120.6 120 118.5 117.3 115.9 114.3 112.9 111.2 109.7 108.3 106.9 105.1 102.9 101.8 101.7 101.3 101.8 102.5 102.2 103 103.9 106 108.4 110.5 112.9 115.6 117.2 120.1 123.3 129.9 136.6 145.1 155.8 166.6 177.6 189.8 201.4 212.3 221.7 228.9 233.7 239.2
180.9 182.8 185.2 186.5 188.1 187.9 187.1 184.1 179.8 175.6 171.1 167.3 162 156.6 150.4 145.5 141.7 137 133.1 130.2 129.7 129.3 130.2 127.5 123.8 122.2 121 119 116.7 115.4 114.7 114.4 114.7 115.5 116.3 116.4 117.6 117.4 116.5 114.9 113 112 110.1 108.9 107.8 105.9 104 102.6 101.3 100.5 99.9 100.3 101.4 102.1 103.4 105.4 104.8 107.6 110.8 113.3 115 117.1 120.1 122.3 125.8 127.9 135 143.1 151.2 159.6 170.1 181.4 193.9 206.9 217 226.5 233.8 239.4 244.3
178.1 179.1 181 181.8 182.3 182.4 180.6 176.6 172.6 169.8 168.3 166.2 161.9 156.9 150.6 145.4 140.4 136 132.3 129 126.1 125.5 124 122.5 120 119.2 118.3 116.4 113.7 111.2 110.9 110.3 110.6 111.5 112.2 115 103.9 103.9 103.9 103.9 111 109.8 107.8 105.8 104.9 103.9 101 100.5 100.2 100 101.3 102.3 103.4 104.6 108.1 111.6 113 115.9 119.6 122.8 125.6 128.1 129 127.7 132.6 137.2 135.9 146.1 156.5 165.5 176 186.7 198.6 210.6 221.3 230.5 237.2 243.1 248.5
173.1 173.5 175 175.1 174.6 173.9 171.7 169.2 166.2 165 164.4 163.4 160.6 156.2 150.8 145.3 140.1 136.1 133.3 129.9 125.7 123.2 120.9 118.9 117.5 116.2 114.7 113.7 111.8 110.3 108.9 107.9 107.5 107.7 109.5 111.5 119.2 119.7 119.1 114.9 112.3 107.6 105.3 103.6 101 100 99.8 99.7 99.8 100.7 102 104.1 107.6 112 116.4 119.7 122.4 126 129.3 131.4 134.5 137.4 139.1 135.3 140 146.5 148.3 145.4 154.6 168.7 180.7 193.1 204.3 214.5 224.7 232.7 239.7 246.3 250
169.1 169.4 169.8 170.6 170.3 169.2 167.1 164.9 161.8 159.9 159.2 158.4 156 151.9 147.4 143.9 139.8 136.7 133.8 128.9 124.9 122.7 121.2 120.5 119.4 118.1 116.3 114.7 113.7 111.8 110.6 109.1 105.8 105.5 107.7 110.8 112.4 114.4 112.8 112.9 116.7 111.1 103.4 99.8 99.2 98.8 99.6 99.7 100.6 102.3 107 110.9 115.1 118.5 122.9 127 130.3 132.8 136.2 139.6 143.9 147.4 149.9 147.4 147.2 157 162 163.6 162 170.9 185.7 199.1 210.1 220.3 227.8 235.5 241.1 247.1 251
165.5 166.5 167.5 167.3 166.6 165.5 163.5 159.9 157.3 155.4 153.5 152.2 151.2 148.1 145.1 143.1 139.8 134.5 129.3 127 125.1 123.9 123.3 123.1 123 122.9 122.4 120.9 120.2 118.6 116.5 112.3 106 104.2 104.8 106.3 107.9 107.1 104.9 103.7 105.6 118.1 101.9 98.6 98.6 98.6 99.6 100.2 101.5 107.4 112.8 116.7 120.2 125.3 130.4 134.4 138.3 142.7 146 149.7 153.7 156.6 159.8 159.9 153.5 166.3 173.9 178.7 183.1 188.5 196.6 204.7 213.4 221.4 228.8 236.1 242 246.9 251
163 164.1 165.1 165.8 164.5 162.3 159.3 156.2 153.7 151.8 150 149.4 148.4 145.6 142.9 140.6 136.1 131.5 129 128.3 127 126.4 127.9 128.5 128.9 128.4 126.2 125.1 123.4 121 118.4 113.9 107.2 103.2 102.4 102.5 101.8 101.3 101.2 100.6 101 117.5 99.8 97.3 98.9 99.5 100 102.4 107.8 113.6 118 122.7 125.1 133.3 139.1 144.8 149.6 153.2 156.3 160.6 164 167.2 170.1 172.1 165.9 174.6 183.6 190.1 196.2 202 206.9 211.7 216.7 224.2 231.3 236.6 242.5 246.7 249.3
160.2 161.4 162.6 163.2 161.7 159.5 156.4 153.2 151.8 150.2 148.7 147.1 145.2 142.7 140.1 137.3 134.8 133.1 131.7 131.8 132.5 135.7 137.1 135.4 133.2 131.5 128.2 126.1 124.2 121.6 117.8 112.5 106.8 102.4 101 101.1 100.6 99.9 99.3 98.9 98.4 100.4 96.4 98 98.9 99.5 102.5 109.5 115.4 120.9 127 132 138.4 143.9 149.7 154.8 158.6 162.5 167.1 170.7 174.1 178.4 182.2 184.4 179.7 181 191.7 199.1 204.9 209.3 212.8 217.1 222.4 229.4 234.3 239.1 242.7 246.6 248.8
157.5 158.4 159.6 159.9 158.9 157.3 155.7 152 149.6 148.8 147.5 145.4 142.9 140.6 138.7 137.5 136.7 137.1 137.2 137.4 139.9 142.5 145 139.4 135.9 132.3 128.4 125.5 122.1 118.8 114.8 110.5 105.6 101.8 100.3 99.7 99.4 98.8 98.4 97.6 96.9 94.8 97.1 98.4 99 101.6 110.8 117.9 124.2 130.5 138.2 143.2 149.3 155.7 160.6 164.4 168 171.5 176 179.9 185.4 188.6 191.9 194.3 193.8 191.3 198.5 205.3 211 215.9 218.5 223.2 229.2 232.9 236.5 240.1 243.3 245.5 247.1
156.8 157.7 158.5 158.8 158.1 156.6 154.2 151.1 149.7 148.7 146.2 144.5 143.1 142 141.3 140.9 141.1 142.6 142.4 142.8 141.4 143.3 143.6 141.2 137.2 132.8 128.1 123.6 119.1 115.3 111.2 107.2 103.8 100.8 99.5 98.7 98.3 97.7 97.3 97 96 95.5 97.9 101.5 105.5 114.1 122.4 128.6 135.2 143 151.9 159.2 166.7 170.3 173.9 175.8 177.7 181 186.9 192.1 194.7 198.4 201.2 203.3 204.3 203.1 205.2 211.4 217.1 221.5 226.1 229.8 233.9 236.3 238.6 241.6 243.1 244.2 245.7
156 157.2 158.5 158.6 158.1 156.2 154 152.7 151 149.4 147.6 145.9 144.9 144.8 144.7 145.9 146.7 146.6 144.5 143.8 142.3 141.7 141.8 140.1 135.1 130.2 124.5 121.9 117.3 112.5 107.7 104.4 101.7 99.4 98.2 97.6 97.1 96.7 96.6 96.5 94.6 100.8 107.9 114.8 121.6 128.1 134.6 141.1 149 158.4 167.5 174.9 179.4 182.7 184.1 186.7 189.3 193.7 198.3 201.2 204.2 207.1 209.6 210.4 210.3 211.2 212.9 218 221.4 226.1 229.9 233.5 236.6 238.4 239.7 241 242.1 243.2 243.7
158.5 158.9 159.6 159.4 159.1 157.9 157.6 158 156.4 154.1 152 150.6 149.6 150 150.8 150 148.4 147.3 145.4 143.9 141.2 138.3 137.5 136.3 132.3 128 123.5 119.8 116.2 111.8 106.9 102.2 99.9 98.3 96.7 96.4 96.5 96.5 96.2 95.4 101.5 112.6 120.9 128.7 136.4 141.5 147.2 153.4 160.2 168.5 177.8 183.8 189 193.1 193.6 196.3 200.6 203 205.6 208 211 212.7 213.3 214.2 216.5 218.1 219.5 221.3 224.9 228.8 232.5 234.8 237.1 238.6 239 239.9 241.1 241 238.6
165.5 165.1 163.7 163.6 165.2 168.6 169.3 166.3 163.6 161.5 159.9 158.9 157.6 155.2 153.1 150.2 147.5 145.4 143.2 141.5 138.7 135.5 133.3 132.3 128.5 124.4 119.8 116.1 112.7 109.3 105.2 100.9 97.4 96.5 95.5 96 96.1 95.9 95.2 100.2 112.4 124.7 134.3 141.7 148.7 154 159.5 164.9 170.9 178.9 186.4 192.7 196.5 198.6 201.9 204.2 206 208.9 211.7 214.2 215.4 216.8 217.2 218.8 220.6 222.9 223.5 225.3 228.3 230.6 232.7 235.1 237.4 237.8 238 238.1 237.6 234.4 231.7
173.1 174.2 174.9 174.8 175 175.4 173.9 171.2 169.2 168.1 167 166 162.5 159.7 154.2 148.8 144.2 141.8 140.1 138.2 135.5 132.9 129.4 127.5 124.2 120.1 116 111.5 107.5 105.5 102.3 97.5 95.2 95.3 95.4 95.4 95.3 95 105.3 116 126.8 139.4 146.7 152.8 158 164 169.4 174.4 180 187.4 194.9 199.2 202.3 205.9 208.4 209.8 210.9 213.6 216.9 217.7 218.9 220.6 221.8 223.1 224.6 226 227.5 229.1 230.7 231.7 233.7 235.8 236.7 236.6 236.3 234.5 230.3 226.4 219.1
174.9 176.5 177.9 178.3 178 178.1 177.2 175.3 173.8 172.8 172.4 171.8 169.4 164 154.8 148.7 143.7 137.5 135.3 134.7 132.7 130.8 128.2 122.1 119.3 114.8 108.5 105.4 103.8 100.9 98.8 96.6 94.9 95 95.6 95.5 94.6 108.5 120.5 129.8 138.2 146.8 153.2 159.5 165.8 171.8 178 183.4 188.6 195.2 201.8 206.1 209.3 210.4 212.2 213.1 216.1 219.7 221.5 221.4 222.5 223.5 224.9 227 229.5 230.8 231.7 232.4 234.1 235 235.8 236.4 236 235.3 233.2 228.2 221.5 212.4 202.9
174.6 176.1 177.5 178.9 179.3 179.3 179.1 178.1 177.4 177 176.3 175.7 173.6 167.1 155.1 149.5 144.1 138.5 132.9 130.6 129.6 128.5 126.8 122.3 117.2 116.9 114.8 111.8 109.3 106.8 101.6 95.8 94.7 95 95.1 100.7 112 123.6 131.6 141.6 145.9 148.9 158.7 165.2 171.8 178.7 185.6 190.9 194.9 201 208.1 211 212.7 213.7 214.8 216.1 220.5 223.7 225.1 225.5 226.2 227.4 229.2 231.7 233.1 234.3 235.1 235.7 235.8 236.2 236.5 236.3 235.1 233.8 227.4 220.3 207.5 193.9 184.8
174.2 175.7 177.2 178.6 179.3 179.8 179.7 179.5 179.5 179.5 179.2 178.9 172.5 162.6 154.5 147.9 142.1 136.7 130.3 127.2 126.9 125.9 124.9 121.3 122.6 120.8 118.4 116.5 115.8 112.1 103.9 94.4 95 94.5 98.1 108.9 121.4 131 139.3 143.1 150.3 158.8 165.8 171.5 178 185.1 191.5 195.8 200 207 211 213.7 215.6 217.7 219.8 221.7 223.2 225.9 227.6 229.2 230.4 231.9 233.4 235.2 236.2 236.4 237.5 237.9 237.6 237.2 236.4 234.6 232.5 225.6 217.2 203.8 188.2 177.6 170.3
172.9 174.8 176.9 178.1 178 178.2 178.8 179.3 179.3 179.3 179.3 178.4 170.5 159.3 150.8 144.2 138.3 132.2 126.1 124.3 125 125 124.7 123.5 124.4 123.8 122.3 121.2 120.7 116.5 109.7 95.8 94.5 94.3 100.5 117.8 131.7 140.1 146.8 153 159.6 166.3 173.2 178.7 184.3 190.7 196.6 199.9 203.6 208.9 212.7 216.7 219.6 221.2 222.3 223.3 225.4 227.4 230 232.2 234 235.5 236.9 238.1 238.4 237.4 238.1 238.9 238.9 237.3 234.9 231.5 221.7 210.2 197 183.8 172.5 163.6 161.8
171.1 173.2 175.3 176.7 176.7 176.7 177 178.1 178.5 177.9 177 176.3 167.4 155.5 147.4 138.4 130.1 124.5 121.7 122.1 123.7 124.8 125.5 125.9 126.2 126.7 125.8 124.5 122.9 120.7 115 99 94.7 95 102.8 123.5 139.6 148 154.9 161.2 167.6 174.2 179.6 185.1 190.1 196.6 200.9 203.7 206.8 209.8 213.4 217 219.2 221.8 223.1 225.2 227.7 230.1 232.3 234.9 237 239.1 240.7 240.7 237.5 234.2 233.8 233.6 237.7 235.2 227.6 219.1 206 187 177.3 167.4 160.2 159.9 162.2
168.7 171.1 173.2 174.4 174.5 173.8 175.2 177.1 177 175.9 171.8 167 160.8 153.8 145.5 134.8 122.2 117.3 117.5 123 124.4 125.3 126.2 127 128.7 129.4 129.4 129.7 128.2 125.9 121.9 99.4 94.2 94.3 103.9 124.5 141.7 152.4 160 167.6 174.8 180.2 185.4 190.5 195.5 199.2 202.4 205 207.1 209.4 212 214.4 215.9 216.6 217.4 219.2 221 224.1 229 234.6 237.1 236.5 233.8 227.1 220.8 220.8 225.5 231.1 228.2 216.3 209.7 197.9 183.4 170.4 162.6 157.3 158.1 160.8 166.6
165.6 167.8 169.5 170 169.6 169.6 170.2 172.5 167.6 168.2 164.9 161.9 157.2 150.3 141.8 127.8 114.9 115.3 120.3 122.2 123 124 125.7 128.4 130.6 133 135 136.1 133.9 131.2 124 99.6 94.3 94.4 106.4 126.5 144.4 156.1 164 171.5 178.7 183.9 188.8 192.9 195.3 198.9 202.4 205 206.5 207.8 208.6 205.5 202.9 199.3 199.8 199 204 207.9 212.9 217 218.3 216.4 209.2 202.1 201.7 204.4 207.7 208 202.2 195.3 183.6 174.4 164.2 157.1 153.9 155 158.5 163.1 166.7
162.4 164.6 165.1 165.3 164.6 163.4 163.6 163.5 162.2 161 159.3 155.5 150.1 144.7 136.5 120.1 108 115.8 118.4 119.8 122.2 124.3 126.7 129.8 133.7 137.5 142.4 143.2 139.5 135.7 125.9 99.6 93.8 94.8 110.8 131.3 149.5 159.6 167.9 175.3 182.4 187 189.6 191.1 193.6 197.8 202 203 202.6 200.1 195.5 188.3 183.1 178.5 179.7 184.7 189.6 193.3 197.1 199.4 198.7 193.8 187.8 183.5 179.8 182.4 186.1 183.4 178.6 171.3 164.1 156.8 152.5 150.4 153.4 158.7 160.2 162 165
159.8 160.3 160.3 159.3 157.9 155.6 157.4 157.7 157.3 155.4 152 148.1 143.1 138 128.7 114.2 107.3 111.7 115.4 119.1 121.9 125.1 129.1 133.5 138.1 141.6 147.4 148.3 144.3 136.3 121.1 96.6 92.8 97.6 116.9 137.4 152.1 162.1 170.6 178.5 183.3 186.8 188.3 189.4 191.2 193.3 194.3 193.3 189.6 182.5 171.1 175.4 176.9 176.5 176 167.9 171.7 172.2 173.3 175.5 176.3 171.6 167.6 165 163.4 162.6 162.2 161.5 159.3 154.9 150.3 147.3 148.6 150.4 154.1 155.1 157.2 160.5 166
158 157.7 154.8 152.8 149.2 147.1 148.6 149.7 149.1 147.4 144.6 140.5 137.2 131.7 123.2 111.4 103.7 111.2 114.8 118.2 121.4 125.8 131.8 137.6 143.4 145 146 143.8 139.8 129.2 110.8 93.4 92.5 103.3 123.7 143.1 154.2 163.7 172.6 177.8 181.4 184.6 186.2 185.9 182.7 181.8 180.7 179.1 172.5 159.3 166 165.2 173.9 169 157.9 156.8 156.9 159.1 158.7 157.3 158.7 156.9 155.8 155.4 153.5 153 152.6 150.9 148.9 143.6 144.1 147.2 150.7 152.8 154.5 156.8 158.5 160.6 163.6
157.5 156.9 151.1 145.5 142.3 137.3 139.1 139.4 138.9 138.7 136.8 133 130 126 120.5 112.6 101.2 108.6 111.9 116.2 121.3 127.1 134.7 142.2 144.5 142.9 139.3 135.7 131.7 120 99.3 91.7 92.9 111.1 131.7 146.6 155.9 164.6 169.4 173.2 177.4 180.1 177.4 171.3 168.1 166.9 165.6 162.6 154.5 149.6 147.2 146.7 144.6 142.3 143.3 144.8 146.9 144.1 140 152.1 151.7 151.8 150.6 149.4 148.5 148.4 147.6 144.6 142.2 143.2 147.1 153.7 156 158.5 159.7 161.1 163.4 165.9 167.3
158.8 158.3 155.5 150.6 144.8 137.5 128.7 128.7 128 126.6 124.9 123.7 121.8 119.1 115.7 110.8 103.4 103.6 109 114.6 121.2 127.1 134.5 132.1 128.8 129.9 128.4 125.3 123 105.2 92.4 90.9 100.4 117.2 135.3 148.3 156.9 163.7 164.9 167.3 171.1 168.2 161.7 155.3 153.6 152.1 150.3 145.5 139.7 135.6 134.7 133.6 134.5 135.2 136.5 139.7 141.5 149.6 149 149 147.5 148 147.7 146.7 145.3 142.5 139.5 139.7 142.4 148.3 154.3 158.3 159.6 162.1 164.8 167.6 169.6 174.9 177
