UK/data/ns/ns96_OST50GRID_20230518/NS96.asc
ncols 200
nrows 200
xllcorner 290000
yllcorner 660000
cellsize 50
[rows 70 to 104 of 200, columns 0 to 77 of 200]
190.6 190.9 193.7 193.5 192.7 192.7 192 191.1 190.3 189.8 189.7 189.7 189.5 189.4 189.4 188.5 187.7 187.2 186.7 186.4 186.1 184.6 181.3 179 177.7 178.6 178.6 178.4 178.2 178.5 178.5 178.4 178.5 178.2 177.4 177 176.7 176 174.7 173.7 173.3 173 173.5 174.8 176.9 178.8 178.6 176.6 174.2 171.1 168.5 165.7 164.5 163.5 163.3 163.4 163 162.5 162.1 162.4 163.2 164.5 165.8 168.1 171.3 174.4 177.3 180 178.4 175.2 171.2 169.5 170 170.2 170.1 170 171.5 173.4
191.7 194 195.1 195.1 194.4 193.1 191.1 190.6 190 189.3 189.3 189.4 189.9 189.2 188.5 186.8 186.4 185.1 184.6 184 182.3 181.2 178.3 176.8 177 177.6 178.1 178.4 178.7 179.1 178.6 178.4 178.1 177.8 177.3 177.1 176.3 176 175.5 174.8 175.5 175.3 174.7 174.5 174.6 175.1 174.3 172.4 170.2 167.5 165.4 164 163.6 163.2 163.3 163.4 163 162.5 162 162.6 163.7 165.1 166.3 167.8 171 174.6 177.7 178.1 177.2 173.4 170.3 168.3 168.5 168.7 168.8 168.7 170.7 172.6
193.9 195.8 196.7 195.8 194.1 191.8 190.2 188.1 187.3 185.8 185.3 185.8 187.1 186.2 184.6 183.8 183.5 181.8 181.1 179.1 178.3 177.7 176.7 176.4 176.9 177.7 178.5 178.8 179.2 179.2 178.7 178.4 177.8 177.3 177.2 176.8 176 176 175.8 175.6 176.6 176.4 175 173.7 172.3 171.1 170.2 168.6 167.3 165.7 164 163.2 163.2 163.5 163.4 163.4 162.9 162.1 161.7 162.5 164.1 165.5 166.5 167.2 170.3 173.6 177.6 177.3 174.9 171.2 168.8 167.2 167.4 167.5 167.8 168.2 170.2 171.8
194.3 193.9 194.3 193.8 192.2 189.5 187.8 185.4 184.2 182.4 181.5 181.2 181.3 180.6 182.5 182 180.7 179.9 178 177.3 177.5 177.5 177.1 176.7 176.6 177.8 178.8 179.3 179.8 179.2 178.8 178.2 177.6 176.6 176.3 175.7 177 176.6 176 175.5 175.8 174 172.5 171.2 169.6 168.7 167.7 166.9 165.9 165.4 163.7 163.4 163.6 163.9 163.8 163.3 162.5 161.6 161.5 162.4 164.2 165.3 165.9 165.4 168.7 172 175 174.6 172.3 169.8 167.3 166.2 166.4 166.8 167 167.3 169.5 171.1
193.1 192 191.4 190.7 188.7 186.4 184.8 184.1 182.6 181.5 181.1 181.2 180.2 179.4 180.5 180.5 179.8 180.4 179.1 178.7 178.2 177.6 177.2 176.9 176.9 177.2 179 180 180.4 179.2 178.7 178.1 177.6 176.3 175.1 174.9 176.3 176.8 176.1 175.2 173.2 171.8 170.3 168.8 168 167.3 166.6 166.1 165.9 165.7 164.3 164.2 164.2 164.3 163.9 163.2 162.4 161.5 161.3 161.9 163.5 164.5 164.5 164.9 168 170 173.2 172.7 169.2 167 165.7 165.8 165.8 166 166.2 166.4 168.4 171.3
194 190.9 189.4 187.9 186.2 184.6 184.6 183.7 182.6 181.7 182.1 181.3 181.1 179.5 179.3 179.6 180.5 182.6 180.3 179.3 179.8 180.5 179.8 177.5 175.4 176 178.1 181.2 180.6 178.6 177.8 177.5 177.2 176.1 176.3 174.3 175.5 176.5 175.7 173.7 171.4 170.2 169.2 168.4 167.7 167.1 166.7 166.5 166.2 166 165.1 165.1 165 164.8 164.1 163.4 162.6 161.6 161.3 161.3 162.6 163.4 164 165.9 168.9 169.9 173.1 172.4 171.8 168.7 169.4 168.4 166.9 164.8 165 165.4 166.5 168.9
190.9 189.4 188.4 187.7 186.3 185.8 185.5 185.9 184.3 182.7 181.8 181.7 183.5 179.2 178.5 179.6 181 181.1 180.2 178.6 181.1 181.1 178.8 175.8 174 174.9 175.7 177.8 177.9 177.2 176 175.5 174.9 173.8 173.1 172.2 173.4 175 174 172.6 170.6 169.6 168.7 168.3 168 167.7 167.2 166.8 166.5 166.3 166 165.7 165.5 165.1 164.5 163.8 162.9 162.1 161.3 161.1 162.2 163.2 164.2 169 172.5 173.1 174.5 174.5 173.9 170.8 171 171.2 170.1 165.8 164.4 164.9 166.1 167.1
190.4 189.8 189.1 188.2 189.3 189.1 188.5 188 187.3 187.1 184.8 182 179.7 178.5 177.8 180.1 181.4 181.6 178.5 178 179.7 178.8 175.6 173.3 173 173.5 173.8 174.5 175 175 173.3 172.9 172.7 172.8 172.3 171.6 171.9 172.9 172.4 171 170.4 169.4 168.6 168.6 168.6 168.2 167.7 167.2 166.9 166.5 166.3 166.2 166 165.4 164.9 164.4 163.4 162.1 160.9 161.1 161.7 163.3 165.8 170.9 172.4 173.8 174.7 175.1 173.7 172.8 172.3 171.6 170.5 164.7 164.4 164.6 166.1 167.8
193.2 192.4 191.7 190 190.8 191 189.2 189.5 189.5 188.6 185.9 182.7 178.9 177.7 177 177.8 179 178 175.6 173.4 174.6 175.5 173.4 172.2 172.2 172 171.8 171.6 172.1 172.2 171.3 171.1 171.6 173.2 170.8 170.8 171.2 171.4 170.8 170.3 170 169.4 168.7 168.9 169.1 168.7 168.1 167.5 167.1 166.7 166.4 166.3 166.1 165.8 165.3 164.9 164 162.5 160.3 161.1 161.6 164.5 166.8 170.3 174.3 174.1 173.6 173.9 172.1 172.7 171.5 171.6 172.7 169.5 163.4 165.1 167.6 169
195.8 195.1 193.8 192.5 192.1 192 189.4 189 187 185.8 182.5 179.8 177.4 177.1 177.1 176.6 180.5 180.7 177.3 172.7 171.4 173.1 172.9 172.8 173.6 172 170.2 169.5 169.5 169.2 168.4 168 168.3 171.5 170.1 170.2 170.6 170.8 170.3 170 169.8 169.4 168.8 168.8 169.1 168.7 168.2 167.7 167.3 166.9 166.5 166.3 166.1 166 165.6 165.3 164.8 163 161 161.4 162.4 164.1 167.3 167.9 169.3 170.5 172.2 168.5 167.8 168.2 168 171 171.5 169.3 163.4 165 167.5 169.8
197 196.1 194.5 193.9 194.1 193 188.8 186.6 183.7 181.1 178.8 177.5 177.6 177.5 177.5 175.6 178.1 178.4 175.7 173.1 171.9 171.4 172.2 173.6 174.5 172.1 169.1 168.7 168.2 167.8 168.4 170.3 172.5 167.6 169.3 169.8 170.7 170.6 170.1 169.8 169.4 169 168.8 168.8 168.8 168.4 168 167.3 166.8 166.3 166.1 166.1 165.9 165.7 165.7 165.5 165.2 164 161.9 161.4 161.9 161.6 163.3 166.1 166.7 167.3 167.4 168 165.7 166.3 167.1 168.6 168.9 167.1 163.1 164.7 168.2 171.4
197.9 196.8 195.1 194.8 194.3 192.5 188.1 184.1 182.6 181.1 178.1 176.9 178.4 181 182.2 182.1 174.3 173.8 173.5 173.2 171.7 172.5 171.6 170 169.1 169.1 168.8 168.4 168.8 169.9 171.6 172.5 170.5 166.8 168.7 169.6 171.2 170.2 169.7 169.6 169.4 169.1 168.7 168.8 168.5 168 167.3 166.7 166.1 165.6 165.3 165.3 165.2 165.3 165.3 165.2 164.8 163.2 161.6 159.9 161.4 161.3 161.8 166.2 167.1 166.8 166.1 165.3 164.9 165.1 165.6 163.6 164 161.3 162.4 164.1 169.8 171
198.9 196.8 196 195.4 193.8 190.4 189.2 187.4 185.1 179.7 177.7 176.6 178.7 184.2 183.1 178.2 174.3 172.9 172.9 171.8 170.2 170 169.5 169.4 168.7 170 169.7 172.1 172.8 172.6 173.7 173.8 169.1 166.2 167.6 170 170.3 169 168.8 169 169.1 169 168.4 168.1 167.8 167.3 166.6 166 165.5 164.9 164.4 164.4 164.6 164.8 164.9 164.8 163.9 162.5 161.5 160.8 161.3 161.3 161.3 162.1 164.3 164.4 165.3 164.7 165.1 164.4 164.5 171.1 162.6 161.8 161.4 165.4 168.4 170.1
199 196.8 196.2 194.1 191.9 190.6 191.7 187.7 183.8 178.7 178 176.2 176.3 179.1 177.5 173.9 171.9 171.2 171.4 170.3 169.8 169.6 170.1 169 170.1 171.5 173.2 174.5 173.7 172.7 172.4 171.2 167.1 166.4 167.3 170 168.3 167.5 167.9 168.1 168.1 167.7 167.5 167.4 167.2 166.6 165.9 165.3 164.6 164 163.8 163.6 163.5 163.8 164.1 163.3 162.3 162.5 162.2 162.1 161.6 161.3 161 160.8 163.6 162 164.7 164.5 165.4 165.2 165.6 165.8 163.3 160.9 160.9 163.8 166.3 168.2
196.2 194.5 193.9 192.5 191.7 190.7 187.6 184.1 181.4 180 178.4 176.5 174.8 174 172.8 171.6 171 170.7 170.4 170.5 170 170.4 172.7 174 172.7 171.5 171.9 171.6 171 170.2 169.5 167.4 166.3 166.1 166.9 168.7 168.2 167.3 167.2 167.1 166.9 166.6 166.6 166.5 166.4 165.7 164.9 164.3 163.7 163.3 163.1 163.1 163 162.7 162.5 162.3 160.5 161.7 161.6 161.4 161.2 161.2 161.2 161 161.2 161.6 163 163.6 164.8 165.5 165.5 165.4 163.8 161 160.3 161.7 162.7 166.6
193 192.1 189.7 188.2 187.6 187.3 186.4 183.7 181.2 181.9 178.3 175.5 174.2 173.6 172.1 170.8 170.7 173.1 174.2 170.9 171.2 175.4 177.1 177.9 175.3 172.1 171 171.2 171.3 170.3 168.6 166.5 165.6 165.5 166.9 168.2 167.9 166.7 166.7 166.6 166 165.5 165.5 165.5 165.2 164.4 163.9 163.6 163.3 163 163.2 163 162.8 161.8 162.2 162.8 162.4 162 161.7 161.3 161 161 161.2 161.1 161.5 161.7 161.6 161.5 162.4 162.5 162.6 161.5 161 160.7 160.5 160.6 162 165.3
193.2 192.4 190.3 189 187.9 184.1 187.2 184.5 181.8 178.7 176.4 174 173.4 172 171.7 171.9 172.3 174.2 174.8 172.9 173.9 176.3 177.3 175.9 172.6 171.5 170.9 170.6 171 170.2 167.8 166.3 165.9 165.5 166.5 167.5 167.6 166.5 165.8 165.4 165 164.4 164.2 164.2 163.8 163.5 163.3 163.2 163 162.8 162.6 162.3 162.4 162.5 162.6 162.6 162.6 162.5 162.1 161.9 161.3 161 161 160.9 161 161.3 161.1 161.7 160.6 161 161.2 160.4 160.7 160.8 160.8 160.8 161.3 164.9
190.2 188.9 187 186.1 185.1 181.7 183.7 181.8 179.2 177.1 175.2 173.5 173.1 172.7 173.6 174.3 175.3 177.2 178.3 176.5 175 173.9 173.8 172.8 171.8 171 170.7 170.5 170.2 169.5 168.2 166.8 166 165.1 165.7 166.7 166.1 165.2 164 164 163.9 163.9 163.9 163.8 163.3 163 162 162.8 162.6 162.4 162.4 162.4 162.5 162.5 162.5 162.5 162.4 162.4 162.7 162.7 161.9 161.3 161.2 161.5 161.6 161.2 161.4 161.9 159.3 160.9 161.2 161.2 160.7 160.4 160.6 160.7 160.2 160.8
191.1 188.9 186 185.3 183.7 183.6 180.2 179.3 177.7 175.9 174.6 174.1 173.5 174.7 176.1 177.1 178.5 179.8 178.5 176 174.6 173.3 172.7 172 171.4 171 170.6 170.3 169.9 169.6 168.5 167.3 166.2 165.5 164.7 165.5 164.9 163.1 163.8 163.9 163.5 163.5 163.7 163.7 163.2 163.5 163.1 163 162.8 162.8 162.8 162.7 162.7 162.5 162.4 162.4 162.3 162.9 163.1 163 162.2 163.4 162.6 162.1 162.1 162.1 161.3 162.4 161.1 158.8 164.4 165 160.4 161.3 161.7 161.7 162.1 162.2
190.5 187.4 185 184 183.3 182.8 180.5 178.2 176.9 175.8 175.2 174.7 173.9 175.5 177.1 178.4 180.2 178.6 176 174.4 173.8 173.6 172.9 172 171.4 171 170.6 170.2 169.9 169.6 168.7 167.6 166.7 165.9 164.9 164.4 164.6 164.4 164.1 162.9 163.8 163.5 163.5 163.4 163.4 164.1 163.8 163.3 163.2 163.2 163.2 163.1 163.1 162.5 162.4 162.4 163 163.4 163.5 163.3 162.7 164.6 164.6 163.9 162.5 162.2 160.5 163.7 167 169.9 171.4 171.4 167.6 163.8 167 166.4 163.4 163.1
189.8 187.1 185.3 183.4 182.6 181.9 180.5 179.2 177.9 176.9 176.5 175 174.8 176.5 178.2 179.2 178.2 176.4 174.1 173.8 174 174 173.2 172.3 171.6 171 170.6 170.2 169.9 169.7 169.2 168.4 167.3 166 165 164.2 164.2 164.2 164.3 164.2 164.2 163.9 164 164.2 164.5 165 164.6 164.1 163.8 163.6 163.6 163.6 163.7 163.2 162.8 164.9 165 165.1 164.2 164.5 165.1 165.3 165.2 165.1 164.9 164.7 164.5 164.5 164.3 164.2 164.2 164.2 164.1 164 164 163.9 163.4 163.4
188.6 186.9 186.5 184.5 183 182.5 181.5 180.2 178.9 178.3 177.8 177.2 177.3 178.1 178.3 178.5 177.4 176.1 175.4 175.2 175.1 174.6 173.6 172.7 171.9 171.2 170.5 170.2 169.9 169.5 168.8 168.6 166.6 165.6 164.8 164.2 164.1 164.1 164.3 164.5 164.9 164.4 164.6 165 165.6 165.5 165.7 165.3 165.1 165.3 166 166.1 166.1 166.1 166.1 166 165.9 165.6 165.9 166.7 165.5 165.3 164.6 164.7 163.4 164.7 164.7 165.8 166.1 167.6 170.2 171.7 169.3 169 166.1 162.9 163.4 163.7
187.8 187.1 187.3 184.1 183.6 183.1 182.9 181.2 180.1 179.8 179.8 180 179.4 180 179.9 179.7 178.9 177.8 177 176.6 175.8 175 174.1 173.1 172.3 171.5 170.7 169.9 169.4 168.1 167.2 166.3 165.7 164.9 164.9 164.6 164.2 164.2 165.2 165.4 165.5 165.6 165.7 165.8 165.9 166 165.9 165.6 165.3 164.5 165 163.9 164.6 164.5 164 163.4 163.7 163.8 166.1 165.9 165.1 164.9 165.1 164.7 167.1 163.9 166.2 167.1 170.8 170 169.7 171.6 166.8 165.9 164.7 164.3 164.4 163.9
189.6 186.6 185.7 185.3 184.7 184.5 183.9 183.1 182 181.7 181.6 181.4 181.1 182.8 182.3 182.3 180.5 178.9 177.6 176.3 175.5 174.5 174 173.3 172.3 171.3 170.1 169.3 168.2 166.8 166.2 165.8 164.9 165.9 165 166 165.6 166 165.9 165.9 165.3 165.7 166.3 166.6 166.7 165.5 164.7 164.8 164.3 164.5 164.2 164.2 164.9 164.9 164.8 164.1 164.1 165.1 164.1 165.5 166.7 166.1 166.1 166.6 167.3 166.6 167.8 167.9 173.7 174.5 172.3 170.7 168.7 169.7 166.2 164.3 164.1 164.9
187.7 186.9 186 185.5 185.6 185.8 185.7 185.1 184.1 183.4 182.8 182.4 182 182.5 183.2 182.6 180.2 178.2 176.3 175.1 174.3 173.5 172.9 171.6 170.6 169.6 168.6 167.9 166.9 166.6 165.8 166.2 166.5 166.4 166.3 165.2 164.2 165.8 166.2 167.5 166.4 166.7 167.3 168.1 167.9 166.3 165.3 165.3 164.7 164.3 164.8 164.8 165.9 165.7 165.7 165.2 165.5 165.6 166.2 166.7 169.4 167.6 168.9 169.9 169.3 168.3 170.7 168.5 171.7 172.2 172.6 173.1 171.6 171.5 169.4 167.5 168.1 167.7
188.7 187.9 187.2 186.6 187.1 187.4 187.4 186.9 186 184.2 183 182.1 180.2 179.1 179 178.3 177.3 176.3 174.9 173.9 173 172.3 170.6 169 168.7 167.8 167.3 167.2 167.1 167 166.8 165.7 165.6 165.4 164.5 165.3 166 165.9 167.2 169.4 171 170.5 169.9 169.9 168.8 167.7 166.5 166.3 165.5 165.5 165.8 165.4 166.2 166.3 166.9 167 167 167.6 168.3 169 170.8 169.6 170.5 171.2 171 169.9 170.1 171 171.7 172.1 172.3 172.7 172.9 171 168.7 168.7 168.3 168.2
189.8 189.3 188.5 188.3 188.7 188.6 188.1 186.7 185.1 183 181.1 179.9 178.5 177 176.2 175.3 174.4 172.9 171.9 171.4 171.1 170.1 168.4 167.8 167.8 167.6 167.3 167.3 164.7 166.3 168.1 168.4 168.6 169.2 170.9 172.4 171.4 168.5 167.5 169.7 171.9 172 171.8 171.7 171.5 170.3 168.9 167.6 167.9 168.2 167.5 167 168.2 169 169.4 169.1 169.6 170.1 170.7 171.2 171.6 171.8 172.7 173.6 173.6 172.2 170.1 171.8 171.8 172.3 173 173 170.5 168.4 168.6 168.6 168.4 168.7
191.3 190.9 189.6 188.5 188.1 187.4 186.7 185.4 183.5 181.4 179.6 178.6 176.9 175.5 173.9 173 171.8 171 170.1 169.7 169 168.6 168.1 167.2 167.3 167.3 166.7 165 165.7 167.2 170 170.8 172 173 174.5 174 171.4 169.1 169 170 171.1 172.2 173.2 173 172.8 172.3 171.4 171.2 171.5 171.8 171.5 170.9 170.4 171.9 172.3 172.1 172.1 172.8 174 174.5 174.8 174.6 174.8 175 174.2 172.9 173.4 171.9 171.7 171.8 172.2 171 170.2 169.8 168.5 168.5 168.8 168.7
191.9 190.6 188.8 187.4 186.6 185.8 185.1 183.5 181.8 179.8 178.3 177 175.3 174.4 172.5 171.2 170.5 169.8 169.7 169.2 168.7 168.1 167.1 166.7 169.2 170.3 167.5 165.4 166 168.4 171.5 174.1 175.9 176.6 176.3 174.1 172.5 173.4 172.9 171.5 172.1 174.1 174.6 174.9 175.2 175.5 175.4 175.9 176.3 176.2 175.5 175 171.7 175 175.2 174.9 174.5 174.8 175.9 177 177.4 177.1 176.3 175.4 174.2 171.7 174 171.2 171.5 172 174.3 170.3 170 169.9 168.3 169.9 169 169.4
190.7 189 186.4 184.9 185.2 184.9 183.9 181.9 179.8 178.3 177 175.2 172.9 171.9 170.6 170.1 169.5 168.7 169.3 168.8 168.3 167.7 170 169 171 171.3 169 168.4 167.9 169.8 172.7 176.8 179 180.2 179.1 175.7 174.7 175.3 175.2 172.8 173.9 175.7 176.6 177.6 178.2 179 180.2 180.8 180.4 181 179 175.7 172.7 176.8 177.3 176.7 176.6 176.7 177.1 178 178 177.3 176.4 176 174.5 174.7 174.1 173.7 173.8 173.6 173 171 170.7 174.7 171.4 170.8 171.2 171.1
189.7 188.2 185.9 184.8 184.2 183.9 181.9 179.7 177.6 176.4 173.5 172 171.8 171 170 169.7 169.4 171.1 171.1 170.7 172.7 176 177.3 172.2 172.4 173.3 172.7 172.8 171.7 170.8 173.8 177.4 179.7 180 179 176.9 176.4 176.3 175 173.7 176.4 177.3 178.1 179.2 180.6 182.7 184.1 183.8 183.7 184.1 180.3 174.7 175 179.2 179 178.5 178.2 178.2 178.2 178.6 178.4 177.7 177.3 176.7 175.1 174.6 174.4 174.5 175.1 175.2 174.7 176.3 175 173.4 173.2 172.5 171.8 171.8
188.8 187.1 183.2 182.1 180.5 180.5 178.3 175.1 172.9 172.4 172.1 172.1 171 170.8 170.8 170.9 171.6 173.2 173 173.3 180.6 183.4 182.7 176.7 175.6 175.3 175.3 174.5 173.5 173.9 175.7 178.1 179.1 179.2 178.5 177.9 177.6 177.7 176.9 174.3 178 179.5 180.3 181.1 182.8 184.6 185.2 185.3 184.6 183.7 178.3 175.7 178.2 180.5 180.2 179.9 179.6 178.9 178.4 178.8 178.5 177.7 177 176.1 175.2 176.6 175.7 175.4 175.6 175.6 175.8 174.7 174.5 174.7 175 174.4 174.1 178.2
185.9 184.6 182 180.1 177.3 175.5 174.6 174 173.1 172.3 171.8 171.6 172.8 172.3 172.4 172.8 173.6 175.1 174.8 175.3 181.2 179.8 182 180.4 178.2 177.7 177.2 176 176.3 176.9 178.1 179.7 180.2 179.8 179.6 180 179.5 179.3 178 175.9 178.4 181.6 182.5 183.3 184.2 185.2 185.6 185 183.2 179.6 175.8 181.5 182.4 181.6 180.8 180.4 179.8 179.3 178.9 178.4 178 177.5 177.7 176.7 178 178.2 177.7 177.8 177.4 176.7 176.5 177.7 175.4 175.5 180.9 178.9 178.5 178.4
185.4 184.5 181.2 178.1 176.9 175.6 175.3 174.4 173.1 173.2 172.6 173.6 175.2 175 173.8 174.3 175.4 177.5 177.4 177.2 177.8 178.5 181 181.8 181.1 180.3 179.6 180.5 181 181.3 182.1 182.7 183.3 183.3 182.9 182.8 182 181.5 179.9 179.3 180.6 184.4 184.9 185.5 187.2 186.3 185.7 183.4 179.5 178.8 180.3 184.5 183.7 182.5 181.2 180.5 179.9 179.7 179.5 179.3 179 178.5 178.4 178.9 179.6 179.5 179.2 178.6 178 177.9 178.2 180.6 178.2 183.2 182.8 182.2 182 181.3
183.3 180.9 180 179.8 177.5 175.4 174 173.5 173.8 174.5 175 176.5 178.4 176.6 175.4 176.1 178.2 179.5 179.8 179.3 179.7 181.1 182.6 183.5 183.6 183 183.9 184.9 185.1 185.9 186.4 186.4 186.4 186.9 186.2 185 184.4 184.4 183.2 183.4 184.2 186.3 187.2 187.3 186.5 185.7 183.3 177.8 180.4 182.7 184.2 184.8 184.3 183 181.8 181 180.7 180.4 180.1 180.9 180.9 180.7 181.5 181.9 181.6 182.1 182.2 180.7 179.7 179.7 180.1 181.2 183.5 183.3 183 182.8 182.6 182.2
