UK/data/nn/nn98_OST50GRID_20230518/NN98.asc
ncols 200
nrows 200
xllcorner 290000
yllcorner 780000
cellsize 50
[rows 70 to 104 of 200, columns 78 to 155 of 200]
564.4 563.4 561.2 562.4 562.5 563.2 565.7 567 568.1 571.1 571.8 574.8 578.7 580.6 580.4 580.3 574.3 575.3 571.7 565.4 565.7 563.7 561.2 558.1 559.2 556.3 553.4 550 544.7 540.4 535.1 539 539.7 540.1 540.3 541.4 546.9 547.5 550.2 551.9 554.3 558 561.7 565.1 566.9 567.1 568.5 571.5 574.6 578.4 580.5 581.9 583.3 583.9 585.7 585.9 586.2 586.2 583.1 580 580.2 580.7 581.1 581.6 582.9 583.4 584.3 584.6 587.2 589 591.1 594.6 598.9 602.7 609.5 616.3 620.4 626.4
570.3 566 565.7 567.7 569.5 569.9 572.6 574.7 576.5 577.3 581.5 583.4 585.7 586.6 587 584.9 581.8 581.3 578.7 569.9 571.5 567.1 564.7 564.9 560.7 560 555 550.1 545.1 540.5 543.1 543.4 544.3 543.6 545.6 545.9 549.9 553.4 553.7 556.7 561.8 567 569.3 570.6 573.2 575 577.7 580.8 583 584.8 586.5 587.3 586.2 587.3 587 587.7 588.8 588.1 585.5 585.1 585.9 586.5 586.9 587.8 588.3 588.3 590.1 592 594.9 597.8 600.8 603.6 606.1 612.5 620.2 625.6 630.6 637.7
579.9 578.8 574.3 572.3 573.7 576.8 579.8 580.9 582.9 582.3 588.6 589.8 592 590.3 591.8 589.3 584.9 585.5 580.7 572.9 573.6 571.2 568.2 565.2 562.3 559.7 553.3 549.4 543.9 544.7 547.7 547.8 548.5 548.5 550.2 551.3 555.7 558.4 560 564.2 569.1 573 575 576.3 580 584.4 585.7 587.1 589.6 591.4 594 593.1 592 591.7 589.8 590.9 590.4 589.7 589.9 590.7 591.5 592.4 593.8 594.5 594 594.6 597.1 601.5 605.6 608.3 611.4 615.1 619.1 623.5 629.2 634.8 638.9 643.7
586.9 585.8 582.1 578.2 579.9 583.1 584 585.1 587.4 589.7 591.4 594.8 595.4 594.9 593.7 593 586.8 587.6 583.9 575.8 575.1 573.5 568.4 565 561.7 559.1 554 546.6 546.1 551.9 552.8 553.6 553.6 553.2 554.4 555.8 561.3 562.9 565.3 570.7 575 578.2 582 584.9 589.3 592.1 594 594.1 593.7 595.8 600.1 599.3 597.8 595.7 594.2 593.6 593 593.9 594.3 595.9 596.7 597.2 599.4 600.4 601.2 602.5 605.8 612 617 620.7 624.8 629 634.3 638.3 636.2 640.1 641.5 646
591.9 591.3 590.9 587 588.1 588.6 590.3 592.4 593.1 595.8 597 598.6 598.7 598 596.1 593.2 588.9 590 585.2 576.6 575.3 572.4 568.3 564.4 561.1 553.7 550.3 549.2 553.4 555.8 559.2 558.8 557 559.3 559.6 563.1 566.1 570.6 573.9 578.6 581.3 583.8 590.7 594.7 598.9 601.1 601.5 600.5 600.9 601.3 605.3 605.3 604.1 599.9 598.6 595.7 596.5 596.8 598.9 601 603.2 604.1 606.4 607.4 608.6 610.2 614.5 619 625.4 631.6 637.3 642.6 644.8 645.8 645.4 643.1 642.1 644.7
598.9 598.3 595.9 594.1 593.9 593 596.7 594.6 595 599.3 601.3 601.6 602.2 598.5 596.3 592.7 590.3 590.2 585.3 579 575.7 570.1 567.5 561.3 556.4 559.1 556 555.4 557.3 561.5 564.1 565.7 566.3 566.3 565.5 569 573.7 578.7 581.7 585.1 588.2 592.6 599.7 603.2 606.7 607.7 608.7 608 605.3 606.9 610.1 611.1 609.2 610.3 604.1 606.6 607.1 607.7 608.5 611.6 613.6 610.3 612.8 614.5 616.4 618.7 625 634.5 638.8 643 648.6 651.2 650.7 650.1 648.2 644 641.6 643.9
602.9 603 602.4 596.4 598.6 597.2 599.5 597.3 599.8 601.2 602.2 603.3 602.8 597.6 594.7 592.7 588.6 589 585.6 577.7 572.7 568 562.5 560 563.3 562.4 561.4 562.2 563.7 564.9 568 570.3 574.4 574.4 572.9 576 579.8 584.7 589.2 592.6 595.1 600.1 605.9 610.6 614.9 616.3 616.4 615.5 614.8 612.8 614.5 615.2 615.4 616.5 614.2 613.4 618.1 619.4 617.2 618.4 620.6 620.6 621.7 623 624.9 628.4 637.6 645.4 651.7 655.1 657.2 654.1 652.6 651 647.5 642.3 640.1 642.7
606.9 606.8 604.4 599 601.4 604 603.8 602.2 606.4 602.7 603.9 602.4 600.1 595.5 591.1 589.5 587.3 586.7 580.6 575.5 570.9 564.9 568 566.5 565.7 564.1 563.6 566.8 568 569.4 572.1 576.9 578.7 580.6 582.4 584.5 587.8 591.3 595.1 598.9 603.7 607 613.7 618.8 623.2 626.8 626.7 626.1 626.3 623.3 614.8 624 622.6 617.9 619.6 615.3 623.8 625 624.3 625.5 625.5 626.4 627.4 630 634.2 640.5 649.2 654.7 657.7 658.6 658.4 653.4 651.5 649.9 644.9 640.1 638.7 640.4
612.1 610.3 606.1 606 604.8 607.7 607.1 605.4 605.7 603.4 602.4 599.2 593.7 592.4 589.7 587.1 586.6 583.8 580.3 569.5 570 572.2 570.3 569.7 569.3 568.3 568.2 570.4 572.6 574.5 577.9 578.3 586.4 588.5 590.4 592.4 595.5 598.4 601.5 606.8 610 613.7 621.4 626.1 632.2 635.7 635.4 633.7 634.8 631.8 625.9 620.2 622.9 624.4 623.1 624.6 619.2 626.4 631 632.2 632.4 632.9 632.7 635.7 641.3 648.2 654 655.6 655.9 656.4 655.6 651.4 648.2 646.3 642.5 638.6 637.1 637
614.9 611.7 609.1 609.8 610.6 610.7 609.7 607.4 605.8 602.7 599.9 595.8 592.1 591.2 589.1 588.6 585.9 580.5 574.1 579.8 576 576.7 571.4 574.8 575.4 575.7 576 575.8 576.9 580.1 583.8 586.8 591.7 594.5 597.4 599.5 601.4 604 607.6 611.9 615.4 620.7 627.2 633.9 639.2 641.3 642.4 642.5 639.8 640.5 635.6 637.5 636.5 632.6 634.8 634.3 629.6 624.4 633.1 635.6 637.6 638.6 637.5 642.1 647 651.9 655.8 655.2 654.4 653.5 651.6 648.3 644.5 642.5 639.1 636.3 635.2 635.5
617.1 614.3 613.1 613.9 613.1 613.4 611.4 607.9 604.8 601.7 597.6 593.3 591.7 591.2 589.8 585.6 580.8 576.5 582 582.2 580.8 578.4 574.6 574.8 577.8 579.9 582.6 581.9 580.4 583.3 586.4 589.5 594.2 597.5 602.2 606.6 608.2 610.1 612.3 616.8 620 624.8 633.3 640.9 645.7 649.7 651.6 650.3 650 648.9 644.3 641.7 645.4 644.4 642.1 638.5 641 641 636.4 636.7 640.8 644.2 647.2 648.9 650.7 652.6 654.4 653.4 650.8 648.7 645.6 642.7 639.4 637.9 635.5 633.7 632.1 632.5
620.6 616.8 617.6 616.9 615.1 615.3 612 608.6 605.7 599.9 595 593.2 590.5 591 587.9 583.7 580.6 584.1 583.4 583.4 583.2 581.4 577.6 578.9 579.7 582.6 585.6 586.9 586.5 586.1 587.9 592.8 594.5 599.1 604.8 609 612.4 615.7 616.8 621.8 625.1 630.9 638.7 645.6 652.2 656.5 658.3 657 658.4 657.4 656.8 652.8 652.7 653.6 652 652.2 647.9 648.2 648.1 641.6 642.6 645.8 650.7 652.3 652 651.9 652.7 651.1 646.6 642.4 641.4 637.5 634.6 632.6 631.7 630 628.6 628.8
624.4 618.2 619.7 619.5 617.9 617 613.9 610 606.9 602.4 595.9 592.7 591.9 590 586.7 583.1 584.9 586.6 585.6 585.6 583.5 583.6 580.7 584 585.5 587.8 590 591.3 589.2 590.8 592.4 595.5 598.4 602.7 607.3 608.9 613.8 618.4 621.2 626.2 630.7 637.7 644.4 651 657.6 663.1 665.8 666.6 667.1 663.8 663.7 663.4 661.5 659.2 659.3 658.5 655.7 651.9 651.7 648.8 643.8 646.4 650.8 651.8 651.2 650.6 650.3 648.3 643.6 638.5 636.6 632.4 629.4 628 626.7 625.1 624.6 624.1
627.9 621.6 623 622.3 620.9 618.7 616.6 610.8 608.7 605.4 597.1 593.4 591.6 589.9 586.5 585.3 587.8 588.8 589.7 587.6 586.4 586.5 585 583.7 583.8 588.1 590 592.9 595.4 597.3 593.7 598.4 602.9 604.8 611.8 616.5 615.9 620 627.9 633 639.2 643.1 648.9 655.9 662.2 668 672.1 673.7 674.4 672.8 671.5 668.7 668 667.4 665.5 665.4 661 657.7 655.3 651.6 646.7 647.4 648.6 650 649.5 648.9 647.4 644.1 640.6 634.7 632.2 628.1 624.4 623.3 622.1 621.2 619.8 619.3
629.3 627.4 625.7 625.5 624.3 621.2 620.2 615.1 611.3 605.6 598.4 594.3 590.4 588.7 588.1 585.5 589.4 590.4 590.8 588.1 588.7 589.2 588.7 589 590.2 591.5 593.6 592.8 597.4 596.5 600.2 605.5 608.6 612.3 618.2 622.4 624.5 627.8 632.5 637.5 642.9 649.1 654.1 660.8 667.5 673.3 677 680.2 681.1 679.1 678.5 677.1 672.8 671.7 670.5 670.6 667.4 661.7 658.4 653.2 648 647.9 647.3 646.3 647.4 646.2 643.2 640.5 638.6 633 628.1 624.2 621.3 619.8 618.8 617.6 616.5 615.3
631.4 629.4 628.5 627.6 626.5 622.9 619.2 616.3 611.8 607.5 602.4 595.7 591.8 590 589.6 587 591.4 592.8 592.4 592 592.4 591.1 591.3 592 593.7 595.2 596.1 598.5 600.1 601.3 605.8 607.2 613.1 616 623.1 627.4 632.5 635.1 638 642.1 648.5 655.6 659.8 667.5 673.7 678.8 682.4 685.2 686.1 685 683.8 683.6 682 678.7 675.9 674.6 671.2 667.2 661.4 655.6 648.7 648.3 646.2 644.1 643.2 641.8 637.7 636.7 634.9 630.4 624.4 620.8 619.2 617.4 615.3 613.8 612.7 610.3
630.9 630.7 630.6 628.9 627.5 624.4 621.1 618.7 614.1 607.9 602.1 595.9 593 592.9 591 591.1 594 594.3 595.1 599.4 597.2 594.8 595.9 595 600.4 601.6 604.3 604.5 606.7 609.6 610.6 613.5 617.2 624.6 629.9 634.8 639.1 643.4 645.6 648.5 654.2 659.7 668.5 673.6 678.2 683 687.2 690.4 692.3 692.2 691.5 689.7 686.9 684.1 681 678.6 674.5 670 662.2 657.8 649.9 647.1 641.8 641.2 639.3 636.4 633.8 633.5 631.4 624.8 620.9 617.2 615.7 613.3 612.1 610.5 608.9 605
641.2 637.2 632.4 631.6 628.8 625.9 623.1 619.9 615.8 608.3 602.2 600 596.2 595.3 592.3 594.3 594.7 596.5 598.2 602.2 601.1 597.1 601.4 604.6 607.8 610.3 611.2 611.8 612.5 610.9 618.6 623.7 628.2 632.3 635.1 639.8 646.1 650.5 651.7 655.1 659.1 664.7 670.5 677 683.9 687.1 691.5 696.6 698.8 699.4 698.5 695.1 692.5 689 686.3 682.4 676.3 672.1 664.1 658.8 651.4 646.1 640.9 636.5 635.3 631.8 630.9 629.8 626.4 620.7 617.4 615.5 612.7 610 608.7 607.2 604.6 602.4
649.9 642.8 638 632.8 630.2 627.8 625.4 619.7 614.9 609.4 605.9 602.5 598.8 595 596.3 596.4 596.4 600.9 601.6 605.2 606 603.3 606.3 610.1 612.9 616.4 617.7 618.9 618.7 621.6 626.5 630.7 635.9 639.2 640.9 647.2 653.1 657.6 657.6 660.1 664.1 670.6 676.8 682.6 687.5 692.4 697.4 703.5 705.7 705.4 704.4 701.2 697.7 692.8 689.5 685 678.7 672.8 664.5 659.5 650.8 644.7 639.4 630 630.9 629.5 627.7 626.6 622.1 617 616 613.1 610.8 607.7 605.6 604.3 601.7 598.6
655.1 648.7 643 634.6 630.7 629.6 626.9 620.5 614.5 611.2 608.1 603.1 600.6 598.4 597.4 598.2 599.3 604.8 604.1 607.9 609.8 609.4 610.1 615.3 618.7 621.9 623.2 624.7 626.4 628.9 633 637.7 641.7 645.9 648.9 652.9 660.2 664.3 666.3 665.9 670.5 678.9 683.2 688.7 693.3 700 704.2 710.9 711.3 711.9 710 706.8 703.4 697.9 693 686.3 678.4 670.7 664.7 658.7 651.9 644.5 637.5 630 627.7 626.4 625.7 622.9 617.5 614.1 613.7 611 608.5 604.9 602.5 600.8 598.3 593.8
660.5 653.5 647.5 638.3 634.2 629.9 625.9 620.8 616.1 612.1 607.4 606.5 602.6 600.1 599.7 600.7 602.7 608.5 607.5 611 614.3 614.2 615.1 621.7 625.7 629.2 629.1 632.2 635.2 638.2 640.3 643.5 647.3 652.3 656.2 662.9 667.3 670.9 671.7 675.2 678.4 684.5 689.2 693.8 699.3 706 715.2 718.9 718.9 718.5 715 711.2 707.7 702.4 696.7 687.9 677.7 669.3 665.2 657.3 651 645.2 638 634.6 630.1 627 625.5 618.9 615.2 612.2 611.5 608.3 605.5 602.5 599.7 596.3 594.3 590.8
663.9 658.4 652.5 641 638.1 634.1 626.6 622.4 617.9 612.9 612.7 608.4 603.1 601.1 602 603 608.3 611.4 611.3 614.6 616.6 620.3 620.7 628 632.5 634.3 636.7 638.3 641.7 646.6 647.9 650.5 655 659.1 665.2 669.7 674.5 678.6 681.1 683.3 687.1 692.2 696.2 700.7 705.7 717.9 723.3 724.8 725.7 725 720.9 715.7 710.1 704.9 697.7 689 679.8 669.5 664 656.4 649.7 644.3 638.6 635.9 632.4 627.6 624.5 620 615.6 613.8 610.4 607.1 602.9 598.3 595.4 592.8 589 586.1
672.1 663.1 657.2 646.6 640.4 637.4 629.9 624.2 618.4 616 616.1 610.4 607.9 603.7 604.5 606.4 611 614.7 616.6 617.5 622.2 624.2 629.4 634.8 639 641.5 644.4 647.6 651.2 654 657.1 660.1 664.8 666.9 672.1 677.3 683.1 687.2 690.9 691.4 697.6 700.8 706.8 711.3 718.9 727.5 730.6 732.2 732.5 729.8 724.8 718.7 711.9 705.5 699 688.3 678.9 669.2 661.1 653.7 647.4 642.1 638.3 634.4 631.4 627.7 623.5 618.1 614.6 611.7 608.8 604.6 599.8 596.2 591.2 589.4 586.1 580.7
679.4 669.7 661.1 647.4 643.8 638 630.8 627.5 621.6 618.4 618.2 613.6 610.2 608.1 607.6 607.7 611.7 617 623.2 624.6 626.8 631.9 633.7 644 647.4 650.2 651.7 655 659.6 662.4 664.7 668.1 672.8 676.3 679.3 684.7 692.1 698.9 702.1 703 708.6 710.6 718 726 732.7 736.9 738.9 740.7 737.4 733.2 726.6 720.5 713.4 705.3 699 687.8 678.4 669 660.8 652.9 645.4 639.7 637.4 632.8 629.1 625.8 620.3 616.2 613.2 609.5 605.8 602.3 597.9 592.6 589 584 580.3 576.1
681.7 671.8 662.7 651.7 645.2 636.8 637.9 632.8 627 623.5 622.4 617.5 614.2 612.7 610.4 610.8 612.6 617.9 625.6 628.3 632.6 639 643 651.3 655.1 659 660.7 663.4 668.1 671.8 675.2 677.6 683.5 687.6 690.5 695 704.2 709 711.8 714.4 722.3 726.3 729.7 737.2 744.6 745.7 745.3 745.1 741.3 735.1 728.2 721 712.4 705.1 697.9 686.9 676.7 666.9 657.9 651.3 642.7 638.7 634.1 630 626.1 622.3 618.1 614.6 611.8 608 604.9 600.9 593.8 591.4 587.1 580.6 574.1 569.9
684.8 672.5 662.9 652.7 644.6 644 642.9 637.9 635.4 628.8 627.6 621.5 618.5 615.1 617.4 614.7 614.1 619.3 626.3 631.4 637 644.8 650.6 656.9 657.7 663.7 667.7 671.4 678.2 684.1 687.6 691.4 696.9 701.5 704.4 703.7 712.9 717.6 721.6 726 732.4 737.2 740.5 748 753.8 752.1 752.2 748.2 741.6 735.1 728.5 721 711.3 703.7 693.6 684.4 677.2 665.7 655.2 649.2 642.1 636.3 631.9 626.1 622.8 619.3 615.6 612.8 609.4 606.9 603.3 597.3 594.1 590.1 583.7 578.8 574.6 568.6
683.5 672.2 660.7 651 653.6 649.7 647.6 643.5 640.3 635 632.2 625.9 623.9 623 622.6 619.2 620.5 622.5 628.3 633.5 640.8 649.9 658.7 663.4 663.9 671.8 678.2 681.5 688.5 693.7 699.5 707.6 710.4 713.2 712.9 714.9 719.1 723.7 727.8 734.1 738.1 741.6 746.3 750.5 755.3 754.5 753.6 748.9 741.6 734.2 727.2 720.3 710 699 691.1 685 675.4 665.8 654 647.4 640.9 634.8 629 622.2 618.4 616 613 609.2 607.7 603.5 601.6 597.5 593.5 589.4 584.1 579.2 574.2 567.3
680 668.9 659.7 661.9 659.7 654.9 652 649.1 646.6 642.9 637.7 631 629.3 628.3 625.9 624.8 624 623.3 630.7 636.5 643.5 653.3 664 669.1 671.2 681 686.6 690.6 699 705.9 715.8 719.6 720.8 721.3 720.9 721.5 722 727.2 731.3 733.9 740.4 745.8 748.3 751 755.9 754.9 753.4 747.8 739.4 733.2 725.2 718.4 707.3 699.1 689.8 679.8 671.9 663.5 651.7 644.2 638.9 633.4 626.2 620 615.2 612.7 611.1 607.9 605.2 602.4 599.1 596.3 592.1 588.2 583.4 577.6 572.4 565.7
679 671.2 667.8 667.2 664.1 661.6 659.3 655.9 653.8 648.3 642.6 637.2 637.2 634.7 633.6 630.1 629.8 629.8 632.2 638.3 646 657.8 668.6 675.5 680.3 688.9 696.1 701.2 711.1 719.2 728.7 729.9 729.8 728.7 726.2 725.4 722.9 727.6 732 735.5 739.9 744.3 747.6 753.5 754.9 752.2 750.5 745.1 737.2 731.4 721.6 714.6 706.3 698.6 690 678.6 668.5 662.7 650.8 642.2 636.9 631 623.8 619.1 615.1 611.3 609.1 606.4 602.5 598.9 596.9 593.3 591.1 588 581.9 577.1 571.3 563.4
681.3 674.5 673.9 674.6 671.8 669 667.1 664.9 662.2 656.7 652.4 647.5 645.2 641.7 640.2 636 635.3 634.3 630.8 640.1 648 661.5 671.6 680.1 688.9 697.2 705.9 713.2 721.2 731.3 738.5 738.4 735.6 731.6 728.4 727 725.3 726.6 731.4 734.2 738.8 743.2 746.9 748.9 751 748.7 746.1 741.7 735.1 728.9 719.7 712.4 705 697.1 689.8 676 667 659.4 650.7 642.2 635.8 630.4 623.1 617.4 611.9 610.6 608.5 605.2 602.5 597.1 594 593.2 589.8 584.2 579.1 573.9 570.3 564
685.3 681.4 681.4 683.7 680.1 677.3 675.5 674.2 671.6 669.2 664.2 659 654.4 651.4 647.5 642.9 641.9 640.6 637.3 641.6 651 663.9 674.6 684.9 695.6 705.6 714.6 723.8 730.2 743.1 745 742.9 738.3 733.3 728.2 726.6 725.3 726 727.9 732.1 735.7 740.7 745 745.6 745.2 743.4 742.5 737.9 732.8 725.8 718.5 711.5 703.4 695.5 687 674.6 665.5 656.2 649 641.5 634.4 628.5 622.2 614.3 610.4 608 606.2 604.6 601.5 597.2 594.8 591.8 588.6 585.7 581.3 576.1 569.4 563.6
692 686.6 688.4 689.8 689.3 688.1 688.8 687.3 684.3 680.8 675.5 671.1 666.5 660.4 656.1 651.2 648.4 646.4 642.3 643.5 653.4 665.4 677.6 689.5 701.6 712.3 722.9 731.2 739.3 749.9 749.3 744.4 738 731.5 727.2 725.3 723.9 724 725.7 728.1 732 735.9 739.5 740.8 740.5 738.9 738 734.9 729.9 723 717 709.9 700.8 691.9 684 675.3 663.8 654.7 647.8 640.7 631.9 627.3 621.9 615.8 612.7 609.5 605.9 605.1 602.4 599.6 596.1 592.3 587.8 584.5 580.3 574.4 568.1 562.3
698.4 692.4 696.9 698.5 698.1 699.3 703.6 704.2 701 696.7 689 683.6 677.3 671.3 664 657.9 656.1 651.7 646.8 644.6 655.3 665.8 679.8 693.5 706.8 718.7 729 738.8 744.8 750.5 748.9 743.8 736.3 729.9 724.8 723.4 723.1 723 723.4 724.5 726.5 729.4 732.8 735.5 735.7 734.6 732.9 731.2 727.3 721.5 714.6 707.3 699.4 690.9 682.6 673 663.4 655 646.9 640.3 633.3 628.1 622.7 618.3 614.1 611 608.1 604.4 603.5 600.9 595.9 592 588.5 583.2 580 573.4 565.1 563.7
705 703.1 707.3 711.7 714.6 717.3 720.7 718.3 715.1 713.6 709 697.9 687.5 682.4 673.7 667.1 663.2 658.1 652.1 646.2 656.6 666.1 680.8 695.5 710.7 724.5 733.8 744 749.5 750.7 746.3 741.3 733.8 727.4 722 721.1 721.1 720.9 720.5 720.7 721.4 723.7 726.9 728.3 729.8 729.4 728.7 727.5 723.6 718.3 712.3 705.2 696 687.6 679.2 671.3 662.4 654 646.2 639.5 634.1 629 623.8 620.5 615.5 612.5 608.7 605.8 603.9 601.3 596 592.1 586.9 583.2 578.6 574.7 567.5 562.2
714.6 713.2 719.2 725.5 730.2 735.2 738.6 737.4 734.3 727.1 724.8 714.4 700.3 694.3 684.9 677.2 670.3 664.8 657.9 652 658.3 667.2 680.7 695.3 712.1 726.1 737.5 746.5 751.5 750.6 744.9 739.1 732.3 725.2 719.7 719.1 717.7 717.7 716.6 716.5 716.9 717.2 719.9 722.5 724.8 724.7 724 723.2 718.6 714.7 709.2 702 692.6 684.9 677.9 667.8 659.3 652.5 646.2 639.1 634.5 628.3 624 620.3 616.4 612.7 608 606.7 604.6 600.3 594 591.1 585.6 582.4 578.6 573.3 568.4 562.7
