UK/data/sh/sh50_OST50GRID_20230518/SH50.asc
ncols 200
nrows 200
xllcorner 250000
yllcorner 300000
cellsize 50
[rows 114 to 151 of 200, columns 84 to 167 of 200]
-1.1 -1.1 -1.1 -1.1 -1.1 -1.1 -1.1 -1.1 -1.1 -1.1 -1.1 -1.1 -1.1 -1.1 -1.1 -1.1 -1.1 -1.1 -1.1 -1.1 -1.1 -1.1 -1.1 -1.1 -1.1 -1.1 -1.1 -1.1 -1.1 -1.1 -1.1 -1.1 -1.1 -1.1 -1.1 -1.1 -0.1 0.9 2.6 10.2 11.8 13.3 15.7 16.8 16.4 16.2 16.2 16 16.4 17.3 18.4 20.2 22.3 24.8 27.8 31.1 34.5 37.9 41.6 46.3 52.2 61.7 82.3 110.6 141.6 153.6 157.9 155.3 158 171.6 178.7 171.1 160.9 159.8 165 171.5 176.2 172.2 163.4 152.3 137.8 121.1 105.7 94.1
-1.1 -1.1 -1.1 -1.1 -1.1 -1.1 -1.1 -1.1 -1.1 -1.1 -1.1 -1.1 -1.1 -1.1 -1.1 -1.1 -1.1 -1.1 -1.1 -1.1 -1.1 -1.1 -1.1 -1.1 -1.1 -1.1 -1.1 -1.1 -1.1 -1.1 -1.1 -1.1 -1.1 -1.1 -1.1 -1.1 0.3 1.3 9.6 10.6 11.3 12.7 15.1 16.4 15.8 15.5 15.1 15.2 16 16.9 18.3 20.2 22.7 25.3 27.9 31 34.3 37.7 42.1 47.6 52.7 71.8 98.8 128.7 149.9 156 157.7 156.7 165 177.8 179.7 171.1 167.9 171 175.3 178.7 181.4 176.3 166 153.3 136.9 120.4 106 92.7
-1.1 -1.1 -1.1 -1.1 -1.1 -1.1 -1.1 -1.1 -1.1 -1.1 -1.1 -1.1 -1.1 -1.1 -1.1 -1.1 -1.1 -1.1 -1.1 -1.1 -1.1 -1.1 -1.1 -1.1 -1.1 -1.1 -1.1 -1.1 -1.1 -1.1 -1.1 -1.1 -1.1 -1.1 -1.1 -0.5 0.6 1.7 9.8 10.3 11 11.7 12.8 13.9 13.9 13.9 14.2 14.8 15.6 16.6 18.4 20.6 23.2 25.9 28.5 31.3 34.6 38.9 43.4 50.1 59.3 80 110.7 139 151.4 154.4 155.8 160 171.1 181.3 178.8 173.7 174.5 178.3 180.7 184.8 185.2 177.9 167.3 152 135.2 118.3 103.9 90.6
-1.1 -1.1 -1.1 -1.1 -1.1 -1.1 -1.1 -1.1 -1.1 -1.1 -1.1 -1.1 -1.1 -1.1 -1.1 -1.1 -1.1 -1.1 -1.1 -1.1 -1.1 -1.1 -1.1 -1.1 -1.1 -1.1 -1.1 -1.1 -1.1 -1.1 -1.1 -1.1 -1.1 -1.1 -1.1 -0.2 1 3.2 11 11 11.2 11.4 12.1 12.6 12.7 12.8 13 14 15.6 16.9 18.5 21.1 23.8 26.4 29 31.9 36 40.4 46.2 54.5 65.5 95.3 124.2 143.6 150.2 154.7 158 165.4 174.3 178.1 177.5 175.9 179.4 181.2 182.2 186.6 185.3 177.3 163.2 147.7 132.4 114.5 96.2 82.9
-1.1 -1.1 -1.1 -1.1 -1.1 -1.1 -1.1 -1.1 -1.1 -1.1 -1.1 -1.1 -1.1 -1.1 -1.1 -1.1 -1.1 -1.1 -1.1 -1.1 -1.1 -1.1 -1.1 -1.1 -1.1 -1.1 -1.1 -1.1 -1.1 -1.1 -1.1 -1.1 -1.1 -1.1 -1.1 0.2 1.4 11.5 12.5 12.4 11.6 11.3 11.7 11.7 11.7 11.8 11.9 12.8 15.2 17.3 19.3 22.1 24.6 27.1 30 34.1 38.4 43.5 50.9 60.2 81.7 105.4 125.5 139.3 148.1 156.9 161.6 166.7 171.4 174 175 177.2 178.8 180.1 179.9 182.1 178.7 169.8 155.2 142.1 125.8 107.2 87.5 74.7
-1.1 -1.1 -1.1 -1.1 -1.1 -1.1 -1.1 -1.1 -1.1 -1.1 -1.1 -1.1 -1.1 -1.1 -1.1 -1.1 -1.1 -1.1 -1.1 -1.1 -1.1 -1.1 -1.1 -1.1 -1.1 -1.1 -1.1 -1.1 -1.1 -1.1 -1.1 -1.1 -1.1 -1.1 -1.1 0.4 1.7 11.9 12.8 12.7 11.7 11.5 11.6 11.5 11.4 11.3 11.4 11.6 14.9 17.9 20.2 23.2 25.8 28.4 32.3 36.4 41.8 49.4 59.8 75.7 95.4 115.3 128.9 138 146.7 155.3 161.2 166.5 169.6 174.7 178.2 179.2 178.4 175.4 171.9 170 166.5 156.5 146 131.1 114.1 96.4 77.2 66.9
-1.1 -1.1 -1.1 -1.1 -1.1 -1.1 -1.1 -1.1 -1.1 -1.1 -1.1 -1.1 -1.1 -1.1 -1.1 -1.1 -1.1 -1.1 -1.1 -1.1 -1.1 -1.1 -1.1 -1.1 -1.1 -1.1 -1.1 -1.1 -1.1 -1.1 -1.1 -1.1 -1.1 -1.1 -0.3 0.8 2.3 12.4 13.8 12.5 11.2 10.1 11.2 11.2 11.1 11 10.4 12 15 18 20.9 24.1 26.9 31.8 35.9 40.8 47.5 57.9 74 90.5 108.2 126.7 136.9 140.1 146 153.8 159.4 164.3 170.4 178.9 181.8 179.2 173.3 164.1 157.9 154.7 150.5 143.4 135.1 121.1 102.7 82.9 66.7 58.4
-1.1 -1.1 -1.1 -1.1 -1.1 -1.1 -1.1 -1.1 -1.1 -1.1 -1.1 -1.1 -1.1 -1.1 -1.1 -1.1 -1.1 -1.1 -1.1 -1.1 -1.1 -1.1 -1.1 -1.1 -1.1 -1.1 -1.1 -1.1 -1.1 -1.1 -1.1 -1.1 -1.1 -1.1 0.1 1.1 3.7 11.4 14 12.7 11.4 10.1 10.5 10.6 10.5 9.9 9.9 12.2 15.2 18.1 21.2 25.4 30.4 36.4 42.4 54.5 67.2 78 91.2 102.4 117.6 131.4 136.6 139.8 144.9 153.3 157.8 165.7 173.2 179.2 178.7 171.4 162 150 142.3 138.9 134.2 130.1 123.4 110.2 89.7 71.2 57.6 51.1
-1.1 -1.1 -1.1 -1.1 -1.1 -1.1 -1.1 -1.1 -1.1 -1.1 -1.1 -1.1 -1.1 -1.1 -1.1 -1.1 -1.1 -1.1 -1.1 -1.1 -1.1 -1.1 -1.1 -1.1 -1.1 -1.1 -1.1 -1.1 -1.1 -1.1 -1.1 -1.1 -1.1 -1.1 0.4 1.5 8.1 10.9 12.8 12.8 11.5 10.5 9.5 9.9 9.4 8.8 10.7 12.8 15.4 18.6 23 28.6 34.4 41.4 49.4 61.8 76.5 85.5 101.5 111.4 122.7 128.4 133.3 139 145.6 152.1 156.8 166.1 171.5 170.1 162.2 150.9 142.3 133.4 126.3 120.9 117.6 118.1 110.4 95.9 76 59.3 50 45.1
-1.1 -1.1 -1.1 -1.1 -1.1 -1.1 -1.1 -1.1 -1.1 -1.1 -1.1 -1.1 -1.1 -1.1 -1.1 -1.1 -1.1 -1.1 -1.1 -1.1 -1.1 -1.1 -1.1 -1.1 -1.1 -1.1 -1.1 -1.1 -1.1 -1.1 -1.1 -1.1 -1.1 -0.4 0.6 1.7 8.5 10.2 12 12.8 11.7 10.3 8.9 8.8 8.8 10.7 12.6 13.8 16.5 20.4 24.8 31.1 38.7 46 53.7 63.9 77.7 91.8 101.9 109.7 118.8 126.4 135.3 144.8 150.9 152.9 156.4 161.4 163.2 156.3 142.1 130.3 123.3 114.9 106.7 101.6 100.3 100.7 92.7 78.5 62.1 49.6 43.9 40.7
-1.1 -1.1 -1.1 -1.1 -1.1 -1.1 -1.1 -1.1 -1.1 -1.1 -1.1 -1.1 -1.1 -1.1 -1.1 -1.1 -1.1 -1.1 -1.1 -1.1 -1.1 -1.1 -1.1 -1.1 -1.1 -1.1 -1.1 -1.1 -1.1 -1.1 -1.1 -1.1 -1.1 -0.3 0.8 2.1 8.4 10 11.9 12.3 11.4 9.9 8.5 8.7 9.9 11.9 13.3 14.6 18.3 22 26.8 33.8 41 49.7 57.6 67.3 82.5 92.4 98.6 106.2 115.8 129.9 146.3 155.7 157.1 156.2 156.7 155.7 148 135.2 121.5 110.8 102.7 94.7 86 82.2 80.5 80.3 72.4 60.4 49.7 42.3 38.9 37.3
-1.1 -1.1 -1.1 -1.1 -1.1 -1.1 -1.1 -1.1 -1.1 -1.1 -1.1 -1.1 -1.1 -1.1 -1.1 -1.1 -1.1 -1.1 -1.1 -1.1 -1.1 -1.1 -1.1 -1.1 -1.1 -1.1 -1.1 -1.1 -1.1 -1.1 -1.1 -1.1 -1.1 -0.1 0.9 2.3 8.2 9.9 11.7 11.9 11.5 9.8 7.5 8.6 10.2 12.2 13.8 15.8 19.4 23.8 28.7 35.6 42.8 50.7 58.8 67.5 81 90 96.9 107.1 122.2 143.8 160.3 163.8 160.3 159.9 157.9 146.3 129.5 114.2 101.5 89.9 81.5 74.8 69.1 65.3 63.1 60.6 54.5 46.7 39.9 36.5 35.3 35.5
-1.1 -1.1 -1.1 -1.1 -1.1 -1.1 -1.1 -1.1 -1.1 -1.1 -1.1 -1.1 -1.1 -1.1 -1.1 -1.1 -1.1 -1.1 -1.1 -1.1 -1.1 -1.1 -1.1 -1.1 -1.1 -1.1 -1.1 -1.1 -1.1 -1.1 -1.1 -1.1 -1.1 0 0.9 2.1 8.5 9.9 11.2 11.4 11.3 9.4 7.4 6 8.9 11 13.2 16.1 19.7 24 29.1 35.1 41.8 49.4 56.7 62.8 71.7 81.4 94.1 111.5 132.2 151.9 165.1 158.8 171.4 171.1 155.6 134.6 115 95.9 80.5 69.6 63.1 58.5 54.8 51.6 49.9 46.4 41.6 36.2 33.4 32.3 32.4 35
-1.1 -1.1 -1.1 -1.1 -1.1 -1.1 -1.1 -1.1 -1.1 -1.1 -1.1 -1.1 -1.1 -1.1 -1.1 -1.1 -1.1 -1.1 -1.1 -1.1 -1.1 -1.1 -1.1 -1.1 -1.1 -1.1 -1.1 -1.1 -1.1 -1.1 -1.1 -1.1 -1.1 -0.1 0.7 1.6 9 9.8 10.7 11.2 10.5 8.7 6.6 5.7 7.7 10 12.4 15.4 18.6 22.9 27.4 33.3 39.9 46.6 52 57.5 60.9 75.9 92.7 116 138.7 164.3 147.1 129.1 170.9 168.2 142.8 120.6 102.3 79.1 63.2 54 49.2 46.8 44.7 42.8 40 36.8 32.7 30.3 29.6 29.7 31 35.2
-1.1 -1.1 -1.1 -1.1 -1.1 -1.1 -1.1 -1.1 -1.1 -1.1 -1.1 -1.1 -1.1 -1.1 -1.1 -1.1 -1.1 -1.1 -1.1 -1.1 -1.1 -1.1 -1.1 -1.1 -1.1 -1.1 -1.1 -1.1 -1.1 -1.1 -1.1 -1.1 -1.1 -0.4 0.4 1.3 4.6 9.5 10 10.3 8.8 7.2 5.4 5 6.5 8.8 11.7 14.6 17.6 21.5 25.6 31 36.7 42.4 46.6 51.7 54.6 69.5 91.1 115.8 136.1 144.1 128.7 169.1 174.4 156.4 125.7 101.3 80.3 62.1 49.9 43.4 39.8 38.4 37.6 35.9 34 32.3 28.4 26.6 26.8 27.2 30.1 34.3
-1.1 -1.1 -1.1 -1.1 -1.1 -1.1 -1.1 -1.1 -1.1 -1.1 -1.1 -1.1 -1.1 -1.1 -1.1 -1.1 -1.1 -1.1 -1.1 -1.1 -1.1 -1.1 -1.1 -1.1 -1.1 -1.1 -1.1 -1.1 -1.1 -1.1 -1.1 -1.1 -1.1 -1.1 0 1 2.3 8.2 8.8 8.4 6.7 5 3.9 3.8 5.3 8 10.9 13.8 16.6 20 24 28.6 33.8 38.4 41.9 45.3 48.6 60.3 79.1 107.8 128.9 125.6 105.9 159 164.2 140.7 108.1 81.7 62.2 48.8 40.2 35.6 33 31.2 30.6 30.2 28.4 26.7 24.8 23.4 23.4 26.1 28.1 30.7
-1.1 -1.1 -1.1 -1.1 -1.1 -1.1 -1.1 -1.1 -1.1 -1.1 -1.1 -1.1 -1.1 -1.1 -1.1 -1.1 -1.1 -1.1 -1.1 -1.1 -1.1 -1.1 -1.1 -1.1 -1.1 -1.1 -1.1 -1.1 -1.1 -1.1 -1.1 -1.1 -1.1 -1.1 -0.3 0.6 1.5 6.4 6.9 6 4.9 3.5 2.9 3.5 4.8 7.1 9.9 12.7 15.6 18.9 22.5 26.6 30.7 34.1 37.1 40.2 43.8 54 66.4 97.6 108.1 100.5 111.1 158.2 159.1 132.2 97.7 67.1 50.6 40.7 34 29.9 27.1 25.5 25.4 25.5 23.8 22.1 21.3 19.9 20.2 20.9 23.8 26.7
-1.1 -1.1 -1.1 -1.1 -1.1 -1.1 -1.1 -1.1 -1.1 -1.1 -1.1 -1.1 -1.1 -1.1 -1.1 -1.1 -1.1 -1.1 -1.1 -1.1 -1.1 -1.1 -1.1 -1.1 -1.1 -1.1 -1.1 -1.1 -1.1 -1.1 -1.1 -1.1 -1.1 -1.1 -1.1 0.3 1.2 3 4.8 4 3.8 3.2 2.9 3.1 4.4 7.1 8.9 11.7 14.6 17.9 20.8 24.8 28 29.8 32.2 34.9 37.7 47.7 49.5 84.5 93.9 97.5 140.4 153.5 143.3 119 82.8 53.9 40.4 33.6 28.7 24.8 22.5 21.3 20.5 20.8 19.1 18.3 17.9 16.6 16.3 17.2 19.1 21.6
-1.1 -1.1 -1.1 -1.1 -1.1 -1.1 -1.1 -1.1 -1.1 -1.1 -1.1 -1.1 -1.1 -1.1 -1.1 -1.1 -1.1 -1.1 -1.1 -1.1 -1.1 -1.1 -1.1 -1.1 -1.1 -1.1 -1.1 -1.1 -1.1 -1.1 -1.1 -1.1 -1.1 -1.1 -1.1 0 0.8 1.5 1.5 4.9 4 3.4 2.9 2.9 4.2 5.6 7.7 10.6 13.5 16.4 19.2 22.4 24.2 26.1 27.9 30.3 35.7 39.7 45.2 58.6 72.3 100.4 130.4 135.1 117 91.6 63.5 41.1 32.1 26.8 23.2 20.6 18.3 17 16.2 15.6 14.8 14.6 14.3 13.3 12.3 13.3 14.8 16.5
-1.1 -1.1 -1.1 -1.1 -1.1 -1.1 -1.1 -1.1 -1.1 -1.1 -1.1 -1.1 -1.1 -1.1 -1.1 -1.1 -1.1 -1.1 -1.1 -1.1 -1.1 -1.1 -1.1 -1.1 -1.1 -1.1 -1.1 -1.1 -1.1 -1.1 -1.1 -1.1 -1.1 -1.1 -1.1 -0.3 0.4 0.6 -1.1 -1.1 -1.1 4.1 3.9 3.8 3.9 5.2 6.2 9.6 12.1 14.5 16.9 19 20.6 22.3 24 26.4 28.1 33.9 45.5 60.6 69.7 79.9 112.6 106.4 89.8 66.3 45 31.2 25.7 21.7 18.8 16.5 14.3 12.8 11.9 11.4 11.5 11.3 11.1 10.3 9.9 9.1 10 12.2
-1.1 -1.1 -1.1 -1.1 -1.1 -1.1 -1.1 -1.1 -1.1 -1.1 -1.1 -1.1 -1.1 -1.1 -1.1 -1.1 -1.1 -1.1 -1.1 -1.1 -1.1 -1.1 -1.1 -1.1 -1.1 -1.1 -1.1 -1.1 -1.1 -1.1 -1.1 -1.1 -1.1 -1.1 -1.1 -1.1 -1.1 -1.1 -1.1 1.4 -1.1 -1.1 3.9 3.7 3.8 4.5 5.7 7 8.9 11.3 13.8 16.2 17.5 18.5 20.8 22 24.2 25.3 43.4 66.8 81 91.5 97 81.9 63.8 43.7 32.1 25.1 20.7 17.6 14.8 12.4 10.3 9 8 8.4 8.6 8.3 8.1 7.4 7.2 6.4 6.7 8.6
-1.1 -1.1 -1.1 -1.1 -1.1 -1.1 -1.1 -1.1 -1.1 -1.1 -1.1 -1.1 -1.1 -1.1 -1.1 -1.1 -1.1 -1.1 -1.1 -1.1 -1.1 -1.1 -1.1 -1.1 -1.1 -1.1 -1.1 -1.1 -1.1 -1.1 -1.1 -1.1 -1.1 -1.1 -1.1 -1.1 -1.1 -1.1 -1.1 6.2 5.4 -1.1 -1.1 3.9 3.8 3.8 4.7 4.3 5.8 8.1 10.6 13.2 14.5 15.2 20.7 20.7 21.1 24.1 32.4 51.4 67.7 86 78.5 58.6 41.1 31.1 24.3 20.7 17 13.8 10.8 8.7 7.1 5.3 5.1 5.4 5.7 5.4 5.1 4.5 4.8 4.9 4.6 5.2
-1.1 -1.1 -1.1 -1.1 -1.1 -1.1 -1.1 -1.1 -1.1 -1.1 -1.1 -1.1 -1.1 -1.1 -1.1 -1.1 -1.1 -1.1 -1.1 -1.1 -1.1 -1.1 -1.1 -1.1 -1.1 -1.1 -1.1 -1.1 -1.1 -1.1 -1.1 -1.1 -1.1 -1.1 -1.1 -1.1 -1.1 -1.1 -1.1 2.6 3.2 4.9 -1.1 -1.1 -1.1 3.7 2.3 2.6 3.4 5 7.8 10.3 11.4 12.2 13.1 15.9 17.4 20.1 25 45.8 77 75.6 54.1 36.7 27.3 22.8 18.6 16.7 13.3 10.2 7.1 5.3 3.9 2 3.5 3.1 2.8 2.9 3 3 3.5 4.1 4.1 3.9
-1.1 -1.1 -1.1 -1.1 -1.1 -1.1 -1.1 -1.1 -1.1 -1.1 -1.1 -1.1 -1.1 -1.1 -1.1 -1.1 -1.1 -1.1 -1.1 -1.1 -1.1 -1.1 -1.1 -1.1 -1.1 -1.1 -1.1 -1.1 -1.1 -1.1 -1.1 -1.1 -1.1 -1.1 -1.1 -1.1 -1.1 -1.1 0.6 1.7 4.1 4.4 3.1 -1.1 -1.1 -1.1 3.6 3 3 2 5.3 7.4 8.7 9.5 11.2 12.8 14.7 17.5 20.8 41.1 72.2 55.1 33.6 23.9 19.6 17 14.1 11.9 9.6 6.5 4.1 2.1 2.7 2.6 -1.1 -1.1 -1.1 -1.1 2.7 3 3.7 3.9 3.9 3.9
-1.1 -1.1 -1.1 -1.1 -1.1 -1.1 -1.1 -1.1 -1.1 -1.1 -1.1 -1.1 -1.1 -1.1 -1.1 -1.1 -1.1 -1.1 -1.1 -1.1 -1.1 -1.1 -1.1 -1.1 -1.1 -1.1 -1.1 -1.1 -1.1 -1.1 -1.1 -1.1 -1.1 -1.1 -1.1 -1.1 -1.1 -1.1 0.2 1 1.7 3.2 2.6 2.6 5.6 -1.1 -1.1 4.5 4.2 2 3.1 4.3 5.8 6.7 7.9 9.7 11.6 13.6 17 26.7 47 29.2 20.1 15.5 13.7 12.1 10.3 8.2 6.4 4.3 -1.1 -1.1 -1.1 -1.1 -1.1 -1.1 -1.1 -1.1 -1.1 -1.1 3 2.6 2.9 2.9
-1.1 -1.1 -1.1 -1.1 -1.1 -1.1 -1.1 -1.1 -1.1 -1.1 -1.1 -1.1 -1.1 -1.1 -1.1 -1.1 -1.1 -1.1 -1.1 -1.1 -1.1 -1.1 -1.1 -1.1 -1.1 -1.1 -1.1 -1.1 -1.1 -1.1 -1.1 -1.1 -1.1 -1.1 -1.1 -1.1 -1.1 -1.1 -1.1 0.1 1 1.6 3 2.8 2.7 4.6 -1.1 -1.1 2.5 2.3 3 3.1 2 3.8 4.8 6.8 8.8 9.9 11.7 13.5 14 13.1 11.5 10.2 9.4 8.6 6.6 4.7 -1.1 -1.1 -1.1 -1.1 -1.1 -1.1 -1.1 -1.1 -1.1 -1.1 -1.1 -1.1 -1.1 -1.1 2.9 2.8
-1.1 -1.1 -1.1 -1.1 -1.1 -1.1 -1.1 -1.1 -1.1 -1.1 -1.1 -1.1 -1.1 -1.1 -1.1 -1.1 -1.1 -1.1 -1.1 -1.1 -1.1 -1.1 -1.1 -1.1 -1.1 -1.1 -1.1 -1.1 -1.1 -1.1 -1.1 -1.1 -1.1 -1.1 -1.1 -1.1 -1.1 -1.1 -1.1 -1.1 0 1 1.7 3.1 1.8 0.3 4.1 -1.1 -1.1 -1.1 2.8 2.9 2.8 1.8 2.3 4.1 6.4 7 7.6 8.1 7.8 7.5 7.1 6.7 6 5.1 -1.1 -1.1 -1.1 -1.1 -1 -1 -1 -1.1 -1.1 -1.1 -1.1 -1.1 -1.1 -1.1 -1.1 -1.1 -1.1 -1.1
-1.1 -1.1 -1.1 -1.1 -1.1 -1.1 -1.1 -1.1 -1.1 -1.1 -1.1 -1.1 -1.1 -1.1 -1.1 -1.1 -1.1 -1.1 -1.1 -1.1 -1.1 -1.1 -1.1 -1.1 -1.1 -1.1 -1.1 -1.1 -1.1 -1.1 -1.1 -1.1 -1.1 -1.1 -1.1 -1.1 -1.1 -1.1 -1.1 -1.1 -1.1 0 1 1.9 3.6 4.6 5.2 4.2 -1.1 -1.1 -1.1 2.4 2.3 1.9 1.8 1.8 4.1 4.8 4.8 4.9 4.4 4 3.7 -1.1 -1.1 -1.1 -1.1 -1.1 -1 -0.9 -0.8 -0.8 -0.8 -0.8 -0.8 -0.8 -0.9 -0.9 -1 -1.1 -1.1 -1.1 -1.1 -1.1
-1.1 -1.1 -1.1 -1.1 -1.1 -1.1 -1.1 -1.1 -1.1 -1.1 -1.1 -1.1 -1.1 -1.1 -1.1 -1.1 -1.1 -1.1 -1.1 -1.1 -1.1 -1.1 -1.1 -1.1 -1.1 -1.1 -1.1 -1.1 -1.1 -1.1 -1.1 -1.1 -1.1 -1.1 -1.1 -1.1 -1.1 -1.1 -1.1 -1.1 -1.1 -1.1 0.1 1.1 4.1 6.5 6 4.9 3.2 -1.1 -1.1 -1.1 -1.1 -1.1 -1.1 -1.1 -1.1 2.8 2.8 -1.1 -1.1 -1.1 -1.1 -1.1 -1.1 -1.1 -1.1 -1.1 -0.9 -0.7 -0.6 -0.6 -0.6 -0.6 -0.6 -0.6 -0.6 -0.6 -0.8 -1.1 -1.1 -1.1 -1.1 -1.1
-1.1 -1.1 -1.1 -1.1 -1.1 -1.1 -1.1 -1.1 -1.1 -1.1 -1.1 -1.1 -1.1 -1.1 -1.1 -1.1 -1.1 -1.1 -1.1 -1.1 -1.1 -1.1 -1.1 -1.1 -1.1 -1.1 -1.1 -1.1 -1.1 -1.1 -1.1 -1.1 -1.1 -1.1 -1.1 -1.1 -1.1 -1.1 -1.1 -1.1 -1.1 -1.1 -1.1 0.2 1.2 5.2 5.8 4.6 4 4.1 -1.1 -1.1 -1.1 -1.1 -1.1 -1.1 -1.1 -1.1 -1.1 -1.1 -1.1 -1.1 -0.2 -0.2 -0.6 -0.6 -0.7 -0.8 -0.7 -0.5 -0.4 -0.3 -0.3 -0.3 -0.4 -0.4 -0.4 -0.4 -0.6 -0.9 -1.1 -1.1 -1.1 -1.1
-1.1 -1.1 -1.1 -1.1 -1.1 -1.1 -1.1 -1.1 -1.1 -1.1 -1.1 -1.1 -1.1 -1.1 -1.1 -1.1 -1.1 -1.1 -1.1 -1.1 -1.1 -1.1 -1.1 -1.1 -1.1 -1.1 -1.1 -1.1 -1.1 -1.1 -1.1 -1.1 -1.1 -1.1 -1.1 -1.1 -1.1 -1.1 -1.1 -1.1 -1.1 -1.1 -1.1 -1.1 0.3 1.2 5.2 4.7 4.2 4.4 3.6 3.1 3 2.8 2.6 -1.1 -1.1 -1.1 -1.1 -1.1 0.3 0.6 0.8 0.3 -0.1 -0.2 -0.3 -0.5 -0.5 -0.4 -0.2 -0.1 -0.1 -0.1 -0.1 -0.1 -0.1 -0.1 -0.4 -0.7 -1.1 -0.9 -1.1 -1.1
-1.1 -1.1 -1.1 -1.1 -1.1 -1.1 -1.1 -1.1 -1.1 -1.1 -1.1 -1.1 -1.1 -1.1 -1.1 -1.1 -1.1 -1.1 -1.1 -1.1 -1.1 -1.1 -1.1 -1.1 -1.1 -1.1 -1.1 -1.1 -1.1 -1.1 -1.1 -1.1 -1.1 -1.1 -1.1 -1.1 -1.1 -1.1 -1.1 -1.1 -1.1 -1.1 -1.1 -1.1 -1.1 0.4 1.3 5 4.5 3.8 3.3 3.8 3.9 4 3.8 2.8 -1.1 -1.1 0.9 1.9 2 1.9 1.3 0.6 0.4 0 0 -0.2 -0.2 -0.2 -0.1 0.1 0.1 0.1 0.1 0.1 0.1 0.1 -0.2 -0.5 -0.6 -0.4 -0.1 -0.8
-1.1 -1.1 -1.1 -1.1 -1.1 -1.1 -1.1 -1.1 -1.1 -1.1 -1.1 -1.1 -1.1 -1.1 -1.1 -1.1 -1.1 -1.1 -1.1 -1.1 -1.1 -1.1 -1.1 -1.1 -1.1 -1.1 -1.1 -1.1 -1.1 -1.1 -1.1 -1.1 -1.1 -1.1 -1.1 -1.1 -1.1 -1.1 -1.1 -1.1 -1.1 -1.1 -1.1 -1.1 -1.1 -0.4 0.5 1.5 4.7 4 3.5 4.4 4.6 4.5 3.4 2.5 2.2 1.9 1.8 1.8 1.9 1.8 1.5 1 0.7 0.4 0.3 0.1 0 0 0.1 0.3 0.4 0.4 0.3 0.3 0.3 0.3 0 -0.2 -0.2 0 0.3 0.6
-1.1 -1.1 -1.1 -1.1 -1.1 -1.1 -1.1 -1.1 -1.1 -1.1 -1.1 -1.1 -1.1 -1.1 -1.1 -1.1 -1.1 -1.1 -1.1 -1.1 -1.1 -1.1 -1.1 -1.1 -1.1 -1.1 -1.1 -1.1 -1.1 -1.1 -1.1 -1.1 -1.1 -1.1 -1.1 -1.1 -1.1 -1.1 -1.1 -1.1 -1.1 -1.1 -1.1 -1.1 -1.1 -1.1 -0.3 0.7 1.7 4.4 5 4.4 4.5 3.5 2.8 2.3 2.2 2.1 2 1.8 1.9 1.8 1.7 1.3 1 0.7 0.5 0.4 0.3 0.3 0.3 0.4 0.6 0.6 0.6 0.6 0.6 0.5 0.2 0.1 0.2 0.4 0.7 0.9
-1.1 -1.1 -1.1 -1.1 -1.1 -1.1 -1.1 -1.1 -1.1 -1.1 -1.1 -1.1 -1.1 -1.1 -1.1 -1.1 -1.1 -1.1 -1.1 -1.1 -1.1 -1.1 -1.1 -1.1 -1.1 -1.1 -1.1 -1.1 -1.1 -1.1 -1.1 -1.1 -1.1 -1.1 -1.1 -1.1 -1.1 -1.1 -1.1 -1.1 -1.1 -1.1 -1.1 -1.1 -1.1 -1.1 -1.1 -0.1 0.9 4.8 3.9 3.2 4.1 3.5 2.8 2.3 2.3 2.2 2.2 2.1 1.8 1.8 1.8 1.6 1.3 1 0.8 0.7 0.5 0.5 0.6 0.6 0.7 0.8 0.8 0.8 0.8 0.7 0.5 0.4 0.6 0.8 1.1 1.4
-1.1 -1.1 -1.1 -1.1 -1.1 -1.1 -1.1 -1.1 -1.1 -1.1 -1.1 -1.1 -1.1 -1.1 -1.1 -1.1 -1.1 -1.1 -1.1 -1.1 -1.1 -1.1 -1.1 -1.1 -1.1 -1.1 -1.1 -1.1 -1.1 -1.1 -1.1 -1.1 -1.1 -1.1 -1.1 -1.1 -1.1 -1.1 -1.1 -1.1 -1.1 -1.1 -1.1 -1.1 -1.1 -1.1 -1.1 -1.1 0.2 1.3 4.8 1.6 3.2 3.1 2.5 2.5 2.4 2.4 2.3 2 1.8 1.8 1.8 1.8 1.5 1.3 1.1 0.9 0.8 0.8 0.8 0.8 0.9 1 1 1 1.1 0.9 0.8 0.8 1 1.3 1.5 1.8
-1.1 -1.1 -1.1 -1.1 -1.1 -1.1 -1.1 -1.1 -1.1 -1.1 -1.1 -1.1 -1.1 -1.1 -1.1 -1.1 -1.1 -1.1 -1.1 -1.1 -1.1 -1.1 -1.1 -1.1 -1.1 -1.1 -1.1 -1.1 -1.1 -1.1 -1.1 -1.1 -1.1 -1.1 -1.1 -1.1 -1.1 -1.1 -1.1 -1.1 -1.1 -1.1 -1.1 -1.1 -1.1 -1.1 -1.1 -1.1 -1.1 0.5 1.6 5.8 1.6 2 2.4 2.5 2.6 2.4 2.2 2 1.9 1.9 1.8 1.8 1.8 1.6 1.4 1.2 1 1.1 1.1 1.1 1.1 1.2 1.3 1.3 1.3 1.2 1.1 1.2 1.4 1.7 1.8 1.8
-1.1 -1.1 -1.1 -1.1 -1.1 -1.1 -1.1 -1.1 -1.1 -1.1 -1.1 -1.1 -1.1 -1.1 -1.1 -1.1 -1.1 -1.1 -1.1 -1.1 -1.1 -1.1 -1.1 -1.1 -1.1 -1.1 -1.1 -1.1 -1.1 -1.1 -1.1 -1.1 -1.1 -1.1 -1.1 -1.1 -1.1 -1.1 -1.1 -1.1 -1.1 -1.1 -1.1 -1.1 -1.1 -1.1 -1.1 -1.1 -1.1 -0.2 0.9 3.5 2.2 2.7 2.6 2.4 2.6 2.4 2.2 2.1 2 2 1.9 1.8 1.8 1.8 1.7 1.5 1.3 1.3 1.3 1.3 1.4 1.4 1.5 1.5 1.6 1.5 1.5 1.6 1.8 1.8 1.8 1.8
