WholeMapElevations/data/nt/nt22_OST50GRID_20230518/NT22.asc
ncols 200
nrows 200
xllcorner 320000
yllcorner 620000
cellsize 50
[rows 140 to 174 of 200, columns 0 to 77 of 200]
392.7 382.4 369.9 360.7 352.3 341.5 334 334 334 334 334 334 334 334 334 334 334 334 334 334 333.9 310.4 291 284.9 282.4 279 281.9 282.5 282.8 283.1 280.9 279.7 277.1 278.9 279 278.5 278.3 277.9 278.1 277.5 276.1 276.2 276.5 278.2 277.4 279.7 283.4 285.1 289.5 294.1 298.1 299.6 299.4 296 292 288.3 282.4 276.8 271.4 265.9 261.2 258.8 257.5 256.3 255.6 255.3 253.2 254.3 253.8 253.3 252.7 252 251.5 251.1 250.8 250.5 250.3 249.9
361.3 357.7 354 342.4 334 334 334 334 334 334 334 334 334 334 334 334 334 334 334 334 334.6 311.5 290.7 284.1 283.8 284.3 283.4 281.6 281.5 281.6 281.9 282.9 283 283.2 282 279.8 280.2 279.3 277.4 277.7 282.1 284.4 285.7 285.1 281.9 283.6 288.6 293.7 298.5 302.9 306.9 309.4 308.7 304.1 301.7 298.4 292.3 285.3 279.1 273.6 268.5 263.9 261.5 258.4 255.9 255.1 254.6 254.6 253.3 252.9 252.6 252 251.7 251.2 250.9 250.7 250.4 250.1
337 334 334 334 334 334 334 334 334 334 334 334 334 334 334 334 334 334 334 334 333.4 310.5 293.1 292.6 293.4 292.6 290.9 289.8 290 289.6 288.4 287.5 285.7 284.9 284.3 282.9 282.2 284.6 281.4 285.2 285.5 287.6 289.6 289.8 290.4 295.7 300.6 307.4 313.5 316.7 321.3 326.8 325.8 323.2 319.7 312.6 303.7 294.7 289.2 283 278.6 274.2 270.1 265.2 261.8 259.6 257.8 255.5 251.9 253 252.1 252 251.8 251.4 251.1 250.8 250.6 250.3
334 334 334 334 334 334 334 334 334 334 334 334 334 334 334 334 334 334 334 334 334.7 313.7 300.5 300.8 300.9 299.4 297.8 296.6 295.6 294.8 293.1 290.6 288.2 286.9 286.4 282.2 284.9 287.2 285.7 288.1 289.5 292.2 294.6 297.8 302.7 307.9 313.9 323.5 330 332.9 337 341.2 341.3 337 332.4 321.6 312.2 305.1 299.1 293.6 290.4 286.8 283.7 279.2 274.4 269.7 264.3 260.9 257.5 254.2 251 252 251.7 251.6 251.3 251 250.8 250.2
334 334 334 334 334 334 334 334 334 334 334 334 334 334 334 334 334 334 334 334 337.2 320 311.4 311.1 310.8 308.4 306.9 305.1 303.2 301.3 297.5 293.7 290.9 289.3 288 287.5 288.6 290.1 290 292.4 295.2 299.2 303.2 308.7 314.8 320.4 328.1 339 347.1 350.1 349.6 352.4 352.1 349.9 343.7 330.4 326.8 318.6 311.5 308.2 304.9 300.6 297.5 293.8 288.9 282.7 275.8 269.5 264.3 259.7 257 255.3 253 250.5 251.3 251.2 250.4 250.1
334 334 334 334 334 334 334 334 334 334 334 334 334 334 334 334 334 334 334 334 334.6 331.3 329.1 324.1 321.9 320 317.4 314.7 311.1 307.1 301.8 296.5 293.8 292.4 289.9 290 291.8 293.5 293.1 298.4 302.3 306.5 312 318.6 325.6 330 340.4 354.4 361.1 363.9 359.6 362.3 361.4 357.5 353.3 347.5 344.5 336.5 328.1 328.2 322 316.7 313.6 309.3 304.7 298.8 291.8 283.3 275 270.1 265.7 262.8 259.6 255.8 254 253.4 251.3 248.9
334 334 334 334 334 334 334 334 334 334 334 334 334 334 334 334 334.8 341.8 355.8 355.4 358 356 347.6 340 337.4 334.4 329.7 324.5 319.3 313.2 306 299.5 297 296.5 292.2 293.9 296 298.2 298.1 302.8 308.2 314.3 320.3 327.2 333.6 340.1 353.3 369 375.1 375.1 369 369.7 370.7 370.2 365.5 363.9 359.9 351 345 342.6 341.2 335.9 333.9 326.7 324.2 319 313.9 302.2 291.1 283.4 279.3 273 267.8 264.6 262.1 260.1 255.8 254.7
334 334 334 334 334 334 334 334 334 334 334 334 334 334 333.8 343.9 361.8 376 385.9 385.8 384.2 376.1 367.2 360.2 354.8 349.5 343.4 335 325.9 318.1 309 303.6 302.3 299.3 294.2 298.1 300.5 301.8 305.2 305.5 313.7 320.6 327 333.4 339.9 350.8 368.5 382 385.3 382 376.5 377.8 378.3 376.3 375.1 375 372 364.4 363 359.7 357.4 357 355.2 348.9 347.6 345 335.3 326 311.7 304 296.8 287 277.5 275.3 273.2 268.9 265.6 263.2
334 334 334 334 334 334 334 334 334 334 334 334 334 337.1 352.1 372.2 392.4 407.9 416.8 417.3 410 399.2 389.7 380.2 372.9 363.9 355.7 342.7 331.6 323.1 314.3 309.2 306.1 302.8 295.1 303 304.8 306.5 311.1 313.2 312.5 325.5 332.7 338.7 346.8 359.9 375.5 390.8 395.9 392.7 385 384.1 384.8 382.3 387 386.8 385.7 385.3 386.8 384.3 378.9 377.5 378.2 375.4 372.6 367.9 356.2 348.6 333.1 325.5 315.6 302.4 289.9 286.2 283.2 278.6 274.3 272.7
334 334 334 334 334 334 334 334 334 334 334 336.8 346.7 360.1 379.5 401.4 421.5 439.1 445.1 444.1 431.3 420.6 408.1 396 386 376.3 364.7 348.2 336 327 319.1 314 310.1 304 303.1 307 309.9 313.1 318.6 322 318.3 325.8 338 343.6 353.7 367.3 383 396.7 401.3 396.8 390.5 393.9 394.5 393.9 397.2 400 401.1 403.2 403.9 402.9 398.7 395.9 397.6 395.5 395.9 392.7 385.6 370.2 357.6 346.6 333.7 319.6 306.3 298.5 295 290.2 286.4 282.5
334 334 334 334 334 334 334 334 334 334.6 345.2 355.4 370.1 387.4 407.8 430.9 451.1 462.8 471.2 465.8 453.1 439.5 426.5 408.7 395.8 384.3 368.7 352.8 340.4 332.2 325.2 318.4 312.4 304 310.4 312.1 315.7 320.3 326.4 330.9 331.5 325.3 343.3 350.1 360.3 373.9 387.8 398.2 401.3 399.2 398.7 402.3 402.5 403.4 407 411.5 414.8 415.8 414.6 415.6 414.5 414.1 412.4 415 417.6 420.9 413.4 397.8 388.2 372.2 354 335.5 320.3 310.6 308.3 303.2 298.3 291.1
334 334 334 334 334 334 334 334 341.7 353.6 362.4 377.9 397.4 415.2 434.8 458.2 475.1 484.9 490.7 481.8 469.1 454.5 440.3 419.2 405.1 388.6 367.9 355.1 344.7 337.2 329.1 319.3 308.8 316.4 317.9 320.6 323.6 328.8 334.8 338.8 339.8 332.5 348.3 355.5 365.7 378.5 390.7 401.3 403.5 403.7 404.6 407.9 409.9 412.7 416.5 422.8 425.2 426.5 427.4 429.6 428.9 430 427 435.6 437.8 440.7 432.9 422.9 410.3 398.3 378 353.8 339.3 329.3 322.8 316.7 308.4 298.4
334 334 334 334 334 335.7 343.4 351.4 360.5 372.9 386.3 404.5 425.3 443.2 462.4 479.6 489.9 501.3 500.4 490.1 477.2 463 446.6 427.1 410.3 388.5 368.7 354.7 346.5 339.6 331.8 314.7 322.8 326.5 328 332.2 334.3 337.9 342.7 346.4 347 333.1 353.2 362.8 372.2 382.9 394.5 403.9 407 408.3 409.8 413.4 416.8 419.8 426.4 430.5 431.9 433.7 439.7 443.2 446 447.2 447.4 451.4 455.4 456.1 450.5 440.9 430.6 416.5 398.4 376.1 364 349.7 345.4 333 318.7 308.1
334 334 334.4 341 346.7 353.3 364 374.4 387 400.2 414.4 431.4 450.3 466.1 480.4 492.4 503.1 510.4 501 491.4 479.4 465 447.6 427.5 402.2 384.6 369.1 354.8 346.7 338.5 328 328.6 332.4 339.3 341.3 344.3 347.2 349.1 351 353.3 355 344.1 356.6 368.4 378.5 388 397.3 406.4 411 414.2 415 418.3 422.8 427.6 433.1 436.2 439.1 443.5 450.3 455 458.4 463.3 464.9 465.7 469.9 470.4 466.3 458.1 447.3 432.8 414.4 396.1 382.7 371.1 362 343.9 328.3 311.2
336.6 344.1 351.3 358.8 367.7 376.3 391.2 399.5 413.5 429.2 442 458 470.1 482.7 493.7 503.7 513.7 509.3 499 489.8 478.1 462.5 443.1 422.2 397.1 381.4 367.3 355.3 346.5 337.5 333.5 337.7 343.9 352.2 355.1 357.1 358.4 359.8 360.6 361.9 362.7 357.3 356.9 373.1 382.8 392.2 400.6 409 416.4 420.4 420.3 424.3 428.8 433.9 437.8 441.7 445.9 452.1 459.1 463.7 467.8 473.1 476.2 478.8 481.4 479.7 474.6 467.6 458.6 445 429 414.4 399.9 384.5 369 350.4 331.2 312.6
355 363.4 370.9 378.5 390.3 404.6 419.8 432.4 444.2 455.7 466 475.7 486.6 496.8 505.6 512.7 511.6 502.3 494.3 485.4 472.8 455.2 436.7 415.1 394.7 380 365.8 354.4 344 332.7 341.9 350.4 355.7 364.1 366.7 367.1 367.8 368.9 369.5 369.9 369.4 364.3 356.7 376.3 387.3 396.6 405.1 413.1 420.5 424.9 427.3 431.2 434.4 438.1 441.2 445.4 450.2 458 464.8 469.1 474.2 479.3 482.5 484.9 485.8 483.1 478.1 470.5 462 451.8 439.9 427 410.5 389.5 370.5 353.2 330.9 310.4
381 389.4 394.7 397.4 415.4 436.8 448.6 457.3 465.3 472.9 482.4 491.2 499.9 507.6 512.2 510.2 501.9 492.7 485.7 476 462.9 445.7 426.2 406 391.4 375.6 363.5 351.9 338.9 342.2 350.8 359.5 365.6 371.8 376.2 376.4 375.3 375.6 376.4 376.5 375.5 371 357.5 378.7 391.4 401.2 409.8 417.3 424 429.6 434 436.7 439.6 442.8 444.8 448.9 454.2 461.1 466.9 471.2 476.3 481.6 485.8 486.8 485.2 481.7 477.2 470.1 461.6 452.3 443.3 429.2 410.3 390.8 371.3 349.5 325.8 305.5
406.4 415.3 420.5 420.9 443.7 456 466 473.8 480.3 487 495.2 502.9 508.3 511.4 506.5 497.4 487.6 479.8 472.4 462.7 448.6 430.2 408.6 395.3 381.9 368.3 358.7 348.5 342.8 349.8 359 367.6 373.1 379.5 384.4 386.3 383.9 382.9 383.2 382.3 380.8 377.1 363.9 382.4 395 404.9 414.3 423.2 429.2 434.3 438.3 442.7 446.3 449 449.7 453 457.6 462.9 468.4 472.3 476 480.3 483.2 483.5 481.3 476.9 471.8 465.7 457.9 449.1 439.3 424 406.3 388 366.3 342.6 320 299.4
429.6 436.8 441.8 450 460.5 470.5 478.5 485.2 491.1 497.6 504.7 509.7 509.7 502.3 491.6 481 472.8 464.4 455.9 445.4 428.9 412.3 397.6 385 371.8 361.1 352.8 343.3 350.2 356.9 365.5 374.9 381.5 386.7 390.6 392.5 392.6 390.6 389.5 388 386.2 383.4 372.3 385.2 397.8 407.9 418.2 427.9 434.1 440 445.6 449.3 453.1 455.9 455.8 457.1 460.8 465 469.1 472.9 474.6 476.5 477.3 475.9 473.4 468.5 463.1 457.3 449.7 442 430.9 416.6 399.6 381.9 356.2 332.8 310.8 291
450.3 452.5 453.9 463.2 472.6 480.5 486.7 492.7 497.6 503.5 508 506.1 497.8 485.9 473 463.9 457.3 448 438.5 427 410.2 396.9 386.2 374 363 354.8 349 348.9 356 363.8 373.7 382.9 391.3 394.1 395.3 396 397.6 396.4 394.9 393.7 391.9 389.6 383.8 381.2 399.7 410.9 421.8 432.2 439.6 445.5 450.7 457.2 459.7 461.4 461.8 460.9 463.9 466.3 470.2 472.5 473 472.7 470.1 466.5 463.3 458 451.6 444.3 436.7 428.9 419.3 406.5 389.4 363 335.8 314.2 298.6 281.6
464.9 464 463.9 472.9 479.6 485.3 491.4 495.3 500.1 504.6 501.7 492.7 480.3 467.4 456.1 447.5 439.1 429.8 420 409.1 395.2 384.8 375 364.8 356.6 352.9 353.4 353.9 362.2 372.3 382 391.2 400.6 400.9 399.1 400.3 402.5 401.5 400.2 399.7 398.1 396.7 394 382.3 401 413.2 424.4 435.1 442.7 450.3 457.6 466.1 467.4 466.2 465.9 465.4 466.7 468.4 470.9 472 471.3 468.7 463.7 459 453.3 445.8 437.1 427.3 417.9 409.2 399.6 387.6 366.7 336.2 313.4 298.5 284.3 270.2
474.7 471.2 471.8 476.6 481.1 485.1 488.3 491.1 494.1 492.7 484.5 474.6 461.1 450.3 439.9 429.9 421.7 411.3 400.9 392.7 383.5 374.5 366 358.2 352.8 361.1 363.7 357.8 367.9 379.1 388 396.4 405 405.3 404.5 406.3 408.3 407.3 407.1 406.7 405.4 404.3 403.3 396 397.1 414 425.5 437.4 446 453.8 463.2 471 473.4 472 469.8 468.8 469.1 470.2 471.6 471.7 469.9 466.3 460.5 452.1 443.6 432.4 420.2 407.8 395.3 384.7 373.6 360.2 341.6 320.5 302.9 288.2 274.2 259.9
479.3 474.6 474.9 477 477.3 478 478.1 479.3 479.5 475.1 466.2 454.1 442.6 433.4 423.5 415.2 406.8 396.5 388.7 381.5 373.6 365.6 359.4 363 367.6 372.6 375.7 364.6 372.3 384.7 394.5 403 411 412.8 411.6 412.9 414.7 414.8 415.2 414.8 413.3 411 410.4 407.3 394.7 413.2 424.7 436.8 447.5 455.8 466 473.9 476.8 475.3 473.1 472 471.6 472.2 472.4 472.3 470 467.4 464.2 458 449.6 439.2 427.1 417.4 406.8 390.8 372.6 353.5 330 310.2 292 279.9 267.4 254.5
479.9 475 473.1 472.3 470.7 468.6 466.4 463.6 459.9 455 444.4 434.6 424.8 416.9 409 401.9 394 384.9 378.5 371.6 364.7 368.4 371.1 375 380.7 384 385.8 379.2 376.5 389.9 400.1 409.7 416.9 419.6 420.5 421.4 423.1 423.6 423.7 423.7 421.3 419.3 417.6 415.2 409.5 411 424.1 435.1 446.4 456.5 467.7 476.8 480.9 478.3 476.1 474.7 475.1 475.8 475 473.7 473.1 474.3 472.2 468.7 462.5 454.4 443.8 433.8 421.7 402.6 375.4 355.3 329 307.3 289.5 277 264 251
477 472.1 467.4 462.6 458.3 453.7 449.6 445.7 439.5 431.4 422 415.6 408.4 401.7 395.9 388.2 382.3 376 372.2 374.2 377.8 382.6 386.8 392.9 396.6 399.6 399.4 391.7 381.2 396.4 407.6 416.9 423.7 426.8 428.4 430.5 432.6 434.5 434.8 433.8 431.6 429.4 426.1 422.7 419.3 407.9 424.5 434.1 444.9 456.8 468.4 478.5 482.8 480.9 478.5 477.9 480.5 481.5 481.3 479.9 480.9 482.9 481.4 478.6 472.2 464.5 454.2 442.4 428.2 402.2 373.7 352.2 325.5 305.7 289.4 276.2 259.4 247.4
473 466.6 459.8 453.6 448 441.6 435.9 429.9 422.9 417.5 411 404.2 398.6 392.7 387.6 382.2 377.2 376.1 381.1 387.8 392 396.5 401.3 405.4 407.7 408.3 406.8 399.2 381.9 400.8 411.5 421.3 430.2 434.4 435.9 438.9 441.8 443.1 443.9 443.4 441.4 437.3 433.2 429.2 424.6 421.9 418.1 432.5 443.5 454.1 466.5 477.6 484.5 482.4 480.8 481.9 486.4 486.9 486.6 486.8 488.5 489.8 487.3 483.5 476.9 468.5 457.7 444.4 427.5 402.4 375.7 346.6 323.9 304.7 288.2 275.2 255.3 246.3
469 462.1 455.5 450 443.8 436.1 427.4 421.3 415.5 410.2 403.8 398.2 392.9 389.5 384.1 381.4 384.7 389.2 396.3 402.2 408.7 415.2 418.2 417.9 417.1 415.4 412.2 403.3 384.7 404.8 415.8 425.7 436.4 442 445.3 447.4 449.9 450.8 451.3 450.6 449.2 445.3 440.6 435.5 431.3 430.3 431.4 425.7 440.3 450.2 461.8 473.9 480.7 482.6 483.4 486.9 490.7 492.2 491.8 492.9 494.5 493.5 490 484.5 477.4 468.4 457.4 444.5 424.2 400.4 377.4 350.9 329.1 304.3 290.4 275 256.7 246.3
467 461.6 456.1 450.5 444.2 436.7 427.2 418.6 410.8 405.9 400.5 394.4 389.8 386.1 387.3 391.5 396.9 404.7 413.1 422.8 431.1 432.9 429.6 425.9 423.2 420.1 414.9 402.3 392.3 410.1 420.3 429.5 440.6 448.4 452.3 454.3 456.3 457 457.6 457.4 455.5 452.3 448.3 442.1 438.4 437 437.5 438 436.8 447.3 455.1 466 476.1 480.1 484.4 488.9 491.9 493.8 494.2 495.8 497 493.9 489.2 482.9 475.7 467.2 455.6 442.4 419.4 397.1 376.7 348.8 328 303.5 284.4 266.6 252.7 246.3
468.5 465.4 461.4 454.4 446.2 439 427.6 417.7 410.8 405.7 400.6 395 396.3 397.3 399 403.4 412.2 420.4 431.9 441.3 442.3 438.9 435.2 431.5 427.3 422.5 416.1 407.2 395 413.1 424.2 433.8 443.9 453.1 458.2 460.4 462 463.6 464.2 463.9 462 458.9 455.4 448.8 445.6 444.1 443.8 443.8 445.7 449.4 455 461.6 469.4 476.3 481.8 487 490.3 492.1 494.1 496.7 496.6 491.6 486.2 479.8 471.6 462.6 452.9 437 414.3 394.3 374.6 346.5 321.5 301.5 277 260.2 249.7 246.3
473.6 471.6 467.4 460.9 453.8 443.5 430 419.4 412.9 407.5 401.8 400 405 406.4 413.8 421.9 431.7 442.4 448.6 449.2 447.2 444.2 438.1 434.5 429.5 424.6 420.3 410.8 398.1 417.2 427.8 437.9 446.8 456 462.8 465.7 468.2 470.1 470 469.9 468.4 465.5 461.4 456.1 453.2 450.8 449.6 449.7 451.5 453.9 457.8 462.4 468 474.3 479.8 484.4 487.1 489.8 493.5 496 493.1 487.2 480.9 474.8 466.2 456 448.1 429.7 408.3 387.1 363.6 338.9 314.7 292 271.5 256 246.3 246.3
480.4 478.1 475.2 472.2 462.3 448.8 434.4 423.7 416.8 410.7 404.2 412.4 417.7 422.1 434.9 443.6 454.1 456.4 458 454.5 451.5 447.1 441.5 436.7 432.6 427.6 424.9 419.7 408.2 421.2 431.4 441.3 450.5 459.2 466.2 470.5 473.9 475.7 475.8 475.5 475.3 471.4 467.4 463.1 459.3 458.1 458.9 460.7 461.7 462.2 463.8 467.7 472.3 478.2 482.1 484.9 487.3 489.2 492.1 492.9 487.4 480.4 473.8 467.2 459.9 450.2 439 421.3 401.5 374.2 348.2 327.3 304.7 283.7 265.4 251.3 246.3 246.3
487.5 486.9 487.4 482.2 470.9 455.7 441.2 429 421.7 413.4 415.3 426.6 435.1 442.7 457.8 463.8 467.8 466.5 463 459 455.1 449.6 445.1 440.8 436.9 432.1 429.9 425.5 417.5 425.2 435.3 445.1 454.1 462 469 474.5 478.2 480.1 481.3 480.8 479.8 476.8 473.4 470.6 469 469.2 471.4 473.1 473.3 473.8 474.5 477.3 480.1 483.6 487 488.9 490.5 490.9 489.9 487.9 481.6 472.7 462.3 454.6 449.7 441.3 426.8 409.2 386.5 361.8 339.3 320.4 296.7 275.8 259.4 246.3 246.3 246.3
493.7 497.8 498.9 490.6 477.7 463.8 450.4 436.3 428.3 418.2 426.6 440.3 454.3 462.7 473.9 477.4 477.9 475.6 470.5 464.5 459.1 453.3 449.3 446.3 441.8 437.7 435.4 431.3 424.6 427.7 439.2 448.6 457 464.1 471.1 477.3 481.8 484.2 485.3 485.5 484.5 481.8 479.3 478.5 479.2 481.2 483.2 484.1 484.1 483.9 483.6 485.1 486.3 489 491.3 493 492.9 491.2 488.5 483.2 472.6 459.2 444.6 436 435.3 425.2 411.2 393 373.6 348.5 328.7 307 286.9 266.9 251.7 246.3 246.3 246.3
500.6 510.2 509.1 499.5 485.2 472.4 460 445.6 435.4 423.3 434 450.4 465.4 476.4 482.9 484.6 483 480.9 478.2 472.2 465.5 459.4 455 451.3 446.6 443.8 441.5 438.8 431.2 434.7 443.1 451.3 459.6 467.9 474.8 480.6 485.8 488.7 489.6 490.3 489.7 488.4 487 488 488.8 491.2 492.9 494.1 493.8 492.8 492.5 491.7 491.9 494.2 495.7 495.4 493.4 489.1 484.9 476.4 461.5 441.2 422.6 414.8 415.6 406 390.8 373.9 354.1 332.1 312.5 291.9 274.3 258.8 246.4 246.3 246.3 246.3
507.8 519.3 517.9 506.7 492.3 480 469.4 457.5 447.5 436.8 436 454.4 473.1 484.4 489.8 491.1 488.7 486.4 483.8 479.2 473.5 467.2 462.6 457.9 453.2 450.3 447.7 444.4 436 440.5 447.5 455.4 463.3 471.6 478.7 484.1 488.9 492.2 494.4 496.1 496.5 496.1 495.1 495.8 497.3 499.3 501.4 502.4 502.4 501.1 499.8 497.9 497.5 499.1 499.6 496.8 492 485.8 477.6 465.1 446.5 423.5 406.1 393.3 391.2 380.9 369.8 356.6 335.8 315.7 296.2 279.7 265.1 254.1 246.3 246.3 246.3 246.3
