WholeMapElevations/data/ng/ng88_OST50GRID_20230518/NG88.asc
ncols 200
nrows 200
xllcorner 180000
yllcorner 880000
cellsize 50
[rows 80 to 119 of 200, columns 90 to 179 of 200]
-2 -2 -2 -2 -2 -2 -2 -2 -2 -2 -2 -2 -2 -2 -2 -2 -2 -2 -2 -2 -2 -2 -2 -2 -2 -2 -2 -2 -2 -2 -2 -2 -2 -2 -2 -2 -2 -2 -2 -2 -2 -2 -2 -2 -2 -2 -2 -2 -2 -2 -2 21.4 31.6 43 53.8 67.3 75.2 81.3 86.6 99 111.1 110.3 113 116.6 121 132 135.6 142.7 140.8 140.3 139.8 139.2 136.8 135.7 133.1 130.6 122.8 116.3 111.1 106.6 100 96 95.8 95.8 95.8 95.8 95.8 95.8 95.8 95.8
-2 -2 -2 -2 -2 -2 -2 -2 -2 -2 -2 -2 -2 -2 -2 -2 -2 -2 -2 -2 -2 -2 -2 -2 -2 -2 -2 -2 -2 -2 -2 -2 -2 -2 -2 -2 -2 -2 -2 -2 -2 -2 -2 -2 -2 -2 -2 -2 -2 -2 18.1 36 44.1 51.2 65.1 81.6 86.3 91.8 99.3 107.8 119.2 121.8 119.6 126.1 131.7 140.8 147.8 150.1 145.9 143.9 142.2 140.3 137.4 133.9 131.3 127.8 121.6 116.3 112.7 107.8 102.3 98.2 95.8 95.8 95.8 95.8 95.8 95.8 95.8 95.8
-2 -2 -2 -2 -2 -2 -2 -2 -2 -2 -2 -2 -2 -2 -2 -2 -2 -2 -2 -2 -2 -2 -2 -2 -2 -2 -2 -2 -2 -2 -2 -2 -2 -2 -2 -2 -2 -2 -2 -2 -2 -2 -2 -2 -2 -2 -2 -2 -2 -2 40.5 50.3 55.2 61.7 73.6 85.1 93.6 100.1 109.1 116.9 122.7 125.4 125.7 132.3 137.9 144 151.8 153.3 151 146.9 144.6 140.9 137.2 134.3 131.1 126.1 121.1 117 112.8 107.8 102.9 98 95.8 95.8 95.8 95.8 95.8 95.8 95.8 95.8
-2 -2 -2 -2 -2 -2 -2 -2 -2 -2 -2 -2 -2 -2 -2 -2 -2 -2 -2 -2 -2 -2 -2 -2 -2 -2 -2 -2 -2 -2 -2 -2 -2 -2 -2 -2 -2 -2 -2 -2 -2 -2 -2 -2 -2 -2 -2 -2 -2 18.9 51.4 61.6 63.3 70 85.7 90.2 103.2 107.9 119.1 124.5 125.5 126.3 132.4 136 142.4 149.8 155.3 156.6 155.7 152 147.9 144.2 139.7 135.5 131.5 128.6 123.6 118.2 114.2 109.3 104.6 101.9 96.1 95.8 95.8 95.8 95.8 95.8 95.8 95.8
-2 -2 -2 -2 -2 -2 -2 -2 -2 -2 -2 -2 -2 -2 -2 -2 -2 -2 -2 -2 -2 -2 -2 -2 -2 -2 -2 -2 -2 -2 -2 -2 -2 -2 -2 -2 -2 -2 -2 -2 -2 -2 -2 -2 -2 -2 -2 -2 -2 14.7 52.7 73 75 80.4 85.3 91.5 104.2 115.3 122.5 125.9 126.1 126.2 138.5 143.3 145.9 155.1 160.7 160.9 160.3 157.5 153.2 148.8 143.3 138.2 134.8 131.5 127.1 121.6 116.5 112 107.4 105 99.2 95.8 95.8 95.8 95.8 95.8 95.8 95.8
-2 -2 -2 -2 -2 -2 -2 -2 -2 -2 -2 -2 -2 -2 -2 -2 -2 -2 -2 -2 -2 -2 -2 -2 -2 -2 -2 -2 -2 -2 -2 -2 -2 -2 -2 -2 -2 -2 -2 -2 -2 -2 -2 -2 -2 -2 -2 -2 -2 19.2 48 60.6 73.5 86.9 85.8 90.8 101.4 113.9 118.9 120.9 123.2 130.5 139.8 144.7 151.3 160.7 167 168.1 164.7 162.5 159.8 154.9 148.2 140.6 137.5 133.9 129.7 125.6 120.7 115.7 110.4 105.9 100.9 97 95.8 95.8 95.8 95.8 95.8 95.8
-2 -2 -2 -2 -2 -2 -2 -2 -2 -2 -2 -2 -2 -2 -2 -2 -2 -2 -2 -2 -2 -2 -2 -2 -2 -2 -2 -2 -2 -2 -2 -2 -2 -2 -2 -2 -2 -2 -2 -2 -2 -2 -2 -2 -2 -2 -2 -2 -2 24.2 47 59.7 65.1 71.8 82.7 92.8 99.8 108.4 114 118.3 123.3 133.8 137.1 145 157.9 164.7 169.9 171.3 169 166.4 165 161.3 153.7 144.2 139.5 136.5 133.1 129.3 124.7 119.2 114.2 109.6 103.5 99.9 97 96.6 97.2 98 96.6 95.8
-2 -2 -2 -2 -2 -2 -2 -2 -2 -2 -2 -2 -2 -2 -2 -2 -2 -2 -2 -2 -2 -2 -2 -2 -2 -2 -2 -2 -2 -2 -2 -2 -2 -2 -2 -2 -2 -2 -2 -2 -2 -2 -2 -2 -2 -2 -2 -2 -2 28.2 40.8 53.3 74.3 75.8 81.5 94.3 108.4 111.7 116 120.1 123.9 131.3 135.2 151.6 159 164.6 166.3 169.8 171.1 169.2 167.8 166.5 160.3 148.1 142.1 139.6 136.7 132.3 128 122.6 117.4 112.6 106.9 102.7 100.2 99.2 99.1 99.1 97.2 95.8
-2 -2 -2 -2 -2 -2 -2 -2 -2 -2 -2 -2 -2 -2 -2 -2 -2 -2 -2 -2 -2 -2 -2 -2 -2 -2 -2 -2 -2 -2 -2 -2 -2 -2 -2 -2 -2 -2 -2 -2 -2 -2 -2 -2 -2 -2 -2 -2 18.5 36.2 50 60.2 70 77.2 86.7 95.3 108.7 114.4 120.3 125.3 126.7 127.6 134.3 146.8 154.9 160.8 162.3 165.9 170.5 171.8 169.7 168.4 166.4 152.3 145.2 142.5 139.3 135.4 131.6 126.9 121.6 115.7 110.2 106 102.5 101.2 100.5 100.2 100.5 99.2
-2 -2 -2 -2 -2 -2 -2 -2 -2 -2 -2 -2 -2 -2 -2 -2 -2 -2 -2 -2 -2 -2 -2 -2 -2 -2 -2 -2 -2 -2 -2 -2 -2 -2 -2 -2 -2 -2 -2 -2 -2 -2 -2 -2 -2 -2 -2 15.5 27.2 36.1 48.9 60.1 66.9 76.9 82.7 95.2 105.3 111 112.4 117.6 119.1 123 130.1 139.5 148.8 157.5 159.1 161.3 165.6 172.1 171 168 163 154.8 149 145.5 142.4 139.5 135.2 131 125.5 119.5 114.8 108.8 105.2 103 102.5 101.8 102 101.9
-2 -2 -2 -2 -2 -2 -2 -2 -2 -2 -2 -2 -2 -2 -2 -2 -2 -2 -2 -2 -2 -2 -2 -2 -2 -2 -2 -2 -2 -2 -2 -2 -2 -2 -2 -2 -2 -2 -2 -2 -2 -2 -2 -2 -2 -2 17 23.2 32.2 45.8 43.3 52.4 67.6 75.8 79.6 87.6 92.2 102.4 104.6 112 117.1 120.1 124.4 130.6 140.5 144.7 152.1 156.9 162 170 171.5 167.5 162.9 157.8 151.9 148.7 145.7 142.6 139 134.7 129.3 123.5 118.3 113.6 108.9 106.4 103.2 103.4 103.5 103
-2 -2 -2 -2 -2 -2 -2 -2 -2 -2 -2 -2 -2 -2 -2 -2 -2 -2 -2 -2 -2 -2 -2 -2 -2 -2 -2 -2 -2 -2 -2 -2 -2 -2 -2 -2 -2 -2 -2 -2 -2 -2 -2 -2 -2 18.3 24.6 27.6 32.5 36.8 40.3 45.8 54.4 68.2 74.2 75.4 79.8 88 99.5 104.9 110.4 117.8 121.7 129.3 135.6 143.3 150.3 154.6 160.9 168 171.5 169.4 164.6 158.9 153.9 151.4 148.7 145.7 142.2 138 132.8 127.4 122.2 117 112.8 109.4 105.4 105.4 106.2 104.7
-2 -2 -2 -2 -2 -2 -2 -2 -2 -2 -2 -2 -2 -2 -2 -2 -2 -2 -2 -2 -2 -2 -2 -2 -2 -2 -2 -2 -2 -2 -2 -2 -2 -2 -2 -2 -2 -2 -2 -2 -2 -2 -2 -2 14.6 22.3 26.9 29.8 29.3 32.1 38.3 43.4 50.9 58.4 61.4 62.2 75.1 84.1 98 106.2 111.4 114.7 122.8 129 132.8 138.7 151.7 154.8 159.6 166 170.7 171.6 166.3 158.6 155.3 152.9 150.3 147.8 145.3 141.2 135.6 130.2 125 119.6 115 111.9 108.8 108.6 108.4 106.7
-2 -2 -2 -2 -2 -2 -2 -2 -2 -2 -2 -2 -2 -2 -2 -2 -2 -2 -2 -2 -2 -2 -2 -2 -2 -2 -2 -2 -2 -2 -2 -2 -2 -2 -2 -2 -2 -2 -2 -2 -2 -2 -2 -2 18 25.5 21.2 24.1 30.4 32.8 37.8 45 52.1 56.2 54.7 56.6 69.2 80.5 95.9 104.5 113.6 116.3 121.4 129.3 131.2 139.2 149.8 155.3 161 166.2 171.6 175.9 170.1 159.1 156.7 154.3 151.8 150 147.8 144.4 138.5 133 127.6 122.2 118.3 115.1 111.9 110.9 110.5 109.2
-2 -2 -2 -2 -2 -2 -2 -2 -2 -2 -2 -2 -2 -2 -2 -2 -2 -2 -2 -2 -2 -2 -2 -2 -2 -2 -2 -2 -2 -2 -2 -2 -2 -2 -2 -2 -2 -2 -2 -2 -2 -2 -2 -2 8.6 18.2 22.1 28.3 32 33.5 37 42.4 49.5 51 56.3 65.8 76.8 82.9 93.4 101 109.4 115.1 120.7 125.1 130.7 140.8 150 158.8 166.6 168.4 171.5 179.2 177.9 159.7 157.8 155.8 153.9 152.4 150.3 147.2 141.9 135.7 130.6 125.6 121.6 117.9 115 113.2 112.9 111.9
-2 -2 -2 -2 -2 -2 -2 -2 -2 -2 -2 -2 -2 -2 -2 -2 -2 -2 -2 -2 -2 -2 -2 -2 -2 -2 -2 -2 -2 -2 -2 -2 -2 -2 -2 -2 -2 -2 -2 -2 -2 -2 -2 -2 12.8 17.6 22.3 24.6 32.1 35.6 38.4 39.4 46.2 54.3 67.7 76.3 82.7 87.7 94.2 101.1 106.1 110.4 115 123.5 133 142.2 147.3 160.1 165.6 165.4 171.4 175 173.6 160.4 157.8 156.1 155.9 154.6 152.2 148.7 144.2 137.8 132.7 128 123.5 120.2 117.5 115.2 114.5 113.7
-2 -2 -2 -2 -2 -2 -2 -2 -2 -2 -2 -2 -2 -2 -2 -2 -2 -2 -2 -2 -2 -2 -2 -2 -2 -2 -2 -2 -2 -2 -2 -2 -2 -2 -2 -2 -2 -2 -2 -2 -2 -2 10.9 10.3 14 15.8 20.6 22.2 27.5 34.1 38.3 41.6 50.4 65 77.3 84.1 88.6 93.2 98 104.5 108.5 109 110.7 121.9 133.6 137.3 137.3 151.2 154.5 158.2 166.6 166.3 161.4 159.5 157.3 156.4 156.3 155.5 153.7 150.4 145.9 139.8 135 130.3 125.7 122.9 120.1 117.6 116.8 116.1
-2 -2 -2 -2 -2 -2 -2 -2 -2 -2 -2 -2 -2 -2 -2 -2 -2 -2 -2 -2 -2 -2 -2 -2 -2 -2 -2 -2 -2 -2 -2 -2 -2 -2 -2 -2 -2 -2 -2 -2 20 14.6 14.9 16.5 16.1 16.1 20.6 21.6 24.8 33.9 40 48.7 60.4 75.6 87.2 91.6 95.2 99.6 102 107.1 109.6 108.4 109 115.6 126.3 127.6 131.2 142.8 140.9 135.8 140.5 150.8 155.1 156 156.3 155.4 155.2 154.8 154 151.2 146.3 141 137.1 132.4 128.5 125.6 122.8 120 119.1 118.6
-2 -2 -2 -2 -2 -2 -2 -2 -2 -2 -2 -2 -2 -2 -2 -2 -2 -2 -2 -2 -2 -2 -2 -2 -2 -2 -2 -2 -2 -2 -2 -2 -2 -2 -2 -2 -2 -2 -2 21.2 29.6 22.5 22.6 26.2 24.3 19.2 19 22.5 23.4 33.7 44.4 56.3 69.5 81.7 91.5 99.2 98 103 104.4 105.1 106.9 104.9 106.4 109.7 116.5 120 130.5 132.9 123 123.3 131.2 139.9 148.8 152.4 154.1 153.8 153.9 154.9 153.7 151.5 146.4 141.8 138.7 134.4 131.3 128.4 125.5 122.7 121.6 121.1
-2 -2 -2 -2 -2 -2 -2 -2 -2 -2 -2 -2 -2 -2 -2 -2 -2 -2 -2 -2 -2 -2 -2 -2 -2 -2 -2 -2 -2 -2 -2 -2 -2 -2 -2 -2 -2 -2 -2 33.6 33.9 29.2 29.2 33.9 31.3 27.8 20.6 22.2 29.1 31.8 48.6 59.8 75.1 83.5 90.7 95.7 96.1 99.5 102.7 104.2 100.7 101.5 103.3 104.5 107.8 114.1 126.4 130.5 119.4 119.5 124.9 134.1 142.1 147.2 151.5 151.9 152.1 152.6 152.5 150.8 147.2 142.6 139.6 136.7 133.7 130.8 128 125.1 124 123.7
-2 -2 -2 -2 -2 -2 -2 -2 -2 -2 -2 -2 -2 -2 -2 -2 -2 -2 -2 -2 -2 -2 -2 -2 -2 -2 -2 -2 -2 -2 -2 -2 -2 -2 -2 -2 -2 -2 12.5 22.3 32.8 34.5 35.5 36.9 37.5 36.9 22.7 23 26.7 36.6 47 57.5 70.5 78.9 84.7 91.6 93.9 98.2 100.4 100.3 97.1 97.5 99.5 100.5 102.3 107.8 117.5 119.4 112.4 112.9 115.7 126.8 132.8 140.8 146.9 148.3 148.6 150 150.3 149.5 146.6 143.5 140.8 138.2 135.5 131.9 128.8 126.5 125 124.6
-2 -2 -2 -2 -2 -2 -2 -2 -2 -2 -2 -2 -2 -2 -2 -2 -2 -2 -2 -2 -2 -2 -2 -2 -2 -2 -2 -2 -2 -2 -2 -2 -2 -2 -2 -2 -2 -2 17 26.9 40 42.3 40.8 42.1 41.4 38.2 27.6 25.8 30.4 39 50.4 57.4 67.5 74.9 79.7 87.3 94.4 98.6 99.7 95 94.1 93.4 93.2 93.4 95 99.1 106.6 104.6 108.6 102.2 105.2 111.4 119.2 129.4 141 142.9 145.5 147.2 148.2 147.4 145.9 144.3 142.2 139.6 137.2 134.3 130.8 128.4 127.1 126
-2 -2 -2 -2 -2 -2 -2 -2 -2 -2 -2 -2 -2 -2 -2 -2 -2 -2 -2 -2 -2 -2 -2 -2 -2 -2 -2 -2 -2 -2 -2 -2 -2 -2 -2 -2 -2 19 24.3 25.9 37.5 43.8 45 42.9 41.1 35.4 28.2 28.9 37.7 39.7 49 56.2 64.3 72.5 73.3 76.3 84.4 93 92.9 91 87.7 88.6 85.6 85.7 86.7 88.8 90.6 92.8 89.8 91.1 96 99.5 110.1 120.6 134.3 139.9 142.3 144 145.8 145.9 145.3 145 143.5 141 138.6 136.3 133.1 130.7 129.3 128.6
-2 -2 -2 -2 -2 -2 -2 -2 -2 -2 -2 -2 -2 -2 -2 -2 -2 -2 -2 -2 -2 -2 -2 -2 -2 -2 -2 -2 -2 -2 -2 -2 -2 -2 -2 -2 -2 19.9 25.9 26.6 41.9 41.5 40.7 37.5 32.9 28.7 24.6 29.4 38.2 40 44.6 51.7 60.1 64.6 65 66.8 67.9 74.2 82.5 81.7 75.9 75.8 76.9 78 79.7 80.3 82.9 82.9 82.6 83.4 86.2 95.3 104 117.6 128.6 136.2 139.3 141.1 143 144 144.7 144.5 143.9 142.5 140.7 138.2 135.2 132.9 132 131.3
-2 -2 -2 -2 -2 -2 -2 -2 -2 -2 -2 -2 -2 -2 -2 -2 -2 -2 -2 -2 -2 -2 -2 -2 -2 -2 -2 -2 -2 -2 -2 -2 -2 -2 -2 -2 -2 12.7 21 33.8 41.4 40.7 40.2 36.6 29.3 23.8 21.8 30.7 35.9 39.7 41.7 48.1 54.9 57.1 56.8 55.8 58.9 63.8 66.9 67.3 67.7 67.2 68.7 70.5 72.5 73.8 75.7 77.7 79 81.2 84.3 93.3 103.5 113.7 124.3 132 137.8 139.7 140.5 141.6 143.4 144.2 144 143.2 142.4 140.3 137.9 134.1 133.2 132.3
-2 -2 -2 -2 -2 -2 -2 -2 -2 -2 -2 -2 -2 -2 -2 -2 -2 -2 -2 -2 -2 -2 -2 -2 -2 -2 -2 -2 -2 -2 -2 -2 -2 -2 -2 -2 -2 -2 10.6 30.4 36.4 36.3 38.2 35.9 27.7 23.3 22.1 29.1 34.6 39.2 38.2 39.8 39.6 39.5 40.5 47.9 55.7 59.6 60.7 60.2 59.9 59.9 60.7 64 66.8 68.9 71.2 73.3 76.5 79.4 84.9 92.2 102.8 114.2 121.6 128.6 135.2 137.7 139 140.6 142.1 143 143.9 143.4 142.9 141.4 139.5 135.9 134.6 133.5
-2 -2 -2 -2 -2 -2 -2 -2 -2 -2 -2 -2 -2 -2 -2 -2 -2 -2 -2 -2 -2 -2 -2 -2 -2 -2 -2 -2 -2 -2 -2 -2 -2 -2 -2 -2 -2 -2 8.2 22 28.2 27.9 29.8 30.9 24.8 16.7 22.9 26 29.7 28.9 32.9 33 33 32.4 35.6 44.5 47 51.6 50.2 52.5 53.5 53 53.4 56.9 62.1 64.9 66.7 70.6 74.1 78.2 87.1 92.5 102.2 112 118.5 124.8 129.7 134.8 138 139.6 140.9 141.9 143.1 143.7 143.4 141.7 140.6 138.2 135.4 135.2
-2 -2 -2 -2 -2 -2 -2 -2 -2 -2 -2 -2 -2 -2 -2 -2 -2 -2 -2 -2 -2 -2 -2 -2 -2 -2 -2 -2 -2 -2 -2 -2 -2 -2 -2 -2 -2 -2 -2 16.6 20.9 20.3 25 25.6 15.4 12.7 19.7 22 21 25.8 23.8 24.7 28.8 27.4 28.5 29 33.1 35.1 34.9 42.7 46.4 46.7 47.7 51.1 56.7 59.8 63.2 66.4 69 77 85.2 89.1 96.8 106.8 116.6 125.9 127.5 132.4 136.4 138.2 139.7 141.1 142.4 143.5 143.9 142.9 141.6 140.2 137 136.6
-2 -2 -2 -2 -2 -2 -2 -2 -2 -2 -2 -2 -2 -2 -2 -2 -2 -2 -2 -2 -2 -2 -2 -2 -2 -2 -2 -2 -2 -2 -2 -2 -2 -2 -2 -2 -2 -2 -2 3.3 12.5 15.2 19.7 18.6 7.8 15.4 18.3 17.5 16.5 20.5 23.5 22.4 21.2 22.8 22.6 23.1 24.3 25.4 27.2 32.6 39.8 41.6 43.1 47.5 50.7 55.8 58.2 60.8 65.4 74 78.8 85.2 91.2 103.4 115.9 125.6 120.4 125.8 131.4 135.2 137 139 141.1 143.1 143.8 143.7 142.6 140.9 137.9 137.9
-2 -2 -2 -2 -2 -2 -2 -2 -2 -2 -2 -2 -2 -2 -2 -2 -2 -2 -2 -2 -2 -2 -2 -2 -2 -2 -2 -2 -2 -2 -2 -2 -2 -2 -2 -2 -2 -2 -2 -2 4.6 10.5 13.1 11.4 1.7 9.1 14.9 14.7 10.7 15.5 21.9 19.9 18.9 16.1 16.5 14.2 14 14.7 14.3 20.6 30.7 36.6 41.2 44.3 48 51.8 55.4 58.2 62.8 67.7 72.9 80.1 90.2 102.8 114 118.1 109.8 115.2 123.1 128.7 133.9 137 139.2 141.1 142.6 143.5 142.9 141.3 139.4 139.4
-2 -2 -2 -2 -2 -2 -2 -2 -2 -2 -2 -2 -2 -2 -2 -2 -2 -2 -2 -2 -2 -2 -2 -2 -2 -2 -2 -2 -2 -2 -2 -2 -2 -2 -2 -2 -2 -2 -2 -2 -2 -2 -2 -2 -2 5.4 -2 -2 -2 6 12.7 11.4 10.2 9.5 9.8 8.1 6.1 6.7 14.6 26.3 33.5 39.2 42.7 45.3 48.4 51.2 55.1 56.9 61 64.7 71.9 79.4 88.6 97.9 107.5 103 98.9 102.1 110.8 121.3 128.8 133.8 137.1 138.9 140.9 143.3 142.7 141.8 140.8 140.7
-2 -2 -2 -2 -2 -2 -2 -2 -2 -2 -2 -2 -2 -2 -2 -2 -2 -2 -2 -2 -2 -2 -2 -2 -2 -2 -2 -2 -2 -2 -2 -2 -2 -2 -2 -2 -2 -2 -2 -2 -2 -2 -2 -2 -2 -2 -2 -2 -2 2.3 1.9 3.6 1.7 1.9 1.8 5.7 2.3 8.3 18.2 26.6 33.8 41.5 44.2 44.8 49.2 52.7 56.1 55.2 56.9 61.8 67.6 77.3 87.2 92.1 96.7 91.6 87.6 90.3 99.1 113.1 123.4 132.1 135.4 137.2 138.9 141.4 142.1 141.3 141.3 141.2
-2 -2 -2 -2 -2 -2 -2 -2 -2 -2 -2 -2 -2 -2 -2 -2 -2 -2 -2 -2 -2 -2 -2 -2 -2 -2 -2 -2 -2 -2 -2 -2 -2 -2 -2 -2 -2 -2 -2 -2 -2 -2 -2 -2 -2 -2 -2 -2 -2 -2 -2 -2 -2 -2 -2 -2 2.3 11.5 17.8 24.7 32.8 40.6 44 45.4 49 52.2 51.9 52 55.4 62.3 67 74.1 84.4 88.4 86.5 82.7 79.8 81.3 90.4 106.3 120.7 130.3 133.7 135.5 137.4 139 141 140.7 140.9 140.9
-2 -2 -2 -2 -2 -2 -2 -2 -2 -2 -2 -2 -2 -2 -2 -2 -2 -2 -2 -2 -2 -2 -2 -2 -2 -2 -2 -2 -2 -2 -2 -2 -2 -2 -2 -2 -2 -2 -2 -2 -2 -2 -2 -2 -2 -2 -2 -2 -2 -2 -2 -2 -2 -2 -2 -2 2.9 11.4 17.5 23.9 30.4 37.3 43.9 46.6 48.9 48 48.6 49.2 53.9 60 65.7 70 77.1 84.1 79.3 74.5 75.5 77 85.1 98.5 115.1 126.6 131.8 134.3 135.8 137.4 139.1 139.9 140.1 140.3
-2 -2 -2 -2 -2 -2 -2 -2 -2 -2 -2 -2 -2 -2 -2 -2 -2 -2 -2 -2 -2 -2 -2 -2 -2 -2 -2 -2 -2 -2 -2 -2 -2 -2 -2 -2 -2 -2 -2 -2 -2 -2 -2 -2 -2 -2 -2 -2 -2 -2 -2 -2 -2 -2 -2 -2 6.4 11.4 16.2 22.6 28.4 33.7 41.2 47.2 47.4 46.5 46.6 46.3 51.1 58.1 64.1 65.6 68.6 72.9 72.2 66.8 65.2 66.8 82.2 94.2 106.7 118.6 126.1 131.1 133.9 135.7 136.8 138.1 138.6 138.1
-2 -2 -2 -2 -2 -2 -2 -2 -2 -2 -2 -2 -2 -2 -2 -2 -2 -2 -2 -2 -2 -2 4.6 -2 -2 -2 -2 -2 -2 -2 -2 -2 -2 -2 -2 -2 -2 -2 -2 -2 -2 -2 -2 -2 -2 -2 -2 -2 -2 -2 -2 -2 -2 -2 -2 -2 6.4 12.1 15.7 22.3 27.8 32.9 39.5 43.8 44 44.1 45 45 48.6 56.4 60 56.3 57.6 63.2 62.3 59 58.9 64.2 79.7 93.4 97.5 110 119 124.3 129.1 132.2 134.4 135.3 136.8 136.2
-2 -2 -2 -2 -2 -2 -2 -2 -2 -2 -2 -2 -2 -2 -2 -2 -2 -2 -2 -2 1.5 15.8 21.7 17 11.7 6.8 11.9 7.9 -2 -2 -2 -2 -2 -2 -2 -2 -2 -2 -2 -2 -2 -2 -2 -2 -2 -2 -2 -2 -2 -2 -2 -2 -2 -2 -2 -2 3.7 11.2 15.8 21.4 28.4 33.1 33.9 35.5 36.8 38.3 39.5 42.5 48.5 48.4 47.8 45.4 46.1 50.4 53.6 51.4 54.3 61.8 80.2 90.8 104.4 110 120.9 128.9 130.7 131.6 132.8 133.9 134.6 134.5
-2 -2 -2 -2 -2 -2 -2 -2 -2 -2 -2 -2 -2 -2 -2 -2 -2 -2 -2 -2 11.7 17 26.6 19.2 14.1 20.3 19.5 29.3 22.4 6 -2 -2 -2 -2 -2 -2 -2 -2 -2 -2 -2 -2 -2 -2 -2 -2 -2 -2 -2 -2 -2 -2 -2 -2 -2 -2 4.4 10.2 14.5 19.1 22.1 24.9 28.3 29.5 31.4 33.6 35.7 37.5 40.5 41.9 42.2 41.9 41.6 43.3 46.3 48.3 53.4 65 79 94.4 106.6 110.8 115.5 124.6 130 131.8 132.2 132.6 132.9 132.9
-2 -2 -2 -2 -2 -2 -2 -2 -2 -2 -2 -2 -2 -2 -2 -2 -2 -2 6.7 3.7 12.8 23.6 26.1 17.8 14 21.2 36.5 38.6 31.9 35.4 20.5 -2 -2 -2 -2 -2 -2 -2 -2 -2 -2 -2 -2 -2 -2 -2 -2 -2 -2 -2 -2 -2 -2 -2 -2 0.2 3 10.4 14.4 16.5 18.8 22.1 23 24.1 25.8 31.3 32.7 37.3 39.4 39.5 34.6 34.2 35.2 35.6 41.1 44.4 53.1 68.1 82.9 93.9 106.1 111 114.4 120.6 127.4 130.7 131.5 131.8 131.8 131.3
-2 -2 -2 -2 -2 -2 -2 -2 -2 -2 -2 -2 -2 -2 -2 -2 -2 14 26.5 25.5 16 30.3 35.5 25.3 20 36.1 43.7 49.6 47.7 58.2 42.9 -2 -2 -2 -2 -2 -2 -2 -2 -2 -2 -2 -2 -2 -2 -2 -2 -2 -2 -2 -2 -2 -2 -2 -2 0.1 2.2 7.2 10.1 12.5 17 20.4 21.9 28.3 32.3 33.4 33.9 36.3 40.3 36.8 31.6 32 31.7 32.8 39 43 53.5 72.1 80.9 93.2 102.7 111.1 113.2 115.3 124.1 129.4 130.3 130.7 130.4 129.7
