WholeMapElevations/data/st/st09_OST50GRID_20230518/ST09.asc
ncols 200
nrows 200
xllcorner 300000
yllcorner 190000
cellsize 50
[rows 35 to 69 of 200, columns 0 to 78 of 200]
429 435.1 439.8 443 440.7 435.3 424.5 416.2 409.3 402.3 397.7 392.9 387.7 382.3 375.9 368.4 359.8 351 340.2 333.9 327.9 324.2 316.7 320.5 334.8 338.7 347.7 361.6 370.4 379.7 389.5 397.1 406.4 415 422.1 423.5 423.5 422.9 420.2 417.6 414 409.2 406.8 404.1 400.9 398.6 396.9 395.3 392.7 390.8 389.6 389.7 390.6 391.4 391.5 391.4 390.9 389.7 387.9 384.8 381.2 377.6 373.2 370.2 367.5 367 373.2 379.7 384.4 381.2 381.4 379.2 373.2 368.5 367.6 367.2 360.4 360.8 357.1
424.5 429.4 435.2 440.6 441.9 438.2 432.9 425.9 421.8 417.8 413.6 411.2 407.4 402.3 392.6 380.9 366.2 356.2 346.7 343.1 342.6 338.7 328.8 333.2 347.8 353.6 353.9 357.5 367.3 376.4 384.2 391.1 400.1 410.7 418 420.9 420.6 419.9 418.7 415.9 411.3 406.4 403.8 401.3 398.6 396.3 393 390.9 388.2 387.2 385.6 384.5 385.2 387 387.5 387.3 386.2 384.1 382.6 380.8 377.1 372.8 369.6 367.1 364.5 363.7 363.2 367.7 374.9 377.7 375.9 375.9 371.2 366.4 362.6 362 358.8 357.6 355.8
422.5 425.5 429.6 434.5 439.5 441.1 437.7 433.4 430 428.9 426.8 426.6 425.3 421.9 414.4 402.1 382.1 365 358 357.8 356.4 351.7 342.3 347.3 354.4 362.3 361.2 359.7 363.9 372.9 379.2 385.5 392.5 404.2 411 415.9 417 417 415.9 413.8 410 405.2 403 399.6 396.5 393.2 389.3 386 383.6 382.1 380.9 380.3 380.4 382.5 383.6 382.6 381.5 379.7 377.8 376 373 369 366.5 364.1 361.4 360.3 358.5 355.8 365.4 368.9 371.2 371.8 369 365 359.4 355.3 354.8 355.6 354.1
420.7 423.5 426.4 429.5 434.1 437.5 439.4 437 436.9 437.4 435.8 434.3 432 429.3 423.6 419.8 410.3 397.4 384.7 372.7 367.4 361.9 355.9 359.5 364.5 369.1 370 366.7 366.6 371.3 376.7 382.5 389.6 397.6 405 410.4 412.6 412.6 411.7 410.2 408.3 404.7 401.3 397.9 394.6 391.1 388.4 384.8 381.8 378.8 376.9 376.8 376.2 375.6 377.2 378.2 378.3 377.7 377.2 374.9 371.2 367.9 365 361.1 358.3 355.7 353.6 349.8 347.2 356.9 364.6 367 365.7 362.2 357.1 352 349.8 350.2 351.3
418.2 420.4 423.1 426.5 429.9 433.7 436.9 438.9 440.2 441.6 441 439.2 436.4 433.2 430.1 427.3 425.1 414.9 400.3 387.1 380.4 374.6 367.4 368.1 373.5 377.5 379.6 376.1 370.8 373.4 378.7 384.1 389 394.2 399.7 404.6 408.8 409 407.8 406.7 405.3 402.9 399.5 396.2 392.9 391.6 387.9 385.1 382.1 379.1 376.1 373.3 371.7 370.5 369.8 373 375.8 376.2 376.3 374.5 371.6 368 364.9 360.9 355.1 351.4 348.4 345.6 341.2 342.6 352.4 360.8 361.1 359.5 354.4 349.6 346.3 344.7 344.8
406.9 416.4 420.6 424.3 427.5 430.2 433.9 437.4 441.7 444.2 445.5 443.6 441.4 437.4 434.5 432.1 428.8 423.5 414.1 400.4 391 382.8 375.6 377 380 384.1 386.9 387.4 383.4 378.5 384.2 387.7 388.7 391.4 395 398.9 402.6 405.1 404 402.6 401.6 400.1 397.7 394.3 391.1 388.4 386.1 384 380.8 377.4 374.7 372.1 369.5 367.7 365.9 365.6 368.7 370.9 371.4 370.9 369.1 367.5 364.6 360.2 352.8 348 344.1 341.6 339.1 337.4 342 349 355.5 354.6 351.1 347.2 343.2 340.2 338.5
383.4 406.3 415.3 419.1 422.5 425.5 428.9 433 440.2 446.6 447.5 447.2 445.5 441.3 437.8 435.4 432.3 426.9 421.4 415 403.1 393.1 384.9 385.1 385.8 387.3 389.9 391.5 390.1 386.7 388.1 389.9 391.4 392.1 394.4 396.3 396.8 398.1 399.9 398.4 397.7 397.2 395.4 392.2 389.2 386.4 383.9 381.5 378.9 376.3 373.7 371.1 368.3 365.6 363.7 362.5 362.7 363.1 364.2 364.1 363.8 361.6 358.1 352.8 347.2 344.2 341.7 336.8 336.5 334.7 335.5 340 346.8 350.1 347.9 344 340.2 335.9 334.4
367.6 383.4 403.9 413 416.1 418.8 422 426.3 435.3 446.2 449.1 448.9 446.2 443.9 441 439.4 437.4 433.6 428.8 423.7 417.6 406.6 395.2 392.1 391.8 392.1 393 394 392.4 389.6 389.2 387.8 393.3 393.3 393.5 394.1 394.2 394.2 393 392.9 394.2 394.2 392.1 389.9 387.2 384.4 382.1 379.9 377.7 375.2 372.7 370.1 367.3 364.1 361.3 361.2 361.4 359.4 356.2 354.4 353.1 350.4 347.4 342.4 337.4 334 337.1 333.2 330.3 331.6 331.2 331.2 335.7 342.9 345 341.6 337.7 333.3 330.7
355.4 365.9 381.7 403 410.4 412.1 414.4 419.4 429 444.1 448.2 448.6 447.1 445.3 445.1 444.6 442.3 439.1 435.6 431.6 426.3 417.6 406.7 402.4 400.5 399.7 398 396.4 395.1 392.9 390.4 387.4 393 392.4 392.3 392.3 392 390.6 389.2 387 388.1 389.7 388.7 386.6 385 382.4 380.1 378.1 376.1 374 371.6 369.1 366.6 363.2 360 359 359.2 358.4 356.9 351.8 347 342.6 339.1 336.4 332.4 327.4 324 326.5 327.2 326 326.2 324.3 325.6 332.9 340.4 340.9 335.8 331 327.1
343.6 353.7 365.2 383.9 402.8 406.4 407 412.1 421.3 438.7 446.1 446.7 446.1 445.8 447.8 448.9 447.1 444.4 442.5 438.9 435.3 427.4 418.5 414.4 408.8 403.6 400.5 398.6 397.1 395.5 392.3 387.9 382.3 387.1 389.6 390.2 389.3 387.5 385.1 382.9 383.2 384 383.5 383.1 381.9 380.3 377.9 375.9 374.5 373.1 371 369.3 367 363.8 360.5 357.4 356.8 357.5 356.9 351.9 346.2 341.3 337 332.9 329.2 325.1 320.2 319.5 320.4 321.8 321.4 320 318.5 324.9 332.5 337.6 333.7 329.8 325.8
330.1 342.2 353.2 366.4 386.5 400.6 402.8 406.3 414.6 430.1 443.3 444.8 444.6 444.5 446.4 450.4 449.7 451 451.8 449.3 445.8 440 431.9 423.8 417.3 411 406.4 403.2 400.3 397.4 392.9 387.6 382.2 377.1 379.7 381.5 383.1 383.1 380.6 379.3 378.5 380.1 379.6 379.1 378 376.4 375.7 373.8 372.9 372.5 371.1 369.5 367.6 364.5 361.3 358.3 356 355.1 355.4 351.6 347.1 341.9 337.9 333.6 329.5 323.9 318.5 314.4 313.4 314.5 315.3 316.1 314.9 317.4 324.6 332 332.7 329.7 324.4
313.1 329.4 341.4 353.4 369.5 390.3 399.1 402.3 408 419.6 437.9 442.3 442.9 443 443.5 447.8 450.7 455.3 457.5 457.2 454.3 451 444.6 439.8 433.5 425.7 415.5 410.1 404.2 398.9 392.9 386.6 379.7 371.8 370.2 372.5 373.6 372.7 372.7 372.3 372.2 375.1 375 375 374 373 371.9 372.4 371.9 371.7 370.9 369.8 368.2 365.7 362.7 360.4 358.3 355.1 352.9 351.6 347.7 342.7 338.8 333.9 329.1 323.5 318.7 313.3 308.4 308 307.4 309.7 310.2 313.4 319.5 324.8 329.2 328.1 322.7
296.3 315.4 331.1 340.5 353.9 372 392.7 398.8 402 411.3 427.5 439 440.3 440.9 441.2 444.8 450.1 457.1 459.7 458.8 458.3 455.7 451.8 447.7 444.4 435 425.6 417 410 401.2 394.7 389 383.2 374.5 368.3 365.9 367.8 366.3 365.9 364 366.2 367.8 368.3 369.5 369.3 368.8 368.2 369.8 371 372 372 371.6 370.3 368.1 364.8 362.6 360.2 356.8 352 348.9 346.8 337 330.3 326.9 323.8 318.3 316.2 310 306.4 303.2 303.7 304.6 305.8 308.6 312.3 317.4 323.7 323.8 321.2
277.5 297.9 317.1 329.8 342.3 358.8 377.8 394.4 397.8 404.7 419.3 434.9 438.7 439.4 439.7 442.8 448.7 455.7 460 459.6 460.9 461.2 459.4 455.8 450.7 444.8 437.7 427.7 415.6 405.8 397 391.7 387.2 378.1 369.6 363.4 360 358.2 359.4 353.7 356.3 358 361.7 363.4 364 363.6 362.8 365.1 370.5 372.9 373.8 374.6 373.1 371.4 367.8 364.8 362.3 358 353.1 349.2 345.9 342.7 338.5 333.2 327.8 322.9 315.3 310.1 304.5 294.7 296.6 298.8 301.7 304.4 308.6 313 318.2 321.1 320.1
263 280.9 300.6 314.6 333.2 346.8 361.8 384.4 394.1 399.5 412.5 431 437.5 438.3 438.6 440.2 445.7 452.3 456.9 459 462.3 464.4 464.5 461.7 458.1 453.2 445.8 436.4 422.7 409.3 399.7 392.2 387.5 381.6 372 364.7 360 355.8 350.8 347.3 344.5 347 351.3 355.4 356.8 356.9 355.6 359.1 369.1 372.9 373.6 374.4 375.2 373 370.4 367.2 364.6 361 356.9 352.2 348.4 344.3 339.9 335.8 329.1 324.7 318.9 312.6 305.2 296.7 288.7 293.2 296.7 300.2 305.1 307.8 313.6 316.1 317.3
253.3 261.5 282.8 306.1 324.3 336.8 351.2 367.7 389.5 395.9 406.6 427.1 435 437.3 437.7 437.6 441.8 446 452.1 456.9 462.8 466.8 466.9 466.3 464.5 459.1 451.2 442.2 429.3 411.6 400.8 392.4 388.1 383.4 374.4 364.8 360 355.2 349.8 343.1 331.6 340.4 340.2 344 347.1 350.2 349.3 350.5 360 370.5 373.1 373.5 374.3 374.4 372.2 369.7 366.8 362.8 358.4 353.8 349.1 345.2 340.6 335.9 329.6 324.3 318.9 312.3 305.5 294.9 283.2 287.8 291 294 297.9 301.6 304.9 307.5 310
235.5 252 270.3 292.4 313.2 327.1 340.6 356.5 379.3 392.7 402 421.2 432.8 435.7 435.4 435.2 436.6 441.6 446.5 452.8 460.1 466.3 469.8 470 467.8 463.2 455.5 448.5 437 415.5 401.4 392.4 388.1 382.9 375.7 367.3 360.3 356.4 352.3 347.1 340.1 330.2 334.7 336.5 339.5 343.5 340 342 347.9 360.1 369.3 372 374.3 374.3 372.7 370.7 368.9 364.7 359.7 354.3 350 345.6 340.7 336 329.7 323.2 317.1 310.5 305 295.6 285.8 282.9 285.7 288.8 293.4 297.7 301.9 302.6 302
221.3 241.3 255.6 276.7 298.9 316.5 329.6 347.1 369.2 389.4 399.4 415.7 429.8 432.9 434.2 433.5 433.2 436.6 441.4 448.7 454.3 461.2 467.4 469.4 468.3 465.3 458.9 451.7 442.3 427.9 407.5 395.6 387.8 382.7 376.9 368.8 362.8 359.2 355.6 350.4 343.1 334.3 324 329 333 334.4 330.7 333.2 338.7 345.5 358.1 366.5 371.4 372.7 372.3 370.8 369.1 365.4 360.3 355.5 350.5 345.6 340.8 336.3 329.8 322.6 314.7 307.3 302 295 287.9 275.6 280.9 285.3 289.8 294.4 301.6 302.8 302
213.6 227.5 245.3 262.2 282.7 305.3 320.1 337.2 358.2 387.1 395.5 409.7 426.6 430.2 432.3 432.2 431.9 433 436.4 443.2 448.7 457 464.5 467.6 468.4 466.1 462.3 454.3 446.1 433.6 417.1 402.7 391.3 384.7 378.1 371.6 365.3 361.6 359 352.6 345.4 338.5 328.3 319.8 326.5 327 324.7 326.8 330.4 333.9 341.3 353.9 363.5 367.5 369 368.5 366.9 364.5 361.3 356.5 350.8 345.7 341 337 331.5 324 315.1 306.2 299.7 294.1 287.7 277.3 276.4 281.7 286.1 290.7 298.5 304.6 305.2
211.9 215.7 235.5 251.7 269.2 292.4 312.7 328 351.7 380.5 394.1 402.5 420.7 427.8 429.8 430.3 430.9 430.3 433.1 437.9 443.9 451 460.9 464.4 467.2 465.7 463.2 457.6 449.2 437.7 424.9 410.8 399.7 389.6 382.3 375.2 368.2 363.2 360 354.8 347.7 340.8 334.4 321.5 313.3 316.4 316.3 318.4 322.6 326.2 328.7 333.5 341.5 350.9 356.3 359.5 364.8 362.6 360.3 357.6 352.3 346.4 342 338 333.4 325.9 316.8 307.4 299.5 292.5 285.3 273.9 271.2 278.3 283.1 287.8 293.9 299.7 302.5
211.7 215.6 220.6 241.8 258.2 279.6 304.7 324.1 346.2 371.9 391.9 397.1 408.9 424.5 426.8 427.6 428.9 428.5 430.4 433.5 438.6 444.9 454.4 461.8 464.7 464.3 463.1 459.3 452 442.3 431.2 420 406.9 395.9 385.9 377.7 369.8 364.7 360 354.9 349.2 342.8 335.7 328.2 320.2 312.7 309 313.2 317 320.5 323.5 326.8 329.8 335.6 337.4 340 342.6 345.9 350.3 353 351.7 347.1 343.7 338.9 334.9 327.2 319 309.2 300.3 291.5 281.7 271.3 262.5 272.6 278.5 284 290.4 295.1 297.3
214.7 208.5 211.9 229 248.3 269 291.1 317.2 339.4 360.9 385.9 394.6 400.6 414.2 422.1 423.1 426 426.9 427.5 430.3 433.8 438.7 448.1 458.9 462.4 463.2 462.1 459.9 454.2 445.2 435.3 425.8 414.6 403.5 393.2 382.6 373.4 366.2 360.9 354.5 349.7 345.1 338.7 331.9 324.5 314.8 305.1 307.7 311.3 314.8 317.6 321 327.7 333.1 334.3 333.8 334.3 333.7 332.6 332.8 335.1 341.8 341.1 338.2 334.7 329.4 322.3 310.8 301.2 292.5 280.7 270.5 259.4 265.7 273.3 279.6 286.7 292.3 294.5
216 208.6 209.6 223 238.8 258.6 279.9 302.6 332.6 352.2 376.8 391.8 394.8 401 413.4 418.1 420.6 422.6 424.9 428 430.4 433.8 440.7 452.9 460.8 461.1 460.1 458.7 455.4 447.9 439.7 430.3 420.9 410.8 400.2 387.7 378.6 369.4 360.4 355 351.8 347.7 342.3 334.7 326.9 316.8 308.3 301.6 305.4 308.1 310.8 315 321.8 326.4 328.4 329.2 331.5 330.7 327.2 325.5 324.6 325.5 326.9 332.5 334.1 330.8 323.6 310.8 300.3 291.9 283.7 273 260.9 255.9 267.4 274.3 280.8 288 291.8
223.6 208.5 204.6 217 234.8 251.1 271 289.4 325.4 345.3 364.4 386.8 392.7 394.7 398.7 405.2 411.6 415 421.6 425 427.4 429.2 433.5 443.8 454.2 459.3 458.2 457.7 455.8 450.4 443.9 434.3 425.2 416.4 406.3 395.5 385.8 377.1 364.2 357 353.9 350.2 344.2 336.4 329 320.9 312.5 304.1 299.2 303 306.2 309.2 314.5 317.7 319.7 321.2 323.3 327.7 324.7 321 319.1 319.5 319.9 320.6 320.8 325.4 320.2 309.4 298.8 290.6 283.2 274.4 264.3 251.1 259.8 268.5 275.5 281.8 288.3
225.8 209.6 207.6 208.9 228.3 244.2 262.3 287 316.8 338.5 356.9 379 390.5 391.6 392 393.1 396.8 405.8 415.1 421.2 423.8 425.6 427.7 433.8 444.6 455.8 456.8 456.6 456 451.1 445.1 436.9 429.5 421.9 412.9 402.9 392.9 384.1 373.8 360 354.9 351 344.7 337.3 330.7 325.1 318.9 308.2 299.6 298.4 302.3 305.8 307.9 310.3 312.4 313.8 315.1 317.3 319.7 318 315.7 313.4 313.9 314.7 314.6 312.4 311.6 306.2 297.6 288.5 281.6 273.4 265.6 253.4 252.3 261.5 269.6 274.8 282.4
227.5 212.4 207.4 207.5 221.5 237.1 255.3 283.3 309.9 333.9 350.5 366.8 385.7 389.3 388.3 385.8 386.3 390.9 401.5 413.6 420.1 422.1 423.2 426 434.7 447 453.9 456.1 455.9 452.1 447.2 441.8 434.5 426.9 418.5 410.2 402 392.1 381.4 367.4 355.7 349.7 343.2 337.2 332.7 328.3 323.4 314.7 304 294.9 297.2 301.4 303.8 306 307.9 309.4 310.3 312.4 314.7 315.5 313.4 311.4 308.9 309.5 309.1 306.4 303 298.9 293.1 286.4 278.5 271.1 263.6 253.5 245 253.9 261.9 267.3 272.9
226.8 210.9 207.5 201.8 214.6 231.3 251.9 275.9 302.6 327.2 342.3 356 375.5 384 384.3 381.1 380.3 384.3 390.7 400 414.2 419.3 420.4 421.6 425.6 437.2 449.8 452.4 454.4 452.9 449 444.1 438.7 432.2 425.5 417.5 409.5 399 387.4 374.5 358.1 348.5 342.3 337.9 334.2 330.5 325.9 320.3 310.2 300.7 293.7 296 299.2 301.8 304.3 305.7 306.8 308.1 310.2 311.2 311.3 310.2 308 305.3 304.1 301.4 298.8 293.5 288 283.5 276.3 269 259.6 251.3 238.9 245.4 251.6 257 260.9
228.1 214.1 205.7 205.1 206.2 224.5 245.5 273.3 302.5 322.2 336.4 347.4 357.6 371.6 375.2 373.7 376.4 379.4 384 389.4 402.4 414.3 416.9 417.9 419.5 428.4 442.3 448.5 450.9 452 449.8 446.2 441.3 436.8 430.7 424.1 416.1 405.8 393.7 380 362 349.1 343 339.1 334.9 331.3 327.8 322.5 314.7 306.4 297.2 290.1 293.6 296.5 299.8 303.2 304.2 303.8 305.4 307 307.9 308 305.8 301.4 299.4 297 293.7 287.8 283.2 279.3 274.2 265.7 256.5 248.8 241.3 237 241.3 246.3 246.2
226.7 216.4 205.4 205.9 204.1 219.8 243.2 269.6 289.3 317.7 330.9 339.7 347.4 354.1 359.9 355.4 369.6 375.2 377.8 382 390.4 404.2 411.9 413.9 414.7 420 433.5 444.9 447.5 450.6 450.8 447.3 443.7 439.6 435 429 422.6 413.5 401.4 387 368.9 351.7 346.3 341.6 336.9 332.2 328.2 323.5 318 312.1 302.4 293.1 286.6 290.5 294.7 297.7 299.4 300.4 301.4 302 303.1 304.5 303.2 299.4 296.2 293.9 288.5 282.6 278.2 273 269.8 262.6 253.5 247.6 242.2 233.6 235.1 238.1 238.8
227.3 220.1 205.1 205.4 200.4 209.8 236.3 265.4 287.8 310.1 323.7 331.9 337.8 342.7 344.7 340 351.3 368.8 373 375.8 382.2 391 401.4 408.8 410.5 413.8 425 438.2 445.3 448.7 451.2 448.9 445.5 441.6 437.4 432.5 427.1 419.7 408 395.9 379.6 361 350.9 345.1 339.4 333.4 328.4 324.4 320.3 317.1 311.9 300.4 291.7 283.7 287.3 291.7 294.2 296 296.9 297.3 298.5 300.3 300.9 298.2 295 291.9 285.9 279.5 274.2 268.2 263.6 259 251.2 247 242.7 230 232.1 232.5 232.9
228.3 220.5 206.8 204.6 205.3 202.5 222.7 256.2 289.3 305.3 314.6 323.5 327.8 332.1 331.4 326.8 337.7 347.1 366.4 370.7 374.1 381.8 391.5 402.4 406.3 409.5 416.8 431.1 442.2 445.9 449.9 449.4 445.8 443.2 439.4 435.2 429.9 424.2 413.3 401.7 387.7 370.1 356.3 349.6 342.7 335.4 329.7 325.4 322.6 319.8 316.6 309.7 300.6 290.9 283.7 285.1 286.7 292.6 293.7 292.7 294.7 295.7 295.7 294.5 292.1 287.9 284.2 277.9 273.3 267.6 262.4 256.1 250.2 245.9 242.5 232.1 228.8 228.5 226.5
229.5 221.5 213.8 204.1 204.4 197.6 211.9 236.4 267.4 299.3 305.1 314.8 320.5 323 323.2 322.5 326.2 331.8 346.8 364.3 367.2 373.6 382.2 393 401.2 407 410.4 422.5 435.8 443.2 446.9 448.5 447 443.6 440.2 436.7 431.3 424.7 415.7 406.6 395 378.5 362.3 352.2 345.1 337.3 331.1 327.5 324.6 321.7 319 315.3 308.3 301.2 292.4 283.7 283.7 283.7 287.3 289.1 289.8 290.6 291.4 291.7 288.8 284.8 280.6 277.9 272.6 268.9 265.6 259.9 249.7 243.7 240.4 241 237.2 227.6 229.4
229.8 221.1 214.3 203.3 203.8 204.1 199.6 221.4 249.2 276.7 295.8 301.8 310 313.4 313.8 313.8 317.5 323 330.2 345.4 359.5 364 370.7 382.4 395.6 402.2 404.9 413 428.4 439.6 444.8 447.7 447.3 442.9 439.7 436.7 432.2 425.8 416.6 408.1 398.5 384.3 369.2 356.7 347.3 339.5 333.3 328.9 326 323.1 320.5 318.2 314.3 307.7 300.7 292.2 283.7 283.7 282 284 285.2 285.3 286 285.1 283.8 281.8 277.3 276.3 271.1 267 264.6 260.9 252.4 245.2 243.8 239.7 229.9 232.5 238.7
231 222.2 212.7 207.4 203 203.5 197.1 201.9 228.9 252 274.1 292.2 298.8 303.5 302 303.9 307.7 312.5 319.8 331.2 344 355.5 362.6 371.9 384.6 395.8 399.8 405.2 417.2 433.2 442.3 446.1 446.2 443.1 439.5 436.7 432.8 426 416.8 408.2 399 388.6 375.1 361 349.9 341.5 335.4 330.3 326.3 323.4 320.8 318.8 317.1 312.5 305.3 298.5 291.8 285.7 276.3 275.7 278.2 279.7 281.6 281.3 280 278.6 273.6 270.3 266.9 263.1 260.8 258.1 252.6 246.7 243 230.8 236.7 242.5 246.7
232.6 224 211.7 207.4 204.7 203 203.5 193.5 209.2 229.9 252 273.4 288.7 291.6 289 291 294.7 302.5 308.7 317.8 329.7 341.5 354 361.3 372.7 385.5 393.4 398.6 407.3 423.5 436.9 442.3 443.3 442 438.7 436 432.5 425.6 417.5 410 400.5 391 378.9 366.2 352.9 343.2 337.1 331.1 327.2 323.6 320.9 318.8 316.9 314.3 309.4 303.5 295.6 286.6 279.3 272.9 271.9 274.6 277.1 277 277.2 277.1 271.7 267.6 262.8 260 256.9 253.5 249.1 241.6 236.9 240.5 246.1 252.1 256.7
