WholeMapElevations/data/sw/sw93_OST50GRID_20230518/SW93.asc
ncols 200
nrows 200
xllcorner 190000
yllcorner 30000
cellsize 50
[rows 0 to 37 of 200, columns 0 to 83 of 200]
71.9 72.1 72.4 73.1 73.6 75.5 76.8 77.4 76.4 74.3 71.1 67.8 67 66.2 65.2 63 55.9 38.9 31.6 43.7 57.1 60 61.7 62.6 62.6 63.2 63.4 64.3 66 66.7 67 66.4 65.9 67.6 68.5 67.3 66.4 68.4 71.1 73 75.5 80.9 86.1 91.2 95.1 98.1 99.4 99.7 99.7 99 97.9 96.3 94.7 92.9 91.1 89.1 87.7 85.8 85.5 87.8 91.1 95 98.1 99.1 98.5 95.9 92 91.1 89.4 86.3 83.3 79.7 74 68.9 68 68.9 70.2 71.8 73.2 73.7 72.6 70.7 67.6 64.2
70.8 72 72.6 73.1 74.3 75.4 76.6 76.4 75.4 73.1 70.3 66.8 63.4 62.7 61.6 60.4 53.2 34.4 37.9 49.8 54.7 54.7 55.6 56.1 56.3 56 56.5 57.5 60.2 61.3 61.6 61.5 62.1 64.5 66.8 66.6 64.9 65.8 68.8 70.9 73.9 78.8 85.5 91 94.9 98.1 100.1 100.3 100.3 99.6 98.5 96.8 95 93.2 91.2 89.1 87 84.8 84 86.3 90 93.7 96.4 97.1 96.5 94.9 92.8 90.5 87.8 85.1 82 77.2 71.6 66.3 63.7 63.6 64.7 66.2 68.5 69.2 69.2 67.7 64.5 60.1
68.7 70.1 70.7 71.6 72.9 75.3 76 75.6 74.1 71.8 69.7 67 64.2 60.6 56.6 54.5 44.2 31.3 39.4 47.6 47.1 45.8 48 46.6 45.2 45.3 47.4 49.7 53.7 55.8 56.2 56.8 58.8 62 64 65.2 63.4 63.4 66 69 74.1 79.4 85.6 91.1 94.8 98.2 100.3 101.1 101.1 100.2 99.1 97 95.3 93.7 91.8 89.9 87.5 85.1 82.6 84.8 88.7 91.4 93.5 93.8 93.1 92.2 90.3 88 85.7 83.2 79.4 74.5 69.7 64.5 59.9 57.8 58.6 60.4 63.7 65.1 66.1 65.4 63.8 59.1
65.5 68 68.5 69.7 71.8 74.2 74.2 73.8 72 70 68 66.7 64.7 62.4 59.1 50.5 38.3 28.3 33.5 38.6 36.3 35.5 36.4 36.9 36.4 36 36.7 40.7 45.8 49.9 50.5 53.8 57.3 59.5 61.2 61.6 60.8 61.1 65.7 70.9 76.2 82.4 87.4 91.9 95.7 98.7 100.8 101.3 101 100.4 98.7 96.8 95.1 93.5 92.1 91.4 90.1 87.3 83.5 81.5 85.3 87.3 88.7 89.4 88.9 87.9 86.6 85.5 83.2 81.1 77.2 73.6 69.4 65.6 61.2 56.4 52.7 54.9 59.6 62.9 65.1 65.4 64.9 60.4
62.9 65 65.9 67.9 70.6 72.8 72.5 71.6 69.9 68 65.8 64.6 63.6 62 58.4 52.7 43.4 29.2 28.1 31.7 33.1 32.7 32.7 35.2 37.8 41.6 42.2 40.3 38.8 42.1 46.2 51.4 55.2 57.4 57.4 57.1 56.4 60.8 67.8 74.9 80 85 88.7 92.7 96.6 99.3 100.7 101.1 100.8 100 98.2 95.8 94.3 93.9 93 93 92.1 90.4 87.4 82.2 79 80.7 81.9 82.8 82.1 81.7 82.1 81.4 80.9 79 76.6 73.7 72.6 70 66.2 61.5 48.4 48.4 57.4 64 66.8 67.5 66.4 60.4
59.6 62.1 63.8 67.8 70.8 71.5 70.8 69.3 67.7 65.9 63.6 61.3 61.3 59.8 56.2 48.3 37.3 27.4 28.6 37.5 40.4 38.6 41.3 46.6 50 52.7 53.9 52.1 46.7 42.2 42.7 46.4 52.3 55.5 54.1 53.2 56.7 62.9 69.6 77.6 83.3 87.9 91.5 94.5 97.3 99.6 100.6 100.6 100.4 99 96.5 93.9 93.3 92.6 92.8 93.3 92.5 91 88.9 85.5 79.7 74.7 73 73.2 71.4 73.8 75.9 76.8 76.7 76.3 76.6 76.3 75.7 74.9 69.7 63 45.6 45.5 59.3 67 69.5 67.3 62.3 56.7
56.2 60.7 65.4 69.1 70.9 70.4 68.8 66.5 64.9 63.3 60.6 56.8 55.8 53 43.9 34.9 25.6 29.9 34.7 45.2 48.6 48 49.6 55.4 57.3 59.6 59.3 56.3 50.8 45.4 42.2 42.2 46.9 48.7 48.9 51.5 56.5 63.6 71.8 79.2 85.2 90 93.3 95.6 97.6 99.6 100.4 100.1 99.5 97.7 95.5 92.9 91.5 90.5 91 91.4 91.3 90.1 87.8 85.8 83.6 80.2 74.9 69.6 66.1 63.3 67.4 70.6 72 73.9 75.4 76.4 75.2 73.7 69.3 58.4 39.7 42.9 58.7 67.6 65.9 59.7 49.2 36.3
63.6 67 70.2 71.7 71.1 69.9 67.2 63.9 61.7 60.2 58.1 53.7 46.3 37.2 27.3 26.3 35.4 42.5 48.9 55.3 56.7 57.1 58.9 61.5 63.3 63.8 61.8 58.9 53.9 48 46 44.1 44.3 47.2 50.1 53.4 56.6 64.9 74 80.1 85.8 90.4 93.6 96 97.6 99.2 99.8 99.3 98 96.3 94.7 92.6 90.6 87.8 87.8 88.9 88.2 86.8 84.8 83.4 82.4 80.8 77.7 74 68.3 61.5 58.3 64 69.1 71.7 73.7 74.4 73.7 71.4 67.4 57.3 36.5 39 54.5 62.3 57.9 50.3 35.5 -1.7
68.8 71.6 73.5 73.1 71.6 68.9 65.3 60.1 56.3 55.3 53.8 46.2 31.7 28.4 35.7 41.3 48.2 53.9 59.1 63 63.6 64.3 65 66 67.2 66.4 63.7 60.6 56.2 49.6 49.8 47.8 48.6 51.5 56.1 57.5 59.9 66.3 75.1 80.9 86.4 90.1 93.1 95.2 96.7 97.9 98.4 97.9 96.7 95 93.6 91.9 89.5 86.5 83.6 83.3 82 81.5 80.4 79.4 78.1 76.5 72.9 70.4 66.4 62.2 57.1 59.2 65.6 69.3 71 71.9 70.8 68.2 63.7 57.5 35.6 31.5 45.8 55.6 49.9 39.7 14.6 -1.7
72.2 74.4 74.8 74 71.1 67.2 64.1 59.2 53.2 49.5 46.6 34.3 28.4 43.3 50.1 54.2 57.2 61.2 64.6 67.3 68.2 69.2 69.5 69.8 69.4 67.8 64 59.5 54.7 52 54.2 51.9 53 58.1 61.7 62.6 62.7 67.6 74.6 79.8 85.3 88.9 91.4 93.1 95.1 95.8 96.5 96.2 95.4 94.1 92.1 89.6 87.6 84.9 83.7 82.8 80.6 78.3 74.9 72.6 70.5 66.3 62 61.4 60.5 60.7 60.2 51.4 61 64.4 66.3 67.6 66.4 62.8 58.6 53.3 38.7 24.3 35.5 49.3 42.5 21.5 -1.7 -1.7
74.8 75.7 75.4 74.1 70.8 66.9 63 58.7 53.8 48.1 40.7 23.9 36.3 49.8 55.3 58.5 61.3 64.7 68.1 70.5 73.2 73.9 73.8 73.3 71.6 68.5 64.3 59.4 55.8 58.2 59.7 57.4 55.7 62.4 66.4 67.7 69.2 71.6 74.5 77.5 81.7 85.6 88.2 90.7 92.7 94 94.5 94.7 94.6 93.4 91.6 89.6 88.3 87.8 87.3 86.6 85.1 83.2 80.1 77 72.6 67.1 62.4 57 54.8 57.1 58.3 47.1 47.9 54.3 55.9 58.9 58.2 54.3 48.4 38.9 34.1 20.8 24.9 42.6 35.5 16.6 -1.7 -1.7
76.3 76.5 75.4 74.1 70.6 66.3 60.7 56.1 52.4 47.6 37.2 22.6 38.9 49.3 54.9 59.2 63.7 67.5 71.1 73.7 76.2 76.2 76.1 75.5 72.9 69.2 64.7 60.3 59.6 64.4 65 62.1 60 66.2 71.2 73.5 75.1 78.6 80.7 82.1 81.7 83 84.5 86.9 90.1 92.7 93.2 93.6 93.6 92.9 92.4 91.9 91.2 90.9 90.2 89.2 87.5 85.9 84.2 82.2 78.5 72.3 66.1 59.2 53.4 50.9 47.9 41.4 38.1 39 39.7 44 42.1 36 22.6 11.7 10.2 -1.7 -1.7 30.8 15.4 -1.7 -1.7 -1.7
77.3 77.3 76.1 73.8 69.9 65.5 60 56.3 52.4 47.1 35.1 21.4 32.1 45.9 54 61 66.4 70.4 73.9 76.4 77.5 77.6 77.7 76.6 73.7 69.4 64.3 61.4 62.2 66.6 67.9 64.2 63.4 68.4 74.6 78.2 81.2 84.9 87.7 87.9 87.3 87.4 88.6 89.7 90.1 91.5 93 93.3 93.7 94.1 94.3 94 94.1 93.8 92.7 90.9 88.9 87.2 85.7 83.6 79.1 72.8 66.7 60.5 56.5 54.3 50.8 46.9 39.8 34.2 29.2 24.1 22.5 18.5 16.3 14.4 11.3 -1.7 -1.7 -1.7 -1.7 -1.7 -1.7 -1.7
78.9 78 76.3 73.8 70 66 60.2 56 51 45.7 31.7 21.7 27.8 41.8 52.7 61.8 68.2 73.2 76.6 79 80.1 80.4 80 77.2 73.6 69.7 66.2 64.8 65.7 67 68.2 67.7 65.7 70 77.1 81.5 86.1 89.4 91.4 92.1 91.8 92.5 93.6 94 93.7 93.2 93.8 94.7 95 95.3 96.2 96.2 96.1 95.2 93.4 90.6 89.1 87.5 85.9 82.9 78.4 72.5 66.9 63.9 68.4 70.6 69.6 66.5 58.1 48.7 40.7 37.8 34.5 32.7 35.1 29.5 27.6 -1.7 -1.7 -1.7 -1.7 -1.7 -1.7 -1.7
79.9 78.7 76.5 73.5 69.9 65.4 60.3 55.2 45.9 39.6 27.6 18.5 25.5 34.8 47.7 61.6 69.6 75.2 78.4 81.1 82.1 82 81.2 78.7 75 72.9 70.3 68.9 69.5 69.8 69.8 73.2 71.9 71 80.3 84.9 89.3 92.2 93 94.4 94.6 95.3 96.5 96.9 96.2 95.6 94.8 95.6 96.2 97 97.7 97.4 96.7 95 93.2 90.5 88.7 87 85.4 83 78.2 73.4 70.3 75.3 81.4 82.2 81.7 77.4 71.2 63.8 57 54.4 54.1 48.3 17.6 -1.7 -1.7 -1.7 -1.7 -1.7 -1.7 -1.7 -1.7 -1.7
80.2 79 76.3 72.5 68.6 64.2 59.3 53.3 44.3 30.6 22.6 18.9 32 39.5 47.3 60.7 70.8 76.3 79.8 82.3 83.2 82.9 81.8 80.3 78.2 76.2 73.9 72.7 73.2 72.3 72.7 78.2 75 71.9 80.4 86.7 90.9 93.8 95.2 96.2 96.7 97.3 98.3 98.4 98 96.8 96.2 96.5 97.5 98.9 99.1 98.7 97.1 94.9 92.4 90.2 87.8 86.3 84.8 82.3 78.9 77.1 79.7 83.9 86 86.9 85.1 81.9 77.5 73.4 67.7 66.1 58.5 39.3 -1.7 -1.7 -1.7 -1.7 -1.7 -1.7 -1.7 -1.7 -1.7 -1.7
80.3 78.3 75 71.2 66.5 61.4 55.9 47.9 36.3 27.2 19.4 23.7 39.8 51.8 58.1 64.8 72.9 77.5 80.6 82.3 82.9 82.8 81.8 81 79.9 78.5 77 76.3 76.3 75.2 76.7 80 78.6 74.6 77.4 86 92.1 94.6 95.8 96.6 97 97.5 98.5 98.6 98.1 97.1 97.1 97.6 99.4 100.7 100.4 99.4 98 95.7 91.6 88.8 86.8 85.3 83.9 82.1 80.6 82 85 87.5 88.3 87.8 86.2 83.8 81.6 79.7 78.4 73.1 48.2 26.7 -1.7 -1.7 -1.7 -1.7 -1.7 -1.7 -1.7 -1.7 -1.7 -1.7
79.5 76.9 73.2 69.1 63.5 57 46.3 33.8 25.1 19.1 15.3 30.9 47.8 59.1 65.9 72 75.2 78.3 80.2 81.2 81.3 81.6 81.5 81.3 80.8 79.9 79.5 79.5 79.1 78.5 79.3 82.5 84.1 83.4 82.3 83.8 90.6 93.6 95 95.7 96.1 97.2 97.5 97.8 98.1 97.6 98 98.5 100.8 101.4 100.3 99 97.4 93.7 89.5 86.8 85.5 85.3 83.9 83.2 82.8 83.3 86.1 87.3 87.1 86.1 85.9 85.8 85.3 84.7 83.1 78.5 31.5 1.1 -1.7 -1.7 -1.7 -1.7 -1.7 -1.7 -1.7 -1.7 -1.7 -1.7
77.8 74.9 71.2 66.6 60.8 50 34.2 18.7 17.3 22.9 30.3 39.9 54.6 65.2 71.8 75.4 76.9 77.8 78.3 78.7 78 77.8 77.6 78.8 80.1 81.1 81.5 81.6 82.3 82.3 82.2 85.8 89.2 90.9 89.5 84.9 86 89.6 91.7 92.8 94.4 95.4 96 96.4 97.4 98.3 98.7 99.6 100.2 100.3 99.1 97.4 94.4 89.7 84.6 83.1 83.8 84.3 84.7 84.5 84.3 84.3 84.5 84.5 83.7 83.1 84.1 88.3 88.2 85.6 82.5 78.1 56.1 -1.7 -1.7 -1.7 -1.7 -1.7 -1.7 -1.7 -1.7 -1.7 -1.7 -1.7
75.4 72.8 67.2 62.2 55.4 44.4 26.8 18.8 31.6 42.2 49.6 56.8 64 70.6 74.5 75.6 75.9 75.4 74.6 71.8 68.3 68.2 70.9 74.3 78.1 81.9 84 85.3 86.2 86.6 85.8 88.2 91.6 92.8 92.4 90.9 88.6 89 91 91.8 93.3 94.2 94.9 95.7 96.8 98.2 98.9 98.7 98.8 98.3 97.1 94.4 89.9 83.6 79.4 79.3 82.3 84.1 85.6 85.4 82.6 79.8 78.4 77.5 76 76.9 80.7 88.7 86 80.8 75.1 67.8 42.2 -1.7 -1.7 -1.7 -1.7 -1.7 -1.7 -1.7 -1.7 -1.7 -1.7 -1.7
70.6 67 59.4 51.6 44.3 37.7 22.2 25 42.6 52.4 58.9 62.8 68.7 73.1 74.8 73.3 71 67.7 63.4 59.9 63.2 69.9 75.3 77.2 78.7 83.3 87.4 90.3 91.3 91.3 90.4 91.4 93.9 95.6 96.2 96.8 96.3 95.6 95.3 94.4 94.4 94 94.7 95.3 96.7 98.5 98.6 98 97 95.9 94 90.2 84.6 77.9 72.6 74.3 80 83.2 84.5 81.3 74.8 67.1 48.1 36.3 41.9 64.4 73.8 85.1 81.1 71.8 55.9 41.7 13 -1.7 -1.7 -1.7 -1.7 -1.7 -1.7 -1.7 -1.7 -1.7 -1.7 -1.7
63.1 54.5 44.5 32.8 25.1 21.2 16.4 32.6 47.7 54.2 61.6 69.4 74.6 75.5 72.8 66.3 57.6 53.5 53.9 59.7 67 74.2 80 83.8 83.3 84.5 89.4 93.1 94.3 94.8 94.8 95.7 96.7 97.6 98.4 99 99.1 98.5 97.7 96.7 95.9 95.4 95.4 95.9 97.8 99.1 98.9 97.4 95.6 93.3 91.1 86.6 79.5 70 66.4 68.3 75.1 80.7 79 73.1 60.9 40.9 25.2 1.7 1.5 12 56.5 69.2 73.2 56.4 37.9 -1.7 -1.7 -1.7 -1.7 -1.7 -1.7 -1.7 -1.7 -1.7 -1.7 -1.7 -1.7 -1.7
46.5 36.6 25.2 14.7 15.5 23.2 29.9 43.9 51.9 58.1 66.1 74.7 78 74 66.6 53 46.7 51.3 61.2 68.7 73.9 78.9 83.7 86.4 86.7 87.4 91.5 95 96.6 97.3 98 98.3 98.6 99.1 99.9 100.1 100 99.8 99 98.2 97.2 96.9 96.6 97.1 98.8 99.1 98.1 96.2 93.7 89.7 85.9 80.7 74.4 66.8 61.9 61.9 70.3 76.5 70.9 62.2 44.5 22.2 -1.7 -1.7 -1.7 -1.7 -1.7 46.5 60.6 42.6 20.9 -1.7 -1.7 -1.7 -1.7 -1.7 -1.7 -1.7 -1.7 -1.7 -1.7 -1.7 -1.7 -1.7
31.5 15.2 11.7 22.4 34.7 45.2 47.2 49.5 54.9 62.4 70.2 76.2 76.4 71.5 59.5 45 45.1 64.9 73.2 78.6 82 84 86.7 88.5 89.4 91.6 94 96.7 98 98.7 99.6 100 100.2 100.7 101 100.8 100.6 100.2 99.6 99.1 98.5 97.8 97.1 98.2 98.6 98.5 96.9 94.8 91.4 86.5 79.8 73.5 67.8 61.8 56.2 55.7 62.9 68.5 61.8 44.4 28.9 7.1 -1.7 -1.7 -1.7 -1.7 -1.7 -1.7 -1.7 22 -1.7 -1.7 -1.7 -1.7 -1.7 -1.7 -1.7 -1.7 -1.7 -1.7 -1.7 -1.7 -1.7 -1.7
21.1 14.5 28.4 41.3 49.1 54.1 55.3 57 60.5 66.1 72.3 76.3 75.2 69.4 52.2 39.7 43.3 62.6 75.8 82.2 86 88 89.3 90.4 91.5 94.3 96.7 97.8 98.7 99.3 100.2 100.9 101.4 101.7 101.9 101.6 100.9 100.1 99.7 99.4 98.9 98.1 97.7 98.1 98.1 97.9 96.1 93.1 89.5 83.5 74.4 65 59.4 54.1 49.1 48.6 55.6 57.8 46.7 27.5 1.5 -1.7 -1.7 -1.7 -1.7 -1.7 -1.7 -1.7 -1.7 -1.7 -1.7 -1.7 -1.7 -1.7 -1.7 -1.7 -1.7 -1.7 -1.7 -1.7 -1.7 -1.7 -1.7 -1.7
12.5 21.2 40.7 52.7 57.5 60.3 61.4 63.4 67 70 73.5 73.3 72 68.1 50.6 35.7 41.6 58.8 74.9 82.5 87 89.2 90.6 91.5 93.1 96.1 98.2 98.8 99 99.9 100.8 101.6 102 102 101.9 101.1 100.3 99.5 98.2 98.1 97.8 97.1 96.3 96.8 97.4 97.2 95.1 93 88.2 81.2 71 60.2 53 48.5 41.8 39.5 46.5 43.7 28.9 -1.7 -1.7 -1.7 -1.7 -1.7 -1.7 -1.7 -1.7 -1.7 -1.7 -1.7 -1.7 -1.7 -1.7 -1.7 -1.7 -1.7 -1.7 -1.7 -1.7 -1.7 -1.7 -1.7 -1.7 -1.7
10.4 23.1 43.9 54.7 60.8 64.6 66.3 68.1 70.5 70.6 70.6 68.6 66.1 61.3 43.5 33.2 41.7 61 75.5 82.1 87.2 90.4 91.8 92.5 94.3 97 98.8 99.4 99.8 99.8 100.7 101.5 101.3 101 100.9 100 98.8 97.4 96.1 95.8 95.7 95.3 94.6 95.5 96.6 96.3 95 92.9 87.6 78.1 68.5 58.9 52 45.6 39.8 34.2 31.7 24.8 6.7 -1.7 -1.7 -1.7 -1.7 -1.7 -1.7 -1.7 -1.7 -1.7 -1.7 -1.7 -1.7 -1.7 -1.7 -1.7 -1.7 -1.7 -1.7 -1.7 -1.7 -1.7 -1.7 -1.7 -1.7 -1.7
13.7 25.8 47.6 55.3 62.9 67.4 68.7 68.7 67.5 65.4 63.9 59.7 56.3 50.6 34.9 31.7 44.6 65.5 74.9 81.1 86.6 90.5 91.1 92.7 95.1 97.6 98.8 99.4 99.4 99.2 99.8 100 99.8 98.9 98 96.9 95 93.9 93.6 93.1 93 92.5 92.4 93.6 95.2 95.9 94.9 91.7 85.6 76.3 69.9 61.6 54.3 49.5 45.2 39.2 33 23 5.4 -1.7 -1.7 -1.7 -1.7 -1.7 -1.7 -1.7 -1.7 -1.7 -1.7 -1.7 -1.7 -1.7 -1.7 -1.7 -1.7 -1.7 -1.7 -1.7 -1.7 -1.7 -1.7 -1.7 -1.7 -1.7
26.8 36.4 49.4 57 63 66.5 66.5 64.9 62.1 58.1 54 49.9 46.6 39 27.8 33.2 53.2 65.2 72.8 78.7 84.3 87.8 88.7 91 94.8 97.2 98.2 98.8 98.5 98.4 98.3 98.5 98 96.7 95.2 94.1 92.3 90.9 90.1 89.1 89 89.2 90.1 91.1 93.6 95 94.1 90.5 85.3 76.9 71.7 67.1 64.3 61.8 57.8 52 43.7 22.3 -1.7 -1.7 -1.7 -1.7 -1.7 -1.7 -1.7 -1.7 -1.7 -1.7 -1.7 -1.7 -1.7 -1.7 -1.7 -1.7 -1.7 -1.7 -1.7 -1.7 -1.7 -1.7 -1.7 -1.7 -1.7 -1.7
44 50.3 54.2 58.8 61.3 62.4 61.6 59.3 56.1 50.6 45.7 39.2 33 26.9 26.4 39.5 54 61.3 68.2 74.4 78.7 81.9 84.1 88.1 93.4 96.1 97.5 98.2 97.6 97.4 97.4 97.3 95.8 94.5 93.3 92.1 90.8 89.8 88.7 87.2 87 87.1 87.9 89.3 92 94.3 94.2 91.9 88.2 83.7 78.7 74.7 73.1 68.3 63.2 53.4 39.9 7.9 -1.7 -1.7 -1.7 -1.7 -1.7 -1.7 -1.7 -1.7 -1.7 -1.7 -1.7 -1.7 -1.7 -1.7 -1.7 -1.7 -1.7 -1.7 -1.7 -1.7 -1.7 -1.7 -1.7 -1.7 -1.7 -1.7
50.7 54 55.3 55.7 57 56.8 54.4 51.7 48.3 42.2 34.6 27.9 22.8 21.4 31.7 45.2 51.3 56.4 61.6 66.3 70.6 75.3 80.6 87.2 92.3 96 97.5 98 97.5 97.1 96.7 95.5 93.6 92.2 91.2 90.2 89.5 88.5 87.3 86.3 85.6 85.8 86.4 87.9 90.3 92.6 95 93.7 90.2 86 82.4 79.1 75.1 68.5 60.8 47.2 33.7 -1.7 -1.7 -1.7 -1.7 -1.7 -1.7 -1.7 -1.7 -1.7 -1.7 -1.7 -1.7 -1.7 -1.7 -1.7 -1.7 -1.7 -1.7 -1.7 -1.7 -1.7 -1.7 -1.7 -1.7 -1.7 -1.7 -1.7
51.4 51.6 51.1 49.2 48.6 48.4 46.4 43.1 38.1 30.7 24.3 17.2 16.8 27.3 40.8 48.2 48.8 48.3 51.8 59.6 67.5 73.1 79.9 87.1 92 95.7 96.6 97.9 97.6 96.7 95.3 93.6 91.1 89.8 88.8 88.4 88.2 87.1 85.9 85 84.2 84.3 84.9 86.7 88.8 91.5 93.7 93.7 91.6 88.3 84.7 79.8 73.7 66.5 56.3 39.7 3.6 -1.7 -1.7 -1.7 -1.7 -1.7 -1.7 -1.7 -1.7 -1.7 -1.7 -1.7 -1.7 -1.7 -1.7 -1.7 -1.7 -1.7 -1.7 -1.7 -1.7 -1.7 -1.7 -1.7 -1.7 -1.7 -1.7 -1.7
47.9 46.1 43.7 41.4 40.8 41.4 36.5 32.2 27.4 22.5 16.5 13.3 28.4 37.1 44.6 45.8 40.7 37.7 51.2 62.5 69.6 75.3 81.6 87.4 92.9 95.1 95.8 97.6 97.5 96.5 94.1 91.6 88.6 86.9 86.3 86.9 86.8 85.8 84.6 82.8 81.9 82.2 84.1 86 87.8 90.3 92.6 92.7 91.3 89.1 86 80.2 73.1 65.2 57.4 46.8 36.1 -1.7 -1.7 -1.7 -1.7 -1.7 -1.7 -1.7 -1.7 -1.7 -1.7 -1.7 -1.7 -1.7 -1.7 -1.7 -1.7 -1.7 -1.7 -1.7 -1.7 -1.7 -1.7 -1.7 -1.7 -1.7 -1.7 -1.7
41.5 38.4 34.8 32.6 31.7 29.7 26 21.6 19.3 16.5 11.2 21.4 28.6 32.7 35.3 34.1 30.6 38.4 57.4 66.6 70.1 73.9 80.3 86.4 91.5 94.2 95.6 97.5 97.1 95.6 93.2 89.9 85.7 83.2 84.3 85.7 85.8 84.7 83.4 81.3 80 80.3 81.8 85.6 87.5 89.3 91 90.5 89.7 88.6 87.4 83.1 75.8 69.2 62.4 54.2 44.6 31.5 15.7 -1.7 -1.7 -1.7 -1.7 -1.7 -1.7 -1.7 -1.7 -1.7 -1.7 -1.7 -1.7 -1.7 -1.7 -1.7 -1.7 -1.7 -1.7 -1.7 -1.7 -1.7 -1.7 -1.7 -1.7 -1.7
33.1 29 25.9 24.4 23.5 21.7 19.7 17.9 8.1 4.4 8.9 16.9 17.9 22 23.8 22.2 24.5 39.9 50.4 56.9 61.9 69.5 76.6 83.1 88.4 92.6 96.4 96.4 96.1 94.4 91.7 87.3 82.3 80.7 83.2 84.1 83.5 83 81.3 79.6 78.4 79 81.7 85.1 87.4 88.9 88.1 85.7 85.1 85 85.7 84.7 79.1 74.3 69.5 64.3 59.7 53.5 37.3 -1.7 -1.7 -1.7 -1.7 -1.7 -1.7 -1.7 -1.7 -1.7 -1.7 -1.7 -1.7 -1.7 -1.7 -1.7 -1.7 -1.7 -1.7 -1.7 -1.7 -1.7 -1.7 -1.7 -1.7 -1.7
23.6 16.9 8.2 8 2.9 2.3 2.2 1.7 1.3 1.2 1.2 1.1 1.1 1.2 1.3 1.6 13.4 27 34.1 40.9 50.1 59.4 69 77 82.6 87.8 92.1 93.8 94.2 92.5 88.5 83.5 78.9 77.7 79.9 80.5 80.1 79.7 77.8 74.8 73.2 76.6 82.2 86.2 87 85.6 77.6 70.8 70.4 70.2 76.1 80 77.2 75.6 75.2 75.1 72.3 67.2 43.1 10.9 -1.7 -1.7 -1.7 -1.7 -1.7 -1.7 -1.7 -1.7 -1.7 -1.7 -1.7 -1.7 -1.7 -1.7 -1.7 -1.7 -1.7 -1.7 -1.7 -1.7 -1.7 -1.7 -1.7 -1.7
1.8 1.4 1.2 0.9 0.7 0.6 0.4 0.3 0 0 0 -0.1 -0.1 0 0 0.3 1.8 4 23.5 28.6 35.5 44 54.3 67.6 76.1 82.3 87.5 88.7 90.5 88.9 85.3 79.7 75.8 73.6 74.2 75.1 75 74.2 72.8 68.9 68.4 74.2 81.8 86.2 85 74.5 64.4 64.6 64.4 62 59.6 65 68.4 69.3 73.5 77.2 73 59.8 31.3 -1.7 -1.7 -1.7 -1.7 -1.7 -1.7 -1.7 -1.7 -1.7 -1.7 -1.7 -1.7 -1.7 -1.7 -1.7 -1.7 -1.7 -1.7 -1.7 -1.7 -1.7 -1.7 -1.7 -1.7 -1.7
0.2 -0.2 -0.4 -0.6 -0.8 -1.7 -1.7 -1.7 -1.7 -1.7 -1.7 -1.7 -1.7 -1.7 -1.7 -1.7 -1.7 0.6 12.7 22.2 26.8 34.1 45.2 59 69.1 77.1 82.1 83.4 85.9 85.2 81 76.5 72.5 70 69.6 69.7 70.6 69.9 68.1 62.2 64.8 74.9 79.3 81.7 73.6 62.3 59.4 58.9 56.5 54 46.9 44.1 50.2 56.6 66.6 75.4 67.9 46.5 15.7 -1.7 -1.7 -1.7 -1.7 -1.7 -1.7 -1.7 -1.7 -1.7 -1.7 -1.7 -1.7 -1.7 -1.7 -1.7 -1.7 -1.7 -1.7 -1.7 -1.7 -1.7 -1.7 -1.7 -1.7 -1.7
