UK/data/sh/sh45_OST50GRID_20230518/SH45.asc
ncols 200
nrows 200
xllcorner 240000
yllcorner 350000
cellsize 50
[rows 74 to 110 of 200, columns 84 to 167 of 200]
4.3 3.8 3.5 4.4 4.6 5.1 6 6.3 6.7 6.3 6.6 7.8 9.2 10.6 12.8 14.6 15.5 16.2 17.8 17.4 17.2 16.8 16.7 16.8 16.9 17.5 18.6 20 25.6 31.8 34.2 34.2 33.6 35.6 40 46.4 51.5 54.6 57.8 59.2 60.6 61.9 63 63.5 63.2 62.5 61.6 60.7 58.4 56 54.9 55.9 54.4 55.6 58.3 58.4 58.7 58.7 58.9 59.9 61.3 65.7 68.9 70.7 72.2 73.3 72.9 74.6 77.1 80.8 85.3 89.1 93 94.9 97.2 103.3 104.5 106.2 108 110.3 112.7 115.1 118.7 118.2
5.3 4.5 4.4 4.9 5.4 5.9 6.4 7.6 8.4 8.2 7.2 9 11.8 13.2 14.4 15.4 15.4 16.3 17.2 17.1 17 16.2 16.2 16.3 16.6 18.4 20.4 21.8 26.7 30.2 32.8 33.5 34.7 42 45.9 50.2 54 56.6 58.6 59.7 60.8 62 62.9 63.2 63 62 61.4 60.1 56.9 52.8 54.1 53.1 58.1 59.5 60.1 60.5 60.9 60.9 61.8 61.1 62 68.9 69.5 71.1 72.5 73.2 72.7 75.3 77.6 81.6 86.6 90.6 93.8 95.9 98.9 104.1 104.5 106.3 108.4 111.6 114.2 117 120.4 123.3
7.5 6.5 6 5 5 5.6 6.4 8.4 10.5 10.3 9.1 8.9 13.7 15.7 16.2 16.6 15.9 16.8 17.2 17.1 17.8 17.5 16 16.1 16.8 20.1 24.3 23.1 25.1 27.1 32.6 33.4 35.6 42.9 47.2 52.6 55.7 57.6 58.6 59.9 61.1 61.9 62.8 62.9 62.4 61.4 60.5 58.8 51 51.4 52.1 59.1 61.6 62.5 62.3 61.7 62 62.6 62.8 63.2 65.3 68.2 70.1 70.3 71.1 71.9 74.2 76.4 78.5 84.3 86.5 91.3 93.9 96.5 99.5 102.8 104.5 106.1 107.9 111.9 116.3 119.7 123.3 127.8
8.9 7.7 7 5.8 4.9 5.6 7.7 9.7 11.5 11.7 10.5 9.1 11.5 16.2 17.3 17.1 16.5 17.9 17.5 16.2 16.7 18 17.1 15.9 16.3 19.2 23.1 24 28.9 32.5 32.3 31.3 41.2 46 50.4 54.1 56.5 57.9 58.6 59.6 61.1 61.9 62.2 62.3 61.5 60.4 59 50.6 55.5 57.2 58.7 61.1 63.7 64.5 63.5 62.5 62.3 63.1 63.4 65.6 67.3 70 73.2 71.2 71.7 72.5 75.4 76.4 82 86.2 90 92.3 94.5 97.6 100.4 102.9 104.6 105.9 108.6 113.9 118 121.8 126.6 130
8.9 8.6 7.8 6.9 5.3 6.2 8.7 10.9 11.2 11 10.4 8.9 12.1 17.5 17.4 17.2 16.7 18.5 20.3 17.4 18.1 19.4 17.1 15.4 16.2 21.3 28.1 30.7 34.3 36.9 31.1 34.4 45.3 48 52 55 56.8 57.5 58.2 59.9 61.5 61.8 61.5 61.3 60.2 58.2 49.3 54.8 58.1 58.5 59.3 62.1 64.4 64.6 63.5 62.5 62.1 63 66.1 67.6 69.1 72.6 74.6 73.3 74.4 74.9 76.5 80.1 84.9 88.5 91.4 93.9 96.5 99.1 100.9 102.9 105.3 108 111.5 115.6 119.7 123.9 128.7 137
8.4 7.7 7.7 7.4 6.8 9 9.6 10.2 10.2 9.9 9.8 9.2 12.5 17.3 18.7 17.4 16.3 18.4 19.3 17.7 17.7 17.9 14.8 15.1 20.9 26.2 31.9 35.2 38.2 37.2 36.8 35.9 46.7 49.1 52.8 54.8 56.1 56.9 58.1 59.8 60.9 61 60.8 59.5 53.3 47 51.2 56.4 56.7 58.3 59.8 62.5 64.3 63.2 62.5 61.9 63 65.6 67.8 69 70.9 72.6 74.3 73.9 75 77.4 82.6 86 87.6 91.4 93.6 96.2 98.2 100 101.7 103.3 105.9 108.8 112.6 116.8 121.2 125.8 130.3 139.3
7.8 7.7 7.5 7.3 8.4 9.9 9.7 9.7 9.2 9 8.8 9.4 12.7 15.7 18.1 17.1 15.8 15.7 16.7 16.6 19.5 15.2 15 16.7 23.8 30.6 34.9 38.9 41.7 37.9 33.7 35.3 48.7 50.3 52.6 54.5 55.6 56.8 57.9 59.1 59.8 59.5 58.7 45.9 47.2 56.1 57.9 58.2 57.5 58.2 60.2 61.6 63.1 61.6 61.7 62.8 65 67.5 68.5 70.4 71.7 74 74.8 76.4 78.7 83.5 87.7 90.2 91.3 92.7 95.5 97.2 99.6 100.7 102 103.6 106.2 109.8 113.6 117.6 122.1 126.4 130.4 136.4
7 6.3 6.2 7.2 9.4 10 9.8 9.6 9.4 8.6 8.4 10.3 12.8 15.2 16.9 16.5 15.9 16.4 15.4 14.6 14.8 15 17.3 19.5 26.8 33.3 37.2 42.2 44.4 44.3 32.1 40.3 49.3 51 52.4 54.3 55.6 56.9 57.7 58.2 58.2 57.7 49.7 46.9 56.1 58.2 59.3 58.6 57.9 58.5 59.6 60.5 60.9 61.9 62.3 64.5 66.5 69 70.4 71.6 73.9 75.2 76.2 80 83.7 88.1 91.1 92.5 94.1 95.4 97.2 98.6 99.8 100.5 101.5 104 107.1 111 114.8 118.9 122.8 127.2 131.7 138.2
5.8 5.5 6.8 9.4 9.4 9.8 9.6 9.4 9.2 8.6 8.3 10.3 12.7 15 16.5 17 21.5 21.6 16.3 13.8 14.3 18.3 21.8 22.9 32.2 37.2 40.4 44.3 45.8 43.1 32 43.6 49.9 51.2 52.6 54.5 55.8 56.5 57.2 57.2 56 45.1 46.5 55.5 57.4 58.7 58.6 58.4 58 58.5 59.3 60.1 61.1 62.6 64.5 65.5 66.8 68.6 71.4 73 74.3 77.1 80.2 84.2 87.5 89.4 92.4 95.4 96.6 97.7 98 98.6 99.1 100 101.8 104.9 108.8 113.3 116.9 120.5 124.4 128.9 135.7 148.4
4.9 7.5 9.6 10.6 10.1 9.8 9.9 9.9 9.4 8.1 8.4 10.3 12.7 15.5 18.4 19.8 20.6 18.4 14.9 13.7 16.7 21.5 23.7 28.8 35.8 39.8 43 45.7 45.4 33.4 34.5 47.7 49.4 50.9 52.9 54.5 55.3 55.7 55.9 54.8 43.3 43 54.2 56.5 57.3 57.7 57.6 57.7 57.9 58.8 60 62 64.3 64.6 64.8 66.2 68.1 70.5 73.4 75.1 75.9 78.8 84 87.3 90 92.1 94.2 96.5 97.9 98.7 98.1 97.8 98.8 100.8 102.3 106.8 111.6 115.5 119.2 123.4 127 130.8 142.5 146.1
5.8 8.4 10.5 10.4 9.6 9.1 9.3 9.5 9.2 8.1 8.5 11.1 14.3 17.8 19 21.1 17.5 14.3 13.5 14.4 18.7 22.1 26.4 32.3 37.6 42.2 44.1 44 40.3 32.5 43.9 46.3 48.7 50.7 52.8 54.3 55.2 55.5 54.8 50.7 45.9 51.1 53.6 55.4 56.3 56.5 56.7 56.9 58.6 60 61.7 64.3 64.9 65.2 66.7 69.1 69.3 71.4 73.3 78.2 79.4 80.2 86.2 89.4 91.3 93.5 95.2 96.5 97.8 98.6 97.8 97.9 99.3 101.3 106.1 109.9 114 117.3 121.6 125.7 131.8 140.4 141.6 146.2
6.2 6.6 7.1 7.9 7.9 7.5 8.2 7.9 8.6 9 9.1 13.1 18.3 15.9 15.5 14.6 15.4 13.1 13.2 16.3 21.9 24.1 28.2 35 39.3 42.5 44.1 40.2 35.3 33.8 45.1 46.3 47.7 50.4 52.8 54.3 55.3 56.5 54.5 42.9 49.3 53.5 54.4 55 56.5 57.5 56.5 56.5 58.5 60.9 63.2 64.5 65.2 67.6 68.9 70 70.9 72.8 73.8 76.7 80.9 84.1 88 90.9 92.7 93.4 95.2 96.3 97.3 97.7 97.4 98.1 100.5 105.4 108.9 112.7 117 121.6 124 129.6 136.7 140.6 140.9 145.5
7.7 9 10.1 9.4 8.8 8.3 8.9 9.9 11.1 10.4 12.1 15.5 16.5 16.7 12.5 11.7 12.1 13.4 15.4 21.6 25.5 25.9 31 36.5 40.2 42.2 37.2 40.6 33.4 39.4 44.8 46.5 47.5 50.9 52.8 54.3 55.5 56.4 53.3 40.4 51.9 53.6 54.5 55.8 57.3 58.8 56.5 56.5 58.2 60.3 63.6 64.9 67 68.9 70.1 71.2 72 73.8 77.8 81.4 82.5 85 88.2 90.9 92.6 93.7 94.4 95.3 96.5 97.5 98.5 101.1 105.5 108.5 111.8 116 119.4 123 132.2 136.1 139.9 141.6 143.1 146.5
8.4 11.3 10.8 9.9 9.3 8.9 10.1 15.2 16.3 11.8 11.7 11.3 11 11.4 11.5 11.4 12 15 21.1 24.9 27.1 28.1 33.4 37.6 40.3 39.4 37.2 34.7 35.2 42 44.6 45.9 48.3 51.5 53.1 54.4 54.9 55 52 38.6 52.4 52.9 54.3 56.6 58 59.3 56.5 56.4 57.7 61.4 63.8 66.6 69 70.3 71 72 73.5 77.6 81 82.9 84.7 87.3 88 89.9 91.4 92.9 94.1 96.1 97.4 98.7 100.6 104 107.9 111 114.8 118.6 121.4 126.9 132 138 142 143.2 146.8 148.7
9.5 11.3 10.7 10.4 9.8 9.5 11.8 17.5 15.2 11.3 9.7 10 10.2 10.6 11.5 12.4 15.3 19.4 24.1 26.9 28.8 32.4 35.2 38.1 41.6 39.1 34.5 32.5 35.5 41.8 44 46.5 50.4 51.7 52.8 52.8 54.5 53.9 49.5 38.4 51.4 53.8 55.5 56.3 57.5 62 55.9 56.9 60.8 64.6 66.1 68.8 70.2 71.8 71.4 72.7 76 79.9 82.8 84.4 86.7 88.5 88.8 89.4 90.6 92.6 94.4 97.1 98.7 100.9 103.5 107 110.4 114.3 117.7 121.7 126.4 131.7 134.5 137.8 143 146 146.5 148.6
7.5 8 8.7 9.8 12.1 13.1 14.2 17 12.2 9.5 9.5 9.8 10.2 10.5 11.6 14.5 18.6 21.3 24 26.4 30.7 34 36.9 38.3 39.1 36.8 31.8 29.5 34.8 40.2 44.1 48.2 50.3 51.4 52.4 52.7 53.3 50.8 38.2 41 46.9 50.5 52.9 53.8 54.6 55.1 56 60.1 65.1 68.1 69.6 69.1 70.5 71.7 72.6 75.2 78.7 81.4 84.1 86.6 87.7 88.1 88.6 89.4 91.3 93.4 95.9 98.6 100.7 102.7 105.5 108 112.2 116.3 121.9 126.6 129.7 133 134.9 138.5 140.9 144 152.3 156.3
6 6.3 7.3 7.5 9.5 12.1 12 11 9.4 8.9 9.4 9.8 10.1 10.7 13.8 18.6 21.7 23.1 25 29.1 33.3 35.1 37.7 37.7 36.8 33.6 29.2 30 35.8 40.2 46.6 49 49.2 51.7 52.4 52 49.4 38.7 37.3 50.7 52.8 53.5 54.3 54.9 56 58.9 62.4 66.7 70 71.2 70.5 69.7 70.7 72.1 74.7 77.8 80.2 83.1 83.1 87.5 87.6 87.8 88.3 90 92.3 94.9 97.7 99.9 102.8 105.3 107.5 111.7 114.6 119.6 123.6 126.4 129.8 132.8 136 137.9 139.2 140.9 150.7 155.4
5.5 6.2 7.2 7.2 7.5 7.9 8.1 8.2 9.5 9.8 9.9 10.2 10.2 11.3 17 22.5 25 27.4 29.5 31.7 34 35.8 35.1 34.3 33.6 30.4 28.4 31.7 37.1 39.6 40.1 41.9 45.2 47.9 48 47.5 38.5 34.3 44.7 51.3 52.3 54.6 54.9 57.6 61.1 64.2 67 70.1 72.5 73.9 72.5 70.6 71.4 73.8 76.6 79.5 82.2 84.7 84.1 87.2 87.5 87.5 88.7 90.4 94.5 97.1 99.6 102.3 104.5 107 110 114.3 121.1 123.6 125.5 127.7 130.7 133.1 136.5 138 139.1 144.3 154.1 156.6
6.2 6.4 6.7 8.4 8.6 10.2 11 11.6 11.7 12.4 13.4 12.7 11.3 12.9 20.5 24.8 27.4 29.1 30.9 32.6 33.7 34.2 32.7 30.4 28.5 27.6 28.3 28.9 30.5 31.3 31 31.5 31.8 32.4 34 34.2 34 42.4 50.2 54.4 56.7 57.9 58.8 61.2 64.9 68.1 70.6 73.1 74.4 74.2 73.2 70.5 73 75.2 78.2 80.9 84.2 85.5 85.1 86.4 86.8 87.8 89.3 94.2 97 99.6 102.1 103.8 106 109.4 113.3 118 123.3 126.5 127.2 129.2 130.9 134 137.1 137.9 138.5 150.1 155.4 156.8
6.2 6.9 7.1 8.9 12.4 14.3 14 14.2 14.2 15.3 15.6 13.9 12.1 15.9 22.1 25.4 28.3 30.1 31.7 31.9 32 31.6 29.3 26.1 25.8 26.7 27.8 28.7 31 30.6 30.9 31.8 34.4 35.6 33 38.3 45.3 51.4 56.5 58.6 60.5 61.1 62.5 65.5 67.3 70.5 72.8 74.4 74 73 71.8 70.5 73.9 77.8 80.3 82 85.8 86 86.1 86.8 87.9 90.7 93.4 96.9 99.5 101.7 104.3 105.7 107.7 110.4 114 118.5 125.1 127.5 129.3 130.9 133.1 135.4 136.9 142.3 151.5 152.9 154.6 156.9
5.8 6.4 7.9 11.1 14.9 15 13.6 13 13.4 13.8 13.3 12.5 13.2 19.3 22.6 25.8 28.2 30.1 31.4 31.2 30.4 27.4 25.6 24.8 25.5 27 30.5 34.2 34.8 33.5 33.3 37.1 41 42.1 48.7 51.8 52 53.8 57.4 60.2 61.4 63 64.9 67.8 70.5 72.4 73.6 73.7 72.6 71 69.8 69.6 76.4 80.1 82.2 85 85.8 86.6 87 87.7 91.6 94.6 97.1 99.8 102.5 104.4 105.9 107.6 110.4 112.5 115.6 119 123.4 128.3 131.5 133.8 134.3 135.6 140.4 151.4 148.7 150.3 152.2 154.7
6.1 7.1 9.7 13.1 15.2 14.2 11.8 10.8 10.7 11.2 11.3 12.4 16.9 21.9 24.3 26.4 28.2 30 30.2 29.7 28.7 25.5 24.5 24.2 25.8 29.2 34 39.8 37.4 35.3 34.8 39.8 45.8 48.7 52.1 51.9 54.4 57.8 58.7 61.5 62.4 64.4 68.3 71.1 72.1 72.5 73 72.2 70.5 69.4 69.3 71.8 77.9 81.3 83.9 86.4 86.6 87.1 88 89.7 94 97.1 99.9 102.7 104.7 106.2 107.6 110.1 113 114.9 118.3 121.1 124.4 128.1 131.6 137.9 141.5 143.5 147.9 148 148.5 155.7 156.8 159.2
7.6 11.5 14.3 14.1 13.6 12.6 9.7 9.1 8.5 9.4 11.4 16.7 21.5 23.9 25.3 26.5 28.1 29.1 29.1 28.4 27.6 24.5 24.2 23.8 25.8 29.4 32 34.6 35.3 34.1 34.3 43.8 47.4 49.8 52.2 54.6 57.6 60.3 60.2 64.2 64.2 67 70.6 71.4 71.7 71.6 72.6 70.4 68.9 69 70 76 81.6 82.7 84.6 85.6 85.9 87.7 89.3 92.9 95.9 98.7 101.4 104.1 105 106 107.1 110.2 113.2 118.1 121.7 123.5 126.2 129.8 133.3 135.8 141.9 146.2 148.1 150.5 152.9 156.4 157.3 160
10.9 13.9 13.9 12.6 11.6 10.6 8.3 8.1 9.5 12.3 17.1 19.9 22.6 24.5 25.7 26.9 28 27.8 27.7 26.8 25.4 24.1 23.7 24.4 25.7 28.7 30.3 31.6 32.3 31.5 36 45.7 48.8 51.2 55.5 60.2 60.5 61.7 60.9 62.9 64.8 67.9 70.5 70.9 71.5 71.9 71.8 68.6 68.3 69.5 73.2 78.2 81.6 82.5 83.5 84.3 86 88.3 90.1 94.4 96.9 99.6 101.9 103.6 103.3 105.1 107.1 110.5 115.6 120 124.7 125.9 128.8 131 133.9 135.9 138.1 143.4 149.9 150.7 153.1 156.7 159 156.7
11.4 13.2 12.5 10.8 9.7 9.1 8.2 9.3 11.9 16 18.3 20.5 22.6 24.3 25.6 26.6 26.6 26.6 26.3 25.6 24.4 23.8 23.5 23.6 25.1 26.9 27.7 28.2 30.6 32.7 37.8 45.4 49.7 52.4 56 60.2 60.6 60.3 62.2 64.7 66.9 68.6 69.5 70.2 71 69.9 68.3 67.4 68.9 72.7 76 78.5 80.8 81.9 83 85 86.8 89.2 91.8 94.9 97.8 99.4 100.9 102.7 102.7 105.1 108 112.1 117.6 122.2 125.4 128.2 130.4 134 136.2 137.1 137.9 141 146 148.7 152.4 158.1 161.4 162.5
11.1 11.4 10.7 8.9 8.2 7.9 8.5 10.6 13.2 16.1 18.4 20.6 22.6 24 25.3 25.3 24.9 25.1 25.5 24.9 24.2 23.6 23.4 23.6 24.6 25.1 27.3 30.5 32.5 34.6 39 47.5 50.7 53.2 54.8 59.3 60.4 62.8 64.8 66.7 66.8 66.9 67.2 68 68 66.5 66 67.6 71.7 75.4 77.6 79.7 80.7 82.5 84.2 86.1 88.5 90.8 93 95.7 98.3 99.8 101.8 103.1 104.8 106 111.6 116.9 121.7 124.5 125.6 127.7 133.6 134.6 136 144.1 148 143.5 147.9 149.6 153.6 158.7 160.5 161.5
10 9.7 8.6 7.6 7.9 8.3 9.4 10.6 13.2 16.1 18.4 20.3 22.6 24 24.9 23.8 24 24.4 24.8 24.8 25.4 24.2 23.1 24.1 25.1 26.5 28.4 32.2 34.6 37 41.4 49.8 52.5 54.1 55.7 58 59.3 61.7 64.6 65.3 63.9 63.2 64 64.4 64 64.8 64.7 70.2 74.5 77.3 79.7 81.4 82.7 84.8 86.5 88.2 90.8 92.1 92.6 96.7 99.5 101.1 103.3 104.7 106.3 106.4 115.6 121.2 123 124.8 126.3 128.9 136.5 140.9 140.2 144.4 147.8 150.2 152.1 150.3 152.4 156.3 157.9 162.4
9.1 8.2 6.5 8 8.1 8.1 9.5 10.9 13.6 16.8 18.7 20.8 22.2 23.1 23.7 23.7 23.9 24 24.7 25.5 26.1 24.8 22.9 23.8 25 26.3 28.1 31.2 34.7 38.3 42.1 47.6 51.7 54.6 56.4 57.6 59.1 61.3 62.6 62.3 60.8 61 61.7 63 63.2 62.8 67.2 73 78 82.4 83.6 84.9 86.5 88.3 89.3 90.5 92.2 94.4 95.4 98 100.7 102.5 104.6 107 107.6 113.4 119.7 121.2 123.7 124.6 126.8 128.6 132.6 142.5 137.7 142.4 146.2 151.6 153.1 154.1 154.7 156.1 158.7 163.5
8 7.2 6.6 7.5 7.6 8.4 9.3 12 15.5 17.5 18.9 21.1 21.9 22 22.9 23.5 23.7 23.7 24.1 24.2 24.2 22.8 22.9 23.6 24.8 26 28 30.4 33 35.8 39.7 43.9 47.7 52.2 57.3 58.4 57.7 58.9 59.3 59.3 59.8 61.7 63.5 62.9 63.2 70 80.8 82 84.4 86.3 86.7 87.6 88.5 89.7 90.9 91.9 93.1 94.7 95.4 97 101.1 102.6 105.6 108.4 112.1 117.1 119.6 121.6 123.7 125.9 126.8 128.5 130.1 132.1 135.9 141.4 145 148.3 150.8 155.5 156.5 157.7 159.6 163.4
6.5 5.8 6.4 7.3 8.1 8.9 10.2 13.5 17.9 19.8 19.8 21.3 22.6 22.6 23.2 23.5 23.5 22.8 22.3 22.2 21.8 22.3 23.1 23.9 25.6 26.5 28.6 31.1 33.7 35.8 38.7 41.3 44.8 48.7 52.6 58.6 56.8 57.7 58.1 58.8 61 63.9 66.7 68.5 73.4 80.6 84.3 86.7 87.8 88.6 88 88.2 88.8 90 91 92 92.5 92.8 96.2 99.7 100.1 103.5 106.6 110 113.4 116.7 119.4 121 124.2 125.3 128.2 129.5 130.8 133.4 140.2 148.1 145.9 147.2 149.6 155.6 156.6 157.9 160.8 163.3
5.2 6.1 7 7.6 8.4 9.5 11.9 15 17.6 19.7 20.5 21.6 22 22.9 22.4 22.7 22.4 21.6 21 20.5 21.1 22 23.6 24.8 25.7 27.3 29.4 31.2 33.5 35.8 38.5 41.3 43.8 46.4 49.6 53 56.3 57 58.3 59.8 66.1 68.5 68 70.1 78.3 82.4 85.6 88 87.4 89.3 88.2 87.5 88.2 89.2 90.3 91.2 92.4 94.1 96.6 100.2 100.7 104.6 108.6 110.4 112.6 116.2 122 125.7 131.4 135.4 135.3 133.2 133.5 135 139.3 143.4 146.2 147.3 150 155.5 157 157.1 160.1 162.5
5.6 6.4 7.1 7.8 9.2 11.6 13.6 16.7 19.1 20.5 21.3 22.6 22.5 22.9 21.8 22 22 20.5 19.9 20.5 22 24.9 28.1 31.1 35.4 35.5 29.6 30.8 32.3 34.8 39.3 43.5 41.4 46 49.8 53.1 55.8 57.9 59.3 64.8 68.7 68.7 69.2 73.9 80.4 82.7 85 88 88.3 88.3 87.4 86.7 87.1 88.2 89.2 90.5 91.5 94 95.3 101.6 100.7 105 108.2 110.9 112.9 116.6 122.5 125.5 128.6 130 130.6 131.4 133.3 135.9 139.5 142.5 145.6 149.2 151.8 154.6 155.2 157.4 161.1 162.6
5.3 6.1 6.8 8 9.5 11.5 14.2 18.3 21.3 22.1 21.1 23 23 22.6 22.1 22.6 21.2 18.4 19.3 20.8 26.1 29.9 37 40 41.8 38.8 34.5 38.1 46.3 47.3 49.7 51.5 53.9 47.9 51.2 53.5 56.3 58.7 62.5 66.6 67.9 69.9 72.2 77.3 80.1 81.5 83.8 85.5 86.5 87.2 86.6 86.2 86.8 87.5 88.3 89.7 91.2 93.4 97.2 101 102 104.9 108.9 110.3 116 118.1 121.8 124.1 126.6 127.3 129.6 131.4 134.9 139.6 139.6 144.9 146.5 150.9 153.3 153.7 153.2 157.3 159.3 161.1
5.2 5.8 6.6 7.6 9.4 11.2 14.9 19.3 22.7 23.4 23.1 22.7 23 22.3 22 21.4 19.1 18.3 19.7 25.1 29.5 35.7 40.9 42.9 43.2 40 36.4 40.2 46.1 50 51.8 54.1 56.9 58.7 52.9 52.7 56.8 59.7 62.2 64.9 68.8 73.1 75.4 78.1 80.2 80.9 81.7 83.6 84.6 85.3 85.7 86 86.4 87.9 89 89.6 91.2 93.6 98.7 102.2 103.4 105.6 107.2 110.6 115.1 119.5 122.6 124.3 124.6 127.2 128.7 133.3 135.6 139.6 141.3 144 147.7 148.1 152.5 152.2 153.5 155.1 157.2 159.7
5.5 6.3 7 8.7 9.7 10.6 14.5 18.7 22.1 20.4 23.6 23 22.2 21.3 20.5 19.5 18.3 18.4 23.8 28.9 35.4 40.7 43 44 43.7 40.9 37.5 40.1 47.4 51.4 53.5 55.8 57.9 58.7 58.4 59.4 55.9 60.3 63 64.9 67.8 75.1 77.3 78.3 79.4 79.1 79.9 81.6 82.9 84.1 85.2 85.4 86.9 88.4 89.7 91.2 93.2 94.7 99.1 102.8 105.6 108 109.7 111.7 113.9 119.5 124.4 125.6 127.7 127.7 128.5 130.4 134.6 135.2 140 145.3 149.3 149.8 152 152.3 153.1 155.5 156.9 158.7
6.2 7 7.9 10.8 12 12.2 14 17.3 20.3 22.5 23 22.2 19.8 19.2 18.7 17 17.4 21.4 26.8 33.4 39 42.2 43.4 44.2 43.8 41 37.2 39.8 48.7 52.3 54.4 56.9 57.8 57.9 58.7 62.1 66 61.9 62.1 65.6 67.6 72.2 76.9 77 77.6 78.1 78.7 79.9 81.7 82.1 84 86 87.3 88.8 90.1 92.1 93.7 95.5 97.4 101.1 102.8 107.8 111.4 113.7 115.7 118.1 121.2 122.7 125.9 126.9 128.3 130.9 134.9 136.3 140.3 144.9 147.7 148.7 150.8 152.6 153.9 154.9 155.9 157.7
6.6 7.9 10.6 11.8 12.9 13.1 13.3 15.6 17.4 18.5 17.9 17.2 16.5 16.2 16.2 16.4 17.1 25.4 29.9 36.3 40.8 42.7 43.3 44 44 40.5 37.5 40.1 49.2 52.6 54.7 56.4 57 57.4 59.5 63.1 67.5 67.4 68 69.8 67.4 70.2 74.1 73.5 75.5 76.5 76.9 77.9 79.9 82 84.1 86.2 87.7 88.8 91.1 95.5 96.4 97.3 101.1 100.9 102.2 108 110.8 113.6 115.6 117.4 119.4 121 122.5 127.4 129.1 131.6 135.3 137.5 140.9 144.1 146.4 147.8 150 152 152.6 155.7 159.4 163.6
