UK/data/so/so38_OST50GRID_20230518/SO38.asc
ncols 200
nrows 200
xllcorner 330000
yllcorner 280000
cellsize 50
[rows 35 to 69 of 200, columns 0 to 77 of 200]
237.4 228.2 234.2 233.3 230.3 227.5 224.8 222.2 219.1 213.1 207.9 203.1 202.3 206.3 210.2 216.9 220.8 223.8 224.8 225.1 229 236 237.9 237 234.7 231.7 224.1 223.3 229.9 224.5 219.6 217.4 219.8 219.4 216.8 217.9 217.6 216.6 214.9 211.8 208.2 203.9 198.7 192.1 186.5 183.9 178.9 178.4 177.5 177 175.7 175.4 174.9 174.7 174.4 174.2 173.9 175.5 177 174.4 173.4 174.2 173.6 175.2 176 175.1 174.9 174.2 174 174.2 174.3 174.1 174.7 176.4 178.8 180.8 178.9 178.8
235.2 242.8 240.5 239 235.8 232.2 229.1 225.7 222.1 217.6 210.4 206.5 202.8 201.8 203.3 207.8 212.1 216.3 218.2 219.5 226.1 234.1 237 236.3 229.2 217.5 223.5 227.1 231.2 228.4 224.7 221.6 225.2 228.8 228.8 226.6 224.4 222.1 219.2 215.4 211.5 207.2 199.6 193.9 186.8 183 180.7 177.4 175.8 175.3 174.8 174.4 173.9 174 174.2 174.5 173.4 173.3 174.9 174.2 172.5 174.3 173.6 173.2 174 174.8 174.4 173.4 173.5 173.6 174.2 174.6 177.2 179.1 180.1 179.3 178.9 178.8
255.7 253.3 249.5 245.6 242.4 239.1 234.4 230 226 221.2 216.4 211.1 207.6 200.6 199 199.6 204.1 207.6 209.9 213.3 219 228.7 234.5 223.2 207.2 230.6 230.9 229.9 231 231.7 230.5 232.6 236.7 238.3 235.6 233.8 229.6 225.7 222.2 218.2 213.6 208.2 202 193.3 187 182.7 179 177 176 175 173.9 173.2 173.6 173.3 173.5 173.3 172.8 172.6 174.1 173.2 173.4 174.3 172.5 172 174.3 174.4 174.6 173.1 173.8 173.5 174.1 176.2 180.3 181.1 180.8 180.5 179.1 179.5
275.5 265.4 260.8 255.8 250.9 249.1 247.4 241.8 237.4 230.9 225.2 220.5 213.4 205.8 200.2 197.4 196 198.8 201.2 205.8 211.9 219.1 223.1 205.6 227.8 236.1 234.9 233.1 233.7 235.4 236.7 238.9 241.7 242.4 239.3 236.7 232.4 228.5 223.6 219 213.7 207.5 200.4 193.1 187.3 183 178.3 175.7 175 173.7 173.2 172.5 172.5 173.2 172.7 172.9 173.5 172.2 173 172.6 173.8 174 173.7 171.6 173.1 173 173 173.7 174.1 174.5 175.6 176.6 180.9 181.8 182.5 182.2 182.1 185.2
291.8 285.7 279.8 273.7 268.2 264 260.8 256.1 250.7 244.8 238.6 234.6 225.8 217.8 208.9 200.8 195.9 195.3 196.1 197.6 203.7 206.3 203.1 219.4 236.5 239.9 239.7 239.8 240.5 241.8 242.4 243.4 243.1 242.3 241.1 237.5 232.4 227.6 225 220.5 213.1 204.5 197 190.2 186.3 182.5 177.8 174.7 174.1 173 172.7 172.3 172 172.8 172.1 172.6 172.8 173.3 173.2 172.3 170.2 173.2 173.4 172.5 172.6 173.4 174.5 174.8 175.3 175.8 178.7 181.1 179.9 181.3 182 189.2 189.8 196
305.7 299.5 294.7 289.4 282.9 277.4 272.7 269.6 263.7 258.5 251.6 244.1 236.8 229.1 221 211.3 201 194.5 193.3 194.2 196.9 197.8 212 220.8 235.2 240.2 243 244.5 246.3 246.6 246.9 247.5 245.1 243.4 241.1 238.9 233.3 227.2 223.3 219 212.2 201.4 192.6 187.5 183.2 180.2 177.2 175.2 172.9 172.2 171.7 172.1 172.4 172 171.7 172 172.6 172.7 172.6 171.5 171.8 172.7 173.1 172.4 172.7 174.6 175.8 176.3 177.1 179.2 179.9 180.4 180.5 181.6 188 195.7 203.5 209.9
314.4 307.4 302 296.4 291.1 285.8 280.6 275 269.2 263.4 257.2 250.8 242.7 236 228.1 222 212.6 202 193.1 191.7 194.3 196.3 201.3 210.6 220.4 235.4 241.4 245.5 248.4 250.1 250.7 251 248.5 245.2 241.6 237.5 234 228.4 220.6 215.8 208.6 195.3 189.4 184.6 180.7 177.7 175.5 173.8 172.6 171.7 171.2 171.5 171.3 171.2 171.4 171.5 172.5 172 171.6 172.8 171.7 171.8 172.5 172.5 173.7 175.5 177.2 179 178.4 180.6 181 182.2 184.9 191.4 200.1 207.7 215.9 223.9
319.8 313.2 306.7 301.1 295.6 289.3 284 278.3 272 265.5 259.3 253.4 246.5 239.8 233.5 227 221.1 213.2 201.9 192.3 192.2 192.7 193.3 201.1 210 223.4 236.4 245.5 248.2 250.3 252.7 253.5 249.6 246.1 239.2 236.3 231.5 226.6 219.2 212.3 200.6 186.5 185.5 182.2 178.4 176.8 174.8 173.1 172.1 171.9 171.1 171.4 172 171.3 171.6 171.5 171.9 171.7 170.7 170.6 172.7 172.2 172.6 173 175.2 176.6 179.7 180.9 180.6 180.3 182.9 188.8 195.4 203.1 210.4 219 228.4 237.6
322.9 316.4 310 304.4 297.9 291.4 285.1 279.6 273.4 266.4 259.5 253.6 247 240.6 234 228.5 223.4 218 211.4 203.8 191.8 189.7 190.1 192.8 202.1 212.8 231.4 242.7 246.8 249.6 252.2 252.7 249.4 244.9 238.5 233.4 226.9 221.9 216.9 209.5 196.5 185 184.5 181 177.8 175.9 174.1 172.8 171.9 171.7 170.8 171.3 171.1 171.2 171.7 170.5 171.1 171.3 170.9 171.3 171.9 173.7 172.9 174 175.6 177.8 180.6 184.1 186.3 188.6 192.7 199.6 203.7 209.9 217.4 226.2 235.8 243.6
325.3 319.2 312.6 305.8 299.5 291.9 285.1 278.1 270.8 263.4 256.3 249.1 242.2 235.6 229.2 223.7 218.8 213.8 210.6 205.6 197.7 190.1 188.3 189 193.7 203.7 219.3 236.8 243.6 247.9 250.4 251.2 246.9 240.8 235.3 228.9 221.8 215.5 212.9 205.3 192.7 185.7 182 180.8 178.7 174.8 174.9 173 171.6 171.1 170.2 170.9 170.4 170.9 170.9 170 170.2 170.4 171.1 170.9 171.5 172.8 174.7 175.4 176.9 180.6 182.4 185.7 189.2 192.1 199.6 204.3 208.8 215.4 221.7 230 238.5 245.6
327 320.3 313.7 306.6 299.1 290.7 283.5 274.7 265.5 256.6 248.8 240.9 232.7 225.1 217.3 212 208.2 204.9 202.2 198.7 195.8 191.8 188.3 187.5 189.2 196.4 207.8 229.1 239.3 245.5 248.5 248.4 243.2 237.2 230.5 223.7 216.6 210 206 199.9 190.4 184.9 182.5 181 180.2 178 175.9 174.7 172 171 169.7 169.5 169.5 170.2 170 170.3 170 170.3 170.5 170.8 172 173.2 175.4 177.8 179.9 184.8 184 184.9 188.5 193.9 198.5 207 211.5 216.2 222.4 229.6 236.8 244.9
328.3 321.3 314.4 307.1 298.2 289.5 279.9 270.1 260.5 250.4 238.7 231.2 223.7 215.9 210.2 205.7 202.9 198.6 197.5 194.1 192.7 190.9 188.8 185.8 187.6 191 206 224.4 234.4 242.2 246.5 245.3 239.9 232.8 225.2 218.2 211.3 205 198.8 195.6 188 183.7 182.6 180.2 179.5 178.6 176.8 174.8 171.7 170.6 169.6 169.1 169.6 169.6 169.2 168.9 170.4 170.7 170.6 171.3 172.5 173.6 176.9 181.8 182.9 188.3 189.3 190.5 190.5 191.9 197.9 202.9 206.3 210.9 216.7 225.2 233 241
329.1 321.5 314 305.8 295.5 285.9 276.6 267.6 255.7 247 236.8 229.7 220.1 213.9 210.4 206.5 204 201.9 198.8 192.8 191.1 188.8 187.2 185.4 185.7 186.6 202.1 218 228.7 236.3 239.8 238.1 233.7 226.8 219.3 212.3 205.8 200.5 193.3 189.6 187 183.1 181.2 178.3 177.3 176.8 177.9 175.2 171.5 169.8 168.8 168.7 168.5 169.6 168.7 169.2 169.6 170.5 171.2 171.7 173.2 176.3 182.3 187.9 189.2 190.1 192.6 196 198.2 201.5 204.2 206.5 208.2 212.7 217.7 221.4 228.1 236.4
328.7 320.9 313.3 301.8 293.2 283.6 274.3 262.5 249.2 242 231.9 224.1 220 220.7 220.5 218.6 215.6 213 208 204.3 200.4 192.5 189.7 186.1 184 184.8 193.9 206.8 221 230.3 231.6 230.3 226.6 219.4 213.5 206.8 201.1 194.6 188.4 184.7 182.6 180.5 179.4 178 176.6 175.2 174.4 174.4 173.7 169.9 168.2 168.5 168.1 168.6 168.7 170.4 170.6 172.5 171.9 172.6 176.1 180.2 184.7 186.9 188.6 192.8 196.3 198.8 202.5 206.1 208 209.8 211.7 215.4 219.5 224.2 227.7 233.7
327.6 319.3 309.4 300.7 291.8 282.9 274.2 262.8 249.4 238.1 227.9 233.9 237.2 238.1 238.1 236.9 233.8 227.3 219.9 213.7 207.8 202.1 197.4 188.7 184.4 183.4 185 197.2 212.4 223.4 225.1 222.4 217.5 211.4 206.1 201.4 195.3 190.1 184.4 180.3 179.1 178 176.9 176.1 174.6 174.5 173.7 172.6 170.4 168.5 167.7 167.9 168.2 168.5 170.8 171.5 172.5 171.8 173.1 178.5 182 185 186.2 187.5 190.1 193.7 196.4 199.1 205.6 208.6 210.2 212.8 215.7 217.8 221.9 226.4 230.7 235.6
324.8 316.3 305.8 297.4 290.6 282.7 274.5 260.7 245.9 245 250.5 251.8 254.4 252.3 248.9 244.9 240.5 234.7 226.4 218.2 211.4 203.2 196.9 190.8 185.8 182.8 182.7 186.5 201.7 216.5 218.6 215.4 210.5 204.4 199.8 194.1 188.5 184 179.8 176.3 175.7 175.4 174 173.4 172.4 172.1 172.3 169.8 168.9 168.3 167.4 168.8 169.1 170.2 171.2 173.5 173.8 175.4 180.1 183.4 183.3 184.3 186.8 189.2 191.9 195.3 199.5 202.1 207 209.5 212.7 216 218.6 221.5 225 228.9 234.3 238.6
322.4 313.7 304.9 296.9 291.3 284 272.6 260.3 257.2 262.4 264.9 264 261.4 258.7 254.8 250.2 244.3 238.8 231 222.1 213.8 205.4 198 192.3 188.4 183.4 181.8 182.5 189.4 205 211.9 209.2 203.5 198.3 193.3 187.9 183.2 179.4 175.3 172.6 171.3 170.7 171.3 170.9 171.1 170.3 170 168.2 167.8 167.3 167.6 169.3 170.7 172.1 174.7 175.8 179.7 182.3 182.8 183.3 183.6 185.4 188.3 190.8 193.8 197.1 202 205.7 209.6 212.6 216.3 220.6 223.5 227.1 230.1 233.5 237.2 241.9
318.6 310 302.7 298.1 291.4 284.7 276.2 272.6 271.8 271.5 270.1 268.1 265.5 262.4 258.7 252.6 246.9 241.7 235.3 227.8 218.4 210.1 200.8 194 189.2 186.1 181.9 180.2 182.7 194.7 204.4 203.1 198.5 192.9 187.9 183 179.1 175.1 171.5 170.2 169.9 169.2 169.4 168.7 168.8 168.6 168.6 167.9 167.1 167.3 167.9 168.4 169.7 172.6 178.5 180.5 181.7 183 183.9 183.3 184.3 186.9 189.9 193.7 197.6 199.8 203 206.4 212.1 216.8 222 226 229.1 232.1 235.5 238.9 240.9 246.5
313 300.1 298.1 294.1 293.1 288.5 283 279.7 278 275.8 272.5 268.2 266.2 262.5 258.4 253.5 248 243.4 237.2 231.8 222.7 214.5 205 196 190.4 187.7 184.6 179.9 180.3 184.2 187.8 197 193.7 189.1 184.9 179.5 174.6 172.3 170.3 169.4 169 168.6 168.2 168.3 168.7 167.9 167.9 167.5 166.8 167 168.3 169.5 171.5 173.9 176.8 179.4 182.4 184.6 186.2 184.6 188 189.1 192.9 193.8 195.8 200.1 205.3 211 217.1 221.8 227.6 232.1 235.6 238.2 241.5 245 248.6 252.3
314.7 305.8 299.3 296.2 288.3 285.9 281.6 278.9 278.2 274.4 270.1 267.7 263.9 260.9 256.4 250.1 246.6 241.1 236.7 230.9 225.2 217.8 208.5 199.4 192.5 188.1 187.1 180.4 179.2 179.1 182.5 188.6 188.9 185.5 181.7 177 172.4 171.2 170.6 170.1 169.2 168.7 168.1 167.9 167.4 167 167.1 167.4 167.2 167.3 168.6 170.7 172.7 174.2 175.8 176.7 179.4 183.6 184.3 185 185.2 186.8 189.7 194.8 200.2 205.4 211.3 217.5 222.8 227.9 232.6 237.5 241.3 244.5 248.4 252.3 255.3 258.3
316.2 307.3 301.8 295.2 287.4 283.4 276.6 273.9 270.6 268.2 266.9 261.2 257 255.6 250.3 245.8 241.3 236.9 232.4 227.4 223.8 218.5 210.8 203.3 194.6 188.6 186.1 183.5 179.4 177.8 177.7 179.3 181.4 180.7 178.7 174.7 172 171 171.4 169.7 169.9 168.9 169 167.9 167.3 166.7 166.2 166.5 166.9 167.7 168.7 170 171.9 173 174.1 176.5 178.2 179.8 180.9 182.7 186.2 189.7 193.8 199.3 204.9 211.3 217.2 223.4 228.5 234 238.3 241.8 246.7 250.2 254.3 257.6 260.6 263.4
309.1 302 294.2 287.8 282.5 275.6 272.9 267.6 264.5 260.3 257 252.8 249.6 246.9 242.3 238.9 235.1 230.7 226 221.8 218.9 216 210.9 204.7 197.1 190.5 184.5 183.1 179.9 178.2 176.8 177.3 176.6 176.1 175.9 174 171.6 170.3 170.3 170.1 169.6 169.3 168.5 167.9 167.5 166.7 166.2 166.5 166.8 167.7 168.6 169.6 170.9 172.7 174.2 175.3 176.9 179.1 182.2 185.9 190.6 194.4 198.4 204.3 210.4 217.3 223.4 229.2 234.2 238.9 243.7 247.5 251.2 255.2 258.3 262.1 265.2 267.8
299.2 290.7 281.6 276.9 273.7 268.7 263.9 261 255.6 250.9 247.6 245 241.8 237.3 233.7 230.2 226.9 224.1 219.7 215.8 213 210.1 207.8 203.9 197.6 191.7 186.8 182.9 180.6 179 177.6 176.3 175.6 174.7 174.4 172.8 173.2 171.7 171 170.6 169.6 169.4 168.9 167.8 166.8 166.9 166.6 165.8 167.3 167.6 168.5 169.4 170.6 172.2 174.4 176.1 180 184 186.1 190.5 195.1 199.7 203.7 207.6 213 219.9 226.5 233.6 238 242.6 246.5 251 254.5 258.6 262.2 266.3 270 272.5
288.2 278.4 272.2 267.2 262.3 256.1 251 249.6 246 242.4 240 236.9 233.5 229.1 226.2 222.9 218.8 215.7 213.1 209.8 207 204.7 202.4 199.5 196.6 192.8 188.7 185.6 182.8 182.8 180.5 177.2 174.1 175 173.6 172.5 172.6 170.6 170.5 170.9 169.9 169.8 168.5 168.6 167.2 166.9 166.6 165.6 167 167.2 168.4 169.4 170.3 171.9 174.6 178.6 182.8 186.9 191.5 195.5 199.6 204.6 209.4 213.1 217.6 222.5 227.3 233.7 238.7 243.3 248 252.4 256.7 260.5 264.1 267.7 272.2 275.3
276.6 269.5 260.2 251.7 245.9 241.1 238.1 234.7 227.3 228 231.1 230.6 226.4 222 218.7 216 211.9 209.3 206.8 204.2 201.6 199.3 197.6 196.8 194.8 191.3 189.1 186.7 184.3 182.4 180 177.4 174.9 174.5 173.5 173.2 171.7 171.4 170.5 169.7 169.9 168.7 168.5 169.1 167.4 167.1 166.3 165.6 165.2 167.6 168.2 169.1 170.2 173.4 177.3 181.1 185.3 189.4 194.2 200.3 204.5 208.9 212.5 216.6 220.6 226.1 230.8 236 242.3 245.5 250.9 255.2 260 263.9 267.3 270.7 273.8 277.9
264.7 256.3 245.4 236.5 230.8 223.1 216.7 216.9 211.8 215 222.7 222.6 220.3 216.2 212.9 208.8 203.6 200.5 198.7 196.7 195.4 194 192.4 192.6 189.1 185.1 183 181.6 179.7 177.9 177.7 174.8 173.7 173.3 173 172.4 172.1 171.2 170.5 170.2 169.8 169 168.4 167.6 167.6 166.7 166 165.3 165.8 167.3 168.1 169 171.7 175.4 179.1 183.6 187.7 191.8 197.3 203.6 206.9 210.9 214.7 218.5 224 229.1 234.9 239.3 245.3 250.1 254.7 259.3 264.2 267.9 271.6 274.8 278.5 282.2
252.6 239.9 230.7 233.2 235.1 229.6 223.6 216.6 212.4 207.5 208.1 211.9 213.4 210.9 205.5 200.9 196.7 192.9 191.5 189.9 190.1 189.1 187.6 184.3 182.8 180.2 179.2 178.3 177.1 176.4 175.3 174.4 173.7 172.5 172 171.5 171 170.8 169.9 169.8 169.6 168.8 168.2 168 167.1 166.1 166.3 165.4 165.8 167.5 168.2 169.7 172.9 175.9 179.9 184.2 188.7 193.3 198.8 204.3 207.2 210.8 214.7 219.4 225.1 230.4 236 241.7 247.5 253.3 258.5 263.7 268.5 272.5 276.1 278.7 282.2 285.3
240 245.3 250.1 249.1 248.1 245.5 238.1 228.4 222.3 216.5 206.4 203.1 199.3 197.9 196 194.1 192.4 189.6 188.3 187.3 185.9 184.4 183.7 182.4 181.4 180 178.9 178.1 177.3 176.5 175.9 175.1 173.7 173.1 171.8 171 170.7 170.3 170 169 168.7 168.7 168.6 167.5 166.8 166.1 165.4 164.8 165 166.6 168.6 170.2 172.6 175.1 178.8 182.7 186.5 190.8 196 201.5 203.6 209.1 213.7 219.5 225.6 231.4 236.9 242.7 249.6 255.9 261.9 267.3 272 276.1 278.2 280.7 281.6 283.9
262.5 263.6 265.9 260.9 258 255.9 253.4 244.9 236.8 226.9 214.9 211 203.8 199.1 196.1 193.5 192.1 190.6 189 187.5 185.9 185.2 183.5 182.5 181.9 182.2 180.8 178.7 176.5 175.9 175.3 174.8 173.8 173.1 171.1 170.8 170 169.4 169.5 168.6 168.5 168.3 167.3 167.1 166.4 165.8 165.7 165 165.4 166.6 168.2 170.1 172.7 176.1 177.7 180.4 184.5 188.2 192.1 196.7 203 208.9 213.6 219.4 226.6 232.1 237.9 243.8 249.3 255.3 261.7 267.7 272.9 274.9 276.6 278.3 279.2 281.1
279.8 280.8 281.1 275.5 269.8 266.7 264.4 257.1 248 234.8 222.8 219.6 211.9 205.8 199.9 195.8 195.4 196 192.7 190.9 188.3 187 187.6 188.3 187.9 187.4 186.1 183.8 180.4 176.5 174.3 174.1 174 172.5 171.4 170.8 169.9 169 168.6 168.4 167.9 166.9 167 166.7 166.4 166.1 165.3 164.1 164.8 166.4 167.8 169.6 175.2 178.7 180.9 183.4 186.9 191.2 195.9 201.8 207.4 212.6 217.7 223 228.4 234.1 239.6 245 249.3 255.2 259.4 264 268.3 270.6 272.7 274 274.3 275
296.8 297.8 295.7 290 284.3 279.2 275.1 267.3 254 239.4 226.5 220.6 215.1 206.4 200.7 200.5 204.7 203.6 200.2 197.9 199.1 199.3 199.3 197.9 195.8 194.5 192.2 188.2 183.3 178.6 175.8 173.2 172.4 172.2 171 170.4 169.5 168.1 168 167.2 167.1 167 166.6 166.4 165.7 165.6 164.7 164.1 163.9 165.6 167.5 171.2 177.7 181.2 183.9 186.8 191.1 196.9 202.8 209.1 214 218.2 222 227.2 230.9 236.7 240.3 245 248.9 252.3 256.1 259 261.5 263.3 265.6 267.1 267.4 266.9
313.1 313.9 310.3 304.5 298.8 292.8 284.1 275.1 260.4 245.5 230.7 221 217.9 210.2 203.7 208.4 210.9 210.3 210.8 211.5 211.8 211.6 209.1 206.2 202.7 199.2 196.1 191.1 186.2 181.8 177.3 174.8 171.9 171.5 170.9 170.3 169.5 168.6 167.7 166.9 166.8 166.3 166.3 166 165.3 164.7 164.3 163.5 164.1 165.6 168.2 173.2 178.6 182.3 186.7 191 195.7 202.4 209 214.1 219.2 223.2 226.9 230.2 233.7 237.8 240.8 244.6 247.6 250 251.6 252.3 253.8 255.2 256.7 257.5 258 257.3
326.7 330.4 322.3 316.2 308.6 302.1 294.2 280.7 263.5 246 230.6 219.5 214.6 208.9 208.7 217.5 220.1 223.1 225.1 222.8 221.1 218.7 215.5 211.9 208.4 204.8 201.3 195.7 189.5 184.7 180.2 175.3 172.9 171 170.3 169.5 169.7 168.2 167.4 166.6 166.3 166.1 165.4 165 165 164.4 163.6 163.3 163.9 165.9 168.6 173.5 179.6 184.6 189.4 194.5 200.6 206.3 211.9 216.8 222.4 227 229.4 231.6 235.4 237.8 239.4 241.4 243.3 245.4 246.1 245.5 245.5 246.6 246.5 247.2 247.7 247.9
333.6 333.3 330.9 328.1 320.8 312.2 301.6 283.8 262.2 244.2 228.2 219.5 217 215.9 223.8 230.8 235.5 236.1 233.8 230.6 227.5 224.5 220.5 216.4 212.6 208.6 204.3 199 191.7 187 181.6 177.6 173.3 171.1 170 169.4 168.7 167.8 167.3 166.9 165.9 165.5 165.1 164.7 164.6 164.1 163 163.1 164.2 166.2 169.4 175 180.9 186.2 192 197.3 202.8 208.7 214.4 219.1 223.7 227.8 229.8 230.9 231.4 232.8 234.3 235.6 236.7 237.5 237.7 237.3 237.1 236.8 238.3 238.3 238.8 239.5
341.1 338.4 336 336.5 329.5 318.5 307.6 287 263.7 243.6 230.6 224.6 227.3 235.3 242.9 245.8 247.4 244.7 240.6 237 233.3 228.6 224.8 220.5 215.7 210.9 206.6 201.4 194.4 188 181.9 177.1 172.7 169.9 169.2 168.1 167.6 167.4 166.5 166.1 165.5 165.1 164.7 164.4 164 164 162.5 162.5 164.1 166.3 169.5 174.8 180.7 187 193.1 198.7 203.8 209.1 214.5 218 222 224.9 226.2 226 226.3 227.8 228.5 228.2 228 228.3 228.4 228.4 228.2 228.1 229 229.5 230.2 231.3
