WholeMapElevations/data/tr/tr07_OST50GRID_20230518/TR07.asc
ncols 200
nrows 200
xllcorner 600000
yllcorner 170000
cellsize 50
[rows 152 to 189 of 200, columns 0 to 83 of 200]
42.2 41.4 40.5 40.1 40.4 41.1 41.6 40.7 39.9 39.9 39.9 39.8 39.8 39.3 38.7 39.3 39.7 39.7 39.1 38.5 38 38.7 40 41.5 43 45.1 47 48.9 49.3 49.7 48.9 47.7 46.3 45.6 43.7 43.2 43.3 43.5 43.3 17 1.6 1.9 1.5 1 0.6 0.1 -0.3 -0.6 -0.9 -1.2 -1.4 -1.8 -1.8 -1.8 -1.8 -1.8 -1.8 -1.8 -1.8 -1.8 -1.8 -1.8 -1.8 -1.8 -1.8 -1.8 -1.8 -1.8 -1.8 -1.8 -1.8 -1.8 -1.8 -1.8 -1.8 -1.8 -1.8 -1.8 -1.8 -1.8 -1.8 -1.8 -1.8 -1.8
41 40.8 41.3 41.3 42 42.7 42.5 41.5 40.8 40.8 40.7 40.6 40.8 40.5 40.3 40.9 41.5 41.2 40.9 40.2 39.6 40.6 43.1 44.6 44.8 46.5 48.5 50 49.8 50 49.5 48 46.1 44.8 42.5 41.4 39.4 38.3 40.7 28.3 6.7 2.2 1.7 1.2 0.8 0.3 0 -0.3 -0.6 -0.8 -1.1 -1.4 -1.8 -1.8 -1.8 -1.8 -1.8 -1.8 -1.8 -1.8 -1.8 -1.8 -1.8 -1.8 -1.8 -1.8 -1.8 -1.8 -1.8 -1.8 -1.8 -1.8 -1.8 -1.8 -1.8 -1.8 -1.8 -1.8 -1.8 -1.8 -1.8 -1.8 -1.8 -1.8
42.1 42 42.4 42.5 43.5 44.1 43.3 42.3 41.7 42 41.7 41.6 41.8 41.7 41.8 42.5 43.1 42.5 41.8 41.5 41.3 42 45.1 46.4 47.4 47.9 50.1 50.8 50.3 50.2 49.8 48 45.5 43.3 40.1 37.2 34 32 29.8 26.1 14.9 2.3 1.9 1.4 0.9 0.6 0.3 0 -0.3 -0.5 -0.8 -1.1 -1.3 -1.6 -1.8 -1.8 -1.8 -1.8 -1.8 -1.8 -1.8 -1.8 -1.8 -1.8 -1.8 -1.8 -1.8 -1.8 -1.8 -1.8 -1.8 -1.8 -1.8 -1.8 -1.8 -1.8 -1.8 -1.8 -1.8 -1.8 -1.8 -1.8 -1.8 -1.8
44.2 43.7 43.4 43.7 45 45.3 44.2 43.3 43.6 43.4 43.6 43.8 43.9 43.6 43.5 45 44.7 43.8 43.1 42.5 43.4 44.5 45.3 47.8 49.4 51.2 52 52.2 52.1 50.7 49.9 48.7 46.4 42.9 38.8 34.6 30.3 26.8 23.8 22.3 12.9 2.3 2 1.6 1.2 0.9 0.6 0.3 0 -0.2 -0.5 -0.8 -1 -1.3 -1.5 -1.8 -1.8 -1.8 -1.8 -1.8 -1.8 -1.8 -1.8 -1.8 -1.8 -1.8 -1.8 -1.8 -1.8 -1.8 -1.8 -1.8 -1.8 -1.8 -1.8 -1.8 -1.8 -1.8 -1.8 -1.8 -1.8 -1.8 -1.8 -1.8
46.1 45.7 45.1 44.7 46.1 46.1 45.3 44.6 44.7 44.8 45.1 46.1 46.3 46.4 46.5 46.7 46.6 46 44.7 44.7 46.5 46.9 47.9 49.9 50.8 51.8 52.7 52.8 52.7 51.5 50.4 48.2 46.1 41.8 37 32.5 28.3 25 21.6 19.4 18.7 5.9 2.2 1.8 1.5 1.2 0.9 0.6 0.3 0.1 -0.2 -0.5 -0.7 -1 -1.2 -1.4 -1.6 -1.8 -1.8 -1.8 -1.8 -1.8 -1.8 -1.8 -1.8 -1.8 -1.8 -1.8 -1.8 -1.8 -1.8 -1.8 -1.8 -1.8 -1.8 -1.8 -1.8 -1.8 -1.8 -1.8 -1.8 -1.8 -1.8 -1.8
47.8 47 46.3 45.8 46.6 47.1 47 46.8 47.2 47 48.3 48.8 48.8 48.9 49.3 49.3 49.3 48.2 47.1 46.4 47.9 49.6 50.4 51.6 52.3 53 53.5 53.4 52.7 51.3 49.6 46.9 43.3 39.2 36 31.6 27.4 23.5 21.6 18.5 18.8 18.3 3.2 2.1 1.8 1.5 1.2 0.9 0.6 0.3 0 -0.2 -0.5 -0.7 -0.9 -1.1 -1.3 -1.5 -1.8 -1.8 -1.8 -1.8 -1.8 -1.8 -1.8 -1.8 -1.8 -1.8 -1.8 -1.8 -1.8 -1.8 -1.8 -1.8 -1.8 -1.8 -1.8 -1.8 -1.8 -1.8 -1.8 -1.8 -1.8 -1.8
49.5 48.1 47.3 46.9 47.7 48.1 48.2 49.2 49.5 50.1 51.2 51.7 51.6 51.8 51.8 51.5 50.5 49.3 48 48 49.1 50.9 52.1 53 53.5 53.6 53.7 52.6 52.4 51.2 49.8 46.1 41.8 37.8 33.8 30.9 26.3 23.2 22.4 22.2 22.9 22.8 20 2.5 2.1 1.8 1.5 1.2 0.9 0.6 0.3 0 -0.2 -0.4 -0.6 -0.9 -1.1 -1.3 -1.5 -1.8 -1.8 -1.8 -1.8 -1.8 -1.8 -1.8 -1.8 -1.8 -1.8 -1.8 -1.8 -1.8 -1.8 -1.8 -1.8 -1.8 -1.8 -1.8 -1.8 -1.8 -1.8 -1.8 -1.8 -1.8
51.3 50.2 49 48.6 49.1 50.3 51.3 51.9 52.7 53.5 54.1 54.1 53.9 53.6 53.3 52.6 51.2 50.2 48.9 49.5 50.4 52 53.3 53.8 54.6 54.5 53.7 52.3 50.7 50.2 48.6 46.2 42.4 37.9 34.9 31 28.7 31.5 28.5 27.4 26.5 28.6 30.6 17.3 5.4 2 1.7 1.4 1.1 0.9 0.5 0.3 0.1 -0.2 -0.4 -0.6 -0.8 -1.1 -1.2 -1.4 -1.6 -1.8 -1.8 -1.8 -1.8 -1.8 -1.8 -1.8 -1.8 -1.8 -1.8 -1.8 -1.8 -1.8 -1.8 -1.8 -1.8 -1.8 -1.8 -1.8 -1.8 -1.8 -1.8 -1.8
52.9 51.5 50.4 50.7 51.4 53.2 54.3 55.2 55.5 55.9 55.7 55.5 55.2 53.8 53.2 52.6 51 50 50 50.7 51.6 52.6 54.7 54.3 55.2 54.8 52.7 49.4 45 46.2 48.2 47.4 44.7 42.1 39.8 37.8 35.4 35.3 33.6 30.1 28.4 30.1 32.4 32.3 11 2.3 2 1.7 1.4 1.1 0.8 0.6 0.3 0.1 -0.1 -0.4 -0.6 -0.8 -1 -1.2 -1.4 -1.5 -1.8 -1.8 -1.8 -1.8 -1.8 -1.8 -1.8 -1.8 -1.8 -1.8 -1.8 -1.8 -1.8 -1.8 -1.8 -1.8 -1.8 -1.8 -1.8 -1.8 -1.8 -1.8
53.5 52.5 52.8 53 53.6 55 56.3 56.9 57.4 57.9 57.5 57 56.6 54.7 51 48.3 48.3 48.3 48.5 50.7 51.5 52.4 52 53.5 55.3 54.5 52.2 45.8 39.5 39.4 43.4 46.9 46.4 46.3 45 43.7 40.8 38.2 33.8 30.9 27.7 28.8 31 29.6 21.5 7.8 2.2 1.9 1.6 1.3 1.1 0.8 0.5 0.3 0.1 -0.2 -0.4 -0.6 -0.8 -1 -1.1 -1.3 -1.4 -1.6 -1.8 -1.8 -1.8 -1.8 -1.8 -1.8 -1.8 -1.8 -1.8 -1.8 -1.8 -1.8 -1.8 -1.8 -1.8 -1.8 -1.8 -1.8 -1.8 -1.8
54.8 54.2 54.9 55.2 56 56.8 58.1 58.6 58.7 58.7 58.1 57.9 57 54.5 48.5 43 42.1 43.6 45.3 48.3 49.4 48.2 46.9 50.7 54.2 52.7 48.3 42.9 36 32.5 36.4 41.2 45.2 46.6 46.3 44.6 41 36 31.9 28.3 25.8 25.6 27.3 27.1 21 18.1 4.7 2.1 1.8 1.5 1.3 1 0.8 0.5 0.2 0.1 -0.2 -0.4 -0.6 -0.7 -0.9 -1.1 -1.2 -1.4 -1.6 -1.8 -1.8 -1.8 -1.8 -1.8 -1.8 -1.8 -1.8 -1.8 -1.8 -1.8 -1.8 -1.8 -1.8 -1.8 -1.8 -1.8 -1.8 -1.8
56.5 56.3 57 57.7 58.2 58.8 59.2 59.4 59.5 59.2 58.3 58 56.6 53.9 48.8 41.6 36.7 36.5 38.7 42.2 43.2 42.9 41.7 47.1 52.1 51.6 46.5 40 33.4 29.1 30.7 35.5 39.4 41.1 42.1 41.8 38.3 34.8 29.2 25.9 23.7 22.1 23.1 23 18.5 13.9 11.3 2.7 2 1.8 1.5 1.2 0.9 0.7 0.5 0.2 0 -0.2 -0.4 -0.5 -0.7 -0.8 -1 -1.2 -1.4 -1.6 -1.8 -1.8 -1.8 -1.8 -1.8 -1.8 -1.8 -1.8 -1.8 -1.8 -1.8 -1.8 -1.8 -1.8 -1.8 -1.8 -1.8 -1.8
58.1 58.5 59.2 59.8 58.9 59.4 59.8 59.9 59.3 58.7 58 56.7 55.1 52.2 48 42.1 35.8 32.2 32.2 35.8 36.9 37.6 39.8 43.2 47.1 48.8 46.7 42 34.3 27.8 26.1 29.6 33.4 34.3 36.7 37.5 36 32.3 27.4 22.9 20.4 18.2 16.6 16.7 15.1 10.7 8.9 6.9 2.2 1.9 1.7 1.4 1.1 0.9 0.6 0.4 0.2 0 -0.1 -0.3 -0.5 -0.6 -0.8 -1 -1.2 -1.4 -1.6 -1.8 -1.8 -1.8 -1.8 -1.8 -1.8 -1.8 -1.8 -1.8 -1.8 -1.8 -1.8 -1.8 -1.8 -1.8 -1.8 -1.8
59.9 60.5 60.4 60.3 59.4 59 59.4 59.7 58.5 56.8 55.2 53.5 51.4 49 44.7 40.7 36.6 32.3 29.3 30.4 34 37.2 38.6 40.8 42.8 44.3 43.5 40 34 27.5 23.8 25.6 28.5 30.2 33.2 34.7 33 29.4 25.4 20.7 18.1 15.3 14.9 13 10.9 9.6 6.8 5.9 4.7 2.1 1.8 1.5 1.3 1.1 0.8 0.6 0.4 0.3 0.1 -0.1 -0.2 -0.4 -0.6 -0.8 -1 -1.2 -1.4 -1.5 -1.8 -1.8 -1.8 -1.8 -1.8 -1.8 -1.8 -1.8 -1.8 -1.8 -1.8 -1.8 -1.8 -1.8 -1.8 -1.8
60.9 60.8 60.9 60.1 59.1 57.6 58 57.9 56 54.3 52.2 49.6 47.6 45.6 42.5 38.6 35.3 31.5 28 29.5 34.7 38.3 39 38.8 38.5 39.5 39.4 35.7 31.4 26.5 21.8 22.3 25.3 28.3 31.5 31.8 29.4 26.2 22 18.8 17.5 14.9 14.3 11 10.2 8.1 6.1 4.8 4.1 2.2 2 1.7 1.5 1.2 1 0.8 0.7 0.5 0.3 0.1 0 -0.2 -0.4 -0.6 -0.8 -1 -1.1 -1.3 -1.5 -1.8 -1.8 -1.8 -1.8 -1.8 -1.8 -1.8 -1.8 -1.8 -1.8 -1.8 -1.8 -1.8 -1.8 -1.8
61.3 61.2 60.4 59.4 58 55.6 55.4 54.5 53.8 51.9 50.2 45.3 42.9 40.5 40.1 36.2 33 30 26.8 29.1 34.4 36.5 37.5 36.6 36.3 36 35 31.2 27.2 23.9 20.1 20.2 22.3 26.5 27.7 26.8 24.4 21.6 19.7 17.1 16.2 15.1 13.2 10 9.4 6.7 4.5 3.9 3.9 2.6 2.1 1.9 1.6 1.4 1.2 1 0.9 0.7 0.5 0.3 0.2 0 -0.2 -0.4 -0.6 -0.8 -0.9 -1.1 -1.3 -1.5 -1.8 -1.8 -1.8 -1.8 -1.8 -1.8 -1.8 -1.8 -1.8 -1.8 -1.8 -1.8 -1.8 -1.8
60.3 58.8 57.8 56.1 55.2 53.6 53.2 52.3 50.4 49.5 46.6 42.1 39 36.6 35.5 32.6 29.6 27.7 24.1 26.9 30.6 32.1 32.4 31.7 31.1 30.6 29.8 27.4 24.8 21.5 18.4 17.3 19 22.1 22.3 20.7 19.4 18.5 17.6 15.6 13.7 12.1 10.4 8.9 7.1 5.8 4.6 4.1 2.8 4 2.3 2 1.8 1.6 1.4 1.3 1.1 0.9 0.7 0.6 0.4 0.2 0 -0.2 -0.4 -0.6 -0.7 -0.9 -1.1 -1.3 -1.5 -1.8 -1.8 -1.8 -1.8 -1.8 -1.8 -1.8 -1.8 -1.8 -1.8 -1.8 -1.8 -1.8
54 52.9 51.8 50.7 50.7 48.7 48.6 46.4 44.9 43.2 41.8 38.5 35.7 33.3 31.2 29.8 27.8 26.3 22.7 23.1 25.2 26.1 27.1 27.1 26.6 26.4 25.1 22.7 20.9 19.1 17.6 15.9 16.6 17.7 17.7 16.6 15.8 15.1 14.3 13.1 11.5 10.9 9.4 8.1 7.2 5.5 4.3 3.7 1.7 3.9 2.8 2.2 2 1.8 1.6 1.5 1.3 1.1 0.9 0.8 0.6 0.4 0.2 0 -0.2 -0.4 -0.6 -0.7 -0.9 -1.1 -1.3 -1.4 -1.6 -1.8 -1.8 -1.8 -1.8 -1.8 -1.8 -1.8 -1.8 -1.8 -1.8 -1.8
46.9 45.5 45.3 44.4 43.3 42.2 41.8 41 39.8 38.7 36.5 34.9 33 30.6 28.9 27.1 25.5 25.1 22.1 20.1 21.5 22.5 23.5 23.8 24 23.1 21.7 20.1 18.6 17 15.7 14.7 15.2 15.1 13.9 13.7 13.6 13 11.6 11.6 10.3 10.2 8.7 8 6.5 6.1 4.7 4.6 4.2 3.1 3.5 2.8 2.2 2 1.9 1.7 1.5 1.3 1.2 1 0.8 0.6 0.4 0.2 0 -0.2 -0.4 -0.5 -0.7 -0.9 -1.1 -1.2 -1.4 -1.6 -1.8 -1.8 -1.8 -1.8 -1.8 -1.8 -1.8 -1.8 -1.8 -1.8
39.6 38.9 38.5 38.4 38.4 37.4 36.6 35.7 35.1 34.1 32.7 31.2 30.1 28.3 27 25.8 24.3 24 21.6 19.4 18.7 19.4 20.2 20.9 21.4 20.9 20 18.1 16.5 15.6 14.6 13.6 13.5 13.1 11.7 11.3 11.7 10.9 10.5 9.8 8.5 8.4 8.1 8.3 7.4 6.5 5.4 5.1 4.2 2.6 2.2 2.8 3.8 2.2 2.1 1.9 1.7 1.5 1.4 1.2 1 0.8 0.6 0.4 0.2 0 -0.2 -0.3 -0.5 -0.7 -0.8 -1 -1.2 -1.4 -1.5 -1.8 -1.8 -1.8 -1.8 -1.8 -1.8 -1.8 -1.8 -1.8
35 34 33.6 33.5 34 33.7 32.9 32.2 31.7 31.6 29.6 28.3 27.6 26.8 25.7 24.6 23.1 22.2 20.6 19.1 17.9 17.5 18.4 19 18.5 18 17.5 17 15.1 14.1 13.2 12.4 11.9 11 9.8 8.7 9.4 11 11.1 10.1 8.1 6.3 6.1 7.1 7.7 6.7 5.9 4.7 3.4 4.6 3.6 2.5 3.3 3.6 2.3 2.1 1.9 1.7 1.5 1.3 1.1 1 0.8 0.6 0.4 0.2 0 -0.1 -0.3 -0.5 -0.6 -0.8 -1 -1.2 -1.3 -1.5 -1.6 -1.8 -1.8 -1.8 -1.8 -1.8 -1.8 -1.8
31.4 30.5 30.2 30.1 30.1 30.5 30.4 29.9 29.3 28.7 28.3 26.6 26.1 25.4 24.3 23.4 22.2 20.6 19.7 18.7 17.8 16.9 16.9 16.5 16.1 15.8 15.4 15 14.4 13.3 12.2 11.1 10.2 9.6 7.7 6.5 6.7 8.4 10.2 8 5.8 4.3 3.8 3.5 4.9 4.1 4.1 2.8 2.6 2 2.4 4.2 3.7 4.6 5.5 2.3 2.1 1.9 1.7 1.5 1.3 1.2 1 0.8 0.6 0.4 0.2 0.1 -0.1 -0.3 -0.4 -0.6 -0.8 -0.9 -1.1 -1.3 -1.4 -1.6 -1.8 -1.8 -1.8 -1.8 -1.8 -1.8
28.5 28.1 27.8 27.7 27.5 28 28.3 28.1 27.5 27.4 25.9 25.1 24.6 24 23.3 22.2 20.9 19.5 19.1 18.1 17.9 16.5 16.3 15.8 15.4 15.1 14.6 14.1 13.1 12.3 11.1 9.9 8.8 8.2 7.9 6.4 5.3 4.5 4.6 3.7 4 3.5 3.7 3 2.9 2.3 2.6 2.4 2.3 3 2.6 2.1 2.9 3.6 2.6 3.7 2.3 2.1 1.9 1.7 1.5 1.4 1.2 1 0.8 0.6 0.5 0.3 0.1 -0.1 -0.2 -0.4 -0.6 -0.7 -0.9 -1 -1.2 -1.4 -1.5 -1.8 -1.8 -1.8 -1.8 -1.8
26.7 26.7 26.6 26 25.9 26.4 26.5 26.3 25.9 25.8 25.2 24.3 23.3 22.2 21.3 20.4 19.7 19.8 18.6 17.9 17.3 16.6 15.6 15.1 14.7 14.2 13.6 13.1 12.2 11 10.2 9.2 8.3 8.4 8.8 9.1 7.7 6.1 5.6 5.7 5.5 5.1 4.7 4 3.4 2.8 2.9 3.4 2.9 3.2 3.2 2.3 3.5 3.8 3 2.2 4.5 2.3 2.1 1.9 1.7 1.6 1.4 1.2 1 0.8 0.7 0.5 0.3 0.2 0 -0.2 -0.3 -0.5 -0.6 -0.8 -1 -1.1 -1.3 -1.5 -1.6 -1.8 -1.8 -1.8
25 25.2 25.2 24.4 24.6 25 24.9 24.8 24.6 24.4 23.7 22.7 21.6 20.9 20.9 20.1 19.3 18.3 17.8 17.1 16.5 15.8 14.7 14.4 13.9 13.1 12.6 11.7 11.5 10.3 9.6 9.5 9.6 9.7 10.2 9.5 7.8 7.5 7.3 6.9 6.3 6.1 5.3 5 4.7 5 4.7 4.2 3.5 3.1 2.1 2.8 4.3 3.4 3 4.6 5 4 2.3 2.1 1.9 1.8 1.6 1.4 1.2 1 0.9 0.7 0.5 0.4 0.2 0.1 -0.1 -0.3 -0.4 -0.6 -0.8 -0.9 -1.1 -1.3 -1.4 -1.6 -1.8 -1.8
23.4 23.5 23.7 23 23.7 24.1 24 23.9 24 23 22.1 21 20.3 19.7 20.1 19.7 18.8 18 18 16.5 15.8 15.1 14.4 14.1 13.6 12.7 12.1 11.8 11.2 10.7 10.4 10.5 10.3 10.2 10.2 9.4 8.2 8 7.8 7.5 6.9 6.7 6.2 5.8 5.5 6 5.9 5.8 4.6 3.5 2.8 4.1 4.2 3.7 2 2.6 4.4 4.3 4.3 2.4 2.1 2 1.8 1.6 1.4 1.2 1.1 0.9 0.7 0.6 0.4 0.3 0.1 0 -0.2 -0.4 -0.5 -0.7 -0.9 -1 -1.2 -1.4 -1.5 -1.7
21.9 22.1 22.3 22.2 22.7 22.2 22.6 22.8 22.6 21.5 20.4 19.8 19.2 18.7 19.2 19.4 18.7 18.2 17.5 16.9 15.5 15 14.5 13.9 13.4 12.6 12.5 12.5 11.9 11.3 11.1 11.3 10.9 10.8 10.3 9.5 8.6 8.5 8.3 8.2 7.8 7.4 7 6.6 6.5 6.5 6.5 5.8 3.5 2.8 3.3 4.8 3.7 3.2 1.7 3 4.5 4.6 4.2 4.2 2.8 2.2 2 1.8 1.6 1.5 1.3 1.1 1 0.8 0.7 0.5 0.3 0.2 0 -0.2 -0.3 -0.5 -0.6 -0.8 -1 -1.2 -1.3 -1.5
20.6 20.7 21.2 21.3 21 20.4 20.6 20.9 20.4 19.4 18.9 18.7 18.1 17.8 18.3 18.9 18.6 18 17.4 16.3 15.5 15 14.4 13.6 13.3 13.1 13.1 13 12.7 12.1 12 12.1 11.6 11.3 10.1 10.2 9.3 8.9 8.6 8.1 8 7.7 6.9 6.8 6.5 5.7 5.1 4.7 2.8 2.5 4.8 5 3.9 3.5 2.5 2.9 3.1 4.3 4.1 4.1 4 2.9 2.2 2 1.8 1.7 1.5 1.3 1.2 1 0.9 0.7 0.6 0.4 0.2 0.1 -0.1 -0.3 -0.4 -0.6 -0.8 -0.9 -1.1 -1.3
20.9 19.7 19.5 19.8 19.2 18.6 18.3 18.9 18.2 17.6 17.2 16.8 16.7 17.1 18 18.8 18.8 18 17 15.9 15.2 14.9 14.6 14.1 13.9 13.8 13.7 13.6 13.4 12.6 12.7 12.4 12.2 11 10.4 9.4 8.8 7.9 6.8 6.6 6.7 7.1 5.9 5.9 4.8 4.5 3.1 2.1 2.8 4.4 6.1 5.7 4.8 4.2 3 3.2 2.6 2.4 4.2 4.1 4.7 3.8 3.3 2.2 2 1.9 1.7 1.6 1.4 1.3 1.1 1 0.8 0.6 0.5 0.3 0.1 -0.1 -0.2 -0.4 -0.6 -0.7 -0.9 -1.1
20.6 19.4 18.4 18 17.6 17.2 16.7 16.9 16.3 15.9 15.5 15.3 15.5 16.2 17.6 18.7 18.7 17.6 16.5 15.4 15 14.6 15.2 15.2 14.6 14.4 14.3 14.2 14.1 13 12.7 12.4 11.5 10.4 8.7 7.8 7.2 5.9 5.2 5.1 5.1 4.1 3.5 2.9 3.5 2.7 2 3.1 3.9 6.3 6.7 6.3 5.8 4.8 4.4 2.8 2.2 2.7 2.1 4.3 4 3.9 5.2 3 2.3 2.1 1.9 1.8 1.7 1.5 1.3 1.2 1 0.8 0.7 0.5 0.3 0.2 0 -0.2 -0.3 -0.5 -0.7 -0.9
19.8 19 17.8 17.2 16.9 16.3 15.7 15.1 14.9 14.7 14.5 14.3 14.5 15.2 16.5 17.6 17.5 17.1 16.1 15.1 14.7 14.9 15.3 15.3 15.2 14.9 14.6 14.2 13.5 12.8 12.6 11.9 10.9 9.6 7.7 6 5.7 4.1 3.6 3.5 3.4 2.6 2.2 2.5 2.4 2.6 2.8 3.1 5.3 6.6 7.6 7 6.4 5.5 4.9 3.9 3.1 3.2 2.8 5.4 3.2 2.5 2.6 2.8 3.8 2.8 2.2 2 1.9 1.7 1.6 1.4 1.2 1.1 0.9 0.7 0.5 0.4 0.2 0 -0.1 -0.3 -0.5 -0.7
19.6 18.9 18 17 16.5 15.7 15 14.3 13.8 13.6 13.4 13.2 13.6 14.2 14.8 15 15.4 16.1 15.6 14.8 14.9 15.2 15.4 15.1 14.7 14.3 14.1 13.8 13.2 12.6 12.1 10.8 9.4 7.5 5.9 4.4 3.5 2.9 2.9 2.2 2.8 2.3 2.5 2.8 2.7 2.8 3.8 4 5.7 6.9 7.7 7.7 7 6.3 5.9 4.6 3.8 3.3 3 3.6 3.3 3.6 3.9 3.5 3.7 4.2 5.5 2.3 2.1 2 1.8 1.6 1.5 1.3 1.1 0.9 0.8 0.6 0.4 0.2 0.1 -0.1 -0.3 -0.5
19.9 19.2 18.4 17.8 17.2 15.8 15 14.1 13.2 13 12.4 12.2 12.6 12.9 13.1 13.2 13.5 14.1 14.8 14.9 15.2 15.6 15.1 14.6 13.5 12.7 12.8 12.7 12.4 11.6 10.6 9.1 7.4 5.7 4.5 3 2.7 2.4 3 2.5 2.5 2.1 2.2 2.6 3.1 3.8 5 5.6 7.4 9.2 9.1 8.9 7.8 7.2 6.2 5.8 5.4 4.7 3.4 4 4.5 5.4 6.1 5.3 5 5.6 5.1 4.6 3.7 2.2 2 1.8 1.7 1.5 1.3 1.1 1 0.8 0.6 0.5 0.3 0.1 -0.1 -0.3
20.2 19.5 18.2 17.8 16.6 16.3 15.3 14.4 13.3 13.1 12.9 12 11.4 11.6 12 12.5 13.2 14.5 15.3 15.5 15.7 15.3 14.2 12.9 11.6 10.7 10.8 10.6 10.2 9.5 8.5 6.7 5 4.1 3.1 2.7 3.4 3.4 3.7 3.4 2.4 2.6 2.9 3.6 4.1 5.6 6.2 8.4 10.5 10.4 10.8 10 8.9 7.8 7.4 6.1 5.3 5.8 5.1 5.5 6.6 6.9 6.6 6.7 5.7 6.4 7.2 5.6 5.7 5.8 2.2 2.1 1.9 1.7 1.5 1.4 1.2 1 0.8 0.6 0.4 0.3 0.1 -0.1
20.5 19.6 18.8 17.9 16.7 16.1 15.1 14.6 14 13.2 12.9 12.4 11.9 11 11.2 12 12.8 14.1 15.5 15.6 15.7 14.4 12.5 11 9.6 8.6 8.2 8 7.4 6.4 5.6 4.3 3.3 3.1 3.3 4 3.8 3.8 4 4.1 3.5 3.6 3.9 4.6 5.2 5.9 8.2 10.3 12 12.4 11.1 10.2 9.5 9.5 7.6 7.1 6 5.9 5.7 7 8.4 7.6 8.7 8 7.3 7.2 8 6.9 7 6.3 6 2.3 2.1 1.9 1.7 1.6 1.4 1.2 1 0.8 0.6 0.4 0.3 0.1
20.7 19.8 18.9 18 17 16 15.3 14.8 14.4 13.8 13 12.3 11.7 11.8 10.6 10.9 12.3 13.9 15 15 14.6 13 11.2 9.3 8 7.1 6.2 5.3 4.5 4 4.4 4.4 4.3 3.3 3.5 5.3 5.5 4.9 5.3 4.7 4.6 5.3 4.6 4.6 5.4 7 9.9 12.3 13.2 13.3 12.1 10.7 9.7 9.9 7.7 6.9 6.2 6.1 6.8 7.6 8.3 9.5 8.9 9.1 9.2 9.1 8.8 8.5 7.7 8 7 6 2.3 2.1 1.9 1.8 1.6 1.4 1.2 1 0.8 0.7 0.5 0.3
20.3 19.6 19 18.2 17.8 16.4 15.7 15.2 14.4 13.9 13.1 12.2 11.5 11.5 10.7 10 11.4 12 13 13 12.4 11.3 9.5 7.7 6.3 5.6 4.8 4.7 5.6 5.9 6.1 5.6 5.3 5.1 5.3 6.3 6.3 6.7 6.3 5.8 5.9 6.5 6.6 6.2 6.9 8.6 13.5 13.9 14.3 13.7 12.1 11.3 9.8 8.6 7.7 7.1 6.4 6.2 7.2 8.8 9.9 10.2 10.5 10.6 10.1 10.3 10.6 9.5 8.6 7.8 7.2 7.6 6.6 3.2 2.1 2 1.8 1.6 1.4 1.2 1 0.8 0.7 0.5
19.7 19.1 18.4 18.2 17.8 16.8 15.9 15.1 14.3 14 13.2 12.3 12.1 11.5 10.4 10 9.7 10 10.5 11 10.2 9.1 8.1 6.9 5.7 6.4 6.8 7.1 7.1 7.2 7 7.1 5.8 5.2 6.8 6.8 7.5 8.2 8.3 8.2 8 8.7 8.1 8.6 9.7 10.8 14.1 14.7 14.5 12.9 11.5 10.6 9.5 8.4 7.6 6.7 6.5 6.9 7.9 10.1 11.3 11.9 12 11.8 11.7 12.3 11.6 11.2 9.6 8.7 9.2 7.7 7 6.4 4.3 2.2 2 1.8 1.6 1.4 1.2 1 0.9 0.7
