UK/data/ns/ns78_OST50GRID_20230518/NS78.asc
ncols 200
nrows 200
xllcorner 270000
yllcorner 680000
cellsize 50
[rows 140 to 174 of 200, columns 78 to 155 of 200]
230.9 228.5 225.7 222.2 222.2 222.2 222.9 233 235.2 239.7 245.9 250 253 259.3 263.7 267.9 270.8 273.6 277 286 290.9 295.4 299.4 301.4 305.1 308.7 307.5 316.1 327.1 339.2 346.5 349.3 347.8 343.9 339.3 334.4 329.2 323 319.5 314.8 310 305 300.3 295.9 291.3 285.5 280.5 273.8 268 261.9 256.2 250.9 246.9 242.2 236.4 231.4 226.8 221.8 216.9 211.2 207.3 202.4 196.6 193.5 190.6 188 184 179.7 175.5 172.3 170.6 167 163.5 160.7 156.9 154.2 150.5 147.1
224.9 223.9 222.2 222.2 222.2 222.5 225.4 229 233.2 239.5 249 254.3 257.6 264 267.8 271.1 272.8 275 278.2 286.6 293.2 298.4 302.2 308.5 310.3 314.4 317.1 323 337.1 346.5 350.6 351.8 349.5 345.3 341.3 337.3 332.2 326.6 321.4 316.9 312.7 308.5 304.2 299.6 294 289.5 285 279 273.6 267.1 260.9 256.4 250.4 246.2 240.1 234.8 229.6 224.3 217.7 211.6 206.8 201.2 197.5 193.6 189.5 186.7 181.6 177.4 174.5 171 168.4 166.8 164.4 161.6 158.7 155.1 151 151.2
223.7 222.2 222.2 222.2 222.2 222.2 228.1 233.6 236.2 241.1 247.7 254.5 259 263.7 271.1 274.2 275.2 278.1 282.5 290.6 296 299.7 304.8 307.3 313.9 330 327.7 331.3 338.6 349.9 352.6 352.4 350.9 347.3 342.7 338.2 334.4 330 325 319.6 315 311.2 307.5 303.8 297.9 294.1 289.5 282.9 277.8 271.9 265.9 260.1 254.4 249 242.4 236.3 231.1 224.7 216.9 212.4 207.1 201.3 197.9 193.9 189.8 186 181.2 177 173.8 171.4 169.4 167.1 164.1 161.2 158.9 157.8 155 154.7
224 224.5 222.2 228 225.1 222.2 228.4 235 239.4 244.4 251.7 255 258.7 263 270.6 275.8 276.8 278.8 287.2 290.6 297.8 302.3 306.7 308.4 319.9 331 331.8 338.4 344.1 352.3 354.2 353.6 352.2 348.7 343.9 339 337.1 333.3 328.2 323 318 313.3 308.9 304.1 301 296.5 291.4 287.1 280 273.9 268.2 263.6 257.2 251.8 245 238.1 231.9 224.3 217.4 213.9 207.9 203.1 199.1 196 190.6 185.2 181.2 178 174.2 172.1 170.1 168.7 166.3 164.5 163.1 163.7 158.3 156.7
225.8 225 223.8 225.7 226.6 225.4 227 236.5 242.5 247.5 253.7 258.3 261.7 266.1 271.1 273.2 278.3 282.1 290.9 293.2 300.5 303.9 309.3 311.1 318.6 325.8 332.3 332.4 342.8 355 356.5 354.2 352.2 348.7 344.4 339.8 338.1 336.1 330.7 324.9 318.8 313.6 307.4 300.1 295 290.6 287.4 283.1 277.7 271.8 267.8 264 257.6 251.7 244.5 238.3 232 223.5 218.4 213.9 208.5 202.9 197.9 193 189.7 184.4 179.8 176.1 173.5 171.7 170 169 167 165.7 164.5 162.1 158.6 154.9
227.5 226.2 225.1 227.5 228.9 229.3 227.4 235.8 243.5 249 256.5 261.5 264.2 269.1 272.6 274.6 278.2 283.6 291.2 293.2 300.4 304.7 311.3 313.6 318.8 324.6 336.9 331.2 344.4 354.8 354.2 354 352.4 349.7 344.5 337.9 334.6 327.6 313.4 306.4 299.5 295.3 293.5 287.4 285.4 283.2 281.3 277.1 271 267.6 264.2 260.2 254.9 248.8 244.1 238.3 230.5 221.3 216.1 211.6 206.6 201.2 196.7 192.2 186.9 183.4 179.3 175.5 172.8 171.8 169.4 166.9 165.3 163.4 161.9 160.6 158.1 152.8
228.9 228.6 227.8 229.8 233.8 233.2 229.4 235.3 242.8 248.6 258.2 263.6 266.8 271.5 274.9 278.9 284.3 289.8 294.8 296.7 302.6 307.2 309.8 313.4 318.7 322.5 327.2 328.8 348.1 351.4 353.5 352.9 344.3 336.3 329.5 320.4 310.8 305.1 299.3 295.8 293 290 286.9 283.9 280.7 277.6 273.9 271.2 268.3 263.7 259.9 256.8 251.8 247.5 242.3 235.1 228.8 218.9 214.7 208 202.8 197.9 193 188.6 184.7 182.5 179.5 178 176.6 174.4 172.3 170.1 168 164.6 162.7 156.9 153.9 150.6
230.5 230.3 229.9 234 237.1 237.4 233.9 235.2 240.9 247.9 257.8 263.7 268.8 274.3 278.5 281.7 287.8 294.4 298 299.8 303.9 311 313 314.8 326.9 338.4 336.9 332.3 336 341.2 341.7 341 336.8 331.2 324.8 318.4 312.4 306.7 302.1 300.4 297.8 294.2 290.3 285.5 281.4 277.6 273.7 270 267.3 261 255.8 252.4 249.7 242.5 237.5 230.5 221.6 218.4 212.5 205.9 201.7 196.2 193.1 188.5 184.4 183 181.4 178.1 175.3 175 171.9 168.9 167.2 165.9 163.5 160.8 156.8 156.6
233.7 231.9 233.1 237.6 240.1 240.7 238.5 240.2 243.7 248 254 260.8 269 272.7 279.1 283.3 287.5 296.5 300.8 302 305 314.9 319.9 318.4 321.8 339.1 335.9 335.6 340.9 345 346 342.9 339 334 328 321.5 315 310.7 307.5 304.1 301.1 296.7 291.8 285.2 278.2 275 271.8 270 265.3 262.6 260.9 257.3 253.6 249.8 243.7 237.5 230.4 222.2 214.7 207.7 202.9 198.2 193.6 191.2 186.4 184.1 180.2 178 175.9 174.4 172.4 169.9 167.8 165.8 164 161.1 157.8 157.2
238.4 238.1 239 240.8 242.3 243.5 239.8 244.3 248.4 252.9 257.4 263.9 270.3 273.1 274.9 284.1 290 298 303.8 306.3 306.5 314.4 319.9 321.1 321.7 323.8 327.7 335.5 345.4 349 348.4 345.3 341.6 335.2 328.2 323.1 319.9 314.8 308.1 302.1 300 296.8 291.3 286.8 281.7 278.3 276 274.5 273.4 271.8 271.4 267.8 263 256.4 249.9 242.9 234.9 224.9 215.9 210.8 206.2 200.7 197.2 193.6 188.1 184.1 180.7 177.9 175.7 173.8 173 170.1 167.4 166.3 162.5 161 158.8 156.3
243.6 242.9 244.5 244.9 245.6 246.3 246 247.4 251.2 254.7 258.8 266.4 271.5 277.4 283.8 287 290.6 296.2 300.5 300.1 305.2 315.1 319.3 320.2 323.3 326.7 331.8 336.1 344.8 349.6 347.3 343.7 338.4 332 325.3 318.5 315.3 310.9 309.1 307.3 303.9 300.2 295.5 291.9 289.6 286.7 286.2 287.2 287.5 284.5 280.4 275.7 270 263.8 255.6 247.3 237.6 226.4 219.1 214.6 209.5 202.8 199 194.1 190.2 185.4 182.3 179.1 176.5 174.2 172 169.7 166.8 163.5 163.8 160.8 159.5 156.6
246.9 247.4 252.7 253.5 253.9 253.5 250.7 249.7 252.7 257.2 265.9 269 277.7 279.7 285.4 289.5 291 293 299.5 309.7 317.6 321.2 325.7 328.2 328.8 332 339.2 340.2 340.8 347.7 347 340.3 330.3 329 322.4 317.9 316.2 321 317 313.9 310.9 315.4 314.6 309.9 303.4 301.7 297.5 292.7 290.1 287.2 283.9 279.1 273.8 266.6 259.3 250.5 240.6 230.6 223 216.5 209.8 203.2 200.6 196.8 191.6 186 182.8 178.8 176.2 173.9 168.7 167.8 165.9 166 164.3 160.9 159.3 156.9
251.2 251.1 256.3 257 256.6 255 252.5 251.6 255.2 261.5 270.2 273.4 275.9 282.7 289.7 290.9 291 300.1 313.6 324.6 327.4 331.9 333.2 337.6 341 340.8 339.7 340.1 340.7 345.2 335.2 330.6 329.4 328.5 327.3 334.2 333.4 333.1 331.8 332.4 328 323 317.9 312.6 307.9 304 300.9 296.6 292.6 289.3 285.2 280.6 275 269.4 262.7 254.6 242.2 229.8 221.9 216.1 210.3 206 202.7 196.7 191.8 186.7 182 179.5 176 171.8 170.5 169.7 167.4 167.1 165.7 161.7 159.4 157.4
254.3 247.6 255.3 255.9 255.1 253.8 252.7 252.7 254.4 256.4 260.6 267.3 276.9 287.4 290.3 292.6 297.7 311.5 323.9 332.6 334.3 336.9 338.9 340.6 340.1 340.8 340.1 339.6 342.4 340.7 333.5 330.6 329.8 342.4 349.2 348.5 346.3 342.1 337.6 333.4 328.8 324 318 312.9 308.1 303.2 300 295.8 292.6 290.1 285.8 281.8 276 270.1 264.4 254 239.5 230.6 223.2 216.9 213.8 210.8 205.2 199.9 195.2 189.1 183.3 179.9 176.1 173.7 172.2 170.8 168.3 167.2 165.4 162.6 160.8 159.1
255.6 250 254.9 255.5 254.9 255.1 256.2 260.6 265 266.5 267.7 269 275.7 289.6 294 298.6 305.5 312.7 331.6 336.7 339 340.7 340.2 339.8 339.2 338 337.4 338.8 339.7 335.3 332.9 330.4 330.2 348.9 350.9 347.3 343.8 339.3 335.4 329.9 324.5 319.3 315.2 311 306.8 302.5 299 292.7 291.7 288.8 284.8 281.3 275.1 267.4 257.9 250.5 241.5 230.2 222.2 217.9 216.5 211.5 206.9 203.7 195.6 189 182.9 181.1 179 175.3 173.3 171.1 168.8 167.4 164.8 162.9 161.8 159.9
254.3 255.2 255.6 256.9 258.4 259.4 263.3 268.9 271.3 274.1 276.4 277.7 280.6 290.2 298 304.3 311.1 325.9 337.8 339.3 339.5 339.5 341.1 339.9 339.4 337.4 335.8 336.5 334.9 330.3 328.8 325.8 330.9 343.8 343.7 341.2 338.2 336.5 332.1 327.2 320.8 316 311.6 307.9 305.7 301.3 297.5 288.1 288.8 287.2 282.5 276.4 271.7 267.9 260.8 249.6 243.8 235.8 228.5 222.3 215.2 209.8 206 200.2 190.9 188.8 185.2 183.6 180.7 177 174.2 171.7 169.4 167.5 164.1 162.3 161.3 160.2
258.7 259.2 258.7 260 261.9 263.7 268.8 273.7 279.1 285.3 287 286.4 287.7 301.8 307.7 309.8 316 331.1 335.8 339.4 345 349.7 344.6 341.6 343.7 346.7 341.2 333.2 329.2 328.5 324.5 320.7 323 333.9 337 334.4 331.8 328.7 325.2 320.6 315.1 309.3 304.8 295.3 295 296.8 286.4 278.3 280.1 280.1 283.3 281.9 275.5 269.7 260.4 252.5 244.2 232.3 224.3 218.4 213.4 209.2 201.3 198.2 194.4 189.6 186.7 185.4 181.5 177.7 174.6 171.6 169.3 167.5 164 161.8 158.8 156.5
263.4 262.3 260.6 262.6 265.8 270.6 274.4 278.4 283.9 291 291.9 292.8 298.5 309.5 315.8 318.4 324.4 328.3 334.6 342.2 349.4 347.9 344.8 344.8 345 343.8 340.8 334.7 328.8 323.6 320 313 314 317.1 330.8 328.1 326.2 321.2 309.9 300.8 299 293.5 289.4 285.2 282.2 276.9 273.8 275.7 279.1 282.9 284.7 272.7 261.8 257.7 242.1 236 229.1 222.8 217.9 212.8 208.9 203.1 201.5 198.7 192.4 189.5 187.1 184.4 180.9 177.2 174.2 171.1 166.8 166 161 158.2 155.6 153.4
268.2 266.2 264 268.2 272.3 276.6 277.8 281.1 286.6 293.9 295.2 301.6 310.9 314.8 325.6 329.8 328.8 330.4 334.6 337.9 343.7 347.1 349.5 345.2 345.2 342.5 334.1 330.7 325.7 319.2 318 311.8 305.7 308 308.3 307.5 305.3 302.7 301.3 297.3 294.2 286.9 283.1 279.6 278.2 273.8 279.8 274.9 273.2 267.9 254.6 251.1 241 235.2 232.8 228 222.6 218.9 216.3 208.8 205.8 203.1 199.2 195 190.3 186.7 183.8 179.9 176.9 174.4 170.5 171.3 170.3 167.2 164.5 161.4 160.2 159.1
273 271.2 271.6 272.1 274.7 280 281.4 284.6 291.5 297.2 306 316 318.3 329.6 335 337.3 335.9 333.7 334.9 338.3 342.7 345.2 346.3 340.6 333.4 327 319.4 317 310.8 306.4 303.8 301.6 301.7 303.4 304.4 303.4 302.2 297.3 293.6 287.1 284.5 283.4 280.2 274.8 269.3 263 259 254.8 253.6 248.8 245.5 242 236.9 233.3 231 227.1 221.2 216.5 211.1 208.3 205.5 201.6 197.1 190.8 188.1 186 182.3 178.3 175.9 174.8 173.4 171.1 168.9 166.2 164.6 164.7 163.7 162.8
277 276.7 277.3 278 280.4 284.2 285.9 288 292 306 315.3 320.4 327 334.7 338.9 339.1 339.6 339.2 339.4 340 339.7 339.8 334.8 328.2 321.2 315.6 310.9 306.9 302.8 300.7 298.9 299.6 301.1 296.4 292 291.4 287.3 283.8 276.7 275.2 280.1 278.2 273 269.4 261.4 256.2 251.5 249.6 247.1 244.6 243 239.5 234.1 231.2 229.3 223.9 221.2 215.1 211.7 206.5 203.3 198.7 194.3 188.8 185.7 183.5 181.2 180.3 178.1 176.5 174 170.8 167.6 166.3 165.5 165.8 165.1 164.3
280.9 281.4 281.9 281.6 284.2 287.3 289.5 290.9 299.9 316.2 319.9 324.6 334 338 339.6 340.7 340.1 341.3 341.2 340.6 337.1 334.8 331.3 322.1 314 308.2 307.3 301.6 296.9 296.3 289.7 288.2 285.9 281.5 279.5 277.3 271.3 268.7 265.8 266.9 267.7 260.4 256.2 255.8 253.3 252.3 249.8 245.1 245.6 243.4 242.4 238.8 231 225.7 223.1 218.9 215.4 212 208.3 204.9 201 194 192 192.2 188.1 184.4 182.7 180.9 180.4 177.7 174.5 171 168.4 166.4 165.2 164.9 164.1 163.2
284.6 284.3 285 286.4 288.6 291.6 297.1 301.5 308.4 318.3 334.1 336.7 341.1 341.4 341.8 342.3 344 346.9 342.7 338.8 333.7 329.1 320.7 312.7 305.1 299.8 296.9 292.4 287.2 282 278.8 272.3 276.3 270.6 266.2 264.8 261.9 258.6 258.2 256.1 253.3 251.6 250.2 249.9 248.7 246.8 243.8 243.3 242 239.6 235.6 230.1 224 220.3 214.6 212.1 211.3 206 201.5 199.6 197.6 197.2 195.6 192 189.8 186.1 184 182.7 181.6 178.9 174.9 171.3 169.8 166.9 165.4 163.9 162.2 161.6
288.3 287.5 287.6 291 295 300.4 304.1 307.5 314.4 328.6 338.8 341.1 342.1 343.1 346.1 351.8 352.1 350.5 346.4 340.2 332.6 324.9 317.6 312.8 306.1 296.1 288.4 285 279.6 274.9 271.7 268.1 266.6 264.3 262.2 261.6 258.8 255.3 253.9 252.8 251.1 248.3 247 245.8 243.2 241.6 239.8 236.9 232.2 231.8 228.5 226.4 221.9 216.6 211.4 209.2 208.3 205.5 204 200.8 198.8 197.2 194.3 191.1 189.3 186.9 185.4 184 181.9 178.6 174.4 173.1 170.8 167.5 166.2 164.3 160.6 160.4
293.5 292.3 291.2 297.7 303.8 305.9 308.1 311.3 325.4 337.9 341.9 342.8 343.5 348.6 353.6 353.5 351.3 349.6 348.4 343.1 333.9 324.8 316.5 307.4 297.2 288.8 280.6 274.7 272.2 269.9 267.8 264.8 261 260.1 258.6 257.1 252.8 251.4 251 249.2 248.5 245.9 243.8 241.8 238.5 235.2 230.6 228.5 225.6 225.3 223.3 220.2 216.7 213.2 213.5 211.8 208.1 205.3 202.2 200.3 198.7 195.7 192.9 190.6 188.7 186 184.8 182.8 180.5 176.5 175.7 175.4 171.1 168.4 165.6 162.8 163.5 163.3
297.9 296.9 296.1 305.1 307.1 309.5 312.8 321.5 337.4 341.9 343.2 344.3 347.8 352.1 350.3 349.3 347.9 344.4 342 337.7 330.5 321.2 310.8 298.4 290.1 283.3 276.2 270.3 267.4 266.3 264.6 262.4 258.5 255.3 253.8 251.4 247.5 246.1 244.9 244.4 245.6 244.7 240 236 233.1 230.4 226.2 224.7 220.2 219.6 218.8 216.1 215.2 214.1 211.7 209.3 206.7 202 199.8 198.6 196.9 194.3 192.1 190.2 187.9 185.4 183.2 181.2 178 176.3 174.9 173.2 169.4 166 165.2 165.4 165 163.7
301.6 301.9 303.4 305.7 310.2 315.9 319.4 331.7 341.4 344 343.5 345 350.4 348.6 345.1 342.4 339.8 338.1 334.6 334.6 320.9 308 298.7 291.2 285.2 279 272.5 266.7 262.1 260.2 256 253.4 251.9 249.6 248.7 245.1 242.5 240.5 238.9 239.9 240.7 238.2 235.9 233.2 230.5 228.1 226 224.1 220.8 218.9 216.5 214.7 209.6 208.9 207.3 205.8 201.3 196.9 196.7 196.1 194.5 192.6 189.8 188.1 185.7 183.1 180.5 178.4 175.5 173.8 171.1 169.4 168.4 166.4 167.1 166 165.5 165
305.4 308.8 312.1 314.6 316.6 320.4 328.5 338.5 341.2 342.9 344.4 347.9 349.1 345.6 341.2 337 331 326.2 320.7 311.4 305.8 297.9 291.6 284.5 278.3 272.8 268.2 262.4 255.8 252.1 249.9 248.5 247 245.3 243.4 242.5 239.4 235.4 234.2 234.9 236.8 235.1 233.2 230.2 225.8 226.3 223.2 222.6 220.4 217.5 212.5 207.8 205.4 204.3 203.2 199.8 197.2 195 191.8 192.5 191.1 189.1 187.1 184.2 182.8 179.1 176.4 173.9 172.8 171.4 170.4 168.1 169.4 169.1 167.4 165.9 164.7 164.4
312.7 316.2 319.1 320.7 322.3 329 336.4 339.1 342.2 344.9 348.5 347.3 344 338.5 333 326.2 319 309.2 308.9 305.1 296.4 289 282.8 275.8 270.5 264.5 259.4 254.4 250.3 247.1 245.9 244.8 242.9 241.7 241.1 240.4 238.9 234.5 235 226.4 229.9 229.1 227.8 218.1 213.4 211.8 208.1 219.8 219.4 215.7 211.7 212.3 207.8 203.3 201.8 200.2 197.3 193.7 189.8 188 184.5 183 182.7 180.8 178 174.4 172.9 168 167.7 170.2 170.4 166.2 165.6 165.7 162.3 160.6 160.2 159.5
316.8 317.6 321.3 323.7 325.8 333.6 339.6 338.6 341 340.8 338.9 337.4 335.7 331.5 326.1 314.5 310.6 305.1 299 293.9 285.6 279.7 273.8 268.1 263 257.3 252 248.6 245 243.8 242.4 241.1 240.2 239.5 239.7 239 239.9 239.4 233.9 228.3 222.6 221.9 222.4 223.3 223.6 219.4 207 218 213.7 213.6 216.4 212.1 206.9 204 201.9 194.7 189.7 187.7 186.5 186 184.7 182.8 180.1 178.4 180 179.8 177.5 173.9 164.3 164.4 169.8 164.8 160.7 160.2 158 155.7 154 153.4
314.5 315 317.6 321.1 325.3 328.9 328.9 329.4 329.2 331.2 330 329 330 323.1 314.9 308.2 302.4 294.7 291.1 284.9 277.7 273.3 267.1 261.5 258 255 254.3 249 244.6 243.5 243.2 242.5 240.3 239.9 239.5 239.7 240 237.2 229.9 231.2 232.2 230.7 228.8 226.3 222.5 218.3 211.9 199.9 208.6 207.9 205.4 200.6 199.6 197.8 194.4 190.6 189.8 184.4 183.7 183.5 182.6 182 181.8 179.6 179.8 177 174 169.3 163.5 157.7 160.2 160.7 156.7 153.4 152.8 152.3 150 149.3
310.4 310.1 311.8 316.4 321.1 321.6 318.4 316.9 318.2 315.2 321.6 319.6 316.3 311.4 298.7 298.3 290.6 284.5 281.2 276.5 272 265.6 263.7 261.5 258.6 257 256.1 252.4 248.4 246.7 247.2 246.5 243 241.1 239.5 237.1 235.2 233.2 234.1 236.5 234.5 230.5 227.2 221.9 217.6 213.8 210.5 202 196.1 197.3 196.7 196.9 192.7 189.5 183.4 182.2 179.2 178.2 177.5 177.4 177.3 176.2 175.1 172.6 169.8 165.3 164.4 162.3 159.5 156.9 155.3 150.4 144.6 144.4 146.2 147.6 148.4 147.3
307.7 306.9 306.2 308.6 308.4 309.4 307.6 307.3 305.1 306.4 304.8 303.1 303 295.5 294.4 288.5 283.2 277.9 273.7 268.8 266.3 264.5 260 258.9 257.9 256.6 254.9 254.2 253.2 252.5 250.6 246.8 242.5 239.4 238.9 238.7 238.7 235.7 235.2 234.1 232.6 228.7 224 218.9 214.5 210.6 206.3 201.4 197.5 190.4 197.1 195.8 193.5 191.7 186.4 179.3 174.3 171.8 169.7 167.1 167.3 166 163.9 162.8 158.9 156.2 153.3 152.5 151.5 149.2 147.6 146.9 147.7 147.4 139.1 137 143.6 143.9
305.5 304.7 303.7 301.6 300.7 300.1 299.3 296.4 296.7 297.1 303.2 292.3 292.6 285.8 282.7 277.1 273.1 273 269.1 267.3 260.3 258.5 256.8 255.4 254.6 254.1 253.5 250.7 249.5 248.8 245.4 244.1 241.7 241.1 244 244.1 239 236.6 234.1 232.3 230.3 226.2 222.4 217.5 211.7 206.6 201.9 197.5 194.1 186.3 189.5 188.5 186.8 181.9 177.5 174 171.8 174.5 172.1 171.1 169.5 165.9 165.3 165.6 164.6 163.2 160.4 158.7 156.4 153.7 152.8 151.9 150.8 149.4 147.4 142.4 137.6 142
303 301.6 300 298.5 297 295 293.9 289.5 284 286.1 285.4 282.8 279.1 278 274.1 273.3 270.1 264.2 262.1 260.5 259.3 258.4 256 255.1 255.3 254.1 252.1 249.9 248.2 245.9 244.7 244.4 243 243.7 245.6 241.7 238.6 236.4 233.8 231.4 227.5 222.8 218.6 213.6 208.3 203.1 197.8 192.3 189.6 186.4 184.4 180.7 180.7 178.6 180.9 179.5 176.8 175.1 174.4 173.5 172.1 170.4 168.6 167.1 165.2 163.5 161.6 160 158.4 157.2 155.3 153.2 150.5 148.6 146.8 144 137.5 132.9
