WholeMapElevations/data/ns/ns93_OST50GRID_20230518/NS93.asc
ncols 200
nrows 200
xllcorner 290000
yllcorner 630000
cellsize 50
[rows 70 to 104 of 200, columns 0 to 77 of 200]
245.3 246.4 247.5 248.7 250.9 253.6 257 260.9 266.1 274.4 280.1 284.6 289.9 293.4 296.2 297.9 301.4 311 325.8 341.5 354.3 365.1 370.1 370 366.8 361.8 355 348.2 340.4 332.2 326 320.4 316.3 312.8 308.6 304.1 300.4 295.9 291 285.7 281.4 276.3 272.9 270.1 267.3 264.4 261.6 258.2 255 247.4 248.8 251.5 255.6 255.7 255.7 255.4 254.8 254.8 254.8 255 255.5 256.2 256.9 257.6 258.1 257.6 257.2 257 257.4 257.9 258.5 259.8 260.5 258.5 261.4 262.3 262.4 263
249.2 250.1 251.2 252.8 255.7 258.9 262.5 266.2 271.1 279.8 286 291 294.2 297.3 300.3 304.3 308.2 314.5 327.8 345.2 356.4 363.4 366.4 364.1 361.4 355.6 348.7 342.2 334.9 327.7 320.8 316 312 307.6 304.3 300.9 296.4 292.1 287.7 283.8 279 276 272.5 268.6 265.6 262.8 258.4 255.7 252.6 249.6 250.9 254.3 255.4 256.1 256.4 256 256.1 256.3 256.2 256.6 257.4 258.2 258.1 258.6 259.1 259.3 259.1 258.9 260.3 259.5 260.6 261.5 260.9 260.4 263.1 263.5 264.3 265.1
252.4 253.3 255.1 257.4 260.2 264.7 268.2 271.9 277 284.1 292.3 296.8 299.4 301.6 305.8 309.6 314 320.4 333.2 348.4 357.6 361 360.4 357.6 353.7 347.1 341.3 335.4 328.6 321.7 316.4 311.9 307.5 303.7 300.5 298 293.7 289.2 285.3 282.4 278.4 274.7 270.1 265.6 263 259.4 256.9 253.4 250 249.5 251.8 254.4 255.7 257.5 257.4 257.3 257.2 257.5 257.7 259.5 260.2 259.6 259.3 259.9 260.6 260.9 260.9 261.6 262.4 262.8 261.3 262.5 261.6 263.4 264.6 264.7 267.7 269.8
256.4 257.3 258.5 261.4 264.9 268.6 272.4 276 280.5 288.6 295.7 300.2 303.7 306.4 310.5 315.6 320.1 326.6 337.4 348.5 355 356.2 354.8 350.1 344.7 339.5 334.6 328.7 322 316.3 311.9 307.5 303.9 300.4 297.1 294.4 290.5 285.8 283.2 280.5 276.6 271.9 267.6 263.3 260.6 258 254.6 252.7 250.5 251.9 251.3 253.3 255.9 257.5 258.6 258.5 259.3 259.7 260 261 261.5 261.1 261.3 261.4 262 262.3 262.7 263.8 264.5 263.2 262.5 263.5 264.1 266 265.1 267.9 270.4 273.3
259.6 261.5 262.9 264.9 269 272.6 277.4 281 286.4 292.1 297.9 302.8 308.3 311.6 315.8 321 327 333.1 339.6 347.8 352.1 352 349.6 344.7 339.5 334.3 328.8 322.9 317.5 312.9 308.6 304 300.4 296.9 294 290.9 287.8 284.2 279.1 276.6 271.1 266.3 264.5 261.1 258.8 256.3 253.7 251.6 253.3 253.8 253.2 256.6 259.2 259.9 260.4 260.3 260.8 260.9 261.9 262.3 263 263.3 263.5 262.9 263.4 263.7 264.9 265.6 265.7 264.1 265.1 265.7 267.4 266.6 269.5 272.2 275.5 274.8
263.8 265.5 267.2 270 273.6 277.3 280.1 285.2 290.7 296.1 301.4 306.5 311.9 316.8 322 326.8 332.2 337.5 342.7 349.6 351.8 349.2 345.4 340.8 335.3 330.1 324.8 319.2 314.2 309.7 305.9 301.9 298 294.5 291.6 288.8 285.9 282.9 279.1 274.3 270.2 268.6 265.4 262.2 259 253.9 253.6 254.2 254.5 254.9 254.2 258.2 261.1 261.6 262.4 262.4 262.8 263 263.3 264 264.8 265.3 265.5 264.9 264.7 265 265.3 266.3 266.5 265.6 267.3 269.3 268.5 271.6 274.1 276.7 277.8 276.3
266 267.5 270.6 274.1 278.1 281.6 284.6 289.1 294.3 299.2 304.6 310 315.6 322.1 328.5 332.8 336.7 340.2 345.4 351 350.7 347.6 342.8 336.9 331.3 326.3 320.5 315.9 310.8 306.8 303.1 298.9 295.5 291.8 289.4 286.1 282.5 278.8 275.8 273.1 270.5 267 264.2 261.1 254.8 254.7 256.1 256.3 256.1 256.1 255.9 258.8 262.3 263.2 264.1 264.4 264.8 265.3 264.2 265.8 266.7 267.2 267.6 267.3 266.4 266.6 267.2 268 266.4 268.6 270.3 269.8 274 277.2 279 279 278 279.8
268.5 271.3 273.9 277.8 281.9 285.1 288.6 292.9 297.1 300.8 306.4 312.4 317.8 327.7 333.8 336.5 339.7 342.6 346.9 348.7 346.6 343.4 339.1 333.3 328.3 322.6 316.8 311.6 307.6 303.6 300.3 296.3 292.5 288.6 285 281.1 277.8 276.2 273.8 271 268 264.8 256.9 256.4 255.3 259.1 259.4 258 257.6 257.4 258.2 260.7 264 265.9 266.1 266.4 267.1 267.3 266.3 267.9 268.8 269.2 269.5 269.7 268.7 268.7 269.2 268.9 271.7 273.6 271.7 276.3 279.3 280 280 279.7 282.4 283.6
272.3 274.2 278.1 282 285.4 289.2 293.3 296.1 299.9 303.6 307.8 313.7 321.7 331.6 336.6 339.3 343.3 346 347 346.1 342.8 339.6 334.9 329.8 324.9 319.5 313.9 309.4 305.4 301.5 297.6 293.7 289.5 286.4 282.5 278.7 274.7 274.2 271.7 266.8 264 259.8 257.9 258.7 262.4 263.1 261.2 259.9 259.4 258.8 260.7 264 267 269 269.7 269.4 269 269.1 268.6 269.7 270.8 270.9 271.2 271.5 269.1 269.7 270.4 272.7 275.8 276.9 279.3 281.4 281.7 283.1 281.7 284.1 287 287.9
275.2 277.4 281.9 285.9 289.7 293.5 296.7 299.5 302.9 306.6 310.3 316.4 324.6 333.1 338.5 342.6 345.2 346.5 347.7 341.8 338.1 334.4 330.3 326 320.9 315.7 310.7 307.1 302.3 298.5 294.6 290.4 286.2 282.8 279.7 276.9 272.9 269.7 268 263.1 263.1 258.5 263.5 264.5 264.7 264.5 262.6 262.2 261.1 260.8 263.9 267.4 269.6 270.7 272.1 271.8 271.4 271.5 272.1 270.7 272.4 272.4 272.7 273 274.1 270.2 275 277.5 279.3 280.5 284.1 285.6 285.7 285.2 284.8 288.7 290.5 290.8
279 284.1 288.1 291.5 294.6 297.4 299.9 302.7 306.6 309.9 314.3 320.4 326.9 334.1 340.4 343.5 346.2 346.7 342.9 338.5 334.3 330.2 326 321.9 317.3 312.3 307.4 303.5 299.3 295.6 290 286.5 283.5 279.8 275.8 273 270.3 267.5 264.5 263.4 260.1 265.3 266.8 267.3 266.9 265.4 264.7 264.1 262.2 263.1 267.8 270.6 272.8 274.3 274.6 274.5 274.1 273.7 274.1 273.3 275 275 274.2 276 273.1 275.3 276.5 280.9 281.6 285.5 287.7 287.9 287.2 286.2 287.8 290.4 292 292.7
284.1 288.4 292.1 295.1 297.7 300.2 303.1 306 310.3 314.4 318.7 323.2 328.8 335.5 341.1 342 343.3 341.2 337.7 333.8 330 325.9 321.8 317.6 313 308.4 304.5 299.7 294.6 291.2 286.9 281.7 276.6 275.8 271.7 269.5 267.2 267.9 262.6 260.7 265.4 268.1 268.4 269.5 268.7 268 266.2 265.9 264.2 266.6 271 273.5 275.6 276.4 276.8 277.5 277 277.5 275.8 274.8 275.6 277.2 277.5 278 273.1 277.4 280.1 282.3 286 288.8 288.4 288.9 291.2 292.9 293.7 293.2 294.3 294.6
286.6 290.8 294.5 298.2 300.7 303.1 305.9 310.1 314.3 318.8 321.9 326.4 332.3 336.8 340.6 340 338.5 337.2 333.4 329.3 325.3 321.7 317.6 313.3 308.9 304.1 300.4 295.8 291.2 286.7 281 279.4 275.8 272.6 270.5 268.7 268.2 264.6 263.2 266.8 269.1 269.2 270.2 270.3 269.1 269.6 268.9 266.8 267 272.8 274.9 276.7 279 281.1 280.3 279.7 279.8 278.8 278.2 277.8 277.8 278 278.6 279.4 274.2 279.9 285.1 289.5 290.8 290.9 292.7 294.5 295.5 296.5 297.2 298.4 298.2 298.5
288.5 293 296.7 300.4 303.3 306 309.6 313.4 317.3 321 325.3 330.8 334.8 337.6 338.7 338.2 335.4 333.4 329.6 325 321.3 317.7 313.8 309 302.6 299.1 295.4 291.1 286.7 282 278.2 275.7 273.9 271.7 270.3 268.1 264.4 263.4 270.4 269.7 268.9 269.3 270.7 270.4 270.3 269.9 268.5 269.3 269.5 275 277.7 280.6 282.8 283.2 282.7 282.5 282.3 281 280.5 280.1 279.6 279.7 279.8 280.7 275.8 282.2 287.5 292 293.6 295.4 297.5 298 298.9 299.8 300.3 300.7 301.2 303.1
290.4 295 298.7 302.6 306 308.9 312.6 316.6 321 324.6 329.3 333.6 336.9 338.6 339.2 336.7 333.1 328.7 325 320.6 316.8 312.6 308.9 304.6 299.6 294.1 289.4 284.1 281.6 278.5 276.3 273.8 271.1 267.7 266.3 265.6 266.6 268.8 271.5 272.2 271.9 271.5 270.1 270.6 271.6 271.6 271.2 274.1 272.5 278.2 281.5 284.1 285.7 286.6 286 285.5 285.1 283.4 282.2 281.1 281.3 281.3 281.2 281.3 277.9 284.9 289.8 293.9 296.6 299.1 300.3 300.7 302.3 303.4 303.2 303.2 304.7 306.5
290 297 299.8 304.8 308.1 311.9 315.9 320.5 324.3 327.9 332.7 335 337.8 338.5 337.6 333.9 329.5 325 320.5 316 311.9 307.4 303.5 298.9 294.2 288.7 285 281.2 279.2 276.1 273.3 269.8 268.1 267.7 269.4 270.8 271.7 272.6 273.4 274 274 273.8 273.9 272.3 273.5 272.8 273.9 278.8 277.8 282.3 286.4 288.4 289.5 289.5 289.6 289 287.4 285.5 283.3 282.2 283 283.6 283.2 283 285.7 287.2 290.5 295.3 298.5 300.8 302.2 303.8 305.5 306.2 305.7 307.5 309.6 311.8
295.4 300.2 303.7 307 310 314.4 319.1 323.6 327.1 331.2 334.9 336.8 338.7 337.7 335.7 331 326.3 321.8 316.9 311.7 307.2 302.2 297.9 292.4 287.7 285.3 281.9 279 275.8 271.7 269.8 269 269.7 270.7 273 273.4 273.7 275 276 275.9 276.1 276.4 276.5 276 276.6 275.7 277.7 278.2 282.9 287.2 289.9 291.9 292.5 292.7 292.9 291.5 289.5 287.2 285.9 286.7 284.8 285.4 285.4 287.2 287.2 287.2 289 294.9 299 302.1 304.3 306.9 308.3 308.4 309.8 312.5 315.3 316.9
298.6 302.9 305.2 309 311.6 316.1 321.3 325.9 330.6 334.8 336.7 338.3 338.6 336.8 333.6 328.5 323.3 317.9 312.2 306.5 301.2 295.5 292.3 287.2 284.9 282.3 279.1 276 271.8 272 271.3 273.1 274 274.6 275 276.3 277.7 278.3 278.7 278.2 279.2 279.5 278.6 279.9 278.3 279.3 282.2 281 286.7 290.3 292.3 294.2 295.1 296 295.7 294.2 291.6 288.7 287.9 287.2 287.2 287.7 287.6 287.5 287.2 287.2 287.2 290.2 294.2 300.2 304.1 306.3 306.6 310 313.5 317.5 320.6 322.2
301.1 305.2 306.7 310.3 312.9 317.3 322.4 327.9 332.6 336.4 337.6 338 336.7 333.4 329.9 325.6 319 312.7 305.8 298.8 294.8 291 286.9 284.9 281.5 279.1 276.8 272.5 273.5 273.8 274 275.4 276.5 276.8 278.2 279.3 281.3 280.5 281.2 281.2 281.8 282 280.8 283.3 279.4 283.6 285.8 284.2 288.9 293.1 295.3 297.1 298.6 298.9 298.3 297 293.6 290.5 290.3 289.9 289.8 290.1 289.7 289.7 289.5 287.2 288.7 290.6 292.9 294.9 297.2 299.9 303.2 310.4 317 321.3 325.7 327.5
303.6 306.9 308.4 310.9 314.3 317.7 322.5 328.7 333.3 335.1 336.2 335.6 332.9 328.7 323.5 318.6 311.9 305.1 298.5 295.1 290.8 287.6 284.2 281.8 280.3 277.8 274.6 274 275.6 275.1 276 276.6 277.3 279 280.5 283 283.3 284.5 284.3 285.1 284.6 285 284.1 286.4 281.3 286 290.6 285.1 291.6 296.9 298.8 300.2 301.8 302 301.3 300.2 297.7 295.7 295.1 293.9 293 291.9 293.4 293.2 290.9 287.2 289.5 291.5 293.7 296.3 297.8 299.9 303.7 311.5 320 325.6 329.5 332.5
305.7 309.6 311.9 312.9 315.4 316.6 321.6 327.5 330.6 332 333.2 333.5 328.3 321.5 315 308.8 303.7 297.5 293.7 290.4 287.8 285.1 282.7 280.4 278.6 276.3 275 275.4 277.6 277 278.5 277.8 279.6 282.3 284 285.7 286.7 286.6 287.3 287 288 287.8 289.2 287.4 285.2 288.6 289.8 293.3 292.9 300.3 301.2 302.4 304.4 305.4 304.1 303.3 301.7 300.9 297.8 296.5 294.8 295.7 296.2 294.2 291.2 289.2 290.1 291.7 295.6 299 301.6 304.4 307.9 310.7 320.8 329.1 333.9 337.8
308.4 312.5 315.5 316.1 316.6 316.3 318.3 323 326.5 328.4 329.1 325.9 319.7 314 307.8 302.1 297.1 293.4 290.4 287.4 284.9 285.2 283.2 281 277.3 276.9 277.8 279.1 279.9 279.6 280.2 281.1 282.9 284.8 286.8 288 289.2 289.5 290.7 290.3 291 292.8 290.8 289 289.5 287.2 291.1 296.6 295.6 300.8 302.3 303.8 305.9 307.3 306.4 305.9 304 301.6 302.1 299.1 297.7 298.9 298.4 295.7 292.5 291.2 292.1 294.6 299.1 301.9 305.1 309.1 310.2 319.9 320.1 331.4 338 344.8
310.7 314.8 318.7 320 319.3 317 314.4 315 319.6 322.3 321.4 316.6 310.5 305.7 301.5 297.2 293.6 290 288.8 287.2 285.4 284.7 281.5 280.1 278.3 280.5 280.7 281.3 281.3 282 284 285.6 286.8 287.2 290.2 292.3 293.3 293.7 293.6 294.4 295 296.1 292.5 291.6 291.4 290 291.2 299 297.3 301.6 304 306.1 308 309.4 309.2 308.1 306.5 304.6 302 300.6 301 301.9 301.1 297.2 294.1 293 294.9 298.4 302.4 305.3 309.3 313.1 318.3 320.1 320.1 328.1 339.5 349.3
313.8 319.3 323.5 324.7 323.3 319.7 314.4 310.8 310.6 313.4 311.9 306.5 302.3 299.7 296.4 295 292.8 290.9 288.9 287 285.2 285.1 281.3 279.6 282.3 283.2 282.9 283.6 284.1 285.5 287.3 288.7 289.1 291.3 294.6 295.6 296.2 296.6 296.1 297 296.9 296.4 294.1 293.1 292.6 291.9 292.8 296.4 298 301.5 305.6 308.4 309.7 310.9 310.3 309.3 307.9 305.9 305 303.9 304.4 305.4 303 299.1 295.7 296.2 297.6 301.7 305.1 308.6 312.5 316.9 320.4 320.1 320.1 320.1 335.1 348.5
317.6 322.7 326.8 328.6 327.6 324.6 319.2 315.9 309.9 307.6 305.6 302.9 301.5 300.8 299.1 296.8 294.1 292.3 290.9 287.3 287.9 282.7 282.8 284.6 286 285.8 286.3 286.6 287.8 289.7 290.5 290.6 292.2 296.2 298 298.4 298.8 299.4 299.2 299.2 300.3 296.6 296.2 295.1 294.2 294 294.7 298.4 301.4 304.1 308 310.5 312.1 312.8 312.4 311.4 310.6 309.8 309 305.9 308.2 307.7 303.9 299.8 298.9 301.1 302.4 302.3 307.3 312.7 317.6 321.7 323.9 323 320.1 320.1 328.4 341.6
323.6 329.2 333.5 334.3 333 328.9 323.6 318.5 313.4 310.5 308.3 307.9 307.8 306.7 305.1 302.5 297.3 295.8 292.4 291.5 285.2 289 288.5 288.6 289.2 289 289.6 289.9 290.8 289.2 292.3 294.3 296.3 298.4 300.9 302.3 303.2 302.8 302.5 302.1 303 298.4 297.9 297.6 297 299.7 302.4 300.2 302 306.7 309.9 312.6 313.8 314.5 314.4 314.8 314.4 313.6 312 308.7 310.5 308.7 305.1 302 303.2 304.9 306.8 307.4 309.6 316.8 325 328.6 329.3 326.9 330.1 333.8 325.9 335.5
328.9 335.8 339.3 338.8 337.1 332.2 327 320.6 318.9 318.2 317 315.8 314.8 312.6 310.1 305.4 299.8 299.3 294.9 290.8 289 292.4 293.1 292.7 292.6 292.8 293.1 293.1 293.3 292.7 295.7 298.1 300.6 302.6 304.2 305.8 306.4 306.7 307 304.9 303.1 302.4 300.4 300.2 299.2 302 304.3 303.5 306.2 308.2 311.9 314.6 315.9 316.4 317.9 318.8 318.4 316.6 313.7 313.1 312.6 310.2 307.4 307.3 308.6 309.4 311 311.7 312.4 317.7 324.6 332.3 334.6 330.6 336.7 343 344.1 329.2
332.3 340.2 345.2 344.1 340.2 334.9 328.8 325.2 324.6 324.6 322.8 321 319.9 318.1 314.5 306.3 303 299.5 294.8 293.2 295.9 297.1 296.5 295.9 296.7 296.9 296.7 295.7 297 295.4 298.2 301 302.9 305.1 307.2 309.2 309.6 309.9 308.7 306.5 305.9 305.1 302.3 302.6 303.5 304.8 306.9 307.1 308.8 311 313.9 316.4 318 320.2 322.3 323.4 322 319.5 318.5 317.3 316.9 315.1 312.5 312.9 313.9 314.9 315.6 316.3 316.2 320.3 325.3 334.1 339.7 337.1 341.8 348.6 352.6 344.5
335.1 345.9 349.9 346.8 342 335.1 332.6 332.2 332.1 331 328.1 326.5 323.7 320.9 316.7 307 302.3 294.3 294.9 298.5 299.7 301 300.4 299.6 300.8 300.9 299.9 299.3 299.1 298.8 300.6 302.7 304.7 307.2 310.9 312.5 312.4 311.7 310.1 308.9 308.4 306.5 304.7 307.1 305.9 303.9 309.8 311.4 311.4 314.4 316.8 319.6 322.3 325.2 327.5 327.4 326 324.1 323.4 322.8 322.2 321.7 319.4 319.8 320 321.2 322.3 322.6 322 323.1 328.8 335.1 342 343.8 345.1 352.6 361 359.1
339.1 349 352 348 342 337.4 340.2 339.3 338.6 336.4 332.8 330 325.7 320.6 312.6 305.9 297.9 302.2 301.5 303.7 304.3 304.3 305.3 305.7 305.9 304.4 303.2 302.6 302.8 302.8 303.4 304.3 307.3 310.7 314.9 316.1 316.1 312.8 312.2 312.5 310.9 309.2 308.8 309.6 309.8 308.7 311.8 313.4 314 316.7 319.8 323 326.9 330.4 332.7 332.5 331.1 329.8 329.6 329.7 329.3 327.9 327.7 328 328.8 330.1 330.5 329.3 328.4 328.4 334.1 339.8 346.5 350.3 348.8 355.6 365.4 369.7
340.2 348.9 351.3 346.9 343.8 344.4 346.2 345.8 343.5 339.3 335.8 332.1 327.4 318.1 310.5 300.9 305.8 307.8 307.4 308.1 308 308.7 309.8 310.3 309.8 309 307.4 305.6 305.8 305.9 305.6 307.3 310.8 316.2 319.7 320.8 319.3 314.5 316 314.1 312.3 312.1 312.2 312.5 313.4 310.7 314.3 315.4 316 319.5 323.4 326.8 332 336 337.7 337.9 336.9 336.5 337.6 338 337 336.7 336 336.1 338.5 340.3 339.1 337.2 335.6 337.6 339.6 345.6 353.6 357.7 356.6 358 367.3 374.9
338.8 345.2 347.3 347.7 348.4 350.3 350.8 350.2 347.2 341.5 337 330.8 322.7 312.9 303.3 307.8 311.4 312.2 311.8 312.7 314.1 314.4 314.7 315.5 315.6 313.7 311.5 308.4 308.5 309.2 309.1 311.7 316.9 322.1 324.5 325.6 324.9 318.3 317.2 316.4 314.9 314.7 314.9 316.6 316.5 315.9 317.1 318 318.9 323.2 328.8 332.8 337.8 341.5 342.9 342.9 343.1 343.9 345.4 345.4 345.4 345.7 345.9 345.9 347.9 349.7 349.3 347.6 348.2 348.9 350.8 358.6 363 366 365.3 363.1 370.1 380.4
338.4 344.8 350.9 352.3 354 355.3 355.5 354 349.6 342.7 336.4 329.4 318.1 307.1 311.5 314.8 316.3 316.2 316.2 317 319.9 320.7 322.7 322.3 321.5 319.5 316.9 313.7 312.3 312.3 313.3 316.9 322.6 327.3 330.1 331.1 331.3 327.5 319.6 320.6 318.2 317.6 318 320.6 317 321.4 322.6 321.7 322.1 326.5 332.9 337.7 343 346.4 348.3 349.2 350 350.4 353 353.7 357 356.7 357.3 359.5 361.3 362.1 361.8 363.5 362.1 358.9 362.4 369.6 374 375.3 374.5 368.7 374.4 386.7
342.1 350.5 354.7 357.2 358.8 358.7 357.2 353.7 346.9 341.3 334.4 325.6 314.7 309.5 315.2 319.6 320.5 320.8 323.4 324.5 327.2 328.7 329.6 329.6 329.4 326.5 323.2 319.6 317.4 316.5 318.5 323.9 328.6 333.8 336.1 338.6 337.8 334.6 328.8 322.7 320.2 322.2 324 322.8 327.9 329.1 328.3 326.1 326.3 330.8 337.4 343.1 348.1 353 354.9 356.6 357.2 357.4 361.5 363.8 366.9 367.6 368.8 370.9 375.6 380.7 382.2 381.3 374.5 371.1 372 380.2 386.1 387.1 385.6 380.5 382.3 395.5
348.9 354.6 360.1 362.3 361.6 360.4 358.5 350.7 345.2 338.8 330.5 319.8 312.1 314.9 320.7 324.2 326.4 327.4 330.2 333.7 335.7 337.5 337.7 338.2 336.6 334.3 331.1 327 323.4 324.4 325.6 329.2 335.4 340.1 343.6 346.6 345.2 340.4 332.8 325.3 327.9 329.8 328.9 332.3 335.1 336.4 334 332 329.7 335 343.3 350.2 355.7 360.1 362.6 365.2 365.8 367.7 375.1 380 382.6 382.9 383 388.7 394.4 399 401.7 400.4 393.6 388.1 386.9 394.5 402.4 402.5 399.6 394.5 391.4 404.1
