WholeMapElevations/data/nt/nt82_OST50GRID_20230518/NT82.asc
ncols 200
nrows 200
xllcorner 380000
yllcorner 620000
cellsize 50
[rows 0 to 34 of 200, columns 0 to 77 of 200]
173.3 177.7 181.9 185.4 189.3 195.1 200.8 206.4 209.3 211.9 216.2 215.9 212.2 206.7 202.8 202.1 204.4 208.7 214.3 220.6 222.3 223 224.8 216.5 212.1 211.7 208 205.9 203.4 204 204.3 209.6 213.5 215.7 216.4 221.2 224.9 234.6 238.9 240.1 240.2 242.7 244.1 252.3 257.7 250.5 245.3 234.8 225.9 219.3 213.4 209.6 206.5 203.2 201.1 200.8 198.6 193.2 186.5 177.6 167.5 158.9 154.1 149.1 140.8 128.6 114.2 99.4 89.7 89.2 88.6 89 88.7 89.1 89.3 89.6 89.8 90.5
179 183.4 187.9 192.6 198.7 204.2 211 214.1 216.4 219.4 219.3 215.7 211 205.3 200.9 202.2 205.6 208.6 213 216.2 215.8 214.7 211.6 202.8 198.2 197.7 197.4 196.8 195.8 198.5 205.8 212 214 219.2 223.2 227.8 231.8 238 241.6 243.4 246.6 246.9 250.3 258.3 252.5 248.6 238.6 228.2 218.7 211.4 205.1 201.5 198.1 195.6 193.7 194 191.1 186 180.3 172.8 163.5 157.3 152.6 147.7 138.4 126 111.1 97.4 89.7 89.2 89.3 89 88.8 89.4 89.4 90 90.5 90.9
185.2 190.1 193.4 198.4 206.3 214.6 218.3 219.9 222 223.3 221.5 216.9 209.6 203.1 198.6 201.8 203.8 206.6 209.8 210.2 208.2 200.6 194.1 188.7 186.5 187 187.5 187.1 189.9 200 211.4 214.4 217.3 223.8 227.7 232.2 235.1 237.3 244.7 249.7 253.2 250.2 250 249 246.7 240.3 230.9 221.9 211.4 204.2 199 193.4 190.2 187.1 186.6 185.5 182 178.7 174.3 167.4 161.6 156.3 151 144 133.5 120.8 108.1 91.7 89.8 88.3 88.8 89.1 89.1 89.3 89.5 90.1 90.7 91.2
190.5 194.6 199.6 206.6 218.9 222.9 224.2 225.7 226.2 225.5 223.4 215.3 206.9 200.9 197.2 199 201 204 205.5 204.2 198.3 189.2 182.8 178 177 175.9 175.7 178.2 189.3 202.7 212.8 212.8 221.3 227.1 231.9 235 234.5 239.9 249.8 257.4 260 252 247.4 242.2 239.5 233 224.7 214.9 205.7 197.8 193.1 188 183.5 180.4 179 176.8 174.4 172.7 169.1 164 158.8 153.8 148.6 141.3 129.2 115 103 91.9 89.9 89.5 89.1 88.9 89.1 89.1 89.7 90.2 90.7 91.5
196.4 201.6 208.9 219.4 229 229.5 228.7 226.6 227.6 228.8 222.6 214.3 205.7 198.8 194.6 196.4 198.2 199.9 198.8 194.1 187.5 180.8 174.3 169.4 166.1 163.1 164.1 175.6 189.2 199.4 207 210.8 221.5 227.7 237.8 236 235.8 245 255.4 264.8 261.1 253 243.8 237.2 231.9 225.6 217.5 206.8 199.2 193 187 182.5 178.1 174.7 171.6 169.7 167.7 165 163.4 159.7 155.2 150.7 145 136.7 125.2 111.3 97.7 90.5 90.4 90 89.7 89.3 89 89 89.6 90.3 91 91.9
204 211.8 222.7 231.1 232.2 232.6 229.1 228.2 229 226.8 221.2 213.3 204 196.3 191.4 193.2 194.3 194.7 192.1 187.3 180.6 173.7 166.8 160.3 154.3 149.7 162.2 169.5 185.4 194 201.5 206.3 218.2 228.6 237.6 236.4 239.2 249.1 259 268.1 261.4 252 240.4 232.3 226 218.8 210.4 201.5 193.8 187.7 182.9 178.1 173 169.6 166.5 163.5 159.3 158.3 159.2 154.8 150.6 146.6 141 131.8 120.4 107.6 93.2 91.1 91 90.6 90.2 89.9 89.3 88.9 89.7 90.2 91 92.3
213.5 224.2 233.2 235 235.1 232.1 228.9 227.9 226.9 223.6 219.1 211.4 199 192.6 188.5 188.8 188.3 188 185.7 180.8 174.3 166.6 158 151.6 146.3 145.6 151.5 164.5 173.7 185.2 193.3 199.9 213.8 226.6 233.9 234.6 237.7 248.9 258.9 264.8 265 250.1 234.9 227.2 221 213.2 205.2 197.3 189.6 183.1 177.7 173.1 169.1 165.4 162.4 157.1 152 153.5 155.5 146.6 145 141.6 133.2 123.1 115.7 102.2 91.7 91.6 91.3 91 90.7 90.3 90 89.3 89.8 90.4 91.4 93.3
221.4 232.6 233 234.5 232.7 229.4 227.4 226.1 226.1 223.2 216.4 205.9 196 189.4 185.6 177.9 181.1 181.9 179.6 174.7 169 159 149.6 143.7 139.6 139 144.4 153.2 163.3 175.3 184.5 195.9 209.6 221.7 229.4 228.7 233 247.6 259.3 261.1 259.2 243.4 229 221.9 215.7 208.8 200.5 192.1 185.3 178.6 173.3 168.6 165.7 163.3 159.3 151.6 146.8 147.4 145 137.5 134.4 130 124.9 115.4 105.8 96.6 91.8 91.8 91.5 91.2 90.8 90.4 89.8 89.7 90.2 90.7 91.6 94.3
226.3 228 229 229.4 228.1 225.6 224.7 225.4 226.4 220.9 213.1 203.2 194.2 186 177.5 162.6 172.7 174.6 172.9 166.8 158.5 147.5 141 137.1 134.3 134.2 138.8 146.1 155.4 167.2 178.9 192.8 205.1 215.6 223 223.7 229 243.7 253.1 253 248.3 233.7 224.8 216.8 211 204.7 196.9 188.3 180.2 174.9 169.7 165.4 162.7 160.8 155.4 146.1 141.8 143.2 141.1 136.3 132.7 124.2 110.7 105.9 99 92.3 92.1 92 91.7 91.4 91 90.6 89.9 89.8 90.3 90.6 90.9 96.4
217.4 220 221.1 222.8 222.4 221.9 221.5 222.7 221.9 218.6 211.2 202.3 188.6 179.1 167.9 156.2 163.6 164.5 162.2 155.8 146.8 139.4 134.7 131.7 130.2 131.6 135 141.5 151.4 165 178.2 188 197.2 207.3 215.6 217.4 222.5 236.2 244.7 245.4 238.7 229.4 221.2 212.8 206.8 200 190.7 182.2 176.6 171.7 166.4 163.7 161.9 158.4 149.6 139.6 137.6 136.8 134.5 131.7 127.4 120.1 110.3 103.6 96.8 92.5 92.5 92.2 91.9 91.6 91.2 90.8 90.3 90.1 90.2 90.6 91.3 94.8
201.5 205.6 209.4 212 213.7 214.5 215.5 218.1 218.4 214.8 208.7 191.8 180.8 168.8 158.6 145.8 154.1 153.4 149.6 144.4 137.9 132.7 127.2 127.7 126.4 129.2 133.3 140.1 148.9 163.1 176.8 181.2 191.2 199.3 206.6 210.6 217.2 229 239.2 240.2 233.6 226.9 218.3 209.2 200.5 192.5 184.9 178.9 173.8 168.5 164.1 161.8 159.9 154.3 143.7 135.6 132.3 132.3 129.8 126.5 121.3 114.9 107.4 99.3 93.6 93 92.9 92.3 92 91.8 91.4 91 91.2 90.2 90.4 90.9 92.8 95.3
186 190.3 194 196.9 200.1 203.5 205.8 211.5 207 202.8 192.2 181.6 171.5 159.9 151 140.6 143.1 141.5 139.5 135.2 130.5 127.3 125.2 123.8 123.7 128.1 132.7 138.8 150.2 161.5 169.1 175 183.6 191.9 199.1 202.2 210.3 222.6 234 234.8 231.5 224.2 214.3 204.5 195.3 187.3 180.8 176 171.4 165.8 162.5 160.6 157.8 149.3 137.8 133.4 128.3 126.5 124.5 121.6 114.7 108.4 100.1 94.5 93.7 92.9 92.8 92.5 92.1 91.8 91.6 91 89.3 90.3 90.4 90.8 96.2 98.7
175.1 175.4 177.5 181.6 187.8 191.6 194.1 194.3 186.2 184.6 178.7 170.9 161.1 152.6 144.8 138.7 132.5 132.3 131.4 129.4 125.7 123.5 122.4 118.2 122.9 127.4 132.9 137.8 150.9 158.4 163.6 168.8 176.4 185.4 192.2 197.4 204.1 217.2 227.6 228 226.1 219.2 210 200.5 191.1 185.1 179.7 173.8 168.2 163.4 161.3 159.5 150 142.7 134.3 131 126.8 120.2 121 117 108.1 100.2 95.1 94 93.3 92.8 92.3 92.4 92.2 91.7 91.4 91.1 90.8 90.9 90.6 94.8 100.3 101.7
170.3 169.1 169 170.8 175 178.6 178.4 175.3 172.8 170 166.6 160.6 152.5 145.9 138.5 132 122.4 123.8 125 123.8 121.9 120.2 117.4 120.6 123.7 128.7 133.2 139.8 147.4 155 160.3 166.2 173.5 181.6 189.9 194.1 200.5 211.8 219.8 220.9 220 215.9 207.6 197.8 188.8 184.4 178.8 172.1 165.9 161.2 159.6 154.7 147.3 138.5 133 127.8 121.8 115.6 109.4 105.6 99.4 94.6 94.7 94.2 93.2 92.9 91.7 92 91.9 91.8 91.5 91.7 91.2 91.4 93.4 101.2 104.3 104.4
166.7 163.1 161.2 161.3 163.6 164.9 164.1 162.5 160 158.6 155.4 150.6 144.2 138 132 127 121.6 118 119.1 117.4 117.7 115.1 114.7 119.3 125.2 129.4 134.5 144 150.9 155.1 159.6 166.7 173.9 182.6 188.5 191.4 196.3 206.3 211.1 214.9 212.7 209.1 201.8 193 188.6 184.4 177.1 170.1 164.9 159.4 154.1 151.3 143.5 136.1 130.7 125.6 116.6 107.2 99.1 97.1 94.5 94.5 94.4 94.3 93.3 91.9 92.4 92.2 92.1 91.6 91.2 91.4 91.7 92.5 100.3 105.9 108.2 108.8
161.2 156.3 153.1 152.5 152 152.2 151.8 149.2 147.8 146.6 145.5 141.3 135.1 128.9 123.7 119.9 117.3 112 114.2 114.4 113.6 109.9 113.9 119.8 124 128.6 135.1 145 149.8 151 155.7 166.1 174.2 182.4 185.2 189.3 192.6 194.7 197.8 203.7 202.8 199.2 196.2 189.6 187.5 182.2 174 167.2 162.8 160.6 161.2 146.2 140.3 134.9 130.5 122.5 109.8 101.8 96.5 95 94.6 94.6 94.4 93.9 91.9 93.6 92.8 92.3 92 91.8 91.7 91.8 92.3 94.7 104.2 110.5 112.6 114.3
155.5 149.4 144.4 141.9 141.1 140.3 138.6 136.8 136.4 136.8 135.9 131.9 125.4 118.6 113.7 111.6 108.5 109 108.9 109.4 107.7 106.3 112.1 115.9 121.2 126.1 133.4 141.4 144.5 145.7 152.4 165.1 172.7 180.3 179.1 182.4 184.7 183.7 187.3 191.2 191 190.3 187.7 185.8 183.9 178.6 168.2 164.8 161.9 161.3 156.8 145.6 137.7 130.4 127 116.9 102.6 95.4 95.2 94.9 94.5 94 94 94.1 93.3 93.4 93.1 92.3 92 91.9 92.2 92.6 94.5 101.1 110.2 115.6 117.7 120.5
146.8 142.1 137.6 132.9 132 131 129.7 128.9 127.6 127.6 126.1 119.1 113.4 108 105.7 104.3 104.2 105.7 105.1 104.1 104.7 104.2 104.3 105.4 112.1 115.8 124 131.5 134.9 140.6 148.6 162.6 169.6 172.1 172.3 175.5 175.7 175.7 177.8 180.3 180.6 184 181.3 181.2 179.9 174.1 166.7 164 159.4 155.4 149.7 139.3 132.9 126.7 113.5 105.4 95.7 95.6 95.2 94.9 94.5 94.1 94.1 94 93.8 92.4 93.2 92.5 92.4 92.1 92.7 94.1 99 107.4 116.1 120.4 123.1 128.5
136.5 133 127.9 125.3 124.8 124.2 123.1 122.1 119.2 118.3 116 109 106.1 104.5 103.1 101.8 102 103.1 103 102.7 102.8 102.7 102.3 101.5 102.8 105.5 112.2 119.5 125.1 134.6 144.2 158.5 163.6 164.4 164.5 165.8 166.1 167.5 168.7 170.9 171.6 175.7 175.8 176.1 174.3 170.8 166.8 161 154.2 148.1 142 133.1 127.4 120.7 109.9 97.6 95.7 95.8 95.4 95.3 94.9 94.5 94.7 92.9 94.1 93.7 93.3 92.8 92.7 93.6 93.2 95.2 104.2 113.6 121.1 125.7 130.1 136.7
117.2 117.8 115.9 117 118.1 118.3 118.3 115.6 113.2 111.8 108.1 104.7 103.9 103.3 101.9 99.9 99.6 101.3 100.9 101.4 100.8 100.7 100.7 99.9 100.4 101.2 104.9 109.7 118 128.4 137.7 148 153.4 155.1 155.5 155.7 156.4 157.1 159.9 161.7 164.2 168.6 171.2 171.6 169.9 167.8 163.6 155.8 148.2 141.7 134.8 128.3 120.9 112.9 100.7 95.9 95.9 95.8 95.5 95.8 94.1 94.6 94.4 94.3 93.9 93.8 93.4 93 92.5 92.3 94.7 102.7 110.2 119.4 126.7 132.3 139.1 144.2
121.5 112.8 110.3 110.1 113.9 115.1 114.4 112.7 111.5 108.9 105.3 104.3 103.5 101.1 99.3 99.1 98.6 98.9 98.9 98.9 98.9 99.7 99.2 98.9 98.8 99 101 103.7 110.1 119.1 128.8 135.4 141.8 143.9 143.7 144.3 145.1 148.9 152.3 154.7 158.3 162.4 166.4 166.6 164.7 160.9 155.9 149.8 142 135.8 129.2 121.5 113.7 102.4 96.3 96 96.1 95.6 95.5 94.9 99.6 98.1 95.2 94.5 94.1 93.3 93.3 93.1 92.8 93.9 99.8 108.2 116.3 125.5 132.3 139.8 148.2 149.1
123.5 118.6 115.7 112.2 109.6 110.8 110.7 110.1 109.6 108.2 105.3 104.4 101.1 99.1 98.9 98.7 98.6 98.9 99 100.6 98.8 99.5 99 98.6 98.3 98.1 98 98.7 100.9 107.2 116.7 122.6 129.6 130.2 132.2 135.1 136.5 141.4 144.9 148.5 153.9 156.1 158.5 158.9 157.4 154.4 149.1 144.6 135.5 129.7 123.6 113.6 103.6 96.3 96.6 96.7 96.1 95.8 95.1 101.8 101.5 98 95.9 94.5 94.1 92.7 93.2 93.5 95.6 99.6 106.7 113.9 123.2 131.1 138.7 148.5 155.2 154.4
120.2 117.1 115.2 112.8 108.1 108.2 108.9 109.1 107.7 106.9 105.3 101 101.2 100.2 99 98.7 98.5 101.6 105 105.2 103.6 99 98.4 98.1 98.1 98.1 98.3 98.4 98.3 98.5 102.1 107.5 113.7 114.6 121.5 126.3 127.9 134.4 138.4 144.3 149.4 148.6 150.5 152.4 151.6 148.1 143.7 137.8 129.2 122.9 114 103.5 96.8 96 96.1 96.4 96.1 95.8 95.3 98.4 99.5 98 95.3 94.8 94.3 94 93.8 95 99.7 103.4 110.6 120.1 129.4 137.2 145.2 156.8 160.5 159.7
118.6 117 114.1 109.8 108 107.4 107.5 108.2 107 105.6 100.4 100.2 101.1 101.7 101.6 99.6 99.9 105.1 105.6 105.4 104.2 103 98.5 98 98.2 98.2 98.3 98.2 97.9 98.1 98.5 99.7 101.8 105.4 110.5 115.2 118.5 127.4 133.8 139.9 142.6 142.1 145.2 147.2 144.4 142.2 137.1 128.8 122.7 114.2 99.9 97.2 97.3 97.1 96.6 96.4 96.1 95.6 97.1 96.8 98.2 95.9 94.9 95.1 94.6 94.3 94.4 98.7 102.5 106.5 116.7 126.6 135.5 143.1 153.2 164.1 166.4 164.9
118.3 115.8 109.8 106.5 106.2 106.2 106.1 104.7 104.7 103 100.8 100.5 102 100.3 100 98.8 101.8 105.5 105.6 105.6 105.1 103.1 99.5 99.8 98.5 98.4 98.1 97.8 97.7 97.6 98.1 98.7 100.5 102.9 105.7 109.5 113 118.6 129 132.8 137 136.6 132.7 136.2 135.3 133.3 129.5 121 109.8 95.2 97 97.7 97.4 97.4 96.9 96.6 96.3 96.5 97 97.5 98.5 96.4 95.6 95 94.9 94.9 94.7 99.9 103 111.3 123.4 133.1 141.3 150.1 161.3 169.9 172.2 171.4
117.9 113.5 106.5 105.1 105.2 105.7 106 102.4 102.1 101.8 100.8 100.4 101.6 100.6 99.3 99.6 103.9 105.4 105 105.5 104.8 101.6 100.6 100.9 100.6 99.3 98.3 97.7 98.1 98 98.3 98.4 99 102 104.4 106.1 107.5 112.1 120.8 125.7 129.5 130.4 123.9 124.4 124.7 123.4 116.8 101 97.8 97.9 97.9 98.9 97.8 97.7 97.4 97.3 97.5 97.7 97.4 97.3 97 96.5 95.2 95.4 95.2 94.7 94.7 99.7 106.9 117.3 130.3 140 147.6 159.2 171.6 176.9 178.6 177.3
116.7 111.9 104.4 104.8 104.5 104.2 103.6 103 103.4 102.4 100.9 99.9 99.6 99.4 99.9 104.1 104.9 104.5 105.9 105.6 101.9 101.7 102.5 102 101.2 99.6 98.4 96.9 98.6 99.1 100 100.6 101.1 101.9 102.7 103.2 103.3 106.3 113 116.5 120.3 120.3 118.1 113.7 114 113.6 99.1 98.5 98.3 98.3 98.4 98.4 97.5 98 98.2 98.2 98.3 98.1 97.8 97.2 96.6 96.3 95.9 95.6 95.4 94.8 95.3 102.5 112 123.5 136.7 145.7 154.5 168.5 179.2 183.5 184.1 182.2
115.2 109.4 103.7 103.5 103.7 103.8 103.7 103.6 103.9 100.6 101.5 100 99.4 99.4 104.5 106.5 107 107.7 110 110.9 111 109.5 106.9 105.5 102.8 99.9 99.3 99.4 98.4 97.9 98.4 100.2 101.8 101.6 101.8 102.1 102.1 101.9 103.7 107.9 111 110.3 106 104.1 103.3 97.1 98.9 98.8 98.7 98.7 98.6 98 97.8 98.2 98.4 98.6 98.7 98.5 97.7 97.1 96.1 95.9 95.6 95.6 95.6 95.3 95.7 106.3 116.6 129.1 142.6 151.5 161.3 175.7 184.5 190.4 189.9 186.6
113.7 106.9 103.2 102.7 102.4 103.7 104.1 104.5 103.5 99.6 100 100.5 100.3 102.7 106.4 108 109.8 113.8 116.3 117.7 118.7 119.1 117.3 114 107.9 102.2 102 102.4 101.6 100 98.1 98.1 100.6 100.6 101.3 101.6 101.8 101.5 100.6 100.1 100 99.6 100.1 98.9 99.7 99.2 99.3 99.4 99.1 99.1 99.1 98.1 99 98.5 98.7 98.8 99 98.5 97.7 96.1 96.4 95.9 96 95.9 96 95.4 102.2 110.2 120.7 134.1 147.5 156.7 167 179.7 191.4 196.6 192.9 184.2
112.2 105.9 103.4 102.5 102.5 103.1 104.5 104.8 101.4 99.5 100.9 101 98.1 106 108.8 111.4 115.4 119.8 122.2 124.2 125.2 127 127.9 125.4 116.6 108 104.6 104.1 102.2 99.3 98.5 97.7 97.7 99.8 100.5 101.1 101.2 101.1 100.5 99.9 99.3 98.8 99.9 99.9 99.8 99.5 99.7 99.9 99.6 99.5 98.7 98.9 99.5 99.2 99.1 99.3 99.3 99 98.2 97.6 97.2 96.7 96.4 97.3 97.3 100.8 104.1 112.8 125.1 138.9 151.6 161.8 171.5 184.5 198.6 200.7 194.3 181.6
112.6 107.2 102.4 102.2 102.2 102.5 102.9 102.1 102 100.2 100.8 99.5 101.5 110.4 112.9 115.9 120.7 124.9 128 130.1 132.2 134.3 135.7 133.6 125.1 114.8 107.8 104.9 100.9 98.1 99.5 99.9 97.6 97.8 100.4 100.7 100.4 99.8 98.5 97 99.4 99.7 99.9 100.1 99.9 99.9 99.9 100.2 100.4 100 100 100.3 100.1 100 99.7 99.6 102.2 102.3 98.6 97.5 97.2 97.2 97.1 97.9 100.7 104.7 108.3 117.3 128.8 142.2 155.2 166.2 176.3 191.5 205.2 203.2 192.2 180.5
113.8 110.6 106.6 102.5 101.5 100.8 100.7 100.5 99.1 98.7 99.5 99.5 106.1 110.6 114.1 119.9 125.7 129.9 133.4 135.9 139.2 141.7 141.8 138.8 130.5 121 112.8 103.9 99 98.2 98.8 101 98.5 97.8 97.2 100.7 98.1 97.5 98.4 99.2 99.7 100 100.3 100.4 100.2 100.2 100.2 100.2 100.6 98.8 101 100.2 100.7 100.4 100.2 109.5 109.5 106 101.1 98.1 97.7 98 100.3 101.2 103.2 106.8 111.5 121.8 132.9 145.8 158.7 170.1 180.7 198.8 206.8 203.9 190.5 178.6
114.5 110.9 106.4 102 100.8 100.4 100.4 99.9 99 99.3 98.3 102.6 109.2 113.7 118.8 125 130.1 134.4 138.2 142.3 145.9 148.1 145.7 141.4 135.5 127.6 114.1 106.5 100.9 98.8 98.9 100.5 100 98.2 97.7 98.1 98.6 101.5 99.8 100.2 100.4 100.4 100.5 100.6 100.7 101 101.3 101.7 99.3 100.4 100.7 101.1 100.8 101 110.5 111.1 111 109.7 103.6 97.4 97.7 101 103.6 105.7 107.4 110 116.8 125.9 137.5 149.8 162.4 174.6 189 204.5 205.7 198.3 186.5 174.6
115.1 111 105.4 99.8 100.8 100.2 100.8 101.4 99.4 99.6 101.7 106 111.5 116.3 123.1 130 134.8 140.3 144.5 149.7 150.9 152.1 149.2 144.9 137.7 128.9 118.7 110.6 103.9 100.6 100.2 101.1 100.4 99.4 99.6 101.9 104.6 104.8 104.7 108.2 102.4 100.8 101.5 101.4 101.2 101.2 101.5 100.3 99.8 101.1 101.1 101.4 101.6 104.5 111.3 111.8 111.9 111.2 105.8 98.9 101.2 104.1 106.6 108.9 110.5 114.2 120.8 130.8 141.7 153.6 165.6 177.7 194.6 202.8 201.5 193.6 182.4 171.3
116.1 111.4 104.8 100.9 99 100 100 100.2 100.2 102.7 104.9 108.4 113.6 119.6 127.8 134.3 139.6 144.8 150.1 154.5 155.5 154.1 150.6 146.5 139 128.2 120.7 111.1 107.1 103.8 103.1 102.8 103.3 104.5 105.3 109.1 111.7 111 109.2 110.4 106.6 107.6 108.1 106.3 101 101.5 100.6 101.3 101.3 101.3 101.2 101.7 104.9 111.2 112.3 113 112.7 108.7 105.7 101.4 103.4 106.6 109.5 112.3 114.5 117.5 125.2 136.3 146.3 157.6 169.2 181.8 194.7 199.7 196.8 188.3 176.5 165.8
