UK/data/sh/sh78_OST50GRID_20230518/SH78.asc
ncols 200
nrows 200
xllcorner 270000
yllcorner 380000
cellsize 50
[rows 114 to 151 of 200, columns 84 to 167 of 200]
-2.3 -2.3 -2.3 -2.3 -2.3 -2.3 -2.3 -2.3 -2.3 -2.3 -2.3 -2.3 -2.3 -2.3 -2.3 -2.3 -2.3 -2.3 -2.3 -2.3 -2.3 -2.3 29.6 46.7 96.9 96.5 85.3 124.2 144.9 147.8 146.9 142.6 149.1 145.3 131 112.2 102.8 92.2 66.5 56.4 51.3 -2.3 -2.3 -2.3 -2.3 -2.3 45.7 46.3 40 -2.3 -2.3 -2.3 -2.3 -2.3 -2.3 -2.3 -2.3 -2.3 -2.3 -2.3 -2.3 -2.3 -2.3 -2.3 -2.3 -2.3 -2.3 -2.3 -2.3 -2.3 -2.3 -2.3 -2.3 -2.3 -2.3 -2.3 -2.3 -2.3 -2.3 -2.3 -2.3 -2.3 -2.3 -2.3
-2.3 -2.3 -2.3 -2.3 -2.3 -2.3 -2.3 -2.3 -2.3 -2.3 -2.3 -2.3 -2.3 -2.3 -2.3 -2.3 -2.3 -2.3 -2.3 -2.3 -2.3 -2.3 52.2 105 110.6 115.5 106.3 123.2 149 151.8 154.9 154 153 150.5 148.2 141.9 133.6 115.5 96.4 88.1 86.2 66 47.3 47.6 48.1 53.7 60.3 62.4 60.2 46.1 28 -2.3 -2.3 -2.3 -2.3 -2.3 -2.3 -2.3 -2.3 -2.3 -2.3 -2.3 -2.3 -2.3 -2.3 -2.3 -2.3 -2.3 -2.3 -2.3 -2.3 -2.3 -2.3 -2.3 -2.3 -2.3 -2.3 -2.3 -2.3 -2.3 -2.3 -2.3 -2.3 -2.3
-2.3 -2.3 -2.3 -2.3 -2.3 -2.3 -2.3 -2.3 -2.3 -2.3 -2.3 -2.3 -2.3 -2.3 -2.3 -2.3 -2.3 -2.3 6.3 -2.3 -2.3 50.4 105.8 117.2 125 126.8 124.2 144.1 151.2 153.9 157.8 157.3 153.6 150.7 151.6 144.1 140.2 132.1 132.7 126.1 107.5 79.7 74.5 74 74.8 79.7 88.9 94.7 99 96.5 49.2 3.9 -2.3 -2.3 -2.3 -2.3 -2.3 -2.3 -2.3 -2.3 -2.3 -2.3 -2.3 -2.3 -2.3 -2.3 -2.3 -2.3 -2.3 -2.3 -2.3 -2.3 -2.3 -2.3 -2.3 -2.3 -2.3 -2.3 -2.3 -2.3 -2.3 -2.3 -2.3 -2.3
-2.3 -2.3 -2.3 -2.3 -2.3 -2.3 -2.3 -2.3 -2.3 -2.3 -2.3 -2.3 -2.3 -2.3 -2.3 -2.3 29.2 -2.3 40.8 -2.3 50.3 84.9 113.8 122.6 127.5 128.3 131.6 144.2 148.2 152.3 155.1 156.2 151.5 150.1 150.2 147.9 144.9 138.9 140 138.9 125.6 94.8 114.6 116.9 117.3 113.3 113.1 110.3 109.8 106.3 86.9 48.2 37 20.6 -2.3 -2.3 -2.3 -2.3 -2.3 -2.3 -2.3 -2.3 -2.3 -2.3 -2.3 -2.3 -2.3 -2.3 -2.3 -2.3 -2.3 -2.3 -2.3 -2.3 -2.3 -2.3 -2.3 -2.3 -2.3 -2.3 -2.3 -2.3 -2.3 -2.3
-2.3 -2.3 -2.3 -2.3 -2.3 -2.3 -2.3 -2.3 -2.3 -2.3 -2.3 -2.3 -2.3 -2.3 -2.3 16.8 45.9 56.4 69.9 71.6 103.3 110.7 118.3 127.5 132.3 142.1 141.2 145.3 149.6 154 157 156.9 153.9 153.4 150.6 147.2 145.1 144.9 145.5 143.2 130.7 116.9 130.5 131.3 127.1 123.6 119.3 114.5 113.2 111 103.6 80.8 59.5 50.1 36.9 18.4 -2.3 -2.3 -2.3 -2.3 -2.3 -2.3 -2.3 -2.3 -2.3 -2.3 -2.3 -2.3 -2.3 -2.3 -2.3 -2.3 -2.3 -2.3 -2.3 -2.3 -2.3 -2.3 -2.3 -2.3 -2.3 -2.3 -2.3 -2.3
-2.3 -2.3 -2.3 -2.3 -2.3 -2.3 -2.3 -2.3 -2.3 -2.3 -2.3 -2.3 -2.3 -2.3 -2.3 16 57.6 73.6 102.1 101 115 127.1 139.4 145 150.7 150 144.9 148.8 152.6 156.1 157.2 155.9 153.8 153.8 152 148.9 147.4 148.9 146.3 141.8 132.3 131.1 137 137.2 133.8 133.8 131.7 126.1 118.7 114.8 104.5 97.5 87.9 79.9 71.9 53.4 32.5 -2.3 -2.3 -2.3 -2.3 -2.3 -2.3 -2.3 -2.3 -2.3 -2.3 -2.3 -2.3 -2.3 -2.3 -2.3 -2.3 -2.3 -2.3 -2.3 -2.3 -2.3 -2.3 -2.3 -2.3 -2.3 -2.3 -2.3
-2.3 -2.3 -2.3 -2.3 -2.3 -2.3 -2.3 -2.3 -2.3 -2.3 -2.3 -2.3 -2.3 -2.3 -2.3 37.8 61.3 78.1 107.8 121.1 125.4 134.8 145.1 152.1 155.6 152.4 151.8 152.8 156.1 159.4 158.4 153.2 151.5 150.6 150.7 149.5 148.7 148.3 142.2 138.6 136.8 138.8 143.1 143.8 141.8 138.7 135.1 131.6 128.1 121.1 110.1 104.4 96.1 81.7 78.6 74.6 48.5 43.7 35.6 -2.3 -2.3 -2.3 -2.3 -2.3 -2.3 -2.3 -2.3 -2.3 -2.3 -2.3 -2.3 -2.3 -2.3 -2.3 -2.3 -2.3 -2.3 -2.3 -2.3 -2.3 -2.3 -2.3 -2.3 -2.3
-2.3 -2.3 -2.3 -2.3 -2.3 -2.3 -2.3 -2.3 -2.3 -2.3 -2.3 -2.3 -2.3 -2.3 -2.3 33.9 50.6 68.3 88.7 120.3 126.2 136.6 149.3 156.2 156.4 154.6 156.3 158.2 160.2 161.6 158.9 154 152.4 150.7 149.9 147.3 145.5 143.3 141 139.8 141.1 145.6 150.4 147.1 148.2 147.8 142.2 136.6 134 132.3 116.5 107.7 100.3 90.2 82.8 77.9 73.5 66.2 70.1 47.8 20.4 -2.3 -2.3 -2.3 -2.3 -2.3 -2.3 -2.3 -2.3 -2.3 -2.3 -2.3 -2.3 -2.3 2.7 9.3 -0.5 -2.3 -2.3 -2.3 -2.3 -2.3 -2.3 -2.3
-2.3 -2.3 -2.3 -2.3 -2.3 -2.3 -2.3 -2.3 -2.3 -2.3 -2.3 -2.3 -2.3 -2.3 -2.3 4.9 34.3 56.2 71.2 88.8 110.3 130.8 147.7 160 158.3 158.7 161.1 163.1 162.8 162.4 159.8 154.5 154.6 155.8 152.9 149.1 146.4 145.1 144.3 144.3 145.8 149.4 151 150.6 152.3 149.9 146.2 144.2 141.6 139.6 119.4 106.5 102.7 99.4 97.8 91.2 85.9 80.3 81.6 75.2 58.6 40.9 20.3 2.7 -2.3 -2.3 -2.3 -2.3 -2.3 -2.3 -2.3 -2.3 -2.3 -2.3 24.6 35.1 32.6 -2.3 -2.3 -2.3 -2.3 -2.3 -2.3 -2.3
-2.3 -2.3 -2.3 -2.3 -2.3 -2.3 -2.3 -2.3 -2.3 -2.3 -2.3 -2.3 -2.3 -2.3 -2.3 1.1 12.8 40.7 63.3 80.3 93.7 114.9 139.4 155.5 159.3 163.7 166.5 167.5 163.9 160.6 157.8 156.3 156.2 156.3 155.3 153.1 149.6 148.1 147.4 149.1 150.7 153.8 156.9 158.4 160.2 162.1 160.1 153.5 146.9 139.2 114.4 107.6 105.4 103.4 103.3 101.4 98.3 87 79.4 72.9 71.3 70.7 52.6 44.7 23.7 4.7 1.4 1 1.7 8.3 19.1 25.4 3.4 36.4 75.6 76.7 77.3 50.3 -2.3 -2.3 -2.3 -2.3 -2.3 -2.3
-2.3 -2.3 -2.3 -2.3 -2.3 -2.3 -2.3 -2.3 -2.3 -2.3 -2.3 -2.3 -2.3 -2.3 -2.3 0.3 3.8 43 54 67.8 82.2 108.9 130.7 145.3 156.4 164.5 169.1 170.2 165.8 161.7 160.5 161.2 156.9 155.3 153.6 152.8 152 151 150.9 152.8 155.5 159.3 162.7 164 165.8 166.2 166.4 163.4 154.4 141.4 119.8 111.3 110.5 111.6 110.6 109.5 106 92 78.9 75 74.8 82.5 77.9 78.2 55.3 44.7 35.3 34.6 74.1 78.1 80.6 82.9 82.6 81.4 81.1 84 85.3 84.1 45.5 -2.3 -2.3 -2.3 -2.3 -2.3
-2.3 -2.3 -2.3 -2.3 -2.3 -2.3 -2.3 -2.3 -2.3 -2.3 -2.3 -2.3 -2.3 -2.3 -2.3 0.1 3.4 32.8 46.4 58.1 69.7 82.3 107.9 125.3 146.1 166.6 171.4 174.2 168.5 164.6 165.3 164.5 159.1 156.8 156 154.9 153.3 152.3 154.3 157.1 160.4 164.7 167.6 169.4 170.7 170.7 173.1 171.4 161.1 143.9 131.7 122.9 119.4 120.5 125.7 124.6 115.6 100.3 83.1 78.8 79.9 84.9 84.2 83.9 80.5 71.8 65.9 85.8 87.5 89 91.1 90.8 89.5 88.2 85.5 87.8 90.9 80.9 23.7 -2.3 -2.3 -2.3 -2.3 -2.3
-2.3 -2.3 -2.3 -2.3 -2.3 -2.3 -2.3 -2.3 -2.3 -2.3 -2.3 -2.3 -2.3 -2.3 -2.3 0.1 3.6 33.9 38.9 47.6 58.4 72 87.6 111.3 142.9 167.7 177.2 178 173 170.1 169.6 167.5 163.5 159.3 155.6 153.7 152.6 153.6 156.2 159.9 164.2 165.8 169.8 171.1 171.6 171.2 172.3 171.4 161.7 147.7 138 131.9 130 129.4 132.3 136.1 124.9 114.4 96.9 89 89.5 91.8 90.2 89.1 88.3 90.2 92 95.4 96.8 98.8 100 99.8 98.9 98.1 94.6 94.3 95 49 2.5 -2.3 -2.3 -2.3 -2.3 -2.3
-2.3 -2.3 -2.3 -2.3 -2.3 -2.3 -2.3 -2.3 -2.3 -2.3 -2.3 -2.3 -2.3 -2.3 -2.3 0.2 4.2 29.8 33.3 39 49.2 61.6 76.1 93 116.4 147.9 173.8 180.7 176.2 173.5 174 173.4 167.8 159.1 154.9 153.4 152.8 153.4 156.2 160 162.8 163.9 166.4 167.5 168.1 168.6 168.9 171.2 164.3 154.2 146.7 141.2 138.5 135.9 136.2 137.8 138 123.4 114 104.6 101.1 101 101.5 100 99.2 99.4 99.6 101.4 103.1 106.5 106 105.6 105.4 106.3 112.1 108.3 89.5 31.1 0.7 -2.3 -2.3 -2.3 -2.3 -2.3
-2.3 -2.3 -2.3 -2.3 -2.3 -2.3 -2.3 -2.3 -2.3 -2.3 -2.3 -2.3 -2.3 -2.3 -2.3 0.2 3 25.7 28.6 34.5 41.5 50.6 63.4 80.3 97.1 123.1 152.9 177.9 180.1 176.3 175.3 173.7 166.6 158 154.6 153.3 153.1 153.3 155.1 157.2 161.3 164.3 164.8 167.1 167.1 168.2 167.5 168.7 169.8 161.8 153.5 147.8 144.6 142 140.7 140.5 140.5 135.2 122.7 114.8 110.3 110 110.1 109.7 108.7 110.1 110.9 111.1 115.3 116.8 116.4 115.3 112.5 113.2 118.1 114.5 55.6 2.5 0.3 -2.3 -2.3 -2.3 -2.3 -2.3
-2.3 -2.3 -2.3 -2.3 -2.3 -2.3 -2.3 -2.3 -2.3 -2.3 -2.3 -2.3 -2.3 -2.3 -2.3 0 2.9 21.3 23.8 30 31.8 34.3 51.2 66.5 81.7 100.3 127.6 146.3 175.5 178.3 177.6 173.7 165.8 158.5 155.3 153.9 154 153.8 155.1 161.2 167.5 170.6 169.6 171 173.2 168.7 168.9 169.4 169.7 165.9 160.9 155.8 151.3 148.3 145.1 144.9 143.8 141.7 129.8 123.9 118.9 118.5 116.6 115.1 116.1 118.5 121 122.4 124.7 135.6 139.1 138.4 120.7 118.1 119.2 112.1 48.5 3.1 0.6 -2.3 -2.3 -2.3 -2.3 -2.3
-2.3 -2.3 -2.3 -2.3 -2.3 -2.3 -2.3 -2.3 -2.3 -2.3 -2.3 -2.3 -2.3 -2.3 -2.3 -2.3 1.7 12.6 20.8 23.5 30 30.5 41.5 53.4 66.3 80.6 100.5 119.7 146.9 174.4 179.3 176 169.1 159.9 157.2 156.6 157.4 154.6 157.3 162.2 166 170.4 173 175.6 176.3 174.6 175.8 178.6 179.9 183.1 173.2 162.8 156.7 153.7 154.5 150.8 150.9 148.3 135.9 130.8 127.8 125.3 122.3 120.7 123 126 128.4 129.3 135.6 142.2 144.3 145.2 140.7 126.1 125.5 123.3 60.7 20.1 1.1 -2.3 -2.3 -2.3 -2.3 -2.3
-2.3 -2.3 -2.3 -2.3 -2.3 -2.3 -2.3 -2.3 -2.3 -2.3 -2.3 -2.3 -2.3 -2.3 -2.3 -2.3 0.5 3.3 19 20.7 23.8 26.3 34 45.4 56 68.8 82.2 104.5 126 155.4 171.9 173.9 170.8 165.3 160.9 159.1 159.3 157 157.6 161.1 168.1 175.3 176.5 179.8 183.3 183.5 183.6 187.7 194.3 191.8 188.9 172.5 165.1 161.2 161.3 160.5 159 154.9 142.4 137.7 135.6 132.2 128.5 126.2 128.6 132.1 134.8 137.6 144.6 147.2 150.1 149.5 137.3 134.2 135.9 136.6 91.6 32.3 1.8 -2.3 -2.3 -2.3 -2.3 -2.3
-2.3 -2.3 -2.3 -2.3 -2.3 -2.3 -2.3 -2.3 -2.3 -2.3 -2.3 -2.3 -2.3 -2.3 -2.3 -2.3 -2.3 1.2 2.4 5.4 21 22 27.5 35.6 48.6 57.8 67.7 85.9 103.4 128.2 151.1 163.6 165.7 164.6 162.3 161 162 161.1 161.3 163.2 167 173.5 180.2 186.4 193 195.7 190.8 192 198.5 200 195.1 190.4 178.3 169.1 166.9 167.2 167.4 163.7 153.4 143.7 140.8 136.5 133.5 131.8 133.9 138.2 142.3 145.5 151 153.7 150.3 143.5 139.2 136.4 138.3 141.4 127.5 69.8 2.8 0.3 -2.3 -2.3 -2.3 -2.3
-2.3 -2.3 -2.3 -2.3 -2.3 -2.3 -2.3 -2.3 -2.3 -2.3 -2.3 -2.3 -2.3 -2.3 -2.3 -2.3 -2.3 -2.3 -0.3 0.4 1.7 2.8 16.3 27.5 35.6 43.2 51 63 76 87.7 108 136.3 146.3 148.2 150.7 147.9 155.2 160.3 163.4 163.9 166.7 168.4 174.1 185.3 190.2 195 196.9 196.2 196.9 200.7 204.6 203.3 188.2 177.1 166.9 166.6 168.9 170.2 164.4 155.8 145.7 142.8 136.7 135.2 140.4 144.9 149.7 151.8 156 154.2 148.2 143.3 137.3 122.5 125.5 137.2 127.2 94.7 28.8 2.1 -2.3 -2.3 -2.3 -2.3
-2.3 -2.3 -2.3 -2.3 -2.3 -2.3 -2.3 -2.3 -2.3 -2.3 -2.3 -2.3 -2.3 -2.3 -2.3 -2.3 -2.3 -2.3 -2.3 -2.3 -2.3 -2.3 2 14.4 26.8 29.2 35.7 43.9 54.6 65.9 77.5 89.3 111.8 110.8 117.3 119.5 130.7 142.2 156.3 163.1 165.6 168 172.4 176.8 179.9 186 190.8 191 192.1 192.2 196.8 198.7 194.7 177.2 166.5 164.6 165.4 164.9 163.6 157.4 149.9 147 141.7 138.3 142.3 150.2 155.3 157.3 157.5 160.4 149.9 146.4 116.9 112.4 118.7 130 116.8 103.2 45.4 13.6 0.7 -2.3 -2.3 -2.3
-2.3 -2.3 -2.3 -2.3 -2.3 -2.3 -2.3 -2.3 -2.3 -2.3 -2.3 -2.3 -2.3 -2.3 -2.3 -2.3 -2.3 -2.3 -2.3 -2.3 -2.3 -2.3 -2.3 1.5 4.4 23 26.6 31.2 37.5 44.7 52.3 61.2 70.5 75.2 80.6 89.2 101.3 119.3 135.9 152.9 164 166.5 166.3 169.1 174.8 179 181.2 181.9 183.7 184.6 186.6 189.1 192.3 179.6 167 161.3 161.3 162.9 159.4 153.3 149.7 145.8 144.1 142.6 147.9 152.7 158.6 162.2 164.1 155.9 153.9 131.2 110.3 103.1 106.2 114.8 110.2 103.5 63.3 26 2.7 0.1 -2.3 -2.3
-2.3 -2.3 -2.3 -2.3 -2.3 -2.3 -2.3 -2.3 -2.3 -2.3 -2.3 -2.3 -2.3 -2.3 -2.3 -2.3 -2.3 -2.3 -2.3 -2.3 -2.3 -2.3 -2.3 -2.3 0.9 2.8 14.3 25 25.7 28.6 35.5 38 45.7 50.8 55.7 62.7 75.1 92.1 115.3 137.9 153 162.7 161.8 162 163.9 167.6 170.5 172.8 176.4 179.2 182.8 181.9 181.8 173.4 159.9 153.8 152.3 150.7 152.2 150.7 149.3 148.9 147.5 148.1 151.3 157.1 160.4 162.1 161.8 159.1 153.1 131.5 107.8 97.2 94.6 108.2 94.2 74.8 52.8 30.5 2.8 0.7 -0.8 -2.3
-2.3 -2.3 -2.3 -2.3 -2.3 -2.3 -2.3 -2.3 -2.3 -2.3 -2.3 -2.3 -2.3 -2.3 -2.3 -2.3 -2.3 -2.3 -2.3 -2.3 -2.3 -2.3 -2.3 -2.3 -2.3 0.1 1.6 3.2 18.7 21.9 24.1 28.2 31.3 33.7 36.8 40.8 53.9 71.5 92.8 117.2 138.7 150.5 159.2 156.8 157.7 162.9 168.1 172.5 176.8 179.9 181.7 177.2 171.6 163.7 154.3 147.8 145 137.4 149.2 149.8 151.1 149.8 151.6 149.8 149.9 155.8 158.7 164.6 161.5 157.7 148.1 120.3 104.2 96.2 89.4 81.8 70.7 58.6 49.2 31.8 6.8 1.4 -0.1 -2.3
-2.3 -2.3 -2.3 -2.3 -2.3 -2.3 -2.3 -2.3 -2.3 -2.3 -2.3 -2.3 -2.3 -2.3 -2.3 -2.3 -2.3 -2.3 -2.3 -2.3 -2.3 -2.3 -2.3 -2.3 -2.3 -2.3 -2.3 0.6 1.8 3.4 12.6 19.8 23 24.8 27.9 28.4 37.1 51.5 71.7 98.5 121.9 135.2 142 144 152.8 160.1 170.7 183.3 189.1 192 183 181.1 176.2 161.2 151.3 144.5 139.1 130.8 139.1 145.3 148.8 146.4 147.1 146.1 144 152.7 155.2 160.3 157.5 148.9 128 110.1 106.2 109.5 97 77 61.2 48.6 39.1 28.9 20.6 2.2 0.6 -1.3
-2.3 -2.3 -2.3 -2.3 -2.3 -2.3 -2.3 -2.3 -2.3 -2.3 -2.3 -2.3 -2.3 -2.3 -2.3 -2.3 -2.3 -2.3 -2.3 -2.3 -2.3 -2.3 -2.3 -2.3 -2.3 -2.3 -2.3 -2.3 0.1 1.1 2.4 3.3 13.6 20.2 22.5 25.1 28.6 33.9 48.5 71.1 95.4 113.9 124 135.1 144.9 157.4 171.2 181.2 192.1 195.4 187.3 186.6 182.5 174.8 160.8 149.4 141.7 134.6 135.8 135.2 138.1 140.4 147.5 146.2 136.9 146.5 157.2 159.6 149.7 134.6 105.8 100.7 110.2 119 118 82.3 65.1 51.2 39.5 31.4 26.1 5.4 1.2 -2.3
-2.3 -2.3 -2.3 -2.3 -2.3 -2.3 -2.3 -2.3 -2.3 -2.3 -2.3 -2.3 -2.3 -2.3 -2.3 -2.3 -2.3 -2.3 -2.3 -2.3 -2.3 -2.3 -2.3 -2.3 -2.3 -2.3 -2.3 -2.3 -2.3 -2.3 0.3 1.5 2.3 2.8 15.3 20.6 21.6 23.9 33.4 47.1 69.5 93.9 111.5 123.6 141.7 160.3 170.2 182 194.2 195.4 189.2 186.9 184.8 183.6 182.5 162.8 150.9 146.6 138.6 133 133.9 135.9 141.2 139.1 128.5 142.2 150.5 146.1 138 105.2 94.2 93.9 107.4 122.9 122.9 111.5 75.3 64.1 59.8 43.3 29 31.8 11.3 -2.3
-2.3 -2.3 -2.3 -2.3 -2.3 -2.3 -2.3 -2.3 -2.3 -2.3 -2.3 -2.3 -2.3 -2.3 -2.3 -2.3 -2.3 -2.3 -2.3 -2.3 -2.3 -2.3 -2.3 -2.3 -2.3 -2.3 -2.3 -2.3 -2.3 -2.3 -2.3 0.3 1 1.7 2.3 4.2 18.4 19.1 22.6 33.7 47.9 73.5 98 116.6 137.7 153.8 170.1 181.6 188.4 188.6 188.3 185.8 186.4 190.9 182.7 170.4 155.1 155.4 155.7 136.1 135.2 135.2 142.7 130.6 114.5 111.9 110.2 112.5 98.3 83.2 78.5 83.8 95.7 119.9 120.5 110.6 82.7 82.4 72.1 51.2 40.1 43.1 9.5 2
-2.3 -2.3 -2.3 -2.3 -2.3 -2.3 -2.3 -2.3 -2.3 -2.3 -2.3 -2.3 -2.3 -2.3 -2.3 -2.3 -2.3 -2.3 -2.3 -2.3 -2.3 -2.3 -2.3 -2.3 -2.3 -2.3 -2.3 -2.3 -2.3 -2.3 -2.3 -0.7 0.1 0.8 1.5 2.2 3.2 18.9 17.2 25.7 35.5 54.7 87.9 103.2 126.1 148.3 165.2 175.7 184.9 185.9 184.6 190.7 189.1 189.2 184.9 169.8 161.3 164.9 168.2 150.6 142.6 140.9 134.5 127.1 105.9 99.3 93 87.2 78 68.5 66.2 68.3 79.3 99.6 103.8 83.6 79.1 69.9 66.7 47.7 42.6 27.5 2.8 2.8
-2.3 -2.3 -2.3 -2.3 -2.3 -2.3 -2.3 -2.3 -2.3 -2.3 -2.3 -2.3 -2.3 -2.3 -2.3 -2.3 -2.3 -2.3 -2.3 -2.3 -2.3 -2.3 -2.3 -2.3 -2.3 -2.3 -2.3 -2.3 -2.3 -2.3 -2.3 -1.5 -0.7 0.1 0.8 1.6 2.4 2.7 4.4 17.3 24 35.2 58.2 91.3 107.8 125.5 153.8 170.9 183.9 186.8 188.1 188 188.8 187.3 180 165.8 159.7 159.7 156.9 152 151.6 148.5 127.3 109 100.2 95.7 91.4 86.1 78.2 66 56.5 54.9 53.9 55.9 48.4 55.8 48.1 41.7 27.4 32.3 24.7 7.8 2.8 2.8
-2.3 -2.3 -2.3 -2.3 -2.3 -2.3 -2.3 -2.3 -2.3 -2.3 -2.3 -2.3 -2.3 -2.3 -2.3 -2.3 -2.3 -2.3 -2.3 -2.3 -2.3 -2.3 -2.3 -2.3 -2.3 -2.3 -2.3 -2.3 -2.3 -2.3 -2.3 -1.7 -0.8 0 0.8 1.5 1.8 2.2 2.6 3.4 14.7 22.5 38.5 56.2 78 99.9 125.6 153 171.3 180.7 184.1 187.3 185.1 180.9 177.4 158.1 152.3 153.3 153.7 154.6 153 151.3 124.9 106.1 100.3 104.9 101.5 102.3 92.5 73.1 60.8 41.1 37.1 35.5 31.6 23.8 20.1 19.2 16.1 12 3.7 2.8 2.8 1.3
-2.3 -2.3 -2.3 -2.3 -2.3 -2.3 -2.3 -2.3 -2.3 -2.3 -2.3 -2.3 -2.3 -2.3 -2.3 -2.3 -2.3 -2.3 -2.3 -2.3 -2.3 -2.3 -2.3 -2.3 -2.3 -2.3 -2.3 -2.3 -2.3 -2.3 -2.3 -1.5 -0.8 0 0.6 0.9 1.3 1.8 2.2 2.6 3.5 13 24.1 41.9 57.9 76.1 99.5 123.9 153.8 169.1 176.2 177.4 175.6 168 162.4 155.8 147.6 152.6 150.7 149.9 153.3 136.4 107.8 103.6 103.1 101.3 99.3 111.1 108.6 83.6 64.4 33.4 29.7 25 22.1 18.9 16.1 13 10.4 8.2 2.8 2.8 2.8 0.9
-2.3 -2.3 -2.3 -2.3 -2.3 -2.3 -2.3 -2.3 -2.3 -2.3 -2.3 -2.3 -2.3 -2.3 -2.3 -2.3 -2.3 -2.3 -2.3 -2.3 -2.3 -2.3 -2.3 -2.3 -2.3 -2.3 -2.3 -2.3 -2.3 -2.3 -2.3 -1.6 -0.8 -0.3 0.1 0.6 1 1.4 1.9 2.3 2.7 10.5 16 29.6 48.1 65.9 83.6 105.4 123.2 146.3 160.5 161.9 161.4 157 155.9 150.5 144.6 144.5 144.3 145.4 145.9 110.7 104.4 104 108.6 107.6 90.9 87.9 80.5 78 46.1 28.6 23.4 20.5 17.1 14.9 11.9 10 8.4 7.2 2.8 2.8 2.6 1.3
-2.3 -2.3 -2.3 -2.3 -2.3 -2.3 -2.3 -2.3 -2.3 -2.3 -2.3 -2.3 -2.3 -2.3 -2.3 -2.3 -2.3 -2.3 -2.3 -2.3 -2.3 -2.3 -2.3 -2.3 -2.3 -2.3 -2.3 -2.3 -2.3 -2.3 -2.3 -1.6 -1.1 -0.6 -0.2 0.2 0.7 1.1 1.6 2 2.5 3.9 11.2 20.7 39 54.5 72.8 97.8 115.8 123.5 133.9 150 153.4 152.8 145.3 138.2 135.9 129.1 125.7 131.5 129.5 107.4 105.2 107.3 112.3 115.4 95.8 71.5 56.7 39.7 27.7 22.3 19.7 15.4 14 11.9 9.2 7.6 6.8 7 2.8 2.8 2.5 1.2
-2.3 -2.3 -2.3 -2.3 -2.3 -2.3 -2.3 -2.3 -2.3 -2.3 -2.3 -2.3 -2.3 -2.3 -2.3 -2.3 -2.3 -2.3 -2.3 -2.3 -2.3 -2.3 -2.3 -2.3 -2.3 -2.3 -2.3 -2.3 -2.3 -2.3 -2.3 -1.8 -1.4 -0.9 -0.4 0 0.5 1 1.5 1.9 2.3 2.7 6.8 17.4 32.2 47.8 63.5 86.5 103.9 121.5 123.1 123.6 126.5 131.1 119.5 114.9 115.1 113.2 113.4 119.3 121.9 106.8 106.8 112.8 120.2 111.4 77.4 58.5 39.7 26.8 22.2 19.2 14.6 12.1 11.3 8.7 7.3 6.3 6.1 6 6.4 2.8 2.4 1.1
-2.3 -2.3 -2.3 -2.3 -2.3 -2.3 -2.3 -2.3 -2.3 -2.3 -2.3 -2.3 -2.3 -2.3 -2.3 -2.3 -2.3 -2.3 -2.3 -2.3 -2.3 -2.3 -2.3 -2.3 -2.3 -2.3 -2.3 -2.3 -2.3 -2.3 -2.3 -1.9 -1.4 -0.9 -0.4 0 0.5 0.9 1.3 1.7 2.2 2.5 2.6 7.9 24.5 46.2 63.3 76.7 92.5 109.8 117.9 105.2 114.5 108.8 106.8 106.7 107.7 108.3 110.8 118 116.3 109.2 107.5 109.8 117.6 97.4 71.8 44.3 26.4 20.2 17.7 14.7 11.6 8.7 8 7.7 7 5.9 5.7 5.5 6.3 4.8 2.3 1.5
-2.3 -2.3 -2.3 -2.3 -2.3 -2.3 -2.3 -2.3 -2.3 -2.3 -2.3 -2.3 -2.3 -2.3 -2.3 -2.3 -2.3 -2.3 -2.3 -2.3 -2.3 -2.3 -2.3 -2.3 -2.3 -2.3 -2.3 -2.3 -2.3 -2.3 -2.3 -1.9 -1.4 -0.9 -0.5 -0.1 0.4 0.8 1.3 1.7 2 2.2 2.1 2.5 5.7 23 40.5 65 80.5 76.1 77.2 79.3 90.2 98.1 99.3 101.5 103.3 106.6 110.8 116.3 116.6 112.3 109.9 111 108.1 85.2 51.7 28.6 20.2 17.6 13.7 11.6 9.5 6.9 6.9 5.7 5.6 5.8 5.7 5.4 4.9 6.3 4.7 2.4
-2.3 -2.3 -2.3 -2.3 -2.3 -2.3 -2.3 -2.3 -2.3 -2.3 -2.3 -2.3 -2.3 -2.3 -2.3 -2.3 -2.3 -2.3 -2.3 -2.3 -2.3 -2.3 -2.3 -2.3 -2.3 -2.3 -2.3 -2.3 -2.3 -2.3 -2.3 -1.9 -1.4 -1 -0.5 -0.1 0.4 0.8 1.2 1.4 1.7 1.8 1.7 2 2.4 2.6 3.9 27.1 39 51.6 58.9 69.7 81.4 86.6 92 95.2 93.9 98.9 103.1 108.5 102.8 105.5 102.7 89.2 80 59.8 35.5 19.6 15.3 12.1 9.8 8.3 6.9 5.7 5.9 5.5 4.6 4.4 5.3 5.2 5.4 5.5 7.3 6.1
