WholeMapElevations/data/sn/sn60_OST50GRID_20230518/SN60.asc
ncols 200
nrows 200
xllcorner 260000
yllcorner 200000
cellsize 50
[rows 105 to 139 of 200, columns 79 to 157 of 200]
184.4 172.6 155.5 151.9 162.4 163.1 163.1 163.1 163.3 164.9 164 162.2 162.7 166.9 174.1 182.4 189.8 196.2 199.9 202.2 203.6 204 201.9 200.3 199.3 194.7 179.9 151 131.7 153.5 172.9 195.9 214 220.8 226.8 230.4 232.6 233.4 234.6 235.7 236.7 238.1 240.2 242.5 243.9 245.3 245.5 245.2 243.6 241 235.8 228.8 212.5 203.4 216.7 220.6 223.6 225.6 230.5 235.5 242.3 249.7 257.4 265 271.8 277.4 283 287.5 291.3 294.6 297.8 298.7 297.9 296.4 294 290.8 283.4 266.1 251.1
179.1 165.9 150.3 152 161 159.1 157.8 156 154.5 153.5 152.1 154.2 159.8 164.5 170.9 176.4 183 189 194.5 198.1 199.5 199.9 197.7 195.3 193.9 191.1 177.4 150.7 132.1 151.5 172.2 197.6 212.6 219.2 223.6 226.2 228.7 229.9 231.4 232.6 233.9 236 238.1 240.1 241.5 242.4 243.2 242.9 242.2 240.1 235.7 228.9 215.3 195.1 211.9 216.5 219.6 221.2 226.9 232.8 239.7 248.2 256.1 263.3 269.6 276.2 281.9 286.9 290.7 293.5 296.1 296.5 295 292.9 289.2 284.3 275.4 256.6 245.1
175.1 161.5 144.9 152.1 157.4 155.2 151.4 147.4 144.7 151 155.4 159.1 163 165.8 169.7 174.7 179.1 183.5 188.9 193.7 195.5 194.5 192.1 189.2 189.2 184.8 173 148.1 131.9 152.2 178 201.9 209.7 216.4 220.1 223 225.3 227 228.3 229.7 231.8 233.9 236 237.5 238.6 239.6 240 240.2 239.7 238.3 235.1 229 217 197.6 205.2 211.5 216 219.8 224.7 230 236.8 246.1 255.3 261.4 268.1 275.3 281.1 285.9 289.5 291.9 293.9 293.8 292 289 284.1 277.5 264.9 246.8 238.1
171.8 160.5 141.8 148.4 151.6 147.6 143.7 140.6 148.6 157.3 163.8 167.3 169.6 170.2 172 174.7 178.6 181.5 184.5 188.4 190.4 190.8 187.7 184.2 181.8 177.5 166 144.2 130 151.2 177.1 197.6 208.9 215.1 218.4 220.8 223 224.8 226 227.5 229.6 231.7 233.5 234.6 235.7 236.7 237 237.5 237.5 236.2 233.1 228.6 218 201.2 197.7 207.8 213.6 218.2 222.8 227.2 232.7 244.3 253.9 260.4 267.5 274.2 279.7 283.8 287.1 289.9 291.5 290.8 289.2 285.6 278.6 268.6 250.1 237.1 230.2
167.5 159.7 143.2 140.2 144.1 139.2 138.3 147.2 156.6 166.2 174.1 177.1 177.7 176.5 176.6 178.1 179.4 180.9 183.4 184.7 186.7 186 182.9 179.8 175.5 171.2 154.4 136.1 129.6 153.4 175 197.7 206.6 212 216.1 218.5 220.6 222.6 223.8 225.2 227.3 229.2 231 232.2 233.2 233.7 234.3 234.9 235 233.7 230.9 227.1 220.4 208 188.9 196.8 209.4 215.1 219.9 224.1 229 241.1 252.4 259.8 266.8 273.2 277.8 281.8 284.9 287.3 288.8 288.4 286.6 282.3 273 257.8 238.4 228.1 220.4
162.6 155.2 142.4 129.8 130.7 137.3 146.5 157.5 168.6 178.6 182.8 184.7 184.4 183.1 182.5 182.3 181.8 181.6 182.8 183.5 183.4 181.7 178.6 175.9 170.6 164.2 154.1 137.6 126.3 150 168.9 191.3 203.1 208.4 212.2 215.6 218.2 220.4 221.6 222.7 224.5 226.4 228.2 229.8 231.2 231 231.3 231.9 232.3 230.8 228.2 225.4 220.6 210.1 199.6 186.1 195.2 211.9 216.4 221.6 227.7 238.9 250.2 258.1 265.7 272 276.9 280.2 282.2 284.6 286.4 285.9 283.9 278.2 266 246.2 231.1 220.7 213.7
159.6 151.4 139.1 127.2 134.6 142.9 152 166.5 179.5 185.8 188.2 189.3 188.2 187.8 187.1 186.9 186.4 184.8 183.9 184.3 183 180.7 178.3 175.6 172 169.8 161.8 143.2 124.1 144.9 163.1 184.5 199.1 204.3 208.4 211.8 215.3 217.8 219 220.2 221.9 223.8 225.4 226.9 228.5 228.7 228.3 229 228.9 227.8 225.7 223.6 219 211 200.2 195.9 183.5 198.3 213.7 220.3 227.4 236.2 246.7 255.7 264.4 270.8 275.6 278.3 280.4 282 284 283.4 281.7 274.3 257.2 236 223.8 214.1 208.7
154.6 145.7 134 125.8 138.9 145.3 156.3 173.7 184.8 190 191.9 192 191.3 191.3 191.1 190.6 189.9 189 187.3 185.9 185 183.2 180.8 179 177.3 175.2 165.6 144 124.1 140.7 157.8 177.6 195.1 201.2 205.1 209 212.5 214.8 215.5 217.8 219.9 221.8 223.5 224.5 224.9 225.6 226.5 226.5 226.3 225.8 223.8 221.1 217.1 208.5 197 193.7 184.4 188.6 211.7 218.4 224.5 233.2 243.2 251.9 262.6 269.9 274 276.5 278.7 280.2 281.6 281.1 279.4 271.1 251.3 227.3 216.7 208.6 202.3
150.6 142.1 129 126.2 136.8 145.7 163.1 180.9 190.2 193.3 194.5 194.9 194.7 194.7 193.5 192.5 192.3 191 190.3 188.5 187.1 185.8 184.2 183.2 182.7 180.4 166.5 142.7 124.1 140.5 159.8 177.6 191.7 198.5 202.2 206.1 209.7 209.5 210.1 215.1 217.5 219.1 220.4 220.9 220.5 222.3 223.6 224.8 224.3 223.8 221.8 218.2 212.9 203 194.8 188.7 179.5 193.3 209 216.9 222.4 230 239.5 249.5 260.6 268 272.4 274.8 276.9 278.4 279.2 279.2 277.1 265.3 243.4 219.5 209.5 201.2 194.1
149.7 139 127.3 125.3 137.2 149 169.3 186.8 193.2 196 196.9 197.2 196.9 196.1 195.2 194.2 193.1 192.1 192 191.1 189.4 188.6 187.6 186.2 184.7 180.9 164.5 142.2 124.1 140.9 154.8 177 189.4 196 200 201.7 204.6 204.9 208.1 212.5 214.7 216.5 216.7 217.1 217.9 220.1 221.5 222.6 222.6 221.9 219.7 215.9 208.8 200 192.2 181 183.8 198.4 207.8 216.3 221.6 226.5 236.3 247.6 257.9 265.8 270.3 272.9 274.8 276.1 276.8 275.6 270.9 252.9 230 211.2 200.7 191.6 185.3
148.4 137.7 125.8 124.6 137.7 153.3 175 189.1 194.8 197.8 198.5 198.4 198.1 197.5 196.5 195.4 193.9 193.1 192.8 191.9 190.4 189.2 188.1 187 184 179.5 161 141.2 124.1 136.8 157.3 176.5 186.7 193 195.9 197.9 198.8 199.3 205.3 209.4 211.5 213 213.2 214.1 215.9 218 219.6 220.4 220.8 219.9 217.7 212.8 203.9 195.5 186.8 173.5 187 198.6 209.5 217 220.8 224.7 232.3 243.9 253.4 262.1 267.3 270.3 272.3 273.2 273.2 270.1 256.1 233.9 214.3 201.1 191.8 182.7 174.4
146.3 136.1 125.3 122.9 137.2 153.7 177.1 189.8 195.4 198 198.8 199 198.5 197.6 196.4 194.8 193.8 193.1 192.2 190.9 189.6 188.4 187 185.4 181.9 175.8 154.4 137 124.1 138.8 158.5 176 184.2 189.1 191.4 192.1 190.4 195.9 202.7 206.3 208.5 209.6 210.3 211.7 213.5 215.6 217.3 218 218.2 216.8 214.1 209.3 198.6 190.2 181.1 176 189.4 200.9 211.6 216.2 219.6 223 228.4 239.8 249.6 258 264.1 268 270.6 270.7 266.9 254.3 235.8 213.9 204.7 193.4 183.9 174.8 162.8
147.5 134.7 123.6 119.9 133.3 152.8 175.8 189.4 194.2 197.1 197.9 198.6 198.5 197.3 195.7 194 192.7 191.8 190.6 189.1 187.5 186 184.5 183 178.8 167.7 146.5 131.2 124.1 140.3 161.4 173.9 180.4 184.2 185 184.2 185.9 193.5 200.7 203.1 205.4 206.5 207.9 209.4 211.3 213.4 214.9 215.6 215.4 214.3 211.1 204.8 193.4 187.7 178.2 174.8 187.6 197.8 208.7 213.8 217.2 220.6 226.9 236.9 246.7 255.3 261.5 265.2 267.6 265.1 256 236.9 214.3 207.6 197.8 185.9 176 165.7 145.4
146.3 133.5 121.8 117.8 132.4 152.5 174.4 187.2 192.6 195.7 197 198 197.9 196.5 194.6 192.8 190.9 189.7 188.2 186.7 184.8 183.1 181.4 179.5 174.7 158 137.4 124.1 124.6 145.1 161.3 169 174.1 172.7 171.3 178.4 186.4 194.4 199.2 201.2 202.9 204 205.3 206.9 209 211.2 212.4 213.2 212.4 211.3 208.3 200.6 191 183.9 173.4 174 185.2 192.4 204.5 210.9 215 218.9 224.2 233.9 243.1 252.7 258 262 263.9 259.6 238.2 216.5 205 201.5 189.5 178 168.4 154.8 126.9
144 131 119.4 116 131.3 151.5 175.4 185.9 191.3 194.3 196.5 197 196.8 195 193.2 191 189 187.2 185.6 184 181.6 179.2 177.4 175.6 170.6 148.8 129.8 124.1 135 151.7 157.8 156.3 157.2 165.6 177 185.9 191.1 196.1 198.6 200 201.1 202.2 203.4 204.4 205.6 207.8 209.8 210.3 209.5 208.4 205.2 196.5 186.5 178.9 166.2 174.6 182.2 187.8 198.8 207.6 212.5 217.5 222.8 230.6 239.5 247.8 254.4 258.9 258.8 248.5 220.4 201.7 198 192.4 179.1 169.1 158.8 137.3 117.6
141.3 126.2 115.1 116.5 131.9 152.6 176.4 185.4 190.6 194 195.7 196.9 195.6 193.7 191.2 188.7 186.2 184.3 182.6 181 178.4 175.5 173.6 170.9 164.7 142.3 128.2 124.1 135.7 147.6 145.4 146.8 161.5 174.3 182.8 189.8 193.6 196.1 198 198.7 199.5 199.7 200.7 201.7 203 204.3 206.4 207.1 206.7 205.2 202.4 193.9 182.6 170.9 165.3 171.6 178 184 193.9 204.3 210.2 216 220.7 227.7 235.5 243.6 249.7 253.3 251.7 234.6 205.4 194.8 191.6 181 168.7 159.2 149.1 125 104.9
137.9 120.4 110.1 118.6 135.4 157.6 178.5 184.5 190 193.4 195.9 195.7 194 191.5 188.8 186 182.9 180.4 179.2 177.6 174.8 171.8 168.7 166.5 160.4 144.7 127.3 124.1 128.7 135.3 141.6 156.3 169.6 179.2 184.8 190.3 193.2 195.5 196.8 197.5 197.8 198 198.6 199.6 200.7 201.8 202.7 203.7 203.2 202.1 198.6 190.7 179.3 163.7 163.2 167.6 174.7 182.9 193 202.3 208.1 214.3 220 224.3 231.8 238 243.4 245.6 244.4 223.5 195.4 189 184.9 170.5 159.2 149.1 134.7 106 92
134.7 117.7 110.2 120.8 139.2 161.1 178.9 184.5 189.8 192.6 195.1 194.2 192 189.6 186.6 182.8 179.2 176.1 174.8 173.4 170.7 167.8 163.7 161.4 157.6 144.8 124.7 124.1 123.9 135 149.1 162.7 173.8 180.6 187 190.8 193.2 194.2 195.2 195.7 195.9 196.4 197.2 198.3 199 199.5 199.9 200.5 200.8 198.7 195.1 187.3 174.5 161.6 164.7 170.9 177.3 189.2 198.8 205 209.5 214.5 218.7 223.2 227.2 231.7 237.1 239 236.1 214.8 187.4 181.4 173.6 161.7 149.2 139.5 117.6 94.6 87.3
130.6 113.6 110.5 122.8 143 165.5 178.8 184.4 189 192.1 193.8 192 190.1 187.5 183.2 179.2 175 171.5 170.1 169.1 166.3 163 159.2 156.7 153.2 141.7 124.4 124.1 127 140.7 155.7 167.1 174 182.1 187.9 190.5 191.9 192.5 192.8 193.2 192.7 194.4 195.6 196.3 197 197.5 197.9 198.4 197.4 194.7 190.9 182.2 169 159.4 168.5 175.8 183.5 195.2 201.3 206.2 209.7 213.8 217.2 221.1 224.5 228.9 232.3 231.6 226.2 205.1 180.3 174.8 163.8 153.1 139.2 120.8 101.2 90.2 83.9
128 111.5 110.2 127.8 147.9 169.1 178.6 184.5 188.2 191.5 192.7 190.7 188.4 184.4 179.9 175.4 171.2 166.5 163.9 164 161.6 157.8 154.2 151.2 146.6 135.1 124.1 124.1 131.1 141.9 154.8 167.4 174.7 182.6 187.4 189.1 189.8 190 189.9 189.8 189.8 191.5 193 194 195 195.5 195.8 195.6 193.9 191.2 185.2 174.1 160.5 158.5 169 180.1 188.9 196.4 200.8 205.4 209.3 212.4 215.2 218.3 221.4 223.9 226.6 223.7 216.7 195.3 172.9 166.7 153.4 142.4 127.4 101 88.7 78.7 74.1
126.2 110.2 111.4 132.6 152.8 170.9 178.4 184.1 187.6 190.9 191.2 189.1 186.1 181.9 177.3 172.7 167 160.8 154 158.5 156 153 147 142.7 139.3 130.2 124.1 124.1 133 140.5 153.1 165.7 175.1 181.5 185 186.9 187.6 187.7 187.1 186.7 186.8 188.6 190.3 191.5 193.1 193.6 193.2 192.5 190.6 186.7 176.9 165.6 154.4 159.5 172 184.3 190.7 196.5 201.3 205.4 208.7 211.2 212.5 215.1 217 218.5 218.7 215.8 207.9 186.7 166.2 157.7 142.8 130.9 112.5 89.7 77.6 73.5 69.5
123.5 110.6 116.5 136.9 157.5 172.2 178.1 183.3 186 188.6 188.6 186.7 183.6 179.4 174.8 170.2 164.8 156.3 142.9 150.7 149.6 146 138.7 132.9 130.6 124.1 124.1 124.1 132.5 141.1 155.2 164.2 172.5 178.6 182.1 184.6 185.3 184.9 183.9 183.5 183.8 185.6 187.7 189.4 191 191.5 190.8 189.5 187.1 180.2 167.3 156.6 155.7 166 177.4 187 192.2 196.9 201 204.6 207.1 209.4 210.6 211.9 213.8 214.7 211.1 207.2 198.6 177.1 157.9 146.5 133.2 117.4 94.7 74.7 65.6 67.5 72.7
119.8 111.3 121.9 140.8 161.7 171.7 177.9 181.5 184.1 186.3 186.5 184.3 180.9 176.4 171.6 167.3 158.8 152.2 136.5 134.6 135.8 128.6 125.5 124.1 124.1 124.1 124.1 125.6 132.6 142.8 155.4 162 168.9 174.8 179.2 181.8 182.5 181.7 180.8 180.4 181.3 183.5 186.4 187.8 189 189.2 188.3 186.4 183.8 172.5 156 152.7 160.8 173.2 180.8 188 193 196.9 200.3 202.3 204.2 206.2 207.2 209 210.5 210.4 205.5 198.7 186.4 166.9 149.9 138.3 121.3 101.3 74.6 62.9 74.4 83 91.7
112.1 114.6 125.4 146.4 163.5 170.4 176.1 179.5 182.7 184.4 184.1 181.7 178.1 173.5 167.6 161 146.5 137.6 128.2 124.1 124.1 124.1 124.1 124.1 124.1 124.1 124.1 128 134.7 145.6 154.7 161.1 166.3 171.4 176.2 178.9 179.2 178.6 177.7 178.2 179.8 182.5 185.3 186.6 187.8 187.6 185.5 183.2 178.9 167 152 153.1 165.6 175.7 182.6 187.1 191.2 194.7 197.4 198.6 200 201.9 203.8 205.5 207 204.9 199.3 191 178.6 158.7 141.7 130.7 110.5 89.7 62.5 69 83.5 95.5 105.6
106.4 113.6 131.2 152.1 163.6 170.1 174.6 178 181.3 182.5 181.5 179.1 175.1 170.3 163.2 152.9 135.2 124.1 124.1 124.1 124.1 124.1 124.1 124.1 124.1 124.1 129.3 132.6 138.5 147.5 152.2 157.8 163.6 168.8 173.1 175.4 175.9 175.5 174.6 175.9 178.6 182 184 185 186.1 185.1 182.7 179.4 175.2 165 153.4 153.4 164.9 174.9 181.3 185.3 189.1 191.9 194.1 195.1 196.3 198.4 200.4 202.3 204.6 201.2 195.3 185.6 172.8 152.3 136.4 122.7 100.7 78.4 62.4 73.2 90.3 101.7 110.6
106.4 121.6 142 157.3 163.7 168.6 172 175.8 178.7 179.7 178.8 176.4 171.9 166.9 156.4 142.9 127.7 124.1 124.1 124.1 124.1 124.1 124.1 125.3 126.3 130 133.7 137 140.3 145.7 148.8 153.7 160.1 166.1 170 171.8 172.6 172.5 171.2 174.7 178.4 180.8 182.7 183.7 183.8 182.8 179.5 176 171.9 165.1 153.8 149.4 161.7 173.7 179.2 183.3 186.7 188.5 189.9 191.3 192.7 194.8 196.9 200.1 201.6 198 192 182.8 169.6 148.4 131.6 119.5 96.4 73.5 63.1 79.7 95.7 107.7 116.9
115.8 134.7 150.1 157.5 161.5 165.5 168.3 169.8 174.1 175.8 175.5 173.7 168.7 155.1 140.1 129.2 115.7 126.1 124.1 124.1 124.1 126.6 128.3 129.8 131.4 134.7 137.1 138.9 142 144.9 146 149.8 156.5 162.7 166.1 168.1 168.7 167.8 171.1 174.8 178.1 179.8 181.3 182 181.4 179.7 176.3 172.8 168.8 163.2 154 147.1 161.6 172.2 177.5 181.5 183.8 185 186.1 187.7 189.7 191.3 194 197.7 196.8 194.9 189 180.8 166.9 144.3 129.3 117 94.5 69.7 63.7 86.1 100.9 112.2 118.3
130 143.6 150.2 155.5 158.6 160.9 163 163.9 169.2 170.9 171.5 169.7 163.7 150.5 134.5 119.4 103.3 113.7 124.2 124.1 129.6 132.7 133.9 134.5 136.1 136.5 137.4 138.9 141 142.3 143.7 146.2 151.3 157.6 161.3 162.4 163.5 168.8 172.6 175.1 176.4 178 179 179.1 178.5 176 173.1 169.4 165.3 159 151.3 146.4 161.8 171.4 176 179.6 181.5 182.4 183 184.8 186.7 188.2 191.3 193.9 194.3 193.4 188.9 179.2 167.3 145.8 128.3 118.5 95.7 73 65.3 85 101.4 111.5 117.4
136.1 143.3 148.1 151.8 154.7 156.9 158.4 159.8 164.5 166.7 167.2 165.3 157.6 143.2 127.7 108.3 97.9 101.1 116.5 125.6 130.5 135.4 136.7 137 136.1 135.5 136.1 137 138.2 139.5 139.6 142.3 146.4 150.4 152.7 160.5 166.1 169.1 172 173.7 174 175.4 176.2 176.1 174.8 172.5 169.7 165.5 160.9 152.5 145.7 147.3 163.5 169.5 174.6 177.7 179 179.3 179.9 181.6 183.6 185.2 187.8 190.7 192.7 191.8 188 179.3 169.2 149.6 126.9 118.8 99.6 79.5 59.9 75.4 92.8 105.4 112.9
134.7 140.3 144.3 147.6 150.2 152.8 154.1 155.7 159.3 162 162.6 160.9 153.8 138.5 125.1 109.7 95.9 103.4 117 124.2 131.9 136.5 138.7 137.2 135.3 133.7 133.9 134.8 135.8 136.6 137.6 139.7 143.5 149.1 156.2 162.2 165.3 168.1 170.3 170.7 170.5 171.4 173 172.7 171.1 169.1 165.9 160.7 155.4 146.6 144 154.9 163.6 167.9 171.6 175.6 175.8 176.1 176.9 178.7 180.6 181.9 184.7 188 190.7 190.8 187.3 179.4 170.2 156.6 141.2 117.6 105 87.4 66 63.6 83.1 98.9 110.2
132.1 136.6 140 143 144.8 146.8 149 150 154.4 157 158.2 155.8 148.1 132 120.9 110.3 93.9 103.3 113.7 125.1 131.2 136.6 137.4 135.2 132.6 130.9 131.4 132.4 133.3 133.8 135.1 137.6 141.8 151.4 156.9 160.5 163.2 165.5 166.1 166.1 166.2 166.9 168.7 169 167.5 165.5 162.7 157.2 147.6 141.8 149.3 157.8 162.8 166 169.2 170.8 172.4 172.9 173.8 175.7 177.5 178.7 181.7 185.2 188.7 189 187.1 180.7 172.4 160.2 146.3 127.3 109.5 95 76.4 57 72.4 91.7 106.5
128.5 132.2 134.5 136.8 138.9 140.7 142.5 145.1 148.3 151.7 151.9 148 135.5 124.4 115.1 106.2 96.9 103.2 114.3 122.9 128.9 132.9 134.3 132.7 130.1 127.8 127.2 129.5 130.6 130.9 133.2 135.6 140.3 150.9 155.1 157.9 160.3 161.5 161.7 162.5 162.4 163.7 165.1 165.2 163.8 161.9 159 153.1 141.6 145.5 152.3 157 161.3 165 166.4 167.2 167 169.2 170.8 172.6 174.5 176.4 179.4 183.1 186.3 186.9 185.6 180.3 172.5 163.5 152.2 133.8 116 101.5 83 61.1 68.1 85.9 99.8
123.5 126.8 129.2 131.8 134.2 135.9 137.4 140.3 143 144.8 143.9 139.6 127.4 116.3 108.3 101.9 93.2 103 114.8 120.7 125.6 128.6 129.9 129.4 127 124.7 124.4 126.1 127.4 129.5 132.8 135 138.3 148.8 153.5 155.3 157.1 158.2 159.1 158.9 159.1 160.2 161.3 160.9 159.9 157.7 154.3 149.1 138.7 145.4 152 156.2 158.3 160.6 163.1 164.4 164 166.4 168.2 170.3 172.5 175.3 179 182.2 184.2 185.2 183.4 177.9 171.2 164.2 154.2 137.6 121.5 106.8 89.6 56.9 67.9 80.9 90.9
119 121.6 124 127.1 129.9 131.3 132.7 134.4 136.3 136.6 134.7 129.6 119.8 110.5 104.3 95.4 97.4 106.6 116 120.3 122.8 125.2 126.4 125.6 123 121.8 122.4 124.1 126.5 129.6 132.5 135.7 138.5 145.7 151.6 153.3 154.3 156.4 156.7 156 156.2 156.6 156.9 156.3 155.3 153 149.4 146 137.6 143.2 149.3 153.1 155 156.7 158.4 161.3 163.1 164.8 166.5 168.8 171.6 175.3 178.5 180.8 182 182.6 181.3 176.3 170.3 163.1 154.2 139.8 126.8 108 93.3 68.7 62.6 75.1 86.3
114.6 117.1 119.8 121.9 124.4 124.8 125.1 126.9 128 126.6 124.8 119.7 112.1 101.9 92.8 92 102 110.8 116.2 119 120.7 121.6 122.2 121.7 119.4 119 120.8 124.5 128 131.5 132.5 135.2 137.7 142.1 147.2 150.5 152.6 154.1 154.6 154.2 153.4 153.8 152.9 151.8 150.9 150.5 148.5 144.6 137.2 142 145.9 149.9 152.5 153.8 154.8 158.6 161.1 163 164.8 167.3 170.1 173.5 176.9 178.8 179.4 179.7 178.3 174.9 169 162.1 154.7 142.4 130 114.3 98.5 81.7 53.9 66.2 81.8
