WholeMapElevations/data/nn/nn62_OST50GRID_20230518/NN62.asc
ncols 200
nrows 200
xllcorner 260000
yllcorner 720000
cellsize 50
[rows 70 to 104 of 200, columns 79 to 157 of 200]
566.6 568.7 573.3 579.7 587.3 594 602 606.6 612 617.1 623.9 633.9 643.2 650.7 655.4 657.1 656.4 640.1 622.3 619.5 621.7 622.5 627.6 641.5 653.8 660.3 649.9 643.5 628.4 616.9 623.4 626.1 617.9 591.4 551.7 523.5 484.4 468.6 456.5 441.7 424.7 403.7 381.2 367.2 355.4 352.1 351.2 344.8 329 317 308.5 315.4 316.8 322.3 330.6 324.5 324.3 331.8 343.7 350.9 354.3 358.8 361.1 364.2 367.9 372.1 376.3 382.3 389.4 397 402.8 411.7 417.8 423.1 428.7 428.3 431.6 439.8 449.9
561.8 565 569.7 576.3 584.4 592.1 598.4 602.8 608.1 612.1 617.3 628.8 637.2 644.8 651.9 656.1 653.7 647.5 624.1 620.1 622.6 625.3 628.7 642.3 656.8 669.4 662.8 642.8 632.3 620 608 607 584.9 562.7 533.5 515.1 486.7 469 460.4 446.6 434 420.6 395.7 369.5 355.7 344.8 343.4 345 334.7 318.6 310 313.3 315.7 320 326.5 320.7 330.6 339.5 346.5 350 353.1 356.4 358.8 363.9 365.5 370.4 374.2 380 387.8 395.3 402.8 409.3 412.9 418.2 424 425.9 427 433.4 443.8
557.2 562.4 567.2 573.3 580.7 590.1 594.6 601.5 606 609.5 617.2 625.2 632.8 638.4 646.6 651.8 650.5 643.1 631.9 620.6 621.3 623.3 625.2 639.1 655.6 671.7 669.3 651 637.1 627.4 603.7 580 555.7 537.2 525.2 507.7 482.1 471.2 465.1 451 436.6 436.1 417.2 381.2 358.2 343.1 338.3 337.1 334.5 322.9 306.7 311.7 316.4 317.3 315.4 323.1 332.8 339.2 343.7 346.9 350.6 353.8 356.1 359.6 363 366.6 370.8 377.6 384.8 393.4 401 406.1 410.2 412.8 416.6 419.1 419.7 422.4 431.5
552.6 558.3 563.6 569.6 578.3 584.8 590.8 597.2 600.1 603.1 615.2 622.4 629.2 634.4 640.4 644.8 644.7 641.6 634.4 622.1 620.2 620.7 622.5 629.9 641.9 651.4 654.7 652.8 640.5 632.5 614.9 568 537.8 520.2 519.5 503.2 483.3 477.9 472.7 459.6 434.2 426.7 416.6 386.8 358.9 342.4 327.8 325.2 322.9 318.2 306 305.8 316.1 311.6 310.4 319.7 329.7 336 339.6 343.7 348.4 352.3 355.2 358 361.5 364.6 368.6 374.5 383.4 391.6 397.9 402.8 408 411.1 413.5 414.4 416.5 421.4 425.7
548 553.8 560.6 566.3 572.4 578.4 584.4 589.8 594.5 597.9 611 619.2 625.6 630.6 634.1 634.7 637.2 639 632.4 622.4 619.6 619.5 620.5 624 633.3 645.8 654.3 652.1 639.6 630.4 616.5 576.7 539.1 519 500.9 491.2 484.4 481.7 476.6 463.9 438.5 415.6 405.1 388.2 354.9 337.1 323.2 317.4 314.3 313 307.4 300 308.2 304.6 316.2 321.6 326.5 330.6 334.7 340.1 344.7 350.1 354.5 358.3 360.4 363.9 366.3 371.2 379.9 388.7 393.3 397.9 403.3 407.5 410.8 413.4 415.7 423.7 426.1
543.6 549.6 556.6 562 568.5 575.1 580.8 584.8 589.2 594.5 601.4 614.4 620.1 623 624.6 628.1 633.5 636.4 636 622.2 619.4 618.8 619.7 623.8 632.3 647.1 654.4 656.2 639 625.6 611.1 566.5 537 519.3 504.3 488.3 482.3 481.6 477.4 464.7 446.4 415.2 397.5 385.2 359.3 343.2 326 318.6 317.5 314 303.7 298.4 299.2 310.1 315.1 318.3 320.8 324.6 329.2 336.3 343.2 349.5 355.1 359.4 361.5 363.1 365.4 367.9 372.2 380.2 387.8 393.4 398.4 403.1 408.4 412.5 415.6 420.9 429.1
539.1 545.1 553.5 556.5 565.1 571.8 577 580.7 585.3 592 596.3 603.1 611.1 615.6 621.5 625.9 631.7 634.9 634.3 622.3 618.1 618.1 619.5 626.6 634 645.1 654.2 653.4 648.6 618.7 595 562.1 541.3 523.8 505.3 490 477.1 469.8 465.9 456.1 443.6 415.7 393.7 379.1 361.4 347.4 337.2 328.3 319.6 313.8 304.7 297.8 299.7 304 307.6 311.1 314.4 317.6 323.3 332.8 340.3 346.7 352.3 358.1 361.6 363.4 365.2 367.2 369.5 372.7 378.8 385.1 391.9 398 405.9 411.7 412.2 416.6 423.7
534.8 542.8 547.7 551.5 558.5 565.3 573.4 576.8 579.2 586.5 590.5 594.6 603.6 611.6 621.6 626.8 629.6 631.1 628.1 617 613.7 614.3 619.4 625.9 634.7 642.2 649.2 651.3 637.8 611.8 583.5 556.9 542.2 528.6 514.8 496.5 474.9 461.2 448 441.6 430.1 408 387.8 370.3 354.3 342.7 335.2 325.9 317.7 312.9 304.1 298.4 291.9 298.3 300 304.3 308.2 311.1 317.3 325.1 334.1 340.9 348 355 361 365 366.7 368 369 369.5 372.8 381.6 387.4 392.9 400.9 402.9 405.5 405.7 408.8
533.1 538.7 541.7 544.1 551.9 561.2 569.9 571.7 573.8 578.6 583.1 588.2 597.3 608.5 616.8 622 625.5 626.4 622.3 612.3 608.6 607 614.6 622 627.4 635.3 641 643.5 621.9 601.1 578.1 554.9 539.9 529.2 521.2 510.1 486.3 457 442.8 428.5 415.5 394.7 377.7 363.1 349.6 338.3 330.6 324 316.5 309.8 303.4 296.5 291.7 290.6 297.1 300.4 303.3 306.2 310.4 316.6 326.2 334.3 343 351.1 358.2 365 368.7 370.5 374.9 371.2 368 372.1 380.5 388.4 388.3 391.4 393.6 392.4 390.1
528.7 531.9 535.8 538.3 545.5 553.1 561.1 565.2 568.7 572.3 576 583.7 595.6 604.6 612.4 618.3 622.2 620.7 615.7 607.3 596.1 595.1 604.2 612.4 618 621.6 624.8 631.6 620.1 591.4 576 563.1 551.5 532.9 525.2 522.8 500.5 462.4 448.4 432.7 402.1 380.9 372.6 358.8 346.8 335.8 328.6 321.3 313.7 307 304.9 297.7 291.8 289 296.4 298.8 300.6 303.2 307.2 312 318.7 327.5 336.7 344.2 351.4 360.9 366.7 371.1 375.5 376.5 373.9 369 363.8 370.6 377.9 380.1 375.7 371.2 371.5
521.4 524.4 528.4 532.6 538.7 546 550.4 556.2 561.8 566 571.6 577.2 588.3 598.2 605 610.6 613.2 612.2 607.1 598.9 590.4 585.3 592.1 601.9 607.2 608 614.4 620 612.4 592.4 576.1 567.9 557.1 542.3 529.3 527.7 510.2 475.1 445.7 424.4 401.1 390 373.2 364.1 351.3 338 328.1 323.5 318.6 309.9 305.1 297.6 293.3 285 292.8 297.6 299.5 301.8 304.8 307.9 313.7 322.1 330.9 338.7 346.3 358.6 368.7 371.1 372.8 377 378.6 376.7 368.4 355.7 359.9 367.5 362.3 355.4 354.4
515.5 517.7 524.8 528.5 534.9 541.4 544.1 547.8 551.8 557.6 564.1 571.2 579.6 588.3 598 602.9 600.5 599.4 593.4 592.8 586.7 580.4 585 591.8 600.1 599.4 599 608.7 611.4 597.7 575.6 570.4 557.1 546.5 533.3 526.5 508.6 476.6 448.1 427.8 410.8 392.9 378.3 363.8 350.7 339.6 330 325.3 320.6 309 305.4 297.6 290.6 285.4 293.4 296.5 297.1 300.2 303 307 313 321.2 329.4 334.1 338.6 347.6 358.2 365.2 368.5 373 378.9 382 375.2 361.9 349.4 343.1 343.1 341.9 343
507.7 511.9 515.6 521.9 528.1 532.4 536.4 540.5 545.9 553.1 558.4 562.5 572.3 581.2 588.5 592.2 587.4 583.6 584.1 581.6 579.4 573.8 574.2 579.6 592.5 594.8 595.7 595.9 593.4 584.9 574.6 567.8 562.6 550.6 536 526.6 504 480 458.5 441.9 418.6 399.8 387.8 365.6 348.4 340.1 330.3 325.8 321.1 309.3 305.8 296.8 289.2 282.6 290 294.6 295.8 298.5 302.1 306.4 312.7 320.5 327.2 330.8 333.6 341.2 349.3 355.1 361.6 366.1 373.6 379.6 374.5 364.9 354.2 346.1 340.5 336.5 335.8
504.9 507.4 509.5 516.7 521.1 525.5 528.6 535 539.4 545.8 551.1 555 562.8 569.7 576 578.1 575.6 575.4 574.8 573.7 572.1 568.7 567.6 570 581.7 593.9 593.4 591.4 583.2 576.2 570.6 563.9 558.3 549.7 537.5 524.5 512.8 490.1 473.7 459.6 431.2 407.8 397.2 373.9 355.7 342.6 331.1 323.3 317.2 309.2 305.1 296.2 285.8 279.1 284.1 292.3 295.1 298.1 301.2 304.6 310.8 314.6 319.5 326.1 331 337 342.2 346.1 351.7 360.8 366.4 369.7 373.6 369.3 358.6 352 349.2 346.1 340.3
499.4 502.7 505.1 511.9 517.2 519 520.8 528.4 533.6 537.1 541.1 545.9 550.2 556.2 559.3 562.7 566.3 568 568.7 569.8 571.4 568.3 566.1 566.6 576.7 586.1 589.8 589 587.7 573.4 567.1 563.9 561.8 555.3 540.9 529.9 516.7 496.5 485.8 469.3 443.8 415.6 404.6 390.5 365.8 347.2 337 322.8 314 307.7 302.5 294.4 282.2 272.6 279.6 288.9 293 296.2 296.8 301.3 306.1 308.6 313.3 318.4 325 331 336.5 340.4 345.4 355.9 362.4 362.9 368.2 373.3 366 356.3 351.2 350.1 349.3
494.5 498.7 501.1 504.7 510.3 512.3 515.7 521.4 527 530 533.5 539.3 544.1 548.6 552.2 554 557.6 562.8 566.1 567.8 570.4 569.9 564.6 565.9 575.8 582.7 587 588.4 590.9 587.1 569.5 560 557.7 554.9 542.4 534.4 520.8 507.2 495.1 477.6 457.1 427 412.9 399.3 378.2 356.1 339.2 324 313.9 307.3 299.5 290.3 275.5 273.3 278 285.6 290.4 292.3 293 296.6 300.6 302.6 308.3 311.9 318 327 332 335.3 341.4 355.1 356.8 358.6 366.9 367.6 362 355.5 359 350.6 349.4
492.2 495.4 497 502.3 505.2 505.8 510.5 516.3 520.1 521.3 527.9 535.5 539 542.6 546.9 549.9 551.9 556.9 562.5 567.9 570.2 565.9 563.6 565.6 573.2 583.2 586.9 586.9 588 587.6 581.1 563.6 549.8 545.8 541.5 535.8 523.6 513.4 495.8 476.3 462.5 439.2 420.9 406.4 383.8 360.3 340.7 327 315.8 307 298.8 291.6 277.5 268.3 265 274 286.8 288.6 288.7 291.1 294 296.3 302.8 305.9 312.3 321.4 327.3 331.7 336.4 343.2 346.4 353.6 355.6 351.6 349.9 350.2 357.6 353.6 343.7
489.6 490.7 495.4 497.7 498.2 498.2 503.7 511.7 515.1 517.4 523.1 526.5 531.5 538.1 541.9 545.6 548.2 552.8 558.7 565.4 567.8 564.4 557.7 565.6 574.5 582.2 585.3 586.8 586.2 586.6 582.5 572.8 554.7 543.7 537.7 533.3 531.3 527.9 512.5 485.9 463.8 442.7 424.9 410.5 391.8 363.1 345 334.4 323.3 312.5 302.2 290.9 283.8 278.3 269.6 255 266.7 282.3 282.3 284.2 287.1 289 295.4 300.3 306.1 314.5 321.3 328.4 331.9 337.6 344.6 350.6 347.3 341.8 339.4 340.5 347.2 350.5 350.1
484.8 486.1 490.9 491.7 492.6 497.3 500.2 503.6 506.9 513.2 516.2 519.9 526.8 531.6 535.3 538 543.8 548.3 552.7 559.3 561 560.4 556.9 560.6 570.3 576.2 577.5 579.3 582.5 584.3 583.8 577.6 563.3 548 541.4 537.7 534 528.5 518.7 495.5 470.6 447.6 426.3 410.7 393.1 370 355.5 344.3 330.7 319.5 303.3 291.6 283.8 281.6 280.2 264.7 257.9 273.9 276.8 278.8 280.6 283.2 288.3 295.6 298.2 302.3 311.5 317.7 322.9 328.8 335.8 337.9 337.5 337.2 338.3 343.6 351.9 358.9 360.9
480 481.2 483.7 485.1 490.5 494.2 495.7 499.8 504.7 508.8 511.3 513.6 517.3 523.2 526.6 532 538.5 542.6 545.3 549 553.2 556.4 550.8 552 561.9 568.3 571.5 573 579.6 581.5 577.9 572.5 562.2 553.3 544.6 536.9 532.8 522.8 517.4 498.3 478.9 452 433.2 418.3 399 377.5 362.5 353.1 337.1 326.5 304.3 291.4 281.8 278.5 277.2 269.1 251.1 269.2 271.3 271.8 272.8 275.3 280.9 285.4 291 289 302.4 307.7 313.8 319.5 326.2 334.1 336.1 338.5 341.1 342.7 348.4 355.4 362.3
474.9 476.9 480.3 481.6 485.6 488.2 492.2 496.4 500.6 505.4 508.5 510.6 512.4 514.3 521.2 526.7 532.9 536.5 538.6 542.5 547.4 543.5 540.2 545.7 558.1 563.7 565.5 564.5 570.1 570.7 568.5 561.9 552.5 548.8 543.4 536.2 523.2 511.5 504.1 495.4 478.7 455.7 442 426.4 405.2 386 367 353.6 339.7 324.5 307.6 293.2 278.5 273.5 271.6 265.5 240.8 262.3 267.6 266 266.6 267.7 271.4 276.4 281 282.8 289.8 297.1 304.2 314.5 330.3 333.3 330.7 332.1 336.4 341.6 345.7 355.4 362
469.1 472.7 475.2 476.5 480 483.7 487.5 490.6 494.9 499.8 504.2 507.5 509.2 511.1 516.3 522.2 527.3 531.4 531.9 532.4 532.9 528.7 527.5 531.7 550.3 556.8 559.9 555 549.8 550.2 545.3 545.2 545.5 541.1 542.2 540.9 528.7 513.1 496.4 483.5 468.6 453.8 442.7 430 405 387.1 370.4 355.7 340.8 323 307.7 292.3 277.9 267.7 264.3 261.9 236.6 253.7 261.4 260.5 261.4 258 251.6 265.7 273.9 278.8 280.7 288.8 292.3 307.3 317.5 325.7 328.2 324.1 331.7 333 343.2 351.3 350.1
462.7 465.9 468.4 470 474.9 478.6 481.8 485.4 487.3 491.1 496.7 501 505.3 507.6 512.9 514.7 520.3 521 521.8 526.6 523.2 517.2 511.4 510.3 520.3 525.3 524.6 524.5 528.7 532.4 535.9 540.4 538.4 532.1 530.8 529.5 519.7 505.5 490.8 479.2 467.6 452.5 442.5 425.1 404.6 386.7 372.3 357.8 343.9 328 313 298.9 284.3 265.7 257.2 252 238.4 243.5 248.3 255.6 255.6 250.2 247 256.5 263.5 267.9 273.6 279.2 288.6 296.4 304.1 307.9 317.4 321.4 316 325.3 337.9 340.6 337.6
453.5 456.3 460.3 461 467.5 471.7 476.2 480.8 481 483.9 487.8 494.2 497.8 501.4 509.3 509.1 502 502.7 506.2 504.3 500.3 496.8 491.3 488.7 497.2 500 506.2 510.2 514.3 518.7 519.9 520.3 521.3 515.4 511 502.1 500.7 488.7 477.2 468.2 457.5 444.8 434.2 419.7 401.3 385.6 372 358.5 345.3 330.1 316.8 303.5 285.6 262.8 254.7 245.7 235.5 227.9 240.5 247.5 247.8 248.1 245.7 252.6 258.8 259.5 267.1 272.3 280.7 284.4 287.1 294.3 301.7 310 310.6 315.3 316.7 326.4 322
445.8 449.9 450.1 453.1 458.1 461.1 466.1 472.3 474.6 474.6 479.4 484.9 488.3 490.6 499.4 498 497.2 486.3 484.3 483 486.5 478.8 468.9 475.9 483.3 482.2 490 494 495.8 494.6 497.7 496.1 495.4 496.9 492.2 485.3 480.8 472.4 462.7 450.6 441.9 429.4 417.1 404 391.7 379 367.5 354.2 340.3 327.8 316.1 302.7 286.6 266.5 248.5 241.5 226.8 222.6 239.4 240.7 238 238.1 239.3 241.8 251.8 251.5 259.9 265.9 271.8 274.7 279 284.1 288 288.6 293.9 306.4 307.7 310.6 298
436.2 439.4 439.1 444.5 448.3 449.9 454 458.2 460.7 461.1 464.3 467.1 470.3 475.4 482.2 483.8 481.3 473.3 469.7 463.9 460.2 455.4 457.5 467 466.3 462.5 468.1 468.6 473.7 474.4 476.6 475.1 471.2 472.9 474.3 475 467.5 453.3 441 431.7 423.3 411.9 400.9 387.1 376 367.9 357.5 343.9 333.8 321 309.7 296 279.9 259.7 233.5 235.2 222.2 214.8 231.4 233 231.3 231.3 230.8 230.2 236.4 243.4 250.9 254.6 258.2 264.2 269.2 272.5 273 273.2 277.1 284.7 296.7 304.3 294.7
425.7 427.7 428.5 436.2 439.2 437.7 439.8 443.7 447.8 447.2 449.9 453 456.3 461.8 464.6 463.4 459.8 459.2 449.8 444.5 438.4 433.4 440.3 446.5 445.6 444.9 442.6 445.5 446.3 446.1 446.1 446.6 446.2 447.2 449.9 453.9 451.7 438.5 420.6 409.7 404.5 393.3 374.7 364 359.3 350.4 339.3 331.9 322.8 312.8 301.8 287.2 273.4 253.8 227.6 227.4 220 202.9 217.2 226.1 226 223 228.1 230.3 227.4 232.2 238.4 242.2 245.1 249.2 254.5 259.1 257 260.4 268.4 276.7 286.8 292 278.8
418 415.5 418.7 424.3 430.4 427.2 425.6 424.9 428.9 431.6 435.1 438.2 442.1 445 443.8 441.6 440.8 441.5 438.2 430.9 420.8 400.3 416 423.7 430.2 420.8 422.8 420.2 414.6 413.3 414.4 419.3 420.7 419.6 419.8 421.7 422.8 412.6 397.2 382.3 368.2 358.3 351 344.2 335.6 326.1 320.7 314.5 307.3 302.5 296.5 288.4 268.5 249.3 224.6 218.8 214.9 205.8 208.7 212.5 213.8 210.9 219.2 223.9 223.6 227.4 228.1 231.3 232.2 234.2 234.6 237.5 238.1 242.6 254.9 266.4 269.7 259.4 251.8
406.1 400.6 404.5 405.6 407.7 409.2 410.5 410.7 411.3 412.7 416.2 416 423.8 424.3 421.6 420.9 425.4 430.1 428.3 420.1 406.8 384.3 391.8 393.9 395.9 393.4 398.1 398.3 395.6 387.9 384.3 387.7 390.8 389.7 382.5 374.7 372 370.1 357.9 350.3 346.9 340.2 330.4 320.5 312 306.4 301.1 295.4 292 290.6 286.8 274.5 252.6 237.3 215.8 210.2 205.9 197.8 195.2 200.6 202.5 199.9 207.3 215.1 217.9 220.5 220.6 218.8 220 223.1 222.7 224.2 224.1 231.6 239.4 240.6 239 228.8 216.5
392.4 393 392.6 391.7 391.3 392.8 394.8 397.6 399 395.5 394.5 389.3 401.5 399.6 398.4 399.4 403.5 406 394.3 387.6 379.5 360.8 372 371.9 366.4 364.2 367 366.9 370.1 364 355.3 353.3 354.9 352.2 345.7 341 337.5 335.1 331.8 330.1 326.3 318 307.4 300 292.8 287 279.4 274.7 271.2 271.4 258.5 246.3 235.1 224.4 212.9 202.9 195.3 190.7 179.3 185.5 188.2 186.9 192.6 195.8 199.9 206.7 207.4 212.5 216.4 216.8 216.5 217.2 213.6 213.4 216.7 213 207.5 200.2 191
379.2 380.3 382.1 381.4 378 378.8 380.4 382.1 379.3 373 369.5 369.4 368.7 371.2 373 375.1 377.3 371.4 365.1 358.8 351.3 343.7 347.8 344.5 339.9 335.6 335.6 335.6 345.4 341.4 331.9 325.1 321.5 319.1 316.9 318.1 323.5 318.5 313.7 309 300.8 293.3 286.7 279.1 271.5 264.9 257.4 251.9 245.4 237.2 232.1 228.1 221.7 213.9 204 194 187.4 183.9 178.2 167.6 170.3 175.2 179.6 180.1 182.4 189.1 197.4 199.8 206.6 207.8 208.1 207 201.3 197.7 194.6 187.9 181.3 174.7 166.7
359 356.6 360.9 364.2 369.1 365 358.3 354.2 353 350.2 347.9 348.1 347.8 353 349.9 344.5 340.9 337.3 334.8 331.8 329.4 317.3 321.8 320.6 316.8 311.4 309.8 308.7 315.3 312.2 305.6 301.4 299.1 296.6 293.7 291.9 290.4 288.4 286.7 282.3 277.9 271.2 264.8 258.7 252.5 248.1 242.3 236.3 228.2 223 218.5 213.5 204.7 195.9 188.6 182.8 178.4 176.4 173.2 165.7 152.4 160 163.1 162.5 166.2 174.7 183.6 185.5 191.9 188.7 188.7 186.6 181.6 167.6 162.4 157.1 151.5 148.7 145.4
342 335.3 335.1 340.3 339.1 335.4 336.2 335.8 332 330.5 329.1 326.2 322.9 323.4 322 319.3 316.1 313.3 309.9 308.9 305.4 295.1 301.2 300.3 298.8 292.4 288 283.7 283.4 279.4 277.5 275.4 275 273.9 273 269.7 268.4 265.2 262.7 259.8 254.9 250.1 246.3 244.2 242.1 239.6 238.7 237.1 223.4 214.4 206.1 196.5 186.2 178.7 173 172.8 169.6 165.2 161.4 155.9 140.8 142.1 144.6 145.2 148.6 153.2 160.8 163.4 169.8 164.4 159.7 154.6 148.3 137.8 130.8 126.8 122.9 123.6 123
323.1 311.4 310.7 310.4 311.4 312 311.7 315.1 313.6 312.1 308 304.3 301.8 301.4 299.8 298.2 296.7 294.2 291.8 288 282.9 277.9 279.4 278 274.4 268.1 266.3 263.3 262 258.2 256.5 253.7 251.4 249.5 249.6 246.5 244.5 242 239.6 235.5 232.9 230.1 227.2 227.8 226 221.4 219.2 214.3 209.3 203.1 191.2 184.5 175.5 166.7 160 157.3 155.5 152 146.9 143.1 140.3 126.8 123.9 127.8 129.8 130.5 133.8 137.4 137.9 134.6 132.6 129 122.2 115.4 110.2 106.2 102.8 101.4 101
297.9 286.1 283.8 282.8 281 284.6 284 286.6 286 281.5 280 276.9 276.7 278.8 278.5 278.7 278.3 276.2 273.8 268.1 260.9 256.3 255.6 254.1 249.2 245.5 243.6 241 238.6 235.4 230.3 227.2 225.2 224.1 222.4 221.4 218 219 217.5 215.2 210.6 208 206.7 205.2 201.3 196.6 192.2 187.1 184.8 186 188.6 181 167.3 158.5 146.4 136.4 132 131.7 131.1 132.7 131.6 126.3 110.7 110.9 110 108.9 111.7 111.7 108.4 108.1 106.6 101.5 99.3 95.7 95.7 95.7 95.7 95.7 95.7
