WholeMapElevations/data/nx/nx05_OST50GRID_20230518/NX05.asc
ncols 200
nrows 200
xllcorner 200000
yllcorner 550000
cellsize 50
[rows 37 to 73 of 200, columns 0 to 83 of 200]
133.9 129.3 125.3 121.4 117.6 114.3 112 110.9 109.8 109.1 109.4 109.3 109.5 111.4 112.4 120.4 124.2 127.7 132.8 137.5 133.3 127.8 124.1 125.3 128.4 133.8 138 141.3 141.2 143.5 148.7 152.4 158.4 160 161.6 158.6 157.3 158.8 157.4 155.1 156.9 151.6 147.8 142.4 140.8 140.4 140.2 139 136.8 139.2 137.9 137.8 135.9 135.3 137.6 143.6 144.3 140.6 137.7 134.5 134.4 135.7 136.1 134.4 134.2 133.3 134.2 134.5 131.2 129.8 126.5 125.8 126.1 124.7 123.8 123.7 119.1 115.7 115 109.5 110 111.9 111.2 107.3
130.9 126.9 123.8 120.1 116.2 113.6 111.7 109.5 109.1 108.1 108.3 107.8 109 109.5 110.3 121.7 126.5 130 135.1 137.1 132.6 128 123.7 123.3 126.7 131 135.6 136.6 138.3 141.4 145.3 150.6 155.5 158.4 159.5 157.5 160.5 158.1 159.1 161.6 160.6 156 151.5 144.8 141.3 140.8 140.3 139.2 139 139.9 138.8 139.4 136 134.9 135.1 140.5 140.5 137.2 134.3 133.2 133.7 135 134 133.4 133.4 133 133.4 134.2 133 128 130 130.1 128.4 126.9 126.3 124.3 119.7 118.6 116.6 113.6 114.8 114.4 112.4 111.6
129.5 124.5 121.7 118.6 114.7 111.1 114.9 110.6 109.4 107.6 107.8 108.3 109.2 110.4 115.5 123.6 127.7 131.1 136.5 135.1 131.2 127.7 123.4 122.6 125.1 129 132.5 132.8 134.1 137.9 143.1 149.2 154.1 156.4 156.2 158 164.7 159.2 165.5 169 166.1 160.7 153.5 148.9 142.4 141.3 140.6 140.1 139.8 140.8 138.6 138.5 136.6 135.8 134.5 137.8 137.3 134.2 132.8 132.4 133.2 134.1 133.3 133 133 132.5 132.4 133.2 130.5 126.5 133.6 131.8 129.3 128.1 127.7 124 121.5 120.1 119.4 117.9 115.7 117.4 115.7 113.5
126.8 122.7 119.7 117.6 113.9 110.3 112.6 111.5 112.7 107.8 107.7 113 115.3 117.3 121.6 123.8 128.1 132.2 137.9 133.7 130 126.7 123.2 121.8 124.1 128 130 130 131.4 135 141.9 148.4 151.7 152.9 153.8 161.1 168 169.7 166.9 167.6 165.3 161.7 153.5 150.5 144.2 141.9 141.4 140.6 140.8 140.9 139.6 138.4 140.9 137 134.8 134.6 134.9 132.7 132 132.4 133.1 133.6 133.9 133 132.1 132.2 131.5 131.3 128.5 129.7 134.3 133.6 131.6 130 129.4 123.6 124.8 122.4 123.9 119.2 120.3 122 118.1 115.7
124.6 120.7 117.5 115.6 112.8 114.5 114.1 111.2 109.8 107.5 112.5 117.3 121.1 123.6 129.5 126.3 127.5 132.3 136.1 131.6 127.9 124.8 121.2 121.4 124.4 127.4 128.3 128.7 131.3 134 141.3 146.2 149.2 150.6 154.4 161.8 165 166.8 163.6 163.4 162.3 155.6 148 147.2 144.1 142.5 141.6 141.9 141.7 141 140.1 139.6 141.9 141.1 135.8 135.2 134 131.8 132.1 132.2 132.9 133.4 133.6 133.3 132 131.2 130.9 130.1 128.7 131 134.2 134.7 133.5 131.2 129.2 129.5 129.6 128.7 127 125.2 125.5 125.8 124 120.7
121.2 118.7 116 113.8 113.6 118.4 115.6 108.4 106.5 112.2 117.8 125.4 128.3 131.3 131.9 127.8 126.9 131.5 133 128.9 125.5 121.8 120.5 120.8 124.4 126.3 128.6 128.4 127.4 134.5 140.4 144.5 147.4 149.7 153.6 158.5 160.8 158.9 158.1 160.4 158 152.1 146.3 145.7 143.9 142.7 142.5 142.4 141.6 141 140.4 139.8 139.3 140.5 136.8 135 133 130.8 131.4 132.1 132.7 133.2 133 132.7 132 130.6 129.2 127.6 128.6 131.6 133.5 134.3 134.5 131.5 129.4 132.5 130.4 129.9 128.4 128.8 130 130 126.9 124.3
119.5 117.9 115.8 115.2 118.8 120.3 113 109.1 108 115.7 123.9 128.3 129.7 133.3 132.6 127.6 126.1 130.9 129.2 125.6 122.6 119.6 119.8 121.7 123.7 125.7 128.3 124.6 126.1 135.2 139.5 144.3 146.6 148.9 151.4 154.1 154.2 153.3 154 154 150.8 149.3 150 145.6 143.9 143.4 143.5 143.2 142.4 141.6 141.3 140.3 138.3 137.1 136.2 133.9 131.9 130.8 131.1 132.3 132.6 132.7 132.5 131.6 131 130.1 127.7 126.7 127.8 131.2 132.9 133.9 134.7 132.4 134.3 138.5 140 137.2 131.7 134.7 136.2 134.1 130.6 126.6
117.9 116.8 115.8 118.2 121.6 118.1 111.3 106.7 110.6 119.8 125.1 126.6 129.3 131.9 129.5 125.5 125.7 128.5 125.8 122.9 119.9 118.7 119.2 121.1 121.8 124.1 123.6 124.4 128 134.3 140.9 144.1 145.6 147.3 149.4 150.3 150.9 152 152.3 151.4 151.1 150.9 151.1 145.9 148.5 144.3 144 143.5 142.7 141.4 141.5 139.7 139 137.2 136.8 132.9 132.1 131 130.2 131.5 131.7 131.8 131.2 130.4 129.8 129.4 126.9 126.3 126.9 129.7 133.1 133.9 135 135 136.4 140.7 140.7 135.1 136.5 141.2 140.4 136.6 133.2 129.4
116.2 116.4 117.4 122 120.6 114.6 108.5 108 112 119.3 122 124.7 128 129.2 126.3 122.4 124.8 125.8 123 120.1 118 118.1 118.6 119.3 120.4 122.7 123.4 128.2 131.5 137.2 143.8 145.9 146.1 146.3 147.4 149.1 150.4 151.5 151.4 151.6 151.8 151.8 150.7 147.7 151 146.8 144.3 143.4 142.1 140.8 140.4 140.2 139.5 137.3 136.3 134 132.2 131.1 130.8 130.8 131.1 131 130.3 129.1 128.6 128.2 126.1 125.9 127.2 129.7 132.1 134.4 135.9 135.7 138.1 145.4 140.7 141.2 141.9 143 143.3 140.3 138.3 137.3
114.6 115.1 119.5 121.2 117.2 111.7 111.9 108 111.1 115.7 118.6 122.7 125.4 125.1 122.1 120.3 122.8 123.2 120.9 118.2 116.7 116.7 117 117.8 118.9 121.9 126.9 130.2 134.3 140.3 146.5 146.2 146.2 146.9 147.7 149.3 149.9 151.1 151.6 151.8 152 151.4 150.5 150.6 150.4 150.6 144.4 143.2 142.7 140.3 139.8 138.3 137.4 137 136.8 135 132.3 131.5 130.5 130.3 130.4 130.3 130.1 128.9 128 127.4 126.1 125.4 126.8 129.2 132.5 136.6 138.2 137.9 143 144.5 147.4 147.5 144.5 143.4 143.7 143.1 143.7 142.5
111.6 114.3 118 117.4 113.9 109 109.7 105.7 110.4 111.8 114.8 119.6 121.4 120 118.5 118.9 120.5 120.4 118.2 117.1 116.5 116.3 116.4 117.7 120.5 124.2 128 131.9 136.6 142.4 146.1 146 145.8 147.2 147.3 147.8 149.3 151.3 151.9 152.1 152.2 150.9 149.7 152.4 157.5 153.8 145.7 143.8 143.8 141.9 140.6 136.9 136.4 136.5 136 134.6 132.5 131.6 130.7 129.7 129.5 129.3 128.7 128.1 127.3 126.6 125.9 125.4 126.1 128.9 134.1 137.9 141.8 141.9 142.5 148.2 151.7 152.1 145.3 144 144.1 143.7 143.7 144.3
109.3 112.4 114.1 113 109.3 108.5 107.6 105.4 107.6 108.6 112.1 115.9 115.2 113.7 114.1 115.3 117.6 117.3 116.7 116.9 117.1 117.5 116.8 118 120.8 125.5 129.8 134.7 139.8 145.5 144.4 144.7 145.6 147.1 144.9 146.2 152 153.8 152.1 152.3 152.4 151.5 153.1 158.5 157.7 152.8 147.1 145.4 148.1 144.4 140.8 136.8 135.6 135.5 134.7 133.5 132.6 131.6 130.9 131 130.9 131.5 129.8 128.8 128.3 127.3 126.2 126.4 124.3 129.2 134.1 137.9 144.7 141.1 143.7 147.9 151.9 150.2 148 144.7 144.3 143.9 144.3 144.3
107.6 109.1 109.7 108.6 106.4 107.2 105.6 105.2 105.5 107.2 109.8 111.6 109.9 108 110.6 110.8 114.2 115 114.9 114.3 117.6 117.9 117.6 119.8 121.6 126.3 131.6 136.9 142.6 141.9 141.9 142.3 145.3 142.7 140 146 163.3 161.7 153.4 152.2 152.4 152.7 156 156.6 159.7 155.2 149.2 148.8 150.7 147.8 140.3 138.9 135.9 135.1 136 134.1 133.1 131.8 132.1 133.3 134.8 134.9 132.8 131 129.1 127.7 126.7 126.4 124.7 129.5 133.4 138.4 141 140.7 143.3 146.6 149.2 150.8 148.9 145.4 146.1 143.8 143 141.4
105.2 105 105.1 103.8 104.6 104.5 104.8 102.8 104 105.8 107.7 107 104.5 104 107.2 109.2 112.5 112.6 114.6 116 118.5 118.3 119.1 119.7 121.8 127 131.8 137.2 139.2 138.1 138.5 140.4 141.6 138.3 141.2 155.6 167.7 164.3 153.1 151.8 152 152.9 161.6 165.3 162.8 162.1 154.7 152.2 152.4 147.7 142.7 143.8 139.9 135.7 138.4 140.9 137.5 132.5 133.1 136.1 138.1 137.6 135.3 132.9 130.8 128.8 125.9 124.6 125.4 130.7 133.7 135 136.6 138.2 140.7 144.6 147 147 148.1 145.2 147.8 145.8 142.3 140.1
101.5 100.1 100 100.4 103.4 101.2 104.3 102.8 101.8 104.2 104.3 103.4 103.3 103.4 105.3 108.4 111.4 112.5 113.5 115.7 118.7 119.5 120.1 120.3 122.1 126.5 129.7 131.9 134.2 134.4 134.9 136.6 137.1 137.5 143.6 155.3 173 166.2 153.9 151.3 151 152.2 166.5 175.2 171.2 166.4 157.5 154.6 150.8 150 145.8 145.4 140.2 138.8 142.6 143.9 137.4 133 135 138.5 139.4 138.4 136.3 135.3 133 129.3 124.3 122.3 124.7 133.5 134.6 132.4 132.5 138.5 139.2 142.9 144.4 145.1 145.8 146.5 147.8 147 140.3 139.7
102.8 97.3 98.5 98.6 98.6 102.4 103.4 103.5 100.4 102.2 101.2 100.5 100.6 99.9 105.5 107.9 111.3 113.7 114.2 116.9 118 123 119.8 120.2 121.7 124.3 126.1 128.7 130.7 130.7 130.3 131.7 134.3 139.3 144.3 157.3 169.1 162.7 153.6 150.3 149.4 152.9 168.3 178.7 173.4 168.3 159.2 154.5 152 149.1 147.5 146 143.2 141.6 142.5 142.6 137 132.6 135.3 138.5 138.5 137.9 137.4 136.4 133.1 127.5 122.2 121.5 125.3 129.8 131.9 129.8 133.7 138.6 137.2 140.9 141.1 143 142.9 145.1 145.1 141.8 140.3 139.7
100 98.4 95.4 96.8 98.6 100.6 103.1 101.6 100 100.5 99.5 98.6 98.7 101.2 104.2 107.7 109.3 111.4 117.1 119.3 121.9 122.6 120.3 121.3 119.9 123.5 123.5 125.2 126.6 126.4 126.5 128.6 133.9 139.1 143.6 152.4 161.5 163.3 155.2 147.3 152.1 155.2 170 177.1 174.5 168.8 161.1 152.6 152 150.2 149.7 147 140.5 139.5 140.2 139.6 134.4 132.2 133.8 136 137.1 137.7 138.1 135.6 130.2 123.7 120.7 121.5 123.7 127.1 127.8 129.7 132.8 135.1 134.5 137.1 138.8 141.1 140.7 141.2 141.1 139.9 140.7 139.5
99.2 100.7 98.8 95.9 98.3 100.2 100.4 100 99.3 98.8 98.5 97.9 98.9 107.8 105.2 108.2 107.9 109.9 115.7 113.7 116.6 120.5 120.4 119.5 119.6 122.5 123 122.6 123.3 124.3 125.4 128.2 133 137.7 142.7 151.1 158.5 158.5 152.2 148.2 151.7 158.6 170.4 175.5 171.6 162.3 155.7 150.6 151.1 150.8 150.8 147.1 139.6 137.2 137.2 135.9 134.5 132.4 129.8 131.5 133 136 136.4 131.7 125.5 120.2 121.1 122 122.9 125.2 125.8 131.2 131.6 131.3 132.9 134.4 137.1 138.8 138.7 139 139.1 139.8 140.1 139.7
103.5 103.9 100.7 95.7 99.4 99.7 99.9 98.6 98.2 97.9 97.8 98.1 103.8 105.6 107.1 106.7 106.9 111.9 112.6 111.7 115.4 117.3 117 115.6 121.1 123.2 122.1 121.9 124.1 126 126.1 127.6 132.2 136.3 140.4 147.4 152.1 149.4 147.7 152.1 157.9 157.3 171.2 177.6 168.1 156.2 149 147.8 148.2 149.3 147.5 144.1 140.2 134.8 134.9 134.4 133.3 130.5 125.1 125.4 129.1 132.9 133.1 127.8 120.6 121.5 121.3 124.9 128.3 130.4 131.4 130.4 129.9 131.7 133 136.3 136.3 137.3 138.1 138.5 138.8 139.5 139.5 139.1
106 104.7 101.2 96.2 98.1 96.8 97.5 97.6 97.2 96.8 97.5 100 104 105.6 106.1 104.8 105.9 110.5 107.8 112.1 114.3 118.5 116.3 114.4 121.1 120.3 120.2 123.1 126.8 127.1 126.4 127.3 131.3 134.6 138.6 143.5 146.5 144.1 142.6 151.8 157.5 157.1 170 177.1 168 153.5 145.1 145.4 146.1 147.1 145.2 143.2 137.5 135 132.6 131.3 131.2 132.9 128.7 122.2 123.7 127.8 128.6 122.3 116.9 118.8 125.2 129.8 134.1 135.6 135.3 134.3 131.7 131.7 133.2 135 136.5 137.6 138.1 138.6 138.9 139.1 139 138.5
107.7 104.9 99.8 94.5 95.9 95.5 96.4 94.9 97.8 97.9 99.7 99 100.4 104.4 103.4 102.5 103.3 107.9 111.7 111.4 110.8 114.8 115.6 114.8 120.9 119.8 120.7 126.8 128 127.1 126.7 127.1 129.6 132.5 136 138.7 142 142.6 141.1 147.6 153.8 159.7 164.9 171.2 159.1 146.8 143.8 142.9 143.8 144.3 141.5 138.4 133.7 132 129.6 129.2 129.7 131.4 124.8 120.3 118.9 122 122.5 118 114.5 123.1 127.6 133.9 139.1 141.8 139.7 138.2 134.3 133.3 135.5 137.9 137.6 138.2 138.1 138.6 138.8 138.7 138.5 137.5
108.6 103.3 98.8 94.6 93.9 92.2 93.6 96.2 98.1 100 98.4 98.6 100.1 100.7 100.9 103.7 108.9 110.6 112.6 116.4 117 114 113.3 114.7 117.5 118.9 124.6 128.2 127.5 126.5 126.7 127.1 128.8 130.9 133.2 136 137.6 136.1 139 144.2 149.3 156.2 156.2 157 147.9 144.9 143.5 141.8 139.1 139.2 136.1 135.6 130.5 127.4 126.9 127.7 128.5 128.3 122.3 119.5 117.5 119.6 119.7 115.4 119.9 124.7 130.4 139.6 146.7 149.7 145.8 142.6 140 140.1 142.4 142.9 140.8 138.9 138.5 138.6 138.7 138.3 137.7 136.8
108.3 101.7 95.8 93.3 86.6 93.1 96.3 100.8 104.3 100.9 98.8 98.6 98.8 99.4 101.3 107.5 113.7 117.8 116.9 119.8 119.7 117.1 112.2 112.8 115.7 120.4 126.4 127.3 126.5 125.7 125.8 127 127.9 131.5 136.5 137 135.3 134.3 137.3 141.1 146.1 149.1 150.3 148.8 145.9 144.6 143.8 141.1 137.4 134.2 132.8 133.1 128.2 123 124.7 126.6 126.2 123.3 119 116.1 116.8 117.1 116.9 112.1 120.8 127.1 133.3 142.6 151.4 154.4 152.9 149.5 145.4 145.9 149.2 148.1 142.5 139.7 139.8 139.1 137.9 137.5 136.9 136.2
107.2 100.5 92.7 87.9 88.4 96.2 100.4 106.6 108.2 103 101.6 101 98.7 99.6 104.8 112.3 118.4 121 121 122.9 123 119.4 115.2 119.1 116.9 121.6 126 125.3 124.5 124.3 126 126.5 127.7 135.1 139.1 138.3 135.5 132.4 133.6 139.1 142.5 145.1 145.7 147.1 145.8 145.8 144.7 140.6 136 131.8 128.9 128.1 124.9 120.9 123 123.6 124.1 119.8 118.3 117.4 115.5 115.1 113.4 111.5 121.4 127.3 134.6 141 145 152 152.6 150.6 150.8 152.5 153.7 150.8 144.2 140.4 139.5 138.7 138 137.7 136.7 135.8
106.4 100.5 92.8 85 90.2 96.8 104.6 111 110.3 104.2 102.2 101 100.3 102.3 108.5 116.3 121.3 121.6 122.8 125.2 126.4 123.1 117.7 120.5 119.5 122.8 124.4 124 125.2 128.7 131.5 129.6 129.4 137 140.5 139.5 135.6 130.9 132.6 138.2 142.7 148.6 149.4 145.6 145.8 147.3 144.5 140.4 135.5 131.7 128.3 122.9 120.8 118.3 119.9 120.5 121 118.9 117.9 117.2 114.6 114.4 111.6 113 121 125.5 131 134.9 139.9 146.8 149.8 149.8 151.4 152.8 153.5 151.3 144.6 140.9 140.1 139.4 138.7 137.6 136.6 136.7
105.1 100.6 94 83.9 91 99.5 108.6 113.3 111.1 104.1 100.5 100.2 101.2 104.5 111.9 119.3 121.5 121.6 124.8 127.6 128.2 123.4 118.9 120.2 121.5 120.9 123.9 126 129.7 134.1 135.9 131.2 129.3 136.4 141.1 139.8 135.1 129.6 132.7 138.8 144.9 153.4 153.9 146.4 143.9 146.5 144.2 141.4 138.8 132.8 128.9 124.5 119.3 117.2 117.1 118 118.3 117.8 116.2 115.6 114.1 111.8 110.3 110.9 119.7 123.4 128.7 131.7 135.3 138.3 145 146.6 149.3 151.2 152.6 150.6 145 141.1 140.4 139.9 139.4 139 136.8 135.9
94.8 88.7 77.7 85.7 92.6 101.8 110.9 114.2 110.5 104 100.5 100 102.4 106.2 115 120.1 120.1 121.1 126.3 128.8 128.4 123.3 119.9 119.9 121.4 123.6 128 129.7 134 138.5 137.1 131.9 127.5 133.2 140.4 138.4 133.5 127.6 131.7 140.3 148.2 154 152.8 147.1 143.2 143.6 144.4 143.7 142.1 136.9 129.2 124.8 117.2 115.9 115.3 116.4 117.3 116.8 115.9 115 114.4 111.5 109.7 109.5 116.9 120.6 124.8 128.6 131 134.3 138.6 142.8 145.9 149.5 151.2 149.5 144.8 141.3 140.5 139.9 139.5 138.9 138.5 137.3
78.8 82.7 90.6 95.9 97.9 104.1 111.9 113.9 109.6 102.6 100.9 100.4 103.9 108.7 116.1 118.6 117.5 120.7 126.8 129.2 127 122 119.5 119.8 123.2 127.1 130.6 133.6 137.5 139.8 137.6 131.6 125.9 131.6 139.2 137 132.2 126.6 131.1 139.1 144.4 152.6 150.3 144.8 142.3 141.3 144.1 145.7 145.9 141.4 130.6 124.8 117.9 114.4 114 116.5 117 115.7 114.8 114.6 113.8 109.8 108.7 108.9 111.9 116.1 120.5 125.2 127.9 130.2 133.4 136.9 142.2 147.9 149.7 148.6 144.8 141.7 140.6 140 139.5 139 139.3 138.7
80.3 91.1 95 100.3 104 105.9 112.5 113.2 107.4 100.5 100.9 100.7 103.7 111.2 116.6 116.1 115.6 120.5 125.8 128.4 125.4 120.7 119.2 119.9 124.6 130.3 133.2 136.8 139.6 139.7 135.2 129.9 123.4 130.8 137.2 135.8 130.8 125 130.2 135.8 139.4 144.6 148.3 145.4 139.7 138.8 141.1 145.5 146.1 139.9 131.2 123.9 119 113.7 114.5 116.9 115.9 114 113.8 113.5 112.8 109 108.2 108.2 109.5 111 113.3 119.7 123.8 126.8 130.1 133.5 137.2 144.7 147.3 147 145.1 141.8 140.6 140.1 139.7 139.5 140 142.2
86.1 94.8 101 105.4 104.1 106.2 112.9 111.5 105.8 99.7 100.1 101.2 105.4 112.4 115.5 114.9 114.5 118.1 122.7 127 123.9 120 119.4 120.3 127.4 131.2 134.2 138.1 142 143.5 137.2 129.5 123 129.4 135.9 135.2 130.2 124 127.8 131.9 134.8 137.7 143.6 143.9 138.6 135.5 140.5 142.3 143.5 136.7 131.2 122.9 118.7 113 115.9 116.5 114.2 112.8 113.1 113.5 110 108.5 108.3 108.1 109.2 112.6 114.9 115.3 117.2 122.8 127.4 130.2 134.4 140.9 143.9 144.8 143.5 140.6 140 140 139.9 139.9 140.6 140.7
91.3 99.5 105.5 106.3 102 105.8 111.8 109.7 103.6 99.4 99.4 101.4 107 111.6 113.6 112.5 112.1 115 120.5 124.4 121.8 119.6 120.1 123.2 130.2 132.1 134.2 137.8 141.4 145.9 138.3 131.8 122.8 127.8 133.5 134 128.8 123.6 124.4 129 131.4 133.8 137.7 138.5 134.4 133.4 139.2 142.4 140 135.4 127.3 121.8 118 112.2 114.4 114.2 112.4 112.3 113 112.8 109.9 108.4 107.7 107.5 108.7 113.8 115.4 117.5 118.6 119.4 123.6 126.1 130.6 136 139.6 141.6 140.2 138.7 139.4 139.4 139.3 141.1 140.8 144
93.3 97.7 101.5 101.1 99 106.3 110.2 106.1 100.2 99.4 99.4 101.7 105.9 109.7 111.6 108.8 107.8 111.9 117.9 121.8 120.5 119.8 120.1 126.6 132.3 133.1 133 137.3 141.2 145.3 137.3 131.4 120.4 127.9 132.2 131.2 127.1 122.8 119.6 124.9 127.9 129.2 133.4 131 129.6 131 135.6 137.8 138.1 131.3 125.3 119.5 116.1 111.7 111.1 111.2 112.2 113 113.5 112 111.1 109.4 106.9 108.3 110.2 114.8 118.1 119.6 122.3 123.1 122.4 126 127.3 131 135.3 138.2 138.2 137.3 138 138.7 139.9 141.1 143.2 145.3
89.8 94.6 95.3 92.7 100.3 106.1 106.5 101.2 99.4 99.4 99.4 99.8 103.3 106.7 107.5 107 105.4 110.6 116.7 120.6 121.2 120.9 122.1 129.3 133.3 132.9 133.6 136.6 139.7 141.9 135.7 129.7 120.4 127.3 130.6 130.1 125.5 121.1 117.2 120.4 123.1 124.8 125.5 123.8 123.7 125.6 126.8 128.7 132.6 130.1 123.6 115.7 111.7 109.1 109.2 109.8 111.3 111.6 112.1 111.2 112.4 108.3 107.8 108.4 111.4 117.4 119.4 125.8 127.7 128.5 125.7 127.9 128.6 131.1 135.6 135.6 136.8 137 137.9 138.7 140 142.8 143.5 146
88.8 90.7 92.7 92.7 97.8 103.1 102.2 99.6 99.4 99.4 99.4 99.4 102.2 104 104.4 104.3 103.7 108.4 114.8 121.3 123.5 122.6 123.3 130.1 132.5 132.8 134.9 137 136.9 137 132.3 127.4 117.6 126.5 127.9 128.5 124 119.1 117.3 115.9 117.8 119.9 119.8 118.7 118 118.7 119.6 121.9 124.5 126.2 121.7 115.5 108.6 108 108.3 108.4 109.9 110.2 110.6 109 108.8 106.9 108 109 110.9 116.4 123.3 127.5 129.6 130.4 130.6 131.1 131.1 134.6 138.2 137.8 136.7 137.1 137.8 139 141 141.5 142.9 144
87.4 92.5 92.7 92.7 93.3 98.6 98 98.9 99.4 99.4 99.4 99.7 102.9 105.1 104.5 103.9 103 107.1 114.5 121.6 124.8 123.7 124.1 129.5 130.5 133.6 136.4 137.1 134.9 132.9 132.8 126.5 115.2 124.4 124.4 125.2 121.6 118.2 120.2 118.3 113.9 114.3 114.7 115.1 113.6 113.8 115 113.5 117.7 122 119.8 114.7 107.7 108.3 108.3 107.6 108.4 109.3 108.4 107.1 107 107.2 108.3 109.9 114.2 119.4 125.1 131.2 133 132.8 130.4 134.1 134.9 136.8 139.7 139.1 137.8 137.8 138.6 139.7 140.8 142 142.8 145.3
93.6 96.1 96.2 94.7 92.7 94.3 97.4 99.9 99.4 99.4 99.4 102 105.6 106.2 104.4 102.6 103.4 107.5 116.2 120.4 123.5 124.4 123.6 127.8 129 134.3 137 136.3 134.3 129.9 128.4 121.2 113.6 120.7 122.3 122.4 119.5 120.9 123.7 119.1 114.3 111.6 110.3 110.6 109.2 109 109.1 108.2 112.2 117.2 118.6 115.4 107.9 108.3 108.5 107.1 107 107.1 106.7 106.6 107 109.6 112.5 114.1 113.5 120.3 126.3 132.7 136.4 135.2 135.5 136 135.7 137.7 139.7 139.5 138.4 138.6 139.5 140.3 141.1 142.5 143.9 148
99.4 97 98.2 94.7 92.7 94.9 98.6 99.4 100 99.4 101.1 105.1 109.3 109.3 105.7 102.9 102.7 109.8 117 119.4 121.3 120.5 121.5 125.2 128.4 133.5 136.4 135.5 132 128.1 122.3 112 111.4 116.1 119.4 119.1 119.6 121.9 119.9 115.5 111.8 109.9 109.2 108.7 108.2 107.8 107.1 107.3 108.2 113.4 115.9 113.4 107.7 107.8 107.5 106.5 106.3 106.3 106.5 107.2 112.3 115.9 118.3 120 116.6 119.1 125.1 132.6 136.3 138.6 137.8 137.5 135.9 137.7 138.9 139.4 140.5 141.6 141.9 142.2 142.3 142.6 145 150.5
