UK/data/sd/sd79_OST50GRID_20230518/SD79.asc
ncols 200
nrows 200
xllcorner 370000
yllcorner 490000
cellsize 50
[rows 140 to 174 of 200, columns 0 to 77 of 200]
263.7 266.7 272 269.2 269.5 270.2 269.9 275.6 286.4 294 297.1 302.4 310.1 319.4 321.6 323.4 327.5 330.4 336.3 343.6 349.8 356.6 363.7 369.3 377.1 384.9 390.5 395.4 402.9 409.8 417.9 425.3 435.7 443 451.4 458.5 465.2 471.3 476.7 483.6 490.8 498.3 509.3 518.2 527.2 532.9 543.6 555.7 568.6 581.1 594.4 607.4 615.8 621.7 626.3 630.8 633.7 633.9 630.7 628.1 625.7 622.1 618.3 608.9 596 582.5 574 566.8 556.9 534.3 533.2 547.7 555.2 563.9 572.5 574.7 576.8 581.3
268.4 269.5 273.4 277.7 274.1 277.5 279.3 275.9 277.3 290.5 299.6 308.9 317.7 319.7 326 329.5 330.8 335.8 339.9 344.5 351.2 358.7 365.8 371.7 374.1 381.6 389.4 396 403.4 412.2 421.4 429.6 437.2 443.9 451.4 458.7 464.8 471.6 475.8 480.5 486.5 498 507.9 513.1 524 531.3 540.1 554.2 565.2 578.1 591.9 600.5 610.7 620.5 624.8 629.4 632.3 633 631.4 628 626.8 625 620.7 614 602.2 592.2 587.2 576.9 554.5 540.8 537.1 554.8 565.8 571.6 575.4 579.7 582.1 589.3
272.1 275 281 282.3 282.8 284.3 286.4 288.6 291.1 288.2 288.1 298.5 302.5 308.5 314.9 320.3 328 338.8 341.4 345.2 350.9 356.4 365.7 357.9 361 365.6 380.7 393.8 404 414.7 422.4 430.1 438.5 446.6 452.4 459.1 465.2 469.7 473.4 480.1 487.4 497.8 508.3 518.1 525.8 534.8 545.7 555 562.5 574.4 590 605.2 617.6 624.9 626.9 629.6 632.4 634.5 633.8 630 627.8 626.4 623.3 618.6 612.3 601.7 590.2 567.6 559 553.5 536.6 559.6 569.5 576.5 580.8 583.8 590.1 595.7
277.6 279.7 281.3 284.3 288.6 292.4 294.7 297.8 296.7 304 303.8 307.4 311 319.2 326.8 328.1 318.6 330.1 338.3 343.3 348.8 354.6 354.6 350.6 358.6 371.8 379.5 376.4 386.9 393.6 400.4 415.7 427 429.7 439.7 456.4 460.1 463 472.8 480.6 490.6 500.3 509.5 517.5 526.8 537.3 549.5 557.4 561.9 573.1 589 606.3 619.5 627 628.9 631.5 634.7 636.2 635.5 631.3 629.3 627.6 624.5 621.8 616.5 607 589.5 576.9 576.8 569.7 550 553.6 573.6 579.7 585.7 593.4 598.9 604.5
282.7 282.2 283.3 289 297.8 301 301.7 304.7 301 306.1 312.2 316 322.5 328 333.5 334.4 335.5 325.4 329.4 332.1 337.1 345.7 344.8 359 370.1 380.4 391.3 399.3 406.4 415.8 425 433.5 429.7 449.3 455.3 459.7 464.1 469.8 478.8 483.4 492.6 497.4 507.7 517 526.9 536.9 548.2 555.3 561.7 572 590.2 607.3 621.1 628.5 631.4 633.4 636.2 636.6 636.2 632 630.2 628.3 626.8 625.9 622.9 614.1 598.5 598.3 591.3 580.9 567.4 547.2 573.5 583.4 593.3 599.9 606.3 611
281.4 282.1 289.3 297.7 302.4 304.8 303.7 299.8 302.5 307.9 313.3 318.2 323.9 328.8 331.5 334.3 337.2 337.1 339.6 346.3 347.2 356.5 362.2 369.9 380.4 389.2 399.7 406.6 414.7 423 432.8 440.6 447.8 449.9 456.3 460.8 467.1 475.7 482.1 488.7 496.6 502.8 511.9 522.3 529.7 534.4 544.8 554.2 561.4 574.3 594.8 611.5 625.7 630.5 631.4 634 636.3 637.2 637.2 636.3 633.4 631.6 629.8 628.9 626.2 623 618.2 614.1 606.2 591.8 578.4 557.1 568.8 586.5 597.9 605.1 611.4 616.7
280.6 285 290.8 293.9 294.9 295.4 295.4 298.8 302.7 306.3 314.7 319.4 322.2 326.3 332.1 336 338.9 342.6 348 353.7 359.4 364 369.8 375.4 385.4 393.3 403.7 413 421.2 429.6 438.2 444.5 450 454.9 458.1 464.3 471.6 477.7 486.1 492.3 498.5 506.2 516.3 523.4 531.3 539.4 548.2 557 566.7 581.4 602.7 620.5 628.8 631.2 631.5 632.1 635.4 637.8 638.9 638.8 636.5 633.6 632.7 631.4 629.3 628.4 625.7 623 617 600.2 583.2 570.1 569.9 588.2 600.4 609 617.2 621.8
280.8 281.8 284.6 287.6 289.8 290.4 293.9 296.9 299.2 304.5 311 315.3 319.4 326.6 333 338.1 341 347.1 352.5 359.9 364.7 368.8 374.3 380.9 389.6 396.8 407.1 418.1 425.9 435.3 442.5 448.8 452.9 458.8 465 469.5 473.8 480.8 487.7 494.4 502.3 511 520.1 526.4 535.5 543.6 552 561.1 571.6 590.6 611.7 626.6 631 631.5 631.9 631.8 633.2 637.6 639.4 639.7 638.4 636.4 635.6 634.7 634.2 632.9 631.9 630.1 624.2 613 593.1 578.4 567.1 586.2 605 613.8 621.7 627.7
280.5 280.2 280.6 281.6 282.4 285.5 293 296.3 297.9 301.3 307.2 314.9 321.7 329.9 336 340.6 344 349.4 357.6 363.5 368.6 373.2 380 384.7 394.2 403.9 413.4 422.5 430.9 438.9 446.3 452.7 454.8 459.9 467.1 473.5 477.3 482.2 489.3 497.1 506.8 515.4 522.4 531.5 539.4 547.4 556.3 564.8 578.1 597.7 619.5 631.5 633.4 634.2 633.1 631.9 632.8 633.4 637.6 639.5 639.1 637.8 636.6 636.1 636.4 636.8 636.2 634.9 630.2 624.1 607.4 585.6 573.7 586.7 607.3 618 627.5 634.5
280.7 280.2 279.9 280.5 281.2 282.3 287.2 291.9 297.5 301.2 311.4 322.1 328 330.7 335.7 341.1 346.2 353.2 360.1 366 371.2 377.6 384 391.7 400.8 409.8 418.8 426.7 433.5 442.9 448.9 454.9 457.5 463.3 471.2 476.2 479.9 485.2 491.6 499.3 506.4 514.4 523.5 532.3 541.7 550 559 567.8 582.3 604.8 627.9 633.5 635.6 636.9 634.7 634.8 633.4 634.9 635.5 638.4 639.8 638.2 637.1 637.1 638.6 639 638.3 637.3 634.8 629.7 619.4 599.3 584.2 587.8 610.5 621.7 631 636.6
281.6 280.4 280.1 279.7 280.4 282.1 284.8 293.4 302.5 309.1 313.4 321.9 326.7 330.7 336.1 343.9 352.1 357 362.6 368 373.8 380.7 388.7 397.8 406.7 414.1 423.5 430.3 438.3 445.2 450.7 455 459.5 465 470.9 475.9 480 488.6 494.7 500.5 508.6 518.2 526 534.7 542.3 551.4 558.7 569.1 586.5 608.8 630.2 634.7 636.9 637.8 637.1 636.1 633.9 636.6 635 638.7 640.9 640.2 638.8 640 640.9 640.4 638.8 637.9 636.3 631 624 611.2 587.7 597 615.2 627.1 635.1 639.5
287.4 283.2 280.2 279.4 279.7 280.7 283.9 293.4 305.1 308.2 312.9 318.1 327 333.3 339.7 347.8 354.2 359.5 365.9 371.4 378.1 385 393.3 402.1 410.2 419.7 427.2 433.8 441.6 446.5 450.8 455.1 461 467 471.8 479.6 484.7 490.9 496.4 503 511.6 519.8 528 536.7 544.3 552.5 558.7 571.5 586.8 612.6 631.6 634.6 636.7 638 637.5 636 634.9 636.1 639 640.8 642.5 642.8 642.9 643.3 643.1 641.1 640.9 639.9 638.4 634.4 628.7 615.6 593.1 611.2 624.4 631.6 639.1 640.6
289 284.5 279.9 278.6 278.8 280.4 285.1 290.2 298.4 306 314.3 321.5 328.6 336.1 342.5 349.5 356.5 363.6 368.7 374.8 381.8 388.9 395.9 404.4 413 422 428.8 436.1 441.9 446.6 450 455.4 461.6 466.6 472.2 479.4 486.9 491.4 497.3 505 512.4 521.3 529.3 537.7 545.3 552.6 560.3 570.8 592 614.7 629.8 634.1 636.5 638.4 638.5 637.9 638.1 639.9 640.6 642.1 644.1 645.2 645.6 646.1 644.8 643.7 644 644.4 642.6 638.4 633.3 619.5 614.1 618.6 620.4 636.3 639.9 641.6
287.1 282.6 279.7 277.8 279.7 281.8 284.4 289.7 296.4 305.9 314.7 322.4 329.6 337.1 344 351.3 359 364.9 370.7 377.2 384.5 391.5 399 406.9 415.1 422.4 428.8 434.5 440.7 443.6 450 456.3 462.7 468.8 475.5 482 487.4 493.5 499.4 506.7 514.7 521.3 527.8 535.9 544.3 552.1 561.3 572.8 594 613.9 628.1 633.5 636.1 637.9 639 639.3 640.6 641.6 642.5 643.3 647.2 648.1 645.5 646.7 645.2 644.5 644.1 644 643.6 640.1 636.1 631.8 625.3 631.4 635.8 637 641 642.3
280.7 278.6 274 279.8 281.9 283.3 286.5 292 297.1 304.5 314.8 322.1 329.2 336.9 344.5 351.8 358.9 365.2 371.7 378.3 385.2 392.2 401.1 408.2 416.6 422.7 428.4 432.3 438.1 443.4 449.4 456.3 463.2 468.8 475.3 482 487.8 494.9 500.5 507.8 515.4 521.9 526.5 532.8 542.9 553.7 562.2 574.2 593.6 610.6 623.7 630.3 634 636.5 638.7 639.3 641 642.9 643.7 644.2 647.7 650.1 647.4 645.8 645 645.2 644.5 644.7 643.3 642.4 641.9 639.5 639.2 640.7 642.2 641.9 643.9 644.7
273.7 269 278.4 282.4 283.4 283.9 287.1 291.7 298.3 304.1 314.3 322.4 329.4 336.5 343.8 350.7 358.2 365.9 373.6 381 387.6 394.4 401.4 408.1 409.9 420.6 426.5 432.1 437.7 443.9 449.5 456.5 463.4 470 475.4 481.7 487.7 494.8 500.3 508.2 514.8 521.7 528.6 534.9 543.8 552.5 561.5 573.3 594.1 609.7 623.9 628.9 632.9 635.4 637.6 640.3 642.4 643.7 644.2 644.5 646.7 648.5 650.2 648 648.1 647.2 645.6 644.9 644.2 643.7 644.2 643.9 644.9 646.4 645.3 645.5 647.8 649.4
265 273.5 277.6 282.1 283.6 284.7 287.5 294 302.6 310.2 313.3 323.7 330 337 344.1 351.2 360.2 364.8 377.9 381.2 389.8 394.5 397.3 405.6 412 418.4 424.6 430.3 436 443.3 450.3 457.6 463.3 470.4 475.7 480.7 485.7 492.3 498.5 505 511.5 518.5 527.2 535.2 541.1 550.9 561.3 574.5 592.9 612.2 629.7 633.8 636.2 638.2 640 641.6 642.7 643.2 644 645.4 648 651.3 653 654.1 655.8 654.4 650 645.5 644.8 644.2 644.5 644.7 645.8 647.3 647.5 648.9 648.9 650
268.5 272.3 278 282.8 286.6 293 299.6 306 312.2 316.2 320.8 325.6 330.4 337.5 344 351.5 360.6 369.8 377.2 382.7 388 392.7 396.2 402.8 408.4 414.9 421.1 428.1 435.9 444.1 451.5 457.3 462 466 470.8 476.7 483.4 490.1 496.3 500.4 506.2 512.1 522.9 532.6 539.8 548.8 558.7 571.5 590.5 616.4 632.3 635.4 637.3 638.5 639.7 640.8 643.2 644.3 646 650.6 652.9 654.9 655.7 656.9 657.3 656.4 655.1 647.4 647.2 644.7 645.3 645.6 646.4 648.1 648.7 649.4 650.6 649.2
269.3 274.2 278.5 284 289.9 296.1 303.2 308.8 314.3 315.7 318.7 324.5 330.4 336 338.4 343.8 351.8 362.3 369.6 377 383.4 389.2 391.8 397.1 404.1 411.2 418 425.9 434 441.3 448.2 453.3 457.6 461.7 468.4 474.6 479.7 486.4 492 497.4 503.8 512.6 520.9 529.2 537.2 544.3 554 566.9 586.8 609.2 630.9 634.8 637.4 639.1 640.1 642.2 644.6 647.8 652.3 653.6 655.7 659.1 660.3 662 660.2 656.9 656 651.5 646.8 645.7 646.2 647.9 648.9 650.6 651.3 651.8 653.8 651.9
270.6 276.5 279 282.1 286.9 291 296.8 302.5 306.8 309.7 312.5 318.3 323.1 327.7 332.8 337 343.5 352.2 359.9 366.8 375.9 382.8 385.9 392.1 398.7 405.8 413 420.7 428.7 435.4 442.8 448.1 453 458 464.7 470 475.4 481.6 489 496.8 504.7 511.3 517.3 524.9 532.2 539.3 551.3 563 579 602.1 627.6 634.7 637.3 638.7 640.3 642.2 644.8 648.4 652.8 655.5 659.8 663.5 667 667.2 664 660.1 657.8 655.6 652.9 649 652.1 653.6 654.5 655.5 655.3 656.6 657.1 658.8
270.7 273.8 274.2 277.1 280 284.3 287.8 290.9 295.6 300.6 302.2 306.2 308.8 319.7 324.4 328.2 333.8 342.2 346.1 355.7 364.1 372.9 377.3 384.8 391.2 397.9 406.4 414.1 421.6 429.7 436.9 442.6 447.7 453.5 459 465.2 469.1 476.5 484.5 493.8 502 508 513.8 521.8 529.1 537.1 546.8 555.4 567.9 588.1 610.6 629.1 635 637.2 638.8 640.7 643.5 647.5 652.2 655.6 662.3 667.6 672.9 671.8 667.7 663.7 659.2 658.6 656.3 655.2 656.6 658.2 659.8 661.1 661.5 660.8 660.8 661.2
269.9 271 272.9 273.9 275.2 276.5 279.7 281.7 284.6 291.3 290.7 295.7 299.3 306.8 314 318.9 324.2 331.1 338.8 346 354.3 360.1 369.6 377 382.7 392 399.4 407.4 414.6 422.4 428.7 435 439.2 445.4 452 456.5 463.4 469.7 477.3 485.9 494.3 503.5 508.3 511.2 520.8 528.7 536.9 546.1 559.7 574.7 593.7 611.7 630 634 635.8 639 642.4 647.1 653 657.1 662.3 669.3 675 674.7 670.9 666.2 662.3 659.3 656 655.6 656.5 658 660.3 661.9 662.7 663.3 662.1 661.5
264.7 266.9 274.8 276.5 278 279.1 281 281.3 282.4 282.7 285.4 289.7 294.6 300.1 304.9 307.4 312.8 321.4 328.4 335.6 344.3 352.1 360.1 368.9 375.2 382.7 390.3 397.6 403.8 410.8 418.6 425.2 431.5 438.9 444.1 449.4 454.4 461 470.4 474.1 483.4 493.9 496.7 502.4 514.3 523.5 531 536.8 549.8 562.8 573.8 587.8 600.7 616.1 628.4 637 641.5 646.2 650.5 656.2 660.1 666.8 671.3 674.2 673.2 669.4 664.6 659.2 656.9 656.5 656.2 657.9 659.8 660.5 661.6 664.5 662.6 661.6
262.9 264.6 274.2 281 282.4 282.5 281.6 280.2 279.4 279.9 282.4 284.7 289.1 292.9 297.7 299 304.9 312.7 320.8 327.5 335.8 343.7 351.4 360.4 365.8 371.9 379 385.9 391.9 399.4 405.5 411.3 421.5 428.4 432.9 437.3 443.3 449.4 461.6 467.6 476.6 478.5 490.5 501.1 506.8 516.5 522.9 530.6 538.1 549.8 560.3 569 579.6 593.9 611.8 628.7 637.8 640.6 645.1 650.8 657.5 660.7 664.7 669.4 672 668.4 663.9 660.3 657 655.5 656.6 658 659.6 660.1 661.2 662.1 661.9 661.8
258.2 262.9 271.7 278.9 280 279.2 279 276.6 276.4 276.2 279.1 280.5 283.5 285.3 287.3 291.5 296.7 302.2 311.4 321.4 328.5 334.5 340.4 344.9 353.4 361.9 366.9 373.9 381 387.1 391.8 400.5 408 415.1 423.8 427.7 434.1 440.8 447.1 454.5 463.8 471.6 477.1 494.3 505.4 508 515.7 520.8 528.4 535.4 545 554.7 565.7 576.7 594.4 611 620 629.3 638.9 645.7 651 656.5 658.7 663.5 665.8 664.5 662.1 659.8 657.6 655.4 657.1 660.2 660.3 660.4 663.3 662.6 662.1 662.7
256.1 261.7 265.2 271.8 273.8 273.4 271.8 271.9 272.4 273 274.4 275.1 276.7 277.8 279.8 277.1 291.7 299.7 309 316.2 322.2 325.5 328.7 334.2 341.2 348.2 354.7 361.4 367.6 374.7 380.2 386 392.9 401.5 410.6 416.8 424 429.5 437 445.6 454.2 462.5 473.7 478 491 499 503.3 512.6 520.4 526.3 533.6 541.5 553.3 563.6 577.2 592.7 602.7 613.6 626.8 640.7 646.8 651 655.8 657.1 658.1 658.7 658.2 657.2 655.8 655.2 654.9 657.1 658.2 661.7 664.5 663.5 664.1 665.9
251.5 255.6 257.8 261.4 265.7 267.7 265.1 265.9 266.8 270.4 269.4 269.4 269.6 270.7 269.4 278.9 287.3 296 304.1 310.2 312.7 314.8 319.3 325.1 330.6 337.4 342.5 346 354 360.4 368.1 373.6 379.8 386.4 394.5 400.4 409.5 416.7 424.1 432.6 442.6 449.4 457.3 465.4 473 482.6 492.9 501.3 508.9 516.6 523.4 532.4 538.7 547.8 564.2 575 586.5 597 611.2 625.6 640.7 646.3 649.1 650.9 653.2 655.1 654 651.2 650 649.6 651.9 655.9 658.9 661.4 662.4 663.8 665.9 667.6
244.6 249.7 250.8 253.6 257.5 260.7 258.6 260.3 262.5 264.2 263.1 263.9 263.7 263.7 265.4 270.8 278 285.3 293.1 296.9 298.8 304.7 308.4 314 318.6 324.7 330.7 335.5 340.3 347 352.8 355.6 362.1 370.2 378.1 386.4 394.4 400.6 410.3 417.8 428.9 432.9 442.3 449.8 460.4 469.6 475.8 485.1 493.9 504.1 511.3 519.6 525.7 536 546.2 559.8 571.3 581 593.6 607.4 623.9 638.1 642.4 644.3 646.7 647.6 646.7 646.1 645.8 648 653.3 656.9 658.4 660.6 662.5 662.6 662.7 667.5
234.1 243.1 243.8 242.5 245.2 248.1 249.1 249.9 255.3 257.4 257.3 258.3 258.3 258.1 259.8 262.3 264.7 270.6 278.2 283.9 289.1 292.5 294 301.1 306.9 313.1 318.4 325 329.3 334.3 339.2 343.3 350.5 356 361.3 368.2 373.6 384.4 394.1 403.9 409.3 419.1 426.5 435.8 444.1 452.8 462.4 470.7 478.1 486.2 495.8 505.6 514.3 524.1 530.8 541.1 554.1 569.3 580.9 593 607.3 621.7 630.6 635.7 639.7 641.3 641.6 641.4 641.9 647 651.2 655.7 655.7 657.2 659.5 660.6 661.3 664.8
225.3 235.1 241.6 234 236.8 238.7 240.8 240.4 245.2 246 247.5 250.4 249.9 247.7 252.7 254.9 255.9 262.1 268.9 273 274.1 278.5 284.5 291 297.4 302.6 308.3 313.8 319.7 324.1 324.9 332.9 339.4 343.4 347.4 353.9 360.5 366.3 378.7 385.1 393 403.1 410.2 417.6 427.6 436.3 445.2 453.6 461.4 470.7 479.6 487.1 495.4 506.9 517.2 528.4 538.8 552.6 568.3 577.5 589.8 603.9 614.4 623.8 629.7 632.7 632.7 632.8 635.8 641.5 645.1 646.4 650.5 653.4 655.5 656.5 657 659.5
221.4 226.3 235.3 229.7 228.3 229.3 231.6 231.6 232.7 230.5 236.5 237 239.4 240 243.3 245.3 249.9 253.9 257 260 258.2 266 271.2 281 287.5 288.7 296.9 301.1 308.4 312.1 317 322.8 328.9 332.3 336.2 342.4 348 357.2 365.8 369.4 377.4 387.1 395.8 402.8 412.6 420.1 427.3 435.9 445.3 454.2 462 469.6 478.1 488.1 498.4 513 524.1 537.2 551.8 563.9 575.5 585 597.4 607.1 613.5 619 621.1 623.1 626.9 632.3 637.7 642.4 647 649.2 650.5 652.9 653.8 655.7
214.5 218.8 221.9 223.2 219.8 219.9 221 222.5 224.4 224.1 225.4 224.7 228.9 225.6 233.3 233.2 240 243.7 249.1 243.5 246.7 253.6 261.2 271.2 275.2 281.3 285.8 290.9 295.2 298.2 305.1 310 316.9 323.1 325.2 330.5 335.6 341.9 350 355.4 363.2 372.2 379.9 386.9 397.1 405.5 412.8 419.8 428.6 438 445.8 454.1 463.8 472 481.8 492.7 506.6 519.8 532.9 546 557.3 569.7 578.6 586.5 592.3 598.4 605 612.1 619.1 625.4 631.8 636.9 640.5 641.7 645.7 648.3 651.5 652.1
204.4 209 207.9 212.8 209.1 209.3 211 210.7 213.2 213.7 213.8 214 217.5 216 222.1 225.5 230.4 238.9 241.3 234 238.4 247.1 253 260.2 264.4 270.1 274.1 276.4 279.1 284.4 292.9 298.3 304.6 310.5 313 320.4 326.2 330.8 335.8 344.8 350.3 359.9 365.9 372.7 380.9 388.4 393.3 405.5 413.8 420.6 429.3 437.3 447.7 456.9 466.9 476.9 488 499.8 514.6 528 539.9 549.2 558.7 566.5 568.8 574 578.5 594.2 609.1 619.2 625.3 629.6 632.9 635.8 638.8 640.8 643.4 647.1
193.7 198.1 196.1 201.6 201.5 201.1 199.8 199.7 201.2 203.4 202.4 206.8 208.3 207.1 213.2 219 225.8 231.9 231.5 228.1 234 241 245 249.7 253.9 262.3 263.4 260.3 265.7 272.7 279 286.6 292.3 297.2 304.5 310 313.6 320.5 325.8 332.5 338.9 345.3 355 361.4 367.5 373.6 379.1 387.4 396.2 404.9 415.2 424.2 432.9 441.8 451.6 462.1 471.4 481.6 494.3 505.4 518.6 529.7 538.8 541.2 535.7 543.7 555.8 582.1 596.2 607.5 615.3 620.6 624.8 628.5 632.8 634.2 636.6 643.8
178.1 185.7 189.1 194 194.1 193.9 192.6 194.2 196.8 199.3 197.9 198.6 198.5 200.6 203.5 210.1 217 221 223 220.6 226.8 229 231.4 237.8 245.4 248.8 251 251.1 254 259.1 266.1 272.9 278.7 280.9 286.8 288.9 300.3 309 313.7 320.6 326.2 335 343.8 349.3 355.5 360.7 366.7 373.8 380.7 388.5 398.2 408.1 416.1 426.4 435 444.8 454.9 464.6 474.6 485.3 495.7 506.4 512.4 509.4 502.4 515.8 544.8 563.1 580 588.7 601.9 609.2 615.1 619.3 624.4 628.8 637.1 640.7
