WholeMapElevations/data/nn/nn46_OST50GRID_20230518/NN46.asc
ncols 200
nrows 200
xllcorner 240000
yllcorner 760000
cellsize 50
[rows 35 to 69 of 200, columns 79 to 157 of 200]
845 854.9 865.2 874.2 881.9 890.5 899.6 905.2 899.7 875.9 837.9 801.8 775.8 746.3 719.1 699.3 672.9 652.8 641.1 636.4 636.4 636.4 636.4 636.4 636.5 635.8 636.1 640.3 638.3 636 634.3 633.7 633.6 631.4 628 626.9 625.1 620.6 612.5 608.6 605.2 600.5 596.9 596.6 595.9 589.9 585 580.7 578.6 577.7 578.6 579 581.8 579.3 577.2 572.7 569.2 567.9 563 560.8 560.4 557.4 555.2 556.6 558.5 557.3 556.7 554.8 556.4 558.6 559.7 561.2 559.2 559.1 556.1 550.2 545.1 543.4 536.2
834.2 843 851.2 859.7 868 876.4 884.2 888.3 883.5 852.7 817.3 791.3 764.6 737.3 712.8 695.1 671.9 649.6 642.6 636.4 636.4 636.4 636.4 636.4 635.7 635.9 637.2 636.3 633.9 633.3 632.6 630 626.8 628.1 626.3 622.8 618.9 614.4 609.3 606.3 604.2 599.5 595.2 594.7 591.7 591.9 589.6 577.2 574.8 571.3 572.4 574.6 574.3 574.5 570.9 570.6 566.7 563.6 560.5 559 556 555.5 554.1 555.7 557.7 556.2 554.8 551.5 552.3 552.6 554.2 555.5 555 553.7 551.5 547.6 543 535.9 531.2
819.4 828.2 836.7 845.9 854.3 862.7 868.9 870.7 859.3 833.4 800.8 777.9 753.7 726.9 702.5 684.9 668.5 647.5 639.3 635.4 636.4 636.4 636.7 637.3 634.6 638.1 635.5 634.6 632.7 631.6 628.3 626.8 624.7 622 619.7 614.9 612 609.6 607 602.5 601.2 597.8 593.9 592.5 594.3 588.1 578.3 574 570 568.6 568 569.8 569.6 568.6 568.3 564.8 561.8 560.2 556.5 557.6 553.5 553.2 553.5 557.5 558.3 556.6 553.7 545.8 544 547.5 548.6 549.3 549 549.8 546.1 542.2 539.4 533.9 527.4
806.4 814.2 822.1 828.9 838.2 848.3 853.5 854 840.7 813.1 786.9 762.8 742.4 719 698.3 684.2 665 650.1 639.6 639.2 638.8 639.2 638.8 639.1 636.4 636.3 635.6 633.5 632.4 629.7 627.4 624.1 621.6 618.8 615 611.9 609.7 607.6 603.6 600.3 599.9 596.9 592.9 593.2 588 583.5 578.2 572.5 570.1 568.1 566.2 564.8 568.1 564.8 563.1 559.9 560.4 559 552.1 552.1 550.6 549.4 553.1 555.8 555.3 557.9 553.4 542.1 541.8 546.4 544.1 543.9 543.5 543.7 542.4 539 536.6 528.8 522.7
793.5 803.2 810.8 818.3 825.4 832.3 836.3 832.3 821.6 803 775.8 751.4 733.2 709.7 691.2 676.6 660.5 649.1 644.3 644.6 643.3 641.1 639.1 637.4 636.9 631.3 632.7 629.3 627.6 626.4 623.9 620.9 617.5 614.8 610.6 610.6 607.3 604.1 600.3 597.8 596.4 594.4 591.2 589 584.8 582.4 577.5 572.6 571 569 567.8 565.7 561.1 560.6 559.2 557 556.1 556.4 552.1 548.8 546.3 545.6 549.7 549.3 551.2 551.2 546.8 537.4 538.2 538.8 539.8 538.4 540.5 540.7 538.5 535.3 535 530.3 521.6
781.6 791.9 801.2 808.5 814 817.4 816.2 816 809.8 791.2 763.4 742.3 721.1 701.3 684.7 670.5 659.3 649.6 647.8 646.4 644.1 642.4 638.1 636.3 635.2 631 628.3 624.1 623.3 620.3 617.5 614.8 611.3 609.5 607.8 607.2 604.7 600.6 599.2 595.8 594.4 592.2 587.9 585.3 582.6 578.6 576.1 572.5 569 568.1 566.8 563.4 560.2 558.8 555.3 553.8 554.4 553.9 549.5 546.2 545.1 545.1 544.2 545.2 547.7 545.5 544.6 533.5 534.6 533 534.2 533.9 533.9 536.3 535 531.3 528 526.6 521.1
770.4 780.6 790 796.7 802 805.2 804.4 797.1 788.8 772.8 750.7 730.5 712.4 690.5 677.8 667.8 661.4 654.8 650.7 648.7 646.7 643 640.3 636.4 632.1 627.5 622.4 619.6 617.9 615.7 613.8 610.6 606.7 605.1 603.4 602.9 600.4 597.1 594.3 591.9 590 588.7 583.5 581.6 578.7 574.9 571.9 571.2 566.5 565.3 565.5 562.6 558 556.3 555.3 554.5 552.2 550.2 549.9 546.8 544.6 544 543.7 545.7 547.1 540.8 533.8 533.4 533.1 532 530.4 532.6 532.5 530.9 532 528.5 526.7 522.1 520.9
762.4 775.3 785.8 794.2 799.9 805.5 807 805.6 804.7 792.2 770.3 747.6 722.9 702.4 683 671.8 665.5 660.5 654.9 652.1 648.7 644.9 641.5 637.1 632 625.3 620.5 614.9 613.3 610.2 608.8 605.4 602.5 600.2 599.8 595.4 592.1 591.5 589.5 587.5 584.3 583.1 579.2 577.2 573.3 571.8 569.2 567.6 564 561.1 560.5 558.7 557 553.7 552.4 552.7 550.9 548.4 546.1 544.2 544.6 543.8 543.6 544.7 546 540.9 534.2 532.7 532.7 531.8 529.6 527.2 529 529.2 527.3 525.7 522.9 517.5 512.5
765 777.5 787 796.4 804.4 810.2 815.1 818.3 820.9 808.4 785 759.3 738.5 713.4 689 680.1 670.7 666 660.4 657.1 654.1 651.8 646.2 638.8 631.7 625.6 619.4 612.5 606.6 606.6 604.5 601 596.7 595.4 593.1 591.8 587.9 586 584.8 581.3 579.6 576.6 574 572.6 569.3 567.7 565.5 562.8 561.3 558 557.4 554.8 554.1 550.3 550.4 549 547.7 547.2 545.5 545.2 546 545.4 545.6 545.5 538.6 535.3 533.9 533.7 533.6 532.8 531.3 530 529.2 528.7 526.7 522.9 518.5 514.6 513
768.6 778.8 790.2 800.4 808 814.4 822.5 829.7 834.7 824.5 796.1 771.2 745.2 725.5 703.3 693 682.2 673.2 667.6 665.1 660.8 658.2 649.8 643.3 632.3 625.1 618.1 611 605.4 603.1 599.3 596.7 592.1 590.6 587.5 586.2 582 580.7 579.2 575.9 574.2 571 569.8 567.8 565.7 563.2 561 559.2 557 554 553.8 551.6 551.1 547.7 546.3 547 546.3 544.7 544.8 544.7 545.1 545.8 549.1 548.1 539.6 537.7 536.8 535.5 533.9 531.8 529.5 527.7 528.8 527 524.6 523.6 518.8 513.4 508.9
773.1 784.8 795.9 806.1 815.3 823.2 834.1 841.9 842.5 831.5 808 786.7 761.8 743.3 725.9 712 700.7 684.7 677.7 674 669.6 660.7 652 644.7 633.8 623.8 614.8 607.7 602.3 597.2 593.8 590.1 588.2 585.2 582.2 578.6 576.5 575.1 572.2 569.3 567.6 567 564.9 562.8 561.3 559.9 557.2 555.7 553.6 551.2 551.9 550.4 547 546.7 545.2 542.9 544.9 545 544.7 544.7 544.7 547 547.1 547.3 541.1 540.4 537.6 535.8 533 531 529.6 527.9 526.4 523.4 520.7 518.8 514.2 512.5 509.5
779.9 792.8 804.4 815.1 824.1 835.6 845.9 853.9 854.7 842.8 818.7 803.1 786.4 768.4 746.8 734.8 715.5 698.8 688.3 678.6 673.2 661.2 653.6 646.3 636.8 625.3 616.1 604.4 597 592.3 584.1 583.5 579.7 576.3 573.8 573.5 571 569.9 566.2 565.5 563.1 561.8 559.1 559.6 557.6 554.6 553.1 551.1 549.1 549.8 548 545.3 544.7 542.8 543 541.5 541.9 542.9 543.9 544.2 544.4 545.4 548.4 544.8 542.5 541.6 539.3 537 534.4 531.2 529 527.1 525.8 523.3 520.1 518.1 515.8 513.9 509.2
788 801 812.1 823.8 833.5 847.8 861.5 871.5 874.6 864.7 839.4 818.3 798.8 785.3 771.4 757.7 734.7 721.2 704.1 683.1 675.9 666.6 657.4 646.3 636.7 623.2 613.1 602.9 594.4 589 582.6 574.6 571.4 567.6 566.7 565.4 565 563.1 560.6 558.8 557.3 556.6 555.5 554.1 552.6 551.4 548.9 547 544.8 544 544.2 544.1 542.4 541.6 539.9 539.6 539.8 540.9 542.2 544.2 544.5 546.7 547.2 543.5 541.9 540.7 538.9 536.9 534.7 532.9 531.5 529.6 527.1 525 523.2 521.4 519.3 517.1 513.6
794.2 810 821.5 833.6 846.4 862.1 876.2 889.1 901.2 890.6 861.2 842.5 827.2 811.4 795.9 778.6 750.2 732.2 718.3 692.2 678.3 668.3 662.3 653.2 639 627.1 614.6 601.7 592.8 582.8 577.5 571.9 566.1 560.2 560.5 560.2 557.5 554.8 554.3 553.2 552.9 552.4 550.4 550.2 549.5 547.3 546.3 543.8 541.2 541.1 541.7 541 539.3 539.6 538.6 537.4 538.8 539.9 540.9 543.7 545.1 546.3 542.8 541.9 539.6 538.6 537.6 536.3 534.7 533.6 531.9 531.4 530.3 529.3 528.1 525.6 523.2 520.4 518.6
808.9 820.6 832.9 847.1 862.1 876.6 888.7 900.7 914.3 923.9 899 873 852.7 833 812.5 790.9 769.5 743.1 720.8 695.2 676 671.3 664 652.5 638.6 626.1 613.5 600.7 590.1 582.5 574.5 566.8 561.7 555.3 554.3 552.9 551.2 550.4 549.8 548.2 547.6 546.9 547 546.6 544 543.9 542.4 540.2 538.4 537.6 538.9 538.7 537 535.9 535.9 536.5 537.7 539 540.5 541.6 544.2 547.2 540.6 539.2 538.7 538.5 536.9 535.9 534.3 533.4 532.7 532 531.7 532.4 531.1 529.2 526.8 523.7 521.9
821.2 834 847.2 859.5 874.3 886.5 899.4 911.8 925.2 940.1 940.8 923 894.5 864.8 835.2 805.3 780.4 750.9 718.5 692.9 679.6 668.2 660.9 649 636.9 627.4 612.6 600.2 588.8 580.6 569.4 564.4 557.9 550.7 550.1 549.6 545.3 543.9 545.2 544.2 543.4 542.8 543.8 542.5 538.6 538.4 538.2 536.9 534.2 534.7 534 532.9 532.7 534.6 534.8 535.2 534.8 535.4 537.5 539.9 542.5 544.4 539 539 538.5 536.3 535 533.6 533 532.2 532.1 533.4 532 531.9 531.6 529.4 526.2 523.8 522.3
833.1 844.6 857.2 869.8 880.9 892.9 906.1 917.9 931 944.1 951.8 943.6 920.6 894.6 848.4 814.7 782.3 751.6 715.8 695.9 677.7 667.4 658.7 647.2 636.2 627.2 611.1 599.1 590.6 580.6 570.1 561.5 555 549.8 543.7 544.6 541.3 543.3 540.7 540.9 539.8 539.1 538.3 537.3 536.1 535.4 533.6 533.2 531.2 532.6 532.4 531 532 532 531.7 530.8 531.2 534.5 536.7 539.2 541.8 539.3 537.1 536.8 536.9 534.6 534.8 533.5 533.6 532 533.1 533.1 533.1 532.4 530.9 529.7 527.9 525.5 522.1
839 851.5 864 875 885 895.9 906.6 917.4 926.5 938.6 942.3 932.9 911.4 883.8 848.7 814.5 778.8 744.8 717.2 694 676.3 665.5 656.7 647.6 631.3 623.2 611.3 595.7 590 577 566.2 558 549.4 544 542.3 538.4 538.2 537.8 536 536.1 535.6 535.9 534.8 534.6 533.8 531.2 529.2 530.7 528.4 530.1 529.9 528 529.1 530 528.7 528.9 529.5 532.7 534.5 537.6 538.4 534.4 535.5 535.9 535.7 533.4 532.9 532.7 531.9 531.7 532.6 532.6 532.6 532.2 531.2 530.3 527.8 526.1 524.9
843.2 854.8 865 874.9 884.2 893.7 901.8 910.6 919.9 923.9 924 913.8 893.8 863.3 832.1 802.9 771.7 737.7 710.6 701.4 681.2 666.2 655.4 644.9 632.5 619.1 607.4 593.6 582.4 572.4 563.1 556.6 548.2 542.2 540.8 538.3 537 534 533 533.5 533 531.6 531 530.6 528.7 526.8 526.4 527.4 526.2 525.7 527.1 526.8 526.8 528.4 526.3 525.5 527.4 529.9 532.6 535.8 535.7 532.5 532.6 532.5 532.9 532.6 532.2 531.4 531.5 531.7 531.8 531.1 529.1 528.9 529.6 529.3 527.2 526.2 524.4
841.9 852.2 862.1 870.6 879.1 887.7 894.7 903 909.5 912.6 905.7 892.9 880.9 853.1 822.5 790.7 759.8 735.6 705.7 698.9 681 667.1 653.5 638.5 626.2 616 602.4 592 580.6 567.6 558.8 549.4 543.5 540.2 539.2 538.2 534.5 534.2 532.1 529.6 526.7 526.7 525.6 524.5 524.7 521.4 523.4 521.6 521.4 522.5 522.7 522 523.5 523.6 524.4 523.1 523.9 526.6 529.3 531.4 531.2 529.2 529.2 530 529.9 529.3 529.8 528.8 529 529.5 528.4 529.2 527.7 526.6 525.8 525.1 525.8 523.6 520.7
838.1 846.4 854.5 863.2 872.5 880.6 887.1 892.8 894.9 892.9 888 878.8 863.7 840.9 815 788 750.4 732.3 704.7 691.2 677.3 662.3 651.6 637.6 625.1 612.7 601.6 587.6 577.4 563.3 554.8 549.1 546.7 541 538.4 536.7 533.3 532.2 530.8 528.8 527.5 522.4 522 521.4 519 517.5 519.9 519.4 516.9 517.1 517.7 518.2 519.3 520.4 520.5 521 521 523.1 526.3 527.8 527.3 525.6 525.6 525.6 525.9 526 525.9 526.1 525.2 526.4 525.6 526 525.3 524.7 522.3 521.5 521.2 518.9 515.7
831 838.7 846.3 854.1 862.3 869.2 874.5 879.8 881.8 880.9 877.3 870.8 856.8 830.3 803.7 774.1 747.8 730 712.2 690.7 671.1 653.9 646.1 633 623.3 612.3 598.5 586.9 572.7 560.5 553 549.3 545.2 540.9 539.4 536.3 533.4 531.8 530.2 526.6 523.4 521 522.1 515.8 517.9 516.4 516.9 514.6 514.1 513.6 514.7 514.8 515.2 515.7 515.7 514.4 515.6 518.6 522.4 523.8 526 523.5 523.4 522.5 522.6 522.5 523.2 522.1 522 522.3 522.7 522.5 521.9 520.2 519 517.6 515.6 514.3 511
822.8 828 835.6 842.7 850 856.6 861 866.8 868.8 866.7 862 856.1 841.4 824.4 794.7 762.6 734.6 718.5 704.5 686.6 667.2 648.9 634.2 628.8 621.9 613.4 598.7 587.8 573.6 558.9 552.4 548.3 542.5 539.4 538.1 534.4 531.5 530.2 527.8 526.9 523.5 519.7 517.6 514.5 516.2 516.7 514 510 511.5 511.1 511.2 510.5 510.5 511.2 509.7 509.4 510.7 513.5 517.2 520.5 521.8 518.4 517.6 518 517.5 518.8 519.4 518.8 518.9 518.1 518.3 517.5 517 516.6 513 511.9 510.9 505.9 502.3
812.5 818.2 822.8 829.8 837 843.9 848.5 854.3 855.7 854.1 853.1 846 827.8 812.1 785.8 749.5 720.8 704.5 689.9 673.3 655.5 641.9 629.8 624.8 616.2 607.6 598.2 587.5 574.4 559.9 551.3 544.4 537.7 536.1 534.5 534.3 531.4 527.8 526.5 525.1 520.9 520.7 515.7 514.5 512.8 512.8 513.5 511.8 506.4 507.3 505.4 506 505.7 505.8 504.6 505 505.9 509 511.6 514.6 517 515.9 513 512.9 512.4 512.3 512.4 511.9 513.5 513.9 513.5 511.8 511.5 511.5 508.9 507.4 503.9 499.7 493.6
799.8 803.2 808.3 815.2 821.9 829.2 837.1 843.8 846.6 844.6 838.9 830.1 819.8 795.4 760.8 724.3 703.8 690.8 678.9 663.7 644.6 633.2 627.4 618.6 609.7 602.3 595.9 586.3 577.3 557.9 550.1 542.6 537 536.6 534.4 531.7 528 526.4 525.4 523.3 520.1 516.1 512.9 512.2 508.6 511 510.1 506.7 500.9 503.7 501.1 501.6 502.7 502.6 500.5 500.9 501.3 504.6 505.6 508 511.5 511.6 509 508.3 508.5 507.8 507.6 507.4 507.8 508.6 508.6 508.1 506.3 505.7 503 499.6 496.2 491 488.7
785.9 790.6 795.7 802.3 809.5 817.1 826.5 833.2 837 835.8 830.9 819.9 804.9 772.3 740.1 707.6 690.6 679.3 665.7 654.5 642 635.1 625.8 617.5 609.2 600.4 590.7 580.9 569.7 558 551.5 544.2 538.5 536.3 535 534.5 529.1 526.3 524.2 522.3 518.1 512.7 510.9 508.9 504.6 508.1 505.7 501.5 500.8 498.9 496.5 496.5 497.9 497.2 495.9 496.7 497.6 498.1 498.2 503.1 504 505.8 504.6 502.8 503.6 502.9 500.1 501.7 502.7 503.4 507.7 505.4 503.1 501.9 496.2 495.3 489.6 484.5 482.8
776.6 783.3 788.6 794.9 801.1 807.7 817.2 824.1 829.2 828.3 826.6 821.7 795.5 755 724.3 700 682.7 670.9 660.6 649.2 640 632.3 624 615.5 606.1 597.7 587.8 578.3 567.9 560.4 551.5 547 539.9 537.3 535.4 531.5 528.9 526 526.6 522.6 519.8 514.4 512.5 507 506.9 504.2 496.8 500.1 498 496 491.4 491.7 491.2 491 489.4 489.6 492.4 492.8 493 493.8 494.9 497.1 497.3 497.2 496.5 495.4 494.8 495.5 497.5 498 499.9 506.8 500 498 496 491.7 487.2 483.9 479.3
771 776 781.9 788.9 796.7 803.9 810.4 816 820.3 822.8 822.6 815.3 793.7 749.1 715 697.4 679.6 666.2 656.2 649 640.5 634.4 626.3 615.4 606.7 597.4 588.6 579.2 570.3 561.5 551.8 546.7 542.4 539.2 536.9 532 528.9 525.4 522.7 519.3 517.2 512.6 509.8 507.4 505.6 501 499.3 495.2 493 490.6 490.6 485.6 489.1 483.6 483 483.5 485 487.9 489.3 487.3 486.8 487.7 491.8 490.2 491.1 488.2 489.5 489.3 491.4 492.3 494.8 498.1 499.7 490.7 491.8 487.3 481.6 477.7 473.7
765 770.2 777.1 783.4 792.1 800.4 807.6 813.5 817.5 818.2 821 811.4 783.9 743.2 708.8 692.7 678.4 665.3 655.4 647.8 639.9 634 625.8 615.7 605.8 597.5 587.9 579.5 572 563.6 555.4 550.6 546.2 542.5 537.2 533.6 530.7 527.6 523.1 519.4 514.5 511.3 508.6 505.5 503.9 501.3 496.6 491.6 487.9 485.8 484.2 483.8 482.5 480.8 479.5 477.1 481.4 482 483.3 483.3 481.8 480.7 482 484.9 484.7 483.8 484.1 487.3 485.9 485.4 488.2 494.4 491.1 490.3 487.7 479 477 471.2 466.2
758 764.5 770.5 779 786.9 795.7 802.7 808.4 811.1 809.7 804.1 793.3 771.1 737.9 707.7 693.3 677.3 665.8 656.7 648.3 641 634.3 624.8 616.4 606.7 598.9 589.8 581.6 573.8 565.4 556.8 553 548.1 542.9 539.4 534.8 529.4 527.3 522.8 517 511.7 507.5 504.1 501.3 499.5 496.2 493.7 490.4 486.6 482.6 481.5 479.6 479.4 476.3 471.5 473.9 476.1 476.1 476.5 475.9 474.9 475.2 477.7 479.7 480.9 478.4 478.9 480.9 479.5 480.7 481.7 485 485.2 482.7 481.2 477.3 474.9 470.1 464.3
752.2 759.8 765.6 772.6 780.8 788.3 795.9 802.5 806.3 806.9 801.4 795.5 775.3 737.9 712.4 688.8 675.5 664.4 656.6 648.1 640.8 633.8 625.5 617.5 608.7 601 593.1 585.1 576.8 568.3 560.5 553.6 548.6 542.6 537.2 533 526.8 525 522.7 515.5 510.7 506.8 501.4 498.6 495 492.2 489.7 487.8 484.1 480.8 478.2 476.8 474.3 472.3 471.9 468.2 471.7 472.2 471.3 471.5 469.6 468.8 474 474.8 475.4 472.2 474.4 477.5 475.4 477.5 481.8 486.8 479.1 476.3 478.3 475.1 471.2 465.4 460.9
744.1 753.3 761.5 766.9 774.1 781 789.4 797.5 803.3 806 806.3 799.3 786.6 750.3 715.9 689.3 669.8 663.3 656.1 650.6 641.9 636.7 629.4 619.5 609.5 602.6 595 586.7 578 569.3 561.1 554.4 547.9 540.6 535.6 528.9 523.6 521.2 518.5 512.8 507.9 504.1 499.3 496.2 493.1 490 486.5 484.7 482.3 479.3 476.8 471.6 470 469.1 468.6 467.1 466.7 467.5 470.1 471.3 466.6 465.9 470 469.5 470.2 470 466.1 468.7 469.1 470.4 473.8 477.3 472.9 471.4 471.4 470.2 467.8 463 458.9
737.5 745.5 754.6 761.8 769.2 777.3 784.9 792.4 800 805.5 807 801.2 794 765.8 719.8 691.8 672.2 660.8 655.9 650.6 643.1 635.8 629.5 619.3 610.6 602.1 596.1 588.2 577.8 568.4 559 551.6 541.9 538.8 530 527.2 521.8 517.2 513.7 510.6 507.1 501 496.6 493.1 491 488.3 482.4 482.1 480.7 479.1 478.4 472.7 471.3 466.4 465.6 464 469.3 467.8 466 464.4 462.1 464.4 465.7 463.4 463.1 466.7 467.2 465.7 467.8 465.9 467.2 472.9 471.1 467.4 466.1 465.8 462.9 459.9 455
734.2 741.7 749.7 759.3 769.8 776.8 784.4 792.6 796.9 802.1 804.5 803 794 767.7 730.5 696.3 677.8 660.8 656.2 651.3 643.8 636.1 626.8 617.7 611 603.1 594.1 585.5 575.1 566.8 554.6 548.3 540.1 534.4 525.6 521.8 519.1 516 512.4 509 503.1 498.5 494.2 492.4 489.2 486.6 481.4 478.3 475.9 475.1 474.3 471.5 472.1 467.4 464.1 464.9 463.3 467.3 466.4 464.6 464.6 459.7 465.1 460.3 458.7 463.6 462.5 462.1 463.3 462.8 463.5 464.8 467.4 467.7 463.8 460.7 457.8 453.5 450.3
732.5 741.2 750.3 759.7 768 778.5 788.6 796.1 803.8 806.5 808.5 807 797.6 768.8 734.9 702.3 681.8 665.2 657.5 652.8 646.9 635.8 626.2 616.8 609.9 602.1 592.8 582.1 569.6 560.9 550.3 543 539.3 529.6 523.7 518.5 510.7 511.6 506.2 504 501.9 498.1 492.2 488.8 485 483 480 479 476.2 474.2 473 472.8 470.4 467.6 465.3 463.2 465 463.4 467.8 463.1 462.4 457.9 460.7 455.7 457.4 461.1 460.9 462.7 461.4 459.5 459.7 460.7 462.3 460.2 459.3 457 450.9 451.7 449.5
