WholeMapElevations/data/sj/sj98_OST50GRID_20230518/SJ98.asc
ncols 200
nrows 200
xllcorner 390000
yllcorner 380000
cellsize 50
[rows 144 to 179 of 200, columns 80 to 159 of 200]
152.1 153.9 154.8 154 152.4 151 150 150.1 151.8 155.7 158.3 159.5 164 166.5 168.4 170.2 171.3 171.2 170.9 160 171.7 174.7 178.5 183.6 188.2 193.7 197.4 203.6 207.4 210.7 214.4 211.9 214.9 217.5 220 224.2 233.1 240.9 241.7 239.9 236.7 225 218.1 213.5 216.3 219.2 224.5 231.8 242.2 252 258.5 263.6 259.4 255.8 256 258.7 260.6 262.2 264.5 265.4 266.1 268.5 270.7 273.7 278.8 283.4 288.9 292.2 290.8 291.9 295.2 296.5 291 291.1 289.1 286 281 271.6 260.2 263.5
152.3 153.8 154.7 154.6 153.4 150.1 151 147.7 150 154.5 158.2 157.6 161.4 162.9 164.8 166.8 168.5 169 161.6 166 171.2 174.2 177.2 184.4 189.7 195.5 200.8 206.4 211 214.4 216.8 216.2 217.9 219.6 222.4 227.2 235.7 243.2 243.2 240.9 237.1 223.1 218 213.9 216.9 219.8 226.3 233.5 243.8 253.2 260.8 264.8 258.8 255.6 258.9 260.6 261 263 264.5 263 265.3 269 272.1 276.3 282.6 289.2 296.6 301.4 301.8 299.3 300.6 301.3 296.7 296.8 293.4 291.3 285.6 276 267.7 262.7
148.6 149.2 145 140.5 142.5 146.4 142.6 147.4 149.3 152.4 156.4 157.9 158.8 160 161 162.4 163.7 157.8 159.1 162.2 163.7 172.2 175.7 183.9 190.7 193.6 200.6 206 210.7 215.3 218.1 219.5 221.7 223.2 224.7 230.4 238.8 246.1 245.6 243.3 240.1 229 219.3 213.3 217.9 220.9 227.2 234.5 242.9 254.1 261.9 263.5 255.6 259.3 258.9 261.4 261.3 262.9 263.4 265 265.8 270 274.6 280.1 288.9 297.1 304.9 309.9 312.3 312.4 307 306.7 303.4 301.9 297.8 294.8 287.9 279.3 271.4 266.2
134.1 133.1 130.8 131.6 139 143.8 132 136.8 146.4 151.4 152.4 149.5 157.6 153.8 155.3 155.8 152.5 158.2 161.9 165.6 171.3 168.8 173.7 184.5 189.9 193 195 200.8 207.5 215.3 219.5 222.1 224.3 226.5 228.6 234.4 242.3 249.3 248.9 246.2 243.9 233.5 221.5 213.3 217.4 220.5 227.7 234.6 244.3 253.6 261.3 258.1 256.8 258.6 258.7 260.6 261.9 262.2 262.9 265.3 268.2 272.3 277.9 286 295.8 303.4 311.7 317.7 321 317.3 312.3 309.7 308.6 307.5 303.4 298.4 290.2 283.1 274.6 269.2
126.9 130.3 130.9 137.3 146 144.9 140.7 134.5 136.2 143 142.3 141.9 157.9 146.1 146.6 155 157 165.1 167.8 171.8 174.6 177 179.2 180.1 182.3 187.4 188.4 202.3 208.4 215.4 219.7 223.6 226.7 229.1 232.4 238 245.7 251.6 251.1 248.9 246.5 237.5 222.8 217.6 219 220.8 228 235.1 244 253.4 258.7 253.6 257.9 256.7 257.1 259.8 261.4 261.5 263.3 266.5 268.6 273.6 282.2 292.3 301.6 310 317.8 323.7 321 317 314.3 312.9 312.3 311.1 308.3 303 292.9 285.1 273.4 276.7
137.7 141.8 143 144.1 146.8 146 145.7 146.2 137.3 140 145.8 147 158.2 154 155.8 157.2 160.7 166.4 170.5 174.4 180.5 186 187.5 192.2 194.8 196.4 200.9 204.7 204.9 211.5 219.3 219.4 227.3 231.3 234.7 239.8 247.5 254 253.3 251.1 249 242.3 224.9 222.3 222.3 222.5 227.8 235.5 242.9 252.7 252.6 254.4 257.4 255.6 256.6 258.5 260 261.6 264.4 267.2 269.7 275.8 286.2 297.6 307.5 315.8 323.4 324.3 321.4 319.6 320.1 323.4 323.9 319.6 311.4 304.1 295.7 282.1 283.8 282.7
139.7 141.5 143.2 144.1 146 146.2 146.5 147.8 143.3 138.2 151.3 154.7 156.9 160.2 161.4 163.6 166.3 168.9 172.1 179.2 184.4 189.1 193.3 195.7 200.4 201.1 206.9 210.4 215 220.9 224.9 227.8 227.7 232.8 236.2 239.5 248.1 255 254.2 252.8 251.2 245.3 227.9 222.3 222.3 223.4 227.9 234.8 241.9 247.7 251.4 253.6 253.3 253.7 256 258.5 259.7 261.8 265.1 268.5 273.4 278.9 289.5 300.3 310.5 319.4 323.3 323.4 323.8 326.2 331.3 334.4 331.4 319.6 311.4 304.1 293.5 290.1 290.1 288.1
135.9 140.5 142.4 146.6 146 146.6 145.8 147.8 147.1 139.5 147.8 155 158.9 160.1 162.6 165.1 167.4 170.1 173.8 180.8 185.3 192.6 197.9 200 204.8 205.1 208 212.8 221 229 234 233.3 233.8 232.8 235.2 239.4 244 250 252.8 252.9 252.1 248.4 231.9 222.3 222.3 224.3 228.3 232.6 239.5 244 248.8 252.6 252.2 252.6 255.1 257.3 259.3 262.3 266.1 270.5 275.5 281.8 292.9 302.1 313.6 321.5 324.3 324.9 330.9 336.9 340.7 342.4 330.9 322 311.1 304.1 290.2 297.3 297.7 294.7
140.1 134.6 142.2 145.5 146.2 146.7 148.1 149.4 149 141.7 142.5 154.1 157.5 159.9 162.4 166 168.2 171.6 174.8 181.6 188 195.7 201.4 203.7 207.6 208.1 210.4 218.8 226 234.1 239 238.8 236.9 235.9 238 237.6 240.7 244.5 251 250.1 247.2 244.1 235.4 224.6 224.6 225.8 227.7 236.3 243.1 243 244.7 247.7 252.7 254.6 256.7 258.9 258.6 262.6 266 270.9 277.3 284.9 294.3 304.5 315 321.4 324.6 330.6 338.1 345.1 349.8 341.3 332.8 321 311 304 289.8 302.6 303.8 304.1
143.4 145.3 146.7 144.6 145.6 147.7 149 150.8 150.3 148.6 144.1 148.1 156.7 160.3 163.3 166.9 169.7 172.9 177.5 183.2 189.5 197.9 203.7 206.2 209.6 208.9 215.3 223.2 231.6 239.7 242.5 241.8 237.5 238.1 244.2 243 240.4 240.9 241.3 241.9 242.3 242.5 245.8 234.5 226.6 227.3 228.4 231.9 242.3 242.7 245.3 248.6 251.8 254.9 256.1 259.1 260.8 263.7 267 271.5 278.4 286.5 295.6 304.2 313.8 318.1 327.8 336.9 345.2 352.9 352.2 343.8 329.6 320.4 311.3 302.4 300.6 306.6 308.6 310.5
144.7 145.8 146.5 144.8 147.3 148.2 150.3 152.9 152.8 152.1 147.7 145.6 157.2 160 164.4 167.7 170.5 173.6 178 182.7 190.1 199.3 204.1 206.8 208.8 211.5 218.5 227.7 236.2 243.1 246.9 244.8 238.1 239 248.6 253.1 244.7 240.5 241.3 242.1 242.9 242 240.4 232 229.6 229.3 231.2 236 242.2 241.2 241.2 242.5 247.4 254.3 254.1 254.3 260.5 263.4 268.1 272.7 282.5 289.8 298.1 305.9 313.8 321.9 331.3 340.8 349.8 357.8 353.7 342.6 327.9 319.9 309 304.5 310.1 309.9 314.6 316.4
146.3 147.2 148 143.2 148.2 150 150.7 151.8 153.1 153.6 150.9 147.9 155.8 159.7 163.9 167.3 170.1 174.6 179 184.1 191.6 197.9 202.6 206.2 208.5 212.6 221.2 230.1 239.2 245.1 250 248.3 237.8 238.9 250.1 255.4 243.3 240.4 242.4 243.3 243.2 241.4 231.2 233.7 233.5 232.3 242.3 243.7 244.8 246.4 245.6 249.5 253.5 256.7 258.7 258.5 261.2 265.6 269.6 276.3 286.7 294.3 302 309.1 316 324.2 333.3 343.3 353.3 362 354.1 338.2 328.5 320.4 309.2 315.6 315.5 313.9 316.4 318
147.5 149.7 149.7 149.6 144.4 150.7 151.8 153.1 154.5 154.9 153 150 151.3 157.6 163.5 165.7 170.1 175 181.7 186.7 195.1 201.2 204 206.7 208.9 214.2 223.1 230.6 241.2 247.9 253.2 246.7 235.5 236.7 248.6 243.4 238.9 239.9 243.1 242 243.2 236.9 241 241 239.4 235.9 238.5 242.1 247.6 249.4 249 253.4 256.8 259.7 261.7 261.7 262.3 267.7 271.6 278.6 287.8 296.6 305.4 311.6 318 325.8 335.1 346.1 356.2 361.4 353.7 338.3 329.7 321.1 319.1 320.8 320.1 319.3 317.8 319.5
148.9 150 151.3 151.7 141.2 152.8 152.8 154.1 156.5 156.9 155.9 152.3 150.1 157.6 164.3 168.2 171.8 178.1 183.1 189.7 197.9 202.9 205 207.2 209.2 216.6 225.3 232.7 242.6 249.3 256.4 243.6 233.8 234.8 236.2 237.8 242.4 242.6 245.8 243.1 243 244.8 247.6 245.4 245.8 244.7 239.7 246.8 248.7 252.1 252.9 256.6 259.6 261.9 262.5 265.2 264.1 268.9 274.2 282.2 290.9 299.3 308.9 313.7 320.7 330.7 343.8 349 359.3 361.5 355.9 339.8 331.9 324.1 326.3 326.2 322.5 322.2 321.1 318.9
152.2 152.5 152.9 154.4 144.8 154.2 154.8 156.4 158.8 159.3 160.2 155.5 158.3 158.3 165.2 169.5 174.2 180 185 192.7 199.7 203 205.5 207.4 210.2 217.7 226.8 234.6 244.4 250.8 257.3 241 231.1 241.2 251.1 255.8 252.6 247.2 246.7 243.4 244.8 247.7 251.1 250.7 250.7 250.1 248.9 250.5 252.6 255.2 258.3 259 261.9 264.4 268.4 271.8 271.7 271.3 277.8 285.3 292 300.4 310.9 318.1 325.8 341.1 351.7 355.1 363.7 361.2 351.8 342.4 336.8 327.7 330.7 331.4 328.3 325.4 319.9 317.5
154 154.3 155.1 155.2 146.1 155.6 156.5 157.6 157.6 160.7 162.3 160.3 153.9 161.7 166.5 171.1 175.8 182 188.5 195.4 199.5 202.1 206.5 207.3 211.1 219.1 227.4 235.6 245.4 251.8 259.4 244 231.3 235.7 254 258.3 254.7 248.1 246.6 244.5 245.9 248.1 251.3 255.2 254.4 254.8 253.3 248.9 253.7 255.7 259.4 263.1 265.6 267.9 272.2 276.9 279.1 280 280 288.9 297.7 306.8 313.4 321.9 327.4 343.6 356.5 366.4 369.1 363.1 354.5 346.4 340.6 337.3 334.5 335.4 335.3 332.8 323.9 322.1
155.2 157 157.5 157.4 147.9 156.1 157.5 157.9 160.8 162 165.4 164.6 156.3 163.6 169.9 174.4 178.3 183.7 191.8 195.5 199 202.4 205.9 207.7 211 218.7 227.3 235.5 245.2 252.8 260.4 253 232.1 232.3 255.5 259.6 255.9 249.1 248.6 246 247.1 249 253.5 259 261.7 260.2 257.5 254 254.8 258.1 262.4 264.7 269.2 272.9 276.5 280.2 285.7 289.9 291.7 292.8 303.2 313.4 323.1 328.2 332.8 342.1 358.3 370.4 373.6 369.5 360 350.2 345.7 342.9 340.3 343.2 343.1 337.9 328.6 323.1
157.3 158.4 159.2 159.2 148.4 157.5 157.6 159.6 161.6 165.1 166.7 166.1 155.8 167.3 172.6 176.7 180.1 186.2 190.5 193.4 198.4 202.6 205 207.5 211.6 217.7 226.1 235.2 244.8 252.9 260.9 261.3 241.8 230 248.1 262.4 255.5 251.6 251.3 247.3 248.3 250.2 256.5 262.5 265.5 266.2 262.2 257.8 256.8 260.4 264.5 269.4 272 276.7 280 285.4 293.6 300.8 304.8 301.8 308.1 318.3 329.4 334.8 336.4 342.8 355.3 370.1 376.4 374.5 363.7 355.7 350.8 348 348.6 352 351 342.8 331.7 321.9
157.8 159.1 157.6 158.5 153.1 157.6 159.8 160 162 166.1 166.7 167.1 160.8 166.8 170.1 174.1 178.5 181.6 186.1 190.6 199 202.2 204.8 208.2 212.7 217.3 226.7 236.1 244.2 250 256.9 257.6 245.9 227.2 243.3 262.7 255.3 253 251.1 249.5 249.6 252 260.2 264.5 269 271 267.2 262.5 260.3 262.5 267.1 273.8 275.3 279.8 284.7 290 297.4 306.8 315.5 309.3 309.3 320.5 332.3 338 341 346.3 356.5 366.6 375.7 376.3 368.7 360.6 356.1 352.5 355.3 358.8 356.7 348.5 335.1 325.2
158.2 165.7 161.7 160 157.4 159.5 160 160.1 161.8 166 167.3 167.2 166.7 160.3 164.3 170.1 173.6 179.7 185.3 192.5 201 201.4 205.7 208.7 213.3 218.5 227.2 236.6 242.3 245.8 251.2 253.2 233.8 228.8 252.2 261.2 255 254.8 252.5 251.4 251 254.4 262.6 266.3 270.6 273.5 275.4 269.3 265.9 266.2 270.4 276.5 280.7 282.2 290.6 295.3 300.2 309 318.8 322 311.9 320.9 333.5 343.9 347.5 352.1 361.2 369.1 377.1 381.9 376.8 368.6 361.8 357.9 361.7 365.2 362.1 353.4 338.1 329.6
160.4 166 162.7 160.6 154.8 160.6 161.1 161.9 163.6 166.6 167 166.2 165 164.2 161.3 167.8 172.9 178.5 184.7 191.1 196.1 201.5 206 209.6 213.8 220.2 227.2 237.4 240.8 242.9 247.4 237.2 224.1 241.9 264.1 259.6 255 256.8 255.5 255 254.9 255.3 264.4 268.3 271.1 273.4 275.5 276.3 272.8 271.8 273.6 279.4 286.8 286.9 295.2 299.9 303.9 313.1 321.7 325.5 315.7 328.5 338.1 349.4 359.2 365.9 371.7 376.2 382.5 386.4 381.4 373.4 366.8 364.5 369.4 371.2 366.4 355.7 338 330.1
162.9 163.5 162.8 161.5 159.2 162.1 163.5 164.7 167.5 168.7 168.1 167.7 166.5 166.3 165.8 166.2 168.2 177.8 183.1 187.9 188.1 199.2 207 211.3 217.6 223.3 229.3 236.8 236 226.1 224.5 221.3 232.1 257.6 263.8 259.1 256.3 255.7 257.1 258.8 261.3 258.2 263.5 267.8 271 273.5 275.7 278.4 280.9 278.2 277.1 284.5 292.3 295.4 299.2 304.3 308.6 316.7 325.1 330.3 326.7 333.5 344 354.7 365.5 375.5 384.4 385.4 389.6 392.2 385.5 378 371.3 370.7 375.2 376.9 368.4 352.9 336.8 328.3
164.8 165.4 164.7 164 159.7 163.2 165.5 166.9 169 170.9 170.7 169.6 168.6 167.9 168.5 169.1 168.9 172.2 177.2 182.3 191 199.8 208.2 213.6 220.3 227.4 229.9 234.3 218.3 216.5 227.4 238.7 246.8 258.1 264.9 259 258.1 259.4 258.5 258.6 259 258.1 262.4 267.1 272.8 276 277.6 281.1 283.9 284 281.3 286.6 297.7 301.2 304.6 309.1 313.1 320 328.8 333.8 332.3 339.3 348.6 358.8 369.1 379.4 390.2 393.5 395.7 397.2 389.4 381.6 377.7 377.1 379.3 376.4 366.7 346.5 332.7 322.1
165.4 165.4 167.4 164.4 164.3 165.5 167.7 169.7 172.1 174.8 173.4 172.4 171 170.3 170.8 171.5 172.4 169 176.1 182.7 191.5 204.9 211.7 217.5 223.9 229.5 229.4 215.6 211.9 224.8 235.2 243.3 252.9 261.9 266.3 259.5 258.8 260.9 260.8 261.1 261.9 260.7 263 267.9 273.9 281.5 284 285.1 288.3 290 287.1 287.6 298.6 304.4 307.9 313.6 317.8 322.7 333.5 339.7 337.8 344.5 352.4 361.4 371.5 381.5 390.4 395.9 400.5 398.7 389.1 383.2 381 381.9 383 366.8 353.7 341.2 329.8 317.8
166 166 169.2 167.3 163.2 167.3 169.8 172.8 175.6 176.1 175.9 174.7 173.3 172.8 173.6 174.8 176.6 180.1 179.8 185.1 190.8 198.5 213.3 220 219.7 210.4 211.9 205.6 219.7 231.7 240 246.9 257.6 265.5 266.2 258.4 258.6 262.1 263 247.3 247.3 253.5 256.3 269.1 275.6 284.3 287.7 287.2 289.2 292.8 292.6 290.3 299.6 305.4 310.7 316.5 321.3 325 335.4 342.3 344.1 347.6 356.9 365.5 374.9 383.8 389.9 395.6 400.3 395.7 388.5 384.1 380.7 376.1 369.1 360.2 349.6 339.8 329.1 318.3
167.6 169.5 169.6 169.2 167.8 167.4 171.1 174.4 178 178.5 177.7 178 177.3 176.2 176.9 178.6 181.3 185 188 178.1 178.6 180.3 188.2 200.4 197.3 203.3 209.8 218.7 232 237.7 243.5 251.4 261.5 268.9 262.8 252 257.1 263.4 243.6 250.4 258.8 265.3 264.5 263.6 276.3 282.6 285.7 286.5 287.3 287.1 289.1 292.8 299.8 306.1 311 316.2 321.6 326.3 336.1 344.3 347.1 350.1 359.2 370.1 377.1 383.3 390.4 395.7 396.8 391.7 386.5 383.6 380.1 376.2 364.6 353.4 346.4 338.1 329.1 318.9
168.6 169.5 169.9 170.3 170.4 167.5 171.6 174.7 177 178.6 180.2 182 182.9 180.9 180.7 182.5 186 189.5 192.2 196.8 194.8 187.3 190.6 196.8 205.6 214 220.6 229.1 236.9 240.5 248.1 257.5 264.1 264 254.3 241.5 246.5 244.1 245 257.7 265.8 270.5 271.7 276.8 271 274.8 277.4 278 277.8 281.8 287.9 291.3 299.5 305.6 309.9 314.5 319.3 325.3 335.3 344.7 349.9 352.5 360.5 372.4 379.9 385.3 391.5 395.9 394.1 389 385.5 382.7 379.2 374.3 363.3 353.8 347.1 338.5 329.8 317.7
169.9 171.2 172.4 173 172 168.4 171.1 175.4 178.3 179.9 183.4 185.1 184.5 185.7 185.7 187.2 190.2 194.7 200.4 204.5 210.7 210 201.3 192.2 208.5 220.7 225.7 234.8 239.2 245.3 251.9 259.4 258 251.3 232.7 229.4 243.3 243.9 253.1 261.7 270.3 273.4 278.2 283.5 288 287.7 284.4 284.5 284.2 282.5 281.6 290.3 297 303.4 308.3 312.9 318.4 324.3 333.5 344.2 353 354.8 361.8 372.4 379.4 384.3 390.5 393.5 391.3 386.9 384.2 381.4 377.5 372.8 362.6 353.7 347.7 341.8 334.1 324.6
169.8 171 173.2 173.3 171.4 171.6 174.8 178.4 180.2 181.8 185.5 186.2 186.1 186.9 188.5 191.1 196.1 203 209.4 214.4 218.1 217.9 212.2 216.3 207.2 214.3 230.9 241.3 244 248.9 256.8 255.4 243.1 229.8 235 243.3 249.8 251.3 257.1 263.2 271.1 277.4 282.2 287.5 292.7 297.8 295.9 291.6 289.5 287.6 289.4 287.9 295.4 300.6 306 311.7 317.3 323.2 332.3 344.5 354.4 353.6 360.3 369.8 376.1 381.7 386.9 391.2 388.5 384.7 382.5 379.1 375.8 370.7 361.3 353.4 348 342.1 335.2 326.6
169.6 172.3 174.2 173.7 173.1 174.5 178.2 180 182.1 183.4 185.2 186.8 187.7 189.2 192.2 195.6 201.3 208.7 214.2 220.9 224.7 225.6 218.2 221.9 220.3 207.3 222.4 238.5 245.6 250.9 243.1 230.2 222.9 231.1 238.4 244.1 257.4 264 266 265.9 271.8 280.2 286.4 291.6 297.5 302.8 305.3 300.3 293.5 291.3 288 293.6 297.2 300 303.6 309.6 314.5 320.7 330.8 341.8 348.5 349.5 356.3 367 373.3 378.9 383.7 388.9 385.6 382.3 380.8 377.4 374.9 369.4 359.2 351.9 347.7 341.7 334.6 324.5
171.4 174.2 176.2 176.5 176.2 177.5 176.9 180.6 183.7 186.1 188.3 188.1 189.3 191.4 195.6 200 206 212 217.8 223.5 230 230.7 220 222.1 226.4 230.7 210.8 218.3 222.5 218.3 218.6 227 234.8 241.3 247.7 252.9 255.2 268.9 270.1 272.2 277 284.2 290.1 295.2 302 307.7 311.5 309.1 299.9 295.5 289.4 296.7 300.4 304.4 309.3 310.6 313.1 318.2 324.9 331.4 339.1 344.8 352.1 363.5 371.7 376.8 382 386.8 383.7 380 378.3 376.4 373.9 368.8 357.2 348.9 344.7 340.7 333.3 324
173.5 176.1 176.9 178 178.4 178.2 178.6 182.1 184.7 189.3 191.6 191.6 191.6 195 199.2 204.6 209.4 215.3 222 230.2 235.7 225 222.1 226.4 233.5 238.1 235.4 223.7 234.3 239.8 243.5 232.3 242 242.6 248.7 262.1 268.5 273.9 274.2 276.7 281.1 287.2 293.5 299.8 305.9 312.7 316.9 316 306.3 299.4 296.7 298.5 303.3 307.5 312.4 315.6 319 322.3 331.2 341.6 343.6 345.7 353.4 364.6 372.9 377.7 381.8 386 380.6 376.4 374.9 374.3 371.9 364.2 353.8 343.9 338.1 336.5 330.2 320.7
174.7 176.4 177.4 178.7 180.1 178.7 180.5 183.3 186.7 193.2 195.4 196.1 196.4 199.7 203.1 208.9 214.4 219.8 228.4 235.8 228.3 222.9 226.9 233.4 240.4 245.5 246.5 237.2 241.2 243.9 253.4 238.1 250.2 253.9 259.2 261 272.2 271.5 277.5 280 286.3 291.1 296.2 304.3 311.5 318 323 321.9 309.3 298.2 300.5 300.9 306.9 310.5 314.7 318.5 322.4 325.5 333.3 344.2 351.6 347.4 355 365.4 374.1 378.2 382.4 384.3 378.4 374.5 372 371.3 368.8 358.6 348 338.1 330.4 329.1 323.2 314.2
173.9 174.5 175.5 179.2 181.1 180.4 182.2 185.2 190.7 197.2 199.6 200.1 201.5 204 208.4 214.3 220.2 227.5 235.6 229.4 223.1 225.5 233.3 241.3 248.5 256 257.9 242 247.8 256.7 261.9 249.7 248.7 261.3 268 274.2 278.1 277 280.7 288 293.3 299.2 306 312.4 318.4 324.6 328.6 324.5 311.9 305.9 303.6 306.8 308 313.4 317.5 321.6 325.1 328.3 334.9 346 354.5 355.1 357.9 365.8 374.6 378.8 382.4 382.5 375.9 372.1 368.7 368.1 363 352.3 342.1 331.5 320.7 318.5 312.9 302.9
172.4 173.8 174.8 180.6 181.7 182.2 183.6 186.9 192.4 198.9 201.9 202.9 203.9 207 213.6 219.5 227 235.1 232.7 223.9 224 232.3 241.6 250.1 257.8 264.4 259.5 250.3 259.6 254.4 264.9 261.3 260.6 263.8 273.9 281.2 281.4 284.1 288.5 293.1 298.3 305 311.9 318.9 324.8 330.2 332.5 323.3 315.6 307.1 307.3 312.3 313.5 316.3 320.3 324.4 327.7 331.1 337.5 347.9 357.7 359.1 360.9 366.9 375.8 379.2 381.8 379.7 373 369.1 365.9 364.5 357 346.8 335.4 325.4 312.9 303.1 299.6 287.5
172.5 174.5 176 179.3 183.1 183.1 184.7 188.3 192.1 198.1 202.3 202.8 206.1 212.1 218.6 226.4 234.4 228.5 223.2 223.2 230 241.1 250.6 258.7 266.2 269.6 255.4 259.1 265.5 252.5 266.4 266.4 268.1 267.1 278.6 284.4 286.4 289.1 293.7 297.9 303.3 311 319.1 325.1 330.6 333.4 330.1 323 318.1 306.4 312.2 316.9 318 318.2 323.1 327.1 331.1 334.9 339.9 349.5 359.5 363.5 364 368.6 378.3 379.2 379.4 376.9 370.3 365.3 361.3 364.7 354.3 343.8 332.2 321.7 309.6 291.1 283 278.4
