UK/data/ss/ss64_OST50GRID_20230518/SS64.asc
ncols 200
nrows 200
xllcorner 260000
yllcorner 140000
cellsize 50
[rows 35 to 69 of 200, columns 0 to 77 of 200]
236 243.5 260.9 271.2 253.5 221.4 217.2 219 215 205.3 192.2 180.3 168.3 145.8 113.7 78 48.4 67.7 95.8 127 157.9 182.6 193.4 204.1 211.5 215.2 215.5 212.1 204.8 217.8 221.8 222.6 218.1 219.7 225.9 235.4 252 254.5 251.5 260.9 263.1 261.7 261.3 260.2 257.8 250.5 240.4 228.2 215.8 196.5 220.6 228.2 225.1 223.6 222.3 220.9 221.7 220.8 212.4 205.9 202.5 193.2 190.4 175.7 172.7 184.2 190.4 188.8 198.2 207.8 215.8 222 225.1 226.1 225.7 225.9 225.5 225.1
267.6 278 289.5 299.2 280.5 259.2 251.9 246 234.4 224.3 209.3 193 173.8 145.1 111.8 80.5 55.4 77.8 106.2 136.9 168.3 194.2 208 216 222.3 224.6 227.4 225.3 227.8 233.8 238.7 240.7 244.5 247.9 253.3 261.4 268.2 269.5 268.8 271.9 271.4 270.6 267.3 264.9 262.8 258.8 252.4 242.3 228.4 211.9 229 234.6 236.9 238.3 239 237.7 235.2 230.3 225.2 219 213.9 207.6 203.2 194.7 194.5 201.5 206.1 202.5 210.3 215.8 220.1 225.5 228.6 229.7 229.2 229.1 228.4 227.5
296.2 307.5 311 310 299.1 282 267.5 256 246.3 228.7 202.1 175.8 152.3 130.4 104.3 81.4 62.4 86.4 118.8 150.4 180.4 205.7 218.9 224.5 228.4 231.7 233.9 234.7 236.3 240.3 246 250.8 255 261.6 269 275.3 277.2 278.1 278.7 278.5 277.6 275.7 273.9 270.6 268.1 263.8 257.4 250.2 240.5 234.3 238.1 244 244.8 246.6 247 245.3 242.7 240.9 237.5 235 229.1 221 216.5 212.4 214.4 218.5 222.2 218 221.7 224 226.3 229.8 231.4 232.4 232 231.4 230.3 229.1
313.7 317.4 316 310.4 303.6 290.2 271.6 258.9 242.8 212.5 183.8 159.8 140.2 121.8 104.4 92.4 72.4 86.9 118.6 151.2 182.8 211.7 225.8 231.7 235.7 237.1 238.3 239.8 243.2 247.1 252.5 258.7 264.4 271.9 278.9 283.5 285.6 285.9 286.4 285.8 284.4 281.8 279.4 277 273.1 270.1 266.6 260.1 253.3 248.1 249 253.4 256.9 256.8 256.4 254.5 252.2 248.9 246 242.9 239.1 234 229.9 229.9 230 228.6 231.1 232.1 235.1 234.5 234 234.2 234.2 234.2 233.9 233.5 231.8 230
312 314.7 314.1 309.9 302.9 293.3 277.8 261.6 248 229.9 203.4 182.7 162.4 145.5 127 113.7 91.9 84.1 112 142.3 176.7 205.3 227.2 236.7 240.4 241 242.6 245.4 249.9 255.8 260.6 267.1 273.6 280.7 286.8 291.4 293.3 293.5 292.6 291.4 290.3 287.6 285.1 282.7 279.4 275.6 271.8 268.5 266.4 262.1 260.8 263.6 266.2 267.9 267.7 266.5 262.7 257.4 254.7 251.9 249.9 248.6 244.4 242.3 240.6 240 240.6 239.9 241.3 241.6 239.9 238.3 236.5 236 235.8 234.3 232.8 230.8
308.2 310.8 311.8 308.5 302.2 294.3 284.4 266.9 254.4 242.5 229.5 213.8 193.1 170.9 158.3 140.6 112.3 83.8 109.1 137.8 169.9 199.8 223.5 236.8 242.1 243.9 247.2 253.4 260.3 267.2 271.9 276.1 281.7 288.1 294 299.1 300.3 300.9 301.8 299.9 296.2 293.4 291 288.5 284.8 280.9 277.6 274 271.1 269.7 269.5 271.4 273.9 275.4 275.8 274 270.7 270.4 268.9 265.6 262.3 259.3 255.3 252.7 250.2 248.6 247.7 246.8 245.9 243.9 242.5 241.3 239.3 237 236.1 234.7 232.9 230.4
303.9 306.8 308 306.9 302.2 294.3 286.3 273 257.7 249 239.2 228.2 211 198.1 185.2 158.7 121.7 89.4 106.8 131.9 160.9 189.2 212 229.7 240.3 248 258.4 266.1 272.8 279.4 285.2 291 293.6 297.2 300.5 306.4 310 314.2 314.6 312.7 307.7 302.8 298.9 294.6 290.8 286.7 283.3 281.6 278.7 277.7 278.4 280.2 280.7 283.5 284.7 282.4 282.4 284.6 283 281.8 278 273.6 268.4 265.3 260.7 257.6 255.6 252.8 252 249.2 246.2 242.9 239.3 236.2 234.2 232.5 230.8 228.1
298.7 302.3 303.9 303.8 301.2 294.8 286.6 275.9 262.2 253.6 244.4 236.8 227.5 213.6 201 170.2 133.4 103.5 106.3 131.4 160.6 190.2 213.6 232.9 244.2 253.5 261.8 269.7 278.6 287.3 295.3 302.4 306 308.4 312.9 314.5 316.8 320 321.9 323 321.8 318 310.1 303.2 297.1 293.1 290.5 289.3 288.2 286.4 287.3 289.6 290.1 290.3 288.8 291.9 296 299.5 303.5 303.4 295.5 288.2 281.9 277 271.4 267.3 262.4 259.6 256.9 253 248.1 243.3 234.8 227.5 224 225.7 225.4 223.1
293.9 297 298.7 299.4 298.4 294.6 285.7 278 267.8 260.3 253.2 244.3 235.2 224.8 211 180.2 147.7 112.1 110.3 138 168.3 196.5 216.7 236 248.7 257.7 264.7 272.1 280.8 291.2 298.2 305.6 310.5 314.4 317.9 319.9 323.1 325.9 328.8 328.7 326.7 324 321.2 317 306.5 300.8 297.4 295 294 294.3 294 294.1 294.6 295.7 297.6 302.1 307.6 311.7 315.8 317.6 312.9 306.5 295.8 287.2 280.9 275.2 270.1 264.7 259.6 254.9 249 243.8 233.6 217.6 206.5 206.5 208.3 212.6
290.3 292.4 294.5 295.1 295 292.3 284.8 278.1 271.9 264.9 259.6 251.6 238 220.2 207.3 183 148.4 113.6 120.9 148 178.1 205.1 222.5 241.5 251.8 263 270.1 281.6 291.4 297.9 305.1 312 316.2 319.3 320.9 324 328.4 333.9 338.9 339.9 336.5 330.3 325.9 322.3 317.7 311 304.9 301 298.8 298.9 298.3 298.6 299.1 300.4 303 308 313.1 316.9 320.6 321.8 316.6 310.9 304.7 298.1 288.6 282.3 275.9 269.7 263.2 257.6 251.3 243.5 235 219 201.1 189.5 184.7 193.8
282.1 287.5 290.3 291 290.3 287.9 284.3 277.5 272.4 267.4 263 255.3 239.1 217.1 192.6 170.1 146.4 116.2 129.9 161.1 188.5 208.8 230.2 246.9 253.2 264.8 277.4 286.7 293.5 299.2 305.1 311.1 316.3 320.2 323.5 326.6 334.3 343.3 347.5 347.6 343.9 336.3 330.3 325.4 320.6 316.3 311.7 305.8 303.2 301.7 301.1 300.4 302 302.9 306.3 310.3 314.4 318.4 320.6 320.9 317.1 311.2 307 302 295.5 290 281.8 275.3 268.9 261.6 253.7 243.7 226 206.8 187.7 186.8 165.9 175
271.4 278.3 284.6 286.1 285.6 284 281.1 275.7 271.6 267.8 263 256.9 245 220.3 198 172.1 142.7 114.7 136.6 166.5 195.4 220 235.1 245.2 251.5 262.9 273.6 283 288 293.4 300 305.4 310.6 316 319.8 323 329.4 337.4 343.8 347.9 346.8 341.7 333.7 328.3 322.9 318.7 313.9 309.4 306.2 303.1 301.5 300.1 301.4 302.9 305.3 308.8 313.2 316.3 318.6 319.2 315.5 311.6 307.5 302.5 297.3 293.8 288.9 282 275 266.2 256.6 240.6 213.1 191 173.9 167.8 155.6 161.1
263.7 270.3 276 280.1 280.9 278.9 276.1 271.9 269 265.6 261.6 256.9 248.4 228.7 204.6 177.3 147.1 120 146.9 175.9 202 222.1 234.2 242.5 248.4 256.8 267.9 275.5 283 287.7 292.3 297.9 304 309.5 313.3 317.2 322.1 328.5 332.9 335.4 339.1 339.4 334.5 330.2 325 320.3 315.3 311.1 307.1 303.9 300.2 299 299.4 300.8 302.3 305 308.3 310.5 314.2 315 313.3 310.3 306.3 301.5 298 294.2 290.4 285.1 280.1 271.3 260.9 245.5 218.8 195.4 170.9 151.2 139 138
258.7 266 271 273.2 274.1 273.2 270.2 267.2 263.6 259.8 257.4 254.6 249.3 237.1 212.3 183.1 151.5 123.6 147.6 177.2 199.8 217.3 229.2 238.1 243.6 251.8 261.2 269 276.1 282.6 287 291.7 297.5 302.1 306.3 310.3 313.3 318.4 322.7 326.9 330.7 331.6 331.8 330.4 325.9 320 315.4 311 306.5 303.2 297.5 295.3 295.9 297.1 298.5 300.2 302.6 304.7 306.2 308.6 308.4 306.9 304.4 301.1 297.2 293.5 289.6 285.5 280 273.6 265.8 253.8 226.8 199.6 173.6 153.7 138.9 123.2
256.9 263.1 267.2 268 268.3 266.9 265.2 262.3 258.4 254 252.1 250.4 246.2 239.4 219.4 191.3 161 132.2 147 172.7 193.7 212.5 223.8 232 238.7 245.1 252.3 259.1 266.5 275.2 280.7 286.2 291.9 296.7 301.3 304.3 307.5 310.7 313.9 316.7 321.5 324 325.3 324.7 321.1 317.3 313.8 309.7 305.2 301.3 294.6 289.9 289.9 291.3 293.8 295.6 297 299.1 299.7 301.1 301.3 301.1 300.1 297.9 295.1 291.6 288.2 283.8 278 272.5 265.1 255.3 229.8 203.3 189.9 175 155.1 138.7
257.3 261.3 264.1 263.1 261.2 260.2 258.8 255.3 252.4 247.5 244.6 244.3 242.5 234.5 220.9 196.2 166.6 133.8 146.1 170 190.7 206.3 216.6 223.7 231.4 238.4 244.5 252.2 259.2 266.3 274.4 281.1 286 290.8 295.7 299.3 302.6 305.8 308.6 310.9 312.7 315 317.6 317 315.1 313.3 310.7 306.5 302.2 296.9 291.3 284.1 283.8 285.5 288.7 290.5 292.1 292.9 293.5 294.4 294.7 295.5 294.8 293.9 291.6 289 285.5 282.2 277.1 270.8 264.3 254.9 240.2 227 208.8 186.3 171.5 152.4
254 258.8 260.2 258.6 255.3 253.1 250.9 249.3 245.1 240.5 237.9 235.9 230.9 225.3 209.9 193.6 168.6 137.2 146.4 166.5 184.7 199.6 209.2 216.3 223.8 230.7 237.3 245.2 251.4 257.8 267.2 274.7 281.4 285.6 289.8 294.2 297.7 300.7 303.4 306 307.5 308.5 308.4 307.6 306.3 304.3 301.5 297.7 294.8 291.8 286 277.9 278.3 279.5 281.3 283.8 285.5 286.9 287.5 287.1 287.3 287.2 288.3 287.4 284.9 284.1 282.2 279.9 275.4 270.9 264.1 255.5 241.4 222.9 200.1 178.9 160.6 149.1
250.3 256.2 257.1 256 251.1 248.3 244.7 240.4 237.9 232.9 228.8 226.6 222 213 197.4 182.6 164.4 135.7 149.2 165.7 180.3 192.3 202.3 211.4 218.5 226.4 232.4 239 245.4 252.2 259 265.5 273.5 280 284.3 288.7 292.2 295.8 298.5 301.1 302.4 303.4 303.5 302.7 300.8 298.4 296.2 293 288.3 284.5 279.5 272.3 272.7 272.9 274.3 276.6 278.1 280.3 280.5 280.2 279.6 279.4 278.9 279.3 279.1 278.2 276.7 275.1 272.4 270.1 265.3 257.6 242.7 218.2 198.8 175.7 150.5 132.7
246.5 253 253.4 252.4 248.2 243.3 238.6 234.8 230.4 226.1 223 220.2 214.5 204.5 191.1 172.3 160.2 147 148.5 167.6 179.1 190.9 199.4 208.7 216.3 223.4 230.1 236.3 241.8 248.8 254.9 261 267.4 273.2 278.7 282.8 286.7 290.6 293.7 296.1 297.9 298.2 298.8 297.3 295.7 293.3 290.7 286.9 281.5 276.7 272.1 267.1 267.1 267.7 268.3 270.5 272 272.5 273.9 274 273.3 273 270.7 270.7 269 269.9 270.2 269.2 267.5 264.4 262.6 256.7 242.7 215.3 189.2 166 141.4 120.1
243.6 250.1 250.1 248.4 244.7 239.4 234.7 229.7 225.6 221.3 217.7 214.4 208.1 197.8 183.6 171.2 160.2 149.7 154.3 164.4 180.5 188.8 198 206.3 214.4 221.7 228.5 233.8 239.5 246 251.4 257.3 263.3 268.7 272.3 277.4 281.4 285.3 288.5 291.1 292.4 292.8 292.7 291.3 290.7 288.2 285.9 282 276.3 270.6 266 263 261 261.4 263 265 266.1 265.9 266.4 265.7 266.5 265.7 263.9 261.8 259.3 260.3 260.5 260.7 259.2 257.1 253.2 248.5 237.1 210.3 182.6 159.2 134.2 111.1
240.4 246.5 247.2 244.5 240.8 236.5 231.3 226.8 222.1 217.7 213.2 210.6 205.1 195.4 183.8 173.1 162.9 154.6 169.4 180.6 182.9 192.1 198.7 205.6 212.5 219.5 225.1 231.2 237.2 243.2 248.9 254.9 260.2 264.3 267.9 271.6 275.4 279.9 283.9 285.8 286.3 286.7 287.1 285.7 284.4 283 279.7 275.9 271.1 265.2 260.9 257.9 254.7 257.6 257.4 258.4 260.5 260.9 259.2 258.6 258.2 257 256.1 254.5 252 249.9 250 249.4 248.9 247.4 244.2 236.1 222.1 199.5 174.8 151.6 126.4 101.7
240.3 244.5 244.4 241 237.5 233.7 229.1 226 221.2 215.5 212.1 207.5 202.7 194.4 187.3 178.4 167.8 161.8 176.1 187.9 193.5 196.8 202.2 207.6 212.1 217.2 222.9 228.4 233.8 239.1 244.1 250 255.5 259.9 263.2 267.5 271.2 274.1 277.8 280.4 281.2 280.9 280.2 279.7 278.3 275.7 274.2 271 265.5 259.7 255.2 252.8 251.7 252.9 252.6 252.2 253.6 255 254.3 252.3 251.3 249.2 247.6 246.6 243.8 241.4 239.1 237.1 236.6 234.4 231 223.6 205 186.8 164.1 144.9 119.9 99.7
240.8 243.4 243.3 241.3 237 231.7 230.1 227.2 224 218.1 212 205.9 199.7 194.2 191.1 187.6 176.7 165.6 174.6 188.7 195.5 201.2 205.7 209.6 213.4 217.7 222.1 226.9 231.3 235.5 240.9 245 250 254.8 258.7 262.9 267.2 270.5 273.5 276.1 276.2 274.8 274.3 272.7 271.6 270.3 267.4 263.5 260 254.1 250.4 248.6 247.4 247.6 247.3 246.2 245.9 246.6 247.1 246.6 244.8 242.6 239.8 236.7 233.5 232 226.6 223.8 221 218.5 214.9 206.1 186.2 167.2 147.4 127 108 100.6
240.7 242.8 243.1 242.1 239.2 235.1 234.9 234 233.3 226.2 222.3 216.9 211.8 207.5 203.3 202 192.3 175.7 171.3 179.6 189.2 196 201.7 207 210.7 216.6 220.3 224.7 228.9 235.7 237.4 242.1 246.7 250.8 254.8 258.8 262.7 266.7 270.4 271.4 271.5 269.8 267.9 266.1 265.2 263.2 260.9 257.6 253.3 247.9 245.4 243.3 242 242.1 242.4 240.9 239.4 239.6 239.8 239.9 238.5 235.9 232 225.9 223 217.4 214.3 208.4 204.5 200.7 196.2 185.7 165.2 145.9 126 105.7 102.1 107
241.2 243.1 244 243.1 241.4 240 240.1 240.9 241.4 243.7 240.8 233.1 226.6 223.5 220.1 221.1 210.2 193.6 182.2 179.4 183 189.6 194.1 200.9 205.3 210.7 216.3 222 227.4 231.9 237.5 240.4 244.2 248.5 252.2 256.5 260.1 264.1 266.4 268.1 266.7 264.6 262.4 260.7 258.3 256.7 254.7 252.2 248.5 243.8 240.7 238.1 237.3 236.1 236.6 235.3 233.5 232 231 230 230.5 228 223.1 215.8 206.3 202.9 198.3 192.1 187.3 181.2 175.4 163.3 143.8 122.6 107.4 103.2 105.6 117.3
242.4 243.6 244.4 245 244.3 244.7 245.9 247 249.8 253 252.5 249.7 246.4 241.7 240 239 232.5 216.2 201.6 191.4 189 189.7 191.8 197 202.6 206.4 213.2 219.1 225 230.5 235.3 240.2 243.7 246.5 250.2 254.6 259.2 262.4 264.4 263.9 262.2 259.6 257.5 256.1 252.8 250.8 248.1 246.2 241.3 238.3 235.3 233.2 231.6 231 229.9 228.4 226.6 224 222.3 221.7 221.7 220.5 214.6 207.1 196.6 189.3 183.2 174.4 166.9 161 152.3 139.9 121.9 104.6 104.7 108.7 116.8 128.5
242.6 244.5 245.7 247 247.6 247.4 249.1 251.5 254 255.9 256.8 255.8 255.1 252.9 251.7 251.1 248.4 242.2 227 217.3 210.4 206.1 203.4 202.1 207 210.1 212.7 217.5 223.4 229.8 235.2 238.8 242.2 245.2 249.1 253.6 258.1 261.6 262.8 261.6 258.2 254.3 252.2 250.3 248.4 246.3 243.2 239.8 236.5 233.4 230.9 229.3 227.3 226.5 224.9 222.1 220.3 217.1 214.4 213.5 213.8 212.9 207.5 199.9 187.9 177.7 167.2 158.3 149.2 140.9 130.7 121.4 109.1 105.7 110.5 119.4 133.2 149.3
241.4 243.8 244.9 246.3 247.3 246.5 248.7 251.8 254.1 255.7 256.9 257.9 257.5 257 256.6 256.7 256.4 255.6 252.9 245.6 238.1 231.2 225.7 219.5 220.3 224.9 226.6 229.4 230.8 232.8 236.5 239.3 241.9 244.8 248.6 253.2 257.5 260.7 262.1 259.9 255.3 249.6 245.8 243.9 241.8 239.5 237.5 234.7 232.3 229.5 226.5 224.5 222.3 217.7 215.3 214.2 212 210.2 208 206.1 205.3 206.2 201.3 191.9 180.6 170.1 156.6 146.2 136.9 128.8 122.4 114.7 108.7 113.4 122.4 136.7 150.8 169.3
240.8 242.5 242.9 241.8 241.5 243.5 246.1 249.4 252.3 254.4 256.3 257.2 257.4 257.8 258.3 259.4 260.1 260.7 259.9 258.6 253.8 248.8 243.4 235.2 231.2 235.6 237.3 238 238.7 239.3 241.3 242.9 245.3 248.8 250.6 253.8 257.1 259.6 260.3 257.5 251.6 245.8 242.1 236.7 234.2 232.5 229.7 229.2 227.6 225.8 222.6 219.7 217.4 211.6 209.3 206.6 204.9 202.3 200.6 198 198.2 199.6 195.9 189.2 177.6 163 149.1 138.3 127.9 118.3 112.3 109.8 115.1 125.5 139.6 152.2 167.3 179.8
238.5 240 239.1 233.7 234.5 239.2 242.5 245.7 247.7 250.1 252.5 254.7 256.6 257.7 259 259.9 261 262.4 262.6 262.1 261.6 258.3 254.7 249 242.1 244.6 246.2 247.1 247.2 246.9 249.1 251 252.8 255.5 256.3 256.9 258.1 259.3 258.3 254.6 249.2 243.3 237.7 231.7 227.9 225.1 222.8 220.5 219.7 218.3 215.3 214.7 212.8 209 205.3 201.6 198.7 195.5 192.9 189.1 188.4 192.7 193.3 187.4 178.2 164.4 146.3 132.9 121.4 115.5 113.9 124.2 131.7 142.2 155.5 166 174.3 182.6
235 235 232.4 225 227.2 231.8 236.1 240 243.8 246.3 248.4 251.2 254.1 256.4 257.6 259 260.9 262.4 263.1 263.5 263.5 262.8 261.5 258.3 254.2 252.6 253.1 253.2 253.6 253.7 254.3 255.4 258.7 261.4 261.3 260.4 259.8 259.1 257.7 253.2 246.6 239.6 233.8 228.7 223.8 219.7 217.9 215 212.3 210.8 210.2 210.1 208.3 205.5 202 196.8 192.2 188.5 184.9 181.3 179.1 182.3 186.2 183.7 177 166.7 149.4 129.4 117.8 114.4 126.9 139.4 147.4 154.2 162.2 170.1 176.8 182.9
228.6 226.8 222.1 214.9 218.2 224.1 228 234 238.4 241 243.3 246.3 249.6 252.6 255.9 257.9 260.4 261.2 262.1 263.4 264 264.3 263.9 263.3 262 260.7 260.1 259.3 259.1 258.9 259.3 259.9 262.7 264.1 265.4 264.6 262.9 260 257.9 252.6 246.4 239.2 230.9 223.9 219.2 216.6 212.8 210 207.7 205.8 205.4 205.3 204.5 203.6 199.6 194.5 188.6 183.7 178.3 175.4 172.6 172.6 177.9 177.8 173 165.3 154.1 134.1 117.8 115.1 131.8 145.3 152.1 158.1 164.6 171.2 178.5 183.7
221.3 217.1 211.2 202.7 204.8 212.7 222.1 227.8 230.8 232.9 234.6 238.2 243.4 247.5 251.4 253.9 256.7 260 259.8 262.1 263 264.8 264.9 265.1 265.6 265.9 265.8 265.2 264.4 263.6 263.2 264.2 265 266.2 267.3 267 265.6 263.2 259.4 253 246.3 238.9 230.2 220.3 215 211.2 208.3 206.1 203.5 200.8 199.9 198.5 198.6 201.5 198.7 192.3 186.5 180.4 174 168 166.1 166 168.1 170.7 169.7 164.2 154.2 139 121.1 116 128.4 140.2 150.3 157.7 164 171.9 178.5 182.4
210.4 203.8 194.9 187.3 193.5 204.9 213.7 218.3 219.4 220.6 223.7 230.4 237 242.6 246.6 248.7 250.6 253.3 256.7 259 262.2 264.1 265.5 265.5 266.6 267.3 267.7 268.1 268.6 267.1 266.7 266.6 267.2 268 267.5 267 265.7 263.8 259.7 253.7 244.5 236.2 227.8 218.4 209.3 207.2 204.8 201.9 199.4 197.6 194.1 192.4 191.3 192.5 192.1 189.6 186.1 180.4 172.5 164.2 159.2 159.5 160.9 163.4 163.4 160.9 155 136.3 120.8 117.3 125.9 136.6 143.6 152.8 160.3 169.4 175.7 181
197.2 186.5 178.3 171.8 183 195.1 200.9 202.6 202.1 206.4 214.6 226 233.1 238.9 242 242 244.3 248.1 252.2 255.9 259.2 261.6 263.6 265.2 266.7 268.3 268.7 269.8 270.6 270.4 269.4 269 269.3 268.1 266.9 265.3 263.2 260.3 255.1 249.3 242 231.5 221.9 211.8 203.4 201.7 199 197.4 195 193.4 189.5 187.3 183.4 182.5 182.9 180.8 177.4 175.2 172.2 164.6 155.1 151.3 153.6 155.3 156.3 152.4 146.7 129.6 120.3 117.6 126.2 140 149.7 154.9 158.9 167.2 173.2 178.7
