WholeMapElevations/data/nh/nh91_OST50GRID_20230518/NH91.asc
ncols 200
nrows 200
xllcorner 290000
yllcorner 810000
cellsize 50
[rows 105 to 139 of 200, columns 78 to 155 of 200]
227 215 221.8 218.8 219.6 222.5 224.8 220.3 216.7 228.6 229.5 232.8 231.8 232.4 230.6 231.4 231 232 236.7 235.1 234.7 232.4 233.2 235.8 238.8 245.4 252.4 253.4 256.5 262.2 262.6 263.8 263.3 265.8 266 266 266 265 264 263.7 263.5 269.9 278.8 288.5 294.3 302.9 311.1 312.1 315.3 317 319 320.8 322.7 323.8 323.5 323.9 325.4 326.2 329.6 332.5 336.7 339.3 344 349.5 349.3 356.8 359.6 363 363.9 364.9 367 367.6 366.9 363.6 358.9 356.4 353.9 353.5
227.8 215.6 216.5 213.3 213.7 215.9 222.7 225.7 225.6 233.6 233.7 234.8 235.6 233.8 232.6 233.2 231.9 231.1 234.4 235 235.8 232.8 237.6 242.6 246.2 253.6 260.1 261.3 263.5 267.5 268.1 268.1 267.9 267.3 267.3 266.8 265.8 265.2 265.5 264.9 274.2 277.5 288 295.2 304.1 313.7 317.7 320.8 323.6 324.6 326.3 328.7 329.1 327.3 327.2 329.3 330.8 331 334.4 337 340 346 350.5 353.8 361.3 365.8 367 373 373 375.1 375.8 374.5 370.2 367.1 365.2 360.8 357.4 355.3
225.5 219.8 217.3 226.5 219.9 223 225.9 228.7 235.1 236 236.8 240.1 238.2 233.8 239.5 240.3 235.1 234.6 235.7 238.2 237.2 240.5 244.8 248 253.3 263.8 267 263.9 269.1 269.8 270.1 270.2 268.9 268.3 268.2 267.3 267.6 266.7 268.5 274.6 280.8 290.3 296.3 306.4 313.2 318.5 323.7 329 330.9 333.9 333.4 332.6 332.6 334.9 334.1 333.5 336.8 335.4 338.3 342.2 346.7 350.7 357.6 364.6 367.7 372.8 377 382 382.7 383.4 381.8 377.8 375.4 372.6 369.3 366.2 361.2 357.1
226.1 229.5 220.2 222.1 224.6 230.2 234.9 236.7 234.6 231.5 233.9 241.2 242.5 246.4 252.4 253.3 248.9 246.1 239.3 243.4 246.3 249.9 253.1 261.5 264.5 270.3 270.9 271.3 273.5 274.7 276.1 275.8 273.2 272.9 276 272.4 272.5 279.7 275.8 284.3 295 299.5 308 316.1 319.6 321.8 329.5 334.3 336.2 337.5 337.9 340.8 340.9 339.3 339.5 340.3 342.6 343.4 344.6 347.8 350.5 357.4 364.8 371.9 376.6 382.1 385.3 390.9 388.9 389.5 386.9 383.5 379.6 375.5 373.8 369.5 366.7 363.6
228.8 227.6 228.6 225.2 224.4 230.7 234.7 233.2 234.8 234.1 236.7 242.1 245.1 246.1 249.8 251.8 256.6 264.3 262.5 252.4 254.9 264.6 269.3 272.7 270.9 271.7 280.5 285.2 287.5 286.5 286.2 285.7 282.7 285 284.3 286.1 283.8 284.4 289.6 293.2 304 311.8 320.5 327.1 326.3 330.9 334.7 339 340.3 341.8 346.3 345.5 349 346.6 346.7 347.9 347.5 348.3 350.1 351.6 358.4 366.7 371.5 378.9 385.3 391.7 395.7 400.9 397.6 396.5 391.3 385.6 380.5 377 374.6 373.5 369.9 367.3
228.5 229.9 230.6 229.4 225.3 232.7 235.6 235.8 240.6 238.2 245 246 247.6 253.1 255.7 255.5 259.2 259.2 257.5 258.3 270.1 275.4 275.5 280.2 289.3 298.7 305.8 305.6 304.6 301.9 297.3 298 297.2 297.2 297.2 298.5 297.1 299.1 300.4 304.1 312 320.4 325.5 329.8 334.6 338.9 341 345.5 346.9 347.9 349 353.3 351.7 351.3 350.9 350.5 349.3 352.4 355.4 359.9 365.7 372.5 379 384.4 392.1 398.6 406 410 405.3 403 398.3 390.3 386.2 381.9 377.1 374.3 372.1 370.9
231.3 231.2 233 234.3 234.3 235.6 238.1 241.5 241.4 245.3 248.6 252.6 256 258.2 257.9 259.6 263.8 267.2 265.1 272.7 278.1 282.1 290.8 302.5 320.1 330 328.7 324.3 321.1 318.2 318.4 315.7 313.6 310.3 312 310.8 308.5 307.9 307.1 310.8 318.5 326.1 331.8 336.6 340.6 345.2 348 351.2 354 355 356 356.8 354.9 355.2 353.5 353.3 356 357.2 361.7 369.5 374.5 377.8 383.7 391.5 398.5 404.7 413 415.7 411.1 407.6 400.7 394.9 389 385.1 381.6 378.8 377 374.5
235.6 231.8 234.2 237.2 240.8 242.4 244.3 247.6 249.6 251.5 257.2 259.4 261.7 262.3 266.1 265.9 268.5 269 279.1 286.6 291.2 299.9 311.2 325.4 335.7 339.2 337.5 335.7 337.2 337.8 335.9 331.6 331.4 325.6 325.6 325.4 323.1 322.4 325.3 329.4 335.3 340.9 345.9 351.4 351.9 352.9 354.5 356.4 359.8 362.6 363.2 361.1 359.8 358.6 358.1 359 361.9 366.4 371.7 373 379.6 384.1 388.6 396 403.1 411.8 419.9 422.1 417.6 411.6 405.4 400.4 395.6 391 387.1 384.8 382.6 380.2
238.3 233.4 236.7 242.6 246.6 250.3 253.2 263.2 268.5 263.6 277.2 277.6 277.8 276 273.9 273 275.3 278.8 292.9 302.5 320 331.7 342.8 340.7 346.7 350.4 355.7 360.3 359.4 357.4 352.5 350 351.4 345.7 346.3 341.7 341.5 344.5 347.8 350.6 356.7 364.8 370.1 367.9 369.6 368.8 368.6 367.9 371.1 374 373.7 372 371.4 366.6 367.9 369.9 372.4 375.1 379.2 384.2 389.8 390 392.2 402.5 408.1 415.5 423 426.8 419.5 413.5 409.6 403.6 399.7 395.2 391.9 389.8 387.4 386.1
243.4 234.8 241.1 249.5 255.6 262.8 273.9 280.8 283.2 282.1 294.3 293.2 297.3 290.1 280.9 284.5 283.7 282.8 301.3 312.6 328.9 346.9 358.5 366.3 368 371.6 374.5 376.8 378.7 383.2 375.3 372 372.3 370.9 363.3 363.6 365.2 369.9 374 376.4 378.7 382.8 391.2 390.5 394.8 395.3 391.3 388.7 386.7 386.8 386.5 383.7 380.9 379.2 378.1 378.7 380 383.3 390 394.6 395.5 398.5 399.3 409.7 413.4 420.2 426.1 422.2 419.1 418.5 413.4 406.9 403 399.8 395.7 393.5 391.8 389.6
242.2 236.4 250.7 261 273.5 280.3 293 297.1 302.3 303.3 308.4 310.8 308.5 303.5 293.9 292.8 297.8 292 313.2 324.6 337.4 351.9 363.9 372.6 379.9 382.8 389.5 394.9 400.6 402.3 403.6 403.1 399.9 393.3 386 388 393.6 391 400.4 413.5 410.9 406.1 409.1 417.7 429.2 424.2 415.5 415.2 407.3 402 397.7 393.8 391.5 388.8 386.4 386.6 389.3 392.7 397.9 403.1 398.5 406.9 406.4 414.6 416.6 421.6 423.5 422.9 422.8 419.5 413.6 411.3 407.5 403.6 401.8 398.6 396.1 392.9
250.3 237.7 254.9 273.3 292.4 300.7 305.7 312.6 317.6 320 325.4 329.6 321.7 313.5 308.5 313.8 314.3 302.4 313.9 330.9 346.7 359.3 367.4 374.9 383.6 389 396.5 407 417.4 422.8 430.9 428.1 423.3 413.2 408.9 408.2 408.7 414 430.5 450.1 448.1 441.9 435.8 444.7 453.4 448.6 444.2 436.6 429.7 423.3 414.8 409 403.9 400.7 397.2 395.7 398 402.3 407.3 409.8 406.2 412.2 411.5 418.9 420.9 425.4 426.5 426.1 426.7 420.7 418.3 415.5 413.4 411.5 407.7 403.3 400.8 395.8
257 241.7 256.5 277.5 300.6 314.7 325.3 331.2 330.2 339.1 340.3 341.2 330 324.9 320.6 325.5 325.8 323.4 317.2 331.9 347 362 372 379.5 386.6 393.9 401.9 413.7 424 436.7 441.4 444.6 443.2 433.7 431.2 432.5 436 436.9 448.4 470.4 471.9 463.5 465.2 471.7 477.7 479.1 475.5 462.8 451.6 445 436 427.7 423 416 411.7 406.3 408 412.2 415.6 417.7 415.2 418.8 420.5 423.2 426 428.1 430.8 433.4 431.3 430.6 425.9 421.2 417.4 415 412.2 408.1 404.8 403.4
261.5 238.7 256.6 276.6 295.9 316 334.2 333 342.2 351.9 356.5 349.6 339.8 334.1 331.6 334.2 336.2 338.5 340.6 340.4 352.5 363.1 375.2 384.2 391.9 402.3 413.9 422 430.9 441 449.8 459.3 462.9 456.6 459.2 456.3 459.5 462 467.8 478.2 482.4 493.5 492.4 489 492.4 498.7 502.4 478.7 471.2 463.3 453.9 448.1 440 433.7 426.7 422.5 421.6 420.7 425.6 428.4 426 429.8 433 434.8 434.5 435.2 439.5 439.5 437.4 433.6 429.9 425.9 423.9 420.6 416.6 412.7 409.4 406.8
261.7 242.8 255.1 275.4 292.2 311.8 327.8 337.5 340.4 352.9 359.7 356.8 350.8 344.2 341.9 344.3 348.4 350.3 349 339.7 356.9 367.3 378.7 389.1 397.6 410.3 421.9 431 439.1 458.4 472.4 481.7 482.6 480.8 489.9 488.3 482.4 482.9 491.8 510.6 505.5 516.4 521.3 518.5 510.6 506.6 505.3 493.5 495.6 484.2 473.9 473.4 459.3 452.8 444.1 441.3 436.1 434.5 436.4 438.9 437.8 437.6 440.9 443.3 444.4 445.9 447.1 446.9 444.7 441.1 438.8 436.6 432.6 428.2 423.9 418.2 415.3 412
259.8 244 251.5 272.9 291.3 312.6 327.7 340.5 349.4 352.2 355 359.9 364.9 357.2 355.3 355.7 358.2 359.5 356.8 346.2 360.5 373.1 383.6 393.5 406.6 417 426.9 440.1 448.6 469 484.5 495.3 496.2 502.3 511.7 512.3 511 512.8 525.1 540.4 545.1 538 542.8 554.5 541.8 527.6 519.2 514 512.2 501.7 493.1 485.8 480.3 478.4 461 453.1 451.2 451.4 450.5 449 447 445.8 448.1 450.9 451.5 452.9 455 453.4 452.6 452.1 449.2 445 440.9 435.6 431.2 428.4 423.7 423.7
265.9 253.6 247.8 265.7 286.9 309.3 327.7 341.2 350.9 358.6 361.2 368.6 374.2 375.8 373.2 369.4 366.6 368 366.5 353.1 367.9 379.3 388.2 397.4 409.9 422.3 434.3 448.2 457 471.6 490.7 502 505.5 516.9 523 527.7 533.7 544.9 550.4 565.6 566.1 568.9 571.4 572.4 562.3 547.9 535.1 531.8 526.5 524.1 517.5 504.7 494.2 495.5 475.4 467.8 463.8 463.7 462.8 458.7 456.2 448.9 455.4 458.4 460.8 463.1 464.5 465.4 464.6 461.5 457.5 453.7 449.3 444.6 441.9 438.6 433.7 426.9
267.7 260.4 245 260.8 286.8 310.3 328.5 344.6 357 358.4 361.7 369.2 377.1 397.2 388.5 388 381.1 378 376.7 364.3 372.5 382.5 389.6 400.6 408.3 423.8 439 452.5 463.2 480 493.4 504.9 512 521 528.6 538.3 554.3 564 581.3 586.3 588.6 583.7 592 597.6 589.5 582.5 563.4 553.1 545.9 541.1 534.6 521 512.2 505.3 496.7 484.1 479.1 474.8 470.8 467.8 464.9 457.9 463.6 465.5 469.2 473.6 478.3 480.5 480.9 475.9 468.6 463.4 457.9 454.7 450.6 446 440.5 435
275.9 264.8 245.3 255 283.2 306.5 326.5 346.1 362.4 366.2 371.9 377.8 385.9 402.2 405.5 402.5 393.6 386.9 383.1 373.9 377.9 388.4 398.2 404.7 413.3 420.9 438 451.5 466.8 486.1 497.3 509.1 518.3 526.4 533.4 550.5 564.8 580.1 595.3 598.5 605.6 609.5 607.9 618.4 619.3 604.6 589.7 588.8 572.7 555.6 547.5 539.1 532.9 525.9 514 502.8 491.8 485.9 482.9 478.4 474.1 470.1 472.8 475.4 479.6 485.8 492.9 498.2 496.2 492 484.3 478.6 470.7 464.7 459.2 452.6 448.1 443.5
278.8 269.2 249.1 252.5 275.5 299.2 320.6 341.6 360.1 367.1 382.5 393.2 396 397 402.7 408.6 400.5 392 387.3 385.8 382 397.1 402.9 409.4 418.1 426.3 437.6 450.2 466.5 482.8 496.5 506.9 520.3 530.1 538.8 562.3 577.6 588.9 602 614.3 621.3 629.4 628.9 634.9 634.7 634.8 621.8 604.1 594.8 581.6 568.5 561.2 555.7 544.5 534.1 519.6 505.5 498.2 492.6 487.4 483.4 479.7 481 483.7 492.4 500.2 512.3 518.9 514.7 504.1 496.3 489 479 471 465.6 458.9 453.6 449.4
283.4 272.7 254.9 248.2 261.7 288.5 310.2 332.6 353.5 373.2 382.2 393.7 407.7 411 403.8 405.9 401 399.1 396.5 393.4 397.2 393 407 413.5 422.3 431.7 439.7 451 467.6 482.3 496.5 510 523.1 534.8 546 571.3 587 598.3 607.6 618.7 629.9 636.2 643.9 654.4 650.1 646.1 637.5 630.4 611.5 596.2 587.2 582.4 573.5 566.1 551.6 532.4 522 510.2 501.6 495.7 490.9 488 490.1 494 504.4 516.9 529.5 535.5 534 523.2 519.5 504.8 492.5 480.2 471.9 464.4 459.4 455.4
284.5 274.1 264.7 250.8 252.3 274.4 298.4 322.1 346.1 367.1 384.8 395 401 404.8 406.7 410.6 412.2 406.2 404 404.8 408.6 401.8 409.8 415.5 425.2 433.7 443 452.4 467.6 481.6 496.8 514.6 529.1 539.9 553 575.4 595.5 606.7 618 624.7 630.7 637.4 648.2 657.2 660.1 656.7 647.4 640.1 631.7 620.5 609.5 598.4 591.4 584 562.8 542.2 533.8 522.4 509.9 505.1 498.8 497.5 499 506.6 519.1 533.9 544.6 549 551.3 550.3 539 517.7 503.6 493.5 481.1 471.6 466.5 463
284.8 274.6 258.8 256.3 251.4 263.6 288.6 312.9 337.2 358.4 381.2 395.5 408.8 411.1 420.9 426.7 418.2 411.2 409.6 411.5 419.3 412.4 414 418.1 426.9 436.6 447.2 456.1 468.9 484.1 497.5 519.7 539.4 547.3 552.7 574.2 594.6 610 621 628.2 632.4 642.1 649 654.5 662.4 658.2 654.8 651.5 644.6 637.2 623.3 614.9 603.8 586.8 565.7 548 540.2 529 519.5 512.5 502.6 506.4 508.7 519.8 531.1 545.5 558.6 568.8 570.4 566.8 555.6 532.3 515.4 504.2 492.1 480.5 472.5 469.3
287.5 278.2 264.3 268.8 256.3 256.5 279.6 304.6 328.4 350.6 376.6 394.2 408.7 422.6 430.7 430.6 426.4 417.8 413.8 416.1 418.6 417.5 417.9 421.8 428.5 437.3 448.2 459.3 473.6 488.9 500.6 519.4 538.6 548.3 556.4 571.5 588.2 605.5 618.1 625.7 635.7 644.7 648.6 653 654.6 654.7 667.7 669.2 661.5 650.8 636.4 623.5 606.5 587.5 569.2 557.2 549.1 536.5 526.9 517.2 513.9 514.7 521.1 532 544.7 558.1 572 581.7 583.4 577.4 566.7 545.8 528.8 516.5 501.8 490.8 481 475.2
290.1 279.5 269.8 274 261.1 254.3 273.2 292 318.1 347.5 371.2 389.6 407.3 424.2 435.6 435.1 429.7 421 420.4 420 418.6 419.8 420.9 425.1 431.1 439.2 450.6 462 475.7 491.9 504 517.8 533.4 544 558.4 570.8 585.7 597.2 608.5 618.2 627 637.4 644.8 650.1 650.1 659.5 672.9 679.8 677.8 667.7 655.5 638.2 615 592.2 576.3 563.5 552.4 540.1 529.9 520.5 522 526.6 534.8 544.9 557.4 569.9 583.3 592.3 592.4 584 573 556.1 545.8 530 512 498.7 489.6 482.6
293.5 283.4 272 280.9 266.8 254.9 266 287.2 311.9 341.3 367.1 386.7 406.6 418.4 431.4 436.5 435.9 425.5 421.4 420.7 420.3 421.5 423 427.9 433.4 441.4 451.7 463.6 477.8 492.7 504.3 519.1 532.1 541.6 553.8 566.3 578.2 588.5 598.6 607 615.5 625.7 634.1 642.5 656.7 664.7 671.4 682.8 680.3 670.6 661.3 645.9 625.2 599.8 581.6 566.9 553.9 542.2 534 529.5 531.7 538.4 546.9 557.8 572 584.4 596.6 603.9 603.2 587.3 575.7 564.5 553.7 538.9 522.8 509.2 499.1 491
296.1 290.5 276.7 282.5 273 256.6 261.9 282.7 303.5 332.3 357.5 379.5 400 415.8 427.6 430.4 433.2 431.8 422.1 421.1 420.6 422 423.9 430.1 436.2 444.4 453.5 464.8 478.1 492.9 504.7 518.8 530.1 539.7 546.2 558.6 568.2 577.4 587.7 596.9 605.3 615.7 626.7 640.9 654.7 665.3 673.3 683.2 681.9 675 662.7 646.7 625.9 607.6 590.4 574.3 563 544.9 538.8 537.8 540.1 551.1 558.9 571.9 586.8 599.9 607.3 612.4 605.3 592.4 580.3 569.7 557.9 543 529.9 518.1 508.1 499.5
297.4 293.3 281 287 280.5 264.5 259.7 275.2 295.1 321.1 347.7 370.6 392.5 408.5 420 423.6 426.1 432.3 427 421.6 422.7 423.2 424.5 431.6 439 446.9 455.5 466.2 479.7 492.1 504 515.1 526.2 536.3 545.7 555.2 566.3 576 584.8 593.2 601.3 609.1 620.8 634.8 650.3 664.8 675.1 682.6 682.1 676.8 665.9 647.4 626.1 608.3 593.1 575.5 564.5 548.3 545.3 545.7 554.1 564.7 573.3 587.2 601.9 614.2 621.5 615.4 607.5 597.7 586.8 572.6 561.8 549.6 537 525.6 516 506.5
300.4 294.9 286.4 292.8 288 275.3 260.8 267.2 287.7 313 337.9 363.4 383.1 399.6 410.3 420.1 425 431.1 428.1 427.4 423.4 423.9 425.3 431.5 439.5 448.5 457.5 466.5 478.7 491.1 501.4 514.5 525.6 538.7 548.6 558.6 567.8 577.9 585.9 593.5 600.6 607.5 616.6 630.2 645.6 658.3 672.3 680 680.5 675.2 666.4 649.6 629.8 608.7 592.3 577.2 565.1 552.8 554.5 559 568.4 580.4 592.2 604.2 615.9 625.3 628.3 620.8 613.2 603.5 591.2 577 564.6 552.8 542.4 533.7 523.4 513
304.9 300.8 291.3 298.3 296.2 283.6 267.1 259.8 276.7 304.5 326.7 352.5 371.5 391.7 404.7 419.7 426.7 431.2 425.4 423.8 423.4 424.1 426 431.3 438.1 446.7 455.8 466.6 476.4 489.3 499.5 512.3 525.8 537.2 548.8 560 571.5 580.5 587 593.3 600.8 609 616.4 627.2 641.6 652.6 665.4 674 674.9 673.6 666 654 632.2 612.2 590.9 576.3 567.1 562.9 566.3 572.9 584.4 597.5 608.2 619.1 627.9 634.4 632 623.5 615.7 605.3 592.3 579.5 564.6 555 546 537.5 527.5 519.2
311.8 307.4 303.4 307.6 305.5 292.2 278.1 266.2 267.5 289.4 315.5 342.2 366.4 384.7 399 413.3 424.4 430.7 429.9 424.7 422.5 423.2 427.7 431.9 437.5 444.1 453.4 464.6 476.1 489.3 500.3 513.5 526.1 538.1 551.1 562.4 572.9 581.1 587.4 596.7 605.2 611.3 618.6 629.2 642.4 652 659.8 664.5 668.8 669.2 662.7 647.6 626.9 608.1 590 578.1 571.3 572.6 573 582.8 599.7 613.6 625.9 633.2 638.1 641.4 635.1 623.8 614 601.8 590.2 578.4 566.5 557.7 550.2 541.5 533.1 524.7
317.7 314.3 313.1 315.9 316.4 307.3 290.4 275.9 266.5 271.3 294.1 325.1 354.7 374.9 391.7 406.2 420 430.5 431.2 430.3 428.4 427.7 429.4 432.8 436.9 441.9 451.8 463 474.1 486.7 499.7 513.7 525.5 537.9 552.4 563.8 574.3 582.7 590.2 601.3 612.2 619.2 625.2 634.1 643.2 652.8 656.9 660.1 663 663.6 654.7 640.6 622.2 604.1 589.6 580.9 577.3 581.5 587.8 600.1 614.2 630.8 642.2 647.7 647.5 644.6 635.5 624.1 613.1 600.3 589.6 579.1 570.3 562.6 555.4 547.4 540.3 531.4
324.4 320.2 320.3 323.2 327.8 321.5 307.1 290.8 277.4 268.4 271.3 305.9 340.4 362.4 383.2 398.1 411.8 420.9 430 433.6 434.2 430.9 430.6 432 434.9 440 448.9 461 472.3 484.5 497.3 511.2 523.4 538.5 553.7 566.1 577 585.7 593.6 605.3 617.3 628.2 633.7 638.8 651.1 655.9 660 662.4 662.5 658.7 650.7 637.2 618 601.5 593 588.6 588.3 593.7 599.9 616.9 632.7 646.1 655.5 659.2 655.3 646.9 636.2 625.8 613.6 602.1 591.7 581.2 573.7 568.7 562.1 555.2 549.1 542.7
330.2 324.8 326.5 330.5 336.3 333.3 324.6 307.2 291.6 278.5 286.6 287.7 330 354 371.3 389.1 404.7 415.6 423.2 432 434.8 434.3 433.8 433.5 434.9 439.8 446.9 457.5 469.1 481.8 494.4 508.3 522.6 539.9 557.9 569.5 579.6 590.1 598.7 608.5 619.8 629 636.1 645.3 654.9 663 663.5 665.8 664 656.2 645.9 630.9 617 611.5 605.3 604 602.4 608.3 616 630.1 647.4 660.9 673 673.2 664.4 652.9 638.7 627.4 615.1 604.1 593.5 585.9 577.6 573.5 568.1 562.5 556.2 550
336.4 331.1 332.7 338.1 343.8 344.6 337.3 326.7 307.5 301.5 302.3 282.1 313.3 340.6 356.4 378.9 395.6 409.5 416.3 427.3 432 434.5 435.4 435.3 437.1 442.1 447.3 454.2 465.8 478 491 504.7 520.1 539 556 568.9 582.1 590.7 601 610.6 619.5 627.3 634 645.8 655 663.8 666.4 664.3 658.8 650.1 640.4 625.5 622.2 620.3 624 624.5 622.4 623.2 629.9 642.4 660.5 672.3 681.9 680.4 669.8 655.3 640.6 629.7 617.8 607.4 598.5 590.5 582.6 578 574.5 569.9 563.7 558.4
