WholeMapElevations/data/nn/nn49_OST50GRID_20230518/NN49.asc
ncols 200
nrows 200
xllcorner 240000
yllcorner 790000
cellsize 50
[rows 140 to 174 of 200, columns 78 to 155 of 200]
416.8 417.8 419.6 420.8 421.1 423.7 426.2 429.2 430.8 433.5 435.9 438.4 441.7 445.3 449.8 454.6 459 463.2 466.9 470 472.6 476.2 480.2 484.5 489.1 494.8 500.1 505 509.8 516.8 519.1 521.1 523.4 523.1 524.9 525.6 523 525.5 525.9 530.8 537.9 546.4 557.9 569.4 574.7 574.2 578.1 577.8 563.2 562.7 553.2 546.7 541.2 534.6 531.1 521.7 514.6 509 505.2 504.6 505.4 507.6 508.8 512.2 515.4 519.2 523.5 524.2 527.1 530.7 532.5 534.2 538.5 539.1 538.2 538.2 539.4 538.7
418.8 419.6 421.2 422.9 423.9 425.3 426.9 430.8 433.2 435.1 438.4 441.9 445.6 450 454.9 459.2 463.5 467.5 470.8 474.2 477.6 482.7 488.4 494.2 500.3 505.7 512.2 518.3 529.6 527.5 528.6 531.4 533.1 533.3 533.5 533.7 532.6 536.1 540.3 547 551.5 562.3 573.3 587.5 587.1 586.3 584.7 582.8 580.9 579.8 574.7 567.1 556.2 543 537.5 528.8 519.5 512.9 508.5 509.7 510.2 510 512.2 517 521 524.3 527.7 528.2 531 535 538.5 540.3 540.8 541.2 542.5 542.8 543.9 547.1
419.4 420.8 422.8 424.4 425.9 426.7 428.8 431.9 434 437 441.3 445.8 450.4 455.3 459.1 462.9 467.9 471.8 475.5 480.1 486.1 492.1 498.2 504.9 511.7 517 523.5 530.6 539.8 540.9 536.1 538.6 540.6 544.4 543.5 544.9 545.9 550.6 555 560.5 565.6 572.8 585 596.9 605.7 602 598.3 597.8 595.5 593.3 587.6 580.6 566.8 554.3 542.5 536.5 533 517.3 515 514.6 514.8 513.8 518.8 522.7 526.7 529.6 531.5 534.1 535 538.1 541.7 543.3 546.3 545.2 548.5 550.8 554.6 558.6
421.3 422.4 424.3 425.4 426.5 428.1 430.4 433.3 436.4 441.4 445.5 450.9 455.7 459 463.6 468.1 472.1 477.2 482.4 488.7 495.3 501.6 507.9 514.4 521.4 527.2 535.6 542.7 552.7 547.9 547.6 555.2 557.3 555.6 557.8 560.1 560.4 566.3 569.9 576.1 581.7 585.1 592.8 605.6 609.3 615.5 613.2 613.7 615.8 609.6 602.3 586.6 568.4 557.6 552.4 544.4 535.8 524.8 519.1 520.5 521.5 523.6 525.8 528.6 530.2 532.9 534.4 537.5 540.4 542.3 543.7 546.9 550.1 553.2 556.9 561.9 566.1 568.6
424.1 424.7 425.8 426.7 427.9 429.4 432.1 436 440.4 445.4 449.8 454.6 459.1 464 467.7 474 479.4 484.4 490.5 496.6 503.4 510.5 516.9 523.2 530.3 539.4 547.3 555.2 552.4 558.5 565 570.2 568.7 563.7 572.6 576.6 580.7 581.5 581.8 592.9 594.4 596.9 602.8 608.9 617.8 622.3 622 626.3 617.1 605.4 586.4 584.2 579.4 570.3 561.2 552.4 541.4 533.2 528.4 529 531.1 534.3 535.4 537.9 538.2 540.4 540.1 543.1 545.8 548.4 548 552.2 559 563 564.8 569.8 573.5 578.9
425.4 426.2 427.2 428.2 429.5 431.6 434.7 439.3 443.6 449.2 454.3 459 464.1 469.3 474.7 479 484.3 490.8 496.9 504 511.3 517.9 526 532.8 539.9 550.9 564 566.1 566.5 573.2 580.8 582 580.8 583 588.7 589.9 593.6 596.1 597.6 598.7 605.8 607.1 608.8 609.5 608.4 607.8 607.8 606.7 604.6 611.9 624.3 615.1 600.9 584.5 571.3 560.2 551.2 542.7 537 538.3 539.5 542.6 545.2 547.8 549.8 551.4 550.7 552.7 554.5 554.6 553.6 558 564.6 567.9 570.5 576.7 582.7 590.8
427.4 429.1 429.2 431.2 432.9 434.9 438.3 444 449.4 454.8 460 464.7 469.5 474.4 479.9 484.4 489.6 496.5 503.6 511 517.8 525.3 534.9 542.6 554.4 565.5 571.3 572.1 585 592.2 595.1 595.4 597.4 598.6 601.9 602.2 604 606.6 608.1 608.8 610.9 613.8 615.4 622.9 626.5 633 638.7 642 653.8 654.2 648.2 634.3 625 601.8 584.1 572.9 562.3 554.3 538.6 552.4 548.5 553 554.9 557.7 558.2 561.8 562.5 563.8 564.8 565.6 567 562.8 569.3 573 577 583.5 593.2 602.3
430.8 432.8 433.4 435.4 437.9 439.4 443.8 449.8 455.3 459.5 464.7 469.7 474.3 479.1 485.6 491.4 497.6 504.6 511.2 517.8 524.9 533.5 544.7 555.9 564.4 575.4 582.6 586.9 600.1 604 605.6 608.5 609.6 612 614.5 616 616.3 616 616.6 616.2 616.3 619.2 627.3 632.9 640.1 644.6 649.7 661.5 667.3 668.8 655.2 640.4 620.8 604.1 589.2 580.6 574.6 553.4 562 560.5 564 563.9 566.2 568.9 571.7 574.4 576.7 574.9 577.6 575.8 567.5 568.1 572.8 579.5 584.1 589.8 600.4 613.4
434.3 436.1 437.6 440.2 443.3 445.4 450.4 455.3 460 464 468.4 472.8 478.9 485.1 491.4 497.6 504.7 511.2 518.5 525.3 533.5 542.3 554.6 567.3 575.9 582.1 590 596.3 608.6 614.7 624.6 627.1 629.7 634.4 633.1 632 633.1 632.3 630.6 629.5 629.6 628.5 633 640 648.4 655.8 660.2 665 667.4 662.4 649.1 629.1 615.6 603.4 593.8 583.2 567 576.1 577.4 577.8 579.2 580 580.2 582 587.1 588.4 588.1 589.3 585.3 582.9 573.5 570.5 578.8 586.3 589 599.4 608.2 625.3
438 439.4 441.7 445 447.6 451.9 455.8 459.4 464.3 468.8 473.3 479.3 486.4 492.1 497.2 503.9 510.9 518 525.5 533.2 542.4 552.4 565.6 575.5 582.7 589.6 599.3 610.1 615.3 629.1 638.3 640.3 651.1 654.3 652.6 652.2 646.6 648.6 648.6 645.7 645.4 645.2 644.3 648.7 660.1 658.3 660.8 660.4 657.1 647.5 634.1 619.4 611.2 602.8 589.9 588.1 587.4 592.5 594 596.3 598.9 599.2 602.3 603.8 604.2 605.3 606.1 602.1 594.2 586.2 582.2 576.5 582.6 590.4 595.4 606.2 616.9 633.7
441.4 444 445.2 448.7 451.8 455.5 459.8 464.2 468.2 474 479.7 485.9 491.6 497.2 503.1 511.2 519.2 526.5 533.6 543.7 554.8 567.7 574.7 583.2 592.1 600.6 608.7 617.5 623.7 639.1 651.4 662.8 668.5 669.9 667.4 663.2 662 659.8 660.1 661.6 658.2 658.6 659.3 659.9 660.1 661.3 657.3 660.6 655.6 644.1 629.5 620.9 611.1 596.5 601.3 603 604.4 608.4 610.9 612.7 618.1 622.1 626.1 626.7 628.1 627.6 626 615.8 601.5 592 589 586.6 585.9 594.7 600.5 610.9 624.5 641.2
444.9 447.8 449.5 452.8 456 459.3 464.3 469.4 474.4 480.3 485.4 491.4 496.8 504.4 512.1 519.7 527.8 535.4 544.9 554.7 567.9 579 586.3 594.7 602.4 608 618 627.2 638.1 651.8 669.7 681.7 687.3 684.4 674.9 671 671.8 668 672.9 675.2 669.5 669.6 670.6 669.1 664.5 669.7 663.6 655.9 652.6 641.7 627.8 615.2 604.5 611.8 619.8 619.5 621.4 623.9 628.3 633.1 638.9 643.2 649.3 655 657 655.2 647.2 630.3 615.4 602.7 598 595.5 591 600.5 609.9 620.7 631.4 649.5
448.8 450.7 454 456.5 460.4 465 469 474 480.1 485 491.5 497.8 504.6 512.9 519.8 528.2 536 546.8 559.3 572.6 584.9 592.6 600.6 606.2 611.7 616.9 626.5 634.5 651.8 670.5 683.6 690 688.9 689.2 687.3 684.9 679.8 680.7 675.9 679.7 677.5 679.3 678.5 676.1 671 672.2 665.7 652.9 645.1 632.8 621.6 611.2 624.1 631.3 633 636.5 641.5 645.9 651.1 654.8 661.9 667.3 672.4 674.1 671.7 668.1 657.4 646.5 629.9 613.3 605.9 602.9 600.1 608.4 617.6 625.7 636.8 657.1
453.6 455.1 458.2 461.1 464.4 470.8 474.5 479.7 486.5 492.3 498.7 505.2 513.4 520.6 528 538.4 549.9 563.8 578 587.9 597.5 602.6 609.9 616.2 620.9 625.9 635.1 648.3 669.3 683.1 692.9 695.9 697.9 697.2 697.6 696.2 690 687.8 690.2 683.4 687.3 687.4 689.6 688.8 682.5 676.1 668.6 655.9 647.2 626.4 624 634.4 644.4 650.4 653.5 654.9 660.5 667.7 671.5 675.9 682 685.2 687.2 685.2 680.8 672.5 662.4 649.7 636.2 624.5 614.2 611.6 606.3 613.6 622 628.8 642.9 666.3
456.7 459.2 462 466.6 471 474.9 481.1 486.5 492.3 498.6 505 511.1 519.8 527.4 537.5 550.5 563.4 578.6 591.9 599.2 606.1 612.2 620 627.7 628.6 636.4 650.1 668.4 682.8 687.6 695.8 704.8 707.1 703.7 703.1 700.4 694.4 689.7 690.8 691.1 696.1 699.5 694.4 684.1 681.7 674.5 656.7 653.4 632.6 639.6 646.6 651.5 658.8 663.6 669.4 673.4 678 685.5 690.2 694.9 695.7 697.4 696.2 693.8 689.6 682.1 668 652.2 643.2 633.5 623.8 619.4 611.4 616.3 626.5 636.4 647.5 672.5
459.8 464.1 465.7 471.4 476.7 479.8 486.9 492.1 498.2 504.3 511.4 519.5 527.8 537.9 551.1 561.7 576.9 592.5 600 607 617.2 624.8 631.5 632.1 643.5 655.6 662.8 681.8 695 698.5 706.1 710.1 715.8 714.7 712 707.5 703.7 696.8 701.1 704.3 704.9 699 698.4 688.3 685 677 662.4 641.8 650.5 654.6 658.4 664.7 671.5 678.4 684.4 690.2 697.3 703.8 707.5 712.3 712.5 711.8 708.2 705.6 698.8 689.6 675.1 658.9 647.6 641.2 632.1 626.4 625.2 622.1 631.8 642.2 654.4 675.5
464.3 468.9 470.9 475.4 480 484.6 491.6 497.9 504.2 510.2 518.7 528 536.9 548.1 559.3 571.6 586.6 601.2 607.7 616.3 625 635.5 640 645.7 657.3 673.9 681.3 690.9 701 711.6 715.6 717.7 719.2 716.1 714.3 711.6 708.9 712.9 711.9 709.9 709.4 702.4 696.3 691.6 685.2 678 663.2 659.2 664.9 666.5 670.5 676.8 684.9 693.4 700.8 709.7 713.9 721.7 724.8 725.5 729.5 727.9 720.4 713.2 704.2 693.1 677.9 665.9 654.1 645.8 638.2 636 632.1 627.7 638.7 648.9 668.5 686.7
467.7 472 477.3 479.2 485.4 489.2 495.7 502.5 509.9 517.9 527.5 535.3 544.1 555.2 566.8 580.8 593.1 603.4 613.5 625.3 636.3 644.2 649.2 660.5 676 689.4 697.8 700.1 709.5 717.8 722.1 723.2 721.3 717.9 718.4 718 720.1 718.5 715.8 712.3 709.3 707.4 699.1 685.6 673.9 669.3 663.7 674.6 675.7 678.9 682.6 690.5 699.5 711.1 719.5 723.5 728.8 731.5 741.3 747.5 749.1 745.6 730 718.7 708.5 693.9 680 670.6 660.5 653 645.6 643.5 631.2 636 647 658.2 673.7 691.8
471 478.1 481.8 484.9 490.4 494.4 500.2 507.9 515.9 525.2 532.9 540.9 550 561.5 572.4 585.2 597.3 609.3 621.5 633.5 643.4 651.3 664.2 673.3 684.2 696.9 706.6 709.2 719.2 727.4 731.2 727.2 725.6 725.2 723.5 725.9 728.6 724.8 722.8 716.8 710.6 694.7 696.9 694.1 681.6 685 685.3 686.7 688.2 690.1 697.5 709.5 722.8 734.4 739.7 739.4 738.9 749.6 756.4 764.1 764.2 757.7 740.8 723.6 711.4 694.1 683.6 672.2 663 657.3 650.1 649.5 637.2 646.9 653.3 665.3 678.8 699.1
481 478.6 487 489.2 493.5 498.3 504.6 512.4 520.8 529.1 537.9 546.2 556.1 566.8 575.9 588.5 599.9 613.6 624.4 638 649.2 663.5 675.1 682.1 696.3 706.7 710.4 715 726.2 740.7 744 740.2 736.6 735.5 736.5 737 735.3 729.5 725 719 712.7 707.5 704.2 697.3 690.5 694.1 694.2 697.2 699 705.2 718.9 731.9 741.1 744.2 748.9 754.2 760 761.8 766.2 774.6 773.9 764.5 746.7 731.2 714.8 703.2 689.9 678.7 667.6 660.9 658.5 658.2 644.8 658.7 662.8 670.7 681.3 703.1
483.5 483.3 487.7 492.7 497.8 502.6 508.5 517.3 524.7 533.6 542 551.2 560 569.3 579.4 592.2 602.9 615.6 627.4 639.9 653.9 667.3 680.4 686.9 697.8 708.2 715.8 721.1 735.7 742.4 745.7 746.8 743.1 742 741.1 741.2 739.3 735.2 728.1 724.6 721.4 714.1 706 699.3 696.7 702.3 703.5 706.4 716.5 727.8 740.1 751.4 751.8 754.4 765.5 769.3 772 774.9 766.2 776.4 777.8 769.1 750.3 735 723.6 717.1 700.4 687 677.5 668.3 668.8 664.6 653.2 667.4 671.3 676.6 685.8 707.9
488.1 489 492.8 495.4 501.7 506.8 513 520 528.2 536.8 544.5 554 563 572.6 583.2 594.3 605 616.7 628.5 644 657.2 670.5 681.9 690.8 703.6 713.6 721.5 730.5 737.6 746.9 751.8 753.7 753.5 752 749.8 745.6 741.9 741.2 735.4 728.7 721.1 711 706 699.9 705.8 710.3 714.3 724 734.3 748.9 757 756.1 766.9 773.5 782.3 786.9 788.5 789.2 777.1 768.1 770.4 761.2 745.3 735 723.9 722.7 714.7 698.6 687.9 679 673.3 661.1 669.2 670.3 677.9 686.1 695.5 711
492.2 494.2 496.6 500.4 505.8 510.2 515.8 522.4 530.1 538.4 547.1 556.2 565.2 574.8 585.1 594.7 604.8 613.9 626.4 643 657.6 674 687.4 699.5 707.2 718.4 729.7 736.8 742.3 749.6 756.4 759.2 759.4 760.6 758.4 753.1 747.6 742.8 736.2 727.1 722.2 717.8 712.7 710.9 711.5 720.7 727.8 738.3 748.6 758.3 764.1 772.6 781.4 790.3 799 803.6 803.4 802.6 800.9 771.7 749.9 739.3 738.4 734.8 730 722 716.4 708.2 694.9 686 672.3 671 680.3 685.6 688.6 695.6 707.1 723.3
498.2 499.1 504.8 506.1 510.3 514.2 515.7 524.2 532 540.4 549.3 557.5 567 576.8 585.6 594.4 603.9 613.9 627.1 643.6 659.6 674.5 689.8 705.1 718.5 726.3 739.8 749.4 751.8 758.4 763.5 773.1 778.1 776.4 769.2 763.4 756.5 755 748.2 735.7 729.1 722.3 716.1 717.5 725 728.4 737.9 746.9 756.5 765.1 776.9 786.9 795.7 803.5 809.3 813.1 813.6 811 797.2 787.7 768.3 760.3 750.9 740.3 729.3 721.2 715.5 710.7 697 683.2 690 686.1 693.1 698 704.6 711.1 719.7 730.2
501.2 504.7 507.4 510.9 513.3 519 523.7 528.1 534.8 541.9 549.7 558.3 567.9 576.4 586.4 595 604.3 614 628.9 645.3 660.5 677.5 691 705 718.1 730.1 744.3 755.9 763.1 773.9 780.4 789.7 793.8 786.9 778.2 769.4 762.7 756.7 749.4 739.1 731.5 727 727.3 732.4 735.1 739 744.9 753.9 766.1 777.1 788.3 796.7 805.8 812.4 817.2 819 817.2 810.7 800.4 785.8 778.3 764.3 753.6 739.2 730.3 722.8 716.2 708.8 698.6 688.5 698.4 700.6 705.3 708 716.1 720.1 723.8 737.6
502.6 509.1 512.4 514.8 517.7 522.7 529.1 533.5 538 542.9 550.3 560.8 569.3 578.5 588.1 596.6 605.4 615.4 631 645.4 661.1 677.9 693.1 706 720.3 732.9 746.6 761.6 777.1 789.4 796.6 798.8 800.9 797.7 789.2 775.9 767 757.4 749.2 741.6 737 732.4 735.1 737.6 740 744.1 751 759.9 770.9 782.7 793.8 802.5 812.8 818.5 821.5 821 816.3 808.9 799.9 789.6 776.2 762.2 751 738.7 730.5 723.7 718 708.1 698.1 694.3 701.6 706.9 711.4 715 718.1 722 731.7 748.3
510.1 511.9 520 520.4 524.1 531.2 535.6 538.7 537.6 543.6 552 562.7 573.1 582.8 591.6 600.2 609.4 622 634.7 647.7 662.6 677.7 693 708.3 722.4 736.1 754.9 770.4 783.1 793.7 799.8 802.5 805.6 807.1 797.6 783.1 769.2 757.7 749.7 744.4 739.2 732.9 738.5 740.3 742.9 747.4 757.2 766.4 777.4 789 799.5 809.4 816.9 820.9 821.4 818.9 813.8 806.1 796.2 784.9 771 757.1 747.7 737.1 730.6 726.3 718.6 706.8 703.4 706.1 707.4 712.2 716.9 718.4 724.8 735.7 744.3 758.1
519 521.7 520.8 530.1 536.8 542.2 543.2 541.8 543.5 544.8 553.8 564.8 575 585.1 594.8 604.2 614.5 626.2 638.7 650.1 665 679.8 695.4 710.8 726.1 742.6 759.5 776.7 789.4 802.1 809.9 809.6 808.1 807.1 799 785.1 771.1 759.8 753.7 748.6 741.9 737.7 741.9 743.1 748.1 754.7 763.7 773.6 782.6 793.2 804 813.2 819.1 821.5 821 818 810.4 801.9 790.3 777.3 764.5 752.1 743.7 735.2 730.5 721.7 714.4 714.1 713.6 716.3 717.3 721.9 727.2 733.7 739.3 748.4 760.2 772.2
530.9 534.4 531.5 532.8 543.6 547.6 549.9 548.4 548.5 549.1 556.7 567.3 576.8 588.4 598.8 608.3 618.1 629.1 641.5 654.9 669.4 684.5 701.4 715.4 730.8 747.1 764.2 781.7 794.2 806 810.9 814.2 813.1 803.8 795.4 784.2 770.9 762.2 758.2 752 745.5 741.9 748.1 752.8 757.1 764 772.1 778.2 787.3 798.5 808 816.7 821.4 823.7 823.6 816.6 806.7 797.6 784.6 769.7 758.4 746.7 738.3 732.9 727.4 727.7 726.3 723.3 724.4 727.7 731.6 736.7 742.9 747.7 753.2 759.3 773.8 791.1
541 544.4 539.9 543 552.6 558 558.1 556.2 560.7 560.6 562 569.3 580.8 591.1 601.6 611.7 622 633 646.1 661.3 674.3 690 706.5 718.9 734.7 752.8 769.6 784.6 799.4 810 816 814.4 810.4 802.6 792.7 781.5 771.4 765.6 761.4 754.6 748.3 749.3 755.3 760.4 766.5 772.2 776.5 784.5 793 804.3 813.9 820.6 823.8 824.6 822 813 803.5 792 776.9 763.2 751.5 743.5 736.5 733.3 731.6 730.7 731.4 733.6 735.3 739.4 745 750.4 753.9 759.4 764.2 774.4 790.5 806.7
551.1 553.4 554.9 552.2 552.3 566.5 568.2 565.5 569.1 568.1 568.8 575.4 584.8 595.2 605.4 615.4 626 637.6 650.6 665.1 677.5 693.1 709.1 725.2 742.9 758.1 772 786.3 798.6 808.3 815.9 816.2 814.3 805.6 796.7 786.3 776.7 770.7 763.3 751.5 755.5 760 764.3 769.2 772.9 779.5 785 792.5 801.6 810.7 818.3 823.4 824.6 822.6 817.8 809.5 798 782.9 771.9 760.6 750.4 746.3 742.6 737.7 735.3 736.1 738.8 742.8 746 750.4 755.5 760.8 766.5 774.1 778.7 792.9 811.3 824.5
563.8 564.1 566.7 569.4 560.2 573.7 578.1 574.6 576 574.5 577.4 582.9 589.9 600.3 610 619.9 631.6 642.3 654 666.3 679.8 695.6 710.1 727.1 743.6 758.6 772 783.7 796 804.5 811.5 815.1 813.4 806.2 795.6 788.6 781.3 774.8 763.1 757.5 764.6 771.6 775.2 778.8 783.6 787.9 793.3 803.6 811.4 817 821 822.1 822.3 819.6 813.4 802.9 788.7 775.1 768.1 760.5 752.2 756.8 754.1 749 746.2 745 747.9 752.4 755.9 761.4 766.4 771.4 779.9 791.4 797 811.9 826.1 839.3
578.5 578.5 577.6 579.6 577.1 572.5 583.2 580.6 583.4 585.3 586.7 591.5 597.6 605.1 615.8 627.4 637.1 646.6 656 667.8 682.2 697.2 709.8 725.7 742.1 756.5 768.5 779 790 799.1 806.3 812.1 813.1 807.6 796.8 790.6 784.5 770.8 762.1 769.4 777.4 780.2 782 787.5 793.8 798.1 804.6 812.7 816.8 820.6 819.4 813.7 812.2 809.9 804.7 794 782.1 771.9 764.4 760.5 760.8 766.5 768.2 762.4 760.2 760.4 763 765.6 768.1 773.1 777.6 783.8 791.2 801.8 811.2 824.1 835.9 848.1
591 591.9 593.7 591.1 593.2 583.6 595 594.8 595 595.7 597 599.4 606.9 615.4 624.4 634.2 643.1 650.9 657.5 668.2 681.5 696.9 710 725 739.4 752 762 772.6 783.3 792 800.1 805.7 807.1 803.5 797.2 792 775.8 774.6 774.1 784.6 790.4 792.2 795 798.3 805.4 811.2 816.2 821.2 822 825.8 825.8 824.2 817.4 811.9 800.6 787.7 778.8 773.3 771.7 765.6 766.2 774.2 778.6 778.2 775.3 775.6 778.2 778.9 781.6 783.9 788 791.9 800.4 811.5 821.4 833.6 846.8 855.2
605 602.9 600.4 598.1 588.1 595.6 595.8 595.4 597.8 599.8 602.5 609 614.9 623.5 631.4 640 646.8 652.7 659.4 666.9 681 695.9 709.1 722.1 735.7 747.6 757.5 766.4 776.9 787.8 794.2 798.4 800.3 798 792.1 779.8 782.8 787.9 792.9 795.8 799.4 802.3 808.8 813.4 816.6 823.4 825.6 826.5 829.6 831.1 828.3 826.6 822.3 812.2 799 789.2 778.9 783.6 777.7 771.9 776.3 782.8 787.5 790.8 793.1 794.5 795.4 792.2 796.7 796.8 801.5 809.1 809.7 821.8 834.8 846.1 854.3 864.6
