UK/data/so/so18_OST50GRID_20230518/SO18.asc
ncols 200
nrows 200
xllcorner 310000
yllcorner 280000
cellsize 50
[rows 70 to 104 of 200, columns 78 to 155 of 200]
391.1 400.5 406.5 409.9 410.5 414.6 418.1 419.3 419.7 419.2 418.4 414.8 403.8 388.8 400.3 410 414.6 419.5 423.6 424.4 424.8 427.5 430.8 434.7 437.8 441.4 444.9 448.3 450.6 452.7 454.8 457.7 458.4 458.3 458.1 458.8 459.3 459.6 459.7 459.2 460.8 461.1 461.4 461.1 461.3 460.5 459.9 459.8 459.8 460.2 459.7 462.6 463.5 465.3 467.1 466.7 465.6 463.7 461.6 457.3 453.1 449.2 445.6 442.5 438.3 436.7 435 433 431 429 427.8 426.7 425.6 423.6 420.8 418.1 415.7 416.2
402.6 408.7 412.5 415.3 418.7 422 425.4 426.8 426.3 425.8 424.6 421.5 406.8 408.4 420.9 422.2 424 427.7 428.8 429.8 430.5 432.7 435.4 438 441.4 445 449.2 452.6 454.1 456.3 458.3 459.5 460.4 460.2 460.4 461.3 461.4 461.8 462.2 461.9 462.4 462.7 461.5 460.7 459.7 458.4 456.1 455.3 455.3 456.2 457.5 458.8 459.9 462.2 463.2 462.6 461.4 459.5 455.6 451.8 448.4 443.5 440.2 436.8 432.1 430.9 428.7 427.6 425.9 423.7 421.9 419.1 419.6 418.4 414.6 411.6 403.9 406
411 416.8 419.3 423.1 427.6 431.2 433.5 433.6 433.6 433.2 430.6 426.8 424.4 426.2 428.5 429.3 430.4 432.3 433.1 434.1 435.2 436.6 438.5 441.1 444.6 448.8 452.5 454.5 455.6 457.2 458.5 459.9 460.7 460.6 461.7 462.3 462.5 463.1 463.8 463.5 463 462.4 461.4 460.3 458.4 455.9 454.1 452.4 452.1 452.9 452 453.3 455.6 457.5 457.9 457.7 456.2 453.5 450.7 447 443.3 439 434.5 430.6 426.5 424.4 421.9 421.5 420.3 418.2 415.9 413 411.2 409.1 405.1 402.8 395.7 396.5
421 425.3 428.6 432.7 436.4 439.7 440.4 439.7 439.4 439 436.2 432.3 434.3 433.6 435.6 435.7 435.5 435.5 436.4 437.6 438.8 440 441.4 444.3 447.1 451.9 453.7 455.1 455.2 456.2 457.3 458.1 459 459.8 461.5 462 462.4 463.1 464.8 464.1 463.3 463.1 461.4 460.5 458.2 455.7 453.7 453.5 451.5 447.4 447.1 447.2 449.2 451.5 453 452.4 449.8 447.4 444.8 441.4 438 434.2 429.2 425.3 422.3 420.4 416.9 416.1 415.1 413.7 412.7 409.4 405.8 400.9 396.6 396.4 392 387.7
429.8 434 437.9 441.1 443.9 445.6 445.2 444.7 443.7 443.4 442 441.1 440.2 439.8 439.7 439.4 438.8 437.7 438.6 439.8 440.5 442.1 443.5 446.3 449 451.6 452.6 452.8 453.3 453.7 454.7 455.5 456.3 457.5 459.8 460.7 462.3 464.2 465 464.2 463.4 463 461.4 461 459.5 456.3 453.2 451.2 450.1 446.7 441 439.6 443.2 446 446.1 444.5 442.5 440.3 437.9 435.8 432.4 428.7 425 420.4 417.8 417.3 413.9 412.6 411.7 406.1 403.9 404.5 402.9 398 392.4 388.7 388.3 381.3
438.5 442.5 446.5 448.6 449.6 449.9 449 448.2 447.5 446.9 445.6 444.9 443.8 443.4 442.7 442.1 440.7 439.5 439.6 440.3 442.1 444 445.1 447.1 449 450.6 450.5 450.4 449.5 449.7 449.9 450.8 452.1 453.8 456.5 458.9 461.5 464.1 465.5 464.7 463.4 462.3 461.5 461.2 460 457.2 453.9 451.2 448.3 445.3 441.1 436.7 435 439 438.3 436.8 433.5 432 431.2 427.5 425.8 423 420.6 417.3 412 411.8 410.5 408.6 405.6 401 397.8 396.9 397.1 394.5 390 386.5 380.2 383.6
445.9 450.3 453.3 453.8 454.2 453.3 451.9 451.3 450.6 449.7 448.3 447.8 447 446 444.9 443.1 441.5 439.5 439 439.6 442.2 444.1 444.8 446 447.5 448.5 448 446.6 444.5 443 443.6 444.6 445.1 448.7 453.6 456.9 459.4 461.1 463.2 463.4 462.6 461.7 461.5 460.5 458.5 456.1 453 450.3 447.8 444.4 440.7 435.8 427.6 430.6 430.5 428.9 425.1 423.6 423.1 421 419.6 418.7 416.4 413.7 409.4 403.5 403.2 404.1 399.8 396.8 389.7 388.8 389.4 388.3 384 380.4 378.3 387.6
453.2 456.5 457.4 458.2 457.1 455.9 454.4 453.8 452.6 451.7 450.8 449.6 448.4 446.5 444.4 442 440 438.4 437.2 437.6 440.9 442.1 442.5 443.8 445.2 445.5 444.3 443 436.2 435.8 436.3 437.1 438.7 446.1 451 454.5 456.1 458.2 459.9 460.8 460.4 460.1 459.5 457.9 455.4 453.1 450.2 448 445.5 442.6 438.4 432.3 427.6 417.2 420.9 419.3 416.1 414.4 415 414.3 413.9 413.5 413.3 411.4 407.1 403.4 398.8 395.6 395.9 391.7 387.8 380.2 381.2 380 376.8 373.8 380.2 394.2
458.6 460.3 461.2 461.3 459.3 457.3 456 454.4 453.4 452.1 450.7 449.3 447.3 444.7 441.9 439.9 438 436.2 434.8 435.1 437.6 438.9 438.8 440.2 442 441.5 439.4 434.6 430.7 430 430.1 430.7 435 442.2 447.8 450.8 452.8 456 457.1 457.3 456.8 457.3 456.6 454.1 451.2 448.2 446 444.4 442.3 438.9 433.9 428.1 420.2 417.4 413.6 413.3 410.1 408.5 408 408.1 408.9 410.4 410.3 408.5 404.3 399.9 396.1 390 391.2 384.9 383.6 376.3 374.6 372.1 371.2 377.9 385.8 398.8
463.1 463.7 462.5 462 460.9 458.5 456.3 454.7 453.1 451.4 449.6 447 444.5 442 439.5 437.4 435.3 433 431.6 431.2 432.8 433.6 434.1 436.5 438.4 436.5 433.6 429.5 426.7 424.3 424.2 425.7 430.1 438.7 443.2 445.6 449 452.8 455 455.2 453.7 453.1 451.7 449 444.9 441.7 439.4 438.4 435.7 431.4 427.4 421.1 413.3 410.1 405.3 407.4 405.3 403.4 403 403.5 405.4 406.4 408.1 405.5 401.7 397.5 394.1 386.7 385.9 381.5 376.2 373 368.8 368.1 375.8 381.9 391.2 400.8
465.6 464 462.6 462.5 460.8 458.4 454.8 453.5 452.1 449.6 446.3 443.5 440.8 438.6 436.8 434.4 432.5 430.1 427.8 426.6 428.4 427.8 429.3 433.7 435.3 433.5 432.3 428.6 425.5 421.1 419.8 422.3 426.3 432.4 436.9 439.7 444.8 450.8 453.1 452.6 449.7 447.9 445.5 442.3 437.3 434.4 432.4 428.2 425.4 421.5 417.7 409.7 405.5 403.2 402.4 402.5 401.6 398.5 398.8 400.8 401.6 403.7 406.2 402.6 397.4 394.7 391.5 385.8 375.3 375.2 371.6 368.4 367.2 373.4 379.9 388.1 396.5 400.9
464.8 462.7 461.7 461.1 458.5 455.8 452.7 450.7 448.7 445.8 442 439.5 437.4 435.4 433.4 431.1 429 423.9 421 421 422.4 421.9 426.5 431.5 433.6 432.8 430.7 427.7 424.6 420.5 417.4 418.6 421 425 430 434.1 443.1 449.2 451 449.9 447.2 442.8 439.4 433 427.2 424.3 422.6 418.5 414.4 410.4 404.9 400.7 399.3 398 398.6 392.1 393.5 393 395.4 397.5 398.3 401.8 404.8 401.4 395.7 391.7 390.7 387.4 380.5 369.6 367.3 363.3 370.9 374.3 382.4 390.1 395.8 401.4
462.9 460.9 459.5 458.2 455.6 452.7 449.8 446.9 444 440.8 436.9 434.3 433.6 432.2 430.1 427.9 423.5 418.2 416.1 414.1 416.4 417.8 423.6 430.8 433.3 432.9 430.7 427 423.3 420.1 417 413.5 416.6 419.2 422.7 431.9 442.8 448.5 450.3 448.8 445.6 440 431.9 424.3 420.2 416.6 412.5 408.6 405.4 400.1 397.1 395.2 394 392.3 390.7 387.9 386.4 387.5 392.2 393.1 395.1 399.4 401.1 398.4 394.1 389.6 387.2 384.4 377.7 367 364 363.8 369.1 375.1 382 388.2 394.5 401.2
459.8 457.9 456 454.3 451.8 449.3 446.7 443.6 440.3 436.5 432.6 430.1 428.5 427.1 424.7 423.1 417.4 412 409.6 408.4 410.8 414.6 422 429.4 432 430.9 428.1 425 421.9 418.9 416.5 414 412 415.1 418.9 432.1 445.2 448.6 449.7 448.2 443.7 436.4 429.6 420.1 411.4 409.4 404.5 401 398.1 394.3 392.2 389.8 388.8 387.9 385.1 383.9 378.8 383 386.6 389.7 392.1 395.1 396.2 393.2 390.4 384.4 380.9 377.7 370.3 364.5 362.4 362.9 368.6 376.4 382.8 389.3 395.4 402.7
457.3 454.6 453.2 450.6 447.8 445.4 443.1 438.7 434.8 431.3 429.1 426.4 423.2 420.8 420.5 419.3 418.4 416.6 414.1 411.7 406.5 411.5 419.9 425.3 428.2 425.8 423.3 421.4 419.3 417 415.1 414.5 409.8 412.9 422.7 439.6 447 450 450.3 445.7 441.7 434.1 426.3 419.3 412.4 405.3 399.5 396.9 393.1 388.4 387.1 386.3 382.7 380.4 377.2 379.2 378.1 377 383.5 387.5 390.9 391.1 388.4 386 386.2 381.7 376.9 373.4 368.1 363.8 359 363.1 369.1 377.7 382.7 389.6 396.9 405.9
455.7 452.2 450.4 447.7 445.1 442.9 441.7 439.9 438.5 435.8 432.4 429.4 427.9 425.4 424.2 423.3 421.7 419.5 416.3 411.7 407.4 411.3 415.4 419.9 422 420.8 419.7 417.3 414.4 413.7 412.7 412.8 409.2 414.5 434.3 443.1 447.9 450.1 449.2 446.1 443 437.3 430.1 420.8 413.9 409.2 402.2 397.6 394.7 394.4 392.7 390.1 387.6 385 383 377.1 370.7 373.7 384.9 387.8 388.1 386.1 381.8 379.8 379.1 374.3 374.9 372.5 367.5 362.6 357.5 364.6 372.2 377.4 383.2 390.6 400.5 408.4
456.1 454.2 451.5 448.7 446.9 445.5 444 442.5 440.2 437.9 435 433.1 431.7 430.3 428.3 425.4 424.3 421.1 418 413.1 407.1 403.3 408.7 412.5 416.7 414.1 413.4 411.4 409.8 409.2 408.7 407.4 402.5 424.7 437 444.1 448.5 450.1 449.7 448 444.8 438.3 430 421.3 415.2 410.9 406.2 402 399.9 397.5 396 395.8 394.4 391.4 386.4 379.7 373.3 368.6 380.8 384.9 384.2 381.3 379.5 375.4 373.1 369.2 367.2 366 363.5 360.3 357.1 367.8 373.1 379.1 385.5 393.5 404.8 411.7
458.1 455.3 453 450.9 449.1 447.7 446.4 444.6 442.4 440.6 438.4 436.7 435.7 434 431.4 430 427.2 424.1 420.8 415.9 408.2 403.6 396.6 404.8 407 404.5 404.8 404.3 403.3 403.5 403.5 398.4 411.5 427.7 436.7 443.7 448.7 450.2 449.2 449.4 444.9 439.1 431.4 422.6 415.4 410.8 407.8 405.7 403.8 401.9 402.6 400.5 397.3 393.1 386.8 380.9 376 367.1 377.5 382.5 380.3 377.9 376.9 374.3 369.7 363.9 361.1 361.8 362.6 354.8 363.5 370.1 375.9 382.2 389.5 399.1 409.7 411.8
458.2 457 456 454.1 452.8 451.7 450.2 448.4 446.9 444.9 444 443.3 441.1 440.4 438 435.4 431.2 427.5 423.5 418.4 414.5 409.6 405.1 395.2 393.2 395.7 395.5 395.3 395 396.7 395.7 399.1 416.4 426.1 434 441.9 446.2 447.3 448.3 448.6 445.1 440.5 433.6 421.8 414 411.2 409.8 407.9 406.4 405.8 405.3 401.1 397.2 394 389.9 382 374.9 366.3 372.2 380.8 376.4 374.2 374.1 372 366 360 357.5 359.1 358.6 358.8 365.5 371.1 378.1 386.5 400 406.8 412.3 411.4
460.1 459.7 459.1 457.4 456 455.3 454.6 453.5 451.4 449.3 448.5 446.9 445.4 443.4 441.1 438.5 434.4 429 424.7 421.4 418.4 414.3 407.9 400.6 398.4 389.5 387.3 387.8 384.2 389.5 391.1 402.3 413.7 423 428.9 436 439.5 442.8 445.5 446.7 445.9 444 433.9 421.1 415.1 410.7 407.1 405.2 404 404.1 403.2 400.8 398.5 394.9 390.4 384.5 375.4 368.2 362.5 371.5 375.4 371.2 369.9 368 363 356.5 354.4 358 353.7 360.2 365.9 371.9 379.7 395.5 406.4 409.4 409.5 409.3
460.9 461.1 460.8 460.5 459.2 458.2 458.3 458.1 455.4 452.2 450.6 449.5 448.1 445.9 443.3 440.2 436.4 431.4 426.6 423.2 419.6 415 408.7 407.7 404.4 398.2 397 392 386.2 379.8 389.8 398.4 407.9 415.8 421.9 427.3 432 437.7 441.6 445 446.1 442.1 430.6 420 412.2 407.1 402.3 398.8 397 396.8 399 398.8 396.8 393.6 389.6 382.8 377.3 372.2 363.6 365.1 372.2 366.9 366.1 364.6 358.6 353.6 351.9 352.7 350.6 359.5 365.6 372.8 386.7 403.1 408.9 409 407.3 406.1
460.1 460.2 460.9 461.1 460.7 460 461.2 460.6 456.4 453.9 452.7 451 449.2 446.7 444 440.8 437.4 433.1 428 423.1 419.2 413.9 412.6 408.6 405.7 403.8 399.5 394 389.5 382.5 377.3 388.3 395.9 400.5 410.6 416.6 423.9 429.7 435.8 441.9 442.2 437.4 428.7 416.2 408.8 401.7 395.6 393.4 393.1 393.4 396.4 396.2 393.5 391.7 388.2 383.2 377.2 373.3 366 357.6 365.2 365.7 364 360.8 354.1 351.4 350.1 347.8 353.9 358.8 366.6 375.7 391.5 403.9 409.1 408.8 406.8 404.5
457.6 456.8 458 459.2 458.9 459.9 461.9 460.3 456.9 454.3 453 450.7 448.2 445.9 443.7 441 437.7 433.4 428.4 422.6 419.5 416.4 414 409.7 407.8 403.6 400.7 396.2 391.6 388.3 384.6 378.1 375.6 383.9 396 403.8 413.4 422 430 435.7 436.8 433 425.5 412.6 404 398.2 393.3 386.4 388.6 389.1 392.1 390.9 388.1 388.3 385.5 380.7 376.5 373.2 369.5 362.2 354.2 362.8 360.6 355.3 352.3 350.6 346.8 349.8 353.8 360.3 368.8 378.1 393.3 404 410.1 409.8 406.1 403.1
450.6 450.3 452.3 454.1 454.3 458.3 460.3 459.8 456.8 452.8 451 449 446 444.2 442.2 440.1 436.6 432.8 427.8 425.5 423.5 420.3 416.8 412.5 409.4 406.6 403.3 398.3 396.1 393.6 391.2 387.6 383.9 371 374.3 387.2 396.9 408.4 421 427.9 429.5 426.6 419.6 407.9 398.7 392.7 389.9 382.4 383.1 384.9 386.6 388.9 384.8 381.1 379.5 376.9 374.6 373.5 372 363.7 354.2 356.1 358.5 352.1 349 347.6 345.7 349.8 355.6 362.7 370.8 381.6 394.1 404.4 409.5 406.9 404.5 400.4
442.2 439.4 442.2 445.6 449.9 455.5 456.7 457.4 451.8 449.1 447.1 445.6 442.9 440.8 439.4 437.7 436 432.6 429.9 426.9 423.8 420.4 416.2 413.1 411.9 409.5 406.4 406 405.2 403.2 402.4 398 395.3 386.3 381.8 367.4 376.4 392.2 405 416.8 420.7 418.3 412.3 400.8 392.6 386.7 384.4 377.6 377.7 380.4 382.5 385.6 381 374.4 373.1 372.5 371.9 369.8 368.1 362.2 353.4 352.7 353.6 346.7 343.5 345.3 347.8 350.7 356.5 365 372.8 383.1 393.6 403.8 406 400.5 397.6 394.3
427.1 423.5 431.6 439.4 444.9 448.3 450.9 447.1 445.6 442.1 440.8 439.5 437.3 435.8 436.2 435.5 434 431.5 429.1 425.8 421.8 418.3 415.7 413.6 412.2 410.7 413.7 413.6 417.1 418.1 416.4 413.2 403.1 397.9 386.9 382.6 371.9 370.1 388.1 402.2 410 407.7 403.2 393.6 387.2 381.6 379.1 375.5 372.2 373.3 374.8 377.3 376.2 368.9 367.5 366.7 366.6 363.4 360.5 357.4 351.5 351.7 347.5 342.2 342.1 345.7 348.3 352.2 358.5 366.8 376.5 384.8 393.2 402 399.5 393.7 392.2 389.4
414.5 414.5 422.3 432.6 438 439.1 438 437.5 433.5 429.7 428.2 429.7 430.7 430.7 432 432.8 430.4 427.6 424.9 421.9 419.3 416.5 413.4 411.5 413.1 416.1 420.4 421.9 426.2 428.8 429.3 426.9 420.8 413.2 401.5 388.8 382.9 369.2 365.8 387.1 397.9 397.8 394.3 386.7 381.9 377.5 373.3 370.9 368.9 367.2 367.3 366.2 370.2 361.8 362.3 360.8 358.3 357.3 354.9 351.4 346.9 342.3 340.7 340.3 344.1 346.5 349 353.5 361.8 369.1 377 384.7 393 398.6 392.3 389 384.5 382
400.7 407.4 413.5 422.4 427.9 426.7 424.9 420.7 413.4 407.7 408.5 419.4 423.1 425.9 427.3 428 425.8 422.9 420.1 417 414.3 412.6 411.4 411.3 416.2 421.3 426.2 429.6 433.2 436.4 437.1 437.2 433.4 424.5 414.2 400.4 387.2 381.2 366.4 365.3 383.4 386.1 383.5 378 375.3 372.5 368.1 363.4 364.3 363.3 362.4 361.5 361.3 357.6 356.3 353.9 352.1 351.1 347.1 343.5 343 339.3 339 341.4 345.7 349.5 352.5 356.4 362.9 369.3 376.5 382.1 386.2 389.5 387.8 383.6 379.1 375.1
401.3 398.6 403.6 407.1 408.3 408.8 405.9 402 394 395.1 402 413.5 416.7 420.5 422.9 422.8 420.6 418.2 414.7 410.4 406.7 407.3 406.4 413.5 418.5 425.6 430.6 435.1 439.3 441.7 444.1 444 439.1 431.8 421.6 410 396.3 386 379.3 364.1 362.1 369.5 370.4 366.3 360.2 354.7 352.7 350.8 355.6 359 358 357.5 357.2 356.8 353.4 349.2 347.8 345.3 341.8 341 340.7 338.6 341.1 344.8 348 352.7 356.2 360.8 365.9 370.3 377.2 383.3 386.4 382.5 380.7 377.8 375.4 373.7
397.5 391.5 390.6 387.6 384.6 386.2 382.4 381.4 384.1 388.5 397.3 403.8 410.5 413.9 417.2 416.6 415 411.9 408.1 401.7 399.1 400.2 407 415.7 422.2 429.8 435.3 440 443 447 450.1 447.4 443.6 438.6 430.8 418.9 407.3 396.5 388.3 383 366.2 356.8 351.3 349.9 352.5 347.9 344.8 342.4 341.7 349.9 354.2 352.9 354.5 356.2 353.9 349.7 346 340.2 339.5 339.5 336.9 341.6 350.2 354 354.7 355.9 360.6 365.4 370 374.6 383.7 386 387 384.5 381.9 376.5 375 373.6
394.2 390 394.5 394 395.6 391.3 388 386.4 379 377.4 385.7 386.5 398.4 407.1 409 409.2 408.4 403.2 397.1 392.6 392.1 396.2 411.2 419.1 427.2 433.7 439.9 443.2 446.8 452.3 452.9 449.9 446.8 441.8 434.7 426.2 416.3 401.7 395.4 391.2 386.4 381.9 377 371.7 366.3 365.6 357.4 351.3 344.4 343.7 350.1 348.7 350.3 350.1 349.4 347.6 346.9 342.7 334.7 335.1 340.6 350.8 354.8 359.8 360.9 361.8 366.2 370.9 375.6 383.1 387.3 388 387.1 385.2 380 377 376.1 374.9
399.8 399.7 402.4 402.1 402.8 400.4 395.1 389.7 384.7 381.4 376.2 377.1 387.7 398.6 400.6 402 396 389.8 386.8 385.5 386.8 400.2 414.4 423.3 432.1 438.9 444.2 446.9 451.3 455.2 454.3 451.3 448.5 443.5 436.8 429.5 423.3 413.6 402.2 398.5 393.1 388.8 385.2 381.2 376.8 366.8 358.1 352.9 348 334.6 346.2 347.4 345.6 345.9 344.5 343.8 342.5 339.8 334.8 340.5 351.4 352.9 357.7 365.7 367.8 369.4 372.3 376.7 384 388.2 390.7 390.2 388.1 384 380.2 379 380.4 379.2
408.8 410.8 414 416 414.5 412.5 407.7 397.4 389.1 383.6 380.8 378.5 373.1 385.1 388.3 386.9 383.1 382.2 381 378.7 386.2 404.6 418.3 427.3 435.7 442.2 446.4 449.2 454.8 456.2 454.3 451.1 448.4 443 436.7 430.5 424.7 418.1 409.9 403.5 398.1 392.5 387.2 382.2 376.3 368.5 357 351.2 346.9 338.2 340.6 346.5 346.2 343.7 338.7 338.9 334.4 335.8 339.1 348.9 352.9 355.2 362.6 370.1 373.7 375.7 378.9 384 390.2 393.6 394.2 392 388.3 384.7 383 383.9 383.7 381.1
426.7 425.1 425.7 425.7 424 421.1 417.7 410.8 402.8 391.1 385.6 383 379.5 374.6 369.7 369.8 377.3 376.2 374.9 377.6 390.6 408.9 420.4 428.8 437.5 444.3 448 451.5 456.1 455 452.3 449.3 446.2 440.9 435.1 429.7 424.4 418.5 412.1 405.1 396.1 389.6 380.6 375 371.1 364.8 354.2 348.4 344.4 339.9 337.1 343.2 342.8 340.7 337 331 334.5 344.8 347.1 345.7 353.2 359.2 366.8 373 378.3 381.6 385.4 390.7 395.1 397.9 395.4 392.1 387.6 386.4 387.1 387 385.3 382.6
436.3 436 433.8 432.4 431.8 428.7 424.4 416.8 409.6 403 398.3 394.4 389 384.6 381.1 374.2 362.8 366.9 369.1 377.1 395.1 410.3 421 430.4 438.1 444.4 448.5 451.1 454.1 452 449.7 446.6 442.6 437.8 432.5 427.4 422.1 416.3 410.4 404.8 398 388.2 376.6 369.2 364.2 359.1 350.3 343.3 339.8 337.4 329.7 335.6 337.4 336.4 330.5 334.4 346.7 351.8 354.1 352.5 354.4 361.6 367.9 375.8 382.2 386.6 391.4 395.6 398.3 398.9 395.1 391 391.4 390.7 390.6 389.1 387 386.8
