UK/data/se/se16_OST50GRID_20230518/SE16.asc
ncols 200
nrows 200
xllcorner 410000
yllcorner 460000
cellsize 50
[rows 35 to 69 of 200, columns 0 to 77 of 200]
401.5 398.2 394.8 391.9 389.1 386.8 384.3 381.8 379.5 376.6 373.7 370.9 368.3 365.8 363.1 360.3 356.6 354.3 353.2 352 349.7 346.2 343.1 338.3 331.3 328.1 317.6 322.6 320.9 315.3 312 308 306 302.4 297 292.5 287.2 279.3 278.1 272.9 270.4 267.6 264.5 260.3 252.4 245.3 241 239.9 235.4 228.9 222.5 217.5 211.9 205.3 193.3 183.7 173.8 171.5 163.3 166.3 164.3 162.3 159.9 158 156.2 154.7 154.7 153.7 152.2 149.6 147.9 140.2 134.3 134.3 134.3 134.3 134.3 134.3
393.8 391.9 388.9 386.9 382.9 379.3 376.3 374.1 373.2 370.5 367.2 364.9 363.4 360.7 358.5 356 352.9 348.1 346.3 344.8 342.1 338.2 335.9 331.5 323.3 319.4 310.2 315.6 313.6 309.7 303.6 299.9 297.9 292.3 288 281.9 278.1 273.7 271.4 268.1 265 263.1 260.2 256.3 251.2 245.4 241.1 236.3 233.6 229.2 224.4 219.3 206 197.3 187.2 175.3 176.9 180.7 178.1 176.3 175.1 172.4 169.2 165.3 163.5 160.6 160.1 159.1 156.3 154.3 152.3 151.7 146.5 141.2 134.3 134.3 134.3 134.3
385.7 377.3 376.4 371.2 370.9 367.8 366.9 365.9 364.6 362 359.5 358.4 356.5 354.9 352.8 350.7 347.9 343.9 335.6 336.6 335.8 332.7 329.5 324.7 319.5 313.8 309.5 304 305.6 302.6 297.1 292.5 289 284.6 279.7 276 272.6 270.1 263.6 255.3 253 253.4 253.4 249.2 244.6 242.5 237.1 234 231 226.5 209.6 206.8 199.3 198 192.9 186.3 188 188.3 186.6 182.4 183 181.8 180.4 178.6 174.3 171.7 172.7 172.2 168.3 158.4 155.6 153.4 147.8 143.9 137.7 134.3 134.3 134.3
371.1 368 364.6 363.3 364.3 360.2 359.7 352 349.1 351.4 350 349.2 347.1 347.6 345.3 342.6 340.3 333.9 318.4 323.3 328.6 328.4 324.9 320.3 316.4 311.6 305.8 300.8 295.8 292 286.4 281.1 280.4 278.2 275.9 271.6 264.7 259.6 261.7 260.9 259.2 257.4 250.3 244.7 242.9 238 233.7 228.9 223.7 221 217.7 209.3 205.1 211.3 205.5 196 197.3 196 196.3 190.3 192.2 190.4 191.4 191.6 190.2 189.5 182.5 180.4 175.6 171.9 162.4 155.8 154.1 152.9 145.4 140.2 137.8 136.3
391.1 386.8 378.9 377.7 378.1 375.9 371.1 362 360.9 351.8 350.5 346.3 345.8 340.5 334.1 330.2 328.5 331.1 337.2 328.4 310.3 311.9 313.6 313.4 308.7 298.6 290.6 286.7 287.1 286.3 281.8 276.6 280.8 272.6 273.1 272.5 270.7 270.9 269.2 266.8 264.2 263.4 256.8 252 248.6 243.4 240.4 241.7 238.6 232.8 231.9 227.7 221.5 218.3 212.6 207.1 206.2 205.2 205.7 202.8 202.5 203.8 201.5 199.7 198.7 199.8 193.2 189 183.9 179.8 167.6 165.2 161.3 156.3 151.9 148.1 143.5 139.7
410.3 406.6 403.1 391.3 383.9 380 376.8 371.1 363.1 360.9 361.1 358.7 358.9 355.3 350.8 351.3 347.4 344.9 340.9 336.9 331.7 323.1 310.6 303.5 307.3 308.1 309.1 305.8 301.8 299.9 297 297.4 293.8 288.7 283.6 282.8 282.4 280.2 277.9 272.4 270.9 267.6 263.4 256.4 252.7 248.7 247.9 247.8 245.4 243.5 239.6 232.2 230.2 227.3 220.2 220.8 219.1 217.6 215.4 214.6 213.7 214.2 215.2 219 213.3 207.5 206.3 203.3 193.4 191.4 185.8 174.5 169.4 162.7 158 153.9 148.8 144.3
420.2 415.5 411.4 408.7 402.7 398.5 393.8 385 385 383 377 373 372 368.1 364.5 362.8 359.8 354.4 347.8 341.8 340.7 334.9 331 326.3 326.5 321.7 318.7 315.9 311.7 310.8 306.7 304.2 301.6 302.3 297 295.3 292.5 288.6 286 281.6 278.6 273.8 271 266.2 258.7 257.3 255.7 253.6 252.3 250.2 247.3 242.6 240.8 237.6 234.1 232.2 229.6 228 225.1 225.2 226.7 228.5 232 233.5 232 229.3 224.9 218.3 210 203.5 198.3 192 182.9 174.8 167.2 162.8 156.2 151.5
424.9 421.6 418 412.1 410.8 407.4 402 399.4 395.4 388.7 385.2 381.9 379.3 376.8 375.8 372.8 370.6 364.6 359.4 351.7 348.3 342.4 338.4 335.5 333 328.8 326.8 320.6 320.7 318.9 313.6 312.8 311.3 310.3 309.6 305.2 300.4 296.7 294.2 293.3 289.5 287 276.8 272.1 266.5 263.9 261.6 259.7 259.3 256.7 254.5 251.7 248.7 245.6 244.4 243.3 241.8 239.7 238 237 240.1 244.1 241.9 238.8 236 231.7 228.2 223.7 219 214.9 209.7 205.6 198.3 188.7 181.8 171.7 164.9 157.7
427.5 424.1 421.8 419 413.8 409.2 405.2 400 396.5 393.5 391.3 388.7 386 382.4 381.2 379.9 377.8 374.1 369.6 361.1 355.2 354.8 345.4 345.5 339.4 335.4 333.2 334 329.3 323.6 320.2 318.1 320.2 319 318 315.5 308.7 304.2 301.7 302.1 295.9 292 285.8 276.5 274.8 270.4 266.6 264.9 264.4 262.7 260.7 258 254.7 253 250.8 250.1 250.7 250.5 250.2 249.4 249.3 248.3 246.3 243.6 239.7 235.5 231.2 227.3 223.3 218.2 214.5 211.4 206.6 201.8 196.7 183.9 172 162.5
429 426.3 423.5 420.7 415.3 412.2 405.6 405.2 401.3 398.3 396.9 394.2 391.4 386.8 385.5 385.2 383.5 380.2 377.1 372.9 364.3 356.9 350.6 350.2 346.5 343 342.6 341.4 337.6 333 330.3 327.6 329 329.2 333 330.9 327.1 324 319.7 314.8 307.3 299.1 290.3 284.6 281.7 277.1 272 270.7 269.6 267.9 266.1 263.6 261.1 258.6 256.3 256.2 256.9 255.3 255.8 253.4 252.4 250.9 249.3 246.8 242.9 239.2 235.4 230.9 226.7 222.5 219.3 215.5 212.5 207.2 198.1 188.4 178 165.7
430.2 428.5 425.2 422.9 417.3 415.6 412.6 409 407 404.4 402.1 399.3 395.9 393.6 391.7 390.1 387.9 385.6 383 379.6 376.5 373.8 369.4 361.7 354.6 353.2 352.6 356.8 352.7 349.3 346.3 344.4 343.3 342.3 339.6 337.4 334.4 330.3 326.5 320.9 315 306.6 297.4 292.2 288.9 282.6 277.9 275.8 274 273.1 271.3 269.4 266.7 263.8 262 262.5 262.5 262.4 263 261.5 258.6 256.1 251.3 248.6 245.8 242.6 239 235 232.3 229.3 225.9 221.5 215.7 213.9 205.4 196.3 180 181.5
433.2 430.2 428.3 425.8 422.1 420.2 416.7 413 411.5 409.3 406.7 403.7 400.4 398.1 395.5 392.7 390.6 388.4 386.3 383.6 380.8 378 375.6 372.6 369.7 367.1 364.1 361.1 357.8 354.8 352.1 350.1 348.3 347.1 345 341 338.4 334.5 330.9 326.1 319.8 311.7 306 301.2 295.6 291.7 284.1 279.2 277.4 276.7 275.2 273.6 271.5 269 267.2 265.9 264.6 263.5 262.3 262.8 261.9 259.8 256.8 252.9 249.7 247.8 243.7 239.6 237.1 235 232.4 227.7 223 218.8 213.3 201 198.4 187.7
433.6 431.9 430.5 428.7 426.2 423.3 420 416.7 415.5 412.7 408.9 406.6 403.8 401.1 398.4 394.8 393 390.8 388.2 385.8 383.2 380.3 377.6 374.4 370.8 367.9 365.8 363.3 360.8 358.3 356.2 353.7 351.8 350 347.3 343.7 340.6 337.4 333.7 330.4 323.6 312.7 306.4 302.9 298.5 295.6 292 284.5 281.8 280.7 279.8 276.8 275.1 274 271.9 269.6 267.5 265.1 261.4 259.4 259.4 259 257.6 255.8 253.6 251.3 249.5 247.1 245.2 242.3 236.6 231.8 228.3 221.7 215.3 212.4 208.6 204.2
435.3 434 432.4 430.7 429 426.3 423.6 420.6 418.1 415.5 411.5 408.3 405.6 403.2 400 397.1 394.6 392.4 389.8 387.2 384.7 381.5 378.8 375.5 371.6 367.3 365.5 364.5 362.9 361.2 358.9 357.3 355.1 352.6 348.9 345.4 342.4 339.1 336 329 325.5 318.1 311 307.8 302.4 299 296 292.5 287.3 285.3 284 282.2 280.3 279.1 278.2 275.5 274.4 269.4 262.9 260.3 258.5 257.2 256.5 255.6 254.6 252.6 250.2 248.8 244.9 241.7 238.4 234.5 230.7 227.1 225.8 219.1 215 213.2
436.5 435 433.5 432.2 430.5 428.5 425.8 422 418.7 415.6 412.8 409.3 406.1 403.5 400.2 396.9 394.1 391.6 389.1 387.5 385 381.7 378.9 375.9 372 368.4 365.3 364.8 364.2 362.4 360.3 359.2 357.5 354 350 346.6 343 340.2 337.7 333.1 326.6 322.5 317.8 311 306.1 302.5 299.1 296.8 294.1 290.1 288 286.2 284.5 284.7 284.2 281.6 279.5 274.7 267.6 263.7 260.5 257.9 254.1 251.9 252.1 250.7 248.9 246.6 243.4 240.4 237.6 234.4 231.4 228.6 226.7 224.9 220.8 218.8
436.5 434.4 432.8 431.9 430.6 429.1 426 421.9 418 414.6 411.9 409 406.1 403.1 399.8 396.4 393.5 390.8 388.4 385.9 383.8 381 378.1 375 371.3 368.8 366.4 364 363.8 363.3 361.9 362.1 360.2 357.1 351.6 347.4 344.4 341 337.3 332.8 330.4 323.5 321.6 317.8 311.2 307.3 303.9 300.5 298.4 295 292.1 290.1 290 289.6 287 284.7 281.9 279.3 276.2 271 268.3 263.5 260.4 256.2 249.5 246.1 245 244.2 241.9 238.8 235.6 233 231.4 229.3 227.2 224.3 223.1 221.8
435.1 433.2 431.9 431.1 429.7 426.9 425.3 422.3 418.2 415 411.4 407 404.3 402.4 399.1 395.8 392.3 389.1 386.4 384.1 382 379.6 376.7 373.6 370.2 367.9 366.3 364.2 362.6 362.1 362.4 362.9 361.3 357.3 353.6 349.5 346 342.6 338.9 334.2 324.4 326.4 323 321.3 315.8 310.7 308.1 304.2 302.3 299.8 296.6 293 292.7 291.7 288.7 285.7 283.4 281.3 279.1 276.2 272.5 269 265.6 260.4 251.7 247.2 244.8 242.6 239.7 238.4 238 237.2 234 231.4 228.6 225.5 223 221.9
434 431.5 430.4 428.8 427.6 425.3 423.4 421.4 418.2 414.3 410.8 406.1 401.7 399.8 397.8 395.1 391.7 387.6 384.6 382.2 379.6 377.5 374.5 371.5 368.9 366.7 365.3 363.7 361.2 360.3 360.2 361.3 360 357 353.4 349.4 345.5 342.7 339.5 333.7 330.9 324.9 318.6 321.4 321.3 317.4 312.6 309.1 302.9 300.6 298.9 295.3 293.7 293 290.2 286.6 284.5 282.3 280.3 277.8 274.3 272.3 269.4 262.6 255.8 248.7 246.5 244.8 243.6 243.6 241.7 239.7 237.3 233.7 231.3 227.7 223.1 220.3
432.1 431.3 428.5 426.4 424.8 422.2 419.4 417.4 414.6 411 408 403.8 400.1 396.4 393.7 392.3 389.4 386.5 383.2 379.7 377.3 374.3 371.4 368.5 366.6 365.2 363.8 362.5 362.3 360.5 358.4 357.3 357 355.1 352 347.3 343.7 341.7 339.2 336.6 329.4 327.7 322.7 313.9 314.9 318.3 317.7 311.3 308.1 301.3 296.9 294.7 293.8 293 291 287.4 285 282.8 280.5 278 275 271.8 269 265.8 256.6 251.8 249.8 247.5 247.6 247.1 243.7 243.6 241.6 235.6 232.6 228.9 224.5 220.6
428 427.6 425.8 424.1 422.2 419.8 416 413.1 410 407.2 404.6 400.1 397.5 393.9 389.6 388 385.5 382.5 380.5 377.5 374.6 371.7 368.6 365.8 363.9 362.9 361.4 360.4 361.7 362.2 358 356.2 353.2 352.2 350.3 347.1 342.8 340.3 337.9 335.2 327 327.8 323.6 316.4 310.3 309.7 313.4 311.8 306.7 304 296.1 291.5 291.7 290.9 290.2 287.5 285.4 283.2 281.4 279.1 276 272.2 268.3 265.6 259.8 256.7 256.4 258.6 259.8 259.3 255.6 245.7 242.9 236.5 233.6 229.7 224.6 220.7
423.4 423.8 423.6 420.5 418.6 416.4 413.3 409.3 406.2 403.5 400.2 396.8 393.5 390.9 388 384.7 380.7 379.5 377.7 374.9 372.4 369.4 366.7 363.7 361.5 360.6 359.5 358.6 358.3 359.6 358.5 354.2 351.5 349 347.6 345.4 342.5 338.5 335.6 334.2 327.1 321.6 324.1 321 317.3 309.7 310.2 312.5 305.8 303.2 302.1 298.7 290.8 286.8 287.4 286.3 284.7 283.4 281.1 278.7 275.8 272.1 268.1 265.8 262.7 260.8 262 265.8 266.1 264.1 260.5 256.4 252.4 243.3 231.6 227.1 224.8 219.4
417.9 419 420 418.3 414.2 412.7 409.2 406.7 403.4 400.3 396.6 392.9 389.5 387 383.6 381.2 377.5 375.7 374.6 372 369.7 367.1 364.5 361.9 360 358.7 358.3 357.8 354.4 355.2 354.9 354 349.1 346.8 344.5 342.3 339.5 336.2 331.8 329.1 323.8 318.9 319 320.6 318.1 313.3 304.8 306.9 307 301.2 299.7 298.7 296 288.1 283.9 284.2 283.5 282.5 281 278.5 275.1 272.1 268.6 265.9 263.8 263.6 265.4 267 265.9 264.1 261.4 258.4 255 250.4 245.5 236.2 227.9 218.5
412.7 414.4 415.6 414.8 411.4 409 405.6 402.6 400.7 397.6 392.6 389.6 386.3 383.2 379.9 377.3 374.2 372.1 370.3 368.5 367.1 364.4 362.1 360.4 358.3 356.9 357.7 357.9 354.7 349.5 349.6 347.9 345.9 344 341.4 338.8 336.5 333.3 327.4 324.8 322 316.4 315.7 315.6 316.8 313.6 309.2 300.5 298.5 299.5 293 294.8 294 288.5 280.9 279 281 281.3 280.4 278.4 276 273.2 270.2 267.6 259.8 263.8 264.7 264.6 263.7 262.3 260.3 257.6 255.1 251.6 247.5 243 239.4 231.2
407.6 409.8 410.9 410.8 408.6 404.8 401.1 398 395.8 393.7 389 386.1 382.5 379.2 376.4 373.4 371 368.3 366.1 365.7 364.3 362.2 360.5 358.6 356.7 354.9 354.4 355.1 352.9 349.7 344.9 343.4 340.7 338.7 339.4 336.6 333.2 332.5 326.9 325.8 321.6 317.3 313.5 311.2 310.5 313 309.2 306.8 296.9 289.3 285.7 286.8 289.2 285.9 279.3 278.8 276.5 279.1 278.8 277.8 276.5 274.4 271.6 268 262.2 262 262.4 261.6 260.5 259.1 257.7 255 252.5 249 246.2 243.3 239.7 235.9
400.2 403.4 405.8 406.5 404.7 400.4 397.2 395.3 392.5 390.5 386.7 381.8 378.2 375.9 372.9 369 366.5 364 362.2 361.6 361.2 360.1 358.5 357.3 355.5 353.5 352 351.8 350.8 347.6 344.3 339.3 333.5 332.2 336.6 334.8 332.2 330.1 328.8 323.2 322.7 318.5 316.6 311.6 305.9 309 308 304.6 302.4 294.1 280.9 278.2 283.6 285 281.5 276.8 273.6 274 276.2 275.2 273.7 272.5 270.8 268.2 263.6 254.2 258.5 257.5 256.3 254.3 252.7 250.6 247.9 245.2 242.5 239.9 238.2 235.4
392 395.7 400.8 401.7 401.4 398 395 391.6 390 387.8 385.4 381.4 376.8 372.6 369 366.1 363.5 361.5 359.8 358.3 358.3 357.8 357.8 356.9 355.5 353.8 351.5 348.4 347 345.7 342.8 339.2 332.9 324.4 332.4 332.6 331.2 328 326.6 324.8 318.4 316.9 314.4 313.8 310 303.9 304.5 304.3 300.4 296.5 286.4 273.6 277.5 282.3 280.7 276.3 268.8 269.3 272.3 271.1 268.5 269 268.6 266.5 262.5 255.9 253.4 252.6 251.2 249.4 247.5 244.9 242.3 240 238.4 235.7 233.7 232.4
386.6 388.6 393.4 396.9 397.3 395 393.3 390.3 385.4 384.2 381.9 378.7 374.4 370.7 367.1 364.4 361.9 359.9 357.7 356.1 354.4 354.3 354 355.4 354.8 353.5 352 349.5 346.7 344.5 339.8 336 329.4 326.1 321.2 327.9 328.9 326.8 324.1 322.3 319.4 315.4 312.7 312.3 309.4 306.2 300.9 302.2 300.6 295.4 286.6 275.9 269.1 274 275.6 274.3 269.3 266.6 264.6 266.3 263.6 264.5 264.3 262.2 259.3 255.1 245.1 247.7 246.3 243.6 241.7 239.4 237.2 235.1 234 231.7 229 226.5
381.9 383.4 386.5 390.6 392.6 390.5 389.5 387.3 384.1 380.2 376.6 374.1 370.3 367.6 364.7 363.5 360.8 358.3 356.3 354.3 353.9 352.2 350 348.9 352.5 352.8 350.8 348.4 345.6 342.7 339 335.4 331.4 325.9 319.6 323.3 324.7 322.9 321.4 319.6 317.9 315.4 310.4 308.5 308.4 305.7 299 296.3 296.8 296.4 288.6 280.7 270.4 263.6 268.9 267.4 266.6 261.7 257.6 260.7 259 258.5 259 256.9 254.3 251.3 244.9 243.5 241.5 239 236 234.3 232.3 230.9 230.2 227.6 224.6 221
376.7 378.5 380.7 383.8 386 385.6 384.8 384.1 380.5 378.4 374 370.7 367.7 365.8 364.2 363.3 360.2 358.3 358.2 357.6 356.5 355.5 354.6 352.2 344.9 348.2 346.1 344.1 342.2 338.8 334.5 330.5 326.6 322.4 314.4 318.4 319.3 317.5 316 313.5 314.3 314.3 313.8 308.2 306.2 305.1 302.5 296.8 294 294 291.3 282.4 275.9 265.4 259.3 260.5 259.4 256.2 254.3 251.2 252.4 251.7 252.2 251.5 248.9 245.5 241.6 236.3 237 233.5 230.5 228.9 227.4 227.3 225.5 222.4 219.3 215.8
371.1 373.3 375.4 377.5 379.2 379.5 378.6 380.5 379 374.7 371.3 368.9 366.4 364.7 363 361.4 360.5 359.6 359.2 358.8 357.9 357.4 356 353.7 350.6 347.2 339.9 329.5 329.2 329.4 328.5 324.4 320.9 317.4 305.7 312 312.7 310.9 309.1 306.5 306.8 308.1 308.9 308.7 305.6 302.7 301.3 298.6 295.2 292 290.1 285 278.1 269.5 263.8 254.9 250.6 249.5 247 247.8 242.5 244.7 244.4 243.9 243.2 239.8 236.2 232.3 231.5 228.6 225.8 224.3 221.7 222.6 219.4 216.5 213.2 210.4
366.2 368.1 370.5 371.7 373.4 373.4 375 376.7 376.1 373.7 370.8 368.3 366.2 364.3 363 362 361.2 360.2 359.8 359.6 359.8 358.8 356.5 354.2 351.4 347.4 342.9 335.1 324.7 314.9 314.9 312.3 313.5 312.9 308.5 301.3 302.9 302.2 300.1 298.4 299.2 300.9 303.9 306.3 305 300.3 298.5 296.8 293.9 289.5 285.7 282.3 277.3 271.4 264.2 257.8 250.6 242.7 240.7 242.1 240.5 235.1 237.3 237.6 236.7 234.2 230.4 226.5 224.3 223.1 220.9 218.2 215.4 216.3 215 211.7 207.9 204.7
360.1 363.4 364.7 366.7 368 368.6 371.3 372.7 372.7 372.2 370.9 368.3 366.6 365.4 364 362.9 361.7 359.8 358 357.6 359.8 358.9 356.6 353.9 350.4 346.5 342 337 331.5 322.8 312.2 300 302.2 304.3 303.5 300 292.2 293.1 291.2 290.5 292 293.9 298.1 302.8 303.6 301.4 295.8 293.6 291 286.1 282.6 278.8 274.8 269.1 263.2 257.2 252.1 239.4 236.9 237.6 234.5 233.1 224.9 228 229.7 226.7 222.1 218 216 215.3 213 210.7 209.1 209.9 209.8 207.2 204 199.5
349.2 352.6 359.9 361.6 363.5 364.8 367.3 368.8 369.8 370.1 369.7 368.3 367.1 366 364 362.8 361 358.7 355.9 354.5 355.6 355.6 354.4 352.3 348.5 344.5 340.3 336 331.2 325.1 317.8 310 293.2 290.4 293.9 295.9 291.3 276.7 282.9 280.6 285.5 287.5 291.8 297 299.7 298.7 292.3 289.5 286.6 282.8 278.6 274.1 271.3 265.8 260 254.9 248.4 232.5 228 232.4 228.1 225.7 222.8 214 214.6 217 214.3 211.7 210 209.9 208.1 205.4 202.8 202.3 202.2 200.2 197.6 194.9
331.5 337.6 336.7 334.1 346.7 360 364.3 365.4 366.2 366.9 366.9 366.9 366.3 365.4 363.1 360.4 358.2 355.9 354.8 350.9 351.5 352.2 350.1 347.7 345.2 341.8 337.4 334.3 330.1 324.8 318.9 311.5 302.8 293 282.1 286.5 283.5 275.2 259.3 260.5 270.5 280.1 284.3 288.4 290.1 287.2 283 280.6 278.9 278.9 275.6 270.9 267.3 261.3 254.4 247 239.5 227.3 218.6 222 221.9 219.3 216 213.2 207.4 208.5 205.9 203.9 203 195.1 201.5 199.7 197.5 195.9 194.6 193.7 190.7 190.1
341.9 333.2 333 330.4 349.2 354.5 355.4 357.4 358.4 359 359.8 360.8 361.2 360.6 358.4 356 353.1 351 351.8 348.4 346.3 347.5 344.2 340.8 339.2 337.1 334 331.3 327.8 324.4 319 312.9 306.2 295.7 291.3 285.9 280.3 279.6 277.6 259.2 244.8 263 274.7 279.2 280.5 275.7 272.5 271 269.4 268.1 265.9 262.5 254.2 253 246.1 240.4 236.1 228.4 215.4 208.9 212.5 210.4 206.5 204.4 200.1 198.6 198.4 196.6 195.1 188.2 189.6 193.1 190.4 188.8 188.8 187.1 186.8 184
