WholeMapElevations/data/st/st60_OST50GRID_20230518/ST60.asc
ncols 200
nrows 200
xllcorner 360000
yllcorner 100000
cellsize 50
[rows 105 to 139 of 200, columns 78 to 155 of 200]
189.5 198.3 217.8 237.7 252.6 256.9 254.7 248.7 240.6 232.3 228.9 235.2 243.5 254.1 260 259.7 257.7 255.6 253 249.6 244.9 242.1 238.4 232.8 225.4 210.9 203.4 197.6 194.3 193 193.2 193.6 195.3 196.7 195.7 187.8 185.1 181.2 179.1 173.7 172.3 176.3 179.3 187.4 197.4 201.7 207 212.9 221.2 228.1 234.3 237.5 235.1 228.6 221.5 213.5 205.4 200.4 195.2 193.9 189.7 182.3 171.3 172.6 175.6 179.4 174 171.6 173.1 176.4 183.2 195.6 205.5 213.5 215.2 212.4 203.3 190
188.9 200.7 220.1 237.2 251.5 255.7 251.1 242.4 234.2 223.7 217.2 224 235.2 245.8 253.3 258.5 256.8 254.3 249.9 243.2 238.2 233.8 228.6 222.4 213.3 205.8 200.7 198.2 196.7 195.8 195.9 196.2 196 196.4 195.6 190.6 188.2 186.6 182.1 178 171.6 171.3 176.7 185.1 191.2 196.3 200 204.8 210.5 219.1 228.1 236 236.7 236.5 232.6 224 215.6 209.3 204.2 201.6 197.6 187.9 178.2 179.2 182.5 186 182.9 178.7 178.9 182.2 187.8 199.9 208.8 217.2 216.2 209.8 199.6 186.3
190.5 205.9 225.1 241 252.7 253.7 245.1 234.9 226.5 217.2 210 215.3 226.1 236.2 246.1 254.7 255.5 252.4 247.4 237.7 229.1 222.2 216.3 212.3 208.2 204.1 202.5 201.4 201.1 199.3 197.8 196.7 194.9 193.9 192.7 191.6 185.4 188.8 184.6 177.8 173.3 168.7 173.3 179.1 181.5 189.4 195.4 196.7 200.2 207.3 219.8 230.2 237 239 238.5 234 227.5 220.6 215.6 211.7 207.7 201.2 196.6 191.8 192.2 195.3 198.6 196.9 194.4 193.6 201.9 210.3 217.8 220.7 213.4 204.1 192.9 180.4
194 215.8 233.8 246.8 255 253 241 228.1 218.2 210.2 205.1 208.4 219.8 229.4 237.3 245.4 252.2 251.9 247.9 241.6 234.8 227.5 219.9 215.7 213.6 211.1 209 207.4 205 202.9 200.7 197.9 194.6 191.1 189.9 189.4 187.8 186.3 188.3 182.7 174.8 166.5 169 173.6 180.1 187.5 190.5 190.9 194.8 201.4 208.4 220.6 232.2 238.1 240.5 241.4 236.7 231.6 225.1 221.9 219.4 217.2 213.8 213 211.8 213.5 218.7 218.1 216.3 218.4 222.8 224.2 225.2 219.4 206.6 194.4 183.6 173.2
203.4 224.2 242.8 252.6 254.6 250 238.7 225.8 213 204.8 200.1 202.7 211.5 217.9 225.4 233.7 244.5 251 249.1 245.1 238.6 234 229.1 224.7 220.3 217.3 214.4 212.4 209.5 207.1 204.6 200.1 194.7 189.6 187.8 186.9 186.7 182.8 186.9 186.1 177.7 166 166.7 172.4 178.1 181.6 180.2 183.8 191.7 197.6 203.2 210.9 223.1 232.8 239.4 242.3 241.3 239.5 236.2 230.4 229.3 229.1 228.8 230.2 229.8 233.4 235.9 235.3 236.4 235.2 234.6 231 225.2 212.5 198.3 186.8 177.9 169.5
216.2 234 248.9 254.8 254.2 248.1 236.2 223.3 210 201.1 196 197.7 201.6 207.3 213.6 223.3 236 245.2 249.6 248.2 243.6 239 235 230.4 225.9 222.3 219.6 217.6 215.8 213.7 211.4 203.9 195.9 189.2 185.8 184.4 184.6 185.2 181.9 183.9 180.3 167.6 164.2 166.6 174.8 172.8 174.9 185.5 189.8 193.8 198.7 203.6 212.3 224.9 235.1 240.6 244.1 243.8 242.8 241.6 239.7 240 241.8 243.8 244.5 245.5 245.9 245.5 242.2 240.4 237 229.2 216.9 205.3 190.7 180.8 173.8 166.4
232 242.9 253.6 254.5 253.1 243 231.8 219.9 206.9 199.9 194.2 193.3 193.9 197.2 201.8 213.6 223.9 234 242.1 245.3 247.4 244.4 240.1 235.6 231.6 229.4 226.7 224.4 222.9 221.6 218.3 209.3 197.4 189.5 185 181.8 179.3 182.2 183.5 173.9 172.2 166.6 164.1 162.2 166.2 168.8 178.7 184.7 187.2 190.1 192.5 197.8 203.1 213.2 226.5 233.1 240.3 242.2 245.7 246.1 246.2 247.1 248 249.1 250 249.6 249.4 247.6 245.7 241.3 233.4 220.2 208.5 195.6 185.7 177 170.8 166.6
246.8 251.8 256.3 254.4 249.2 238.3 227 216.3 206.2 198.3 193.5 188.3 188.1 189.9 194.2 197.8 209.1 221.2 230 235.5 242.2 246.9 245.1 240.5 237.6 235.4 233.2 231.8 230.3 227.3 222.9 212.5 197.2 189.1 184.8 182.2 178.3 175 173.6 172.3 170.9 169.1 167 163 159.5 167.9 173.4 180 185 187 188.4 192.2 197.4 204.2 210.9 219.6 226.7 233.6 240.9 245.7 248.3 248.9 249.7 251 252 251.9 250.8 249.2 246 238.7 226.3 212.6 198.7 187.9 180.3 173.6 168.5 167
252.3 256.5 255.9 252.3 241.8 230.8 220.4 210.8 201.5 195.4 190.9 186.6 184.1 184.8 186.1 190.1 196.6 206.2 216.1 225 231.4 236.3 241.5 245 243.2 241 237.6 236 233.9 229.3 223.2 210.5 196.4 188.6 184 181.7 179.4 176.2 173.5 173.4 172.2 172.7 171 164.3 158.6 163.6 169.7 180.6 182 180.9 183.5 188.4 192.6 196 199.9 206.4 212.7 221.3 229.4 239.2 246.9 249.4 250.1 252.2 253.6 253.3 252.1 249.8 243.9 233.1 215.9 202.5 191.4 185.1 178.7 173.2 170.2 172.6
256.1 256.9 254.8 247.1 234.3 222.3 210.4 202.4 197.9 192.3 188.4 185.2 182.3 180.4 180.6 182.9 187.2 192.5 198.9 209.4 216.2 223.6 228.8 232.8 237 240.9 241.5 238.5 234.9 229 221.3 207.5 195.4 189.1 184.8 182.1 180 176.5 175.5 176.6 177.7 174.6 173.3 166.7 161.3 160.2 166.1 178.1 173.6 175.2 180.4 184.2 187.1 190 193.4 197.2 201 206.9 218.5 231.3 240.5 248.9 251.3 253.3 254.3 254 252.2 250.1 243.1 229.3 212.2 206.6 205.4 194.7 181.2 174.6 176.2 181.9
257.8 256.6 252.2 238.9 225.4 216.5 204.9 199.4 194.9 190.9 187.6 185.2 183.6 181.2 179.3 179 181.2 185.8 189.8 194.6 201.1 208.4 214 218.4 222.7 229 235.9 238.2 234.1 226.4 217.9 203.3 194.8 190.8 187.6 183.5 180.7 178.3 177.8 178.3 177 176.9 174 170.7 162.4 158.7 161.5 164.6 169.1 175.7 180.5 180.9 182.7 185.1 187.9 191 194.8 199.3 207.2 221 233.9 244.3 252.2 253.6 254.2 254.4 252.5 250.6 245.1 234.5 221.5 225.5 219.8 197.2 180.9 179.6 185.7 197.1
257.6 255.7 247.3 234.3 221.1 210.6 205 202 197.8 191.6 188.1 187.1 185.9 184.3 180.9 178.2 176.9 179.3 183.2 187 189.2 191.5 196.4 200.4 205.5 214.8 223.2 231.5 232.7 224.3 214.1 202.7 197.4 195 190.8 185.9 182.9 180.4 179.3 177.8 176.3 175.6 175.1 173.8 165.8 158.8 159 163.7 170.7 176.8 179 179.4 179.4 181.5 183.7 186.2 189.7 194.6 200.6 210.5 226.3 238.8 249.8 254.4 254.7 255.2 253.9 250.9 246.2 235.3 235.4 233.3 218.4 196.5 184.3 187.6 197.1 208.8
256.5 252.3 243.9 232 218.9 213 210.1 208.4 202.6 192.8 190.3 189.9 188.6 186.8 183.6 180.6 176.7 175.1 176.3 179.4 181.3 184.1 186.1 187.7 191.4 198.9 211.5 221.9 228 223.7 214.9 207.7 204.8 200.6 193.8 187.7 183.9 181.4 178.8 177.1 174.9 174.9 173.5 174 171.8 161.8 156.7 161.4 165.6 174.7 177.5 177.6 176.6 176.9 179.5 181.5 185.7 190.1 195.5 202.1 217.1 234.2 246.5 255.7 256 255.5 254.6 251.6 246.3 242.1 242.9 233.8 215.9 197.1 190.1 197.2 209.8 225
255 250.9 241.8 231.1 225.6 224.2 222 217.8 206.4 196.3 192.5 192.4 191.6 189.8 187.4 183.9 180.3 175.3 173.1 173 174.7 175.9 177.9 179.6 182.8 186.6 197.9 209.8 219.8 225.6 219.9 215.5 213.6 208.1 196.6 188.3 184.2 180.9 177.4 174.4 173.2 172.5 172.1 172.4 172.2 165.1 156.5 158.7 162.7 172 176.2 175.8 172.7 171 177.1 179.9 182.7 186.5 191.1 198 208.1 228.9 242.8 254.3 257.1 256.3 255.2 252.7 250.1 247.9 245.5 233.7 214.6 198.4 199.9 210.7 224.1 234.8
254.8 250.2 240.9 237.8 235.7 234.4 231.9 221.8 206.5 197.1 196.2 196.5 195.9 194.2 191.2 187.2 182.7 178 175 172.2 170.4 170 170.1 172.1 175.6 179.5 184.9 194.6 211.3 223.2 224.9 221.8 218.5 213.5 203 190 183.1 178.6 175.5 173 171.2 170.8 170 163.5 171.4 170.4 159.7 152.6 157.5 170 174.2 173.6 168.9 168.4 176.8 177.7 179.2 182.6 187.9 195.4 206.9 224.3 238.1 252.3 256.5 256.7 256 253.7 252.1 250.4 246.2 233.8 214.6 205.4 214.8 227.2 237.4 242.3
256.1 253.4 249.9 247.4 245.1 242.2 234.9 217.5 206.9 202.2 201.4 201.3 200.9 198.7 195.5 190 185.4 182.9 180.6 176.5 173.2 170.3 168.8 167.6 168.7 173 178.7 185 202.7 215.5 227.2 226.8 222.8 217.6 208.6 194.3 185.1 179 176 173.3 171.5 169.3 167.7 165.5 170.9 169.8 166.1 155.7 153.8 160.4 166 168.3 164.2 169.9 175.2 175.1 177.2 181.3 186.6 192.6 203.5 221.9 238.2 250 255.9 256.6 256.1 255 252.9 251 246.8 233.6 215.7 224 232.9 240.9 244.4 246.2
258.8 256.1 253.7 250.9 248.6 242.4 231.7 217.3 206.7 210.1 209.8 208.4 206.5 203.4 199.9 195.5 190.8 188.8 186.3 182.5 178.8 175.6 170.7 168.5 165.6 167.2 173.1 180 190.7 206.2 218.8 229.3 226.5 220.7 213.1 200.7 187.6 180.1 176.5 173.6 171.3 169.6 167.7 164.9 160.7 168.8 169.4 162.1 152.1 154.3 158.5 160.6 161.2 169.9 173.6 172.4 176 179.8 183.2 188.6 200.7 221.6 237.7 249.2 255.9 256.1 256 254.8 253.1 250.3 245.7 232.9 232.3 239.4 244.7 247.6 248.6 248.5
260.3 257.6 254.9 251.9 249.1 244.3 229.8 215.8 217.7 219.4 216.5 213.7 211.4 208.5 204.5 201 197.3 194.3 190.2 185.6 181.6 177.3 172.7 168.1 164.1 164.3 168.2 175.2 183.4 194.9 208.7 220.8 228.3 222.2 214.2 203.8 189.5 182.2 178 174.1 171.3 169.7 167.1 165.7 160.6 166.7 167.9 168.1 158 150.7 153.8 157.8 162.8 168.7 169 170.1 174 176.8 180.3 186.8 197 216.4 233.3 245.2 254.3 256.1 255.6 254.5 253.5 250.4 246.8 244.2 244.1 247.8 249.9 250.5 250.7 250.1
260.2 257.9 254.9 250 245.5 235.7 228.1 228.1 230 228.3 225.1 221.2 217.1 213.2 208.6 205.9 201.4 196.5 190.2 183.4 179.3 172 169.1 165.5 162.9 162 165.1 170.3 177.6 183.4 196.8 210.7 221 222.7 214.8 206.4 194.6 185.8 181.5 177.3 172 167.7 165.1 163.3 159.3 162.7 167.2 166.3 152.7 150.4 152.8 154.9 158.4 162.2 163.8 166.5 169.7 174.5 179.2 186 194.7 209.1 223.4 238.4 250.2 255.5 255.9 255.2 254.4 253.6 252.2 251.3 250.7 252.1 252.6 252.3 251.8 251
260.8 258.9 254.5 249.7 244.7 242.6 240.8 240.1 238.9 236.9 233.4 229.2 224.3 219 214 208.6 201.8 192 183.2 176.5 173 169.8 167.4 165 163.5 161.2 162.5 166.2 170.2 175.3 182.2 197.1 211.4 219.8 214.7 208 200.1 191.7 184.7 179.1 173.9 169.7 165.5 162.9 157.5 158 163.2 154.9 148.6 151.5 156.1 160 161 163 165.7 168.5 171.6 175.2 180.2 186.4 193.3 203.3 216.9 231.7 247.8 255.5 256.6 257.7 257 257.2 256.6 255.8 255.3 254.8 254.4 253.6 252.7 250.8
261.1 259.4 257.4 253.2 250.8 248.4 246.6 245.8 244.2 242.1 238.8 235.2 230.2 224 217.1 208.1 200.9 185 177 173.3 171.6 170.2 170 168.7 165.1 162.6 159.8 160.2 163.9 168.9 174.3 184.3 200.3 212.3 215.8 209.4 203.2 195.6 186.7 180.4 174.5 170.3 166.2 162.6 157.7 154.7 160.1 151.3 148.8 153.1 158 162.5 165.8 168.5 170.6 172.4 174.2 176.7 181.9 188 192.8 199.4 211.7 227.5 242.4 251.4 256.4 258.3 259.4 259.4 259.7 258.7 257.3 256.8 255.3 253.8 252.7 249.8
261.8 260.4 258.9 255.9 253 250.7 249 247.8 246.6 244.8 242 237.6 231.8 224.9 215.2 202.7 188.8 180.1 175.6 173.6 173.6 173.5 173.5 171.6 168 163.7 160.6 158.1 159.4 163.3 168.2 174.8 186.9 202.5 213.9 211.1 205.2 197.8 186.1 177.6 171.1 167.3 163.9 162 158.1 154.6 152.5 149.7 148.5 153.8 159.2 163.6 165.6 168.9 171.9 172.8 174.6 179 183.1 186.9 190.8 195.7 202 217.2 232 246.9 254.9 258.3 260.1 261.3 260.7 259.8 258.6 257.1 255.6 253.9 252.2 249
262.6 261 258.3 255.5 252.6 250.9 249.1 247.9 246.5 244.7 240.5 234.5 227.5 219.9 206.4 190.9 183.2 179.3 177.7 177.3 178.3 177.8 176.4 173.1 169.1 165.4 162.1 159.4 156.8 158.7 163.3 169.6 176.7 192.8 207.4 211.4 206 197.6 185.7 173.2 168 163.8 160.3 159.1 158.4 154.5 152 148 148.7 157.2 161.4 162.9 163.9 165.6 167.6 167.9 170 173.7 178.1 182 185.1 189.5 196.1 206.8 222.5 241 252 257.5 260.1 261.2 261 259.9 258.4 256.6 254.9 253.2 251.4 246.9
263 260.3 257.6 254.8 252 249.9 247.8 246.2 244.4 239 233.3 227.7 220.4 208.2 196.2 186.6 184.6 184 183.5 183.1 183.3 181.7 179.7 174.5 170.6 168.3 165.5 161.1 157.1 155.7 158.1 163.8 171.1 180.5 200.9 210.4 207.5 199.7 191.1 176.4 167.4 162.6 158.9 157 156.1 155.8 151.1 146 149.1 159.7 160.5 161.3 161.5 162.5 163.4 164.6 166.2 167.6 170.7 174.4 178.6 185.1 192.8 204.4 222 240.8 252 257.6 259.7 260.7 260.5 259.1 257.3 255 253.9 252.1 250.3 247
262.4 259.7 256.5 252.6 248.7 246.3 243.6 240.7 234.6 226.6 221.7 213 205.3 197.3 192.3 191.5 191.4 190.7 190.4 189.5 188.7 186.5 182.9 178 175.4 172.7 168.9 164.3 159.8 155 154.3 158.3 164.6 170.7 192.5 206.5 209.9 202.1 193.6 183.8 169.3 163.6 158.5 155.4 153.8 151.5 149.8 145.7 150.6 159.3 159.3 158.6 160.4 160.7 161.3 161.7 162.8 164.2 167 171.7 177.7 184.2 194.3 207.9 225 242.3 252.4 256.1 259 259.9 258.9 256.1 254.5 252.7 251.6 250.3 248.6 246.7
261.8 259.2 255.4 252.3 248 244 239 234.5 230.6 222 217.2 210.7 207.8 204.2 205.1 204.5 203.6 200.8 199.2 196.8 194.6 191.1 187.1 183.1 179.6 175.8 171.8 167.4 162.4 157.2 153.6 154.4 159.5 167.9 187.5 201.8 211.6 204.7 195.5 187.4 172.8 162.6 157.6 154.5 152.5 148.8 147.2 143.4 157.2 156.5 156.6 157.4 158.3 158.8 159.1 159.4 160.6 163 166.3 171.5 176.7 185 195.5 210.1 229.6 245.8 253 256.4 257.7 258.6 257 253.6 250.8 248.5 246.4 244.1 243.7 243
261.2 259.7 257.2 254 251.8 248 245.7 243.4 240.9 236.3 231 225.9 222.3 219.9 217.5 215.2 213.1 210.4 207.1 203 198.7 195.3 191.6 187.7 182.7 178.5 174.6 169.7 164.5 159.3 154.4 151.7 157.7 168.5 185.2 199.6 210.2 206.8 197.9 189.8 177.8 164 157.2 153.8 151.1 147.7 143.7 146.2 155.4 155.5 154.9 155.8 157.4 158 158.2 156.4 159.1 161.3 164.8 170 175.3 183.9 196.3 216.4 237.9 248.9 252.8 255.9 256.5 256.9 255.5 252.7 245.9 241.8 235.5 232.2 230.4 236.1
259.9 259.1 258.1 255.3 253.1 250.9 248.7 246.5 243.8 240.9 239.2 236.9 233.6 230.6 227.2 223.3 220.2 216.9 213.9 209.5 203.6 199.1 195.4 191 186 181.1 176.6 171.2 165.7 160.9 155.6 151.1 156 168 185 201 212.7 210.1 200.8 190.8 180.6 167.1 158.3 153.5 150 146.8 143.5 147.9 154.4 152.4 154.6 155.7 156.3 156 156.1 152.4 155.7 159.4 163 167.7 172.9 190.4 210.4 227.9 241.5 248.5 251.9 254.6 255.2 255.5 254.4 251.7 246 239 227.9 219.9 215.3 219.4
258.2 258.4 258.1 256.7 254.6 252.5 250.3 247.8 245.3 242.8 241.1 238.9 235.8 232.9 230.6 228.8 225.9 221.6 218.6 214.1 208.9 203.2 196.4 190.8 185.6 180.8 177.1 172.1 165.5 161 155.8 150.7 156.8 168.4 186.2 202.8 216.2 211.9 201.4 191.4 181.6 169.5 159.8 155.1 152.5 148.4 143.6 144.4 149.8 149 152.4 154.2 153.1 150.5 149.2 151.5 155.1 158.9 162.4 167 173 183.3 199.2 220.2 235.6 243.9 249.3 252.8 253.7 254.1 253.3 252.1 248.8 243.6 234.5 223.6 209.8 201.8
257.5 257.7 257.4 256.2 254.2 252.2 250.5 247.9 244.9 241.5 238.4 233.1 227.6 224 224.1 220.1 218.8 218.2 217.1 215.2 209.6 203 194.8 189.1 184 176.5 170.8 169.1 161 157 152.4 149.5 157.4 167.7 188.6 206.3 216 211.8 202 191.9 182.5 174.1 166.9 159.9 156 151.8 146.3 142.6 142.4 141.6 147.1 148.3 145 145.8 148.9 153.8 157.5 160.3 163.6 168 174 181.4 192.7 208.2 229.2 238.6 245.7 251 253 253.2 252.4 251.4 248.8 244.2 235.4 225.9 216.6 205.6
256.6 257 256.7 255.5 253.5 251.5 248.6 245.5 242.1 233.5 225.8 218.7 207.6 206.4 204.1 204.1 205.3 203.5 206 207 202.9 196.4 189.8 181.9 170 163.9 162.2 159.2 156.2 153.2 148.8 148.9 155.6 166.5 190.1 208.8 215.6 211.3 202.5 194.6 187.4 181.3 174.8 166.8 159.8 154.8 151.2 147 143.7 140.4 140.9 140.7 145.2 150.2 152.6 155.4 158.7 162 166 169.5 174.2 180.9 189.1 201.2 220.2 232.9 240.8 246.7 251.6 252.6 251.6 250.3 247.8 241.8 233.2 223.9 215 204.7
255.6 256.1 255.6 254.1 252.9 251.2 247.5 242.4 237.6 232 222 216.6 201.4 194.6 188.9 189 189.2 189.9 190.5 194.1 193 186.5 174.1 165.2 161.4 158.1 156.9 155.7 153.4 150.5 147.3 148.1 153.4 166 190.8 207.4 214.5 211.4 203.2 195.8 190.1 183.1 178.1 172.6 166 161.7 158.2 152.2 149 146.3 140 140.3 150.1 152.4 154 156.9 160.8 164.6 168.6 171.9 176.1 181.9 189 199.4 215.5 229.9 239.1 245.8 249.9 251.4 250.6 249.1 246.4 240.2 231.3 221.5 208.7 197
254.6 255.4 255.6 254.1 252.6 251.3 247.9 244.6 242.9 239.8 235.8 228.5 218.2 205.5 190.6 179.9 175.4 174.2 173.8 176.7 178.4 169.2 162.9 158.7 156.1 154.5 153.8 153.5 152.6 149.9 145.5 146.8 150.9 159.7 176.8 190.5 199.9 205.6 202.5 195.7 190.6 185.1 179.3 175.3 170.9 166.4 161.1 156.5 154.9 150.2 142.9 139.4 148.3 151.4 155.1 158.9 162.7 165.6 168.5 171.7 175.7 182.3 190.5 202.5 218 229.3 237.7 244.8 248.8 249.7 248.7 246.9 244.5 238.5 227.4 213.2 200.4 189.1
253.9 254.8 255.6 254.1 253.1 251.9 250.3 247.8 245 241.9 238.9 234.7 227.2 213.2 203.7 187.7 172.3 168.2 166.2 164.9 164.1 161.4 157.6 155.5 153.8 152.6 152.3 152.2 151.1 148.1 144 144.8 148.6 152.3 158.9 170.4 180.7 187.4 192 184.4 183.3 184.5 180.2 175.4 171.7 167.4 162.9 157.5 154.5 151.3 144.2 138.8 147 148.3 150.3 154.7 158.8 162.6 165.1 166.4 170.7 177.4 188.1 201.5 219.6 230.4 238.9 245 246.9 248.1 246.8 244.8 242.4 235.5 221.5 206.1 197.6 200.8
253.9 254.5 255 254.4 253.3 252.1 250.8 248.5 246 242.8 239.9 235.7 227.8 214.7 201.5 179.6 169.2 165.4 162.7 161 159.4 157.7 156.9 154.9 153.1 151.8 151.4 150 148.2 147.1 145.2 143.3 144.8 148.1 153.6 158.2 163.1 166.6 170.6 170 172.3 176.7 175.7 175.2 171.2 166.9 162.2 156.2 152.2 148.9 143.2 137.2 143.3 145.7 146.9 149.2 152.2 154.2 157.7 160.7 165.2 171.9 186.9 204.8 222.4 231.1 239.5 245.4 246.9 247.4 246.4 244.3 238.4 229.5 215.3 205.8 207.5 212.1
