WholeMapElevations/data/nn/nn18_OST50GRID_20230518/NN18.asc
ncols 200
nrows 200
xllcorner 210000
yllcorner 780000
cellsize 50
[rows 0 to 34 of 200, columns 0 to 79 of 200]
113.2 114.7 117.3 120.2 123.7 124.8 128.1 130.4 132.9 138.6 143.3 147.7 152 156.3 160.3 164.2 166.5 168.8 168.5 168.5 166.9 164.1 162.9 160.8 158.9 155.7 151.3 147 142.2 138.3 133 126.4 122.1 118.4 114.1 109.6 105.3 101.4 99.9 98.3 93 90.9 89.7 87.2 84.7 80.9 76.7 72.5 67.4 62.2 57.4 52.9 48.8 41.8 41.8 41.8 41.8 41.8 41.8 41.8 41.8 41.8 41.8 41.8 41.8 41.8 41.8 41.8 41.8 41.8 41.8 41.8 41.8 41.8 41.8 41.8 41.8 41.8 41.8 41.8
123.9 125.5 128 130.6 133.5 136.4 139.7 142 145.1 151.2 156.5 161.2 165.5 169 173.3 177.2 180.7 184.1 185 185.5 184.2 181.1 178.9 177.9 175.3 171.4 166.4 160.2 155.4 150 143.2 136.7 131.8 128 123.4 118.8 114.5 111.3 109.4 106.3 102.6 101.8 100.5 97.9 96.5 92.9 87.4 83 77.8 72.3 66 60.6 57 51.6 41.8 41.8 41.8 41.8 41.8 41.8 41.8 41.8 41.8 41.8 41.8 41.8 41.8 41.8 41.8 41.8 41.8 41.8 41.8 41.8 41.8 41.8 41.8 41.8 41.8 41.8
137.4 138.2 139.4 141.1 144.2 147.5 151.3 153.9 157.9 163.5 168.6 173.5 178.4 182.1 186.4 189.9 193.9 198 199 200.4 200.4 198.4 195.4 194.8 190.6 186.8 181.5 173.4 167.4 161.3 156 150.7 143.1 137.4 133.8 127.9 124.7 121.8 118.2 114.8 112.3 110.3 110.1 108.3 107.2 104.6 98.2 94.7 88.7 82.5 76 69.9 65.3 61.2 54.1 47.7 41.8 41.8 41.8 41.8 41.8 41.8 41.8 41.8 41.8 41.8 41.8 41.8 41.8 41.8 41.8 41.8 41.8 41.8 41.8 41.8 41.8 41.8 41.8 41.8
148.9 147.6 148.8 151 153.4 155.8 160.8 167.6 172.2 172.8 181.6 187.7 192 197.7 200.5 205.3 209.5 209.9 211.2 212.5 211.9 209.6 207.6 209.9 206.1 202.1 192.1 183.1 185 177 170.1 163.4 154.3 145.5 140.6 135 129.2 130.6 126.6 125.6 123.5 121 119.9 118.7 115.1 111.3 107.8 103.5 98.7 91.3 87.4 80.7 76.1 68.5 64.6 59 52 44.1 41.8 41.8 41.8 41.8 41.8 41.8 41.8 41.8 41.8 41.8 41.8 41.8 41.8 41.8 41.8 41.8 41.8 41.8 41.8 41.8 41.8 41.8
163.9 163.2 163.6 164.7 166 168.2 172.2 179 183.5 185.6 189.4 197.9 204.1 209.8 214.9 218 220.1 221.3 220.9 222.1 221.4 220.1 218.7 218.5 213.7 207.7 201.7 195.1 192.1 185.9 179.2 172.5 163.6 155.2 148.3 142.5 135.5 132.8 133 130.7 129.3 129.5 128.2 127.8 128.6 121.9 114 111.6 107.3 102.8 100.2 93.2 87.5 82.1 72.1 65.9 59.7 53.8 45.4 41.8 41.8 41.8 41.8 41.8 41.8 41.8 41.8 41.8 41.8 41.8 41.8 41.8 41.8 41.8 41.8 41.8 41.8 41.8 41.8 41.8
180.4 179.5 180.2 180 180.2 182.5 183.9 192.4 196.3 198 201.9 203 214 220.8 227 230.6 231 231.4 229.4 229.5 230.6 229.4 227.4 226.7 222.6 217.2 209.2 204.2 199.8 195 189.2 181.2 170.9 162.5 157 153 144.7 139.3 137.3 137.8 136 136.2 136 134.4 132 128.5 124.9 120.7 116.7 109.2 105.8 100 96.1 88.3 84.7 75.8 67.7 60.7 53.7 49.7 41.8 41.8 41.8 41.8 41.8 41.8 41.8 41.8 41.8 41.8 41.8 41.8 41.8 41.8 41.8 41.8 41.8 41.8 41.8 41.8
199.5 200 202.6 202.1 199.1 197.3 197.4 205.6 212.3 211.7 211.9 210.5 214.9 226.9 238.2 242 242.4 241.2 238 235.3 236.4 237.9 238.4 235.8 231.7 227 219.7 212.9 205.8 198.5 192.4 184.5 176.5 169 164.4 161.1 151 145.9 143.2 143.9 141.2 140.3 142 141.7 140 138.1 134.1 129.1 125.3 123.2 114.2 106.5 104.3 100.5 92.8 84.6 76.4 67.9 60.2 53.2 43.9 41.8 41.8 41.8 41.8 41.8 41.8 41.8 41.8 41.8 41.8 41.8 41.8 41.8 41.8 41.8 41.8 41.8 41.8 41.8
225.2 223.9 223.4 219.3 217.4 219.2 216.7 221.7 228.1 229.6 226.3 225 222.7 224.9 232.1 247 250.3 251.1 246.1 241 241.7 244.5 244.3 242 239.5 236.2 228.8 219.5 211.7 206 196.8 189.3 182.4 175.6 169.7 162.5 157.2 152.2 148.4 149.6 145.5 145.5 143.9 145.3 145.2 142.5 141.5 135 131 127.6 121.4 116 108.2 101.1 94.6 90 81 74.9 71.3 60.6 55.2 49.3 41.8 41.8 41.8 41.8 41.8 41.8 41.8 41.8 41.8 41.8 41.8 41.8 41.8 41.8 41.8 41.8 41.8 41.8
247.1 243.9 244.5 246.3 244.2 250.4 245.6 240.4 244.5 245.2 242.3 240.3 239.1 239.5 239.9 245.1 251.4 256.7 252 247.6 245.1 246.6 247.1 244.1 243 238.2 230.5 222.5 218.3 216.2 205.2 195.5 189 180.8 173.9 168.9 163.3 159 156.8 155.2 150.2 146.9 147.9 147.5 148 145.9 146.8 142.2 136.5 132.1 130.5 123.9 110.7 106.3 101.8 98.4 89.2 79.7 75.3 67.6 58.4 52.4 50.5 45.5 42.8 41.8 41.8 41.8 41.8 41.8 41.8 41.8 41.8 41.8 41.8 41.8 41.8 41.8 41.8 41.8
264 269.3 274.6 269.7 269.8 268.5 265.2 271 263.4 259.9 260.8 258.2 256.8 252.5 251.3 250.6 249.5 253.7 256.4 255.4 254.4 253 249.6 247.4 242.2 238.4 231.5 224.1 221 219.1 206.4 199.5 191.8 185.3 179.6 175.4 171.5 165.6 161.2 155.7 155.3 156.2 154.2 154.8 154.3 152.2 153.6 148.4 142.6 134.4 130.3 124.4 116.4 112.6 110.3 102.4 93.7 84.4 79.2 72.3 63.9 56.8 53.7 47.9 41.8 41.8 41.8 41.8 41.8 41.8 41.8 41.8 41.8 41.8 41.8 41.8 41.8 41.8 41.8 41.8
278 282.9 284.7 285 284.1 281.1 277.3 278.2 276.6 274.6 276.1 276.1 270 263.5 260.1 257.2 253.6 250.6 254.1 261 264.5 262.7 255.6 250.8 246.2 239.7 230.9 222.8 218.4 213.2 208.4 201.9 197.2 192.6 185 179.2 177 172.3 166.4 164.4 166 164.1 162.2 162.4 160.8 157.6 157.3 154.5 148.9 141 132.6 125.3 122.4 115.2 114.1 111.8 98.5 88.1 82.3 76 67.9 56.4 49.6 45.4 41.8 41.8 41.8 41.8 41.8 41.8 41.8 41.8 41.8 41.8 41.8 41.8 41.8 41.8 41.8 41.8
293.2 297.7 299.5 299.4 302.3 300.3 300.4 298 295.9 295.8 295.1 291 286 272.1 269.2 266.2 260.1 254.5 252 254.3 259.1 261.2 257.2 252.9 248.8 243.5 233 226 224.4 221 218.3 212 205.2 199.4 195.2 189.8 186.4 181.9 177.5 174.4 172.3 169 167.2 165 164.1 163.2 159.4 154.5 148.1 142.6 135.4 127.4 120 114.9 109.6 104.2 99.8 90.5 79.4 71.4 64.3 56.3 50.1 48.7 41.8 41.8 41.8 41.8 41.8 41.8 41.8 41.8 41.8 41.8 41.8 41.8 41.8 41.8 41.8 41.8
307.2 309.1 312.7 318.4 321.1 323.3 321 319.3 321.4 314.4 310.4 305.4 299.1 284.6 276 274.7 269.2 262.5 255.6 253 251.8 255.9 256.9 253.1 250.3 246.8 238.6 236.3 234.3 231.1 229.3 225.5 216.2 207.9 205.3 202.2 195.1 190.5 186.1 182.3 178.7 173.9 169.6 168.7 167.6 166.6 164 156.7 151.2 144.6 136 128.7 119.8 114.3 109.2 101.2 92.4 85 79.3 69.7 60 57.1 54.6 46.1 42.1 41.8 41.8 41.8 41.8 41.8 41.8 41.8 41.8 41.8 41.8 41.8 41.8 41.8 41.8 41.8
321.5 325.1 325.2 332.2 334.6 331.3 330.7 332.9 330.6 327.3 325.4 320.2 311.1 301.5 287.8 285 276 268.2 259.4 255.1 254.7 251.7 253.3 254.2 251.5 248.4 247.2 246 244 242.1 241 233.6 225 218 213.1 208.7 203.2 197.7 194.1 191.6 188.6 181.2 177 175.3 172.9 170.7 166.6 159.2 151 145.4 138.3 130.6 122.9 115.2 106.5 96 91 82.1 73.3 67.2 60.2 56.8 51.9 46.3 41.8 41.8 41.8 41.8 41.8 41.8 41.8 41.8 41.8 41.8 41.8 41.8 41.8 41.8 41.8 41.8
342.1 340.9 342.1 342.4 343.4 339.7 343.3 345.6 341.3 337.9 333.4 328.7 324.4 313.1 298.3 285 279.8 273.3 265.4 256.3 252.4 251.7 251.7 254 254.9 254 253.3 253.3 253.7 251.8 247 239.1 232.1 225.7 221.2 216.9 211.1 205.5 201.1 196.3 191.5 188.1 183.1 178.5 176 173.7 170 162 153.5 147.2 138.5 131.5 123.9 116.2 108.2 96 90 81.2 73.5 65.6 57.7 52.7 50.9 47.2 41.8 41.8 41.8 41.8 41.8 41.8 41.8 41.8 41.8 41.8 41.8 41.8 41.8 41.8 41.8 41.8
355.2 353.7 355 354.3 350.3 351.2 351.6 351.9 350.5 343.4 342.4 336.5 326.4 314.1 301.1 290.7 287.1 281 269 261.7 252.3 251.7 251.7 251.7 255 256.9 257.1 257.3 258.3 255.8 251.2 246.3 240 234.1 231.4 226 219.7 213.5 210.1 204.6 197.1 190.6 185.5 183.2 179.8 174.3 168.4 159.9 149.8 142.9 137.2 130.2 120.7 110.9 105.6 94 87.3 78.1 69.9 64.3 57.1 52.9 47.9 44.1 41.8 41.8 41.8 41.8 41.8 41.8 41.8 41.8 41.8 41.8 41.8 41.8 41.8 41.8 41.8 41.8
360.6 361.2 363.5 366.2 362.2 360 363.1 362.5 354.9 349.3 348.1 341.8 326.5 313.7 308.4 300.9 296.3 287.8 278.8 266.9 258 251.7 251.7 251.7 251.7 258.3 261 263 262.8 260.6 255.9 251.8 246.3 245.3 243.6 237.6 233.5 225.3 218.6 210.6 199.8 193.4 187.9 183.2 180.1 174.9 168 160.5 152 142.2 134 125.5 118.6 110.2 98.4 91.2 84.1 75.9 66.9 63.4 56 52.5 48.6 47.3 45.5 42.9 41.8 41.8 41.8 41.8 43.3 41.8 42 41.8 41.8 41.8 41.8 41.8 41.8 41.8
367.7 373.3 371.2 369.5 369.1 369.2 371.1 367.2 358.7 356.8 355 347.8 331.7 318.4 310.3 309.6 306.1 297.5 286.7 276.9 265.8 254.9 251.7 251.7 252.3 256.8 262 263.2 264.1 262 261 257.5 252.7 247.9 246.4 245.5 241 231.1 222 216.9 207.3 195.8 187.3 182.2 178 171.3 164.4 156.6 147.6 137.9 129 122.4 113.7 103.3 94.8 87.9 82.8 76.6 65.9 62.6 57.5 55.7 52.6 50.6 47.9 46.9 45.1 43.2 44.4 44.6 41.8 43.5 43 44.2 42.3 41.8 41.8 41.8 41.8 41.8
372.6 375.2 378 371.5 372.4 372.9 371 370.3 366.3 364.8 365.8 353.3 339.6 322.8 314.4 310.8 306.8 299.6 294.9 287.9 274.5 258.3 252.1 254.7 251.9 253.6 259.8 262.8 263.7 262 259.7 258.7 256 252.3 247.4 242.9 236.9 230.6 223.7 213.5 203 192.9 184.8 178.4 173.9 170.4 160.9 155.7 146.7 136.9 126.5 115.8 110 102.6 92.8 86.3 81.9 70.7 65.7 62.6 57.6 54.6 51.3 48 47.4 46.9 45.5 45.2 45.6 43.2 45.1 44.4 43.8 44.8 43.5 43 41.8 41.8 41.8 41.8
374.2 376.2 375.6 373.8 374.9 377.8 373.4 370.1 368.3 367.6 362.4 351.5 341 329.4 326 318.2 311.3 309.7 298.4 291.4 277.8 263 261.9 260.4 254.8 253.4 258.9 261.9 263.9 262 259.7 257.1 255.2 249.6 244 241.6 233.7 227.8 217.7 211.8 202.7 193.5 185.1 178.1 171.4 165.4 156.1 147.8 144.6 131.5 120.8 111.1 104.7 96.5 90.1 85.2 78.1 69.5 64.1 61.1 57.2 55 51.5 50.3 50.6 49.9 48.6 47.1 46.2 43.7 43.9 43.7 44.2 44.7 44 43.8 43.2 42.5 41.8 41.8
374.8 376.4 371.9 372.2 374.9 375.2 379 371.6 369.2 366.6 364.6 353.8 341.4 333.6 331.7 324.7 318.9 312.7 303.2 298.4 287.2 270.6 264.7 261 257.4 255.5 258.4 260.8 261 260.1 258.3 254.2 247.3 242.6 237.9 234.5 226.9 222 215.3 209.5 201.2 191.1 182.9 174.7 167.9 157.5 150.2 140 135.4 125.7 115.7 105 106.1 93.4 86.5 80.6 71.6 65.1 63.1 59.9 57 55.4 51.9 51.4 52.8 50.8 48.5 48 45.6 43.5 42.8 43 43.9 45.1 44.6 45.1 45.3 43.8 43.4 41.8
371.6 371 370.9 371.4 373.8 374.5 373.7 371.4 368.4 366.4 359.8 346.9 342.7 343.3 338.6 333.3 325.6 316.9 307.6 300.9 293.6 275.7 267.9 264.5 260.7 255.4 257.5 259.4 255.4 252.7 250.1 247.9 241.6 236 233.3 225.4 218.5 214 208.2 201.6 195.4 186.2 178.5 169.6 160.6 151.4 141.7 134.8 125.7 117.9 108.1 100 94.1 87.5 82.3 76.8 68.9 64.3 60.7 56.9 56 53.9 53.7 53.4 52.9 50.5 49.3 48.5 47 46.5 45.3 44.2 45.2 43.5 44.5 43.5 42.3 44 42 43
367.4 370.2 370.5 371.1 371.2 371.7 372.5 373.1 364.8 357 354 352.4 352 349.2 343.8 337.3 331.8 323.6 317.2 304.7 290.5 280.8 274.3 270.4 265.8 253.7 248.1 251.5 249.3 246.6 245.3 243.9 237.6 231 223.1 217.4 211.7 206.4 196.2 193 183.3 178.7 171.3 161.9 154 145.1 139.8 128.9 122.5 109.4 100 97.5 89.7 82.3 76.4 72.2 68.3 68.1 61.6 57.4 55.1 55.2 55.4 54 52.7 52 50.4 49.9 49.5 46.9 45.5 45.5 43.5 46.2 45.9 44.6 44.7 43.4 42.1 42.7
365.2 367.8 366.7 369.3 369.8 369.8 366.5 363.7 355.9 355.4 358 358.1 357.4 355.1 348.4 340.9 332.6 326 318.3 313.9 307.7 302.4 288.5 278.7 266.2 254.5 243.7 239.8 240.3 240.6 234.3 236 230.2 226.4 214 204.7 200.6 194.6 185.1 179.9 172.1 166.6 159.3 154.7 144.2 140.2 133.6 122.1 116.7 102 96 89.7 82.5 77.2 73.9 68.9 66.2 64.5 59.5 56.5 56.6 56 56 54.8 53.7 51.5 50 51.9 47.6 45.5 43.1 46.8 46 45.9 45 44 44 44.4 42.3 41.8
363 363.2 363 366.7 368.8 368.5 359.9 358.5 360.4 362.2 361.6 360.8 360.8 356.1 351 346.2 341.4 336.7 333.4 328 322.4 316.8 304.7 291.3 270.3 258.5 247.7 233.4 231.2 229.8 225.9 225.5 217.7 214.5 204.9 197.6 186.4 184.3 175 171 161.1 154 147.6 144.1 135.6 129.5 124 119.3 108.8 97.1 89.2 84.1 78.8 74.2 69.6 70.2 66.1 62.7 60.8 56.6 56.5 56.6 56.9 55.4 53.5 51.4 49.8 45.5 44.8 44.9 46.7 46.4 46.1 45.6 44.8 44.1 43.9 42.4 42.2 42.6
360.6 360.6 360 362 363.2 361.8 361.3 364.6 366.2 363.2 363.3 362.6 361.4 357.7 352.4 350.8 347.8 343.6 342 335 330.8 317.8 305.6 288.7 274.3 266.6 250.2 233.9 225.1 211.9 214.1 211.3 207.1 200.9 195.7 186.2 178.4 171.1 164.5 159.5 151.2 144.1 139.6 130.6 125.2 118.8 115.4 109.6 104 94.2 84.9 78.7 76.5 75.8 68.5 66.7 63.1 63.3 59.1 56.6 55.6 58.7 58 54.4 53.2 51 45.5 49.3 47.9 47.5 46.9 46.7 47.6 46 45.8 45.5 45.6 44.7 43 41.8
356.8 353.4 359.6 360.7 360.8 360.7 362.7 364 363.6 360.7 358.9 360.7 358.3 354.7 352.2 352.3 348.9 348.1 341.1 334.6 323.4 313.3 300.4 281.1 268.1 257.2 244.3 230.4 223.1 209 202.7 199.5 195.2 189.1 185.7 176.1 170.8 163.6 154.6 150.3 142.3 136.1 126.5 121 118.9 109.2 101.7 97.9 92.5 85.7 81 80.6 74.4 70.6 67.6 66.3 61.3 60.6 57.5 55.7 54.3 56.3 56.2 54.4 51.6 49.8 46.7 49.8 49.1 49.5 49.1 48.4 49.4 48.3 48.1 47.1 47.2 46.2 44.2 43.2
347.8 352 355.8 358 355.1 357.4 360.1 357.1 354.8 352.6 351.6 351.8 349.4 348.7 347.8 347.5 346.2 343.8 340.3 328 319.5 302.1 289.4 277 268.1 253.9 241.8 228.6 216.2 206.9 201.1 194.5 185.7 179.1 174.5 168.8 160.5 154.7 146.8 139.9 133.4 129.3 122.1 111.9 110.3 102.6 96.3 90.9 86.2 80.5 76.6 74.8 70 67.7 65.4 64.9 61 58 58 58.1 56.2 52.9 50.4 49.1 52 53.2 51.9 51.4 49.3 51.4 51.9 52 50.8 50 50 50.2 48.5 48.9 47.2 44.5
344.7 342.5 345.3 344 346.4 347.5 346.9 345 343.5 345.1 345 342.8 340.9 339.4 341.2 340.7 337.7 333.3 327.2 314.5 307 290.8 282 274.6 262.8 250 231.8 224.1 216.6 204.5 193 182.4 180.3 174.9 167.7 158.7 152.3 143.4 137.8 132 127.6 119.6 112.7 105.9 105.7 95.1 89.7 85.3 79.9 76.2 73 70.4 68.6 66.2 65 63.1 63.7 60.5 59.1 58.6 52.3 52.5 52.8 53.3 55 54.6 54.4 51.8 53.6 53.8 54.3 53.8 53.7 52.4 52.7 52 51 51.1 50.5 49.3
337.5 333.7 335.3 333.5 337.3 335.2 338.3 331.2 332.9 331.6 332.4 330.2 327.9 326.8 328.5 326.2 321.4 312.1 305.6 294.9 283.7 276 270.2 264.7 253.6 242.3 225.7 218.3 204 196.7 189.2 180.4 170.6 166.8 162.3 154.5 145.1 137.1 131.2 125.4 120.1 113.2 107.3 100.9 94.7 90.7 83.8 80.1 76.6 74.5 73.8 70.7 68.8 68 66.2 64.5 62.2 59.8 55 55.6 55.5 55.6 55.4 55.9 55.6 55.6 55.7 54 56.3 56.1 56.4 56.4 55.2 55.7 54.6 53.2 52.1 52.4 54.2 51
327.6 325.8 325.2 318.4 320.7 319.5 316.9 317.2 316.6 315 317.4 314.4 313.9 310.6 311.3 304.5 298.5 288.4 280.9 273.3 264.3 260.5 255.1 246.7 243 226.5 212.8 206.4 193.3 185.7 176.6 171.5 168.4 160.6 152.4 145.1 139.4 132.1 124 119.2 113.8 106.9 103.8 96.4 89.6 83.2 79.9 76.9 74.7 71.9 71.5 70.7 70.1 70.4 66 64.1 60 58.5 59.3 59.2 59.5 59.3 56.8 56.6 57.2 57.7 57.3 57.7 58.4 58.6 59.3 59.2 58.9 58.7 57 56 54.5 53.6 54.4 52.9
315.6 310.2 313 306.6 299.2 297.6 298.8 298.5 300.2 299.5 300.6 297.8 294.2 291.9 290.6 284.4 274.6 265.9 260.2 253.6 247.1 245 238.3 228.2 222.9 216.1 203.1 195.4 186.5 177.9 168.5 164.2 162.1 157 148 141.2 134.1 124.8 116.9 110.4 105.5 100.8 94.4 90.3 84.4 80 77.5 74.9 73.2 70.3 70.8 69.1 67.5 69.2 63.6 60.9 56.6 60.8 61.6 61.2 61 59.1 58.9 58.9 58.7 59.4 59.5 59.8 59.9 60.7 61.4 62.8 61.6 61 59.2 59 58.1 58.4 57.3 54.8
301.3 296.6 296 295.3 284.4 280.6 278.3 278.2 282.6 280.6 280.7 279.8 275.7 272.4 269.6 264.5 256.8 248.6 243.7 241.3 235 227.2 223.1 215.4 209.9 201 191.7 184.7 176.9 167.1 163.3 157.5 154.7 147.2 135.8 128.1 124 116 113.3 105.4 101.6 93.4 88.8 85.5 81.7 76.9 74 74 70 69.2 68 65.9 63.7 60.9 62.3 61 61.9 63 63.8 62.5 61.7 63 63 61.4 60 60.6 61.8 61.9 63.6 64.9 65.3 66 63.1 64.1 63.8 63.3 63.9 63.8 62.2 61.4
287.8 284.1 278.2 274.8 271.7 264.1 261.7 259.7 263.7 262.9 261.9 258 254.5 253.4 247.6 246.8 239.9 232 226.6 222.1 219.2 210.4 205.1 203.6 194.5 185.2 179.1 175.6 164.5 159.4 152.8 148.2 145.1 137.1 126.7 120.6 114.8 109.6 105.1 99.4 95 88 84.5 81.8 78.3 76 72.9 71 69.7 67.8 65.9 65 64.8 65.8 65.4 63.7 64.2 65.1 65.1 65.4 63.3 62.5 64.1 64.4 62.5 62.2 62.8 63.6 67.2 68 69.2 69.2 67.9 68.1 68.5 68.2 69.4 68.8 72 69.9
274.3 270.1 261.8 261.6 255.2 246 243.6 243.4 250.6 244.1 241.7 240.8 236.1 233.6 225.9 225.7 219.6 214.7 210.2 202.3 200.4 193.2 186.4 184.5 179.3 173.4 167.2 160.6 155.2 145.7 141 134.5 130.6 123.7 117.9 111 106.6 103.2 97.2 92.5 88.8 84.8 81.3 79.8 76.9 73.1 70.4 65 66.5 62.4 67.2 68.3 67.8 68.8 68.4 66.5 68 66.8 66.1 65.7 65 64.6 64.9 65.2 64.7 65.1 67.6 68.6 67.8 72.1 73.2 74.3 74 73.5 74.6 73.4 73.5 79.5 79.9 77.2
