WholeMapElevations/data/nm/nm62_OST50GRID_20230518/NM62.asc
ncols 200
nrows 200
xllcorner 160000
yllcorner 720000
cellsize 50
[rows 72 to 107 of 200, columns 0 to 81 of 200]
312.1 322.8 337.3 347 354.1 355.3 348.9 346.2 333.9 324.8 318.6 310.5 297.8 283.8 275.5 264 258 237.4 223.2 214.1 203.1 186.1 174.5 166.5 161.2 156.3 151.5 151.5 141 124.6 99 75.9 53.7 45.3 43 47.2 54.5 53 53.4 54.4 54.7 60.4 71.8 87.6 95.7 113.8 137.2 160.9 175.5 191.8 204.1 216.4 219.9 224 233.8 246.9 265 281.1 294 316 335.4 358.9 374.4 391.3 400.2 404.6 406.9 414.1 419.1 425.1 423.3 432.5 437.2 434.6 439.9 443.8 445.4 437.1 424.3 409.9 382.8 383.3
304 311.1 323 329 331.9 332.1 327.6 319.6 312.6 302.2 295.8 293.1 283.8 272.8 266.4 255 240.8 232 216.2 207 191.1 178.4 169.6 158.1 148.4 142.7 141.4 141.1 147.6 115.2 91.8 72.8 54 43.2 42.3 46.6 47.5 49.7 63 60.4 60.1 73.4 76 89.8 110.8 129.7 162.3 177.8 192.1 190.7 200.7 212 223.2 229.5 241.5 261.1 285.5 305.6 321.9 341.9 352.5 366.2 384.7 399.7 404.4 410.4 422.2 430 429.7 420.9 412.7 422.4 428.8 430.7 428.9 433.1 435.9 437.8 411.8 404.7 389.5 342.7
295.9 304.5 308.9 313.8 311.3 310.8 305.1 297.9 290.7 283.1 279.7 274.9 272.7 258.2 252.2 242.2 231.4 221.7 211.9 203.1 188 176 160.1 151.9 144.5 136.5 130.1 133.9 139.5 117 91.8 69.3 56.7 42.4 41 45.2 46.8 47.7 51.8 57.8 62.5 73 93.5 109 123.7 143.5 175 199.8 195.1 194.5 204.5 217.2 230.2 244.8 259 279.4 305.4 326.1 341.5 358.3 365.8 377.2 389.4 404.8 422.7 425.2 425.1 428 423.4 420.3 406.9 400.3 409.4 414 413.1 423.1 422.5 423.9 407.2 387.1 376.3 362.7
280.1 294.3 298.5 298.5 298.2 297 291.9 284.6 279.3 275.1 269.1 258.6 256 249.3 238.3 231.6 222.9 214 202.4 187.7 176 166.7 156 148.3 137.8 126.9 119.6 119 116.8 105.7 86.3 63.1 55.5 44.2 40.3 45.1 45.5 47.7 53.7 65.5 76.9 88.7 104.8 122.1 148.8 165.1 184.5 198.9 195.5 198 214.2 232.6 248.3 259.5 272.8 292.4 317.9 334.3 346.6 366.3 377.2 390.3 400.8 412.9 434.2 433.4 428.9 428.6 425.8 419.4 410.2 400.5 399.8 392.1 389.6 395.7 407.7 408.7 391 373.8 364.7 356.2
269 284.5 286.9 285.8 288.1 287.7 281.4 275.2 270.3 262.9 261.7 252.4 238 237.8 232.5 222.9 215.6 208.3 196.5 181.6 161.3 146.7 145.2 138.8 128 115.3 108.9 103.6 102.1 92.8 80.9 60.8 55.7 40.8 40.1 41.3 42.7 50.5 63.4 76.6 91 101.5 121.3 141.7 164.1 170.3 188.7 201.7 197.6 204.1 218.2 247.9 270.1 275.7 285.6 304.6 318.9 332.1 350.4 357.7 381.8 392.5 408.3 415.5 427.4 424.6 421.2 417.9 409.5 409.1 408.6 399.2 367.4 362.9 377.1 382.3 391.6 380.6 371.1 351.5 346.2 343
255.3 271.1 278.8 280.7 281.7 281 276.4 272.9 264.8 262.1 253.6 245.1 241.3 218.7 224.6 217.3 207.4 193 184 167 140.1 137.2 131.2 125.8 114.9 104.1 100.5 100.8 95 82 77.1 60.6 42.3 38.4 40.3 41.1 46.6 61.9 77.8 91.6 104.5 121.1 136.6 153.5 175.5 187.3 192.6 195.8 200.4 216.2 230.3 247.3 271.7 285.9 301 318 324.6 325.5 338.7 365.7 370.6 388.2 404.9 415.8 415.5 418 410.2 404.6 398.3 389.2 387 379.6 360 331.2 326 345.3 335.8 341.1 344.7 337.2 330 330.6
241.1 252.4 263.8 276.3 282.3 280.5 271.2 269.1 264.3 258.2 249.5 246.1 233.7 208.6 207.9 204.5 194.8 189.5 170.2 153.1 130 126.8 120.1 115.1 106.3 101.8 101.1 99 93 75.4 61.2 51.2 39.3 38.4 39.7 43.1 58.6 79.1 95.7 104.8 121.7 139.1 155.3 163.4 165.3 167.4 179.4 194.5 207.4 223.6 244.2 257.9 257.6 277.8 302.9 315.9 325.6 323.4 337.8 350.7 353.7 368 384.9 396.8 395.4 400.5 390.5 381.6 375.7 366 365.3 351.3 339.8 317.5 301.6 298.1 302.2 311.2 318.9 333.4 327 324.8
238.3 239 248.7 256.8 267.4 271.9 269 255.7 246.7 243.8 236.2 228 219.6 205.4 186.8 189.3 184.8 174.2 158.6 131.9 116.4 108.7 103.4 101.9 99.6 99 105.5 107.6 89.8 80.7 59.7 41.8 36.2 38.8 43.4 54.8 66.9 93 99.2 109.4 136.4 152.7 142.4 143.6 139 150.7 172.1 185 198.5 217.2 242.1 253.5 260.5 276.1 298.8 307.6 321.7 326 327.7 330.6 340.6 349.4 356.6 364.2 360.5 359.7 350.5 344.4 343.2 342.9 337 330 321.4 315.5 275.4 272.3 279.1 266.8 290.6 311 311.6 308
228.4 219.7 238.1 240.3 248.1 254.2 252.3 241.4 231.4 223.3 220.1 215.1 202.5 194.5 174.6 164.4 165.6 148.2 131.8 115.8 104.1 94.2 83.9 91.7 94.2 102.5 114 104.6 84.6 62.9 45.5 35.3 39.4 44.2 54.8 70.1 88.7 100.4 108.1 108.8 125.7 117.3 117.2 116.1 121.7 145.9 166.4 180.1 195.3 216 237.8 240.6 261.7 279 284.2 295.5 312.9 317.5 313.6 318.1 313.1 324 334.5 335.5 334.7 334.1 332.8 327.1 318.7 315.2 312.6 305.1 296.1 288.5 272.1 234.4 233.2 236.1 264 290 296.5 292.4
218.2 216.7 220.2 230 235.8 240.8 240 236.4 230.2 214.9 205 190.9 190.4 182 169.2 137.8 139.4 128.2 116.2 105.7 90 78.6 78 82 91.6 102.8 112.3 108 68 48.6 32.2 29.8 40.8 53.9 68.5 85.5 103.8 121.6 120.2 99.8 98.7 94.9 102.4 106.7 121.1 138.8 151.9 163.7 181.4 195.5 210.4 220.4 243.6 268.6 273.9 278.7 275.6 287.3 287.9 283.1 288.7 293.2 304.8 298.1 302.3 304.6 302.2 299.1 297.1 291 283.1 277.5 269.3 261 244.6 228.9 209.4 214.5 233.5 257.5 267.3 268.7
202.5 205.8 199.1 211.6 217.6 225.6 227.1 221 213.4 194.9 185.1 183 171.9 162.3 151.1 137.1 122.7 116.9 108.4 95 79.7 66.7 61.8 74.3 83.1 94.5 98.5 67 51.9 34.9 27.8 26.3 37.4 53.5 66 80.8 98.8 94.4 97.8 82.6 77.7 85.6 95.6 101.2 126.8 140.8 148.7 150.6 161.2 173.6 183.6 195.7 221.9 232.7 252 255 251.5 250.8 259.3 253.8 256.4 269.8 273.8 271.8 272.3 270 270.8 277 272.4 265.6 262.2 246.8 236.5 224.9 223.6 212.2 193.6 191.8 208 224.5 227.6 222.6
200.8 196.8 191.4 194.7 196.3 201.9 205.7 198.1 183.7 174.2 167.6 165.7 159.8 149.5 140.3 130.9 119.1 109.2 103.1 82.1 66.3 57.7 60.2 65 68.9 69.1 60 46.6 31 23 22.2 22.3 29.6 51.5 61.1 75.5 79.4 75.5 64.5 66.1 68.4 65.7 74 90.2 113.8 130 143.4 143 141.9 153.8 166.7 200.4 213 216.8 221.4 228.1 227.8 213.5 219.9 219.3 228.1 230.6 229.2 231.7 239.7 234.8 230.4 239.1 235.1 230.2 226 217.2 206.6 206.9 194.3 185 184.4 176.1 180 191.9 184.9 177.4
188.4 186.7 181.7 176.6 184.6 184.8 188.3 184 174.6 162 160 157.1 153.5 147.3 133.8 121 113.8 92.9 91 71.6 57.7 42.3 50.7 52.8 51.9 48.2 36.9 29.2 21.1 16.7 15.4 15.7 18.6 32.4 46.2 58.8 59.5 51.7 47.9 46.1 43.6 49.7 63.6 76.7 97.1 111.7 121.1 122.1 129.3 144.1 149.5 175.6 194.6 209.3 208.5 203.7 197.3 194.2 176.4 180.5 200.7 205.6 194.5 190.9 195.5 199.4 189.9 198.9 202 194.8 192.1 188 191.1 187.5 178.2 166.9 170 170.7 152.1 157.8 159.5 155.4
183.7 178.2 172.9 165.9 171.1 174.3 172.9 171.4 162.1 147.7 147 141.9 137.6 130.3 120.4 109 103.2 89.7 71.1 52.6 44.1 37.4 36.3 42.6 44.2 35.6 24.2 19.4 18.8 16.7 13.6 14.1 15.6 20.9 30.8 38 37.5 29.6 23.3 25.9 24.2 35 46.9 65.3 79 99.3 108.6 130.6 137.3 142.7 149.3 169.5 181.3 183.5 190.1 191 186.8 177.9 157.9 146.2 165.7 163.8 159.2 158.3 158.1 157.3 164.2 168.7 169.4 155.7 150.2 156.7 162.3 155 152.6 154 159 163.2 156.2 139.1 135.4 143.7
179.3 173.7 167.3 161.5 160.2 163.6 161.8 157.4 149.3 139.5 135.8 130.1 127.1 122.4 113.8 105.6 94.8 86.2 59.9 48.3 41.6 34.7 28.9 34 33.2 27.3 15.2 13.4 19 17 11.5 13 14 14.8 18.5 24.5 18.5 15.6 16.4 19.7 23.2 31.9 42.5 60 77.6 85.7 108.7 122.3 127.4 139.5 151.4 156 165.3 167.7 166.9 158.8 154.4 142 141.4 108.6 110.3 120.5 131.6 123.4 115.6 124.4 146.6 160.6 147.5 140.4 141.1 134.2 137.7 135.8 141.6 151.6 152.3 152.4 147.2 142.1 116.1 123.4
172.6 166.3 162.1 160.4 154.5 158.4 157.9 153.8 146.3 137.7 132.7 129.9 123.8 120.3 112.1 104.6 97 83.3 64.7 43.6 38.5 35.1 27.9 27.5 22 18.9 11.8 12.5 13.3 12.9 11.2 12.9 15.9 16.5 13.2 13.6 13.4 13.5 14.1 19.1 25.7 30.7 38.8 53.8 66.1 85.4 107.7 116.2 132.9 143.9 150.7 155.1 153.9 152.2 149.8 138.2 124.3 116.1 99.8 83.9 74.3 87.2 105.5 110.8 102.9 106 118.2 126.7 116.3 103.5 119.5 111.3 114 112.4 122.9 142 148.8 148.7 145.1 141 120.3 96.2
171.3 159.2 155.6 154.1 152.2 149.1 152.7 151.2 139.7 133.4 128.1 124.3 123.1 115.5 106.9 94.1 85.2 73.2 62.2 48.1 42.6 30.7 27.3 22.7 13 10.7 10.7 10.9 12.2 11.8 11.5 13.4 12.7 12.8 12.8 12.6 12.1 11.5 12.3 16 24.1 31.7 38 49.3 59.1 82.6 117.4 131.7 138.1 140.1 154.6 159.3 151.9 142.3 117.4 108.1 83.3 74 66.5 57.1 54.6 57.3 68.6 76 84.2 76.3 76.2 73.8 68.5 66.4 65.7 69.7 79.2 80.9 89.1 113.8 124 133.7 138.7 134.7 132.8 110.7
160.6 159.2 156.9 151.8 149.3 146 137.9 138.5 132.9 125 123.3 118 113.5 105.5 95.8 87.6 73.6 51.3 47.2 37.1 39.1 32.5 23.2 16 11.7 9.6 9.3 9.5 9.8 8.5 11.3 11.7 11.4 11.1 12 12.4 12.1 11.5 11.8 17 27.3 26.1 35.4 40.2 61.8 87.3 117 127.9 133.8 142 146.7 138.8 118.7 100.3 89.4 70.9 52.9 39.7 34.8 37.2 37.1 40.7 43.8 41.2 43.6 42.8 47.5 47.5 37.5 41 38.2 42.1 47.8 52.2 57.5 63.7 73.7 84 110.1 123.6 129.3 120.3
156.5 157 156 152.6 145.2 141.8 135.2 129.7 124.5 111.7 112.4 107.6 101.4 96.6 88.2 77.8 55.2 46.4 33 34.4 33.4 23.2 13.9 9.6 9 8 7.9 7.9 7.5 8.5 9.9 10.1 9.9 10.3 10.7 10.9 11.2 11.2 12 18 18.7 24.5 33.3 52.1 67.8 88.9 110.1 119.7 135.9 138.2 126.7 104.4 81.5 61.5 47.8 36.5 32.2 25 17 18.6 17.5 14.6 11.9 13.6 13 12.3 22.5 26 21 20.6 19.7 21.3 20.3 24.2 33.6 41.4 48.4 56.5 67.1 86.3 108.8 97.4
152.5 154.1 152.9 147.6 144.2 139.5 135.7 122.4 116.2 100.1 98.9 99.3 96.2 91.7 75.9 66 53 32.5 29.1 27.2 22.8 16.8 14 9.3 7.7 7.2 7 6.9 6.6 7.1 7.8 8.4 8.4 8.8 8.5 8.6 9.9 11.6 12.2 13.9 17.9 26.8 53.2 71.7 80.6 89.5 101 115.3 118.2 108.9 93.2 72.1 53.3 29.9 15.3 9.5 11.9 9.5 9.5 9.5 9.5 9.5 9.5 9.5 9.5 9.5 9.5 9.5 9.5 9.5 9.5 9.5 9.5 9.5 17.4 24.9 30.7 34.6 43.2 56.1 65 54.4
144.6 146.6 146.6 144.4 141.3 136.6 131.6 122.5 116.4 102.4 82 85.7 87.4 89.1 70.5 48.4 40.5 30.8 21.5 18.4 16.2 11.2 11.4 9 7.1 6.6 6.3 6 6.9 6.7 7.6 7.7 7.7 7.5 7.7 7.1 7.6 7.2 10.5 13.9 19.3 40.4 60.6 77.8 86.7 96.4 101.2 96.5 97 87.3 71.5 48.5 30.2 10.7 9.5 9.5 9.5 9.5 9.5 9.5 9.5 9.5 9.5 9.5 9.5 9.5 9.5 9.5 9.5 9.5 9.5 9.5 9.5 9.5 9.5 11.1 15.8 19.7 23.6 33 33.4 24.8
140.8 143.3 149 147.9 140.8 138.9 131.8 118.3 92.2 92.7 73 57 60.9 59.8 49.6 37.7 25 19.5 17.1 14.3 11.4 10.3 9.2 8.2 6.3 6.1 5.8 5.9 6.9 7.4 7.5 7.3 7.5 7.2 6.8 6.6 6.4 6.9 8.2 12.9 19.4 24.3 39.1 60.7 79.6 85.8 85.4 81.9 84.8 76.3 59.8 37.8 9.5 9.5 9.5 9.5 9.5 9.5 9.5 9.5 9.5 9.5 9.5 9.5 9.5 9.5 9.5 9.5 9.5 9.5 9.5 9.5 9.5 9.5 9.5 9.5 9.5 9.5 11.5 16.4 14.8 11
140.7 129.4 131.6 126.8 122.3 122.8 122.8 116.7 98 79.9 59.5 52.9 45 38.1 23.6 19.1 18.2 15.2 13.3 11.6 9.1 8.1 7.1 6.7 5.5 5.4 5.4 5.7 6.3 6.8 7.4 7.4 7 6.9 6.8 8.1 6.7 6.5 7.1 11.4 16.8 18.4 20.3 34.1 50.1 54.7 63 60.3 58.6 56.4 32.4 14.4 9.5 9.5 9.5 9.5 9.5 9.5 9.5 9.5 9.5 9.5 9.5 9.5 9.5 9.5 9.5 9.5 9.5 9.5 9.5 9.5 9.5 9.5 9.5 9.5 9.5 9.5 9.5 9.5 9.5 9.5
126.5 118.4 113.9 109.8 106 107.1 107.8 107.6 99.1 75.8 52.9 41.6 33.8 20.2 18.5 17.2 14.1 13.3 10.7 9.5 8.6 7.4 6.8 6.5 5 5.1 5.1 5.6 5.9 6.1 6.7 7.1 6.8 6.6 6.8 6.8 6 6.2 6.7 8 10.6 13.8 16 17.7 22.3 28.9 27.3 24.6 21.7 21.2 17.7 10.8 9.5 9.5 9.5 9.5 9.5 9.5 9.5 9.5 9.5 9.5 9.5 9.5 9.5 9.5 9.5 9.5 9.5 9.5 9.5 9.5 9.5 9.5 9.5 9.5 9.5 9.5 9.5 9.5 9.5 9.5
119.8 110.7 98.2 93.8 87 88.7 91.8 93.8 82.8 57 34.8 24.7 21 16.6 16.4 14.4 12.3 11.6 9 8.3 7.9 7.1 6.3 5.9 5.2 5.2 5.1 5 5.4 6 7 7 6.6 6.8 6.9 6.5 5.9 6.9 5.7 7.5 8.8 10.5 12.5 11.4 10.2 11.6 14.6 16.3 14.1 17 13.3 9.5 9.5 9.5 9.5 9.5 9.5 9.5 9.5 9.5 9.5 9.5 9.5 9.5 9.5 9.5 9.5 9.5 9.5 9.5 9.5 9.5 9.5 9.5 9.5 9.5 9.5 9.5 9.5 9.5 9.5 9.5
118.2 96.6 79.5 75.5 71.9 67.8 59.2 57.8 54 29.9 21.7 16.3 16 12.6 14.1 13 11.7 11.5 8.4 6.9 6.4 6.3 5.3 5.1 5.3 5.2 5 5.1 5.4 6 6.6 7 6.4 6.1 6.2 5.9 5.5 5.3 5.7 6.6 8.2 9.1 9.2 10.7 12.7 12.3 10.1 11.6 10.4 11.5 9.5 9.5 9.5 9.5 9.5 9.5 9.5 9.5 9.5 9.5 9.5 9.7 9.5 10.7 9.5 9.5 9.5 9.5 9.5 9.5 9.5 9.5 9.5 9.5 9.5 9.5 9.5 9.5 9.5 9.5 9.5 9.5
76.8 63.5 60.5 50.4 46.2 39.9 38.6 37.8 31.3 25.1 19.3 11.1 11.2 9.8 11 12.9 12.3 9.4 8.7 6.6 5 4.8 4.8 4.4 4.8 5.7 5.7 5.7 6 7.7 9.2 7.1 6.4 6.1 6.1 6.2 5.2 5.5 6.5 8 10.5 11.8 14.7 16.7 18.4 20.2 20.8 12.6 13 13.1 12.9 9.5 12.7 9.5 12.5 12.4 10.6 9.7 11.5 15.4 16.2 19.4 19.8 19.6 17.1 16.8 15.1 11.4 16.2 11.6 9.5 9.5 9.5 9.5 9.5 9.5 9.5 9.5 9.5 9.5 9.5 9.5
49.4 45.8 40 37 36.2 34.5 31 26.5 22.2 21.2 10.9 8.5 7.3 7.1 8.8 10.3 9.8 8.1 8 6.5 4.7 3.9 4.6 4.1 4.5 5.8 7.2 7.2 8.2 9.8 9.3 7 6.8 6.7 5.9 6 5.8 5.6 5.6 8.4 12.1 16.9 19.5 19.3 22.5 25.1 22.1 20 20.9 19.6 19.7 20.2 22.7 23.8 29.4 28.7 29.5 33 28.3 29.7 32.6 27.4 33.9 31.3 29.8 27.7 26.8 21.7 20.9 18.4 13.4 9.5 9.5 9.5 9.5 9.5 9.5 9.5 9.5 9.5 9.5 9.5
39.5 39.3 37.6 30.5 29.6 31.6 26.5 23.2 16 10.5 7.7 6 4.7 5.1 5.7 7.8 8.2 7.3 6.5 5.4 4.3 3.9 4.3 3.9 4.2 5.3 7.2 8.5 9.5 11.6 9.2 7.1 5.9 6.2 5.9 5.6 5.8 4.9 5.8 9.5 15.2 19.2 19.2 20.4 22.2 26.6 32.8 31.5 29.7 22.8 23.8 30 36.1 45.8 56.2 57.4 58.1 52 47.1 51 49.1 50.5 50.9 55.5 53 48.6 43 35.2 28.6 27.3 19.1 20.1 17.6 13.8 13.5 11.4 9.5 9.5 9.5 9.5 10 11
26.9 25.9 25.9 24.5 25.1 30.2 27.3 23.5 20.6 14.6 7.9 3 -1.4 2.6 2.3 2.6 5.2 5.2 5.7 5.1 4 3.9 3.8 3.5 4 5 6.3 7.9 8.9 9.9 9 7 6.3 5.7 6.3 6 5.6 4.6 5.1 6.3 10.3 15.1 19 23.3 28.5 34.1 39.4 39.4 36.1 33.2 30.7 39.3 52 77.4 88.3 90.8 86.7 83.8 89.4 80.2 81.7 77.9 69.4 85.3 82.4 74.2 62 49.8 44 43.5 40.9 32.5 29.1 25.6 21.6 15.7 14.2 9.5 9.5 11.7 12.8 17.8
24.6 18.2 19.4 25.1 29.8 31.1 29.4 29.1 26.9 12.2 6.2 2.9 -1.4 -1.4 0.6 0.6 1.4 2.3 4.9 5.2 3.4 4 3.9 3.2 3.6 4.4 5.2 5.9 6.8 6.8 6.3 6.1 5.4 5.2 5.6 4.2 4.9 4.2 4.6 5.4 7 9.3 13.9 21.5 31.5 35.4 36.3 41.6 39.9 35.4 35.9 47.3 65.1 85.9 99.3 104.3 105.2 105.9 103 101.3 100.7 97.6 96.3 84.4 98.9 97.1 88.7 78.1 69.7 65 60.5 54.7 43.6 35.6 35.8 33.5 35.2 31.5 22.3 20.7 18 21.2
12.8 16.5 23.8 28.8 30.6 31.9 27 6.6 6.4 5.4 3.5 2.3 1.7 -1.4 -1.4 -1.4 -0.1 0.8 1.5 3.5 2.8 3.5 3.2 3.1 3.2 3.8 3.8 4 4.4 4.5 5 5.4 5.2 3.9 3.8 3.8 4.2 4 4.3 5.3 6.6 8 8.6 14 28.2 31 31.3 34.3 36.2 37 41.7 47.2 58.7 78.1 101.2 113.4 117.4 117.5 119.2 121.4 120.5 121.4 117.1 113.4 106.2 114.3 110.1 104.7 98.7 87.7 81.8 78.1 65.1 44.7 54 61.1 61.9 60.8 50.2 44.9 40.8 35.7
6.2 9 24.2 29 34.1 9.7 4.9 4 2.8 -1.4 -1.4 -0.2 -1.4 -1.4 -1.4 -1.4 -1.4 -1.4 -0.2 0.9 1.9 2.3 2.3 3.9 2.5 2.6 2.5 3.4 3.4 3.1 3.3 2.9 -1.4 4.4 4.1 3.6 3.5 3.5 4.5 5.4 6.6 6.9 7.4 8.8 20 24.5 28.4 36.6 37.7 40.1 50.3 62.1 72.4 82.4 90.9 115.2 124.3 121.1 125.5 131.3 128.9 133 129.1 123 128.8 125.6 129.8 125.4 122.7 113.3 107.3 100.6 89.9 66.8 75.9 74.3 97.4 92.1 82 73.5 66.8 61.9
2.9 4.1 3.3 3.9 3.6 3.7 3.4 2.8 2.3 -1.4 -1.4 -1.4 -1.4 -1.4 -1.4 -1.4 -1.4 -1.4 -1.4 -1.4 0.1 0.5 0.2 -1.4 2.4 3.1 3.6 3.6 2.3 2.1 1.8 1 -1.4 3.2 3.4 3.2 3.6 4 5.1 4.9 5.4 6 6.6 7.7 9.1 13.8 23.5 33.8 43.1 52.1 62.1 78.4 90.5 98.2 104.4 104.2 117.1 127.2 133 137.9 142.5 144.7 149.4 150.2 148.6 146.5 137.7 144.7 142.5 141.6 126.5 113.1 97 105.1 101.2 99.4 101.7 112.4 107 103.3 97.1 84.6
0.5 1.5 2.1 2.5 2.3 2.6 2.8 2.8 1.4 -1.4 -1.4 -1.4 -1.4 -1.4 -1.4 -1.4 -1.4 -1.4 -1.4 -1.4 -1.4 -1.4 -1.4 -1.4 2.3 4.5 3.1 2.4 1.8 1.2 1 -0.1 -1.4 1.3 3.2 3.4 3 3.6 2.3 2.8 3.3 5.2 6.2 7.1 9.3 13.7 20.2 24 36.4 46.6 62.9 84.7 102.4 110.4 112.6 111.6 121.8 134.3 136.8 143 148.1 159.7 164.3 165.8 162.3 157.8 152.5 150.7 154 149.1 143.5 126.8 129.3 141.8 134.6 132.6 128 119 126.2 113.7 115.3 114
-1.4 -1.4 -1.4 -1.4 1.8 2.3 2.3 -1.4 -1.4 -1.4 -1.4 -1.4 -1.4 -1.4 -1.4 -1.4 -1.4 -1.4 -1.4 -1.4 -1.4 -0.6 -0.2 0.4 2.2 3.9 1.4 0.6 0.7 0.3 0.1 -1 -1.4 -1.4 -1.4 1.3 1.3 1 0.8 1 1.6 2.3 4.5 6.5 9.8 17.1 21.8 30.1 34.4 39.3 52.5 62.2 84.2 91.2 103.4 116.7 121.1 124.5 128.5 140.3 151.1 161.8 163.1 163 163.4 163.2 155.4 150.6 147.7 155.5 149.4 144.3 147.8 158.8 153 153.7 155.7 148.1 134.6 128 125.6 122.9
