UK/data/nt/nt46_OST50GRID_20230518/NT46.asc
ncols 200
nrows 200
xllcorner 340000
yllcorner 660000
cellsize 50
[rows 140 to 174 of 200, columns 0 to 77 of 200]
185.9 187.2 188.6 190.2 189.5 190.7 192.3 195 198.4 200.8 202.9 204.3 204.9 207.1 208.9 210.5 212.2 212.5 212.3 212.2 212.6 212.2 211.9 211.2 210.7 211.7 213.5 213.8 214.1 214.2 217.9 221.2 224.4 229.1 229.3 225.8 218.2 210.7 205.9 203.1 201.7 201.9 201.9 200.2 197.6 194.4 195 195.2 192.8 192.6 193.5 196.4 191.3 190.3 189.6 187.4 185.8 181.3 180.5 185.5 185.8 185.7 185.5 185.3 184.8 184.8 186 188.7 184.6 180.8 175.4 169.1 159.6 149 151.1 150.9 150.4 172
187.9 189.5 192 192 190.7 191 193.1 195.7 197.7 200.5 203.3 204.1 205.9 206.1 208 210.4 212.7 212.9 212.5 212.6 213.6 214.7 214.4 213.3 212.3 214 215 214 214.5 215.9 219.5 223.2 225.1 227.6 225.5 220.3 213.1 206.5 204.3 202.6 201.9 201.3 200.7 199 197.5 195.7 196.5 198.4 193.9 192.4 195.5 197.8 195.2 192.4 189.8 189.1 188 179.8 183.6 186 185.9 185.8 185.8 186.1 186.1 185.8 185.7 185.3 183.7 181.5 178 170.7 158.7 151.6 151.6 151.6 161.3 176.9
190.3 192.1 193.5 193.7 193.1 192.9 194 196.4 199.1 201.5 203.6 204.1 204.9 206.2 206.3 208.2 210.1 211.3 212 213.2 214.6 215.7 215.4 214.2 210.6 212.2 213.6 214.8 215.4 217.9 222.2 224 224.5 224.4 221.9 216.8 210 205.5 204 203.1 202.3 201.7 200.9 197.5 196.2 195.3 194.9 198.9 196 193.9 195.1 197.6 195.6 194.4 192 190.4 184.8 181.6 185.6 185.9 185.9 185.9 186 186.4 186.8 186.9 185.5 184 182.9 181.9 179 171.8 159.3 151 152.3 155.7 169 184
190.4 193.5 194.4 194.4 193.8 193.5 193.6 196.4 199 200.7 202.1 202.9 203.7 206.3 205.6 205 207.2 209.6 210.8 212.7 214.7 215.1 212.7 208 208 210.1 212.2 214.2 215.5 220.8 224.3 224.8 223 221.1 217.9 214.1 208.2 205.5 204.4 203.6 203.1 202.5 200.7 197 194 192.8 191.2 191.5 189.2 187.1 186.8 189.8 193.5 193.2 193.6 190.6 182.7 183.9 185.5 185.5 185.7 185.9 186.2 186.6 186.9 187.2 184.8 183.3 182.5 181.3 179.3 173 159.7 152.6 153.9 160.8 174.9 189.5
186.5 189.6 191.2 191.1 190.4 191.2 192.7 194.1 197.7 199.9 201.2 202.2 203.2 208.3 203.7 203.6 202.7 204.9 207.1 209.9 212.6 211.4 206.5 205.7 208.6 210.6 211.6 213.3 215.4 221.9 226 224.5 221.5 219.2 215.1 210.5 207 205.2 204.7 204.3 204.2 203.9 202.1 198 192.8 189.3 186.2 186.5 186 186 185.6 185.3 187 190.3 193.1 187.5 181.6 184.8 185 185.1 185.4 185.7 185.8 186.6 187.1 186.3 184.9 183 182.6 181.9 181.6 176.4 166.4 153.4 157.1 167.2 180.3 192.6
185.9 186.2 187 187.9 188.4 189.8 191.8 191.8 193.5 194.8 196.2 197.2 197.7 199.9 199.6 200.2 200.3 199.6 201.3 203.6 205.4 206.9 204 207 209.9 212.1 211.7 213.5 215.1 220.4 224.4 222.5 220.4 217.7 215.7 212.3 207.6 205.7 205.4 205.3 205 204.4 203.2 197.3 191.1 186.8 185.8 186.4 186.1 185.8 185.1 184.1 183.8 185.5 185.6 182.9 182.8 186.5 185.5 185.8 185.3 185.4 186 187.3 188 187.2 184.4 183.6 183.9 184.4 185.6 180.9 175.7 160.4 157.5 166.8 180.4 192.1
188.9 188.6 187.8 186.5 187.2 189.1 189.1 189.1 189.1 190.2 191.8 192.4 192.9 194.4 196.1 196.6 197.5 198.7 198.3 199.8 202.5 205.2 206.5 207.1 208.6 210.1 210.5 212.6 214.8 217.6 221.4 220.5 219.8 218.4 216.7 216.5 209.9 207.1 206.5 206.5 205.1 204 200 192.8 186.8 186.1 186.2 186.7 186.5 186.2 185.7 184.9 184.7 184.4 183 184.1 187.6 192.2 191.7 191.4 190.5 189.9 189.8 189.1 188.9 188.4 185.5 184.4 184.3 187.8 188.7 183.9 178.7 168.2 158.6 166.3 178.3 190.6
190.4 191.2 190.9 189.3 188.7 189.2 189.5 189.8 190.8 191.8 192.5 192.5 193.2 193.9 194.1 194.8 196.5 199 198.2 197.9 198.9 203.9 206.1 206.3 207.2 208.7 209.7 212.2 213.6 215.7 219.9 219.2 219.8 218.8 215.7 214.9 211.2 208.7 208.1 207.8 205.7 198.7 193.5 187.3 186.1 186.2 186.7 187.2 186.4 186.7 186.3 186.2 186.5 185.5 185.4 186.2 189.9 198.3 200.5 200.2 197.6 196.8 196.1 192.1 190.2 189 187.4 187.7 189.4 190.8 190.1 184.2 178.5 171.4 160.3 159.4 157.8 174.2
191 192.9 194 193.2 191.9 191.9 192.9 193.6 195 195.3 195 194.6 195.3 195.8 195.7 197.6 201 203 202.1 200.5 197.6 200.2 203.8 207.3 209 210.3 210.2 211 212.3 214.6 217.9 220.1 221.5 220.4 217.2 216.5 212.7 209.8 209 208.5 203.5 194.3 187.6 186.3 186.6 186.9 187.3 188.6 187.6 187.5 187.8 187.6 189.2 189.4 190.4 191.4 190.7 199.2 205.3 205 202.9 201.2 199.4 195.2 192.2 188.8 187.7 187.7 188.1 191.9 187.8 187 182.9 175.3 169 160.6 158.6 160.7
193.6 195.4 196.3 196.5 196.3 195.2 195.7 196.8 197.9 198.5 198.8 199 200 199.8 199.6 202.7 203.6 203.4 203.2 202.8 202.6 196.9 200.1 207 209.4 210.3 209.4 209.4 210.7 213.5 217.8 221.7 223.7 221.9 218.7 217.6 214.4 210.7 210 207.9 200.6 190.7 186.8 187 187.3 187.6 188 190.8 190.3 190.8 193.3 194 194 193.9 194.9 196.1 194.4 200.5 206 207.4 205.2 202.5 199.3 195.1 190.9 187.7 184.3 184.3 184.3 186.7 188.2 190 186.5 177 173 167.3 158.7 157.3
195.7 197.2 200.4 200.4 198.6 197.7 198.4 199.5 200.6 200.8 201.4 202.1 202.6 201.7 201 204.2 203.9 203.4 203 202.5 202 200.6 196.2 199.1 205 207.2 207.2 209.1 209.6 212.9 217.2 222.5 223.1 221.4 218.6 215.3 212.5 212.1 211 206.2 196.9 189 186.8 187.3 187.8 187.8 189.2 192.7 195.2 196.8 198.3 198.4 198 197 197.9 198.7 198.6 199.7 204.3 207.1 205 201.2 197.8 194.1 192.5 189.3 187.1 186.3 184.3 187.5 190.4 192.4 188 180.7 169.7 161.1 158.9 165.1
199.1 201.3 203.2 203 201.1 200.5 200.9 202 203.2 203.4 203.7 203.8 204.6 204.2 202.5 202.3 202.4 202.6 202.4 201.8 202.4 202.5 197.2 192.5 192.7 200.3 204.8 209.2 208.4 212.1 216.3 221.8 223.2 221.5 218.5 214 211.4 213 211.2 205.3 191.2 188.9 187.4 187.4 187.9 188.9 194.5 196.9 198.8 199.9 199.7 202 200.2 199.2 201.5 202.1 200 199.6 203.4 203.7 202.2 199.2 198 196.8 196.1 193 190 189.1 189.8 191.2 194.8 194.6 189.8 173.3 161.1 160.2 160.9 174.7
202.7 202.1 202.5 202.4 201.9 201.8 203.1 204.4 205.6 206 205.2 205.2 205.3 205 204.3 202.7 201.9 202.1 202.1 201.7 201.5 201.8 199.1 196.3 191.3 192.3 198.5 203.2 205.8 210.4 215.4 221.4 224.5 222.7 219.6 214.5 211.1 213.1 212.3 202.1 189.9 188.7 187.9 187.6 189.1 194.5 199 201.1 202.5 202.7 203.6 202.9 200.9 202.3 202.8 202.9 202.3 202.5 201.3 201.4 200.5 201.8 201.1 201 201.1 200.3 195 195.6 196.3 198.3 199.9 196.3 183.4 163.1 161.8 161.8 160.8 172.5
203.6 202.6 202.5 202.7 204.1 204.7 205.9 207.2 208.1 209.4 210.1 209.3 209.2 208.3 207.3 206.3 204.6 202.2 201.6 202 202.1 201.3 200.1 200.3 197.1 191.4 191.4 192.4 197.4 204.6 211 218.5 225.6 224 220.1 214.6 211.1 211.5 208.6 199 190.7 188.9 188.3 188.4 193 198.7 203.6 204.1 204.9 204.7 203.9 202.5 202.4 203 202.4 203.3 205.4 204.5 202.9 200.4 200.3 201.9 203.1 202.7 201.5 200.9 201.1 200.2 201.1 202.9 203.8 195.1 172.9 162.5 164.2 164.6 162.9 169.1
203.1 204.7 206.2 207.5 208.2 209.1 209.5 210.6 213.6 216.2 217 215.4 215.5 215.7 214.5 211.4 209.3 208 205.5 204.2 203.6 202.4 203.4 204.3 202.8 198.6 191.2 190.9 191 193.5 205 215 221.8 222.6 219.9 213.5 209.2 206.2 202.4 196.9 193.6 189.5 188.3 188.8 196.7 204.5 205.3 204.8 204.8 204.6 204.2 203.8 203.4 204 204.2 205.7 206.5 204.9 201.9 200.8 200.6 202.5 202.5 202.7 202 201.5 201.9 201.4 202.4 202.8 200.6 183.4 167.5 162.6 167.8 169.7 167.9 163.7
207.1 209.2 211.8 212.9 214.2 214.3 214.3 215.7 217.8 218.4 218.8 218.5 218.2 217.6 216.7 215.3 213.2 211.2 208.4 206.8 205.6 204.6 205.3 204.7 203.9 202.5 199.1 195.2 191 191.2 195.8 205.1 211 214.8 214.9 208.7 204.9 201.5 200 197.7 195.3 191.5 188.1 190.2 200.2 204.4 205.7 205 204.7 204.5 204.3 204.2 204.1 204.4 205.2 205.8 205.4 204 203.2 202.8 202.8 204.4 204.6 204 203.8 203.8 202.8 201 199.6 192.2 184.7 176.3 167.6 164 172.7 176.8 176.4 168.4
214.8 216.6 218.3 220.3 220.6 219.8 219.6 219.7 219.9 220.3 220.9 220.1 219.4 218.7 217.9 217.9 216.5 214.3 212.7 209.8 208.2 207.6 210.7 209.9 208.6 205.6 203.1 199.6 195 191.4 191.4 195.1 201.2 205.5 206.3 204.3 202.1 200.3 199.5 197.2 194.6 191.7 187.9 191.9 203.5 206.2 205.8 205.1 204.8 204.5 204.3 204.2 204.4 204.8 205.2 205.6 205 205.6 205.7 206.1 205.6 206 205.5 204.3 203.9 203.3 198.5 191.5 187.9 181.6 173.7 169.4 164.2 170 178.2 186.9 189.3 182.3
223.1 225.1 225.8 226.2 226.4 224.9 225.2 224.5 224 223.4 223 222 221.1 220.8 220 219.4 217.9 216.4 214.8 212.3 211.4 212.9 212.8 212.1 211.4 208.7 207.3 205.5 199.9 195.1 193.5 191 192.5 195.3 197.4 198.9 199.2 198.4 197.7 195.7 193.9 189 188.5 194 205.5 207.1 205.2 204.9 204.7 204.4 204.6 204.5 204.8 205.2 205.5 206 206.5 208.1 208.2 208.6 209 208.7 208.2 206.7 204.1 200.7 200.1 198.5 187.9 179.7 168.8 165.4 169.8 182.4 190 191.7 194.7 190.8
228.2 229.4 229.1 228.9 228.4 227.4 227.7 227 226.9 227.6 225.6 224.4 223.5 221.9 221.5 220.9 219.2 217.4 215.9 215.4 215.8 216 214.4 213.6 212.6 211.7 210.8 212.1 204.5 195.9 197.2 193.9 191 191.4 192.2 193.9 195.2 195.3 195.4 193.5 189.5 188.8 190.1 196.2 205.6 207 204.3 204.4 204.2 204.6 205.1 205.2 205.6 205.9 207.7 208.2 209 209.8 210.1 210.4 210.1 209.8 209.7 208 204.9 202.1 202.5 196.3 184.7 175.4 169.5 166.6 177.3 195.4 201 197.4 196.8 193.1
231.7 231.6 230.8 230.6 230.2 230.7 230.6 229.4 229.7 230.1 228.1 225.5 225.8 224 222.9 222 220.1 218.3 216.8 217.4 218.1 218.7 217.3 215.7 214.8 214.1 214.6 214.2 205.2 197 201.9 199.8 193.5 191.3 191.8 191.2 190.7 190.6 190.7 189.7 189.7 189.9 191.2 197.1 206.5 206.4 205 205.1 204.7 204.6 205.5 206.2 206.6 207.3 208 208.8 209.4 209.6 209.7 210.1 209.3 208.2 207 205.9 204.5 202.9 200.7 189.5 177.3 169.3 168.9 165.6 185.5 203.5 201.9 199.4 197.2 195.4
235.7 234.7 232.9 232.1 232.8 233 233.1 233.9 233.7 231.1 228.8 227.6 226.5 225.7 224.4 222.1 221.3 221 220 220.2 219.9 219.4 218.9 217.6 216.6 216.5 211.5 206.7 198.7 202.1 205.5 204.9 200.5 192.7 192.3 191 191.2 192.5 191.5 190.3 190.6 190.5 191.7 196.2 206.8 206.3 205.5 205.6 205.2 205.6 207 208.1 208.6 209.3 209.7 208.8 208.3 208.2 208.9 208.7 207.7 205.9 204.7 203.4 202.4 199.1 193.1 184.3 171.5 170.2 172.5 179.8 200.7 203.3 201.6 200.6 199.3 198
239.1 237.2 235.6 234.3 235.4 235.7 236.2 237.2 236.6 233.1 230.6 229.4 228.8 228 227.2 226.4 225.9 225 224.8 223.7 222.5 221.3 220.2 218.6 216.6 211.6 206.3 202.7 200.6 205.6 209.6 210.9 207.6 200.5 194.2 194.5 196.6 196.1 192.7 192.3 192.1 191.6 192.6 195.3 201.9 206.6 206 206.2 207.1 208.3 209.6 210.2 210.3 209.3 209.5 209 208.5 208 208.5 208.3 207.2 206.1 204.9 202.8 200.7 197.2 185 174.9 170.2 174.2 188.5 200.6 203.4 203.2 202.9 203 203.5 201.9
239.3 237 235.8 236.9 238.2 239.4 242.2 243.6 243.3 239 234.5 231.6 231.3 231.3 231.4 230.5 229 228.3 227.3 225.8 224.3 222.6 221.5 219.3 212.9 207.7 205.1 202.3 202.3 210.6 215.5 214.1 215.5 210.2 202.3 198.7 198.3 196.2 194 193.6 193.2 192.5 193.6 195.4 198.7 202.7 206.9 207.5 209.7 211.7 212.8 211.9 210.4 209.4 209.4 208.6 208.2 208 208.2 208.1 207.7 206.5 204.9 204.1 203.5 196.5 177.8 171.4 173.1 187.1 199.1 204.3 205.8 206.2 206.4 207.1 207.4 206.8
240.2 243 240.2 240.2 242.1 244 245.7 246.1 244.3 240.3 237.4 234.7 234.5 234.5 233.7 232.9 231.8 229.7 228.6 227.2 225.3 223.4 220.7 218.4 210.2 206.4 204.4 202 207.3 216.4 215.9 214.3 214.7 213 211.4 207.2 201.5 197.9 196.3 195.5 194.4 193.3 195.8 201.9 201 202.3 202.6 207.2 209.8 212.3 212.9 211.3 209.6 209.2 208.9 208.1 207.7 207.9 208 207.6 206.9 203.3 203.9 203 193.8 183.2 170.9 174.6 182.4 193.8 200.6 205.8 208.8 209.7 210.5 210.1 210 209.3
245.6 247.5 246.1 245.6 246.5 247.1 247.9 250 247.7 243.5 240 238.3 238.2 238 235.9 233.7 231.6 230.8 228.6 227.2 225.4 223.3 220.4 215.1 208.1 206.4 204.1 202.1 213.8 214.9 215.2 214.6 214.3 214.3 214.8 213.7 212.2 206.2 203.4 197.9 199.3 202.1 204.4 205.8 207 208.3 206.9 205.4 208.4 209.9 210.4 209.9 209.6 209.3 208.6 207.7 207.4 207.1 207 205.5 199.4 194.9 191.9 188.9 180.1 172.2 175.6 181.6 192.9 198.2 203 207.9 211.7 213.3 213.9 213.4 212.5 211.5
250.7 251.3 250.9 247.6 247.4 250.6 249.3 249.1 245.9 244.7 243.3 243.7 241.7 239.7 236.9 234.4 231.6 230.7 229.6 228.1 225.7 222.9 217.5 210.9 207.9 206.7 203.7 205.1 215.5 214.5 213.8 215.1 213.5 213.4 213.6 212.8 210.4 205.5 210.2 209.1 207.8 207 207.6 209.2 210.2 210 208.7 206.6 208.4 209.4 210.2 209.9 209.9 209.8 208.9 207.8 206.7 201.5 199.6 196.8 192.1 182.8 176.4 177.7 176.4 178 181.8 192.1 200.7 203.9 206.4 211.1 215.1 217.6 216.7 216.4 215.4 214.6
250.9 252.4 252.4 250.6 249.7 248.7 247.5 245.2 245 245.2 245.5 244.1 242.5 240.3 237.1 234.4 232.1 230.4 230.5 228.5 224.8 219 213 209.1 207.4 205.4 203.3 206 217.7 216.2 215.2 216.7 215.2 214 213 210.6 210.5 212.7 214.1 213.9 212.6 210.7 210.5 211.1 211.1 210.3 209.1 208.5 208.8 209.2 209.6 210 210.1 210.2 208.9 208 207 198.9 182.6 180.7 179.4 179.3 177.8 175.7 180.8 188.3 186.6 198.8 203.9 208 212.1 216.5 219.2 221.2 220.8 219.5 218.8 217.2
257.4 258.6 256.1 253.5 254.9 251.6 247.8 245.4 245.6 247.4 246 243.1 240.8 237.8 236.1 234.1 231.7 228.4 227.2 224.4 220.6 214.5 208.9 207.4 206 204.5 203.8 208.2 219.7 221.2 221.1 220.5 216.9 214.3 213.8 212.4 212.9 214.8 215.1 214.7 213.7 212.2 211.8 211.8 211.7 210.6 209.6 209 208.9 209.4 209.8 210.1 210.6 210.4 208.7 206.6 200.9 191 179.1 181.4 182.4 182 185.7 188.9 194.9 198 199.8 199.3 207.6 212.5 215.9 220.3 222.7 223.2 223.7 222.4 220.4 218.8
259.6 259.8 258.8 258.2 260.4 257.1 253.4 249.4 248.1 248.2 245.8 242.7 239.4 236.2 234.2 232.3 229.7 225.7 221.9 219.1 214.3 208.6 207 205.3 204.6 204.4 205.7 214.8 227.2 228.6 227.3 224.5 218.9 215.5 215.2 214.1 214.8 216.5 216.5 215.6 213.9 212.5 212.3 212.1 211.8 209.8 209.8 209.2 208.9 209.2 209.5 211.5 210.9 209.5 208.4 201.1 193.6 186.6 183.1 184.3 188.7 193 195 201.7 206.7 208 206.6 197 210.3 216 219.9 222.9 223.9 224.3 224.4 223.8 221.6 221.6
263.4 262.2 260.3 259.3 260.5 260.9 258.2 255.2 254.2 253 246.9 242.2 238.8 235.1 231.1 227.3 223.9 217.8 214.7 211.3 207.4 205.6 205.3 205.9 208.8 212.9 217.5 226.9 230.4 233.9 230.8 225.4 219.2 218 216.9 216.4 216.4 217.8 217.5 216.6 214.6 213 212.4 212 211.7 211.4 210.1 209.4 209 208.7 210.7 215.1 211.3 207.3 203.2 195.7 187.9 182.5 182.8 191.6 197.9 204.4 205.1 208.8 214.4 214.9 213.2 204.9 214 217.2 221.2 224.2 225.2 225.6 225 223.9 222.2 222.6
265.9 264.4 262.9 264.4 264.6 264.7 261 260.9 258 251.3 244.9 240 232.9 227.6 221.5 216.8 213.6 210.6 208.1 207.7 205.9 207.3 212 216.8 220.6 222.8 227.5 234.7 237.5 237.9 233.9 226.9 221.1 220.8 219.8 218.6 217.9 219.1 218.4 217.5 215.4 213.2 212.5 211.8 211.1 210.1 210.4 209.1 209.4 209.6 211.4 214.1 210.5 205.9 198.6 188.4 183.1 186.2 193.2 201 210.8 215.2 213.9 212.8 217.9 218.3 217 214.2 214.7 218.8 221.8 224.1 225.2 225.1 223.9 222.2 221.3 220.3
266.8 266.8 265.7 266.5 262.5 259.9 255.8 255.8 251.9 245.8 237 231.6 224.3 215.9 210.6 208.7 208 207.4 207.4 208 210.4 218.6 223.3 226.9 226.3 225.5 229.9 236.3 240.2 239.1 233.9 227.3 224.9 225.9 223.1 221.4 221.1 221.1 220.2 218.2 216.3 214 212.7 211.4 210.8 210.3 210 208.8 209.5 210.4 211.2 210.4 209.2 203 194.7 185 191 199.8 206.2 214.1 219.3 220.8 220 215.7 217.3 218.7 219.2 217.6 207.7 217.5 219.6 221.5 220.5 220.6 219.5 220.2 219.3 218.1
268.9 269.3 267.7 263.7 258.5 255.2 253.5 251.3 247.6 240.4 231.8 226.1 217.4 210.7 209.5 210.1 210.5 211.7 213 214.5 218.6 227.8 231.4 230.5 229.8 229.4 233.1 237.8 242.9 240.8 235.1 232.2 229.4 228.4 226.9 223.9 223.2 222.2 221 219 217 214.3 212.9 211.8 211.1 210.5 210.1 210.3 208.4 210 210.4 210 208.7 201.4 189.6 186.1 198.8 209.4 214.3 220.5 224.3 223.8 222 218.9 216.9 217.1 218.2 218.5 218.5 217.3 211.6 213.3 220.8 220.1 220.1 220.6 220.3 219.8
268.3 267.3 265.9 261.3 257.8 255.3 253.7 251.2 244.2 237.4 226.6 218.3 211.8 211.1 212.5 212.6 215.1 220.2 224.2 227.8 228.7 228.6 230 230.9 231.6 232 232.9 235.9 239.1 237.6 237.3 234.3 229.4 228.5 227.9 225.6 224.1 222.8 221.6 220 216.7 214.9 213.1 212.2 211.5 210.8 210.4 210.4 210.9 209.8 210.2 210 208.6 199.2 184.7 191.4 206.5 214.3 218.1 223.9 227.3 227.2 225.9 224.8 223.5 222.4 221 221.1 221.2 222.1 221.7 217.3 223.5 225 225.1 225 224.9 225.5
265.5 265.1 262.5 259.4 257.5 254 252 247.2 239.2 232.1 218 211.3 211.7 215.6 220.4 223.7 227.8 234.6 234.4 233.3 233.3 233 231.6 231.1 232 233.1 233 232.6 233 232.7 232.7 231.7 230.7 228.9 227.2 225.4 224.6 223.5 221.6 220.3 217.4 216.2 214.1 212.2 211.5 211.2 211 210.7 210.8 211.1 209.2 209.9 208.9 201.1 188.2 190.1 209.6 216.5 219.3 226.1 228.8 229.7 229.1 229.6 229.7 229.7 229.2 227.2 226 225.5 226.9 222.5 225.6 227.5 227.9 228.4 228.4 228.8
