WholeMapElevations/data/nm/nm85_OST50GRID_20230518/NM85.asc
ncols 200
nrows 200
xllcorner 180000
yllcorner 750000
cellsize 50
[rows 70 to 104 of 200, columns 79 to 157 of 200]
377.6 367.6 357.1 353.7 357.4 368 376.8 390.2 397.9 413 431.9 456.8 481.4 514.9 542.3 574.3 610.6 641.8 667.4 683.1 693.8 706.4 714.7 722.2 729.9 738.8 745.9 753.3 749.9 745.6 737 694.5 661.4 630.7 592.4 553.2 528.4 506.6 499.4 489.9 482.3 474.4 469.7 451.9 445.2 426.6 407.3 378.3 362.2 351.7 337.8 315.6 291.6 248.9 216.1 192.1 173.1 155.8 140.5 129.5 126.2 128.1 131.4 134.5 138.5 149.4 159.4 172.1 181.5 172.8 201.8 231 255.8 261.5 255.7 253.1 247.1 253 272.3
380.6 367.4 358.5 347.8 348.8 357.2 366.2 379 387.9 404.3 422 445.2 476.6 510.2 537.2 569.1 605.3 633.2 657.8 677.4 694.7 706.4 713.2 723.2 731.5 742.2 750.9 760.5 759.6 752.2 742.4 708.6 669.2 634.9 601.8 565.1 536.9 520.2 513 498.1 487 482.3 482.1 470 453.3 446.9 423.4 402.4 384.5 374.6 367.3 349.9 310.3 258.2 221.5 196.2 175.2 158.5 141 125.9 118.9 115.2 117.2 123.4 130.8 138.4 150.2 161.6 166.4 172.6 201.4 231.4 243.8 237.3 231.8 232.5 249.3 267.9 287.4
383.8 373 361 348.5 344.5 348.9 357.2 364.5 378.7 394.6 411.5 436.6 465.9 499.2 530.9 568.6 603 627.7 650 668.9 686.3 703.6 714 722.8 727.4 738.8 754.1 761.4 764.3 756.5 733.9 711.7 684.7 644.3 613.5 578 556.4 539.5 532.4 515.9 497 493.7 494.3 485.5 468.5 457.2 447.6 416.6 401.2 396.1 387.3 348.2 300.9 260.8 223.6 198.7 178.5 153.6 137.7 123.5 114.8 107.4 106.1 110.1 116.8 126.8 135.9 148.8 149.1 162.5 192.1 220.9 223.1 212.4 207.8 229.5 254.7 278.2 301
387.9 373.7 360.9 350.9 342.7 348.6 354.1 358.4 367 383.5 403 427.4 457.2 488.1 521.5 560.4 597 622.2 642.1 659.2 675.4 692.4 708.8 714.1 723.7 734.6 746.9 756.8 761.3 738.2 711.3 684.6 667.7 660.8 650.7 603.9 594.1 574.8 560.7 546 523.1 518.1 515.8 506.4 497.4 470.4 451.5 438 429.7 414.9 387.9 346.1 292.9 256 224.6 196.7 172.6 150 137.7 122.5 109.6 103.5 103.2 100.5 109.1 114.5 125 135.5 137.4 160.9 190.9 210.2 206.7 196.9 213.4 234.1 258.2 287 314.2
387.6 372.7 357.6 345.3 343.9 340.3 343.3 348.9 359.5 374 393.1 418.6 445 478.6 513.3 552.6 589.4 614.2 633.9 650 664.8 677.9 693.3 697.9 708.8 722 735.1 739.1 734.7 708 681.3 661.7 638.7 628.3 628 625.9 624.3 618.1 601.1 586.7 567.9 560.7 551.1 541.6 519.1 494.2 475.8 458.2 438.2 423.2 369.3 329.2 289.6 253.6 221.7 192 165.5 142.9 127.9 115.4 105.9 99.5 98.7 96.2 103.1 109 115.5 124.1 130.9 154.6 182 195.9 186.3 199.9 225.6 247.2 271.2 298.5 325.6
386.3 366.7 352.4 341.8 340 341.6 338.2 342.7 351.9 365.6 386.7 410.4 438.8 471.7 504.7 544.1 584.5 607.6 625.1 640.5 654.5 665.5 674.9 684.8 692.2 703.1 715 722.5 717.5 684.4 648.5 622.4 607.4 597.1 603.4 606.9 610.6 610.8 606.6 600.1 592.3 587.7 583.9 575.5 553.8 525.8 500 468.2 429.1 389.3 355.7 318.1 290 250.9 216.9 188 160.2 136 119.7 108.9 102.4 98.5 94.1 93 101.3 101.7 110.8 118.9 124.2 150.1 173 181.2 176.7 203.6 231.3 256.2 281.8 309.5 340.5
381.5 363 346.9 336.1 328.2 330.3 329.2 339.9 357 366 380 403.4 432.6 465 499.4 537.9 575.2 598.4 615.9 629.5 642.6 653.6 662.4 670.5 678.7 685.1 691 697.5 698 669.4 635.5 606.5 579.6 573.5 580.2 581.2 583.5 589.3 586.8 583.7 578.7 579.1 577.9 571.9 560.4 529.9 486.6 451.5 412.1 371.5 340.6 313.6 277.3 246.3 210.3 179.4 152.1 131.8 116.6 102.3 96 92.2 91.4 88.6 93.3 98.9 105.9 110.5 126.9 153.6 168.7 166 185.2 208.2 235.8 261.4 291.7 319.6 350.5
373.3 352.7 336 330.1 322.9 324.4 328.9 337.4 353.3 366.3 378.5 399.2 426 456.5 490.4 526 562 587.7 603.9 615.9 626.8 636.1 646.1 656 661.5 668 675.9 684.8 682.7 648.6 614.9 589.9 561.1 558.6 564.4 562.5 556.1 551.5 553.6 556 558 554.2 556 555.1 549 520.9 475.8 431 388.1 357.6 329.5 298.1 263.6 234.7 201.5 171.9 145.8 124 108 95.5 88 84.8 82.5 82.2 87.3 90.4 100.9 106.8 126.2 145 160.2 166.2 190.3 215 241.3 266.7 297.2 328 357.3
360.7 342.2 330.1 319.2 314.7 316.1 320.7 331 345.2 357.1 372.6 398.7 419 448.1 480.4 509.9 548 573.4 589.4 600.2 610.2 618.5 627.2 638.1 647.3 654.4 662.3 668.4 667 621 590.8 564.3 540.6 532.4 530 538.7 529.9 521.1 519.6 523.4 529.5 524.9 526.6 530.6 529.6 507.9 470.6 425.1 391.1 358.2 316 284.3 251.6 223.5 192.3 165.1 140.7 121.9 107.5 96 86.1 78.6 74.8 69.6 78.5 87.8 96.6 106.5 120.7 139.3 144.4 168 196.9 219.9 246.3 276.1 304.9 335 371.1
351.1 330.3 320.2 310.3 308.2 307.5 317.9 327.6 335.8 349.5 371.4 393 414.9 440.7 471 500.6 532.6 559.5 574.8 586.3 594.6 603.3 612.2 622.8 633.1 644.1 649.3 657.9 652.1 614.5 573.3 542.8 524.2 516.4 512.4 503.2 493.2 490.3 489.1 492 492.2 491.5 493.3 497.5 497.4 485.4 451.7 427.4 390 349.2 320 277.8 245.6 215.8 184.7 157.3 134.5 117.4 102.3 94 86.1 75.8 70.5 74.7 81.4 88 95.4 103.6 119.5 133.6 149.5 173.5 196.8 225.5 252.5 278 308.6 340.2 371
332.2 318.4 309.9 305.1 298 300.8 311.1 321.3 332.6 347.8 365.2 388.6 410.9 436.5 463 488.4 515.8 543.8 559.7 570.8 580.3 589.6 599.2 609.2 618.8 625.1 629.6 634.5 631.9 593.2 556.1 537.8 515 502 496.8 483.8 474.9 468.7 469.9 468.6 465 461.2 463 465 468.9 464.4 443.2 405 365.5 328.1 297.9 266.4 238.3 204.2 174.4 149 126.8 110.1 97.1 88.5 78.7 70 66.3 72.4 78.3 87.5 98.1 109.1 122.8 144.5 159.8 181.7 202.7 229.3 255.5 284.4 313.1 344.4 376
319.6 309.7 303.3 300.6 292.9 295.5 304.9 315.8 330.5 345 363.1 384.7 407.8 432.2 459.1 482.3 501 525.2 545 557.3 568.4 578.1 586.9 593.8 605 612.6 616.9 617 616.6 584.7 544.9 519.8 494.4 472.3 458.1 458.1 453.1 454 454.4 451.9 446.6 440.7 436.4 433.3 434.8 435.2 417.5 387.6 359 315.7 280.7 250.3 222.7 196 165.8 138.8 118.1 104.2 92 84.1 75.2 66.9 64.6 74.9 81.7 88.3 97.9 109.1 126.1 143.1 166.2 185.4 205.6 231.5 261.8 289.7 319.1 347.6 378.4
308.5 300.1 293.8 290.7 284.9 296.5 306.8 315.8 336.2 345.9 361.2 383.4 403.9 427.8 450 471 492.2 510.9 530.3 546.3 558.8 568.2 575.2 583.8 591.5 602.3 607.1 607.3 597.1 572.9 531.7 497 475.1 452.1 430.4 425.2 423.9 430.8 436.6 432.9 427.1 419.3 412.8 407.9 400 394.3 383.7 366.3 337.7 302.6 266.5 237.3 210.7 183.6 157.6 133 111.2 95.2 83.3 71.8 65.7 59.8 65.6 71.1 77 88.4 98.2 110.8 128.2 143.1 164.6 190 213.1 237.6 268.3 295.1 322.5 350.6 379.9
302.5 289.4 284.6 281.7 285.7 296 305.1 315.1 328.5 342.1 360 381.9 402.1 425 444.3 463.8 483.8 501.8 520 533 547.3 561.1 569.3 578.2 583.7 588.6 592.4 588.5 583.3 567.1 525.7 492.9 464.3 439.7 421.8 408.6 399.2 401.2 408.7 411.1 403 396.2 390.7 383.1 373.5 363.5 357.6 339.4 322.8 286.4 253 223.3 197.3 173.8 150.5 126.4 105.3 88.6 76.5 68.4 62.1 58 63.7 66.5 73.3 84.8 97.1 112.8 134 145.6 171.9 196.1 219.8 243 269.3 289 312 343.2 372.9
292.2 282.6 279.2 278 282.6 292.8 300.6 314 323.4 343.9 361 380 398.5 418.8 440.1 461.7 478.8 492.4 505.6 521.4 538.2 553.4 563.9 572.1 578.9 583.8 581 575.6 572.2 564.1 526.2 497.5 454.2 424.8 420.1 404.1 386.8 366.2 375.1 378.3 377.5 364 364.9 357.6 348.4 336.7 326.6 311.9 291.6 263.6 238.4 210.6 184.6 162.8 139.7 121.4 101.8 85.9 78.2 68.5 59.7 57.5 63.5 68.1 75.1 87.4 100.7 115.6 134.9 149.1 174.3 200.9 228.9 252.6 280.5 305.2 330.4 349.4 359.4
283.4 276 274.2 278.1 283.2 290 297.3 307.2 323.8 339.3 355.5 374.3 394.5 414.9 436.3 455.4 472.3 485.2 496.6 511.1 528.1 544.5 556.9 565.8 575.4 576.1 573.2 567.6 559.9 543.8 509.1 471.5 438.4 420.2 409.1 398.5 398.5 387.6 350.8 339.2 336.3 329.5 330.2 325.4 320.3 310.3 301.5 284.8 264.2 244.7 220.6 197.2 172.5 152.2 137.1 115.8 95.4 80.5 73.8 68 57 56 61.2 66.4 73.6 85.8 101.3 121.7 136.8 155.4 182 208.7 234.5 263.8 290.7 318.2 343 368.3 384.8
276.1 267 264.5 274.1 280.8 285.7 294 303.1 320.9 337 354.1 371.5 390.3 410.4 429 448.7 465.8 479.2 491.4 502.5 514.4 531.4 547.3 555.7 560.8 564.2 567.4 559.1 547.1 516.2 488.9 460.8 436.7 416.2 410.8 409.9 412.7 395.6 360.3 329.4 305.9 298.5 291.1 287.3 283.7 281 272 261.3 247 227.3 206.9 181.5 158.7 141.8 125.2 107.1 88.3 75.3 65.1 58.3 52.1 56.2 61.3 68.1 75.9 87.5 102.2 121.1 142.4 165.1 190.9 215.8 245.5 275.2 303 330.7 358.7 386.3 407.9
271.8 259 262.3 271 277.8 282.8 288.5 303.6 321.5 334.4 349.5 368.1 384.2 403.4 425.5 444.8 462.1 475.3 486.3 497.8 509.4 519.9 533.5 546.1 549.1 557 558 551.2 534.8 502.8 476.5 451.2 434.1 421.3 422.4 411 403.1 374.5 344 319.2 302.6 272.9 262.9 257.4 251.9 253.1 245 241.2 228 212.1 193.2 167 147.2 130.7 117.2 97 84.1 70.4 60.1 52.9 52.3 54.3 58.7 65.4 75.3 88.6 105 125.9 147.1 172.6 194.6 227.2 256.7 285.3 314.1 343.2 372.9 404.9 430.6
264.2 254.2 260.2 268.6 269.3 279.8 289.5 300.1 309.1 329.4 346.2 363.4 380.7 396.8 418.3 439.2 454.6 469.8 483.6 496.2 506.5 514.7 521.9 526.5 542.5 549.1 548.3 541.9 531.8 507.8 481.3 452.2 435.5 420.1 417.4 403.1 393.2 365.2 340.8 317.8 299.5 267.4 247.8 233.2 222.1 221.6 222.6 215.2 209.9 195 178 155.3 134.9 118.6 105 88 77.4 63.5 56 50.5 50.8 52.8 56.1 64.3 74.3 90 108.7 128.9 152.1 178.9 205.8 232.3 267.6 293.8 323.9 354 385.1 415.3 440.1
255.9 250.7 259.6 264.1 273.8 282.7 290.8 301.7 312.5 326.1 339.6 359.8 375.8 394.8 414.9 434 451.1 465.4 476.6 487.8 498.3 507 513.4 520.6 530.4 539 543.5 540.6 530.7 519.5 493 461.3 437.8 421.2 397.1 384.7 371 350.6 334.8 315.3 279.2 277.9 265.1 251.9 239.9 220.4 196.4 190.1 185.7 180.6 161.8 144.5 126.3 110.5 94.9 80 70.9 57.9 52.4 46.9 49.7 51.1 56.6 62.4 74.9 92.3 112.3 133.7 156.3 182.1 212.6 243.5 276.3 305.1 332.1 360.2 394.5 424.7 449
253.6 246 257.5 265.7 280.1 284.4 293.7 299.1 312.7 323 339 355.2 370.8 389.8 408.9 427.2 443.6 458.3 468.8 479.1 487.6 496.7 509.1 517.3 525.9 538.9 544.4 543.8 541.2 528.5 500.9 470.8 444.2 421.3 393.2 377.7 370.7 347.2 332.7 321.2 315.3 300.1 274.5 265.5 246.1 224.2 200.6 172.7 145.6 160.8 150 133.1 115.7 102.7 90 73.9 66.1 51.7 47.6 45.3 46.9 48.9 52.9 62.3 77.2 93.6 113.3 136.8 158.6 186.6 218.2 249.9 281.3 310.3 340.4 375.9 407.6 436 461.3
244.8 247.3 255.2 270.5 281.3 290 293.9 298.9 306.9 323.9 338.9 350.3 366.2 381.1 402.5 421.1 435.5 447.5 458.5 467.8 480.6 492.9 506.5 517.2 523.2 535.9 545.2 547 545.4 539 517.8 487.1 459.4 428.3 401.4 377.6 365.8 356.7 348.2 343.5 334.3 306.7 281.9 267.1 251.7 229.2 208.4 185 157.4 133.8 133 120.9 105.2 92.5 79.6 70.9 58.9 50.8 44.4 45.6 45.5 48.8 52.4 63.7 78.2 96.3 116.2 140.4 163.5 190.2 219.4 252 285.3 317.3 350.6 387.2 422.6 448.8 471.1
237.6 245 252.3 265.3 284.1 288.6 294.2 301.2 310.7 327.3 339.3 350.2 364 378.9 396.1 411.2 425.4 440.4 453.4 463 476 486.3 497.5 511.2 514.5 522.6 536.3 548.1 548.9 545.1 536.6 514.1 484.4 455.9 419.3 387.3 375.7 365.2 361 353.8 345.6 318.6 301.7 283.7 268 257.8 221.8 190.6 163.6 139.2 120.8 103.5 96.9 82.9 70.7 61.9 55.6 48.7 44.2 43.6 42.9 45.7 51.6 64.2 80.2 98.9 122 144.7 166.3 193.1 223 257.2 293.4 324.8 362.7 405.6 437.5 463.9 481.7
239.5 244.8 251.2 259.7 273.4 286.5 295 301.1 308.9 324 338.4 348.2 361.8 373.1 392 406.6 421.1 435.8 447.4 458 467.5 477.3 488.8 498.6 505.4 511.8 520.2 531.1 541.4 546.3 541.7 533.8 505.4 473.8 446.8 417.2 397.4 389 383.6 373.5 360.5 340.3 326.3 312.9 305.4 278.6 238.9 193.1 162.5 138.1 122.3 108.7 94.3 81.7 68.2 62.2 53.3 47.7 44.5 40.4 41.6 44 51 66.6 83.9 102.6 125.6 146.9 171.1 198.3 231 262.6 297.9 330.1 372 417.9 451.8 474 491.3
243.5 246.1 253.5 264.1 280 285.7 294.5 301.1 312.9 327.3 332.5 344.6 361.8 376.1 390.4 403.6 415.1 426.6 438 451.6 463 470.6 479.3 488.5 496.5 504.9 510.4 518.1 531.2 539.8 549.5 547.6 528.4 499 473.4 450.9 429.4 419.4 408.9 399.1 388.6 377.4 365.3 351.7 314.8 267.8 228.9 190.4 159.3 134.3 114.8 103.4 93.2 79.9 66.4 59.9 49.6 44 42.6 40.7 40.3 41.3 51.2 68.8 87.2 107.1 129.8 150 174 202.4 235.3 268.6 302.9 337.4 376.1 413.7 454.4 480.4 498.2
239.3 247.7 253.8 269.9 280.6 286.3 293.5 301.5 315.5 321.9 335.3 345.1 358.3 374.7 387.2 399.7 411.4 422.2 431.6 441.1 455.7 463.7 472.1 479.5 487.8 496.8 503.2 512.1 527.2 532.6 534.5 539.9 527.4 500.1 477.2 458.3 447.4 440.7 428 412.3 400.2 387 371.7 347.9 302.8 259 220.5 184.7 154.3 127.2 108.3 96.5 89.3 77.3 68.5 55.1 49.2 43.2 36.5 34.6 36.8 42.5 52.8 74 89.1 110.4 131.1 152.4 176.4 204.5 238.9 271.7 304.7 341.8 378.3 418.7 451.7 483.2 503.9
240.8 249.9 257.5 272.1 279.5 285.2 290.3 299.6 315.2 327.1 338.7 348.6 358.4 372.2 384.7 397 405.2 413.7 424.1 431 440.9 451.7 462.2 471.7 484.6 493.1 499.5 508.9 516.4 521.7 524 522.8 494.8 465.4 437.3 419.1 411.9 405.9 397.9 393.4 381 372.4 344.5 320.6 287.6 246.7 213.8 180.3 151.3 123.3 105.3 90 85.3 73.1 63.4 53.8 45.2 39 34.2 35.4 39.1 45.9 56.2 73.9 90.5 110.3 130.9 154 178.6 207.4 239 270.5 303.3 338.5 374.7 416.8 452 480.1 502.6
247.7 248.8 256.4 267 275.7 282.9 293.6 308.2 311.5 322.7 336.7 348.7 357.8 368 378.4 392.4 402.1 407.3 415.3 424.1 432.3 438 449.2 456.4 466.1 479.6 487.3 495.9 505.6 512.9 513.3 509.2 478.5 446.3 411.2 383.6 368.7 362.7 355.9 354.5 348 344.8 325.7 307.8 267.2 234.3 206.6 179.3 149.1 120.4 99.7 84.8 80.8 69.4 60.1 51.1 43 35.8 34 34.5 38.7 44.2 57.8 78.5 91.5 112.3 130.7 156.2 175.7 206.8 232.4 267.2 294.6 331.7 369.5 410.2 449.8 478 501.4
246.4 257.1 267.9 271.9 282.5 291.7 297.9 307 317.9 322.6 336.8 348.2 358.3 366.7 376.3 385.2 395.4 407.3 412.4 416.4 424.4 430.6 436.8 444.8 454.2 466.2 476.1 485.9 495.1 504.3 504.9 497.4 461.7 428.2 399.4 372.2 342.4 328.3 321 319.8 312.1 306.2 291 271.7 252.2 222.9 196.6 170.7 141.6 117.7 96 81.2 72.5 62.9 54.4 44.8 36.5 33.6 31.1 33.7 38.1 45.7 58.5 77.1 93.7 114.1 135.1 157 181.5 211.3 240.8 271.8 303.9 339.7 378.6 418 456.2 481 493.1
251.2 262.8 273.8 281.3 290 296.6 307.1 315.8 325.8 335 344.9 353.9 361.8 371.2 378.4 384.4 388.6 396.8 406.3 412.1 417.7 426.7 432.2 436.1 444.8 456.6 468.2 476.9 482 486.8 486.7 475.6 439.4 411.2 377.8 354.2 331.5 314.8 301.4 292.3 286.2 276.5 263.8 248.2 229.8 213.2 189.2 161.9 141.6 118.6 94 77 64.8 57.4 46.3 39.1 33.2 30.8 30.4 33.3 38.4 46.7 60.4 77.6 93.2 112.5 132 155.3 183.4 212.2 241.1 274.9 310.3 352.8 390.3 426.6 456.7 480.4 494.5
263.3 275 284.3 290.8 298.2 305.8 314.4 321.7 332.3 340.8 351.5 361 371.5 378.8 385.9 396.9 402.1 408.6 413.9 418.5 424.1 428.7 434.8 438.4 444.9 454.4 459.2 465.7 468.9 467.7 461.8 449.8 419.4 385.3 354.7 331 310.1 294.7 281.1 272.8 265.3 259.3 248.6 235.1 221.3 206.1 187.3 161.4 137.5 114.8 91.6 71.8 56.7 47.5 39.1 33.7 29.7 29.7 29.3 31.1 34.6 45 62.9 79.6 96.4 114.5 133.5 155.3 183.6 214 241.7 274.7 313 353 391.9 426 452.4 478 490.6
271.7 283.3 291.7 300.3 307.1 312.2 320.3 328.5 333.7 344.9 355.8 367.3 381.3 388.5 397.9 405.5 413.7 420.8 426.5 431.5 437.5 443 448.1 451.8 459.8 462.1 463.4 461.2 459 451.5 438.5 421.8 400 366.8 341.5 318 297.1 282.1 266.1 259.4 251.8 244.3 237.3 227.2 213.8 200.7 181 160.9 136.9 113.3 86.9 65.1 51.4 41.4 33.3 29.4 28.7 28.5 28.2 30.7 34.8 44.6 61.6 80.3 99.8 118.5 135.9 157 181.5 206.9 238.3 273.2 311.5 350.2 385.1 425.8 454.3 477.3 492.1
280.9 290.4 298.4 304.8 313.5 319.8 324.2 332.8 340.6 350.9 363.2 376.3 387.4 397.7 407.1 415.1 423.6 431.9 438.8 446.6 454.1 462.4 470.8 475.3 485.8 485 477.6 469.4 463.8 449.1 431.2 409.7 390 365.3 347.4 322.1 299 280.6 264.5 247.7 242.1 232.6 227.6 221.5 211.7 195.9 179 158.8 137.8 109.1 83.7 64.3 48.5 36.1 27.6 27.2 27.5 26.4 26.8 29.5 37.8 48.7 63.2 83.5 100.8 118.5 136.6 157.4 178.5 207.6 236.1 268.4 303.7 343.5 381.3 422.9 453.1 475.3 491.5
283.8 294.1 301.3 308.3 316.2 322.1 329.5 336.7 347.5 354.6 371.2 391.3 403.3 408.4 417.7 423.8 432.5 441.6 451.8 460.8 468.9 479.5 494 497.1 506.9 506.6 501.4 488.9 470.5 450.6 435 422.8 403.5 381.5 364.1 346.7 300.8 279 258 243.6 227.8 221 219 211.5 204.1 191.9 173.9 156.2 134.6 106.7 80.3 58.7 46.1 33.3 26.3 25.5 25.8 25.3 26.3 32.3 41.3 50.1 63.1 81.6 101.3 117.9 137.9 158.8 179.8 207.5 238.9 265.3 298.3 336.4 374.3 418.5 451.8 479.7 492.4
285.4 294.1 301.7 309.2 316.2 326.3 334.7 341.6 351.3 361.4 373.4 395.3 416.8 420.4 426.9 436.3 443.5 450.6 463.5 475.3 484.8 495.3 511.4 521.8 524 520.6 521.2 508.5 486.8 462.9 435.2 410.7 397.5 379.6 362 345.8 309.5 278.8 256.9 245.2 230.9 222.7 209.4 190.5 168.3 164.7 152.8 143.3 119.9 97.8 74.2 53.2 40 32.4 24.9 24.1 24.5 24.6 26.5 31 37.2 48.7 63.5 80.5 101.6 119.1 135.6 154.6 176 199.7 230.4 261.4 294.6 329.6 369.5 410.3 448.3 477.8 490.9
