UK/data/nh/nh56_OST50GRID_20230518/NH56.asc
ncols 200
nrows 200
xllcorner 250000
yllcorner 860000
cellsize 50
[rows 105 to 139 of 200, columns 79 to 157 of 200]
204.8 201.4 199.7 197.4 193.9 192 189 188 186.5 185 183.4 180.8 174.7 173.9 172.8 173 172.3 175.9 181 183 187.8 192 194.7 195.8 196.2 196.8 196.2 195.9 195.8 194.4 195.1 195 194.4 194.1 193.7 193.1 191.7 189.6 187.5 185.8 184.3 182.2 181.1 180.8 179.1 178.1 176.9 175.5 175 174.4 173.5 172.4 172.3 172.1 171.5 171.3 171.6 170.8 170.9 171.3 171.5 171.6 171.8 172.1 174.5 178.6 183.8 190.2 196 201.2 203.6 201.8 198 193.4 189 184.4 179.9 177.7 175.9
200 197.7 196.3 194.5 192.1 190.1 187.6 185.9 184.1 182.8 181.2 174.6 175.7 176.2 175.8 176.1 179.4 181.5 181.8 184.5 189.6 191.7 195.7 198.3 198.8 198.8 198.7 198.6 198.1 198.4 198.6 199 200 200.6 201 198.8 196.4 193.7 191 188.5 185.1 183.6 182.7 181.5 180.3 179.9 178.3 178.1 177.9 176.7 175.8 175.1 175.1 174.4 174.3 174.3 174.9 173.9 174.3 174.7 175.4 175 176.6 179.2 182.7 187.8 195.3 204.1 209.9 210 207.9 203.5 198.7 193.4 189 186.2 184.9 185.3 186.9
196.7 194 193 191.6 189.7 188 186.3 184.7 182.8 181.1 177.3 175.5 177.6 179.8 181.3 181.5 181.1 181.4 182.8 185.1 188.8 194 196.5 199.7 202.3 201.7 202.5 201.7 201.7 201.5 201.4 202.9 204.7 206.3 206.2 203.8 200.5 196 193.9 190.9 187.9 185.9 184.3 182.9 181.7 181.3 180.2 180.2 179.9 179.1 178.1 177.8 177.9 178 177.8 177.5 177.5 177.5 178.5 178.6 179.5 181.6 183.8 188.6 193.4 201.6 210.5 215.2 214.9 213.3 208.8 203.4 198.5 193.8 191.4 190.4 190.9 193.3 195.9
193.4 191.1 190 188.8 187.3 185.6 184.4 183.1 181.9 180 177.8 176.6 180.1 181.2 181.9 182.4 183.4 183.9 185.6 187.4 191.1 194.5 198.8 201.7 204.5 204.8 205 205.5 205.3 204.1 205.9 206.9 208.2 208.9 208.2 206.4 202.5 199.3 196.9 193.8 191.1 189.5 187.3 184.8 183.3 182.3 182.2 182.3 181.7 181.6 180.6 180.5 180.6 181.1 182 181.2 180.8 181.7 183.3 182.8 185.2 188.3 192 197.9 206.2 213.5 217.8 218.2 216.7 214.4 209.9 204.3 201.4 198 195.4 195.2 196.2 199.1 203.3
189.8 188.3 187.2 186.1 185 183.5 182.6 180 177.7 178.7 178.4 181.8 181.9 182.1 182.7 183.3 184 185 186.9 189.5 193.4 197.4 199.5 203.2 206.5 206.9 207.5 208.8 208.6 209.3 210.2 211 211.1 211.3 210 209.3 207.3 204.9 201.8 197.9 195.2 193.2 190.3 187.4 185.8 185.2 184.6 184.2 183.6 183.4 183.3 183.3 183.3 183.8 184.7 184.8 184.7 186.3 187.5 190.1 191.9 193.6 204.4 212.6 219.4 222 222.5 221.7 218.8 216.5 211.5 208 204.8 202.5 200.6 199.8 200.9 204.2 208.4
187.1 185.9 184.8 183.7 182.7 182.2 180.4 177.4 180.5 181.5 182.3 183.2 183 182.9 183.4 183.8 184.1 184.7 186.9 190 194.5 197 201.2 204.9 207.4 209.1 211.3 211.1 213 214.1 214.7 215.5 215.4 215.3 215.8 215.4 213.3 210.5 207.1 203.8 199.7 197.6 194.9 191.7 189.6 189.7 188.9 187.6 186.4 186.5 187 187 187.4 187.9 188.7 189.7 190.8 191.3 194.5 196.5 198.1 206.1 218.1 225.1 227.1 226.9 225.6 223.5 221.3 218.5 215.1 212 208.3 205.4 203.5 203.7 205.8 209.1 211.1
184 183.6 182.5 181.3 180.7 181.2 179.3 181.4 182.1 182.7 183.4 183.7 183.4 183.8 184.1 184.4 185.8 187.4 189.6 192.3 194.4 201.2 203.2 205.6 210 214.6 217 218.4 220.2 220.9 220.9 220.3 219.5 219.3 219.8 219.6 217.8 215.7 212.5 209.2 206.2 203.2 201 198.6 197.2 196.7 195.3 194.3 192.9 192.3 192.1 192.6 192.4 192.7 193.5 195.5 196.8 198.8 200.9 201.8 205.5 220.9 230.4 230.7 230.2 228.9 227.1 225.6 225.7 222.1 218.7 214.9 211 207.5 205.9 206.9 208.5 210.2 210.7
181.9 181.5 181.1 181.3 179 179.2 178.2 180.6 183.1 184.1 184.8 184.8 185.1 186 186.9 188.2 189.4 191.3 193.3 195.9 197.4 200.5 206 210.3 213 217.8 221.4 225.4 227.6 227.7 228 226.2 223.8 223.2 223.4 224.6 223.5 221.5 218.3 216.1 214.1 212.6 211.6 209.2 206.9 204.9 203.9 201.4 199.8 198.9 198.4 199 198.6 198.5 199.5 201.7 203.3 205.1 205.6 208.5 224.8 230.2 232.3 231.6 230.8 230.2 228.8 229.2 228 224.9 219.8 214.7 211.9 208.8 207.2 207.6 208.2 209.5 209.7
180.5 180 179.6 179.7 177.7 179.6 180.1 181.7 183.7 184.9 187.8 188 189 189.1 190.9 191.7 192.9 196.1 196.3 198.7 202.5 207.2 210.9 214 217.6 221.9 227.4 233.3 234.6 234.3 232.7 231 229.4 227.2 228 229 229.1 228.5 227.6 226.9 226.9 224.7 222.5 217.9 215.6 212.6 210.8 208.6 206.5 205.6 204.9 204.4 204.7 204.7 204.1 206 208.1 210.3 211.4 223.5 231.1 231.9 233.4 232.6 231.7 231.1 231.1 231.3 229 223.2 219 215.1 211.2 208.7 207.9 207.3 207.9 208.5 204
179.9 179.1 178.6 178 181.5 182.2 182.4 182.5 185.6 186.2 190.9 192.3 193.5 193.8 194.1 194.5 196.5 198 200 203.5 207.7 211.7 215.3 218.6 222.5 227.8 231.8 236.2 240 240.4 238.9 237.3 235.3 233.2 232.9 232.7 233.3 234.6 235.9 237.6 235.8 233.5 229.9 227.1 224.5 220.9 219 215.9 213.5 211.9 210.3 210.2 210.1 209 209 210.7 211.9 215 223.4 237.2 237.4 236.2 235.1 233.1 231.7 231 231.5 230.2 226.4 221.6 217.1 213.5 210 208.4 208.4 208.5 208.1 205.8 201.4
180 179.2 179.3 183 181.2 183 184.5 187.6 191.9 192.8 189.9 195.5 195.3 195.9 196.3 197.6 199.5 201 203.4 207.3 211 215.3 219.3 223.3 228.8 233.6 237.7 242.5 246.6 247.5 246.3 245.1 242.7 240.4 239.4 237.8 238.7 239.4 241.2 242.2 243.3 240.6 238.1 235.6 232.9 229.2 226.4 224.1 220.4 217.6 215.6 215.7 215.5 215.1 214.7 215.7 215.3 221.9 237 239.8 238.1 237.3 234.2 232.2 230.3 230.6 230.4 228.7 223.7 218.4 214.8 211.6 209.4 208.6 210.2 210.3 210 207.5 202.8
179.7 178.6 180.5 180.3 182.3 186.6 191.6 192.2 191.5 191.2 191.3 193.6 197.2 198.3 198.5 199.9 201.9 203.8 207.7 211.2 214.1 219.1 223.5 229.3 235.7 239.2 244.3 248.7 252.7 255.2 255.4 254.2 252.5 250 249.8 248.7 249.7 250.6 252.3 254.2 253.7 251.3 248.5 245.4 241.6 237.4 233.3 230.9 228 224.5 221.9 221.1 219.8 219.9 219.4 218.7 217.8 223.4 237.6 242.4 238.2 235.7 232.7 230.5 228.5 227.6 226.5 223.8 219.8 215.7 211.8 209.8 208.3 209.4 211.3 213.9 211.9 207.3 197.8
179.6 181 181.4 182.1 184.5 187.9 191.9 193.2 194.7 193.3 196.1 196.6 195.2 199.4 200.6 201.9 203.9 206.6 208.9 211.8 216.9 222.9 228.9 236.5 242 245.6 249.7 254 259.5 263 263.7 263.6 262.9 262.6 262.5 262.8 264.9 267.5 270.6 270 268.1 265.3 261 256.7 251.9 247.8 242.5 237.7 234.7 231.2 228.1 226.3 224.9 224.4 222.9 221.7 219.7 223 232.5 237.8 236.4 234.3 231.9 229.4 227.2 224.9 222.6 219.6 216.2 212.5 208.5 206.8 206.4 209.2 213.5 213.4 210 199.7 189.7
180.3 181.4 182.5 183 186.4 191 191.5 193.1 193.8 194.6 195.7 197.9 200.3 201 203.2 204.1 205.1 206.7 209.8 215.7 221.6 227.7 235.2 242.2 247 250.5 253.7 257.8 264.1 269.6 273.6 274.6 275.3 275.3 276.5 278 281.2 284.2 286.3 284.9 282.8 279.7 274.1 267.5 262 256.9 251.8 246.6 241.1 236.2 232.4 230 228.1 226.3 224.7 224 223.7 224.3 228.9 235.9 235.3 232.8 231 228.4 225.7 222.7 219.8 216.2 212.5 207.9 205.7 203.3 202.8 204.4 207 207.4 197.5 187.9 176.1
183.5 182.8 182.9 185.2 192.1 192.9 190.9 193 194.4 196.4 197.7 199.2 200.4 198.6 204.1 205.7 207 210.9 214.6 219.1 224.9 231.8 239.5 245.2 249.3 252.7 255.9 259.8 266.9 275.1 281.7 286 288.2 287.8 289.1 290.2 292.1 294.7 297 296.8 296.3 292 286.7 279 271.5 265.7 259.7 253.3 246.8 240.2 235.2 232.2 229.4 227.4 225.7 224.6 223.2 224.3 226.6 231.8 233.3 231.8 229 225.9 223 219.9 216.3 213.4 209.3 205.2 201.7 198 195.6 193.9 193.4 193.4 184.6 172.7 163.4
182.6 184.4 184.7 186.7 189.6 190.8 193.3 193.5 197.3 197.9 199.5 201.3 202 203 202.8 208.3 212.2 214.6 218 222.3 228.3 235.5 241.1 245 249.2 254.1 257.6 262.3 269.2 277.4 284.8 291.2 294.6 296.6 298.7 300.6 303.3 307 309.5 309.2 307.4 303.2 297.1 290.4 280.9 271.6 263.9 255.8 248.3 241.4 236.5 232.1 229.3 227.2 224.8 223.1 221.5 221.5 224.5 227.8 231 229.3 226.8 223.7 220.6 217.6 214.1 211.1 206.9 202.7 198.4 193.6 188.6 182.1 174.6 171.1 165.3 157.7 148.8
183 183.7 185.5 187.9 190 193.5 193.9 193.6 198.9 201.5 201.5 202.8 202.9 203.4 202.8 213.7 216.4 218 220.1 223.8 230.6 237.3 242.2 246.3 249.8 255.1 259.6 264.2 271.1 279.2 287 293.4 298.8 302.7 306 309.6 312.9 315.8 318 318.4 317.5 312.4 303.5 295.3 283.6 272.6 263.9 255.5 248 241 235.4 230.9 227.6 224.9 223.4 221.6 220.6 220.7 222.1 222.7 224 225.7 223.9 221.7 219 216.9 214.3 210.9 205.7 201.2 196.6 189.9 180.8 172.3 163.1 154.4 150 145.1 143
184.7 186.4 190.2 193.5 194.1 196.3 197.7 197.4 200.6 204.5 205.7 204.7 205.2 204.8 203.4 210.6 217.9 219.9 222.9 226.2 230.6 237.4 243.2 247.2 252 256.6 260.9 265.6 273 281 288.6 295.4 301.5 306.3 310.1 313.7 316.5 319.2 320.9 322.1 320.8 314.9 305.2 294.8 283 272.2 262.4 253.8 246.8 239.3 233.1 228.2 225 222.8 221.5 221 220.6 220.5 221.2 222 222.3 222.7 222.5 221 219.1 217.4 215 212.2 207.8 202.4 195.3 188.6 178.2 166.5 159.1 151.7 145 141.8 137.5
190.1 193.2 197 199.7 200.4 200.6 205.6 206.1 205.8 208.7 209.3 207.6 208.6 207.5 204.6 208.1 216.8 224.8 225.5 229.1 232.6 237.8 243.7 249.6 252.7 256.9 261.1 266 273.3 281.3 288.6 295.5 301.6 306.4 310 312.3 316.1 318.6 320.9 320.5 318 311.7 302.8 292.8 280.5 270.4 260.2 249.9 244.2 236.8 230.4 225.3 222.4 221.3 221 220.4 221.2 221.9 222.8 222.9 223.1 223.4 223.1 222.1 221 219.7 217.2 213.8 208.1 201.8 193.4 184.8 174.5 163 153.3 145.6 140.5 135.8 132.3
193.7 201.4 203.2 205.4 207.4 208.7 210.4 213.2 212.5 212.2 214 211.8 211.4 210.9 207.9 209 213.2 223.5 227 229.5 232.5 237.2 242.9 248.7 252.3 256.3 260.8 265.8 273.1 280.1 286.7 293.3 299.3 305.1 309.7 312.3 314 316.1 317.2 316.9 313.7 307.4 298.5 288.6 276.7 266 255.7 248.7 240.7 233.1 226.3 222.4 220.3 219.3 219.6 221 222.4 223 223.4 223.6 223.7 224.6 224.9 225.1 224.7 222.8 219.6 215.2 208.3 199.2 189.2 179.5 168.7 157.6 149.6 142.3 135.9 130.6 126.7
201.4 205.2 213.4 212.4 216.8 219 219.6 221 220.1 217.6 216.3 215.4 214 214.1 212.5 211.7 210.5 218.6 225.7 229.9 232.7 237.3 242.7 247.9 251.3 256.1 260.8 266 271.9 278.1 284.6 290.8 296.3 301.8 306.3 310.1 312.1 312.5 312.4 311.1 307.7 300.6 290.3 282.2 271.3 259.8 251.4 244.2 236.5 228.6 223.6 220.7 219 218.5 219.8 221.4 222.1 222.6 223.1 223.7 224.2 225.9 228.4 228.7 227.3 225.5 222.3 214.1 203.9 193.4 182.8 172.2 161.8 153.2 146 138.9 131.9 125.7 119.3
213.7 213.4 217.6 224.4 222.1 223.6 225.9 228.6 226 226.3 221.9 220.4 219.1 216.8 216.7 215.7 216.5 218.2 225.7 228.7 232.6 236.6 241.5 246.7 250.7 255.9 260.2 264.9 270 276.1 282.1 288.4 293.5 298.3 302.7 306.2 307.1 307.1 305.8 303.1 297.5 289.2 280.2 270.9 261.5 254.6 246.5 238.9 231.7 226.1 221.3 219.2 218.3 218.5 219.5 220.2 221.4 222.2 222.8 223 224.1 226.9 230.7 230.1 227.8 225.6 220.1 208.5 197.7 184.9 174.2 165.1 156.2 148.7 141.1 132.9 126.2 120.4 115.4
227.2 227 227.4 230.4 233.8 231.6 229.9 235.2 233 230 228.3 224.9 224.6 223.2 222 219.5 223.2 225.6 224.8 227 232.9 237.8 240.4 244.2 250.3 255.3 259.4 264.2 269.3 275 281 286.4 290.6 294.5 298.2 299.8 300.1 298.5 295.6 292.3 287 279.6 271.7 263.6 256.2 248.4 241.2 234.9 229.1 224.2 220.6 219 217.8 218.8 218.6 218.3 220.3 221.2 221.6 222.4 225.3 228.7 231 229.8 227.4 223.3 215.1 203 189.6 177.8 169 159.8 150.6 142.7 135.3 127.6 120.7 115.7 111.5
246.4 245.6 244.5 241.9 240.5 241.3 238.9 240.1 240.2 238.8 234.5 230.7 229.6 229.2 229 225.1 227.1 226.5 228 227.6 232.3 237.8 241.5 244.8 248.7 253.3 258.5 263.6 268.6 273.9 279.8 283.9 287 290 292.3 293.2 292.2 289.3 286 282.2 277 270.5 264.8 257.1 249.8 243.9 237.4 231.8 226.8 223 220.2 218.3 217.9 217.5 218.4 216.5 218.6 219.5 220.6 223.1 228 230.9 229.8 228.1 225.3 220.3 207.4 195.3 184.7 173.7 163.6 153.3 142.8 136.2 129.8 123 116.5 112.9 109.4
261.4 260 256.1 255.5 252.5 251.1 249.1 248.1 246.6 245.3 243 239 236.9 235.6 233.4 232.3 231 231.3 231.8 233.2 234.6 236 242.3 244.6 248.2 251.8 257.8 262.8 268.1 273 277.5 281.6 284 284.8 286.6 286.3 284 281.1 277.1 274.5 269.7 263.5 257.3 252.5 246 240.5 235.2 229.8 225.3 221.4 218.8 216.9 215.7 215.9 215.1 216 216.8 217.9 220.4 226.6 233.1 232.1 228.8 224.9 221.5 212.4 201.4 191 179.8 167 155.7 145.5 137.6 131.9 124.9 119.5 115.5 112.4 114.6
267.4 270.1 268.5 267.5 265.7 264.8 262.6 259.3 254.4 251.4 250.3 246.9 244.7 244.2 241 238.4 234.4 236.8 236.5 237.5 236.7 237.3 241.6 244.8 249.8 253.1 259.5 263.6 267.8 271.2 274.2 277.4 279.4 279.7 278.5 277.9 277.7 273.4 270.5 267.3 262.3 258.5 253.9 248.8 243.6 238.4 233.2 228.5 224 220 216.4 215.4 214.6 214.2 213.3 214.4 214.3 216.7 221.2 232.1 233.9 230.8 226.2 222.2 216.9 207.1 194.7 183.3 169.8 159 149.4 141.7 133.5 126.8 122.1 117.9 117.6 119.8 120.1
270.9 277.1 277.1 276.1 276.5 277.2 273.9 269.7 263.8 258.9 257.8 254.8 253.1 250.7 247.7 243.9 240.3 238.2 237.8 237.4 237.4 237.9 243 247.3 251.5 254 258.8 262.6 267.6 270.5 271.7 273.1 274.3 275 274.6 273.1 270.5 266.8 264 260 257.2 253.5 249.2 245.5 239.7 235.3 229.8 226.1 222 218.4 215.9 214.7 214.1 212.7 213.2 212.3 211.9 215.1 224.2 235.2 232.1 227.9 222.7 217.2 211.2 198.6 184.8 171.2 160.7 151.3 143.3 135.7 130.6 123.3 120.6 124.2 124.6 124.8 125.1
274.5 280.2 283.5 282.6 283.2 284 283 279.2 273.8 267.6 263.8 263 260.2 255.1 252.9 248.1 244.7 241.7 240.4 240.2 239.7 241.5 244.6 246.1 249.4 254.2 258.5 262.3 266 268.8 269.7 271.4 271.2 270.6 270.3 268.6 266.4 263.1 260.4 255.4 251.9 247.9 244.2 240.6 236 232 227.8 224.5 220.4 218.2 215.9 215.3 213.6 212.9 211.6 208.4 208.2 212.7 218.7 230.5 228.2 222.7 216.1 209.6 201.1 185 172.4 161.7 151.5 144.3 136.6 130.9 125.9 127.3 128.6 129.5 129.8 130.4 130.7
276.3 281.8 288.4 288.3 287.9 289.7 292 288.9 283.1 275.6 268.9 267.3 265.2 260.6 257.2 253.6 250.2 247.4 246.9 245.1 244.3 247.2 246.9 247.6 250.8 254.5 257.3 261.6 264.9 266.7 268 269 269.5 269.2 267.5 266.9 264.3 259.1 256 250.5 246 243.6 240 237.7 234.5 229.9 226.3 223.1 220.8 218.5 216.5 215.2 213 211.3 209.4 208.6 201.5 206 208.4 215.7 219.3 214.4 206 197.5 185.2 173 163.5 154.6 145.8 140.5 132.7 131.8 132.4 133.5 134.1 134.3 135.9 136.1 135
278.1 283.1 289.2 292.7 292.9 294.1 296.9 295.8 288.9 282.4 274.8 271.8 270.6 266.2 262.6 259.8 256.6 254 253 250.6 249.1 249 250.5 250.3 252.6 256 260.2 260.1 263.6 265 267.3 267.6 267.4 266.3 263.3 261.4 258.9 253.4 251.1 246.7 241.3 240.4 238 234.2 232.3 230.1 226.5 223.4 220.2 217.6 215.6 214.9 214.1 212.7 210.5 206.6 202.4 194.8 198.1 200 203.7 200.9 192.3 183.7 172.2 164.3 155.8 149.5 143.9 140.4 139.2 137.3 137.6 137.7 140.1 141.5 141.8 140.6 135.6
278.8 283.5 289.5 294 296.3 297.1 299.1 299.9 294.9 288.3 281.7 276.5 274.5 271.9 268.9 265.9 262.9 258.7 258.4 253.8 253.1 253.2 252.2 251.9 252.4 257.3 260.9 262.1 261.3 264.5 264.8 264.4 263.6 261.6 260.5 258.4 255.4 252.1 248.8 243.7 242.2 236.3 234.3 231.7 231.2 228.3 227.5 224.9 222.2 221.3 218 216 215.7 214.9 211.5 205.9 197.6 190 189.2 187.5 186.7 185.3 179 172.1 163.9 158.3 152 147.9 145 144 143 141.4 142.2 144.2 146.3 148 144.9 140.5 132.9
278 282.6 288.5 294.7 297.3 299 300.2 301.6 299 294 288.1 281.4 277.6 276 272.9 267.1 262.9 259.8 259.1 257.3 253.1 252.1 252.1 251.6 255.6 259.4 262.1 264 264 264.4 264.1 263 262.1 260.9 259.1 255.8 254.7 253.6 250.5 246.5 244.6 240.8 238.5 237 233.5 231.6 230.7 228.1 226 223.1 225 223.4 219.9 215.6 209.6 202.3 193.6 186.8 177 179 178.8 174.8 170.3 164.3 159.3 155.9 153.8 152.3 149.6 148.5 146.6 147.5 150.2 154 153.1 149.3 143.5 136.1 129.1
277.1 281.7 288.4 294.7 298.1 299.4 300.1 302.1 302.4 296.7 290.6 284.4 279.5 277 274.7 269.3 263.6 260.2 256.7 255 252.9 251.8 251.4 253.7 258 260.1 261 263.2 264.6 263.5 263.5 263.2 262.2 260.3 259.5 257.8 257.1 256.4 256.9 255.2 252.3 248.1 243.4 239.5 239.3 237 235.8 234.3 232.5 230.2 229.4 225.6 220.1 213.3 206 197.6 188.9 181.2 176.9 171.9 172.3 170.3 166.7 160.6 162.5 160.6 158.2 156.6 155.2 152.2 152 155.4 158.6 157.1 153.6 147.6 139.8 132.2 124.8
276.2 281.5 287.6 293.6 296.1 297.7 299.2 301.2 300.8 295.4 289.6 285.8 281.5 279.4 275.5 269.5 263.8 261.4 256.3 254.2 252.4 252 252.6 255 257 258.8 260.3 261.7 262.7 264.1 264.3 263 262.1 262.3 262.4 263.8 268.8 268.1 264.5 262.2 258.7 254.3 248.8 245.8 248.1 249.3 247.4 244.4 239.7 232.4 227.5 222.1 217 208.7 201.3 192.4 184.7 179.9 175.9 173.2 168.9 167.2 167.1 166.7 164.3 162.9 160 159.1 157.5 156.9 159.7 163.7 160.6 155.2 149.3 142.6 135.5 128 120
273.5 279.3 286.3 291.9 294.9 296.7 298.3 300.5 300.8 296.6 291.9 287.9 283.4 280.3 276.2 269 265 259.8 257.4 255 253 252.2 252.2 253.9 255.7 258.2 259 261.6 263.1 262.8 262.6 262.8 262.7 264.5 271 275.4 276.2 275.2 271.1 266.5 262.1 259.9 262.7 262.6 262 257.3 253.9 249.7 245 237.2 229 220.2 211.8 203.2 197.1 191.6 184.8 178.9 174.9 174 172.4 170.7 169.6 168.6 169 167.5 164.6 161.2 160.5 164.5 165.7 163.2 157.9 150.8 143 135.3 127.6 120.4 112.6
