WholeMapElevations/data/no/no26_OST50GRID_20230518/NO26.asc
ncols 200
nrows 200
xllcorner 320000
yllcorner 760000
cellsize 50
[rows 140 to 174 of 200, columns 78 to 155 of 200]
367.1 381.6 396.1 410.9 427.6 443.5 454.6 464.5 474.3 481.1 484.2 473.6 460.6 444.8 426.9 408.3 392.8 375.2 355.7 336.7 323.9 313.8 305.3 303.2 302.5 302 303.1 313.1 321.9 325.2 338 353.2 367.1 377.2 383.7 388.2 387.9 382.3 374.1 367.1 360.1 349.5 343.5 339.4 335.5 332.7 331.3 331.7 332.8 332 329.9 324.8 320.2 315.5 316.2 329.4 339.1 351.3 368.7 382 396.7 411.9 424.4 434.6 443.2 457.8 467.5 473.6 478.1 481.5 484.7 485.6 485.8 485.4 484 480.7 478.7 478.9
375.5 390.3 404.7 419.2 434.3 449 461.5 473 483.5 490.1 490.1 482.2 470.2 458.8 441.8 421.4 404.2 388.4 366.9 345.8 331.3 319.4 309.6 302.2 300.9 301.1 301.6 309.6 317.4 320.9 332.1 344.8 359.1 369.6 376 378.1 376.5 368.9 360.2 350.7 342.7 335.8 331.5 327.6 325.4 322.2 321.6 320.7 320.5 321.1 318.9 313.1 313.9 315.4 327.9 341.3 353.1 364.5 373.6 389.9 404.3 419.2 433.3 445.4 456.9 467.1 474.6 479.1 480.4 481.1 483.3 483.1 481.1 477.5 473.1 470.3 469.5 470
385.2 401.2 413.1 426.4 440.7 454.7 468.5 481.5 492.5 495.9 493.8 487.3 478.5 467.2 454.1 434.6 418 400 377.8 355.8 339.3 326.3 316.1 306.7 301.3 300.7 300.5 305.6 315 319.2 326.1 336.3 350.7 361.4 368.3 368.7 364.1 356.5 347.4 338.9 330.9 325.2 320.9 319.3 308.6 308.1 309.4 310.3 311.5 312.3 312.2 313.6 322.1 331.7 342.6 354.3 366.6 374.7 387 400.6 413.3 428.4 441.4 456.5 466.1 475.5 480.5 483.3 483 482 480.2 477.2 473 468 463.3 458.4 456.9 457.4
397.6 411.9 424.6 436 446.6 458.7 475 488.9 499.5 501 497.5 490.8 483 472 460.8 445.4 430.4 413.2 388.5 365.1 348.1 334.5 320.9 311.5 303.9 300.9 300 299.9 310 316.9 318.4 327.9 341.5 351.5 358.6 358.3 353 343.7 334 327.1 322.3 318 313.1 306.8 307.6 309.5 310.1 309.6 311.3 311.4 319.4 326.3 338 348.5 359.2 369.1 374.3 389.5 399.5 410.1 423.4 437.5 450.4 462.3 472.8 480.9 484.7 486.2 484.3 481.6 475.8 467.3 465.7 460.3 454.4 447.5 442.7 443.7
406 419.6 431.3 441.5 451 461 478.1 492.4 501.1 503.8 500.4 493.9 486.3 475.3 463 452.9 439.8 423.7 397.8 374.5 356.9 341.7 326.7 315.5 307.7 300.1 299.3 298.7 303.8 307.4 314 320.8 331.9 342.6 348.5 344.6 337 332.1 323.5 319.9 315.8 308 305.9 306.4 307.9 316.7 322.1 324.4 328 331.9 337 343.8 353.5 364.7 371.1 381 393.4 404.8 414 423.2 434.2 447.1 458.6 469.9 478 483.9 488.2 489.6 486.6 481.5 475.6 468.9 459.6 448.6 445.2 437.6 429.4 427.9
411.8 426 436.9 447.1 456.1 465.3 479.2 494 501.5 503.7 501.4 495.8 486.3 476.7 466.5 455.8 444.9 429 405.7 385.3 366.9 348.6 331.3 319.2 311 302.4 299.9 298.5 298.4 302.6 308.6 316.1 325.2 332.8 336.2 332.8 326.6 324.1 317.7 313.5 303.8 304.6 305.2 309.4 320.2 328.1 334.8 339.5 346.1 349.7 354.1 359.2 365.4 369.9 386.5 399.6 409 418.7 427.4 436 445.9 456.8 466.9 478 481.3 485.3 489.8 490 487.2 481.6 472.7 466.5 457.8 446.3 433.9 424.8 417 417
418.1 431.1 442.2 452.1 462.1 474.1 487 497 503.4 504.1 501.3 494.1 484.4 476.4 463.8 451.6 442.9 429.9 411.4 392.8 374.9 355.8 337 323 313.8 306.5 300.2 297.6 297.6 299.3 304.4 311.1 319.7 324.7 326.7 323.4 319.5 314.8 311.1 302.4 303.8 306.1 311.6 319.5 329.7 339.2 347.1 354.4 361.9 366.3 367.2 367.7 380.1 391.8 403 412.5 421.6 430.1 438.8 448.6 457.5 466.3 475.6 481.3 485.9 487.9 491.1 489.7 486.2 475.5 470 462.9 453.9 444 429.9 416 408.2 405.6
425.1 436.3 446.1 456.2 467.9 486.1 498.2 503.3 505.3 504.3 499.1 491.3 480.8 470.7 457 445.8 437.1 426.1 411 396.2 379.6 362.1 342.2 326.9 316.2 308.2 301.2 295.7 296.9 296.9 301.3 308.5 315.1 319 319.7 315.6 311.2 308.1 304.4 302.3 302.8 310.1 321.6 330.9 340.7 348.6 355.8 365.9 371 375.4 384.9 391.8 399.1 407.8 416.7 425.7 434.4 442.9 453.4 462.2 470.2 475.9 480.2 485 489.3 490.8 490.4 485.7 479.1 472.8 466.2 458.8 450.7 440.4 426.8 410.5 399.4 396.2
429.9 440.6 449.9 461.1 481.4 496.8 506.2 508.9 507 503.2 496.4 486.5 475.7 461.3 448.9 438.1 429.5 420.4 409.4 396.3 382.7 366 348.4 332.9 318.4 310.7 305.8 297 296.3 296.6 298 306.2 312.3 315.3 314.7 310.5 305.7 301.7 301.5 301.7 306.4 319.3 333.1 343.2 351.1 360.2 370.2 379.3 388.3 393.1 400 408.4 416.7 424 431.2 439.7 448.1 456.9 465.9 474.4 479.7 483.2 486.7 490.5 491.9 491 487.5 480.2 473.8 467.4 461 453.7 446.7 438.2 426.1 405.2 394.9 387
433.2 443.8 455.9 471.9 489.2 503.9 511.3 512 507.2 502.1 494 482.9 470.9 452 440.6 430.1 420.1 414 405.3 394.3 382.2 370.1 355.8 336.3 321.1 312.2 308.3 301.1 294.7 294.7 294.7 301.8 310.8 312 310.6 305 300 300.5 300.4 301.9 316.9 331.3 343.1 353.7 361.9 370.3 378.8 390.5 399 406 413.2 421.8 430 437.7 446 454.1 461.8 470.3 478.2 483.7 487.7 493.2 493.6 492.4 490.3 486.8 481.2 473.8 467.2 461.3 455.2 449.2 443.5 435.8 424 404.2 390 381.8
437 448.3 461.8 479.3 494.2 506.6 513.9 512.1 505.4 497.5 490 478.6 462.6 444.7 431.6 421.3 412.7 405.8 398.9 390.6 382 371.8 358.3 340.8 326 314.1 309.1 303.1 294.7 294.7 294.7 297.4 306.3 305.6 305.7 299.4 299.4 299.3 304.7 313.8 327.9 342.5 353.5 364.2 371.1 378.7 389.8 399.7 409.1 417.8 426.2 435.3 444.5 451.8 459 467.6 474.7 481.1 487.5 492.1 496.9 497.4 494.6 490.9 484.4 478.9 473.5 466.4 459.8 454.4 450.5 445.4 439.7 432.7 423 406.6 387.6 378.5
440.5 452.7 467.3 485 499 511.1 515.3 511.8 503 492.7 484 473.3 454.8 434.7 423.2 411.9 402.7 396.8 391.9 386.1 378.5 370.3 357.6 344.7 331.7 318.3 310.5 304.9 294.7 294.7 294.7 295.5 301.3 304.5 299.2 297.3 300.2 305.2 310.4 325.9 338.7 350.4 363.7 371.7 379.5 389.8 399.7 409.1 419.4 429 437.9 447.5 455.5 463.2 470.4 477.3 483.9 489.6 493.7 497.7 499.1 496.7 492.4 486.9 479.2 471.4 464.1 457.4 450.8 447.2 443.5 438.7 434.3 427.7 420.1 409.4 390.2 374.8
441.2 461.2 477.5 490.5 503.2 514.3 515.2 510.7 501.4 490 479.4 463.7 444.7 427.1 414.2 402 393.1 389.2 384.7 379 372.2 365.8 357 347.3 335.9 324.9 312.6 306.6 297.9 294.7 294.7 294.7 299.9 301.7 296.2 297.2 301.7 307.4 318.2 332.4 345.4 358.6 370 380 389.8 399 408.7 417.4 427.8 438.1 447.3 456.7 464.8 472.2 480.6 485.4 491 495.8 499.2 500.4 498.5 493.9 488.3 481.6 473.3 462.4 452.8 443.8 439.2 436.3 433.1 429.7 426 420 414.2 404.5 391.2 373.5
445 467.2 485.4 496.2 504.7 512.9 515.8 508.5 498.9 487.2 474.4 450.8 434.3 418.7 405 393 385.5 381.2 375.4 370 365.3 362.6 356.4 349.4 340 329.4 317.4 306.7 299.5 294.7 294.7 294.7 294.7 296.2 296.1 296.6 304 310 324.6 337.3 352.2 364.1 374.8 386.9 395.2 405.1 415.4 425.2 435.3 445.4 454.3 463.4 471.2 478.9 486.3 491.8 496.1 500.5 501.8 501.1 497.5 490.4 485.3 474.9 461.9 448.6 436 427.8 423.5 419.8 418.9 418.3 415.4 409.2 404.2 396.9 387.3 372.7
443.5 469.9 485.8 497.9 505.4 509.2 513.5 504.4 493.1 481.8 462.8 439.5 424.9 410 396.4 386.3 378.5 370.9 364.1 361.5 359.7 358.8 356 350.3 342.4 333.4 318.1 307.4 297.9 294.7 294.7 294.7 294.7 295 296.7 298.3 306.4 313.1 328.3 342.7 358.3 368.3 378.5 388.8 396.7 407.3 418.2 430.2 441.1 451.1 458.7 466.7 474.8 484.8 490.7 495.6 499.6 501.9 501.9 499.9 496.5 489.8 481.1 468.5 453.2 435.5 422.7 409.3 403.8 401 401.9 404 401.5 399.7 392.4 386.8 380.3 369.2
440.5 461.4 481.2 493.1 501.4 504.7 505.9 498.2 486.6 475.3 445.8 429.3 413.8 400.7 388.2 377.6 371.1 364.9 359 355.8 355.2 354.8 354.2 349.3 344.3 335.7 322.3 310.9 294.7 294.7 294.7 294.7 294.7 294.7 294.7 302.5 309 317.1 331.8 347.7 359.5 369.8 380.2 389.5 399 408.6 419.1 431.2 443.1 452.4 461.3 468 477.1 486.5 493.6 498.4 501.5 502.2 500.2 498.3 496.1 489.1 478.4 465 447.3 425.4 414 402.5 392.2 386.4 382.9 382.5 385.5 385.7 382.7 379.1 373.4 364.9
434 454 471.9 485.1 494.5 498.6 497.5 491.1 480 466.2 438.1 420.6 405.6 391.7 380.4 370.5 365.4 358.5 351.7 348.6 349.2 348.5 349.1 348.4 345.2 336 324.7 313.1 297.1 294.7 294.7 300 294.6 294.7 297.3 303.6 311.3 322.6 336.6 351.5 361.9 370.7 381.1 388.3 397.6 407.3 417.4 429.2 440.8 450.5 459.9 467.1 477 486 493.1 497.6 499.9 501.3 500.2 498.6 495.2 487.6 477.9 465.4 447.7 426.6 409.1 396.5 385.1 375.3 371.2 367.4 367.3 371.5 372.6 370.2 365.5 358.5
425.8 445.4 462.7 477.4 487.9 492.6 490.4 484.4 473.1 453.6 430.9 412.5 397.7 386.8 372.3 364.5 358 349.9 344.2 341.8 342.8 343.6 343.1 342.2 340.1 333.2 323.2 312.8 300.6 294.7 294.7 304.3 311 302.1 299.7 304.9 314.4 326.1 341.6 352.9 362.2 369.5 377.6 387.5 392.7 402.7 412.7 424.1 436.1 446.2 456.7 465.5 473.7 482.6 489.4 494.3 496.9 498.6 498.6 496.3 491.8 485.9 477.3 466.9 453.2 434 414.8 398.5 385.3 373.6 362.6 359 357.3 356.9 361 362.3 358.5 352.7
419.1 438.3 457.3 471.8 481.6 485.8 483.7 476.8 465.5 443.8 423 405.2 392.2 381.2 370.7 360.7 352.2 344.4 338.6 335.5 335.1 335.3 336.9 336.7 336.2 330.2 321.5 311.5 302.7 294.7 294.7 294.7 294.7 300.3 300.2 306.4 317.3 330.5 343.9 354 362.2 367.5 376.3 385.5 390.1 396.8 405.8 417.7 430.5 440.1 449.3 459.4 468.3 476.9 484.5 490.8 494 495 494.8 492.7 489 483.4 476.1 467.4 456.4 443.3 425.9 409.3 395 380.8 367.7 354 349.6 348.9 348.9 351.5 350.5 346.3
414 431.2 451 466.7 475.7 479.4 477.4 470.1 457.5 435.3 416.2 399 388 378.8 368.5 357.6 347.9 338.6 330.7 327.9 328.4 327.5 330.4 331.4 333.1 325.8 319.2 311.6 303.9 294.7 294.7 294.7 294.7 294.7 302.3 307.9 319 332.9 342.7 352.1 360.6 365.6 370.7 378.1 385.1 390 399.9 408.9 421.2 432.3 441.2 450.3 460.9 470.2 478.2 484.5 488.9 489.8 489.2 487.8 485 480 473.6 465.7 457 447.7 435.7 420.7 405.5 391.3 377.9 364.6 353 339.5 340.1 340.7 341.5 338.5
406 426.7 446.2 461.2 469.8 473.7 473.1 466.2 452.3 430.4 411 397.1 387 377.7 365.9 352 341.9 330.5 322.9 319.8 319.9 321.4 322.2 323.8 328.4 324.6 318.7 311.4 303.6 295 294.7 294.7 294.7 294.7 305.2 310.3 322 331.1 340.7 349.1 358 363.6 366.6 371.6 378.3 382.9 390.5 400 410.2 422 432.9 440.9 450.4 461.2 469.4 475.4 480.9 483.3 483.3 482.6 479.9 475.3 469.3 462.7 455.4 447.4 438.2 427.7 416.3 402.6 388.2 375.2 363 347.5 335.3 332.1 333.7 330
402.2 421.2 441.8 455.8 462.7 468.4 470.6 463.1 450.4 433.6 414.2 399.9 387.5 377.5 365.5 351.3 337.2 327.3 317.7 311.1 312 316.3 317 317.7 319.4 320.8 318.6 309.2 302.6 294.7 294.7 294.7 294.7 294.7 303.8 310.4 319.7 330 338.7 346.7 353.7 358.8 362.3 365.8 369.9 374.4 380 391.5 400.1 411.2 421.7 431.6 438.5 447.9 457.5 465.1 470.8 475.1 476.8 476.5 474 469.6 463.6 457.3 451 444.1 437.1 429.4 420.5 410.8 398.5 383.4 370 355.4 341.4 331.9 323.7 323.6
398.2 412.9 437.3 449.7 457.5 463.9 467 460.8 452.5 439.4 424.5 406.2 392.2 378.5 366.3 353.6 338.5 326.5 315.4 305.8 306.3 310.2 312 313.4 313.8 315.2 313.7 306.5 300 294.7 294.7 294.7 294.7 294.7 302.7 309.4 317.2 326.8 335.6 342.7 348.9 354.1 358.2 361.8 365 369.2 373.5 383.1 392.3 400.8 408.5 418 426.4 437.3 445.8 452.3 459.7 466.4 469.5 469.8 467.6 463.2 457 451.1 445.2 440.1 435 429.3 421.9 413.7 403.4 389.7 375.2 360.7 347.2 335.2 326.5 319
391.2 407.2 427.9 443.7 453.9 462.4 467.2 465.9 461.5 445.3 432.1 414 396 379.9 366.3 355 340.5 325.7 314.6 306.1 300 304.2 307.4 306.8 308.9 308.9 308.6 303.8 297.3 294.7 294.7 294.7 294.7 294.6 300.8 308 316.3 324.3 332 338.7 344.2 348.9 353.1 357.3 361.1 364.4 368.4 373.9 384.8 391.8 397.3 403.7 413.1 421.3 429.2 437.2 448.7 457.8 462.1 462.4 459.8 455.3 449.8 443.2 438.8 435.3 432.1 428.3 422.2 415 405 392.5 378.6 363 348.6 338.5 329.7 321.7
383.8 401.8 419.2 437.7 449.6 460.8 468 471.1 468.4 454.3 438.6 424.1 403.8 382.1 365.8 354.9 342.3 327.1 315.5 305.4 296.7 296.9 299.4 300.3 302.8 303.6 303 300.7 295.5 294.7 294.7 294.7 294.7 294.7 297 306 315.8 322.9 328.7 334.8 339.9 343.5 346.9 351.5 355.7 359.4 364.3 369.1 377.4 385.4 391.1 396.6 403.2 410.7 417.2 426 439.9 450.2 454.7 454.2 451.5 446.8 441.3 435 431.3 430 429.1 426.2 422.5 415.5 406.8 393.5 382.4 372.2 361.6 346.3 335.1 325.5
376.9 395.3 412.4 431 445.6 457.6 466.3 474 472.1 457.3 442.6 429.1 408.6 385.5 364.7 354 339.9 329.5 317 306.4 296.7 294.7 294.7 294.7 297.4 296.2 296.9 297.3 294.7 294.7 294.7 294.7 294.7 294.7 295.8 302.9 313.1 321.3 326.6 331.1 335.3 338.7 342.3 346.5 350.4 354.5 361.1 365.3 370.9 378.4 384.2 390 398.3 405.7 413.3 423.7 436.6 443.5 447.1 447 444.1 439.6 433.3 426.4 424.4 424.5 425.9 425.8 423.9 418.8 411.8 402.9 393.3 384.6 371.7 355.3 341.3 331.6
371.5 388.3 408.9 425.1 440.1 452.9 460.9 470.2 468.4 456.1 442.5 431.9 409.1 385.9 364.4 353.4 338.9 327.1 315.4 306.1 296.3 294.7 294.7 294.7 294.7 294.7 294.7 294.7 294.7 294.7 294.7 294.7 294.7 294.7 294.7 307 309.3 315.8 321.2 326.8 331 333 338.2 342.2 346 350.1 356.4 361.4 366 371.9 377.9 384.5 391.5 399.9 409.7 421.9 433.1 438.9 438.5 436.6 436.3 431.5 424.4 418.3 417 419.3 423.3 426 424.5 422.1 417.6 412.3 406 397.9 379.7 365.9 351.2 336.9
367.4 383.2 403.6 420.7 434 446.9 454.1 460.6 459.1 449.6 440.3 428.6 407.2 385.2 364.2 353.4 339.1 326 315.8 306.8 296.6 294.7 294.7 294.7 294.7 294.7 294.7 294.7 294.7 294.7 294.7 294.7 294.7 294.7 294.7 297.4 301.5 305.1 309.6 317.2 318.3 322.6 331.7 336.9 341.9 345.7 352.9 357.7 362.8 368.6 374.7 381 387.8 396.6 406.7 418 427.5 432.1 433.1 429.7 424.7 418.5 415 409.8 410 414.3 420.1 425.2 426.7 424.6 421.8 418.6 414.3 404.9 388.1 374.8 359.2 342.6
365.1 381.5 400.9 418.1 430.1 440.2 447.4 450.7 448.7 443.5 436.8 422.4 402 383 364.1 352.8 338.6 326 316 305.9 296.2 294.7 294.7 294.7 294.7 294.7 294.7 294.7 294.7 294.7 294.7 294.7 294.7 294.7 298.2 302.8 305.5 308.2 319.8 322 325.1 329.7 333.9 337.9 343.2 349.1 351.9 356.5 361.8 366.9 372.8 378.4 386.5 393.9 404.3 410.7 419.5 423.4 424.6 422.2 418.3 410.4 402.1 400.4 400.6 409.1 417.6 425 428 427.2 425 422.3 418.8 407.3 394.5 380.2 365.8 349.4
366.1 381 397.6 414.3 427 436.3 443.8 444.8 442.4 437.3 430.3 416.8 398.1 380.3 362.4 349.6 340 326.2 314.8 305.6 295.1 294.7 294.7 294.7 294.7 294.7 294.7 294.7 294.7 294.7 294.7 294.7 294.7 297.9 302.5 309 312.5 319.8 325.5 331 333.1 335.5 337.7 342.1 346.1 349.5 353.3 357.1 361.9 367.6 372.1 376.8 385.5 393 399.7 404.6 409.4 415 414.9 413.3 409.4 400.7 384.5 382.8 394.5 404.7 416.5 424.2 427.8 427.6 425.4 420 414.3 405 395.2 384 368.1 352.6
369.6 384.3 398.4 413.8 425.4 434.7 440 440.1 437.5 430.5 422.1 407.6 392.7 375.6 357.9 348.4 339.1 327.1 313.8 304.3 295 294.7 294.7 294.7 294.7 294.7 294.7 294.7 294.7 294.7 294.7 294.7 298.6 304.8 311.1 315.4 320.5 323.9 328.5 333.9 337 338.7 341.7 344.9 348.7 352 355.1 358.3 362.5 367.3 372.4 376.8 384.9 390.6 394.8 397.3 397.8 405.6 406.3 403.4 398.9 391.7 378.5 370 392.7 405 415.6 422.7 427.1 427.5 423.1 416.1 410.1 401.2 390.7 381.6 367.1 352.8
373.6 388.1 404 417.2 427 432.6 435.6 433.6 430 422.2 413.2 400.4 385.4 369.3 353.7 345.5 336.5 325 314.9 304.1 294.7 294.7 294.7 294.7 294.7 294.7 294.7 294.7 294.7 294.7 294.9 300.1 305.4 311.2 315.3 318.7 323.5 326.7 330.7 335.9 339.5 341.9 344.9 348.5 352.6 356 357.9 361.1 364.9 369.5 373.2 375.6 381.6 387.7 391.7 391.3 388.8 389 394.3 392 387.2 380.9 370 363.1 384.3 399.8 410.8 419.4 425.1 426 416.4 411.3 405.2 397 388.4 374.8 362.3 347.3
384.9 397.9 410.9 422.1 428.6 431.9 431.5 428.1 423.5 414.9 404.5 391.9 377.7 363.6 350.2 340.4 332.3 322.4 313.5 304.5 294.7 294.7 294.7 294.7 294.7 294.7 294.7 294.7 294.7 294.7 298.1 302.7 308.2 313.8 319.5 325.3 327.7 331.6 334.6 339 344 347.7 352.1 357.2 360.8 362.5 364 366.1 365.7 368.9 372.5 373.2 373.5 381 386.6 385.9 379.1 369.6 366.2 373.7 372.8 359.2 344.6 351.9 371.1 377.5 397.7 412.6 418 415.9 410.4 403.1 395.5 387.6 381.5 369.3 355.9 344.7
396 407.8 419 427.5 433 434.7 429.8 423.2 416.5 405.7 394.4 382.2 369.3 357 345.4 336 328.4 319.2 310.6 304.2 296.4 294.7 294.7 294.7 294.7 294.7 294.7 294.7 294.7 295.1 300.3 305.6 310.8 317.1 323.4 329.3 333.2 339.4 343.6 347.7 352.8 358.2 363.8 367.5 369.1 369.7 371.5 371.9 371.5 366.9 368.7 371.1 368.6 369.2 377.6 378.2 365.8 356.5 357.7 349.7 352.9 339.3 331.9 332.6 339.7 345.6 366.5 388 406.2 408.3 401.7 392.3 383.6 377.7 367.3 358.8 350.6 338.7
404.7 416.3 426.8 434.2 437.7 436.9 430.1 422.4 411.1 395.4 386.6 375.7 361.7 354 343.3 333.3 325.8 317.1 310.2 303.1 295 294.7 294.7 294.7 294.7 294.7 294.7 294.7 294.7 295.5 301.9 307.2 313.6 322.3 329.9 338.1 345.1 350.8 355.8 360.3 366.6 371.8 374.3 375.8 376.7 378.1 378.8 377.9 374.9 371.9 364.6 360.1 363.4 362.4 367 365.8 351.3 361.8 357.9 354.3 335 327.3 327.7 329.1 328.6 325.2 332.6 355.1 369.1 388.5 394.1 381.7 368 358.4 350 342.5 337.3 331
