WholeMapElevations/data/ss/ss88_OST50GRID_20230518/SS88.asc
ncols 200
nrows 200
xllcorner 280000
yllcorner 180000
cellsize 50
[rows 148 to 184 of 200, columns 83 to 165 of 200]
104.2 107.8 110.6 112.1 115.3 116.9 118.6 120.4 120.4 120.3 119.1 118.2 118.5 119.1 119.5 119.9 120.3 120.8 120.9 120.7 121.1 121.8 122 121.7 121.1 120.8 120.4 120.4 119.9 119.4 120.1 120.7 120.5 120.6 121.2 122.1 122.9 123.2 123 123.5 123.3 123.2 122.8 122.8 122.8 122.9 122.6 122.8 122.5 122.5 122.7 122.8 122.9 123.4 123.8 123.8 123.9 124 124.2 124.2 123.3 122.3 120.9 119.8 119.2 118.6 118.8 118 117.5 117.4 117.6 118.5 118.9 117.6 117.1 113.1 112.9 113.9 116.4 115.5 114.4 113.7 115.5
98.5 102.5 104.4 105.3 108.5 111 112.6 114.7 115.2 114.9 114.7 114.3 114.9 115.5 116.6 117.2 117.6 118 118.2 118.4 118.9 119.6 119.8 119.6 119.2 118.6 117.9 117.3 117.4 117.4 117.6 118 117.9 117.8 118.5 119.5 120.3 120.4 120.6 120.5 120.4 119.8 119.2 119 119.1 119.2 119.1 119.2 119.1 118.7 118.9 119.2 119 118.8 119.4 119.3 119.1 119.2 118.5 119.1 118.4 118.3 118.5 118.2 117.8 117.4 117.5 116.3 111.5 115.6 115.9 115.2 112.8 113 114.1 114.8 114.5 114.9 114.8 113.8 112.6 111.4 110.1
91.9 95.2 98.3 100.4 102.4 104.6 106.7 108.6 109 109.5 109.4 109.8 110.8 112.2 113.5 114.8 115.1 115.6 116.1 116.3 116.9 117.5 117.5 117.4 117.2 116.6 115.6 114.9 115.2 115.6 115.2 114.7 115.3 115.5 116.3 117 117.6 118.1 118 117.9 117.8 117.3 116.8 116.4 116.2 116.4 116.6 116.9 116.6 116.2 115.6 115.7 115.3 115.3 115.3 115.3 115.3 116 115.9 115.9 116.2 116.2 116.4 116.4 116.2 115.2 114.6 114 106.3 113.1 111.8 112.3 112.9 112.5 112.7 112.4 111.6 111.2 111.2 110.6 109.5 107.8 105
87.5 91.4 94.1 95.1 96.8 98.7 100.4 101.5 102 102 102.5 103.6 105.7 107.9 109.7 111.4 112.8 113.3 113.8 114.2 114.8 115.4 115.4 115.5 115.3 114.2 113.2 112.1 113.1 113.2 113 112.8 112.9 113.3 114 114.6 115.3 115.5 115.4 115.3 115.2 114.9 114.4 114 113.6 113.5 113.7 113.9 114.1 113.5 112.7 112 112 112 112.1 112.1 112.3 112.8 113.2 113.5 113.9 113.7 114.5 113.9 113.2 112.3 111.9 110.6 105.3 109.4 109.5 110.1 109.9 109.3 108.9 108 107 106.2 105.7 105.5 104.5 102.9 100.7
83.5 87.4 89.9 89.1 89.6 90.6 91.3 91.8 92.5 92.2 93.7 97 100.8 103.5 105.2 106.7 107.8 108.8 109.9 110.9 111.3 111.6 111.9 112 111.7 111.1 110.7 109.9 110.8 110.8 110.5 110.2 110.6 110.9 111.5 112.1 112.6 112.8 112.7 112.7 112.6 112.4 112 111.7 111.2 110.7 110.6 110.5 110 109.5 108.3 108.3 108.3 107.7 108.6 109 109.2 109.7 110.4 110.5 110.8 111 110.7 110.1 109.5 107 107.5 106.8 105.3 106.3 106.2 107.3 106.6 105.4 104.4 103.4 102.1 100.5 99.6 98.5 98 96.8 95.1
78.3 82.4 84.6 83.1 80.7 80.7 81.5 83.5 83.7 84.4 88.3 91.8 94.6 97.6 99.5 101 102.6 104 105.1 106 106.4 106.4 106.5 106.9 107.8 107.4 107 106.8 107.9 108.3 107.9 107.8 107.5 108.8 109.4 109.5 109.9 110.1 110.1 110.1 110 109.9 109.6 109.3 108.5 108 107.1 107.1 105.8 104.8 104.5 104.5 103.9 103.7 104.3 103.6 104.7 105.8 105.9 106.9 107.2 107.2 105.7 103.8 104.8 104.7 104.6 104.4 104.3 103.8 103.5 103 101.9 100.7 99.7 98.6 97.2 95.3 92.5 91.5 91.1 90.1 88.4
73.3 77.4 79.4 79.9 75.5 74.1 73.3 74.2 75.1 77.1 81.3 84.3 86.6 90 92.3 94.1 96.6 98.6 100 100 100.1 100.2 100.4 101.2 102.3 103.3 103.2 103.3 105 105.7 105.5 103.9 104.6 105.8 106 106 106.3 106.8 107.3 107.4 107.3 107.3 107.1 106.4 105.7 104.8 103.8 102.4 101.2 100.2 100.5 99.8 99.4 99.3 99.4 99.3 100.2 101.9 102.6 103.3 103.9 101.1 101.2 102 101.9 101.3 101.1 101.1 101.3 100.6 99.9 98.7 98.2 97.2 95.6 94 92.6 89.9 87.2 84.8 85.2 84.7 83.4
69.3 73.6 75.4 75 72 69.8 69.4 69.7 70.7 71.6 73.9 76.1 78.7 82.5 84.9 87.6 90.3 93 93.5 93.5 93.8 93.9 93.9 94.7 95.6 96.7 98.4 99.5 101.2 101.1 101.6 99.5 101.1 102.3 102.6 102.6 102.8 103.5 104.1 104.3 104.4 103.8 103.1 103.2 101.8 99.9 99.8 96.5 95.7 94.9 94.6 94.4 93.2 93.1 94.2 95.7 95.8 97.6 99.2 98.8 97.1 98.5 98.9 98.7 98.5 98 97.6 97.9 97.9 97.6 96.3 95.2 94.7 92.9 91 89.4 87.7 85.4 83 80.5 81 81 78.1
67.3 68.9 70 70.1 68.8 67.5 67.9 68.2 68 68.1 69 70.9 72.4 75.2 78.1 81 83.8 85.9 86.2 87.1 87.8 88.3 88.7 88.8 91 92.1 93.5 96.1 97.5 98.7 98.8 95.8 97.2 98.9 98.7 98.1 99 100.1 101 101.7 101.9 102.1 101.5 101.6 100.6 97.8 94.3 93.7 90.1 89.6 89.1 87.9 87.3 87.5 89.2 91.5 92.1 94.1 92.4 94.2 95.2 95.7 95.7 95.6 95.5 95.2 94.7 95 95.4 94.6 92.9 91.7 90.5 88.2 86.7 85.6 84.5 82.8 80.4 77.1 76.8 77.1 73.4
64.7 66.4 66.6 65.9 65.3 65.4 66.7 67.3 66.8 66.2 66.9 67.5 67.7 68.5 72.6 75.5 77.2 78.5 78.7 80 81.1 81.9 82.4 83.4 84.9 88.1 90.4 92.5 93.8 94.7 94.7 92.1 93.4 95 94.7 94.9 96 97 98.1 99 99.6 99.8 99.9 99.4 97.6 95.4 89.8 91.5 88.5 86.2 83.9 82.9 81.3 81.2 83.4 85.4 88.1 89.7 91.5 91.8 91.7 91.8 92.4 92.6 92.5 92.3 91.9 92.3 92.4 91.7 89.9 88.1 86.1 84.4 83.3 82.5 81.7 79.9 77 73.1 72.2 70.8 67.9
61.8 63.7 63.9 63.3 63.4 64.8 66.3 67.7 67.9 65.6 64.8 65 65.6 65.8 70.5 70.5 71.9 72.7 73.1 74 75.1 75.8 76.2 77.5 79.5 82 84.7 85.7 87.8 89.1 88.6 86.7 88.1 90 91.8 91.9 92.9 93.9 95 95.8 96.4 96.6 96.5 95.6 94.1 92 89.1 86.1 84.7 82.3 80.3 79.1 78.3 78.1 82.4 85.4 83.4 85 85.6 86.4 87.7 87.8 88.7 89.4 89.4 89.3 89.1 89 89 88.7 87.5 86.6 84.3 81.4 80 79.7 78.9 76.8 72.4 69.2 68 65.9 65.2
58.9 60.9 61.3 61.1 61.3 63 65 66.8 68 66.4 64.2 64.1 64.6 64.7 64.8 66.8 68.2 68.8 68.7 68.8 69.8 70.7 71.8 72.5 74.2 77.1 78.9 81 82.2 82.2 82.1 82 83.9 85.7 87.8 88.8 89.4 90 90.5 90.9 91.3 92.5 92.7 92 90.7 88.5 85.1 80.6 80.9 78.6 77.3 76.4 76.8 80.7 79 74.7 77 78.8 80.2 81.2 83.3 83.7 84.7 85.4 85.8 85.3 85.7 85.6 85.5 85.3 85.4 84.9 83.6 80.7 77.8 77.2 76.2 74.2 72 68.3 65.6 63.9 63.4
56 58.1 59.2 59.2 59.5 61.4 64.2 65.8 67.3 66.3 63.8 63.5 63.7 63.7 63.8 65.1 65.8 66.1 66 65.8 65.6 67 69 69.8 71.5 73.9 75.2 75.8 75.8 76.4 77.3 78.2 79.9 81.7 83.5 84.6 84.7 85.2 85.7 85.5 86 87.4 88.7 88.3 86.5 84.6 81 75.8 76.7 75.2 74.5 76.9 77.8 72.2 71.7 71.2 72 73.2 74.6 76.7 78.8 79.5 80.4 80.3 79.3 81 82.4 82.3 82.7 83.1 83.4 83 82.2 80.2 77.7 75.3 73.8 71.1 68.6 67.1 64.8 62.1 61
53.8 55.5 56.6 57.1 58.1 60.8 63.6 65 66.5 66.3 63.7 63.2 63.3 63.2 63 63.4 64.1 64.3 64.4 64.1 64.1 64.9 66.2 67.7 69.2 71 71.4 71 70.8 72.1 73.3 74 75.1 76.9 79.3 80.2 80.4 80.4 81 80.2 80.8 81.9 82.9 83.3 81.8 79.5 76.5 73.3 70.6 73.9 75.1 71 71.2 70.1 69.7 69.5 68.5 67.8 70.9 71.9 74.2 76.1 77.2 76.9 77.2 78.7 79.8 79.8 80.5 81.2 81.3 81.1 80.3 78.8 77.6 76.2 73.7 72 69 66.2 63.8 60.9 57.4
51.8 52.5 53.9 56.3 58.1 60.8 62.6 63.9 65.4 66 64 63.2 63.3 62.9 62.5 62.2 62.6 62.7 62.8 62.8 62.8 63.4 64.6 65.4 66.6 68.2 67.1 66.5 66.8 68 69.3 69.7 70.3 73.1 74.4 75 75.8 76.1 75.6 74.8 75.1 75.6 76 76.5 75.3 74.1 72 70.5 72 68.9 68.3 68.5 68.2 68.1 67.5 67.5 67.2 67.4 67.4 68.2 70 73.1 74 74.1 74.9 76.3 77 77.6 78.3 78.7 78.8 78.6 78.4 77.9 76.6 75.5 74.4 73.1 71.7 70.1 67.6 62.9 56.9
50.6 52.4 53.7 56.4 58.5 59.8 61.7 63.1 64.4 64.6 63.6 63.3 62.9 62.4 62 61.8 61.8 62.5 61.9 61.6 61.7 62 62.9 63.7 64.6 64.7 63.5 63.7 64.3 65.1 66.2 67.5 69 70.4 70.6 71.5 72.2 72.4 71.5 70.3 70.2 69.3 69.4 69.5 68.9 68.2 69.8 68.9 66.3 65.5 66.1 65.8 65.6 65.4 65.4 65.5 65.5 64.8 65.1 67 68.4 69.4 70.3 71.2 72.3 73.5 74.3 75 75.7 76 75.9 75.7 75.4 75.1 74.6 74.2 73.1 72.1 71 69.3 67.4 62.4 55.3
49.9 51.8 54 54.4 54.6 54.8 56.5 58.4 59.6 61.1 61.6 63.4 62.5 62.6 62.6 62.1 62.1 61.1 61.3 61.3 60.6 60.8 61.3 61.9 62.8 62.5 61.6 62.6 62.4 63.6 65.2 66.8 66.8 66.9 67.2 67.6 68.6 69.9 69.1 68 67 65.6 64.2 64.2 68.5 68.9 65.3 64.5 63.6 63.1 63.5 63.2 63.2 63.1 63.2 63.4 62.8 61.9 63.7 65.2 66.7 67.1 67.5 68.3 69.2 69.6 69.6 71 72.5 73.1 73 72.7 72.4 71.9 71.3 71 70.8 69.8 68.7 68 65.8 61 53.9
49.6 51.7 53.5 55 56.5 57.9 59.8 60.1 62.7 64.1 64 63.8 62.8 62.2 62.1 60.4 60.5 60.8 61.2 61.4 61.6 62.5 61.7 60 60.7 60.2 60.4 61.3 61.1 62.1 63.8 64.7 64.3 64.2 64.3 64.4 65.5 66.9 67.3 66.3 64.8 64.4 67.1 67.1 61.9 62.2 62.1 61.9 61.4 60.5 59.9 61 60.9 60.9 61 61 60.4 60.5 61.9 63.5 64.5 64.9 65 65.6 66.2 66 66.3 68.2 69.7 69.9 70.1 69.7 69.2 68.6 67.8 67.5 67.9 67.4 66.6 65.8 64.1 61.5 55.8
51.3 52 53.5 55.1 56.2 57.7 59 60.7 63.2 65 65.2 64.4 63.3 62 61.7 61.1 60.5 60.7 61.3 63 64.4 64.8 64.4 64.5 61.6 61.3 63.5 61.1 60.2 60.6 61.8 62.7 62.7 62.4 62.3 62.7 63.8 65 65.7 64.9 65.9 67.1 63.3 58.5 57.6 57.6 57.8 58.3 58.3 57.9 57.2 58.5 58.1 58.5 58 58.3 58.7 59 59.8 61.4 62.3 62.7 63.1 63 62.8 62.8 63.5 65.5 66.8 67 66.9 66.4 65.8 65.2 64.3 64 64.4 64.8 64.8 63.1 61.7 58.9 56.7
53.3 53.9 55.7 56.9 58.1 59.7 61.5 64.2 66 67.7 67.8 64.9 63.2 61.9 61.8 61.1 61.1 61.4 61.7 62.9 63.8 66.8 68.3 65.4 64.4 65.8 64.7 62.6 61.5 60.9 60.3 61 61.2 61.2 61.3 61.2 62.1 63.2 64.5 67.1 64.6 59 57.2 57.8 57.6 56.4 55.9 55.6 55.8 55.8 55.1 55.9 55.3 55.9 55.4 55.1 55.7 56.4 57.4 59 60.2 60.6 61 60.9 60.3 60.4 60.9 62.8 63.9 64.1 63.6 63 62.6 62.2 60.9 60.3 60.5 60.6 61.7 59.3 55.8 55.2 53.2
56.1 56.8 58 59.9 61.3 62.6 64.5 66.5 68.8 70 67.6 64.5 62.9 63 62.6 61.2 61.7 61.8 62 63.6 61.1 61.1 61.1 61.8 64.5 65 66.1 68.5 64.7 62 59.3 60 60.2 60.3 60.3 60.3 61 61.4 60.5 59.6 58.9 58.6 57.5 59.8 60.1 60 59.6 58.2 56.3 54.4 54.4 56.3 54.4 54.2 53.5 53.1 53.3 54.1 55.4 56.4 58.1 58.5 58.9 57.8 56.5 57.8 59.1 60.3 61.2 61.2 60.7 60.3 59.9 59.3 57.8 56.8 56.8 56.9 57 55.3 53.1 51.5 49.9
59.9 60.5 61.9 63.4 64.4 65.3 66.3 68.4 69.7 67.5 65.4 63.6 63.5 64.4 65.1 63.1 62 62.8 63.2 63.5 63.3 61.7 61.1 63 64.6 64.9 67.6 71.8 69 64.8 61 58.9 59.1 58.7 61 68 67.8 60.6 59 59.4 60.8 62.1 63.1 62.9 62.5 61.9 61.2 59.8 58.4 56.9 55.7 57.1 57.5 57.1 55.8 54.4 52.3 53.3 53.4 53.8 55.2 56.2 56.7 55 53.4 55.5 56.7 57.6 58.6 58.5 58 57.6 57.2 56.3 54.7 53.5 53.2 53 51.9 49.8 49 47.6 44.8
64.8 65.1 65.4 66.4 67.1 67.5 68 67.9 66.9 65.6 64.3 64.9 65.8 67.1 67.5 65.9 65.2 64.5 64.5 64.2 64.3 64.5 63.7 63.8 63.7 64.2 68.4 73.2 73.7 72 67.5 63.9 62.3 67.3 68.7 65.1 60.5 60.2 61.1 61.8 63.7 64.7 65.4 65.1 64.7 64.2 63.1 61.4 60.1 59.3 58.4 57.2 59.1 59.4 58.5 57.5 56.5 54.9 52.8 50.8 52.5 53.6 53.5 52.7 51.8 54.3 55.1 55.2 56.1 55.8 55.4 54.9 54.4 53.4 51.7 50.3 48.7 46.6 45.2 44.4 45.7 42.4 42.7
67.1 67.2 67.4 68.2 67.7 68 67.6 67.3 66.5 65.4 66 66.6 67.7 70.5 71.5 69.4 67.6 67.3 66.8 66.4 66.4 65.6 64.9 65.2 65.5 66.5 69.4 74.5 76.8 75.5 73 71 70 67.2 63.2 61.7 62.1 62.6 63.4 64.3 66.1 67 67.8 67.5 67 66.6 65.2 63.5 62.1 61.1 60 59.9 61.7 61.8 61 60.6 59.7 58.2 56.9 55 51.5 49.8 51.6 51.3 53.4 52.2 52.5 53 53.6 53.2 52.8 52.3 51.7 50.5 48.9 47.3 47.2 46.8 44.1 43.2 43.7 43.9 44.2
68.9 69.2 69.3 69.2 68.7 68.5 68.7 69.2 68.4 68.6 69.1 69.9 70.8 73.3 75.1 74.5 71.9 69.9 69.2 69.1 68.5 68 66.8 66.6 67.1 67.9 69.9 74.6 77 76.9 73 72.1 71.9 68.7 65.4 65.4 66.1 66.5 66.9 67 68.3 69.3 70.1 69.9 69.4 69.5 68.1 66.4 64.6 63.7 63.5 63.9 64.3 63.8 63.2 63.3 62.7 61.2 60.1 58.4 56.3 53.6 51 50.8 51.5 49.7 50.1 50 50.2 49.9 48.9 48.7 48.6 47.8 45.9 44.8 43.7 45.7 46.2 46.3 46.3 45.2 45.7
70.8 71.1 71.1 70.3 69.6 72 72.3 73.2 73.7 74.7 75.5 75.8 74.9 76.7 78 77.5 76 72.2 69.8 71.6 71.5 71 69.6 68.6 68.5 69.2 70.3 73.8 75.7 74.5 75.8 74.8 72.5 70.1 67.5 68.9 70 70.1 69.5 69.8 70.6 71.7 72.4 72.3 72.5 72.3 71.1 69.4 67.3 66.4 66.6 67 66.2 65.6 65.9 65.4 64.7 63.2 61.2 59.1 56.1 54 58.5 58 56.8 54.3 52 50.8 49.1 48 47.8 45.7 45.4 46.6 46.5 48.9 49.2 50 51.3 50.9 50.1 47.3 47.5
74 74.1 73.4 72.3 72.3 76.6 79.6 81.5 83 82.1 81.9 82.3 79.9 79.8 83.1 83 81.7 77.9 76 76.4 75.8 74.5 73.4 71.7 71.6 74.1 79 77.8 74.5 75.7 75.5 75.3 73.4 70.9 69.5 70.1 70.7 70.9 70.9 72 73.1 74.6 75.3 75.5 75.8 75.2 74.1 72.2 70.3 70.4 70.4 69.7 68.3 68.1 67.6 67 66 64.1 62 59.4 57.9 61.9 62.4 62 60.8 59.4 57.8 56.5 55.4 54.5 52.6 51.7 50.9 51 52.7 54 54.4 54.9 53.9 53.3 50.7 49.4 50.3
77.9 78.9 78.1 78.2 79.2 81.4 84.1 86.2 87.4 88.3 88.9 89.1 87.6 87.1 88.6 88.1 86.9 84.5 81.9 80.8 79.8 79 78.8 76.6 82.8 81.1 79.4 78.1 76.7 77.3 76 75.4 74.6 72.5 70.7 70.5 71.2 71.6 71.9 74.6 77.3 78.7 80.1 79.5 79.7 78.8 77.8 75.5 73.6 73.7 73.2 72.5 71.6 70.2 69.7 68.1 66.8 64.9 62.8 61 60.6 64.2 64.9 64.5 63.7 62.5 61.2 59.6 58.9 58.1 55.7 55.1 54.8 56.3 57 57.5 57.8 57.1 56.2 55.1 52.8 53.2 53.9
82.1 83.4 83.6 82.8 83.9 86.2 88.5 90.1 91.3 94.1 94.6 94.4 93.3 92.1 92.3 91.8 90.7 88.6 85.7 84.3 84.2 87 86.7 85.4 80.1 81.8 81.2 80.5 79.6 78.9 77.3 76.1 74.6 72.8 72 71.6 72.2 73.3 75.3 78.4 81.1 83 85.2 85.5 84.5 83.2 81.9 79.6 76.9 76.1 75.7 75.2 74.5 72.8 71.6 69.9 68 65.8 63.9 63.1 63.4 65.9 66.9 67 66.5 65.5 64.3 63.1 62.1 60.3 58.2 58.7 59.8 60.7 60.4 60.3 60.1 59.1 58.1 57 55.9 56.1 57.1
86.3 87.7 87.7 87.4 89 90.3 93 96.4 97.8 98 98.9 98.6 97.2 95.8 95 93.9 93.5 92.6 90.1 91.1 89.8 86.8 86.2 85.6 84.9 85 82.7 82 81.3 79.7 77.9 76.1 75 74.5 74 73.7 74.5 76.4 78.9 81.7 84.6 86.7 89.7 87.9 88 87 85.5 83.8 81.2 78.7 78.3 77.2 76.1 74.8 72.9 71 69.2 67.3 66.3 65.6 64.9 67.3 68.4 68.6 68.9 68.2 67.4 66 64.5 63 60.9 61.5 63.1 63.9 63.4 62.9 62.3 61.2 60.1 59 59 59.2 60.3
90.3 90.9 91 90.8 91.9 93.4 96.2 99.9 102 102.8 102.5 102.2 101.3 100.6 97.5 95.1 94.1 93.5 94 91.8 90.5 89.5 89.4 88.1 87 86.2 84.7 83.8 82.6 80.8 79.5 78.8 78.5 78 77.5 77.5 77.6 79 81.2 84.5 86.8 88.9 90.9 92.8 91.3 90.7 89.2 87.6 85.4 82.8 80.2 77.9 76.7 75.1 73.5 72 70.3 69.2 68.4 68.1 67.5 68.1 69.8 70.4 70.6 70 69.6 68.6 67.2 65.7 63.8 64.8 66 66.7 65.9 65.3 64.3 63.3 62.2 61.4 61.9 62.2 63.3
93 93.8 94.4 93.6 95 96.5 98.9 101.3 103.6 105.9 101.3 96.6 96.2 96.2 96.4 100.9 101 101.3 97.7 96.7 93.4 93.4 92.1 90.7 89.3 87.7 85.2 85.1 84.2 83.3 82.1 82.4 82.1 81.5 81.3 81.2 81.1 81.5 84.8 86.5 88.3 90 91.8 93 93 92.3 91.1 89.5 86.5 82.7 80.3 78.7 77 75.6 74.3 73 71.8 71.2 70 69.1 68.7 68.7 70.4 71.5 72.3 72.3 71.9 71.2 69.8 68.3 66.5 67.1 68.7 69.5 68.6 67.5 66.4 65.3 64.2 64.1 64.6 65.7 67.8
95.5 95.4 94.9 94.1 93.4 93.1 94.3 95.3 96 96.3 100.4 107.7 106.5 104.6 104.1 103.6 103.9 103.5 103.6 101.5 98.4 95.6 94.2 92.8 91.3 89.7 87.4 86.4 86 85.7 85.6 86 85.7 84.9 84.7 84.6 84.5 85.4 87 88.1 89.1 90.7 92.5 93.7 93.4 93 91.7 89.2 86 82.6 80.8 79.4 78.1 77 75.7 74.4 73.4 72.7 71.9 70.8 69.7 69.7 71 72.7 73.8 74.5 74.2 73.8 72.3 71.3 69.6 68.7 70.6 72 71.8 70.6 69 67.7 66.4 66.8 69.1 71.4 73.8
89.2 90.7 93.1 95.6 99.1 101.4 103.2 105.2 106.6 107.9 108 108 107.4 106.5 105.5 104.9 104.6 104.3 103.8 103 100.6 98.5 96.3 94.8 93.2 91.7 89.8 88.6 87.6 87.3 87.9 88.2 88.8 88.4 88.2 87.9 87.6 88.2 88.5 89.6 90.6 91.6 93.2 94.3 94.1 93.4 91.3 89 86.2 83.5 81.8 80.5 79.1 77.9 77 75.9 75 74 72.8 72 71 70.6 72.2 73.2 74.1 74.8 76.1 76.1 75.4 74.1 71.9 69.9 71.6 73 73.7 73.3 71.7 70.3 70 72.5 75.7 77.7 78.9
97.5 98.4 99 99.9 101.6 103.7 105.4 106.9 108.8 108.6 108.2 107.9 107.5 106.9 106.2 105.5 105.2 104.7 103.9 102.9 101.6 99.5 97.4 95.9 94.6 93.3 92 90.4 89 89.2 89.8 90.3 90.9 91.4 91.7 90.7 90.7 90.6 90.6 91.1 92.1 93.1 94.1 94.9 94.6 93.5 91.4 89.1 86.7 84.4 82.9 81.6 80.2 78.9 77.8 76.9 75.7 74.5 73.4 72.6 71.8 71.3 72.1 73 73.8 74.7 75.7 76.4 76.2 74.2 72.1 70.9 72.3 73.7 74.5 75 74.3 74.5 74.8 76.9 79.2 80.3 81.3
97.4 98 99 100.3 102 104.1 106.2 107.1 108 107.7 107.3 107.3 106.4 105.9 105.3 104.9 104.7 104.2 103.5 102.7 101.6 100 98 96.5 95.1 93.4 92.4 91.4 90.4 90.7 91.1 91.8 92.5 93.2 93.8 93.8 93.2 92.8 92.8 93.1 94.1 95.1 96.1 97.1 96.6 95.5 93.4 91 88.3 85.6 84 82.7 81.3 80 78.6 77.6 76.6 75.2 73.9 73.1 72.5 72.1 72 72.9 73.8 74.6 74.1 73.9 73.6 71.8 71.2 72.8 74.4 75.5 76.6 76.9 77.7 77.8 78.6 80.4 81.3 81.6 81.1
97.5 98 98.9 99.8 101.9 104 106.4 109.8 110 107.7 106.7 106.7 105.8 104.8 104.3 104 104.1 103.6 102.9 102.2 101.5 100.1 98.6 96.8 95 93.6 92.7 91.2 90.9 91.2 91.9 92.7 93.5 94.2 94.8 95.1 95 94.9 95.2 95.6 96.2 97.2 98.2 99.1 98.4 97.5 95.3 92.5 89.7 86.9 85.4 84 82.6 81.2 79.8 78.5 77.3 76.1 74.9 74.2 73.8 73.1 72.3 72.8 73.7 74.1 73.6 73.2 72.3 71.4 71.8 73.8 75.4 76.8 78.3 79.4 80.6 81.2 81.7 82.3 82.1 81.4 80.8
