UK/data/sd/sd09_OST50GRID_20230518/SD09.asc
ncols 200
nrows 200
xllcorner 300000
yllcorner 490000
cellsize 50
[rows 39 to 77 of 200, columns 86 to 171 of 200]
-2.6 -2 -1.6 -1.1 -0.7 -0.3 0.1 0.5 1.1 1.6 2.1 2.7 3.2 5.7 9.1 13.1 17.7 21.6 26.6 25.3 23.7 23.9 22.6 20.5 18.4 17.6 16.8 16.1 15.2 13.7 10.9 9.2 8.6 8.2 7.8 7.4 6.8 6.3 5.7 4.8 -2.6 -2.6 3.4 3.9 4.3 5.1 5.7 6 6.1 6.6 5.3 5.4 5.4 6 6.1 5.9 6.1 6.8 6.6 9.1 6.2 7.2 6.6 6.2 5.7 6.5 7.5 8 8.2 7.4 8.9 10.7 13.5 17.8 20.7 19.8 18.3 17.2 16.7 16.3 16.4 15.6 15.1 14.7 14.3 15
-2.6 -2.3 -1.9 -1.5 -1.1 -0.7 -0.3 0.2 0.7 1.3 1.8 2.4 2.9 4 5.5 11.2 14.2 16.7 19.5 22.1 26.9 22.9 21.8 20.1 18.5 17.6 16.8 15.9 14.6 13.3 12.2 9.7 8.7 8.2 7.9 7.4 6.9 6.4 6 5.3 -2.6 -2.6 3.1 3.8 4.1 4.4 5.6 5.8 5.8 6 5.3 5.6 6.2 6.6 7.2 6.6 5.8 5.7 5.6 5.4 10.5 6.5 6.4 5.6 5.8 6.6 7.4 7.6 7.7 7.8 9.1 12.1 14.9 18.1 19.1 18.6 17.6 17.1 16.7 16.9 17.2 16.7 16.2 15.8 14.7 13.6
-2.6 -2.6 -2.6 -1.9 -1.5 -1.1 -0.6 -0.1 0.4 1 1.5 2 2.6 3.1 4.4 10.8 12.9 21.2 20.6 21 22.3 21.6 21.7 22.6 19.3 17.6 16.8 15.9 14.4 13 12.2 10.4 8.7 8.3 8 7.5 7 6.5 6 5.6 3.9 -2.6 -2.6 3.3 3.7 4.1 4.3 5.2 5.5 5.7 5.8 5.8 6.4 6.8 7.3 7.3 6.7 5.6 4.9 4.6 4.7 8.7 5.1 5.2 6 6.6 7.2 7.5 7.5 8.2 9.4 10 13 15.4 16.2 17.1 16.9 17 18.1 17.9 17.8 17.5 17.2 16.7 16 14.9
-2.6 -2.6 -2.6 -2.6 -2 -1.5 -1 -0.4 0.2 0.7 1.2 1.8 2.3 2.9 3.7 5.1 11.2 14.9 17.5 21.5 23.6 21.5 19.5 19.1 20.6 17.6 16.8 15.9 14.8 13.1 11.3 10 8.9 8.5 8 7.5 7.1 6.6 6.1 5.7 4.9 -2.6 -2.6 2.2 3.4 3.9 4.1 4.1 4.5 4.6 4.8 5.4 5.8 6.1 7.1 6.5 6.4 6 5.3 4.8 4.8 5 5.4 5.7 6 6.5 7.1 7.5 7.9 8.6 9.5 10.3 10.6 11.1 12.5 14.1 15.4 18 19.8 19.8 19.3 18.6 18.2 17.7 17.2 16.5
-2.6 -2.6 -2.6 -2.6 -2.6 -1.8 -1.2 -0.7 -0.1 0.4 1 1.5 2.1 2.6 3.1 4.4 11.8 12.1 14.8 16.5 17.7 17.6 18 25.3 20.3 17.6 17 16.3 15.3 14.4 12.5 11 8.9 8.5 8.2 7.7 7.2 6.7 6.2 5.7 3.9 -2.6 -2.6 0.4 3.3 3.7 3.8 3.9 4.1 4.3 4.2 4.3 5.3 5.8 6 6 6.3 6.6 5.8 5 5 5.5 5.6 6 6.5 7.3 8.2 8.1 8.1 8.2 8.8 9 9 10.6 12.4 11.7 13.3 18.4 20.6 21.3 20.8 20.1 19.7 18.6 18.4 18
-2.6 -2.6 -2.6 -2.6 -2.6 -2 -1.5 -0.9 -0.4 0.2 0.8 1.3 1.8 2.3 2.8 3.4 4.9 10.3 13.4 15.8 17.9 17.7 21.1 26.3 19.6 17.5 16.9 16.4 16.2 15.2 14 11.8 9.3 8.6 8.2 7.9 7.4 6.9 6.4 5.8 5.2 4.5 -2.6 -0.4 2.2 3.4 3.8 3.6 3.8 3.9 4 4.2 4.4 5.3 5.8 5.7 5.7 6 6.2 5.7 5.3 6.2 6.5 6.7 8 9 9 8 7.2 7.5 7.2 6.8 6.7 7.8 10.1 9.9 11 14 18 20.1 22.3 22.5 21.1 20.2 19.9 19.3
-2.6 -2.6 -2.6 -2.6 -2.6 -2.6 -1.7 -1.1 -0.5 0 0.6 1.1 1.6 2 2.5 3 3.8 10.3 14.5 20.2 21.7 19.1 19.7 21.1 22.9 17.5 17.3 17.5 17.3 16.3 15 12.9 9.4 8.7 8.3 8 7.6 7 6.5 5.9 5.3 4.7 -2.6 -2.6 0.8 3.2 3.3 3.4 3.5 3.4 3.7 4 3.8 4.8 5.7 5.7 5.7 6.1 6.3 6.1 5.9 7.2 8.3 8.9 9.7 10.3 7.8 7.3 7.6 7.7 8 6.4 6.4 7.2 8.3 8.6 8.1 9.2 12.9 15.2 21.6 23.6 22.8 22.6 22.3 21
-2.6 -2.6 -2.6 -2.6 -2.6 -2.6 -1.8 -1.3 -0.7 -0.2 0.3 0.8 1.3 1.8 2.2 2.7 3.2 5.2 14.9 13.1 15.4 17.8 21.2 18 21.1 18 17.1 17.2 17.9 16.9 15.6 13.6 9.5 9 8.7 8.3 7.7 7.1 6.5 5.9 5.4 4.7 4.3 -2.6 -2.6 1.3 3.2 3.1 3.2 3.2 3.5 3.8 4 4.6 5.7 5.7 5.8 6.3 6.6 6.4 6.7 8.1 9.4 10.4 10.3 9.6 6.6 7.3 7.5 7.8 9.3 8.5 7.2 7 8 7.3 7 7.8 11.7 14.2 19 22.8 24.1 25 24.6 22.4
-2.6 -2.6 -2.6 -2.6 -2.6 -2.6 -2 -1.4 -0.9 -0.4 0.1 0.6 1.1 1.5 1.9 2.4 2.9 4.2 10.1 11.7 15.6 19.2 19.4 17.8 18 17.7 16.8 17 17.5 17.6 16 14.4 10.9 9.7 9 8.4 7.7 7.1 6.5 6 5.3 4.6 4.2 -2.6 -2.6 -2.6 0.8 2.2 3.1 3.3 3.4 3.7 4.2 4.8 5.7 5.7 5.7 6.1 7.4 7 7.1 9.1 10.4 10.4 10.3 9.8 8.4 6.8 7.3 9.1 9.5 8.8 7.2 7.3 7.4 6.9 6.4 6.9 10.6 13.1 15.2 20.6 25.2 25.6 24.4 22.8
-2.6 -2.6 -2.6 -2.6 -2.6 -2.6 -2.1 -1.6 -1.1 -0.6 -0.2 0.3 0.7 1.1 1.6 2.2 2.7 3.4 4.7 9.9 13.3 14.2 21.8 18.3 19.5 18.3 18.1 18.3 16.6 16.2 15.6 12.8 10.5 9.8 9.1 8.4 7.8 7.1 6.6 5.9 5.2 4.5 4 4 -2.6 -2.6 -2.6 0.5 2.3 3.1 3.4 3.8 4.3 5 5.7 5.8 5.8 6.5 7.8 7.4 7 9.1 10.5 10.4 10.1 9.5 8.9 7.1 6.8 8.8 8.8 8.3 7.2 7.6 7.4 6.7 6.1 6.4 8.3 10.6 12.6 16.9 22.6 24.3 23.5 21.3
-2.6 -2.6 -2.6 -2.6 -2.6 -2.6 -2.3 -1.8 -1.4 -0.9 -0.5 -0.1 0.4 0.9 1.4 1.9 2.5 3 3.8 5.3 12.8 15.9 16.8 16 16.1 18.1 19.3 16.9 15.2 15.2 14.4 11.4 9.7 9.9 9.2 8.5 7.8 7.1 6.5 5.8 5.1 4.5 4.2 4 -2.6 -2.6 -2.6 -0.3 1.6 3.4 3.9 4.1 4.3 5.8 5.8 5.9 5.9 5.9 6.7 7.7 7.3 7.9 9.6 9.9 9.6 9.2 8.7 8.9 7.7 8.2 8.1 8 7.3 7.7 8 6.4 5.7 5.8 6.8 7.7 9.7 10.8 15.9 20.3 22.3 20.9
-2.6 -2.6 -2.6 -2.6 -2.6 -2.6 -2.6 -2.1 -1.7 -1.3 -0.8 -0.4 0.1 0.6 1.2 1.7 2.2 2.6 3.1 4.1 7.9 10.9 13.1 14.3 16.5 18.6 17.4 15.4 14.7 13.7 12.7 11.1 10.4 9.8 9.1 8.4 7.8 7.1 6.4 5.7 5.1 4.4 3.7 3.7 3.3 -2.6 -2.6 -0.9 1 2.8 3.7 3.7 4.5 5.9 5.9 5.9 5.9 5.9 6.1 6.8 7.5 7.2 7.7 8.7 8.6 8.4 8.1 7.6 7.5 7.5 7.5 7.4 6.9 6.4 6.1 5.9 5.7 5.6 4.8 6 6.2 6.8 10.3 17 19.9 21.5
-2.6 -2.6 -2.6 -2.6 -2.6 -2.6 -2.6 -2.5 -2 -1.6 -1.2 -0.7 -0.2 0.4 0.9 1.4 1.8 2.3 2.8 3.5 5 12.1 14.8 15.4 15.6 15.5 14.9 14.3 13.6 13.6 14.5 11.7 10.6 9.8 9.1 8.4 7.7 7.1 6.5 5.7 5 4.4 3.4 3.2 3.2 3.1 -2.6 -2.6 -0.5 2 3.2 3.6 5 6.2 6.1 6 6 5.9 6.1 6.4 7.2 7.4 7.1 7.6 7.3 6.9 6.5 6.5 6.5 8.8 6.2 6.8 6.9 6.5 5 5.3 5.3 5 4 5.1 5.1 5.4 7.9 11.5 17.1 20.7
-2.6 -2.6 -2.6 -2.6 -2.6 -2.6 -2.6 -2.6 -2.4 -2 -1.5 -1 -0.4 0.1 0.6 1.1 1.5 2 2.5 3 4 5.3 11.1 13.1 15.2 14 15.1 15.5 14.1 14.2 14.7 12.3 10.6 10 9.8 9.2 7.8 7.1 6.5 5.8 5 4.3 3.2 2.2 1.6 1.7 0.2 -2.6 -2.6 1.7 3.2 4.9 6.1 6.2 6.1 6.1 6 5.9 6.2 6.4 6.8 7.8 7.4 7.4 6.2 5.5 5.7 6 6.1 6.7 8.8 7.1 8.2 8.4 8.6 6.5 3.6 3.2 3.1 4.9 3.5 5.3 5.6 8.2 13.9 15.6
-2.6 -2.6 -2.6 -2.6 -2.6 -2.6 -2.6 -2.6 -2.6 -2.3 -1.7 -1.2 -0.7 -0.2 0.3 0.8 1.3 1.8 2.3 2.7 3.1 3.7 6.1 11.1 15 14.6 14.5 13.4 13.2 12.5 12.8 13.4 11.3 10.4 9.2 9.8 8.3 7.1 6.5 5.9 5.1 4.3 2.9 1.4 0.3 0 -1.2 -2.6 -2.6 3 4.8 6 6.2 6.1 6.1 6.1 6 5.9 6.2 6.5 6.8 7.1 7.6 7.6 7.3 5.7 5.4 5.4 5.6 5.8 6.1 7.1 8.3 9.7 10.4 9.2 6.6 3.2 3.1 3.2 3.5 4.2 4 3.8 6.9 10.2
-2.6 -2.6 -2.6 -2.6 -2.6 -2.6 -2.6 -2.6 -2.6 -2.6 -2 -1.5 -0.9 -0.4 0.2 0.7 1.1 1.6 2 2.4 2.8 3.1 4.2 10.4 10.6 11.9 12.2 11.8 11.4 11.1 11.8 14.7 12.1 10.3 9.9 9.6 8.4 7.3 6.6 6.1 5.1 4.2 2.4 1.1 -0.4 -1.6 -2.6 -2.6 -2.6 4.9 5.9 6.2 6.1 6 5.9 6 6 5.9 6.2 6.7 7 7.2 7.5 8.1 7.9 7.4 6.1 5.8 5.6 5.6 5.9 6.9 10.1 10.6 10.7 9.2 7.2 3.8 3.2 3.2 3.8 3.7 3.2 3.1 3.2 2.8
-2.6 -2.6 -2.6 -2.6 -2.6 -2.6 -2.6 -2.6 -2.6 -2.6 -2.1 -1.6 -1 -0.5 0 0.4 0.9 1.3 1.7 2.1 2.5 2.9 3.5 4.6 11.4 11.8 12.3 12.1 11.2 10.7 12 12.2 10.4 10.6 10.3 9.6 9.2 7.6 7.1 6.3 5.2 3.6 1.7 0.1 -1.4 -2.6 -2.6 -2.6 3.8 6.9 6.5 6.1 6 5.9 5.7 5.9 5.9 5.8 6.1 6.4 6.8 7 7.2 7.8 7.8 7.7 7.6 6.6 5.7 6.1 6.4 7.3 9.4 10.4 10.3 8.1 5.4 5.2 4.2 3.2 3.2 3.2 -2.6 -2.6 -2.6 -0.3
-2.6 -2.6 -2.6 -2.6 -2.6 -2.6 -2.6 -2.6 -2.6 -2.6 -2.2 -1.7 -1.2 -0.7 -0.3 0.1 0.5 1 1.4 1.8 2.1 2.5 2.9 3.9 5.3 10.6 18.3 14.2 12.8 11.6 10.8 10.8 10.6 10.8 10.9 12.5 11.7 8.9 7.5 6.5 5.5 3.2 1.5 -0.6 -2.6 -2.6 -2.6 -2.6 5 7.1 6.8 6.3 5.9 5.8 5.6 5.6 5.7 5.7 5.8 6.2 6.6 6.7 7 7.3 7.2 7.2 7.9 8.3 7.2 6.7 6.8 7.4 8.2 9.5 9.7 8.2 6 5.6 4.3 3.1 3.1 3.2 -2.6 -2.6 -2.6 -2.6
-2.6 -2.6 -2.6 -2.6 -2.6 -2.6 -2.6 -2.6 -2.6 -2.6 -2.6 -1.9 -1.4 -1 -0.6 -0.2 0.3 0.6 1 1.4 1.8 2.2 2.6 3.1 4.1 5.7 12.5 11.5 10.7 12.9 10.6 13.8 13.4 12.7 10.7 10 12.4 11.6 9.6 8.3 6.2 4.4 2.6 -2.6 -2.6 -2.6 -2.6 3.6 4.3 7.3 7.5 6.9 6.3 5.8 5.4 5.2 5.1 5.7 5.7 5.9 6.4 6.5 6.7 6.7 6.8 6.9 7.6 8.2 7.9 7.4 7.3 6.9 7.2 8.6 8.8 8.8 7.5 6.2 5 3.7 3.1 2.2 -2.6 -2.6 -2.6 -2.6
-2.6 -2.6 -2.6 -2.6 -2.6 -2.6 -2.6 -2.6 -2.6 -2.6 -2.6 -2.2 -1.7 -1.3 -0.9 -0.5 -0.1 0.2 0.6 1 1.4 1.8 2.3 2.8 3.4 4.6 8.3 11.1 11.2 11.5 10.3 10.5 11.3 11.2 8.9 8.5 8.4 8.2 8.3 8.2 6.7 6.1 4.1 -2.6 -2.6 -2.6 -2.6 3.4 3.9 7.3 7.9 7.7 7.1 6.7 7 6.5 5.1 5.6 5.6 5.7 5.8 6 6.2 6.1 6.8 7.2 7.4 7.8 7.7 7.3 7.3 7 6.6 7.4 8.6 9 8.5 6.9 5.8 3.9 1.8 0.1 -1.6 -2.6 -2.6 -2.6
-2.6 -2.6 -2.6 -2.6 -2.6 -2.6 -2.6 -2.6 -2.6 -2.6 -2.6 -2.6 -2 -1.6 -1.2 -0.9 -0.5 -0.2 0.2 0.6 1.1 1.5 2 2.5 3 3.9 5 11.4 10.3 11.1 10.5 10.7 10.4 9.1 8.9 8.3 9.2 9.4 8.3 8.8 9 9.1 6.4 -2.6 -2.6 -2.6 -2.6 3.1 3.9 6.2 7.5 7.9 7.8 7.8 7.7 7.4 5.3 5.4 5.5 5.4 5.3 5.3 5.6 5.5 5.4 5.6 6.6 7.2 7.5 7.2 7.1 7.2 7 6.8 8.8 9.2 10 9.8 6.9 3.3 1 -0.4 -2.6 -2.6 -0.7 0.1
-2.6 -2.6 -2.6 -2.6 -2.6 -2.6 -2.6 -2.6 -2.6 -2.6 -2.6 -2.6 -2.6 -2 -1.6 -1.3 -0.9 -0.6 -0.2 0.3 0.8 1.2 1.7 2.2 2.7 3.1 4.1 5.4 10.9 16.6 9.7 11.9 10.7 9.1 8.7 9.1 11.6 10.2 8.6 9 8.5 12.4 6 2 -2.6 -2.6 -2.6 3.4 3.2 4.2 6.8 8 8.2 8 8 7 4.7 5.1 5.4 5.3 5.1 4.9 5 4.8 4.3 4.4 4.5 4.8 5.2 6.1 6.2 7 6.8 7.7 10 10.8 9.9 10.6 6.1 0.7 -2.6 -2.6 -2.6 -0.8 1.2 3.1
-2.6 -2.6 -2.6 -2.6 -2.6 -2.6 -2.6 -2.6 -2.6 -2.6 -2.6 -2.6 -2.6 -2.6 -2 -1.7 -1.3 -0.9 -0.5 0 0.5 0.9 1.4 1.8 2.3 2.7 3.1 3.9 5.7 11.8 9.2 9.5 10.7 9.6 10.9 12.2 12.6 11.5 12.6 10.8 12.3 9.5 5.4 3.2 -2.6 -2.6 1.7 3.5 3.3 3.2 5.3 7.7 8.3 8.3 7.8 5.3 4.7 5.2 5.4 5.2 5 4.7 4 3.6 3.2 3.1 3 2.9 2.9 3.1 4.1 6.2 6.7 7.1 10 12.4 10.4 9.1 5.2 -2.6 -2.6 -2.6 -0.6 0.7 2.5 8.3
-2.6 -2.6 -2.6 -2.6 -2.6 -2.6 -2.6 -2.6 -2.6 -2.6 -2.6 -2.6 -2.6 -2.6 -2.6 -2.1 -1.7 -1.3 -0.8 -0.4 0.1 0.5 1 1.4 1.9 2.3 2.8 3.3 4.8 13.2 10 7.9 10.1 10 10.5 11.5 13.9 12.3 9.7 7.7 7.2 7.4 6.7 3.6 -2.6 -2.6 0.5 3 3.3 3.2 3.4 7.1 7.9 7.9 6.9 5.2 4.8 5.3 5.3 5.1 4.6 3.6 3.1 3 2.5 2.4 2.3 2.2 2.1 2.4 2.7 3.1 5.1 5.7 8.7 10.5 9.6 7.8 8.6 -2.6 -2.6 -1.9 0.4 2.5 4.9 11.5
-2.6 -2.6 -2.6 -2.6 -2.6 -2.6 -2.6 -2.6 -2.6 -2.6 -2.6 -2.6 -2.6 -2.6 -2.6 -2.6 -2.1 -1.6 -1.2 -0.7 -0.3 0.2 0.6 1 1.5 2 2.5 2.9 3.8 5.1 12.8 8.1 7.6 8.1 8.5 9.3 8.3 7.6 7.5 7.5 8.2 15.8 8.7 4.9 -2.6 -2.6 -2.6 0.7 1.9 3.2 3.2 6.2 7.4 7 6.9 4.9 4.8 5.4 5.2 5.1 3.9 3.1 3 2.5 2 1.7 1.6 1.4 1.4 1.6 1.9 2.4 2.9 3.6 5.2 5.9 6.7 6.5 6.1 9.8 -2.6 -2.6 -0.3 3.4 7.9 12.8
-2.6 -2.6 -2.6 -2.6 -2.6 -2.6 -2.6 -2.6 -2.6 -2.6 -2.6 -2.6 -2.6 -2.6 -2.6 -2.6 -2.6 -2 -1.6 -1.1 -0.6 -0.2 0.2 0.7 1.2 1.7 2.1 2.6 3.1 4.2 5.3 10.2 8.1 8.5 8.3 9.1 9.3 8.3 7.8 7.3 8.8 8.1 6.2 5.5 3.4 -2.6 -2.6 -2.6 -0.9 0.6 1.8 3.3 6.9 7 6.1 4.6 5.7 5.7 5.2 4.5 3.4 3 2.5 2 1.5 1 0.9 0.7 0.7 0.9 1.2 1.5 2 2.8 3.7 4.9 5.1 5.7 5.8 4 8.8 -2.6 -2.6 3.9 9.7 13.5
-2.6 -2.6 -2.6 -2.6 -2.6 -2.6 -2.6 -2.6 -2.6 -2.6 -2.6 -2.6 -2.6 -2.6 -2.6 -2.6 -2.6 -2.6 -1.9 -1.5 -1 -0.6 -0.1 0.4 0.8 1.3 1.8 2.3 2.7 3.2 3.8 12.4 9 9.5 7.8 7.8 8.1 8 8.3 9.4 7.9 6.8 5.8 5.3 4.2 3.1 -2.6 -2.6 -2.6 -2.6 -2.6 1 4.8 7.2 4.3 4.7 5.2 5.3 5.2 5.1 3.2 2.5 2 1.5 1.1 0.6 0.2 0 0 0.2 0.4 0.7 1.1 2 3.1 3.6 4.5 4.8 3.6 1.6 -2.6 -2.6 2.1 3.8 10.1 14.3
-2.6 -2.6 -2.6 -2.6 -2.6 -2.6 -2.6 -2.6 -2.6 -2.6 -2.6 -2.6 -2.6 -2.6 -2.6 -2.6 -2.6 -2.6 -2.6 -1.8 -1.4 -0.9 -0.4 0 0.5 1 1.4 1.9 2.3 2.8 3.5 5.3 10.5 8.6 7.9 7.5 9.1 10.2 7.6 6.8 7 9.5 6 5.1 4.4 3.7 3.6 2 0.8 -2.6 -2.6 -2.6 1.5 4 3.1 3.6 4.2 5.4 5.5 4.8 2.9 2.3 1.7 1.1 0.6 0.1 -0.4 -0.7 -0.8 -0.6 -0.4 -0.3 0.1 1.2 2.5 3.3 3.5 3.7 -2.6 -2.6 -2.6 2 3.1 6.2 10.8 14
-2.6 -2.6 -2.6 -2.6 -2.6 -2.6 -2.6 -2.6 -2.6 -2.6 -2.6 -2.6 -2.6 -2.6 -2.6 -2.6 -2.6 -2.6 -2.6 -2.6 -1.7 -1.3 -0.8 -0.3 0.1 0.6 1 1.5 2 2.5 3 4 5.2 11.2 9.6 8.6 9.6 12 8.7 7.5 6.7 8.8 7 6.4 5.6 4.5 4.2 3.8 3.4 1.9 -2.6 -2.6 -2.6 2 3.1 3.2 3.7 5.3 5.7 3.4 2.4 1.9 1.4 0.8 0.2 -0.4 -0.9 -1.3 -1.5 -1.4 -1.4 -1.3 -0.7 0.1 1.3 2.3 1.4 -2.6 -2.6 -2 -0.4 1.6 6.1 5.9 9.8 12.2
-2.6 -2.6 -2.6 -2.6 -2.6 -2.6 -2.6 -2.6 -2.6 -2.6 -2.6 -2.6 -2.6 -2.6 -2.6 -2.6 -2.6 -2.6 -2.6 -2.6 -2.1 -1.6 -1.2 -0.7 -0.3 0.2 0.7 1.2 1.6 2.1 2.6 3.1 4 9.3 8.9 7 7.1 9.6 9 8.1 9.7 7.7 7.1 6.9 6.4 6.3 5.7 4.5 4.1 2.8 2 -2.6 -2.6 -2.6 2 3.3 3.3 5.2 4.7 3.3 2.1 1.2 0.7 0.3 -0.2 -0.7 -1.3 -1.9 -2.6 -2.6 -2.6 -2.6 -2.6 -1.4 -0.2 0.3 -1.2 -2.6 -2.6 -1.3 0.4 2.1 4.9 9.9 8.1 6.9
-2.6 -2.6 -2.6 -2.6 -2.6 -2.6 -2.6 -2.6 -2.6 -2.6 -2.6 -2.6 -2.6 -2.6 -2.6 -2.6 -2.6 -2.6 -2.6 -2.6 -2.6 -2 -1.6 -1.1 -0.6 -0.2 0.3 0.8 1.3 1.8 2.3 2.8 3.1 4.8 12.3 8.2 7.3 6.7 8.9 8.5 7.6 7.2 7.1 7.2 7.3 7.5 8.4 5.6 4.3 2.8 1.9 -2.6 -2.6 -2.6 -2.6 -0.1 1.9 3.2 3.1 2.1 1.8 0.6 0 -0.4 -0.9 -1.3 -1.8 -2.3 -2.6 -2.6 -2.6 -2.6 -2.6 -2.6 -2.6 -2.3 -2.6 -2.6 -2.6 -1 0.8 2.5 5.7 7.1 10.1 10.6
-2.6 -2.6 -2.6 -2.6 -2.6 -2.6 -2.6 -2.6 -2.6 -2.6 -2.6 -2.6 -2.6 -2.6 -2.6 -2.6 -2.6 -2.6 -2.6 -2.6 -2.6 -2.6 -1.9 -1.5 -1 -0.5 0 0.4 0.9 1.4 1.9 2.4 2.9 3.5 5.1 10.6 8.3 7.3 7 8.4 8.3 8.3 7.1 6.9 6.6 6.7 7.3 6.4 4.5 4 4 2.2 -2.6 -2.6 -2.6 -2.6 -2.6 -2.6 -0.1 0.2 0.6 0.3 -0.7 -1.1 -1.6 -2 -2.5 -2.6 -2.6 -2.6 -2.6 -2.6 -2.6 -2.6 -2.6 -2.6 -2.6 -2.6 -2.6 -2.6 0.8 3.1 5.9 8 11 10.5
-2.6 -2.6 -2.6 -2.6 -2.6 -2.6 -2.6 -2.6 -2.6 -2.6 -2.6 -2.6 -2.6 -2.6 -2.6 -2.6 -2.6 -2.6 -2.6 -2.6 -2.6 -2.6 -2.6 -1.8 -1.4 -0.9 -0.4 0.1 0.6 1.1 1.6 2.1 2.6 3.1 4.4 6.3 9.9 7.5 7.3 8 10.2 10.1 9.1 7.7 6.9 6.7 6.5 6 5.3 5.3 5.3 4.1 2.7 3.1 -2.6 -2.6 -2.6 -2.6 -2.6 -2.6 -1.1 -0.8 -1.2 -1.8 -2.3 -2.6 -2.6 -2.6 -2.6 -2.6 -2.6 -2.6 -2.6 -2.6 -2.6 -2.6 -2.6 -2.6 -2.6 -2.6 0.5 3.4 5.4 8 10.6 10.3
-2.6 -2.6 -2.6 -2.6 -2.6 -2.6 -2.6 -2.6 -2.6 -2.6 -2.6 -2.6 -2.6 -2.6 -2.6 -2.6 -2.6 -2.6 -2.6 -2.6 -2.6 -2.6 -2.6 -2.2 -1.7 -1.3 -0.8 -0.3 0.2 0.7 1.2 1.7 2.2 2.7 3.3 4.7 12.9 8.8 10 9 9.1 7.3 7.7 8.8 6.8 6.1 5.5 5.4 5.6 7.6 6.4 7.3 4.5 3.1 1.8 2.5 1.3 0.2 -2.6 -2.6 -2.6 -2.4 -2.2 -2.5 -2.6 -2.6 -2.6 -2.6 -2.6 -0.4 -0.3 -0.8 -2.6 -2.6 -2.6 -2.6 -2.6 -2.6 -2.6 -2.6 1 3.5 6.1 8.2 10.7 11.5
-2.6 -2.6 -2.6 -2.6 -2.6 -2.6 -2.6 -2.6 -2.6 -2.6 -2.6 -2.6 -2.6 -2.6 -2.6 -2.6 -2.6 -2.6 -2.6 -2.6 -2.6 -2.6 -2.6 -2.6 -2.1 -1.6 -1.1 -0.7 -0.1 0.4 0.9 1.4 1.9 2.4 2.9 3.9 5.3 10.5 10.8 8.6 7.8 8.3 9 9.4 7.1 5.8 5.3 5.3 5.5 7.7 6.9 6.2 5.4 4.7 4.1 3.8 3.9 3.1 1.6 -0.2 -2.6 -2.6 -2.6 -2.6 -2.6 -2.6 -2.6 -2.6 1.2 1.9 1.6 1 0.3 -2.6 -2.6 -2.6 -2.6 -2.6 -2.6 -2.6 1.8 3.7 6.1 10 11.6 13.5
-2.6 -2.6 -2.6 -2.6 -2.6 -2.6 -2.6 -2.6 -2.6 -2.6 -2.6 -2.6 -2.6 -2.6 -2.6 -2.6 -2.6 -2.6 -2.6 -2.6 -2.6 -2.6 -2.6 -2.6 -2.6 -2 -1.5 -1 -0.5 0 0.5 1 1.5 2 2.5 3 4.1 5.4 9 7 6.7 10.3 11.2 8.5 7 5.7 5.8 5.3 6.6 9.8 6.6 5.8 6.2 6.8 6 5.6 5.9 4.6 4 3.4 2 -2.6 -2.6 -2.6 -2.6 -2.6 4.2 3.5 3.2 3.2 3.1 2.8 2.4 1.1 -2.6 -2.6 -2.6 -2.6 -2.6 -0.6 2.1 4.2 6.6 10.7 12.6 13.5
-2.6 -2.6 -2.6 -2.6 -2.6 -2.6 -2.6 -2.6 -2.6 -2.6 -2.6 -2.6 -2.6 -2.6 -2.6 -2.6 -2.6 -2.6 -2.6 -2.6 -2.6 -2.6 -2.6 -2.6 -2.6 -2.6 -1.8 -1.3 -0.8 -0.3 0.2 0.7 1.2 1.7 2.1 2.6 3.1 4.4 15.4 9.3 6.6 9.4 12.1 9.8 7.9 6.4 5.6 5.7 9.5 6.8 6.1 6.5 6.6 7.6 11 15 11.9 8.7 8.9 6.8 4.4 4.2 3.4 3.4 3.7 4.4 5.8 3.8 3.4 3.2 3.2 3.2 3.2 2.7 0.3 -2.6 -2.6 -2.6 -2.6 0.4 2.4 3.6 6.9 12.3 12.6 13
-2.6 -2.6 -2.6 -2.6 -2.6 -2.6 -2.6 -2.6 -2.6 -2.6 -2.6 -2.6 -2.6 -2.6 -2.6 -2.6 -2.6 -2.6 -2.6 -2.6 -2.6 -2.6 -2.6 -2.6 -2.6 -2.6 -2.2 -1.7 -1.2 -0.6 -0.1 0.4 0.8 1.4 1.8 2.3 2.7 3.2 4.8 15.4 9.4 8.5 10 9.5 10.5 7.9 7 8.9 8.3 6.5 7 6.4 7.1 11.5 9.4 8.2 7.4 8.4 6.7 5.4 7.5 5.4 4.5 4.2 4.2 4.7 5.1 4 3.7 3.3 3.2 3.1 3.2 1.9 0.8 -1.2 -2.6 -2.6 -2 -0.2 1.5 3.1 3.2 3.8 7.7 10.1
-2.6 -2.6 -2.6 -2.6 -2.6 -2.6 -2.6 -2.6 -2.6 -2.6 -2.6 -2.6 -2.6 -2.6 -2.6 -2.6 -2.6 -2.6 -2.6 -2.6 -2.6 -2.6 -2.6 -2.6 -2.6 -2.6 -2.6 -2 -1.5 -1 -0.4 0.1 0.6 1 1.5 1.9 2.4 2.8 3.5 5.5 14.4 8.5 7.4 7 9 12.2 9.2 7.3 6.2 6.2 6.4 7.3 11.1 13.5 10.5 6.8 7.3 6.5 6.4 7.2 8.2 15.1 7.7 6.5 5.1 4.2 4.3 4.2 3.8 3.5 3.3 3.2 2.9 1.5 0.1 -1.3 -2.6 -2.6 -2.6 -2 -2.6 -0.3 0.4 1.7 3.2 8.4
