UK/data/nt/nt96_OST50GRID_20230518/NT96.asc
ncols 200
nrows 200
xllcorner 390000
yllcorner 660000
cellsize 50
[rows 76 to 113 of 200, columns 0 to 84 of 200]
81.9 76.2 75.9 72.2 64 60.9 61.8 62.2 60.9 56.7 56.9 55 53.6 51.8 50.8 48.8 47 46.7 45.5 44.6 43.8 42.8 42.6 42.2 46.5 51.3 51.3 50.5 48.7 43.8 36.6 29.2 26.7 33.9 35.1 35.5 33.1 34.9 31.8 27.5 24.3 21.8 21.3 3.3 -1.9 -1.9 -1.9 -1.9 -1.9 -1.9 -1.9 -1.9 -1.9 -1.9 -1.9 -1.9 -1.9 -1.9 -1.9 -1.9 -1.9 -1.9 -1.9 -1.9 -1.9 -1.9 -1.9 -1.9 -1.9 -1.9 -1.9 -1.9 -1.9 -1.9 -1.9 -1.9 -1.9 -1.9 -1.9 -1.9 -1.9 -1.9 -1.9 -1.9 -1.9
83.3 78.5 76.1 71.8 70.3 65.6 62.1 60.4 59.1 57.3 59.4 59.1 57 53.6 50.6 49.4 48.1 46.7 45.4 44.4 44.6 46 44.1 43.2 42.9 49.4 50.7 50.5 47.2 39.4 33.5 38.9 40.2 41.4 41.3 39.8 37.1 34.8 32.7 30.4 28.6 26.4 22.4 1.8 0 -1.8 -1.9 -1.9 -1.9 -1.9 -1.9 -1.9 -1.9 -1.9 -1.9 -1.9 -1.9 -1.9 -1.9 -1.9 -1.9 -1.9 -1.9 -1.9 -1.9 -1.9 -1.9 -1.9 -1.9 -1.9 -1.9 -1.9 -1.9 -1.9 -1.9 -1.9 -1.9 -1.9 -1.9 -1.9 -1.9 -1.9 -1.9 -1.9 -1.9
79.6 79.3 77.4 71.9 70.8 69.6 67.1 65.6 64.2 61.4 60.5 59.3 57.4 53.6 50.3 49.2 48.2 54.5 53.4 51.5 49.8 48.7 47.6 45.9 39.4 40.3 39 37.9 37.7 41.7 43 45.4 46.6 47.5 47.8 43.8 41.4 39.5 37.6 34.6 31 28.3 20.9 2 0.3 -1.9 -1.9 -1.9 -1.9 -1.9 -1.9 -1.9 -1.9 -1.9 -1.9 -1.9 -1.9 -1.9 -1.9 -1.9 -1.9 -1.9 -1.9 -1.9 -1.9 -1.9 -1.9 -1.9 -1.9 -1.9 -1.9 -1.9 -1.9 -1.9 -1.9 -1.9 -1.9 -1.9 -1.9 -1.9 -1.9 -1.9 -1.9 -1.9 -1.9
76.7 77.5 74.3 73 70.9 70.3 69.3 68.5 62.8 61.2 60 58.9 56.7 52.9 51.5 57.7 59 59.6 56.7 53.3 53.8 53.2 51.9 50.9 49.4 47.5 48.5 45.8 47.4 49.4 50.1 50.8 51.6 56.5 57.2 53.2 47.5 44.9 41.7 38.6 33.7 30 25.7 4.3 0.7 -1.9 -1.9 -1.9 -1.9 -1.9 -1.9 -1.9 -1.9 -1.9 -1.9 -1.9 -1.9 -1.9 -1.9 -1.9 -1.9 -1.9 -1.9 -1.9 -1.9 -1.9 -1.9 -1.9 -1.9 -1.9 -1.9 -1.9 -1.9 -1.9 -1.9 -1.9 -1.9 -1.9 -1.9 -1.9 -1.9 -1.9 -1.9 -1.9 -1.9
70.5 69.2 69.8 71.9 69.3 68 68.2 65.7 63.7 62.3 59.5 57.3 54.4 52.8 57.2 59.6 59.3 58.4 56.9 58.9 60 58.1 57.5 56.1 54.1 53.6 52.6 51.6 52.5 54.3 55.4 55.6 56.8 59.2 58.9 57.4 53.6 50.6 46.6 41.7 37.7 32.6 28.2 7.9 1.1 -0.9 -1.9 -1.9 -1.9 -1.9 -1.9 -1.9 -1.9 -1.9 -1.9 -1.9 -1.9 -1.9 -1.9 -1.9 -1.9 -1.9 -1.9 -1.9 -1.9 -1.9 -1.9 -1.9 -1.9 -1.9 -1.9 -1.9 -1.9 -1.9 -1.9 -1.9 -1.9 -1.9 -1.9 -1.9 -1.9 -1.9 -1.9 -1.9 -1.9
72 69.8 68.2 64.9 66.8 66.2 64.6 64.8 63.3 60.4 57.4 55.7 52.9 58.8 59.7 59.8 60 60.6 61.2 64.1 65.5 64.5 62.6 61.4 59 57.3 56.1 55.6 56.4 58.2 59.9 59.8 59.4 59 58.3 57.1 56 53.6 49.5 44.9 40.3 35.8 30.7 6.8 1.2 -0.9 -1.9 -1.9 -1.9 -1.9 -1.9 -1.9 -1.9 -1.9 -1.9 -1.9 -1.9 -1.9 -1.9 -1.9 -1.9 -1.9 -1.9 -1.9 -1.9 -1.9 -1.9 -1.9 -1.9 -1.9 -1.9 -1.9 -1.9 -1.9 -1.9 -1.9 -1.9 -1.9 -1.9 -1.9 -1.9 -1.9 -1.9 -1.9 -1.9
78.5 75.8 73.3 70.3 65 62.8 60.8 60.3 59.7 57 59.6 62.3 62.5 64 64.6 64.3 64.2 64.8 66.1 67.2 66.8 66.4 66.1 64.8 62.9 61.9 60.3 59.4 59.6 61.4 63 64.4 61.7 60.3 58.9 57.2 55.7 54.7 52 47.8 43.2 38.7 33.9 6.8 1.3 -0.6 -1.9 -1.9 -1.9 -1.9 -1.9 -1.9 -1.9 -1.9 -1.9 -1.9 -1.9 -1.9 -1.9 -1.9 -1.9 -1.9 -1.9 -1.9 -1.9 -1.9 -1.9 -1.9 -1.9 -1.9 -1.9 -1.9 -1.9 -1.9 -1.9 -1.9 -1.9 -1.9 -1.9 -1.9 -1.9 -1.9 -1.9 -1.9 -1.9
80.6 78.1 75.7 72.6 67.5 68 66.7 63.9 62.7 63.4 67.1 68.4 70.7 74.6 70.5 69.7 69.3 68.8 69.3 69.2 68.8 68.2 67.3 66.9 65.6 64.6 62.9 62 62.4 63 64.3 64.7 64.1 61.9 60.2 57.9 55.1 53.3 52.3 50 45.5 41.5 27.5 6.4 1.2 -0.6 -1.9 -1.9 -1.9 -1.9 -1.9 -1.9 -1.9 -1.9 -1.9 -1.9 -1.9 -1.9 -1.9 -1.9 -1.9 -1.9 -1.9 -1.9 -1.9 -1.9 -1.9 -1.9 -1.9 -1.9 -1.9 -1.9 -1.9 -1.9 -1.9 -1.9 -1.9 -1.9 -1.9 -1.9 -1.9 -1.9 -1.9 -1.9 -1.9
81.5 79.7 76.9 74.1 72.2 70.5 68.6 68 68.1 68.5 69.1 71.4 71.5 80 83.4 77.5 73.8 72.4 71 71.3 70.3 69.3 68.5 67.8 66.8 67.4 65.9 65.4 64.5 64.9 65.6 64.5 63.8 62.5 61 58.6 55.1 52.3 49.6 48.3 45.6 33.4 8.7 2.1 0.9 -0.6 -1.9 -1.9 -1.9 -1.9 -1.9 -1.9 -1.9 -1.9 -1.9 -1.9 -1.9 -1.9 -1.9 -1.9 -1.9 -1.9 -1.9 -1.9 -1.9 -1.9 -1.9 -1.9 -1.9 -1.9 -1.9 -1.9 -1.9 -1.9 -1.9 -1.9 -1.9 -1.9 -1.9 -1.9 -1.9 -1.9 -1.9 -1.9 -1.9
82.9 80.4 77.8 76.6 74.6 72.4 70.5 70.1 69.3 70.2 69.3 69.6 70.7 72.5 75.3 80.2 78.5 75.4 73.1 71.4 70.5 69.9 69.8 69.3 68.7 69.5 69.3 68.7 68 67.7 67 65.6 63.6 62.2 61.4 59 56.1 52.4 49.4 47.2 44.5 35.3 7.8 2 0.6 -0.3 -1.9 -1.9 -1.9 -1.9 -1.9 -1.9 -1.9 -1.9 -1.9 -1.9 -1.9 -1.9 -1.9 -1.9 -1.9 -1.9 -1.9 -1.9 -1.9 -1.9 -1.9 -1.9 -1.9 -1.9 -1.9 -1.9 -1.9 -1.9 -1.9 -1.9 -1.9 -1.9 -1.9 -1.9 -1.9 -1.9 -1.9 -1.9 -1.9
84.1 81.6 79.9 78.2 76.5 74.9 73.2 72.1 72.3 70.9 69.3 69.7 69.8 70.9 73.2 75.5 77.1 77.3 74.4 72 70.3 70.4 70.7 71 70.4 70.3 70.4 70 69 68.1 67.4 65.6 63.4 62 60.7 58.4 55.6 52.4 49.2 46.4 43.2 38.6 10.3 5 1.4 0.5 -0.1 -1 -1.9 -1.9 -1.9 -1.9 -1.9 -1.9 -1.9 -1.9 -1.9 -1.9 -1.9 -1.9 -1.9 -1.9 -1.9 -1.9 -1.9 -1.9 -1.9 -1.9 -1.9 -1.9 -1.9 -1.9 -1.9 -1.9 -1.9 -1.9 -1.9 -1.9 -1.9 -1.9 -1.9 -1.9 -1.9 -1.9 -1.9
85.5 83.5 81.6 79.7 78.1 76.8 76.5 75.4 74 72.5 70.8 72 71.2 69.2 70.5 72.5 72.3 74.6 73.9 73.4 71.6 71.5 71.2 71.1 71.5 71.9 72 71.2 69.2 68.2 66.9 64.8 62.1 60.3 59 56.4 54.4 52 48.7 45.7 42.9 40.3 26.5 9 3.3 1.5 0.9 0 -0.7 -1.9 -1.9 -1.9 -1.9 -1.9 -1.9 -1.9 -1.9 -1.9 -1.9 -1.9 -1.9 -1.9 -1.9 -1.9 -1.9 -1.9 -1.9 -1.9 -1.9 -1.9 -1.9 -1.9 -1.9 -1.9 -1.9 -1.9 -1.9 -1.9 -1.9 -1.9 -1.9 -1.9 -1.9 -1.9 -1.9
88.1 85.4 83 80.8 79.5 78.4 78.1 77.2 75.6 74.4 73.6 73.4 71.9 70.6 70.2 69.6 71.2 71.9 72.3 73.5 72.7 72.4 71.9 71.6 71.6 71.6 71.1 70.3 69 67.5 65.4 63.9 61.3 58.4 56.5 54.8 53.2 51.9 49.3 46.4 43.4 40.3 37.5 32.9 9.5 6.2 1.8 1.1 0.6 -0.5 -1.9 2.1 0 -1.1 -1.9 -1.9 -1.9 -1.9 -1.9 -1.9 -1.9 -1.9 -1.9 -1.9 -1.9 -1.9 -1.9 -1.9 -1.9 -1.9 -1.9 -1.9 -1.9 -1.9 -1.9 -1.9 -1.9 -1.9 -1.9 -1.9 -1.9 -1.9 -1.9 -1.9 -1.9
91.3 88.4 85.5 83 81.3 80.5 78.8 78 76.6 75.8 75.8 74.7 73.5 71.7 70.3 69.3 69.1 69.3 71.1 71.6 72.1 72.5 72.4 71.9 71.5 70.4 69.4 68.6 67.3 66 64.1 63.6 60.9 58.1 56 54.7 53.2 51.7 49.6 47.4 43.8 39.9 37.2 34.9 33.5 11.9 6.8 4.6 1.9 1 1.4 2.1 1.2 0.3 -0.8 -1.9 -1.9 -1.9 -1.9 -1.9 -1.9 -1.9 -1.9 -1.9 -1.9 -1.9 -1.9 -1.9 -1.9 -1.9 -1.9 -1.9 -1.9 -1.9 -1.9 -1.9 -1.9 -1.9 -1.9 -1.9 -1.9 -1.9 -1.9 -1.9 -1.9
93.3 91.4 89 86.5 84.9 83 80.9 79.3 77.8 77.3 75.8 74.2 73.3 72.4 70.8 70.3 69.3 68.8 68.8 69.1 69.8 71.5 71.8 71.4 70.3 69.3 67.7 66.4 66.5 65.3 64.6 63.1 61.2 58.4 55.8 54.6 53.1 50.9 48.7 46.9 44.9 40.6 38.3 36.5 34.6 33.1 22.2 20.4 6.4 2.2 22.6 33.4 11.8 1.4 0.4 0 1.9 0 -1.9 -1.9 -1.9 -1.9 -1.9 -1.9 -1.9 -1.9 -1.9 -1.9 -1.9 -1.9 -1.9 -1.9 -1.9 -1.9 -1.9 -1.9 -1.9 -1.9 -1.9 -1.9 -1.9 -1.9 -1.9 -1.9 -1.9
94.9 94.3 91.7 89.1 87.7 86.2 84.1 81.7 79.8 77.7 75.4 73.6 72.4 71.7 71.7 70.7 69.9 69.5 69.1 69 69.3 69.9 70.5 70.2 69.8 68.8 67.3 65.9 64.9 63.3 64 62.8 61.1 58.5 55.7 54.7 51.9 49.7 47.7 46.9 45.7 42.5 39.1 36.9 35.2 34.1 32.9 28.4 20.2 10.1 34.6 35.7 37.3 9.7 1.8 2 2 0.1 -1.9 -1.9 -1.9 -1.9 -1.9 -1.9 -1.9 -1.9 -1.9 -1.9 -1.9 -1.9 -1.9 -1.9 -1.9 -1.9 -1.9 -1.9 -1.9 -1.9 -1.9 -1.9 -1.9 -1.9 -1.9 -1.9 -1.9
95.9 95.2 93.2 91.7 90.2 88.7 86 84.3 81.1 79.5 77.1 74.5 72.3 71.7 71.5 71.1 70.5 70 69.4 69.1 68.8 68.8 68.7 68.8 68.8 68.2 66.2 60.6 59 59.1 58.6 60.9 59.2 57.5 49.5 53.3 51.1 49.5 46.8 31.6 27 37.1 30.9 33.1 17.9 20.5 19.6 18.2 10.9 30.8 36.9 37.9 39.1 39.8 41.6 42.2 1.9 0.8 0.1 -1.9 -1.9 -1.9 -1.9 -1.9 -1.9 -1.9 -1.9 -1.9 -1.9 -1.9 -1.9 -1.9 -1.9 -1.9 -1.9 -1.9 -1.9 -1.9 -1.9 -1.9 -1.9 -1.9 -1.9 -1.9 -1.9
95.8 94.8 94 93.4 92.2 90.8 89.6 86.5 85.2 81.9 79.9 76.6 75 74 73.5 72.5 71.5 70.4 69.6 68.9 69.2 68.9 67.6 65 64.3 64 65.8 65.8 64.2 63.7 60.9 56 54.2 56.8 55.7 53.4 51.2 48.1 49.2 47.3 44.6 39.2 41.2 37.5 35.4 21.9 31.8 33.6 21.9 36 37.9 39.8 40.6 41.9 43.3 43.3 9.1 2.1 1.3 -0.3 -1.9 -1.9 -1.9 -1.9 -1.9 -1.9 -1.9 -1.9 -1.9 -1.9 -1.9 -1.9 -1.9 -1.9 -1.9 -1.9 -1.9 -1.9 -1.9 -1.9 -1.9 -1.9 -1.9 -1.9 -1.9
95.4 94.5 94.2 93.6 93 92.1 90.7 89.1 86.3 85.6 84.5 81.2 78.9 77.5 76.1 74.6 73.2 72.5 71 69.9 69.5 68.8 67.6 65 66.8 67.6 68.3 67.1 66.1 64.7 62.8 61 58.8 57.9 55.6 53.9 51.9 50.8 49.6 47.5 45.6 43.5 39 26.7 34.3 36.1 34.7 34.7 36.1 38.6 40.3 40.9 42.2 43.4 43.9 42.9 36.2 6.8 1.8 0.2 -0.8 -1.9 -1.9 -1.9 -1.9 -1.9 -1.9 -1.9 -1.9 -1.9 -1.9 -1.9 -1.9 -1.9 -1.9 -1.9 -1.9 -1.9 -1.9 -1.9 -1.9 -1.9 -1.9 -1.9 -1.9
94.9 94.8 94.1 94.7 93.7 92.6 91.2 91 90.3 88.6 87 83.9 81.8 80.4 78.1 76.1 75.1 73.5 72.9 71.4 69.5 68.4 65.5 67.2 68.1 68.9 68.2 68.6 66.9 65.7 64.4 61.8 59.2 57.5 55.2 53.3 51.8 50.7 49.1 47 45 43.8 42.5 29.9 39.9 38.5 37.6 37.6 39 41.5 44.7 46.4 44.8 43.6 42.9 42.6 40.9 27.6 6.2 1.3 1 0.8 1.5 30.3 27.8 0.6 -1.9 -1.9 -1.9 -1.9 -1.9 -1.9 -1.9 -1.9 -1.9 -1.9 -1.9 -1.9 -1.9 -1.9 -1.9 -1.9 -1.9 -1.9 -1.9
93.5 94.6 95.1 94.8 94.4 93.1 91.3 91 91.6 90.8 89.5 87.7 85 83.2 81.1 78.4 76.8 75.1 73.7 71.9 69.7 66.9 69.1 68.9 68.9 69.1 68.2 68 67.4 66.9 65.7 63.9 60.4 57.3 54.6 52.9 51.4 50.2 49.4 47.5 46.4 45.1 42.7 39.4 41.5 40.9 40.5 41.3 42.8 46.7 51.2 52 49.9 47.9 46.5 44.5 41.6 41 27.6 9.4 16.7 4.1 12.6 29.1 27.4 1.8 0.3 -1.9 -1.9 -1.9 -1.9 -1.9 -1.9 -1.9 -1.9 -1.9 -1.9 -1.9 -1.9 -1.9 -1.9 -1.9 -1.9 -1.9 -1.9
93.1 93.2 94.5 95.1 94 93.1 91.2 91.2 92.3 92.5 91.5 90 88.9 86.8 83.4 80.8 79.1 77.1 74.9 72.3 69.4 71 70.6 70.1 69.8 69.1 68.5 68.2 66.8 66.6 65.5 64.1 60.8 57.6 54.6 53.6 52.5 51.6 50.3 49 47.4 45.7 40.2 43.4 43.7 43.4 43.7 45.6 47.8 52.6 57.1 57.7 55.8 53.8 51.4 48.9 46.7 44.9 42 39.4 36.4 33 30.1 28.9 27.1 26.5 1.5 -1.9 -1.9 -1.9 -1.9 -1.9 -1.9 -1.9 -1.9 -1.9 -1.9 -1.9 -1.9 -1.9 -1.9 -1.9 -1.9 -1.9 -1.9
92.8 92.4 93.3 94.4 93.3 92 90.6 90.8 91.7 91.5 91.7 91 88.7 88 85.5 84 82.9 80.6 78.1 69.8 73.7 73.2 72.8 71.9 71.2 70.1 69 67.9 66.6 66.1 64.7 63.3 60.7 58.1 57.3 55.2 54 52.4 51.7 50.1 48.2 46.2 40.1 46 46.4 45.7 47.7 51.1 56.3 61.2 63.3 63.6 62.6 59.6 57 53.6 50 47.3 44.9 42 37.9 36.1 33.3 30.2 27.8 26.4 1.3 -0.2 -1.9 -1.9 -1.9 -1.9 -1.9 -1.9 -1.9 -1.9 -1.9 -1.9 -1.9 -1.9 12 -1.9 -1.9 -1.9 -1.9
92.6 92.1 91.8 92.9 92.7 91.6 89.9 89.2 89 88.6 89.5 89.6 88.7 88.5 87.8 87.3 86.7 84 73.3 77.9 78.9 77.5 76.1 74.3 72.6 71.3 70 67.9 66.6 65.5 64.4 63.5 62.8 61 59.7 58.1 56.2 54.5 53 51.5 49.3 45.9 47 48 49.4 50.4 53.6 57.8 64.2 67.4 68.8 67.7 66.9 64.6 63.4 58.8 54.6 50.9 47.7 44.8 42.2 39.7 36 32.2 29.2 22.5 1.5 0.4 -0.6 -1.9 -1.9 -1.9 -1.9 -1.9 -1.9 -1.9 -1.9 -1.9 -1.9 10.4 18.3 -1.9 -1.9 -1.9 -1.9
92.7 91.8 91.5 91.5 92.1 91.3 90 89.6 88.6 87.7 88.3 89 89 87.8 87.3 87.8 87.1 84.5 76.4 82.9 82.3 81.1 79.4 77.6 75.8 73.4 70.5 68.6 67.2 65.4 64.1 63.1 62.2 61.8 61.7 60.6 59.8 58 55.3 53.4 50.4 45.3 48.6 50 51.6 54 57.5 62.9 67.5 70.8 71.7 72 70.5 69 66.8 63.7 60.7 56 52.2 48.5 46.4 43.7 39.8 35.5 31.5 29.1 2.1 1 -0.1 -1.9 -1.9 -1.9 -1.9 -1.9 -1.9 -1.9 1.1 18.6 4.9 13.2 21.4 0 -1.9 -1.9 -1.9
93.2 92.7 91.4 90.6 92.2 91.4 89.6 89.1 88.8 87.7 86 85.9 85.3 86.5 87.7 87.4 87.2 81.9 81.3 85.2 85.1 83.9 82.5 81 79 76.4 73.2 70.1 67.7 65.7 64.2 63.4 61.8 61.3 61 61.8 61.3 60.3 58.7 55.6 48.6 51.3 51.2 52.2 54.9 57.9 62.1 67.7 70.4 72.3 73.8 74.5 73.7 72.5 70.2 67.7 64.6 60.6 58 53.4 50.8 47.8 44.2 40.3 36.3 33.8 14.2 1.9 1.3 0.3 -0.4 -1.1 -1.9 -1.9 -1.9 -1.9 15.6 19.3 20.9 21.5 22.2 2.1 1.7 4.6 -1.9
95.1 93.5 91.8 90.5 89.9 89.1 87.4 87.9 85.6 84.9 84.8 84.5 83.9 82.1 81 85.6 84.4 75.9 84.4 86.5 86.1 85.4 84.3 82.6 80.5 78.7 75.5 73.2 69.1 66.3 64.7 63.6 62.1 61.3 60.8 60.1 59.8 60.5 59.9 55.9 54.4 54.9 54.2 54.7 57.7 62.2 66.3 68.9 72.3 73.9 75.9 75.8 75.2 74.3 72.8 70.5 67.7 65.3 62.3 59.5 57.7 53.4 49.2 45.7 42.2 38.8 34.3 23.9 3 1.5 0.9 0 -1.1 -1.9 -1.9 8.6 18.8 20.3 21.2 22.1 22.9 23.4 24.4 23.5 19.5
98.9 95.9 93.8 92.3 91.5 91.2 91.1 91 90.1 88.3 86.5 88.6 88.5 86.2 82 81.1 80.4 82.8 85.3 87.1 87.8 86.4 85.2 84.5 82.9 81.5 78.5 75.1 72.1 68.6 65.8 64.1 63.1 61.8 61 60.1 59.5 58.3 58.6 56.3 58.4 58.1 57.8 57.7 59.8 64.7 68.3 70.7 72.6 75.4 77.1 77.2 76.5 75.4 74.5 73.3 71.1 69.3 67.8 65.5 62.9 60 56 50.6 47.1 43.6 39.2 36.1 27 27.9 2.1 0.9 -0.2 -1.9 1.1 21.8 21.8 21.8 20.7 22.5 22.4 22 22.1 21.1 22.8
102.7 99.8 96.6 94.5 93.2 91.9 92.4 91.4 90.2 88.4 89.4 96.6 94.5 89.4 85.1 83.1 85.6 87.9 88.6 88 87.6 87.7 86.4 85.1 84.6 83.8 81.1 77.6 73.7 69.9 66.2 66.2 64.8 62.7 61.4 60.7 59.9 58.2 56.7 55.1 58.5 60.1 60.6 61.5 63.8 67.2 69.1 73.1 75.8 78.3 79.5 79.5 78.3 76.6 75.2 73.8 73.5 72.6 71.3 70 68.2 64.4 60.1 56.1 52.7 47.2 43.8 41.2 38.6 36.7 13 1.9 1 1.3 22.4 26.9 26 24.6 21.5 20.7 20.8 20.6 20.1 20 22.3
106.6 104 100.9 98.6 96.8 94.3 94 94.1 92.2 90.7 93.5 101 99.7 94.7 89.7 88.2 89.8 92.3 91.6 90.2 88.8 87.6 87.1 85.7 85 84.3 82.3 78.7 74.1 70.3 68.6 68.3 66.8 64.3 63 61.9 60.6 59.6 58 55.8 58 59.8 61.4 64 67.1 68.7 71.4 75.3 79.8 80.5 80.2 80.9 81.1 80 77.6 75.6 76.3 75.7 74.6 73.1 70.8 68.1 64.9 61.1 56.8 51.9 49.4 46.5 43.8 41.8 40.6 13.1 2.2 18.9 34 31.1 29.7 27.6 23.1 21 20.3 20.7 19.4 18.7 19.2
108.8 107.1 104.6 102.5 100.3 98.1 96.8 97.1 96.9 94.4 99.6 104.2 102.9 98.8 94.9 92.6 96.7 97.9 95.3 93.1 91 88.6 87.1 85.9 84.7 83.9 81.8 78.3 73.1 73.9 72.6 70.1 68.3 65.6 64.7 63.5 62.4 61.4 59.5 57.3 57.9 59.7 62 65.2 69.1 72.6 76.7 78.9 82 83.7 82.7 82.8 82.9 83.8 81.6 79.1 79.6 78.6 76.9 75.2 72.4 69.9 67.8 64.5 60.7 56.2 53.1 50.7 48.9 45.9 43.7 41.6 23 38.6 37.8 35.8 33.1 28.7 25.2 23.3 20.8 19.9 18.6 18.8 16.1
109.6 107.5 106.5 105 102.5 100.6 99.4 99.1 98.7 98.1 105.1 106.5 105.2 102.2 97.9 99.3 102.9 100.9 98 95.3 92.8 90 88 86.5 85 84.1 81.8 78.5 77.2 77.8 76.6 73.4 70.5 68.4 67.7 66.1 64 62.4 60.2 58.7 62 65.4 67.1 79 81.5 84.2 83.6 83.3 86.6 86 85.5 85.6 86 85.5 85.3 83.1 80.7 79.7 78.3 76.2 73.8 71.1 68.6 66 62.8 59.3 56 53.1 50.2 48 45.6 43.4 41.7 40.6 40.3 39 36.7 31 25.5 24.2 22.6 20.7 18.9 18.7 14.7
108.7 108.4 107.8 106.2 105 103.7 103.2 101.5 101.2 103.4 108.7 110.2 107.6 104.5 101.7 104.2 106.2 104.4 102 98.2 95.1 91.6 88.9 86.9 85.4 84.1 82.2 82 82.2 79.6 82.2 78 73.9 71.7 70.5 68 65.3 63.3 61.3 58.9 70.4 81.6 82.5 84.3 87.1 89.1 88.4 86.6 86.7 87.8 87.4 87.8 87.3 85.5 85.3 84.8 83.2 81 79.8 78.6 75.9 72.4 69.6 66.8 64.1 59.8 56.8 54.8 51.6 48.9 46.1 43.8 42.7 41.1 41 39.4 38.2 34.1 28 24.7 23.5 22.9 21.4 19.2 18
108 109 109.6 108.4 107.4 106.6 105.5 103.2 103.7 107.9 114.5 115 111.6 107.1 105.5 108 108.5 107.2 104.5 102.5 98.6 96.2 91.8 88.6 86.5 84.4 82.4 83.7 85.4 90.2 90.8 84.9 80.6 75.1 73.1 70.8 67.8 64.9 63.1 60.1 69.7 94 92.1 91.8 90.7 89.1 88.8 88 87.3 87.4 89 89.5 88.3 86.1 85.4 87 82.9 82.4 80.7 80.1 79.6 75.7 70.8 67.6 64.7 59.7 56.7 54.3 52.1 49.7 47.5 46 43.7 41.3 40.2 40.3 38.4 35.5 31 26.1 25.1 24.6 24.1 21.2 14.5
107.6 108.4 109.3 109.2 108.3 107.5 107.4 102.9 104.7 110.7 114.9 116.6 114.2 111.1 109.4 110.8 109.5 108 107.4 105 104 105.2 102 97.4 90.2 86.2 83 83.4 85.6 88.9 89.6 88.8 85.7 81.1 77.7 73.8 70.7 68.5 64.8 62.2 61.9 73.8 91.4 94.7 93.2 91.3 89.2 88.6 87.8 86.6 89.2 91.4 89.8 88 85.1 84.3 83.1 81.4 80.3 79.1 79.6 79 73.1 68.6 65.3 62 56.6 53.4 50.8 48.8 48 46.3 44.5 42.7 40.4 37.9 37.9 34.8 31 29.3 25.7 24.6 22.2 20.3 12.2
106.3 107 108.4 108.4 108.5 108.9 109.5 104 104.5 112.4 114.9 116.6 116 114.3 111.8 110.3 110 109.6 108.3 107.6 108 108.4 108.1 106.9 104.1 95.6 90.5 87.4 85.6 83.4 82.9 85.6 87.3 86.4 83.2 79 75.2 71.7 67.4 64.9 63.6 63.3 69.2 81.8 92 93.1 91.7 89.3 86.6 84.2 86.6 90.5 90.2 89.1 85.3 83.4 82.6 81.7 79.5 77.7 77.9 77.6 74.4 70.4 66.4 61 56.6 52.5 50.2 48.3 46.8 44.6 43.5 41.3 38.9 38.6 36.3 34.2 32.1 31.4 27.5 22.6 17.8 11.2 9.9
101.7 104.5 106.7 107.5 108.3 108.8 108.5 105.5 104.2 110.7 115.9 117.1 116.4 115.8 114.4 113.1 111.3 109.7 108.8 108 108.4 108.6 109.3 110 109.7 107.2 104.8 99.6 91.3 86.2 81.5 81.1 82.2 84.1 85.6 84.4 80.3 76.9 72.5 68.6 66.4 65.7 65.8 69.7 77.7 85.2 90 89.8 87.9 84.6 82.6 84.5 88.1 87.8 84.9 82.5 80.9 81 78.9 76.4 74.6 74.2 72.2 69.7 66.3 62 57.4 52.8 50.2 47.9 45.3 42.5 40.5 39.7 38 36.7 35.9 34.5 33.2 30.4 26.3 25.1 22.6 19 17.6
107.3 105.2 98.4 98.4 101.6 107.6 108.1 106.7 103.7 109.5 114 115.1 115.5 115.8 115.3 114.4 112.9 110.6 108.8 108.1 107.5 107.4 108.9 111.2 111.9 112.6 111.3 109 105.6 98.7 90.7 84.2 81.8 81.4 82.3 84.4 84.4 82.1 78.1 73.5 69.7 68.5 67.7 67.7 70.1 74.2 79.5 85 86.8 85.2 83.2 81.4 82.1 84.6 83.4 81.3 79.1 77.7 77.2 75.5 72.6 70.3 68.6 66.9 64.4 61.2 58.1 53.7 49.3 47.4 44.6 42.5 40.3 37.7 36.5 35.3 35.1 33.9 31.9 30.6 29 27.1 25.2 23.3 20.8
