WholeMapElevations/data/so/so27_OST50GRID_20230518/SO27.asc
ncols 200
nrows 200
xllcorner 320000
yllcorner 270000
cellsize 50
[rows 70 to 104 of 200, columns 78 to 155 of 200]
221.3 227.8 238.5 246.1 247.3 248.2 248.5 247.7 244.8 236.1 219.1 213.1 219.2 226.2 247.2 274.8 289.7 296.3 298.7 300.3 301.1 302.4 304.1 305.1 305.3 303 303.2 300 291.7 283.2 274.2 269.3 263.6 278.1 284.7 286.5 281.7 284.5 290.1 291.5 292.6 293.2 295.4 296.1 296.9 300.1 306.6 300.4 287.3 282.2 278 275.3 273.1 259.5 250.4 260.2 269.9 281.4 292.2 305.6 325.3 353.1 371 371.5 368 364.4 356.2 351.4 348.4 340 330.8 323.3 317.2 312.6 308.8 304.1 297.1 287.8
216.9 221.7 230.1 238 242.5 242.4 242.2 241.2 240.5 235.1 217.6 210.5 221.2 229.7 244.8 268.2 278 284.1 286.1 288.9 291.2 294.2 295.9 299 302 302.7 305.8 300.8 291.4 281.4 272.4 268.2 258.8 272.2 278.8 274.5 269.6 271.5 275.6 279.1 280.8 282.9 285.6 289.9 295.8 306.3 306.1 295.3 286.6 282.1 277.7 274.7 266.6 256.4 252.6 264.3 274.3 285.9 296 309.1 331.7 362 377.5 373.9 369.8 363.3 357.8 355.3 350.6 341.7 330.6 324 318.1 313.2 308.7 303.7 295.4 301.5
213 215.3 221.3 228.9 236.2 239.5 236.9 234.6 235.4 233.4 219.5 209.7 219.2 231.1 241.3 256.1 265.4 269.5 272.6 276.8 280.6 285.6 290.1 294.9 298.5 302.6 306.3 298.9 287.1 281 272.9 264.4 258.4 265.4 265.1 264.2 261.7 261.5 265.4 270.4 274 280.2 286.9 295.3 303.5 307.1 303.2 293.5 284.4 280.5 275.9 272.8 266.9 252.8 257.5 265.9 275.9 285.5 293.7 309.8 333.8 363 377.2 375.9 369.2 366.9 362 357.6 351.9 341.7 331 323.8 318.9 314.9 312.2 305.5 306.2 311.6
210.8 212.1 215.2 219.7 225.7 232.2 230.5 227.3 228.5 228.1 219 210.3 214.5 225.2 238.5 245.1 251.2 255.6 260.5 267 270 274.7 281.5 289.1 295.6 302.3 305 289.6 281.3 278.3 272.1 261.7 255.3 261.1 259.1 256.5 255.9 256.8 260.2 265.9 274.4 285.5 294.5 302.9 305.5 305.9 301.5 295.7 286.9 279.7 270.7 266.4 261.3 250.6 256.1 263.7 272.6 279.2 290.5 309 334.5 361.3 375.9 375.9 370.5 366.5 362.8 357.8 351.2 339.9 329.8 321.9 317.2 312 307.8 309.9 316.6 321.1
202.6 206.9 211.7 212.8 216.7 220.4 221.6 219 220.8 222.1 219 211.3 209 218.5 229.7 234.3 239.4 244.8 251.3 257.8 260.9 266 274 286.7 293.4 302.7 296.5 285.8 277.8 275.1 270.3 261.3 255.1 253.7 254.5 253 253.1 255 261.6 270.4 280.7 293.2 301.5 303.3 305 302.6 300.6 295.5 288.1 279.6 268.5 258.9 253.3 247.5 252.7 259.6 267.2 276.1 293.1 316.5 342.8 365.7 377.3 375.9 372.9 368.2 363.6 356.5 347 336.8 326.9 320 316.1 316.8 316 320.8 327.2 331.4
203.9 201.4 202.8 200.8 211.2 212.8 214.9 214.8 214.5 214.8 214 212.4 205.2 212.5 222.6 228.4 232.7 239.4 245.5 251.4 255.7 261.6 274.5 285.8 293.8 297 290.1 282.2 274.9 272.3 271.7 267.5 256.6 249.9 249 251.2 251.2 257 264.9 277.4 290.3 300 304.6 300.1 300.8 300 298.5 294.9 286.4 275.3 265.2 252.6 246.6 242.7 250.7 257.7 267.2 279.3 300.7 326 354.6 369.3 376.8 376 374.4 368.4 362.8 354.4 344.7 335.6 327.3 323.1 321.7 323.3 326.7 332.8 338.3 342.1
203.8 203.4 203.4 203.1 202.3 202.4 205.1 212.3 212.1 212.2 212 211.1 206 205.9 217 220.9 225.5 232.4 238.4 243.6 253.6 260.8 275.6 285.4 290.5 289.4 287.8 285.7 276 271.6 269.1 265.5 256.4 250.3 246.8 247.1 249.8 258.4 271.6 285.5 295.3 301.9 302.2 297.6 298.2 297.2 294.6 289.6 277.3 266.4 253.3 245.1 242.3 243.9 251.3 259.7 269.6 286.9 309.5 336.1 361.1 369.5 374.8 377 374.5 369 365.9 357.1 347.4 339.2 333.3 331.3 333.8 336.6 339.1 346.9 351.5 353.4
203.5 203.4 203.3 202.8 202.2 200.5 201.8 201.3 199.6 200.1 199.9 207.4 205.3 204.9 212.6 214.9 217.5 222.5 230.4 244.3 251.7 261.5 269.9 281.2 288.8 293.7 293.8 290 279.4 269.6 263.5 259.6 256.6 251.1 246.7 243.7 251.7 264.8 279.1 291.9 301.3 299.3 297.9 296.3 295.4 294 287.3 276.3 264.9 254 246.2 240.8 238.2 245.4 253.7 262.9 275.6 295.1 318.8 346.8 365.9 373.3 377.3 379.5 375.1 370.9 369.6 361.7 352.2 342.8 342 343.5 347 349.6 354 359.3 362.3 363.3
203.3 203.2 202.9 202.6 202 200.3 201.1 199.8 199.6 198.7 198.3 199.5 201.2 201 209.6 209.4 210.8 214.2 222.8 234.4 244.9 253.8 261.1 273.4 284.2 293 294.7 292.5 280.6 271.5 265.1 259.5 255.7 251.8 245.8 242.2 255.9 269.9 282.4 292.1 297 293.8 294.2 292.4 290.3 285.7 275.8 265.2 254.7 248.3 244 238 241.5 250.1 258.1 267.4 282.8 302.2 327.8 354.5 368 378.1 380 380.9 376.2 374 370.8 364.5 354.8 352.7 353.8 358.4 361.3 364.8 367.6 369.9 371.5 372.5
205.2 203 203.5 202.6 202.3 202.3 201.3 200.8 201.7 201.4 200.4 199.9 198.8 199.6 199.6 199.5 198.5 202.6 211.6 223.5 232.3 242.1 253.8 269.3 282.5 293.4 297.4 292.4 281.6 273.5 267.8 261.6 255.6 256 249.7 242.8 257 270.6 281.1 289.5 288.9 288.2 286.5 283.2 281.4 273.3 262.8 254.4 247.6 243.1 240.4 236.2 245 253.7 263.2 276.2 290 302.7 323.9 351.6 366.8 379.7 380.2 380.9 378 375.7 371.9 366.5 363.2 363.7 367.3 370.3 373.4 375.9 377.9 379 379.5 379
212.7 207.4 204.8 204.2 203.2 202.6 200.3 202.2 202 201.6 200.8 201 200.3 198.2 199.3 198.8 198.9 197.9 198.2 211.7 222.6 234.3 250 267.8 279.8 292.9 296 291.5 282.8 273.7 266 264.9 261.6 252 247.3 242.1 254.6 264.8 275.5 280 281.7 283.2 278.9 275.2 270.9 260 250.2 245.8 242.5 236.6 233.7 242.4 250.6 259.6 270.6 285.8 302.9 322.7 342.1 355.8 366.3 378 381.4 381.7 377.8 376.6 374.9 373.6 372.9 376.2 378.8 381.3 383.4 384.4 385.1 385.1 384.5 383.3
229.7 226 221.4 214.1 204.6 203.5 202.7 202.2 201.9 201.6 201.2 200.5 200.1 199.6 198.1 198.3 198.7 198.1 197.5 197.5 215.5 232.6 247.8 264.6 278.3 290.1 295.7 294.5 278.3 266.5 265.8 268.7 268.2 255.5 245 236.2 249.1 257.5 266.8 270.4 272 275.6 271.9 266.3 253.3 245.4 239.7 238.1 235.6 231.8 241.1 248.3 256.4 267 279.2 295.1 312 332.2 351 362.6 373 380.9 381.7 380.3 379 380.4 381.2 381.6 383.1 386.4 389.4 390.6 390.2 389.9 390.1 388.5 387.5 387.7
251.6 249.1 246.2 237.2 218.7 209.3 207.6 203.8 201.9 201.7 201.1 201.1 202.2 199.3 199 198.8 198.4 198.2 197.7 195.1 203.9 225.8 239.6 257.8 271.9 283.1 292.7 278.8 264.1 263.2 265.8 268 267.1 260.9 247.7 237.5 240.8 245.5 253.2 259.1 264.2 273.6 265.1 253.1 243.9 235.4 233.9 231.7 231.9 238.5 246.1 254.3 263.2 274.4 288 301.8 320 341.6 358 366.3 378.3 381.6 381.9 381.4 383.6 386 387.4 389.5 393.4 394.3 394.6 392.7 392 394.1 393.7 391.7 391.1 389.7
278 275.7 273.8 258.5 236.6 228.3 226.1 222.3 221.7 221.5 231.6 233.8 216 205.6 198.5 198.6 197.9 197.8 197.8 196.8 196.9 216.6 230.5 245.3 264.9 278.2 282.3 260.6 260.3 264.3 266.5 267.1 263.7 261.2 250.9 239.6 233.1 234.3 245.7 254.7 267.3 259.3 246.2 242.1 234.1 230.9 229.4 227.7 235.3 244.1 253.1 262.1 271.3 282 294.8 308.7 329.3 349.3 363.2 374.4 383.6 383.8 383.4 385.8 389.6 391.3 393.2 395.4 397.2 396.8 392.9 391.1 391.3 392.2 391.9 390.6 390.6 389.9
306 306 301 278.2 260.4 253.8 248.8 247 251 258.9 259.3 232.2 213.6 207.5 205.6 198.1 197.5 197 196.9 196.4 196.8 211.2 227.1 246.2 264.2 273.9 269.8 257.6 258.7 264.6 268.4 265.5 256.7 253.1 248.5 243.1 241.9 227.5 243.5 258.9 271.5 264.4 242.7 233.8 229.9 227 226.9 232.9 239.7 248.5 258.5 268.6 277.6 287.5 301 317.9 338 355.6 369.2 382.3 384.4 385.4 386.4 391.9 394.9 397.1 400.1 400.3 396.8 392.4 390.5 389.6 390.7 391.5 390.8 389.5 388.4 387.3
332.1 328 306.1 293.5 281.4 277.6 275.9 270.5 269 261.6 244.3 222 210.6 206.3 204.8 202.6 200.2 197.8 196.7 196.3 196.4 206.6 228.4 244.4 260.5 257.7 258.9 257.3 261.7 267.9 264.1 256.4 250.8 247.6 244.7 239 232.6 228.6 250.4 268.7 276.9 275.1 259.9 238.2 228.2 224.1 227.2 233.5 241.7 254.9 265.1 273.1 281.9 293.5 309.2 328.6 349.3 363.9 374.9 381.6 385.4 388.3 393.8 397.9 399.7 403 402.9 397.1 391.8 388.7 389.3 390.4 391.4 391.1 389.8 387.9 385.3 383.7
335 324.3 313.8 303.1 291.5 285.5 281.2 275.3 269.1 251 234.9 215.4 206.3 203 202.5 203.5 200.4 197.4 196.4 195.9 195.6 205.6 223.5 229.7 235.9 244.7 255.6 261.1 256.3 254.2 251.9 248.1 245.8 238.3 226.5 220.8 231.8 240.5 261.9 281.3 286.7 284 265.3 239.5 227.3 221.8 226.8 232.4 249.9 262.4 268.5 275.7 285.5 299.8 317.5 340.3 360.9 376.4 384.4 388 389 392.4 398.4 401.4 404 400.4 397.4 390.6 387 385.3 386.4 389 390 389.5 387.6 385.2 381.8 378.8
336.6 328.3 315.2 302.8 289.7 284 278.1 271.9 259.5 243.9 225.1 210.4 202.7 199.4 201.1 204.1 201.5 198 196.7 195.7 195.1 201.2 211.6 218.3 226.8 242 254.6 254.4 248 244.5 243.4 241.4 228.2 216.5 231 235.2 241.9 253.1 273.5 290.1 289 284 263.6 239 225.7 221.6 226.2 232.6 257.2 266.7 271.7 278.6 289.3 306.1 327 353.3 372.5 386.9 386.1 385.5 384.2 391.2 401.4 404.7 402.9 399.1 390.8 387.1 386.3 384 384.6 386.2 386.3 384.2 381 377.9 375.9 372.4
331.1 322.7 308.6 297.8 284.7 275.5 267 257.6 245.2 230.2 216.6 207.1 200.9 198.7 198.2 200.8 199.8 198 197 195.5 195.9 194.8 205.8 213.5 226.2 237.8 244 240.4 235.4 236.1 236.2 229.3 213.6 235 241.7 243.3 248.8 265.3 286.9 290.2 287.1 278.7 256.6 235.9 226.2 219.5 225.6 238.1 258.7 267.9 273.2 280.1 293.9 313.2 337.8 362.7 377 381.9 376.2 375.3 380.4 394.3 400.9 403.6 402.8 393.7 386.8 382.9 381.6 381.2 381.4 383.3 384.1 381.9 378.3 374 369.3 365.1
323.8 314.1 301.6 289.6 275.9 266.9 250.8 238.3 227 218.8 213.1 207.2 201.8 200.3 198.3 197.8 198.2 197.6 196.9 196.2 195 194 196.7 210.7 222.8 227.8 230.4 228.2 223.7 224.8 227.1 217.8 219.5 234.8 241.1 246.7 259.4 280.5 291.1 288.1 283.8 274.5 252.8 231.4 224.9 217.6 225.2 241.2 258.6 267.7 273.5 282.1 297 319.6 346.4 362.5 366.8 365.7 358.2 358.1 380.2 391.6 402 407.2 400.1 387.6 382.5 379.5 376.1 372.7 379.6 383.1 382.5 379.8 377.5 373.6 369 362
312.8 303.3 293.2 277.8 265 251.9 235.2 225.7 219.8 214.8 211.5 207.7 204.3 201.4 199.1 197.4 197.3 196.8 197 196 194.9 194.2 194.2 204.6 213.4 217.3 216.5 215.4 214.8 217.1 215.8 209.6 225.5 235.4 243.5 254.7 274.7 290.2 288.8 285.7 281.2 269.9 248.4 229.5 222.9 217.2 225.9 244.7 257.6 265.2 271.8 282.8 300.3 324.4 340.8 348.1 346 339.6 336.6 348.5 374.7 395.5 406.8 400.5 386.3 380.2 375.8 370.2 362.5 365.2 379.6 381.5 379.8 378.5 376.7 373.6 369.2 366.3
301.6 291.8 280.2 264.2 251.5 234.4 227.7 221.9 218.2 215.1 212.6 208.7 205.3 201.9 198.6 196.9 196.5 196.1 196.4 195.8 194.8 194.4 194.1 197.1 208.6 208.8 208 207.9 209.7 212.9 208 217.3 228.6 237.9 248.3 268.5 286.8 288.8 287.6 283.5 276.4 265.6 242.5 229.3 222.7 215.3 223.8 240.6 250.9 259.6 268.8 282 302.1 319.8 329.2 331.5 326.9 320 327.6 353.7 382.6 397.2 397 386.1 369.2 356.7 352.7 346 338.4 355.6 376.8 381.6 380.1 378 375.6 374.2 371.9 367.9
284.4 276.8 269.9 258.6 238 232 229 227.4 225.9 221.9 217.2 209.7 206 204.8 199.4 196.9 196.1 195.9 195.6 195 194.5 194.4 194.6 192.4 200.2 203.5 203.5 204.9 206.4 205.5 209.1 220.2 230.6 241.2 260.7 278.2 285.9 286.9 285.5 279.4 273.1 258 242.7 229.5 222.9 214.2 219.8 231.1 239.5 253.2 262.8 276.3 294.3 302.9 309.2 307.9 303.3 301.2 331.5 359.6 383.8 389.6 381.9 368.2 354.1 342.4 333.7 326 316.7 349.6 377.4 381.6 378 376.5 375.7 375.7 373.6 368.2
275.9 272.6 264 247.1 242 248.2 241.6 235.8 234.7 230.4 224.6 214.7 210.3 205.3 201.3 199.5 196.1 195.3 195 194.8 194.4 194.2 194.5 193 193.5 200.5 201.2 201.3 201.7 203.3 212.8 221.9 232.6 250.3 272 279.4 282.4 284.9 281.3 276.4 270.9 256.8 241.7 230.4 223.3 217.5 215.1 220.2 226.4 240.8 248.9 259 274.6 283.6 287.8 285.8 282.1 301.8 333.4 363.1 374.8 371.3 361 349.3 332.8 325.6 317.8 308.4 314.1 346.5 369.3 372.8 373 376 378 376.8 373.9 369.7
275.1 274.7 270.1 271.1 270.3 272.4 253.9 245.8 241.7 238 229.8 221.3 213.1 207 204.5 200.9 196.7 194.9 194.8 194.6 194.5 194.3 194.2 192.7 193.9 195.4 196.7 199 202.7 206.7 213.4 225.2 238.8 259.9 268.9 275.8 277.1 276.6 275.5 273.5 269.2 258.7 243.9 234.7 226.6 219.5 211.4 213.2 216.9 222.3 231 244.5 254.7 262.5 267.4 269.3 276.7 304.4 335.3 351.7 355.2 348.8 338.4 325.1 313.8 308.5 302.1 295.4 310.2 332.1 349.7 363.2 373.9 376.5 378.2 377.5 375.8 371.2
278.4 283.8 287.8 289.9 290.1 283.1 261.2 254.3 249.7 245.9 236 225.1 213.4 208.3 206 201.9 198.3 194.8 194.7 194.5 194.5 194.5 194.3 192.7 192.7 192 196.5 198.7 201.8 206.5 221 229.2 240.9 248.8 261.8 268.1 269.6 270.2 270.4 271.5 268.8 259.7 246.1 237.9 230.2 220.8 215.1 209.6 211.7 216.8 222.9 231.1 241.1 248.5 253.8 260.1 281.8 311 319.7 326.9 322.6 318.8 311.5 303.2 297.7 294.5 291.8 286.3 309.4 331.8 352.3 366.2 372.6 375.6 376.8 377.1 375.5 370.9
279.8 291.1 297.2 294.6 296.6 285.5 268.3 261.4 257.5 249.3 238.2 226.4 216.1 212.5 208.9 203.5 198.8 195.3 194.6 194.6 194.3 194.2 193.9 193 191.5 191 190.7 191.7 199 213.7 223.8 223 233.1 234.1 250.3 260.1 264 266.3 267 268.6 268.1 263.4 251.2 239.6 231.6 222.4 216.9 211.7 207.7 212.2 218.4 224.8 232.8 239.9 246.3 261.3 281.5 289.5 292 293.8 295.9 294.3 290 286.7 285.6 284.6 280.5 286.6 313.7 344.3 362.3 369.8 373.7 377.6 376.2 372.9 372.9 369.9
285.7 294.8 298.8 300.2 298.8 285 273.4 266.7 261.5 255.3 241.5 231.1 224.4 219.3 214.5 207.5 200.6 196.6 194.8 193.8 193.5 193.5 193.8 192.1 192.1 192.5 191.6 190.4 195.5 209.7 213.2 214.1 224.1 227.1 239.7 247.5 253.1 258 262 267 268.2 264.1 256.3 243.1 234.2 224.5 219 212.2 208.2 211.1 216.1 221.6 228.1 234.6 241.5 249.7 257.3 263.2 268 271.8 272.7 273.8 273.1 274.9 275.7 272.8 267.9 291.9 320.7 351.3 364.4 370.9 375 376.9 375.8 372.8 369 366.5
289.1 296.8 300.7 298.9 294.9 284.1 276.9 271.4 268.1 257.3 247.4 241.2 232.7 228.3 221.4 211.4 203.8 200.7 195.7 193.3 193.2 193.4 193.6 191.9 192.9 192.4 190.9 190.7 190.6 199.2 203 207.9 219.3 220.5 226.3 239.1 243.5 249.7 258.5 266 264.2 261.4 258.9 252.7 242.1 229.1 219.6 213.5 207.2 210.2 214.7 219.2 223 228 232.4 238.8 243.8 247.2 250.3 252.7 255.1 258.9 261.4 263.3 263.3 261.2 278.7 303.4 329.6 350.7 361.8 369.1 376.1 376.6 373.6 370.3 367.3 364.8
288.8 296.8 296.3 295 286.6 278.4 274 272.7 277.4 272.3 260.4 249.3 241.4 238.2 233.8 221.4 209.3 201 195.5 193.4 193.1 193.3 193.2 191.8 192.6 192.9 190.6 190.6 189.8 189.4 199.2 202 208.5 209.2 216.5 222.5 227.4 241.5 252.9 256.7 258.9 257.5 257 256 244.6 232.4 222.6 213.1 206.4 207.7 211.3 214.3 217.9 221.2 225.4 231.7 236.8 238.9 240.9 243.3 245.7 247.9 249 245.3 260.6 274.1 291.4 312.5 327.8 343.2 358.3 368.9 376.7 377.3 372.6 371.6 369.9 369.6
285.5 288.7 288.9 285.7 276.8 268.5 262.8 270.7 282.3 276.1 265.3 256.4 250.4 248.5 249.9 240.5 228.3 201.3 196.2 193.6 193.1 192.9 192.9 192.9 191.5 191.1 192.2 191.7 191.2 189.7 194.2 199.2 200.8 203.2 205.9 210.6 215.2 225.2 241.1 247.5 252.3 254.1 253.3 252.5 245 234.1 224.1 215.7 209.6 204.4 206.6 208.9 212.7 215.5 218.9 224.1 229.9 232.5 234.1 235.1 236.3 235.2 245.2 257.1 269.1 282.8 297.1 312.1 325.6 341.8 357 368.5 371.8 370.6 371.9 372.2 373.8 373.1
275.1 277.9 278.8 270.9 260.9 251.7 252.3 269.3 282 279.5 269.9 260.4 258 260.5 262.1 260.4 226.9 206.1 201.3 194.7 193.3 192.8 192.2 192.7 192.3 191.1 192 191.6 190.6 190.8 188.3 194.7 198.9 200 202.3 205.5 208.9 215.1 227.6 241.3 245.7 247.9 248.1 249.5 245.7 236.6 226.8 216.7 212 206.5 202.1 201.9 204.7 208.3 212.8 217.7 222.2 224.2 222.6 230.3 237.3 247.8 257.6 265 275.7 288.3 302.1 313.7 323.8 341 353 360.9 363.3 366.6 369.5 371.4 372.8 371.6
253.8 257.1 257.5 250.1 245.8 241.5 246.2 264.9 278.7 280.7 271.7 267.6 272.1 273.4 271.8 272.1 235.6 216.8 206.7 198.6 193.5 193.8 192.6 191.8 191.8 191.7 191.7 191 190.9 188.5 191.9 192.1 196.7 198.6 200 201.6 206.5 206.9 212.8 229.1 235.2 238.8 243 245.2 244.2 238.5 230.7 219 212.2 210.1 209 206 199.1 203.1 206.5 209.3 213.1 220.6 230.2 239.6 251.7 265.6 271.6 276.1 282.7 289.5 303.3 318.9 332 339.8 342.4 356.3 361.6 365.6 368.2 369.9 369.9 368.5
232.2 231.1 230.9 233.5 230.4 233 238.7 254.6 271.7 278.4 277.1 278.8 280.8 281.2 283.1 265.1 247.6 234.4 221.3 204.8 198.2 193.6 192.3 191.2 191.4 191.4 191.4 190.7 189.5 189.4 191.1 191.1 191.3 193.7 197.7 198.9 200.9 202.6 204.5 212.9 220.9 228 233.9 239.3 242.3 237.8 233.7 220.8 212.8 210.8 210.2 209.2 201.1 199.8 208 213.3 219.2 231 244.5 256.4 263.9 270.8 272.9 275.7 280.9 289.3 300.8 314.2 327 325.2 344.9 357.9 360.4 363.1 364.9 366.3 366.9 368.2
220.4 221.1 220.5 220 221.6 224.8 228.3 238.3 255.6 273.9 279.2 280.9 284.4 287.2 281.1 270.8 255.4 243.3 228.5 213 203 199.3 193.5 191.8 191.4 191.3 191 190.9 190.4 188.4 189.6 190.6 190.2 190.5 192 196.9 198 199.4 200 202.9 206.9 212.1 217.3 229.6 231.7 231.1 229.7 220.1 211.5 209.8 210 209.7 201.7 199.9 213.4 219.7 228.4 239.5 251.4 260.6 264.2 269.7 269.4 272.8 276.8 281 292.2 301 307.5 319.4 345.2 355.1 359.1 361 362.7 364 365.6 368.1
