UK/data/se/se18_OST50GRID_20230518/SE18.asc
ncols 200
nrows 200
xllcorner 410000
yllcorner 480000
cellsize 50
[rows 0 to 34 of 200, columns 78 to 155 of 200]
144.7 145.1 146.2 147.3 148.5 148 146.5 146.2 145.6 143.8 142.4 141 140.2 139.6 138.6 138 137.9 138.1 138.5 139.2 140 142 140.8 143.2 143.7 143.6 142.7 142.4 139.8 140.2 139.6 139.5 138.3 137.8 137.9 139.5 141.1 142.1 144.5 146.8 148.1 149.4 149.3 148.2 146.6 146.1 144 142.9 141.9 141.7 141.6 139.8 135.9 139.8 139.6 139.3 137.8 139.9 140.4 140.7 142.6 144.3 146.7 148.2 148 146.6 144.6 142.7 140.6 139.2 137.6 135.6 134.3 132.6 131.2 129.3 127.7 125.7
141 141.8 142.5 143.3 144.1 144.2 143.6 143.5 143.3 141.8 140.9 139.8 139.4 139 138.1 137.5 137.3 136.9 136.9 137.3 137.2 137.4 138.2 140 140.5 140.6 141.1 140.7 139.9 139.8 139.6 139.5 138.6 139.3 140.7 143.1 145 147 148.6 150.3 151.2 151 150.4 148.8 146.9 145.2 143.9 142.5 141.6 141.8 140.8 139 140.6 142.8 143.4 142.3 141.3 143.7 143.6 144.9 146.2 147.9 149.2 150.9 151.9 149.5 147.1 144.8 142.5 140.9 139.4 137.3 135.3 133.4 132.5 130.6 129.1 127.2
137.9 138.4 138.2 139.3 139.5 140 140.5 141.1 141.3 140.2 139.6 139 138.6 138.3 137.5 137.3 137.1 137.1 136.9 137.1 137 136.9 137.1 138 138.1 138.6 139.2 139.6 139.3 139.1 139.5 139.5 141.1 142.1 143.3 146.3 148.6 149.8 150.9 151.2 151.5 151.1 150 148.5 146.9 145.5 144.1 142.3 141.8 141.3 139.2 142.4 144 145.9 146.3 146.1 146.6 146.8 147.7 149.1 150.4 151.4 152.7 153.5 152.9 151.4 149.1 146.8 144.4 143.5 141.4 139.8 138.2 137 134.8 133.2 132 130.4
134.3 134.7 135 135.9 136.4 136.7 138 139.4 140.5 139.8 139.3 138.6 138.1 137.8 138 137.5 137.2 137.1 137.1 137.4 137.3 137 137.5 137.5 138 138.7 138.8 138.9 138.9 139 139.6 141.7 143.8 145.5 147.2 148.8 150.4 151.1 151.1 150.8 150.6 150 149.2 148.1 146.8 144.9 143.4 142 141.7 142.4 143.9 145.7 147.3 148.6 149.7 150.4 149.8 150.9 152.3 153.1 154.4 155.1 155.4 155.4 154.4 154 151.7 149.4 147.3 146.4 145.2 144.4 143.4 142 140.3 138 137.1 136
132.1 132 132.5 133.1 133.7 134.6 135.3 136.8 137.5 137.9 138 137.8 139.3 139.4 138.4 138 137.9 137.5 137.2 137.5 137.4 137.6 137.6 137.3 137.9 138.7 138.5 138.9 139.4 139.8 140.5 143.5 145.5 146.8 148 149 149.4 149.6 149 149.1 149.3 148.9 148.4 147.2 145.9 145 144.1 143.5 144 144.7 146.5 148 150.1 150.9 151.5 153.5 153.6 154.6 155.8 156.1 157 157.9 157.7 157.2 156.4 156.3 154.6 151.7 150 148.8 148 147.6 147.1 146.6 145 143.3 141.8 140.4
130.7 130.6 131.2 132.3 131.9 132.5 133.2 133.9 134.6 136.1 138.1 138.9 140.3 141.5 140.4 139.8 139.5 138.7 137.6 137.8 137.6 138 137.5 137.2 138 138.7 138.3 138.6 139.4 140.2 141.1 143.2 144.9 145.6 146.6 147.5 147.9 147.6 147.4 147.5 148 148.2 148.1 147.6 147.7 147.5 147.2 147.5 147.6 148.1 150.6 152.5 152.4 153.3 154.4 156 156.8 157.4 158.1 158.7 159.5 160.1 160.1 159.8 159 157.7 155.7 153.2 151.9 150.6 149.6 148.7 148.1 147.1 145.6 144.3 143.5 142.6
130.3 130.8 131.3 130.7 131.2 131.5 132.1 133.3 134.9 138.2 139.7 141.1 141.8 142.1 142.5 141 140 139.5 138.4 138.1 137.9 137.9 138.5 138.4 138.7 139 138.7 139 140 140.5 141 142.9 143.8 144.3 145.3 145.8 146.3 146.2 146.6 146.9 147.1 148.4 149 149.4 149.9 150 149.7 150.8 151.9 152.2 153.7 154.9 155.7 156.5 157.3 158.2 158.8 159.6 160.5 162.1 164.7 164.7 162.7 161.3 160.3 159.1 156.8 154.9 153.7 152.4 151.2 149.9 148.5 147.3 145.9 145 144.2 143.4
130.9 130.7 131.1 130.5 130.9 131.4 132.3 133.7 135.7 139.7 141.7 143.1 144.1 143.8 144.5 143.4 141.2 140.3 139.7 138.9 138.7 139.1 140.4 139.9 140.2 140.2 141 141.1 141 141 141.2 141.8 142.7 143.3 143.8 144.5 144.9 145.1 145.8 146.7 148.3 149.7 151.6 151.5 151.9 152.6 153.2 153.7 154.7 155.2 156.3 156.9 158.2 158.7 159.3 160 160.6 161.1 163.3 164.6 164.8 163.4 162.9 161.6 160.2 159.3 158.1 156.6 155.3 153.9 152 150.7 148.7 147.5 146.1 145 144.1 143.3
130.7 130.7 131.4 131.1 130.8 131.6 132.9 135.2 137.3 140.7 143.9 145.5 147 147.1 146.9 145.7 143.7 142 140.9 141 142.1 142.5 143.9 143.1 142.8 143 143.9 143.6 143.3 143.1 143.4 143 143.5 143.6 143.7 143.9 144.8 145.6 146.7 148.4 150.3 152.5 154.2 154.5 154.6 155.4 156.8 156.8 157.1 157.9 158.6 159.7 160.9 161.1 161.2 164.7 166.1 166.6 166.7 166.5 165.2 162.7 161.9 161.2 160.3 159.7 158.9 158.3 156.7 155.3 153.1 151.2 149.2 147.4 146.5 145.4 144.3 143.6
131.2 130.8 130.8 131.4 132.8 133.3 135.2 137.2 139.1 141.8 145.3 147.4 149 149.4 149.1 148.2 146.1 144 143.2 146.3 148.5 148.8 148.5 147.2 147 147.1 146.8 146.2 145.7 145.3 144.7 144.3 144.7 145.3 145.3 145.4 147.2 147.9 150.2 151.9 153.5 155.1 156.2 156.5 156.6 157.8 157.9 158.5 159.4 160.3 160.7 161.7 162.4 164.8 168.4 170.3 171.2 171.4 170.9 169.1 166.8 164.8 163.8 163.3 161.9 161 159.8 158.7 157.4 156 154.8 153.1 151.6 149.5 147.9 146.3 145.5 144.7
133 132.1 131.8 132.5 134.2 135.9 137.2 139.4 140.6 143.3 145.7 149.2 150.9 151.7 151.5 150 147.5 145.6 147.9 151.3 153.2 153.6 152.3 150.5 150.7 150.2 149.3 148.5 147.6 146.7 146.1 145.5 146.5 148.3 148.7 149 150.3 150.9 153.1 154.9 155.8 156.4 157.2 157.1 157.6 158.3 158.6 159.4 160.1 161.1 161.9 163 164.5 169.3 172.6 173.6 173.4 173.1 172 170.1 167.7 166.4 165.7 164.8 163.9 163.5 162.9 161.8 159.1 156.8 154.7 152.8 151.1 149.1 147.5 145.9 145.2 144.7
134.7 133.6 133.1 133.3 134.6 136 137.8 141.3 142.5 146.3 148.9 150.7 152.2 152.4 152.7 151.7 149.2 148.1 149.9 154.5 157.1 156.4 154.5 154 154 153 151.9 150.8 149.9 149.1 148.6 149.1 150.4 151.6 151.6 152.4 152.7 153 154.5 156.8 157.2 157.4 157.7 157.6 157.8 159.3 159.9 160.4 161.4 162.5 163.3 164.9 168.7 173.3 174.8 175 174.4 173 171.8 169.9 167.4 166.1 165.8 166 165.5 165.3 164.9 162.8 160.2 157.9 155.7 152.6 150.3 148.1 146.6 145.5 145 144.6
135.6 134.5 133.6 133.6 134.7 136.1 139.2 143 145.5 148.6 151.4 153.2 153.4 153.8 154.5 153.4 151.6 149.6 151.6 154.1 157.8 158.9 157.8 157.2 156.8 156 154.4 153.3 153.1 152.7 152 152.1 152.8 153.5 154.1 154.5 154.8 155.8 156.9 158.8 159.1 159.4 159.8 159.8 160.2 161.1 162.5 162.8 163.3 165.3 168 170.5 173.7 175.5 176.7 176.8 175.2 173.6 171.8 169.7 167.7 166.8 166.2 166.4 166.4 166.3 165.6 163.9 161.2 158.9 156.4 154.2 151.1 148.5 146.6 145.4 144.8 145.7
134.3 133.3 133.5 133.9 135 137.1 140.4 143.9 148.1 151.8 153.4 153.7 155 156 157.3 155.2 153.9 151.8 152.6 156.3 159.8 160.2 159.7 160.3 159.1 158.6 156.9 156.7 156.5 155.9 154.8 154.4 154.7 155.4 156 156.7 157.3 158.7 161.1 161.1 161.1 161.1 161.3 161.8 163 164.3 167.2 168.8 170.9 173.9 175.3 175.6 175.4 176 175.8 176 174.5 172.7 171.2 170.4 168.6 167.9 166.3 166.5 166.5 166.3 166.3 164.7 162.2 160 157.8 155.1 152.2 149.2 147.1 145.5 145.5 146.7
133.8 133.2 133.6 134 135.6 138.4 141.8 145.5 148.9 152.1 154.6 155.3 157 158.4 158.2 156.4 155.3 154 153.5 157.2 161.6 162.1 162.4 164 163.1 160.6 159.8 158.6 158.2 157.3 156.3 155.7 156.7 157.1 157.7 159.3 160.1 161.1 162.5 162.7 162.7 162.7 163 163.7 165.5 170.8 177.9 185.2 183.9 181.9 179 176.5 174.6 173.9 173 172.9 171.7 170.1 169.2 168.5 167.8 166.5 165.5 165.5 165.3 165.8 166.1 165.5 164.9 162.9 160.6 157.4 154 150.7 148.3 147 146.5 148.2
133.7 133.7 133.7 134.1 135.9 139.5 143.2 146.9 150.3 153.3 155.9 157.8 160.1 160 158.9 157.8 156.3 154.2 154.6 159.8 164.4 165.7 166.6 167.6 164.7 162.8 161.8 160.9 159.4 158 156.9 156.8 157.7 159 160.7 162.6 162.9 164 165.7 165.5 164.9 164.5 165.3 166.7 174.2 183.6 189.8 186.5 183.7 180.9 177.3 174.7 173.5 171.7 170.9 170.1 169.5 168.8 168.3 167.5 167.4 165.6 164.8 164.4 164.4 164.8 165.8 166.9 167.4 167.4 164.8 161.3 157.8 154.3 151.3 149.3 149 149.2
134.5 134.1 134.1 134.4 136.7 139.8 144.1 149 151.8 154.4 157.2 160.2 161.3 160.6 159.9 159.2 157.7 155.7 155.4 161.1 168.1 171.5 170.4 168.2 166 164.5 163.3 162.3 160.1 158.5 157.1 157.4 158.2 160.1 164.3 165.7 166.7 168.3 169 168.5 167.4 166.6 168.7 175 184 190.6 188.6 185.5 182.7 180.5 177.4 174.8 172.7 171.6 171.2 171.2 170.3 170.4 170.5 169.1 167.9 166.5 165.2 164.3 164.6 165.1 166.2 166.9 167.7 167.4 165.6 163.2 160.8 157.8 155.2 152.9 151.3 151.5
134.4 132.7 133.1 134.6 137.3 140.1 146 150.6 153.9 156.5 159 160.8 161 160.6 160.4 160.2 158.8 157.5 156.6 163 172.8 174.3 173.4 170.2 168 166.2 164.3 162.5 160.3 158.2 157.3 157.5 158.1 161.1 163.8 166.6 168.4 170.1 171.3 170.8 169.6 170.2 175.5 183.3 190.2 189.2 186.6 184 182.7 179.9 177.4 175.3 173.9 173.3 172.7 172.7 172.8 173.1 173.3 171.9 169.8 168 166.2 165.2 163.4 164.8 166.1 166.6 165.7 164.4 162.9 161.4 159.8 158.3 156.8 154.8 153.1 152.2
132.8 131 133.1 135.4 138.3 141.2 147.1 152 155.2 158.1 160.5 161.4 160.4 161.3 161.2 160.4 160.6 159.5 158.5 164.9 178.2 179.8 177.8 173.8 169.8 167.6 165 163 160.9 159.4 158.3 158.1 159.2 160.7 164.8 167.3 170.4 171.7 172.9 173.7 173.5 177.2 183.6 188 187.9 186.6 183.8 182.3 182.6 180 177.7 176.5 175.5 175.2 174.3 174.3 175.1 175.4 175.4 173.2 171.8 169.8 167.7 165.8 164.1 162.2 163.7 163.8 163 161.6 160.2 159 157.3 155.8 154.8 153 151.8 150.9
133.6 130.4 132.1 135.7 138.6 142.1 147.4 152.6 156 158.9 162 162.8 162.9 162.5 162.5 161.4 160.6 161.4 160.1 164.2 176.9 182.9 181.8 177.8 173.7 169.3 166.8 165.7 164.6 163.8 162.5 162.1 162.8 163.6 167.5 170.7 172.9 175 176.4 177.6 179.3 184.4 187.5 187.1 185.5 183.8 181.1 181.3 182 180.1 177.9 177.2 176.5 176.3 175.9 175.9 176.1 175 173 170.6 169 167.4 165.5 164 163.1 157.4 160.2 159.6 159.4 158.2 156.9 155.6 154.2 153.1 152.2 151 150.5 149.7
132.8 130.9 130.5 134.1 138.7 142.7 148 152.3 156.5 159.7 163.2 164.3 164.4 163.5 163.6 162.6 161.5 163.3 162.1 162.1 170.3 178.1 180 178.9 176.4 173.1 170.5 169.2 168.5 168.3 168 167.5 167.1 167.6 170.8 172.9 175.1 177.7 179.4 182 186.9 190 187.8 185.8 183 180.8 179.1 178.8 180.8 179.8 178.5 177.5 177.6 177.9 178.4 176.7 174.8 173 170.7 168.6 166.4 164.6 163 160.5 158.8 154.7 155.2 154.5 154 153.3 152.2 151.8 151.1 150.2 149.3 149.4 149.1 148.4
127.6 128.5 126.5 131.7 138.5 143.1 148.3 152.3 157.4 160.7 164 165.1 165.2 165.1 164.7 164.4 164.5 164.5 163.5 163.1 167.6 173.5 177.5 178.2 177.1 175.4 174.7 174.1 174.1 173.8 173 172.4 172.1 172.3 172.7 175 177.7 180.2 182.5 190.6 193.7 190.9 187.9 184.8 181.8 179.1 177.2 178.2 179.5 178.6 178.2 178.5 179.1 178.8 177.3 174.6 172.7 171 169.1 166.9 164.7 162.5 160.1 157.7 156.5 154.4 151.6 149.2 148.9 147.8 147.3 147.8 147.3 146.9 146.8 147.2 147.8 148
120.6 123.4 124 129 135.4 144.1 149.2 153.3 157.7 161.1 163.8 165.6 166.9 167.1 168.1 168.3 166.3 164.6 163.3 164.5 167.5 172.2 176.1 176 176.4 176.7 177.1 176.7 177.6 177.3 176.2 175.7 175.6 175.7 176.2 177.8 180.3 182 184.1 195.8 194.1 191.3 188 184.6 181.3 178 176.3 176.9 178.2 177.8 178.7 179.7 178.5 176.8 174.7 172.6 170.6 169 167.2 165.3 163.1 160.5 158.8 156.7 155.5 153.1 151.3 149.3 147.6 146.4 145 144.9 144.7 144.4 144 145.7 147.1 147.5
118.7 120.4 123 126.5 131.7 139.7 149.6 153.8 157.5 161.2 165.4 167.9 169.1 169.6 169 167.9 166.1 164.6 164.1 165 166.9 170 173.8 173.7 172.7 172.7 173.3 173.8 173.5 173.9 173.8 173.5 172.6 172.8 174.7 176.9 178.8 180.9 182.2 186.3 191.4 190.5 187.3 183.1 179.5 177 175.7 176.3 177.7 177.7 179.6 179.7 178.2 176.7 174.2 172.2 170.1 167.5 165.2 163.1 160.3 158.7 157.1 154.7 152.8 151.6 150.5 148.8 147.4 145.7 144.1 143.1 142.9 142.2 141.9 143.8 145.5 146.6
116 118.2 121.1 123.9 129.6 135.8 144.9 152.8 156.9 161.4 165.8 169 169.7 169.3 168.5 167 166.1 164.4 164.3 164.8 165.7 168 170.4 170.3 169.7 169.6 169.8 169.3 168.7 169 169 168.1 168.6 169.7 172.5 174.7 176.8 178.6 180.6 183.9 187.7 189.5 186.3 182.1 178.9 176.5 175.3 177 177.7 177.9 179.1 179.8 178.2 177.1 174.5 171.9 169.5 166.8 164 161.9 159.5 157.2 154.9 152.7 149.9 149 147.2 146.1 145.2 144 143.3 141.8 141.5 141.2 140.6 141.2 143.4 144.8
112.7 114.2 119.3 122.2 126.9 132.5 141.1 150.4 156 159.9 163.1 167.4 168.8 168 167.3 164.3 162.7 162.8 162.8 164.2 165 166.7 166.3 166.5 166.7 166.6 166.5 166.5 166.5 166.3 165.4 164.8 165.5 168 172.4 175.1 176.4 177.7 179.5 182.4 185.8 187 185.6 181.9 178.5 176.2 174.6 175.5 176.7 177.5 178.4 179.7 179.4 177.5 175.2 172.4 170.1 167 164.8 162.1 159.4 155.6 152.9 150.6 148.1 146.3 145.1 144.2 143.2 142.1 141.6 141.1 140.2 139.9 139.4 139.3 140.1 141.4
109.2 113.5 116 120.4 125.3 131.8 138.3 148 155.4 157.7 159.9 162.8 164.3 162.6 162.2 160.8 159 160.8 163.5 166 166.6 166.6 166 166.1 165 163.4 163.1 163.4 164 164.2 163.8 163.6 164.7 167.5 173.4 175.9 177.3 177.8 179.6 182 184.1 185.6 186.1 182 178.7 176.2 173.2 173.2 173.9 174.7 176.6 178.3 179.2 179.3 176.8 173.7 171.5 168.7 166.2 162.6 159 155.4 153 150.2 147.3 145.7 144.6 143.2 141.8 140.7 140.2 139.7 139.3 139 138.5 138.2 138.1 139.1
109.3 112.3 114.4 118.5 123.6 131.4 139.8 146.2 151.4 154.1 157.4 157.7 155.6 155.4 156.1 156.2 155.3 158.1 162.5 167.2 167.8 167.2 167.3 166.7 165 162.7 161.3 160.8 161.5 162.4 162.9 163.6 165.3 168.8 174 176.6 177.7 178.6 179.7 180.6 181.7 182.5 183.1 179.9 177.4 174.7 171.4 170.6 170.7 172.8 174.4 176.6 178.8 179.6 177.7 174.6 171.7 168.5 164.9 160.8 157.6 154.4 151.6 149 146.2 144.8 143.5 141.6 140.4 139.4 138.8 138.5 138.7 138.5 138.2 137.7 137 137.6
107.4 110.9 113.2 116.1 125.8 135.4 143.5 148.5 154.3 152.5 155.6 154.8 153.1 152.8 153.3 153.2 154.1 155.7 159.8 164 167.7 168.1 167.5 166.8 165.2 162.7 160.4 159.8 160.2 162 163.4 164.7 167.3 170.8 173.9 176.1 177.4 178.3 178.7 178.5 179 179.2 179.2 176.8 174.6 171.4 168.8 167.9 168.8 171.1 173.6 175.8 177.5 179.3 178.2 175 171.7 167.5 163 158.7 154.3 152.3 149.4 146.9 144.8 143.4 141.8 139.9 138.9 138 137.5 137.1 137.2 137.5 137.9 137.2 136.4 136.3
105.7 108.4 110.1 114.8 125.6 136.4 145.5 152.4 157.3 157.2 156 154.4 153.5 152.6 151.8 151.4 151.9 153.1 155.1 159.2 163.4 166.1 165.9 165.6 164.5 161.9 159.7 158.8 159.9 162.1 163.6 164.9 167.3 170.6 173.1 175.4 177 177.5 177.6 177.3 177.2 177.9 177.1 174.3 172.1 169.5 167.2 165.5 166.5 169.9 172.8 175 176.8 177.3 177.6 174.5 170.6 167.2 162.6 158.2 154 150 147.5 145.1 142.7 141 139.8 138.6 138 137.5 136.9 136.8 136.8 137.2 137.5 136.9 137.3 137.6
105.9 107.2 110.1 113.8 124.4 135.6 145 153.9 158.6 157.7 156.4 154.5 153.9 153 152 151 150.6 150.1 150.9 152.7 155.9 161.1 162 161.7 161.7 159.7 158.7 158.2 158.6 160.2 162.8 165.5 168.6 170.1 172.4 175.3 176.6 176.9 177.2 177.4 177 177 175.6 173.2 170.8 167.9 165.2 164.5 165.3 168.3 172.1 175.4 176.6 177.2 176.6 173.9 170.4 167.3 163 158.2 154.1 150 146.7 144.4 141.8 140 139 138.1 137.5 136.9 136.9 136.9 136.8 137.1 136.4 137.7 138.4 138.9
106.1 106.9 109 112.9 120.7 133.8 142.1 150.5 155.4 156.3 154.9 153.1 152.4 152.3 152 150.8 149.6 148.8 150.1 151.9 153.5 154 155.3 155.9 155.9 156.1 156 155.8 155.7 156.5 160.7 164.8 168.7 169 172.1 175 175.9 176.6 177.8 178.4 178.2 177.9 175.3 172.5 169.5 166.3 165 164.3 164.8 167.1 171.1 174.8 176.5 176.7 175.8 174.1 171.7 167.7 162.7 158.7 155.8 153.2 150.1 146.4 143.2 140.9 138.9 137.6 137 136.9 137.1 136.7 136.9 137.2 137.3 137.9 138.7 139.5
106 108.1 108.2 110.9 117.8 130.9 139.1 146.4 152.7 153.9 152.7 151.6 149.8 150.4 149.5 147.7 145.6 144.1 146.9 149.2 150.2 151 151.6 151.8 152.1 153.2 152.9 152.9 152.8 153.6 155.2 158.9 162.8 165.5 167.9 170.5 173.5 176 178.4 179.7 179.9 179.1 176.6 173.5 170.1 166.1 165.4 164.4 165 166.7 170.8 173.6 175.5 176.1 175.6 174.3 172.3 170.6 167 164.1 161.3 158.2 154.3 150.5 146.8 143.1 140.2 137.5 138 137.8 136.6 136.8 137.1 137.4 137.6 137.8 139.2 140.9
106 106.6 106.7 109.9 116.3 125.4 133 140.9 147.9 149.5 148.5 147.7 147.3 147.4 146.7 144.6 142 142.4 144 145.4 145.7 146.5 147.1 147.7 148.5 149.9 150 150.7 151.3 151.2 151.3 153.9 156.1 157.9 161.1 163.7 167.5 172.7 176.4 178.7 180 179.6 177.5 174.9 171.5 167.3 165.2 164.3 164.3 166.7 170.1 173.4 175.3 176 175.1 173.9 172.5 171.1 170.7 169.3 167 163.5 159.8 155.8 151 146.6 142.8 139.7 137.9 137.2 136.7 136.7 136.6 136.7 137 137.1 138.5 142.5
103.4 104.5 106.3 108.9 113.5 118.7 124.5 133.2 142.5 144.2 143.4 143.3 143.3 143.4 142.9 141 139.7 139.1 141.7 143 143 143.4 144.1 144.3 145.3 146.6 147.2 148 148.8 149.1 149.7 151.1 152.6 154.2 155.9 158.3 161 165.4 171.7 174.4 177.2 177.2 176.7 175.3 172 167.7 165 164.3 164.3 165.8 169.2 172.7 175.2 175.7 175.2 174.5 172.6 171.3 171.4 170.9 168.4 165.4 162.5 159 155.7 151.7 147 143.2 139.9 137.8 137 136.7 136.5 136.4 136.5 136.7 137.9 142.9
