UK/data/so/so19_OST50GRID_20230518/SO19.asc
ncols 200
nrows 200
xllcorner 310000
yllcorner 290000
cellsize 50
[rows 140 to 174 of 200, columns 0 to 78 of 200]
213.7 210.2 209.3 207.7 206.4 203.9 202.5 198.9 202 201.8 197.9 196 193.9 191.3 185.1 188.1 196.7 203.2 204.2 203.4 201.9 200.2 201.4 202.3 201.6 201.1 201 199.6 196.2 191.8 187.9 180 171.9 160 176 178.4 181.4 183.9 186.5 193.9 200.2 204 202.1 197.4 190.2 185.8 185.2 186.1 175.4 169.1 155.9 142.6 135.8 138.2 139 137.6 146.3 154 151.2 154.2 156.3 165.9 170.4 169.1 172.9 180.2 182.6 179.3 172.1 164.4 161.4 158.4 150.6 137.9 125.6 116.3 106.7 96.2 93.7
209 198.9 198.5 202.4 196 195 197.5 194.1 193.1 191.6 190.5 187.8 187 184.4 178.8 184.3 191.5 195.6 196.5 196.9 195.4 198.7 204.2 203.6 206 203.6 199.1 196.6 191.1 185.8 182 174.3 159.2 169.2 178.3 183.5 187 190.1 193.4 200.7 202.6 200.7 195.8 190.5 184.8 181.2 181.8 166.2 160.5 149.5 135 129.2 131.4 133.3 132.1 136.7 140.8 150.7 153.7 155 168.2 173.8 170.3 166.1 172.8 177.5 172.7 163.6 159 154.1 150.4 144.7 133.5 124.8 117.8 111 99.5 97.9 93.9
201.4 198.4 193.6 189.1 185.8 180.2 182.5 183.3 186.9 184.8 183.1 181.4 179.4 177.1 171.2 174.9 183.8 187.3 187.1 189 188.5 193.3 196 194.5 194.9 191.9 188.7 187 184.2 178.9 175.4 163.6 159.4 171.9 180.1 187 191.6 197.2 203.9 202.9 199.4 193.4 187.9 181.6 178 175 165.4 157.6 149.9 130.2 125.1 124.9 125.4 126.6 130.9 136.9 143.6 149.3 153 167.7 173.1 171.9 169.6 161.6 163.6 162.4 155.1 152.2 149.4 144.8 136.4 131.8 124 118 112.3 103.7 98.2 101.1 95.9
211.8 208.5 204.3 199.6 194.4 186.7 179.5 172.9 178.8 179.4 177.2 175.4 174.6 171.4 165.9 168.1 176.4 179.8 180.7 180.4 183.3 187.3 188 186.4 185 184.3 181.6 178.7 175.7 171.1 168.1 154 162.6 174.2 183.1 191.1 202.9 204.1 202.5 198.3 192.1 185.4 180.3 173.9 170.7 163.7 146.6 146.8 128.7 121.1 120.9 121.3 122.9 126 132.9 138 148 154.3 167 169.4 168.9 168.1 159.8 149.7 148.2 145.2 144.1 142.3 141.4 132 124.3 120 116.6 114 106.9 96.5 100.1 99.2 98.2
216.5 210.7 204.2 197.7 191.1 184 178.4 171.5 168.4 173.3 172.3 171.2 169.9 167.3 161.9 160.5 164.7 165.1 167.3 174.1 176.3 177.1 179.1 180 178.3 176.9 172.8 170.3 167 164 155.2 155.6 166.3 174.8 182.7 189 194.5 194.7 192.5 187.3 182.2 177 171.8 169.2 161.8 147.6 134.4 127.4 119.7 116.7 118.6 119.6 123.3 132.6 137 143.6 154.6 162 163.4 162.1 158.7 149.5 138.9 133.8 135.9 134 132.9 129.8 127.6 121.3 116.3 115 111 107.3 98.2 98.3 99.4 96.3 96.4
211 205.1 199.3 193.4 186.7 178.9 174.3 168.8 158.9 166.9 167.1 167.5 165.8 163.4 159.7 154.1 156.9 157.7 158.7 162.2 167 169.3 171.6 171.7 172.7 169.2 165.7 162.4 160.9 151.5 141.3 159.3 167.2 174.6 183 187.2 189.3 186.3 182.3 178.2 175.4 171.3 165.9 159 147.4 138.3 133.6 122.9 117 114.4 115.6 118.6 123.5 127.7 136.8 146.7 155.6 157.6 154.1 145.4 133.6 124.1 121.6 122.7 122.6 122.4 121.2 122 123.5 115.7 113.6 112.6 107.9 101.9 98.8 97.6 98.4 96.3 96.3
211.1 201.5 194.4 188.8 183.9 176.6 171.3 166.9 162.1 159.1 163.8 163.4 160.6 158 153.4 149.1 152.4 152.4 156.9 161.6 165.6 166.5 164.8 164.5 166.1 158.3 158.9 155.3 155.2 137.4 154.4 161.7 169.2 179.6 186.5 189 184.9 178 173.4 172.9 173.1 170.1 153 146.4 140.9 132.2 122.7 116.9 112.8 110.7 114.1 116.5 119.6 125.1 136.9 147.4 149.5 139.2 128.4 118.6 114.8 113.8 115.1 115.3 114.8 114.4 114.5 117 117.7 112.6 113.4 110.4 102.7 98.8 96.9 98.1 96.8 96.3 96.3
209.6 202.3 193.4 186.1 179.7 176.3 170.3 164.7 159.8 156.9 154.1 157.3 154.8 152.8 148.4 145.1 147.3 151.4 158.1 163.9 166.7 165.4 161.5 158.5 153.9 150.5 147.3 149.5 145.6 139.2 153.3 159.8 170.7 180.8 186.2 182 176.2 169.5 166.2 166 168.9 155.5 146.6 135.4 131 115.7 115.3 112.9 109.1 111.5 112.7 115.8 120.9 130.2 131.6 131.7 122.4 105.4 101.1 103 107.4 111.2 111.8 112.2 111.2 110.5 110.8 111.2 110.5 108.6 106 98.6 97.9 97.1 97.2 98.1 96.3 96.3 96.3
202.5 194.7 190.4 184.3 177.5 175.4 171 166.5 158.4 156.1 146.7 144 148.4 146.5 143.2 140.2 143.6 150.1 155.8 163 163.2 160.4 155.3 151.8 151.1 145.7 141.5 140.3 139.4 136.3 148.1 153.1 164.9 178 178.1 175.6 171.1 164 159.3 160.7 154.6 144.9 135.8 123.7 113.9 109.8 108.4 107 106.8 108.7 111.3 114.3 118.2 110.6 102.9 100 99.4 98.4 98.8 99.9 99.6 109.6 111.2 107 107.4 106.7 110.3 110.3 109.9 103.1 99.3 98.9 97.7 97.1 96.9 97.2 96.3 96.3 98.4
199.1 193.1 188.7 184.5 177 175.2 173.9 172.4 163.3 157.6 153.9 152.5 150 144.3 140.6 135.1 133.5 145.7 149.8 155.1 156.3 155.5 149.8 146.5 144.9 142.1 139.1 138.6 135.9 131.5 141.6 145.4 156.5 167 170.7 170.5 165.3 160 150.5 151 137.7 129.4 119.8 113.4 108.5 105.7 105.2 106.8 105.2 109.4 111.3 107.8 100.2 98.4 98.1 99.2 99.2 98.5 97.8 98.1 98.9 98 98 98 96.5 95.8 98.7 102.3 102.3 98.6 98.7 97.9 97.8 98.5 97.6 96.1 96.8 95.9 97.2
199.7 193.8 187.9 180.6 180.8 181.4 181.2 179.2 178.4 172 164.5 159.1 157.5 153.3 150.8 146.7 140.4 131.4 141.6 143.1 143.9 143.6 142.7 141.7 140.1 139.8 142 140.1 136.2 131.7 131.7 137.6 143.1 153.4 158.7 164 160.9 153 143.9 132.5 125.7 114.8 111.8 102.9 102.3 103.7 102.8 104.3 105.5 110.5 103.7 99.4 96.5 99.4 98.8 99 99.1 98.9 98.5 96.4 98.8 98.5 98.3 97.9 97.7 98.2 98 95.8 98.9 98.9 98.1 97.5 98 98 98 96.5 95.6 96 104.9
197.2 190.9 184 187.6 191.2 190.8 190.5 190.2 187.1 179.6 169.1 165.1 162.4 159 154.9 151.3 144.5 136.2 127.4 129.6 133.9 135.4 136.5 136.2 138.8 141.8 143.8 142.7 137.5 134.3 129.4 127.2 134.2 143.6 156.2 160.7 146.7 133.4 124.8 119.4 115.9 104.3 101.2 99.1 99.8 105.7 105.7 105 102.5 100.4 99.6 98.6 99.9 99 99.2 98.1 98 98.5 98.1 97.3 98.9 98.4 96.9 96.3 98.4 99.3 98.2 98.2 95.8 97.9 98.1 98.5 97.3 98 97.5 96.5 95.9 99.4 106.9
194 190.5 191.8 194.8 198.1 198.4 197.8 194.3 189.2 181.6 174.6 170.8 164.2 160.7 154.6 152.5 148.3 140.2 132.8 128 130.2 132.3 133 135.2 138.3 144 145.6 146.7 144 137.2 133.6 123.5 129.3 137.1 147 146.2 127.8 121.2 118.5 105.8 102.6 99.7 98.7 101.6 99.3 106.3 102.2 101.7 100.6 98.3 98.4 100 99.7 98.7 98.5 98.7 98.7 97.8 98.3 98.2 96.6 96.1 99 104.4 105.3 104.5 99.6 98.9 98.5 95.8 96.4 97.3 96.1 95.9 97.8 106.2 111 105.4 105.9
197.1 196.5 196.7 198.5 198.1 196.7 195.7 194.3 192.1 190.1 184.2 175.6 164.9 158.8 154.1 150.8 144.5 140.3 133.2 127.4 122.9 130.6 130.2 131.5 136 142.4 145.7 149.7 152.1 145.5 139.1 136.4 110.4 125.1 130.5 125.6 116 110.4 102.3 100.2 99.2 101.8 101.6 101.4 99.9 98.6 100.1 100.7 98.7 98.1 100.1 100.7 100.3 100.1 99.5 99 99 98.5 98.2 98.5 98.1 103.3 110.6 108.2 105.9 103.7 101 99.1 98.8 98.5 98.7 99.9 101.4 105.3 107.9 110.1 111.5 113 110.9
202.6 202.5 202.8 202.6 201.9 200.5 200.1 201.2 201.5 193.9 181.7 171.3 159 152.7 147.4 142.5 139.6 132.9 130.9 123.7 123.2 129.2 128.5 129.4 132 140.8 147.7 154.4 161.4 152.1 143.6 140.3 118.9 110.3 117.5 111.6 106.3 100.8 98.8 101.5 112 109.7 107 103.5 101.8 102.2 98 98.2 98.2 99.8 101.6 100.2 99.8 99.9 99.2 98.8 98.8 98.8 98.2 98.6 98.9 106.4 108.7 108.1 105.6 103.3 101.6 101.6 99.4 99.8 102.3 103.2 104.8 108.3 111 113.3 111.8 115.3 113.9
209.2 209.5 210.1 211 210.4 208 205.4 205.6 196.9 187.2 174.1 161.2 149.9 143.2 139.5 137.3 134.8 131.5 128.7 123.4 125.3 125.3 126.5 126.6 129.7 136.8 145.7 153.1 157.8 155.9 148.4 133.9 122.9 118.2 103.4 98.5 98.7 98.7 102.4 114.8 112 110.9 108.1 108.8 107.5 106.5 107.3 104.5 100 100.5 100.2 99.6 99.5 99.7 99.7 98.6 98.6 98.7 98.7 98.9 102.3 107.4 108.3 108.9 106.4 107.9 104.6 105 105.2 104.9 108.4 111.5 107.8 113.5 113.7 114.1 114.8 114.3 114.4
216.9 217.4 216.3 215.6 216.1 211.8 205.3 199.5 188.9 173 163 149.3 139.8 134.7 134.6 132.7 130.9 129.9 127.7 123.8 117.8 121.6 121.7 124.8 130.9 134.2 142.6 149.1 154.4 155.1 140.4 125.9 118.6 104.4 98.6 101.6 101.7 107.3 114.8 111.9 109.8 108.2 108.9 108.7 107 104.9 105.4 101.6 101.6 100.4 100.1 99.5 99.2 99.1 99.2 101.5 102.3 101.6 103.6 103.4 106.8 109.4 109.6 107.8 106.1 105 107.9 111.7 114.6 117.3 119.3 115.9 105.5 114.3 115.2 114.9 115.4 116 119.1
219.2 219.5 219.1 220.2 214.8 207.2 193.5 184.4 171.7 158.3 149.8 137.5 130 128.4 128.3 126.6 125.4 127 124.3 121.1 112.7 118.7 123.5 130.5 134.9 138.5 144.7 148.3 152 143 126.9 119.9 106.5 98.7 101.8 101.5 111.8 112.4 110.9 109.4 108.6 108.2 108.5 106.5 104.5 103.2 103.9 104 102.6 100.5 102.4 105.1 105.1 105.6 106.9 107.2 107.6 107.8 107.5 109.8 116.1 110.2 105 106.7 110 113.4 115.3 118.8 121.7 125.1 121.1 111 113.5 115.8 116 115.7 116.4 119.2 120.4
219.4 220.9 221.2 215.5 203.8 189.4 172.8 163.2 153.3 146.6 137.1 129.7 123.3 122.5 123.4 121.9 120.3 119.8 117.9 115.6 111.9 120.2 128.8 134.2 135 139.2 141.4 141.5 137.9 126.4 118.6 104.2 98.3 102 102.3 112.5 112.9 110.2 109.4 109 108.4 107.9 106.8 105.5 105.4 105.5 104.9 105.6 104.3 104.6 106.4 106.5 105.6 107.4 107.1 107.7 107.8 107.7 113.7 120.5 111.5 113.3 111.7 117.6 123.6 121.8 124.7 125.9 125.5 123.6 115.3 110.2 115.8 117.1 116.4 117.6 119.9 122.4 124.2
220 218 212.3 203 186.8 173.8 156.3 145.9 141.9 133.7 126.2 122.4 117.6 117.4 117.9 118.2 115.5 114.5 114.4 111.3 114.8 124.4 128.7 133.2 134.1 133.8 132.9 127.5 123.9 115.7 108.1 103.2 98.3 102.7 105.7 113.9 111.2 108.7 108.4 108.2 108.6 106.7 106.6 106.9 106.1 104.3 104.8 103.8 104.8 105.3 105.8 106.4 107.2 108.2 111.5 114 115.2 117 125.3 118.5 114.6 113.9 115.7 121.7 124.9 124 123.9 122.5 120.3 115.7 110.5 116.9 118 118.9 118.9 120.6 123 126.2 131.1
211.9 206.9 198.4 182.3 167.3 155.2 145.5 140.2 136.6 128 120.2 117.4 115.3 115 115.1 114.3 112.7 112.2 110.5 108.4 117.2 120.9 126.9 128.7 129.5 128.1 123.1 120.2 114.8 106.4 103.7 103.5 101.9 102.4 112.7 112.4 110 108.9 108.3 108.9 107.5 106.8 106.5 106.9 105.3 104.8 104.8 105.4 106.1 108.3 112.6 113.9 116.2 119.2 122.3 124.1 125.7 128.7 124 120.9 115.6 116.7 121.2 124.2 126.6 128.2 128 124 119 114.7 119.5 120.8 121.1 122.3 122.3 123.7 127.4 129.1 131.9
197.8 190 177.9 163.7 150.9 142.2 136.6 131.6 127.6 120.8 116.4 115.1 114.4 113.2 111.2 110.7 109.8 111.6 110 109.2 116.6 119.8 120.7 122.1 124.1 119.9 115.7 111.6 105.4 102.7 103.2 98.6 107.1 109.7 112.4 110.4 110 109.1 108.1 108.7 108.1 106.5 106.3 107 106.8 108.3 111.6 115 114.4 118.8 119 121.1 123.5 127.3 131.1 132.1 132.6 129.4 125.2 119 115.8 119.8 127.9 133.7 137.4 139.2 134.7 123.3 116.5 127.5 130.5 129 126.3 132.2 130 129.7 132.2 136.5 137.8
179.2 168.9 160.5 149.1 139.8 132.9 133.1 127.5 122.5 118.5 114.1 113 112.5 111.8 109.6 106 104.8 104.2 106.2 110.2 114.8 117.2 117.7 118.2 114 111.6 109.3 105.5 103.6 103.2 103.6 98.6 109.5 109.2 109.2 109.6 108.4 108.8 109.3 108.5 108.5 106.8 106.6 107.2 107.7 111.7 116.7 119.9 122.5 125.5 126.7 129.8 132.6 136.2 137.1 136 135.7 131.6 122.7 123 122.3 130.7 135 137.8 143.7 141.3 127.2 117.5 126.2 142.4 146.4 145.8 133.4 139.4 140.3 143.3 144.9 149.4 152.7
160.7 154.7 151.5 138.5 132.2 130.7 127 121.1 113.6 110.3 106.6 106 105.1 102.3 102 102.8 104.3 105.9 103.3 102.9 111.3 111.5 113 110.5 109.1 106.6 104.4 104.3 104.3 103.8 101.2 109 110 109.5 109.4 109.5 109.5 109 109.2 108.7 108 107.5 107.2 107.8 110.1 115.9 120.5 125.2 128.8 131.7 135.6 138 141.3 142.4 140.3 137.8 130.4 129.9 132.3 135.9 142.9 144.8 136.9 130.8 135.1 129 120 126.9 139.2 137.5 141.4 144.4 145.5 147.7 152.6 155.7 162 163.4 166
152.3 146.5 138.2 132.1 128.4 126.7 121.3 114 106.9 105.3 105.1 103.2 103.4 106.3 106.2 106.3 106.2 104.9 104.9 101.6 109.5 108.1 105.3 106.2 104.9 104.9 105.3 104.3 104.3 104.5 99.4 109.6 109.8 109.9 109.1 109.4 109.7 109.3 109.3 109.4 108 108 109.3 108.9 115.1 121.3 128 132.7 135.1 139 145.3 148 148.1 145.8 140.4 135.2 138.1 143.4 149.8 149.8 152.5 144.7 131.5 125.9 123.7 125.1 130 138.2 140.8 142.9 145.3 148.1 153.8 158 161.9 167 177.2 180.8 185.3
149.5 138.1 130.9 126.7 124.8 119.2 112.3 107 106 105.8 104.2 103 106 106.9 105.9 105.4 105.7 105.3 105.6 104.2 104 105.1 104.7 105.2 104.8 103.5 103.9 104.2 105.3 101.5 109.6 109.6 109.1 109.1 109.6 109.4 109.7 109.5 109.3 109.2 111.5 109 110.2 114.1 120.5 128.9 138.6 144.2 148.3 153.4 157.1 156 152.8 142.6 142.4 141 144.6 149.8 153.4 152.7 154.7 139.5 127.5 128 129.9 135.4 140 143.3 146.8 150.2 158.2 159.1 160.8 166.2 170.3 175.6 190.5 192.7 190.9
142.1 132.5 124.5 121.7 120.5 113.1 110.1 106 105 105.7 104.1 107.4 106.8 106.2 105.8 105.7 106.4 106.4 104.5 104.7 101.2 104.8 104.5 105.2 105.4 103.2 104.4 104.6 103.8 100.3 108.3 109.1 109.8 110.4 109.9 109.6 109.4 109.6 111.6 109.7 109.9 109.2 110.5 111.4 120.1 129.5 139.3 149 153.9 155.1 153 152.2 146.1 144.7 142.4 145.2 148.2 149.8 148.9 146.9 147.2 134.4 130.6 136.9 140.4 142.8 152.2 154.9 155 157.9 165.7 167.4 168.8 174.8 178.3 182.6 193.9 194.4 188.4
133 123.1 120 117.2 112.5 109.9 107.2 105.7 105.6 105.4 103.2 108.1 108.2 106.6 106.3 106.6 106.6 106.3 105.9 106 102.8 102.7 104.4 104.9 104.7 104.7 105.1 103.6 103 107 110.4 110.9 110.3 109.9 110.1 109.6 109.7 111.1 110.2 110.1 110 109.7 110.5 111.1 115.8 125.2 134.7 144.1 150 149.3 148.8 146.6 147.2 144.5 145.3 145.9 147.2 140.8 136.4 134.2 131.6 130.6 136.7 140.7 148.8 152.9 155.8 163.9 170 169.4 173.5 173.1 176.5 183 190.3 199.5 203.4 197.1 188.8
127.5 119.1 115.4 112.9 109.3 106.7 106.2 105.5 106 104.3 103.5 108.3 109 108.6 109.4 107.9 108 108.1 107 105.3 104.4 103.1 101 100.6 100.5 100.5 100.5 100.2 109.9 110.2 110.3 110.6 111.4 112.1 111.8 112.2 111.3 111.1 110.6 110.9 109.9 110.5 110.8 110.9 118.8 126.9 139.1 146.4 148.1 147.5 146.5 148.8 152.7 149 148.2 148.4 141.3 134.4 136.9 137.9 137.8 139.2 143.2 141.9 143.3 160 163 165.6 172.4 176.7 177.5 178.5 184.5 194.3 206.4 208.9 204.4 196.4 187.8
118.1 112.2 108.3 106.5 106.2 106.2 106.2 106.3 105.5 104.9 104.7 106.4 107.9 109 108.8 108.9 109.4 107.5 105.5 105.2 104.1 104.4 104.8 109.3 110.3 111.4 110.5 111.1 110.1 112.5 111.3 112.1 112.3 112.8 112.8 112.7 111.8 111.6 111 110.4 110.6 111 113.4 117 125.2 132.8 142.4 147.9 148.1 148.8 147.3 149.2 152.4 150.9 146.9 141 135.4 139.2 142.3 143.7 145.3 147.3 150.7 155.5 156.3 154.2 154.6 162.7 172.4 179.8 182.1 185.3 191.6 203.1 213.2 208.5 202.4 195.5 189.2
105.9 107.1 106.2 106.3 106.7 106.5 106.7 106.5 105.6 103.8 105.3 108.5 110 109.5 110.2 109.9 107.3 105.7 105.6 106.1 106.3 107.4 108.7 110 111.7 112.4 112 111.7 112.2 112.9 112.9 113.2 113.3 112.7 112.7 113.5 112.6 112.9 112.5 112 112.8 113.9 121.5 130.2 137.5 144.3 148.8 148.8 147.7 148.3 152.9 147.8 146.8 146.5 142.1 136.6 140.8 143.4 146.8 149.9 158.1 164.9 167.5 170.7 170.9 173.3 173.7 169.3 170.2 183.1 187.9 193.5 201.4 214.5 212.3 206 201.2 197.2 197.2
103.8 105.7 105.9 106.2 106.3 106.3 105.4 105.7 104.7 105.4 107.1 109.3 109.6 109.4 107.9 107.6 106.4 105.5 106.5 108.2 110.8 111.5 110.8 111.8 112.3 112.4 116 113.3 112.5 113.1 115.6 115.2 116.5 119.6 119.3 116.1 114.4 113.3 112.5 116.3 121.8 126.3 132.6 139.6 147.8 151.2 152.1 148.8 149.7 151.8 151.9 149.1 143.7 141 139 144.5 146.8 151.3 161.3 169 174.9 178.7 181.4 184.6 183 180.8 180.4 175.9 179.3 176.4 193.7 198.2 204.4 208.6 207.4 202.9 202.9 204.1 208.2
108.2 108 108.3 108.1 107.3 106.7 107.6 106.8 106 107.5 108.9 109.7 109.5 108.9 108.2 106.8 106.3 106.9 108.3 110.3 111.9 112.7 112.8 112.5 113.6 114.4 117.6 114.8 119.4 119.9 119.9 121.8 126 126.4 125 120.5 117.1 119.6 121.4 126.1 130.6 135.4 141.8 148.3 152.4 152.4 149.5 148.6 150 149.8 148.1 145.1 142.1 141 146.1 148.6 155.2 165.7 174.7 181.7 186.3 190.4 194.2 197.7 197.1 195.1 193.7 185.2 191.5 189.5 185.7 194.7 198.6 199.1 202.1 207.5 212.3 216.5 220
113.5 117.5 118.6 115 113.7 114.4 114.2 113.8 111.7 107.5 109.3 109.1 109.7 108.8 108.2 108.2 108.3 108 110.7 110.7 112.1 113.6 118.4 115.8 121.3 123.5 127.4 128.4 131 133.2 132.6 132.8 133.9 130.1 123.8 120.3 122.6 125.3 131.1 136.7 141.2 146.5 152.1 155.3 153.6 151.4 149.7 150.8 149 146.7 144.4 142.7 144.5 148.3 151.4 156.6 164.2 172.4 184.6 190.7 193.6 200.5 205.3 206.6 204.8 203.1 190.2 201.3 201.6 199 199.2 196.4 196.4 198 201.5 208.6 214.5 224.1 226.4
123.7 123.9 124 121.3 119.6 118.1 114.9 114.3 113.6 110.1 109.9 110 109.3 109.4 109.3 109.4 108.9 112.4 113.4 112 116.7 116.8 121.4 127.5 130.5 133.5 135.9 137.6 139.5 139.4 140.4 137.6 133.2 126.8 122.8 118.9 124.4 133.3 139.3 145.9 152.2 157.5 156.7 156.4 154.4 153 152.3 151 146.9 144 143.2 145.7 149.4 155.7 161.6 165.6 173.8 184.5 191.3 196.4 202.4 209.2 213.9 212.6 210.7 204.2 200.8 207 205.5 206.4 207.8 206.2 202.3 203 203.2 207.3 213.8 219 221.4
