UK/data/ns/ns57_OST50GRID_20230518/NS57.asc
ncols 200
nrows 200
xllcorner 250000
yllcorner 670000
cellsize 50
[rows 0 to 36 of 200, columns 83 to 165 of 200]
111.2 106.7 105 106 97.3 86.1 71.4 61.2 54.8 48.1 44.4 44.5 45 45.4 45.3 45.6 46 49.9 55.4 58.8 61 64.1 74.5 86.1 95.7 105.2 108.7 114 115.7 113.1 106.9 109.8 115.3 124.5 125.7 140.7 142.4 154.5 160.3 169 176.4 188.1 186 175.8 172.4 177.4 174.5 176.4 174.7 175.8 179.9 181.1 181.9 180.1 181.3 179.8 180.1 183.2 183.8 186.3 178.8 149.1 162.5 182.7 199.3 206.1 210 217 226.5 238.9 250.6 261.8 268.7 273.2 274.7 277.4 279.8 285.5 288.1 287.2 285.3 287.6 287.6
109.7 105.5 103.2 102.4 96 88 76.2 66.3 58.2 51.4 46.5 44.5 45.2 45.7 46.3 45.4 46.2 47.9 52.7 55.9 58 62 68 76.5 87.1 96.9 102 106.5 106.1 101.6 99.2 105 113.3 120.1 128.6 141.7 150.6 151.9 157 156.3 162.3 166.8 157.3 157.1 161.6 158 160.4 150.8 150.9 155.2 163.7 164.9 165.9 161.5 165.4 165.1 167.1 171.5 173.8 173.7 169.9 157.5 151 172 185.6 191.5 195.8 202.8 214.1 224.8 232.2 241.4 250.1 257.2 260.7 262.8 266.5 271 270.9 271.6 273 278.8 279.9
107.1 104.1 100.6 97.6 94.5 89.4 78.3 67.4 60.6 54 50.9 46.6 46.7 46.1 46.8 45.6 46.4 47.2 49.5 52.9 56.2 60.3 67.2 74.6 80.6 87.6 94.1 93.9 94.4 97.6 104.9 111.1 114.7 121.1 129 138.8 135.5 131.4 130.5 136.2 141.3 140 142.4 144.7 149.3 152.2 142 132.8 132.5 136.9 145.4 145.8 146.4 144.1 150.2 149.9 154.1 158 162.9 161.7 159.6 154.1 142.1 165 173.4 180.1 186 194.7 204 210.8 219.2 228.2 236.6 242.4 247.2 248.7 253.9 258.6 261.2 261.9 260.3 266.5 269.6
121.9 109.9 105.8 101.1 94.3 87.2 80 69.6 62.5 56.8 53 49.4 49.8 47.8 46.8 46.2 46.4 47.1 48.8 51.1 55.3 58.4 64.8 74.6 79.6 83.6 84.3 86.8 94.2 102.2 109.8 115.2 118.6 120.7 123.1 124.7 121.8 118.1 120.5 118.9 120.5 126.3 134.5 129.9 132.5 132.1 126.2 120.5 119.8 122.9 127.6 131.2 132.2 130 134.8 136.9 143.1 150 153.4 152.9 150.4 148.8 135.8 155.8 163.2 170.3 178.7 189.2 197.9 199.5 206.9 218.6 226.1 231.2 236 238.7 243.7 248.3 251.7 252.3 250.2 254 257.7
131.6 124.2 120.5 111.7 100.9 90.4 81.9 76.7 67.8 61 55.5 53.5 51.7 52.6 50.4 47.5 47.5 48.2 48.8 50.2 55.7 59.6 64.3 72.9 75.5 76.3 79.1 88.3 92.3 98.8 104.7 108.3 113.9 119.2 113.6 111.7 110.9 107.2 110.8 105.1 109.5 113.3 118.4 118.4 115.1 113.6 109.9 106.8 107.3 108.8 112.5 117.8 121.3 124.4 122.6 126.6 134 141.9 145.3 145 142.1 137.1 132.1 146.2 155.7 161.6 167.7 178.2 187.7 191.5 201.4 211.5 218.5 224.2 228.3 231.9 236.6 240.1 243.2 243.5 241.7 244.8 250.4
155.6 127.9 119.2 113 107.3 97.7 87.7 81.2 74.7 68.2 62.2 57.6 56.9 56.4 54.2 51.1 49.2 48.5 49.2 50.2 52.8 58.5 63.4 66.4 66.4 70.6 73.5 79 84.5 89.5 93.8 98.2 101.9 104.2 93.8 96.7 97.7 95.6 97.6 95.6 95.8 100.2 104.3 103.4 101.9 102.7 100 99.7 99.5 100.8 102.9 109.2 116.3 116.9 117.8 119.4 126.2 130.9 134.5 134.7 132 131.1 121.7 135.9 145.3 152.6 157.5 166.6 177.4 185.1 195.9 203.5 210.5 217.2 221.9 227.3 229.8 233.9 237 237.5 236 238.2 245.6
141.3 135.7 126.5 115.8 109.1 103.8 92.2 85.2 80.1 75.7 68.8 63.8 60.6 60.6 59.2 55 52.2 49.8 50.9 52.5 53.6 55.1 57.2 62.1 64.2 67.4 70.2 76.6 81.6 84.8 86.8 88.5 92.1 88.3 85.9 87.4 88.1 89.8 93.5 93.1 91.2 91.8 94.9 95.4 95.3 94.5 96.2 96.2 96.8 95.2 95.9 97.6 100.9 101.9 108.4 112.3 120.5 122.3 115.5 118.8 118.5 121.6 117.8 128.9 136.5 141.4 147.3 155.3 166.6 174.3 181.5 190.8 199.1 209.7 211.4 217.1 220.2 222.9 225.4 227.9 225.6 229.4 232.6
130.3 127.6 123.7 120.7 114.2 105.3 98.7 91.7 84.9 80.5 73.1 69.5 67.5 64.7 63.2 60.4 55.7 51.7 50 52.2 53 53.9 61.2 63.7 64.3 64.3 67.6 74 75.9 78.7 80 83.4 86.8 85.1 84 85 81.7 90 90.4 88.6 86.4 86.8 91 89.6 88.2 90.6 93.1 95.3 93 91.5 92.3 93 94 93.8 95.2 98.8 106.3 110.8 110.3 108.9 110.8 113.4 114.3 120.9 127.1 132.4 135.5 142.7 154.3 160.1 166.5 171.4 178 189.5 196.2 200.5 204.2 209.4 211.6 213.1 215.4 217.4 220.6
134.6 133.1 130.8 124.7 117.4 111 102.5 95.7 88.2 82.9 78.6 74.9 73.7 71 67 63.6 60.5 53.9 50.7 50.1 52.7 53.9 63.3 63.1 63.3 63.6 63.3 67.3 67.8 69.4 74.5 80.3 83.9 84.6 81.6 79.9 79.2 84.1 80.2 79.8 81.3 83.4 83.2 81.4 83 84.3 84.9 85.3 86.4 88.4 88.9 90.6 90 91.2 93.4 95.2 97.7 102.8 104.1 105.2 107.2 110.3 109.6 114.2 116.6 122.1 126.3 132.7 140.8 148.2 153 158.4 163.8 168.5 174.4 182.1 189.3 194.7 196.6 198.1 200.1 201.9 206.7
148.4 147.9 146.1 136.6 126.7 117.2 107.2 98.6 94.6 87.4 83.5 79.3 80 76.8 71.2 65.7 61.8 56.3 53.1 51.6 50.7 51.6 60.8 54.9 54.2 55.1 57.8 56.3 58.5 63.3 68.9 78.3 80.4 78.5 75.9 76.9 76.4 77.4 75.3 76.6 78.3 79.6 78.5 78.8 79.7 79.9 80.9 82.2 82.9 85.6 86.6 88.7 89.1 90.9 93.4 96 97.7 100.5 101.8 103.7 105.9 106.9 107.2 106.5 107.1 110.5 114.7 120.6 130.8 132.9 136.6 143.4 150.3 155.8 162.8 169.5 174.9 180.1 183.8 185.1 189.7 190.7 194.4
164.7 164 162.4 153.9 141.4 128.8 119 107.5 100.2 94.7 89.2 84 81.8 80.7 77.3 69.6 63 57.4 55.5 53 52.2 53.3 53.6 54.9 54.6 56.6 62.2 66.4 62.5 58.4 63.6 69.6 65.2 67 68.8 72.9 71.5 71.8 73.5 73.9 74.5 75.1 75.5 76.7 77.8 81.3 82.4 81.3 85.4 87.1 88.7 92.2 93.2 93.1 95 96.1 97.8 98.8 99.9 101.9 103.3 105.4 103.9 103.4 103.2 103.2 105.1 105.9 109.4 115.3 121.6 128.4 137.9 143.4 150.9 155.3 158.3 165.2 167.9 172.9 176.2 175 181.8
174 169.6 165.8 163.3 155.9 143.8 130.3 116.5 107.8 102.6 97.2 91.2 85.1 80.7 77.5 70.5 62.4 58.3 56.4 55 53 52.3 54.5 58 61.4 64.8 69.4 72.3 75.9 75.3 68.4 62 61.5 63.5 65 66.6 67.7 69.8 70.6 72.1 74.9 75.8 78 81.6 85.2 90.9 89.4 83.4 83.7 87.1 88.4 91.6 93.5 94 97.4 96.6 96.7 97.3 98.5 99.7 101.4 101.7 101.3 101.4 100.3 99.1 98.9 100 100 102.6 107.2 119.3 126.3 132.9 139.4 143.7 148 152.9 151.6 158.2 162.6 159.5 168.8
170.3 166.7 162.9 160.7 155.7 149 142.3 133.2 125.8 120.8 113.4 105.6 97.7 89.1 81.4 75.8 68 60.3 58.7 56.5 55.8 55.5 56 58.2 61.3 63.8 67 72.3 77.2 78.4 75.3 63.9 63.3 63.4 63.9 65.2 67.3 67.9 69.4 71.3 74.8 77.2 79.7 82.6 87.9 88.8 86.2 85.3 82.9 82.3 86.4 89.5 92.4 93.2 94.3 95.9 95.4 95.4 96.3 97.5 98.6 99.4 99.9 100.1 99 98 96.8 95.7 96.2 96.8 98.9 102.3 113.1 119.5 124.3 129.3 135.7 139.4 137.4 145.5 147.2 147.1 157.1
172.4 168.6 162.8 157.3 153.2 148.8 144.8 141.3 140.3 139 135.1 126.6 118.9 110.1 98.8 88.3 79.1 70.5 65.4 60.9 59.3 60 59.1 57 59.6 63.2 64.2 65.3 66.8 68.7 68.6 64.4 63.6 64.3 65.2 66.2 67.3 67.6 69.4 70.4 72.1 74.7 77.4 78.3 86 87.4 85.8 84.3 82.1 82.2 83.6 85.7 88.3 91.1 91.4 91.7 92.3 93.5 94.9 96.3 97.6 98.6 98 97.6 97.6 96.8 95.7 94.7 94.9 94.1 94.9 97 105.7 108.5 112.3 120.3 125.5 126.8 123.8 128.4 132.5 133.3 138.9
172.5 169.5 164.6 162.5 158.7 154.1 150.6 148.6 148.6 148.8 147.1 142.6 140.4 134.4 118.4 106.9 97.5 87.9 79.7 73.9 70.1 66.1 62.1 60.5 59 61.6 63.6 65.2 65.3 65 66 66.8 67.9 64.3 64.8 64.5 66.1 67.7 68.3 69.2 70.5 72.3 72.8 74.3 77.6 81.1 82.1 79.7 79.8 80.8 83.8 86.2 87 88.4 89.1 90.4 91.8 92.8 93.8 94.9 96 97 96.7 96.5 96.1 95.7 94.7 94.1 92.8 92.3 92.1 91.9 94 100.7 106.6 117.2 120 115.6 112.7 116.1 118.2 121.2 128.1
167.2 167.5 161.7 161.5 160.3 156.5 154.4 153.4 154.7 153.4 150.3 150.3 148.9 144.9 134.7 126 119.1 111.3 103.1 94.3 87 79.5 73.5 68.2 65.5 62.6 61.6 62.7 63.2 64.1 66.4 68.5 73.5 69.4 68.4 66.4 67.5 68.7 68.9 71.8 75.6 76.5 74.4 72.1 74.8 76.3 77 76.8 78.2 81 82.8 84.5 85.7 87.3 87.9 89.1 90.3 91.7 93.4 94 94.8 95.4 96.2 95.7 95.2 94.7 94 92.8 91.9 91.3 91 90.6 90.5 93.5 96.4 105.6 109.3 105.4 103.2 109.6 109.3 117.2 119
167 169 160.6 158.2 158.4 155.2 153.6 152.8 152 150.1 148.9 149.5 148.6 146.7 144.6 141.7 138.7 134.9 128.8 121.1 112.2 102.1 93.6 86.2 80.5 76.8 72 68 67 67.7 69 69 70.1 71.2 70.4 68.8 69.6 70.6 71.8 73.8 75.3 77.6 76.5 73.9 73.5 77 76.7 76.8 79.4 79.9 80 81.4 83.8 84 85.4 88 89.5 91.3 93 92.2 93.3 93.9 95.1 96 94.3 93.6 92.9 92.5 91.1 90.5 90.4 89.5 89 89.4 91.4 92.8 95.5 95.7 97.2 96.6 102.8 103.1 107
169.3 161.4 156.5 153.5 153 151 149 148.5 147.9 148 148.4 147 146 145 144.2 142.8 139.6 139.3 136.4 133.5 129.4 123.5 115.1 105.1 97 90.9 85.1 80.2 79.9 79.7 77.7 77.9 76.5 76.3 75.3 71.6 70.9 77 78.5 79.3 79 79.3 78 76.8 76.1 77.1 77.7 78.4 80.5 83.9 81.1 82.7 82.2 83.5 88.3 87.2 88.4 89.7 90.3 91.8 92.9 95 98.3 97 95.4 92.5 92 91.8 90.4 89.8 89.1 88.8 88.8 89.1 89 89.1 91.1 94 94.7 94.5 94.9 92.9 93
164.3 155.7 152.3 149.7 149 147.2 147 146.7 146.9 147.4 146.4 143.4 141.5 140.9 139.8 139.3 141.4 142.1 137.5 132.3 130.5 127.7 126 124.6 115.5 107.7 99.9 94.5 93.5 94.1 90.4 88.1 86.9 83.3 79 72 71.7 80.6 85 86.4 85.4 83.4 81.7 80.8 80.5 80.1 82.1 81.5 82.3 82.7 82.5 84 87.1 91.6 93.5 91.9 90.5 91 92.5 93.4 95.9 99.6 99.5 99.1 96.1 92.4 91.6 91.2 90.2 89.3 88.2 88.3 88.3 88.5 87.8 87.4 87.9 89.3 90.5 91.3 91.4 89.9 89.6
156.7 150.9 149.2 147.4 146.1 146 146.3 145.9 145.2 145.2 143.8 141.7 141 139.7 140.5 144.2 144.7 146.4 144.2 139.4 136 134 130.2 126.3 122.4 119.6 115.9 110.6 105.4 101.5 99.5 100.3 100 94.5 85.3 80.7 77.1 84.8 91.6 91 90.1 89.9 86.1 91.1 86.1 84.7 86.4 88.1 88.2 88.4 87 87.1 91.1 95.4 95.8 95.3 95.5 94.9 94.4 95.1 98.4 101.9 101.7 103.3 102.2 96.4 91.6 90.5 90.1 89.8 89.5 87.9 87.6 87.6 87 86.6 86.9 86.9 88.7 88.8 88.3 87.3 88.7
152.1 148.5 147.3 146.4 146 146.1 146.3 146.1 145.4 144.5 143.6 141.9 141.1 142.8 145.3 146.7 146.2 145.7 145.3 145.2 144.7 144.2 142.3 139 135.1 121 116.7 114.3 111.9 108.8 106.3 104.8 102.2 99.5 98.2 97.7 89.1 89.2 98.9 100.6 98.7 96.8 93.5 91.4 91.4 93.2 95.1 95.5 95.4 95.4 94.5 91.6 96.3 99.4 100.8 100.7 100.4 99.3 99.4 97.8 99.8 103.1 104.8 104.4 102.4 95.9 95.6 102.5 96 94 89.8 88.6 88.1 88.2 86.7 86.5 86.6 86.5 86.7 87.2 85.9 85.5 85.4
150.2 148.5 147.7 147 146.8 146.8 147 147.3 146.8 146 145.4 144.4 144.2 144.5 146.5 148.5 154.1 149.8 150.3 152.2 151.9 151.7 151.9 147.8 137.8 132.6 123.7 118 116.2 113.3 111.4 106.2 106.1 102.4 102.4 101.5 99.1 88.9 98.9 101.6 101.3 102 102.2 101.3 100 98.9 101.3 102.9 100.6 100.9 99.8 99.2 99.4 100.8 102.4 103.1 104.4 104.9 105.6 104.1 102.5 104.3 108.8 109.2 102.4 101.5 110.7 140.6 149.6 106.3 95.2 89.5 87.8 87.1 86.5 86.7 85.5 85.8 86 86.4 85.6 85.1 84.6
151.1 149.9 148.4 148.2 147.6 147.5 147.9 148.3 148.4 150.4 151 149.8 148.2 147 147.4 151.3 159.2 159.1 156.3 157.7 155.8 153.8 152.1 151.2 147.3 143.7 126.7 122.6 121.3 119.4 115.9 115.2 111.6 108.9 106.6 104.6 103.4 97.6 103.2 104.3 105.1 104.5 104.3 103.7 103.3 104.3 105.7 106.6 105.7 105.8 104.7 103.2 102.4 102.2 102.7 104.4 105 106.7 108.3 109.4 107.4 106.7 107 107 104.8 107.6 121.7 135.4 146 117 105.1 100.8 92.1 89.7 87.9 85.6 85.9 85.2 85 85.6 85.3 84.7 84.1
151.8 150.4 150.3 150 149.2 148.7 148.9 149.7 150.6 154.2 151.7 150.9 149 147.7 148.7 150 158.5 158.1 157.5 156.3 154.6 152.1 150.1 148 146.1 142.1 135.3 123.9 118.3 116.5 114.3 112.4 110.7 108.2 106.7 104.8 103.4 102 102.2 106.7 107.4 107 106.9 106.7 106.9 107.7 109.2 110.5 110.9 110.7 109.7 108.4 107.7 106.7 107.3 106.5 105.6 105.8 107.5 109.8 110.5 108.9 107.2 104.4 104 105.5 112.4 121.1 131.1 124 114 104.5 96.8 93.2 88.8 86.3 87 85.6 86.1 84.4 84.9 84.2 83.8
152.4 150.9 152.3 151.8 151 150.9 150.3 152.1 158.5 153.2 151 150.2 149.7 152.4 161.1 160 159.6 158.2 155.2 153.5 152.4 150.3 148.3 146.3 144.6 140.9 136.3 125.7 120.5 116.7 113.6 112.5 109.9 107.8 109.1 109.8 106.8 106.3 102.5 104.6 107.4 108 107.9 107.5 108.2 110 111.7 113.1 113.4 114.3 114.7 113.5 111.7 111.4 110.9 110.3 108.8 106.8 106.5 110.3 111 109.6 107.6 105.2 103.2 102.9 107 112.8 118.9 110.1 109.2 105.3 101.3 99.1 89.9 88 87 85.8 85.6 84.7 84 84.1 83.1
152.9 152.8 154.3 153.6 153.7 153 152 153.3 154 154.6 154.2 153.2 153 163.1 165.3 164.7 160.8 156.8 156 151 150 148.5 146.5 144.5 143 139.9 136.7 132.3 124.9 119.1 117.3 123 121.9 117.4 108.9 108.9 113 113.6 111.1 105 104.1 106.3 108.7 108 108.4 109.8 110.5 114.8 114.8 115.8 116.8 116.9 115.7 115.9 114.7 113.3 111.7 109.6 109.5 110 109.5 109.3 107.1 105.1 103.1 102.6 102.5 103.1 102.6 102.4 101.5 100.4 97.2 94.3 93.1 90.6 86.5 86.5 86.5 85.9 85.1 83.6 83
153.4 154.8 156.1 155.7 155.8 154.7 153.8 153.5 154.8 156.4 156.4 155.9 165.4 167.8 167.6 166.4 163.5 162.1 157.9 153.2 147.3 145.8 144.6 142.8 141.3 139.3 136.2 132.9 129.7 127.3 125.9 123.6 120.3 116.4 114.8 108.9 108.9 108.9 110.7 108.4 104.1 104.1 104.1 104.9 107.7 108.6 114.8 119.5 118.9 117 116.9 117.1 118.1 119.5 118.9 117.4 115.1 112.7 111.3 110.4 110.4 109.4 107.9 105.9 104 102.5 101.6 101.8 101.8 102.3 103.6 106.5 105.2 104.1 101.8 99.7 96.2 95.1 95.3 94.8 91.5 89.8 88.4
155.4 156.8 157.9 158.3 157.7 156.3 156 158.2 158.3 159.7 161.8 165.2 169.4 169.6 167.8 166.2 164.8 163.2 159 154.7 149.2 146 143.1 141.2 139.6 137.6 135.5 132.6 130.4 128.1 125.1 121.9 119.7 116.3 115.2 113.9 111 111.2 110.8 113.1 112.7 104.1 106 109.6 108.3 108.4 116.5 120.8 122.2 121.9 119.8 118 118.5 121 122.4 121.3 119.1 116.6 114.6 113.1 111.3 109.6 108.3 106.4 104.4 103.1 102.3 101.6 102 103.3 106.6 111.4 111.6 108.4 109.5 109.8 107.6 104.9 103.9 100.3 97.5 96.9 96.2
156.5 156.6 159.1 160 160.9 159 160.2 164.1 164.3 166.7 170.8 171 169.9 169.1 167.4 166.3 163.8 162.2 160 156.3 151.9 148.5 144.5 140.8 137.9 136 134.1 131.4 129.1 127.4 126.5 122.6 119.7 118.7 118.8 116 115.2 115.5 116.3 116.5 115.3 114.3 113.2 116.3 111.3 108.6 115.9 120.2 121.4 122.4 122.1 121.5 120.4 119.8 121.3 122.7 122.1 120.4 118.2 116 112.9 110.6 108.6 106.9 105 104.2 103.4 102.8 102.4 103.7 107.4 113.5 113.9 112.7 111.8 111.9 112.2 110.5 108.3 105.1 100.3 96.5 94.6
157.2 157.2 159.1 159 162.6 161.3 166.2 171.4 174.6 173.8 172.8 171.3 169.3 168.3 167.4 165.6 162.8 160.8 158.1 155.5 152.5 149.5 145.7 142.1 138.7 135.9 132.8 130.2 128.2 126.6 125.9 124.4 122.1 121.4 120.4 120.6 116 118.4 118.2 118 116.7 114 120.8 119.3 118.6 110.2 115.1 120.1 121.2 122.1 122.9 123.7 123.7 122.2 119 118.4 121 120.8 118.6 116.5 113.1 110.2 109 108.7 107.9 107.3 107.6 107.6 106.9 104.2 106.9 113.1 116.4 116 114.2 113.5 112.5 111.3 109.6 106.9 102.2 97.6 93.9
157.6 158.3 159.1 161.1 160.6 164.7 173.8 177.1 177 175.6 173.7 172.2 170.1 168.3 167.2 164.6 161.7 159.1 156.2 152.9 152.6 150.9 147.6 144.3 140.3 138.4 136.2 132.7 129.4 127.6 125.3 123.8 122.6 122.8 122.3 121.4 118.4 117.9 118.7 118.2 116.4 114.7 113.8 116 118.3 110.7 114.6 119.3 120.8 123.7 126.1 127.1 127.1 125.5 123.2 119.6 119.7 118.7 119 116.6 113.9 112.5 112.5 112.2 112 111.6 111.7 111.3 110.7 107.8 105.4 107.4 113.2 115.3 115.3 113.7 112.6 111.5 110.1 107.6 104.7 100.7 95.7
157.5 161.3 163.1 160.8 161.7 171.8 176.5 177.3 176.3 174.9 173.4 172.3 170.1 167.9 166 163.1 159.4 153.3 153.3 153.3 153.1 151.2 148.5 145 142.7 140.5 138.8 135.8 131.4 127.3 125.6 123.8 122.6 124 124 121.5 119.6 118.1 115.3 115.6 116.2 115.6 115.2 113.6 112.4 112.8 116.3 119.1 121.3 123 128.2 129.3 129.5 128 126.7 125.4 123.8 122.3 120.9 117.1 118.7 121 121.2 120.2 118.1 115.4 114.7 114.9 114.2 109.2 106.4 106 106.2 106.7 108.2 111.1 112 111.5 110.2 107.3 104.6 101 97.5
158.8 162.2 161.9 160.4 165.3 175.3 177.2 175.1 173.9 172.2 170.5 168.7 166.8 166.2 164.5 159.8 153.9 153.3 153.3 153.3 152.3 150.5 147.6 146.2 143.4 141.9 139.9 136.7 131.6 127.5 125.9 124.7 125.6 125.4 125.3 123 123 119.3 116.8 115.5 117.1 115 115.3 113.4 114.2 114.7 117.6 120.5 121.7 123.6 129.5 130.8 131.4 130.4 129.2 127.4 125.4 123.6 122.1 121.2 123.2 122.7 122 121.2 118.4 116.2 117.5 118.2 116.8 112.9 108.7 106.6 106.4 107.1 105.3 106.3 109.1 109.7 107 103.3 101.4 98.5 96.1
158.1 159.2 160.5 161.5 168.7 173.5 174.4 172.9 170.2 169.7 165.1 163 162.7 162.3 158.8 153.3 153.3 153.3 153.3 153.3 153.5 150.6 149.5 148.2 145.8 141.8 139.4 137.3 134.3 130.2 127.5 127.9 128.7 128.4 125.6 124.4 125.2 122.2 119.5 116 114.6 115.7 113.6 116.4 114.4 116.7 119.9 122.2 123.5 126.3 129.1 132.2 133.2 132.6 131.3 129.4 127.3 125.9 124.1 124 123.9 122.8 121.4 120.9 120.2 119.5 119.6 119.6 119.6 117.7 113.6 109.2 106.7 107.1 105.6 105.4 105.3 103.1 101.8 99.4 96.8 95.6 93.5
157.7 158.9 159.5 163.6 168.2 171.9 176.5 176.4 173.1 169.9 166.7 165.8 165.8 162 153.3 153.3 153.3 153.3 156.3 154.4 155.6 151.3 150.8 150.2 147.5 142.9 140.4 138.3 135.2 131.1 127.9 130.8 129.5 128.6 126.6 124.9 122.9 122.9 121.4 117.2 114.7 113.5 114.8 116.5 114.7 118.4 122.1 123.6 124.5 126.3 126.7 132.5 134.6 134.5 133.2 131.3 129.7 129 126.3 124.7 124.3 122.3 122.3 122.3 121.4 122.1 121.4 122.3 121.8 120.4 116.7 111.2 109.2 110.5 113.2 114.8 114.1 112.1 108.9 104.4 102.3 99.9 98.5
157.3 158.6 162 167 170.6 174.7 180.2 178.7 175.3 172.2 171.6 171.5 168.4 160.2 153.7 153.3 155.5 160 160.7 158.2 158.7 154.3 151.7 151.6 147.3 144.6 142.4 140.8 135.9 129.2 131.4 133.5 131.5 129.2 126.7 123.6 122.9 122.9 122.9 119.7 116.2 114.1 113.8 114.3 115.3 119.8 125.5 126.4 127 133.3 135.5 135.9 136.8 136.9 136.2 134.1 132.8 132.2 130.2 129.7 127 122.3 122.3 122.3 124.2 124.2 123.7 123.2 122 120.5 117 114.3 113.2 116.6 119.4 122 121.8 119.2 114.4 109.2 108.1 107.3 104.4
157 158.5 164.7 169.7 178.1 178.3 177 175.3 176.2 172.8 173.1 173.4 171.4 167.9 162.6 156.1 157.2 161.3 161.3 160.3 159.3 155.9 153.2 151.1 148.9 146.6 143.7 140.8 135.2 129 129.5 134.2 131.2 128.1 124.3 122.9 122.9 122.9 122.9 122.1 117.4 115.4 114.9 115 116.7 126.5 130.7 135.2 138.2 130.8 132 139 139.4 138.9 138.7 136.8 137.5 137.2 133.7 134.8 131.2 129.9 130.5 130.9 130.2 128.3 127.5 127.3 124.5 123.3 121.7 119.9 123.1 123.5 122.5 125.1 126.3 123.2 118.5 116 116.9 116 116.9
