UK/data/se/se59_OST50GRID_20230518/SE59.asc
ncols 200
nrows 200
xllcorner 450000
yllcorner 490000
cellsize 50
[rows 35 to 69 of 200, columns 0 to 77 of 200]
324.5 324.4 324.5 324.4 322.1 319.6 316.9 316.3 314.9 312.3 310.1 308 305.9 302.3 298.5 294.4 296.1 300.3 305.5 309.6 312.9 316.6 322.6 327.8 333.4 336.5 339.9 344 347.3 347.4 345.9 344.2 341.2 337.6 333.4 330.2 329.7 331.2 333.7 338.5 342.4 347.7 352.5 357.8 361.7 365.4 369.2 372.8 374.7 375.6 376.5 377.6 378.6 381.2 383.5 382.7 381.9 382.7 383 383.5 384.3 384.9 385.6 386.2 386.5 386.9 386.3 384.3 382 379.3 374 372.1 371.2 370.2 370.8 371.8 373.6 375.8
322.2 322.3 322.5 322.5 320 317.8 314.9 313.7 313.1 310.1 307.9 305.6 303.2 300.4 296.5 292.3 295.3 300.2 304.4 308.5 312.2 316.6 321.5 325.6 331.6 334.7 338.4 342 344.2 344.5 343.3 341.7 339.1 335.2 331 327.5 326.8 329.2 334.6 339.5 344.6 350.1 353.8 357.2 360.9 363.1 367.1 370.8 372.5 373.8 374.7 375.5 376.7 378 379.4 380.1 378.8 380.1 381.3 382.3 383.4 384.2 384.8 385.5 386 385.1 384.5 381.3 377.8 374.8 370.5 368.3 367.4 366.5 367.2 368.5 370.4 373.6
319.9 320.4 320.6 320.5 318 316.2 313.4 311.6 311.6 308.5 306.1 303.4 300.9 298.3 294.1 290.2 294.8 298.4 302.5 306.5 310.5 315.3 319.4 322.7 328.8 333 336.5 339 340.9 340.6 339.5 337.3 335.1 332.3 329.6 325.3 324.3 329.6 334.6 339.8 346.2 351.2 354.7 357.5 358.4 361.2 364.5 368 370.1 371.1 372.1 373.2 374.3 375.5 376.7 376.8 376.7 377 379.3 380.3 381.4 382.6 383.8 384.5 384.8 384.2 382.7 379.6 376.6 370.4 368 365.7 363.7 363 364 365.7 368 372
317.9 318.4 318.7 318.8 316.3 314.6 312 309.8 309.5 307.6 304.6 301.5 298.6 295.8 291.9 288.7 294.7 298.1 300.7 305.4 309.5 313.8 316.9 320.5 326.1 330.8 334.1 336.6 337.4 337.6 335.3 331.9 330.8 328.7 326.4 322.3 324 329.3 335.3 341.5 346.2 350.6 353 355.4 356 359 362 364.8 366 367.4 369.3 370.3 371.5 372.8 373.9 374.4 374.2 374.2 376.3 378.2 379.5 380.6 381.9 383.2 383.3 382.5 381.1 378.9 375.6 369.2 365.7 363.3 360.3 359.4 361 362.8 365.9 370.4
315.8 316.3 316.5 316.6 314.4 312.9 310.7 308.3 307.7 307 302.8 299.4 296.1 292.8 289.6 289.6 293.4 295.4 299.1 303 307.4 311.9 315.1 318.4 322.6 328.5 331.7 333.7 335.3 335.4 330.2 327.5 326.5 324.5 322.4 319 324.3 330.4 336.4 341.6 345.8 349.2 351.5 353 354 356.5 359.3 361.5 362.9 363.4 365.5 367.5 368.8 370.2 371 371.6 372.2 372.2 374.4 375.9 377.2 379 380.4 381.4 381.6 380.9 379.6 376.9 372.6 368 364 360.5 357.4 354.9 357 360.4 364.4 368.7
313.7 314.2 314.3 314.1 311.8 310.8 309.3 306.4 305.7 305.3 302.3 298.1 294.5 291.1 286.9 287.8 290.7 293.7 297.3 301.6 306.1 309.2 312.2 314.6 320.5 325.3 328.7 331.2 333.3 331 326.4 323.5 321.9 319.8 317.4 318.6 324.6 330.4 335.7 340.1 344.3 347.1 349.4 350.7 352.1 354.4 356 356.8 359 360 361.7 363.5 365.1 366.6 367.7 368.3 369.1 369.8 371.5 373.5 375.7 377.3 378.8 379.7 380.3 380.2 378.1 374.6 370.3 366.1 362 357.6 354.1 351 353.1 358.2 362.9 367
311.5 312 312 310.2 308.8 308 307.3 305 304.2 303.5 302.1 297 293.1 289.9 285.1 284.6 288.6 292.7 296 299.6 303 306.1 309 311.9 317.9 322 325.7 328.1 330.2 327.7 322.8 318.7 316.4 313.9 310.6 319.1 324.6 330.9 336.4 340.5 342.6 344.2 345.8 347.8 349.1 350.7 351.1 351.4 353.2 355.4 357.9 359 359.9 362 362.8 363.6 363.5 364.3 368.1 370.8 374 376.3 378 378.8 379.2 379 377.2 372.8 368 364.3 359.8 355.8 351.8 346.6 349.2 354.9 361.1 365.3
308.9 309.4 308.8 306.6 305.7 305.8 305.1 303.6 302.5 301.8 301.1 297.1 292.9 289 285 281.1 285.3 288.5 292.3 295.5 298.8 302 305.8 309.6 314.9 319 322.7 324.9 326.7 323.5 318.3 314.4 311.2 305.9 313.2 319.5 325.7 331.6 338.3 341.3 340.9 341.6 342.9 344.7 345.7 345.2 343.8 344 346.3 348.1 351.6 352.7 354.7 356.5 357.9 358.5 358.6 360.4 363.5 368.7 372.2 374.9 377 377.7 378 377.8 375.8 369.6 365.1 361.5 358 354 350.1 344.7 345.5 351.8 358.7 363.5
306.3 306.8 305.5 303.4 302.3 302.1 302.8 302.3 301.1 300.1 299.4 297.9 293.5 289.2 285 280 281 284.9 287.5 291.2 294.6 298.4 302.8 307.1 312.5 316.9 320.8 322.9 323.3 319.3 313.8 309.8 304.7 306.7 312.3 318.7 324.9 333.2 336.8 338.5 338.7 339.3 340.4 340.1 339.8 337.7 338.2 337.9 339 342.5 344.7 346.1 349.5 351.9 353.2 353.8 354.7 356.7 361.6 366.1 370.2 373.5 375.9 376.3 376.7 376.4 371.9 367.2 362.8 359.3 355.8 352.1 348.3 343.2 341.8 349.3 357 361.6
303.4 303.8 302.2 300.6 299 299.4 300.6 300.7 300.3 299.1 298.4 296.9 293.8 288.7 284.2 280.4 274.6 281.3 284.5 287.4 290.9 294.7 299.6 305.7 311.9 316.7 320 320 318.9 316.7 310.2 305.5 299.2 304.7 310.1 315.9 323.9 331.1 333.7 335.3 335.9 335.9 334.8 333.5 333 332.3 332.2 332.5 334.7 337.2 339.9 341.7 345.2 346.3 349 349.6 352.2 355.5 358.6 363.1 368.6 372 374.2 374.9 375 374.3 369.1 365.2 360.7 357.7 353.9 350.6 346.8 341.4 337.3 345.7 354.4 359.4
300.3 300.6 299 298 296.5 296.8 298 299.3 299.6 298.9 297.7 296 294.5 291.6 285.1 280.2 275.5 277.7 281.6 284.4 288.6 293.7 299.9 305.7 311.2 316 318.3 318.4 316.5 312.9 305.9 301.7 297 302.3 307.2 312.6 321.3 327 330.7 332.1 333.4 331.5 328.5 327 326 326.2 326.8 328.1 332 333.6 335.4 338 340.1 343.3 346.1 347.3 350.2 352.6 355.6 361 367.1 370.5 372.5 373.3 373 369.1 366.4 362.6 358.8 355.6 352.5 349.3 346.1 338.7 334 344.2 351.8 357
297.2 297.4 296.5 295.6 294.1 294.3 295.6 296.9 298.4 298.2 297.3 295.2 293.5 290.4 284.7 280.3 275.9 274.8 278.8 282.1 286.3 291.7 297.5 302.9 309.1 314.2 316.4 316.6 314.1 309.8 303.1 298.3 293.9 299.4 302.9 308.3 316.6 322.9 326.3 328 329.1 327.1 322.9 320.7 320.5 321.6 322.9 324.3 328 330.8 332.2 334.6 337.3 342.1 343.1 345.4 347.4 350.5 353.3 359.4 365.3 369 370.6 371.4 369.8 365.5 363.2 359.2 356.7 353.8 350.9 348 345 337.3 330.6 342.8 349.6 354.3
295 295 294.1 293.3 291.8 291.7 293 294.5 296.1 297.4 296.8 294.5 292.2 289.8 284.4 280.1 275.5 273.4 277.6 280.4 284.2 289.5 294.2 300.7 306.7 311.4 316.4 315.4 311.6 306.7 300.5 294.1 291 296.2 299.4 303.9 312.7 318.2 321.4 323.1 324.4 321.8 317.3 315.1 315.4 316.8 318.2 320.3 324 326.8 329.2 333.5 337.1 339.3 340.5 342.8 345.1 347.7 351.8 358.3 364.4 367.4 368.8 369.1 365.9 362.3 359.2 356.3 353.9 351.3 348.5 346 342.6 335.1 329 339.3 346.5 351.1
292.4 292.8 292.2 291 289.6 288.9 290.5 292.8 294.8 296.1 296.1 294.5 291.5 289.7 286.4 280.2 275 270.4 275.6 279.4 282.9 286.5 292 298.2 304.5 309.8 315.2 314.3 309.2 304.1 298 292 287.8 292.5 295.2 299.3 307.7 313.6 316.7 318.5 319.4 316 312.7 309.7 310.5 311.2 312.8 315.7 319.3 323.2 327.5 333 336.5 336.7 337.8 340.3 342.6 345.4 350.8 358 362.7 365.7 367 366.5 362.6 359.8 356.2 353.2 350.9 348.4 346.2 344 340.5 334.7 322 334.2 340.5 346.8
289.7 290.9 289.9 288.7 287.7 286.6 288.4 291.2 293 294.1 294.5 293.7 291.1 289 287.6 281.2 275.3 265.6 273.3 277 280.5 284.9 290.4 296 303.6 310.6 312.6 312.5 307.2 301.9 295.8 290.2 282.7 288.4 292.8 296.5 302.2 308 310.4 314 315.5 312 307.5 304.7 305.9 306.9 308.2 312.7 317.6 324.2 328.9 332.7 334.2 332.6 334.9 337.8 340.1 343.7 350.9 357.2 360.7 363.3 364.3 363.3 359.7 356.5 353.1 350.1 347.3 344.9 343.2 341.1 338.2 333.2 322 325.3 333.7 341.2
287.6 288.5 287.9 286.8 285.8 284.9 287 289 290.7 292 292.9 292.3 291.3 287 286.2 283.4 275.6 268.6 270.5 274.4 278.2 282 288.3 296.2 302.4 307.9 309.3 310.1 305.7 300.2 293.3 288.6 282.2 282.2 288.5 292.2 297.8 302 306.1 309.2 310.9 307.5 302.9 300.4 300.5 302.1 307.9 315.3 320.2 324.5 328.7 331.2 330.9 329.2 331.9 335.3 338 342.9 349.2 354.7 358.1 360.4 361.8 358.5 355.4 352.6 349.7 347.2 344.5 341.9 340.4 338.3 334.8 329.5 321.9 320.5 328.7 335.3
285.4 286.2 285.9 285 284 283.9 285.4 287.6 289.6 291.6 291.9 291.5 289.6 286.5 283.9 283.9 275.6 268.8 267.2 272.1 275.7 280.7 287.6 295.6 302.4 305.1 305.9 306.8 305.2 298.9 292.3 287.3 281.2 279.7 284.3 287.9 292.9 296.9 301.7 304.3 305.5 301.4 297.4 295 295.4 303.4 309.7 315.8 321.1 325.7 329.3 329.1 327.6 324.7 329.5 332.4 335.4 340.2 345.5 352.3 355.8 357.9 358.2 355.1 351.6 348.6 345.7 343.4 341.2 338.9 337.1 334.1 328.3 322.8 318.1 319.5 326.5 334.7
283.1 283.9 284.1 283.4 281.9 281.6 284.3 287.1 289.5 290.6 290.9 290.9 289.1 286.9 282.4 281.3 276.8 268.7 264 268.8 272.6 278.3 286.9 295.2 300 301.7 302.8 303.3 303 297.2 291.4 285 279.2 275.4 279.2 283.3 286.9 291.6 295.8 298.4 298.6 295 291.8 291.1 299.2 305 310 314.4 318.4 322.7 326.1 327.3 323.8 321.9 325.9 329.4 333 337.7 342.9 349.1 352.5 354.8 354.1 350.5 348 345.2 342.4 339.6 337.4 335.2 332.7 327.1 322.5 318.6 308.7 318.7 326.4 334.7
280.9 282 281.8 281.3 280 280.4 283.7 286.5 287.8 288.9 289.6 289.6 288.8 286.7 283.7 278.9 278.3 267.7 260.4 265.6 270.2 276.8 288 292.7 296.1 298.2 299.5 300.1 299.8 295.7 289.7 282 277.3 270.8 273.5 277.2 280.4 285.4 289.7 290.3 290.9 287.2 284.2 294.7 300.5 304.8 308.5 311.2 314.7 319.2 323.1 323.6 319.7 319 322.8 326.6 330.6 335.2 340.4 346.7 349.8 350.9 349.1 345.8 343.8 342 339.3 336 333.7 330.9 326.3 321.8 317.7 312.3 312.2 319.5 328.7 335.7
278.7 279 279.4 279 277.8 278.9 281.8 284.9 286.1 287.1 287.5 287.7 287.3 286.4 283.6 278.5 275.7 267.1 254.7 263.3 268.5 277.7 285 289 292.8 294.9 297.1 298.1 297 295.3 287.6 280.1 275.1 268.3 267 270.7 274.3 280.1 282.8 283.9 282.7 279.7 289.5 296.7 299.4 302.7 305.9 308.8 312.6 316.9 319.7 319.4 316.2 316.2 320.3 323.9 328 332.9 339 343.2 346 346 343.8 341.7 339.9 338.4 336.3 332.7 329.6 326 320.4 315.8 310.3 305.1 313.9 322.7 331.5 337.3
275.9 275.6 276 275.5 275.1 278 280.5 282.6 284 285.2 285.4 285.7 285.7 285.2 283.6 278.7 272.6 265.1 254.8 260.9 267.1 277.7 281.8 285.6 289.6 293.8 295.1 295.9 295.3 291.5 288.2 278.9 272.7 268.2 262.9 265.9 269.1 274.1 277.1 274 275.8 284.8 292.3 295.4 298.2 300.2 302.4 306 309.7 312.8 315.8 315.1 312.4 312.8 317.2 320.5 326 331.6 336.6 340.3 341.3 341.4 339.2 337.6 336.1 334.5 332 329.5 326.9 321 313.7 309.1 304.6 307.5 316.9 328.9 336.5 340.6
272.3 272.3 273 272 273.1 276 278.3 280.4 282 283.1 283.6 284 283.8 283.5 282.3 278.6 273.9 269.1 256.5 258.4 266.7 274.6 278.4 284.5 288.7 292.1 293.9 294.2 292.6 289.8 285.5 276.7 271.2 267.1 261.4 260.6 263.7 267.7 268.1 271.5 278.6 287 291.4 293.6 295.5 297.3 301.8 304.6 306 309.6 310.7 310.3 308 310.1 313.8 320.1 325.3 330.5 334.1 337 337.7 336.6 334.3 333.6 332.2 330.2 327.8 325.4 322.9 316.8 308.6 302.4 301.4 310.4 322.4 335.6 339.5 342.5
266.6 267.8 269.3 268.5 271 273.6 275.9 278.2 279.9 280.9 281.7 282 281.8 280.9 279.3 274.9 270.3 265.8 252.3 257.6 266.6 274.8 281.8 286.6 290.4 292.5 294.4 293.8 292 288.4 283.5 275.6 270.4 264.8 259.3 256 258.4 259 268.6 275.4 281.8 287.3 290.2 292.3 293.8 296.6 298.9 300.8 303.2 304.7 305.4 304.6 304.9 308.4 313.5 319.9 324.5 327.1 330.4 333.3 333.8 332.9 330.1 329.6 328.3 326.3 323.5 321.4 318.8 310.5 303.5 296.1 307.4 318.6 329.8 338.2 341.3 343.5
261.9 262.9 264.9 263.9 267.8 269.6 272.5 275.2 276.8 277.9 279 278.9 278.6 276.7 274.3 270.3 266.6 258.1 249.5 257.3 267.3 277.9 284.7 288.6 291.8 294 294.3 293.3 291.2 287.9 283.6 274.9 268.7 262.7 256.6 251 256.9 264.2 269.9 274 278.8 284.9 289.4 290.5 291.5 293.2 295.2 296.7 297.6 299.1 298.5 301.2 305.7 311 314.3 318.6 323.3 325.5 327.2 329.1 329.2 329.8 326.7 326 324.6 322.5 318.7 316.6 311.4 303.2 295.5 307.6 317.6 328.5 334.2 338.6 341.6 343.9
264.4 260.2 259.7 260 262.1 264.5 268.1 271.1 273.6 274.9 275.8 275.8 275.1 273.6 271.3 267.7 260.2 253.3 249.7 259.9 271.4 280.5 285.8 289.4 292.7 293.4 293.4 292.7 290.8 287.5 280.3 273.7 267.4 260.4 252 244 253.3 258.4 264.1 270.7 275.1 279.1 282.7 284.7 287.5 288.3 289.2 290.2 291.5 295.4 299.3 304 310 314.1 317.9 320.7 323.4 324.8 325.5 325.6 326.4 326.7 322.8 322.3 321.1 317.1 314.6 311.7 304.5 296.1 303.7 315.7 325.5 329.9 333.4 337.7 340.3 342.4
268.1 266.4 260.5 256.7 254.3 258.2 263.9 266.7 269.5 272.2 272.3 271.6 271.9 270.4 266.5 261.1 255.7 245.9 254.3 264.7 274.4 280 286.7 291.1 292.8 292.5 292 291.8 289.3 283.7 277.9 272.2 265 256.9 241.1 254.3 260 264.2 266.7 264.6 267 271.4 274.5 278.1 280.2 284.6 290.3 294.9 298.8 302.4 304.9 309.1 313.2 316.1 318.8 320.6 323 323.8 324.3 323.5 323.2 323.4 320.2 318.3 316.5 312.5 308.6 304.3 300.3 292.8 302.6 312.6 321.9 327.7 330.6 335.2 337.4 339.9
271.9 270.5 268.3 263.5 259.8 253.7 253.7 260.5 265 267 266.7 265.8 265.6 265.2 261.9 257.4 252.4 241.1 256.2 265 276.7 280.3 285.3 290.2 291.5 290.3 290.2 289 285.6 279 274.9 269.7 263.7 252.6 241.2 257.4 264 271.2 275.4 277.7 279.2 282.4 284.7 286.1 287.7 292 296.4 300.8 304.6 308.2 311.9 314.8 317 318.5 320.3 321.3 322.2 322.6 323.1 322 320.5 319.4 316.9 315 311.5 306.3 302.9 299.8 293.9 299.1 309.2 312.5 315 321.3 326.1 331.4 335.9 339.8
275.7 273.9 272.2 270.1 267.8 263.5 255.9 248.8 254.6 257.4 258 258.4 258.5 259.1 256 252.6 246.1 245.2 256.3 264.7 274.5 281.3 284.3 286.7 287.9 288.1 287.8 285.3 279.1 275.2 271 266.1 258.2 246.8 248.3 259.6 266.8 273.9 278.5 282.7 286 290.2 291.7 293.6 295.9 298.5 301.5 304.9 308.3 313.2 316.7 319.4 320.7 321.8 322.5 322.3 322 321.4 321.4 319.8 317.9 316 314 312.1 306.4 301.6 298.1 292.8 287.1 302.1 312.2 317.6 324.2 327.4 330.3 333.6 337.5 341.4
279.2 277.5 276.3 274.6 273.4 269.8 265.3 256.1 245.3 246.6 246 246.8 247 247.2 248.3 247.7 238.5 247.1 256.5 263.9 270.4 277.3 282.6 284.5 285.2 285.5 283.8 279.5 274.8 270.3 265.7 260.4 252.4 234.2 251.2 260.2 268.2 274.9 280 284.7 290.9 295.6 298.5 299.8 301.6 303.8 306.2 308.4 312.3 317.1 320.6 322.4 323.3 324 323.4 322.4 321.1 319.8 318.5 317.2 315.6 312.4 310.6 308.4 302.5 297.5 293.5 281.5 294.3 303.2 308.9 316.9 323.8 328 332.3 335.8 339.3 343.1
282.3 280.7 279 277.6 277.6 274.2 269.8 266.4 263.3 259.4 256.1 249.5 240.5 235.9 237.7 239.8 235.2 247.9 256.9 262.5 266.8 271.3 276.4 280.7 282.3 281.3 277.3 272.9 268.3 263.9 259.3 253.9 245.3 233.7 251.5 262.4 268.6 274.3 281.2 287 292.9 299.5 303.3 305.1 306.8 308.3 310.4 313.6 316.8 320.7 323.2 324.6 325.1 324.9 324.1 322.1 320.3 318.4 316.2 315 312 309.2 307.5 304.6 299.8 294.4 288.1 288.2 296.4 303 307.9 313.7 320.2 326.1 332.8 336.7 340.4 344.4
284.9 283.3 281.7 280.7 280.8 278.9 274.7 271.3 271 270.3 267.5 262.4 258.1 250.6 243.4 230.6 236.3 247.8 254.7 259.5 263.5 266.5 270.4 273.4 273.4 272 268.9 265.5 261.1 257.4 252.9 246.5 234.7 244.1 255.1 263.9 271.4 278.3 283.6 289.1 294.7 301.7 306.3 309.5 312.1 314 316 318.7 321.9 324.1 326.1 326.5 326.4 325.6 323.9 321.9 320 317.1 314.4 311.9 308.7 306.8 304.8 301.2 296.3 290.7 282.5 289.3 297.2 302.5 307.6 313.2 319.4 327.1 333.3 337.2 340.8 345
286.2 285.2 284.5 283.6 283.5 282.9 279.7 276.2 275.4 274.7 274 267.9 263 256 249.9 238.4 229.5 244.8 251.9 256.4 260 261.9 265 266.8 266.5 264.6 262.2 258.3 254.2 251 246.4 236.1 231.7 247.2 257 266.7 274.6 280.1 285.6 291.9 297.3 304 310.1 315.7 318.9 321.2 323.9 325.9 327.5 328.4 328.2 328.2 327.2 325.6 323.4 322 319.5 316.6 312.6 306.2 304.7 302.8 301.1 298.1 292.7 286.5 275 290.9 297.5 302.3 307.6 313.4 320.6 328 333.8 337.4 340.9 345.4
287.9 287.3 286.7 286.6 286.3 285.7 284.6 281.7 280.4 278.4 276.6 271.7 266.1 259.5 252.5 241.4 229.5 236.4 246.7 252.4 255.6 257.8 258.7 260.1 259.9 258.4 256.1 252.2 248.8 244.1 238.6 223.9 240.6 251.7 261.4 270.2 277.6 284.9 290.1 295.2 300.7 309.8 317.6 323.2 327.2 329.7 330.9 331.9 333.2 331.3 329.1 327.8 326.2 324.2 322.2 320.7 317.9 313.8 308.2 303.1 299.9 297.7 296.4 293.1 288.1 280.8 284.6 293.6 299.6 305.2 310.6 316.8 324.6 331.6 334.5 337 341.1 345.7
289.3 289.6 289.5 289.5 288.9 288.3 287.9 286.5 284.3 281.3 279.2 276 269 263.3 255.8 247.7 234.3 226.1 238.6 245.8 250.1 251.3 252.1 252.8 252.8 252.4 251.2 247.2 242.8 238.4 225.4 231.5 246.6 257.2 267.7 276.9 284.3 289.6 295 300.2 309 317.7 325.6 328.7 331.1 332.8 334 334.9 333.1 330.2 328.3 326.4 324.4 322.2 320.7 317.9 313.8 307.8 303.2 299.2 294.9 292.8 291.6 288.5 282.1 274.7 286.9 294.9 301.4 307.5 312.9 320 326.9 331.7 334.9 338.1 341.6 345.2
291.7 291.9 292 291.9 291.3 290.7 290.3 289.8 288 284.5 282.8 279.1 274.7 267.3 260.3 253.2 241.2 224.4 228.3 234.9 239.7 243 245 245.7 245.9 245.6 243.6 240.8 236 230 226.7 241.9 254.8 263.8 273.8 281.9 287.7 293.4 299.4 308.4 317.7 324.5 326.6 328.9 330.5 332.3 333.6 333.5 330 327.4 326 324.1 321.6 318.7 317.3 311.9 305.1 300.6 296.4 293.5 290.4 288.1 287 284.3 267.8 280.9 288 297 302.1 308.9 314.8 321.8 327.2 330.9 334.1 337.9 341.6 345.5
