WholeMapElevations/data/nn/nn33_OST50GRID_20230518/NN33.asc
ncols 200
nrows 200
xllcorner 230000
yllcorner 730000
cellsize 50
[rows 70 to 104 of 200, columns 78 to 155 of 200]
304.4 332 361.9 377.8 417.6 456.1 491.6 540.5 622.5 663.3 704.1 729.6 766.6 809.2 850.1 874 869 860.7 853.4 842 833.1 820 804.7 787.6 755.4 727.8 709.6 677.6 645.7 618.8 599 580.5 557.2 541.7 526 512.9 498.1 482.6 469.6 450.9 430.8 418 408.2 402.3 400 404.4 412.3 413.6 422.3 437.6 440.1 451.8 455.2 452.1 454.6 448.8 443.2 436.9 427.4 419 414.1 411.3 409.2 410.4 406.6 415.2 420.6 422.3 430.4 433.6 442.2 451.3 465.4 480.8 495 512.6 533.3 559.6
314.6 340.9 371.6 398.4 431.2 473.2 505.9 564 605.5 639.8 704.7 738 787.7 836 848.4 877.6 881.3 873.3 865.8 855.2 844.9 831.3 812.4 786.7 752 727.7 711.2 682.2 650.1 626.1 598 578.3 560.7 541.3 520.9 508.5 491.1 482.2 466.9 448.2 425.7 413.6 406.1 401.8 402.8 410 418.1 426.5 440.2 453.5 459.2 468.6 471.2 471.5 472.3 471.6 464.6 453.8 445.1 437.4 429.1 421.7 417.4 416.7 408.9 419.3 424.1 426.4 432.7 441.8 445.2 458.6 470.8 487.9 502.5 520.4 542.9 565.5
326.1 350.7 380 410.7 447.3 482.4 515.2 568.4 617.8 677.6 737.9 775.3 812.4 818.7 812.3 859.2 881.6 879.3 877 869.7 857.5 842.1 812.3 782.9 758.1 734.9 714.2 685.5 652.3 628.3 601.1 576.9 557.3 537.8 521.8 504.8 486.5 462.9 460.8 447.5 430.1 415.8 406.7 402.2 404.7 415.4 425.9 438.9 455.8 469.5 476.8 484.8 488.4 490 486.5 485.5 483.5 475.7 465.9 457.1 446.9 433.1 425.7 421.3 415.2 416.6 426.4 431.1 434 442.4 449.8 463.7 478 492.7 506.3 525.5 548.1 570.9
331.4 355.2 383.6 420.6 459.2 490.4 538.6 583 620.3 669.5 726.1 758.3 774.3 770.5 775.5 826.2 848 857.1 870.1 874.4 863.8 842.8 812.1 787 763.2 737.2 712.4 687.7 654.9 629.7 604.5 580.8 557.1 539.8 528.8 510.7 492.8 470.4 444.9 437.8 423.9 415.2 408.8 403.8 409.6 419.1 433.4 450.5 467.6 478.6 488.7 503.7 510.2 511.4 511 504.8 501.6 489.3 483.9 470.3 458.7 444.9 435.3 427.5 422.2 421.1 430.1 434.8 440.4 447.1 457.8 467.8 482.6 499.6 513.8 531.2 552.4 568.5
340.6 359.4 387 424 459.1 494.7 534.1 575 611.5 650.2 703.2 727.6 726.6 724.5 752.6 799.9 802.5 814.4 835.2 863.1 866.9 843.9 815.7 790.8 764.5 741.9 710.6 683.1 655 631.5 606.7 583.1 563.2 541.3 522.8 511.5 494.6 474.7 450.1 435.7 423.8 419.3 409.6 404.6 413.4 423.9 444.5 463.8 478.3 491.3 502.9 516.1 535.6 533.6 532.2 527.8 520.4 507.5 496.4 487.4 469.7 458.8 445.2 435.6 434 421.1 433.9 437.9 445 454.4 461.4 470.7 485.7 501.6 516.7 537.2 556.8 579.8
341.2 361 388.1 424.7 460.7 491.2 525.9 566.7 597.2 631 662.3 689 681.6 690.5 728.6 747.6 762 781.8 809.3 841.9 861.5 838.3 815.8 797.7 768.8 746.5 725.8 693.7 662.6 634.1 609 585.4 563.7 543.3 521.7 507.9 487.7 464.8 454.4 435 424.6 418.3 409.5 406.2 417.2 430.7 450.5 465.8 485.7 501.8 514.5 530.7 549.5 550.3 550.5 549.4 537.9 523.5 513.2 501.9 487.6 468.4 457.9 446.7 440.1 431.7 434.8 443.3 449.9 456 465.1 474.5 488.6 504.2 520.6 537.7 558.3 581.9
339.8 362.5 387.2 419 449.6 480.5 512.4 548.2 579.2 605.1 629.4 637.2 639.5 665.9 690.4 710.9 730.6 760.9 796.3 833.2 856.9 836 818.4 799.5 773.5 753.3 732.8 704.7 675.3 639.5 611.7 588.1 564.5 545.4 527.9 508.8 486.8 468.6 451.7 431.8 425.8 415.7 409.9 408 416.2 436.7 454.2 472.1 492.7 509.8 526.1 542.9 559.1 570.5 568.2 562 555.8 545.4 534.1 520.1 503.3 487.4 469.5 458.5 448.2 440.2 433.6 446.2 454 460.9 468.2 477.8 492.7 508.6 525.7 542.7 562.8 584.6
339.5 360 382.2 408.4 439.6 466.7 495.3 523.4 557.1 579.7 593.4 599.5 616.5 635.5 660.6 684.9 720.6 759.3 797.3 833.4 852.4 833.9 817.8 797.3 771.9 754.2 726.7 711.2 679.2 644.8 615.4 588.5 566.1 548.6 527.6 510.2 486.9 468.3 448.5 435.1 421.5 418.3 412.1 407.4 417.7 441.5 458.9 476.5 498.5 514.7 534 550.3 565.9 581.4 583.4 578.7 571.2 567.5 553.5 534.7 517.8 501.7 483.8 469.8 457.6 450.1 439.8 449 456.8 463.2 472.2 481.1 495.4 512.2 530.9 545.3 564.7 588.9
332.5 354.5 374.8 399.8 425.6 449.7 474 499.8 525.3 545.8 547.4 565.1 585.4 624.7 663.4 695.5 729.4 761.9 794.2 832.1 844.8 829.4 814.7 794.8 770.1 750 729 709.5 677.1 644 617.6 594 570.4 548.2 524.3 504.5 486.1 467.2 450.9 438.9 426.8 421.2 415 408.9 418.2 438.8 459 479.3 503.2 522.2 539.2 555.7 571.4 591 597.4 593 588.3 585.4 565.4 549.8 528.3 511.3 494.5 481.9 469.2 459.8 449.6 444.9 456.8 464.7 473.9 483.4 496.1 513.3 531.9 548.7 569.2 590.6
324.2 342.4 366.9 386.4 407.7 430.2 453.2 475.4 494.6 501 510.5 555 582.2 612.8 642.2 675.5 697.8 744.9 790.1 818.5 831.6 821.4 806.5 788.7 768.5 749 729.3 702.2 673.8 648.5 622.1 596.6 572.2 550.2 524.7 498.9 481.3 464.7 450.4 440.3 431.3 423.5 417.3 410 420.8 436.4 458.6 483.6 502.9 523.9 541.6 560.1 578.2 598.3 604.2 602.5 599.4 593.7 575.9 560.2 536.3 521.3 509.6 493.2 479.6 469.1 459.1 452.3 450.6 464.8 474.4 484.4 497.5 518.4 532.1 550 569.2 592
312.4 333 355.9 370.5 390.7 412.1 430.9 448.4 464.5 470 507.2 533 558.9 585.7 620.7 640.6 684.2 720.6 763.9 800.5 821.7 811.3 797.1 783.5 766.4 747.4 726.1 701.2 674.9 651.4 625.5 599.8 577 552.3 522.3 498.2 481.8 464.8 451.5 440.3 432.1 424.4 416.1 410.9 419.6 434 458.3 477.7 504.7 525.2 544.4 563.3 581 600.7 606.8 607.4 605.8 592.1 581.7 567.5 548.1 528.9 516.1 503.1 489.2 478.1 468.8 461.4 451.8 467.5 476 484.6 495.9 518.2 535.1 550.1 571.6 592
309.4 324.6 340.8 355.1 370.8 391.4 407.6 424 434.7 460.3 482.2 504.8 530.8 558.3 585.7 635.5 661.9 719.8 757.7 793.8 809.7 804.4 791 775.3 763.2 746.5 725 702.8 679.9 655.9 625.3 601.8 581.7 551.9 523 502.3 480.5 467.5 453.6 439.5 429.9 422.7 417.4 413.8 417.5 433.8 457.4 483.4 503.8 523.9 543.2 563.8 579.6 599.4 613.7 617.4 608.9 600.8 586 573 560.7 538.2 523 512.7 498.6 488 476.8 467 463.2 460.6 478.3 483.7 495.8 517.7 535.3 552.4 571.4 592
302.7 314 327.5 345 361.5 372.8 388.8 405.2 420.2 436.9 457.4 478.6 504.6 529 569.7 602.7 641.9 687.6 733.4 768 798 798.8 789.5 772.8 760.8 744.2 724.1 703.6 680.6 654.9 631.5 609.6 582.3 551.1 526.2 505.8 485.7 466.8 452.6 441.3 433.3 426.1 418.9 414.7 416.7 432.5 457.1 480.2 496 515.4 541.1 558.4 576.4 595.4 615.9 617.7 614.6 611.3 594.3 582.3 565.9 554.1 535.7 520.7 505.3 495.4 486.1 475.8 471.9 464 475.7 482.2 493.9 513.1 532 550.3 571.5 595.5
299.8 308.5 320 333.7 347.4 363.1 373.1 387 400.9 417.8 432.1 454.7 478 507.1 535.9 568.9 603.5 641.4 693.9 732.2 769.6 785.6 782.9 771 759 743.8 725.6 702.4 681.5 655.8 635 610.6 580.9 548.2 520.4 505.6 487.7 471.5 457.4 446.5 436.8 427.1 419.2 413.7 420 431.2 448.4 471.2 493.1 518.6 543.4 559 578.3 597 612.7 617.3 622.9 619.9 609.4 595.6 577.3 558.4 545.7 531 517.1 505.7 496.5 487 481.1 470.9 470.9 482 498 511.3 531.3 549.9 571 596.2
298.6 304 312.1 323 333.7 345.5 359.1 368.9 383.1 399.7 416.9 434.7 457.3 481.1 505.9 539.8 572.1 610 659.6 694.7 728.6 762.9 775.6 769.8 758.5 743.2 725.1 702.3 679.4 658 637.6 610.7 580.3 550.1 525.8 504.1 490.3 475.1 462.5 448.3 438.9 428.9 420.1 415.9 416.5 426 449.5 464.8 487.4 515 539.5 557.6 578.2 600.4 614.8 623.7 627.4 622.8 616.4 604.2 584.5 568.9 555.3 548.1 530.2 517 505.4 495.6 488 484 475.8 486.7 498.7 514.4 532.2 550.2 569 592.8
291.2 299.1 305.3 312 323.3 332.8 343.6 353.9 369 382.1 393.2 416 435.5 454.1 480.8 512.8 542.8 580.6 627.1 663.9 702.8 731.2 756.2 767.2 755.1 741.9 723.8 706.1 682 658.9 637.7 610.8 580 551.7 531.2 512.3 494 478.4 462 450.1 438.4 429.7 421.2 418.3 416.1 426.6 440.5 457.4 483.6 510.1 529.7 556.7 580.5 601.8 619.3 633.2 633.3 632.9 622.7 608.9 594.1 582.3 569.6 556.1 544.3 529 516.9 506.1 497.5 492.1 484.3 492.5 501 516.9 535 553.6 571.5 588.1
283.3 290.8 294.8 303.1 311.1 319.6 329.8 339 351.9 365.4 379.4 397.8 413.9 433.7 458.3 483.4 519.4 553.6 588.2 623.8 668 701 740.8 759.3 756.8 742.3 724.1 704.5 684.7 663.1 639.4 614.1 580.8 556 532.4 514.1 496.5 481.5 467.1 455.9 444.5 432 425.8 420.9 415.4 422.9 438.2 454.9 477.5 500.9 526.1 552.1 578.7 602.8 625.6 644.4 647.9 644.1 629.3 618.8 605.9 596 580.7 566.6 553.5 544.6 529.6 517.4 509.4 502.7 494.5 492.2 503.9 521.3 541.1 557.7 572.2 591.3
269.8 277.3 285.1 293.1 300.9 307.4 316.3 325.1 336.4 348 364 377.5 392.8 415.9 435.7 457.4 486.5 520.9 553.3 590.3 631.9 682.5 715.6 744.5 753.8 738.9 724.4 705.4 687.2 666.1 641.2 609.2 581.5 558.3 533.3 513 497.7 482.9 465.9 455.3 446.3 432.3 425.4 420.9 416.8 422.8 436.6 449 471.2 495.9 518.1 546 574.3 603.6 626.6 638.7 650 649.5 639.8 632 620.6 609.1 594.4 581.6 567.6 556.5 542.6 530.4 520.9 513.8 509.6 500.8 512.3 524.2 545.2 562.7 575.7 591.1
262.6 270.4 278.1 284.8 287.8 299.7 304.2 313.2 324.5 332.6 347.1 359.5 378.2 395.4 412.6 432.4 456.3 487.1 518.7 557.4 591.8 634.9 683.1 713.9 729.9 736.7 720.7 704.4 687.2 668.4 642.1 610.9 583.3 555.4 539.1 519.8 492.3 488.8 477.8 464.8 449.4 435.4 424.9 419.8 416.8 422.2 433.1 448.1 461.5 485.7 510.4 538 567.5 598.6 628.2 643.9 654.3 652.8 653.6 650.5 639.7 622.4 609.5 596.6 582.5 572 563.6 548.6 538.4 531 523 510.7 519.3 532.4 548.7 565.3 577.3 594.3
256.9 264.2 270.8 269.4 283.2 289.4 296 302.9 310.6 319.4 331.4 343 357.7 371.9 392 410.2 432.8 458.3 494.8 522.9 555.9 592.6 640.6 683.5 700 719 716.7 701.2 680.3 665.6 644 613.1 586.2 568.5 547.3 527.5 505.9 495.7 482.9 469.4 454 442.1 427.7 418.9 416.9 420.6 431.6 444.2 462.8 479.9 501.3 531.9 560.6 590.7 622.3 648.6 655.3 659.8 661.1 658 653.4 638.3 622 607.4 595.9 586.3 577.2 566 555.4 544.8 535 526.7 526.4 537.9 552.7 568.3 582.7 597.3
247.6 248 253.3 263 264.6 280.4 288.4 292 297.5 307.1 316.4 325.2 338.3 354.1 371.2 389.8 409.3 431.1 470.1 494.9 524.1 554.9 590.6 638.3 670 680.4 686.2 690.7 668.7 658.7 642.8 615.8 599.3 580.8 557.9 532.1 515.4 500.9 487.9 474.8 461.4 447.1 433.1 420 417 419.9 427.2 441.8 458.1 477.5 500.5 525.9 556.1 583 615.4 638.6 658.9 665.5 665.5 667.1 662 648.4 634.8 622.8 608.4 598.4 590.3 583.4 569.5 558.3 547.2 542 534.3 544.6 557.4 573 587.6 600.9
258.3 253.5 252.7 250.1 255.9 272.6 277.8 283 286.2 293.6 300.7 313.2 319 333.1 354.8 368.8 388.3 410.2 435.9 467.9 493.1 524.2 550.5 585.4 634.1 650.5 654.1 661.7 657.5 650.6 637 629.8 608.7 587.9 564.4 546.2 528.5 509.1 493.8 481.8 465.2 449 436.5 424.6 417.7 418.1 422.5 436.2 453.8 475.6 497.9 522.2 548.5 578.9 607.4 633.9 660.9 669.2 675.9 677.2 674.6 663.6 651.3 640.9 623.9 612.6 605.1 596.1 576.3 570.5 557.8 555.2 551.8 550.5 564.4 577.1 590.9 603.1
273.1 270.3 267.6 263.1 257.4 254.2 254.9 261.5 273.8 282.8 287.8 293.2 306.6 323.1 333.5 351.1 370.3 390.5 413 440.5 468 494.6 521.8 547.4 588.2 617.9 628.3 638.3 640.4 635.6 629.1 630.4 612.9 591.5 574.8 562.6 543.3 518 501 486.4 467.1 454.1 438.4 425.5 417.6 418.1 420.3 435 451.6 467.4 485.6 513.1 540.5 573.6 601.1 631.4 657.9 672.5 684.1 683.4 685.7 675.6 661.9 648.9 635.6 624.4 616.5 600.7 590.3 585.9 577.5 570.2 565.6 562.9 568.5 581.9 595.3 603.9
295.8 289.8 285.3 278.7 270.4 266.4 262.2 262.6 262 265.1 281.3 286.5 298.8 305.9 317.2 332.9 353.2 373.7 393.4 417.4 442.6 466.1 492.5 519.6 546.6 581.3 605.1 618 623.3 615.6 615.7 621.6 615.7 595 583.7 570.8 551.8 528.4 506.4 487.4 473.5 458.5 440.8 429 419.5 418.1 422.1 432.2 446.3 461.2 481.2 506 532.9 566.4 596 626.1 653 676.4 686.4 693.4 695.4 694.2 677.8 660.2 646.6 636.8 621.1 611.6 609.6 600.5 594.1 586.9 582.8 577.2 575.3 585.4 595.9 610.3
319.2 312.1 304.8 299.1 287.2 281.4 280.4 274 268.2 266.4 265.6 282.6 285.5 296.2 309.6 322.3 336.7 358.4 375.1 397.4 419.5 444.3 467.5 491.9 514.8 548.3 576.6 586.2 592.1 587.1 602 607.9 606.3 599.9 591.8 573 552.9 531.4 511.4 493.3 479.5 462.1 444.9 431.6 420.1 418.1 421.1 428.3 439.8 455 479 497.1 530.2 560.5 592.5 623.1 651 683.8 691 700.8 706.7 710.5 700.6 679.8 662.2 644.6 629.2 630.8 624 615.3 609.4 603.4 598.2 591.3 589 585.9 598.4 609.5
346.3 337.2 329.2 317.2 308.4 299.1 293.7 286.8 278.5 278.2 275.3 267.7 269.4 291 299.6 309.7 322.1 341.3 358.2 378.3 400.7 420.1 442.2 466.5 491.9 513.2 544.8 559 564.6 565.1 585.9 597.6 600.6 602.2 595.9 576.9 553.3 532.6 518.9 497.8 482 466.1 448.5 432.3 420.3 418.3 420.8 429.8 442.5 456.6 481.8 501 523.8 556.9 587.2 623.1 652.3 682.6 696.5 709.5 716.4 725.9 720.7 701.2 682.5 666.4 652.2 646.5 637.1 630.2 622.6 617.6 612.5 606.2 601.8 602.4 604.3 613.7
377 369.8 357.5 345.6 330.5 320.1 309.2 299.8 286.7 293.8 287.1 272 270.3 272.7 288.1 297.9 309.4 326.1 343 362.3 378.8 398.2 420.4 440.2 463.9 490.7 518.3 537.1 539.9 547.4 566.7 583.1 592 595.5 590 572.9 547.7 539.2 525 499.5 483.1 466.9 447.3 428.9 419.7 418.6 421.3 431.2 442.4 458.6 479 494 521.3 552.6 583.9 619 648.7 680.7 697.9 711.8 724.7 737 730.3 715.3 697.4 679.8 670.9 661.1 651.6 643.4 636.5 632 624.7 621.6 614.1 610.8 607 617.4
413.4 400.4 389.1 376.2 359.5 342.4 326.8 316.5 301.5 303.5 295 285.5 276.3 272.5 284.2 295.6 304.6 315.3 327.3 343.3 362.1 383.1 399 419.8 439.8 470.8 494.7 512.3 516.3 527.3 546.9 563.9 576.6 584.3 580.8 565.1 546.7 537.8 520 499.5 484.4 465.3 446.5 429.1 419.4 419.3 422.2 432.6 444.2 459 475.3 494.7 522.6 552.8 583.6 618 647.9 679.4 696.7 717.4 732.8 744.3 738.8 729.9 709.9 695.8 685.8 673.7 664.7 654.9 651 643.3 639.3 635 629.3 624.7 621.6 632.9
448.4 433.3 423.1 413 395.2 370.2 347.4 331.7 320.1 316.9 305.8 294.4 286.5 273.6 280.5 290 302.5 307.9 317.3 330.4 345.6 365.3 381.2 399.2 418.7 442.6 468.4 486.8 495.6 509.6 525.1 538.6 550.3 558.3 571.9 566 544.7 533.4 515.4 499.1 480.6 460.7 444 426.2 417.8 420.4 424.2 432.8 446.8 462.5 479.1 499.7 522.7 552.3 584.3 618.7 648.2 678 696 723.1 738.2 745.7 744.4 746.5 729.5 719.1 704.4 692 687.1 681.3 673.9 669.1 661.7 651.6 654 643.9 642.4 640.6
473.4 455.3 442 430.5 416 392.7 372.4 351.8 344.2 331.5 317.4 304 292.7 287.6 278.2 281.7 291.1 299.8 308.8 320.5 334.7 349.1 369 383.5 401 424.6 443.3 463.3 476.2 489.9 503 515.1 537.1 540.7 554.6 561.4 541 529.8 509.6 489.5 473.4 457.5 437.7 422.5 416.8 421.3 426.3 435 448.4 463.1 481.6 502.3 527.7 552.5 583.6 618.6 647.5 677.1 699.7 725.4 735.4 750.5 752.4 756.3 756.3 746.8 740.2 742.4 727.3 717.4 702.9 701.1 695.8 679.6 672.5 667.7 658.4 651.5
490.8 476.5 460.4 445.8 431.1 411.8 392.1 373.9 363.7 345.2 330.5 315.9 297.1 297.8 285.9 281 286.8 295.7 303.7 314.2 326.4 340.3 353.6 369.3 384.8 403.2 422.9 439.8 458.1 470.8 479.2 496.6 511.6 525.1 532.1 548.3 539.6 518.4 497.9 481.5 467.5 448.9 431.8 416.9 416.1 421.3 427.6 437 451.1 468.4 481.7 502.2 520.7 557.2 583.6 621.6 649.8 675.7 707.9 722.8 737.3 746.5 757.1 759.3 773.5 776.4 784.1 779.3 774.5 759.2 747.6 740.1 721.1 708.1 700.2 699.2 667.9 662.1
505.9 492.7 475.4 462 445.8 427.5 408 400.4 380.5 362.1 343 331.7 313.8 304.9 296.9 291.4 283 289.8 299.9 309.3 321.8 332.7 345.7 360.1 370.9 391.7 406 426.2 439.2 444.3 467.9 478.7 490.9 501.7 510.9 520.3 524.1 503.1 484.8 470.4 457 439.5 423.3 409.7 413.6 419.5 428.9 438 450.2 466.8 483.6 503.4 531.2 559.6 591 623.5 651.7 679.9 709.1 726.6 742.9 748.2 758.5 766 779.9 791.1 800.6 796.2 803.1 799.1 796.9 784.6 756.4 730.8 714.3 696.7 686.5 674.6
524.5 506.8 490.6 474.9 459.3 445.5 429.4 419.8 398 376.6 359.9 337.1 329.8 316.2 308.5 301 298.7 292.3 292.7 293.1 303.3 320 337.8 348.6 362.9 374.9 393.4 408.8 422.5 436.9 449 459.4 469.6 480.2 489.1 494.4 493 488.6 478.1 459.4 447.1 429.9 414.8 408.3 412.9 418.8 432.8 447.4 457 470.2 488.5 510 537.4 560.5 592.9 625.2 654.6 682.8 709.3 731.8 744 753.8 760 772.5 787 797.2 809.6 813.1 823.1 828.2 841.5 830.3 779.7 756.2 735.1 706.4 688.5 684.2
539.1 519.8 504 488.5 474.8 462.4 451.4 434.5 409.8 391.5 367.4 361.3 341.2 326.7 318.6 311.1 309.6 306.4 305.3 301.2 304.2 305.2 320.1 333.9 348 364.1 381 397.7 407.5 417.2 428.8 441.7 455.1 466.2 475.4 480.2 480.7 474.6 461 447.1 433.7 419.8 408.5 407 412 420.9 432.5 447 464.1 484.5 501 519.2 547.5 578.2 604 631 663.7 689.2 711.5 734.1 745.4 754.8 761.3 771.1 797.8 802.3 811.8 825.6 835.8 847.8 850.7 849.4 811.8 784.6 760.9 728.3 705.6 696.2
549.6 533.4 519.7 507.5 491.7 478.8 469 445.5 422.9 400.6 391.9 368.6 358.2 345.2 331.5 323.9 321.4 317.6 314.1 308.7 311.2 313.4 317.6 328.3 342.1 354.1 369.9 382.8 395.9 405.6 414.4 427.9 441.3 453.7 462.2 467.6 469.6 461.5 445.4 435.2 421.9 410.6 402.3 405.9 415.2 425 438.6 459.8 475.5 495.3 515.9 540.4 566.9 591.5 615 651.5 673.3 699.3 718.7 734.2 743.2 752.7 761.7 780.4 798.1 804.9 816.1 835.4 845.7 850.6 852.3 855.3 847.2 819.5 776.8 749.1 726.8 714
