WholeMapElevations/data/sd/sd86_OST50GRID_20230518/SD86.asc
ncols 200
nrows 200
xllcorner 380000
yllcorner 460000
cellsize 50
[rows 70 to 104 of 200, columns 0 to 77 of 200]
289.2 293.3 292.9 291.7 290.8 292.3 290.8 289.7 291.1 292.3 291.6 292.3 292.9 291.3 282.9 273.7 264 259.3 254.4 253.6 252.5 256.2 261.3 258.9 250 243.5 235 228.7 221.7 214.1 208.3 203.4 194.3 179.3 165.3 167.2 170.2 171.1 171.2 172.6 178.2 179.1 180.4 185.7 188.9 190.6 187.9 199.1 206.1 219.5 258.5 303.1 305.9 302.3 303.6 306.6 309.6 315.1 318 320.8 324.3 326.4 327.9 328.8 333.5 338.1 341.9 345.6 348.6 350.8 352.9 358.3 359.2 360.4 361.3 363.3 363.3 363.5
286.6 290.5 291.7 293.2 291 289.7 291 290.5 290.9 289.9 290.7 291.3 291.6 291.4 288.7 273.8 263.4 258.5 255.4 253.4 251.3 258.8 265.1 263 255.3 244.9 236.1 228.2 220.9 213.9 208.9 203.4 195.8 189.1 184.6 174.8 164.6 168.7 170.7 171.6 175.8 177 178.8 183.7 186 189.9 185.4 194.4 212.3 232.8 218.4 304.2 307.4 300.4 303.3 304.5 308.2 311.7 314.2 319.8 323.1 326.6 329.1 330.3 335.9 342 344.3 348.5 351.9 353.3 357.5 361 362.6 362.7 363.1 364.7 366.6 367
285.8 285.8 287.2 292.2 294.5 295.2 291.4 292.1 291.9 291.6 293.7 293.8 295.4 295.3 292 282.8 262.6 257.9 258.2 256 255.3 254.8 265 265.9 258.3 247.3 236.8 228.6 220.5 213.4 209.5 203.9 197.1 191.5 188.2 187.1 185.5 168.1 164.3 170.9 171.4 174.7 177.1 183.3 183.8 187.3 185.3 190.1 205.6 207.7 212.1 301.3 309.8 301.3 295.6 300.8 304.3 305.8 310.3 314.2 323.9 326.6 330.4 335.5 339.4 344.7 347.4 350.9 354.3 356.9 361.8 363.3 364.9 366.1 367 365.5 367.4 368.7
283.5 285.6 287.6 288 295.6 299.5 299.9 294.8 294.2 292.5 293.2 295.8 295.6 292 291 282.1 262.4 254.4 262.4 265.1 260.5 257.7 261.7 268.7 258.2 248.2 236.2 227.1 219.2 212.6 209.5 204.3 198 193.6 191.6 189.4 187.5 184.3 173.5 163.9 169.6 170.7 175.6 178.5 182.3 187.2 184.5 190.1 188.8 191.2 209.9 264 302.8 300.4 292.2 297.3 301.8 299.8 304.3 313 316.6 325.6 331.1 338.3 344.2 347 350.9 352.1 356.2 360.7 364.1 364.7 367.9 369 367.1 368.1 370.5 371.1
284.5 288.3 289.8 290.5 289.6 300.2 303 300.3 296.4 295.4 294.3 292.8 296 292.9 287.7 281.8 267 253.3 260.7 267.6 268 268.5 263.2 264.5 256.1 246.6 234 224.8 218.3 212.6 210.2 205.1 201.4 197.3 194.9 191 187.4 184.8 182.2 171.8 164.4 166.7 172 175.4 179.5 183.6 184.3 187.2 188.9 196.4 206.5 223.3 291.7 292.8 289.8 294.2 297 295.6 302.1 307.6 312.3 317 329.8 341.1 343 347.4 350.6 354.1 358.8 364.2 365.5 367.7 369.1 370.5 371.3 372.1 374 373.9
284.5 287.5 290.4 292.6 294.5 299.5 302.8 303.4 299.4 296.2 295.9 295.2 292.2 290.9 286.2 278 269.1 257.7 261.2 268.1 270.8 272.8 271.5 266 253.8 243 231 223.5 218.5 214 211.8 207.4 204.1 201.4 197.6 191.7 187.7 184.7 182.7 180.5 170.4 165.3 165.9 173.4 175.1 181 183.3 184.7 189.2 205.3 209.1 215.2 244.3 269.1 274.9 280.7 293.3 291.5 299 302 313.5 317.8 330.5 336.3 344.2 346.7 352.9 357.7 360.8 363.6 369.2 371.5 362.9 373.5 374.8 375.7 377.2 376.7
286.1 289.4 291.4 293.1 296.6 299.6 302.6 303.1 301.1 299.7 297.1 289.8 292.6 290.3 288.4 279.9 273.3 265.4 258.2 266.6 268.8 273.9 273.3 273.3 261.1 238.4 228.2 221.7 219.5 215.7 213.1 208.8 205.8 203 198.5 191 186.3 183.9 182.6 180.9 177.4 169.2 162.2 167.6 173 178.1 182.6 184.8 202.9 209.8 215 216.6 219.7 250.9 257.6 269.5 284.1 289 293.8 301.4 311.6 315 323.3 332 335.9 346.5 348.5 355.4 358.7 361.8 371.9 359.2 373.9 378.7 378.1 378.4 379.4 379.1
287.2 290.5 292 294.6 298.1 302 303.1 305 306.5 302.8 301.2 286.8 289 290.9 287 280.7 275 267.8 259.3 258 265.9 272.8 274.3 274.6 265.1 235.6 222.2 219.6 219 217.6 214.8 210.9 207.2 203 197.1 189.9 184.2 182.9 181.8 180.7 181.1 176.4 166.9 164.6 168.6 172.9 182.6 185.3 206.6 212.6 212.4 212.5 209.6 211 242.5 254.3 272.4 282.8 291.8 301.4 306.9 313.5 323.2 324.9 330.2 341.1 344.5 348.2 356.4 363.4 359.6 361.8 375.3 376.8 378.7 379.3 380.3 381.8
288.3 290.8 291.8 296.8 299.8 303 303.7 304.6 308.9 308.3 306 299.9 287.9 293.9 293.3 286.1 276.9 271.4 260.6 255.1 260.8 267.8 272.2 272 238.9 227.4 217.6 216.4 217.3 218.5 215.7 211.9 208.5 202.4 194 185.6 181.7 181.1 181.3 181.2 182.6 183.9 167.9 160.1 168.7 171.8 182.2 183.8 195.6 204.1 209 213.3 217 220.4 231.2 245.3 262.6 278.4 289.6 297.7 307.2 313.3 320.9 323.2 327 332.2 341.6 346.6 355.8 358.1 356.9 365.8 372.1 376.7 379.3 380.5 381.4 384.2
285.5 290.7 294.9 297.5 301.1 303.9 305.2 307.3 308.6 310.7 308.5 307.7 304.1 298.7 299.2 288.2 276.1 268.5 262.4 254.7 256.9 261.6 268.9 255.2 234.7 220.3 215.7 216.6 217.1 217.7 215.1 211.5 206.7 200.3 188.5 181 178.2 179.5 181.9 182.8 183.4 184.3 177.6 159.3 167.1 171.1 181.3 188.5 191.1 195.3 198 201.3 206.5 214.3 224.8 233.1 258.2 281.4 293.9 301.4 309.1 316 320.6 323.1 330.2 332.9 339 348.9 357.8 357.4 364.1 374.6 377.7 379.7 381.8 383.5 383.7 385.5
286.2 287.7 294.1 296.1 299.7 301.3 303.8 307.7 306.1 310.4 312.1 310.9 309.7 309.2 306.8 296.2 277.2 266.2 256.9 253.5 253 253.7 256.1 247.7 232 217.4 216.5 218 218.4 216.9 213.1 209.8 204.7 194.6 182.3 174.8 173.1 178.8 183.2 182.7 182.5 181.3 174 161 164.2 171.4 181 195.8 201.1 194.4 191.5 194 201.9 209.3 217.9 230.7 250.3 280.5 296.6 305.2 313.6 320.1 323 324.6 333.6 333.7 337.7 348.9 352 358.8 371.1 378 382.6 383.7 385.6 385.7 386.1 388.3
286 283.9 288.4 293.7 295.6 300.8 303.1 307 309.3 312.3 312 310.9 312.1 309.7 306 295.2 279.5 265.8 258 251.5 248.1 248.2 247.9 240.3 227.1 217.7 217.9 219.5 220.2 216.2 209.1 206.3 199.8 185.2 174.1 170.6 170.4 176.4 183.4 183.3 182.9 179.3 168.8 162.8 166.5 174.5 188.6 198.9 201.2 192.8 189.6 193.3 197.5 205.9 216.6 229.9 247.4 267.6 294.8 303.5 311 319.5 325.1 326.5 335.4 340.4 339.3 346.7 355.7 367.4 376 383.7 387.7 388.7 389 388.5 388.9 390.2
280.6 282.3 287.8 290.5 292.4 297.6 303.8 308.3 311.6 313.3 314.6 313.3 312.3 309.2 300.9 290.7 271.2 267.3 256.3 248.9 244.6 241.6 236.8 233 223.9 217.6 218.2 220.6 215.6 209.4 206 202.7 183.2 172.8 168.7 168 169 174.5 182.6 184.1 183.3 170.4 162.8 158.7 167.1 180.9 193.9 201.5 195.6 191.9 189.8 192.2 197 209.2 222.1 233.5 248.3 267.6 283 300.3 310.3 320.2 327 331.7 336.3 344.2 345.6 348.1 354.5 368.6 380.1 386 390.6 392.8 392.3 392.5 394 394.6
271.8 279.7 287.3 290.4 294 298.2 304.5 306.7 311.6 314.4 315.1 314.5 311.7 310 305.1 297.1 272.7 266 256.3 249.5 242.6 236.5 232.4 227.7 222.5 217.2 215.4 213.9 210.3 205.3 200.6 181.1 172.1 167.2 165.2 165.6 167.4 172.6 179.6 181.8 166.2 160.4 161.7 164.1 168.5 183.9 202.3 204.1 196.2 190.6 191 194.8 202.5 217.3 229.5 239.6 249.9 272 284.4 294.5 308.6 318.4 329.4 331.8 336.5 344.1 348 353 353.1 359.7 383.1 388.4 392.3 396.5 396.2 396.1 398.6 399.7
254.7 260.7 268.4 287 292.8 298.1 303.4 306.3 307.7 310.8 312.5 312.3 311.5 313.4 311.8 305.4 290.5 269.1 258.9 253.1 243.1 236.8 232.2 225.6 220.4 216.2 213.5 209.6 204.2 196.5 178.2 172.7 166.7 164.4 163.6 163.9 166.1 170 175.2 163.9 158.2 161.5 163.5 166.2 177.6 190.1 202.3 201 195.5 193.4 197.4 202.9 210.1 225.2 236.6 245.4 255.3 274.8 286.2 296.3 303.4 318.7 328 333.7 338.7 342.9 351.4 355.2 353.9 360.1 383.7 391.1 395.5 397.3 400.2 401.7 403.9 405.2
228.3 242.2 259.8 268.7 279.5 291.1 298.4 301.4 303.4 305.5 309.7 310.6 310.2 315.6 314.7 308.9 299.7 278.4 266.1 254.8 247.5 236.5 231.3 226.6 222.4 213.1 208.9 204.4 190.9 181.8 172.9 168 163.9 163 163 163.6 165.7 166.3 163.4 157.9 161.2 162.6 165.3 175 178.4 192.3 204.4 203.2 197.9 198.9 203.7 209.4 219.2 230.6 241.8 253 260.9 273.5 287.1 294.6 303.5 313.3 329.4 337.4 341.1 345.8 351.8 360 356.7 364 372.9 387.7 397.6 397.9 404.6 405.7 408.3 409.6
211.1 215.3 226.1 259 269.9 275.4 279.1 279.1 304.2 306.9 310.6 312.6 314.3 316.5 314.9 309.4 304.2 295.1 274.6 264.3 252.4 241.7 231.1 229.2 220.5 206.3 198.7 188.9 180.7 173.2 169.6 165.7 162.7 162.6 163.2 163.4 164.9 161 159.1 160.4 161.5 163.9 170.5 180.1 188.3 196.9 202.8 206.4 206.2 206.6 210.5 216.8 227.9 236.4 243.9 255.4 267 277.8 289.5 295.4 306 309 326.1 337.3 344 348.3 352.5 364.8 364.7 367.7 376 386.3 390.8 405.4 406.8 409.8 413.4 414.4
196.9 203.1 205.1 224.3 248.9 262.8 275.2 284 290.4 308.9 312.6 317.1 314.3 312.6 311.7 309.3 302.6 301 291.4 273.5 260.4 248.7 233.4 226.2 219.4 202.4 188.4 180.3 172.6 167.9 165.6 163.8 162 162.6 163.2 162.9 161.5 157.5 159.5 160.6 161.8 169.2 177.1 177.5 191.5 199.9 209.2 214.3 210.6 210.3 213.1 225.2 235.1 243.5 250.4 258.2 270.6 279.7 291 299.6 306.7 314.2 327.6 336.1 346.7 353.7 361.1 365.4 372 369.8 378.7 381.5 388.4 404.7 410.3 413.9 416.8 419.1
188.7 188.8 195.2 199.5 218.2 235.3 261.6 282.3 286.8 292.2 307.5 308.5 305.2 309 307.5 305 302.3 299.1 294.9 284.6 262.3 255.7 241 226.2 217.4 195.3 183.1 173.3 168.1 165.8 163.8 161.7 161 161.3 160.8 159.4 157.1 159.2 159.8 164.2 174.3 178.2 179.8 184.7 192.5 204.9 216 216.8 214.5 211.8 216.9 232.7 240.7 248 257.6 266 273.6 283.8 292.6 300.6 310.5 318.8 326.6 339.4 347.5 355.3 364.6 368.1 374.7 378.6 376.1 380.2 388.8 412.2 413.2 418.3 419.9 421.3
183.8 181.8 181.4 188.8 193.2 207.9 228.2 255.5 273.3 288.8 289.4 295.4 293.4 302 303.1 300.4 300.6 293.4 294.6 291.2 274 258.5 248 232.3 217.4 192.6 176.5 168.3 167.5 165 162.8 160.6 159.4 158.8 158.4 158.3 157.7 158.8 165.9 172.7 178 180 176.4 190.5 196.7 207.5 212.3 213.2 212.4 213.3 219.6 231.9 242.1 250.1 259 267.6 278.5 289.9 296.5 304.1 312.3 321.6 330.6 338.3 347.5 357.1 365.6 370.4 374.4 378.2 380.2 379.9 392 411.4 407.6 422.5 422.7 420.1
184.1 178.3 176.4 177.8 180.9 183.6 198.2 221.9 252.1 261.6 281.6 285 286.7 285.4 292.1 294.6 289.4 289.7 290.8 285.2 274.3 258.5 248.9 233.1 214.1 190.8 174.5 168.3 166.1 163.4 161 159 158 158.9 157.9 157 157.8 161.1 168.4 176 178.2 180.9 185.1 192.9 200.1 209.5 210.7 209.9 210.3 213.8 220 228.1 238.8 248.2 259.3 271.3 278.9 291 298.3 310.2 314.6 321.7 330.7 338.5 346.2 358.7 366 372.4 376.9 378.3 382 383 387.2 398.5 404 423.1 425.9 429.9
185 180.4 175.6 173.6 172.3 170.7 178.6 194.1 216.2 253 261.4 273.6 274.3 277.4 283.3 287.1 286.4 287.1 285.5 279.8 274.7 264.2 250 231.4 209 191.2 176 167.4 164.7 164.7 161.1 158.1 157.3 157.4 155.1 156.7 160 166.2 170.9 175.8 178.7 178.2 187.5 195.9 201.3 209.6 209.7 208.4 208.5 214.3 226.3 234.2 239.3 247.2 255.5 267.8 278.9 295 301.8 310.1 318.1 323 330.3 339 346 354 362.9 369.9 374 378.5 382 384.4 386.3 394 408.1 428.3 434.9 437.1
185.1 182.2 175.5 173.1 171.1 170 169.6 178.4 193.5 218 256.6 265.4 271.4 274.7 279 282.1 282.1 282.9 280.3 279.1 273.5 266.9 247.8 227.7 210 192.5 175.8 165.5 164.2 164.9 160.5 157 156.1 154.6 156.7 155.4 163.2 166.7 170 174.8 181.4 183.9 192 198 203.2 207.3 207.5 205.6 206.7 217.6 228.8 235.5 244.4 254.6 263.4 267.2 278.5 292.2 301.7 310.7 319.5 325.1 331.9 339.7 345.4 353.8 361.5 366.8 370.6 384.5 382.6 383.6 385.2 391.4 420.9 437 440.6 441
189.6 187.4 177.3 172.9 171 169.6 169 171.8 179.6 193.3 212.7 249.7 263.3 277.3 279.3 277.9 279.2 280.7 278 277.8 271.9 265.3 247.9 227.3 211.3 194.9 177.8 165.4 164.3 165.2 155.9 152.4 155.8 156.2 155.4 157.8 169.6 168.1 171.6 174.3 181.5 186.3 193.4 200 204.1 204.6 202.6 202.8 206.3 217.2 229.1 236.3 246 255.5 266.9 273.9 286.7 298.8 301.8 311.8 319.4 328.2 333.9 342 350.3 357.1 361.4 365.7 371.5 374.8 379.7 382.6 384.2 389.7 409.1 434.9 441.7 443.5
190.8 187.1 179 175.1 175.7 171 167.1 173.9 177.7 179.3 191.8 209.1 248.6 270.7 276.1 275.4 275.4 279.4 275.8 241.9 265.9 261.1 243.6 223.1 209.8 196.3 181 167.4 164.8 166.4 153 155.3 155.6 155.1 155.4 167.4 165.4 167.3 170.7 176.1 174 188.4 194 198.9 201.1 201.4 201.6 200.2 206.4 218.9 229.5 235.9 246.8 262.1 270.5 279.8 293 303.9 313.7 315 321.1 329.4 336.7 344.8 352.4 359.4 361.8 364.5 368 370.3 375.1 380.7 385.3 391.1 416.5 426.2 438.7 444.9
192.1 188.2 182.8 181.7 180.2 175.1 166.2 168.7 177.3 176.8 179.7 191.1 210.7 248.9 272.8 274.6 275.9 269.1 218.8 200.7 266.7 257.1 236.5 221.4 209.5 194.7 181.3 170.2 164.7 164.7 153.7 154.8 154.7 155.4 164.2 162.8 164.3 167.4 172 179.4 184.6 189.8 194.5 197.6 199 200.2 199 199.8 204.7 217.7 226.7 233.7 248.6 266 273.8 283.9 297.6 309.2 318.2 322.2 326.2 329.9 337.3 345 354.7 359.8 362.1 363.8 365.5 367 380 382.5 387.2 396.9 414.5 426.6 438.2 444.6
193 190.5 187.2 185.7 183.3 179.2 171.4 165.3 169.5 176.4 174.7 176.8 186.8 213.5 254.1 274.8 266 216.1 196.5 196.6 221.3 252 234.1 218.2 208.4 192 180.8 171 165.1 161.6 152.6 154 153.7 164.6 164.1 162.6 163.8 166.8 172.4 177.1 185.5 191.1 194.5 197 197.5 197.3 197.5 200.5 206.9 215.9 225.1 234.4 253.6 270 277.4 288.1 303.5 315.5 322.9 330.8 335.9 340 340.7 341 347.9 357.6 359.8 363 364.9 365.5 375.8 385.4 389.5 391.1 420.2 435.6 444.2 448.4
198.2 195.7 190.5 188.7 187.2 183.7 175.4 164.1 168.8 176.9 173.8 171.9 171.4 189.6 226.8 262.1 265.1 236 196.6 196.3 195.8 247.9 231.9 214.3 205.2 191.4 180.6 171 165 157.2 152.6 152.9 153.6 158.5 160.3 160.6 163.5 166.9 171.6 172.5 183.9 191 193.9 197.2 197.4 195.7 195.8 201.5 209.5 219 229.4 239.4 255.8 271.4 283.4 296.4 308.3 319.8 329.2 336.4 341.3 344.9 347.2 348.7 348.1 351.3 355.8 361.3 366.7 367.3 369.9 381.2 388.5 391.1 406.1 435.6 447.3 453.7
203.6 203.2 195.8 191.7 190.6 186.5 179.1 166.8 163 170.7 169.7 170.5 168.9 173.7 198.9 238.9 263.7 269.1 196.8 196.5 196 241 227.2 210.6 203.7 190.5 181.3 171.6 166.2 156.9 153.5 153.4 155.4 157.1 159.9 159.4 161.7 166.7 172.7 176.7 182.2 188.1 191.4 193.6 194.1 193.6 196.4 201.4 212.1 222.9 231.3 240.4 258.5 274.2 288 300.5 311.8 323 333.3 341 345.3 349.5 353 355 355.8 353.4 354.1 356.6 362.1 365.7 365.6 370.3 383.4 386.4 391.2 411.8 449.1 456.8
209.1 208.5 202.3 195.6 193.8 191 184.6 170.5 161.1 161.4 164.7 168.8 168.3 166.6 175.5 222 253.9 263 237.2 212.5 196.6 239.5 219.8 208.6 201.8 190.2 180.8 173 167.7 155.5 151.3 152.2 152.8 154.7 156 159 159.1 166.6 174 176.3 181.2 189.3 191.5 191.8 190.3 192 197.1 205.6 215.5 228.7 238.1 247.2 263.5 279.6 291.9 302.4 313.2 320.6 327.5 339.9 347.7 353.1 354.8 358.5 359.8 360.6 354.9 355.3 358.2 362.5 363.9 366.8 372.7 377.3 383.3 395.8 414.1 460.4
212 211.6 205.3 198.4 196.3 194.6 189.9 178.8 164.3 160.3 160.1 162.7 164.7 166.4 167.9 194.3 230.3 253.6 249 207.1 201.4 218.9 226 204 196.5 188.7 179.7 174 168.4 161.4 150.6 151.7 151.6 154.7 155.4 157.4 159.5 166.5 169.2 173.9 182.7 188.9 189.8 188.3 188 192.3 199.3 209.6 222.6 231.3 243.9 252.9 268.6 285 303.3 308.2 317.2 321.7 326.6 338.2 349.2 353.6 356.9 359.3 362.3 363.4 362.7 360.8 359.2 361.4 366.6 366.8 369.5 371.9 377.3 385.6 409.2 458.4
212.5 212.6 207.4 201 198.6 197.3 195 187.7 167.7 159.5 159.8 159.2 165.7 164.3 166.7 177.3 193 199.2 198.2 195.4 195.2 212.9 230.7 206.9 201.3 194.1 181.9 171.9 167.6 166.2 158.9 147.7 151.2 152.4 153.1 157.4 158.6 162.6 169 173.6 181 186.1 186.4 185.7 186.8 195.2 202.4 215.7 229.1 241.1 246.6 255.5 270.5 286.5 304.3 310.9 320.8 327.6 332.2 336.7 350.9 357.7 358.6 361.5 364.1 365.7 368.1 370.6 364.7 361.7 371.2 371.7 366.4 371 374.4 382.4 403.2 450.9
211.2 212.7 207.9 202.6 200.1 200.8 198.9 194.3 174.5 161.2 159.4 159.4 159 160.6 168.7 169.2 185.6 194.2 194.9 195.4 195.3 203.8 231 219.8 216.5 210.5 199.9 177 167.1 167 166.4 151.5 147.6 151.3 152.3 153.3 158.2 162.2 167.6 174 178.5 182.4 181.6 181.2 187.9 196.1 207.5 220.8 234.9 246.3 256.2 259.1 269.6 282.5 304.2 312.8 320.8 331 340.9 346.8 345.5 348.9 362.3 365.8 367.5 370.8 375.4 382.1 380 373.5 373.4 378.6 368.9 367.7 369.3 379.2 393.9 425.4
208.9 210.6 208 202.7 201.7 202.5 201.3 197.3 180.8 163.1 159.1 159.3 158.2 157.8 159.4 167.4 175.7 191.5 193.6 196.7 195.2 214.5 232 230.4 229.1 223.8 207.8 180.3 168.5 167.2 164.9 159 149.6 149.9 151.2 152 157.2 160.9 166 173.7 180.7 179.8 178.4 180.4 191.7 198.8 212.6 226.8 238.5 251.6 262.4 269.3 276.4 286.1 305 314.7 321.1 328.5 344.9 351.1 353 349.4 352.9 362.9 371.3 372.9 378 381.5 382.4 382.7 381.1 374 372 368.1 368.9 376.5 389.3 415.7
206.4 208.7 206.9 204.1 204 204.1 202.4 198 186.2 166.3 158.5 158.2 157.8 157.4 157.7 167.8 169.4 175.8 189.1 191.2 191.5 232.5 236.7 235.8 233 226.2 209.4 183.4 172.6 165.6 161.9 158.5 149.6 146.9 150.8 150.9 156.9 160.2 166.4 175.9 177.9 175.9 178.6 185 193.9 203.3 217.6 231.8 242 255.8 267.4 275.9 284.3 289.9 304.8 314.9 325.6 330.4 346.2 356.8 360.7 363.1 355.2 356.9 363.8 373.6 376.8 384.2 385.2 386.4 386.1 382.2 372.6 379.2 377.2 376.6 385.8 400.4
