WholeMapElevations/data/nx/nx75_OST50GRID_20230518/NX75.asc
ncols 200
nrows 200
xllcorner 270000
yllcorner 550000
cellsize 50
[rows 35 to 69 of 200, columns 0 to 78 of 200]
52.6 56.4 57.7 57.5 59.7 62.2 59.9 64.2 64.9 74.6 75 71.7 65.3 64.1 64 65.5 70.4 72.2 72.5 68.9 66.9 65.8 64.7 59.5 59.2 59.6 61.3 63.3 63.1 59.9 58.1 55.7 52.1 47.8 42.5 42.6 42.8 43 43.2 42.8 41.9 38.5 39.9 40.2 40.5 38.5 41.1 41.7 42.1 42.4 45.4 46.4 45.3 46 47.8 49.9 52.2 54.9 55.7 58.4 61.9 61.2 63.3 65.7 69.8 79.1 82.5 83.9 83.5 79.9 79.9 81.5 81.8 82.2 80.3 81.3 80.4 81.7 83.3
51.2 57.6 60.9 58.2 65.3 61.1 66.2 65.8 76.3 76 73.8 77.1 74.6 66 69.4 73.4 73.8 72.8 72 71.2 68.7 69 62.6 61.1 60.9 59.5 63 61.2 58.8 57.4 55.6 53.2 48.7 44.1 43 42.2 42.4 42.4 41.6 40.8 38.5 39.4 41.3 42.3 41.6 41.1 41.6 42.1 42.6 46.1 46.8 45.7 46.1 46.8 49.3 47.5 54.3 55.2 56.4 61.3 64 64.7 69.2 73.3 79.4 84.6 85.6 88.2 87.4 84.6 85.7 85.8 85.2 84.4 84.5 83.5 82.6 83.5 86.1
51.3 58.5 59.3 59.5 64.4 65.4 65.3 75.1 77.9 77.2 78.9 79 75.9 76.4 75.3 73.1 74.1 74.6 73.2 73.2 69.3 67.6 62.4 64 63.8 62.3 62.8 60.9 59 57 55.7 53.2 45.2 43.7 41.6 41.7 41.8 41.1 40.8 41.2 38.5 40 41.4 42 41.7 40.8 41.1 42.3 43.9 45.3 45.7 46.3 47 48.8 50.3 49.5 53.3 55.9 56.8 59.8 60.7 66.8 73.5 78.4 83.5 88.8 89.7 91.7 90.2 88.2 91.1 91.4 90.5 89.4 88.4 89.5 89.9 88.6 89.2
56 60.3 62.8 62.2 62.4 64 70.8 77.7 78.8 82.4 83 79.9 84.8 84.4 79 75.6 74.4 75.8 74.9 72.1 67.1 65.5 64.5 64.9 65.4 64.3 60.7 61.1 59.5 57.7 54 48 45.5 43.9 41.6 41.5 40.9 40.9 41.8 40.8 38.3 39.5 41.1 41 40.9 40.7 41.7 42.9 43.7 44.8 46.5 47.9 51 52.3 51.9 50.4 55.2 58.8 61 63 62.4 68.4 75.9 81.8 87.8 90.2 93.1 96.1 95.6 95.7 97.1 98.9 99 97.7 95.3 97 99.6 94.3 92.9
63 63.8 65.2 62.8 63.8 68.7 75.1 81.3 84.8 85 84.9 85.4 86.4 83.2 80.4 77.2 76.4 76.6 75 72.5 68.1 65.9 65.4 66.3 66.7 66.6 63.1 61 58.9 56.7 51.1 44.7 47.3 44.1 41.7 41.4 40.4 41.4 40.8 39.2 37.5 39.9 40.5 40.5 40.6 41 42.9 43.7 43.9 45.8 47.4 50.5 53.2 54.1 55.8 52.2 56.8 59.3 62.2 64.5 65.3 68 79 84.9 90.5 92.9 98.7 102.6 102.2 101.8 105.5 108.7 109.8 109.5 106.7 105.9 104.9 98.9 96
64.2 64.8 61.9 62.6 68.5 76.1 83.1 86.3 88.6 87.5 86.6 86.8 88.4 82.9 80.1 77.6 76.3 77.5 74.6 70.7 69.9 66.3 65.9 67.8 67.7 66.5 64.8 59.4 57 54.8 49 44.4 45.1 42.2 39.3 39.3 40.8 40.2 38.6 36.9 38 39.5 40.2 42.1 47.9 42.3 42.7 43.9 44.4 47.7 48.8 51 53.8 55.4 55.8 55.2 53.3 58.5 63.8 65.9 67.6 72.2 81.7 88.1 93.5 99.2 102.1 107.7 106.9 109 112.7 117 117.4 119.5 117.1 112.4 109.6 103.5 97.5
64.1 62.2 63.1 63.8 76.2 86.5 87 88 90.3 90.2 89.1 88.2 86 82.3 79.9 80.8 77.1 76.5 74.3 73.2 73 66.1 66.8 68.8 68.8 66.7 63.4 58.9 54.6 49.6 45.3 43.7 42.9 39.3 39 39.1 39.4 39 36.9 36.5 39.6 40.7 45.4 51.6 53.2 44.7 42.8 43.7 46.6 47.1 52.5 55.4 58.4 57.2 58.6 58.2 54.4 61.7 64.9 66.2 68.4 75.7 83.7 90.3 95.5 103 105.4 109.4 113.6 117 120.3 122.5 123.6 126.9 121.7 118 117 109.1 103
62 65.3 74.4 79.8 84 89.5 88.9 91.1 92.1 93.2 91.5 88.3 85.1 83.3 81.7 79 78.1 77.4 74.8 74.8 71.8 67.2 70.7 74.6 72.1 64.7 60.9 57.1 53 48.1 43.2 42.3 41.9 38 39.7 40.3 39.4 37.1 36.6 39.2 40.9 42.6 49.4 56 53.5 41.4 41.9 43.6 46.8 53.1 55.6 58.2 60.7 59.3 60 60 56.4 59.1 63.6 65.7 74.3 79.7 87.1 92.7 98.5 105.6 110.7 114 116.8 121.2 124.6 126.4 129.9 130.7 126 122.1 119 112.5 106.4
65.9 78.8 81.7 86.7 89.8 90 91.1 93.6 93.4 92.6 89.4 89.6 86.2 83.5 81.9 78.6 78.5 78.5 76.9 75.7 70.6 65.5 73.2 75.4 72.9 63.2 58 54.4 50.7 44.8 41 41.3 40.8 41.2 40 41 40.6 37 36.5 39.7 41.1 44.5 50.3 57 48.7 42.2 42.6 45.5 49.8 53.9 55.9 61.9 62.5 59.6 61 61.1 59.9 58 63.6 67.8 77.2 83.5 88.6 94.3 103.2 109.2 114.7 117.5 119.6 124.5 127.5 129.8 132.9 131.8 129.3 123.1 118 114.2 108.7
78.7 86.4 86.3 90.7 89.5 89.7 92.3 92.7 93.8 92.8 90.9 87.1 86.2 83.5 81.1 78.3 77.3 77.5 77.1 76.1 70.9 68.8 74.3 76.8 69.1 61.1 55.7 50.9 48.1 42.2 39.9 41 41.8 38 41.2 40.9 40.1 36.8 36.4 39.8 40.9 42.3 51.8 53.2 43.8 43.2 44.5 46.7 50.7 57.4 60.7 64.5 61.8 59.5 61.1 61.1 65.1 59.1 62 72 79 84.9 90.4 95.2 102.3 110 116 119.7 122.8 128.4 130.9 133 135.4 133.8 131.7 126.6 120 119.6 114.4
86.6 88.6 93.1 93.2 92.1 91 91.2 93.9 93.8 92.4 93.3 88.1 85.4 83.9 82.8 79.7 77.6 75.3 76.6 77.2 68.5 72.2 77.2 71.1 64.4 58.8 53.5 49.9 44.6 42.2 39 40.6 38.3 39.5 40.5 40.1 39.5 36.6 36.3 39.3 41 41.6 48.8 45.8 43.1 44.2 44.9 46 53.4 57.5 61 63.7 63.7 60.8 62.3 63 62.1 61.5 63.7 72.2 80.7 85.8 91.4 96.9 103.7 106.9 113.1 119.8 125.8 130.7 132.4 133.7 135.7 137.3 134.8 126.7 119.5 121.5 118.6
92.9 91.9 97.6 95.5 93.3 93.1 93.9 92.3 93.6 94 90.5 90.4 84.1 86.7 84.4 84.6 81 76.7 73.8 73.9 66.8 72 73.4 69 62.5 55.9 51.9 48.2 44.4 42.5 37.8 38.8 38.5 39.4 39.8 39.8 39.5 36.3 35.7 41.5 41.5 42.4 44.9 45.8 44.7 44.2 45.1 49.1 54.9 58.6 61 66 63.3 63.4 62.1 60.5 65 69.9 72.4 70.3 80.4 87.4 92.5 98.7 105.8 110.6 115 118.7 126.4 132.2 136.6 136 136.8 136.7 131.8 124.3 119.8 117.9 116.5
96.6 91.6 104.1 96.2 94.2 96.8 95.8 92.8 93.2 93 91.5 89.8 85 86.2 86.5 85.3 83.4 79.7 74.8 68.1 66.9 71.1 71.5 67.4 61.1 54.2 48.1 47.1 42.2 41.4 36.8 37.7 38.8 39.3 39.6 39.4 39 35.5 38.9 41.2 42 43 45 45.9 43.7 43.6 47.3 50.1 56.1 58.5 61.7 65.1 64.2 62.7 62.5 64.7 70.1 75.1 78.8 74.4 82.9 89.3 94.8 101.2 106.7 108.9 113 118.7 126.6 136 139.1 135.5 135 134.8 130.4 124.5 118.5 117.2 117.2
96.2 100.1 104.7 100.4 97.5 97 94.9 92.9 92 92.1 91.3 89.8 85.1 85.8 85.2 85.2 85.5 79.6 75.6 66 66.6 69.9 68.9 62.6 57.6 51.8 47.5 42.7 40.2 38.2 36.5 35.4 38.5 39.7 38.9 38.2 35.8 35.4 41.2 42.1 42.2 42.2 43.6 43.4 43.5 46.5 51.2 52.1 56.3 60 61.9 64.4 64.7 63.5 67 70.6 76.2 82.7 86.6 82.5 87.5 91 95.9 101 106.9 110.5 113.2 120 127.2 137.4 138 135.5 134.3 134.1 129.1 123.4 119.7 115 114.5
95.3 104.1 104.8 97.8 97.7 95.7 93.9 93.5 93.2 92.4 90.9 89.7 87.3 84.5 82.2 88.3 85.3 80.6 73.6 63.9 66.5 68.9 65.9 60.4 54.1 49 45.5 40.9 41.5 40.7 35.2 35 35.5 35.6 35.5 35.4 35.9 38.8 41.2 41.3 41.5 42.3 44.4 44.1 46.5 49.2 50.9 53.2 60.6 65 63.9 64.8 66.4 67.4 71.8 74.1 80.9 88.1 88 86.4 93.1 94.7 96 100.3 104.9 109.3 113.4 119.8 126.5 137.2 138 135 133.4 133 128.4 123.3 119.1 113.3 104.1
98.6 106.4 104.2 98.7 96.6 95 94.5 93 95.4 94.3 92.7 91 85.6 85.2 81.5 84.7 82.8 78.7 71.4 62.7 65.9 66.7 63.3 57.5 51 45.7 44.6 41.5 43.5 41.7 35 38.9 37.8 37.3 38.9 42.1 40.1 39.7 41.2 41.5 42.6 44.1 47.4 48.8 48.5 50.3 51.6 57 62.5 63.5 65.1 66.6 68.9 75.6 77.9 81.6 86.7 91.2 88.8 94.8 95.7 98.7 99.8 101 105.5 108.7 113.2 120.6 128.6 139.4 140.6 136.2 133.8 130.2 125.6 121.8 110.8 102.5 97.4
99.8 108.1 104.3 97.6 95.8 94.8 94.4 93.3 98.2 96.2 91.9 88.6 84 84.7 82.8 84.1 81.1 75.5 64.6 61.9 61.7 61.5 59.1 54.4 48.3 44.2 42.2 41.2 41.6 35.2 38.7 39.5 39.8 37.8 40.7 38.5 40.8 41 42.3 42.2 43.3 44.7 46.1 47.5 49.5 51.8 54.3 58 63.7 62.7 67.2 69.3 73.9 81 82.2 86.6 92.9 99.2 98.5 94.2 99.3 99.5 100.4 103.1 107.3 111.5 115.5 123.8 131.3 140.3 142.2 138.1 132.6 125.6 116.3 110.6 105.4 103 99.3
107.1 108.3 104.3 98.1 95.4 94.3 95.6 96.1 98.8 96.3 91.5 88 91.1 87.6 84 83 79.7 72.9 61.9 62.8 58.3 57.3 56.2 52.6 45.1 42.6 41.2 41.9 40.6 35 41.3 40.8 38.4 38.4 38.6 41.1 41.5 42.8 45.7 43.6 42.9 44.1 46.7 48.5 52.7 53.9 56.9 61 63.1 65.2 69.3 72.6 76.9 82.5 87 91.3 102.3 106.1 105.5 96.2 101.7 101.8 104.6 109.9 112.1 118.8 129.3 132 137.9 141.7 143.5 136.2 124.5 119.1 112.5 107.8 103.5 102.7 98.9
107.5 107.9 104.3 97.9 94.6 94.7 95.6 95.9 94.6 90.5 89.2 89.7 89.3 86.4 84.5 81.9 74.7 66 60.9 61 58.2 57.1 54.4 49.4 44 41.9 41 41.6 35.3 39.8 42.3 41 37.8 39 41.4 41.5 43.6 45.2 46.1 44.6 44.5 45.7 48.9 50.7 58.6 60.4 58.2 61.5 65.6 68.5 69.4 78.8 83.2 87.9 93.9 101.6 107.4 109.5 110.3 101.5 105.8 108.3 112.2 118.2 119.8 129.3 137.7 141.1 144.7 143.5 141.5 130.7 122.2 116.3 110 105.7 101.2 97.1 93.2
110.8 110.2 103.2 97.6 95.6 96.4 94 92 91 84.8 88.7 88.2 87.5 85.7 82.6 78.6 73.8 61.4 59.4 59.4 57.2 54.7 50.7 45.9 42 40.1 41.3 37.5 34.9 41.2 41.6 41.8 37 38.7 40.8 42.2 45.3 46.2 45.9 45.8 45.6 48.1 50.9 54.2 62 60.3 59.5 63.3 67.9 69.1 76.9 82.7 88.4 93 100.1 107.5 109.6 113.5 110.8 106.2 105.4 114.6 120.7 125 132.5 138 141.9 145.8 153.6 153.7 133.5 127.4 121 115 107.9 105.4 99.4 93.7 93.5
113.1 109 101 96.6 94.7 94.3 92.8 92 88.9 84 85.4 87.5 86.9 84.7 82.2 77.9 70.3 58.8 61.7 57.9 56.6 51.3 47.7 46.3 41.3 38.6 37.8 35.1 41.7 44.2 42.6 41.1 38.9 38.4 40.6 41.2 45.3 46.5 46 46.8 46.7 49.4 51.4 54.2 59.3 60.1 63 66.6 68.5 69.8 78.1 84.5 90.8 95.9 105.1 110.7 114.7 115.9 111.7 109.7 104.6 118.7 126.3 130.5 142.1 142.8 148.3 153.9 156.7 154.6 132 123.2 117.1 112.4 105.2 101.8 99.3 93.7 92.8
111.1 107.6 100.5 96.8 93.5 92 92.2 94.4 88.7 82.4 85.3 86.1 84.3 82.4 80.4 76 68.4 57.2 57.7 59.3 57.7 54 48.7 48.8 45.4 36.6 35.1 35 42.2 44.3 43.6 39 39.7 40 39.8 41.5 46.6 47.1 46.3 47.1 48.9 50.1 52 54.9 61.1 61.6 64.3 65.3 68.3 70.4 80.3 86.7 92.7 100.2 107.7 113.8 114.9 113.6 114.5 113 108.8 120.4 133.3 139.8 147.1 149.4 149.8 156.6 157.9 150.7 126.8 118.8 115.7 110.9 105.9 100.2 95.6 93 93
110.5 106.9 100.2 94.7 91.1 91.5 91.4 90.6 87.6 83 87.7 82.9 82 80.1 76.9 72.6 59.6 55.6 61.3 57.7 54.3 53.2 48.4 47.6 40.7 35.1 35 34.9 42.7 41.7 41.6 39 40.5 40.4 40.7 44.2 44.3 45.4 45.6 47.2 52.8 52.6 54.1 56.9 61 62.8 63.8 66.3 72.4 76 81.7 90.7 95.8 102.8 111.3 116 117.3 117.9 118.9 116.5 115.9 120.5 133.7 142.6 154.6 155.4 152.7 157.3 156.9 139.6 128.4 119 114.6 112 102.5 98.8 97.6 99.8 97.1
109.3 106.5 98.6 92.1 90.6 90.9 91.5 89 85.3 82.9 84.3 82.9 80 77.4 74.6 69.8 57.4 57.5 61.5 57.9 54.9 53.1 49.9 47.3 38.2 34.9 35.1 34.8 38.8 40.1 39.4 39.3 40.9 43.2 44.1 44 44.3 45.8 47.2 53.1 52.9 52.9 55 59.2 62.9 64.2 64.5 68.4 73.6 78.4 85.1 92.3 98.1 106.1 114.5 118.4 118.6 120.4 118.9 118.9 122.6 120.2 130.1 142.5 152.6 156.1 153.7 156.8 157.5 141.5 128.6 118.9 113.1 108.3 105.6 104.9 105.6 106.3 103.2
107.2 107.3 96.5 91.7 88.8 89.6 89.6 87.7 83.4 84 83.8 81.4 78.3 75.6 72.6 60.5 57.2 63 60.6 57.6 56.1 53.8 51.6 47.4 34.9 37.6 35 35.3 36.9 37.2 38.2 39.9 42.4 45 46.2 48.3 47.3 49.6 52.2 53.4 53 56.4 57.7 55.5 58.7 61.9 63.2 71.9 76.1 81.5 88.2 93.9 100.4 109.5 118.1 118.7 118.5 119.9 123.3 123.1 125.6 123.4 135.1 142.7 150.6 153.9 151.9 152.6 155.4 140.8 130.6 119.5 113.6 111.7 111.2 112.8 115.6 113.1 107.6
104.6 104.7 96.9 90.3 89.1 88.1 88.2 85.8 86.4 82.4 81.8 81.1 79.6 76.4 72.2 58 58.7 62.1 59.7 58.5 56.7 52.7 50.4 43.4 35 35 35 38.3 42.2 39.6 37.7 38.8 42.5 43.8 45.4 50.7 50 51.3 51.7 54 53.8 58.5 61.1 60.1 62.7 65.2 67.4 70.2 77.4 83.1 91.1 96.7 103.5 112.5 118.9 118.3 117.6 122.5 125.1 129.7 130 125.9 132.4 142.2 147.9 150.3 149.4 150 147.7 136.7 127.7 120.5 117.4 118.8 120.4 124.8 125.7 119.4 110.6
103.1 102 95.3 88.5 89.6 88.2 88 84.3 85.3 84 80.2 81.2 78.5 77.3 67 56.8 61.5 61.8 60 55.9 54.7 51.5 46.6 39.6 35 35 35 40.9 43 41.9 39.2 44.7 42.9 43.6 47.1 50.1 51.2 51.7 52.6 54.9 57 61.3 64.2 63.6 64.4 67.9 72.5 76.6 77.5 86.5 94 98.1 104.8 114.5 117.8 117.5 118.4 124.8 129.3 136.3 134.3 125.2 131.8 142.1 143.8 150.1 148.5 147.6 143 134 127.3 125.8 127 129.5 130.5 133.3 128.2 119 106.2
100.2 98.6 93.8 89.8 89.7 87.9 85.5 84.5 84.7 84 83.1 78.5 79.7 76.9 63.2 57.3 65.2 59.6 55.3 53.2 54.3 50.3 44.3 35.2 35.6 35.4 35 41.6 44.1 42.7 42.7 44.1 43.9 45.7 47.1 50.6 52.5 53 54.5 56.3 60.1 65 67.8 67.1 68.1 71.3 73.1 78.4 82.3 86.9 95.5 101.4 109.7 115.9 116.4 116.6 118.1 122.6 127.3 134.4 132.2 124.2 130.2 139.7 141.6 149.3 150.1 141.4 138.1 132.5 129.9 131.8 135 138.2 135.7 133.5 127.6 114.3 104.2
98.9 96.6 91.7 90.6 88.5 89.3 85.4 84.4 83.9 83.6 82.9 81.3 77.2 71.7 61.4 65.8 62.6 58.9 54.9 52.7 52.2 49.3 35.1 35.6 40.1 38.1 37 40.2 44 41.6 43.2 45.3 45.7 47.1 50.3 51.9 53.1 54.2 56.6 59.9 63.4 67.6 70.5 70.3 72.2 79.9 76.4 79.5 86 88.2 95.9 107.1 116.5 115.9 114.8 115.3 117.5 121.7 126.2 129.6 128.9 124 125.6 134.9 145.2 150.7 152.8 143.2 136.2 133.4 134.9 138.2 140.5 141.7 136.9 131.7 126.4 114.3 108.9
98.7 95.2 89.9 88.8 91.1 88.1 86.5 85.1 84.5 86.7 85.4 81.8 77.5 70.9 61.7 66.3 65.2 62.4 58.4 54.3 51.4 45.3 35.7 38.5 40.1 39.3 37.9 40.8 41.4 42.8 45.2 46.3 47.8 49.8 52.5 55 55.2 56.6 56.8 60.9 66.4 71.1 74.2 72.9 77 85.3 85.3 80.8 87.9 89.8 99.1 104.8 114.7 114.2 113.1 113.4 114.2 120.4 124 128.1 124.5 123.6 124 135.6 143.5 151.4 150.5 141.5 134.9 135.6 140.1 142.7 146.1 144.7 137.7 132.1 122.6 115.9 110.6
96.6 92.9 87.9 86.5 88.8 87.8 86.8 87.6 88.2 87.3 85.4 82.7 80.1 67 61.8 68.1 71 59.8 58.3 55 48.8 35.4 39.2 40.9 42.6 41.6 38.1 41.5 42 44.6 47 48.1 50.6 52.7 54.4 57.2 58.3 59.2 60 60.1 66 74.1 76.8 75.4 82.1 92.4 91.8 90 88.8 94 101.2 102.5 107.4 111.5 111.5 111.9 113.2 118.3 120.5 123 124 121.4 124.4 132.8 139.3 144.4 145.4 140.6 138.3 140.9 147.3 149.7 153.1 152.7 142 130.1 122.4 115.2 109.3
93.8 90.7 87.4 84.8 87.1 86.5 88.3 89.9 91.1 92.1 90.7 84.9 75.1 63.4 65.9 66.5 62.1 58.5 56.5 55 45.8 35.9 41.6 45.4 46.8 42 38.4 41 46.2 46.8 47.2 49 52.8 54.8 56.8 59 61.9 61.6 65.8 63.9 67.4 76.6 79.8 78.8 89.5 98.3 99.2 99.4 94 94.4 100.9 105.8 104.5 104.5 110.2 110.8 111.2 117 119.8 123.4 119.9 121.6 122.8 130.6 137 140 139.9 142.1 142.5 146.6 157 164.3 165.1 148.1 137.4 128.3 122.8 115.5 107.2
91.6 89.6 85.9 86.5 84.7 87.9 89.8 96.4 97.3 95.8 91.8 81.4 73.4 62.1 62.8 63.1 58 56.6 52.7 49 36.4 41.2 44.8 45.9 46 42.1 38.9 39.9 43.7 46.4 49.3 51.6 53.8 56.5 59.9 65.3 67 67.8 69.4 69.1 72 79.8 85 85.8 95.6 101.7 105 106.6 100.6 101.7 102.9 104.9 109.7 107.7 108.2 109.4 113.4 117.2 117.8 119 118 120.4 121.6 128.2 135.1 136.3 138.1 143 146.2 152.2 157.6 162.4 160.2 147.6 143.6 135.7 129.6 118.5 110.1
90.6 89.4 87.8 87.6 84.2 86.7 89.1 95.4 96.8 95.3 91.7 77.9 69.4 59.6 63.4 61.7 57.1 52.3 49 45.1 35.9 40.9 45.4 46.2 46.1 42.6 40.2 41.5 43.4 47.8 51.3 53.6 54.9 59.5 64 68.7 71.7 72.8 73.1 75 78.2 84.2 88.3 95.7 101.2 105.3 110.2 111.8 110 106.9 108.9 107.5 109.7 109.6 107.1 109 112.3 113 115.9 116.8 116.2 119 120.2 127.3 134.4 134.5 138.2 145.2 149.2 156.1 157.2 159.1 155.6 147 145.6 141.7 131.8 124.6 115.8
91.7 95.4 92.4 87.4 83.8 86.1 88.7 93.9 97.5 96.1 83.8 76 66.7 58.9 61.4 59.3 52.2 50.7 48.2 35.2 35.9 47.4 53.5 48.1 45.1 42.1 41.1 43.8 46.3 49.6 51.3 56.5 58.6 63.7 67.6 74.2 75.5 77.8 77.9 79.9 86.6 89.1 89.1 104.2 106.8 114 116.3 115.8 110.5 107.9 110.9 111.1 110.3 109.4 107.9 108.9 110.2 112.1 114.5 115.2 113.3 116.7 118.8 127.8 131.1 134.7 150.5 151.9 158 158.3 156.8 156.7 147.6 144.4 145.1 143.5 135.9 131.5 126.2
