UK/data/nh/nh47_OST50GRID_20230518/NH47.asc
ncols 200
nrows 200
xllcorner 240000
yllcorner 870000
cellsize 50
[rows 35 to 69 of 200, columns 0 to 77 of 200]
554.3 553.1 551.9 550.9 549.6 548.6 547 545.5 543.7 542.5 541.9 542.9 543.2 542.5 539.7 536.9 534.9 531.3 527.6 524.4 519.1 512.9 505.9 499.4 493.5 490.4 488.2 483.8 478.7 475.9 474.2 472.3 471.8 469.4 469.8 469.8 469.9 469.6 469.5 469 469.2 470.1 468.2 468 468.1 467.3 468.1 468 469 471.8 472.4 472.6 471.5 471.7 471.9 472.1 469.5 466.3 465.2 463.2 461.8 458.2 460.4 461.3 462.3 462.1 463.4 463.8 465 467.6 469.2 475.6 478.3 480.3 482.7 484.9 485.7 487.6
558.3 557.4 557.3 555.6 554.1 550.9 548.3 545 542.4 540.9 539.7 539.2 538.2 537 534.4 532.9 529 526.4 523.8 521.8 517.1 509.1 503.6 497.2 492 488 484.6 480.6 477.5 475.7 473 472.6 472.4 470.7 468 469.5 469.3 468.9 468.1 466.6 466.4 466.5 467.7 467.4 466.9 466.5 465.5 465.1 467.5 468.3 469.5 470.1 469.6 469.9 470.5 470.6 469.4 465.7 464.1 463.7 461.5 460.3 460.4 463.1 463.1 465 466.5 466.8 468.8 471.5 472.1 479.7 482.7 485 486.7 489 489.5 492.4
562.5 562.5 562.9 561.3 559.1 555.7 551.8 548 543.5 540.4 537.4 535.3 534 531.8 529.2 526.8 523.6 521.1 519.5 517.1 511.3 505.4 499.3 493.6 488.3 484.6 481.4 478.4 476.4 475.5 475.2 473.8 472.7 472.3 469.8 468.7 467.5 466.8 471.2 470.6 470.2 468.1 467.2 466.7 466.9 466.7 467.5 465.8 465.3 466.9 467.9 468.1 467.8 467.9 467.6 466.8 465.8 465.1 462.8 461.9 459.5 460.4 461.3 462.5 465.4 465.6 469.5 471.7 474 477 475.1 481.8 485.7 487.9 490.6 492.4 495.6 499
569.3 570.9 570.3 568.3 565.1 561.7 557.8 552.2 545.6 539.9 535.2 530.4 528.6 527.3 523.9 522.1 519 516.6 515.1 511.9 505 499.7 493.9 490.5 487.2 483.6 481.2 478.9 477.9 476.8 474.8 474.8 473.3 471.3 469.8 470.5 471.3 471.5 471.6 472.2 470.7 469.5 469.8 467.6 468.2 468.3 468.2 466.2 465.7 465 465.9 465.7 466 465.9 465.8 464.3 466.1 466 464.3 464.2 465.2 464.7 465.1 468.9 468.9 467.9 473.9 475.7 478.2 478.8 479.3 484.1 488 490.6 494.7 498.1 501.9 505.7
577.3 577.8 577.3 575.4 571.2 566.5 563.2 558.1 550.2 543.1 536.8 532 528 522.7 519 518.5 516 513.6 510.7 505.7 500.9 496.4 492.9 488.9 485.7 483.8 483.1 481.1 479.9 478.3 477.1 475.3 474.1 474 473 473.1 472.9 472.5 473.1 472.6 471 471.7 470.6 469.2 469.1 468.7 468.3 467.3 468.3 468.3 467.8 466.8 466.7 466.5 469.2 472 473.4 472.4 471 470.8 471.1 471.7 473.2 476 475.5 471.8 478.1 479.6 480.1 480.7 485 488.7 492.3 495 498.9 505.3 509.7 513.5
583.6 584.7 583.6 581.1 576.7 570.7 563.2 556.4 548.5 542 535.9 530 524.7 520.5 514.2 513 512.2 509.8 506 502.1 497.5 494.5 491.7 489.5 487 485 482.7 481.8 480.5 478.9 478 476.1 475.8 474.4 474.9 474.7 474 474.8 473.9 472.9 474.3 473.2 471.4 471.4 469.7 470.2 469.3 469.6 471.3 472.1 472.3 470.7 473.4 475.7 477.2 478.4 478 477.1 476.9 476.4 478.1 479.9 481.1 480.9 479.9 476.1 480.1 481.7 482.4 484 490.2 492.8 495.9 499.4 505.3 512.1 517.7 520.2
588.3 589.7 588.6 586.2 581.5 574.2 567.3 560.3 553.1 546.5 539 531.8 525.7 520.4 514.9 511.9 506.6 505.5 502.7 498.9 495.1 492.9 491.1 489.2 486.9 485.7 483.9 482 480.9 479.8 477.8 477.8 477.2 476.4 476.3 475.7 476.4 475.3 474.7 476.1 475.3 473.4 473.3 472.7 472.5 471.7 471.5 473.4 476 477.9 477.6 476.1 475.5 479 481.2 481.4 481.7 482 480.7 479.4 481.3 482.6 483.9 483.6 483.4 479.9 482.6 485 487.2 489.1 493.8 496.6 499.1 504.5 510.7 518.1 522.7 526.1
590.3 592.1 592.2 590.7 586.5 581.3 574.9 567 559 551.4 544.2 536.1 528.6 523.4 517.2 511.5 506.8 502.3 498.9 496.8 494.7 493 491.2 488.6 486.9 485.2 484 483 481.8 481 478.7 479.6 478.6 478.1 478.1 477.8 477.2 477 476.9 477.7 477.1 476.1 475.9 475.2 474.4 475.4 476.4 478.2 479.7 480.4 479.8 480.6 479.1 481.5 482.3 483.5 483.7 483.3 482.6 483.1 484.3 485.3 486.2 487 486.5 482.6 485 488.1 490.8 493.3 496.1 498.7 502.8 508.8 516.1 522.1 526.2 528
589.7 592.1 594.1 594.1 591.9 587.4 581.8 573.5 564.8 557.5 549.4 540 531.9 525.6 518.2 511.4 506.4 502 496.8 493.4 492 491.8 491 489.1 487.4 485.8 485.1 483.6 482.4 482.7 481.1 480.6 479.1 479.6 479.3 478.7 478.4 479.2 479.4 478.1 478 478.1 478.1 476.9 477.1 477.1 479 479.5 480.7 481.9 482.2 481.9 482.3 482.5 483.6 484.3 484.8 484.4 486 487.1 488.2 487.9 488.4 488.5 487.7 485.3 487.9 491.4 493.6 496.4 498.2 501.8 506.2 513.3 520.5 524.6 527.7 529.1
587.6 590.4 593.9 595.4 594.7 591.8 586.7 578.2 570.3 562.1 553.8 543.7 534.7 525.8 517.5 510.6 504.5 498.6 495.6 492.5 490.2 489.4 488.9 487.5 486.2 484.5 483.7 484.4 483.9 483.7 482.5 481.7 480.8 480.9 481.7 481.3 481.1 481.3 480 480.1 478.9 479.1 479.5 479.4 480.3 480 481 482 482.1 482.5 483.3 483.7 483.5 483 485.3 485.5 486.9 486.5 487.9 489.4 490.2 490 490.7 490.5 490.2 487.6 490.3 493.1 495.4 497.7 500.5 504.4 509.6 515.5 521.2 525.1 527.6 529.2
583.8 587.1 591 593.9 595.2 593.6 588.5 581.8 574.9 566.3 557.2 547.8 536.7 526.7 517.9 510.2 502.6 496.7 493.1 491.3 489.4 488.4 487.8 486.3 485 486.2 485.7 486.8 486.2 484.8 484.6 484.3 483.2 483.1 483.6 483.7 483.2 483.1 481.9 481 480.6 480.8 481.3 481.1 482.8 483.4 483 484.1 484.7 484.4 485.3 485.6 485.8 485 487.4 487.8 489.1 489.4 489.6 491.1 491.8 492.6 492.8 491.8 491.1 490.3 490.2 493.4 495.1 498.8 502 506 510.5 515.9 521.2 524.2 526.9 529.1
578.6 583 586.9 591.6 593.8 592.9 589.3 584.2 576.9 568.8 559.5 548.3 537 526.3 517.4 508.9 501.4 495.5 492.6 490 488.3 487.5 486.5 486.1 487.1 487.9 488.3 488.6 488.2 486.7 486.5 486.4 485.7 485.4 485.4 484.9 484.7 484.2 483 482.8 482.6 482.6 484.2 483.6 483.9 485.6 485.7 485.5 486.1 486.5 486.4 487.4 487.8 487.3 488.2 490.2 491.1 492 493.3 493.9 493.8 494.4 494.2 492.7 490.6 490.2 488.2 492.7 495.4 497.9 501.8 506.5 510.8 516.1 520.7 524.8 526 527
572.9 577.7 582.4 588.1 589.7 589.8 587 583.3 577.2 569.7 559.7 547.8 536 525.2 516.7 508.5 500.9 495.7 491.7 489 487.3 487.7 486.6 486.2 487.8 488.7 489.3 490.2 489.9 488.3 488.5 488.7 488.9 488 488.5 487.7 487 486.5 487 486.5 486.2 486 486.3 486.1 486.2 486.8 487.4 487.8 488.3 489.5 490 490.4 490.8 489.5 488.9 492.1 492.9 494.3 495.7 496.1 495.3 494.1 494 493.3 490.9 489.6 488.3 491.2 494 498.3 501.5 507.2 511.4 515.9 520.4 524.1 526.4 525.6
564.9 570.4 577.6 583 585.9 586.5 584.3 582 575.8 568.3 558 548 536.5 526.9 520.6 512.2 503.7 495.5 491 487.5 486.7 487 486.5 486.2 487.9 489 490.3 491.5 491.5 490.8 490.9 491.6 491.7 492.1 491.9 491.7 491.7 490.9 491.7 491.7 490.6 490.5 490 488.7 488.8 489.6 490.1 491.2 492.6 492.3 492.5 492.1 491.8 491.2 489.8 493 494.6 496.9 498.2 498.3 497.9 497.2 495.1 492.4 490.4 488.8 488.5 491.7 494.7 498.9 503 507 510.9 514.2 516.7 519.5 522.8 523.3
558.1 563.9 571.6 577.4 581.1 582.8 583.1 581.3 576.1 567.8 559.1 548.8 537.7 530.2 525.1 516.1 507.4 498.8 491.7 487.5 486.4 486.5 486 487.3 488.7 490.2 491.5 493.3 494.1 494.5 495.8 496.9 497.3 497.8 497.6 496.8 496.8 497 497.2 497.7 496.2 495.7 494.4 492.5 493.8 493.5 493.9 495 495.9 494.5 493.9 493.1 491.8 491.2 490 492.1 494.7 497.2 498.6 499.8 499.8 498.1 495.5 492.4 488.5 488.3 488.3 491.7 495.4 498.9 501.4 505.5 508.9 511.4 513 514.8 517.7 520.4
551.5 558 566.5 573.3 578.7 580.7 580.6 578.2 574.1 567.4 557.1 546.8 539.2 534.3 527.4 517.7 508.5 500.9 492.7 488.8 487 486.9 487.3 488.2 490.9 492.2 494.2 497 499.4 501.6 502.3 503.5 503.8 504.9 504.7 504.4 503.3 503.4 503.7 503 503 502.4 501.1 499.5 500.4 499 498.9 499.3 499 497.7 496.4 494.1 492.2 490.4 489.4 490.3 493.3 495.5 497.5 498.5 498.2 497 494.8 491.3 485.6 486.8 488 491.7 495 497.5 500.3 502.7 505.6 508.5 509.4 511.1 513.7 517.2
546.2 554.7 562.9 569.7 574.7 576.9 576.7 574.3 571.1 565.5 553.4 545 539.2 532.5 524.3 515.4 507.9 500.1 493.4 489.7 487.7 487.6 488.8 491.1 493.8 497.1 499.9 502.3 506.2 508.5 510.5 511.9 513.1 514.1 513.8 512.7 511.8 512 511.8 511.2 510.7 509.8 509.6 508.1 508.2 506.8 506.3 505.8 504 501.5 499.3 496.3 492.1 489.3 486.3 486 489.5 491.6 494 495.4 496.4 495.2 492.7 489.2 485 483 486.7 490.2 494 496.4 498.1 500.8 502.9 505.1 507.3 508.9 511.7 513
541.1 548.8 556.5 563.1 569 571.5 570.8 569 565.3 556.8 548.7 543 537.7 530.2 521.2 515 508 500.8 495.4 491 489.4 490.3 491 493.7 498.1 501.3 504.6 509 513.6 517.3 518.5 520.4 521.6 522.6 522.1 521.6 522.2 522.3 522.3 521.2 519.8 519 518.7 516.8 515.9 514.3 512.5 511 508.4 505.4 502.1 497.8 492.2 487.6 483.6 482.4 484.8 487 489.9 491.6 493.1 492.8 489.9 485.9 481.7 479.9 484 488.2 492.2 494.8 496.3 497.9 500.8 503.6 506.3 508.1 508.8 509.9
534 540.5 547.6 553.8 560.7 563 563.5 562.1 557.1 549.9 544.2 538.4 533.4 525 518.1 511.2 505.1 498.6 495.2 492.2 491 492.6 494.8 498 503.1 506.7 511.4 517.3 521.4 525.2 526.8 527.7 528.8 530.4 531.1 531.5 532.6 533 532.6 531.6 529.5 528.1 525.7 524.1 521.9 519.6 517.1 514.6 510.8 507.4 503.4 498.6 492 486.7 482.7 479.8 480 482.1 483.9 485.6 486.6 486.9 485.4 482.6 479 477.7 482.7 486 489.1 492.2 494.2 496.7 499.9 502.9 505.1 506.5 507.3 507.1
527 532.8 539.2 546.2 551.8 553.3 554.9 553.8 548.4 543.2 537.7 531.7 526.2 519.9 514.2 506.5 499.4 495.3 493.6 492.1 493 495.7 499.1 502.7 507.6 513 519.3 524.3 528 532.1 533.9 535.6 536.3 538.3 539.3 540.2 541.7 541.6 541.4 539.6 536.8 533.7 530.9 529.2 526.8 523.2 520.3 517.4 514 508 503 497.5 491.9 485.6 480.8 477.8 477.5 477.7 479.3 480.7 481.4 482.1 481.6 478.7 476.7 478.3 481.2 483.9 487.7 489.2 491.1 495 497.6 500.9 504.2 505 505.2 504.4
520.6 526.6 532.6 538.4 542.5 544.2 545.3 544.2 539.9 535.8 528.8 524.3 519.7 513.3 506.7 499.5 494.3 492 491.9 494.1 496.3 499.5 503.3 507.8 512.7 518.7 524.2 529.2 533.8 537.7 540.4 542.1 542.6 544 545.2 548 549 548.6 548.2 546.2 542.2 538.5 535.6 533.8 530.3 526.2 522.6 519.3 515.2 510.9 503.9 497.1 490.4 484.6 480.5 477.2 475.5 474.7 475.5 477.7 477.5 478.4 477.8 476.3 474.2 477.1 480.4 482.2 485.7 486.6 489.1 491.5 494.1 497.4 501.1 501.9 501.8 500.9
512.6 519.8 527.1 532.4 536.8 538.8 539.3 535.7 531.9 526.2 518.6 514.6 511.9 504.1 498 491.9 487.8 488.2 493.1 497.9 501.3 504.8 508.7 513 517.8 523.7 529.9 534.7 538.5 542.9 546.1 547.7 547.6 548.8 549 552.8 555.8 555.4 554.2 551.1 547 542.6 540.2 537.6 534.7 529.5 523.9 519.4 514.3 508.6 502 495.4 489.1 483.7 480.1 476.7 474.2 474 473.9 474.7 475 474.7 474.2 473.3 474.4 477.1 479.2 480.5 482.3 484.5 486.8 489.4 491.5 493.7 495.1 496.3 496.5 496.6
507.9 515.9 523.4 529.7 532.9 535.4 533.4 528.9 525 516.8 508.8 503.3 495.9 491.1 486.9 483.8 482.8 488.4 494.4 500.5 504.2 508.3 512.2 515.7 521 526 531.6 537 541 546.3 549.9 551.5 551.6 552.1 553.5 558.5 561.4 561.6 559.1 555.7 552 548.7 544.3 540.2 536.7 531.5 525.5 521 514.3 507.6 499.4 493.4 486.4 482.5 478.4 475.6 473.1 471.6 471 472.3 472.7 472.7 472.7 472.2 473.6 475.7 477.9 479.8 480.9 482.9 484.4 487.3 488.2 490.3 492.2 492.4 491.8 492.9
506.8 514.3 521.5 526.8 529.3 529.9 526.1 523 517.3 505.8 494.3 485.9 478.7 477.5 476.2 476.3 482.5 489.5 495.5 502.5 507.4 511.8 514.9 518.2 521 526 532.5 538.4 542.5 548 552.2 553.4 554 555.5 559.8 563.8 566.6 566.9 564.4 559.4 556.4 552.7 547.3 543.1 539.6 533.8 528.2 523.7 516.6 508.1 500.3 493.6 487.7 483.4 479.8 476.9 474 472.4 470.8 471.7 471.9 471.8 471 471.8 471.6 475.2 475.6 477.6 478.8 479.1 481.9 484.2 483.6 485.2 488.2 490.8 493.2 494.4
505.2 513.2 519 522.6 524.4 524 521.8 518.1 509.6 495 481.3 470.1 464.1 464 468 473.8 481.7 489.3 499 508 513.4 514.6 516.8 518.7 522.1 527 532.9 539.1 544.5 548.1 553 555.7 557 560.4 564.8 568.7 570.6 570.8 567.8 563.1 558.9 555.7 552.3 548.1 543.3 538.7 532.6 527.4 519.8 510.8 502.9 496.5 491.2 485.2 480.5 477.3 474.2 471.8 469.8 471.2 470.9 470.2 471.4 473.2 473.4 474.8 475.9 478.7 480.3 483 484.9 487.1 489.2 491.5 492.2 493.8 496.8 497.3
503 509.3 514.3 517.8 519.1 518.8 516.7 512.6 501.3 484.8 469 458 455.1 457.9 460.8 470.1 480.2 490.1 505.2 516.5 522.4 522.9 522.4 521 522.6 526.8 532.4 538.6 545 550.3 554.4 557.1 559.3 563.5 567.3 569.2 570.2 570.4 567.7 564.7 560.9 558.2 555.4 552.2 548.3 544.1 539.8 533.2 525.1 514 505.6 497.7 490.8 485.6 478.8 476.2 473.7 471.8 469.5 471.1 471 470.1 472.2 473.1 474.1 475.8 476.8 479 482.1 484.6 487.9 490.8 493.3 495.7 498 499.1 501 501.9
499 505.2 509.4 512.3 513.4 513.2 510.8 503.4 491.1 476.3 459.8 450.3 449 451.8 457 465.8 476.5 494.8 510.4 524.5 528.4 527.9 525.9 524.2 523 526.9 533.3 538.6 545.5 550.6 554.8 557.4 560.6 563.9 566.5 567.4 568.6 567.9 565.8 565 562.3 561.2 558.7 555.6 552.8 548.3 544.1 537.2 529.8 519.2 508.8 499.5 491.7 485.5 480.3 479.1 475.7 473.4 471.4 469.4 470.1 470.8 472.7 473 473.7 476.3 478.4 480.3 484 488.4 492.8 496.6 499.4 502.4 505.1 506.4 508 508.4
495 500.2 503.6 507.3 508.4 505.7 501.6 492.3 481.4 467.7 453.2 444.7 444.1 447.6 452.9 460.1 473.7 491 509.3 522.7 528.3 526.8 525.7 524.1 527.1 528.5 534.2 539.9 544.9 549 553.3 556.8 559.2 562.4 564.4 565.1 565 565.3 564.8 563.9 562.6 562.1 560.2 557.7 555.6 551.4 547.4 540.9 534.2 522.4 512.1 502.4 493.7 486.2 485.9 481.6 478.5 474.4 472.3 470 469.9 471.3 471.7 474 474.9 477 479.2 481.5 486.9 493.3 497 501.4 506 508.6 510.4 512.8 513.8 515.3
489.3 494.3 497.4 500.9 501.9 499.6 495.6 485.6 472.7 457.3 444.2 439.6 440.6 444.1 448.6 455.7 467.4 487.8 506.2 517.4 522.8 523.9 524.5 527.1 530.6 533.2 534.9 539.8 543.9 547.2 551.2 554.5 557.3 559.8 560.9 562.3 562.7 562.6 563.5 562.6 561.7 561 559.8 557.9 557.1 553.3 548.5 542.3 534.3 525.2 514.8 504.6 496.1 491.5 488.6 483.2 479 475.2 472.7 470.6 469.1 471.1 471 473.8 475.7 477.5 480.8 483.9 490.2 497.3 503 508.5 511.9 514.9 516.5 517.2 518.3 519.2
482.7 487.4 490.1 492.9 494 493.9 488.8 477.2 460.7 444.2 435.4 433.2 438.1 441.4 445.3 450.4 463.5 481.7 501.4 511.9 521.5 527.5 526.8 526.4 529.1 532.6 536.7 540.5 543.1 546 549.1 551.3 553 554.9 556.9 556.7 556.9 557.8 558.7 558.9 558.8 558.5 558.3 557.1 556.5 555.6 550.6 544.6 537.8 527.2 517.4 509.9 502.5 495 486.8 481.8 478.6 475.4 472.2 471 468.1 470.1 470.5 472.6 475.5 478.2 483.3 488.6 495.1 501.5 508 513.2 517.1 519.5 521.2 522.3 522.6 522.9
473.2 476.8 479.6 482.7 484.3 483.9 476 464.1 449.5 436.1 428.5 430.6 435.7 439.3 441.1 445.8 458.1 474.2 491.7 506.3 521.5 526.8 527.3 527.8 529.4 532.3 536 539.3 540.9 543.7 546 548 548.9 549.6 550.6 549.7 550 551.2 552.1 553.2 552.9 553.9 553.5 553.6 554.4 553.3 550.8 545.2 538.2 528.6 521.9 515.2 506.4 497.8 489 481.7 477.7 473.6 471.9 471.3 470.9 470.2 470.1 472.6 475.5 479.6 485.2 491.1 497.8 505.4 511.5 517 520.8 523.2 525.3 526.8 527.5 529.3
463 465.6 467.1 470.1 470.3 467.2 459.9 451.1 438.6 428.9 422.4 427.4 432.6 435.9 438.9 442.4 452.3 466.9 486.5 508.5 524.3 531.9 530.9 529.5 529.8 533.6 536.2 536.6 538.4 539.8 541.1 543.4 544.3 545.3 545.3 544.8 544.7 546.4 546.9 547.6 547.4 547.9 547 546.2 547.9 548 546.7 543.3 538.9 530.2 525.6 519.2 509.2 499.5 490.5 483 477.3 473.6 470 470.6 470.2 470 469.8 473.4 475.9 480.3 486.2 493.6 501.4 508.7 514.6 519.3 522.8 525.8 528.2 530.3 533 538.2
454.5 455.9 456.6 456.2 455.7 454.6 449.2 441 431.7 423.2 419.2 423.6 428.6 432.9 437.4 440.4 448.4 462.2 483.4 508.4 524.2 531.9 532 531.4 531 532.3 533.7 533.9 535 535.5 536 536.9 538 538.3 538.5 538.5 539.4 539.7 540 540.2 540.9 539.9 539.3 539.6 539.5 538.7 537.6 536.2 534.3 528.4 523 517.4 509.8 500.2 490 482.3 477.1 473.2 470.1 468.4 468.1 468.2 471.1 473.5 475.9 480.1 486.4 492.7 502 509.5 516.6 520 523.3 526.2 528.7 533.7 538.7 544.1
443.9 444.3 444.4 443.7 442.6 441.3 438.1 431.3 426 419.9 416.9 421.2 425.5 430.3 435.3 441.3 448.7 461.7 480.5 504.8 523.6 531.7 531.9 532.7 531.9 530.5 528.3 529.3 530.7 530.5 530.3 530.2 530.5 530.3 530.6 531.8 532.4 532 532 531.4 530.7 530.3 529.4 529.3 529.5 529.8 528.7 526.1 523.6 520.2 517.7 510.5 503.3 497.9 490.4 483.5 478.4 473.8 470.2 469 464.8 468.5 470.9 472.9 474.7 478.4 484.1 490.4 499 507.5 514.4 519.3 523.1 526.7 532.1 539.4 543.9 550.2
433.8 433.7 433.9 433.9 432.5 431.4 426.4 423.6 419.8 417.6 413.8 417.2 421.3 426.8 432.6 439.5 449.7 462.4 479.8 499.4 522.9 532.5 534.1 533.7 530.5 529.2 525.1 524.3 525.3 526 525.1 523.8 523.2 523 523.1 524.5 525.9 526.3 524.9 524 522.6 521.8 520.9 520.3 520.7 520.5 520.2 518.4 515.8 513.4 509.8 505 501.2 495.4 488.4 482.3 475.9 473.2 470.4 468.9 467.2 465.9 468.5 470.6 473 476.3 482.1 489 495.6 503.1 511.3 517.6 522.3 528.5 536.2 544 550 557.4
