WholeMapElevations/data/no/no15_OST50GRID_20230518/NO15.asc
ncols 200
nrows 200
xllcorner 310000
yllcorner 750000
cellsize 50
[rows 0 to 34 of 200, columns 78 to 155 of 200]
261.1 261.2 263.4 267.9 269.5 270.5 270.6 270.6 271.2 271.9 270.9 265.4 272.1 272.2 266.9 259 265 267.6 278.4 290.5 288.8 290.6 295.1 300.5 305.5 313.3 320.5 325.2 333.1 339 344.8 348.8 354.3 358.1 361.6 365.8 370.5 375.2 381.5 386.9 393.5 401.4 408.3 411.5 411 413.4 410 415.6 418.8 423.6 431.5 441.1 450.8 458.5 465.7 467.2 463.6 470.1 474 476.6 476.8 475.9 473.4 475.5 477.9 489.1 493.9 496.1 494.6 482 469.5 464.4 470.6 466.2 459.5 454.1 448.5 434
259.4 259.6 259.7 263.4 266.9 270 270.6 270 270.6 271.5 270.6 261.6 269.8 269.3 260.7 260.1 266.2 268.4 277.6 290.9 291.2 290.4 294.6 301.8 305.7 313.3 318.9 325.2 331.9 337.7 343.8 349.7 352.9 358.4 363.9 367.8 374 377.9 384.7 390.3 400.3 407.3 414.5 418.7 420.8 422.4 422.2 424.1 424.4 428.4 434.3 442.7 450.5 454.8 459.6 462.2 464.1 467 473.3 473.6 474.5 473.5 469.8 471.9 473.4 471.8 479.3 485.8 481 472.3 460.5 457 456.4 456.5 453.7 451.6 448.7 434.6
260.4 258.7 259 262.8 268.3 270.3 269.6 270 270.4 267.7 260.7 259.4 259.8 259.2 259.8 265.2 265.7 269.1 275.4 281.6 287.9 292.4 295.6 302.1 307.6 313.8 320.6 327.3 332.1 336.6 342.2 348.2 353 358.8 365.7 370.6 376.2 382.8 389.2 395.4 405.1 413.9 422.4 429.3 435.9 438.7 433.7 433.7 432.3 433.6 439.3 449.4 451 455.2 456 458.3 463.9 466.3 469.3 469.8 467.3 466.5 464.6 463.6 465.6 464.4 463.5 466.7 467.5 461.5 453.6 450 443.6 445.1 448.8 448.6 441.6 433
260.8 258.4 258.5 261.6 266.4 266.1 269.2 270.5 270.1 259.4 258.6 255.7 258.2 259.5 260.4 266.2 264.2 272.5 274.9 277.6 283.7 285.9 295.9 304 308.8 315.1 322 327.7 331.5 337 342.7 348.1 353.4 359.3 365.1 371.9 379.7 386.5 393.7 400.3 409.8 419.6 430.6 438.8 442.7 441.2 443.3 442.5 444 441.8 442.8 450.8 450.1 450.3 453 456.4 459.4 462 461.7 460.6 459.2 458 458 456.8 460.3 458.7 458.1 454 452.5 450.1 446.4 440.9 437 440 445 441.1 435.4 429.6
260.5 258.6 258 257.1 260.9 265.6 269.2 270.8 268.3 257.9 255.5 258.2 259.7 260.3 260.9 261.3 267.5 273 276 280.1 281 282.1 289.3 298.8 310.4 316.9 322.2 327.6 332.4 338.1 344.9 349.6 354.5 360.7 366.9 373.1 382.2 390.7 397.7 402.8 412.4 425.3 438.2 447.1 446.4 447.7 448.9 446.6 448.1 446.9 444.6 446.2 450.8 450.6 449.2 452.2 454.1 454.4 452.9 450.7 451.2 450.6 453.5 451.2 450.1 453 451.7 450 443.9 442.4 439.1 436.3 432.8 433.2 436.1 434.8 428.7 424.2
259.5 257.2 257.5 257.4 260.1 268.1 269.4 269.8 269.7 258.3 257.9 258.9 259.3 259.1 259.7 260.5 265.9 272.6 278 280 281 280.8 288.2 296.6 308.7 316.2 321.6 328.6 335.2 341.8 347 351.5 355.9 362.5 368.6 374.5 383.9 391.5 398.3 406.4 416.5 429.8 442.8 451.8 453.7 454.4 453.3 451.3 453.1 451.5 444.9 447 449.3 447 445.9 442.9 445.6 446.3 444.1 444.5 443.2 442.8 442 443.5 445.4 448.3 447.5 445.1 440.5 435 432.5 430.6 428.2 432.2 429.6 426.5 424.6 422.5
257.5 257.6 257.4 256.8 257.7 266 269.5 268.9 267.8 254.2 257.6 256.9 257.5 257.8 258.9 260 266.8 272.7 273.9 275.7 278.2 280.5 286.8 296 307 315.8 325.3 333.1 338 344.5 349 353.4 358.6 365.2 370.8 376.7 384.7 391.7 401.5 411.8 421.9 434 444.5 454.6 456.1 454.4 453.3 458.2 458.7 449.3 445.8 447.3 446.4 442.7 439.9 438.1 434.6 435.8 435.5 434.9 435.6 433.9 435.7 436.5 442.3 445 444.4 441.1 437.4 430.8 426.5 424.7 423.6 423.9 425.1 421.5 421.8 422
257.8 257.1 257 256.4 257.5 265.7 266.2 269.3 261.4 256.7 255.9 256 256.6 257.6 258.3 262.1 269.6 270.1 270.9 272.6 277.1 284.1 289.6 299.8 307.3 314.7 328.9 335 340.9 345.7 351.1 355.4 361.5 368.1 374.4 380 387.4 394 404.9 416.5 428.1 439.3 450.3 450.9 451.1 451 455.5 458.8 453.2 448.2 444.7 444 439.8 438.2 431.8 430.4 428.1 425.2 426.9 426.5 426.6 426.3 429 430.3 433.1 437.2 440 436.7 431.9 428.4 422.9 420.1 419.8 420.4 419.7 420.8 421.2 422.3
259.4 256.7 256 255.8 258.7 264.8 264 267.9 258.3 255.8 268 258.2 255.9 257.2 258.1 262.9 269 268.8 268.9 272.9 276.5 284 295.3 305 317.1 317.5 324.7 334.7 337.2 344.6 351.6 358 364.6 370.8 377.4 384.6 390.7 398.6 409.4 421.1 432.8 442.9 446.6 447.3 447.4 449.6 454.3 450.4 448.4 446.4 440.9 439.2 436.4 431.7 427.2 421.7 420.6 417.9 416.9 417.2 417 420.2 425.5 425.9 427.1 430.3 431.6 429.2 426.6 424.7 419.3 417 416.6 417.4 418.2 420.4 421.4 424.6
257.3 256.4 255.8 256.3 256.7 261 259 260.6 253.7 254.9 261.2 267.9 262.7 255.9 255.9 262.3 268.4 266.2 267.8 276.1 280.9 295.2 303.4 305.2 319.2 323.7 319.7 327.6 337.8 345.2 353.2 360.8 367.6 373.1 380.4 388.1 394.8 402.5 411.3 425.1 432.7 437.8 442.6 444 445.6 446.7 446.4 447.8 440 437.2 434.4 430.9 425.6 422.6 421.7 417 412.5 411.5 409.1 408.3 411.2 413.9 416.9 420.6 421.9 421.6 423.7 423.2 422.6 421.5 416.6 415.5 415.4 416 417.2 419.2 423.5 427.2
256.7 255.7 256.5 256.6 257.5 258.4 254.6 255 251.5 261.6 268.6 265.1 262.8 257.7 255.9 255.9 264.9 264.2 272.2 280.5 285.4 294.8 307.2 304.1 307.1 317.1 321.1 330.7 337.8 346.4 354.3 361.6 367.5 375.6 383.4 390.7 399.2 403 410.7 418 426.9 433.5 437.8 441.4 443.7 445.1 442.3 436.1 432.9 430.2 429 423.7 416.7 415.7 415.1 412 409 405 404.5 405.9 407.8 411.4 413.7 416.4 417.7 417.8 417.1 417.4 418.6 418 415.6 414.3 414.5 416 419.2 422.5 428.2 431.9
257.6 255.7 257 255.4 256 258.6 254.1 252.7 255.9 265.5 268.8 262.7 257.3 254 254.6 261.6 264.5 265.5 275.6 280.7 287.2 291.4 297.9 301.2 307.8 317.3 325.2 331.7 337.1 345.7 354.3 361.6 367.6 377.1 383 394.4 402.5 405.9 409.8 415.6 423.2 429.3 435.4 441 440.9 439.5 433.4 430.6 427.5 426.5 420.6 414.3 411.1 409.4 408.1 404.7 403.6 403.6 407.9 408.6 410.9 412 412.4 412.2 412.6 414.5 412.1 411.2 410.8 413 411.9 412.4 413.4 415.9 419.6 426.1 431.6 436.9
257.5 256.2 254.6 253.9 257.3 257.1 252.4 251 253.8 262.5 266.5 252.1 252.4 255.7 260 265.7 269.4 272.2 276.7 279 284.3 293.8 296.4 299.9 309.3 318.9 327.9 332.3 338.3 346 354.6 361.5 366.9 375.4 384 395.2 403.3 407.5 409.5 414.8 421.1 427.3 436.2 439.2 438.4 432.2 428.2 425.6 424.4 416.4 412.3 407 404.5 402.5 400.8 398.1 397.8 402.5 408.1 413.5 414.4 414.7 413.6 411.6 411.2 410.8 410.8 409.4 409.5 410.7 410.5 411.4 412.8 416 421 427.9 436.5 440.9
256.8 254.9 255.5 254.7 254 256.9 252.1 252.5 253.3 262.1 252.9 252.5 255.7 258.6 263.2 267.4 271.8 277.6 279.2 279.4 288.7 296 301.6 307.3 315 322.3 329.1 333.1 340.9 348.4 355.7 361.5 367.5 376 386.8 394.7 401.3 408 411.4 416.9 421.1 429 434.4 438.1 436.5 427.2 422.7 419.8 415.6 408.4 404.8 401.3 397.8 394.7 392.8 393.1 396.3 401.8 407.6 412.8 416.4 419.8 419.8 412.3 410.8 410.5 410.9 410.2 409.5 409.6 410.2 410.7 413.1 417.1 422.3 428.6 435.1 444.1
252.6 256.8 259.1 253.2 253 254.2 250.1 252.2 253 256.8 250.7 253.7 262 269.7 270.3 270.8 274.3 278 281.4 286.1 296.9 304.4 310 316.1 322.3 327.9 331.7 338.7 344.9 352 358.2 364.8 371 378.5 385.8 394.3 401.1 406.8 413.4 420.3 426.6 433.5 434.2 434 428.9 424.7 419.2 414.5 408.2 402.8 398.8 395.5 392.5 389.6 389.1 393 395.9 400.6 409 414.1 419.4 424.6 421.9 416.9 412.1 411.2 411.8 411.3 410.2 409.2 409.7 410 414.3 418.2 423.1 430.1 436.3 445
250.3 253 251 249.9 250.5 252.1 251.1 252.6 253.6 250.8 251.9 258.9 267.6 269.9 276.3 279 279.3 281 287 293.9 304.6 317.3 324.8 326.5 330.6 336.4 338.5 346.1 353.3 357.2 366.2 372.7 376 383.8 390.3 397 403.2 408.7 415.2 422.3 431.5 437.7 435.4 428.3 424.5 418.5 412.9 407.7 402.6 397.4 394.1 391 388 386.5 388 390.4 394.9 401.1 408.6 417.4 421.8 424.6 423.1 420.7 417 412.2 412.3 411.8 411 409.3 409.3 410.2 414.3 419.6 424.6 432.3 440.1 447.4
246.5 249.2 249.9 251.1 249.1 249.4 252.2 252.6 250.8 249.1 255.5 262.2 265.9 270.1 278.2 284.5 285.9 292.1 298.2 299.9 313.8 327.9 335.4 338 337.6 344.8 348.6 351.4 357.7 365.3 371.7 379.7 382.4 387.5 393.5 399.5 405.3 411.2 419.3 428.6 433.8 436.8 434 423.6 419.4 412.9 408.1 402.6 396.4 393.1 389.9 386.6 383.8 385.6 387.1 390.9 396.2 402.5 409.3 416.8 422 423.4 423.2 422.2 420.7 413.9 411.9 411.5 410.5 408.7 408.7 409.8 417.9 422.9 428.8 435.6 444 449.6
248.8 253.1 250.2 250.4 251 251.8 250.8 249.7 248.8 257.7 263 266.9 268.4 276.5 282.1 285.6 291.2 296.2 303.3 311.8 324.2 334 334.4 339.1 346.7 353.8 358.2 359.3 365 371.2 378.9 387 393.1 391.9 396.8 401.8 407 412.5 423.3 429.4 435 432.5 430.2 423.2 416.8 409.8 404 398.9 392 388.8 385.7 382.8 380.5 383.9 387.3 392.3 400.5 405.6 413.1 414.6 418.4 421 422.1 419.9 418.9 416.6 412.8 410.1 410 408 408.1 408.3 416.8 426.4 433 439.7 445.9 450.8
254.5 254.1 249.8 250.2 250.7 251 247.8 251.2 255.2 260.2 266.3 267.4 272.3 281.9 290.2 299.4 300 300.3 308.3 318.2 330 334.9 337.9 346.6 354.1 360.4 365.8 366.6 371.7 375.1 383.3 392.3 395.9 396.8 399.9 404.6 410.1 414.3 422.1 429.3 430.1 427.8 424.2 420.3 414.1 407.1 400 395.4 390.6 386.1 382.5 380.2 378.4 380.8 387.3 396.1 401.6 404.2 409.8 414.4 415.4 417.4 419.7 418.7 416.5 416.8 413.7 410.6 408.9 407.7 407.9 408.2 410.5 421.6 432.2 439.1 446 451.7
250.8 251.6 249.4 249.4 247.4 248.7 250.3 252.8 255.3 258.6 265.7 266.3 276.6 286.5 295.4 305.6 314.5 317.6 315.6 323.3 331.9 337.6 346.5 353.2 363.5 367 372.2 369.4 370.4 378.4 386.5 387.4 391.7 397.5 401.1 407.7 414.1 417.4 416.1 422.7 421.3 423.3 421.8 416 410.2 404.1 397.6 392 388 384.4 381 378.3 376.6 377.6 383.7 393.4 399.9 401.8 405.5 410.3 413.5 415.2 415.7 414.7 414.8 414.5 411.7 410.6 408.5 407.6 407.9 408.5 409.9 417.8 428.8 438.5 444.8 452
247.5 247.7 247 247.5 248.4 251.3 252.4 253.5 255.5 260.4 264.1 270 281.8 291.4 299.7 310.8 320.8 327.6 332.1 334 336.8 344.6 350.6 358.3 367.9 374.1 379.9 380.3 367.6 373.9 379.9 383.3 388.7 395.3 398.8 408.6 417.7 419.2 413.2 410 412.7 414.3 414 411.1 406.2 401.6 396.4 390.5 386.8 383.3 380.1 377.4 376 376.1 379.6 386.1 393.3 400.3 403.4 405.7 408.6 411.6 411.4 410.9 413.1 412.1 410.4 409.3 407.7 407.7 409 410.1 412.5 417.2 425.8 438.2 444.6 451.2
248.6 246.3 246.8 248.9 251.2 251.1 250.7 252.5 255.8 261.9 263.3 269.9 280.8 295.4 302.1 314.8 325.1 333.2 338.6 343.2 348.1 352.6 356.4 364.2 374 383.1 387.6 384.3 367.1 366.7 369.3 377.2 385.7 392.3 395 403.3 410.3 412 406.4 405.1 404.4 406.1 405.8 405.4 402.9 398.9 394.8 390.1 386.1 382.8 379.5 376.6 375.3 375.2 379.3 380.9 387.9 395.6 400.6 402.2 404.6 407.6 408 407.6 408 409.1 408.8 408 406.9 408.3 410.5 412.2 415.7 420.9 427.7 437.4 447 451.6
247.8 246.1 246.7 248.5 251.4 250.3 250.4 251.8 255.4 261.2 265.9 269.8 279.4 297.7 307.2 317 330 336.8 343.3 352 358.2 361.8 366.9 371.5 382.3 385.4 384.2 380.1 369.7 363.4 363.6 369.2 375.3 381.1 387.9 393.5 395.5 398.4 400 400.4 399.4 398 397.4 397.1 397.9 396 391.9 388 384.2 381.4 377.1 375.5 374.1 374.1 376.5 380.1 384.2 390.8 395.5 398.8 401.3 403.4 404.6 404.9 405.4 405.8 405.7 405.2 406.3 408.6 411.3 414.3 418.3 425.3 432.6 437.3 445.5 450.6
246.2 246.8 246.7 247.9 250.7 250.6 251.1 256.2 256.3 260.4 264.5 270 282.3 292 307 319.2 329 341 352.6 363.2 371.8 381.3 386.4 377.5 377.8 376.4 374.4 371.2 367.2 362 357.9 359.2 362.6 372.2 377.1 383.8 383.9 388.2 391.8 394.8 394.7 393.2 390 389.4 390.7 390.1 388.6 384.2 381.6 379.8 376.9 373.9 373.5 374.9 377.1 378.8 381 385.9 391.3 394.8 397.9 399.5 401.3 402.7 403.6 404.1 403.3 405 406.7 408.7 412.3 417.4 421.7 429.1 433.9 438.8 444.7 451.3
245.9 248.9 249.4 247.9 249.9 250.3 250.6 258 259.9 259.6 266 271.5 282 291.3 303.4 318.2 330 340.5 354.9 367.8 380.2 394.8 399.1 402.9 384.1 379.3 374.5 365.8 361.8 358.4 354.1 352.8 354.9 356.3 362.2 367.2 373.1 378.9 382.4 385.5 387.4 385.9 384.5 383.3 383 383.5 383.4 382.3 380.7 379.1 376 373.4 373 374.5 376.6 378.2 379.2 383.3 388.7 391.2 394 396.8 398.8 399.8 400.9 402.9 404.5 406.6 408.3 411.1 419.6 420.7 425.4 430.7 434.1 438 444.7 447.9
249.3 249.6 248.9 248.7 248.4 249.7 249.6 256 259.4 259.5 266.2 271.5 279.1 294.2 297.5 311.4 323.8 339 355 368 380.8 395 401.5 402.1 398.4 384.6 377.9 366.8 357.4 353.1 350.5 349.6 350.1 348.9 351.4 356.6 362.7 368 373.3 376.4 377.9 378.7 379.1 378.3 378.2 378.7 379.6 379.8 378.9 377 374.8 373.1 373 374.1 376 377.2 378.8 381.3 385.7 387.7 389.8 392.4 394.8 397.9 402.9 405.6 407.2 408.3 411.7 417 425.9 429.6 430.8 432.1 434.5 437.2 441.1 445.2
249.5 250.4 249.3 247.8 249.5 249 249.1 253.3 256.7 260.8 266.4 272.9 286.3 296.7 301 308.3 323.8 334 346.4 362.4 372.2 385.3 391.8 392.4 390.3 385.7 378.8 369 358.2 351.6 347.1 346.5 346.3 346.3 347.1 347.9 352.1 358.5 362.8 366.3 367.4 368.3 371.2 372.3 373.5 374 374.5 374.6 375.5 375.7 374.2 373 373.7 374.5 375.1 376.1 380.5 384.2 386.9 388.8 390.6 394.1 397.3 400.6 404.6 412.5 416.6 415.7 416.6 422 428.5 432 433.7 433.6 432.3 434 437.5 441.7
249.3 250.8 249.1 249.2 248.5 248.1 253.7 254.2 255.9 260.4 265.9 269.1 279.2 289.7 294.6 305.4 319.6 331.4 341.3 350.5 361.2 366.3 370.7 375.1 379.1 376.6 373.8 367.1 361 352.6 344.8 344.7 345 345.3 345.5 343.2 345.7 350.5 354.7 358.6 359.5 360 362 364.8 367.5 369.2 369.8 370.9 372.8 373.9 374 373 374 375.3 375.9 376.6 380.1 385.2 389 389.6 392.3 397.1 401.1 405.5 412.4 414.2 420.1 424.5 425 428.6 433.7 434.2 433.9 433.5 430.3 431.4 433.5 436
247.4 250.9 248.2 248.1 247.5 249 252.4 254 255.9 258.9 265.8 267.2 269.9 287.5 297.7 306.3 317.4 325.7 334.4 342.2 349 355.7 361.2 366.8 368.9 370.2 366.5 361.7 358.7 354.3 345.5 343.5 343.8 345.8 345.4 345.1 344.6 346.3 351.5 358.8 359.3 355.8 356.5 359 361.3 363.6 366.3 367.2 369.1 371 373.1 373.2 373.1 374.6 375.5 376.3 380.2 386.3 389.8 392.3 396 400.6 406.8 414.2 421.2 427.4 424.2 425.8 429.2 433.6 433.6 434.3 433 430.8 427.2 424.5 426.4 431.1
242.6 247.5 247.9 247.8 247.2 247.2 249.6 252.8 254.2 257.2 263.4 266.5 274 284.9 296 307.3 315.9 324.4 335.2 338.7 345 353 359.1 362.1 365.5 368.5 369.3 360 353.4 351.2 347 343.4 342.5 343.1 343.4 342.4 346.9 345.4 348.8 350.7 352.3 354.5 355.2 356.1 355.6 357 359.6 362.8 365.4 367.3 369.6 366.6 373 374.4 375.2 375.9 382.3 388 392.2 396 399.9 404 410.1 416.7 425.3 432.3 431 428.3 430.8 432.2 430.5 430.8 429.8 426.6 422.2 419.8 419.4 422.6
241.7 241.7 246.4 247.2 246.8 247.2 249.1 250.9 252.9 256.1 265.7 267.2 273.1 282.7 301.2 305.4 313.4 322.4 331.2 338.1 343.6 352.7 358.5 364.3 368.5 367.7 365.9 362.8 354.4 348.8 345.6 342.7 341.2 340.6 341.4 344.5 346.7 348.4 348.7 347.4 350.1 352.4 356.7 355.8 354.2 353.7 354.7 356.7 359.6 363.3 362.5 368.1 371.6 373.4 375.3 377 382.5 389.7 394.6 398.5 403.1 407.5 411.1 415.6 422.1 428.2 432.8 429 425.1 428.8 426.2 425 422.5 421.2 417.6 415.6 415.3 416
241.5 241.2 246.4 247.7 245.4 248.6 250 252.1 252.6 256.8 261.5 268.4 277 282.9 291.7 306.1 314.5 322 327.6 336.9 343.9 353.7 360.8 365.1 367.7 370 369.7 364.9 358.8 351.9 346.1 341.6 340.3 340.2 342 345.6 345.7 349.6 350.9 350.1 349.3 352.5 353 353.7 352.8 352.9 353.9 355.4 356.8 358.9 362.5 366.6 368.3 369.5 371.5 376 381.3 388.1 396.8 403.5 406.7 409.9 413.9 417.4 419 421.2 423.8 425.5 425.6 419.7 420.1 419.4 416.7 415.1 413 412.2 411.4 411
241.3 241.1 241.2 248.8 245.5 251.9 252.4 251.7 253.2 255.5 263.1 270.5 280 286.1 295.3 309.3 316.5 321.4 328.3 336.7 345.2 351.2 361.2 367.1 369.1 373.7 374.5 367 361.6 354.3 348.5 342.2 339.7 339.3 345.4 345.9 344.2 348.8 351.6 354.5 356.4 355.9 356.6 358.6 357.9 354.9 353.8 356.3 357 357 358.6 362.6 364.8 368.5 371.9 376.2 381.3 389.5 396.8 404 408.4 412.7 416.7 419.2 420.3 418.2 417 419.2 419.3 417.9 411.7 412 411.2 410 408 407.2 406.7 406.3
240.3 241.2 241.2 243 244.6 250 251.4 251.4 252.8 254.3 259.7 269.2 280.7 292.8 295.4 308.5 318.1 323.4 331.5 338.1 344.9 354.5 360.9 367 372 377.8 371.7 368.8 363.6 357.1 350 345.9 341.5 337.7 340.8 342.2 344.7 348.1 351.8 358 362.5 363 362.9 367.4 362.9 362.7 359.7 355.8 355.9 356 357.9 360.3 364.4 369.8 373.7 377.9 381.9 389 397.8 401.7 408.2 415.2 416.5 419.3 421.8 418.3 414.2 411.7 411.7 410.6 409.4 408.6 405.5 403.7 403 402.5 402.2 402.1
241.1 240.8 241.9 242.6 245.2 248.4 251.4 251.4 251.4 254.1 263.9 273.8 285.2 294.3 302.7 312.8 322.9 330.6 336.7 343.8 348.7 355.9 364.5 366.9 365.9 375.8 373.5 366.6 360 356.4 353.4 347.4 343.7 338.2 338.5 341.3 345.2 348 351.9 358.9 365.6 371.5 372.4 374.1 372.2 370.3 365.9 360.7 358.3 356.2 357.5 359.3 362 367 373.7 379.7 384.5 387.3 392.3 400 406.7 412.8 415.5 417.1 419.1 416.7 413.1 409.3 405 404.3 404 403.3 403.3 400.7 399.6 398.3 398.2 398.5
