UK/data/ns/ns09_OST50GRID_20230518/NS09.asc
ncols 200
nrows 200
xllcorner 200000
yllcorner 690000
cellsize 50
[rows 70 to 104 of 200, columns 79 to 157 of 200]
107.5 111.5 115.2 120.3 119.5 121.1 122.9 122.5 125.8 130.3 129.2 124.4 137.9 151.7 162.9 183.2 199.2 213.4 226.4 241.7 255.3 263 268.4 277.2 289.3 289.8 286.4 284.3 279.1 272.4 264.8 255.9 244 233 217.9 207.1 183.8 189.8 202.7 210.3 217.9 222.2 227.4 231.8 239.4 243.4 248.5 252.7 260 268.4 273.1 284.2 297.1 308.9 321.8 335.7 349.5 360.3 368.3 378.6 386.7 392.5 396.2 402.3 411.6 417.8 417.9 418.3 422.7 430.7 437.7 439.9 437.3 432.9 427.9 426.9 423.5 419.9 418.6
116 121 125.7 127.9 126.2 125.5 130.1 131.4 132.2 134.2 137.9 131.4 147.1 161.2 170.6 188 204.3 217.7 229.5 246.8 261.5 268.6 274.9 283.3 291.3 296.4 295.2 293.7 288.6 280.8 268.8 256.2 244.2 234.9 219.5 210 198.1 192 201.2 210.4 217.2 222.6 224 232.2 237 241.4 245.7 249 254.7 264.6 274.6 285 297.8 310.8 321.9 333.6 346.1 357.6 366.1 376 384.9 390.6 395.9 400.3 406.6 410.4 410.6 415.5 421.3 429.6 435.3 437.2 434.8 431.1 431 430.7 424.6 424.1 422
125.6 130.9 133.6 134.2 135.5 133.5 136.3 141.2 139.4 141.5 145.2 139.8 157.3 171.2 185.5 198.9 208.1 222.3 233.6 249 265.8 272.3 281.6 290.8 300.3 304.4 302.7 299.3 292.1 284.2 271.5 258 247.6 233 221.9 213.2 205.4 191.2 200.1 209.3 215.7 221.7 224.4 229.3 234.1 239.1 242.2 246.4 252.3 262.3 272.4 284.1 295.3 307.2 320.5 331.3 342.1 351.8 363 371 379.9 387.4 393.3 398.2 401.8 402.8 408.4 415.1 421.8 430.8 437.6 436.2 432.4 432.2 432.4 431.1 429.1 427.2 424
134.2 139.1 140.1 142.5 141.9 142.1 142.8 148.8 144.8 146.4 153.6 152.9 161.2 173.3 186.1 198.6 209.6 221.1 234.4 251.5 263.2 274.1 287.2 301.9 308.5 310.2 311.1 306.2 296.9 287.1 276.4 261.6 247.6 234.6 223.2 214.5 213.1 193.7 200.8 210.8 219.2 222 223.6 227.4 231.5 236.2 236.7 244 251.3 260 269.5 278.3 289.7 303.1 318.6 330.3 340.2 347 358.9 367.1 375.5 382.8 391.2 395.5 398.6 402.3 413 422.8 423.7 430.5 434.2 432 431.8 432.7 434.4 435.8 433.2 431.2 428.3
141.9 145.9 149.2 147.3 147.8 149 150.4 151.1 151.4 152.6 161.1 163.4 166.3 174.3 186.6 200.8 208.5 219 233 246.1 257.9 276.3 292.1 307.8 312.2 316.2 317.9 308.5 300.9 291.6 280.6 264.4 247.8 235.2 223.3 220.2 219.5 193.8 199.4 205.2 215.6 222.6 223.8 227.1 229.5 231.6 235.3 240.4 245 255.8 267 276.2 285.9 299.4 311.6 323.1 333.4 340.2 352.8 361.6 370.1 378.5 387.9 386.5 395.2 400.4 412.2 419.7 424.8 427.2 429.8 430.4 435.7 438.1 437.1 437.2 436.8 434 435.4
152.2 154.1 152.7 153.5 157.1 158.9 157.4 157.7 164.4 165.1 166.8 175.3 175 177.6 191.1 202.9 213.5 222.7 234.9 246.1 257.4 273 292.5 306.5 311 314.7 312.3 308.8 305.5 296.3 284.2 263.8 248.3 237.5 226.7 225.6 222.8 206 213.9 202.7 210.3 214.3 215.1 224.8 226 229.9 234.2 239 242.9 255.6 265.3 272.3 281.2 294.7 304.5 317.8 325.3 337.5 346.9 356.3 366.5 374.6 378.5 384.2 391.2 399 410.6 418.1 422 424.1 428.5 430.9 436.2 440.8 439.2 438.9 439.6 439.6 439.8
156.5 156.9 161.7 166.1 165.2 164.5 164.6 170 174 180.3 180.3 182.2 185.3 184.2 190.5 202.6 216.7 227.9 237.6 247.5 258.5 270.9 282.2 298.4 307.7 310.1 311.1 309 307.5 298.1 280.1 263.8 249.6 239.9 230.8 227.8 224.4 224.6 223.7 216.1 207.3 212.4 223.8 219.3 227.5 228.6 231.6 235.3 239.6 249.2 260.3 267.1 275.4 286.8 297.7 305.6 319.4 328 339.3 347.2 359.9 366.7 376.5 382.1 388.4 399.1 409.5 415.1 419.1 427.5 430.3 431.5 435.9 440.1 441.2 440.7 441.6 441.9 442.8
161.1 166.1 175.7 180.6 174 170.6 174.7 180.8 185.5 188.4 190.9 194.2 192.5 198.1 203.8 203.5 218.7 230.1 238.8 246.6 258 267.7 277 288.3 299.3 308.7 312 310 306 297.7 282.1 264.4 252.8 241.7 235.4 232 228.4 225.5 226.4 215.3 222.3 222.6 225.6 225.7 225.1 227.7 229.8 235.3 239.4 245.6 255.3 261.3 271.4 281 289.5 302 311.1 320.9 333.4 345.4 352.5 365 371.8 378 384.3 396 408.2 412.8 417.6 426.7 428.7 431.7 436.5 441.2 443.3 443 444.7 447.6 445.5
173.2 181.6 187 184 178.3 181.6 186.1 189.2 192 195.4 199.2 199.7 203.4 207 209.9 212.8 211.3 226.4 236 244.7 255 264.5 272.5 280.9 291.1 303.5 310.1 310.6 308 297.6 281.2 265.4 254.7 243.7 238.1 234 231.2 229 228.9 215.7 226.8 227.2 228.4 226.5 221.8 227 229.2 232.5 235.9 241.2 248.9 259.5 266.7 274.5 283.6 294.1 306.8 318.5 329.2 334.8 347.9 359.7 365.6 371.1 379 392.1 404.1 406.6 418.7 424.6 427.2 433.9 436.7 441.6 444.2 446.5 447.8 449 450.2
183.3 188 184.2 183.2 188.5 192.6 195 197.3 202.1 205.1 206.4 209.5 212.2 214.9 217.7 221.4 220.8 229.6 232.9 244.3 252.7 260.9 268.5 277.4 291.2 299.3 305.6 310.2 305.2 294.1 279.7 268.5 256.6 246.5 239 234.5 230.9 232.1 230.6 219.1 228.2 228.9 228.8 227.9 224.9 225.3 229.3 231.7 234 238.2 243.3 252.9 259.9 269.6 275.3 289.3 303.1 313.6 321.4 328.1 342.7 353.6 359.6 368.3 378.1 385.7 394.3 405.8 416.5 422 426.5 432.6 438.8 443.7 446.6 451.3 453.6 455.1 453.8
187.4 184.8 185.5 194.4 199.8 206.3 205 205.7 209.1 212.9 216.4 219 220.8 223.2 226.5 232.3 237.2 234.6 244.3 249.6 255.1 262.7 269.2 279.2 293.4 298.7 301.9 304.7 304.6 292.3 279.9 272.7 261.5 249.9 242.2 237.6 235.9 233.7 226.7 221.2 230 229.4 227.9 227.7 222.7 224.9 228 231.4 233.3 237.1 239 244.3 254.4 263.4 268.9 285.3 293.3 305.5 309.6 324 334 345.3 352.1 367.5 376 381.9 394.1 407.1 411.8 418.4 424 430.6 441.2 444.9 448.5 456.2 464.9 465.6 462.7
180.5 185.4 194.8 203 212.2 217 214.8 216.5 221.4 224.2 227.1 227.7 229 232.6 238.7 244.6 249.7 250.3 251.9 258 265.7 274.5 276.3 279.8 292.8 298.2 300.8 304 302.6 286.7 281.2 275.7 264.5 253.5 244.5 240.6 237.2 231.5 233.1 231.2 231.4 229.9 228.4 226.7 226.3 223 227.7 229.6 231 232.6 234.9 239.5 245.9 254.6 264 279.6 282.3 294.5 303.1 317.7 328.2 339.5 345.4 356.7 364.3 376.1 392.3 401.3 407.4 415 419.7 428.9 441.3 445 451.2 460.7 471.4 474.5 471.4
182.2 190.8 203.6 209.5 219 221.5 222.1 228.2 234.3 235.2 236.2 236.7 239.6 244.9 250.5 257.7 259.3 256.9 258 269.2 278.7 287.4 289.8 290.7 294.7 299 301.6 303.1 293.1 286.1 280.7 277.8 267 257.3 248.2 243.8 238.8 236.7 235.8 233.3 233.2 231.6 230.6 227.7 229.2 229.2 224.9 229 230.9 231 235 238.4 244.1 248.8 256.2 267.8 276.3 287.2 302.6 309.5 322.3 332.3 341.7 352 361.7 371.3 389.3 397.9 404 410.3 416.6 430.7 440.5 445.5 453.6 467.1 472.5 474.8 469.8
191.3 198.3 201.9 211.5 219.1 224.2 228.8 235.3 240.9 241.3 241.7 245.3 254.2 257.9 263.1 265.5 268.4 267 264 275.4 289.6 301.5 307.8 305.7 304.8 303.8 302.1 299.4 293.8 288.3 286.3 280.5 268.2 258.8 251.2 244.3 242.3 240.6 238 236.3 235.1 233.4 232.7 231.1 230.8 232.4 230 229.6 229.5 233.2 233.6 239.5 242 246.7 252.6 257.1 270.8 282.5 294.1 307.7 313.3 320.7 336 347.5 356.9 370.3 383.7 391.2 398.4 406.3 416.6 429 438.2 443.1 454.6 471.7 471 467.5 467.4
200.6 203.9 210.7 215.1 217.3 225.3 231.5 240.2 242.9 244.3 247.5 256.3 263.4 272.5 278.9 278.1 278.6 272 270.4 281.2 295.1 306.3 318.9 319.6 314.9 311.5 307.4 302.1 295.5 295 290.9 280.6 270.6 261.9 255 250.7 248 245.4 240.4 240.2 238.2 236.7 236.1 235 235 235.7 234.7 234.6 233.4 234 233.1 232.5 240.5 244.1 248.5 255.9 264.2 277.3 287.6 297.7 306.2 316.4 330.4 342.1 351.5 365.7 377.7 385.6 393.3 403.1 413.3 423.8 433.2 440.6 454.5 463.8 462.6 459.6 460.4
205.1 209.7 213.5 217.9 224 229.7 223.4 242.5 244.2 247.5 255 263.8 276.5 286.9 291.3 292.1 285.3 277 281.5 284.8 297.3 308.3 320.1 321.2 319.6 314.8 308.9 304.3 305 302.4 293.2 282.6 273.7 261.9 260.6 254.6 251.9 246.2 244.6 243.5 243 242 240.1 240.5 240.6 239.5 238.9 239 239 235.5 236.4 234.3 237.2 240.9 245.4 253.4 258 268.3 279.9 290 298.8 311 322.9 332.3 349.6 362.1 372.1 381.5 388.2 398.4 410 418.9 429.6 438 454.8 457.3 454.2 453.3 451.5
211.7 214.9 221.6 226 235.5 240.8 242.3 238.1 247 253.8 264.4 275.2 285.6 293.8 295 291.2 284.4 286.2 292.4 295.8 296.5 306.1 314.1 316.8 322.4 317 313.2 311.4 309.5 306.6 295.6 284.3 278.4 271.2 264.9 260.2 256.8 254.5 251.7 250.1 252.1 250.5 247.6 246.5 246.1 244 242.7 241.9 242.3 239.8 238.6 239.6 236.7 241.6 245.4 245.7 254.1 265.4 277.4 281.9 293.1 304.2 313.9 329.2 345 355.3 367.7 376.6 383.4 392 403.2 413 425.4 433.4 444.5 450.6 451.8 451.3 443.8
219.5 228.3 231 238.8 248.3 250.1 248.8 249.8 251.6 262.1 272.1 281.1 288.8 293 291.7 290.8 285.1 291.8 297.9 302.8 302.9 304.6 310 318.7 324.2 320.1 320.1 317.6 314 308.5 296.5 289.9 283.3 277 271.4 267.8 260.7 263 260 259.2 260.3 260.7 258 255.8 253.4 250.8 248.4 246.8 246.1 244.2 242.1 241.1 240 237.1 241.6 246 253.4 259.1 270 278.5 291 300.1 310 324.2 338 347.5 360.3 368.6 377.2 386.1 396.7 409.4 417.3 426.2 436.6 437.9 439.8 437.4 432
232.6 237.4 241.9 249.8 255.3 256.9 257.3 252.6 256.4 266.3 274.8 284.2 288.2 290.9 293.5 293.6 290.9 298.3 307.1 308.9 311.7 311.6 314 320.9 327.1 329.1 329.8 323.3 317.3 309 298.1 296.5 290.6 282.8 277 272.6 264.7 273.9 271.1 270.4 272.1 269.2 267.6 264.8 260.7 257.6 254.9 252.9 250.9 248.4 245.6 242.7 243 240.3 241.8 245.4 248 254.6 262.4 276.4 283.3 291.2 305.4 321.9 334.1 343.4 352.6 361.2 371.9 380.9 391.1 404 410.4 417.2 422.6 426.3 427.4 423.9 423.3
241.8 246.6 252.8 259.3 262.7 263.2 263.7 261.1 268.7 273.6 280.1 285.9 289.2 292.7 297 297 300.1 311.6 320.6 327.5 329.5 329.7 328.1 326.4 333.7 337 341.5 336.3 329 317.6 308.5 303.6 297.3 291.1 285.7 278.4 282.5 284.3 283.4 282.2 284.2 281.1 281 278.2 272 266.9 264.4 259.8 257.2 254.5 250.6 247.6 244.4 241.8 240.3 242.8 245.5 248.2 255.7 270.9 279.3 286.7 303.2 313.5 325 333.9 344.9 354.3 366.1 375.4 383.9 393.3 401.4 408.5 412.9 414.5 415.5 414.5 411.6
252 258.3 264 270.4 270.4 273.4 272.4 270.4 275.5 279.4 285.8 290.9 292 296 300.1 301.5 309.4 318.5 329.6 337.7 345.9 348.6 350.3 343.2 337.8 344 348.9 346.6 338.9 330 319.3 313 305.9 297.8 291.9 286.2 292.4 292.8 293.9 295.2 296.8 294.3 294.5 290.8 285.7 280.7 276.7 271.4 265.5 260.1 255.5 252.8 249.3 245.9 246.1 244.6 243.4 246.8 252.3 262.6 271 284.2 296.8 309.2 317 325.9 338.8 350.1 361.2 372 378.1 387.7 397 403.3 407.1 409 409.8 410.4 409
261.6 269.3 277.4 281.3 279.9 284.4 285.2 269.7 282.1 287.8 289.5 293.8 297.4 300.6 303.2 304.2 314.2 325.3 338.6 351.7 362.6 366.5 367.9 362.8 354.2 349.6 353.2 352.2 346.4 337 329.5 322.1 313.3 304.9 298.5 298.2 301.1 303.7 306.5 309.6 311.1 310 309 305.5 299.4 295.5 291.9 285 276 268.5 262.2 258.6 253.4 250 247.1 246.9 243.3 246.2 249.8 254.8 272.9 280.8 291.4 302.9 313.4 322.5 335.7 346.6 358.3 365.8 370.4 381.4 390.5 398.9 405.2 406.1 406.6 407.2 408
271.1 280.2 286.8 291.6 290.1 291.4 288.7 281.3 290.5 297.1 300.5 300.7 303.5 304.9 309.3 312 321.1 333.4 347.5 362.3 374.4 377.3 380.4 377.9 365.6 355.8 357.6 360.3 358.5 344.4 341.5 334.5 323.3 314.3 309.4 309 310.7 314.2 317.7 323.4 327.9 327.2 324.8 320.8 316.6 315 311.8 301.7 287.5 278.7 271.3 263.2 259.1 253.5 251.3 248 245.9 245 248.3 252.1 260.8 274.5 286.6 294.2 306 316.1 329.6 344.1 353.5 360 365.3 376.6 384.6 392.3 398.7 403.4 406.5 399.8 401.2
280.2 288.5 294.2 295.9 296.4 295.7 292.7 293.5 300.9 308.2 307.2 306.8 308.8 310.8 316.3 321.5 327.8 342.6 358.9 369.1 379.6 384.6 390.9 386.5 375.1 367.5 360.9 365.4 365.5 354.4 353.9 346.5 335.6 323.5 316.5 319.1 321.4 326.1 331 336.3 343.6 343.3 338.9 336.1 334.8 331.8 328.9 318.3 298.5 288.2 278.1 269.9 263 257.7 254.2 250.2 248.9 248 247.9 251 262.5 270.7 275.5 282 299.9 315.9 328.1 341.3 352.3 360.2 365.2 372.4 377.3 386.6 393.7 396.9 397.3 395.9 397
288.8 293.3 298.4 299.3 300.5 298.4 287.9 299.6 308.5 312.4 313.2 314.3 310.4 317.9 323 328.7 335.9 352.4 368.8 376.6 387 396.1 399.5 397.7 386.7 379.8 373.5 367.2 365.3 365.7 364.1 357.7 345.3 332.1 326.3 331.2 335 339.3 344.3 349.2 355.1 353.8 352.6 356.6 352.3 346.5 341 330.9 310.8 298.2 286.7 275.9 268.4 261.3 256.6 253.3 251.4 250.9 250.5 251.1 257.5 264.3 271.7 289.4 303.1 312.5 328.2 339.1 347.1 354.8 362.6 372 376.3 382 388.2 392.2 389.9 392.5 396.8
294.9 298.6 300.5 302.4 303.3 302.2 297.1 304.1 310.8 315.2 317.8 321 318 324.4 331.3 337.5 345.6 362.9 378.1 384.4 395.6 405.4 411.6 407.9 398.6 393.5 388.4 379.1 371.1 373.2 374.7 367.7 354.1 343.3 341.6 343.2 347.3 351 358 363.5 370.4 376.2 376.2 377 368.6 359.5 349.9 337.9 318.8 305 291.3 280.9 273.1 266.1 259.2 255.3 252.5 251.3 251.5 252.5 254.6 264.2 274.6 288.6 301.3 312.8 326 337.1 347.8 353.6 360 367.9 376.3 381.1 385.3 389 386.6 389.4 389.7
301.8 303.1 305.5 305.6 306.6 304.1 302.9 309.4 314.9 318 322.7 326 327.4 332.2 338.6 345.9 355 369.6 384.6 391 401.5 411.1 414.1 417.5 413.2 408.4 402.3 388.3 379.2 379.3 381.4 376.1 362.2 354.7 352.7 355.1 358.2 363.5 372 378.5 385.7 393.6 391.9 390.9 382.3 372.7 360.6 345.5 323.2 311.2 298.1 287.2 277.4 268.3 262.7 257 252.6 251.4 250.3 250.9 253 258.9 271.3 283 296.2 308.8 318.7 332.3 345.2 354.2 360.2 367.1 372.2 378.6 383.7 382 383 384.4 384.5
306.6 308.9 308.7 310.7 310.2 305 307.4 314.4 318.7 321.2 326.7 332.5 335.7 338.6 345.3 354.9 360.5 374.8 386.2 396.1 408.5 415 421.8 428.1 427.4 423.4 416 399.7 390.3 383.4 389 381.4 369.6 361.6 361 365.6 370.2 377.5 382.2 390.5 397.2 404.6 400.1 398.8 390.4 381.4 365.6 346.3 333.1 318.7 304.9 292.6 280.7 270.9 264 258 253.7 250.8 249.3 249 250.5 256.6 269.3 284.2 293.5 306.2 319.3 332.2 341.5 349.2 359.2 366.3 369.5 374.7 379.5 382 383.7 386.7 383.5
310 313.3 312.5 313.1 314.3 306.3 310.9 317.1 324.6 325.7 333.4 340.1 343.6 346.4 354.1 362.3 367 376.9 387.6 402.2 417.2 425 432.8 437.4 438.7 434.6 426.7 413 396.8 389.4 389.9 386.7 376.3 372.4 371.8 374.8 381.1 390.8 391.8 398.2 405.6 415 413.9 405.2 395.9 386.6 365.5 352 340.9 325.4 311.3 296.1 285.5 274 265.3 257.6 253.3 250.7 248.9 247.8 248.2 257.1 265.6 280.2 287.6 301.5 317.3 327.3 338.3 347.3 357.3 364.8 367.7 367.7 373.7 379.8 382.5 383.4 382.5
316.4 317.6 315.2 314.7 310.6 310.5 314.6 320.3 327.9 330.5 337.9 347.8 350.4 351.1 360.7 369.7 373.9 378.9 388.3 406.3 419.8 435.2 442.2 444.2 446.5 440.5 434.3 423.3 409.9 399.4 393.9 390.2 383.8 381.6 383.3 384 391.7 402.2 400.8 404.9 410.9 423.2 423 411.4 397.6 384.5 371.7 357.2 343.4 330 315.3 297.9 284.9 274.7 264.8 257.7 252.3 249.6 248.2 247.5 245.4 250.8 261.3 276.2 285.5 301.2 312.1 324.7 335.3 345.7 354.1 359.8 361.6 369.5 372 377 378.4 381.7 382.2
320.8 322.2 320.6 313.9 310.9 314.3 317 324.2 328.6 333.4 340 350.5 353.8 357.7 367.1 375.7 381.7 383.8 395.8 412.9 426.2 440.5 448 448.9 449.8 446.7 437.8 431.4 416.7 411.6 404.1 395.2 395.7 392.6 394.2 395 401.2 408.7 405.2 408.7 413.3 425.8 431.7 413.7 398.2 389.2 376.2 361.7 346.2 333.3 316.8 299.4 286.9 275 265.5 256.6 251.8 247.5 246.7 245.1 246.1 258 262.9 272 282.8 295.7 311.8 323.7 333 343.3 351.6 354.7 359.6 364.3 368.9 374.2 376.8 379.4 382.2
325.6 326.6 323 314.7 313.5 316.7 317.5 323.2 327.6 336.1 346.1 350.8 360 363.3 372 380.3 389.9 394 402.4 414.5 428.4 441.5 448.7 450.4 451.1 448.4 441.4 434.5 425.8 423 412.9 405.7 403 398.3 402.6 401.9 404.9 408.3 410.1 411.2 416.1 427 428.4 410.9 405.6 393.7 378.7 363 349.1 336.5 317.6 298.2 285.1 273.8 264.3 257.3 248.8 246.2 245.1 243.4 244.7 253.6 261.5 267.7 278.4 293.2 309.5 319 330 340.4 348.2 350.1 357 359.5 365.5 369.9 374.2 376.4 378.3
332.7 329.8 318.2 313.2 315.1 319.3 323.4 331.6 336.1 341.5 347 354.2 362.3 372 378.6 386 395.4 401.4 409.2 423.3 435.1 444.9 452.4 453.2 454.3 449.2 443.8 435.7 424.8 434 421 413.9 410.3 406.5 408.7 407.9 410.5 416 417.7 419.4 418.6 424.3 425.3 417.5 410.7 397 380 363.6 348.1 334.8 316 297.5 284.3 273 262.8 256 247.7 244.7 243 242.2 240.6 251.7 256.3 265.7 276.2 293.2 308.7 319.2 329 339.1 341 350 352.4 359.2 363.9 369.1 371.9 373.7 375.5
334.8 331.7 314.7 312 318 322.6 327 336.6 344.2 348.6 357.6 362.4 364.7 377.4 382.9 390.1 401.8 412.7 419.9 429.1 443.7 451.1 454.8 456.1 457.5 455.1 448.9 439.6 436.3 442 427.6 425 419.3 414.2 415.3 415.1 420.1 427.2 427.1 428.3 427 431.8 433.2 425.9 416.3 402 383.8 363.1 346.2 330.2 314.4 297 283.8 272.6 261.7 251.7 246.3 243.1 240.7 240.1 238.4 249.1 255.6 264.5 278.8 296.2 306.3 314.6 324.2 335.4 341.2 344.7 351.7 356.5 362.6 365.4 370 371.7 377
336.2 329.5 308.7 311.8 317.3 323.5 330.1 345.5 348.8 350.6 360.7 366.5 367.5 376.9 388.1 395.5 406.9 420.3 425.1 438.1 448.2 456.3 461.2 460.3 463.8 457.7 452.2 442.9 443.8 446.9 433.3 433.9 426.1 421.6 420.4 420.1 426.3 433.6 434.6 435.5 436.9 440.1 438.6 430.6 418.1 400.7 383.2 358.4 341.3 325.6 309.3 296 283.4 271.2 260 250.7 244.8 239.9 237.2 234.1 242 246.6 252.6 262 277.4 291.7 303.3 311.9 319.2 330.6 334.1 342.6 352 357.2 359.6 363.1 367.1 368.9 369.9
