WholeMapElevations/data/sn/sn74_OST50GRID_20230518/SN74.asc
ncols 200
nrows 200
xllcorner 270000
yllcorner 240000
cellsize 50
[rows 105 to 139 of 200, columns 78 to 155 of 200]
427.6 423.8 421.3 416 411.2 409.7 405.2 402.7 403.1 400.6 390.7 384.7 385.8 388.8 390.4 388.6 387.8 387.6 388.6 390.9 393.5 394.8 395.9 398.2 400.1 401.7 403.1 404.8 406.6 405.6 403 399.7 396 391.2 386.3 382.3 382.3 375.3 371.4 364.7 359 352 338.5 314.7 287 263.8 243.3 226.9 215.8 205.8 197.1 189.3 178 163.1 146.4 129.7 112.7 116.6 117.8 118 117.3 118.4 124.3 131.3 139.6 145.6 148.4 148.5 148.3 149.5 149.8 149.9 149.8 149.6 149.9 148.1 146.3 148.2
423.8 421.6 415.6 409.5 407.9 406.1 403.4 402.4 403.1 400.1 396.6 396.1 397.6 398.1 395.9 391.8 390.7 390.6 391.7 393.2 394.7 395.6 396.6 398.9 400.8 402.8 405.8 407.8 406.8 404.1 401.9 398.9 396.9 392 389.6 384.6 380.3 375 371.5 365.5 364.8 357.1 348.5 334.4 309.8 287.6 272.7 260.1 246.3 235.5 225.6 207.6 198.1 187 167.1 148.8 130 118.6 112.8 116.1 116.7 116.5 116.3 121.2 127.3 132.1 135.7 137.2 138.9 140.6 142.2 142.8 142.4 143.2 142.1 141.7 146.7 150.6
418.7 413.8 409.3 405 403.8 402.1 400.5 402.8 402.3 400 399.4 399.1 399.5 397.9 394.8 393 392.7 393.1 393.7 393.9 394.3 395.5 397.3 399.1 401 403.3 405.2 406.1 403.8 402.6 399.5 396.4 394.8 392.3 391.1 386.9 383.9 381 373.9 370 365.8 360.4 355 350.1 336.5 312.7 296.9 286.5 277.2 260.7 239.6 214.7 207.4 197.2 185.1 165.9 146.8 128.3 120.1 114.2 111.8 114.8 115.2 115.6 119.5 123.8 128.5 130.8 133.8 136 137.4 138.2 139.4 138.4 140.5 147.1 152.5 159.2
412.9 409.2 404.5 400.9 397 395.7 395.5 398.4 399.9 398.3 396.7 397.7 396.3 394.6 392.9 392.3 392.5 393.2 393.2 392.3 393.4 394.6 396.6 398.8 400.8 402.7 403.1 403.1 401.1 399.8 396.1 394.3 393 391.1 390.2 387.3 385.2 383.5 379.9 376.1 372.2 366.5 361.1 354.5 348.8 340.5 325.5 313.2 296 270.6 242.1 217.9 200.1 189 173.7 160.9 148.3 133.2 126.5 121.5 118.5 118.4 117.5 116.2 111.8 117.8 121.2 123.6 127.4 130.5 134.1 135.3 135.1 134.4 145.6 151.9 161.3 171.3
412.4 408 401.8 397.4 394.1 391.6 390.4 392.1 393.5 391.9 391.8 393.8 390.1 389.5 390.5 390.1 390.2 390.2 389.8 390.3 391.5 393.8 395.9 398.1 400 400.8 400.5 399.2 399.1 397.1 395 394 392 390.4 389.4 389.4 389.9 388.2 384.4 380.3 376.3 370.8 364.8 358.1 353.6 351.6 346.8 328.8 302.8 271.4 238.5 212.6 191.7 172.4 157.5 148 139.4 132.2 128.2 122.3 120.1 118.3 118.1 117.3 115.1 115.7 117.3 117.8 119.7 124.9 128.7 128.8 128.9 138.3 148.1 159.4 171.7 184.8
412.3 408.3 404.4 400.5 396.6 393.2 389.6 386.3 386.7 386.5 387.9 385.5 384.6 384.2 384.4 384.3 384.9 385.3 385.5 386.9 389.9 393.4 395.8 397.2 398.6 398.3 397.1 396.7 395.8 394.5 392.5 391.8 389.4 388 388 389.9 390.6 388.6 385.4 381.3 377.6 372.1 367.3 362.3 356.7 353.9 349.2 331.5 300.2 266 233.2 207.8 185.2 167.4 158.3 149.7 142.2 135.4 130.2 122.8 120.2 119 118.3 118.7 115.6 111.8 116.1 117.3 117.8 119.6 123.2 125.2 132.3 141.3 150.9 165.5 181.1 196.6
413 409.6 405.6 401.6 397.6 394.6 391.3 387 383 382.4 380.1 378.5 377.8 378 377.6 377.7 378.8 379.8 381.1 384.2 388.1 392.7 395.3 396.4 395.8 395.3 393.9 393.8 392.8 391.2 389.8 388.2 386.8 384.8 385.9 388.2 387.3 385.9 383.7 380.9 376.5 371.8 366.2 361.5 357.5 351.2 343.1 328.1 296.2 258.6 227.4 202.9 183.2 176 162.9 151.7 144.7 138.7 131.5 123.8 120 119.5 119.6 119.8 116.7 112 115 117 118 119.7 121.7 125.3 132 141.4 153 170.4 188.6 205
413.2 410.3 406.1 402.6 398.4 394.9 391.5 387.9 384.8 383 381.7 380.8 377.3 371.5 370.8 371.9 373 374.5 377.1 380.6 385.6 390.1 392.7 393.2 392.3 391.5 391 390.8 390 387.9 386.5 384.4 382.7 380.6 382.5 385.6 386.5 384.1 381.4 380 376.8 372.1 366.1 358.9 354.4 345.1 333.7 320.6 289.3 250.2 221.1 200 193 183.8 167.4 153.2 144.3 139.1 133.9 126.4 120.1 119.1 119.5 119.9 118.1 111.2 114.6 116.8 117.8 118.7 120.1 123.7 127.8 140.3 153.6 172.9 191.3 208.5
413.2 409.8 406.2 402.8 398.8 395.5 392.9 390.3 387 384.1 381.9 378.9 375.7 371.5 368.2 367.8 368.4 368.9 371.5 377 381.2 385 389.4 390.5 388.9 388.5 388.5 388.3 387.3 384.6 381.9 379.7 377 377.1 379 380.6 382.4 381.1 379.1 376 373.6 369.7 365.4 357.1 346.1 326.6 303 285.7 268.8 240.1 216.4 210.8 208.4 192.9 172.3 155.9 144 138.4 135.2 131.9 122.5 119.2 119.5 119.4 118.3 112.8 114 115.8 116.7 117.5 119 122.2 128.7 139.3 151.9 171.1 189 207
412 408.8 406 402.3 400.2 398.5 396.2 392.7 388.2 383.8 380.2 377.2 375.5 373 370.9 367.1 365.4 364.3 367.6 373.4 376.1 380.3 384.6 386.1 385.4 385.6 385.9 385.7 384.2 381.3 378.6 374.4 372.7 374 375.2 376.6 377.6 377.2 376.4 373.4 370.6 366.6 361.7 355.1 341.4 310.6 281.7 258.8 243.5 230.6 223.2 224.4 216.7 197.8 179.5 163.9 149.3 140.5 136.2 132.7 125.6 119 119.2 118.9 118.1 113.8 113.3 115.1 115.8 116.4 117.5 121.4 127.9 135.9 148.6 165.6 183.8 203.1
411.9 409.3 406.9 404.7 403 401.4 398.7 394.8 389.4 385.1 384.2 383.3 381.3 379.4 379.1 376.6 370.7 366.5 362.4 366.6 369.8 373.9 378.8 379.9 381.8 383.1 384.2 383.2 381.2 378.6 376.1 371.4 368.3 370.4 371.8 373.2 374.2 374 373.3 371.6 369.4 366.2 360.1 354.6 346.7 328.4 304.8 284 263 246.7 242.6 240.1 233.4 217.2 199.8 182.9 163.3 147.6 138.3 133.4 128 121.1 119 118.7 118.3 117.1 114.1 113.7 116.1 116 116.6 119.1 122.7 129.2 140.6 155.8 175 193.5
413 410.9 409.3 407.8 406.1 404 400.6 394.4 390.8 391.5 392.1 391.8 389.6 389.2 388 384.2 382.7 378.2 364.7 359.4 362.1 367.6 371.7 373.7 377 379.7 382.1 379.7 378.3 376.3 373.8 369 364.7 367.3 370.7 374.7 376.6 374.7 373.7 372.8 369.3 364.1 358.7 353.7 346.5 337.8 324.8 310.4 292.6 276.8 270.2 267.3 257.8 241.1 221.6 201.8 180.7 161.6 144.6 136.1 130.5 122.9 119 118.5 118.2 118 114.1 113.2 114.8 115.4 115.7 116.4 116.5 121.4 130.8 146 163.7 181.3
414.8 413.4 412.6 411.1 408.7 404.8 399.5 397.5 398.2 399 399.1 398.7 398.3 397 393.2 391.6 390.2 382.6 371.7 357.4 352.8 360.7 364.5 366.8 370.4 374.3 376.5 376.7 374.4 372.9 371.3 366.4 360.3 365 369.8 373.8 375.2 375.2 374 372.9 368.7 361.5 358.8 355.7 348 341.7 331.7 322.1 313.8 305.5 298.5 286.5 278.7 265.9 246.2 222.8 201.9 179.2 160.4 146.7 136.3 128.1 121.5 120.8 119.9 118.6 114.2 112.9 112.5 114.6 115.1 115.5 115 116.7 123.6 136.9 153.6 169.1
416.4 415.9 415.2 413.4 410.9 406.7 404.9 405.3 405 405.7 405.9 405.7 405.6 402.9 402.1 398.5 392.4 384.1 375.1 365.7 353.7 351.3 356.6 359.4 362.3 365.8 369.8 372.4 372 370.1 368.5 363.7 351.9 362.3 368.4 373 373.6 372.8 372.4 370.8 364.1 357.5 357.5 353.9 344.9 338.8 329.2 323.1 320.9 318.8 307.2 293.2 285.4 276.3 263.1 240.3 222.9 204.5 181.6 165.1 150 135.9 128.1 126 121.7 120.2 117.5 112.3 111.2 113.8 114.7 115.1 114.7 115.4 117.6 126.5 144 158
418.7 418.4 417.9 416.3 413.9 412.9 413.1 412 411.4 412.1 412.2 411.8 410.3 409.4 405.9 400.3 393.9 385.7 378.8 370.4 360.3 347.3 346.3 351.2 355.1 357.8 361.4 365.4 366.4 365.7 363.2 354.8 341.9 360.5 369.1 372.3 371.4 369.2 368.5 363.7 357.2 352.6 354.3 348.6 341.9 334.7 326.6 322.8 321 317.5 306.6 295.2 286.8 278.9 268.3 248.4 243.1 228.2 206.2 183.3 165.4 146.6 133 127.9 126.8 123.7 118.6 112.3 111.5 114.1 114.2 114.4 114.3 115.5 116.1 121.7 135.2 146.6
420.9 420.6 420.3 419 418.7 418.3 417.8 417.2 417.5 418.5 417.6 415.5 414.7 413 407.2 401.5 394.8 387.6 379.3 369.6 358.3 346.4 339 343.9 348.5 350.3 351.9 356.2 358.8 358.8 356.2 338.9 344.1 362.7 369.4 370.8 367.9 365.4 362.8 357.5 350.4 347.8 348.1 339.2 333.6 325.7 320.2 318.6 318.2 314.4 303.8 293.6 286.2 279.6 270.7 256.9 259.8 244.9 219.5 196 175.2 155.7 139.1 130.9 130.1 129 121.8 111.3 111.5 113.4 113.3 113.3 113.8 115.6 114.2 116.2 125.1 135.5
422.8 422.5 422.5 422.7 422.7 422.5 422.3 422.4 422.5 422.1 421.3 419.7 418.2 413.5 408.1 401.3 394.7 388.8 381.1 371.3 358.3 345.9 339.2 334.8 336.8 339 343.5 347.6 348.6 349.7 344.3 328.8 344.7 362.1 367.2 368.2 364 362.1 354.9 349.1 341.4 341.1 336.9 329 323.2 316.9 313.6 313.8 314 310.8 300.2 291.6 285.2 279.7 271.7 264.7 262.4 247.6 223.4 199.6 181.5 162 143.6 135.2 133 131.5 128.8 116.6 111.3 112.5 112.5 112.6 113.8 113.7 113.3 113.2 118.7 125.9
424.2 424.1 424.5 424.8 425 425.1 426.3 426.9 426.8 426.3 424.1 422.2 418.4 414.3 409.2 402.1 394.5 386.9 379.4 365.9 360.8 357.6 352.3 344.9 334.9 327.9 328.1 334.5 337.7 335.5 328.9 326.6 342.4 356.3 360 359.8 352.7 348.6 342.4 333.8 331.8 329.7 323.6 318.9 314.3 308.7 306.2 306.7 308.3 303.8 295.1 289.7 283.8 277.6 270.1 265.3 256.9 237.4 216.8 195.5 180.4 161.4 146 139.8 135.6 131.9 129.4 125.3 118 112.4 112.2 112.1 113.5 113.6 113.3 113.2 113.2 117.4
424.5 425 425.9 426.6 428.6 430.4 430.7 430.6 430.7 428.9 426.6 422.9 419.5 415.8 409.4 401.8 395.2 385.9 377.5 373.2 371.4 368.9 364.5 358.4 350.7 342.3 333.4 321.1 321.6 323.5 319.3 325.1 333.2 340.6 340.4 329.2 317.6 312.3 309.4 309 314.5 312.2 309.1 308.2 303.4 297.4 295.3 298.4 299.9 296.5 291.3 287.4 280.7 274.6 267.8 263 252.7 223.3 199.2 183.5 172.5 158.8 148 144.3 139.5 134 131 129.1 125.2 120.9 117.6 115.6 112.3 113.2 113.1 112.9 113 112.9
424.2 425.9 428.5 431.4 435.1 435.3 433.3 432.5 431.6 429.3 426.6 423.8 420.5 415.8 407.8 400.7 394.2 389.8 386.3 383.6 382.1 376.6 372.5 368.3 362.3 354 343.8 331.9 325.7 317.3 312.3 317.4 320.7 315.1 297.2 282.3 275.5 271.7 270.6 270.2 277.3 284.2 290 292.2 287.2 281.4 283.7 288.5 291.7 291.4 288.7 285.4 279.3 273.4 266.3 263.9 255.6 229.1 193.7 175.5 167.3 160.3 154.7 149.9 145.4 143 142.3 137.1 131.1 127.3 124.7 119.1 114.7 113.2 112.1 112.5 112.5 112.4
424.9 428.1 431.5 435.4 436.9 435.8 433.7 432.4 430.9 428.7 426.5 424.2 420.6 416.6 410.3 404.3 400.5 397.6 394.2 391.1 388.3 383.2 378 374.4 369 361.7 350 344 337.6 327.8 317.6 304.7 290 273.6 256.6 247.8 242.3 239.3 240.3 242.3 248.3 255.6 266.8 270.8 267 264.7 272 281.6 287.3 286.8 283.9 280.7 277 271.1 265.8 264 257.5 237.8 209.1 186.6 173.4 166.2 160.5 155.9 154.5 157.3 157.6 154.5 149.4 138.3 129.9 125.7 120.8 115.5 112.5 111.5 112.1 112.8
427.3 431.6 432.8 434.6 435.2 433.3 431.4 430.3 429 428.2 426.8 424.7 421.4 417.8 413.7 409.8 406.3 402.6 398.6 394.8 391.6 386.5 382.5 377.5 372 364.8 357.5 352.2 347 338.2 329.7 316.8 273.7 237.5 228.8 219.4 213.9 213.8 216.1 219 223.8 231.6 242.6 246.9 247.5 256.7 267.9 276.5 282.3 282.4 279.5 276.9 273.4 268 264.8 263.8 260.8 251.4 228.6 206.4 191.7 181.6 173.2 168.8 168.7 170.9 171.9 171.3 169.9 159.8 147 134.9 126.1 120 117 113.6 111.2 112.4
428.6 430.2 430.4 430.1 428.9 428.1 428.3 428 428.3 427.9 427.1 425.4 422.2 419.3 415 413.1 411.3 406.8 400.6 396.9 394.2 390.1 385.6 380 374 368.4 364.2 358.7 353.1 347.8 338.7 325.4 284.9 234.7 209.6 194.5 189.3 191.1 194.1 197.9 203.7 210.3 218.5 223 235.1 253.9 266.8 273.9 277.7 278 276.7 274 268.1 263.4 263.6 263.7 263.4 261.5 249.9 230.2 216.2 205.5 195.9 189.9 188.2 187.1 188 189 189.1 182.8 168.8 152.7 136.8 125.8 118.8 115.4 112.2 111.1
428 427.7 426.7 425.4 425.9 425.7 426.1 426.9 427.5 427.5 427.3 426 423.3 419.8 415.8 414 411.4 406.2 401.8 398.5 395.4 391.4 387.2 382.2 376.1 370.5 366 364 358.4 352.9 345.8 338.8 317.4 262.7 224.1 200.1 182.5 176.1 177.6 183.2 190.4 192.9 197 204.5 227.3 250.5 264.5 269.7 272.7 274.3 272.8 268 260.9 258.2 262.8 263.6 264.7 264.9 260.5 245.6 229.8 218.7 211.3 205.8 202.6 200.5 200.2 205.7 206.7 201.1 188.2 170.7 152.8 136 122.5 117.1 114.1 111.8
425.3 423.3 421.3 421.9 421.4 422 423.9 425.6 426.5 427.4 427.4 426.2 423.8 419.4 416.5 414 410.3 405.8 401.8 398.5 394.9 391.2 387 381.6 376.7 372.2 366.7 364.1 362.2 355 352.8 348 336.8 293.9 245.2 213.7 191.8 176.8 172.6 174.5 179.4 181.9 184.9 195.5 219.8 244.2 256.6 261.9 266.1 268.9 266.3 258.2 249.6 254.2 260.2 265 266.3 265.8 262 248.5 234.6 224.6 219.3 213.9 209.1 205.3 205.7 212.6 217 214.7 200.1 182.8 159.9 140.3 125.7 116.2 114.8 113
418.7 416.6 415.7 415.7 417.2 420.4 422.9 424.7 426.6 427.7 427.7 426.6 423.8 419.7 416.8 413.2 409.4 405.6 401.7 396.9 393.3 390.4 386.1 380.7 376.6 372.1 366.5 363.1 360.7 356.6 357.7 354 346.4 317.5 266.4 229.6 201.9 182.9 172.1 168.9 169.9 173.1 177.9 187.6 209.5 232.6 245.3 253.2 260 264.1 255.7 241.3 241.3 251.8 260.2 264.8 264.7 263.4 256 243.6 232.8 225 219.4 212.4 206.7 204.6 206.6 210.4 215.1 211.9 194.1 175.8 156.9 140.2 125 115.9 114.8 113.2
410.8 409.1 409.7 412.1 414.9 419.2 421.7 424.6 426.6 428.8 428.9 428.3 423.8 420.1 416.6 411.9 408.3 404.5 399.9 395.6 391.5 387.6 383.6 378.8 375.2 371 366.3 362.5 360.2 357.9 358.4 356.2 354.4 339.8 301.2 249.9 214.7 191.4 176.8 168.6 164.4 165.4 172.1 181.2 198.4 216.8 233.9 246.4 256 255.8 241.1 226.9 236.4 251.3 260.5 263.5 263 261.6 253.6 237 219 215.2 210.7 205.2 201.2 199.4 200.2 199.6 199 192 176.9 163 148.2 134.9 120.4 115.7 114.9 113.1
403.3 403.3 407.3 411.4 414.9 418.3 421 424.9 426.6 428.7 429.2 427.7 423.7 419.3 414.5 410.3 406.3 401.9 397.2 392.4 387.9 384.3 380 375.3 372 368.6 366.8 363 360.3 357.8 359.5 357.4 356.4 346.4 323.6 273.8 232.5 207.1 186.7 172.9 164.5 161.2 166.8 175.3 187.7 206.4 224.5 241 251.7 241.7 226.1 219.3 234 250.5 259 261.7 261.9 262 254.3 236.5 215.4 201.6 197.8 194.9 192.6 190.1 188.3 186 181.7 172.3 159.8 148.7 137.7 128.4 117.8 116.3 115.5 113.9
398.9 404.4 408.8 412.5 415.9 418.8 421 423.2 425.1 427.5 426.9 423.4 421.5 416.1 411.4 406.7 401.9 396.9 392.7 387.9 383.2 379.4 376.4 371.9 368.6 367 365.4 360.7 357.7 356.5 357.6 357.3 355.5 347.1 330.7 299.7 258.2 228.6 202.4 183.6 168.2 160.5 161.2 168.6 178.9 196.8 215.5 233.6 239.4 224.5 212.9 216.1 234.7 249.9 256.4 258.8 261.2 259.2 248.2 233.1 217.5 201 190.1 185.3 182.5 180.3 177.1 174 168.1 157 145.8 137.8 131.5 125 121.2 121.1 120.8 117.7
399.9 405.1 409.6 413.1 416.5 419.4 421.3 422.7 424.2 424.1 422.3 419.4 415.1 410.1 405.2 400.7 395.9 391.3 386.7 381.2 378.2 374.6 371.8 368.1 365.4 364.4 362.5 357.8 356 355.3 355.6 355 353.3 343.7 323.6 296.8 262.8 236.1 212.7 189.4 171.1 161.6 158.3 162.5 171.3 187.5 207.2 223.5 221.4 210.1 207 214.6 233.8 247.2 252.1 256.2 258 251.4 239.7 228.2 214.4 200.1 189.6 181.8 175.1 171.3 166 161.3 155.6 143.4 136.1 131.6 128.1 125.4 128.4 138 144.4 131.3
401.5 407.2 411.4 414.5 417.2 420.2 422 422.5 422.6 420.7 418.8 415.2 409 403.6 397.8 393.1 388.7 383.9 378.4 375.7 372.7 368.8 365.3 362.3 361.5 360.4 358.1 354.2 352.2 351.3 353.1 352 348.9 336.8 309.8 279.2 251.3 228.2 207.9 185 169.6 162.2 159.2 159.8 166.6 180.9 201.5 216 207.5 202.4 203.1 212 227.5 237.3 244.2 251 249.6 243.1 234.2 222.3 210.4 199.4 187.3 178.1 170 164.4 157.1 150.9 144.2 137.7 132.3 129.5 127.7 130.6 138.5 150.4 162.2 158.7
405.5 410.7 413.2 415.7 418.3 420.5 422.2 422.7 421 418.2 414.5 410 403.7 397.2 390.9 385.6 381 375.7 372.5 369.1 365.9 362.1 357.7 355.9 356.3 354.1 351 349.8 348 348.4 350.6 347.3 343.6 322.7 291 264.2 239.4 218 199.5 179 167.7 162 159.4 158.6 164.9 177.9 196.5 204.4 196.7 197.3 200.4 213 228.1 237.9 244.5 249.1 244.7 237.1 226.2 214.8 204.1 193.5 180.9 172.4 164.7 157.9 151.2 145.3 140.4 136.1 132.4 129.3 130.9 138.6 147.8 159.8 172.2 168.7
409.2 412.4 414.6 416.7 418.4 419.8 421 421.1 418.4 414.4 410.6 404.9 398.7 391.2 382.5 376.3 371.8 367.6 365 362.2 358.2 351.1 348.1 347.6 348.3 346.3 345.1 345 343.1 345.9 347.1 344 338 309.7 277.7 252.3 228.7 207.7 190.4 174.8 166.1 161.5 159.1 158.2 164.2 175.1 189.4 190.5 189.1 192.8 200.8 218.7 235.6 241.8 243.9 241.3 233.8 225.4 215.3 205.6 195.3 184.8 173.4 166.4 159.3 152.4 146.2 141.7 137.7 134.5 131 130.2 134.7 141.9 151.6 158.7 160.7 163.9
410.8 413.7 415.6 417.1 418.6 419.6 420.3 419.4 415.6 411.2 405.9 398.8 391.3 381.2 368 365.3 361.5 358.4 357.1 354 348.3 338.2 335.9 338.8 338 338.7 339.8 340.1 338.3 343.1 344.2 340.9 333 302.4 269.8 245.3 223.3 200.8 183.2 171.8 165 160.7 158.3 157.3 163.4 173.3 183.9 184.2 185.6 192 205.1 223.6 237.4 240.6 237.2 228.8 220.6 211.7 202.8 194.6 186.4 176.7 167.3 160.2 153.5 146.9 141.6 138.1 134.6 131.5 129.2 130.8 134.8 141.1 143.6 144.6 144.8 146.2
411.9 414.2 415.9 417.3 419.6 420.5 419.8 418 413.8 408.4 401.4 393 379.9 367.3 351.5 349.7 348.5 347.5 347.7 344.9 339.5 331.9 324.4 328.8 329.6 330.9 333 335.1 335.2 339.4 340.4 337.6 331.7 304.7 269.7 244.8 226.2 203.4 184.7 172.4 164 159.6 157.2 156.3 161.9 170.6 178 179.5 184.5 194.7 210.6 227.3 235.2 235 226 216.4 208.4 200.3 192.2 184.9 176.8 168.2 159.9 153.6 147.7 142.2 137.8 134.6 130.9 128.1 127.3 129.3 131.6 131.5 130.8 129.2 128.6 127.7
