UK/data/so/so37_OST50GRID_20230518/SO37.asc
ncols 200
nrows 200
xllcorner 330000
yllcorner 270000
cellsize 50
[rows 0 to 34 of 200, columns 78 to 155 of 200]
290.2 291.3 288 284.3 280 275.9 272.4 267.3 262.5 257 248.5 244 228.9 230.8 231.8 231.1 234 235.8 239.4 243.5 250.3 255 257.1 255.7 254.5 252.1 249.5 246.3 242.7 239.4 236.4 232.8 227.5 221.8 214.8 204.7 194 181.8 170 163.4 160.2 156.2 153.1 150.4 148.6 147.4 147.7 148.6 148.8 149 150.1 157 167.6 176.4 182 186.1 190.8 196.9 202.8 208 216.1 223.8 231.3 238.6 246.2 254.3 263.5 271.7 277.8 278.7 279.5 278.9 275.3 271.2 264.9 259.2 252.1 245.4
283.7 284 284.6 283.1 280.1 277 273 268.6 264.2 259.6 254.6 248.1 246.9 246.2 243.5 242.5 243.7 242.8 247.4 255.2 262 267.3 267.7 266.3 263.9 261.3 258.5 257.3 253.9 250.6 247.1 244.1 240.1 234.4 228 219.3 208.1 195.9 183.8 174.3 165.5 160.3 155.6 152.5 150.3 148.4 147.7 148.4 149.4 149.1 150.4 156.9 170.1 181.4 189.3 194.5 201.4 208.7 215.5 223.8 233.6 243 250.5 258.6 269 277.5 283.5 286 287.2 287.8 285.6 282.9 278.5 272 265.7 259.4 252.8 246.7
278 279.1 280.5 280.5 279.4 277.4 273.9 270.8 266.6 262.4 258.7 256.1 254.7 253.8 255.1 253.8 254.8 256.4 261 268 273.8 276.2 275.3 275.2 272.8 270 267.5 266.4 264.3 261.1 257.5 253.8 249.8 244.7 238 228.7 219 209.3 197.8 186.8 174.3 165.2 159.4 155.2 152.5 150.4 148.4 148.6 149.8 149.5 150.9 157.2 171.5 184.3 194.4 204 210.9 217.8 227.4 238.7 249.2 257.6 266.4 276.5 285.6 292 291.9 291.1 289.7 286.8 283.5 279.8 274.4 269.4 264.6 258.9 253.5 248.3
273.6 276.3 277.6 278.6 278.8 277 274.7 271.9 268.8 265.2 263.5 262 262.4 264.8 266.6 269 268.2 269.1 274.3 277.1 279.7 280.9 280.5 280.8 279.4 278.8 276.3 273.7 271 268.2 266.1 262.5 257.6 252.7 247.7 238.4 228.3 218.5 208.8 199.3 185.5 170 162.6 157.4 154 151.2 149 149.1 149.5 150 151.3 156 170.8 185.1 197.9 208.8 219.7 225.9 238.3 250.3 261.4 268.8 278.4 289.5 294.3 296.2 294.3 291.6 288.1 282.4 277.9 273.8 269.3 266.3 264.3 261.1 256.3 250.6
269.8 272.3 275.1 276.5 277.6 276.2 275.2 273.2 271.1 269.5 268.8 269.2 271.2 272.9 275.3 276.7 277.6 279.3 280.8 282.3 283.9 285.3 285.2 285.2 285.2 284.5 282.9 280.5 277.6 274.5 271.2 268.2 263.4 257.4 251.8 245.9 237.4 228.5 219.5 206.3 192.8 177.6 165.8 159.1 155.7 152.8 150.6 150.2 151.2 151 150.9 155.2 169.1 183.1 196.7 210.7 222 231.7 245.8 259 268.9 276.6 285.9 294.2 299.8 299.7 293.9 289.7 285.1 278.2 271.8 263.6 260.5 262.3 263.6 265 260.6 254.8
265.5 268.8 271.5 273.8 275.9 276.8 275.7 274.7 273.1 273.7 273.3 276.4 278.2 279.2 280.4 281.6 282.8 284 285.6 287 288.2 289.3 290.7 290.2 289.5 288.9 287.1 284.9 281.1 276.6 273.1 269.7 265.8 260.9 256.2 250.1 243.7 236.6 228.1 215.8 201.5 185.6 171.4 163.8 158.2 154.7 152.7 151.7 151.3 151.2 151.5 154 164.2 178.7 193.8 207.3 220.4 234.1 248.4 263.3 270.3 276.4 283.6 290.7 297.8 298.1 292.8 288.6 281.4 274.5 264.4 252.2 246.3 253.9 260.4 261.9 260.7 254.8
260.2 262.6 267.8 270.4 272.6 274.3 274.9 276.4 276.2 277.2 280.3 283.5 284.4 284.6 285.1 285.9 287.1 288.9 291.2 291.7 292.2 293.4 294.4 294 293.2 292.3 290.2 286.7 282.9 278.4 275.2 271 267.6 264 259.1 253.6 247.2 240.5 231.9 220.8 208.9 190.9 176.1 165.3 159.2 156.8 155 153 152.4 152.1 151.9 153.7 160.4 173.9 189.8 203.6 216.8 232.4 246.1 258.7 266.1 271.3 277.8 288 299.4 294 289 283.4 275.9 268.8 257.9 244.2 230 235.6 252.5 255 253.8 252.7
245.7 254 261.3 265.3 267.8 269.6 272.7 275.2 277.6 281 285.7 288.2 288.5 288.7 289 289.9 290.9 291.8 295.1 295.1 295.6 296.3 296.9 296.3 295.5 294.7 291.7 289.1 285.3 280.8 276.3 272.8 269.7 265.8 261.3 256 249.9 242.7 235.3 224.6 213.8 197.3 180.3 166 160.9 158.1 155.8 154 153.4 152.9 152.6 153 157 168.9 184.1 197.1 210.5 225.5 238.9 251.3 260.1 265.1 271.8 279.9 286.6 285.1 284 276 270.3 265.1 252.3 236 221.1 219.8 233.9 245.5 246.5 246.4
238.4 239.6 247.3 255.1 261.1 263.4 267.2 271.7 278.2 282.7 285 288.9 289.7 290.6 290.8 291.1 292.3 294 295.4 296.4 296.3 296.6 297.6 296.6 295.1 292.8 290.4 288.2 285.6 282.5 278.8 274.7 271 267.2 262.6 257.6 251.1 244.4 237.9 229.1 215.4 198.4 180.7 168.2 164.2 161.5 157.7 155.3 155.4 153.8 153.3 152.9 155.5 161.9 175.9 188.7 200.4 215.1 227.5 240.9 250.6 257.3 262.7 268.2 273.2 274 272.3 271 268.4 262.9 253.5 237.5 223 208.3 214.5 228.4 236.5 238.3
252.8 242.6 233.8 239.9 247 256.1 259.3 265 273 277.3 280.6 284.6 286.9 287.3 288.5 289.8 291.2 291.8 293.6 294 294.7 295.5 296.1 295.2 292.5 290.3 288.2 286.7 284.8 282.2 279 275.7 272.2 268.4 263.9 258.2 252.4 246.3 238.8 231.3 213.9 196.5 186.1 180 175 168.5 161.8 157.5 156.2 155.5 154.6 154.4 155.5 158.8 166.2 178.3 190.4 203.6 214.9 226.8 238.1 247.5 252.9 258.7 262.6 263.6 265.3 267.1 265.5 260.4 254.6 241.9 229 210.9 197.6 205.5 215.8 220.2
262.5 255 246.5 235.2 230.1 240.6 249.2 255.3 263 268.8 273.1 277.3 281.4 283.3 285.3 286.7 287.8 289.1 289.8 290.6 291.6 293.6 294.8 293 290.4 287.6 286 284.9 283.4 281.3 278.7 275.6 272.3 267.4 263.9 258.5 253.3 247.2 239.6 227.6 215.9 207.6 198.3 191.1 177.8 168.7 163.8 159.1 157.6 156 154.9 154.7 156.3 158.6 161.7 169.1 180 190.8 200.3 211 224.3 234.1 243 249.5 250.6 251.9 260.1 263.3 261.5 257.8 253.1 241.6 227.8 211.8 194.8 191.4 194.2 197
265.8 261.5 255.9 247.3 237.2 226.8 233.3 241.5 248 255.4 263.6 268.1 272.8 275.5 278.2 279.1 281 283.1 285.3 286.6 287.5 288.8 290.7 288.8 286.7 283.9 282.4 281.4 280.5 278.7 276.9 274 270.9 266.7 262.6 258.2 253.6 248.2 242 235 225.3 217.5 205.6 191.7 176.4 168.2 164.7 161.4 159.5 157.5 156.1 155.3 156.6 159.3 159.9 163.5 170.5 180.1 188 198.5 209 218.9 229.1 231.8 228.3 247.8 253.6 256.3 254.5 251.9 247.3 240.7 227.4 214.5 203.5 192.7 183.5 180.6
266.4 263.7 260.6 255.1 247.1 236 226.5 226.5 234.4 243.2 249.7 255.7 261.2 265 268 270.8 272.4 276.6 279 279.6 281.1 282.3 284.3 283 281.9 279.3 278.2 277.5 276.8 275.9 273.7 271.8 269.5 266.2 262.1 258.3 254.4 249.7 244.7 238.7 229.3 216 205.6 194.5 185.9 179.6 173.5 167.3 161.8 160 158.5 156.7 156.4 159.2 159.2 161.3 165.5 170.7 178.6 187.8 196.6 206.4 214.1 213.5 221.2 240.5 245.4 248.5 249.9 250.7 247.2 241.7 233.8 225.2 217.9 206.1 193.7 182.5
258.8 259.8 259.1 255 249.2 242.5 234.6 224.2 221.3 229.8 237 243.1 249.3 253.5 257.7 260.4 262.3 266.2 269.1 271.7 273.8 275.3 276.6 275.7 274.8 273.1 273.2 273.2 273.2 272.1 271 269.7 268.5 265.4 262.2 258.7 255.4 251.9 247.2 240.2 230.7 222.4 215 207.8 198.2 194 188 179.7 169.7 163.4 161.4 159.4 156.7 157.2 158.3 159.2 161.4 165.4 171.4 177.8 186.1 194.1 199.6 201.9 219.5 231 237.3 242.7 248.1 252.7 250 243.3 235.9 228.5 221.5 214.8 207.2 199.8
259 251.8 249.3 245.9 240.9 234.3 228.8 226.6 222 217.7 224.6 232.3 238.5 244.6 248.8 251.8 253.6 255.7 258.3 260.9 264.7 267 268.2 267.9 267.6 266.4 267.7 267.6 268.2 268.6 268 267.3 265.9 263.5 261.9 260 257.9 254.4 251.1 245.8 241.5 235.3 227.2 220 212.9 205 197.5 190.2 176.3 167.9 164.9 162.4 158 156.9 157 157.2 159.3 161.6 166.1 170.3 176.1 183.1 189.7 193.5 209.7 219.7 225.8 233.5 239.6 242.4 242.2 237.8 235 229.9 223.4 216 208.1 200.5
259.5 256 254.5 251.2 250.4 248.1 244 240.3 232.4 221.2 214.9 221.1 230.2 234.6 240.4 241 243.9 245.9 246.5 248.6 252.2 256.9 258.5 258.7 258.8 260.1 261.2 262.1 262.8 264.9 264.6 264.4 263.8 262.4 261.8 260.6 259.3 256.6 254 250.6 246.8 242.7 237.7 228.5 221.5 213.9 204.7 197.4 185 173.5 168.9 168.5 164 159 158.5 158.2 157.4 160 162.9 166.5 171.8 175.4 181.9 190.5 198.3 206.1 214.1 222.3 226.2 228.3 231.6 232.7 231.5 229 224.1 217 210.1 204.2
267.3 265.5 263.2 260.7 256.7 253.4 249.6 245.5 239.8 233.2 219.9 214 218.8 221.7 224 224.5 225.6 227.3 230.1 234.9 239.4 243.2 247.5 247.9 250.3 252.6 254 254.2 256.5 259.9 260.8 260.4 260.9 262 261.7 261 260.1 258.2 256.8 254.3 251.2 247.2 243.4 237.7 227.6 219.9 210.3 201.6 185.8 175.5 172.5 170.5 166.6 162.7 160.7 160 158.3 158 160.9 163.8 166.8 169.5 173.5 178.7 185.2 194.6 205.2 209.9 219.7 224.4 226.8 228.2 228.4 226.8 222.9 217.2 210.7 204.8
273.3 269.8 267.4 263.7 259.1 255.8 250.5 246 241.5 234.8 230 222.4 212.8 211.4 211.3 212.3 212.2 213 213.9 217 223.1 227.3 231.8 234 240.4 244.1 245.5 245.1 250.1 253.6 255.1 254.8 259 261.9 262.4 262.9 261.4 260.6 259.7 258 255 251.5 247.1 241.5 233 220.4 208.7 195.8 185.5 179.8 176.7 171.6 168.2 165.4 163.3 162 160.2 158.6 158.8 161.1 162.7 163.6 166.6 170.3 175.8 183.3 189.8 197.5 207.6 213.6 217.5 219.9 224.5 225.1 217.9 213.1 208.1 203.1
275.4 273.2 269.4 264.6 260.4 256.8 251.9 246.5 242.7 237.2 232.6 226.7 218.2 209.2 207.3 206.9 204.7 205 205.3 206.3 207.9 212.3 216.1 219.5 229.1 230.1 231.9 237 242.6 240.7 243.7 252.9 260 262.7 264.4 264.3 264.1 264.2 263.7 262.4 258.6 254.7 250.7 245 238.4 227.3 216.3 207.5 198.6 192.2 185.4 178.7 172.3 168.8 167 165.3 163.1 161.6 160.3 159.6 160.3 161.1 163.2 166.9 170.5 175.1 181.7 190.6 197 201.5 204.3 208.6 212.9 216.7 214.2 209.2 205 201.7
277.2 275.2 269.8 265.5 260.3 254.8 250 244.7 240.9 236.4 230.9 221 212.1 210.5 209.8 208.1 206.8 204.2 201.3 199.8 199.2 202.6 205.2 209.1 216.2 217.6 221.9 232.7 228.2 229.9 246.1 257.1 261.6 263.6 265.3 267.2 268.5 268.5 267.6 264.6 260.7 256.5 252.5 249 244.7 238.4 232 222 213.8 207.6 201.1 195 187.3 181.5 176.5 172.1 168.9 166.1 166.4 164.1 162.1 161.8 162.7 164.5 168 171 175.1 180.8 185.8 191.1 197.2 202.4 206.5 206.2 204.7 203.3 199.9 198.3
275.5 272.5 266.8 261.9 256.3 252 246.7 242.5 240.1 236.2 223.9 213.7 216.4 220.3 220.6 218.4 215 209.7 206.4 202.4 199.1 196.5 199.5 200.1 203.7 207 216.3 218.7 218.8 232.4 248.1 255.8 260.5 263.5 267.4 270.3 272.5 270.8 268.9 265.6 261.1 257.8 256.3 253.5 249.5 244.7 239.9 234.2 229.3 221.8 215.7 209.3 203.6 198.1 191.6 185.7 181.1 177.6 175.4 172.3 167 165.8 165.4 165.6 166.5 168.2 171.1 175.1 179.1 184 189 193.7 197.2 198.9 199.5 198.8 197.6 196.2
272.3 268 263.3 258.6 252.8 248 243.5 240.4 236.8 225.4 218.4 222.5 233.1 235.1 235.5 231 228 221.4 215.9 204.9 203.2 199.7 195.7 194.6 196.9 199.6 205.1 207.6 216.5 230.6 244.4 251.7 256.2 261.5 266.1 272.1 271.8 269.9 267.1 264.6 262.5 261.2 259.9 257.2 254 249.7 246.1 242.1 238.3 233.3 228.3 223 217.3 210.9 204 198.7 194.1 190.5 188 184.9 179.3 175.8 171.7 170.3 169.2 168.9 170.4 172.1 175.1 178.5 182.2 186 188.6 190.4 192.5 193.8 195.3 195.1
270.9 265.5 259.7 253.5 248.4 242.9 237.4 232.8 223.4 221.7 225.9 235.5 242.4 246 245.6 244.3 240.9 233 216 212.4 212.2 207.7 201.2 196.5 193.8 192.9 196.5 201.4 210.4 222.8 233.2 241.8 248.8 253.8 260 266.4 267.2 266.6 265.9 265.5 265.3 264.6 263.5 261.3 258.1 254.5 251.1 248.5 245.4 241.5 237 231.5 225.9 220.2 213.5 208.2 204.6 201.2 197.3 192.9 189.1 185.1 181.2 178.5 175.5 174.3 171.9 170.9 171.8 174.4 178.8 181.4 182.9 184.1 186.4 189.2 190.6 191
265.2 261.6 255.3 245.8 239.6 234.5 227.7 228.1 228 230.6 237.4 245.8 255.8 256.4 255 251.4 245.1 233.5 221.1 225.7 223.3 216 208.4 201.3 196.5 193.5 190.9 194.2 201.2 210.9 220.8 228.7 236.1 243 251 257.1 260.9 262.6 264.1 266.2 267 266.7 265.4 263.6 261.6 258.7 256.5 253.4 250.1 245.3 240.4 236.3 231.9 227.1 220.7 214.2 209.7 206 200.9 197.5 193.5 190.5 187.8 185.4 183.2 181.3 178.9 174.7 172.7 173.7 173.8 177.8 179.4 181.5 183.3 185.2 186.5 187.6
252.1 246.9 241.5 238.6 235.6 233.7 236.2 236.3 236.9 243.5 252.1 262.3 265.2 264.2 261.1 255.9 246.2 231.1 236 240.8 234.6 223.7 217.3 212.1 201.1 196.7 192.7 189.4 190.9 197.8 208.2 215.3 222.3 229 236.4 243.2 248.2 257.6 261.7 264.3 265.4 265.6 263.7 261.1 261.1 261.4 258.9 255.4 251.3 246.6 241.8 238.2 234.3 229.8 224.2 216.5 211.3 205.3 202.3 197.9 195.4 192.5 188.1 188.1 186.8 184.2 181.7 178.6 174.3 174 173 174.1 175.9 177.7 179.7 182.1 183.6 184.7
253.1 252.5 252.5 249 239.5 242.9 245.3 247.7 254.3 262.8 269.2 270.5 270.4 267.2 264 256.3 244.7 246.7 248.7 245.7 240.4 236 230.4 218.6 205.8 201.7 195.4 191.5 187.4 187.9 192.9 201.6 207.6 214.2 219.5 224.7 233.4 243 251.9 256.3 256.8 258.7 256.1 255.2 255.3 255.6 254.6 252.2 248.8 244.8 241 237.5 234.6 231.4 228 220.4 214.2 209 203.1 198 193.5 188.5 186.4 185.3 185.7 184.2 182 180.3 178 176.1 173.4 171 171.1 174.8 177.6 178.5 179 179.1
264.6 260.9 256.1 242.6 246.6 252.2 261.6 267.4 271.7 273.9 274.8 275.3 273.7 270.2 265.6 256 256.2 254.2 252.8 249.1 246.1 240.4 233.3 224.4 220.4 210.4 204.5 195.9 189.5 186 185.2 188.8 192.8 196.8 199.7 209.3 219.3 228.9 237.6 244.3 247.8 249.3 248.7 248.3 248.2 248.3 248.3 245.9 243.3 240.8 237.4 233.8 231.4 229.2 225.9 221 215.3 209.6 204.5 200.6 196.1 191.8 189.4 186.1 181.2 180.3 180.5 178.3 176.6 175 172.8 169.8 168.3 167.9 170.4 169.6 171.7 170.1
266.6 262.3 249.9 249.9 259 269.9 275.3 277.3 278.7 279.3 279.3 278.5 277.1 272.4 266.6 264.5 262.4 258.8 257 253.3 247.6 241.1 236.5 232.1 227.3 222.3 216.1 210.5 201.9 192.7 186.5 184.6 184.9 188.1 190.4 195.2 205.3 214.7 222.9 229.5 233.6 238.9 240 240.5 240.6 240.2 240 237.9 236.4 234.1 232.6 229.8 227.6 225.5 223 218.6 213.7 209.3 203.9 199.8 194.7 189.8 187.5 183.9 181.7 177.2 177.5 176 174 172.5 170.7 169.1 167.8 167 166 165.4 164.4 165.2
265.7 259.2 253.5 263.3 273.1 280.3 283.1 283.7 284 283.6 282.6 280.7 278.7 275.5 272.9 269.8 265.8 261.4 257.2 252.6 250.4 245.8 240.9 236.5 231.9 228 223.3 217.6 209.8 199.8 191.5 186.3 183.8 182.3 184.2 185.9 191.7 201 208.3 214.2 219.4 223.7 227.4 229.4 229 231.1 231.1 229.4 227.3 227.2 225.8 225.1 223.8 221.4 218.9 215.2 210.8 205.4 199.7 193.9 189 185.1 182.1 180.7 178.6 175.2 173.4 172.3 171.2 169.6 168.3 167 166.6 167.8 167.6 168.7 168.3 172.3
254.8 260.4 268.9 279.8 283.7 287.7 288.2 288.8 287.8 287.2 285.9 283.6 281.3 277.6 275 271.1 268 264.7 260.1 257.5 254.3 250 245.5 240.1 234.5 229.5 222.5 214.7 204.4 195.9 191.9 188.6 185.5 183.1 180.8 180.9 183 187 193.9 199.9 204.3 208.6 212.2 214.8 214.9 217.3 219.7 218.5 216.3 216.4 216.9 217.3 216.9 214.7 211.9 208.5 204.3 199 193.5 187.9 183 179.9 177.4 175.5 173.6 172.5 170.6 169.6 168.5 167.3 166.1 165.6 166.1 166.7 168.7 170.6 174.5 177.7
271.3 279.2 286 290.8 292.4 293.3 293.4 293.7 292.8 291.6 289.1 287.6 285.4 282.2 278.8 275.2 271.6 269.4 265.1 261.4 256.9 252.8 248.5 243.1 236.8 229.2 219.7 207.2 200.2 197.7 192.9 188.3 185.5 182.8 180.2 177.7 178.7 181.1 183.1 185.8 189 192.2 196.4 199.1 200.3 202 203.9 205 205.4 206.3 206.9 208.5 208.7 206.3 204 201.2 197.2 192.5 187.2 182 177.2 174.7 172.6 171.8 170.7 169.4 168.2 167.5 166.7 165.6 165.1 165.9 166.5 168.4 171.3 175.4 179 179.9
286.9 293.6 296.4 298.5 298.9 299.9 300.3 299.5 298.2 296.5 293.5 291.5 288.6 285.6 282 279.1 275.9 272.5 268.2 263.8 259.8 255.2 249.7 243.9 234.9 223.5 213.1 217.1 213.6 209.6 204.9 199 192.6 187 182.2 180.2 176.4 177.3 177.6 179.1 180.4 182.1 183.7 185.8 187.4 189.1 191.7 193.9 195.8 197.7 199.6 200.3 200.2 199 196.9 194.1 190.8 186 181 177.2 172.4 170.8 169.6 169 167.7 166.9 166 165.2 165 164.3 165 166.4 168.6 171 174.3 180.3 181.2 180.2
298.9 301.9 303.7 303.7 303.7 304.9 304.8 303.3 301.2 299.4 296.6 294.4 291.2 288.8 285.5 282.4 278.1 273.9 269.9 264.4 259 253 246 234.1 223.2 222.7 229.6 230.3 227.5 224.2 219.4 212.9 206.3 199.4 191.3 185.7 180.3 177.2 174.9 174.4 175.2 175.6 176.7 178 179.4 180.8 183.6 185.9 188.5 190.9 192.4 193.4 193.8 192.9 190.7 188.3 185.5 180.3 175.4 172.1 168.4 167 166.2 166 165.5 164.9 164.3 164.2 163.5 164.5 166.7 169.2 171.4 174 178.5 182.6 183.1 180.8
307 308.9 308.8 308.6 308.6 308.7 307.5 306.1 304.2 302.6 300.6 297.5 294.3 291.6 289 284.8 280.4 275.3 265.2 254.8 250.3 244.5 240 239 236.9 239.2 243.2 242.3 240.2 237.5 232.3 225.9 219.7 211.7 202.9 196 188.9 182.9 178.7 175.5 173 172.1 171.8 172.6 173.8 174.6 176.5 178.9 181.7 184.2 186.2 186.9 187.3 186.5 185.1 182.2 179.2 175.1 171.3 168.9 165.8 164.5 163.7 163.9 163.7 162.8 162 161.9 163.8 166.3 169.6 172 174.6 178.7 183.6 185.7 185.1 181.1
313 313.8 313.2 312.7 312.1 312.2 311.4 309.9 308.6 306.1 304.1 301.5 298.4 296.1 292.4 288.3 283.9 271.5 265.3 266.9 266.3 264 260.6 258.2 255.6 255.6 253.6 252.6 250 246.1 241.7 236.2 230 224.6 215.2 206.4 198.6 192 186.8 181.6 177.7 173.8 171.6 170 168.5 168.6 170.4 171.1 173.1 175.2 177.2 179.3 180 179.7 178.7 177.1 174.6 171.3 168.3 165.5 164 163.1 161.8 161.9 161.7 161.2 160.5 161.9 165 168.3 171.7 175 179.9 186.8 190 188.6 185.6 180.7
