WholeMapElevations/data/nh/nh27_OST50GRID_20230518/NH27.asc
ncols 200
nrows 200
xllcorner 220000
yllcorner 870000
cellsize 50
[rows 140 to 174 of 200, columns 0 to 78 of 200]
559.7 559.7 559.7 559.7 559.7 570.8 586.9 597.9 604.2 606.7 619.9 630 632.9 631.7 627.2 616.3 606.5 604.4 603.9 599.9 595.9 590.7 584.6 579.6 574.9 571.9 579.3 591.2 602.8 625.4 647.3 667.2 703.3 742.6 782.2 812.1 829.9 841.4 853.8 859.2 860.3 856.6 850.6 845.2 837.8 830.9 822.5 815.7 809.8 802.5 788.5 769.3 741.2 713.2 685.1 661.3 639.2 612.2 596.5 587.4 578.8 576.3 565.8 564.9 557.7 555 550.1 546 541 535.4 529.9 526.4 523.6 520.5 520.5 520.5 519.8 521.1 520.4
559.7 559.7 559.7 559.7 572.7 583.7 599.7 606.9 623.2 628.9 634.1 640 644.6 643.7 636.6 627.5 616.4 609.9 609.2 605.3 601.8 596.3 592 587.7 582.5 578.2 585.7 595.5 612.3 627.2 649.2 671.8 708 747.9 791.2 818.5 836.5 850.6 862.4 869 866.2 859.7 851.5 842.8 833.2 820.6 811.9 806.2 798 790.1 773.9 752 725.9 701.3 683.4 661.6 640.2 616.4 604.6 600.2 591 584.4 576.8 569 568.7 570.9 564.2 552.6 545 540.7 537.5 531.4 531.6 524.4 520.1 518.5 518.9 517.6 517.8
575.9 577.2 580.8 587.4 590.4 591.9 609.7 630.4 642.6 649.6 650.1 650.4 653.1 654.4 651.5 639.3 625.9 618.4 615.4 611 607.9 601.5 596.4 593.1 587.8 584.5 591 599.1 614.3 629.4 648.6 677.8 712.6 752.5 794 819.8 839.4 853.8 866.9 871.2 867.8 860.5 849.8 840.3 827.3 812 804.2 794 786.3 777.4 758.5 736.7 715.2 692.2 676.8 661.9 646.5 627.9 616.1 605.4 601.6 591.1 583.5 578 581.4 587.9 580.3 575.3 560.7 551.7 548.8 539 535.7 531.5 525.2 521.9 521.2 519.7 518.5
603.2 607.2 608.2 615.1 616.2 629.1 634.1 644.2 657.2 662.8 670.1 674.1 670.7 669.1 666.2 652.1 640.7 628.8 622.1 616.5 616.4 607.3 601 596.9 591.6 588.3 594.2 602.8 615.5 628.4 646.6 679.4 716.7 755.6 794.9 820.5 840.9 855.6 866.1 871.4 868 860.3 847.5 835 818.5 809 798.3 786.7 777.4 763.6 741.3 725.4 708.8 687.5 677.8 666.2 656.4 634.8 618.7 612 608.9 603.5 595 592.6 598.7 593.5 589.7 587.5 575.9 564.8 551.1 548.2 537.5 535.8 528.8 526 526.2 524.1 521.4
629.9 636.9 644.4 647 638.2 644 654.9 663.2 678.1 674.3 681.6 687 687.7 682.5 676.6 672.1 654.3 636.5 626.1 622.3 616.5 609.9 604.5 600.7 596.7 591.1 595.1 603.1 614.2 628.1 647.4 680.6 715.1 755.9 794.7 821.6 843.5 859.2 869.5 873 868.5 861.4 848.2 832.2 819.5 809.3 794.2 781.8 769 755.3 738.6 725.4 711.4 688.5 682.4 672.7 662.4 641 629.5 618.5 617.2 617.9 618.1 617.6 614.9 609 598.1 591.4 586.8 578.8 560.1 556.2 547.6 540.9 536.6 532.5 532.1 532 527.7
639.6 644.2 653 662.5 663.2 666.1 680.2 690.5 693.7 697.4 701.1 699.8 695.2 692.9 686.8 679.2 674.5 657.7 641 628.7 616 613.1 606 601.6 601.3 594.8 596.4 603 612 627.7 648.3 688.3 716.3 760 802 832.9 850 863.8 872.7 875.9 873 864.4 850.8 836.5 825.6 813.4 792.8 779 770.5 758.7 746.3 732.6 719.7 702.7 692.7 680 671.7 660.1 636.3 627.1 627.2 630.1 633 627.2 623.9 616.7 608.8 600.2 594.3 590.2 573.6 561.4 554.5 548.8 545.6 539.2 537.9 537.6 536.4
657 649.4 655.3 662.2 663.9 670.1 694.8 709.9 712.4 713.8 719.5 720.9 711.3 702.6 695.5 690.2 685.5 671.8 654.4 640 626.4 619.3 610 606.3 604.8 599.5 598.2 603.9 613.6 627.7 651.9 690.3 720.4 761.4 808.8 842.5 858.2 870.4 878.4 880.6 877.1 870.4 856.3 845.6 837.3 825.1 807.2 786 772.9 756.6 753 743.6 730.5 713 705 696.8 689 667.6 648.1 636.2 640 640.2 640.1 635.5 629.2 624.8 620.8 611.5 604.8 599.2 583.4 572.5 562.4 558.5 550.9 550.2 547.7 546 544.9
681.8 664.4 659.7 661.3 666.6 679 711 724.7 732.2 734.5 733.4 736.5 725.1 718.4 707.3 699 695.4 687.2 679.8 655.6 636.8 626.3 618.9 609.4 607.3 604.2 600.5 605.3 614.4 627.2 655.1 693.9 721.7 766 811 845.6 864.5 876.2 884.1 887.2 886.1 878.1 867.7 859 849.6 842.7 834.5 813 793.6 782.5 771.5 763.2 752 742.1 735.1 730.2 720.4 702.8 671.4 647.6 649.9 651.2 649.6 644.7 634.8 632.7 628.8 620.8 612.5 604.7 594.3 580.5 571 567.3 564.1 558.5 558.9 558.5 556.6
705.3 683.1 671.6 667.3 674.6 692 721.6 735.6 743.2 749.5 752.9 749.6 741.1 733.6 718.3 709.6 699.3 702.2 690.8 674 652.3 635.2 623.3 614.5 611.4 609 604.7 606.5 615.8 629.4 656.9 694.4 722 763.1 811.9 852.5 875.1 887.8 891.8 895.5 896.1 893 886.5 877.6 868.9 865.6 860.4 848.7 832.3 820.4 808.6 795.3 784.4 774.2 763.8 753.4 743.1 723.8 688.5 663.3 658.4 658.2 654.3 645.7 642.1 637.1 632.1 626.9 616.4 607.9 597.2 586.4 582 580.6 577.6 572.4 572.4 571.1 570.4
732.8 703 688.2 683.8 692.9 702 724.5 735.4 745.3 756.3 764.2 765.4 760.8 759.7 738.3 722.7 707.9 704.2 698.4 689.8 659.2 643.2 637.5 624.1 616.6 612.1 607.5 611.3 620.9 634.3 661.7 695.2 726.1 766.3 821.9 863.1 891.6 903.3 909.9 918.6 916.6 912.4 906.3 901.5 895 884.8 877.6 872.6 861.5 849.2 842.2 825.8 808.1 792.9 779.6 769.5 758.3 737.8 711.6 685 669.2 661.6 653.9 647.2 642.9 637.6 631.9 627.5 619 609.4 599.1 593.5 594.2 593.4 591.7 589.3 587.4 587.5 586.4
754.6 728.7 703.9 700.5 700.4 711.7 723.9 735.2 747 759.8 772.3 779.6 783 777.8 770.9 753.8 739.5 721.8 707.9 701.7 675.5 655.6 642.6 630.7 624 617.7 611.6 617.9 626.1 642.6 671.2 699.4 733.2 773.8 836.1 875.8 901.7 918.1 935 937.6 933 928.3 926.6 923 917.7 911.1 900.4 892.9 881.8 870.3 859.8 851.2 837 820.3 801.2 780.5 756.2 734.5 707.6 685.3 671.7 661.4 654.6 647.5 641.2 634.6 629.8 623.4 616.8 608.1 602.5 603.7 604.8 605.3 605.2 606.3 605.8 602.7 600.5
787.5 765.3 727.5 715.8 716.3 719 723.4 737.3 750.3 764.2 776.5 790.1 798.1 793.9 786.5 779.2 764 751.8 741.5 720 698.6 675.6 650.9 635.8 628.6 621.1 617 625.8 638.1 661.4 679.4 705.3 748.2 797.8 853.5 879.3 907.7 932.1 946.5 949.5 944.2 941.4 938.3 937.3 932.1 927 917.7 907.8 894.8 880.5 866.3 857 844.3 826.7 799.1 775.9 746.6 724.8 698.9 681.1 666.5 658.4 651.8 644.3 636.8 631.8 625.6 621.1 614.9 612.3 611 611.2 613.3 613.7 615.1 619.8 621.7 622.4 619
804.2 786.3 778.5 746.6 738.6 734 735.9 745.2 755.2 770.9 783.2 802.4 812.9 806.3 799.5 790.5 778.5 764.4 756.4 741.2 721.4 686.5 658 645.1 633.1 630.2 629.2 638.4 658.3 672.5 696.4 727.9 773 825.9 858.7 879.1 908.6 934.1 946.8 948.9 944.1 941.6 941.1 941 939.5 934.1 924.7 914.5 900.2 883.9 868 856.6 842 816.7 790.1 767.5 738.6 715.5 691.7 674.4 662.5 653.6 645 638.1 633 628.6 623.1 622.5 621.1 619.6 621.3 620.4 622 623.7 625.5 629.8 631.8 635 636.2
824.8 806.4 805.9 804.4 796.1 766.5 762.9 768.5 772.8 784 794.5 812.5 817.8 811.4 810.2 793.7 783.8 769.8 760.9 753.7 731 699.7 671.6 660.3 647.1 640 641.9 657.7 676.3 688 720.2 764.8 809.5 855 864.6 880.4 912.6 927.5 934 935.9 934.2 933.7 934.2 935.6 937.1 933.2 925.4 914.4 901.1 883.5 865.3 849.8 830.8 804.2 781.2 758.7 732.5 710.9 690.4 671.5 657.5 647.6 639.3 634.1 629.8 626.1 626.3 626.3 626.9 628.5 628 631.2 633.8 636.4 640.7 646.4 649.1 650 648.9
839 824.5 825.5 827.4 830.4 831 822.3 805.6 807.6 809.9 813.2 818.9 817.8 814.4 811.1 787.5 779.1 766.1 757.7 751 734.8 711.6 679.6 666.2 661.5 657.4 661 683 699.2 725.2 761.6 801.3 840.3 852.5 862.5 884.2 907.7 916.5 921.2 923.6 922.7 921.7 923.2 926.2 928.9 928 923.4 912.8 899.2 881.6 858.1 835.3 816 794.6 774 752.5 727.7 704.7 689.4 669.2 658.7 650.5 643.7 635.1 630.8 630.9 631.4 634.1 635.9 637.5 640 643 649.1 654.1 659.3 664.2 667.4 669.4 665.2
873.3 861.3 850.3 852.7 862.2 869.9 872 867 851.6 843.8 834.1 824.3 822.6 816 799.2 784.3 771.1 762.9 760 756.4 746.8 726.7 699.7 686.5 684.7 687.2 700.2 710.2 736.8 765.7 804.5 845 846.3 845.6 854.6 883.6 894.5 900.9 905.1 907.5 907.5 905.9 908.8 913.6 918.1 920.6 917.8 908.6 893.9 876.2 848.9 824.8 807.2 786.3 768.8 746.6 725 703.4 686 672.9 663 653.4 643.1 638.4 636.7 637 639.6 642.4 645.8 648.7 654.2 661.3 665.4 672.9 679.4 686.7 689.2 688.9 681.2
904.9 895.5 889.1 889.3 896.4 903.9 911.2 914.4 904.9 881.4 847.1 826.5 819.4 811.8 788.6 781 767.9 764.7 761.1 760 752.1 739.9 728.4 721.3 733 738.5 743.1 767.8 785.9 804.7 840.3 849.9 842.9 839.2 848.9 869.6 877 881.9 886.4 888.1 889.3 891.3 894.3 899.1 904.4 909.1 909.1 902.1 891.1 875.9 848 821.4 802.6 781.5 761.7 741.6 721.5 700.6 687.7 676.4 664.8 653.9 647.6 646.1 644.1 644.9 647.7 652.2 656.4 662.7 668.9 677.9 685.1 692.1 699.2 703.8 703.3 700.4 693.7
923.3 927.6 920.9 917.8 922.9 931.6 942.1 950.9 948.4 905.6 863.3 827.3 812.1 804.2 786.7 784.1 771.9 766.5 766.2 766.8 760.4 755.6 747.2 748.2 764.7 778.6 795.3 809 821.8 844.6 856.7 847.7 836.4 828.4 841.6 853.4 859 863.4 868.2 871 873.4 876 879.3 881.9 888.9 895.3 897.7 895.3 887.6 875.3 853.8 823.1 803.1 779.5 760.1 740.6 723 702 689.7 677.6 666 657.7 654.3 652.4 651.7 655.7 658.7 664.3 672 680.1 690.1 700.5 708.8 714.7 717.9 717.9 716.2 709.5 701.1
930.6 947.3 942.6 942.4 950 960.9 968 976.2 957.6 911.9 861.1 822.6 807.8 794.4 785.2 781 771.7 767 767 772.3 777.8 772.5 771.6 776 789.2 804.2 824.2 839.2 860.1 862.6 854.4 842.4 829.1 818.6 828.6 834.5 840 845.2 849.8 852.1 853.9 857.1 861.8 865.9 870.6 877.5 883.9 885.1 881.8 874.4 858.8 829 802.3 780.9 761.5 742.6 724.4 706 693.1 681.4 672.2 666.1 662.7 662.6 666.2 669.8 676.8 685 693.9 705.4 716.5 725.7 731.9 734.9 734.9 730.9 725.7 716 702.4
939.7 969.5 979.6 977.1 983.1 991.2 995.4 994.1 963.2 913.6 846.1 818 808.6 801.1 783.2 784.1 773.6 770.8 775.6 786.1 794.6 799.3 797 817.2 830.6 847.9 869.8 883.6 872.6 860.2 849.2 835 820.1 810.7 811.8 812.6 816.3 822.1 824.9 826.4 828.8 834.3 839.9 848.2 853.2 858.2 866.5 871.1 873 869.9 859.7 841.7 810.3 783.9 765.5 747.5 730.5 712.1 699 688.2 682.5 678.2 675.4 676.1 680.6 686.5 694.9 706.3 718.4 728.2 736.6 743.4 746.4 744.2 740.5 734.8 730.1 718.8 698.2
946.9 980 1006.7 1015.6 1017.9 1023.9 1027.3 1015 964.1 917.5 845.7 817.7 814.4 808.4 788.5 794.3 787 778.4 781.1 798.5 814.4 824.1 842.2 861.9 882.5 898.6 897.8 886.6 872.3 855.3 840.6 822.6 809.3 798.7 791.8 789.4 792.1 793.5 793.6 798.1 797.9 805.2 810.1 823.3 833.7 842 848.9 856.7 861.4 862.1 855.9 840.8 819.1 798.2 772.5 752.1 738 723.8 707.3 698.5 693.1 690.7 691.8 692.6 697.9 706 714.8 725 733 741 745.6 749.5 749.2 744.6 738.1 733.7 725.2 713.3 690.1
947.2 979.8 1011.7 1036.9 1050.5 1059 1062.9 1024.8 956.6 913.1 862.9 829.8 819.6 810 802 802.7 803.4 805.4 811.2 823.7 830 842.9 864.8 890.9 917.1 910.9 898.7 884.9 870.1 848.5 830 811 797.6 784.9 776.8 771.9 768.1 768.1 770.1 768.5 772.9 780.8 785.4 797.7 811.9 824.9 834.7 842.2 848.3 852.8 849.8 842.3 823.7 806.4 787.2 763.3 747.3 733.2 721.3 711.9 706.7 705.3 706.1 709 715.9 723.9 730.6 737.3 745.3 750.1 754 754.8 749.1 739.3 731.6 724.6 714.9 702.1 678.1
942.4 974.9 1008.2 1039.7 1068.2 1085.4 1090.6 1027.5 963.2 916.7 866.1 834.3 815.6 812 815.4 828.3 840 839.6 851.6 860 871.1 888.3 907.4 921.8 918.9 909.5 894.2 879.4 864.8 839.8 819.8 803.9 787.2 774.5 761.1 751.2 748.3 747.6 745.7 744.9 745.5 756.9 764.2 772 788.2 804 817 826.9 834.9 839.5 839.3 835.3 822.4 806.3 793.8 774.3 756.3 744.3 733.3 726.2 721.4 719.8 722.1 725.2 729.5 734.3 740.2 746.4 751 755.6 755.6 751.4 745.5 730.3 721.2 711.2 699.8 683.4 658.6
933.1 967.6 1004 1037.7 1071.4 1096.3 1105.3 1037.4 973.3 932.4 869.7 837.1 817.1 817 832.3 844.8 854.1 865 882.5 900.5 922.8 937.8 942.8 930.7 921.5 906.2 890.8 877.2 858.9 832.5 814.9 801.8 781.5 769.5 756 741.9 737.1 734.1 729.4 728.1 726.2 727.3 737.3 753.3 763.9 782.8 795.4 808.5 817.1 822.9 826.4 824 815.6 801.9 792.8 777.2 762.3 750.7 742.3 737.4 735.5 734.6 733.7 734.5 738.5 741.7 747 750.1 751.8 751.1 748.8 743.9 735.4 713.9 705.7 694.6 680.4 654.1 633.1
928.7 965.7 1000.5 1034.4 1065.9 1090.9 1102.2 1047.7 988.3 944.9 907.2 857.5 835.5 840.9 871 884 892.4 904.2 927.5 942.5 946 944.6 941.8 930.4 920.7 909.3 893.9 878.3 852.4 832.4 817.3 803.3 787.1 768.1 754 739.3 732.8 724 716 709.3 706.4 706.8 711.9 722.7 736.4 753.9 771.3 785.2 795.9 803.8 807.5 807.8 802.7 792.3 785.7 774 762.2 750.8 744.8 741.3 739 737.8 736.7 736.6 739.4 741.2 745.3 747.4 747.6 743.7 738.1 728.9 715 696.5 688.6 677.1 657 622.9 607.9
921.5 962.2 997.7 1028.2 1055.6 1076.9 1087.2 1073.8 1004.6 970.1 942.4 918.3 888.4 887.5 896.3 904.1 912.7 925.3 939.4 938.9 937.9 937.1 934.2 926.2 919 908.1 895.4 878.4 855.1 839.5 824.7 808.8 792.7 775.4 755.4 742.3 730.7 718.7 704.6 694.3 689.2 685.8 680.6 690 707.1 713.1 727.3 755.8 764.7 775 780.6 782.9 780.2 773.6 769.1 760.7 753.1 744.6 739.6 737.4 735.4 733.4 733.6 733.6 735.3 736.2 737.7 737.1 734.5 727.1 717.2 706.4 691.8 679.7 668.4 653 614.8 596.5 582.9
917.4 952.6 986.8 1018.2 1041.3 1060.1 1070.8 1070.6 1058.4 1027.5 991.4 969.1 951.7 922.5 927.9 940.8 940.1 935 930.6 927 925 923.9 920.8 918.5 913.7 904.3 893.4 881.1 867.1 856.9 837.9 817.2 797.5 783.4 766.2 750.3 730.9 713.6 696.4 680 673 663.1 644.2 654.1 664 676 689.8 718.5 735.2 742.2 753.8 755.7 753.2 751.2 747 742 736.4 732.6 728.3 728.4 726.9 724.6 722.6 724.6 726.9 727.3 724.1 720.3 714.6 704.5 693.1 682 663.5 658.3 643.4 619.1 585.1 568.6 563.2
912.3 942 974.2 1004.5 1026 1042.9 1054.2 1055.8 1048.6 1034.7 1010.7 990.6 976.8 965.8 954.6 945.6 934.1 921.8 914.1 908 907.6 908.6 909 908.1 905.3 898.2 888.3 885.2 879.7 866.7 852.7 833 811.7 794 777.6 763.6 738.7 708.2 690.6 664.4 636.5 619.2 611.6 621.9 631.8 652.4 663.6 688.2 697 707.9 720.3 729.3 726.7 725.4 726.6 721.2 718 716.2 713.5 714.6 713.6 711 708.4 710.2 711.8 710 706.3 699.9 694.6 679.9 665.4 647.7 638.3 627.4 614.3 593 565.1 551.6 547.9
907.3 937.1 964.2 988.7 1010.1 1025.4 1037.1 1041.7 1035.7 1022.6 999.4 981.3 965.5 949.6 934.8 924.2 913 897.4 887.5 882.8 884.7 889 891.6 893.8 893.5 889.2 884.7 884.2 881.2 873.7 859.9 845.7 831 814.3 796.5 780.3 748.1 701.1 676.6 643.9 613.8 599 593.7 600.8 613.2 631.1 638.9 661.3 673.7 686.4 695.2 699.6 703.7 701.3 703.7 703.5 703.2 702.9 699.9 700.1 699.1 695.2 692.1 694.9 694.5 691.1 686.7 676.2 663.2 650.3 632.3 617.8 602.9 594.1 585.3 565.1 547.4 537.8 531
900.6 927.7 952.1 973.9 993.4 1009.7 1022.9 1029.7 1023.6 1005.8 979.4 960.6 936.8 918.3 901.1 896.5 889.9 867.1 851 847.6 855.1 861.7 867 873.3 877 876 875.3 878.7 877.3 871.7 863.7 853 841.3 828.4 811.8 788.4 745.2 692.3 656.5 625.5 602.8 592.5 587.4 592.5 601.8 614.6 627.7 645.7 655.6 667.8 674.9 675.7 682.6 681.2 689.2 688.9 690 689.1 686.3 684.7 684.7 682.3 679.1 678.7 673.4 668.7 658.7 642.7 630.3 611.7 603.2 585.1 568.8 566.8 563.1 547 535.5 530.9 524.6
891.3 917.3 940.2 962.5 981.5 997.5 1010.8 1018.1 1011.7 985.3 964.3 944 910.3 887.8 886.2 879.2 859.6 843.6 828.6 827.1 832.4 838.4 842.9 847.3 852.5 853.6 857.4 863.4 865.5 863.5 858 852.5 842.6 830.2 822.9 803.9 742.3 704.2 650.4 619.5 602 589.7 585.5 587.9 594.9 602.4 615.8 633.5 637.5 649.1 655.6 658.2 668 671.5 677.4 676.8 677.7 675.5 673.1 670.5 670.3 668 665.4 661.6 651.9 641.6 632.8 609.9 593.4 584.4 575.6 560.8 555.6 550.1 546.8 536.8 525.1 516.1 511.2
882 907.5 930.4 952.2 970.7 987.5 1001.5 1008.4 1000.8 974.5 952 928.3 887.1 871.5 866.3 862.5 840.7 822 816.4 813.6 813.1 820.3 823.3 827.4 832.2 833.3 831.8 840.3 847.2 849 846.5 841.6 833.9 825.5 819 808.7 785.9 705.8 651.5 617.1 599.6 589.8 585.3 586 590.4 597.7 607.3 620 630.2 639 645.5 652.8 657.4 660.9 662.7 663.7 663.7 661.1 656.5 654.9 653.3 649.2 642.4 632 620.1 608.2 598.4 587.9 566.1 564.3 544.5 538.4 539.9 536.3 531.2 523.8 514 506.7 508
871.5 897.5 921.4 941.7 962.2 979.6 993.9 999.7 992.1 970.3 938.6 903.4 875.3 863.2 853.1 837.7 822.8 812.5 810.7 809.5 810 807.4 809.2 814.3 817.8 817.5 816.7 821.9 825.3 827.6 826.1 826 819.4 814.4 809.7 802.4 780.6 698.2 661 626.9 603.6 589.8 584.4 585.3 587.4 591.8 598.3 608.4 617.8 626.4 634.5 640.3 642.1 644.7 646.5 647 646.6 642.2 636.3 636.4 630.6 625.9 614 603.3 597.6 582.2 572.4 557.5 542.5 538.5 529.8 522.6 523.2 517.9 516.7 512 507.6 501.2 503.4
861.2 890.7 914.5 935.3 954.5 971.9 984.1 988.4 982.9 971.4 942.9 910.1 877.1 861.8 844.7 826.2 813.2 804.2 800.4 802.7 803 802 799.3 801.2 803.6 803.1 800.5 804.2 800.4 805.4 807.9 805.3 800.4 795.5 794.5 788 776 731.2 661.8 633.8 609.2 597.8 585.7 582.6 583.2 584.2 591.7 598.8 603.7 613 619.9 623.5 626.1 627.3 630.8 629.3 626.5 623.1 616.6 612.8 609.5 600.1 590 583.6 577.1 569.4 553.5 537.8 527.2 521.4 508.8 505.7 503.1 503.7 503.6 501.5 499 495.5 497.9
854.1 884.4 907.6 927.1 946.1 962 972.1 976.1 972.6 965.6 951.6 911.8 886 872.9 854.5 825.6 809.4 794.7 789.9 790.4 791.8 793.2 794.6 793.4 793.1 791.5 787.1 784.6 786.5 786.6 789.3 784.4 782 774.6 776.6 769.2 760 741.2 700 647.4 620.6 600.3 585.4 574.2 573.6 573.3 582.2 584.4 587.7 596.7 601 602.6 604.8 608.6 611.2 610.6 607.9 601.8 596.3 594.1 588.9 580.9 571.8 562.4 559.2 549 539.8 523.2 510.6 506 496.9 495.4 492.7 494.4 495.5 493.2 493.9 494.3 496.3
