WholeMapElevations/data/nh/nh45_OST50GRID_20230518/NH45.asc
ncols 200
nrows 200
xllcorner 240000
yllcorner 850000
cellsize 50
[rows 0 to 36 of 200, columns 0 to 83 of 200]
69.6 68.3 66.7 66.1 66.1 66.1 66.1 66.1 66.1 66.1 66.1 66.1 66.1 66.1 66.1 66.1 66.1 66.1 66.1 66.1 66.1 66.1 66.1 66.1 66.1 66.1 69.2 79.9 93 101.1 115.2 126.9 133.7 127.9 121.1 110.8 102.1 94.1 95.3 97.4 101.7 103.3 102.6 107.7 104.6 99 97 95.2 97.3 100.7 106.2 114.2 121.2 131.3 141.8 149.7 154.7 159 141.9 126.5 113.9 103.1 94.9 92.4 93.8 97.1 97.2 99.3 101.6 102.4 104.3 105.6 107.8 109.2 112.4 117.9 118.6 118.4 118.8 118.8 118.1 115.6 113 110.7
74.4 68.8 67.6 66.1 66.1 66.1 66.1 66.1 66.1 66.1 66.1 66.1 66.1 66.1 66.1 66.1 66.1 66.1 66.1 66.1 66.1 66.1 66.1 66.1 66.1 66.1 66.1 68 78.1 91.2 102.7 109.3 111.2 106.7 107.3 103.3 93.7 85.8 82 80.9 85.5 87.9 88.3 91.3 94.7 95.4 90.7 90.8 91.2 91.5 97.6 103.8 112.2 117.8 121.1 131.4 141.5 149.3 130.7 114.5 102.6 96 92.5 92.2 89.9 89.7 90.3 94.4 98.2 101.4 103.5 105.3 106.5 111.7 117.1 117.6 115.6 115 115.1 115.2 113.5 109.6 106.6 104.2
87.7 78.8 68.9 66.9 66.1 66.1 66.1 66.1 66.1 66.1 66.1 66.1 66.1 66.1 66.1 66.1 66.1 66.1 66.1 66.1 66.1 66.1 66.1 66.1 66.1 66.1 66.1 66.1 68.1 79.2 90 95.6 94.9 94.4 94.5 94.2 88.1 82.2 75.2 73.1 75.8 76.7 76.3 77.3 83.3 83.4 85.6 87.4 89 91.3 92.3 96.5 100.1 103.2 105.9 114.6 118.7 124.4 116.7 104.8 94 90.2 90.2 90.4 86.2 85.5 89.9 91.9 97.6 100.9 99.7 100.6 108.2 115.4 115.7 114.8 114 111.2 108 106 105.7 101.9 99.4 100.6
102.6 95.1 84.4 69.7 66.8 66.1 66.1 66.1 66.1 66.1 66.1 66.1 66.1 66.1 66.1 66.1 66.1 66.1 66.1 66.1 66.1 66.1 66.1 66.1 66.1 66.1 66.1 66.1 66.1 68.3 76.7 81.3 84 91.7 94 92.1 85.2 78.7 73.9 72.2 72.3 72.4 73.3 74.6 76.3 80.3 85.4 87.4 89.1 89.7 89.4 90.1 92.7 93.8 97.4 103.3 108.8 112.5 113.9 100.3 91.1 88 84.4 84.3 82 82.6 87.4 89.7 93.3 95.5 97.4 108.5 116.3 116.9 114.4 108.9 109.6 109.9 115.2 113 105 103.4 98.4 96.2
118.8 110.6 101.2 90 76.7 68.8 66.1 66.1 66.1 66.1 66.1 66.1 66.1 66.1 66.1 66.1 66.1 66.1 66.1 66.1 66.1 66.1 66.1 66.1 66.1 66.1 66.1 66.1 66.1 66.1 67.8 71.1 80.1 90.1 93.5 91.6 83.2 75.6 72.7 70.7 70.7 71.1 71.5 72.7 75.1 79 84.4 86.8 88 88.9 88.9 89 90 91.6 94.1 97.2 103.8 103.5 97.6 89.7 89.3 87 83.2 80.4 78.7 81.8 83.2 83.8 91 94 100.7 113.3 117.8 117.8 112.7 105.7 113.1 112.1 108.3 103.2 101.7 99.3 100 95.5
134.5 123.5 115 104.8 92.9 79.2 69.1 66.2 66.1 66.1 66.1 66.1 66.1 66.1 66.1 66.1 66.1 66.1 66.1 66.1 66.1 66.1 66.1 66.1 66.1 66.1 66.1 66.1 66.1 66.1 66.1 69.3 80.6 91 96.6 90 82.6 76.3 71.6 70.3 70 69.9 70.4 73.5 77.7 80.6 85.6 88.1 89.3 89.7 89.4 89.1 89.1 89.9 91.1 91.3 90.5 87.7 85.8 85.3 82.6 78.9 75.9 77.1 77.4 81.3 82.9 81.4 89.3 94.2 100.8 106.3 110.6 105.9 98.2 104.5 105.1 102.8 99 97.1 98 98.7 98.6 95.6
149.9 137.7 127.5 115 106 94.7 82.2 68.8 67 66.1 66.1 66.1 66.1 66.1 66.1 66.1 66.1 66.1 66.1 66.1 66.1 66.1 66.1 66.1 66.1 66.1 66.1 66.1 66.1 66.1 66.1 67.8 79.4 89.1 92.2 83.1 79.2 75.8 71.3 70.1 69.8 69.1 70.7 77.4 81 84.6 87.7 90.2 91.8 92.2 89.9 89.7 89.8 93.5 93.4 86.2 85.5 83 82.6 82.6 81 76.8 71.6 71.4 73.4 75.5 73.4 74.7 82.2 86.7 93.1 96.7 97.6 90 94.5 94.3 93.8 91.6 89.3 91.6 94.6 96.1 95.6 93.2
162.9 149 138.1 126.8 118.3 107.7 100.1 89.3 76.4 68.8 66.7 66.1 66.1 66.1 66.1 66.1 66.1 66.1 66.1 66.1 66.1 66.1 66.1 66.1 66.1 66.1 66.1 66.1 66.1 66.1 66.1 68.1 77.6 86.9 82.9 77.3 76.2 74 69.7 67.9 68.6 71.5 76.4 82.2 87.4 91.9 91.3 93.6 96.3 94.9 90.8 90.6 89.8 88.5 87.2 82.7 81.2 82.6 81.5 79.9 78.3 72.8 71.6 71.4 71.4 72.2 73.5 75.8 82.9 85.9 86.9 86.3 85.2 83.8 84 85.3 84.8 81.9 84.7 85.6 88.3 90.2 90.6 89.5
173 164.3 153.2 145.7 138.1 128.9 119.2 107.9 95.1 80.5 69.6 67 66.1 66.1 66.1 66.1 66.1 66.1 66.1 66.1 66.1 66.1 66.1 66.1 66.1 66.1 66.1 66.1 66.1 66.1 66.1 67.4 72.2 77.2 73.9 71.3 69.7 69.9 68.1 66.1 68.6 73.1 77.6 85 92.3 95.6 92.9 95.4 95.1 91.5 90.5 90.5 88.4 83.7 80.8 78.7 80.7 87.6 83.9 77.5 73.1 68.9 69 69.1 69.6 70.3 71.2 76.7 82 84.5 81.6 95.6 91.7 82.8 82 85.6 78.4 77.1 78.4 79.9 80.2 81.5 84.5 85.7
185.2 178.2 170.8 165 157 148.2 137.3 124.7 112.6 97.9 81.3 70.5 66.1 66.1 66.1 66.1 66.1 66.1 66.1 66.1 66.1 66.1 66.1 66.1 66.1 66.1 66.1 66.1 66.1 66.1 66.1 66.1 70.1 70.7 68.3 66.7 66.1 66.1 66.1 66.1 68.4 74 79.1 85.4 90.2 90.5 91.5 97.1 97.3 90.2 90 89 85.8 81.9 78.9 76.3 79.9 80.9 74.8 72.4 69.4 68.2 67.8 67.7 67.4 67.9 71.3 76.1 79.2 79.2 83 81.7 77.1 78.1 78 77.6 75 74.2 73.2 71.4 71.4 70.9 83.8 79.2
198 190.8 185.5 181.8 176 167.1 156.4 143.6 129.3 112.8 95.3 80.5 69.1 66.1 66.1 66.1 66.1 66.1 66.1 66.1 66.1 66.1 66.1 66.1 66.1 66.1 66.1 66.1 66.1 66.1 66.1 66.1 67.2 68 66.4 66.1 66.1 66.1 66.1 66.1 66.1 70.8 77.4 82.6 84.6 86.1 91.4 99.5 98.3 89.9 88.5 85.5 82.3 78.1 76.7 75.8 75.8 77.1 72.9 70.2 69 67.4 66.8 64.9 65.5 66.7 72.3 73.5 76 75.2 74.2 75.1 73.3 72.7 72.1 72.2 71.8 71 70.4 68.9 68.3 69.2 71.5 72.2
206.4 201.2 199.4 198.5 193.1 185.7 175.1 161.8 146.6 129.6 109.7 94.4 79.5 68.7 66.1 66.1 66.1 66.1 66.1 66.1 66.1 66.1 66.1 66.1 66.1 66.1 66.1 66.1 66.1 66.1 66.1 66.1 66.1 66.1 66.1 66.1 66.1 66.1 66.1 66.1 66.1 66.1 73 75.7 77.9 85.4 90.8 93.7 90.6 86.2 80.6 79.4 78.6 75.8 75.3 73.7 73.9 73.6 72 70.1 68.5 67 65 64.3 64.8 65.5 67.9 69.2 69.4 71.6 71.7 68.8 66.1 65.7 65.1 65.1 65.6 65.4 66.2 69.9 62.7 64.5 63.6 65.5
218.1 215.9 214.3 214.1 208.4 202 191.8 177.2 158.8 144.4 127.6 109.5 94.6 78.3 67.5 66.1 66.1 66.1 66.1 66.1 66.1 66.1 66.1 66.1 66.1 66.1 66.1 66.1 66.1 66.1 66.1 66.1 66.1 66.1 66.1 66.1 66.1 66.1 66.1 66.1 66.1 66.1 66.6 71.7 74.3 81.3 87.8 88.9 84.5 79.1 76 75.2 74.7 77 77.1 74.2 74.4 73.6 71.2 69.5 67.9 66 64.3 64.3 64.3 64.4 64.8 64.3 64.9 65.9 65.4 63.5 63.5 65 65 66 63.8 63.5 63.3 64.7 62.2 62.5 66.6 65.1
234.6 237.1 230.8 230.7 224.9 219.5 204.6 189.3 171.6 158.9 146.8 130.8 113.4 97.8 82.8 68.6 66.1 66.1 66.1 66.1 66.1 66.1 66.1 66.1 66.1 66.1 66.1 66.1 66.1 66.1 66.1 66.1 66.1 66.1 66.1 66.1 66.1 66.1 66.1 66.1 66.1 66.1 66.1 67.1 76 80 83.4 82 78.2 74.2 73.8 73.1 71.6 73.1 72.4 72.1 70.8 69.5 68.3 66.3 64.4 64.3 64.3 64.3 64.3 64.3 64.3 64.3 64.3 63.5 66 70.1 71.8 72.6 67.5 67.9 64.8 65.1 63.5 62 62.9 63.4 64.4 64.2
239.8 243.6 240.4 239.9 234.2 223.1 210.4 198 186.4 172.3 169.7 160.4 139.4 120.8 106.2 90 72.5 67.2 66.1 66.1 66.1 66.1 66.1 66.1 66.1 66.1 66.1 66.1 66.1 66.1 66.1 66.1 66.1 66.1 66.1 66.1 66.1 66.1 66.1 66.1 66.1 66.1 66.1 66.7 73.8 76.4 75.7 75.8 72.9 69.9 68.7 68.2 66.6 64.8 64.8 64.8 65.2 65.4 64.7 64.3 64.3 64.3 64.3 64.3 64.3 64.3 64.3 65 67.2 69.4 69.9 69.7 64.3 64.3 61.1 61.5 64.1 64.3 63.5 61.9 61.8 62.3 61.2 63.6
243.6 243.1 236.2 228.5 225.4 220.6 218.1 212.7 201 185 177.9 181.3 172.4 145.3 126.5 112.3 93.2 77.6 68.4 66.1 66.1 66.1 66.1 66.1 66.1 66.1 66.1 66.1 66.1 66.1 66.1 66.1 66.1 66.1 66.1 66.1 66.1 66.1 66.1 66.1 66.1 67 66.1 66.1 68.3 72.9 72.1 75.2 70.5 68.3 66.6 66 66 66.9 66.6 67.3 66.3 64.3 64.3 64.3 64.3 64.3 64.3 64.3 63.9 64.1 69.3 74.2 76.7 71.5 69.9 67.4 62.4 61 61 61 63.5 63.1 62.9 62.4 61.7 61.4 61.1 62.2
243.6 236.3 230.9 230.6 233.6 238.3 238.4 225 215.3 210.6 195.2 184.6 174.6 164.1 145.9 127.4 109 93.2 78.2 68.8 66.1 66.1 66.1 66.1 66.1 66.1 66.1 66.1 66.1 66.1 66.1 66.1 66.1 66.1 66.1 66.1 66.1 66.1 66.8 68 69.6 68.8 67.8 66.5 67.3 74 71.1 70.4 67 66.4 66.1 66.1 68.9 69.6 70.5 71.1 70.5 65 64.3 64.3 64.3 64.3 64.3 66.5 68.9 71.6 77.6 81.7 74.1 71.1 68.8 66.3 63.3 61 60.9 60.7 61.5 63 62.9 62.9 62.8 61.9 61.1 61.5
255.6 241.5 240.7 239.8 242.6 247.4 245.6 239.9 238.9 242.4 237 244.3 236.6 199.5 186.7 161.2 129.8 107.7 94.5 80.4 69.1 68 66.1 66.1 66.1 66.1 66.1 66.1 66.1 66.1 66.1 66.1 66.1 66.1 66.1 66.1 66.1 66.1 68.9 70.6 71.1 71 72.7 70.6 66.6 67.6 67.8 68.2 66.2 66 69.8 71.5 73.8 74.4 73.7 74 73.1 71.6 70.9 70.3 66.8 67.1 69.5 70.5 70.8 72.7 77.5 74.2 70.1 67.8 65.2 63.7 61.9 61 63 64.2 64 65.8 67.8 69 69 66.3 61.1 61.7
255.9 246.2 249.9 247.2 246.6 246.6 247.1 248.6 249.3 260.5 264.4 269.5 256 227.1 205 194.8 172.1 146.4 121.7 106.6 93.2 83.3 77.5 77 77 68.9 66.1 66.1 66.1 66.1 66.1 66.1 66.1 66.1 66.1 66.1 67.3 70.4 74.3 78 80.3 79.5 76.9 74.9 71.4 66.6 66.6 67.1 66 72.2 75.2 79.4 81 82 80.6 74.8 74.3 74.5 74.5 75 73.6 73.6 74 72.9 72.6 73 73.8 71.1 67.6 66 63.5 61.6 60.8 61.9 64 65.8 66.9 69 67.3 63.4 62.2 61.4 61.1 61.5
262.1 252.7 250.7 249.3 247.6 249.3 253.6 266.3 271.6 275.7 268.3 259.2 246 231.3 213.2 197.8 180 156.2 141.8 128.2 115.4 104.1 98.6 94.5 90.4 84.8 77.3 69 66.9 66.1 66.1 66.4 67 67.3 67.7 69.8 73.8 78.6 83.3 84.7 89.5 87.3 83.3 79.7 76.3 72.3 71.9 73.1 75.8 78.8 83.6 86.5 88.3 91.5 84.5 79.2 77.5 77.3 78.2 78.9 78.8 77.6 77.4 76.1 75.5 74 71.2 67.8 66.9 65.8 62.9 61.2 61 66.5 69 69 69 69 67.7 65.9 60.3 60.3 60.3 59.8
263.9 262.1 258.7 258.4 264 269.1 276.5 279.3 288.4 285.1 268.6 246.1 229 218.3 202.1 189.6 179.4 167.9 157.2 144.6 129.1 119.4 112.2 105.6 99.6 95.2 88.6 81.3 78.3 74.1 71.4 72.5 74.7 77 79.8 80 83.8 91.4 97.5 101.1 102.1 100 93.6 85.9 81.8 80.5 82.5 84.3 87.3 88.5 91.1 91.7 91.5 89 86.7 85.6 82.9 81.1 80.2 80.1 80 79.4 79.5 78.1 76.7 73.9 72.8 71.4 71.1 68.7 66.7 64.5 61.1 60.6 60.5 61.9 61 60.1 59.8 59.8 59.8 60 60 59.8
269.4 271.2 270.8 275.4 278.3 286.1 291.2 290 287.8 274 261.1 237.3 232.7 224.5 209.5 196.1 188.5 179.4 170.4 157.2 142.7 131.4 120.8 108.9 105 101.4 100.2 99.3 95.1 93 91.3 91.3 92.6 92.9 94.5 96.6 103.2 108.7 112 113.3 112.7 109.5 104.7 97.1 92.6 89.7 93 95.2 96.5 98.1 96.9 95.8 92.9 90.1 88.4 85.7 83.2 82 81.7 81.2 81 80.9 80.5 79.3 78.2 77.9 78.1 78.2 75.3 73.1 71 69 66.6 63.5 59.8 59.8 59.8 61.3 62.1 61.7 63 63.2 62.8 64.8
271.6 279.6 287.5 284.4 286 292.3 296.7 286.3 271.5 264 252.4 242.2 244.8 236.3 225.1 214.2 207.7 197.4 182.5 164.2 149.1 136.6 124.6 117.2 109.8 107.9 110.2 114.6 115.5 112.3 112.1 110.3 110.8 108.7 110.7 113.8 119.1 122.5 122.8 121.7 119.6 116.6 111.4 105.1 100.8 102.2 104.1 105.6 105.7 102.7 100.5 98.3 96.1 93.2 91.9 88.2 85.1 85.1 85.8 86.6 88.2 88.8 85.2 82.3 81.5 81.5 81.8 82 80.8 80.2 75.6 76.1 74.4 75.1 74.9 72.4 70.8 72.1 72.5 71.3 71.1 70 70.2 71.8
287.5 285.5 287.3 289.9 299.4 298.4 298.3 282.8 267.6 263.1 260.1 259.3 259.7 249.4 241.9 234.4 228.3 216.2 202.8 184.1 161.5 145.8 136.3 132.6 125.2 123.7 124.2 125.7 126.7 128.9 129.2 128.1 126.8 126.5 130.9 133.1 133 134.3 128.9 125.6 123.4 120.2 115.8 106.9 108.9 110.1 111 110.8 110.1 107.4 104.7 102.8 101.1 99.6 96.7 92.8 88.7 90.3 92.3 94 96.9 97.2 93.3 94.4 93.6 93.1 92.9 91.5 90.5 89.5 90.8 89.6 90.5 88.7 88.9 90.5 89.4 88.9 86.3 83.2 79 75 76 78.2
302 282.7 286.1 292.2 301.9 298.2 295.3 277.2 263.6 263.1 265.8 269.1 267 265.5 263.1 257.4 251.7 247.1 246.2 221.8 186.9 164.2 155.9 150.1 144.4 141.6 139.7 139.7 142.2 143.5 144.5 146.2 148.8 150.3 148.9 148.6 147.1 142 134.6 128.7 124.6 120.2 117.2 111.5 113.4 114.4 114.5 114.5 113.2 111.2 108.8 108.1 105.3 102.9 101.7 99.1 95.9 99.8 101.5 100.6 100.3 99.7 99 102 105.1 105.8 105.8 104.3 105 104.8 102.5 104.4 104.7 105.7 107.1 109.4 107.8 104.6 97.5 91.7 86.3 79.5 78.2 80.3
292.3 278.7 283.6 288.6 296 288 282.1 264.5 263.2 269.1 272.9 272.3 275.3 279.5 284.6 283 286.9 286.1 283.8 273.9 210.9 191.5 179.6 170.1 164.3 160 156.8 156.5 157.1 160 163.2 174.2 175.2 167.2 164.6 157.9 153.9 148.5 141.7 136.6 130.2 123.6 116.8 115.2 115.4 115.6 118.2 119.4 116.1 114.6 113.6 112.5 109.3 107 106.2 107.3 108.5 108.1 109 106.7 104.2 102.2 103.5 109.6 113.4 115.7 116.8 117.2 117.2 116.9 116.6 117.7 118.3 119.5 125.9 128.7 130.3 125.1 113.5 101.7 100.1 92.6 84.9 84.2
282.1 272.5 278.2 279.8 286.8 285.4 266 261.3 262.1 269.4 272.3 271.3 279.7 288.4 302.4 307.7 308.3 308.7 296.8 276.5 264.5 230.1 210.1 192.9 179.4 174.7 171.2 170.7 167.6 176.6 194.4 191.6 178.7 172 165.6 160.4 156.8 152.3 147.3 142.2 137.6 130 123.5 121.3 123 123.8 125.9 126.4 123 119.9 118.4 115.9 111.8 110.7 114.2 117.2 115.7 116 115.5 111.8 106.9 102.7 108.1 115.3 120.3 122.6 124.4 126 127.8 128.3 129 130.7 134.1 140.4 147.6 152.4 151.6 146.8 135.5 122 117.8 107.7 91.2 86.8
270.5 273 268.2 259.8 273.1 264.3 261 260.5 257.1 266 265.7 269 281.4 301.8 312.8 325.9 317.6 302.2 284.6 276.1 257.1 237.4 218.4 198.9 185 177.5 175.2 178.1 185.8 190.7 191.1 184.6 181.3 167.7 160.4 159.9 159.1 155.2 151 145.4 138.9 132.3 129.2 129.2 131.3 133.5 132.6 129.4 125.9 122.9 120.9 119.9 114.8 117.7 120.1 120.6 120.4 119.8 116.4 111.7 112.8 116 120 124.6 126.8 130.4 135 137.1 138.7 145.1 146 148.8 154.6 160.8 166.9 178.5 174.1 168.7 157.7 146.8 135.6 121.7 104.1 84.7
272.7 267.5 252.6 251.6 258.3 259.3 259 252.6 251.8 256.9 264.6 272.1 285.7 302.4 316.1 318.4 304.2 288.3 283.2 281.5 273.4 259.6 232.3 200.8 185.3 183.6 184.4 184.3 185.3 186.6 188.8 178.8 171.7 161.1 158.6 161.7 159.2 154.6 149.9 144.4 140.4 134.4 136.2 137.7 138.9 139.9 138.6 135 132 129.3 127.5 124.6 125.7 126.4 126.6 125.1 122 116.8 113 115.8 121.8 126 128.7 135.8 151.1 155.1 166.2 171.8 167.7 163.3 160.9 165.8 175.7 175.7 181 183.4 184.4 184.5 174.7 162.6 149.6 133.3 114 93.5
262.8 255.2 247.9 247.2 256.2 257 250.3 246.6 244.9 255.7 267 274.9 288.3 300.2 312.2 302.4 291 283.9 282.6 282.1 277.4 269.5 255.7 217.5 200.7 196.7 191 185.6 184.7 183.9 179.6 169.9 162.4 155.6 159.8 160.7 155.3 152.7 149.6 143.2 137.2 135.3 140.2 145.2 147 147.4 147.6 146.3 142.6 139.6 137.2 134.9 134.1 133.1 132.2 129.5 126.9 118.4 117.7 123.7 127.5 132.2 141.6 150.8 164.4 178.2 184.4 181 179.6 171.9 172 176.6 180 183.4 188.6 190.5 189.1 189.7 188.4 178.3 160.4 142.3 121.4 101.3
254.7 248.5 246.3 246.7 254.5 251.4 244.8 242 243 251.7 270.2 271 282.4 294.6 296.7 285.5 285 284.1 284.5 287.3 282.2 270 247.5 223.1 204.6 191.7 187.4 185.1 180.7 176.8 167.7 154.6 148 153.6 153.5 151.8 152.8 157.1 154.1 142.6 136 138.9 147.1 150.9 151.8 152.1 150.9 150.8 149.2 147.5 144.8 142.2 138.2 136 134.3 132.7 131 128.1 128.7 130.4 133.4 141.3 152.7 161.8 176.3 177.5 180.5 182.5 180.3 176.4 177.2 178.6 186.9 192.4 197.4 198.4 198.2 203.6 196.4 188.5 168 147.4 128.3 109.5
246.5 246.2 245.7 247.7 251.4 245.9 242.8 242.8 242.4 250.2 262.4 258.1 271.3 281.2 280.3 281 284.6 285.9 293.5 295.3 288.5 269.4 242.1 214.2 201.2 193.3 187 179.6 173 164.9 155.2 141.8 149.9 147.6 145.8 145.6 147 146.1 141 135.3 140.7 146 151.5 157.8 153.4 150.1 147.5 148.6 149.2 146.5 148.1 143.1 139.2 135.9 134.8 135.2 137 136.9 136.7 140.4 144.6 154.3 160.9 170.2 179.6 183.5 185 184.2 183.4 184.8 183.6 188 188.6 195.3 201.7 204.2 207.5 205.4 201.1 190 169.6 149.8 132 115.3
245.9 246.5 248.1 253.1 256.4 261.6 253.2 245.4 245.5 241 242.5 248.1 265.4 272.5 273.3 279.4 284.6 294.6 300.3 294 280.8 255.6 230.3 216.3 210.9 204.8 191.4 179.7 174.6 163.1 148.5 140 144.3 140.2 142.1 145.7 139.9 135.5 134.3 134.3 142.7 147.1 150.3 152.9 152.8 147.2 144.7 146.9 144.9 141 141.9 140.1 136.9 136.4 135.8 137.8 142.6 145.6 149.9 161.7 165.1 165.7 172.2 177.9 182.5 184.6 189.2 190.5 192.6 194.5 196.9 191.2 190.1 194 203 215.8 216.1 212 205.7 184.4 164.3 150.6 136.7 124.8
242.7 241.8 243.9 257 275.9 279.5 268 253.4 238.2 234.8 234.5 241 259.7 268.5 268.9 278.6 287 296.4 287.6 274.9 256 232.9 225.4 223.9 222.1 213.2 198.7 185.1 172.5 160.2 145 140.2 138.7 140.3 139.1 137.5 133.9 134.3 134.3 134 142.2 145.4 146.5 148.3 146.2 143.6 141.8 144.5 139.3 137.3 137.7 137 138.3 140.4 143.3 146 151.3 156.5 161.2 167 169 173.9 181.3 186 186.4 188.6 191.3 193.4 193.9 195.9 196 193.4 193.5 198.2 208 224.3 224.7 219.6 206.3 181.5 163.1 150.8 137.8 127.5
235.5 239.2 245.1 262.3 286.4 281.8 259.3 248.2 232.7 230.3 230.7 237.4 251 258.8 269 279 284.3 277.5 267.7 258.4 238.1 235.3 238.3 240.9 227.5 217.7 196.6 181.1 163.6 150.2 140.4 135.2 134.8 136.5 134.1 134.3 134.3 134.3 134.3 134.3 140.2 141.3 143.5 146.1 145.8 141.8 139.5 138.2 136.3 136.3 136.3 137.3 140.6 142.5 147.8 155.1 161.1 164.6 168 168.7 172 177.9 182.8 186.6 186.1 186.8 190.2 190.6 192.4 194 197.5 199.6 201.5 206.4 208.9 221.2 222.1 212.7 191.8 175.4 161.4 149.1 137.4 131
230.8 236.9 250.4 267.1 275.8 267.6 249.7 236.1 234.8 230 230 232.8 241.9 255.4 264 268.5 269.1 259.2 256.3 252.8 247.1 248.4 249.9 250.6 234.8 206.4 186.3 167.9 152.8 142.9 135.7 134 133.7 134.3 134.3 134.3 134.3 134.3 134.3 136 138.1 138.8 142.3 145.9 144.7 142.7 136.7 136.3 136.3 136.3 136.3 139.8 141.3 142.5 151 161.6 169.3 170.9 170.5 168.8 172.6 175.4 178.3 179.6 182.4 189.6 189.1 189 190.6 195.3 199.3 200.4 202.8 206.1 210.8 209.8 205.6 200.1 176.6 161.3 151 142.1 132.8 122.1
235.4 250.4 263 267.8 264.5 253.7 245 240.9 233.2 228.5 228.6 233.3 241 248.8 249.4 254 248.6 249.3 254.6 256.8 261.1 255.5 247.3 233 214.9 194.6 176.1 158.9 148.3 147.2 138.3 135.6 135.5 134.9 134.2 134.3 134.3 133.8 136.8 138.4 139 140.8 144.4 151.6 144.1 139.2 136.3 136.3 136.3 136.3 137.7 138.1 140.1 144.3 155.7 166.3 172 170.8 171.5 170.2 168 168.3 168.3 172.1 180.4 187.7 187.1 188.1 189.7 195.7 203.1 199.7 199.6 202.5 209.2 198.6 186.4 175.9 160 146 136.1 135.5 130.4 118.9
