WholeMapElevations/data/ns/ns73_OST50GRID_20230518/NS73.asc
ncols 200
nrows 200
xllcorner 270000
yllcorner 630000
cellsize 50
[rows 35 to 69 of 200, columns 78 to 155 of 200]
295.8 294.4 294 293.7 295.8 296.6 297.2 297.6 297.5 296 296 294.9 293.2 291.8 292.1 293.4 294.9 295.5 297.4 299.4 301.4 302.4 304.8 307.3 308.3 310.4 311.1 313.5 315.9 313.5 316.1 316.8 315.8 313.6 312.3 309.2 304.2 302.5 302.5 299.7 298.2 296.7 295.8 297.8 298.9 298.9 303.2 305.5 307.2 305.7 297.4 294.1 289.8 283.8 278.7 273.7 269.5 268.6 267.5 265 262.7 261.2 258.4 254.8 256.2 250.8 252.6 262.4 267.2 269.6 272.2 274.6 276.5 277.9 278.5 278.8 279 280.4
299 297.9 298.1 297.8 298.1 298.9 298.9 298.8 298.7 298.6 297.5 297.1 296.6 296 294 292.1 291.8 291.5 292 291.1 294.2 297.1 300.2 301.4 301.5 302.8 304.3 304.2 304.5 306.7 307.7 308.7 307.5 307.2 305.3 300 297.3 298 295.7 293.5 292.2 290 290.4 291 292.2 293.1 294.1 294.6 295 295.2 292.9 288.1 285.5 281.5 276.4 272.1 268.3 267 266.5 264.8 261.6 260.1 256.5 253.2 252.2 250.8 250.3 261.6 265.2 269.6 272.4 273.9 275.5 278 279 279.2 279.8 281.3
303.4 301.8 302 301.3 301.6 301 301 301.4 301.5 300.8 300.5 301.5 301.7 302 300.4 298.8 296.6 293.7 292 290.3 288.6 289.3 289.5 289.8 291.1 292.2 292.5 294.2 293.4 297.9 299.6 301.1 299.6 298.9 296 293.7 290 288.7 286.9 285.7 284.3 284.1 283.2 285.2 287.7 288.5 288.7 289.6 288.1 286.8 285.7 283.7 281.5 278.6 274.7 271 267.8 266 265.5 262.9 258.5 256.1 254.8 252.2 251.3 250.4 249.5 259 263.3 267.6 271.2 273.6 277.8 278.7 279 279.7 281.1 282.1
308.5 307.3 307.4 305.5 304.6 304.1 303 304.4 303.7 304.9 304.6 306.3 306 306.5 306.1 303.8 300.9 298.2 296.3 294.4 292.8 291.1 289.9 289 288 288.2 286.2 285.7 283.1 289 290.3 290.8 290.7 289.6 287.8 286.4 284.9 282.3 280.8 280 280.2 280.1 279.5 280.4 283 285.1 284.7 284.6 284.1 283.4 282 280.2 279 276.6 273.7 270.6 267.4 265.3 258.7 256.3 255.9 253.4 250.4 251.1 250.7 250.3 250 249 257.6 264.2 269.6 275.9 278.8 279.9 279.5 279.2 280.5 282.3
314.9 314.3 311.2 310.6 310.4 306.9 306.5 308.3 308.9 309.8 310.8 310.2 310.7 309.7 308.2 306.9 305.6 302.6 301 299.3 298.3 298 299.1 297.5 296.1 293.5 293.3 291 290.4 282.8 280.8 280.6 281.5 281.1 278.7 277.1 277.6 278.6 277.3 276.6 276.7 276.8 277.2 277.2 278.6 279.5 280.4 281.1 280.9 280.6 281 277.9 275.8 275.5 274.6 270.1 264.6 253.8 258.7 258.2 257.7 257.6 257.3 251.7 251.2 250.4 249.5 248.9 248.1 263.3 269.5 274.6 278.2 279.8 279.9 280.1 281 282.7
319.6 319.7 315.2 313.6 312.2 311.9 311.3 311.2 311.3 312.5 312.3 312.2 312.8 312.9 312.5 311.7 310.1 308 306.4 305.3 304.2 304.1 304.2 303.4 302.6 301.3 299.7 298 297 293.9 291.2 290.9 287.8 284.8 283.4 282.7 281.4 277.7 275.6 274.2 273 272.8 274.7 273.3 274.4 275.6 276.3 277.3 278 278.8 277 272.7 263 260.1 268.8 258.1 254.8 264.2 263.1 262.1 260.3 258.7 256.5 253.7 251.6 250.5 249.3 248.6 247.7 260 267.6 272.2 276.3 278.9 280 281.1 282 283.5
324 322.9 319.8 318 316.8 316 314.5 313.6 314.1 313.9 314 315.8 317.2 317.2 316.8 315.8 314.5 312.5 311.6 310.5 309.6 309.8 308.7 307.7 306.8 305.6 303.8 302 300.2 299.1 298.1 295.7 293 290 287.7 285.4 284 283.1 281.4 279.3 277.1 275.3 273.6 272.3 271.8 268.8 271.8 273.5 274.6 274.9 265.8 260.8 261.2 265.7 270.8 272.6 270 266.7 263.1 261.9 261.4 259 254.6 254.4 252.1 250.6 249.3 248.6 247.8 249.6 262.6 267.8 272.2 276.4 278.7 281.7 282.5 284.1
327.3 326.7 323.8 322.1 320.8 318.6 318.3 315.3 316 315.2 316.8 319.6 320.7 321 320.7 319.7 318.7 317.6 316.6 315.8 315.1 313.1 311.6 310.6 309.8 308.6 306.8 304.6 303.4 303.4 302.2 299.8 296.8 293.7 290.2 286.5 285.2 284.2 282.2 279.8 277.8 276.8 274.9 275.2 275.4 272.6 268.8 269.2 268.4 263.7 264.9 271.8 273.2 278.5 280.3 275.9 271.6 268.3 263.2 261.2 259.9 257.7 258.5 258.9 259.4 256.3 252.8 249.1 247.7 245.7 251 259.8 266.2 272 276.1 280.1 282.2 284.6
330.9 328.9 326.9 325.1 324.2 321.1 319.4 318.1 317.7 317.7 319.4 322.6 323.3 323.9 323.9 323.7 323.2 322.4 321.4 320.2 318.9 317.7 314.7 313.2 312.4 311.4 309.9 307.8 306.8 306.6 305.3 302.4 300.6 297.3 290.8 286.3 284.3 283.1 280.8 278.3 277.6 276.7 275.2 276.1 275.7 272.4 268.9 273.9 273.7 274.5 261 275.4 280 284.4 283.7 278 274.1 268.9 265.3 262.3 260.4 259.6 262.4 263.2 261.4 259.3 253.9 250.8 249.9 246.3 246.5 249.8 256.7 266.3 271.1 278.7 284.2 286.4
334.8 332.5 330.7 326.7 325.6 324.7 322.8 321.5 320.1 319.7 321.9 323.2 324.2 325.3 326.5 326.8 326.4 325.7 324.9 324.2 322.5 319.7 317.6 315.8 314.7 313.2 311.4 309.6 308 307.4 305.8 304.1 301.1 296.7 292.4 285.5 281.8 280 278.3 276.5 276.4 273.6 270.9 269 268.1 266.5 265.4 263.6 264.3 267.6 267 277.8 280.8 282.8 283 280.3 275.3 270.6 267.8 265.4 265 262.3 265.2 264.6 262.9 260 256.3 252.4 251.1 246.2 245.9 245.6 248.7 258.9 266.8 275.9 281.7 286.6
335.7 334.3 331.9 328.4 327.9 326.2 324.9 324.6 322.3 321.4 322.6 324 325.8 327.7 329.3 329.3 329.2 328.6 326.9 326.9 324.3 321.2 319.9 318.5 316.1 314.6 313.2 311.9 310.3 308.3 306.8 305 301.6 297.1 291.7 286.2 280.7 278.9 277.1 275.4 272.3 269.3 268.8 273.8 271.5 267 269.1 273.1 264.3 262.3 267.1 276.6 278.8 278.5 280 276.5 274.8 272.3 268.4 266.8 266.3 263.5 265.9 264.8 265.7 263.6 258.8 256.8 253.4 251.2 245.8 245.7 244.9 248.3 258.9 268.3 279.2 283.2
337 334.6 332.2 330.6 328.9 327 325.7 324.4 322.9 322.7 323.4 325.3 326.8 328.8 330.9 330.7 330.5 329.6 328.3 327.4 325.7 323 322.3 321.5 319.8 317.8 316.4 314.8 312.7 310.3 307.6 305 302.1 298.1 292.8 286.9 280.7 279 277.9 270.9 270.6 276.2 279.6 282.3 282.5 284.4 282.3 282.7 282.1 278.1 276.7 276 274.6 273 272.5 271.9 271.6 271.5 269.5 267.5 266.5 265.8 266.7 267.3 267.2 265.6 264.1 262.1 258.7 256.6 245.2 244.7 244.7 244.2 246.9 257.6 271.8 279.3
337 334.8 331.6 330.3 328.7 326.5 326.1 323.8 322.6 321.9 324.1 326.1 327.6 329.4 330.8 330.7 330.5 329.7 328.7 328.5 326.1 324.4 324.2 323.6 322.6 320.5 318.9 317.4 314.1 311.7 308.8 304.4 301.9 297.5 292.8 285.4 281.2 279.8 274.5 272.2 278.5 284.6 287.7 290.3 290.5 286.4 281.2 279.5 278.2 276.2 275.4 274.6 273.5 272.4 272.2 271.3 271.5 272 270.8 269.5 267.1 266.8 268.1 269.4 269.2 267.7 266.6 266.1 264.9 262.8 257.5 252.6 244.9 242.6 242.9 245.2 258.6 278.8
335.9 334.1 331.6 328.6 327.5 325.9 323.7 321.9 321.4 320.6 322.9 325.1 327.2 328.6 330.3 330.7 330.1 329.1 328.7 327.3 325.9 324.9 324.5 324.1 323.2 321.6 320.5 318.7 315.7 312.5 308.7 305.3 302.2 297.5 291.4 283.4 280.6 276.4 272.2 280.8 285.3 288.7 291.5 291.8 288.5 286.4 288.3 287.8 285.8 283.4 277.6 275.8 275 272.8 271.8 271 270.6 270.2 269.2 268.4 267.7 268.5 270.3 271.3 271 270.2 270.1 270.7 269.9 267.7 265.9 260.6 256.9 247.6 243.1 241.6 244.3 271.2
332.4 331.4 329.8 327.3 325.7 325.5 322.8 320.3 319.4 318.4 320.3 323.2 325.3 327.2 328.8 329.1 328.1 327 326.3 325.9 325.5 324.1 323.4 323.1 322.6 322.1 319.7 317.9 315.6 311.7 308 304.3 300.7 295.4 288.5 280.8 277.5 273.5 272.2 284.8 289.5 291.5 291 291.1 294.6 296 295.4 292 290.6 287.9 283.3 278.9 276.7 273.4 271.8 270.9 269.9 270.1 269.9 270.1 270.5 270.6 272.2 272.9 272.4 272.4 272.3 272.5 272.6 271 268.1 264.9 261.1 254.2 246.8 242.6 242.6 257.1
329.6 327.4 326.3 325.2 324.3 322.3 319.9 318.6 317.5 316.4 317.1 320.6 322.5 324.3 325.4 326 325.5 324.7 324.6 324.1 323.2 323 322.2 321.1 320.6 319.8 317.5 316.1 313.5 309.9 305.4 301 296.9 290.9 283.1 275.6 273.2 273.9 279.5 290.4 292.7 292.2 297.2 299.4 299.3 298.7 297.9 295.3 293 289.3 284.7 280 277 274.8 272.3 271.3 271.3 270.7 271.2 272.5 272 272 273.6 274.3 274.2 273.7 273.8 274.1 272.7 271.2 268.3 265.8 261.1 253.8 253 245.2 242.1 242.1
323.1 322.4 322.7 322.1 320.8 318.6 317.8 316.4 315.6 314.3 315.1 315.7 317.8 319.3 320.2 321.3 321 322.5 322.9 322.3 321.1 321 319.4 318.8 318.3 317.2 315.1 313 310.1 306.4 301.5 296.5 290.6 284.1 274.5 278 279.8 286.1 290.5 293.5 295.6 300.2 302.7 303.3 303.3 302.4 300.7 298.2 295.5 291.5 286.6 281.9 278.5 276.6 273.5 272.7 271.9 271.5 273.1 272.8 272.7 272.2 273.5 275 275.5 275 274.9 274.6 272.2 270.6 268.4 266.1 262 254.8 250.3 246.1 242.7 241.5
320.4 319.1 318 317.2 315.8 315.2 315.3 314.8 314.3 313.6 312.9 312.1 312.8 314 314.9 316.2 317 318.9 319.8 319.4 318.5 316.8 315.5 315.2 315.1 313.8 311.6 309.6 306.5 302 297.1 290 283.1 275.5 282.1 289.4 293.9 294.3 296.5 301.5 303.6 305 305.7 306.6 306.6 305.1 302.9 299.6 296.5 292.2 288.1 283.8 280.7 278.4 275.2 274.1 273.1 274.2 275.3 275 273.6 272.8 273 274.5 275.8 275.7 275.3 274.3 273.2 270.2 266 259.9 258.1 248 248.9 244.6 243.6 240.7
319.6 317.6 315.4 313.5 313.3 312.8 310.8 310.8 310.8 310.8 310.8 310.8 310.8 310.8 310.8 310.8 313.7 314.7 315.2 315.2 314.5 313.1 310.8 310.8 311.1 310.4 308.5 306.5 302.8 297.4 291.1 281.2 275.8 282.5 289.9 293.1 295.7 300.7 305.3 306.4 307.9 308.8 309.7 309.8 308.9 308 305.7 302.2 298.3 294 289.5 286 282.7 278.5 277.5 275.9 275.4 275.9 277 277.1 276.3 274.2 272.7 273.6 274.9 275.6 274.6 273.3 272.1 264.9 252.9 261.3 263.1 261.9 258.4 252.8 247.7 242.7
314.4 316.2 316.7 316.2 316.4 314.5 312.2 311.9 310.8 310.8 310.8 310.8 310.8 310.8 310.8 310.8 310.8 310.8 311.1 310.5 309 306.8 306.8 306.5 305.8 306.1 305.1 302.9 298.5 294.7 283.2 278.6 285.8 291.7 294.6 297 302.5 308 308.5 309.4 311.2 311.9 312.2 312 311.3 309.7 307.6 303.8 300.2 295.5 291 287.8 283.2 281.9 280 277.9 277.7 277.6 277.9 279 278.9 276.9 273 269.5 273.4 273.9 272.7 264.9 259.4 256.6 265.6 266.2 266.6 264.7 258.8 254.7 252.3 248.1
328.9 329.7 328.9 327.2 326.5 325.6 323.8 321.6 319.1 317.4 316.3 313.4 313.2 310.8 310.8 310.8 310.8 308 304.7 304.7 302.7 302.8 302.3 301.8 301.3 301.6 301.4 298.1 294 286 279.9 293.8 293.7 295.7 299 304 308 310.8 311.4 312.4 313.1 313.7 314.1 313.7 313.4 311.6 308.4 305 300.5 296.4 292.7 286.8 286.2 284.1 282.1 279.7 279.7 279.8 280.1 280.1 280 278.5 275.9 270.2 268.9 265.4 264.1 267.5 260.5 268 269.4 269.6 268.3 265.9 262.2 258.1 255.8 252.8
332 332.1 331.5 330.1 328.2 327 326.4 325.3 323.7 321.7 320.7 319.4 317.3 317.5 316.8 315.2 311.2 304.7 304.7 304.7 296.8 296.5 296.7 296.8 294.5 296.6 295.5 294.7 286.1 278.8 288.9 297 298.6 301 304.7 308.3 310.8 312.9 314.7 315.5 315.9 316.3 316.5 315.8 315.4 313.9 310.8 305.5 300.6 298.4 294.5 290.9 289.2 286.5 284 282.1 281.4 281.2 281.4 280.9 280.2 278.8 277.4 275.6 275.4 274.9 274.3 273.2 263 271.5 270.8 271 270.3 268 264.5 262.4 260 257.2
333 332.7 332.3 331 329.4 327.7 326.6 325.5 324 323 322.1 320.6 318.4 319 318.6 317.2 314.7 311.5 304.7 304.7 297.3 290.6 288.2 290.3 287.5 290.2 287.6 284.1 280.1 282.7 298.3 301.5 303.6 306.7 309.2 311.4 313.3 315.1 317 318.9 319.5 319.6 319.7 318.6 316.7 313.9 310.1 305.8 302.3 299.7 294.8 294.5 292.1 289.5 286.9 285.5 284.5 283.5 282.4 281.6 280.6 279.2 277.2 276.3 274.5 274.5 272.2 269.7 271.4 272.8 272.1 272 271.5 268.8 266.4 263.9 261.8 259.9
333.1 332 332.2 331.3 329.8 327.9 326.7 325.6 324.6 323.6 322.5 321.4 320.1 319.6 318.7 317.4 316 314.3 311.4 306.2 303.3 299.2 297.2 292.3 290.2 282.8 280.5 282.3 288.8 298.6 302.9 305.8 308.2 309.8 312.2 314.1 315.5 317.6 319.4 320.6 321.6 322.2 321.6 319.8 317.3 314.1 307.5 305.1 301.7 300 300 298.5 296 293.4 291 289.6 287.7 286.7 283.8 282.3 281.1 279.6 277.2 275.4 273.5 272.8 271.3 273.6 274.8 274.2 272.9 272.3 271 269.6 267.2 264.7 262.3 260.1
334 333.1 331.3 330.3 329.9 328.1 326.8 325.7 325 324 322.8 321.7 320.2 319.2 318.4 317.3 315.9 313.9 309.4 305.6 303.1 300.1 297.5 293.8 286.4 282.8 282.2 288.9 298.7 302.2 305.5 308.6 310.9 312.9 314.9 316.7 318.8 320 321.1 322.2 322.7 322.7 321.6 319.7 316.6 311.8 307.2 304.2 304.1 303.1 303.2 302.2 300.4 295.8 293.8 292.5 291.1 288.8 285.9 283.5 281 279.4 278.3 278.3 276.9 275.3 275.2 276.3 276.4 275.6 274.1 273 271.8 270.7 268.4 265.8 264 262.3
334.2 333.1 331.8 330.1 328.9 328 326.9 325.5 324.2 321.9 320.6 318.2 318.6 316.1 315.8 315.9 311.9 310.9 306.1 302.8 299.6 296.9 296.5 288.4 283.9 281.9 293.5 299.3 302.3 306.3 309.6 311.1 312.6 314.3 316 318.8 320.7 321.4 322.3 323.7 324.1 322.8 320.9 318.5 314.8 311 307.5 305.8 306.4 305.8 305.9 305.4 302 298.1 296.4 295 293.7 291.4 288.3 285.5 283.2 281 280.3 280.8 280.4 279.2 278 277.9 278.2 276.7 276.1 275 274 272.2 269.6 267.7 265.5 263.4
333.5 331.9 330.7 329.4 327.7 327.5 326.8 326.3 325 324.2 323 321.4 320 318.1 315.9 312.7 312.3 310.2 308.2 304.7 299.4 296.6 288.5 283.9 283.6 293.5 294.9 301.9 305.6 309.4 312.3 313.5 314.6 316.3 318 320.1 321.9 323.1 324.3 324.8 324.6 322.7 320.1 317.2 313.6 310.1 307.8 307.3 308.4 308.2 308.2 306.8 303.9 301.8 300.3 298.4 296.8 294.5 291.4 287.6 284.9 281.6 283.2 283.4 283.1 282.2 281.8 281.2 280.2 279.3 278.7 277.5 275.8 273.4 270.4 268.2 265.2 263.3
335.4 333.1 331.8 330.7 330.2 328.6 328 326.9 325.8 324.8 322.6 320.9 319.4 317.1 314.1 311.5 309.3 308.3 304.6 296.1 285.1 287.8 288.7 292.9 299.9 298.9 300.3 302.9 307 310.1 313.3 315.5 316.3 317.6 319.3 321.3 323.1 324.5 324.9 325.3 324.4 322.4 319.6 315.9 311.7 309.6 307.7 308.3 309.4 310.2 310.5 308.6 307 305.2 303.6 302.2 299.9 296.7 294 289.8 286.7 285.9 286.2 286.2 286 285.5 285.1 284.1 283 281.9 280.8 279.3 277.1 274.7 271.3 267.6 265 263.5
336.6 334.7 333.4 332.3 331.5 328.8 328.5 327.3 326 324.4 322.3 320.5 318.5 315.3 312.7 310.1 307.4 305 296.3 286.2 301.7 301.3 297.4 302 302.9 302.8 302.9 306.7 309.2 311.9 314.8 316.8 318.1 319.2 320.5 322 323.9 325.6 325.9 325.7 324.5 322 318.5 314.6 310.9 308.8 308 308.9 310.8 312.2 312.6 310.9 309.7 308.7 307.8 306.4 304 300 297.2 293.2 290.2 289.1 289.5 289.4 288.9 288.7 287.5 286.5 285.5 284.5 282.8 280.6 278.3 276 272.4 269.5 267.5 264.3
337.2 335.9 334.8 333.6 331.8 330.9 329.1 328 325.5 323.7 322 319.7 316.2 314 310.3 306.9 303.5 295.2 289.4 299.4 305.2 305.8 301.7 305.7 305.7 305.3 301.7 309 311.2 313.4 315.6 317.4 319.1 320.2 321 321.8 324 326.1 326.6 325.5 323.9 321.3 317.7 313.6 311.5 309.7 310 310.6 312.4 314.2 314.8 314.1 312.9 312 311.8 310.4 308.6 303.9 300.9 296.6 294 292.3 291.6 291.7 291.1 290.3 289.5 288.4 287.4 286.3 284.3 281.6 279.7 277.6 275.4 273.1 270.3 266.4
338.2 337 335.2 333.6 332.4 331.3 330.4 328.2 325.9 323.7 320.4 315.9 311.7 309.5 304.9 296.1 291.5 291.1 304.6 307.8 308.5 308.5 306.7 308.4 308.4 308.3 307.7 307.2 312 314.2 316.1 317.6 319.5 320.7 321.4 322 323.8 326 326.2 324.8 323.1 320.6 317.2 313.7 312.4 311.2 311.7 312.4 314.2 316 317.2 316.6 316.2 315.4 315.4 314 311.1 308 304.2 300.2 296.7 294.8 293.9 293.7 292.7 291.8 291.1 290.3 289 287.7 285.2 282.4 280.2 278.5 275.6 273.5 271 267.5
338.9 337.3 335.8 335 333.6 332.5 331.4 329.2 326.3 323.4 319.8 316.8 310.5 306.3 297.2 295.5 307.2 308.6 310.1 311 311.5 311.3 310.7 311.1 311.1 311 311.3 310.6 310.8 314.6 316.9 317.8 318.7 320.1 321.4 322.4 323.5 324.8 325 323.9 322.3 319.5 316.5 314.7 313.3 312.7 313.2 314.3 316.1 317.9 319.3 320.2 320 319.6 318.9 316.9 313.9 310.7 306.7 302.8 299.5 297.3 295.8 294.9 293.7 293.3 292.5 291.1 289.6 287 285.5 283.4 280.9 278.9 276.2 274 271.7 268.1
339.2 337.8 336.2 335.4 334.3 332.9 331.7 328.9 325.3 323.2 320.8 318 314.5 309.6 300.2 294 304.2 309.7 312.8 313.4 313.4 312.2 311.9 312.7 313.4 313.5 313.6 314.1 313.7 314.6 317.2 319.1 319.5 318.7 320.2 321.8 322.9 323.4 323.4 322.9 321 319 316.5 315.1 314.1 314.2 314.9 316 317.9 319.8 321.6 322.9 324.1 323.6 322.3 320.2 317.2 313.6 309.4 305.4 302 299.4 297.9 296.6 295.2 293.8 293.1 291.8 290 287.2 286.1 284.5 282 279.7 277.3 274.7 271.6 268.9
339.5 337 337 335.6 334.2 333.4 332 329.9 326.9 324.8 322.1 318.7 316 312.5 304.5 294.6 302.3 310.9 314.7 315.2 313.8 313.4 313.8 314.6 315.3 315.5 315.2 316 316.2 316.5 317.8 318.7 319.2 320.1 321 321 322.1 322.8 322.4 321.3 319.9 318.2 316.8 315.5 315 315.6 316.2 317.3 319.8 321.7 323.6 325.8 327.5 326.4 325.2 323.6 320.7 316.8 313 308.4 304.4 301 299.1 297.2 296.3 295 293.6 291.6 288.9 288 286.7 286 283.9 282.8 278.6 273.9 271.7 268.8
339 338.6 337.2 335.8 334.7 333.5 332.8 330.1 328 324.8 322 319.6 317.5 315.6 307.6 296.7 298.3 313 316.7 316.5 315.5 316.1 316.9 317.4 317.1 316.9 317.1 317.5 317.3 318 318.5 318.9 319.8 320.6 321.4 321.4 321.9 321.7 321.6 320.8 319.8 318.6 317.2 316.1 315.7 316.3 317.3 318.3 320.2 322.5 325.2 328.2 328.9 328.9 327.7 325.9 323.7 320.5 315.4 309.7 305.1 301.6 299.3 297.6 296.5 294.9 292.9 290.6 288 287.5 286.9 287 285.4 282.4 278.6 273.4 270.8 268
