UK/data/sj/sj25_OST50GRID_20230518/SJ25.asc
ncols 200
nrows 200
xllcorner 320000
yllcorner 350000
cellsize 50
[rows 70 to 104 of 200, columns 0 to 77 of 200]
308.8 316.6 322.3 327.4 310.3 294.8 330.4 333.7 333.4 333.5 313.4 298.3 297.6 308.3 324.6 320.3 310.2 306.5 307.6 316.5 323.2 323 325.4 332 330.3 322.6 320.2 319.6 321.1 324 324.3 324.1 322.2 323.1 320.3 309.3 331.8 340.2 335.7 332.6 331 332.6 327.5 321.9 314.4 322.2 320.9 317.2 314.7 315.5 317.8 318.5 316.9 314.8 310.5 305.1 297.4 291.9 286.5 280.8 274.3 266.2 259.2 253.9 247.5 248.9 261.6 271.5 276.7 277.2 276.1 279.2 280.9 281.8 285.3 286.1 283.8 281.5
304.3 312.6 318.1 326.2 307 322.5 335 328.5 320.9 318.3 320.1 302.7 298.1 299.7 305.1 313.9 307.9 304.5 304.4 310.3 322.9 322.5 323 326.9 324.3 316.7 315.5 315 316.2 317.8 321.3 321.4 317.1 322.6 303.2 303.9 322.7 343.8 339.1 329.2 330 333 326.7 319.4 313.7 318.9 318.6 316.7 314.3 313.3 313.8 314.4 311.5 305.6 303.9 301.9 294.4 289.7 283.8 278.4 273.4 267.5 262.3 256.8 246.7 253.4 267.2 277.8 280.4 279.4 279.1 283.7 284.7 286.7 286.9 287.1 285 283.4
294.8 307.5 313 322 322.5 330.1 328.2 315.6 312.3 311.3 308.1 308.4 299.1 299.5 302.9 315.7 306.4 300.7 301.8 304.3 319.2 320.5 318.2 319.6 314.7 311.9 311.1 310.6 312.1 313.3 314.6 316.6 306.2 320.1 302.2 302.2 327.8 335.7 337.4 323.5 321.7 326.9 320.2 310.7 315.7 318.5 318.2 312.3 311.1 310.4 308.8 307.1 305.1 302.5 299.7 297.9 294.5 290.4 284.6 279 274.3 270.2 265.6 257.1 247 261.1 274.3 281.8 283.1 281.3 285.8 289.5 288 289.5 288.3 287.9 286.5 284.7
289 300 302.5 313.7 317.7 315 314 306.8 302.7 299.8 297.6 297.8 301.1 298.1 299.8 307.6 301 298.4 299.8 300 311.2 313.9 313.8 311.2 308 307.4 307.2 307 308 308.6 309.4 307.6 305.8 312.1 303.1 308.3 316.6 331.1 321.6 316.3 313.6 314.1 312.9 309.7 312.1 314.4 310.5 308.8 306.7 305.2 302.3 300.7 298.9 297.1 296.5 295 293.5 291.2 283.7 276.9 272.7 268.9 263.9 254.2 252.8 266.7 279.2 285.1 285.6 286.1 291.4 294.5 292.4 292.3 290.9 290.5 289.7 288.5
281.4 294 298.5 304.6 309.5 304.8 306.6 299.1 292.9 291.9 290.7 291.2 294.5 293.8 297.6 296.9 297.2 298.6 299.4 299.1 305.2 307.8 309.8 308.9 306.4 306.2 305.6 304.5 304.5 305.5 304.1 303 302.9 306.3 311.5 307.2 308.6 317.9 314.3 311.4 307.2 306.4 306.5 305.9 306.9 307.4 308.4 306 301.4 297.5 295 292.7 291.1 290 289.4 287 285.2 282.1 276.5 271.2 267.2 262.5 258.8 250 260.2 271.3 282.6 286 287.8 288.7 295.1 297.2 295.3 297.3 295 293.7 291.9 291.1
273.4 286.8 293.4 300.6 303.7 298.5 296.9 293.3 290.5 288.4 286 286.2 288.2 290.5 291.9 292.5 295 296.8 298 298.2 302.6 306.1 308.2 307.3 305.4 305.9 305.4 304.2 302 300.9 300.1 299.5 298.3 300.4 305.3 293.6 305.1 309.9 306.7 304.8 299.9 299.3 299.1 303.8 303.4 303.5 303.6 298 291.4 284.6 281.7 279.7 276.6 274.1 276.9 275.9 273 268.6 262.8 259.7 257.6 255 251.8 255.5 266.6 276.2 284.8 288.5 290.4 293.8 298 298.3 299.2 302.6 301.3 298.6 296.3 293.8
269.8 282.6 290.4 295 296.4 291.3 295.3 288.6 289.2 286.2 284.7 285.6 286.7 291.2 293.6 293.3 298.2 296.3 297.1 297.7 301.4 305.8 307.5 307.8 305.2 305.5 304.9 303 300.9 298.4 296.5 296.8 296.4 295.6 295.9 301.7 300.6 296.4 293.2 291.7 291.9 291.6 300.7 297.4 297.4 296.3 287.1 284.8 282.7 292.3 287.6 284.7 282.6 280.5 277 276.3 271.9 271.4 268.4 267 265.5 260.9 251.7 263.4 271.3 278.4 286 291 293.6 297 300.2 299.8 303.6 306.7 306 303 298 295.6
268.4 281.4 286.2 290 290.6 286.5 288 285.2 285 284.3 284.5 285.7 290.2 298.2 300.6 296.8 298.8 297.1 297.3 298 304.3 306.8 308 308.2 305.2 302.8 302.5 300.5 298.5 295.7 294.2 294 293.9 293.8 293.3 293.5 292.3 292 291.8 292.1 293 291.7 290.6 290.7 289.5 291.5 293.8 297.7 298.5 298.5 297.4 298.5 293 288.4 287 286 284.4 279.1 273.8 271.4 267.8 262.1 255.4 267.6 273.1 278.8 286.5 292.6 296.5 299.3 301.7 302.9 308 310 309.3 304.9 299.9 297.8
275.2 277 282.9 279.1 281.5 279.2 280.2 281 285.5 285 285.8 288.9 294.9 304.4 303.4 302.9 302 298.2 298.5 299.4 306.4 310.1 309.4 307.8 304.1 302.6 301.2 298.8 297.3 296.5 294 293.3 292.5 292.5 292.6 292.5 295.1 298.7 299.7 301.4 300.2 300.7 301.6 300.2 300.7 306.5 308.2 308.1 307.3 308.7 314.1 312 304.8 297.9 296.2 296.4 293.7 287.4 280.1 274.7 270.9 259 263.7 272.8 277.5 281 288.8 294.2 297.7 301 303.9 306.1 310.2 311 310.5 307.6 304.2 301.5
271.6 272.4 279.5 273.7 273 277.4 280.8 285.5 288 286.7 288.3 293.3 301 309.5 305.9 303.9 303.8 300.4 300.6 301.4 307.7 311.5 309.6 307 304.8 303.3 302.1 300.8 299.9 298 296.7 294.6 294.5 293.6 293.6 293.5 301.8 308.6 314.5 316 313.5 310.1 306.5 309.6 313.5 313.6 313.5 313.6 317.9 324.5 322.7 317.4 310 305.4 303.3 301 298.8 295.3 290.7 283.5 274.1 255.7 271.2 278.7 281.8 285 290.9 295.4 298.8 302.2 305.5 308.8 311.3 312.6 312.2 309.7 307.8 305.8
266.5 267.6 268.9 271 275 281.2 286.5 288.3 289 289.5 292.7 300 312.8 319 308.6 306.3 305 302.7 302.8 304.8 309.9 312.6 310.9 307.7 305.7 304.3 305.2 304.6 306 306.7 308.2 307.8 302.7 299 295.7 295.6 301.6 310.2 316.5 322.9 322.2 318.4 316.1 315.4 315.8 317.2 318.5 323.1 327.7 324.4 320.4 317 313.3 309.1 305.9 304.1 302.5 297.7 293.4 284.1 275 258.1 277 282.1 284.4 289.9 293.7 296.8 300 303.4 306.7 309.6 312.2 315 314.5 313.6 311.2 309.3
265.9 270.3 271.8 274 279.2 284 291.6 292.2 296 295.6 300.2 313.7 323.8 325.3 324.4 314.4 309.7 306.3 306.1 312.7 316.9 315.7 313.5 310.2 307.7 308.1 311.2 310.6 313.2 317.2 322.4 319.8 310 301.8 296.2 296.9 303.2 314.4 323.2 328.3 326.7 321.6 318.2 317.3 318.3 322.8 328.4 332.3 328.3 322.6 319.4 317.1 313.7 310.2 308.1 307.1 304.3 298.9 293.1 283.4 265.6 267.3 280.2 283.7 286.9 291.6 295.6 298.5 301.4 304.6 307.8 310.8 314.5 317.7 319.2 319.6 317.6 311.9
269.3 272.7 276.3 278.6 282.6 288.1 294.4 294 302.1 302.4 310.2 323.4 330.4 331.3 328.9 320.6 315.3 314 322.2 324.1 322.4 318.5 315.3 314.8 311.7 312.4 314.2 315.1 317.9 328.8 331.7 323.4 309.9 298.5 298.4 297.8 307.6 323.5 332.2 335.9 330.6 323.4 320.6 321.4 327.8 332.7 335 333.9 328.5 323.8 319.7 316.9 315.2 313.3 311.4 309.6 304.8 298.7 290.7 280.1 261 278.8 282.1 285.4 290 294.3 297.4 300.3 303.2 306 309.8 313.8 318.1 321.3 323.9 325.2 321.5 318.1
272.3 276.4 281.3 281.9 285.8 289.9 291.2 302.1 302.6 304.2 314.6 327.8 334.6 335.7 334.3 327.1 320.9 326.3 333.1 330 325.3 320.5 318.1 319.6 315.5 316 318.6 318.8 326.1 337.6 333.3 325.3 310.9 299.1 300.5 304.1 322.5 334.5 338.6 341.6 331.5 325.8 324.5 326.5 331.1 333 334.3 334.4 331 324.7 320.7 318.6 316.6 314.4 311.9 308.6 304.4 298.3 288.6 277.5 263.6 280.1 283.5 287.2 293.1 296.6 299.7 302.5 305.4 308.5 312.7 317.4 321.7 324.5 326.3 325.3 321.6 319
274 279.9 285.2 287.5 288.3 289.6 297.8 300.2 301.4 304.5 317.3 330.8 336.2 335.5 336.2 332.9 325.3 329.5 337.4 335 329.3 323.1 322 324.7 319.7 320.1 324.9 326.1 331.7 337.7 332 326.9 318.5 310.1 304.6 314.7 327.4 339.2 344.3 341.3 330.6 326.8 326.8 329.7 332.4 333.5 333.9 333.3 330.6 327.3 323.9 320.5 314.9 312.1 309.3 306.5 301.5 294.9 284.7 267.6 276.1 282.5 285.9 291.4 295.6 298.8 301.9 304.8 308.6 312.9 317 320.9 324 326 326.4 324.8 321.3 318.3
279.3 283.6 290.2 292.3 296 295.8 295.8 297.7 300.8 310.6 315.8 331.1 334.7 333.7 335.1 334.2 329.1 333.9 341.4 338.3 332.5 327 324.9 329.2 322.5 320.9 323 325 336 340.8 337.4 332.4 327.2 320.1 308.8 321.3 332.1 340 345.8 343.2 331.9 328.7 333.1 335.8 336 334.5 332.4 330.8 329.6 327.1 323.9 317.4 310.9 308 304.6 301.4 296.3 288.2 279.6 268.1 278.3 286 290.3 293 296.6 300.8 303.7 307.8 312.1 316.1 320.1 322.6 325.2 325.7 326.2 324.7 321.5 318.5
284.9 290.5 296.5 300.6 300.6 300.6 300.6 297.7 300.9 308.3 313.5 330.4 330.8 329.7 331.9 332.2 329.1 334.3 339.8 340.5 336.7 331.8 328.6 333.8 327.2 321.5 320.5 323.6 338.6 342.6 338 332.7 326.9 320.3 315 326.1 335.2 344.4 349.6 345 335.6 333.7 339.4 342.2 337.5 332.5 331.6 331.3 330.4 327.4 320.9 314 307.8 302.4 298.8 293.9 288.7 281.6 274.9 275.7 270.3 286.4 291 293.7 297.1 302.2 305.3 309.1 315 319.2 322.6 324.3 324.8 324.3 325 324.8 323 319.9
291.8 297.3 302.6 304.4 309.2 305.4 307.6 304.3 303.1 305.9 318.9 324 324.3 324.9 323.3 321.9 325.1 330.3 334.8 339.8 337.7 332.2 330.1 338.1 335 326.8 322.9 327.3 343.8 345 344 333.2 326.4 321.9 318.2 329.5 340.2 351.2 351.8 345.8 337 337 345.6 342 334.6 331.5 331.3 333 332.4 328 318.9 310.1 302.8 298.2 293.8 288.4 284.3 275.2 279.1 282.4 274.9 278.7 289.2 291.9 295.4 303 307.1 311 316 322.1 325 327.7 326.9 324 323.8 324.2 324 322.1
293 299.7 303.8 308.7 309.8 305.8 304.9 309.7 303.3 303.2 308.6 313.1 315.6 318 317.8 317.3 321.8 329 332.1 334.4 333.2 329.7 328.2 334.9 334.4 328.9 327.4 332.9 343.5 351 352.8 342.8 330.4 325.8 322.7 331.2 342.3 352.8 353 349.2 339.1 342.2 345.4 339.5 333.8 332.3 333.1 336.6 333.8 329.5 318.7 307.8 301.8 296.5 293.7 289.2 287.4 287.2 286.8 288.7 289.5 284.2 275.5 285.4 294.1 301 305.8 311.2 316.6 322.6 327.6 332.1 330.1 325.7 323.7 323.8 324.2 322.7
293.8 299.1 303.7 306.6 306.4 303.3 304.2 305.5 302 303.1 307.1 313.4 314.3 313.4 313.6 315.4 318.4 329.8 329.8 328.2 325.5 324.8 326.6 333.8 332.3 328.8 329 332.6 346.3 351.3 352.5 343.9 333 328.4 326.3 334.2 345.2 356 357.9 349.2 343.3 346.9 347 341.1 336.5 334.2 333.9 336.3 333.2 325.5 317.8 310.8 305.7 303 301.1 300.3 296.2 293.8 292.5 292.6 293.5 294.9 294.7 280.5 289.6 299 306.5 312.1 317.5 323.3 329.8 334.2 332.7 328.5 324.3 323.6 323.8 322.3
290.6 297.1 299.3 303.7 302.2 299.5 299.4 303.5 302.4 305 309.5 316 318.4 315.7 314.4 314.7 316.3 323.4 321.7 321.4 321.5 323.5 328.3 334.8 331.7 327.7 328.6 330.1 344.2 348.6 349.6 341 333.8 330 328.4 337.3 349.7 360.1 362.9 352.2 349.7 353.5 348.9 344.7 340.5 335.5 333.7 331.5 325.1 327.1 321.6 316.1 312.7 311.6 313.6 310.8 303.9 297.9 295.3 296.9 298.6 300 298 293.3 286.5 299.4 307.2 312.5 318 323.7 330.1 333.8 332.9 328.9 324.3 323.3 322.4 320.6
284.7 289.8 292.4 293.8 297.7 298.5 304.6 304.3 304.8 308.1 313.1 324.3 324.1 319 317.5 316.2 316.1 317.6 319.3 320.1 322.7 326.3 335.4 334.4 327.8 326 326.4 328.7 339.6 347.2 344.3 338 333.5 331.8 332.5 341.4 354.2 369.1 363.7 354.4 352.6 355 350 344.7 340.7 336 332 330.9 333.1 330.9 326 320.9 322.3 325.1 324.4 318.1 307.5 302.1 299.4 301.4 303.9 300.8 298.9 291.9 289.2 299.6 306.2 311.9 317.6 323.7 329 331.5 330.3 326.9 322.9 320.9 320.2 317.2
283.6 287 291.5 297.5 301.1 300.1 304.7 306.8 308.5 312.3 331.1 328.1 326.7 324.8 319.7 317.2 317.7 319.4 324.4 323.5 322.4 326.9 337.2 333.9 325.2 325 326.2 329 337.5 348.3 340.8 336.4 334 334.1 337.8 347.6 359.7 365.3 359.7 351.7 346.9 346.9 344.8 343.3 338.4 334.7 334 334.8 335 333.1 330.9 331.5 336.3 336.4 329.5 320.6 309.8 304 303.3 304.5 302.4 300.9 298 289 293 299.4 304.3 310.7 316.5 322.2 326.8 327.2 325.6 323.7 321.3 319.2 317.4 315
281.3 284.9 290.7 297.6 301.7 306.4 308.2 308.2 314.7 332.1 332.6 329.4 330.6 326.1 319.8 317.2 319.7 326.4 327.6 325 322.4 325.9 333 328.3 324.6 324.3 324.3 326.1 338.5 352.1 349.2 343.5 338.5 336.9 344.9 353.6 361.5 360.5 356.1 348.7 345.6 345 344.8 342.9 339.9 337.5 335.7 336 338.9 340.1 338.4 342.3 346.3 342.1 333.3 320.8 311.8 307.2 305.2 302.4 301.4 299.6 296.2 286.5 293.7 297.9 303.1 307.9 314.5 319.4 321.9 322.9 322.6 320.9 319.2 317.9 316 313.6
279.4 282.7 288.8 296.2 301.7 310.4 309.6 311.7 325.7 334.2 332.5 332.2 332.4 325.8 319.8 319.1 325.4 329.4 329.3 326.3 324.4 325.4 326.7 326.8 325.3 324.2 323.9 324.3 342.7 362 361.4 349.9 338.4 342.2 350.7 358.6 361.7 361.2 357 353.4 352.8 351.3 348.4 345.1 342.2 340.5 339.9 343.7 349.3 348.9 349.5 348.4 350.1 344.6 335.3 324.6 315.6 310 305.8 304.2 302.1 298.2 295.5 294.5 285.1 295.1 299.7 305.2 310.1 314.8 317.1 318 318.2 318.5 317.4 316.2 315 311.9
281 282.4 284.3 293.8 302.4 310.1 311.7 317 330.9 336.3 333.4 334 330.4 325.2 321.5 322.4 330.3 330 327.6 324.5 323.3 324.4 327.6 332.2 326.3 325.4 324.8 325.2 342.4 357.5 357.6 349.7 342 345.2 352.4 361 362.9 362.5 360.5 360.1 358.2 354.6 348.9 346 345.8 346.6 351.5 357.2 356.5 355.4 355.8 355.1 351.9 346.8 340 330.3 319.7 312.8 311 306.7 303.1 299.1 297.3 295.8 293 288.4 297.2 301.7 306 310.6 313.4 314.3 315.7 316 315.1 313.4 311.3 307.5
282.9 284.1 285.4 294.4 302.4 309 310.5 319.2 329.4 335 332.6 332.8 328.2 324.3 322.9 323.9 329.4 329.8 328 324.3 324.3 328.9 330.8 330.5 327.3 326.7 326 326 337.3 352.9 365.1 353.3 343.1 344 352.1 361.5 364.4 362.6 361 360.6 358.6 353.1 350.3 350.4 351.6 354.6 360.4 360.5 360.4 359.9 361 357.9 353.3 351.4 346 333.4 323.6 321.7 318.7 311.7 305.9 301.1 298.2 298.2 295.4 290.5 295.6 298.7 301.8 306.7 310.6 312.6 314.1 314.4 312.4 310.2 307.9 306.2
295.1 289.7 291.7 293.1 299.5 306.5 308.9 317.9 326.4 331.6 332.7 331.5 327 324.6 322.7 324.1 332.4 330.2 326.3 327.4 344.5 340.8 335.3 331.4 332.8 328.1 326.8 327.7 336.4 357.9 369.3 348.2 344 344.1 352.7 359.3 362.1 364.3 363.2 361.6 359.1 356.2 356.4 357.6 356.4 361.8 363.5 362.5 363.2 364.7 365.4 363.7 357.1 353.6 347 337.5 339.3 332.9 323.8 315.9 309.4 303.2 300.5 298.1 292.5 294.4 294.6 297.4 300 304.9 308.5 311.1 312.2 311.9 309.8 307.8 306.4 306.6
297.5 293.6 294.9 293.9 295.6 302.5 306 314 322.8 328.4 327.1 328.8 326.7 321.6 322.1 324.9 330.1 329.3 328 337.3 351.2 342.2 339.8 336 333.3 330 329.9 333.8 339.3 348.1 351.4 345 344.7 344.9 349.1 356.5 363.4 369 368.4 367.4 364.3 361.9 362.4 358.6 358.7 366 368.1 369.2 369.6 371.7 373.1 363.4 355 351.6 348.6 351.1 346 338 330 321.4 312.9 307.5 302.8 297.7 289.3 292.9 295.8 295.9 298.8 303.7 307 309.8 309.9 309.5 308.2 306.6 306.4 306.6
301.1 296.7 296.2 296.1 296.4 302 302.4 309 318.5 325.6 324.1 324.5 323.9 319.5 320.4 325.3 328.8 328.4 330.8 342.8 348.2 341.6 339.4 335.9 333.3 332.6 333.2 336.7 341.6 344.8 347.7 347.3 346.7 347 351 361.4 368.3 375 378.5 373.4 367.1 362.7 360.1 359.5 361.9 367.8 375.7 374.8 375.1 375.9 366.4 359.9 356.4 356.8 355.3 351.5 345.6 341 333.8 324.4 317.2 311.1 304.4 298.9 296.2 291.6 296.3 296.8 297.9 302.5 305.7 307.5 307.8 308.8 307.6 306.9 306.7 306.6
301.9 298.8 297.8 297.7 300 301.3 302.2 304.1 309.4 318 318.9 319.4 318.9 317.2 318.1 326 329.6 328.7 332.5 348.9 346.8 343.8 341.1 338.7 337.1 335.4 337 340.3 347.7 354.1 349.4 349.5 350.5 354.7 360.3 367.2 374 373.6 375.7 365.9 360.7 359.8 360.3 360.8 365.2 375.9 380.1 372.9 369.1 364.2 361.8 359 357.8 355.6 352.7 348.9 346.1 342.4 336.9 330.5 322.8 314.7 306.6 304 298.1 297.8 294.6 296.2 297.6 299.9 303 304.7 307.9 308.5 309.1 308.2 307.2 307.2
300.9 299.7 298.4 299 303.4 303.9 303 303.9 305.3 308.4 312.4 315 316.2 316.3 317.2 324.4 328.4 328.7 334.3 353.4 348.3 345 344.1 343.5 340.8 341.6 343.1 348.5 358 354.7 351.8 351 357.7 360.2 366.2 370.8 373 371.2 365.5 360.4 360.2 359.8 360.5 363.7 372.1 380.3 373.4 365.4 362.7 361.7 359.4 354.4 351.1 350.2 349.5 348.7 346 342.7 338.5 332.4 325.1 317.6 310.8 306.1 305.4 301.7 296.9 296 295.8 297.6 300.2 304.9 308.2 310.9 313.2 312 310.1 308.9
300.9 302.2 301.6 303.3 309.5 305.7 305.2 307.4 309 316.7 315.5 316.2 315.3 315.7 316.5 321.4 326.4 328.5 336.4 348.8 345.7 344.5 346 347.9 348.9 350.6 350 355.9 363.7 359.9 357.3 361 366.9 363.1 371.2 372.2 372.1 371.8 366 361.7 361.5 361.2 363.3 371.2 377.2 377.9 371 363.2 361.8 360.4 354.8 350.1 348.1 347.4 347.5 346.5 343.9 341.2 336.3 330.9 322.4 314.4 316.7 315.7 312.6 308.1 302.3 297.6 295.1 297 299.5 306 310.8 314 316.1 315.4 313.1 311.4
301.1 303.2 305.7 311.4 309 308 310.8 313.4 320.5 321.8 319.5 319.1 316.1 315.9 317.1 322.4 326.7 327 331.3 341.2 342.3 343.3 347.6 355.2 356.5 352.4 352.4 362.4 367.9 363.5 362.2 371.9 372.4 369.9 369.9 369.9 369.9 373.9 371.3 364.9 363.2 363.6 367.6 372 375.6 376.2 369.7 362.9 359.9 354 349.7 348.7 347.7 346.3 345 342.4 338.6 334.3 330.2 324.8 321.1 324.6 324.1 319.2 314.6 309.8 303.1 297.5 296.2 297.9 298.9 303.4 312.3 316 317.3 317.9 317.4 315.5
300.7 303.7 310.5 310.9 310.2 312.1 318.4 322.8 327.8 322.8 322.4 320.9 317.3 317.2 319 325 327.2 326.7 330.3 340.2 338.5 341.6 353.4 356.7 353.7 352.4 353.7 363.4 372.3 365 365.8 373.1 375.6 369.9 369.9 369.9 369.9 375.5 375.8 374.8 371.6 369.2 368.5 371.9 374 373.3 371.2 362.8 355.8 350.5 348.7 348.1 346.1 343.9 340.8 337.7 333.7 330.2 325.4 324.7 327.1 329.8 325.2 318.4 315.1 306.5 301.5 297.7 297.5 298.1 299.3 300.5 310.7 315.5 318.1 319.7 320.3 318.7
