UK/data/nc/nc61_OST50GRID_20230518/NC61.asc
ncols 200
nrows 200
xllcorner 260000
yllcorner 910000
cellsize 50
[rows 35 to 69 of 200, columns 79 to 157 of 200]
288.6 292 294.3 297.8 299.9 301.4 304.9 307.5 310.3 313.9 318 323.7 328.5 332.1 336.8 341.2 348.6 353.3 357.4 362.2 365.8 369 372.4 375.5 377.8 382.3 386.3 389.6 392.3 392.9 393.2 391.2 388.3 384.9 381.9 379.1 382 386 388.4 392.1 392.9 393.1 391.1 388 380.6 374 372.4 368.8 365.2 357.1 354.4 352.8 355.3 348.9 347.5 344.2 336.7 339 342.4 348.2 354.1 362 367.9 372.7 376.7 378.5 381.3 384.2 389.4 396.6 407.8 415.7 421 422.1 422.4 421.7 418.7 415.7 411.8
286.8 289.4 292.1 295.8 297.5 300.3 301.8 305.7 308.8 311.5 315 322.7 327.1 331 333 340.1 346.9 352.5 356.6 360.9 365 369.8 373.8 377.6 381.5 385.2 389.7 394.5 397.5 397.9 398.3 398.6 395.7 391.4 387 382.3 381.5 385.7 390.4 395.6 398.9 398.8 397.3 392.5 388 379.4 374.9 372.4 366.6 359.1 356.8 358.5 357.3 356.6 350.8 344.4 337.9 337.9 342.1 346.2 354 363.2 368.5 372.5 375.4 378.5 380.8 384 386.9 390.6 399.3 409.3 416.4 419.3 421.9 422.1 419.9 416.3 412.1
285.4 289 289.7 293.2 294.3 297.7 299.1 301 303.2 307.2 313.5 320.7 325.4 329.3 333.3 338.1 344.7 350.9 355.6 360.5 363.8 368.7 373.4 378.7 383.2 388.7 394.7 400.3 404.8 406.7 406.9 408.6 405.2 399.7 392.4 387.3 383.9 386.8 393.1 399.4 403.4 402.1 397.3 392.9 389.1 380.9 377.3 373.9 367.2 360.1 351.7 353.2 358.5 357.8 351.3 346 341.5 336.3 339.4 343.8 349.1 358.3 367.2 372 374.5 377 379.6 382.4 383.9 386.9 390.6 400.1 407.9 415.7 420.1 422.1 420.2 417.1 413.8
282.9 286.3 289.4 292.7 296.1 298.5 301.1 304.4 306.9 312.6 317.3 324.4 328.7 330.7 335 338.9 343.9 351.3 357.4 360.5 363.1 367.8 372.3 379.2 384.9 391.5 403.5 410.3 414.1 414.5 414.5 413.1 409.1 402.4 394.8 388.5 388.2 390.4 396.7 406.2 409.7 408.6 404.9 394.4 387.1 383.6 381.4 377.4 371.1 363.9 352.5 346 347.3 349.6 346.4 343.2 339.9 337 334.9 338 343.6 350.8 356.9 368.1 372.7 375.5 378.7 381.5 383.5 384.7 386 389.8 399.7 408 414.7 418.7 417.7 417 414.1
279.6 285.4 290.2 293.2 296.6 298.9 301.9 305.7 310.4 316.1 322.3 327.2 331.9 334.8 337.5 340.9 345.4 351.6 356.1 360.6 364.4 367.8 373.5 380.6 386.8 395.6 409.8 417 420.5 420.6 418.5 417.2 413.9 405.7 398.1 392.6 393.8 398.2 405.5 411.3 414 414.1 409.8 402.1 389.8 385.1 383.5 379 373.7 366.1 357.8 349.5 345 342.3 340.3 338.1 335.6 334.6 332.5 335.1 338 342.1 346.5 356.4 364.5 370 374.3 378 380.1 381.2 382.9 386.7 392.1 402.2 408.8 414.3 417.3 418.2 416.9
280.4 286.2 289.8 293.1 296.5 299.3 302.6 306.6 312.3 319.1 325.3 331.1 336.3 340.7 341.5 343.7 348 352 355.4 360.3 363.3 366.8 372.7 379.9 387.8 399.2 412.2 421.5 424.6 427.3 423.5 420.6 417.1 411.3 402.8 398.3 400.9 412.2 416.9 421.2 421.1 419 416.1 409.7 404.7 385.3 382.3 378.6 371.7 365.9 360.4 351.8 344.7 342.1 341 337.4 334.2 331.8 330.4 332.9 336 339.1 341.5 349.2 357.8 364.5 368.4 371.6 377.1 378.8 380.4 382.3 388.4 398 406.8 412.9 416.3 419.3 419.9
278.1 284.9 289.1 292.9 296.2 299.6 303.9 308.3 313.5 320.5 327.5 332.5 337.8 341.3 344.1 345.8 349.1 353.1 357.1 360.6 361.7 363.5 369.3 377.4 387.4 400 413.1 424 430.5 432.2 430.1 423.4 419.7 418.5 413.2 409.8 414.5 425.2 428.6 430.2 430.5 425.4 419.8 413 408.4 399.7 385.4 378.3 373.1 367.8 362.9 355.8 348.1 339.5 345 340.2 335.6 332.1 331.4 331.9 333.8 335.9 338.8 342.2 350.5 357.1 363.2 370 375.1 376.3 377 380.9 386.4 394.6 404.3 411.4 414.3 417 417.3
276.2 283.4 288.5 293.1 297.3 300.7 304.7 309.1 314 321 328.2 335.7 342.1 346.3 348.1 350.7 352.1 352.5 356.6 359.1 360.3 364.3 368.1 373.5 384.8 397.2 408.8 422.1 431.1 436.8 435.1 427.9 423.7 424.6 423.5 423.1 427.4 437.1 439.4 443.9 445.4 444 425.7 416.5 406.9 403.3 392.1 379.3 371.1 366.4 363.9 360.1 351.2 341.3 336.6 338.7 338 333.4 329.8 331.6 331.9 334.4 337.8 340.5 348.8 357.7 366.6 369.2 373.5 375.1 376.3 380 384 390.7 400.5 408.5 412.7 415.2 415
275 282.1 288.2 292.8 297.5 301.8 305.7 310.2 315.2 321.4 328.5 336.9 345.4 350.6 351.8 355.5 357.5 357.7 357.8 360.7 362.8 363.1 367.1 369.7 379.3 392.5 406 419.7 430 438.4 437.3 430.9 424.7 426.9 428.5 432 435.3 442 447.3 451.4 450.1 442.3 431.7 418.9 406.9 396.1 387.4 379.9 368.1 366.6 361.9 356.8 351 341 334.4 331.6 331.8 331.4 328.9 330.5 330 331.2 334.8 340 347.4 357.5 365.9 370.9 374.2 374.9 376.8 380 383.6 387.2 394 403.8 410.2 413 413.6
273 280.9 286.9 292.5 297.3 301.8 306.1 310.8 316.3 321.7 328.6 336.8 343.7 350.2 354.2 357 361.7 363.7 363.4 363.9 364.4 365 366.1 368.5 374.5 388 402.3 415 426.5 437.1 439.9 434.8 427.1 427.5 430.6 433.7 436.3 446.3 454.5 458.8 456.3 446.3 431.1 422.2 407.4 392.5 381.5 373.4 367.6 367.7 358.7 351.3 341.7 333.4 329.7 326.6 327 326.6 326.8 327.3 327.5 328.8 331.3 337.8 345.7 352.9 361 369.8 375.9 377.7 380.2 384.9 385.2 385.4 388.9 395.7 404.9 408.6 410.4
269.6 277.7 284.5 291.1 296.8 300.9 305.7 310.3 315.3 320.6 327.6 336 343.6 349.3 354.9 359.5 363.2 365.8 365.6 364.6 365.1 365.7 365.9 367.8 369.4 381.5 397.1 408.9 420.5 431.4 435.9 434.1 428.4 427 429.2 432 435.5 443.6 452.6 457.9 457.9 447.1 433.7 423.9 407.8 396.2 386.3 374.6 364.1 360.7 351.3 339.8 331 328.9 326.2 325.6 323.3 324.7 323.7 325 326.6 329.4 330 332.4 339.8 347.1 354.2 365.4 374 376.1 376.5 378.8 381.4 382.6 385.5 388.7 395.9 403.2 406.5
264.5 273.1 280.9 288.2 294.8 299.9 304.4 308.5 312.6 318.1 325.4 333.2 340.9 349.2 355.2 359.1 363.5 366 366.2 365.6 365.8 366 365.1 365.8 367.1 374.5 390 405.2 415.9 426.7 434.2 434.2 430 420.9 422.8 426.2 430.1 434.9 442.3 445.9 446.1 438.6 430.2 421.5 413 400.4 393 378.5 366.1 351.6 344 333.8 327 326.8 326 324.6 323.7 323.9 324.3 326.8 327.3 329.6 329.8 330.8 333 337.8 345.5 355.7 364.2 368.6 368.9 368.9 370.2 374.2 378.1 380.8 388.3 396.9 402.6
259.7 268.5 276 283.5 291.8 297.7 301 306.2 310.3 316.3 323.5 331.5 339.7 347.7 353.9 358.8 363.2 366.1 366.3 366.4 366.2 365.6 364.7 363.4 363.9 368.1 383.4 398.7 408.2 417.4 426.6 430 428.1 420.5 415.8 417 420.1 423.9 430.8 434.2 433.2 428.9 421.6 418.5 409.1 402.3 393.3 382.6 371.6 348.9 337.7 329.2 326 326 325.7 324.8 323.2 324.3 326.3 328.2 328.8 329.7 330 329.9 329.7 332.6 337.9 346.4 354 357.4 358.6 359.8 363.4 367.1 371.3 374.9 378.7 387.5 394.4
258.2 262.5 271 277.6 288.4 294.3 299.4 303.9 308.5 314.4 321.8 332.3 339.8 345 352.3 357.8 362.3 366.2 366.2 366.2 365.8 365.1 364.3 362.7 362.1 364.3 373.9 390.7 399.7 407.4 414 420.4 421.1 415.9 411.4 408.8 410.8 416.6 422 422.6 422.5 419 410.3 403.7 397.7 397.8 391.3 376.7 375.5 359.3 343.4 330.1 325.3 324.4 325 325 323.8 323.4 329 331.6 331.6 329.9 330.1 328.3 327.3 328.3 334.3 338.5 343.3 347.6 350.9 353.1 356.4 360.8 365.6 369.5 373.2 379.2 384.1
255.6 259.4 265.3 271.9 280.5 290.4 296.3 300.9 305.1 311.6 319.7 329.1 339.8 343.9 349.2 356.4 361.6 365.1 365.8 365.7 365.5 364.8 363.8 362.2 360.6 362.2 367.2 385.1 396.9 404.7 409.9 412 416.2 408.7 405.8 404.2 403.9 406.4 411.3 410.9 409.3 410.9 403 392.7 383.4 384.5 379 369.4 365.9 355.8 346 333.6 326.6 324.8 325.2 324.6 323.8 325.5 331.6 334.7 333.8 332 329.1 327.9 326.9 326.8 327.4 330.6 333.8 337.1 341.4 346.6 350 354.8 357.6 361.3 367.1 373.8 378.6
252.4 255.5 260.1 265.7 271.9 281.9 290 295.8 301.7 307.7 313.9 321.9 330 338.6 344.3 353.1 361 363.5 365.3 365 364.7 364 363.3 362.1 360.3 361.5 363.1 373.4 386.8 397.7 403.1 406.7 408.8 404.1 399.9 396.9 392.5 391.7 399.7 401.8 399.3 398.8 397.1 388.4 378.6 373 367.6 361.3 356 353.8 348.6 338.8 331.3 330.2 327.8 323.5 325 323.9 327 332.5 335.5 333.2 329.9 328.3 326.9 325.5 325.7 326.4 327.2 329.9 334.7 339.4 344.3 347.1 350.8 353.5 359.1 363.7 370
248.7 251.7 256.2 261.2 266.3 272.6 281.6 289.8 297.6 304.1 310 317.6 323.9 329.2 337 346.8 354.3 359.2 362.6 364 363.7 363.1 362.4 361.7 360.6 361.2 362.7 365.9 378.1 386.3 395.8 400.9 403.5 401.9 394.5 389.7 385.9 382.5 389.1 389.9 389.3 387.7 387.8 383.7 374.1 368 364.7 363.4 362.9 359.5 350.2 348.1 341.3 336.8 331.4 324.1 326.5 323.2 324.6 326.1 333.9 333.9 330.8 329.1 327.7 324.7 323.9 324.8 325.7 327.3 329.7 333.2 338.7 342.3 344.3 347.9 352.5 356.1 358.8
245.8 249 252.5 256.8 261.8 267.6 274.5 283.8 291.8 299.3 304.5 309.4 318.5 323.3 327.9 335.2 342.7 351.4 356.7 359.2 360.8 360.9 359.9 359.4 358.1 360.3 361.3 363.9 373.5 382.9 392.2 398.4 403.7 406.6 399.7 388.5 377.2 374.6 377.6 379.3 380 377.6 376.1 372 369.6 364.7 362.8 359.7 357 354.8 351.3 347.9 346.3 341.9 334.3 330 331.2 327.2 323 322.9 326.7 331 330.9 329.7 328.3 326.3 324.4 323.5 324.8 326 327.2 329.4 329.3 335.7 340.1 341.9 347.5 350.4 351.7
243.6 246.5 249.7 253.8 257.8 264.4 269.7 276.4 284.9 292.2 297.6 303.5 309.2 317.7 323 328.1 334.1 342.9 350.1 353.8 355 355.1 354.7 356.5 355.4 358.5 360.1 362.3 369.1 382.7 393.5 403.3 407.5 406.7 400.1 389.4 380.8 374.6 372.2 373 374 376.5 375.2 370.8 367.4 363.2 364.6 362.4 356.1 353.6 352.3 348.2 348.1 347 339.5 334.5 332.2 330 326.2 325.5 323.2 327.7 330.5 329.3 329.1 327 323.9 322.9 324.1 325.4 326.6 327.1 326 327 332.2 336.9 341.4 345 347.2
241.9 244.8 247.6 250.9 255.1 259.2 265.4 271.4 277.7 285.4 291.2 296.3 301.9 308.8 315.1 321.1 327 331.4 339.8 343.3 345.7 348.1 350.9 352.3 353.4 357 361.5 365.5 376.2 393.5 404.7 409.1 409.5 406.5 402.6 393 383.7 376.4 370.5 370.5 370.5 370.5 372.4 372 367.8 364.7 366.6 365.1 360.2 356.4 354.5 351.6 351.4 349.5 343.7 336.5 332.8 330.7 327.8 326.6 324.4 322.6 324.1 327.3 328.2 326.1 323.7 322.7 323.6 325.1 326.6 327.3 325.6 323.7 324.9 328.8 334.1 337.2 339.2
240.1 242.9 246.5 248.9 252.6 255.9 260 266.2 272.2 278.4 284.9 289.3 294.9 300.7 306 312.2 317.5 323.8 328.8 333.3 337.1 341.1 344.7 350.2 354.1 359 366.1 373 388.5 401.8 412.9 416.2 413.6 408.7 403.7 395.5 383.3 377.1 370.5 370.5 370.5 370.5 370.5 373 366.4 366.7 366.2 366.6 363.1 358.1 356.6 354.1 352.1 349.9 344.5 337.8 336.5 332.6 330.3 327.5 329.7 325.9 322.8 324.1 324.5 323.7 322.6 325.4 325.5 325.6 327.6 327.5 326.1 324 321.9 322.1 326.1 330 331
238.2 241.8 245.5 248.1 250.6 253.6 257.9 262 266.5 271.8 276.9 283.3 289 294.9 300.6 306.5 310 316 321 328.6 333 338.7 346.5 352 356.6 364.5 374.2 382.1 394.5 405.6 416 420.7 420.5 413.4 405.8 396.9 381.9 377.7 371.3 370.5 370.5 370.5 370.5 370.5 372.5 370 367.9 368.6 365 359.5 358.5 356.9 350.9 348.6 345 338.1 337.5 334.3 333.7 331.7 331.3 329.8 324.4 324.7 323.8 321.9 325 329.1 331 330.5 329 327.6 326.4 324.3 321.5 319.6 320.4 322.9 325.5
234.6 240.2 243.8 247.4 249.8 252.1 254.5 258.2 261.5 266.8 271.2 276.9 284.7 290.4 295.2 300.7 304.4 311.3 319.5 327.1 334.1 340.6 346.7 353.6 362.1 370.9 379.5 388.6 398.9 408.4 417.2 423 424 417.9 410.8 398.5 387.7 389.8 379.4 370.5 370.5 370.5 370.5 370.7 376.1 375 372.9 371.6 369.5 364.9 358.7 356.4 350.4 347.4 341.4 335.8 333.3 332.8 334.1 333.9 331.9 328.3 326.6 325.8 324.1 324.6 326.5 329.1 333.3 332.9 330.6 329.5 327.2 324.7 322.5 320.5 319.1 318.3 320.3
231.7 237.4 242.2 246.2 248.6 250.6 252.8 254.6 257.2 261.4 266.1 272 279.1 285.5 290 295.9 301.4 308 315.5 323.5 331.8 338.5 346.6 356.2 364.1 373.2 382.7 390.2 398.7 407.6 415.6 420.6 422.6 419.8 414.6 401 397.4 400.3 388.7 374.2 371.5 371.1 374.2 374.8 379 380.6 382.2 382.6 378.2 369.8 362 357.2 350.9 347.1 344.2 337.9 333.4 330.5 331.2 332.9 332.1 325.3 325.7 324.4 320.9 325.5 326.7 328.4 330.7 332.1 332.4 331.7 330.4 327.8 324.6 324 323 320.4 316.6
229.9 235 239.4 245.6 248.3 249.3 251.1 252.7 254.5 258.4 262.3 267.8 273.4 277.5 286.8 292.4 298.9 303.5 310.7 319.2 326.7 334 342.5 352.9 363.2 371.7 381.5 390.6 396.7 404.7 412.3 417.5 421.6 422.9 421.5 411.3 404.1 406.4 391.6 380.5 373.5 373.4 377.1 380.2 383.9 388.9 390 390.4 389.2 383.8 371.2 361 353.1 346.9 344.5 341.8 334 328.8 329.4 330 327.3 322.4 324.4 321.9 322.1 324.9 326.5 328.2 330.1 332.5 333.6 333.7 333.3 332.2 330.7 330.3 330.4 327.5 320.9
229.2 233.4 238 242 246.9 249.1 250.8 251.9 253 255.3 258.4 262.2 268.5 274.3 281.3 286.4 290.8 297.8 305 314.1 321.8 330.1 338 348.2 360.2 368.5 379.2 388.1 395.7 401.9 408.8 414.5 419.2 423.2 424 418.4 414.1 412.8 401.7 386.7 378.9 376.6 380.1 386.2 390.3 395.5 397.6 397.1 393.9 391.6 383.2 372.6 360.9 353 346 340.1 332.8 328.1 326.8 325.3 324.2 319.3 322.9 319.1 322.6 324.7 326.3 330.4 332.2 334.5 336.8 339.3 341.2 341.2 339.2 339.4 339.3 334.6 326.5
228.5 232.8 236.5 240.3 246.6 248.8 250 250.4 251.6 254 256.4 259.2 264.7 269.7 275 278.9 286.2 292.9 298.8 309.7 320 324.9 331.6 340.2 353 363.7 374.1 385.6 393.9 400.7 405.8 411.9 418.1 422.7 424 422.5 421.2 415.8 405.9 389.7 382.6 384.7 383.8 389.6 395.3 401.7 407.5 407.7 399.8 402.5 392.3 381.7 372.8 364.7 355.7 343.9 335.2 327.5 324.1 321.1 319.9 317.9 320.5 316.6 321.3 324.5 327.1 331.2 335 338.9 342.1 345.6 347.6 348.5 350.8 350.7 348.6 344.2 335.5
227.6 230.8 235.4 239.2 245.6 247.8 248.4 249.4 251 253.4 255.7 257.9 261.3 265.3 270.6 275.8 280.7 286.7 292.5 301.7 314.1 319.9 325.4 333.1 343.3 356.4 366.1 379.2 391.3 399.1 403 408.7 415.1 420.7 423.4 423.9 421.3 417.6 410.1 392.3 392.1 395.4 395.3 392.5 395.9 402.4 407.8 414.5 407.1 406.4 398.6 391.9 384.3 378.6 366.4 355.3 341.8 331.3 327.2 318.9 316.8 317.6 318.7 316.6 318.7 321.6 326.8 332 336.8 342.3 347.1 351.8 355.1 358.3 360.2 361.5 358.9 353.7 344.7
226.9 229.6 234.3 239.5 242.9 245.6 248.2 249.9 251.5 253.1 255.5 256.7 259.3 262.1 266.4 271.4 276 283.1 289 295.3 304.3 314.7 321 328.2 336.4 348 361 371.9 385.6 394.6 400.2 405.7 415 419.3 421.6 423.9 422.2 415 410.6 399.6 398.1 403.4 403.4 398.8 397 400.8 409.2 407.5 407.5 408.3 403.2 399.3 394.3 385.6 377.8 364 348.9 337.9 334.3 329.6 321.8 316.4 316.6 316.5 315.2 317.6 322.5 329.2 336.2 343.3 348.5 354.4 360.4 365.3 368.9 370.5 368.2 362.7 355.9
226 229.4 232.7 237.5 239 242.9 247.4 250 251.1 252.2 254.9 255.4 257.5 260.1 263.2 267.4 272.5 279.2 285.3 290.2 296.4 304.2 312.7 322.6 332.6 340.2 352.1 364.5 375.1 387.8 395.7 401.3 411.2 417 418.7 419.6 417.8 410.7 410.3 405.5 401 406.3 407.3 404.3 398.1 400 405.1 403.6 409.5 410.7 406 404 402.1 394.2 385 373.4 357.3 343.5 340.6 336.7 330.4 326.7 323.5 314.7 313.2 314.5 317.2 323 331.1 339.4 347.5 353.5 360.2 367.1 373.6 377.3 378.4 374 364.6
226.1 227 232.8 233.3 239.2 242.3 246.8 249.6 250.6 251.6 252.9 254.6 256.8 259.4 261.5 265.2 270.2 275.4 280.8 286.5 290.7 297 304 313 325.4 335.6 346.2 358.4 370.1 379.1 389.1 394.9 403.9 409.5 414.8 415.8 411.3 407 408.9 406.7 403 405 405.9 404.8 401.3 397.9 400 401.6 407.5 412 409.2 410.1 410 401.7 392.3 378.3 360.4 346.9 345.9 341.9 334.2 329.9 326.5 325.1 315.7 311.4 313.2 318.2 324.3 333.3 342 350 357 364 373.6 381.1 382.5 379.4 371
223.7 227.8 232.3 233.3 237.9 242 246.1 248.9 250.3 251.2 251.9 253.2 254.8 256.9 258.8 263.3 267.5 272.5 276.8 282.3 286.8 291.4 298.1 307.1 316.8 329.3 340.2 351.7 361.7 372.7 381.2 387.4 395.3 398.9 405.1 406.5 406.1 403.5 402.9 402.6 402.1 404.8 407.6 408 404.8 399 399.3 400 404 413.9 415.4 415.6 412.1 406.7 394.6 380.1 367.8 356 351.2 344 337.9 330.7 329.3 328.5 321.3 314.4 310.2 313.8 316.5 326 335 344.2 352.8 360.1 370.8 380.9 384.4 382.8 377.7
223 223.4 228 233.7 237.7 240.9 244.3 247.9 249.4 250.1 251.7 252.7 253.7 255.8 257.5 260.7 264.6 269.1 273.8 278 282.8 287.3 292.7 301.8 310 318.5 331.2 343.6 352.6 362.7 372 376.6 383.8 387 393.7 396.8 398.3 399.4 399.5 396.6 397 402.3 409.2 413.8 413.6 408.7 399.1 398.7 400.6 417.7 422.9 417.6 413 407.1 400.5 387 374.7 363.2 361.5 354.5 345.5 334.9 331.2 329.9 321.4 316.5 309 312 314.1 320.4 329 337.3 346.9 355.2 364.3 376.1 381.6 382.5 378.6
221.7 222.6 228.8 232.7 236.6 239 241.4 245.2 247.9 249.1 251.2 252.2 253.1 254.2 256 258 261.9 266.3 270.8 275 279.4 283.7 289.5 295.2 302.7 313.2 324.3 335.1 346.4 354.9 361.9 366.6 372.9 375.3 380.5 384.6 390 393 395.5 393.5 391.9 397.5 405.7 414.5 420.2 419 407.3 399.5 403.8 414.5 421.8 424.4 421.3 415.8 406.6 394.6 378.2 368.2 368.2 360.8 350.8 339.6 332.6 329.6 323.8 316 310.7 308.3 312.6 318.7 326.7 333.3 341.6 350.5 358.3 368.7 373.4 374.8 372.3
220.6 222.3 227.9 231.5 235 236.9 239.5 242.2 246.6 247.8 250.2 251.6 252.9 253.3 254.6 255.8 259 262.9 266.9 273.1 277.1 280.6 287.2 292.7 298.5 305.5 316.2 327.1 337.5 344.9 354.4 359.5 361.7 364.2 370.7 376.7 381.5 386.7 389.1 389.2 389.6 391.6 400.4 408.9 415.2 417.7 412.9 400.4 404.1 411.5 418.9 421.1 422.4 417.2 406.7 393.1 377.2 364 355.7 355.7 349.4 340.8 331.2 328.6 324.7 317 313.1 308.1 309.1 314.1 321.8 330.2 337.5 343.2 352.4 359.9 364.1 366.6 365.8
