UK/data/sz/sz07_OST50GRID_20230518/SZ07.asc
ncols 200
nrows 200
xllcorner 400000
yllcorner 70000
cellsize 50
[rows 0 to 37 of 200, columns 0 to 83 of 200]
32.1 41.4 46.4 47.6 46.2 41.8 35.1 37.5 44 43.6 45.5 48.6 55.3 58.4 58.5 57.7 51.8 48.5 45.7 44.7 42.4 39.4 36.2 33.2 31 28.3 25.1 24.6 22.8 23.1 24.5 24.2 22.8 21.5 20 18.5 18 18.4 19.6 20.9 20.5 18.2 17.5 16.6 15.7 16.4 18 19.5 20.1 21.8 23.8 25.5 25.7 24.2 22.6 20.5 19.2 17.5 15.5 14.7 15.4 18.3 20.3 19.8 16.4 -0.5 -0.5 -0.5 -0.5 -0.5 -0.5 -0.5 -0.5 -0.5 -0.5 -0.5 -0.5 -0.5 -0.5 -0.5 -0.5 -0.5 -0.5 -0.5
22.9 31 39.8 41.5 37.6 32.3 31.9 38.2 39.7 38.9 37.2 40.7 45.1 47.9 48.6 45.1 39.6 38.6 41.6 44 42.9 39.8 37.6 35.1 31.3 28.6 26.6 24.6 23.4 20.9 21.7 22.3 21.3 19.8 18.4 17 15.8 15.8 18.7 20.7 19.2 17 14.1 13.9 18.4 21.8 22.5 22.2 22.5 23.3 24.2 26 27 26.9 25.2 22.3 19.3 17.3 15.4 14.2 15.5 17.8 19.2 18 4.4 -0.5 -0.5 -0.5 -0.5 -0.5 -0.5 -0.5 -0.5 -0.5 -0.5 -0.5 -0.5 -0.5 -0.5 -0.5 -0.5 -0.5 -0.5 -0.5
20.9 24.6 37.1 36.7 30.8 30.1 34.6 35.9 36 33.6 31.7 33 35.5 39.3 41 37.8 34 32.8 35.5 38.8 40.8 40.2 38.6 35.3 31.7 28.7 26.9 26 24.9 22.2 19.5 19 18.5 17.4 16.2 15.1 14.1 14 16.3 18.3 17.6 15.6 12.2 16.8 24.4 26.8 27.5 25.8 25.2 24.9 25.4 26.4 28.1 28.8 29.1 24.9 21.1 18.2 15.4 13.1 13.7 16.5 19.8 14.5 -0.5 -0.5 -0.5 -0.5 -0.5 -0.5 -0.5 -0.5 -0.5 -0.5 -0.5 -0.5 -0.5 -0.5 -0.5 -0.5 -0.5 -0.5 -0.5 -0.5
25.1 22.4 29.3 30.4 27.8 31.5 38.3 38.9 36.4 32 27.6 27.9 34.7 41.2 43.1 39 32.1 29.4 30.3 31.8 33.2 36.3 36.3 33.4 30.6 29.4 28.6 28.9 28.1 25.1 22.4 21.2 19.7 19.4 18.5 17.6 16.4 14.5 12.5 14.3 14.7 13.2 13 15.7 19.9 24.1 25.5 25.8 24.5 26 26.6 26.9 26.6 26.1 27.9 25.4 22.7 19 16.4 13.7 11.5 14.9 20.1 4.9 -0.5 -0.5 -0.5 -0.5 -0.5 -0.5 -0.5 -0.5 -0.5 -0.5 -0.5 -0.5 -0.5 -0.5 -0.5 -0.5 -0.5 -0.5 -0.5 -0.5
26 19.5 24.6 25.5 23.8 27.3 29.4 30.3 29.4 28.6 26 29.1 36.6 40.4 41.9 40.7 35.2 27.8 24.5 25.3 31.7 34.4 35.6 32.8 31 30.7 31.3 31.9 30.5 27.9 24.6 23.1 21.3 21.9 21 19.9 18.4 16.3 14.1 11.7 11.9 15 17 18.8 19.4 19.6 21.9 23.1 25.4 26.9 25.7 25 23.3 23.4 25.4 25.3 23.3 21 17.7 14.7 11.8 13 19.4 -0.5 -0.5 -0.5 -0.5 -0.5 -0.5 -0.5 -0.5 -0.5 -0.5 -0.5 -0.5 -0.5 -0.5 -0.5 -0.5 -0.5 -0.5 -0.5 -0.5 -0.5
24.6 21.6 20.3 23.6 23.3 22.2 22.8 24.2 24.7 24 22.4 26.1 30 33 35.6 38.3 35.9 30.1 23.1 22.6 30.4 36.6 38.2 35.6 34.5 33.6 33.7 32.7 31.8 29.2 26.4 24.6 23.2 22.9 21.9 20.6 18.1 16 14.2 12 13.5 18 22 23.8 23.1 23 25.1 27.4 28.3 25.2 24.2 23.6 20.7 19.9 22 23.1 21.9 20.1 17.8 15.5 12.3 9.4 9.1 -0.5 -0.5 -0.5 -0.5 -0.5 -0.5 -0.5 -0.5 -0.5 -0.5 -0.5 -0.5 -0.5 -0.5 -0.5 -0.5 -0.5 -0.5 -0.5 -0.5 -0.5
20.1 20.3 19.7 19.8 18.8 19.3 18.6 18.6 17.7 19.5 20.2 21.4 23.7 26 27.8 28.9 30.6 28.8 20.6 20.6 34.3 42.8 41.6 39.4 38.2 34.2 30.1 29.5 28.3 27.2 27.4 25.8 24.6 22 19.2 17.5 15.2 13.2 12 11 13.4 17.8 20.5 21.6 22.6 25.3 27.2 29.7 27.1 23.5 22.9 22.1 19.6 17.5 17.8 19.5 18.9 18.7 16.6 15.1 12.8 7 2 -0.5 -0.5 -0.5 -0.5 -0.5 -0.5 -0.5 -0.5 -0.5 -0.5 -0.5 -0.5 -0.5 -0.5 -0.5 -0.5 -0.5 -0.5 -0.5 -0.5 -0.5
24.8 21.9 20.3 21.5 20.2 20.1 20 19.8 19.5 16.6 16.2 18.3 19 18.4 19.6 20 19.6 18.9 15.8 23 35.6 38.8 39.9 38.5 36.9 32.3 25.2 22.4 22 22.3 27.5 27.9 25.7 23.5 19.3 17.3 15 12.8 11.7 10.4 9.4 13.8 16.7 18.7 20.8 24 26.1 27.1 22.9 23.5 26 23.7 20.4 18.7 15.7 16.4 16.6 16.6 16.4 14.9 12.9 4.4 0.9 -0.5 -0.5 -0.5 -0.5 -0.5 -0.5 -0.5 -0.5 -0.5 -0.5 -0.5 -0.5 -0.5 -0.5 -0.5 -0.5 -0.5 -0.5 -0.5 -0.5 -0.5
23.5 23 25.5 27.4 25.7 25.1 25.4 24.3 23.5 20.1 17.1 16.6 15.8 15.4 15.8 14.7 14.8 14.8 14.3 20.4 27 29.2 31 31.5 31.7 31.3 29.3 23.9 19 18.9 26.2 27.7 26.3 23.4 19.7 17.9 16.1 13.9 11.6 10.2 8.8 11.4 14.6 19.1 22 24.4 23.5 22.1 19.7 26.6 31.2 28.3 23 20.8 18 15.7 15.1 14.7 15 14.3 11.4 6.7 -0.5 -0.5 -0.5 -0.5 -0.5 -0.5 -0.5 -0.5 -0.5 -0.5 -0.5 -0.5 -0.5 -0.5 -0.5 -0.5 -0.5 -0.5 -0.5 -0.5 -0.5 -0.5
23.6 33.5 36.8 36.1 33.1 31.8 32.9 32.5 30.2 26.9 21.6 18.6 18.7 18.3 17.1 15.2 14.1 13.9 14.4 17.6 19.7 21.7 22.2 22.6 21.7 22.2 22.2 22 17.2 16.6 22.2 23.8 24.2 22.9 20 18.4 16.5 14.8 12.5 10.7 8.7 10.4 13.5 18.3 21.9 23.3 19.1 16.8 17.9 27.4 33 31.6 30.2 26.5 23.2 20.4 17.5 14.5 14.2 14.3 13 4.3 -0.5 -0.5 -0.5 -0.5 -0.5 -0.5 -0.5 -0.5 -0.5 -0.5 -0.5 -0.5 -0.5 -0.5 -0.5 -0.5 -0.5 -0.5 -0.5 -0.5 -0.5 -0.5
24.5 31.7 41.5 42.3 41.3 39.6 40.7 41.1 38.1 34.4 29.8 23.3 22.7 21.8 20.6 17.9 15.3 14.5 13.3 13.7 14.8 16 16.6 15.3 15 15.4 16.1 16.4 14.9 13.7 16.7 18.2 17.7 17 16.8 16.9 15.7 12.7 12.8 12.7 12.4 13.2 16.1 19.2 21 22.1 18.5 14.2 16.4 24.1 30.9 31.6 30.9 30.4 28 22.9 17.8 18 18.3 17.8 15.8 3.7 -0.5 -0.5 -0.5 -0.5 -0.5 -0.5 -0.5 -0.5 -0.5 -0.5 -0.5 -0.5 -0.5 -0.5 -0.5 -0.5 -0.5 -0.5 -0.5 -0.5 -0.5 -0.5
25.1 27.1 31.6 38.4 39.1 40.5 40.8 41.7 41.5 38.7 35.3 31.1 26 24.2 22.9 21.3 19.3 16 15 13.7 12.8 12.6 12 11.6 11 11.1 11.2 11.6 10.8 10.8 10.3 12.5 11.2 10.9 12.1 13.2 13.6 11.9 10.1 9.8 7.6 8.4 14.6 18.8 20.2 20.6 18.3 13.8 13.3 19.6 22.7 27.4 29.6 30.5 28.8 24.9 22.6 21.1 21.9 22.4 16.7 3.2 -0.5 -0.5 -0.5 -0.5 -0.5 -0.5 -0.5 -0.5 -0.5 -0.5 -0.5 -0.5 -0.5 -0.5 -0.5 -0.5 -0.5 -0.5 -0.5 -0.5 -0.5 -0.5
28.7 28.3 29.4 34.4 36.9 38.6 40.2 40.7 41 39.6 38.6 37.1 33.7 29.7 26.5 24.3 22.3 19.5 16.8 14.1 15 13.8 13.4 12.5 12 11 10.8 10.2 9.7 9 7.3 7.4 6.9 6.8 11.4 9.3 11.4 10.4 9.6 8.9 7.8 7.9 11.5 13.2 14.3 15.2 14.8 11.8 10.4 15.1 17.7 19.6 22.1 23.7 23.5 21.8 20.8 20.4 19.9 17.6 14.7 2.5 -0.5 -0.5 -0.5 -0.5 -0.5 -0.5 -0.5 -0.5 -0.5 -0.5 -0.5 -0.5 -0.5 -0.5 -0.5 -0.5 -0.5 -0.5 -0.5 -0.5 -0.5 -0.5
32.7 31.5 30.8 38.2 39.6 38.9 39.5 39.4 39.9 39.8 39.5 38.8 35.9 33.3 29.5 28.5 27.2 25 20.1 17.8 20 20.4 18.5 17 14.7 12.9 11.7 11 12.5 9.7 8.6 8.3 7.9 8.5 10.8 7.8 7.6 6.6 6.6 6.7 6.6 7.4 9 9.6 9.8 10.8 10.4 8.7 7.9 10.3 12.2 14.1 16.1 15.7 15.4 13.9 15.2 15.7 15.1 12.9 11.1 2.2 -0.5 -0.5 -0.5 -0.5 -0.5 -0.5 -0.5 -0.5 -0.5 -0.5 -0.5 -0.5 -0.5 -0.5 -0.5 -0.5 -0.5 -0.5 -0.5 -0.5 -0.5 -0.5
36.4 35.2 34 42.2 43.5 42.2 39.9 38.8 38.5 38.9 39.6 41 40.4 38.2 36 34.7 32.1 28.7 24.2 22.8 23.6 24.6 23.2 22.3 19.4 16.7 15.3 13 11.5 12 10.5 10.8 12.5 10.8 8.8 8.1 8.5 7.8 7.7 8 7.9 7.4 6.1 5.5 5.8 6.3 6.2 6.6 6.2 7.4 8.2 9.1 11 11.2 11.4 10.5 11 11.5 12.3 10.6 9.2 2.2 -0.5 -0.5 -0.5 -0.5 -0.5 -0.5 -0.5 -0.5 -0.5 -0.5 -0.5 -0.5 -0.5 -0.5 -0.5 -0.5 -0.5 -0.5 -0.5 -0.5 -0.5 -0.5
42.6 40.1 37.5 46.1 48.9 46.7 43.6 40.8 38.6 38.2 39.3 41.2 43 43.5 44 40.5 36.3 32.8 30.7 30.7 29.1 28.5 27.8 26.5 24.7 22.5 21 19.3 17.2 16.7 15.6 15.3 14.7 11.5 10.4 9 8.3 8 7.7 8 8.6 6.1 5.9 6 5.7 5.5 4.8 4.5 4.3 4.6 5.5 6.4 7.3 7.5 7.4 7.2 9 9.4 9.3 8.9 8.3 2.3 -0.5 -0.5 -0.5 -0.5 -0.5 -0.5 -0.5 -0.5 -0.5 -0.5 -0.5 -0.5 -0.5 -0.5 -0.5 -0.5 -0.5 -0.5 -0.5 -0.5 -0.5 -0.5
48.7 44.8 40.5 49 52.7 51.1 49.5 45.8 41.1 39 40.1 40.7 42 43.1 43.8 43.8 42 39.4 39 37.6 34.7 32.8 30.9 29 28 26.3 25.3 23.1 22.3 22.1 21.8 19.7 17.7 16.1 14.5 12.1 8.6 8.9 8.7 8.4 9.7 7.3 6.4 6.3 6.2 5.8 5 4.3 4.1 4 3.9 4.3 5.2 5.4 5.9 5.6 7 7.6 7.6 7.7 7 2.7 -0.5 -0.5 -0.5 -0.5 -0.5 -0.5 -0.5 -0.5 -0.5 -0.5 -0.5 -0.5 -0.5 -0.5 -0.5 -0.5 -0.5 -0.5 -0.5 -0.5 -0.5 -0.5
53.3 46.9 43.2 53.5 58.9 56.6 53.4 48.7 44.7 40.9 38.7 39.3 40.6 39.8 41 44.1 44.7 42.2 40.6 39.6 38.1 35.3 32.2 29.8 27.5 25.9 23.6 21.6 20.9 19.6 19.1 17.6 16 14.6 13.2 11 10.6 10.5 10.5 8.8 8.1 7.5 7 6.8 6.7 6.2 5.4 4.5 3.9 3.7 3.7 3.7 3.6 4.4 4.8 4.5 5.4 6 6.4 6.9 8.1 3.7 -0.5 -0.5 -0.5 -0.5 -0.5 -0.5 -0.5 -0.5 -0.5 -0.5 -0.5 -0.5 -0.5 -0.5 -0.5 -0.5 -0.5 -0.5 -0.5 -0.5 -0.5 -0.5
57.7 51.4 46.4 56.4 60.6 61.2 57.8 53.9 49.6 45.3 41.6 38.6 37.8 38.7 40.2 41.9 41.8 40.4 38.5 37.2 34.3 31.6 29.7 27.3 25.3 22.8 21 20.1 18.8 17.6 16.5 15.6 14.3 12.8 11.9 11.6 11.6 11.8 11.9 12.4 12.7 11.8 9.1 7.4 7.2 6.5 5.7 4.5 3.7 3.6 3.5 3.4 3.3 3.8 4.7 5.5 6.2 6.5 7.4 8.2 10.5 5.5 -0.5 -0.5 -0.5 -0.5 -0.5 -0.5 -0.5 -0.5 -0.5 -0.5 -0.5 -0.5 -0.5 -0.5 -0.5 -0.5 -0.5 -0.5 -0.5 -0.5 -0.5 -0.5
61.6 56.2 52.3 58.4 63.8 63.7 60.6 57.9 54.7 50.7 46.4 40.9 37.1 37.7 41.2 42.6 41.3 40.1 37.9 35.9 34.9 32.6 28.9 27.9 24.5 21.9 21.2 20.2 18.8 17.5 17 15.1 13.5 13.1 12.8 12.5 12.6 13 14.3 15.6 16.6 15.1 13.6 11.5 9.5 6.8 5.9 4.6 3.5 3.4 3.3 3.2 2.9 6.6 6.6 6.6 7 6.9 7.8 8 9.5 6 0.6 -0.5 -0.5 -0.5 -0.5 -0.5 -0.5 -0.5 -0.5 -0.5 -0.5 -0.5 -0.5 -0.5 -0.5 -0.5 -0.5 -0.5 -0.5 -0.5 -0.5 -0.5
64.8 60.3 57.6 60.7 65.3 66.1 63.7 60.6 56.9 53.9 48.9 43.6 38.5 37.1 39.6 43.9 43.5 44.1 41.8 39.7 38.5 37 33.3 28.5 25.4 22.8 21.2 21.4 20.4 19.2 18.2 17.5 16.4 15.6 14.8 14.2 14.7 15.1 16.3 18.6 19.3 17.9 15.7 11.8 9.1 7.4 6.7 6.5 4.1 3.5 3.4 2.7 6 10.2 9 8.3 7.9 7.7 7.8 7.2 8.5 8.9 1.6 -0.5 -0.5 -0.5 -0.5 -0.5 -0.5 -0.5 -0.5 -0.5 -0.5 -0.5 -0.5 -0.5 -0.5 -0.5 -0.5 -0.5 -0.5 -0.5 -0.5 -0.5
68.5 64.6 59.5 60.6 66 67.1 66.1 62.1 58.1 54.2 50.1 45.9 41.2 37.9 35.8 37.8 40.8 42.8 41.4 40.4 38 36.1 35.4 29.8 25.9 24.6 23.3 24.4 23.7 23.9 23.1 22 20.9 20 17.8 17.2 19.5 19.7 19.5 19.4 18.4 16.9 14.1 12 10.2 8.2 6.4 5.2 5.5 5.1 4.8 4.7 4.3 4.4 4.1 4.1 4.1 4.1 4.1 5.1 6.3 8 2.9 -0.5 -0.5 -0.5 -0.5 -0.5 -0.5 -0.5 -0.5 -0.5 -0.5 -0.5 -0.5 -0.5 -0.5 -0.5 -0.5 -0.5 -0.5 -0.5 -0.5 -0.5
70.1 66.4 61.4 61.3 66.7 69.1 69.1 66.1 62.2 57.8 52.4 49.5 45.6 41.2 37.5 35.6 34.4 34.5 33.9 32.4 31.6 30.2 28.5 27.6 27.8 28.2 29.1 30.3 30.2 30 28.8 27.4 25.7 23.2 21.1 21.2 23.8 24.2 24.1 22.7 19.9 17.1 15.1 13.3 11.9 9.9 8.4 7.1 5.5 4.6 4.7 3.1 3 4.9 4.4 3.8 3.7 3.3 3.7 3.8 3.3 3.6 1.8 -0.5 -0.5 -0.5 -0.5 -0.5 -0.5 -0.5 -0.5 -0.5 -0.5 -0.5 -0.5 -0.5 -0.5 -0.5 -0.5 -0.5 -0.5 -0.5 -0.5 -0.5
70.2 65.1 62.6 64.9 69.5 71.2 71.9 68.9 65.9 61.7 57.5 54.5 49.8 44.7 39.9 37.2 36 34.1 34.6 32.7 31.4 30.1 29.9 30.4 31.8 33.7 35 35.9 37 36.2 35 33.1 30.9 28 25.2 24.3 26.8 28.8 27.4 25.2 21.6 20.1 18.8 16.4 14.8 12.7 11.2 9.2 7.7 6.2 6 5.5 4.9 5 4.5 3.6 3.3 3.1 2.8 2.8 2.8 2.5 1.2 -0.5 -0.5 -0.5 -0.5 -0.5 -0.5 -0.5 -0.5 -0.5 -0.5 -0.5 -0.5 -0.5 -0.5 -0.5 -0.5 -0.5 -0.5 -0.5 -0.5 -0.5
68.2 63.1 66 70 72.5 74.1 74.7 71.7 68.7 65.5 62 59.3 52.9 47.2 43.5 40.9 40.8 42.4 40.6 38.7 37.6 36.5 36.3 36.5 38.7 41.7 39.3 41.8 43.4 42.1 40.6 38.6 37.1 34.9 30.8 29 29.7 30.3 29.3 27 24.5 23.9 23.4 21.7 19.9 18 15.1 12.2 11.1 10.1 9.1 8.4 7.4 6.7 5.6 4.8 4.7 5.4 3.7 3.1 2.2 1.8 1.7 1.5 0.1 -0.5 -0.5 -0.5 -0.5 -0.5 -0.5 -0.5 -0.5 -0.5 -0.5 -0.5 -0.5 -0.5 -0.5 -0.5 -0.5 -0.5 -0.5 -0.5
67.1 67.4 72.3 74.1 76.3 77.3 77.2 74.7 70.8 67.6 65.4 60.3 54.6 50.7 47.5 45.2 46.7 48.2 45.8 45.5 45.1 44.7 45.2 46.2 48.1 46.4 43.5 47.3 48 47.8 46.1 44.2 42.3 39.2 34.9 32.1 32.3 32 30.8 29.5 30.1 30.5 29.3 27.4 25.3 25.1 23.3 21.2 20 17.5 15 13.7 12.3 11 11.7 13.4 12.9 12 12.2 10.2 6.5 5.3 4 3.1 2.8 -0.5 -0.5 -0.5 -0.5 -0.5 -0.5 -0.5 -0.5 -0.5 -0.5 -0.5 -0.5 -0.5 -0.5 -0.5 -0.5 -0.5 -0.5 -0.5
69.4 71.7 75.4 77.8 79.2 80.5 79.5 76.5 72.5 68.2 65 61 58.6 56.6 50.5 47.1 52.4 55.1 53.5 51 51.5 51.3 52.1 52.6 52.2 49.8 47.9 50.6 51.8 52 51.2 49.1 46.5 42.6 38 34.8 34.5 35.7 35.2 34.6 35.6 36.2 34.8 32.6 31 31.6 31 29.1 27 24.8 22.2 21.8 21.4 19.7 18.2 16.6 15.7 16.2 17.1 17.2 12.9 10.4 9.3 6.9 5.1 4.5 4.2 -0.5 -0.5 -0.5 -0.5 -0.5 -0.5 -0.5 -0.5 -0.5 -0.5 -0.5 -0.5 -0.5 -0.5 -0.5 -0.5 -0.5
72.5 76.2 79 81.2 82.6 82.9 81.4 78.1 73.4 68.7 65.2 64.4 63.4 60.6 55.1 50.7 57 61.2 60.1 58.1 56.4 57.2 58.8 56.8 55.6 52.7 51.7 54.3 55.3 55.7 55.4 53.1 50.8 45.9 41.5 38.2 39.7 40.1 39.6 39.9 40.9 40.5 39.5 37.8 37 37.9 38.3 35.5 32.3 30.3 28.5 27.2 26.4 24.9 23.6 22.7 22.5 21.5 21.9 22.4 20.6 18.4 15.4 12.2 10.7 9.9 9.1 7.1 3.1 -0.5 6.6 13 12.1 8.1 6.4 6.3 4.4 -0.5 -0.5 6.1 4.8 -0.5 -0.5 -0.5
75.7 80.5 83.1 84.9 85.4 84.3 82.2 79 74.5 69.6 68 67.1 66 63.7 58.8 54.3 60.8 66 64.8 63 61.6 63 61.8 58.5 57.2 58 57.3 57.3 58.3 59.8 60.3 58 54.2 49.5 45.6 43.5 44.1 45.6 45.7 45.6 46 45 43.4 42.3 42.7 43.3 42.4 39.9 37.8 35.9 34 32.8 31.2 29.9 29 28.7 28.7 28.6 28.2 27.8 27.2 25.2 23.1 19.6 18 15.9 14.6 13 10.3 9.8 13.1 19.2 20.1 18.8 17.2 14.6 13.1 12.6 13 10.5 -0.5 -0.5 -0.5 -0.5
79 84.1 86.3 88.4 88 86.1 82.9 80.3 75.6 71.6 70.5 69.7 69.1 66.8 63.3 58 64.1 69.7 70 68 67.8 66.3 64.2 61.9 61.5 61.6 61.6 62.5 64.6 65 64.3 61.8 57.9 53.7 50.2 49.9 50.4 51 51.3 51 50.8 49.1 46.7 45.8 46.7 48 47.6 45.6 43.4 41.2 39.4 38.6 37 35 34.9 34.9 34.8 34.5 33.2 32.2 31.2 29.9 28.2 26.6 24.9 23.1 21.3 19.6 18.9 18.4 19.1 25.9 28.8 28.7 26.7 24.8 23.3 -0.5 -0.5 -0.5 -0.5 -0.5 -0.5 -0.5
81.8 86.7 89.6 90.5 90.3 87.8 84.7 81.8 79 76.2 73.4 72.6 72 71.3 67.7 63.5 67.9 72.6 74.4 73.1 71.1 69.4 67.3 67.4 66.9 67.1 66 65.7 68.7 68.4 67.7 65 61.6 57.9 56.1 55.6 57.6 55.8 56.7 56.1 54.9 54.2 51.6 49.7 50.7 51.1 51.4 50.3 48.1 46.5 44.8 44.3 41.8 39.4 41.1 41 40.7 39.5 38.2 37.4 36 34.7 33.2 32.2 31.2 30.4 28.4 26.1 26.1 27 27.4 27.4 34.7 35.3 34.4 12.9 -0.5 -0.5 -0.5 -0.5 -0.5 -0.5 -0.5 -0.5
85 89.1 91.5 92.9 92.7 90 87.6 85.2 81.9 78.5 77.3 76.8 76.2 74.5 69.9 65.2 69.9 74.1 76.7 76 73.7 71.4 70.3 71.3 71.2 71 70.5 70.3 70.7 71.8 71 70.1 66.6 64 62.8 62.9 62.3 62.3 62.7 61.9 62.2 60.4 59.5 58.2 58.4 55.9 55.6 55.1 52.9 51.5 50.5 49 47.2 46.8 47.2 46.9 45.8 45.2 44.6 43.9 42.8 41.3 40.4 39.8 39.3 37.4 34.6 32.6 32.7 32.1 34.5 36.2 38.7 32.6 -0.5 -0.5 -0.5 -0.5 -0.5 -0.5 -0.5 -0.5 -0.5 -0.5
87 90.6 93.4 95.8 95.5 93.2 90.9 88.4 85.2 82.1 80.8 80 79 75.4 70.4 69 73.2 76.2 77.4 78.7 76.4 74.1 73.9 74.5 75.1 74.9 74.8 74.6 74.5 75.2 75.6 73.8 71.7 69.8 68.8 68.9 67 67.3 68.6 68.9 71.3 66.7 66.5 66.4 65.5 65.5 64.1 62.1 59.7 58.3 57.1 54.4 53.1 53.1 53.1 52.5 51.3 50.4 49.5 48.7 48.3 47.9 47.3 46.5 45.2 44.3 41.6 39.3 39.1 39.1 40.5 42.2 29.3 -0.5 -0.5 -0.5 -0.5 -0.5 -0.5 -0.5 -0.5 -0.5 -0.5 -0.5
90.4 92.6 95.4 97.5 97.9 95.8 93.9 91.4 88.6 85.9 83.5 81.8 80.1 76 71.8 73.5 76.8 78.7 80.1 81.1 78.5 76.7 76.6 77.3 78.7 79.1 79 78.9 78.5 79.2 79.6 77.8 76.3 76 75.2 74.6 76 75.9 75.3 75 74.6 79.2 73.1 74.3 74.5 74.1 73.4 71 67.9 66.1 63.5 61 59.6 59.5 59.5 58.8 56.9 55.5 54.6 54.4 54.1 54 53.5 50.9 50.3 49.8 48.9 46.8 45.8 45.9 46.9 44 -0.5 -0.5 -0.5 -0.5 -0.5 -0.5 -0.5 -0.5 -0.5 -0.5 -0.5 -0.5
93.1 95.1 97.4 98.8 99.6 98.3 96.6 94.4 91.9 89.3 86.8 84.2 81.7 77.7 73.8 78.9 82.1 81.9 82.4 82.8 80.8 80.1 79.8 80.3 81.9 83.2 83.2 83.1 82.5 84.6 83.8 82.8 82.9 82.8 82 81.4 84 84.7 87 84.8 80 84.2 83.8 83.4 81.4 79.7 77.8 76.9 74.2 71.7 68.6 66.3 66.2 66 66.4 65.1 63.3 61.2 60 60 60.1 60.2 60.1 56.6 55.6 54.7 54.2 52.5 51.7 51.3 53.1 -0.5 -0.5 -0.5 -0.5 -0.5 -0.5 -0.5 -0.5 -0.5 -0.5 -0.5 -0.5 -0.5
96.1 98.1 99.7 102 102 100.9 99.3 97.3 94.9 92.4 89.2 86 83.2 79 77.5 83 84.9 85.3 84.7 84.5 84 83.5 83.5 84 85.4 86.8 87.9 88 87.6 89.1 89.6 89.4 88.8 88.9 88.5 89.3 89.9 90.5 91.1 91.2 85.3 90.2 90.9 87.2 89.1 86.7 85.2 83.3 81.6 79.3 74.7 72.5 70.8 70.9 71.9 69.9 68.1 65.8 65.7 65.2 64.1 63.7 63.8 60.5 58.8 57.3 57.6 59.5 57.4 56.2 37.5 -0.5 -0.5 -0.5 -0.5 -0.5 -0.5 -0.5 -0.5 -0.5 -0.5 -0.5 -0.5 -0.5
100.1 101.9 102.1 104.1 104.2 103.2 101.9 100.2 97.3 94.5 91.5 88.2 84.7 80.7 81.9 86.9 88.4 88.4 87.4 87.3 88.3 88.1 88.1 88.1 89.2 91 92.5 92.3 92.4 93.6 94.5 94.3 94.5 94.5 94.4 95.1 95.9 96.4 96.3 96.5 96.6 98.8 96.1 94.6 94.1 93.1 91.6 89.8 88.1 86.6 81 79.2 77 76.4 75.8 72.6 71.7 70.8 70 69.1 66.9 66.6 65.8 63 61.4 59.6 58.3 59.5 58.7 49 13.2 -0.5 -0.5 -0.5 -0.5 -0.5 -0.5 -0.5 -0.5 -0.5 -0.5 -0.5 -0.5 -0.5
103.6 104.8 104.6 106.1 106.4 105.4 104.3 101.7 98.9 95.9 92.3 88.4 84.8 82.7 86 90.7 92.3 91.2 90.2 91.3 92.3 92.4 92.3 92.2 93.3 95.2 97 97.1 97.2 98.4 98.6 98.7 100.1 100.3 100.3 100.9 101.9 102.2 101.6 102.6 106.6 106.8 104.9 99.5 98.5 98.4 97.4 95.1 92.3 90.1 87.9 85.6 82.5 81.3 78.2 75.1 73.9 72.3 72 71.5 69.9 68.2 64.9 62.8 59.8 56.8 56.7 56.7 55.8 33.8 -0.5 -0.5 -0.5 -0.5 -0.5 -0.5 -0.5 -0.5 -0.5 -0.5 -0.5 -0.5 -0.5 -0.5
