UK/data/no/no49_OST50GRID_20230518/NO49.asc
ncols 200
nrows 200
xllcorner 340000
yllcorner 790000
cellsize 50
[rows 70 to 104 of 200, columns 78 to 155 of 200]
227.4 239.9 246.6 254.3 264.6 272.1 279.3 290 292.1 292 290.6 291.1 282 278.6 273.8 272.8 271.2 270.6 269.5 268.2 271.4 277.4 282.5 293.6 298.6 306.9 318.7 330.1 336.7 344.1 344.5 337.2 330.8 324.3 316.8 313.7 313.6 316.2 327.3 338.5 348.7 352.9 348.5 345.8 348.1 347 339.9 334.4 328.5 325.4 324.5 324.6 320.6 317.9 313.4 315.1 316.3 312.9 310.8 310 299.3 289.3 276.7 267.6 261.5 254.7 248.2 239.9 232.4 224.4 216.4 207.7 199.9 196.7 191.3 188.5 180.4 174.8
232.2 245.2 249.4 256.7 268.7 276.9 285.4 290.5 297.2 297.8 297.5 296.6 289.7 283.8 280 277.7 275.9 275.3 273.4 271.9 274.1 280 285.8 293.3 301.6 312.3 325.4 337.4 343.3 347.1 348.1 345.2 340 334.2 327.8 326.3 327.8 332.3 335.6 343.5 350 353.4 351.5 351.3 353.5 350.3 342.7 336.4 330.2 325.6 322.2 315.5 310.8 307.6 306.4 307.3 303.5 300.3 295.3 288.8 279.8 267.8 260.2 254.5 248.2 241.5 236.5 231.3 224.5 217.1 209.3 201.8 195.2 189.5 186 180 175.5 170.1
238 237.5 253.2 259.8 267.6 276.9 283 291.3 296.6 299.8 305.8 304.2 294.6 289.7 284.7 282.3 280.3 282.3 278.8 277.4 277.2 282.4 290 295.1 305.6 318.5 332.5 345.2 354.1 356.7 358 357.6 353.5 348.4 342.6 338.2 341.5 341.8 344 351 355.5 358.5 357.8 359.7 357.1 354.8 348.3 339.7 332.5 325.1 321.8 316.7 309.2 305.6 301.2 293.5 287.2 284.2 279.2 269.5 260 253.1 246.7 239.2 235 233.8 230.2 224 217.7 212.7 205.6 195.7 190.4 186 181.9 177 170 165
241.6 242.9 253.8 260.6 267.7 275.1 281.7 287.3 294.8 303.8 310 305.9 297.5 294.6 291.2 285.2 285 286.8 286 282.7 281.9 286.3 293.6 298.9 309.2 323.5 337.8 350.4 362.3 366.7 367.5 368.6 365.8 361.4 357.4 354 352.4 348.5 351.2 357 359.7 363.4 362.8 362.2 361.4 358.8 352.1 342.8 334.4 327.1 321.2 316.2 311.3 307.4 296.4 291.5 283.2 271.3 263.4 256.7 248.3 241.9 235.7 230 227.6 228.4 221.9 216.4 214.2 207.8 197.7 192.9 187.1 181.5 177.3 172 167.6 163.8
251.2 252.4 255.2 261.3 268.8 273.9 281.1 287.3 294.6 303 308.2 306.7 305.3 305 297.1 292.9 292.2 292.6 292.5 291.3 289 290.7 295 301.5 314.2 328.4 342.1 354 364.4 371.4 373.1 375 376.6 374.2 370.1 366 362.8 358.2 358.2 362.8 364.2 365.1 366.9 369.7 366.8 361.6 355.6 347.6 337.9 329.2 324.3 321.1 314.9 306.8 299.8 289.3 276.9 267.2 256.3 248.6 242.2 235.9 229.6 224.2 218.3 212.5 208.8 206.9 202.8 198.6 195.4 190.5 185.2 180.1 173.8 169.9 166.3 160.9
255.6 258.6 259.2 265.4 271.3 276.4 283.1 290.1 297.8 306.3 311.7 315.3 314.6 312.5 304 301.1 299.7 299.3 298 297.4 293.9 295.7 299 307.4 319.3 333.3 347.5 359.7 372.1 378.8 379.2 377.5 377.3 376.8 377.4 375.8 373.1 370.1 367.1 366.8 367.8 368.1 371.4 372.2 370.8 367.4 360.7 350.8 343 333.5 329.5 324.5 320.9 313.4 302.1 286.4 275.1 263.8 252.8 246.3 239.4 232.9 225.4 218.2 211.5 206.9 204 201.4 198.9 196.7 191.4 186.5 181.7 176.4 172.4 169 164.9 157.9
260.6 264 264.6 270.7 275.3 280.6 286.7 294.2 302.1 311.1 316.7 320.9 323.7 323.1 316.7 309.7 308.4 305.7 304 302.1 300.7 303.7 306.7 314.7 326.6 340.7 352.1 362.5 373.7 379.5 381.9 374.1 369.9 371.3 374.3 379.9 374.7 369.6 369.3 371.2 376 376.7 378.8 380.7 378.9 376 366 354.6 346.9 337.9 335.3 331.3 325.9 314.8 302.9 288.7 275 263 250.9 242.2 234.1 228.8 221.7 213.1 207.8 203.4 200.4 198.3 196.2 192.4 189.2 186.1 181.3 174.3 170.4 165.2 159.2 159.8
264.5 267 271.2 275.2 279.8 284.4 291.6 301.1 308.9 318.7 327 329.1 333.1 332.3 329 320.4 315.6 311.6 308.6 307.3 306.8 308.8 312.6 324.1 335.3 345.8 357.5 365.5 367.7 369.3 368.3 365.8 364.1 365.5 368.3 366.5 368.1 368.6 369.3 373.5 379.5 382.4 387.3 386.5 383.7 379.8 371.7 360.1 353 347.1 338.9 338.8 332.2 318.6 305.4 292.1 275 261.2 248.7 238.9 232.9 225.8 216.6 210 205.6 201.9 198.4 195.7 193.3 188.6 186 181.5 176.2 170.6 166.6 159.8 159.9 160
271.6 273.7 276.9 281.7 285.4 292 300.5 309.2 317.5 325.6 335.7 340.9 343 342.3 337.8 332 324.3 318 315.2 314.4 312.3 313.3 322.6 333.2 343.5 353.1 362.2 367.3 370.8 368.3 365 361.9 358.2 356.1 357 358.1 362.8 364.7 368.1 375.5 381 384.9 390 391.2 390.4 387 379.6 368 362.5 357.5 348.5 341.1 338.9 323 306.5 293.9 272.6 260.2 248.1 237.6 229.8 223.6 215.9 209.6 205.2 201.6 198 193.9 189.3 186.4 182.4 177.7 172.7 168.2 161.7 161.1 160.7 160.4
276.4 279.7 283.8 286.1 291.1 301.7 311.3 318.4 327.1 337.5 346.9 349 349.6 348.5 346.4 342.8 333.8 327.2 322.5 320.7 319.2 322.6 330.2 340.8 350.4 357.2 363.3 367.4 369.3 365.5 360.6 354.2 352.3 349.9 351.3 355.6 358.6 362.4 366.6 375.2 383.1 387.6 392.4 395 393.9 392.5 383.8 375.4 368.5 358.7 349.1 343 336.5 322 305.6 288.3 273.2 262.6 244 235.5 228.2 222.4 215.5 208.6 204.4 200.4 195.6 190.1 186.2 181.7 177.6 173.5 170.2 162.6 161.8 160.2 161.4 161
282.1 285.6 289.2 293.3 300.9 309.9 319.2 327.8 338.1 349.3 357.6 358.3 360.5 359.4 358.9 354 344.4 335 329.8 327.4 326.2 329.3 334.8 344 354.5 358.7 361.9 362.9 361 356.5 350.8 348.8 346.3 345.3 347.1 351.5 355 359.6 363.8 371.3 382.2 387.7 394.7 400.6 396.7 394.4 387.3 379.8 371.4 361.8 353.7 341.3 332.2 319.1 304.7 287.2 271 257.2 244.3 234.8 229 222 212.8 207.1 199.9 192.3 188.7 183.5 181 178.5 177.4 171.9 162.6 162.6 162.5 161.4 161.8 161.7
289.5 292.4 297 301.7 309.1 320 328.9 338.5 349.4 359.6 368.4 373.7 373.9 372.6 368.4 364.1 353.6 344.5 339.2 335.5 333.8 336.8 342.3 349.3 357.2 359.3 359.2 357.5 353.4 350.5 346.9 344.7 342.5 342.5 344.1 346.2 351.5 355.9 361.3 367.5 378.8 387.2 394.7 403.5 405.8 400.7 391.1 382.7 373.8 365 358.9 347 329.9 317.3 300.5 282.5 268.8 254.9 244.1 236.2 228.1 217.5 211.8 203.2 194.3 189 186.8 182.4 178.4 176.6 173.1 168.1 164.2 163.5 162.6 162.4 160.9 162
297.7 303.8 311.4 312.7 317.9 327.6 337.7 348.7 358.9 369.6 378.4 381.7 386.3 384 378.8 376.1 362.9 353.2 348.2 344.2 343.8 347 347.8 352.1 357.6 356.7 353.2 351.3 348.5 344.2 343.1 341 339 338.8 340.1 342.1 344.6 349.3 355.6 362.5 371.3 382.5 388.8 396.7 402.5 398.1 391.3 382.6 371.5 365.8 359.5 348.6 332.9 315.4 299.8 286.7 273.3 258.2 245.3 236.8 224.6 215.9 211.5 202.3 197.3 194.3 189.9 185.4 181.2 177.8 174.5 168.9 163.4 164.4 163.2 162.8 162.3 162.4
313.4 315.5 320.3 326 330.2 338.4 349 359.9 369.2 380.8 389.5 395.2 398 394.1 390 386 373.7 365.9 360.8 355.3 352.8 352.8 353.1 353 353.1 353 348.4 344.1 340.8 339.9 339 336 334.4 332.7 335.6 338.9 341.6 346.3 348.4 355.9 363.7 373.1 380.8 386.1 390.8 391.1 385.6 375.4 369.3 365 357.2 346.3 336.2 320.1 303.8 291.7 277.4 258.7 248.2 231.9 229.3 221.5 215 209.1 203.7 198.7 193.9 189.1 184.1 181 176.2 169.7 165.1 164.4 164.7 163.3 163.1 163.1
320.1 327.2 333.2 336.2 341.4 350 360.8 370.6 379.6 392.5 401.3 407.7 407.9 407.2 400.4 396.1 385.5 378.7 372 367.7 363.8 363.1 358.3 357.3 354.6 350.4 346.4 342.2 339.1 334.4 332.9 330.1 328.5 325.8 330.9 330.9 335.7 340.3 342.5 348.9 355.4 365.4 374.9 379.3 381.8 382.2 376.5 366.7 361.7 359.9 353.5 347.6 336.7 324.8 309.3 293.9 282.3 269.8 254.9 246 237.7 229.8 223.6 213 207 200.5 195.8 190.5 185.4 179.1 172.6 172.5 170.1 166.5 164.6 164.5 163.4 163.1
332.2 338.7 344 346.8 349.3 360.1 370.6 381.1 392.2 402.2 410.5 414.6 416.2 414.8 410.9 405.1 398.3 390.8 386.2 380.3 376.6 371.2 365.3 361.3 355.8 352.4 348.5 343.4 338.9 334.5 331.2 328.1 326.8 325.2 322.5 325.2 328.7 334.6 338.1 343 348.9 357.8 367.8 373.1 374.3 371.9 365.9 360.6 356.1 351.6 349.5 347.2 338.7 325.6 312.1 298.2 285.5 272.7 260.8 252.2 243.2 233.4 227.6 217.5 211.7 204.5 197.9 192.5 187.1 181.6 176.1 174.4 172.2 170.1 165.7 165.5 161.4 164.9
339.5 346.7 352.7 356.8 361.3 369.3 379.5 389.9 401.1 409.9 419.5 424 425.8 424.7 420 414.8 410 405.1 401 394.8 389.1 380.9 372.4 364.3 359 354.3 349.5 344.1 339.4 334.2 331.6 328.4 326 324.1 323 319.1 323.1 329.8 332.4 338.6 343.2 352.1 361.8 367.3 369.6 364.6 360.6 357.1 352.5 348.8 343.6 340.2 335.8 324.7 313 301.1 288.8 278.1 268.7 258.8 250 241.3 232.1 221.5 214 206.4 199.8 192.5 187.6 182.1 178.8 176.3 173.8 171.9 170.7 165.5 162 166.1
347.4 355.8 360.4 365.2 371.5 379.3 388.9 399.8 411.3 419.7 427.1 433.5 435.7 437.8 434.2 426.9 426.3 422.8 417.9 410.3 402.3 392.3 381.3 370.7 361.9 356.5 351.2 344.9 340.4 334.2 331.9 328.7 324.3 322.4 321 318.7 319.2 322.2 325.7 333 339.8 346.3 352.8 358 360.7 359.1 354.7 350.7 346.3 342.2 336.5 334.8 332.7 325.4 316.1 308 299.1 289.8 280.9 270.6 256 244.1 232.8 222.5 216.9 210 201.1 191.4 187 183 180.3 177.4 177.9 171.6 171.4 166.7 163.8 170.3
355.6 363.4 368 373.2 380.1 388.1 397.5 408.3 419.2 428.9 437.4 443 447.5 448.8 447.5 444.8 443.9 439.3 433.4 424.2 413.1 402.1 390.7 378.4 368.2 360 352.6 347.1 341.9 336.8 331.8 327.3 323.9 321.6 320 317.2 314.1 317.6 318.3 325.9 332.2 340.2 347.5 352.5 355.1 356 355.1 352.5 348.5 343.1 337.3 334.6 331.5 326.9 322.3 317.7 307.1 294.2 286.9 275.7 259.5 244.8 232.5 223.1 215.4 208 200.7 192.9 190.5 185.2 181.8 180.2 176.9 172.7 170.7 167.9 164.1 169
361.4 368.2 374.3 380.4 388.4 397.6 407.7 418.4 429.4 439.3 447 453.1 457.3 460 458.2 456 455.9 451.9 446.3 435 422.7 411.3 399.8 387.6 377.4 367.1 358.9 351 345.1 340.6 336.2 332.3 328 323.6 320.1 317.2 314.2 311 314.7 318.8 324.2 333.3 341.8 350 352.8 354.2 356.2 350.2 343.9 339.1 335.9 334.8 331.4 328.2 323.3 318.3 310.4 297.9 288.7 275.5 261.2 244.8 232.8 224.7 215.9 206.2 200.1 196.4 192.7 188.9 188.5 182.9 178.3 174.5 171.2 166.4 163.7 171.2
366.1 372.5 378.5 387.1 396.2 404.6 415.2 428.7 439.6 449.3 456.2 461.6 465.4 469.4 467.1 465.9 464.4 458.6 452.1 441.7 430.4 419 408.4 399.1 388.1 377.8 369.8 361.4 353.8 346.8 339.8 335.2 331.2 326.6 322 317.1 313.1 310 310.7 315.1 319.6 323.9 332.4 340.1 344.4 345 346.3 344.2 339.8 335.1 331.6 329.3 329.7 329 324 317.2 311.5 300.7 289.4 274.9 262.6 247.8 240.1 229.5 223.1 214.5 206 200.1 197.9 194.3 191.4 187 181.7 176.5 174.3 169.4 167.4 171.4
371 377.5 385.6 393.2 402.4 412.4 424.7 436.3 447.3 457.4 464.9 470.3 473.2 474.2 475.2 472.5 469.4 464.2 457.9 446.7 437.3 427.3 419.6 408.9 399.8 389.6 380.4 370 361.4 353.1 345.9 337.8 333.5 328.5 323.9 318.5 313.1 309.2 307.2 311.1 315.9 319.2 323.5 329.7 333.6 337.1 336.4 337 334.5 329.8 325.9 323.5 323.6 325 324.3 318.7 313.8 302.9 290.7 276.9 266.2 253.8 244.8 240.6 233 226.3 219.1 210 207.9 203.7 195.3 188.2 183.5 178.5 173.8 170.2 169.1 168.5
375.4 382.4 390.1 398.1 407.8 418.8 430.9 443.3 454.8 464.5 471.7 477.4 479.4 479.8 482 477.1 471.9 467.6 459.5 449.5 442.1 434.9 426.3 418.2 409.8 400.4 389.4 379.4 370.1 360.9 352.3 342.7 336 330.3 324.5 319.5 314 309.5 304.8 307.3 312.3 316.2 319.9 321.9 326.3 330.6 332.4 330.6 328.8 324.4 321.6 318.8 317.7 318 318.7 318.6 312.6 305.4 292.5 281.5 268.9 260.8 255.5 250.7 247.2 240.8 229.8 221.8 214.5 206.7 201 191.8 186.8 181.1 175.9 170.3 170.3 165.4
382.7 388.4 396.4 405.2 415.1 426.5 438.8 450.3 460 469.6 477.1 482.2 484.8 486.2 484.4 476.2 471.2 464.5 457.9 450.1 445.2 439.7 432.4 425.2 417.9 408.9 399.3 387.5 378.9 370.9 359.5 349.7 340.1 332.7 326.4 321.3 316.3 309.4 304.4 302.4 306.4 311.1 314.9 315.8 319.5 325.6 326 325.7 324.3 322.1 315.8 314.3 313.4 313.9 317.4 317.1 313.1 306.7 295.8 283.7 277.3 272.7 269 267.8 262.2 253.6 239 227.2 217.4 210.1 201.8 194.2 187.8 183.8 179.9 174.8 170.3 170
390.5 395.7 403.1 412.3 422.9 433.6 445.1 456.5 465.4 473.3 479.9 484.8 486.7 486.9 482.1 471.1 466.1 459 453.1 449.2 445 443.3 438.7 430.7 423.8 416.2 406.4 395.8 387.5 375.9 365.3 356.3 344.8 333.7 327.5 322 315.9 311.1 304.6 299.8 302.5 306.1 309.3 311.4 312.3 317.8 319.9 317.4 315.2 312.3 309.8 307.5 306.4 308.7 312.9 316 311.7 310.3 300.4 290.7 286.9 285.3 286.2 283.4 275.9 262.3 241.3 231 221.6 213.4 205.8 197.7 192 186.8 180.2 174.8 174.8 173.8
397 401.3 409.1 419.2 430.6 441.1 451.5 461.5 469.9 476.7 482.1 485.2 486.1 483.1 475.4 464.4 458.3 452.8 447.8 444.2 442.8 441.8 438.6 433.8 429 421.7 412.5 401.4 392.2 381.2 370.2 359.4 348.5 335.4 327.4 322 316.6 310.9 304.9 299.9 298 301.1 304.8 305.8 307.7 308.8 312.3 311 309.1 305.6 303.9 303 302.5 304.7 308.8 312.3 311.9 313.3 305.3 296.3 295 295.7 298.8 297 287.2 269 246 234.3 224.4 215.5 208.7 200.8 195.6 186.8 179.3 174.8 174.8 175.1
402.2 405.9 415.6 426 436.7 447.2 458.5 467.9 474.4 479.4 482.8 484.1 482.5 476 465.2 455.2 449.9 445.5 440.9 437.4 437.6 438.2 437.7 435.5 432 424.8 415.9 404.9 395.2 384.8 374 363 350 337.9 328.9 323.1 316.8 311.7 306.1 298.2 293.5 296.3 298.5 301 300.2 301.4 303.4 300.3 298.9 295.7 297.4 296.5 298.9 301.7 307.9 312.3 313.8 313.6 309 305.6 310 313.8 313.1 312.2 293.9 274.1 255.2 238 227.4 218.5 212.2 204 195.5 190.2 179.6 174.8 174.8 174.8
407.9 413.3 421.9 431.9 442.7 454 464.7 472.5 478.2 481.5 482.9 481.7 477.1 468.5 456.1 447.2 441.6 436.4 432.3 430 430.1 432.7 433.9 434.2 431.9 425.6 416.3 405.8 396 384.6 375.5 364.9 352.8 340.5 329.8 322.8 317.1 311.9 307.6 301.4 294.4 289.1 291.3 293.4 293.6 293.1 294.3 294.4 291.3 290.3 290.2 290.6 294 299.3 304.5 309.7 315.1 315.4 314.4 318.3 320.4 322.1 321.8 318 302.9 278.5 259.1 244.9 234.2 225.8 216.1 208.4 201.2 194.3 180.4 174.8 174.8 174.8
414.6 420.8 427.8 437.6 448.7 459.5 469.4 477 481.1 482.6 481.7 477.7 471.4 461.2 448.9 437.6 432.2 426.4 422.1 420.2 421.8 424.8 427.9 430.2 428.3 423.3 415.5 406.5 395 384.9 376.6 366.4 354.9 343.5 332.8 322 317.2 311.7 307.1 303.1 296.4 289.7 285 286.2 284.8 285.3 283.8 282.4 283.2 284.4 282.3 285.1 289 294.3 301.3 307.3 312.9 315.6 318.4 322.8 324.6 327.6 324.6 318 304.3 286 271 256.4 244.2 234.2 222.9 214.4 203.4 194.3 180.8 174.4 175 173
422.6 427.2 433.4 443.8 454 463.3 473.7 480.3 483.8 483.6 479.3 473.3 465.3 452.6 439.2 428.9 422.1 418 413.7 412.3 414.1 418.2 420.8 424.1 423.3 419.8 412.4 404.5 393.6 384.4 377.4 367.2 359.1 347.9 337.8 328.5 318.8 312.5 306.6 302.2 297.6 293.6 288.8 278.6 279.6 277.1 278.5 277 277.1 278.1 278.2 279.7 282.6 287.1 296.1 302.5 306.3 311.3 314 316.4 319 319.4 316.9 312.8 301.8 281.7 270.2 258 245 235 221.7 212.5 202.1 194.6 180.2 176.5 174.8 172.5
427.9 432.4 440.1 449.1 458.1 467.3 476.7 482.4 485.6 482.8 476.1 468.5 457.6 443.9 431.9 421.9 414.8 409.6 405.5 404.4 406.1 411.2 413.8 416.8 417.4 414.6 409.3 400.7 392.3 385 377.6 368.1 362 354.5 344.6 334 322.6 312.2 306.1 302 297.9 294 288.6 281 274.7 272.2 270.9 270.9 270.7 272.6 273.4 274.8 277.9 282.8 289.2 297.3 301.6 306.5 311.2 310.3 307.8 307.1 304.8 302.3 294.2 278.2 266.4 254.7 242.6 230.6 219.1 207.9 198.6 187 178.5 175.3 173 171.4
433.7 438.6 445.3 452.5 461.6 470.3 477.7 482.9 482.8 478.3 469.7 461.1 449.8 435.7 424 414.7 407.7 402.1 398.5 396.2 397 400.9 406.2 409 409.5 408.5 404.2 397 389.4 383.2 377.3 370.1 364.7 358.9 348.7 338.8 325.9 315.1 307.2 303.8 298.9 294.5 288.5 282.6 274.5 268.8 265.1 264.7 263.8 265.6 267.6 269.4 272.9 277.8 284.7 292.1 297.1 302.2 304.7 303.8 299.2 293.8 291.6 289.4 283.5 270.6 261 250.1 234 222.4 215.9 205.3 193.6 183.9 176.5 173.4 173 170.9
440.9 443.9 449.4 455.1 462.6 470.8 477.5 479.9 477.5 470.9 461.2 452.4 441.4 428.3 417.3 407.4 400.1 394.8 390.8 388.3 388.3 392 397.4 400 402.8 401.7 398.4 393 386.8 381.1 376.8 371.7 366.1 361.1 353.7 343.6 331.3 320.6 309.7 303 298.6 294.9 289.2 282.4 276.5 270.5 265.1 260 256.5 260 261.3 265 267.1 274.3 280.2 287 291.9 299.6 300.1 295.5 286.2 284.6 280.8 277.2 270.6 261 247 232.9 226.6 218.3 208 195 187.8 179.6 174.8 174.2 173.5 172.9
449.3 451 452.9 456.7 461.8 468.2 472.5 473 469.1 460.1 450.1 441.3 431.1 418.6 408.3 399.9 393.4 386.9 384.9 383 380.1 383.2 387.3 391.9 393.5 392.3 391.5 386.6 383 378.2 375.9 372.4 368.9 365.6 358 348.9 339.9 326.7 314.3 304.4 299.5 295.2 291.2 284.4 277.6 272.3 266.7 261.3 256.9 252.6 256.2 258.8 261.2 267.7 275.1 280.4 286.1 290.4 290.1 281.8 275.4 269.3 266.1 263.4 257.1 245.9 234.7 228.4 218.5 206.5 196.6 189.7 180.3 175 174.5 175.5 172.9 172.6
456.2 455.2 454.9 456.8 458.9 462.9 465.2 463.8 457.6 447.1 438.2 430.3 419.1 409.7 401.4 392 385.8 376.6 376.2 373.1 370.8 373.6 376.2 381.7 383.5 383.8 383 380.7 377.2 374.1 373.1 371.8 372.5 368.4 362.6 354.8 345.6 332.3 320.3 310.7 303.4 297.7 292.5 287.3 279.7 275.9 271.7 265.4 258.9 252.9 248.3 251.9 255.1 262.2 267.8 273.7 279.2 280.2 274 266.5 258.2 253 247.7 243.3 239.4 232.5 225.4 217 205.1 196.5 186.2 179.2 176.6 175.5 176.6 174.1 175.1 172.7
