UK/data/sn/sn35_OST50GRID_20230518/SN35.asc
ncols 200
nrows 200
xllcorner 230000
yllcorner 250000
cellsize 50
[rows 140 to 174 of 200, columns 79 to 157 of 200]
206.7 202.4 192.9 165.3 146.2 137.3 137.3 142.7 155.4 154.2 163.1 180.4 192.8 199.4 204.2 209.7 213.2 216.6 217.9 217.5 217.7 218 219.4 220.6 222.1 222.9 224.4 224.8 224.9 224.8 224.1 223.2 221.5 219.9 217.7 216 213.6 212.5 211.7 210.6 209.2 206.3 201.3 196.4 191.5 189.1 184.6 182.5 183.5 182.9 184 184.4 185.4 186.4 188 187.2 189.2 191 191.5 190.7 191 192 192.8 193.7 193.8 194.2 194.8 195.2 196 197.1 197.9 201.8 205.4 207.6 208.4 208.1 207.7 207.7 207.6
201.9 192.9 185.3 162.2 146.5 139.1 139 150.1 177.5 183.8 171.8 165.3 185.7 197.1 203.9 209.2 214.4 217.8 219.3 219.2 219.9 220.4 222.6 224.3 225.7 227.5 228.9 229.9 229.8 228.5 228 227.3 226.2 224.3 222 220.5 218.9 216.4 214.5 213.1 210.9 206.4 200.1 196.3 191.2 187.8 183.8 184.8 184.4 184.1 184.9 185.8 186.7 187.9 190.7 190.5 190.5 191.8 193 192.2 193.2 194.8 196.2 197.5 197.8 198.8 200.1 200.4 201.7 203.8 204.1 204.4 209.5 212.5 213 213.6 213.1 212.6 211.7
205.9 191.5 166.2 153.7 144.2 141.5 145.8 164 188 191.9 192.5 192.3 181.6 195.1 203.2 209.6 215 218.8 220.6 221.5 222.4 223.3 224.6 226.7 229 231.5 233.3 233.8 233.5 232.5 231.1 230.1 229 227.7 225.4 222.8 221.2 219.6 217.3 213.9 207.6 202.5 199.3 195.5 187.2 185.7 184.9 185.2 185.8 186.6 188.7 190.8 191.3 192.2 193.6 193.9 193.2 193.7 194.9 194.8 196.4 198.4 200.3 201.4 203 205.1 206.4 207.3 207.3 209.4 210.7 210.6 211.8 216.2 217.2 216.7 216.9 216.5 215.9
198.1 177.9 160.3 149.9 143.4 145.1 154.8 178.6 190.8 194.7 198 199.8 195.8 194.4 201.7 209.5 215.8 219.9 222.3 222.9 223.5 224.5 225.6 227.7 230.3 232.6 234.2 234.9 234.6 234 232.8 231 229.9 228.9 226.9 224.2 222 219.2 216 211.9 204.6 201.1 197.4 190.6 186.9 186.7 187.1 187.9 188.3 190.2 192.6 194.3 194.3 195.2 195.7 195.5 196.2 196.1 197.1 198.7 201.4 202.9 204.5 206.5 208.7 211.6 213.9 215.2 215.9 215.1 215.8 216.2 216.3 218.8 220.2 219.8 219.9 219.8 219.6
196.5 168.8 156.3 148.2 147.3 154.8 173.8 187 192.6 197.6 201.3 203.3 204.6 204.3 204.1 209.7 215.6 220.9 223.3 224.6 224.7 225.6 226.9 228.4 229.7 231.3 232.4 232.2 231.9 232.2 232.4 231.1 229.3 227.4 225.4 222.7 219.6 216.1 212.3 206.4 202.6 200.1 193.5 190.3 191.4 191.1 190.9 193.8 195.1 196.3 196.1 196.5 196 197.5 197.9 198.4 199.5 200.8 201.7 204.2 205.9 208 209.8 211.7 214.9 218.5 219.9 221.4 221.9 220.5 220.9 221.6 221 221.4 222.5 223.2 222.4 222.7 223.3
202.1 172.5 151.6 148.7 156.6 170.7 184.7 190.3 194.9 199.6 203.3 205.5 208.6 209.3 211.8 212.6 217 221.5 223.6 225.2 225.5 226.4 227.7 228.5 229.1 229.3 228.5 227.7 227.3 226.6 226.6 226.6 224.8 222.8 221.2 218.5 215.5 212.1 208.1 203.4 200.5 193.7 194 195.9 197.3 197.1 198.9 199.6 199.4 198.9 198.9 198.8 198.9 199.4 199.5 200.4 203.4 205.3 207 209 211.4 213.4 215.7 217.4 221 223.1 226.3 227.8 228.6 228 225.2 225.2 225.7 224.8 225.3 225.9 225.3 225.9 226.4
199.5 169.6 150.7 156.3 169.8 178.8 187.5 193.1 197.4 201.9 205.3 207.7 211 214.1 216.1 217.8 218.6 221.5 223.3 225.5 226.7 227.2 228 228.2 228.1 227.7 226.2 224.9 223.9 223 222.2 220.6 219.8 218 215.3 212.2 209.1 205.9 203.1 200.5 195.4 197.7 199.1 199.8 200.5 201.6 202.4 201.9 201.7 201.5 201.4 202 202.4 202.6 202.7 204.2 207.8 209.1 211.2 213.7 215.5 217.5 220 223.1 226.3 229.7 232.3 233.2 233.7 233.7 231 228.9 228.6 227.8 228 228.4 228.5 228.9 229.4
198.1 167.5 153 162 181.9 185.2 190.3 195.9 199.7 203.5 206.5 210.1 213.3 216.5 219 220.8 221.6 222.6 224.2 226.1 227.1 227.4 227.5 227.7 227.3 225.7 224.1 222.4 220.8 219.5 217.5 216 212.9 209.8 207.4 205.8 203.9 202.1 200.2 199.5 199.5 200.5 200.6 202.7 204.1 204.4 204.7 204.6 204.7 204.7 205.6 206.8 208.9 209.6 209.8 212.6 213.8 213.9 215.4 217.2 219.4 222.3 225.3 228.4 231.9 235.3 237.7 239.8 240.1 238.4 235.9 232.3 231.1 230.7 230.8 231 231.1 231.6 232.2
199.9 169 155.3 163.5 184.8 189.2 193.3 197.3 201.3 204.2 207.5 212.3 215.8 218.4 221.4 222.9 223.1 224.3 225.6 226.7 227.4 227.3 227.2 226.5 225.8 223.8 221.9 219.8 217.5 215.2 212.5 210.9 208.3 206.6 204.6 202.9 201.9 200 201 201.3 202.1 202.7 202.2 205.7 206.5 207.1 207.7 208 209.8 210.8 211.3 211.7 213.5 215.1 216.4 218.9 218 218.6 218.4 220.2 222.8 226.3 229.4 233.3 236.8 240.3 242.8 244.7 244.1 241.9 238.2 235.7 234.1 232.9 233.1 233.4 234 234.6 235
202 177 158.9 164.7 186.2 192.3 194.8 198.6 201.4 204.7 209.6 214.1 217.1 220.5 223.6 224.5 224.4 225.4 226 226.6 227.5 227.6 226.5 225.1 224.1 222.6 219.8 217.7 214.9 212.2 210.2 207.9 206.6 204.6 203.5 202.7 202 201.8 202.2 203.1 204.5 205.6 206.6 207.6 209.8 211.2 211.6 213.6 215.2 216.5 217.1 217.3 217.5 219.4 220.4 220.6 220.6 220.8 221.1 222.6 226.6 229.4 233.7 237.3 241.4 244.3 246.7 246.6 245.6 243.4 240.9 238.1 236.1 236 236.2 236.1 237 237.4 237.7
200.6 181.8 160.7 163.1 180 192.2 195.4 198.5 201.6 206.1 210.8 215.2 218.5 221.9 224.8 224.2 224.2 224.2 224.4 224.8 225.9 226.2 225.7 224.3 222.9 221.4 218.5 215.8 213.4 211 209.5 207.8 206.6 206.1 205.1 204.4 204.1 204.2 204.8 205.1 206.4 207.9 209.6 210.8 212.4 214.6 216.3 218.7 220.1 221.4 222.3 222.9 222.4 221.7 221.9 222.1 222.1 223 224.1 225.6 229 233.3 236.7 240.8 243.5 245.6 246.5 246.9 246.3 244.7 242.6 240.8 239.5 239.3 239.4 239.6 239.7 239.8 240
198.1 188.8 169.5 161.4 174.2 188.1 194.5 198 200.9 207.1 211.9 215.5 218.7 221.5 222.9 222.6 222.2 222.1 222.4 221.3 222.5 222.7 223 222.6 221.6 220.1 217.9 214.8 213 210.9 210.5 209.2 208.8 208.4 207.3 206.7 206.5 206.8 207.6 208.8 209.8 211.9 212.5 214.5 216.7 218.5 221.3 223.3 224.7 225.9 226.5 226.7 225.9 224.1 223.6 223.6 224 225.4 226.5 228.9 232.4 236.1 239.5 241.8 243.4 245 246.2 247 246.6 245.1 244.4 243.1 241.8 241.7 241.9 242.7 242.3 242.4 242.5
197.5 189.5 180.7 179.5 169.7 177.3 190.4 193.2 201.4 207.3 211.8 214.7 217 218.9 219.4 219 218.4 218.8 218.8 218.7 219.2 219.6 219.8 220.3 220.1 219.1 217.7 215.2 213.6 212.9 212.4 211.5 211 210.8 210.2 210.1 210 210 210.9 212.5 213.5 215.3 215.8 217.6 220.4 223 225.3 226.8 228.6 230 230.5 230.1 227.6 224.8 223.4 224.2 224.6 226.1 228.5 230.1 234 237.6 239.4 240.8 242.7 244.3 245.4 246.4 246.3 246.2 245.9 245.1 243.9 244.1 244.2 244.8 244.4 244.5 244.6
196 192.1 190.4 189.4 184.7 172.6 181.2 191.1 199.1 205.7 209.6 212.3 214.3 215 214.9 214.4 215.2 214.3 214.4 215.4 215.9 216.8 216.9 218.6 218.6 218.3 216.3 216.4 216.4 215.6 215 214.2 213.5 213.8 213.6 213.4 213.3 213.3 214.2 215.9 217.3 218.1 220.9 223.1 224.6 226.6 228.7 230.1 232 233.3 233.2 232.9 228.5 224.9 222.6 222.9 224.6 226.1 228.3 230.9 233.1 236 238.2 239.9 241.6 243.7 244.8 245.8 246.6 246.7 246.6 246.4 246.1 246.1 246.3 246.7 246.8 246.2 245.9
193.9 193.1 193.9 192.8 190.3 174.8 177.3 186.1 193.1 201.6 206.4 209 210.4 210.3 209.5 208.6 208.1 208.2 208.9 209.6 212.2 213.9 215.5 218 218.3 218 218.3 219 218.9 218.5 219.2 219.2 217.5 217.6 218.3 217.5 217.5 217.6 217.6 219.9 220.7 222.8 225.6 227.4 229.2 230.7 232.2 233.5 234.7 234.6 233.2 231 226.6 223.1 218.7 221.8 223.9 224.9 227.1 229.4 231.6 234 236.1 238.6 240.7 242.8 244.5 245.6 246.6 247.3 247.3 247.5 247.5 248.1 248.3 248.3 247.8 246.8 246.1
193.3 195.1 196.4 194.8 192.7 183.1 180.3 178.2 179.6 183.2 192.5 197.7 199.5 200.7 201.9 202.8 204.4 204.5 205 207 209 210.9 215.3 217.7 218.7 219.9 220.7 221.7 222.1 222.8 223.3 222.8 223.2 222.7 222.2 222.3 222.6 223.9 225.3 224.5 224.9 227.7 229 230.6 231.9 233.2 233.9 234.2 234.3 232.9 229.4 226.1 221.7 218 216.7 219.5 220.9 221.8 223.8 225.5 228.5 231.1 234.2 237.5 240.1 242.3 244.2 245.4 246.8 247.3 248 248.5 249 249.7 249.7 249.1 247.3 246.3 245.7
195.9 198.7 198 196.4 194 193.7 193.8 191.8 188.4 184.4 184.4 186.4 191.7 198.9 198.4 204 204.5 205.8 206.9 207.9 209.6 212.6 217.3 219.3 220.4 221.2 222.8 224.5 225.5 226.2 226.4 226.7 227 227.3 227.4 227.8 227.8 228.4 229.6 230 229.6 231.2 232 232.1 232.7 232.2 232.1 231.5 230.1 226.9 222.4 218.2 215.1 211.7 213.4 215.9 217 217.2 218.3 221 224.9 229.3 234.6 237.5 240.1 242.2 244 245.5 246.6 247.5 248.4 249.2 249.6 249.9 249.5 248.5 246.4 245.5 244.3
196 199.5 199.6 198 196.8 196.9 196.8 196.2 195.1 193 200.3 199.5 201.7 204.9 205.5 206.5 207.8 209.2 210.4 211.4 213.9 217.2 219.7 221.5 222.1 223.9 225.6 227.4 228.2 229.7 230.1 230.6 230.9 231.4 231.7 232.2 232.6 232.6 233.3 233.1 233.5 233.8 233.4 232.4 231.1 229.5 227.7 226.5 224 219.7 214.9 212.6 210.2 209.5 210.5 211.4 212 213.7 215.6 218.7 222.3 228 233.8 237.4 239.9 242 243.7 245.3 247.1 248 249 249.7 250.1 249.4 248 246.5 244.4 242.7 241.9
198.8 199.9 200.4 200.4 200.1 199.9 199.6 199.3 197.3 200.1 204.7 205.8 207.2 208.2 209.2 210.8 212.3 213.4 214.3 215.5 217.1 219.5 221.8 223.4 224.6 226.7 228.5 230.3 231.4 233.1 233.9 234.5 235 235.5 236.2 236.2 236.3 236.3 236.4 236.4 236 234.6 233.2 231.4 229.3 226.8 224.4 221.1 217.6 214.6 211.5 209.4 207.6 206.6 208 208.4 209.5 211.6 213.6 216.2 220.5 226.8 231.3 235.3 238.6 241.2 243.6 245.6 247.4 248.6 249.6 250.1 249.2 247.7 245.9 242.8 239.1 236.9 238.8
199.2 200 200.9 201.6 201.9 202.1 202.1 201.8 202.1 206.4 208.4 209.5 210.8 211.7 213.3 215.3 216.6 217.4 218 218.6 220.3 222 223.8 225.7 227.2 229.6 232.1 234.3 235.8 237 237.4 238.9 239.6 239.2 239.8 240 239.7 239.3 238.9 238 236.7 234.6 232.4 229.7 226.4 224.3 220.1 216 213.3 211 208.4 206.1 203.8 202.9 204.5 205.5 207.5 209.9 211.5 213.9 220.5 226.1 230.8 235.2 238.9 242 243.8 246.1 248.2 249.6 250 248.8 247.3 244.1 241.6 237.1 233.9 234 237.9
198.7 200.6 201.8 202.9 203.4 204.1 205 204.7 205.8 209.3 211.2 212.1 213.7 215.1 216.2 218.1 218.9 220.4 220.8 222.7 223 224.7 226.6 228.9 230.5 232.8 236.3 237.9 239.3 240.7 241 242.4 243.2 243.6 243.6 243.4 242.7 241.9 240.8 238.7 236.5 234.3 231.3 227.5 222.9 219.6 215.3 211.8 209.6 207 204 202.2 200.7 201 202 203.4 204.9 206.9 210.1 212.8 221.5 226.2 231.6 235.7 240 242.2 244 246 248.6 249.9 249.2 247.2 243.3 240.9 232.5 227.1 227.6 233 237.3
200.5 201.9 203 204 205.2 206.6 207.5 207 208.7 210.9 213 215.2 217 218.2 219.3 220.7 221.6 222.6 223.6 225.2 226.8 227.9 230.2 232.6 234.5 236.7 238.9 240.4 241.8 243.2 245.1 245.7 246.4 246.9 247.2 246.6 245.3 243.3 241.4 239.3 236.1 233 229.1 224.3 219.5 215.5 212.4 208.9 205.8 203.3 201.5 199.3 197.6 198.5 199.7 201 202.5 205.6 209.9 214.2 221.6 227 231.4 235.9 239.6 242 244 246 248.6 248.1 246.8 242.5 240 229.1 220 222 224.1 231.5 235.7
200.8 202.8 204.2 205.3 206.4 208.3 209.4 210.6 211.8 213.4 215.7 218.1 220 221.2 222.3 223.3 224.6 226.2 227.6 229.3 231 232.2 234.3 236.6 238 239.5 241.6 243.4 245 246 247.1 248.7 249.4 249.6 249.7 248.6 246.8 244.8 241.9 239.1 235.2 230.9 225.8 221.1 216.2 212.1 209.7 206.6 203.4 200.7 198.4 196.8 194.1 196.5 197.5 198.6 201.5 205.9 210 216.2 222.6 227 231.2 235.6 239 242.2 243.5 244.6 245.1 239.6 233.8 228.3 222.3 219.7 226.8 225.3 224.3 227.1 232.6
201.2 203.3 204.8 206.3 207.7 209.2 211.1 212.6 214.1 215.8 217.6 219.9 221.9 223.7 225 226 227.5 229.2 231 232.8 234.6 236.2 237.9 240.2 241.5 242.7 244.5 246 247.2 247.9 249.3 250 250.2 250.2 249.6 248.4 246.9 245.2 241.8 237.7 232.8 227.1 222.9 218.1 213.4 210.3 206.9 204.2 200.4 197.3 195.7 194.1 192.2 192.7 195.1 197.6 200.6 204.9 209.3 217.6 222.6 226.9 232.3 235.6 238.3 240.5 240.6 237 226.8 216.5 212.4 213.1 217 223.9 220.4 222 225.5 227.5 229.8
201.7 203.4 204.6 206.4 208 209.9 211.8 213.8 215.4 217.6 219.8 221.8 223.9 225.7 227 228.5 229.9 231.9 233.9 235.7 237.9 239.7 241.5 243.2 244.8 246.2 247.3 248 248.6 249.1 249.4 250.2 250 249.3 248.2 247.1 245.6 243.5 239.7 234.7 229.5 225.3 221.5 217.1 210.7 208.9 205.3 202.9 197.9 195.2 193.2 191.6 188.4 190.2 193.7 196.1 199.3 203.2 208.4 215.8 222.6 228.3 232.8 236.1 237.1 235.6 225.3 215.7 205.2 209.1 210.5 212 213.3 213.6 217.7 219.8 222.1 226.2 229.3
200.8 202.2 203.8 205.7 208 210.4 212.4 214.6 216.9 219.1 221.3 223.5 225.5 227.2 229 230.6 232.8 234.7 236.7 238.9 241.1 242.9 244.7 246.3 247.5 248.2 249 249.9 250.1 249.9 249.7 249.3 248.8 247.8 246.2 244.3 241.7 238.8 235.2 230.5 226.9 223.7 219.7 213.6 209.1 208.8 204 200.6 196.5 193.5 191.2 189.3 187 188.5 191.3 194.8 197.9 201.9 210.5 216.5 223.2 228 232 233.4 226.7 210.7 201 205.8 210.5 215.2 218.1 220.1 222.8 225 225.3 221.1 220.7 222.9 226.9
197.9 200.3 202.8 205.8 208.4 210.8 213.2 215.6 218.1 220.7 222.9 225 227.1 229.3 231.2 233.3 235.5 237.5 239.8 242.1 244.4 246.1 247.8 248.8 249.7 250.3 250.9 251.4 251.1 250.6 249.3 248.6 247.3 245.2 243 240.6 237.4 234.3 232 227.7 224.5 220.6 216.8 212.9 209.7 206.1 202.3 199 195 191.9 189.4 186.7 184.7 187.6 189.7 192.3 194.5 199.3 209 212.9 220.7 219.7 218.9 213.3 200.9 201.8 208 211.1 213.6 219.4 223.2 225 226.4 229.1 230.9 231.8 227 221.4 223.5
195.7 199.9 202.9 206.4 208.8 211.3 214 216.7 219.3 221.9 224.6 227 229.3 231.6 233.4 236 238.3 240.3 243 245.2 247.5 248.9 250.2 250.9 251.4 252 252.1 252 251.5 250.8 249.1 247.3 245.7 243.6 240.6 237.5 235.1 233 228.8 224.9 221.2 217.8 214.3 211.5 208 204.2 200.6 196.5 193.3 189.9 185.2 182.9 184.5 186 188.2 190.5 192.3 192.8 199.1 201 199.9 195.4 195.7 197.3 201.8 209.3 214.6 215.9 217.4 222.7 226.8 228.7 230.5 232.2 233.6 234.5 235.2 233.3 228.7
197 201.2 204.1 206.7 209.6 212.3 215 217.5 220.2 223.1 225.8 229.1 231.6 233.9 236.1 238.7 241.1 243.4 245.4 247.7 249.3 250.7 252.2 252.8 253 252.7 252.6 252.2 251.6 250.3 247.5 245.7 243.9 241.9 238.7 235.7 232.8 229.7 225.9 222 217.8 212.1 207.7 209.6 206.2 202.1 198.3 194.3 190.4 185.8 181.6 182.1 183.5 185 186.5 186.5 187.2 188.4 190 191.6 192.8 195.1 196.9 203.2 208.9 213.1 216.9 219.9 222.9 226.1 229.1 231.4 233.4 234.7 235.8 236.6 237.4 237.2 233.2
200 202.8 204.9 207.8 210.7 213.2 215.7 218.2 220.9 223.8 226.7 230.6 233.4 236.1 238.8 241.3 243.8 245.9 247.9 249.6 251.1 252.9 253.4 253.7 253.5 253.2 252.8 252.4 251.7 249.7 247 245.1 243.2 240 237.9 235.1 231.4 229.3 225.5 221.8 216.6 213.1 207.8 200 193.5 199.4 195.7 192.1 186.4 179.9 181.3 182.8 186.6 187.1 187.2 188.7 190.2 191.9 193.4 195.4 198.1 200.6 199.9 203.6 209.1 213.7 218.8 223.4 226.7 228.7 231 233.6 235.8 236.4 237.9 238.6 239.2 239.6 236.5
202.3 204.4 206.3 208.7 211.6 214.1 216.4 218.9 221.7 224.7 228.6 232.2 235.6 238.9 241.6 244.2 246.3 248.3 249.9 251.2 252.2 253.6 254.2 254.3 253.9 253.4 252.5 251.6 250 248.5 246.8 245 243.2 241.1 238.5 236 233.8 230.9 227.6 224.5 221.1 217.4 213.4 208.9 202.9 190.4 184.7 187.3 178.7 180.3 182.2 186.6 189 190.3 191.1 191.4 193 194.7 197.2 199.6 202.4 204.3 205.4 203.4 207.8 215.6 221.7 226.2 230 232.7 234.8 236.4 237.6 238.5 239.5 240.3 241 241.4 238.7
203.1 205.2 206.9 209.5 212.1 214.6 217.1 219.5 223 226.5 231.2 234.8 238.5 241.5 244.3 246.7 248.9 250.2 251.8 252.4 253.8 254.3 254.7 254.4 253.8 253 251.6 250.2 248.9 247.9 246.6 245 243.4 241.6 239.8 237.6 235.3 232.7 229.6 226.6 223.5 219.8 215.1 210.5 205.3 199.4 188.3 177 178.9 181.4 184.6 188.5 190.9 192.2 193.2 193.9 194.8 197.2 200 202.9 205.7 208.2 209.5 209.5 208.5 216.7 223.2 228.7 233.3 236 237.4 238.2 239.4 240.3 241.1 241.9 242.5 242.9 243.2
203.5 205.5 207.5 210 212.4 214.8 217.2 219.7 223.9 228.2 232.3 236.2 239.8 243.7 247.4 250.1 251.3 252.4 253.7 254.5 254.5 254.9 254.8 254.2 253.4 252.1 250.5 249.4 248.6 247.6 246.4 244.9 243.4 242.1 240.7 238.7 237.1 234.5 231.3 227.8 224.2 220.9 216.3 211.2 205.8 196.9 177.9 178 183.5 185.2 188 190.7 192.5 194.1 195.9 197.4 197.4 199.9 202.1 205.7 208.5 211.5 214.5 216.6 214.4 216.2 225.2 232 236.2 238.3 239.8 240.7 241.1 241.9 242.8 243.8 244.3 244.8 245.4
203.9 205.9 207.6 210.1 212.5 214.9 217.3 220.5 224.5 228.8 233.4 238.1 242.8 246.7 250 252.1 253.3 254.6 255.8 255.7 255.6 255.1 254.5 253.5 252.1 250.6 249.9 249.1 248.4 247.5 246.1 244.6 242.8 242 241.3 239.8 238.4 236 232.6 228.5 224.8 221.4 216.7 209 203.8 187.1 176.4 181.6 188.2 190.1 191.6 192.4 195.1 196.4 199.1 200.9 200.3 202.1 204.6 208.1 213.5 217.2 219.4 221.4 222.6 220.5 222.3 234.4 237.7 239.8 241.6 242.4 242.8 243.6 244.6 245.6 246.5 247.1 247.7
203.9 205.4 207.3 209.6 212 214.4 217.1 221.6 225.7 230.6 235.9 241.3 245.4 249.6 252.7 255.5 256.5 256.8 256.8 256.6 255.7 254.2 253 251.8 251 250.4 249.6 248.9 248.1 247.2 245.5 243.9 241.8 241.1 240.6 239.7 238.2 236.1 233.6 229.7 224.7 220.4 214.5 202.1 193.5 176.9 177.4 183.8 190.1 191.8 193 194.6 196.2 199.1 202 204 205.8 206 207.8 214.7 219.2 221.9 224.3 226.2 227.5 228.1 228.6 229.1 238.6 240.9 242.8 243.9 244.3 245.1 246.2 247.5 248.8 250.6 251.9
