UK/data/nn/nn57_OST50GRID_20230518/NN57.asc
ncols 200
nrows 200
xllcorner 250000
yllcorner 770000
cellsize 50
[rows 0 to 34 of 200, columns 79 to 157 of 200]
426 426.3 425.1 425.3 421.2 422 424 436.7 450.9 465.1 479.7 490.8 498.9 509.4 513.2 515.8 519.7 523 527.5 532.4 538.1 543.1 549 554.5 560.1 565.8 574.4 580.7 584.6 587.4 590.9 595.2 599.5 603.6 608.6 614.7 617.6 617.3 615 617.5 621.1 628.2 633.6 636 641.9 648.7 652.7 660.7 668.9 676.7 683.5 684.4 689.8 684 679.5 671.1 664.9 660.3 655.1 652.2 652.2 650 643 652.2 657.2 662.2 663.7 661.5 655 645.6 634.6 624.7 609.8 607 596.7 590 579.4 565.3 559.9
426.9 425.8 425.6 424.3 421.2 423.7 423.9 434.7 449 465.3 478.2 488.6 497.3 505.1 509.3 513.5 518.3 522.2 526.2 531.3 536.6 541.9 547.8 553.9 559.3 565.4 573.9 581.8 584.3 586.9 590.7 594.7 599.6 605.6 612.2 617.4 621.4 620.7 618.7 621.1 627.7 632.8 637.1 642.2 648.4 654 656.7 665.6 669.7 680.8 682.7 680.5 678.9 676.7 669.1 662.2 656.6 652.6 645.5 642.6 641.7 638.6 630.1 641 646.6 650.8 649.2 646.3 643.5 639.1 622.8 611.2 600 593.8 587 576.3 564.3 554.6 537.2
427 425.3 425.9 422.4 423.7 424 425 434.9 445.9 461.3 476.1 486.7 495.5 501.7 507.9 511.5 516.6 520 524.8 529.3 534.4 540 545.7 551.9 557.4 563.7 570.7 578 583 585.9 589.3 594.3 598.6 605.4 612.6 617.4 620.7 620.9 621 626 631 635.1 639.9 652.1 656.6 661 663.6 667.4 675.1 677.3 678.6 674.1 668.7 664.1 660.9 654.2 647 640.3 637.4 633.1 628.2 624.8 619.5 628.9 634.8 636 635.9 632.7 628.4 620.7 607.8 597.2 590.6 583 575.7 561.9 557.4 545.3 519.4
426.4 426.7 425.8 421.2 423.5 425.1 427.6 436.4 450.3 461.7 474.5 484 492.6 500.9 505.6 510.3 513.8 517.8 521.3 526.1 532.1 537.1 542.5 548.9 554.5 560.8 567.3 574.7 580.4 584.2 588.3 592.7 597.8 603.2 608.7 613.6 617.5 617.9 620.1 624.3 629.2 634.3 643.6 653.9 661.5 665.5 668.1 666.9 672.5 670.2 665.4 660.4 658.5 655.2 648.2 642.2 636.6 630.7 624.4 618.5 615.2 614.4 611.5 616 620.8 621.4 618.2 615 611 603.1 590.4 586 579.2 569.2 558.6 555.2 546.8 529.9 514.5
426 426.3 425.5 425.4 421.2 425.3 427.9 436 448.7 463.4 474.3 482.4 490.8 498.4 504.3 509 512.2 515.5 518.5 522.8 528.2 533.1 539.5 545.2 551 556.6 564.3 570.6 577.5 581.9 585.5 590.5 595.6 599.7 603.7 607.9 612.2 613.8 616.2 620.7 624.7 630.4 644.3 652.4 657.9 662.4 663.5 661.1 661.2 658.3 654.9 649.6 646.8 640.1 636 630.6 624.9 620.1 612.6 606.5 605.7 603.6 601.4 604.3 605.6 606.5 604.4 599.3 591.6 583.8 578.9 573.3 563.2 554.1 550.1 544.2 524.5 511.2 497
426.2 426.4 426.2 425 421.3 423.1 427.5 434.9 450.1 462.3 471.9 480.8 488.7 496.5 502.2 505.7 508.7 512.4 516 519.9 524.6 529.6 534.6 540.9 547 553.2 560.1 566.5 572.5 578 582.3 587.6 591.7 594.6 598.7 602.4 605.3 607.9 612.1 615 618.6 626.6 641.3 649.9 656.2 655.7 655.9 651.9 649.9 648.5 642.6 637.2 630.9 624.4 619.3 617.7 612.3 607.2 598.6 595.6 594.5 590.1 588.8 592.2 593.3 591.8 585.8 578.1 575.1 573.7 567.6 559.9 555.8 555 539.5 517.1 509.1 511.1 487.4
426.8 426.2 425.1 423.7 422.6 422.3 425 434.8 450 459.9 469 477.2 486 493.7 499.1 504.1 506.9 509.4 512.7 515.8 520.2 525 530.1 536.4 541.6 550 556.7 562.2 566.6 573 577.4 582.1 586.2 589.6 593.7 597.5 600.2 602.3 605.7 608.4 615.7 624.4 636.4 644.3 647.4 648.9 648.2 645.8 643.7 637.8 630.8 624.2 617.1 611.8 607.5 602.7 598.6 594 588.6 585.1 585.2 581.2 576.4 579.3 579 574.9 572.4 569.4 568.5 563.9 555.6 558.1 550.6 539.3 524.4 505.2 513.1 490.8 468.7
425.9 424.4 424.1 422.9 422.6 422.6 424.1 437.7 447.9 455.3 466.3 475.6 481.8 489.6 495 500.2 504.3 506.9 509.7 513.1 517 521.9 526.7 532.8 538.1 545.3 552.4 557 562.7 566.8 571.7 576.4 582.1 585.5 589.7 592.5 595.3 598.2 601.4 605.1 612.5 620.5 627.5 636.2 642.6 641.8 639.9 637.1 632.3 627.3 622.1 616.7 609.1 602.9 599.5 593.3 586.5 582.7 577.9 574.1 571.5 568.8 559.9 565.9 565.5 565.2 561 557.8 555.4 556 549.7 540.9 531.6 520.8 514.9 507.2 480.6 472.2 455.4
425.1 424.6 424.1 422.6 422.6 422.6 423.6 433.4 444.3 455.8 465.2 473.1 479.1 483.8 491.7 496.5 500 503.5 506.1 511.4 513.8 519.2 524.8 530.9 536.3 542 547.9 553 557.2 561.8 566.1 570.9 576.7 581.9 585.5 589.5 591.7 594.7 596.5 603.7 608.5 616.8 621.8 627.6 631.3 631.6 629.7 626.9 623.8 620.7 616.2 608.2 599.4 591.4 590.8 583.9 577.3 572.5 566 560.9 559.1 558.6 549.3 553.2 553.3 552.1 548.7 545.4 543.8 539.7 535.4 527.9 517.5 509.2 503.6 490.1 470.1 450.7 431.7
424.6 424.2 422.6 422.6 422.6 422.6 422.6 429.1 442.8 455.9 464.3 470.5 476.4 481.3 487.1 493 497.2 499.8 502.6 507.6 510.7 515.1 520.3 526 532.5 537.9 543.3 547.8 552.6 556 560.7 565.3 570 575.9 581.3 585.4 588.3 591 595.2 599.7 603.9 610.2 616.1 623.5 629.3 627.2 623.4 620.8 619.4 615.9 608.1 596.9 588.4 582.6 577 571.3 566.1 560 554.9 551.5 546.8 546.1 540.9 541.4 541.4 539 536.3 529.8 530.4 524.8 518.2 516.5 506.3 504.7 488.8 469.9 450.2 432.6 406.6
422.9 422.2 422.6 422.6 422.6 422.6 422.6 426.9 436.7 449.6 460.2 466.5 472.8 478.4 483.8 488.4 493.5 497.8 500.9 503.5 507.4 512.4 517 522.1 527.5 532.2 538.8 543.2 548.1 552.5 556.1 561 565.3 571.1 576.2 581.1 585.4 589.1 592.3 595.7 598.8 603.2 610.5 616.7 619.8 619.1 617.3 613.8 611.1 605.5 595.7 586.8 579.7 572.3 566.8 559 554.2 549.5 546.8 540.5 535.1 533.4 530.3 528.1 528 526.6 523.8 520.5 517.8 512.6 506 500.9 494.1 481.4 464.1 447.8 432.2 412.5 392.2
422.6 422.6 422.6 422.6 422.6 422.6 422.6 423.4 433.6 444.9 455.4 464.2 470.4 476.8 481 486.1 489.6 494.1 497.2 500.5 503 508.1 512.1 517 523.9 529.6 533.5 538.7 543.2 547.6 551.4 556.5 560.7 566.3 571.2 576.9 582.2 586.8 588 591.4 594.3 597.6 603.4 610.1 610.7 611.6 610.9 605.8 600.4 593.1 585.5 575.4 569.4 565.1 556 550.8 543.9 539.8 536 529.8 523 524.1 518.7 510.7 515.2 514.9 512 508.8 506.4 500 492.7 485.4 474.8 459.2 444.3 427.6 410.7 392.9 375.3
422.5 422.6 422.6 422.6 422.6 422.6 422.6 422.6 430 441.3 452.2 459.7 466.3 472.4 476.9 481.6 487 490.3 493.1 497.5 500 503.4 509 514.8 521.1 527.4 531 536.1 539.1 543.6 548.3 552.1 557.1 562.5 568.3 573.4 578.5 582 584.4 587.7 589.2 590.8 596.9 605.9 604.6 606.5 602 597.4 589.9 582.4 576.6 570.3 562.8 553.5 546.1 540 533.2 528.3 522 518.7 512.3 513.3 509.5 496.9 504.1 502.6 499 494.5 490 486.8 479.3 460.1 453.3 438.6 421.8 404.8 388.8 372.6 361.5
422.6 422.6 422.6 422.6 422.6 422.6 422.6 422.6 428.5 439.5 450.6 456.6 465.1 470.2 474.5 477.9 484.2 487.4 491.5 494.5 496.4 500.5 506.6 511 515.9 523 528 532.4 536.6 541.2 545.6 549.8 556.7 560.8 565.2 570.6 576.1 578.4 581.3 583.4 584.8 586.4 590.7 594.3 595.5 597.2 592.6 586.1 579.2 572.1 566.8 558.7 549.1 540.9 535.5 527.1 524.6 517.7 510 508.2 505.6 503.8 499.5 490.9 494.5 491.5 486.6 481 475.2 468.5 458.3 448.6 425.7 414.2 399.6 384.7 369.1 356 356
422.6 422.6 422.6 422.6 422.6 422.6 422.6 422.6 426.1 434.3 443.8 453.8 461.6 467.2 471.8 476.3 481.6 485.8 488.1 490.9 493.3 496.9 502.5 506.5 511.5 519 524.4 529.4 533.9 538.4 543.3 550.4 556.6 559.8 562.6 566.6 571.4 573.4 577.7 580.4 579.5 580.4 582.7 586.1 586 583.2 578.1 572.5 565.9 560.8 552.7 545 538 532.8 525.9 519.5 513.3 508.2 501.8 497.1 494.6 489.8 489.5 484.2 483.5 482.2 476.7 469.3 465.9 447.5 430.4 427.6 412.4 391.7 382.1 368.6 356 356 356
422.6 422.6 422.6 422.6 422.6 422.6 422.6 422.6 426.8 430.5 438.7 447.8 455.4 464 468.8 473.4 477.1 480.2 482.8 487.6 489.9 493.6 498.4 501.8 506.9 515 520.7 525.6 532.2 535.5 540.5 549.9 556.8 555.2 558.2 564 565.5 567.1 570.5 573.7 571.6 572.4 575.7 578.4 574.9 570.1 564.2 557.8 553 547.2 541.1 533.2 528.1 523.1 516 510.1 503 498.2 494.2 490.5 487.2 481.3 481 475.9 473.9 474.2 472.4 475.5 461.7 444.8 420.1 404.7 399 382.7 368.4 356 356 356 356
422.6 422.6 422.6 422.6 422.6 422.6 422.6 422.6 424.5 428.1 436.4 443.2 449.6 458.7 465 467.8 472.9 477.4 480.2 484.9 487.3 491.5 495.3 499 503.5 509.3 516.6 521.9 528.8 531.8 536.5 543.4 547.5 550.6 553.7 556.4 558.5 560.3 561.3 561.8 562.9 563.9 564.7 565.3 560.8 555.7 550.3 544.7 540 535 531.9 525.3 519.6 515.1 508.4 502.2 497 489.7 487.2 484 478.2 475.6 474.1 467.9 468.6 472.2 481.1 477.7 456.5 433.8 411.7 393 376.7 368.5 356 356 356 356 356
422.6 422.6 422.6 422.6 422.6 422.6 422.6 422.2 423.7 425.6 431.6 438.9 443.9 452.2 460.2 466 470.3 473.8 477.1 480.4 484.6 488.1 492 495.6 499.8 505.1 511.8 516.5 521.2 526.6 531.4 537 542.9 545.4 547.9 549.2 549.8 550.9 551.2 551.6 552.6 553.3 553.5 551.3 547.7 544.1 538.1 535.1 531.5 525.5 521 515.9 511.7 506.9 500.9 495.8 489.9 484.6 477.8 475.7 469.3 470.3 464.1 464.6 465.8 470.9 477 474.7 451.3 422.4 401.4 385.5 370 359.2 356 356 356 356 356
422.6 422.6 422.6 422.6 422.6 422.6 422.6 421.4 423.2 426 429.4 434.2 440.3 446.6 454.3 460.9 465.8 470.5 475.3 477.2 481.1 485.6 488.8 492.1 495.4 499.5 506.1 511.5 515.5 522.3 526.9 532 536.8 541.1 541.4 542.1 542.2 541.8 541.5 542.5 541.5 542.8 541.4 540.7 538 534.6 528.8 524.6 518.9 515.3 512.4 510.1 506.1 500.1 493.4 488.7 483.1 479.9 475.1 467.1 460.8 465.4 461.3 455.4 459.8 464.2 464.2 458.6 438.6 412 391.6 375.2 361.2 356 356 356 356 356 356
422.6 422.6 422.6 422.6 422.6 422.6 422.6 422.4 422.3 424.1 427.8 430.8 438 445.8 451 457.3 460.4 466.2 470.3 473.1 477.9 481.8 484.6 487.9 490.5 495 499.2 503.7 508.7 514.7 520.5 524.7 529.1 532.1 533.7 534.9 534.8 534.4 533.7 532.9 531.7 530.4 530 528.4 526 522.6 516.5 514.4 511.3 509 507 503.3 497.7 492.2 486.2 480.4 477.3 473.7 470.6 465.5 459.8 454.3 455.2 444.5 450.7 453.4 451.2 435 420 402.7 380.1 367 356 356 356 356 356 356 356
422.6 422.6 422.6 422.6 422.6 422.6 422.6 422.5 422.5 423.6 426.5 430.5 435.7 442.2 449.6 454.8 458.4 461.2 466.2 470.7 474.7 478 479.8 482.7 485.3 488.7 493.8 498.1 502 508.5 512.6 516.8 521 523.2 525.1 526.5 526.2 525.7 524.2 522.9 521.8 519.6 518.9 516.9 514.5 511.9 509.2 507.3 505.5 502.3 499.7 495.6 488.9 483.5 477.5 474 471.1 468.1 462.9 456.9 451.3 434.7 445.1 434 438.9 438 434.3 425.5 401.8 380.9 368.8 356 356 356 356 356 356 356 356
422.6 422.6 422.6 422.6 422.6 422.6 422.6 422.6 423.1 423.1 426.2 429.7 434.6 440.3 445.3 450.8 454.8 458.2 462 467.4 470.2 473.1 476.3 478.2 480.5 484 487.6 492.2 495.6 500.5 504.4 508.3 511.1 513.4 515.5 516.4 516.3 516 514.1 512.8 511.2 509.9 509.1 506.4 504.4 502.4 499.5 499.5 497.8 494 490.3 486.8 481.3 475 469.8 467.7 464 459.5 455.4 449.1 444.5 437.2 431.3 423 425.4 426.4 421.7 406.9 388.4 374.9 365 356 356 356 356 356 356 356 356
422.6 422.6 422.6 422.6 422.6 422.6 422.6 422.8 423.3 424.2 425.8 429.5 433.3 437.5 441 446.9 450.8 455.3 458.2 462.4 466.3 469.1 471.8 474 476.8 480 483.8 487.3 490.9 493.4 495.7 498.9 500.9 503 504.1 504.4 504.6 503.6 502.7 501.7 500.3 498.8 497.8 496.7 495.4 493.1 491.7 490.4 487.6 485.4 481.3 476.2 471.5 465.6 460.7 461.8 457.6 452.8 445.7 440.8 435.5 428.8 420 408.5 412 409.2 404.4 389.1 376.9 373 363.4 356 356 356 356 356 356 356 356
422.6 422.6 422.6 422.6 422.6 422.6 422.1 424.7 423.8 424.4 425.3 426.9 430.9 434.1 438.8 442.6 447.5 452.5 456.9 459.5 462.8 466.2 468.3 470.3 473 475.8 480.2 483.7 485.9 487.3 489.1 490.1 491.7 492.5 492.6 493.4 493.1 493.4 492.7 491.2 490.7 489.3 486.4 485.5 483.8 482.1 480.4 480.2 478.9 475 471 467.1 461.8 456.4 450.8 452.5 448.3 442.6 437.2 429.6 425.1 417.9 409.1 395.5 397.8 394.3 386.1 374.9 367.6 360.8 356 356 356 356 356 356 356 356 356
422.6 422.6 422.6 422.6 422.6 422.6 423.6 424.7 423.7 423.9 425.1 426.8 430.1 432.8 435.8 440.6 445.5 450.1 453.8 456.9 459.8 463.5 465.5 467.6 470.5 471.8 475.7 477.8 480.1 482.5 483.2 484.1 484 484.5 483.8 483.4 483.7 484 483.9 484.9 483.6 480.5 479.3 477.2 475.2 472.5 469.9 469.4 468.3 464.2 461.1 456.4 449.3 443.5 442.7 442.8 438.3 432.8 424.9 419.3 414.5 409.5 405.5 399.9 393.6 384.8 369.1 364.4 361.8 356 356 356 356 356 356 356 356 356 356
422.6 422.6 422.6 422.6 422.6 422.5 424.4 424 424.6 424.7 424.9 426 429.5 431.8 434.6 438.5 443.8 447.7 450.5 453.2 457 459.4 462.2 464.6 466.7 468.3 471.4 474 475.4 477.8 478.5 479.2 479.4 478.8 478.1 478.3 477.6 478.3 478.9 479.4 478.9 474.7 470.3 469.2 466.8 463.3 460.1 457.8 456.9 454.1 448.2 442.7 440.5 439.2 437.3 432.8 428.7 425.1 417 411.6 405.9 404 398.4 403.3 398.8 385.9 369.5 361.6 361.9 356 356 356 356 356 356 356 356 356 356
423.9 422.6 422.6 422.5 422.9 425.3 423.4 424.8 424.8 424.7 425.4 426.2 428.4 431.6 434.5 437.8 442.5 445.2 448 450.1 453.4 456.3 458.8 461.2 463.4 466 468.1 469.7 471.8 473.6 473.6 474.8 474.3 474.1 474.3 473.7 473.6 472.8 473.3 470.9 470.2 466.9 464.4 463 459.3 457.4 454 451 446.8 443.5 439.8 438 437.2 435.2 430.5 426.8 422.2 418.4 413.3 409.8 411.4 405.2 398.6 392.3 389.4 380.9 360.1 360.6 357.2 356 356 356 356 356 356 356 356 356 356
422.9 424.5 424.8 424.9 424.8 425.3 424.8 425.1 425.6 427.5 427.4 427.8 428.9 431.6 435 437.9 440.9 443.2 445.8 448.1 450.6 453.6 454.7 457.8 461.2 463.6 465.9 466.7 468.3 469.7 470.2 470.4 470.5 470 470.1 470.4 470.3 468.2 467.1 465.7 463.9 461.9 460 459.3 456.8 454.5 450.2 446.9 443.1 440.1 437.5 434.9 431.3 427.6 424 421.9 419.5 414.7 409.1 411.5 409.6 402.9 398.8 391.1 376.4 369.2 360.2 356.5 356 356 356 356 356 356 356 356 356 356 356
423.2 424.4 424.6 425.2 423.4 425.5 425.6 426.2 427.2 431.3 430.1 430.8 430.2 433.6 435.5 437.5 439.2 441.2 443.9 446.4 448.7 450.9 452 454.5 458.2 461.1 462.6 463.8 464 464.9 465.9 466.4 466.5 467.4 467 467.4 466.6 464.4 462.9 460.7 459.9 459.1 458.2 456.2 454.6 452.2 448.5 444.7 441.1 438 435.4 432.6 430.1 425.5 422.7 418.7 414.1 415.9 414.1 413.5 415.6 411.1 401.4 396.5 375.5 359.3 356 356 356 356 356 356 356 356 356 356 356 356 356
423.3 424.8 425.3 425.3 425.7 425.5 426 426.6 428.3 431.1 434 435.3 434.4 433.3 435.3 436.9 439.7 443.3 444.8 446.4 447.8 449.2 449.8 452 455 457.5 459.5 461.4 461.5 461.8 461.8 462.2 462 464.1 465.6 464.2 462.4 461.7 459.4 457.9 457.3 457.2 457.6 455.4 453.2 450.2 445.8 441.4 437.1 433.2 431.5 429.7 427 424.1 420.2 421.7 424.3 419.5 417.8 421 424.7 417.9 412.4 400.7 385.4 379.5 364.8 356.3 356 356 356 356 356 356 356 356 356 356 356
423.4 423.4 423.7 424.8 425 425.7 426.2 427.9 429.4 432.6 436.9 438.3 437.6 438.6 439.8 441.3 443.8 446.2 447.8 448.9 449.1 450 449.8 451.5 452.8 455.1 457.4 458.7 459.7 459.3 458.8 458.3 459.1 460.6 461.1 460.9 459.5 456.8 455.2 454.6 456.9 456.4 455.1 455.5 453 447.3 442.2 438.1 434.6 431.1 428.9 426 426.4 426.4 427.3 429.6 428.8 427 428.5 434.9 442 439.3 431.3 418.1 399.6 384.8 367.9 356 356 356 356 356 356 356 356 356 356 356 356
422.3 421.5 423.5 421.6 424.6 425.9 426.4 427.6 430 432.9 435.6 438.6 439.3 440.3 442.3 445.5 448 450.1 452.1 452 451.8 452.2 452 450.9 451.9 454.1 456.4 457.5 457.8 457.7 456.5 455.9 456.4 457.2 456.7 456.4 455.3 454.2 452.6 452.2 453.9 454.6 450.8 449.5 448 443.2 439.8 436 432.9 430.9 430.9 431.1 432.5 434 436.6 436.1 442.1 436.6 450.4 476.9 470 458.2 444 424.2 403.6 384 368.6 356 356 356 356 356 356 356 356 356 356 356 356
424.2 423.8 423.3 422.5 424.9 425.7 426.5 428.5 430.9 433.3 436.6 439.1 440.3 442.8 445.9 448.8 451.3 452.8 454 454.4 454.4 454.2 453.5 452.5 452.7 454.4 456.5 456.8 457.4 456.6 455.7 454.9 454.7 454.9 454.5 453.8 453.4 452.7 452.6 450.1 448.2 447.5 446 445.5 443.6 440.8 437.8 435 434.3 435 438.2 441.5 446.1 451.9 450.2 448 456.7 452.5 481.4 487.7 476.9 457.7 440.6 418.5 401.1 382.5 367 359.4 356 356 356 356 356 356 356 356 356 356 356
425.1 424.1 423.6 424.1 425.7 425.3 426.7 429.2 431.9 434.8 437.6 440.4 444.8 447.4 449.8 452 453.6 454.8 455.8 456.2 457.4 456.6 455.7 454.9 454.6 455.4 455.9 456.3 456.4 455.6 455.1 455.2 454.5 454.5 454 454.3 453.2 454.7 454.1 452.5 450.5 447.5 446.1 444.3 441 439.3 438.8 438.6 440.6 445.1 452.4 460 465.2 474.4 464.6 460.7 467 477.3 497.2 486.9 470.9 457.2 439.3 417.8 398.1 379.3 367.7 362.2 356 356 356 356 356 356 356 356 356 356 356
424.4 422.8 424.2 424.1 424.9 426.3 427.7 429.6 432.9 436.5 439.9 443.8 448.5 451 452.5 454.4 455.9 457.2 458.2 459.1 459.8 459.9 459.1 457.9 457.9 457.9 457.5 457.1 456.4 455.6 455.3 455.2 455.1 454.8 454.2 454.1 454.6 456.4 457.8 455.2 451.4 449.1 446.4 445.5 444.5 442.4 443.7 446.4 450.9 463.9 477.8 474.6 476.6 477.2 475.9 473.7 482.8 487.6 495.4 484.3 465.3 450.3 434.2 412.2 394.1 377.9 369.9 364.3 362.4 356 356 356 356 356 356 356 356 356 356
