WholeMapElevations/data/sd/sd81_OST50GRID_20230518/SD81.asc
ncols 200
nrows 200
xllcorner 380000
yllcorner 410000
cellsize 50
[rows 105 to 139 of 200, columns 0 to 77 of 200]
162.7 168.1 168.3 169.7 169.2 167.9 166.8 164.9 164.4 164.8 162.7 167.8 169 170.4 183.2 189 192.7 195.9 201.4 209.3 209 208.8 207.8 206.8 206.3 200.1 204 198.1 190.9 191.3 192.5 189 201.2 202.4 203.6 210.4 216.8 221.1 225.3 229.3 231.2 233.7 237 240.5 244.3 221.5 213.6 224 243.2 256.7 257.2 253.7 250 269.2 280.4 279.8 275.1 269.9 267.4 266 263.8 284.3 295.2 303.9 304.2 298.5 291.6 285.8 280.1 276.9 273.9 270 268 265.7 262.4 256.8 251 247.4
161.2 166.1 168.6 168.2 168.3 167.2 164.9 164 163.3 162.6 160.3 156.8 169.4 165.4 177.5 182 188.3 193.1 200.3 207.4 206 204.9 202.8 201.2 200.2 194.7 192.8 183 185.4 186.4 185.3 194.6 200.9 204.4 207.6 211.7 217.2 222.3 225.8 229.4 232 235.3 239.5 243.4 248 230.2 218.6 215.2 223 235.2 244.5 249 246.6 267.8 277.1 273.1 266.3 266.3 263.7 261.5 261.3 274.7 297 303.5 304.2 298.6 293 287.5 282.1 279 274.3 269.6 265.8 263 260.7 257.5 254 252.2
157.8 162 167.2 166.9 166.7 166.1 164 163.2 162.5 161.2 158.3 158.5 161.8 170.6 173.7 177.7 186.3 190 198.5 203.8 202.1 199.3 198.4 196.7 194.2 188.9 179 177.7 178.4 176.5 186.6 196.4 203.1 206.3 208.5 211.1 215.7 221 226.3 230.1 233.5 237.8 241.7 245.4 248.4 236.5 218.7 218.6 216.4 218.3 234.9 241.6 241 258.9 266.5 263.2 260.6 262.3 261 260.9 260.4 271.8 294.9 303.4 304.6 298.7 294 289.6 282.9 278.2 275 270.9 267 262.3 258.8 255.4 254.7 252.6
154.9 158.1 163.4 166.5 165.6 164.5 161.9 161.7 161 159.7 155.8 154.6 160.5 166.8 171.5 174.6 184.3 188.6 193.8 199.2 198 195.8 193.8 192.6 188.1 177.3 173.3 171.3 173.6 182.1 196.4 200.9 202.7 205.8 207.7 209.5 212.8 219.6 225.4 230.3 234.6 239 242.6 245.1 242.2 234.9 231.1 218.6 218 211.5 224.9 232.5 239.4 246.7 261.3 257.6 256.9 258.3 257.9 258.7 259 269.5 290 299.9 303.6 300.1 293.9 288.6 283.9 278.9 274.6 271.7 266.4 262.3 260.2 258.1 254.2 248.5
153.2 154.9 158.4 164.7 164.5 162.8 159.9 159.4 159.2 157.6 154.2 153.6 158.8 163.1 171.1 174 183 187.7 191.8 194.7 193.6 192 190.4 188.3 182.6 167.7 167.6 173.5 179.9 193.3 198.8 200.8 202.2 204 205.6 207.9 210.7 216 222.8 228.4 233.8 238.2 239.3 237.5 235 233.1 231.4 230.1 215.2 210.5 215.3 221.9 236.5 240.6 256.8 254.1 253.2 252.5 253.9 257.4 257.9 266.7 284.6 295.1 299 296.3 292.1 287.2 284.1 279.3 274.1 270.5 265.6 266.4 264.1 260.4 257.5 245.6
151.5 153.2 155.1 160.1 162.5 160.2 157.6 156.4 156.6 155.3 153 152.5 158.1 162.8 168.7 172.4 180.5 187.5 190 190.3 188.6 186.4 184.8 182.3 176.8 165.2 166.9 180.3 189.1 194.7 197.6 198.9 200.6 202.3 203.6 205.6 209.1 213.1 219.6 224.6 229.1 231.5 230.4 230.8 227.2 226.3 227 228.2 227.4 207.8 207.5 208.6 220.8 236 241.6 244.1 249.2 249.2 249.5 255.7 256.2 261.5 279.1 293.8 292.5 290.5 288.3 283.8 280.9 277.7 273.4 267.6 268.4 266.6 264.5 261 251.2 240.3
149.9 151.8 153.9 156 157.6 156.4 154.8 153.6 153.7 153 149 152 156.8 162.8 169.8 174.3 172.6 183.2 189.2 187 183.8 180.8 178.4 176.3 170.5 161.8 171.7 183.6 188.7 191.9 195.2 196.7 198.7 200.8 201.1 202.1 206.5 210.1 215.6 221.4 225.4 226.4 225.8 222.4 221 221.6 223.9 225.9 230.5 221.4 205.6 206 207.3 215.4 224.6 231.7 240.8 242.9 245.6 252.6 252.3 257.1 274 284.3 281.3 284.3 281.9 279.3 274.3 271.2 270.5 268.5 266.3 263.5 261 256.8 243.5 241.1
148.4 152.4 154.3 154.5 153.8 152.5 151.3 151.8 152.2 152.6 150.5 150.9 155.5 163 168.7 172.1 180.3 172.6 184.3 183.4 180.3 176.5 173.4 169.9 164.5 162.7 173.4 180.5 185.2 190 192.1 194.5 197.3 199.3 200.7 202.3 205.5 208.1 212.2 219.4 222.4 222.8 220.1 220.4 220.6 221.6 222.8 223.7 227.8 229.8 225.5 212.5 204.1 204.2 212.1 221.4 231 235.5 243.8 235.6 251.7 256.7 260.4 258.6 261.4 266.2 260.7 256.6 260.7 268.5 267.2 266.5 263.9 259.7 254 249.4 247.2 237.9
149.9 152.8 154.3 154.6 151.4 149.2 149 149.4 150.7 151.4 150.8 149.2 153.8 163.3 166.3 169.6 177.9 179.2 172.3 179.9 177.3 172.5 169.5 165.3 158.9 165.2 170.9 175.9 180.6 185.7 188.8 193.6 195.1 196.8 199 200.5 202.7 204.4 209.8 217 219.3 218.6 217.8 219.5 220.7 221.8 222.3 223.1 224.3 227.4 229.7 232.3 222.5 204.3 204.8 208.2 217.3 232.8 227.5 239.7 250.7 258.3 260.1 269.7 277.7 264.9 255.7 261.4 257.5 251.8 259.5 262.4 260.8 253.9 251.3 248.4 246.4 242.7
150.3 154.4 155.8 152.4 148.4 146.3 146.9 147.7 148.1 149.7 150.6 147.2 151.4 160.4 163.7 166.6 174.1 170.5 175.2 171.6 171.3 170.2 167.1 159.8 156.7 165.2 167.6 171.1 175.8 181.3 185.7 189.6 189.3 192.4 196.2 198.3 199.7 201.2 207.7 213.9 212.1 213.3 216.2 218.2 219.6 220.6 221.9 222.2 222.5 225.6 228.7 233 232.2 218.9 205.9 201.9 203 216 222.8 241.6 251.6 260 268.5 276.8 279 276.8 274.3 269.2 264.2 262.8 248.6 244.6 253.2 252.2 250.8 247.5 240.3 229.9
149.8 153.9 155.8 149.5 145 143.8 145.3 146.6 146 150.5 151.7 146.3 149.1 156.9 158.7 160.8 163.8 169.3 168.6 166.2 170.8 165.5 161.1 155.8 157 164 165.3 167.7 172.3 177.3 180.3 183.4 184.7 187.5 190.6 195 197.1 198.5 205.6 205.8 214.4 216 216.4 218.2 219 220.2 221.2 221.8 223.3 225.8 228.1 232.2 235.5 234.7 226.4 206.7 201.4 204 217.9 232.4 251.9 261.9 269.8 277.4 276 273.7 271.5 268.5 264.5 260.8 254.8 246.9 241 248.8 248.4 240.5 229.3 229.1
148.4 149.9 149.2 144.8 141.9 141.2 143.2 144.9 146.5 151 152.8 151.2 144.8 151.6 153.5 155.1 158.9 159.5 162.3 162.2 162.4 168.3 161.5 154.7 160.1 162 162.8 166.9 169.8 173.8 175.9 178.7 180.5 183.4 186.6 195 195 197.9 203.2 209.2 214.8 216.5 217.9 217.2 219.8 220.8 221.1 221.3 222.8 226.2 228.7 232.1 237 237.2 231.6 222.9 203.9 200.9 212.1 224.6 250.5 264.4 272.6 274.7 272.2 269.3 267.5 265.9 262.6 258.8 253.7 254.4 246.9 239.2 239.4 233.6 231 232.5
146.1 146.1 143 140.4 139.4 137.2 141.5 143.2 146.7 150.2 150.9 150.7 148.5 145.9 149.9 151.5 153.7 154.6 156.5 159.3 159.9 159.7 167.9 163.8 158.2 156.4 156.3 158.8 163.7 165.9 171.2 174.7 172.8 175.9 182.1 187.5 191.7 196.7 202.9 208.6 215.2 217.3 218.3 219.4 220.1 221.5 222.5 222.2 223.3 225.4 227.1 231.8 236.1 233.6 229.3 219.1 208.5 200 208.6 227.4 244 269 271.6 270.6 268.2 265.5 264.1 262.2 258.2 255.7 254.2 253.9 251.7 241.6 235.3 232.3 230.7 238.4
138.5 138.9 138.7 138 136.9 137.2 139.7 141.2 141.6 145.3 141.1 142 141.2 143.8 146.9 148 150.7 151.7 153.9 156.9 157.4 149.7 157 166 158.3 156.9 163.2 165.7 167.9 170 164.3 167.7 175.3 177.3 180.6 184.8 186.7 195.7 203.4 206.8 211.5 216.5 219.5 221.4 221.1 222 223.7 226 226.7 227.4 229.4 230.2 229.1 225.2 219.9 208.8 203.5 198.1 206.6 223.3 243.6 265.1 265.4 266 264.3 262 260.5 256.3 254 253.2 251.8 250.1 250.2 247.7 235.6 232.7 231 237.9
134.6 135.7 136.3 135.6 132.3 135.8 138.3 139.3 139.5 139.6 138.2 136.6 139.4 142.3 144.8 146.7 148.8 150.2 152.4 154.1 154.5 151.1 156.1 156.3 164.5 159 164 167 168.2 169.7 171.3 172.6 175.1 177.1 180.1 183.3 190.9 200.1 207.2 212.7 215.4 218.1 221.1 221.4 222.2 223 225.2 227.1 227 228 229 229.7 228.6 227.4 217.3 213.1 205.7 198.8 205.2 220 247.4 259 260.2 261.1 260.8 258.3 256.2 253 251.7 249.7 246.6 245.9 247.3 247.5 241.9 233.8 237.2 236.2
131.7 132.9 133.3 133 126.8 134.8 136.6 137.2 137.6 137.1 136.2 135.9 139 140.7 143.3 145.5 146.3 148.2 148.6 150.9 151.6 148.5 154.7 155 152.9 162.6 164.3 166.8 168 169.3 170.7 172.5 174.7 177.3 180.3 184.4 192 201.4 208.4 213.9 218.3 218.1 221.3 221.9 222.9 223.6 225.6 225.2 225.3 226.8 230.6 233.9 232.2 230.3 229.9 217.4 206.5 198 204.9 223.3 250.6 250.1 251.1 253.4 257.3 255 252.5 250.5 248.1 247.3 243.9 243.4 243.6 242.7 238 233.3 235.1 232
128.6 129 129.1 128.8 129.7 132.8 134.1 135 135.3 134.5 133 134.5 137.7 139.4 141.9 144.2 144.6 145.5 148.8 148.8 148.5 151.4 152.9 152.1 145.8 156.3 161.8 166 167.1 169.8 171.2 170.8 174.6 177.3 180.5 185.2 190.7 199.1 208.2 213.7 218.5 222.9 223.8 224 224.1 224.4 225.2 225.8 225.8 226 228.4 232.3 233.4 233.2 235.3 215.7 204.1 197.5 205.4 226.4 250.5 238.2 238.3 240.4 250.8 250.4 248.5 246.7 245.2 243.8 242.7 241.3 238.6 236.1 234.2 230.2 229.3 227.7
124.4 123.4 123.4 121.1 128.4 131 131.2 133.1 133.3 132.9 131.9 134 136.1 137.7 139.9 141.9 144.7 143.5 147.4 148.5 148.5 150.1 151 145.6 151.2 156.9 161.1 163.7 166 169.3 167.1 172.3 174.4 177.7 181 184.5 189.1 197.3 208.3 213.5 219 224.2 226.3 226.2 227 227.9 228.6 227.6 227.3 226.5 227.6 230.4 232.6 235.4 237.2 220.1 205.7 196.1 200.7 221.5 230.3 222.7 223.5 225.4 230.7 244.8 241.4 241.7 241.7 241.9 241.5 238.4 235.9 231.9 228 226.1 224.6 223.2
114.6 114.3 115.4 116.4 117.2 120.5 126.7 130.9 130.5 129.9 131.4 133.2 134.3 135.9 137.6 138.7 144.2 150 147 142.1 139.2 149.4 149.8 145.6 151.9 156.2 158.4 161.2 163.2 160.1 168.2 169 171.9 176.9 180.3 183.3 187.7 195.9 207.5 211.9 218.5 226.2 231.7 232.3 231.2 232.6 231.9 229.8 229.4 229.4 229 231.6 232.6 230.8 230.2 223.7 212.6 197.5 194.9 194.9 199.5 198.4 207.4 210.8 217.3 227.4 232.5 233.1 237.4 236.5 230.9 231.5 229 226.9 224.6 222.1 220.6 220
121 122.6 123.9 126 127.1 127.9 129.3 130.6 131.3 131.2 131.1 131.8 132.9 134.3 136 136.2 136.8 143.6 140.6 141.2 145.4 148.2 146.5 141.6 149.9 152.1 154.5 153.6 161.7 164.7 169.6 173.9 177.2 179.1 181.2 184.3 189.7 197.9 206.5 211.7 219.5 227.8 235.5 239.7 237.4 236.4 235.7 234 233.5 234.1 233.6 234 235.2 234.2 231.5 231 229.4 216.9 210.3 208.7 202.5 195.2 193.2 193.7 203 208.7 221.8 226.3 230.3 231.4 227.9 227.6 226.5 224.5 223.2 219.7 219 216.9
119.5 122.5 123.8 126.5 126.9 127.8 129.1 130 131 131.1 130.4 131.3 132.3 133.6 133.5 134.1 135.7 137 138 139.1 145.1 146.2 145 138.1 145.7 144.1 151.7 162.5 161.9 169 173.7 179.3 184.4 186.3 184.6 187.5 192.2 199.4 206.9 211.8 218.2 227.6 235.7 242.9 245.7 245.5 243.4 241.7 240 241.5 244 244.7 244.9 245.4 242.4 244.2 247.7 248.8 243.9 239.4 228.5 213.7 204.1 195.9 192 198.5 213.4 222.2 222.4 223 225.2 226.3 229.3 219.6 223.3 214.4 212.3 218.2
122.2 121.1 122.3 126.4 125.9 127.5 128.5 129.5 129.9 130.1 129.8 130.5 131.5 132.1 130.7 133.6 136.5 139.5 139.6 143.1 144 142 141.8 132.7 138.3 149.9 161.2 164 166.4 163.2 174.5 182.9 188.1 190.6 190.6 192.3 195.5 204 207.1 211.4 217.2 225.5 235.2 242.6 248.3 254.5 255.3 252.9 250.3 249.6 251.2 252.4 254.5 253.7 252.7 254.5 259.2 267.7 267.7 254.5 233.9 222.2 229.1 217 193.7 189.3 197.5 206.4 207.2 210.9 206.6 208.7 214.1 211.1 207.1 209.1 208.9 207.5
121.8 122.4 122.8 123.3 124.3 125.1 126.1 127.2 127.9 128.2 128.9 129.6 130.8 130 123.9 135.3 137.4 138.9 140.3 140.7 140.3 138.7 137.1 132.8 141.6 155 161.6 164.7 166.9 163.8 173.1 182.4 188.1 190.9 193.2 196 199.8 205.3 208 211.7 216.5 224.7 234.1 241.6 247.8 254.9 260.7 264.2 266.7 265.4 265.2 269.1 275.8 273.9 268.3 267.8 271.3 279.4 272.6 258.1 249.1 243.1 237.9 219.4 198.2 189.9 191.5 191.2 191.3 193.8 192.6 197.3 198.2 198.9 200.4 200.4 198.8 198.1
123.3 123.6 124.1 124.5 124.3 124.4 124.9 124.6 125.3 127.1 128 129 129.1 117.3 130.9 133.9 135.7 137.7 137.6 138.5 136.6 131.6 129.6 134.1 150.5 157.1 161.4 164.6 167.4 166.7 169.4 180.2 186.4 189 193.2 197 200.5 205.6 209 212 216.1 223.6 232.9 240.5 246.2 253.8 259.4 264 267.5 270.6 273 274.3 275.3 277 277.9 280.6 283.4 281.7 272.9 265.7 259.6 253.9 246.3 225.1 203.6 190.2 185.5 183.6 182.9 181.4 179.7 180.7 184.1 188.4 189.4 185.1 192.9 191.9
122.6 122.9 123.6 124.2 124.6 124.3 124 124.2 124.9 126 127.9 127.4 127.8 117 126 131.7 133 134.9 135.5 133.3 128.8 127.9 135.8 145.6 153.1 157.3 160.1 164.2 166.2 169 165.7 177.7 183.3 185.1 191.3 196 199.8 204.7 209.2 212.1 215.1 222.8 230.9 238 244.3 252.3 257.4 261.8 265.2 267.7 269.4 270.7 272.8 276.6 281.6 285.5 286 281.4 272.1 267.2 264 259.4 257.4 247.7 231.2 206.5 199 201 202.8 196 188 184 175 181.4 180.6 173.1 176.9 186.8
121.6 121.6 122.1 122.2 123 123.1 123 123.1 123.9 125.5 127.6 126.4 127.2 112.8 123.2 129.2 130.3 131.4 129.6 128.8 129 135.2 140.3 146.1 152.5 154.7 158.3 162.6 166.7 169.5 166 175.5 179.8 181 189.3 195 198.5 204.1 208.7 211.7 214.4 221.2 229.7 236 243.2 250.1 254.8 259.2 261.8 263.7 264.8 266.5 268.9 273.7 278.3 281.8 282.9 279.4 271.3 268.5 264.6 261.6 258 257 250.5 245.1 235 233.2 228.7 211.9 205.3 199.4 184.5 186.5 186.5 187.8 179.8 169
120.1 119.3 120.4 120.7 121.4 122.1 122.1 123 123.6 124.5 126.2 126.2 118.4 113.9 124.7 127.2 127.2 126.2 128.8 128.8 134.5 142.1 147.8 153 152.7 157.8 157.6 161.7 167.3 169.9 166.2 174.5 178 181.1 186.7 192.8 198.4 203.5 208 211.7 214.4 220.3 226.8 233.6 240.4 246.2 251 254.7 257.3 258.9 260.2 261.4 264.4 269.3 273.8 277.8 280.1 278.5 273.2 268.2 261.6 258.2 254 251.8 246.4 241.2 240.1 239.2 239.4 239.1 236.4 233.4 222.7 224.5 221.5 219.4 211 207.1
119.5 119.6 119.8 120.5 121.3 120.8 121 122.5 122.7 123.6 124.2 120.8 113.2 113.2 122.7 123.5 122.7 123.4 129.4 133.7 142.4 146.2 152 155.7 156.5 159.6 160.6 160 164.7 169.1 169 170.7 178.2 181.6 186.5 190.6 198.1 202.7 207.3 211.4 214.6 218.6 223.4 231.4 237.7 242.2 245.6 250.2 252.2 253.5 254.7 255.7 258.9 263.4 268.1 273.2 275.9 275.8 272.6 265.7 256.3 253.5 250.5 244.7 241.9 236.8 234.3 233.5 233.1 232.8 232.4 233.1 234.1 233.9 231.4 223.3 221.5 217.3
119.1 118.8 118.9 119.8 120.9 120.3 120.4 122.1 122.2 122.5 122.4 120.9 117.8 113 117.1 123.5 125.7 131.7 135.8 140 145.1 148.9 156.7 161.6 163.7 164.4 164.8 164 162.3 167.5 171.1 168.1 177.7 181.7 184.8 189.3 195 202 208.4 213.6 215 215.7 222 227.9 234 237.6 241.9 244.8 246.7 248.2 249.5 250.5 253 257.6 262.1 268.4 270.9 272.1 270.2 263.2 251.7 244.7 245.5 238.6 236.7 233.1 230.7 228.4 227.7 227.4 227.3 228 228.7 229.1 228.5 227 225.3 220.9
117.8 117.7 117.5 119.1 119.8 119.4 119.5 121.2 121.5 121.4 120.2 118.9 118.2 121.3 124.5 126.5 129.2 133.2 137.5 141.4 145.2 150.6 162 163.8 165.9 167.1 168.1 170.3 166.1 162.4 170.2 166.9 177.4 180.5 184.2 186.9 194.4 205.4 208.7 215 216.7 216.7 220.7 225 230 234.1 237.3 241.2 242.9 243.6 244.7 245.7 247.3 250.3 255.1 263.2 265.9 268.4 267.6 261.2 247.8 241.2 237.8 234.6 231.8 228.2 226.5 225.5 224.1 222.8 222.6 222.1 222.7 223.2 223.1 222.5 220.4 217.1
115.7 116.5 116.4 118.6 118.8 117.2 118.5 120.5 120.2 119.3 117.7 112.8 106.2 120.8 125.2 128.6 131.3 134.3 137.2 140.5 145.2 151.5 158 161.2 168 168.4 171.6 172.9 172.4 170.5 165.3 166.7 176.5 181.1 183.6 186.6 191.3 202.1 208 216 219 214.8 217.6 220.7 226.4 230.9 233.8 237.1 239.3 240.8 241.7 241.9 241.9 242.3 248.7 257.9 261 262.7 262.8 257.3 245.8 236.3 232.6 229.7 227.7 225.1 223.1 221.5 220.2 218.8 218 216.8 217.1 216.8 216.2 215.1 212.8 209.3
114.5 113 114.8 117.4 118 116.5 117 118.7 118.3 116.5 111.5 110.1 110.1 119.3 126 128.6 131.6 133.6 137 140 144.7 151.9 154.9 155.9 168.7 169.5 172.8 174.6 173.2 172.4 169.8 166.4 176.1 183.4 188.1 190.5 188.4 196.5 206.4 214.7 219.1 216.4 213.5 217.2 221.5 228 231.4 233.3 234.8 235.5 236.7 237 237.8 239.4 243.1 252.6 256 258.1 256.9 251.9 242.1 231.9 228.2 223.5 222.7 219.7 219.3 217.3 216.2 214.7 214.5 213.1 211.4 210.5 210.2 208.6 206.3 204
112.2 111 113.3 115.5 116.5 112.5 116.6 117 115.2 105.1 103.8 114.5 121.4 122.1 126.2 127.4 130.7 132.9 136.3 139.4 144.8 151.3 153.9 154.7 162.8 169.6 172.2 174.2 173.5 172.4 171.3 166.2 175 186.5 193.8 193.9 187.5 194 203.7 211.7 215.6 206.4 208.6 211.8 216.9 222.5 226.5 229.4 229.7 230.8 232.7 233 233 234.7 236.6 245.5 250.3 252.4 251.1 247.1 237.4 227.2 222.3 219.1 217.3 215.2 213.5 213 212 210.8 209.5 208.7 207.4 207 205 201.7 199.8 197.3
109 104.8 111.7 110.8 107.3 116.7 116.7 114.9 108.4 102.7 113.8 119.1 122.2 123.8 126.4 128.4 130 132.6 135.8 138.4 141.8 149.6 153 153.2 155.9 169.3 171.7 173.6 173.7 172.5 170.4 165.9 173.1 187.1 195.5 197 190.3 189.8 199.5 208.4 209.5 200.4 205.2 208.8 211.9 215.9 221 225.5 227 227.8 228.4 229.1 229.1 230.5 231.8 237.5 243.9 246.4 246.1 241.8 234.5 222.4 217.3 214.4 212.9 211.1 209.7 209.1 208.7 207.2 206.5 205.3 203.3 201.4 199.7 199.2 199.2 199.6
103 98.6 99.1 97.5 106.6 116.6 115.8 114.3 102 105 115.5 120.2 122.3 123.2 125.3 127.5 129.1 132.2 135.5 138.2 141.4 148.4 152.4 152.6 150.5 167.2 169.6 172.6 173.3 172.5 170.2 165.5 170.7 183.7 192.6 196.3 192.6 187.1 194.9 204 207.8 202.3 202.6 205.6 208.2 213.3 216.1 219.5 222.1 223.4 224.7 225.3 226.6 227.7 227.8 230.3 238 240 240.9 238.5 231.6 221.2 214.8 211 209.2 207.7 206.5 205.8 205 203.7 203.3 202.7 201.5 199 199.6 199.5 198.9 199.2
