UK/data/nr/nr49_OST50GRID_20230518/NR49.asc
ncols 200
nrows 200
xllcorner 140000
yllcorner 690000
cellsize 50
[rows 0 to 37 of 200, columns 0 to 83 of 200]
-1.4 -1.4 -1.4 -1.4 -1.4 -1.4 -1.4 -1.4 -1.4 -1.4 -1.4 -1.4 -1.4 -1.4 -1.4 -1.4 -1.4 -1.4 -1.4 4.6 16.5 30.1 34.6 36.4 42.2 44.3 50.3 67.3 53.3 51.8 69.8 64.7 67.6 66.8 50.8 53.5 45.5 43.8 49.5 48.6 46.6 45.4 43.4 38.2 43.3 39.7 29.1 24 20.3 16.2 15.4 13.3 17.9 14.7 11.9 7.3 1.6 0.3 -1.4 -1.4 -1.4 -1.4 -1.4 -1.4 -1.4 -1.4 -1.4 -1.4 -1.4 -1.4 -1.4 -1.4 -1.4 -1.4 -1.4 -1.4 -1.4 -1.4 -1.4 -1.4 -1.4 -1.4 -1.4 -1.4
-1.4 -1.4 -1.4 -1.4 -1.4 -1.4 -1.4 -1.4 -1.4 -1.4 -1.4 -1.4 -1.4 -1.4 -1.4 -1.4 -1.4 -1.4 -1.4 1.8 14.4 20.6 28.6 33.4 32.3 47.9 46.7 54 52.8 47.1 61 53.3 58.3 54 45.1 45.9 42.7 42.5 44.2 46.5 43.7 43.4 38.9 28.9 34.7 30.6 27.7 24.2 22.3 20.2 19.7 17.5 15.8 12.2 7.5 8 3.6 1.9 -1.4 -1.4 -1.4 -1.4 -1.4 -1.4 -1.4 -1.4 -1.4 -1.4 -1.4 -1.4 -1.4 -1.4 -1.4 -1.4 -1.4 -1.4 -1.4 -1.4 -1.4 -1.4 -1.4 -1.4 -1.4 -1.4
-1.4 -1.4 -1.4 -1.4 -1.4 -1.4 -1.4 -1.4 -1.4 -1.4 0.1 -1.4 0.6 0.5 -1.4 -1.4 -1.4 -1.4 -1.4 0.1 6.1 9 19.6 23.1 33.1 37 37.8 42.9 42.1 43.9 52.6 45.3 46.9 39.4 41.9 41.3 41.8 41.2 39.9 37.2 39.2 34.3 27.2 24.4 25.2 26.1 29.3 26.9 24.2 25.5 21.6 18.9 22.3 17.3 19.4 18.1 18.3 15.9 11.2 3.1 3.2 9 3.7 5.8 -1.4 -1.4 -1.4 -1.4 -1.4 -1.4 -1.4 -1.4 -1.4 -1.4 -1.4 -1.4 -1.4 -1.4 -1.4 -1.4 -1.4 -1.4 -1.4 -1.4
-1.4 -1.4 -1.4 -1.4 -1.4 -1.4 -1.4 -1.4 -1.4 -1.4 16 18.7 27.1 29.3 -1.4 -1.4 -1.4 -1.4 -1.4 0.3 1.9 7.5 12.7 19.3 22.9 28.5 31.1 34.1 31.4 33.3 36.6 40.2 38 35.3 44.1 39 36.4 38.9 42.1 33.8 33.5 29.7 21.4 19.6 21 22 24.1 23.3 24.3 26.6 29.9 27.7 24.9 34.8 35 32.1 30.5 25 22.4 23.7 25.3 19.1 10.5 -1.4 -1.4 -1.4 -1.4 -1.4 -1.4 -1.4 -1.4 -1.4 -1.4 -1.4 -1.4 -1.4 -1.4 -1.4 -1.4 -1.4 -1.4 -1.4 -1.4 -1.4
-1.4 -1.4 -1.4 -1.4 -1.4 -1.4 -1.4 -1.4 -1.4 17.4 29.2 35.7 35.5 36.3 20.9 -1.4 -1.4 -1.4 0.5 1.3 1.9 6.7 13.7 17.5 20.2 22.5 25 24 26.2 23.3 26.3 29.3 40.6 30.8 35.3 41.1 33.3 40.2 37.4 31.4 26.4 15.6 15.2 16.5 18.3 20.9 22.2 25.3 38.3 41.7 37.5 39.4 36.1 42.4 40.3 41.9 39.2 38.8 30.8 31.6 23.9 14.4 2.3 -1.4 -1.4 -1.4 -1.4 -1.4 -1.4 -1.4 -1.4 -1.4 -1.4 -1.4 -1.4 -1.4 -1.4 -1.4 -1.4 -1.4 -1.4 -1.4 -1.4 -1.4
-1.4 -1.4 -1.4 -1.4 -1.4 -1.4 -1.4 -1.4 7.8 18.8 33.6 40.2 42.9 40.2 31.5 7.6 0.5 -1.4 2 4.1 3 2.3 7.9 13.9 14.3 17.7 14.8 16 14.3 16.3 21.7 24.1 20.9 17.1 22.1 31.3 29.6 33.8 31.9 24.4 15 13.6 13.3 18.3 31.3 28.5 28.6 39.6 39.4 41.6 44.2 44.2 42.5 43.3 43.8 40 45 42.5 34 30.9 35 27.7 15.5 -1.4 -1.4 -1.4 -1.4 -1.4 -1.4 -1.4 -1.4 -1.4 -1.4 -1.4 -1.4 -1.4 -1.4 -1.4 -1.4 -1.4 -1.4 -1.4 -1.4 -1.4
-1.4 -1.4 -1.4 -1.4 -1.4 -1.4 -1.4 2 13 13.3 34 36.1 42 41.4 39.2 27.2 17.7 5 11.6 14.4 6.7 3.2 3 4.7 4.9 12 8 8.1 7.8 10.1 14.4 10.5 10 10.4 12.1 12.3 13.1 23.1 24.9 16.5 13 14.9 22.8 25.3 32.8 38.7 36.2 46 41.5 41.1 39.4 40.9 39.4 43.3 54.1 48.1 46.1 41.6 31.3 25.3 23.7 18.9 9.4 -1.4 -1.4 -1.4 -1.4 -1.4 -1.4 -1.4 -1.4 -1.4 -1.4 -1.4 -1.4 -1.4 -1.4 -1.4 -1.4 -1.4 -1.4 -1.4 -1.4 -1.4
-1.4 -1.4 -1.4 -1.4 -1.4 -1.4 -1.4 -1.4 3.4 18.9 22.5 33.5 37.7 39.7 35.3 26.3 20.1 16.4 8.9 10.8 6.6 3.3 3.1 3.8 4.3 5.1 5.9 6.6 6.9 7.5 8.5 8.6 8.8 9 9.6 10.3 10.8 11.4 18.8 12.9 13.2 26.4 25.2 24.2 37.3 38.9 37.1 44.8 50.2 45.8 39.2 39.2 39.3 49.5 52.6 48.7 44.3 35.7 21.7 9.7 6.1 -1.4 -1.4 -1.4 -1.4 -1.4 -1.4 -1.4 -1.4 -1.4 -1.4 -1.4 -1.4 -1.4 -1.4 -1.4 -1.4 -1.4 -1.4 -1.4 -1.4 -1.4 -1.4 -1.4
-1.4 -1.4 -1.4 -1.4 -1.4 0.3 -1.4 10.9 14.2 17.7 22.8 23.1 36.3 34.3 29.3 25.6 18.8 15.5 9.1 8.2 4.8 3.4 3.3 3.9 4.4 4.9 6 7.5 8 8.8 8.9 9.7 10.2 10.3 11.2 12.2 11.9 12.9 13.2 13.3 23.1 28.5 26.5 29.7 39.1 42.7 37.5 43.1 37.9 38.7 38.2 41.1 39.7 41.1 42.2 42.8 35.9 28.8 14.8 -1.4 -1.4 -1.4 -1.4 -1.4 -1.4 -1.4 -1.4 -1.4 -1.4 -1.4 -1.4 -1.4 -1.4 -1.4 -1.4 -1.4 -1.4 -1.4 -1.4 -1.4 -1.4 -1.4 -1.4 -1.4
-1.4 -1.4 -1.4 -1.4 -1.4 2 19.8 14.4 12.1 15.2 16.3 19.9 24 24.3 25.2 23.5 18.2 11.4 7.4 5 4.5 3.7 3.5 4 4.6 5.1 6.6 8.1 8.9 9.3 9.7 10.5 12.2 12 11.6 15.3 14.8 16.8 19.7 21.7 31.5 29.8 28.7 43.6 42.7 40.3 36.8 36.8 38.1 39.6 40.1 36.1 41.8 38.7 31.2 26.5 19.4 5.7 -1.4 -1.4 -1.4 -1.4 -1.4 -1.4 -1.4 -1.4 -1.4 -1.4 -1.4 -1.4 -1.4 -1.4 -1.4 -1.4 -1.4 -1.4 -1.4 -1.4 -1.4 -1.4 -1.4 -1.4 -1.4 -1.4
-1.4 -1.4 -1.4 -1.4 -1.4 2.7 14.4 13.7 16.3 16.5 14.4 16.9 19.2 21.3 24.3 21.5 16.1 9.4 6.3 5.5 4.8 4.4 4.1 4.6 4.8 5.4 7.2 8.6 9.4 9.9 10.5 10.8 10.8 16.9 22.8 20.5 27 30.5 36.5 41.3 45.3 31.6 26.4 44.1 43.1 44.9 38 40.3 44 36.8 33.9 31.3 36.7 41.5 31.6 20.9 17.4 11.3 -1.4 -1.4 -1.4 -1.4 -1.4 -1.4 -1.4 -1.4 -1.4 -1.4 -1.4 -1.4 -1.4 -1.4 -1.4 -1.4 -1.4 -1.4 -1.4 -1.4 -1.4 -1.4 -1.4 -1.4 -1.4 -1.4
-1.4 -1.4 -1.4 -1.4 4.9 26.9 25.2 20.3 16.3 15.5 10.9 10.9 12.7 17.5 20.2 20.9 15.9 9.1 6.3 5.4 5.1 4.8 4.4 4.3 4.7 6.1 8.5 9.8 11.7 15.5 14.2 11 16.9 36.2 34.6 30.1 27.9 27.3 40.2 54.3 43.1 28.7 26.5 46.5 40.4 42.5 39.1 45.8 38.6 41.8 42.1 40.1 38.1 43.1 41.4 29.6 23.5 11.9 -1.4 -1.4 -1.4 -1.4 -1.4 -1.4 -1.4 -1.4 -1.4 -1.4 -1.4 -1.4 -1.4 -1.4 -1.4 -1.4 -1.4 -1.4 -1.4 -1.4 -1.4 -1.4 -1.4 -1.4 -1.4 -1.4
-1.4 -1.4 -1.4 1.1 2.7 22.6 36.7 25.9 17.4 12.4 7.4 8.4 11.1 12 16 18.9 17.4 13 7.4 4.7 4.4 5.3 5.1 5.5 6.8 8.1 10.8 14.7 22.3 29 44.4 44 40.2 38.2 37.1 26.9 28 47.3 58 53.8 41.7 27.3 29.5 31.5 30.5 34.3 31.3 38.2 41.1 37.6 34.7 33.3 39.9 40.5 24 15.5 10.4 -1.4 -1.4 -1.4 -1.4 -1.4 -1.4 -1.4 -1.4 -1.4 -1.4 -1.4 -1.4 -1.4 -1.4 -1.4 -1.4 -1.4 -1.4 -1.4 -1.4 -1.4 -1.4 -1.4 -1.4 -1.4 -1.4 -1.4
-1.4 -1.4 -1.4 0.5 25 26.6 25.3 19 14.4 3.5 4.5 6.5 9.3 10.8 12.8 16 17.5 15.2 14.5 9.9 5.6 5.2 5.5 6.4 9 10.4 14 30.7 41.7 46 53.9 52.1 46.8 42.2 30 28.1 44.4 53.9 51.7 44 35.4 26.1 27 37.7 28.5 30.9 37.6 42 39.8 32 31.9 34.9 28.1 23.2 17.9 8.3 -1.4 -1.4 -1.4 -1.4 -1.4 -1.4 -1.4 -1.4 -1.4 -1.4 -1.4 -1.4 -1.4 -1.4 -1.4 -1.4 -1.4 -1.4 -1.4 -1.4 -1.4 -1.4 -1.4 -1.4 -1.4 -1.4 -1.4 -1.4
-1.4 -1.4 -1.4 -1.4 13.9 19.2 15.8 4.5 -1.4 2 1.9 5 7.4 10.2 11.3 14 15.4 17.1 14.7 14.4 9.1 6.2 6.5 8.4 10.4 13.2 19.2 35.7 44.2 58.9 63.6 51.3 41.2 35.7 36.8 41.4 49.7 58.2 52 44.9 29.6 26.8 26.7 26.5 26.9 29.7 33.8 34.7 32.3 33.1 42.2 37.3 29 16.2 7.1 2.3 -1.4 -1.4 -1.4 -1.4 -1.4 -1.4 -1.4 -1.4 -1.4 -1.4 -1.4 -1.4 -1.4 -1.4 -1.4 -1.4 -1.4 -1.4 -1.4 -1.4 -1.4 -1.4 -1.4 -1.4 -1.4 -1.4 -1.4 -1.4
-1.4 1.1 -1.4 -1.4 -0.4 1.9 -0.3 -1.4 0 1.9 11.1 7.9 9.5 10 10.4 12 13.5 14.3 16.2 23.9 18.9 9.6 9.4 9.5 9.7 14.9 21.3 40.1 48.1 53 55.9 41.9 38 36.7 43.4 38.8 44.4 52.7 48.6 42.1 28.1 27.9 27 33.1 35.8 35.2 31.3 31.4 40 35 40.9 41.8 33.3 23.4 6.6 -1.4 -1.4 -1.4 -1.4 -1.4 -1.4 -1.4 -1.4 -1.4 -1.4 -1.4 -1.4 -1.4 -1.4 -1.4 -1.4 -1.4 -1.4 -1.4 -1.4 -1.4 -1.4 -1.4 -1.4 -1.4 -1.4 -1.4 -1.4 -1.4
-1.4 -1.4 -1.4 -1.4 -1.4 -1.4 -1.4 -1.4 15.9 15.2 18 11.6 10.7 10.1 10.5 10.6 11.8 12.8 14.5 24.7 24.7 13.6 9.3 9.5 11.8 17.4 22.3 39 46.8 43.2 42 42.3 34.4 33.9 34.6 44.6 41.4 46.3 40.8 32.3 28.4 27.4 27 27.8 28.2 31 40.2 42.4 44.5 44.4 41.8 33.3 29 13.1 -1.4 -1.4 -1.4 -1.4 -1.4 -1.4 -1.4 -1.4 -1.4 -1.4 -1.4 -1.4 -1.4 -1.4 -1.4 -1.4 -1.4 -1.4 -1.4 -1.4 -1.4 -1.4 -1.4 -1.4 -1.4 -1.4 -1.4 -1.4 -1.4 -1.4
-1.4 -1.4 -1.4 -1.4 -1.4 -1.4 -1.4 10.7 23.8 33.3 23.4 13.6 12.5 15.2 10.7 11.6 10.9 11.9 13.7 21.8 29.5 36.1 15.6 11.2 12.8 17.8 21.2 31.2 37.3 43.6 39.5 39.7 30.8 27.2 33.9 37.7 36.3 38.2 44 43 29.4 39.3 37.4 38.3 41.1 41.5 53.8 57.9 58.1 49.4 39.4 25.7 14.8 -1.4 -1.4 -1.4 -1.4 -1.4 -1.4 -1.4 -1.4 -1.4 -1.4 -1.4 -1.4 -1.4 -1.4 -1.4 -1.4 -1.4 -1.4 -1.4 -1.4 -1.4 -1.4 -1.4 -1.4 -1.4 -1.4 -1.4 -1.4 -1.4 -1.4 -1.4
-1.4 -1.4 -1.4 -1.4 -1.4 -1.4 0 2 21.1 27.2 36.7 25.6 21 25.2 16.5 13 12.1 11.7 15.9 17 24.6 29 22.7 17.1 14.8 22.6 27.5 33.6 35.5 36.9 36 30 26.6 31.6 29.9 33.4 47 43.6 39.7 38.6 30.6 35.3 37.6 45.2 54.5 60 58.2 47.2 41.4 41.9 28.6 18.7 9.6 -1.4 -1.4 -1.4 -1.4 -1.4 -1.4 -1.4 -1.4 -1.4 -1.4 -1.4 -1.4 -1.4 -1.4 -1.4 -1.4 -1.4 -1.4 -1.4 -1.4 -1.4 -1.4 -1.4 -1.4 -1.4 -1.4 -1.4 -1.4 -1.4 -1.4 -1.4
-1.4 -1.4 -1.4 -1.4 -1.4 -1.4 1.9 1.9 12.8 20.3 29.3 32 25.9 34.1 36.6 20.6 12.4 12.4 13.2 19.3 24.3 31.1 22.6 25.2 29.1 26.5 33.3 31.2 31.2 33 30.8 26.4 26.9 28 28.6 38 50.5 39 37.5 32 32.3 39.6 49.6 61.7 60.1 62.5 53 45.1 40.5 31.6 23.3 15.1 -1.4 -1.4 -1.4 -1.4 -1.4 -1.4 -1.4 -1.4 -1.4 -1.4 -1.4 -1.4 -1.4 -1.4 -1.4 -1.4 -1.4 -1.4 -1.4 -1.4 -1.4 -1.4 -1.4 -1.4 -1.4 -1.4 -1.4 -1.4 -1.4 -1.4 -1.4 -1.4
-1.4 -1.4 -1.4 -1.4 1.5 17.5 6.8 38.1 26.8 25.4 26.9 30.3 39.3 40.1 42.1 32.2 25.4 13.4 14.1 20.4 26.2 28.6 23.9 23.4 26.1 26.4 30.5 31.1 27.6 32.2 26.2 26.7 32.9 32.4 44 39.8 42.6 35.7 36.7 35.5 40.6 54.7 65.4 64.6 61.9 60 54.2 42 36 25.8 11.8 6.7 -1.4 -1.4 -1.4 -1.4 -1.4 -1.4 -1.4 -1.4 -1.4 -1.4 -1.4 -1.4 -1.4 -1.4 -1.4 -1.4 -1.4 -1.4 -1.4 -1.4 -1.4 -1.4 -1.4 -1.4 -1.4 -1.4 -1.4 -1.4 -1.4 -1.4 -1.4 -1.4
-1.4 -1.4 -1.4 -1.4 2 1.8 35.3 30.3 25.4 32.3 39.2 35.1 41.7 41.9 47.5 42.6 25 17.5 22.3 29.3 39.8 38.1 30.7 28.6 25.2 24.4 26.1 26.3 26 26.3 28 55.3 73.4 47.5 46.9 38.1 37.8 48.7 45.2 56.4 54 71.7 72.5 76.8 75.8 63.7 45.2 38.9 41.2 27.5 17.9 2.9 -1.4 -1.4 -1.4 -1.4 -1.4 -1.4 -1.4 -1.4 -1.4 -1.4 -1.4 -1.4 -1.4 -1.4 -1.4 -1.4 -1.4 -1.4 -1.4 -1.4 -1.4 -1.4 -1.4 -1.4 -1.4 -1.4 -1.4 -1.4 -1.4 -1.4 -1.4 -1.4
-1.4 -1.4 -1.4 -1.4 -1.4 5.7 2 30.4 33.8 39.4 37.1 34 37.9 40.7 45 39.4 28 27.3 33.2 39.3 38.1 36.4 40.7 43.3 30 32.3 36.2 30.2 49.6 43.3 58.1 80.5 69.9 53 45.5 38.8 53.7 53.4 62.3 66.3 62.7 72.5 73.7 72.4 72.2 66.6 55 47.8 37.3 25.6 13.2 10.2 -1.4 -1.4 -1.4 -1.4 -1.4 -1.4 -1.4 -1.4 -1.4 -1.4 -1.4 -1.4 -1.4 -1.4 -1.4 -1.4 -1.4 -1.4 -1.4 -1.4 -1.4 -1.4 -1.4 -1.4 -1.4 -1.4 -1.4 -1.4 -1.4 -1.4 -1.4 -1.4
-1.4 -1.4 -1.4 -1.4 -1.4 -1.4 1.9 11.1 29.3 29.7 32.1 38.9 41.7 42.2 40 38.8 33.4 40.6 37.9 40.3 41.9 45.5 64.9 84.6 43 43.4 40.2 53.5 87.4 68.3 87.9 75 58.7 48.4 47.4 44.3 56.2 56.8 61 66.8 69.2 79.8 79.5 82.8 84.3 67.9 46.6 32.1 30.1 24.6 17.6 11.8 -1.4 -1.4 -1.4 -1.4 -1.4 -1.4 -1.4 -1.4 -1.4 -1.4 -1.4 -1.4 -1.4 -1.4 -1.4 -1.4 -1.4 -1.4 -1.4 -1.4 -1.4 -1.4 -1.4 -1.4 -1.4 -1.4 -1.4 -1.4 -1.4 -1.4 -1.4 -1.4
-1.4 -1.4 -1.4 -1.4 -1.4 -1.4 1.4 30.1 44.6 55.6 41.9 61.3 52.8 56.4 45.4 41.3 38.4 51.9 54.5 45.4 50.7 61.9 101.6 90.1 52.3 55 81.5 112.3 115.8 108.5 98 83.5 75 70.7 59 48.9 59.6 61.6 73.5 73.4 65.7 80.8 78.6 80 73.5 45.3 35.1 32.2 22 15.5 -1.4 -1.4 -1.4 -1.4 -1.4 -1.4 -1.4 -1.4 -1.4 -1.4 -1.4 -1.4 -1.4 -1.4 -1.4 -1.4 -1.4 -1.4 -1.4 -1.4 -1.4 -1.4 -1.4 -1.4 -1.4 -1.4 -1.4 -1.4 -1.4 -1.4 -1.4 -1.4 -1.4 -1.4
-1.4 -1.4 -1.4 -1.4 -1.4 19.2 38.6 45.3 43.4 52.2 56.2 70.2 66.9 68.1 58.2 53.1 41.4 70.7 78 68.9 91.8 87.2 104.3 83.1 67.4 88.2 118.2 113.1 115.1 112.4 112.9 92.3 72.7 70.6 65 54.1 61 62.9 67.1 73.5 64.8 72.7 72 74.3 59.4 40.8 32.6 17.3 11.4 -1.4 -1.4 -1.4 -1.4 -1.4 -1.4 -1.4 -1.4 -1.4 -1.4 -1.4 -1.4 -1.4 -1.4 -1.4 -1.4 -1.4 -1.4 -1.4 -1.4 -1.4 -1.4 -1.4 -1.4 -1.4 -1.4 -1.4 -1.4 -1.4 -1.4 -1.4 -1.4 -1.4 -1.4 -1.4
-1.4 -1.4 -1.4 -1.4 -1.4 6 22.9 31.1 44.1 45.9 53.7 69.4 79 85.4 84.1 71.9 51.7 78.5 94 92.7 103.8 114.1 120.4 108.2 115.1 109.1 110.8 107.5 104.6 121.4 109.7 89 77.8 73.7 64.5 53.8 65.3 60.6 58.7 60.9 61.9 73.6 66 56.2 46.5 32.8 23.9 5.6 3.4 -1.4 -1.4 -1.4 -1.4 -1.4 -1.4 -1.4 -1.4 -1.4 -1.4 -1.4 -1.4 -1.4 -1.4 -1.4 -1.4 -1.4 -1.4 -1.4 -1.4 -1.4 -1.4 -1.4 -1.4 -1.4 -1.4 -1.4 -1.4 -1.4 -1.4 -1.4 -1.4 -1.4 -1.4 -1.4
-1.4 -1.4 -1.4 -1.4 -1.4 1.7 17.2 27 30.7 35.6 48.4 71.1 90 107 105.2 78.1 63.8 91 91.6 95.9 102.8 126.3 128.6 114 112.7 108.1 97.6 93.6 100.6 112.2 101.9 87.7 85.5 74.9 67.7 57.7 61.4 57.5 57.2 61.1 62 62.8 59.5 50.2 38.4 29.7 19.2 14.1 2.2 -1.4 -1.4 -1.4 -1.4 -1.4 -1.4 -1.4 -1.4 -1.4 -1.4 -1.4 -1.4 -1.4 -1.4 -1.4 -1.4 -1.4 -1.4 -1.4 -1.4 -1.4 -1.4 -1.4 -1.4 -1.4 -1.4 -1.4 -1.4 -1.4 -1.4 -1.4 -1.4 -1.4 -1.4 -1.4
-1.4 -1.4 -1.4 -1.4 -1.4 4.6 2 17.4 30.2 39.8 45 57.9 78.2 95.9 100.4 74.2 86.8 113.5 106.1 101.6 116.3 130.7 122.8 109.8 100.9 95.4 87.8 87.5 98.3 105.4 102.7 87.2 83.3 78.9 66.6 58.2 57.8 61.2 56 55.3 60.4 57.2 44.7 39.1 32.8 34.5 27.2 23.2 14.6 4.8 -1.4 -1.4 -1.4 -1.4 -1.4 -1.4 -1.4 -1.4 -1.4 -1.4 -1.4 -1.4 -1.4 -1.4 -1.4 -1.4 -1.4 -1.4 -1.4 -1.4 -1.4 -1.4 -1.4 -1.4 -1.4 -1.4 -1.4 -1.4 -1.4 -1.4 -1.4 -1.4 -1.4 -1.4
-1.4 -1.4 -1.4 -1.4 -1.4 -1.4 -1.4 1.2 9.4 32 49 51.1 71.1 85.5 80.2 68.3 92.1 121.1 135.2 121.4 128.1 126.1 112.3 100.6 83.6 86.4 87 88.1 99.1 101.1 91.1 84.1 86.3 77.3 68.5 57.4 56.5 58.9 56 54.4 56.1 51.9 38.8 34.7 31.4 27.6 25.7 17.1 10.2 3 -1.4 -1.4 -1.4 -1.4 -1.4 -1.4 -1.4 -1.4 -1.4 -1.4 -1.4 -1.4 -1.4 -1.4 -1.4 -1.4 -1.4 -1.4 -1.4 -1.4 -1.4 -1.4 -1.4 -1.4 -1.4 -1.4 -1.4 -1.4 -1.4 -1.4 -1.4 -1.4 -1.4 -1.4
-1.4 -1.4 -1.4 0.5 1 -1.4 -1.4 -1.4 1.4 13.7 34.2 45.1 50.8 68.2 60.1 64.2 105.8 129.1 140.9 121.8 117.9 114.4 107.4 91.9 80.6 86.3 85.8 91.1 93.7 93.7 92.3 80.4 81.5 74.6 66.3 56.2 55.4 57.2 58.5 59.4 52.2 54.6 64.5 38.7 33.6 27.4 22.9 16.2 1.3 -1.4 -1.4 -1.4 -1.4 -1.4 -1.4 -1.4 -1.4 -1.4 -1.4 -1.4 -1.4 -1.4 -1.4 -1.4 -1.4 -1.4 -1.4 -1.4 -1.4 -1.4 -1.4 -1.4 -1.4 -1.4 -1.4 -1.4 -1.4 -1.4 -1.4 -1.4 -1.4 -1.4 -1.4 -1.4
-1.4 -1.4 -1.4 -1.4 -1.4 -1.4 -1.4 -1.4 1 3.7 12.7 32.5 41 49.4 48.4 55.5 88.2 123.6 129.2 119.4 112.7 101.8 95 78.9 78.8 78.8 82 93.7 98.6 91.3 83.9 74.9 73.6 69.5 61.6 57 57.3 60.5 68.4 73.1 82.6 83 53.5 47.7 38.1 31.6 14.5 7.9 1.9 -1.4 -1.4 -1.4 -1.4 -1.4 -1.4 -1.4 -1.4 -1.4 -1.4 -1.4 -1.4 -1.4 -1.4 -1.4 -1.4 -1.4 -1.4 -1.4 -1.4 -1.4 -1.4 -1.4 -1.4 -1.4 -1.4 -1.4 -1.4 -1.4 -1.4 -1.4 -1.4 -1.4 -1.4 -1.4
-1.4 -1.4 -1.4 -1.4 -1.4 -1.4 1.4 7.1 8.1 7.5 11.4 10.9 31.5 50.5 39.4 48.8 84.7 101.7 111.4 90.7 96.6 95.8 80.6 72.9 73.2 83 92.6 96.7 88.5 82.6 74.2 73.2 74.6 73.1 78.5 72.2 71.1 83 91.7 83.5 76.4 70.5 50.6 44.5 44.3 34.5 27.3 10.4 -1.4 -1.4 -1.4 -1.4 -1.4 -1.4 -1.4 -1.4 -1.4 -1.4 -1.4 -1.4 -1.4 -1.4 -1.4 -1.4 -1.4 -1.4 -1.4 -1.4 -1.4 -1.4 -1.4 -1.4 -1.4 -1.4 -1.4 -1.4 -1.4 -1.4 -1.4 -1.4 -1.4 -1.4 -1.4 -1.4
-1.4 -1.4 -1.4 -1.4 -1.4 -1.4 1.9 2 1.9 2 12.4 14.6 12.4 29.8 29.7 58.5 56.4 79.9 89.1 65.6 76.1 76.5 73.3 72.7 74 82.5 83.9 87.2 80 73.1 73.2 74.2 86.4 91.6 96.3 88.1 84.4 92.2 84 71.7 54.2 49.7 43.1 42.3 31.9 21.7 11.6 -1.4 -1.4 -1.4 -1.4 -1.4 -1.4 -1.4 -1.4 -1.4 -1.4 -1.4 -1.4 -1.4 -1.4 -1.4 -1.4 -1.4 -1.4 -1.4 -1.4 -1.4 -1.4 -1.4 -1.4 -1.4 -1.4 -1.4 -1.4 -1.4 -1.4 -1.4 -1.4 -1.4 -1.4 -1.4 -1.4 -1.4
-1.4 -1.4 -1.4 -1.4 -1.4 1.3 2 2 2 8.8 6.8 10.4 11.7 13.7 31 39.9 44.7 55.3 69.3 53.7 56.6 67.7 69.4 70.4 70.9 73.3 78.1 82.6 73.5 72.9 78.4 94.8 95.9 93.8 88.8 90.6 82.9 73.5 62.1 44.8 43 44.3 42.7 36.2 25.4 19.2 11.6 -1.4 -1.4 -1.4 -1.4 -1.4 -1.4 -1.4 -1.4 -1.4 -1.4 -1.4 -1.4 -1.4 -1.4 -1.4 -1.4 -1.4 -1.4 -1.4 -1.4 -1.4 -1.4 -1.4 -1.4 -1.4 -1.4 -1.4 -1.4 -1.4 -1.4 -1.4 -1.4 -1.4 -1.4 -1.4 -1.4 -1.4
-1.4 -1.4 -1.4 -1.4 -1.4 0.7 2 2 5.9 19.6 21.2 15.3 7.9 10.3 11.3 21.1 24.5 32.2 39.9 48.4 53.5 60.6 69.2 74.9 73.9 73.8 72.3 73.4 73.5 77.9 80.1 87.1 92.7 91.9 90 85.8 60.7 54.6 45.4 37.3 39 33.8 24.5 26.3 20.5 14.1 1.9 -1.4 -1.4 -1.4 -1.4 -1.4 -1.4 -1.4 -1.4 -1.4 -1.4 -1.4 -1.4 -1.4 -1.4 -1.4 -1.4 -1.4 -1.4 -1.4 -1.4 -1.4 -1.4 -1.4 -1.4 -1.4 -1.4 -1.4 -1.4 -1.4 -1.4 -1.4 -1.4 -1.4 -1.4 -1.4 -1.4 -1.4
-1.4 -1.4 -1.4 -1.4 -0.3 0.8 1.9 2 17.4 21.8 22 23.7 15.6 12.2 12.4 12.5 17.9 21 43.1 45.9 64.7 67.1 73.4 68.1 62.1 61.3 59.6 66.3 74.4 80.7 86.9 94.8 94.1 92.6 87.3 70.8 47.3 49.1 39.9 31.9 25.8 17.3 13.9 15.1 13.1 -1.4 -1.4 -1.4 -1.4 -1.4 -1.4 -1.4 -1.4 -1.4 -1.4 -1.4 -1.4 -1.4 -1.4 -1.4 -1.4 -1.4 -1.4 -1.4 -1.4 -1.4 -1.4 -1.4 -1.4 -1.4 -1.4 -1.4 -1.4 -1.4 -1.4 -1.4 -1.4 -1.4 -1.4 -1.4 -1.4 -1.4 -1.4 -1.4
-1.4 -1.4 -1.4 -0.6 0.2 1 2 8.4 19.3 25.1 24.2 22.4 23.3 17.1 16.2 19.1 23.2 29 41.9 51.5 69.9 78.2 80.2 70.8 60.8 58.8 54.4 60.1 59.6 59.6 67.6 76.9 86.6 83.4 78 47.1 43.6 43.3 26.6 22.2 9.8 -1.4 -1.4 -1.4 -1.4 -1.4 -1.4 -1.4 -1.4 -1.4 -1.4 -1.4 -1.4 -1.4 -1.4 -1.4 -1.4 -1.4 -1.4 -1.4 -1.4 -1.4 -1.4 -1.4 -1.4 -1.4 -1.4 -1.4 -1.4 -1.4 -1.4 -1.4 -1.4 -1.4 -1.4 -1.4 -1.4 -1.4 -1.4 -1.4 -1.4 -1.4 -1.4 -1.4
