WholeMapElevations/data/ns/ns19_OST50GRID_20230518/NS19.asc
ncols 200
nrows 200
xllcorner 210000
yllcorner 690000
cellsize 50
[rows 36 to 71 of 200, columns 81 to 161 of 200]
400.9 407.4 415.6 421.1 433.2 440.7 455.6 469 481.3 492.9 504.3 514.7 528.1 541 554.5 569.5 582.1 598.8 615 630.9 651.1 669.3 689.1 712.1 726.2 739 758.8 768.5 731.1 703.6 672.7 641.5 621.3 610.3 605.2 582.5 569.2 539.5 525 502.6 463.2 416.8 374.5 345.7 327.7 310.5 298.3 286.6 282.7 283.1 291.8 309 329.7 353.1 369.6 383.3 403.9 430.3 453.7 467.7 479 500.2 507.3 519.1 542.9 547.3 550.1 553.5 553.7 543.1 512.6 496.5 491.9 485.8 476.8 491.9 493.1 488.7 514.9 524.6 542.4
408.4 413.9 425.5 432.9 440.7 450.2 461.2 472 481.1 493.1 504.6 515.5 526.9 540.7 555.2 568.7 580.5 595.1 612.7 629.2 646.8 665.7 682.4 705.7 722.7 739.7 754.6 753.4 715.5 692.6 651.2 636.9 623.6 612 609 588.9 573.5 574.7 552.5 519.2 469.9 416.7 377.2 354.3 343.6 336.9 310.5 296.9 286.6 289.4 298.2 316.9 335.5 359.6 375.3 390.5 415.4 438.9 454.8 469.4 486.1 505.3 511.2 528.7 542.7 547.8 547.3 531.7 527.9 515.3 489.6 481.3 478.1 475.1 462.4 470.9 471.9 462 476.1 485.5 525.4
419.8 424.8 434.4 441.8 449.7 458.6 466.3 476.5 485.7 495.6 505.5 516.1 526.4 538.4 553.4 568.6 579.8 591.7 611.6 630.2 644.7 664.2 680.3 699.2 720.7 740.5 750.8 741.4 703.9 675.9 655.1 639 627.2 623.6 613.8 598.9 595.4 588.4 561 534.4 473.2 433.6 389.8 368.7 362.9 363.9 342.8 320.9 301.4 292.2 306.2 323.7 341.7 363.4 380.3 399.8 415.3 439.1 461.7 475.3 495.9 510.3 515.3 533.1 543.1 547.3 523.7 510.2 483.2 491.9 475.7 461.7 469.7 460.3 447.7 451.3 455.1 449.5 460 466.1 478.1
435.8 440.1 445.7 452 460.2 468.9 476.2 483.9 493 501.5 510.1 517.9 527.4 539.4 557.4 571.6 580.6 595.3 606.1 630.1 649.8 663.1 679 694.9 710.7 723.6 742.3 737.5 702 686.3 667.7 662.8 635.4 633.9 629.5 621.2 623.5 597.8 566.3 541.9 479.6 449.9 405.8 389.2 381.4 376.9 364.2 340.4 313.5 306.5 309.4 329.9 347.3 366.4 382.1 400.4 414.6 433.7 454.6 480.1 497.1 506.7 515.6 535 540.8 539.9 507.8 469.8 468.5 476.9 468.4 448.3 444.6 439.6 440.5 444.2 442.4 434.8 435.2 444.6 448.4
450.3 454.2 456.1 463.6 473.2 481.1 487.5 493.7 501.9 507 512 521.5 532.7 541.4 555 568.8 590 602.1 611.5 629.5 644.4 660.7 678.8 694.7 709.1 719.9 730.7 733.7 711.1 692.5 684.9 670.9 653.9 645.4 640 641.2 645.1 615.5 564.2 542.8 481.3 446.9 422.2 403.7 398.9 386.7 370.9 352.6 321.7 317.1 323.5 337.9 354 370.3 382.5 399.1 411.2 423.1 437.2 464.4 494.6 501.1 507.3 530 515.5 512.9 484.9 467.1 457.3 462.9 452.9 446 436.9 435.9 433.9 439.4 439 428.9 421.3 426.8 432.7
462.5 466.2 469.2 475.6 485 491.1 495.8 503.3 510.2 515.2 521.9 524.7 533.4 543.6 558 572.4 600.1 612.3 620.2 638.8 651.3 663.2 680.4 700.6 713.3 722.4 731.8 738.3 725.8 703.3 690.6 684.3 675.9 663.7 655.7 657.5 651.7 606.8 560.6 523.6 482.3 458.8 429.1 411.6 404.9 389.8 378.6 353.6 329.5 325.1 334.7 351.4 366.9 376.1 384.8 400.1 410.7 414.3 411.9 435.6 448.3 465.6 468.3 475.4 479.7 478.6 484 455.9 448.8 450.2 444.7 439.3 431.9 430.9 424.9 426 419 410.7 397.2 410.8 419
473.2 478.6 479.8 485.3 492.6 500.8 506.5 514.4 520.6 526.1 531.9 534.2 540.2 547.4 557.6 576.8 595.4 615.6 627.6 634.8 652.1 667 685.9 700.6 716 727 742 744.7 743.9 714.7 703.2 699.5 698.1 679.6 683.1 670.6 641.2 584.4 554.1 517.8 498.6 456.8 433.1 415.4 411.6 401.7 387.3 354.8 339.1 324.9 345.6 361.4 377.3 388.7 390.5 401.9 408.1 407.6 407.2 416 430.4 443.5 456.4 465.7 467.8 471.4 463.9 455.9 443 439.2 434.4 433.8 434.2 413 405.2 404.6 412.5 386.9 377.7 403.5 415.1
484.6 489.1 491.5 497 500.8 508.9 517.3 524.3 530.8 536.3 541.3 541.8 544.1 552.6 560.4 579 604 619.1 627.7 635.1 646.6 661.4 679.5 700.9 722.2 734.7 744.9 751.6 756.4 737.4 728 721.2 715.2 719 693.7 653.4 614.8 573.7 544.5 514.6 488.9 458.2 435.5 422.8 415.6 408.1 384.1 355.4 344.4 339.8 355.6 372.7 387 402 392 394 402.4 400.4 402.1 413.1 428.9 433.1 449.6 460.9 466.5 461.2 462 456.2 434.2 430.9 430.6 432.7 424.2 397.4 382.2 387.3 384.7 364.4 357.7 370.3 376.5
500.8 502.6 505.5 506.9 514.5 520.9 530.7 532.1 541.1 549.6 558.3 546.8 548.9 554.6 565.7 582.3 600 618.4 628.8 635.4 647.2 660.3 671.7 698.5 716.8 741.8 751.6 756.2 763.8 758.7 749.4 734.8 738.9 743.6 693.4 653.3 598.3 569.9 537.4 506.8 483.7 463.3 444 432.3 417.2 403.4 380.4 358.8 341.5 351.5 365.8 380.5 395 415.6 406.7 398 398 398 398 405.9 412.4 423.5 438.9 456.8 463.1 454.8 454.7 451.8 429.3 426.7 428.6 423.4 414.1 380.7 365.1 354.6 353.8 341.1 333.2 340.3 351.2
515.4 513.8 515.1 515.2 520.7 531.4 539.6 543.9 557.7 563.6 560.6 552.5 553.2 554.8 568.7 593.5 602.1 597 599.2 615.5 635.1 668.8 679.1 688.2 700.5 724.3 739.4 743.6 754.6 763.5 755.4 746.6 751.6 751.4 707.9 664 600.8 570 538.3 510.8 490 471.8 453.2 437.9 422 402.4 379.9 360.8 345.8 358.2 371.5 386 398.3 406.6 406.7 398 398 398 398 398.1 405.7 416.7 429.2 449.6 458.1 449 441 433.1 426.1 421.6 427.7 410.2 400 367.3 349.3 337.4 335.6 321.5 317.6 317.1 324.8
522.6 524 524.6 527.5 534.2 544.4 550.1 556.7 566.8 581.5 569 556.8 555.7 558.2 563.5 570.8 581.4 578.7 591.9 608.7 628.1 662 678.1 685.8 694.7 700.5 710.5 720.6 748 752.9 745.6 751.4 760.6 740.8 703.6 666.2 604 556.1 538.4 506.3 494.8 478.9 462.4 445.9 426 407.6 386.9 366.5 364.4 368 376.8 387.1 396.6 402.2 400.5 398.2 398 398 398 398 398 403.7 415.3 431.7 454.8 447.3 420.9 412 407.7 408.8 409.9 383.6 369.1 352.7 335.8 330.1 315.2 309.7 304.7 300 298.9
528 533.3 538 543.5 553.6 558.5 561.8 570.6 580.6 582.9 565.7 556.7 557.4 562.1 564.6 564.2 565.2 576.3 590.3 612.8 630.7 656.8 666.6 675 685.5 684.9 701 711.7 727 736.6 741.3 755.9 757.9 719.7 694.8 673.8 589.3 550.9 533.8 507.6 497 483.5 467.4 451.6 433 416.2 393.5 381.7 388.1 383.6 390 391.2 395.8 400.9 400.7 398 398 398 398 398 398 398 408.1 409.7 416.2 419.9 414.6 411.1 397 391.4 381.3 372.4 357.6 346.3 336.6 316.3 304.5 296.4 290.3 285.5 277.5
547.7 556.5 557.9 561.6 568.4 571.3 574.9 578.8 584.3 579.9 565 559.2 559.7 559.4 560.9 559.5 566.9 575.7 590 605.2 621.3 636.1 645.1 646.7 667.2 684.1 693.6 702.3 713.2 715.5 734.8 746.4 728.9 699.5 681 642.6 581.3 550.8 529.3 510.1 498.2 487.2 475 461.5 441.7 423.6 399.7 405.9 399.8 403.7 405.4 401.6 397.5 397.3 398 398 398 398 398 398 398 398 398 398.7 401.7 405.1 407.5 402.4 394.2 385.9 376.1 366.5 349.6 333.2 323.1 303.6 291.5 280.8 266.9 262.8 255.3
568.8 575 580.3 582.5 589.4 599.4 605.1 602.8 585.3 571.4 561.8 560.4 564.1 559.2 558.8 558.4 563 575.3 589.2 595.4 607.8 615.4 624 633.9 642.6 664.3 689.9 694.5 691.9 703 711.6 704.8 696.5 686.9 645.9 610.8 583.2 549.6 529.7 509.3 496.6 489.8 481.9 467.9 453.6 442.4 428.3 426.4 425.6 418.9 419.3 412.2 405.3 398.7 398.3 398 398 398 398 398 398 398 398 398 401 402.1 402 398.3 394.3 392.6 385.4 375.4 351.5 334.2 309.4 298.1 286.8 270.3 256.9 246 234.7
583.6 593.4 597.2 595.5 605.8 619.9 632.2 625.1 601.1 576.3 560 557.7 562.1 559.9 562.6 559.8 566.3 574.6 581.7 590.8 597 605.3 613.7 624.1 626.7 639.7 650 662.6 673.6 682.1 695.6 681 677.1 668.6 641.1 599.7 578.7 561.5 536.7 513.8 502 494.7 483.6 475.3 464.1 447.8 451 445.2 445.9 443.4 438.6 428.9 416.5 405.4 403.2 402.5 398 398 398 398 398 398 398 397.1 400.8 402 402 400.4 398.6 396.8 393.7 383.8 363.8 338.6 319 301 277.8 261.5 246.5 236.2 224.7
587.2 599.3 606.5 611.8 620.3 632 641.2 625.1 605.6 580 555.5 560.4 559.3 549.9 555.7 560.2 568 573.4 581.9 589.3 592.7 598.2 607.9 613.7 620.7 629.7 636.3 646.4 654.6 664.2 665.4 662.9 654.7 645.6 619.3 595 581.4 562.9 537.3 522.7 515.5 499.2 488.8 483 477.4 471.5 468.8 470.5 462.3 461.6 456.6 447.8 436.1 431.7 414.6 409.9 408.8 405.6 398 398 398 398 398 399.2 401.1 402.5 407.2 402.6 399.8 399.7 394.5 393 372.3 350 327.3 300.8 280.4 257.2 242.5 231.8 218.1
590.9 605.2 611 619 632.4 641.7 642 627.6 597.6 570 549.4 545.4 545.9 548.5 550.9 553.8 560.6 565 573.3 581.5 586 595.4 601.7 607.7 617.9 625.4 630.3 636.9 644.7 647.9 646.2 636.7 626.3 618.9 608.8 597.2 585.5 567.4 543.2 538.6 532.9 507.9 498.5 491.8 488.2 486.3 488 484.5 485.6 482.7 472.2 466.3 458.9 450.3 428.6 416.9 412.6 407.6 397.6 398 398 398 397.5 401 400.5 400.7 402.3 401.1 399 398.6 400.7 397.6 371.4 357 325.1 300.8 282.8 258.2 240.1 228.1 215.2
588.3 603.6 611.9 624.3 639.4 642.1 635.1 612.5 578 550.5 540 537.5 534.9 540 544.8 545.8 551.7 555.6 561.1 571.5 579.9 586.6 594.4 602.5 610.6 617.7 622.7 629.4 646.6 639.9 634.8 620.3 611.1 607.9 604.9 600.7 588.3 568.4 554.2 543.7 532.9 514.9 507.7 503.5 498.9 504.5 507.2 505 503.6 501.1 489.6 486.5 476.7 458.9 442 437.9 416.7 411.2 404 398.9 398.6 398 398.4 402.5 401.4 399.1 398.3 398.4 397.2 396.4 396.6 391.6 372.4 355.9 333 306.1 286.8 262.9 238.4 224.9 213
588.5 600.7 616.8 630.1 640.5 646.2 620.1 596.1 547.8 536.9 526.4 525 527.9 531.8 531.7 541.4 535.4 543.5 550 559.7 571.2 576.7 585.3 592 598.2 605.2 611.7 616.5 618 619.1 611.6 604.1 599.6 596.9 595.6 591.1 582.8 572 564.1 550.4 539 525.3 520.7 514.1 513.9 520.2 520 521.5 521.3 523.3 508.1 498 488 472.9 459.9 441.2 424.3 418.8 415.8 404.7 402.5 400 398.7 406.4 402.8 398.5 397.3 396.9 394.7 391.6 394.7 388.8 378.9 372.8 341.5 305.7 294 265.5 240.5 222.7 207.9
584.2 597.2 616 630.9 642.1 627.5 608 561.7 542.1 519.7 519.3 513.9 519.2 517 514.6 524.1 526.5 533.1 540.2 548 556.1 565 572.3 579 588.2 594.1 596.2 597.8 600 597.6 592 589.7 587.4 585 585.1 580.9 574.9 571.3 563.8 557.5 547.9 534.8 526 522.8 529.5 533 535.8 536.1 539.1 540.6 533.5 517.5 494 484 469.6 447.3 438.1 428.1 415.5 412.3 414 417.7 404.7 404.7 409.4 406.5 396.3 394.5 392.5 388.1 378.3 378.3 381.3 367.2 337.5 311.5 294.9 267.9 240.8 222 206.6
589.3 604.5 624.6 637 631 608.3 585.7 546.7 530.1 508.9 511.9 508 507.6 502.1 502.3 509.3 514 521.7 525.6 530.8 543.4 549.4 556.6 565.3 575 580.2 581.3 584.8 581.3 579.6 576.9 578.8 576.8 572 567.7 569.5 567.8 566.6 564.1 558 551 543.9 534.8 534 536.9 540.4 544.1 550.9 554.1 552.2 548.6 541.3 523.1 497 476.8 462.3 456.2 453.8 421.1 420.8 422.7 422 414.2 409.8 406.2 402.2 399.1 393.7 390.1 391.6 377.9 369.5 380 354.1 342 319.2 291.4 265.3 240.7 222.6 206.6
590.6 604.4 620.7 631.8 595.6 593.7 571.5 535.5 515.2 501 504 498.6 497.6 495.3 499.4 503.6 511.6 516.2 515.9 523.1 531.2 539.8 548.9 554.2 560.2 567.2 569.1 568.9 567.7 567.2 567.5 568.6 565.5 562.6 558.4 557.7 559.6 561.8 560.5 559.3 554.6 548.4 546.3 544.7 545.3 548.6 554.5 559.3 560.1 559 560.6 548 536.5 519.4 496.2 482.2 465.5 452.6 433.6 431.9 426.1 421.2 418.7 417.3 407.1 401.4 396.9 394.5 385.7 380.7 378.1 374.4 353.2 342 333.9 309.8 284.9 260.6 239.2 223.2 207.4
583.1 602.8 608.6 594.8 566.1 564.4 537 526.6 513.7 492.6 496.4 494.3 489.6 491 494.4 498.1 503.1 505.6 509.1 514.9 521.9 530.3 536.8 540.2 548.2 551.7 553.3 557.6 556.1 557.8 557.3 557.1 555.6 553.1 551.8 549.2 552 553.8 555.3 554 554.2 551.2 552.1 553.2 553.9 556.5 561.5 564.4 564.7 564.1 561 552.5 547 529.5 502.2 491.4 469.7 452.8 444.4 435.7 431.4 427.7 425.5 422.6 418.6 405.8 397.3 395.5 387 384.9 381.6 374.8 354.3 334.7 321 304.8 277.7 256.3 235.7 218.8 204.8
556.3 586.8 575.5 559.7 552.1 538.2 529.8 516.6 498.8 484.6 489.7 491 486.6 485.3 489.1 494.2 494.5 494.3 498 504.9 511.6 519.9 525.1 529.4 533.1 537.1 540.8 544.3 544.7 546.6 544.6 545.2 544.8 540.5 539.6 542.2 545 547.6 548.4 552.3 553 552.7 554.8 557.4 560.1 561.5 564.7 566.9 566.6 569.3 566.2 562.4 560.6 537.1 516.6 503.5 485.3 465.7 458.2 450.5 443.7 440.8 435.5 429.7 425.9 415.2 405.8 391.7 387.9 387.1 379.6 373.2 348.6 337.1 323.6 293.3 273 261.6 236.2 222.8 199.9
532.2 540.1 543 537.3 530.3 520.9 513.7 502.3 485.8 476.5 483.1 488.5 483.5 477.9 481.9 484 485.4 484.8 487.9 493.5 500.8 508.4 512.6 516.9 520.9 525.8 528.4 530.8 532.4 533.3 535 532.7 531.3 529.7 530 535.7 539.3 540.1 542.1 545.3 549.2 553.1 556.2 558.8 561.7 564.9 567.3 569.4 569.8 570.2 568.9 568 562.9 539.4 521 507.1 491.8 474.2 469.3 464.6 459.3 455.3 452.8 428.3 421.2 416 408.3 392.7 389.1 389.1 377.9 364 348.9 335.7 325.2 306.2 290.4 266.6 253.2 223.8 201.2
515.1 522.4 529.3 531.2 513.1 514.3 501.7 499.3 479.8 461.1 472.7 478.5 475.6 469.1 470.1 473.9 472.6 472.2 478.4 485.1 492 496.5 500.1 503.3 510.2 514 513.6 517.1 519 520.4 520.7 521.3 521.8 521.3 527.2 529.5 533.1 535.9 538.9 542.7 547.7 551.9 555.3 558.5 561.7 565.1 568.5 571.5 574 574.8 574.5 571.8 563.5 538.3 523 515.8 501.7 487.3 484.3 480.5 482.9 464.1 455.5 433.2 424.6 425.8 413.1 398 393.6 389.2 381.5 368.1 357.1 338.5 329.1 313.6 305.4 284.1 262.2 223.2 203.4
501.6 509.8 515.8 523.7 500.7 494.6 494.7 489.9 470.9 447.4 463.3 471.7 458.5 446.6 454 457.4 459.7 463.5 470.2 475.3 480.5 483.2 485.6 491.7 497.1 499.2 502.7 505.1 507.9 510.2 510 513.3 514 517.7 521.1 522.9 527.8 531.1 532.9 538.9 544.1 548.6 552.3 556.3 561.1 564.7 568 572.9 577.6 577.3 576.8 575.9 566.2 545.5 530.8 519.8 514.4 501.3 496.2 490.1 487.1 475.1 465.2 457.3 434.8 428.8 417.2 413.4 405 396.7 386.6 376 359.3 346.5 332.6 329.4 318.7 292.4 263.5 242.1 215.2
482.9 491.1 491.5 501.6 488.3 485.1 476.9 470 452.4 437.8 448.2 446.3 442.6 437.1 439.5 443.9 447.4 452.4 458.3 463.6 466.4 469.4 475.8 481.1 484.6 488.4 491.3 494.6 496.5 498.4 501.2 503.4 502.3 511.3 514.4 518.4 521.1 525.6 529.7 534.3 539 544.2 549.3 553.7 558.1 562.5 566.8 571 576.5 579.5 580.8 578.7 567.7 554.3 540.9 527.9 520.2 510.6 501.7 497 490.1 488.1 482.9 470.9 445.3 440.3 432.6 425.6 421.9 402.9 400.5 387.2 368.6 352.4 341 335.3 320.4 302.7 298.9 275.9 240.8
466.3 478.5 482.7 478.6 474.1 469.9 458.7 451.1 436.6 424.1 429.2 426.6 427.4 422.8 427.8 430.9 435.5 441.5 447.6 452.7 455.3 461.3 466.7 471 475.9 478.6 482.7 484.4 487 491.3 492 494 500.2 505.1 507.9 513 516.6 520.3 525.6 530.8 535.9 541.3 546.5 551 555.9 561.6 564.9 569.1 573.8 579 583.5 584.5 579.3 573.4 558.4 541.4 532 527.7 511.5 505.7 494.5 492.4 486.1 476.3 458.1 454.4 444.2 433.8 426.8 419.4 407.4 393.1 373.2 366.8 352.7 342 326.9 313 304.2 286.4 247
455.6 471.5 472.2 461.9 464.1 459.6 446 434.3 419.9 405.1 411.6 413.4 415.5 411.2 413.9 416.1 425.3 431.5 435.9 442.8 445.3 452.5 457.1 461.3 465.8 470.8 474.3 476.7 479.9 483 484.5 487.8 494.8 499.5 503.5 508.8 512.6 516.7 522.1 527.4 532.8 538.1 543.7 548.1 553.7 559 563.8 567.3 572.8 579.7 586.8 593 599.8 587.4 576.8 562.2 545.8 534.7 529.2 516.1 502 496.2 489.5 487.4 468.9 458.5 448.7 444.4 439.3 433.1 420.3 403.2 391 379.1 363.9 352.1 338.9 319.8 302.3 285.6 257.1
427.3 444.8 447.9 446.6 451.3 447.5 430.4 415.2 403.6 398.1 401 401 402.8 397.1 402 407.1 414.8 422.1 426.8 432.4 436.5 443 447.7 451 458.3 462.6 465.8 469.7 472.9 476.5 477.4 485.1 490.1 493.7 499.4 502.9 508.4 513.8 518.7 524.4 530.2 536.2 541.3 546 551.4 557 563.1 566.2 570.8 579.7 584.9 594.6 598.6 595 588.3 574.3 563 551.5 551 531 520.9 501.5 495.2 485.9 476.2 469.4 459.9 452.9 452.5 451.5 448.3 425.7 410.8 387 377 364.7 352.8 330.4 318 282.9 262.7
409 413.7 422.7 436.9 437.8 437.8 413.9 400.1 391.3 386.2 390.7 391.3 390.7 387.1 391.3 398.6 406 411.2 416.4 423 428.2 433.7 439.5 445.1 450.1 453.8 458.2 462.2 465.7 467.9 474.1 479.8 484.2 489.7 493.3 499.3 504.7 508.8 516.6 520.1 528.3 535.7 542 546.8 551.8 556.5 562.3 566.3 570.7 574.8 582.4 587.3 591.8 596.4 589.2 585.9 583.4 574.4 562.5 555.3 541.2 517.3 504.5 495 487.2 481.9 473.6 462.6 457.7 452.3 441.8 432.5 418.6 398.5 396.8 382.3 360.9 340.4 335.7 306.6 274.5
385.2 388.1 402.4 415.5 410.4 409.9 396.1 387.9 381.4 379.3 380.1 382.8 380.8 379 380.1 389 395 401.6 406.6 412.1 419.6 424.6 430.4 435.2 440 444 448.9 451.9 455.3 462.7 467.8 473.2 479.5 484 484.1 495.3 500 510.9 518 523.7 530.6 537.4 544.9 550 555.3 561.2 565.9 568.6 572.1 573.4 579.2 583 585.1 585.1 587.6 585.7 588 588.7 589 564.3 548.5 544.4 522.5 509.4 496.5 488.6 479.5 470.9 470.5 455.4 446.6 437.3 424.3 411.7 408 410.7 381.6 348.5 328.3 305.4 285.4
360.4 371.1 385.2 391.9 391.3 387.9 382.3 377.4 370.6 367.6 368.6 372 370.8 360.4 373.4 381.7 386.3 394.1 399 405.7 410.6 416 420.3 425.7 430.4 436.7 440.7 443.4 450.5 454.9 461.7 467.7 470.9 480.8 489.2 496.4 503.2 511.2 517.8 524.9 532.1 539.7 547.8 553.3 558.8 565.8 570.8 574.4 575.4 574.6 574.9 577.6 581.5 580.9 577.2 580.1 586.3 594.6 590.7 588.3 552.6 546.8 536.6 532.5 515.7 506.5 491.3 484.3 475.7 466.8 457.2 449.7 435.9 428.1 414.3 409.3 384.4 352.8 324.1 308.8 289.2
339.2 352.9 366.9 380.4 376.5 368.5 366.6 363.8 355.7 355.9 357.7 361.3 359 337.5 342.5 364.7 372.5 374.5 391.1 395.3 399.9 404.7 411.5 412.1 421.6 428 430.1 440.1 445.2 453 457.2 458.8 472.5 480.9 487.9 495.1 502.2 510.3 518.7 528.4 536.3 544.6 552.5 558.4 564.6 571.1 575.8 580.6 585.4 579.6 573.9 574.2 572.2 571.9 570 571.9 573.1 580.2 584.7 581.5 557.9 546.6 542.4 540.1 535.1 518.9 504.4 493 485.3 478.4 467.4 463.7 448.7 440.3 427.5 411.1 383.5 354.8 332.5 311.1 299
319.2 329.8 338.8 347.1 353.8 354.2 353.1 351.4 349.1 342.4 348.9 345.8 330.5 328 342.6 355.2 366.8 376.4 382.8 388.1 391.6 392.2 397.5 409.6 415.7 422.3 429.2 436.2 443.3 444.2 456.5 464.1 472 479.5 486.3 493.9 503.8 514 524.3 533.2 543.5 551.4 558.1 564.4 571.6 577.5 582.1 589.4 588.4 581 570.3 565.7 563.8 563 561 557.8 557.8 558.4 558.8 561.5 553.9 548.6 544.2 543 536.4 528.6 513.8 503.5 497.1 488.1 478.5 469.4 460.3 452 443.1 430.9 390.2 360.1 332.4 320.2 309.2
