WholeMapElevations/data/ns/ns98_OST50GRID_20230518/NS98.asc
ncols 200
nrows 200
xllcorner 290000
yllcorner 680000
cellsize 50
[rows 0 to 38 of 200, columns 88 to 175 of 200]
75.3 77 78.9 79.8 80.4 80.3 80.6 81.6 81.5 81.3 82.6 83.2 85.1 87.1 86.8 87.4 88.1 89.6 88.5 89 89.1 88.3 88.6 88.6 88.8 88.4 88.5 89 88.5 86.7 85.1 84.2 81 74.2 74.3 69.2 75.9 77.8 74.8 78.3 76.7 68.9 68.4 68.6 65 62.9 68.3 80.4 67.8 62.3 51.1 49.6 51 51.1 50.4 49.6 48.3 46.7 44.8 44.9 39.3 43.2 39.4 35.2 33 42.9 41.9 41.6 43.4 41.5 44.4 50.7 57.6 63.3 65 65.4 64.5 63.2 62.7 63.2 64 63.6 63.1 62.2 60.8 59.9 58.2 59
71.9 73.3 74.2 75.1 76.1 76.6 78.1 78.5 79.3 80.2 81.6 81.2 83.8 85.5 86.6 87.6 89.3 89.7 89.1 89.1 89.7 90.7 89.9 89.8 89.3 88.9 88.8 87.9 88.1 87 85.9 85.1 82.5 79 73.3 78.5 85.5 83.9 83.8 78.9 68.9 68.9 68.9 68.9 74.5 75.3 80.2 84.3 77.2 63.2 51.6 51.6 52 51.9 51.4 50.3 48.2 46.8 44.5 44 43.4 40.2 40.4 36.9 34.9 37.4 43.1 42.5 41.3 40.8 42.6 46.7 52.1 57.2 60 60.8 61.5 60.3 59 58.1 58.1 59.3 59.9 59.1 58.8 58.3 57.6 56.9
67.3 68.5 69.9 70.3 70.7 70.1 70.8 73 74.6 74.9 77.3 79.2 79.2 82.1 83.4 86 88.2 89.5 90.9 91.3 91.5 92 91.8 91.7 91.4 91.2 89.8 90 89.5 88.3 87.2 85.6 85.3 84.5 77 83.7 83.9 84.5 86.8 83.3 72.5 68.9 70 75.1 80.2 81.9 85.1 85.4 85.2 74.2 56.6 54.3 52.9 52.7 52.4 50.6 48.1 46.9 44.5 44.6 44 41.2 40.1 38.1 34.2 34.9 40.4 44.7 43.3 38.4 40.4 42.3 48.8 52.9 55.4 58 59.1 58.6 56.4 54.9 54.1 54.2 55 55.2 55 54.7 54.3 53
63.5 64.1 66.1 66.9 67 66.1 65.3 66.9 68.2 70.7 71.6 73.3 75.3 77.7 78.9 82.1 84.2 85.7 87 87.1 88.3 89 89.6 89.9 91.1 91.4 92.4 83.1 87 85.9 87.1 86.1 85.2 80.7 84.1 83.4 84.1 84 83.8 82.3 82.2 76.5 74.8 77.5 84.3 83.3 83.4 84.4 85.4 79.3 61.3 58 56.4 54.8 52.9 50.7 47.6 46.9 43.2 42.8 41.6 40.1 40.3 37 35.5 34.4 38 38.6 37.6 38.3 39.1 39.5 41.6 46.7 50.2 52.9 54.7 55.7 55.3 53.4 51.3 50.3 50.7 50.5 51.3 51 50.5 49.3
66 64.5 62.2 61 61.6 62.9 63.1 62.9 63.5 63.6 65.4 68.4 70.4 72.7 74.5 76.7 78 79.4 81.4 83.1 83.9 85.4 87.8 87.4 88.3 89.9 89.9 62.9 50.7 50.5 54.5 55.3 61.2 77.3 78.3 82.6 83.3 83.3 83.9 84.5 85.8 87.5 87.2 85.2 83.2 83.5 83.9 85.3 73.8 68.8 61.5 58.2 57 54.9 51.3 50.2 45.8 47.6 42.7 41.7 42.6 44.1 41.2 40.4 39.6 35.2 36.7 35.4 37.2 38 37.7 37.7 38.3 40.8 45.7 48.3 50.4 52.7 52.8 51.2 48.9 47.7 47.8 47.8 48 47.3 46.4 45.7
64.3 65.9 66.4 63.4 60 60.5 59.6 60.8 61.9 61.1 60.8 62.5 65 65.5 68.3 69.5 71.3 73.7 75.7 77.1 77.8 79.6 81.2 83 83.6 85.3 85.2 54.6 41.7 45.4 54.2 54.9 61.3 67.2 76.9 83.1 82.4 82 81.9 83 84.6 84.2 85.4 85.1 83.8 80.3 77.4 73.7 70.6 66.1 63 59.5 56 53.6 50.6 47.5 46.7 46.6 42.2 42 45.2 46.9 48 42.7 41.7 38.9 35 31.7 36.6 37.3 38.3 38.4 37.9 37 40.7 45.4 48.8 49.3 50.3 49.3 46.8 45.1 43.8 44 44.5 43.8 43.1 42.3
58.2 60.3 62.8 62.7 60.4 59.4 58.7 57.6 57.1 57.7 58.9 57.7 59.5 61.3 62.5 65 65.9 67.4 69.3 70.6 72.3 72.8 75 76.4 77.9 80.3 79.9 49.4 41.1 41.9 47.9 49.7 63.3 66.2 74 82.3 81.5 80.7 81.4 80.8 80.3 80.6 80 79.6 78.9 78 77.6 78.2 76 72.2 70.2 65.6 61.6 57.9 54.2 48.6 44.7 43.4 48.2 48.7 50.1 47.4 45.6 44.3 40.4 37.2 36.5 32.3 33.7 36.3 35.3 36.6 37.5 36.7 37.1 40.2 43.8 47.8 49.2 48.9 46.3 43.5 41.3 41.2 40.5 40.6 39.9 39.1
56.5 57.2 57.4 57.2 57.2 55.4 57.1 56.8 55.7 54.3 54.8 56 56.5 58.4 59.9 61.8 63.5 63.5 65.7 65.2 66.8 68.9 69.9 71.4 73.4 76.6 76.8 42.2 41.5 42.9 43.6 46.1 62.7 74.5 75.6 82.3 81.2 79.6 79.7 78.7 78.4 77.7 76.6 75.6 75.3 76.8 80.6 81.1 80.8 77.8 74.6 71.6 66.8 63.2 58.3 53.7 50.2 44.9 47.8 51.5 50.6 49.7 51.5 50.2 46 41 38 35.5 34.1 32.3 31.3 32.3 36.6 39.6 38.8 37.7 38.8 42.8 46.1 46 45.1 42 40.2 38.5 38 37.7 37 36.8
55 55.3 54.9 54.9 55.3 52.9 52.6 54.2 55.6 52.3 52.1 53.5 56.6 57.8 60 63.6 64.5 62.4 63.4 63.4 64.6 66 68.4 68.9 69.5 72.3 73.8 56.6 47.6 42.9 43.6 44.8 68.8 72 72.6 80.5 79.4 79.3 79.2 78.3 78.5 77.5 76.8 75.6 74.9 75.2 77.3 79.5 82.1 82.6 80 76.1 72.2 68.4 63.3 58.4 53 47.2 48.6 49.6 49.3 53.7 54.7 55.4 52.6 47.1 42.8 40.4 37.4 36.3 35.1 31.4 34.2 37.6 38 40.3 37 37.5 40.2 39.9 39.2 38.9 38.7 37.1 36.2 35.6 35.3 35.2
50.8 50 49.4 50 50.1 50.3 51.7 52.5 53.6 50.5 49.6 51.4 53.1 54.9 58.2 62.8 62.8 61.5 63.7 64.4 65 65.3 66.5 67.3 67.9 70.1 71.9 74.2 73.5 55.3 50.8 50.7 67.2 76.3 77.6 79.2 79.1 79 78.9 78.7 78.5 77.3 76.5 75.4 74 75.7 75.7 76.8 77.6 76.4 75 73.7 72.4 69.5 66 61.6 57.5 53.8 50.9 49.8 49.1 51.6 54 54.3 53.1 48.7 44.8 42 37.2 37.8 36 34 30.1 33.7 35.5 36.8 38.1 36.6 37.1 38.1 38.6 37.1 36.4 36.1 35.3 34.1 33.6 34.3
50 50.1 50.1 50.1 50 50.1 50 50 50.1 50.1 50.1 50.3 49.8 51.4 51.5 56.7 60.1 58.9 62.2 63.5 64.3 67.7 69.1 70 70.4 70.9 71.4 73 74.1 74.8 72.2 70.6 72 75.4 77 77.5 77.1 77.6 78.1 77.9 76.6 75.3 74.5 74 73.8 74.6 72.1 72.1 73 72.2 70.2 68.3 67.1 67.1 64.8 60.3 56.6 53.7 51.9 50.3 48.2 48.3 51.5 51.9 50.9 48.2 44.9 42.1 39.3 38.3 36.4 35 29.5 31.4 35.1 36.1 35.9 36 35.6 36.3 36.2 37 36.7 35.9 35.4 34.5 33.3 33.3
50.1 50.1 50.1 50.1 50 50.1 50 50 50.1 50.1 50.1 50.1 50.1 50.1 50 50.4 54.7 56.3 57.8 59.9 63.2 65.7 67.7 69.8 72.4 71.9 71.5 73.8 75.5 76.3 76.3 75.9 76.2 75.8 74.9 74 73.4 74 73.6 74 73.2 72.3 72.3 70.1 71.4 72.5 68.6 67 66.5 66.1 66.1 65.2 63.7 63 60.1 57.9 55.6 54.4 53.1 49 45.9 44.9 47.8 48.3 48.1 46.1 42.7 39.9 38.4 37.1 36.4 34.6 29.3 32.5 35.7 35.7 35.4 35.2 33.8 35 35.3 36.1 35.9 35.4 36.7 35.6 34.9 34.1
50.1 50.1 50.1 50.1 50 50 50.1 50.1 50.1 50.1 50.1 50 50.1 50.1 50 50.1 52.5 54.3 56.4 59 61.7 65.6 66.9 67.2 68.8 69.7 73.3 74.5 74.2 75.8 76.8 77.8 77.1 77.3 76.3 73.1 70.6 69.4 69.2 71.6 70 70.3 69 68.2 67.4 66.7 65.5 65.4 63.9 62.5 62.9 64.2 63.1 63.6 63.4 62 60.3 58.3 54.9 50.5 50.1 44.7 47.1 45.2 45.2 44.6 42.4 39.5 36.7 35.7 34.7 31.8 28.7 34 35.1 34.5 33.8 33.6 31.1 34.1 35.2 35.9 36 34.6 37.7 35.5 35.9 35.8
50.1 50 50.1 50 50.1 50.1 50.1 50.1 50.1 50.1 50.1 50 50.1 50.1 50 50.1 49 50.6 53.1 55 58.1 61.5 64.1 65.8 66.7 69.6 72.7 75.7 77.3 76.4 77.1 78.1 77.9 77.4 74.8 71.5 68.2 66.9 66 66.4 67 66.7 65.9 65.1 64.7 64.2 64.4 64.1 63.3 62.1 62.8 62.5 63.9 65.1 63.6 63.4 63.3 62.3 60 56.2 51.1 46.1 44.3 44.8 43.4 42.3 40.7 38 37.5 38.3 37.6 38.6 39.4 31 31.5 29 28.7 28.1 27.8 28 34.2 35.6 35.6 34.8 35.8 33.6 33.3 33.9
49.9 50 49.7 50 50 50.1 50.1 50.1 50.1 50.1 50.1 50.1 50.1 50.1 50.1 50.1 50.1 50.1 50 50.8 53.2 57 60.3 62.3 64.4 65.6 69.6 72.8 75.4 79.6 81.6 81.6 81 81.4 76.7 72.5 67.9 66 64.6 64 63.9 63.5 63.6 63.2 63 62.8 63.6 64.5 64.5 64 62.8 62.1 60.1 59.8 63 62.3 63.4 63.1 61.8 59.3 53.6 48.8 50.6 51 48.5 44.9 41.5 38.6 42.1 39.3 38.4 39.7 43.2 28.1 28.3 28.2 28 27.7 27.7 27.4 29.8 34.1 35.1 34.5 33.6 33 32.6 33.5
54 54.6 51.1 50 49.2 50.1 50.1 50.1 50.1 50.1 50.1 50.1 50.1 50.1 50.1 50 50.1 50.1 50.1 50.1 49.9 51.7 55.4 57.7 59.5 61.9 65.2 68.4 72 75.7 79.7 79.8 80 79.8 75.5 70.7 68 65.1 64 62.2 63.2 63 63 63.1 62.7 62.7 63.7 64.8 63.8 63.1 62.2 62.3 60.6 58.4 60.3 61.1 61 61.7 61.5 60.4 56.4 51.3 52.5 52.8 50.1 47.9 44.1 41 42.9 40.6 38.7 39.2 43 42.3 38.5 30.9 29.3 28 27.2 27.1 27.2 29.7 33.8 33.7 33.2 32.7 31.5 31.2
54.6 60.6 61.6 60.4 54.5 50.6 50.1 50 50.1 50 50.1 50.1 50.1 50.1 50.1 50.1 50.1 50.1 50.1 50.1 50.1 49.7 49.4 53.4 54.9 55.5 59.1 64.5 68.5 71.6 75.2 75.9 76.2 75.1 71.5 68.7 66.7 64.8 63.5 62 61.8 61.6 61.5 62.3 62.4 63.7 64.2 63.7 64.1 63.3 60.1 59.3 60.6 58 56.2 56 55.5 57.4 58.9 60.8 58.1 54.5 52.3 53.2 52.1 48.5 45.5 41.4 40.9 41.2 39.7 39.8 39 32.8 41.6 35.5 30.3 28.4 26.1 26.9 26.6 26.7 31.6 33.2 33.3 32 29.4 28.7
54.2 62 69.6 72.7 70.5 65.8 62 56.3 53.4 51.4 50.1 50.1 50.1 50.1 50.1 50.1 50.1 50.1 50 50.1 50 49.8 49 50 50.8 51.2 54.2 58.9 62.7 65.7 67.3 69 69.7 69.7 66.6 64 63.8 61.8 61.3 61.4 61.7 61.3 60.8 61.5 63.3 64 64.3 63.9 62.3 61.7 59.1 58.4 59.3 60.8 58.3 57.4 54 53 53.5 60.5 56.6 54.5 51.7 50.4 47.5 46.7 45.1 43.8 41.3 41 40.9 39.9 39.6 35.4 39.8 33.8 32.1 31 29.8 26.3 26.7 26.6 26.4 29.4 30.4 28.8 26.7 26.3
53.5 57.1 64.2 70.1 72.7 71.6 73.5 72.1 67.3 64.2 61.6 55.4 51.7 50 50.4 52.8 53.6 52.4 49.5 50.1 50.2 49.3 49.5 50 49.5 49.9 51.1 53.4 57 59.1 60 61.6 62.1 62.1 60.5 59.7 57.7 60.8 61.9 61.5 66.1 65.8 65.4 61.3 61.6 62.2 64.1 64.3 62.9 60.9 58.9 59.6 62.9 65.3 61.8 58.6 55.1 54.5 55.5 56.7 53.5 52.5 50.8 49.2 48.1 46.6 44.2 43.8 41.5 41.2 40.8 39.8 37 35.3 34.2 34.1 33.8 32.8 31.9 29.6 26.7 27 26 26.1 26.2 26 26 26
55.7 52.5 55.7 60.5 65.4 70 72.3 73.9 73.1 71.1 70.8 67.3 59.5 55.3 53.8 56.4 57.4 59 56.1 55.9 54.7 51.7 52.4 50.6 51.3 51.3 50 50.3 51.9 53.5 54.2 54.6 54.6 54.5 55.1 54.5 55.8 59.5 61.1 63.4 66.9 65.7 61.8 59.9 60 60.5 62.6 64.5 61.8 59.2 59 62.7 67 65.1 61.2 58.3 56.9 55.9 55.4 51.5 48.4 47.7 47.1 46.1 45.3 46.1 43.6 41.5 42.4 41.7 42.3 41 38.5 37.8 36.3 34.6 34 33.3 31.7 30.7 31.3 31.4 28.7 26.2 25.7 25.5 25.9 25
59.4 56.3 54.3 52 55.2 63 68.2 68.3 69.5 68.6 69 71.7 70.8 65.7 59.4 59.4 60.8 60.2 57.5 56 56.6 58.4 57.8 58.6 57.1 54.1 51.6 50.9 50.8 50.7 50.4 50.3 50.6 50.4 52.1 51.7 52.9 54.9 57.8 64.2 66 63.7 59.7 59.1 59.3 59.4 59.6 60.3 59.1 59 60.5 62.8 63.6 63 60.4 59.5 58.7 57.8 55.4 53.9 52.5 51 49 48.1 45 42.7 42.2 42.8 44.7 46.3 44.1 41.2 39 38.4 38.6 35.9 34.7 33.5 32.9 32 31.7 31.6 30.4 27 25.6 25.8 26.1 25.2
56 55.9 55.4 54.2 51.4 51.8 55.9 58.8 63.6 67.7 71.3 72.5 72.9 73.2 66.4 62.4 66.8 66.4 61.4 57.7 62.1 66.5 64.5 63.1 61.3 57.3 55.2 54.7 51.6 50.5 50.8 50.5 49.9 50.6 50.6 51.8 53.4 54.5 56.1 57.5 58.8 59.3 58.8 59.5 59.8 59.8 60.3 60.3 59.7 59.4 62.4 62.7 62.4 62.5 62.4 62.1 61.3 60 58.1 56 54 51.4 49.6 48.7 46.8 44 43.4 44.7 44.7 45.7 43.3 40.5 37.9 37.2 37.4 35.8 35.8 34.1 32.5 31.9 31.6 31 30.9 28.8 26.5 25.7 26 25.1
57.3 55.9 53.6 53.4 52.5 51.3 51.3 52.6 55.2 61.3 68.3 71 71.1 72.4 71.4 66.7 66.2 68.1 65.5 61.5 60 63.9 65.2 64.2 62.3 59.5 56.3 53.3 52.4 52 52 52 51.1 51.6 52.7 52.3 53.2 54 56.2 59.1 60.7 60.1 60.5 61 61.5 61.9 61.7 61.9 62.7 63.2 65.8 65.7 65.9 66.7 66.7 66.3 65.3 64.6 63.3 60.6 57.3 54.2 52 50.6 49.4 48.2 47.2 45.8 44.5 44.6 42.2 39.8 37.2 36.4 34.8 34.8 34.6 31.9 30 30.2 29.3 27.3 27 28 27.3 27.9 27.5 26.3
59.9 57.9 53.6 50 49.9 50.2 51.8 56.2 55.7 56.1 62.1 67.3 68.4 66.2 65.2 64.5 66.7 59.4 58.4 59.2 60.1 60.6 63.7 62.7 61.7 60.4 58.9 56.9 56.3 55.9 54.8 54.6 53.9 53.5 55.1 55.9 55.9 55.6 56.4 57.2 60.2 62.4 64.2 66.3 66 66.8 67.1 67.5 68.1 69 70.1 70.6 70.9 70.9 70.8 70.8 69.9 68.6 66.7 64.4 60.9 58.3 55.9 53.5 51.9 50.8 49.7 47.2 44.9 43.7 40.7 38.1 37.3 36.5 35.7 34.5 33.5 32.7 31.8 30.1 30.7 29.6 30.8 30.6 29.7 29.5 30 29.4
56.9 56.2 52.4 49.9 50.2 50.2 52 52.1 51.3 53.9 53.8 59.1 61.4 60.6 60.8 64.9 68 57.6 62.9 65.5 67 65 60.9 60.9 61.3 61 61.1 60.7 59.8 59.8 58.5 58.4 58.9 57.7 59.3 61.7 61.5 60.6 60.7 58.8 58.7 58.6 62 65.8 68.9 69.1 68.8 70.9 72.7 72.9 75 74.4 74 73.5 73.1 72.5 71.9 70.6 68.9 67 64.4 61 58.2 55.3 53.4 53 50.9 48.6 47.4 46.9 42.8 40.1 38.6 38.5 37.9 38.1 36.8 35.5 34.9 33.3 33.1 33.5 32.7 32.1 31.3 30.4 30.9 29.5
51.9 52.1 51.8 50.6 49.7 48.2 48.1 51.2 52.4 55.8 55.3 52.4 52.5 54.3 56.5 56.2 57.3 56.3 63.2 66.4 69 72.5 66.5 63.3 64 62.4 62.8 63.9 64.7 65 62.3 66.2 64.6 63.9 64.6 66.5 68.1 67.5 65.8 65.1 62.5 60.3 60.7 62.6 64.6 65.3 66.9 69.5 72.2 72.3 73.5 73.8 74.3 74 73.7 72.4 71.8 70.9 70.2 68.7 66.6 63.9 60.4 57.5 54.8 53.6 51.2 51 50 48.3 46.4 41.9 41 40.7 40.2 39.7 37.8 36.5 36.2 35.7 35.4 36.5 36.8 35.8 32.8 32.2 31.7 30.7
47.1 46.1 46.8 46.7 50.5 51.5 47.3 51 51.3 52.9 55.4 55.4 57.2 54.2 53 52.6 53.7 56.5 57.9 63.5 67.4 69.9 72.3 66.9 63.1 63.8 62.7 62.8 66.4 64.1 60.7 62.6 67.1 67.7 68.1 68.7 69.1 68.6 67.9 68.3 66.6 64.7 65.1 66 66.3 67.1 67.9 69.2 69.5 71.2 71.6 72.4 72.7 72.1 72.3 71.7 71.2 69.7 69 68 66.1 64.9 62.3 58.2 56.6 54.5 53.7 53.2 51.9 49.6 47.7 46.1 44.1 43.6 42.8 41.8 40.4 38.7 38 37.1 36.7 37.3 37.6 37.2 35.3 33.3 32.5 31.9
43.9 45.2 45.2 45.3 48.1 47.5 47.6 50.9 54.6 54.5 54.5 58.4 54 53.1 52.8 52.8 58.7 61.9 58.8 61.7 65.7 69.7 70.8 66.3 63.4 64.2 66.8 63.4 61.7 60.5 63.6 67.3 68.2 68.4 68.9 68.4 68.6 69.4 69.1 68.3 67.3 67 68.3 68.1 69 69.2 70.7 71.9 72.4 72.4 71.6 71.8 71.5 71.2 70.8 70.8 70.1 68.7 68.1 67 66.2 64.4 62.4 61.2 59.9 56.9 56.6 55.6 55.7 53.7 51 49.7 47.8 46.5 45.3 45.2 43.3 41.6 41.7 40.2 38.6 38.2 38.4 37.9 36.9 35 33 31.8
45.2 45.2 45.2 44 45.4 47 50 51.2 59.1 61.6 56.4 62 53.8 52.5 53.3 59 61.4 62.9 62 62.2 63.8 67.2 71.8 68.7 65.3 63.8 67.4 64.7 61.1 60.3 64.4 68.3 66.7 65.8 68.6 69.2 69.6 69.3 70.1 70.1 69.7 68.7 69.7 69.7 70.2 71.7 73.2 74.6 75.3 76.1 77 77.5 76.2 76.4 75.2 74.1 73.8 73.2 72.4 71.5 69.2 66.5 62.7 61.2 60.5 60.2 62 61.9 60 58.1 58.2 55.6 53.2 51.2 49.4 48.1 46.3 46.8 46.4 44.8 43.5 43.1 41.8 39.6 37.1 33.7 31.1 29.5
45.2 45.2 45.2 43.4 44.6 46.6 49.4 50.7 51.8 60.2 58.5 59.1 57.3 53.1 53.1 59.9 66.3 63.4 64.9 62.5 65.9 65.1 65.8 68 66 64.4 66.9 62.9 60.1 60.5 62.9 65.5 65.9 65.4 66.8 68.8 69.7 68.6 69 69.9 70.3 70.7 70.8 70.7 71 72.5 74.4 76.2 78 79.6 81.2 81.8 80.8 81.5 81.2 79.9 79.3 78.8 78.2 78.3 76.5 74 70.4 66 67.5 67.3 66.9 70.3 67.5 64.8 64.6 62.8 60.6 58.5 56.5 54.4 50.8 52.2 51 49.4 48.8 47.7 46.8 45.4 41.7 37.9 33.8 34.8
45.2 45.2 44.4 43.4 43.4 46.3 47 49.3 54.7 53.4 53.5 52.2 53.5 53.8 53.2 54.1 61.2 63 66.9 62.7 65.1 69.4 64.9 65 65.7 65.2 63.9 62.7 60.2 60.1 60.7 64.6 64.5 65.5 66.2 67.1 67.9 67.6 68.2 68.3 68.8 69.7 70.7 70.7 72.1 73.9 75.4 76.7 78.5 80 82.5 83.9 84.2 84 84.4 82.8 82.7 82.2 81.5 81.1 80.3 78.8 77.2 74.6 72.5 71.4 68.9 72.2 70.3 70.3 69.1 67 64.7 62.8 61.3 59.8 57.5 56.9 55.9 54.4 54.4 54 52.9 51.6 47.9 43.8 37.2 41.4
45.2 44.7 43.5 43.4 43.4 46.3 45.7 47.8 48.2 49.9 51.5 51.4 51.6 52.3 53.7 53.9 57.7 60.8 62.2 61.7 63.7 67.5 65.4 65.4 65.8 65.8 63.1 62.4 61.7 61.2 61.1 63.9 64.2 64.8 65.7 67.4 67.6 68.1 68.2 67.9 68.5 68.7 69.3 71.1 73.1 74.1 75.9 77 78.8 79.8 81.7 84 84.6 84.5 84.4 84.6 85.3 84.9 84.5 83.4 82 80.7 79.3 77.7 76.8 75.8 73.5 71.7 70.2 70.3 71.4 69.6 66.7 65.8 63.7 61.5 60.7 61.5 61.1 59.4 57.8 58.1 57.2 56.8 54.5 49.7 40.4 47.1
45.2 45.2 43.4 43.4 43.4 46.3 47.8 49.1 51.1 48.3 49.9 50.7 50.9 54.4 57.1 55 54.2 57 56.7 58.1 63.1 63.7 65.4 66.5 67.7 66.3 69 68.4 62.2 63 64 64.6 65.4 65.1 66.4 68.4 68.4 68.1 67.9 67.7 68.9 69.3 70.4 71.3 73.5 75.3 76.6 77.5 78.5 79.6 80.6 82.4 83.9 85 85.3 85.8 86.6 87 86.9 86.8 85.1 84 82.3 81.2 80.1 78.9 77.4 75.5 73.5 71.8 72.1 73.7 70.7 69 65.2 64.9 64.1 63.7 62.2 60.9 59.9 59.1 58.7 58.1 58 56 48.6 46.1
45.2 45.2 44.7 43.4 44.1 45.6 45.7 47.5 51.8 50 53.2 52.3 50.6 51.2 53 53.2 55.8 57.6 57.1 58.6 60.6 60 62.2 63.2 66.1 66.6 68.4 66.8 63.3 63.7 67.1 68.7 66.7 67.8 69.3 69.6 69.7 70.9 68.3 67.8 69.4 70.3 72.2 74.1 75.1 77.4 78.1 78.3 79.5 80.7 81.4 81.6 83.3 85.9 86.4 87.6 89.2 90.3 89.1 88.3 87.8 87.1 85.9 85.1 84.6 83.6 82 80.3 76.8 76 74.6 75.9 73.8 70.6 68 68.7 67.7 65.5 64.2 62.9 61.6 60.2 59.2 57.4 55.5 55.7 52.2 48.4
45.2 45.2 45.2 44.1 44.2 45.3 45.6 48 48.8 47.4 51.3 55 53.5 53.4 53.1 53.1 56.1 56.1 55.1 56.4 57.4 57.9 58.4 60.8 64.1 63.4 64.7 65.2 63.1 63.6 66 69.8 67.2 67.6 68.6 70.5 70.7 70.9 71 69.4 69.1 71.4 73.2 75.2 76.4 78 78.5 79.4 81.3 81.8 82.4 83.7 85.1 87.1 87.6 88.9 90.2 90.5 90.7 90.3 90.1 89.3 88.4 88.5 88.4 87.3 86.1 84.7 82 81.8 80 78.6 75.1 71.2 71.4 70.6 69.1 67.6 66.2 64.9 63.6 62.3 60.4 58.9 58.3 57 55.7 52.7
45.2 44.6 43.8 44.4 47.6 47.2 46.8 47.5 48.6 47.7 49.9 50.6 50.9 52.3 53.2 53.1 53.1 53.6 56 55.4 55.3 55.9 56.9 59.4 60.1 59.5 61.9 62.9 61.5 62.1 63.6 65.7 65.6 65.9 66.4 67.9 68.7 69.9 70.7 71.3 71.8 72.3 71.9 74.5 76.4 77.8 78.8 80.1 80.9 81.7 82 84.1 86.1 87.4 88.6 90.8 91.6 92.4 92.7 92.9 92.7 91.4 91 90.6 90.5 89.8 88.9 86.8 85.6 84.4 82.5 80.8 75.1 75.2 76.4 74.8 72.3 70.2 68.6 67 65.7 64.3 63.1 61.6 60.1 59.3 58.5 56.3
43.4 43.6 44.2 44.9 45.9 46.2 46.2 47.3 48.4 50.4 51.3 50.9 51.8 51.5 53 53.5 53.9 54.8 58.7 58.6 58 56.4 57.1 57.5 57.7 57.4 59.9 61.2 60.3 61.4 62.2 64.2 64.4 65 64.8 64.7 66.3 67.5 69.2 69.9 71 71.9 72.6 73.2 74.6 76.2 77.4 79.2 79.8 80.7 81.8 83.6 85.3 86.4 88.6 90.8 92.3 93.2 94 95.2 95 94.4 93.5 93.1 92.9 91.9 89.2 88.3 85.9 85.3 82.1 80.7 79.3 78.2 78.9 77.9 74.4 73.1 71.6 69.9 68.1 67.6 65.5 64.2 62.9 62.5 61.2 59.5
45.2 45.6 45.5 44.8 45.4 46.7 47.4 46.6 47.7 48.2 51.1 52.6 53.5 54.6 54.4 55 57.1 57.2 59.8 59.6 58.4 57.9 58.7 60.3 60.4 59.6 58.4 60 59.9 60.6 61.5 62.6 63 63.6 63.7 63.7 64.7 65.3 67.3 66.8 68.7 70.4 71.1 71.1 72.6 74.2 75.8 76.8 79.1 79.8 81 82.8 83.9 84.6 87 89.4 90.4 92 93.2 94.3 95 95.3 95.4 95.5 94.8 93.1 90 87.5 85.4 85.6 82.6 80.4 78.8 78.2 78.5 78.2 76.8 74.8 74.2 72.7 70.9 70.2 68.6 66.9 65.1 65.4 63.3 62.7
45.2 45.7 46.2 45.6 46.9 47.7 46.9 46.5 46.7 47.4 48.8 50.1 51.3 53.2 54.8 56.2 58.7 58.4 59.1 60.3 60.1 59.6 59.5 60.4 61.5 60.9 60 60.9 59.4 59.8 61 61.4 62.3 62.8 62.9 63.5 62.9 64.6 65.5 66.4 67.3 68.9 70.3 68.5 69.5 72.1 73.4 75.3 77.9 78.2 80.3 81 82.4 83.2 85.3 87.5 88.7 90 92.1 93.5 94.4 94.6 94.7 94.6 93.7 92.5 89.9 89.4 88.8 88.5 85.4 84.3 81.6 81.7 81.2 80 78.4 77.5 76.4 75 73.5 72.4 70.7 68.4 66.1 64.5 63.5 63.4
