WholeMapElevations/data/sj/sj79_OST50GRID_20230518/SJ79.asc
ncols 200
nrows 200
xllcorner 370000
yllcorner 390000
cellsize 50
[rows 0 to 37 of 200, columns 86 to 171 of 200]
22.4 23 23.3 22.8 23.6 23.5 26.6 25 24.6 24.4 24.4 23.7 23 23.1 22.5 22 21.3 21.6 21.8 21.7 21.5 21.6 22.9 23.2 23.2 23.7 23.9 25.4 23 23.6 23.8 23.9 23.7 23.5 27.1 27.9 26.5 32 25 25.7 26.6 27.1 27.8 27.8 28.4 28.7 28.5 28 28.5 27.1 32.5 33.8 34.4 34.6 34.8 35 34.9 34.9 33.9 32.4 32 33.5 32 34 34.3 34.3 34.1 33.3 34.1 34.7 34.8 36.3 36.4 36.9 37.4 38 37.8 38.4 38.9 39.8 39.5 39.1 38.3 39.3 39.8 41.1
21.7 22.5 23 22.3 22.3 23 25.3 24.5 24.1 23.8 23.5 22.5 22.9 22.8 21.7 21.1 21.1 21.5 21.4 21.1 21.4 21.7 21.8 21.9 22.7 23.2 23.3 23.3 23.4 25 23.4 23.6 23.6 26.7 27.3 27.4 26.6 26.7 26.5 25.2 26.2 26.4 27.8 27.5 24.9 26.9 27.1 26.9 30 32.4 34.4 33.4 35.9 36.6 39.1 38.3 38.3 37.5 35.8 34.9 32.9 33.5 31.1 33.9 33.7 33.5 33.7 33.6 33.4 34.5 35.6 35.9 36.5 37.1 37.6 38.4 39 39.5 39.9 40.4 40 39.1 39.1 39.8 40.2 41.3
21.6 22 22.7 22.5 22.6 23.2 24.7 23.7 23.1 23.1 22.4 21.5 21.8 21.7 20.6 21.8 21.1 21.1 21.1 20.9 21.1 21.8 21.7 21.7 21.9 23 23.3 23.5 23.5 23.7 23.6 25 25.1 26.4 26.2 26.7 27.2 27 32 25.4 25.9 26.4 26 25.7 26.8 27.1 27.5 30.5 32.4 34 35.6 36.8 38.6 39.6 40.2 39.9 39.6 38.8 37.7 36.8 36.7 35.7 35 33.7 32.6 33.8 33.4 33.1 34.9 35.7 35.7 35.8 36.9 37.6 37.8 38.4 39.5 39.6 40.4 40.7 40.1 39.5 38.5 39.5 40.3 40.9
21.6 21.6 22.5 22.9 23 22.7 22.4 24.4 22 21.9 21.9 21.3 20.9 20.7 20.7 20.7 20.5 20.7 19.2 19.9 20.8 21.3 21.9 21.2 22.2 23.3 23.6 23.7 23.8 23.8 23.6 23.7 24.4 25.2 25.1 25.8 27 27.1 27.7 31.8 25.2 25.3 24.9 26 27.2 27.8 30.4 31.9 33.4 35 36.7 37.4 38.6 40 40.1 39.6 39.5 38.7 38.1 37.4 36.9 36.7 35.9 35 33.6 33.3 35.2 35.8 35.1 35.7 35.6 36.2 37 37.5 38 38.6 39.2 39.7 40.2 40.2 39.9 39.5 38.4 39.2 39.4 40
21.3 21.4 21.6 22.1 22.5 22.1 21.7 24 21.4 21.6 21.6 21 20.7 21.1 20.6 20.1 19.8 19.1 19.7 19.8 20.6 21.2 21.6 21.6 21.9 22.6 23.4 23.7 23.7 23.7 23 23 23.1 23.2 25.5 25.7 25.4 27 27.9 25.6 25.4 25.2 25.9 27 27.8 29.3 31.3 33 34.4 35.9 37.2 38.3 38.9 39.2 39.3 38.9 38.4 38.1 37.8 37.1 36.5 35.9 35.2 34.3 33.7 34.7 34.7 35.6 35.9 36 36.4 36.8 37.5 37.6 37.7 38.4 39 39.5 39.3 38.4 39 38.6 37.5 38.2 38.7 39.1
21.5 21.4 20.9 21.1 21.3 21.4 21.1 20.9 23.7 21 21.2 20.6 20 20.2 20.1 19.8 19.8 18.4 19.7 19.4 20.7 21.5 21.7 21.3 21.7 22.4 23 23.6 23.8 23.7 23.1 23 22.8 23 23.2 24.2 24.7 25.6 26.6 24.9 29.7 25.6 25.9 26.9 28.3 30 32.1 34 35.5 37 38.1 38.1 38 37.1 37 37.3 37.5 37.1 37 36.4 35.7 35.2 34.6 33.7 33.3 33.6 33.4 35.3 36 36.5 36.8 37 37.4 37.6 38.1 38.4 38.8 38.8 38.7 38.3 37.6 37 37.6 38.1 38.7 39.2
21.6 21.2 20.9 20.6 20.3 20.7 20.9 20.7 20.5 23.5 20.8 20.5 20.6 21 20.5 19.7 19.8 19 19.8 19.6 20.3 21.3 21.7 21.3 21.7 22.1 22.6 22.9 22.8 22.8 22.8 23.5 22.9 22.6 22.7 23.3 24.1 25.4 25.1 25.5 25.8 31.5 26.1 26.9 28.3 30.2 31.8 33.4 35.4 36.6 37.5 36.8 36.1 36.2 37.6 37.8 37.8 36.9 37 36.1 35.7 35 34.4 33.7 33.9 33.4 34.2 34.7 35.8 36.8 37 37.3 37.3 37.5 38.5 38.6 38.6 38.5 37.9 37.3 37.4 37.5 37.7 38.2 38.7 39.3
21.7 21.4 21.1 20.8 20.7 20.9 21.1 21.2 21.3 22.3 23.1 19.5 20.5 20.3 20.1 19.7 19.7 19.9 19.6 19.6 20.1 21.1 21.6 21.6 21.5 22 22.3 22.4 22.5 22.6 22.4 22.3 22.3 22.3 22.5 23.6 23.9 24.3 25.5 25.2 26.1 27.2 26.4 27.8 28.8 29.5 30.7 32.5 34.4 35.1 35.1 35.1 36.4 37 38.1 38.1 38.7 40.3 37.4 37.2 36.7 35.5 34.4 34.4 34.4 34.5 33.4 34 36.1 36.5 37.5 37.6 37.7 37.9 38.4 38.3 38.3 37.9 37.5 37.1 37 37.8 38.1 38.5 38.9 39.4
21.6 21.6 21.3 21.3 21.4 21.6 21.6 21.6 22.2 21.9 22.6 20.5 20.2 20.4 20.4 20.1 20.2 20 18.3 20.4 20.9 20.8 21.4 21.5 20.7 21.8 21.8 21.7 21.8 21.7 21.6 21.7 21.3 22 22.4 23.2 23.6 24 24.5 25.4 25.5 26.9 29 26.8 27.9 29 30.3 31.8 33 33.6 34.2 35.9 37.4 38.4 38.9 38.8 37.7 39.5 38.3 37 37.2 35.8 34.2 34.8 34.9 35 35 35.7 36.9 37.5 37.6 37.6 38.1 38.4 38.2 38 37.7 37.4 37 36.1 37.6 36.9 38.4 38.9 39.3 39.8
21.5 21.6 21.4 21.4 21.5 21.6 21.5 21.9 21.7 21.5 21 22.1 20.3 20.1 20.2 20.5 20.4 20 18.9 20.2 20.8 21 20.8 21 21.6 21.3 21.3 21.2 21.5 21.6 21.5 20.9 20.7 22 22.6 23 23.3 23.7 24.2 24.8 25.9 24.7 26.8 27 27.8 28.5 29.2 30.3 31.9 33.2 34.3 35.6 36.9 38.4 39.9 39.3 39.9 39.6 39.4 38.8 37.6 37.2 36 36.3 35.9 36.1 36.2 36.5 37.4 37.8 37.8 37.2 38 38.3 37.4 36.8 37 37 36.5 36.8 37.5 37.1 38.2 39.1 39.9 40.4
21.1 21.3 21.3 21.2 21.4 21.4 21.2 21.4 21.2 21 20.8 21 22.1 22.3 20 20.2 20.1 19.6 19.6 19.8 20.8 21 21.1 21 21.3 21.2 20.7 20.7 20.8 21.1 21 21.1 21.5 21.9 22.4 22.8 23.1 23.7 23.8 24.6 25.9 25.8 26.2 26.8 27.6 27.6 28.1 28.6 30.4 31.9 33.1 34.6 36.6 39 39.6 40.4 40.1 39.9 39.1 37.7 37.2 38.2 37.3 37 37.5 37.2 37.3 36.5 36.9 37.6 37.3 37.1 37.2 36.8 36.4 36 36 36.2 34.5 36.3 37.1 37.7 38 39.1 39.7 40.9
20.5 20.5 20.5 20.5 20.5 20.6 20.8 20.8 20.7 20.6 20.6 20.7 21.9 21.5 19.7 19.7 19.8 19.5 19.5 20.4 20.8 20.8 21.1 21 21.1 20.7 20.4 20.6 21 21 21.1 21.4 21.6 21.4 22 22.6 23.4 24.1 24.6 24.7 25.7 24.7 25.8 26.4 26.9 27.1 27.3 27.9 29 30.5 31.9 34.2 36.4 37.5 36 37.5 38.3 38.6 36.9 37.6 38.3 39 38.3 38.3 38 37.3 37.9 37.2 36.5 37.4 36.7 36.6 36.8 36.1 35.8 35.5 34.7 34.9 34.6 35.9 36.4 37.1 37.6 38.6 39.2 40.7
20.5 20.5 20.2 20.1 20.1 20.2 20.2 20.3 20.3 20.4 20.4 21.5 22.5 21.6 19.2 19.3 19.8 19.5 19.6 19.3 20.1 20.5 20.6 20.8 21.1 20.8 20.7 20.1 20.6 20.7 21.2 20.9 21.1 21.2 22.1 22.8 23.7 24.5 24.6 25.4 25.2 25.8 25.7 26 26.7 27 27.1 27.4 28.5 29.5 30.8 31 32.5 34.3 36.4 36.8 36.9 36.9 37.3 38 38.3 39.2 38.2 38.6 37.8 37.5 37.3 36.3 36.2 36.4 36.4 36.6 36.1 35.6 35.6 35 35 34.6 33.1 35.2 35.7 36.3 36.8 38.1 39.1 40.3
21 20.6 20.2 19.8 19.9 20 20 20 20.1 20.2 20.2 20.7 20.3 21.9 21.4 19.4 19.7 19.2 19.5 19.4 19.5 19.9 20.4 20.4 20.3 19.7 27.7 26.9 26.6 25.6 24.8 23.4 21.2 21.5 22.2 23 24.1 24.6 24.8 24.6 24.7 25.4 25.1 24.9 26 26.8 27.1 27 27.8 28.7 29.4 29.2 29.6 31.3 34.6 34.8 35 36.1 37 37.5 37.8 36.8 38 38.3 38.5 38.1 37.6 36.8 36.7 37.6 36.7 36.2 36.4 36.3 35.6 35.2 34.6 34.3 33.2 34.8 35 35.4 37.3 37.6 39.1 39.8
22.1 20.9 20.5 20.3 20.1 19.7 19.6 19.7 19.8 20 20.2 20.6 19.6 19.6 21.6 21.7 22.3 19.3 19.7 19.8 19.4 19.5 19.7 28.5 27.7 23 19.5 18.9 20.2 20.5 21 21 24.4 25.2 24.4 23 24.7 24.8 25.1 25.1 25.8 25.1 24.9 24.7 25.3 26.2 27 26.8 27.1 27.8 28.5 28.6 28.8 29 31.5 33.4 33.6 35.3 36.5 37 37 37.2 37.1 37.6 37.7 38.3 38.1 36.9 37.3 37.5 37.2 37.6 37.2 36.7 36.6 35.3 34.3 33.6 32.5 34.2 34.7 35.2 36.9 38.6 39.5 39.3
20.9 21.1 21.4 20.4 20.6 19.7 19.6 19.9 21.2 20.5 20.9 20.7 20.1 23 26.5 27.4 26.4 22.6 23.7 21.8 25.6 27.6 28.8 24.3 20.7 19.6 19.5 20.5 21 21.3 21.1 22.5 22.6 22.6 23.2 27.9 29.9 31.7 33.2 28 33.5 31.8 24.8 24.9 25.3 25.6 26.7 26.5 26.3 26.9 27.6 28.2 28.6 28.8 28.8 30.8 31.1 33.3 35.2 35.5 36.2 36.6 36.5 37.8 39 39.4 39.1 39 39.1 39.2 39.4 39.1 39.2 36.9 36.3 35 33.9 33.2 32.6 33.4 34.1 34.7 36 38.3 38.9 38.9
20.9 20.7 21 21.2 21.1 20.5 20.6 19.6 19.9 20.1 20.2 20.2 20.4 27.3 22.3 21.7 25 24 23.7 27.5 29.4 29.4 19.6 19.5 21 20.3 20.6 21 21.2 21.3 22 22.7 22.9 24.1 24.2 24.7 24.5 24.7 24.6 26.4 26.7 30 33.4 33.4 29.2 25.9 28.7 26.7 26.4 26.8 27.2 27.6 28.1 28.2 28.1 29.1 30.9 32.1 33.1 34.4 35 35.7 37.2 38.5 39.2 39.8 39.7 40.2 40.7 40.9 40.3 39.6 38.6 38.1 36.3 36 35.4 34.8 33.3 32.7 33.4 34.2 35.8 37.4 39 38.7
20.9 20.8 20.9 21.7 21.9 21.2 19.6 19.8 20 20 20.1 20.2 25.3 19.8 19.2 21.4 23.8 24.9 22.7 26.3 27.7 19.7 19.6 19.6 19.7 20.5 20.7 20.8 20.9 21.7 21.3 23 24 25.8 25.2 25.3 25.1 25.4 25.2 26.9 27.9 27.8 27.5 27.3 26.7 29.9 28.7 27.3 27.3 27.3 27.7 27.6 27.6 27.8 28.3 29.1 29.4 30.1 31.6 33.7 35.6 36.8 37.4 37.8 39.1 39.2 40.1 41 41.6 41.3 41.1 40.9 38.9 37.5 37.8 37.3 36.6 36.1 33.2 34.8 35.7 36.2 36.6 37.1 39.2 38.8
20.7 21 21.3 21.6 21.3 21.2 20.2 19.7 19.9 19.8 19.7 19.9 25.7 24.5 23.4 20.7 29.3 29 21.8 27.8 19.2 19.8 19.2 19.3 18 19.8 20.4 20.6 21 21.6 21.7 23.2 24.6 26 27 27.5 27.7 27.5 24.7 26.7 27.4 27.6 28 28.2 27.7 26.9 27 26.9 26.5 26.4 29.4 27.8 27.6 27.7 28 28.8 29.7 30.9 31.2 33.7 35.7 37.2 38.3 38.9 39.4 39.7 40.2 40.4 40.5 40.9 40.6 39.7 39.1 38.6 38.4 38 36.2 35.9 33.3 37.4 36.3 37.4 39.8 39.6 39.6 39.9
21.1 21.3 21.3 21.7 21.8 21.4 20.6 20.6 20.8 20.3 19.9 26.4 25.3 26.1 29.8 20.3 20.6 25.5 20.9 27.5 21.3 19.7 19.5 18.3 19.5 19.8 20.3 20.9 21.2 21.6 22 23.4 24.3 25.4 27.1 27.8 27.5 26.7 24.7 27.7 27.9 28.1 28.1 28.2 27.9 27.3 26.9 27.6 29.7 32.8 28.4 26.6 26.4 28 28.1 28.7 29.3 30.5 32 33.2 35.1 38 39.4 39.3 40.1 40.7 40.6 40.8 40.2 40 39.8 39.6 39.3 38.9 38.4 37.3 36.5 34.6 36 36.9 37.3 37.9 38.8 39.6 39.6 40.1
20.9 21.7 21.5 22 21.9 21.3 21 21.2 21.3 21.2 20.8 23.1 27.4 29.5 23.2 21.6 21.1 21.1 25.9 26.6 18.6 19.3 18.8 19.7 19.9 19.8 20 20.8 20.9 21.5 21.7 23.3 24.2 25.7 26.7 27.6 27.6 26.9 24.7 27.8 27.7 27.8 28.6 29.1 29.2 26.9 26.7 29.5 31.1 30.9 30.9 30.6 29.4 26.9 27.1 27.3 30.9 31.3 32.6 33.5 34.9 36.7 38.4 39.3 39.7 40 39.6 39.7 39 39.7 39.3 38.7 39.5 39.1 37.7 36.9 35.5 36.1 36 36.3 36.4 37.1 39.6 39.6 38.7 39.2
21 21.2 21.4 21.7 21.3 21 21 20.8 21.2 21 28.1 21.7 29.2 26.2 24.9 25 21.2 22.3 24 25.5 19.5 18.7 18.4 19.9 20.1 20.1 20.3 20.7 20.2 20.7 21.7 22.9 24.5 25.7 26.3 27.1 27.2 27.3 24.7 27.9 28 28 28.4 28.9 30.3 31.3 30.7 31.6 30.6 31.5 31.7 31.2 30.5 30.5 30.2 30.8 27.8 27.8 28.2 31.6 35.4 36.2 37.6 38.3 38.8 39 39.2 39.3 38.4 37.9 38.1 38.1 38.4 37.7 36.9 36.6 36.4 32.8 36.8 35.3 35.3 36.8 39.1 38.7 37.3 36.4
21.4 21.6 21.7 21.6 21.4 21 20.5 20.5 25.7 28.1 28.6 22.5 26.5 28.8 24.9 22.7 21.3 22.3 23.8 24.6 18.8 19.1 18.8 19.5 19.8 20.3 20.2 20.5 20.7 20.9 21.4 22.6 24.3 25.5 26.2 26.8 27.1 27.1 26.1 27.8 28.1 28.1 29.5 30.1 30.1 30.3 30.7 33.9 31.3 31.6 31.3 31.4 31.3 30.9 30.8 31.5 31.1 31.5 31.7 33.3 28.9 29 29.2 29.3 37.1 37.7 37.6 37.3 37.3 33.3 29.4 29.2 28.5 28.5 28.7 28.7 28.3 28.5 29.3 30.6 31.2 34.3 38.7 37.6 36 35.9
21.7 21.7 21.5 21.4 22.1 21.7 20.9 26.4 26.9 26.5 25.5 23.4 22.8 22 21.6 22.5 23 21.1 26.9 19.3 19 18.9 19.8 19.6 19.8 20.1 21 21.1 21.2 21.4 21.5 22.5 23.5 25 25.1 25.9 26.9 26.8 24.9 27.8 28.2 28.7 30.2 30.4 30.6 30.4 31.4 33.6 31 30.5 30.8 30.7 30.9 31.1 30.5 30.9 30.5 30.6 30.4 30.3 30.3 30.3 31.2 31.2 30.5 30.5 30.5 30.6 30.7 30.7 30.7 30.6 31 31.7 33.8 36.5 37.4 36.8 38 37.8 35.7 34.2 32.2 32.2 32 31.3
21.9 21.8 21.5 22.2 22.7 24.9 25.6 22 20.8 20.9 21 21 21.3 21.2 21.1 21.7 21.7 21.6 19 18.9 19.4 18.4 18.7 19.4 19.9 20.8 21.3 21.4 21.4 21.1 21.5 21.8 23.1 23 24.1 25.6 26.7 26.6 24.7 27.5 29.7 30.5 31.2 31.2 31 30.6 30.5 30.4 30.5 30.6 30.8 30.7 31 31.3 31.7 31.2 31.1 30.5 30.9 31.3 31.9 32.8 34.1 33.7 33 33.4 34.1 34.8 33.2 34 33.9 35.8 36.2 36.5 36.2 35.9 35.7 34 31 31.1 31.5 30.5 31.6 34.5 37.6 34.4
21.7 21 28.1 23.9 23.6 20.5 20.9 20.5 20.4 20.6 20.7 21.1 21.4 21.1 21.2 21.3 21.4 21.5 20.6 20.1 19.7 19.4 18.7 20 20.9 21.1 21.3 21.1 21.3 21.3 21.4 21.7 22.5 22.3 25.3 27.9 29.2 29.5 24.7 30 26.4 30.5 29.5 30.5 30.7 30.9 30.5 30.2 30.1 30 30.2 30.1 30.1 30 29.8 29.2 30 29.4 29.9 30.5 31.1 31.1 31.3 31.7 32.3 32.7 33.5 33.8 32.5 33.1 33.2 34.2 35 35.7 34.9 34.8 35.2 32.8 30.3 34.6 35.8 36.2 36.3 36.5 36.1 34
21.3 22.8 23.3 21.5 21.5 21.2 21.3 20.4 20.6 21.1 21.6 22.6 24.9 25.9 26.4 24.4 21.3 21.3 20.4 19.9 19.6 19.1 18.6 19.7 20.7 21.6 21.2 24.7 28.5 28.5 21.3 24.6 21.3 21.2 22.5 22.8 22.9 23.6 24.9 28.8 27.3 30.4 30.4 30.9 30.8 30.8 30.4 30 29.5 29.3 29.2 29.1 29.3 29 28.8 28.7 28.5 28.4 29 29.7 29.6 29.4 29.2 30.1 30.4 30.7 32.5 32.5 32.7 31.1 32.2 34.4 34.6 33.6 33.3 33 33 30.5 31.8 33.8 34.9 35.8 36 35.7 36.6 36.6
22.3 22.8 23.2 26.4 21.8 22.5 23.2 23.8 24.9 25.1 27.6 27.2 27 27.1 26.5 23.4 21.8 21.4 20.5 19.5 19.5 20.5 28.4 28.4 28.1 21.4 21.3 21.3 21.4 20.9 21.3 21.7 21.6 21.6 22.4 23.3 24.1 25.4 28.9 29.2 29.3 30.3 30.5 30.3 30.8 30.5 29.8 29.4 28.5 28.3 28.1 28.6 28.6 28 27.6 27.8 28 27.6 27.7 27.7 28.7 28.8 28.5 28.6 28.8 29.4 30.2 31 30.2 30.8 30.9 33.7 32.8 33.2 32.4 30.9 32.1 31.7 28 34 35 35.2 35.8 36.2 37.1 36.6
26.9 23.3 25 24.4 23.3 25.3 26 26.4 26.5 27.2 26.6 26.9 26.4 26.9 25 22.3 20.8 21.2 28.3 28.3 20.7 18.8 19.9 20.3 20.5 21.1 21.3 21.5 21.8 21.5 21.3 21.7 21.7 21.6 22.9 23.6 25.1 27.4 28.9 29.3 29.5 30.4 30.4 30 29.8 29.2 28.6 28.6 27.5 27.5 28 27.7 27.1 26.8 26.7 26.4 26.7 27.1 27 26.7 27.7 28.5 27 27.5 28 28.2 29.6 30.3 30.6 31.2 30.2 31.3 30.4 30.1 30.3 30.5 29.2 33.1 33.4 33.9 34.2 37.1 38 37.3 37.2 36.5
26.3 25 24.2 23.5 23.9 25.5 25.7 26.4 26.6 26.3 25.8 24 19.9 24.7 28.5 27.7 23.5 22.1 19 18.4 18.3 17.2 20.7 20.3 20.4 21 21.4 21.6 21.9 21.8 20.4 21.9 21.6 21.9 23.5 23.6 25.8 26.5 29.1 29.4 29.2 29.8 29.8 29.4 28.7 28.4 27.3 26.9 26.5 26.2 26.7 26.6 26.2 26 26.4 26.7 26.6 26.7 26.7 26.8 27 27.3 27.8 27.9 28.2 28.6 28.4 28.5 28.7 29 29.3 29.5 28.9 29.3 28.5 28.7 28.6 31.9 33.1 33.8 33.9 38 38.4 38.3 38.2 37.4
24.1 24.6 24.7 24.4 24.6 25 25.3 24.6 21.2 20.9 28.1 28.1 25.9 20.6 20.4 20.6 20.6 22.5 18.9 18.2 17.2 19.9 20.6 20.6 20.7 21.2 21.4 21.6 21.6 21.3 21.7 21.8 21.7 22.3 23.5 24.3 24.7 27.1 27.6 28.9 28.9 29.3 29.3 28.2 27.4 27.1 26.6 26.5 26.5 26.5 26.7 25.8 25.6 25.7 26.3 26.9 26.9 26.9 26.9 27.8 27.4 27.6 27 28.4 28.6 28.7 28.4 28.9 29 28.5 28.9 28.9 27.8 27.4 27.4 27.6 27.7 29.1 31.8 33.2 33.3 37.2 37.6 33.7 26.2 25.4
25.1 25.8 25.4 24.7 24.6 21.6 22.1 27.4 27.3 25.4 20.5 20.6 20.5 20.6 20.8 20.7 20 22.5 19.7 18.6 19.7 20.1 20.8 20.8 21.3 21.4 21.5 21.6 21.5 21.4 21.8 21.6 22.4 22.8 23.6 24 24.7 27.1 27.3 27.5 27.9 26.7 27.4 26.9 27.1 26.2 26.1 26 26 26.2 25.9 25.6 25.6 25.6 25.9 26.4 26.8 26.8 26.9 27.4 27.7 27.8 28.2 29 28.6 29.3 29.5 29.4 28.7 28.2 28.5 27.4 27.3 26.7 26.4 26.6 26.9 27.3 30.9 33.1 33.2 25.9 25.7 26.6 25.5 24.9
25.4 24.9 20.5 23.9 27.3 26.2 21.5 20.7 20.7 20.6 20.6 20.8 20.5 20.7 20.6 20.5 19.1 22.5 19.4 16.5 19.2 20.6 20.8 21 21.4 21.5 21.6 21.6 21.3 21.4 21.5 21.5 22.1 23.1 23.6 23.5 24.9 24.7 27 27 27.2 26.7 26.4 26.3 26.7 26.2 25.5 25.4 25.6 25.8 25.5 25.4 25.6 25.5 25.6 26.3 26.4 26.9 27.4 28.1 28 28.5 28.6 29.3 29.8 29.7 29.3 29.7 29.1 28.1 27.9 27.4 26.9 24.3 25.2 25.7 25.9 29.8 31.1 32.8 32.6 25.6 24.4 26 26.7 25.7
25.3 26.4 26.5 21.4 21 20.7 20.9 21 20.7 20.6 20.9 20.9 20.9 20.3 20.7 20.3 19.3 22.6 19.6 16 19.9 20.3 20.4 21.1 21.5 21.7 21.6 21.6 21.6 21.5 21.3 21.7 22.4 22.7 23.6 23.1 23.8 26.4 26.6 27.3 27.3 26.8 26.3 25.9 26.5 25.9 25.5 25.2 25.4 25.2 25 25.2 25.6 25.5 26 26.2 27.2 27.4 27.8 28.8 28.4 29 29.3 29.7 29.4 29.9 29.8 30.5 27.8 27.9 27.8 26.5 26.7 21.5 21.8 22.9 24.7 24.7 31 28.8 24.5 25.4 25.4 23.3 26.5 23.2
21.5 21.4 21.3 21.4 20.8 20.5 20.4 20.7 20.6 20.5 20.5 21.2 21.2 20.9 20.4 20.8 19.4 23.2 20 18.6 19.7 19.8 20.9 20.8 21.5 21.7 21.9 21.9 22 21.9 21.8 21.8 22.2 22.6 23.4 24.3 25.2 25.7 28.8 26.6 26.7 26.7 26.2 25.8 26.2 25.8 25.5 25.2 25.1 24.6 24.9 25.3 25.4 25.9 26.6 27.3 28.3 28.5 28.2 29.8 30.4 30.2 29.6 29.8 30.1 30 30.1 29.1 27.8 27.6 27.1 21.1 20.3 19.9 20.6 21.9 24.1 24.5 24.5 24.4 21.3 22.4 19.1 21.5 27 20.6
21.4 21.7 21.5 21.2 20.9 20.8 20.9 20.6 20.5 20.5 20.5 20.5 20.6 21.1 20.7 20.9 19.3 23.3 20.2 19 19.4 20.2 20.5 21 21.1 21.2 21.4 21.7 21.8 21.9 21.4 21.6 22.1 23 24 24.7 25.7 26.8 27 26.5 25.8 26 26 25.8 25.8 25.6 25.8 25.5 24.8 24.7 25.1 25.6 26.1 26.9 27.6 29.1 29.4 29.7 29.7 30.3 30.1 29.5 29.8 29.6 30 29.8 29.5 29.4 28.5 27.1 22.2 19.7 19.6 20.1 23.8 23.8 24.1 22.1 17.4 17.4 17.4 17.4 17.4 17.4 17.4 17.4
21.5 21.8 21.7 21.4 21.1 21 20.9 20.6 20.5 20.7 20.8 20.9 20.8 20.7 20.4 20.9 21.5 23.8 20.4 18.4 18.9 20.1 20.6 20.8 21 21.2 21.4 21.6 21.6 21.8 21.3 21.7 22.4 23 23.7 24.4 25.7 26.4 26.4 26.3 24.7 25.9 25.9 25.8 25.7 25.4 25.5 25.2 25.1 24.9 25.3 25.9 26.7 28.6 29.3 29.2 29.1 29.4 29.4 29.8 29.9 29.5 29.5 29.5 29.7 29.3 29 28.4 27.7 27.3 25.2 24.4 24.7 23.8 23.7 20 17.4 17.4 17.4 17.4 20.4 23.7 23.3 23.4 28.4 20.4
22 21.9 21.6 21.5 21.2 21.1 21 20.8 20.6 20.7 20.7 21.1 21.3 21.1 20.9 20.9 20.8 23.8 23.4 19.3 19 20.4 20.6 20.7 20.9 21.2 21.4 21.5 21.1 21.7 21.8 21.6 22 22.6 23.4 24 25.7 26.6 27.1 26.9 26.1 25.9 25.9 25.9 25.8 25.4 25 24.6 25.1 25.6 26 26.6 28.9 29.2 29.4 29.1 28.7 28.6 28.8 28.4 28.4 28.5 29 29 28.3 28.6 28.3 27.4 27.1 26.7 24.2 24.1 22.9 17.3 17.4 17.4 17.4 17.4 22.7 24.8 23.7 24.1 22.8 23.7 28.7 19.9
