UK/data/sd/sd91_OST50GRID_20230518/SD91.asc
ncols 200
nrows 200
xllcorner 390000
yllcorner 410000
cellsize 50
[rows 140 to 174 of 200, columns 0 to 77 of 200]
139.8 140.2 140.6 141.5 140.8 141.9 138.5 142.5 142.3 144.1 143.3 139.6 141.2 142.8 143.3 143.6 143.6 144.4 145.3 145.5 145.8 145.9 145.4 146.7 145.7 145.6 145.4 145.2 143.6 142.9 141.7 145.7 146 140 143.9 146.9 148.4 149.7 149.7 149.8 150.4 150.8 151.4 153.5 153.8 155.4 154.9 155.8 154.5 156.4 151.4 141.8 144.2 158.6 162.8 165.6 167.7 172.4 175.7 177.2 178.6 179 179.7 179.3 178 178.2 178.6 177.6 177.3 179.7 183.9 183.8 186.1 188.9 191.5 193.4 196.2 197
139.8 140 140.8 141.5 141.6 142 144.1 137.7 137.4 138.4 137.7 139.6 140.9 143.3 143.8 144.5 145.1 145.6 146 145.9 145.9 145.7 145.7 145.8 145.7 145.3 149.4 144.5 143.4 143.3 144.3 145.2 142.3 137.3 142.2 147.2 148.8 150.1 150.5 149.9 150.8 150.7 151.1 152.5 153.5 154.9 155.2 155 157.1 155.2 155.3 148.5 141.2 154.2 159 163.6 168.4 172.4 174.8 175.9 177 177.5 178.3 176.9 177.1 177.8 176.5 175.1 175.5 177.5 180.2 183.9 185.5 187.7 190.1 191.9 195.1 196.4
139.9 139.9 141.1 140.5 144.2 144.1 144.4 138.2 138.2 138.3 139.2 139.8 141.4 143.8 144.5 145.2 145.7 146 146.3 146.1 146.2 145.7 145.6 145.6 145.5 145.2 143.8 144.1 144.6 149.9 145.2 145.7 143.2 137.8 138.5 144.3 148.5 149.3 150.1 149.6 149.9 150.3 151 152.4 153.5 155.1 155.5 155.4 155.4 156.9 151 144.6 141.5 153.5 160 163.1 166.8 170.4 173.9 174.6 175.3 175.6 175.4 175.2 175.7 177.5 174.7 176.1 179 179.5 181.3 182.6 184.7 186.4 188.4 189.9 191.6 191
140 140.1 139.6 140.4 144.5 144.2 143.8 140.1 142.3 138.5 139.2 140.1 141.8 144.4 145.3 146.7 146.5 146.5 146.6 146.6 146.3 146.5 145.2 145.8 144.9 144.6 144.1 144.9 145.1 145.2 145.2 143.4 150.3 147.3 140 140 141.2 148.1 148.5 149.4 150.2 150.5 150.7 152.1 153 155.3 155.6 155.5 154.4 154.7 149.3 144.9 141.6 150.1 157.4 161.5 164.8 167.9 172.1 172.8 174.2 173.6 174 173.9 174.2 175 172.3 174.7 178.9 181.2 181.6 183.1 183.5 184.4 186.1 186.3 192.1 192.4
139.7 140.3 144 140.3 143.3 143.3 143 142.4 143.3 143.4 140.1 140.4 142.8 145.7 146.3 147 147 146.9 146.6 146.4 146.5 146.5 146.7 144.6 143.9 144.1 144.3 144.6 145.3 144.8 140.1 138.4 140.3 142.1 146 150 150 149.3 149.7 149.6 149.4 150.3 151 151.8 153.8 155.5 155.5 155 154.3 151.3 149 145 142.6 150.6 152.8 156.9 162.6 165.7 168.8 170.3 172.1 172.1 172.3 173.9 174.4 173.2 170.2 174.2 178.4 178.7 181.9 183.5 183.7 182.4 182.1 187.2 188 189.9
144.3 144.1 140.7 139.6 142 142.8 143.1 143.3 143.2 142.7 143.2 141.1 142.5 144.9 146.3 147.3 147.2 147.2 146.7 146.8 147.3 147.1 147 144.4 143.8 144.2 144.5 145.2 144.2 140.2 140.3 140.5 138.5 144.1 146.5 147.7 149.2 147.6 149.8 151.5 149.6 150.2 150.5 152.2 154.2 155.7 155.6 155.4 153.2 150.2 147.6 144.8 143.4 144 151 153.5 158 163 165.3 166.4 167.4 168.7 169.4 170.9 171.9 169.3 168 176.1 177.1 177.9 182.8 183.9 184.7 180.2 182.3 183.7 185 187.2
144.3 140.5 141 140.2 141.4 142.8 143.5 143.5 143.5 143.3 143.3 142.4 142.3 144.4 146.9 147.5 147.4 147.4 147.2 147.5 147.4 147.2 147 145.4 143.9 144.2 144.8 145.3 144.3 143.2 141.5 138.4 138.7 139 143 147.5 149.1 149.3 149.1 148.5 149.5 148.8 152.2 153.6 154.5 155.3 155.5 154.6 152.3 149.2 146.9 147.5 143.3 143.7 145.5 150.1 154.5 157.7 161.5 161.8 162.4 164.7 166.5 168.2 169.3 167 166.9 172.8 175.2 175.6 182.7 183.2 183.7 179.2 178.8 180.6 183.1 185.4
140.9 141.7 142 141 141 143.2 143.6 143.9 143.5 143.2 143 142.6 142.8 144.9 147.2 147.6 147.6 147.6 147.7 148 148.2 147.6 147.3 146 144.7 145 145.3 145 144 143.6 143.8 143.6 141.9 143 139.5 143.7 147.7 149.1 149.5 147.9 149.2 150.3 151.6 152.9 148.4 152.4 154.3 153.4 152.2 150.5 150.2 147.1 143.5 144 144.7 146.9 148 153.9 156.6 157 159.4 161.9 165.3 167.3 167.1 163.8 163.3 164.1 165.6 168.9 175.8 177.3 179.2 178.6 175.5 178.8 178.3 177.1
141.5 142.1 142.7 141.6 140.5 142.7 143 143 142.8 142.7 142.9 143 143.1 144.4 146.2 147 149.7 148.2 148.5 148.4 148.5 148.7 148 147 144.8 145.1 144.8 144.5 143.9 144.4 143.5 145.7 146.2 141.8 140.5 148.6 148.4 149.1 149.4 148.8 148.7 148.9 151.5 152.7 154 154.8 154.6 148.1 151.9 150.8 150.3 148.5 144.7 142.3 144.5 146.2 146.6 147.2 153.4 155.3 158.4 161.3 163.2 163.5 161.7 160.1 160.2 160.1 162.1 164.3 169 165.1 176.2 179.1 173.5 174.5 179.6 183.3
142 142.1 142 142.3 140.1 142.2 142.1 142.1 142.1 142.4 143.2 144.1 143.9 144.8 145.4 146.3 148.8 148 148 148.7 149 149 149.3 148.6 145.4 144.9 144.4 144 144.2 144.4 146.2 146.2 146.3 141.4 142.5 149.9 149.1 149.6 150.3 149 149.1 150.4 151.3 152.9 154.1 154.7 154.8 155.8 153.2 151.2 149.3 155 149.5 147.8 146.5 143 144.4 145.4 151.2 155.7 157.5 159.2 159.9 159.6 160 159.7 159.9 159.9 161.2 162.6 163.8 164.2 169.4 173.4 169.7 176.4 180.6 183.3
142.2 142.4 142 142.7 139.7 140.9 141.9 141.6 141.5 141.9 142.9 144.1 144.2 144.8 145.4 146.1 147 147.7 148.3 149 148.8 146 145.2 145.9 145.3 145.1 144.5 144.1 144.5 147.1 147.7 147.1 146.6 141.7 141.3 149.2 150.9 150.2 150.7 150.2 149.9 150.8 150.1 151.7 153.3 154.4 156.4 156.4 154.5 151.3 150.4 149.8 152.4 149.7 149.1 147.7 145.4 145.3 148.5 153.9 154.9 155.7 156.8 157.3 158 159.2 159.4 158.3 161.1 161.7 162.3 163.3 167.7 168.4 169.7 177.6 182.6 182.3
142.9 143.3 142.7 142.7 143 139.8 142 141.6 141.5 142.3 144.4 145 144.9 144.9 147.1 146.8 146.9 147.5 148.2 148.1 147.6 146.9 147.1 146.2 145.8 145.3 144.8 144.3 146.8 147.6 147.6 147.7 147.3 146.8 141.8 141.8 143.8 150 151 151.2 151.2 150.5 148.9 150.1 152.9 153.2 155.5 155.8 153.6 150.8 150.3 151 155.6 150.3 149.6 149.3 149.6 146.4 147.5 150.6 152 153.6 155.1 155.3 156 156.2 157.2 157 157.6 161.1 161.7 162.3 165 164.2 171.4 177.4 180.4 188.4
143.4 143.7 143.2 142.5 140.7 139.9 143.1 143 143.8 144 144.9 144.8 144.6 144.9 146.4 147.4 147.3 147.1 147.9 148 147.4 146.8 146.6 146.6 146.4 146 145.3 143.6 147.7 147.7 147.7 147.6 147.7 147 147.8 143.1 142.5 143.7 150.1 150.9 151.6 150.1 148.5 152.4 154.5 154.4 153.3 151.3 150.7 150 150.5 150.8 151.6 153.5 149.6 149.1 149 146.5 147.3 148.5 150.3 151.1 151.6 151.7 154.9 154.6 155.2 156.1 156.9 159.5 161 159.7 163.5 166.4 176.7 179 182.4 187.3
143.5 143.6 143.7 143.2 141.5 140 141.4 143.6 144.8 145.5 146 146.1 146.4 146.5 147 147.1 147.4 148.1 148.6 146.5 146.9 146.8 146.2 146.8 146.6 146.3 146.1 146 147.4 147.1 147 147.1 147.3 147.5 147.5 149.7 149.2 147 144.4 148.9 149.6 145.3 149.3 153.7 154.9 155.4 151.7 148.6 148.7 150.6 150.9 150.7 150.8 150.9 152.3 149 148.8 146.3 147 147.1 148.9 148.8 151.9 152.3 152.4 154 154.6 155.4 156.1 157.3 159.3 161.5 164.3 175.7 176.2 175.5 183.1 195.8
144 144.2 144.2 142.9 140.8 139.7 143 143.7 145.6 145.8 145.7 146.9 147.3 148 151.8 149.1 148.4 149 148 146.4 146.5 146.7 146.1 146.5 146.6 146.4 146.3 149.6 146.8 146.5 146.9 147 147.5 147.5 147.8 147.9 150.5 150.2 144.3 143.9 144.3 147.4 149 151 152 153.4 151 147.4 151.7 154.2 153.6 151.7 151.4 151.7 150.8 152.7 148.9 147.9 147.4 147.4 149.8 150.4 151.7 153.2 153.7 153.7 154.7 157 157.6 159.6 161.4 167.9 173.9 171.8 173.3 174.1 186.2 198.7
143.8 145.5 143.5 143.8 143.2 141.1 143.6 144.2 144.8 145.6 146.7 148.2 149.2 150.3 152.1 150.3 149.2 149.2 148 146.9 147.5 147.5 147.4 147.1 146.6 146.4 146.3 148.8 147.7 146.7 146.7 146.8 147.5 147.8 147.5 147.7 148.7 152.5 150.4 146.5 144.4 147.5 150.4 148.3 148.6 149.4 146.8 155.2 155.6 155.5 154.3 151.4 151.6 151.7 150.5 150.3 149.8 148.2 147.2 149.6 150.2 150.4 151.7 152.9 154 154.4 155.4 157.3 160.1 162.7 171.3 172.3 181.8 181.2 177.2 172.5 187.8 206.2
144.2 144.4 143.4 143.2 140 141.4 144.1 144.3 145.9 146.7 148 148.9 151 151.7 151 150.5 149.7 149.6 148.8 147.9 147.7 147.7 147.8 147.8 147.7 147.6 147 146.3 148.3 147.4 146.6 147.2 147.5 147.1 147.3 147.6 147.7 150 151 144.9 145.2 144.4 145.9 147 148.1 150.1 153.8 156.3 156.5 155.6 154.7 152.9 151.2 151.5 151.7 151.8 151.3 149.6 149.8 149.9 150.1 150.1 152.3 153.2 154.1 155.1 156.4 158 163.9 169.7 173.8 185.9 191.2 187.6 178.3 173.8 192.6 210.9
143.2 142.9 139.9 139.7 140.3 141.7 144.5 144.4 147.1 148 149.5 149.7 151.5 150.5 150 150 150 149 148.2 147.8 147.8 147.8 147.9 147.9 147.7 148.5 148.4 147.3 145.3 148.7 147.6 146.7 147.3 146.9 147.2 147.5 150.4 151.7 151.2 145.5 149.6 148.3 145.9 145 151.2 152.8 156.6 159.5 158.1 156.4 154.8 153.3 152.1 151.1 151.3 151.8 150.7 151.1 150.4 149.2 149.8 150.4 152.8 153.7 154.8 156.3 157.9 166.7 168.3 174.6 183.1 189 198.4 198.3 176.4 176.1 194.3 212.9
135.6 139.4 139.7 136.4 138.9 141 144.2 144.4 148.3 150.7 151.7 151.4 150.2 148.9 148 147.6 148 148.4 148.6 148.3 148.2 148.2 148.4 148.1 148.9 150 148.5 148.3 146.9 145.5 149.6 147.8 146.9 147.1 147.4 151 152.5 152.5 148.5 147.5 150.7 149.8 147.6 146.5 147.6 153.3 159.3 159.7 158.3 156.9 155.4 154.2 153.5 152.4 151.6 151.2 149 148.9 149.1 150.5 151.2 151.2 151.7 154.6 155.5 156.9 165.9 164.9 169.1 174.5 184.7 191.1 203.9 196.8 178.5 177 195.2 213.5
134.8 134.6 135.8 135.7 135.8 140.1 143.4 143.9 147.7 149.7 150.1 148 145.6 145.2 145.3 145.6 147.6 149.1 149.3 148.8 148.6 148.3 148.8 149.4 151.2 149.9 148.9 148.9 147.5 147.1 146.9 149 147.8 147.5 150.5 152.5 152.7 151.6 151.2 151.8 154.1 152.8 148.7 146.5 149.2 154.7 157.6 158.3 157.7 156.5 155.7 154.9 154.1 153.7 152.4 152.4 151.4 149.3 151 150.4 151.3 151.5 153.2 155.5 158.8 164.4 159.8 165 169.8 174.2 178.3 186.9 197 187.7 177.6 179.8 200.2 214
137.2 139.7 135.4 135.8 135.6 140 142.2 142.4 144.2 144.9 145.5 144.7 144.8 144.9 144.9 145.3 145.5 148.5 149.8 149.8 148.7 148.2 148.8 151.3 150.9 149.7 149.6 149.5 148.3 147.6 148.1 148.3 152.5 149.5 152.1 152.4 153.6 153.6 151.8 152 156.8 155.2 153.1 149.5 148.2 149.6 150.3 154.9 157.2 157.1 156.3 155.6 155 155.2 153.5 152.7 151.2 149.5 151.2 150.4 151.2 151.6 154.7 162.1 162.4 156.8 161.2 166.7 172.9 175 176.2 177.6 179.4 178.8 178.9 188.8 202.7 214.1
143.5 146.1 143.9 135.5 140.2 139.4 140.1 140.7 141.7 144.7 141.7 143.8 144.2 144.6 144.5 144.9 145.5 147.2 149.7 150.8 149.2 147.7 148.7 150.1 150.6 149.6 149.8 149 147.9 147.4 148 149.6 149.1 152.2 152.5 152.5 152.7 153.8 153.1 149.7 154.2 156.7 156 152.2 148.3 149.5 149.3 149.2 157.4 159.5 157.9 157 155.8 154.5 154.9 152.9 153.6 151.6 150.6 150.9 151.6 159.4 160.9 161.1 157.9 156.2 159.7 164.5 171.3 173.9 176.3 178.2 178.4 180.6 186.6 192.6 201.4 213.7
146.7 146.1 146.8 141.3 140.3 139 137.2 138.6 140.2 142.1 142.4 141.7 142.5 143.5 144.2 144.5 145.7 148.6 151.1 151.4 150.2 149 148 148.7 149.2 149.5 148.8 148 147.4 147.4 148 149.3 150.7 150 152.7 152.5 155 155.4 155.9 155.2 157.2 159.1 159.3 153.5 146.8 152.9 150.4 149.7 158.9 162.8 161.7 159.9 157.4 155.5 155.5 155.1 152.4 152.2 148 151.8 151.3 151.8 156.7 156.1 158.3 157.2 158.6 163.9 169.1 174.2 178.7 181.8 184.2 187.3 190 192.1 195.5 199.2
147.5 146 142.4 139.9 136.4 136.2 135 136.9 139.1 140.9 143 142 142.8 143.3 144.2 147.7 148.9 150.9 151.2 152 151.9 150.1 147 148.1 148.5 148.7 147.6 147.7 147.4 147.5 149.1 150.3 151.2 151.1 151.6 154 157 156.9 156.2 158.5 159.1 158.5 158.8 159.6 152.1 152 152.1 153.9 161.5 165.1 164.5 162.1 159.3 155.9 155.3 155.9 152.8 152.1 158.9 159.1 158.8 152.6 152.6 154.9 156 157.5 158.1 162.9 170.5 175.1 180.6 182.9 186.2 188 189.5 190.3 188.5 179.7
146 144.1 140.3 138.1 136.3 136.8 134.9 135.5 138 139.9 141.9 141.9 142.5 144.2 147.3 148.1 149.4 150.4 151.3 152.6 152.4 150.4 147.6 147.5 147.7 147.2 147.6 147.9 147.7 148.4 149.1 149.3 150.2 151.4 151.9 154.6 156.6 158 157.3 158.7 159.1 158.6 158.8 161.4 153.9 151.9 151.8 159.4 164.3 167.1 166.8 163.7 160 154.2 156 157.6 158.5 159.1 159.1 158.4 159.2 153.2 153.4 153.3 156 156.7 156.7 168.8 167.5 171.9 180.9 182.9 184.3 186.2 187.8 187.5 183.2 179.1
142.1 139.3 139 138 136.5 137.2 135.7 136.1 137.7 139 140.5 141.7 143.6 145.6 149.1 149.5 150 150.3 151.3 152.4 151.7 148.1 146.6 146.8 146.9 147.3 147.9 148.1 148.9 149.4 149.6 148.3 151.7 152.1 153.4 156.4 156.6 158.7 158.7 159 159.5 158.6 159.4 163.1 157.3 153.2 154 160.5 165.6 167.5 166.9 162.9 154.3 153.5 157.6 159.4 159.3 157.9 158.9 158.5 152.8 153.3 153.1 154.8 154.4 154.7 156.7 162.1 166.9 169.3 175.4 182.1 183 183.7 185.3 183.1 175.5 169.3
140.3 139.5 139 138.6 138.4 138.1 136.9 136.8 138 138.4 140 142.4 145.8 148.4 148.8 148.8 149.9 150.2 150.1 152 150.7 146.1 146.4 146.7 146.3 147.9 148.1 148.6 149.3 150.3 150.6 149.5 152.7 156.3 156.1 157.4 160.1 160.5 160.6 160.9 161.5 161.2 161.2 159.3 159.4 159.3 159.7 159.8 163 166.9 160.9 154.4 153.9 155.4 159.7 159.2 157.8 156.9 157.1 157.6 153.3 153.6 153.6 153.5 153.7 157.5 157.4 156.4 157.9 163 167.9 173.2 178 181 178.3 171.8 166.3 164.9
141.1 138.7 139.1 139.1 139.3 138.8 137.9 137.7 138.1 138.2 140 141.5 145.2 148.5 148.9 148.6 149.6 150.8 150.9 151 146.5 145.6 146.5 147.1 149.8 149.1 149.1 149.9 149.4 151.2 150.8 153.5 155.1 156.2 156.5 162.3 161.2 160.9 161.6 162.7 162.8 164.3 164.9 160.3 162.3 162.3 162.6 160.3 160.6 159.2 162.6 162.1 161.3 152.4 160.4 160 159.3 157.1 155.9 152.3 153.3 153.4 153.5 153.7 155 155.5 157.7 160.5 163.1 167 169 169.1 165.9 161.7 159.5 165.2 164.3 164.1
139.8 139.3 139.2 139.4 139.4 138.6 138.5 138.4 138.3 138.5 140.6 141.8 145.7 146.5 146.4 148.6 149.5 150.3 149.7 145.9 143.6 145.4 146.9 147.9 148.7 149.8 151.1 151.3 151.6 152.3 155.7 156.2 157 157.9 159.3 162.1 162.5 162.7 162.8 162.8 163.1 165.4 165.5 162.8 163 163.1 163.3 161.2 162.4 165.2 163.3 162.5 163.6 154.4 153.9 157.4 156.9 155.1 156.7 150 153.4 153.7 153.3 153.2 154.9 155.3 155.9 157.8 159.6 161.7 162 162.1 161.8 162.2 160.8 161.3 161.9 161.3
138.8 138.3 138.8 139.1 139.1 139 139 139.2 138.4 138.9 140.7 142.9 145.3 147.3 145.9 143.8 145 145.1 144.1 143.8 144.5 145.4 146.7 149.3 150.6 150.6 153.4 153.8 153.4 152.1 155.1 157.2 158.1 159.4 161.1 162.6 162.5 163.1 163.3 163.3 163.1 165.8 165.2 167.6 167.1 165.7 166.1 163.7 166.5 165.2 167.1 169.2 168.6 164.8 158.2 153.9 154.8 153 151.4 151.5 152.7 153.3 155.5 154.6 155 155.3 156.1 156 157.4 158.3 158.9 159 159.9 161 160.2 160.8 161.4 162.1
138.3 138.4 138.9 139.5 139.4 139 139.3 139.9 139.6 139.3 138.4 141.9 144.1 147.6 145 143.4 142.5 142.3 144.7 144.7 145.1 147.7 149.2 151.4 155.9 151.9 154.6 155.5 156 154.8 153.8 157 158.9 160.5 161.6 163.3 165.2 165.3 164.3 163.9 163.6 166.3 164.4 168.4 166.2 167.2 167.9 167.7 167.9 171.5 172.4 172.3 172.7 170.7 167.2 162 156.9 155.4 151.9 153 152.2 153.3 153.8 154.3 155.1 155.4 155.9 156.3 156.8 157.2 157.5 157.9 158.9 159.9 159.8 160.9 160.9 161.3
138.6 139 139.2 139.3 139.9 139.4 139.8 140.5 140.2 139.7 140.8 141.4 143.4 146.3 142.3 142.1 143.6 143.3 145.6 145.9 147.3 149.4 151.7 152.6 155.4 154.4 155.7 156.6 156.6 160.8 160.4 154.2 155.9 160.3 161.9 163.4 163.9 165.7 170.5 170.4 169.1 169.7 164 170.8 171.2 169.9 169.3 169.7 173.2 173.7 176.2 176.3 175.6 174.5 168.3 162.1 158.3 156.7 153.2 153.7 153.4 153.4 153.7 154.1 155.1 155.2 155.6 156 156.5 156.6 157.2 157.8 158.3 159.1 159.6 161.3 161 161.1
139.3 139.4 139.2 139.1 139.6 139.9 141.7 141.5 141.8 140.4 141.4 141.3 141.6 141.9 142.5 144 144.3 146.2 147 147.1 149.9 153.3 154.2 156.4 156.7 155.5 156.4 160.6 160.2 160.2 160.4 160.4 157.1 156 161.7 161.9 162.5 166.1 170.5 170.2 169.2 169.3 163.7 171.2 170.6 173.3 172.6 173.6 179.5 176.7 180 180.9 177.7 175.4 171 166.3 162 158.4 156.7 152.4 153.2 153.5 153.5 153.7 155 155.1 155.4 155.6 156 156.3 157.2 157.8 157.9 158.9 157.7 161.4 160.5 160.5
140.9 141 141.2 139.4 139.6 141 144.1 142.9 142.3 140.6 142.8 143.7 143.5 142.3 144.6 146.4 148.3 149.2 150.1 147.2 149.3 153.6 155.3 157.5 157.8 157.1 160.3 160.5 160.2 160.2 160.2 160 160.4 160.8 159.3 159.9 163 165.6 170.4 170.1 169.8 170.3 171.3 170.9 176.1 175.7 170.8 178.9 182.3 186.1 187.7 186.3 182 179.7 177.3 172.5 168 161.8 158.6 154.6 152 153.8 153.6 153.7 154.6 155.1 155.3 155.5 155.6 156.1 157.1 157.4 157.2 158.1 161.4 162.6 166.7 165.1
149.6 147.1 149 149.1 148.7 145.2 142.3 142.4 142.7 141.4 143.5 144.3 147.3 146.1 147.8 149.3 151.1 152.1 151.4 152.8 150.6 153.3 154.8 157.6 158.5 158.1 158.7 160.9 160.3 160.2 160 159.9 159.7 154.3 163.9 162.2 164.6 169 169.9 176.8 172.5 171.5 171.2 178 180.2 176.7 173.7 179.8 186.2 191.6 191.8 191.5 191.8 189.6 181.4 176.5 171 166.7 161.9 159.7 156.9 151.2 153.5 153.4 154.4 154.8 155 155.6 155.7 155.7 155.8 156.5 158.2 161.1 163.7 166.9 169.7 168.3
