WholeMapElevations/data/sd/sd90_OST50GRID_20230518/SD90.asc
ncols 200
nrows 200
xllcorner 390000
yllcorner 400000
cellsize 50
[rows 140 to 174 of 200, columns 0 to 77 of 200]
103.6 103.5 103.7 104.9 105.6 106.3 107.2 108.1 109.7 110.5 110.4 111.4 113.5 112.6 114.5 115.3 115.6 117.9 118.3 119.7 122.9 123.7 127 128.5 129.4 133.5 133.5 136.8 136.6 138.5 138.4 139.9 140.1 142.1 144.1 144.8 145.1 146.2 148.2 148.8 150.4 153.3 155.9 157.8 159.8 163.2 162.6 162.1 161.1 158.5 158.6 158.3 158.2 159 159.1 158.5 155.7 155.7 155.7 155.7 165.2 166.3 167.9 169.3 172.4 174.4 173.9 172.4 170.8 170.4 170.2 170.6 171.1 172.7 173 172.5 160.9 161
106.2 103.5 103.2 104.2 106 106.1 106.7 106.5 110.1 110.8 111.2 111.7 113.5 113.4 113.8 114.4 115.1 117.4 118.1 120.1 123 123.6 124.8 126.8 128.3 129.6 138.2 138.4 138.4 139.2 138.7 139.1 139.7 140.9 142.6 142.8 144.1 144.8 145.9 147 148.7 151.1 154.3 155.8 158.8 159.1 157 157.1 156.8 156.5 154.8 155.5 156 156.5 156.8 155.9 155.2 156.3 157.4 161.4 164.4 168 169.8 169.4 170.8 172.3 173.2 172.7 171.8 171.1 169.6 169.1 170.1 173.2 174.1 174.4 161.6 159.6
104.2 103.2 104.6 108.5 103.4 106 106.4 106.5 111.4 110.4 110.5 110.9 111.8 112.3 113.5 114.2 115.2 117.4 118.1 119.7 121.6 123.3 124.9 126.6 128 129.5 135.1 138.6 138.3 137.6 137.6 138.6 138.7 139.4 140.5 141.1 143 144.5 144.1 145 147.2 149.1 152.1 153.7 154.1 152.4 153.9 151.7 148.6 148.6 152.2 154.4 155.1 155.5 155.4 153.6 153.4 154.2 157.4 160.8 164.6 168.9 174 173.3 170.8 171.9 172.8 172.4 172.1 173.6 172.6 169.1 171.3 173.9 174.2 173.2 160.2 157.5
102.5 102.9 102.8 102.2 101.9 106.6 105.9 107.3 111.6 111.1 109.6 110.3 111 111.3 112.9 114.3 115.3 117.3 118 119.4 121.5 123.1 124.5 126.3 127.1 128.7 132.7 134.9 136.3 134.9 135.8 137.2 136.7 137.2 137.8 139 140.1 141.4 142.3 143 144.7 147.7 150.8 153.1 153 150.4 149.2 147.5 147.6 147.1 149.1 152.5 153.9 154.5 153.8 151.8 150.9 152.1 157.3 160.5 163.3 168.5 172.5 174.2 172.6 172.3 172.7 173 172.9 173.1 172.1 169.6 170.2 172.8 173.3 172.4 161.9 157.8
103.6 103.9 103.2 103.3 103.2 101.6 101.5 106.3 110.5 110.2 109.2 109.5 110.2 111 112.1 113.7 115.5 117 117.8 118.9 119.6 122.2 124.1 125.6 126.1 128.2 130.2 131.3 132.9 133.9 134.5 135.5 135 136 136.8 137.9 139 140.1 140.6 140.8 142.1 144.9 148.9 152.1 152.7 149.8 147.2 145.9 145.9 146.1 148.4 152.2 152.3 152.8 152.1 150.2 149.4 152 154.9 160.1 162.3 166.2 170.5 172.6 172.3 172.2 170.5 170.7 171.4 169.8 168.4 165.5 166.5 169.7 170.7 170.5 164.5 160
103.4 103.5 103.7 103.8 103.7 102.9 102.4 101.3 101.7 107.8 108.5 109.1 109.7 111.4 111.9 112.7 114.9 116.4 117.4 118.9 120.6 122.4 124.1 125.5 125.9 127.5 129.4 130.2 131.6 132.2 132.8 134.2 135.1 136.3 137.2 137.7 138.6 139.2 139.6 139.3 141.3 142.2 146.6 149.6 150.3 149.6 147 144.8 145 145.3 146.4 152.3 151.1 151.1 150.9 151.1 147.6 150.8 153.7 157.5 161 164.5 166.5 167.9 165 169.2 169.4 169 168.4 167 166.6 166.1 164.7 166.4 166.9 165.9 163.4 159.3
103.3 103.2 103.4 103.8 103.8 103.3 102.9 102.2 101 101.6 106.9 109.2 109.7 111.4 110.7 112.1 112.7 114.2 117.1 118.7 120.9 122.2 124.3 125.1 125.4 126.8 128.6 129.1 130.3 130.6 132.2 133.4 134.2 135.6 136.7 137.2 137.6 138 138.2 138.9 139.9 140.5 143.2 146.7 149.5 148.8 146.3 141.8 141.1 144.7 146.2 148.2 148.7 148.1 151.3 151.8 146.6 150.9 151.3 155.2 159.8 161.6 160.9 160.5 161.4 162.8 165 165.6 165.1 164.4 164.2 165.8 164.5 159.8 159.3 161 158.8 152.2
103.3 103.2 104.4 104.1 104 104.1 107.9 105.1 107.6 106.7 100.7 107.8 109.6 110.7 110.9 111.6 112.8 114 115.8 117.9 120 121.9 123.8 125 125.1 125.9 127 126.6 128.7 129.6 130.3 130.4 130.9 132.8 133.4 134 136.3 136.2 136.1 137.5 138.4 138.6 140.8 142.9 146.3 146.1 143.1 140.5 140.9 143.6 145.1 146.9 148.1 148.5 146.2 145 145.3 146.9 148 155 156.2 157.9 157.1 157.1 157.8 159.5 161.5 162.5 162.2 162.2 162.7 164.2 165.1 164.4 156.3 148 152.2 149.3
103.4 104.3 104.2 104.4 104.3 104.6 108.6 106.1 106.9 107.2 108.1 100.6 101.6 106.3 113.4 111.4 113.3 114.7 116.5 118.5 120.7 122.8 123.4 124.5 124.7 125.1 125.3 125.5 127 127.2 127.7 128.1 128.4 129.6 130.9 131.4 132.9 134 134.3 136 136.5 137.5 138.6 141.5 142.7 142.2 139.8 138.7 139.1 142.5 144 145.2 146 146.5 145.7 144 144.1 145 147.3 150.9 152.4 153.1 154.1 154.4 154.2 155.6 156.7 159.3 160.4 160.8 160.4 162.4 164.9 164 161.5 156.4 144.2 149.3
104.3 105 105.1 105.3 105.1 109.4 105.9 105.9 106.8 107.7 108.4 108.3 101.8 103.2 109 110.8 112.9 115.3 117.4 120 122.1 122.6 123.4 123.5 124.1 123.7 124.1 124.9 125.1 126.4 126.3 127.5 128.1 129 130.5 131.3 131.3 132.1 131.6 133.4 134.9 136.7 137.6 138.7 139 138.7 138.3 137.8 137.6 139.8 140.9 142.7 143.7 145.6 145.7 144.5 140.3 143.1 145.9 147.6 148.5 148.9 149.6 152.5 152.9 153 153.4 155.2 157.6 158.9 159.2 161 163.2 163.3 161 156.6 140.4 147.8
104.2 104.8 105 105.4 108.7 107.3 106.1 106.9 107.4 108 108.3 109.5 111.4 104.2 105.4 113.1 112.4 117 118.4 120.5 121.8 122.6 122.7 122.8 123.9 123.1 123.2 124.1 124.3 124.9 126 127.1 128.2 129.3 129.7 129.4 129.7 130.9 132 133 133.2 134.5 136 136.7 137 137.7 137.4 136.3 135.2 137.1 138 138.1 142.7 144 144.3 143.3 137.3 141.7 143.5 145 145.3 145.9 147.8 149.6 149.6 150.2 150.9 153.8 156.8 158.1 158.9 160 160.6 163.2 162.2 157.3 134.5 139
104.2 105 105.2 108.1 106.2 106.1 106.1 106.4 107.7 107.9 107.9 107.8 108.3 108.1 105 107.1 113.7 116.6 117.9 120.1 121 121.7 122.2 122.5 123.2 123.3 122.7 123.2 123.7 124.7 125.7 126.6 127.1 128.2 128.7 128.5 128.7 129.3 130.7 132.1 132.7 133.3 134.1 134.6 135.4 136.9 136.1 134.3 131.5 134.9 135.5 139 139.4 140.5 141.3 141.5 136.2 140.2 141.4 142.8 143.2 144.5 146.3 147.4 147.6 149 150.5 153.7 156.2 157.2 158.5 159.6 160.7 161.7 159.9 149 132.4 137.2
105 105.6 107.9 106.2 106.1 106 106.4 107.3 107.9 107.8 107.4 107.7 107.6 108 108.2 107 108.6 115.4 117.6 118.6 119.9 121.7 122.7 122.9 122.2 122 122.4 122.7 123.3 124.4 125.4 126.3 127.2 127 127.5 127.4 128.3 128.5 128.9 130.3 131.8 132.1 132.5 132.7 134.2 135.8 135.2 134 126.8 132 133.7 135.8 136.2 137.7 139.4 139.2 136.6 139.6 140.5 142.6 143 144.5 145.8 146.4 147.1 149.1 150.3 153.1 154.3 156.1 157.5 159 159.9 161 149.4 132.7 118.1 116.4
105.1 107.4 102.6 103.1 105.7 105.7 106.4 107.5 107.8 107.8 107.7 108.2 107.7 108.2 108.6 109.5 108.4 110.4 117.6 118.3 120.4 122.5 123 122.7 121.3 122.5 122.8 122.3 122.7 123.3 124.4 125.5 125.4 125.8 126.2 126.8 127.6 128 128.3 129.4 130.1 130.5 131.2 131.3 131.9 133 133.4 133.2 130 129.4 131 132.1 133.8 136.6 137.4 135.6 133.4 137.6 139.2 141 142.5 143.4 145 145.7 147.3 148.7 149.9 151.7 152.9 153.9 157.3 158.4 159.4 155.9 146.5 115.2 125 123
106.6 103.3 102.9 103.1 105.7 105 106.5 107.4 107.2 107.3 107.6 107.8 107.8 107.8 108.1 111.2 111.2 109.7 117.6 118.6 121.8 121.9 122.1 121.4 123 123.6 123.5 122.6 122.3 122.8 123.2 124.2 124.2 124.2 124.8 126.4 127.5 127.5 127 128.3 128.9 129.3 129.5 129.6 130.5 131 132.4 132.4 132.9 124.1 128.6 129.7 131.7 133.6 133.7 133.8 134.6 136.3 137.9 138.4 140.3 142.2 143.8 145.3 146.4 147.4 148 148.6 150.4 143.3 153.5 151.3 154.1 154.6 149.9 122 125.5 126.6
103.2 103.7 103 103 103.1 105.1 105.9 106.1 106.5 106.9 107.2 107.3 107.8 107.6 107.7 109.9 110.3 110.1 110.6 117.8 119.2 120.8 120.7 122.4 123.1 123.5 123.5 123.4 122.9 122.4 122.6 122.9 122.4 122.2 124.1 125.9 127.1 126.6 126.4 127.5 127.2 127.8 127.5 127.8 128.9 129.8 131.2 131.2 130.8 126.3 127 128 129.6 130 130.7 132.5 134 135.5 136.8 137 138.4 139.8 141.6 143.2 145.1 145.9 145.3 143.9 145.6 140.7 150.3 151.8 151.5 152.5 150.7 123.1 120.8 126.2
103.5 104.1 103.9 103.7 104.6 104.9 105.5 105.6 105.4 106.9 107.2 107.6 107.8 107.7 107.4 108.8 110.2 111.5 110.2 118.4 118.2 118.1 119.9 121.4 122.3 123 123.5 123.6 123.1 121.8 121.9 121.2 121.8 122.6 124.7 125.8 126 125.7 125.5 124.4 126.6 126 125.5 125.8 127 128 130.6 129.2 129.3 126.4 126.6 126.6 127.4 128.3 134.5 139.2 137.7 136.6 136.2 136.8 137.2 138.5 140 142 143.9 144.1 143 142 144.6 134.8 142.4 144.6 144.8 147.1 133.5 119.4 120.1 132.1
104.2 104.7 104.8 104.7 105 105.2 105.5 105.3 105.5 106.6 107.3 107.8 107.9 107.8 107.4 109.2 110.8 113.9 116.4 111.4 119.3 117 119.5 120.2 120.9 122.9 122.9 122.8 122.5 121.8 121 121.8 123 123.8 125.4 125.3 125 124.8 124.2 122.3 123 124.1 124.1 124 125.7 126.2 127.7 127.5 126.6 124.8 123.8 124.9 126.7 134.5 136.8 141.2 137.4 136.9 136.3 137.6 138.2 138.3 138.7 140.6 142.1 143.6 145.2 147.2 148.5 140.3 128.1 135.2 138.2 140.4 127.5 111.3 126.2 141
104.7 105 105.1 105 105 104.6 105.5 105.5 106 106.3 107.5 107.8 107.9 107.8 107.7 110 112.3 112.9 113.2 111.1 114.5 118.5 118.8 119.4 120.1 121.7 122.2 122.3 122 122 121.6 121.9 123.3 123.7 124.5 124.6 124.5 124.3 123.5 122 122.1 122.9 123.9 124.4 124.3 125.8 126.2 125.6 124.7 123.5 121.6 123.9 126.7 129.6 131.3 135.7 137.2 135.6 135.7 140.5 139.3 139.1 139.8 141.6 142.3 142.7 144.9 146.5 144.3 134.2 125.9 121.2 124.9 119.4 110.5 122.8 138.7 141.7
104.9 105.2 105 105 104.6 104.2 104.4 105.6 105.7 106.2 107.2 107.5 107.7 107.8 108.3 110.4 111.9 113 113.5 116.6 112.2 117.6 118.3 119 119.5 120.5 120.7 121.4 121.8 121.7 121.2 122.4 123.3 123.5 123.7 123.9 124 123.3 122.7 122 121.6 124 124.3 124.6 124.8 124.9 124.4 123.7 123.1 122.4 119.1 123.2 117.3 128.9 134.9 134.4 134.8 133.8 136.7 140.7 139.1 139.4 139.9 141.7 141.9 141.8 143 144.8 141.3 130.4 123.5 115.3 113.4 109.5 122.9 135.1 141.1 139
105.5 105.5 104.8 104.3 103.8 103.5 102.7 104.4 105 106.1 106.5 107.4 107.5 107.9 109 110.7 112.3 113 113.6 113.9 112.2 117.7 118.2 118.7 118.5 120.1 120.4 120.8 121.7 122.4 123.4 123.5 123.3 123.4 123 122.9 122.9 123.1 122.8 122 121.9 122.8 124.2 124.7 124.5 124.2 122.9 122 121.6 122.6 121.3 123.6 122.8 132.6 135.6 133.4 132.6 132.9 135.8 140.4 141.8 139.5 140.5 141.2 141.6 141.6 141.6 141.8 140.4 128.6 117.1 110.8 109.1 118.9 134.5 138.1 135.8 131.4
105.5 105.4 104.2 103.7 103.7 103.4 103.4 103.5 104.6 106.2 106.9 107.1 107.1 108 108.5 109.3 112.5 113.3 113.9 112.6 114.1 113.2 116.1 117.2 118 119.8 119.8 121 120.9 121.5 122.9 123.8 123.7 122.5 122.6 122.7 122.6 123 123.1 121.7 121 122.2 122.6 123.5 123.8 122.7 121.2 120.6 121.8 123 123.7 124.1 124 134.8 128.9 129.5 132.2 135.4 136.7 139.5 140.3 139.1 140.3 141.1 141.1 141.2 140.2 137.2 136.7 124.9 107.2 108.2 114.3 117.8 136.1 136.2 125.5 130.4
105.2 104.7 104.1 103.4 102.6 102.6 102.7 102.8 103.3 105.5 106.5 106.6 107 107.6 108.1 108.9 111.7 112.3 111.8 112.4 114.4 113.3 115.9 116.9 118 118.5 118.9 119.3 120.3 120.6 121.4 122 121.7 121.7 122 122.6 122.4 122.9 123.3 122.2 120.9 121.4 122.3 122.3 122.1 121.1 120 120.4 121.9 122.9 123.5 122.9 129.5 132 129.3 129.6 132 134.8 137.5 136.9 137.8 138.6 138.8 139.5 139.8 138.4 137.9 136.9 131.1 114.5 107.2 111 112.8 115.8 123.2 125 135.4 135.4
103.9 103.7 103.7 103.4 102.5 102.4 102.3 102.9 103.8 103.4 105.3 106.1 106.7 107.2 108.3 109.2 111.1 111 111.5 111.7 111.7 113.3 117.2 116.6 117.1 117.7 118.3 118.4 118.3 118.1 118.7 119.8 120.6 121.5 122.3 122.6 122.1 122.2 122.2 121.6 121.2 121.8 122.2 122.4 121.3 120.1 120.2 120.5 121.6 123.3 124 122.8 128.5 128.3 129.2 129.3 133.3 134.9 136.1 134.5 135.5 135.6 136.7 137.2 137.7 134.7 136.3 135.8 131.2 110.9 109 111.3 112.5 132.4 132.5 135.7 136.6 136
103.3 103.7 103.3 102.9 102.8 102.5 103 103.3 102.5 102.5 104.2 105.5 106.2 107.1 108.6 108.8 108.9 110.2 110.6 110.8 111 115.9 113.6 115.2 114.9 115.8 116.7 117.3 117.4 117.3 119.4 120.4 121.1 122.3 123.8 122.5 119.2 120.9 120.4 120.5 121.4 122 122.4 122.3 121.5 120.3 120.5 121.1 122.7 124.1 124.3 124.2 126 128.4 129 129.4 133.5 134.1 132.2 133.3 133.4 134.4 135 135.6 133.5 133.4 133.1 130.4 120.2 108.6 108.9 110.4 122.2 131 133 135.5 134.2 135.4
103.4 103.3 103.2 103.2 103.1 103 102.2 101.7 101.5 102.7 104.4 106.2 106.5 107.2 108.3 108.2 108.9 109.2 109.4 109.9 111.2 112.1 113.8 111.1 112.8 114.6 114.5 116.2 117.5 120.8 121.3 121.3 122.4 123.1 122.7 118.7 120.4 120.5 119.9 121 120.4 121.6 122 122.2 121.7 121 121.5 121.7 122.8 123.8 123.9 125.2 128.1 129.2 129.2 129.4 130.3 130.9 130.6 132.1 132.4 133.8 134.1 134.2 133 132.1 127.5 123 115.6 108.7 105.1 112.4 124.7 129.7 130.3 132.1 134.1 134.9
103.4 103.8 103.2 103.3 103.5 102.5 101.4 101.4 101.5 102.7 105.2 107.1 107.7 107.8 107.8 107.8 107.2 108 108.4 110.2 110.6 111 113.9 117.4 111.4 112.5 115.2 118.5 120.3 121.1 121.3 121.3 121.6 120.7 121 119.9 117.3 120.9 120.6 120.3 120.7 121 121.6 121.3 120.5 121 120.7 122.3 123.9 124.4 125.9 126.6 129.1 128.8 127.2 129.4 129.8 126.3 128.6 130 131.1 132.5 132.6 132.8 131.2 129.7 114.5 113.4 109.9 106.3 103.4 109.1 127.4 131.1 131.9 133.5 135.3 136.1
103.3 103.2 103.4 103.8 104 103 101.8 101.7 101.8 102.9 104.7 107 107.7 107.5 106.2 106.6 106.6 106.7 107.5 108.4 109 109 117.2 113.8 111.9 113.7 116.1 119.6 120.4 120.7 120.9 120.4 120.4 119.6 119 119.1 114.2 120 120.5 120.8 121.1 121.1 121.5 120.3 119.6 115.9 118.2 121 124 125.3 126.6 127.8 127.9 127.7 126.6 126.7 126.9 126.4 128.5 128.2 128.4 129.6 131.4 131.4 129.9 127.2 107.4 107.7 105.9 103.3 111.7 122 127.7 130.6 132.8 134.4 136.7 139
103.5 103.4 103.8 104.1 104.6 103.3 102.4 102 102.4 103.1 104.7 105.9 106.7 105.4 104.5 104.8 105.1 105.6 107 107.1 107.8 107.7 110.3 113.9 118.4 113.5 117.2 119.2 120.1 120.3 119.5 119.8 118.9 119 118.7 118.7 111.3 115 118.1 118.2 117.6 118.9 115.5 112.8 109.8 110.4 117.8 122.4 124.3 127.1 126.6 127.2 127 126.9 126.4 124.6 123.7 126.5 127.7 124.1 127.7 128.1 129.3 128.9 127 111.2 100.5 101.7 110.1 113.7 127.4 129.5 130.4 131.5 133 134.3 136.4 139.1
103.2 103.2 103.8 104.1 104.1 103.1 102.8 102.2 103.4 102.5 103.5 104.4 104 103.7 103.7 103.9 104.5 105.1 105.7 106 107 107.9 110.4 113.7 116.3 115 116.1 118.7 119.1 118.8 118.4 118.1 117.7 117.9 118.6 118.5 117.9 107.5 115 113.2 108.6 110.1 113.6 116.9 121 122.3 123.9 124.3 125.2 126.6 126.2 127.2 126.9 126.8 125.5 123.5 121.9 121.2 122.6 122.2 124.2 124.9 126.4 126.2 122 105.9 111.4 116.6 112.5 122.2 130.1 131.1 131.1 131.3 133 133.5 137.4 138.1
102.7 102.9 103.2 103.3 103.1 102.8 102.9 102.6 102.6 102.3 102.7 103.5 103.1 103.4 103.3 103.6 104.2 104.6 105.4 105.8 107.3 108.3 110.4 115.2 113 118.9 115.3 116.9 117.3 117.5 116.9 117.2 117 116.7 116.9 117.2 110.9 107.4 107.8 109 111.9 117.4 118.5 120.9 122.3 123.9 125.3 126.2 125.2 124.8 125.5 125.4 124.3 124.4 123.7 122.4 119.7 119.5 121.8 121 119.1 121.8 123.4 121.8 111.7 100.1 116.1 120.9 125.6 128.6 130.1 128.9 129 130 131.3 134.6 137.6 138.4
101.9 102.6 102.1 101.9 102.5 102.6 102.7 102.7 102.5 102.7 102.9 103.2 103.3 103.4 103.2 103.2 103.8 105 104.9 107.1 107.8 109.2 111.6 113.1 112.7 120.4 117.6 116.2 116.2 116.2 116.2 116.7 115.4 111.9 115.4 115.3 106.8 114.3 117.1 115.9 117.1 117.8 118.4 119.5 120.4 121.6 123.1 125 124.5 123 124 123.5 122.5 122.7 121.5 120 113.3 121.3 120.8 116.6 112.9 116.3 118.5 112 107.4 109.2 118.2 123.1 125.2 118.6 127.9 128.9 130.7 131.9 133.8 133.5 134.8 136.8
101.5 102.4 101.8 101 101.3 101.7 102.2 102.7 102.4 102.9 103.3 103.5 103.5 103.5 103.4 103.5 103.5 104.5 107.2 108 108.2 109.3 111.9 114.7 112.3 118.3 115.9 114.5 115.3 115.2 115.8 115.6 108.9 109.1 109.1 109.1 109.1 116.5 116.4 116.4 116.1 116.5 117.3 117.6 117.7 119.1 120.6 122.3 122.6 117.8 121 122 121.1 118.9 118 108.3 113.2 113.6 106.2 104.4 106.9 107.6 107.1 103.7 97 113.1 115.3 114.5 114.8 119.1 118.3 129 125.9 131.3 129.6 124.8 133 136.7
100.3 100.5 100.8 100.8 100.9 101.3 101.7 102.5 103.2 103.2 104.3 104 104.2 104.3 104.1 104 103.6 103.6 103.7 108.7 109.9 112.2 114.1 116.3 116.5 111.5 112.9 112.8 113.2 113.6 113.7 114 109.1 109.1 112.7 106.2 115.6 115.7 115.2 115.2 115.3 115.3 115.6 115.9 116.3 117.8 118.7 120.1 120.2 119.5 112.7 119 117.7 114.4 109.5 104.6 106.7 101.4 102.3 101.3 98.3 101.2 100.3 100.8 98.4 100.5 100.5 104.2 107.5 110.2 107.4 107.2 110.3 125.2 117.5 112.3 117.2 115.2
100.5 100 100.2 100.6 100.8 100.9 101.6 102.5 103.8 103.7 104.6 104.9 104.6 104.7 104.9 104.9 103.9 103.7 103.4 108.2 109.6 112.8 114.6 116.4 116.2 110.8 114.7 112.7 114.5 113.5 113.5 109.9 109.1 105.9 113.9 113.7 115 114.8 114 114 114.2 114 114.6 114.6 116 117.3 118 118.5 118.2 118 109 113.5 113.6 107.1 102.6 101.6 100 101.1 100.2 101.7 106.1 95.1 97 100.5 101.9 115 123.8 128 133.3 135.7 132.1 129.6 130.3 132.3 134.3 135.1 133.5 129.7
