UK/data/tq/tq42_OST50GRID_20230518/TQ42.asc
ncols 200
nrows 200
xllcorner 540000
yllcorner 120000
cellsize 50
[rows 76 to 113 of 200, columns 0 to 85 of 200]
65.8 66 64.6 62.2 59.5 56.3 53.5 51.6 50.1 51.3 54.2 56 58.1 61 63.9 66.9 68.1 68.1 67.2 67.6 68.4 66.5 64.9 63.1 61.4 56.6 55.5 52.6 50.2 44.9 37.3 34.4 38.9 44.9 48.6 53.2 57.2 61.1 63.7 55.6 49.5 48.3 49.5 51.6 52.7 53.9 55.5 60.6 65.9 71.9 76.6 80.1 81.5 83 84.4 85.7 86 85.8 86.3 86 84.6 83.2 79.8 75.7 73.1 71.3 69.7 67.5 66 62.8 59.9 56.6 52.3 49.3 52.9 58.4 61 65.7 68.5 71.9 75.1 80 83.8 87.8 90.7 92.6
63.4 63.5 62.5 60 57.2 54.6 52 49.3 47.2 52.8 54.9 57.1 59.1 63 64.6 65.7 67.8 67.8 67.6 68.1 68.9 67.6 66.1 63.6 61.9 53.6 55.2 51.7 47.2 42.2 37.5 33.9 37.1 44.6 49.7 55.7 62.4 62.4 68.4 70.2 66.3 64 63.8 64.5 65.2 67.6 71 75.8 77.1 78.1 79.1 79.9 80.6 81.3 82.4 82.7 82.6 82.1 82.8 82.8 82 80.4 78.7 77.1 76 73.7 72.5 72.8 70.2 66.6 62.3 55.2 50 49.9 56.6 62.7 66.2 71.5 76.5 81.1 83.7 86.5 88.5 90.5 92.7 93.6
60 59.8 59 57.9 56.3 54 51.8 44.8 51.6 55.7 56.6 58.2 62.3 65.2 65 67.4 68 67.9 68.1 68.7 68.7 67.6 65.6 63.3 60 54.3 51.5 54.6 50.6 41.8 36.3 33.9 35.8 43.6 47 51.9 54.1 64.4 67.1 72.7 76.1 77.8 78.1 77.9 78.3 79.3 79.4 79.2 75.5 75.6 76.2 77.4 77.8 78.4 78.8 78.7 78.8 77.9 78.9 79.2 79.6 79 76.3 74.4 73.7 72.4 73.3 74 73.1 67.6 61.1 54.6 49.1 50.6 61.1 72.3 77 79.6 83.3 85.1 84.6 85.4 87.7 89.6 91.4 91.9
56.2 56.8 56.6 56.3 56.1 53.9 49.4 42.8 52.7 57.1 57.5 59.3 63.7 66.4 64.5 65.7 67.1 67.6 67.5 68 68.2 67.6 66.4 64.4 62.1 60 57.3 55.1 49.6 42.3 35.3 33.9 34 39.2 45.9 53.8 62.1 63.7 69.1 72.1 77.2 81.1 80.9 80.6 80.6 80.6 79.4 79 78.6 75.4 75.2 75.6 73.7 74.7 75.3 74.9 75 74.5 75.8 75.8 75.4 78.7 78.2 75.1 70.7 67.8 70.1 71.5 71.2 65.7 55.5 50.4 51.1 59.5 68.1 75.3 80 83.1 85.1 85.6 84.7 83.3 85.3 87.7 88.4 88
52.6 54 54.3 54.7 54.8 53.2 46.5 46.6 52.8 56.9 57.8 60.3 63.5 64.7 64.2 62.9 64.7 66.7 66.7 66.7 67.3 67.2 66.5 64.9 63.4 60.4 57.2 54.7 50.2 44.1 37.9 33.9 33.9 41.2 54.2 61.7 64.6 66.7 69.6 72.8 76.7 79.8 80 79.3 79.6 78.9 77.8 76 75.3 75.9 74.4 73.5 74.8 74.7 73.5 72.5 70.6 72.7 75.4 78.3 80.5 81 79.8 76 72.6 68.7 62.6 63.4 66.7 59.4 50.3 47.8 58.8 68.4 71.3 74 77.8 81.6 82.9 82.9 82.6 80.4 82.9 84.3 85 85.5
50.7 52 51.8 51.9 50.6 48.2 40.2 48.8 52.7 55.9 57.8 60.3 63.2 62.3 60.3 61.2 61.3 64 64.8 65.3 66.7 65.7 64.7 64 62.8 57.7 54.9 54.4 49.2 44.3 40.3 33.9 33.9 43 59.6 62.6 65.3 68 71.1 73.6 76.9 78 78 77.5 76.9 75.4 74.2 72.8 72.8 72.5 71.5 70.4 72.2 72.2 71.5 70.8 69.7 72.4 75 79.1 79.6 79.2 74.2 74.7 73.9 69.2 63.5 55.7 54.7 54.6 48.1 52 63.6 68 69.8 71.7 73 75.7 78.6 79.1 79.2 77.7 78.9 79.4 79 81.5
49.8 48.7 48 48.8 47.4 42.7 44.1 49.3 53 56.9 59.1 60.7 62.9 60.6 59.4 62.3 63.2 64.8 65.4 66 66.9 64.7 63.1 62.7 61.3 57.9 54.5 49.5 45.8 43.6 38.8 33.9 33.9 43.3 59.6 63.5 67.3 69.3 72.1 73.1 75.5 77.3 76.1 74.7 73 71.6 70.2 69.7 69.2 69 68.4 67.6 68.3 68.8 69.4 68.6 68.5 71.9 74.2 77.3 78.7 76.3 74.1 74.5 73.1 69.3 66.6 58 56 51.7 47.2 50.6 60.9 65.2 67.4 68.9 69.9 71.6 74.4 75.2 75.5 74.4 74.5 74.2 75.5 77.1
47.1 46.6 46.9 46.3 43 40.7 48.4 51.4 54.5 56.9 59.1 61.5 63 59.8 57.7 61.2 64.1 65.3 66.3 66.7 66 64.2 62.7 61 58 55.8 49.1 44.1 41.7 40.5 37.3 33.9 34.7 48.2 61.1 63.9 66.3 69 71.1 72 73.8 73.7 73.6 73.1 71.4 68.7 68.4 67.5 66.2 65.7 65.1 64.6 65.8 66.4 67.5 67.4 68 70.4 72.7 74.8 76.1 74.3 74.6 73.2 71.1 68.4 67 65.1 63.3 58.3 47.2 47.8 55.7 61.7 65.6 65.8 66.7 68.8 71 71.5 71.6 69.8 69.5 71 72.6 73.5
45.7 45.8 45.2 42.7 40.2 41.6 48 51.4 54.4 57.4 59.5 61.5 62.5 58.8 54.1 58.7 61 62.6 64.4 66.3 65.3 64.2 62.4 59.8 57.1 54.4 44.7 43.6 39.7 37.3 35.1 32.6 38.3 55.6 59.2 62.2 64.9 67.8 70.1 70.6 71.1 72.4 72.6 70 67.5 65.5 64.7 64.5 63.8 62.1 61.8 63.4 64.3 64.9 65.6 63.6 66.7 68.7 70.3 73 73.5 73.7 72.9 71.3 69.4 66.9 66.3 64.9 63.5 60.8 49 47.2 50.4 58.1 62.1 64.6 66.3 67.2 69 68.5 67.8 67 67.3 69.1 69.7 70.4
42.9 41.8 41.9 39.4 39.7 46.5 48.1 51.6 54.4 57.3 59.5 60.7 60.3 56.2 54 55.6 57.8 60.3 63.2 65.7 64.9 62.8 60.9 58.1 55.4 45.2 38.8 39.9 38 34.3 32.5 31.1 40.1 51 57.5 61.6 68.9 69.3 69 68.8 68.1 70.5 69.3 66.9 65.2 62.6 62.3 62 61.3 59 59.6 62.7 63.3 63.9 64.5 61.3 63.9 66.1 68.5 71 71.7 71.8 70.5 68.8 67.2 66.3 65.5 64.2 62.7 59.3 51.8 47.2 47.2 54 59.8 60.7 62.4 66.1 66.5 65.2 64.2 64.2 65.9 67.1 67.4 68.5
39.3 39.9 40.8 37 43.8 47.1 49.2 52.2 55.7 58.3 59.9 60 57.6 54.6 52.3 52.2 55.5 59.7 62.9 65 64.9 62.8 59.2 56.8 55.1 43.2 38.2 35.3 35.1 33 30.8 34.1 43.3 54.4 58.2 66.7 72.5 75.2 72.1 64 62.9 65.7 65.8 64.5 63.5 61.3 58.5 58.9 58.6 52 60.8 61.7 62.3 62.9 62.1 57.7 64.8 65.6 66.5 68.4 69.9 69.8 68.2 66.6 65.8 65.2 64.5 63.2 61.9 60.3 57.7 47.2 47.2 49.6 54.8 57.2 60.7 62.2 62 61.3 61.3 63.7 65.2 65.5 65.9 66.3
42.2 37.5 36.5 38.6 44.3 46.9 50.5 53.9 57.1 59.7 60.1 59 56.4 51.9 50.7 53.2 56.6 59 62 63.9 64.9 63.3 61.2 59.4 57.4 54.6 45 43.5 34.9 31.4 29.8 40.3 48.3 52.8 58.9 68.9 62.1 62.5 62.6 59.4 60.5 70.2 64 62.6 61.2 59.9 58.4 55.6 54.3 54.4 59.5 60.5 60.8 60.6 53.9 61.4 63.8 64.8 65.5 67 68.5 68 66.2 65.1 64.4 63.8 63.1 62 61.2 60.2 56.9 48.9 47.2 48.2 53.7 55.7 57.7 58.2 58.4 58.3 59.9 62.8 63.8 64.3 64.4 65
41 35.4 35.1 43.6 44.6 47.7 51.7 54.8 58.2 59.2 58.8 57.2 54.9 47.3 49.9 52.9 55.3 57.4 59.5 62.8 64.7 63.8 62 60.1 58 55.6 53.3 48.9 38.1 30.3 30.2 41.4 50.6 53 59.6 60.9 56.6 58.4 56.6 57 69.3 70 62.3 59.8 58.8 57.7 56 50.2 47.5 54.3 57.8 57.8 56.9 52.4 54.6 60.3 62.4 63.8 64.8 65.7 67 66 64.5 63.3 62.9 62.2 61.4 60.5 59.6 58.9 56.8 50.7 47.2 48.5 52.2 54 55.2 55.9 55.6 56.5 59 60.7 62.3 63.1 63.4 63.5
38.7 34 40 44.5 48.6 50.9 53.5 55.6 57.6 57.8 56.4 54.8 52 47.2 51.4 53.4 55.1 54.9 57.8 61.3 64.1 63.4 60.9 58.7 56.9 54.6 52.2 48.8 38.8 30.6 29.8 37.2 48.7 50.7 53 58.6 59.8 54.8 59.8 63.8 69.7 61.2 59.7 57.8 56.6 55.9 54.1 49.6 47.5 53.4 53.7 51 44.7 55.3 56.4 60 62 63.7 65.2 64.8 65.8 64.5 63 61.6 60.6 59.9 59.3 58.5 57.7 56.9 55.7 51.3 43.4 46.5 51 52.3 53.3 53.9 53.3 55.6 57.2 58.5 61 61.5 62.3 62.2
35.7 34.8 41.8 46.2 49.9 52.4 53.9 56.2 56.3 55.3 53.9 51.9 49.3 46.1 50.6 52 52.6 53.1 57.5 61.3 62.9 62.8 60.1 57.2 54.8 52.9 51.1 48 41.9 33.5 29.5 31.8 43.5 48 51 51.9 51.7 52.8 56.3 58.8 60 59.7 58.4 55.5 54.4 54.1 53.1 49.7 44.8 49.3 48.3 48 55.4 57.7 59.6 61 62.9 64.6 65.1 64.6 63.6 62.6 61.4 60.1 58.4 57.6 57.1 56.6 55.9 55.1 53.5 49.4 44.2 45.5 49.4 50.8 51.6 51.3 51.6 53.7 54.8 56.2 57.9 60.4 61.2 60.6
33.7 38.6 43.2 47.6 50.2 52.3 54.2 54.7 53.7 52.2 50.4 48.4 46.1 43.9 45.1 47.9 49.5 52.3 56.3 59.5 61.9 61.7 59.2 56 52.4 49.2 48.7 46.7 43.7 36.4 29 29 40.5 46.2 48.3 48.3 49.3 54.7 57.9 58.9 59.5 58.7 57 54.2 52.6 52.4 51.6 48.6 43.5 45.4 44.5 51.8 54.7 56.9 59.2 61.8 64.3 65.6 64.5 63.5 61 61.2 60.2 58.8 57.3 55.6 54.8 54.1 54.1 53.2 51.2 47.4 43.9 44.8 47.9 48.6 48.8 48.5 49.3 50.9 52.2 54 56 58.7 59.1 59.9
31 38.2 43.2 47.8 49.8 50.8 52.1 52.5 51.1 49 46.4 45 44.4 42.5 44.3 45.8 48.6 52.4 56.9 60.1 61.2 60 57.8 54.4 50.5 48.1 46.2 44.6 42.2 37.3 29.9 27.5 38.3 44.6 45.4 45.3 50.8 55 57.6 58.3 59 57.9 56.5 53.9 51.8 50.3 49.8 48.6 43.6 42.2 46.2 51.5 53.6 55.9 58.5 61.9 65.5 65.9 63.5 62 59.7 58.8 58.6 57.1 55.8 54.3 52.8 51.9 51.5 51.3 49.2 46.2 43 43.4 46 46.6 46.6 47 49.5 51.4 52.4 54.1 55.7 57.1 58.8 60.8
34.3 38.3 41.4 41.6 45.9 47.8 49.9 49.3 48.5 46.3 43.9 43.2 42.6 41.8 42.4 45.3 48.8 53.1 57.3 59.5 59.7 58.3 55.8 52.6 49.7 46.6 44 41.4 37.7 31.7 30.1 27.9 35.7 41.5 42.1 43.9 47.6 51.5 55.9 57.2 57.4 56.5 55.1 51.8 50 48.2 47.7 47 43.4 42.8 48.9 51.1 52.9 55.2 57.9 61.8 64.6 64 60.7 58.6 57.9 56.4 56.6 55.8 55.3 54.5 51.6 49.8 49.1 48.8 47.2 44.8 42.7 41.1 43.7 44.2 45.5 48.1 50 51.8 54.2 54.5 56 58.9 62 63.5
34.4 36.5 39.4 41.2 41.6 42.6 47.1 49.1 47.4 44.3 42 41.7 41.1 40.4 41.4 44.6 48.1 52.8 56.4 58.2 57.9 56.8 54.2 51.9 48.8 46.1 43.5 42.1 39.7 35.8 31.2 26.8 35.9 39 39.4 42.6 44.1 47.8 52 54.5 55.6 54.7 54.7 51.8 48.8 46.5 45.5 44.4 40.4 42.6 47.9 50.6 52.3 55 58 61.2 61.9 59.7 56.8 56 55.5 54.6 54.6 54.7 54.5 54.3 51.1 50.3 49.7 46.5 45 43.5 42.1 38.9 42 43.7 46.3 48.1 50.9 53 55.2 56.2 58.1 61.4 63.1 65.1
33.2 34.9 36.4 37.4 39 44.8 49.3 48.4 46.7 39.6 40.6 39.7 38.9 38.1 40 42.5 46.8 51.9 54.6 57.2 56.4 55.3 53.3 50.5 47.9 44.1 41.2 39.2 39.6 35 31.3 27.7 33.6 35.6 38.1 40.3 42.1 45.3 49.1 52 53.4 53.8 52.8 51.2 48.2 45.4 43.4 42.6 39.6 44 47 49.8 50.3 51.8 54.9 56.8 57.3 54.9 53.4 53.4 53.2 53.3 54.3 55.1 53.7 53.9 53.3 52.6 50.9 48.3 47.4 45 42.7 39.7 42 43.5 45.7 48.9 53.5 55.4 55.3 56.3 58.5 60.2 61.9 65.7
31.4 33.5 34.7 37.8 44.9 47.3 48.1 47.2 45.4 41.4 39 38.2 38 37.8 39.2 42.3 46.6 50.8 52.8 53.9 53.1 53.1 51.7 49.7 46.7 44.4 42 38 39 35.2 31.9 26.9 32.2 33 34.4 37.3 39.6 44.3 47.4 49.8 50.6 51.3 50.1 48.3 46.3 44.3 42.2 40.4 37.2 43.2 46.1 47.5 47.9 48.6 49.2 49.6 51.3 50.7 50.8 50.7 50.4 50.6 53.8 55.3 55.1 55.5 55.2 53.6 51.8 52.3 50.6 46.8 41 37.1 38.9 41.3 46.8 50.6 54.3 54.6 54 55.1 57.4 58.4 58.5 62.2
32 34.2 37.3 42.3 45.5 46.8 47 45.8 42.9 39.8 37.5 36.6 36.2 40.2 41.9 43 46 49.3 50.9 51.3 50.9 50.1 49.2 48.2 46.2 43.3 42.2 40 35.7 35.3 32 27.2 28.4 32.6 35.2 36.7 38.4 41 44.4 47.4 47.3 47.5 48 46.7 44.3 42.4 40.8 38.7 35.6 41.6 43.5 44.9 44.5 44.9 47.4 49.5 48.8 47.6 46.8 48.4 48.2 50.3 54.1 56.6 57 57 56.1 55.1 54.9 54.1 52.3 45.7 46.2 43.1 38.3 41 48.4 52 52.2 53.2 52.9 53.6 56.1 56.4 58.2 59.5
34.1 38 41.3 45 46.4 45.8 44.8 43.6 40.2 37.7 36 33.9 36.7 39.6 41.7 43.2 45.2 47.9 48.7 49.2 49.5 49.6 48.6 46.7 45 42.6 39 38.5 36.3 33.5 31.6 28.1 26.6 30.9 32.7 35.2 39.3 43 45.9 46.6 46 46.4 44.7 43.5 43.5 40.5 38.8 36.7 36.5 39 41.7 42 41.3 43.1 44.3 44.9 45.3 45.7 42.8 44.3 49 51.8 54.7 57.9 60.6 59.7 58.2 58.8 58.9 56.5 53.6 49.3 44.7 44.9 40 37 47 48 49.6 49.7 51 52.2 55.3 56.8 59.8 61.2
35.8 39.9 43.6 46.4 47.4 46.1 43.5 41.5 38.1 34.5 33.4 33 35.5 38.1 40.6 43.3 44.5 44.8 46.2 47.5 47.4 46.9 46.8 44.6 43.1 40.9 38.2 35.7 34.9 32.1 30.3 28 27.1 27.7 30.6 34.5 39.4 43.1 44.2 44.6 45.1 44.7 42 40.6 42 38.2 36.6 32 35.5 37.3 38.7 38.4 38.3 38.7 40.9 40.9 41.1 43.3 46.6 47.7 50.5 53.8 56.6 60.1 61.8 61.1 60.3 61.2 60.6 57.6 55.7 51.6 46.9 46 41.9 36.3 44.3 46.4 46.6 47 49 51.7 55.5 56.9 57.1 59.1
39.1 42.3 44.5 46.6 47.7 45.8 43.5 40.5 38.5 36.1 33.3 32.7 33.5 38.4 40.6 42.7 43.8 43.7 43.6 45.4 46.4 45.4 45.3 43.1 40.8 37.7 36.5 34.2 31 28.9 28.2 27.9 27.4 25.8 31.6 35 37.8 39.8 41.7 42.8 44 43.3 40.4 38.3 38.8 38.1 35.5 30.2 33.9 34.8 35.6 36.1 36.8 37.8 39.1 40 42.3 44.2 47.1 48.9 50.8 54.5 56.5 58.8 59.3 61.5 62.8 64 62.2 60.9 58.3 53.8 51.2 47.5 42.4 37.3 37.9 42.8 44.4 45.5 50.7 52.3 53.5 54.7 55.1 57.4
41.7 44 45.5 46.4 46.6 45.4 42.7 39.3 37.8 35.5 33.8 31.6 33.9 37 39.4 41.5 41.7 40.4 41.7 43.7 44.5 44.5 44 42.5 40.7 38.4 34.6 32.2 32.7 31.8 30.7 28.2 27.6 25.9 32.1 36.2 38.1 38.2 39.8 40.6 41.9 41.4 40.5 38.6 36.7 36 33.5 29.9 32.5 33.6 35.8 37.8 40.3 42.3 42.3 41.4 41.9 43.4 45.2 48.1 50.4 53.6 54.8 58.4 60.8 63.5 64.6 65.6 64.6 62.9 60.3 57.2 52.4 47.4 44.3 39.6 35.3 39.1 43.1 44.7 49.5 51.2 51.3 52.6 52.8 55.1
42.1 43.5 45.4 48.1 45.9 43.9 42.1 39.2 37 35.5 34.1 31.7 34 35.5 38.7 39.1 38.5 39.1 39.9 41.3 42.5 43.5 42.8 41.9 40.8 39 35.8 36.5 35.5 33.3 30.3 28.1 27.1 25.8 31.6 34.9 36.9 37.2 37.6 39.8 41.8 41.3 39.9 38.1 36.3 33.8 32 29.1 32.1 34.4 36.3 38.3 39.8 41.5 41.2 40.3 42.8 46.9 48.8 49.1 52.2 54.9 56.1 61 63.3 62.7 65.4 65.3 65 63.5 60.4 58 54.3 50.8 47.5 42.6 36.5 36.3 40.3 44.5 47.2 50.3 51 50 50.1 52.4
39.3 42.2 46.7 49.1 43.6 43.1 40.4 37.9 36.2 35.3 33.5 31.2 33 34 36.1 37.1 38.5 39.9 40.3 41.1 41.8 42.8 43.4 41 41.2 40.7 38.7 38.1 35.9 33.2 30.1 28.1 24.9 26.9 31.5 33.3 35.1 35.5 37.5 39 40.1 40.2 39.6 37.8 35.9 33.8 30.6 29 31.8 33.5 35.2 37 37.7 38.2 38.4 39.8 42.9 46.1 48.9 51.2 56.2 58.1 58.3 61.2 62.5 63.2 64.7 64.4 64.1 63.9 62.1 59.7 55.6 49.9 45.4 41.4 36.5 35.1 38.2 42.7 47.1 50.8 50.5 47.6 48.3 49.2
38.2 41 45.5 49.1 47.7 44.1 39.2 36.1 34.6 33.1 32.1 29.6 31.5 33.1 34.9 36.7 37.4 40.5 41.5 42.7 43 43 43.4 43.3 43.4 42.3 40.9 39.1 36.8 34.6 32.1 29.2 24.2 27 30.9 31.9 31.6 35 36.9 37.5 37.5 37.5 37.8 36.3 34.1 32.4 30.3 28.5 31.5 32.8 34.1 35.7 35.5 35.7 36.9 39.2 41.7 43.4 47.6 54.1 57.7 58.1 57.9 59.6 60.7 62.4 63.2 63.5 63.4 63.4 62.2 60.1 56.3 52.7 46.6 42.2 39.5 35.2 35.4 42.3 46.4 49.4 48.3 46.3 44.7 46.5
35.9 39 43.8 48.8 48.8 45.6 41.4 38.4 35.7 33.6 32.2 29.6 29.8 30.8 33.1 34.8 39.4 45.1 46.8 48.5 47.4 46.8 46.1 46.2 46.6 43.4 41.1 40.9 37.9 36.1 33.5 29.6 23.6 25.8 29.2 28.7 32 35.1 34.9 35.6 35.5 35.3 35.6 34 31.3 30.4 29.5 28.5 29.2 31.1 32.6 35 34.2 33.3 34.8 38.9 41.4 44.9 50.2 54.3 54.8 55.3 56 58.8 59.3 60.5 61.2 61.8 62.9 63 62.3 60.7 58.9 55.7 52.2 46.3 40.9 35.8 35.1 40.4 44.4 46.6 45.7 42.6 43.2 49.5
38.3 42.3 45.8 47.4 48.2 46.6 43.8 40.4 37 34.8 32.4 29.8 29.1 30.5 32.5 35.8 41.3 47 48.2 48.1 49.3 49 47.5 47.7 47.5 44.9 40.7 38.7 36.3 35 32.6 29.1 23.9 23.5 26.8 28.9 32.8 32.5 32.6 33.5 33.8 33.5 33 31.4 29.2 28.7 27.8 26.6 28.9 30.7 32.3 32.9 32.9 33.9 35.8 37.7 42 46.9 50.5 51.7 52.1 53.2 55.1 56.8 57.6 58.9 59.6 60.1 61.5 61.4 61.2 60.9 60 57.1 52.9 47.2 42.1 37.8 35.2 37.4 42.4 44 42.7 42.7 45.7 49.5
41.5 44.7 46.8 47.1 46.9 45.9 42.8 39.3 36.5 33.7 31.6 29 28.3 30.7 32.5 37.5 42.9 45.2 46.4 46.8 47.1 47.2 46.8 47 47.1 44.1 41.2 37.5 33.8 32.4 29.4 28.5 25.6 22.4 24.3 28.1 30.3 30.4 31.4 32.5 32.8 32 30.7 28.3 27.3 26.7 26.7 26.3 28.6 29.8 30.3 30.9 32.4 34.7 38.4 41.2 41 45.9 48.5 49.1 49.6 51.3 52.8 54.4 56.3 57.4 57.8 58.5 59.8 60.2 59.9 59.8 58.7 57.6 54.2 50 45.4 38.3 35.3 33 39 39.2 41.1 43.3 44.5 46.7
43.4 45.6 46.2 46.1 45.7 44.2 41.9 38.4 35.3 32.7 30.7 28.7 27.7 29.7 31.5 36.6 41 43.1 44.5 44.9 45.2 45.3 44.2 46.9 47.5 47.7 45 39.3 37.3 35 32.6 30.2 25.7 22.5 23.6 25.5 27.7 29.4 31.1 31.5 30.4 30.1 28.2 26.7 25.5 24.9 25.6 26.4 27.1 27.9 28.4 30.2 33.1 36.5 39.9 41.7 42.7 43.7 46.2 46.7 48.6 51.1 52.9 53.9 54.8 55.3 56 56.8 59.3 59.1 59.2 58.6 57.3 56.6 55.1 51.4 46.2 40.1 36 33.4 35.7 37.3 38.8 42.8 47.9 52.1
42.1 44.7 44.9 44.7 44.3 43.1 41.2 38.4 34.7 31.3 29.4 26.8 26.8 28.6 30.7 35.4 39 41.2 42.5 42.3 43.5 41.6 43.2 45.9 47.9 47.9 46.1 43.7 42 38.7 34.3 31.2 28 23.8 23.1 23.1 25.8 28.3 29.6 29.5 27.5 26.5 25.5 24.3 23.8 25.3 24.5 24.4 26 27 28.4 33.5 36.7 34.7 36.8 38.3 41.9 43 44.3 47.1 49.7 51.3 51.7 52.1 52.9 53.6 56 56.4 57.7 58.1 58.4 58 56.1 54.7 54.1 51.2 46.4 41.1 35.6 33.6 32 36.5 39.4 41.7 48 53.6
40.3 42.9 43.5 43.4 42.6 41.3 39.6 37 32.9 30.6 29 26.8 27 28.8 32.2 35.1 37.3 39.3 40.3 40.2 38.5 39.5 42.6 45.5 47.2 48.4 48.2 46.8 44 39.2 35.4 32 29.7 26.7 23.7 23.1 23.3 26.9 27 26.7 25.3 24 24.1 23.9 23.1 24.2 25.1 26.6 28.5 30 29.8 30.5 33 36.8 38.9 40.8 40.8 43 45.1 46.9 49.4 49.6 48.2 49.8 50.8 53.6 54.5 54.6 57.2 58.8 58.7 57.8 55.4 52.9 52 51.6 50.3 45.2 39 34.2 32.3 34.3 37.7 42.4 47.6 53.2
37.6 40.4 41.5 41.3 39.8 37.8 35.5 32.1 29.3 29.2 28.5 27.5 26.2 28.6 32.6 35.7 36.8 38.1 38.6 37.9 36 40.5 43.2 45.4 47.2 47.9 48 47.6 44.4 42.5 36.9 32.7 30.9 28.3 25.6 22.9 22.3 24.6 24.7 24.8 24.3 23.5 22.8 23.1 23.1 24.9 27.2 29.4 31.1 31.5 32.2 34.5 36.8 39.7 41.3 42.1 42 42.6 44.9 46.7 46.7 46.5 47.8 49.4 50.7 52.6 53.9 54.5 56.3 57.5 57 56.1 54.4 52 50.5 50.6 51.1 49 42.7 37.4 33.7 32.7 34.4 41.4 48.7 52.9
35.1 37.8 38.5 38.2 36.6 34 30.9 28.7 27.1 27.2 27.5 27.7 26.2 28.2 33.3 36.3 37.3 37.2 37.2 36.2 37.6 39.7 43 46 47.2 47.3 47.2 46.8 46.2 44.2 42.1 37.1 33.3 31.4 28.7 24 22.9 22.2 22.7 23.4 22.3 21.6 22.4 23.6 24.6 27.3 28.8 29.9 31 32.4 34.2 36.9 39.4 41.4 41.7 41.5 39.8 39.6 41.6 44.6 45.3 45.4 47 49.5 51.1 52.4 54.1 54.5 55.5 55.2 54.4 53.7 52.1 50.5 49.4 48.5 49.3 49.3 46 41.2 35.7 32.6 31.7 41 47.5 50.5
32.5 34.8 35 34.4 33.5 31.5 28.8 26.6 25.9 25.6 26 25.1 24.9 29.3 33.5 35.9 36.4 35.9 35 34.1 37.4 39.9 42.7 45.5 46 46.1 45.7 45.2 44.8 44 42.2 41.5 37.2 34.1 29.9 26 24 22.8 22.2 22.2 21.7 21.3 22.9 23.3 25.8 27.5 28.8 28.7 29.8 33.4 36.5 38.9 40 40.5 40.3 38.3 37.8 40.8 42.3 42.8 43.9 45.2 46.4 48.8 50.3 51.9 53.9 54.7 55 53.3 52.2 51.1 49.7 49.1 48 47 45.6 46.3 44.4 42 37.9 33.6 32.4 38.9 46.9 49
