UK/data/nc/nc94_OST50GRID_20230518/NC94.asc
ncols 200
nrows 200
xllcorner 290000
yllcorner 940000
cellsize 50
[rows 70 to 104 of 200, columns 78 to 155 of 200]
164.2 165.5 165.1 164.4 163 161.8 159.5 162.9 166 167.6 168.9 170.7 172.4 171.6 174.4 174.7 174.5 174.3 174 173.9 172.6 173.9 175.8 177.7 181.9 187.2 189.8 193.1 194.9 196.6 197.5 196.6 196.1 195.5 194.7 193.9 193.3 193.2 193.1 191.7 190.3 189.1 188.3 188 187.9 187.7 187.6 187.6 187.8 188.6 190.3 191.7 191.7 191.5 191.3 191.1 190.9 190 188.5 186.9 185.4 184.6 184.1 183.7 183.5 183.6 183.6 184.5 184.7 184.7 185.1 185.2 184.5 183.8 183.2 182.2 179.3 177.6
166.4 167.1 166.5 165.3 163.9 162.6 161.7 165.6 168.3 170.4 171.5 174.2 173.7 176.8 176.5 176.2 175.6 175.3 175.1 175.1 175.2 174.7 174.2 176.7 182.1 186.7 189.1 191.9 194.6 196.5 197.5 197.3 196.9 196.5 195.7 195 194.2 194.1 193.8 193.3 192.1 190.7 189.6 188.8 188.6 188.4 188.3 188.4 188.5 188.6 189.6 190.9 191.3 191 190.7 190.5 190.5 190.3 188.9 187.5 186.3 185 184.3 183.8 183.5 183.6 183.7 184.5 184.9 185.1 185.4 185.7 185.1 184 182.8 181.7 179.8 176.8
168.3 168.5 167.3 166.1 164.8 163.5 163.7 167.2 170 172.6 175.6 178.5 178.8 178.5 178.1 177.7 177 176.5 176.5 176.6 176.5 176.2 174.6 176 181.4 185.5 188.6 191.5 194.1 195.5 196.6 197.1 197.2 196.8 196 195.8 195.3 194.9 194.4 194 193.4 192.3 191.1 190 189.4 189.1 189.1 189.2 189.3 189.3 189.5 190.3 191.1 190.7 190.2 189.9 189.8 189.8 189.2 188.6 187.7 186 184.4 183.7 183.2 183.6 183.9 184.6 184.9 185.3 185.5 185.4 184.6 183.4 181.7 179.9 178.9 176.8
169.5 169.4 168.2 167.2 166.5 165.6 167.5 170.5 172.9 177.5 180.1 181 180.8 180.2 179.6 179.1 178.4 178.4 178.5 177.8 176.9 176.8 175.4 174.9 179.8 185 188.1 190.2 192.5 195 196 196.4 196.8 196.2 195.4 195.1 194.9 195.2 195 194.7 194.3 193.9 192.8 191.6 190.7 190.7 189.9 190 190 189.9 190.1 190.7 190.7 190.8 190.1 189.4 189 189.1 188.8 188.8 187.9 186.1 184.2 183.6 182.9 183.3 183.8 184.7 185 185.3 185.5 185.1 184.2 182.8 180.9 179.4 178.3 175.9
170.8 170.5 169.9 169 168.2 169 170.2 175.3 176.7 180.4 183.1 183.2 182.9 182.7 182.4 181.5 181.5 181 179.7 178.8 177.9 177.2 176.2 174 178.4 183.4 186.6 187.6 189.1 193 195.3 196 196.1 195.6 194.8 194.5 194.2 194.9 195.3 195.3 195.3 194.9 194.4 193.6 192.3 191.8 190.9 190.7 190.7 190.7 190.7 191.4 191.2 190.8 190.2 189.5 188.8 188.1 187.8 187.6 188.1 185.9 184.2 183.6 182.8 182.8 183.4 184.3 185 185.3 185.4 185 184.3 182.6 180 178.9 177.6 175.5
173 172.5 172 171.3 170.6 172.1 173.9 178.5 182.3 183.4 184.9 184.9 184.8 184.6 184.8 184.6 183.3 182.4 180.9 179.7 178.8 177.9 177 174.7 177.9 181.6 185 186.1 187.7 191.1 193.4 194.3 195.1 194.9 194.2 193.9 193.5 193.6 194.5 195.5 196 195.7 195.1 194.5 193.6 192.8 191.8 191.9 191.9 192.3 192.4 192.3 191.9 190.9 190 189.3 188.5 187.7 186.9 186.2 186.5 184.5 183.9 183.2 182.5 182.4 182.8 183.7 184.3 185.1 185.3 184.7 184 181.6 179.4 178.1 177.2 175.1
174.6 174.7 173.9 173.3 173.2 174 177.6 181.1 184.5 185.5 186.6 186.6 186.6 186.7 187.1 186.7 185.1 183.4 182.1 180.5 179.6 178.2 177.5 176.9 178.9 181.1 183.6 185.3 186.3 188.2 190.7 193 193.9 193.6 192.7 191.8 191.3 192.1 193.2 194.4 195.6 196.3 195.7 195.3 194.1 193.1 192.8 193 193.4 194 194.4 193.5 192.3 191.5 189.8 188.9 188.1 187.3 186.5 185.7 184.8 184.2 183.5 182.6 181.7 181.6 182.3 182.7 183.3 184.3 184.7 184.1 182.9 181.4 178.9 177.7 176.7 175.3
177.2 177 176.3 176.1 175.7 177.2 181.4 183.5 186 185.8 188.3 188.5 188.6 188.5 188.3 188.3 186.3 184.8 183.2 181.2 179.4 178.6 177.8 177 178.7 181 183.1 184.4 185.5 186.6 188.3 190.2 191.7 190.2 189.4 188.7 188.6 189 191 193.3 194.9 195.9 196 195 193.9 193.2 193.2 193.4 193.9 194.7 195 194.2 193.1 191.8 190.1 188.6 187.8 187 186.1 185.2 184.4 183.7 182.6 181.4 180.7 180.5 181.2 181.7 182.4 183.4 183.8 183.3 182.1 180.8 178.6 177.5 176.7 175.5
179.3 179.7 179.3 178.9 179.5 181.3 182.6 186 187.9 187.9 189.8 190.3 190.4 190.3 189.6 189 187.9 186.5 184.4 181.7 179.9 178.6 177.6 176.4 178.4 181 182.6 184 185.1 186.1 186.4 187.1 188 187.1 185.1 184.2 184.4 186.7 189 191.6 193.8 195.3 195.2 194.1 192.9 192.1 192.2 192.6 194 195 194.9 194.5 193.4 191.9 190.2 188.4 187.5 186.6 185.6 184.6 183.9 182.7 181.8 180.5 178.7 179.4 180.1 180.5 180.8 182 182.8 182.5 181.1 179.8 178.4 177.6 176.9 175.9
182.2 182 182 182.8 184.6 185.7 186.3 189.6 191 190.4 191.6 191.7 191.7 191.8 191.3 190.5 189.5 186.5 184.8 182.3 180.5 178.7 177.6 176.5 178.3 180.7 182.2 183.8 184.7 185.7 185.4 185.7 185.4 184.8 183.4 180.6 179.9 184.1 186 188.8 191.3 193.2 193.9 191.9 191 190.5 191.2 191.6 193.6 195 194.6 194.3 193.4 191.6 190 188.3 187.2 186.2 185.2 184.2 183.2 182.3 181.4 180 178.2 178.7 179.2 179.4 179.3 180 181 181.4 180.1 179.1 178.3 177.7 177.1 176.3
184.3 184.8 186.3 185.7 188.9 189.9 190.6 193.6 194.1 192.6 192.9 192.7 192.6 192.6 192.3 191.2 189.9 187.7 185 182.7 180.8 179.2 177.6 176.1 177.5 179.8 182.1 183.9 183.6 183.9 184.6 184.6 184.1 183.5 180.3 178.5 178.5 179.5 183.6 185.8 188.2 190 190.1 188.9 187.7 187.6 188.5 190.1 191.9 194.3 194.8 193.8 192.9 191.4 189.4 188.1 187 185.9 184.9 183.8 182.8 181.9 181 180 178.3 176.2 177.9 178 178.1 178.3 180 179.9 179 178.7 178.3 177.8 177.3 176.7
187.4 187.5 187.9 189.4 190.6 191.8 194 196.2 196 195.2 194.6 193.6 193.5 193.5 192.5 191.5 190.2 188.9 186.1 183.3 181 179.3 177.4 176.9 176.1 178.4 182.3 182.9 182.9 182.9 183.3 183.3 182.4 178.6 178.5 178.5 178.5 178.5 181.5 184 185.3 186.4 186 186.3 186.3 186.3 186.7 188.7 190.5 193.7 193.4 192.1 192 191.1 190.2 187.9 186.7 185.7 184.6 183.3 182.3 181.5 180.6 179.6 178.2 175.6 175.6 176.4 176.7 176.8 177.2 178.5 178.4 178.5 178.5 178 177.2 177.2
189.4 189.9 191.3 192.2 192.4 194.1 196.8 198.1 198.3 198.2 198.5 196.9 195.3 194 193.2 192.2 191.7 189 186.4 183.9 181.6 179.1 176.4 177.2 177.3 178.4 181.6 181.6 178.5 178.5 180.8 180.5 178.5 178.5 178.5 178.5 178.5 178.5 182.1 183.7 184.9 185.2 185.4 185.6 185.7 185.8 185.8 186.7 188.8 190.9 192.2 191.3 190.9 190.3 189.3 187.8 187.2 186.1 184.1 182.8 181.9 181 179.8 178.5 177.3 175.9 174.5 173.9 174.7 175.2 175.8 175.3 177.3 177.8 178.2 177.8 177.1 177.8
191.5 191.8 193.6 194.4 195.8 197 198.9 200.1 200.2 200.3 200.3 199.4 197.3 196.1 194.1 193.1 191.6 189.3 186.9 184.7 182.2 178.3 178.5 179.5 180 180.5 180.7 181.4 178.5 178.5 178.5 178.5 178.5 178.5 178.5 178.5 178.5 179 181.7 184.2 184.4 184.5 184.9 184.9 185 185.2 185.2 185.6 186.2 188.2 188.8 189.7 189.9 189.9 189 187.5 186.3 185.8 184.8 183 181.1 179.9 178.5 177.4 176.3 175.7 174 173.3 173 173.4 173.9 174.9 176.1 176.6 177 176.7 177.3 178.8
193.1 194.1 195 195.7 197.1 198.8 200.8 201.2 201.8 202 202 201.7 200.5 198.9 196.6 193.7 192.1 190.2 187.7 185.5 182.8 178.4 181.2 182 182.2 182.5 183.1 183.3 178.5 178.5 178.5 178.5 178.5 178.5 178.5 178.5 178.5 180.6 182.8 184.4 184.3 184 184.3 184.3 184.4 184.5 184.4 184.1 184.6 185.1 186.1 187.8 188.9 189.3 188.4 187.3 185.8 184.5 183.6 182.8 180.6 179 178 177 175.8 174.6 173.2 171.9 170.6 171.8 170.2 173.6 174.3 175.2 175.6 176.9 178.9 180.8
194.5 195.5 196.2 196.7 198.2 200.2 201.5 202.1 202.8 203 203.2 203 202.4 201.2 198.5 195.1 192.8 191.2 188.2 185.8 181.5 183.7 183.9 184.2 184.3 184.4 184.3 183.9 178.5 178.5 178.5 178.5 178.5 178.5 178.5 178.5 180.4 182 184.3 184.6 184.1 183.7 183.6 183.6 183.3 183.5 183.3 182.9 183.2 183.4 184.3 186 187.4 188.3 188 186.9 185.3 183.9 182.5 181.1 179.9 178 176.8 175.8 174.7 174 172.8 172.2 170.9 169.6 169.6 171.3 172.5 173.8 175.1 177.8 180.5 182.5
196.1 196.6 197 198 199.3 201.2 202.4 203.2 203.8 204.1 204.3 204.2 203.2 201.8 199.4 196.5 194.1 192.4 190.2 186.9 185.4 187.2 187.3 186.3 186.2 186 185.6 185 183 178.5 178.5 178.5 178.5 178.5 179.2 180 181.6 183.7 184.4 184.6 183.8 183.3 183 182.9 182.1 182.4 182.2 181.6 181.4 181.6 182.6 184.4 186.2 187.4 187 185.5 184.6 183.3 181.5 180.1 179 177.1 175.9 174.7 173.7 173.2 172.3 171.5 170.3 168.4 169.6 170.6 171.1 170.8 175.3 178.3 181 182.5
196.5 197.4 197.9 199.2 200.6 201.8 203 204.1 204.8 205.1 205.3 205.3 203.9 202.6 199.8 197.2 195.4 193.8 191.8 190.4 187.8 189.8 189.3 188.5 187.9 187.1 186.7 186 185.2 184 180.6 181.7 181.5 181.5 181.8 182.7 184 184.2 184.3 184.4 184.1 183.3 182.7 182.2 181.9 181.3 181 179.9 179.6 179.6 180 182 184.4 186.2 185 184.1 182.9 182.2 180.7 179.1 177.7 176.2 174.6 173.4 172.6 171.9 171.1 170.4 169.3 168.2 169.1 169.9 170.5 171 175.2 178.7 181.2 182.5
196.6 198 199.1 200.6 202.2 202.9 203.6 204.7 205.8 206.2 206.4 206.2 204.8 203.4 200.6 198.6 197.3 195.5 194.2 192.7 191.7 191.7 191.1 190.5 190.1 189.3 188.4 187.6 186.8 184 184.4 184.9 184.4 184.5 184.5 184.8 184.8 184.3 184.2 184.2 183.8 183 182.4 181.8 180.5 180.4 179.5 178.5 178.3 177.7 177.1 179 181.3 182.3 182 182 182.2 181.7 179.7 177.7 175.3 174.5 173.3 172.4 171.8 171.3 170.7 170.1 168.9 167.7 167.9 169.1 170 170.5 174.3 178.1 180.7 181.6
196.7 198.3 200.3 201.9 202.8 203.6 204.2 205.3 206.6 207.3 207.2 207 205.9 204.2 201.9 199.9 198.7 197.6 195.8 193.4 193.3 193.2 192.9 192.4 191.9 191 189.9 188.7 188.3 187.3 186.7 186.2 185.8 185.6 185.4 185.2 185.1 184.7 184.5 184.4 183.8 182.6 182.1 180.5 179.8 178.9 177.9 178.1 177.4 176.3 175 175.5 177.9 179.1 179.6 179.7 180.4 180 176.7 175.1 173.1 172.4 172.1 171.8 171.3 170.8 170.2 169.5 168.8 167.5 167.9 169 169.4 169.7 172.3 176.5 179.6 180.2
196.9 198.9 201.1 202.5 203.4 204 204.9 206.3 207.5 208.5 208.1 208.1 207 205.4 203.1 201.9 200.3 199.1 198.1 196.8 195.5 194.9 194.2 193.5 193 192.4 191 189.9 189.2 188.3 187.5 187.1 186.8 186.5 186.2 186 185.7 185.4 185.2 184.6 184 183.2 182.2 181.2 180.2 179.1 178 177.2 176.4 175.2 174 173.1 174.4 175.8 176.9 177.2 177.2 175.6 173.2 172.2 171.4 171.4 171.3 171.2 170.8 170.3 169.7 168.9 167.9 167.1 168.1 168.8 168.9 169.4 170.2 174.2 176.8 177.4
197.4 199.4 201.5 202.7 203.5 204.6 205.9 207.1 208.6 209.6 209.6 208.9 207.7 206.4 205 203.9 202.6 201.4 200.7 199.3 197.7 196.5 195.4 194.6 194.1 193.4 192.2 191.1 190.2 189.3 188.5 188.2 187.9 187.8 187 186.7 186.4 186.1 185.4 184.7 184 183.1 182.2 181.3 180.4 178.9 177.4 176.4 175.5 174.4 173.1 172.8 173.9 174.4 174.4 174 173.8 173 172.2 171.2 170 169.7 170.5 170.4 170.4 169.9 169 168.1 166.9 167.8 167.8 168.6 168.7 169.3 170 170.4 172 173
197.9 199.7 201.3 202.7 203.7 204.9 206.6 208 209.4 210.2 210.1 209.6 208.4 207.4 206.8 206 204.8 203.5 202.7 201.4 199.8 198.4 197.3 196.1 195.3 194.5 193.3 192.3 191.8 191 189.6 189.5 189.2 189.2 188.8 187.5 187.1 186.5 185.7 184.9 184.1 183.2 182.3 181.4 180.3 178.6 177 175.5 173.9 173.7 172.4 172.4 173.4 173.5 173.1 172.7 172.5 172.2 171.8 170.9 168.7 169 169.4 169.7 169.5 168.9 167.3 166.9 167.7 168.6 168.6 168.9 169.3 169.6 169.7 169.8 168.7 168.8
198 199.6 201.1 202.6 203.8 205 206.7 208.2 209.4 210.4 210.3 210.1 209.4 208.7 208.2 207.6 206.5 205.4 204.4 203.3 201.9 200.5 199 198.3 197.2 195.8 194.7 194.3 193.9 192.2 190.4 190.3 190 189.6 189.2 188.5 187.4 186.7 185.9 185.1 184.3 183.4 182.5 181.3 179.9 178.5 176.8 174.8 172.4 173.1 171.9 172 173 172.7 172.1 171.9 171.9 171.6 171.4 170.4 168.3 168.4 169 169.1 168.8 168.4 167.3 167.6 168.8 169.1 169.4 169.6 169.9 170.2 170 169.6 167.3 167.9
197.9 199.5 200.8 202.3 203.7 205 206.6 208.3 209.3 210.3 210.6 210.4 210 209.4 209.2 209.1 208.4 207.5 206.4 205.1 203.8 202.4 201.4 200.4 199.6 198.5 196.9 195.9 195.2 193.9 192.1 190.7 190.4 189.9 189.6 188.6 187.5 186.9 186 185.3 184.5 183.3 182 180.6 178.9 177.3 174.8 173.3 172.1 173.2 173 173.2 171.8 170 171.2 169.9 170.1 170.3 170.8 170 168.9 167.6 168.5 168.7 168.4 167.9 166.9 168.5 169.3 169.6 170 170.1 170.4 170.5 170.2 171.2 168.8 167.1
197.4 198.6 200.1 201.6 203.2 204.9 206.5 208.2 209.3 210.1 210.6 210.8 210.4 210.2 210.4 210.3 210.1 209.2 208.5 207.9 207.2 205.3 203.6 202 201.6 200 198.5 197.1 196.5 195.5 194.5 192.4 191.1 190.3 189.5 188.7 187.8 187 186.2 185.3 184.6 183.1 181.5 179.2 176.2 175 173.3 174.6 174.6 174.9 174.6 174 173 173 172.4 171.4 170 167.7 169.2 169.2 168.9 168 167.6 168.3 168 166.5 168.1 169.1 169.6 170.2 170.6 170.7 170.9 170.9 170.5 170.4 169.9 167.4
196.7 198 199.5 201.1 202.6 204.6 206.3 207.8 209.3 210.1 210.8 211 211.3 211.4 211.4 211.4 211.4 210.8 210.4 209.9 209.1 207.2 205 203.5 202.6 201.1 200 198.6 197.6 196.5 195.4 194.3 193.1 190.8 189.6 188.9 188 187.2 186.4 185.3 184.4 183.1 181.8 178.6 177.8 175.3 176.5 176.6 176.2 175.8 175.4 174.6 173.9 173.4 172.8 172 171.2 169.9 169.1 169 168.5 167.8 168 167.6 165.4 167.6 168.7 169.2 169.8 170.3 171.1 171.3 171.5 171.8 171.5 170.6 169.5 168.5
196.3 197.5 198.8 200.3 202.2 204.3 206.5 208 209.2 210 210.7 211.4 211.8 212.1 212.4 212.4 212.3 211.9 211.4 210.8 210.3 208.6 206.6 205.1 204 202.2 201 199.8 198.7 197.3 196.1 194.9 193.7 191.7 189.6 188.6 188.3 187.7 186.2 185.1 183.5 182.8 181.3 177.5 179.8 178.9 178.3 178.4 177.1 176.3 175.8 175.2 174.6 173.9 173.1 172.4 171.7 171 169.6 167.5 167.8 166.6 166.5 166.2 167.8 168.3 168.9 169.4 170 170.5 171.4 172.4 171.2 172.1 172.1 171 170 168.8
195.6 196.9 198.5 200 202 204.2 206.2 207.9 209.1 209.9 210.6 211.3 212.2 212.6 212.9 213.3 213 212.6 212.1 211.5 210.5 209.3 207.1 206.4 204.6 202.8 201.8 200.8 199.7 198.1 196.6 195.5 194.3 192.2 190.7 190.4 188.8 187.7 186.9 186.3 184.9 183.6 182.4 182 180.9 180.4 179.9 179.2 177.6 176.7 176.1 175.6 175 173.9 173.2 172.5 171.8 170.8 170 168.7 167.2 167.5 167.6 165.9 167.5 168.8 169.3 169.7 170.2 170.5 171.8 173.5 173.1 172.8 172.4 171.6 170.4 169.3
195.1 196.8 198.4 200 201.9 204 206 207.8 209 209.8 210.5 211.2 212 212.9 213.5 213.8 213.6 213.1 212.6 211.6 210.6 209.5 208.4 206.9 205.4 203.3 202.3 201.2 200.2 198.9 197.3 196 194.8 193.4 192.3 191.3 189.9 188.4 187 186.1 185.2 184.3 183.3 182.2 181.5 180.9 180.3 179.2 179 177.8 177.2 176.2 175.2 174 173.3 172.7 171.9 170.7 170.1 169.4 168.7 167.8 166.8 165.6 167.8 168.8 169.2 169.9 170.6 171.5 171.9 173.6 173.5 173.2 172.7 172.1 171.5 169.9
195 196.6 198.3 199.9 202.3 204.2 205.8 207.6 209 209.7 210.5 211.3 212.3 213.1 213.8 214 213.8 213.3 212.8 211.7 210.7 209.6 208.6 207.3 205.8 204 202.8 201.7 200.7 199.7 198.1 196.6 195.7 194.7 193.9 192.8 191.3 189.6 188.1 187.1 186.2 184.9 183.5 182.6 182 181.4 180.9 180.5 179.7 178.9 177.6 176.2 175 174.2 173.5 172.8 171.8 170.7 170.1 169.4 168.8 167.7 167.3 165.5 167.8 168.7 169.3 169.7 170.6 171.9 173.2 173.6 173.9 173.4 172.9 172.4 171.9 170.9
194.7 196.3 197.9 199.6 201.8 203.8 205.4 207.2 208.6 209.7 210.5 211.7 212.6 213.3 213.5 213.7 213.6 213.1 212.6 211.8 210.9 209.8 208.8 207.7 206.2 204.7 203.3 201.8 201.1 200.1 199 198.1 196.7 195.7 195 194.4 192.8 191 189.7 188.2 186.9 185.5 184.7 183.3 182.8 182.2 181.6 181.1 179.6 178.9 177.4 176.2 174.8 173.9 173.5 172.8 171.6 170.7 169.9 168.7 167.7 165.6 166.4 165.9 166.8 167.6 168.6 169.1 170.5 171.7 172.9 173.4 173.9 173.8 173.4 172.9 172.5 171.1
194.6 196 197.7 199.4 201.3 203.4 205.1 206.6 208.2 209.6 211.3 212.2 212.8 213 213.2 213.4 213.1 212.7 212.3 211.8 211 210.1 209.1 207.9 206.7 205.2 203 202.2 201.5 200.6 199.5 198.7 197.7 196.8 195.9 194.9 193.9 192.3 191 189.5 188.1 186.7 185.4 184.4 183.6 182.9 182.3 181.5 180 178.7 177.6 175.9 174.6 173.8 173 172.4 171.3 170.3 168.5 167.1 167.4 167.7 167.6 166.1 165.1 166.5 167.7 169.1 170 171.2 172.4 173.2 173.8 173.8 173.7 173.5 172.8 171.9
194 195.8 197.8 199.2 200.8 202.9 204.6 206.1 207.7 209.9 211.1 212 212.8 212.8 213 213 212.7 212.3 212.1 211.5 211 210.3 209.3 208.2 206.9 205.7 204.2 202.5 201.9 201 199.9 199.1 198.6 197.6 196.6 195.6 194.3 193.1 191.8 190.5 189.3 188.1 186.8 185.5 184.7 183.9 183.1 182.1 180.6 179 176.7 175.4 174.6 174 173.4 172.8 171.6 170.2 170.1 169.9 169.2 168.8 168.2 167 164.1 165.4 166.2 168.1 169.5 170.4 171.5 172.4 173.3 173.8 173.8 173.8 173.4 172.4
193.3 195.2 197.2 199.3 201.1 202.5 203.8 205.6 207.7 209.8 210.7 211.9 212.5 212.6 212.9 212.5 212.2 211.8 211.6 211.4 211 210 209.2 208.5 207.3 206 204.8 203.3 202.1 201.2 200.5 200.4 199.9 199.4 197.3 196.3 195.2 194 192.8 191.9 190.5 189.2 188 186.6 185.5 184.7 184.1 182.9 181 179 176.7 175.6 174.8 174.1 173.5 172.2 171.4 168.1 170.2 170.5 170 169.4 168.5 167 165.4 166 165.8 167.3 168.4 169.5 170.7 171.8 172.6 173.3 173.6 173.6 173.3 172.8
