WholeMapElevations/data/tq/tq30_OST50GRID_20230518/TQ30.asc
ncols 200
nrows 200
xllcorner 530000
yllcorner 100000
cellsize 50
[rows 37 to 73 of 200, columns 84 to 167 of 200]
65.1 70.8 77.3 81.1 81.9 84.3 83 82.3 81.7 81.2 81.2 81 81 89.4 97.6 104.1 108.3 108.6 105.2 105.5 111.1 116.6 122.2 126.1 126.7 125.6 122.4 115.7 112.5 113.3 116.6 120.8 123.1 123.8 121.8 117.6 112.2 105.8 99.1 91.5 82.8 77.9 82.2 90 90.6 83.7 84 100.8 110.5 116.6 121.6 125.1 126.7 122.4 115.5 103.8 86.6 71.6 65.6 68.7 77.3 84 87.1 90.2 88.6 84.2 76.7 72.2 79.9 98.2 109 118.7 127.4 129.3 121.6 107.1 104.9 120.2 119.6 105.7 92.4 107 112.7 110.7
74.2 81.3 86.3 88.7 86 85.5 84.2 83.3 82.9 82.4 81.9 81.9 81.2 89 98.1 105.2 110.5 111.8 108.3 107.7 113.5 119 123.9 127.5 128.5 127.4 123.5 118 117.4 119.5 122.8 125.2 126.2 124.5 121.1 115.7 109.7 102.7 94.4 85.4 79.9 83.9 93.9 98.8 97.6 90.3 84.2 100.2 113.2 120.6 125.8 129.1 129.7 125.1 115.8 101.7 84.1 70.3 66.5 71 81.2 87.8 92.2 93.9 92.4 88.9 84 76.3 83.9 100.2 115.3 129.1 139.8 145.9 145.1 133.8 131.7 140.7 137.6 116.4 117 128.4 126.9 120.8
83.2 88.8 93.8 96.3 92.6 86.6 85.4 87 90.1 91.7 92.2 88.6 83.7 90.5 99.7 106.7 111.9 114.3 111.8 109.9 115.5 120.8 125.5 129.3 130.7 129.2 125.2 122.5 124.1 125.7 128 128.9 127.5 124.4 119.3 112.9 106 96.8 87.4 82 83.6 89.6 99.9 103.9 102.3 95.9 88.7 101.1 110.7 123.1 128.8 133 132.6 127.6 116.9 98.2 81.6 70.8 69.6 72.1 81.6 90.1 95.5 98 97.1 93.2 86.7 80.2 88.9 106.3 122.2 135.6 151.6 160.3 161.4 159.4 159.1 162.3 156.9 144.6 141.7 146.5 142.2 127
88.4 94.2 99.4 102.7 103.2 102.9 102.6 102 101.1 100.8 98.6 93.2 86 91.8 101.6 108.4 113.5 116.8 115.5 112.4 117 122.5 127.1 130.7 132.4 131.5 128.9 129 130.3 131.6 132.2 130.9 127.7 123.3 116.8 109.1 100.4 89.3 84.4 90.5 96.9 96.7 103.1 107.2 106 98.8 94.6 101.6 112.7 125 131.6 135.9 135.9 130.6 117.6 95.8 79.4 73 76.9 75.5 81.7 91.6 98.4 102.2 101.9 97 91.1 84.5 92.5 110.2 128.4 146.4 161.4 167.9 169.5 170 171.1 172.4 170.1 167.9 167 163.6 151.8 130.6
90.6 97.2 102.2 106 108.3 109.1 109.7 109.8 109.6 107.7 104.3 98.2 89 92.7 103 109.7 115.2 118.8 118.8 115.7 118.2 123.7 128.1 131.9 134.4 134.1 133.8 134 135 135.7 135 131.8 127.6 121.5 114.2 103.7 92.6 86.6 94.5 101.4 105.9 106.2 105.6 110.9 110.1 103 103.9 103.4 112 126.4 135.7 140.1 140 134.6 119.2 96.9 80.3 76.4 81.8 81.6 82.9 93.2 102.1 107.5 108.1 104.3 99.3 90.6 96.3 114 134.7 155.4 166.7 171.5 171.1 171.8 173 174.2 175.8 176.3 176.5 171.8 154.6 127.1
80.7 96.1 103.1 108 111.4 113.7 115 115.2 114.1 111.7 107.5 101.5 91.9 93.1 102.9 109.7 115.1 119.3 121.3 119.2 119.5 123.7 129.2 132.8 135.8 137 137.4 138.6 139.4 139.1 136.8 132.8 126.6 119.3 110.1 99 91.9 90.9 101.5 107.9 112 112.7 111.2 114.4 115.1 109.5 110.6 112.7 110.8 128.3 138.2 144.2 144.9 139.7 122.7 98 82.3 78.7 85.1 87.3 86.4 95.2 105.4 114.7 117.6 116.5 111 98.6 107.8 120.9 143.2 162.6 171.2 173.2 170.4 168.6 170.2 172.2 174.7 177.2 178.6 174.6 158.6 130.3
74.9 85.6 97.7 107.2 112.7 117.1 119.1 119.2 117.6 114.5 109.8 103.8 95.6 92.7 99.6 106.6 113.5 119.8 123.3 123.6 123.5 126.2 130.9 134.9 137.8 139.9 140.7 142.8 143.4 142.1 139.2 133.6 126.4 116.3 105.6 99.9 95.6 92.9 99.9 109.7 115.2 118 118.2 119.7 120.1 118.1 118.4 120.6 120.3 128.8 141.1 148.1 149.9 144.8 130.4 108.7 91.1 82.3 87 92.5 92.5 98.2 112 123.2 130.2 132.1 128.2 113.2 123.1 136.7 153.1 170.5 176.7 176.8 173.5 168.6 162.7 167.4 171.2 174.1 177.2 177.4 165.6 146.8
81.4 92.9 101.4 109.6 116.1 120.1 122.4 122.6 120.4 116.5 111.2 104.9 98 95.3 101.5 107.1 111.7 118.5 125.1 127.1 128.4 130.3 134.2 137.4 140.2 142.7 145.2 146.8 147.2 144.8 141.4 134.7 126.1 115.5 108.9 103.5 100 98.3 100.8 106.2 116.4 121.7 124.2 125.8 126.6 126.2 126.9 128.7 131.2 133.9 145.3 151.3 154.5 151.5 143.7 122.3 102.7 92.4 90.5 100.4 101.7 108 120.8 133.6 142.5 147.8 147.8 135.3 141 155.5 171.3 179.5 182 180 176.1 170.2 161.9 159.8 165.2 170.2 173.8 177.2 176.3 167.9
90.5 102.4 108.2 115.1 121.5 125.1 126.4 125.9 122.1 116.7 110.7 104.1 99.9 101.8 107.2 114.2 118.6 123 128 130.9 133 135.2 138 141.1 144.7 148.1 150.3 151.4 150.6 148.2 143.6 136.6 127.4 119.4 112.7 107.4 105 105.7 108.1 108 115.6 124.1 129 130.9 132.4 133.1 134.3 136.3 140 145.4 150.8 156.3 158.8 157.5 152.5 139.7 121.6 108.9 99.9 111 116.3 116.7 131.9 145.4 159.2 167.4 169.6 161.4 164.6 175.3 183.5 186.3 185.3 181.9 177.1 170 161.6 151.4 156.7 163.7 167.8 172.3 175.7 177.5
107.6 111.5 117.5 123.6 127.3 130.3 130.9 129.4 124.6 117.2 110.5 108.4 108.8 114.6 118.9 123.6 128.2 131.7 134.3 137 139 141.3 144.3 147.5 151.1 153.4 154.9 155.4 154.5 150.5 145.7 138.7 130.6 123.4 116.5 111.8 112.6 113.5 116.4 117.1 116.1 126.2 132.2 134.8 136.9 138.4 140.9 143.8 148.2 152.7 157.2 161.2 163.8 163.8 160.9 155.9 145.1 129.1 117.2 124.7 132 136.1 146.6 165.9 175.1 180 183.4 184.5 186.2 188.2 190.2 189.7 187.4 183.8 178.4 169.7 160.7 151 146.2 152.1 159.8 165.1 169.2 172.8
118.9 121.6 127 131.2 134.2 136.7 136.9 134.3 129.7 123.7 120.6 121 123.6 126.8 130.8 134.4 137.4 140.3 142.5 144.6 146.4 148.7 151.7 153.8 155.8 157.8 158.6 158.3 156.8 153.2 148.2 141.9 135.2 128.7 124.3 121.7 122.8 123.2 124.5 125.1 124.8 128.4 134.7 139 141.6 144.6 148.7 152.5 156.4 160.2 163.5 166.7 169.2 169.5 168.4 165.9 162.4 153.2 141.5 144.9 155.2 164.1 167.8 178.8 184.8 189.1 191.4 192.3 193.1 193.5 193.1 191.3 188.6 185.1 179.5 171.2 163.7 155.9 146.7 139.2 146.1 155.2 161.1 165.9
128.3 131.2 135.1 139 141.7 143.4 143.2 141 136.9 133.7 132 133.3 134.7 137.1 140.1 142.8 145.5 147.5 149.7 152 153.4 154.8 156.4 158.1 159.7 160.6 161.1 160.6 159.1 156 151.3 147.2 141.7 137 133.5 131.7 131.8 131.8 132.1 132.5 132.5 133.1 139.1 144.3 149.2 153.7 157.8 161.1 164.4 166.9 169.4 172 173.9 174.8 174.3 173 171.5 170.3 167.9 169.8 173.4 177.7 181.9 186.5 192.1 195.1 196.5 195.7 195.4 194.1 192.7 190.9 188.3 185.1 180.4 174.4 167.4 159.5 151 141.2 133.7 141.7 149.7 155.8
136.4 139.6 142.7 145.4 147.4 148.5 148.7 147.4 145.2 142.7 141.5 142.4 143.8 145.3 147.2 149.4 151.4 153.5 154.7 156.1 156.9 157.7 158.8 159.9 161.2 161.8 161.8 161 159.9 157.7 154.9 150.5 147.4 144.4 142.1 140.1 139.8 139.7 139.6 139.8 140.3 141.3 146.5 152.7 158.8 163.2 166.6 169.6 171.6 173.5 174.8 176.2 177.2 177.5 177.5 177.1 176.5 176.3 176.6 177.9 180.8 185.1 189.4 192.9 196.4 197.6 196.5 194.7 193.2 191.8 190 188.2 186.1 183.4 180.3 175.3 169.2 162.7 154.6 145.3 135.8 128.3 137.3 142.8
143.6 145.4 147.8 150 151.4 152.4 152.5 151.6 150.4 149.1 148.4 148.8 149.8 151.2 152.2 153.6 155.1 156.3 157 158.2 158.6 159.1 159.3 159.9 160.3 160.8 160.7 160.3 159.6 158 156.1 154.1 152.1 150.1 148.2 147.1 146.8 146.6 146.8 147.1 148.7 151 156.1 162 167.5 171.9 175.3 177.5 178.4 178.5 178.3 177.7 177.4 176.6 176 175.9 176.1 177.1 179 180.2 184.7 189.1 193.6 197.4 199 197.7 195 191.5 189.1 187.3 185.5 183.1 181.3 179.5 177.1 173.8 169.7 164.5 157.5 149.1 140.1 128.9 129.3 138.1
148 149.9 151.5 152.9 153.9 154.2 154.3 153.4 153 152.2 151.9 152.1 152.7 153.8 154.7 155.6 156.2 157 157.1 157.3 157.3 157.3 157.4 157.3 157.4 157.5 157.5 157.4 157.1 156.6 155.4 154.6 153.7 152.9 152.7 152.1 151.8 152.2 152.9 154.6 157.6 160.9 165.5 170.2 175 179.5 182.1 183.8 183 181.9 179.9 177.2 175.1 173 172 171.8 171.9 173.5 176.2 180.3 184.6 189.8 194.5 197.8 198 195.7 191.2 185.2 182.3 180.3 178.8 176.5 174.6 172.8 171.7 169.6 166.9 163.1 158.3 151.2 143.2 132.4 121.4 125.9
150.8 152.2 153.3 154.1 154.5 154.3 154.1 153.7 153.1 152.8 152.4 152.6 153.4 153.9 154.2 154.5 155 155.3 155.2 154.5 154.3 153.9 153.1 152.9 152.9 153.3 153.3 153.2 153 152.9 152.7 152.8 152.9 153.6 154.5 155 156.3 156.9 158.4 161.2 165.4 169.4 173.9 177.7 181.6 185.2 187.4 188.2 187.4 184.1 179.2 174.4 170.4 167.5 165.5 165 165.3 167.2 170.9 176.9 182.9 188.7 193.3 195.9 195.1 192.1 188.3 182.7 174.6 170.8 170.6 168.5 165.9 162.9 163.4 161.9 160.9 159 156 150 142.4 132.8 120.9 116.5
151.7 152.8 153.4 153.9 153.9 153.1 152.3 151.6 150.8 150.3 150.3 150.3 151 151.4 151.7 151.8 152.3 151.8 151.2 150.4 149.7 149 148.2 147.7 147.8 148.1 148.4 148.8 148.7 148.4 147.8 148.5 149.1 151.6 153.6 156.7 158.2 160.4 163.5 167.2 172.6 177.3 180.8 184 186.8 189.7 190.6 190.6 188.3 184.6 178.9 169.4 162.5 160.3 157.3 156.4 156.4 159.8 165.5 171.9 179.6 185.7 190.1 191.9 190.6 187.7 183.9 180.5 175.8 166.1 157.8 156.1 151.9 147.9 146.7 147.5 150.4 151.3 150.7 146.1 139.6 130.3 118.2 114.2
151 152.2 152.8 153.1 152 150.6 149.1 147.5 146.8 146.1 146.1 146.3 147.1 147.8 147.7 147.8 147.6 147.3 146.6 145.6 144.3 142.9 142.1 141.4 141.6 142.1 142.4 143 143 142.6 141.9 141.6 143.6 146.7 151.5 155.3 159.1 163.4 167.6 173.3 178.9 183.5 186.3 188.8 190.4 191.8 191.8 190.9 188.2 184.3 178.8 172.5 162.8 152 145.6 144.8 146.4 150.8 158.9 167.3 174.8 181 185.1 187 185.4 182 178.5 176.4 174.3 167.4 158.5 147.8 140 134.1 130.9 130.4 131.9 136.7 141.3 141 137 128 117.9 112.1
148.9 150.5 151.3 151.1 149.9 147.7 144.7 142.4 141.5 141.1 141.3 141.4 142 142.6 142.9 143 142.6 142.1 141.1 139.9 138.1 136.4 134.8 134.2 134.2 134.9 135.7 136.1 135.9 135.3 133.5 133.4 138.3 144.8 149.6 155.5 160.2 166 171.9 178.2 184.2 188.8 190.8 191.8 191.3 191.3 191.2 190 187.3 184 179.1 173.3 166.4 158 144.3 132.2 131 137.1 151 161.2 169.1 175 178.9 180.4 179.5 175.5 171 170.8 171.8 170.2 165.2 157.4 147.9 140.1 133 126.3 118.6 121.1 126 131.1 131 125 116.7 108.8
146.2 148.4 149.4 149.1 147 144.4 140.6 137.2 135.5 135.6 135.9 136.1 136.6 137.3 137.7 137.6 137.2 136.5 135.3 133.5 131.3 128.7 127.1 126.1 126.6 127.6 128.2 128.9 128.6 127 125.5 132.9 138.7 144.3 149.6 155.8 162.3 168.9 175.9 182.7 188.7 192.5 193.5 192.3 190.8 189.5 188.6 187.4 185.8 183.3 179.1 173.9 167.3 160.5 150.8 135.1 124.6 126.7 140.1 155.1 162.9 168.9 172.3 173.2 172.3 168.5 162.7 163.8 166.8 169.2 168.6 165 160.5 152.1 142.9 133.2 122.6 114.3 110.6 116 121.3 119.5 113 106
143.5 146.1 147.4 146.5 144 140.4 135.9 130.7 129.2 130 130.5 130.9 131.3 131.8 132 132.1 131.7 130.7 129.2 126.8 123.9 120.5 117.3 118 118.9 119.8 120.3 120.5 120.1 118.5 125.9 131.9 137.6 143.5 149.5 156.2 163.1 171.2 178.9 186.2 192.1 194.9 194.6 190.9 187 184.8 183.3 182.7 182.4 181.3 178.4 173.7 167.5 160.1 151.6 138.1 121.4 119.5 130.4 148.1 157.5 163.4 165.7 165.7 163.9 160.3 150 155.8 160.4 165.3 168.4 169.1 165.5 160 152.2 142 132.3 122 113.2 104.8 107.7 109 105.7 103.5
141.1 143.6 145 144.1 141.4 137 132 126.1 122.2 124.8 125.5 125.8 126.1 125.9 125.9 125.9 125.6 124.3 122.5 120 116.8 112.3 109.2 110.1 111.8 112 111.8 112 113.6 117.4 123.5 130.2 136.8 143 149.9 156.8 164.8 172.5 180.2 187.6 193.2 195.5 192.3 187.5 180.1 176.7 175.9 176 177 177.4 175.9 171.9 166.3 158.8 150.7 136.2 118.4 115 124 142.7 152.9 158.4 159.4 158.4 156.1 151.4 138.6 146.9 153.4 159.2 165.6 169.8 169.1 164.4 157 148 134.7 125.5 113.7 103.8 98.4 98 102 106.6
138.5 141.2 142.5 141.6 138.7 133.8 128.4 122.5 115.9 119.6 120.3 120.8 120.5 120.2 119.9 119.8 119.4 117.9 115.7 113.1 109.3 105.4 103.1 103.5 105.2 105.4 108.9 113.4 117.8 122.5 124.8 129 136.6 142.8 149.7 157.3 165.6 173.8 181.4 188.5 193.7 194.9 191.5 185.1 168.3 160.3 164.6 166.9 168.9 171.2 170.8 168.8 163.8 157.1 149.6 134.5 115.9 111.5 120.6 138.9 148.8 153 152.8 151 148.4 143.5 128.9 135.6 145.6 154.4 161.7 168.2 170.7 167.1 159.5 149.4 134.1 122.2 107.6 100.7 96.1 100.4 109.5 116.1
136 138.2 139.6 139 135.9 131.2 125.5 119 109.9 113.9 115.6 115.7 115.1 113.9 113.6 113.4 112.9 111.7 109.8 106.7 102.6 99.4 98.1 101.2 106.6 110.9 114.7 118.5 123.1 127.6 131.1 133.4 136.5 143.1 149.8 157.7 166.5 176.1 183.7 190.1 194.8 194.3 190.8 183.3 166.2 147.3 144.4 146.8 154 161.4 164.3 163.2 159.8 153 144.9 132.5 113.1 108.6 118.8 135.2 143.6 146 144.6 142.5 140.1 135 119.7 124.9 138.1 148.2 156.9 165.7 169.7 167.4 159.7 148.8 132.5 112.8 101.9 95.1 97 108 117.2 124.8
131.6 134.1 135.9 135.7 133 128.6 122.9 116.2 106.3 107.3 110.3 110.6 109.9 108.5 107 107.1 106.7 105.7 103.8 100.6 97.1 97 102 108.3 113.3 117.5 121.2 124.4 128 132 135.6 138.4 142.4 145.5 151.3 159.5 169.7 178.2 185.7 192.5 196.2 195.8 191.9 184.1 167.6 146 134.1 132.5 137.2 144.2 151.3 154.2 151.1 145.8 137.9 126.5 111 104.8 115.1 128.5 135.5 135.6 132.3 129.6 129.1 123.3 111.5 115.1 129.8 142.9 153.2 163.1 168.4 166.8 159.1 148.8 124.4 108.2 96.7 93.9 102.8 113.4 120.6 127.3
127 129.2 131.3 131.9 130.1 125.7 119.9 113.2 104.8 99.6 104.8 105.3 104.8 103.6 100.8 101 100.7 100.1 97.9 95.3 94.7 100.7 107.5 113.1 118.1 122.2 125.6 129.1 132.3 135.9 139.5 142.8 146 150 156.1 165 174.5 182 189.1 194.7 197.9 197.2 193.3 186.4 176.6 153.6 137.6 125.9 125 128.9 133.7 135.5 134.7 129.9 122.9 115.4 106.2 100.6 104.7 114.9 120.8 120.2 113.8 108.9 111.6 109.4 104 109.7 124.5 138.2 151.3 161.5 167.4 166.3 158.5 145.7 122.1 104.2 92.7 95.8 104 112.2 118.8 125.5
120.9 123.3 125.8 127.5 126.3 121.8 115.7 109.4 102.1 94.1 98.9 99.7 99.5 98.5 96 95.4 95.5 94.4 92.3 91.6 95.2 102.7 109.4 114.8 119.4 123.6 127.5 131.9 135.8 139.3 142.6 145.9 149.5 156.3 164.8 173.3 180.3 187.1 192.6 196.8 198.9 197.6 193.6 187.4 179.9 169.1 149.6 133 120.3 117.6 118.5 118.7 117.9 114.3 109.8 105.4 101.9 99.7 97.8 98 105.2 105.5 101.1 97.7 97.9 98.8 99.7 110.5 123.6 137.4 152.5 161.6 166.5 165.2 158.4 146.6 127.4 106.9 93.1 91.2 99.8 106.5 113.4 120.4
113.3 116.4 119.6 122.3 121.7 117.4 111.3 105 98 90.2 93.6 94.1 94.2 93.5 91.4 91.2 90.7 89.3 90.3 94.4 97 98.4 105.5 112.6 117.6 121.8 127.1 132.3 137 141 144.9 149.4 155.9 165.2 172.3 179.6 186.4 191.6 195.8 198.6 198.9 196.9 192.4 186.4 178.9 170.3 157.5 137.7 124.2 115.2 114.1 114 111.4 109.4 108.4 107.3 107.6 105.3 99.2 96.5 95.3 94.4 92 90.2 88.9 92.9 101.6 113.9 124.9 140.6 152.9 160.5 164.7 162.7 156.4 146 132.4 115.7 101.3 89.3 87.9 96.7 103.7 110.7
106.1 109.5 113.2 116.6 116.3 113.4 107.5 100.1 92.4 86.1 87.9 87.9 88.5 88.7 87.3 85.6 87.2 93.7 101 106.8 109.6 106 104.1 106.7 112.4 119.1 125.7 131.2 136.9 141.7 147.4 156.1 164.6 171.6 178.4 185.3 190.5 195 198.1 198.9 198 194.8 190.3 183.9 176.3 165.3 146.8 131 120 121.6 125.6 125.8 124.2 121.4 119 115.7 110.3 105 102.1 100.6 100.1 98.1 95.6 91.7 88 89.4 102.7 114.1 126.7 141.9 152.2 158.4 160.9 159.3 153.3 144.5 133.1 120.6 108.9 98.1 88.6 86.4 94.5 106.6
96.9 101 105.3 109.2 111.8 109.4 103.3 95.1 84.8 80.4 80.9 80.6 83 80.8 83.8 85.9 92.4 100.9 108 113.4 116.5 117.1 115.5 113.6 113.9 117.6 123.2 130.5 136.6 142.9 152.6 162.3 169.6 176.4 183.1 188.6 193.3 197.2 198.8 197.9 195.5 191.5 186.6 180.2 171.6 157.6 137.9 124 125.3 133 135.5 134 132.1 128.2 122.2 114.2 110.2 109.5 110.9 112.5 112.6 110.4 104.3 93.8 86.9 89 100.5 113.6 127.4 140.7 148.9 153.9 155.7 154 148.6 140.2 130.7 119.5 109 98.6 90.4 86.2 96.1 109.3
80.4 86.8 96.3 102.2 105 105.4 98.8 88.1 78.4 77.2 80.8 85.5 88.5 92.3 94.9 95.1 92.9 102.7 110.7 117.3 121.9 123.8 123.3 122.1 121.6 123.8 127.8 132.3 138.9 147.5 157.6 165.9 173.2 179.5 185.4 190.6 194.9 197.5 197.6 196.2 192.5 188.1 182 175.5 165.6 150 133.2 125.7 135.8 139.6 141.5 139.9 134.6 127.1 119.7 117.3 120.1 123.6 126.8 126 122.1 114.9 104.7 94.1 86.6 85.8 96.4 110.7 124.4 136.1 142.9 147.2 149.2 147.4 142.9 135.2 126 115.1 103.7 93.8 86.6 86.2 97.8 111.6
65.3 67 74.4 88.9 100.1 99.8 94.9 80.9 75.8 83.1 88.4 93.3 99.2 104 107.3 105.8 99.7 99.8 111.7 119.4 125.2 128.5 129 128.8 128.6 130.5 133 137.7 145.6 154.5 162.5 168.8 174.8 180.4 185.4 189.5 194 196.6 196.3 193.9 189.4 183 176.6 168.3 156 141.3 130.5 137.1 147.4 154.7 153.5 144.6 132.7 126.2 127.5 131.6 134.8 136.6 136 131.7 122.8 111.1 100.4 91.7 85.7 84.7 94.1 104.9 118 128.5 135.1 139.3 140.8 139.6 135.1 128.4 119.5 108.7 96.8 88.5 84.5 89.2 100.3 114.3
63.4 64.5 66.3 72 89.4 94.3 88.6 75.7 76.8 86.2 91.9 98.2 105.4 110.8 114.4 114.3 109.7 102.8 109.7 120.1 126.8 131.2 133 134 134.3 136 139.2 145.7 153 159.6 165.8 171.2 176.2 179.8 183.6 187.6 190.9 192.8 193.2 191.7 186.3 179.3 167.4 157.4 147.8 144.7 144.5 149.3 159 163.6 160.1 146.7 141.5 139.1 143.4 145.3 146.8 145.8 142.6 135.4 118.7 106.6 99.4 92.8 86.3 84.4 88.1 98.5 109.4 118.4 125.4 129.9 132 130.8 126.7 120 110.7 100.4 90.5 84.8 83.8 91.3 103.6 117.9
67.9 65.8 66.4 67 78.4 88.1 81.1 72.8 81.2 89.4 95.8 103 109.7 115.1 119.7 120.5 118.3 112.8 108.7 118.3 126.5 131.7 135.4 137.5 139.1 141.4 146.1 151.8 157.9 163.8 168.1 172.7 175.5 177.9 179.9 183.4 186.2 188.2 189.4 188.4 185.4 181.2 173.4 167.6 163.9 162.5 164.5 167.8 172.5 171.8 165.8 160 158 158.3 160.8 164 162.4 159.3 151.6 140.2 128.2 119.7 110.8 98.8 89.2 84.3 85.2 94.4 99.4 106 113.3 118.8 121.2 120.5 116.6 110 101.3 92 85.6 82.7 85.3 93.7 106.8 121.7
76.5 73.1 67.9 67.4 70.6 81 74.7 71.6 82.3 90.6 97.9 104.6 110.9 116.5 121.8 124.7 125.6 121.5 117.2 115.6 123.1 130.7 135.2 139.1 142.4 146.4 151.3 156.6 161.4 165.5 169.3 171.3 173.1 174.3 175.9 178.5 180.7 183.2 184.9 185.3 184.7 183.2 179.9 177.4 177.3 177.2 179.5 180.6 181.3 179 176 174.3 174.6 175.4 177 177.1 175.2 170.7 163.7 152 144.1 134.7 123.3 106 91.9 85.1 83.6 86.7 89.4 95 97.7 105.8 110.2 110.2 106.3 99.4 92 85.6 81.8 82.2 87.5 96.9 110.4 126.7
83.5 79.7 74.5 67.5 67.8 72.2 70.4 74.4 80.4 86.3 95.1 102.8 109.7 115.7 121.4 126.1 128.8 128.6 126.3 124.1 124.6 130.4 135.8 140.9 146.1 150.7 155.5 159.8 163.8 166.3 168.1 168.6 169.3 169.9 170.4 172.5 175.1 177.7 180.2 181.3 183.3 183.5 183.7 183.7 184.6 185.8 187.3 188.8 188.6 186.7 185.4 184.7 184.5 184.6 185 184.5 182.4 178.4 173 165.7 156.8 147 136.8 115.9 96.4 85.4 82.9 83.1 83.2 82.6 86.6 92.8 97.6 98.8 95.7 90.2 84.5 80.8 80.2 82.5 89.1 100.2 114.8 131.8
90.4 86.8 78.4 70 67.5 69.4 70.6 74.4 78.4 81.5 86 96.3 106.1 113.3 119.5 125.9 127.4 132.3 132.7 132.9 130 133.5 139.5 145.3 150.3 154.7 158.5 161.8 163.7 164.4 164.8 164.9 163.2 163 164.1 166.2 168.9 172.1 175 177.6 179.7 181.4 183.2 185.6 187.7 190.1 192.1 192.9 192.8 192.3 191.2 190.6 190.7 190.6 190.2 188.8 186.6 183.5 179.5 174.2 167.4 158 143.6 122.6 101.7 89 84.3 81.9 80.7 79.3 78.7 79.2 89 89.2 87 82.3 79.1 79.1 81.1 86 95 106.8 121.6 138.9
