WholeMapElevations/data/nn/nn90_OST50GRID_20230518/NN90.asc
ncols 200
nrows 200
xllcorner 290000
yllcorner 700000
cellsize 50
[rows 105 to 139 of 200, columns 0 to 77 of 200]
392.1 384.4 373.4 354.3 348.8 346.3 334.6 334.6 334.6 334.6 338 350 364.3 372.4 374.5 373.4 369 364.4 354.8 343.6 334.9 338.4 338.4 337.5 334.6 347.6 351.6 357.9 365.1 372.1 377.1 380.9 385 391.4 392.7 390.6 387.5 381 366.3 350.8 330.6 313.8 308.4 308.8 314.3 307.8 302.9 296.6 293.7 292.9 292.9 295.5 305.3 318.6 330.3 337.3 342.4 344.7 341.1 331 316.5 314.6 309.7 304 297 292.9 292.9 292.9 292.9 292.9 292.9 292.9 292.9 295.1 315.8 329.2 341.6 350.6
382.9 372.1 360.7 349.5 341 341.6 334.6 334.6 334.6 334.6 334.6 334.6 351.3 358.5 363.1 364.4 360.1 345.6 334.6 334.6 334.6 334.6 334.6 334.6 334.6 334.6 334.6 334.6 343.2 352.6 356.1 361.5 363.9 367.4 369 369.5 369 363.8 355.8 341.6 336.1 318.6 315.3 303.1 299.6 298.3 293.8 292.9 292.9 292.9 296.5 309.1 318.9 329.9 341.6 348.9 351.8 353 350.9 342.8 328.3 318.2 312.1 307 305.7 302 292.9 292.9 292.9 292.9 292.9 292.9 292.9 292.9 294.4 309.1 320.6 328.3
366.7 356.2 348.9 344.7 334.6 334.6 334.6 334.6 334.6 334.6 334.6 334.6 334.6 338.4 344.6 346.5 340.3 334.6 334.6 334.6 334.6 334.6 334.6 334.6 334.6 334.6 334.6 334.6 334.6 334.6 333.2 337.6 338.1 343.7 346.5 349.5 348.5 349.1 345.4 342.9 333.8 322.3 310.9 304.8 295.4 293 292.9 292.9 292.9 302.7 311.7 322.3 330.9 339.3 347.9 356.1 359.3 360.3 358.9 352.3 344 335.7 324.6 313.9 306.7 304.1 298.7 292.9 292.9 292.9 292.9 292.9 292.9 292.9 292.9 292.9 293.2 301.5
344.1 339.8 334.6 334.6 334.6 334.6 334.6 334.6 334.6 334.6 334.6 334.6 334.6 334.6 334.6 334.6 334.6 334.6 334.6 334.6 334.6 334.6 334.6 334.6 334.6 334.6 334.6 334.6 334.6 334.6 328.4 315.2 319.3 325.1 330.3 332.1 329.9 329 328 324.2 320.2 313 305.5 298.2 292.9 292.9 292.9 295.9 304.8 314.5 324.6 333.8 343.4 352.3 356.7 359.8 364.2 363.9 362.4 357.9 352 343.1 333.7 322.7 316.2 312.4 306.5 300.9 298.3 293.1 292.9 292.9 292.9 292.9 292.9 292.9 292.9 292.9
343.1 348.4 348.4 348.5 345.9 344.3 338.2 343.8 337.5 334.6 334.6 334.6 334.6 334.6 334.6 334.6 334.6 334.6 334.6 334.6 334.6 334.6 334.6 334.6 334.6 334.6 334.6 334.6 334.6 334.6 324.2 305.9 292.9 300.2 305.2 312 307.2 305.7 301.2 294.5 294.6 294.5 293.6 292.9 295.9 300.3 304.9 310.5 320.7 329.4 338.2 348.4 357.5 363.7 365.5 366.5 367.7 365.7 362.5 359.1 353.6 346.6 337.4 330 322.8 317.6 308.3 304 297.3 292.9 292.9 292.9 292.9 292.9 292.9 292.9 292.9 292.9
360.2 361.3 360.2 356.8 354.2 348.6 353.2 355.1 352.5 346.5 338.7 334.6 334.6 334.6 334.6 334.6 334.6 334.6 334.6 334.6 334.6 334.6 334.6 334.6 334.6 334.6 334.6 334.6 334.6 336.7 322.3 311.6 312.9 308.5 297 292.9 295 294.8 299.4 302.3 305.2 308.7 311.4 311 307.3 317 323.2 326.8 336.9 344.8 353.7 362.2 369.6 372.9 371.6 371.9 371.1 367.7 362.7 359.2 354.9 347.7 340.1 332.6 324.5 317 308.8 302.2 298.6 301.2 299 296.6 292.9 292.9 292.9 292.9 292.9 292.9
374.1 373.2 370.5 368 364.5 358.1 361.4 365.5 362.1 359.3 355.4 350.9 346.3 343.6 334.6 341.1 339.5 338 334.6 334.6 334.6 334.6 334.6 334.6 334.6 334.6 334.6 334.6 334.6 340.5 319.6 323.6 318.2 316.2 315.4 314 313.9 313.5 309.1 317.7 321.5 324.5 326.6 325.2 314.5 330.4 336.4 342 350.7 359.7 366.6 372.6 378.6 380 377.4 374.1 366.6 364 362.1 357.8 352.5 344.7 337.9 328.4 320.4 311.5 306.6 306.4 307.7 307.4 306.7 302.6 299.2 295.5 292.9 292.9 292.9 292.9
388.9 384.7 379.3 375.2 371.1 368.5 368.1 374 371.4 368.1 363.6 357.4 351.8 347.7 346.5 346.2 344.7 342.9 342.5 339.6 334.6 334.6 334.6 334.6 334.6 334.6 334.6 334.6 334.6 336.6 326.4 324.5 327 325.8 325.4 324.4 324.8 326.1 324.8 327.6 333.1 335.2 336.8 337.7 331.4 339.5 347.4 354.6 361.5 368.8 375.2 379.8 382.1 381.1 378.4 373.5 368 363.1 359.7 354.8 347.7 339.4 329.7 323.7 315.2 319.2 314.8 317 317 315 313 308.9 306.1 301.8 298.2 296.4 292.9 292.9
402 396 389.9 384.2 379.9 375.1 372.7 379.1 382.1 379.8 370.6 361 356.3 353.2 351.8 350.4 350.1 347.3 345 340 334.6 334.6 334.6 334.6 334.6 334.6 334.6 334.6 334.6 341.2 334.4 335.1 337 337.1 337.8 336.3 335.8 336.7 336.2 336.6 343 344.7 347.5 350.1 347.4 345.6 355.4 363.3 371.2 377.7 381.3 384.9 385.1 382.2 378.8 372 365.4 360.1 356.1 350.4 342.5 339.4 338.2 329 329.1 329.7 327.5 326 324.5 322.2 320.3 315.5 311.1 309.7 305.7 300.8 299.4 298.2
412.6 407.6 400.9 394.2 386.6 382.1 380.2 385.6 390.1 388.1 381.6 371.5 363.9 358.3 356.5 354.3 352.5 349.6 343.9 334.6 334.6 334.6 334.6 334.6 334.6 334.6 344.8 349.3 344.9 334.8 343.8 344.8 346.5 348.8 350 349.8 347.7 346.5 344.6 347 352.6 356.6 361.3 362 362.8 362.2 362.7 373.7 379.4 385.1 388.5 390.7 391.8 385.7 376.1 370.3 366.4 360.9 358.4 353.2 352.9 350.3 343.8 333.3 339.4 339.3 338.1 336 333.5 330.2 327.8 323.6 321.6 320.7 318.4 316.2 314.3 311.2
423 418.9 407.6 398.9 396.6 394.5 389.4 394.9 400.2 396 388 380 370.6 362.4 360.8 357.6 353.9 348.9 344.6 340.1 334.6 334.6 334.6 334.6 334.6 348.9 354.2 359.4 358.3 355.5 354 355 357.1 359.8 360.9 362.9 362.6 359 355.5 357.7 365.3 372.5 376 375.6 375.3 376.7 375.8 379.9 388.2 393.2 397.6 401.6 398.3 390.4 382.3 377.4 372.9 368.3 365.2 363.6 361.5 357.2 351.2 347.2 350 350.3 349.7 347.8 346.6 343.3 339.9 335.9 332.6 330 330.8 330.2 326.8 321.5
432.1 427.9 420.6 411.1 406 404.9 399.4 403.4 407.7 405 396.4 392.2 382 369.9 364.3 359.8 354.8 351.2 348.9 347.4 345.6 338.4 334.6 334.6 336.8 352.5 361.6 363.4 364.7 362.1 363 363.6 367.8 370.5 372.9 373.9 376 375.4 372.3 372.8 381.8 386.8 388.3 388.9 388 389.9 389.2 388.2 396 401.7 405.6 405.3 403.8 398.9 395 387.3 379.4 377.6 374.7 373.2 369.6 365.1 358 359.8 360.9 361.6 361.3 359.8 358.9 356.5 352.7 348.3 345.2 343.6 344.8 342.6 336.9 330.7
442.3 435.8 430.3 425.2 417.6 415.1 411.7 412.3 417.9 417.2 411.7 409.4 392.7 379.4 371.2 366.5 360.7 356.4 354 352.4 349.9 343.2 334.6 334.6 346.4 356.9 364.5 366.8 371 365.9 369.3 371.6 378.6 381.7 385.3 387.3 389.1 389.8 390.1 389.8 392.5 397.4 401.6 403.9 406 405.7 402.4 398.9 404.6 409.9 412.4 415 415.7 412.3 408.6 398.9 392.5 388.4 384.9 382.3 378.8 374.2 370.5 370.7 371.7 372.5 372.9 371.8 370.9 369.4 366.6 362.2 358.9 356.6 355.6 352.6 347.1 339.2
447.9 445.1 443.5 438 429.2 426.4 422.8 421.9 427.7 428.5 427.3 421.5 406.1 385.1 377 372 368.2 362.9 359.1 357.3 354.1 346.7 334.6 334.6 350.8 363 371.2 371.2 378.3 373.7 378.9 380.4 387.8 393.5 397.6 398.8 401.8 404.2 402 400.9 404.1 408.5 412.7 416.3 419 419.2 415.9 415.8 417.6 420.7 425.8 428.8 428.6 428 420.6 410.6 405.9 401 396.8 392.7 390 385.8 384 383.5 383.3 384 384.6 384.3 383.5 383.4 380.6 374.5 368.7 364.8 359.7 355.5 350.5 342.1
455.2 453.9 451.4 446.8 440.4 435.1 432.4 432.2 434.2 435.6 432 422.6 412.9 397.6 382.7 377.8 373.7 368.8 364.8 361.4 357.5 343.9 334.6 334.6 355.4 369.2 379.1 376.8 385.6 381.6 387.1 390.3 397.2 401.8 404.7 407.9 410.9 412.5 413.5 412.5 412.9 417.4 422.7 426.4 429.7 431.2 429.3 431.4 432.3 432.8 436.9 439.2 439.6 438.1 430.4 423.7 418.7 412.5 408.7 405.2 403.5 400 398.6 396.8 395.8 396.2 396.6 396.9 395.1 394.3 388.2 380.5 374.1 366.4 361.2 354.3 345.6 335.5
460.7 460.8 460.2 455.4 449.5 445 442.3 442.4 442.9 443.6 438.5 431.7 426.9 411.5 398.4 385.2 377 373.1 369.2 364.8 357.9 350.2 334.6 334.6 358.7 372.9 385.8 380.5 391.3 389.9 395.1 401.8 407.1 409.7 413.2 416.2 417.1 422 423.7 424.4 424.9 427.4 432.5 436.5 439.8 441.6 441.5 441.6 442.6 442.9 445.1 445.3 445.7 444.8 440.8 435.6 433.2 428.5 425.1 421 417.5 414.2 412.4 411.5 409.7 408.1 408.2 408.2 405.3 398.5 388.9 379.8 369 359.5 354 345.5 337.3 328.3
466.8 468.5 469.2 464.5 458.6 453.3 450.8 449.7 449.2 448.8 447.8 440.1 432.5 419.6 409.2 396.5 385.3 376.3 372.1 365.1 353.9 334.6 334.6 334.6 358.7 376.5 389.1 387.1 397.8 397.5 402.6 408.8 416.8 421.1 421.2 422.1 425 429.7 432.8 436.1 435.2 438 441.1 445.1 448 449.3 449 450.5 451.5 451.7 451.6 453.2 452.9 451.8 449.4 446.8 444.6 443.2 439.8 436 431 426.2 423.4 419.4 416.8 414 413.4 412.6 408.2 395.5 383.5 372.5 362.6 352.9 344.4 337.2 329.6 319.7
472.9 473.3 475.1 472 466.4 460.8 456.1 458.1 459.2 454.9 454 447.6 432.8 423.2 416 404.7 393.2 384.6 375.7 362.5 349.4 355.4 346.5 334.6 354.3 378.7 392.9 393.6 404.6 402.4 408.7 415.7 424.1 427.2 427.6 429.5 432.8 437.9 441 443.2 445.7 446.3 448.7 452 454.2 456.1 456.9 457.4 459.6 459.6 458.6 459.2 459.7 460.3 459.4 457.9 457.2 456.2 453.6 448.7 443.5 436.9 433.1 428.3 421.9 413.8 411.8 406.2 398 387.3 375.1 363 352.9 344.8 336.5 327.9 318.9 310.5
478.7 479.1 479.3 477.6 475.4 464.6 460.1 458.5 463.3 459.1 456.1 451.1 435.4 425.3 419.6 409.2 397.1 388.3 376.3 352.5 363.7 363.9 354.6 335.3 340.3 374.2 396.1 403.1 407.7 406.2 412.4 419.1 423.7 429.3 434.1 436.4 440.6 444.9 448.7 450.2 452.4 453.2 455.3 458.4 460.7 462 464.3 464.3 466.8 468 467 469.5 468.9 468.6 470.1 471.2 468.8 468.4 464.1 458.9 453.6 446.9 439.8 432.8 427.1 420.3 406.8 399.4 385.2 372.6 360.1 352.5 345 336.5 327.1 317.1 308 296.6
485.9 482.5 485.9 484.6 481.6 469.6 457.6 449.7 459.1 458.7 453 444.4 436.1 427 420.8 410.4 398.2 383.7 364.1 373.2 374.1 370.2 362.2 349.4 334.6 364.4 388.3 403.6 410.1 408.5 414.1 419.9 423.7 429.2 435 440.8 445.1 449.5 454 457.2 457.6 458.1 460 463.2 465.2 468.5 469.7 470.7 473.8 474.5 476 477.3 478.1 478.3 478.3 478.4 476.4 475.2 470.9 466.7 461.4 453.9 444.4 435.1 427.1 415.4 404.8 393.7 385.3 370.8 354.4 343.4 336.4 326.6 317.8 308 295.8 297.1
492.1 492.6 494.9 497.7 487.8 479.1 465.4 462.5 449.9 443.5 446 440 433.4 425.6 417.1 407.7 393.8 369.2 376.9 384.7 383.1 378.2 370.4 356.5 334.6 349.5 374 394 406.5 408.8 414 420.1 423.7 429.5 435.8 440.7 445.5 449.6 455.2 458.5 461.2 462.1 464.3 467.5 468.6 472.1 474.5 476.2 478.9 480.6 481.2 484.3 486 485.7 486.5 486.8 486 484.1 479 476.2 467.5 458.1 446.7 434.2 419.3 407.4 392.7 378.4 368.6 360 348.3 336.7 328.1 319.2 310.7 296.9 297.9 307.1
497.9 504.5 504 508.1 503.8 493 470.6 462.7 456.7 449.6 441 436.7 428.3 422.2 414.5 400.4 384.4 386.7 391.5 391.6 390.2 385.5 376.7 362.4 342 336.9 353.2 372.3 390.6 400.7 411.6 418.6 423.7 431.2 437.4 440.2 444.4 448.9 453.5 457.4 459.7 463.3 467 469.3 472.5 476.1 477.7 480.3 483 485.4 487.2 490.1 491.7 492.1 492.1 491.7 491 489.8 486 479.1 469.8 458.6 445.2 429.7 414.4 397.7 379.8 368.5 358.9 348.7 339.6 330.5 321.8 313.4 299 299.3 310.4 318.3
504.8 506.6 511.6 514.5 511.3 502.4 485.7 466.5 453.2 450.3 436.7 431.8 422.5 414.5 407.4 394.2 385.2 393.9 398.6 399.1 394.3 388.9 379.3 369.4 356.5 334.6 334.6 348.5 363.6 378.4 401.3 416.4 422.5 429.3 434.5 437.2 440.5 444.7 450 453.5 457.8 462 467.3 471.3 475.9 478.3 480.9 484.7 486.8 489.5 491.8 495 496.5 496.6 496.7 493.9 491.2 488.7 482.9 476.2 464.8 453.4 438.6 422.9 409.9 390.7 372.9 357.4 348.4 339.4 329.1 321.3 313.3 299.8 301.6 310.8 322.1 333.4
509.8 515.3 517.6 516.2 513.4 507.7 492.8 476.4 460.7 448.1 439.3 429.6 418.8 412.7 401.6 390.1 401 405.9 408.6 405.7 401.2 393.2 381.2 372.2 367.3 359.8 352.1 347.2 346.9 370.8 391.6 407.5 417.4 424.1 428.5 429.5 431.7 433.4 441.6 449.8 456.1 463.8 466.8 471.8 476.7 480.3 483.4 486.9 488.5 491.6 495.3 498.6 499.1 498.9 498.6 493.4 489.2 484.5 478.7 468.6 458 445.4 429.4 415 402.6 385 367.6 350.9 336.8 329.4 321 312.1 301.8 304.1 312.7 320.5 332.5 345.2
514.9 518.9 521.4 519.5 514.5 510.1 499.6 480.5 462.4 450.1 439.6 431.2 421.6 409.9 398.5 404.9 413.1 416.5 416.6 413.6 407.5 399.6 388.4 382.2 377.3 372.4 369.4 361.9 344.8 359 376 391.9 403.6 410.2 411.3 408.3 419.9 432.8 443.8 449.7 457.2 461.7 467.7 474.3 478.5 481.2 483.7 487.3 490.9 493 494.3 497.4 498.1 498.1 496.9 491.3 486.1 480.3 472.1 462 451 435.2 419.5 405 392.4 376.1 357.4 345 332.5 321.7 309.3 305.2 304.9 312.9 320.5 332 346.4 358.9
518.1 523.5 525.5 523.3 516.8 510.2 502.2 482.8 463.5 450.6 440.3 431 418.1 404.7 409.9 417.6 423.6 424 423.5 420.4 413.4 405.6 399 389.7 385.1 382.8 377.9 370.5 346.4 357.9 367.1 378.1 386.8 388.7 403.5 417 428.9 439.5 447 453.5 458 461.6 466.5 471.5 479.6 483.1 487 491.4 492.8 490.5 490.3 491.1 491.3 491.5 489.6 485.9 479.3 471.9 463.9 454 440.2 426.5 410.6 396.2 381.7 364.8 350.6 337.9 327.1 315.4 311.1 314.6 311.3 319.9 330.3 343.5 358.2 370.2
519.4 524.2 526.9 524.1 517.6 511.2 501.4 483.4 463.7 451.2 438.5 425.1 413.3 417.4 421.3 427.4 432.1 433.9 432.2 427.4 420.1 413.1 406.5 399.5 393.8 388.1 384.9 377.3 355.8 347.8 362.8 365.3 385 399.3 413.8 426.3 438 444.3 451.4 455 458.5 461.5 464.4 468 471.1 478.6 484.9 490.2 490.9 485.5 484.1 483.8 484.5 483.4 480.4 476.8 472.1 464.3 454.9 443.6 430.6 418.4 404.1 391.1 376.5 357.4 342.4 331.8 321.1 310.2 320.7 322.6 319.1 327.5 339.5 352.5 367.1 381
521.1 522 523.2 521.7 517 510.4 501.3 484.3 464.6 450.3 433.9 430 426 425.3 429.9 437.2 437.6 438.1 437.1 434 428.9 422.5 414.8 407.8 398.6 392.9 386.4 378.7 362.3 347.9 358.7 371 387.1 405.8 420.9 434.6 444.2 449.4 453.6 455.8 458.7 460.3 461.9 464.3 466.7 469.5 473.8 479.8 480.1 477.7 476.4 475.8 476 474.7 474.7 470.9 465.4 456.7 446.4 433.8 420.7 408.9 396.3 384.6 369.4 353.9 340.5 328.5 315.3 322.6 329.5 330.8 329.4 333.9 347.6 359.8 374.1 387.3
521 521.5 521.6 519.1 515.6 507.2 499.1 484.6 467.6 452.6 441.7 446.7 438 428.9 438.9 446.6 449.1 445.7 444 440.4 436.3 433.3 423.6 413.1 405.7 398.1 389.9 380 367 352.1 355.2 370 386.9 408.2 424.6 437.6 448.3 453.1 456 456.7 456.6 457.2 458.2 459.9 462.3 464.9 467 468.4 468.1 467.5 465.6 464.9 466.4 467.5 465.5 461.3 453.6 445.6 436.3 425.6 414.1 402.8 390.2 376.4 360.1 347 335.3 324.8 310.9 332.2 337.5 339.7 339.6 331.1 352.4 365.7 378.7 391.7
520.6 520.8 519.9 517.2 512.9 506.9 495.1 482.4 468.6 451.9 457.6 455.8 451.3 444.9 449.8 456.8 458.8 457.1 450.8 447 443.5 436.7 431.3 419.8 410.6 400.3 390.6 377.8 373.3 364 351.3 368.6 385 407.2 424.1 438.1 449.3 454.3 457 456.1 454.4 452.2 452.7 454.2 455.9 458.6 459.6 459.7 458 452 449.8 449 454 456.2 454.1 450.6 443.9 436.6 427.4 418.4 409.2 398.8 387.7 370.3 353.4 337.3 328.7 315.3 324.1 340.5 349.2 350.7 349.4 344.3 354.4 368 382.1 395.2
519.8 519.3 518.4 515.1 508.1 500.9 489.7 476.3 469.2 469.3 468.7 465.7 459.5 451.5 459.8 464.9 465.6 462.1 458.4 453.2 446.3 440.3 436.3 426 414.6 404.9 392.8 384.6 377.8 363.6 359.2 358.4 377.9 400.3 416 434.8 445.9 452.3 454.3 452.8 449.8 445.7 441.8 443 444.3 444.6 445.5 446.3 445 438.3 434 434.4 443.6 445 444.7 440.7 434 425.9 418.5 411.7 402.8 390.6 378.9 363.6 345.5 332.6 318.2 320.8 337.2 352.3 361 361.5 357.6 353.4 354.5 369.3 384.1 396.5
518.9 517.2 516 511.4 504.2 490 481.8 481.7 480.1 477.1 476.8 473.9 466 462.7 470.1 472 471.1 467.4 462.5 456.8 453.6 450.7 439.9 432.7 418.6 408.4 395.5 385 379.8 375.8 368.8 353.4 371.4 388.2 407.3 425.1 441.8 449.9 451 449.5 446.1 440.4 434.6 432.3 432.2 433 433.5 433.1 432.4 426.5 421.3 420.4 432.5 435 433 427.6 420.9 413.3 407.3 401 389.8 378.4 366.3 352.9 341.3 319.4 323 334.7 350 364.4 371.4 372 368.3 362.6 353.7 370.7 385.8 396.8
517 515.7 512.7 504.2 494.9 497.1 490.7 489.8 488 488.2 484.5 478.8 474.3 472.1 475.1 474.8 474.2 470 466.9 465.2 461 455.3 446.9 435.2 424.8 413.7 402.4 391.9 386.7 385.2 378.4 364.6 356.9 377.3 398.1 415.5 435.8 448 449.7 448.2 443.8 437 430.6 421.5 420.2 421.1 421.7 420.9 420.1 413.9 407.4 406.1 416.1 419.2 417.6 412.3 407.7 400.9 393.2 383.2 374.5 362.7 352.1 343.2 330 323.8 323.6 346.1 360.2 371.7 380.6 383.1 380.4 375.9 366.5 371.2 387.5 399.6
514.5 509.6 510 511.6 510.7 503.9 502.4 502.2 498 498.1 494.3 486 480.9 478.5 481.6 482.3 481 478.4 474 472.1 464.6 459.1 450.1 438.3 431.5 420.4 411.2 402 397.7 396.1 387.9 375.6 359.7 368.5 389.2 409.4 431 446.4 451.3 450.6 448.3 443.2 435.6 426.7 418 402.3 408.7 406.8 404.6 399.6 389.6 390 397.5 401.2 401 396.2 391.2 386 377.3 365.7 355.4 345.7 336.1 324.7 332.3 335 327.4 348.9 366.1 379.2 387.3 391.7 390.1 386.5 377.4 377.2 384.2 401.6
512.2 512.6 516.1 513.4 514.2 515.8 515.1 513 510.8 507.5 504 498.4 486.2 483.4 487.2 488 486.6 484.2 481.9 475.3 471.5 464.4 455.4 438.4 435.1 432.5 421.9 410.5 407.9 400.2 391.2 378.9 361.9 367.4 388.7 409.7 430.2 446.8 451.7 452.9 450.3 445.5 436.8 427.3 418.5 408.3 389.3 393 388.5 383.7 373.8 375.1 378.5 383.7 382.9 378.3 371.7 365.7 359.6 351.8 337.1 339.2 342.7 345.4 346.7 347.2 334.9 344.9 366.1 385 395.1 398.5 398.4 393.9 389.2 386.5 385.5 403.9
