WholeMapElevations/data/nn/nn48_OST50GRID_20230518/NN48.asc
ncols 200
nrows 200
xllcorner 240000
yllcorner 780000
cellsize 50
[rows 70 to 104 of 200, columns 78 to 155 of 200]
741.8 738.4 732.6 724.8 717.3 711.1 713.3 722 734.8 753 776.5 790.2 798.6 813.5 820.2 821.4 824.4 827.1 828.5 831 823.2 806.2 794.4 779.1 768.7 741.8 717.2 688.5 665.7 624.1 602.3 574.6 550.6 518.4 497.7 473.8 458.7 441.4 428.8 414.6 406 392.9 389 379.5 367.7 359.6 355.6 351.8 356 359.8 360.4 356.6 357.4 360.4 362.9 363.5 362.7 361.2 358.5 362.6 366.5 366.6 363.8 349.1 342.4 343.3 343.6 342.4 336.3 332.4 334.3 334.3 311.4 298.4 287.4 280.2 276.3 272.5
737.9 733.9 729.2 721.6 714.9 709.2 700 709.7 721 735.8 754.8 770.9 780.3 795.3 802.1 806.4 810.2 807.6 811 820.4 810.7 795.1 798.5 780 759.5 733.7 702.7 659 629.7 598.3 575.1 549.6 525.8 501.2 479.9 459.7 445.9 429.5 417.5 408.2 401.5 386.2 372.3 368.8 363.8 362.2 366.1 368.3 369.7 369.4 367 368.8 368.5 369 370.2 370.8 369.4 368.5 367.9 374.1 377.3 377.7 376.7 355.9 350.9 345 343.1 342.2 340.8 343.2 344.7 333.5 306.1 292.5 285 278.3 276.2 267.9
733.2 729 723.4 715.8 710.5 704.8 699.6 693.6 705 715.4 732.6 750.4 761.5 775.1 785.9 787.7 789 784.7 793.6 805.2 796.8 791.2 787.6 771.2 744.1 717.6 681.7 644.9 602.8 570.5 540.9 516.1 498.3 479.1 462.5 446.6 428.5 415.9 407.1 399.8 392.5 378.9 373.1 373 373.9 376.3 382.4 380.2 374.3 374.5 378 379.2 381.2 377.3 376.4 377.2 375.5 375.9 377.2 393.2 393.4 395 372.1 353.5 349.9 348.4 351.9 348.6 349.7 348.5 344.3 325.2 303.6 286.6 280.7 272.8 270 261.2
730.8 728.2 716.7 710.8 706.1 701.4 694.1 682.2 689.9 697.1 711.5 731.2 743 755.1 768.7 768.8 767.9 770.3 779.8 785.7 784.3 780.1 766.8 750.4 720.2 691 651.9 619.7 574.5 545.5 517.3 499.7 480.1 461.3 445.9 429.4 415.8 405.2 398.2 390.2 378.8 373 372.7 377 384 392 395.6 381.5 378 384.1 388 391.2 395.1 393.1 390.8 385.9 385.1 385 394.2 397.3 393.5 384.6 368.3 348.7 352.2 353.4 353.3 352.5 352.1 347.6 338.8 322.2 301.9 282.5 272.7 267.8 263.8 251.8
728.5 722.4 712.4 704.8 699.3 693.8 686.3 677.4 675.8 681.9 692.3 712.7 727.3 740.4 750.6 752.9 754.2 756.1 767.6 767.9 771.8 766.7 744.9 733.1 693 653.8 617.2 586.1 555.6 528.3 499 477.3 461.8 445.6 429.5 416.8 405.8 398.4 387.2 377.9 373 372.9 379.3 389.5 395.3 395.7 390.2 384.2 390.9 394.7 398.6 407.3 413.5 409.6 406.1 403.1 399.1 395.4 399.5 395.2 389.5 384.1 364.9 347.2 345.7 348.3 354 352.5 352 343 327.6 314.1 300.1 281.2 271.8 263.9 254.3 246.6
724.8 713.7 706.3 699.8 691 684.4 677.6 668.7 658.6 670.1 676.6 696.4 706.7 721.4 733 736.2 738.7 748.1 754 757.5 751.2 741.1 723.3 714.8 676.8 628.8 601.6 577.4 544 509.9 481 462.1 446.8 432 418.9 406.8 397.8 386.9 378.9 374 372.6 382.6 394.8 396.6 397 396.1 395.8 395.9 399.7 407.4 415.5 421.1 419.3 416.8 412.6 408.2 401.8 398.9 396 393.8 387.5 377.9 366.8 349.1 339.6 344 347.9 350.7 344.4 328.5 315.1 302 284.8 281.3 268.9 257.3 246.6 246.6
717.3 706.7 700.7 694.7 684.9 677.3 671.1 664.8 648 658.6 661.9 674 689.8 704.3 722.6 722.8 729.8 733.5 744.4 743.1 730.3 715.3 698.1 680.7 651.1 623.1 585.1 564.3 529.2 491.3 466.1 448.5 433.8 419.5 407.5 398.2 386.8 376.2 373.8 378.8 385.4 392.6 397.9 397.9 398.1 401.4 404.2 404.2 410.1 417.3 421.4 422.8 420.4 417 410.2 402.2 399.9 395.3 395.7 389.9 383.5 372.5 359 343.7 340.7 336.5 333.9 334 328.2 318.8 302.2 289.3 285.3 276.1 261 246.6 246.6 246.6
708.9 700.4 693.7 686.4 679.1 671.5 664.1 657.4 647.4 646.1 653 666.3 677 691.2 705.9 711 718.2 723.4 728.8 723.6 712.1 691.6 661.5 643.4 627.1 601.3 571.1 542.1 511.6 476.8 453.8 437.9 421.9 407.7 395.7 386.4 379.7 375.3 379.2 391.4 392.5 399.6 402.1 399.7 405.1 409.7 410.5 411.7 415.1 420 421.7 419.1 417.7 409.2 401 396.4 394.3 389.9 387.2 381.2 369.1 358.8 344.4 338.1 338 339.4 326.6 322.1 317.4 308.3 288.5 283.1 275.7 265 249.1 246.6 246.6 246.6
703.3 695.9 688.4 681.4 672.7 664.5 655.7 648.5 643.1 631.2 645.9 656.1 663.8 682 692.2 699.2 705.6 709.7 712.2 703.2 687.4 667.8 651.2 631.3 628.2 589.1 551.5 517.4 488.2 458.2 442.9 427.9 411 397.7 385.7 380.7 377.3 379 386.6 395 400.5 402.5 400.7 407.9 414.8 416.2 416.7 417.2 417 418.7 416.6 414.2 407.9 399.8 393.1 388.2 384.5 380.5 379.1 372 362.2 347.6 335.8 332.8 334.7 334.4 320.1 305.4 299.2 289.2 284 272.9 262 246.6 246.6 246.6 246.6 246.6
700.2 690.6 680.6 672.7 665.1 658 648.7 639.8 636.7 622.1 632.6 642.2 648.6 666.1 677.3 686.7 692.6 695.9 698.3 705.8 696.5 675.6 645 626.1 614.9 568.6 537.7 493.3 465.4 447.2 435.5 413.6 399.4 386.7 382.3 378.6 377.8 377.8 390.2 399.1 402.6 401.2 406.8 413.3 416.5 417.7 415.8 412 413.5 414 407.9 403.2 396.5 389.2 382.9 380.5 378.2 374.2 371.2 362.7 349.9 342.3 330.1 330 327.9 324.8 315.9 295.1 286.8 280.6 268.1 256.1 246.6 246.6 246.6 246.6 246.6 246.6
697.6 685.3 674.9 665.6 657 647.5 641.7 635.8 629.4 618.2 625.2 632.3 640.5 652.5 665.3 671.2 679.9 688.5 691.1 695.1 685.8 659 627.7 612.4 591.7 547.4 510.4 476 452.8 437 421.1 401.3 388.6 384.1 382.8 380.1 379.7 383 396.6 397.6 398.9 402.6 410 413.1 410.3 411.3 409.9 407.5 405.2 401.4 397.1 394.3 386.7 379.5 376.8 373.3 369 365.8 358.5 351.5 339.4 333.4 325.1 317.4 316.2 312.8 301.2 283.5 274.2 262.3 249.8 246.6 246.6 246.6 246.6 246.6 246.6 246.6
693.3 676.9 665.3 657.6 649.9 642.5 636.8 631 624.1 605.6 618.4 624.9 633.5 647.4 658.3 663.9 677 680.6 677.7 682.2 663.3 625.7 601.5 585 556.7 526.4 483 454.2 435.7 424.1 404.1 392.4 386.2 383.6 381.9 382.4 384.9 391.8 396.7 396.5 401.5 405.5 410.3 408.7 407.7 405.7 402.5 399.3 397.1 390.5 387.5 382.3 376.9 373.3 367.5 363.1 362.7 355.1 349.3 338.8 333.6 326.8 316 310.7 304.3 292.2 281.9 267.8 252.5 246.6 246.6 246.6 246.6 246.6 246.6 246.6 246.6 246.6
689.8 672.9 660.8 650.8 643.5 637.2 631.4 625.8 620.1 598 604.7 618.8 628.9 644.2 658.3 658.9 673.5 672.7 661.7 647.7 616.4 586.7 574.9 550.3 516.2 490.3 461.1 436.9 424.1 407.4 395.6 387.7 385.9 384.1 383.9 385.1 387.4 394.2 395.9 397.4 401.3 405.2 405.1 401.4 400.1 398.5 394.4 390.4 388.2 380.4 377.3 372.9 372.3 363.3 359 357.4 350.2 342.9 337.5 331.6 328.1 320.1 303.7 301.5 285.2 279.6 264.6 246.6 246.6 246.6 246.6 246.6 246.6 246.6 246.6 246.6 246.6 246.6
686.5 670.4 658.6 648.2 640.2 631.7 625.6 621.2 611.5 595.6 596.7 612.9 627.1 641.2 655.4 653.1 658.5 660.4 638.9 612.1 592.9 560.4 547.5 534.8 497.4 465.7 442.7 423 408.7 398.6 390.4 386.2 386.4 384.5 385.3 386.2 386.7 388.9 391.7 393.4 397.6 399.6 396.4 393.9 393.5 392.3 385.7 380.5 376.3 372.3 368.3 369.4 360.2 356 352.6 345.3 338.1 332.2 327.7 326.8 322.5 304.1 292.2 284.4 273.9 261.3 246.6 246.6 246.6 246.6 246.6 246.6 246.6 246.6 246.6 246.6 246.6 246.6
680.6 666.5 654.3 643.9 636.5 627.6 622.1 611.4 602.3 579.8 591.4 607.9 618.3 641.5 650.3 649.4 641.1 636.2 614.7 585.7 560.2 531.5 523.5 492 467.7 440.7 419.7 406.2 400.5 393 387.5 386.2 385 384.7 385.5 384.1 384 385 389.7 392 393.6 394.3 391.1 388.5 386.9 382.6 375 369.5 365.2 360.1 361.7 359.2 350.4 344.8 341 333.1 329.8 325.6 318.8 317.8 305.9 287.4 280.3 265.3 248.2 246.6 246.6 246.6 246.6 246.6 246.6 246.6 246.6 246.6 246.6 246.6 246.6 246.6
677.1 661.5 649.7 639.6 630.3 620.7 613.1 599.2 584.4 568.2 586.1 600.9 614.3 638 642.7 636.8 622 598.4 565.8 537.5 518.4 502 489.4 463.8 437.2 418.6 400.6 394.4 395.2 390.9 387.8 387.7 386.5 385.8 383.6 380.4 381 385.2 388 386.7 387 385.4 381.6 381.4 378.9 368.7 364.8 358.5 352.2 350.8 353.1 350.6 340.6 336.9 334.4 329.1 323 315.9 311.5 302 285.6 275.8 262.5 246.6 246.6 246.6 246.6 246.6 246.6 246.6 246.6 246.6 246.6 246.6 246.6 246.6 246.6 246.6
678.5 658.3 644.1 631.6 621.6 610 598.5 592 566.6 559.1 578.2 592.7 605.1 627.7 628.4 626.5 597.9 572.9 540.9 511.3 484.6 471.1 453 432.7 416.1 400.2 392.8 394.6 394.3 388.8 387.6 387.1 385.2 385.2 379.5 376.3 375.9 384.7 380.3 377.6 374.9 372.7 371.9 369.6 362.8 356 356.1 350.8 345.4 342.4 343.7 339.6 337 333.2 327.3 323 317.7 306.9 297.5 285.9 275 259.3 246.6 246.6 246.6 246.6 246.6 246.6 246.6 246.6 246.6 246.6 246.6 246.6 246.6 246.6 246.6 246.6
670.6 654.2 637 621.4 608.7 596.3 588.1 573.8 563.7 550.5 570.7 583.8 593.8 617.5 616.2 606.8 567.7 545.8 524.2 481.8 453.8 437.4 426.1 411.8 397.1 391.3 386.5 390.4 388.9 384.3 387.8 386.7 385.1 377.9 375.5 371.7 375.5 374.1 370.4 368 364.5 362.7 362.7 355.7 352 348.9 346.2 343.6 339.8 333.9 332.3 329 328 325.8 322.5 313.4 304.2 294.2 284.5 279.5 267.6 249.2 246.6 246.6 246.6 246.6 246.6 246.6 246.6 246.6 246.6 246.6 246.6 246.6 246.6 246.6 246.6 246.6
667.1 644.5 626 612.9 596.6 579.3 572.1 559.6 546.7 542.8 567.6 574.3 581 602.4 596.6 584.2 551.6 521.4 484.4 468.3 429.3 420.8 409.7 402 394.5 388.6 380.7 379.5 379.5 378.9 384 382 377 375 373 368.5 367.1 363.4 359.5 359.1 359.3 353.7 348.2 344.6 339.6 340.1 339 336.4 330.9 325 323.3 322.8 321.3 319.5 312.2 301.8 290.2 285.7 281.9 271 267.5 249.6 246.6 246.6 246.6 246.6 246.6 246.6 246.6 246.6 246.6 246.6 246.6 246.6 246.6 246.6 246.6 246.6
658.9 637.1 617.6 599.2 581.3 564.6 557.6 547.3 533.9 538.3 552.2 554.5 566.5 588.2 571.9 550.8 527.2 498.2 448 427.5 415.8 406.1 405.9 398.6 390.7 388.4 379.2 373.5 372.1 372.7 375.5 372.4 372.1 371.5 367.2 362.1 354.9 353.1 354.3 355.5 348.2 341.2 332.4 335.9 332.5 332.9 330.6 328 318.9 315.9 318.6 317.2 311.8 305.9 296.1 291.1 288 281.9 274.3 270.9 260.8 246.6 246.6 246.6 246.6 246.6 246.6 246.6 246.6 246.6 246.6 246.6 246.6 246.6 246.6 246.6 246.6 246.6
651.3 625.5 607.2 586 564.5 552.6 543.7 535.2 521.1 529 537.9 541.5 551.3 562.9 539.6 515.8 490 459.6 431 418.5 409 407.6 409.1 391.8 387.9 380.2 378.1 373.8 365.4 363.8 367.4 367.2 368.2 363.4 357.9 353.9 350.2 348.8 348.7 347.3 342.9 335.3 323.8 328.8 327.7 325 321.8 319.8 309 309.6 308.4 305.4 298 290.3 288.9 287.3 282.4 278.4 270.8 265.3 246.6 246.6 246.6 246.6 246.6 246.6 246.6 246.6 246.6 246.6 246.6 246.6 246.6 246.6 246.6 246.6 246.6 246.6
639.1 621.8 599.5 575.6 552 538.3 528.1 524.6 508.4 516.9 528.4 530.2 539.2 527.3 517 489 459.6 437.4 418.8 409.2 401.9 393.8 392.9 384.2 376.7 375.2 372.3 369.8 359.7 357.7 364.2 364.6 360.7 354.1 352.8 349.4 344.6 342.7 343.4 342.9 332.9 330.1 320.1 316.6 319.3 318.8 314.9 310.4 305 303.2 299.6 298 289 286.3 284.3 283.1 275.6 272.5 260.8 246.6 246.6 246.6 246.6 246.6 246.6 246.6 246.6 246.6 246.6 246.6 246.6 246.6 246.6 246.6 246.6 246.6 246.6 246.6
630.3 612.8 588.7 566 535.9 522.7 514.7 511.4 496.1 512.1 517 515.9 523.2 512.6 491 467.5 435.2 421.8 413.6 410.1 406.2 399.1 384.3 376.9 367.9 363.2 369.1 358.6 354.2 355.3 353 356.5 348.6 344.4 343.2 339 337.8 338.5 339.4 334.8 333.8 324.3 317.6 308.4 307 309.6 306.3 305.6 299.3 299.3 289.3 283.8 281.2 282.2 281.5 274.3 269.1 258.4 246.6 246.6 246.6 246.6 246.6 246.6 246.6 246.6 246.6 246.6 246.6 246.6 246.6 246.6 246.6 246.6 246.6 246.6 246.6 246.6
622.3 596.7 574.3 552.1 520.5 506.3 502.3 497.5 487 504.2 509 508.5 502.9 482.4 455.5 434.5 424.9 421.2 419.5 410.8 406.8 398 383.5 373.7 365.3 358.9 352 342.9 338.5 345.3 341.3 340.2 334.8 335.2 334 328.6 330.1 331.5 331.1 331.8 328.1 324.1 313.9 302.9 299.4 299.2 298.1 294.5 289 282.5 276.5 275.3 274.3 275.3 269.7 263.9 252.1 246.6 246.6 246.6 246.6 246.6 246.6 246.6 246.6 246.6 246.6 246.6 246.6 246.6 246.6 246.6 246.6 246.6 246.6 246.6 246.6 253.7
602.4 581.5 567.2 539.4 508.3 490.3 489 483.8 476.5 492.9 504.8 497.4 483.5 446 431.9 427.1 424.2 426.2 417.5 405.9 401 392.9 378.5 368.7 368.3 357.1 349.3 341.4 333.1 328.6 324.6 322.7 327.4 325.5 326.5 323.9 325.3 323.6 325 327.9 318.3 317.3 312.3 303.3 293.8 291.1 287.8 285 281.3 276.4 269.8 268.6 266 264.9 260.8 249.2 246.6 246.6 246.6 246.6 246.6 246.6 246.6 246.6 246.6 246.6 246.6 246.6 246.6 246.6 246.6 246.6 246.6 246.6 246.6 246.6 256.9 259.2
597 580 560.6 528.4 502.9 479.3 477 472.3 471.5 477.6 483 459.5 442.5 434.1 430 426.6 426 421.1 409.4 396.3 394.4 388.3 375.2 362.1 361.1 357.1 350.6 345.9 332.9 320.3 311.9 311.6 313.5 313.5 312.7 311.2 311.5 315.2 315.5 315.1 314.2 312 305.7 297 286.6 283.5 280.4 276.9 274.3 268.5 265.3 261.7 261.7 257.7 246.6 246.6 246.6 246.6 246.6 246.6 246.6 246.6 246.6 246.6 246.6 246.6 246.6 246.6 246.6 246.6 246.6 246.6 246.6 246.6 246.8 258.1 262.2 267.6
595.1 578 560 515.8 490.9 472.7 466 459.2 461.4 462.9 454.7 444.3 440.4 439.4 432.6 423.5 424.3 413.6 402.4 390 384.8 383.3 370 358.7 354.1 352.7 344.5 336.3 325.8 316.6 301 302.5 305.3 306.7 303.7 300.5 300.3 303.4 305 308.3 306.3 304.8 289.8 287 282.9 278.1 272.4 270 265.5 260.7 259.9 254.6 248.3 246.6 246.6 246.6 246.6 246.6 246.6 246.6 246.6 246.6 246.6 246.6 246.6 246.6 246.6 246.6 246.6 246.6 246.6 246.6 246.6 246.6 259.6 263.4 269.7 273.1
578.4 560.1 529.1 506.9 484 467.9 457 453.5 452.1 454.3 451.8 447.3 443.5 434.5 429 419.9 419.9 405.7 394.5 383 377.8 373.1 368.8 349.9 343.2 342.3 332.4 326.1 319.1 307.7 297.3 290.8 299 299.6 300 290.9 296.4 298.4 300 302.4 295.5 286.3 285.3 285.7 283.6 280.2 265.9 258.6 256.9 257.3 253.6 246.6 246.6 246.6 246.6 246.6 246.6 246.6 246.6 246.6 246.6 246.6 246.6 246.6 246.6 246.6 246.6 246.6 246.6 246.6 246.6 246.6 253.7 260.4 267.1 271.3 275.5 280.8
555.1 539 519.5 496.9 472.5 463.8 449.4 444.3 446 449.3 453.7 450.1 429.1 423.7 414.1 413.2 410.3 398.1 386 377.9 366.7 362.1 351.5 340.8 334.3 332.2 329.1 323 314.5 302.8 294.7 289.5 287.1 290.4 296.2 282.8 290.1 295.1 297.1 292.8 281.4 277 279.3 279.9 279.8 268.2 257.4 247.3 246.6 246.6 246.6 246.6 246.6 246.6 246.6 246.6 246.6 246.6 246.6 246.6 246.6 246.6 246.6 246.6 246.6 246.6 246.6 246.6 246.6 246.6 246.6 254.8 261.1 268 271 276.4 280.7 283.9
544 540.3 512 484 468.3 451.3 443.2 436.2 441.7 452.6 452.4 437 412.3 404.3 407.5 407.3 394.6 388.9 373.6 362.7 355.8 351.5 340.6 329.4 327.2 331.2 328.1 317.2 303.3 295.4 288.8 282.2 274.7 283.8 285.4 279.5 280.3 286 286.3 283.3 275.5 268.9 268.8 267.7 257.8 252.9 253.2 246.6 246.6 246.6 246.6 246.6 246.6 246.6 246.6 246.6 246.6 246.6 246.6 246.6 246.6 246.6 246.6 246.6 246.6 246.6 246.6 246.6 246.6 246.6 255.4 260.3 270.1 271.4 275.4 279.9 283.2 287.7
529.7 522.1 487.4 467.7 454.7 442 433.7 434.4 442.6 450.5 438.5 414.4 395.7 396.2 397.1 390.6 375.9 366.7 362.1 356.5 348.1 343.5 332.7 322.6 327.1 323.7 318.3 305.6 297 290.7 284 278.9 270.1 269.8 270.4 268.5 269.7 273.7 273.3 272.6 266.4 261.3 257.6 252.8 246.6 246.6 246.6 246.6 246.6 246.6 246.6 246.6 246.6 246.6 246.6 246.6 246.6 246.6 246.6 246.6 246.6 246.6 246.6 246.6 246.6 246.6 246.6 246.6 246.6 255 260.3 264.4 272.8 276.6 276.1 279.3 285.1 293.9
504.5 479.4 461.5 448.6 443.1 434.4 426.4 430.1 442.3 442 421.2 400.7 384.9 386.6 387.6 383.2 365.2 360.2 351.1 348.6 343.5 337.7 326.5 316.5 322.9 321 306.9 297.7 292.6 283.9 279.6 269.8 260.7 259.1 253.2 257.7 259 259.9 257.9 258.1 256.6 249 246.6 246.6 246.6 246.6 246.6 246.6 246.6 246.6 246.6 246.6 246.6 246.6 246.6 246.6 246.6 246.6 246.6 246.6 246.6 246.6 246.6 246.6 246.6 246.6 248.1 250.3 252.9 259 264.2 268.3 274 279.9 282.9 285 291.6 303.3
468.2 457.2 448.2 442.9 434.8 423.1 414.4 423.4 422 416.9 406.5 387.9 376.7 377.8 372.2 364.2 358.8 347.8 341.5 338 337.1 333.7 320.7 311.9 316.2 312.2 298.1 288.7 282.1 276.4 268.1 260 249.5 246.6 246.6 246.6 246.6 246.6 246.6 246.6 246.6 246.6 246.6 246.6 246.6 246.6 246.6 246.6 246.6 246.6 246.6 246.6 246.6 246.6 246.6 246.6 246.6 246.6 246.6 246.6 246.6 246.6 246.6 246.6 246.6 253.3 254.9 256.7 260.2 262.9 271 274.8 277.8 283.6 288.5 294.1 301.5 307.7
449.9 445.6 441.9 437.3 422 416 411.3 411.4 406.4 407.2 385.6 371.5 365.3 363.4 358.8 353.7 346.7 338.5 333.3 328.6 325 320.5 312 306.7 308.6 301.6 292.3 284.3 278.5 268.4 257.6 246.6 246.6 246.6 246.6 246.6 246.6 246.6 246.6 246.6 246.6 246.6 246.6 246.6 246.6 246.6 246.6 246.6 246.6 246.6 246.6 246.6 246.6 246.6 246.6 246.6 246.6 246.6 246.6 246.6 246.6 246.6 246.6 253.1 257.2 258.3 259.8 261.6 264.5 265.3 273.1 278.1 283.4 287.7 294.8 301.4 306 322.3
439.7 436.9 433.7 423.1 411 404 390.7 392.6 387.6 381.1 365.9 357.5 354.8 351.8 348.2 345.4 339.4 332.8 322.2 318.8 318.7 313.3 306.3 300.2 298.1 290.8 287.1 281.1 271.7 259.5 246.6 246.6 246.6 246.6 246.6 246.6 246.6 246.6 246.6 246.6 246.6 246.6 246.6 246.6 246.6 246.6 246.6 246.6 246.6 246.6 246.6 246.6 246.6 246.6 246.6 246.6 246.6 246.6 246.6 246.6 246.6 246.6 250.9 258.2 262.8 262.8 263.6 264.7 267.1 272.1 276.9 281.8 287.7 293.7 297 305.4 312.1 331
