WholeMapElevations/data/sd/sd78_OST50GRID_20230518/SD78.asc
ncols 200
nrows 200
xllcorner 370000
yllcorner 480000
cellsize 50
[rows 0 to 34 of 200, columns 0 to 77 of 200]
339.3 345 350.1 354 356.3 357.5 359.9 362.3 365.3 366.7 370.4 372.3 374.2 375.7 377.2 377.9 379.8 379.8 379.3 379.6 378.2 377.3 375.4 372.9 370.3 369.6 365.4 362.1 360.8 358.3 353 350.7 345.1 335.1 322.2 316.7 306 298.6 288.5 281.7 274.7 268 262.9 257.4 251.9 247.2 238.2 234.4 228.8 227.9 221.5 217.6 212.6 209.1 202.6 197.8 196 196.3 196 197.6 199 199.6 200.1 200.9 205.2 208.8 211.3 210.8 203.3 204.3 208 210.5 211.8 216.6 224.3 231.6 237.4 242
341.3 347.8 352.7 356.4 359.1 360.9 364 367.1 371 374.6 378.2 381.6 384.6 386.7 387.1 386 389.1 389 388.2 387.5 386.6 384.6 383.5 380.5 381.6 380.4 377.7 374.2 371.5 369.6 365.9 362.5 357.7 353.2 347.1 338.4 328.6 317.7 308.7 301.1 297.7 289.8 284.1 276.5 268.2 263.1 257.2 254.2 248.7 241.1 236 232.7 226.4 220.8 214.4 208.9 204.9 197.1 196.9 196.2 198.5 199.6 200.1 200.6 200.8 203.3 206.7 205.6 202.6 203.2 203.6 206.9 209 211.1 219.2 226.5 231.9 236.2
343.1 349.4 354.8 358.8 361.8 364.2 366.7 371.4 377 381.2 386.3 388.8 392.8 396.3 393.4 393.2 400.4 402 402.1 401.9 401.6 401.6 399.1 391.8 390 388.7 388.1 385.9 384.4 383.2 377.4 374.6 370.3 365.8 358.8 354.5 345.3 337.7 324.8 315.9 315.2 311.7 309.1 300.1 289.9 282.5 276.7 266.5 264.2 259.5 251.6 245.5 239.6 235.2 228 219.3 214.7 213 212.4 207.1 198.6 199.6 200 198.3 201 201.6 202.2 202.2 200.4 201.9 203.5 204.5 205.8 208 213.9 221.2 226.7 232
343.9 350.4 355.4 359.9 363.3 367 371.2 376.9 382.2 387.2 391.6 395.9 399.4 402.6 402.6 405.4 407 408.8 409.1 409.2 409.3 409.4 408.3 406.7 405.6 404 402.5 398 395.8 394.2 391.5 388.7 383.1 376.8 373.9 367.9 359.8 352.5 342.6 331.2 329.7 326.5 325 321.5 316.1 298.2 295.9 283.4 282 273.4 268.5 260.3 255.5 248.2 243.3 232.5 227.8 224.3 225 219.6 215.9 205.8 201.4 200.6 201.2 201.7 202.5 203.1 203.2 203.4 204.3 202.1 205.1 206.4 208.5 214.6 221.9 228.2
345.7 351 355.6 361 365.3 369.3 375 381.6 387.4 393.1 397.7 401.9 405.6 407.9 408.9 411.4 413.5 415.3 416 416.7 416.4 415.8 414.3 414.1 413.7 413.3 411.6 409.4 409 403.3 401.1 396.4 394.2 392.8 387.1 380.8 374.4 368.8 360.9 350.3 342.7 337.5 335.3 333.8 331.8 326.6 318.2 305.9 297.1 291.3 285.9 276.7 273.8 263.6 258.2 251.7 242.2 238.1 235 233.4 229.1 219 210.6 204.8 202.6 202.6 202.9 203.7 203.5 205.4 204.7 204.9 202.8 206.4 207.5 208.8 216.1 221.7
346.5 351.7 356.8 362.9 367.9 371.6 378.4 385.5 392.2 398.3 403.5 407.4 411.5 415.4 417.4 419.7 421.7 423.1 424.8 425.6 425.4 423.3 420.6 420.2 420 419.8 419.1 418.3 416.9 415.4 413.5 410.1 406.8 401.4 398.7 395.4 388.4 383.3 376.4 368.7 357.4 348.3 345.9 343.6 340.9 338.1 334.2 326 318.6 309.5 304.9 299.1 293 285.8 275.2 265.7 255.9 251.6 248 246.3 240.3 221.9 225.9 219.4 215 209.7 210.3 209.1 211 211.2 210.3 205.5 205.8 205.9 207.1 208.3 210.7 213.8
345.6 351.4 358.1 364.4 369.7 375.2 381.7 388.7 396.5 403.2 408.7 413.2 417.5 421.6 424.7 427.6 429.9 431.4 432.1 431.2 430.5 429.5 425.6 427.6 427.6 427.4 426.1 425.1 423.8 422.2 420.8 418.1 415.3 412.4 408.4 401.4 399.6 395 388.9 380.9 372.1 364.1 357.1 350.5 349.4 347.6 345.7 339.6 333.9 327.6 319.2 313.7 308.1 302.4 293.4 287.6 276.1 267.8 261.4 257.3 250.1 242.5 238.2 231.5 224.9 220.3 217.8 217.1 217.1 215.6 215.3 207.5 206.5 203.9 207.2 207.8 210.2 211.5
344.3 352.2 359.2 365.8 370.9 376.5 383.3 390.1 398.8 405.8 411.7 417.1 422 426 429.7 432.9 435.9 437.8 439 438.6 437.6 435.8 432.8 433.6 432.9 432.4 432.3 431.5 430.8 429.2 425.7 424.1 421.7 418.6 417 413.4 407.8 401.7 398.1 393.1 383 376.3 370.6 365.1 357 356 353.8 351.8 347.3 341.5 335.9 328.8 322.4 319.1 312.1 304.6 295.5 282.1 276.1 270.1 254.8 258.2 251.4 243.8 236.3 232.2 228.5 228 224.5 222.3 221.6 221.7 213.7 206.7 207.1 207.5 208.6 209.2
341.5 348.9 356.6 364.4 371 376.9 384 392.1 400.2 407.4 414 420 425.6 429.9 434.3 437.4 440.7 443.5 444.5 443.9 443.3 442 441.4 440.9 440.6 440.4 440.5 438.6 436.4 433.5 432.4 429.8 428.7 426 423.5 420.8 416.8 412.3 404.7 400.7 395.4 387.6 377.6 373.5 370.1 365.4 362.1 360.3 357 354.2 349.2 344.9 337.3 330.4 324.7 320 312.7 303.5 294 287 278.6 275.1 266.6 259.2 251.8 244.4 241.1 239.1 236 229.9 232 232 223 217 212.6 208 208.5 208.7
336.2 347.4 355.9 362.7 370.2 378.2 383.9 392.8 401.1 408.7 416 422.4 428.3 433.3 437.8 441.7 445.4 448.7 449.7 448.8 448.5 448.3 448.3 448.8 449.7 449.9 449.3 448.7 447 442.9 441.1 439.4 436.6 432.8 429.7 427.6 424.3 420.4 413.2 408.5 403.4 397.7 391.4 382 380.1 374.6 370.8 369.4 366.5 364.7 362 358.2 354.9 350.2 340.2 332.7 325.6 320.3 311.5 291.7 295.4 289.9 283.2 278.8 267 258.4 254 251 246.8 241.4 243.2 240.4 231.5 229.4 224 222.7 206.1 208.8
328.3 340.5 352.3 360.5 368.6 377.4 384.7 392.3 401.8 409.8 417.3 424.3 430.6 435.8 440.9 446.1 449.9 453.8 455.3 454.9 454.4 454.5 456 457.5 459.1 460.4 460.4 459.4 457.8 455.7 453.9 451.4 448.4 444.4 438.9 434.9 431.2 426.9 423 417.8 407.9 403.6 399.4 394 389.1 381.7 379.3 377.7 376.4 373.5 370.5 366.6 363.3 358.7 353.3 346.6 340.6 331.9 325 303.4 308.1 303.6 296.8 291.7 286.5 278.2 272 264.2 256.2 253.7 250.3 247.9 244.1 238.9 235.5 233.1 222.6 219.9
317.5 333.5 345.3 355.9 365.7 373.9 384.6 393.5 402.9 410.6 417.1 424.6 432.7 439.4 444.8 450.1 454 458.3 460.8 461.2 460.5 460.6 462 463.7 465.7 468.1 469.9 470.1 468.9 466.9 464.6 462 458.2 454.5 450.3 445.1 440.3 435.6 431.1 426 419.7 411.3 407.2 402.4 398.1 392.9 387.6 385.8 384.9 382.5 378.5 373.8 371.1 367.2 361.9 356.2 349.2 337.9 323.6 311.6 320.6 316.8 310.2 303.5 299.2 294.4 287.7 278.8 271.5 263.8 265.2 259.6 253.4 247.8 244.2 246.3 243.9 235.8
315.4 325.9 337.3 347.3 359.7 371.8 382.8 393.2 401.8 411.2 420.6 428.9 436.3 442.4 447.9 453.2 457.7 462.3 465 465.4 465.2 466.1 467.1 469 472 474.5 476.7 477.4 475.7 475.6 474.3 472.1 469.7 465.7 461.8 457.6 451.2 446.2 440.1 432.7 427.3 421.9 415.4 409.2 405.8 402.2 398.2 393.7 391.3 389.6 385.7 380.3 376.8 374.1 370 364.8 359.7 351.1 338.9 326.3 329.8 326.1 322.6 319 309.7 304.9 299.8 287.9 287 282.3 278.3 271.9 268.4 257.2 254.5 255.1 255.1 253
313.7 322.4 332.2 347.5 355.5 364.8 377.8 389.5 400.6 412.5 421.5 430.5 438.9 444 449.2 456.6 460.6 465.4 467.6 468.9 469 470 471.2 473.4 476.3 478.9 481.2 482 481.8 480.7 480.9 479.6 478.3 476 473.2 470 465.1 458.5 451.3 442.6 435.9 429.6 423.9 415.5 411.5 408 406 401.7 397.2 394.4 391.6 387.8 382.1 378.7 375.3 370.9 366.5 361.6 352.5 343.9 336.6 333.9 332.9 329.2 321.3 314.8 307.8 304.6 299.7 296.5 289 285.9 283.8 274.2 269.8 266.2 265.1 261.9
309.6 317.2 328.2 341.9 350.8 360.3 373.5 385.5 400.2 412.2 420.5 428.2 439.8 444.8 451 458.9 463.1 467.9 470.7 472.7 473.3 474.6 476.3 477.8 480.4 482.8 484.9 486 485.9 485.6 485.9 484.8 483.2 481.9 481 479.3 476.8 472 464.8 455.9 446.8 441 433.6 427.8 419.1 413.9 411.9 409 405 400.6 398 393.8 389.2 384.7 380.6 376.2 372.4 367.8 363.5 355.6 348.8 343.6 341.5 337.6 333.2 324.5 316.5 315.3 313.9 310.7 304.2 298.8 295.9 293.1 287.9 281.1 278.4 274.7
303.2 312.4 323.9 336 343.3 356.3 367.6 378.6 392.5 406.2 416 424.7 436.5 444.8 451.5 459.2 464.6 470.2 474.4 476.4 477.7 479.6 481.4 482.4 484.2 486 487.6 489 489 489.4 489.8 490.3 488.5 487.8 486.9 485.9 485 481.9 477.5 471.1 463.3 455.4 446.1 439.4 433.1 424.9 420.1 415.9 412 407.7 403.4 399.7 395.2 390.9 386.3 380.8 376.4 373 369.4 365.7 361.3 356.6 351.8 347.2 342.5 335.9 325.7 316.8 321.8 318.7 314.4 310.7 307.3 304.7 302.1 296.9 293.9 289.5
297.8 306 314.6 325.5 334.4 347.2 361.1 372.5 385.5 396.7 407.3 419.8 429.9 440.8 450.3 456.9 465 471.9 476.3 479.5 481.6 483.8 485.9 487.5 488.1 489.8 492.9 494.5 495.6 497 498.7 498.5 497 496.2 494.8 493.4 492.8 490.8 487.4 483 477.6 471.6 464.1 455.6 446.9 439 431.4 422.8 417 413.8 410 405.2 401 397.1 393.1 388.7 381.3 378.1 376.4 373.1 369.2 364.2 359.4 354.6 350.2 344.6 338.6 329.7 333.5 328.8 323.7 320.2 315.7 314.1 310.7 311 306.9 300.7
290 300.7 308.6 317.6 326.7 336.3 351.2 364.4 376.4 389.1 402.2 414.6 425.9 434.8 445.6 455.3 464.2 472.2 476.9 481.3 483.9 487.5 490 491.9 494.7 497.4 499 500.5 501.2 502.1 502.7 503.5 503.6 502.4 501.2 500.3 499.1 498.2 495.4 491.9 488.6 485 479.7 472 461.9 451.4 441.6 431.1 422 420 416.6 412.3 407.2 403.3 399 395.2 390.4 385.5 383.2 380.6 376.8 373.1 368.5 364.5 358.4 354.1 351.1 347.3 343.6 341.3 338 329.8 325.5 323.1 321.3 320 317.2 314.9
285.5 293.9 301.1 310.4 319.7 328.2 340.7 356 368.1 380.7 394.9 407.3 421.3 432.7 440.8 451.9 460.9 471 476.3 482 486.5 490.6 493.5 496.8 500 502.5 503.5 503.4 502.9 502.7 503.2 504.9 506.2 506.3 508.4 508.2 504.1 503.4 502.4 500.3 498.3 494.8 490.3 484.5 477.5 466.6 456.3 444.6 433.4 426.4 423 419.8 415.8 410.2 405.2 400.8 396.5 393.2 391.1 387.3 383.7 379.5 377.3 373.3 368 362.5 361.1 358.3 353.3 352.2 348.6 342.3 337.4 332.9 330.2 328.3 327.4 326.8
281.3 288.7 297 304.7 314.2 323.3 333.4 346.1 360.5 372.8 387.6 401.9 416.6 429.7 440.5 445.8 455 465.1 474.9 480.3 488.1 492.2 496 499.9 503.3 505.2 505.4 505.2 504.7 503.8 504.2 505.9 507.4 508.3 515.1 514.3 512 510.6 509.2 507.4 505.7 503.1 499 494.4 488.6 481 471.9 459.2 447.7 436 430.1 425.9 423.2 419.1 413.5 407.5 402.3 400.2 398.9 397.1 394.4 389.8 385.2 381.6 378.2 374.5 368.5 368.3 365.2 363.3 360 357.8 351.1 345.8 340.1 336.9 336.9 337.3
274.1 281.7 289.1 298.7 307.1 316.6 328.4 339.1 350.9 364.5 378.2 391.9 407.5 423.7 431.8 440.5 448.1 459.2 469.6 476.7 485.2 492.4 496.5 500.6 504.3 506.1 506.5 506.8 506.5 506.7 508.2 509.4 514.1 519.2 522.2 522 521.6 520.3 519 516.1 513.3 511 507.9 504 498.8 492.3 485.1 473.5 460.7 449.3 439.4 433.8 431 426.2 422.4 417.3 411.6 407.3 404.7 403.9 401.6 398.8 395.3 390.8 386.8 382.9 373.8 377.8 376 373.3 370.2 367 361.5 356.8 354.2 349.4 350.3 348.8
269.5 276.7 283.8 291 299.6 310.3 320.3 331.4 341 352.8 367.5 380.9 395.8 411.7 425.4 433.5 442.3 453 462.7 471.1 480.3 488.9 494.6 498.8 501.8 505.2 507.4 508.6 509.9 511 516.8 522.2 526 528.8 531.4 533.9 533 531.2 530 527.7 523.2 519.8 515.9 513.2 508.7 503.7 496.6 488.9 475.4 461.7 448.9 440.7 437.4 434 430.1 426.6 421.2 416.8 413.7 411.3 409.6 406.3 403 400.1 396.4 392.7 388.3 384.3 385.1 383.7 381 379.4 374.9 369.3 369.4 364.1 353.5 357.8
260.1 269.4 276.4 282.2 292.6 304.1 311.4 321.7 334.4 342.9 356.4 371.1 384.1 398.3 415.4 427.2 434.8 443.8 454.2 463.7 474.5 482.3 490.1 495.6 499.6 503.3 507.4 510.3 512.5 517.9 523.2 527.5 531.7 534.8 537.8 540.7 541 538.9 538.1 537 534.5 531.2 528.3 524.7 520.4 514.6 508.9 501.1 493.1 478.8 463.7 449.5 444.4 441.4 436.7 430 427.9 426.1 424.4 421.5 418.4 414.9 410.1 405.8 401.6 398.8 396.3 393.3 392.6 392.6 391.8 389.4 387 383.4 379.7 375.3 371.6 369.6
251.9 259.7 268.6 275.8 284 291.7 304.7 315 322.6 336.1 349.5 361.5 375.8 388.9 400.7 414.4 427.9 434.2 444.9 454.9 466.1 475.4 483.2 490.4 496.2 500.7 505.3 509.9 513.6 522.2 525.8 530.8 535.8 539.5 542.9 544.9 545.4 544.6 543.3 542.2 540.9 538.7 535.9 533.6 530.9 528.5 523.4 517.2 507.9 499.3 483.3 466.5 454.4 448.5 444.1 438.5 432.1 432 432.9 430.8 427.5 423.7 419 411.2 405.1 404.1 403.9 402.4 401.1 400 398.3 397.6 394.6 391.4 390.5 386.4 381.6 380.4
245.5 251.8 257.2 268.5 277.2 283.6 298.1 305.2 316.3 329.1 341.1 350 363.9 377.5 387.6 400.4 414.1 424 432.3 444 453.9 466 473.5 483.3 490 496.2 501.3 506.4 513.6 521.7 525.8 531.7 535.7 540.4 544.9 546.4 547.2 547.6 547.1 546.9 547.1 545.4 541.4 539.4 538.6 538 537.1 532.9 526.7 517.4 507.1 491.4 474.2 462.3 454.1 445.4 441.7 440 438.3 436.5 434.6 430.1 425.4 420.5 416.9 412.1 412.3 412.7 412 409.5 407.7 405.4 401.9 400.9 400.7 398.7 394.1 391.7
236.5 244.4 249 258.9 265.4 275.3 286.7 295.2 305.4 318.2 330 339.8 352.8 366.1 378.4 389.3 400.1 411.8 422.5 433.1 441.5 453.3 463.7 473.6 482 489.3 495.4 500 506.8 517.7 523.8 528.9 533.7 538.8 543.4 546.4 548.4 548.9 549.7 550.9 550.4 549.1 547 545.9 545.3 545 544 542.5 538.3 533 525.6 514.8 501.2 485.2 468.5 458.5 452.4 451.8 450.1 447 441.4 434.4 429.1 427.9 426.2 421.5 422.8 424 422.4 419.5 418.7 417.2 416.2 412.3 412.3 409.7 407.8 406.5
233.5 238.2 240 250.5 258.5 271.1 279.2 289.3 298.7 308.9 319 330.5 342.2 354.9 365.7 374.9 388.5 398.7 407.4 416.7 429.1 438.8 450 460.9 470.1 478.5 486.7 492.3 498.2 507 515.8 524.7 530 535.2 540.6 545.1 548.4 550.5 552.4 553.2 552.8 551.6 550.9 550.6 550.2 549.8 548.7 546.5 543.8 540.1 535.3 531.3 522.3 513 499.5 480.7 469.6 462.2 458.7 454.6 450.5 441.8 436.6 433.2 431.9 429.5 429.4 431 430.6 429.1 428.7 426.6 426.5 428 426.8 426.7 423.5 420.5
223.4 226.5 230.6 241.7 250.4 262.8 268.5 277.9 287.6 297.3 307.5 316.8 329.3 338.7 350.6 365 374.6 383.3 392.4 401.2 413.6 426 436.1 445.7 457.8 467.4 476.1 483.5 489.9 497.6 507.3 515.1 524.2 531.6 536.7 541.7 546.5 549.7 552.7 554.1 554.4 554.9 554.1 553.9 553.6 552.5 550.7 548.6 546.4 545.1 542.4 537.7 534.4 528.3 521.5 513.3 501.5 486.2 472.6 464.7 457.8 453.6 451 447.2 444.1 442.2 440.5 439.2 438.6 436.3 436.2 436.6 437.1 437.5 437.1 436.2 434.2 431.2
212.4 221.4 225.2 233.4 241.4 249.6 256.9 267.2 275.4 286.4 295.4 301.6 313.8 321.3 332.8 345 358.5 368 378.4 387.1 400.8 412.5 422.4 430.3 440.1 454.3 463.7 472.5 481.3 487.5 495.5 505.1 513.7 521.3 531.4 536 539.9 544.7 550.6 553.1 553.9 554.7 553.7 553.5 553.7 552.7 550.5 549.2 546.5 545.3 544.4 541.1 538.5 535.6 532.3 527.8 524.1 517.2 499.4 487.2 473.9 468.5 462.1 459.9 458.7 457.8 455 452 453.1 451.3 447 445.6 446.7 447.7 447.5 446.4 443.6 439.4
208.9 212.8 216.7 221 230.4 237.7 251 259.4 269.6 274.9 281.8 291.2 299.2 309.6 313.2 322.9 335.5 351.5 363.4 374.7 387.7 397.9 408.1 418.5 427.3 436.5 448.8 459.7 469.5 477.9 485.1 492.4 500.3 510 518.5 525.8 532.4 537.7 542.4 546.4 549 550.8 550.7 551.6 551.7 551.3 550.6 548.7 545.8 544.6 543 541 538.2 537 535.2 533.8 532.3 528.2 522.5 514.2 501 489.2 485 477 473.2 472.5 471.5 468.1 468.1 467.7 463.5 461.9 460.8 459.9 459.1 457.3 456.4 454.6
198.4 201.3 203.2 215 221.9 230.3 244.8 246.8 259.5 263.6 271.5 280.9 290.1 297.4 303.1 309.3 316.9 334.1 349.9 361.5 373.6 385.1 396.2 405.5 414.3 423.4 433.1 443.4 456 465.6 475.2 481.9 487.7 495.7 504 512.5 518.5 524.1 530.3 534.8 539.2 542.1 543.9 546.3 547.1 547.1 546.1 544.8 543.5 542.2 540.3 538 535.2 533.1 532.6 533.7 534 532.9 530.4 526.4 521.8 518.4 514.6 508.4 505.3 500.5 497.4 495.6 492.4 485.7 484.2 480.2 480.6 478.1 476.3 473.1 470.7 469.3
190.3 188.2 198.3 205.4 210.5 222.7 232.9 237.2 246.4 252.1 258.5 267.9 277.8 290.5 297.8 301.5 307.1 319.1 333 346.3 359.1 370.8 382.9 391.7 400.2 408.9 419 429.6 440.6 451.1 460.6 470.3 477.9 484.7 491.5 499.2 505.8 511.1 517.1 521.3 525.3 529.5 532.9 535.6 537.3 538.3 538.1 537.8 536.8 534.7 531.9 530.4 528.9 529.1 530.3 532.6 535.4 536.4 534.3 530.7 528.6 524.6 521.7 519.9 518 514 510.8 508.8 505.8 503.5 501 497.3 493.3 490.2 488 485.5 483.6 481.6
180.4 180.5 188.6 199.6 204.8 215.4 223.4 229.9 235.9 242.8 249 253.2 260.6 271.1 282.6 287.4 293.7 304.2 314.8 331 345 358.1 368.9 379.4 388.9 394.8 405 414.9 425.8 436.2 446.3 455.6 463.7 470.3 478.3 485.4 492.1 497.9 504.2 508.7 513.1 517.5 520.4 522.9 524.8 526.2 526.1 526.6 526.8 527 526.9 527.2 527.2 527.9 529.9 532.4 534.9 535.6 533.1 529.9 526.9 523.4 522 521.2 520.8 519.6 519 517.1 514.4 511.9 510.1 506.6 502.3 499.3 497.4 494.9 491.8 489.2
179.1 179.9 183.4 191.9 197.6 208 219.1 223.9 229.7 235.1 237 243.1 247.5 255.3 263 268.9 277.8 289.7 300.3 313.4 328.6 342.6 355.8 366.3 376.6 384.9 391.7 401.3 410.2 421.6 430.8 438 449 456.2 464.3 471.3 478 484.5 489.9 494.7 499.6 504.6 507.5 511.2 513.5 515.5 516.7 518.4 519.7 521.2 523.1 524.4 525.4 526 527.2 528.7 529.4 529.4 527.4 526 524 522.6 521.3 520.4 521.4 521.1 521.1 522.1 520.4 517.2 514.6 511.4 508.7 506.4 504.3 502.2 497.9 494.3
177.5 175.2 181.7 187.9 191.2 203.8 209.2 214.5 220.5 225.2 228.7 232.3 236.1 241.8 249.6 256.7 266.3 275.6 286.9 298.7 313.9 323.3 339.9 352.6 364.2 375 382.1 389.7 398.6 405.9 414.3 424 433.7 441.3 448.4 456.5 463.2 469.5 475.2 480.5 485.6 489.6 494.4 498.2 500.9 504 506.3 509.1 511.3 513.8 515.8 517.4 518.7 519.2 519.2 520.8 521 521.7 521.7 521.8 522.1 521.5 520.1 519.8 520.4 520.5 520.7 520.2 519.4 518.2 516.9 514.5 513.2 511.1 508.8 505.1 500.6 497.6
