WholeMapElevations/data/nz/nz80_OST50GRID_20230518/NZ80.asc
ncols 200
nrows 200
xllcorner 480000
yllcorner 500000
cellsize 50
[rows 108 to 143 of 200, columns 0 to 80 of 200]
132.3 130.3 128.8 128.1 128.8 131.4 131.8 130.8 129.2 126.1 121.9 118.8 116 116 117.7 118.4 119.4 118.2 115.8 109.5 107.7 106.4 104.9 101.5 105.4 104.9 105.9 105.9 106.6 107.8 109.1 111.7 112.6 114.3 115.1 115.7 114 109.5 100.1 90.3 83.8 73.7 60.7 54.9 50.4 46.1 42.6 40.6 38.6 38.8 37.8 39.4 36.6 37.9 51.3 67.5 83.8 94.7 98.5 99.8 97.3 91.3 89.7 92 81 76.8 91.6 103.2 111.8 120.7 133.1 145.6 152 158.6 165.1 172.5 179.2 184.7 189 192.5 195.4
138.1 136.4 135.1 135.6 137.9 140.1 139.4 137 133.8 128.4 124.1 121.6 119.7 121.3 123.7 127.2 129.2 129 124.6 119.8 116.2 113.9 112.1 110.4 110.5 112.3 113.8 115.6 116.7 117.1 118.4 119.8 120.3 119.3 119.3 119.6 116.8 110.1 98.6 88 79.7 67.6 56.9 51.1 46.5 42.8 40.6 39.1 38.8 39 36.7 38.3 35.4 45.8 62.8 79.5 93.7 103.7 107.8 109.6 109.5 104.5 98.8 96 95.3 89 81.2 98.2 106.1 114.9 122.2 131 143.8 151.9 159.1 167.8 175.8 182.1 187.1 190.4 193.4
146.3 144.2 144.7 146.3 148.4 148.1 148.2 144 137.1 131.4 127.7 126.2 125.3 126.3 129.8 133 133.3 132.7 130.4 128.8 124.6 120 117.2 115.5 116.2 118.4 120.6 121.6 122.2 123.2 125.7 128.3 126.4 125.4 125.1 124.3 119.8 112.1 98.7 87.6 78.2 63.1 53.8 48.5 44.1 41.7 40 39.8 42.6 37.5 33.2 37.3 46.2 59.1 73.9 90 103.9 111.3 114 115.7 116.4 114.2 109.5 104.8 102.3 99.6 97.7 88.4 98.1 107.5 116 119.3 131.9 146.2 156.7 164.4 172.8 179.1 184.3 188.3 191.7
150 149.8 152.3 153.3 153.6 152.9 152.3 148.3 141.1 135.6 132.9 131.8 129.8 129.5 132.4 133.4 133.3 132.8 132.4 130.9 128.1 124.5 122 120.4 120.9 121.8 123.6 124.8 125.8 127.6 130.8 133.5 132.2 131.3 130.1 128.8 123.6 113 98.7 84.5 75 62.2 51.9 46.8 43 41.3 40.2 39.6 39.5 37.5 36.8 46.4 60.1 72.4 86.6 101.1 110 114.9 117.7 119.6 121.5 122.2 120.2 117.6 111.7 107.1 106.1 99 97.2 99.1 103.6 110.9 130 147.8 153 160.7 169.4 175.1 180.8 185.3 189.1
150.2 153.1 155.2 154.5 153.2 151.9 150.3 148.6 143.7 143.3 141.7 139.4 137.5 134.4 133.7 134 133.8 133.9 134.1 133 131.1 128.6 126 125.1 125.5 126.1 126.5 127.9 128.7 131 132.5 134.5 134.9 133.9 133 131.3 124.8 114.4 101 84.6 72.3 60.3 50.6 45.5 42.1 41 40.7 43.7 38.9 33.2 40.7 57 71 83.5 96.5 106.4 113.3 117.2 120.4 123.3 125.2 127.1 127.3 127.6 127.5 123.3 116.2 113.2 114.1 112.5 111.7 107.8 122.9 138.1 145.6 154.8 164 170.6 175.5 180.5 185.1
147.8 152.5 155 154.4 153.5 151.7 150.2 148.3 147.7 151.5 150.1 148 145 142.3 140.7 139.3 137.6 138 138.6 139.8 137.8 134.6 131.5 130.8 132.1 132 131.2 132.6 135.1 135.9 135.3 135 134.5 133.4 133.2 129.5 122.6 112.5 100 82.5 71.5 59 49.7 44.9 42.6 42.2 42.1 43.3 40 36.2 46.7 63.1 77.4 90.6 99.5 107.2 112.7 117.6 122.8 127.1 130 132.5 134 134.3 134.8 133.4 132.5 132 130 127.9 123.7 119.3 115.3 119 135.2 147.4 155.4 162.6 168.5 174.6 180.5
144 149.3 152.4 155.7 156.2 156.1 154.5 151.9 150.2 153.3 153.2 151.6 150 148.2 147.1 147.7 145.5 145.7 146.4 148.3 145.7 141.3 140 139.9 140.8 139.2 137.9 140.1 142.5 143.6 139.7 136.8 134.4 131.5 127.3 125.5 120.5 109.5 99 77.4 60.9 57.3 48.7 45.2 43.7 43.1 43 41.2 39.6 39.9 52.1 67.2 81.1 92.4 100.7 106.5 111.9 118.3 125.3 129.8 134 137.5 139.7 140.9 141.4 142.5 143.4 144 144.3 143.9 145.7 141.7 132 126.3 124.9 134.7 145.9 154 161.7 169.1 175.6
142.8 147.6 153.1 158.3 161.2 161.2 158.9 156.1 152.7 153.7 154.6 153.3 152.1 150.7 150.5 150.7 150.3 150.4 150.6 150.1 149.2 147.4 147.3 147.8 146.8 145.5 144.5 145.1 145.9 146.8 143.5 135.8 131.6 128.8 127.6 119.3 115.5 105.2 94.9 70.8 54.8 49.6 47.2 44.7 44 43.8 45.2 41.2 38.8 43.4 56.3 71.5 86.2 95.5 100.7 106.6 112.8 119.1 126.3 132.5 137 140.4 142.9 145.4 148.2 151.3 154.3 156.1 157 158.3 158.9 156.2 153.6 145.5 137.9 136.9 136.9 147.2 155.3 163.6 169.8
144.2 147.8 153.7 161.5 167.6 167.2 163.6 160.3 156.2 155.1 156.3 155.1 154.2 153.3 152.8 152.5 152.3 152.4 152.4 151.6 150.7 150.8 151.1 151.2 151.2 150.3 148.9 148.2 148 148.7 145.8 136.7 128.8 126.5 124.1 117.9 110.3 100.4 88.7 71.1 51.5 47.2 37.4 36.9 41.1 42.6 47.9 40.4 35.2 50.4 61.3 76.8 92.3 98.6 103.6 109.8 115.1 121.5 128.7 134.2 137.8 141.3 144.4 148.2 153.1 160.2 165.5 168.7 169.1 169.8 170.7 171.5 170.1 165.3 158.3 153.2 148.7 141 147.4 157.9 162.6
145.6 148.6 153.9 163.1 170 170.7 167.7 163.8 159.9 160.1 160.1 159.1 157.9 156.3 155.6 154.9 154.4 154.6 154.1 153.3 152.8 152.8 153 153.5 153.4 152.9 152.2 150.5 149.2 149.1 145.6 137 128.4 125.4 121.3 115.5 106.2 95.3 83.1 68.2 49.1 41.6 41.2 40.8 39.2 38.9 39 37 50.6 59.7 70 83.9 96.5 101.9 108.3 115.5 121.6 126.1 130.9 135.2 138.7 142.1 145.4 150.6 159.8 168.9 176.1 179.5 179.5 179.6 179.7 180.2 180 178.7 176 173.2 167.3 159.8 158.2 159.4 159.1
148.1 151.4 155.8 162.5 167.7 168.9 167.2 165.3 163 164.8 164.8 163.3 162.5 160.8 160.5 158 157.3 157.2 157 156 155.2 154.8 154.7 154.9 154.7 154.7 154.1 151.6 149.7 148.7 145.3 137.3 127.7 123.5 119.1 113.1 102.7 91.1 77.5 65.5 48.4 41 41.9 42.7 41.6 43.4 40.9 52.4 60.3 69.5 78.1 89.8 101 105.9 111.8 118.3 123.6 128.7 133.3 136.7 140.1 143.8 148 154.6 165.7 175.6 183.1 186.6 187.5 188.3 188.1 189.5 189.8 189.7 188 185.6 182.4 177.7 176.2 176.9 175.2
151.5 155.3 158.8 163.4 167.1 167.9 167.1 166.5 165 165.5 166.6 166.7 166 166.3 168.1 167.3 166.4 164.6 162.1 160.1 158.4 158 157.4 156.7 156.1 155.5 155 151.7 149.9 147.8 144.1 135.8 127.6 122.4 116.9 108.5 98.2 84.8 72.9 60.8 47.5 41.7 43 44.9 47.6 50.1 52.9 54.8 65 74.4 83.9 93.4 103.1 109.3 114.1 119.2 124.9 130 135 139 142.5 146.7 151.7 159.9 170.8 180.6 188.8 193.9 193.9 194.3 195.2 196.6 198.1 198.4 197.8 196.5 194 190.7 189.2 190.3 188.7
155 159.3 163 166.6 168.7 169.1 168.4 167.8 166.9 166.5 167.4 167.6 167.7 170.7 174.3 176.6 175.7 173.6 171.9 170.7 168.4 165.4 162.9 160.2 157.9 156.4 155.1 153.1 150.3 147.3 143.4 134.7 127.2 120.9 114.7 105.4 95.7 81.6 68.3 57.5 47.6 40 43.2 46 51.2 54.3 60.5 66.1 62.8 74.7 83.1 95.2 103.7 110.5 115.3 120.3 126 131.2 136.9 141.4 145.4 150.2 156 165.7 175.3 184.1 192.3 197 197.8 198.9 200.4 201.9 203.6 204.9 204.7 204.4 203.2 201 199.5 200 198.3
160.7 163.4 167.4 170 171 170.9 170.5 169.7 168.8 168.2 167.9 168.3 169 172.7 178 180.9 179.8 177.2 176 174.9 174.8 174.7 173.3 169.1 162.5 158.4 155.5 152.7 149.9 148.5 143.2 133.8 126.6 119.8 112.2 104.3 93.4 76.1 67 55.3 47.1 39.1 43 45.2 50.6 57 63.5 70.6 75.4 70.8 85.1 98 106 111.8 117 122.2 127.9 133.9 139.6 144.1 147.9 153.8 160.4 169.5 177.9 186.9 194.4 198.1 200.7 201.7 203.4 205.4 207.4 209.5 210 210 209.3 208.7 209.2 208.6 207.2
164.2 166.4 170 172.8 174.3 174.6 174 173.1 171.5 170.7 169.8 169.1 169.7 174.1 181.1 184.2 183.2 181.1 179 177.3 176.9 176.1 175.8 174.3 167.8 161.2 156.9 151.2 149.2 147.8 142.2 132 124.8 118.2 111.2 103.4 90.3 74.1 63.7 53.8 47.2 42.7 42.7 44.4 49.2 56.4 64.9 74.9 85.8 89.5 82.9 100.8 106.8 113.8 118.9 124.2 130.2 136.2 141.1 145.4 149.3 156.1 163.7 172.1 180.3 188.5 195.3 199 201.8 204.6 206.8 209.3 211.8 214.3 214.7 215.2 215.4 214.9 215.3 215.7 214
165.3 169.3 173.6 180.5 183.3 183 184.1 182.4 178.5 173.9 171.8 170.8 170.6 173.8 184 187 185.8 184.3 182.4 179.8 178 177.4 176.2 175 169.4 163.4 158.3 150.1 147.2 146.1 140.1 131.2 122.6 116 109.6 100.1 88.9 73.8 61.9 52.3 47.3 42.5 41.9 41 45.6 54.1 64.9 73.8 85.4 94 89.6 101.6 108.2 115.7 120.8 126.2 132.1 137.8 142.5 146.7 150.3 157.7 166.2 174.8 183.1 190.4 195.5 199.7 203.8 207.7 210.8 214.2 216.8 219 220 220.5 220.9 221.7 221.8 222.6 222.4
165.8 169.9 177.1 186.4 190.5 191.4 191.1 190.3 187.8 182.1 177.2 172.7 171.4 173.1 180.9 189.2 188.4 186.8 185.2 182.6 180.1 177.9 176.6 174.7 170.6 164.6 159 150.1 145.4 142.7 136.8 129.4 120.8 113.1 107.2 100.5 88.3 73.6 63.1 54.4 47.1 44.6 44.1 44 41.3 50 58.1 70.5 85.4 95.2 101.3 98.6 109.5 116.6 122.4 127.9 132.7 138.7 144 148.1 153.3 160.3 167.9 176.4 184.8 191.2 196.1 200.5 205.1 209.8 214.3 218.9 222.4 224 225.7 226.3 226.7 227.2 228 228.3 228.3
168.2 172.8 180.6 189.8 194.8 195.3 194.9 193.6 191.7 188.9 185.1 179.3 173.5 173.1 179.5 190.4 190.9 189.3 187.7 185.3 182.3 179.5 177.3 174.5 170.8 164.7 158.7 150.1 144.6 140.9 134.9 127.5 119.4 111.5 102.8 95.2 84.2 72.6 62.1 53.3 48.3 45.5 44.6 44.5 42.8 49.7 59.6 72.8 85.6 97.1 104.7 102 111.3 117 122.1 127.4 133.7 139.8 144.9 150.5 156.7 163.1 170.1 176.9 184.9 190.8 196.4 200.9 205.5 210.1 214.9 220 224.5 226.9 228.6 230 230.9 231.4 231.6 232.8 233
171.8 176.2 184.3 192.9 197.7 198.2 197.9 196.3 194.3 191.9 188.4 183.6 176.1 173.6 177.8 191.3 192.1 190.6 188.6 186.7 184.7 181.8 178.6 174.7 170.7 165.9 160.4 153.1 146.6 141.5 135.1 127.9 119 109.6 100.2 91.2 79.1 67.8 58.5 52 47.5 46 45.1 44.5 45.5 51.9 64.7 78.2 90.1 99.3 107 106 111.6 117 123.4 129.4 136 141.2 146.6 152.1 158.7 165.4 171.2 176.6 183.8 190.5 196 200.8 205.1 209.7 214.2 219 223.8 227 229.7 231 232.2 232.8 233.5 234.3 234.9
175.5 180.2 188.5 196.4 199.2 199.8 199.7 198.5 196.5 194.3 190.8 184.2 176.5 174.4 176.9 190.5 192.7 191.3 188.9 187.4 186 183.2 180 175.9 170.7 166.9 162.7 155.1 147.8 141.9 135.4 128 118.2 109.2 100.4 88.3 76.2 64.6 56.9 49.9 46.8 45.7 45 44.9 48.1 56.6 69.9 84.8 94.3 103.1 110.8 113 114.5 118.1 122.3 130.7 137.5 142.7 148.4 154.8 161.9 167.5 172.6 177.7 183.3 189.7 195.6 200.6 205.1 209.5 213.9 218.5 223.2 227 229.6 231.5 232.6 233.7 234.8 235.6 236.3
180 185 191.8 198.3 200.5 201.4 201.2 200.2 198.6 196.4 192.7 184.9 176.9 175.2 176.9 190.7 192.9 191.8 189.2 187.3 185.2 183 180.7 176.2 170.6 165.3 160.7 154.2 147.8 143.5 136.5 127.8 116 107.7 98.7 86.3 73.8 62 53.8 48.3 46.3 45.5 44.6 47.8 52.5 61.5 79 89.9 99.4 106.9 112.3 116.6 119.2 122.7 127.3 132.3 138.5 143.9 149.4 156.8 164.4 168.1 172.8 177.9 184.2 190.8 196.1 200.8 205.3 209.6 214 218.4 223 227.2 231.3 232.7 233.9 235.4 236.5 237.2 237.8
184 188.7 194.8 200.7 202.4 203.5 202.8 201.9 200.3 198.3 194.9 184.7 177.8 175.9 179.6 187.5 190.9 191.9 189.8 186.7 184.1 182.2 179.9 176.5 170.2 164.3 158.9 152.6 147 142 134.4 126.6 114.7 106.2 96.9 85.7 72.3 59.8 49.8 44.1 45.9 45.9 45.4 53.7 58 71.6 85.1 95.6 104.3 110.1 113.9 118 122.3 126.2 130.5 135.2 140.1 145.3 150.9 157.6 164.4 168.9 173.7 179.7 185.9 192.4 197.3 201.8 206.2 210.3 214.2 218.6 223 227.5 227.4 234.3 236 237.5 238.1 238.7 239.3
188.1 191.9 197 202.5 205.8 205.9 204.8 203.8 202.7 201 195.8 182.1 176.6 177 185.8 193 190.6 190.2 189.7 186.9 184.6 183 179.8 176.4 171.1 165.1 158.9 151.3 145.6 135.4 132.2 125.8 113.8 102 92.2 79.5 65.6 52.3 43.5 46.8 47 48 51.9 62.1 65.8 79.4 90.5 100.1 106.4 112.3 116 119.5 123.9 128.5 133.8 138.8 143.7 148.9 154.8 161.1 167.2 172.6 177.4 182.6 188.7 194.3 198.8 203.2 207.1 211 214.8 218.9 223 227.4 230.4 233.3 235.3 239.6 239.4 239.8 241.2
191.1 195 199.5 204.5 208.1 207.9 206.9 206 205 203.4 194.6 179.5 176.9 180.5 194.2 197.1 194 191.5 188.7 186.9 185.3 183.7 180.9 178.3 171.7 163.9 156.2 149.2 143.6 139.5 131.9 128.3 111.5 97.8 85.1 67.4 56.1 45.2 46.8 47.4 49.6 50.2 52 65 74.2 85.9 96.5 103.5 109.4 114.4 118.5 122.1 126.3 131.3 137.1 142.1 148.4 154.9 161.6 168 172.6 176.9 181.6 186.4 191.6 196.1 200.6 204.8 208 211.6 215.4 219.2 222.6 225.8 228.9 232.3 236.9 238.5 232.8 240.7 242.4
194.3 198.3 202.5 206.4 209.8 209.9 209.8 209 208.1 205.4 194.8 179.2 176.3 187.9 200.1 199.5 196.9 193.7 190.2 186.6 185.3 184.7 182.2 179.4 171 163.6 154.6 147.1 141.8 139 137.3 122.8 108.7 94.6 77.7 59.8 50.6 47.4 47.7 49.2 51.3 51.8 55.3 66.7 83 92.2 100.6 106.6 111.6 116.3 119.9 124.2 128.8 134.3 140.1 146.2 154.7 162.8 168.9 174.1 177.7 181.7 185.9 189.8 194.1 198.5 202.7 206.3 209.2 212.5 216.1 219.3 222.5 224.6 227.6 230.9 235 237.2 238.8 241.2 236
197 201.1 204.8 208.3 211.4 213.1 212.8 212.3 211.1 208.4 194.9 178.8 175.5 185.3 196.3 195.9 195.1 192.5 191.4 188.7 184.7 184.6 182.7 179.7 171.3 162.6 154.3 146.2 141.6 133.2 133.1 118.3 104.9 88.3 68.7 56.2 47.6 45.2 49 50.4 51.8 53.1 64.2 73.1 90.1 99.7 104.1 109.1 113.6 117.9 121.5 126.4 131.1 137.1 143.7 151.3 162.1 171.2 176.5 180.2 183.5 187.1 189.1 192.5 196.6 200.6 204.6 207.8 210.8 213.7 216.6 219.4 222.3 223.6 226.4 229.5 232.4 235 237.1 238.9 239.2
199.7 203.2 207 210.1 213 214.6 215 214.5 213.7 211.2 197.4 178.6 174.1 178.4 182.2 181.3 180 178.7 183.6 189.6 185.2 183.3 182.1 179.6 172 163.9 154.8 147.4 141.7 131.9 127.4 114.2 97 76.3 62.8 50.6 48.4 47 48.3 49.3 49.9 58.7 70.5 87.3 97.3 102.9 108.1 112 115.4 119.2 123.4 128.7 133.4 140.6 148.2 160.2 173 179.3 183.2 186.4 189.3 191.7 193.7 195.9 199.1 203.2 206.6 209.2 212 214.6 217.2 219.8 221.4 222.5 225.2 227.2 229.2 231.7 235.1 235.8 235.5
201.9 205.3 208.8 212.1 214.7 216.6 216.8 216.8 216 213.7 202.7 182.8 172.8 173.9 174.5 172.1 168.9 170.1 173.7 186.4 186.9 183.8 180.9 177.8 170.4 162.3 154.6 148.6 138.4 139.1 122.1 108.3 90.7 74.2 63 54 48.4 48.3 48.8 49.3 55.1 69.2 90 96 101.2 106.4 111.1 114.7 117.5 121 125.5 130.8 137.3 145.1 157.1 171.3 181.5 185 188.7 191.7 193.4 195.6 197.9 200.7 203.5 206 209 210.8 212.7 214.9 217 219.1 220.4 221.2 223.2 225.1 227 229.4 232.3 232.8 232.7
204.2 207.7 210.7 214.1 216.8 218.1 218.4 218.6 217.5 216.2 212.5 193.8 174.7 171 169.5 168 167.2 167.3 167.5 180.7 185.9 183.9 180.3 176.1 168.1 159.9 152.9 147.4 141.2 130.2 119.1 104 88.3 78.1 67.2 57.6 52.9 49.6 48.6 52 65.1 88 93.6 98.4 103.5 108.9 113 116.8 119.5 123.2 127.7 133.6 141.9 152.5 167.2 180.7 184.9 189.1 191.9 194.4 196.1 198.9 201.6 204 206.1 208.8 210.4 211.1 212 214 216 217.4 218.7 219.2 221.3 223.2 224.9 227.8 229.4 230.1 230.2
206.8 210.2 213.1 216 218.5 219.5 219.9 219.8 219 217.7 215.9 207.2 186.7 172.2 169.1 171.2 175.6 175.5 166.7 173 182.1 181.1 179.7 174 166.2 158 151.1 145.7 137.3 127.3 115.4 101.1 91.3 81.6 72.8 63.3 57.5 51.3 48.8 59.5 71.9 91.9 96.7 100.7 105.7 111 114.8 118.5 122.1 125.7 130.8 137 146.3 162.4 176.4 183.6 187.7 190.7 193.3 195.7 198.4 201.8 205.1 205.2 208.1 210.1 210.8 210.4 211.1 212.6 214 215.4 216.4 216.7 218.6 220.7 222.6 224.4 226.2 226.9 227.8
209.5 213 215.2 217.3 219.4 220.7 221.2 220.6 220.1 219 217.3 215.2 206.1 186.4 175.4 179.9 193.1 184.2 171.1 166.4 172.2 177.5 177.8 171.2 163.7 157.4 150.1 142.4 134.1 124.4 110.7 101 91.9 83.9 74.7 66 60.1 54.1 46 63.2 74 94.8 99.8 104.7 109.4 112.7 116.7 120.7 124.4 128.6 134.3 141.7 154.6 171 180 184.5 188.1 191.3 193.7 196.1 200.2 204.5 206.4 205.9 208.7 210.6 210.2 209.3 208.9 210.4 212 213.2 214.1 214.4 216.1 218.2 218.7 220.2 221.9 222.9 224.4
212.8 215.1 217.1 218.9 220.6 221.6 222.1 221.5 220.9 219.9 218.6 216.4 210.6 192.2 189.6 199 203.3 190.4 173.9 165.4 165.9 170.3 172.8 168.1 162.2 156.7 149.7 141.3 131.4 121.9 107.1 99.7 92.4 85.4 76.2 67 61.3 56.5 48.2 63 77.9 98.6 103.7 108.7 111.9 115.3 119 122.9 126.9 131.9 139.8 149.4 163.5 175.5 180.8 185 188.6 191.7 194.1 197.8 202.1 206.1 205.1 205 208.6 209.5 209 207.6 206.7 208.2 209.8 211 211.5 212.2 213.8 214.8 215.1 216.4 217.6 218.1 220.4
215.5 217.3 218.9 220.1 221.4 222.5 222.7 222.3 221.5 220.6 219 216.4 202.8 190.5 201.3 209 201.6 187.9 176.3 168.1 163.3 163.5 164.8 163.7 161.3 157.4 151.7 144.5 132.5 120.5 105.4 96.7 91.5 83.1 76.1 69.5 62.4 55.5 51.2 63 76.3 99.8 105.6 110.6 114.3 117.9 121.6 125.2 130.2 136.3 145.6 158.2 170.8 178.2 182.1 185.7 189.8 192.4 194.2 198.2 202.8 205.7 204.2 203.7 206.3 207.2 207 205.8 204.6 205.9 207.5 208.9 209.5 210.6 211.3 211.3 211.1 212.8 213.7 212.9 215.4
218.2 219.1 220.5 221.3 222.3 223.4 223.3 223.1 222.1 221.2 219.3 215.3 195.5 191.8 208 207.3 197.9 185.3 177.6 168.2 163 162.4 162.1 161.6 160.1 159.3 154.1 144.3 133.4 121 104.8 93.9 89.2 84 77 69.7 64.5 57.1 48.6 62 75.3 99.4 106 111.5 116 120.3 123.9 127.4 133.9 141.8 154.3 167.6 175.9 179.6 182.4 186.9 190.6 191 193.1 199.7 203 204.4 203.5 201.1 202.9 204.2 204.4 203.3 201.8 203.3 205.1 206.6 207.4 207.9 208.3 207.7 207.3 208.6 208.6 208 210.9
219.7 220.7 221.7 223.4 224.3 224.2 223.6 223.3 222.4 221.3 219.6 211.6 193.6 192.1 195.6 194.4 189.5 182.2 176.1 169.6 164.9 162.9 161.7 160.6 159.5 156.9 150.4 143.4 133.1 119.2 104.7 95 88.7 83.7 76.2 70 65.4 56.7 51.3 58.1 76.8 98.5 106.1 112.2 116.9 122 126.5 130.5 138.6 150.4 163.8 173.4 177.8 180.1 182.1 186.6 190 189.2 192.1 196.6 201.2 202.8 203.1 201.3 199.7 200.5 201.4 199.8 198.8 200.6 202.5 204.3 204.6 204.8 204.7 204.2 203.5 203.5 202.2 203.3 206.9
219.8 220.3 222 224.9 225.7 225.1 224.2 223.5 222.4 221.3 219.9 214.6 195.1 191.5 186.9 184.5 181.9 177.4 173.7 170.1 167.2 164 162.3 160.9 159.4 159.5 154.7 148.5 136.7 121.6 106 96.9 89.5 83.7 76.7 73.8 69.7 60.5 53.7 50.4 77 97.9 105.4 112.3 118.3 123.7 128.9 135.2 146.2 161.7 167.2 174.6 176.4 178.8 181 186.2 188.3 187.1 189.3 192.1 197.2 199 200.4 200.2 197.7 196.1 197.7 197.3 196.3 198.2 200.1 201.9 201.5 200.9 200.7 200.7 200 199.4 197.6 200.2 203.2
