WholeMapElevations/data/ns/ns17_OST50GRID_20230518/NS17.asc
ncols 200
nrows 200
xllcorner 210000
yllcorner 670000
cellsize 50
[rows 0 to 35 of 200, columns 80 to 159 of 200]
247.1 239.3 236.4 234.9 235.5 236.6 232.3 228.4 226.1 223.1 218.4 209.7 200.1 192.6 186.1 174.7 164.1 153.4 143.3 140.4 134.8 137.2 137.2 137.6 139.5 142.3 142.2 138.9 131.2 121.8 113.4 102.2 90.5 84.9 76.5 69.1 55.3 55.9 53 49.4 45.9 43.7 41.4 40.5 37.3 33.7 28.8 25.3 26.3 28.6 30 31.8 35.2 38.8 42 43.2 45.5 46 44.2 39.3 32.8 29.3 26.3 23.4 21.1 18.6 14.3 18.1 22.5 20.8 16 6.7 4 1.8 1.1 0.4 -0.3 -1.1 -1.1 -1.1
252.2 245.6 242.5 242.7 243.8 244.5 241.8 240.9 239.8 236 229.6 222.3 211.9 208.7 202.9 193.4 177 168.1 151.9 141.1 138.8 134.1 129.2 128.1 126.5 125.5 120.8 114.7 113.3 104.9 97.3 87.2 79 76.9 69.8 64 68 65.1 57.8 52.1 48.5 45.6 43.8 42 39.3 35.7 32 28.6 30.5 32 33.9 37.9 39.6 42.1 44.6 47.1 48.5 48.3 48.7 40.8 35.2 30.8 27.8 24.9 22.6 16.5 21.2 22.7 24.9 24.2 19 7.4 6.5 3 2.4 1.5 0.7 -1.1 -1.1 -1.1
254.7 250.5 246.9 249.4 250.9 252 256.9 259.1 258.1 254.6 249.3 243 233.7 226.3 220.3 210 197.1 181.9 167.9 153.3 137.6 132.5 134.4 130.5 116.6 115.4 111.8 99.6 99.8 93.4 90.6 84.8 86.6 89 88.3 83.3 74.9 68.8 61.2 60 53.4 47.1 44.4 43.5 41.4 37.3 33.5 31.5 33.8 35.1 38 43.2 47.2 44 46.2 48.1 48.4 48.4 48.9 46.7 37.8 32.5 29.3 26.3 24 22 22.8 25.6 28.3 26.4 20.2 8.3 7.1 6.1 5.7 2.4 2.5 1.4 0.5 -1.1
255 252.1 251.9 254.2 257 265.7 269 272.7 271.6 272.6 268.6 259.9 255.2 245.8 234.8 223.6 212 199.9 190.7 172.5 155.4 139.5 130.5 125.8 122 112.7 106.1 118.9 117.9 116 103.2 91.6 102.8 106.9 102.5 91.5 82.7 71.6 68.8 67.5 64 56.1 49.1 44.2 42 38.4 34.8 34.1 36.5 38.5 42.4 45.9 47 45.6 46.6 48.4 48 48.6 49.4 50.3 40.9 34.1 30.3 27.6 25.5 24.2 25.3 27.8 30.3 27.5 22.2 15.8 10.6 7.6 6.6 4 3.9 2.9 2.8 2.8
255.8 255.8 255.6 258.3 263.7 272.4 281.9 285.1 284 282.1 277.8 272 264 256.5 245.5 234.9 225.4 214.9 203.6 186.9 176.5 161.9 145 137.7 129.5 126.4 116.6 121.1 118.7 110.6 97 109.6 118.8 127 116 98.9 88.7 78.7 74.5 71.3 68.7 61.9 50.8 44.9 41.9 38.8 36.9 36.4 38.6 40.6 43.8 45 46.3 47 48 48 48.9 49.5 50.2 50.8 42 34.8 31.3 29.3 27.5 28.2 28.6 30.7 32.6 29.3 23.3 17.7 12.5 8.9 7.5 5.9 7.4 5.8 6.1 5.8
260.7 262.4 264.8 272.2 272.6 279.8 290 294.5 293.3 288.3 283.6 277.5 269.8 262.6 254.6 244.1 234.6 224.6 214.6 200.5 189.4 179.4 162.2 148.5 138.5 128.3 123.6 122 118.3 105.3 115.7 124.2 131.1 134.3 125.9 109.6 95.6 88.1 82.7 76.1 70.9 64.1 54.6 52 45.6 40.3 38.8 38 39.3 41.1 43.8 45.8 46.5 47.7 48.5 48.8 48.7 50.4 50.9 50.4 44.2 35.6 32.2 30.2 30.5 35.7 34.1 34.3 33.3 31.6 25.9 17.7 14 10.3 8.8 7.7 8.6 8.6 9.2 8.8
271.7 277.1 282.3 283.2 282 285.8 295.3 300.2 300.4 293.3 287.3 281.6 274.8 267.7 260 250.1 239.7 229.3 219.9 209.6 198.5 187.5 174.3 161 147.3 139.4 132.1 124.9 111.8 121.5 126.4 130 136.1 137.5 132.1 117.1 101.8 95.7 91.2 84 76.3 68.7 58.3 52.4 45.9 41.4 40.4 39.1 39.1 40.5 43 45 46.5 48.1 48.2 49.4 49.7 49.9 50.9 51.3 44 37 32.6 30.1 32.6 34.4 37.4 36.1 34.6 31.8 27.1 19.8 16 12.4 10.4 10.6 13.5 14.3 15.1 15.3
287.7 288.8 289.2 290 292.2 293.7 299.2 304.3 305.9 297.1 290.2 284.9 278.6 271.3 263 253.7 244.1 233.9 224.2 214.3 203.6 194.6 183.5 171 162.3 150.9 139.2 119 125.2 132.1 135.8 136.5 140.6 138.5 134.2 120.1 107 101.9 98.8 92.3 84.8 75.8 62.3 54.3 48.2 42.3 39.9 39.7 39.5 40.6 41.6 44.4 46 47.1 47.9 49.2 49.5 49.7 51.2 51.7 45.6 39.6 33.7 31.4 32.6 34.2 35.4 35.7 35.2 32 27.5 22.5 18.7 15.8 14.3 16.7 20.3 23.4 24.7 25
294.7 294.8 292.7 294 298.8 299.3 301.6 304.6 308.7 300.6 293.2 287.5 282.2 274.7 265.6 256.8 247.9 238.4 228.6 218.6 209.9 200.5 190.1 182 174.1 162.9 147.2 132.3 139.5 140.1 145 143.9 146.6 140.9 133.9 123.9 113.1 108.1 107.8 104.5 96.8 83.3 69.2 57.8 50.7 43.9 39.9 38.8 39.1 40.3 41.3 43.4 45 46.1 47 48.5 49 49.8 50.4 51.5 47.5 40.4 34.9 32.7 33.3 35 35.9 36.8 34.3 33.1 29.3 24.2 20.1 18.1 17.4 22.2 26.7 31.5 33.1 33.7
300.5 300 296.5 297.3 302.5 301.1 302.7 304.7 306.3 303.1 294.6 289.5 285.4 277.1 267.9 259.2 250.4 242.4 233.2 223.3 216 207.7 197.8 188.8 179.8 170 146.4 144 151.6 153.2 155.2 152.4 162.6 152.3 135.1 125.1 120.4 116 114.1 113.3 106.7 91.5 76.3 58.1 50.8 44.9 39.7 37.8 37.4 40 40.5 41.2 43.9 45.1 46.4 47.5 47.7 47.9 49.9 50.4 45.7 39.9 36.1 34.1 34 35.7 36.5 37.7 36.3 33 29.8 26.7 23.4 20.9 22.1 26.5 31.2 34.4 35.7 37.1
305.4 307.2 302.6 298.4 303.2 303.1 303.9 304.3 306.5 302.5 296.3 290.7 286.6 278 269.3 261.6 253.2 245.2 237.3 229.3 222.2 214.7 205 195 181.9 167 161.5 161.1 163.7 164.6 163.5 164 169.8 163.3 150.3 130.6 130.2 124 119.8 118.8 113 101.1 88.5 63 52.7 45.4 40.7 37.9 36.8 37.2 39 40.2 41.9 44.2 45.7 46.2 46.4 46.7 46.9 49.2 44.2 40.8 37.4 35.3 35 38.4 39.5 39.5 38.8 35.4 31.9 28.6 25.6 25.5 27.9 30.7 33.1 37.2 38.7 40.2
309.8 310.6 306.6 303.6 301.8 303.7 305 305 304.4 302.2 296.1 292.6 284.9 278.4 270.2 263.5 255.6 247.6 239.5 234.2 228 220.6 211.4 201.4 182.1 176 169.7 172.9 173.9 174.7 170 172.5 176 170.2 161.4 142.1 139.2 132.5 125.4 123.4 117.9 107.9 93.6 68.9 54.2 45.3 40.6 37.8 36.8 36.7 37.4 38.7 40 42.7 44.2 45 44.8 44.7 45.3 44.5 43 41.7 39.1 37.9 39.3 40.3 41.4 41 41.5 38.1 34.7 30.9 30.2 32.4 31.6 36.1 40.1 40.7 41.8 42.7
311.4 309.5 309.3 309.4 304.9 304.4 306.2 305.5 305 303.3 302.9 301.7 292.3 284 273 265.5 257.6 249.4 241.2 235.6 231.4 225 213.5 207 192.2 180.6 180.3 183.1 184.3 183.9 180.9 178.6 180.4 177.2 167.5 152 146.8 138.4 130.6 127.4 121.9 113.8 98 74.7 56.8 45.9 40.1 38.5 37 36.3 36.3 37.6 39.2 41.3 42.6 43.9 43.9 43.3 42.5 41.3 42 41 41.5 40.5 41.4 43.2 43.8 44.2 43.9 40.8 36.6 36.2 35.8 35.5 36.9 40.3 40.7 41.2 41.9 44.4
310.1 310.5 308.8 310.8 308.2 305.8 305.6 305.7 308.8 306.9 306.3 303.5 294.5 285.4 275.3 265.9 257.8 250.4 243 237.6 233.5 229.5 221.9 213.5 198.6 183.1 193.2 193.7 190.8 188.8 184.3 182.8 185 182.6 173.4 160 149.3 141.6 134.8 130.4 124.8 113.3 97.3 77.6 60.9 50.2 41.5 39.5 38.1 36.6 35.4 36.3 37.9 39 40 41.3 41.5 40.6 39.4 39.7 40.4 42.1 44 44.6 43.9 45.1 47.2 47.5 46.2 42.6 41.4 41.2 40.7 39.4 41 40.7 41 42.1 43.4 46
308.3 309.7 309.5 307.9 307.1 307.1 307 310 313.6 309.7 306.1 302.8 295.4 286 278.2 268.7 258.6 252 245.9 241.1 237 233.8 226.1 216.8 201 201.7 203.1 201.2 197.1 192.2 187.4 186.7 187.5 184.6 178.1 165 155 145.5 137.6 132.8 127.3 113.7 99.8 81.5 65 51.2 42.6 40.6 39.1 37.6 35.3 34.7 35.4 36 36.2 37.3 38.1 37.3 37.1 38.5 39.7 43.3 47.2 52.2 49.8 49.4 50.1 50.6 49.1 46.7 45.2 46.3 46.3 47 43.4 43.2 43.2 43.6 44.9 48.2
307.5 307.6 307.2 307 307.8 308.4 308.5 311.4 315.2 311.2 305.4 301.8 295.8 287.6 279 272.1 259.9 254.4 249.5 245.2 241.5 238.3 229.1 211.5 213.3 210.6 210.3 207.4 203 198.1 192.6 187.3 188.5 187.1 178.3 169.1 159.6 151.4 141.6 135.1 128.6 116.5 102.2 86.2 70.2 55.7 45.9 42.4 40.1 37.3 35.3 34.5 33.4 32.9 33.2 33.7 34.9 35.4 35.1 37 40.3 45.6 51.7 55.8 55.6 53.3 53.1 55 53 50.8 51.6 51.7 58.6 58.5 48.5 46.5 45.9 46.3 46.6 49.6
303.8 304.7 305.3 306.7 308.6 310.5 311.5 315.2 317.5 314.4 307.5 302.5 296.7 291.8 282.5 274.9 266.3 260.7 255.8 248.8 243.9 239.4 231.9 226.8 225.4 220.9 216.4 213.6 207.8 203.1 197.7 192.2 188.5 186.4 178 170.6 164.7 157.3 148 138.8 131.1 118.9 102.4 87.9 74 59.9 48.1 39.9 38.2 36.1 35.8 35 33.3 32.2 32.4 32.4 32.2 32.8 33.3 37 44.1 49.4 58.8 60.6 60.6 60.8 61.3 60.9 58.9 57.6 57 57.3 62.9 64.8 53.5 47.2 47.2 47.5 47.8 49
302.9 305.4 307.7 308.9 311.3 313.6 315.4 319.2 323.4 322.4 315.4 308 305 296.1 286.7 277.1 268.7 265.2 261.8 253.6 246 240.4 235.6 232.6 229.3 224.5 219.8 214.7 209.5 206 207.7 201.3 193.2 185.9 179.1 172.9 167.8 162.2 153.8 143.7 132.4 120.7 103.9 87.3 74.3 57.5 50.8 53.3 48 42.1 36.6 35.4 33.4 32 31.7 31.6 31.4 31.2 31.8 34.7 42.8 49.1 58.7 63.5 66 71.1 72.3 70.6 67.1 65.6 63 62.6 71.1 72.4 56.7 49.3 48.5 48.3 48 49.4
299.8 304.3 307.1 310.1 313.9 316.9 321 325.2 329 329.5 322.1 313.7 307.5 299.8 293.5 284.1 275.7 266.4 262.5 256.9 250.2 243.6 239.3 235 231.1 226.7 221.4 216.3 211.4 210.5 212.3 205.5 197.4 190.9 180.9 175.4 170.2 164.5 157.2 145.9 134.7 123.4 105.9 92.7 74.6 61.4 63.7 61.5 56.4 52 41.4 33.3 33.2 31.8 30.9 30.8 30.6 30.3 31 32.5 39 47.5 57.3 64.5 71.5 79 81.9 79.8 74.7 71.1 68.6 74.4 75.4 75.3 60.3 52.2 49.3 48.4 48.5 50.1
299.7 303.7 307.8 312.1 316.1 325.3 329.6 330.7 333.3 333.2 327 319.1 312.6 308.3 299.4 290.9 280.2 273.3 263.3 256.7 251.5 246.9 241.7 237.5 233.7 228.6 223.6 218.3 213 211.3 209.7 203.9 196.7 189.6 183 176.9 170.3 164.9 159.2 148.1 136.7 124.6 107.3 90.4 85.6 78.7 74.5 70.8 67.1 61.6 53.9 39.5 32.8 31.5 30.2 30 29.8 29.9 31.1 32.4 37.4 46.8 56.9 65.1 79 84.2 87.4 85.7 78.4 74.5 72.6 77 78.5 74 63.4 54.2 48.9 48.3 47.7 48.8
302.4 306.3 310.3 314.7 321.6 332.3 338.3 336.9 336.6 335.5 331.5 328.7 321.2 313 303 293.5 284.1 275.5 268.4 261.5 255 250 245 240 235.4 230.5 225.5 220.5 215.4 211.5 212.9 207.4 196.1 188.9 182.5 176.9 170.7 165.7 160.1 151 138.4 121.3 101.8 99.1 96.9 92.5 88.4 84 79.2 70.4 61.1 47.7 35 29.5 29.4 29.6 29.4 28.9 29.6 31.3 35.4 43.5 55.6 67 78.7 87 92.1 90.9 83.6 78 76 77.8 78.2 72.7 64 54.3 48 47.3 46.6 46.9
304.4 316.1 322.8 321.2 327 337 342.2 340.5 339.9 338.7 336.8 333.9 326.7 317.3 305.6 296.9 287.8 279.2 273 266.8 260.6 254.7 248.8 242.9 236.8 231.8 226.8 221.8 217.7 215.2 208.1 204.6 196.7 189.5 181.7 175.1 172.1 161.1 154.9 144.7 132.5 117.2 104.4 114 110.5 106.4 102.2 97.6 90.7 82.4 71.6 58 43 32 28.8 29.1 29.1 28.4 28.3 30.1 32 39.9 52.1 65.4 79.3 89.4 93.2 91.9 84.5 79 76.4 77.6 77.1 71.6 64.4 54.6 46.5 45.8 45.2 45.1
312.8 322.3 330 331.3 330.7 339.7 344.2 343.6 342.7 341.9 341.3 340.5 332.8 327 315.8 304.4 294.3 285.5 276.7 270.2 263.2 256.8 251 244.5 238.4 233.1 228 222.4 219.7 220.4 213 202.8 194.9 189.1 181.9 175.5 173.2 168.3 161.6 154.6 143.5 128.4 120.9 125 125.9 119.3 114.6 111 102.2 93.5 82.6 69.1 54.4 37.9 30.3 28.7 28.7 28.4 28 28 29.4 37.5 49.2 62.4 81.3 88.7 92.1 90.1 84.9 79.7 76.7 76.1 75.4 71 65.5 55.7 48.5 44.4 44.1 44
314.4 324.1 332.7 336 335.4 341.2 346.9 352 357.8 358.4 354.3 350.2 340.7 333.6 321.7 309.5 302.2 293.4 284.4 274.3 266.6 259.5 253.1 246 239.8 233.6 227.8 223 221.2 219.6 213.2 203.2 193.4 184.3 183 179.2 174.8 169.9 162.3 153.1 141.6 127.8 130 136.5 138.8 130.1 126.1 123.6 113.6 103.9 93.1 79.8 65.2 47.7 34.5 29.3 28.5 28 28 28 28 35 46.6 63.6 79.9 88.1 90.7 88.6 82.9 78.2 75.5 74 73.6 69.7 65.2 58.1 51.2 44.2 43.1 42.3
318.3 326.7 335.2 339.5 340.1 343.4 349.7 361.6 363.5 364.8 360.2 354.5 344 334.1 325.4 317.9 310.2 301.3 291.5 281.6 269.5 262.9 256.5 248.4 240 235.4 231.7 225.2 221.5 212.6 212.6 200.3 196.6 191.5 185 180.5 176 171.3 163.6 155.5 147 132.4 137.6 144.9 144.8 139.3 136 132.3 124.5 114 103.5 90.2 74.8 57.8 43.1 30.5 28.6 28 28 28 28 30.4 44.7 60.7 76.6 85.6 88.4 85.8 80.8 76.8 73.5 72.5 71 69.3 68 57.9 48.4 43.2 42.3 41.2
322.3 328.6 337.4 342.2 345.3 347.6 353.5 358.6 362.3 361.6 359.4 354.1 345.8 337.3 331.2 324.3 315.1 306 297.8 288.2 273.8 267.7 262.6 253 250.5 244.3 238.4 230.4 226.1 219 211.7 204.9 199.5 193.2 186.8 182.1 177.5 172.5 164.9 157.4 149.4 137.3 146.6 149.8 149.6 147.3 143.5 139.2 132.2 122.9 113.2 99.5 83.7 66.8 50.6 37.1 28.7 28 28 28 28 28 43.4 59.4 73.8 82.6 85.5 82 79.7 74.2 70.9 73.2 69.5 69.5 69.7 59.3 47.5 43.2 40.9 37.9
324.8 329.7 339.7 347.4 351.3 351.5 355.3 357.8 359.9 359.8 356.5 353 346 338.9 335.1 329.3 318.5 309.3 300.9 291.4 279 270.9 262.1 263.4 258.5 251.4 244.5 236.4 228.3 220.6 213.5 207.6 201.9 195.7 187.9 182.6 180 175.7 167.8 159.2 150.9 144.7 154.3 153.9 152.9 152 151.1 146.1 139.4 130.1 119.3 105.7 91.5 75.3 57.6 43.6 30.4 28 28 28 28 28 40.1 58.2 73.3 82.4 83 81.6 81.2 77.1 67.7 71.7 70.6 66.4 66.9 57.8 48.1 42.5 39.6 37.4
326 331.3 339.4 347.1 353.1 355.2 357.3 358.7 358.7 358.8 357.5 352.1 345.4 339.4 334 329.4 320.8 310.8 300.8 291.2 281.9 271.7 273.2 271.3 265.3 256.4 249 241.7 232.5 222.5 215.4 210.2 204.7 200.5 192.6 184.3 181.4 177.4 172.8 162.5 155 147.6 158.2 157.3 155.3 154.4 153.7 152.1 146.2 135.1 123 109.4 95.7 81.4 65.1 49.5 34.1 29.2 28 28 28 28 38.9 50.7 77.6 89.2 86.7 84.3 89 81.8 65.8 67.7 65.4 62.3 62.7 57.5 48.4 42.7 39 37.6
334.1 331.9 338 345 350.7 359.6 365.8 366.6 361.4 357.5 356.5 353.4 345.6 338.9 334.7 327.8 318.7 307.8 298.5 289.8 281.9 279.4 280.6 275.4 269.9 260 253.1 244.9 236.3 225.6 217.7 212.8 209 205.2 198.2 190 185.7 178.5 173.3 165.8 161.9 162.1 162.1 159.7 157.6 156.9 156.3 156.4 156.5 144.8 128.3 114.6 100.5 88.8 77.2 59.5 42.5 31.8 28.1 28 28 28 38.3 52.2 69.2 79.3 82.9 81.5 80.8 74 65.2 61.9 60.1 59.1 59.3 55.6 48.5 41.5 37.9 36.1
342.4 340.1 337.6 345.6 354.8 366.1 374.1 370.3 365.2 358.8 354.1 352.3 346.1 340 335.4 329.4 319.7 308.7 298.6 291.8 286.6 284.6 284 279.5 272.2 263.4 258.5 251.2 242.1 232.3 225.8 218.3 213.9 209.3 200.4 193.6 187.7 181.9 176.2 172.6 168 167.5 164.9 162.4 160 159.4 158.9 159.5 171.9 158.6 138 122.8 108.2 96.6 90.2 72.9 55.4 36.8 29.9 28.2 28 28.7 38.9 52.5 64.5 72.2 75.6 75.4 74.9 71.2 64.2 59.5 55.6 55.7 56 53.6 47 40.3 36.2 34.2
349.5 345.2 342.7 346.4 357 368.1 373.7 370.6 364.4 357.6 352.6 349.5 345.6 340.8 334.2 328.8 322.7 311.6 305.4 299.4 293.6 290.2 287.9 284 275.4 267.3 262.1 255.1 248.2 240.3 235.4 226.6 218.3 212.1 202.6 195.5 191 188 183.3 179.2 174.5 170.9 167.1 164.5 161.4 160.3 159.7 159.5 168.8 166.5 154.6 134 117.9 101.8 93.2 84.5 67.3 47 35.6 31.7 29.3 29.7 36.9 48.8 59 65.1 70 70 68.7 65.5 61.8 56.8 52 52 52.9 51.2 45.5 40 34.4 33.2
356.9 351.1 348.1 348.2 362 365.1 371.8 369.7 364.6 356.9 351.3 349.2 345.7 340.3 333.2 328.5 324.8 319.7 311 304.3 298.9 296.1 292.6 285.5 276.9 269.1 264.2 258 250.9 245.2 239.6 229.9 220.1 211.8 204.8 199.1 194.7 191.7 189.9 185.1 180.4 175.6 170.2 165.5 162.6 161.4 160.5 159.1 161.7 159.9 150.6 136.6 121.7 104.6 91.9 80.4 69.4 51.8 39.2 36.2 34.1 28 34.5 45.9 53.9 59.3 64.5 65.6 63.8 60.6 57.2 52.5 48.2 48.6 49.3 49.1 43.5 37.2 33.2 32.6
371.5 367 355.9 352.9 357.6 363.4 368.3 368 362.3 354.8 350.7 350.7 345.7 342 337.1 333.6 332.2 325.4 315.2 306.4 301 297.8 290.5 283.8 276.3 269.2 265 260.4 253.9 248.2 241.9 232.6 224.7 218.3 211.8 204.3 200.1 197.1 195.6 192.1 187.3 180.7 172.5 166.1 163.8 162.2 159.5 157.1 158 156.7 146.9 134 120.3 104.2 87.3 77.2 66.1 52.1 39.1 37.5 38.8 28.5 32.7 43.8 51.2 56.2 60.3 61.9 60.4 56.9 53.7 47 44.8 45.7 46.5 45.9 42.3 35.3 32.4 31.9
388.4 378.2 368.5 358.6 360.6 363.9 364.8 364.1 359.5 354.4 354.1 359.2 355.9 348.7 345 341.4 337.4 329.5 317.7 309.4 304.1 296.2 286.6 279.8 274.7 269.7 265.8 261.9 256.8 251.4 245.5 236.9 230.2 224.3 218.5 213.3 208.7 204.5 201.1 198.8 193.2 189.2 182.2 167.6 162.9 161.7 157.7 154.4 152.9 150.6 143.4 130.9 119.2 107.2 90 75.7 63.5 51.1 40.6 38.1 36.7 26.4 32.7 41.8 49.5 53.8 57.5 58.6 45.4 45.2 45 44.4 43 44.5 44.2 43 40.1 33.7 32.3 31
391.6 385.5 374.8 366.3 366.6 368.4 365.1 361.5 359.4 356.3 360.5 361.2 358 351.9 350.5 347.8 341.3 333 320.2 312.1 305 297.6 290.6 280.6 275.8 272.3 268.3 265.3 261.5 255.7 249.1 242.4 236.1 230.3 224.1 217.8 212.1 207.7 204.6 201.1 196.2 190.8 183.8 169.3 163.6 160.6 155.7 151.2 148.4 146.2 137.5 128.7 119.1 108 90.5 74.3 61.7 50.7 42.5 35.6 33.8 26.1 35.5 41.2 46.2 50.6 52.8 52.9 45 44.4 42.4 41 40.6 43.5 43.1 42 37.2 33.8 33.2 30.5
392.1 387.2 381.1 371.6 370.2 369.3 367.7 362 359.3 359.1 360 361.3 357.6 355 353.3 350.4 343.3 335 323.1 312.5 305.3 297.1 291.7 283.5 278.2 275 272.9 270.6 270.2 264.9 254.6 248.1 242 235.8 229.5 223.2 217 211 207.5 201.8 196.1 189.7 181.3 171.5 164.2 158 153 148.8 145 141.5 134.5 126 118 106.5 90.3 72.8 59.8 50.1 41.3 35.8 29.9 25.8 32.5 40.3 43.1 47.2 48.9 48.6 44.7 40.7 41 41.1 41.8 40.9 40.3 39.5 35.7 33.5 32.2 30.9
