UK/data/sh/sh76_OST50GRID_20230518/SH76.asc
ncols 200
nrows 200
xllcorner 270000
yllcorner 360000
cellsize 50
[rows 144 to 179 of 200, columns 81 to 161 of 200]
455.5 456 464.3 477.7 486.2 485.9 489.5 485.9 481 483 484.7 472.4 471.5 472.4 477.2 476.4 466 463 461.2 459.3 456.4 451.8 446 442.4 433.3 420.8 406.7 402 393.2 386.8 374.5 362 344.2 329.1 322.3 316.9 309.6 301.8 291.6 278.7 261.4 243.9 227.5 209.7 196.1 180.4 167.9 153.2 138 126.6 117.3 106.7 94.1 81.4 78.2 77.8 87.6 97.3 110.7 129.6 152.1 171.3 189.1 179.3 163.4 145.4 137.6 128.8 123.2 122.6 126.4 129.2 125.1 119.3 109.5 99.7 89.7 72.8 58.3 43.3 24.6
455.6 462.7 473 478.5 484.2 493.8 498.2 489.2 485.7 488 487.2 476.3 471.5 473.5 472.6 465 458 457.6 454.4 449.6 450.1 444.6 436.4 430.4 422.9 407.3 395.6 389.5 381.2 371.8 359.7 346.8 331.7 320.5 311.6 299.8 299.1 290.6 278.4 262.1 245.3 228.4 215.8 197.1 179 166.8 154.8 140.6 130.2 118.3 108.3 97.3 85.5 79.4 77.4 83.8 96.8 110.9 131 152.2 181.8 202.9 225 206.9 176 158.8 152.6 150.5 154.1 157.8 151.4 150.1 154.5 152.7 143.4 133.6 117.5 91.2 70.4 47.8 28.1
469.8 473.8 487.2 487.3 494.8 496.5 499 493.9 489.1 491.7 483.1 474.5 468.9 468.7 463.5 459.2 453.9 451 448.8 445.6 442.8 438.4 429.8 419.2 408.3 392.8 385.1 375.1 366 356.5 343.6 331 320.5 312.5 302.5 290.2 273.7 266.2 257.9 246.5 230.5 213.5 201 184.2 165.9 156.5 149.1 139.3 126 114 101.9 90.4 83.2 79.4 80.2 89.9 109.2 130.3 150.9 175.5 214.7 237.6 249.7 215.9 195.6 181.3 179.5 187.9 192.8 185.7 177.6 182.4 181.9 183.1 177.4 166.7 140.4 114.2 87.6 59.1 37.8
478.7 478.5 494.1 491.6 496.9 497.5 499.2 498 496.1 490.4 483.8 472.6 466.8 463.9 460.2 456.4 452.5 449.7 446.9 445.2 442.7 433.5 422.6 408.2 398.3 379.5 369.3 355.7 349 338.2 328.6 319.7 310.6 301.7 288.3 279.1 267.7 255.6 235.1 222.6 209.5 196.4 181.2 164.9 154.6 146 140.6 135.9 127.9 105 92.4 86.6 81 80.4 84.5 102.3 125 149.5 174.3 209.3 239.6 261.1 260.2 239.4 227.9 202 202.4 221.2 225.7 224.7 223.2 214.7 212.6 212 208.6 190.1 166 142.3 106.8 72.3 46.8
483.1 487.2 493.3 492.9 495 497.8 498.8 500.5 500.2 488.9 473.6 472.2 466.9 465.7 462.1 454.6 454.2 450.2 447.3 443.5 440.2 425.3 415 410.5 386.5 370.1 356.8 342.8 327.7 320.3 314.4 309.9 300 288.4 278.8 272.7 262.4 251 236.8 212.2 191.2 175.7 162.4 149.2 142.5 136.2 129.2 116 103.8 91.2 87.5 84.5 81.3 82.5 93.8 114.6 140.5 166 199.5 237 255.5 263.4 260.1 261.4 256.3 227 230.7 248.6 255.6 256.7 253.3 242.3 241.8 237.9 235.1 221 196.1 162.8 117 84.5 55.6
484.1 491.4 496 493.9 494.8 498.8 500.3 504 500.2 487.3 472.9 474.4 471.3 464.4 458.8 453.5 454.3 449.9 446.7 442.6 435.4 421 400.1 390.4 380.5 361.7 348.4 329.2 313.9 310.1 307.1 298.1 287.9 279.8 273.2 265.9 259.4 251.7 248.2 207.3 199.5 178.6 153.1 141.2 127.5 119.3 112.5 101.9 93.2 89.2 85.4 83.5 82.3 85 104.4 128.7 157.3 185.4 224.6 251.9 254.1 256.5 251.2 260.5 263.4 239.7 247.8 260.5 270.9 273.2 270 263 256.3 251.9 250.8 241.7 211.3 169.5 125.8 96.4 66.1
487.7 493.1 495.2 497.1 496 497.9 500.7 500.9 502.2 482.4 475 474.9 468.3 462.9 458.9 453 451.1 450.2 444.5 438.9 426.4 410.7 390.5 382 374.5 348.8 333.9 313.5 304.6 306.5 296.3 290.2 278.5 273.9 264.7 260 255.7 242.7 216.3 204.7 198.7 178.9 148.4 131.9 122.6 115.6 105 94.8 91.5 87.4 85.6 85.5 86.9 90.8 118.2 164.8 180.1 218.5 238.4 245.9 249.1 248.4 250.2 257.5 253.4 249.8 256.3 269.9 276.6 282.5 284.6 276.3 272.3 265.1 257.5 248.7 212.1 172.7 133.6 105.7 79
497.6 492 494.6 496.3 493.5 496.3 497.3 498.6 498.9 470.7 474.7 470.7 466.6 460 461.1 454.6 452.7 449.8 440.9 431.9 421.8 408.2 392.5 376.7 363.6 344 320.8 304.2 293.7 292.6 286.7 279 269.4 263.6 258.9 249.7 235.8 217.3 198.5 192.2 187.9 156.7 133.9 119 112.1 107.2 103 100.7 91.9 87 87.9 87.5 89.3 103 130.1 166.2 198.9 231.5 233.9 237.9 240.7 241.1 247.6 250.7 249 252.1 261.5 267.3 275.1 283.3 286.3 284.2 283.7 274.3 264.5 256.1 225.4 182.9 137.3 114.3 92.6
501.8 495.8 490.1 488.3 488.3 489.9 491 494.8 494.9 469.1 468.5 468.4 465.2 459.9 454.5 455.7 455.4 447.6 444.8 438.8 424.3 404.8 380.2 365.4 352 329.8 314.1 301.5 287 281.2 276 269 255.6 254.1 242.1 228.7 215.3 199.9 196.5 180.1 161.7 143.9 119.7 112.2 107.1 104.3 99.9 97.4 93.3 89.3 88.4 89.7 96 116.3 138.1 166.7 196.5 222.3 226.5 230.7 234.7 236.1 241.8 243.9 245.7 249 255.6 262.2 268.9 274.9 275.9 277.2 271.6 270 258.7 253 228 189.5 151.3 129.3 108.3
507.2 498.2 481.9 479.1 474.7 476.1 482.1 488.2 482.1 469.8 464.5 463.3 461 453.4 452.4 456 453.5 448.1 445.2 435.3 421.2 398.5 372.5 356.5 340.9 323.9 303.5 291.2 278.4 264.3 258 250.3 241.7 238.7 222 206.4 198.1 189.3 182.1 157.6 141.3 120.4 115.5 109.1 108.5 104.5 100.3 97 94.3 93.4 93.2 99.2 114.6 140.9 168.8 185.5 197.6 210.5 215.3 221.3 227.6 228.5 233 237.2 239.6 241.5 245.7 253 257.6 260.7 259.6 256.8 255 248.4 244.3 242.2 220.8 192.3 169.7 151.7 121.9
509.2 489.9 473 466.2 456.5 464.5 477.1 480.5 473.4 470.3 465.9 463.7 459.3 454.3 451.2 450.4 450 449.7 445.2 426.8 414.7 388.3 355.9 342.5 328.3 307.5 290.9 278.3 263.9 247.8 236.5 229 222.1 215.7 199.7 191.2 186.7 178.6 162.1 140.5 129.3 121.4 115.8 110.6 107.2 104.3 100.1 97.5 95.8 98.8 102.3 110.6 136 163 184.7 194.4 209.5 212.1 207.9 210.9 212.6 216.2 223.3 229.2 230.8 231.6 238 245 245.3 244.5 247.1 248.8 244.8 239.7 234.5 229 216.3 191.1 184.3 174.6 144.3
501.9 478.4 465.7 456.4 446.3 454.9 463.5 474.7 470.1 467 465.2 460.2 457.6 453 449.1 448.6 449.2 450.7 446.1 430.4 395.1 355 339.3 325.6 307.6 290.9 277.8 262.8 244.7 229.2 211.5 208.4 199.4 194.4 187.7 183.2 176.9 166 149.6 134.8 127.5 132.9 119.1 111.6 109.4 103.9 102.7 102.2 104 104.5 110.7 125.2 152.3 175.5 192.2 209.1 216.8 209.2 206.8 206.2 206.6 207.2 207.8 210.2 207.8 212.7 224.3 230 234 238.2 241.5 240.3 236.8 232.6 226.6 216.4 201.1 187.5 178.8 170.1 162.9
491.1 471.4 460.3 456.3 451.2 443.8 453.5 469.8 464.7 463.6 459.6 456.1 449.6 448.7 448.6 448.8 449.2 453.4 447 410.6 371.6 336.8 325 307.5 286.9 274.2 255.3 240.4 225.6 207 192.4 189.1 186.3 183.6 179.2 171.1 162 155.8 140.6 133.5 139.2 138.8 125.7 120.3 115.7 112.2 111 111.6 112 114.3 121.9 142.9 163.8 183.5 201.3 206.6 204.8 205 204.5 205.8 206.4 206.2 208.5 208.5 207.6 207.7 209.8 216.4 223.9 230.1 232.8 232.5 232.2 228.5 218 205.9 191.4 183.5 175.9 169.5 170.4
481.9 463.9 450.7 455.4 453.8 445.9 448.7 459 459.3 465.8 459.8 453.8 447.5 447.4 447.4 449.2 450.8 457.9 433.9 389.5 349.1 325 310 295.5 275.8 253.6 237.1 223.1 209.4 192.2 178.9 175.3 175.3 171.6 168.2 160.8 158.3 148.4 136 148.4 160.7 149.9 133.6 132.9 126.7 124.2 122.7 119.9 124 117.4 132.8 148.5 168.8 188.9 199 195.7 196.3 201.9 204.1 209.1 209.8 207.6 208 208.1 208.5 207.9 208.3 209.6 215.4 223.7 226.4 225.9 225.6 218.5 210 197.8 186.5 181.4 172.3 172.8 178.7
475.6 456.1 444.8 447.2 452.6 441.5 442.4 451.2 455.6 463 451.5 444.9 445.3 446.9 447.8 448.4 453.1 451.5 420 374.5 334.3 312.5 295.6 284.5 261.5 242.3 229.6 217.1 204.9 183.7 171.6 166.7 165.3 165.2 161.4 154.1 150.8 143.6 148.2 162.3 168 159 149.5 147.6 137.4 133.5 131.6 131.3 133.3 138.4 146.5 161.4 177.6 190.6 190.9 194.9 199.8 204 209 213.3 212.7 211.4 209.5 208.7 208.7 209.1 210.2 209.8 211.9 213.6 216.9 219.4 217.9 213.8 202.6 187.6 183.2 176.3 175.6 183.1 186.5
471.3 454.4 443.1 441 449.9 438.3 436.3 441.5 447.8 454.3 437.4 439.8 447.4 449.1 447.8 448.4 453 438.1 390.9 352.8 323.5 301.2 285.5 275.3 253.1 240.4 227 216.5 202.6 181.4 165.6 162.1 159.7 157.9 155.6 149.8 145.2 148.8 165.4 175.6 177.2 175.6 177.8 158.1 148.6 145.4 142.6 144.8 140 152.6 156.9 169.3 185 197.5 197.3 200.9 205.6 209.9 215.4 216.8 214.9 212.9 210.8 210.2 209.8 211 210.1 209.4 211.3 212.4 209.9 208.5 206.8 202.2 189 181.7 180.2 175.1 182 188.6 190.9
463.9 452.8 444.2 436.6 437.6 428.1 429.5 432.4 435.7 437.1 430.2 433.2 446.1 450.4 445.4 449.6 451 432.6 373 339.6 314.5 293.3 279.9 266.7 253.3 244 234.5 227.5 206.3 174.3 161.2 157.7 156.5 157.4 157.5 156.5 151.1 167.7 179.2 187.5 196.9 195.8 186.4 169.9 161.3 158.4 157.1 156.2 143.7 151.4 164.7 175.5 192.2 197.9 203.4 208 215.3 218.6 222.8 222 217.6 214.2 213 212.4 212.5 212.5 210.1 209.2 208.3 209.8 206.1 199.9 193.1 187.7 174.3 176.1 173.8 174.2 181.8 187.7 186.2
458.3 452.7 444.9 436 429.3 426.8 424.4 423.5 421.9 422.5 421.6 428.8 437.7 446.4 442.6 447.8 448.9 395.6 359.2 327.6 304.2 286.3 275.6 268.1 260.7 245.7 247.3 227 196.3 168.4 158.9 158.1 159.6 163 169.2 177.8 176.3 183.8 188.1 202.1 214.6 207.3 196.8 182.3 172.3 168.7 167.1 161.6 157.8 163.6 166 181.8 194 206.9 207.1 216.7 224.2 228.4 231 228.3 221.5 217.5 216.2 216.6 213.4 211.5 209.6 209.2 206.8 203.8 201.7 198.1 185.8 173.6 168.4 169.7 169.8 174 180.1 181.8 183
453.7 450.1 444.2 435.1 429 425.1 419.1 421.7 411.4 413.1 416.9 423.8 436.9 441.1 437.6 442.5 433.2 382.2 348.5 320.7 298.5 280.7 271.8 268.9 266.2 258.5 234.7 204.3 183.9 163.2 159.4 160.8 163.1 170.1 180.5 198.1 227.2 201.7 201.8 222.3 223.3 225.2 216.7 195.4 189.7 182.8 177.2 172.9 171.7 174.6 167.7 182 194.6 202.9 213.5 225.5 232.9 238.6 237.3 230.6 225.4 221.6 220.6 220.1 214.4 212.6 210.5 208.9 205.6 203.7 201 196.6 188.4 174.4 168 167.1 166.1 173.8 179.4 179.7 178.1
454.8 450.3 442.1 430.1 424.8 421.5 415.6 405.4 403.8 408.2 408.5 420.8 432 431.8 432.9 438.6 422.8 375.1 338.5 307.7 292.6 284.7 272.1 268.5 264 251.8 225 193.4 174.8 160.6 161 163.5 169.1 187.4 213.7 243.9 247.2 260.1 236.1 247.7 247 244 232.2 215.5 200.8 189.6 184.1 181.6 186.6 191.2 184.4 183.3 195.8 209.6 222.1 234.4 241.9 244.2 243.6 235.8 229.8 227.6 227.7 220.5 215.9 212.7 211.5 209.3 208.6 204.8 202.1 199 187.9 171.7 166 165.6 164.9 165.1 167.5 174 179.9
451.4 449.3 436.4 419.8 418.8 419.2 417.5 406.9 400.3 401.8 402.8 414.3 422.4 422.9 429.1 431.7 406.6 366.4 333.3 303.9 296.1 295.6 279 268.5 259 240.1 217.4 194.5 173.7 162.6 165.2 177.1 188.9 208.6 248.8 277 287.6 296.7 271.7 276.8 262.8 255.6 246.2 224.9 209.8 197.4 186.3 190.3 205.3 207.1 187.8 183 197.7 216.4 229.9 244.7 252.5 251.6 248.4 240.7 235.5 232 229.4 221.7 216.7 214.5 212 211.3 208.3 205.1 204.6 195.6 177.3 169.5 166.4 165.8 166.6 165 163.6 163.1 167.4
442.9 437.7 427.3 414 414.1 418 418.5 412 404.7 400.8 396.3 405.8 408.6 415.9 426 419.8 395.7 357.3 324.8 300.9 301.5 297.5 276.2 263.8 257.3 228 204 191.2 177.5 169.6 187.8 187.8 202.6 237 280.3 298.5 310.8 336.1 325.6 303.3 278.9 270.8 257.7 231.4 221.4 203.3 195.1 199.3 209.6 207.9 185.3 185.3 201.7 222.3 238.9 253.1 258.5 258.1 252.1 245.4 236.8 233.6 229.3 222.6 218.5 215.1 213.8 214.5 210.6 210.7 207.4 185.5 173.8 168.3 167.4 169.1 174.6 176.2 166.5 164.8 163.4
431.9 428.3 419.6 410.7 412.7 415.2 413.6 414.1 408.6 399.7 392.3 397.7 400.3 410.3 413.5 412 384.2 342.5 312.3 291.4 290.9 281 264.6 254.6 241.8 215.5 196.2 176.9 209.8 206.1 199 206.1 221.8 255.9 299.7 314.9 329.4 350.2 345.1 327.2 302.7 285 274.3 244.4 226.2 208 204.5 202.4 203.1 197.2 184.5 187 205.4 228.5 246.5 260.1 263.8 261.5 256.5 246.4 237.3 233.3 227.8 222.6 218.8 216.1 218.3 218.3 215.8 209.5 195.8 189.7 171.4 168.5 168 170.1 173.7 173.6 174.8 172.6 162.9
418.3 416.7 409.7 409.8 413.8 414.7 413.2 410.6 405.8 392.9 391.7 395.3 393.7 405.4 408.1 404 364.3 328.2 297.4 283.2 276.6 260.7 246.7 234.9 221.8 198 183.2 205.3 226.7 219 210.3 218.5 244.8 276.9 313.3 324.9 342.6 358.6 359.9 346.8 322.9 298.4 283.7 258.3 233.1 219.5 205.1 197.8 195.7 188.3 188.9 191.7 209 233.2 254 264.3 269.3 266.6 258.4 244 235.5 232.1 227 221.9 220 220.4 222.2 220.5 217 206.4 195.5 184.5 172.5 169.8 168.4 168.5 169 169.1 168.8 168 165.4
405.4 399.8 395.6 397.1 403.2 406.2 408.5 402.8 398.8 385.5 399 394.9 386.3 394.4 399.2 373.1 340 310.5 282.6 265.3 254.5 241.5 226.8 209.5 194.7 183.3 187.7 212.2 233.5 230.7 235.4 253 277.8 306.9 326.2 331.5 352 359.8 366.9 361.9 340.4 312.7 289.5 268.3 243.9 215.7 202.6 194.8 189.7 189.2 188.2 196.2 216.1 237.7 259.2 275 275.9 270 257.8 242.1 236 229.1 227 224 222.9 224 225.3 220.5 216.3 209.4 195.9 177.4 172.3 168.4 168.6 169.4 169.7 169.9 168.4 166.9 165.3
397.1 393.8 392 391.8 393.6 395.2 397.7 394.6 389.7 381.4 389.4 389.2 380.9 386.2 375.8 343.3 314.9 286 263.4 247 233.2 221 203.3 190.8 183 183 198.1 224 241.6 250.4 263.9 285.6 310.2 316.3 332 340.1 359.7 361 370.2 369.6 354.9 327 304.4 268.6 239.7 210.2 200.3 197.3 190.8 189.9 189 204.7 224 244.1 267.9 283.4 277.5 269.5 251.4 242.1 237 234.4 228.8 227.2 227 228.7 225.8 219.8 213.1 208.4 196.9 175.4 170.2 169.2 168.9 170.1 169.6 169.3 167.9 167.7 165.7
386.3 385.1 384.4 383.5 387.7 387.2 386.1 389 381.8 381.5 385.5 376.2 374.5 377.6 357 321.7 291.3 263.5 246.2 229.9 216.7 200.1 186.5 183 183 189.7 209.8 231.4 247 269.8 292.7 296.8 306.3 318.5 335.7 344.3 356.4 364.9 372 371.2 351.1 322.6 282.9 252.9 231.1 206.2 192.3 191.5 193.1 187.3 189.8 207.7 230.2 252.3 276.9 283.1 275.2 264.1 252.5 245.5 244.2 241.3 234.7 232.8 230.9 231 228.3 219.2 214 209.6 196.3 178.5 170.9 170.4 169.9 171 170.2 169.1 169.5 169.5 170.1
378.5 376.3 379.3 375.9 375.7 380.2 379.9 379.8 374.3 380.3 376.5 368.8 369.9 366.8 338.1 310 270.9 245.6 228.1 211.2 200 188.1 183 183 183 198.5 217.6 237.2 255.3 277 292.2 298.2 308 322.7 333.8 348.9 358.4 368.5 372.5 374.6 352.4 303.7 263.9 232.2 213.3 197.5 187.3 187.3 187.3 187.3 192.9 213 235.8 259.7 282 282.9 275.6 264.5 255.6 250.1 250.7 244.7 239.9 236.2 234.6 231.6 226 220.3 218.5 213.8 197 180 172.3 172 171.8 173.7 177.2 179.3 177.6 180 182.6
368 370.3 371 373.6 372.7 377.8 379.1 374.3 366.6 372.5 367.9 360.1 360.2 345 314.1 283.1 254.6 228.8 211.5 196.1 185.9 183 183 183 183 204.2 222 239.8 251.2 271.5 290.4 299.1 312.6 328.4 346.4 360.4 366.3 377.5 377.9 364 345.7 291 244.4 216 199.3 189.6 187.3 187.3 187.3 187.3 196.3 219.1 242.9 268.1 289 281.5 274.3 263.8 257.4 256.1 256.4 246.7 245.8 243.2 238 234.3 231.1 228.8 227.6 223.5 211.4 189.4 175.6 174.9 180.4 180.7 184.4 186.9 191.3 194.1 197.9
361.5 366.1 363.1 362.6 364.2 371.5 375.7 367.7 359.3 368.1 349.9 347.7 345.7 318.8 285 261.7 238.1 215.8 197.9 183.5 183 183 183 183 189.3 209.1 230.1 249 265.5 281.6 296.9 306.1 317.5 334.8 351.6 368.8 378.2 387.6 387.1 356.3 309.9 260.6 226.5 202.9 193 187.3 187.3 187.3 187.3 187.3 202.6 225.6 250.2 276.2 288.6 283.2 272.6 265.1 261.1 262.3 259.4 253.9 257.5 251.7 243.3 243.6 241.9 236.3 238 235.8 221.2 199.9 186.4 184.7 188.4 190.4 190.2 192.3 203 206.6 209.4
351.2 354.4 353.4 352.9 352.7 358.6 360 354.2 344.8 353.1 336.9 333.6 320.4 289.3 259 239.7 218.9 199.3 185.5 183 183 183 183 183 196 214.8 242.2 258 274.8 292 306.9 316.4 325.9 337.2 361.8 371.4 381.9 397 390.8 362.5 283.8 242.9 215.1 196.6 187.3 187.3 187.3 187.3 187.3 189.9 208.4 230.9 255.9 283.5 288.6 280.6 272.6 266.4 263.2 265.3 267.9 265.2 265 258.8 253.5 253 249.5 244.9 247.3 247.4 222.1 209.9 191.3 192.7 197.4 198.2 195.1 209.1 213.8 215.4 217.4
343.7 342.2 345.3 344.1 345.6 344.8 342.3 335.9 327.3 334.8 321.8 306.8 280.9 262.3 237.5 217.7 197.9 183 183 183 183 183 183 186.8 203.8 223 247.6 264 283 299.2 312.6 319.6 330.2 342 363.5 376.5 390.4 394.7 388.5 350.8 278.7 235.3 205.7 187.3 187.3 187.3 187.3 187.3 187.3 193.2 215 238.5 264.6 291.4 285.2 281.1 274.4 272.7 270.8 271.8 280.1 281.8 280.7 270.4 264.4 262.2 259.1 255.3 257.5 259.2 225.4 217.2 199.4 201 205 204.9 205.4 216.6 220 222.6 222.6
340.5 338.2 334.1 329.9 328.6 327.4 323.4 318.6 310.3 313.2 298.3 277.4 249.4 237.1 218.2 197.4 183 183 183 183 183 183 185.2 193.7 208.2 236.3 263.2 281.3 296.5 306.4 313.9 322.8 334.6 346.6 362.7 375.7 384.9 385.6 382.2 346.3 273.1 232.4 199.1 187.3 187.3 187.3 187.3 187.3 187.3 195.4 217.7 245.5 271.9 290.4 288.4 288.1 277 276.8 285.8 285.4 290.1 287 286.3 277.9 272.4 269 267.3 263.4 267.7 265.9 238.8 220 207.1 212.9 214.4 211.2 216.1 222.8 225.3 228 228.7
330.8 332.4 334.9 322.8 314.1 313.7 313.7 305.8 295.6 287.9 274.1 250.1 232.7 210.4 198.8 184.7 183 183 183 183 183 183 192.4 204.4 218 246.9 273.2 290.7 306.8 311.3 317.1 328.1 341.1 353.1 362.4 369.2 376.7 381.3 374 332 283.5 236.5 201.2 196.5 189.2 187.3 187.3 187.3 187.3 196.6 224.1 250.2 278.4 291.9 294.6 294 289.2 284.9 295.5 294 296.6 297.2 293.9 285.6 279.2 276.9 270.2 274.8 273.2 270.2 241.5 223.3 225.6 225.6 224.3 221.3 221.6 233.4 235.8 234 236.5
321.7 324.7 323.1 308.7 302.1 301.6 296.8 293.2 278.3 254.5 245.5 227.2 211 194.1 188.1 183 183 183 183 183 183 183 198.5 211.2 232.1 258.2 281.1 300.9 311.3 317.1 321.8 338.9 353.8 359.1 363.4 371.3 374.7 371.7 368.1 329.6 288.9 249.4 219.1 207.7 197.7 187.3 187.3 187.3 187.3 198.5 223.8 252.6 282.9 295.5 303.2 298 295.5 292.5 300.5 299.9 307.8 304.7 299.2 289.3 282.6 279.5 277.5 281.6 279.6 263.4 241.1 237.8 236.5 234.5 232.5 227.5 229.6 240.9 245.9 247.4 245.9
315.5 314.1 307.2 296.3 285.6 284.7 278 273 259.9 232.4 218.9 206 194.7 183 183 183 183 183 183 183 183 190 204.5 222.8 248 271.6 294.4 307.8 314.8 320.6 330.6 347.5 367.9 365.7 360.4 365.2 368.7 368.4 352.1 313.7 280.9 254.6 230.8 214.5 191.1 187.3 187.3 187.3 187.3 200.9 221.8 255.4 283 297.5 301.4 298.2 294.8 301.8 301.6 304.3 313.9 308.3 301.3 292.7 286.2 278.4 286.8 292.8 292.2 262.9 247 245.6 246.2 247.7 239.2 239.8 238.5 248.6 254.2 257.9 255.4
