UK/data/sx/sx96_OST50GRID_20230518/SX96.asc
ncols 200
nrows 200
xllcorner 290000
yllcorner 60000
cellsize 50
[rows 0 to 36 of 200, columns 0 to 84 of 200]
82.3 90.9 109.7 120.4 126.6 134.3 139.2 143.6 140.9 134.2 125.9 115.7 110.1 106.6 102.4 97.1 87.4 65.3 53.5 57.9 70.8 82.7 92.6 100.6 109.1 117.8 114.6 111.1 99.1 86.4 75.9 67.7 59.7 51 46.2 54 63.9 75.1 85.1 92.9 96.4 97.8 101.7 106.4 113.1 120.5 131 138.1 145.5 149.5 149.1 145.2 138.1 134.3 134.3 131.1 128.2 125.7 124 123.9 120.6 110.6 81.6 43.2 24.5 -1.4 -1.4 -1.4 -1.4 -1.4 -1.4 -1.4 -1.4 -1.4 -1.4 -1.4 -1.4 -1.4 -1.4 -1.4 -1.4 -1.4 -1.4 -1.4 -1.4
83.3 100.3 110 118.8 123.7 133 141.3 145.5 144 137.1 129.3 120 113.9 108.3 102 95.7 87.2 66.6 56 56.7 69.6 81.3 94.1 103.9 113 120.3 118.3 110.3 97.6 86 75.7 67.2 61.1 53 46.8 52.5 65.2 76.6 82.6 83.6 82.5 85.6 88.2 94.3 101.3 109.1 120.3 131.5 141.7 149.9 152.1 151.4 147.5 144.7 143 137.9 131 127.2 124.3 107.1 102 94.5 74.7 25.2 7.9 -1.4 -1.4 -1.4 -1.4 -1.4 -1.4 -1.4 -1.4 -1.4 -1.4 -1.4 -1.4 -1.4 -1.4 -1.4 -1.4 -1.4 -1.4 -1.4 -1.4
84.1 99.3 106.1 114.6 119.9 130 140.6 145.8 143.6 137.8 128.1 116.7 108.5 102.6 96 84.5 72.9 63 57.6 60.4 74.6 87.6 100 109.5 117.4 123.5 123.6 117.6 108.5 97.9 86.3 78.5 71.6 61.7 49.3 51.9 65.2 76.9 76.5 71.9 73.4 77.5 82.4 88.1 93.6 101.7 112.8 124.7 136.3 146.2 152.8 155.9 154.2 150.4 143 131.4 124.3 118.5 116.8 107.4 86.3 78.3 54.1 10.2 -1.4 -1.4 -1.4 -1.4 -1.4 -1.4 -1.4 -1.4 -1.4 -1.4 -1.4 -1.4 -1.4 -1.4 -1.4 -1.4 -1.4 -1.4 -1.4 -1.4 -1.4
79.2 91 98.6 103.7 111.8 126.6 137.9 144.1 141.7 137.9 128.7 115.7 104.8 95.1 87.3 76.5 69.4 63.2 58 61.5 73.8 83.3 94.1 106.9 116.8 123.7 125.7 120.6 111.6 103.1 92.1 83.7 76 64.8 53.3 49.7 61.6 70.7 67.6 69 76.1 85.7 92 97.5 101.6 108.1 113.3 121.4 132.6 143.4 152 157 156.5 150.2 136.5 118 106.3 102.1 100.3 103.4 91.9 75.6 64 0.7 -1.4 -1.4 -1.4 -1.4 -1.4 -1.4 -1.4 -1.4 -1.4 -1.4 -1.4 -1.4 -1.4 -1.4 -1.4 -1.4 -1.4 -1.4 -1.4 -1.4 -1.4
71.7 79.4 87.7 99.1 111.2 124.6 135.1 141.5 141.6 138 129.1 118.1 106 93.6 87.5 84.6 77.2 65.5 58.5 61.2 72.6 79.7 90.1 100.9 112.9 122.8 126.9 123.1 113.8 102 90.1 79.7 69.8 61.4 57.7 51.8 56.5 62 63.9 73.9 80.7 87.4 94.2 102.7 109.2 113.8 118.3 125.8 134 141.7 150.5 156.3 148.8 132.3 123.7 106.4 96.1 86.5 83.7 91.2 90.8 79.6 26.3 2.7 -1.4 -1.4 -1.4 -1.4 -1.4 -1.4 -1.4 -1.4 -1.4 -1.4 -1.4 -1.4 -1.4 -1.4 -1.4 -1.4 -1.4 -1.4 -1.4 -1.4 -1.4
69.8 74.6 88.2 99.6 112.6 121.4 132 138.4 140.5 137.3 128.6 116.7 105.7 100.1 100.6 99.1 83.3 68.9 60.9 63.5 77.5 90 96.4 104.6 114.1 122.8 128.3 124.5 115.5 106.4 92.8 81.8 71.4 68.8 65.7 52.7 53.8 57 65.8 74.2 80.5 86 93.1 102.6 110.5 115.7 120.8 127.8 134.7 141.5 148.2 151.6 140.4 125.4 111.4 101.2 93.4 81.1 72.5 75.3 75.5 35.9 -1.4 -1.4 -1.4 -1.4 -1.4 -1.4 -1.4 -1.4 -1.4 -1.4 -1.4 -1.4 -1.4 -1.4 -1.4 -1.4 -1.4 -1.4 -1.4 -1.4 -1.4 -1.4 -1.4
81.1 75.1 83.6 100.3 112.3 120.1 127.3 133.9 138.4 137.7 132.6 122.7 116.1 113.2 114.3 109.2 88.8 72.2 62.2 61.4 78.4 93.3 101.2 107.8 116.2 123.9 129.8 126.9 117.9 108.3 98.3 84.9 75.8 77.8 73 61.1 54 55.5 64.2 72.9 78.3 84.3 91.7 100.1 107.5 112.1 118.4 125.2 131.8 139 144.9 135.7 122.4 117.6 102.5 94.4 89.6 80.1 67.3 61.8 58.4 17.4 -1.4 -1.4 -1.4 -1.4 -1.4 -1.4 -1.4 -1.4 -1.4 -1.4 -1.4 -1.4 -1.4 -1.4 -1.4 -1.4 -1.4 -1.4 -1.4 -1.4 -1.4 -1.4 -1.4
96.8 84.2 80.6 90.8 102.6 112.2 120.5 127.9 135 138.9 143.4 139.7 130 120 114.2 108.9 96.6 78.3 63.5 61.4 73.9 84.2 95.6 107.6 117.3 125.7 129.7 128.3 120.2 111.8 100.7 86.9 86.5 91.3 84 74.3 63.7 55.8 62 69.9 76.6 83.8 89.2 94 99.8 104.3 111.1 120.1 127 135.3 141.1 134.3 115.4 106.1 96.4 88.6 80.3 73.3 67.4 61.2 54.3 37.9 -1.4 -1.4 -1.4 -1.4 -1.4 -1.4 -1.4 -1.4 -1.4 -1.4 -1.4 -1.4 -1.4 -1.4 -1.4 -1.4 -1.4 -1.4 -1.4 -1.4 -1.4 -1.4 -1.4
101.6 88.3 91.7 91.4 92.8 101 111.1 120.5 130.9 138.4 146.2 141.3 130.4 117.4 106.4 101.3 96.1 81.6 64.7 62.3 76.2 89.6 100.2 108.4 115.7 123.7 127.6 128.9 123.8 116.1 104.7 97 98.5 98.5 90.3 80.7 69.7 57.4 59 66.7 73.5 78.6 83.2 85.7 91.5 99.6 107.1 114.5 122 129 139.2 141.9 124.1 109.6 107.4 97.5 89.9 84.7 75.5 66.6 57.3 48.5 -1.4 -1.4 -1.4 -1.4 -1.4 -1.4 -1.4 -1.4 -1.4 -1.4 -1.4 -1.4 -1.4 -1.4 -1.4 -1.4 -1.4 -1.4 -1.4 -1.4 -1.4 -1.4 -1.4
106.4 95.4 110.7 110.5 105.7 99.9 107.4 118.1 127.6 138.3 145.4 137.6 128.2 109.5 93.5 86.2 80 72.9 62.1 64 81.2 95.6 102.4 106.3 110.5 116.4 124.8 128.5 128.1 122.9 116.8 111.3 108.7 100.9 91.5 82.1 70.4 59.9 58.9 62.7 67.4 71.3 75.9 80.6 87.4 96.1 102.9 109.3 116.8 124.4 133.6 140.6 139.5 127.2 116.7 104.4 95.2 87.2 80.6 70.8 61.3 53.6 -1.4 -1.4 -1.4 -1.4 -1.4 -1.4 -1.4 -1.4 -1.4 -1.4 -1.4 -1.4 -1.4 -1.4 -1.4 -1.4 -1.4 -1.4 -1.4 -1.4 -1.4 -1.4 -1.4
114 103.1 117.1 121.6 116.7 111.5 108.8 119.9 128.9 138.5 142.9 134.6 116.2 100.2 89.3 81.9 75.7 69 63.5 66.3 81.8 93.2 94.5 96.5 102.9 110 119.8 126.7 130.8 129.8 126.4 121.7 114.1 102.5 89 79.5 69.5 62.7 59.7 61.5 68.3 73.5 78 84.8 88.3 93.2 101.2 108.6 115.7 123.2 130.9 135.1 137.1 128.6 115.9 98.3 86.1 75.9 68.1 63.8 58.2 50.9 3.9 -1.4 -1.4 -1.4 -1.4 -1.4 -1.4 -1.4 -1.4 -1.4 -1.4 -1.4 -1.4 -1.4 -1.4 -1.4 -1.4 -1.4 -1.4 -1.4 -1.4 -1.4 -1.4
120.5 111.4 122.7 125.6 123.9 119.9 115.6 125.2 133.2 142.3 143.4 133.9 114 100.8 94.2 91.5 88.1 73.9 65.4 64.3 72.1 78.9 83.4 90.7 100.1 107.4 116.5 124.8 131.4 135.3 133.1 128.3 119.4 106.2 93 81.7 74.3 66.6 61.5 64.3 72.5 78.2 83.8 89.7 95 99.6 102.4 110 117.1 124 128.6 117.8 117 124.3 113.8 100.3 87.4 76 65 53.3 25.6 -1.4 -1.4 -1.4 -1.4 -1.4 -1.4 -1.4 -1.4 -1.4 -1.4 -1.4 -1.4 -1.4 -1.4 -1.4 -1.4 -1.4 -1.4 -1.4 -1.4 -1.4 -1.4 -1.4 -1.4
126.4 118.7 124.9 130.1 131.2 124.4 122.7 131.3 138.5 145.8 143.9 132.6 117.8 109.5 106.6 104.7 97 82.6 70.6 66.1 68.8 77.6 87.7 99.9 107.6 111.5 118.8 125.7 132.6 138.2 137.6 131.7 123.2 110 96.8 86.3 77.4 69.4 64 64.9 71.2 76.5 82.9 89.1 95.2 103.1 109 114.8 120.1 125.8 120.9 105.1 102 114.7 111.3 99.4 89.1 77.5 65.7 54.4 2.2 -1.4 -1.4 -1.4 -1.4 -1.4 -1.4 -1.4 -1.4 -1.4 -1.4 -1.4 -1.4 -1.4 -1.4 -1.4 -1.4 -1.4 -1.4 -1.4 -1.4 -1.4 -1.4 -1.4 -1.4
134.1 125 128.9 135.3 136.1 130.3 131.6 137.5 143.4 149.3 147.7 140.5 131 123.1 111.5 98.5 88.8 78.5 70.8 67.5 69.5 83.6 94.8 102.8 109.1 113.6 118.3 126.2 132 139.2 139.8 133.3 125 111.9 97.9 89.1 79.3 71.6 66.6 64.7 69.7 75.2 81.7 87.4 92.9 100.8 108.6 116.5 124 126.8 111.3 100.1 92.4 100.4 104.2 95.1 83.6 69.7 62 56.2 -1.4 -1.4 -1.4 -1.4 -1.4 -1.4 -1.4 -1.4 -1.4 -1.4 -1.4 -1.4 -1.4 -1.4 -1.4 -1.4 -1.4 -1.4 -1.4 -1.4 -1.4 -1.4 -1.4 -1.4 -1.4
141.3 132.8 136.5 142.3 138.7 135.2 139.6 144.5 149.9 151.5 150.1 148.9 128.4 112 97.4 86.3 79.7 76.6 75.2 70 69.2 79.9 86.7 92 101.2 108.5 114.9 122.6 130.5 138.5 141.7 135.1 126.4 114.7 99.1 92.5 83.9 75.2 69.1 65.3 67 74 80.4 85.3 90.9 98.1 105.8 115.9 124.4 124 108.1 100.9 89.7 84 88.9 85.3 70.9 60.2 54.3 48.6 15.3 -1.4 -1.4 -1.4 -1.4 -1.4 -1.4 -1.4 -1.4 -1.4 -1.4 -1.4 -1.4 -1.4 -1.4 -1.4 -1.4 -1.4 -1.4 -1.4 -1.4 -1.4 -1.4 -1.4 -1.4
149.6 145.1 144.6 148.6 145.6 142.5 146 151.1 153.3 152.8 150.1 138.3 116.5 100.6 91.4 86.7 88.3 86.9 83.9 75.6 69.4 72.5 80.7 88.1 96.2 105.6 113.2 122.5 129.9 138.7 142.8 137.2 127.3 116.8 103.5 94.4 88.6 78.9 71.4 67.7 67.2 71.8 77.7 83.5 90.9 98 103.8 112.1 122.1 127.3 121.5 105.4 94.2 86.2 75.7 69.3 63.4 57.8 52.5 46.5 34.9 -1.4 -1.4 -1.4 -1.4 -1.4 -1.4 -1.4 -1.4 -1.4 -1.4 -1.4 -1.4 -1.4 -1.4 -1.4 -1.4 -1.4 -1.4 -1.4 -1.4 -1.4 -1.4 -1.4 -1.4
158.7 157.6 154.2 157.3 154.6 152.7 155 156.6 154.6 149.9 146.4 131.6 110.2 96 93.1 98.4 103 99.3 89.9 79.7 72.6 71.5 81.5 92.6 104.8 113.1 120.1 124.6 133.1 140.2 143.6 138.9 128.8 117.7 105.8 96.7 90.6 82.5 76.7 70.8 68.2 70.6 74.9 82.3 89.4 95.3 101 109.9 119 121.5 119.9 116.3 110.8 98.4 89.3 78.3 68.9 61.9 54.7 49.5 22.5 -1.4 -1.4 -1.4 -1.4 -1.4 -1.4 -1.4 -1.4 -1.4 -1.4 -1.4 -1.4 -1.4 -1.4 -1.4 -1.4 -1.4 -1.4 -1.4 -1.4 -1.4 -1.4 -1.4 -1.4
165 167.3 165.5 165.7 164.9 164 162.4 158.4 152.8 145.2 137.1 128.5 107.2 98.2 103.4 112.1 119.9 110.8 95.5 86.5 80.2 72.4 77.6 90.4 104.9 115.9 122.4 128 134.7 140.6 143 137.8 128.6 117.5 108.3 98.8 91.4 84.3 77.5 74.4 71.9 71.3 73.4 79.8 87.6 92.6 98.5 107.4 115.5 115.3 109.7 107.6 106.5 101.6 93.7 85.4 79.3 69.5 63.1 40.7 -1.4 -1.4 -1.4 -1.4 -1.4 -1.4 -1.4 -1.4 -1.4 -1.4 -1.4 -1.4 -1.4 -1.4 -1.4 -1.4 -1.4 -1.4 -1.4 -1.4 -1.4 -1.4 -1.4 -1.4 -1.4
167.2 172.4 172.5 172.1 171 170.4 166.3 158.1 150.2 135.9 125.7 121.1 105.7 106.8 114 122.3 129.5 117.1 105 97.9 88.1 75.6 75.3 88 103.4 114.1 118.9 127 135 140.6 142.2 137.7 127.5 116.9 107.6 99.3 90.4 84.9 82.4 81.7 80.6 75.8 73.7 78.8 86.6 90.8 97.3 105.4 112 110.9 100 93.3 93.5 90.8 87.7 86.8 82.4 68.1 7.1 -1.4 -1.4 -1.4 -1.4 -1.4 -1.4 -1.4 -1.4 -1.4 -1.4 -1.4 -1.4 -1.4 -1.4 -1.4 -1.4 -1.4 -1.4 -1.4 -1.4 -1.4 -1.4 -1.4 -1.4 -1.4 -1.4
166.6 171.7 175.4 176.4 175.1 173.9 167.4 154.4 140.6 128 120 112.4 110.6 119.4 128.3 134.9 134.8 126.8 113.9 99.2 86.5 77 75.4 84.1 95.5 102.5 113.6 124.2 134.7 140.2 140.4 136 127.3 117.4 107.9 100 93.2 91 91.3 89.1 86.2 82.6 78.7 76.7 83.6 89.5 96 104.3 110.5 108.1 97.6 84.1 79.8 77.4 74.5 72.9 71.8 50.9 -1.4 -1.4 -1.4 -1.4 -1.4 -1.4 -1.4 -1.4 -1.4 -1.4 -1.4 -1.4 -1.4 -1.4 -1.4 -1.4 -1.4 -1.4 -1.4 -1.4 -1.4 -1.4 -1.4 -1.4 -1.4 -1.4 -1.4
162 170.1 174.1 174.6 173.9 172.6 167.8 158.2 147.3 133.2 122.3 118.9 120.1 129.5 138.7 137.9 133.1 123 106.8 91.9 83.3 80.6 76.7 77.7 85.8 95.6 110.3 120.4 130.6 136.9 138.9 135 127.2 119.3 110.3 103.6 100 99.9 99.5 98.1 93.6 87.5 83.5 79.4 83.3 89.6 96.9 103.6 108.8 107.8 98 86.7 77.4 68.3 61.2 57.7 57.1 46.7 -1.4 -1.4 -1.4 -1.4 -1.4 -1.4 -1.4 -1.4 -1.4 -1.4 -1.4 -1.4 -1.4 -1.4 -1.4 -1.4 -1.4 -1.4 -1.4 -1.4 -1.4 -1.4 -1.4 -1.4 -1.4 -1.4 -1.4
155.1 166.1 170.7 171 170.1 168.8 167.2 161.1 152.4 139.5 136.4 131.7 129.7 134.5 139.6 135.8 128.7 115 98.3 91.1 91.6 92.3 83.4 77.8 79.5 89.9 103.4 115.1 124.9 130 134.8 136.3 132.2 124.7 116.2 110.3 110 110.1 108.4 104 99 92.1 85.5 82.4 82.2 88.1 95.5 102.8 106.3 107.8 105.5 97.8 86.8 74.8 66.3 57.4 48.8 43.6 -1.4 -1.4 -1.4 -1.4 -1.4 -1.4 -1.4 -1.4 -1.4 -1.4 -1.4 -1.4 -1.4 -1.4 -1.4 -1.4 -1.4 -1.4 -1.4 -1.4 -1.4 -1.4 -1.4 -1.4 -1.4 -1.4 -1.4
150.7 160 164.3 166.2 165 164 163.4 161.2 156.4 149.4 145.9 142.7 141.9 141.1 136.6 131.6 123.2 108 97.8 96.8 102 101.8 92 80.2 77.4 87.9 100.5 109.7 113.8 119.9 130.4 136.3 136 131.3 124.7 122.2 121.4 117.9 112.5 106.7 100.5 92.7 89.6 86.8 84.4 86.9 93.9 100 103.6 106.1 106.4 104.7 97.3 85.2 74.7 64.5 52 9 -1.4 -1.4 -1.4 -1.4 -1.4 -1.4 -1.4 -1.4 -1.4 -1.4 -1.4 -1.4 -1.4 -1.4 -1.4 -1.4 -1.4 -1.4 -1.4 -1.4 -1.4 -1.4 -1.4 -1.4 -1.4 -1.4 -1.4
147.1 155.4 160.8 161.5 160 157 159.2 159.4 159 157.4 154.7 151.2 148.5 142.9 135.5 125.5 114.7 105.9 105.4 107 108.2 102.7 94.7 83.5 78.3 81.8 92 100.5 104.1 116.6 129.1 135.2 139.5 138.4 134.2 131.9 127.1 121.6 115.2 107.5 99.4 99.3 96.7 93.3 89.6 87.4 93 97.8 101.2 102.2 103.3 102.5 100.8 95.6 86.4 74.3 62.6 16 -1.4 -1.4 -1.4 -1.4 -1.4 -1.4 -1.4 -1.4 -1.4 -1.4 -1.4 -1.4 -1.4 -1.4 -1.4 -1.4 -1.4 -1.4 -1.4 -1.4 -1.4 -1.4 -1.4 -1.4 -1.4 -1.4 -1.4
143.3 152.1 157.4 157.9 153.8 147.5 151.7 154.6 157.8 157.7 156.9 154.6 150.3 143.5 134 123.5 116.8 116 114.8 110.2 104.5 98.1 89.7 83.9 82.3 80.4 82.5 90.6 98.9 107.4 114.9 128.1 139.2 142.1 139.6 137.3 132.2 125.2 118.1 109.5 106.2 107.4 104.1 99.1 94.5 90.9 91.4 95.7 98.7 99.4 97.4 94.9 94.2 94.8 91.7 81.9 69.6 40.1 -1.4 -1.4 -1.4 -1.4 -1.4 -1.4 -1.4 -1.4 -1.4 -1.4 -1.4 -1.4 -1.4 -1.4 -1.4 -1.4 -1.4 -1.4 -1.4 -1.4 -1.4 -1.4 -1.4 -1.4 -1.4 -1.4 -1.4
140.2 149 154.1 152.7 146.9 139.7 143.6 148.2 152 153.9 154.3 153.5 150.3 145.4 136.9 127.6 126.5 124.1 116.1 107.4 100.9 94.5 90.5 88.4 86.3 87.6 84.7 83.6 89.9 98.8 107.8 121 134.4 140.5 141.5 139.4 135.4 128.9 123.7 116.8 116.4 112.9 109.1 103.2 97.9 92.6 93.1 94.9 95.6 94.9 90.2 84 82.7 86.6 85.9 77 68 60.6 2.2 -1.4 -1.4 -1.4 -1.4 -1.4 -1.4 -1.4 -1.4 -1.4 -1.4 -1.4 -1.4 -1.4 -1.4 -1.4 -1.4 -1.4 -1.4 -1.4 -1.4 -1.4 -1.4 -1.4 -1.4 -1.4 -1.4
140.1 148.1 151.9 148.8 140 132.8 136.3 144.3 148.1 149.5 149.7 152 151 147.9 141.6 135 132.2 126.3 116.2 108.1 103 97.8 98.6 99 99 97.2 91.7 86.3 86.7 92.4 102.1 114.1 128.3 133.7 137.4 138.9 138.9 133.1 128.8 126.4 123.2 118 111.6 105.5 99.6 96.3 95.9 95.3 92.7 88.4 81.9 71.1 69.2 74.5 73.7 68.2 62 55.7 13.4 -1.4 -1.4 -1.4 -1.4 -1.4 -1.4 -1.4 -1.4 -1.4 -1.4 -1.4 -1.4 -1.4 -1.4 -1.4 -1.4 -1.4 -1.4 -1.4 -1.4 -1.4 -1.4 -1.4 -1.4 -1.4 -1.4
146.7 148.1 148.6 143.1 132 125.7 135.2 140.5 142.8 144.3 144.9 146.7 149.5 149.4 146.6 142.6 138.3 133.5 123.2 114.1 109 105.1 106.3 109.7 109 105.5 100.7 94.3 88.5 89 97.3 107.3 117.4 124.9 130.4 135.1 139.7 138.7 135.1 131.1 126.2 120.9 113.8 105.8 103.8 101.5 98.5 95.5 88.8 79.4 71.7 65.3 59.8 64.1 63.5 59.4 54.6 43.3 10.8 -1.4 -1.4 -1.4 -1.4 -1.4 -1.4 -1.4 -1.4 -1.4 -1.4 -1.4 -1.4 -1.4 -1.4 -1.4 -1.4 -1.4 -1.4 -1.4 -1.4 -1.4 -1.4 -1.4 -1.4 -1.4 -1.4
145.6 146.5 143.9 133.4 122.1 124.1 134.2 136.7 136.1 134.9 136.1 142.7 145.5 147.2 149.1 147.8 145.3 139.4 132.7 124.6 118.5 114.4 115.6 116.6 115.8 110.5 106.2 97.5 90.8 90 92 99.2 107.8 114.8 120.7 127.9 134.3 139.3 138.3 134.3 129 122.8 114.1 109.6 108.2 105.1 101.7 93.9 78.9 69.4 59.7 54.7 51.3 54.6 54.6 51.8 45.9 27.2 -1.4 -1.4 -1.4 -1.4 -1.4 -1.4 -1.4 -1.4 -1.4 -1.4 -1.4 -1.4 -1.4 -1.4 -1.4 -1.4 -1.4 -1.4 -1.4 -1.4 -1.4 -1.4 -1.4 -1.4 -1.4 -1.4 -1.4
143.8 142.6 138.7 122.6 115.6 126.1 131.7 130.1 125.6 124.9 132.1 139.5 141.4 142.5 147.8 150.1 149.1 146.3 141.3 135 127.6 123.7 123.7 120.7 118.1 112.2 102.4 96.1 95.2 93.8 94 94.6 100.2 106.6 111.8 117.2 126.9 136.2 138.8 136.4 132 124.3 117.1 114.1 111.9 108.5 104.2 92.5 79.4 64.4 53.5 46.3 45.2 44.6 44.9 28.3 -1.4 -1.4 -1.4 -1.4 -1.4 -1.4 -1.4 -1.4 -1.4 -1.4 -1.4 -1.4 -1.4 -1.4 -1.4 -1.4 -1.4 -1.4 -1.4 -1.4 -1.4 -1.4 -1.4 -1.4 -1.4 -1.4 -1.4 -1.4 -1.4
140 138.4 128.6 112 109.7 126.4 125.6 119.8 114.9 122.4 131.8 132 133.5 140.7 146.2 149.2 150.4 150.4 146.7 142.2 135.6 131.1 127.9 123.4 118 107.8 100.6 101.7 106.6 104.2 100.5 98.1 98.1 101.2 105.6 112 120.3 131.4 139.2 138.3 134.4 128.5 123.1 119.4 113.1 102.8 95 88.9 79.1 65.8 54.9 45.3 38.3 36.1 34.7 2.3 -1.4 -1.4 -1.4 -1.4 -1.4 -1.4 -1.4 -1.4 -1.4 -1.4 -1.4 -1.4 -1.4 -1.4 -1.4 -1.4 -1.4 -1.4 -1.4 -1.4 -1.4 -1.4 -1.4 -1.4 -1.4 -1.4 -1.4 -1.4 -1.4
136.1 134.2 122.6 104.8 103.4 117.4 117.2 109.6 108.1 122 121.6 124.4 132.3 138.8 144.9 146.2 147.8 150.1 150.3 145.9 140.6 134.3 129.4 122.9 113.9 106.9 107.4 113.4 119.3 119.9 110.8 107.5 102.1 105.5 109.9 113.3 119.8 129.6 139.7 140.4 136.1 128 124.6 109.2 100.3 91.3 80.7 74.8 65.1 55.7 45.8 40.1 37.2 33.8 26.6 4.7 -1.4 -1.4 -1.4 -1.4 -1.4 -1.4 -1.4 -1.4 -1.4 -1.4 -1.4 -1.4 -1.4 -1.4 -1.4 -1.4 -1.4 -1.4 -1.4 -1.4 -1.4 -1.4 -1.4 -1.4 -1.4 -1.4 -1.4 -1.4 -1.4
129.8 128.8 120.3 100.9 95.6 104 103.3 98.2 99.8 106.1 111.7 126.3 133.3 138.6 140 142.2 145 148.8 151.8 148.4 143.9 135.6 127.3 120 112.1 112.2 118.3 123.3 130 127.5 121.1 113.9 106.1 111.5 117.7 119 123 131.7 140.8 140.8 130.4 114.7 103.9 99 88.8 82.1 74.4 66.1 57.8 50.6 43.1 40.5 38.4 40.4 36.3 15.6 -1.4 -1.4 -1.4 -1.4 -1.4 -1.4 -1.4 -1.4 -1.4 -1.4 -1.4 -1.4 -1.4 -1.4 -1.4 -1.4 -1.4 -1.4 -1.4 -1.4 -1.4 -1.4 -1.4 -1.4 -1.4 -1.4 -1.4 -1.4 -1.4
121.4 121.6 118.2 103.4 89.8 89.5 89.6 92.7 97.6 103.4 106.9 112.7 119.7 126.1 131.3 138 142.6 148.5 152.2 150.3 145.5 136.9 128.3 119.6 118.1 120.8 127 134 136.6 131.4 124.8 116.2 110.5 118.1 123.4 124.3 129.2 136 145 133.9 113.3 107.4 102.5 95.7 85.8 75 69.1 62.8 53.9 48.4 47.7 50.3 51.1 49.3 46.1 37.8 -1.4 -1.4 -1.4 -1.4 -1.4 -1.4 -1.4 -1.4 -1.4 -1.4 -1.4 -1.4 -1.4 -1.4 -1.4 -1.4 -1.4 -1.4 -1.4 -1.4 -1.4 -1.4 -1.4 -1.4 -1.4 -1.4 -1.4 -1.4 -1.4
111.3 111.8 110.4 96.8 84.5 84.2 93.8 103.3 109.3 114.4 119 118.5 121.2 124.2 133.5 141.3 145.1 151.2 154.3 153.8 148.5 139.6 130.5 125.3 128.3 129.6 135 141.7 139.4 133.1 126.4 118.6 117.6 122.4 128.9 130.3 133.8 140.6 144.7 127.3 111.7 99.6 91.6 85.3 77.5 69.2 63.7 59.3 56.8 59.1 60.9 63.8 62.8 59.4 53.6 41 -1.4 -1.4 -1.4 -1.4 -1.4 -1.4 -1.4 -1.4 -1.4 -1.4 -1.4 -1.4 -1.4 -1.4 -1.4 -1.4 -1.4 -1.4 -1.4 -1.4 -1.4 -1.4 -1.4 -1.4 -1.4 -1.4 -1.4 -1.4 -1.4
100.8 104 97.5 82 79.1 88.7 101.9 111.5 121.6 129.6 134.2 133.1 134.5 132.5 138.2 145.7 151.9 156.1 159 158.1 150.8 142.9 135.7 134.5 137.9 138.8 143.8 146.3 140.9 132.7 125.1 121.2 125.9 130.8 134.7 136.5 138.7 144.1 144.5 135.1 117.7 109.5 91.9 87.2 80.3 72.6 70.7 69.4 69 71.2 71 75.4 70.6 63.1 55.3 27.4 -1.4 -1.4 -1.4 -1.4 -1.4 -1.4 -1.4 -1.4 -1.4 -1.4 -1.4 -1.4 -1.4 -1.4 -1.4 -1.4 -1.4 -1.4 -1.4 -1.4 -1.4 -1.4 -1.4 -1.4 -1.4 -1.4 -1.4 -1.4 -1.4
92.6 94.8 84 74.5 82.6 96.9 108.9 121.3 131.5 138.1 142.2 144.9 146.2 143.1 141.3 146.8 153.3 158.7 163.4 163.7 153.6 148.7 146.2 143.9 145.8 147.5 150.2 150.5 145.3 136.6 132.7 129.9 133.4 138 140.1 143.4 145.9 148.3 144.1 123.9 112.5 104 96.5 100.6 92.8 80.5 81.9 84.7 81.2 83.7 82.4 75.8 68.1 57.6 45.3 14.9 -1.4 -1.4 -1.4 -1.4 -1.4 -1.4 -1.4 -1.4 -1.4 -1.4 -1.4 -1.4 -1.4 -1.4 -1.4 -1.4 -1.4 -1.4 -1.4 -1.4 -1.4 -1.4 -1.4 -1.4 -1.4 -1.4 -1.4 -1.4 -1.4
