UK/data/sp/sp03_OST50GRID_20230518/SP03.asc
ncols 200
nrows 200
xllcorner 400000
yllcorner 230000
cellsize 50
[rows 108 to 143 of 200, columns 0 to 81 of 200]
79.2 84.3 90.1 97.8 103.3 120.3 139.3 155.3 160.9 161.2 160.5 161.9 167.7 175.3 184.3 192.9 199.4 202.9 203.2 194.9 187.1 186.2 184.8 176.8 166.6 157.6 150.5 146.9 140.9 133 121.5 118.3 122 129.6 135.5 131.2 122.3 108.5 98.9 91.8 85.6 80.6 76.7 73.7 72 70.7 69 67.8 66.6 64.8 63.3 62.2 61.1 60 59.1 57.2 55.6 55.1 54.6 54.1 54.2 55.2 55.3 52.5 51.7 50.9 50.9 52.9 54.7 56.3 57.2 58.3 59.6 61.5 64.3 67.2 70.1 72.1 72.5 70.7 68.8 66
78.1 81.2 86.6 93.7 103.8 122.1 140.1 152.8 159.6 161.9 162.6 163.4 163.3 170.9 180.5 187.1 191.3 195.1 198.2 199.3 191 187.6 180.3 174.1 164.6 155 150.3 147.9 144.2 136.8 128.9 132.8 137.8 142 141.9 134.5 126.8 110.2 100.6 92.1 85.7 80.7 77.2 74.5 73 71.9 70 66.9 66.2 64.8 63.2 62 60.9 59.8 58.3 57.3 56.4 55.7 54.9 54.3 53.7 54.5 53.5 51.6 51.3 50.9 51.8 53.7 55.4 56.3 57.3 58.8 60.2 61.7 64.5 67.3 70.4 72.6 72.9 70 67.9 65.7
76.6 79.5 84.5 91.1 102.8 119.5 135.9 149.1 157.7 162.3 163.9 163.1 164.3 169.5 172.9 179.2 181.9 185.7 189.3 191.5 189.4 182.8 175.4 167.8 157.7 152.4 150.5 148.2 146 143.7 143.6 146.2 149.1 152.2 149.9 139 125.9 109.9 100.9 92.1 85.8 80.8 77.7 75.7 72.6 69.2 67.9 66.4 65.3 64.4 63 62 61.3 60.6 59.4 58.3 57.4 56.7 55.8 54.3 53.1 52.6 51.6 51 51.3 51.1 52 53.3 55.6 56.9 57.8 59.3 61 62.5 64.6 67.5 71 73 73 70.8 67.8 65.1
74.2 77.4 81.4 87.3 95.7 112.4 128.3 141.9 151.8 158.2 161.6 162.4 163.1 164.1 168.4 172.3 175.1 177.6 179.2 181.1 180.4 174.5 166.6 161.1 155.9 152.7 151.1 149.8 148.1 147 148.8 152.4 154.2 155.2 152.3 139.3 124.4 109.8 99.7 91.5 85.6 80.9 77.4 73.6 71 70.8 69.3 67.5 65.8 64.5 63.5 62.8 62 61.3 60.5 59.2 58.5 57.6 56.1 54.6 53.3 53.3 53.1 51.6 51.5 51.3 51.9 53.2 55.9 57.4 58.3 59.6 61.3 63.1 64.7 67.9 71.7 73.1 73.1 71.6 68.6 65.6
71.5 74.8 78.9 84.3 91.3 101 115.6 129.4 141.6 150.1 156 158.2 158.5 157 157.6 161.7 166.9 166.8 167.7 168.8 167.5 166.1 160.3 155.6 153.9 152.4 152 151.4 150.2 149.6 151.1 154.1 155.4 153.4 148.4 135.1 121.3 107.6 97.9 91 85.4 80.9 76.4 73.6 71.8 72.6 70.7 68.9 67.1 65.4 64.4 63.6 62.8 62 61.3 60.3 59.3 57.9 56.4 55.2 54.1 53.7 53.4 52.1 51.8 51.4 51.9 53.8 56.3 57.6 58.8 59.9 61.6 63.3 65.4 68.3 72 73 73.3 72.3 69.2 66.1
69.4 72.3 76.5 81.5 88 94.7 101.6 112.6 127.2 137.9 145.9 149.4 149.2 144.8 138.4 149.8 158.9 161 159.6 161.8 161.9 160.5 155.9 154.5 152.7 152.1 151.8 151.7 151.7 151.2 149.6 150.4 154.3 153.3 145.8 129.9 115.5 104.4 96.2 90.3 85.4 80.9 76.4 73.8 75.9 74.5 72.4 70.6 68.8 67.2 66.2 65.2 64.2 63.2 62.1 61.1 59.9 58.7 57.5 56.3 55.2 54.2 53.1 52.5 52 51.6 52.3 54.5 56.4 57.7 59.1 60.1 61.9 64.2 66.3 68.6 72.1 73.4 73.3 72.6 69.7 66.6
68.1 70.6 74.3 78.9 84.1 89.2 94 100.4 109.2 123.4 132.9 137.4 136.4 130.7 130.6 144 155.1 155 157 157.9 157 153.7 148.9 150.6 152 151.7 151.4 151.2 149.7 143.9 138.6 137.9 142.2 143.8 140.2 128.9 116 104.3 95.9 89.6 83.7 78.8 75.5 78 77.3 76 74.3 72.3 70.5 69 68 67 66 64.9 63.7 62.4 61 59.8 58.5 57.3 56.3 55.3 54.1 52.6 52.1 51.9 52.3 54.4 56.7 58 59.3 60.5 62.8 65 67.2 69.3 72.5 74 73.3 72.9 70 67
66.6 69.1 72.5 76.6 80.7 83.6 88.4 93.9 101.2 110.3 118 122.8 121.5 118.4 128.2 138.7 141.6 141.8 145.6 154.7 155.5 148 137.4 142.2 152.2 152.1 151.8 150.9 147.1 134.5 124.3 123.6 128.1 129.4 126.4 120 111.2 102.2 93.5 86.7 81.3 77.5 79.3 79.7 78.4 76.8 75.6 74 72.2 70.8 69.8 68.6 67.5 66.3 65.1 63.8 62.3 60.8 59.6 58.4 57.4 56.3 54.4 52.7 52.2 52.2 52.3 54.2 56.5 58.4 59.5 60.6 63 65.3 67.6 69.7 72.3 74.1 74.7 72.2 70.1 67.1
65.4 67.7 70.6 74.3 78.2 81.3 84.2 88.9 94.8 101.2 106.5 110.8 112.4 116.5 124 132.3 130.5 129.5 137.1 149.8 153.5 144.5 131.4 133.8 147.6 152.7 151.6 150.5 147 135.2 119.1 112.7 113.8 114.9 112.1 105.5 98.7 92.6 86.6 82.6 81.4 82.6 81.8 80.9 78 76.1 75.9 75.1 73.5 72.2 71 69.8 68.7 67.5 66.3 65.2 63.7 62.1 60.6 59.5 58.5 57.1 55.5 52.7 52.4 52.5 52.6 54.2 56.6 58.5 59.5 60.5 62.5 64.9 67.5 70.7 73 74.3 74 72.2 69.2 67.7
64.4 66.7 69.1 71.7 75.8 79 81 84.1 88.6 93.2 98.8 102.7 105.1 111.4 119.6 124.6 123.4 120 131.3 147.8 151.9 138.2 125 127.7 141.6 152.3 151.7 151.7 148 136.8 121.3 110.9 105.1 102.9 101.5 97.1 92.8 91.5 89.1 88.5 86.5 84.2 83.1 81.9 78.4 75.5 75.7 75.6 74.4 72.9 71.8 70.7 69.5 68.4 67.2 66 64.8 63.3 61.4 59 57.7 56.8 55.7 52.7 52.6 52.7 52.8 54.7 57.1 58.7 59.6 60.8 62 64.5 67.1 69.6 72.5 74.2 74.5 72.6 70.6 68.6
64.4 66.1 67.9 70.3 72.9 75.5 78.1 81.4 85.3 89.4 93.2 95.9 99.1 105.4 111.6 114.4 114.2 114.1 134.4 148.1 151.1 136.5 119 119.9 134.4 147 151.6 151.8 147.6 139.5 130.6 120.8 114.5 109.5 106 101.9 99 96.8 94.2 89.9 88.1 84.8 82.5 79.1 75.7 72.6 74.6 75.4 74.9 73.8 72.6 71.5 70.4 69.2 67.8 66.4 64.8 62.6 60.1 58.2 58.1 58.5 57 54.5 53.3 53.6 53 55.3 57.6 59 60.7 61.8 63 63.9 65.9 68.9 72 73.7 74.3 74 71.8 69.5
64.4 66.1 67.8 68.8 70.8 73.8 76.2 79.3 82.8 86.9 88.6 91.4 94.7 98.7 103.2 106 106.9 112.8 128.9 144.4 148.4 134.5 113.9 109.9 126.1 139.4 149.6 149.4 146.9 141.4 136 126.8 120 113.3 107.7 103.3 99.9 97.5 94.2 90.2 86.3 82 78.4 74.7 72.2 70.1 71.3 73.4 73.9 73.9 72.8 71.6 70.5 68.8 67.4 66 63.3 61.2 59.1 58 58.1 58.9 57.8 54.5 53.4 53.6 52.9 55 57.7 58.9 60.1 61.3 62.5 63.8 66.4 69.4 72.1 73.6 74.2 74.8 72.5 70.2
64.4 66 67.5 69.5 71.1 73.7 75.6 78.4 81.6 84.9 86.5 88 89.4 92.4 95.6 98.7 100.6 107.6 115.2 130.2 134.1 126.9 114.4 103.9 117.5 132.8 143.8 147 144.5 141.8 135.4 126 117.9 110.5 105.1 101.5 97.6 94.2 90.5 86.9 83.2 79.1 75.4 72.5 69.8 67.7 67.4 69.1 70.8 72.5 72.4 71.4 70.2 68.4 67 64.4 61.7 59.7 58.6 58.3 58.6 59.2 58.1 55.3 53.9 53.3 52.9 54.1 57.5 58.8 60 61.2 62.4 63.9 66.7 69.6 72.2 73.6 74.1 74.5 73.5 70.9
63.5 65.3 66.9 69.5 71.4 74.2 76.6 79.4 82.3 82.7 83.5 84.8 86.2 88.4 90.9 93.4 95.4 100.1 105.3 110.5 115.3 113.1 107.7 100.8 110.7 125.9 137.3 144.7 143.6 139.4 130.4 119.7 113.1 106.9 102.3 99.1 95.6 92.3 88.4 84.5 80.6 77 73.4 70.5 67.7 66 65.7 66.7 68.3 69.9 70.9 70.7 69.6 68.2 65.6 62.9 60.2 59.2 58.7 59.1 59.5 59.8 58.3 56.3 54.6 53.7 52.8 54.1 57.3 58.6 59.9 61.6 63 64.1 65.5 68.5 71.6 72.9 74.1 74.3 74.5 72.1
63.9 65.7 67.7 69.4 71.2 74.5 77.1 79.7 81.6 81.9 81.8 81.6 83.5 85.9 88.3 90.3 90.2 93.5 97.1 100.5 102.4 102.4 99.6 96.7 105.6 117.7 128.2 136.3 136.9 131.4 123.5 114.1 107.3 103.4 99.7 96.5 93.3 90.9 86.4 83.1 79.1 75.7 71.8 69 66.5 65 64.3 64.6 66.2 67.8 68.9 69.3 68.1 66.6 64.2 61.8 59.8 59.1 58.9 58.9 59.7 60.4 58.6 56.7 55.5 54.7 53.7 54.2 57.4 59.5 60.9 62 63.1 64.2 65.7 67.1 70.1 71.8 74.3 74.5 75.1 75.3
64.4 65.9 67.5 68.9 71.7 74.4 77.2 79.9 80.7 81.1 80.2 79.1 81.1 83.4 85.8 85.9 85.7 87.9 90.3 93.6 94.5 94.3 93.6 94.6 100 107.2 117.3 126.8 128.6 123.1 114.6 106.9 102.1 97.6 95.7 94.2 90.8 86.9 85.6 81.2 77.1 73.8 70.3 67.5 65.5 64.1 63.1 63.2 64.1 65.9 66.4 66.7 65.2 64.1 62.5 60.3 60.1 60.4 60.6 59.8 60 60.6 59.5 56.9 55.5 54.6 54.2 54.5 58.2 59.9 61 62.1 63.3 64.4 65.8 67.1 68.9 72.3 74.5 75.5 76.5 76.5
64.1 65.3 67.3 69 71.2 73.5 76.4 79 80 79.7 78 77 78.9 81 81.9 81.9 81.8 82.4 84.3 86.8 87.9 88 87.3 90.2 95.6 99.8 103.9 112.1 115.6 110.2 104.3 99.6 96.2 92.9 91.5 90.1 88.7 84.6 82.6 79.4 74.9 71.7 70 66.5 64.9 63.5 62.3 62.1 61.9 62.9 63.5 63.1 63.2 61.9 61.1 60.5 60.5 60.6 61 60.4 60.8 60.6 59.6 56.9 54.7 54.5 54.4 54.4 57.6 59.7 61 62.3 63.4 64.5 65.9 67.2 68.5 72.4 75.1 76.3 76.9 76.8
63.1 65 66.3 68.5 70.7 72.9 75.5 77.9 78.8 77.9 75.9 76.2 78.3 80.4 80.3 78.9 78.2 78.2 79.7 81.3 82.8 83.6 83.8 87.2 91.5 95 97.7 98.9 100.1 98.4 96.2 93.6 92.1 89.7 88.3 86.9 85.7 83.2 79.9 76.8 74.1 71.7 68.7 65.5 64.6 63.2 61.9 61 60.9 61.1 61.4 62 61.6 60.5 61.3 60.8 60.9 61 61 61.2 61.2 60.5 59.4 57.6 55.8 54.8 54.7 54.6 57 59.2 60.7 62 63.3 64.6 65.9 66.8 68.3 71.5 74.9 76.3 76.7 76.7
63.2 64.1 66.4 67.5 69.5 72 74.5 76 75.6 74.4 72.7 75.4 77.6 79.8 78.3 76.6 75.5 74.8 75.7 77.4 79.4 80.1 81.7 84.1 87.2 88.7 89.9 91.6 91.3 89.9 88.9 88.1 86.8 86 85.4 84.2 82.8 81.2 77.9 75.6 73.1 70.4 67.7 64.7 64.3 63.2 62.1 60.9 60 60.2 60.4 60.9 60 60.7 61.8 61.2 61.4 61.9 61.8 61.7 61 60.4 59.9 58.1 56.3 54.9 54.9 54.9 56.8 58.6 60.4 61.8 63.2 64.7 64.8 65.6 68.1 71.2 74.5 76.2 76.6 76.6
62.9 64.1 65.2 67.2 68.6 70.3 72 73.3 72.4 71 71.3 74.5 77.1 79.9 78.2 76.4 74.6 72.8 72.5 74.2 76.5 78.4 80.7 82.9 83.2 83.3 84.2 84.9 84.4 83.9 83.2 82.6 82.3 82.3 81.7 80.9 79.9 78.8 76.1 74.4 71.8 69.1 66.4 63.9 62.5 62 60.8 60.1 59.7 59.7 59.6 59.5 60.4 61.2 61.8 61.8 61.9 61.9 61.6 61.6 60.9 60.7 60.3 58.7 56.9 55.5 54.9 55.6 58.5 60.5 60.8 61.8 63.3 64.8 64 65.3 67.1 69.1 72.8 75.5 76.4 77
62 63.2 65 66.4 67.9 68.7 69.7 69.9 69.2 67.9 70.6 73.6 76.6 78.6 76.9 73.9 72 70.2 70.3 73.1 74.5 77.4 79.5 80 80.3 80.2 80.6 80.3 79.8 79.3 78.6 78.8 78.6 78.6 78 77.6 77.6 76.6 74.9 73.2 70.5 67.8 65.1 63.3 61.7 60.7 60.2 59.8 59.4 59.5 59.4 59.3 60.5 61.7 62.1 62.2 62.1 62.1 61.7 61.5 61.2 61 60.7 59.1 57.5 56.1 54.9 56.3 58.7 61.1 61.8 62.7 63.6 64.6 64.6 65.1 66.8 68.6 70.8 72.5 75.8 77.3
61.1 62 63.8 65.6 66.6 67.4 67.4 66.6 65.9 66.7 69.7 72.7 75.6 76.3 74.4 71 69.2 67.6 70.6 71.7 72.9 75.9 77.7 77.3 77.5 76.9 77.3 75.7 75.3 74.7 74.7 75.3 75.9 74.9 74.7 74.9 75 74.8 73.6 71.9 69.2 66.6 64.3 62.8 61.2 60.3 59.9 59.5 59.1 59 59.2 59.1 59.6 61.1 62.3 62.4 62.4 62.4 61.6 61.8 61.5 61.2 61 59.6 58 56.9 55.3 55.8 58.4 60.9 62.3 63.2 64.1 64.8 65.2 65.4 66.7 68.4 71.3 71.4 71.1 76.8
59.8 60.9 62.9 64.2 65.1 65.4 65 64.4 64 65.7 68.6 71.6 73.1 72.4 71 68.3 66.8 68.1 69.4 70.2 71.6 74.4 76.9 77.6 75.6 74.8 73.5 72.4 71.8 71.7 72 72.4 72.8 72.6 72.9 72.6 72.7 72.5 71.6 70.7 68 65.4 63.7 62.2 60.6 59.8 59.6 59.2 58.7 58.6 58.9 58.8 59 60.3 61.6 62.2 62.3 62.9 63.6 62.7 62 61.5 61.3 60 58.7 57.6 56.4 56.5 57 60.5 62.5 63.4 64 64.7 65.5 66 68.3 71 72.6 73.2 73.1 76.1
59.4 59.5 60.7 62.3 61.9 62.1 62.8 62.4 63.4 65.1 67.5 69.8 69.1 68.2 67.1 65.7 64.4 67 68.5 69.9 71.1 72.6 74.5 74.2 74.1 72.8 71 69.9 69.4 69 69.1 69.3 69.5 69.7 69.7 70 70.3 70.5 70.5 69.4 66.8 64.6 63.1 61.6 60 59.3 59.1 58.8 58.4 58.2 58.5 58.9 59.1 59.5 60.7 61.7 62.3 62.6 62.7 62.8 63.1 62.4 61.7 60.5 59 57.5 56.1 55.6 56.2 60 62.7 63.3 63.8 64.5 65.7 66.9 69.4 72.6 74.2 75.2 74.8 75.5
56.7 56.9 58.6 60 60.6 60.5 61.1 60.6 62.8 64.5 66.4 66.3 66.8 65.7 64.5 63 64.2 65.8 67.1 68.4 68.8 70.8 73.2 73.2 72.4 71.2 69.6 67.9 66.8 66.7 66.8 66.8 66.9 67 67.8 68.3 68.7 69.1 69.4 68.1 65.6 64 62.5 61 59.5 58.7 58.6 58.3 58 58 58.8 59.1 59.2 59.6 59.9 62 63.3 63.7 63.7 63.1 63.5 62.8 61.7 61.2 59.7 58.2 56.8 55.8 55.2 58.5 63 63.7 63.6 64.7 67.3 69.2 71.8 73.6 75 76.1 75.3 75.7
55.7 55.6 56.3 56.9 57.7 57.1 58.6 61.2 62.4 63.8 65.4 65.4 64.3 63.1 61.8 61.9 63.1 64.6 65.7 67.4 68.6 70.1 71.8 71.7 71.3 69.6 67.9 66.2 64.5 64.5 64.6 64.7 65.1 65.5 66.1 67 67.5 67.8 68.2 66.7 64.8 63.4 61.9 60.4 58.9 58.1 58 57.9 58.3 58.8 59.1 59.3 59.4 60.5 60.3 59.9 62.8 62.7 62.2 63.2 63.4 62.2 61.9 61.5 60.5 58.9 57.5 56.2 55.6 57.4 62.9 64.5 64.5 64.7 66.9 69.4 71.6 73.3 74.5 75.1 75 74.4
55.4 55.4 55.8 56.4 56.2 57.5 59.8 60.7 61.8 63 63.9 63.7 62.3 61 59.5 59.5 61.6 63.9 66.2 66.7 68.2 69.8 70.7 70.7 69.7 67.9 66.1 64.3 62.5 62.8 63.1 63.4 63.8 64.3 64.8 65.4 66.3 66.7 67 65.6 63.9 62.4 60.9 59.4 58 57.9 57.8 57.8 59.1 59.1 59 59.8 60 61.3 60.6 59.8 60.3 61 62.6 63.2 63.2 62.3 62 61.7 61.2 59.7 58.3 57 55.4 56.3 61.5 63.5 63.6 64.4 64.6 65.1 68.9 70.4 70.6 71.7 70.7 69.2
54.7 55.3 55.7 55.9 55.9 57.2 58.6 59.8 60.8 61.9 61.8 62 60.6 58.6 57.5 60.1 62.4 64.1 65.7 66.8 68.2 68.8 69.4 68.7 68.4 66.6 64.8 63.2 61.5 60.2 61.9 62.2 62.5 63.1 63.6 64.2 64.8 65.5 65.9 64.6 62.6 61.1 59.6 58.4 57.7 58 58 58.2 58.8 58.7 58.7 59.3 60.3 59.6 60.2 59.4 59.7 60.9 62.3 63 62.8 62.5 62.2 61.8 61.5 60.4 59.1 56.3 55.5 56.5 60.4 61.5 60.7 61.1 61.6 63.8 65.2 64.9 66.8 66.5 66.7 66.8
53.6 54.6 54.9 55.2 55 55.3 56.7 58.1 59.5 60.5 60.8 60.1 58.3 56.2 57.4 60.1 62 63.6 65.3 66.3 66.9 67.5 68.1 68.2 67.2 65.3 63.4 61.4 59.5 59.3 60 60.7 61.3 61.9 62.4 63 63.6 64.1 64.7 63.5 61.5 59.8 58.7 57.6 57.6 57.9 58.2 58.5 58.4 58.4 58.3 58.7 59.5 59.1 59.2 59.3 59.8 60.4 61.3 62.7 62.5 62.6 62.3 62 61.7 61.2 59 55.4 55.6 56.4 58.4 59.1 59.3 60.9 62.1 63.4 65.7 64.6 65.8 65.8 68.6 70.8
53.6 53.6 53.8 53.4 53.5 54.7 56.2 57.2 58 58.7 58.3 57.2 56.1 55.1 56.6 58.2 60.5 62.9 63.8 64.8 65.5 66.2 66.8 66.7 65.6 63.4 61.3 59.3 58.1 59 59.8 60.5 61.2 61.9 62.4 62.9 63.4 63.9 63.9 62.2 60.1 59 58 57.3 57.6 57.9 58.1 58.3 58.1 58 57.9 58.1 58.9 59 59.2 59.5 60.1 60.6 61.3 62.1 62.7 62.8 62.5 62.2 62.3 61.9 57.9 55.5 56.1 56 58 61.7 62.5 63.9 64.9 65.8 66.2 67.3 69.8 71.5 73.6 74.5
52.3 52.4 52.4 52.2 52.1 53.2 54.5 55.3 56.2 56.8 55.6 54.5 53.5 54.7 56.2 57.4 59.6 61.3 62.4 63.4 64 64.7 64.8 65 63.6 62 59.8 57.3 57.6 58.6 59.5 60.3 61.1 61.9 62.5 63 63.3 63.5 62.1 60.7 58.7 57.8 57.2 57.2 57.4 57.6 58.1 58.4 58.2 57.9 57.7 57.6 58.9 59.1 59.4 59.6 60.2 60.8 61.5 62.3 63.4 63.1 63.3 63.4 63.2 61.3 58.1 55.7 56.6 56.6 58.5 62.1 64.5 65.5 66.8 68.1 68.8 71.3 73.8 75.6 76.2 77.1
51 51.1 50.8 50.5 50.2 50.7 51.9 53.2 54.2 54.4 53.5 52.5 52.9 54.6 55.9 56.9 59 61.2 61.4 62 62.6 63.2 63.7 63.2 61.6 60.2 58.1 57 57.2 58.1 59 60 60.7 61.5 62.3 62.7 62.9 61.9 60.4 59 57.3 56.6 56.8 57 57.1 57.4 58.4 58.5 58.3 58.2 58.1 58.2 59.1 59.3 59.5 59.8 60.3 60.9 62.3 63.1 63.9 64.4 64.3 63.7 63.9 61.8 57.1 56 57 57.6 59.3 61.7 64.9 66 67.3 67.8 69 73 76.2 78.6 79 79.5
50.7 50.4 50.3 50.2 50 49.8 50.3 50.8 51.7 52.7 51.5 50.9 52.8 54.4 55.3 56.3 58.4 59.5 60.1 60.8 61 61.7 62.2 61.5 60 58.5 56.3 55.6 56.7 57.7 58.7 59.8 60.5 60.5 61.3 62 61.6 60.1 58.7 57.3 55.9 55.8 56.5 57.1 57.7 57.9 58.7 58.8 58.9 58.9 58.6 58.8 59.3 59.5 59.7 59.9 60.4 62.1 62.8 63.2 63.7 64.4 64.6 63.7 62.5 61.8 57.2 55.9 57.3 58.3 59.7 62.5 65.3 66.3 67.4 68.6 69.9 72.3 75.6 78.9 79.9 80.8
49.4 49.6 49.5 49.3 48.2 47.5 47.4 48.3 49.4 50.5 49.6 49.9 52.6 53.8 54.8 55.7 57.7 58.2 58.9 59.6 60 60.2 60.5 59 57.2 56.1 54 55.9 56.8 57.4 58.5 59.6 60.3 60.3 60.4 61 60.8 59.3 57.8 56.4 56.1 56.8 57.2 57.4 58.3 58.2 58.3 59.1 59.6 59.3 59 59.4 59.6 59.8 60 60.1 61.1 62.3 62.6 63 63.5 64.3 64.8 63.9 62.7 61.6 57.4 56.3 57.7 58.9 60.1 62.2 65.5 67.1 68.3 69.5 71 73 75.7 79.1 80.3 81.4
47.9 48.1 48 47.7 46.7 45.6 45.8 46.5 47.6 48.1 49.9 50.6 51.9 53 54.2 55.2 56.2 56.9 57.6 58.3 58.9 58.8 58.2 56.8 55.1 53.9 54.1 55.5 55.9 56.9 58.4 59.4 60.2 60.2 60.2 59.7 59.8 58.6 57.1 56.7 57 57.5 57.8 58 58.5 58.6 59.1 59.8 60.1 59.8 59.5 59.7 59.9 60 60.2 60.9 61.9 62.3 62.4 62.8 63.3 64.2 65 64.2 63 62.1 57.7 56.6 58.1 59.2 60.4 62.2 65.3 66.6 68.9 70.4 72.2 74.8 78.2 79.6 81 81.9
45.1 45.3 44.9 45 45.1 47.2 46.6 47.2 46.7 46.6 47.9 49.5 50.9 52 53.2 53.7 54.3 55.1 55.9 56.6 57.4 56 55.4 53.9 53.6 52.2 53 53.9 54.7 55.9 57.7 59.3 60 60 60.1 59.3 58.6 57.9 57.4 56.5 57.5 58.2 58.4 58.6 58.6 58.6 59.4 60.1 60.4 60.2 59.9 59.9 60.1 60.3 61.3 61.8 62 62.2 62.3 62.5 63.3 64.2 65.1 64.4 63.5 62.7 58.6 57 58.4 59.5 60.7 62.1 65.1 66.3 68 70.5 73.5 76.3 79 80.5 81.5 82.1
