WholeMapElevations/data/so/so15_OST50GRID_20230518/SO15.asc
ncols 200
nrows 200
xllcorner 310000
yllcorner 250000
cellsize 50
[rows 35 to 69 of 200, columns 78 to 155 of 200]
256.1 257 257.6 257.8 257.7 256.6 255.9 253.8 251.5 249.6 248.8 248.9 249.1 249.4 249.7 249.9 252.5 258.9 262 261.6 263.9 268.8 270.8 268.3 270.5 280.3 284.1 287.6 292.1 296.6 301.1 305.1 310.4 315.9 328.9 340.9 350.4 353.7 357 358.5 359.7 354.3 347.8 340.4 333.2 326.9 322.6 329.2 339.5 341.6 356.8 360.6 365 372.1 370.3 369.4 369.3 376.7 384 381.3 379.6 379.5 388.4 393 392.6 389.8 388.7 381.8 371.8 363 348.5 340.3 333.5 328.4 321.6 317.2 315.6 309.3
256.6 256.5 255.8 256.1 256.3 256.4 255.8 254.3 251.8 249.7 249.1 248.8 248.9 249.2 249.7 253.3 256.8 257.2 256.8 257.5 260.1 260.4 261.8 262.8 267 269.7 276.6 281.8 286 290.6 295.3 302.2 313 326.6 340.1 343.5 349.9 356.3 358.8 354.6 344.7 335.9 327.7 325.4 324.6 318.4 326.8 335.5 347.1 349.5 362.6 363.6 361.3 371 368.7 368.5 368.6 370.3 375.6 375.9 376.5 380.7 386.6 393.2 395.9 393.7 394.4 388.9 381.3 376.8 363.7 355.9 348.9 342.5 331.6 323.9 321.5 314.6
256 255.2 254 253.8 253.7 253.6 253.3 252.3 250.3 249.2 248.9 249 249.1 249.1 250.4 255.7 256.3 256.3 254.5 254.7 254.8 255.1 256.4 258.3 262.5 266.6 272 276.8 280.8 284.8 287.2 301.4 314.7 330.1 335.9 343.6 349.4 352.7 351.6 341.9 326.3 320.3 317.6 317.6 319.4 313.1 326.3 337 351.9 357.3 358.3 363.8 363.8 371.4 368.5 368.5 368.5 368.5 370.4 371.4 371.9 377.8 384.1 390.7 395 396.8 400 395.3 388.7 383.5 379.7 373.3 367.5 361.6 344.9 334.1 330.5 323
255.7 255.4 254 253.9 254.1 254.9 255.4 254.8 253.6 251.3 249.9 249.2 249.4 249.6 250 251.5 252.8 253.6 252.9 253 253.5 254 254.9 256.7 258.8 264.2 268.4 272.5 274.4 279.2 281.3 295.6 309.9 321.6 326.8 331.6 348.2 349.3 341 327.8 315.5 314.4 312.8 312.3 311.3 317.4 326.8 342.1 356.7 364 365.2 370.1 375.5 375.9 370 368.5 368.5 368.5 369.2 370.2 370.5 373 380.7 389.7 395 401.3 402.8 397 396 392.5 389.8 384.6 378.5 372.7 357.8 340.8 336 330.4
255.3 255.1 254.9 254.8 255.5 257.3 259.6 260.7 260.9 258.6 254.7 251.2 250.1 250.3 251.1 250.6 251.5 252.2 251.9 252.6 253.8 253.9 254.5 255.7 257.4 260.7 264.4 265.5 267.9 275.2 276.8 281 299.1 314.1 319.3 319.1 330.4 340.2 334.9 319.4 308.5 308.5 310.5 303.8 314.9 323 335.6 351.1 368.5 377.3 380.5 388.5 385.7 379.2 373.7 369 368.5 369.9 369.9 372.2 370 371.2 378 385.9 394.2 399 402.9 402.4 401.5 405.4 403.9 397.6 391.5 382.5 366.5 354.4 349.1 347.1
255 255.4 255.4 255.6 255.8 256.7 259.9 263.3 264.7 262.6 258.4 253 251.9 252.2 253.3 253.2 254.3 255.7 254.4 252.5 253.3 254 254.6 255.5 256.7 258 259.6 260.9 262.4 268.9 273.9 271.3 280.4 295.1 308 313.1 317.9 323.6 320.3 307.7 302.7 302.2 299.4 311 326.7 336.4 350.6 363.3 385 396 397.8 398.6 392.7 383.5 378.5 374.1 371.5 371.8 371.3 370.9 370 370 370.9 378.1 385.4 395.3 401.3 402.8 405.4 410 409 404.3 397.7 389.2 378.3 370.1 362.8 359.1
254.2 255.5 255.8 255.8 255.7 256.4 258.5 261.1 263.8 264 260 256.5 255.1 256.4 257.6 258.7 259.9 258.9 257.4 254 253.2 254 254.6 255.6 256.5 257.5 258.6 259.7 260.5 262.5 267.6 268.1 269.4 274.4 285.3 296.3 314.5 319 312.6 302.8 296.9 294.6 303.2 314.6 333.5 356.5 369.6 383.6 395 406.4 407.4 404.8 400.9 393.7 387.2 383.4 378.4 375 372.7 370.5 370.2 370.2 370.8 372.2 377.8 389.2 395.4 399.4 405.1 408 408.1 406.5 401.7 394.4 386.5 378.8 373.5 369.2
250 251.5 252.6 254.7 255.5 255.7 256.4 258 260.6 263 261.6 260.9 259.7 261.3 262 263.9 265.1 263.5 262.7 259.7 259.7 258.1 256.5 256.1 256.7 257.4 258.3 259.5 261 261.5 263.5 265.1 265.3 267.3 273 278.2 292.3 304.5 308.8 302.2 296.4 295 305 321.8 345.1 367.5 386.1 400.4 405.9 414.1 417 412.5 408.5 404.6 398.9 396.3 394.1 385.6 377.5 373.7 371.8 370.8 371.3 372 375.2 382.1 387.9 390.6 393.5 399.2 403.2 405.4 402.4 396 389.9 383.7 378 374.1
253.6 251.9 253.2 254.2 255.2 256.3 257.2 258.2 260.2 262 264.4 265.5 266.6 268.1 268.1 269.8 270.1 268.7 270.7 270.9 268.3 266.3 261.9 258.5 258.5 258.3 259 259.4 261.4 262.3 263.7 264.9 266.3 267.4 269.7 273.4 278.9 280.9 287.4 298.2 297 296 309.9 328.3 350.6 377.3 397.1 412.1 418 421.4 424.9 421.1 418.3 415.4 411 407.5 404.3 396 387.3 379.2 375.4 373 372.6 378.7 376.4 375.7 379.7 383.7 385.8 387.3 390 396.9 399.2 396.7 392.9 387.5 380.4 376.7
258.3 257.6 254 255.1 256.3 257.3 258.4 260.1 262.4 264.6 266.8 268.6 270.6 274.2 275.1 275.4 274.6 273.7 275.5 278.3 277.9 278.1 274.3 266.1 262.2 262.2 262.9 262.4 266 269.5 269.4 267.2 266.5 268.2 269.8 271.5 273.5 275.3 277 279.1 284.6 297.9 316.5 337.4 364.5 387 403 417.3 425.8 431.1 433 432.3 430.4 427.7 423.3 417.3 409.8 398.7 389.8 385.4 380.8 378 379.5 381.5 377.4 377.2 377.2 380.9 380.2 383.6 382.3 383.8 389.9 391.5 390.5 388.2 385.1 380.3
261.8 260.9 255.6 256.3 257.6 259.2 260.1 262.3 264.7 267.3 269.7 272 274.3 278.9 280.8 280.7 279.8 278.9 283 288.1 291.5 293.8 290.9 274.1 268.7 268.6 269.5 274.1 276.9 275.4 273.3 271.6 271.1 271.3 271.6 273.7 275.3 277.2 279.5 283.8 291.1 299.1 315.3 343.3 366.8 389.9 407.2 423.5 432.4 436.6 440.5 443.2 441.7 437 430.4 423 415.4 407.6 399.2 394 392.1 389.9 388.7 384.1 379.1 380 383 383.9 379.1 379.3 381.9 377.2 377.3 381 382.3 380.7 379 377.2
262.7 261.9 259.2 257.7 260.7 261.9 263.5 264.3 267.1 269.7 272.3 275.3 278.7 283.2 285.5 286.6 286.8 289.5 294.5 299.9 303.2 302 296.7 288.5 288.8 283.7 280.7 282.9 286.5 285.7 281.5 278.3 277.5 278.9 283.7 279 279.9 281.8 285.5 290.8 296.8 305.8 319.3 334.9 351.5 379.9 406.7 424.2 435.8 441.3 448.7 452.7 451.2 447.3 442.4 435.1 427.6 419.8 410.7 404.4 401.1 402.2 405.8 398.1 385 384.3 385.7 385 380 379.1 378.4 377.5 370.7 371.5 372.9 372.8 371.1 370.2
263.1 260.8 257.5 259.6 262.6 265 266.8 267.9 270.4 273 275.6 279 283 288.4 291.7 292.7 295.6 299.4 302.6 308.6 311.3 313.8 313.5 305.8 305.2 299.6 291.5 291.7 295.3 293.9 289.5 290.6 291.2 292.9 300.2 289.7 287.2 289 292.5 298.9 306.5 317.6 338 355.3 368.2 391.3 405.1 420.7 436.4 444.3 451.3 459.1 461.2 457.7 453.4 448.2 441.9 434.5 424.8 417.7 412.6 412.5 415.9 408.7 394.5 388.2 394.3 384.2 382.7 380.3 377 373.4 370.2 368 366.9 367.1 365 364.7
263.3 262.2 258.8 261.4 264.9 268 269.9 272.4 274.7 277.3 280.7 283.8 287 290.5 295.5 298.6 303 308.5 312.9 316.3 319.3 323.1 318.9 316.4 315.4 309.7 304.1 302 302.1 302.7 306.1 307.2 307.2 302.2 308.6 298.2 295.9 298.4 302.4 308.4 318.5 330.1 353.4 372.4 389.7 396.8 416.3 429.7 440.6 447.6 453.4 457.5 465.2 465.1 462.1 457.4 451.6 444.7 437.9 431.8 428.1 425.1 421.5 410.8 400.6 393.6 391 389.9 388.5 384.7 379.6 374.5 369.9 367.8 365.8 364 362.8 361.5
262.6 261.9 261.5 264.4 268 271.1 273.7 276.2 279.4 282.5 285.8 289.6 292.9 296.7 301.5 305.5 307.7 311.1 316.7 319.2 324.7 339.7 336.1 329.7 326.3 320.4 318.4 318.9 319.8 318.1 320.9 319.3 315.8 314 317.7 309.4 306.9 310.2 315.1 322 336.3 348.2 359.6 383.1 399.7 414.7 425.1 434.3 443.2 450.6 457 460.4 467.7 471 469 465.1 460.2 454.2 449.2 444.1 440 432 426 421.2 416.1 413.1 409.6 403 394.2 394.7 392.5 385.2 378.1 372.1 368.3 365.9 365 363.2
263.1 262.3 262.6 265.9 270.4 274.6 277.3 279 281.7 284.6 288.3 292.8 297.7 302.3 307.1 310.4 313.3 316.6 318.3 319.9 329.6 345.5 339.9 338.9 331.7 330.2 332.3 333.1 333.6 332.1 333.2 331.6 327.9 325.9 325.6 322.6 322.7 328 333.7 341.9 354.1 367.4 377.4 390.7 407.2 422.2 435.3 443.1 450.2 456.8 464.1 469.3 474 475.6 474.7 470.6 466.5 461.5 458 454 448.9 444.1 439.9 436.1 434.4 432.9 430.8 426.6 423.1 418.9 413.8 404.9 393.2 386.7 380.7 375.6 374.2 371.4
268.2 266.1 263.9 266.4 272.8 277.1 281.6 284.4 286.9 289.1 291.8 293.8 298 303.9 308.5 311.3 316.5 317.1 319.8 321.9 332.9 339.2 339.8 354.5 341.4 344.2 347.4 347.9 345.3 342.9 342.8 341 340.4 338.5 341.7 342.8 347.4 351.9 355.2 362.6 375.2 389.3 398.4 407.5 419.3 433.3 445.9 455.3 458 463.3 471.7 475.3 477.9 479.7 480.4 477.1 473.4 468.9 465 462.4 457.8 453.2 450 446.1 445.6 444.7 443.1 439 442.1 442 437.6 429.8 418 412.1 403.2 397.6 389.2 386.2
276.3 271.8 265.6 266.6 277.3 282.8 289 291.6 293.7 295 295.9 298.8 303.9 309.2 313.6 316.7 320.1 322.6 323 325.2 334.5 331.7 338 355.1 358.6 353.5 355.4 355.4 353.7 351.8 352 355.4 355.6 356.4 358.6 363.7 370.9 376.1 384.8 390.5 400 411.1 421 431.9 441.8 448 457.4 463 464.9 468.3 474.9 478.5 480 482.7 484.9 483.6 478.7 473.8 470.9 469 464.4 460.5 457.2 455.3 454.4 453.5 452 450.5 451.5 453.7 452.7 447.9 441 437.1 430.8 422.8 412.3 410.1
279 276.3 269.3 269.6 280.8 288.2 292.6 296 298.2 300.1 301.8 306.4 310.5 315.5 318.1 320.6 322.9 324 324.5 325.5 329.3 327.2 335.3 342.9 363.5 358.9 362.1 362.5 361 360.2 362.2 364.3 366.2 369.9 376.4 382.5 390.7 397.2 401.6 407.9 415.2 426.9 441.4 450.1 453.9 457.8 464.2 470.6 471.3 473.1 475.2 479.3 480.2 483.5 485.5 487.6 482.9 478.1 475.6 472.5 468.7 466.6 464.6 462.6 460.9 458.9 457.4 456.6 456.9 459.2 460.2 460.3 458.2 451.9 445.8 439.7 432.6 430.6
279.1 274.9 268.9 281.8 294.2 298.7 299.9 301 304.8 306.9 309.7 312 313.4 315.3 316 316.7 316.1 317.6 321.8 322.5 320.3 321.8 328.5 333.2 354.5 360.1 365.5 372 372.1 373.4 373.9 374.7 376.7 381.6 387.9 398.9 404.6 410.2 416.1 423 431.5 443.4 454.8 457.9 462.8 462.2 465.6 471.3 473.8 472.4 472.5 475.4 478.1 479.8 485.4 487.4 484.4 479 479.1 476.3 473.8 472.7 470.3 469.1 467.1 464.1 461.1 459.5 457.6 459.2 461.6 464.5 467.8 461.3 456.8 451.4 447.8 441
279.1 274.5 270.1 286.5 294.5 300.4 302.4 304 305.7 307.2 306.5 304.7 304.1 302.9 302.6 304.7 306.9 307.9 310.9 314 314.3 315.5 322.4 329.7 343.6 361.8 366.4 374.4 376.2 378.1 380.4 382.5 385.2 390.3 398.6 407.3 413.2 424.5 434.6 440.6 449.4 454.2 462.4 467.5 465.7 466.7 465.4 468.6 468.5 469.4 467.8 469 472.6 473.9 476.8 478.6 475.1 474.3 474.7 476.3 477.8 477.8 474.7 473.2 472 468.5 465.5 463.1 461 460.4 462.7 466.1 467.4 464.5 461.6 459.2 455.5 451.2
281 279.3 274 281.6 289.5 295.2 298.3 299.2 299.1 298.7 298 297.6 295.5 294.7 295.5 298.2 300.1 302.4 304.3 306.8 307.3 310.1 317.3 326.1 335 350.9 361.2 371 377.7 382 385.5 389.4 392.6 400.4 407.2 413.9 423.6 437.3 444.2 449.6 456.4 458.5 465.8 465.6 468.6 468.6 465.6 465.1 463.8 461.9 462.2 463.4 465.3 466.6 468.4 468.4 467.1 468.4 471.2 473.6 474.4 474.2 473.6 473.8 472.4 471 469.3 465.9 464.9 463.8 465.3 467.7 468.4 466.1 463.6 461 458.4 455.2
283.9 282.4 282.2 277.6 276.7 284.4 287.4 291.3 290.9 289.3 289.5 289.2 290.1 291.6 291.2 293.6 297.7 298.8 298.7 300.4 302.8 307.4 313.9 321.3 333.6 345 356.1 365.6 375.6 386.6 392 397.6 404.8 412.8 414.8 421.3 430 443.9 448 452.5 457 457.2 459.3 460.2 467.3 468.4 465.1 461.8 457 454.2 455 458.5 461.1 462.5 462 461.2 461.9 464.3 466.5 467.5 468.5 469.2 470 471.6 474.7 478.3 475.3 472.3 471.6 468.6 468.8 471.2 470.5 466.1 463.1 460.5 458.4 455.9
287.8 287.3 287 286.2 285.1 283.5 285.1 282.3 283.6 283.7 283.9 286.4 288 292.7 302.5 308 313.5 311.4 308.7 308.7 306.7 307.1 314.3 319.4 329.2 341.9 354.3 364.9 373.8 388.2 397.4 406.5 414.2 418.5 420.1 420.9 424.7 435.4 442 446.4 448.5 451 451.7 453.4 454.1 458.3 460.3 457 453.4 448.9 447.5 450 452.4 455.5 457 456.5 457.8 460.3 462.1 463 464.9 466.3 468.3 470.1 471.9 473 472.9 473.6 473.9 471.9 471.8 473.6 472.1 467 462.4 459.3 456.4 455.1
294.6 294.1 293 290.8 289 286 282.2 280.2 282.6 286.8 292.4 303.1 313.9 323.6 326.3 324.4 326.7 322.8 319.2 319.2 314.5 312.8 312.4 319.1 325.8 339.4 351.7 369.4 377 384.9 397.2 406 415.8 417.2 417.8 418 419.5 422.3 431.9 439.2 442.1 442.6 443.6 445.3 447.4 448.3 450 449.6 446.6 442.8 439 441.7 446.3 448.7 450.7 452.3 454.6 457.4 458.5 459.9 462.8 465.4 466.3 469 471.2 473.5 476.4 477.2 475.3 472.8 472.2 469.6 466.2 462.6 459.7 455.9 453 452.6
305.9 304.9 301.4 299.3 295.4 294.3 288.8 290.8 296.2 304.4 313.4 322.4 331.4 338.9 342.6 341.1 339.6 335 330.6 327.1 322.6 320.2 318.7 319.2 326.6 337.7 351.4 370.1 381.8 386.5 392.1 401 410.7 411.9 412.3 412.9 413.9 415.2 422.6 431.4 436.3 437.3 438.5 440 443.2 442.4 442.3 443.1 437.6 436.8 434.5 435.4 439.9 445.7 449.1 451.9 452 453.9 456.2 458.6 462.2 465.6 466.5 468.1 470 472.9 476.4 479.5 478.6 476.7 474.4 470.7 464.3 458.6 454.6 450.7 447.8 446.8
312.7 313.7 324 323 317.4 311.9 311.2 320.3 326.6 334.2 338.3 341.5 348 352.8 352.7 352.2 349.7 345.3 340.1 334.9 331.3 328.2 325.3 318.4 328.8 336.5 346.1 361.8 375.6 387 389.7 394.9 402 405.9 408.7 410.4 409.1 410.4 415.2 421 426.6 429.7 429.9 432.8 438.2 433.8 431.1 432 431.2 430.4 427.6 434.6 438.4 442.1 445.9 447.5 450.4 453.8 457.2 459 462.5 464.9 465.5 467.6 468.8 470.4 474.4 477.6 479.4 479.2 477.3 471.8 464.6 457.9 452 446.3 442.9 441.6
333.6 336.7 342.6 343.4 342.2 336.8 347.3 352 356.1 357.4 357.7 358 361.1 363.4 362.2 362 358.2 352.9 347.3 344.3 339.7 336.3 331.8 327.5 330.6 336.2 342.7 346.4 358.2 377.8 385.6 392.3 399.4 404.3 409.4 412.3 409 407.6 409.6 413.8 416.7 419.3 420 419.5 420.9 421.3 419.3 423.2 427.7 420.8 427.3 430.6 434.6 438.6 442 447.4 450.8 453.2 456.7 459 461.5 463.5 463.1 465.9 466.2 467.9 471.4 474 476.8 478.5 477.1 470.4 464 457.1 450.9 445.6 440.3 437
344 347.2 350.9 355.1 357.1 358.7 365.9 370 371.5 371.8 371.8 371.7 372.4 371.4 369.4 368.8 365.1 359.4 354.4 350.5 347.3 343.3 338.1 332.1 328.1 334.5 338.9 342.9 350.5 364.2 380.6 397.3 402.6 407.1 412.3 411 408.1 407.5 407.3 407.3 408.8 410.2 411.9 410.7 410.2 409.4 410.3 414.8 417.2 427 431.2 434.4 436.4 438.9 442 444.9 446.1 449.5 455.1 458.1 461.1 462.1 460.2 462.6 462.4 463.5 466.3 468.8 471.4 473.2 471.1 466.7 461.2 455.2 449 443.6 438.8 433.2
350.8 354.7 357.7 363.1 367 367.3 371.5 375.9 379.4 380.5 380.8 380.6 378.7 376.2 373 373.1 369.2 365.2 360.9 357.2 353.3 348.6 343 334.9 332.6 332.1 336.6 341.6 348.5 361.5 378.1 396.9 406.2 413.5 414.1 410.3 408 408.2 409.7 408.9 404 403.1 404.9 406.9 402.9 401.7 402.9 405.6 411.2 420.2 427.8 431.4 435.7 437.3 439.1 440.4 441.1 446.2 451.2 454.7 458.4 459.4 457.2 456.7 458.6 457.7 459.4 461.9 464 466.2 466 462.4 457.8 451.1 445 439.3 434.1 432.2
356.2 360.7 363.9 368.4 371.6 373.2 374.3 379 383.8 388.4 390 390.1 387.3 383.2 380.5 380.9 377.3 372.5 367.4 363 357.7 351.9 345.3 341.1 337.1 335.1 337.4 342.4 348.4 359.6 375.5 399.1 413 419.2 416.9 412.6 410.3 411.6 415.2 413.6 405.5 401 401.3 400.4 398 397.4 399.6 402 405.5 411 419.2 425.9 431.2 435 436.9 434.7 438.1 442.4 447.5 450.7 453.3 453.8 452.7 451.2 451.2 452 453.9 455.1 457.6 458 456.7 454.4 450 442.7 436.7 432.3 427.6 425.6
362 366.6 370.8 374 376.3 377.6 379.4 384.2 389.5 394.8 398.3 398.9 399.3 394.7 393.8 390.3 384.3 379.4 375.9 369.4 364.5 357.5 353.5 347.5 342.5 340.3 339.9 343.8 350 358.7 372.5 393.9 413.3 423 421.7 417.7 415.3 416.1 417.8 416.1 409.4 402.4 398.9 398 396.7 395.1 397.2 397.9 398.5 402.4 411.1 415.8 423.3 427.9 430.3 429.1 435.4 439.4 443.7 446.7 450 451.2 449.5 446.7 445.2 446 446.6 449.2 449.5 450.4 451 447.6 441.2 432.8 427.3 424.7 419.6 417.5
367.6 373.5 376.1 379.5 381 382.3 384.7 389.5 393.8 398.4 403.5 406.7 406.3 404.5 400.6 396.6 391.7 386.9 383.6 377.1 373.5 370 365.8 358.3 350.3 347.1 345.7 347.3 352.5 360.3 372.4 388.2 411.5 425.2 429.1 428.5 426.8 424.5 422.4 419.2 412.3 405.4 400.4 398.1 395.4 395 395.6 395.1 394.9 394.7 399.1 406.4 411.2 416.1 417.9 423.9 431.8 434.6 439.1 445.2 446.9 447.6 446.2 444.1 442.3 440.8 440.9 443.3 444.7 445.6 446.1 444 434.8 422.1 417.9 415 411.7 408.5
373.5 377 380.3 384.6 385.7 387.4 391.9 394 397.8 404.1 409.7 413 410.7 410 404.9 400.9 397.6 392.9 388.3 385 380.6 381 378.3 372.8 363.9 359.1 354.7 355.7 360.7 363.5 375.2 388.9 409.3 424.8 434 439.9 435.1 433.1 430.2 422.1 412.9 408 402.9 399.4 397.6 395.8 394.9 394.9 394.8 394.5 394.6 397.5 401.1 406.7 411.2 417.1 425.7 431.3 432.5 440.4 444 445.1 441.6 441.8 440.2 437.4 438.7 436.2 439.7 440.3 440.6 441.8 427 414.9 409.5 407.5 405.5 400.2
375.7 380.2 382.3 385.8 388.6 391.6 394.4 396.3 399.1 404.5 415.1 416.7 414.4 411.1 407 403.3 403 399.3 394.6 391.6 391 392.7 393 387.6 378 375.7 371.2 370.8 371.8 376.5 380.5 394 409.7 427.6 439.8 446.4 445 443.7 437.9 426.1 416.4 411.6 406.2 402.7 399.3 396.4 395 394.7 394.6 394.1 394.1 396.1 398.7 400.6 407.5 409.2 417.8 426.4 426.7 431.9 436.2 439 438.4 435.3 436.4 436.4 436.6 429.7 433.4 431.5 427.9 424 416 404.9 403 401.6 399.6 394.3
