UK/data/so/so58_OST50GRID_20230518/SO58.asc
ncols 200
nrows 200
xllcorner 350000
yllcorner 280000
cellsize 50
[rows 140 to 174 of 200, columns 0 to 77 of 200]
102.7 104.3 105.7 106.6 108 109.9 110.7 109.8 108.4 106.2 105.4 105.6 107.6 109.5 109.6 109.9 109.5 108.3 106.6 105.4 105 103.2 104.7 104.8 105.4 106.4 108.6 109.7 110.5 110.2 110 109.8 110.3 110.4 110.8 112.9 113.2 113.3 114.1 114.9 116.5 118.6 121.5 122.9 124.5 126.9 130.5 135 139 143.1 146.1 149.1 151.4 154.1 157.6 163.3 173.1 185.2 198.4 212.1 217.8 223.4 222.6 219.7 217 215.7 217.2 215.8 214 216.9 218.7 220 220.4 222.6 224.4 227.5 234.4 237.5
105.4 107.1 108.9 109.5 109.6 109.6 108.6 107.3 106.1 105.1 105.1 106.4 108.4 109.1 109 107.8 107 105.4 104.5 104.1 103.5 104.2 104.5 105.1 106 107.4 108.9 110 111.2 111.8 111.8 111.6 113.2 112.1 112 113 113.5 114 114.8 115.8 116.7 118.8 120.9 123.4 125.4 128.2 132.9 137.3 142.2 147.6 150.5 153.7 156.9 159.6 164.3 172.3 183 194.4 206.7 217.6 223.6 226.8 227.2 225 224.3 224.9 226.4 224.7 223.9 225.9 227.8 228.2 227.9 230.6 233.9 235.9 237.9 240.6
105.9 109.2 110.5 110.2 110 109 107 105.2 104 104.3 105.4 106.9 108.7 107.8 105.1 105.3 104.4 103.3 103.6 103.2 104 104.4 104.6 105.2 107 108.9 110.6 111.2 112.3 113.3 114.6 115.7 115.6 114.7 113.3 113.4 113.7 114.9 116 117.1 117.6 119.2 121.1 123.5 126.2 129.1 134.4 140.5 146.4 151.3 154.2 158 162.7 167.6 174.8 182.8 193 204.3 214.3 222.2 227 230.9 232.8 232.9 233.6 234.7 235.2 234.1 233.6 235 236 236.1 236.8 238.6 240.8 241.5 242.5 243.3
106.7 110.1 110.7 110.3 109.5 107.6 105.8 104 103.4 104.3 105.8 106.9 106.2 105 104.2 103.6 103.5 103.5 102.9 102.9 104.4 104.7 105.7 107.7 109.1 110.9 112.5 113.4 114 115.3 117.7 117.9 117 116 114.9 114.9 115.5 117.1 118.5 118.6 118.8 119.5 121.5 125.3 127.6 130.6 135.9 141.5 148.2 152.3 157.1 162.4 168.4 176.6 186.1 194 203.7 213.7 221.6 226.7 231.7 234.9 237 239.6 241.6 242 240.5 241 241.8 242.5 242.8 243.5 244.2 244.4 244.4 244.5 245.8 245.9
107 110.3 110.3 110.1 108.4 106.6 104.9 102.8 103.1 104.9 106.9 105.5 103.8 103.4 103.4 103.1 102.8 103.6 103.7 104.1 104.1 106.1 108.8 110.9 111.2 112.1 113.2 114.2 116 117.4 117.6 117 117.2 117.2 116.4 116.6 117.6 119.7 122.2 122.2 120.2 121.7 122.5 125.3 128.4 132.3 137.3 143.4 150.1 156.5 161.2 169 179.2 189.1 197.4 204.3 212.3 221.1 228.5 232.7 235.5 238.3 240.7 243.6 245.7 246.5 245.2 246.1 246.8 247.5 248.2 248.2 248 247.1 246.5 248.4 248.3 248.2
107.3 108.7 108.3 108.2 107.2 105.6 103.8 102.9 103.3 104.8 105.1 103.4 103 102.8 102.8 103 103.5 103.5 103.7 104.3 105 107.8 110.2 110.4 111.1 112.4 113.5 114.5 116.8 117 116.3 116.3 116.3 116.4 117.8 118.3 119.6 121.7 123.8 122.9 121.7 123.4 124.8 126.3 129.7 134 139.2 144.5 152.4 161.5 166.9 177.5 191.3 201.8 208 214.2 219.5 227.2 233.4 236.6 239.1 241.4 243.7 246.4 247.9 249.9 250 250.2 251.2 251.3 251.1 250.9 250.7 250.3 249.9 250.5 250.2 250
108.7 107.3 106.2 106.5 104.8 103.7 102.5 102 103.2 103.8 103.1 102.5 102.6 102.8 102.6 103.2 103.3 103.4 103.8 104.3 104.9 107.3 108.7 108.4 110 111.5 112.8 113.9 115.3 114.7 115 115.6 115.5 116.4 118.4 119.8 120.4 122.3 123.2 124.1 123.3 123.9 125.7 127.5 131.1 136 141.8 148 158.1 167.3 176.7 188.2 202.2 213.1 218.6 223.3 228 232 235.8 237.9 240.5 243.1 245.6 247.8 249.5 251.2 251.4 251.7 252.4 252.4 252.9 253.2 252.5 250.3 250.1 250.2 250 249.8
107.5 105.7 105.2 104.2 102.7 102 101.3 102.3 103.2 102.4 102.2 101.8 102.3 102.7 102.9 103.2 103.2 103.3 104.8 104.9 104.7 105.8 106.3 106.7 107.5 108.3 110.2 111 112.5 112.2 112.8 113.7 114.4 116.4 118.1 119.4 120.7 122.1 123.4 125.1 124.9 126 127.5 129 132.8 137.9 143.9 151.9 162.4 173.4 184.4 196.4 212 220.1 224.1 229.1 233.6 234.4 236.1 239 241.5 243.9 246.3 248 249.6 251.3 251.8 252.2 252.6 253.3 253.6 252.8 251.6 249.8 249.7 249.7 249.7 249.5
106.3 103.9 103 102 101.5 101 101.1 102.7 102.4 102.2 102 101.7 100.6 102.5 102.9 103.2 103.5 105.2 107.3 106.9 106.1 105.8 106.2 106.8 106.9 107.7 109.1 109.6 110.6 111.5 111.9 112.7 113.5 114.9 116.6 118.6 120.2 122.2 123.9 125.6 126.5 128.2 129.6 130.9 132.7 136.9 143.4 156.4 168.4 180.4 191 200.7 211.6 218 223.4 228.5 232.3 233.6 236.2 238.6 241.4 243.8 246.2 247.9 249.8 250.6 250.8 251.2 251.6 252.5 252.5 251.5 250.1 249 248.5 248.6 248.1 247.4
105.6 102.4 101.3 100.8 100.6 100.7 100.8 101.4 101.3 101.2 102.2 102.4 102.1 102.1 102.8 103.8 106.3 108.2 109.9 109 108 107.5 107.9 107.7 108.1 108.8 109.9 110.9 111.6 112.3 112.8 113.4 114 115.2 117.1 118.7 120.4 122.9 124.6 126.3 128.2 129.8 131.5 132.8 134.9 136.8 145.2 161 173.6 185.8 194.9 202 208.3 213.7 221.5 226.6 230.3 231.9 234.3 237.9 240.7 243.7 245.9 247.2 249 249.4 249.8 250.4 249.5 250.3 250.3 249.6 248.6 246.5 246.5 246.8 246.1 244.6
103.5 101.2 100.3 100.4 100.5 100.7 100.8 101 101.3 101.6 101.1 102 102.1 102.4 103.6 106.4 109.6 111.8 112 110.8 110 109.5 109.3 109.2 109.7 110.6 111.6 112.7 113.4 114.1 114.6 115.2 115.9 116.3 118.1 120.1 121.8 124.6 125.9 127.9 130 131.6 133.2 134.9 137 139.1 142.7 157.9 171 180.6 188.9 196.7 203.6 211.7 218.6 224.1 227.9 228.5 231.8 235.9 239.9 243.1 245.2 246.4 247.5 247.7 248.2 248.3 247.4 247.6 247.9 247.6 246 243.9 243.5 243.8 244 242.4
101.6 100 99.9 100 100.4 100.7 100.9 101.1 101.4 101.7 102 102.1 102.3 103.3 104.8 108.3 112.7 113.6 112.4 112.4 111.5 110.6 111 110.9 111.5 111.7 113.3 114.1 114.8 115.5 116.3 116.9 117.4 117.8 118.8 121.1 123 124.8 127.5 129.6 131.8 133.6 135.6 137.7 139.4 141.5 144.1 151.7 161.3 172.2 180.5 191.3 199.1 208.8 216 222.2 225.2 227 230.8 235.1 239 242.4 244.4 245.5 246.5 246.6 246.5 246.1 245.2 244.2 244.5 243.7 242.5 240.9 240.7 240.5 240.5 240.3
100.1 99.5 99.6 100 100.3 100.6 100.9 101.2 101.5 101.8 102 102.2 103.3 104.3 106.5 109.5 113 113 112.6 112.8 111.9 111.8 112 112.7 112.9 113.4 113.9 114.4 114.9 115.7 116.6 117.6 118.6 119.3 120.1 121.6 123 123.8 126.4 129.1 132.4 135.8 138.4 140.4 143.2 145.4 147.5 151.4 154.6 160.9 169.7 183.7 195.3 205.6 213.1 219.3 223.9 228.3 232.3 235.5 238.2 241.5 243.5 244.5 244.5 245 245.4 245.1 243.1 241.8 240.6 239.3 238.2 237.7 238 238.1 238.5 237.7
99.3 99.2 99.6 99.9 100.3 100.6 100.9 101.3 101.6 101.9 102.1 102.9 104.5 107.1 108.4 109.9 112 111.5 111.7 111.1 112 112.8 113 113.7 113.8 113 113.2 113.5 114 114.7 115.7 116.8 118 119.2 120.5 122.2 123.6 124.9 127.3 130.5 133 136 139.2 143.6 148.5 151.6 153.8 157.1 161.8 165.5 175 181.5 192.2 207.5 215.1 220.3 225.5 229.2 233 236.4 239.1 242.3 242.6 242.4 242.6 244.1 244.6 243.6 239.8 238.4 237.4 235.5 234.7 235.7 236.1 236.5 237 235.3
99 99.2 99.6 99.9 100.3 100.5 100.8 101.3 101.7 102 102.7 105.2 107.4 109 108.7 108 109 108.9 108.8 109.7 111.5 112.9 113 112.3 111.7 112.3 112.9 113.3 113.8 114.7 115.8 117 118.1 119.3 120.6 122.4 124.1 126.4 129.1 131.7 134.8 138.4 142.5 145.6 153.5 158.3 162.1 165.2 170.2 174.8 182.1 193.2 202.8 210.7 216.7 221.3 225.9 229.5 233.4 237.2 239.3 241.6 241.3 240.7 241.1 242.2 242.2 242.4 238.6 236 234.7 233.2 232.9 232.9 233.5 235.1 235.8 233.5
98.8 99.2 99.6 99.9 100.2 100.4 100.8 101.3 101.8 102.1 104.5 106.8 107.6 107.6 107 106.8 107.2 107.4 107.5 108.7 110 111.5 110.7 112 112.2 112.5 112.9 113.1 114 115 115.9 117.1 118.3 119.4 121.1 123.2 124.5 126.8 129.3 131.7 135.4 139.7 144 149.8 156.6 167.3 171 177.2 179.7 183.6 192.3 202.4 209.9 215.1 219.1 222.5 225.4 229.5 234.1 237.1 239 240.9 239.8 238.9 239.4 240.1 239.3 240.1 237 233.5 231.3 230.3 229.3 229.6 230.7 232.5 234 231.6
98.8 99.2 99.6 99.9 100.1 100.4 100.7 101.2 101.7 102.3 103.9 105.2 106.6 105.7 105.1 105.5 105.9 106.4 107 108.2 109.4 110.4 109.4 112 112.2 112.4 112.5 113.2 114.4 115.3 116.3 117.3 118.5 119.7 121.7 123.6 124.7 126.5 129.2 132 136 140.4 146.6 152.6 160.6 170.2 182 188.5 191.7 196.1 201 209.9 215.8 219.8 222.2 225.2 228 231.4 235 238.2 239.8 239.6 237.8 236.3 237.1 237.1 237 237.3 234.9 231.4 228.4 226.7 225.5 225.2 227.9 231.3 231.8 229.5
98.7 99.1 99.5 99.9 100.2 100.4 100.8 101.3 101.8 102.3 103.1 103.2 104.2 104 104.6 105.1 105.7 106.3 106.8 107.5 108.5 109.5 109.5 110.4 111.5 111.7 112.6 113.8 114.5 115.3 116.4 117.5 118.7 120.1 122 123.9 124.8 127.1 129.4 131.7 135.6 140 147.8 154.5 163.7 173.3 186.3 195.2 201.6 204.7 208.3 215.3 219.3 222.3 224.8 227.7 230.7 233.8 237 239.7 240.5 239 236.8 234.5 232.2 233.8 234.2 233.6 232.3 229.7 226.6 223.4 221.5 222.2 226 229.2 228.9 226.9
98.7 99 99.3 99.7 100.2 100.6 100.9 101.4 102 102.7 103.4 103.4 102.9 103.6 104.8 105.2 105.6 106.2 106.9 107.5 107.9 108.6 109.5 110.7 111.4 112.2 112.7 113.3 114.4 115.5 116.6 117.8 119 120.4 122.2 124.1 125 127.7 130.6 132.1 134.9 138.2 147.8 157.4 167.6 177.8 187.3 196.2 202.9 208 213.8 216.8 219.4 222.3 225.3 228.3 231.4 234.9 239.2 240.6 239.9 239.2 237 233.8 229.8 229 229.8 229.8 228.7 227 223.4 219.7 218.3 220.2 223.5 225.2 226.1 225.1
98.6 98.9 99.2 99.6 100.1 100.8 101.9 102.8 103.6 104.2 103.9 103.9 104 104 104.8 105.2 105.6 106.1 107.2 107.8 108.5 109.3 110.4 111.1 111.9 112.8 113.6 114.1 114.9 115.9 116.9 118 119.5 121.1 122.6 125 127 129 130.2 134.1 135.3 138.9 143.6 156.5 167.3 178.5 187.6 197.7 203.3 210.1 215.2 216.2 218.2 220.8 224.2 227.4 231 235.3 240.4 240.8 240.9 239.7 236.8 233.8 230.1 227.5 224.4 224.9 223.9 222.9 219.7 216.5 215 217.9 220.1 221.4 221.9 221.7
98.6 98.9 99.3 100.2 101.6 103 104.6 104.8 105.2 107.4 107.4 105.7 105.6 105.5 105.2 105.7 106.2 107.5 108.5 109.4 110.1 110.7 111.6 112.5 113.3 114 114.5 115 115.5 116.4 117.4 118.7 120.2 121.7 124 126.3 128.1 129.5 132.8 135.6 138 139.9 142.1 152.1 162.8 174 183.7 194.8 200.9 209.1 214.2 214.2 216.5 219.6 222.7 225.8 230.5 234.9 239.1 240.1 240.9 239.6 236.7 234.4 231.4 227.1 220.3 220.5 219.3 219.3 216.4 213.5 212.6 214.7 216 218.3 219.8 218.3
98.7 99.1 99.7 101.4 103.1 104.4 105.6 106 106.9 108.2 108.5 108.5 107.8 107.2 106.6 106.6 107.1 108.9 109.6 110.3 111 111.7 112.4 112.2 113.8 115 115.4 115.6 116.2 116.8 118 119.3 120.8 123.1 125.4 126.8 128.7 131 135 139.4 143.4 146.5 148.6 149.3 157.9 167.5 177.3 186.5 195.7 204.4 209.3 211.3 214.6 218.3 221.6 224.9 230 234 238 239.6 240.6 239.6 237.7 234.6 230.1 226.5 221.5 215.2 213.6 214.5 213.6 210.1 208.6 210.2 211.8 214.1 216.4 216.2
99.1 99.7 99.9 101.3 102.5 103.3 103.6 104.3 104.8 105.2 105.7 107.5 107.3 107 106.8 106.5 107.2 108.1 109.2 109.8 110.7 111.5 112 112 113.1 114.1 115.3 116.4 116.8 117.6 119.1 120.7 122.7 124.5 126.6 128.1 129.6 131.8 137.5 144.2 150.2 154.5 156 156.2 156.9 159.7 170.5 179.5 190.5 196.7 203.1 209.1 213.3 217.1 220.9 224.3 228.7 233.6 237.2 239.7 240.5 240.6 238.6 235.7 230.4 226.7 222.7 218.4 211.7 207.4 209.3 206.8 204.7 206.2 207.9 209.9 212.1 213.1
100.4 99.9 99.5 100.3 100.6 101.4 101.9 102.6 102.9 103.3 103.5 104.6 105 105.3 105.3 105.6 106.2 106.9 108.1 109 109.6 110.3 110.7 111.3 112.4 113.4 114.7 116.2 117.2 118.8 120.5 122.4 124.1 126 127.9 129.7 131.1 132 138.4 149.5 156.6 163.3 164.3 163.8 163.4 165.2 166.4 171.3 180.8 189.3 197 205.1 209.8 213.7 218.4 223.2 228.6 234.1 237.8 240.5 241.3 241 239 235.2 230 226.1 221.6 217.9 213.4 208 203.4 203.4 199.7 202.5 204.3 205.6 208 209.8
101.2 100 99.3 99.8 100.1 100.7 101.4 102.2 102.3 102.8 103.5 104.1 104.4 104.9 105.3 105.9 106.3 106.5 107.3 108.1 108.7 109.2 110.1 111.4 112.7 113.9 115.3 116.6 118.2 120 121.9 123.5 125.1 127.2 128.4 131.1 132.6 133.9 140.6 151.4 162.4 171.7 177.5 175.2 172.2 172 175.4 181.8 181.6 185.1 198 205.8 211.4 215 218.7 224.2 228.9 234.3 238 240.2 241.3 241.3 238.2 234.1 228.4 225.2 220.2 216.3 212.1 208 202.6 197.9 195.4 198.3 199.3 201 204.2 204.9
100.2 99 99.3 99.7 100.2 101.5 102.5 103.4 103.2 103.5 103.8 104.2 104.8 105.6 106 106.4 106.8 106.8 106.9 108 109 110 110.8 112 113.2 114.5 115.8 117.3 118.9 121.2 123.4 125 127.2 130 131.3 133.5 134.1 136.3 142.5 152.7 163.6 176.4 185 186.2 187 187.3 190.1 193.9 193.3 188.7 197.9 207.3 213.8 217.3 221 225.1 229.8 234.3 237.3 239.6 240.8 240.3 236.9 232.9 228.3 223.3 219.7 216.4 212.1 209.5 206.3 203 199.5 190.5 194.4 197.2 199.9 201.9
98.2 98.7 99.3 100 101.5 103.4 104.5 105.8 105.3 104.9 104.9 105.3 105.6 106.2 106.6 107 107.4 107.6 107.9 108.8 110 111 111.4 112.6 113.9 115.1 116.4 118.2 120.3 122.7 124.8 126.9 130 133.7 135.9 137.2 139.5 138.2 142.8 152.2 165.3 176.4 187.1 196 198.7 200.1 200 203.5 203.3 199.3 197.1 206.4 213.6 218.2 221.1 225.3 229.1 233.5 236.5 239.1 240.4 239.4 236.1 233.2 229.4 225.8 222 218.5 215.1 210.8 206.7 202.9 198.9 194.5 190.8 193.5 195.8 197.8
100 100.6 101 101.1 102.4 104.6 106.6 107.5 107 106.8 106.6 106.6 106.9 107.5 108 108.7 108.9 108.6 108.8 109.4 110.9 111.6 112.2 113.5 114.8 116.2 117.5 119.6 121.2 123.6 125.4 128.7 132.9 138.2 141.2 143.3 143.6 142.5 144.1 151.9 162.2 174.1 185.5 199.8 204.5 206.4 209.2 210.2 211.3 206.4 202.8 202.6 210.7 215 218.2 222.2 226.8 231.8 235.7 238.2 240.1 239.2 237.3 235 231.2 228 222.9 219 214.8 210.5 206.1 202.1 197.8 193.4 188.6 188.4 190.6 194.1
100.7 101.2 101.8 102.2 103.3 105.4 108 109.1 108.8 108.6 108.5 108.5 108.7 109.4 110.1 110.5 110.5 109.9 109.7 110 111.3 112.5 113.3 114.6 116 117 118.8 120.9 122.5 124.5 127 129.9 134.8 140.2 144.9 147.4 147 146.6 146.7 147.7 159.6 171.3 182 197.2 204.9 210.5 214.8 216.6 216.4 214.8 211.7 209.4 207.4 210.6 215.5 219.1 225.2 230.7 234.9 238.4 240.3 240.4 238.6 235.8 231.9 228 222.8 217.5 213.5 209.3 204.4 200.2 196.1 191.8 187.8 184.9 187.4 190.8
101.3 102 102.6 103.4 104.5 107.3 109.4 110.6 110.8 110.7 110.9 111.1 111.3 111.6 111.8 111.5 111.2 111 110.8 111 112 113.1 114.5 115.4 116.3 118.3 119.9 121.4 124.2 126.8 130.6 133.8 138.5 143.5 147.8 151 151.9 151.3 150.1 148.5 157 167.6 178.1 193.2 203.2 211.2 217 218.9 219.5 218.7 217.4 215.9 214.2 215 218.5 223.4 228.5 232.3 236.3 238.8 240.8 240.6 238.9 236.4 232 227.8 222.8 218.3 213.9 209.1 204.9 200.2 195.5 191.6 187.6 184 184.3 187.2
101.9 102.8 103.6 104.4 106.8 109.1 110.9 110.9 111.3 111.9 112.8 113.8 113.8 113.5 113 113 112.7 112.4 112.2 112.1 113 114.1 115.8 117.2 117.7 118.6 121.5 122.5 125.1 129 133.6 139.2 144.8 149.2 155.7 160.7 158.9 157.4 155.3 152.7 154.1 164.1 176 190.4 200.9 208.5 216.6 219.9 221.4 221.3 221.5 219.5 217.5 218.4 222.1 227.3 231.9 235.2 237.5 239.3 240.8 240.5 239.5 237.6 234.4 230.4 225.8 221.3 216.8 212.4 208 203.2 198.7 193.7 189.9 185.3 179.8 183
102 103.4 104.2 105.4 108.3 110.7 111.6 110.8 111.3 112.5 114.4 114.7 114.9 114.4 114.2 114.3 114.2 113.7 113.5 113.4 113.9 115.1 116.8 118.5 119.7 121 122.5 124 125.8 128.1 131.4 140.4 148.9 157.5 169.7 175.3 172.5 168 164.2 160.7 156.6 163.8 175.1 188.3 200 207.9 215.5 219.7 222.5 223.6 224.4 222.6 221 224.5 225.2 230.9 234.5 236.7 238.1 239.4 240.7 240.5 240.2 239.1 237.5 233.6 229.5 225.7 221.4 217.4 213.2 208.8 204 199.7 195.4 190.4 185.4 177.4
102 103.4 104.8 106.9 109.9 111.8 111.5 110.6 111.7 113.5 114.7 114.2 114.2 114.3 114.1 114.5 115.1 114.8 114.8 114.9 115 116.1 117.8 119.4 121.5 122.8 124.1 124.2 126.5 131 138 142.2 151.3 163.2 175.8 186.1 187.4 183.2 177.6 173.1 164.3 161.7 175.1 187.9 199.2 208.4 214.7 219.1 222.9 224.9 226.7 225.6 225.2 227.2 230.8 230.4 234.8 236.8 238 239.4 240.6 240.1 239.3 239.1 238 234.9 232.5 229.4 225.9 222.7 218.7 214.8 211.5 207.7 202.6 196.8 191.8 185.8
102.4 103.4 104.7 107.5 110.3 110.7 110.1 110.2 111.8 113.3 113.5 113.3 112.9 113.7 114.3 114.8 115.3 115.3 115.9 116 116.2 117 118.5 120.5 122.8 124.5 126 127.9 128.8 133.3 139.5 147.8 155.4 166.1 177.2 188.7 198.2 196.9 191.1 184.6 178.1 167.2 173.3 189 199.2 206.5 213.2 218.1 223.3 226.8 228.7 229.5 229.6 229.5 229.4 231.4 236.1 237.1 239 240.7 241 239.6 238.3 236.7 235.2 233.4 230.5 229 225.2 221.5 218.7 215.9 213.2 210.6 207.3 204 198.4 191.6
102 102.6 104 107 109.3 109.3 108.1 108.7 110.3 112.1 112.3 112 112.4 113.8 114.9 115.5 115.6 116.2 116.8 117.1 117.5 118.3 119.5 121.7 124.1 126 127.4 128.9 132.2 134.5 140.3 148.3 158.1 166.5 176.9 189 198.3 203.1 201.6 197 190.9 177.4 175.9 190.9 200.4 207.4 214.2 220.4 224.9 228.2 230.4 232.1 233.5 234 235.1 235.8 237.4 238.9 240.7 241.7 240.1 239 237 234.5 232.4 229.2 225.4 223.3 221.6 218.9 216.5 214.3 212.3 212.8 211 206.2 201.2 195.8
