WholeMapElevations/data/tq/tq67_OST50GRID_20230518/TQ67.asc
ncols 200
nrows 200
xllcorner 560000
yllcorner 170000
cellsize 50
[rows 0 to 38 of 200, columns 0 to 86 of 200]
20.4 19.9 19.7 19.4 20 20.5 20.7 16.3 17.4 19.3 18.6 18.1 17.3 15.7 15 13.5 13.5 14.5 15.1 19.2 19.5 20.9 21 24.6 24.2 25 25.6 26.4 26.4 26.8 26.1 25.4 25.9 26.4 26.5 26.1 26.3 25.6 25.4 25.9 26.5 26.7 26.5 26.4 26.5 27.2 27.6 27.3 27.7 27.3 27.7 27.7 27.2 27.2 27.6 27.7 27.7 27.2 27.6 27.5 27.4 26.7 26.9 26.9 26.4 26 26 26 26.3 26.5 26.6 26.3 26.8 26.9 26.6 27.7 25.2 25.3 25.7 25.4 25.2 25.2 25.5 24.9 25.3 25 24.4
20 19.5 19.1 19.3 20.1 15.4 16.7 20 19.4 18.8 18.2 17.6 17.3 15.7 14.7 14.4 14.6 14 18 20.4 20.3 21.3 23 23.4 23.2 24 24.3 25.5 25.9 25.8 25.6 25.3 25.6 26.1 26.7 26.5 25.9 25.3 25.2 25.7 26.2 26.7 26.5 26.3 26.9 26.8 26.8 27 27.3 27.5 27.3 27.7 27.8 27.4 27.5 27.6 27.9 27.4 27.2 27.4 27.4 27 27 27.1 26.6 26.1 25.8 25.8 25.8 26.3 26.6 26.4 26.7 26.7 26.8 27.7 25.4 24.7 24.9 25.7 25.8 25.9 25.6 25.4 25.5 25.5 25.2
19.2 18.9 15.6 14.6 15.6 19.4 19.4 19.2 18.8 18.5 17.9 17 17 17.2 17.3 17.2 17.7 18.6 19.1 20.4 21.1 20.6 21.7 22.6 22.5 23.3 23.4 24.5 25 25 24.8 25.4 25.4 25.8 26.2 26.1 25.7 24.9 25.7 26.4 26.4 26.8 26.6 26.4 26.9 26.3 26.5 26.7 27 27.3 27.5 27.7 27.9 27.6 27.7 27.7 27.8 27.7 27.4 27.6 27.5 27.4 27.2 27.4 26.9 26.4 25.9 25.9 26.5 26.1 26.3 26.4 26.6 26.9 27.1 27.5 28.4 25.1 25.6 26.1 26.2 26.3 26.1 26 26.1 26.1 26
13.9 14.9 16.9 16.9 17.6 18 18.4 18.3 17.2 16.7 18.5 18.9 17.9 16.9 16.6 11.9 8.9 9.7 20 19.6 20.1 20.1 21.7 21.5 21.9 22.5 23.4 24.1 24.3 24.3 24.5 25.1 25.7 25.8 25.7 25.7 24.8 25 25.8 26.6 26.4 26.7 26.5 26.6 26.7 26.2 26.2 26.4 26.6 27.1 27.5 27.7 27.8 27.8 27.8 27.7 27.6 27.6 27.8 26.8 26.6 27 26.9 27 26.6 26 25.5 26.3 26.2 26.5 26.7 26.9 27 27.3 27.7 27.6 27.3 26.6 26.3 25.9 26.2 26.3 26.6 26.5 26.4 26.6 26.6
18 17.4 16.9 16.4 17 17 17.6 18.5 18.8 19.5 19.3 19.4 18.6 18.2 17.9 9.6 10.3 20.4 20.9 20.6 20.3 20.8 21.4 21.6 21.5 22.1 22.6 23.3 23.9 24 24.4 24.9 25.4 25.5 25.5 25.1 24.5 25 25.8 26.6 26.6 26.7 26.2 26.5 26.5 26.3 26.1 26.7 26.3 27 27.7 27.8 27.9 27.8 27.4 27.4 27.4 27.4 27.4 27.2 26.6 26.6 26.8 26.1 25.9 25.6 25.8 26.2 26.5 27 27.3 27.5 27.7 27.7 27.7 27.5 27.1 26.4 25.7 25.7 26.5 26.3 26.9 26.7 26.9 27.1 27.2
17.5 17.8 17.8 17.5 17.3 17.6 17.8 18.3 19.1 19.7 20.1 20 19.6 19.1 18.9 13.1 11.3 21.2 21.5 21.9 21.1 21.2 18.3 21 21.3 21.7 22.7 23.2 23.6 24.2 24.6 24.5 25 25 24.7 24.3 24.1 25.5 26.2 26.6 26.7 27 26.3 26.4 26.5 26.4 26.2 26.1 26.5 27.2 27.9 28 27.8 27.4 27.2 27.2 27.2 27.2 27.1 27 26.6 26.9 26.3 25.4 25.1 25.5 26.1 26.6 26.7 27.2 27.8 27.4 27.2 27.4 27.8 27.9 28.8 26.9 25.5 26.9 27.2 27.3 27.3 27.4 27.6 27.6 27.8
18.2 18.1 18.1 18.2 18.2 18.4 18.7 19 19.5 20 20.3 20.1 19.8 19.2 18.6 16.1 15.1 19 20.9 22.7 21.8 22.3 21.8 21.5 21.4 21.6 21.9 22.3 23.7 24.2 24.4 24.3 24.5 24.2 23.8 23.3 24.6 25.9 26.6 26.8 26.8 26.8 26.9 26.4 26.5 26.3 26.1 26.4 26.5 27.3 27.9 27.7 27.5 27.5 27.2 27.1 27.1 27 26.8 26.6 26.4 25.6 25 24.6 25.1 26.5 26.5 26.9 27.1 27.4 27.4 27.3 27.3 27.6 27.9 27.2 27.7 28.3 26.2 27.7 27.7 27.7 28.9 28.4 28.3 28.4 28.3
18.7 18.9 18.9 19 18.4 18.2 17.7 17.4 17.5 18.7 19.4 19.1 19.1 18.8 19.3 18.3 18.2 18.6 21.3 23.4 22.4 22.4 22.2 21.8 21.5 20.7 21.8 22.3 23.5 23.7 23.8 24.5 24.1 23.6 23.1 23 25.4 26.2 26.7 27 27 26.9 26.8 26.7 26.5 26.2 26.3 26.7 26.6 27.1 27.5 27.7 27.9 27.6 27.3 27 26.9 26.7 26.4 26.2 25.8 24.8 24.5 24.8 26.2 26.4 26.7 26.9 27.4 27.3 27.2 27.2 27.3 27.3 28.4 27.8 26.7 27 27.6 28.2 28.2 27.9 27.6 28.7 28.7 28.7 28.7
18.3 19.3 19.6 18.5 18 17.7 17.5 17.1 17.5 17.9 18.3 18.7 18.8 19.8 20.3 20.1 19.6 21.2 22.8 24.5 23.7 23.7 20.2 20.2 20.7 20.2 20.8 21.6 23.1 23.4 23.7 24.2 24 23.6 22.9 23.7 25 26.2 26.9 26.9 26.9 26.7 26.5 26.3 26.2 26.5 26.8 27.1 27.3 27.8 28.1 28.2 27.9 27.6 27.3 26.8 26.4 26.3 26 25.7 24.9 24.7 25.5 26.7 26.6 26.4 26.6 26.7 27.2 27.3 27.5 27.5 27.6 27.6 28.6 27.7 27.6 27 27.5 28.2 27.9 27.4 27.4 27.5 28.3 28.7 28.8
17 19.8 19.1 18.1 17.6 17.3 16.8 16.6 17 17.4 17.7 18.5 19.2 20 20.7 20.8 20.4 22.2 24.1 26 26.3 24.8 20.6 20.5 19.7 19.6 19.4 20.3 21.9 22.5 22.7 23.5 23.7 23.4 22.1 23 24.7 25.9 26.6 26.7 26.4 26.1 25.8 26.4 26.8 27.1 27.4 27.6 27.8 28.4 28.8 28.2 28.2 27.6 26.7 26.2 25.7 25.2 25 24.5 24.3 26.4 27.2 27.4 27.3 27.3 27.4 27.4 27.4 27.5 27.7 27.9 27.9 28 28 28 27.8 26.9 27.9 27.8 27.7 27.1 27.4 27.8 27.8 28.3 28.6
18.9 20.1 18.6 17.9 17.3 16.4 15.6 16 16.4 16.6 17.2 18.9 20 20.3 20.6 21.5 21.8 22.8 25.2 27.6 26.1 24.8 21.5 20.6 20.1 20.2 19.6 19.5 20.7 21 21.9 22.4 22.5 22 20.9 23 24.4 25.5 26.1 26.2 25.7 25.5 26.1 26.6 26.9 27.1 27.2 27.4 27.8 28.2 28.2 27.8 27.2 26.6 25.8 24.9 24.1 23.4 23.9 24.9 25.4 27 27.3 27.6 27.6 27.8 27.8 27.3 27.8 27.7 27.9 28.1 28.2 28 28 28 28 27.4 28.8 28.5 28 27.5 27.7 27.8 28 28.2 28.3
20.8 21.5 17.9 16.3 15.2 14.2 14.5 14.7 15.6 15.2 16.2 18.4 20.6 21.4 21.7 23.3 22.4 24 26.4 28 27 25.4 23.8 21.5 20.9 20 19 18.7 19.2 20.1 21.1 21.5 21.7 21.1 20.4 22.3 23.9 25 25.5 25 24.1 25.6 26.2 26.2 26.6 26.9 27.1 27.4 27.8 28 27.8 27.6 27.1 26 25 24.1 23.2 23.4 25.4 26.6 27 27.5 27.8 27.9 28.1 28.3 28 28 28.2 28 28.1 28.3 28.5 28.1 28.1 28.2 28.3 27 28.3 28.2 28 28 28 27.9 27.8 28 27.6
22.8 22.6 17.4 15.6 13.9 12.5 12.6 12.3 11 13.3 13.9 16.3 20.2 22.6 24.3 25.1 26.1 26.1 27.3 28.3 26.8 25.3 23.5 22 20.6 20.4 19.1 18.3 18.1 19.2 20.2 20.2 20 19.4 21.2 22.1 23.3 24.3 24.8 24 23.5 25 25.6 25.9 26.3 26.7 27 27.4 27.9 27.7 27.6 27.7 27.1 25.6 24.7 23.8 22.7 24.4 25.9 26.9 27.1 27.6 28.4 28.3 28.5 28.7 28.7 28.7 28.5 28.4 28.3 28.6 28.8 28.5 28.5 28.6 28.3 29.7 28.4 28.1 28.1 28.1 28 27.9 27.7 27.7 27.6
23.3 24.5 24.3 13.7 12.3 10.9 10.5 10.2 9.9 11.1 12.8 15.9 18.7 21.8 24.4 27.1 28.2 28.7 28.1 28.3 26.6 25 22.7 21.8 20.5 20.2 18.9 18.2 17.7 18.1 18.7 19.4 18.5 19 20.2 21.8 22.8 22.9 23.7 22.6 23.5 25 25.2 25.5 25.8 26.2 26.5 26.9 27.5 27.4 27.4 27.4 26.9 25.8 25.2 25.3 24.4 25.2 27.3 27.4 27.3 27.5 28.1 28.2 28.6 28.7 28.8 28.7 28.3 28.2 28.5 28.8 29 28.8 28.7 28.7 28.4 29.9 27.6 28.2 28.2 28.2 28.1 27.9 28 28.1 28.3
25.4 26.5 26.2 11.7 10.6 9.5 9.1 8.9 8.7 9.7 12.4 14.2 17.3 20.7 24.4 29.4 30.7 30.4 29 26 26 24.8 23.1 21.3 20.3 19.9 19 18 17.5 17.3 17.7 17.6 17.6 19.2 19.7 20.9 21.6 22.3 22.1 22.4 23.8 24.4 24.7 25 25.1 25.7 26.5 27.1 27.2 27.2 27.2 27 26.6 25.7 25.2 25.7 23.7 23.7 27.7 27.9 27.8 27.8 28.3 28.8 28.8 28.8 28.8 28.7 28.3 28.4 28.7 28.6 28.6 28.6 28.7 28.7 28.4 29.8 27 28.7 28.7 28.9 29.1 28.9 28.9 28.9 28.8
26.7 27.8 28.5 10.6 9.1 8.3 7.8 8.2 7.9 9.3 10.9 13.5 15.8 18.2 22.1 31.6 32.4 31.1 28.5 25.8 24.5 23.9 23.5 21.4 20.5 20.2 19 18.3 17.4 16.6 16.4 16.8 18.1 19.6 20.2 20.5 20.9 22.1 21.4 21.6 22.4 23 23.3 23.6 24.7 22.5 25.9 24.9 23.2 26.9 27.4 26.8 26.2 24.7 25.4 22.4 24.9 25.8 27.4 28.1 28.2 28.2 29 28.7 28.5 28.7 28.8 28.6 28.3 28.5 28.7 28.8 28.6 28.6 28.7 28.6 28.4 29.4 27.2 29.2 29.4 29.6 29.7 29.9 29.7 29.5 29.4
28.9 30 29.9 22 8 7.3 7.6 7.7 7.8 8.4 10 12.1 14.5 16.8 19.6 21.8 22.8 23.2 22.4 22.8 24.3 24.3 23.4 21.2 20.9 20.2 19.5 18.9 17.8 17 16.3 16.8 17.9 19.2 20.4 20.6 21 21.3 20.9 21.2 21.5 21.9 22.2 22.4 22.4 23 23.7 22.9 23.2 26.5 26.9 26.7 25.8 24.1 20.1 18.2 26.7 25.7 27.4 28.4 28.5 28.5 28.9 28.6 28.3 28.5 28.7 28.6 28.6 28.4 28.7 28.9 28.6 28.7 28.7 28.7 28.9 29.2 27.2 29.7 29.5 29.9 30.2 30 29.8 29.7 29.7
29.1 31 31.6 32.3 7.2 7.2 7.4 7.6 6.6 8.1 10 12 13.9 15.5 18.7 20.4 3.6 0.2 0.2 1.1 24.2 23.8 23.3 21.2 20.2 20.1 19.7 19.1 17.7 16.8 16.2 16.3 17.8 19 20.1 20.8 20.9 20.3 19.6 20.1 21.4 21.3 21.3 21.5 21.8 22.6 22.7 22.5 23.6 25.3 25.6 25.7 24.8 23.1 19.1 17.2 26.1 27.8 28.1 26.2 28.5 28.7 28.9 28.6 28.1 28.1 28.4 28.6 28.8 28.8 28.8 28.7 28.8 30.2 30.4 28.7 29 27.5 28.3 30.4 29.9 29.9 29.9 29.7 29.6 29.7 29.8
19.5 32.8 33.3 33.6 6.7 6.9 7.2 7.4 7.6 8.7 10.2 11.9 13.7 15.7 13.5 17 1.7 0.3 0.2 0.8 22.6 23.5 23.3 21.2 20.1 19.6 19.3 18.9 17.9 16.4 16 15.7 17.3 18.6 19.3 19.7 19.9 19.5 18.7 20 21.3 21.4 21.3 20.8 20.9 21.5 21.4 21.8 22.3 23.2 23.5 23.1 22.2 21.2 17.9 18.7 23.7 26.7 27.5 27.8 26.7 27 28.5 28.5 28 27.7 28 28.5 28.4 29.2 29.6 29.7 29.6 30.4 30.3 29.5 28.6 26 28 30.1 30 30 29.8 29.5 29.6 29.7 29.8
11.3 33.6 34.2 34.2 22.8 7 7.3 7.6 7.9 8.7 9.7 11.2 12.8 10.3 4.5 3 0.9 1 0.9 13.5 21.8 22.9 22.9 5.6 5.3 19.5 18.7 18.5 17.3 16.3 15.1 15.6 16.8 17.4 17.8 18.6 18.6 18.4 18.7 19.7 20.8 21.4 21.6 21.3 20.3 20.9 20.5 20.9 21.7 21.2 21.9 20.3 21.2 19.6 16.3 18.1 23.7 26.1 26.6 26.9 27.4 26.7 26.8 27.7 27.6 27.2 27.8 28.6 28.5 29.5 30.5 30.7 30.1 30.6 29.9 29.2 28.5 24.4 28.5 30.8 30.3 30.6 30.4 30 29.7 29.8 29.8
34.4 34.4 34.5 34.7 34.3 6.7 6.6 6.8 7.5 8.4 8.2 6.9 4.6 11.4 12.5 2 1.7 1.8 1.5 1.3 21.7 22.8 22.2 5.5 4.7 18.5 18.6 17.6 16.4 15.3 14.4 14.6 15.5 16 16.1 17.4 17.8 18.5 19.3 20.2 20.5 20.6 20.9 21.4 21.2 20.8 20.4 20.9 20.7 19.9 18.8 17.8 17.6 17.4 14.7 16.8 21.2 24.1 25.2 25.7 26.7 27.3 25.2 26.2 26.6 27.2 27.5 28.3 28.9 29.6 30.6 30.4 30.5 30.4 29.6 28.9 28.5 24.3 27.8 30 30 30 30.1 30.4 30 29.8 29.9
34.7 34.5 34.8 29.3 5.8 6.9 9.5 10.9 14.8 12 10.2 12.9 19.3 22.9 12.3 2.4 1.7 1.6 1.7 1.4 4.2 22.6 22.5 3.4 3.6 17.9 17.8 17 15.8 14.6 14.4 14.8 15.5 16.9 18.1 18.1 18.3 19.1 19.9 20.7 20.1 20.2 20.4 20.5 20.3 20.9 19.7 19.9 19.3 17.6 17.5 17.2 14.7 13.9 13.6 15.4 18.9 21.4 22.4 23.4 24.5 25.7 24.3 23.9 25.8 26.6 27.1 28.2 29.5 29.8 30.4 30.7 30.6 30.2 29.5 28.7 28 24.1 28.1 29.3 29.2 29.2 29.3 29.8 30 30.1 30
34.7 34.5 8.5 5 0.4 0.2 0.1 0.1 7.4 12.8 25.4 32.1 31.8 28.2 24.6 2.4 1.5 1.6 1.5 2.8 1.5 15.2 22.2 2.6 2.6 2.1 17 16.7 15.2 14.1 14.5 14.9 16.5 19.4 19.9 20.6 20.4 19.9 20.7 20.9 21.2 21 21.1 20.9 20.4 21 19 18.5 18.3 18.6 19 18.6 17.4 16.2 13.6 13.6 17.9 19.9 20.8 22.7 23.8 24.1 23.6 22.1 24.4 24 26 27.5 28.4 30.4 29.5 30.2 30 30.3 29.6 28.6 27.6 23.7 27.6 28.6 28.2 28.2 28.5 29.1 29.3 29.5 29.4
33.8 4.3 4.6 0.8 0.7 -0.2 0.2 -1.1 6.4 32.1 31.4 30.3 30.7 31.7 29.4 17.3 1.7 1.5 0.8 1.4 1.7 4.3 21 2.2 1.9 1.6 17.2 16.1 15 13.5 13.4 14.8 17 21.6 22 22.2 22.3 22.2 22 22.2 22.3 22.4 22 21.4 20.5 21 20 19.4 19.5 20.1 20.4 20.1 18.7 16.9 13.8 13.8 15.8 16.2 19.4 21.7 22.6 23.6 25 20.8 25.7 23.5 25.2 26.2 27.4 27.8 27.7 28.9 28.7 29.9 29.4 28.5 26.7 26.4 26.1 27.3 27.3 27.3 27.7 28.2 28.7 28.8 29.1
34.8 5.3 2.8 1.1 0.3 0.4 -1.1 -1.1 0.7 23.8 28.9 28 30.8 32.5 32.3 16.6 2.3 1.6 2.1 2 1.7 1.4 6.7 1.9 1.7 0.7 17.6 16.5 15.1 13.7 13.2 14.5 15.4 24.4 24 24.3 24.3 24 23.8 24.2 24.2 23.5 22.6 21.8 21.1 21.5 20.5 20.1 20.5 20.5 20.6 20.1 17.8 15.7 14.2 11.8 15.2 17.5 19.1 21.3 22.1 22.9 22.2 19 22.9 24.7 25 25.6 26.2 26.8 27.6 26.7 27.6 29.4 30.8 28.1 22.5 25.5 25.2 25.7 26 26.3 26.9 27.5 28 28.3 28.8
31.7 6.7 1.7 1.4 1.9 0.7 -1.1 -0.9 0.6 1.5 28.1 27.2 28.9 31.6 31.8 27.6 3 1.6 2.2 2.3 1.5 4.8 20.3 1.6 1.8 1.5 18.5 17.5 15.9 13.7 12.4 15.7 24.9 26.4 25.7 25.5 25.6 25.3 25.2 25.9 25.9 25 24 23.2 22.4 22.3 21.6 21.2 20.9 20.3 20.3 19.9 17.4 15.7 13.7 10.7 14.5 20.7 21 21.8 22.1 22.3 19.8 17.2 23.7 24 24.7 25.5 25.8 26.1 26.4 26.6 26.2 26.9 28.1 27.2 22.3 24.5 24.6 24.9 25.8 26.2 26.8 27.5 28.1 28.6 28.6
28.1 8.6 2.4 1 2.4 1 -0.8 -0.1 0.4 1.3 26.7 26.4 28 31.8 31.5 30.3 13.1 2.4 1.9 2.6 3.3 14.6 20.4 1.6 1.5 1.5 19.2 18.1 16.7 13.8 11.6 14.3 26.4 26.5 25.7 26.3 26.7 26.6 26.7 27.4 27.2 26.1 25.5 25.4 24.5 23.8 23.2 22.6 22.3 22 21.5 20.9 18.6 16.4 13.8 11.5 11 21.6 21.2 22.2 22.5 21.5 16.9 16.7 23.5 24.4 24.7 25 25.4 25.7 25.8 26.2 25.7 25.6 26.5 20.7 24.4 24.3 25.1 26.2 27.2 27.3 27.7 28.1 28.7 29.2 29.5
28.2 10.7 1.1 1.4 2.6 1.2 -0.8 -0.5 0.5 1.1 24.4 24.2 24.6 28.5 30.9 24.9 23.6 23.2 4.7 3.6 3.7 8.4 20.5 1.4 1.3 0.7 20.1 18.7 17 14.7 11.3 12.6 18.5 12.9 26.9 26.8 27.3 27.7 27.9 27.9 27.4 27 26.7 26.7 26.7 25.6 24.2 23.7 23.2 22.8 22.1 21.5 19 17.9 16.6 13.6 8.8 9.6 19.6 22.6 22.5 20.1 14 17.9 23.6 24.1 24.3 24.6 24.9 25.2 25.3 25.3 24.8 24.8 23.8 19.5 25.3 24.7 26.5 27.9 28.5 28.9 29.3 29.6 29.4 29.8 30.3
21.5 13.1 0.2 1.9 2.7 1.8 -0.1 0.8 1 1.3 23.7 22.3 23.1 25.5 28.7 24.8 24.2 23.3 4 3.4 3.6 3.8 20 7.7 1.1 1.7 20.9 19.5 17.5 15.3 11.4 10.6 11.8 12.9 14.5 27.3 27.7 27.7 28.1 27.4 28 28 27.9 27.6 27.5 25.1 25.9 24.6 24 23.5 22.6 21.6 20.7 20.8 18.9 15.3 11.7 7.9 8.1 19.2 22.2 19.6 13 15.5 21.8 23.8 23.9 24.2 24.5 24.6 24.7 24.4 23.5 22.2 16.9 22.4 23.7 24.9 26.9 28.2 29.5 29.3 29.9 30.7 30.5 30.5 30.3
23 15.5 0.1 0.4 20.5 27.1 0.4 1.2 1.3 9.5 22 20 20.3 21.5 16.5 20.2 12.7 4.2 3.7 3.6 3.9 3.7 11.8 9.1 1.4 1.7 21.2 19.7 18.4 16.4 14.6 10.8 9.7 11.3 9.2 17.1 27.1 27.8 28.6 23.5 27.9 28.2 28.5 28.1 27.7 27.6 26.4 25.4 19.8 10.1 15.8 22.5 22.3 21.4 20.5 18.1 15 10.4 6.7 8.7 19.4 21.6 12.7 10.2 15.4 19.7 20.4 22.3 22.5 22.1 23.5 23.4 20.9 15.8 18.3 20.7 20.9 24.8 25 26.5 27.6 28.4 28.9 28.8 29.3 29.6 30
24.5 17.1 0.9 0.2 16.9 26.4 8.5 2 2.3 20.2 19.9 18.9 18.5 18.8 4.6 4.7 4.2 4.6 4.3 4 3.9 3.8 11.2 12.5 1.6 1.9 15.2 12.9 12.6 16.8 16 12.4 9.5 10.6 10.3 11.9 27 28 27.5 27.7 27.4 27.4 27.7 28 27.8 26.2 26.3 11.6 9 10.3 10.7 22.7 22.5 22.4 20.9 19.1 16 13.3 8.2 5 10 20.5 12.9 7.8 8.7 10.7 12.4 14.1 15.2 16.7 17.6 20.4 15.6 13.3 18.9 18.8 21 23.2 23.5 23.8 24.6 25.1 26.7 27.5 27.2 28.2 28.4
25.2 25.5 10.8 0.2 7.1 24.1 17.2 2.1 3.1 19.8 19.2 17.3 17.8 6.8 4.5 4.3 4.2 4.5 4.2 4.2 4.1 4.1 7.2 17.7 2.1 2.2 2.4 2.8 8.2 16.2 15.7 12.6 9.8 8.5 11.8 11.6 20.4 25.6 26.1 24.9 25.2 26.4 26.6 27 27 26.8 26.5 9.3 8.8 9.6 14.4 21.5 21.6 22.1 21.1 19.1 16.2 13 8.8 5.1 4.9 11.2 10.5 7.3 5.1 6.1 6.7 7.3 8.3 9.5 11.4 11.5 10.7 15.8 15.9 17.3 20.6 22 22.4 21.2 22.6 22.8 23.8 24.1 24.2 24.6 24.6
22.5 21.7 17.3 13.1 1.8 21.5 17.3 2.2 2.3 2.3 3.8 15.5 15.7 8.9 5 4.7 4.6 4.5 4.5 4.7 4.7 4.6 9.3 16.1 2.4 2.4 2.8 2.7 3.8 14.7 13.6 11.5 9.7 7.8 9.5 12.3 15.1 20.2 24.2 24.6 24.1 24.4 24.7 25.1 26 26.2 25.6 9.7 9.4 9.7 19.5 19.2 19.6 19.8 19.4 16.7 14 11.8 8.9 4.2 3.4 2.3 5.3 6.2 3.1 2.5 4.2 6.8 6.3 10.4 6.4 9.2 11.2 12.8 14.6 18.3 19.5 21.1 21.6 22 19.3 21.8 21.4 21.9 21.4 21.5 22.1
20.2 19.5 20 16.9 0.8 18.8 16.5 15.1 13.9 8.9 13.9 15.5 15.1 8.2 5.2 5 4.9 5.2 5 5.2 5.4 5.6 15.7 14.3 10.2 4.3 2.6 5.6 3.6 12.6 12.2 10.4 8.7 7.2 8.9 11.2 13.7 16.6 19.9 20.8 21.9 22.1 21.7 22.4 23 23.3 22.1 10.2 9.6 8.4 17.2 17.1 17 15.4 15.3 13.6 11.6 10 7.6 3.5 2.7 4.1 2.8 9.5 1.7 1.2 3.7 4.2 5.2 5 8 8.9 10.8 15.7 20.6 21.5 21 21.6 22.5 22 21.9 17.8 20.6 19.3 18.7 20.3 21.6
18.4 18 18 15.4 3 16.8 16 15.9 15.7 14.2 14.2 13.6 13.4 10 5.1 4.9 4.7 5 5.2 5.5 5.6 12.9 13.8 13.1 11.3 9.4 6.2 11.3 4.6 11.2 10.6 9.3 7.6 6.5 7.8 9.3 11.6 15.9 18.2 18.3 19.2 19.2 19.1 19.7 19.6 19.2 18.1 10.9 9.5 7.6 15.6 10.8 15 12.6 13.7 11.9 9.7 7.5 4.7 1.6 2.4 3.3 4.6 9.3 0.9 1.1 3 4.4 3.9 6 8.1 10.6 11.4 15.2 20.2 22.5 22.8 22.9 22.7 22.2 21.8 21.7 16.8 15.1 13.6 21.7 21.8
15.9 15.6 15.1 15.5 9.7 14.9 14.7 14.5 13.2 12.7 11.8 12.2 12.5 12.3 5.2 4.8 4.6 4.7 4.9 5.5 6.1 12.3 11.3 11 10.2 10.2 10.9 11.3 10.8 6.9 8.8 7.9 7.1 6.4 7.5 8.8 11.8 13.4 16.2 16.3 16.9 16.9 11.5 9.9 7.4 8.7 15 10.2 9.4 9.3 7.7 8.5 8.6 9.5 10.8 10.6 8.5 6.5 3.7 0.7 3.9 16.1 7.5 6.6 1.2 1.1 3.7 2.7 6 6.9 7.8 8.9 10.2 11.5 15.4 19.2 15.6 23.2 22.6 22.4 21.7 20.6 18.5 13.1 11.3 20.5 21.7
13.1 13.3 13.1 12.4 11.1 12.8 12.5 11.3 11.2 11.7 11.6 11.2 10.9 11.4 6.8 4.7 3.4 4.8 6.5 12 11.5 10.9 10.3 9.7 9.7 9.8 9.5 9.7 9.3 8.3 6.5 6.5 6.4 6.1 6.8 5.3 11.3 11.9 9.9 10 10.4 10.6 10.2 9.7 10.1 10.4 11.2 9.7 9.1 9.2 7.4 7.7 7.6 8.9 9.2 8.8 7.7 5.4 3.1 0.8 5.1 9.7 5.6 6.7 0.7 0.7 3.1 1.9 3.7 4.8 6.3 6.4 6.7 7.8 9.4 10.6 8.1 12.4 12.1 14.1 18.6 18.2 15.7 12.1 9.9 10.8 17.9
11.2 11.2 11.1 10.6 10.4 10.1 10.3 10.6 10.7 10.8 10.8 10.6 10.7 10.8 9.1 8.7 4 6.2 10.6 10.6 9.6 9.1 8.7 8.3 8.5 8.2 8.6 6.8 7.3 6.8 5.8 5.6 5.3 5 4.2 4 4.1 5.4 7 9.2 9.4 9.3 9.2 9.5 9.8 10.1 8.6 9 8.8 7.7 7.3 6.7 6.5 7.5 8.4 7.7 6.6 5.2 3.1 0.4 0.8 3.2 2.8 5.6 0.7 4.1 2.5 1.6 2.1 2.1 3.2 3.6 4.1 4.1 3.9 3.3 3.3 3.3 1.2 3.2 7.7 7.5 7.4 6.3 4.8 8.7 9.7
9.3 9.2 9.1 8.9 8.9 7.7 8.6 7.9 8.4 8.6 9.1 9.1 9.2 9.8 9.4 9.8 5.3 8.9 9.5 9.1 8.8 7.4 6.5 5.9 6.6 6.6 6.3 5.1 5.5 4.7 5.1 5 5.2 4.6 4.3 4 4.4 5.4 6.8 8.8 8.5 8.7 9 9.2 9.5 9.9 8.1 8.3 7.9 7.5 6.5 6.2 6.4 6.1 7.2 6.9 5.9 4.4 3.2 0.7 0.5 1 0.5 3.2 1.1 2.4 0.8 0.8 0.5 0 0.2 0.1 -0.1 1.2 -0.2 0.1 0.7 0.6 -0.2 -0.2 -0.1 -0.3 0.7 0.8 1.9 3.1 4.1
