WholeMapElevations/data/nh/nh16_OST50GRID_20230518/NH16.asc
ncols 200
nrows 200
xllcorner 210000
yllcorner 860000
cellsize 50
[rows 35 to 69 of 200, columns 0 to 77 of 200]
341.1 337 333.5 330.7 328.6 327.6 326.4 326.4 319.8 314.4 313.4 311.6 310.1 307.8 307.4 306.5 306.8 309.1 311.4 312.9 312.2 317.7 322.4 326.7 334.7 340.9 343 349.2 349 352.6 354.7 357.6 357.4 358.1 359.3 356.7 355.6 351.9 349.3 350.2 347 344 340.1 336.7 330.1 327.7 323.7 319.8 317.2 316.5 310 310.2 301.6 301.8 308 302.7 301.7 297 297.8 300.3 299.3 300.9 303.3 302 302.3 307.1 311.5 317.5 318 324.5 328.3 334.8 345.1 350 355.4 365 372.8 371.1
346.4 342.4 339.6 334.2 331.6 330.9 334.7 334.1 329.5 324.8 316 312.9 312.7 312.8 307.9 307.4 306.5 306.1 306.2 307.1 308.5 310.5 314.7 317.8 320.5 324.2 335.3 339 338.3 343 343.3 349.1 347.4 347.9 348.2 346.5 343.5 341.4 337.7 337.4 336.2 333.3 331.2 327.6 323.5 316.3 317.4 311.2 310.4 309.1 307.5 305.8 304.9 297.3 297.5 303.9 301.8 296.6 294.6 293.9 295.8 294.5 294.8 292.5 293.9 296.2 301.2 304.7 307.8 311 312.3 317 321 323.2 332 336 342.8 344.1
354 348.3 345.8 340.1 336.1 333.8 333.6 334.5 336.9 330.5 322.1 318.2 315.3 311 311.1 310.5 308.5 305.2 305.4 304.9 306.6 306.5 307.5 309.2 310.4 314.4 318.9 328.5 331 330.6 330.9 331.8 333.9 336.6 338.3 336.5 334.1 332.5 324.3 326.9 327.2 326.2 321.5 318.8 314.9 308.2 309.6 303.1 302.9 304.1 305.9 303 303.1 295.3 298.7 296.9 294.9 294 293.7 290.9 290.3 289.4 289 288.8 289.3 291 294.6 297.6 298.2 300.2 300.1 302.4 303.9 306.3 309.7 312.1 321 325.1
363.1 356 356.8 349.6 345.9 340.3 337.9 335.6 338.8 337 328.5 326.7 323 320.1 315.5 311 308.8 305.9 305.2 304 303.6 302.8 303.1 303.3 304.1 306.7 308.8 310.8 320.9 320.3 321.5 325.4 325.4 325.4 327.7 324.4 325.3 326.1 315.3 321.6 321.3 316 312.4 310.1 306.1 302.4 299.8 292.9 293.8 297.5 297.8 300.7 298.7 294.6 300.8 295.5 291.9 292.2 291.6 290.5 289.7 287.6 286.8 285.5 285.1 286.6 288.8 291.1 291.2 292.2 292.4 293.6 294.1 294.3 294.3 298.5 305 305.9
367.9 365.2 365 364 358.7 351.8 346.8 342.6 344.4 344.3 344.5 337.1 334 330.1 325.4 322.2 315.1 309.1 306.6 307.1 304.7 304.4 304.8 303.4 303 302.6 301.9 303.8 310.2 307.8 309.2 312.3 315.7 311.5 314.9 312.8 314.4 313.3 310.3 312.9 312.8 308.8 306.2 305.4 302.4 297.1 294.5 294.2 293.2 291.3 290.9 298.7 292.5 294.5 295.3 296.1 293.8 291.6 288.4 289.5 287.9 287.6 285.8 284.4 283.2 282.7 284.6 284.9 284.8 285.2 285.9 287.1 286.3 286.6 289.1 290.4 293.5 294.7
375.1 369.3 371.5 370.1 367.9 367.1 361.2 354.2 352.6 352.3 351.1 349.5 347.4 342.4 336.4 331.9 325.1 315.8 311.5 309.5 306.7 305.7 304.9 302.9 303 302.2 303.1 301.2 303.9 304.3 303.6 303 309.3 310 306.4 309.8 307.1 305.1 307.7 305.1 305.2 304.4 303.3 303.7 299.2 294.8 299.2 301.4 298.9 295.5 289.1 289 287.8 287.2 287.5 293.5 289.4 290.5 287.7 292.1 286.6 285.4 284.6 283.5 282.6 281.4 280.3 279 280.5 279.6 281.3 278.3 279.5 283.4 281.7 283.2 285.1 287.2
379.5 375 372.8 374.8 373.8 373.5 371.9 367.8 362.2 363.2 361.5 359.3 358 355.7 349.9 341.8 332.2 324.4 320.5 315.4 311.8 308.6 305.8 306 303.7 303 300.8 301.6 302.3 305.1 301.5 301.2 301.7 304.5 301.8 304.1 302.4 301.9 302.4 302.6 300.9 299.2 300.6 296.6 296.3 301.9 303.5 302.8 301.3 301.7 300.4 293.7 291.5 289.3 289.2 287 286.4 285.2 284.2 284.8 284.7 284.2 283.8 282.8 281.6 279.6 279.7 279.4 278.1 278.2 277.6 276.2 275.8 276 277.5 278.5 279.6 280.5
383.4 382.2 377.7 378 379.2 379.8 378.7 377.5 377.8 375.2 373.6 373.3 371.5 369.5 365.2 358.8 346.8 339.5 331.1 324 316.5 312.9 311.7 308.3 305 304.3 302.1 301.2 300.6 301.2 301.1 301.2 302 302.7 300.7 300.9 301.4 300.1 300.6 300.1 300.3 299 297.8 301.5 304.9 306.1 306 306.6 306.5 305.7 304.9 304 301.3 299.3 295.1 297.6 289.4 285.6 284.8 283.7 283.5 282.6 281.6 281.4 280.4 280.6 280 279 278.3 277.3 277.2 275.6 275.4 276 275.4 275.3 274.5 274.1
385.1 382.7 384.5 384.5 385.2 382.6 382.3 382.2 384.9 383.3 381.4 384 383.2 381.8 378.8 372 366.6 358.1 348.3 338.3 331.9 325.4 317.6 314.9 310.3 307.8 304.3 303 305.2 300.8 301.1 301.2 299.8 300.5 300 299.6 299.8 298.9 298.6 298 298.2 300.7 302.8 302.9 307.3 311.7 315.1 316.7 321.5 317.4 313.2 311.9 310.8 306.7 307.7 303.6 300.8 301.8 296.1 290.7 291.3 284.8 282.8 282.2 281.3 279.9 278.9 278.4 278 276.7 276.3 276.8 274.9 275.4 274.8 273.2 273.3 272.8
393.8 389 390 386.3 384.8 388.8 391.1 387.6 389.4 389.7 391.1 390 391.9 390.4 390.7 387.7 380.5 374.4 366.6 361.1 353.5 344.3 331.8 320.3 315.7 311.8 309.9 305.6 304.6 303.1 301.8 300.6 300.2 300.3 298.7 299.7 298.6 304 302.1 301.8 303.7 306.4 307.4 312 316.5 322.1 323.6 325.5 335.5 329.5 329.7 326.4 326.8 322.3 321 316.4 314.6 310 307.3 301.6 298 298 292.1 294.2 291.5 284.8 285.1 281.4 283 283.9 281.8 282.1 276.9 274.1 273.8 275 273.5 273.3
393.7 393.3 392.8 393.2 392 393.6 394.3 394.6 395.1 395.7 396.5 398.2 400.1 397.4 400.9 402.2 396.6 392.4 383.4 380.3 373 366 353.9 343 326 318.8 313.9 309.1 309.4 307.5 306.4 307.8 301.5 303.5 305.1 302.4 307.6 307.6 309 307.2 310.2 313.9 316.6 322.8 326.8 333.1 335.5 335.7 343.3 346.2 341.6 338.8 338 332.9 331.2 329 327 321.2 318.9 311.9 307.1 304.5 304.6 301.3 295.4 293.3 290.9 292.5 286.8 285.2 288.7 286.6 282.7 283.2 282.3 281.7 280.2 277.9
396.6 396.4 394.3 394.7 394.5 396.4 398.7 401.9 403.9 403.3 405.4 404.6 408.8 408.4 410.2 408.7 407.2 407 404.6 399.3 391.7 381.1 372.7 361 348.6 339.3 325.4 318.5 315 314.5 308.6 310.1 308.3 306.2 310.9 306.1 307.7 313.4 316 318 319.5 325.7 329 336.2 341.6 346.6 349.3 356.2 356.4 358.2 355 357.2 352.1 345.3 346.9 342.8 339.2 335.4 329.9 322.9 318.2 315.2 313.1 308.8 304 302.2 299.6 298.2 295.3 294 296 292.7 292.9 289.8 290.6 286.8 286.5 284.6
398.6 397 397.2 398.6 398.1 399.7 401.7 404.5 402.9 405.5 408.3 411.9 412.7 413 421 418.2 417.7 419.1 414.3 411.5 405.1 395.7 385.4 379.4 370.8 357.6 347.9 334.6 322.6 319.3 316.5 313.4 312 309.2 314.6 315.4 316.9 319.3 323.9 329 332.6 338.5 344.4 351.6 356.5 361.9 367.5 371.3 372.9 372 374.6 370.4 369.2 367.4 360.9 359.7 356.6 350.1 342.9 334.8 330.9 328.7 324.6 319.3 313.3 311.4 311.1 305.1 304.4 303 305.3 299.1 297.1 299 298 295.8 294.9 294
400.3 399.1 395.8 396.1 399.5 400.1 403.3 403.5 404.7 405.9 412.4 415.4 416.5 417.3 425.2 429.3 430 429.8 425.2 422 416.1 409.1 402.9 395 385 375.6 362.7 350.7 333.6 326.9 322.8 319.6 316.6 315.5 323.7 326.7 331.7 332.5 334.2 340.6 348.8 354.4 360.7 365.6 371.9 378.6 384.8 387.6 388.2 392.2 393.4 390.4 389.1 387.1 381.2 376.9 369.3 363.2 359.5 350.4 343.9 344.2 337.9 328.5 327.4 323 319.8 315.9 313.2 311.5 311.1 308.1 307.5 306.3 306.2 304.4 304.7 303.2
400.6 400.6 400.8 399.7 399 399.1 400.6 404 405.4 406.8 411.8 417.1 418.8 422.9 427 434.7 439.2 436.5 435 431.3 425 418.1 412.3 406 396.5 387.8 377 366.7 356 342.1 334.5 328.9 324.1 330.4 329.4 333.7 340.5 345 350.4 357.3 363.3 369.8 376 382.6 391.7 397.2 402.3 404.4 408.9 410.1 411.2 411.7 413.7 408.4 399.2 391.8 384.3 380.2 373.7 367.6 359 354.1 351.7 342.2 341 334.9 331.8 328.3 323.9 321.4 321.7 317.6 317.8 315.9 313.8 316.3 313.8 313
401.6 400.5 400.1 399.8 398.7 397.6 402.4 406.5 405.7 408.3 410.1 415.6 418.7 426.4 430.8 437.6 443.4 440 436.8 435.7 431.7 429.2 424.5 414.8 405.6 398 390.3 379.7 370.6 360.9 351.4 344.8 333.5 337.1 339.8 343.7 352.8 359.3 367.1 373.9 382 387.4 394.2 402.4 408.9 416.4 421.5 427.7 430.7 433.1 438.7 438.6 434.6 428 416.8 409 402.3 396.2 390.5 384.9 376.5 371.1 360.5 357.8 352 347.9 344.2 340.3 334.5 335 334.2 330.7 330.7 328.4 325.4 326.9 325.1 323.3
401.3 397.8 399.2 399.2 398.3 398.1 397.5 402 404.7 408.3 410.1 416.6 418.2 423.6 427.7 432.6 439 439.6 437.1 435.7 435.4 432.6 428.6 424.2 415.1 408 399.2 391.2 379.2 373.7 367.1 354.6 350.3 353.3 354.2 355.4 365.6 372.1 383.3 393.5 396.4 402.5 410.4 419.3 428.1 434.2 440.2 446.4 452.9 454.4 459.3 458.1 454.4 449.6 441.3 429.5 419.9 413.4 406.6 398.9 393.7 386.1 379.6 374.1 368.5 360.6 357.5 351.9 351.6 347.8 344.9 342.3 342.4 340.7 339.3 338.4 336.8 336.7
399.9 396.6 394 394.8 396 393.9 394.2 400.1 403.5 407.2 410.4 414.9 420.2 424.8 429.5 431.6 431.4 432.3 431.8 433.3 434 433.7 431.9 427.4 419.8 413.4 407 397.7 389.9 383.9 378 367.5 367.9 368.2 369.4 370 374.6 386.7 400.2 406.6 410.5 417.1 424.7 434.6 444.1 448.9 454.9 461 465.9 469.6 471.1 473.3 473.1 469.4 462.7 451.6 439.5 430.6 421.1 414.2 407.1 401.6 393.2 389.7 384.6 378.3 373.1 366.9 364.1 360.1 358.3 355.5 354.4 353 351.5 350.2 349.7 348.5
399.6 395.2 393.7 391.3 391.9 390.2 395.1 397.6 401 406.5 408.5 414.1 419.7 424 426.8 432.3 431.4 430.7 430.3 433.9 433.5 433.2 429.8 425.6 422 417.7 410.8 404.6 395.7 391.8 386.4 384.4 382 380 380.7 383.9 387.5 397.7 411.4 416.4 421.7 429.8 443.4 448.8 456 460.5 465.9 470.3 475.4 480.4 481.3 483.5 485.6 486.3 482.2 472.6 461.4 447.7 438.1 429 422.4 416.2 409.9 404 397.3 394.3 390.6 384.9 378.4 375.4 372.2 369.6 366.6 364.5 363.1 362.3 361 360.3
398.6 395.1 390.9 389.9 388.5 387.7 392.6 394.7 394.8 400.8 409 414.6 418.4 421.2 423.7 427.6 428 427.7 429.3 432.3 432.5 428.5 426.3 423.8 421.6 418.1 410.6 405.1 401.5 396.8 395 393.7 390.1 390.1 391.5 394.9 395.8 405.3 417.6 425.5 433 444.1 452.7 459.4 465.1 469 474.5 477.9 483.5 487.6 489.5 490.9 494.6 496.4 496.7 493 481.6 469 455 445.7 438.5 432 426.5 420.6 413.7 407.1 404.2 399.4 394.7 389.5 385 382 380.7 378 375.1 373.8 372.1 371.6
398 396.2 389.7 389.3 389.7 388.4 385.3 388.6 390.8 396 406.2 413.2 415.1 417.9 417.9 418.7 425 423.8 427.3 430.6 428.4 425 422.1 420.6 418.7 415.5 409.8 406.1 402.8 400.9 400.2 398.1 396.9 398.8 399.1 400.6 404 415.4 423.2 431.3 442.7 454.3 461.1 466.9 470.7 476.7 481.7 485.5 491.1 494.1 497.4 498.1 502 505 508.3 508.3 500.3 488.3 473.1 461.2 453.6 446.7 440.3 434.9 429.6 424.3 420.4 414.3 410.5 405 401.2 395.8 393.2 390.3 387.3 386.2 385.2 384.5
398.8 394.2 390.3 390 388.7 385.5 385 389 391 394.3 401.2 404.6 411.8 416.3 409.5 413.2 415.6 419.2 423.7 423.8 421.8 420.1 420.7 418.9 415.6 411 407.2 404 402.2 402 401.8 402.1 401.9 401.4 404.6 405 407.9 421.4 428.3 438.5 448.1 459.7 467.8 472.1 477.3 482.6 488.2 493.1 496.6 500.7 504.2 504.6 508.9 513.1 518.2 520.9 518.2 506.7 494.2 477.5 467.8 460.8 454.1 449 444.4 439.5 434.2 430.4 425.7 419.7 415.3 411 407.6 403.4 399.7 399.4 397.5 397.3
394.9 392.1 388.5 386.5 383.9 382.6 384.1 385.6 388.9 392.7 395 397.1 401.5 405.4 404.9 405.1 411.6 419.2 421.1 422.3 420.2 417.7 417.8 415.8 412.5 408.4 405.5 405.2 403.5 402.7 401.9 402 402.6 405.5 406.3 408.6 411.5 418.3 432 445.5 454.3 464.1 472 477 482.9 488 494.6 500.2 504.3 507.8 510.2 512.9 516.2 520.6 525.3 530.6 532.7 528 514 495.9 481.4 473.5 467.1 463.2 458.8 454.1 449.4 445.1 438.9 433.7 428.1 424.7 420.3 417.2 412.8 412.7 410 408.2
396.1 392.6 388.5 384.9 382.4 381.8 382.2 383.8 386.7 386.8 387.2 387.6 391 392 398 402.8 402.3 412.1 417.1 417.1 417 416.1 415.3 412.3 409.1 405.8 403.2 403.5 403.1 402.7 401.4 402.2 402.9 404.1 407.5 409.8 414.6 424.3 429.2 446.1 456.4 466.6 474.8 479.7 487.6 493.9 499.4 505.6 510.7 513.9 517.2 519.8 523.1 528 532.5 538.1 544.2 544.5 533.1 517.2 494.9 487.3 479.8 475.6 473.1 468.8 463.7 458.3 450.8 445.5 440.5 435.1 431.4 428.5 425.4 424.5 421.7 420.1
396.5 392.3 388.8 384.8 382.1 381.6 379.9 382.8 385.6 386.6 385.8 383.9 386.3 388 388.9 395.8 397.3 404.1 404 409.8 412.2 413 412.2 408.6 405.8 403.5 402.9 400.5 399.3 399.6 396.8 400 400.9 403.8 407.5 414.2 422.1 429.6 433.2 443 457.9 469.1 476 482.7 490.6 496.8 503.4 509.9 515.2 519.4 524.6 526.5 531.3 535.1 540.4 546.9 553.1 557.1 552.2 534.1 513.2 497.9 490.8 487.8 484.7 479.2 474.5 467.3 459.6 454.7 452.1 444.1 440.3 436.3 434.5 434.1 432.4 431.6
395.7 392 388.9 384.2 382 382.1 379.3 382.3 384.1 384.6 383.6 381.9 381.1 382.5 386.1 387.2 390.1 394.8 398.2 405.7 408 406.9 404.3 403.7 401.1 400.8 400.5 398.1 394.3 394 393.9 395.5 396.6 402.2 409.8 416 425.6 433 437.2 443.6 459 469.9 477.4 485.7 491.9 499.2 506.5 513.9 520.4 525.5 529.8 533.4 538.1 543.5 548.9 555.3 561.1 567.7 569 553.4 532.6 513.7 504.3 498.5 491.8 486 480.9 474.8 468.6 465.8 461 455.2 451.1 444.3 442.2 442.8 442.3 442.3
392.9 389.8 387.7 384.1 383.4 380.5 380.4 380 381 379.7 380.2 379.4 376 377.3 380.5 384 384.3 387.9 393.2 398.1 399.8 399.3 397 395.7 396.2 397.3 396.7 394.6 391.9 390.8 392.4 391.8 396.6 401.1 411.2 417.9 426.5 435.3 443.4 447.7 457.4 467.4 476.9 485.6 492.8 501.6 508.9 516.2 523.3 529.7 535.2 539.1 543.7 549.4 556.6 564.1 571.4 578.1 583.7 577.2 556.9 535.3 520.7 510.2 499.8 494.5 490.4 483 483.1 480.7 475.3 466.7 463.3 456.2 451.3 453.1 455.6 454.6
395.1 389.2 385.3 384 380.5 378.5 378.8 377.9 376.2 376.2 376.1 375.2 372.2 372.5 373.5 377.3 385.4 379.3 381.1 384.7 389.5 389.3 389.8 388.7 389.5 392.6 392.5 389.8 384.8 385 387.9 392.7 396.5 405.3 413.8 419.4 427.6 436.1 439.7 451.2 459.7 468.5 477.7 486.8 496.8 503 511.6 518.4 526.9 534.1 539.4 544.4 549.1 555.3 563 571.4 579.3 586.6 592.8 597.1 583 559.9 540.9 527 515.7 514.4 511.9 512.8 506.9 502.2 502.2 498.5 488.9 482.4 476.4 471.6 470.3 466.9
395.6 391.3 387.4 383.7 379.5 377 378.7 376.6 373.1 372.2 369.9 369.8 368.3 367.9 368.5 371 373.7 376.5 376.5 375.6 379.9 382.4 380.7 379 384.9 388.4 386.9 384.2 378.9 382.2 383.9 389 399.9 404.6 413.6 423.3 428.9 431.8 440.5 450.1 458.6 468 479.4 488.5 497.5 505.1 512.7 521.7 529.9 537.1 542.8 548.7 554.4 560.9 569 577.5 585.9 594.9 602 608.5 611.2 589.4 570.3 558.1 551.3 540.5 546.9 546.5 540.2 545.7 549.5 536.5 535.2 517.7 505.4 500 488.7 481.6
396.5 391.5 384.1 382.3 377.7 377 375.2 372.7 370.3 368.3 367.6 366.8 364.2 362 365.8 366.9 367.5 372.8 377.2 373.1 372.6 372.3 372.4 375.8 380.4 381.8 380.9 377.9 372.5 374 381.8 390.3 398.1 405.2 414.2 422.2 432.5 439.3 446.1 453.5 458.5 468.2 478.9 489.7 498.4 506.7 514.7 523.9 532.2 539.9 545.9 552.5 559 566.3 575 583.9 593 600.6 608.5 616.1 621.3 623 606.3 598.6 591.2 586 589.7 587.3 589.7 604.7 606 594.6 574.2 552.8 533.1 519.9 506.9 507.9
394.5 389.4 382.9 379.6 376.9 376.2 376.1 369.1 367.3 366.3 365.7 363.6 363.6 360 360.2 362.6 360.9 364.7 366.9 368.3 366.5 365.3 368 369.6 374.7 374.4 372.3 368.1 362.2 373.6 381.2 389.8 398 406 418 424.9 431.7 439.1 446.8 454.7 463.1 471.7 482.5 491 499.7 508.6 516.6 525.3 534.4 541.4 549.1 555.6 562.1 570.5 579.4 589.7 598.4 606.8 614.3 621.8 628 632.5 635.3 636.4 633.8 627.6 631.8 627.4 624.2 621.3 619.9 617.2 604.5 579.2 557.8 545.2 544.8 543.6
391.6 389.8 382.6 375.6 374.4 374.4 372.3 366.5 363.6 362.3 362.8 359.4 357.5 358.7 358.4 357.5 356.4 357.3 358.7 362.3 362.1 363 360.8 363.4 368.5 366.9 363.7 360.7 355.8 370.3 381.8 391.5 398.5 403.8 417.3 424.5 432 442.1 450.4 458.6 466.9 476.6 486.8 494.8 503.3 511.4 520.5 528.3 536.5 544.6 552.1 558.4 566.3 573.3 582.5 592.9 602.5 611.2 619.1 626.4 632.9 637.4 640.8 642.7 642.4 642.5 640.9 638.1 634 630.2 627.4 627.7 624.3 604.2 591.8 578.6 582.3 587.7
389 388.2 383.2 375.7 370.5 371.5 370.9 363.5 359.6 357.8 358.7 355 355.2 355.3 354.7 355.9 354.8 353.4 353 354.9 354.4 356.9 357.4 357.1 359.6 363.9 360.1 352.5 356.4 368.9 378.4 389.5 399.1 405.7 416.7 422.2 430.1 443 451.7 461.4 470.7 479.9 490.3 499 508 515.7 524 531.2 540.2 546.9 554.3 560.6 568 576.5 585.4 595.9 605.2 614.1 622.3 629.8 636.3 641.2 644.4 646 648 648.4 648.1 646.2 642 639 636.5 636.5 633.8 631.5 627.8 623.3 624 622.3
388.3 385.1 380.1 372.4 369.4 366.1 369.8 362.2 357.7 353.3 352.6 350.4 349.9 352.8 352.5 352 352.1 351 348.6 352.9 349.7 352.2 352.9 352.4 351.7 351.3 350.4 349.4 354.9 370 379.5 387.3 396.2 402.9 415.7 423.5 430.5 443.1 452 462.4 472.8 483.3 492.6 502.1 511.3 519.4 527.7 536.3 543.6 551.3 558 564.9 570.5 578.3 587.7 597 606.3 615.1 623.2 631 637.5 643 646.5 649 651.3 653.3 653.6 653 649.7 648.4 646.8 645.4 643.1 640.6 639 636 633.3 631.5
384 382.5 378.2 372.9 369.6 369.7 361.4 355.8 353.4 350.2 349 349.7 344.4 343.9 344.8 346.6 345.6 344.8 346.2 342.1 347.9 344.9 344.7 343.9 343.8 346.9 340.7 338.9 353.3 369.8 377 389.2 395 404.1 413.6 424.3 432.1 440.1 452.1 464 474.2 483.4 492.3 502.2 511.7 520.9 530.1 538.3 545.7 553.1 560.6 567.2 573.6 580.6 588.9 596.7 606.6 614.8 623.3 630.5 637.2 642.2 646.1 649.4 652.5 655.2 657.4 657.9 655.8 656.2 656.1 655.8 653.6 652.2 649.8 647.6 644.4 640.7
