UK/data/nh/nh25_OST50GRID_20230518/NH25.asc
ncols 200
nrows 200
xllcorner 220000
yllcorner 850000
cellsize 50
[rows 70 to 104 of 200, columns 78 to 155 of 200]
631.9 651.1 678.3 703.8 724.7 746 772.4 798.3 818.8 830 826.1 810.3 790.5 766.5 750.6 729.2 715.2 714.5 711.5 709.1 703.6 699.5 697.5 691.1 684.9 687 691.9 692.1 690.9 691.3 690.2 669.6 663.4 654.5 639.7 636.8 635.9 637.3 636.5 635.8 637.4 636.6 632.7 633.6 634.7 631.5 631.9 634 633 629.4 623.8 616.3 612 609.7 605.2 603.3 604.6 604.8 607.2 605.6 605 605.6 603.8 601.2 596.9 594.1 586.4 579.7 576.7 568.1 556.7 549.1 540.9 532.6 524.4 516 501.8 490.9
647.1 669.2 694.4 716.5 730.3 761.4 790.1 812.3 838.5 841.9 829.1 806.2 782.6 762.8 742.9 723 707.9 705.1 707.2 708.6 714.2 716 715.9 710 713.9 710.9 715.9 717.1 715.1 709.8 709.2 706.7 686.9 677.3 662.8 652.7 651.7 651 652.8 653.6 652 651.8 649.1 646 648.6 650.6 648.6 647.6 646.4 642.4 637.5 627.1 621.4 618.6 614.7 612.6 610.7 612.6 614.2 614 610.5 611.2 612 610.2 606.2 603.5 598.7 593.5 589.1 584 577.7 566.2 559.6 553.3 543.7 535.4 523.7 509.8
657.7 682.6 706.2 722.2 743.6 771.7 796.1 811.8 831.9 835.3 823 805.2 777.8 751.2 729.1 712.8 702.9 702.8 703.7 708.3 712.8 725.3 731.4 736.3 735.1 740.8 744.4 739.7 743.8 742 740.4 733.7 721.4 707.4 691.7 680.4 673 668.9 669.1 667.8 665.9 665 664.4 662.9 661.1 662.4 662.2 660.1 657.2 655.7 651.8 638.8 633.5 629.4 623.3 620.8 620.1 616.6 620.4 619.2 617.6 616.8 617.4 618.5 616.4 613 610.9 605.6 602 597.4 591.1 583.4 574.3 566.8 557.7 547.1 536.8 523.5
667.6 692.3 705.2 725.3 750.7 775.6 791.4 804.7 821.7 820.1 810.1 789.7 768.4 743.4 721.9 708.5 700.4 697.4 702.4 708.2 715.7 722.7 731.4 738.4 748.8 759.3 769.1 776.3 783.7 786.4 776.6 765.1 753.9 741.6 729 717.2 706.6 698.4 689.1 686.6 683.8 679 677.4 677.6 676.2 675.3 676.1 675.2 669.5 665.4 664.1 654.7 645.4 640 635.1 632 626.3 621.4 623.1 623 621.4 619.3 620.3 624.1 624.7 622.6 619.1 616.5 611.7 608.8 603.9 595.5 585.9 577.5 567 556 545.6 533
675 694.7 709.3 728 752.5 773.6 787.2 797.9 811.8 801.1 792.7 778.7 757.9 733.6 715.7 704 691.9 693 696.3 701.7 710.1 719.1 729.9 737.9 744.9 756.1 769.4 783.2 793.8 795.3 792.3 792.1 791.6 782.2 764.7 751.7 736.2 725 716.2 705.8 702.2 700.2 697.3 693.1 692.5 693.1 690.5 689.3 685.7 681 673.4 663.9 657.6 651.4 646 640.4 634.3 628 625.6 624.6 627.5 625.9 624 627.7 632.5 632.1 629.1 624.2 620.1 617.6 612.8 605 594.5 585.2 573 561.5 551.4 539.7
676.7 694.9 711.3 728.3 751.1 770.8 782.6 786.4 791.2 784.1 777.7 769 751 729.9 715.7 698.8 686.9 688.9 689 696.6 705.6 713.9 724.8 736.4 745.3 755.6 764.2 777.3 789.1 796 795.8 792.1 792.1 792.4 801.1 788.6 769.4 753 744.9 737.6 730.9 724.8 718.3 712.7 711.3 711.1 710.1 707.8 705.4 699.3 692 676.1 670.5 663.9 655.4 649.3 642.5 633.8 630.7 631.2 633.9 634.3 632.3 633.8 636 638.1 636.2 632.7 628.7 622.8 617.2 608.4 601.1 589.2 578.4 564.5 553 540.5
676 693.9 709.3 726.3 747.3 765.3 775.5 775.7 770.9 763.8 757.3 751.2 737.3 725.4 710.6 694.8 681.9 682.4 685.6 691.6 700.4 710.2 720.5 732 743.3 755.6 765.2 775 784.1 793.9 803.3 804.8 798.3 792.1 797.2 804.9 808.1 794.1 785.3 774.8 767 757.3 743.5 735.1 736.7 736.9 733.5 730.9 727.2 717.7 703.8 690.4 681.8 674.5 665 655.2 647 641.6 637.3 632.9 637.3 638.6 638.8 640.5 642.9 645.8 645 642.4 637 626.8 618.7 608.9 600.8 592.6 581.2 567.4 555.2 540.1
672.6 689.9 705.7 720.8 738.1 752.9 763 764.8 757.2 746.4 737.8 731.3 725.9 717.3 704.4 687.3 676.1 675.9 680.3 684.6 691.9 702.3 715.2 728 738.8 751.1 762.7 773.4 783.8 792.2 795.8 798 794 793.2 798.8 803.4 806.4 809.5 809.9 805.3 789.9 779.6 769.1 762.7 759.7 760.2 759.7 754.3 746.8 737.5 723 705.1 700.4 686.2 672 659 649.8 647.5 644.7 639.9 640 643.1 643.4 644.8 646.5 650.8 651.7 648.4 642.6 630.3 620.7 611.6 601.6 590.9 582.6 570.7 559.7 542.5
665.4 683.1 698 712.8 729.9 742.8 751 749.8 740 730.2 723.2 718.1 713.3 702 688.6 678.6 671.8 670.8 674.1 678.2 687.5 699.8 711.9 723 736 748.3 761.1 771 780.3 789.8 791.4 786.1 786.2 790.8 795.3 800.6 807 815 819.4 820.7 812.4 797.3 789.9 788.3 786.1 782.9 779.7 777.9 771.9 758.9 745.8 731.5 718 702.3 681.7 667.7 656.4 652.3 650 647.6 648.8 651.2 649.8 647.9 651 653.2 654.6 652.9 646.2 637.1 626.4 615.1 602.4 591.2 583.1 573.3 561.1 544.3
660.7 672.8 686.3 701.9 717.5 729.4 732.6 728.5 724 716.7 718 714.3 703.6 692.2 678.4 669 666.7 666.9 671.1 677.2 685.4 695.6 707.3 718.9 731.4 744 755.2 764.7 772.7 775.8 773.7 769.7 771.9 781.8 790.6 799.6 811.7 821.5 830 832.9 835.1 826.3 813.3 812.2 816.1 810.9 807.3 802.4 793 781.9 772.3 759 738.7 716.7 695.8 680.7 670.2 662 659 656.8 655.1 653.8 653.3 652 649.3 653.1 653.1 654.1 649.1 639.9 628.6 614.3 604.1 593.5 582.7 571.1 558.8 543.6
653.5 667 677.7 690.8 705 713.5 717.9 715.7 711.7 707.4 705.9 702.1 693.8 683.3 671.1 662.9 656.9 662.9 667.4 674.4 682.7 693.7 705.3 717.9 730.4 741 747.4 753 755.9 761.7 762.2 760.9 761.7 774.9 787.2 797.1 810.5 821 829.4 835.7 839.8 840 838.2 834.6 836.8 838.8 837.6 833.2 824.5 812.8 798.5 779.7 758.5 738.9 715.2 693.6 679.4 675.2 668.3 660.1 657.5 657.3 653.4 652.1 651.9 650 650.5 652.6 649.7 641.9 631.4 616.8 605.1 594.3 584.2 574.8 562.7 550.2
646.6 658.7 669.1 679.9 691.2 699.3 701.3 702.7 700.9 698.2 694.8 689.2 681 671.6 663.1 655.3 653.9 656.9 664 669.2 679.1 690.9 702.4 713.5 724.3 734.2 739.3 741.5 740.7 743.4 751.6 756.8 758.7 770.2 784.8 795.5 808.9 819.2 827.1 834.2 839.7 843.7 847.1 850.6 852.8 855.5 857.4 858.6 853.5 841.6 827.9 806.2 783 761.7 733.3 706.9 690.6 681.2 674.1 665.3 661.2 659.8 655.3 649.5 646.1 646.6 643.5 645.7 644.8 637.8 628.7 615.4 603.1 592.8 587.8 579.7 567.8 555.8
638.7 649.6 661.1 672.8 681.3 687.7 690.6 691 690 688.3 684.3 677.8 668.8 660.8 654.2 642 650 651.5 658.6 666.3 674.7 686.7 698.5 708.7 717.9 724.9 730.4 730.6 726.6 727.8 732.7 742 753.9 766.9 779.1 790.8 803.5 815.4 825.3 833.8 841.6 847.4 852.5 859.3 867.2 873 867.1 866 865.5 861.1 851 831.3 809.8 782.4 757.8 733.3 703.3 689.3 679.1 670.6 668.2 657.1 654.7 649.2 642.3 639.6 637.9 637.4 634.7 632.8 623.8 612.1 598.9 592.1 588.5 581.4 570.2 560.2
631.4 643.1 653.8 663.7 671.3 675.7 677.2 677.7 676.3 675 672 664.1 657.8 651.9 646.3 636.6 639 648.1 657.2 665.7 672.9 681 690.8 699.8 707 713.7 717.9 716.2 713.9 714.6 722.5 732.9 745.5 759.7 774.7 786.7 799.1 811.7 823.7 836 846.3 856.9 861.3 867.1 869.7 871.5 868.4 869.1 872.8 872.1 869.2 859.7 840.5 811.5 788.6 756.4 731.1 702 686 675.8 669.4 660.5 655 649.5 639 633.9 632.4 629.3 626.6 623 616.3 607.6 597.9 591.8 588.4 582.8 574.4 563.9
627.3 637.6 646.9 653.3 660.3 664 664.3 663.9 660.4 658.8 655.1 650.5 647.2 642.6 638.4 632.7 635.1 645.8 655.5 665.7 672.9 678.7 684.9 692 698.1 702.9 705.6 705.9 703.7 704.2 712.2 722.9 737.8 753.8 771.8 785.2 798.2 810.4 822.8 835.9 849.1 858.8 859.2 858.6 858.3 866.2 867.6 860.8 860.4 869.2 876.1 870.2 859.3 843.3 817.7 784.7 748.9 724.7 698.2 681.1 670.2 664.6 655.9 650.9 644.2 634.7 626.7 624 621.3 617.8 611.8 607.3 601 594.6 589.3 584.1 578.1 568.9
620.9 630.7 637.5 642.9 648.5 651.9 651.4 650.5 647.7 645.6 643 639.3 635.9 632.9 629.7 626.9 634.4 646.9 656.1 667 673.4 676.9 678.1 683.4 686.4 689.8 691.6 693 692.4 695.3 705.6 717.5 731.9 752 768.4 783.7 797.7 811.1 821.1 832.5 845.2 846.3 841.6 841.6 842.5 847.5 847.9 846.3 846.1 854.1 863.9 873.1 871.3 860 842.6 808.5 777.3 743.5 720.3 691 675.7 662.6 659.8 652.2 648.9 638.7 627.1 620.2 616.9 614.7 611.5 606.8 600.8 596.8 591.3 586.7 580.5 574.5
611.8 622.1 627.5 630.5 637.1 640.5 639.7 637.4 634.6 632 631 628.4 625.2 623.5 619.7 625.1 638.3 649.7 657.6 664.6 668.5 670.8 670.6 672.4 673.9 675.5 675.4 677.5 679.9 689.2 700.2 714.2 729.3 748.2 764.4 779.5 793.1 805.9 817.3 825.5 833.5 835.2 825.7 821.7 826 831.4 832.7 831.1 832.2 838.1 845.5 856.6 865 871.2 856.4 837.1 809.4 770.6 739.7 712.7 681 665.1 657.8 655.8 650.2 642.9 630.3 621.1 616.1 613.6 608.8 604.2 600.7 595.7 592.8 587.7 582.6 575.5
602.8 612.3 617.1 619.5 625.6 628.8 627.9 624.8 621.7 619.1 617.7 617 616.3 612.4 621.7 633.4 642.2 650.2 656.7 661.3 664 665.3 664 662.5 662.6 663 662.3 665.2 671.9 684.2 696.5 709.7 724.8 741.8 756.9 771.2 784.3 795.5 806.2 814.9 819.1 818.7 814.1 810 814.1 816.5 819.2 821.1 826.1 829.5 834.4 841.5 851 858.3 861.7 839.2 817.9 794.7 761.8 719.6 695.9 675.1 659.8 655.1 652.4 647.6 633.5 622.5 613.1 610.8 607.4 600.9 596 592.9 588.5 585.1 581.5 575.2
596.1 603.5 606.5 606.9 614.3 616.8 614.3 609.7 605.9 603.6 604.4 604.6 603.4 617 630.5 639.6 643.7 648 651.7 656.1 657.8 658.1 656.3 654.5 653.7 653.7 653.6 656.4 666.1 678.8 690.8 704.5 718.6 733.3 749.7 761.3 771.6 784.4 792.2 800.3 806.8 806.7 808.2 804.1 804 804.6 807 809.7 815.4 819.1 822.8 828 841.1 841.8 837.8 830.9 814.7 798.9 776.1 739.2 708.6 687.4 666.1 652.6 651.6 646.4 636.9 622.8 614.7 608.4 605 597.6 591.1 588.1 583.8 581.7 577.6 571.4
589 596.3 599.3 600.3 602.2 602.8 598.9 593.5 588.9 587.6 598.6 606.3 613.7 626.9 638.2 643.8 645.9 645.8 646.1 648.8 650.2 651.7 651.5 650 649.1 648.4 648.1 650.6 659.2 670.4 683 697.4 710.9 724.4 738.4 749.5 757.9 769.5 778.2 786.3 795.1 797.8 795.5 794.8 790.7 787.2 791.3 795.1 800.5 805.8 808.2 813.1 823.3 832 820.8 811.3 796.5 784.3 777.5 760.3 725.3 697.5 677.9 655.2 642.3 641.5 635 627.2 613.5 605.7 598.4 592.8 586.8 577.9 577.2 574.8 571.8 568.8
583.5 589.2 593.8 594 591 586.9 579.2 572.4 587.8 599.2 608.5 616 626.4 635.2 642.1 645.7 646.9 643.9 641.9 640.8 642.4 642.6 641.2 640.8 641.8 639.8 639 644.7 653.7 665.4 676.2 688.6 701.1 713.9 727 738.6 745.8 756.8 765.6 773.2 778.2 783.8 779.8 779.2 773 765.2 770.6 775.8 782.4 790.1 795.6 798 805.1 810 805 787.9 772.3 762.2 755.8 746.5 734 714.8 682.1 662.3 639.9 631.2 623.9 617 602.7 595.9 589.2 581.2 574.7 566.9 567.8 565.4 564.8 560.6
576.8 578.3 583.7 583.5 577.3 575 565.7 584.1 594.4 607.3 617.9 626.2 632.9 639.2 643.7 643.9 643 641.1 637.7 632.9 629.2 628.7 627 628.5 630.6 630.5 633 642.6 652.5 661.8 672.6 680.4 692.1 704.9 715.3 726 737.3 745.6 751.3 759.7 763.9 762.9 760.1 758.9 754.6 746 748.6 755.2 762.5 770.6 778.6 783.3 787.8 790.8 784.7 762.8 750.8 736.3 724.1 720.1 713.7 715.1 693.6 659.6 638.1 622 601.9 594.9 586.9 577.6 571.1 564 557.4 552.7 552.8 554.7 555.3 551.7
569.1 566.5 566.8 566.6 559.8 555.3 574 589.3 601.6 612.9 624.3 634.1 638.5 640.5 644.1 644.3 641 634.4 628.9 624.4 619.5 615.2 615.2 617.2 619.7 619.3 632.5 643.1 650.4 658.2 667.7 676.8 686.3 695.9 706.1 717.2 725.8 733.2 740.6 746.3 749.9 746.1 737.5 733.7 729.1 720.4 721.6 732.2 740.2 750.2 758.3 765.8 769.2 767.2 748.4 730.1 725.4 715.2 692 685.4 678.9 682.5 675.9 660.5 628.7 608.2 589.2 576.3 565.4 557.4 550.5 544.5 541.2 538 541.7 543.5 543.2 543.4
558.5 545 537.5 535.6 552.3 567.2 580.5 591.8 604.6 616.1 626.2 632.6 637.2 638.7 640.1 642.9 642 635.1 629.2 622.9 612.4 605.7 603.9 606.9 611 622.5 633 642.7 650.2 656.8 665.1 673.6 682.3 690.7 699.5 710 719.2 725.3 729.1 732.1 729.1 728.3 714.9 699.6 697.7 688.7 693.3 704.8 718.7 726.5 738.2 745.3 744.3 740.4 719.2 701.1 694.4 688 662.4 654 649.7 645 642.8 630.5 617.6 597.5 578.9 565.3 555 546.4 537.1 529.8 527.4 527.8 533.2 533.6 535.3 535.3
545.1 522.4 535.2 553.1 562.1 571.3 581 593.2 603.7 615.2 626.9 634.1 634.7 635.6 637.1 635.9 637.9 634.6 625.9 615.2 607.3 598.2 594.1 605.3 614.6 625 635.1 643.4 651.3 658.3 666 672.6 678.8 686.1 693.1 701.2 709.1 711.7 712.4 709 703.2 700.1 684.1 668.4 662.8 662 669.3 682.3 695.6 704.4 713.8 721 715.4 710.3 686.9 676 662 648.3 633.1 625.5 619.5 618.6 612.1 615.8 601.4 590.5 568.6 554.9 544 534.1 528.3 522.3 516.3 518.8 519.9 523.4 525.7 525.9
526.6 509.8 536.6 554.6 564.3 571.8 579.1 589.6 600.5 613 625.2 632.9 636.6 632.9 633.3 634.8 633.7 629 621.4 604 597.4 591.7 588.5 600.2 608.9 620.9 635.1 646.2 654.1 662.2 669.3 676.2 681.6 687.5 697 700.1 697.4 696.9 693.7 686.4 679.5 672 654.6 641.2 639.4 639.5 645.6 655.7 671.1 679.1 687.7 695.3 685.1 670 658.3 651.2 637.6 628.3 611.9 603.6 599.2 588.7 584.1 578.1 578.9 562.6 552.8 542.5 533.7 526.3 520.6 514.3 509.4 511.8 511.4 513.4 516.2 516.4
501.2 508.1 539 549.9 561 570.1 578 586.9 597.7 610.6 623.2 630.7 632.2 632.1 631.2 628.8 624.2 620.5 609.3 596.3 586.6 578.2 583.4 590.6 600.4 614.7 628.1 640.3 651.2 661.7 672.8 681.4 687.6 695 708 711.8 702.9 693.2 681.5 668.2 650.1 645.8 632.6 619.8 620.8 621.8 625.7 632.8 641.3 654.1 661.6 667.9 656.9 646.7 639.3 630.8 616.8 601.2 592.1 576.2 569 573.3 560.2 551 547.4 546.4 533.6 529.9 523.9 517.3 512.4 508 506 506.6 506.4 506 508.3 508.8
483.3 503 525.3 529.5 554.3 565.9 575.4 585 594.2 607.1 618.4 627.6 632.6 633 631.6 625.8 616.6 608.3 597.8 587.1 575.3 566.1 571.6 577.9 588 601.7 616.4 630.3 643.6 655.8 668.2 681.6 692.8 701.8 709.7 711.5 705.9 696.8 686.6 673.3 655.8 639 620.3 607.2 605.5 607.8 605.1 611 620.4 628.6 638.5 644.5 646.5 639.6 625.9 607.5 596.5 583 569 560.7 550.6 545.4 538.7 534.6 529.3 523.8 520.2 514 510 505.7 502.5 501 500.5 500.6 498.6 499.4 501.1 501.1
450.2 469.6 487.7 503.9 538.7 560.7 576.6 585.6 592.2 605.5 614.8 625.5 634 636.9 634.8 626.5 615.4 601.4 592.7 580.7 568.8 560.1 561.6 564.5 572.3 584.8 598.9 614.7 631 646.6 660.3 672.7 686.4 699.9 709.4 712.7 711.9 699.2 689.6 677.1 657.1 641.4 624.9 610.1 601.4 600.5 600.6 600.6 603.1 609.8 619.5 625.9 624.2 621 612.3 598.1 580.3 567.2 556.5 547.8 541.4 534.9 530 524.8 520.2 514.9 509.4 505.4 502.9 500.5 498.5 495.1 493.8 494.6 493.1 492.6 493.2 494.6
429.8 425.9 439.9 508.7 534.1 558.9 575.4 585.9 593.6 604.1 613.1 624 635.7 641.7 644.3 635.7 621.6 599.2 583.6 570.4 563 554.3 552 554.5 560.1 568.6 580.1 597 613 630 646.7 660.6 673.1 689.2 698.7 703.3 709.8 703.8 689.4 671.5 656.9 643.3 638.1 630.5 616 600.5 600.6 600.6 600.6 600.6 601.1 601.2 599.6 593.5 593 580 567.1 559.4 550.1 542.6 535 529.5 524.8 519.7 515.3 509.5 504.3 500.4 497.9 495.2 494 491.1 491.5 489.3 490.2 487.8 487 485.9
375.3 427.5 472.6 502.5 525.9 549 563.9 582 596.7 608.1 617.7 628.3 640.4 649.2 650.6 640.3 624.9 605 583.8 564.8 555.7 548.4 542.9 546.6 548.5 554 564.3 578.7 594.2 611.6 629.2 643.9 655.7 667.2 678.3 683.4 688.7 686.3 681.1 677.1 670.4 659 650.2 646.2 636.7 625.5 611.7 600.6 600.6 605.9 604.9 604.7 602 584 567.4 563.1 557.4 548.3 542 534.7 528.3 524.8 519.9 515.2 510.9 505 500.3 498.2 493.7 492 490.6 488.8 487.3 487.1 485.4 484.2 483.1 481.1
378 418.9 444.3 476.7 505.3 521.5 544 570.8 594.3 612.7 624.1 635 645.5 654.8 655.7 645.6 627 609 581.1 560.3 551.9 543.9 538.5 539.5 540.5 542.7 550.4 563 578.9 593.2 609.4 625.9 638.2 647.6 657 666.6 675.9 681.4 686.3 687.4 685.8 681.7 674.3 668 657.3 642.7 632.3 617.2 606.3 600.6 611.9 617.9 612.6 601.9 584.2 571.4 560.6 551.9 544.5 537.7 530.3 523.5 516.4 509.2 506.5 502.3 497.3 494.5 491 488.7 487.2 487.7 486.4 485.8 483.2 482.3 481.9 478.9
354.1 385.1 421.3 446.6 475.2 491.5 517.1 551.9 583.8 611.6 630.6 644.5 652.5 657.9 658 648.8 634.9 610.5 575.6 555 549.7 542.2 535 529.7 532.2 533.6 537.8 547.5 561.8 577.1 593.5 609.5 622.6 633.8 647.5 663.1 675.2 681.2 688.9 693.8 697.5 696.7 688.1 678.2 663.5 655.3 643.3 633.2 621.2 609.2 608.9 622.3 625.5 616.7 609.1 597.8 580.6 572.2 557.4 552 542.8 529.4 517.5 509.7 501.5 497.8 492.5 489.5 486.4 484.3 483.5 484.1 484.8 482.5 481.9 481 479.1 478.2
332.9 352.5 393 414.8 432 459.9 488.3 526.3 549.1 592 623.5 650.3 663.1 664.4 660.7 646.4 625.1 608.9 570.2 548.5 541.5 539.8 533.5 522.2 518.4 522.3 527.5 534.6 548.5 565.2 579.2 598.8 613.4 624.5 638.6 654.7 669.8 679.3 689 694.8 699.7 700.2 699.7 694.7 680.4 668 657.9 645.1 634.5 626.7 627.6 635.2 636.5 642.1 633.3 624.1 607.1 595.3 582.4 574.6 561.8 551.2 532.2 519.6 511.3 502.9 495.4 489.3 483.5 480.9 480 481 481.9 479.5 481 480.8 479.9 479.4
315.7 330.7 354.6 379.4 401.9 438 454 487.6 515.4 551.6 593.5 639.5 666.9 679.4 671.3 644.1 620.9 600.9 564.2 544.6 536.5 535.1 530.5 524.9 514.1 505.2 515.1 525.3 536.6 552 568.8 586 602 615 627.8 644.6 661.5 676.1 685.5 691.6 695.1 704.8 713.5 720.7 711.4 696.8 682.4 669.4 655.4 654.9 657.2 674.1 667.2 657.9 656.7 654.3 641 620.6 607.1 598.4 587.3 571.5 555.1 539.4 526.1 517.9 510.2 495 487.1 480.8 476.8 478.7 478.5 477.4 478.6 477.9 476.8 476.7
