UK/data/nt/nt30_OST50GRID_20230518/NT30.asc
ncols 200
nrows 200
xllcorner 330000
yllcorner 600000
cellsize 50
[rows 105 to 139 of 200, columns 78 to 155 of 200]
294.9 307.7 314.1 324.7 338.1 351.6 364.2 374.8 383.6 389.6 391 387.2 379.2 370.8 355.2 337.9 324.6 316.5 308.9 311.7 314.4 319.1 329 342.8 356 366.7 373.5 378.2 379.4 379.1 373.6 368.2 364.2 359.4 353.3 347.9 341 336.9 332.6 324.9 319.6 312.8 314.3 312.4 310.5 310 309.1 309.4 310.6 311.9 314.5 318.8 321.1 321.8 319.7 315.2 311.2 320.4 327.1 330.4 331.5 332.5 325.2 318.1 312.6 307 299.9 297 296 289.8 280.7 273.4 267.2 259.9 250.5 238.5 231.1 222.1
294.1 302.6 310.4 323.3 337.5 351.4 363.4 373.7 382.9 388.4 388 384.7 377.6 366.7 350.5 335.2 323.4 314.6 307.6 314.1 316.9 325.3 337.5 350.5 362.9 372.3 379.3 386.1 385.8 385.9 381.2 375.6 369 363.9 357.9 351.5 344.6 339.2 334.3 324.7 317.1 313.9 308.8 309 306.7 305 303.4 300.5 292.6 287.7 293.1 299.7 304.2 305.9 305.9 300.8 299.8 310 319.1 323.9 324.6 319.7 316.5 313.2 308.2 302 293.4 289.5 282.3 275.9 270.5 264.3 257.1 249.1 236.1 229.1 225 224.6
294.4 299.7 309 322.3 336.4 350.6 361.8 374.9 379.9 384.7 383.8 380.1 373.5 361.5 347.2 332.9 320.3 312.7 310.9 316 319.3 329.5 344.7 357 370.1 378.7 387.5 391.8 392.2 390.8 385.5 378.6 371.3 365.1 357.3 352.4 345.6 339.5 329 320.8 315.1 311.9 309.8 304 305.1 303.9 295.2 296 299 298.3 293.5 281.9 283.2 286.8 287.6 284.5 289.2 302 310.4 313.2 312.4 309.8 306.6 304.2 299.8 294.2 289.6 283.6 274.9 270.3 264.4 255 244.3 234.8 227.6 225.1 228.4 231.1
295.6 301.5 309.7 323 337.6 349.8 363.6 374 379 382.3 380 375.4 368.6 357.1 343.9 329.9 318.8 311.4 314.4 317.7 322.2 335.9 350.9 363.5 377.7 385.8 393.6 396.8 396.9 392.3 387.2 380.1 373 365.4 357.5 347.7 341.1 333.8 327.5 321.2 317.7 313.3 309.5 303.7 299.6 299.4 302.4 305.8 305 303.3 298.4 292.6 287.2 273.8 270.6 272.3 282.2 292.2 298.1 299.9 299.7 300.2 298.5 294.4 288.8 286.3 283.3 275.3 270.6 263.3 254 243.9 233.6 226.9 226.9 226.5 231.1 234
298.3 303.8 312.7 325 339.5 350.6 365.3 373.9 378.8 379.9 376.2 370.8 363.2 352.9 339.6 326.7 316.7 312.2 314.9 318.5 325 341.4 356.9 370.4 383.7 392.3 399 401.4 399.5 394.5 387.6 380.6 373.6 363.8 354.8 346 339.8 334.7 331.2 325.8 321.5 317.7 312.2 308.9 309.8 311.2 313.5 314.3 312 308.1 301.9 295.8 289.5 283.7 277.9 264.5 273.9 279.9 286.2 287.3 288 287.7 288.1 283.6 279 279 274.3 268.7 263.6 254.3 244.1 232.7 228.4 227.2 227 227.5 233 236.5
302 307.8 316.2 328.4 342.2 353.7 367.2 373.4 377.1 376.7 371.5 365.1 356.8 346.4 335.7 323.9 317.9 312 316 317.9 326.8 345.6 361.1 375.7 388.4 396.3 402.7 403.6 401.2 396.4 389.7 381.8 374.1 363.9 354.4 347.9 342.4 337.7 333.7 329.5 325.7 322 319.6 321 323.2 324.3 324.7 322.9 318.5 310.8 304.8 296.1 288.7 282.2 278 268.4 264.4 269.6 271.6 273.2 272.5 273.6 270.1 271.2 271.9 270.6 263.9 257 249.6 242.9 231.9 228.5 229.3 229.6 231.5 233.7 236.9 248.2
306.4 312.2 321.5 334 346.2 358.5 368.1 374.3 376.9 374.8 370 360.1 351 340.8 330.6 322.6 318.9 313.5 316.4 319.4 329.4 349.3 364 379.6 391.2 400.3 405 405.8 403.8 399.5 393.6 385.7 377.9 368.5 358.3 351.9 346.3 341.2 336.3 333.2 332 332.8 333.4 334.9 334.7 333.7 331.1 326.9 320.2 312.7 305.7 296.8 285.9 279.8 276.8 272.6 257.3 259 261.6 259.4 256.3 255 254.6 256.6 259.5 256.8 250.7 243.7 239.2 231.3 231.3 230.7 231.4 233.3 236.2 239.2 248.8 265.4
310.7 316.6 325.9 338.3 350.3 362.4 372.1 378 379.5 375 368.1 358.6 348.8 339 327.1 323.5 319.7 315.1 317 321.5 332.5 351.9 365.9 381.3 395.1 404.8 408.3 408.1 406 401.5 397 390.2 382.1 374.3 367.5 360.6 354.1 348.2 344.5 343.6 343.8 345 344.3 342.1 340.7 337.6 332.3 326.5 318.8 311.4 303.3 294.2 284.5 278.2 274.9 272.1 267.7 259.7 252.1 250.9 249.2 249.6 244.4 242.3 241.1 239.7 237.7 234.3 233.9 233.1 232.7 233.3 235.6 240.5 244.8 251.2 262.8 277.7
314.9 321.1 330.4 342.4 354.4 366.3 375.6 380.8 381.1 375.7 368.9 359.3 349.4 340 330.3 324.5 320.6 316.1 318.3 323.3 335.6 352.7 368.1 383 397.4 407.1 410.1 409.9 408.1 404.2 401.4 397.6 390.7 383.4 376.6 370.5 363.2 357.7 354.2 354.1 352.2 351.5 348.2 345.7 342.2 336.6 329.8 323.2 315.8 307.6 299.1 291.1 282.9 276.6 272.7 268.7 266 259.8 258.7 256.7 260 256.7 253.5 251.6 246.2 242.3 239.7 240.6 234.8 234.5 234.6 236.7 242.5 250.3 258.5 270.5 282.5 293.4
319 325.3 334.6 346.6 358.5 370.2 377.5 382.1 381.6 376.2 370.3 360.4 350.4 341.8 332.2 325.9 320.9 316.2 320.7 325.8 337.3 353.1 369.4 386.3 396.5 406.1 409.7 411.3 409.4 408.1 406.7 403.3 398.3 392 385.1 378.3 371.9 364.6 360.8 358.1 355.5 352.6 348.4 344 339.3 333 326 318.6 311.1 301.9 292.2 285.3 278.8 274.4 268.3 270.2 266.2 260.1 263.5 263.2 265.2 264.6 263 259.6 255.5 249.5 244.5 240.2 234.8 236.8 237.8 246 254.7 263.1 272.7 282 294.2 306.5
322.7 329.7 338.9 350.4 362.2 372.2 379.2 382.3 380.8 375.7 369.4 360.2 350.1 342.3 331.9 324.7 320 318.7 322.3 328 336.5 352.5 369.3 384.3 395.3 403.1 408.6 412.4 410.2 410 409.6 406.4 402.5 396.7 389.1 381.6 373.9 368 361.4 357.6 353.9 350.2 345.3 339.9 334.1 327 320.1 312.7 303 293.4 286.1 280.3 279.7 277.5 275.6 274.2 271.2 268.4 269.8 270.2 271.1 270.2 269 264.6 259.4 253.5 248.2 241.2 237.1 239.9 249.2 259.6 270 277.9 287.8 296.8 306.8 315.4
326.5 334.7 343.2 354 365.2 372.7 378.9 380.6 378.3 373.8 367 356.4 347 338.5 328.2 323 318.6 319.5 322.8 329 334.1 351.7 367.5 382.7 394.1 401.1 408 410.7 410.9 410.6 410.3 407.4 402.6 397.5 390.3 381.9 373.8 365.9 358.3 353.5 349.7 345 339.1 333.1 325.8 317.3 311.6 303.7 294.4 286.7 285 284.4 281.2 279.5 279.5 277.1 279.5 281 281.6 280.3 277.9 275 270.2 264.5 259.8 255.1 249.6 239.3 243 254.3 264.4 276.1 283.7 291.5 301.3 307.8 314.1 323.1
330.7 338.9 347.4 356.6 366.4 373.3 376.8 375.8 374.2 369.3 360.5 350.7 341.3 332.3 325.9 320.7 319.5 321.1 324.3 329.2 335.9 348.5 363.5 379.6 392 398.8 404.5 407.2 409 408.9 407.7 404.4 400.2 394.3 387.2 379.1 370.2 361.5 355.5 350 343.9 336.7 330.6 320.8 313 304.2 300 295.3 293 291.2 289 286.4 283.7 284.7 283.5 286.6 288.7 288.7 288 286.2 282.3 276.7 268 263 258.9 255 244 241.7 256.2 269 281.3 290.6 298.1 305.7 312.8 316.2 321.3 323.3
334.3 343.5 351.5 359.2 367.4 371.5 372 370.8 367.3 362.3 353.1 343.3 335.5 328.8 322.5 320.3 322.1 324.4 328.3 333.5 337 348.6 358.7 374.2 388 395 399.7 402.7 404.2 403.3 401.8 399.6 395.5 389.6 382.9 374.7 366 357.3 349.4 342 335 327.7 318.9 313.7 310 307.3 303.6 299.5 295.9 293.9 292.6 290.7 289 292.3 296.5 297.4 295.2 294 291.6 288.3 281.4 273.8 266.5 261.4 258.3 249.1 244.6 254.3 272.1 284.8 295.8 304.7 312.4 319 319.9 320.7 322.3 323.1
337.8 346.9 354.1 359.8 365.3 368.1 366.9 364.1 359.9 354.4 344.2 336 330.6 325.3 322.2 324.3 326.5 332.2 337.8 341 346 351.8 361.6 372.2 385 391.1 393.8 396.1 396.9 395.8 394.3 391.6 388.9 383.3 376.2 368.3 359.8 350.8 342.4 334.2 328.1 322 317.5 314.1 311.3 308.6 305.5 301.3 298.6 297.4 296.7 298.8 300.8 300.4 303.1 302.5 299.6 296.5 291.3 285.9 278.2 270.8 264.1 260.1 249.9 246.2 259.8 275.1 288.9 300.7 309.5 318 325.3 326.3 325.6 324.1 320.4 319.1
339.9 348.3 355.4 359.3 361.1 361.6 360.5 356.2 351.7 344.9 336.8 332.5 328.5 323.4 326.7 329.3 334.2 344.3 350.8 355.2 357.3 360 368.2 376.9 383.9 388.3 389.4 387.7 387.8 386 384.8 383.4 380.5 376 369.6 361 352.5 346.1 339.7 332.3 326.3 322.3 318.5 315.3 312.6 310 307.2 303.7 303.8 306.9 309.7 311.7 311.5 311.1 307.5 303.9 299.8 294 289.8 282.1 273.4 265.1 260.9 249.2 250.6 260.7 278.9 292.5 304.1 313.3 321.6 327.9 330.9 331.2 330.2 326.4 320.8 316.2
342 352.1 358.1 359.9 359.7 357.7 353.8 348.5 343.6 338.2 333.5 329.4 326.8 325.7 331.6 339 345.8 358.1 368.6 374.4 374.6 374.6 377.8 385.4 388.4 388.5 385.7 380.7 376.2 375.6 374.5 372.5 369.8 366.8 361.2 354.2 348.6 344.4 339.5 335.3 329.9 325 321.1 317.3 315.4 313 312.3 315.1 317.9 316.9 319.8 318.1 316.5 310.7 305.3 300 295.3 290.4 285.7 276.8 266.8 260.1 251.7 255.1 263.4 277.3 292.2 305.6 314.8 324 330.7 334.4 335.9 335.2 331 325.7 319.9 314.5
348 356.3 360.8 360.1 359.1 354.3 349.1 344.7 339.4 335.4 331.6 327.5 326.3 332.3 338.4 348.2 359.7 373.7 385.8 392.1 393 392.6 393.8 394.2 395.7 390.7 384.9 376.8 367.4 362.3 358.9 357.8 357.5 355.6 353.1 349.5 346 342 340.8 338.7 336.1 333.2 329.3 326.5 326.9 326.5 327.3 327.7 327.9 324.6 324.2 320.7 314.6 308.6 302.1 296 291.8 285.3 277.3 267.5 257.9 253.5 260.8 266.3 280.2 295.6 307.1 315 324.5 331.9 335.5 338.3 338.4 335.8 330.4 325 317.6 311.5
353.4 359.7 360.3 358.6 356.9 351.1 346 341.3 336.8 333.1 329.1 326.1 332.3 338.4 348.6 360 373.2 388.5 398.3 405.8 408.5 408.5 407.7 405.6 400.8 393.8 385.4 377.1 367.4 358.3 350.3 344.8 343.6 344.1 343.6 342.1 342.3 340.4 340 338.6 337.4 335.8 336 336 335.4 334.9 333.8 333.3 331.8 325.8 323.4 317.2 310.8 303.1 296.4 291.8 285.8 278.5 270.3 258 260.6 264.6 268.5 280.5 297.2 309.4 318 325.9 333.8 337.4 340.8 340.9 339.2 335.3 330 323.4 315.8 308.5
355.3 360.6 360 359.2 355.3 348.3 343.4 338.8 334.3 330.7 329.9 334.3 339.8 348 359.9 373 386.5 398.6 407.7 413.7 417.1 417.6 414.1 408.7 402.6 395.5 387.7 379.1 368.5 358.9 350.3 342.4 337.3 333.9 333.8 333.5 334.4 335.5 335.9 336.4 336.9 338.3 341 340.4 339.7 335.7 335.5 330.5 329.1 322.8 319.8 312.5 304.9 296.7 293.2 288 279.1 271.8 261.7 260.5 266.4 269.7 280.1 296.9 310.2 320.2 329.2 337 340.7 343.1 344.8 343.8 340.6 336 329 322 314.2 306
360 363.8 361.9 357.5 353.5 346.8 341.4 337.4 332.6 330 336 341.8 347.9 358 370.6 384.4 396.2 406.2 413.7 419.7 421.9 420.4 415 408.7 401.6 394.5 386.1 378.4 369 359.4 350.8 342.5 334.5 328.9 328.1 326.7 326.9 327.7 330 332 334.3 337 340.3 341 336.6 335.5 332.5 328.4 322.4 317 312.3 306.7 296 292.8 287.9 281.5 272.5 264.3 260.3 266 270.6 281.9 294.3 309.6 320.9 330.2 338.2 343.1 346.2 348.6 348.4 345.1 341 335.3 328.2 320.2 311.3 302.8
365.1 367.6 365 359.4 352.4 346.3 341.3 336.6 332.6 338.9 345.5 353.2 360.3 369.9 381.7 392.2 402.2 410.5 416.9 421.3 421 418.4 413.5 406.6 399.5 391.4 382.8 374.9 367.1 358.4 349.7 339.9 332.3 327.1 323.8 322 320.9 320.3 321.1 323.2 326 329 333.6 335.3 332.9 331.7 326.5 321.6 315.6 310.1 305.1 298.8 290.8 288.1 281.8 274.5 266.3 270.6 270.1 269.6 279.8 293.1 307.2 319.8 329.1 337.2 342.9 347.6 350.6 351.6 349.1 345.1 340.2 333.8 326.3 317.3 308.3 299.5
371 372.5 368.9 361.9 352.2 345.8 340.7 335.7 335.7 348.3 356.6 364.3 372.1 381 389.6 397.6 406 412.3 417.4 419.3 418.8 415.7 410.2 403.5 395.3 386.9 378.8 369.4 362.9 354.9 346.5 337.6 329.8 324.9 321.3 319.1 316.8 315.4 315.4 317.2 317.9 321.2 324 325.3 320.1 320 317.1 312.4 305.7 300.1 293.9 290.9 286.7 281.8 274.9 266.5 274.4 275.2 273.5 280 292.4 306.2 320.5 328.8 336.9 342.4 346.4 350.5 353.6 352.8 348.8 343.5 337.6 330.7 321.6 313.8 305.1 296.4
378 377.3 372.3 363.4 353.6 345.7 340.8 336.2 341.9 354.5 365.3 374.2 382.3 390.2 395.7 401.7 407.6 412 415.1 416.1 414.7 411 405.4 397.4 387.2 377.9 370.3 362.4 356.4 348.5 340.6 333.1 327.3 322.9 319.4 316.2 313.7 311.8 310.1 311.4 311.7 311.1 315.4 316.9 316.4 313.9 309.6 303 294.6 291.2 287.8 283.7 280.8 275.5 269.5 276.5 278.1 279 283.2 292.3 305.1 319.1 328.7 336.8 342.4 346.2 350.4 353.1 353.8 351.5 347.1 341 334.4 324.5 316 309.4 300.9 291.6
383.8 380 374.3 365.9 355.8 347.1 341.5 337 344.9 359.3 370.6 381.3 389.7 394.8 399.1 403.3 406.7 408.1 409.9 410.6 408.7 405.5 399.3 390.6 378.7 365.9 358.5 352.7 348.3 340.1 333.8 328.3 324.4 320 317.6 314.3 311.1 309.2 309.4 304.8 305.6 304.9 305.4 308.1 308.4 305.9 302.6 296.2 289 284.9 281.8 276.8 273.8 271.4 278.2 279.6 280.9 282.9 291.7 303.6 317 326.7 335.5 342.1 346.5 350.5 352.8 352.2 351 347.9 343.2 336.9 329.1 319.6 311.5 304 296.6 286.7
388 381.9 375.3 367.5 357.4 348.9 343.2 338.8 345.7 361.4 373.1 385.3 391.8 396.2 399.6 401.7 401.1 402.2 403.5 403.3 401.6 398.5 393 384.9 373.3 363.4 352.8 348.1 342.7 335.4 331 328.6 324.6 321.3 318.5 315.2 313.9 311.8 310.5 309.3 307.2 304 296.1 296.5 298.2 296 295.1 289.8 286 282.8 279.5 274.7 275.5 280.4 284.1 283.4 285.8 291.1 299.5 313.5 324.6 333.8 339.8 345.4 348.8 351.2 350.6 349.4 346.8 342.7 337.4 331.2 323.6 315 307.6 299.3 291.3 283.7
385.8 380.8 375.2 368.4 359.1 350.8 345.3 340 347.3 361.2 373.6 382.5 389.9 394.5 396.5 396 395.4 395.2 396.2 396 394.5 392.1 387 379.8 370.9 361 352.8 346.6 342 337.3 332.6 330.4 326.7 323.8 321.1 318.3 316.6 314.8 313.1 311.2 308.7 306.3 302.2 293.6 289.8 292.6 289 286.7 284 281.6 277.7 275.1 280.7 285.2 286.4 288.5 290.1 297.5 307.5 320.8 331 337.2 343 346.7 349 348.1 346.4 344.4 341.5 336.7 331.8 325.1 318 309.3 303.3 294.7 288 281.3
380.6 376.3 371.6 365.5 357.3 352 347.6 340.5 348 360.1 371.8 379.3 385.5 389.9 391.2 390.2 389.6 389.4 389.2 388.7 387.8 386.1 383.6 377.2 370 362.8 356.4 350 344.9 339.9 336.5 333 330.1 327.4 324.3 321.3 319.4 318.1 315.7 312.2 309.1 303.2 301.4 296.8 293.5 286 286.5 284 282.4 280.3 276.2 280.8 283.3 286.7 292 298.1 300.6 304.9 315.7 324.8 333.7 340.2 343.9 346.4 346 344.2 341.6 338.5 335 329.5 324.3 318.4 310.8 302.7 297.4 288.6 282.5 273.4
373.9 369.9 365.6 361 356.5 352.4 347.4 345.5 348.6 357.2 367 374.1 379.5 382.7 385.9 384.7 382.7 380.6 378.5 378.3 378.9 380.2 377.9 375.6 370.3 366 360.8 355.3 350 345.1 340.9 337.2 333.6 330.8 328 324.9 321.8 320.2 315.2 311.9 309.5 304.5 299.7 295.1 292.6 287.8 283.5 280.8 279.8 279.4 280.7 284.7 288.4 294.2 301 307.9 307.9 307 318.6 327.5 335.3 340.1 342.7 342.2 340.3 337.2 333.7 330.2 325.6 319.5 316.4 311.6 305.5 295.8 286.8 280.2 275.2 266.3
366 361.4 359.7 356.9 352.5 350.5 347.5 346.9 351.1 355.7 363.3 369.6 374.1 377.5 379.3 377.7 374.4 370.9 368.1 367.8 371 372.9 374.8 372.7 371.9 369 365 360.2 355.1 350.1 344.8 340.7 337.1 332.9 330 326.7 322.5 318.4 313.9 311.6 306.3 301.3 297.3 292.7 290.5 284.4 286.7 288.4 287.9 285.6 286.3 293.8 300.2 306.9 312.4 315.9 316.4 317.4 321.7 329 336.1 338 340.1 337.6 333.6 329.7 325.1 319.2 314.5 311.3 308.3 300.7 295 287.1 277.5 273.7 262.8 254.9
359.6 357.7 354.7 351.9 349.4 348.7 350.1 351.8 352.8 356.1 361.8 365.2 369.2 372.4 372 370.5 367 362.1 357.3 358.1 362.8 366 369.2 371.5 370.9 370.1 367.3 363.5 358.6 353.2 347.4 342.1 336.2 332.2 328.7 325.3 320.1 315.4 311.4 308.8 302.3 298.6 294.2 290.2 286.4 289.8 292.2 292.8 293.3 290.7 296.9 303.5 312.4 319.3 323 325 325.2 324.5 327.2 333.6 338.2 339.1 338.1 335 329.2 322.3 315.3 310.1 306.2 300.8 295.5 290 283.6 276.5 268.9 257.8 250.2 243.4
361 358.5 355.2 353.4 352.5 353.2 353.3 355 354.8 355.9 359.5 361.8 364.8 366.6 365.4 363.3 360 355.3 349.8 348.8 354.8 358.7 362.4 366 368 367.9 366.3 363 359.2 354 348.1 342 335.6 329.3 323.9 320.1 315.7 311.8 309.1 301.5 298.9 296.1 293.1 289.6 289.4 293.2 295.2 295.5 294.8 300.7 307.3 317.1 326 328.4 331.5 335.8 334.1 332.2 334 338.7 339.9 340.9 340.1 337 329.8 321.8 315.1 309.3 302.4 296.3 287.1 277.2 276.5 266.3 256.8 250.9 242.3 237.3
365.7 363.8 361.7 359.8 358.2 357.7 357.5 357.3 356.8 355.6 356.9 359.3 361.1 360.8 359.4 357 353.7 349 344.3 342.2 345.8 350.5 354.6 358.3 362.4 364.7 363.6 360.8 357.5 354 348.1 341.3 334.3 327 319.5 314.7 311.2 310.4 305.6 302.1 297.8 294.7 291.6 293 296.2 295.3 297.9 300 303.6 310.7 320.9 329.6 333.8 340.1 343.3 343.9 343.7 341.5 340.6 345.3 345.1 344.3 342.8 339 331.8 324.1 317.4 310.8 303.8 296.8 289.5 280.6 272.3 264.2 258.9 247.2 238.2 233
374.6 373.1 371.3 367.2 364.7 361.8 360 359.3 358.5 354.9 352.5 354.5 354.9 354.9 353.3 350.9 347.5 343.9 340.1 336.1 338 341.7 346.2 351.1 356.3 359.2 359.1 357.7 355.1 351.8 346.8 340.3 332.1 323.2 315.8 310.7 308.7 306.6 303.7 300.4 297.2 294.9 293.5 298.6 300.4 299.6 301.6 303.7 311.8 320.7 330 338.5 344.9 350.4 352.5 351.6 350.2 350 350.1 348.1 349.2 347.2 344.8 340.5 334.8 328 321.9 315.5 307.5 299.7 294.7 284.5 275.3 266.2 255.1 246.2 234.6 228.9
388.9 386.6 381.4 376 370.6 366.1 363.4 361 358.1 353.7 349.8 347.8 348.2 348.7 347.6 345.4 342.1 338.5 334.8 331 329.2 331.7 336.3 342 347.8 351.7 352.1 352 350.4 347.5 344 337.9 328.7 319.6 311.8 308.4 306 303.4 301.5 301.6 299.4 296 298.8 303.5 305.6 305.8 305.9 310.6 320 331.2 342 348.9 354.4 356.5 358.2 356.6 357.5 356.8 355.4 353.2 352 349.4 345.9 341 336.1 330.2 323.9 317.7 311.9 305.8 296.7 287.9 278.9 267.8 255.6 242.5 233.1 226.7
