UK/data/sj/sj99_OST50GRID_20230518/SJ99.asc
ncols 200
nrows 200
xllcorner 390000
yllcorner 390000
cellsize 50
[rows 144 to 179 of 200, columns 0 to 80 of 200]
83.2 78.8 72.4 60.6 46 48.2 48 48 48.2 54.4 56.9 59.2 70.5 73.3 75.4 78.4 80.5 83.2 84.6 85.9 86.4 86.6 87 87.3 83.9 87.7 88.3 87.6 87 86.6 85.9 85 76.6 81.1 86.4 88.1 88.4 88.7 90.2 90.4 90.6 90 88.6 88.4 88.3 87.5 87.5 87.6 88.3 88.3 88.4 89.8 89.2 87.8 86.6 86.2 85.4 84.9 83.9 83.9 85.7 86 87.6 89.4 89.6 78.4 69.2 81.6 89.5 90.5 91.1 94.8 97 98.3 100.5 101.2 106.2 109.3 110.8 113.4 112.3
79.6 76.7 72.1 62.4 48.7 46 46 47.3 47.8 48.3 56.1 58.7 71.8 74.9 77.5 80.8 82.2 83.6 85 85.3 86 86.3 86.6 86.9 87.1 87.1 86 87.5 87 86.6 86.2 85.9 77.3 78.4 86.8 88.4 89 89.5 89.6 90.6 90.8 88.8 88.7 88.7 90.6 89.4 87.8 87.1 88.5 88.9 88.6 90.5 89.5 88.8 88.1 87.7 87.2 87 85.9 85.3 86.4 86 90.1 92.4 92.6 79.7 74.8 83.3 91.2 93.5 93.8 96.3 98.5 100 102.6 104.3 108 110.1 112.3 114.4 118.7
81.9 74.5 65.1 55.5 49.7 48.2 48.6 47.3 48.7 50.2 54.2 64.5 72.8 77.3 79.5 81.8 83.1 84.3 84.8 85.2 85.5 86 86.4 86.8 87.2 87.3 87.5 86.7 86.7 86.3 86.2 85.9 77.1 76.6 88.6 88.6 89.5 89.6 90 91 91.6 90.4 89.3 89.1 91.8 91.2 88.4 88.7 89.4 89.7 91.6 91.3 91.6 90.8 89.5 88.9 88.3 88 87.8 88.6 88.5 88.4 91.8 93.1 93.2 80.9 77.8 81.8 92.7 94.1 95.2 96.4 98.3 100 102.7 105.6 108.3 111.2 114 113 119.3
82.5 81.6 60.5 46.9 46.5 47.2 47.8 46.4 48.4 50.8 55.6 60.5 69.5 77.3 78.4 80.5 82.2 83.6 84.6 84.9 85.3 85.9 86.3 86.7 87.1 87.5 87.7 87.6 86.7 86.7 86.9 86.8 79.3 77.2 90.1 91.3 91.3 91.2 91.4 91.8 91.5 91.1 91.2 91.2 91.8 91.7 91 90.7 91.6 93.5 92.9 93.6 93.4 92.9 91.1 89.5 89.7 90.2 90.4 91 90.8 90.4 93.1 93.6 92.6 89 78.5 81.2 93.6 94 95 95.9 97.8 100.1 102.9 105.8 108.7 111.2 114.2 111.2 120.9
83.4 82.5 61.9 44.6 44.8 47.2 46.9 47.3 47.2 52.6 55.2 57.8 64.8 67.1 77.2 79.5 80.8 83.4 84.6 84.5 85.1 85.8 86.3 86.6 87.1 87.4 87.7 87.4 86.5 85.7 85.3 86.2 82.2 77.8 88.3 90.7 91.2 91.1 90.9 91.5 91.8 91.8 91.2 90.9 92 92 91.5 91.7 93.4 93 93.1 94.1 93.9 93 92.9 90.4 89.5 90.4 91.4 93.1 93.5 93.3 94.5 95.8 94.1 90.8 80.8 80.6 89.5 90.5 94.3 95.7 97.4 100.3 103.1 105.5 108.1 110.9 113.9 117.8 121.3
83.3 82.6 61.6 47.8 47.1 47.2 45.3 47.3 48.1 52.8 53.5 59.7 65.1 75.8 77.7 79.8 81.7 83.1 83.9 83.9 84.5 85.5 86.3 86.8 87.2 87.7 87.9 87.6 86.9 86 85.2 85.2 88.5 78.1 84.3 89.9 90.9 90.9 90.7 91.2 91.9 92.2 91.2 90.9 92.1 92.3 91.8 93 93.3 93.2 92.8 94.9 95 94.3 93.9 92.4 91.9 91.6 92.3 93.4 94.7 96.4 95.8 96.1 94.6 94.2 91.9 82.8 83.7 86 91.5 94.8 97 99.4 102.1 104.6 104.6 110.5 111.5 117.6 119.8
83.3 78.1 61.4 48 46.9 46.5 46.8 47.3 49.4 52 53.6 57.6 64.7 74.4 77.5 79.1 80.4 82 82.2 82.6 84.5 85.6 86.6 87.1 87.7 87.4 87.7 88 87.6 86.7 85.9 85.6 85 78.3 82.5 90.3 88.2 90.4 90 90.8 91.6 92.9 90.9 91 92.1 92.6 92.5 93.6 93.4 93.5 93.7 94.4 95.1 95.7 95.1 93.3 94.3 95.2 94.4 95.3 96.4 97.5 97.4 96.2 96.9 96.4 95.4 94.1 92.2 91.8 92.2 92.6 92.7 97.3 101 103.8 107.6 111.4 110.1 118.9 120.9
83 78.8 60 48.1 46.8 46.6 45.6 45.3 45.6 52.8 55.1 57.5 63 68.2 72 73.5 74.8 74.4 81.2 82.6 84.4 85.6 86.4 87.2 87.4 87 88 89.4 89 87.7 86.7 86.4 86.5 78.4 77.7 90.4 89.7 89.5 89.7 91.4 91.9 92.7 91.5 91.1 92.1 93.1 93.3 93.9 93.3 93.3 94.3 95.2 94.5 95.8 95.7 94.8 94.9 97.5 97.1 98 98.3 98.2 98.2 98 98.4 98.4 97.3 96.6 96.6 96.7 96.8 95.3 93.6 95.5 101.9 103.3 110.8 111.8 116.7 120.9 122.3
82.2 79.3 61.2 48.4 47.1 44.1 44.1 44.1 44.1 46.3 53.9 53.6 65.4 65.5 74.7 76.8 78.7 80.2 83.5 84.2 84.7 85.3 86.1 87 87.1 87.3 88.1 88.9 88.8 88.2 86.6 85.2 87 78.4 78.1 80.5 86.9 91.2 89.8 91.4 91.7 91.9 91.5 91.7 92.6 93.3 93.8 94.3 93.3 93.3 94.8 95.6 94.8 95.9 95.9 96.5 96.2 97.3 98.3 99.1 99.2 99.2 98.6 98.9 99.3 99.1 100.1 99.6 99.4 99.4 99 99.1 98.3 96.4 102.5 105.7 110.2 109.8 117.7 122.3 124.1
79.6 78.7 62.2 56.5 46.9 46.8 46 45.1 46.3 49.2 52.9 47.8 50.8 65.3 75.5 78.6 79.8 80.7 82.2 83.9 84.4 85 86 86.7 86.8 87.6 87.6 88.8 87.3 86.3 84.6 84.9 87.7 83.6 79 77.9 84.9 86.4 90.4 91.2 91.2 91.7 91.6 91.9 92.7 93.4 93.6 93.1 93 93.7 94.7 95.1 95.4 96 95.8 95.8 96.4 96.6 96.7 98.6 99.3 99.4 98.9 99.7 100.5 101.3 101.7 101.5 101.8 102.2 102.3 101.6 97.8 97.8 103.2 109.1 110.9 109.9 120.1 123.2 124.8
77.9 71.4 75.6 63.4 48.9 46.7 44.2 44.6 44.8 46.5 45 45 43.3 61.3 71.5 78.3 79.7 80.7 81.6 82.5 83.6 84.4 85.1 85.4 86.8 87.5 87.8 88 86.8 85.8 84.8 84.6 88.5 83.9 79.6 79.3 80.6 86.8 87.3 88.2 93.8 92.3 92.4 92.4 93.1 93.6 93 93.5 93.5 92.8 92.2 95.2 95.7 96 96.4 95.7 95.9 96.8 97 98.3 98.9 98.8 99.1 100.3 100.9 101.2 102.5 103.4 103.6 103.7 103.7 103.2 94 101.1 106.7 110.5 114.7 113.6 121.8 123.5 124.8
76.8 75.5 76 73.9 62.7 52.4 46 46.4 46.3 45.6 44.8 46.5 43 58.9 63.5 76 77.4 74 75 75 74.4 82.2 84.5 85.9 86.8 87.4 87.9 87.6 86.5 85.3 84.3 83.8 82.6 82.7 77.5 81.3 76.2 88.4 86.4 88.8 88.7 91.5 92.7 93.3 94.1 93.7 93.3 92.8 92.7 92.4 94.2 95.7 95.7 97.2 97.8 97.6 96.7 95.8 96.1 97.4 97.3 98.4 99.4 100.8 101.8 102.7 103.7 104.1 104.3 103.7 103.8 102.5 98.6 100.8 106.1 110.8 115.4 117.8 122.5 124.4 125.8
77 75.4 76.8 77.5 75.3 57.8 43.5 44.4 45.7 45.3 45.8 45.5 42.7 58.6 66.2 63.4 63.2 75.4 79.1 80.7 82.7 83.7 84.9 86.1 86.9 87.9 88 88.4 86.6 85 82.1 81 81.7 82.6 75.8 82.2 75.5 90.2 90.6 88.4 88.2 90.6 90.9 95.1 94.2 93.8 93.4 93 92.9 93.3 92.2 92.6 95.7 98 102 99.5 102.9 97 95.6 96.4 97.3 98.6 99.6 101.2 101.7 102 100.5 104.1 104.6 104.1 102.5 101.5 101.2 101.2 104.5 113.5 110.7 118.9 122.3 124.2 126.2
78 76.6 76.9 76.7 74.5 67.1 54.1 43.5 44.2 45.4 43.5 45.2 42.7 58.4 60.5 63.1 74.6 78.5 80.9 82.9 83.7 85 86.1 86.4 87.2 88.3 88.3 87.4 85.5 84 80.6 82 82.7 81.7 74.6 83.1 74.8 90.4 86.3 87.9 88.7 89.6 90.6 90.7 91 94.5 94.1 93.5 93 93.1 92.8 93.6 92.7 95.4 97.8 99.2 96.2 94.7 96.3 96.5 97.4 98.7 98.7 100.1 102.3 102.9 103.8 103.9 103.9 103.6 102.3 101.1 101.2 104.6 109 112.7 112.2 117.8 120.3 123 125.2
79 77.5 76.1 74.1 69.9 63.2 57.9 51.7 47.6 45.8 45.4 45.1 43.2 55.6 67.6 64.7 76.9 79.4 81.7 83.7 84.7 85.6 86.3 86.9 88.7 88.7 88.2 87.2 85.2 83.8 77.5 84.7 86.1 83.2 73.8 83.7 74.2 90.8 83.4 85.7 88.5 89.9 90.7 92.9 92.7 92.3 95.4 94.2 93.9 92.7 94.2 94.7 94.8 94.8 93.5 95.4 95.7 95.6 96.1 95.6 97.1 98 99.5 100.9 102.5 102.6 103.3 103.8 103.7 103.1 102 102.5 104 104.4 108.5 110.3 114.1 116.4 119.3 121.4 123.3
79.4 78.8 78 76.1 70.4 60.7 55.7 52.9 47 45.6 45.2 46 42.7 46.8 57.5 66.3 80 82.2 83.4 84.1 85.1 86.3 87.3 87.7 88.5 88.6 88 86 84 82.1 79.8 85.3 84.7 79 75.9 76.5 81.4 82.1 82.1 85.7 89.5 90.5 91.6 92.4 91.6 91.5 91.4 92 97 93.9 94.7 95 92.3 91.7 94.9 94.6 94.4 96.4 97.7 97.9 97.9 98.8 100 101.6 102.4 102.6 103.1 102.9 103.2 102.8 99.8 104 105.5 106.4 108.9 112.3 114.7 116.6 117.5 119 120.3
79.3 78.3 77.3 77 66.3 58 54.5 50.4 48.7 49.2 48.5 47.3 45.3 43.4 52.9 68.3 80.4 82.5 83.3 84.1 84.8 85.4 87 87.8 87.9 87.9 87.2 85.1 83.9 81.2 77.2 81.4 83.5 74.5 80.3 73.1 83.3 88.7 87.4 86.9 87.8 91.2 91.3 94.1 91.2 91.1 91.4 91.5 91.7 94.9 92.5 92.5 89.8 94.7 95.3 96.1 96.5 96.8 97.5 98.1 98.5 100.2 101 101.8 102.3 102 101.7 101.5 102 100.6 103.2 103.3 108.1 109.3 112.2 109.5 116 117.8 120.4 122.5 124.5
78.7 77.7 77.9 76.7 66.5 50.8 42.2 43.3 44.4 43.6 43.2 42.8 46.1 45 51.8 73.3 78.8 82.4 82.1 83.6 84.2 85.5 86.4 86.9 87 86.7 85.7 84.5 83.1 79.1 76.9 81.2 79.8 71.2 79.7 80.2 86.8 89.6 88.9 85.3 86.1 91.5 91.5 91.7 91 91.4 91.5 91.2 88.9 87.1 94 99.2 94.3 94.4 94.9 96.2 97.8 98.8 99.1 100.1 100.4 100.4 100.5 100.9 102.1 101.4 101.1 102 101.2 100 103.7 105.2 108.7 112.3 116.4 116.1 116.2 117.7 122.4 124.3 127.2
76.6 76.5 76 73.7 60.5 43.2 42.6 42.8 42.7 42.8 40.2 38.7 45 42.7 59.1 75.1 77.8 78.4 81.3 82.7 84 84.6 85.5 85.6 85.3 83.4 84 85.5 80.3 79.2 70.6 73.7 71.9 70.9 72.8 78.8 80.6 85 82.3 87.3 84.8 85.5 86.8 88.6 91.4 83.7 88.5 92.7 92.9 93.1 93 94.8 95.7 95.7 95.8 97.4 98.3 98.8 98.9 99.6 100.1 100.8 100.7 101.1 102.2 102.8 102 102.9 103.1 100.5 98.4 104.5 107.3 114.8 117.8 117.8 116.8 117.2 121.5 125 128.5
74.1 70.4 63 56.8 48.8 37.6 42.1 42.5 44.3 46.8 47.3 49.2 52.8 58.2 69.9 73.7 75.7 78.4 80.2 80.6 81.4 83.7 84.4 84.2 84.6 83.9 83.4 85.3 80.2 79.1 69.6 71.3 69.5 70.6 76.7 79.8 87.8 88.4 89 85.6 84.5 84.5 88.4 86.8 86.5 88.7 89.7 95.7 95.5 95.2 93.8 95.2 95.7 95.7 100.1 98.8 99.2 98.9 99.3 99.2 99.6 100.5 101.4 101.8 102.8 103.7 104.6 105.6 106.2 101.7 98.1 104.7 106.9 113.5 109.6 117.2 115.9 117.1 122.8 125.9 128.1
67.3 59.8 54 51.5 44.1 37.6 42.4 43.1 43.6 44.6 44.7 48.7 59.8 64.1 67.4 71.3 74 76 76.9 79.6 81.3 82.1 82.6 83.1 83.7 83.3 83.8 84.8 80.2 78.8 69.6 68.4 69.5 73.7 83.7 86.8 87.3 86.4 79.6 80.5 85.3 85.8 86.9 87.2 87.5 89 90.5 94.8 94.9 94.9 94.8 95.4 95.7 95.6 97.3 98.7 100.2 99.5 100 100.3 100.9 101 101.8 102.8 103.2 105.1 106.5 107.9 109.2 109.9 101.4 93.6 105.9 112.2 115.4 113.4 114.1 117.3 122.4 125.2 129
61.6 55.7 52.5 50.7 45 40.7 42.7 43.2 43.9 44.3 44.7 52.7 62.3 65 69.8 73.4 73.1 66.6 67.1 67.4 70.3 72.5 80.2 80.9 83.4 82.6 84.4 84.5 83.5 75.8 66.8 68.4 71 81.1 81.9 78.5 72.3 71.3 76.2 85.1 83.8 86.4 87.2 88.1 89.2 90.5 90.3 93.5 94.3 94.5 94.8 95.1 95.5 95.8 97.2 98.2 98.6 99.5 100.5 101.6 100.9 100.9 101.6 102.9 104.7 106.8 107.6 109.6 112.1 112 107.2 97.7 103.9 108.2 105.5 109.1 113.2 118 122 126.1 132.9
63.2 54.4 51.4 49.6 43.5 40.5 42.6 43.4 44.1 44.3 48.5 61.3 70.5 74.4 74.9 74.1 66.7 60.5 59.9 54.3 56.4 59.1 66.6 68.5 70.2 72 75.5 79 73.7 65.5 67.1 69.6 74 67.6 65.5 68.2 79 84.9 85.7 88.7 84.3 85.8 87.7 89.2 90.4 90.5 90.6 93.4 94.5 94.5 95.3 95.4 95.8 96.3 97.2 98.5 99.6 100 99.8 102.7 100.7 101 101.7 103.2 104.9 106.9 109.4 111.1 113.4 113.6 107.3 101.2 101.9 109.8 108.5 110.8 114.7 119.1 124.7 128.8 138.6
57.5 52.1 50.6 49.6 44.7 37.6 43 43.8 44.3 43.4 60.1 64.6 72.7 73.8 74.2 69.8 63.2 59.6 58.4 51.8 51.7 55.2 60.7 65.1 65.9 67 67.1 64.1 64.6 65.3 68.8 70.7 60.1 70.2 79.7 83.9 86.1 84.7 83.6 83.8 84.1 85.5 87.5 88.3 90.3 90.8 91.2 93.5 94.2 94.2 94.6 95.4 95.9 96.9 97.7 98.3 98.9 99.1 100.4 100.5 100.2 101.4 102.3 104.2 105.7 107.5 111.2 112.7 116.1 113.7 106.3 101.2 101.5 107.2 108.1 112.1 116.5 127.3 132.8 138.7 144.2
53.7 51.8 50.4 49.6 45.9 37.6 43.7 44.6 44 59.6 66 70.9 71.8 73.3 71.8 62.4 59.5 58.8 59.6 55.3 54.9 58.3 59.9 60.7 59.8 60 61.6 63.8 62.5 58.3 65.6 53.1 63.1 74.7 77.2 80.6 83.1 80.1 84.1 82.1 80.3 81.5 85.5 89.1 91.1 92.2 92.3 93.6 93.8 94.5 94.8 95.3 95.6 96.7 97.7 97.7 98.8 99.4 99.5 100.4 100.8 101 103.3 105 106.5 108.3 113 113.7 117.2 114.2 111.3 100.5 101.2 103.3 111 115.4 125.9 134.2 138.4 144.2 154.2
52.7 50.9 50.1 49 40.9 43 44.1 44.6 55.2 61.1 69 70.1 70.6 71.2 66.2 57.3 55.6 53.7 53.2 53.8 54.4 55.6 56.5 58.4 59.9 57.7 59.1 60 47.1 61 58.2 72.9 78.2 77.6 80.9 79.6 79.6 80.9 80 79.4 82.4 85.5 88.2 91.3 92.3 92.4 92.7 93.5 93.9 94.4 94.9 94.7 95.3 96.4 97 97.3 98.5 99.4 100.4 100.3 100.8 102 101.4 105.5 108.2 110.1 113.2 115.1 117 114.8 110 98.7 101.2 103.7 109.2 120.6 132.5 139.4 145.7 152.2 159
50.4 49 47.6 40.8 40.7 44.1 45.2 51 60.9 61.1 64.5 66 66.5 57.8 54.3 52.9 51.7 51.6 51.9 52.3 53 53.8 51.2 48.5 48.6 54.7 57.4 50 62.6 70.8 77.7 78.5 81.9 82.7 83.8 83.4 81.5 78.2 84.1 87.5 89.1 90 90 91.7 91 90.3 92.3 92.4 92.7 93.8 94.1 94.8 95.3 95.9 96.7 97.3 97.4 99.6 100.4 100.6 100.9 102.6 104.5 103.1 104.7 110.4 114.8 117.3 117.1 115.2 106.4 99.8 103 103.4 113 127.2 138.1 144.1 151.9 156.7 160
47.4 40.8 37.6 44.1 43.4 45.9 57 60.5 61.4 61.3 61.4 62 57.3 53 52.7 54.5 54.4 51.8 49.5 47.3 47.4 46.1 44.5 45 44.9 46.7 47.6 51.7 63.4 65.1 67.2 71.4 77.4 78.4 81.4 82.8 78.4 75.6 86.6 88 88.8 89.7 90.2 90.2 85.8 90 90.3 86.5 88.4 92.4 93.4 94.8 95.5 96 96.5 97.2 98.7 99 100.1 100.2 101.3 102.6 105 106.5 108.5 103.7 115.9 118.5 117.3 114.6 103.9 99 105.2 104.2 118 129.8 137.5 147.5 156.3 156.9 157.7
44.9 38.9 44.4 49.2 56.2 57.5 61.4 61.5 61.9 61.2 60.1 56.9 53.3 57.2 54.9 52.9 45.5 46.8 48.5 46.8 46.5 45.5 44 44.4 45.2 44.9 46.5 51.8 59.6 59.3 60.5 64.5 71 73.4 75.8 71.7 73.2 74.1 77.4 82.2 82.9 83.3 83.6 78.6 79.6 82.5 86.7 91.8 93 93.5 94 94.7 95.4 96.1 96.7 96.9 98.2 99.2 100 100.3 101.1 103 105 107 109.2 113.6 112.6 118.8 117.4 113.7 101.3 98.1 105.6 105.4 118.9 130.5 139.6 153.3 156.1 153.4 150.8
36.8 44.4 46.2 56.1 59.8 56.5 59.2 61.2 60.8 59.4 58 53.9 55.8 55.2 54.6 53.8 45.5 46 47.4 46.4 46.2 44.4 44.1 44.3 44.9 44.8 45.6 53 58.6 58.9 59.4 60.5 64.5 70.1 68.2 71.8 73.6 73.4 73.4 73.4 76.4 75.5 80.8 86.8 88.2 90 92.1 93.4 93.7 94.1 94.7 94.7 94.6 96.6 97 97.2 97.5 98.1 98.8 100.9 101.9 103.7 106.3 107.9 109.9 113.7 116.3 118.4 116.4 112.5 100.1 96.7 103.9 107.2 120.3 130.8 141.3 152.3 152.1 147.3 145.2
42.6 44.8 51.5 58.9 52.6 57.6 58 60.5 59 58.6 54.3 53.6 54.1 53.8 53 52.6 44.6 46.6 47.3 46.5 45.2 43.3 44 44.4 45.5 46 48.6 57.6 58.7 58.9 59.4 60.2 64.1 65.3 66.2 68.5 71.4 71.6 71.5 71.1 78.8 83.1 85.9 87.6 90.1 91.6 92.9 93 93.6 92.9 93.5 91.7 94 96.9 97.4 97.4 97.6 98.5 98.7 101.8 103.3 105 107.4 109.2 110.9 113.8 117.5 117.9 113.5 107.7 99.1 95.9 100.2 108.7 119.7 131.3 142.7 150.4 148.5 143.1 141.4
43.7 46 50.6 49.4 53.8 57.4 57.4 57.6 58.4 53.2 51.2 51.1 50.6 51.2 51.1 50.2 42.9 40.5 40.5 45.9 45.4 43.2 43.9 45.1 47.3 49 57.8 57 58.4 58.6 59.9 60.7 59.7 60.9 65 65.9 67.2 70.1 69.4 72.4 77.7 81.7 85 85.4 88.5 91.1 91.2 90.1 91.9 90.6 88.4 92.4 94.3 96.2 96.7 97.2 97.7 97.4 99.7 101.2 104.2 105.6 107.9 109.7 111.7 114.3 117.4 117 113.8 108.5 106.7 94.2 98.1 111.9 119.4 130 139.2 146.4 145.1 138 135.6
44.7 46.9 47 54.2 54.2 53.7 57.5 58.9 51.7 49.6 49.3 50.1 50.2 50.1 50 49.7 40.8 45.4 46.8 40.5 45.2 44.5 44.6 44.6 48.9 55.8 57.8 57.4 57.5 58.2 59.4 59.4 59.6 60.1 60.3 64 66.8 66.6 68.5 71.7 74.6 80.3 78.5 82.5 86.1 88.6 88.1 86.1 82.7 82.6 83.6 89 90.2 93.3 94.5 95.3 95.3 96.2 98.6 101.6 103.4 106.8 108.7 110.3 112 113.9 117 115.5 112.8 108.7 98.3 107 103.3 111.1 118.2 128.1 137.5 144 139.3 132.8 130.2
45.6 46 47.4 48 48.5 56.5 51.7 50.3 49.8 49.2 49.2 49.6 49.9 49.5 49 47.5 44.2 45.4 46.1 45.6 45.3 45.2 46 47.8 54.7 54.6 54.1 55.4 56.4 58.4 59 59.2 59.6 59.7 60.8 61.4 62 64.9 67.4 69.2 71.9 72.7 75.5 81.6 83.3 82.9 77.2 77.2 82.6 85.2 90.8 92.5 93.5 93.6 93.2 92.9 95.2 97.6 100.1 102.8 105.5 107.5 108.8 110.6 111.8 113.8 114.8 113.6 110.9 107 97.2 93.6 106.4 107.9 112.8 122.4 132.5 137.8 132.5 127.4 125.6
46.1 47 48.1 54.8 50.9 48.6 47.1 49.2 49.3 48.6 49 48.8 49.7 49.4 49.2 47.1 44.7 44.9 44.8 44.7 46.3 47 47.9 49.3 50.7 50.9 54.3 54.8 56 58.3 59 59.2 59.2 60 60.6 61.3 61.7 61.3 61.8 64.4 66.6 70.1 73.5 78.3 74.8 72.9 78.6 84.1 85 90.3 92.9 94.5 95.6 96 96.5 96.2 97.9 99.4 101.2 104.3 106.8 107.8 109.1 110.4 111.3 113 113.2 112.7 109.4 101.6 97.5 94.2 99.2 106.7 113.7 115.7 128.5 131.9 127.6 123.8 121.9
49 53.2 47.6 46.2 46.9 47.9 48.4 48.5 48.5 49.1 48.6 48.6 47 47.8 48 47.2 44.9 44.8 44.9 44.7 45.7 47.6 48.4 48.1 49.1 50.9 50.4 50.3 53.6 56.9 59 58.9 58.8 59.3 59.9 60.5 61.1 60.7 60.4 61.7 64.5 67.1 69.8 71.1 74.9 81.8 86 87.6 88.9 91.2 92.8 94.9 96 96.1 96.7 98.1 98.7 99.2 101.8 104.3 106.5 107.9 109.3 110.2 111.4 113 114.8 113 110.6 101.2 96.1 95.7 100.1 106.1 111.5 110.9 118 126 123.7 119.3 116
