UK/data/nm/nm95_OST50GRID_20230518/NM95.asc
ncols 200
nrows 200
xllcorner 190000
yllcorner 750000
cellsize 50
[rows 152 to 189 of 200, columns 85 to 169 of 200]
-1.2 -1.2 -1.2 -1.2 -1.2 -1.2 -1.2 -1.2 -1.2 -1.2 -1.2 -1.2 -1.2 -1.2 -1.2 -1.2 -1.2 -1.2 -1.2 -1.2 -1.2 -1.2 -1.2 -1.2 -1.2 -1.2 -1.2 -1.2 -1.2 -1.2 -1.2 9.1 21.9 38.3 55.2 68.3 66 78.7 80.7 71.6 89.3 106.4 121.7 123.3 122.3 150.7 166.2 179.1 174.6 173.1 188.1 208.7 214.1 215.3 219.2 222.5 222.4 223 217.8 218.5 216.8 215.7 206.1 196.4 180.1 161.9 149.5 136.6 125.6 116.5 110.3 104.9 101.6 96.4 89.4 81.3 76.3 69.4 66.2 74.2 83.5 90.2 97.8 108.9 120.9
-1.2 -1.2 -1.2 -1.2 -1.2 -1.2 -1.2 -1.2 -1.2 -1.2 -1.2 -1.2 -1.2 -1.2 -1.2 -1.2 -1.2 -1.2 -1.2 -1.2 -1.2 -1.2 -1.2 -1.2 -1.2 -1.2 -1.2 -1.2 -1.2 4.5 14.2 32.4 49.3 63.4 77.7 74.5 86.3 98.7 97.4 80 124.2 131.3 141 154.1 143.2 139.7 157.4 177.5 183.1 192.4 209.1 220.7 223.9 223.4 223.7 223.9 230.4 224.1 228.3 228.5 230.4 226 222.1 212.5 194 178.8 168 155.3 145 134.8 125.3 120.8 116.9 112.2 101.6 92.8 83.7 78.7 72.6 69.8 77.5 84.4 91.8 101 113.5
-1.2 -1.2 -1.2 -1.2 -1.2 -1.2 -1.2 -1.2 -1.2 -1.2 -1.2 -1.2 -1.2 -1.2 -1.2 -1.2 -1.2 -1.2 -1.2 -1.2 -1.2 -1.2 -1.2 -1.2 -1.2 -1.2 -1.2 4 9.9 28.4 47.3 63 77.8 83.9 82.2 90.5 101.3 122.8 110.6 93.1 124.1 138.6 150.6 157.5 150.6 157 163.1 185.6 199.9 217.7 224.6 227.4 228.7 228.5 232.7 227.1 233.5 237 238.9 242.1 241.4 241.2 237.5 223.6 208.8 199.1 188.6 182.4 168.6 158.4 147.4 144.3 138.5 126.8 114.6 103.2 93 84.4 78 72.2 71.3 79.4 87.4 95.1 107.4
-1.2 -1.2 -1.2 -1.2 -1.2 -1.2 -1.2 -1.2 -1.2 -1.2 -1.2 -1.2 -1.2 -1.2 -1.2 -1.2 -1.2 -1.2 -1.2 -1.2 -1.2 -1.2 -1.2 -1.2 -1.2 4.1 8.3 11.8 37.2 59.9 81.2 85.4 93.4 92.1 99.9 107.4 136.9 151.8 127.1 112.5 121.7 137.4 153.9 159.4 161.2 165.9 185 200.4 215.2 224.5 231.2 234.7 238.3 239.9 239.5 237 241.7 247.2 254.2 257.1 260.1 258.7 250 236.5 227 219.5 216.2 209.8 200.5 189.2 174.1 170.7 157.7 140 123.7 115.1 104.2 93.8 86.7 82.2 76.7 74.1 83.6 89.3 100.4
-1.2 -1.2 -1.2 -1.2 -1.2 -1.2 -1.2 -1.2 -1.2 -1.2 -1.2 -1.2 -1.2 -1.2 -1.2 -1.2 -1.2 -1.2 -1.2 -1.2 -1.2 -1.2 -1.2 8.3 8.4 12 27.2 47.2 69.1 88 95.1 101.4 102.5 109.4 118.7 156.5 169 167.2 147.7 130.5 141.8 146.3 161.9 170.6 182.6 192.1 205.7 217.6 229.6 232.9 238.5 244.2 245.8 247.3 248.3 251.8 253.9 263.3 268.8 276.1 274.1 267.9 260.3 256.3 265.3 268.2 251.7 247.9 235.2 217.6 202.8 189.7 172.1 150.3 137.2 126.4 114.2 101.4 96.3 90.4 83.3 73.8 79.9 85.9 98.1
-1.2 -1.2 -1.2 -1.2 -1.2 -1.2 -1.2 -1.2 -1.2 -1.2 -1.2 -1.2 -1.2 -1.2 -1.2 -1.2 -1.2 -1.2 -1.2 -1.2 -1.2 -1.2 10.7 11.5 20.8 35.4 56.7 77.4 94.3 102.8 106.6 115.5 117.9 129.9 165.7 187.8 183.9 174.5 167.9 153.7 156.7 167.5 176 190.6 199.7 207.1 223.1 240.8 250.2 250.4 253.8 257.7 257 255.5 260.3 264.7 272.9 280.8 290.7 284.5 281 279.4 278.5 290.2 298.2 294.3 282.4 273.4 259.7 245 222.7 199.7 184 168.9 153 138.5 125.7 113.4 102.7 98.8 88.7 77.6 80.3 87.8 98.7
-1.2 -1.2 -1.2 -1.2 -1.2 -1.2 -1.2 -1.2 -1.2 -1.2 -1.2 -1.2 -1.2 -1.2 -1.2 -1.2 -1.2 -1.2 -1.2 -1.2 1.6 10.2 12.7 28.6 43.8 65.4 82.6 96.9 108.6 116.8 125.1 129 140.9 176.3 196.5 201 192.3 195.1 186.7 181.6 182.5 185.7 197.7 206.9 213.7 227.2 239.2 261 263.1 261.9 266.5 270.1 272.1 272.8 277.3 282.1 299.8 303 297.5 293.6 292.2 294.5 309.5 314 318.8 312.2 304.1 293.7 272.1 246.3 224.3 215.6 200.4 182.7 166.5 148 137.2 125.5 113.8 104.2 97.2 82 76.2 77.5 88.4
-1.2 -1.2 -1.2 -1.2 -1.2 -1.2 -1.2 -1.2 -1.2 -1.2 -1.2 -1.2 -1.2 -1.2 -1.2 -1.2 -1.2 -1.2 -1.2 3.3 10.1 17.8 34.3 51.4 72.1 89.8 102 112.1 124 133.1 135.4 155.3 192.4 204.2 205.9 209.8 215.5 210.7 209.8 201 204.6 214 218.2 234.7 242.6 254.5 260.3 271.4 280.8 272.1 275.4 280.5 287.6 288.1 299 306.4 311.6 308 308.2 306.9 307.2 317.9 332.7 336.4 335.7 328.3 310.2 290.4 264.5 241.4 234 223.5 208.7 187.7 173.3 157.8 143.1 131.1 117.3 109.1 98 83.6 82 84.6 86.4
-1.2 -1.2 -1.2 -1.2 -1.2 -1.2 -1.2 -1.2 -1.2 -1.2 -1.2 -1.2 -1.2 -1.2 -1.2 -1.2 -1.2 -1.2 5.2 10.4 22.7 39.7 57.8 75.5 94.4 105.7 116.2 130.3 137.5 144.4 164.5 195.6 209.5 212.1 218.2 228.5 229.1 229.1 222.4 223.9 237 248.9 257.9 257.4 266.4 274.1 284 287.1 291.7 287.6 285 294.8 302.5 317.9 334.3 329.9 319.8 319 321.1 321.3 330.9 342.6 354.6 355.1 345.3 333.5 300.4 271.5 257.9 248.6 238.7 221.2 205.4 186.9 173.3 162.4 147.9 135.1 120.3 108.4 96.1 98.6 95.1 92.3 95.4
-1.2 -1.2 -1.2 -1.2 -1.2 -1.2 -1.2 -1.2 -1.2 -1.2 -1.2 -1.2 -1.2 -1.2 -1.2 -1.2 -1.2 5.2 11.3 26.7 45.2 64.2 80.6 94.3 106.7 118.6 134.1 142.1 150.5 164.2 194.2 210.7 221.7 226.6 239.4 235.6 242.8 244.9 231.5 248.6 259.9 274.1 273.8 270.2 274.7 284.6 291.7 294.5 296 294.7 299.8 313.4 326.5 337.1 340.2 337.4 336.5 332.7 331.9 339.8 355.7 368.7 366.6 358.8 343.3 317.1 288.2 270.9 269.5 243.6 225.7 211.1 198.5 184.4 172.1 162.2 148 132.8 117.1 98.6 112 109 102.9 102.8 96.5
-1.2 -1.2 -1.2 -1.2 -1.2 -1.2 -1.2 -1.2 -1.2 -1.2 -1.2 -1.2 -1.2 -1.2 -1.2 -1.2 4.7 9.3 25.6 47.1 57.1 80.3 94.5 108.5 117.4 133.7 143.8 151.8 166.6 190.9 211.3 219.5 226.6 238.6 246.2 248.2 256.7 244 253.9 264.5 279.3 280.1 278.3 276.4 280.6 295.1 303.1 302 311.1 306.5 321 325.9 338 348.9 344 343.9 343.8 340.3 348.3 364.9 383.7 377.7 369.4 354 333.4 306.9 287.7 281.2 265.8 235.5 221.9 208.8 195 181.5 171.1 163.1 144.3 131.3 117.1 126.3 122.7 111.1 113.6 108.9 99.1
-1.2 -1.2 -1.2 -1.2 -1.2 -1.2 -1.2 -1.2 -1.2 -1.2 -1.2 -1.2 -1.2 -1.2 -1.2 -1.2 8.7 28.1 49.1 62.1 76.7 92.9 106.7 120.4 133.5 143.3 150.4 163 184.5 207.9 223.9 231 236.2 247.4 261.1 271.7 269.2 259.2 270.9 279.9 287.7 285.2 282.5 287.3 301.7 307.2 317 326.3 330 334.1 345.5 348.4 355 354.5 349.2 352.6 354.7 359.1 373.8 397.6 396 385.2 374.3 355.6 333.4 304.5 285.1 274.8 248.4 229.3 216.9 204.7 190 179.3 168.2 156.5 143.3 132.5 136.3 132.2 124.3 122.3 116.8 110.6 109.3
-1.2 -1.2 -1.2 -1.2 -1.2 -1.2 -1.2 -1.2 -1.2 -1.2 -1.2 -1.2 -1.2 -1.2 2 9.2 31.2 55.9 65.5 81.9 94 104.2 115.2 131.7 142.1 154.1 160.1 174.6 202.4 227.7 242.7 241.4 247.9 262.3 276.3 287 272 279 294.5 291.2 295.3 301.2 310 320.7 316.3 327.6 337.5 348.3 342.6 355.2 358.8 355.8 358.1 355.4 362.3 367 376.3 391.8 408.7 409 404.8 396.7 376.2 350.4 326.1 297.8 282.1 261.3 241.6 222.4 210.2 198.3 187.9 173.4 162.4 151.5 139 143.9 141.8 135.5 133.7 126.6 119.1 123 114.1
-1.2 -1.2 -1.2 -1.2 -1.2 -1.2 -1.2 -1.2 -1.2 -1.2 -1.2 -1.2 -1.2 2.1 9.3 33.7 61.1 70.4 80 94 105.7 122.5 131.4 139.4 150.4 162.4 172.7 197.9 233.2 248.8 257.6 265.4 272 280.7 294 284.2 283.9 295.4 306.2 306.7 332 348.2 342.9 340.2 338.6 347.7 352.8 353.1 358.3 360.2 360.7 366.5 363 363.2 372.7 387.4 412.2 425.8 422.3 423.6 410.3 397.1 365.6 341.2 313.5 293.9 274 254.1 239.6 217.6 207.5 198.2 180.4 168.2 159.5 150 143.8 150.9 143.6 143.1 135.6 134.5 136.9 124.3 129.2
-1.2 -1.2 -1.2 -1.2 -1.2 -1.2 -1.2 -1.2 -1.2 -1.2 -1.2 -1.2 2.4 9.2 33.6 63.5 74.2 82.5 96.5 117.9 123.6 135 145.3 150.1 159 180.7 215.1 240.5 255.5 265.3 269.3 280.5 290.7 302.3 293.6 294.5 302.8 306.4 309.9 327.1 351.9 360.3 363.8 355 358.5 361.2 362.5 359.9 361.3 366.3 371.6 367.6 365.4 382.4 394.8 417.1 432.9 439.8 433.5 422 412.8 383.3 353.6 325.6 305.1 288.6 264.8 246.2 230.6 216.5 205.3 186.4 175.1 162.9 154.4 150 155.3 150.7 149.3 146.2 147 148.2 138.1 134.8 140.8
-1.2 -1.2 -1.2 -1.2 -1.2 -1.2 -1.2 -1.2 -1.2 -1.2 -1.2 1.9 8.4 33.3 63.6 72.7 83.6 99.3 116.2 126.5 132.4 150.4 153.2 164.4 181.8 209.5 241.3 260.9 266.4 275.2 282.7 293.1 308.5 294.1 298.6 304.1 313.6 312.8 328.1 359 368.5 376.8 375.8 373.4 373.9 370.8 367.5 369.8 373.9 379.2 374.4 374.8 395.8 401.7 415 437.8 443.2 443.5 430 416.5 395.7 373.3 347 320.9 297.3 275.6 255.8 242.1 219.6 207.8 196.7 185.5 171 157.5 154 155.5 154.7 159.1 158.1 155 154.2 145.6 148.2 151.5 159.5
-1.2 -1.2 -1.2 -1.2 -1.2 -1.2 -1.2 -1.2 -1.2 -1.2 2.2 7.2 17.8 56.7 70.5 79.8 95 111 123.3 135.1 151.6 160.1 168.4 204.6 229.9 235.6 251.6 269.6 284 288.3 301.8 309.8 299.4 296.7 305.3 319.7 319.2 329.4 347.2 376.9 383.6 390.3 382.9 382.1 386.9 386.2 377 373.3 384.3 382.5 378.2 397.5 409.6 417.3 435.6 446.2 440.3 431.3 417.2 404.1 386 360 329.6 306.6 282.4 268.2 249.7 227 213 202.7 191.3 175.1 163.1 156.8 159.4 156 163.4 165.3 166.4 163.3 157.4 153.4 165.8 173.6 185.2
-1.2 -1.2 -1.2 -1.2 -1.2 -1.2 -1.2 -1.2 -1.2 4.7 7.4 16 44 73.6 78.4 91.2 105.3 118.4 134.4 150.2 162.3 181.4 205 234.5 258.2 261.3 266.9 276.4 287.2 305.5 318.4 307.4 303.2 304.3 318.7 325.7 333.6 344.5 369.4 387.5 390.1 393.1 393.4 391.8 399.1 386 387.1 384.8 384.6 382.5 404.8 414.8 424.9 444.7 449.9 440.3 434.6 422.7 414.2 394.2 366.3 337.5 317.7 294.3 274.6 255.6 229.3 215.5 208.6 195.2 176.7 163.6 159.6 164.5 169.3 165.4 171.9 173.3 169.5 169.9 166.4 178.8 183.8 197.2 207.3
-1.2 -1.2 -1.2 -1.2 -1.2 -1.2 -1.2 -1.2 7.6 9 15.7 47.8 73.5 80.5 92 103.7 113.6 130.4 149.1 166.8 191 219.5 248.3 259.2 265.2 270.3 271.5 281.7 298.9 322.4 317 317.3 311.1 314.5 327.4 342.7 352.1 376 398.6 399.6 400.6 399.5 396.7 399.9 396.3 395.8 392.4 386.6 387 406.2 419.9 432.1 451.2 460.1 451.3 441.1 435.3 424.1 404.7 379.2 346.2 325.6 307.3 280.2 261.8 238.5 219.7 212.8 197.6 175.2 168.8 167.6 168.5 176 178.1 168.8 177.7 176.2 174.5 177.2 185.3 197.3 207.4 216 226.6
-1.2 -1.2 -1.2 -1.2 -1.2 -1.2 -1.2 9.8 18.3 27.4 53.2 70.9 81.9 95.5 107 114 131.4 145.6 171 198.7 225.1 249.8 262.4 268.3 275.2 277.2 281.6 294.4 319.1 325.1 323.6 327.2 326.3 326.5 345.6 364.2 387.3 402.9 417.8 404.1 402.7 404.1 408.9 402.5 406.8 399.1 393.7 392.4 406.8 424.2 435.3 455.1 459.7 458.4 455.9 437 428.7 416.5 392.1 360.2 339.1 314.6 287.9 272.1 248.6 228.1 224.8 211.3 192.6 175.4 179.3 172.2 178.8 180 174.7 180.5 180.8 177.7 180.7 194.7 203.5 214 225.4 232.7 245.9
-1.2 -1.2 -1.2 -1.2 -1.2 5.1 10.9 23.9 41.9 45.7 71.6 84.6 92.4 108.1 118 132.5 151.3 173.7 202.1 234.2 248.2 266.3 276.4 277.4 281.6 285.3 295.2 310.7 322 326.2 335.6 345.3 348.4 359.2 381.1 392.6 408.6 418.6 415.3 413.5 412.5 415.7 404.9 406.3 410.1 404.2 400.9 414 429.1 441.5 451.1 458.2 459.7 461 447.3 434.6 425.6 408.1 382.2 353 327.7 298.3 281.4 261.1 244.4 234.9 223.5 210.6 190.4 185.6 181.2 181.7 182 178.6 185.5 185.8 182.5 184.2 195.8 210.6 221.3 231.9 241.3 249.6 262.1
-1.2 -1.2 -1.2 -1.2 3.3 12.2 28.3 40.2 57 65.8 83.1 94.2 104.4 114.3 130.4 148.6 174.2 204.1 233.9 260.7 262.5 279.7 291.4 283.8 287.4 292.3 319.4 322.6 328.2 339.2 351.1 354 366.2 388.9 402.8 412.4 413.9 413.7 420 417.4 413.3 407.6 406.3 411.5 411.5 411 422.5 435.8 443.1 454.7 456.6 458.8 458.8 460.1 451.3 436.6 422.9 401.6 370.8 338.9 309.8 294.7 270.2 257.3 247.5 237.9 220 206 194.4 189.7 187.4 187.2 187.1 181.7 187.5 186.9 187 201.2 218.9 225.3 234.4 244.7 255.5 266.2 281.4
-1.2 -1.2 -1.2 4.2 9.4 29.4 40.9 55.3 64.3 80.2 93.3 97.8 108.8 129.2 146.3 171.3 201.7 235.9 265.6 273.1 282.8 294 301.1 296.6 305.8 318 330.5 334.7 337 352.7 360.7 364.7 379.1 400.8 421.5 413.7 413.9 421.3 423 415.8 407.6 407.6 411.7 411.4 413.3 425.6 439.8 445 461.3 461.1 454.2 457.5 453.4 455.5 445.2 428.9 409.9 382.9 351.4 322.7 302.7 284.3 267.4 258.6 250.4 236.5 218.2 202.9 196.8 190.9 189.4 190.2 186.1 181.9 186.8 191.2 202.8 218.3 228.9 234.7 244.4 256.9 267.1 282 295.2
-1.2 -1.2 3.1 8.9 23.6 43.5 52.7 60.7 75 88.4 92.5 102.5 125.9 140.9 165.6 197.5 229.1 260.1 276.5 289.4 295.9 301.4 304.6 315.4 335 331.7 340.1 340.8 355.3 365 375.6 384.2 399.5 412.4 413.7 413.8 410.3 411.6 410.5 407.6 409 415.2 414.2 418.6 431 438.3 452.8 463.9 463.1 457.4 451.8 449.4 445.6 441.1 433.9 411.2 382.5 356.9 330.8 315.9 297.5 278 268.1 260.5 246.7 230.2 215.1 206 197.2 189.4 190.4 189.2 187.8 188.2 196.6 207.8 221.1 236.3 236.6 243.8 253.8 266.7 280.7 295 309.7
1.3 5.4 9.5 26.5 45.9 55.5 61.2 70.5 82.2 87.6 96.3 118.1 138.8 163.9 194.4 227.4 253.4 265.7 288 295.4 298.5 305.7 316.4 332.9 345.4 344.8 344.6 354.8 366.7 389.4 398.6 409.5 421.5 420.1 415.7 408.1 408 409.2 409.9 406.9 413.8 413.3 422 429.5 441.3 451 463.8 457.8 455.5 454.2 445.9 440.1 434.9 424.7 407.1 379.9 360.4 338.1 319.5 306.5 288.2 273.6 267.8 260.3 244.2 227.3 213 209.1 195 189.7 190.6 189.1 196.4 189.5 209.4 227.6 235.7 243.8 245.2 252.3 263 277.1 291.6 310.3 328.8
5.3 10.1 31.9 40.7 51.6 62.7 72.4 80.4 85.5 92.7 109.4 137.4 159.8 190.6 219.3 246.8 256.7 279.1 289.9 290.1 296.2 307.2 321.9 334.9 332 342.8 353.5 366.9 385.5 407.6 416.7 426.4 420.9 418.6 413.5 409.4 408 414.7 405.3 409.1 412.3 419.8 425 443 452.5 455.9 454.1 447.8 444.4 442.1 433.4 430.6 422.6 405.9 379.2 361.4 341.1 324.5 314.2 299.8 281.3 274.4 270.3 257.7 238.6 222.2 213.4 206.9 194.6 191 192.5 200.7 198.1 206.1 225.3 235.5 242.5 249 251.7 260.7 274.5 289.7 307.3 324.1 328.3
16.3 29.7 38.4 45.3 57.8 69.6 78.8 85.9 90.9 105.4 136.9 167 203.8 219.7 230.6 241 251.3 260.4 267.5 272.2 291.2 317.2 327.2 327.3 331 344.3 369.5 400 408.9 417 427.6 432.2 430.5 414.5 406.7 407.6 409.8 405.3 405.3 409.6 414.2 423.4 440.8 447.6 448.5 447.5 443 445.2 441.9 431.9 424.1 422.1 407.1 384.5 362.6 345.5 328.3 322.5 309.3 295.3 281.2 274.7 266.6 246.5 230.9 219.8 211.6 202.9 196.3 196 201.2 198.3 209.1 221.6 233.7 243.6 250.4 257.8 259.6 270.5 283.2 302.2 320.4 325.7 320.8
26.6 35.1 44.8 57.1 66.7 80.6 85.1 89.1 101.3 135.9 172.1 206.8 215.6 219.1 224.1 234.5 242.7 244.3 250.3 281.1 303.6 313.3 316.9 326.7 343.5 364.9 388.6 410.1 410.9 420.7 428.9 433.9 424 406 402.1 400.7 402.2 407.8 407.7 410.7 418.6 435.4 443.7 446.2 441.3 439.7 438.3 441.1 433.7 423.3 414.4 409.2 383.2 368.2 343.7 327.2 328.1 319.6 301.8 290.4 280.9 272.7 254.4 240.2 225.6 217.5 210.1 201.1 199.1 203.1 206.9 209.1 223.5 233.3 243.5 253.1 258.2 263.7 267.9 278.7 294.6 311.6 319.4 314.1 310.6
28.6 43.9 57.4 66 77.7 85.3 88.6 99.3 128.1 165.3 192.2 206.6 208.3 217.1 222.1 230.9 237.8 246.7 271.4 290.8 301 313.3 334.1 356.4 367.4 386.3 400.8 403.1 410.4 418.9 426.1 416.3 403.6 392.8 394.7 396.3 403.3 405.4 410.2 418.9 437.3 445.9 445.1 443.8 439.1 438.8 438 435.6 423.1 413.2 402.7 383.8 362.3 345 334 326.1 323.1 309 294.9 287.2 282.4 266.1 250.4 236.6 224.1 211.5 208.4 202 204.7 208.8 208.5 223.7 236.5 245.9 252.9 262.5 269.4 267.8 274.2 286.7 303.9 317.9 312.1 309.6 311.5
39.3 55.7 63.6 72.1 83.3 89.3 97.1 116.9 153.5 179 195.1 195.8 203.8 208.4 225.1 238.4 252.6 270.1 289 295.1 310.4 326.2 348.1 375.4 395.7 396.3 397.9 403.9 407.5 410.5 406.1 397.7 387.9 389.3 391.3 396.2 400.5 407.3 420.8 435.6 444.1 443.9 443.8 444.7 437.9 436.8 435.4 424.3 409.6 398.7 375.8 359.6 345.5 331.6 324.9 323 314.6 297.4 288.6 281.7 275.1 265.2 247.8 235.9 220.8 209.8 210.1 207.9 210 207.2 222.5 236.2 247.5 255.2 266.6 284.2 271.7 268.6 279.8 294.8 312.1 310.1 301.1 300.9 309.5
52.4 62.6 71.2 79.4 87.1 96 111.5 146.8 162 179.6 180.6 186.8 192.7 218.1 235.5 252.2 273.9 285.6 293.1 298.5 316.2 347.2 366.7 391.2 407.4 397.5 400.6 397.5 402.6 400.8 389.4 384.2 385.3 388.7 395.4 399.8 403.5 416.2 438.1 439 439.6 441.5 438.9 439.5 438.2 426.5 413 407.6 394.4 377 356.4 342 331.9 325.3 322.7 315.4 299.2 288.7 281.5 275.2 268.5 260.3 242.9 233.4 219.5 213 212.5 214.4 208.4 220 235.2 247.2 257.6 266.9 282.5 286.5 269.7 274.7 289 298.9 306.8 300.1 298.8 302.5 309.1
58.9 66.6 74.5 81.6 88.6 104.8 138.3 151.6 161.2 167.8 170 180.1 203.3 220.8 251.1 267.1 271.2 286.3 299.6 323.3 344.6 364.7 391 405.9 401.2 394.7 393.5 395.4 384.7 380.2 383.2 386.8 389.2 393.2 402.2 402.7 414.6 442.4 428.3 427.3 428.1 430.5 436.8 434.1 426.7 405.1 392.6 386.1 361.3 353.2 339.7 331 323.7 321.5 315.6 302.7 290.5 283.7 276.3 269.2 261.9 254.1 242.2 232 217 215.2 216.1 214.9 219.9 230.5 243.7 255.3 265.4 278.2 282.4 279.1 277.4 282.9 294.9 300.7 297.7 294.5 296.8 301.3 303.2
61.6 69.4 77.4 87.4 106 132.6 143.5 150.8 158.8 165.1 174.5 189.1 212.2 239.4 251.9 266.6 283.3 303.6 324.1 333.3 349.7 374.2 402.7 397.8 394.8 387.1 387.2 386.6 374.2 379.3 387.4 392.4 390.8 393.6 401.8 400.3 416.6 410.8 412.2 420.7 420.6 417.3 418.1 415.6 401.5 385.8 372.7 359.6 343.7 334.7 327.8 321.5 317.5 316.5 306.7 294.3 290 285.2 273.3 266.5 258.8 250.6 240.7 224.1 219 217.7 216.2 217.2 229.3 239.7 249.2 261.9 272.6 282.7 283.7 280.9 282 288.6 299.2 292.2 290 290.7 295.7 297.3 298
64.5 72.1 86 110.2 130.9 137.8 143 150.3 162.8 172.4 182.6 209.6 241.1 246.5 255.8 277.5 316.6 326.1 340.2 343.9 366.1 390.4 399.7 396.8 391 378.6 377.7 372.3 375.6 384.6 386.8 388.6 392 394.8 392.7 399.3 405.2 402.1 407.8 414.3 409.8 406.8 405.4 392 379.2 371.4 357.9 345.6 326.7 324.2 319.2 312.7 308 307 293.2 291.4 287.6 279 270.2 263.2 252 242.5 229.5 223 221.1 215.7 221.4 232.9 236.9 245.4 256.4 267.7 279.6 284.7 279 282 282.9 290.7 290.1 285.6 289.1 290.4 292.4 292.7 291.1
65.5 79.4 105.3 127.1 129.8 131.7 149 159.4 165.3 182.8 207.4 231.8 239.9 253 274 315.4 330.9 342.8 355.3 374.8 394.4 401.2 404.9 401.1 377.2 376.7 370.3 372 376.7 379.3 387.3 395 394.8 391.5 385.6 391.9 390.9 397.2 404.6 403.9 401.6 396.5 388.9 371.5 367.8 355.8 342 331 321 312.7 309.3 300.3 298.9 295.3 295.4 290.8 279.2 275 269.1 251.7 243.9 232.4 228.6 227.4 217.9 217.8 233.9 238.2 243.5 251.8 262.7 275.7 283.4 277.4 278.8 283.2 288.3 287.7 281.7 281.6 285.4 289.4 288.6 287.1 288.2
74.3 95 120.3 121.6 124.1 134.2 143 149.7 176.3 200.4 215.5 229.3 245.4 267 304.8 318.9 329.7 349.6 375.9 392.1 399.3 405.1 407.2 388.1 367.6 366 369.2 371.5 373.2 388.9 392.5 394.1 399.1 384.9 375.3 377.5 384.3 391.9 394.5 390.2 386.9 378.3 368.9 362.9 353.8 341 331.3 322.2 312.7 313.1 299.5 291.7 294 294.2 288.9 276.6 271.6 268.9 259.7 242.4 235.6 236.8 230.8 220.3 216.4 231 239 242.8 249.9 257.9 267.9 277.6 273.8 277.2 281.4 279.8 286.3 279 278.6 281.7 282.6 285.3 284.8 284.5 283.5
90.7 109.4 114.8 116.3 125.9 131.8 151.4 175 201.2 224.3 230.1 243.3 268 280.3 295.9 318.4 340.4 373.3 392.1 398.5 405.8 400.3 383.4 364.8 366.2 371.8 371.1 373.3 386 389.5 391.8 404.9 401.9 374.3 367.3 371.9 381.2 382.8 374.6 371.5 368.6 368.1 360.2 347.9 336.3 325.1 316 312.1 306.9 297.9 289.5 292 293.6 285.3 276.5 265.9 268.1 260.8 245.5 237.6 237.5 233.6 226.4 220.9 228.8 235.9 239.9 246.1 252.4 261.3 269.8 268 274.4 275.9 277.2 280.5 276.7 275.8 278.1 279.4 280.3 281.1 282.9 279.5 284.4
99.9 111.2 112.4 126.5 138.6 151.9 174.3 193 212.3 227.7 246.3 263 284.7 286.8 305.3 331.9 359.8 383.3 395 405.8 400.4 383 362.5 358.8 368.4 372 376.6 384.2 384.9 392.4 410.6 402.7 379.4 367.3 369.8 368.9 367.3 367.3 372.8 368 364.7 357.9 341.9 328.2 316.9 312.3 300 300.4 293.4 288.9 287.8 289.4 285.5 275.7 263.4 264.9 260.8 249.9 248.4 238.7 233 227.5 229.6 225 230.2 235.5 241.8 248.5 254.7 264.9 264.2 268.3 271.5 273.8 274.5 275.2 273.4 272.9 277.6 277 277.7 278.8 278.2 282 286.7
