UK/data/so/so61_OST50GRID_20230518/SO61.asc
ncols 200
nrows 200
xllcorner 360000
yllcorner 210000
cellsize 50
[rows 0 to 34 of 200, columns 79 to 157 of 200]
176.2 170.2 164.5 158.6 153.8 149.8 142.9 140.5 140.7 137.1 131.3 137.1 143.7 156.3 172.7 190.7 211.1 230 242.8 253 264.6 261.3 261.5 261.8 261.6 261.5 260.5 259.9 261.9 266.2 269.7 266.9 258.8 253.8 247.7 240.8 227.5 208.4 188.7 168.9 157.2 143.4 134.4 131.2 126.9 122.1 131.7 139 145.5 151.2 150.4 148.6 149.4 151.6 155.1 159.1 162.4 166.5 170.8 176.9 185.8 189.7 196.7 197.5 187.9 174.8 158.6 147.2 141.2 137.6 138.4 144.8 149.2 150.7 148.5 145.9 142.1 141.5 147.2
173.9 169.2 165.6 159.9 155.5 151.4 147.1 144.5 144.2 136.8 135.2 139.6 148.6 162 181.8 199.6 220.4 237.7 251.5 260.8 263.3 261.4 260.9 261.2 260.9 260.2 259.1 258.1 260.2 265.5 269.5 270.6 264 257.2 250.4 243.5 232.6 213.6 198.6 178.6 164.8 149.8 138.6 130.9 126.6 122.4 128.1 128.8 143.6 152.3 151.2 149.4 150.5 151 154.5 160.2 164.8 169.1 172.7 177.5 183.5 189.9 195.5 198.3 188.3 175.9 160.7 149.8 143.6 140 140.3 146.3 150 149.2 145.6 141.5 137.4 137 142.4
171.4 168.3 165 161.8 157.5 153.2 148.7 147.9 144.8 138.6 138.1 143.7 152.5 169.3 193.2 210.4 226.6 245.6 256.3 264.1 261.7 258.8 260.2 260.4 259 257.7 256.6 257 259.7 265.1 270 270.8 267.3 258.8 251.5 243.3 232.8 217.4 203.6 184.9 169.6 152.7 137.9 132.8 130.2 125.9 136.5 134.8 144.6 152.7 151.9 151.3 152 152.6 154.5 159.1 164.5 169.2 173 178.6 184.6 190.7 196.5 197.6 189.7 177.8 163.7 153.1 146.3 142.4 142.6 145.9 149 148 143.4 138.6 133.7 132.1 137.4
169.3 169.3 166.9 163.6 160.3 155.4 150.2 150.3 146.7 139.9 142.8 148.1 159.7 178.4 199.7 219.1 236.3 250.3 259.4 262.6 259 255.4 257.5 257.9 256.5 255.4 255.2 257 260 264.5 269.6 271 267 259.9 252.2 242.8 233 215.4 203.2 184.6 170.1 151.2 141.8 136 132.8 129.1 140.1 142.4 145.6 153.5 153.9 152.6 153.6 154.6 155.5 160 164.6 168.6 174.8 179.8 185.8 191.9 197.1 195.9 188 177.5 164.9 154.7 147.4 141.5 140.5 143.8 146.4 145.6 140.9 136.2 128.9 128.1 131.3
169.5 169.8 168.2 164.1 160.1 157.2 153.4 151.9 146.6 143.4 146.9 154 167.6 187.7 206.6 226 241 252.1 258.9 258.8 255.7 255.3 255.5 255.9 254.8 253.7 254.5 258 260.8 263.8 268.1 270.9 268.2 260.9 252.2 243 232 211.6 195.4 178 162.6 150.3 144.6 138.4 133.3 131.4 143.6 149.1 150.8 155 154.3 153.7 155.9 156.8 157.6 161.2 165.2 169.5 173.8 179.7 186.3 191.6 197.2 192.8 184.3 174.4 163.7 154.2 145.9 140.6 136.6 140.3 144.5 144 139.1 132.3 126.5 122.4 124.7
169.4 170.2 167.1 163.6 159.7 157.9 155.6 154.8 145.6 147.2 151.9 159.6 174.3 197.5 214.9 228.4 241.9 250.6 254.5 254.4 254.6 255.2 255.4 255 252.9 252.5 254.6 258.5 262 265.1 267.2 270.7 268.1 261.5 252.4 243.9 233 215.5 202.7 185.9 167.4 152.2 145.4 140 134.2 135.8 147.1 152.8 154.7 156.6 155.9 154.3 157.1 158.4 159.7 161.9 165.7 169.7 173.8 179.6 185.3 192.6 197.7 194.3 181.6 170.9 160.6 151.2 144.6 139.1 134.4 136.3 143.5 140.9 135.9 129 122.7 116.5 116.2
168.7 170.6 166.1 162.5 159.5 158.5 157.4 154.3 149.7 151.5 156.8 167.1 185.3 203.9 219.7 233.1 242.3 248.8 251.3 249.9 252.1 254.1 253.5 252.3 250.8 251.6 254.8 258.7 262.5 265.6 267.9 270.2 268.4 262.8 252.9 244.6 235.3 225 212.8 191.1 170.7 155 147.1 141.5 135.1 138.6 150.5 156.1 156.4 158 156.5 156.4 158 159.6 161.2 163.6 166.7 170.4 174.2 179.7 185.5 192.8 199.6 197.1 187.1 175.3 163.6 152.3 144.2 139 134.1 131.8 140 136.3 131 122.8 117.5 111.9 109.5
169.7 168.7 164.7 161.4 159.2 159.4 159.2 156.1 153.1 156.3 160.9 173.3 192.2 210.6 225.7 238.3 244.6 247.3 248.1 247.9 250.8 252.1 250.9 249.9 249.5 251.5 254.6 258.5 262.2 265.4 267.4 269.6 267.7 263.5 254.2 247.8 241.5 231.6 216.3 196.3 173.6 156.8 147.8 141.5 139.9 141.8 153.8 157.4 157.8 158.7 157.9 157.2 158.2 159.5 160.5 163.7 168.4 171.9 175 180.4 186.9 193.5 198.4 200.6 192.6 180.6 167 153.2 144.5 138.5 132.8 129 132.4 128.3 121.2 115.6 110.4 105.8 104.7
166.7 165.9 163.2 160.5 157.8 158.1 160.3 157.8 156.7 160.3 166 183 200.9 218 232.3 241.3 245.5 246 245.3 248.1 249.2 250.1 250.6 249.6 249.4 251.6 254.8 258.3 262.1 265.6 267.7 268.9 267.5 264.1 259.2 252.8 245.7 234.7 219.9 197.4 175 159.4 150.5 142 142.5 145.5 155 158.9 159.2 159.8 158.5 156.9 157.2 158 159.3 163.8 168.8 172.9 176.2 181.6 188.1 194.6 200.4 201.7 194.1 182.4 169.6 154 145.4 138.7 132.7 126.4 123.7 120.3 118 115.5 116 115.6 114.7
163.1 161.5 161.6 159.5 155.2 157.5 161.2 160.5 160.4 164.3 174.3 192.1 209.9 224.9 236.3 244.2 245.6 245.4 245.1 246.8 247.6 248.6 249.2 249.2 249.1 251.4 254.6 258.4 263.3 266.5 269.5 270.2 271.5 269.4 266.6 257.8 247.9 236.8 223.3 199.5 176.7 160.7 151.4 144.6 145.3 148.4 155.7 159.5 160.4 159.7 158.1 155.7 155.5 156.4 157.3 161 166 170.4 174.2 180.4 187.1 193.4 200.9 204.2 198.5 186.5 173.9 156.6 148.3 140.5 135.4 130.9 135.3 131.8 130.1 126.8 126.2 127.6 123.8
158.4 153.6 153.2 152.2 155.4 159.4 162.6 164.1 164.6 169.6 184.7 201.7 218.9 231.7 239.5 244.5 244.9 244.7 244.6 245.5 246 246.6 247.3 247.5 249.4 251 254.6 258.7 263.7 268.4 270.9 273.1 275.3 274.3 269.1 261.3 251.1 240.5 228.7 203.2 180.9 164.8 153.8 147.7 150 151.1 155.8 160 160.7 159.4 157 154 153.7 155.6 155.1 155.8 159.1 166.3 172.3 178.8 185.9 195 202.8 207.2 203.1 191.2 179.5 163.3 152 143.9 138.9 135.3 140.2 141.2 139.7 137.4 134.7 131.9 127.6
147.9 144.5 146.9 150.2 156.6 160.5 163.9 167.3 169.7 177.5 193.1 212.4 226.4 237.1 242.7 244.3 244.1 243.6 243.6 244.1 244.6 245.1 245.9 248.4 250.3 252.2 254.3 257.6 262.9 268.5 272.6 275.3 276.2 274.5 270.4 264.8 254.1 242.1 231.1 206.2 183.2 168.9 159.7 153.5 153.1 152.4 156.2 159.2 160 157.3 154.2 151.3 151.2 153.2 152.5 153.8 160.9 169.3 174.5 178.7 185 194 202.9 209.2 206.8 197.2 184.6 170.3 158.4 148.4 142.9 138.6 142.3 143.4 142.7 141.6 137.9 135.9 133.2
139.1 149.9 156.8 153.7 153 156.3 161.4 167 173.7 182.2 200.3 219.6 232 239.6 242.2 241.7 241.4 241 241.3 242.7 243.2 244.1 245.6 248.4 250.4 251.1 253.1 256.7 262.4 268.2 272.3 275 275.9 273.1 269.2 264.1 254.3 242.1 230.7 208.9 187.5 171.8 163.6 159.3 155.5 152.5 154 156.9 158.6 155.2 151.9 148.5 148 152.6 149.4 154.3 163.9 172 176.4 181.2 187 193.1 202.2 209.9 209.7 201.5 189.5 177 163.8 154.3 146.7 142.5 141.8 141.6 143.7 143.8 141.4 138.1 138.1
150.6 157.2 159.5 160 159.5 158.3 163.4 167.8 176.3 187 205.8 223.2 236.9 239.7 241.8 239.9 239 239.2 239.3 241.3 242.3 243.9 245.4 247.5 249.6 249.6 252.7 256.8 262 267.9 271.7 274.4 273.9 270.6 266.5 261.4 253.6 241.1 229.5 211.9 192.4 174.9 166.2 161.3 155.8 152 152.3 154.6 156 154.2 150.8 146.8 146.6 149.4 147.7 153.7 164.1 172.5 177.6 181.4 186.7 192.3 201.1 210.1 212.3 204.7 193.2 181.1 168.4 158.4 150 144.1 140.3 139.6 141.2 143.7 143 140.5 139.5
158.2 159.8 160.7 160.7 159 159.4 163.6 168.6 179.5 192.6 209.8 226 238 238.9 239.3 237.3 237 238.3 239.4 241.1 242.1 243.6 245.1 246.6 248.3 249.6 252.9 257.1 262 267.4 272.4 274.9 274.6 271.2 269.1 264.3 252.1 241.4 231.4 218 199.7 179.4 166.2 159.7 154.8 150.3 148.4 151.4 152.9 151.3 149 144 144.7 146.9 138.9 139 161.1 171.4 176.2 179.4 184.5 190.2 200.5 209.4 214.9 208.3 196.4 184.9 170.9 160.7 151 143.5 139.4 137.3 138.8 141.1 142.2 139 136.4
158.5 160.1 159.7 158.6 156.3 159.3 164 172.1 182.1 199.2 215.7 229.4 238.3 237.2 236.5 237 236.6 238.1 240.9 242.1 242.6 243.4 244.9 246.4 248.1 250.1 253 256.6 261.1 266.6 272.2 275.3 273.6 272.1 270.7 265.1 256.4 245 234.7 222.8 202.9 182.6 166.8 159.8 154.4 148.3 145.2 146.2 148.2 147 145.5 141.8 142.5 138.5 138.5 138.7 148.4 166.7 173.5 176.6 181.4 187.8 199 208.7 216.5 210.5 198.5 184.8 172.4 161.2 151.6 143.5 134.8 134.4 136.8 139.7 139.9 137.1 131.5
153.9 155.2 155.7 155.5 153.7 159 165.8 173.3 187.6 207.4 222.3 232.6 238.8 236.2 235.7 237 237.9 240.8 243.1 244.2 244.7 245.1 245.5 246.3 248 250.4 253 255.9 260.3 265.8 271.5 275 271.5 269.9 267.9 262.6 255.4 245.4 236.1 225.8 209.6 186.5 168.3 160.6 154 148.2 144.8 142.9 142.3 142.6 141.7 139.6 138.9 138.3 138.8 138.6 155.1 162.5 170.2 173.6 178.3 186 197 208.3 216.8 212.2 201.2 186.7 173.8 162.1 151.9 140.9 134.5 132.8 134.6 138.2 137.2 134.6 127.9
148.5 148.3 148.8 148.7 154 159.1 165.9 174.9 192.5 215.4 227.8 237.8 237.1 233.9 235.3 237.1 240.1 243.9 245 244.3 244.9 244.4 245.1 245.9 247.5 250.1 252.7 255.4 259.7 264.7 270.7 271.9 270 266.6 262.5 258.5 251.5 243.4 235.8 226.8 214.3 190.3 170.4 161.3 154.2 149.8 146 142.7 140.4 137.6 138.2 136.9 138.7 137.8 138.7 138.5 145.1 159.3 164.6 169.3 174.4 181.7 194 206.7 214.7 214.3 203.3 188 175.5 162 151.6 142.2 134.6 130.1 129.6 135.8 134.3 131.9 126.3
145 142.2 144 148.8 154.9 158.7 166.3 177.9 200.9 219.7 231 236.8 235.2 233.1 235.9 237.6 240.2 244.8 246.5 244.5 243.7 242.9 243.3 244.2 246 248.6 251.6 254.7 259.4 264.3 269 270.6 267.4 264.4 260.8 254.9 247.6 241.2 234.1 226.2 215.9 192.9 171.9 161.1 154.8 149.6 145.7 144 143.9 141.6 138.8 138.2 140.1 138.4 138.1 138.1 138.6 149.6 158.7 162 170.4 179.4 190.9 203.8 212.9 215.2 206.4 191.9 176.8 162.5 151.6 141.9 132.9 126.7 123.9 132.2 130 128.1 123.1
136.5 138.2 141.1 145.5 153.7 160.4 169.2 185.1 207.8 223.4 232.2 235.6 233.4 234.3 236.6 237.7 241.5 246.7 247.2 244.8 243.7 241.7 241.9 242.8 244.8 247.8 250.9 254.3 258.4 262.4 266.5 269.8 266.5 263.4 259.1 252.7 246 238.6 232.4 225.3 214.3 196.8 175.7 160.6 154.8 151.3 147.6 146.3 150.3 149.1 142.9 145 143.2 140.1 137.9 137.8 138.2 138.4 142 155.7 166.2 176.5 187.4 199.5 210 215.2 209 193.8 177.8 163.1 151.5 141.1 131.5 123.9 117.5 125.6 127.1 126 119.8
136.6 140.3 147 151.3 155.3 162.1 173 194.6 215.1 226.4 234 235.1 231.5 233 237.4 238.6 242.9 248.7 247.3 244.3 242.6 240.3 240.6 241.8 244.2 247.1 250.2 253.1 256.3 259.9 264.2 267.2 265.8 262.4 258.2 252.7 245.3 237.5 232.1 225.2 215.6 202.2 181.2 166.9 158.2 156.6 152.1 150.8 151.6 150.1 145.2 145.7 145.6 141.5 138.4 137.6 138.4 138.6 138.8 148.8 161.8 172.3 182.5 193.7 204.9 211.8 209.5 194.4 178.8 164.4 152.1 140.1 130.5 121.8 117.2 121 122.8 119.8 116
136.3 142.8 147.5 153.7 159.4 166.7 179.7 205.3 219.5 230.2 235.2 233 230.9 234 238.3 239.7 244.3 248.6 246.7 243.9 241.4 238.7 239.2 241.1 243.7 246.4 249.5 252.3 255.2 258.4 262.1 265.2 265.4 261.2 255.7 251.1 246.4 236.2 229.8 224.5 216.7 207.2 191 175.2 163.1 158 156 153.8 153.6 148.3 145.2 144.6 143.6 139.8 136.1 135.8 141.8 138.3 137.7 138.7 153.2 166 176.4 186.7 197.7 206.8 208.8 196.9 181.5 165 149.6 139 128.9 120.9 115.8 115.2 114.8 114.5 111.6
135.6 142.3 146.1 153.9 162.5 173.8 193.6 214 225.7 232.7 234.5 229.1 230.5 237 239.8 241.5 245.3 247.6 244.4 242.3 239.1 237.2 237.4 240.1 243.2 245.7 248.7 251.5 254.2 256.8 259.7 263.1 264.9 259.4 253.3 249.1 244.4 233.7 227.8 224.6 218.7 211.2 197.1 182.2 169.6 158.6 156.6 154.2 152.6 150.7 145.3 143.6 140.8 135.5 136 136.4 142.1 138.3 138.4 138.6 148.5 155.3 163.3 175.7 191.4 204.1 207.5 197.4 182 166.1 150.7 138.1 126.2 118.5 111.5 106.9 103 108.9 107.8
140.1 146 151.9 158.1 170.8 186.6 208.3 221.9 229.3 233.8 231.7 228 234.4 240.2 241.6 242.2 246.6 245 241.8 239.7 237.3 235.8 236.4 238.7 241.8 245.2 247.9 250.6 253.2 256.4 258.5 260.7 262.4 256.9 251.6 246.8 240.5 230.7 222.7 221.9 219.3 214.8 199.9 184.4 172.9 161.5 157 152.6 151.1 150.8 145.1 140.6 138.4 137.1 136.6 145.9 148.2 148.2 137.4 132.6 131.2 136.9 153.4 168.8 187.1 201.1 205.1 195.1 177.1 164 149.5 137.2 125 115.5 108.2 104.8 97.8 102.8 104.1
146.5 152.4 158 168 184.5 202.4 219.2 227.5 231 233 225.9 229.1 237.3 240.7 239.9 242.4 243.7 240.2 238.5 237.4 235.6 234.7 235.9 238 241.1 244.1 246.5 249.5 252 255.9 255.7 258.7 259.3 255.6 248.5 242.5 236.4 223.9 216.9 219.2 219.9 214.8 201.5 186.1 174.4 163.6 155.4 151.4 148.2 148.9 146 141 140 139.7 146.1 147.1 148.4 148.2 136.4 127.6 122 130.4 147.7 165.2 183.4 197.4 200 189.1 171.8 159.9 147.9 135.2 122.2 112.9 105.6 102 97.8 95 97.6
151.9 159.5 167.5 183.3 199.4 214.9 225 227.7 234 229.6 225.3 231.2 238.7 239.7 238 241.6 241.7 237.3 235.3 234.1 234.2 234.6 235.8 237.1 240 243 245 246.3 246.4 250.5 255.7 255.7 256.9 256.2 248.4 241.5 234 219.1 211.7 213.3 216.1 212.4 200.6 185.4 172.9 164.6 155.3 151.2 148.3 146.5 143.4 141.6 141.6 146.7 148.1 150.3 149.4 141.4 134.4 133.5 117.3 124.1 143.3 162.6 177.8 192.7 192 181.2 166.3 154 142.2 131.8 119.5 109 102.2 99.1 92.8 87.4 89.3
161.2 171.4 183.6 198.2 210.5 224.6 230.9 233.1 227.1 224.8 224.2 232.4 238.1 236.4 236.3 239.6 238.6 234.3 233.4 233.1 233.5 234.7 236 237.4 238.9 241.7 243.7 245.6 246 246.7 249.4 255.7 254.4 253.9 247.3 241 233.6 216.2 205 208.8 209.4 206.4 196.3 182.5 171.8 162.4 153.9 150.4 147.9 147 144 144.6 148.2 149.5 151.1 150.7 148.7 140 133.6 132.2 118.4 119.2 137.2 155.2 170.2 183.8 182.9 173.2 160.7 150 137.3 126.4 115.3 105.4 98.4 96.6 93.8 85.8 81.7
172.5 187.4 201 212.3 223.4 230.1 233.8 233.2 229.7 222.7 225.6 233.4 235.3 232.8 234.1 236.8 235.3 232.4 231.8 232.4 233.6 235.3 237.4 238.5 239.6 240.7 243.1 245.5 245.3 246.4 247.7 249.8 251.8 251.4 246.1 239.3 231.8 214.7 201.2 198.8 198.6 195.1 186.4 177.5 168.8 160.5 152.8 149.6 148.8 148.1 147.2 151 152 152.1 151.2 149.4 145.4 135.4 132.1 129.1 119.4 113.9 127.1 142.9 148.4 155.5 168.2 163.3 151.8 143 131 120.4 110.8 103.2 95.5 92.2 91.9 84.8 78.7
189.2 202.7 212.9 224.8 233 235.3 234.8 231.5 226.6 222.6 224.9 232 229.6 229.4 232.3 233 231.2 230.3 231.2 232.5 233.7 236.2 239.2 240.3 240.4 240.9 242.8 244.3 245.8 245.3 246.8 246.3 248 250 244.6 234.8 228.5 218.1 198.8 190.9 185.4 181.5 177.7 168.3 161.2 155.7 152.4 150 149.3 150.2 152.8 153.3 152.8 150.7 148.2 146.3 137.8 131.3 138.6 137.6 121.8 112.5 118.5 128.9 133.6 138.7 149.4 151.2 140.2 132.9 123 114.3 106 98.6 91.7 86.7 84 79.2 77.3
204.3 213.7 223 232 235.8 235.5 232.8 228.1 223.5 219.9 221.5 225.1 225.9 225.9 229.8 229.2 228.2 230.3 231.5 232.3 233.9 237.1 240.5 240.7 240.8 241.1 242.2 243.3 243.8 244 246.3 244.9 244 246.1 243.2 234.7 231.1 218.2 197.2 182.5 179.6 169.2 165.3 160.9 158.2 154.5 152.6 151.1 151.3 153.5 154.9 152.7 151.1 148 144.6 135.9 131.5 133.8 143.8 149.2 131.2 116.9 111.8 113.8 117.2 121.4 134.1 133.6 128.2 122.2 114.2 106.2 98 92.4 87.4 81.5 79.8 79.3 78.3
215.6 224.6 231.8 234.5 235.7 234.7 229.9 225.1 220.8 219.2 220.7 221.6 223.4 225.3 225.7 227.2 229.5 231.4 232.1 232.8 234.8 237.2 240.4 240.7 240.8 241.3 241.4 240.9 241.1 240.2 241.2 241.2 239.7 241.7 241.4 233.3 229.1 220.4 197.7 181.1 179.1 177.8 173.9 165.1 160.6 157.6 154.2 152.3 151.8 152.2 153 150.2 147.4 144.5 137.8 133.9 134.5 141.9 149.1 153 144.1 125.5 114.9 112.9 112.3 117.6 126.2 121.3 115.6 109.4 104.2 97.8 90.4 86.2 82.7 82.4 85.2 90.3 91.4
225.4 231.4 234.8 235.4 233.7 230.9 226.5 222.9 217.9 218.8 220.4 223.8 225.4 226.8 230.1 231.1 232.5 231.4 232.5 233.5 235.6 238.2 240.3 240.7 240.9 241.4 240.8 239.1 238.6 237.3 237.5 236.7 235 234 233.4 222.8 218.9 212.6 198.7 186.5 193 192.5 190.4 176.7 168.9 161.1 154.6 149.9 149.5 151.8 149.6 146.2 141.6 137.6 134.4 138 142.6 147.1 151.8 156.4 156.8 140.9 124 109.4 106.2 110.4 113.1 106.9 99.7 96.3 90.1 89.7 87.1 85.9 86.9 86.4 88.6 94.8 101.1
234.2 236.3 235.3 233.3 229.6 226.1 223.2 220.3 216.7 217.7 221.8 226.7 228.7 231.3 235 235.1 234.1 233.3 234.2 234.1 236.2 239.3 240.2 240.6 241 241.4 240.8 239.1 237.8 234 233 231.1 229.4 226.9 221.6 211.8 204.7 201.3 193.7 193.6 214.1 204.6 201.8 185 171.8 161.3 151.3 148 144.8 146.2 145.1 142.5 138.5 136.2 141.1 144.9 147.4 152.2 156.1 160 162.8 156.7 137 122 112.7 103.1 102.7 102.8 102.5 100.5 99 98.5 96.6 95 94.9 94.9 91.8 97.5 105.8
238.4 236.2 233.3 229.3 225.2 221.5 218.6 215.8 215.9 218.1 224 228.3 232.8 234.2 240.5 237.2 235.8 234.9 234.6 234.3 236.6 238 239.4 240.7 241 241.4 240.8 239.3 238.2 234.3 230.2 226.3 222.4 219 214.1 206.2 204 203.6 208.6 200.2 221.5 212.2 208.1 193.4 175.2 161.6 154.1 147.9 144.9 143.4 141.9 138.7 138.2 141.9 146.5 149.5 153.3 156.5 160.3 163.8 166 165.5 153.4 137.2 125.8 117.4 113.3 112.2 112.1 110.8 110.3 107.9 105.9 105.8 105.4 102.3 97.4 99.2 106.3
236.4 233.3 230.2 226.8 224.6 222 218.7 215.5 214.5 219.7 230.5 233.6 238 243.1 240.7 238.1 236.1 234.7 234.8 234.6 235.5 236.3 237.4 238.4 240 241.3 240.8 240.6 238.6 235.2 231 227.5 224 222 220.3 218.5 214.1 222.6 225.8 204.4 215 219.6 213.4 198.9 180.5 162 154.2 148.9 144.7 141.9 141 140.8 142.2 147.1 150.5 153.8 157.3 161.2 163.7 166.3 168 168.9 165.6 154.4 144.5 135.3 128.6 124.8 124.4 122.9 121.1 120.3 118 116.9 115.4 111.2 104.9 103.5 103.2
