WholeMapElevations/data/nx/nx15_OST50GRID_20230518/NX15.asc
ncols 200
nrows 200
xllcorner 210000
yllcorner 550000
cellsize 50
[rows 39 to 77 of 200, columns 0 to 87 of 200]
10.6 11.2 15.4 22.7 22.4 20.3 22.5 23.5 22.8 22.2 21.6 21.5 20.7 20.2 19.7 19.1 19.1 19.5 20 20 19.1 17.3 17.5 19 20.3 21.2 22 21.1 21.1 22 21.9 21.7 21.6 21.5 21.4 21.2 21.1 21 20.6 19.4 18.2 11.8 10.7 10.7 10.2 10.2 18.6 17.7 20.1 19.5 19.4 19.3 18.2 17 17.3 17.4 8 11 15.1 18.4 18.1 18.1 17.8 18.2 18 17.6 18 18.1 18.1 18.2 18.1 17.2 13.3 11.6 7.9 7.9 9.7 13.6 19.3 20.4 18.9 15.8 12.8 10 11.2 11.6 14.5 16.2
11.1 13 16.8 18.5 22.8 22.6 23.1 23.3 22.6 22.1 21.6 21 19.9 20.2 20.1 19.3 18.7 19.4 19.7 17.9 17.1 17.8 18.7 20.1 20.8 21.2 21.4 21.4 22.5 21.8 21.7 21.8 21.5 21.2 20.9 20.7 20.7 20.7 20.7 20.7 20.6 19.5 15.2 12.9 10.3 10.6 11.5 17.3 18.4 19.4 19.3 18.9 18.7 18.4 17.6 16.8 8.2 10 16.1 17.3 17.9 17.6 16.3 17.6 17.5 17.2 17.5 17.9 17.4 17.2 17.4 17.3 16.7 16.6 12.3 7.1 7.4 8.5 15 19.3 19.1 14.7 10.8 11.5 12.6 15.1 15.3 16.5
15.9 17.9 19.3 18.3 23.9 23.7 23.5 23.1 22.5 21.8 21.1 19.4 19.5 19.7 19.7 19.3 18.8 19.2 19.2 18.2 16.4 19.7 20.7 20.9 20.9 21.3 21.3 21.5 21.9 21.9 21.7 21.5 21.1 20.7 20.4 20.3 20.3 20.3 20.2 20.2 20.2 20.6 19.7 19.5 15.6 10.1 10.4 18.6 18.7 18.9 19.1 18.7 18.2 17.9 16.9 14.8 8.9 10.1 15 16.6 17.1 17.1 17 17.2 16.8 16.4 17.4 17.6 16.7 16.3 16.1 15.9 16.2 16.1 16.8 14.2 7.2 7.1 10.1 15.5 17.3 13.9 14.3 15.8 16.1 18.9 18.3 17.3
20.5 21.1 21.7 20.8 21.7 23.5 22.8 22.8 22.6 22.1 21.4 20.3 19.5 19.8 19.5 18.7 18.4 18.5 19.2 18.9 17 20.5 20.9 21 21 21.1 21 21.1 21.2 21.2 21.3 20.9 20.5 20.3 20.1 20 20 19.9 19.8 20.2 20.5 20.6 19.3 17.2 14.6 10 9.6 14.6 18.3 18.4 18.4 18.1 17.7 17 16.1 14.6 8.6 11 14.8 16 15.9 16.5 16.7 16.5 16.2 16.2 16.3 16.7 14.5 15.6 15.5 15.6 15.9 15.7 15.3 14.3 14.9 12 6.6 11.5 14 13.5 16.7 18.1 18.5 19.3 19.8 19.1
18.7 23.3 23.6 22.2 22.2 22.8 22.1 22.5 22.3 21.9 21.7 21.1 20 19.5 19 18.8 18.5 18.5 19.1 20 18.4 16.3 19.8 20.7 20.9 20.9 20.9 20.7 20.9 21 20.6 20.4 20.2 19.9 19.7 19.6 19.6 19.7 20 20.4 20.4 20.4 20 17.9 14.3 10.7 9.1 10.8 17.2 17.5 17.8 17 16.1 13.7 13.8 11.5 8.8 8.4 9 13.6 15.6 16.1 16 15.8 15.7 15.7 15.8 16.6 15.6 15.2 15.1 14.1 15.5 15.6 15.5 16.1 16.4 12.8 10.2 5.3 8.1 14.8 17 18.3 18.6 19.7 19.8 19.5
12.9 18.7 22.3 22.3 22.3 22.4 20.5 22.5 20.9 21.5 21 19.9 20.3 20 19.3 19.1 18.7 18.6 19.5 20.8 21.3 19.3 15.5 19.9 20 20.5 20.3 20.3 20.2 20 20.2 19.6 19.5 19.4 19.4 19.2 19.5 19.8 20.1 20 19.9 20.1 20.2 20.1 19.5 14.9 9.5 9.7 15.4 16.4 17.2 16.5 13.9 11.1 10.7 9.2 8.4 10 14.3 15.5 16 15.9 15.7 15.6 15.5 15.4 15.4 15.3 15.2 14.9 14.8 14.5 14.6 14.8 15.1 15.2 15.8 13 7.6 9.7 12.2 14.4 16.1 17.2 18.4 19.8 19.5 19.3
11.4 13.8 17.2 20.7 21.2 18.6 19.1 22.5 21.1 21 21.5 20.2 20.6 20.7 20.1 19.5 19.4 19.8 20.6 20.7 20.8 20.6 14.8 15 18.3 18.7 16.4 16.9 17.4 19.6 19.9 19.2 18.9 18.8 18.7 17.6 17.8 19.5 19.6 19.5 19.5 19.9 20 19.8 19.4 18.3 12.5 9.5 10.7 16.8 16.8 16.3 15.7 15.5 12.3 9.1 8.2 10.3 14 15.2 15.5 15.4 15.3 15.2 15 14.9 14.7 14 14.6 14.6 14.1 13.6 14 13.9 14.2 14.5 15 10 13.5 7.6 8.5 10.3 10.4 13.7 20.3 19.8 22.2 19.2
11.7 11.9 13.6 16.6 17.5 17.3 17.4 21 22.3 22 21.6 21.3 21.1 21 20.6 20 20.1 20.5 20.7 20.6 20.6 20.4 19.4 16.2 12.7 14.1 16.1 18.8 19.7 20 20.2 20.3 20.1 19.8 19.6 19.1 17.9 15.6 16.1 18.4 18 19.7 19.4 19.1 18.8 18 16.5 10 9.7 16 16.5 16 15.3 14.7 12.7 9.5 7.5 11.1 13.7 14.7 14.8 14.8 14.8 14.7 14.4 14.2 14 12.6 13.5 13.7 13.4 12.6 12.8 12.9 13.3 13.7 13.5 11.3 6.1 6.7 9.1 14.2 15.5 13.5 12.3 14.5 23.2 21.6
11.7 11.9 11.8 11.7 13.7 13.6 12.3 16.2 20.9 21.5 21.4 21 19.4 20.6 20.5 20.9 20.8 20.9 20.5 19.4 19.6 20.1 19.5 17.9 16 11.9 16.6 19.1 19.9 20.1 20.2 20.2 20.2 20.3 20.3 20.4 20.2 19.4 17.7 13.9 15.8 18.9 18.9 18.6 18.2 17.3 16.4 11.1 9.3 10.4 16.2 15.3 13.5 13.4 10.7 8.6 7.8 10.4 13.4 14.2 14.2 14.3 14.3 14.2 13.9 13.7 13.3 12.5 11.7 12.5 12.3 11.7 10.5 11.8 12.5 12.8 11.8 11.3 5.7 6.9 9.1 11.8 14.7 16.2 17.5 16.6 15.9 17.3
11.2 11.4 11.2 11.1 12.9 11.7 11.5 14.8 18.7 20.9 20.7 19.7 17.4 19.9 20 20.3 20 20.7 20.5 19.6 19.9 20.2 20 20 19.4 12.8 16.5 19.2 19.9 20.2 20.2 20.2 20.3 20.4 20.6 20.8 20.6 20 19.3 17.3 12.8 17.9 18.5 18.3 17.6 16.5 14.7 11.5 7.9 9.8 14 14.3 12 12.9 9.3 7.1 7.6 9.9 13.1 13.7 13.7 13.7 13.7 13.1 12.3 10.3 8.4 7.4 7.3 7.5 10.8 11.2 9.7 10.3 10.6 10.7 9.3 6.5 5.3 8.2 10.1 9.9 11.7 13.3 14.1 14.4 15.3 16.7
11.1 10.9 10.7 10.6 13.8 15.1 11.5 13.1 16.7 20.9 19.8 18.2 16.7 19 20.8 20.1 19.6 20.4 20.4 19.9 20.3 20.1 19.9 19.9 19.6 12.5 18.3 19.5 19.8 20.2 20.6 20.5 20.6 20.8 20.9 20.3 19.6 19 18.6 17.7 13.3 13.9 16.4 17.7 16.3 14.7 15.2 14.7 11.5 9 10.2 10.2 13.4 13.1 8.4 7.3 6.8 8.3 12.1 13 12.8 11.5 8.6 7.5 7.2 6.9 6.6 6.2 6.4 6.5 6.7 6.8 6.7 7.2 7.1 7 6.5 6.3 5.6 6.4 8.4 9.4 9.6 12.3 13.1 13.6 14.6 15.6
10.3 10.3 10.4 10.2 14.7 14.6 11.7 12.6 16.5 20.6 17.8 16.4 15.9 17.6 18.4 18.7 18.5 19.9 20 20.2 20.2 20 19.3 19.5 17.3 11.2 15.3 18.4 19.6 20 20.4 20.8 20.7 20.3 20 19.2 18.6 18.2 18.6 18.9 17.3 12.7 12.1 11.8 14.8 15.1 11.7 11.7 11.7 7.8 9.2 9.3 10.3 9.6 6.8 8.3 7.5 7.2 8.8 8.1 8.1 7.3 7.3 6.7 6.5 6.4 7.1 7.2 5 5.8 6.1 6.6 6.3 7 6.8 6.8 6.9 6.7 6.5 6.1 5.9 7.2 8.1 9.9 11.3 12.5 13.5 14.4
9.9 9.8 9.7 11.6 14.3 14.8 13.4 13.1 17.1 19.6 19.9 16.4 15.9 15.6 15.6 15.4 16.6 19.3 20 20.2 20.1 20 18.3 15.8 11.4 13.2 19.2 19.6 20.1 20.4 20.4 20.3 20.1 19.7 18.9 18.1 18.1 18.2 18.4 18.6 18.3 16.5 12 11.5 11.6 10.9 11 10.1 9.1 8.9 8 8 8 7.7 8.2 8.6 7.2 6.7 6.7 6.4 6.7 6.8 7.1 6.9 6.3 6.8 6.5 6.3 6.2 6.8 6.1 6.2 6.6 5.8 7.1 7.1 6.5 6.6 6.4 6.1 6.2 6.3 6.1 5.9 6.9 9.7 11.9 13.4
8.7 8.7 9.5 13 15.1 15.1 15.2 15.4 18.1 19.8 20.2 17.9 18 15.4 14.5 14.6 16.2 18.3 19.5 19.4 19.9 20 19.6 18.4 9.8 18.6 19.5 20 19.9 19.8 19.7 19.6 19.4 18.5 17.8 17.5 17.4 17.9 18.3 18.4 18 17.3 16.4 13.5 11.8 11.1 10.5 9.9 9.4 9.2 7.8 8.1 9.1 9.3 9.6 8.4 7 7.1 7.2 6.8 6.9 6.7 6.8 4.6 6 6.1 6.5 6.3 6.1 6 6.1 6.1 6.2 6.2 6.4 6.2 6.4 6.3 5.7 5 6.5 6.3 6.1 5.7 5.8 6.2 7 11.6
8.9 8.7 9.5 12.7 15.5 15.8 16.7 18.2 17.7 17.8 18.9 20.3 19.2 14.7 13.6 14.3 15.1 16.6 18 17.9 19.2 19.7 19.4 18 9.8 16.5 17.3 18.2 19.1 19.3 19.2 19.2 17.9 17.7 17.5 17 16.7 17.1 17.6 17.4 16.8 16.9 16.3 15.2 13.9 12.5 12.4 12.3 11.5 10.2 8.8 8.4 8.8 9.5 9.2 8.2 7.3 7.3 7.6 6.5 6.2 5.6 6.4 6.3 6 5.9 6.6 6.4 6.3 6.2 6.2 6.2 6.2 6.1 6.2 6 6.8 4.1 7 7 6.6 6.4 6 5.7 5.8 6 6 6.2
9.4 8.7 9.4 12 15.8 16.7 18.6 20.6 18.2 17.4 18 20.2 18.2 13.9 13.6 14.3 15.7 16.6 16.9 18.3 19.2 19.3 19.1 18.2 10.7 11.7 14.2 16.8 19 19.7 19.1 18.2 17.6 17.4 17.1 16.4 15.9 16 15.6 16 16.1 16.2 15.9 15.3 14.8 14.2 13.5 12.6 12.3 11.5 8.4 7.3 6.6 6.7 8 7.3 6 6.1 6.7 6.8 6.8 6.6 6.5 6.4 6.1 5.7 6.6 6.6 6.5 6.4 6.4 6.3 6.2 5.9 6.2 6.1 6 5.9 5.7 5.9 6.6 6 5.7 5.8 5.9 5.6 5.7 5.9
11.7 9 9.3 13.7 16.3 17.7 20.1 20.2 18.4 18.3 19.1 19 16.1 13.5 15.4 15.9 17.7 18.6 17.6 17.9 18.3 18 17.7 16.6 10.6 10.4 15.2 17.3 18.5 18.6 18.2 17.3 17.4 17.2 17 16.8 15.8 14.1 13.8 15.8 15.7 15.7 15.3 14.6 14.6 13.5 12.8 12.5 11.1 9.9 8.5 7.4 6.7 6.4 6.4 7.2 7.8 6.3 6.4 6.2 6.2 6.2 6.1 6.1 6.1 5.9 6.7 6.8 6.7 6.6 6.6 6.5 6.5 6.7 6.2 6.2 6.1 6.2 5.7 5.5 6.2 6.7 5.2 6.4 5.7 5.5 5.6 5.9
14.8 11.3 8.7 14.6 16.5 19.2 20.6 20.5 19.5 18.6 16.4 17.3 14.8 13.5 15.4 16.5 17.5 18 18 16.9 16.2 15.8 16 15.5 9.8 12.3 15.6 16.9 17.6 17.9 17.2 16.9 17 17 16.8 16.8 16.1 15.4 13 14.9 15.1 15.4 14.6 13.8 13 12.1 11.3 10.7 10.2 10.2 8.1 6.8 6.9 6.9 7.1 7.2 6.5 6.9 6.3 6.2 6.3 6.3 6.4 6.3 6.3 6.6 6.8 6.9 6.9 6.8 6.7 6.6 6.8 6.4 6.5 6.4 6.3 6.5 6.3 5.9 6.8 5.4 6.2 6.7 4.9 6.7 5.9 5.7
16.9 15.6 10.9 10.9 11.4 19.5 20 20.1 20 18.9 16.6 17.2 15.8 14.4 13.7 15.3 17.3 17.3 17.4 17.1 15.8 15.1 16.1 15.3 9 13.4 15.6 16.6 17.1 17.3 16.6 16.4 16.5 16.7 16.4 16.1 15.4 14.7 12.3 13.2 14.9 15.2 15.4 15 14.2 13.6 12.9 12.9 10.7 8.1 7.2 6.9 6.6 5 6.9 6.8 6.8 6.5 6.2 6.7 6.8 6.8 6.8 6.8 6.8 6.8 6.2 6.4 6.8 6.8 6.8 6.8 7.1 6.5 6.8 6.7 6.6 6.7 6.9 6.8 8.5 9.1 8.3 8.1 7.4 7.2 6.3 5.7
18.6 17.8 19.1 13.2 8.4 11.4 13.6 18.2 19 18.9 17.7 17.7 17.2 16.3 16.3 13.4 11.8 13.1 12.1 12.7 13.1 11.9 14.2 12.3 9.6 12.4 14.4 15.5 15.8 16 15.4 15.2 14.9 15.1 15 14.9 14.7 13.9 11 13.2 14.8 15 15.2 15.2 15 14.3 13.1 9.9 7.5 7.3 6.8 5.8 7.8 6.7 6.7 6.8 6.8 6.7 6.3 6.4 7 7.2 7.2 7.2 7 6.6 6.3 6.7 6.6 6.7 6.7 6.8 5.8 6.9 7.1 7 6.8 6.9 7.4 8.6 10.7 10.8 10.8 10.2 9.3 7.9 3.6 6.1
19.7 20.7 21.2 20.9 11.5 8.4 8.2 14.5 17.4 18.4 18.3 17.7 17.3 17.5 17.2 16.8 16 15.4 15 14.3 15.1 13.3 12.1 10.2 8.7 11.1 12.4 13.3 13 13.1 13.1 13 13 13 13.1 13.4 12.7 11.5 10.7 14.1 14.7 15 15.2 14.9 14.7 12.4 8.7 7.6 7.5 7.7 5.9 6.6 6.6 6.6 6.7 6.8 6.8 6.8 6.4 6.5 6.9 7.5 7.5 7.2 7 6.9 6.2 6.8 7.3 5 7.2 6.7 7 7.2 7.4 7.3 7.1 7 7.7 10.4 12.4 12.2 11.7 10.8 9.8 8 7.5 3.9
20.3 21.5 21.3 21.1 18.6 10.7 8.6 7.9 10.6 16.5 17.7 17 12.7 16.8 16.6 16.6 17 16.9 16.9 18.2 18 17 14.1 10.8 8.1 9.3 11.1 12.6 12.5 12.5 11.8 11.7 11.3 12.3 11.8 11.6 11.1 9.6 11.3 13.7 14.3 14.6 13.8 11.3 9.3 8.2 7.6 7.1 8 9.2 7 6.7 6.6 6.6 6.6 6.7 6.8 6.8 6.5 6.7 7.2 7.5 7.6 7 6.5 5.8 6.5 6.5 6.4 6.9 6.6 6.6 7 7.3 7.3 7.5 7.2 7.5 8.7 11.2 12.7 12.9 11.9 10.9 9.7 9.4 7.6 8
20.4 21.3 21.2 21 20.5 17.4 12.8 8.4 8.3 9.7 11.4 9.5 8.9 10.7 13.3 13.5 13.1 11.6 12 14 15.2 15.6 13.5 11.8 8.2 8.8 10.6 11.9 12.1 11.9 11.4 11.5 11 10.8 11.1 10.5 9.1 9.7 11.5 12.3 12.6 11.1 9.2 8 7.5 7.2 7.5 6.3 7.3 7 7 6.8 6.7 6.5 6.6 6.8 6.8 6.7 6.6 7 7.4 7.7 7.3 7.5 7.2 6.6 6.7 6.7 6.6 6.5 6.4 6.5 6.8 7 7.1 7.6 7.2 8.3 10 11.8 12.5 12.3 11.7 10.4 9.6 9.4 8 7.8
20.1 20.9 21 20.9 20.1 18.9 17.6 13.6 9.1 8.6 9 8.5 8.6 8 8.4 8.6 8.5 8.5 8.5 8.9 10.2 11.5 11.8 10.6 9.1 8.6 10.2 11.3 11.3 11.6 11.7 11.7 11.5 10.8 10.1 9 8.7 10.2 11.2 11.6 9.9 7.8 7.6 7.3 6.9 7.1 9.6 7.1 6.8 7.2 7 7.2 6.7 6.5 6.7 6.7 6.8 6.9 7 7.2 7.4 7.2 7.2 7.4 6.9 6.5 6.7 6.6 6.8 6.4 6.3 6.7 6.6 6.8 7 7 8.2 9.4 10.7 11.4 12.4 10.8 11.6 10.9 10.3 9.4 7.6 6.5
20.2 19.9 20.2 20.1 19.7 19.3 19 17.2 11.8 10.2 13.9 14.3 13 11.1 9.7 8.9 8.2 7.4 7.9 8.5 8.7 9.7 9.7 9.2 8.3 8.7 9.6 10.1 10.3 11.3 11.6 11.6 11.3 11.1 10.9 9.9 8.2 8.6 10.5 9.5 7.7 7.4 6.8 6.9 5.2 6.9 7.4 6.1 7.3 7.2 7.1 7.1 7 6.9 6.9 7 7.1 7.2 7.3 7.3 7.5 7.4 7.6 7.6 7.6 6.1 6.9 6.5 6.9 7.3 7.3 7.9 8.1 8.1 7.5 7.4 8.8 8.6 11.1 11.3 11.9 10.9 11.3 11.3 10.5 9.7 7.4 6.9
20.3 20.1 19.6 19.6 19.5 19.4 18.4 18 17.7 17.6 17.2 15.2 12.7 13.4 16.5 14.9 16.1 15.8 10 7.8 7.8 8.8 8.9 8.9 8.5 8.4 8.4 9 8.9 9.8 10.7 10.7 10.9 10.8 9.2 8.6 7.4 7.9 8.3 7.4 7.6 7.8 6.3 7.6 7.5 7.1 6.9 7 7.2 7.1 7.2 7.2 7.2 7.1 7.1 7.2 7.3 7.4 7.5 7.3 7.5 7.6 7.6 7.7 7.7 6.8 6.8 6.8 7.2 7.8 8 8.3 8.3 8.2 8 8.4 9.9 9.4 12.2 11.6 11.2 10.9 11.2 11.2 10.8 9.6 7.8 7.6
19.8 20.3 20 19.7 19.7 19.6 19.2 18.6 18.6 18.4 17.9 15.3 13.2 13.3 14.7 16.7 17.2 17 15.3 8.8 7.9 7.6 8.5 7 8.3 8.3 8.3 8.2 8.2 8.1 8.7 8.7 8.1 7.7 7.9 7.8 7.2 7.4 7.4 8.2 7.8 7.3 7.1 7.5 7.3 7.2 7.1 7 7.1 7.1 7.2 7.3 7.4 7.3 7.3 7.3 7.4 7.5 7.4 7.3 7.5 7.6 7.8 7.4 7.3 7.4 7.5 7.5 7.6 7.8 7.8 7.9 7.9 7.8 7.7 7.8 8.6 11.9 13 14.3 10.9 10.8 11 10.4 10.2 9.3 7.9 8.8
19.8 20.2 20.2 19.9 19.8 19.7 19.5 19.1 19.2 18.6 17.1 14.3 14.5 13.7 13.2 16.6 17.4 17.1 12 8.6 8.3 7.9 8 8.9 8.6 8.2 8.3 8.3 8.3 8.1 7.7 7.6 7.3 7 7.2 7.3 7.3 6 7.5 7.1 7.3 7.5 7.3 7.5 7.4 7.3 7.2 7.1 7.1 7.2 7.3 7.4 7.5 7.5 7.6 7.6 7.6 7.6 7.2 7.3 7.5 7.6 7.8 7.2 7.4 7.6 7.7 7.9 8.3 7.9 7.3 7.2 7.5 7.4 7.5 8.3 8.5 10.8 11.4 11.3 11.8 11.3 11.6 10.6 7.5 7.5 6.4 5.6
19.4 20.1 20.1 20.1 20 19.6 18.8 18.5 18 17.5 15.8 14.9 13.8 13.5 12.8 14.3 14.3 13.3 8 8.3 8.3 7.9 8.2 8.4 7.9 8.4 8.3 8.4 8.3 8.2 7.9 7.4 7.6 7.3 7.9 7.1 7.8 7.2 7.4 7.2 7.2 7.3 7.5 7.7 7.5 7.4 7.3 7.2 7.1 7.2 7.3 7.4 7.4 7.4 7.3 7.2 7.4 7.5 7.2 7.3 7.5 7.6 7.5 7.3 7.4 8 8.4 8.8 9.2 8.7 7.9 7.9 7.9 7.8 7.4 8.3 8.8 9.4 10 10.8 11.2 11.1 10.5 8 7.4 5.5 5.4 5
17.3 18.8 19.4 19.5 18.5 18.2 17.1 16.1 15.9 15.9 15.3 14.5 13.8 13.6 12.8 11.1 11.1 9.9 8.1 8.1 8.3 8.1 8.3 8.4 8.5 8.6 7.3 8.5 8.5 8 7.7 7.6 7.1 8.2 7.7 7.4 7.5 7.3 6.8 7.3 7.5 7.7 8.2 7.4 7.7 7.5 7.4 7.3 7.2 7.2 7.3 7.4 7.4 7.3 7.2 7.2 7.3 7.4 7.2 7.3 7.5 7.3 7.1 6.9 6.8 7.1 8.1 9.1 10 8.2 8 8.5 8.9 9.1 8.4 8.6 9.2 10.6 10.3 11.7 11.6 10.7 10.1 9.6 8.8 6.1 5.8 5.6
15 16.2 15.8 15.7 15.1 11.9 9.7 10.2 12.1 13.3 15 15.7 14.1 13.8 13 10.7 8.1 8 8.3 8.1 8.2 7.7 8.5 8.2 8.4 8.5 7.9 7.2 8.2 7.6 5.9 7.7 7.2 7.2 7.7 7.5 7.2 7.1 6.8 7.4 7.6 7.6 7.9 7.4 7.5 7.6 7.5 7.4 7.3 7.3 7.3 7.3 7.3 7.3 7.3 7.3 7.6 7.7 7.6 7.3 7.2 7.1 7.1 7.1 7 6.4 7 7.8 8.5 8.5 9.2 7.9 9.8 10.3 9.8 11.6 12 12.2 10.3 12 12.6 11.4 10.4 9.3 8.9 3.5 5.2 5
13 12.7 11.1 9.7 8.8 9.5 9.4 9.2 8.8 9.4 13.7 16.1 15.4 13.7 12.7 11.2 9.1 8.2 8.1 8.2 8.2 7.4 8.7 8.2 8.3 8.4 9 7.3 8 7.8 7.5 7.4 7.1 7.1 7.5 7.5 7.1 7 7.1 7.6 7.5 7.5 7.1 7.1 7.3 7.4 7.6 7.5 7.4 7.4 7.4 7.6 7.9 7.8 7.3 7.5 7.6 7.9 8 7.3 7.3 7.2 7.2 7.2 7.1 6.9 7.4 8.5 8.7 8.8 9.3 7.1 9.3 10.7 12.3 12.7 12.5 12.7 11.2 11.7 13.4 11.1 10.3 5.4 4.7 5.2 5.6 5
10.5 9.9 9.9 10.1 9.3 10.9 11.6 9.7 8.7 9 9.9 14.1 15.7 15.2 11.7 10.5 8.5 8.3 8.3 8.5 8.6 8.1 8.6 7 8.6 8.5 7.9 7.6 7.5 7.4 7.4 7.4 7.1 6.9 7.5 7.5 7.1 7.1 7.3 7.6 7.6 7.6 6.7 7.2 7.3 7.4 7.5 7.6 7.9 8.1 8 7.6 7.9 7.7 7.7 7.4 7.5 7.6 8.5 7.4 7.4 7.3 7.3 7.3 7.3 7.8 9.3 9.4 8.8 9.1 9.7 7.2 9.3 10.9 12.3 12.7 12.2 12.7 11.9 12.5 12.1 10.2 10.4 7.6 6.5 5.1 5.8 5.3
10.6 10.8 13.4 14.5 14.9 15.5 14.7 9.6 8.7 9.5 8.8 9.4 11.2 11.9 10.9 8.6 8.4 9.2 9.3 7.5 8.9 10.2 8.6 8 7.9 7.6 7.4 7.7 7.5 7.4 7.4 7.4 7.1 7 7.6 7.6 7.1 7.1 7.2 7.4 7.5 7.6 7.9 8.7 8.6 7.8 7.9 8.1 8.5 8.4 8.3 7.6 7.8 8 8.2 7.9 7.7 7.9 8.6 7.9 7.4 7.4 7.4 7.3 7.4 8.9 9.5 9.1 8.9 9.3 7.1 9.7 10.6 10.5 11.6 12.2 12.2 12.8 12.2 12.5 10.7 12.6 12.9 12.1 9.2 7.7 6.6 6
12 15 17.1 17.3 17 16.4 15.7 14.5 9.9 8.6 8.7 9 8.8 7.6 9.9 9.7 8.7 9.1 8.8 8.6 8.9 11.8 11.9 7.7 7.5 7.6 7.5 7.8 7.8 7.5 7.4 7.4 7 7.2 7.7 7.7 7.1 7 7.1 7.5 7.3 7.8 8.4 8.3 8.3 8.2 8.3 8.3 8.3 8.2 8.3 7.9 7.7 7.8 8.2 8.2 8 8.3 8.3 7.9 7.5 7.4 7.3 7.3 8.1 8.5 9.2 9.4 9 9.5 7.1 8.7 10.9 11 11.4 12.5 12.3 11.8 11.9 11.2 10.4 14.5 15.4 11.5 9.4 9 9 7.4
14.5 15.2 14.8 15.2 15.8 16.5 15.6 13.8 9.2 8.8 8.9 8.8 8.6 8.7 8.5 8.2 8.3 8.1 8.9 8.6 9.5 10.1 14.7 10.6 7.7 7.5 7.6 7.6 7.6 7.5 7.4 7.2 6.9 7.3 7.9 8 7.3 7.4 7 6.6 7.8 8 8.4 8.3 8.2 8.3 8.3 8.2 8.2 8.3 8.3 8.2 8.1 8 8.2 8.3 8.7 9 8.2 8.1 7.8 7.5 7.3 7.6 7.4 8.1 8.8 9.2 8.8 7.7 7.2 10 11.9 10.9 11.4 12.7 11.8 11.4 13 14.7 15.5 16.8 16.2 9.2 7.4 7.2 10 10.2
15.6 15.2 14.1 12.8 12 13.6 13.4 11.7 8.9 9.1 8.6 8.6 8.8 8.8 8.5 8.3 8.1 8 8.3 8.4 8.5 8.8 13.2 15.4 9 7.8 7.4 7.4 7.4 7.3 7.3 7.1 7.2 7.5 7.9 8.2 7.6 7.1 7.3 7.7 7.8 7.7 7.9 8.1 8 8.2 8.2 8.1 8 8.1 8.2 8.6 8.4 8.4 8.9 9.2 8.4 8.1 8 8.1 8.1 7.8 7.5 8 8.3 8.7 8.8 8.8 9.2 7.6 7.8 10.2 11.8 10.9 11.5 11.4 10.9 12.6 13.9 14.8 15.2 15.7 15.7 13.2 8.6 9.6 8.9 9.3
15.5 15.1 13.8 12.7 11.6 12 12.1 11 9.5 8.9 8.6 8.7 8.8 8.6 9.1 8.4 8.9 10.3 8.7 8 8.5 9.8 13.4 17.2 15.5 8.7 8.1 8.2 7.8 7.6 7.4 7.4 7.6 7.8 8 8.3 8.1 7.7 7.5 7.5 7.3 7.5 7.6 8.2 7.6 8.1 8.1 8 7.9 7.8 8.1 8.5 9.8 9.1 8.5 8.1 8 8 7.9 8 8.3 8.2 7.9 8.1 8.1 8.3 8.6 8.6 8.3 7.1 8.6 11 11.6 11 11.4 11.9 10.6 13.3 14.3 14.4 15 18.2 13.5 9.3 8.2 7.9 9 10.6
14.9 14.6 14.2 13.8 12.1 12.5 13.1 11.5 10.3 10 8.9 8.8 9.6 8.8 9.4 11.8 14.6 14 10.4 8.6 8.6 9 12.7 16.7 16.9 13.1 8.5 8 8.2 8.2 8.1 8.1 8 8.2 8 8.3 8.2 8.1 8.1 7.6 7.7 7.7 7.7 7.6 8.2 8 8 8.2 8.1 8 8.1 8.5 8.5 8.1 8 8 7.9 8 8.1 7.7 8.1 8.3 8 7.9 7.9 8.6 9 8.5 8 7.1 10 11.6 11.6 11.4 10.7 9.8 11 12.9 12.9 14.1 15.3 15.5 14.9 9.4 9.7 9.5 10.6 12.6
