UK/data/sv/sv91_OST50GRID_20230518/SV91.asc
ncols 200
nrows 200
xllcorner 90000
yllcorner 10000
cellsize 50
[rows 148 to 184 of 200, columns 0 to 84 of 200]
-1.5 -1.5 -1.5 -1.5 -1.5 -1.5 -1.5 -1.5 -1.5 -1.5 -1.5 -1.5 -1.5 -1.5 -1.5 -1.5 -1.5 -1.5 9 12.8 16.4 20.2 24.7 24.5 27.4 30.4 31.8 33.6 34 32.1 30.1 28.9 31.2 34.1 37.3 39.9 40.1 38.2 36 32.8 30.5 28 24.6 21.1 15.6 7.7 -1.5 -1.5 -1.5 -1.5 -1.5 -1.5 -1.5 -1.5 -1.5 -1.5 -1.5 -1.5 -1.5 -1.5 -1.5 -1.5 -1.5 -1.5 -1.5 -1.5 -1.5 -1.5 -1.5 -1.5 -1.5 -1.5 -1.5 -1.5 -1.5 -1.5 -1.5 -1.5 -1.5 -1.5 -1.5 -1.5 -1.5 -1.5 -1.5
-1.5 -1.5 -1.5 -1.5 -1.5 -1.5 -1.5 -1.5 -1.5 -1.5 -1.5 -1.5 -1.5 -1.5 -1.5 -1.5 -1.5 0.6 8.1 10.7 16.4 24.8 29.8 33.4 35.1 36 36.2 37 37.2 36.4 34.4 31.4 30.4 33.2 35.8 38.4 39.2 37.4 35.3 33.2 31.4 29.9 28.5 26.6 22 15.7 4.6 -1.5 -1.5 -1.5 -1.5 -1.5 -1.5 -1.5 -1.5 -1.5 -1.5 -1.5 -1.5 -1.5 -1.5 -1.5 -1.5 -1.5 -1.5 -1.5 -1.5 -1.5 -1.5 -1.5 -1.5 -1.5 -1.5 -1.5 -1.5 -1.5 -1.5 -1.5 -1.5 -1.5 -1.5 -1.5 -1.5 -1.5 -1.5
-1.5 -1.5 -1.5 -1.5 -1.5 -1.5 -1.5 -1.5 -1.5 -1.5 -1.5 -1.5 -1.5 -1.5 -1.5 -1.5 -1.5 0.9 6.1 11.3 21 29.3 33.7 37.2 38.2 38.2 38.7 39.7 40.1 39.2 37.4 34.3 31.4 32.1 34.9 37.6 38.4 37.6 35.6 33.4 31.3 30.2 29.1 27.8 25.8 21.9 15.1 9.1 1.5 -1.5 -1.5 -1.5 -1.5 -1.5 -1.5 -1.5 -1.5 -1.5 -1.5 -1.5 -1.5 -1.5 -1.5 -1.5 -1.5 -1.5 -1.5 -1.5 -1.5 -1.5 -1.5 -1.5 -1.5 -1.5 -1.5 -1.5 -1.5 -1.5 -1.5 -1.5 -1.5 -1.5 -1.5 -1.5 -1.5
-1.5 -1.5 -1.5 -1.5 -1.5 -1.5 -1.5 -1.5 -1.5 -1.5 -1.5 -1.5 -1.5 -1.5 -1.5 -1.5 -0.2 1.5 6.6 15 25.9 33.4 37.2 39.4 39.8 40.2 41.1 42.2 42.1 41.4 39.9 36.8 33.8 32.4 34.1 36.9 37.6 37.4 35.8 33.8 31.6 30.7 29.4 28.3 28 25.4 24.6 16.8 1.1 -1.5 -1.5 -1.5 -1.5 -1.5 -1.5 -1.5 -1.5 -1.5 -1.5 -1.5 -1.5 -1.5 -1.5 -1.5 -1.5 -1.5 -1.5 -1.5 -1.5 -1.5 -1.5 -1.5 -1.5 -1.5 -1.5 -1.5 -1.5 -1.5 -1.5 -1.5 -1.5 -1.5 -1.5 -1.5 -1.5
-1.5 -1.5 -1.5 -1.5 -1.5 -1.5 -1.5 -1.5 -1.5 -1.5 -1.5 -1.5 -1.5 -1.5 -1.5 -1.5 0.7 5.3 11.5 20.2 29.6 36.7 40.4 40.8 41.2 41.6 43.2 44.2 44.3 43.9 42 39.1 36.1 33.7 33.6 36.4 37 37.4 35.9 34.5 33.9 33.3 32.1 31.3 30.1 30.3 28.2 15.1 0.6 -1.5 -1.5 -1.5 -1.5 -1.5 -1.5 -1.5 -1.5 -1.5 -1.5 -1.5 -1.5 -1.5 -1.5 -1.5 -1.5 -1.5 -1.5 -1.5 -1.5 -1.5 -1.5 -1.5 -1.5 -1.5 -1.5 -1.5 -1.5 -1.5 -1.5 -1.5 -1.5 -1.5 -1.5 -1.5 -1.5
-1.5 -1.5 -1.5 -1.5 -1.5 -1.5 -1.5 -1.5 -1.5 -1.5 -1.5 -1.5 -1.5 -1.5 -1.5 -1.5 0.3 6.7 13.9 27 34 39.6 41.1 41.8 42.5 43.2 44.7 45.7 46.5 45.6 43.8 41.2 37.9 35.3 34.3 36 36.8 37.3 36.6 36.3 35.9 35.6 34.3 33.3 32.4 30.1 26 11.3 -1.5 -1.5 -1.5 -1.5 -1.5 -1.5 -1.5 -1.5 -1.5 -1.5 -1.5 -1.5 -1.5 -1.5 -1.5 -1.5 -1.5 -1.5 -1.5 -1.5 -1.5 -1.5 -1.5 -1.5 -1.5 -1.5 -1.5 -1.5 -1.5 -1.5 -1.5 -1.5 -1.5 -1.5 -1.5 -1.5 -1.5
-1.5 -1.5 -1.5 -1.5 -1.5 -1.5 -1.5 -1.5 -1.5 -1.5 -1.5 -1.5 -1.5 -1.5 -1.5 -1.5 0.1 6.5 17.1 29.8 36 39.3 41.4 42.7 44 45 46 47 47.1 46.4 44.8 42.8 39.8 36.2 34.6 34.6 35.6 36.7 36.6 36.5 36.4 35.7 34.5 32.4 31.9 29.8 24.4 2.2 -1.5 -1.5 -1.5 -1.5 -1.5 -1.5 -1.5 -1.5 -1.5 -1.5 -1.5 -1.5 -1.5 -1.5 -1.5 -1.5 -1.5 -1.5 -1.5 -1.5 -1.5 -1.5 -1.5 -1.5 -1.5 -1.5 -1.5 -1.5 -1.5 -1.5 -1.5 -1.5 -1.5 -1.5 -1.5 -1.5 -1.5
-1.5 -1.5 -1.5 -1.5 -1.5 -1.5 -1.5 -1.5 -1.5 -1.5 -1.5 -1.5 -1.5 -1.5 -1.5 -1.5 1.9 11.7 21.9 32.8 38.5 41.7 43.6 45 46.2 47 47.3 47.2 47.2 46.6 45.4 42.9 39.7 36.6 33.6 33.9 34.6 35.7 36.1 35.1 35 34.8 33.5 30.3 27.9 25.5 12.3 2.6 3.5 2 0.4 -1.5 -1.5 -1.5 -1.5 -1.5 -1.5 -1.5 -1.5 -1.5 -1.5 -1.5 -1.5 -1.5 -1.5 -1.5 -1.5 -1.5 -1.5 -1.5 -1.5 -1.5 -1.5 -1.5 -1.5 -1.5 -1.5 -1.5 -1.5 -1.5 -1.5 -1.5 -1.5 -1.5 -1.5
-1.5 -1.5 -1.5 -1.5 -1.5 -1.5 -1.5 -1.5 -1.5 -1.5 -1.5 -1.5 -1.5 -1.5 -1.5 7.1 12.7 20.4 29.8 38 41.3 45 46.4 47.4 48.6 48.4 48.2 47.4 46.9 46 44.3 42.2 38.9 35.6 33.3 33.1 33.5 34.3 34.2 33.4 31.6 28.9 27.7 24.3 20.8 16.4 17 20.8 20.2 12.6 2.8 1.1 1.2 2.4 6.4 8.9 6 -1.5 -1.5 -1.5 -1.5 -1.5 -1.5 -1.5 -1.5 -1.5 -1.5 -1.5 -1.5 -1.5 -1.5 -1.5 -1.5 -1.5 -1.5 -1.5 -1.5 -1.5 -1.5 -1.5 -1.5 -1.5 -1.5 -1.5 -1.5
-1.5 -1.5 -1.5 -1.5 -1.5 -1.5 -1.5 -1.5 -1.5 -1.5 -1.5 -1.5 -1.5 -1.5 11.5 21.2 26.2 32.2 37.3 40.8 43.1 45.6 47.5 48.8 49.6 49.4 48.9 47.8 46.4 45.5 44.1 41.9 39 35.2 33 31.6 31.8 31.8 31.4 30.6 28.9 26.7 25 25.2 25.2 25.5 29.5 29.8 27.6 22.1 14.7 7.7 12.8 19.2 21.1 22 6.9 -1.5 -1.5 -1.5 -1.5 -1.5 -1.5 -1.5 -1.5 -1.5 -1.5 -1.5 -1.5 -1.5 -1.5 -1.5 -1.5 -1.5 -1.5 -1.5 -1.5 -1.5 -1.5 -1.5 -1.5 -1.5 -1.5 -1.5 -1.5
-1.5 -1.5 -1.5 -1.5 -1.5 -1.5 -1.5 -1.5 -1.5 -1.5 -1.5 -1.5 -1.5 13 26.7 36 39.3 39.9 41 42.7 44.9 47 48.3 49.5 50.1 49.9 49.3 48.2 47 45.3 43.9 41.5 38.7 34.9 33.5 32.4 32.7 32.9 32.8 33.4 32.8 31.8 31.3 31.6 32.2 33.3 34.1 34 31.5 28.4 24.4 20.2 24.5 25.1 18.4 12 1.9 -1.5 -1.5 -1.5 -1.5 -1.5 -1.5 -1.5 -1.5 -1.5 -1.5 -1.5 -1.5 -1.5 -1.5 -1.5 -1.5 -1.5 -1.5 -1.5 -1.5 -1.5 -1.5 -1.5 -1.5 -1.5 -1.5 -1.5 -1.5
-1.5 -1.5 -1.5 -1.5 -1.5 -1.5 -1.5 -1.5 -1.5 -1.5 -1.5 -1.5 11 24.9 38.7 42.9 44.2 44.2 44.3 45.2 46 47.6 48.8 49.8 49.8 50.1 49.6 48.5 46.9 45.2 43.7 41.4 39.3 37.9 36.2 34.4 34 34.7 35.3 36 36 35.6 34.8 34.8 35.2 35.2 34.8 33.3 31.2 28.6 25.4 28.2 30.9 23 13.5 4.9 -1.5 -1.5 -1.5 -1.5 2.6 6.8 -1.5 -1.5 -1.5 -1.5 -1.5 -1.5 -1.5 -1.5 -1.5 -1.5 -1.5 -1.5 -1.5 -1.5 -1.5 -1.5 -1.5 -1.5 -1.5 -1.5 -1.5 -1.5 -1.5
-1.5 -1.5 -1.5 -1.5 -1.5 -1.5 -1.5 -1.5 -1.5 -1.5 -1.5 13.7 21.5 32.9 40.8 43.8 45 46.1 46.5 46.5 47.1 47.9 48.5 48.8 48.5 48.8 48.3 47.4 46.1 44.8 43.3 41.9 41.9 41.8 40 37.1 35.5 36.1 37.2 37.6 37.7 37 36.6 35.8 35.2 34.3 32.9 31.1 29.6 27.5 27.6 28 27.9 21.4 11.8 5.1 2.1 -1.5 2.2 5.8 10.2 13.3 5.2 -1.5 -1.5 -1.5 -1.5 -1.5 -1.5 -1.5 -1.5 -1.5 -1.5 -1.5 -1.5 -1.5 -1.5 -1.5 -1.5 -1.5 -1.5 -1.5 -1.5 -1.5 -1.5
-1.5 -1.5 -1.5 -1.5 -1.5 -1.5 -1.5 -1.5 -1.5 -1.5 -1.5 12.5 25.3 36.2 39.8 42.4 44.3 45.9 46.3 46.6 46.7 47 47.3 47.6 47.7 47.3 46.7 46.1 44.3 43.4 42.6 42.5 43.3 42.8 42 39.8 37.8 38 38.8 38.3 37.4 37.1 36 35.1 33.4 32.7 31.9 30.8 30.5 30.6 30.3 28.2 25.6 19.1 10.2 5.1 4.3 1 -1.5 3.5 3.2 6.3 9.2 -1.5 -1.5 -1.5 -1.5 -1.5 -1.5 -1.5 -1.5 -1.5 -1.5 -1.5 -1.5 -1.5 -1.5 -1.5 -1.5 -1.5 -1.5 -1.5 -1.5 -1.5 -1.5
-1.5 -1.5 -1.5 -1.5 -1.5 -1.5 -1.5 -1.5 -1.5 -1.5 -1.5 13.1 27 32 35.6 39.9 42.4 43.5 45 45.6 45.7 45.6 45.7 45.8 46.9 46.9 46.3 44.8 44.1 43.5 42.6 42.8 43.8 44 43.8 42.6 40.7 39.8 38.7 38.2 37.5 36.6 35 33.8 32.2 32.2 32.5 32.7 33.2 33.2 32.3 29.7 26.8 21.2 12.8 7.4 4 -1.5 -1.5 -1.5 -1.5 -1.5 -1.5 -1.5 -1.5 -1.5 -1.5 -1.5 -1.5 -1.5 -1.5 -1.5 -1.5 -1.5 -1.5 -1.5 -1.5 -1.5 -1.5 -1.5 -1.5 -1.5 -1.5 -1.5 -1.5
-1.5 -1.5 -1.5 -1.5 -1.5 -1.5 -1.5 -1.5 -1.5 -1.5 -1.5 1.1 13.9 23.1 32 36.3 40.2 42.2 43.9 44.2 44.3 44 44.1 44.2 45.4 45.8 45.3 44 44.4 44.2 44.3 44.5 44.6 44.9 44.6 43.2 42 40.2 38.2 37.8 37.1 36 34.2 32.8 31.2 31.8 32.8 33 32.9 33.2 32.4 31 28.4 24.8 19 15.5 8 -1.5 -1.5 -1.5 -1.5 -1.5 -1.5 -1.5 -1.5 -1.5 -1.5 -1.5 -1.5 -1.5 -1.5 -1.5 -1.5 -1.5 -1.5 -1.5 -1.5 -1.5 -1.5 -1.5 -1.5 -1.5 -1.5 -1.5 -1.5
-1.5 -1.5 -1.5 -1.5 -1.5 -1.5 -1.5 -1.5 -1.5 -1.5 -1.5 -0.8 8.4 19.9 30.3 35.5 38.9 41.2 42.3 42.6 42.8 42.3 42.4 42.6 42.8 43.1 43.3 43.6 44.1 45.3 46 46 45.5 44.8 43.7 42.5 40.7 38.7 37.3 37.2 36.7 35.5 33.3 31.7 30.1 30.9 32 32.2 32.4 33.1 32.5 31.7 30.4 27.6 25.4 21.2 6.7 -1.5 -1.5 -1.5 -1.5 -1.5 -1.5 -1.5 -1.5 -1.5 -1.5 -1.5 -1.5 -1.5 -1.5 -1.5 -1.5 -1.5 -1.5 -1.5 -1.5 -1.5 -1.5 -1.5 -1.5 -1.5 -1.5 -1.5 -1.5
-1.5 -1.5 -1.5 -1.5 -1.5 -1.5 -1.5 -1.5 -1.5 -1.5 -1.5 -1.5 4.5 17.4 27.4 33.4 37.5 39.8 40.2 40.4 40.3 40.5 40.7 40.9 41.3 42 42.6 43.4 44.1 45.1 45.4 45.2 44.6 43.2 42.1 40.9 38.8 36.5 34.9 36 35.9 34.4 31.6 30.4 29.7 30.5 31 31.4 31.3 31.4 31.9 32.2 31.7 30.3 28.7 24.5 11.4 1.3 -1.5 -1.5 -1.5 -1.5 -1.5 -1.5 -1.5 -1.5 -1.5 -1.5 -1.5 -1.5 -1.5 -1.5 -1.5 -1.5 -1.5 -1.5 -1.5 -1.5 -1.5 -1.5 -1.5 -1.5 -1.5 -1.5 -1.5
-1.5 -1.5 -1.5 -1.5 -1.5 -1.5 -1.5 -1.5 -1.5 -1.5 -1.5 -1.5 1.4 12.7 22.1 29.7 34.9 37.1 37.9 37.9 37.7 38.7 39.4 40.5 41.4 41.8 42.5 42.9 43.7 43.9 43.7 43.5 42.7 41.4 41 39.3 38 35.4 31.6 31.6 32.2 31.5 30.2 29.5 30.8 31 30.8 29.3 28.9 29.5 30.6 32.4 32.6 32.3 30.3 25 16 10.1 8 5.5 1.6 0.6 -1.5 -1.5 -1.5 -1.5 -1.5 -1.5 -1.5 -1.5 -1.5 -1.5 -1.5 -1.5 -1.5 -1.5 -1.5 -1.5 -1.5 -1.5 -1.5 -1.5 -1.5 -1.5 -1.5
-1.5 -1.5 -1.5 -1.5 -1.5 -1.5 -1.5 -1.5 -1.5 -1.5 -1.5 -1.5 -1.5 3.9 13.5 20.7 27.9 32.6 34.7 34.7 37.2 38.6 40.3 41.4 42 42.6 42.6 42.3 41.6 41.4 41.3 41.1 40.2 39.5 38.7 37.5 36.3 33.4 28 23.6 24.5 25.1 25.8 27.8 30.2 30.1 28.4 25.8 25.8 27.9 29.8 32 33.4 33.3 31.3 27.5 23.3 19.9 17.5 15.3 9.9 1.5 -1.5 -1.5 -1.5 -1.5 -1.5 -1.5 -1.5 -1.5 -1.5 -1.5 -1.5 -1.5 -1.5 -1.5 -1.5 -1.5 -1.5 -1.5 -1.5 -1.5 -1.5 -1.5 -1.5
-1.5 -1.5 -1.5 -1.5 -1.5 -1.5 -1.5 -1.5 -1.5 -1.5 -1.5 -1.5 -1.5 0.1 5.3 13.1 19.4 25 29.3 33.7 36.6 38.3 40.1 41.7 42.7 43 41.7 40.7 39 38.7 38.6 38.8 37.9 36.8 35.6 35.1 33.3 29.3 22.7 17.5 17.5 18.8 19.2 21.9 23.9 23.9 23.1 22 24 26.7 29.4 32.3 33.9 33.9 33 31.8 31.2 31.1 30.2 30.1 22 3.7 -1.5 -1.5 -1.5 -1.5 -1.5 -1.5 -1.5 -1.5 -1.5 -1.5 -1.5 -1.5 -1.5 -1.5 -1.5 -1.5 -1.5 -1.5 -1.5 -1.5 -1.5 -1.5 -1.5
-1.5 -1.5 -1.5 -1.5 -1.5 -1.5 -1.5 -1.5 -1.5 -1.5 2.7 3.3 -1.5 -0.8 0.6 1.8 11.2 17.6 26.1 31.9 33.8 36.8 38.9 40.4 41.9 41.6 40.5 39 36.8 35.9 36.2 35.3 34.3 33.2 33.4 32.6 29.7 24.3 17.2 13 12.3 13.3 14.2 16.4 16.2 17.2 17.6 19.6 22.6 26.4 29.8 32.4 34.1 34.8 34.8 35 36 36.1 34.5 31.3 23.7 8.5 -1.5 -1.5 -1.5 -1.5 -1.5 -1.5 -1.5 -1.5 -1.5 -1.5 -1.5 -1.5 -1.5 -1.5 -1.5 -1.5 -1.5 -1.5 -1.5 -1.5 -1.5 -1.5 -1.5
-1.5 -1.5 -1.5 -1.5 -1.5 -1.5 -1.5 -1.5 -1.5 -1.5 -1.5 -1.5 -1.5 -1.5 -1.5 -1.5 0.9 9.3 17.7 25.4 29.4 32.4 35.4 37.9 39.5 39.8 38.7 36.8 34.6 32.5 32 31.5 30.6 30.4 31 30.6 29.3 26 20.3 13.1 9.4 9 10 10.7 12 13.3 15.5 19 23.5 27.1 30.2 32.3 33.5 34.9 36.4 36.7 36.3 36.5 31.4 25.4 17.2 -1.5 -1.5 -1.5 -1.5 -1.5 -1.5 -1.5 -1.5 -1.5 -1.5 -1.5 -1.5 -1.5 -1.5 -1.5 -1.5 -1.5 -1.5 -1.5 -1.5 -1.5 -1.5 -1.5 -1.5
-1.5 -1.5 -1.5 -1.5 -1.5 -1.5 -1.5 -1.5 -1.5 -1.5 -1.5 -1.5 -1.5 -1.5 -1.5 -1.5 -1.5 2.4 11 16.4 21.2 25.7 29.9 34.2 36 36.9 36.4 34.2 31.9 29.6 28.1 27.8 27.9 28.9 30.5 31.5 31.8 30.2 26.4 15.5 8.2 7.5 7.9 9.2 10.8 12.8 15.8 20.4 25.8 28.6 29.6 31.4 32.4 34.7 36.1 36.5 35.6 33 28.5 18.8 1.8 -1.5 -1.5 -1.5 -1.5 -1.5 -1.5 -1.5 -1.5 -1.5 -1.5 -1.5 -1.5 -1.5 -1.5 -1.5 -1.5 -1.5 -1.5 -1.5 -1.5 -1.5 -1.5 -1.5 -1.5
-1.5 -1.5 -1.5 -1.5 -1.5 -1.5 -1.5 -1.5 -1.5 -1.5 -1.5 -1.5 -1.5 -1.5 -1.5 -1.5 -1.5 1.7 8.1 10.7 14.2 18.6 23.9 30 33.1 34.6 34.1 32.4 30 28.1 26.3 26.2 28 29.8 31.2 31.4 32.5 31 26.4 17.7 10 7.2 7 8.2 10.3 13 18.2 23.4 28 30 31.4 31.6 31.4 32.7 33.8 34.4 33.9 32.6 27.9 18.7 -1.5 -1.5 -1.5 -1.5 -1.5 -1.5 -1.5 -1.5 -1.5 -1.5 -1.5 -1.5 -1.5 -1.5 -1.5 -1.5 -1.5 -1.5 -1.5 -1.5 -1.5 -1.5 -1.5 -1.5 -1.5
-1.5 -1.5 -1.5 -1.5 -1.5 -1.5 -1.5 -1.5 -1.5 -1.5 -1.5 -1.5 -1.5 -1.5 -1.5 -1.5 -1.5 1.9 6.7 8.4 10.2 14.3 19.5 26.1 30.5 33.2 32.9 32.1 30.3 28.8 27 25.4 28 30.1 31.1 31.1 29.6 27.5 24.1 15.5 9 7.6 6.9 7 9.1 13.4 19.2 27 30.5 31.4 30.5 30.1 30.3 30.2 30.8 31.6 31.8 31 27 20.8 2 -1.5 -1.5 -1.5 -1.5 -1.5 -1.5 -1.5 -1.5 -1.5 -1.5 -1.5 -1.5 -1.5 -1.5 -1.5 -1.5 -1.5 -1.5 -1.5 -1.5 -1.5 -1.5 -1.5 -1.5
-1.5 -1.5 -1.5 -1.5 -1.5 -1.5 -1.5 -1.5 -1.5 -1.5 -1.5 -1.5 -1.5 -1.5 -1.5 -1.5 -1.5 3.1 3.9 6.1 7.2 10 15 20.4 25.6 30.1 31.9 31.2 30.3 29.7 27.8 25.5 26.3 28.8 29.9 29.6 26.2 22.9 20 13.8 8 7.6 7.2 6.8 9.3 14.9 21.8 29.1 32 30.5 28.2 25.9 26.5 26.3 28.7 29.2 29.4 28.7 26.1 19.5 13.1 11.2 13.2 -1.5 -1.5 -1.5 -1.5 -1.5 -1.5 -1.5 -1.5 -1.5 -1.5 -1.5 -1.5 -1.5 -1.5 -1.5 -1.5 -1.5 -1.5 -1.5 -1.5 -1.5 -1.5
-1.5 -1.5 -1.5 -1.5 -1.5 -1.5 -1.5 -1.5 -1.5 -1.5 -0.5 2.8 3.1 5 2.9 1.3 1.5 5 5 4.9 5.5 7.1 11.2 15.6 20.2 25.3 28 29.2 29.4 28.6 27.1 24.4 23.3 25.9 28.4 29 25.2 21.6 18.1 12.5 7.4 6.2 6.2 7.1 10.2 17.5 24.8 28.7 30 28.2 25 21.8 21.7 23.4 26.3 27.1 27.4 27.5 27.2 25.9 26.1 25.9 26.1 -1.5 -1.5 -1.5 -1.5 -1.5 -1.5 -1.5 -1.5 -1.5 -1.5 -1.5 -1.5 -1.5 -1.5 -1.5 -1.5 -1.5 -1.5 -1.5 -1.5 -1.5 -1.5
-1.5 -1.5 -1.5 -1.5 -1.5 -1.5 -1.5 -1.5 -1.5 -1.5 -1.5 -1.5 -1.5 -1.5 -1.5 -1.5 3.5 6.2 5.2 4.5 4.7 5.7 8.1 11.5 16 21.1 25.6 27.1 26.6 26.4 25.7 23.7 21.6 23.1 25.8 27 25.1 21.8 18.4 13.2 7.8 5.8 6.2 7.2 9.8 19.2 25 24.6 23.8 23.4 20 18.2 19 20.9 22.7 24 24.8 26.1 28.7 29.1 30 29.9 25.8 -1.5 -1.5 -1.5 -1.5 -1.5 -1.5 -1.5 -1.5 -1.5 -1.5 -1.5 -1.5 -1.5 -1.5 -1.5 -1.5 -1.5 -1.5 -1.5 -1.5 -1.5 -1.5
-1.5 -1.5 -1.5 -1.5 -1.5 -1.5 -1.5 -1.5 -1.5 -1.5 -1.5 -1.5 -1.5 -1.5 -1.5 -1.5 3.6 5.4 7.6 5 4.4 4.6 6.5 9 13.7 19.6 24.8 24.9 23.4 23 23.1 22 19.8 20 23 25.7 26 24.1 21.7 17.5 9.8 6.1 4.5 5.9 7.6 12.7 16.8 15.5 15.1 15 13.5 15.6 17.5 18.3 19.6 20.9 21.4 23 25.2 25.7 24.8 24.9 21.2 -1.5 -1.5 -1.5 -1.5 -1.5 -1.5 -1.5 -1.5 -1.5 -1.5 -1.5 -1.5 -1.5 -1.5 -1.5 -1.5 -1.5 -1.5 -1.5 -1.5 -1.5 -1.5
-1.5 -1.5 -1.5 -1.5 -1.5 -1.5 -1.5 -1.5 -1.5 -1.5 -1.5 -1.5 -1.5 -1.5 -1.5 -1.5 -1.5 2.5 9.3 8.8 4.2 4.4 5.4 7.9 14.7 21.1 25 21.8 20.3 19.4 18.8 18.8 17.4 16 19.8 23.6 27.3 26.8 24.4 20.7 15.3 7.6 4 4.5 5.2 6 7.9 8.7 8.9 9.3 11.9 14.3 15.6 17 18 18.8 19.4 19.8 21 20 18.4 17.5 15.2 -1.5 -1.5 -1.5 -1.5 -1.5 -1.5 -1.5 -1.5 -1.5 -1.5 -1.5 -1.5 -1.5 -1.5 -1.5 -1.5 -1.5 -1.5 -1.5 -1.5 -1.5 -1.5
-1.5 -1.5 -1.5 -1.5 -1.5 -1.5 -1.5 -1.5 -1.5 -1.5 -1.5 -1.5 -1.5 -1.5 -1.5 -1.5 -1.5 2.4 9.3 8.2 5.2 4.3 5.3 7.4 15.4 20.3 21.5 19.6 17.6 15.2 14.4 14.2 15.5 19.5 21.4 23.9 26 26 24.2 22.5 19.6 9.3 4.4 3.8 5.9 4.8 4.6 5.3 6.6 8.5 13.3 15.4 15.1 16.2 17.6 18.3 17.6 16.9 17.1 15 13.5 11.9 9 -1.5 -1.5 -1.5 -1.5 -1.5 -1.5 -1.5 -1.5 -1.5 -1.5 -1.5 -1.5 -1.5 -1.5 -1.5 -1.5 -1.5 -1.5 -1.5 -1.5 -1.5 -1.5
-1.5 -1.5 -1.5 -1.5 -1.5 -1.5 -1.5 -1.5 -1.5 -1.5 -1.5 -1.5 -1.5 -1.5 -1.5 -1.5 3.8 12.1 15.8 15 8.4 4.6 4.4 6.3 9 13.8 16.7 17.1 15.1 11.1 12.3 15.8 19.5 23.2 25.6 24.3 23.6 22.1 19.5 18.3 17 8.6 4.3 4.2 4.9 4.4 3.8 4.4 5.4 7.6 10.3 11.3 13.3 16.3 18.7 19.2 17.5 16 12.1 6 7.2 3 -1.5 -1.5 -1.5 -1.5 -1.5 -1.5 -1.5 -1.5 -1.5 -1.5 -1.5 -1.5 -1.5 -1.5 -1.5 -1.5 -1.5 -1.5 -1.5 -1.5 -1.5 -1.5 -1.5
-1.5 -1.5 0.6 -1.5 -1.5 -1.5 -1.5 -1.5 -1.5 -1.5 -1.5 -1.5 -1.5 -1.5 -1.5 -1.5 0.5 9.4 20.3 24.1 16.1 6.9 3.7 4.5 5.8 7.8 10.6 13 10.4 8.1 13.5 18.9 22.3 24.1 24.2 21.7 18.5 16.4 14.2 11.9 9.2 5.9 5.2 4 4.1 4 3.9 4.3 3.9 4.4 5.6 7 10.8 16.4 19.8 22.2 20.9 17.6 13.2 5.1 -1.5 -1.5 -1.5 -1.5 -1.5 -1.5 -1.5 -1.5 -1.5 -1.5 -1.5 -1.5 -1.5 -1.5 -1.5 -1.5 -1.5 -1.5 -1.5 -1.5 -1.5 -1.5 -1.5 -1.5 -1.5
-1.5 -1.5 -1.5 5.6 -1.5 -1.5 -1.5 -1.5 -1.5 -1.5 -1.5 -1.5 -1.5 -1.5 -1.5 -1.5 0.5 2.1 15.8 21.9 18.6 8.1 4.1 3.5 4.6 5.2 6.2 6.5 6.6 7.3 13.3 18.2 20.9 20.9 20.2 17.3 15.4 12.2 10.3 8.1 6.3 5.4 5 4.4 4.1 3.9 3.4 2 2.4 2.8 4.2 5.7 9.5 14.8 19.2 23.4 25.5 23.5 18.6 11.6 -1.5 -1.5 -1.5 -1.5 -1.5 -1.5 -1.5 -1.5 -1.5 -1.5 -1.5 -1.5 -1.5 -1.5 -1.5 -1.5 -1.5 -1.5 -1.5 -1.5 -1.5 -1.5 -1.5 -1.5 -1.5
-1.5 -1.5 -1.5 -1.5 -1.5 -1.5 -1.5 -1.5 -1.5 -1.5 -1.5 -1.5 -1.5 -1.5 -1.5 -0.5 0.9 4.3 8.6 14 16.7 8.6 4.1 3.6 4.4 4.4 4.5 4.7 6 8.1 12.1 14.6 15.9 15.8 15.8 14.9 13.2 10.7 8.5 7.1 5.6 5.5 5 4.6 4.3 4.1 1.9 1.9 1.9 1.3 3.1 4.6 7.2 10.2 15.9 22.1 26.2 26.3 23.7 18.6 7.8 -1.5 -1.5 -1.5 -1.5 -1.5 -1.5 -1.5 -1.5 -1.5 -1.5 -1.5 -1.5 -1.5 -1.5 -1.5 -1.5 -1.5 -1.5 -1.5 -1.5 -1.5 -1.5 -1.5 -1.5
-1.5 -1.5 -1.5 -1.5 -1.5 -1.5 -1.5 -1.5 -1.5 -1.5 -1.5 -1.5 -1.5 -1.5 -1.5 0.6 1.9 6.5 5.2 6.6 10 7.9 4.7 3.4 4.1 4 4.1 4.3 5.1 6.8 8.5 9.6 11.4 12.5 14.2 14.3 13.9 12.1 10.4 8.7 7.1 5.8 5.5 5.1 4.7 4.5 3.2 1.9 1.9 2.5 3.2 3.6 5.2 8 12.7 21.5 25.9 26.9 25.4 20.5 10.8 -1.5 -1.5 -1.5 -1.5 -1.5 -1.5 -1.5 -1.5 -1.5 -1.5 -1.5 -1.5 -1.5 -1.5 -1.5 -1.5 -1.5 -1.5 -1.5 -1.5 -1.5 -1.5 -1.5 -1.5
