UK/data/sk/sk28_OST50GRID_20230518/SK28.asc
ncols 200
nrows 200
xllcorner 420000
yllcorner 380000
cellsize 50
[rows 70 to 104 of 200, columns 0 to 77 of 200]
265.8 265.8 260.4 254.5 244.5 233 223.8 219.3 219.3 220.1 207 225.2 252.5 280.8 308.8 323.8 327.5 325.8 324.8 323.1 319.3 321.5 328.3 329.5 327 319.1 304.7 292.3 306.7 328.1 336.9 339 339.9 341.5 343 344.4 345.8 347.6 349.8 352.6 356.1 360.7 367.4 374.5 381.1 389.4 400.9 413.4 424.8 432.8 443.7 449.8 448.8 446.7 444.3 441.5 438.8 436.7 435.1 433.9 433.2 432.6 431.2 429.8 427.7 425.5 423.6 421.7 419.6 417.2 414.4 412.8 411.9 411 409.6 408 405.4 402.7
249.1 250.3 246.5 237.6 225.9 215.1 207.7 204.9 210 212.7 210 238.4 264.2 296 318.6 329.1 330.9 330.8 332.3 333 330.5 329.8 333.5 335.6 337.8 333.3 318.7 297.2 304.1 320.1 332.7 337.1 339.7 341.8 343.8 345.4 347 349.1 351.8 354.6 358.3 363.1 369.6 377.3 384.5 394 404.5 416.1 425.9 434.9 450.1 450.5 448.8 446.6 444.6 442.2 440 438.7 437.4 436.1 435.2 434.4 432.9 431.2 428.8 426 424.2 422.4 420.4 417.9 415.6 414.2 413.2 411.4 410.1 406.9 403.7 400
233.4 234.2 229.3 219.2 209.9 203.3 203.3 203.3 203.3 203.3 225.8 254.1 281.9 310.2 328.6 333.1 334.7 337.5 339.3 337.3 335.2 334.8 338.8 341.3 341.9 339.9 330.8 305.6 306.2 326.2 334.7 338 340.3 342.2 344.2 346.1 348.2 350.3 353 356.3 360.6 365 372.3 379.6 387.2 397.7 407.4 418.2 426.8 436.2 450.4 450.3 448.4 446.2 444.4 442.7 441.6 440.6 439.5 438.3 437.4 436.2 434.6 432 429 426.2 424.1 421.7 419.9 418.4 416.7 415.3 413.6 410.6 408.8 405.2 401 397.1
220 220.2 216.2 203.9 202.6 203.3 203.3 203.3 213.2 228.7 248.8 273.5 300.9 323.9 333.8 336.2 339.3 342.9 342.4 341.3 343.8 343.8 344.8 346.5 346.1 342.2 331.2 308.2 307.4 326.4 335.9 338.3 340.5 342.6 344.6 346.7 349.1 351.6 354.2 358 361.8 366.9 373.2 380.4 389.1 399.2 409.7 419.4 427.2 434.4 447.9 449.5 447.5 445.6 444.3 443.2 442.3 441.3 440.3 439.5 438.6 437.5 435.1 431.9 428.9 425.6 422.9 421.1 419.8 418.3 416.7 415.5 413.4 410.5 407.4 404 400 395.3
208.2 206.6 202.6 202.6 202.6 203.3 203.3 212.4 228.5 246.8 265.5 293 314.8 331.6 337 339.5 344.1 346.6 346.1 349.3 351.8 351.3 349.7 352.4 351.9 347.5 339.7 323.2 309.4 314.3 331.9 337.4 339.9 341.9 344.5 347.3 349.6 352.4 355.5 358.9 362.9 368.8 374.9 382.1 390.7 399.6 410.7 420.1 427 433.7 445.1 448.7 447 445.7 444.6 443.6 442.8 441.9 441 440 439.1 437.8 435.4 431.8 427.7 424.4 422.3 420.9 419.7 418.2 416.3 415 412.7 410 406.3 403.3 398.3 392.9
202.6 202.6 202.6 202.6 202.6 202.3 208.5 224.2 240.9 259.5 279.7 304.6 323.8 335.7 339 342.2 348.8 349.3 352 356.1 357.2 356.8 354.4 357.9 356.4 352.2 348.6 342.4 328.2 321.7 319.7 333.9 338.3 340.6 344.4 347.1 350.2 353.2 356.2 359.4 363.8 369.8 375.8 382.8 390.9 400.6 411.6 420 426.7 433.8 446.2 447.9 446.8 445.8 444.9 443.9 443 442.1 441.3 440.4 439.4 437.6 434.8 431.4 427.4 425.5 424.3 421.3 419.6 418.2 416.5 413.6 411.4 408.1 403.8 398.5 393.5 395.1
202.6 202.6 202.6 202.6 202.6 202.6 213.6 231.7 249.7 267.8 285.3 307.5 323.6 334.6 340.2 345.5 351.5 352.9 357.2 360.7 362 360.9 358.8 361.8 360.1 357 355.1 351.9 346.8 342.4 336.1 330.6 334 341.7 345.8 348.3 350.7 353.2 356.2 359.4 364 370 376.2 383.8 391.3 401.6 412.1 420.6 426.1 434.5 445.2 447.2 446.7 446.1 445 444 443.1 442.2 441.4 440.4 438.4 436.3 433.5 431 427.9 427.2 425.3 422.4 419.3 417.8 415.5 412.4 409.3 405.2 398.4 401.2 401 398.2
202.6 202.6 202.6 202.6 202.6 206.2 218.1 235.2 250.5 263.5 275.6 289 306.7 322.6 339 347.5 353.4 355.7 360.4 364.6 365.7 364.8 361.8 365 363.8 361.9 359.9 356.6 353.5 350.1 346.8 344.4 341.4 342.6 346.6 349.5 351.7 354.1 356.4 359.9 364.5 370.3 377.6 384.3 392.8 403.1 413 421.3 426.9 436 445.7 446.8 446.2 445.5 444.5 443.7 442.8 441.7 440.3 438.6 436.8 434.6 432.2 430 428.8 428.4 425.8 422.1 419.4 417.4 414.5 411.4 406.9 401.3 405.2 404.1 401.4 399.4
202.6 202.6 202.6 202.6 202.6 210.2 217.7 230 241.7 252.1 262.7 273.7 287.7 305.5 325.5 342.5 351.1 356.4 361.5 366.3 368.2 367.2 364.9 367.4 368.2 366.2 363.8 360.8 358.5 355.1 352.2 349.4 346.2 343.2 346.8 350.1 352.8 355 357.1 360.4 364.5 371.5 379.6 386.1 395.1 405 414.6 422.4 427.8 438.5 446.4 446.4 445.8 445 444 442.5 441 439.6 437.9 436.2 434.3 432.2 429.9 428.4 427.6 428.3 425.3 421.6 418.7 416.3 413.8 409.4 403.8 407.8 407.7 406.5 404.6 402
202.6 202.6 202.6 202.6 205.4 212.4 218.7 226.6 237 248.9 261.9 272.5 283.9 296.6 312.3 333.8 349 357.1 362.2 367.1 369.3 369 368.1 370.1 372 371.4 368.9 365.4 363.4 360.1 356.9 353.2 350.2 346.9 346.9 350.7 353.5 356.4 359.2 361.3 365.2 371.7 380.7 388.2 398 406.1 415.4 424.3 429.7 439.8 446.7 446.1 445.1 443.9 442.5 440.8 439.3 437.5 435.6 433.8 431.8 429.5 428.2 426.9 425.9 426 423.1 420.8 418.2 415.5 412.9 408 408.9 410.1 410.3 408.7 406.2 403
202.6 202.6 202.6 202.6 209.1 216 223.3 231.2 242.9 258.5 272.4 285.6 302.6 315.8 322.3 330.8 344.2 355.5 361.5 367.4 370.3 370.8 370.9 372.2 373.1 374.9 374.2 371.5 368.4 365.1 361.1 356.9 353.9 350.8 349.4 351.4 354.3 357.2 360.2 363.7 367.9 373.7 381.2 389.6 398.3 407.6 417.2 425 430.6 442 446.9 445.5 444.2 442.8 441.1 439.3 437.4 435.1 433 431.7 430.1 427.8 425.9 424.7 423.6 422.9 421.5 419.3 416.8 414.7 410.5 412.1 413 412.9 411.7 409.4 406.7 403.7
202.6 202.6 202.6 204.6 210.8 219.3 227.6 236.5 247.9 264.8 280.3 298.7 320.7 340.3 347.2 346.4 349.9 355.3 361.2 367.6 371.4 372.2 373 373.7 374.1 376.3 377.9 376.1 373.4 370.1 366 361.9 358.1 354.6 353 352.1 355 358 360.9 364.4 369 374.5 381.5 390.1 398 407.1 416.1 423.7 429.5 443.8 446 444.6 443.2 441.6 439.8 437.8 436.1 434.2 431.7 429.8 428.1 426.1 424.6 422.9 421.1 419.3 418.1 416.8 415.6 413.8 414.4 414.9 414.8 413.9 412.3 409.9 406.5 403
202.6 202.6 202.6 205 213.4 221.8 230.2 240.4 252.3 270.2 287.5 306.6 330.2 351.7 356.4 359 362.3 363.4 362.5 367.7 371.8 373.9 374.5 374.9 376 377.5 379.7 380.6 377.9 374.7 371.4 367.1 362.4 358.7 356.7 355.5 356.5 358.9 361.6 365.1 369.2 375.3 381.5 388.4 397.2 406.5 415.4 420.7 428.4 443.3 444.5 443.5 442.3 440.7 438.9 437.1 435.2 433.5 432.2 430.3 428.8 427.3 425.4 423.8 422 420.5 419.1 416.8 414.8 415.5 416.7 416.5 416 414.9 412.4 409.6 406.2 403.4
202.6 202.6 202.6 204.7 215 223.4 232 242 255.3 274 292.2 310.9 334.4 351.7 359.5 364.2 368 367 365.3 366 372.1 375.1 375.9 376.4 378.3 379.8 382.1 384.2 382.3 379 376.2 371.5 366.3 363.6 360.8 358.9 359.3 360.1 362.4 365.8 369.8 375.7 383.4 389 396.5 405.3 413.7 419.8 427.4 441.7 443.1 442.8 442.3 440.9 439.3 437.9 436.4 435.3 433.8 432.2 430.4 428.6 426.7 425.2 423.8 422.4 420.9 418.8 417.5 417.9 418.2 418 417.2 415.6 412.9 409.4 407 404.6
202.6 202.6 202.6 204.6 215.3 224.3 233.1 243.3 258.5 277.7 296.6 315.7 335.1 352.2 361.5 367.5 370.7 370 369.8 370.3 370.6 375.5 377.2 378.6 380.4 382.3 385.3 387.4 386.5 383.9 380.5 375.8 371.1 367.8 365.2 363 362 362.1 364 367.3 370.7 375.9 383.5 390.2 397.2 404.8 412.1 419 427.1 441.8 442.9 442.7 442.2 441 440 438.8 437.9 436.6 434.9 433.4 431.7 429.9 428.1 426.6 424.9 423.5 421.9 420.5 420.3 420.5 420.4 419.7 418.3 416.4 414.2 411.4 408.4 406
202.6 202.6 202.6 204.2 215.4 224.6 233.9 244.1 259.5 277.3 296.3 317.9 338.2 357.1 364.6 370.6 373.5 374.1 376.2 376.6 374.9 376.3 378.4 380.6 383 386.5 389.9 390.1 389.4 387.9 384.5 380.1 375.7 372.1 369.5 367.1 365.5 364.9 365.7 368.8 372.9 378.1 385 391.6 398.7 405.6 412.8 419.8 427.2 441.5 443.1 442.9 442.5 441.5 440.9 439.9 439.3 437.8 436 434.6 432.9 431.1 429.4 427.9 426.2 424.6 423.6 422.8 422.7 423.1 422.5 421.6 419.8 417.6 415.5 412.8 409.8 407.6
202.6 202.6 202.6 203 214.7 224.7 234.3 245.3 260.4 276.4 296 319.3 343.4 361.6 368.1 373.9 376.2 378.7 380.7 380.8 379.8 378.9 380.8 383.5 386.5 390.9 393 392.3 391.7 390.5 387.2 383.5 379.5 375.7 373.1 371.1 369.1 367.9 368 370.1 374 378.3 384.5 391.7 399.1 406.3 413.6 420.3 429.2 443.8 444 443.8 443.2 442.6 442 441.1 440.7 439.3 437.9 436.1 434.3 432.6 430.9 429.3 427.7 427.3 426.1 424.8 425.8 425.4 424.7 422.7 420.8 419 416.8 413.9 412.4 410.5
202.6 202.6 202.6 203.3 215 225.7 235.4 246.2 261.3 276.4 297.2 321.7 346.8 364.6 371.4 377.1 379.5 382.7 384.5 384.3 383.4 382.4 383.9 386.3 390.6 393.2 394.6 394.4 394.4 392.9 389.7 385.9 382.3 379.1 376.8 374.8 372.8 371 370.1 371.3 373.9 378.2 383.3 391 397.8 406.1 413.7 420.2 428.8 445.9 445.8 445.4 444.6 443.9 443.7 443.4 442.7 441.5 439.8 437.9 436.2 434.5 432.8 431.4 430.1 429.6 428.8 427.8 428.3 427.6 426 423.5 421.6 419.8 418.3 418 417.4 418.2
202.6 202.6 202.6 204.8 216.4 226.9 237.2 247.9 261.4 276.4 298.9 323 348.1 367.3 374.4 380 382.8 386.7 387.8 387.1 386.6 385.8 387.2 389.6 393 395.5 396.7 397.1 397.4 394.9 392.2 388.5 385 382.2 379.7 377.5 375.4 373.7 372.4 372.8 374.4 377.2 381.9 388.7 396.3 403.8 411.5 417.9 425.3 439.1 446.9 447.2 446.7 446.3 446.3 445.9 445 443.7 441.9 439.9 438.1 436.4 434.7 433.8 432.5 431.3 430.3 429.6 429.4 428.2 426.6 424.1 422.2 420.1 420.7 421.3 423.5 424.1
202.6 202.6 202.6 205.7 218 228.3 238.4 249.3 263.3 275.9 296.2 319.2 349.7 370 376.8 382.7 386.3 389.9 391.3 390.8 390.8 392.2 391.1 393.1 395.8 397.7 399.3 400.5 399.7 397.2 394.5 391.1 387.7 384.7 382.5 380.6 378.3 376 374.7 374.4 375.1 376.7 380.9 386.4 392.9 400.4 407.1 413.8 421 428.6 441.1 449.2 449.2 448.8 448.3 448.3 447.4 446 444.2 442.4 439.7 437.9 436.5 435.3 433.9 432.5 431.6 430.5 429.9 428.6 426.9 424.7 422.8 422.4 423.8 428 428.7 426.3
205.7 202.6 202.6 207.2 220.4 230.1 239.6 249.9 262.5 275.4 295.7 316.6 350.2 372.2 379.5 385.5 389.3 393.2 394.6 394.6 397.8 399.6 398.5 397.1 399.2 400.4 401.3 402.4 401.9 399.4 396.9 393.6 390.3 387.2 385 383.1 380.8 378.1 376.5 375.7 375.7 376.8 380 384.5 388.6 395.4 402.2 408.3 415.6 422.9 430.5 442.3 451.7 452.2 451.3 451.1 451 449.8 447.7 445.5 442.2 439.1 437.7 436.5 435.2 433.7 432.5 431.4 430.3 429 427.2 425.3 423.9 424.5 428.6 432.3 429.8 426.9
190.7 194.1 203.3 212.3 221.6 231 239.8 249.3 261.6 275 294.9 316 350.3 374.9 382.1 388.1 392.2 396.2 397.8 399.3 402.7 404.1 403.5 401.5 402.4 403.6 404.6 405.6 404.4 401.8 399.2 396.1 392.8 389.9 387.3 385.2 382.8 380.4 378.2 376.7 376.5 376.8 379.1 381.4 384 388.9 396.9 402.1 410.3 417.2 424.9 432.1 440.2 453.4 454.7 454.6 453.8 452.4 450.4 447.6 443.6 440.7 439.1 437.8 436.4 434.8 433.4 432.3 430.5 429.3 427.5 425.8 425.1 425.5 428.7 431.6 429.9 427.3
179.1 193.6 205.6 213.1 222.2 231 239.8 248.5 258.7 274 294.9 316.4 348.5 375.6 383.9 390.5 394.6 398.4 401.2 403.7 406.5 407.1 406 404.4 405.3 406.8 407.9 408.4 406.6 404 401.4 398.5 395.5 392.5 389.7 387.1 384.7 382 379.2 377.3 375.8 375.9 376.8 378.4 379.8 382.9 389.9 397.2 404.8 411.9 419 426.2 431.3 438.1 448.5 456.7 456.4 454.7 452.3 449.4 445.4 442.1 440.6 439 437.5 435.9 434.3 432.7 430.8 429.6 427.9 427 426.3 426.6 427.8 429.2 428.6 427.3
181.5 195.2 205.1 210.3 221.7 231.4 239.5 247.9 258.7 275.2 295.6 315.1 344.5 372.7 383.6 392 396.4 400.4 404 407.5 409.5 409.4 408.3 407.5 408.1 409.7 411.6 410.6 408.7 406.1 403.4 400.5 397.3 394.2 391.3 388.6 385.5 382.7 379.9 377.2 375.4 374.3 374.5 375.4 376.1 379.8 384.6 391.2 398.6 404.9 410.9 417 422 426.6 431.7 439.9 455.3 455.9 453.7 451 447.4 443.6 441.7 440.3 438.7 437.1 435.5 433 430.9 429.7 429 428.3 428 428.2 428.2 427.6 426.6 426
184.1 194.2 201.9 204.9 219.4 229.5 237.6 247.5 261.5 276.4 294.2 311.2 335.8 364.4 382.6 393.2 398.1 402 405.5 409.3 411.8 411.3 410.1 409.9 410.4 411.4 413 411.9 410.6 408 405.3 402.5 399.1 395.8 392.8 389.7 386.4 383.3 380.5 377.9 375 373.6 372.7 372.6 373.1 375.2 378.1 383.6 390.9 396.5 401.3 407 411.8 416 421.1 426.7 436.4 451.7 453.4 451.3 448.7 445.3 443.4 441.8 440.1 438.5 436.6 433.7 431.3 430 429.2 428.6 428.6 428.4 427.9 427.4 426.2 425.1
185.3 193.2 200.3 206.5 217.1 227.4 237.6 249.2 261 275.5 290.4 305.4 329 360.1 382.6 394.2 399.5 403.3 407.1 411 413.5 412.8 412 411.9 412.3 412.8 414.1 413.9 412.5 409.9 407.2 404.3 401 397.5 394.2 390.7 387.5 384.1 381 378.1 375.2 372.8 371.4 370.7 371.2 371.8 372.8 377.3 381.9 386.4 392.3 397.3 401.3 405.5 411 417.3 423.6 429.6 435.2 442 446.8 445.2 444 443 441.5 439.3 436.8 434.1 431.8 430.2 429.4 428.8 428.6 428.3 428 427.4 426.4 425.3
185.5 192.4 198.9 206.7 217 227.3 237.8 249.2 260.5 273.7 287.2 301.6 325.8 354.7 380.7 392.7 400.5 404.4 408.1 411.9 414.5 414.4 413.8 413.4 413.7 414.3 415.9 416 414.4 411.5 408.6 405.7 402.5 399.1 395.4 391.8 388.4 385 381.8 378.8 375.8 372.5 370.5 369.2 368.7 368.5 369.3 371.8 373.9 376.6 382.6 387.5 391.5 394.8 400.2 406.4 413 418.2 421 423.5 428 438.1 442 441.9 441 439.4 436.9 434.6 432.2 430.2 429.4 428.4 428.1 427.8 427.8 427.5 426.6 425.5
185.1 191.7 199.1 206.8 217.2 227.5 238.4 249.4 260.1 272.4 284.3 300.6 324.1 354.2 383.2 396.9 403.2 405.9 408.7 411.9 415.1 415.4 415.3 415 415.2 415.4 417.5 417.3 416 412.9 410 407 403.7 400.3 396.6 393 389.3 386 382.7 379.6 376.3 372.8 369.6 367.5 366.1 366 365.8 367 367.6 369.1 373.1 376.8 380.8 385.1 389.3 395.2 400.7 406 408.8 411.1 414.4 419.5 429.3 440.9 439.9 438.6 436.5 434.4 432.2 430 428.5 427.9 427.5 427.4 427.4 427.4 426.9 425.9
184.4 191.8 199 206.2 216.5 227.3 239.7 250.3 260.8 272.4 285 301.3 323.1 353.3 382.8 398.5 405.8 406.9 409 411.8 414.8 416.4 416.8 416.5 416.4 416.7 418.9 419 417.4 414.3 411.1 407.8 404.6 401.4 397.7 393.8 390 386.6 383.5 380.2 376.5 372.7 368.9 366.3 363.6 362.7 362.4 362.9 363 363.4 366.7 367.7 370.2 374.7 380.7 385.1 389.1 393.9 398.2 401.3 403.7 407.7 413.8 421.8 437.7 435.8 434.8 433.5 431.6 429.8 428 426.2 426.4 427 427.2 427.1 427.3 426.9
184.2 191.4 198.4 205.5 216.5 227.9 239.7 250.6 261.5 273.8 286.3 302.8 324.4 354 386.4 401.1 408.1 409.7 410.2 412 414 417 417.7 418 418 418.1 420 420.4 418.5 415.1 411.7 408.2 405.3 401.9 398.2 394.4 390.7 387 383.6 380.1 376.5 372.7 369 365.3 362.8 360 359 359.4 359.3 359.5 360.2 359.8 362.6 366 370.9 375.7 380.4 382.8 386.7 390.9 394.8 399 403.8 408.2 414.1 424.3 433.3 432.4 430.8 428.7 426.4 425 424.8 425.7 426.2 427.1 427.5 427.7
184.1 190.9 197.4 204.9 214.3 226.8 239 251.7 263.6 275.3 287.8 303.4 326.3 355.9 393 404 409.5 412.1 412.1 412.9 414.2 416.4 418.6 419.1 419.5 419.8 420.5 419.9 419.2 416 412.5 409 406 402.3 398.4 394.8 390.7 387 383.4 379.9 376.4 372.8 369.1 365.4 361.7 358.9 356.1 356 355.8 355.7 355.3 354.4 357.2 359.8 362.5 366.7 369.9 373.6 376.4 380.4 384.7 390.1 394.8 398.2 401.8 408.4 419.6 431 429.7 427.2 424.8 423.6 422.9 423.9 425.6 427.1 427.7 428.2
183.9 190.4 196.8 203.3 212.1 224.2 238 251.4 264.6 276.9 289.1 303.7 324.9 353.6 389 406.3 410.6 413.4 414.3 414.5 414.8 417 419.4 420.6 421.1 421.6 422.1 420.8 419.8 416.8 413.4 410.1 406.7 402.7 398.9 395.2 391.1 386.8 383.3 379.7 375.8 372.4 369 365.6 361.7 358.1 355.3 352.7 352.6 352.5 352 351.4 352.2 354.4 355.6 358.3 361 363.9 366.9 372.2 376.4 379.8 385 388.6 391.5 394.8 401.2 411.2 424.6 424.7 422.2 419.8 419.9 423.2 426.3 427.4 428.2 428.8
183.7 189.9 196.1 202.3 210.2 221.3 235.7 249.8 264.6 277.9 289.4 302.8 321.7 346 374.1 406.2 409.8 413.3 416.3 416.7 417 417.3 419.7 421.5 421.8 422.4 424 421.6 420.3 417.4 414.2 411 407.3 403.6 399.7 395.6 391.2 386.8 383 379 375.4 371.9 368.5 365.1 361.3 357.6 354.4 351.5 349.5 349.2 348.7 348.3 348.6 349.5 350.3 352 353.8 354.3 356.9 362.4 367.5 371.3 374.6 377.6 380.5 383.9 386.8 391.9 397.9 412.3 416 413.7 420.6 424 426.4 427.7 428.7 429.3
183.5 188.8 195 201.1 208.9 218.4 232.6 247.5 262.8 277.5 289.1 300 314.5 335.3 359 385 401.1 410.7 416 418.9 419.6 419.2 419.9 421.2 422 421.7 422.2 422.2 421.3 418.7 414.9 411.8 407.9 404.4 400.3 396.2 391.7 386.9 382.5 378.3 374.9 371.5 368 364.5 360.7 356.8 353.3 350.1 347.5 346.1 345.7 345.3 345 345.7 346.1 347.5 348 347.6 348.5 351.7 356.3 361.7 366.1 367.1 369.8 371.4 373.5 375.8 379.1 385.2 392.1 409.3 420.7 423.7 426 427.7 429.1 429.7
181.9 188 193.8 199.7 207.1 216.3 229.4 244 258.5 275 287.9 298.7 309.9 323.6 341.1 361.2 381.3 401.8 413.8 419 422.3 421.8 421.2 420.2 420.7 420.9 419.8 419.5 418.2 417.4 415.2 412 408.3 404.8 401 396.8 391.7 386.6 382.3 378.2 374.6 371 367.5 363.9 360.1 356.4 352.3 348.9 346.1 343.6 342.8 342.4 342.1 341.9 342.3 342.8 342.7 342.3 343.1 344.4 346.6 351.3 352.9 354.5 357.8 359.8 361.4 362.7 365.2 370.5 375.5 386.7 407.1 419.8 425.1 427.7 429.2 430
