UK/data/ss/ss79_OST50GRID_20230518/SS79.asc
ncols 200
nrows 200
xllcorner 270000
yllcorner 190000
cellsize 50
[rows 74 to 110 of 200, columns 83 to 165 of 200]
5.4 5.5 5.7 6 6.2 6.6 6.1 8.8 11.4 12.9 16 18.1 20.8 23 31.8 41.3 52.4 58.2 54.8 33.3 44.4 51.5 59.7 65.6 69.2 70.3 68.1 67 67.8 69.3 71.4 76.9 83.2 89.2 95.5 97.9 96.8 94.6 88.3 86.2 85.6 87.4 88.3 89.3 90.3 91.5 92.9 96.2 99.3 102.7 106.1 109.3 112.2 115.7 119 122.1 126.2 128.1 130.2 133.3 136.8 139.8 142.5 144.5 146.3 149.6 154.5 160.8 164.4 170.3 175.3 180.3 184.1 186.7 187.9 188.7 186.4 186 185.7 184 185.5 188 190.8
5.7 5.6 5.6 6.4 5.8 5.9 7.5 14.6 15.5 17.3 21.1 22.9 23.4 27.6 37 45.6 55.4 58.5 50.2 32.1 41.5 48.4 57.8 68.4 73.5 74.5 72.5 70.4 70.9 71.5 74.2 79.2 84.9 90.3 96.7 102.6 102.2 99.4 95 91.8 90.4 90.5 89.8 90.6 91.6 92.7 94.2 97.3 100.6 104.1 108.3 111.7 114.8 118.1 121.8 124.7 129.4 131.4 133.3 134.7 138.2 140.6 142.9 143.6 146.8 150.6 156.7 160.9 165.4 169.5 173.3 178 182 183.9 186.4 187.7 185.1 182.5 182 179.5 180.9 184.1 187.5
5.8 6.4 6.4 6.2 5.7 7.1 11.8 16.3 18 24.5 25.6 28.6 30.3 34.9 41.9 48.1 55.1 50 39.1 37.9 40.8 47.1 55.2 68.4 75.4 77.9 77.8 75.6 72.4 72.9 76.5 81.3 87.3 91 97.3 107.3 107.3 104.3 100.7 97 94.6 94.5 94.1 93.7 94.4 96.3 97.1 99.6 103.8 107.5 112.9 116.9 121.1 123.9 127.8 130.4 132.8 135.6 136.6 138.2 139.5 140.8 142.6 145.2 151.3 151.4 156.9 161.6 165.4 168.7 172 176.2 179.7 181.2 182.7 183.2 182.1 179.7 179.1 174.4 175.3 179.2 183
6.7 6.4 5.4 5.2 8 9.6 11.3 14.9 26.4 30.1 31.7 33 34.9 40.2 45.6 48.7 45.4 40.2 44.3 45.3 38.9 45.1 55 66.3 76.4 81.7 83.4 81.9 78.2 78.2 79.1 82.8 88 92.1 96.5 107.4 111.6 109.8 106.8 103.1 98.6 97.7 97.4 97.4 97.8 99 100.9 103.1 107.2 112.3 119.3 125 129.6 132 135.2 136.1 138.5 140.1 141.2 141.4 141.5 142 143.8 146.6 150.8 150.8 156.7 160.6 164.3 167.6 171 175.2 176.9 178.5 177.8 178 177.8 177 176.6 170.8 171.3 175.5 179.6
6.6 6 5.6 5.8 9.7 9.1 12 21.4 34.5 37.9 38.2 37.9 39.8 44 48.2 48.2 43.3 42.5 49.3 51.6 46.8 39 49.1 59.2 75.8 86.6 88 87.4 83.2 81.2 81.1 83.6 87.9 92.3 95.8 103 113.1 114.5 111.6 108.2 102.8 101 100.5 99.5 100.9 102.5 104.5 107 111.2 117.7 124 136.5 142.1 143.5 142 142.2 143.9 144.4 144.6 144.8 144.7 144.6 145.8 150.8 150.4 151.4 156.7 160.3 163.2 166.6 169.9 172.8 174.2 175.4 174.2 173.5 174.3 174.1 172.7 165.7 166.7 171.7 177.5
4.9 5.5 5.1 6 7.1 9.9 20.6 33.3 45.9 44.7 45.3 44.7 43.8 44.8 46.4 47.6 44.2 46.4 58.3 58.5 53.5 48.5 42.4 43.8 64.8 82.9 89.6 89.7 87.5 84.2 82.9 83.9 86.9 91.4 94.4 98.9 107.7 115.5 115.6 112.2 108.3 105 103.1 102.1 103.3 104.6 108.2 111.3 114.3 121.1 130.1 143.7 152.7 152.9 151.1 148.9 148.2 147.7 147 147 146.6 146 147.4 151.7 151.3 151.7 157.4 160.3 162.6 165.4 168.7 170.1 171.9 171.1 169.7 169.1 170.7 170.6 168.3 161 160.4 167.1 171
4.6 5.7 5.7 9.9 11.5 16.1 29.9 43.6 51.7 51.4 49.8 48.5 46 44.6 44.9 44.7 45.2 54.7 64.6 65.7 61.9 56.7 51.1 44.7 52.1 68.1 78.4 82.4 81.6 83.1 82.8 82.9 85.4 88.3 91.7 96.1 103.2 113 118.1 115.4 111.6 109 105.5 105.5 105.1 105.4 110.1 113.5 116.8 123.5 135.5 149 160.7 161 157.5 154.5 152.1 150.4 148.3 147.2 146.6 146.5 147.6 150.3 152.1 152.8 157.2 159.5 161.9 164.6 167.2 169 170.3 169.6 166.2 165.6 167.8 167.8 165.4 157 151.2 161.2 166.3
5.6 5.1 5.3 11.7 15.4 21.4 33.9 46.5 56.3 56.6 54.3 51.1 47.7 44.8 44.8 44.8 44.4 58.9 70.4 72.4 71.4 69.3 66.8 55 47.6 51 53.1 57.6 63.9 71 79.5 81.5 84.2 85.8 87.9 94 100.8 106 111.9 117.4 114.3 111.4 109.5 108.2 108.5 109.8 111.7 115.1 119.3 127.7 137 154.5 165.9 166.8 165.4 159.9 156 150.2 147.3 146.4 146.1 146.9 147.9 150.1 152.4 153.6 156.5 158.9 161.2 164 165.9 167.9 168.6 168.4 163.6 161.7 164.4 164 160.9 154.1 145.2 155.4 161.1
6.3 4.9 5.3 12.1 18.6 24.8 32.5 43.5 52.8 59.3 57 52.6 48.2 45.8 45.8 45.8 47.6 63.8 76.3 81 90 90.2 86.4 80.4 72.2 65.8 61.4 60.1 55.8 57 67.8 78.4 81 83.1 84.8 88.6 96.2 102.5 107.9 116.1 118.9 115.5 113.1 111.4 110.6 111.1 112.8 115.8 119.2 127.9 134.5 154.1 167.7 168.5 167.2 164.6 159.1 150.7 146.9 146 146 147 147.9 150 151.8 153.4 155.8 158.2 160.5 162.9 164.8 166.6 167.3 165.4 161.2 156.6 156.8 157.6 152.5 147.9 143.6 149.2 154.8
6.4 4.8 5.7 11.6 20.6 24.5 31.2 37.5 49.4 59.8 59.4 55.4 50.7 48 46.9 45.7 49.1 66.8 83.2 91.4 102.4 104.7 101.1 98.3 90.2 84.4 77.2 75.3 72.1 68.3 63.9 68 74.4 75.2 81.5 85.2 89.8 97.8 104.4 110.9 119.8 118.3 116.5 114.9 113.2 112.8 113.1 115.6 120.3 127.9 137.7 153.3 165.7 169.3 169.3 166.8 159.7 151.3 147.2 146.4 146.1 146.2 147.6 149.5 151.3 153.1 155 156.7 159.8 161.8 163.8 165.2 165.9 163.2 158.7 149.7 146.8 145.5 143.4 143.8 142.2 143.8 148.8
6.3 4.6 5.9 10.9 18.8 20.8 27.8 33 43.7 53 59.8 58 56.3 53.2 49.3 46.8 49 68.4 87.2 99.6 111.8 116.5 117.8 116.8 109 102.3 95.9 91.2 87.9 83 77.8 77.1 80.7 80.4 74.8 81.7 87 92.5 100.7 106.3 108.8 111.4 115.6 114.6 112.4 110.5 110.7 114.2 119.3 127.1 134.8 147.1 163.8 170.8 171.2 169.1 161.8 153.3 148.9 146.7 145.9 145.3 146.5 148.4 150.3 152.1 154.2 156.2 158.9 160.8 162.7 163.1 163 159.1 150.8 144.7 141.8 139.4 137.9 133.4 133.5 137 140.8
6.9 4.6 5.7 11.2 14.9 19.5 25.2 28.9 36.2 52 59 61.4 61.4 62.1 50.6 47.9 47.8 65 89.7 103.4 118.5 124.3 128.8 129.7 124.6 119.5 111.9 105.7 100.8 93.4 86.1 82.8 84.1 84 81.7 77.6 86 91.3 97.2 100.9 101.4 101.2 102 104.3 107.5 106.7 107.6 112.4 117.3 124.6 131.1 142.9 159.5 171.2 171.7 170 163.3 155.1 150.5 146.9 145.6 144.9 146 147.3 148.8 151 153.2 155.9 158.3 160.4 162.2 161.8 158.6 155.3 147.8 141.8 136.6 134.3 131.1 127.3 123.6 129.1 132.9
7 5 5.8 10.5 14.8 19.7 22.8 26.9 31.7 48.1 55.9 61.8 66.5 68.1 64.4 50.8 48.8 62.2 88.8 103.9 120 127.6 132.7 136.7 133.6 129.3 124.1 120.2 113.3 104.3 93.9 87.3 87 86.8 86.5 83.2 83.7 90.9 95.4 96.4 96.2 96.8 97.7 98.9 100.9 101.7 105.2 110.1 115.2 120.4 126.7 136.7 155.6 169.9 172.2 170.3 166.1 156.5 151.5 148.3 145.3 144.2 145.4 146.4 147.8 150.2 152.8 155.5 157.7 160 161.5 161.6 156.6 151.6 146.7 138.7 133.5 127.7 124.9 123.3 119.6 123 125.6
7.2 5 5.5 7.5 13.5 16.7 19.5 22.8 28.1 39 54.2 60.3 71.6 73.1 70.8 55.7 51.6 60.6 87.1 103.7 119.5 128.4 138 141.9 140 137.5 134.7 131.1 125.7 116.5 103.6 93.4 90.8 89.5 89.1 88.9 85.8 84.4 85.9 88.6 92 93.5 95.3 97.6 100.2 101.9 105.2 107.7 112.1 118 124.1 131.6 151.2 166.6 172.3 170.6 166 157.6 151.8 148.1 145.5 143.7 144.9 145.9 147.4 149.6 152.3 155 157.8 160.2 161.1 161.6 155.9 149.6 145 136.6 131.7 128.2 130.7 128.7 125 119.9 119.1
7 5.6 5.4 6.6 9.9 11.2 12.6 18.8 22.2 29.3 49.4 62 74.5 76.7 72.9 60.9 52.9 60.1 87.3 105.2 118.7 129.4 138.8 145.7 144.7 143.5 141.2 138 132 124.6 112 100.5 94.8 93 91.6 91.6 90.7 88.7 90.1 90.4 90.1 90.7 90.8 95.9 100.2 101.9 104.1 106.5 110.2 114.7 120.1 126 141.2 161.3 170.5 169.7 165.8 158.2 152.1 147 144.3 142.8 144.5 145.8 147.1 149.1 151.8 154.8 157.7 160.2 161 160.8 153.8 148.1 141.8 135.5 130.6 132.6 136.7 137.2 132.2 126.2 122.5
7.5 6.3 5.6 6.8 8.3 8.1 8.5 13.4 17.3 25.1 38.7 61.5 73.6 77.9 73.8 66.6 55.3 58.8 85.3 105.2 118.9 130.6 137.8 146.4 148.3 149 147 143.1 138.4 129.8 118.9 108.1 100.5 96.8 95 93.9 93.6 93.7 93.5 92.7 92.3 93 93.6 95.7 95.4 98.5 102.2 105.8 108.1 111.8 115.9 120.6 133.9 154.6 167 168 165.2 158.1 152.1 146 142.5 141.8 143.8 145.4 146.9 148.7 151.7 154.7 157.1 159.4 161.3 159.3 152.2 145.9 140.3 133.7 136.1 141.5 144.2 144.8 143.1 136.8 128.9
7.8 6.6 5.8 6.5 7.8 7.6 7.8 9.4 13.6 23.2 32.5 51 70.2 83.6 77.9 68.6 55.8 57.5 80 102.6 116 128.5 134.3 145 148.8 148.7 146.4 142.3 139.2 134.3 127.7 118.2 109.9 102.8 98.7 96.5 96.1 96.2 97.1 97.3 97.6 97.8 98.6 100.5 100.3 98.9 98.7 101.4 106.6 109.6 112.7 117.7 127.6 147.7 162.9 166.4 164.6 157.8 150.8 144.5 141.6 139.7 142.6 144.7 146.2 148.7 151.8 154.5 156.5 158.8 160.8 156.9 151 145.2 139.4 138 141.2 146 149.1 152.1 154.2 150.5 140.4
4.7 6.7 6.4 6.8 7.5 7.6 8 9 12 20.2 29.1 46.9 69.8 83.8 82.8 68.9 55.3 56.8 68.5 96.8 113.2 125.2 133.1 143.7 150.5 150.2 146 141.6 139.5 137.7 132.3 125.8 119.3 113.4 107.3 103.3 100.8 101.2 101 100.5 100.5 101.4 102.6 104.5 102.9 101.9 102.6 102.4 101.2 105.5 110.4 115.6 122.9 143.2 159.8 165.5 164.1 157.4 148.5 143 140.1 138 141 144.1 145.1 147.8 150.5 153.1 155.6 157.8 157.8 153.4 148.6 143.5 140.6 142.4 145.4 148.8 152.9 157.4 161.1 160.6 155.4
8.8 6.5 6.5 7.2 7.8 8.3 9.6 10.2 11.8 17 30.5 45 67.6 79.7 84.6 70.1 54.9 54.4 63.7 91.3 112.4 121.2 131.5 139.7 149.8 150 146.9 142.6 138.8 136.3 133.1 128.8 124.9 121.1 116.3 111.6 108.6 105.9 104.9 104.1 105 106.4 107.6 107 105 104.2 104.6 105.4 105.8 105.3 108.2 114.1 121.4 136.4 156 163.4 162.3 156.2 147.1 141.9 138.3 136.4 138.6 141.3 143.6 146 148.2 150.4 154 155.8 152.9 149.5 145.2 140.5 144.4 146.9 149.5 152.9 157.7 161.9 165.7 165.3 163.9
9.6 6.2 7.1 7.3 8 8.9 10.6 11 12 14.6 28.6 43.4 57.4 75.2 78.1 71.4 52.3 53.3 62.3 83 108.7 119 125.8 133.8 141.6 145.6 146.4 142.1 135.2 130.3 130.7 131.3 129 126.7 124.3 120.6 117.9 114.1 109.7 108.3 108.1 109.2 109.7 108 107.2 107.2 107.9 109.4 109.6 109.2 108 112.9 118.6 132.4 151.6 161.3 158.8 151 145.9 140.8 136.8 135.5 137.6 139.8 142.4 144.2 146.7 148.4 153.4 149.3 147.4 145 141.8 142.9 146.3 149 151.7 155.5 160.9 164.6 167.5 169.2 168.2
10.4 6.2 6.8 8.2 8.9 9.4 10.2 11.7 13.2 14 20 42.5 50.6 53.9 55.9 57.4 43.5 51 60.7 73.2 98.5 115.3 120.5 120.7 121.4 127.8 128.6 124 121.4 119.3 126.9 132.8 134.3 132.5 130.8 129.3 127.2 122.5 116.6 113.1 112.1 111.6 111.2 109.9 110.1 110.6 111.7 113.9 114.2 114.3 112.8 110.6 117.7 129.9 147.7 156.1 152.8 146.7 143.4 139.2 134.6 134.7 136.6 138.8 141.6 145.2 147.1 147.8 146.9 144.6 143.9 143.5 143.7 145.2 148.2 151.2 154 158.3 162.8 166.4 169.9 172.3 173
10.3 5.5 7.6 9.4 11.2 11.3 11.2 12 13.6 14.8 16.5 27.6 43.2 47.4 48.6 35 34.1 51.7 57.1 66.6 86.3 109.5 117.1 117.3 116.6 116 114.5 112.7 112.1 115.8 127.4 135.8 138.8 139.2 137.5 136.6 134.5 131.2 124.9 118.6 116 114 113.1 113.1 113.7 114.2 117.1 120.6 120.4 120 118.4 110.3 117 125.1 137.2 147.7 146.6 142.4 139.5 135.1 133 132.9 134.8 138.5 142.5 146 150.6 148.5 145.6 145.4 145 145.1 146 148.3 151.2 154.6 157.3 161.2 164.7 168.8 172.6 175 177.3
9.8 5.7 8.2 10.8 14.3 13.8 12.6 13.1 13.9 15.3 16.8 18.5 26.4 33.7 34.8 29 45.7 50 55.5 62.3 74.4 94.1 107 115.2 112 112.7 110.8 109.5 110.5 115.6 127.9 133.3 143 145.1 144.7 143.7 142.3 138.4 135.8 125.7 121.1 117.9 116.8 116.8 117.8 118.9 123.7 128.5 129.5 129.8 129.4 118.4 115.7 123.1 131.2 137.5 139.3 137.9 134.7 131.5 130.1 132 135.3 137.9 142.4 150.1 150 147.9 146.3 146.4 146.7 147.6 149 151.5 155.7 158.7 161.3 163.8 167.4 171.8 178 180.6 181.7
9.4 6.7 9.2 11.7 13.9 13.8 13 13.2 14.2 15.8 17.7 19.3 20.5 23 25.1 28.5 32.3 38.9 53.5 60.2 67.5 75.6 84.9 97.2 105 106.4 106.7 109.3 113 116.8 129.7 144.6 152.4 153.5 152.8 151.6 150.3 146.9 141.5 134.8 126.7 123.1 121.5 121.4 122.7 123.8 129.6 135.5 140.4 141 140.8 134 120.2 119.8 124.9 130 131.9 132 130.7 128.4 130.8 133 136.6 139 143.4 150.6 150.7 148.1 147.6 147.8 149.1 150.7 152.2 155.5 158.2 161.7 165.2 168.4 171.5 176.5 180.8 185 188.7
8.8 7.4 10.6 12.2 13.4 13.5 13.3 13.3 15.3 17.1 19.2 20.9 22.7 23.6 25.5 30.2 34.1 39.4 54.1 59.5 63.8 71.2 75.6 81.7 88.6 95.2 100.2 109.6 118.4 124 131.7 146 158.3 161.2 161.3 160.5 158.2 155.3 149.2 142.6 135.2 133 129.3 128 128.8 132.7 137.6 145.1 150 152.4 150.7 145.4 137.5 127.7 119.3 123.1 125.2 126.3 127.5 129.7 132.2 135 138.3 141.5 145.4 150.6 150.8 150.7 148.8 150.1 152 153.8 155.9 158.8 161.8 166.1 169.8 173.9 177.4 179 184.8 190.7 195.3
8.6 9 10.8 11.7 12.9 13.3 13.1 14 15.4 17.9 20.5 23 24.6 26.2 30.6 36.8 38.8 42.4 54.7 60.1 64.3 66.3 71.5 79.5 87.5 99.3 110.5 119.8 126.4 129.5 134.8 146.1 159.1 166.6 168.5 167.9 165.6 162.4 158.5 152 145.1 138.1 135.8 135.5 136.4 138.6 145.6 151.9 158.6 160.2 157.7 153 147.7 140 132.2 127.9 127.6 127.6 128.5 131.7 134.1 137.3 140.7 143.1 146.6 151 150.9 152.4 152.8 153.4 155.1 157.5 160 162.4 167.3 171.3 173.7 178.5 180.3 185.6 190.6 195.4 200.4
8.5 9 9.4 10 10.9 11.5 12 13 15.4 17.7 21.8 26.4 27.2 29.4 33.5 41.6 45.9 49.3 55.5 65.4 70 71.6 76.6 82.2 94.8 107.3 119.6 130 135.1 134 138.2 145.6 157.7 169.7 174.1 173.8 172.5 170.3 167 161.4 155.5 148.9 142.9 140.9 142.6 144.7 150.7 156 161.3 164 162.4 158.3 153.6 148 141 136 133.9 133.6 132.4 134.5 139.7 139.3 142.4 145.1 148.1 151.3 152.8 154.3 155.5 156.9 159.4 162.2 164.5 167.3 171.4 175.7 179.2 181.6 185.7 192.2 195.6 198.8 202.6
8 9.4 9.2 9.3 10.4 10.8 11 12.6 15 18.5 23.9 28 30.3 32.7 36.2 45 49.9 54.4 60.3 67.9 76.4 80 80.6 88.7 100.7 112.7 127.9 138.2 142.7 143.3 143.6 148.3 156.2 170.8 179.9 180.8 179.6 178.1 175.8 171.9 166.6 159.7 154.8 151.7 149.8 151.8 154.9 158.5 162.7 164.2 164.6 161.9 157.9 154 148.9 144.7 141.2 138.6 135.6 134.9 138.2 141.9 144.5 147.4 150.4 152.5 153.8 156.6 159.3 161.7 164.7 167 170.2 172.5 174.6 178.3 182 186.7 192.6 197.6 201 203.6 205
8.3 9.3 8.9 9.3 10.4 10.4 11.2 14.6 16.1 23.6 29.6 34.3 36.8 43.9 46.7 44.2 55.3 59.4 65.1 68.2 82 90.4 92.2 98.8 106.3 115 130.4 141.6 148.6 152 153.1 154.1 158.3 168.8 181.5 186.4 186.1 185.1 183.4 180.5 175.8 170.7 166.9 163.7 159.4 157.6 159.1 161.2 163.8 166.2 166 164.7 162.2 158.8 154.7 151.2 147.2 144.6 140.8 138.6 142.4 145.2 148.6 150.6 153.9 155.3 157.9 163.7 168.4 168.3 169.7 174.1 174.6 176.6 178.8 182.5 188.5 194.5 199.4 202.9 206.3 208.6 209.3
8.2 8.6 8.9 8.6 9.8 10.3 11.2 15.9 25.8 34.7 39.7 44.1 50.4 59 59.4 53.4 59.3 64.8 68.7 72.6 81.9 94.9 98.6 103.1 108.9 114.7 126 140.2 149.5 158 162.6 164.6 163.8 170.2 178.4 186.2 190.4 189 187.2 184.9 181.5 177.9 175.4 170.7 166.6 164.8 162.4 165.1 167.4 169.7 168.1 167.1 165 161.8 158.5 154.6 151.7 149.2 144 143.3 147.2 148.9 151.8 154.5 157 159.7 163 168.2 172.2 173.4 179.1 184 183.5 181.2 185.4 189.7 195.9 201.2 205.7 209.5 211.9 213.1 213.2
8.1 8.3 8.4 8.5 8.9 10 17.8 28.6 39.2 47.8 52 54.3 72.5 76.2 72 67 62.3 66.6 72.8 77.1 84.7 95.2 101.4 105.9 110.7 115.2 123.1 129.4 140.2 153.6 166 171.4 174.2 176.5 178.8 183.3 187.3 188.3 189.6 188.6 186 182.7 179.9 174.1 171.3 170.7 171.7 173.8 175.7 176 174.6 172 168.8 165.8 161.9 157.4 154.5 151.5 143.7 149.1 150.8 153.1 156.5 160.7 162.5 165 168.4 172.9 175.7 180.1 184.1 186.9 186.4 187.3 191.3 197.4 203.9 209.2 213 215.5 216.4 216.1 215.2
7.4 7.7 8 8 8.5 13.7 28.4 41 51 59.3 60.6 81.3 90.1 90.2 84.9 79 69.9 67 67.4 78 84.2 89.6 96.5 104.8 113.3 118.1 123.1 127.9 135 142.3 153 164 174.1 180.8 183.6 184.8 185.8 187.5 189.2 189.8 189.3 185.7 181.5 177 176.5 177.1 178.1 179.9 181.9 183.3 182.9 181.2 177.9 173.5 168.8 162.7 157.2 153.9 146 151.9 153.8 157.8 162.8 167.2 168.9 171.4 175.1 177.9 180.6 185.5 188.4 191.1 190.8 193.2 199.1 204.8 210 215.4 218.3 219.3 219.3 217.4 214.6
6.8 7.8 7.8 7.8 9.2 29.2 44.4 54.5 63.3 69.7 86.3 95.9 101.3 102.2 97 89.9 82.6 79.4 77.5 73 85.2 89.9 94 99.3 108.7 117.5 122.6 126.9 132.6 137.9 143.3 147.6 156.7 170 180.2 184.8 189.2 190.8 191.5 191.4 189.7 186.3 182.9 181.1 181.5 181.6 181.2 183.2 185.5 186.7 186.3 184.5 181.7 176.8 172.1 165.3 159.7 154.6 145.1 154.2 158.9 164.1 168.7 172.8 175.5 179 181.8 184.4 187.5 190.8 193.6 198 196.1 197.2 200.4 203.5 212.6 218.3 221.1 220.1 217.4 214.4 209.2
7 7.7 8.2 8.1 21.6 45.7 59.4 67.8 74.1 87.9 96.2 103.8 109.5 111.1 107.4 99.3 91.4 88 87.7 86.7 87.6 95.5 99.9 104.4 112.9 120.7 126.1 131.6 134.9 135.8 139.7 142.5 149.9 157.4 163.9 168.7 177.6 187.7 193.2 194.2 191.3 189.1 187.3 187.2 187 186.9 187 187.6 189.1 190.4 188.7 185.6 181.7 176.7 171.8 165.3 160.4 153.9 151.9 157.9 165 171.3 175.8 179.6 183.3 187.3 190.7 193.5 195.1 198.1 201.3 204 204.4 206 206 209.5 213.6 218.8 220.2 217.1 213.9 209.6 206.5
6.7 7.6 8.2 9.1 30.2 55.2 71.2 78.3 85.2 95 101.6 110.5 115.5 120.1 116.3 107.9 101.4 97.6 96.1 96 96.6 98.3 107.4 114.2 121.1 126.1 133.3 139 143.2 146.2 145.4 144.5 147.5 154.5 159.5 166.1 169.5 174 183.9 189.6 195.3 195.7 195.1 195.2 194.6 195.4 197 197.6 197.3 196.1 193.8 189.3 185.3 178.6 173 167.1 162.2 152.8 156.5 161.4 169.1 177 182.3 186.7 191.4 196 199.2 202 204.9 206.7 209.2 211.4 212.7 216.5 218 219.3 221 223.6 226.2 224.7 223.8 221.8 216.5
6.8 7.8 8.3 11 21.9 58.9 77.5 88 102.3 118.6 128.5 131 133.2 132.2 128.2 122.7 113.1 107.1 104.9 99.9 99.8 99.1 112.7 123.2 128.2 133.5 141.6 147.5 154.9 157.7 157.3 155.6 152.2 154.5 162.2 168.3 172.4 176.1 180 184.6 189.7 192.7 195.6 198 202.9 206.8 207.9 207.7 205.1 202.7 199.9 195 189.3 184.5 178.9 172 165.3 158.8 160.4 165.2 172.9 181.4 187.1 194 199.7 204.1 209.2 213.5 216.6 218.4 219.6 221.2 224.6 226.5 228 230.1 231.2 233.8 236 236 230.6 225.3 221.3
6.3 7.3 9.1 14.9 31 57.8 75 95.1 114.6 129.8 135.7 140.5 144.3 145.6 142.9 137.8 129.7 120.5 113.8 109.1 104.9 104.9 114 125.4 131.5 138 144.7 150.4 156.7 160.4 163.3 164.6 162.3 161.6 166.2 173.3 177.8 181.9 185.8 188.3 190.5 192.7 194.9 200.6 208.1 212.3 215 215.9 216.3 214.6 212 207.5 200.4 194.9 188.6 182.3 173.8 166.4 164.2 171 177.5 184.3 190.8 199 206.4 213.2 218.7 223.3 226.7 231 234.2 237.8 239.6 241 241.5 242.6 243.4 244.5 244.1 241.3 238.8 233.4 227.4
