UK/data/sd/sd18_OST50GRID_20230518/SD18.asc
ncols 200
nrows 200
xllcorner 310000
yllcorner 480000
cellsize 50
[rows 38 to 75 of 200, columns 0 to 83 of 200]
15.1 18.2 20.2 20.7 21.6 21.5 21.1 21.7 22.2 22.4 21.9 20.5 21.3 22.9 24.2 23.3 19.7 19.9 20.6 21.3 21.8 23.2 26 29.1 30.8 42.6 50.8 56.3 58.3 57.4 56.9 57.1 56 58.3 65.6 69 85.9 104.2 122.8 137 147.5 153.2 159.8 165.3 172.5 179.6 185.1 188.3 190.7 195.3 198.5 198.6 199.8 201.8 204.7 206.9 207 206.7 207.2 205.9 200 183.5 182.8 204.5 222 235.1 246.8 255.7 262.7 269 275.4 282.4 291.6 298.2 303.2 307.2 308.4 308.7 308.3 306.2 303 298 291.8 298.4
14.6 16.3 17.8 19.1 21.3 22.2 22.4 22.3 22 21.9 20 19.3 20.5 22.6 24.8 23 19.8 19.2 19.8 20.6 21.2 22.4 25.8 27.3 30.6 41.5 50.3 54.8 57.1 56.2 57.3 58.9 56.2 60.6 70.4 84 99.6 116.3 132.6 145.7 154.7 160.9 166.5 174 182 188.6 193.7 197.1 200.7 205.6 209.1 211.6 213.7 217.2 221 224.3 225.5 225.9 224.7 222.5 216.4 196.6 180.1 206.6 224 240.8 253.3 262.9 272.2 279.7 286.8 295.1 301.9 309 313.9 318 320.9 322.6 322.8 321.2 318.5 316.3 313.8 315.3
16.3 16.7 17.8 19.6 22.2 23.8 23.1 22.8 21.8 21.6 19.1 18.5 20.4 22.6 23.8 20.4 18.3 18.4 18.9 19.5 20.1 26.8 30.6 30.5 31.8 38.6 46.4 51.3 55.2 56.5 57.2 56.8 56.2 64.9 78.5 97.8 110.6 126 141 153.3 161.2 168 174.5 183.7 189.8 196.1 200.4 204.8 209.2 214.7 218.2 222.5 225.9 230.4 234.1 237.3 239.2 240.7 240.7 238 232.7 210.9 181.1 204.5 225.9 243.1 257.9 270.2 280.1 288.7 297.4 303.9 310.8 317.5 321.1 325.2 328.8 332.2 333.8 333.8 332.6 330.4 329.3 329.8
15.9 17.9 19.7 21.1 20.1 21 21.1 21.6 21.6 21.4 18.4 17.2 19.2 21.5 19.4 17 18 17.9 17.9 18.8 23.8 31 33.6 31.8 32.4 38.3 46.2 49.6 56.7 58 57.5 56.1 56.9 68.5 85.1 104.3 119.3 135 149.3 160.8 168.2 176.3 184.7 190.7 196.1 201.6 205.8 211.9 217 224.1 228.5 231.8 236 239.8 242.8 245.9 248.5 250.6 251.8 251.2 245.6 224.1 198.7 198.9 224.2 241.1 256.4 271.1 284.1 294.1 302.8 308 315.1 319.9 324.9 329.1 332.8 336.3 339 341.1 342.2 341.5 340.5 341.8
14.6 17.7 21.1 23.3 21.4 19.2 19.8 21.1 21.8 20.5 17.1 16.1 17.6 19 17.2 17.7 18 17.3 17.2 18.2 22.4 30.9 35 33.1 32.4 37.7 50.9 55.7 57.4 57.7 56.7 56.8 57.9 72.2 92.8 113.5 130.6 146 159 167.7 176.3 184.2 191.1 197 203.4 207.5 211.8 217.3 224.2 229.6 234.5 239.4 243.2 246.6 249.7 252.4 255.2 257.5 260.8 261.7 257.3 239.4 218.1 195.1 211.1 231.6 249.1 263.8 278.7 292.4 301.3 307.8 314.5 319.3 324.6 329.1 334.2 337.6 341.5 343.9 346.2 347.6 349.7 351.9
13.1 15 17.3 21.1 22 20.4 19 20.2 19.9 18.8 15.6 15.1 16.6 16.3 16.7 16.4 17.9 17.2 16.9 19.1 24.4 32.1 37.6 34.4 32 35.9 47.7 56.6 56.4 57.9 55.5 54.5 61 78.2 99.3 119.7 138.4 154.3 166.8 175.7 185.4 192.1 198.2 204.7 210 213.4 217.1 224 230.2 235.5 240.3 244.8 249.3 252.9 255.9 258.5 261.7 265.3 268.7 270.3 267.4 254.7 237.4 220.3 204.2 218.7 237.6 252.9 265.6 280 289.7 298.8 306.8 313.2 319.4 325.9 332.3 335.9 341.1 345.2 349 351.9 355.4 358.5
11.2 12.4 14 16.8 19 19.3 17.8 18.4 18.4 18.1 15.3 14.9 15.5 15.7 16.4 15.9 17.2 17.2 16.9 21.1 31.6 36.4 36.8 34.1 31.6 34.7 40.8 51.4 56.5 57.2 53.5 53.2 63.3 82.7 104.6 125 146.6 163.2 174.7 186.5 195.8 200.4 206 211.1 216.9 219.6 224.2 229.2 235.2 240.7 245.9 250.3 254.6 258.5 261.7 265 268.8 273.4 277.9 280 279.1 271.8 257.8 242.7 227.3 211.9 222.1 240.9 255.2 267 277.1 285.8 295 302.1 310.3 317.4 325.3 332.2 337.6 344.3 349.8 354.6 359.1 363
9.9 10.3 11.4 13.4 14.9 15.4 15.3 14.8 14.1 15.2 13.8 14.5 15.1 15.2 15.2 15.1 16.9 17.9 18.2 25 32 34 34.5 32.6 31.6 32.7 36.6 43.2 50.7 52.3 49.8 53.4 66.2 87.3 107.3 130.2 153.9 170.2 181.2 192.6 201.4 207 212.4 219.1 222.9 224.9 228 234 241.2 246.7 251.4 255.6 259.5 263.6 267.6 271.5 277.8 283.8 288.1 291.8 292.6 288.9 277.5 263.8 249.7 233.3 216.7 228 243.2 254.5 261.8 269.7 279.2 290.2 300.7 310.1 319.7 327.6 335.6 342.8 350.9 356.8 362.1 366.9
9.2 9.9 10.3 11.2 11.7 12.1 11.6 11.8 12.2 13.1 13.5 14.3 14.8 15.1 15 15.4 18 20.3 22.8 28.4 30.5 32.8 32.5 31.6 31.8 32.2 34.6 40.4 43.9 46 51.3 54.9 68.1 89.8 108.9 132.1 153.2 169.8 183.2 194.7 203.9 211.8 219.1 223.8 226.8 229.4 234.3 242.4 248 253.4 257.4 261.3 264.9 269.1 273.9 278.9 285.8 293 299.5 304.1 305.5 304.3 296.4 283.2 269.4 254.4 236.2 220.8 229.1 235.7 249.6 256.1 260.2 271.3 287.3 301.7 316.4 325.8 334.6 343 351.2 357.7 364.1 369.9
10.4 10.1 10.6 10.9 11.4 11.3 11.8 11.9 12.3 12.8 13.4 14.1 14.5 14.6 15.5 15.6 18.7 22.6 24.2 25.5 27.7 30.6 31.7 32 32.3 32.9 35.1 38.6 42.5 46.3 53 54.3 65.4 88.8 109 130.9 151.7 168.4 182.3 192.3 201.3 214 221.5 227.6 231.7 237.6 243.7 249.6 255.7 262 265.5 269.7 273.6 277.8 283.2 288.4 296.7 304.5 310.4 314.8 317.4 316.5 312 301.1 287 271.5 250.8 230.5 243.7 259.4 271.3 279 282.9 278.4 275.3 296.1 311.7 324.6 334.3 343.2 351.5 359.5 366.6 373.2
14.4 13.7 14.1 14 13 12.1 12.1 12.2 12.4 13 13.5 14 13.5 15.1 16.3 25.2 26.5 26.6 25.9 25.1 28.1 33.7 34.2 33.7 34.1 33.9 34.9 36.7 40.2 46.6 51.3 54.7 67 85.9 108.2 129.7 150.3 168 180.4 190.7 203.2 216.3 225.2 231.7 237.5 244.8 251.8 260.7 266.7 270.1 275.9 282.3 286.7 291.6 295.7 301.7 309.3 316.3 321.6 325.8 327.4 325.5 323.6 315.1 300 281.9 257.8 236.4 257.1 274.6 287.1 295.1 299.4 301 295.4 288.6 306.9 320.1 332.3 342.3 353.1 361.1 368.5 375.4
20 18.6 18.3 18.4 16.9 15 13 12.5 12.8 13 13 13.3 14 14.6 22 31.6 33.9 32.7 30.9 25.7 27.8 33.6 36.5 38.2 38.3 35.6 35.6 35.5 38 43.5 49.4 56.6 67.6 79.9 102.1 126.6 147.6 167.2 178.5 189.6 203.6 217.6 227.1 234.1 242.6 251.7 261.3 267.5 273.7 280 287.1 295.1 301.9 306.5 310.9 316.1 322 329.7 333.6 335.1 336.9 337.2 332.5 324.1 308.2 286.3 261.9 248.1 271 288.5 299.7 308.2 312.9 314.7 314.9 307.9 294.8 310 323.1 335.5 350 361.6 370.4 378.1
22.1 20.8 19.3 18.9 18.2 16.4 13.2 12.6 12.8 12.7 12.7 13.2 13.6 17.1 25 31.2 34.1 32.7 30.5 25.7 28.1 35.1 38.4 40.2 40.4 39 37.5 35.9 36 39.3 50 59.2 66.5 75.6 95.6 122.9 144.6 163 175 186.5 203.2 216.1 226.7 237.1 246.1 257.7 266.2 272.8 281.4 289.1 298.1 307.8 315.3 321.4 326.3 331.6 337 341.2 343.7 346.6 348.3 347.5 342.5 333.4 315.2 293.1 269.2 262.3 283.4 300.5 310.6 318 324.4 327.9 330.2 327.6 320.6 309.6 307.6 317.3 340.8 357.6 370.4 379.9
21.5 20.8 19.3 19.1 19.1 15.2 12.6 12.2 12 12.3 12.6 13.6 17.3 22.7 27.1 31.2 31.5 29.1 28.1 26.2 28.9 34.7 38.9 41.7 41.9 42.2 42 37.9 35.9 37.9 50.1 59.6 66.6 74.3 92.8 117.4 142 158.4 171 185.4 203.1 217.1 228.1 239 251.1 263.2 270.7 279.2 288.1 296.5 307.5 317.4 326.2 333.8 340.4 346.1 350.2 352 354.6 357.2 358.1 357.4 353.1 343.2 323.9 303 279.7 273.3 293.1 309.4 318.3 324.9 333.4 338.3 341.1 342.3 339.7 332.7 331.2 321.6 334.2 356.2 370.5 381.3
19.6 19.5 18.7 20 19.5 14.7 11.8 11.5 11.7 12 13 17.2 22.2 24.4 25.3 28.1 30.3 29.2 26.6 25.5 27.8 34.6 40 43.1 42.7 42.8 43.3 40.3 36.9 38 50.4 60.8 68 75.9 90.2 112.7 134.7 152.4 168.3 185.2 202.6 218.4 230 242.7 256.6 268.7 276.6 286 295.2 304.6 315.3 325.7 333.9 341.8 349.6 355.1 357.8 359.9 363.4 364.3 364.9 364.9 361.5 352.6 333.9 315.2 294.5 274.6 293.8 311.5 323.3 332.1 339.7 344.7 348 350.3 350.6 348.2 348.4 345.3 333 354.7 370.6 382.7
18.5 18.6 19.6 21.1 18.3 11.3 11.1 11.3 11.6 12.8 17.5 21.8 24.8 25.3 23.7 24.7 27 27.2 25.7 25.2 28.4 34.2 38.7 41.7 41.9 41.2 42 40.7 37.9 38.4 49.7 61.3 69.3 76 88.1 109.3 129.7 149.6 167.7 184.9 203.2 218.4 232.2 246.3 260.8 272.7 280.7 289.3 299.2 309.8 320.6 332.1 339.5 346.8 353.5 358.2 361.1 365.6 367.3 368.6 370.8 372.7 370.3 362.7 346.2 328.4 311 290.9 290.4 310.6 324.5 334.8 342.5 349.2 354.1 359.1 362.8 364.7 362.8 360.2 348.4 351.4 369.9 385.1
18.4 19.1 19.8 17.7 13.2 10.9 10.9 11.3 12.3 16.7 21.8 25.2 26.7 26.3 24.2 22.3 22.1 22.7 23.2 23.6 27.5 33.6 37.5 38.1 40 40.8 41.5 40.1 39.1 40 48.3 61.9 70.4 75.8 86.3 104.8 126.8 147.5 166.6 185.5 203.4 217.7 234.1 248 261.3 273.2 282 290.9 300.2 311.7 321.3 332 340.7 347.8 353.2 357 362.8 366.6 368.5 370.1 374 376.1 376.7 374.8 360.3 341.9 325.4 307.4 295.6 310.8 328 339.4 349.4 358.2 363.7 368 371.9 374.1 374.7 372.8 369.4 357.5 365 385.7
19.8 19.9 17.2 13.1 10.8 10.9 10.9 12.6 16.7 20.3 23.3 25.8 27 25.2 22.6 19.7 18.1 18 19 21 24.8 31.8 36.7 36.1 37.2 39.7 40.6 40.4 40.6 42.7 49.6 62.6 69.9 75.6 86.3 101.8 123.5 144.7 164.9 185.3 202.9 216.8 233.4 247.4 259.3 271.4 281.2 289.9 299.2 309.8 316.4 326 336.4 341.9 348.2 354.4 360.8 365.1 367.8 371 374.4 377.2 379.6 379.9 374 356.3 339.6 326.4 313.9 314.3 334.4 346.8 356.6 365.4 370.6 376 381.1 384.7 387.1 386.6 384.6 377.7 370 387.8
21.2 19.5 14.2 10.8 10.5 9.9 11.3 14.9 19.4 21.8 23.3 24.3 24.7 22.3 19.6 17.5 16.4 16.3 16.7 18 22.3 29.3 36.5 37.4 37.9 39.8 40.2 41.1 42.8 45.7 53.8 63.3 69 74.6 86.5 103.4 123.2 143.8 164.1 183.6 199.4 214.6 230.3 243.9 256.2 266.8 276.7 285.8 293.5 302.4 310.7 318.1 327.8 335 341.8 348.1 354.4 361 364.3 369.1 373.9 378.8 381.9 383.2 382.4 370.4 353.5 341.1 330.9 321.9 332.4 349 359.5 368.5 376.8 384.5 391.4 397.2 402.1 403.1 399.8 393.4 381.3 398.6
20.5 17.3 11.9 10.2 10 9.8 12.2 13 16.4 19.7 21.5 21.1 21.4 19.6 17.9 16.5 16 16 16 17.1 24 31.3 36.3 39.3 39.2 39.4 40.4 41.5 44.9 49 55.1 60.9 66.9 74.1 86.7 104.6 125.2 145.7 163.8 181.9 195.2 211.4 226 239.2 251.5 261.7 269.9 278.7 287.5 296.4 304.1 312.2 320.1 327.9 335.5 341.5 349 355.6 361.6 367.4 374 380.7 385.2 388.8 389.5 387.2 370.6 356.8 348.5 342.1 334.8 347.2 363.6 378.1 388.3 397.7 403.9 409.9 414.5 415.8 412.8 407.4 396.6 406.7
16.9 12.1 9.6 9 9 13.6 18.5 18.8 18.2 17.3 19.7 20.4 19.5 18.2 16.7 15.6 15.7 15.9 15.9 17.3 25.6 33 36.8 39 39.5 38.9 40 41.9 45.6 49.4 54 59.1 66.4 76 87.2 103.3 125.9 145.6 160.9 175.2 189.8 206.2 219.7 232.8 244.6 254.6 263.2 271.3 280.5 288.5 297 305.3 312.5 320.8 328.6 336.8 344.5 352.4 360 367.6 378.3 386.6 392.5 396.8 398.9 398.4 386.7 373.9 364.3 357.4 351.6 355.1 374.1 387.9 400.1 410.4 418.2 422.9 425.1 425.9 424.5 420.1 412.4 418.4
10.8 9.4 9.5 8.5 9.5 14.2 20 22.1 22.5 19.1 17.3 18.6 18 16.2 14.9 14.7 15 15.5 15.9 17.2 25.3 33.7 37.1 39 39.1 38.5 39.1 41.6 44.6 47.8 52.5 59.1 67 76.3 92.6 110.2 126.7 140.8 148.6 160.2 175.9 194.5 211.6 223.3 229.2 241.5 247.7 262.3 275.5 286.2 295 303.1 312.1 319.8 328.4 336.9 345.9 353.9 362 372.8 385.2 393.4 400.4 404.3 407.7 407.1 397.7 392.7 381.2 371.8 366.9 363.8 383 397.1 409.1 419.4 425.7 430.6 433.8 435.9 434 430.7 427 430.1
9.7 8.3 8.6 9.1 10.1 13.6 19.7 23.3 24.5 20.9 17.2 17.3 16.8 14.8 14.7 14.7 14.7 16.4 16.3 18.1 25.8 33.2 37.2 39.2 38.4 38 38.3 39.9 42.6 45.4 48.8 57.6 67.4 79.4 100.9 121.4 139.1 154.9 165.8 175.8 186.6 194.6 203.4 218.8 233.4 246.3 256.7 268.4 279.5 288.8 301.1 308.8 317.8 324.8 332.3 340.8 348.4 356 364.2 375.4 388.6 398.7 405.6 409 411 410.6 407.6 404.1 398.1 392.6 385.5 378.7 389.4 404 415.1 425.1 432.1 438.8 444.9 446.7 444.3 441 438.5 440.8
11.4 11.2 10 10.1 13.9 15.6 19.1 23 25.9 24 21.4 19.1 17 15 14.7 14.7 14.7 15.1 16 20.3 29.5 31.9 36.4 39 37.7 37.7 37.9 38.6 40.3 42.5 45.7 60.9 67.3 85.2 106.8 127.9 146.8 163.2 177.1 189.2 198.7 207.2 217 232.6 245.6 256.4 265.5 275.7 288.5 299.7 310.9 319.1 326.3 332.8 339.6 347 352.7 358.9 366.1 377.5 390.2 399 405.2 410.4 413.2 414.7 414.8 413 412.9 410.3 403.2 390.5 399.1 411.7 423.7 433.8 443.1 450.8 455.4 456.6 452.7 450.5 449.3 449.6
12.3 12.4 11.6 13.8 18.6 20.3 21.5 21 25.2 26.6 25.9 22.7 20.1 16.9 14.7 14.7 14.7 15.5 18.5 22.3 21.6 28.5 36.9 38.2 37 37.1 37.6 38.4 39.4 40.6 46.2 58.6 67 89.9 111.5 133.7 156.6 173.4 188.9 201.7 211.4 220.7 232.8 244.7 255.6 265.8 275.8 288.9 299.7 310.1 319.7 327.5 335.2 341.1 345.9 349.5 354.8 360.8 367.3 376.9 386.9 395.2 403.2 410.9 417.1 419.4 421 423.1 424.4 423.6 417.8 401.7 411.8 422.9 436.3 447.7 456.4 462.3 465.7 465.2 462.7 459.9 458.1 457.4
11.2 12.5 14.3 18.4 22.8 24 23.1 19.4 23.2 28.8 29.1 26.2 23 18.1 14.9 14.7 14.7 15.6 18.1 27.6 30.2 33.7 28.1 31.1 35.1 37 38.4 39.2 39.2 39.3 45 63.1 71.1 95 113.1 141.1 166.9 184.9 200.1 213 224.1 231.7 243 254.9 266.1 276.3 290.1 303.7 313.9 321.8 326.1 331.4 336.9 340.5 344.8 348.4 353.9 359.7 366.2 375.2 384.9 393.8 406.4 415.8 420.3 428.9 433.1 433.1 434.4 431.9 426 420.4 427.4 438.1 450.8 460.8 468.1 472.9 474.1 472.8 470.8 468.3 466 462.9
12 13.2 17 21.5 25.4 27 26.7 24.6 24.6 27.3 28.7 28.3 24.4 19 18.1 15.8 16 18.2 31.6 37.2 37.2 37.2 36.1 36.7 34.5 37.4 39.2 40.3 40.4 40.2 42.8 63.9 76.4 100.9 121.7 146.2 171.6 194.6 210 223 230.4 238.9 251.2 261.1 274.6 289.1 303.7 317.1 327.6 330.9 332.2 333.7 335.8 337.5 341.2 345.5 350.9 357.8 366.1 375.7 387.1 396.8 409.2 419.5 433.4 439.8 441.8 440.9 439.2 437.4 435.3 434.8 441.4 449.9 462 470.3 475.8 479 479.5 480.1 478 475.6 473 469.2
12.5 16.2 21.9 26.7 29.7 30.8 30 28.4 26.3 25.7 27.2 28.8 27.1 23.6 22 19.1 21.7 31.2 38.6 38.3 36.9 35.6 36.1 37.1 38.3 39.2 40.1 42 42.1 41.6 47.8 65.2 83.7 103.7 128 152.6 176.1 193.3 210.6 223.2 232.8 245.3 257.6 271.5 284.7 299.3 312.6 323.5 328.4 330.9 328.6 330.2 332.3 335 338.3 343 348.6 356.4 367 379.2 387.8 397.4 407.8 420.7 435.1 440.5 442.7 445 446.3 445.7 444.6 445 451.2 460.3 470.4 477.1 481.5 483.8 484.9 486.3 485.1 482.4 478.8 475.3
16.1 21.8 27.2 30.7 33.5 33.9 34 33.2 31.9 28.8 30.6 32.1 30.4 26.9 28.6 29.3 33.2 36.8 37.5 37 35.9 35.3 36.1 37.6 39.3 41.3 40.1 43.1 44.2 44.6 52.6 69 87.5 103.9 129.5 160.7 178.2 189.5 199.4 215.1 233.8 244.8 260.5 274.2 281.3 288.2 298.3 306.6 313.2 318.7 321.5 325 327.6 329.7 334.7 339.7 346.4 354.1 366.4 378.3 387.4 395.4 406.3 417.6 428.9 437.6 445.3 449.5 450.8 451.8 452.1 453.2 458 466.5 476.4 480.9 484.6 490 495.5 495.4 492.1 487.9 483.6 479.4
19.7 25.1 28.9 32.1 34.3 36.6 38.1 38.4 37.1 34.6 34.1 35.6 33.6 30.9 34.2 37.8 40 38.2 36.8 36 35.7 35.2 36.5 38.3 39.8 42.4 44.2 44.7 47 48.6 61.5 73.8 90.4 105 131.5 159.9 171.4 177 185.2 199.9 211.5 221.1 232.5 248 264.3 275.7 285.4 295 303.6 311.2 316.6 320 321.2 324 330.4 338.4 345.5 354.6 366.2 376 385.4 395.6 406.9 418.9 428.1 438.6 446 450.1 452.4 455.9 458.6 461 465 472.5 480.2 484.3 491.5 497.6 500.6 499.7 495.9 490.6 485.9 481.5
21.6 25.9 29.5 33 36 38.2 39.9 41.5 41.7 41.4 40.4 39.8 39.2 40.1 40.9 41.2 39.6 37 36 35.3 34.9 35.2 37.1 38.9 40.7 43.1 45.4 46.5 47.9 52.3 65.4 76.3 91.3 102.7 120.9 132.1 143.5 149.7 156.1 167.6 181.1 195.9 211.9 231.8 248.3 263.3 275.4 286.8 296.6 305.9 312.1 315 313.3 317.7 326.8 335.5 344.6 356.8 367.2 376.3 385.7 396.9 409.1 420.9 431 438.4 445.1 450.1 454.7 459.6 463.5 468.2 472.9 478.9 485.5 491.8 497.2 500.1 500.7 499.9 497.3 491.7 486 482.1
22.3 25.9 29.2 32.5 35.9 38.3 40 41.6 42.9 43.4 43 43.2 43.8 44.5 45.1 42.6 38.5 35.8 34.4 33.9 34.2 35.5 37.3 39.1 40.9 43.7 46.8 49.4 51.9 53.9 60.1 72.6 81.5 90 96.8 102.9 108.3 117.8 127.3 138.1 150.7 164.9 190.3 212.9 235.5 251.9 264.6 276.3 287.8 300.9 306.5 300.7 299.2 309.7 319.4 330.2 341.8 354.5 365.6 375 385.3 399.1 411.4 423.3 432.8 442.8 449.4 454.2 461.1 466.2 470.4 473.6 478.5 485.7 492.4 496.9 500.4 500.8 500.7 498.3 494.9 489.7 485 479.4
20.6 23.5 27 31.2 35.1 37.8 39.4 41 42.6 43.2 43.9 45.2 46 45.9 46.1 43.1 37.8 34.6 33.3 33.3 34 35.2 36.9 38.8 41.4 45.1 49 51.1 53.3 57 62.1 67.1 76.1 85.3 89 107.3 120.6 133.2 144.8 161.6 167.2 179.3 170.6 195.6 218.8 239.7 252.2 264.8 275.5 280.4 278.6 280.7 288.7 297.8 309.7 322.5 336.5 350.7 363 373.1 385.5 398.8 411.1 424.7 435.2 443.8 450.6 459.4 467.9 471.7 474.6 481.1 487.1 493.9 499.8 506.5 509.6 506.7 502.4 497.7 494.3 489.4 483.3 476
21 23.7 27.3 31.9 34.7 37 38.7 40.4 42.1 42.9 43.5 45.3 45.2 43.9 43.3 40.8 36.4 33.4 32.7 33.3 33.9 35 36.3 38.9 41.6 45.1 47.7 49.5 52.2 57.2 64.4 73.2 87.6 100.5 113.7 129.5 142.5 157.7 171.9 184.1 194.8 203.5 204.7 197.8 193.3 225.5 241.8 254.1 259.3 260.8 268.3 278.9 288 297.7 306.2 316.7 324.8 340.8 358.6 371.4 384.4 396.6 408.2 420.9 432.4 443 452.6 462.2 468.6 474 483.1 492.1 497.3 504.2 510.4 514.5 515.4 513.3 509.2 500.8 494.4 488 480.4 471.8
24.1 28.4 30.7 32.2 34.3 36.2 38.1 40 41.6 42.6 43.4 44.2 44 42.4 40.1 37.2 34.8 32.8 32.5 33.1 33.6 34.2 36 38.7 40.8 43.2 45.3 47.3 49.4 61.5 68.3 77.7 96.4 113.9 127.7 146.1 165.4 179.2 192.9 206.5 218.2 226.3 231.6 223 220.9 222.8 229.7 241 250.6 262.9 273.5 283.9 297.2 308.3 320.4 331.9 341.8 349.8 350 367 380.7 391.1 403.5 419 431.4 443.5 453.1 461.7 471.9 483.2 494.2 502 507.4 513.1 517.6 519.3 519.2 517.2 512.6 502.7 495 486.2 477.4 467.2
26.7 30.4 32.5 33.9 34.1 36.3 38.1 39.4 40.3 41.5 42.9 43.6 42.7 41.7 38.9 35.3 33.3 32.3 32.1 32.3 33.5 34.9 36.1 38.1 40 41.7 43.3 45.1 46.8 62.3 68.2 78.4 98.6 110.5 132.6 158 182 197.9 211 225.8 234.1 242.4 246.4 245.4 244.4 246 247.2 250.8 261 270.8 282.4 294.5 306.5 321.2 333.4 344.8 353.4 361.8 369.2 365.7 372.9 387.4 402.3 415.2 429.1 440.1 451.4 465.5 480.4 492.7 502.4 509.8 514.1 519.3 523.1 523.7 522.5 520.5 514.4 504.3 495.3 485.4 475.2 462.7
28.5 31 33.1 34.3 34.2 35.6 37.1 38.1 39.1 40.4 41.3 41.7 40.9 40 37.2 34.3 32.3 31.5 31.2 31.9 33.1 34.4 35.7 37.4 38.8 40.2 41.7 43.1 44.9 55.2 68.5 79.8 98.1 98.9 131.6 158.5 191.5 208.2 224 238.2 248.5 256.2 260.2 260.7 264.1 268.1 268.6 268.3 270.8 281.7 293.2 305.8 319.4 332.8 342 352.6 366.2 377.4 384 384.9 376.9 381.6 394.8 409 424.1 437.5 454.7 471.3 486.5 498.3 507.8 514.9 519.2 524.2 527 527.8 527.4 523.8 516.6 507.3 497.8 486.2 475.2 461
27.9 30.7 33 34.2 34.8 35.5 36.2 36.9 38.2 39.2 39.6 40.1 39.1 38 35.8 33 30.9 30.5 31 31.6 32.6 33.8 35.1 36.4 37.9 39 40.4 41.9 44.8 50.8 68.3 80 94.4 99 130 156.7 183.9 215.1 233.3 246.7 259 265.6 269.7 272.2 278.4 283.8 285.7 284.3 285.5 293.8 306.4 319.6 331.2 342.4 351.3 366.1 377.6 389 395.8 395.6 394.1 399.7 399.6 406.7 422 437.9 456.5 474 489.7 501.9 511.6 518.7 523.6 528.4 531.8 533 531.9 528.1 519.5 512.2 501.4 489.8 478.2 464.3
