WholeMapElevations/data/sd/sd29_OST50GRID_20230518/SD29.asc
ncols 200
nrows 200
xllcorner 320000
yllcorner 490000
cellsize 50
[rows 35 to 69 of 200, columns 0 to 78 of 200]
462.8 468.4 474.6 458.7 445.1 441.6 432.9 424.1 419.6 411.5 406.9 399.8 390.9 384.4 379 372.2 365.9 360.6 356.9 353.5 347.9 340.4 334.5 328.7 320.7 313.8 309.1 303.5 296.8 290.9 287.4 281.3 278 276.5 273.3 267.2 261.6 257.5 255.2 253.7 252.3 252.2 253 254.2 251.5 243.5 240.5 238.6 235.2 231.6 227.3 224.9 224 222.9 229.8 245.3 259.4 271.4 269.3 245.2 212.9 188.7 169.1 159.5 155.2 154.5 163.4 173.5 187.7 202.6 200.5 201.9 199 194.9 181.5 178.7 185.5 190.5 213
464.4 466.4 468.4 458.1 452.1 448 441.8 434.6 421.5 417.6 412.3 403.4 395.6 386.6 381.1 376.3 371 366 362.2 356.6 350.5 343.9 336 328.2 319.7 311.6 305.9 300 292.6 288.4 284.6 280.3 276.9 273.3 270.2 265.5 260.4 257 254.5 252.5 251.3 249.8 248.8 247.3 243.8 240.2 238 234.2 230.8 227.2 225.9 222.9 221 219.5 231.3 248.5 262.2 267.8 258.4 232.8 201.1 183.1 162.8 151.5 155.4 163.4 171.5 184.5 196.5 208.5 199 197.2 200.4 192.6 174.4 175.7 183 189.1 201.3
440.3 446.4 449.1 444.6 444.1 442 439.1 434 424.1 422.7 413.3 403.4 398.3 392.2 384.7 379.6 375 370.3 365.7 359.9 352.5 343.8 336 327.6 317.6 309.5 303.5 296.1 290 286.4 282.4 279 276.7 273.1 269.5 265.2 261.8 259.5 255.5 252.4 250 249.1 249.2 247.8 243.2 241.2 238.9 237.7 233.5 225.9 223 221.2 218.5 217.6 223.2 237.4 255.4 251.7 233.1 214.1 189.9 170.4 146.6 155 163.2 171.4 178 185.3 194.9 198.1 195.6 195.3 194.1 176.4 169.4 172.4 176.2 186.1 196.5
412.3 422.9 428.6 433.2 439 439.2 438.3 433.8 423.5 417.6 414 404.3 398 393 388.7 384.7 379.4 374.2 369 362 353 344.4 332.8 322.7 313.1 306.5 300.8 292.6 289.3 285.2 281.1 278.5 276.1 274.8 272.7 268.2 265 263 258.9 256.5 255.8 254.5 252.6 249.2 247.1 245 243.8 240 235 228.8 217.2 218 216 214.4 213.5 224.8 235.6 238.1 220.9 196.7 174.4 151.2 153.3 160.6 168.1 180.3 186.7 189.5 191.2 191 191 189.9 183.3 170.9 168.7 170.7 172.5 182.8 196.5
399.2 408.4 417.3 428.8 439.5 439.2 435.5 429.5 422.9 417.4 413.7 407.8 401.6 398.2 394.9 390 384.9 379 371.6 362.2 350.7 339.4 328.6 317.3 308.4 301.8 296.5 291.4 287.8 284.2 281 278.8 277.9 277.6 275 270.9 267.6 265.9 264.1 262.8 260.6 258.7 256.1 253.6 250.4 247.4 244.9 240.9 235.3 230.7 217.1 214.9 214.6 213.1 212.6 215.7 221.1 226.1 210.2 179.8 157.6 149 158 165.7 179.1 184.9 189.8 195.4 197.7 191.6 190.6 191.8 187.6 168.8 168.3 169.6 173.1 186.5 201.9
387.6 395.6 407 419 433.1 431.2 429.3 429.2 426.4 421.3 416.7 410.3 406.4 406.1 403 395.8 393.1 385.6 374.7 361.6 347.3 332.7 322.2 312.6 304.6 297.9 293.1 288.9 286 283.4 281.2 280.5 280.6 279.7 277.7 274.5 270.3 269.9 270.7 270.3 267.6 264.5 261.8 258.4 254.5 250 245 239.6 235.9 227.5 217.5 212.6 212.2 211.6 210.6 210.3 215.7 208.1 192.1 166.2 144.1 155.3 164.6 172.4 176.6 188 197.8 207.8 200 193.4 189.5 183.9 182 164.3 165.7 167.5 175.8 194.6 202.8
381.1 389.5 398 406.6 414.7 420.9 425.4 431.1 430.8 428.7 419.3 413.4 411.3 407.8 403.3 396.7 388.7 378.1 364 349.4 340 326.7 316.9 308.5 301.3 295.4 291 287 284.7 283.7 282.6 284.4 286.2 283 282.2 281.2 275.4 274.8 275.9 276.7 276.7 272.3 268 263.2 257.8 253 246.9 239.7 233.1 226.6 217 210.1 209.4 208.9 210.9 204.6 201.1 191.3 181.3 146.5 150.4 158.8 167.8 176.6 184.9 196 202.6 203 198.7 197.8 190.2 174.9 169 163.1 163.5 166.1 176.7 183.5 193.4
378.3 384.1 392 403.1 410.2 416.9 424.4 429.5 433.4 425.6 418.6 417.5 418.7 421.2 407.5 395.7 382.5 367.7 352.8 341.1 331.5 322 313.6 306.9 299.2 293.7 289.1 287.6 286.8 284.9 285.9 287.2 287.6 286.5 286.2 287.3 284.7 286.2 286 285.2 283.4 279.7 274.5 269.2 261.8 256.7 249.5 241.6 233.2 222.8 213.1 205.3 205.1 205.6 214.9 202.8 191.3 175.8 158.1 146.2 152.4 160.4 167.4 180.9 194.1 204.7 213.4 211.4 208.9 205.6 195.4 183.1 169.4 160.1 162.8 165.8 172.3 175.9 182.5
379.5 382.5 391.7 402.8 409.6 421.4 428.6 428.8 428.6 425.3 414.6 409.3 406.5 398.4 391.6 381.5 368.7 357.7 347.7 338.5 328.3 317.7 310 304.8 297.6 292.5 291.3 291 288.4 288.1 289.2 290.1 290.6 290.6 291.1 291.5 291.6 294.9 296.2 295.6 291.8 287.1 279.5 274.1 267.7 260.9 252.3 243.2 235.1 222.4 210.7 201.7 200.1 197.6 194.3 197.6 186.8 166.7 146.4 145.6 154 160.8 168.7 185.2 203.5 212.3 216 213.5 209.4 201.4 191.9 186.3 164.9 158.1 162.3 166.3 170 173.7 181.4
382 384.8 388.8 393.5 396.4 402.2 411.9 421.3 424.3 418.5 412.4 406.8 402.3 393.3 386.5 379 367.6 355.9 348.2 340 327.8 316.5 309.8 304.5 298.5 296.1 293.6 291 290.6 291.7 294.3 299.3 300.6 298.5 299.7 301.4 303 305.6 304.9 302.5 298 291.7 287.1 281.6 273.5 265.1 254.1 243.8 234 223.1 210.5 197.4 196.7 193.2 186.9 180 171.1 154.1 140.9 149.4 157 163.8 175.3 195.6 214.4 214.7 220.4 216.6 206.7 196.1 189.1 182 161.1 157.1 163.3 170.2 171 171.3 174.2
384.7 387.1 388.9 391.4 393.3 396 403.1 412.9 418.1 415.8 411.7 407 401.6 394.2 387.8 378.6 370.2 360.5 349.4 338.4 326 315.2 309.3 304.6 302.4 300.8 296.5 293.7 294 295.8 301.6 308.3 309.3 307.1 306.3 309 311.2 315.2 313.2 304.6 299 297.4 294.5 289.8 279.5 268.2 257.3 247.2 237 225.4 212.6 188.8 192 188.5 188.6 191.6 176.4 140.8 146.5 155.7 161.1 170.1 186 207.1 219.4 221.8 222.8 214.4 199.9 187.5 183.3 169.5 156.1 157.2 163.1 172.4 172.9 170.3 171.7
388 389.5 389.8 390.2 392.1 395.3 399.9 407.5 412.5 413.8 413.4 411.1 405.8 396.9 388.9 379.1 372.8 364.6 352.1 342.8 326.7 315.5 309.5 307.2 307.3 304.7 299.7 297.9 298.3 301.7 307.9 311.7 316.2 312.6 311.3 312.8 319.9 320.4 314.5 303.8 301.4 303.4 305.1 298.4 282.9 272.2 263.6 252.1 238.9 227.7 214.2 169.9 176.9 178.6 182.7 183.7 154 140.2 152.1 160.1 165.8 179.7 198.6 216.1 227.3 227.3 218.9 208 195 183.5 176.8 164.2 154.4 156.5 162.1 174.3 175.2 169.3 169.8
388.2 390.8 391.2 390.3 391.4 394.5 400.6 407.3 410.8 415.2 417.6 416.8 410.6 401.5 387.5 376.8 370.3 363.1 349.4 335.9 324.7 316.4 312.1 312 312.6 310.8 305 301.7 302.6 306.7 312.4 315.6 318.2 318.2 316.5 320.5 329.8 321.2 309.1 304.7 302.9 305.2 310.6 305.2 284.9 276 269.5 257 240.8 227.8 215.1 194.3 166.7 161.7 161 155.6 140.3 145.2 152 159.4 170.6 185.2 203.1 215.3 228.3 229.4 222.3 207.3 194 180.1 169.3 155.6 150.5 155.9 158.4 165.4 170.4 167 168
387.5 390.5 391.4 389 388.7 394.1 401.6 409.1 418.2 421.3 422 420.6 415.2 405 392 378.2 366.2 357.7 345.5 334.6 325.3 317.6 317.8 317.8 317.5 315.3 309.9 307.5 308.4 311.4 321.7 326.3 323.7 319.4 322.9 326.9 335.2 317.7 308.3 303.9 304.3 321.5 315.3 304.6 285.8 284.4 274.6 258.3 236.7 223 207.3 189.5 174 160.4 144.2 146 135.6 144.8 152.5 163.4 170.8 185 200.4 213.7 213.8 218.1 216.7 199.3 188.6 173.3 158.2 152 147.9 151.7 154 159.1 162.6 160.4 165.1
387.3 388.3 389.1 388.1 388.6 392.3 397.8 409.8 424.8 432.9 430.4 426 419.5 410.4 398.4 383.4 367.3 355.9 345.3 335.8 327.8 324.9 328.8 329.6 326.8 322.8 317.6 315.3 314.7 316.9 326.1 332.1 324.9 321.2 323.7 326.2 323.9 314.4 307.3 304.7 305.4 313.9 314 302.5 281.6 276.8 259.5 249.6 234.3 224.2 208 187.4 174.5 160.5 151.2 146.5 136.3 141.6 153.4 160.8 168.7 179.9 190.9 203.8 201.8 204.6 197.8 191.2 180.2 162.8 154.6 150.5 147.5 149.7 150.2 155.5 154.1 157.7 164.6
387.3 387.3 387.8 388.3 388.3 390.4 399.7 417.3 433 439.2 435.1 425.3 421.8 413.3 404.5 389.9 374.4 361 348.4 340.3 334.9 336.8 344.7 349.3 341.2 333 326.8 322.2 320.5 321.9 325.6 331.1 328.3 327.6 330.1 330.2 326.3 318.6 307.9 309.5 309 318.4 319.5 288.7 274.4 262.6 247.5 241.3 234.9 218.6 201.7 186 171.1 156.5 150 147.5 136.9 135.9 146.3 157.8 173.4 174.5 170.5 169.7 175.1 183.7 182.8 177.4 172.8 150.8 147.4 147.2 146.7 147.6 147.8 147.7 149 155.8 164
386.9 387.5 387.7 388.1 388 389.8 401.7 425.6 430.9 432.9 429.8 422.4 420.5 417.3 405.5 395.9 384.6 371.7 358.9 348.4 344 346.9 351.7 353.1 351.6 342.6 338.7 334.9 333.1 331.4 329.8 332.2 340.4 344.4 347.4 337.9 329.9 315 309 305.8 311.1 320.5 302 281.4 268.3 255.9 244.5 232.9 222.4 206.6 196.1 186.4 171.7 155.7 150.8 146.7 139.2 128.8 149 168.5 181.4 173.3 168.7 163.7 163.4 170.9 161.1 157.8 148 152.2 146.1 144.5 145.4 145.8 145.5 145.8 147.7 155.5 160.8
388.4 389.6 388.9 388 388 391.3 401.9 417.3 427.6 425 421.6 418.5 418.1 416.3 406.9 398.3 389.4 380.5 370 363.1 355 356.6 359.6 361.4 359.7 354.5 353.7 350.4 351.7 345.3 346.4 342.9 338.3 338.8 336.4 331.8 321 314.9 307.4 300.2 303.2 301.8 285.8 273.2 264.6 253.9 239.2 227.6 220.4 208.7 199.6 191.1 177.4 161 158.8 153.4 141 137.6 152.7 164.1 173.7 173.6 170 161.7 154.2 153.1 152.5 143.7 142.2 144.2 144.2 143.8 144.1 144.5 144.4 145.1 147.7 153.6 157.8
392.9 392.5 390.6 388.7 388.5 393.6 401.9 414.9 419 419 416.5 415 414.2 409.2 402.5 398.5 391.1 384 377.5 373.9 374.9 377.4 377.9 377.4 373.6 367.4 366.9 359 355.7 353.6 357.5 349.5 340.3 330.5 323.4 320.1 316.9 313.2 307.9 301.8 293.9 287.9 276.4 272 265.2 254 239.5 230.2 222.7 213.9 206.3 196.1 181.4 167.1 165.5 158.4 139.9 138.9 160 170.7 178.6 176.4 169.2 168.1 155.6 140.9 140.9 141.1 141.3 141.9 142.6 142.9 143.4 144.2 144.8 145.9 148.3 153.9 158
400.4 396.2 394.2 389.6 389.3 393 400.6 406.8 410.2 413.2 413 410.3 408.3 404.6 398.7 394.3 390.1 386.8 382.9 386.3 392.1 398 395.2 386.9 382.8 377.3 373.3 367 366.3 368.7 362.9 356.4 341.3 330.4 322.2 322 319.3 317.7 311.8 297.6 298.4 284.4 269.7 268.5 263.3 249.2 239.1 230.7 222 215.9 209.8 198.9 177.4 168.8 164.6 155.6 125.6 145.2 167.4 182.3 189.7 187.4 171 159.2 148.4 140.9 140.8 141.1 141 141.6 142.3 142.7 143.5 144.7 145.5 146.2 149.9 154.6 158
403 399.8 397.4 392.6 391.1 395.1 403.5 405 406.9 409.6 407.4 404.4 400.5 397.6 392.9 389.5 388.4 387 386.7 391.3 399 404.3 403.7 396.1 392.2 389.2 383.7 368.4 363.8 364.6 359.8 352.7 341.2 328.7 329.6 330.6 318.7 312.7 307 294.4 282.7 273.2 261.6 269.6 260.9 245.5 238.2 230.2 223.7 219.8 212.7 199.1 173 165.4 154 146.6 132.8 151.7 164.7 183.3 186.5 178 159.3 149 141.6 140.7 140.6 140.6 140.8 141.6 142.8 143.3 144.8 146.2 146.8 148 149.6 152.2 155.6
404.1 402 399.8 395.5 392.8 395.6 400.5 402 402.7 401.8 397.9 395.9 393 390.4 387.4 385 385.8 385.6 389.4 400.5 397.9 403.4 406.7 398.7 396.4 390 384.2 367.8 360 355.6 351.9 346.6 336.5 333.4 334.9 328.2 318.6 311.2 302.4 291.6 282 266 253.5 266.3 259.6 248.5 235.6 231.3 227.4 222 214.4 194.8 168.5 152.6 140.2 130.7 149.4 158 152.3 153.4 151.9 151.8 147.6 141.5 139.9 140.1 140.3 140.4 140.9 141.7 143.1 144.3 145.8 147.4 148.9 150.3 150.3 152 154.5
403.7 402.1 400.4 396.7 393.6 393.2 394.3 393.9 393 390.9 389.5 387.7 384.6 382.2 380.2 380.2 379.9 377.8 382.2 391.1 395.4 395.6 398.2 395 392.9 390 381.5 368.7 356.7 356.1 347.5 340.1 337.1 334.6 332.7 325.1 318.4 308.5 303.9 292.6 275.2 256.6 247.1 256 256.8 248.6 238.2 235.7 232.9 224 214.8 190.8 161.5 137.7 134.1 151.8 160.3 165 159.9 151.9 143.6 140.7 139.9 139.6 139.5 139.7 139.8 140.4 141.6 142.5 143.7 145.5 146.8 149.2 150.9 151.8 152.4 153.1 154.7
403 401.1 399.6 396.1 392.2 391.6 391.2 389.2 387.2 384.2 380.4 378.9 374.2 371.2 370.3 372.3 370.3 367.1 373.7 381.1 385.5 387.1 383.1 379.7 380.7 377 365.5 360.4 347.8 339.8 335.9 337.4 338.1 338.2 337.1 333.6 324.5 309.3 296.1 289.2 265.6 245 243 247.8 250.6 255 250.4 246.7 234.7 222.2 204.7 176.4 146.1 125.7 153.7 166 172.5 175.3 173.6 165.5 153 142.7 140.8 139.4 139.3 139.3 142.7 144.9 146.3 145.9 147.2 149.4 151.2 151.2 153.5 154.2 154.7 155.9 157.3
403 400.6 398.1 394.8 390.8 389.4 386.3 382.2 378 375.1 372.2 368 362.8 358.5 358.7 361 358.3 358.6 366.3 376.2 383.7 386.9 381.8 372.8 364.8 359.2 349.7 345.7 342.1 331.2 331.7 337.4 342.8 339.3 340.8 338.4 327.5 313.7 293.3 274.9 250.3 238.1 234.9 242.3 256.5 253.8 253.8 247.5 232.2 217 191.9 161.2 130.8 140.9 167.7 179.7 185.3 185.6 183.9 171 158 148 144.2 139 138.9 139.3 143.1 148.8 146.8 149.6 152.6 154 155.9 155.3 155.8 157.6 157.9 159 160.8
401.2 398.7 396.1 393 389.3 385.4 380.7 375.2 370.1 366.6 361.6 354.3 347.7 345.7 348.3 349.5 346.3 352.7 357.4 365.6 373.9 385.6 383.8 374.4 357.7 348.5 342.7 338.3 334.9 328.1 316 313.1 319.4 318.9 317.2 314 308.4 295.2 282.4 264.5 239.6 231.4 233.1 243.1 251 254.5 252 245.6 231.7 216.9 190 153.3 123.3 159.5 176.5 196.9 199.6 188.8 179.6 167.2 160.2 151.3 144.9 139.2 138.7 139.1 140.6 144.3 148.5 153 156.8 159.1 160.6 160.2 159 160.2 161.7 162.9 166.2
398.7 395.8 392.5 389 385.4 380.8 375.1 369.5 361.9 355.1 348.6 340.7 334.1 329.9 333 340.1 338.4 346.3 349.1 352.4 364.8 371.3 375 372.4 355.6 347.9 333.9 334.3 328.5 321.7 315.1 304.2 300.5 299.4 292.6 291.2 281.2 274.2 259 252.8 231.7 231 243.6 259.5 268.4 271.4 265.5 257.9 243.8 222.8 188.8 139.8 136.1 174.4 189.5 202.3 199 190.2 184 177.8 169.4 157.9 147.6 139.7 138.5 140.2 144.2 150.6 156.1 159.9 164.1 168.1 167.9 165.4 163.1 163.1 163.8 166.9 171.2
393.9 390.4 387.1 383.8 379.6 375 368.4 361.6 354.8 346.7 338.4 332 324.8 318.1 319.2 321.1 325.7 331.7 333.3 340.8 350.7 353.9 363.6 356.7 347.4 335.6 328.6 331.5 326.1 322.2 315 301.7 290.5 284.5 277.2 273.2 261.1 245.6 230 227.6 229.8 225.4 247 267.1 280.5 283.8 272.7 265.2 247.7 215.4 177.9 127.6 141.5 170.9 197.3 203.4 199.6 196.3 193.1 187.2 175.7 160.7 147.5 139.5 138.7 146.8 154.8 163.4 167.5 169.9 174.8 178.9 176.4 171.6 167.7 166.5 167.3 168.4 171.7
389.1 384.4 380.1 376.4 372.3 367.2 360.6 355.8 347.4 338.8 330.6 323.7 315.9 310.8 309.3 311.2 317.1 321.4 326.2 335.2 345.9 347.9 348.8 338.3 333.7 328.6 323.9 326.7 331.7 324.3 311.1 298.8 290.7 284.5 278.3 269.9 253.2 233 222.6 229 233.5 213.8 235.1 268.8 286.3 284.8 276.4 272.7 257.7 201.9 151.5 119.2 147.6 175.2 199.6 202.4 207.2 198.9 192.6 182.7 172.9 160.7 145.9 137.8 142.1 157.5 171.2 177.2 179.1 179.8 180.9 175.4 169.7 171.2 167.5 167.2 169.4 173.2 176
383.7 377.4 372.4 368.8 363.6 358.7 353.3 348.8 338.2 330.9 324.8 318.4 311.7 304.9 300.2 304.1 308.2 315.8 314.8 319.5 324.4 330.6 324.8 324.7 326.4 320.8 324.1 325 327.1 325.1 310.4 296.5 291.3 291.6 278.9 263.5 240.3 223.6 217.1 227.6 215 202.7 220.2 268 287.2 287 281.5 268.2 246.4 179.3 137.1 116.6 148.7 175.6 194.7 204.2 205.5 202.7 194.4 179.2 170.3 158.8 147.2 138.1 145.9 170.4 178.8 190 186.7 179.6 179.7 165.8 161.2 161.4 162.5 165.4 171.3 178.5 182.8
376.8 370.3 365.1 361.3 356.4 351.7 345.3 337.7 329.7 323.9 319.1 314.7 307 299.9 295.3 296 297.5 300 302.2 303.3 305.9 308.8 311.1 313.4 317.4 321 331.6 336.8 327.6 319.9 306.4 293.9 281.5 279.2 271.7 246.7 226.2 216.9 208 206.9 199.4 188.3 189.7 212.9 236.6 265.7 266.9 255.2 215.9 164.1 129 124 151.7 185.8 206.9 212.6 218 206.3 188.5 182.6 176.2 165.3 151.4 139.7 142.9 163 174.9 183.3 172.8 168.9 164.4 155.9 154.7 154.9 157.7 161.2 170.5 179.8 188.1
370.2 363.1 357.9 353.8 351.2 342.2 335.7 329.3 323.4 317.4 311.8 307 304.5 296.8 290.9 288.5 287.7 288.9 290.8 294.4 298.3 300.5 302.1 306.6 309.7 318 322.8 317.3 309.8 304.9 296 288.2 272.6 262.9 255.5 232 213.7 198.1 191.6 190 179.8 171.7 175.6 187.7 206.1 223.2 236.1 236 196.9 148.1 121.2 127.2 155.9 189.5 214.1 220.4 217.5 200.7 192.8 192.4 183.8 170.8 151.4 137 144.2 150.7 153.7 158.8 155.5 153.7 150.7 150.5 150 151.5 154.6 157.2 165.6 179.5 191.1
362.9 355.9 350.6 345.3 340.4 333 327 321.4 314.9 310.2 305.4 301.7 297.2 291.3 288.9 283.5 281.5 280.6 281.8 287.3 291.6 295.2 297.8 306.9 307.1 307.4 309.4 312.5 313.2 309 308.9 287.1 268.4 253.4 234.2 211.8 196.3 180.8 175.5 166 160 154.8 157.1 173.2 189.8 220.7 234.5 225.3 174 129.6 108.9 135.2 160.2 181.6 202.6 215.4 207.8 195.8 199.1 195.5 187.1 170.3 148.5 133.3 150.5 152.8 151.5 150.1 146.5 145.6 146.2 147.1 147.7 150.6 152.2 155 162.3 174.4 185.5
355.9 348.5 342.2 337 332.7 324.7 320 313.8 308.3 304.8 301.6 297.6 291.9 287.8 285 282.2 278.6 278.2 278.4 280.6 285.9 290.2 295.2 302 304.5 306.3 312.9 318.6 315.9 304.5 291.1 279.4 261.6 239.8 212.8 196.5 177.1 161.5 151.9 146.6 142.6 136.5 136.7 153 177.9 192.7 213.6 203.8 160.9 113.3 121.6 146.8 176.5 178.2 190 184.4 188.3 200.1 200 197.4 191.7 171 138.4 137.5 152.6 153 149.8 150.6 145.2 145 145.3 146.1 148.9 150.4 151.5 154.5 161 172.5 186.4
349.3 341.1 336.2 330.1 324.1 317.5 311.9 307.1 305.7 302.4 298.6 293.5 287.5 283.7 281.4 279.7 277.9 277.4 278.1 279.4 282 287.5 294.3 300.1 308.1 304.8 301.6 305.2 300.3 291.6 273.4 263.7 246.1 216.1 200.9 182.2 160.7 143 139.8 136.3 126.4 121.1 119.5 126.4 141.5 143.5 162 177.1 147.2 106.4 131 151.7 163.4 160.1 154.1 177.7 168.9 172.2 176.6 187.9 184.1 158.8 131 137.2 143.1 144.2 144.4 144.5 144.5 145.5 145.8 146.5 148.3 149.3 150.1 154.3 163.6 175.5 189.9
