WholeMapElevations/data/nj/nj43_OST50GRID_20230518/NJ43.asc
ncols 200
nrows 200
xllcorner 340000
yllcorner 830000
cellsize 50
[rows 0 to 34 of 200, columns 0 to 77 of 200]
323.4 319.2 316 314.9 310.8 306.1 307.6 308.8 308 305.8 301.5 296.6 289.6 282.8 278.2 275 272 269.4 269 267.6 265.1 262 258.5 254.3 249.9 244.9 240.1 234 237.2 237.9 237.4 242.3 246 251.6 257.1 271.6 284.1 291 293 290.2 285.2 280.7 274.9 270.4 265.4 262.5 259.7 256 250.9 246.2 240.3 235.7 229.2 224.2 219.9 216.2 212.8 209.4 206.4 204.2 203.3 202.3 200.5 199.9 198.7 197.4 195.6 193.3 191.4 187.1 192.2 199.5 205.7 212.2 217.8 218.1 214 209.4
318.4 312.9 310.4 308.9 306 301.3 301.7 304.1 306.5 304.7 302 298.9 296.3 292.5 288.7 278.6 270.5 265.6 264.5 263.5 260.8 257.6 253.7 249.9 245.9 242 237.4 230.5 231 231 235.4 239.6 244.3 250.3 262.2 277.8 285.9 290.3 289 284.2 279.1 272.9 267.9 263.2 257.2 253.4 249.4 245.5 241.4 237.4 232.1 228.5 223.9 219.8 215.5 212.1 208.7 206.4 204.2 201.9 200.4 199.5 198.4 196.9 195.9 194.4 190.7 189.2 189.4 188.1 196.4 204.4 209.1 211.9 211.1 209.7 206.4 202.9
315 309.6 305.4 302.3 299.5 297.5 297.7 301.6 304.1 304 302 300.6 298.9 297.4 292.1 283.3 272.9 264 260.2 259.2 256.5 252.9 249.1 245.4 241.6 237.1 232.3 228.1 225.3 227.4 231.8 237 242.9 253.5 268.9 280.2 285.2 287 283.6 279.2 273.2 265.7 260.3 255.4 249.7 246.2 242.4 238.5 234.2 229.9 227.2 222.2 219.3 216 212.2 208.6 206.5 204.2 201.8 197.8 197.3 195.2 192.7 192.6 190.4 190.4 190.4 188.8 184.9 187.5 196.8 203.4 204.7 204.3 203.9 200.4 196.4 191.4
314.4 307.2 301.1 297 294.3 293.5 294.2 297.6 301.5 301.9 302.8 301.9 300 297.2 289.3 280.9 271.1 259.2 256 255.7 251.8 248 244.3 240.5 235.7 231.2 228.4 224.8 221.5 224.6 229.4 236.8 245.6 259.5 270.9 277.6 277.6 280.3 278.1 273.8 266.1 257.7 251.1 246.9 242.2 238.7 235.2 231.6 227.3 224.6 222.1 215.2 215.2 212.4 208.9 206.2 203.9 200.4 196.6 194 193.7 195.1 196.6 196.9 198.6 199.4 198.6 194.3 187.2 186.4 193.1 197.6 201 200.7 194.6 187.7 180.7 176.9
315.2 307.5 300.6 294.3 289.1 289.8 290.2 293.4 298 300.5 301.8 299.9 298.1 293.5 283.9 277.7 267.6 254.3 249.9 249.3 246.6 242.5 238.7 234.2 229.8 226.4 224.9 222.5 219.5 221.4 228.4 238.9 248.9 259.2 269.4 273.7 272.4 269.4 268.8 265.7 258.3 248.6 241.9 238.5 234.4 231.1 227.6 224.7 222.4 220.2 218.2 215.7 212.4 208.6 205.9 203.4 199.8 197.1 195.9 197.7 199.6 202.7 203.8 206.5 207.9 207.4 202.2 194.6 187.3 181.4 187.5 193.5 191.7 185.8 178.3 178.3 177.8 176.5
314.7 308.8 304.7 300.1 290.9 284.6 286.9 289.6 294.4 302.9 306.2 301 291.7 285.8 280.7 271.7 260.6 247.5 244 242.1 239.7 236.9 232.6 228.4 224.8 222.2 221.6 219.3 216.3 216.8 227.7 239.3 250.8 262 270.7 272.9 270.2 265.2 262 257.2 248.5 239.3 233.3 228.7 225.9 223.9 223.5 220.8 218.4 216.1 213.6 211.2 208.2 205.3 203.3 199.8 197.7 197.6 199.9 201.7 203.6 206.7 211.3 215.8 213.1 205.9 197.7 188.5 183.3 181.7 181.6 179.1 178.7 178.2 178 177.4 176.8 175.8
317.3 312.1 307.8 302.5 296.4 288.5 276.8 286.8 295.4 303.4 305.1 296.7 287.3 282.2 274.6 263.3 251.8 245.6 240.7 236.9 233.4 229.8 225.6 223.2 220.4 218.4 217.5 215.1 212.8 213.9 225.8 240.5 253.8 262.6 269.8 273 267.6 260.2 256.3 251.1 242.1 229.3 224.4 219.7 216.7 217 216.2 215.5 213.2 211.5 209.7 207.4 205.1 203.5 200.9 198.7 200.1 201 201.5 202.8 204.6 205.7 209.7 210.9 205.8 196.8 187.4 180.8 179.7 179.5 178.7 178.8 175.4 175.9 176.7 176.1 175.6 175
320.1 313.7 308.1 303.6 296.2 288.9 276.3 280.3 294.8 298.6 294.8 283.5 278.2 266.7 264.6 253.4 245.5 242.7 238 232.3 228.8 224.5 221.4 219.3 216.1 214.4 211.4 211 209.3 208.9 217 233.5 247.5 255.8 262.2 264.6 260.8 253.5 249.7 246.1 239 226.6 219.4 214.7 211.3 210.5 211.8 211.6 209.2 207.8 205.7 204.8 203.5 201.8 197.7 198.1 202.2 203.5 203 202.3 199.2 195.6 191.6 186.4 185.5 182 179.9 179.5 179.4 179.1 178.3 176.1 177.1 176.9 176.1 174.9 175.1 174.2
320.8 313.8 309 303 296.5 290.1 283.3 271.1 275.9 283.3 276.2 273.6 269.1 262.7 253.8 245.6 240 237.8 233.6 228.2 224.2 221.6 218.9 215.2 214.3 211.4 210.2 208.9 208.3 207.2 206.7 213.5 229.2 238.5 246.6 247.3 245.7 246.8 244.9 240.3 232.5 222.5 216.6 212.4 208.6 207.2 207 207.1 205.2 204.8 204.4 203.5 202.2 199.9 195.7 196.6 203.1 205.2 201.3 194.9 189.1 185.7 183.3 182.4 182.1 180.9 180.2 179.6 179.1 178.2 175.5 177.5 177.3 176.9 177.7 178.5 189.6 198.2
322.2 313.9 308.2 301.7 295.1 288.7 281.5 262.6 263.2 263.5 266.1 263.9 260.3 253.9 246.5 238.8 234.4 231.2 227.5 224.6 221.8 218.8 213.5 214.8 211.9 210.5 209.6 208.3 217.6 216.4 208.3 205.9 205.4 216.9 223.6 224.1 226.1 229.5 233.6 234.9 229.8 222 215.7 211.4 207.5 205.4 203.6 202.6 202.5 202.5 202.4 202 201.1 199.3 196.4 194.5 196.9 197.4 189.3 185.9 183 182.3 181.8 181.3 180.9 179.9 179.5 178.8 175.8 177.7 177.5 177.9 184.8 195.8 202.8 207.7 209.8 209.1
320.5 313.5 307.1 300.4 293.8 287.3 280.2 272 251.6 254 255.7 255.2 251.6 246 241 233.9 230.3 227.7 220 217.3 216.6 214.4 212.7 212.8 212.4 219 222.4 224.4 223.6 221.2 218.6 211.9 204.7 204.5 203.8 202.4 201.2 203 207.1 219 224.3 221.6 217.1 212.6 206 203.7 202.3 201.3 200.3 200.3 200.4 199.6 199.7 197.8 195.5 195.1 190.1 187.1 184.7 179 179.5 179.5 180.4 180.2 179.6 178.9 175.6 178.2 180.4 185.6 197.6 205 208.7 213 216.9 219 218.3 217.5
315.4 309.1 303.3 297.2 290.3 283.8 277.4 270.1 259.5 243.7 245.6 244.4 241.9 238.6 235 226.6 221.6 220.3 219.1 217.8 216.2 214.9 214 213.1 222.9 225.6 228.2 228.9 227.8 225.8 223.6 219 214.1 205.6 201.4 201.3 200.1 200.2 198.9 197.7 198.4 214.3 216 208.2 204.4 204.6 203.5 201.8 200.2 199 197.8 196 195.5 194.1 191.4 189.7 186.8 180.4 180.7 181.8 181.5 180.5 177.6 177.5 176.9 189.2 195.9 200.3 209.7 215.2 218.6 220.1 222.1 226.1 229.1 229.6 228.5 225.9
308.7 302.5 297.1 291.9 285.3 278.8 271.5 263.4 254.7 244.4 236.2 235.7 233.2 231.8 222.8 221.9 220.6 220.3 218.7 217.5 216.6 220.5 224.9 226.1 228 231.2 232.7 232.4 231 229.9 228.1 226.3 219.9 215.7 216.3 215.5 214.1 211.8 208.4 204.9 197.8 194.5 196.6 198.5 203.9 204.7 201.8 200.9 199 198.9 197.6 197.1 195.5 191.7 187.1 185.7 181 182.3 182.4 182.2 181.9 182 182 192.3 199.8 207.6 217.1 226.3 233.9 237.4 236.5 236.6 236.7 240 242.8 242.4 240.1 234.8
299.9 294.9 289.5 284.9 278.7 270.3 261.6 254.1 245.3 238.8 232.2 228 226.2 223.2 223.9 221.7 219.8 221.3 219.6 218.5 228.6 228.9 230.9 232.6 233.3 235.5 237.7 235.8 234.3 233.1 232.2 229.6 226 225.8 225.1 223.8 222.1 220.3 218.3 215.4 212.1 205.7 195.5 192.7 193.4 195.1 192.2 191.8 195.2 194.3 194.9 195.6 193.5 189.5 187.1 182.3 181.5 182.9 182.9 182.5 188.1 194.6 200.6 208.1 217 228.5 237.6 246.4 251.2 253.7 254 252.9 253.2 255.7 258.6 257.6 254.2 250.1
288.9 284.2 281.5 276.9 268.8 259.4 251.4 243.3 233 227.5 226.5 225.9 224.4 229.5 225.3 234.8 236.5 235.6 227.7 223 233.1 233.9 237.8 239.9 241.5 243.5 244.7 242.9 241.3 239.4 238 236.2 235.1 234.8 233.6 232.1 229.4 226.8 224.5 220.8 216.4 211.6 208.7 196.9 193.6 193.3 192 193.7 195.9 188.2 189.5 189.6 186.6 186.7 183.7 182.7 183.2 183.7 183.5 193.8 201.6 208.7 216.8 224.8 233 242.5 251.3 258 262 266.9 268.6 268.7 273.3 278 278.1 274.9 269.6 262.3
279.6 275.1 270.2 265.2 257.4 248.7 241.6 229.6 228.8 229.2 233.6 234.5 239 241.2 242.5 243.2 242.7 242.1 240.2 240.4 239.9 242 245.6 248.8 254.1 257 257.4 253.5 250.8 247.9 247.3 246.7 246.6 246.2 243.7 239.4 235.3 231.9 228 223.3 219.2 214.7 210.5 206.7 203.5 199.9 199.4 199.6 197.9 193.3 188.1 186 183.6 183.4 183.3 182.4 184.3 184.3 195.2 207.3 215.8 225.3 233.3 241.3 247.8 254.3 263.7 271.4 273.2 278.3 282.7 286.8 297.6 298.2 293.2 288.3 280.8 271.8
270.6 265.8 260.6 253.5 246.4 236.8 230.8 230.7 238.3 241.4 243.5 246.2 248.2 248.6 249.2 249.6 248.8 248.3 248.6 247.5 247.7 249.6 254.4 260 266.1 272.9 272.9 269 264.8 261.9 259.4 258.5 257.2 256.5 250.4 243.9 238.7 234.6 229.9 225.1 220.1 215.5 211.4 208.1 204.7 202.3 200.2 198.9 196.4 191.3 188.2 186.9 184.8 183.7 183.4 184.6 193.5 201.5 211.7 222.8 231.4 239.3 246 253 259.9 267.4 274.8 282.2 286.1 291.7 298 309.6 313.7 309.5 304.6 297.5 288.6 278.7
262.3 255.9 249.3 243.5 233 232.4 235.1 243.5 247.5 250.1 251.5 253.4 254.8 254.9 255.5 256.2 255.2 255.3 257.4 255.5 257 263.3 268.7 276.1 283.8 288.2 287.4 283.5 279.3 276.3 273 269.2 265.7 261.4 253.1 245.8 239.7 235 230.2 224.8 219.9 215.3 210.9 207.9 204.5 201.8 199.8 197.7 193.1 188.7 187.4 186.4 185.9 185 183.5 192.6 203.5 214.3 226.5 237 245 252.7 258.5 263.3 269.4 276.5 284.4 292.5 300.1 309.9 319.1 329.2 327.1 318.5 310.5 301.1 292.2 284
253.5 246.7 241.9 234.4 233.6 244.3 249.8 253.6 256.3 257.4 258.6 260.3 261.4 262.1 261.6 261.3 261 262.4 264.4 265.4 271 276.9 283.3 290.8 298.6 301.6 300.8 297.1 293.3 287.1 281.4 274.1 267.9 261.8 254.9 247.6 240.2 234.4 229.1 223.7 218.8 214.1 209 205.7 202.5 199.6 198.2 193.9 190.3 187.4 186.6 186 185.5 185.1 182.3 200.3 214 225.3 238.8 249.1 257.7 265.2 269.7 273.8 281 289.8 297.9 309.2 316.1 330.3 341.5 336 328.8 318.9 309.9 302.3 294.5 286.7
246.2 238.1 235.6 235.3 248 254.5 261.2 262.8 264 265.5 266.6 267.1 268 269 269.1 268.7 269.2 270.3 273.1 276.6 283.6 288 293.4 302.2 308.4 311.9 311.1 307.3 301.5 292.8 284.3 273.8 267.9 261.2 253.6 245.7 238.3 232.7 227.7 222.6 217.7 212.8 207.7 203.2 199.7 197.4 193 185 183.7 185.6 185.9 185.7 185 182 199.8 213.4 224.3 235.6 248.5 258.6 267.7 274.2 280.3 286.7 295.5 304.2 316.4 324.9 339.2 345 341.7 335.4 326.9 317.9 311.2 304.3 297 290
240.1 236.6 238 250.3 258.8 264.5 268.5 271.4 273.6 276.6 277.7 279.1 280.4 280.2 278.9 278.3 280 283.6 282.8 285.6 292.1 297.2 303.4 311.9 316.5 319.7 316.6 311.6 302.9 293.5 283.8 274 267.2 259.5 251.3 242.7 236.2 230.5 225.1 220.3 215.6 210.9 205.5 199.9 196.2 192.2 184.9 187.4 187.4 187.3 187.1 185.7 195 205.3 214.8 224.1 233.9 243.5 255.3 265.5 274.4 283.3 294 299.9 306.7 318.7 327.6 336.3 342 341.4 337.8 331.9 324.9 319.1 312.9 306.4 301.6 296.8
238.2 237.5 251 261.1 268.8 274.2 280.4 283.9 288.2 293 295.2 297.6 298.5 298.5 294.7 292.5 291.9 290.9 290.6 295.7 301 304.3 309.1 317.8 323.8 323.7 318.5 310.3 301.3 291.4 280.1 270.2 261.6 255.3 248.7 241.9 235.6 230.2 223.4 218.3 211.5 207.2 203.1 197.5 191.3 188.1 188.2 188 187.9 187.9 189.1 192.2 206.8 214.9 225.2 233.5 240.6 250 260.3 269.4 282.4 296.1 304 311.9 320.8 328.3 332.1 334.5 335.2 334.9 332.3 329.4 325.5 320.3 315.9 311.6 307.6 306
240.8 253.1 262 270.3 277.7 285 293.1 302.2 309.4 312 313.8 313.6 311.5 308.4 302.9 300.9 299.7 298.2 300.7 305.5 308 310.6 314.9 323.3 325.5 323 316.1 307.8 298.5 287.1 275.7 264.9 257 251.5 246.7 241 235.4 228 221.8 215.3 207.1 202.6 197.6 193.7 192.6 188.4 188.2 188.4 188.5 188.7 190 202.3 214.3 224.3 232.2 239.3 245.3 253.4 265.7 279.4 294.9 305.8 313 318.8 326.1 327.4 327 326.5 327.1 327.6 327.5 325.5 325.1 323.6 320.7 317.3 312.9 311.8
258.3 266.9 275.8 284.9 293.7 302.6 313 323.6 326.5 327.5 326.7 324.6 320.1 313.6 308.7 307.1 304.2 303.7 307.2 311 313.7 316.5 320.8 324.9 325.3 321.7 313.4 305.1 294.6 283.2 272.3 261.1 254.3 248.1 243.2 238.1 232.3 224.8 217.4 209.4 202.7 197.3 194.4 193.5 191.8 188.8 185.9 189 189.2 189.4 192.8 210.4 221.1 228.9 236.2 243.2 250.6 260.7 276.3 290.9 301.1 310 316.3 317.6 320.9 319.2 316.9 317.3 319 319.6 320.5 321.4 323 323.5 320.9 316.9 314 313.1
271.1 282.2 291.8 301.3 310.1 320.2 330.1 336.3 337.1 337.3 335.2 331 325.8 319.1 314.1 310.9 308.3 308.8 311.7 314.6 317.2 319.9 322.4 323.5 322.2 317.1 310.1 301.5 291.3 280.4 270.2 262.1 253.4 245.7 239 233.8 226.8 218.9 211.6 204.3 199.2 196.5 193.9 191.4 189.6 190.9 190 188.5 189.9 190.2 201.4 215.8 222.9 228.6 237.1 244.9 255.2 268.4 283.7 292 300.1 307.1 311.9 312.6 310.9 309.3 308.4 310.4 310.3 311.8 313.3 314.6 316.5 317.1 315.8 314 311.4 310.8
286.1 296 308.3 318.1 326.2 334.3 343 348.1 348.4 347.8 343.3 335.3 329.5 322.8 317.1 314.4 312.1 312.9 314.2 315.9 318.2 319.8 320.2 319.4 317.3 311.9 305.6 296.8 287.3 277.3 268.1 260.2 253 246.3 236.3 227.5 220.4 213.2 206.8 201.6 198 195.9 194 199.1 198.8 195.9 192 186.3 190 190 205.7 211.2 216.9 226 234.3 244.3 256.8 272.3 280.4 288.3 295.9 300.3 303 303.1 300.9 301.2 302.1 302.2 302.2 302.8 304 306.7 308.3 308.8 308.3 307.3 304.8 304.3
298.9 308 321.3 330.2 338.4 347.8 355.1 356.9 355.6 353.1 346.6 339.9 333 325 318.3 315.6 313.6 313.6 314.8 315.9 317.1 316.8 315.6 313.8 311.3 306.1 299.8 291.8 282.7 273.2 265.6 257.4 251.5 244.5 234.2 222.9 215.4 209.4 204.2 201 195.6 196.4 203.8 204.9 204.3 202.2 197.3 191.3 186.4 190 190 198.1 206.2 215.3 225.3 240.9 255.5 266.1 274.8 283.1 289.1 292 292.7 292.8 293.2 293.7 293.9 293.9 292.8 292.5 293.7 295.7 297.2 297.6 297.4 297.1 297 297.7
307.3 320.2 332.7 341.5 352.2 359.5 362.1 362 359.5 355.5 349 341.7 334.4 326.1 319.4 316.6 314.9 313.3 314.2 314.3 313.8 312.4 309.8 307.3 305.2 300.2 293.8 286.6 277.9 270.8 263.2 255.7 249.7 241.2 230.5 218.7 211.9 206.8 202 199.3 201.1 205.6 208.1 209.2 207.9 204.8 201.4 197 192 188.3 186.8 190.3 192.9 204.9 216.5 231.4 247.8 259.2 268.6 276.3 280.1 280.7 280.2 280.4 282.1 284.3 284.2 282.7 281.5 281 281.7 283.6 285.1 285.7 288.5 288.1 288.4 289.9
316.8 329.8 341 352.4 361.9 366 367.8 366.1 361.9 356.7 350 342.7 334.8 325.7 320.3 316.6 314.5 312.3 311.1 311.2 309.7 308.1 305.6 302.3 298.8 295.3 290.2 282.2 275.4 269.1 260.7 253.8 245.8 237.6 224.6 214.5 208.6 202.5 202.3 203.9 206.8 210 212.1 212.8 210.5 207.4 203.1 201.6 195.1 192.9 190.4 188.3 189 195.2 207.1 223 237.3 251.1 261 266.8 268.9 269.3 268.9 271.7 274.7 276.9 274.9 271 269.4 268.3 268.8 270.4 272.8 275.9 278.7 280 281.2 283.9
323.8 335.9 349.5 361.7 367 370.1 370.4 368 361.2 356.2 349.8 341 332.8 324 319.6 315.4 313 310.7 308.5 307.4 306.3 304.1 301.4 297.9 294.8 290.7 286.4 280.1 273.7 265.9 257.7 248.7 240.5 228.4 218.1 211 205.9 205.6 206.5 209.3 211.2 213.2 214.9 215 213 209.7 208.6 204.7 199.5 198 196.3 193.1 189.7 188.3 194.7 208.7 226.3 242.3 252.2 256.3 255.9 256.3 257.7 262 265.7 266.5 263 258.5 255 253.2 255.6 258.8 263.4 267.8 270.1 271.5 273.7 278.7
327.2 343.4 357.8 365 370.3 372.7 370.7 367.4 360.4 354.6 346.1 337.8 329.8 323.2 318.8 314.2 310.9 308.3 306.2 304.2 302.7 300 297.1 292.6 289.5 286.8 282.6 276.7 269.6 261.3 252.5 240.4 230.7 221.7 213.3 209.3 208.3 210.9 211.7 212.8 214.6 216.5 217.2 216.9 215.1 213.9 211.4 207.4 203.1 200.4 202.9 198.4 196.2 191.7 189.1 195 213.2 231.2 240 243.1 242.8 244.1 247.6 251.5 254.1 254.1 250 246.8 244.5 244.8 246.8 250.3 254.5 259.5 262.4 264.1 266.2 270.2
337.9 352 360 366.4 370.8 371.6 369.5 364.2 358.1 350.7 342.6 334.1 326 321.3 316.4 313.1 309.7 306.3 304 302 298.7 295.8 291.7 287.1 284.4 282 278.7 272.2 263.7 253.1 240.9 233 224.8 216.2 211.4 209.1 213.1 214.5 215.6 216.4 217.7 219.1 219.4 218.8 217.7 216 213.6 209.8 205.4 203.4 205.4 205.7 202.6 198.9 194.2 191 192.1 211.2 225.1 230.7 230.7 233.2 235.8 238.6 241.5 240.6 239 237.2 235.7 236.5 239.2 242.8 247 250.7 254.2 257 261.3 266.3
346 353.8 359.9 365.3 367.5 367.6 364.9 360.5 353.8 345.7 337.8 330.1 324.3 318.8 315.1 311.7 308.3 304.9 302.1 299.1 295.7 291.3 286.3 281.6 279.8 277.6 274 266.5 255 241.9 233.7 226 218.8 213.8 212.7 214.7 216.9 218 219.2 220.4 221.1 221.6 221.9 221.2 220 217.9 214.7 210.8 207.8 207.9 208.5 207.1 206.2 205.6 202.9 196.8 192.3 189.1 208.9 217 221 222.4 224.7 226.8 229.2 229.7 228.7 228.3 227.5 229.4 233 237.3 241.7 246 249 252.1 257 262.4
346.9 353.2 358.8 362.5 363.2 362.7 359.1 354.3 347.6 340 332.5 327.4 322.1 317.3 313.6 310.1 306.7 303.3 299.9 296.1 292.5 286.3 281.5 277.1 274.2 270.3 265.2 255.9 244.1 235.4 227.9 220.7 215.7 214.2 214.9 220.1 221.1 221.9 223 224.7 226.4 225.7 225 223.4 221.4 219.4 216.4 213.6 211.9 211.1 210.9 210.2 209.2 208.3 207.1 203.7 195.9 192.4 189.4 204.9 210.6 213 216.5 218.4 220.1 221.5 222.2 221.8 222.8 226.4 230.6 233.7 238.7 243 245.3 248.5 253.3 258.9
345.5 351.8 356 358.9 358.8 357.3 352.7 347.8 342.6 335.7 329.6 324.4 319.7 315.8 312.4 308.8 305.2 301.7 297.9 292.6 289.3 282.3 276.7 271.6 264.1 261.8 255.5 246.3 237.8 230.6 223.8 219.2 216.2 218.6 223.1 226.3 227.8 227.1 228.6 233.6 234.3 232.9 230.4 228.7 226.3 223.9 220.9 217.9 216.3 216 215 211.9 210.6 209.5 207 204.7 198 192.7 192.5 192.7 202 204.1 208.3 210.2 212.1 214.8 217.7 219.7 221.4 224.2 228.2 232.4 236.6 240.6 243.6 245.9 251.1 256.2
