UK/data/ng/ng29_OST50GRID_20230518/NG29.asc
ncols 200
nrows 200
xllcorner 120000
yllcorner 890000
cellsize 50
[rows 0 to 37 of 200, columns 0 to 84 of 200]
216.3 222.1 209.6 198.7 189.7 181.6 181.5 182.2 195 199.7 206.2 214.9 221.9 233.1 251.5 263.2 273.3 288.6 294.9 299.3 296.7 292 286.7 284.8 283.7 283 281.1 279.4 279.3 279.4 274.9 260.8 255.5 246 234.7 221.5 214.8 211.9 208.5 203.2 214.8 211.5 204.9 193.6 182.7 171.3 156.4 134.6 119.5 112.8 107.6 110.5 114.4 112.1 110.7 108.4 109.4 97.2 60.8 29 -1.4 -1.4 -1.4 -1.4 -1.4 -1.4 -1.4 -1.4 -1.4 -1.4 -1.4 -1.4 -1.4 -1.4 -1.4 -1.4 -1.4 -1.4 -1.4 -1.4 -1.4 -1.4 -1.4 -1.4 -1.4
197.6 196.6 195.1 180.3 175.5 164.6 166.5 172.2 177 187.6 196.6 205.5 214 225.9 245 254.4 264.6 277.5 282.6 286.5 285.2 283.5 284.1 284.2 284.4 287.4 284.4 283.8 285.3 286.1 281.2 271.6 260.1 253.6 242.6 231.9 228 227.1 214.2 210.9 218.2 212.8 198.8 192.1 195.3 180.2 162.5 137.8 120.5 116.8 111 111.9 122.2 115.3 115.3 119.2 114.3 101.9 61.9 32.8 12.2 -1.4 -1.4 -1.4 -1.4 -1.4 -1.4 -1.4 -1.4 -1.4 -1.4 -1.4 -1.4 -1.4 -1.4 -1.4 -1.4 -1.4 -1.4 -1.4 -1.4 -1.4 -1.4 -1.4 -1.4
185.4 175.3 166.7 164.8 157 153.1 152.2 158.5 167.2 176.9 187.7 194.8 204.8 213.1 233.3 243.5 253.9 263.4 268.5 274 274.1 277.5 278.7 281.4 284.1 286.2 286.6 288.8 291.5 290.3 282.5 276.2 267.5 260.6 253.4 243.8 238.2 228.2 218.5 212 210.4 200.5 200.6 191.1 180.8 174.8 159 138 119.4 121 112.9 114.3 117.2 115.8 116.3 118.1 115.6 93.2 60.9 50.9 27.3 17.3 -1.4 -1.4 -1.4 -1.4 -1.4 -1.4 -1.4 -1.4 -1.4 -1.4 -1.4 -1.4 -1.4 -1.4 -1.4 -1.4 -1.4 -1.4 -1.4 -1.4 -1.4 -1.4 -1.4
183.4 167 152.1 150 142.4 139.1 144.8 154.9 155.8 170.3 176.2 184 193.3 201 218.5 230.3 237.3 246.5 255 262.5 268.2 270.5 274.1 280.6 284 286.3 290.4 293.2 297.5 296.7 289.2 281.5 276.8 267.6 261.2 247.6 236.2 225.3 220.3 215.2 206.7 204.3 201.6 192.6 178.3 164.1 148.6 135.6 123 115.5 112.3 116 119.7 121.5 115.2 113 108 93.8 70.7 59.7 39.2 19 21.3 -1.4 -1.4 -1.4 -1.4 -1.4 -1.4 -1.4 -1.4 -1.4 -1.4 -1.4 -1.4 -1.4 -1.4 -1.4 -1.4 -1.4 -1.4 -1.4 -1.4 -1.4 -1.4
181.6 161.7 148.2 137.2 131.6 131.1 137.6 141.2 145.4 158.7 166.9 174.9 180.6 189.9 206.1 219.9 226.6 236.2 245.6 251.5 259.7 267.3 274.6 279.8 283.9 288.6 292.4 298.7 304.6 306.9 299.9 289.4 283.4 276 265.4 251.2 236.9 226 221.3 218.4 205 199.2 193.7 182.5 172.8 156.3 138.5 134.6 129.9 123.2 117.2 115.2 119.1 120.7 116.9 103.8 100 87.7 74.2 82.1 65.3 28.3 28.1 31.3 15.2 -1.4 -1.4 -1.4 -1.4 -1.4 -1.4 -1.4 -1.4 -1.4 -1.4 -1.4 -1.4 -1.4 -1.4 -1.4 -1.4 -1.4 -1.4 -1.4 -1.4
162.9 152 143.6 137.7 125.1 128.2 127.6 131.2 141.8 147.4 156.8 162 167.2 173.8 191.2 205.3 215 225.5 235.6 244.1 255.6 266.7 273.2 280.2 286.1 288.3 294.2 301.3 308.9 312.2 309.9 305.3 294.1 283.8 271.9 259.8 246.9 236 222.6 210.1 206.2 193.3 181.6 172.8 158.8 145.8 137.5 135 134 120.8 118.4 112.3 113.2 113.5 110.3 92.9 87.2 82.5 82.7 77.5 67.4 43.4 41.4 36.7 29 6.9 -1.4 -1.4 -1.4 -1.4 -1.4 -1.4 -1.4 -1.4 -1.4 -1.4 -1.4 -1.4 -1.4 -1.4 -1.4 -1.4 -1.4 -1.4 -1.4
151.8 144.5 141.5 131.5 125.7 122.2 123.8 128.9 134.6 136.7 143.1 149.7 153.6 160.3 173.3 188.7 201.9 212.8 228.9 240.6 252.1 264.1 275.9 283.9 288.2 290.5 295.4 301.6 308 310.1 312.3 308.2 302.9 292.6 279.9 266.1 253.6 238.2 224.8 206 198.7 190.4 179.2 167.9 158.5 148.6 138.6 132 121.6 116.1 112.7 106.4 102.6 103.9 101.6 89.8 85.1 80.6 82.4 81.3 76.7 68.3 54.5 44.5 46.6 29.1 12.6 -1.4 -1.4 -1.4 -1.4 -1.4 -1.4 -1.4 -1.4 -1.4 -1.4 -1.4 -1.4 -1.4 -1.4 -1.4 -1.4 -1.4 -1.4
147.3 140.2 135.3 130.1 125.9 116.4 116.2 122.8 124.5 127.7 131.5 137.9 143.8 152.9 164.3 179 190 206.4 222.5 236.5 252.6 267.4 277 283.9 289.2 291.2 295 301 305.5 308.4 311.1 309.2 304.1 299 285.8 269.7 253.3 237.4 225.3 211 200.1 189.8 177.4 168.2 158.5 148.6 139.6 130.8 119.9 111.2 104.4 96.8 91.6 91.9 93.7 88.1 86.9 88.2 84.2 88.7 99.3 91 66.6 44.1 45.1 42.5 18.7 7 -1.4 -1.4 -1.4 -1.4 -1.4 -1.4 -1.4 -1.4 -1.4 -1.4 -1.4 -1.4 -1.4 -1.4 -1.4 -1.4 -1.4
147.4 134.5 130.5 125.6 122.7 117.3 107 113.1 116 125 124.6 132.8 134.4 141.3 156.8 170.1 188.1 201.5 218.8 235.9 254.3 268.7 276.8 282.2 288.6 289.3 294 298.8 302.3 307.4 309.5 308.9 306.8 302.7 296.4 284.5 260.8 243.5 229.4 214.1 202.9 195.4 181.3 168.7 158.5 149.8 141.8 131.5 120.7 108 96.7 88.4 82.1 82.6 82.5 85.4 86.6 94.1 93 99.6 105.3 99.1 85.8 51.5 42.1 40.4 28.1 -1.4 -1.4 -1.4 -1.4 -1.4 -1.4 -1.4 -1.4 -1.4 -1.4 -1.4 -1.4 -1.4 -1.4 -1.4 -1.4 -1.4 -1.4
141 134 124.9 118.7 117.6 114.4 106.4 104.6 110.2 112.9 112.6 119.4 125.1 131.5 149.6 163.1 181.7 199.2 215.7 234 251.3 266.2 274.2 278.9 282 282.2 284.8 294.1 299.4 304.9 306.8 307.1 305.8 303.1 301.9 294.3 278.2 259.5 237.2 220.9 210.3 196.7 186.6 171.3 163 149.7 142.1 134.2 123.6 112.3 98.3 87.8 80.6 76.4 78.2 80.7 84.2 89 103.4 109 110.5 102.7 86.3 61.2 51.6 35.3 28.2 -1.4 -1.4 -1.4 -1.4 -1.4 -1.4 -1.4 -1.4 -1.4 -1.4 -1.4 -1.4 -1.4 -1.4 -1.4 -1.4 -1.4 -1.4
137 121.6 117.7 111 111.3 105.9 102.1 98.3 102.1 104.1 103 113.7 118.2 128.4 141.9 160.3 174.4 194.6 211.8 231 249.2 263.9 270 270.8 274.7 273.5 274.5 283.9 294.8 300.1 302.5 304.7 307.5 303.3 298.7 290.5 281.5 272 262.7 242.2 219.1 206.5 199 182.1 169.6 157.7 143.9 131.1 121.2 110.2 97.7 89.5 79.6 76 74.7 75.4 77.7 86.8 101.3 111.2 111.4 102.3 88.3 71.6 60.7 46.7 30.7 9.8 -1.4 -1.4 -1.4 -1.4 -1.4 -1.4 -1.4 -1.4 -1.4 -1.4 -1.4 -1.4 -1.4 -1.4 -1.4 -1.4 -1.4
147.6 120.6 111.5 105.3 107.6 102.6 94.8 93.9 92.1 97.1 99.7 110 114 125 134.9 156.5 171.9 188 209.6 228.8 245.3 257.6 261.9 262.1 259.7 263.5 266.3 275.6 288 293 297.6 305.6 303.8 299.3 294.6 290.1 287.1 284.4 277.3 258.5 244.8 231.2 212.4 199.7 180.7 164.1 152 137.2 122.7 110.2 100.1 88.9 83.6 77.2 72.5 73.1 76.1 81.1 90.7 111.6 109.1 99.8 88.1 70 66.5 52.8 35.1 26.3 -1.4 -1.4 -1.4 -1.4 -1.4 -1.4 -1.4 -1.4 -1.4 -1.4 -1.4 -1.4 -1.4 -1.4 -1.4 -1.4 -1.4
138.6 124.6 108.6 102.3 97.1 95.3 96.2 94.4 94.9 89.6 96.4 103.2 113.7 118 131.2 152.6 166.8 185.1 207.5 226.4 240.5 248.7 250.6 253 251.4 251.4 255.5 266.4 279.8 286.4 292.4 298.8 297.8 297 295.4 292.4 292.7 292.2 294.5 284.8 271.7 253 234.2 218.5 192 176.2 161.2 140.4 127.9 111.2 104.9 97.6 86.3 79.2 76 70.2 72.8 76.1 86.5 93 101.4 94.7 83.3 64.4 62.5 52.8 30.9 11 -1.4 -1.4 -1.4 -1.4 -1.4 -1.4 -1.4 -1.4 -1.4 -1.4 -1.4 -1.4 -1.4 -1.4 -1.4 -1.4 -1.4
125.8 115.9 107.2 95.3 90.1 90.8 96.4 90.8 88.8 86.1 87.7 100.9 111.3 117.9 125 146.3 165.9 181.9 202.9 221.7 232.8 238.8 241.8 243.2 243.4 248 246.5 257.4 269 280 286.9 293.3 297.9 301.1 297.8 297.9 300 304.2 304.2 295.2 280 267.3 251.7 242.6 218.1 192.5 171.1 164.7 154.9 125.4 113.9 104 93.5 84.3 79.4 72.5 69.3 74.9 75.6 83.3 88.6 93.9 82.4 64.6 45.4 40.5 29 -1.4 -1.4 -1.4 -1.4 -1.4 -1.4 -1.4 -1.4 -1.4 -1.4 -1.4 -1.4 -1.4 -1.4 -1.4 -1.4 -1.4 -1.4
117.1 104.6 96.6 95.2 89.2 86.3 86 86.5 84.7 84.8 83.3 95.6 110.8 111.8 122.4 135.2 163.9 173.6 194.5 213.3 226 229.3 229.7 230.6 235.8 238.8 235 246.9 261.9 271.5 285.1 292.3 302.8 303.6 301.3 302.6 311.1 311.3 307.4 298.3 289.3 277.6 268.3 258.6 238.5 213.3 197.1 193.3 173.7 158.3 141 118.4 104.5 95.2 86.4 76.2 69.1 69.4 69.4 74.6 74.4 84.6 82.5 66.4 39.5 35.9 29.2 -1.4 -1.4 -1.4 -1.4 -1.4 -1.4 -1.4 -1.4 -1.4 -1.4 -1.4 -1.4 -1.4 -1.4 -1.4 -1.4 -1.4 -1.4
115.5 109.9 102.5 93.4 91.6 86.6 79.9 79.8 83.5 82.8 83.3 87.9 103.9 105.9 114.1 131.3 153.5 165.4 188.5 207.3 216.9 218.1 220 221.6 226.8 227.5 225.3 236.2 251.9 263.3 281.2 293.4 300.6 302.1 302.5 306 312 312.2 306.5 304.3 296.2 287.6 278.3 264.8 253 232.8 220.4 205.7 192.6 194.3 183 171.6 136.8 103.8 90.1 81.1 73 66.7 66.2 66.7 61 66.5 69.8 46.9 23.5 23.3 23.3 -1.4 -1.4 -1.4 -1.4 -1.4 -1.4 -1.4 -1.4 -1.4 -1.4 -1.4 -1.4 -1.4 -1.4 -1.4 -1.4 -1.4 -1.4
115.2 112.1 105.6 97.9 94.1 90.4 80.5 74.5 77.7 81.6 77.8 87.1 93.3 97.8 108.2 126.2 140.8 156.2 177.8 197.3 209.8 213.5 209.7 211 211.2 214.7 213.1 226.7 242.5 257.7 273.6 286.5 297.3 300.4 300.3 304.9 308.1 309.8 308.8 304.9 300.5 291.6 284 279.6 266.4 246.8 234.6 227.6 224.4 217.8 210.4 193.2 172.3 146.7 110.7 85.7 74.1 68.3 61.7 59.4 50.9 42.6 47.3 28.5 15.3 14.3 6.3 -1.4 -1.4 -1.4 -1.4 -1.4 -1.4 -1.4 -1.4 -1.4 -1.4 -1.4 -1.4 -1.4 -1.4 -1.4 -1.4 -1.4 -1.4
116.2 110.1 106.6 103 96.6 88.9 83.1 76.3 73.6 72.9 78.8 79.7 82.6 89.7 99.6 120 135.1 146 164.5 187.9 203.7 208.8 206.4 202.3 199.3 199.2 199.1 213.2 235.2 249.9 260.3 278.2 292.2 298.2 295.8 301.5 306 309.9 309.1 301.4 295.1 292.3 289.8 283.7 271.8 262 251.8 241 231.4 229.2 221.2 215.2 203.4 174.1 135.8 110.3 90.4 83.8 67.8 57.8 46.5 38.6 26.1 15.1 2.5 3.9 4.1 -1.4 -1.4 -1.4 -1.4 -1.4 -1.4 -1.4 -1.4 -1.4 -1.4 -1.4 -1.4 -1.4 -1.4 -1.4 -1.4 -1.4 -1.4
119.6 108.3 106.3 104.6 100.6 95 90 86.2 75.9 71.9 73.2 74.5 77.1 83.3 92.6 104.1 128.8 139.1 152.4 175.4 192.4 197.4 196.4 188.3 186.1 182.2 184.6 199.2 223.2 236 250.7 267.4 283.8 290 292.1 297.6 305.1 306.1 303.9 295.8 296.1 298.8 294.7 292.9 290.5 284.8 278.3 258.7 254.3 241.4 229.6 225.3 214.7 199.6 174.3 130.9 105.2 93.1 81.5 66.1 56.2 39.9 25.3 11.4 -1.4 -1.4 -1.4 -1.4 -1.4 -1.4 -1.4 -1.4 -1.4 -1.4 -1.4 -1.4 -1.4 -1.4 -1.4 -1.4 -1.4 -1.4 -1.4 -1.4 -1.4
119.4 111.5 104.7 100.6 100.3 100.9 94.9 90.1 81.7 72.1 70.9 71.4 74.5 80.9 89.5 102.1 122.8 134.5 142.1 146.6 172.5 183.7 186.2 172.9 163.7 164.8 173.7 185 199.1 218.2 233.6 249.8 267.9 281.8 288.5 292.3 297.3 300.1 294.7 294 297.2 302.2 302.1 304.5 300.9 294.5 285.6 275.5 270.3 252.2 240.8 232.7 226.3 211.7 191.7 156.7 123.5 108.4 89.6 77.5 68.7 56.1 38.8 11.6 -1.4 -1.4 -1.4 -1.4 -1.4 -1.4 -1.4 -1.4 -1.4 -1.4 -1.4 -1.4 -1.4 -1.4 -1.4 -1.4 -1.4 -1.4 -1.4 -1.4 -1.4
117.8 113.4 106.9 101.9 102.4 98.5 99.3 95.5 86.5 74.9 69.4 69.4 70.8 76 85.3 98.3 119.6 130.4 134.2 135.7 136.9 158 166.8 159.3 151.9 154.3 157.6 172.7 185.4 198.5 212 229.7 248.8 272.7 280.1 281.6 280.8 284.1 288.7 292.7 297.7 303.6 309.7 312.5 313 306.7 303.3 291.4 274.8 262.2 252.4 239.2 230.3 223.8 200.3 170.6 133.7 122.1 88.4 79.8 67.5 67.2 57.1 34.3 -1.4 -1.4 -1.4 -1.4 -1.4 -1.4 -1.4 -1.4 -1.4 -1.4 -1.4 -1.4 -1.4 -1.4 -1.4 -1.4 -1.4 -1.4 -1.4 -1.4 -1.4
116.5 109.7 105.9 104.5 100.1 99 98.8 92.6 96.3 80.5 71.1 69.3 68.7 70.4 81.8 89.9 114.2 123.6 128.2 130.5 126.2 130.1 148.8 137.9 134.7 141.1 144 154.6 175.4 191.2 200.4 217.3 227.3 250.4 264.1 268.3 271.1 274 280.4 287.2 295.5 307.2 314.9 321.8 318.9 318.9 311.4 297.3 275.8 267.9 259.3 246.6 232.3 225.2 209.6 182 141.9 115.1 93.7 83.4 76.8 70.4 63.5 49 29.9 -1.4 -1.4 -1.4 -1.4 -1.4 -1.4 -1.4 -1.4 -1.4 -1.4 -1.4 -1.4 -1.4 -1.4 -1.4 -1.4 -1.4 -1.4 -1.4 -1.4
106 100.7 99.9 102 94.8 96.9 95.4 90.6 91.9 88.3 75 75.3 70.3 68.5 75.2 91.5 109.6 110.2 119.6 129.6 119.7 114.5 118.1 121 123.6 125.9 132.5 141 157.9 174.1 191.8 202.8 210.8 221.9 239.4 246.1 256.2 265.5 273.7 282.5 294.3 310.4 319.2 326.3 328.7 326.2 316.2 302.4 284.9 274.5 263.2 252.7 235.6 231.2 217.4 197.5 154.3 120.5 103.4 83.8 81.4 69.7 68.1 59.1 32 -1.4 -1.4 -1.4 -1.4 -1.4 -1.4 -1.4 -1.4 -1.4 -1.4 -1.4 -1.4 -1.4 -1.4 -1.4 -1.4 -1.4 -1.4 -1.4 -1.4
92.8 95.2 95.2 96.4 93.6 89.2 86.4 85 84.3 82.2 75.5 75 74.1 67.9 69.6 85.9 110.6 107.1 99.4 112.3 111.4 101 98.2 107.4 115.1 117.9 125.7 129.9 144 164.4 177.8 190.3 196.5 206.8 219.6 230 242.5 251.4 268.2 278.9 290.3 311.5 321.1 334 331.4 330.4 321.8 307.5 293.6 277.7 268.2 258.6 243.3 233.8 220.9 201.1 174.9 141.1 104.9 88.7 82.1 81.5 67.8 61.5 38.8 17.4 -1.4 -1.4 -1.4 -1.4 -1.4 -1.4 -1.4 -1.4 -1.4 -1.4 -1.4 -1.4 -1.4 -1.4 -1.4 -1.4 -1.4 -1.4 -1.4
91.8 91.7 89.6 99.4 92.3 85 79.7 82.9 78.6 72.6 75.5 75.8 81.3 73.2 66.7 78.5 96.2 105.1 91.6 97.3 103.7 99.6 92.8 96.7 107 113.7 115.2 121.2 133.5 149.1 162.1 171.5 179.7 191.8 205.4 220.7 232.5 243.3 261.8 275.8 289.1 307.4 323 331.8 328.7 324.5 318.5 309.8 298.7 278.2 271.3 264.1 254.7 245.7 227.4 207.9 185.3 164 123.6 98.4 86.4 86.1 69.7 54.1 33.3 20.5 -1.4 -1.4 -1.4 -1.4 -1.4 -1.4 -1.4 -1.4 -1.4 -1.4 -1.4 -1.4 -1.4 -1.4 -1.4 -1.4 -1.4 -1.4 -1.4
91.9 92.1 84.8 79.3 82.7 80.5 81.6 77 75.2 71.8 77.4 76.4 81 76.9 66.1 65.8 73.5 83.7 84.6 84 86.6 90.3 84.1 90.1 100 108.5 108.3 108.3 123.1 131.9 146.1 156.6 162.5 177.6 194.8 209 223.3 237.4 255.2 270.4 286.8 306.1 316.5 326.8 324.5 318.6 313.9 307.8 299.5 284.7 274.9 269.4 261.2 250.4 230.7 214.1 196.8 173.7 135.8 106.9 88 86.8 78.8 61.6 31.2 18.1 -1.4 -1.4 -1.4 -1.4 -1.4 -1.4 -1.4 -1.4 -1.4 -1.4 -1.4 -1.4 -1.4 -1.4 -1.4 -1.4 -1.4 -1.4 -1.4
91.4 94 85.8 74.1 72.2 74.2 77 71.8 63.5 76.1 73.8 79.8 81.5 77.4 66.5 65.3 64.2 73.9 75.1 78.3 81.4 81.1 77 87.3 95.2 95.1 96.2 97.1 107.3 123.8 132.8 142.5 155.7 169.2 185 200.2 211.7 227.6 248.5 265.7 279.5 299.7 312.3 317 318.2 312.1 306.5 304 296.4 282.9 277.8 276 264.9 252.6 236 222.8 201.7 181.7 156 126.5 99 85.1 82.1 66.2 42.3 17.9 -1.4 -1.4 -1.4 -1.4 -1.4 -1.4 -1.4 -1.4 -1.4 -1.4 -1.4 -1.4 -1.4 -1.4 -1.4 -1.4 -1.4 -1.4 -1.4
89.9 90.4 84.9 66.6 66.8 63.9 64.2 63.1 58.5 65.2 68.4 72.5 71 67 65.2 64.9 62.3 60.9 64.9 71.6 79.4 82.4 73.7 80 81.9 81.2 86.7 88.3 98.4 110.4 122.4 133.1 142.4 160.9 178.8 189.2 203.8 223.4 241.2 257.4 271.7 287.8 299.9 305.7 306.2 302.7 297.7 294.8 292 288.6 281.9 271.7 263.7 251.9 236.5 221.9 210.4 188.3 168.7 137.1 108.6 88.5 82.5 77.6 66.7 22.1 -1.4 -1.4 -1.4 -1.4 -1.4 -1.4 -1.4 -1.4 -1.4 -1.4 -1.4 -1.4 -1.4 -1.4 -1.4 -1.4 -1.4 -1.4 -1.4
78.3 78.1 72.4 65 53.8 57 55.7 51.8 55.7 63 70.3 70 62.3 60.5 66.7 61.9 63.6 62 55.4 62.9 70.5 71.7 67.1 69.6 73.1 70.3 78.3 89.8 92.9 99.8 114.3 125.5 132.9 151 167.8 182.5 200.8 219.1 232.7 247.3 260.9 272 281.3 287.9 296 291.3 285.9 285.1 283.9 279.7 270.6 267.3 254.9 241.8 231.8 223.9 215.9 197 178.4 158.2 125.9 105.3 84.6 81.9 77.6 35.6 12.1 -1.4 -1.4 -1.4 -1.4 -1.4 -1.4 -1.4 -1.4 -1.4 -1.4 -1.4 -1.4 -1.4 -1.4 -1.4 -1.4 -1.4 -1.4
76.1 71.6 73.5 60.1 49.2 49 56.9 46 51.5 57.2 67 63 54.6 62.3 65.5 57.6 62 60.9 56.9 53.2 60.3 56.6 56.7 61.8 61.8 63.3 72.2 79.4 88.3 97.5 107.7 120.2 131.6 147.1 159.7 177.7 196.8 211.3 225.6 236.3 246.2 257 261.5 268.1 275.4 274.8 271.2 272.7 266.8 264.5 257.8 252.7 243.2 234.1 229.3 224.9 214 201 185 165.4 142.6 118.6 92.3 77.3 79 62.5 25.1 -1.4 -1.4 -1.4 -1.4 -1.4 -1.4 -1.4 -1.4 -1.4 -1.4 -1.4 -1.4 -1.4 -1.4 -1.4 -1.4 -1.4 -1.4
70.2 62 67.1 61.4 45.2 41.6 44.5 43.9 39.6 53 53.6 48.3 49.3 54.4 53.2 56.6 60.5 60.4 54.2 52.5 49.7 46.9 50.2 53.4 55.5 60 61.2 72.6 78.7 90.6 103.4 119.6 133.2 144.9 159.2 171.4 192.9 206 219.8 228.7 234 241.4 245.1 245.5 248.9 252.1 256 254.5 252.8 250.2 240.3 230.1 232.6 227.4 224.4 219.6 214.1 204.5 187 170.3 152.6 127.4 102.9 74.1 72.8 74.5 62.2 28.1 -1.4 -1.4 -1.4 -1.4 -1.4 -1.4 -1.4 -1.4 -1.4 -1.4 -1.4 -1.4 -1.4 -1.4 -1.4 -1.4 -1.4
67.3 58.3 58.3 48.2 41.1 29.6 27.3 28.2 31.1 34.2 38.7 38.9 43.4 48.7 45.7 50.1 57.7 63.3 53.9 51.9 52.5 44.5 47.7 51.1 50.9 56.3 49 61.9 68.8 85.4 95.4 118.9 132.5 145 158.4 166.3 184.2 199.5 211.8 220.4 225.8 227.8 223.6 226.4 227.3 229.6 232.1 235 234.8 226.1 220.4 213.5 217.2 215.8 214.5 209.1 203.7 196.7 186.9 167.4 151.9 127.2 106.7 84.8 67.9 73.3 65.6 40.3 27.9 -1.4 -1.4 -1.4 -1.4 -1.4 -1.4 -1.4 -1.4 -1.4 -1.4 -1.4 -1.4 -1.4 -1.4 -1.4 -1.4
59.6 53.7 44.1 37.7 32 22.5 21.9 22.1 20.8 26.7 30.5 32.3 36.8 39.2 44.6 45.8 47.6 56.5 54.1 51.1 48.6 42.3 52.3 57.8 47.7 43.9 41.5 49.7 62.2 78.5 90.7 113.8 128.2 139.3 151.1 160.8 172.6 189.4 200.5 207.9 212.7 212 206.3 202.3 204.3 211.9 211.8 213.4 211.3 208.4 206.1 198.3 201.4 206.6 205.6 202.5 193.6 184.3 178.6 167.4 149.5 136.7 116.5 90.9 68 60.9 59.3 49.2 32.6 25.4 -1.4 -1.4 -1.4 -1.4 -1.4 -1.4 -1.4 -1.4 -1.4 -1.4 -1.4 -1.4 -1.4 -1.4 -1.4
37.2 47.5 40 29.4 27.3 12.8 8.3 13.5 14.3 22.3 24.7 29 32.9 37.2 40.7 44.4 46.5 49.8 52.9 51 46.5 40.5 47.1 50.9 45.6 34.3 40 48.9 55.9 67.7 82.4 111.5 125.8 138.3 150.9 160.6 160.8 178.1 189 195.1 197.3 196.3 191.9 183.3 182.6 188.5 194.3 192.3 191.9 191.2 187.4 184.6 189.3 198.5 207.1 201.4 190.4 176 163.2 158.9 145.6 132.4 115.2 88.5 74.3 59.4 53.7 56.5 43.3 21 19.8 -1.4 -1.4 -1.4 -1.4 -1.4 -1.4 -1.4 -1.4 -1.4 -1.4 -1.4 -1.4 -1.4 -1.4
31.4 27.6 23.2 18.2 16 -1.4 -1.4 -1.4 3.8 10.9 17.7 29.9 26.7 35.5 41 42.6 43.7 45.7 49.1 51 51.8 41 38.4 37.4 38.4 33.8 37.4 46.6 51 60.9 74.3 101.8 117.6 131.5 146.3 164.1 162.1 168 177.1 179.3 180.1 178.3 172.6 165.4 160.3 162.4 169.1 171.1 174.2 168.7 165.6 168.4 177.7 187.6 193.4 195.6 188.2 177 166.9 155.1 139.8 126.5 109.3 94.9 80.7 67.6 56.3 51.7 40.9 22.8 19.2 -1.4 -1.4 -1.4 -1.4 -1.4 -1.4 -1.4 -1.4 -1.4 -1.4 -1.4 -1.4 -1.4 -1.4
28.6 17.4 14 4.1 -1.4 -1.4 -1.4 -1.4 -1.4 -1.4 8.2 17.2 22.8 26.4 34.1 36.2 42.7 45.4 57.5 51.3 35.9 34.8 30.3 27.5 27.5 30.5 34.7 40.6 43.2 58.7 65 80.8 104.4 118.8 139.9 154 161.1 153.3 163.5 168.1 164.2 157.1 149.8 142 140.1 143.5 144.4 145.7 149.9 139.9 146.1 149.5 164.9 177.2 183.4 187.6 180.7 173 161.9 151.2 142.7 129.7 115.8 108.7 91 79.2 65.5 52.7 50.5 31.5 23.7 17.9 -1.4 -1.4 -1.4 -1.4 -1.4 -1.4 -1.4 -1.4 -1.4 -1.4 -1.4 -1.4 -1.4
21.4 11.5 -1.4 -1.4 -1.4 -1.4 -1.4 -1.4 -1.4 -1.4 -1.4 6.8 13.5 20.2 26.4 33.7 45.1 39.1 44.4 46.6 38 29.9 26.3 21.7 19.9 25.3 32.9 37.6 39.8 43.7 56.7 66.5 88.5 109 123.3 138.1 150.6 150.8 153.8 161.6 156.5 147.7 133.4 124.4 123.3 123 121.1 120.2 118.7 122.2 124.5 134.1 148 163.4 172.5 175.5 174.6 167.5 158.8 154.1 147.1 136.1 126.6 117.5 98.7 86.7 71.1 54.3 43 33.1 31.7 24.3 -1.4 -1.4 -1.4 -1.4 -1.4 -1.4 -1.4 -1.4 -1.4 -1.4 -1.4 -1.4 -1.4
15.9 -1.4 -1.4 -1.4 -1.4 -1.4 -1.4 -1.4 -1.4 -1.4 -1.4 -1.4 6 21.2 28.6 29.9 29.7 30.7 28.6 32.9 29.6 27.8 26.5 12.2 19.9 24.2 27.4 30.4 34.2 35 41.5 58.1 70.9 87.6 103.3 107 127.6 147.1 147.6 146.1 149.8 141.6 131.1 110.8 105 100.7 98.3 97.3 103.4 104.1 109.8 123.2 134.1 147.6 159.3 165.4 166.2 161.3 158 153.5 151.3 143.1 131.8 116.6 106.3 90.3 75.8 64.3 46.1 40.6 39.5 26.4 -1.4 -1.4 -1.4 -1.4 -1.4 -1.4 -1.4 -1.4 -1.4 -1.4 -1.4 -1.4 -1.4
