UK/data/no/no21_OST50GRID_20230518/NO21.asc
ncols 200
nrows 200
xllcorner 320000
yllcorner 710000
cellsize 50
[rows 70 to 104 of 200, columns 0 to 78 of 200]
119.7 131.5 144.6 150.9 154.9 154.3 151.7 146.4 144.8 123.9 149.1 155 156.5 156.2 166.8 188.2 205.2 221.8 231.7 233.3 229.5 229.4 227.8 224.1 213.3 193.5 214.8 236.2 238.1 237.5 238 240.7 239.4 234.4 227.7 222.7 219.5 217.6 214 209.8 205.8 201.3 192.6 192.3 191.6 193.9 195.9 202.8 202.9 199.9 196.1 192.1 185.4 183 176.7 163.7 151.1 148.6 145.2 142.6 137.5 135.5 132.2 127.4 124.7 122.5 120.9 120 121.1 120.1 121.6 121.2 121.4 120.8 120.6 120.9 122.1 120.4 116
136.2 151.8 166.1 173.2 173.2 167.8 161.1 154.8 151.5 143 149.7 157.7 159.9 161.3 177.8 197.3 213.7 226.2 234.1 237.1 232.3 237.9 238.6 233.5 220.5 208.4 223 239.1 242.8 244.4 242.1 242.4 240.8 239.4 232.9 225.3 223.5 219.3 215.8 212.8 207.6 202.9 196.8 191.4 187.2 185.7 184 187.4 191 190 186.3 189.2 185.1 185 181.7 176.9 163.7 152.6 153 150.1 146.9 139.1 134.6 131.9 128.6 126.9 121.1 119.9 118.9 118.8 118.3 116.7 117.4 117.9 118.1 120.9 118.7 115.8 112.8
153.3 168.7 180.6 182.9 184 177.8 168.3 162.1 158.7 156.4 150.6 159.5 167.4 168.1 186.4 205.8 218.3 224.2 231.3 236.7 241.3 245.6 244.2 238.4 227 224.1 224 244.6 249.6 250.7 247.8 245.6 244.6 244.7 238.7 228.2 225.5 216.5 211.7 207.8 205.8 198.3 195.5 187.7 183.9 179.7 179.9 175.4 181.3 180.8 177.6 182 182.2 179.4 177.3 169.1 158 163.6 169 159.7 154.8 148.7 142.2 136.2 133.8 128.8 125.6 122.4 120.9 118.5 117.8 117.4 114.6 112.9 112.7 116.3 115.1 112.5 110.1
167 183.3 187.7 188.3 186.3 182.7 174.5 167.6 164.9 163.3 159.2 161 167 173 194 211 219.5 225.1 230.8 236 243.9 252.6 246.5 238.6 235.8 237.3 236.7 249.2 255 254.3 255.6 252.5 250.9 245 236 226.9 219.7 213.5 206.6 201.9 195.5 186.7 179.7 173.9 178 176.3 169.3 169.3 169.3 169.3 169.3 169.3 170.2 167.4 165.7 164.1 169.2 174.4 178.3 181.2 176.4 165.4 149.4 150.2 148.8 141.5 136 130.8 128.4 126.1 119.2 114.4 112.3 110.9 110.6 111.3 112.5 112.2 112.4
173.7 185.2 188.5 188.2 187.7 186.1 180.6 172.8 168.1 166.5 166.3 168.7 172 176.2 194.4 208.8 217.2 226.4 231.4 236.9 242.1 243.4 245.5 242 248.2 247.7 250.7 246.4 255.6 256.4 256.2 254.6 249.9 243.2 233.5 220.5 213.6 206.8 202.1 192.7 175.3 169.3 169.3 169.3 169.3 169.3 169.3 169.3 169.3 169.3 169.3 175.1 173.6 170 171.6 171.5 177.7 181.2 184.1 188.1 186.4 178.2 164.9 153.8 154.2 149.5 143.6 138.6 135.3 130.3 127.9 121.9 115.2 113.8 108.7 109.7 110.7 112.5 115.1
177.9 184.7 185.8 187.8 188.7 188.3 185.6 177.6 170.6 167.8 170.2 174.6 177 179.8 193.6 207.8 220.4 228.8 234.8 240.5 245.9 246.6 249.1 247.1 257.4 262.5 262.6 254.9 250.3 250.4 250.4 251.8 245.7 238.9 229.1 216.6 208.5 200.7 192.8 174.5 169.3 169.3 169.3 169.3 169.3 169.3 169.3 169.3 169.3 169.3 184.3 187.3 180.8 177.3 179.1 178.6 183.3 185.8 186 188.8 185.8 181.6 177 163 152.7 150.7 147.8 143.6 139.9 135.8 136 129 120.7 113.6 110.8 107.8 109 110.6 112.8
176.8 181.8 184.6 188 188.5 189.1 187.8 182.2 174 169.5 170.8 175.3 180.6 184.8 196.6 213 224.9 236.8 243.9 245.9 249.3 250.9 252.5 261 267.2 266.8 266.7 260.8 249.5 257.7 255.2 253.8 253.5 247.9 229.8 217.4 203.2 191.9 174.5 169.3 169.3 169.3 169.3 169.3 169.3 169.3 169.3 169.3 169.3 177.7 190.4 189.2 186 182.3 182.7 184.1 186.8 188.9 189.5 193.4 192.4 187.7 179.5 170.4 158.4 155.1 154 150.1 147.2 143.4 136.1 131.2 123.5 115.3 108.5 106.5 106.3 108.2 109.3
169.9 177.1 184.7 190.7 192.6 194.2 193.4 189.4 179.8 174 172.9 178.1 182.6 188.8 200.1 217 229.6 239.2 245.4 251.4 256.5 261.5 263.1 267.4 273.1 271.2 266.9 261.9 249.4 248.7 250.7 250.9 250.8 241.3 226.8 217 204.2 182.8 174.4 179.6 177.5 178.3 176.4 169.3 169.3 176 181 179.1 174.6 180 190.5 191.2 189.7 190.7 188.4 194.2 196.9 193.2 189.4 191.9 190.1 186.1 182.9 179.4 166.7 164.4 159.7 153.1 148.9 147.4 142.1 134 123.2 115.7 110 106.5 104.7 106.5 107.6
179 177.2 186.3 192.4 201 209.8 209.6 204.4 187.9 178.7 175.6 183 188.2 194.2 202.6 219.4 231.5 241.1 247.6 253.6 259.8 266 274.9 279.8 276.4 270 266.9 262.8 252.5 245.3 248.5 246.7 244.4 232 221.7 211.7 204.7 188.5 189.7 191.9 190.6 186.6 180.1 170 171.2 182.8 191.8 189 186.6 189.5 194.8 198 196.8 196.6 193.5 196.3 196.9 194.1 189.9 186 184 182.5 181.4 179.9 173.3 170.1 166.2 161.6 155.5 150.8 143.2 135.9 127.2 116.6 111.5 106.6 104.3 104.1 104.9
187.2 186.5 188.7 193.9 206 209.7 211.7 211.7 197.3 186.5 180.3 190.2 199 206.2 206.4 221.5 232.8 242.3 248.2 257.5 261.3 268.3 277.4 281.4 279.1 274.4 269.7 260.8 252.1 242 238 234.3 232.9 223.5 226.1 226 215.8 203.2 203.6 205.8 204.1 203.5 193.9 192 194.5 188.3 190.5 196.2 195.8 196.6 195.1 198.7 197.9 195.4 192.4 195.8 194.1 191.3 188.2 184.2 180.3 179.1 179.6 180 180 170.1 167.1 162 157 150.7 141.1 132.7 125.7 119.6 111.2 106 103.9 102.5 102.6
192.4 193.4 195.8 204 206.2 211.5 215.2 211.9 204.6 194.5 189.1 192.6 201.5 208.7 211.7 221.9 230.8 245.2 251.7 254.8 262 268.2 275.7 278.8 277.1 272 266 256.7 246.6 236.2 236 235 229.1 230.1 235.5 232.2 223.1 212.5 218.9 221.9 219.5 213.4 205.9 204.7 212.6 211 201.7 200.4 205 195.8 192.2 194.2 195.4 195.5 191.2 191.2 189.5 188.6 186.5 183 179.8 179.1 179.2 177.7 175.8 170.4 164 159.5 153.9 147.1 138.2 129.8 123.2 118.9 113.5 105.9 103.3 101.6 101.9
203 201.6 206.2 210.1 211.9 214 213.5 211.7 206.1 200.6 197.7 197.5 201 211.6 216.7 219 227.8 243.3 253.5 263.3 266 269.9 275.7 277.2 273.5 268.1 263.4 256.3 244.2 234.8 235.2 234 230.9 238 240.5 235 227.4 220.3 227.1 227.1 227.8 227.7 222.1 218 218.2 215.4 212.9 214.5 210.5 202.8 190.1 189.1 192.6 193.5 188.2 185.8 184.3 188 186.2 181.9 180.5 177.9 175.5 173.1 170.1 164 159.4 155 149.8 142.2 134.4 128.3 123.6 118.1 113 107.1 103 101.5 101.4
210.6 210.6 212.2 215.1 218.8 218.3 216.4 213.8 208.9 203.5 201.3 202.7 201.2 209.6 214.4 216.9 224 233.7 242 253.2 253.7 260.7 275.6 274.9 269.8 267 260.6 249.9 241.9 235.6 233.6 235.5 248.6 249.1 247.9 242.7 233.7 230.8 233.4 232.8 235.2 237.8 237.1 232.9 231 229.9 225.9 217.9 210.9 204.9 191.9 185.2 184.6 183.4 181.8 180.1 181.3 185.6 185.5 181.9 177.3 173.3 169.4 167.8 162.4 156.1 151.3 148.2 144.3 136.3 131.1 125.8 121.3 116.2 111 106.5 103.5 102 101.1
210.4 212.6 216.2 222.7 223.6 223.6 222.5 218.6 213.5 207.8 205.6 204.6 204.2 208.3 215.7 221.3 225.4 228.8 235.1 239.1 241.9 262 271.8 271.3 270 267.4 260.1 249.7 243.3 235.5 237.7 246 251.2 251.3 247.2 242.6 235.4 235.8 239.2 241.9 245.9 250 251.2 249.5 235.1 228.2 225.5 219.3 209.5 201.1 192.7 184.6 178.3 175.9 175.8 175.2 177.4 182.5 181.2 178.7 174.2 168.5 162.3 158.7 154 148.2 144.1 142.1 137.1 130.8 126.1 123 117.8 112.3 108.8 106.1 103 102.1 101.8
212.9 219.1 223.1 225.6 226.3 226.5 225.2 221.2 216.9 212.2 208.2 207.4 207.7 211.6 218.9 223.2 227.3 230.2 230.5 235.3 251.1 261.4 268.5 268.6 265.9 264.1 256.7 247.4 242.9 237.7 243.2 249.8 252 252 247.8 243 238.3 241.8 246.2 251 255.8 260.2 257.7 254.5 242 230.7 223.1 213.8 205.7 196.7 189.3 182.8 176.4 168.5 166.9 168 172.3 180.9 179 175 170.9 164.1 156.4 149.6 145.4 141.2 137.8 134.7 131.6 126.5 121.2 117.7 113.3 108.9 106.8 106.3 104.1 102.4 101.3
222.7 232.1 234.3 232.4 230 229 226.7 223.4 220 216.5 215 214.5 213.6 216.9 221.3 225.6 229.2 231.5 233.5 236.4 254.1 260.2 264.7 266.6 265 262.2 254.3 247.3 245.5 240.8 247.4 252 253.6 252.5 252.9 249.2 245.8 250.5 256.4 258.7 263.9 268.5 267 260.9 243.2 230.4 220.3 208.8 200.2 193.2 186.4 179.9 174 165.5 162.2 161.9 166.2 178.5 178.5 172 166.4 159.8 152 144 137.7 135 129.9 128.2 124.7 120.6 114.9 111 110.2 107.1 105.2 105.6 105.6 102.4 100.9
229.2 236.4 238.3 239.1 238.9 236.4 230.1 228.6 224.9 221 223.8 221.5 222.1 224.4 225.1 228.8 230.5 232.9 235.6 243.1 253.9 260 261.8 265.7 266.5 264.7 257.6 253.8 253.9 254 252.3 255.2 255.5 255.4 258.8 257.9 256.7 261.2 265 264.4 266.3 264.2 260.7 254.9 241.5 229.7 217.1 206.3 197.8 189.8 183.4 177.2 170.8 162.9 155.8 154.8 159.5 169.1 169.9 167.2 161.7 156.5 148.6 140.8 135 125.9 120.7 118.2 120 116.4 111.7 107.7 106.2 105.1 103.2 102.4 102 101.4 101.1
228.6 233.5 239.6 242.9 242 242 241.3 241.3 236.6 232.8 232.4 228.5 229.4 232.4 234 231.9 233.9 236.7 239.8 249 254.3 257.1 259.9 265.2 264.7 262 261 260.8 261.1 262.4 255.3 257.2 262.4 266.3 269 266.8 264.4 267 267.6 267.2 263 260.2 253.6 246.6 237.1 226.8 215.8 205.1 197 190.1 183.1 176.1 168.2 161.3 159 154.3 152.1 156 158.7 159.7 156.5 152.6 144.5 137.2 129.3 121.8 117.5 115.8 116.4 113.2 108.3 104.6 102.4 101.5 100.9 100.4 100.2 99.8 100.3
226.2 231.3 239.6 242.1 248.7 248.3 248.6 249 248 241.8 238.6 232.6 234.5 240.1 242.6 237.5 234.8 235.3 241.4 250.1 253.7 255 258.9 259.6 257.3 256.5 257.8 259.9 261.6 261.8 257.1 262 269.8 276.6 280 274.3 268.6 265.3 266.6 265.8 268.5 258.8 249.8 244.8 242.3 237 222.7 208.9 197.1 189.5 183.3 176.1 168.8 161.8 158.7 155.5 152 150.5 151.4 152.4 150.1 144.8 138.6 129.4 123.9 121.9 119.4 117.1 114 115.5 113.5 104.7 102 100.6 99.5 98.8 98.6 99 99.8
224.4 228.6 239.8 247.9 253 255.2 254.8 254.3 252.6 249 244.7 237.9 237.6 243.1 246.7 244.7 236.8 233.7 243.9 247.1 249.7 253.9 254 251.9 249.1 249.2 250.9 253.1 255.2 257.2 257.8 266.7 276.1 282.5 283.2 279.4 273.3 268.1 264.5 261.7 261.4 253.9 242.1 240.5 239.3 234.1 227.5 219 205.2 192.3 187.3 178.4 171.4 164.4 161.8 159.1 154.4 154.5 152.7 147.9 142.7 137.1 130.5 126 125.7 123.5 121.1 123.6 123.9 123.9 121.4 119.2 101.9 100.2 99.4 98.5 98.6 98.3 98.9
223.5 228 243.6 253.6 254.4 257.6 260.9 262.2 261.5 257.5 250.4 246.5 245.1 248.3 251.6 246.9 240.7 237.5 238.5 242.5 253.2 252 248.1 244.2 241.5 242 244.2 246.3 248.4 250.5 253.3 263 276.8 279.2 279.7 278.7 274.6 267.9 261.3 255.2 249.9 242 232.8 230.4 229.2 226.7 221.7 220.8 214 201.5 191.5 184.4 175.1 167.6 166.9 163.7 158.2 152.5 151.7 148 141.4 137.2 128.6 126.7 133.8 129.7 127.4 131.9 135.7 135.8 137.8 133.8 117.6 100.5 99.1 99.1 98.6 97.9 99.2
222 229.5 242.9 253 255.6 267.6 272.5 273.2 272.8 266.6 260.5 256 255.4 256.5 256.4 252.5 246.9 240.3 236.2 237 246.7 246.8 241.9 237 234.7 235.8 237.8 239.9 243.2 246.6 250 255.9 269.4 274.1 273.9 273.3 270 263.7 255.5 246.7 239.8 229.4 224.7 220.8 219 217 211 211.5 211 206.4 197.1 188.5 180.9 175.9 170 168.1 163.9 153.9 152.4 153.8 149.2 149.3 144.8 139.7 143 140.1 138.2 142.8 148.6 152 150.8 143.2 131.6 109.9 98.7 97.6 98.7 99.8 100.2
220.3 232.5 242.8 250.3 258.7 269.8 273.1 271.9 271.7 270.5 269.1 270 264.5 256.3 253.5 250.3 253.3 248.5 235.7 229.1 237.2 239.2 235.8 230.5 227 229.9 232.7 236.1 240 243.2 243.9 248.2 263 266.9 266.4 266 263.7 257.4 248.4 238.3 227.8 219.8 215.5 210.6 209.6 209.1 208.6 207.4 207.3 203.1 197 189 182.3 181.1 173.1 169.8 173.2 165 154.8 158.3 158.8 161.7 164.5 162.6 166.9 162.7 159.9 157.6 159.1 159.3 156.3 147.9 137.3 128.5 102.6 97.6 97.6 99.3 101.8
222.8 233 243.1 251.5 260.9 266.4 266.7 266.2 269.3 270.4 274.6 273.6 266.7 257.5 250.6 249.4 254.9 249.3 239.3 225 225.9 228.9 227.5 223.1 220.3 222.3 229.2 233.3 234.9 236.9 238.9 240.2 254.1 258.2 258.6 258.2 256.6 251.5 240.9 229.6 218.4 213.1 207 200.8 198.9 200.9 200.4 197.1 196.7 195.2 187.7 181.6 175.7 173.4 172.1 177.8 177.4 175.4 162.4 161.2 166.7 174 179.7 181.5 182.1 178 172.2 165.1 161.9 159 154.2 147 140.2 131.9 119.2 100.2 99.8 98.7 98.3
227.7 240.2 246.9 255.4 261.5 263.7 266.9 268.6 272 269.1 275.2 274.6 265.6 257.8 251.1 247.3 250.8 248 239 228 215.7 216.1 216.9 214.6 211.6 218 224.5 230.1 232.3 234.5 235.6 234.1 245.3 250.5 250.9 250.3 249.5 245.5 236.7 222 211.8 207.2 200.2 194.9 188.1 185.8 185.1 184.8 182 180.6 176.3 171.3 167.8 164.8 162.5 175.1 176 174.7 168.6 168.7 167.5 175.7 180.1 180.9 180.9 178.3 172.2 164 159.6 155.1 152.1 145.5 138.9 132 125.6 112.3 101.5 105.5 104.9
235.4 243.2 251.5 259.4 264.6 269.4 269.1 269.3 271.9 274.3 271.4 270.1 263.6 249.7 248.1 241.3 244.6 241.5 236.7 229.5 217 207.3 206.7 206.1 205 213.4 219.5 226.9 231.2 232 231.5 229.8 235.1 241.4 242.2 242.3 242 238.9 229 216.3 206.6 200.2 196.9 191.1 184.5 177 172.1 168 165.4 166.6 164.9 160.4 158 157.8 156.2 170.3 176.2 171.6 171.7 172.9 168.8 170 174.2 175.5 175.8 173.1 166.2 160.8 155.6 150.3 146.6 141.5 137.4 131.1 125.2 118.5 103.8 102.9 104.8
242.4 249.2 254.8 258.7 265 267 269.1 267.6 271.2 272.1 269.7 266.9 259.6 246.9 238.9 234.5 236.9 234.9 232.5 229.8 218.9 206.3 198.6 197.6 198.2 207.9 217.9 224 227.4 229.4 227.7 225.2 226.1 231.9 234.3 235.8 233.5 231.8 220.1 209.8 202.6 197.7 191.4 188.5 183.4 178 170.1 163.5 160.3 158.6 158.3 153.9 152.8 152.7 154.3 170 174.6 172.7 173.3 174.4 172.5 164.3 165.1 167 166.1 163.2 159.6 156 151.7 147.5 142 136.4 133.7 129.7 124.2 119.2 110.5 98.2 101.1
246.5 257.7 258.2 261.5 262.6 264.5 264.8 267.1 270.6 266.5 272 262.4 251.9 243.8 236.7 230.7 225 224.3 224.6 223.5 219 204.2 194.9 192 197.1 206.2 214.1 219.8 225.6 226.2 224.8 222.4 218.6 222 226.4 229.8 227.6 221.8 211.9 205.4 201.2 199.9 190.3 184.1 182.1 179.8 173.4 164.4 161.2 160.8 157.1 153.2 151.9 151.9 157.7 164.9 170.3 171.7 174.1 173.3 171.9 169.4 160.1 158 156.6 153.7 150.7 148.3 145.3 142.9 137.8 133.3 129.2 125.2 120.7 116.8 111.2 102.2 97.8
249.5 256.7 262.9 263.5 263.8 265.5 265.5 266.9 265.6 264.5 264.4 258.3 248.3 239.8 233.2 227.4 221.8 215.7 220.3 218.1 212.8 204.5 191 184.3 194.8 199.6 205.8 210.6 219.9 222.6 221 218.3 215.9 213.3 216.4 222.1 221.7 216.6 210.7 206.4 205.1 205.5 200.3 184.4 180 183.3 179.1 171.3 165 159.6 154.9 152.3 151.4 152 158.2 160.4 162.8 167.1 169 170.7 167 164.5 158.4 148.5 146 144.4 141.6 138.9 137.1 134.7 131.8 128.1 124.2 119.7 116.3 113.7 108.7 102.5 97.8
257.5 263.2 268.4 270.1 266 268.3 266.7 264.1 261.9 262.5 251.2 248 241.5 236 228.6 223.7 217.8 210.4 211.9 209.9 204.3 198 189.3 180.8 183.1 189.9 195.9 206.2 212.9 215.7 216.2 213.7 211 207.5 212.6 216.2 218.3 214.3 209.8 210.2 209.7 205.7 203.6 195.9 183.3 177 175.8 168.3 165.5 161.8 156.8 154.3 152.2 153.3 156.6 155.9 154.8 162.9 162.8 163.2 162.7 157.7 153.3 147 138.8 136.5 134.1 130.4 128.4 127 125.2 122.6 119.2 116.1 113.7 110 108.2 106.6 104.2
262.3 263.4 268.8 269.9 268.2 268 265.1 259.5 256.7 252.9 246.5 240.6 234.5 231 225.9 219.4 212.3 204.3 202.2 199.6 195 189.5 186.8 180.6 173.8 181.9 191.2 198.5 204.7 209.6 210.3 206.8 203.6 203.9 211.9 213.2 215.4 216 215.9 219.1 219.9 215.5 207.3 201 192 186.1 181 172.1 170.6 167.1 159.9 157.7 153.9 151.3 154.4 153.3 150.4 157.6 157.7 157.6 155.9 150.4 146.5 143 137.8 130.6 128.3 126.9 124.1 122.4 119.8 118.3 116.6 115.4 110.4 106.7 107.9 108.4 104
260.7 263.8 266.8 268.9 268.2 264.5 260.8 256.3 254.8 253.9 245.1 235.5 229.9 225.8 221.5 216.4 209 200.8 192.4 188.3 186.5 183.3 179.5 175.7 171.9 175.9 184.7 193 198 201.8 201.3 198 196.5 200 208.2 210.1 212 215.8 218.7 221.8 223.9 222.4 214.7 207 200.1 196.6 192 180.6 177.3 173.9 168.5 158.9 154.9 151.7 150.3 149.5 148.6 155.4 152.9 152.4 149.2 144 141.9 137.8 131.4 128.6 125.1 124.2 122.7 119.7 121.9 119.5 116.8 115.4 111.6 111.4 107.1 102.6 101.4
263 266.7 266.8 264.3 259.6 261.7 258 251.6 250.7 248.7 242.7 235.3 228.1 222.4 216.8 210 204.1 198.5 190.8 184.5 180.4 178.1 175.3 170.5 167.8 164.2 178.4 186.2 191.1 194.5 191.8 188.2 191.5 198.9 203.8 208.6 209.2 212.6 217.6 224.3 224.9 223.3 219.3 211.9 204.7 200.9 195.9 189.3 181.9 176 169 159.5 156.5 151.6 149.9 147.9 147.5 147.1 148.1 148.2 144.8 142.5 143.9 140.9 138.9 135.7 130 127 131.8 132.3 133.5 128.7 125.6 121 117.3 114.7 111.9 104 102
263 267.9 266.3 262.6 259.7 255.5 254.5 252 245.1 243 237.7 231 227 220.2 214.2 208.2 198.5 193.8 189.6 184.4 178.4 173.9 170.8 168.3 164 160.6 168.5 178.7 180.7 184.5 181.6 182.5 195.8 200.8 204.1 206.4 205 207.3 216.5 224.1 225.7 225.3 221.3 216.6 209.6 202.5 197.7 191.3 182.3 174.1 166.5 159.2 154.4 153.9 151.9 151.7 151.6 147.5 145.9 144.5 143.7 146.2 148 147.2 146.3 147 146.2 139.5 133 130.9 130.5 129.4 127.4 125.4 120.5 118.6 114.9 108.5 103.6
261 262.7 260.7 260.4 259.9 262 259 253.2 246.5 244.3 239.5 229.3 223.9 218.8 211.6 205.2 196.1 190.9 187.2 182.4 178.8 173.7 172.3 166.7 163.4 157 155.8 170.2 172.6 171.9 170.2 182.1 193 196 198.6 201.2 200.6 199.5 213.4 220.7 224.9 224.8 222.9 219 211.7 205.8 200.2 192.5 184.8 178.5 168.8 158.9 157.2 155.8 155 152.5 152.4 150.6 145.7 148.9 151.3 150 156 155.2 158.6 159.3 158.2 153.3 145.8 133.5 129.7 129.6 126.8 122.3 118.6 115.7 112.5 108.5 102
