WholeMapElevations/data/sn/sn91_OST50GRID_20230518/SN91.asc
ncols 200
nrows 200
xllcorner 290000
yllcorner 210000
cellsize 50
[rows 35 to 69 of 200, columns 0 to 77 of 200]
521.1 508.5 496.3 483.7 463.8 441 426.7 420 418.9 419.1 420.3 424.9 434.6 446.6 459.7 471.3 486.1 508.7 527 542.7 556 572 592.8 622.4 647.7 653.4 650.7 645.8 636.1 622 600.1 581.8 570 561.8 556.9 551.2 545 535.5 523.5 510.1 493.1 477.5 463 446.1 430.6 419.2 411.4 403.5 398.2 392.3 390.5 390.5 400.6 412.3 423.7 434.3 452 467.9 481.1 494 505.5 517.3 529.1 543.4 557.8 571.3 584.6 591.1 603.4 613.1 615.8 616.6 610.7 599.7 587.9 578.2 571 567.1
525.1 514.9 502.2 489 469.9 445.8 427.3 418.5 415.7 416.6 417.7 422.2 429.9 442.9 456.9 467.4 483.2 505.1 522.9 538.4 552.6 567.9 586.7 617.2 641.8 647.9 648.2 644.3 636.2 621.9 601.2 582 571.8 562.4 557.9 552.5 542.4 531.6 519.5 507.4 492.5 471.2 456.9 442.9 428.2 417.3 410.4 402 395 390.6 389.2 394.1 402.2 413.6 424.2 436.9 454.3 468.8 480.4 496.5 507.9 521 533 545.4 559.5 573.6 581.8 590.3 603.5 608.6 614.1 610.5 601.6 590.3 580.9 572.2 563.2 557.9
528.9 518.6 507.5 494 474.6 450.4 429.4 417.7 414.2 414.2 414.7 419.2 427.3 439.9 453.6 466.3 479.7 500.9 518.7 533.7 549.3 564.8 581.6 610 634.4 642.2 643.4 641.8 635 621.5 603 582 571.7 563 557.6 551.4 543.4 532.1 520.6 506.7 490.9 472.4 456.3 441.1 426.8 415.2 407.6 400.4 393.4 389.5 386.8 394.3 402.6 414.2 425.3 438.1 454.5 467.3 480.5 495.9 509.8 525 534.9 549.8 562.9 573.1 579.1 591.1 598.7 606.9 609.2 600 592.6 583.1 573.7 566.2 556.9 549.5
531.7 522.1 511.4 497.5 477.4 452.4 431.7 419.5 413.2 411.7 413 416.9 424.8 437.2 450.8 464.2 477.3 497.4 514.2 528.9 545.5 561.2 577 601.2 626.4 638.3 640.5 638.6 633.6 620.8 603.8 584.4 571.9 562.9 555 549.2 542.7 535.1 519.7 505.1 489.1 471.5 454 439 425.4 414.8 406.7 398.8 391.4 387.7 386.1 393.7 402.8 414.2 424.1 438 454.7 466.2 481.1 499 514.1 526.3 537.3 551.5 562.2 570.1 579 591.1 597.4 603 597.4 588.9 582.8 575.8 567.3 558.3 551.3 544.8
534.5 525.2 514.2 499.1 478.9 455.7 435.4 417.2 412.2 410.5 411.2 415.8 422.6 433.4 450.1 462.7 476.1 494.5 511.9 526.3 541.4 556.3 571.5 593.6 619.6 634.4 639 638.2 631.2 621.3 606.2 587.2 574.9 563.8 554.6 547.5 541.5 533.2 520.5 504.2 487.4 470.8 452.6 436.7 423.8 413.9 404.9 396.6 390.5 384.6 386.3 393.7 404.1 414.4 423.9 438.2 451.7 465.9 484.6 502.2 516.2 528.8 540.7 554.1 565.7 571.8 579.6 590.4 592.7 591 584 578.9 572.6 566.1 558.7 552.8 547.8 542.4
535.3 527.4 515.5 499.3 479.5 458.4 435.6 417.7 410.6 409.4 410 414.4 420.3 432.8 447.6 463 477.2 493.1 510.2 522.6 537.5 551.2 566.5 586.1 613.6 636.3 640.3 637.4 628.8 618 604.6 588.1 575.7 564.8 554.9 546.7 541.3 530.9 517.8 501.5 485.5 468.8 452.3 435.9 423.2 413.1 403.7 395.6 389.5 383.9 383.5 391.1 402.7 413 422.7 437.8 451.2 466.7 486.7 503.3 517.6 531 543.6 556.3 566.1 569.7 578.9 583.3 584.3 578.8 572.8 568 561.3 557.8 553.3 549.4 544.3 538.1
536.1 528.8 515.6 496.8 480.6 459.9 435 418 409.7 408.2 406 412.3 418.4 430.3 446 461.7 477.5 491.9 506.4 519.1 533.7 546.6 563.2 582.7 611 636.9 641.6 640.1 628.8 617.7 601.2 587.3 575.4 565.5 554.5 545.7 540 529.5 514.4 499.8 483.5 468.2 452.1 437 424.9 413.6 401.8 393.3 387.3 382.2 381.4 390 401.5 410.8 422.5 437.2 450.5 467.4 486.7 503.9 519.7 532.3 546 557.4 563 569.1 574.6 575.2 574 568 563.2 559.4 555.4 551.8 548.8 544.5 538.4 532.7
535.2 529.8 515.5 495.5 479.7 460.7 437.9 418.5 408.7 407.3 406.5 411.1 417.6 430.1 444.6 460.2 475.6 489.4 502 515 529.5 543.4 560.9 579.2 605.5 632.8 636.1 634.7 627.1 614.4 597 584.8 573.7 562.6 551.6 543.1 536.1 528.1 511.5 497.5 480.9 465.7 450.7 436.9 426.8 416.3 401.3 390 384.2 380.4 381.5 389.5 399.4 409.4 421.3 435.4 448.7 467 486 504.8 519.5 532.8 546 557.2 561.3 569.4 571 569.2 564.1 560.5 557 553.6 550.2 547.8 544.5 538.6 531.7 525.6
533.2 528.2 513.5 491.9 478.4 462.7 439.1 419.6 409.1 405.8 405.9 410.1 418.4 432 445.2 459.1 472.4 485.9 498.9 512.6 526.5 539.7 557.1 574.3 598.3 622.5 625.2 625.3 621.9 610.6 591.4 580.8 572 560.8 549 539.6 531.1 522.6 508.4 495 479.8 464.2 450.3 437.7 426.9 416.2 400.3 388.7 382.1 379.3 380.7 388 398.2 409 420.5 433.5 448.9 467 485.7 504.1 519 532.2 544.9 556.4 560.2 566 568 562.7 557.5 555 551.8 547.5 544.8 541.1 537.2 531.7 525.3 518.3
531 523.9 510.6 489.1 475.7 462.7 440.5 421.3 409.5 404.8 404.6 410.2 421.1 432.1 444.8 457.8 469.9 482.9 496.5 508.7 522.7 536.5 552.8 569.1 586.9 601.8 605.4 610.3 611.4 604.4 586.6 579.7 571.8 560.2 546.4 537 525.6 517.7 506.1 492 477.5 462.2 450.2 439 431.2 417.3 398.9 388.5 381 377.5 380.4 386.4 397 408.3 419.5 432.2 448.3 466.1 484.7 503.2 517.6 531.9 542.6 552.7 558.9 561.9 560.5 555.3 553.6 551.4 547.8 543.4 539.2 534.1 529.3 524.5 518 509.9
528.1 521.2 508 485.7 472.5 460.6 441.2 423.2 410.5 403.8 403.4 411.4 421.3 430.9 443.7 456.8 469.2 481.3 494.1 505.5 518.6 534.6 550.2 563.2 577.4 586.6 591.9 596.3 596.2 593.3 582.2 575.9 569.3 559.6 547.5 535.1 524.3 514.3 503.8 488.4 475.3 462.3 447.4 438.9 429.7 413.6 399 388.6 381.2 377 378.6 386.1 396.5 407.2 417.4 431.2 446.7 464.7 482.2 501 516.1 529 538.9 546.8 553.5 553.6 552.9 552.6 550.9 547.5 543.8 539.6 534 528.3 522.2 516.2 510.1 501.8
524.9 517.7 504 483.5 470.7 460.4 443.4 425.1 410 403.5 403.2 409.4 418.9 430.8 445.3 458.3 469.8 479.4 490.6 501.6 516.3 533.4 548.1 558.6 569.6 577.5 581.1 584.9 586.5 583 578.7 572.9 565.8 558.1 548.2 535.9 525.3 514.8 503.2 489.5 475.5 462.3 450.1 439.7 431.9 422.1 404 390.4 381.7 376.4 377.2 386 396.9 406.5 416 429 445.1 462.6 479.3 497.5 512.9 524.1 534.3 540.9 545.7 549.4 552.4 551.6 547.6 543.5 540.3 535.9 528.1 521.6 515.6 509.2 503.2 497.2
521.1 514.1 500.1 480.2 468.5 458.4 443.9 426.8 411 403.6 402.4 409.1 418.6 432 446.4 458.5 469.5 478 486.7 498.4 513.5 534 547.3 555.4 564.8 569.7 573.2 576.4 579.3 576.8 575.6 570.6 563.1 557.4 547.7 536.2 526.7 516.9 503.3 490.9 476.8 463.7 452 440.7 433.2 422.9 402 390.1 382.6 376 374.1 386.3 396 404.3 413.8 426.3 442.3 458.6 475 493.1 508.1 518.5 528.5 534.3 540.5 545.1 546 545.8 541.6 537.1 533.9 529.6 524.1 518.8 510.7 504.9 499.7 493.7
517.6 510.1 495.1 479.1 467.7 458.4 444.7 426.7 411.8 402.2 402.9 409.4 420.6 431.6 445.7 459.1 468.2 475.2 483.3 493.8 513.6 534.5 545 551.4 559 562.9 567.9 570.3 570.4 570.7 570.9 566.6 559.7 554.5 547.1 535.5 527.3 518.6 507.4 493.9 478.5 465.9 454.3 442.1 435.4 424.7 405.3 390.1 382 374.9 380.4 386.2 393.5 401.3 412.2 423.6 438.6 454.5 470.4 487.8 502.3 512.6 522.4 531 535 538.2 539.6 540.4 536 531 528.9 523.4 517.5 512.8 506.3 498.4 493.8 489.1
513.3 506.4 491.2 477.1 467.5 458.6 445 427.8 411.5 400.9 402.4 409.9 420.7 429.6 446.6 458.5 467.8 475.4 482.1 491.3 516.3 532.6 540.8 546.9 552.5 556.9 560.7 563.1 563.6 564.7 563.1 561.3 554.8 549.5 543.6 536 527 517.7 507.3 494.4 481 469.1 455.8 442.7 435.9 424.8 402.8 390.1 380 374.4 382.1 385.7 391.2 399.2 409.3 420.7 435.1 450.9 466.3 481.5 495.3 507.1 518 526.6 528.9 530.9 532.4 532.2 528.5 525.3 521.3 515.6 509.8 504.6 499.2 493.3 488.2 482.9
509.2 502.8 488.1 476.1 466.6 458.3 447.1 428.6 411.4 400.7 401.2 407.8 417.1 429.2 446.4 458.8 467.6 475.9 483 493.4 516.9 530.9 537.1 542.2 546.9 550.7 556 560.2 558.8 556.3 555.5 554 550.3 544.9 539.2 533.3 525.7 516.9 505.2 493.5 480.6 471.3 458.3 444.5 438.4 423 401.6 388 377.8 373.1 381.5 385.1 390 398.4 406.2 417.5 431.6 446.6 461.1 476.2 489.2 501.8 513 519.7 522.1 523.5 524.2 524.4 521.3 519.1 514.4 508.1 502.4 498.1 493.9 488.6 484 479.1
507.5 500.4 487.6 475.6 466.7 458.6 448.5 431.3 413.4 397.5 400.8 405.5 414.1 427.1 447.1 457.1 466.1 476.8 484.1 494.5 514.2 527.3 532.4 537.6 541.2 544.9 550.7 551.7 551.6 550.7 547.9 545.1 543 540.6 536.1 530.8 524.4 516.3 505 492.2 479.5 469.6 458.5 448.2 440.5 422 401.4 387.3 378 371.7 379.9 384 389.5 396.1 403.9 414 427.6 442.5 456.2 469.9 483.7 496.1 507.8 513.4 515.6 517.6 519.1 518.9 514.9 512.4 507.4 501.1 496 492.8 488.4 484.3 480.3 475.7
503.8 496.8 486.2 475.8 468.7 459.3 449 431.2 413.2 398.1 400.7 403.7 411.4 427.8 444.7 456 464.7 474.8 483.3 494.5 510.2 521.9 527.3 531.1 535.1 538.3 541.7 543.9 544.5 543.4 540.7 539.2 537.6 535.5 531.8 529.2 524.5 515.4 503.9 492.3 479.3 467.6 457.4 448.1 438.7 419.3 403.3 390.1 379.4 371.7 376.5 382 387.5 393.1 400.7 411.3 423.5 436.5 449.5 463.4 477.4 490.9 503.2 507.1 508.8 511.7 517 513.6 509 505.4 500.9 494.3 490.2 487.2 483.7 480.5 476.5 472.4
499.2 492.6 485.6 476.8 469.5 460.3 449.1 432.8 414.3 397.2 399.4 402.6 410.8 427 443.3 453.1 462.1 472.9 482.3 493.3 506.6 517.9 520.9 524.5 528.5 532.3 534.9 536.6 535.6 533.8 532.5 531.4 531.2 530.3 527.4 523.4 521.7 513 501.3 490.6 478.2 463.9 455.1 446.5 436.5 422.5 406.9 394.1 380.9 371.9 373.9 378.2 383.4 389.7 397.5 406.6 418.3 430.6 442.9 456.7 471.5 485.1 496.9 501.5 504.7 507.8 511.1 507 502.4 498.5 493.5 488.3 484.6 482.9 478.9 476.3 473.1 469.1
494.9 489.1 484.1 477.9 470.2 462.3 451.1 432.8 414.7 400.2 395.2 401.9 410.2 424.6 440.7 449.9 458.9 469.3 479.8 492 504 510.2 514.8 518.3 522.7 527.1 529.9 530.9 529 528.4 527.1 526.2 525.5 524.1 521.9 518.8 515.1 509.8 498.7 487.7 475.7 462.3 454.3 446.4 435.4 422.3 408.9 395.3 382.7 374.8 369.6 375.1 380.1 386.4 392.9 401.8 411.4 423.7 435.6 450.7 466.1 480.2 491 497.6 500.6 504.2 506 501.4 496.2 491.8 487.1 483.2 481 478.7 473.7 471.7 468.9 465.6
491.2 485.9 481.4 475.9 469.4 461.4 450.7 433.3 415.4 402.9 395.5 400.3 408.9 422.2 435.3 445.5 454.8 466.1 477.9 490 498.5 504 509.3 514.4 518.9 522.9 524.6 523.8 522.4 523 522.4 522.6 521.5 519.2 516.2 513.3 511 505 496.4 486.1 474 462 454.8 447.1 437.7 426.2 413.3 398.9 385 375.5 369 372.3 378.3 382.9 388.3 396.5 405.7 417.3 430 446 462 476.3 486.7 493.9 497 501.5 501.3 496.3 490.3 485.5 481.8 479.5 477.5 472.9 470.1 467.8 464.4 462.3
487.1 483.6 478.7 473.4 467.3 458.8 449.3 431 413.9 404.9 393.8 397.8 406.2 418.6 432 441.7 450.9 461.2 473.9 486.7 493.4 498.6 504.5 509.9 514.5 518.1 518.5 516.3 516.6 517.4 517.9 517.5 516.1 514.6 512.9 509.3 506 501.8 494 483.9 473.4 463.2 456 449.4 441.3 430.3 416.8 401.8 386.1 375.9 365.6 373.1 378.9 382.3 386.4 393.5 401.2 412.2 425.1 442.1 458.4 472.5 482 488.8 492.8 497.3 493.6 487.1 482.5 480.3 479.7 476.4 472.7 468.9 467.1 464.4 460.5 457.7
484.6 480.6 475.6 470.5 464.9 456.4 447.3 429.2 414.7 405.1 395 395.5 404.5 415.3 427 438.1 446.9 458 470.5 479.9 490 495 500.8 506.1 509.3 511.9 511.9 511.8 511.5 512.5 513.4 513.3 512.8 511.8 510 506.8 502.8 497.4 491 482.4 472.4 464.2 458.2 452.1 444.5 433.8 419.9 403.8 387.7 376.6 365.1 373.2 381.5 382.3 384.6 389.5 397.2 408.4 422.1 435.9 454.1 467 477.6 484.1 489.2 491.9 487.9 481.1 477.2 476.9 476.3 473 469.3 465.7 463.9 461.1 457.9 453.4
480.9 477.2 472.7 467.5 462.3 454.6 445.9 430 414.9 403.7 393.9 392.7 402.3 412 423.8 432.7 443.6 454.8 466 477.6 484.7 491.2 497.1 501.4 504.5 506.1 506.2 506.1 507.1 508.5 509.4 510 510 509.3 507.8 504 499.5 492.9 486.6 478.9 471.6 464.7 459.5 454.6 446.9 437.3 424.4 408.3 390.1 375.9 366.5 372.6 381.6 382 382.6 385.8 393.5 406.3 420.8 434.4 449.3 462.7 472.4 479.4 484.6 486.9 482.7 476.2 474.1 473.2 472.1 468.6 465 462.8 461.2 458.1 455 450.9
476 472.9 469.9 464.9 459.6 452.7 445.1 430.9 416 403.8 391.6 393.8 400.9 408.6 420.3 430.8 440.9 451.1 462.6 473.1 480.6 487.4 493 496 497.9 499.1 500.6 501.9 502.8 504.4 505.5 506.3 506.5 506.6 505.1 500.9 495.5 489.4 482 474.7 468.8 464.2 460.6 456.5 448.8 439.4 427.3 410.9 391.7 377.1 367.1 372.2 380.1 381 381.6 385.5 393.4 404.3 417.1 430.2 444.6 457.9 466.8 474.4 480.1 482 477.5 472.6 470.5 469.3 467.9 464.4 460.5 458 457.8 456 450.9 447.5
472 469.4 466.2 462.1 457.1 451.6 443.8 429.6 414.1 402.9 392.8 392.3 398.2 407 417.1 428.2 436.8 447.7 458.6 469.7 476.7 484.4 487.3 489.2 490.4 493.3 496.3 498 498.6 499.6 499.4 500 501 501.9 502.5 497.6 491.8 485.1 478.1 471.9 466.2 461.9 459.5 456.1 450.5 441 429.1 411.9 393.3 378.6 366.3 372.3 378.9 379.6 381.9 388 393.7 400.8 411.7 425.9 440 452.5 462.3 470.4 476.5 478.2 473.5 469.2 467.4 465.8 463.7 459.4 454.9 453.8 454.5 452.1 446.7 441.1
468.2 465.9 462.9 459.1 454.3 449.9 442.2 426.1 413.4 401 392.7 391.2 396.1 403 415.5 425.1 434.8 444.5 454.9 465.8 470.9 476.6 478.9 481.4 483.6 488.6 492.1 494.4 495.4 494.3 494 493.4 494.4 495.9 497.4 494.8 487.8 481.2 475 469.6 464.6 458.6 455.6 453 449.1 441.6 427.4 410.8 393.9 379.8 365.4 370.3 376.7 377.2 382.9 387.5 391.9 398.9 408.1 421 435.2 448.2 457.5 466.5 472.7 472.8 468.8 466.1 464.7 463.3 457.9 453.9 450.6 449.7 449.7 446.5 441.6 436.5
464.6 462.7 459.7 456.1 451.5 446 438.3 424.3 411.3 399.7 393.3 389.9 394.5 401.6 413 423 431.7 441 451.7 461.4 465.9 469.9 472.3 474.9 477.3 483.3 487.2 490.1 491.9 490.7 488.7 488.4 488.9 490.2 491.3 490.4 483.5 478.3 472.7 467.8 463 457.5 451.9 448.7 446.2 439.5 427.2 412.7 397 381.5 365.7 365.1 371.2 377.5 382.3 385.8 390.9 396.7 403.9 416.6 430.9 443.5 452.5 462.7 467.9 468.5 464.9 463.7 462.5 460.2 453.2 448.5 445.6 445.6 443 439.9 435.5 429.4
462.1 459.9 456 452.7 447.7 441.6 433.3 422.3 410.9 399.8 392.3 387.8 393.1 400.3 411.3 420.8 428.7 437.5 449.3 456.6 460.4 463.8 466.4 469.2 470.9 477.6 480.8 483.1 485.1 485.2 483.9 484.5 485.5 485.8 486.1 485.1 479.3 474.8 470.7 466.4 460.6 454.6 449.2 445.2 442.3 436.1 424.4 411.7 399.1 383.5 368.2 359.9 363.4 377.5 380.6 383 386.6 394.8 401.9 413.7 427.2 439.6 448.1 458.4 463.5 464.7 462.7 460.8 459.4 455.1 447.9 443.3 441.3 438.9 437.7 434.1 430.2 424.2
460.3 457.5 453.2 445.6 444.1 436.8 426.2 417.2 409.4 400 384.9 393.4 391.8 400.3 409.4 418.6 425 435.8 445.6 450.9 454.2 458.2 461.1 464.1 465.5 471.7 473.7 475.9 477.6 479.2 479.2 481.3 482 482.3 482.5 480.7 476.1 471.9 468 463.5 457.6 451.6 446.2 441.9 436.1 431.6 420.9 410.4 398.1 385.2 373 360.1 356.6 375.5 378.6 381.4 385.8 394 400.6 410.7 424.6 437.1 444.9 454.4 459 461.1 459.8 458.6 456.5 449.7 442.6 437.7 435 432.8 430.7 427.3 425 419.5
457.7 454.4 450.2 445.8 438.4 433 423.8 414.2 406.8 399 386.4 388 392.2 400.7 407.7 414.9 423 433.4 441.8 445.8 449.3 453.2 456 459.1 461.4 466 467.5 468 469 472.9 478.2 479.9 479.5 478.6 478.3 476.1 472.9 468.4 464.1 459.2 453.4 448.3 442.9 438.2 433.3 426 417.6 410 400.2 388.5 376.2 361.4 357.7 370.4 373.1 378.2 383.1 390.8 397.2 408.8 423.2 434.1 441.8 451 454.6 454.2 453.5 454 453 445.5 438.7 433.9 430 427.1 422.7 421.2 419.1 414.8
454.6 450.9 446.7 441 431.5 428.3 421.6 414.2 405.8 398.4 385.1 383.3 393.7 400.7 406.2 412.8 420.9 431.9 436 440.7 444.7 448.3 451.5 453.1 456.8 459.6 460.7 461 461 469.1 475.5 476.4 475.6 474.1 472.9 471.2 469.8 466.1 461.2 455.7 445.1 442 439.3 434.2 429.3 422.8 415.1 408.8 400.4 388.7 380.7 368.2 355.7 362.4 371.3 375.1 380.3 388.4 396.1 406.9 419.5 429.9 438.3 446.4 448.3 448.7 448.2 449.9 448.7 441.7 435.6 429.3 425.1 421.2 416.7 415 413.6 410.7
451.5 447.4 443.2 437.4 429.8 423.4 418.4 411.7 405.5 399.6 390.2 378.8 391 400.8 405.1 410.1 419.5 429.8 431.3 434.6 438.9 442.6 445.4 448.5 452.2 453.5 453.9 454.8 456.3 461 468.4 473.4 471.2 470.3 469.1 467.4 466.2 463.5 458.8 452.6 445.8 439.9 435.5 430.8 425.2 419.4 413.2 407.2 399.8 391.3 383.8 372.7 360.2 357.6 368.3 371.5 377.4 385 392.1 402.8 414.2 425.5 435.2 441.4 443.9 444.7 445.3 447.1 444 437.3 430.7 424.8 419.8 414.9 409.5 409.3 409.2 406.9
448.2 444.1 439.7 435.3 428.1 421.2 414.1 408.4 404.1 400.2 394.3 374.9 383.1 399.3 403.6 409.8 417.9 425.9 426.3 429.7 433.1 437.7 440.6 441.8 445.9 448.5 449 449.1 451.7 452.1 461.9 465.9 465.8 465.9 464.4 464 463 460.3 455.6 449.5 442.4 436.9 431.5 426.4 421.3 416.5 410.7 404.8 399.3 393.6 386.5 375 363.2 350 362.1 366 373.9 381.4 389.5 398.7 410.8 422.2 431.7 437 440.3 442.3 443.4 443.7 438.6 431.6 426.1 420.1 414.8 409.6 403.7 403.8 405 405.3
445.5 440 436.5 432.8 427.4 422.5 417.3 410.6 401.4 388.8 382.4 372.9 390.1 397.4 402.1 407.5 415.3 419.4 422.7 426.2 430.2 435.8 436.2 437.5 440.7 443.7 444.2 444.4 446.1 446.9 457 459 460.2 461.1 460.8 460.3 459.3 456.7 451.9 446.3 439.5 433.8 428.4 423.2 417.9 412.8 408.4 403.7 399.4 395.2 387.9 377.2 365.8 354.3 352 362.8 369.6 377.8 386.1 395.1 408.8 420 428.6 434.7 438 440.5 442.6 438.5 432.3 425.6 420.2 414.9 409.5 404.5 399.3 400.8 401.7 401.3
