UK/data/so/so74_OST50GRID_20230518/SO74.asc
ncols 200
nrows 200
xllcorner 370000
yllcorner 240000
cellsize 50
[rows 36 to 71 of 200, columns 82 to 163 of 200]
104.5 98.9 96.1 93.9 97.7 100.6 104.4 110.7 119.6 130 140.3 153.1 164.3 170.3 179.2 186.1 191.8 193.7 199.4 186.2 170 159.9 155.8 153.2 149.4 150.8 149.3 146.4 144.3 147.6 156.1 159.5 172.3 182.5 190.4 181.9 178.7 177.7 161.8 146 130.2 117.8 112.8 108 104.6 103.7 102.7 104 105.5 103.8 100.9 97.5 95.6 93.7 92.4 91.5 91.2 91.9 92.4 91.6 90.2 89.9 89.6 87.6 85.4 83.8 82.4 81.3 80.3 78.4 76.8 75.1 74.1 73.3 72.5 70.9 69.4 67.8 67.2 65.3 63.2 62.2
99.9 93.7 91.5 95 99.6 101.6 103.7 106.3 114.5 124.6 136.7 148.9 156.3 164 170.5 179.5 187 194.1 201 194.8 181 171.6 167.3 162.3 156.2 156.6 154.2 150.9 147.7 144.4 148.5 154.6 168.9 179.5 180.8 168.1 167.9 167.6 152.8 137.3 125.3 115.6 110.9 106.4 104.3 106.3 105.6 110.8 117.5 117.6 107.4 101.6 98 96.2 94.6 93.5 94.9 95.2 95.2 94.3 92.7 91.5 90.4 89 85.9 84.6 83.2 82.1 80.1 78.3 76.8 76.2 75.5 73.8 72.1 71.2 70.2 69.2 67.1 65.1 63.2 61.8
90.9 89.9 93 97.2 102.4 106.7 109.4 111.1 113 121.6 132.6 143.8 150.9 157.7 164.2 171.5 181.8 191 199.1 203.5 193.8 184.9 176.7 169.8 163.8 160.9 157.7 154.4 149.4 142.5 139.4 147.8 163.9 173 172.7 156.6 154.7 153.6 144.4 129.9 120.4 113.7 107.8 105.3 105.9 107.6 109.7 116.3 125.5 127.1 111.7 104.2 100.7 98.4 97 97 98.2 98.5 97.3 95.7 93.4 91.6 90.6 89.2 86.5 85.5 84 82.5 79.7 79.4 79.3 78.3 75.1 73.5 72.7 72.2 71.7 69.8 67.4 65.4 64.1 63.3
89 93.6 98.9 101.4 105.8 110.9 117.5 120.1 114.7 118.7 127.5 138.8 145.8 151.4 157.6 167.9 178.1 185.2 193.1 197.6 200.7 189.8 182.4 176 170.2 160 151.3 147.6 143.6 139.2 134.3 142.1 155.3 160.1 158.1 150.7 144.9 140.6 133.7 122.6 118.9 109.5 107.4 108.3 108.6 109.4 112.8 117.7 131 132.4 115.9 107.9 103.4 101.1 98.9 99.4 101.2 100.3 98.9 96.6 94.2 92.3 91.5 89.8 88 86.3 84.5 82.3 81.5 82.1 80.7 79.1 75.5 74.1 73.6 73.3 72.6 70.9 67.8 66.5 65.2 64.2
104.4 104.7 104.5 105.9 110.2 116.3 125 127 117 117.8 126 134 138.6 142.8 153 163.8 173.1 179.3 185.6 191.6 199.9 195.9 188.2 182 176 164 153.6 147 140.3 135.2 132.3 132.5 141.8 148.3 142.3 138.6 133.9 130.5 123.7 116.1 110 111.9 115 115.1 114.5 114.8 116.6 120.9 133.5 134.5 119.3 110.9 106 103.2 102.9 104.1 103.4 101.8 100 97.3 95.1 93.2 92.5 90.6 88.8 87.3 84.9 84 83.7 83.8 81.9 77.7 76.7 75.7 75.3 74.5 72.8 71.1 69.3 67.8 66.2 64.7
112.8 110.8 107.4 109.4 113.1 119.5 127.7 131.5 122.1 118.5 122.8 128.4 132.8 140.5 149.2 159.7 166.9 171.9 181.7 186.5 193.5 201 194.1 188 181.1 167 157.6 149.6 142.8 136.3 131.9 128 128.4 133 126.3 124 124.2 122.4 116.6 112.6 113.5 118.6 122.3 125.2 127.9 123.5 121.2 124.4 135.8 134 121.6 114.1 108.6 105.4 106 106.9 104.4 102.6 100.6 98.5 96.3 95.2 93.2 91.3 89.3 88.2 87.2 86.5 86.3 84.6 82.6 79 78.4 77.5 76.3 74.7 73 71.3 69.6 68 66.4 64.7
117.8 113.8 111.5 112.6 115.5 122.6 130.7 131.7 125.6 119.6 122.5 126.7 132.1 139.6 147.7 156.1 160.7 166.4 173.6 182 185.9 194.2 198.9 193.2 187 170.7 158.9 149.8 142.6 137.9 135.8 129.6 124.2 122.6 123.2 123.2 121.2 116.6 114.5 115.9 116.7 117.7 125.7 130 133.2 128 125.9 128.4 138.4 132.4 123.6 116.5 110.8 110.3 109.9 109.1 106 104.2 102 100.7 98.2 95.7 93.7 91.7 90.1 90.1 88 87.6 87.1 85.2 83 79.8 79.8 78.3 76.5 74.8 73.1 71.4 69.1 67.8 67.5 66.2
119.4 115.3 113.7 115.3 119.7 125.7 133.8 131.8 126.1 122.4 123.8 127.8 132.7 138.1 145.1 152.1 158.1 163.2 167.1 174.4 181.4 187.4 195.1 202.1 191.1 174.4 161.6 152 145.1 140.6 136.4 129.2 123.9 121.7 123.8 126 126.6 124.3 123.5 127.3 126.3 120.8 123.2 129.2 132.8 135.5 132.4 136.1 140.9 133.6 126.1 121 117.9 115.4 113.2 110.6 107.8 105.2 103 101.5 99.2 96.6 94.5 93.1 92 93.1 91.1 89.1 87.8 85.8 83.6 81.4 79.9 78.2 76.4 74.9 73 70.7 68.9 67.8 66.7 66.1
119.5 114.8 113.7 116 121 128.6 137.6 132.4 128.2 125.2 126.1 128.9 133.3 138.4 144.5 148.9 153.8 158.1 162.1 171.6 175.9 183.3 189.8 200 197.2 183.1 166.3 154.1 145 138.8 133.6 128.4 124.7 123.4 128.9 132.5 139.1 141.4 139.4 139 133.9 129.2 130.7 128 135.1 138.4 140.4 143.8 142.1 135.7 128.8 123.9 120.3 117.2 114 111.1 109 106.5 104.8 102.5 100.3 97.8 95.9 94.3 93.8 95.1 94 91.4 88.4 86.2 84 82 80.4 78.8 76.4 74.2 72.5 71.5 69.8 67.9 66.6 66.2
117.2 112.8 112.1 115.7 120.9 129.5 135 130.5 128.1 126.8 129.2 131.2 134.4 139.2 143.5 146.2 149 151.2 156.4 164.7 172.7 178.7 187.3 197.4 203.7 190.5 172.5 156.9 147.2 139.6 134.1 128.7 125 125.4 132.9 140.2 147.1 149.1 150.6 151 140.3 134.7 135 131.3 134.8 142.1 150.4 150.3 141.7 135.9 130.1 125.4 121.2 117.8 114.9 112.9 110.7 108.8 106.8 104.7 103.5 99.4 97.6 97.1 97.2 97.2 95.1 92.4 90.1 86.7 84.7 82.7 80.9 79.3 77.1 75.9 74.6 73 71.3 70.1 69.7 68.1
114.3 110.1 111.1 115.4 120.9 129.1 130.9 129.6 127.9 128.5 129.9 132.7 135.9 139.7 140.5 143.1 145.8 148.1 151.2 158.1 165.7 175 183.2 193.4 201.5 194.9 179.2 160.7 149.8 141 134.6 129.6 126.3 128.3 134.7 146.4 154.8 156.7 158.3 153.4 144.8 139.5 138 137.2 141.2 145.2 150.8 145.4 139.6 134.2 128.9 125.1 121.6 120.5 117.7 116.7 114.7 112.4 109.8 107.7 106.1 104.2 101.2 101.8 101.8 99 96.2 93.2 91.4 88.4 85.5 83.5 81.4 80.5 79.9 80.5 78.9 76.6 74.6 76.2 74.4 72
105.4 108.5 111.6 114.9 121.7 127.1 127.7 126.9 127.3 128.7 130.3 134.5 137.4 138.6 138.4 139.4 141.1 144.4 147.2 152.6 152.9 170.2 180.1 190.9 199.9 204.6 184.5 165.9 152.9 143.6 136 131 127.7 130.8 136.9 149.4 159.7 165.2 161.7 155 147 141.9 140.8 141.9 145.3 151.3 152.1 142.5 137.6 132.2 129.6 127.9 126.8 125.1 122.7 121.4 119.4 115.8 114.2 113.2 114 111.8 106.6 106.3 103.9 101.1 98.1 95.3 92.9 89.9 87.3 86.5 85.8 85.6 86.2 88 88 84 82.5 85.8 83.5 75.4
113.7 113 115.2 117.3 121.8 124.7 125.3 124.6 124.7 127.8 130.8 134.8 135.7 136.2 136 136.5 137.9 140.1 142.8 149.3 154.1 166 178.9 189.8 200.3 205.8 188 170.3 155.8 145.3 137.9 131.9 129.1 131.9 138 149.7 159.8 167.3 166.5 159.9 153.6 149.2 148.3 149.9 153.1 152.2 147.7 141.6 137.2 135 133.1 131.6 131.9 130.7 129.4 126.6 122.6 118.1 119.4 120.4 118.9 115.7 112.4 110 106.6 102.4 100.7 96.1 93 93.4 91.7 91.6 90.9 95.4 95 92.7 88.3 88.4 87.9 86.8 79.7 73.9
117.9 118 118.4 120 121.4 121.6 123.4 122.6 123.5 126.7 129.3 132.8 133.4 133.1 133.4 133.6 133.6 137.4 142.1 146.7 153.9 164 177.4 187.8 198.9 202.6 190.3 172.7 157.1 146.5 139.3 133 131 133.7 139.5 149.9 160.5 168.1 171.8 164.8 157 153.8 152.3 158.5 161.9 157.8 149.8 144.2 140.9 138.8 136.7 138.6 138.7 137 136 132.3 127.6 122.8 125.2 129.5 126.7 120.9 116.7 112.9 109 105.4 102.4 98.7 96.9 102.3 97.3 98.9 98.5 98.1 93.8 86.4 83.2 81.3 79.9 75.3 72.4 70.6
122.6 123.1 122.3 119 119.2 119.5 120.5 119.9 122.4 125.2 127.3 128.7 130.1 129.4 128.6 130.3 132.8 136.2 140.9 146.8 157.2 164.4 174.6 185 194.3 199.8 191.8 175.1 157.8 147.8 139.9 134.8 133.3 135.9 141.2 151.6 162.2 172.4 174 167.8 162.9 166.1 165.2 168 168.6 162.7 152.8 146.5 144.9 144.4 148.5 146.2 145.1 144.3 141.2 136.4 129.7 128.2 133.8 135.3 129.6 124.2 119 115.2 111.8 107.3 104.3 105.8 110.9 109.7 107 103.9 101.3 97.7 93.2 88.1 83.9 78 76.7 75 72 71.3
126.1 128.2 122.5 118.9 117.1 117.6 117.9 118.5 120.8 123.9 127 127 126.4 126.8 126.6 128.2 131.3 135.1 140 146.7 156.4 163.2 170.7 180.3 192.6 198.4 193.3 181.3 159.8 149.6 141.7 136.7 134.5 136.9 143 154.6 165.2 175.3 179.9 174.1 172.5 179.3 178.7 178.1 173.4 166.1 155.3 151.1 151.6 156.8 160.5 157.6 154.4 150.6 148 143.5 137.4 136.4 138.6 136.5 130.2 126.1 121.7 116.3 112.8 108.3 104.7 112.5 115.7 112.9 108.8 106 102.9 98.2 92.6 88.9 85.2 78.8 77.1 75.8 73.1 72.3
130.5 129.4 121.2 117.3 115.2 115.7 116.3 117.8 121.8 125.8 129.2 127.1 125.2 123.9 125.8 127.8 130.2 134.1 138.2 143.7 153.1 164.3 175.1 184.3 193.6 200.6 192.6 183.6 164.5 151.8 143.8 138.7 136.2 138.7 145.7 155.9 166 176.9 185.4 184.5 184.2 193.6 194.8 188.2 178.6 169.6 160.4 156.8 160.2 166.8 174.2 175.9 169.6 162.5 156 150.4 145.2 143.5 142.1 138.1 133.5 129.4 123.7 118.4 113.2 109.4 106.6 111.2 115.5 112.9 109.2 105.8 101 96.1 91.1 88 82.7 80.6 78.9 77.7 76.4 74.7
132.9 129.9 120.1 115.8 114.3 114.5 115 117 121.7 127.2 130 124.9 122.6 123.4 125 126.8 129.6 133 137.2 142.5 150 162.9 175 183.9 194.3 203.4 193.9 183.4 167.2 153.3 145.7 140.6 137.8 140 147 156.7 166.5 177.1 188.1 192.9 198.9 199.8 204.9 199.2 182.7 172.5 164.5 164.2 170.3 182.1 198.1 196.2 187.6 174.1 164.1 157.2 152.9 147.4 145.3 140.8 137.7 136.8 133.7 125.9 119.2 113 108.9 108.7 112.4 111.9 108.3 103.4 98.6 93.7 88.8 88.3 85.9 84.1 81.9 80.5 78.5 76.5
132.4 126.9 118.1 114.9 113.5 113.5 114.6 116.2 120.1 125.6 125.1 121.8 121.5 123 124.6 126.6 129 131.9 136.1 141.3 147.9 160.7 173.2 184.1 195.7 205.9 195.6 185.5 168.5 154.3 147.7 143.2 140.5 141 147.9 156 166.9 177.4 188.7 198.6 199.6 200.6 206.1 204.6 186.8 175.6 169.6 171.7 180.7 194.8 206.9 210.1 207.3 190.3 176.6 164.9 157.3 154 149.2 145.4 146.4 144.8 137.7 132.6 128.2 120.8 112 110.9 111.5 110.7 107 101.2 96.5 92.6 90.7 90.8 89.1 87.1 83.9 81.9 79.8 77.8
130.4 122.9 117 113.8 112.2 112.6 113.9 114.9 116.7 121.6 119.7 120 121.9 124.3 127.1 128.9 129.2 131 135.5 140.8 147.8 157.6 169.4 182.8 194.3 208.3 200.3 190.6 173.1 160.1 152 146.6 143.8 143.9 146.5 157.5 164.6 175 185.1 195.3 199.6 209.3 213.4 207.4 194.1 179.6 176 182.1 190.4 207.5 224.6 236.1 230.7 205.4 186.6 174.6 164.5 159.2 154.2 151.4 151.1 150.3 145.3 136.6 130.4 123.5 114.3 114.7 113.3 109.1 104.1 101.3 97.6 94.1 92.3 92.4 90 85.9 85 84.5 81.4 78.9
128.9 121.2 116 112.7 110.8 112.2 112.9 114 118.5 123.6 119.7 121.4 123.7 126.8 130 131.2 132.5 132.4 135.6 140.6 147.8 155.8 169.3 183.1 193.2 203.5 210.4 198.6 178.2 166.6 157.6 151.5 144.9 144.2 147.6 155.7 163.2 169.9 179.2 188.5 201.6 212.6 218.7 211.1 198 182.1 187.3 194.9 206.8 220.3 238.8 251.9 250 223.4 202 182.3 170.8 164 158 156.4 154.2 150.1 145.8 140.1 131.6 127.5 119.4 117.2 113.6 108.9 107.7 103.5 100.5 99.3 96.6 96.6 92.3 88.4 87.8 84.9 82.4 76
128.6 121 114.3 110.4 110.3 112 113.3 114.8 121.2 125.6 127.1 127.2 126.9 130.1 133.6 135.4 137 135.6 136.3 140.3 147.4 155.9 169.4 181.7 192.3 202.6 213.2 203.9 186.8 173.1 163.3 155 147.7 145.6 148.6 153.3 161.2 168.4 176.8 186.4 200 213 220.9 215.2 202 189.3 197.2 205.5 218.5 237.3 255.7 271.8 267.9 240.1 207 189 177.6 169.8 162.3 160.4 154.4 149.2 142.3 136.9 131.4 125.5 121.3 118.4 114.3 111 110.5 107.5 99.2 97 96.7 96.5 92.3 84.2 81.8 78.8 74.7 73.3
127.6 121.2 114 109.3 111.3 113.5 115.1 117.7 124.3 131.4 136.5 135.2 131.6 135.7 138.2 141.3 142 141.5 141.2 140.1 146.8 155.5 166.9 179.1 190.7 202.5 214.1 207.7 193.6 180.4 169.4 160 151.3 146.8 149.4 153.8 161.1 170.2 178 186.1 197.9 210.2 219.5 217.5 204.8 197.7 205.6 218.2 230.5 249.5 269.7 288.5 275.8 249.5 198.6 186.6 186.3 174.3 167.6 160.3 154.4 149 143 138.6 134.2 129.4 125.6 123.1 117.4 115.3 111.3 104.9 99.1 96 89.7 86.1 84.3 81.7 80.6 80.9 80.8 78
126.9 118.2 112.5 108.9 112.4 116 118.4 121 126.5 135 142.7 140.3 137.9 139.9 144.1 147 147.4 147.5 146.7 143.2 146.4 153.7 162.7 176.9 190 200.5 211.6 216 201.4 187.6 175.6 164.5 155.5 148.3 150.6 154.8 162.5 172.3 180.4 186.3 195.6 206.8 216.4 217.6 210.6 209.1 215.2 224.8 238.8 259 281.6 300.1 290.8 236.3 194.8 188 196.7 181.4 171.1 164.7 159.5 152.3 146.4 141.8 137.7 133.9 130.6 125.4 121 115.2 109.7 104.6 101.2 94.3 91.3 88.2 87.3 87.2 86.6 88 83.3 77
126.1 114.2 108.7 109.4 113.4 117.3 120.8 124.3 128.5 135.7 143.8 146.2 144.6 145.6 150.6 154.3 155.7 154.8 152 148.2 150.6 158.8 162.8 177.2 187.8 197.9 209.5 221.7 210.4 195.9 182.3 169.3 160.1 152.7 151.6 155.5 161.2 174.7 183.5 190 200.2 206.9 215.6 220 216.2 218.3 223.2 232.7 244.8 265.4 290.6 308.7 286 229.5 189.8 200.1 204 209 181.4 172.3 164.5 159.8 151.2 147.4 144.5 138.3 132.8 127.5 123.1 115.6 110.8 106.2 102.4 98.5 94.9 93.4 92.4 84.7 81.9 84.2 79.4 74.1
124.4 113.9 107.4 109.6 113.8 117.6 121.8 125.6 130.7 137 145.4 151 152.7 154.3 156.8 160.9 162.6 161 158 152.3 156 159.9 165.3 173.5 184.8 195.2 207.3 218.3 220 204.7 189.7 176 165.2 157 152 155.5 160.8 173.7 182.1 187.6 193.6 200.2 212.7 220 222.8 226.1 229.1 239.5 249.7 270.2 294.1 310.6 305.8 269.5 204.1 233.6 224.7 225.1 183.8 176.6 177 172.6 162.1 155.4 149 142.4 136 129.9 124.6 117.2 112.6 107.7 105.5 101.7 97.4 97.1 89.9 82.6 77.4 75.3 73 71.8
123.2 112.5 106.4 109.9 114.3 119.2 123.1 127.3 133.1 138.1 145.6 151.9 158.3 169.9 172.5 168.3 169 167.3 163.2 162.2 164.4 167.2 169 173.7 181.3 192.7 204.1 213.2 219.8 214.4 198.1 183.8 169.9 160.3 156.2 158.3 161.7 167.8 175.3 183.2 193.1 202.8 213 222.8 225.5 228.6 234.2 244.4 255.9 274.9 299.2 316.6 313.7 291.2 253.9 241.9 246.2 228.6 198.8 182.6 190.5 188.4 176.6 167.2 158.6 150.7 144.3 136.7 128.5 121.4 115.8 112.5 107 102.7 101.1 98.5 87.6 81.1 77.4 75 72.2 69.9
122 108.1 105.3 111.1 115.6 120.8 126.7 132.1 139.4 146.2 151.8 156.1 163.9 173.2 180.5 184.1 179.4 175.6 175.9 173.9 172.3 174.4 175.1 175.4 179.5 185.5 197.5 204.5 211.3 218.4 206.8 191.1 176.6 164.9 158.4 160.7 164.1 167.5 179 192.1 199.7 207.5 212.4 222.2 225.3 226.9 233.8 246.4 261.1 279 303.3 323 318.1 292.1 267.8 255.8 271.6 254.6 230.4 222 229 208.8 193.7 179.9 170.3 162.3 152.8 142.8 133.8 127 118.4 114.6 106.9 99.9 95.3 89.4 85.5 82.6 79 76.8 75 72.9
118.5 105.2 107.2 113.1 118.8 124.1 130.8 138.3 146.1 153.5 160.1 164.4 174.2 192.3 198.5 197.1 197.4 191.6 186.4 184.1 182.6 181 176.9 175.2 176.4 180.4 189.9 198.6 207.9 215.4 212.5 199.7 182.8 169.6 162.4 162.3 166.6 170.2 175.3 192 192.5 198.1 200.6 212 212.1 220.5 232.3 244.2 261.5 283 307 324.3 318.7 293.6 271 275.5 293.2 287.3 265.6 249.9 238.9 228.1 212.6 199.3 183.5 172.8 162.5 151.7 140.4 130.3 120.2 113 106.7 99.7 95.3 90.7 87.5 84 81.1 80.2 79.7 76.7
105.5 106.5 111.4 116.5 122 127.5 134.6 142.7 151.2 161.9 170.4 178.1 182.8 202.1 215.1 219.5 219.1 210.2 197.3 190.3 188.2 182.4 175.9 170.8 171.7 176.1 185.5 196.1 206 214 214.6 206.4 191.2 176 168.1 162.2 168.3 172.4 176.1 180.8 185.2 189.5 194.1 202.1 208.8 219.3 229.4 240.8 257.9 282.7 302 313.6 315.1 296.5 276.4 291.7 307.4 314.6 301.8 284.3 268 255.5 236.5 217.2 198.3 181.4 169.7 157.9 145.7 135.6 124 115.5 108.4 103.7 98.6 93.6 88.8 85.2 81.7 80.5 79.1 75.7
106.9 108.5 112.6 117.4 123.9 129.3 136.1 144.4 154 165 174.4 185.6 197.1 204.6 221.9 231.2 240.7 226.9 212 198.8 188.9 181.3 175.3 170.5 167.2 171.1 179.3 190.2 201.6 211.2 215.3 210.1 202 185.3 174.3 167.1 169.6 173.6 176.8 183.1 192.9 196.2 202.2 208.4 212.5 222.1 232.3 246 264.2 287.1 300.7 311 314.6 299.9 289.6 299.7 316.9 331.6 328.2 307.3 294.7 282.4 260.8 237 216.3 195 175.4 161.4 150.8 139.1 129.2 118.3 110.9 105.3 98.5 93 87.4 82.6 79.8 76.4 73.7 71.2
114.6 114.5 115.1 118.9 123.5 128.3 136.3 144.7 154.5 166 179.6 193.6 208.1 221.3 230.5 231.2 237.2 227.8 213 198.1 188.4 180.4 173.8 168.5 163.6 166.8 173.1 185 197.3 208 213.2 214.3 206.3 194 179.9 170.5 171.6 174.9 178.6 185.4 202.5 208.4 218.1 225.4 221.6 231.8 243.3 256.7 272.5 294.2 310.2 315.1 319.3 306.4 300 306.6 321.9 340.4 344.8 333.2 317.6 304.2 279.6 254.3 229.6 207.3 184.9 166.7 154.9 143.6 131.5 121.6 114.3 107.3 103 96 88.9 85.1 78.3 75.7 73 71.5
123.3 124.8 125.3 122.3 125.8 131.6 138.5 146.5 156.6 169.5 185.9 201.1 216.3 233.1 229.6 222.2 226.8 223 209 195.9 186.2 177.7 170.5 165.7 162.1 162.6 168.2 178.9 191.4 204.8 209.7 215.2 211.6 198.5 184.8 174.3 174.6 178.1 181.7 187.6 202.1 210.4 224.8 235.6 232.4 243.7 258.7 277.7 288.9 302.2 320.8 329.2 331.5 314.3 316.1 317.6 332 349.4 360.6 354.5 340.2 321.1 295.5 267.7 240.7 214.5 190.2 170.5 158 146.3 133.4 123.2 115.1 108.2 103.2 97.8 91.3 83.7 79.5 77.7 76.4 73.9
133.5 140.3 139.7 134.8 130 132.8 140.1 149.4 161.3 175.9 190.4 205.8 223.3 236.8 224.1 213 215.3 217.2 204.5 192.7 183.4 175 167.6 163.8 160.2 158.8 164.6 174.9 187.2 199.6 205.7 211.5 216.1 203.6 189.4 178.7 177.9 181.6 186.4 191.2 200.7 211.9 221.4 238 241.3 252.6 274.7 287.9 304.5 320.1 334.5 344.1 344.8 328.9 334.6 335.8 346.8 361.3 371.4 369.7 352.6 331.2 305.2 277.1 245.9 219.6 194.2 170.6 157.5 144.2 133.5 122.4 114.1 108.6 102.8 100.3 94.2 85 81.3 80.9 79 76.6
141.1 152.6 157.2 148.2 140 142.3 147.7 158.2 167.9 182.1 194.8 212.2 232.2 233.7 221 205.2 202.2 206.8 198.6 188.9 181.5 172.8 164.9 160.7 158 155.9 161.3 171.3 182.6 194.3 203 209.5 218.1 208.4 194.5 184.6 181.5 185.6 190 192 201.5 219.1 230.2 242.6 251.1 264.8 285.5 298.6 315 332.9 349.7 361 358.9 348.3 350.7 358.4 367.4 377.4 378.5 370.8 355.9 336.7 309.6 282.9 252.2 223.7 198.2 173.2 153.8 141.8 130.7 120.9 113.9 106.7 101.5 96.6 92 86.8 84.2 82.8 79.9 75.2
149.8 162.6 168.3 159.6 153.2 154.7 156.8 165.8 174.4 186.2 199.3 219.2 227.7 224.2 215.1 199.8 193.5 197.9 192.8 185.6 178.4 169.8 163 158.8 154.3 153.1 157.7 165.5 176.9 188.9 200.9 210.2 216.9 211.8 199.7 190.5 184.7 188.5 192 195.3 202.1 221.4 236.8 248.6 256.8 270 289 305 324.3 344.9 362.8 372.6 370.4 363 366.2 375.3 383.4 390 377.9 364.3 347.6 324.6 300.7 277.2 251.4 224.9 198 173.6 151.8 138.3 128.9 119.7 111.9 105.4 101 95.4 91.5 88.5 86.5 82.2 78.3 74.3
