UK/data/sk/sk07_OST50GRID_20230518/SK07.asc
ncols 200
nrows 200
xllcorner 400000
yllcorner 370000
cellsize 50
[rows 0 to 34 of 200, columns 78 to 155 of 200]
221.7 223.7 226.2 229.1 231.9 234.2 236.5 238.6 239.5 237.1 232.5 229.9 228.6 227.2 227.6 228 229.1 230.1 230.5 230.1 229.9 232.5 233.9 234.9 235.9 237 237.9 237.8 237.8 242 239.1 240.1 240.3 240.2 239.5 239 237.5 235.7 233.4 229.2 230.7 233.9 235.1 234.9 236.6 238.8 241.4 243.8 247 250.2 255.4 261.6 268.3 274.9 284.1 293.7 302.8 312.1 319.6 322.8 324.4 323.9 322.7 319.8 314.6 308 283 301.1 306.7 311.8 317.9 322.8 326.2 330.5 335.8 340.8 345.3 350.5
222.3 224.1 226.3 228.7 231.5 233.4 235.5 236.8 235 231.5 228.3 226.9 225.8 225.4 226.2 226.3 226.4 226.3 226.3 228.6 230.8 232.4 234 235.9 237.5 239.1 239.9 239.4 239.6 239.9 242.4 241 241 241.3 240.9 239.8 238.1 236.3 234.2 231.9 236.8 236.9 236.9 237 238.1 240.1 242.6 245.7 249.1 252.9 257.1 262.6 269.3 277.8 287.3 292.6 290.1 306.2 322.6 326 327.2 326.3 324.4 321 316.7 309.1 284 305 309.9 314.4 319 324.2 328 332.7 338 343.2 349 353.6
222.5 223.7 225.6 227.7 228.5 230.5 231 231.7 230.4 227.4 225.6 224.4 223.3 223.6 224.5 225.1 226.5 227 228.7 230.3 230.5 232 233.9 236.5 238.5 238.6 239.6 241.1 241.8 242.5 249.3 242.3 242.4 242.5 242.3 240.8 238.9 237.2 233.4 238.1 239.3 239.2 239.8 239.9 240.5 242.4 245.4 248.8 253.2 257.2 261.3 270.4 284.5 285.7 291.5 300 308.4 318 324 327.4 329 328.7 325.3 322.1 316.7 308.1 290.2 303.7 313 317.5 321.7 326 330 334.9 340.6 346 350.5 354.9
222.5 223 224.3 224.7 224.9 225.4 225.4 224.7 223.8 223.2 222.7 220.5 224.2 225 226.4 227.3 228.1 228.3 228.9 230.3 231.5 232.6 235.2 237.7 238.6 238.3 239.9 241.7 243.7 245.1 245.9 244.6 244.2 244 243.7 242.8 240.4 237.9 234.8 240.3 242.1 242.2 242.8 243 244.5 245.8 248.8 253.1 258 262.7 276.4 283.3 279.4 285.8 294.1 304 313.2 321.3 326.5 328.9 329.5 327.9 325.3 321 305.9 311.1 297.6 302 314.9 318.7 324.3 328.3 332.9 337.8 343.5 348.3 352.1 356.9
221.3 221.9 222.3 222 221.6 222 221.5 221.5 221.1 220.5 221.4 223.7 225 226.3 227.2 228.1 229.1 230.2 230.8 232.1 232.7 232.4 236.2 238.8 239.6 240.2 241 242.4 243.8 245 246 250.6 245.4 244.9 245 244.4 240.1 235.2 241.3 241.8 244.1 245.7 245.5 247.4 249.7 252.2 256.5 262 268.1 282 278 284.2 289.9 294.1 298.1 308 317.5 324.9 328.2 329.5 328.8 326.6 324.2 319.3 315.9 302 310.6 302 317 321.1 327.2 331.8 335.9 340.5 345.6 349.6 354.3 358.3
218.6 219.4 219 218.8 219.6 220 219.4 219.7 219.3 220.3 222.9 224.3 225.4 226.3 227.7 228.4 229.3 230.5 231.7 232.6 233.2 234.3 235.8 236.7 237.5 241.3 242.8 243.9 245 245.9 246.8 246.3 246.3 246.6 246.3 245.4 235.9 246.3 245.8 245.6 247.2 249.3 249.3 252.6 255.2 259.7 267.6 274.3 283.3 285.8 290.2 295.8 301.5 305.6 307.7 311.4 320.3 327.1 329 330.1 328.6 325.2 320.7 320.3 322.1 323.3 308.7 297.1 312.6 323.5 329.5 333.9 337.6 342.2 346.6 350.9 355.3 359
214.8 215.8 215.5 215.1 214.8 214.8 216.5 216.9 219.3 220.8 222.8 224.4 225.6 226.4 227.3 228.6 229.5 230.7 231.9 233 234.2 236 238 239.5 241.1 240.5 243.9 245.4 246.9 247.8 248.9 249 252 248.2 248.3 245.7 236.8 247.3 249.7 250.2 251.3 253.1 253.3 258.7 262.3 269.5 278.8 286.4 297.7 302.8 306.4 310.4 313.3 317.6 320.1 323.7 327 329.4 330.7 330.3 328.3 323.8 325.3 326.8 327.6 328.2 325.6 305.2 303.7 318.3 330.8 335.3 339.7 343.1 345.9 351.5 354.7 357.5
214.8 214.8 214.8 215.1 217.8 218.9 220.4 221.1 222.1 222.7 223.6 224.9 226 227.1 228 228.8 230.1 231.1 232.2 233.9 235.7 237.2 239.4 241.1 243.4 244.9 243.5 246.3 248.8 249.9 250.6 252.2 252.2 253.2 250.7 247.4 241.2 249 252.2 253.8 255.4 257.9 259.7 262.8 268.5 279.2 287.4 298.4 307 315.3 318.3 323.1 326.2 328.5 332.5 334.2 334.8 335.4 333.9 331.8 330.8 330.6 331.3 332.2 332.7 332.8 330.9 324.8 303 310.8 329.4 334.8 338.2 342.2 344.8 349.1 351.8 354.2
217.4 218.7 219 218.8 219.9 221.2 221.8 222.4 223.5 224.5 225 226.3 226.9 227.7 228.9 230 231.1 232.1 233.2 235.2 237.1 239 241.3 243.6 246.2 247.5 249.4 250.4 251.2 252.6 253.4 255.4 255.8 255.2 253.1 250.5 244.9 251.5 255.4 257.2 259.4 262 264.5 269.1 275.4 282.1 291.1 301 310.2 318.3 324.9 332 336.2 337.3 340.4 340.4 339.7 339.7 338.3 336 336 335.9 336.4 336.9 337 335.7 334.3 329.3 309.9 304.3 310.6 318.9 319 324.7 329.6 344.5 347.7 345.5
214.8 216.2 218.6 219.3 220.9 222.3 223.2 223.8 224.8 225.8 226.5 227.2 227.8 228.4 229.3 230.5 231.5 232.4 233.8 236.4 238.8 241.7 244.4 248.1 250.2 251.7 253.5 254 251.8 255.2 256.4 257.5 259.7 259.3 257.4 254 247.4 253.1 258 260.9 263.5 267.4 276.1 275 278.7 286.5 292.6 302.4 311.1 319.1 326.3 334.5 340.6 342.8 342.3 342.2 341.8 341.8 340.3 340.9 339.8 340.8 341.2 341 340.9 339.7 337.5 334.4 323 312.7 305.2 303.3 306.2 312.4 318.1 327.5 333.9 327.9
214.8 214.8 216.3 219.5 221 222.7 224 225.1 226 226.8 227.2 227.9 228.6 229.2 229.9 230.9 232 233.1 234.6 236.9 240.2 244.4 248 252.3 255.1 258.1 259.5 260.8 259.9 262.9 264.4 265.6 268.2 268.8 265.5 262.2 260.3 266 271 273.3 269 270.4 274.7 280.7 286.1 291.7 299 304.8 313.1 321.1 328.2 335.5 341.9 346.2 343.8 343.1 342.1 342.9 342.3 343.3 343.3 344.6 345 344.8 344.9 343.5 341.4 338.8 334.9 322.3 318.5 309.4 306.3 305.2 307 310.7 314.9 309.4
214.8 214.8 214.8 215.7 217.2 222.3 223.5 224.9 226 226.9 227.6 228.2 228.9 229.6 230.5 231.6 232.8 234 236 238.7 243 248.1 252.3 256.9 261.7 265.7 263.7 271.7 267.3 263.4 267.5 273.8 279.2 280.7 278 270.6 264 256.5 252.1 251.7 256 265.2 274 281.1 288.9 294.7 302.3 310.1 318.2 324.5 329.9 335.2 340.8 346.8 344.9 340.5 338.7 341.8 343.4 346.4 346.3 347.4 347.7 349 348.8 347.3 345.3 342.3 339.2 337.1 336.1 330.2 314.5 312.9 306.1 307 306.6 311.5
214.8 214.8 214.8 214.8 216.5 220.5 223.1 224.6 226 226.8 227.6 228.5 229.4 230.4 231.7 233.1 234.5 235.9 237.8 241.9 246.5 252.7 258 263.6 267.4 278.1 285.3 285 275.6 262.6 274.3 283.8 291.9 295.7 292.7 285.8 277.4 269.4 260.4 258.6 259 254.6 264.5 272.2 280.7 290.5 301.3 313.2 321 325.4 328 333.7 340.3 345.6 344.3 336.9 335.6 340.5 344 347.5 349.4 349.7 350.1 351.1 352 350.9 348.5 345.2 342.5 341.2 340.9 340.4 337.3 336.2 327 307.9 320.7 329.8
214.8 214.8 214.8 214.8 215 219.6 222.3 224.3 225.7 226.4 227.2 228.4 229.8 231.4 233.2 234.9 236.3 237.9 240.7 244.8 249.8 257.3 260.2 274 283.9 297 299.3 289.9 277.4 273 279.5 289.8 298.8 298.7 307 299.3 291 283.5 275.1 265.2 259.1 262.1 257.2 267.8 274.8 282.9 295.2 307.7 317.4 323 326.6 330.1 336.3 341.1 339.1 331.2 331.7 338.1 343 347.7 351.6 351.9 352.3 353.8 354.3 353.4 350.9 348.1 345.8 344.2 343.2 342.2 337.8 335.5 316.6 311.1 329.8 338.3
219.2 215.4 214.8 214.8 214.8 217.4 221 223.9 225.5 227 227.3 228.9 230.4 232 233.7 235.5 237.7 240.3 243.2 247.7 254 261 272.2 284.7 297.3 304.4 296.5 287 279.6 273.5 281.2 291 298.6 305.3 309.9 309.6 301.2 291.1 281.5 272.3 266.9 261.1 261.1 262.6 270.4 278.9 286.8 298.4 307.8 317.5 321.9 326.4 330.4 334.2 329.4 322.1 327.6 334.1 340.5 346.7 351.1 353.6 355.3 356.9 355.9 354.7 352.2 349.6 347 345.6 344.1 342.9 338.5 329.5 319.1 314.1 332.5 338.4
221.2 219.2 216.1 214.8 214.8 215.7 219.3 223.3 224.8 226.6 227.6 229.2 231.1 232.6 234.5 236.7 239.1 242.4 245.8 251.3 259.4 267.9 282.1 297.5 307.8 303.3 296 290 285.6 279.2 282.5 292.3 298.9 306 309.9 310.9 303.5 291.2 280.2 274 266.2 272.6 270.6 271.5 263.4 268.6 279 288.3 298.1 309.3 315 319 320.8 322.3 317.5 318.1 324.2 330.2 336.3 344.5 351.4 354.3 358.1 360 357.9 355.9 353.8 351 348.2 346.7 345.3 343.5 340.3 330.1 319.7 313.9 325.3 333.5
222.7 221.2 218.3 215.6 214.8 214.8 218.1 222.8 224.2 226 227.9 229.8 231.9 234.1 236.2 238.4 240.7 244.6 249.1 256.7 263.7 276.8 293.7 308.5 309.7 303.7 298.6 293.1 291.6 284.1 285.6 293.8 300.4 306.8 310.9 311.8 305.1 292.7 281.8 276.4 274.1 277.6 275.9 276.9 278.8 276.2 274.5 278.4 288.3 301.1 308 310.1 311.5 308.9 308.8 316.8 322.5 325.9 333.2 341.9 350.1 356.2 360.7 362.8 360.2 357.3 355.4 352.4 349.5 347.4 345.3 343.2 340.8 328.9 317.4 314 317.7 327.5
224.2 223.1 220.4 216.5 214.8 215.7 220.4 223.4 224.9 227.4 229.5 231.2 234 236.4 238.5 241.5 244.1 248 252.1 258.1 268.7 285.9 304 312.5 309.9 306.7 302.2 296.5 292.7 287.5 290.6 294.8 301.8 308.5 313.1 314.8 309.2 295.9 286 282.6 277.4 287 285.1 281.4 284.4 285.7 279.6 277.1 281.9 292.5 297.1 299.3 296.9 310.1 316.7 321.7 326.9 332.5 333.6 340.3 350.4 357.6 361.3 364 361.8 358.4 355.6 352.6 348.9 346 342.7 338.6 332.8 333.3 321.2 321 316.1 327.6
225.8 225.1 221.7 216.9 214.8 218.8 222.9 224.7 226.1 228.7 231.2 233 235.9 238.5 240.8 243.9 247.5 251.1 256.3 267.2 280.6 299.7 313.4 315.3 313.7 310.7 305.3 299.3 295.3 295.5 297 300 301.6 308.2 313 315.8 312.3 300.4 298.8 292.7 279.5 296 297.7 293.3 292 294.7 293.3 290.7 283.6 291.4 292.8 301.3 312.1 320.4 326.7 332.7 337.5 341.2 343.2 342.2 352.2 359.8 362.6 364.7 363.4 360.7 357.9 354.2 349.8 347.8 346 343.4 341.8 339.8 328.5 327.9 319.4 325.4
227.7 226.1 221.2 217.4 215.5 222.4 224.2 225.9 227.5 229.5 232.5 234.9 237.9 241.2 243.8 246 251.1 255.7 260.2 270.5 291.5 311.4 319.4 318.7 317.3 314 307.4 303.3 303 303.7 303.7 304.9 306.5 307.7 311.6 314.8 314.1 310.6 310.6 304.5 287.2 303.4 309.6 307.9 301 303.3 303.9 300.8 297.7 292.7 298.7 303.3 315 326.6 334.8 341.8 347.4 350.8 351.9 353.4 354.1 361.7 365.9 366.4 365.8 363.5 359.7 355.8 352.8 351 348.1 345.3 344.1 341.6 335.5 329.8 320.6 323.6
228.9 226.6 220.7 215.1 218.8 224.1 226.1 227.4 228.5 230.9 233.4 237.3 241.9 247.1 249.4 250.9 255 260.1 266.7 277.7 299.7 316.6 322.2 323.1 320.2 314.4 310.5 309 309.5 311.1 311 311.1 312.2 311.4 312 315.8 316.8 319 320.5 318.5 302.9 297.3 313.2 319.9 321.5 319.8 316.2 311.8 305.7 301.8 305.1 307.2 314.7 322.5 332.5 342.9 352.8 358.1 359.9 361 360 364.9 370 370.5 368.2 365.4 362.5 360.2 358.2 354.7 350.7 348.7 346.3 343.5 336.2 328 321.5 318.2
229.6 227.6 221.9 217.9 219.3 225.2 227.6 228.9 230 232.3 236.6 241.2 246.2 248 253.6 256.8 259.4 264.4 274.2 290.8 310.3 323.3 325.7 325.4 323.6 320.1 318.2 317 318.5 318.5 319.1 319 318.8 317 315.4 318 321.3 324 325.4 327.2 318 298.7 315.9 327.2 335.6 340.3 337.9 322.1 308.6 313.8 316.3 318.7 317.8 331.8 346.4 355.4 359.4 364.9 367.9 368.6 369.4 371 373.8 373.4 371.4 368.9 366.6 365 362.8 359.7 355 352.8 348.2 342.9 335.4 327.1 321.1 320.1
230.3 227.7 222 219.7 222.8 225.5 228.1 229.6 231.9 234.7 239.6 245.8 247.6 248.8 257.3 260.6 263.9 271.2 284.3 305.9 323.2 329.1 331.4 330 327.2 325.6 326.3 327.2 328.5 328.6 327.8 326.5 325.5 324.9 319.6 322.1 326.6 328.9 332.4 333.4 324.3 309.2 320.6 336.9 346.3 352.6 349.1 324.6 319.5 324.7 329.1 332.5 324.9 340.9 357.6 363.6 368.6 373.6 375.8 376.3 376.3 376.4 377.5 376.7 374.6 372.1 370.3 369.4 367.4 364 360.4 354.4 348.1 340.5 331.7 325.1 322 322.4
230.7 236.7 234.7 222.6 223.6 228.1 229.5 230.7 232.6 236.8 243.9 247.6 251.9 253.9 257.3 263 269.2 278 298.2 317.4 328.8 336.9 341.7 341.3 333.8 332 333 337 340.9 343.5 340.9 339 334.5 331.5 330.7 327.6 332.4 334.1 337.2 338 330.7 320.2 327.4 346.7 353 356.1 347.3 326.2 327.8 335.2 340.1 344.6 347.2 346.5 361.9 366.7 373.8 379 381.2 383.9 383.2 381.2 380.1 379.9 377.6 374.7 373.5 373 371 366 360 352.9 344.3 335.2 328 324.5 322.6 328
231 227.6 225 229.1 234.5 239 240.2 239.3 236.1 237.8 239.7 244.3 247.8 251.5 258 266.7 276 288.2 308.4 325.3 336.9 350.2 349.4 346.5 341.5 340.2 342.2 347.2 351.7 353.8 353.8 350.9 347 342 339.5 335.7 339 339.9 342.7 343.1 337.4 335.4 333 349 355.6 356.7 346.8 335.7 337.9 344.2 352.2 359.5 363.2 365.8 363.9 367.1 377.4 383 385.1 387.5 388 384.5 383.4 382.1 379.6 377 376.2 374.4 371.4 365.7 357.8 348.7 339.3 331.7 327.6 324.3 325.7 328.1
230.1 226.8 221.8 223.1 224 228.9 231.2 234.2 238.1 240.7 243.1 245 249.2 254.9 266 276.3 288.4 302 316.5 331.4 349.4 356.5 354.7 355.1 349.5 349.1 352.6 358.1 362.7 366.2 366 363.4 359.3 354.7 351.2 348.8 347 346.9 346.8 348.6 345.6 343.9 333 352.6 358.7 358.5 349.7 347.6 352.5 358.8 366.6 374.4 382.2 385.2 378.4 372.8 379.1 385.4 387.9 388.2 389.5 387.2 384 382.7 380.9 378.5 376.6 374.1 369.8 364.5 354.9 344.2 336.6 330.7 327.3 321.1 326.5 328.5
229.1 225.6 221.3 226.7 225.1 226.1 231.3 236.2 240.5 244.2 246.1 250 254.2 265.7 282.9 297 309.3 321.6 327.4 339.3 356.2 358.5 364.1 366 361.8 360.2 364 368.9 371.3 370.9 372.2 373 371.7 366.9 362.8 360 356 354.6 352.8 353.1 351.4 349.7 343.8 355.4 362 362.1 357.6 360.9 367.6 381 391.9 401.5 408.4 403.8 388 380.1 378.9 386.6 388.6 388.5 388.8 387.5 384.7 383.3 381.5 378.3 376.8 372.9 367.5 362.4 353.1 340.3 333.1 329.8 327.5 325.7 327.7 329
227.1 224.2 224.3 228.6 228.1 225.7 231 237.3 241.8 243.6 247 252.9 261.2 280 296.6 314.1 323.4 326.9 335.4 352.5 356.9 367.1 375.1 373 370.9 370 373.8 377.4 378.6 377.3 377.6 377.4 379.1 379.9 374.1 368 365.2 362.1 360.4 358.2 357.5 356 354.9 356.5 365 367.4 368.2 372.2 381.7 389.9 397.5 403.7 407.7 402 391 382.1 378.5 385.7 386.7 384.9 387.2 386.1 384.4 383.6 381 377.3 375.1 370.5 364.4 358.9 347.3 336.6 331.5 329.8 327.8 328.4 329 330.4
229.4 225.1 226.1 229.3 230 228.1 233.1 237.9 239.6 242.9 248.9 258.7 273.9 288.2 303.8 317.6 323 327.1 338.1 352.2 356.8 371.7 373.5 372.2 371.2 376.9 384 389.2 392.4 391.6 389.6 386.8 386 386.6 384.2 378.5 371.6 368.8 368 364.4 363.1 362 360.2 358.5 367 371.2 373.2 379.7 384.1 391.8 397 401.5 402.6 398.3 390.9 383.1 380.7 380.1 380.6 381.6 384.3 383.8 382.1 381.3 380 375 372 356.8 356.3 352.4 341.1 333.5 331.8 329.9 323.5 328.8 330.2 332
228.6 226.1 228.5 231.5 231.3 230.4 231.7 236.6 239.9 244.8 257.3 270.5 282.5 294.6 305.8 313.3 315.9 318.3 333.5 345.5 354.2 362.3 364.7 364.8 367.9 381.4 397.7 407.7 411.3 409.4 405.2 404.3 401 397 392.8 389.4 382.1 376.4 374 371.5 368.1 366.2 365.5 364.6 368.8 372.7 377.2 383.8 393 399.1 403.2 404.6 400.7 397.1 391.9 386 380.9 378.1 377 378.9 381.2 380.9 378.6 377.8 377.1 372.8 367.7 362.2 356.7 346.6 337.5 333.8 332.4 331 330.2 329.7 331.6 333.2
225.9 227.8 230.6 233.6 233.7 233.7 231.9 236 240 249.3 263.5 277.2 286.1 295.8 303.3 304.1 298 309.4 320.6 340.7 348.3 351.3 353.5 357.8 369.6 383.9 409.9 431.2 434.3 437.1 433.7 424.2 418.1 414.6 408 400.6 392.2 384.9 380.6 376.8 374.4 373.1 371.8 369.8 371 376.4 380.8 387.2 395.8 403.8 409.5 408.8 401.2 397.7 393.1 387.4 381.5 378.2 375.1 375.3 377.9 377.2 374 372.6 371.4 366.9 363.2 358.2 351.3 345.2 336.7 335.2 334.5 326.7 331.8 331.8 332.6 334
227.6 230 233.1 234.5 234.8 235.5 236.1 235.5 238.7 249.1 267.2 277.5 282.2 292.1 294.9 292.1 291.9 297.8 308 331.1 345.5 342.4 343 351.6 369.2 384.4 396.3 428.7 435.9 440 442.5 443.3 445.6 437.8 423.9 414.9 402 394.6 387.8 383.2 380.7 379.9 377.9 376.1 373.8 378 384.2 390.5 397.2 406.7 414 417.5 406.6 400.7 395.3 389.5 383.1 378.4 375.3 371.8 374.1 372.7 369.1 366.8 364.1 362 358.9 354 348.3 343.2 337.4 335.7 335.3 330.1 333.5 333.5 333.8 334.6
227.9 230.5 234.2 236.1 236.5 237 237.8 237.8 238.5 243.8 260.8 266.8 273.5 282.1 281.9 281.3 285 289.3 298.7 317.6 333.2 334.9 338.6 348.6 363.3 374.8 385.4 409.7 434 438.2 442.2 443.4 445.1 447.7 448.6 434.3 418.5 405.3 397.6 391.2 387.8 387.7 386.1 383 380 378.7 384.5 390.9 397.7 406.9 417.7 421.8 415.1 407.9 400.7 395 387.5 382.8 378.2 373.2 371 367.6 366.6 364.6 359.2 355.4 352.8 349.6 345.1 342.3 342.3 342.3 333.6 334.3 333.8 334.7 334.8 335.4
229.4 231.1 234.8 237.3 237.8 238.5 239.3 240.6 240.7 242.4 250.1 257.7 268.8 270.3 271.2 274.8 278.9 282.3 289.7 304.4 317.8 318.1 333.7 344.5 355.6 366.3 379.1 390.7 419.9 436.9 440.9 443 445 446.8 448.9 450 440.4 422.4 409.5 402.1 398.3 395.9 393.5 392.4 389.5 387.1 387.5 391.8 401.3 411.3 420.1 422.9 421.1 414.9 406.9 399.8 392.4 386.4 381 375.9 373.2 373.2 371.2 368.4 362.5 357.7 350.3 343 343 340.9 339.2 337.1 328.4 334.2 334.8 335.4 335 335.6
230.7 233.7 237.4 238 238.8 239.9 240.8 242 243.4 243.2 246.6 252.5 257.7 262.2 267.5 270.4 271.5 277.3 284 292.2 300 313.4 327.4 337.7 347.9 359 373.3 387.4 407.2 433.6 439 441.6 443.7 445.8 447.1 448.3 449.1 446.4 432.4 421.5 413.1 409 406.7 404.7 402.2 399 395.4 399.5 403.8 413.2 425.3 432.4 431.5 423.3 410.9 402.9 395.7 388.2 382.6 377.6 375.1 374.1 372 368.5 362.8 356.3 349.7 340.3 341.4 339.2 337.7 336.3 335.6 334.3 334.9 335.4 335.1 336
