UK/data/ns/ns60_OST50GRID_20230518/NS60.asc
ncols 200
nrows 200
xllcorner 260000
yllcorner 600000
cellsize 50
[rows 105 to 139 of 200, columns 78 to 155 of 200]
503.6 500 495 486 475 466.8 459.5 453.2 445.4 441.7 437.4 448 456.3 469.6 484 498.6 517.6 534.6 547.9 561.6 576.8 590.3 602 613.4 624.2 630.9 633.5 632.2 630.6 624.8 612.8 594.4 581.9 583.1 594.3 601.4 603.3 603.2 602.6 602.8 602.2 600.1 596.9 593.4 588.2 585.5 581.8 577.6 571.8 564.2 557.7 550.8 546.2 540.6 535.2 530.5 522.5 515.3 509.3 505.7 499.9 505.8 511.8 511.1 509.5 504.9 499.1 490.9 487.4 482.1 477.7 469.4 468.1 467 464.7 462.3 465.8 464.4
501.6 500.1 495.1 488.1 479.8 472 464.6 459.5 449.8 450.8 450.9 453.7 461.9 473.1 483.3 497 511.9 526.3 537.6 549.4 562.9 577.3 591.7 607.7 623 633.1 639.2 638.1 636.9 633.1 620 600.7 586.3 592.8 603.4 611.2 613.9 612.9 610.2 607.4 604.9 599.6 596.1 591.8 587.8 582.5 579 573.2 567.2 561.8 556.9 549.5 544 539 532.8 525 517.5 511.6 503.5 505.2 513.2 517 518.6 517.2 512.3 507.1 499.4 492 487.4 481.8 475.3 480 480.5 478.2 475.6 473.5 468.6 463
499 499.3 498.2 493.2 486.2 476.9 469.6 463.8 461.3 459.6 459 461.6 470.8 480.5 492.9 505.1 515.1 524.8 534.9 545 553.8 567.4 582.9 600.3 618 631.2 641.1 644.3 643.3 638.7 626.1 607.3 596 599.9 610.7 619.7 621.3 618.4 614.7 610 605.7 599.5 594.1 588.9 582.5 579.1 573.7 569.5 564.2 558.5 552.4 544.9 540.1 533.5 526.9 518.7 512 506 511.1 517 520.5 523.6 523.8 522 516.1 509.4 500.3 492.6 486.8 478.8 483.8 487.9 487.4 483.5 480 478.6 471.4 470.6
497.2 499.4 499.5 498.5 492.4 483.9 476.8 473.3 470.3 469.2 468.9 466.6 478.5 486.9 497.6 510.5 518.7 527.6 537.3 547.5 554.6 563.8 578 594.2 613.8 630.3 641.1 648.2 649.5 645.2 633.7 614.3 606 606.8 618.4 625 625.6 622.3 617.5 612.3 606.4 599.5 593.5 587.3 579.6 574.1 570.1 564.4 558.9 553.4 546.1 541.5 535 527.9 522.3 515.9 508.9 508.9 516.5 521.5 524.6 526.2 526.2 525 518.5 510.4 501.6 492.8 484.9 487.1 491.7 494.5 492 490.3 486.2 482.5 474.6 477.2
496.7 499.7 502.2 501.8 499.3 493.6 486.4 482.9 481.1 480.3 479.4 482.1 483.6 492.5 502.8 514.8 522.3 531.8 541.2 553.6 563 570.7 577.2 591.2 609.9 629.3 643.2 650.1 654.7 651.5 643.6 625.3 616 617.8 626.6 630.5 628.9 623.4 618.7 612.4 605.7 598.3 593.2 584.9 577.9 570.3 559.3 558.2 551.8 546.5 541.1 535.3 529 524.1 517.4 512.1 512 515.3 518.6 524.5 526.6 527.6 527.1 525.8 518.4 510.4 502.2 493.3 486 497.1 499.2 501.1 498.8 497 493.2 487.8 477.3 484.2
498.2 499.6 504.5 506.9 506.6 503.8 497 493.1 493.1 490.8 489.4 491.1 493.9 498.6 506.6 518.1 527.7 537.3 548.8 560.6 569.7 578.8 586 593.8 610 629.4 644.9 654.9 659.8 660 655.6 642.4 631.1 631.6 634.5 634.8 630.1 625 619.5 612 604.6 597.9 589.6 581.2 573.4 565.8 555.1 546.6 543 538.2 533.4 527.2 522.4 519.1 514.4 514.5 517.3 520.6 524.9 527.7 529.3 529.4 528.4 524.6 516.6 508.9 503.2 492.5 497.5 503.7 506.1 510.8 508 502.1 497.1 489.8 478.9 489
505.8 508.3 510.6 512.9 515.4 515.3 511.1 504.8 503.5 504.5 501.6 501.1 504.6 503.8 512.7 522.3 531.2 542.6 555.5 567.4 578.5 588.8 598.8 609.4 618.7 633.6 649.7 660 666.4 667.4 664.8 658.9 649.6 645 642.5 639.5 635.3 629.9 623.2 613.7 603.4 593.5 584.1 575.8 567.7 557.7 547.3 541 536.8 531.5 526.1 521.1 517.6 514.9 516 519.2 523.9 525.8 528.3 531.2 530.5 529.9 529.1 521.6 513 506.3 500.3 496.1 503.9 510.4 515.2 516.9 515.5 508.8 500.6 492.2 484.8 496.5
514.5 521.4 524.2 526.2 526.6 529.1 526.9 519.7 515.7 517.2 516.7 513.8 513.1 513.1 517.1 524.9 534 545.8 558.2 570.2 583.7 597.9 611 622.8 631 641.7 655.7 665 671.9 674 671.2 666.9 660.7 654.8 649.2 645 640 631.8 622.6 610.9 599.7 587 575 566.8 558.7 550.7 544.1 539 534.5 527.7 521.7 519.2 517.5 520.2 522.2 524.1 526.5 528.3 530.7 531.5 530.4 529.6 526.4 518.7 510.8 503.8 497.4 506.9 511.9 518.8 523.3 522.8 519.9 511.3 502.1 493.4 492.5 502.7
515.7 529.9 534.8 537.2 541.2 542.2 541 534.1 530.3 530.4 532 527.8 525.6 522.1 519.8 527.4 535.4 547.6 561.1 573.5 588.8 605.9 619.8 628.7 639.1 648.5 659.4 668.8 675 677.7 675.2 670.5 664.4 659.5 653.9 647 639.7 630.6 621.6 604.5 590.7 579.5 568.5 561.8 554.7 548.7 543.4 538.2 530.5 525.1 522.3 524.1 523.8 525 527.5 529.2 529.4 531 532.5 531.6 530.1 527 521.6 515.1 505.8 502.9 507.5 512.3 520.3 528.5 530 528 522.9 513.3 504.1 492.5 500.4 510.7
519 539.5 548.2 552.3 562.2 555.5 553.5 549.6 545.2 543.8 543.9 542.2 538.4 530.3 525.1 528 537 549 559.2 574.8 592.9 608.5 619.3 629.4 640 650.5 661.6 671 677.3 679.4 677.9 672.6 667 661.2 653.6 646 638.3 629.4 620.4 609 589.9 576.1 569.6 563.4 558.7 551.5 544.8 537.9 531.1 526.1 527.2 531 531.3 531 531.9 532.9 532.3 532.3 532.5 529.4 527.1 521 515.5 508.6 504.7 509.1 514 521.2 530.2 535.3 534.7 530.4 522.2 512.8 502.9 493.9 508.2 518.7
521.9 545.8 558.1 566.8 573 570.8 566.3 564.1 560.7 556 554.9 553.4 548.1 537.8 533.9 534.9 537.7 547.3 558.6 572.6 591.2 605.4 617.4 627 636.4 648.5 659.9 670.5 676.9 679.2 677.3 671.5 665.3 657.5 650.7 644 636.2 627 617.8 607.6 597.9 586.5 576.7 567.6 558.4 551.4 545 538 530.8 528.6 534.2 536.9 537.9 536.1 533.8 533.5 533.5 531.4 528.6 526.3 521.3 512.6 509.6 513.4 513 514.6 524.7 533.9 538.4 539.9 536.4 531 521 511.3 501.1 503.6 514.8 524.9
516.3 542.7 561.1 573.4 579.6 580.6 574.8 572.5 570.6 566.2 565.1 561.5 551.6 543.3 540.6 539.6 539.4 546 556.4 569.7 587.2 600.9 611 619.6 630.4 640.9 652.6 664.3 671.5 674.4 672.2 666.4 660.5 652.6 644.7 637.9 630.7 622.7 613.6 604.8 595.3 587.6 576.6 567.5 558.3 553.3 545.8 537.7 531.1 535.9 541.8 543.5 542.8 539.6 535.5 531.9 530.6 528.7 526.2 522.5 516.2 518.4 520.3 521.5 523.1 526.6 536.4 543.3 544.3 541.9 537.2 530.4 521.9 512.6 499 509.7 518 529.8
506.2 532.2 554.6 574.8 590.5 588.7 579.9 571.1 572.5 571 568.7 564.7 555.9 547.8 546.2 545.1 544 547.5 555.7 568.8 580.7 594.7 602.9 613.5 620.2 630 640.6 653.6 659.1 661.1 659.9 657.8 651.6 646.4 639.4 631.9 624.5 617.1 609.2 600.3 592.1 583.3 574.3 566.2 558.7 553 544.5 536.3 532.8 541.3 546.5 548.1 544.8 540.8 536.8 532.8 530.6 526.2 523.1 518.9 521.4 523.6 527 532.8 535.5 538.4 544.4 547.3 547.8 543.2 540 529.8 520.5 512.4 504.6 514.9 524 534.3
500.3 528.1 552 573.9 588.1 582.1 572.5 565.1 565.8 568.2 567.3 565.2 562.5 556.4 552.1 550.4 548.7 549.1 556.7 565.6 575.6 586.9 592.4 603.3 609.9 618.7 630.3 639.7 644.9 648.1 647.3 645.8 642.1 636.7 631.5 625.3 618.6 611.7 604 595.8 586.6 576.7 570.4 564.6 558.9 551.5 544.4 537.5 539 543.1 547.9 549.1 546.2 542.3 536.8 530.7 526.9 523.4 524.3 524.6 526.2 528.5 533.8 539.8 544.3 546.4 548.4 550.1 547.9 544 537.7 529.1 519.4 514.1 504.7 517.6 526.9 538.1
488.8 519.8 549.9 564.1 566.7 563.8 559.2 556 556.2 557.7 560.7 559.2 560.2 559.9 558.4 557.1 553.3 554.2 556.7 563.3 569.9 578.8 586.9 596.1 600.3 608.8 618.3 625.3 629.3 631.9 632 631.5 630.4 625.8 621.8 618 612.4 605.8 598.1 590.3 581.3 574 568.5 563.2 557.3 548.9 541.1 541.2 540.2 544.7 550 550.2 546.7 541 534.6 528.7 527.5 527.8 528.2 531 534 536.1 539.9 548 552.2 551.7 552 551.4 548.2 543.5 536.4 527.8 520.3 514.1 511.8 521.2 528.6 540.4
472.4 496.9 525 540.9 550.8 550.4 548.9 547.8 545.9 545.5 548.2 551.6 553.8 556.6 558.6 560.7 562 558 559.3 563.1 567.7 573.6 579.3 584.4 590.9 595.7 603.7 609.4 612.8 614.9 615.8 619.5 619.1 616 614 610.8 606.5 599.7 593.2 586 577.8 570.7 564 557.9 552.3 545.3 544.8 543.9 543.3 545.8 551.2 551 546.8 539.1 532.3 534.1 535.1 536.9 537 538.9 546.4 546.6 547.2 552.8 554.6 554.4 554.3 551.3 546.1 540.5 535.3 527.1 520.1 513.4 516.7 524 531.4 541.5
459.2 477.5 499.3 516.2 525.4 529.8 533.1 532.9 533.4 534.8 536.8 540 544.5 549.2 553.6 558.6 562.9 563.3 562.3 562.5 565.3 566.4 569.7 574.8 577.3 582.1 586.3 592.3 595.4 597.6 599.9 603.6 607.7 609.3 607.7 604.7 599.7 593.8 587.9 581.2 572.7 566.1 559.7 554 547 550.4 549.8 550.6 549.7 546.8 551.4 550 544 536.7 540.2 540.1 544.3 547.8 548.1 555 556 552.9 551.8 557.6 557.3 556.2 553.2 549.2 543.5 537.4 530.7 525.4 520.7 515.4 519.1 525.7 532.5 541.4
446.9 461.6 478 489.9 499 506 512.2 515.1 519.4 522.5 525.7 528.5 532.9 537.8 545.2 551.9 556 558.4 559.5 560.4 560.5 560.9 562.5 564.8 565.1 565.5 568.8 573.7 577.9 579.6 582.4 589.5 596.3 601 601.7 598.7 594.4 588.6 581.3 574.4 567 560.6 555.6 553.5 555.1 555.8 555.5 557.8 555.4 552.5 551.8 548.3 540.9 544.8 548.8 551.5 556 557.7 562 561.5 561.2 558.5 558 560.5 560.1 559.4 556.4 549.2 541.4 534.6 529.9 525.3 521.6 517.1 522.2 526 533.3 541.1
436.7 449.8 460.7 472.1 481.8 487.9 495 500.8 505.6 511.1 515.5 519.4 523.4 529.3 537.3 543.9 547.8 550.3 551.8 552.4 552.5 553.5 553.7 552 550.8 548.5 552.3 556.8 559.6 560.8 566.1 576.5 587.1 593.4 595.5 593.1 589.2 583.1 577.2 571.8 566.6 560.3 556.3 559.2 560.5 560.9 561.3 560.8 558.2 552.8 549.3 544.3 549.1 552.7 560 562.7 566.9 567.3 566.4 566 565.8 562 562.8 564.5 564.1 561.8 558.1 549.2 541.5 535.2 530.2 526.1 523.8 521.4 525.4 529.2 534 540.5
427.7 437.9 447.9 459.9 471 478.1 485.2 491.1 496.6 500.4 504.6 509.5 515.3 520.2 529.4 534.4 539 542.5 544.5 545.3 547 546.7 544 541.2 537.7 536 537.9 541.7 544.1 549.9 559.5 571.3 582.3 588.7 591.5 590.6 587.7 585.4 580.8 574 567.3 562.8 563.5 565.7 566.6 565.3 564.5 562.3 558.7 553.7 551.2 550.3 556.7 562.8 566.4 569.2 571.5 573.6 574.8 573.5 571.9 568.1 569.3 569.3 568.7 565.6 561.1 552.5 545.5 538.4 532.4 526.4 526.2 526.1 527.5 530.3 533.9 538.6
423.5 430.2 438.4 449.3 458.4 468.3 475.5 481.8 487 491.3 496.4 500.6 505.8 512.4 519.8 525.9 529 532.9 535.5 538.1 539.2 539.4 536.9 532.3 527.7 525.8 529 533.9 540.2 548.6 560.2 570.5 581 588 593.3 592.1 590.9 588.1 583.3 575.3 568.8 568.2 569 572 571.1 568.9 566.2 563.8 559.2 555.1 552.3 555.2 562.6 567.6 571 574.9 578.1 580.2 581.7 580.7 578.1 575 576.2 575.9 574.8 573.2 568.6 559.3 551.2 542.4 534.7 529.5 527.7 528.1 529.9 532.6 534.3 537.7
418.7 425.6 431.3 439.9 449.6 458 465.4 473.4 477.3 483.6 487.5 492.1 497.1 501.3 508.2 514.2 518.6 522.5 524.7 527.6 530.5 531 528.7 527.2 519.5 524.6 529.2 535.2 541.4 550.9 560.8 570.3 578.8 589.1 593.5 594 591.9 589.9 581.9 576.6 575.7 575.2 575.7 575.3 574.9 573.4 569.8 564.8 561.6 555.6 555.6 559.7 565.7 571.1 575.8 580.1 583.7 587.1 588.3 587.6 584.5 582.4 583.5 583.3 581.6 579.1 575 565.9 557.6 546.3 537.2 532 530.3 531.1 532.5 535.2 536 538
415.7 422.6 429.2 434.6 441 445.3 454.2 462.9 469.8 476.1 480.4 484.7 488.8 492.9 496.8 502.7 506.3 510.4 514.6 516.9 519.9 520.4 519.6 520 514.4 521.8 526.5 532.8 539.7 550.5 561.8 571.3 578.1 585.1 590.8 591.7 589.5 585.6 586 583.1 583.4 584.3 584.1 582.9 580.1 576.4 570.5 565.6 562.3 560 560.1 566.7 571.1 574.8 579.5 585 588.9 592.4 593.4 592.5 590 589 590.3 590.3 588.4 585.6 580.2 571.2 562.6 551.2 540.3 535.2 533 534.6 536.2 538.8 539.4 538.4
413.1 417.8 424.7 430.9 434.6 439.6 443.9 452.8 461 463 470.3 475.6 478 482 487.4 492.2 495.5 500.3 504.5 507.7 509.2 511.2 511.3 512 513.6 517.1 522.1 529 536.5 549 561.4 569.9 576.5 582.9 587.1 588.6 589.4 592.6 592.5 591.4 591.4 590.5 589.6 587.2 582.7 576.3 571.5 568.8 566.6 566.2 567.5 571.3 574.8 576.7 581.5 586.1 592.4 594.5 595.6 595.2 593.7 593.8 595.3 595.6 593.8 589.5 583.3 576.1 566.2 554.1 543.5 538 537.7 538.3 540.2 541.6 541.7 537.4
416.5 415.7 420.4 426.4 431.3 438.7 438.5 446.9 449.6 456.8 460.5 465 468.6 473.5 478 483.3 485.3 489.6 495.7 499.4 502 503.4 503.7 500 508.1 513.1 518.9 525.3 531.1 542.8 556.7 566.2 572.4 579 583.3 588.6 593.2 596.2 595.3 596.8 597.9 595.9 593.6 590.3 584.1 576.9 574.3 573.5 573.5 573.2 573.9 573.4 577.5 579.3 583.9 587.2 590.4 593.4 595.7 596.1 596.2 597.3 598.5 598.9 596.8 591.2 586.1 579.4 569.7 559.4 550.6 545 542.8 543.5 543.1 541.8 541.4 536.9
417.8 418.3 420.6 423.7 427.7 431.4 434.5 440.3 442.2 453.7 458.9 464.2 465.9 468.8 472.2 476 478.6 482.2 485.3 489.5 492.2 493.9 496.1 497.7 502.2 506.3 510.3 516.3 524 535.1 548.9 559.8 566.1 572.1 576.6 584.7 590.6 594.5 597.2 599.7 600.1 598.9 596.3 592.2 584.9 580.1 579.4 579.2 579.4 576.8 577.6 578.3 580 580.4 582.7 584.9 587.5 589.4 590.7 592.3 594.2 596.3 598.2 598.7 597.1 592.7 587.5 581.1 574.8 566.4 558.7 553.8 548.6 547.3 545 540.6 541.3 535.2
416.6 417.6 419.6 425.1 430.5 435.3 440.9 447 451.9 453.3 449.4 450.7 457.5 460.1 464.4 467.2 470.3 474.7 477.1 480.7 483.5 485.9 485.4 491.4 494 497.8 502.9 508.8 515.6 523.6 538.4 550.2 557.7 563.7 569.9 575.9 581.9 587.8 593.1 596.9 600.4 601.3 599.1 596.3 591.5 587.4 585.4 583.7 582.7 579.2 579.5 580.1 580 579.9 578.3 579.2 580.7 581.7 583.5 584.9 587.5 590.6 592.7 595.3 594.2 591.3 587.4 581.6 576.5 570.2 563.8 558.9 553.5 550.4 545.6 542.2 538.5 532.2
415.9 417.6 419.6 426.9 436.2 442.9 450.1 456.1 458.1 459.2 459.8 459.1 457.3 458.2 457.3 463.6 467.3 470.1 473.4 476 477.6 479.6 481.7 484.9 487.4 489.4 494.2 500.9 507.2 514.3 523.9 536 543.8 550.3 556.8 562.3 570.1 578.1 583.7 593.8 599.5 602.8 602.5 599.3 595.4 590.9 589.1 589 584.4 581.8 581.6 579.8 576.9 573.8 572 570.1 569.3 569.7 571 574.1 577.8 580.8 583.5 586.2 587.2 586.6 583.4 579.6 575 570 565.1 559.4 555.7 550.6 546.3 543.7 539 531.2
417.8 418.3 420.2 426.9 438.5 448.1 455 460.9 463.9 465.3 465.4 464.9 464.5 465 465.2 459.4 461.4 467.3 470.1 471.8 474.3 475.7 476.5 479.9 481.5 483.4 488.4 492.4 498.4 505.9 512.6 520.3 529 534.9 541 546.6 554.6 562.8 577.1 591.9 600.9 604.2 603.6 601.5 598.1 593.7 591.3 588.7 582.7 580.9 578.4 574.5 568.8 564.3 558.8 556.1 555.5 555.6 557.2 560.6 564.3 568.8 571.4 573.5 577.5 576.3 574.1 573.5 570.6 567.1 562.7 558.5 555.4 550.8 546.2 542.5 538 532.5
419.7 418.8 420.8 427.5 437.8 448.8 456.5 463.8 471.2 472.6 473.4 473.2 471.8 470.2 469.5 468.7 468.6 467.5 465.1 468.6 468.9 471 473.5 476.2 478.8 481.3 487.5 491.3 498.4 501.1 503.8 511.7 520.2 527.2 533.6 537.8 545.3 559.1 574.9 592.8 602.5 606.3 605 602.8 599 593.9 590.2 585.6 581.7 577.9 572.8 565.6 559.4 552.2 546.4 543.2 539.5 542.1 544.4 547.7 550.4 553.4 555.4 558.3 562 564.3 564.6 564.3 563.6 561.8 557.8 557.4 554.7 551.3 545.8 541.4 536.1 532.1
420.3 418.3 421.1 425.9 436.8 447.7 456.5 465 476.1 480.6 481.5 481.8 479.7 477.4 475.1 473.4 473.3 472.1 472.4 473 473.7 474 472.5 475.6 477.8 481.3 485 490.2 494.1 501.1 507.5 513.5 517.4 523.6 531.9 539.8 548.7 560.2 578.4 596.4 605.1 607.9 606 601.3 597.7 592.7 587.1 582.1 575.4 569.6 561.9 554.8 548.2 540.2 540.3 533.2 532 531.7 534.2 535.4 535.6 536.7 539.5 541.4 543.7 546.4 548.2 551 552.4 553.3 553 552.5 551.6 549.3 545.8 541.2 537 532.2
422.2 420.5 421.2 424 431.9 444.8 454.3 465.8 477.2 486.8 491.2 492 490.4 486.7 483.4 480.5 479.2 478.3 478.1 478.3 478.2 477.8 476.3 475.8 477.4 480.3 484.6 488.1 494.2 501 509.5 517.1 522.9 530.8 540.5 552 561.9 568.4 582.5 599 607.6 609.5 607 601.1 595.7 589.9 582.7 576.1 569.4 559.8 555.9 554.9 553.7 550.6 546.8 540.1 533.8 527.3 523.7 525.1 524.6 525 525.3 527.2 530.4 533.9 535.5 537 539.9 542 543.5 545.3 546.3 546.7 545.1 540.9 537.5 533.1
423.4 422.6 422 424.1 428.6 440.3 452.8 464.5 477.9 492.8 501.2 505.1 504 499.4 494.2 490.1 487.9 486.1 486.2 484.5 484.6 483.7 480 478 478.5 480.5 484.9 488.1 493.7 501.7 510 518.7 528.2 537.1 550.5 562.9 573.6 583.5 593.7 603.5 611.1 612 607.2 600.6 589.3 582.9 576.7 570 567.1 567.3 566.8 563.2 562.7 562 555.9 548.8 541.1 536 528.9 524.5 513.8 513.1 513.6 514.3 517.3 518.7 520.3 522.6 524.3 528.2 531.4 533.7 538.6 541.7 542.3 541.7 538.2 533
426.3 424.1 423.7 424.9 426.6 433.8 447.8 463.9 478.5 494.9 509.1 517.5 518.4 513.9 506.9 505.4 501.5 497.4 496 493.7 491 488.8 484.9 482.5 482.2 483.8 485.8 488.4 491.9 501.5 510.7 518.9 528.7 543.6 558.8 573.3 585.4 597.9 606.6 614 615.4 613.8 608.3 596.5 589.9 584.8 578.8 573.8 574.6 574.7 576.3 576.2 573.8 571.1 564.4 559.2 550.9 545.8 539.8 533.5 527.4 517.1 512.4 502.2 502.4 502.6 504.1 507 509.4 510.8 516.1 521.2 528.7 534.7 538.3 539.4 538.1 534
429.1 424.4 425.9 425.3 426.5 431.3 442.9 459.6 477.7 493.7 515 529.1 533.1 528.6 525 521.6 517.3 512.3 507.7 503.5 498.8 494.9 490.5 488.2 484.8 487.9 488.6 489 493.6 500.4 509.1 519.2 531.2 546.3 567.1 583.6 597.9 609.9 617.3 620.8 619.3 616.9 610.3 597.9 594.9 592 586.8 584 582.3 585 585.7 583.6 582.7 581.8 574 567.5 561.9 557.1 551.2 545.8 537.8 530.4 518.2 509.9 500.6 491 490.3 494.1 495.5 496.9 501.7 509.3 516.2 523.8 530.7 534.4 536.6 533.9
