UK/data/so/so57_OST50GRID_20230518/SO57.asc
ncols 200
nrows 200
xllcorner 350000
yllcorner 270000
cellsize 50
[rows 0 to 34 of 200, columns 80 to 159 of 200]
189.7 188.8 186.4 183.3 180 176.6 175 172.3 168.5 164.3 158.5 149.8 143.1 140.8 147.1 155.3 163.1 168.5 172.4 173.6 174.6 175.5 177 178.3 179.8 178.7 177.6 177.6 176.4 174.2 171.9 170 174.7 179 181.8 182.6 180 175.9 170.8 164.7 156 150.7 156.8 160.5 164.1 169.2 171.1 172.1 171.3 172.6 172.3 170.8 168.1 166.4 164.7 163.3 162.6 162.5 162.6 162.7 163 163.4 164.3 165.1 166.2 167.2 168.3 169.2 170.1 170.3 170.7 173 174.8 176.6 179.4 181.7 184.4 186.6 188.3 189.2
189.9 190.3 188 185 182.3 179.6 177 174.3 170.4 166.3 160.3 152.3 144.6 136.6 146 153.9 162.8 168.3 169.6 169.9 171.8 173.3 174.3 175.7 177.1 175.7 174.6 174.8 171.9 170.2 168.4 172.2 176.8 181.1 181.7 180.4 176.2 172 165.8 156.8 149.8 152.8 156.9 159.5 163.4 165.4 166.2 167.8 168 168.6 168.6 168.5 166.6 164.8 162.8 161.4 160.9 160.8 161.3 161.6 162.1 163 163.8 164.7 165.8 166.8 167.7 168.5 169.2 169.7 171.1 172.5 174.3 176.3 177.9 179.2 180.7 182.7 184.6 186.4
187 190.7 190 187.3 184.9 182.2 179.3 175.8 171.2 166.6 160.7 154.3 145.3 136.2 142.9 150.5 157.8 162 163.8 165.2 169.1 171.7 172.9 173.6 173.2 172.2 170.7 169.1 167.6 166.5 169.6 175.3 179.5 182.1 180.8 177.4 172.7 167 160.6 150.9 151.3 153.7 156.8 158.6 161.3 163.5 164 164.5 165 165.3 166 166.1 165.2 163.7 163 161.5 160.3 159.9 160.2 160.7 161.7 162.5 163.3 164.2 165.4 166.4 167.3 168.1 169 170.3 171.5 171.8 174 176 177.2 178.9 179.6 181.4 182.5 184.2
181.2 189 190.4 189.7 187.3 184.9 181.2 175.8 169.9 163.7 158.4 152.3 144.6 138 140.5 147.1 152.5 155.9 159 162.7 166.8 170.1 170.9 170.4 168.4 166.3 164.6 163.8 162.3 168.7 172.4 178.3 181.3 180.6 177.8 173.9 168.7 162.9 153.9 149.2 150.8 154.1 157.3 159.1 160.3 161.7 162.5 163.2 164 164.1 164.2 164.3 164.4 163.8 164.2 163.5 160.1 159.1 159.4 160.3 161.3 162.1 162.8 163.7 164.9 166 166.9 168.3 169.8 171.2 172.6 174.1 175.7 177.6 179 179.9 181.2 182.4 183.1 184.5
174.7 183.3 189.5 190.9 188.4 185.3 179.7 172.9 165.3 158.6 152.8 147.1 141.5 138.2 137.4 143.7 148.5 153.4 157.6 161.7 166.1 168.5 168.4 167 165 162.5 160.5 163.8 166.9 171.8 176.8 180.5 181 178.6 174.7 169.8 164.1 157.2 147.7 148.7 150.5 154.1 157.6 159.7 160.9 160.8 161.2 162 162.8 163.2 163.2 163.4 163.7 164 164 162.4 159.3 158.5 158.8 159.9 160.9 161.7 162.4 163.4 164.8 166.6 168.4 170.5 172.4 173.9 175.2 176.2 177.9 179.1 180.2 181.5 183 184 185.1 186.4
168.6 177.3 185 188.4 186.8 181.9 175.4 167.1 160.3 153.2 147.8 142.8 138.4 135.7 140.7 146.4 152.1 157.1 160.1 163.7 166.2 165.2 163.7 161.6 159.9 157.4 162.4 167.1 171.5 176 180.6 180.4 179 175.4 170 164.4 157.9 150.8 145.5 148.7 151.6 154.5 157.9 160 160.4 160.2 160.4 160.8 161.5 162.2 162.3 162.5 162.8 162.9 162.6 160.4 157.7 157.4 158.3 159.4 160.3 160.9 162.7 164.4 166 168.6 171.1 173.6 175.3 176.7 177.8 178.6 179.6 180.6 181.7 183.1 184.6 185.9 187.3 188.7
163 172.5 180.3 183.9 181.9 177 169.7 161.5 154.9 148.5 143.4 139 135.7 139.1 145.5 151.4 157.3 161.9 164.7 165.2 163.4 160.3 157.6 155.3 157.5 161 165.9 171.1 175 178.9 179.8 178.8 175.5 170.4 164.7 158.4 151.6 146.6 147.7 150 152.8 155.6 158.1 160 159.7 159.5 159.5 160 160.5 161.1 161.3 161.6 161.7 161.9 159.7 157.4 156.2 156.9 157.9 158.9 159.7 161.3 163.5 165.4 167.4 170.1 172.4 174.8 176.9 179 180.7 181.7 182.7 183.7 184.2 185.2 186.6 188.7 190.2 191.6
157.5 169.1 177.9 179.4 176.3 170.6 163.2 156.5 150.2 144.5 139.1 135.6 137.1 143.4 149.6 155 159.4 163.5 164.5 162.7 157.6 152.8 152.9 157.6 161 165.8 170.3 174.3 177.4 179.6 178.7 176 171.3 164.5 158.3 153.6 145.8 146.2 147.9 150.6 153.3 155.7 158.1 159.4 159.1 158.9 158.7 159.1 159.6 159.9 160.3 160.5 160.6 159.6 157.2 155.6 155.8 156.5 157.3 158.3 160 161.6 163.3 165.5 167.6 169.6 172 173.8 176.9 180.7 183.5 184.8 185.8 186.5 186.9 187.3 188.7 190.9 193.1 194.5
153.3 164.4 174 175.8 171.7 165.8 159 153.2 147.2 141.2 135.7 134.9 139.8 145 150.5 155.5 159.3 161.9 161.9 159.3 152.5 150.2 156.3 160.8 164.7 168.3 172.1 175.4 176.6 176.2 175.1 171.8 165.6 158.8 153.8 149.2 144 145.2 147.6 150.9 153.4 155.9 158 158.7 158.5 158.2 157.8 157.8 158 158.4 158.7 159.1 158.2 156.9 155.5 154.6 155.2 156 157.1 158.5 160.2 161.9 163.5 165.3 167.3 169 170.6 172.5 176.4 181 184.5 187.4 188.8 189.2 189.6 190 190.7 193.1 195.5 197.5
150.5 160.5 167.9 171.3 168.3 162.6 156.6 150.6 144.6 139.2 134.3 136.5 140.5 145.2 149.6 153.7 157 158.9 159.2 155.9 147.4 151.1 156.6 160.8 165 168.6 172 172.2 172 170.9 168.5 164.9 159.3 154.1 149.2 145.6 142.7 144.9 147.2 150.7 153.3 155.7 157.5 157.9 157.8 157.4 156.9 156.8 156.9 157 157.2 157 156.1 154.7 153.7 154.1 154.8 156 157 158.5 160.2 161.9 163.6 165 166.2 167.5 169.1 173 177.4 181.6 185.1 188.3 191.3 192.3 192.7 193.1 193.3 195 197.6 200.3
147.3 154.7 162.2 167.4 166.5 162.4 157.1 151.8 145.9 139.7 134.4 135.1 138.2 142.7 147.2 150.7 153.8 156 156.4 152.2 143.8 149.4 154.7 160.1 164.6 167.4 168 167.3 165.9 164 161.1 158 153.3 148.5 144.4 143.2 143.5 144.8 147.7 150.4 152.8 155.2 156.8 157.1 157 156.5 155.9 155.8 155.9 155.6 155.3 154.9 154 152.9 153.2 153.7 154.7 155.9 157 158.6 160.3 161.3 162.2 163.1 164.1 166.1 169.5 173.7 178.8 182.9 186.7 189.8 192.9 194.7 195.8 196.3 196.3 197.2 200.2 203.1
145 151.4 158.4 163.8 166.7 164 160 154.6 149.3 143.5 135.2 133.7 135.6 139.1 142.5 146.7 150.3 152.9 152.5 147.5 142.9 149.3 155.3 159.8 161.7 163.1 162.4 160.7 159.4 157.5 155 151.8 147.9 142.9 142.2 141.7 144 146.1 148.9 150.1 152.2 154.6 155.9 156.3 156.1 155.6 155 154.3 153.9 153.5 153.1 152.7 152.2 152.4 152.6 153.5 154.6 155.8 157 158.2 159.4 160.6 161.7 162.9 164.1 165.6 168.6 173.2 178.8 183.9 187.5 190.3 192.3 193.9 196.8 199.1 200 200.4 202 205
143.4 149.8 157.5 163.9 167.4 167.2 163.5 158.7 153.2 147.3 138.8 133.8 133.7 134.8 137.6 141.9 146.2 148.6 146.9 142.5 141.4 148.1 153.1 157.1 158.4 157.5 155.7 154 153.1 152.8 150.2 145.8 142.5 139.7 141.8 142.9 145.8 147.7 149.1 150.3 151.6 154 155.1 155.4 155.1 154.8 153.7 152.6 152.2 151.7 151.3 151.1 151.5 151.8 152.2 153.4 154.7 156 157.4 159 160.3 161.5 162.7 163.7 164.9 166.3 167.9 172.7 178.2 183 185.7 187.4 188 189.7 194 200 203.3 203.8 204.1 206.7
140.4 148.6 157.5 163.1 167.4 169.4 167 162.3 157.1 151.7 145 137.4 133.1 132.1 133.5 136.4 141.1 142.2 140.4 137.3 141.6 148.1 151.8 154 152.9 150.8 149.1 148.6 149.3 148.9 145.7 136.7 138.9 140.6 142.3 145.1 147.2 147.6 148.4 150 151.6 153 154 154.4 154 153.4 152.2 150.9 150.4 150 149.9 150.4 150.7 151.1 152.3 153.7 155 156.4 157.8 159.4 161 162.4 163.6 164.6 165.5 166.2 167.7 171.5 176.3 181.2 180.5 181.6 183 186.4 190.6 196.8 203.3 207.3 207.6 208.5
140.1 146.1 156.4 161.3 166.5 169.8 168.6 166.2 161.7 157 151.4 146.6 142.2 136.5 129 132.1 134.2 135.3 135.7 137.7 143.5 148.1 149.1 148.3 146.8 144.9 145.1 144.9 145.2 142.8 139.3 137.3 139.2 141.3 144.1 145.9 146.9 147.1 147.6 148.9 150.4 151.8 152.9 153 152.3 151.2 150.4 149.2 148.7 148.7 149.2 149.7 149.9 151.3 152.8 154.1 155.4 156.7 158.3 159.8 161.5 163.2 165.1 166.7 167.6 168.3 169.3 170.4 174.3 173.4 175.8 178.8 181.7 185.4 189.9 194.9 201.2 206.9 210.7 211.5
137.8 142 149.9 157.4 163.8 170.1 171.5 169.9 166.7 162 157.9 154.3 148.5 142.1 135.5 129.8 131.7 133.8 137.4 140.9 143.8 144 143.3 142.1 140.6 140.2 141.4 140.3 138.4 137.2 136.4 138 140.3 143 144.8 145.6 146.2 146.5 146.9 147.8 149.1 150.6 151.6 151.2 150.2 149.1 147.9 147.5 147.5 148 148.5 149 150.1 151.7 153.2 154.6 155.9 157.5 159.3 161 162.7 164.4 166.2 168.3 170.1 170.9 171.5 172.7 174.5 176 178.4 180.6 182.8 185.8 189.7 194.8 200.2 206.6 212 214.7
140.7 138 144.3 151.9 159.2 168.4 173.1 171.7 168.8 165.4 160.7 156.3 150.8 144.2 135 130.4 129.8 137.3 140.6 138.2 137.3 137.4 137.2 137.2 136.7 136.4 136.8 135.7 135.7 134.7 136.5 138.8 140.6 142.4 144.1 144.9 145.3 145.6 146 146.8 148 149.5 149.1 148.8 147.9 147 146.6 146.6 147.2 147.4 147.9 149.2 150.8 152.2 153.6 155 156.6 158.6 160.5 162.2 163.9 165.6 167.3 169.6 172.6 174.4 175.2 175.8 177.6 179.8 182.9 184.5 186.5 187.8 190.8 195.1 200.5 207.2 213.9 218.4
143.1 137.5 138.7 146.3 155.5 164.7 171.8 171.2 168.3 164.6 159.4 153.7 147.4 141.4 132.8 129.3 130.7 131.8 132.5 131.9 132.5 133.1 133.8 134.2 134.2 133.9 134.4 134.8 134.7 135 138.8 140.9 140.3 141.7 143.4 144 144.3 144.7 145.2 145.8 146.9 147.1 146.6 146.1 145.4 145.7 146.2 146.2 147.5 147.7 149.2 149.9 151.4 152.7 154.1 155.6 157.7 159.6 161.6 163.4 165.1 166.8 168.5 171.1 174.1 176.9 179.6 180.2 182.1 184.7 187.1 189.4 191 192.2 193.2 195.8 201.2 207.4 214 220.9
146.2 139.4 136.2 142.4 151.7 160.6 166.8 166.3 163.9 159.7 154.5 148.5 142.2 136.4 130.4 127.9 128.5 129.1 129.7 130.1 130.7 131.4 132 132.4 132.7 133 133.7 134 133.6 135.4 141.1 142.4 142.4 142.5 142.7 143 143.3 143.7 144.3 145 145.2 144.8 144.3 144 144.4 145.2 146 146.1 147.3 149.1 151.2 151.6 152.3 153.2 154.7 156.7 158.5 160 162.3 164.5 166.5 168.3 170.6 173.1 176.3 179.8 183.4 184.8 187.3 190.2 193.5 196.3 198.2 199.3 199.7 199.4 200.8 205.4 210.9 220.3
150.3 142.8 135.3 138.2 147.2 155.5 160.5 159.6 156.7 152.6 147.7 142.3 136.9 132.2 129.5 127.1 127.7 128.4 129.1 129.5 130.2 130.8 131.4 131.6 131.9 132.1 133 133.1 132.1 136.5 143.4 142.4 142 142.1 141.7 141.8 142.1 142.6 143.3 144 143.6 143.3 143.7 144.2 144.6 145.2 145.7 147.3 149.5 152.1 153.2 154.1 155 156 156.2 158 158.9 160.1 162.3 164.4 167.7 169.8 173.2 176.1 179.2 182.7 186.3 189.7 192.5 196.3 200.2 203.2 205.9 207 206.1 204.6 203.9 206.7 212.5 220.1
153.9 145.7 136.9 135 142.4 150.2 154 153.3 149.8 145.3 140.9 135.7 132 129.4 127 126.3 127 127.7 128.4 128.9 129.6 130.2 130.7 130.8 131.2 131.4 130.7 132.7 136.1 142.6 144.5 142.8 142.1 141.6 140.9 140.8 140.9 141.5 142.1 142.5 142.2 142.4 143.1 143.9 144.9 146.7 147.9 150.3 153.3 155.9 157.6 158.2 158 157.2 157.3 158.3 159.3 160.5 162.2 164.3 167.6 171.2 174.5 178.3 182.1 185.9 189.9 193.7 197.1 200.9 205.1 208.6 211.9 214.4 215.4 214.5 212 211.1 216.5 224.9
155.4 146.4 136.4 133 137 142.7 147.3 146.5 142.9 139.4 135 131.8 129.4 127.3 125.9 125.9 126.4 127 127.7 128.4 129 129.5 130.1 130 130.4 130.5 130.2 132.6 139 144.3 145.4 144.2 143.3 142.9 141.9 140.5 140.1 140.4 140.9 141.3 141.8 142.3 143.1 144.6 146.8 148.3 150 152.5 156.5 159.5 160 158.3 157.3 157.2 157.3 157.9 158.6 160.2 162.1 164.1 167.3 170.9 174.7 178.1 182 186.2 190.2 194.8 198.3 203.4 209.2 212.7 215.9 218.7 223.4 226.1 227.6 223.2 219.3 233.3
155.7 147.6 139.2 132.6 132.2 137.1 139.9 140.3 138.6 135.5 131.6 129 127.5 126.8 125.9 126.3 126 126.6 127.2 127.8 128.3 128.9 129.4 129.5 130.2 135.2 141.2 142.3 143.6 143.8 143.5 143.2 143 142.9 142.4 140.8 140 140.3 140.6 140.8 141.4 142.1 143.6 145.6 147.2 148.3 149.6 152.2 155.8 157.6 157.3 156.7 155.3 155.1 155.3 155.8 157 158.3 160.7 163.6 166.9 169.9 173.6 177.4 181.4 185 188.3 192 197.4 198.5 206.4 212.4 216.6 220.7 224.9 229.6 233.5 237 236.4 239.4
153.3 147.8 140.4 132.6 130.4 131 133.3 135.7 135 132 128.7 127 126.2 125.1 125.8 126.2 126.2 126.2 126.8 127.3 127.5 126.7 131.6 137.4 145.2 144.1 143.5 142.4 142.1 141.8 141.5 141.2 141.1 141 141 140.5 139.8 140 140.2 140.4 140.8 141.9 143.3 145.2 146.3 147.4 149.1 150.8 152.1 153.6 153.7 153.7 153.3 153.1 153.3 154.3 155.7 157.8 160.2 163.1 166.4 168.2 171.3 175 178.8 182.6 186.8 192 198.2 203.3 209 211.9 215.3 219.7 223.6 228.6 233.1 237.6 242.1 249.4
149.1 142.9 137.5 131.2 129 128.4 128.6 130.9 131.5 128.8 126.3 125.5 124.8 124.5 125.2 125.3 125.5 124.2 124.7 129.5 133.8 138.6 140.9 142.6 142.5 141.7 140.9 140.2 139.7 139.7 139.4 139.3 139.2 139.5 139.8 140 139.4 139.5 139.7 140 140.4 141.8 143.2 144.8 146 147 148.3 149.3 150.2 150.8 151 151 151 151.5 152.6 154 155.4 157.4 160.1 162.6 164.9 167.5 170.5 173.5 176.4 180.5 186.2 193.9 200.7 206.3 211.6 215.4 218.6 220.8 223 227.2 231.6 236.6 242.9 250
143.4 136 132.2 129.4 127.9 127.2 127.1 126.8 126.6 125.4 124.5 124 123.7 124 124.3 124.6 124.5 127.1 132.1 134.7 137.1 138.7 139.5 140.3 140.7 139.8 138.8 138.1 137.7 137.6 137.7 138 138.3 138.6 139 139.3 139.1 139 139.2 139.4 140 142.2 144.2 145.8 147 147.5 147.8 148.4 148.8 148.8 149.1 149.1 149.6 150.8 152.3 153.7 155.1 156.9 159.6 162.3 166.3 168.7 171.6 174.3 176.2 180.8 188.6 196.7 203.4 208.4 212.4 216.9 220.9 223.4 225.6 228.8 232.5 237.7 243.7 250
137.7 132.7 130 128 126.6 126.2 125.9 125.7 125 124.2 123.6 123.4 122.9 123 123.5 123 125.2 126.1 129.3 131.9 134.6 136.3 138.1 138.7 139 138 136.7 136.4 136.3 136.6 136.9 137.2 137.5 137.9 138.2 138.5 138.5 138.5 138.6 138.7 139.5 142.4 145.1 146.6 147.8 148 147.5 147.2 147.2 147.2 147.2 148.3 149.4 150.7 152 153.4 154.8 156.6 159.1 162.8 166.8 170.9 174.7 177.8 181.7 186.6 193.2 199.7 204 207.6 211.4 215 218.8 222 225.5 229.3 233.3 239 245 251
133.7 130.7 128.3 126.7 125.7 125.3 124.8 124.3 123.8 123.3 122.9 122.3 122.4 123.1 123.5 124.4 125.4 126.9 129.5 132.6 135.4 136.8 138.2 138.5 137.4 136.3 135.3 135.2 135.3 135.8 136.2 136.5 136.9 137.2 137.5 137.7 137.7 137.8 138 138.1 139.1 141.5 145.2 146.4 147.2 147.5 146.5 145.6 145.6 145.9 147.4 148.4 149.5 150.7 152 153.3 154.7 156.4 159.4 163.5 167.7 171.4 175.5 180 184.5 188.9 194.2 198.7 201.9 204 206.9 210.6 214.4 218.5 222.6 227.5 231.9 238.3 245.3 251.7
131.2 129.1 127.2 126.3 125.2 124.4 123.9 123.5 123.2 122.7 122.2 121.9 121.9 122.7 121.7 126.1 129.4 131.8 133.5 135.7 138 138.7 138.7 137.6 136.1 134.6 134 134.1 134.6 135 135.5 135.8 136.2 136.5 136.8 136.9 136.9 137.1 137.3 137.8 138.5 140.3 143.5 144.4 145 146 145 144.3 144.6 145.8 147.5 148.8 149.7 150.9 152.3 153.7 154.9 156.5 160.3 164.4 168.5 172 176.1 180.1 184.6 188.9 192.6 195.3 197.3 199.8 203.3 207.2 211.4 215.8 220.7 225.6 230.5 236.3 243.3 250.3
129.8 128.1 126.7 126.3 125.4 123.8 122.8 122.6 122.3 121.9 121.6 121.5 120.8 123.8 127.7 131 134.1 136 137.3 138.2 138.7 138.2 137.4 136.1 134.2 133.3 132.9 133.4 133.8 134.3 134.7 135.1 135.5 135.8 136 136.1 136.1 136.4 136.7 136.9 137.3 138.4 140.8 142.1 143.3 144.6 143.6 143.6 144.9 145.9 147.6 149.2 150.1 152.1 153.4 154.6 155.7 157.2 161.1 165.2 169.1 172.6 176.6 180.7 183.4 187.1 189.7 191.6 193.8 196.9 200.9 205 209.3 214 218.9 223.7 229.1 234.7 241.3 248.1
128.6 127.6 127.4 127.1 126.1 124 121.7 121.5 121.4 121 121 121 120.5 126.5 130.6 133.5 135.5 136.8 137.7 138 138.1 137.3 135.8 134.5 132.9 132.2 132.6 132.9 133.2 133.5 134 134.4 134.8 135 135.2 135.3 135.4 135.9 136.4 136.5 137.2 138.1 138.9 140.1 141.6 143.1 142.8 144.5 146.1 147.3 149.1 151.7 153.8 155.2 155.6 156 156.5 158 161.5 166 169.6 173.2 177.2 180.1 182.4 184.8 187.3 189.3 192.3 196 200.1 204.1 207.8 212.3 217.1 222.3 228 233.5 239.6 247.3
127.9 127.5 127.4 127.4 126.1 123.7 121.2 120.4 120.3 120.4 120.8 123 127 129.6 132.2 134.6 136.3 137 137.3 137.4 137.2 135.6 134.1 132.9 131.7 131.6 132.1 132.5 132.8 133.1 133.4 133.7 134.1 134.2 134.4 134.5 135 135.5 136.1 136.4 137.2 138 138.8 139.8 140.9 142 144.2 146.1 147.7 149.7 151.7 155.1 159.4 160.4 160.5 160.1 159.1 158.9 161.7 166 169.6 173.3 176.5 179.1 181.1 183 185.3 188.1 191.4 195.3 199.2 203 206.5 210.7 215.7 221 227.1 232.5 240.1 247.7
126.9 127.4 128 126.5 123.4 121.2 119.8 116.8 116.4 118.1 123.9 129.2 131.7 133.1 134.2 135.1 135.8 136 136.3 136.4 135.8 134.1 132.5 131.3 130.9 131 131.7 132.1 132.4 132.7 132.9 133.1 133.3 133.5 133.8 134.3 134.8 135.2 135.7 136.4 137.2 138 138.8 139.8 141 142.4 144.5 146.5 148.8 152.1 154.3 158.2 162.4 164 163.9 163.4 162.7 160.4 162.8 165.4 168.7 172 175.2 177.1 178.6 181.9 184.4 187.1 190.6 194.3 198.1 201.9 205.2 209.3 214.3 219.9 226 232.8 240.5 248.4
127.2 128 128.3 125.8 121.7 119.6 118.9 119.2 124.3 127.5 129.4 131.9 132.9 133.6 134.1 134.5 134.7 134.9 135.1 135.4 134.5 133.1 131.4 130.4 130.4 130.5 131.2 131.7 131.8 131.8 132.1 132.4 132.7 133.1 133.6 134.2 134.6 135.2 136.3 137.1 137.9 138.8 139.7 140 141.3 142.8 145 147.3 150 153.4 156.7 159.7 162.6 165.6 166.5 166.2 166.5 163.5 162.4 164.3 167 169.8 173 174.8 177.5 180.9 183.5 185.7 188.7 193.2 197.1 200.9 203.9 207.9 212.4 218.5 226.2 234.6 242.8 251
127.4 128.3 127 122.1 117.8 119.5 119.7 122.6 126.5 129.4 130.8 132 132.8 133.5 134 134.2 134.3 134.4 134.7 134.9 133.8 132.6 130.7 129.9 130 130.1 130.1 130.6 130.7 131.1 131.4 131.7 132 132.7 133.4 134 136.3 137.7 139.4 140.1 141.2 142.3 142.2 140.8 141.5 142.1 144.4 148.5 152.1 155.1 159 161 163 165.5 168.9 170.2 170.4 167.6 163.7 164.9 166.7 169.3 171.4 173.9 177.1 180.2 182.4 184.6 188.1 191.9 195.8 199.6 202.9 206.5 212 220.6 226.7 235.6 245.5 254.5
