UK/data/hy/hy43_OST50GRID_20230518/HY43.asc
ncols 200
nrows 200
xllcorner 340000
yllcorner 1030000
cellsize 50
[rows 152 to 189 of 200, columns 0 to 83 of 200]
46 46.4 47.5 48.7 49.4 54.8 59.4 64.1 68.7 72.3 77.1 82.4 88.2 94 100.7 107.1 112.3 118.2 124.2 130.7 138.6 147 152.9 157.6 161.6 167.5 169.5 170 172.3 173 165.8 162.5 159 156.4 156.1 158.5 155.4 156.4 153.4 150.8 150 151.4 152.3 150.1 152.5 154.6 162.1 167.7 159.2 153.3 147.7 145 140 133.1 125.5 117.4 103.5 95.7 92.9 85 74.5 64 55.3 43.6 34.1 27.4 27.9 27.8 27.9 24.5 23.6 23 25.1 25.5 25.4 28.1 28 28.6 38.2 43.3 47.9 49.2 51.1 48.9
50.9 51.6 52.4 54.6 56.4 55.7 62.7 67.4 72.1 76.2 80.3 85.8 91.6 97.4 103.5 109.6 115.6 121.2 128.7 134.7 140.3 148.5 157.8 164.7 167.5 169.7 173.7 178.1 176.8 181.2 185.2 182.8 178.1 179.7 179.2 179.4 182.6 182.4 179.8 178.8 178.8 178.5 179.6 177 178.5 180.5 181.5 176.1 171.9 165.8 153.4 144.6 139.3 134 124.6 111.6 96 94.1 87.8 81.9 75.1 62.3 55.3 47.7 36 26.2 20.8 23.6 26.3 26.7 23.9 23 24.8 24.7 24.3 24.8 27.1 26.5 28.6 38 42.7 44.7 45.8 46.3
60.4 59.5 60.1 61.5 61.8 63.9 66.9 71 75.5 79.7 84.3 89.3 95 100.9 106.5 110.5 116.4 122.4 129.9 136.4 141.9 150.2 158.3 167.8 175.3 183.2 183.5 184.5 186.6 190.6 191.8 194.9 196.7 194.9 194.3 196.9 194.5 196.5 200 202.7 205.3 202.6 202.9 201 202.7 205.1 202.7 195.4 182.3 171.2 157.8 145 140.1 134.7 124.9 111.2 94.6 92.7 85.1 80.9 73.8 68.5 56.5 49.3 43.1 30.5 19.8 19.2 27.1 26.5 24.5 23.4 22.5 23.9 23.1 23.3 25.8 25.5 25.9 31.4 36.3 40.1 41.7 43.6
67.8 67.6 67.3 67.8 68.8 69.9 72.6 75.9 79.7 82.8 87.7 92.3 98.2 104 109.6 114.1 117.1 123.7 129.9 136 142 153 162.8 169.7 177.4 189 196 200.4 201.5 198.6 197.6 199.9 202.7 206.4 208 207.9 211.8 211.5 207.1 209.3 211 213.8 216.4 215.7 218 223.8 218.5 210.2 194.9 176.8 164.2 148.3 139.3 134.7 126.3 113.2 94.8 90.6 84.9 79.8 73.8 68.7 60.3 51.1 44.3 35.6 27.4 18 18.5 24.7 23.7 22.4 22.6 23.2 21.7 20.9 22.4 23.6 24.3 24.9 31.9 35.2 37.5 38.8
74.6 74.1 74 73.1 74.2 76.1 76.7 80.5 83.4 86.6 90.7 94.9 100 106 111.1 115.6 120.2 125.2 130.8 135.8 141.5 153.6 163.7 170.9 180.5 190.8 200.7 208.3 211 209.5 206.9 204.8 205.8 209.1 214.6 217.9 217.9 215.9 216.5 210.4 211.1 212.9 216.8 221.6 231.1 234.7 230.4 220.9 204.1 184.8 167.3 151 139.3 134.1 126 117.1 99.2 89.5 85.1 79.9 74.8 68.6 62.3 53.2 43.6 38.2 34.7 24.1 15.7 18.9 22.8 21.4 19.8 21.5 21 20.1 20.4 20.7 20.8 20.9 25.8 29.6 32 34.5
81.9 81.5 81.2 80.6 79.3 80.4 82 84.5 87.2 89.9 93.8 97.8 102.5 108.2 112.3 116.3 121.2 125.9 132 136.9 141.6 151.1 162.6 170.4 183 194.8 203 208.8 214 215.7 216 214.2 211.2 213.2 214.9 217.9 221.6 215.4 218.1 214.7 209.6 212.2 215.3 223.4 233.3 236.3 238.5 228.4 214.8 188.4 171 152.4 139.5 131.2 126 118.7 108.3 90.2 84.3 79.2 73.9 69.2 62.3 55 48.4 41.1 35.7 30.7 20.8 15.5 18.5 19.6 19 19.6 20.1 19.9 17.9 17.3 17.5 17.5 18.1 23.7 26.7 29.7
87.4 87.6 86.1 84.5 84.3 85.6 86.8 88.8 90.8 93.3 96.5 100.5 105 108.5 112 117.7 122.8 127.6 132.3 138 144.6 152.8 163.5 174.1 185.7 196.8 203.5 208.2 213.5 217.4 219.4 218.9 217.1 213.8 215.7 212.3 212 212.6 211.3 209.7 208 209.4 212.6 218.5 226.4 232.4 232.5 228.2 218 190.9 171.1 152.2 138.9 132 127.4 121.4 113 101 86.3 80.2 76.1 69.2 64.2 59.2 53.8 46.1 39.1 33 28 18.8 14.5 17 17.1 18.8 19.2 18.3 16.8 15.4 14.7 14.8 15 15.9 21.6 23.9
89.7 90.8 89.2 89.4 89.5 90.6 91.8 92.2 93.6 96.7 99.7 103.3 107 109.8 112.5 118.3 123.8 128.1 132.6 139.1 149.4 156.8 166 175.8 186.8 193.9 200.6 207.7 212.3 216.5 220.3 221.4 218 215.7 214.6 208.6 204.6 201 197.7 195 199.2 205 210.2 214.1 215 218.4 220.2 216.3 207 187.7 168.4 149.7 140.6 133.1 126.9 122.4 114.2 106.7 97.3 81.5 76.7 72.1 67 62.1 57.3 52 44 37.3 30.8 25.2 15.6 13.4 14.8 16 17.7 17.3 15.8 14.3 13.3 12.4 12.8 13.3 18.4 18.9
98.3 95.4 93.4 93.1 94.1 94.9 96.1 96.8 96.4 99.1 102.1 104.6 107.7 109.3 112.1 118.5 123.3 131.2 134.8 141.3 151.1 159.3 170.3 177.2 187.2 193.5 198.8 203.2 208.5 213.1 216 216.6 213.6 209.8 204.2 199.3 192 188.8 190.2 191.4 192.2 194.2 197.4 203.2 204 202.5 200.8 196.4 189.6 179.9 168.3 153 143.5 131.1 126.5 122.6 116.8 110.1 102.7 93 77.6 73.7 69.6 64.4 60 54.7 48.3 41.6 34.7 28.7 22.4 13.1 12.6 12.3 13 16.1 14.4 12.9 12.3 11.4 10.8 10.6 14.1 15.4
106 105.5 102.7 98.1 97.2 97.3 98.5 98.9 100.2 100.4 101.7 104.2 106.2 108 111.2 116.6 123.2 130.1 136.7 142 151.1 160.1 171 179.6 187.1 192.5 197.4 202.5 206.1 210.4 210.5 209.1 204.3 197.9 191.4 185 180.9 174.8 170.1 171.8 174.7 178.3 181.7 182.9 183 184.5 183.3 179.7 177.1 170.2 164.6 152.9 141 134.7 125.6 122.8 117.2 110.7 105 98 87.1 74.6 71.4 67.5 62.2 56.9 51.5 47.2 41.2 34.4 27.3 19.9 13.3 11 11 13 12.9 11.9 10.5 9.2 8.4 7.8 8.6 13.8
111.1 111.1 109.6 107.7 103.9 101.3 100.4 100.4 101.8 103.6 104.4 104.3 105.6 108.5 112.5 118 123.6 131.8 136.8 144.4 151.8 158.7 168.7 178.9 186.9 191.6 197 202.4 203.8 205.6 203.9 198.4 191.7 184 177.4 170.5 165.4 161 159.3 162.6 165.1 166.8 169 169.3 169.8 170.2 169.1 166.4 164.7 163.1 159.6 152.1 140.5 135.5 126.3 121.1 118.7 112.9 105.8 99.5 92.2 82.5 70.8 67.1 64.4 59 54 49.3 45.4 40.2 34.4 25.9 19.7 12.8 10.4 10.6 11.5 9.9 8.5 7.5 7 6.9 6.7 10.9
113.3 114 114.8 112.1 110.6 108.1 103.9 103.8 103.3 106 106.8 107.2 107.9 110.8 114.7 118.9 123.8 132.5 137.6 145.3 152.5 160.3 170.7 179.2 186.3 193.3 195.9 198 201 198.2 194.6 186.9 179.3 172.1 165.8 159.4 154 150.6 150.6 148.8 150.5 154.5 155.4 156.2 156.4 158.5 158.5 159.2 160 159.6 156.8 148.9 141.3 134.3 127.6 119.8 117 111.8 108 100.6 94.3 85.3 76.9 67.7 64.4 61.8 57 51.3 46.5 42.4 36.9 31.7 24.7 18.1 12.5 10.4 10.5 8.7 7.7 6.9 6.6 6.4 6.7 8.5
116.4 118.3 116.3 115.1 114.1 114.3 112.1 108.2 105.6 107.9 107.8 107.8 110.3 112.8 116.7 119.7 124.7 131.1 138.9 146.6 154.6 161.1 171.9 180.7 188 193.1 195 196.1 195.5 191.7 184 175.9 168.5 161.3 155 149.8 145.1 142 140.7 140.1 141.5 142.9 144.4 147.8 149.4 150.9 151.9 153.9 154.2 153.3 150.8 145.1 140.8 131.9 127.5 118.7 115.8 111.4 108 101.8 96.2 88.2 80.2 72.3 64.7 61 58.2 52.7 46.9 42.2 38.4 32.9 28.5 23.2 17.4 12.3 8.9 9.2 7.5 6.6 6.3 6.1 6.2 6.8
121.1 120.4 118.1 116.6 116.4 116.5 116.3 114 111.3 108.3 108.2 109.6 112.3 114.5 117.9 120.9 125.5 131.5 140.8 151 156.6 162.2 175.5 182.9 187.7 193.4 195.1 195.1 190.9 183.9 175.3 167.8 159.5 152.1 145.7 141 135.9 134.4 133.9 133.3 133.4 134.9 138.4 139.5 141.5 143 143.4 144.8 145.6 143.8 141.3 138.8 135.1 130.1 127.4 119.8 114.2 111.3 106.9 102.4 96.8 89.6 83.1 76 67.9 60.5 57 54.2 48.4 42.7 38.5 34.5 28.8 24.8 19.5 15.4 11 8 7 6.5 6.1 5.9 5.8 6.1
129.8 128.4 124 119.5 119.8 118.6 118.9 117.4 116.4 113.7 110.4 110.9 113.1 117.1 119.5 122.4 126.2 131.8 143.5 153.5 161 170.1 176.5 183.2 187.9 193.4 194.4 194.3 187.6 177.6 168.8 159.8 151.2 145.2 139 133.7 130.2 128.2 127.8 127.8 127.6 127.6 129 129.7 131.9 132.2 132.6 133 133.1 132.6 131.5 129.7 128.9 127.1 123.1 115.2 112.1 110 105.7 100.7 95.6 90.2 84.1 78.2 70.5 62.3 57.4 54.3 50.1 44.6 39.4 34.8 29.9 26 23 18.3 12.7 9.4 7.8 6.6 6.1 5.9 5.7 5.5
135 135.3 134 128.6 126.6 121.7 120.9 120.7 118.6 118 115.9 113.2 115.1 117.8 121.2 124.3 129 134.8 143.1 154.1 163.4 171.1 177.5 184.2 188.5 193.4 195 192.6 183.3 171.2 162.4 152.8 144.4 138.5 133.7 128.5 126.4 123.9 124.4 121.3 120.7 121.2 120.6 121.5 121.1 121.1 121.5 121.4 121.5 123 122.8 122.3 121.5 119.8 117.3 110.9 108.9 106.4 102 97.8 93.5 88 83.6 77.7 71.1 63.7 57.6 53.3 50.5 46 40.5 35.1 31.7 27.1 23 18.9 13.7 10.3 8 7.3 6.5 5.9 5.7 5.5
144.5 145.1 142.5 142.1 133.2 129.1 123 122.3 122.3 120.4 120.1 119.3 119.2 122.8 124.6 127.8 133.8 139.1 144.9 153.8 159.7 169.7 177.5 185.1 190.1 193.5 193.1 189.6 179.8 166.5 155.7 144.7 137.3 132.1 128 124.5 122.3 120.9 120.2 118.4 116.7 115 114.3 114 112 112.3 112 111.5 112.5 113.6 114 114.1 113.2 111.3 108.9 107.7 105.7 101.7 97.8 93.1 90.3 86 81.3 75.9 69.4 62.4 55.7 51.8 49.3 45.1 40.7 36 31.4 26.6 22.6 18 13.6 10.2 8.5 7.7 6.8 6.2 5.9 5.7
155.3 153.1 149.9 149.4 144.3 137.3 127.7 124.7 124.8 123.4 123.6 125 123.8 126.5 128.9 132.9 136.6 141.5 146.2 154.9 159.2 165.2 175.9 183.2 189.2 190.6 191.7 187.3 175.3 162.1 150.5 140.2 132.1 126.6 122.3 119.5 118 117 116.2 113.7 112.6 111.3 109.3 108.2 107.7 107.2 106.5 106.2 105.6 105.7 105.3 105.8 106 105.4 104.6 103.2 100.8 98.4 94.2 90.2 86.9 83.4 77.9 72.6 66.9 60 53.5 49.7 46.6 43.9 38.9 35.9 30.7 26.2 21.7 17.1 12.7 9.1 7.7 7.4 6.7 6.6 6.4 7.6
160.9 159.2 155 154.1 154 146.5 137.6 129.2 127.3 127.8 126.6 128 128.9 130.8 133.8 136.7 140.8 144.9 147.8 153.4 159.4 165.2 173.4 181.2 185.5 188.8 189.4 183.4 171.1 158.3 145.8 135.2 127.9 122.1 119.2 116.4 113.5 111.9 109 107.6 107.7 106.5 104.3 104 103.1 102.6 102.2 102.4 102.2 101.3 100.6 101 101.1 100.3 99.7 97.8 95 92.4 89.9 86.2 82.3 78.4 73.4 69 63.3 56.2 51.5 48.1 44.1 40.1 37 33.4 30.3 26.7 22.2 17.6 13.4 10 7.8 7.3 7.2 7.3 7.3 8.1
169.3 168.3 166.2 160.1 157.1 154.4 147.3 134.8 131.4 131.6 131.1 130.8 132.4 134.8 137.6 141.4 144.8 149 151.7 155.3 159.9 165.3 172.1 180.5 185.1 187.3 185.3 178.2 164.8 152.8 140.6 132.1 124.7 118.9 115.4 111.7 109 106.7 103.9 104.3 102.2 101.3 100.3 99.9 99.1 98.9 98.2 98 97 96.1 95.3 95.2 95.2 94.9 94.1 93 90 87.3 85.5 82 78.2 73.3 69.1 64.6 58.9 53.1 49.8 46.4 42.5 38.2 34 31 28.4 26.9 22.7 18.3 13.9 10.5 8.4 7.7 7.8 8.2 8.2 9.9
176.6 175.3 174.6 167.8 160.6 159.2 155.7 146.1 134.6 135.1 137.8 135.9 139.3 141.2 141.4 143.2 147.1 151.6 154 158.2 161.4 165.1 170.3 180.6 184.6 184.8 179.8 167.6 157.1 146 137 129.4 121.8 116 111 107 104.5 101.7 100.9 99.2 96.7 96.7 96.3 95 94.2 92.7 91.4 90.8 89.8 89.7 90.9 90.8 90.2 90 88.8 87.3 85 82.1 79.7 76.2 71.8 68.3 64.2 60 55 50.5 47.5 43.9 40.2 36.6 32.5 29.1 25.8 23.4 20.9 17.6 13.8 10.7 9.1 8.6 8 9.1 8.4 10.2
179.4 177.8 176 174.5 168.8 163.4 160.1 155.4 145 137.8 139.8 142 141.9 144.1 146.8 147.8 149.7 153.7 157 159.6 162.3 166 170.3 175.9 180.3 179.6 173.5 161.1 150.2 139.9 133 126.4 119.3 113.6 107.9 102.6 99.9 97.6 96.6 93.8 92.9 93 91.9 90.3 89.6 88.1 86.3 86.5 85.4 86.5 86.7 87 86.7 85.2 84.5 82.9 80.6 76.9 73.3 70.5 66.8 63.5 59.2 54.8 50.8 47.5 44.3 40.6 36.8 33.2 30.5 27.6 24.5 21.5 19.4 17.3 13.7 10.6 10.1 9.5 8.8 8.5 8.2 8.3
181.4 181 179.8 178.2 173.9 168.2 164.9 160.8 156.2 147.3 143 144.5 144.9 145.8 148.2 151.3 153.2 156.4 158.7 161.6 164.1 166.3 170.2 174.2 177.1 172.9 162.6 151.7 142.6 135 129.6 123.1 116.9 110.9 104.8 100.1 96.5 94.4 92.9 90.5 89.3 89.1 86.9 87.2 86 84.3 82 81.7 80.5 81 81 81.6 81.3 80.5 79 77.5 75.3 71.8 68.3 65 61.8 57.4 53.5 50.7 47.3 44.3 40.9 37.1 33.3 30.8 28.4 26.2 23.2 20.2 18.6 16.8 13.4 10.8 10.6 10.1 9.4 8.8 8.4 8.1
186.3 186.8 185.5 181.9 180 171.7 165.3 162.3 160.8 156.4 153.1 148.2 149 150.9 150.2 152.3 155 158.1 160.9 163.5 164.9 167.9 168.5 170.7 168.9 162.2 153.1 143.4 136 130.4 124.6 120 113 107.9 102.8 98.3 94.5 91.2 89 88 86.8 86.2 84.3 82.2 81 79.8 78.8 77.2 75.4 75 74.4 74.4 73.8 73.4 73.2 71.4 69.3 66.6 63.2 59.6 55.3 51.9 48.9 46.2 43.3 40.6 37.4 34 31.5 29 26.4 24.5 21.8 19.1 16.4 14.8 12.9 11.3 10.7 10 9 8.7 8.4 7.1
191.5 190.8 189.7 189.8 182.3 177.3 169.1 162.9 162 161.9 162.7 159 154.6 154.8 155.5 153.4 156.1 158.9 162.4 163.7 164.5 163.2 163.8 163.8 159.9 151.5 143.3 136.2 129.8 124.9 120.3 114.6 109.3 104.9 100.7 96.4 92.7 88.9 86.2 84.2 84 82.1 81.3 79.6 79.4 77.8 76.2 74.3 71.9 69.9 68.7 67.8 67.3 66.6 66 65.1 63.3 60.9 58 53.7 51.5 48.2 44.7 41.7 39 36.6 33.7 31.6 28.8 26.8 24.7 23 20.7 18 15.3 14.2 13.3 11.8 12.3 11.6 9.7 6.9 9.4 4.7
193.2 192.3 191.7 192.2 188.4 178.6 169.9 163.2 163.3 165.1 166.1 167.9 163.1 158.9 157.4 159.3 157 159.8 162.4 159.9 157.7 157.9 158.6 154.9 148.4 140.8 133.8 128.4 123.7 119.4 115.7 110.4 106.5 103 99 94.6 90.7 86.8 83.8 81.2 79.5 78.4 77.6 76.3 74.8 73.4 72 70 67.8 65.3 63.7 62.7 61 59.8 58.9 57.9 56.3 54.2 52 50.3 48.5 45 41.5 37.6 34.9 32.1 30.5 27.8 26.5 25.5 23.9 21.9 19.9 17.4 14.7 13.7 12.8 11.6 14.4 13.4 10.6 7.9 3.8 -1.1
190.9 194.1 195.5 193.4 186.3 177.5 171.6 166.7 164.9 166.7 167 168.8 171.1 167.5 163.7 161.7 160.8 157.9 157.6 154.7 152.6 151.1 147.8 143.6 138.5 132.3 125.6 122.4 117.6 114.2 110.4 105.7 102.5 99.3 94.5 91.1 87.7 83.6 80.8 78.2 75.4 73.8 72.6 71.6 70 68.4 66.3 63.4 61.7 60.2 58.3 56.8 54.5 53.3 52.1 50.9 50 49 47.7 46.8 45.8 42.5 38.9 35 31.9 29.7 28.1 26.5 24.9 23.6 22.8 21.5 18.5 15.7 14.9 15 13.6 15.3 15.8 14 10.2 6.8 4.8 0.3
191.4 195.1 196.9 190.6 181.4 172.3 169.7 168.4 166.6 167.1 168.4 171.1 173.8 175.7 172.4 166.2 160.1 155.8 151.7 147.8 143.8 138.7 135.7 132.2 128.5 122.9 118.5 114.6 111.9 107.9 103.7 101.3 97.6 94 91 86.8 83.5 79.7 76.4 73.6 70.8 69 67.2 66.2 65 63.6 60.8 57.8 56.8 56 54.4 52.2 50.6 50.2 48.2 47.8 46.9 46.3 43.6 42.2 40.8 39 37.7 35.1 32 29.2 26.7 25.3 24.2 22.5 20.3 18.6 16.7 15.9 15.7 15.8 17.4 17.1 15.9 14.2 10.5 7.8 1.6 -1.1
193.4 196.1 195.9 187.6 178.8 170.8 169.6 169.8 168.5 168.3 170.8 172.5 174.9 177 176.7 168.6 160 152.6 145.4 139.3 132.9 129.1 125.5 122.4 119.2 115.2 112 110.1 107.6 103.5 99.9 96.9 93.5 89.2 86.1 82.2 78.5 75.3 72.2 69.5 66.6 64.9 63.2 61.7 60.3 58.6 57.2 55.6 54.7 53.3 52.1 49.7 48 46.6 44.9 44.8 44.3 43.6 42.7 39.2 38.4 36.5 35.6 34.4 32.7 30.1 27.4 24.5 23.4 21.3 19.6 18.4 17.7 18.4 18.9 20.3 20.2 19.4 18.1 16 13.3 10.1 6.5 -1.1
190.1 196.3 197.4 188.2 179.7 173.5 171 168.8 168.8 169.2 171.3 172.6 174.8 177.1 173.7 168.4 158.7 149.3 141.6 133.9 126.5 120.2 118.3 115.9 112.7 109.3 107.2 105.5 103.1 98.6 95.2 92.5 88.7 84 80.4 76.8 73.9 70.8 68.4 66.1 64.9 63.5 61.8 60.2 59.2 58.3 56.8 53.5 50.5 49.2 48.1 48 46.3 45.6 44 42.6 42.2 42.2 40.6 39 35.7 35.1 32.9 32.1 31.3 30.2 28.5 26.2 22.8 21.2 19.9 19.1 18.9 19.6 21 21.8 21.6 21 19.7 18.5 15.4 11.2 7 0.7
191.7 196.4 198 189.3 179.4 171.3 170 169 169.4 171 171.8 173.5 174.9 175.6 172.5 170.6 160.9 150.1 140.2 130.2 120.9 114.6 111.8 109.1 106.1 103.8 101.8 100.2 96.5 93.6 90.7 87.3 83.3 79.2 76.6 74.6 71.7 69.3 66.4 64.9 63.1 62.2 60.5 58.8 56.1 55 53.3 53.6 53.8 53.5 52.4 51.6 50.2 49.4 47.6 42.8 41.5 41.1 39.6 37.2 35.8 34.8 30.8 31.1 30.1 28.7 26.7 25 22.9 21.8 21.3 20.4 20.8 21.9 23.9 23.7 23.3 22.7 22.4 21 16.3 11.2 7.5 3.9
190.1 195.2 197.2 190.4 179.7 172.2 170.4 169.9 170 172 171.9 172.3 174.6 173.6 172.6 170.2 163.1 152.1 141.9 130.7 120.8 112.2 105.7 102.8 100.6 99.4 97.3 93.7 90.7 88 85.3 80.8 78 76.5 74.7 72.7 70.1 68.8 66.4 64.8 63.4 62 60.3 59.4 56.6 57.5 56.9 56.5 55.8 55.2 54.6 52.8 51.8 49.9 47.5 45.6 45.5 42.7 41.8 39.2 37.5 36.8 33.2 30.5 29.2 28.3 26.7 24.2 24.5 22.9 22.6 22.1 23.5 24.3 25.8 25.3 24.8 24.2 23.4 21.2 17.1 13.4 11.3 8.8
190.1 194.9 196.1 189.7 180.8 171.9 171.4 169.6 170.2 170.4 169.3 170.3 171.6 173.6 171.8 170.3 164.5 154.3 142.6 131.2 120.8 111.4 103.9 100 97.1 94.8 92.6 89.7 86.5 83.7 81.7 78.5 75.1 74.2 73 70.2 68.5 67.5 65.4 64.9 63.9 62.9 61.2 58.7 59.2 58.7 58 57.3 56.6 55.5 54.6 53.5 52.4 51 50.4 48.3 46.8 44.5 43.1 41.3 39.6 38.3 36.4 33.8 31.6 29.7 28.4 26.3 25.7 24.1 23.9 24.4 25.2 26.3 27.2 26.2 26.1 26.3 23.8 22.1 20.4 16.8 14.2 10.5
193.3 193.4 193.6 188 179.5 172.6 170 167.8 167.3 167.5 166.8 167.4 169 170.9 169.3 169.1 163.6 153.1 142.6 131.9 121.4 110.8 103.9 98.6 95.7 92.4 88.5 86.6 83.6 81.5 78.5 76.6 74.2 73.2 69.3 69.2 68.5 69.2 66.6 64.8 64.2 63 63.1 61.6 60.5 59.8 58.9 58 57.1 56.2 55.2 54.7 53.9 53 52.1 50.7 49.1 46.6 44.3 42.9 41.2 40.3 38 35.9 34.7 32.2 30.5 28.8 26.8 24.9 25.1 25.7 26.8 28 28.6 28.5 27.6 26 24.8 24.8 23.4 19.2 15.5 11.5
189.5 191.5 188.4 183.5 176.1 170.9 166.7 164.4 163 163.7 162.5 162.9 165 167.2 167.9 165.5 157.7 148.8 139.3 129.4 119 109.7 102.7 96.2 92.9 90.7 86.3 84 82.1 80 77.2 75.1 72.8 72.1 72.6 71.8 71.3 71.5 69.2 68.6 68.7 67.5 65.7 63.8 62.3 61.2 60.7 60.3 59 57 56.1 55.4 55 54.4 52.7 52.3 50.6 49.1 46.2 44.8 42.4 40.9 38.6 36.7 35.6 34.5 32.1 30.2 28 26.5 25.7 26.5 27.7 29.4 29.8 29.4 28.6 26.7 25.9 27.9 25.7 21 16.5 12.9
185.5 185.5 182.8 177 171.6 165.2 158.4 153.3 154.3 156.4 158.2 160.4 162.6 163.1 161.6 156.4 148.8 141.8 132.5 122.9 114 105.4 98.6 93.9 91.1 88.4 85 82.6 80.9 78.9 76.4 74 74.8 74.2 73.8 73.2 72.2 71.9 70.9 70.5 70.4 70.2 69 67.8 66.2 64.6 64 62.9 61.3 59.1 57.1 56.1 55.6 55.1 53.6 52.4 51.1 50.6 49.2 47 44.6 41.9 39.8 37.4 36.1 34.9 32.9 31.5 29.5 27.6 27.1 28.2 29 29.8 29.6 29.3 28.8 27.5 27.5 28.7 25.6 22.1 17.6 14.9
181.2 181.1 179.1 174.2 167.1 159.1 152 150.6 151.9 153.3 154.9 156.9 157.9 155.7 152.1 145.9 138.4 131.3 123.1 114.7 107.5 101 96.4 92.2 89.3 87.2 84.4 81.9 80 77.5 77.1 76.8 76.6 75.5 75.1 75 74.3 74.1 73 71.6 71.2 71.5 70.8 69.9 68.9 67.7 66.6 65.4 63.6 61.2 59.2 57.3 56.2 55.7 55 54.1 52.9 52 51 49.2 46.4 43.5 41.2 38.7 37.4 36.3 34.5 32.5 30.6 28.6 27.8 28.5 29.2 29.4 28.9 28.2 27.3 28.3 27.9 28 24.9 21.8 20 16.7
175.2 175.9 173.9 167.7 160.4 153.4 148.1 147.6 147.5 149.1 151.4 152.1 149.4 145.6 139.9 134.9 128.7 120.9 114.6 107.5 103.4 98.2 94.2 91.1 87.7 85.7 84.1 81.6 79.2 79.3 80.4 80.1 79.4 79.3 77.2 78.3 77.9 76.4 75.4 73.8 73.3 73.9 72.9 72.1 71 69.8 68.7 67.8 65.9 63.4 61.5 59.8 58 56.8 55.9 55.6 54.2 53.1 52.2 51 48.6 46 42.9 39.4 37.2 35.3 34.5 33.4 30.7 29.6 29 28.4 29.9 28.7 28.1 27.9 28 28.1 28.3 28.1 25 23.3 21.5 18.2
