UK/data/nt/nt53_OST50GRID_20230518/NT53.asc
ncols 200
nrows 200
xllcorner 350000
yllcorner 630000
cellsize 50
[rows 108 to 143 of 200, columns 82 to 163 of 200]
85.5 85.5 85.5 85 84.3 82.3 82.8 81.6 82 84.5 84.1 84.2 84.1 83.6 84.7 84.5 84.4 84 84 85.1 84.3 83.7 83.4 83.4 83.3 83.1 83.1 83.1 82.9 82.8 82.6 82.7 81.8 81.1 81.1 85.2 83 82.6 82.6 82.6 82.3 81.6 80.3 80.4 78.3 81 80.6 79.9 80.6 80.3 80.2 77.6 77.7 99.7 105.3 109.1 115.9 116.7 116.4 116.1 116.6 114 112.2 107.8 106.1 101.9 100.2 97.2 92.3 85.8 79.5 77.5 75.4 76.7 75.3 85.2 98.5 105.3 108.8 112.3 117.1 122.2
85.4 84.9 85.5 84.7 82.7 82.5 84.5 85.2 85.2 85.3 84.9 84.3 84.1 84.1 83.8 83.9 84 83.2 83.7 83.5 82.4 83.7 83.3 83.2 83.1 83.1 83.1 83.1 82.8 82.5 82.4 82.6 82.4 82.1 81.2 84.3 84.9 84.2 83.1 81.8 81.2 80.8 79.9 80.6 78.7 78.3 80.7 80.1 79.5 80.4 78.2 77.8 94.4 111.5 117.7 120.4 121.5 122.3 121.9 120.6 119 116.9 114.7 112.7 110.6 109 108.2 105.2 99.4 93 88.5 80 78.6 75.4 76.3 84.6 96.6 103.4 106.8 111 115.1 122.3
83.6 83.5 83.5 83.5 83.2 87.3 86.4 85.7 85.6 85.3 85.2 84.6 84.3 84.2 84.3 84.4 84.1 83.3 83.2 83.6 83.5 83.3 83.3 83.3 83.3 83.1 83.1 83.1 82.8 82.5 82.3 82.3 82.4 82.1 80.8 81.6 82.3 82.1 81.7 81.6 81.6 80.4 80.3 80.9 81.4 78.4 78.3 79.9 79 78.3 78 89.9 115.8 118 119.7 120.9 121.5 122.9 123.2 122.6 121.3 119.8 117.8 115.6 114 112.7 111.7 109.7 104 95 93.9 81.2 79.8 77.6 75.2 77.8 89.1 96.7 104.5 109 110.6 119.8
95.8 93.3 95.8 98.6 96.3 95.1 90.1 86.4 86 85 85.5 84.9 84.4 84.4 84.6 84.2 84 83.4 83.4 83.5 83.5 83.5 84.1 83.7 83.3 83.1 83.1 83 82.6 82.3 82.2 82.3 82.2 82.2 80.6 81.3 81.7 81.8 81.8 81.5 81.3 80.7 81.1 81 81 80.8 78.3 78.3 78.3 79.2 103.3 113.6 115.5 117.3 119.3 120.6 121.4 122.5 123.4 123.4 122.6 121.6 120.5 118.6 116.5 114.2 113.2 111.7 109.1 100.7 93.8 82.8 81.2 79.9 77.3 75 78.5 90.8 102.1 105.9 110.6 117.7
98.2 98.4 98.8 98.3 95.6 93.6 88.8 87.2 86.6 86.3 85.3 84.9 84.6 84.6 84.4 83.7 83.9 84 83.3 83.3 83.3 83.7 84 83.7 83.3 83.1 83 82.8 82.5 82.1 82.2 82.3 82.3 82 80.7 80.7 81 81.2 81.5 81.2 80.9 80.8 88.5 88.3 89.4 96.1 106.3 108.6 110.6 111 112 113.2 114.4 116.3 118.3 119.2 120.5 122.1 123.4 124.7 124.6 123.8 122.6 120.9 118.9 113.1 114.6 113.1 110.4 106.2 98.1 91.3 81.1 80.3 78 75.2 75 79.3 94.3 102.5 108.7 115.4
97.3 97 96.9 96 94.1 90 84.8 85.9 85.8 86.2 86.3 85.8 85.7 85.3 84.9 84 83.5 83.6 83.3 83.2 83.1 83.8 83.7 83.6 83.3 83.1 82.9 82.6 82.3 82 82.1 82.3 82.3 81.9 81.4 80.9 80.7 80.7 81 80.8 80.5 80.7 90.5 93.5 99.1 105.1 109.5 109.4 110.1 110.3 110.7 112.1 113.5 115.4 117.3 119.5 121 122.7 124.1 125.7 126.1 125.8 124.6 123 121.4 119.4 117.5 115.7 112.8 108.6 105 93.4 90.2 80.5 79 77.4 74.9 75.2 82.1 94.7 105.3 112
96.8 94.8 95 93.8 89.4 85.2 85.2 85 85.3 86.1 86.2 86.3 86.8 86.1 85 84.8 83.7 82.7 83.1 83.2 83.1 83.3 83.3 83.2 83.1 83 82.8 82.5 82.2 82 81.8 81.9 81.9 81.5 81.5 81.3 81.1 80.9 80.6 80.8 81 86.4 89.2 95.4 100.6 103.5 105.5 107.5 108.9 108 108.8 110.4 111.7 114.1 116 118.5 120 122.5 123.5 124.5 126.4 126.4 126.9 125.6 124.6 123.4 119.7 118.7 114.9 110.3 109.9 102.4 96 97.8 88.8 84.4 77.4 74.4 75.7 82.8 97.2 107.7
97 96.1 95.8 95.6 88.5 86 85.4 85.4 85.3 85.9 86.2 86.2 86.3 86.9 87.1 86.4 85.8 84.6 83.8 82.4 83.2 83 82.9 82.8 83 82.7 82.7 82.6 82.5 82.5 82.5 82.2 82.2 82.4 82.2 82.2 82 84 87 87.4 90.4 90.6 90.5 93.2 96.1 101.3 101.6 104.3 105.5 105.6 106 108.3 108.8 110.3 113 115.7 117.3 118.1 119.2 121.2 124 126.1 127.2 127.1 126.6 125.5 113.4 120.4 117.4 112.2 111.6 107.4 95.4 97.3 95.4 95.2 96.9 77.1 74.3 77.5 81.9 98.1
101.4 98.3 97.6 98.2 89.9 85.9 85.4 85.5 85.5 85.5 85.8 86.3 86.5 87.6 87.8 86.1 86.5 85.1 84.3 83.9 84.7 86.4 84.6 84.4 84.7 84.9 86.5 84.3 82.8 82.8 82.7 85.7 89.3 89.2 90.6 91 90.3 91.4 88.7 91.2 94.5 93.7 94.3 95 98.1 100.6 100.8 104.1 105.2 104.1 104.8 108 109.1 107.8 111 114 117.1 116.6 116.4 116.6 118.9 120.7 121.6 122.5 122.8 122.7 117.2 119.9 117.5 112.1 108.7 106.7 96 97 94.7 95.4 96.4 95.8 77.6 74 76.8 81.2
101.4 99 97.5 94 89 85.7 85.3 85.5 85.9 85.6 86.2 86.3 87.5 88.7 87.9 88 87.4 86.7 85.6 86.2 91.8 91.7 94.5 98 101.7 105.2 104.8 103.5 102 102.7 101.5 102.4 100.5 98.2 96.9 95.3 95.9 97.7 93.7 99.9 100.9 100.4 99.3 101.1 103.3 106 108.3 108.4 106.4 108.5 109.1 107.5 110.1 111.4 115.7 116.9 117.7 113.2 112.5 113.3 113.5 115.2 115.8 115.3 115.8 115.5 114.9 113.5 111.4 108 105.3 104.5 101.3 96.9 95 94.8 96.3 96.4 91.9 82.3 73.9 75.8
101.3 98.5 96 92.7 87 86.1 85.4 85.7 85.8 85.8 86.1 87.2 90.8 92 90.6 88.2 88 88.1 91.4 94.5 98.9 100.2 102.9 107.9 111.6 112.3 113.7 108 108.2 109.7 110.9 112.1 111.5 108.5 108.1 107.7 107.1 106.5 106.4 106.9 107.8 108.4 105.4 109.6 111.6 111.7 109.9 108.6 109.6 115.2 115.6 112.6 113.8 115.2 118.2 120.7 120.2 119.3 117.8 116.4 114.2 110.6 110.9 111.1 109.7 108.2 107 110.1 106 103.7 101.5 101.5 99.7 97.3 95.8 95.3 94.6 93.8 86.6 81.6 78.2 73.9
99.6 98 95.9 90.8 87.1 86.5 85.7 85.7 85.7 85.9 87.3 89.7 92.6 94.1 91.7 91 91.6 94.7 98.2 99.6 103.7 108.1 111 110.2 109.3 115.2 114.7 115.3 116.1 115 115.4 116.8 116.2 114.1 112 111.5 111.4 110.9 101.7 109.9 110.7 110.6 112.5 115.4 117.5 121.7 121.3 121.1 123.3 122.7 122 120 119.2 120.3 123.2 124.4 124 123.4 122 120.4 117.6 114.5 111.9 109.1 109.4 108.3 106.7 110 102.7 101.1 98.5 99.5 99.9 97.5 95.6 93.1 89.8 95.4 95.1 94.8 95.4 88.4
98.1 96.3 92.7 91.9 88.8 88.4 86.7 86 86.1 86.1 90.2 91.1 91.8 94.3 92.8 94.5 96.8 97.1 99.6 101.5 105.3 105.6 108.5 110 111.2 112.7 114.2 115.7 117.8 117.9 120.3 121 120.9 120.3 117.7 117.1 117.6 116 103.1 115.6 118.1 120 121.4 122.3 124.2 127.2 129 129.6 131 130.4 130.1 128.5 127.1 127.5 129.4 129.7 128.5 127.6 126.1 124 121.5 118.2 114.6 111.9 109.7 107.5 105.5 103.7 100.9 99.2 98.5 98.7 97.7 97.3 94.5 95.4 96.1 98.6 101.5 102.9 104.3 102
101.2 101.4 100.8 101 99.8 97.3 96.7 94.6 94.9 92.9 95.3 99.3 97.4 95.6 95.8 96.6 100.1 100.7 100.1 100.6 106.7 109.7 109.2 109.5 110.9 113.1 116.6 118.2 119.5 119.3 119.7 120.5 121.6 121.3 121.4 120.9 120.3 119.3 110.8 117 121.3 123.9 126.4 128.5 130.7 132.8 135.4 136.5 137.8 138.2 138.8 137.7 135.4 135.1 136.2 134 133.1 131.7 129.1 126.2 122.9 119.2 115.3 112.5 110.1 108 106.3 104 103.8 98 97.8 96.4 96.1 94.3 96.9 97.2 97 100.7 104.7 110.1 113.1 109.9
104.2 106.7 109.5 109.2 108.8 105.3 102 101.2 100.8 103.4 103.9 104.2 102.6 102.5 103.3 104 104.4 111.8 113 111.4 109.9 111.8 112 113 113.7 113.9 114.6 115.2 115.6 116.3 118.5 119.1 120.5 121.7 122.9 122.8 122.1 121 114.4 119.2 124.4 127.8 131.3 133.6 135.6 136.8 139.3 140.6 141.2 141.2 141.1 140.4 140.1 139 137.7 136.1 134.2 132.5 129.4 125.8 123.1 119.6 116.5 113.9 112 110 107.3 105.5 107.8 101.8 96.6 96.2 95.4 95.9 97 97.4 97.7 101.5 107.8 115.8 122 118.7
114.4 119.9 125.6 124.9 122.7 117.1 114.3 113.7 113.6 110.7 110.8 110.3 108.8 102 110.8 121 122.4 126.7 129.3 129.2 124.3 123.4 121.7 120.4 121.7 120.8 119.5 119.1 118.3 117.7 118.1 119 121.6 123.6 124.4 125 125.5 122.9 118.2 124.8 125.5 130 134 136.3 138.4 139.7 140.5 140.9 141.4 141.4 141.4 140.8 140.7 140.7 139.6 138 135.6 133.7 131.4 128.1 124.6 121.6 118.6 115.8 113.2 109.6 107.5 105.5 103.2 107.4 98.4 101.5 96.2 96.9 99.4 97.4 99.9 105.8 111.6 118.9 127.4 131.4
129.8 132.9 155.1 149.9 139.6 134.4 129.9 125.9 124.1 121.6 118.8 117.3 110.2 117 132.7 138.8 138.7 138.5 139.5 137.3 134.8 132.9 131.9 130.1 130 128.9 126.7 125.4 123 122.1 120.8 121.9 123.4 126 128.2 128.4 127.7 127.4 127.4 129.9 126.6 127 132.7 135 136.8 138.8 140 140.9 141.6 141.6 141.6 141.6 142.9 142.6 141.8 141.1 139.2 138 135.7 132.7 128.6 123.9 119 115 111.3 107.8 105.7 103.9 101.3 98.7 108.1 96.9 97.6 101.8 101.8 99.3 103.4 109 113.2 118.6 124.4 127.4
159.4 163.2 162.5 159.6 153.4 147.4 139.9 135.3 135.7 132.1 127.2 119.1 117.7 133.4 139.6 142.7 143.4 145.2 146.7 145.9 148.2 147.5 148.2 147.6 145.2 142.2 140.7 135.7 132.7 127.9 124.8 125.1 126.6 129.7 132.2 132.7 132.1 131 128.9 134.3 133.6 136.4 137.9 136.2 136.6 138.6 139.9 141.6 143.7 143.7 144.4 145 145.8 146.9 146.2 144.8 143.7 141.9 139.1 135.1 129 122.3 116.5 111.6 107.3 103.8 102.2 100.8 99.7 99.7 99.3 108.4 97.7 98.1 102.9 101.9 106.8 110.7 114.3 118.9 121.7 123.4
162.7 163 162 160.3 155.3 151.3 147.7 143.3 138.3 134.7 128 125.8 132.4 145 151.3 152.1 154.7 156.3 157.2 159.6 162.1 162.8 165.1 165 162.8 160.7 158.1 153.7 146.1 139 132 130.7 131.2 132.7 134.8 135.8 135.2 134.7 136.2 140.4 142.6 141.7 140.4 140.8 141 142.1 142.9 144.2 146.1 147.3 148.3 149.6 150.7 151.7 150.9 148.5 145.4 142.1 137.9 132.6 126.5 119.7 113.9 108.4 104.2 102.2 101.2 100.3 99.4 99.9 99.8 98.6 108.6 101.2 105 105 110 113.8 118.2 121 121.9 121.5
159 161 160.1 157.7 153 149 144.4 141.4 134.2 130.2 128.2 133.3 143.4 152.6 157.3 161.2 164.7 166.8 169.2 171.5 172.9 174 174.9 175.6 175.3 174 171.2 166.3 159.2 152.2 143.4 138.7 140.5 140.1 140.3 141 139.1 139.5 141 144.3 145.2 144.7 144.9 145.5 146.5 145.7 146.6 147.8 150 151.3 152.6 153.8 155.1 155.2 153.4 149.8 145.6 141 135.7 130.3 124 117.3 111.4 106.3 103.8 102.6 101.5 100 99.1 99.2 99.8 100.9 101.5 103.4 105.7 107.8 112.9 117.3 121.8 122.6 122.4 123
158 159.1 157.5 152.4 149.9 144.4 141.9 135.3 128.2 130 133.9 138.4 145.6 154.4 161.5 168.6 172 174.2 177 178.9 179.7 180.6 181.4 182.8 184.1 183.9 182.6 178.9 174.8 167.6 160 154.2 154.4 152.2 149.3 147.7 145.4 144.9 146.4 147.8 148.5 148.7 149.4 149.7 150.3 149.8 149.6 152.6 154.6 155.2 155.7 155.5 156.1 155.7 152.9 149.1 144.5 139.7 134.1 128 121.7 115.6 110.3 106.1 104.6 103.9 101.9 102.4 102.2 102.6 103 104.6 104.6 108 108 110.9 118.3 123.8 124.9 123.1 125.1 126.9
153.6 154.1 152.4 148.7 145.4 140.7 136.6 131.7 132.2 135 140.1 144.5 150.1 159.2 166.4 172.8 177.2 180.5 183.3 184.2 184.9 185.8 187 188.7 190.8 191.6 190.8 188.1 183.8 177.4 174.2 166.5 167.1 164.7 161.5 158.6 157.3 155.5 154.8 152.2 152.7 153.9 154.3 153.9 153.7 152.9 152.9 156.7 160.4 159.3 158.1 157 156.3 155.3 151.9 147.8 142.3 136.2 129.9 124.2 118.7 113.7 109.8 107.2 106.4 106.6 107.6 108.4 109.4 108.8 108.2 107.6 107.9 109.6 112.2 117.4 124.1 124.3 122.6 123.3 126.2 127.9
147.7 146.8 149 145.1 138.7 136.1 133.7 136.5 138.1 140.1 147.4 151.4 156.8 164 170.6 176.7 178.7 185 187.6 188.9 190 191.2 193.1 196.8 198.6 198.7 199.4 197.6 194.7 189.1 185.3 181.3 178.6 175.7 173.2 172.6 170.5 168.1 165.9 161.8 161 160.4 159.9 157.4 156.3 156.3 158.3 164.9 167.5 164.3 160.4 159.1 156.3 152.8 148.2 142.4 135.8 129.3 123.6 119.4 116.1 112.6 109.7 107.7 110.2 113.5 114.7 115.2 115.4 114.7 114 112.7 111 112.8 114 119.2 119.6 120 121.1 122 122.4 121.9
143.5 144.2 140.7 139.1 136.6 135.9 136 141 145.5 149.2 151.9 157.2 162.2 167 172.9 179 183.4 186.7 189.8 192.1 194.7 197.9 203.1 206.4 207.6 207.3 206.6 203.7 200 194.4 190.7 188 184.9 183.2 184.8 186.6 185.7 183 181 175.4 169.3 166.5 166.2 163.8 162.6 161.5 165.2 171.9 169.8 166.4 162.2 158.3 153.9 147.9 141.6 134.7 128.7 123.8 120.4 117.5 114.9 111.9 110.1 110.3 113 114.8 116.2 117.7 118.3 118.9 118.9 117.6 115.4 117.6 116.3 115.7 117.1 117.5 120 118.9 117.9 115.6
140.9 138.5 138.3 138.2 138 137.6 140.3 145.4 150 155 159.3 158.4 164.5 168.5 174.2 179.8 184.7 188.5 192 196.7 200.9 206.4 211.7 215.5 216.9 215.9 217.4 216 212 209.1 207.7 208.4 207.2 204.3 200 201.7 200.9 196.4 192.2 184.6 177.3 173.6 172.9 170.7 168.9 167.7 173.7 172.8 169.5 165.1 159.6 152.5 148.6 142.8 137.9 131.2 126.8 123.3 120 116 114.6 113.4 111.9 110.8 111 111.8 113.8 116.3 120 121.7 122.7 120.5 119 119.9 121.3 114.1 119.8 117.8 116.4 116 114 112.1
134.4 139 140.5 141.9 141.1 138.1 144.9 150 155 159.6 162.3 163.8 165.2 167.4 172.4 178.1 185 190.7 196.3 202.4 209.8 216.6 225.2 229.6 233.9 234.5 235.3 235.8 233.8 231.4 228.4 226.1 223 219.1 214.3 211.2 211.3 202.7 199 191.7 186.8 182.7 181.3 178.3 177 178.7 176.8 170.4 164.4 158.2 152.4 147.8 144 139.9 136.3 131.2 126.5 122.2 120.8 118.4 116.6 115.1 114.3 114.2 115.7 117.8 119.6 122.2 124.8 126.4 125.7 125.8 127.1 126 123.6 124.1 121.3 119.3 116.1 112.8 111.6 109.3
141.5 143.6 145.1 145.4 146.3 139.9 148.7 153.6 158.3 162.6 165.3 166.6 167.3 167.9 172.2 179.6 187.6 195.2 203.1 210.8 218.7 227.2 236.8 243.6 246.9 247.2 246.8 245.2 243 240.1 235.8 230.9 227.8 226.3 222.2 221.4 219.2 212.3 205 197.5 194.9 191.3 189.6 188 184.7 179.4 173.5 165.5 159.3 153.9 149.8 146 142.7 138.4 134.9 129.5 127.5 126.5 124.2 122.6 121.1 120.3 120.7 122.7 124.5 126.2 127.6 129.9 132.3 131.3 131.5 134.9 133.8 131.1 125.8 123.8 114.8 118.2 115.2 112 109.1 106
146.4 146.5 147.5 149.3 151.1 147.1 151.8 156.6 160.6 164.1 164.8 166.7 166.7 168.5 173.4 181.4 191.2 200.1 209.3 217.8 227.7 236.6 244.7 253.6 256.2 255.8 253 251.2 249.2 247.2 245.3 241.7 242.4 239.6 235.5 231.4 226.7 218 212.4 205.6 201.7 198.4 199.3 193.2 185.1 177.7 169.8 165.1 160 154.7 149.5 142.9 140.9 136.1 134.1 133.4 133.3 132.5 130.6 128.5 126.8 126.1 127.4 129.5 131.9 133.9 135.1 135.4 133.8 131.1 131.2 132.3 130.3 127.1 121.5 120.5 113.6 116.1 112.8 110.5 108.9 107.3
146.6 147.1 151.1 154.2 155.1 156.8 156.6 153.7 156.9 159.5 164.4 158.7 163.6 167.9 174 183 193.3 203.7 213.2 223.6 235.3 244.7 255.2 263.2 265.2 267.8 265.9 267.2 266.6 265.1 264 262.7 261.9 254.2 246.9 239 234.9 226.8 218.1 216.8 209 208.2 203 194 187 179.9 172.2 167 162.7 156.7 151 147.3 142.7 142.1 141.2 140.3 139.1 137.4 135.7 132.9 131.8 131.8 133.2 135.6 138.3 138.4 136.3 134.4 131.4 128.6 126.9 124.7 122.8 121.2 119.8 118 116.9 114.2 113.3 112.5 110.9 109.6
154.3 155.3 157.3 158.7 159.7 161 163.1 165.6 167.4 168.9 168.1 160 164.1 170.4 180.7 191.5 200 205.9 213.3 227.7 243.4 255.2 267.4 278.7 279.6 284.6 286.6 288.8 290.5 288.2 286.9 281.8 274.5 266.8 255.9 250 239.2 233.9 226 221.1 216.2 209.7 203.6 197.4 188.7 180.7 175.7 170.8 164.6 158.3 155 152.5 150.8 148.2 148.1 145.7 144.5 143.5 141 139.4 138.9 139 139.8 140.3 139.1 137.2 135.1 132.1 129.5 127.7 125.9 123.6 121.9 120.6 118.4 117.7 117.6 116.6 116.1 115.2 113.7 112.8
159.2 158.6 162.7 163.5 164.5 165.3 167.5 171.5 172.5 173.2 169.6 165.1 169.2 179.7 192.2 205 211.5 217.8 225.1 232.8 245.2 261.4 278.5 289.8 299.9 308.8 315 316.2 314.6 310.1 302 294.8 286.5 277.1 268.1 257.1 251.2 238.1 231.1 224.4 216.8 211.4 203 196.8 190.7 183.7 177.6 171.8 166 162.9 160.1 158.4 156.6 155.8 154.2 153.5 152.4 151.3 150 148.9 147.7 146 143.7 141.4 139.1 136.5 133.8 130.7 128.3 126.2 124.6 122.9 121.5 120.6 120.6 121 121 120 119.1 118 116.3 111.3
161.1 164.7 169.2 169.7 170.4 171.7 173.1 176.2 177.4 174 165.5 171.6 178.7 193.9 203.6 210.7 218.6 225 230.8 241.3 250.2 268.8 283.3 302.9 323.8 336.1 339.8 341.1 338.9 330.4 321.5 311.2 300.6 288.7 275.2 268.3 255.8 243.6 235.8 226.6 220.4 212.6 207.1 201 194.2 187 181.5 177.7 173.4 170 168 166.2 164.3 163.9 161.5 161.1 160.1 158.6 157.2 153.9 150.7 148.2 145.6 142.4 138.4 134 130.5 126.8 124.9 124.2 123.3 122.7 121.7 123.5 124.5 124.7 124.3 119.8 121 118.2 112.9 107.2
169.2 173 175.9 177.9 181.1 182.1 181.8 178.3 173.3 170.9 176.4 181.1 179.3 191.8 201.1 212 221.8 229.3 240.2 251.4 263.2 278.4 296.5 319.1 338.4 347.3 359.6 363.9 359.9 357.6 351.6 338.8 322.4 302.6 292.2 278.1 261 246.9 239.6 233.1 223.2 215.3 211.2 204.4 198.9 193.4 190.6 186.9 180.8 177.5 175.4 173.5 171.2 168.9 166.6 164.6 161.7 160.9 158.1 155.4 153 149.7 145.6 139.6 133.9 129.2 125.7 123.8 123.2 122.5 122.4 123.7 124.9 126.2 126.7 125.7 124 118.1 116.8 114.9 110.5 105.1
174.8 177.9 181.3 187 189.5 187.3 181 172.7 175.2 183 190.1 196 196.5 197.7 204.9 213.8 221.8 233.7 242.3 257.9 273.4 290.8 311.2 332.6 346.5 364.1 387.2 388.3 385.4 381.5 374.5 360.1 339.2 319.2 296.9 275.7 262.1 251.7 242.4 233 223.6 219.9 214.5 208 204.5 202.8 199.2 193.7 188.3 185 181.7 180.7 176 172.9 169.7 167.4 165.2 162.4 158.9 157.1 152.8 147.9 141.3 135.7 133.2 129.7 126.2 123.8 122.1 121.2 121.5 122.2 124 125.5 124.1 122.3 119.7 115.7 114.4 112.2 107 88.1
178.9 182.3 187.5 193.6 192.9 186.2 177.3 181.9 187.5 197.1 203 208.5 212.2 213.8 216.7 222 227.5 244.3 247.9 264.3 281.4 301.6 323.2 337.7 352.6 374.9 397.6 398.1 397.1 391.5 383.3 365.9 341 316.7 294 274.9 264.3 254.1 243.5 236.2 228.5 223.4 218 213.4 211.2 208.6 204.2 199.8 197.2 195.2 191.2 186.8 183 179.4 175.4 171.2 166.5 162.1 157.5 153.3 149.6 145.3 142.5 139.2 135.6 131.1 127.1 124.5 122.6 120.9 119.7 119.4 121.4 119.3 118.1 116.6 115.1 114.6 108.8 98.7 92.2 103.7
184.1 189.3 195.4 194.8 190.5 183.6 183.1 193.3 206.2 210.2 215.4 218.6 221.4 225.2 232.1 235.6 242.8 248.6 255.1 267.3 286 311.7 333.9 346.8 361.4 384.6 399.3 400.4 394.8 387.8 372.2 351.6 329.3 308.6 290.7 274.8 265.8 256.6 245.8 241.1 234.1 228.2 223.6 220.2 217.6 214.6 211.4 206.1 201.7 199.2 194.2 189.8 186.3 180.5 175.3 170.6 165.8 160.5 155.2 152.8 150.8 148.3 144.3 140.3 134 130.1 128 125.9 124.4 122.9 120.7 119.3 116.8 114.1 113.8 113.2 111.5 110.3 100.4 106.6 111.7 110.6
