WholeMapElevations/data/nz/nz04_OST50GRID_20230518/NZ04.asc
ncols 200
nrows 200
xllcorner 400000
yllcorner 540000
cellsize 50
[rows 140 to 174 of 200, columns 78 to 155 of 200]
384.7 383.1 382 382.1 381.3 379.5 376.9 374.3 370.9 367.8 364.3 360.6 357.2 354.7 352.2 349.9 348.3 345.7 343.2 340.7 337.3 334.9 332 329.7 327.3 324.3 320.5 316 311.1 303.9 300.8 298.1 292.9 286.3 282.3 281.4 280.4 280.8 283.6 283.7 281.9 275.7 262.5 252.8 250.6 248.5 244.7 244.1 243.3 242.6 242 254.7 251.7 264.5 273.6 281.8 289 294.4 299.3 303.9 309.2 314.4 318.2 322.1 326.3 330.5 334.5 338.9 342 343.4 344.8 345.3 345 344.2 343.1 341.6 340.3 339.4
388.4 386.6 385.7 385.6 384.4 381.8 379.2 374.9 371.6 368.1 364.8 360.8 357.1 354.3 351.7 349.8 348.5 347 344.2 341.3 338.6 336.2 333.3 330 327.5 324.2 319.8 314 309.6 309.7 307.2 303.4 298.3 291.4 289.5 288.8 286.9 287.5 288.2 287.8 285.8 281.7 274.3 262.7 261.1 260.9 252.9 244.8 242.7 241.5 241.2 243.6 256.6 269.6 276.4 283 288.4 292.8 297.4 302 307.1 313 316.7 320.2 324 328.6 332.5 335.3 338.9 342.1 344.2 346.5 346.9 345.9 344.7 343.2 341.5 340.2
391.4 390 389.2 388.9 388 384.7 381.5 377 372.6 368.6 364.7 360.1 356.5 353.3 351.1 349.4 348.2 347 344.6 341.7 338.8 336.3 332.7 327.5 324.5 320.8 317.3 315.8 317.5 315.3 310.9 306.7 302.1 298.6 297.3 295.3 293.4 293.8 293.7 292.2 289.7 286.3 282.1 273.1 269.8 265.3 259.5 253.4 252.3 244.8 240.2 240.3 252 267.7 276.3 282.1 286.6 290.8 295.5 300.2 305.5 311.4 315.4 318.9 323.8 327.3 330.1 332.7 335.9 340.7 344.1 347.2 349 348.4 346.9 344.1 342.1 340.6
393.8 392.7 392 391.8 391.1 388.5 383.9 379.4 374.6 370.1 365.8 361.3 357.5 353.9 350.9 349.1 347.8 346.3 344.4 341.8 338.6 331.7 329.5 329.7 326.8 325.1 325.1 325 322.1 318.2 313.3 309.4 306.7 304.1 304.2 303.6 302.3 300.3 298.2 295.7 293.2 289.4 284.8 279.3 268.7 265.3 264.4 263.9 261.1 255 244.4 239.2 242.8 261.5 273 279 283.7 288.3 293.1 298.1 303.6 309.3 313.8 318.7 322.9 325.6 327.1 328.7 333.1 339.3 343.8 347.5 349.9 349.9 348.2 345.2 343.4 341.6
395.6 394.5 394 393.3 392.2 390.2 385.4 380.6 376.3 371.8 367.6 363.5 359.4 355.2 351.8 349.2 347.3 345.6 342.9 339.6 338 335.3 334.4 332.8 330.5 330.2 329.5 328 324.4 320.4 315.4 312 309.6 308.2 309.4 309.3 307.7 304.7 301.4 298.8 295.8 292.2 287.4 283 278.8 276.2 273.4 269.8 264.5 259.6 250.9 240.3 238.5 251 265.9 275.1 280.2 285.5 291.2 297 302.3 308 313 317.7 320.8 322.7 324 325.7 331.1 337.1 342.7 346.8 350 350.7 349.4 346.9 344.8 342.7
397.1 396.2 394.7 393.9 392.8 390.4 385.9 380.7 376.8 372.9 369.2 365.1 360.8 356.6 352.9 350 347.7 345.4 343.8 342.3 340.3 338.5 336.7 335 333.7 332 330.7 328.6 325.1 321.8 318.4 315 312.2 311.7 313.9 313.5 310.7 307 303.3 300.4 297.3 294.2 289.6 286 283 280.2 276.5 272.3 266.5 261 254.2 244.8 237.8 242.3 255.3 266.9 278.2 286.1 291.8 295.9 301.4 307.4 311.5 314.8 317.5 319.5 321.5 324.9 329 334.9 340.1 344.9 349 350.2 349.8 348.2 345.9 343.5
398.4 397.2 395.6 394.4 392.7 390.3 385.9 382.2 378.1 373.4 369.6 365.7 361.6 357.9 354.1 351.3 348.6 346.8 345.6 344.3 342.5 340.5 338.7 337.4 336.3 334.5 331.8 328.1 325.9 323.4 320.6 317.5 314.6 314.8 316.8 316.5 312.6 308.1 303.3 299.8 297.3 294.8 291.5 288.7 286.1 283 279.3 274.3 268.3 262.4 256.1 247.9 238 237.1 245.1 262.6 278.5 285.5 290.9 295 300.1 305.4 308.1 310.5 313.2 316 320.1 323.5 327.1 331.7 336.7 341.9 346.9 349 349.1 348.4 346.7 345.2
399.4 397.8 396.3 394.9 393.1 390.9 387.9 384.6 381 375.9 370.8 366.3 362.2 358.6 355.3 352.2 350.1 348.6 347.3 346 344.3 342.5 340.9 340 339 337.3 333.5 329.2 326.1 323.6 322.2 320.3 317.9 316.3 316.6 316.4 313.4 308.3 302.8 299.1 297.2 296.1 293.5 290.5 287.8 284.3 280.8 276.1 269.4 262.2 255.7 248.1 240.1 234.7 241.2 262.3 278.3 284.7 289.7 294 298.2 301.8 304.1 306.1 308.6 312.9 316.6 320.4 324.6 328.7 332.8 338 343.6 346.7 347.8 347.8 347.2 345.7
400.2 398.6 396.9 395.2 393.4 391.4 389.1 385.8 382.5 378.4 373.2 368.2 363.1 359.3 356.2 353.3 351.5 349.8 348.8 347.6 346 343.7 341.6 340.8 340.3 338.5 334.5 330.5 326.1 323.8 322.5 321.5 319.9 317.6 316.6 315.9 312.8 307.6 302.9 298.6 297.6 297 295.4 292.9 289.5 285.2 281.3 276.9 270 261.7 254.6 246.3 242.3 235.3 241.8 263.3 277.9 284 288.3 292.6 296.3 298.9 299.8 301.1 304.2 309.1 312.6 317 321.2 324.9 328.7 333.2 339.7 344.1 346.3 346.9 347.2 346.5
401.3 399.4 397.3 395.5 393.7 391.8 389.5 386.7 383.5 380.5 375.3 370.1 365.3 361.1 357.9 355.1 352.8 351.2 349.6 348.7 347.2 344.6 342.2 340.6 339.4 337.3 334.8 331.3 327.4 324.8 322.7 321.8 320.7 320 318.5 314.8 310.9 306.3 302.1 298.7 297.7 297 296.2 294.2 290.3 286 281 275.6 268.9 261.2 254.8 247.5 240.9 234.5 242.7 264.3 277.1 282.6 286.5 290.2 294 295.6 296.2 297.2 300.3 304.8 309.1 313.6 317.3 321.2 325 329 334.6 340.3 344.3 345.8 346.8 346.8
402.3 399.7 397.8 395.9 394.1 392.2 389.8 387 384.5 381.8 377.7 372.2 367.8 363.9 360.1 357 354.1 351.7 349.7 348.7 348.4 345.8 342.7 339.9 338 336.1 334.4 331.9 328.6 325.3 323 322.5 321.7 320.9 320 316.1 311.6 306.9 302.8 299 297.6 296.5 296.1 294 289.9 284.9 279.9 273.2 265.1 259 254.2 248 239.5 232.4 241.1 260.2 275.1 280.8 283.9 287.6 290.8 292.5 293.1 293.9 296.6 301 305.7 309.9 313.9 318 322 325.5 329.8 336 341.5 344.3 345.4 346.5
403.7 401.3 398.7 396.3 394.4 392.3 390.4 388 385.5 382.9 380.3 375.6 370.4 366.9 362.9 359.2 356.1 353.3 350.4 348.1 347.7 346.3 343.3 339.8 337.6 335.2 333.4 331.4 328.8 325.8 323.4 321.9 321.7 321.3 320.3 317 312.6 307.8 303.5 300.2 298.1 296.5 295.1 293.1 288.4 283.1 278 271.2 261.1 255.5 253.1 248.1 239 231.2 234.6 250.4 271 279.3 282.2 284.6 287.4 289.1 289.1 290.2 292.9 297.1 301.6 305.7 309.7 313.5 318.4 322.9 326.6 331.2 337.7 342.1 343.7 344.9
406.3 403.2 400.1 397.1 394.8 392.9 391.1 389.1 387 384.5 381.3 378.6 372.8 368.9 365.1 361.1 357.7 354.5 351.1 347.8 345.3 344.2 342.6 339.8 336 334 332 330.6 328.4 325.5 323.4 321.8 321 320.6 319.7 317.2 312.7 308.3 304.7 301.7 298.5 296.2 293.4 290.6 286.2 280.7 274.8 268.7 261.8 255.6 252.7 248.8 242.6 232 230.1 240.5 261.9 277.2 279.8 282.1 284 284.9 284 286.2 288.7 292.4 296.5 300.8 305.8 309.2 311.8 317.5 323.1 327.4 333.7 338.2 341.4 343.1
408.1 404.6 401.2 398.3 395.5 393.6 392.1 390.5 388.3 385.6 382.2 379.5 374.4 370 366.2 362.2 358.1 355 351.6 347.4 344 341.5 339.5 337.5 334.4 332.1 330.8 329.4 327.1 324.8 323 321.4 320.4 319.3 318.5 316.4 313 309.2 305.7 302.7 299.5 296 293.1 287.4 279.2 274.1 267.5 265.6 262.3 257.8 253.3 249.3 245.7 238.9 229.8 233.7 257.4 274.3 277.4 279.1 280.9 280.9 280.7 283.3 284.6 286.3 289.7 294.2 300.3 306.4 309.2 312.6 318.6 324.5 330.3 334.3 337.8 340.5
410 405.9 402.4 399.2 395.9 394.3 392.5 390.5 388.5 386 382.9 380 375.7 370.8 366.5 362.1 358.4 355 351.1 346.8 343.2 341.1 338.8 336.3 334 331.7 329.6 327.9 326.1 323.8 322.2 320.9 319.7 318 318 316.1 313.1 309.5 306.1 303.5 300.6 297.7 293.4 287.7 281.7 267.6 261 258.1 257.3 254.1 250.5 248.1 244.7 239.9 229.6 230.5 253 270.3 275.2 276.7 277.9 275.5 274.8 278.8 278.9 280.7 285 290.1 296.2 303.2 307.5 310.7 315.8 321 325.9 330.2 333.8 337.8
411.5 407.3 403.1 399.2 396.2 394.3 392.5 390.5 388.6 386.4 383.1 379.5 375.7 371 366.5 362.2 358.5 354.9 351.2 347.5 343.4 340.9 338.6 336.3 334 331.8 329.5 327.1 324.8 323 321.6 320.3 319 318.4 317.5 315.7 312.8 309.8 306.3 303.4 301 298 294.3 288.7 274.6 268.7 264.8 260.6 257.4 255.7 252.9 248.6 244 236.8 227.8 226.2 244.5 263.5 272.6 274.3 274.3 270.9 270 274.4 273.4 273.3 278.5 287 292.5 298.6 304.5 308.4 312.9 317.3 321.3 325.1 329.9 334.6
411.9 407.4 403 399.2 396.3 394.3 392.3 390.4 388.2 385.9 382.6 378.7 374.5 370.5 366.6 362.8 358.7 354.6 350.6 347.3 344 340.6 338.2 336 333.8 331.7 329.5 327.4 325.3 323.5 321.9 319.9 318.6 317.4 316.5 314.9 312.1 309 305.8 302.7 300.5 297.6 294.1 288.7 283.1 276.6 271.2 265.5 260.6 256.6 253.1 249.4 245.6 240.2 227.6 224.7 235.4 255.7 265.8 270.9 270.8 266.5 265.9 269.8 267.5 265.2 273.2 282.6 289 294.8 299.3 305 309.4 313 316.2 319.8 325.9 331.7
410.7 406.3 402.4 399.2 396.5 394.3 392.1 389.9 387.4 385.1 381.6 377 373.5 369.5 365.6 361.9 357.8 353.5 349.3 346.5 343.7 341 337.8 335.4 333.1 330.9 328.9 326.8 324.7 323.1 321.4 319.6 318.3 317.2 315.5 314 311.3 308.2 304.8 301 298.2 295.4 291.6 287 282.4 277.3 271.5 264.2 259.8 255.8 252.4 248.9 245.1 239.4 229 223.6 226.9 246.5 255.9 262.9 264.4 259.4 260.5 267.1 262.4 258.7 267.5 275.4 284.8 293.7 295.6 300.7 304.7 307.1 310.1 316.4 323.7 329.3
408.6 404.8 401.4 398.2 395.6 393.8 391.8 389.7 386.9 383.7 379.8 375.4 371 367.5 364.4 360.5 356.3 351.9 347.8 345 342.6 340.2 337.4 334.7 332.2 330.1 328 325.8 323.6 321.4 319.6 318.4 318 317.1 314.7 312.8 310.5 306.7 302.7 299.1 295.9 292.7 288.7 284.8 280.2 274.9 269.2 262.3 257.6 254.1 251 248.1 244.7 239.4 232.7 222.9 222.9 232.7 243.6 250.2 251.6 249.5 253.6 257.9 256.1 254.2 261.8 269.9 282.7 286.8 291 294.4 297.7 301.9 308.8 316.3 323.1 328.4
406.5 403 400.1 397 395 392.9 390.3 388.1 385.3 381.5 377.3 373 368.6 365.7 362.4 358.7 354.5 350.4 346.3 343.6 340.7 338.5 336.3 333.4 330.8 328.4 326 323.6 321.1 318.4 316.5 315.4 315.9 315.4 313.6 311.1 309.5 306.7 303.4 300.6 297.6 294.3 289.2 283.1 276.9 271.7 266.7 260.4 255 251.5 248.7 246.4 243.7 242 238.5 229.5 217.7 222.6 230.4 236.4 240.6 240.4 243.3 245.7 243.7 246.1 253.6 263.6 270.3 278.5 284.1 290.5 294.7 301.5 309.8 316.4 322.5 327.8
404.3 401.4 398.6 396.3 394.4 392.1 389.1 385.9 382.5 378.8 374.6 370.3 366.5 363.3 359.7 356 352 348 344 339.3 333.6 334.3 331.7 325.3 326 324.7 321.4 319.3 317.3 315.1 312.7 311.4 311.6 312.3 311.6 309.7 307.4 306.1 303.5 301.1 298.7 295.5 290.4 282.3 274.5 267.8 262.7 257.2 252.2 248.9 246.3 244.4 242.1 240.4 238.9 234.2 224.7 219.9 220.8 224.7 231.1 233 232.6 232.1 240.6 249.9 252.9 254.8 263.5 270.7 276.4 293.2 294.1 301.2 310.3 316.1 322.1 327.2
402.6 399.9 397.8 395.5 393.4 390.8 387.3 383.3 379.9 375.9 371.8 367.7 363.7 360.3 356.4 352.3 348.6 344.6 339.4 330.8 331.4 327.1 324.3 321.9 315.3 306.9 303.2 304.7 311.4 310.1 306.9 304.5 304.4 305.7 307.1 308.1 306.1 303.9 301.9 299.9 297.9 294 289.3 281.3 272.3 265.5 260.1 254.9 250.2 246.9 244.7 243.2 241.1 238.9 236.7 234.3 229.7 218 217.8 219.1 222.6 227.3 235.4 242.3 249.4 258.9 261.7 263.8 266.8 274.3 288 291.5 292.1 302.2 311.1 316.9 323.4 328.4
401.1 399.2 397.2 395 392.7 389.7 385.1 381 377.3 372.8 368.9 365 360.9 355.4 350.3 346.8 342.1 339.1 338.4 338.8 337.7 335.8 333.6 331 328 324.5 317.9 300.9 295.3 297.4 296 293.4 292.8 293 294.5 299.6 303.2 301.4 299.1 297.6 295.6 292.4 286 277.4 269.8 263.9 259.5 254.5 249.1 245.7 243.8 242.4 240.6 238.9 236.5 233.7 231.1 227.9 219 217.8 221.1 228.6 239.4 248.5 259.9 266.7 269.5 270.4 272.5 277 285 287.2 296.8 303.7 310.8 316.6 323.4 329.2
400.4 398.5 396.5 394.4 392.3 388.8 382.8 379.2 375.3 370.3 366.7 361.5 353.6 349.5 350 348.6 347.1 345.2 343.2 341.7 339.4 337.2 334.5 331.4 328.7 325.6 319.6 312.3 303.1 293.9 289.2 285.7 282.5 282.6 283.3 285.1 289.3 292.5 289.4 291.2 289.3 286.1 279.5 273.5 267.2 262.8 258.8 254.2 248.3 244.5 243 241.8 240.5 239.5 238.2 235.7 230.2 224.9 220.6 218.3 218.3 229.9 241.4 257.6 268.1 271.8 275.5 278 280.2 282.9 285.7 292.2 297.9 304.1 310.3 315.6 322.1 328.1
399.6 397.8 396 393.9 389.6 385.2 380.9 377.1 372.8 367.7 362.1 356.2 358.1 359.9 357.9 354.4 350.1 347 345 343 340.7 337.8 334.9 332 329.3 326.4 322.5 317.8 311.9 304.6 296.2 290 288 283.2 280.2 276 279 282.2 281.5 279.7 280 278 274 269.2 265.6 261.9 258 253.3 248.1 244.9 242.9 241.6 240.1 238.2 236.4 234.6 232.6 228.9 218.3 218.3 218.3 231.6 244.3 262 270.3 273.6 276.7 279.5 282.9 286.7 289.9 294.1 298.7 304.4 310.2 316 321.9 326.8
398.7 397 395 392.5 387.8 382.9 376.7 372.2 367.4 363.5 363.2 364.5 364.6 362.2 360 356.8 352.3 349.1 346.1 343.9 341.4 338.5 335.4 332.4 329.5 326.7 323 319 314.7 310.8 304.8 298.1 291.8 287.1 283.7 278.1 272.7 272.9 277.4 274.4 272 271.5 269.2 265.8 263 260.2 256.3 252.2 247.6 245.1 242.8 241.1 239.3 237.2 234.4 231.5 231 227.1 218.3 218.3 218.3 228.2 239.6 251 262.8 268.1 269.2 272.8 278.5 285.1 290.6 295.4 300.3 305.3 311.1 316.9 322.8 327
397.7 396 393.7 389.8 385.7 378.4 373.8 373.5 372.8 371.7 370.3 369 366.6 363.5 360.9 357.9 355.1 351.2 347.7 344.4 341.8 339.1 336.1 333 330.1 327.5 325.2 322.4 318.8 314.8 309.2 302 295.5 290.7 287.1 283 278.5 267.2 270.2 272.2 268.5 265.6 264.3 262.8 260.6 257.6 253.3 249.4 246.3 243.9 241.6 239.8 237.8 235.5 232.2 228.5 225 220.2 218.3 218.3 221.6 226.1 232.4 237.9 245.4 252.6 257.4 270 277.9 282.9 289.4 294.4 300.4 306.4 312.6 318.7 323.7 327.6
396.8 394.1 390 384.9 382.3 383.1 382.8 381 379 376.8 374.6 371.8 368.6 365.1 361.8 358.8 356.6 353.4 348.9 345.5 342.3 339.4 336.6 333.7 330.8 328.2 326.4 324.1 320.9 317.1 311.3 304 297.6 292.7 288.5 283.5 278.7 271 258.8 262.4 264.3 262.8 259.3 259.1 257.6 253.6 249.4 246.5 243.6 241.1 238.8 236.8 234.7 232.6 229.5 223.9 218.3 218.3 218.3 224.3 233.6 245.1 251.9 255.5 257 261 265.1 273 279.4 283.7 289.1 295.2 301.2 307.2 313.5 319.6 324.1 327.4
397.2 396 392.2 391.3 392.2 392.1 389.8 386.9 384.8 381.6 378.3 375.2 372 368.2 363.8 360 357.1 354.5 350.3 346.3 343 340.1 337.2 334.2 331.4 328.7 326.6 324.8 321.9 318.2 312.4 305.9 300.4 295.8 291 285.8 281.7 275.6 268.5 263.6 255.1 255.6 256.8 253.1 252.8 248.7 245.9 243.3 240.4 237.7 235 232.9 230.9 229 226.2 218.3 218.3 218.3 222.4 232.9 246.4 263.2 273 273.4 272.3 271.9 273.8 278.4 282.8 286.3 290.6 297.2 302.5 307.4 313.4 319.2 323.3 326.6
398.4 397.3 396.8 396.4 396 395.1 393.7 391.4 388.9 386.8 384.2 380.1 375 370.8 366.1 361.4 357.9 354.8 351.3 347.3 343.7 340.5 337.6 334.7 332.1 329.5 326.9 325.1 323.1 320.1 315.8 310.1 303.1 297.9 294.2 290 284.6 278.8 272.9 267.9 262.7 257.8 251.7 243.8 240.3 239.1 238.8 239.6 236.3 233.1 230.7 228.3 226.4 224.9 222.7 218.3 218.3 218.3 227.5 241.2 259.5 276.1 278.7 279.2 279.5 280.2 281.5 284.1 287.2 290.6 294.9 299.1 302.7 305.7 310.7 316 322.1 325.6
399.4 398.8 398.8 398.2 397 396.1 395 392.8 391.7 389.9 388.2 385.4 380.4 373.4 367.9 362.7 359 355.6 352.4 348.9 344.6 340.9 337.8 334.8 332.7 330.4 328 325.4 323.2 321.1 317.1 311.3 305.4 300.5 296.4 292.5 288.1 281.8 275.9 269 264.6 261.7 258.8 251.9 247.3 241.9 230.9 228.6 228.4 227.2 226.3 224.1 221.8 221.6 218.3 218.3 218.3 221.4 234.1 252.2 273.5 280.5 282 283.5 284.3 285.4 287.4 289.4 291.8 295.4 299.1 302.6 307.1 310.6 315.2 317.3 320.2 323.8
400.4 400.5 399.9 398.8 397.9 397 396 393.6 392.2 390.5 388.8 386.6 383.2 377.2 369.2 364.5 360.5 356.9 353.4 350.5 346.3 342.5 338.6 335.1 333 331.3 328.8 326.3 323.7 321.6 318.3 313.7 307.4 301.1 296.8 292.9 289.2 285.6 279.7 270.1 264.8 261.4 258.6 255.1 251.3 248.1 238 229 222.7 221.7 218.3 218.3 218.3 218.3 218.3 218.3 218.3 227.8 242.9 264.1 279.9 284 285.7 287.2 288.4 289.9 291.6 294.4 297.1 300.4 303.5 307.4 315.1 319.3 320.7 321.7 321.4 321.4
401.9 402 400.6 399.2 398.4 397.6 396.5 394.3 392.6 390.9 389.1 387 383.9 379.2 373.3 368.3 364 359.3 355.4 351.7 348.1 344.1 339.8 335.9 333.8 332 330.3 327.7 325 322.8 320.3 316.4 310.5 303.3 298.8 294.7 290.5 286.2 279.3 269.5 264.6 261 257.7 254.2 250.4 246.6 241.4 233.8 227.2 222.3 218.3 218.3 218.3 218.3 218.3 218.3 222 234.2 252.7 274.7 283.1 286.7 288.9 290.4 291.8 293.7 296 299.2 302.1 306.2 309.5 315.5 322.3 327.1 328.7 328.5 328.1 325.4
403.5 402.9 401.5 400.4 399.2 398.3 397.2 395.2 393.1 391.5 389.5 387.6 385.1 382.6 378.8 372.9 367.7 363.1 356.9 352.8 349.3 345.8 341.5 337 334.5 332.8 331.1 328.8 326.1 323.6 321.1 318.3 314.8 307.8 301.1 296 291 285.9 279.8 270.4 265.3 261.9 258.5 254.3 250.3 246 241.3 235.1 229.2 224.6 221.8 218.3 218.3 218.3 218.3 218.3 226.5 241.9 262.4 280.8 285.6 289.4 291.7 293.7 295.6 297.6 300.3 304 307.9 312.8 317.7 323.2 328.2 331.5 333.4 333.5 332.8 331.5
404 403.5 403.5 402.9 401 400.3 399.3 397.8 395.7 393.9 391 389 386.5 384 381.4 378.1 371.4 365.5 359.5 354.4 351.1 347.5 343.1 338.3 335.1 333.2 331.4 329.2 326.8 324.3 322.5 320.2 317 310.9 304.7 298.4 292.2 286.9 279.8 271.1 265.8 262.5 258.5 254.4 250.2 245.6 241.1 234.9 228.7 223.5 218.3 218.3 218.3 218.3 218.3 218.6 231.1 250.1 271 282.8 287.7 290.9 293.9 296.5 298.9 301.4 304.5 308.7 313.4 319.4 324.7 329.2 333.1 336.1 337 336.6 335.3 333.9
