WholeMapElevations/data/nc/nc21_OST50GRID_20230518/NC21.asc
ncols 200
nrows 200
xllcorner 220000
yllcorner 910000
cellsize 50
[rows 0 to 34 of 200, columns 0 to 77 of 200]
459 453.9 446.5 444.1 451.8 454.9 449.5 442.2 429.2 411.6 402.5 394.5 393.1 388.6 380.1 373.2 362.4 355.3 356.5 353.2 350 347.4 344.1 346.3 351.3 358.6 367.6 367.9 375.4 378.7 380.4 380 378.1 380.3 380.6 381 377.3 380.1 370.5 372.5 371.4 367.8 367.8 367.8 367.8 367.8 367.8 374.5 393.1 399.8 398.2 397 397.3 393.6 387.9 378.4 366.3 352.5 338.2 323.3 310.8 301.7 291.6 280.6 269.3 257.2 243.9 232.8 216.8 207.8 201.4 195 195.3 195.8 204.4 200.1 191.2 184.4
454.6 450.3 445.1 443.6 445.5 450.3 446.9 442.7 430.3 417.7 414.8 409.7 408.9 405.2 401.1 390.6 376.9 369.2 364.3 360.9 354.5 345.7 355.7 364.9 380 384.1 382.2 388.2 395.3 394.2 393.9 390.2 389.9 389.6 387.3 385.5 382.9 382.9 375.2 374.4 375 367.8 367.8 367.8 367.8 367.8 367.8 372.6 388.5 394.9 397 398.5 397.9 396.2 396.8 391.8 382.8 363.6 345.9 329.9 318.3 305.4 295.7 282 271.8 262.2 250.5 235 229 234.6 227.9 218.3 221 218.7 213.9 205.7 193.8 185.5
455.4 451.7 448.1 443.7 440.1 441.7 445.1 437.3 431 426.6 423.2 417.9 419.8 423.4 419.1 408.3 401.6 393.8 376.7 365.3 357.6 363 377.2 395.9 395.4 402 399.3 403.4 412 411 406.7 409 406 402.9 398.8 391.9 386.7 381.8 379.1 379.5 380.7 377.3 374.5 375.3 367.8 367.8 367.8 375.9 387.3 396.7 397.5 403.2 400 398.6 403.7 404.7 396.6 383 354.8 333.7 320.6 308.8 294.5 285.6 277.9 270.3 256.3 249.6 248.1 247.5 241.6 233.7 229.7 225.5 216.2 208.4 197.4 188.5
459.6 453.2 447.5 444.7 440.9 437.8 438.6 432.2 429.7 427.1 425.8 424.9 425 424.8 427.1 421.6 412.9 402.7 384.1 385.3 374.9 387.9 402.4 408.8 416.2 415.1 412.1 410.7 425.3 423 417.9 419.8 416.6 413.4 406.8 402.5 394.3 391.4 392.6 387.2 385.3 384.7 380.7 376.6 375 370.9 373 377.9 390.2 395.8 403.9 402.4 400.3 401.1 403.4 406.7 403.3 389.9 358.8 337.3 322.6 310.7 301.9 294.8 284.1 272.4 265.5 269.7 262.7 253.4 247.6 238.6 234.2 225.8 218.8 209.7 199.7 192.3
457.9 454.4 449.5 446.7 442.6 439.7 434.6 433.1 430.5 429.4 428 426.9 425.7 424 424.7 421.6 416.6 411.8 405 402.5 399.4 407.7 416.2 423.3 423.8 420 419.8 421 421.1 422.7 423.9 423.5 423 421.7 414.6 411.2 405.7 401.3 400.2 397.1 392.8 391.5 386.6 380.4 377.6 374.5 377.7 380.4 383.2 397.1 400.5 400.1 398.9 400.7 400.1 402.4 395.5 378 354.6 340.5 331 316.5 308.2 298.8 287.7 277.3 278.4 274.9 265.2 258 251 243.5 237.7 228.6 223.6 212.3 201.6 193
452.8 451.5 449 447.4 444.3 439.4 437 435.9 432.6 432.8 433.2 430.8 427.7 426.8 426.1 427.3 423.4 417.9 414.5 409.2 408.2 417.1 424.6 424.8 423.2 421.8 422.1 421.8 421.4 422.2 422.7 422.9 422.9 422.3 420.3 417.5 413.9 411.2 407.6 409.4 407.7 402.5 397.9 385.4 381.9 380.2 382.5 388 389.1 396 398.1 400.3 397.2 396.3 397.8 397.9 387.4 369.8 351.9 341.4 329.4 322.3 312 303.8 293.9 288.8 291.3 287.8 272.5 263.1 254.8 247 239.7 233 224.1 213.8 203.2 194.2
451.3 450.1 453.5 453.4 443.8 441.3 441.9 438.6 436.1 435 433.9 434.1 431.4 431.9 433.3 431.2 431.2 427.7 421.4 410.6 412.7 418.9 422.8 424.3 423.6 423.2 421.9 421.4 419.5 421 421.2 421.1 422.2 423.3 423.6 421.7 418.1 421.4 416.9 417.8 412.6 408.7 403.9 392.8 385.6 385.7 388.6 393.9 396 396.4 399.8 398.3 394.2 391.7 388.1 386.6 377.6 363.2 353.4 343.4 334.1 323.4 316.1 306.2 302.6 302.5 306.3 294.7 277.7 268.3 257.5 249.5 241.8 233.9 224.6 214.2 204.7 193.6
453.3 449.9 450.2 448 444.7 442 442.5 438.5 438.4 441.3 441.6 436.7 435 435.4 434.4 434 437 430.6 424 424.8 424.8 420.6 420.3 420.4 420.6 418.8 419.7 417.7 417.7 419.1 420.8 421.3 422.2 422.6 424.2 425.2 423 425.6 425.7 423.2 419.1 414.2 410 402 391.7 388.7 393.6 395.4 401 401.3 400.6 396.8 390.3 387.1 385.1 376.9 367.6 359.2 352.3 345 333.8 326.9 317.7 315.3 310.7 314.8 313.6 302.2 282.7 270.7 259.1 249.6 240.2 233.4 224.3 213.3 202.5 192.1
449.4 445.6 445 444 440.8 441 439.7 441.1 439.2 441.8 444.1 440.6 435.9 434.2 434.4 436.9 433.2 431 432.4 433.8 431 426.6 420.9 418.9 417.7 417.7 417.7 417.7 417.7 417.7 417.7 419.7 422.6 423.2 422.7 427.6 429.3 430.7 431.1 429.5 423.9 420.8 418.1 410.3 399.4 400.3 395.6 399 403.5 405.4 400.9 395.6 388.3 383.5 379.3 375.2 365.1 357.9 352 344.8 337.9 331.4 324.6 321.3 320 318.6 316.5 307.5 289.8 274.3 261.7 249.7 238.9 228.7 221.2 210.1 199.6 186.8
448.8 449.2 447.1 441.1 441.2 439.8 438.9 438.7 438.5 439 439 440.7 439.1 435 434 433.6 431.3 431.9 433.9 431.8 432.3 429.1 422.8 424.7 425.1 425.5 417.7 417.7 417.7 417.7 417.7 421.2 424.5 424.6 423.9 428.9 434.5 438.6 436.8 433.3 428.2 426.5 422.8 416.3 405.9 401.1 400.1 402.5 405.5 403.7 398.2 392.2 386.1 381.3 373.8 368 362.3 355.2 350.9 345.7 339.2 333.9 329.1 325 321.5 319.2 311.9 305.3 290.4 278.7 262.7 249.5 236.9 227.3 221.9 211.5 195.6 184.3
450.4 449.6 443.5 442.7 442.8 441.9 439.9 439.1 438.5 439.6 439.9 439.1 441.4 436 431.5 431.3 433.1 432.9 434.5 432.6 432.4 427.5 427.3 432 435.3 435.8 433.6 424.4 420.9 417.7 417.7 417.7 417.7 422.8 427 431.5 437.1 440.9 437.8 434.9 432.9 430.5 428.1 419.8 408.8 408.2 403.2 405 406.1 403.1 394.8 388.8 384.3 380.7 374.4 367.5 360 354.5 349.4 345.6 340 334.3 327.8 325 322.1 318.8 311.1 301 290.6 281.1 265 246.9 233.4 224.5 218.8 207.3 192 179.1
451.7 449 446.9 446 448.6 444.1 443.8 445.7 442.2 436.5 436.6 437.1 435.8 434.3 433 433.5 434.9 437.5 435.7 435.8 436 432.9 433.4 434.8 439.4 443.7 443.5 435 430.3 426.3 422.9 417.7 421.4 424.3 424.8 429 436.9 439.4 438.2 436.2 434.9 434.5 428.5 421.2 417 409.3 406.7 401.8 401.8 397.8 390.3 382.5 381.2 381 376.8 364.8 360.8 354.5 350.1 347.2 342.2 336.7 329.1 326.6 320.2 316.5 311.1 304 290.7 278.4 266.3 252 235.4 233.9 225.7 212.2 200.4 187.4
456.5 452.5 452.3 452.1 450 450.4 450.1 447.3 444 437.7 436.5 436.9 431.1 431.1 431.1 439.7 440.2 438.6 437.2 437.3 437.6 439.1 439.9 435.5 437.7 442.3 445.5 439.2 435.5 433.8 437.6 438.6 435.6 427.9 431.5 435.8 439.2 437.9 440.9 438.9 439.5 437 430 422.2 416.4 410.5 406.1 402.3 395.8 389.8 394.5 390.2 385.8 381 378.9 375 369 361.6 354.1 348.6 343.5 337.9 330.2 327.4 321.5 314.3 310 303.8 293.6 282.4 267.1 256.3 259.9 260.5 237.8 212.6 199.8 189.7
469.1 462.2 458.8 459.3 456.2 458.7 456.3 451 446.2 440.9 439.4 438.2 433.2 431.1 431.1 440.6 446.3 443.3 441.6 440.8 438.8 439.5 439.1 438.4 441.8 444.4 441 438.5 438.2 441.5 448.6 456.8 454 447.2 442.6 442.4 444.4 448.7 443.8 440.8 440.3 436.9 429.3 426.7 419.8 413.8 405.4 399.1 396.8 399.2 398.8 403.7 396.6 388.1 382.6 380.3 375.6 368.8 363.2 354.9 349.6 340.7 333.1 329.4 323.5 317.1 312.6 306.1 297.1 284.9 274.6 265.9 270.1 266.7 249.3 217.6 200.9 188.5
484.6 480.4 474.2 469.4 468.9 469.6 464 458.7 453 449.7 446.6 442.1 438.1 432.7 436.7 437.8 443.3 445.6 444.6 444.7 441 442 440.1 438 438 438 438 438 440.3 448.5 454 458 458.9 455.5 448.5 455.5 455.5 452.2 448.5 446.8 443.3 442.6 434.8 427.3 421.5 413.9 404.9 403.3 400.2 404.3 404.6 404.7 400 395.5 389.5 386.1 382.1 376.3 369.2 364.8 358.3 349.4 340.2 332.8 326.5 320 314.9 308.3 299.9 290.3 277.8 270 268.2 262.6 252.9 223.3 206.1 191.9
505.9 497.3 492.9 488.5 485.9 479.2 473.2 470.7 464.8 455.8 453.5 447.7 443.2 441.1 437.9 438.3 441.2 444 446.2 448.1 448.6 448.2 443 439.8 438 438 438 438 438 442.9 447.6 453 456.4 459.3 459.2 457.7 456.9 459.3 459.7 450.8 446.9 442.2 437.1 428.8 421.8 412.6 407.6 408.9 407.6 410 410.5 410 404.7 402.5 396.3 391.6 388.7 382.9 378 375 368.8 358.4 349.4 341 332 323.7 316.6 309.9 303.6 295.4 284.6 276.8 271.8 265.7 251.3 230.4 212.1 194.8
533.2 525.3 519.9 511.8 507.9 500.8 496.9 491.1 485.2 480.2 472.6 460.3 453.2 446.2 443.4 442.2 443 443.8 445 446.2 448.9 450.1 444.5 438.6 438 438 438 438 438 440.1 446.1 451.2 455.5 458.6 461.1 460.1 459.5 460.4 460.9 459.3 452.9 445.4 438.4 429.2 418.9 412.4 410.1 415.2 415.6 415 414.7 413.9 413.3 408.3 403.5 399 393.1 392.5 392.4 390.9 382.9 371 356.8 345.5 334.6 328.8 320.8 312.1 306.8 300.8 291.4 285.6 277 267.6 254.8 237.2 217.2 199.3
566.8 562 555.3 543.3 534.2 530.2 524.9 520.8 518.9 510.2 497.5 479.4 465.1 455.2 448.7 447.1 446.5 444.7 444.6 447 447.2 447 443.8 442.1 442.1 438 438 438 438 439.7 442.4 450.1 454.3 456.6 457.8 461.3 459.9 457.4 455.9 453.5 451.2 445.8 438.6 430.7 419.2 415.7 412.1 418.5 422.5 423.9 419.6 418.9 417.8 413.7 410.8 407.9 404.8 404.1 408.1 405.5 400.6 388.1 371.2 353 340.9 332.5 322.9 314.2 309.4 303.9 298.1 290.7 282.3 272.3 259.9 243.3 225.6 206.9
606.7 600.1 592.7 585.7 577.6 573.8 570.2 564 552.3 543.1 535.8 515.9 492.7 472.5 461.5 457.5 452 449.6 447.4 447.4 446.5 448.2 445.3 447 446.2 442 438 438 440.6 440.7 443.6 449.2 451.8 452.8 455.4 457.7 455.1 454.5 452.2 450.2 447.7 443.5 436.7 430.2 421.7 414.6 420 430.3 432.2 432.2 429.8 425.5 425.7 424.5 422.5 420.7 419.4 420.5 423.9 424.6 417.7 403.9 387.6 364.6 345.1 332.6 324.5 316.7 312 307.7 301.5 293.3 282.3 273 263.1 247.8 231 215.5
648.3 642.3 636.5 625.2 618.8 620.5 613.5 604.8 592.7 582 567.2 548.1 528.8 510.4 486.7 471.1 458 453.4 451 450.5 450.3 449.4 447.8 448.9 449.4 455.1 456.8 451.2 446.7 448.1 446.7 446.7 451 454.5 456.3 455.9 453.6 451.2 448.6 446.6 444.9 440.8 436.1 430.7 422.9 426 428.3 438.2 443.3 442.8 441.4 441.2 439 439.7 439.8 438.5 438.2 439 443.1 439.2 429.2 415.5 398.7 372.2 351.2 335.5 330.6 321.8 314 310.3 303.7 294.1 283.4 273.4 264.2 250.8 236.2 219.2
686.6 681.2 672.8 664.4 660.5 673.3 662.7 647.5 633.6 620.8 605 584.8 565.3 540.7 514.7 489.2 473.4 465 463.3 461.3 461 457.2 456.4 453.7 453.8 455.6 467.5 475.8 472.5 461.7 455.1 456.3 455.8 455.5 455.6 452.1 447.4 447.3 446.2 442.8 440.5 437.3 434 430 430.5 437 438.8 443 455.1 451.7 452.6 453 454.4 455.6 460.2 461 458.1 456.6 456.8 453 444.1 421 403.4 377.8 354.5 340.3 331.7 324.9 318.5 314.5 306.4 295.7 285.6 274.3 263.4 250.3 238.9 222.2
722.7 718.9 708.1 697.8 694.6 706.7 698.4 685.1 671.6 659.9 644.7 628.1 603.5 570.3 551 523.5 500.3 480 471.1 466.5 465.5 468.6 464.2 462.1 458.4 459.5 465.2 478.8 491.7 489.3 481.3 473.5 465.4 458.7 453.7 446.3 446.9 443.5 442.8 440.3 435.9 432.4 431.3 430.7 439.3 445.3 446.9 452.9 465.4 467.2 462.6 462.5 466.7 471.4 473.3 477.7 478.3 470.6 467.5 457.4 443.7 429.4 403.1 383.5 362.7 342.7 330.6 326.9 320.1 315.5 308.6 299.9 286.6 275 262.4 253.3 241.3 224.8
763.8 768.1 756 737.1 728.8 749.4 735.5 723.4 704.7 692.4 680 667.7 633.9 625.1 602.2 562.6 533.9 505.3 487.5 475 467.5 468 470.4 468.7 467.8 466.1 465.2 477.5 487.1 499.1 494.8 482.2 472.1 464.8 453.2 447.3 441 441 439.4 436.5 434.5 433 432.1 436.4 443.9 452.4 460.6 470.6 473.8 479.7 472.9 470.4 475.1 484.1 486.9 488.6 483.4 475.3 466.6 456 441.7 427.3 405.2 386.1 370.7 358.7 347.2 337.4 326.8 318.5 312.1 305.3 292.4 279.8 266.9 255.7 243.4 227.2
769.5 791.7 811.5 798 765.9 782.1 792 769.6 744.9 732.3 721.3 700.8 676.1 659.3 639.2 592.1 556.9 527.9 504 483.3 474 471.3 470.4 471.4 471.2 472.1 472.4 475.6 481.5 486.5 489.2 481.9 472.9 465.2 457.9 452.9 442.8 441.5 437.3 437.3 437.4 433.2 434.3 437.8 446.9 461.8 473.1 480.2 482.7 484.2 478.6 474.9 477.8 485.6 489.3 485.6 480.3 472.4 462.2 451.9 440.7 425.1 405.1 384.2 370.9 360.5 352.5 341.7 332.5 323.9 316.5 314.9 304.2 284 268.2 255.9 244.4 230.1
749.4 781.2 807.7 816 803.4 818.2 838.7 805.7 775.3 773.8 755.3 725.3 710.9 684.1 656.2 627.2 578.6 542.4 512.8 493.4 483.5 475.4 475.3 473.7 474.3 473.6 473.4 473.8 478 482.8 484.4 482.1 474.4 466.8 460.4 452.8 446 441.4 439.2 440.5 438 435.5 435.7 445 454.1 473.5 484.4 490 488.5 482.7 477.5 475.3 476.5 483.3 489.8 484.8 479.5 470.2 459.1 447.3 435.1 422.6 401.7 384.6 371.1 361.5 352.3 344 336.7 328.3 327.1 321.5 308.1 293.6 275.3 259.6 245.9 233.2
727.2 758.9 787.8 804.8 823.8 846.5 840.1 825.3 810.8 804.7 779.9 764.6 734.4 704.1 667.5 637.7 599 553.8 521.7 497.9 489.4 482.9 481.2 480.4 476.7 475.2 475.2 473.5 473.5 476.3 477.8 474.7 472.1 469.6 461 456.7 451.1 446.5 444.1 442.6 437.4 439.8 443.2 449.1 464.8 484.1 493.5 491.5 488.4 482.8 475.4 473.6 474.1 478.3 484.2 481.1 477.1 466.8 456.6 444.6 428.5 414.2 398.3 384.3 372.1 362.1 352.5 345.4 336.5 333.7 328.6 320.7 312.2 303.3 296.1 276.7 261.3 245.1
705.5 735.5 760.2 786 811.5 836.8 837.6 836.8 832.9 823.2 805.3 783.2 746.2 712.6 668.4 639.4 607.2 565 530.3 505.2 492.1 489 483.8 482.9 481.5 476.7 475.1 473.7 472.5 471.1 471.2 469.8 468.3 466.6 463.8 456.5 451 448.1 448.2 444.1 443.9 445.1 453.2 458.3 483.8 494.2 494.2 487.4 484.3 480.3 475 471.2 470.7 476.1 480.5 479.7 473.4 463.3 451.3 439.4 424.7 409.6 395.4 382.8 371.1 361 352.3 343.9 342.6 335.9 326.9 318.9 311.1 302.8 296.3 290.2 277.8 262.9
681.1 705.6 738.5 762.3 799.4 830.9 832.9 832.9 828.3 821.4 810.1 782.4 746.8 709.2 669.8 640.5 606.2 569.6 535.8 514.4 505.2 492.3 489.9 486.6 482.5 480.3 476.9 474.1 472.3 470.8 469.5 469.9 467.9 463.8 459.6 455.5 450.6 450.9 453.6 453.1 451.8 454.2 458 469.7 490.2 492 489 483.3 478.6 479.5 473.9 468.5 467.5 471.6 478.8 480 472.9 460.9 448.3 436.7 425.7 409.7 392.5 381.1 369.8 359.4 349.7 343.5 343.4 335.1 326.4 317.4 309.7 305.1 297.5 289.2 280.8 273
651.2 678.5 709.7 750 789.3 817.2 824.7 822.9 811.9 809.3 796.9 779.8 745.9 706.8 670.3 639.5 609.9 579.6 544.8 516.9 510.5 505.8 493.1 489.6 485.6 482.3 480.5 476.1 470 469.4 469.5 469.8 468.2 463 459.3 456.1 455.6 459.3 457.4 457.4 459 463.1 470 480.6 487 487 481.5 473.7 470.2 473.3 470.6 465.9 464.3 470 476.4 479 473.1 462.2 449 437 425.3 415.5 397.3 379.2 369.3 360.1 349.3 342.6 340.2 332.7 324.7 317 312.2 305.3 297.3 289.2 281.6 272.8
617.2 655.6 690.4 730.2 767.8 784.7 808.8 811.3 805.8 801.7 784.5 774.9 746.1 710.3 675.9 647 627.1 600.6 556.5 529.8 517.5 511.9 500.5 494 489.9 487 484.7 483 473 470.1 469.8 469.7 467.3 462.6 457.7 457 458.1 459.1 459.9 460.5 464.7 470 478.5 484.7 482.5 476.6 470.7 466.9 464 463.3 468.1 462.7 458.3 465.1 471.2 477.5 472.2 462.8 449.5 437.5 426.1 414.1 401.9 381.8 366.2 357.1 348.8 341 336.9 329.1 322.2 317.2 308.2 301.2 294.1 288 280 272.4
598.8 639 673.9 701.4 731.3 758 790.9 798.8 794.4 788.2 772.9 764 752.6 722.2 690.3 658.7 636 602.1 568.6 546.1 528 515.7 508.5 502.4 494.5 491.7 488.8 485.7 481.4 474.9 475.7 472.4 465.5 462.1 458.7 457.8 457.2 458.4 460.7 464.4 467.7 473.5 480.4 480.5 474.7 470.1 462.8 455.6 455.1 454.5 458 456.2 455.3 459.7 465.6 472.7 471 463.5 453.1 440.8 429.7 415.7 398.7 381.3 366.6 356 346.9 340.2 333.5 326.6 318.5 315 309 302.1 293.2 285.5 277.9 271.5
585.6 617.1 644.7 671.4 703.5 740.2 770.2 779.5 773.8 766 753.9 747 740.8 731.1 704.4 673.3 641.4 608.8 579.9 558.4 536.2 520.9 512 507.7 503.9 499.5 494.6 490.3 484.6 479 477 474.8 466.1 462.6 460.1 461.3 461 459.4 460.2 462.8 467.8 474.8 476.9 473 467.2 461.7 453 447.5 444.8 445.3 447.4 447.3 447.2 450.6 457.4 462 464.1 459.8 452.8 443.8 431.2 419.1 405.1 390.3 368.9 359.3 352.1 341.6 332.1 322.9 315.9 310 304.4 297.9 290.1 281.8 275.3 268.6
563.8 592.3 615.9 657.8 684.7 713.9 748.5 762.2 750.5 746.1 739.5 734.1 729.7 722.3 712.5 687.8 656.5 627.6 596.4 579.3 552.8 530.8 521.5 515.8 513.9 508.5 502.3 497.7 489.7 483 479.2 477.3 473.2 468.1 464.2 463.6 460.2 458.5 456.1 457.8 462.4 466.8 466.9 460.4 454.6 450.8 443.1 438.4 436.1 436.4 438.6 441.4 440.9 441.5 448.9 457 460.4 458 453.1 443.2 432.9 419.5 405.8 395.2 381.5 362.5 349.3 337.9 328.6 322.5 317.7 308.5 302.8 296.5 290.7 281.8 272.3 261.7
537.7 573.2 596.9 633.1 661.3 692 722.6 745.1 749.8 740.1 730.7 721.4 712.2 705 697.9 690.3 672.6 645.7 619.8 598.4 570.5 549.1 537 529.3 525.7 516.9 510.9 506.6 498.5 489.7 485.4 482.2 479 473.4 468.1 464.9 462.4 457.8 455.5 456.9 458.1 461.4 458 452.8 446.8 440.4 435 430.1 428.3 430.7 434.2 432.5 434 435.5 442.6 454 461.7 459.1 450.7 441.8 431.4 420.4 406.8 393.7 379.9 362.7 349.3 338.1 331.7 326.1 319 310.3 304.3 301.4 293.5 281.3 271.2 263.6
519.5 546 571.7 604.4 643.4 666.4 699.8 737.7 749.9 741.1 721.7 707.7 696.9 690 682.6 675.6 672.3 658.7 630.9 608.1 589.7 573.8 558.1 544.4 537 528.6 523 517 507.8 499.4 492.8 490.7 487.1 479.7 472.9 469.8 462.4 455.4 457.4 457.4 454.5 456.1 452.1 449.3 442.6 434.3 427.3 425.7 422.4 425.2 429.1 428 428.7 431.9 437.6 447.3 457.7 460.9 453.4 443 434.6 424.2 408.9 393.2 378.4 365.7 349.4 339 332 325.4 320.8 311.4 303.5 298.3 292.4 282.1 273.3 263.7
