UK/data/no/no33_OST50GRID_20230518/NO33.asc
ncols 200
nrows 200
xllcorner 330000
yllcorner 730000
cellsize 50
[rows 70 to 104 of 200, columns 0 to 78 of 200]
168.7 169.6 170.6 170.1 170.4 168.3 167.7 167.6 167.2 166.7 166.3 164.7 163.9 163.3 163.4 164.5 164.3 163 161.3 159.6 157.6 157.4 156.4 158 159.3 158.6 158.5 158.4 157.2 157.9 160.2 163.7 167.4 168.4 167.6 168.2 173.2 177.6 177.2 176.7 174.9 173.4 171.2 170 168 165.6 162.4 160 155.8 152.8 149.6 148 147.7 145.7 143.9 140.6 138.9 136.4 134.5 132.9 130.5 128.1 126.8 127.7 127.1 125.4 123.6 122.7 123.6 125.8 127.1 129.2 127.8 129.4 133.5 134.7 137.5 139.6 140.4
165.5 165.2 165.5 166 167.7 166.5 166.7 166.7 165.8 165.6 164.9 163.9 163.9 163.7 163.2 163.5 163 160.9 161.1 161.8 159.1 158.2 159 161.1 162.6 161.9 162.1 162.5 162.2 162.6 164.5 170.3 174.5 175.8 174.4 176.4 179.4 179.7 180.8 180.2 179.8 178.1 174.8 173.2 171.1 168.7 167.3 165.4 163.1 161 158.5 153.9 154 151 147.5 144.5 143 141.6 140.6 138.7 136 133.4 131.4 131.3 129.7 128.8 127.6 127.1 126.4 125 124 121.5 127.6 127.6 132.7 134.8 136.5 138.2 140.3
161.8 162.4 163.8 163.8 164.3 164.2 164.6 165.4 165.5 166.8 167.1 166.3 165.7 165.1 163.2 163 162.4 162.3 164.8 170 164 159.7 161.7 165 165.9 165.4 165.5 165.6 165.2 164.9 167.2 174.3 179 180.2 180.2 180.7 181.7 182.3 183.3 181.6 180 179.4 177 175.6 173.6 172.1 170.1 167.8 166.2 164.2 162.9 161.3 157.8 154.3 151.4 148.4 147 145.7 144.3 142.3 140.5 138 137.1 134.7 133.1 132.8 133.1 131.8 132 130.7 127.9 126.9 122.1 129.1 131.4 132.1 135.4 137.7 139.7
160.6 161.7 162.9 164.4 164.7 164.5 167.9 172.6 170.3 169 169.1 170.6 170.3 169.8 167.4 165.9 164.9 165.4 169.4 172.6 171.8 168.5 165.5 168.8 169.2 168.9 168.6 168.6 168.2 168 169.7 176.1 179 180.5 181.1 181.4 182 183.1 185 183.5 181.4 179.4 177.7 176.4 175.3 173.9 171.9 170.1 168.4 166.7 165.5 164.2 161.2 158.2 155.3 152.3 151 149.7 148.6 146.3 144.2 142.3 140.5 138.3 136.2 134.6 134.8 134.8 134.7 133.1 130.9 127 122.6 128 129.9 130.9 134.3 136.6 139.4
160 159.7 160.9 162.7 163.2 163.3 167.4 172.3 174.9 176.2 173.9 171.7 171.2 171.9 172.8 170.5 169.6 170 168.6 169.1 172.4 173.3 173.2 172.6 172.6 172.4 171.8 171.6 171.6 171.4 174.4 179.2 178.2 178.2 179.8 180.8 181.4 181.4 182 181.8 181.6 180.4 178.4 177.1 175.8 175 173.9 171.9 169.9 168.4 167.8 165.4 164.9 162.1 159.2 156.4 155.1 153.8 152.9 151.7 149.6 147.3 145.1 143.1 140.5 138.8 137.5 135.9 136.2 135.3 134.7 131.3 122.6 127.2 130.5 132.1 133 135.1 137.2
159.4 159.3 160.3 161.7 161.4 162.4 165.7 169.7 172.6 175.4 176.2 175.2 173.2 174.2 175.1 173.2 174.5 174.8 172.8 170.5 170 170.8 172.9 173.9 174.9 175.5 174.9 174.7 173.6 173.9 176.1 178.4 178.3 178 178.1 178.2 178.9 180 180.8 180.6 179.9 178.6 177.5 177.7 176.8 175.7 174.9 173.1 171.6 170 170.2 168 166.8 165.5 163 160.4 159.1 158.1 157 155.9 153.5 151.3 149.8 147.5 145.1 143.1 141.1 139.4 137.6 136.4 135.2 134.2 131.2 127.8 121 125.8 131.8 133 134
158.9 159.3 161.1 161.4 161.1 161.6 164.6 167.7 170.3 171.6 172.9 173 173.5 177.1 178.2 177.2 181.3 180.2 181.6 177.2 174.8 173.4 172 170.6 171.1 173.6 174.8 175.6 175.6 174.2 176.4 177.8 176.8 176.9 175.7 175.7 176.5 177.2 177.6 178.4 178.2 176.9 176.2 176.3 176.5 176.2 175.4 173.7 172.9 170.5 170 168.8 168 167.1 166.1 164.5 163.2 161.9 160.4 158.7 156.3 154.6 153.1 150.2 148.1 146.3 144.8 143.3 141.3 138.8 136.2 134.9 132.2 128.3 122.8 121.2 131 131.2 131.5
158.8 158.7 158.8 159.6 160.7 161.5 162.4 166.1 171.1 169.7 169.3 169.6 172.6 179.9 179.3 180.1 184.4 184.3 183.7 184.7 181.9 180.8 178.5 176.1 173.9 171.9 171.1 173 174.7 175.7 175.8 176.4 175.4 175.7 175.2 173.7 173.7 174.3 174.3 174.6 174.6 173.8 174 174.7 175 174.8 174.2 173.1 172.1 171.1 169.5 168.1 167.5 166.3 164.9 164 163.7 162.9 161.7 159.6 158.8 157.4 155.3 152.9 150.9 149.1 148.1 145.8 143.5 141.1 137.3 134.1 132.5 128.9 124.3 120.4 131.7 130.6 129.7
158.7 158.8 158.4 158.7 158.7 159.4 160.7 164.6 168.9 173.2 169.6 169 173.1 180.1 180.5 181.2 182.7 182.7 183.9 184.3 185 185.7 183.3 183.4 180.7 178.4 175.9 173.9 172.7 172.6 173.4 173.9 173.8 173.5 173.1 172.2 170.7 170.4 170.1 169.9 169.8 169.8 170.3 172.1 172.5 172.1 171.5 171.9 171.5 171.2 168.7 167.8 166.6 164.9 163.6 163 162.9 162.3 161.2 160 158.4 157.4 156.2 154.4 151.8 149.5 148.4 146.5 144.3 142.3 139.5 136.7 135.6 129.2 124.7 119 130.2 129.5 128.8
159 158.7 157.3 157 157.8 158.8 158.8 160.2 162.8 167.7 170.4 171.1 173.6 176.2 178.4 179.9 180.3 181.3 182 182.2 182.3 182.9 183.4 183.2 184.1 183 181.6 180.2 178.9 177.3 175.7 174.1 172.1 171 170.9 169.4 168.8 168 166.5 166.3 166.2 166.1 166 168 168.4 168.8 169.1 169.4 169.5 169.4 167.8 167.3 165.2 163.5 162.5 162 161.5 160.9 160.3 158.9 157.2 156.4 155.5 154.2 152.8 151.2 149 146.5 144.9 141.7 138.3 136.8 134.2 129.9 126.9 118.5 119.1 123.9 123.5
161 160.2 159.2 158.4 157.3 156.9 158.5 158.3 159.2 161.3 164.9 166.7 170.4 171.2 173.1 175.1 175.9 177.3 179.1 179.5 179.6 179.7 180.3 180.8 181.8 181.9 182.3 181.9 180.6 179.4 178.3 176.9 174.7 172 169.5 168.4 166.4 164.1 163.9 162.7 162.6 162.4 162.3 163.7 164.1 164.5 165.1 165.6 166.5 166.6 165.8 166 164.4 162.6 161.2 161 159.6 158.9 157.6 156.9 155.3 154.7 154.4 153.2 151.9 150.3 148.7 146.6 143.9 139.4 136.8 135.8 134.7 131.1 126.7 124.3 117.7 117.5 117.8
164.3 163.2 161.7 160.6 159.4 158.4 157.5 157 158.2 158.7 159.9 161.2 165.1 166.9 168.1 170.4 170.6 173 174.7 175.5 175.9 176.6 177.2 177.3 178.3 178.5 178.9 178.8 179.4 180 178.7 177.4 175.2 173.8 171.9 169.2 167.1 165 163.2 161.5 159.2 158.7 159 158.7 159.8 160.1 160.7 161.4 162 162.5 161.6 162.7 161.5 160.6 159.4 158 157 156.6 155.8 154.3 152.9 152.2 151.7 150.5 150.1 149.1 147.9 146 144.4 139.8 136.2 135.3 133.8 133.7 129.5 126.7 123.9 120.8 116.9
166.8 167.2 165.5 165.4 163.8 161.9 160 159.3 158.4 156.5 157.6 159.2 161.4 163 165 166.1 167 169.9 170.6 172.3 172.7 172.6 172.2 172.8 174.7 175.3 175 175.1 176.2 177.4 177.3 176.5 174.2 173.3 171.8 169.8 167.3 165.4 163.8 161.9 160 158.5 156.4 155.3 152.1 152.3 155.7 156.3 155.8 156.4 156.9 157.1 157.3 157.2 156.6 155.6 154.9 154.9 153.9 152.3 151.3 149.7 148.8 148 147.7 146.9 145.3 143.8 142.4 139.1 135.6 135.3 133.6 133.1 129.1 128.9 126 123.8 122.6
168.3 168.5 167.4 167 164.9 164.5 164 162.8 162 159.6 158.2 156.7 159.7 160.4 161.1 161.9 164.1 165.2 169.2 172.9 173.7 171.7 170.3 170 169.9 171.1 171.3 171 172.5 173.8 174 173.7 173.1 171.9 170.4 168.8 167.6 165.9 164.2 162.5 160.8 159 157.4 155.1 151.8 151.8 151.8 151.4 151.1 151.7 152.5 152.8 152.7 153 152.5 152.1 151.6 152.1 151.5 150.2 149.3 148.2 147 145.9 144.5 143.5 142.2 141.4 140.4 137.2 133.9 133 132.2 130.4 129.2 126.5 126.2 124.4 123.6
167.8 168 167.3 166.6 166.1 166.6 166.1 166.2 165.4 163.8 162.1 160.8 159.5 157.2 157.9 160.8 161.9 162.3 165.9 171 173.8 173.2 172.7 171.3 169.4 168.9 167.5 166.8 167.7 168.3 170.1 170.6 169.9 168.8 168.5 167.4 165.6 163.9 162.1 160.2 159.1 157.9 156.7 155.2 153.1 152.9 152.1 148 146.7 146.6 147.7 147.6 148.2 147.5 146.7 147.1 146.3 147.5 147.9 147.9 147 145.4 145.7 144.7 144 142.7 141.1 139.2 137.8 135.8 132.3 130.8 129.8 128.4 128.6 125.9 125 123.5 123.4
168.5 168.1 166.6 166.6 166.7 166.5 166.5 166.3 166.9 167.2 166.6 164.8 162.4 161.6 159.7 157.4 160.1 159.8 160.4 163.1 167.1 168.8 170 170.7 171.6 171.1 169.1 168.1 165.2 162.8 162.9 164.4 164.6 164.7 164.3 163.5 161.8 160.5 159.2 158 156.6 156.5 156.3 153.4 152.1 150.7 149.7 148.1 146.4 144.4 142.9 143.2 143.5 142.8 142.3 142 141.6 141.6 143 143.3 142.8 142.2 141.9 141.7 141.2 140.5 139.3 138 136 133.7 130.6 128.2 127.9 125.8 126.2 126.6 125.1 123.3 122.4
173 171.7 168.8 167.4 166.8 166.3 166 165.5 165.6 166.1 166.6 165.9 165.4 165.1 162.7 161.5 159.7 159 157.3 157.7 161.3 162.6 164.6 166.3 167.3 167.3 167 166.5 165.9 164.8 160.6 158.3 158.4 158.1 158.8 158.8 158.1 156.5 154.9 154 153 152.6 152.4 150.1 149.1 147.9 147.4 147 145.8 144.2 142.7 140.3 140.3 139.8 139.3 138.8 137.8 137.3 136.8 137.1 137.5 136.9 137.3 136.6 137.3 136.8 136.4 135.3 133.4 132.5 131.4 128.8 126 123.7 123.6 124.3 124.5 122.6 121.7
177.4 175.9 173.3 171.9 170.1 167.9 165.8 166 165.5 165.2 165.2 165.6 167.1 165.6 165.2 165.9 163.2 161 160.1 158.5 153.7 156.6 158.7 160.8 162.3 162.7 163.2 163.5 163.2 161.6 159.9 157.6 155.4 155 153.5 152.2 152.5 152.4 150.6 150 149 149.1 148.3 146.7 145.7 145.2 144.2 143.5 142.8 141.7 141 139.2 137.1 137.6 137.2 136.4 134 133.9 133.6 132.5 131.3 131.2 132 132 131.7 132.1 132.3 132.3 130.3 129.7 129.3 128.2 125.9 122.6 120.5 120.6 121.3 121.1 121.8
181.4 180.2 178.5 176.8 174.5 170.7 168.5 167.8 167.1 166.7 165.6 165.7 165.6 164.7 165.3 166.4 165 164.3 164.1 161.3 158.9 157.6 152.8 150.6 153.5 154.2 157.2 159 158.6 157.7 156.1 154.8 152.7 152.1 150.5 148.7 146.8 145.6 145.1 144.3 143.6 143 143.4 142.4 141.3 141.5 140.1 139.4 139.3 138.5 138.3 137.1 134.8 134.6 134.5 134 132.3 131.8 131.2 128.6 127.4 127 126.4 127 126.6 126.8 127.2 127.7 127.4 125.5 125.4 124.5 123 121.5 120.3 118.2 118.8 119.4 118.1
180.9 181.5 180.8 180.7 177.3 173.5 171.2 170.5 169.7 170.5 170.7 168 166.1 166 166.9 166.9 166.2 167.2 165.4 164.7 163.1 161.3 159 155.2 150.8 145.4 148.3 150.4 150.9 151.3 150.9 150.6 149.4 147.2 147.7 145.6 144.1 142.8 141.6 140.6 139.5 138.8 138.6 136.7 135.9 136.6 136.2 134.4 134.7 134.6 133.3 133.4 131.5 129.7 129.9 129.5 131.4 128.8 127.5 126.1 124.3 122.7 122.1 121.2 121.4 121.5 121.7 122.1 122.8 122.1 121.6 121.4 119.9 119.2 118.1 116.5 115.7 114.9 115.2
183.8 182.2 180.9 180.8 180 176.3 173.9 173.2 172.5 174.2 175.9 174.6 172.6 170.7 170.5 167.6 166.7 166 167.2 167.4 167.5 166.6 164.8 161.2 158 154.5 150.6 145.3 141.5 141.4 143.6 144 144.1 142.4 143.6 142.8 141.6 140.2 138.9 137.7 136.6 135.7 135 134.2 132.3 130.9 130.6 130.8 129.9 129.3 129.3 128.8 129.4 127.2 125.8 125.1 124.8 125.1 124.6 123 119.7 118.6 117.6 116.2 115.8 115.9 115.5 115.2 115.6 115.8 116.1 116.4 115.6 115 115.7 115.7 113.7 112.2 113.1
186.3 183.8 182 181.3 181.5 179.1 176.6 175.7 176.2 177.9 179.1 179.1 176.5 176.3 174.9 172.3 170.3 168.8 168.4 168.6 168.9 168.4 167.3 164.3 163.4 161.4 157.9 153.6 152.2 148 142.5 137.8 138.3 138.2 137.9 137.4 137.1 136.1 135.7 134.6 133.1 132.9 132.1 131.2 130.6 130 129 128 127 126.3 125.6 126 125.8 124.8 124.2 122.5 121.3 119.6 118 116.6 115.7 114.9 114.3 113.8 113.3 112.8 112.5 112.2 111.5 111.5 110.4 110.3 111.1 110.4 112.6 112.9 112 111.2 111.1
190.4 187.8 187 183 182 181.6 179.2 178.2 179.2 179.4 180.3 179.6 179.3 178.9 176.9 175.9 174.4 173.5 171.9 171.5 169.5 167.6 166.7 164.9 165.4 163.3 161.1 159 156.5 154.2 149.6 147.4 142.4 138.3 135.6 135 134.6 134.3 133 132.8 131.5 130.4 129.1 127.6 128.4 128.5 127.4 125.5 124 122.8 122.2 121.8 122 122.5 122.9 123.4 120.9 118.1 116.9 115.9 115.1 114 113.5 113.5 112.4 112 111.4 110.8 109.9 111.4 108.9 111.2 108.8 108.8 108.3 108.9 109.8 109.6 108.9
193.6 192.3 191 188.7 185.8 183.9 182.9 181 180.2 179.3 178.8 178.9 179.3 178.7 178.3 178.3 177.5 176 174.5 174.1 171.5 170.4 169.1 166.8 164.8 163.1 162 160.6 158.2 156.6 153.5 151.4 146.5 142.7 140.5 135.3 132.9 133 132.1 131.4 130.6 129.7 128.8 127.5 126.4 125.6 124.5 123.4 122.1 122.2 123.2 122.7 121.1 120.3 119.6 118.8 118.3 117.1 117.7 116.4 114.6 114.2 113.5 113.1 112.4 112.2 111.2 110.8 110.8 111.7 109.9 111.5 108.7 108.5 108.3 108.2 107.6 107.7 107
193 192.7 192 191.7 189.6 189.2 187.1 184.2 183 181.2 180.9 180.2 179.8 179.7 179 178.2 177.6 177.1 176.8 175.9 174.3 174.2 172.5 171.3 168.6 164.7 163.1 161.6 159.7 158.2 155.2 152.2 148.3 147.1 143 138.6 136.5 134.3 133 131.1 128.9 128.3 127.8 127.5 125.6 125.6 124.9 125 124.6 124.7 125.6 125 122.2 121.9 121.3 119.7 116.6 116.9 116.5 115.2 115.1 114.7 115.4 116 115 113.9 111.9 111.6 111.3 111.5 110.1 109.5 109 108.3 108 108 107.8 107.4 107
191.5 191.8 191.8 191.2 191.2 190.8 190.6 188.3 186.7 185.1 185.1 183.1 183.8 181.2 180.6 180.2 179 179.2 178.5 177.3 177.3 177.6 176.7 175.5 173.1 169.7 168 166.2 162 159.3 156.7 153.1 151.2 148.3 145.8 144 140.2 139.1 135.5 134.4 132.8 131 130 128.5 128.5 128.3 127.3 125.6 125.3 124.9 124.8 123.7 123.7 122.9 123.9 123.7 121.5 117.4 117.8 116.7 118 118.4 117.6 116.9 116.4 115.9 114.4 113.4 112.2 111.9 112.4 109.7 109.4 108.8 108.3 107.6 107.4 107.3 106.9
187.5 188.6 189.3 189.9 190.7 190.6 190.2 190.1 189.3 188.5 187.2 187 185.6 184 183.4 182.5 180.9 181 180.6 180.4 180.1 180.1 179.2 177.3 173.9 172 171.2 169.6 166.4 163.3 161 156.1 153.5 151.1 148 144.5 143.3 140.8 137.6 137.8 135.8 134.1 133.5 131.8 130.8 129.7 130.1 129.2 128.2 127 125.1 125.4 125 125 123.7 123.8 123.4 122.2 122.5 122.1 121.2 121.1 119.9 118.8 117.7 117.7 116.8 115.9 114.5 113.1 114.3 110.7 110.3 109.8 109.4 108.5 108.2 107.6 107.3
182.5 183.9 185.2 186.4 187.9 187.6 188.3 188.9 189 188.7 188.5 187.9 186.5 185.3 183.8 183.2 183.4 182.9 182.6 182.2 182.8 183.4 181.5 177.9 176.4 173.7 172.1 170.9 167.8 166.1 165.5 161 158.7 156.5 153.6 149.2 146.9 142.5 140.2 139.4 138.9 137.4 134.7 134.4 133.5 132.8 131.7 130.3 129.2 129.3 129.6 129.6 129.6 129 128.3 128.8 127.8 126.2 124.4 124.5 124.1 123.2 122.2 121.3 120.3 119.6 118.7 117.6 117.1 116 115.6 113.3 112.2 111.6 110.5 110.2 109.7 109.3 108.7
180.6 180.4 180.1 183.3 184.8 184.2 183.8 184.4 184.2 186.3 186.2 187.5 186.5 186.3 184.8 184.6 185.6 184.5 184.4 184.4 184.7 183.5 181.2 179 177.9 174.9 171.7 169.6 168.3 168.6 167.4 164.2 162.3 160.4 159.2 156.3 155.5 147.6 147.5 145.6 145.7 143.2 140.9 139.4 138.1 135.4 134.6 134.2 134 134.1 133.7 133.2 132.7 132.8 132.1 132.8 131.4 130.2 129.1 128 127.4 126.4 125 123.6 122.9 121.6 120.8 119.9 118.6 117.7 116.8 116.4 114.7 113.4 112.8 112.2 111.9 111.5 111
179.1 178.4 178.1 178.5 178.6 178.9 180.9 180.7 179.9 181.7 182.6 184.5 184.7 185.3 184.5 185.6 185.9 186.5 186.1 185.3 184.7 184.3 184 180.7 179.6 177.8 173.8 173 170.9 168.6 167.1 166.7 164.8 163.6 162.6 161.4 158.9 153.6 157.1 155.4 153 150.5 147.9 145.4 143.2 141.3 140.1 138.4 137.9 137.3 136.1 135.6 135.3 134.3 134.9 134.4 133.9 133.3 132.8 131.5 130.4 129.1 127.7 126.2 125.4 124.1 122.9 121.7 120.3 119.4 118.9 118.4 116.8 116 115.4 114.9 114.3 113.6 113.3
178.4 178.6 177.8 177 176.5 176.4 176.5 177.9 177.4 178.9 179.2 179.7 180.8 181.6 182.9 184.3 184.4 185.5 188.1 187.8 188.7 188.3 188.3 183.4 183.2 180.6 176.8 175.3 174.7 172.3 170.7 169 167.9 166.9 166.4 164.5 162.7 159.8 163.1 161.2 158.8 156.5 154.2 151.9 150.5 147 146.7 145.1 144.1 142.7 140.1 139.4 137.5 136.6 135.9 135.5 134.9 133.9 133.4 132.8 132.1 130.9 129.9 128.5 127.5 126 124.8 124 122.3 121.4 120.5 119.9 119.2 118.8 118.2 117.7 117.1 116.4 115.7
177.5 178 176.5 176.1 175.7 174.9 175.4 175.2 176.1 177.3 178.8 179.5 178.6 179.2 178.8 181.1 181.4 182.1 183.2 188.4 190.5 190.5 187.7 184.2 185 181.3 179.6 178 176.8 175 173.3 172.3 171.7 170.8 169 168.7 167.2 165.7 165.7 166.1 164 162.2 159.9 157.8 156.4 153.6 152.8 151.6 150.1 149.5 148.2 146 143.7 142.2 139.5 137.7 136.3 134.6 134.7 133.9 132.6 131.8 130.6 130.1 128.6 127.5 126.4 125.8 124.4 123.7 122.6 121.7 120.6 120.8 120.4 120 119.6 119.4 118.9
176.1 176.8 174.1 174.3 173.9 173.8 174.6 174.3 175.8 176.1 175.8 177.2 178 177.6 178.2 179.8 180.6 180.7 184.8 188 189.1 187.9 187 184.9 184.6 181.8 180 179.1 177.5 175.9 174.7 174 174.5 174 173.3 171.8 170.8 168.9 166.9 166.5 166.3 165.1 164.1 162.4 160.5 158.7 159 156.9 155.7 154.7 153.6 152.2 150.4 147.8 146.4 143.8 142.7 140 138.5 136 135.4 133.7 131.8 130.7 129.6 128.6 128.1 126.7 125.6 125.2 123.7 122.9 122.1 121.8 121.3 120.9 120.5 120.6 120.5
173.6 173.6 173 173.9 172.9 173.3 173.7 174.8 175.3 175.5 175.5 175.3 175.3 176.5 178.2 179.2 179.1 179.6 181.5 184.7 187 187.4 186.5 185 182.6 180.2 178.4 177.8 177.7 175.7 176.4 175.2 175.4 174.7 175.6 175.4 174.9 174 171.2 170.4 170.7 169 167 164.7 163.4 164.3 163 161.5 159.8 158.5 157.6 156.3 154.4 153.2 151.3 149.3 147.8 145.6 144 141.9 139.9 138.3 135.7 133.5 132.1 130.5 129.7 127.9 127 125.8 124.7 124 123.3 122.6 122.3 121.9 121.8 121.9 121.5
172.4 172.4 172.4 172.4 172.4 172.4 172.4 173.5 174 175.4 174.8 174.2 174.5 175.6 175.8 176.9 178.4 177.7 177.7 180.5 182.4 183.7 184.5 184.3 181 178.2 177.2 177.3 175.7 175.2 174.1 174.3 176.8 174.2 174.3 176.2 176.5 173.9 175 177.1 176.4 174.7 173 171.5 169 167.8 166.3 165.9 164.7 163.7 160.6 160 158.1 157 155 153.2 151.6 149.5 148.1 146.4 143.7 142.4 139.9 138.1 136.8 133.9 132.5 130.5 129.7 128 126.4 125.2 124.3 123.5 122.9 122.2 121.5 121.2 121.1
