WholeMapElevations/data/st/st84_OST50GRID_20230518/ST84.asc
ncols 200
nrows 200
xllcorner 380000
yllcorner 140000
cellsize 50
[rows 0 to 34 of 200, columns 0 to 78 of 200]
81.8 83 83.7 83.3 84.4 84.5 84.4 83.8 83 81.8 80.2 79 77.7 77.1 76.9 74.8 74.1 72.7 71.7 73 70.6 69.3 68.4 66.8 66.2 65.8 66.1 67 67.6 67.6 66.7 66.2 65.8 65 64.3 63.2 62.4 62.7 62.5 63.9 65.8 67.5 68.4 68.5 67.8 67.6 67.2 65.9 64.3 63.9 62.4 61.5 58.6 60.3 59.3 59.6 60.8 60.4 59.8 58.5 57.6 57.8 57.8 57.6 58.1 57.9 58.8 60.2 63.3 63.3 62.5 61.6 61.1 60.1 60.2 60.4 60.4 60.4 59.7
82.5 82.5 83.3 83.4 84.1 84.9 84.7 83.9 83.7 82.7 81.2 79 77 76.6 75.1 73.7 72.7 73.5 71 70.5 69.5 68.4 67.3 67.5 67.2 67.4 68.5 68.8 68.2 67.4 66.6 66.1 65.8 64.3 63.6 63.2 63.2 63.2 63.1 64.4 66.7 68.1 68.9 68.5 67.5 67 64.8 65.3 64.2 63.2 61.5 60.6 59.1 61.9 61.5 61.4 61.6 61.4 60.7 59.2 58.4 58.6 58.7 58.5 59 59 59.5 60.6 63.6 63.9 63 62.1 61.4 61.1 60.6 60.9 61.3 61.2 60.4
83 83.4 83.1 83.6 84.1 84.4 84.4 84.1 83.9 82.3 80.7 78.5 76.8 75 74.1 72.8 72.2 70.8 69.9 69.3 68.4 68.1 68.4 68.5 67.9 69.1 69.9 69.6 68.5 67.8 66.5 65.6 64.7 64.5 64.2 64.2 63.9 63.5 63.3 65.1 67.4 68.6 69.5 68.6 67.2 67 66.6 65.7 65.6 63.8 62.3 60.6 60.7 65 65.2 64.9 63.9 62.4 61.3 60.2 59.2 59.5 59.8 59.9 59.9 59.4 60.1 62 63.2 64.3 63.3 62.5 61.9 61.7 61.2 61.6 61.9 61.7 61.6
83.8 83.3 83 82.7 83.1 82.8 82.9 82.2 81.8 80.8 79.1 78 75.9 74.3 72.9 72.2 71.3 70.3 68.9 68.4 69 69.8 70 69.4 69.3 70.2 70.8 70.5 69.2 68.3 67 66 65 64.9 64.9 64.9 64.7 64.2 63.7 65.9 67.7 69.5 69.9 68.9 67.8 67.5 67.3 65.9 64.7 64.8 63.1 59.6 62.3 67.4 68.8 68 66.2 64.7 62.7 61.1 60.6 60.4 60.4 60.4 60.3 60.3 61.1 63.6 64.8 64.7 63.7 62.9 62.3 62 62.1 62.3 62.6 63.3 62.9
83.7 83.4 83.1 82.9 82.1 81.7 81 80.3 79.7 78.9 77.6 78 75.5 73.5 72.5 71.8 70.8 68.5 69.2 71.2 73.5 71.6 71.5 70.5 70.8 71 71.7 71.3 69.9 68.8 67.4 66.4 65.5 65.5 65.8 65.9 65.4 64.4 64.5 66.5 68.2 69.8 70.1 69.5 68.7 68.6 67.7 66.5 66.4 65.8 63.3 60.3 62.5 67.5 70.3 70.4 69.1 66.9 64.8 63 62.7 62.4 62.2 61.3 61 60.9 62.6 65.2 65.5 65.1 64.3 63.5 62.8 63 63.2 63.4 63.8 64.3 64.3
83.9 83.5 83.1 82.8 81.7 81 79.6 78.2 77.8 77.8 76.7 75.7 79.4 73.8 72.4 71 70.1 69.4 70.2 73.3 73.5 68.9 72.7 72.4 72.8 73.2 72.7 71.6 70.4 69 68.7 66.7 66.5 66.5 66.6 66.5 65.7 65.7 65.9 67 68.7 70.2 70.7 69.8 69.8 69.5 68.7 66.9 66.8 66 63.4 61 60.3 65.2 69.3 71.4 71.2 69 66.5 66 65.6 65.2 64.1 63 62.3 62.5 64.3 66.3 66.1 65.2 64.9 64.1 63.4 63.6 63.8 64.4 64.5 65.2 65.5
84 83.6 83 82.2 81.3 80.6 79.3 77.7 76.4 76.7 75.4 74.2 73.3 72.7 72 71.2 69.9 68.9 70.3 73.3 72.7 74.8 75 74.4 74.6 74.6 73.2 71.7 70 68.4 68.1 67.8 67.4 67.1 67 66.9 65.9 67.3 68.1 69.3 70.6 71.1 70.2 70.4 69.4 68.4 68.4 66.9 67.3 65.8 64.4 62.5 60.5 62.4 65.6 68.2 68.9 67.6 67.3 68 68.1 67.1 65.1 64.3 63.9 64.8 66.5 67.3 66.5 65.6 65.1 65.1 64.2 64.3 65.4 65.5 65.5 65.6 67
84 83.7 82.7 81.9 80.8 79.4 77.4 75.8 76.1 74.3 73.4 72.6 72.3 72 71.1 70.4 70.2 70.2 70.2 71.7 74.1 75.5 76.1 76 75.8 74.9 73.4 71.9 70.3 69.6 69.3 69.1 68.6 67.5 67.5 68 68.4 69.1 69.9 71.6 72.2 71.2 69.4 68.1 67.7 67.6 67.9 66.4 66.6 65.6 65.2 62.4 60.8 60.4 63.1 64.3 65.3 65.3 66.3 67.6 67.9 67.9 66.6 65.9 66.8 67.8 68.2 68.3 67.3 66.5 65.8 65.4 65.3 65.7 66.5 67 67 65.2 68.4
83.1 83.2 82.3 81 80 77.2 75.4 74.1 73.3 73.3 72 71.5 71.2 70.9 70.8 70.5 70.9 70.9 71.2 72.5 75.1 76.8 77.5 76.8 76.5 74.8 72.9 70.9 71 71.3 70.8 70.3 69.5 68.1 68.8 70.1 70.3 70.5 71.5 71.9 73.3 71.8 70 68.9 68.5 68.5 67.9 66.9 65.6 64.4 63.4 63.7 62.3 61.6 61.7 63.2 64 64.4 64.5 66 67.2 68.1 67.1 67.8 68.1 68.2 69.4 68.8 67.4 66.9 66.2 66.5 66.6 67.5 67.8 68.3 67.8 66.7 68.6
82.8 81.7 81.9 79.8 77.5 76.8 73.9 73.2 72.6 72.2 71.9 71.7 71.2 71 71 71.4 72.5 72.4 72.8 74.8 77.6 78.4 78.1 77.3 76.6 74.7 72.9 72 71.5 71.5 71.1 71.3 70.5 70.8 70.9 71 70.9 70.8 71.8 73.4 74.2 72.8 70.9 70.2 69.5 68.3 67 65.9 64.2 64.8 65.1 64.9 64.3 62.8 61.4 62.9 63.4 62.8 63.3 64.4 65.6 67.1 67.1 68.5 68.6 69.7 70 69 67.5 67.3 67.1 67.7 68.3 69 69.1 69.7 69.2 67.1 69.7
82.5 81 78 78.2 78.3 74.3 73.4 73.6 73 73.5 73 72.4 72.4 72.4 72.9 73.9 75.3 75.2 75.2 77.4 79.6 79.6 79.3 77.9 76.5 74.7 73.3 72.7 72.3 71.3 70.8 70.8 70.8 70.8 70.8 70.8 70.8 71.9 73.6 74.5 74.3 73.5 72.1 70.7 69.3 67.8 66.7 65.4 65.9 65.9 65.4 65 64.4 63.4 62 63.1 63.2 63.4 63.3 64.1 65.2 66.6 67.8 68.9 69.1 70.1 70.2 68.9 67.7 68.3 69 69.8 70.3 70.3 71 72.3 71.1 67.9 70.7
81.2 79.4 78.8 78.7 77.7 74.6 74 74.7 74.9 75.5 75 73.9 73.5 74.1 75.4 76.4 77.9 78.6 78.8 79.4 80.3 80.4 80.2 79.1 76.5 74.6 73.6 72.5 71.5 71.4 71.3 71.6 71 71.4 71.1 71.2 72.3 73.5 74.8 75.4 74.1 73.3 71.9 70.1 69 67.8 66.8 66.5 66.8 66.4 65.4 65.4 64.4 63.2 62.1 62.1 62.3 63.1 62.8 64 65.7 66.5 67.6 68.7 69.3 70.5 70.5 69.1 68.7 69.9 70.8 71.8 72.4 73.6 73.8 73 71.9 71.4 70.3
79.6 78 78.2 75.6 74.4 77.5 75.6 76.4 77.7 78.3 78.5 76.5 75.6 76.1 78.1 78.5 79.9 80.5 80.9 80.7 81.7 81.9 81.8 79.7 76.8 74.7 73.5 72.3 72.5 72.6 73.2 73.4 72.6 72.4 71.9 72.5 73.7 74.9 75.6 75.1 74 72.9 70.7 70.2 69.5 68.5 67.3 67.5 67.3 67.6 65.5 64.4 65 63 62.1 61.5 61.6 63.3 63 64.7 66.5 67.7 68.3 69.1 70.7 71.4 70.9 70.4 71.2 71.7 72.7 73.7 74.6 75.5 75.9 74.6 73.8 73.1 70.3
79.4 78.1 75.8 75.7 75.9 75.3 76.9 77.1 79.5 80.7 80.9 80 79 77.2 80.2 80.6 81 82.2 82.7 82.1 83 83.1 81.7 79.4 76.4 74.6 74.3 74.5 74.5 75 75.7 75.5 74.7 73.5 72.6 73.7 75 76.2 75.8 75.1 73.8 71.7 70.7 70.5 69.6 68.7 67.7 67.5 66.7 66.9 65.4 64.5 65.3 64.1 62.5 61.7 63.4 62.7 63 65.2 67.2 68.7 69.7 70.4 71.7 71.8 71.9 71.6 72.5 73.5 74.6 75.7 76.6 77.6 77 76.6 75.8 75 74.1
79.2 77.4 76.9 77 76.8 76 78.2 78.9 81.1 83.1 82.2 83.1 81.5 79.5 81.5 82.3 83.1 84.1 84 83.7 83.5 82 81.2 78.6 76.3 76 76.6 77 78.1 78.5 78.5 77 76 74.4 74.4 75.2 76.1 76.5 75.8 74.7 73.3 71.9 71 70.6 69.7 68.8 68.1 68.4 69.1 66.7 65.5 65.1 65.1 65.4 63.3 62.9 64.1 62.3 63.1 65.9 68.1 69.6 70.8 72.3 73 72.2 72.2 72.6 73.3 74.5 76.4 78 79.6 79.7 80.1 78.8 77.9 77 75.2
80 79 78.7 77.8 77.5 76.6 78.4 79.2 81.1 83.8 84.6 84.3 82.4 79.9 82.5 84.4 85.4 86.1 85.6 84.8 83.8 82.5 80.4 78.1 79.1 79.1 79.4 80.4 81.4 81.7 80.9 78.8 76.8 75.7 76.2 77.2 76.9 76.8 75.9 74.5 74 72.4 71.4 71.1 70.6 69.2 68.4 69.6 67.6 66.5 65.7 65.3 64.7 64.7 65.9 67 64.8 64 64.5 66.7 69.1 70.9 72.1 72.7 73.8 73.8 73.9 73.8 73.3 75.2 78.2 81 83.6 85.5 84.6 81.3 80.2 78.7 76.5
82.1 81.1 80.2 78.5 76.7 77.1 78.5 79.5 81.5 84.2 85.1 84.6 82.7 81.1 83.9 86.1 87.8 88.2 88.1 88.7 85.5 82.8 79.6 81 82.6 81.7 82.6 83.5 84.3 84.3 82.4 80.1 77.9 77.6 78.3 78 77.4 77.3 75.9 74.4 74.1 73.3 72.9 72.4 71 69.5 68.7 68.9 66.8 66.7 64.9 64.6 64.8 64.7 64.5 67.6 68.7 66.2 66.5 68.5 70.8 72.9 73.6 73.8 74.6 75.7 75.9 75.5 74.2 75.8 79.6 84.1 89.3 92.2 90.1 86 82.5 80.4 78.2
83.9 82.6 81.2 79.7 78.4 78 79.2 79 81.7 84.7 86 85.3 84.4 84 85.5 88.4 90.5 90.4 89.7 87.8 86.3 82.7 80.9 83.8 85 84.9 85.2 86 86.5 85 83 80.7 79.4 80 79.3 78.7 78.3 77.5 75.4 74.4 74.4 75.1 74.3 73.6 71 70.6 68.5 68.4 68.6 66.8 64.3 64.6 65.3 65.1 64.6 66.4 69.5 71.4 69.1 70.8 72.9 74.6 75 75.3 76.2 77.7 78 77 75.9 76.7 80.4 85.7 96.5 108 102.3 90.9 86 83.8 81.9
87.5 85.2 82.5 81.3 80.6 80.4 80.7 80.3 80 84.6 85.6 85.5 86.2 87.2 88.6 90.9 92.4 92.5 91.3 89.5 86.5 82.5 82.7 86.2 87.1 87.3 87 86.6 85.4 84.3 82.7 81.5 82 81.3 80.2 79.2 78.6 76.8 75 74.4 74.2 74.7 74.4 74.1 71.6 71.1 69.5 68.8 68.3 67.7 66.3 64.7 64.4 64.6 64.9 65.4 71 71.6 72.9 73.9 75.2 76.3 77.1 77.7 78.7 79.6 79.7 78.3 76.7 78 81.2 87.6 98.4 112.4 112.9 98.8 92.6 89.9 87
88.8 87.6 86 85.1 83.8 83.5 82.8 82.4 80.2 84 85 87 88.9 88.9 92.6 93.8 94.1 93.6 91.9 89.3 86 83.3 84.4 87.6 89 88.6 88.3 87 84.5 82.9 82.9 83.7 84 82 81 80.1 78.9 76.5 75.2 74.5 74.2 74.2 74.3 74.2 73 72.5 70.4 69.7 68.1 68.3 67.2 66 66 66.3 68.2 71.7 73.2 73.4 74.4 75.7 77.1 78.7 79.4 80 80.3 80.9 81 79.2 77.2 79.4 83.4 90.5 105.6 116.2 117.9 110.5 105.6 104.2 92.7
90.2 90.4 89.1 87.8 86.8 85.8 85.7 84.6 82.8 82.6 85.1 87.6 91.6 94.4 95.9 96.1 95.8 94.4 91.3 87.4 87.2 86.2 86 89 90.6 90.2 89.5 86.9 85.2 85.2 85.1 86.1 85 83.6 83.3 80.9 79.5 77.1 75.1 74.6 74.3 74.8 75.5 75.8 74.5 73.1 71.6 70.8 70.2 68.5 67.7 67.5 67.6 68.8 73.2 74.2 75.1 75.2 76.5 77.6 79.1 81.1 81.4 82.3 82 81.6 80.3 78.7 79.1 81.4 86.8 93.3 113.2 119 122.6 118.4 116 113.9 107.5
91.4 91 90.5 89.9 88.9 87.8 87.2 86 84.9 82.7 85.6 90.5 94.8 97.8 99.2 98.8 97.2 93.4 91.3 91.4 90.9 89.5 86.6 91.7 91.4 92.2 89.4 87.4 87.6 86.9 86.5 86.8 85.3 85.9 85.1 83.3 81.2 77.6 75.9 75.1 74.8 75.5 76.2 77.2 75.6 74.7 73.7 72.4 71.8 70.5 69.1 69.2 69.8 73.1 73.8 75.5 77 77.6 78.4 79.4 81 83.1 83.5 84.8 83.6 82.7 82.4 83 82.1 85.5 90.8 107.3 116.5 122.5 125 124.5 123.2 121.3 118.2
92.2 91.7 91.3 90.6 89.3 89.2 88.3 86.8 85 84.5 87.8 92 96.2 99.8 101.4 100.6 99.5 96.9 94.3 95.4 95.3 92.9 89.2 93.6 94.7 93.6 90.5 90.2 89.2 87.7 87.8 88.1 88.3 87.8 86.9 85.7 83 79.7 77.5 76.6 76.3 76.6 77.1 78.3 76.6 76 75.3 74 73.4 71.5 70.3 70.8 71.4 72.7 74.7 76.3 77.8 79 80.2 81.3 82.8 83.9 87.7 87.6 87.4 87.4 88 88.6 86.2 89.6 101.8 115.8 122.6 125.5 125.2 125.3 125.5 123.9 123.3
92.4 92.3 91.5 90.7 90 89.4 88.7 87 87 85.3 88.1 91.9 95.4 99.3 101.1 101.3 101.4 99.9 99 99.1 98.4 94.8 91.2 95.1 97.8 95 92.9 91.9 90.2 88.8 88 88.5 89.5 89.2 88.3 87.3 85 82.2 79.7 78.4 77.9 78.2 79 79.2 78.2 76.8 76.2 75.2 74.1 72.3 70.8 71.4 71.6 73.1 75.1 77.4 78.9 79.7 80.9 83.6 84.9 86.8 88.8 91.2 92.7 93.1 95 95.7 96.2 96.4 111.2 121.9 125 125.3 125.2 125 124.4 124.3 123.6
91.5 91.7 91.4 90.4 90 89.7 88.9 87.4 87.7 88.1 88.8 91.1 93.6 98.3 99.7 100.6 102.1 102.5 101.8 101.1 100.4 96.5 92.6 97.2 99.5 96.4 92.8 92.4 91.4 89.4 88.6 88.3 88.8 88.8 88.9 88.5 87.3 84.9 82.1 80.5 79.9 79.7 80.1 80.2 78.6 76.7 76.4 75.8 74.4 72.6 71.3 72.1 73.1 74.7 76.5 78.4 80.7 80.7 82.4 84 86.4 91.2 92.8 95.4 96.5 98.2 101.2 103.1 103.7 108.1 117.5 123.9 126.3 125 124.9 124.2 123.8 122.6 122.9
91.7 91.4 91.1 90.2 90.1 90.1 89.5 89.7 89.7 89.8 89.8 91.1 93.5 96.5 98.3 99.7 102.1 104.2 104.1 103.6 102.4 101 98.9 98.5 101.6 97.9 95.4 94.8 94.2 93.3 91.8 90.4 89.1 89 89.1 88.9 88.6 87.4 84.8 83.4 83.3 82 81.3 80.7 79.1 77.8 76.9 76.1 75.1 73.8 72 71.8 73.7 75.5 77.5 79 80.5 81.8 83.1 86.9 92.5 97.2 105.2 105.8 98.9 101.9 108.1 111.9 112.5 116 121.7 125.8 127.1 127.1 126.4 124.3 122.1 122.2 121
90.8 90.9 90.6 90.1 90.1 89.8 90.5 90.5 91.6 91.1 90.9 92.5 93 95.2 97.4 99.2 102.8 104.4 104.7 104.6 104.1 105 102 99.2 99.2 97.9 97.3 97.6 97.8 97.4 96.4 94.7 93 91.1 90.4 89.8 89.8 89.3 87.2 85.3 84.2 83.5 82.9 81.7 79.8 78.4 77.7 78.1 76.6 74.5 72.1 73.2 75.4 76.9 78.3 80.1 81.6 82.7 83.1 90.5 100.6 110.4 114.6 114.5 113 100.9 108.1 118.6 121.4 120 125.1 126.9 127.3 127.1 126.5 125.2 124.2 122.9 120.6
90.1 90.5 89.4 91.2 90.4 90.9 91.3 91.8 92.5 92.6 93 92.9 93.4 95.1 97.4 99.9 101.9 103.8 104.2 104.3 105.2 105.7 103.8 101 100.5 99.5 99 99.5 99.4 99.2 99.4 98.1 96.3 94.6 92.8 91.4 90.7 89.7 88.4 87.5 86.5 85.7 84.7 82.9 81 79.4 78.7 78 77.5 75.5 75 74.8 74.9 76.9 79.3 81.1 83.3 84.2 84.6 89.7 98.4 111.3 117.3 120.4 120.5 116.7 104.3 121.2 125.9 125.2 127.9 128 127 126.7 126.3 125.3 124.1 122.4 120.3
89.8 89.6 89.6 89.9 90.9 92.2 92.9 93.2 93.9 93.9 94.1 92.7 94.4 95 96.6 97.7 99.2 101 103 103.5 104.9 105.3 104.8 103.7 103.2 103.1 102.7 102.7 102.1 101.6 101.1 100.6 98.9 96.7 94.5 93.2 90.5 91.1 91.5 89.7 88.8 87.5 86 84.6 82.5 81.7 80 78.6 78.2 76.6 75.9 76 76.5 78.3 79.4 82.8 84.9 85.1 85.8 88.2 93.4 104.9 115.5 121.6 124.5 126.1 117.5 107.7 126.8 128.2 128.9 128 127.2 126.4 125.3 123.9 123.4 122.7 122.3
89 89.1 89.2 90.8 92.2 93.2 94 94.2 95.2 94.8 94.4 95 95.1 94.9 96.4 97.3 98.5 99.7 101 102.8 103.6 104.6 106.8 107.5 109.5 109.8 108.9 108.4 108.4 106.5 104.8 104.4 102.2 98.9 96.2 94.7 93.9 93.3 93 93.1 90.8 89.2 87.6 86.1 84.5 83.4 82.6 81.1 80.2 79.1 78.1 77.6 77.9 78.3 78.4 82.7 83.3 84.5 84.8 88.8 92.6 97.6 107 118.4 125.4 127.8 127.3 116.5 113.7 126.4 128.1 127.1 126.3 125.5 124.2 122.9 123 120.4 121.2
87.8 88.4 90.5 92.2 93.6 94.6 95 95.4 95.1 94.4 93.5 93.7 94 94.5 95.6 96.5 97.3 98 99.2 101.1 103.7 105.6 108.8 113.5 116.7 117.9 118.4 118 118.2 115.1 112.1 109.8 107.4 104.4 101.7 99.4 98.2 97.9 97.6 96.5 95 91.7 90 88.5 87.6 85.8 84.8 83.9 82.9 82.2 80.9 79.8 79.4 79.7 80.3 80.3 82.4 83.6 84.3 86.9 89.2 96.2 104.7 112.4 120.8 126.8 126.5 126.1 116.1 118.8 125.6 125 124 124.3 123.5 123 121.6 120.5 120.9
86.9 88.9 91.5 93.8 95.2 95.8 97.1 96.1 95.3 93.9 93 92.8 92.9 94.1 94.8 95.6 96.5 96.8 98.1 99.9 104.1 107.3 111.4 118 124.2 128 130 130.2 127.5 124 120.9 118.6 116 113.3 110.7 107.4 104.8 101.5 102.6 101.6 99 95.9 93 92.5 92.3 90.3 88.1 86.6 86.1 82.5 84.1 82.6 80.6 80.8 80.5 80 84.5 86 86.2 87.8 90.5 96.8 108.9 113.6 119.2 127 127.2 126.3 124.7 116 121.6 124.1 123.4 121.9 121.2 120.3 120.2 120.9 120.4
88.2 90.7 93.2 95.3 96.6 97.1 97.7 96.5 94.5 93.5 92.5 91.7 92.4 93.5 93.9 94.6 94.6 95.9 97.4 99.6 103.8 107.7 112.2 117.9 124.4 132.3 135.3 134.2 135 133.6 130.9 127.7 124.9 123.7 123.1 116.9 111.4 106.6 107.9 105.8 102.8 99.6 99.4 100.2 98.9 97.7 93.4 91 88.7 89.1 87.5 84.9 82.6 82.3 83.8 82.5 85.5 87.7 89.1 92.4 94.3 97.5 110.6 116.2 122.3 126.5 126.8 125.5 125.3 124.7 114.5 122.2 122.4 121.2 120.2 120.5 120 121.2 119.9
90.4 92.8 95.2 96.5 97.7 98.5 98.6 97.3 95.2 93.6 92.2 91.3 91.5 92.5 93 93.2 93.9 95 96.5 98.6 102.9 106 109.6 115 119.1 122.5 128.4 130.1 135.7 136.9 137.3 136 133.5 132.3 130.2 125.6 119.3 115.7 112.9 110.2 106 108.1 109.7 109.4 108.8 107.7 103.9 98.9 98 97.2 94.9 91.3 87.6 86.1 89.4 86.1 84.3 88.9 93.7 102.6 105.6 102.4 112.4 117.3 124.9 127.1 126.2 125.5 124.3 124.4 123.1 115.5 121 119.6 121.4 118.4 118.9 119.3 118.6
91.4 93.8 95.9 96.9 97.9 98.8 98.3 97.4 96.1 94 92.3 91.1 89.2 90.8 91.5 91.6 92.5 93.8 95.2 97.8 99.9 102.6 106.5 108.7 112.4 115.2 118.5 122.5 126 128.7 135.4 136.5 136.5 135.7 134.8 130.5 120 121.9 120 114.8 118 118.4 117.6 119.4 118.7 117.5 115.5 112.4 110.7 110.7 106.3 100.7 93.4 90.7 90.8 90.3 88.4 90.6 97.8 108.5 111.6 111.8 115 120.2 125.9 125.8 125.3 124.7 123.6 122.3 121.2 120.1 116.2 118 120.5 117.2 118.1 118.7 117.3
