UK/data/nx/nx46_OST50GRID_20230518/NX46.asc
ncols 200
nrows 200
xllcorner 240000
yllcorner 560000
cellsize 50
[rows 38 to 75 of 200, columns 0 to 84 of 200]
75.7 76.6 77.5 78.3 79.1 79.6 79.1 79.3 80.1 81.4 82.9 82.8 82.8 82.8 82.7 81.2 79.8 79.5 78.5 75.5 72.4 68 63.8 60.1 58.5 58.4 57.1 56.9 53.2 51.5 51.1 50.9 51.5 51.8 52.6 51 49.1 47.9 46.6 45.3 44 44.8 44.6 43.3 43.1 43.1 42.8 43.6 43.6 44.9 48 52.2 56 58 57.5 57.9 60.6 63.5 67.1 74 78.8 81.5 82.6 85.7 88.6 92.3 96 98.8 102.1 103.4 104.1 106.1 107.2 106.7 107.4 108 106.1 104.5 101.3 97.5 97 98.4 101 104.4 105.3
72.8 73.8 74.7 75.5 76.1 76.7 76.8 77.1 78 79.3 80.7 81 80.9 81 80.4 79.2 78.1 77 74.8 71.6 67.5 63.3 58.9 55 53.4 53.9 53.7 52.4 50.9 50.4 49.8 49.4 49.9 50.3 50.5 50.1 48 45.2 44.1 43.3 43 37.4 40.6 41.7 42.3 42 44.6 47.9 49.1 47.8 48.7 52.6 56.2 57.8 58 58.6 60.1 63.5 68.7 74.2 79.2 82.2 84.9 88.8 92 94.7 98.2 102.2 105.1 105.5 108.3 109.4 109.5 108.6 109.7 108.9 107.2 105.2 102.6 98.4 95.8 97.1 99 101.4 102
71 71.8 72.5 73.1 73.3 73.8 74.3 75.1 76 77.1 78.7 78.5 78.4 78.5 78 77.4 76.6 75.2 72 67.1 63 58.4 55.3 52.2 51.1 51.1 50.6 50.4 49.5 48.9 49 48.2 48.4 48.8 48.4 47.1 45.6 43.2 42 40.3 40.2 39.8 40.7 41.3 41.6 44.3 47.4 51.4 52.6 49.3 49.2 52.3 55.7 57.6 58.5 60.4 61.8 65.4 71.4 74.2 77.7 80.9 86.2 89.9 92.7 96.2 100.4 104.5 105.7 109 110.9 113.1 112.1 111.2 111.3 109.7 107.8 105.4 102.7 99.6 96.5 95.7 97.9 100.6 101.9
69.6 70 70.9 71.9 72.2 73.1 73.6 73.1 73.6 74.8 75.6 75.7 75.7 75.7 76.3 76.4 75.1 74 70.1 65 59.7 55.7 52.6 50 48.5 48.1 48.4 48 47.9 45.4 47.4 47.2 45.5 46.1 46.2 44.5 42.8 40.2 38.6 36.7 39.9 41.6 43.2 43.5 43.5 45.5 47.7 49.9 52 51 52 54.7 57.9 59.1 59.4 64.1 67.1 70.8 74.5 76.3 79.3 81.3 85.3 89.7 91.9 96.5 101.5 104.9 108 111 112.7 113.8 113.9 114 112.4 110.2 108.1 105.7 101.4 98.4 96.9 93.4 95.7 96.3 97.3
68.9 69.7 70.4 70.8 71.6 72.5 73.1 72.8 72.1 71.5 72.3 72.9 72.9 72.9 74 74.8 73.3 72.2 68.1 62.4 57.4 54.2 51.2 48.1 45.4 43.8 45 45.7 45.3 43.3 43.9 45 43.9 42.6 42.8 41.4 38.6 34.6 38.8 40.1 42.2 44.4 45.5 44.2 44.5 45.4 47.7 50.7 51.5 51.4 52.8 55.2 58.3 61.1 61.9 70.2 72.1 73.9 77.8 81.4 81.6 83.5 86.7 90.1 93.6 98.3 103.4 107.2 110.3 111.8 113.7 114.3 114.5 114.2 112.9 110.4 108 103.8 99.5 96.7 93.3 90.3 91.1 90.8 88.6
68.4 69.3 69.3 70 70.4 71.6 72.3 72.5 71.7 70 69.4 69.8 70 70.7 72 72.2 71.1 69.9 65.6 59.9 55.4 52.5 49.7 47.1 44.3 41.6 41.3 42.5 42.8 41 40.3 40.8 41.9 39.6 39.4 36.5 38 39.4 40.5 42 42.6 42.9 43.1 43.2 44.1 45.8 48.3 50.9 51.4 51.7 52.5 55.2 59.7 61.6 66.5 73.3 76.7 77.1 79.2 83.6 83.3 86.9 89.6 92.4 95.9 100.1 105 108.4 111.9 112.3 114.4 115.1 114.5 114.7 112.4 109.5 105.6 101.4 97.7 94 87.9 83.4 81.5 83 81.6
68 67.9 67.8 67.8 68.4 69.9 70.1 71.3 72.2 70.1 67.9 67 67.6 68.6 70.5 70.1 69.4 68.4 63.2 57.4 53.9 50.9 48.7 45.8 42.7 40.1 39.3 39.8 40.2 38.9 37.9 38 37.9 37.2 33.6 37.4 38.9 41.7 44.5 43.9 42 42.4 43.3 45.1 45.9 47.5 49 50.4 51.6 52.2 54.7 58.4 61.7 64.5 67.4 76 81.3 81.2 82.4 85.6 86.9 88 91.2 94.7 96.8 101.4 105.6 110.2 111.6 112.3 115.3 116.2 116 114.8 111.8 107.6 102.9 98.3 93.9 90.1 85.7 79.5 77.2 79.2 81
66 66.4 66.4 66.5 66.6 66.7 67.1 67.5 68 68 66.5 65.1 65.6 66.9 69 68.5 67.9 66.4 60.9 55.5 51.6 48.5 45.9 43.9 40.9 38.6 37.1 36.7 37.5 36.3 36.9 36.8 33.5 36.2 38.1 39.4 43.4 42.8 41.9 42.5 42.4 43.4 44 46 47.8 50.1 52 54.6 56.8 57.6 59 64.2 65.9 69.3 71.8 77.4 81.5 83.5 85.8 90 93.1 90.9 93.5 96.1 99.1 102.8 106.8 109.7 111 115.3 117 117.6 116.4 114 111.2 104.6 100.2 95.7 88.4 84.3 78.6 79.3 76.6 76.6 78.5
63.4 64.5 65.1 65.3 65.4 65.5 65.4 65.4 65.3 65.1 64.6 63.8 64.1 65.3 67.3 67.1 65.9 63.7 58.4 52.9 48.9 45.8 43.2 41.5 38.7 36 34.6 34.1 35.3 37.4 36.2 36.7 34.9 35.3 37.2 39.8 42.9 42.7 41.2 42.3 42.3 42.9 44.6 47 50.3 53.8 55.4 56.3 59.8 61.8 64.5 66.5 67.6 71.7 76.3 80 83.7 88.5 93.6 96.2 97.1 95.1 95.9 98.4 102.8 105.9 107.6 109.4 114.4 118.3 119.9 117.5 113.8 111.1 108.6 102 97.5 92.5 83.8 78.4 74.9 75.1 73.2 75.7 77
60.2 62.4 63.1 63.6 64.1 64.3 64.2 64 63.9 63.6 62.9 62.2 63.2 64.5 65.9 66 63 59.7 55.1 50.3 46.3 43.2 40.9 38.7 35.4 33.5 33.4 34.3 37 40.6 38.4 36.2 32.7 34.6 36.3 38.6 40 40.7 40.9 42 42.2 42.8 46.4 48.7 52.4 54.7 56.4 57.9 63.4 67.6 68.5 69.4 70.8 75.3 81.1 85.2 89.1 95.9 98.9 97.2 97 97.2 97.7 100.3 103.4 105.6 108.5 111.2 113.8 115.2 116.3 114.2 110.4 107.9 104.6 98 93.9 87.7 79.3 73.3 72.3 71.8 68.8 73.4 73.3
56.3 60.7 60.6 61 61.6 62.2 62.5 62.5 62.4 62.1 61.7 61.1 62 63.4 64.5 65 62 57.9 53.5 48.3 44.1 40.9 38.6 36.1 33.3 32.1 33.2 34.6 36.3 38.6 36.8 35.9 34.8 34.1 35.2 38.2 37.7 39.1 41.2 42.5 42.3 43 45.2 47.8 50.7 53.2 56.8 61.2 64.5 68 73.4 73.1 74.3 81.8 87.6 90 95 99.2 101.5 98.8 99.8 100.1 101.3 102.3 103.6 105.9 108 109.6 111.8 112.7 112.5 110.4 107.1 104.7 101.1 93.8 87.5 80.5 74.3 70.3 68.8 69.9 66.5 69.2 68.3
55.1 56.4 57.8 58.5 59.1 59.7 60.1 60.4 60.8 60.8 60.7 60.7 60.7 62 62.7 63.1 60.8 56.4 51.5 45.9 41.2 37.5 36 33.4 31.6 31.9 33.5 34.3 34.8 35.9 37 36 34.2 33.7 33.9 37.2 37.4 37.9 42.9 46.8 44.5 44.9 47.4 49.8 52.2 54.8 58.7 62 65.5 68.8 75 77.4 80.6 84.7 92.5 97.1 101.1 103.8 104.2 101.5 102.1 103.3 104.3 104.1 103.9 105.4 105.8 109.5 108.7 108.5 107.8 106.8 103.4 99.9 96.7 88.4 80.8 75 71 68.4 66.2 65.5 65 66.5 65.8
54.3 54 54.6 55.7 57 58 58.1 58.5 59.3 59.5 59.5 59.5 59.5 60.1 60.9 61.1 59.3 55 49.3 43.4 38.5 34.4 32.6 31.7 31 31.3 32.5 33.6 34.5 34.8 35.6 34.2 32.5 29.4 32.6 33.8 37.2 40.1 45.4 45.2 47.3 48 51 53 54.8 57.1 61.2 66.9 70.5 75.2 78.3 79 83.9 87.8 99.9 103.3 105.9 108.8 105.7 103.7 104.2 105.3 106.1 104.9 104.2 103 109 110.6 103.9 104 103.6 102.5 98.9 94.7 90.2 81.1 75.2 68.3 67 65.6 63.6 63.4 64.3 65.6 65.6
55.1 53.8 53 53.3 56.1 57.1 57.5 57.8 57.9 58.1 58.1 57.8 57.8 58 58.9 58.5 56.2 52.5 47.9 42.1 36.3 32.2 30.2 30.7 30.8 31.6 33.1 33.1 34 34.3 33.9 31.6 31.9 29.7 32.4 34.7 38.6 43.1 45.8 47.1 49.8 51.9 54.5 57.1 57.8 59.2 63.7 69.1 75.4 77.8 81.4 84.5 87.2 100.9 105.7 109.8 111.6 109.4 106.8 106.1 105.9 107 107.4 106.2 102.8 100.3 102.1 102.5 97.3 100 100.2 98.5 95.1 89 81.8 74.8 66.9 63.3 62.8 62.1 62.1 62.5 63.6 65.6 65.6
52.9 52.6 51.2 51.9 54.4 56.2 57.2 57.7 57 56.5 56.2 55.9 56.1 56.4 56.7 56.1 53 49.1 45.3 39.5 33.9 29.8 29.1 29.5 31.1 33 33.1 33 33.7 33.8 32 30.9 31.4 28.7 33.4 37.7 40.4 44 47.1 49.1 50.9 53.3 56 57.9 59.2 61.1 65.3 70.3 76.1 79.4 85.5 90.5 96.1 103.9 112.2 116.3 114.2 109.9 109.8 108.6 106.4 108 108.7 106.2 102.5 94.9 95.6 94.6 93.4 97.2 96.1 93.6 90 81.2 75.9 70.5 63.2 61.7 61.1 61.5 61.7 61.8 62.6 66 71.6
49.1 49.7 50.1 51.2 51.9 54.2 56.1 56.5 55.5 54.6 54.3 54.2 54.5 54.7 54.8 53.6 51.3 47.4 42.4 35.7 31.2 28.6 29.1 30.9 31.9 32.8 32.9 33.7 33.7 33.6 30.9 29.8 27.2 35.6 39.3 39.8 41.4 44.8 47.2 49.1 52.1 54.8 57.3 60 62.6 65.5 69.1 73.2 78.5 82.6 91.8 98.8 105.2 108.6 117.8 117.4 115.1 115.9 113 111.4 108.3 106.9 107 104.4 100.8 92.9 87.7 89 90.4 95.4 93.1 86.7 81 76.1 71.7 67.4 62.6 60.9 61.9 66.9 60.6 61.1 61.7 63.9 66.2
42.7 44.8 46 48.6 50.6 51.8 52.6 52.9 53.9 52.8 52.4 52.5 52.9 53.3 52.8 51.8 49.7 45.8 39.4 33.6 29.3 28.2 28.3 31.4 31.6 31.9 32.2 33.2 33.5 32.4 27.3 30.2 33.4 41.6 40.9 41.3 42.8 44.9 47.3 50.1 53.5 56.6 58.6 62.6 66.3 69.5 72.5 76.5 83.1 90 97 103.5 111.9 116.8 120.1 121.6 123.8 122.3 116.7 112.9 108.2 105.7 102.6 99.2 93.1 83.7 82.7 86.4 89.8 93.1 87.1 80.9 74.1 69.3 65 62.7 61.3 59.9 60.8 61.4 59.2 59.2 60.1 62.8 67.6
35.1 35.7 39 44 47 49.1 50.3 51.3 51.4 50.9 50.6 51 51.5 51.4 50.8 49.9 47.5 42.7 36.8 30.9 28.7 28.1 26.6 30.8 32.2 32.2 31.2 30.1 28.3 27 28.6 30.9 40.4 40.8 42.1 43.1 44.3 46.2 48.7 51.2 54.3 57.4 59.8 64.3 69.1 73.8 78 84.4 93.3 102.7 103.6 106 114.7 119.1 123.6 128.3 129.4 123.8 116.3 110.4 105.5 98.8 95.9 91.8 84.7 78.7 84.6 87.1 88.7 87.6 81.8 73.9 68.3 66.4 64.1 64.2 61.2 59.6 60.1 60.6 58.9 57.4 59.3 62.5 66.2
35.1 33.1 32.5 35.6 42.7 45.6 48 49.6 49.9 50.1 48.9 49.3 50 50 49.7 48.1 45.5 40.4 34.1 30.1 28.4 28.5 28.4 30.1 30.5 31.9 26.6 27.1 24.9 27.7 33.4 38.3 45.8 41.2 42 43.6 45.7 47.9 50 52.8 55.2 58.8 63.4 65.7 71.3 81.5 87.2 94.8 99.3 106 112.8 116.3 119.9 121.2 121.7 124.2 126.9 121.3 113 101.9 95.6 90.7 88.6 84.5 77 75.7 83 87.8 86.2 83.1 76.4 69.4 68.8 69.6 68.3 63.9 61.9 60.9 58 58.6 57.4 56.7 58.8 61.9 65
37.3 36.3 29.6 29.6 32.4 37.8 45.1 47.4 48.4 48.7 47.2 47.5 48.7 48.5 48.5 46.5 44.2 39.3 33.7 30 28.6 27.7 25.4 29.6 30.8 31.6 26.6 25.7 27.1 31.9 34.6 39.3 40.8 40.6 41.9 45.4 47.9 51.6 55.9 56.6 58.7 62.6 67 71.6 75.1 82.3 90.3 98.8 104.3 112.8 122.6 127.1 129.6 128.4 125.4 120.2 115.4 111.3 107.9 97.4 89.5 85.3 83.4 78.1 72.9 71.4 74.7 83 82.2 77 68.7 66.1 68.1 69 67.3 61.5 59.5 57.4 57.1 57.1 56.1 56.6 59 61.9 64.4
29.6 36 30.5 22.3 22.9 26.6 35.2 44.3 46.1 46.9 47.9 47.7 46.8 45.8 44.7 44 41.8 40.2 36.1 30.9 29.9 30.3 29 27.6 30.8 31.2 29.3 24.5 27.5 33 35.8 38.3 39.2 43 43.6 48.8 52 56.8 61.4 60.3 64.2 69.6 72.2 76.3 80.5 82.9 90.4 103.1 110.9 117.1 127.9 132.6 134 133.1 129.1 118.4 109.7 104.3 98.5 95.3 87.9 81.3 77.4 74.9 69.4 68.2 69.6 76.9 75.4 69.3 63.9 65.6 65.3 63.8 62.5 57.4 57.1 57.6 56.2 56 55.7 58.1 60.7 62.7 63.9
13.1 26 25.2 19.7 14.3 12.9 22.4 37.8 43.4 45 45.9 46.3 45.7 44.1 43.4 40.3 38.8 38.8 36.7 34.8 30.5 31.1 30.1 26.8 30.1 30.7 25.4 26.6 32.3 34.2 35.2 37.6 41.1 45.2 45.2 52.9 58.2 60.6 61.9 64.7 70 75 80.1 81.4 84.9 88.7 95.2 101.2 110.1 117.1 125.7 130.8 133.5 134.4 126 114.5 107.1 104 95.9 93.5 90.6 80.7 74.4 68.3 64.1 62 67.3 71.3 67.9 62.5 61.9 62.5 63.7 60.2 58 56.3 56.9 57 54.6 54.3 56.1 60.3 62.8 61.9 65
15.3 17.5 18.7 13.9 11.2 12.2 10.6 22.6 35.6 40.5 41.5 41.6 42.4 43.5 41.4 37.5 37 37 36.5 34 31.2 30.3 28.6 27.1 30 24.9 21.1 30 33 34.3 35.9 42 45.5 47.4 48.9 56.1 59.1 62 65 67.8 72.6 76.3 80.9 83.8 90 95.5 101.5 107.5 112 116.6 121.4 123 125.6 123.2 116.4 112.1 106.5 101.1 95.5 88.9 86 75.2 68.2 60.8 57.4 60.7 68.2 63.9 60.7 60.2 59.7 60.4 61 58.3 59.8 56.2 57.7 54.6 53.2 53.8 55.5 59.2 59.3 62.8 70.2
26 13.1 11.9 13.6 31.9 27.4 17.5 12.1 10.1 26.7 32.5 35.4 37.6 39.2 39.4 38.3 35.9 35.7 34.3 33.5 32 30.6 27.1 23.8 28.6 28.9 19.9 28.8 32.4 33.3 37.7 43.4 48.4 51.3 54.9 57 60.2 66.8 69.6 73.3 74.9 79.5 83.5 89.9 96.1 100.9 107.8 116.8 121.6 122.6 114.9 115.2 115.8 114.3 111.3 107.6 103.5 101.2 96.7 87.3 82.7 71.4 61.9 55 52.9 57.3 61 57.1 55.9 57.8 58.2 58.4 58.7 55.9 55.7 54.2 55.9 52.5 52.8 54.9 58.8 59.7 63 68.8 76.1
29.3 26.2 30.5 34 36.2 36.7 29.1 18.6 22.3 10.4 16.3 25.6 29.3 33.8 35.6 37.3 35.3 33.7 32.5 31.2 31.8 30.4 30.6 29.4 19.5 23.3 18.6 30.4 31.7 33.7 34.8 44.6 50.9 54.7 58 61.2 66.1 70.4 73.1 74.8 75.6 81.8 88.2 93.8 98.5 105.5 114.5 119.5 124.8 120.4 110.8 109.4 111 115.1 109.1 104.5 100.9 104.9 101.2 90.5 79.9 66.2 56.2 51.4 49.9 53 52.8 51.3 52 54.6 53.7 56.7 58.5 56.3 53.8 52.4 52.9 52 54.7 63.4 68.2 69.4 73.5 76.9 81.9
33.5 34.5 34.7 32.7 32.8 32.9 27 28.8 34.9 30.6 17 10 22.8 29.6 32 35.2 34.5 31.3 29.3 28.2 29.9 30.2 30.2 30 23.7 19.7 16.8 30.5 31.7 34 42 47.9 53 58.1 61.7 64.7 69.6 73 76.8 80.3 81.5 85.2 89.3 97.7 103.6 111.4 121.1 121.4 120.9 112.4 106.7 105.5 109.6 112.6 111 102.8 94.5 97.6 96.3 90.1 77.9 61.4 51.4 46.3 46.5 47.2 47.2 47.9 47.9 50.5 49 55.2 60.8 58.4 56.4 50.9 51.2 54.2 63.9 74.1 79.7 81.2 83.5 85.2 88.2
40.3 39.4 35.4 33.1 30.8 30.6 34.7 34.1 38.4 40.2 37.9 23 9.6 25.5 30.2 31.8 30.7 29.4 27.7 27 29.8 29.3 29 22 15.2 20.3 29.3 30.5 32 40.1 47.8 53.6 58.7 61.7 65.6 69.5 73.4 77.3 81.4 85.7 88.3 89.6 94.8 102 108.1 116.9 122.6 122.4 114.6 109.5 106.6 102.6 104.6 111 108.1 100 90.6 83.9 83.1 75.8 62.9 53.4 46.8 43.1 43.2 44.7 43.4 43.6 45.1 46 46.4 54.1 54 53.1 50.4 52.7 56.4 62.7 73.1 79.5 84.6 87.2 88.9 91.3 94
40 39.6 36.2 30.9 31.2 30.9 34.3 35.9 36.9 38.6 39.1 33.2 18.5 9.6 21.1 25.1 27.1 27.5 26.3 26.4 28.6 25.8 13.6 17.3 18.9 29.3 29.6 30.5 36.5 45.4 53.4 60 65.3 70.8 74.1 75.5 77.2 81.2 85.6 90.9 90.6 91.5 95.8 103.4 110.9 115 120.1 120.2 109.1 108.2 104.1 100.2 99.7 104.2 106.1 95.3 85.2 77.4 74.2 60.9 53.8 48.3 43.5 41.4 41.3 41.4 42.1 42 42.9 44.6 44.9 46.6 47.4 51.8 57.9 62.5 67.2 71.7 78.2 84.6 89.7 92.5 94.4 96.5 98.3
36.1 37.8 32.8 35.4 41 37.4 34.5 33.4 33.3 35.3 35.2 34.1 29.7 16.5 9.6 13.6 24.5 23.9 24.6 27.7 28.9 12.2 16.9 17.3 19.2 28.9 29.9 33.5 39.3 48.1 57.2 62.9 69.4 75.4 79.7 79.8 79.9 82.3 87.1 90.6 91.8 93.9 95 98.6 102.6 110.2 110 108.1 102.7 98.7 95.9 95.4 94.9 98.9 100 91.9 84.1 73.2 62.6 53.7 48.7 45.4 42.9 41.3 40.5 40.5 40.6 41.5 42.5 47.8 51.2 55.7 58.7 62.2 69.3 73.5 75.6 78.1 83.8 90 95.7 98.1 98.1 98.5 102.1
32.9 33.5 32.1 38.2 44.2 47.6 44 41.5 33.5 31.4 33.5 34.8 33.9 27.5 20.2 9.6 9.6 19.7 23.9 26.1 27.7 11.6 16.3 16.9 28.5 29.5 30 35.2 41.3 47.3 54.9 61.5 69.2 75.2 81.2 82.1 80.5 85.7 91.1 90.5 91.9 94.2 95 92.7 94.9 99.2 98.6 96.7 95 91.8 90.5 89.7 86.6 80.3 77.1 78.9 72.8 63.5 55.9 50 47 43.9 41.3 40.8 39.7 39.8 40.3 44.5 51.9 57 61.2 65.3 66.3 70.3 75.8 79.8 82.2 84.6 89.3 94.9 100.3 103 102.9 102.3 103.9
32.3 33.2 32.8 38.6 40.5 47.9 48.1 44.6 39.3 36 31.6 32.2 33 29.8 27.6 18.9 11.9 8.9 8.9 26.4 27.5 10.8 15.7 17.2 23.1 28.5 28 33.4 39.6 47.1 54.9 62.3 67.4 72.9 80 83.2 80.6 86.4 92.5 93.3 90.8 92.3 91 86.5 84.8 87.9 90.1 89.1 87.7 86.2 86.5 86.9 85.7 87.5 87.4 81.4 70.7 63.3 55.1 49.9 46.5 43.1 40.1 39.5 39.4 41.8 45.3 48 59.3 64.8 67.4 69.7 70.9 75.1 80.5 84.3 87.1 90 94.1 99.1 103.5 107.6 107.8 106.8 108.4
36.1 39.3 43.7 41.6 43.9 46.6 49.1 45.2 39.9 38.5 35 31.4 28.6 27.7 26.5 24.2 21.4 12.2 8.9 12.9 25.3 10.2 14 15 15.8 26.5 26.9 30.9 37.5 44.6 52.6 60 66.1 72.3 75.9 77 79.5 85.3 89.8 93.1 90.8 88.5 85.9 80.7 76.6 78.7 81.7 82.8 83 84.5 86.5 89.4 90.2 91.9 94.7 88 74.2 62.7 55.2 49.1 44.4 40.7 38.9 38.3 41.8 46.7 45.8 49.2 57.9 66 69.1 71.3 73.1 78.8 83.7 87.8 91.3 95 98.9 102.3 105.8 109.2 115.6 113 112.8
42 46.6 49 48.7 49.5 50.5 48.2 46.6 42.4 38.2 37 36.3 29.2 26.7 24.8 23.8 22.8 20.7 11.5 8.4 18.8 9.7 13.2 13.7 18.6 26.8 26 27.5 34.2 42.2 49.9 56.2 63.2 69.3 71.7 79.1 84.8 85.8 89.3 93.2 92.9 89.7 83.1 78.6 74.8 70.4 76.1 79.7 83.3 84.9 86.9 89.1 88.8 87.7 95.1 87.3 75 63.1 54.2 47.3 42.3 38 37.5 37.8 39.2 40 43 48.8 56.6 61.3 67 70.6 75.8 81.9 86.7 91 94.2 103.2 109.4 113.5 112.5 113 118.8 121.3 116.1
44.8 51.4 55 56.6 55 49.9 49.4 49 46.8 41.6 37.8 36.3 34.6 29.1 25.6 23.8 22.6 19.2 12.5 9.7 9.8 9.2 13.3 13.7 18.9 27.9 26.9 27 31.2 39.6 46.6 53 59.2 65.1 69.9 76.6 78.9 83.3 86.7 89.1 87.1 81.5 77.7 73.9 68.1 65.8 73.4 78.8 79.7 81.7 82.4 84.4 86.8 87.2 88.9 84.2 73.4 60.6 51.2 41.9 37.6 36.9 36.9 37.1 36.9 37.6 43 50.2 53.3 56.6 62 68.1 76.1 85.3 91 93.8 98.1 111.6 120.2 121.1 117.6 118.1 119.1 119.4 119
50.4 53.4 57.7 59.5 58.8 56.5 52.5 50.2 48.6 44.6 42.8 38.4 33.8 31.3 29.8 26.4 23.3 20.3 13 12.4 9.1 9.2 11.9 13.3 16.3 27.9 30.1 26.1 28.8 36.8 44.6 51.8 58.7 62.5 65.7 70 73.4 78.1 82.3 80.8 78.8 75 71.4 68.3 65.6 64.2 69 73.1 77 79 80.5 86.2 88.4 88.1 90.9 84.2 69.4 55.5 46.3 39.3 35.8 36 36.2 36.3 35.9 36.1 40.1 47.1 49.8 53 57.4 64.5 74.4 85.3 90.7 92.4 101.3 118.3 126.3 127.6 122.4 120.5 120.3 120.2 119.8
52.5 56.6 59.2 60.6 60.5 58.8 57 53.9 51.2 49.7 48.3 44.4 37.4 31.9 29.8 29.1 26 21 13.1 10.7 8.2 10.4 11.8 12.9 20.4 27.5 26.9 25 27.1 33 42.1 50.7 58.3 61.1 63 63.9 67.4 72 73.9 73.9 72.7 69.7 66.6 63.8 61.2 61.9 68 72.1 73.3 77.3 79.2 86.8 92.1 91.5 86.4 82.3 66.9 52.8 49.4 43.9 35.9 35 35.7 35.7 35.4 37.3 41 44.2 49.4 53.2 58.8 68.6 77.9 84 88.6 94.2 106 120.8 130.2 130.2 124.7 121.3 120.7 120.8 120.9
50.6 58 60.2 62 62 61.1 58.8 56.7 54.5 52.4 51.3 49.7 42.7 36.1 31.5 30 26.5 20.9 13.7 8.2 7.6 10.2 12.7 13 21.7 28 32 25.1 26.2 28.8 38.1 46.5 53.3 56.9 58.1 58.9 61.6 64 66.5 67 66.7 66.8 63.7 60.5 58.8 61.4 64.7 70.7 70.8 73.8 75.8 84.7 94.3 93.6 81.6 79.4 63.9 54.8 50.7 45.4 37.6 35.6 35.7 35.5 35.4 36.7 42.1 44.5 48 54.4 63.7 73.2 82 85.5 89.8 99 109.7 122.5 131.2 133.5 129.6 121.8 121.3 121.4 121.5
50.6 55.4 62 65.2 64.5 67.9 63.6 60.4 57 53 50.6 51 49 42.1 33.7 28.8 26.2 20.9 15.3 8 7.6 10.8 12.6 13.4 17.1 28 32.1 25.4 24.3 26.6 31.6 40.3 47.6 50.6 52.7 54.4 56.4 58.3 61.7 60.9 61.3 61.8 60.7 57.9 57.7 59.4 61.9 66.5 69.1 70.3 74.6 79.5 87.6 91.2 83.3 73.2 62.6 52.4 47.3 43.5 38.3 35.5 35.3 34.8 34.5 36.1 41.3 44.5 50.1 58.6 68.8 76.1 82.4 87.5 93.7 103.3 113.3 124.4 132.8 136 135.1 126.2 122.2 122 121.8
