WholeMapElevations/data/sd/sd92_OST50GRID_20230518/SD92.asc
ncols 200
nrows 200
xllcorner 390000
yllcorner 420000
cellsize 50
[rows 0 to 34 of 200, columns 78 to 155 of 200]
366.2 362.1 361.4 360.8 354.6 358.7 359.9 359.9 360.1 358.5 357.1 355.6 353.6 350.9 349.5 350.1 349.1 353 358.5 363.7 369.2 375.6 380.9 382.5 383.4 382.9 381.5 379.7 378.8 378.8 377.6 377.4 377.7 377.7 377.1 376.5 375.7 374.2 372 369.9 367.9 366.3 362.8 360.1 356.7 355.6 353.3 351 348.8 346.1 343 339.4 335.7 331.1 325.2 316.7 307.1 294.3 283 273.2 264.3 256.2 248.8 242.4 224.3 198.7 179.8 175 179.9 200.3 224.6 242.9 258.6 269.8 276.8 287.9 298.9 307.4
367.5 366.6 364.7 362.3 359.3 352.8 354.7 355.2 355.7 355.6 353.9 351.6 349.5 347.8 346 346.3 346.7 347.1 351.9 358.7 364.9 370.6 376.1 378.1 378.5 378.6 378.2 376.9 375.8 375.1 374.5 375 375.3 375.7 375.6 375 374 372.6 370.9 369.2 367.7 365.4 361.3 357.9 355.8 354.3 352.3 350.1 347 344.1 341.3 338 334 328.7 321.6 312.7 304.3 291 281.7 272.4 264.1 256.9 249.3 244.2 235.4 208.6 183.4 171.1 174.9 194.3 216.2 235 253.3 267 274 281.4 290.9 303.7
371.3 369.4 367.5 364.5 361.8 358.8 353.5 351.6 352.4 352.7 350.7 349.7 347.5 345.3 343.5 342.6 343.2 341.8 346.9 351.4 359.8 366.8 370.4 372.7 374 374.2 373.9 373.6 372.9 373.1 372.5 371.9 372.8 373.5 373.8 373 371.9 370.9 369.4 368.4 366.5 364.2 360.8 357.3 354.8 352.4 350.6 348.5 344.9 342.3 339.1 335.7 330.6 323.8 315.3 306.6 297.8 286.6 279 270.8 264 257.3 249.7 245.1 237.3 211.1 177.3 170.4 171.3 188.5 209.4 229.2 248 265.1 271.9 275.8 285.7 298.9
372 370.9 368.5 366 363.2 359.5 354.9 345 349.6 349.8 349 347.9 345.9 344.1 341.8 339.2 339.4 339.5 341.6 345.9 353.4 359.5 363.7 366.3 368.6 369.4 369.6 369.2 368.7 369 369 368.9 369.9 371.1 371.9 371.1 370.7 370 369.2 367.3 365.4 363.6 360.1 356.9 353.8 350.9 348.2 344.9 341.6 338.7 335 327.9 320.3 314.6 307.3 299.6 291 283.5 276.8 269.6 264.5 256.1 249.8 238.2 232.6 221.1 199.5 175.8 168.4 181.7 203.6 226.4 245.2 261.2 267.4 270.7 278.4 288.3
373.2 371.7 368.8 366.2 363.4 360.7 357 351.4 344.4 345.7 344.1 345 343.9 342.3 339.4 334.8 336.2 337.3 337.7 340.6 344.6 351.5 355.9 359.9 362.4 364.3 364.7 364.8 364 364.5 365 366.2 366.7 368.1 368.7 369.9 370 369.4 368.3 366.7 364.9 363.1 359.3 356 353.8 350 347.1 342 333 328.9 322.7 314.6 308.8 304.7 297.6 291.5 286.2 280.2 273.6 268.2 262 251.4 250.2 247.9 244.9 238.5 214.2 186.3 167.7 177.1 197.2 220.8 238.9 255.3 262.5 267.7 272.3 277.8
373.7 371.5 368.7 365.6 363 359.3 356.3 351.9 340.3 339.6 338.3 337.7 337.6 336.9 335.2 331.6 331.4 333.8 334.9 335.4 338.4 341.6 347.2 351.1 355.5 357.9 359.6 359.8 360.3 360.2 360.3 361.7 363 364.2 366.5 367.7 368.7 368.3 367.2 366.1 364.6 362.7 358.2 356 353.6 350.9 348.1 341.1 338.7 326.3 313.1 305.5 295.7 288.9 287 281.3 277.9 274.6 268.3 262.6 262.2 259.4 255.8 253.2 249.3 242.3 221.9 191.3 168.5 171.7 189.9 213.3 234.2 251.1 258 263.8 268.6 272.4
372.5 370.9 368.1 364.5 360.8 356.8 352.5 347.9 342.5 329.8 332.6 331 330 328 326.1 323.9 325.7 328.7 330 330.8 332.9 334.4 338.3 341.4 346.7 350.7 353.2 354.5 355 355.8 357.1 358.2 359.5 361.1 362.7 364.9 365.6 366.8 366.1 365.2 363.9 362.5 358.9 356.5 354.1 351.6 348.8 345.6 338.9 338.5 333.3 325.2 313.1 299.7 288.9 283.5 279.8 275.3 273.7 270.7 266.7 264.2 259.9 256.1 252.5 246.3 226.3 196.6 171.5 167.3 181.3 205.8 229 243.9 253.4 258 262.9 268.6
371.2 368.4 365.3 361.3 357.7 353.2 348.8 343.6 337.4 328.4 324.8 321.9 320.4 315.9 314.1 312.6 315.1 321.7 323.4 325.3 328.4 329.6 330.5 332.2 337.2 341.4 346.2 348.5 350.7 351.8 353.5 355.2 356.7 358.9 360.3 362.1 363.4 365.2 365.1 364.8 363.6 362.9 360 357 354.5 352.4 350.2 347.1 343.9 340.8 337.2 332.5 326.4 316 302.2 288.8 284.4 281.9 279.6 276.3 271.4 268.6 264.1 259.1 254.8 250.3 229.6 199.9 174.8 163.1 176.7 196.5 215.6 233.1 243.1 249 254.7 262.4
368.3 365.2 360.7 357 353.3 348.9 342.8 334.7 326 327 332.1 334.7 333.9 331.9 328.8 326.5 310.7 312.4 315.1 318.8 320.3 322.4 324.7 325.9 327.6 333.3 337.2 342.1 345.1 347.6 349.7 351.8 354.3 356.6 358.5 360 362.4 363.6 364.2 364.4 363.6 363 360.8 358.6 355.9 353.5 351.3 348.5 345.2 341.7 338.2 333.9 329 317.2 298.9 294.1 291.4 287.4 284.6 281.4 276.3 272.7 268.6 262.5 256.7 252.1 232.9 204.1 179.3 165.3 168.8 183.4 199.1 218.6 233.9 239.5 245.1 253.2
363.9 360.5 356.4 352.2 348.4 344.7 330.3 334.8 340.4 342.2 343.4 343.5 342.4 339.7 338.1 335.5 328 313.3 308 306.6 310 315.4 318 319.8 322.4 324.1 327.9 336.5 339.8 341.7 343.8 347.5 350 352.6 356 359.2 361.6 363.8 364.7 365 364.8 364.6 362.9 360.8 358.4 355.3 352.5 349.3 346 342.6 339 335.2 330.3 322.7 315.1 307.1 300 293 288.9 285.6 281.2 276.6 272.1 266.6 259.5 254.5 238.7 209.3 184.2 169.3 162.3 172.7 181.6 198.6 215.1 231.4 238.1 242.4
359.3 356.3 349.7 345.5 342.6 333.8 343.6 346.2 348 349 349.8 349.6 347.9 345.9 343.4 341.1 337.5 333.4 328.6 322.1 303.9 305.3 308.6 311.5 315 317.6 319.9 328.3 334.5 337.2 339.7 341.9 345.2 349 353.5 357.9 360.9 363.7 366.3 367.4 368 366.9 364.8 362.2 359.6 357.1 354.7 350.8 346.9 343.5 339.9 336.7 333.4 329 322.8 316.1 308.1 300.2 292.8 289.4 285.3 281 275.9 269.9 264.7 256.5 248.5 218.5 194.6 176.3 164.8 161.3 168.7 182.3 192.6 205.5 224.9 235.5
353 341.8 338.8 339 342.6 349 351.3 353.3 353.6 354.8 354.6 352.9 350.9 349 346.8 344.6 342.4 339.3 336.3 330.6 324.3 303.7 302.8 306 307.1 309 310.7 319.6 328.2 331.4 332.3 335.4 339.9 345 351 355.6 359.7 362.1 366.9 370 370.3 369.6 367 363.9 361.3 358.4 356 353 348.5 344.6 341.4 338 336.4 333.3 328.8 322.7 314.9 307.2 300.1 292.4 288 284.9 279.8 274 267.9 262 253.6 235.2 211 188.4 175 162.5 159.1 164.6 176.5 185.2 196.8 206.3
343.7 349.3 352.1 354.8 355 357.3 358.5 358.9 359.4 359.4 357.5 355.9 354.5 352.9 352.1 351.1 347.4 344.2 341.1 337.3 330.3 315 304.7 301.4 301.7 302.6 303.1 308.6 320.3 325.1 328 330.3 333.8 339.4 345.7 352.1 356.9 361.2 365 369.2 371.7 371.9 370.2 367.2 363.9 360.9 357.5 354.4 350.2 346.8 343.5 340.4 339.2 337.1 334.2 327.5 322.3 314.3 305 298.1 291.2 287.9 283.5 277.8 271.6 265.9 258.2 250.5 233.5 211.5 195.3 180.6 166.8 159.1 161.1 170.5 179.1 185.7
356.8 359.1 360.7 361.8 362.8 364.1 364.7 364.5 363.3 361.1 361.6 361.2 361.5 361.1 360.9 359.9 357.1 353.6 347.3 343.5 340.3 333.2 324 313.4 302.4 297.4 298.6 301.4 308.7 318.2 320.9 324.7 328.6 332 338.4 346.6 352.7 357.7 362.4 366.7 370.5 372.2 372.2 370.9 368.8 365.1 360.9 357.2 352.9 349.5 346.7 344.8 342.5 340.8 338.7 334.7 328.4 322 312.7 306.1 297 291.1 286.6 280.4 275.3 269.5 263.9 259 249.8 237.4 217.8 202.8 188.5 174.2 161.3 157.7 163.8 169.7
363.4 366.5 367.9 369 370.4 370.1 369.2 367.9 367.4 367.8 369.3 371 373.5 372.8 371.4 368.5 365.1 359.9 354.2 349.5 347 343 336.7 330.1 317.8 301.9 294.8 296.8 299.4 309.9 315.6 320 323.1 326.7 331.3 338.8 346.8 353.7 359.4 364.2 368.3 370.9 371.6 371.9 370.8 368.9 365.2 361 357.6 354.4 351.3 348.8 346.5 344.5 342.4 339.4 335.4 329.1 321.6 313.9 304.9 295.9 290.1 284.4 279.8 275 269.8 262.4 257.5 250 244.5 228.2 211.8 197 181.8 167.7 156 159.4
369.3 372.6 375.4 376.2 375.5 374.5 372.7 372.1 373.7 377.7 381.1 384 384.7 383 378.9 374.9 368.6 362.2 356.9 353.1 349.3 345.4 340.6 335 327 310.4 300.5 294.4 295.3 301.4 310.3 315.7 318.8 320.1 325.1 330.7 337.9 346.2 354.7 361.4 365.7 369.2 370.8 371.3 371 369.7 368.1 366.1 363.3 360.2 358.1 355.5 352.6 349 346.4 343.6 340.6 336.7 329.6 321.5 313.6 305.9 297.1 290.5 284.8 279.6 274.4 267.7 261.2 255.9 249.7 245 239.5 222.8 207 188.7 174.9 163.4
377.6 380.1 380.7 379.9 378.7 378.8 377.3 378.9 384.2 390.1 393 393.1 390.7 388.2 385.4 379.2 372 365 358.3 353.7 349.6 346.1 340.6 335.2 328.6 315 303.1 294.7 291.3 295.2 304.3 310.5 313.7 316.9 319.9 323.4 329.6 337.3 346 355.6 362 366.5 368.5 369.6 369.6 369.6 368.8 368.1 366.5 365.9 363.8 361.2 358.6 355 352.2 348.2 344.6 341 337.1 330.9 324.4 317.6 310.1 300.8 293.6 287 280.7 272.9 267.3 260.9 255.3 250.4 247.5 242.1 233 217.2 196.7 182.6
383.7 384.5 384.5 384 382.9 383.5 386 389.1 395 399.4 398.2 396.1 393.7 390.5 386.8 381.6 373.8 366.2 358.5 353.7 349.8 345.9 339.7 333.6 325.9 314.8 300.9 298.5 291.7 290.3 297.7 304.8 307.8 310.8 313.6 317.4 322.4 326.9 334.7 345.4 353.6 361.8 365.9 367.1 367.7 367.8 368.4 368.8 369.9 369.1 368 366 363.4 360.7 357.6 353.3 348.9 345 341.1 338.2 332.3 328.7 321.6 303.4 302.3 294 287 280.1 273.2 266.6 261.1 255.8 252.3 250.3 246.7 240 223.6 206
387.5 387 387.8 387.7 388.5 392.4 395.6 399.3 402.8 402.8 400.3 397.6 394.9 393 387.2 380.4 375 366.6 360.4 354.1 349.9 345.2 337.3 331.2 316.6 310.3 311.2 304.4 297.8 289.4 289.7 296.6 300.2 304.3 307.6 311.4 314.4 319.1 323.9 331.5 340.4 351.7 359.2 364.1 364 366.1 367.2 368.1 368.9 370.4 370.3 369.1 367.9 365.6 362 358.5 353.5 349.1 345.5 341.9 337.7 333.7 328.4 324 315.9 305.4 293.6 287.2 279.5 273.2 267.4 261.7 258.5 256 253.3 249.4 245 230
389.8 390.6 391.7 393.6 396.5 401.3 403.9 405.9 406.6 404.3 401.2 398.7 395.7 392.1 387.7 382.6 376.3 370.1 363.3 356.3 351.1 344.6 334.2 324 324.7 323.8 319 310.8 301.2 293 288.2 288.9 292.7 296.5 300 303.4 307.5 312 316.7 322.2 329.3 338.1 348.6 358 361.6 364.2 366.8 367.8 368.9 370.1 370.6 370.8 369.9 368.1 365.5 362.5 358.3 353.5 350 346.8 342.8 338.3 333.3 326.5 323.9 316.1 305.6 293.6 288 281.6 275.1 269.1 264.2 261.6 258 254.7 252.2 247.6
392.8 394.8 397.5 401.5 405.1 407.9 409.4 410.3 407.8 405.5 402.1 399.3 396.6 395 390.5 385.8 381 373.5 364.8 357.9 352.4 347.4 343.4 339.1 334.7 330.5 325.7 318 305.9 294.8 288.4 287.4 287.6 289.2 292.8 296.6 301.5 305.9 311 316.7 320.5 328.2 334.3 346.2 353.1 358.8 365 366.4 367.8 368.8 369.7 369.9 369.2 368.7 366.2 363.1 360.3 357.7 353.5 349.4 345.3 340.7 336.7 332.5 327.7 323.4 315.3 303.7 296.2 290.3 283.2 275.4 270.1 266 262.3 259.6 256.6 254.4
395.7 399.9 405.7 407.9 411.2 412.4 412.9 411 409.2 407.3 405.7 401.9 399.3 397.1 393.9 389.8 384.6 377.6 364.8 359.6 355.7 352.9 349.6 346.1 340.9 336.3 330.3 322.8 310.8 301 292.6 288.3 285.9 285.4 288.9 290.7 295.3 300.1 304.5 309.9 315.3 319.6 324.8 331.3 337.8 346.7 354.7 362.5 360.8 365 365.2 364.6 364.6 363.3 361.5 360.8 358.8 355.9 352.5 349.3 345.5 341.9 337.1 330.5 330.1 325.7 317.2 309.2 300.5 293.9 287.9 280.1 275.1 269.6 265.7 261.9 260 258.8
399.8 405.9 410.8 413.3 415.2 416 415.1 413.2 411.6 410 407.3 403.7 400.7 398.8 395.8 392.2 387.5 381.4 375.6 370.6 364.8 360.2 357.2 351.7 346 341.6 336.3 328.4 319.4 309.7 298.2 291.8 286.7 285.1 285.7 286.5 289.1 293.9 298.9 304.2 309.2 313 316.4 320.5 325 328.1 335.4 341.1 346.5 352.4 354.1 354.3 355.8 356.1 355.5 354.5 353.1 350.9 348.2 345.6 342 338.8 334.1 332.5 329.8 326.1 318.3 309.2 303.4 297.3 291 285.5 279.4 275.6 270.9 267.1 264.8 262.5
404.6 410.6 414.3 416.7 417.6 418 417.4 415.7 413.9 411.6 409.1 406.1 403.2 400.1 396.6 393.2 389.1 383.8 379.8 375.5 370.3 366.2 363.1 359.3 353.7 347 340.7 335.3 327.1 318.7 308.4 298.8 291.9 283.9 283.2 284.2 285.6 288 294.3 299.1 304.1 307.9 311.3 314.9 317.3 321.1 324.4 328 332.1 332.3 334.9 338 339.7 339 340.8 342.1 341.7 341.1 338.7 335 332.7 328.3 324.8 324.4 324.9 323.4 320.8 313.4 307.8 300.8 293.6 289.1 284.8 281.1 276.6 274.3 271.2 269.2
408.1 413.8 417 418.9 419.9 420.2 419.3 417.9 415.4 413.1 410.1 406.8 403.5 400.8 397.4 394.3 390.1 386.4 382 378.6 374.2 371 368.4 364.7 360.1 354.1 348.2 340.5 333.9 326.7 317.7 307.7 299.6 290.5 283.5 281.6 282.4 284.9 289.4 294 299.4 302.4 305.3 308.2 311 314.1 316.8 318.6 321.4 323 325.2 325.7 325.5 326.4 325.6 326.3 325.6 324.5 324 320.5 319.5 318 317.2 317.5 316.7 318 317.5 316.8 309.4 301.6 294.4 291.1 289.4 286.3 282.5 279.3 279 275.4
410.8 416.3 419.5 421.6 422.3 421.8 420.9 419.2 416.5 413.8 410.3 407 404 401.5 399 395.7 392.5 388.5 385.6 381.8 377.5 374.5 371.6 368.1 363.2 359.3 353.1 346.4 338.4 330.7 321.5 315 307.8 298.7 291.3 284 279.8 281.4 284.4 289 294.1 298.1 300.1 302.8 306 309.1 310.7 313 314 315.7 316.4 317 317.3 316.7 317.3 316 315.5 314.3 312.1 312.3 310.8 309.9 309.1 309.7 310.4 311.8 312.9 312.5 308.4 301.5 296.1 293.7 290.9 288.6 288.7 286.6 283.4 279.7
413.6 419.1 421.9 423.3 423.5 422.8 421.9 419.5 416.6 413.6 410.4 407.2 404.7 402.1 399 397.1 394.5 390.8 387.2 383.1 379.2 374.7 371.8 369 365 361.3 354.7 347.9 340.1 332.4 326.2 319.1 311.8 305.7 299.1 292.3 284.1 277.6 280.5 284.1 287.9 292.4 295.5 297.8 300.8 303.1 304.9 306.7 308.8 309.9 311 311.9 311.8 311.3 310.2 309.4 310 308.7 306 306.3 305.5 304.7 305.5 306.3 307.5 309.7 310.9 309.2 304.8 300.9 296 293 291.1 290.4 290.3 289.8 285.4 281.9
417.9 421.5 423.8 425 424.7 424.1 422.2 419.6 416.6 413.5 409.7 406.7 404.3 402.2 399.2 397.1 394.1 390.9 386.1 382.8 377.8 374 370 368.3 364.9 360.6 354.5 346.4 338.9 332.8 327.4 321.3 315.3 309.3 303.1 296.4 289.9 282.5 277.7 279.2 282.7 288.2 291.2 293.4 296.3 298.4 300.6 302.2 303.7 305.4 305.5 306.2 306.6 306.6 305.8 305.6 305.5 304.2 302.8 301.7 301.2 300.8 302.2 303.9 304.8 306.3 304.5 302.9 301 297.9 294.5 291.9 290.2 289.9 289 288.1 284.3 283
420.1 423.5 425.2 426.5 426.1 425.2 422.7 419.4 416.7 413.6 409.6 405.8 403.7 401.8 399.1 396.1 393 388.9 384.3 380.7 376.8 372.2 368.6 366.3 362.9 359 354.1 347.1 339.6 331.5 327.9 320.8 315.4 308.9 303.5 298.1 291.9 285.8 279.4 276.3 278.6 283.6 286.7 289.8 292.3 294.7 296.1 297 299.6 301.7 301.8 301.5 301.8 302.9 302.5 302 300.9 299.7 297.8 296.9 296.6 297.5 298.9 299.7 299.8 299.8 299.8 298.6 296.7 294.3 291.5 289.1 287.4 286.4 285.1 284.3 282 279.5
421.2 424.2 426.3 427.8 427.5 425.5 422.7 419.3 415.9 413.6 409.9 406.9 404.2 401.2 398.2 392.5 389.2 385.6 381.3 378.1 374.3 370.5 366.3 363.7 360.3 356.3 350.9 345.3 335.9 331.7 326.6 320.1 315.4 307.9 302.8 297.7 292.1 286.5 281 275.9 274 278.7 283.3 285.7 288.2 290.6 292.3 293.6 295.6 297.9 298.1 297.5 296.9 297.4 297 296.9 295.8 294.2 293.3 291.5 292.1 293 294.6 294.9 295.5 296.3 294.1 293.4 291.4 289.6 287.4 285.7 285 283.5 281.8 280.8 279.1 275.4
421.9 424.2 426.9 428.7 427.9 425 422.1 419.4 416 413.4 410.3 407.5 404.2 400.1 396.4 391.5 383 380.9 375.9 372.1 369.5 365.5 363.9 360.6 357.1 351.9 345.4 338.3 335.6 330.5 325.1 318.8 313.5 306.1 300.9 295.7 290.7 285.8 282.1 275.8 272.8 275 279 281.3 283.8 286.7 289.2 290.6 292.6 294.1 294.3 293.5 292.8 292.8 292 291.6 290.7 289.5 287.7 286.6 287.2 288 288.3 289.9 289.1 288.2 287.8 287.6 285.5 284.6 284 283.6 282.3 280.4 279.2 277.5 275 270.9
420.4 423.1 426 427.6 426.7 424.2 421.4 418.8 416.1 413.4 410.6 407.3 403.9 399.7 395.8 390.9 384.4 373.3 363.6 360.9 362.6 360.3 358.6 356.3 352 345.7 339.3 336.4 333.1 328.6 322.6 317.1 311.1 304.3 297.6 291.2 288.6 284.4 280.8 280.4 275.8 271 273.6 276.5 279.6 282 284.6 287.4 289.6 290.3 290.7 290.2 288.7 287.9 287.3 286.4 284.8 283.1 281.8 280.8 281.4 282.4 282.2 283.2 282.4 282.1 281.9 281.2 280.9 281.5 281.2 280 278.1 276.5 273.4 270 265.8 263.6
418.5 421.7 424.5 425.8 425 423.4 420.7 417.9 415 412.5 410.1 406.8 403.1 399.9 396.5 392.4 387.7 382.1 373.4 359.7 350.3 353.4 349.4 348.5 343.1 340.4 336.6 333.3 329.1 324.3 319.9 314.2 307.4 298.9 292.4 288.6 286 288.1 286.1 283.5 280.3 273 270.6 270.8 273.3 278.6 280.4 282.4 286.1 286.9 287.4 287.1 285.6 284.1 282.8 281.6 280.2 278.9 277.5 275.7 276.6 276.6 277.5 278.3 277.8 277.7 277.7 277.3 277.4 277.8 276.4 273.8 271.7 265.6 259.1 253.4 244.2 238.2
416.2 421.1 422.6 423.5 423.2 421.3 419.6 417.2 414.2 411.8 409.6 406.3 403.9 400.4 396.8 393.3 389 383.5 377.8 369.5 356.9 344.8 341 334.8 335.9 334.4 332 329 324.8 320.1 315.1 309.6 300.2 292.4 296.1 298.4 297.3 295.6 293.2 290 286.2 282.2 273.9 268.8 269.7 270.5 274.2 278.7 281.7 283.9 284.9 285.3 282.3 280.5 278.9 277.6 276.2 274.8 273.5 271.9 271.6 272.8 273.8 273.6 274 274.1 274.3 273.5 272.4 272.3 269.6 265.5 259.1 251.5 239.5 226 216 211.1
414.1 419.1 420.4 421.2 421.2 419.5 418.2 416.1 413.5 410.7 408.6 405.7 402.7 398.8 395.9 392.3 388.7 384.4 378.9 373.3 367.7 360.8 352.3 340.2 336.5 328.2 321.8 322.4 318 312.6 307.2 301.3 304.5 305.2 305.1 304.7 303 301.5 298.3 294.9 290.6 286.4 280.3 272 267.3 267.4 270.3 274.9 278.9 281.7 282.3 281.6 279.6 276.8 275 273.5 272 270.4 269.1 266.2 267.1 268.8 269.9 270 271.6 271.3 268.9 267.8 265.9 262.3 259.8 255.7 240.7 223.3 209.8 200.1 187.4 186.2
