WholeMapElevations/data/nh/nh72_OST50GRID_20230518/NH72.asc
ncols 200
nrows 200
xllcorner 270000
yllcorner 820000
cellsize 50
[rows 70 to 104 of 200, columns 0 to 77 of 200]
595 591.9 589.4 583.2 578.3 573.7 569.8 566.3 566.9 567.8 563.5 559.9 563.1 566.9 565.2 563 557.1 538.4 524.9 516.8 510 496.4 477.5 463.6 452.3 446.8 440.7 436.1 433.5 433.2 433.7 440 440.1 447.6 452.6 454 456.4 459.5 459.8 460.2 459.8 458 456.3 454.2 451.7 451.4 450.9 451.3 453 455.1 456.2 456.6 457.1 458 458.8 461.9 464.3 465.2 466.3 468.2 469.6 471.7 474.8 480.5 481.2 482.4 483.2 485.4 488.1 490.7 491.5 491.6 488.2 483.2 481.1 480.2 480 478.4
591.7 590.1 585.8 577 570.3 566.1 563.8 558.8 562.4 565.9 562.8 557.2 555.8 562.2 563.8 561 550.4 532.6 529.2 517.7 513.3 498.8 479.4 464.4 452.5 445.2 440.3 434.2 431.6 432.8 433.1 437.4 437.7 442.5 447.8 449 452.3 453.2 454.3 456.6 454.2 453.2 452.4 450.6 450.3 450 449.7 450.1 451.5 454.8 456 456.2 456.5 457.8 459.1 460.4 463 464.9 468.1 469.8 471.6 475.2 477.3 483.3 484.1 485.1 486.4 487.5 490.2 493.3 495 493.2 489.9 485.7 482.5 481.8 481.3 479.4
584.6 584.1 583.5 581.2 566.1 558.9 554.7 551.8 554.3 560.8 560 554.5 548.9 551 553.7 551.4 542.6 532.4 530.5 526.4 516.3 501.6 485.5 464.4 452 445.5 440.3 434.4 430.5 432.5 432.4 434.1 434.6 439.9 442.9 444.5 446.4 448.2 450.1 452.1 450.4 451.4 449.5 449.4 449.6 448.5 449.3 450.6 450.6 454.6 456.4 455.9 455.6 459.6 460.3 461 462.5 464.9 471.7 474.5 476.1 476.8 481.1 484.6 487.7 489 491 492.4 494.9 497.6 497 493.8 490.3 487.7 484.7 482.8 481.8 478.1
581.1 581.6 581.2 578.1 563.9 554.7 549.6 546.3 546.1 546.1 550.3 545.9 545.2 544.4 543.5 540 534.1 534.3 531.5 527.1 516.1 503.4 483.3 464.8 454.8 445.4 438.9 434.1 429.5 431.7 431.6 431.5 434.5 439.3 440.1 441.4 443.4 445.7 447.9 448.6 447 447.8 447 449.2 449.1 447.7 449.4 450.5 449.4 452.6 455.1 455.5 456.3 457.3 458.3 460.7 463.3 466 473.4 477.5 480.7 480.4 483.5 490 493 495 495.4 497.5 499.4 500.8 501.3 496.9 492.9 490.7 484.3 480.3 477.5 477.1
578.6 578.2 576.4 574.3 565 552.5 545.3 540.7 537.8 536 539.6 541 537.6 537.2 534.6 531.9 533.8 535.4 534.4 529.2 519.5 504.5 486.5 469.2 458.9 449 438.8 433.4 430.1 431 431 430 432.5 438.2 440.3 439.4 440.2 442 443.9 445.2 444.2 444 445.7 446.8 446.7 447 447.8 448.7 447.9 448.6 453.4 453.7 453.8 456.1 457 461.3 465.3 468.3 473.9 479.1 480.9 482.2 487.3 493.1 496.1 497.2 497.8 499.6 501.1 502 499.4 494.8 492 486.3 480 476.9 475.8 476
569.5 570.5 570.3 571.3 561.9 549.7 539 533.1 527.3 525.2 525.9 525.7 526.5 526.7 528.1 527.8 530.4 536.3 536.3 530.9 521.2 508.1 492.1 475.2 463 453.2 442.5 435.6 432.4 428.9 430 428.9 429.5 435.4 437.5 437.1 437.6 438.9 440.1 441.2 441.9 442.1 442.8 443.7 445 446.7 445.5 445.9 446.8 447.6 448.6 451.1 451 453.2 455.1 461.1 465.6 470.7 475.8 481.3 482.5 487.1 492.6 495.8 497.8 500 501.3 500.8 501.8 501.7 499.2 495.7 489.9 481.5 476.7 473.5 474.6 475.3
558.2 558.1 562 558.4 551.7 544.2 535 528 523.3 519.2 517.6 517.2 518.1 521 522.7 521.6 524.3 531.4 530.4 527.4 518 505.6 496.7 483.6 468 454.8 445.8 438.8 435 431.2 429.4 427.1 426.9 427.7 432.1 434.7 435 436.2 437.5 439.3 440.7 440 440.9 443.2 445.7 446.2 445.4 443.8 446.7 447.4 443.1 448.3 448.9 451.6 455.6 463.4 468.3 473.5 478.3 483.7 487.4 490.4 494.7 498 502.5 504.9 504.8 502.9 502.8 501.1 498.4 491.6 483.7 475.9 473.8 474.4 475.2 475.3
551.5 551.6 551.5 544.6 539.6 535.7 530.4 523.2 517.6 513.5 511.9 511.9 511.4 512.9 515.1 515.3 518 523.3 525.1 524.8 516.6 509.4 500.5 489.2 477.4 459.8 449 442.3 437.4 434.1 432.6 428.5 426.9 425.6 426.9 431.3 432.8 433.6 434.3 437.1 439.4 438 440.7 441.6 443.8 445.6 443.5 443 440.7 441.1 439.2 445.5 448.2 450.5 454.2 462.7 468.4 472.6 480.1 484.2 489.3 493.7 495.9 498.3 502.1 504.1 503.9 503.3 501.2 498.3 493.2 487.9 480.9 476 473.6 473.8 473.1 471.7
543 544.9 542.2 536.1 534.6 528 522.6 517.9 510.9 507.4 505.1 505.6 505.1 504.9 506.4 507.5 511.7 515 520.8 518.5 513.5 511.9 503 492.9 480.7 463.6 454.7 445.9 440 435.7 432.8 429.7 428.3 426.7 425.4 425.3 427.7 430 431.2 432.4 436.5 437.1 437 438.6 441 440.7 441.9 439.4 437 431.4 434.2 442.4 447.5 448.7 453.8 461.3 467.8 475.7 482.8 485.6 489.7 494.8 497.1 498.7 503.2 504.7 505 504 500.1 497.4 492.9 488 481.1 475.7 476.3 472 469.2 469.8
519.5 517.3 522.4 521.1 518.1 512.7 507.6 504.5 500.6 499.8 496.6 498.2 498.5 497.1 497.7 500.1 503.9 507.9 511.8 511 511.9 511.4 501.9 488.3 478.4 466.7 456.6 449.7 442.5 438.1 432.2 429 428.4 426.7 426 425.5 423.1 423.2 425.5 427.7 430.9 433.2 434.5 434.1 434.8 433.9 433.8 435.4 432.5 425.7 424.3 432.1 440.9 444.4 450.3 459.5 469 478.5 484.1 487.4 491.5 495.7 499.7 503.6 504.9 504.9 506.8 503.3 498.9 497.6 493.1 487.8 480.1 475.9 472.4 466.7 465.4 465.1
503.1 498.9 499.8 498.7 492.1 486 485.7 483.7 481.9 483.9 485.1 487.2 486.8 484.8 483.3 481.6 490.5 495.8 501.7 503.4 505.5 505.6 495.5 486.7 477.7 466.6 457.2 450.6 442.7 436.8 431.1 428.6 428.1 427.4 426.4 425.6 425 423.7 417.9 414.7 423.8 429.1 431.6 429.8 427.1 425.2 424.8 420.8 413.9 407.4 406.6 413.3 423.9 432.5 446.9 459.3 470.1 479.4 486.3 488.5 491.7 497 502.3 506.8 507.7 504.1 501.1 500 499.4 497.7 491.3 485.4 477 473 469.6 466.9 466 465.6
519.1 508.5 495.8 491.1 488.6 487 485.9 483.6 482.6 478.1 478.7 477.9 470.8 470.3 463.2 461.9 468.8 473.8 488.3 490.3 494.2 495.5 489 480.9 473.5 466.1 456 447.7 439.5 433.4 427.8 426.7 426.4 424.7 425.9 425.2 424.3 424.7 421.4 417.7 414.6 418.7 421.5 415 413.1 407.9 406.6 407.2 407.2 402.7 402.4 401.6 409 419.3 442.8 456.2 467.6 478.8 487 489.3 490.9 493.6 499.8 505.5 505.5 499.8 495.7 493.9 495.2 491.2 486.8 482.6 474.5 473.1 471.2 469.2 465.3 465.9
540.1 527.8 514 511.6 508.3 503.5 500.9 496.3 489.2 486.3 479.8 481 483.6 480.3 477 473.2 460.2 457 462.9 473.5 479.5 480.4 477.9 472.6 467 461.3 450 437.1 430.7 429.4 429.6 427.7 427 424.6 424.1 423.1 422 422.6 414.8 421.9 422.7 412.7 408.5 408.6 408.2 413.1 406.3 404.3 409.2 410.8 409.2 402.4 400.9 406.8 428.5 447.3 465.7 477.5 483.9 486.9 487.1 490.7 494 499.8 502 497.3 494.3 491.5 488.7 487.5 484 476.6 476.3 476.2 476 471.8 469.5 467.7
558.8 544.4 530.4 525.5 522.6 519.4 514.2 504.8 500.6 499.2 496.7 494.5 493.6 492.3 490.3 488.1 480.7 470.5 447 448.5 459.7 462.6 460.7 458.8 456.4 446.3 435.8 432.2 432 434.2 431.1 429.2 428.1 428.6 427.6 424.8 425 421.7 428.5 428.7 423.4 424.8 421.9 417.6 425 428.8 431.2 434.2 434.8 433.7 430.8 419 403.6 401.3 412.4 432.8 450.1 469.9 476.9 481.4 484.7 486.6 486.6 490.8 494.5 495.1 493.2 487.6 483.3 481.7 478.8 477.5 477.8 475.9 474.5 471.6 470.9 462.8
575.1 561.1 548.9 538.3 532.9 527 521.5 512.3 508.8 509.6 507.9 502.3 510.3 510.5 506.4 492.9 488 479.7 466.4 450 442.4 441.8 446 445.6 443.7 439 433.2 434.4 437.5 440.6 439.3 436.9 436.5 433.5 433.3 433 433.4 432.6 432 429.2 424.4 429 430.6 428.8 433.4 440.7 440.4 449 449.4 447.3 440.1 432.5 423.3 407.7 399.7 406.6 429.1 453.3 467.3 473.8 477.5 479.9 477 482 483.4 486.9 486.6 483.4 480.4 479.1 478.6 477.7 477.3 477.3 475.2 471.3 468.6 462.3
585.3 573.4 563.5 552.7 543 536.5 530.2 524.8 521.8 519.9 516.3 516.2 517.6 517 511.7 502.1 492.6 482.5 469.3 460.8 446.4 443.3 441.3 438.3 438.3 437.2 440.2 444 444.9 445.9 447.5 448 445.5 445.1 445.4 445.2 442.1 436.5 434.9 431.3 433.8 437.7 437.6 437.5 440.7 443.4 448.3 455.9 457.4 455.8 448.8 438.8 434 424.4 408.5 399.5 408.5 436.7 451.3 462.7 467.6 470.1 470.5 474.7 479.4 481.7 482.8 480.3 476.6 475.6 477.4 478.9 478.3 480 479.2 477.7 472.7 464.5
594.2 580.9 574.3 562.6 555.7 549.5 541 533 530.2 525.8 522.2 520 519.3 518.8 511.9 501.3 492.6 483 467.8 456.4 452 452.8 450.7 450 445.3 448.5 452.2 452.6 451.4 450.8 449.4 452.2 451.5 453.8 451.6 448.5 445.4 442.4 438.7 430.6 439 441.3 443.1 443.7 445.1 447 454.1 459.2 458.9 455.6 448.4 446 442.7 434.9 422.2 399 402.2 418.2 434.7 443.3 449.8 454.5 462.4 470.7 474.1 477.2 476.7 474.8 469.3 472.4 477.6 478.2 477.6 478 478 474.7 469.2 467.1
600.1 589.7 581.9 572.4 564.6 559.9 547.4 539.8 536.6 531.1 526 522 518.9 516.5 510.7 502.5 492.3 477.8 458.3 459.1 467 464.4 461.8 463 458.7 456 456.9 455.8 455.3 454.6 454 457 459.9 460.3 455.9 453 450.7 446 442.8 434.1 442.3 444 446.6 447.7 448.8 451.4 455.3 457.2 459.6 461 459.1 458.3 452 443.7 430.6 412.8 394.7 401.8 415.5 424.3 428.4 436.1 447.5 460 466.1 469.8 469.7 466.9 465.6 470 474.6 476.9 476.8 475.5 473.9 471.8 469.6 468.1
598.2 592.8 588.7 583.1 573.9 565.2 553.4 543.8 539.4 534 529.3 524 520.1 512.2 509.7 500.2 485.7 464.6 484.2 485.6 480.1 474.9 470.8 469 466.9 463.2 462.3 460 460 460 457.5 460.3 463.8 463.9 460.6 459.7 454.2 449.7 445.8 442.9 442.9 446.6 450 451.7 453.3 454.1 455.8 459.6 463.8 462.7 467.3 466.6 461.1 457.4 448.8 424.3 407 392.7 400.4 404.2 406.4 412.8 428.9 443.4 455 458 458.1 460 464 469.8 472.7 472.6 471.1 473.9 474.6 476.9 474.9 467.2
590.2 586.3 586.8 582.6 574.5 568.3 558.9 549.1 542.6 537 530.9 524.1 517.7 511.5 499.5 481.5 474.2 499.6 502.2 495.4 491.4 485.7 480.7 474.7 473.3 469.7 466.7 465.1 462.5 462.4 460.6 460.7 464.6 466.5 463.6 460 455.8 453.4 448.9 439.9 446.9 450.4 452.7 454 455.3 455.7 456.7 461.4 464.5 465.4 469.6 468.7 464.1 461.4 452.6 440 420.9 400.9 383.7 386.8 387.8 392.5 405.3 426.8 438.5 445.6 449.4 449.2 457.8 467 470.9 469.7 472.3 475.3 473 471.2 467.4 464.7
574.9 575.8 579.6 578.9 574.6 568 560.6 550.6 544 535.6 528.3 522 513 507.7 490.7 491.5 512.4 515.2 509.7 507 503.4 494.1 487.5 484.2 481.9 476.4 471.9 468.7 466.1 464.2 462.1 461.3 461.8 465.4 463.4 458.5 457.8 454.1 447.7 443 448.9 452.8 455.6 456.4 457.3 457.4 459.6 462.2 464.3 467.1 469.7 471.4 473.5 467.9 460.9 450.3 435.4 415.1 397.9 381.6 376.2 376.5 383.7 400.1 424.3 429.8 433.7 436.5 449 458.1 462.7 468.5 469.9 469.7 469.5 470.1 467.2 465.9
558.9 563.9 570.4 569.6 568.4 564 557.2 547.4 541.1 534.3 526 519 509.9 494.9 491.1 500 517.2 520.8 518.4 516.5 511.5 504.8 497.3 487.5 485 481.4 477.4 473 469.9 466.9 464.2 462.4 461.3 459.4 458.1 457.7 457.1 453 446.3 449.1 451.8 455.7 458.7 459.8 460.7 461.6 462.3 463.5 465.2 467.5 469.9 474.1 473.2 470.5 462.2 454 446.4 432.8 413.7 405.8 397.1 386.8 376.9 375.3 401 413.4 417.3 416 435.9 449.8 457.8 462.9 464.3 465 466.4 466.3 465.1 462.8
551.2 550 553.2 555.8 556.8 556.9 552.6 545.4 537.7 528.6 522.5 508.3 496.5 500.3 506.3 509.8 514.5 519.6 521.8 522.9 515 508.9 502.3 497 489.7 484.9 480.2 477.5 473 470.4 466.2 464.4 462.6 462.4 460.8 457.9 453.6 450 447.2 452.3 456.1 459.4 461.3 462 462.1 463.7 464.1 464.3 466.3 468.4 470.2 473.7 474.3 471.7 468.7 463.2 458.7 443.6 431.8 421 415.9 407.5 391.9 369.9 377.6 390.1 395.2 395.3 417.3 441.7 452.5 458.1 459.3 460.3 462.1 461.6 461.8 459.9
547.4 544 542.9 543 540.6 543.4 544.1 540 530.8 523.5 511.9 504.3 511 515.8 515 512.1 514.4 515.9 519.4 521.4 517.4 510.8 506.3 504.2 497.6 488.5 483.4 479.6 476.3 472.3 467.7 467.6 464.4 462 461.1 460.5 453.7 455.2 452.6 457 459 462.1 464.6 464.8 465.3 465.9 465.9 466.7 467.3 468.6 470.5 472.2 474.7 475 471.6 469.1 462 452.9 441.5 432.2 426.8 419.3 402.8 377.6 369.6 368.8 373.1 378.1 394.9 426 445.9 452.6 454.6 454.6 458.3 458.3 457.4 456.8
544.4 539.1 538.1 536.9 536.1 533.9 530.9 526.9 521.3 509.2 514.8 519.4 518.4 520.8 518 514.9 514.3 514.7 516.5 518.4 516.1 510.8 507.6 505.1 499.7 491.1 484.8 481 478.6 474.6 470.5 469.1 466.6 465.4 464.2 461.9 455.3 455.2 453.4 458 464.1 466.9 468.9 469.5 468.8 468.2 468.7 469.5 469.4 470.4 471.3 474 477.4 476.6 472.5 472.2 463.9 458 450.7 439.8 432.8 422.9 409.7 389.2 374.7 368.9 367 367.5 374.9 409.6 434.4 444.3 448.4 448.7 450.7 452.9 452.4 451.1
543.8 537.2 534.7 533.6 532.8 530.1 527.1 523.3 513.1 523.5 527.8 526.4 524.6 525.9 524 519 515.3 514.5 513.7 515 515.2 511.2 506.2 502.6 498.4 492.5 486.5 481 477.5 474.8 470.6 469.5 467 465.2 464.1 461.1 457.7 458.1 459.1 459.3 463.7 466.9 468.8 470.2 470.6 471.4 472.5 471.6 472 472.5 472.7 474.7 476 474.5 471.7 469.9 461.9 458.1 454.8 447.7 439.1 427.6 411.7 395.2 379.7 369.2 367 366.6 366.8 396.7 421.9 438.1 441.4 443.4 442.9 444.2 445.1 446
545.4 538.2 535.5 531.7 528.5 526.2 520.8 517.9 529.6 534.3 536.5 535.6 536.2 534.2 530.3 526.3 523 516.4 513.6 513 512.4 508.9 503.7 500.3 496.1 490 485.2 479.5 475.8 472.7 469.6 468.4 467 463.5 462 460.8 460.6 462.4 457.4 461.3 466.3 469.8 470.7 472.7 472.6 474 474.9 474.8 475.3 475.4 475.4 476.9 477.3 477.2 475.6 472.9 469.3 464.2 457.5 450.1 442.2 430.2 413 396 384.4 368.3 366.2 365.8 365.4 390.6 419.1 431.9 434.7 435.8 437.2 438 436.6 436.3
545.1 539 533.4 530.2 528.8 522.8 526.8 532 535.3 543.3 545.7 544.6 546.2 543 538.9 533.6 529.8 521.5 516.1 512.4 509.5 506.4 501.3 496.1 491.8 487.8 482.6 478.3 474.4 471.6 468.8 467 465.4 464.8 466.1 464.7 464.9 464.8 460.4 465.3 468.3 471.2 474.3 475.7 475.9 475.8 477.2 477.6 477.9 478.5 478.2 479.2 481.4 480.5 477.2 475.8 472.6 467.6 459.5 451.2 441.1 431.3 413.1 397.1 384.6 377.3 369.6 366.6 365.5 389.6 413.3 425 428.5 427.2 426.1 427.2 424.7 425.5
545.6 539.4 534 530.5 526.3 522.9 532.6 536.2 540.2 548.3 553.1 555.9 555.6 552.4 547.7 540.6 535.1 527.6 523.2 517.2 511.3 506.4 498.9 497.1 490.3 483.1 480.5 478.1 473.5 470.9 469.1 469.2 469.8 469 469.7 469.2 467.4 467 462.7 467.7 470.1 473.4 476.3 477.7 477.2 478.4 480.8 482.5 483.1 482.6 481.2 482.9 485.3 483.8 480.1 477.4 473.1 466.2 460.1 450.2 438.7 431.3 414.1 397.9 385.3 377.4 370.8 370.4 365 386.5 408.3 418.7 425.9 424.2 422.9 422.7 422.3 421.5
545.5 539.8 535.8 530.8 523.9 533 536.8 539.5 546.6 554 563 568.2 568.4 560.9 556.8 548.9 541.7 536.3 530.3 521.4 514.5 510.7 504.3 498.4 491.9 487.4 483.5 480 476.1 474.2 474.7 475.6 475.5 473.2 472.5 472.5 472.1 469 465.3 469.5 472 474.3 477 478.7 479.5 481 485.3 488.1 490.1 488.1 486 486.3 488.9 487.3 483.9 479.6 473.3 465.2 456 446.8 439.1 429.4 413.1 398.7 386.7 379.2 371.3 369.2 364.3 388.3 403 414.8 419.9 419.7 418.8 418.9 417.6 415.2
544 538.9 536 527.9 529.9 535.9 539.1 542.8 551.2 559.8 570.4 574.2 574.2 568.8 566.1 558.4 551.3 542.3 535.5 527.5 520.2 516.9 509 503.5 499.6 493.8 487.2 484 478.4 480.8 481.7 482 480.9 478.9 476 474.2 473.3 469.8 469.1 471.8 474 476.2 478.8 481.2 482.4 485 490.8 494.8 496.7 494.7 492.1 489.4 490.8 489.3 483.1 479.4 473.5 463.3 456.2 446.6 439 425.7 412.3 400.1 388.6 380.6 372.7 365.7 367.5 382.2 396.2 404.9 412.1 412.5 411.4 410.1 407.5 404.1
543.6 539.5 532.4 535 537.3 539.5 542.6 547.9 555.9 570.6 576.6 585.8 582.5 577.9 572.7 565.8 559 549 540.3 533.4 527.5 521.4 514.7 510.7 507.7 499.2 494.7 490.9 486.4 487.2 487.9 487.8 486.4 484.5 480.2 477.5 476 472.4 473 475 477.1 479.4 480.4 482.1 484.3 487.4 496.1 499.3 502.6 502.6 499 492.9 493.2 490.4 483.5 475.6 469.8 462.2 455.3 446.2 436.4 424.7 414.5 403.4 391.4 380.8 371.5 364.1 364.7 376.2 390.5 393.1 396.2 399.5 398.5 395.6 392.4 384.1
543.5 536 539.5 541.1 541.3 543.9 547.2 552 560.1 577.2 585.1 595.7 593.8 589.3 581.5 571.9 564.2 556 546.8 540.7 534.8 526.3 523.7 520.1 518.4 511.1 504.1 498.8 495.9 492.3 492.2 491.7 491.4 488.6 483.9 481.1 479.3 474.9 477.2 478.4 480.7 482.6 483.1 484.5 487.8 492.4 500 502.2 508.5 509.8 506.5 498.5 490.8 487.3 480.8 470.9 465.7 461.7 454.4 445.7 436 426.2 412.8 406.1 397.3 384.7 372 364.9 363.1 363 369.8 375.4 380 380.6 378.2 373.7 368.2 363.8
541.2 537.8 542.9 544.6 546.7 548.3 552.3 557.6 567.1 582.3 593.3 603.6 602.7 597.5 590.1 581.1 569.8 563.5 555.9 548.9 541.2 535.2 534.6 531.8 528.7 524.5 514.9 506.5 502.9 498.5 495.7 495 494.2 492.4 488.6 485.3 482.7 475.7 480.3 481.7 483.4 485.2 485.1 487.4 490.7 496.1 501.5 506.8 515.3 516.8 513.5 505.4 490.4 482.7 476.5 469.8 464.2 459.5 453.6 445.2 438.2 430.1 425.5 415.1 404.8 390.3 374.6 363.6 362.5 361.4 362.7 363.5 364.2 362.9 361.5 359.2 356.7 357.1
544.7 538.9 545.9 548.9 551.4 553.9 557.5 562.8 578.5 592.7 600.8 607.1 609.3 604.8 598.1 586.9 575.7 567.7 561.3 555.1 547.5 545.9 542.9 542.1 540.6 535.3 524.5 515.6 509.6 503.2 499.4 496.9 495.9 493.7 490 487.7 485.5 482.6 480.4 483.6 486 487.8 487.1 489.7 493.1 499.5 503.6 510.2 517 517 511.1 500.2 491.4 483.4 477.2 471.1 465.2 459.9 454.6 446.2 439.9 435.7 430.6 419.5 412.1 397.6 380.3 373.7 367.7 367.3 367.8 364.5 365.8 365.5 368.7 370.3 372.4 377.5
