UK/data/nd/nd05_OST50GRID_20230518/ND05.asc
ncols 200
nrows 200
xllcorner 300000
yllcorner 950000
cellsize 50
[rows 144 to 179 of 200, columns 0 to 79 of 200]
174.8 173.5 171.2 168.7 165.7 163.5 161.6 159.3 157.3 156.5 155.7 154.7 153.8 152.8 152.6 152.5 151.6 150.7 149.8 148.9 148 147.1 146.1 145 143.7 142.8 141.9 141.1 140.7 140.6 140.4 139.5 138.1 135.9 139.1 143.1 146.6 150.4 152.1 151.2 150.3 149.5 148.8 147.9 146.5 144.8 143 142.3 141.4 140.5 140 140.5 141.2 142 142.8 144.3 146.1 146.8 146.5 145.9 144.3 143.2 142 141.3 140.9 140.2 139.4 138.1 136.6 136.4 134.8 135.1 134.8 134.2 132.8 129.8 127.8 125.9 123.5 121.2
175.3 173.6 171 168.2 165.3 162.8 160.8 158.6 156.8 155.9 155.1 154.3 153.3 152.6 152.3 152 151.4 150.5 149.5 148.6 147.8 147 146.1 144.7 143.6 142.9 142 141.1 140.7 140.6 140.2 139.1 137.9 136.5 138.3 140.9 144.5 148.4 150.1 150.4 149.3 148.7 148.3 147 145.7 144.5 142.7 142.1 141.6 141 140.1 139.8 140.5 141.2 142.3 143.1 144 145.5 145 144.5 143.6 142.4 140.9 140.1 139.5 138.2 137.8 136.6 135.3 134.4 133.7 133.8 133.7 133.2 131.8 129.9 128 126.1 123.8 121.5
175.5 173.8 171.5 168.4 165.6 162.6 160.1 157.7 156.3 155.3 154.6 153.9 152.9 152.3 152 151.5 151 150.2 149.3 148.3 147.5 146.7 145.8 144.2 143.2 142.4 141.8 141.2 140.6 139.9 139.5 138.6 137.7 137 136 138.9 141.9 146.3 147.9 148.9 148.5 148.5 148 146.6 145.2 143.8 142.4 141.8 141.2 140.7 140.7 138.6 140 140.4 140.8 141.6 142.5 144.3 143.8 143 142.4 141.8 140.1 138.8 137.8 136.9 136.7 135.7 134.5 133.5 132.4 131.5 132.3 131.9 130.7 129.1 127.2 125.6 123.9 121.7
175.8 174 172.1 169.1 166.2 163.2 159.5 157.1 155.8 154.8 154 153.4 152.7 152.1 151.6 151.1 150.5 149.9 149 148 147.2 146.4 145.4 143.8 142.7 141.9 141.1 140.7 140.1 139.3 138.8 138.2 137.3 134.8 134.9 137.8 140.1 144 146.1 147 147.2 148 147.7 146.3 144.9 143 141.7 141.3 140.7 140.6 140.6 140.1 138.6 138.5 139.3 140.1 141.1 143.1 143 142.5 141.7 140.3 138.1 136.8 136.1 135.8 135.6 134.9 133.3 132.6 131.6 130.5 130.4 130.4 129.3 128.2 126.6 125.1 123.3 121.5
175.6 173.6 171.8 169.7 166.6 162.4 159 156.8 155.6 154.2 153.4 151.9 151.9 151.3 150.9 150.4 148.9 147.6 147.5 146.6 146.4 145.5 144.6 143.1 141.8 140.2 140 140.1 139.8 138.8 138.2 137.5 136.9 135.9 135.6 137.6 138.5 140.5 143.1 144.7 145.5 146.3 146.7 145.7 143.5 141.8 141 140.8 140.6 140.6 140.8 140.9 139.9 139.1 137.3 138.9 140.2 141.6 142.1 140.5 140 138.7 137.4 136 135.3 135 134.5 133.3 132.2 131.6 130.6 129.8 129.1 128.9 127.4 126.4 125 123.9 122.4 120.9
175.6 173.9 172.2 170.1 167 162.4 158.2 156.8 155.7 154.6 152.6 149.9 148.3 149.1 149.6 149.1 148.3 148.1 148.3 147.7 146.8 144.6 143 140.8 140.4 139.4 136.8 138.9 139 138.3 137.7 137.1 136.7 136 132.7 137.1 138.1 138.6 140.5 142.2 142.6 143.8 145.1 145.1 142.3 140.6 140.3 140.5 140.7 140.8 140.9 141.1 140.9 140.1 139.3 137.1 138.3 140.2 139.5 137.5 137.9 136.4 135.8 135.2 134.1 133.6 133.2 131.8 131.1 130.6 129.6 129.2 128.5 127.2 125.7 125.3 123.9 122.6 121.6 119.7
175.9 174.2 172.5 170.7 167.5 161.8 158.2 156.8 155.8 154.9 153.2 151.6 150.3 148.9 148 148.1 148.2 148.5 148.3 145.7 146.7 145.2 144.5 143.4 142.7 141.8 139.7 138.2 136.9 136.9 135.1 136 136.2 136.1 134 136.4 137.8 138 138.7 139 139.6 141.1 142.6 144 141.4 140 139.9 140.1 140.4 140.6 140.9 141 140.9 140.5 139.8 138.9 136.9 137.2 136.2 135.7 135.1 135.5 135.3 134.7 132.8 131.8 131.4 129.6 129.7 128.8 128 127.9 127.9 126.5 125 124 122.9 121.9 120.9 120
175.7 174.3 172.7 170.8 167.2 162.3 159 157.1 155.8 154.9 153.7 151.9 150.7 149 148.6 148.3 147.9 146.7 146.9 147.9 147.2 146.6 145.1 144.3 143.4 142.5 141.5 139.6 136.6 136.4 136.7 134.2 133.2 135.3 134 136.5 137.6 137.6 137.2 136.7 136.6 137.6 139.6 140.3 139.1 139.3 139.6 139.8 140 140.2 140.5 140.9 140.8 140.7 140.3 139.5 138 133.7 133.3 132.9 132.3 133.3 133.9 132.8 130.9 129.9 129.2 127.6 127.7 128.2 127.5 126.6 126.7 125.7 124.2 123.5 122.3 121.3 119.7 118.1
175.2 174.1 172.7 170.6 166.8 161.9 159.3 157.4 156.1 154.9 153.4 151.7 150.9 147.7 148.1 148.1 148 148.5 149 148.9 148 147.1 146 145.1 144.2 143.3 142.4 141.6 140.6 139.3 138.4 137.5 136 133.4 136 136.5 137.4 135.8 133.6 132.6 132.6 134.3 134.7 137.8 137.4 137.7 138.4 139.1 139.4 139.9 140.3 140.7 140.7 140.7 140.7 139.6 137.7 135.5 134.3 132.5 129.2 129.8 130.1 128.8 128.1 127.5 126.7 125.7 125.4 126.3 127.3 125.4 125.4 124.9 123.3 122.8 122.5 121.7 119.8 118.1
174.6 173.4 171.7 169.6 165.5 162.1 159.7 157.9 156.5 153.4 152 151.5 150.5 150.5 148.8 148.6 149.5 149.8 150.1 149.6 148.7 147.7 146.7 145.7 144.8 143.9 143 142.6 141.7 140.5 139.1 138.5 136 134.1 134.5 132 132.7 132.5 132.5 132.5 132.5 132.5 134.3 136.7 136.3 135.6 135.6 136.6 138.2 139.1 139.7 140.3 140.7 140.8 140.2 139.5 138.3 136.6 135.4 134.3 131.7 128.9 127.6 127.6 127 126.3 125.7 125.6 124.3 124.2 125.1 124.8 124.5 123.7 122.7 122.4 122 121.4 119.7 117.9
173.6 172.1 169.9 168 164.9 161.7 159.6 157.8 154.5 154.5 154.1 153.2 152.4 152 150.3 149.3 150.5 150.8 150.8 150.3 149.4 148.3 147 146 145.5 144.6 143.3 142.9 141.9 140.6 138.4 137.4 137.3 135.9 134.3 132.5 132.5 132.5 132.5 132.5 132.5 132.5 132.2 133.6 132.3 133 133.6 133.6 136 138.3 139.2 140.5 140.9 140.4 139.9 139.1 138.1 137.3 136.2 134.8 132 129.2 127.6 126.9 126.3 126 126.4 126.9 126.7 126.4 123.1 124.5 123.7 122.7 122.2 122.1 121.6 121.3 119.2 116.6
171.3 169.2 167.3 165.9 164 161.6 159.4 158 157.6 156 155.3 154.7 154 153.2 150.9 150.7 151.5 151.7 151.4 150.8 150.1 148.7 147.6 147 146.3 144.9 143.7 143.3 141.9 139.8 140.5 140.2 139.3 137.1 132.5 132.5 132.5 132.5 132.5 132.5 132.5 132.5 132.5 132.5 132.5 132.5 132.5 132.5 133 136.8 139.1 140.7 141.1 141 139.8 139 138.3 137.7 136.6 134.9 132.4 131.2 129.1 128.2 128 128.2 128 127.7 127.5 127.6 126.3 123.3 122 121.4 121.7 121.6 121.8 121.3 119.9 117.8
169.4 167.7 165.9 164.6 163.2 160.9 161 160.2 159.2 157.6 156.6 155.3 154.6 154.2 153.4 151.8 152.5 152.5 151.9 151.2 150.5 149.4 148.5 147.9 147.1 145.6 144.1 143.3 142.7 142.9 142.1 141.8 139.8 136.1 132.5 132.5 132.5 132.5 132.5 132.5 132.5 132.5 132.5 132.5 132.5 132.5 132.5 132.5 132.5 135.8 138.4 140.3 141.8 141.8 140.4 139.4 138.7 137.9 137 135 133 131.5 129.8 128.8 128.8 128.8 128.5 128.3 128 128.1 126.5 124.9 124.5 120.9 121.7 119.8 120.1 120.9 120.9 118.3
169.1 167.3 164.3 164.3 164.3 162.2 161.8 160.9 159.8 158.7 157.5 156.1 155.2 154.6 154.2 153.1 152.9 153.1 152.6 151.9 151.1 150.3 149.1 148.6 148 146.2 144.7 143.6 143.9 143.7 143.1 141.7 138.5 134.6 132.5 132.5 132.5 132.5 132.5 132.5 132.5 132.5 132.5 132.5 133.1 132.5 132.5 132.5 132.5 132.8 138.7 140.8 142.2 141.8 140.9 139.9 139.2 138.4 137.3 135.4 133.3 131.2 130.1 129.1 128.9 128.8 128.6 128.3 128.1 127.6 126.4 125.4 124.4 122.4 119.1 119.2 117.6 116.7 118.4 118.9
169.6 168.2 166 165.6 164.5 161.4 160.9 160.9 160.2 159.1 157.5 156.9 156.1 154.4 153.2 152.4 152.4 153.6 153.2 152.4 151.5 150.7 149.7 149.2 148.5 146.3 145 144.9 144.7 144.4 143.5 141.3 139.3 136 132.8 132.5 132.5 132.5 132.5 132.5 132.5 132.5 132.5 132.5 133 132.5 132.5 132.5 132.5 132.5 138.4 141.4 142.2 142 141.5 141 140.1 139 138 135.3 133 131.4 130.2 129.3 129.1 128.9 128.7 128.3 128.1 127.3 126.4 125.4 124.2 122.3 120 117.2 117.5 117.1 115.8 117.3
170 168.7 167.4 166.4 165.5 164 162.6 160 160 158.9 157.6 156.9 156.1 155.1 154.5 151.2 154.4 154.2 153.3 152.8 152 151.2 150.4 149.2 147.9 146.8 147.3 146.3 145.7 145 143.5 141.4 139.9 137.9 133.3 132.2 132.5 132.5 132.5 132.5 132.5 132.5 132.5 132.5 132.5 132.5 132.5 132.5 132.5 132.5 137.3 141.6 142.7 143.1 142.8 142.2 141.5 140.8 138.9 135.9 133.2 131.7 130.3 129.5 129.2 129 128.8 128.5 128.2 127.3 126.4 125.1 123.9 123.1 118.9 118.9 118.7 117.9 116.8 115.3
170.4 169.2 168 166.9 165.8 164.4 163.3 162 160 159.2 157.5 157.4 156.5 155.7 153.8 155.1 154.8 154.5 153.7 152.6 151.9 151.6 150.6 149.3 148.9 148.5 148.7 147.7 146.7 145.7 143.3 141.7 140.2 138.4 133.9 132.5 132.5 132.5 132.5 132.5 132.5 132.5 132.5 132.5 132.5 132.5 132.5 132.5 132.5 132.5 135.1 140.7 143.2 143.8 144.1 143.6 143 142.5 141.6 138 134.1 132.3 130.9 129.9 129.2 129 128.8 128.6 128.1 127.1 125.9 124.5 123.2 122.7 118.8 121.9 119.4 118.4 117.3 116.6
170.9 169.7 168.6 167.4 166 164.7 163.4 162.4 161.2 159.6 159.3 158.9 157.9 156.2 155.9 155.5 155.2 154.8 154 153 151.9 151 150.5 149.7 150.5 150.3 149.9 149.2 148.2 146.6 144.3 142.2 140.6 138.9 134.7 132.5 132.5 132.5 132.5 132.5 132.5 132.5 132.5 132.5 132.5 132.5 132.5 132.5 132.5 132.5 135.6 140.1 143 144.2 144.8 144.6 144.2 143.6 142.8 140.2 136.4 133.6 131.8 130.5 129.5 129.1 128.9 128.3 127.6 126.6 125.5 124.4 123.4 119.7 122 121.2 120.6 119.5 118.5 117.7
171.3 170.1 168.9 167.8 166.4 164.8 163.6 162.5 161.1 160.5 160 159.7 158.9 157 156.2 156 155.6 155.2 154.4 153.4 152.4 150.8 150 149.6 150.4 151.3 151.1 150.3 149.2 147.6 145.3 142 140.8 139.3 137.6 133.3 132.5 132.5 132.5 132.5 132.5 132.5 132.5 132.5 132.5 132.5 132.5 132.5 132.5 132.5 133.3 139.1 143.1 144.6 145 145.1 144.9 144.4 143.4 141.7 139.1 135.3 132.9 131.5 130.3 129.2 128.5 127.5 125.5 123.3 126.5 124.3 122.7 121.1 122.3 121.4 121.4 120.7 119.5 118.7
171.5 170.4 169.2 168.1 167 165.9 163.8 162.2 161.3 160.9 160.5 159.8 158.9 156.9 156.5 156.3 155.8 155.2 154.4 153.6 152 150.5 150.2 149.9 150.4 151.1 151.4 150.6 149.4 147.9 146.1 143.1 140.9 138.9 137.9 132.2 132.5 132.5 132.5 132.5 132.5 132.5 132.5 132.5 132.5 132.5 132.5 132.5 132.5 132.5 132.2 139 143.4 144.6 145 145.2 145.2 144.9 144 142.3 140.4 136.8 133.9 132.6 130.8 129.1 127.8 126.7 124.5 123.3 122.3 122.7 121.8 120.9 121.7 122 121.6 121.2 120.4 119.7
171.4 170.6 169.4 168.4 168.2 166.9 164.4 162.2 161.5 161.2 160.5 159.5 158.3 157.2 156.8 156.4 156 155.2 154.4 153.6 151.8 150.8 150.5 150.2 150.6 150.8 150.9 150.7 149.6 147.7 145.8 143.9 140.9 138.2 136.1 131.9 132.5 132.5 132.5 132.5 132.5 132.5 132.5 132.5 132.5 132.5 132.5 132.5 132.5 132.5 132.5 139.8 143 144.2 144.8 144.9 144.9 144.8 144.1 142.7 141 137.8 134.8 133.2 131.3 129.4 127.7 123 125.2 125 124.5 124 123.1 123 122.4 122 121.6 121.2 120.7 120
171 170.5 169.8 168.8 167.7 166.4 164.1 162 161.4 161 160.4 159.2 157.9 157.5 157.1 156.6 155.9 155.1 154.3 153.6 152.2 150.9 150.7 150.5 150.6 150.9 151 150.2 149.3 147.4 146.2 143.1 140.7 137.8 135.6 133 132.5 132.5 132.5 132.5 132.5 132.5 132.5 132.5 132.5 132.5 132.5 132.5 132.5 132.5 133.4 138.8 142.4 143.6 144.2 144.2 144.3 144.1 143.9 142.8 141 138.7 136 134.1 132.2 130 126.8 125.1 125.9 125.5 125.2 124.8 123.8 123.3 122.4 122 121.6 121.2 120.7 120.2
170.6 169.6 169.5 168.7 167.6 166.2 164.1 162.1 161.5 160.9 160 158.6 158 157.7 157.3 156.9 155.8 154.8 154 153.7 153.3 151.6 150.6 150.7 150.6 151.4 151.6 150.1 148.6 147.2 145.3 142.8 140.7 138.5 135.1 132.5 132.5 132.5 132.5 132.5 132.5 132.5 132.5 132.5 132.5 132.5 132.5 132.5 132.5 132.5 134.4 138.7 141.5 142.8 143.1 143.1 143.1 143.2 143.3 142.5 140.8 138.3 136.2 134.8 133.1 130.4 123.6 123.4 126.4 126.1 125.6 125.1 124.3 123.6 122.4 122 121.6 121.3 121 120.6
169.1 168.8 168.8 168.5 167.5 165.9 164.2 162.2 161.2 160.4 159.5 158.2 158 157.7 157.5 157.1 155.9 154.7 154 153.8 153.5 152.9 151.8 150.9 151 151.3 151.1 149.4 147.9 146.5 145.1 142.9 140.8 138.8 135.6 132.5 132.5 132.5 132.5 132.5 132.5 132.5 132.5 132.5 132.5 132.5 132.5 132.5 132.5 132.5 135.7 138.9 140.5 141.9 141.9 141.9 141.9 142 142.1 141.8 140.3 138.1 136.4 134.7 132.6 123 124 128 127.5 127 126.3 125.5 124.8 123.8 122.7 122.4 122.1 121.9 121.5 120.9
167.2 167.9 168 167.9 167.1 166.2 163.5 162.1 160.8 159.5 158.7 157.7 158 157.8 157.5 157.2 156.1 154.3 153.6 153.2 152.8 151.9 150.8 150.8 148.9 149 150.4 149 147.5 145.8 144.4 143 140.9 138.6 136.3 132.5 132.5 132.5 132.5 132.5 132.5 132.5 132.5 132.5 132.5 132.5 132.5 132.5 132.5 132.5 136 138.3 140 141.1 140.9 140.8 140.8 140.8 140.6 140.4 139.7 138 136.6 133.4 125.4 123 130.4 130.7 129.5 128.6 127.5 126.4 125 123.7 123.3 122.9 122.4 122 121.6 121.1
165.5 166.5 167.1 167 166.2 164.2 162.5 161.2 159.7 158.3 157.8 157.3 157.4 157.7 157.6 157.2 156 153.6 153.2 152.8 152.3 151 148.4 148.4 148.4 148.4 149.3 149 147.4 145.5 143.8 142.6 140.5 137.5 136.1 132.5 132.5 132.5 132.5 132.5 132.5 132.5 132.5 132.5 132.5 132.5 132.5 132.5 132.5 132.5 132.8 138.2 139.8 140.7 141.1 140.7 140.4 139.1 130 125.9 128.7 125.6 124.7 123.2 123 124.8 132.5 132 131 129.9 128.4 127.4 125.7 123.9 123.3 122.9 122.5 122.1 121.6 121.2
163.8 164.8 165.7 165.2 163.6 162.3 161.2 159.9 158.5 157.7 157.3 156.8 156.8 157.1 157.5 157.6 155.8 153.3 152.8 152.2 151.7 149.8 148.4 148.4 148.4 148.4 148.4 148.5 147.2 145.3 143.8 142.3 140.6 139.2 136 132.5 132.5 132.5 132.5 132.5 132.5 132.5 132.5 132.5 132.5 132.5 132.5 132.5 132.5 132.5 132 137.8 139.6 140.3 140.9 140.9 139.8 137.4 124.8 125.7 125.8 127 132.9 134.1 132.5 132.8 134 133.3 132.3 130.7 129.3 128 126 124.3 123.4 123 122.6 122.1 121.7 121.3
161.5 162.5 162.9 161.7 161.2 160.2 159.2 158.6 157.2 156.7 156.7 156.6 156.2 156.7 157.1 156.7 154.9 152.9 152.4 151.8 151.2 150.2 150.4 148.4 148.4 148.4 148.2 148.3 146.2 144.8 144.5 143.1 141.6 139.9 136.9 132.5 132.5 132.5 132.5 132.5 132.5 132.5 132.5 132.5 132.5 132.5 132.5 132.5 132.5 132.5 132.4 137.4 139.1 139.9 140.2 140.2 139 126.1 125.9 138.5 140.5 140.7 138.3 136.4 135 135 135.1 134.5 133.1 131.3 129.9 128.6 127.2 124.7 123.6 123 122.6 122.2 121.7 121.3
159.2 159.8 159.9 159 158.4 157.9 157.2 156.6 155.9 155.9 155.9 155.9 155.9 156.2 156.1 154.8 153.7 152.6 152.2 151.7 151.9 151.6 151.1 148.3 148.4 149.6 148.2 148.3 147.3 145.9 144.6 143.3 142 140.6 137.7 132.5 132.5 132.5 132.5 132.5 132.5 132.5 132.5 132.5 132.5 132.5 132.5 132.5 132.5 131.9 133 136.3 137.7 139.2 139.5 139.5 138.1 126.9 127.3 139.8 141.8 142 140.3 138 137 136.1 135.7 135.1 133.9 132.4 131 129.6 128.1 125.8 123.9 123.1 122.7 122.2 121.7 121.4
157.6 157.2 157.2 157.5 157.5 157.1 156.3 155.6 155.1 155.2 155.4 155.5 155.5 155.6 155 153.8 152.7 152.2 151.8 151.3 151.7 151.4 151.4 151.6 148.9 150.1 149.8 147.2 146.8 145.9 144.6 143.3 142.1 140.5 138.8 136.8 133.8 132.5 132.5 132.5 132.5 132.5 132.5 132.5 132.5 132.5 132.5 132.5 132.5 132 133.3 136.5 137.6 138.5 138.9 138.7 137.3 128.7 130.6 140.3 141.8 141.5 140.6 138.7 137.3 136.3 135.9 135.2 134 133.1 131.8 130.5 128.9 126.7 125 123.7 122.9 122.2 121.8 121.1
156.5 156.5 156.3 156.1 155.9 155.1 154.4 154.1 154.3 154.5 154.6 154.8 154.9 154.5 154 152.8 151.9 151.7 151.1 151.1 151.4 151.4 151.5 151.5 151.1 150.3 149.5 148.6 147 145.5 144.6 143.3 142 140.3 138.7 137.5 137.7 137 137.6 137.3 137.7 137.2 136.4 135.8 133.5 132.5 132.5 132.5 132.4 133.2 132.5 134.4 136.5 137.7 138.1 138.2 137.4 130 125.4 139.6 141.6 141.3 140.6 139.4 137.9 136.5 135.8 135 133.8 132.6 131.8 130.9 129.3 127.4 125.6 124 124.9 122 121.1 120.5
155.5 155.6 155.4 155 154.3 153.5 153.2 153 153.6 153.9 154 154.1 153.9 153.4 152.2 151.4 151.2 151.3 150.8 151.2 151.4 151.4 151.5 151.6 151.5 150.7 149.8 148.9 147.9 146.3 144.8 143.3 141.8 140.8 139.7 139.2 138.6 137.1 138.1 138.7 138.6 138.1 137.8 137.3 137.4 135.1 134.2 135.4 136.5 135.6 132.4 132.4 134.9 136.2 136.7 137.2 135.9 129.9 125.7 139.5 141.1 141.2 140.8 140 138.4 137.3 136.5 135.1 133.4 131.5 131 130.4 129.3 127.3 125.4 123.7 123.1 121.7 120.1 119.3
154.5 154.8 154.3 153.8 153.4 153.1 152.6 152.4 153 153.2 153.2 153.2 152.8 152.1 151.3 150.9 150.5 150.5 150.7 150.8 150.9 151.2 151.4 151.6 151.9 151.1 150.1 149.2 148.4 147.1 145.6 144 142.5 141.2 140.3 139.6 138.7 136.6 138.6 138.8 138.7 138.6 138.3 138.1 138.2 137.8 137.3 136.4 133.2 132.4 133.9 135.7 132.6 132.1 129.8 133.4 129 126.2 127.5 138.6 140.7 140.8 140.9 140.2 139.3 138.1 136.8 135.4 134 132.6 130.9 129.6 129.2 127.5 124.8 123.1 122 121.4 119.7 120.4
152.9 153.6 153.5 153.1 152.7 152.2 151.6 150.3 151.5 151.7 152.3 152.2 151.6 150 150.4 150.3 150 149.7 150 150.3 150.4 150.6 151.2 151.7 152 151.5 150.5 149.5 148.7 147.7 146.1 144.7 143.4 142.1 141 140.3 139.2 138.1 138.8 139 138.7 138.6 138.3 138.4 138.5 138.3 137.6 135.4 133.2 132.9 134.9 136.8 137.7 137.7 136.9 133.6 135.5 134.2 137.7 139.6 140.7 141 140.6 140.2 139.6 138.8 137.4 136 134.7 133.4 132.5 130 128.9 127.4 124.9 121.8 121.4 119.2 118.6 121.6
150.9 151.9 152.2 152.2 151.8 151.2 150.8 150.4 148.4 149.9 150.1 150.4 149.8 149.4 149.4 149.3 149.2 149.1 149.2 149.5 149.8 150.5 151.3 151.8 152 152.1 151.1 150.1 149 148 146.9 145.8 144.5 143.1 141.9 140.9 140.1 139.3 139.3 139.3 138.9 138.6 138.5 138.2 138.5 138.2 138.1 137.1 135.6 132.4 133 137.8 138.4 138.9 139 138.7 138.9 139.1 139.6 140.4 141.1 140.8 140.4 140 139.7 139.2 137.9 136.6 135.3 134.1 132.8 131.1 128.9 126 123.5 120.8 119.2 118.6 118.6 119.3
149.6 149.9 150.6 150.9 151 150.6 150.2 149.6 147.5 144.6 143.5 144.8 147.4 147.9 148.3 148.3 148.2 148.2 148.9 149.2 149.7 150.6 151.4 151.9 152.1 152.4 151.7 150.6 149.7 149.1 147.9 146.8 145.7 144.5 143 141.7 140.9 140.4 139.9 139.7 139.3 138.8 138.2 138.2 138.2 138.3 138 137.4 136.1 132.7 132.7 137.7 139.1 139.7 140 140.2 140.1 140.4 140.7 141.3 141.1 140.7 140.3 140 139.9 139.2 137.9 137 135.7 134.3 133 131.7 129.3 127.1 123.9 121.8 118.6 118.6 118.6 118.6
