UK/data/nc/nc10_OST50GRID_20230518/NC10.asc
ncols 200
nrows 200
xllcorner 210000
yllcorner 900000
cellsize 50
[rows 0 to 34 of 200, columns 79 to 157 of 200]
248.6 239.1 226 221.1 212.8 206.9 198.4 191.9 184.3 181.2 157.3 146.9 129.6 116.6 119 128.8 134.7 141.7 145 145 141.9 132.3 126.7 124.9 120.1 117.2 106.1 103.9 114 125.4 142.2 160.1 173.1 179.1 174.4 191.6 209.8 229.7 259.6 286.9 318.8 337.9 349.6 362.5 375 391.5 409.5 429.7 449.3 461.7 457 433.2 415.9 425.8 427.5 433.4 432.9 428.3 424.4 418.1 404.7 387.1 374.4 363.8 355.9 347.4 340.2 334.6 326.2 319.4 315.4 307.9 303.1 293.6 281.7 274.9 266.5 264.2 261.1
263.3 252.5 243.9 235.7 225.1 219.2 211.6 201.9 193 188.7 181.7 174.4 160.6 130.6 122.1 132.7 143.2 144.9 147.8 151.2 146.9 142.1 134.8 123.4 118.4 116.9 107.9 103.8 120.4 127.4 143.8 160 176.9 181.1 176.1 182.8 198.5 212.7 243.2 263.9 281.5 300.1 318.9 338.8 348.9 361.1 377.7 395.2 409.2 418.2 420.7 400.8 382.8 393.7 425.5 427.9 428.2 424.8 417.7 409.1 393.4 378.1 366.6 356.9 348.9 341.9 334.4 325.9 319.9 316 310.5 303.1 292.7 281.1 270.2 260.2 257.8 254.9 249.5
282.3 271.5 257.5 250 238.5 231.9 223.1 216 211.6 200.6 191.4 189.1 179.7 161.6 136.5 136.8 141.3 147.3 148.7 154.5 153.6 148.4 138.6 124.4 119.4 121.9 112.9 106.6 118.9 125.4 138.9 148.7 160.7 168.2 170.6 179.5 188.7 201.6 222 245.6 259.1 271.6 289.9 310.8 322.5 330.3 341.7 356.6 369.5 377.3 377.8 368.2 352.1 364 395.4 418.6 426.2 423.1 414.4 400.5 384.2 373.1 361.5 351.3 339 335.5 331.2 324 319.1 314.6 307.7 296.6 283.4 272.8 260.2 253.9 251.7 248 238.9
306.6 297.8 282.3 263.4 253 246.2 235.7 228.4 221 214.7 207.5 200.4 185.5 173 155.7 143.6 144.5 151.8 153.8 156.6 159.7 157.2 147.6 134.5 125.7 123.4 123.6 107.9 112.9 122.5 128.9 131.1 143.6 153.7 164.3 175.2 180.9 191.1 205.6 220.1 239.5 250.1 264.9 284.7 301.6 308.4 313.4 321 329.7 333.7 339.2 333.3 325.5 340.5 361.2 381.6 410.5 415.9 403.3 393 380.9 365.7 354.9 342.8 333.8 331.4 323.6 320.7 315.2 310.7 297.2 284.7 272.5 263.6 252.4 248.9 243.1 238.1 232.5
325.2 319.2 307.8 285.9 270.3 260.3 249.7 238.4 230.4 223.5 214.3 208.8 193.2 179.3 170.2 153.9 151.1 155.8 169.8 173.7 170.7 161.1 151.9 146.9 134.9 131.7 128.6 116.3 115.3 115.7 111.6 116.3 125.4 140.5 156 171.3 175.5 180.6 196.4 212.4 212 223.7 240.4 263 273.4 282.3 290.2 295.7 301.2 303.2 308.4 304 302.3 315.4 329.7 344.7 367 385.9 389.9 388.6 374.5 359.9 347.4 334.5 328.3 320.8 317 314.2 312.4 300.5 285.1 273.8 264 249.7 241.6 235.9 231.8 232.9 235.4
341 341.1 335.4 319.7 301.9 279.3 260.4 252 238.7 232.8 223.4 213.9 200.6 183.1 172.5 160.1 159.8 163.3 180.7 191.6 181.1 168.8 161.2 155.1 145.3 145 146 124.5 111.1 104.7 104.7 104.7 111.4 125.9 143 156.3 163.7 169.6 186.9 206.4 207.3 210.3 217.1 228.6 246.3 256.5 261.9 265.8 271.4 278.6 280.9 282.6 285 292.8 304.2 313.3 329.6 346.6 382.1 377.9 365.2 352.5 340 325.6 315.3 311.4 309.1 307.5 302.6 291.1 275.1 265.8 253 240.5 232.1 227.7 227.5 227.9 231.1
355.2 352.6 348.3 341.6 328.8 302.2 280.8 260.4 251 241.3 234.3 219.6 205.1 191.3 174.9 167.3 161.4 175.5 185.9 191 187.9 186.9 176.2 173.5 161.8 149.8 141 125.4 114.5 104.7 104.7 104.7 104.7 115 132.9 151 157.8 159.4 180.6 195.3 199.1 212.5 218 218.1 221.4 224.7 229.4 236 245.5 256.9 260.6 262.6 271.6 273.2 279.1 287.3 299.9 319.8 368.3 369.8 356.5 345.7 333.4 320.2 309.5 305.2 300.5 298.5 292.7 278.6 265.8 255.8 244.2 232.1 225.2 221.9 220.9 220.8 229
381.8 380 375.4 363.6 350.7 325.4 300.7 281.7 263.7 251.1 238.1 224.4 212.4 199.3 180.8 173.2 170.3 170.1 182.5 191.2 197 194 176.4 172.1 163.3 144.7 134.8 121.5 112.7 104.7 104.7 104.7 104.7 104.7 121.9 144 153.4 151.1 176.3 177.5 185 199.5 209.5 216.1 217 216.2 216.9 218.9 223 232.3 236.2 234.5 247.1 247.8 258.2 265.4 274.2 294.1 324 349.5 349 341.4 325.8 311.2 303.2 299.6 290.3 286.4 278.8 267.2 257.3 247.7 235.6 227.1 223.2 219.4 217.2 222.7 222.9
396.5 396 397.4 391.8 378.5 352.4 323.5 304 283 262.7 243.1 230.1 221.4 212.4 194.3 185.4 180.4 181.9 186.9 191.4 194.5 181.2 172 169.8 164.8 151.2 138.2 124.4 115 107.4 104.7 104.7 104.7 104.7 120 137.8 149.8 154.7 166.4 169.2 170 179.1 193.2 201.8 207.1 209.2 209.4 208 207.8 210.6 217.4 222 225.2 226.2 234.4 243.1 248.3 267.5 286.3 313.1 331.1 324.1 313.4 300.5 294.8 289.8 283.3 275.3 264.7 257.6 245.4 236.3 226.5 222.4 218.5 213.8 206.3 217.3 213.3
407 410.4 412.1 403.8 392.3 368.3 341.7 320.5 300.7 279.6 257 237.5 228.3 225.6 222.8 215.4 203.2 194.6 190.6 194.6 190.8 196.5 187.5 185.7 183.2 170.5 150.8 134.3 117.9 109.9 104.7 104.7 104.7 104.7 106.9 128.6 136 147.7 161.1 163.1 161.9 165.3 177.7 188.8 195.1 197.3 201.2 201.9 198.3 199.2 204.5 204.8 205.3 205.7 211.1 220.2 221.1 237.1 252.9 280.4 286 298.2 297.9 279.5 281 278.9 270.9 263.3 254.1 245.3 235.2 227.2 219.9 213.7 207.7 200.3 201.9 205.4 214
435 443.1 444 426 404.6 384.5 357.7 337.7 318.7 299.4 274.3 245 236.2 235.8 236.3 230.6 224.2 217.4 211.2 208.9 211.1 205.2 200.2 195.1 187.7 177.8 172.8 158.1 137 124.4 109.1 104.7 104.7 104.7 113 124.6 130.6 135.6 151.3 156.6 156.8 158.1 166 170.5 179.1 185.9 189.7 190.4 188.1 194.2 192.8 189.2 184.7 184.3 189.9 194.9 213.2 217.3 226 238 246.8 268.2 263.7 259.4 268.9 269.7 261.8 251 241.8 231.7 222.8 219.5 210.5 200.4 194.7 192 189.9 203.7 213.2
454.2 478.3 477.1 454.2 420.9 392.1 370.2 351.3 332 310.8 290.3 267.9 254.4 245.7 240.6 235.2 229.2 225.8 222.7 218.1 217.2 211.2 207.2 200 191.8 189.1 184.5 174.6 161.3 142.8 125.3 104.7 104.7 106.7 108.8 116.8 129.3 132.8 140.5 148.7 152.4 150.4 160.4 160.9 164.3 169 174.9 174.4 173.3 172.1 178.7 175.3 172.3 169 169.6 187.5 194.6 201 205.6 208.9 217 224.2 225.6 241.7 256.9 258.2 249.9 233.6 222.5 215.5 213.6 206.9 196.9 192.1 184.2 185.3 188.6 200 207.7
482.3 513.4 506.6 470.9 437 403.9 377.8 362.8 346.8 323.5 301.1 282.3 270.3 257.1 244.6 235.5 231.5 227.6 223.9 219.3 216.4 213.5 210.4 206 202.5 197.6 192.3 185.5 178.8 162.3 144.5 121.1 109.6 110.2 111.1 112.3 128.5 136 138.4 140.9 139.7 144.9 153.9 159.4 158.2 159.3 159.4 160 163.2 167.2 168.6 167.9 165.2 162 166.4 180.6 187.7 195.7 198.9 197.3 205.7 206.3 209.5 228.3 243.2 241 230.1 215.8 211.4 207.5 203.3 194.7 185.8 183.4 182.2 188.2 190.9 195.5 201.4
499.9 556.4 527.7 487.5 448.2 416.2 393.5 372 358.7 336.5 311.5 295.7 278.6 265.3 253.1 241.7 232.4 229 223.7 218.6 216.6 215.9 214 210.4 208 203.6 198.8 194.2 186.8 179.4 166.2 147 122.6 116.8 117.1 116.1 121.8 126.7 125.5 130.7 129.2 136.6 149.5 152.8 153.8 154.3 154 156.3 157.6 163.2 164 164.5 163.9 160.9 160.5 169.4 177.7 180 182.6 187.8 193.9 192.8 191.6 206.3 215.3 216.3 208.5 200.2 197.9 190.2 186.2 181.5 182.6 181.3 185.3 185.6 185.2 189 192.6
511.5 559.8 542.7 499 459.9 433.5 410.2 398.5 376 343.1 319.8 303.5 291.5 279.3 270.7 260.2 245.5 239.5 238.3 234.9 234 235 230.5 230.2 225 217.1 208.7 199.7 194.5 187.2 180.1 164.5 141.9 129.1 127.9 124.2 127.5 129.7 124.4 124.6 126.2 136.5 145.7 144 143.9 144.1 144.6 148.3 149.6 151.2 154.1 154.7 155.7 153.6 150 150.4 156.9 164.5 168.2 177.5 178.5 182.1 183.7 188.9 190.1 188.1 185.9 180.7 177.6 178.8 178.7 179.6 180.7 181.7 182.8 182.9 182.8 189.7 192.6
514.8 544.5 545.6 511.2 481.2 454.4 436.7 417.9 384.4 346.6 323 305.8 297.7 289.8 280.3 274.3 264.6 258 258.9 257 261.8 259.2 260.2 250 241.2 231.1 221.4 211.4 199.8 192.8 185.4 172.1 159.1 147.3 139.4 138.6 142.6 137.6 127.2 128.3 134.1 140.1 135.9 135.5 141 140.3 142.7 142.7 143.7 144.7 148.5 148.6 148.3 147.8 147.1 146.9 146.7 149.7 151.8 153.4 161.5 163.3 162.9 164.7 172.9 175.6 177.9 180.1 183.5 183.6 182.3 179.6 181.6 182.4 178.2 179.9 182.6 187.7 186.2
521.6 543.6 547.6 539 500.9 480.4 464.5 431.9 395.9 359.6 330.2 312.8 302.5 295.9 291.5 281.8 275.5 278.1 281.2 292 298.2 307.5 306.5 297.3 282.4 261.1 250.8 231.9 213.4 197.9 189 181.1 169 158.4 148.9 147.4 144.5 139.6 137.5 142.5 141.2 143.1 142.5 142.2 139.2 144.4 142.3 145.6 146.5 144.7 147 146.3 146 145.8 146.5 148.5 147.8 148.5 149.7 151.9 154.4 155.8 166.5 177.9 179.9 183.1 183.8 182.6 186 184.3 180.5 178.2 180.1 178.2 178.2 182 182.3 182.4 184.6
550.2 558.1 563 554.7 531.9 517.8 481.8 447.6 418.5 389.6 355.1 334.4 319.2 309.6 304.5 305.6 306.3 309.5 311.5 313 314.4 320.5 318.2 310.6 295.7 285.4 267.5 249.9 240.5 222.3 208.2 187.1 174.8 162.7 155.4 156.3 158.9 159.9 156.7 154.7 149.9 152.6 152.1 146.1 144.2 145.5 149.5 147.6 146.9 145.2 145.6 146.1 145.9 145.5 146.2 150.2 155.5 160.8 163.5 161.7 160.3 158.9 166.2 177 179.2 183.1 186.6 187.4 185.3 179.5 178.2 178.2 179.4 178.2 178.2 180 181.4 181.4 191.4
578.7 588.2 593.3 582.3 572.9 563.4 553.9 471.6 439.5 410.7 382.7 361.9 346.1 337.5 338.8 339.1 341.3 339.1 337.2 335 334.8 333.5 329.1 324.7 316.7 311.5 291.4 270.6 250.4 241.3 233.8 214.8 195.7 179.2 166.1 169.7 168.4 165.7 163.6 159.9 159.8 155.9 153.2 151.1 150.1 149.3 147.4 148.7 145.9 146.4 146.4 146.2 146 151.1 163 169.8 173.8 174.3 175.6 175.5 172.3 178 178.8 173.2 174.7 183.7 182.9 182 182.4 178.2 178.2 178.2 178.2 178.2 178.2 178.2 178.2 185.6 196.4
602 625.8 629.7 617 608.9 600 578.9 536.3 461 433.4 405.3 382.7 368.4 364.6 362 362.4 359.2 356.1 355.8 357.1 358.2 362.5 354.7 343.2 334.4 322.5 310.1 298.1 284 277.8 265.7 235.9 216.9 199 184.6 178.9 174.8 169.5 165.8 164.6 164.7 163.3 163.6 159.7 157.9 161 163 162.6 166.2 161.9 151.5 154.5 167.4 173.9 176.8 180.3 182.2 183 183.4 182.2 184.3 186 187.5 181.4 176.9 175.3 177.6 179.1 181 179.3 178.2 181.4 181.9 178.2 179.5 178.2 185.2 192 195.5
650.8 664.8 668.6 655.4 648.6 640.9 624.6 588.3 489.2 455.1 428.8 404.1 391.4 384.4 384.2 383.8 384.3 385.8 387.5 387.6 395.8 395.6 388.5 375.9 364.9 348.2 331.6 313.5 300.8 288.6 279.2 253.4 222.6 212.6 207.7 202.2 201.9 199.1 192.6 185.8 184.5 182.3 182.1 181.5 177.1 177.9 180.6 179.8 176.8 173.9 175.7 180.3 179.9 183.9 187.7 191.7 196 195 194.2 199.3 200.7 206.9 204 196.8 192.7 186.7 183.9 183.9 179.4 178.2 178.2 178.2 178.2 178.2 178.2 180.8 191.1 197.4 203.6
686.9 700.8 703 694.1 690.4 678.8 654.7 595 533.2 489 459.3 438.4 421.8 415 414.5 414.4 427.8 444.6 447.2 465.9 482.2 479.1 475.8 462.2 400.5 378.3 352.1 332.8 318 302.2 283.4 250.2 236.1 230.2 230.7 224.1 215.4 208.7 205.9 201.9 196.2 195 196.5 206 215.7 215.2 209.2 205.9 199.6 192.3 193.4 192.6 206.9 208.8 219.3 218.3 219.6 217.2 215.4 226.6 226.8 217.7 212.1 205.1 202.3 198.4 193.8 187.6 182.9 178.2 178.2 178.2 178.2 178.2 182.8 183.1 195.4 206.3 216.5
726.7 740.2 738.3 730.6 723.5 709.7 661.5 628.6 583.2 566.7 530.2 481.7 470.9 453.1 469.2 462.4 490.5 502.6 514.2 533.8 548.4 537.3 503.6 478 454.2 424.7 374.8 348.4 326.9 310.1 287.3 275.1 255.7 245.9 243.2 233.9 224.7 219.5 213.5 207.8 200.6 212.7 215.6 232.5 238 239.4 230.6 221 214.3 208.7 214.7 235.5 241 240.8 233.8 235.1 237.7 237.2 248.2 246.2 239.4 231.9 222.7 217.7 214 209.2 203.1 196.1 188.4 180.8 178.2 178.2 178.2 178.2 181.1 189.1 206.4 218.6 234.1
741.9 768.8 759.6 742.8 731.5 710.7 686.7 665.1 624 593.2 576.6 533.9 516.5 509.2 522 523.5 539.9 556.3 584.6 596.9 589.1 550 510.2 486.3 458.5 430.5 398.3 357.6 323.9 315.7 307.9 296.6 282 267 262.2 247.9 236 231.8 226.9 227 227.5 235.5 245.4 264 264.2 267.4 262 250.2 240.6 249.1 252.6 261.9 274.6 285.8 283.3 264.1 256.9 255.4 250.9 244.7 239.5 235 230.5 224.6 218.2 212.9 206.2 199.7 192.1 183.8 178.2 178.2 178.2 178.2 187.4 195.6 218.8 231.4 236.6
750.1 758.7 743.7 728.9 712.5 695.8 680.7 659 628.5 599.3 587 566 565.9 570.4 572.6 568 589.8 620 646.1 638.3 601.3 559.8 520.9 489.2 458.9 434.6 396.8 354.5 345.8 345.3 345.4 345.2 319.2 293.3 278.1 262.9 253.3 252.8 255.6 253.8 251.4 259 274.8 283.4 280.1 280.7 279.9 286.9 317.6 315.3 322.6 320.1 311.8 302.8 290.8 276.6 270.6 261 252.2 245.7 239.7 233.5 223.6 222.8 220.3 217.1 210.7 197.5 189.5 184.3 178.8 179.9 181.8 183.3 196.1 205.8 226.1 237.2 235.9
749.6 741.4 725.7 709.2 694.1 679.9 665.2 646.1 619.8 597.4 583.3 581.7 599.3 617.3 624.7 628.2 640.7 656.9 646.9 630.3 600.2 562.3 526.3 493.9 461.4 431.1 413.3 392.7 370.6 364.5 363.2 354.8 334.4 316.6 300.4 291.9 288.1 291.9 298.7 297.6 287.6 288.5 326.7 330.4 321.7 331 334.2 334.4 334.8 333.4 326.2 320.6 309.5 301.1 287.7 274.9 267.3 260.2 256.4 251 247.8 242.4 237.9 235.1 221.5 213.9 209.2 200.4 197.5 186.2 185.9 186.1 186.3 192.5 196.5 212.6 226.6 228.3 229.7
733.5 721.6 706 690.9 674.9 662.3 648.3 631.1 608.8 590.3 582.3 587.1 595.5 613.7 629.4 634.5 646.3 649 639.1 627.7 598.9 553.8 516.7 493.2 463.9 437.9 421 400 388.6 373.7 359.3 356.5 354.9 359.8 347.2 331.5 344.6 342.2 334.5 326.1 318.5 320 333 332.3 343.9 343.7 341.5 342 334 327.8 322.3 316.8 308.5 297.7 283.4 273.5 263.8 258.5 254.8 249.6 246.8 240.4 238.9 232.9 225.6 218.3 205.6 198.5 195 188.7 192.2 193.1 192.1 195.2 205.8 214.3 221.7 225.3 229.4
712.9 699.3 684.6 669.3 654.2 641.9 629.5 615 598.5 588 582.6 583.6 592.7 603.7 619.1 641.2 651.8 650.1 646.6 639.8 615.5 575.2 550.4 513.2 476.7 449.6 425.5 401.7 390.4 372.3 362.7 370.4 373.9 362.1 347.5 341.8 347.1 342.5 336.3 332 329.8 327.3 324.5 329.8 337.4 336.2 337.1 332.2 326.9 319.6 311.5 305.3 301.6 290.6 281.5 269.3 260.5 253.6 248.3 242 239.9 237.3 233.2 228.3 221.8 212.4 207.2 201.9 197.8 198.1 199.7 202.3 201.7 199.3 207.7 218.1 229.9 235.3 233.3
686.1 673.7 659.9 644.7 631.7 620.8 609.7 597.5 588.2 580.4 576.6 579.2 587.7 601.1 625.1 644.5 649.3 654 652.4 635.2 616.9 594.2 573.8 538.7 499.1 467.1 434.3 407.9 393.8 381.4 375.4 375.7 372.2 363.6 350.1 346.7 341.6 339.4 336.6 332.6 327.4 323.5 323.9 327.6 329.9 325.8 324.5 319.6 315.2 308.7 299.2 291.9 289.4 281.3 277.8 264.1 259.3 256.2 244.2 238.4 233.2 230.2 228.2 226.2 220.7 214 207.5 203.4 199.6 209.5 212.4 208.9 203 201.3 211.9 229.5 235 235.8 233.7
657.4 642.6 628.6 616 605 593.9 585 577.5 571.6 566.4 567.4 575.5 586.5 607.7 626.8 636.7 633.5 635.7 630.5 616.2 604.5 589.9 574.7 546.2 508.1 477.3 453.3 425.5 402.5 391.4 384.4 381.2 368.9 360.5 351.4 343.6 336.9 333 329.1 326.2 324.2 323.2 322.7 319.9 319.3 317.4 313.2 309.7 306.5 300.3 291.2 284.5 277.2 273.1 267 260.5 256 253.4 248.4 241.4 236 233 229.3 225 217.4 211.9 207.2 203.1 203.4 208.9 211.6 209.2 204.9 207.9 223.4 233.6 235.5 233.1 233.4
627.2 612.2 594.1 581.3 578.9 567.1 558.8 556.7 550.3 552.4 556.1 568 579 597 605.7 610.4 608.7 610 605.1 597.3 591.2 581.8 569.9 547.9 526.9 496.7 464.8 436.6 410.2 398 383.9 377.2 365.2 357.1 348.9 340.7 335.8 330 324.9 321.7 319.6 321.2 317.8 314.2 313.6 308.9 304.7 300.5 296.4 288.5 282.8 274.4 266.5 263.8 258.8 255.6 253 249.9 246.3 243 239.2 238 232.4 226.1 216.5 210.9 205.8 202.5 205.6 208.3 209.4 208 207.6 216.8 229.6 233.2 233.7 232.3 232.6
599.1 592.6 573.1 569 560.6 547.1 539.5 535 531.7 536.6 543.4 551.1 555.9 562.7 569 574.1 577.6 579.3 576.7 569.9 569.6 572.8 561.4 539.7 525.8 502.4 469.8 447.2 429 403.2 385.5 374.3 360.6 352.2 343.5 334.8 330.1 324.7 321.3 318.3 315.9 313.9 308.2 304.8 300.7 300.2 296.2 292.5 289.2 281 276.4 265.9 264.2 256.1 254.9 253.3 253 249.5 246 241.8 240.8 236.6 231 222.2 217 216.7 209.8 207.1 207.8 208.7 208.9 212.2 215.8 222.3 231 232 232.1 232.6 233.1
593.9 585.3 569 559.9 547.7 533.4 524.6 516.5 520.8 524.4 526.4 528.2 526.5 530.1 535.3 535.4 541 542.2 542.1 545.9 551 543.9 541 524.9 513.2 493.3 465.1 450.4 430.9 405.2 384.5 368.1 357 352.3 343.5 333 327.1 322.9 318.7 315.7 313.8 311 303.6 296.1 292.5 290.2 286.2 283.7 276.4 272.6 262.9 258.8 256.1 254.4 251.8 251.9 250.2 245.1 239.6 237.4 236.3 232.2 226.7 221.1 219.8 218 211 212 215.6 219.2 217.5 223.5 226.9 229.7 233.9 234.2 234.3 234.1 231.5
590.3 581.9 572.6 557 544.3 524.8 513.1 509.4 510 510.3 502.9 497.6 503.4 505.4 503 503 512 519.1 513.7 510.6 522.3 522.3 515.1 496.8 488.5 469.8 456.6 443.5 425.2 405.7 378.7 365.5 353.1 346.1 339.6 332.1 328.3 323.8 318.6 316.3 312 306.1 300.1 292.6 288.1 283.3 277 273 264.7 260.4 253.6 249.8 248.3 247.1 248.1 249.8 246.9 239.8 237.4 236.9 237.1 232.3 226.3 221.2 225.4 220.8 222.6 229.5 225.4 227.1 234.3 243.1 247.9 239.6 235.6 235.8 236 234.1 226.5
579.2 570 566.1 551.7 541.6 524.3 508 500.8 496.2 489.9 480.7 476.6 474.5 480.1 478.9 485.7 492.1 489.5 483.7 480.8 497.8 492.3 480.1 470.5 465.7 453.2 439.6 431.9 415.6 397.2 376.7 361.6 352.2 342.6 337.7 334 329.3 320.7 319.1 318.6 310.5 299.4 293.1 287 281.7 275.5 270.5 265.3 258.4 252.6 249.2 245.9 241.9 240.6 245.4 244.8 240.7 238.1 235.2 235.1 232.2 227.9 226.4 228.2 228.6 222.5 226.6 227.9 227.8 238.3 250 256.8 248.7 239.4 237.3 237.6 237.4 232.3 219.1
