WholeMapElevations/data/so/so94_OST50GRID_20230518/SO94.asc
ncols 200
nrows 200
xllcorner 390000
yllcorner 240000
cellsize 50
[rows 114 to 151 of 200, columns 0 to 85 of 200]
20.4 20.6 20.4 20.1 19.7 19.2 18.8 18.5 18.6 18.8 19.4 20.8 21 21.2 22.1 22.5 22.6 23.7 25.2 25.8 26.7 27.9 29.3 30.3 32.4 32.9 34 35.5 38.3 41.5 46.8 49.5 51.7 51.8 49.8 46.3 42.8 38.6 34.6 30.1 27.3 23.5 16.2 13.2 13.9 14.1 16 19.9 20.7 21 21.5 22.3 23.4 24.5 25.6 26.7 28.5 30.7 32.5 24.1 13.1 15.6 14.6 14.7 15.2 15.3 15.4 15.4 15.4 15.4 15.4 15.4 15.4 15.4 15.4 15.4 15.4 15.4 17.2 19.1 20.3 20.5 20.5 20.7 20.9 21.1
20.2 20.2 20.1 19.8 19.4 19 18.5 18.1 18.5 19.1 19.7 20.7 20.9 21.1 21.6 22.9 23.2 23.8 25.1 25.8 26.7 28.1 29.5 30.1 31.1 32.5 33.4 34.2 36 39.2 41.5 44.8 49.7 50.5 48.1 42.7 38.4 34 31.2 27.7 25.5 22 16 13.6 13.6 13.8 15.6 19 19.7 20.7 21.8 22.8 24 25.2 26.3 27.5 29.5 32.6 33.6 23.2 12.9 15.7 14.4 14.8 14.9 15 15.2 15.2 15.6 15.6 15.6 15.6 15.6 15.6 15.6 15.6 15.4 15.4 16.7 19.4 20.1 20.2 19.8 20 20.3 20.7
19.6 19.7 19.7 19.5 19.2 19.1 19 18.9 19.3 19.8 20.2 20.6 21 21.3 21.5 22 23 24.5 23.9 24.2 25 26 28.4 29.1 29.8 30.6 31.9 32.7 34 35.5 37.5 41.4 45.3 46.2 43.2 39.4 36.4 33.4 29.9 27.1 25.4 21.5 16.6 14.1 12.5 13.1 14.7 17.1 19.3 20.6 22 23.3 24.5 25.8 27 28.2 30.9 34 30.8 21.3 12.6 15.6 14.5 14.5 14.6 14.9 15.2 14.9 15.8 15.8 15.8 15.8 15.8 15.8 15.7 15.6 15.4 15.3 16.7 18.9 19.7 19.5 19.2 19.5 20 20.4
18.8 18.9 18.9 19.3 19.3 19.2 19.2 19.4 19.6 19.9 20.2 20 20.2 21.2 21.8 22.2 23.4 23.9 24.3 24.7 26 26.6 27.4 28.1 28.9 29.6 29.9 31 32.7 34.2 35.1 39 39.8 39.8 37.4 35.2 34.1 32.3 30.5 28 26.3 23.5 19.6 16.8 12.9 12.3 14.2 17.3 20.4 21.7 23 24.7 26.1 27.1 28.2 29.9 33 35.5 30 20 13.2 15.7 14.3 14.3 14.7 15.3 14.9 14.6 15.6 16.1 16.1 16.1 16.1 15.9 15.7 15.5 15.3 15.2 16.6 18.3 18.9 18.8 19.3 19.8 20.2 20.2
17.7 17.9 18.4 19 18.9 19.5 19.6 19.5 19.4 19.7 19.7 19.3 19.5 20.3 21.3 21.9 22.4 22.4 23.3 24.2 24.4 26.3 26.7 27.3 28 28.7 29.1 29.8 31.4 32.4 33 35.5 35 35.2 33.9 32.8 31.8 30.9 29.1 27.7 25.8 24.1 21.8 18.3 13.7 12.6 13.5 17.7 20.9 22.9 24.6 27 28.4 29.3 30.2 31.9 34.4 37 32.6 20.8 13 15.6 14.4 14.1 15.3 14.9 14.7 14.6 14.9 16.3 16.3 16.2 16 15.8 15.6 15.5 15.3 15.1 16.4 18 18.6 19.1 19.6 20.1 20.5 20.3
16.4 17.8 18.6 19.2 19.8 19.8 19.7 19.6 19.5 19.3 18.5 18.8 19.2 19.7 20.4 20.8 21.7 22.5 23.5 24.5 24.2 26 26.5 26.7 27.3 28 28.5 29.5 30.5 30.5 30.8 31.7 31.7 32 31.6 30.5 29.6 28.6 27.3 26.7 24.9 23 21.1 18 14.6 13.3 12.3 17.4 22.4 24.4 26.8 29.3 30.9 32 33.2 33.9 35.3 37.8 34.9 24 13.6 15.4 14.5 13.7 15.1 15.4 15.4 15.6 16 16.4 16.4 16.3 16.2 16.1 15.8 15.4 15 15.1 15.6 16.9 18.5 19.3 19.8 20.4 20.7 20.5
16 17.1 17.5 18 18.6 18.8 19.3 19.2 19.1 18.5 19 18.4 18.8 19.5 19.9 20.2 21.4 22.7 23.7 24.5 24.3 24 26.2 26.9 27.1 27.1 27.6 28.7 29.6 29.7 30.3 30 30.2 30.6 30.7 29.5 28.3 27.2 26 24.4 22.8 21.2 19.6 17.6 15.6 14.4 13.5 16.3 22.9 29.2 31 32.3 34 35.1 36.2 36.2 36.9 38.8 38 27.8 16.1 14.2 14.4 13.9 13.8 15.1 15.6 15.8 16 16.4 16.7 16.7 16.3 15.9 15.5 15.1 14.9 15 15.5 15.7 17.4 18.8 19.9 20.4 20.7 20.5
15.4 16.3 16.5 16.8 17.4 17.2 18 18.7 18.8 18.7 18.6 18.7 18.7 19.4 19.3 19.3 20.8 22.3 23.3 24 24.1 23.9 25.5 26.2 26.2 26 26.6 27.3 27.9 28.5 28.6 28.3 28.7 29.1 29.6 28.6 27.4 26.5 25.7 24.6 23.4 22.3 21.2 19.8 17.2 14.9 12.8 15.5 24.3 29.1 32 34.6 36 37.3 37.7 37.8 38.5 39.2 38.9 32.3 21.9 12.2 14.8 14.3 13.6 14.5 15.3 15.9 16.1 16.4 16.6 16.6 16 15.6 15.2 15 15.2 15.3 15.4 14.5 16.4 17.6 19 20.4 20.6 20.5
14.9 15.3 15.6 15.8 16.2 15.8 16.4 17.5 18.2 18.9 18.9 18.7 18.5 18.3 18.6 18.7 19.7 21.3 23 23.4 23.8 24.1 23.9 25.1 25.2 25.1 25.2 25.7 26.1 26.5 26.7 26.8 27.2 27.7 28.1 27.7 27.2 26.4 26.1 26.5 25.7 24.5 23.4 20.6 17.1 14.5 12.4 14.7 23.7 28.9 33.1 35.8 37.2 38.7 39.2 38.8 38.3 39.2 39.6 36.6 26.7 15.9 14.1 13.6 13.4 14.6 15.5 14.9 15.6 15.3 16 16.7 15.7 15.3 15.2 15.3 15.4 15.3 15.1 15.7 16.3 17 17.7 19.4 20.6 20
15.2 16 15.9 15.7 15.4 15.3 15.9 17.1 17.5 18 18.2 18 17.7 17.5 17.9 19.3 19.5 21.1 21 22.3 22.2 22.1 22.8 24.2 24.2 24.1 24.2 24.7 25.1 25.6 26.1 25.8 26.2 26.7 27.2 28.2 28.6 28.8 28.5 27.9 27.9 26.8 24.8 21.3 17.9 14.3 13.4 13.8 21.6 28.3 32.4 35.4 37.8 39.3 39.9 39.4 38.6 39.1 39.5 39.7 30.2 21 14.2 12.4 13.4 14.8 15.3 14.3 13.8 14.2 14.7 15.1 15 15.1 15 14.9 14.8 14.7 14.7 15.4 15.7 15.9 16.5 18 20.2 19.8
14.7 15.3 15.8 16.2 15.5 15.4 15.5 16.7 16.8 16.9 17.3 17.3 17 16.8 17.6 18.5 19.5 20.3 20 20.7 20.6 21.4 21.5 23.7 23.5 23.3 23.3 23.8 24.3 24.7 25.2 25.7 26.2 26.8 27.9 29.2 30.6 31.6 31.9 31.8 30.8 29 25.6 22.1 18.5 14.3 12.9 14 19.9 27.5 31.3 34.6 36.9 38.5 39.4 39.1 38.9 39 39.3 39.6 36 28.1 20.6 13.5 12.9 15 14.7 14 14 14 13.9 13.8 14 15 14.7 14.4 14.2 14.2 14.4 14.7 15 15.2 15.4 16.1 18.2 18.8
14.5 14.8 15.8 16.3 15.7 15.5 15.4 16.5 15.7 16.3 15.5 15.7 16.6 17.5 17.6 17.6 18.4 18.7 19 19.1 19.9 20.6 20.1 22.3 22.3 23.1 22.7 23.2 23.7 24.2 25.1 26 26.5 27.1 29.5 31.5 32.8 34.7 35.1 35.2 33.8 31.1 27.2 22.9 18.6 14.4 13.5 13.3 16.8 24.3 29.2 33.2 35.1 36.7 37.9 37.7 36.9 37.9 38.5 38.8 38.7 34.8 27 18.6 14.7 12.8 15 14.9 14.8 14.6 14.5 14.1 14.3 14.8 14.7 14.4 14 13.7 13.8 14 14.2 14.4 14.6 14.8 15.7 16.8
14.4 14.6 15.8 15.9 15.1 14.8 15.7 15.5 15.8 16.2 16.4 16.4 16.3 16.9 17.4 17.6 18.1 18.4 18.7 19 19.2 19.6 21.2 21.4 23.2 22.5 22.1 22.7 23.6 24.5 25.4 26.2 26.7 28 30.6 33.1 35.1 37.2 37.6 36.6 34.5 29.5 26.5 21.9 18.5 14.6 13.4 12.6 14.8 21.7 27.2 30.9 32.2 34.2 35.3 35.5 34.7 36.5 37.4 38 37.8 37.4 34.7 28.2 20.2 14.8 12.3 14.9 14.8 13.8 13.2 13.2 12.9 14.3 14.6 14.4 14.3 14.5 15 14.4 13.6 13.6 13.6 13.7 14.5 15.6
14.8 14.4 15.2 15.5 15.3 14.6 14.5 14.6 16.1 16.6 16.8 17.2 17 17 17.2 18.2 18.4 18.7 18.9 19.2 19.3 19.8 20.1 20.8 22.2 22.3 22.1 22.9 23.8 24.7 25.6 26.4 27.1 29 31.6 34.2 36.7 38 38 36.1 33.2 29.4 25.5 21.1 18.1 15.6 13.7 12.6 14.9 21.2 25.7 28.1 29.9 30.6 32.4 33.3 33.1 34.9 35.9 36.5 35.8 35.6 35.7 36 34.2 25.3 20.4 16.5 14.3 15.2 17.3 15.2 14.7 14.6 13 14.2 13.2 14.6 14.8 14.4 13.2 13.2 13.4 13.9 14 14.3
14.5 14.2 14.3 14.7 15 14.8 14.5 15.7 16.2 16.5 16.7 16.3 17 17.8 17.8 18.5 18.7 19 19.2 19.5 19 20.4 21 21.6 22.2 22.8 22.5 23.3 24.1 25 25.8 26.7 27.9 30 32.6 35 37.7 38.3 36.8 35.1 31.1 27.8 25.3 22.9 20 16.9 14.2 13.3 13.8 17.8 23.2 26.2 27.9 28.2 29.8 30.5 31.5 33.3 34.1 34.3 33.8 34.1 34.5 35.4 35.1 36.3 34.7 31.6 30.7 28.9 27.3 24.5 22.1 19.1 17.2 16.9 14.4 13.3 13.7 14 12.8 13.2 13.4 14.2 14 14.5
13.6 13.6 14.5 14.1 14 14.4 15.6 15.4 15.8 16.4 16.6 15.9 16.1 17 18.2 18.8 18.9 19.1 19.2 19.4 18.9 19.9 20.4 21 21.6 22.2 22.9 23.7 24.5 25.3 26.1 27.1 28.7 31 33.4 35.8 37.9 38.3 36.6 33.2 28.9 27.3 25.3 23.2 20.6 17.8 15.2 13.6 12.8 16.7 20.9 24.1 26.5 26.7 27.9 28.6 29.7 31.5 32.3 32.4 32.7 33.1 33.4 33.9 35.6 36 35.9 35.8 35.5 34.7 33.6 32.7 31.4 28.1 27 24 20.4 17 14.9 14.5 15.2 14.5 13.3 13 14.6 14.7
14 13.7 14 14.8 15.5 15.7 15.5 15.3 15.2 15.9 16.6 16.1 16.1 16.2 17 18.4 18.6 18.7 18.8 18.9 19 19.3 19.9 20.5 21.2 22 22.4 22.8 23.9 25.1 26.3 27.8 29.5 32 34.5 36.7 38 38.1 35.9 32.9 28.5 27.4 25.2 23.3 21.2 20.2 17.2 13.9 12.4 14.8 18.6 23.3 25.3 26 26.5 27.2 28.2 29.7 30.6 31.1 31.1 31.3 31.8 32.3 34 34.2 34.7 35.1 34.5 33.7 32.9 33.8 34.2 34.4 33.8 31.7 26.7 21 16.9 15.4 16 15.1 14 13.1 12.9 13.3
13.9 14 14.2 14.5 14.8 15.7 15.6 15.3 15 15.3 16.9 16.4 16.4 16.4 16.4 17.2 18.1 18.2 18.3 18.4 18.6 18.8 19.4 20.2 21.1 21.9 22.4 22.8 24.4 25.7 27 28.6 30.6 33.2 35.8 37.5 38.1 37.4 35.9 32.9 28.5 27.3 25.5 23.5 22.1 21.1 17.4 14.5 12.7 14.8 18.3 22.1 24 25.3 25.6 26.2 26.8 27.9 29 29.9 30.1 29.8 29.7 30.5 31.8 31.7 32.1 32.5 32.7 31.9 31.4 32.6 33.7 34 33.7 32.8 26.2 21.4 19 17.3 15.1 14.7 14.2 13.6 13.5 14
14.8 14.6 14.3 14.3 14.4 15.6 14.9 15.4 15.7 15.5 16.7 16.7 16.6 16.5 16.9 17.6 17.4 17.7 17.9 18 18.1 18.4 19.3 20.1 21 21.8 22.7 22.3 23.6 26 28.1 30.3 32.3 34.9 36.6 37.3 38 36.9 35.6 32.8 28.8 27.4 25.6 23.9 22.6 21.4 18 14.6 13 15 17.2 20.2 22.6 24.4 24.8 25.2 25.9 26.6 27.5 28.6 29.1 28.8 28.5 29.5 29.6 29.4 29.3 30.1 30.4 30 30.2 31.5 32.5 33.1 32.7 29.4 24 23 20.8 18.6 17.2 15 14.5 14.2 14.2 13.9
14.4 14.5 14.9 14.6 14.6 15.7 14.9 14.8 15.7 16.4 17 16.8 16.7 16.7 17.4 18.1 18 17.7 17.4 17.5 18 18.6 19.2 20.1 20.9 21.8 22.6 23.3 23.6 26.1 28.5 31.3 34.2 35.5 36.5 37.3 38.1 37.3 35.7 32.2 28.3 27.1 25.7 23.9 22.8 21.7 19.7 15.5 13.2 14.9 16.4 19.7 21.5 23.4 23.9 24.5 25.3 26.2 26.9 28 28.3 28.1 27.8 28.1 27.6 27.4 27.7 28.6 28.3 28.1 29.4 30.4 30.4 30.3 28.5 25.7 22.4 21.6 20.6 19.5 17.3 16 15.1 15.9 14.4 14
13.8 14 14.1 14.7 14.9 14.6 14.4 15 15.7 16.4 17.2 17.1 16.7 17.2 17.9 18.5 18.6 18.3 18.3 17.8 18.1 18.7 19.2 20 20.9 21.7 22.5 23.7 23 26.2 28.9 31.6 35.6 36.7 37.4 37.9 38.4 36.9 34.1 29.5 26.9 26.6 25 23.8 22.7 21.6 19.8 15.7 13.8 14.8 17.9 21.3 22.9 23.5 24.1 24.7 25.3 25.9 26.6 27.3 27.4 27.4 27 26.5 25.6 25.7 26.4 27.2 26.8 26.3 28.4 28.3 28.2 26.5 24.4 22.5 21.4 20.3 19.5 19.1 18.7 17.5 16.4 16.2 15.4 14.8
13.4 13.5 13.6 13.8 13.9 14 14.5 15.1 15.8 16.5 17.2 17.7 17.8 18.1 18.4 19 19.2 19.4 19.3 18.5 18.6 18.9 19.4 19.9 20.8 21.6 22.4 23.6 24.1 24.8 28.5 31.9 35.3 36.8 37.8 37.8 36.3 33.8 30.5 27.5 26.1 25.4 23.7 23 21.8 20.7 19 14.3 13.3 14.3 18.1 22 23.2 23.8 24.3 24.9 25.5 25.7 26.3 26.3 26.4 26.5 26.1 25 24.3 24.5 25.2 25.6 24.6 25.2 25.9 25.9 24.9 23.1 21.9 21.1 20.1 19.8 19.5 19.7 18.8 18.2 17.6 17.2 16.7 16.1
13.5 13.8 14 14.1 14.3 14.4 14.6 15.3 16 16.7 17.5 18 18.4 18.8 19.1 19.5 20 20.7 20.1 19.3 19 19.3 19.6 20 20.7 21.5 22.5 23.1 24 22 28.1 31.8 34.3 36.1 37.3 37.4 36.7 35.2 32.6 29.9 26.1 22.5 22.5 20.7 19.1 17.4 14.8 13.7 12.8 14.7 19.3 23.5 23.6 24 24.6 25.2 25.5 25.6 25.3 25.2 25.3 25.3 25 24.6 24 23.1 23.9 23.9 22.6 23.4 23.4 23.7 21.8 21.2 20.6 20.1 19.8 19.6 19.3 19.4 18.8 18.3 17.7 17.7 17.1 16.3
13.7 14.1 14.3 14.4 14.5 14.6 14.8 15.7 16.4 17.2 17.8 18.2 18.6 18.9 19.3 19.7 20.2 20.7 20.7 20.1 19.5 19.8 20.1 20.4 20.7 21.5 22.3 23.1 23.9 24.6 26.3 29 31.5 34 36.3 36.8 36.7 34.5 30.7 24.9 22.2 20 16.2 15.5 14.9 13.8 13.5 13.5 13.5 16.6 21.5 23.4 24.1 24.4 24.9 25.3 25.4 25.4 24.4 24.3 24.3 24 23.6 23.1 23 22.1 23 22.4 21.7 22.1 20.7 21.2 20.8 20.4 20 20.3 20.1 19.8 19.6 19.7 19.5 18.9 18.8 17.9 17.1 16.3
13.4 14.2 14.5 14.7 14.8 14.9 15 16.2 16.9 17.7 18 18.4 18.7 19.1 19.4 19.8 20.3 20.6 20.7 20.7 20.2 20.3 20.6 20.9 20.9 21.1 21.8 22.5 23.2 23.9 21.5 26.4 28.4 30.9 33.5 34.1 33.4 30.9 25.4 19.7 16.1 14 13.1 12.2 12 12.2 12.3 13.1 15.6 19.4 21.8 22.6 23.5 24.3 25.1 25.1 25.1 25.1 23.9 23.2 23.1 22.5 22 21.5 21.5 21.5 21.4 21.4 20.8 20.7 20.9 20.7 20.3 19.9 20.1 20.3 20.3 20.1 19.9 19.8 19.6 19.4 19.2 18.2 17.2 16.4
13.4 14 14.6 15 15.1 15.1 15.2 16.3 17.4 17.8 18.2 18.5 18.9 19.2 19.6 20 20.3 20.6 20.6 20.7 20.7 20.7 20.7 20.6 20.8 21 21.3 22 22.7 23.4 24.4 25 26.4 27.9 29.5 29.9 29.8 26.1 21 17.4 13.6 12.6 12.9 13 14.2 14.8 16.1 17 17.3 20.7 21.9 21.9 22.7 23.3 23.9 24.2 24.2 24.2 23.2 22 21.6 21.4 21.1 21 21 20.9 20.9 21.1 20.9 19.9 20.1 20.3 19.8 19.4 20.1 20.3 20.5 20.3 20.2 20 19.8 19.5 19.2 18.3 17.4 16.6
13.5 13.9 14.3 14.8 15.3 15.4 15.5 16.2 16.9 17.5 18 18.6 19 19.4 19.8 20.1 20.3 20.6 20.6 20.6 20.3 20.5 20.4 20.5 20.7 20.9 21.1 21.5 22.2 22.9 24 21.8 24.5 25.6 25.7 26.1 25.7 23.1 17.9 13.1 12 12.8 14.9 16.5 18.5 18.8 18.8 19.7 20.2 22 22 21.7 21.8 22 22.6 23.2 23.3 23.2 22 21.1 21.1 20.8 20.6 20.5 20.5 20.5 20.5 20.4 19.9 19.3 19.5 20 20.2 19.7 20.1 20.3 20.5 20.5 20.4 20.1 19.9 19.6 19.3 19 17.4 16.6
12.9 13.3 13.7 14.2 15 15.7 15.8 15.9 16 16.6 17.1 17.7 18.2 18.7 19.2 19.7 20.1 20.2 19.9 19.6 20 20.1 20.2 20.4 20.7 20.9 21.1 21.3 21.7 22.6 22.6 21.6 22.5 23 23.2 23.3 22.1 21.5 15.3 12.6 12.3 15.5 18.2 19.1 19.8 19.8 19.7 20.6 21.7 21.8 21.5 21.2 21.4 21.5 21.6 21.9 22.4 22 21.1 20.4 20.4 20.3 20.1 20.1 20.1 20.3 20.4 20.3 19.7 19.3 19.5 20 20.4 19.8 20.2 20.4 20.6 20.7 20.4 20.1 19.8 19.5 19.2 18.5 17.6 16.8
13.1 13.1 13.1 13.6 14.3 15.1 15.4 15.5 15.9 16.7 16.9 17 17.1 17.6 18.1 18.6 18.5 18.7 19 19.4 19.7 20 20.2 20.4 20.6 20.8 21 21.2 21.4 21.5 21.7 21.8 21.5 22.2 22.6 22.1 21.5 19.2 14.7 12 12.5 15.7 18.8 19.7 20.2 20.3 20.5 20.8 20.1 19.5 21 20.7 20.9 21.1 21.2 21.4 21.5 21.1 20.3 19.6 19.6 19.6 19.8 19.9 20 20.1 20.2 20.1 19.5 19.6 19.8 20.1 20.6 20 20.4 20.5 20.3 20.5 20.2 19.9 19.6 19.4 19 17.9 17.8 17.6
12.7 12.8 12.8 13.1 13.7 14.4 14.7 15.2 16.3 17.4 17.6 17.7 17.9 18.1 18.3 18.7 19.1 19.1 19.5 19.8 20.1 20.5 20.3 20.5 20.7 20.9 21.1 21.3 21.3 22.2 22 22.1 21.2 22.9 24.9 20.6 20.2 18 14.7 11.4 12.7 17.1 19.2 19.8 19.7 19.9 20 19.6 18.4 17.9 19.5 20.2 20.4 20.7 20.8 21 20.7 20.2 19.6 18.8 18.8 19.1 19.3 19.4 19.8 19.9 20 19.9 19.7 19.8 20 19.6 19.3 20.3 20.3 20 20.3 20.4 20.1 19.8 19.5 19.2 18.2 18.1 18 17.8
12.4 12.5 12.8 13.1 13.4 13.8 14.4 15.6 16.7 17.7 18.4 18.9 19.1 19.3 19.6 20.1 19.9 19.8 19.9 20.3 20.5 21 21 20.8 20.7 21 21.2 21.4 21.1 21.5 22.8 26.9 24.8 21.2 20.5 20.4 20.2 18.4 15.9 12 12.3 16.5 18.6 18.1 17.2 16.1 15.7 16.6 16 16.2 16.7 19.7 19.9 20.3 20.5 20.2 19.7 19.2 18.7 18.1 18.3 18.8 19.1 18.6 19 19.4 19.8 19.7 19.8 19.3 18.7 18.4 18.7 19.4 19.7 19.9 20.2 20.2 19.9 19.6 19.3 18.6 18.5 18.3 18.2 18.1
12.6 12.7 13 13.3 13.6 13.9 14.8 16 16.9 17.7 18.4 19.1 19.7 20.2 20.8 20.6 20.7 20.6 20.5 20.7 20.9 21.4 21.6 21.4 21.2 21.1 21.2 21.5 20.9 22.8 22.7 23.6 20.9 20.8 20.3 19.9 19.8 18.5 15.1 12.6 11.9 14.6 14.7 14.1 13.4 12.5 13.1 13.9 13.4 13.3 14 17 17.9 18.7 19.7 19.2 18.7 18.2 17.6 17.4 18.2 18.5 18.8 18.2 18.3 18.8 19.3 19.5 18.6 18.4 18.3 18.8 18.2 19.1 19.1 19.9 20.1 20.1 19.8 19.4 19.1 18.8 18.7 18.5 18.4 18.3
13 13.1 13.4 13.7 14 14.2 15.2 16.1 16.8 17.6 18.3 19 19.7 20.4 21.1 20.1 20.6 20.7 21 22.1 21.7 21.7 22.2 22.1 21.9 21.7 21.5 21 21 21.3 21.2 21.1 21.2 20.7 20.1 19.4 18.9 17.7 15.6 13.1 12.6 12.5 12.5 12.5 12.4 12.4 12.3 12.4 12.4 12.5 12.5 14.3 15.3 15.3 15.6 16.3 16.9 16.3 15.1 16.3 16.9 17.4 16.8 17.6 18 18.6 18.8 18.9 18.8 18.6 18.6 18.7 18.7 19.3 19.3 19.6 20.1 19.9 19.6 19.1 18.9 18.8 18.6 18.5 18.4 18.3
13.2 13.5 13.8 14.1 14.3 14.6 15.3 16 16.8 17.6 18.3 19 19.7 20.4 20.5 20.1 21.1 22 22 21.7 22.7 23 22.8 22.5 22 21.6 21.1 21 20.6 20.6 20.6 20.8 20.7 20.7 18.3 17.3 16 14.5 12.5 11.9 11.4 12.5 12.4 12.5 12.6 12.4 12.3 12.3 12.4 12.4 12.5 12.5 12.6 12.8 13 13.5 14.1 13.9 14.1 14.1 14.3 14.6 14.9 16.3 17.7 18.1 18.3 17.3 17.6 18.4 18.7 18.8 19 19.4 19.6 19.8 19.9 18.8 18.8 18.8 18.5 18 17.8 17.7 17.5 17.1
13 13.4 14.2 15 15.4 15.5 15.5 17 17.5 17.9 18.4 19.1 19.8 20.5 21 21.4 21.7 21.9 22.4 22.3 22.2 22.5 22.2 21.7 21.1 20.6 20.1 20.3 20.4 20.1 20.1 20.4 20.3 17.9 17.2 12.4 12.2 12.7 12.2 12.3 11.5 12.4 12.5 12.6 12.6 12.3 12.3 12.3 12.4 12.4 12.5 12.7 12.6 12.8 12.9 13.1 13.2 13.3 13.7 13.8 14.3 14.5 14.6 14.4 15.7 16.9 15.8 16.1 17.8 18.5 18.7 18.6 18.6 19.1 19.4 19.4 18.7 18 18.3 18.5 18.4 17.3 17 17 17.1 17.2
12.7 13.1 13.7 14.5 15 15.9 16.3 16.7 17.7 18.4 19.7 19.8 19.9 19.9 20.6 21.4 21.6 21.8 22.2 22.8 21.7 21.9 21.4 20.8 20.2 19.6 19.2 19.6 19.9 19.4 18.7 16.3 12.3 13.1 19.7 11.7 11.6 11.9 12.1 12.6 12.5 12.6 12.7 12.8 12.5 12.3 12.3 12.4 12.4 12.5 12.7 12.7 12.6 12.7 12.9 13 13.2 13.3 13.2 13.4 14.1 14.5 14.5 14.3 14.1 14.6 14.5 15 16.9 17.1 16.6 17.6 17.8 18.3 18.7 18.7 17.7 17.1 17.4 17.8 18.1 17.5 17.1 17.3 17.4 17.5
12.4 12.8 13.3 14 14.5 15.2 16 16.8 18.3 18.1 18.7 18.7 18.8 19.5 20.5 21.2 21.6 21.8 22.1 22.1 21.2 21.2 20.6 20.1 19.5 18.9 18.4 18.9 19 17.4 13.6 12.5 12.7 12 11.8 12.1 12.7 12.7 11.6 12.1 12.9 12.8 12.9 12.8 12.5 12.3 12.3 12.4 12.5 12.7 12.9 12.8 12.7 12.7 12.8 13 13.1 13.3 13.2 13.1 13.7 14.4 14.3 14.2 14 13.9 13.9 13.9 13.2 13.8 14.9 16 16 16.9 17.8 17.7 16.9 16.2 16.5 16.8 17.2 17.6 17.2 17.4 17.6 17.3
12.2 12.6 13 13.6 14.6 15.4 15.8 16.2 16.6 17.2 17.5 17.7 18.3 19.4 20.3 21 21.6 21.7 21.9 21.2 20.5 20.1 20.1 19.5 18.9 18 16.7 17.8 15 12.6 11.6 12.7 12.8 12.7 12.6 14.6 12.4 12.7 13.1 13 12.4 11.3 13 12.8 12.5 12.3 12.4 12.6 12.7 12.9 13 12.9 12.8 12.7 12.8 13 13.1 13.2 13.3 13.1 11.9 14.1 14.2 14.2 13.2 14.3 14.1 13.9 13.1 13.4 14.2 13.7 14.1 14.7 15.4 16 16 15.3 15.6 16 16.4 16.7 17.1 17 16.8 16.6
