UK/data/so/so01_OST50GRID_20230518/SO01.asc
ncols 200
nrows 200
xllcorner 300000
yllcorner 210000
cellsize 50
[rows 35 to 69 of 200, columns 0 to 77 of 200]
482.9 465.7 444.9 426.1 445.1 458.7 474.7 492.9 509.5 527.6 545.6 563.8 586.7 611.2 637.9 651.7 655.2 657.6 657.7 660 662.3 663.6 665.1 665.7 666.9 666.7 666.5 666.9 667.7 668 669.5 670.1 670.4 670.6 670.5 670.7 671.2 671.3 664 630.6 605 589.5 576.8 567.8 561.8 553.4 542.2 530.4 516.5 504.3 492.9 480.5 469.1 459.4 451.2 445.3 443.3 437.5 432.1 430.6 422.7 435.2 439.7 447.9 451.9 460.2 467.1 473.7 480.7 488.3 490.8 499.9 506.5 513.2 519.6 522.9 531.8 541.9
476.1 457.2 428.2 427.6 444.5 458.9 475.5 492.2 507.4 525.2 544.7 565.1 586.8 612.4 638.6 649.2 653.4 655.1 656 657.8 660.1 660.5 661.8 662.5 663.3 663.6 663.7 663.8 664.6 664.7 666.2 666 667.4 667.1 666.2 667.1 668.4 667.3 654 619.4 599.5 584.9 574.5 567.9 559.2 551 542.3 531.3 517.9 503.4 491.1 476.7 463.7 454.4 447.1 441.6 439.6 435.2 428.9 422.7 422.7 432.8 440.1 450.2 452.5 458.2 465.2 467 472.5 472.3 473.3 483.3 489.3 502.2 517.6 524.4 533 541.5
468.6 449.2 426.2 429 446.6 460.1 477.6 493.7 509.7 527.2 546.3 566.5 589.3 614 640.9 648.5 651.4 653.3 654.7 656.5 657.9 657.9 659.1 659.3 659.8 660.4 660.9 660.4 660.9 661 662.2 663.4 664.7 664.8 661.8 661.8 664.6 666 651.9 613.9 596.3 582.9 575.8 566.1 557.7 549.9 542.8 534.8 522.7 507.6 493 479.6 463.7 453.2 445.8 440.8 436.6 431.2 431.8 422.7 422.7 429 440.5 446.9 449.5 454.6 450.5 456.5 468.5 477.1 488.8 494.4 503 510 517.9 525 533.2 541.3
459.8 439.2 418.2 432.9 446.9 462.5 479.1 495.8 512.1 530 548.5 570.7 594.6 620.4 642.7 647.5 650.1 652.3 653.6 655 655.2 655.3 655.8 656.4 657.1 657.8 658.1 657.8 657 657.6 659.1 660.9 661.7 658.9 648.2 657.1 660.4 660.8 654.8 620.5 598.5 584.9 575.7 564.9 558 551 544.7 537.1 527 512.5 495.8 483.2 468.2 452.2 443.8 440.1 439.5 436.7 431.7 422.7 422.7 422.7 433.5 439.7 440.4 446.7 455.1 465.3 473.2 480.9 488.1 495 501.9 509 516.9 524.8 533.3 541.8
450.7 429.2 412 435.2 447.7 463.8 480.4 496.3 513.7 532.8 552.7 576.4 601.3 630 641.3 645.5 648.1 650.6 651.6 652.8 652.5 653.2 653.2 653.6 654.9 655.3 654.8 654.1 654 654.4 655.8 656 653.2 645.7 638.2 651.1 657.5 658.9 656.9 627.7 601.9 586.2 575 566.5 559.3 552.4 546.3 538.6 529.5 516.5 499.4 485.5 473.1 457.3 446.8 439.4 436.5 436.5 429.2 422.7 422.7 424.3 427.5 433.4 443.7 450.6 457.7 464.3 471.7 478.9 486 493 499.7 507.8 516.6 524.7 532.9 542.1
441.6 417 411.1 435.2 448.4 464.7 482.1 498.6 516.5 536.3 558.3 584.2 610.3 635.6 640.2 643.4 645.8 648 649.1 649.8 650 650.7 650.9 651.7 652 652 651.2 650.5 650.9 651.4 650.6 646.6 636.3 628 620.3 642.5 655.1 656.5 656.5 638.6 611.6 592.3 580.4 569.9 561.3 554.5 548.1 540.6 532.4 519.1 504.9 487.4 474.4 460 449.7 439.1 430.7 430.6 428.9 429 414.8 419.5 423.1 434.1 440.2 447.7 454.7 462.5 469.2 476.1 483.1 490.2 497.4 505.7 515.4 524.6 533.3 542.5
433.7 408.6 417.5 436.5 450.8 466.5 483.6 502 521.5 542.9 566.2 592.9 621.4 635 638.9 641.9 643.9 645 645.5 646.2 647.5 648.5 648.6 648.5 648 648.5 647.7 647.4 647.1 642.1 633.1 624.5 617.1 608.8 617.5 637 651.1 653.8 654.9 646.7 625.8 601.7 588 575.9 567.2 559.3 550.8 543.5 534.7 523 507.4 491.7 473.6 457.8 448 438.8 432.3 425.3 422.4 422.5 414.2 416.8 426.9 431.9 436.7 444.8 451.3 458.1 465.2 473.1 480.3 487.8 495.8 503.7 514.2 523.6 532 540.8
421.9 404.1 421.5 437.9 453.3 469.5 488.6 507.1 526.7 548 573.9 601.5 627.7 633.6 637.2 639.5 641.2 642.2 642.4 643.3 645.5 645.6 645.5 645.1 644.5 644.9 644.6 644.3 639.4 619.5 610.2 602.6 597.8 591.8 611.9 634.9 646.9 650.3 652.1 647.8 638.4 616.9 596.8 583.9 572.7 563.6 554.8 546.6 538.6 529.4 513.7 496.2 477.5 455.3 446 439.6 434.1 424.9 414.9 415.2 411.2 413.5 423.4 427.9 434.5 441.5 447.3 453.8 461.1 468.7 477.2 485.5 493.7 501.5 511.8 520.8 529.5 538.6
410 403.1 426.6 441.7 457.2 474.6 492.4 511 531.6 555 583.6 610.5 628.9 632.3 635.2 636.9 637.8 638.3 639.1 640.4 641.9 642.3 642.1 641.7 641.3 641.2 641.2 638.8 620.6 599.7 583.3 582.3 578.2 589.6 611.8 633.8 643.5 647 648.5 645.8 643.3 634.8 612.8 596.1 583.2 571 559.3 550 541.5 532.5 519.2 499.9 482.7 462.7 449.4 442.1 435.9 425.2 414.7 408.8 413 414.7 420.3 425.8 431 437.8 443.6 449.3 456.4 465.5 474.6 483.6 491.2 498.1 508.1 517.4 526.6 535.6
400.6 409 430.8 445.3 461.3 478.5 496.7 515.1 536.1 562.9 590.7 615.8 627.3 630.8 633 633.6 635 635.4 636.3 636.8 638.5 638.8 638.7 638.2 637.4 637.2 636.7 628.8 598 580.5 563.4 562.5 566.1 585.8 612.7 631.8 640.2 642.5 643.5 644.6 645.3 644 634.8 614.8 599.3 582.7 566.7 553.9 544.1 534.8 521.8 504 485.8 468.9 453.9 444.6 437.5 426 413.3 406.2 412.5 415.2 417.1 422.1 427.2 433.2 439.6 444.9 453.2 462.6 472.3 480.4 487.4 494.9 503.8 512.8 523 532.4
399 415.1 433.6 446.4 464.3 482.5 501 518.8 542 569.6 594.1 616.1 625.3 628.7 630.7 630.5 631.5 632 632.7 633.9 635.5 635 635 634.4 633.7 632.8 629.9 607.5 584.9 563.8 549.5 538.9 559.8 580.2 609.1 626.7 636 637.9 639.8 642.7 643.6 643.8 640.5 635.5 626.1 601.9 577.4 559.3 547.5 537.2 524.5 506.8 490.4 473.5 457.8 448.1 439.3 428.1 415.9 405 409.1 412.2 414.5 418.5 422.6 428.9 434.5 440.8 448.1 458.1 468.3 476.1 483.4 490.9 499.9 509.7 519.4 528.6
399.9 416.1 434.9 451 468.7 486.4 504.8 523.1 547.8 575.1 597.7 615.6 622.5 625.5 627.6 628.2 629 629 630 631.1 630.9 631.1 631.3 631.1 630.4 626.8 610.3 589 569.6 551.4 533.8 535.8 553.6 574.1 600.7 620.7 632.3 634.7 637.4 639.5 640.5 640.2 640.5 639.7 636.9 625.1 592.2 567.8 552 539.9 527.3 508.5 493.6 476.4 461.9 450.5 439.5 429.5 419.2 404.3 404.9 408.6 411.4 416 418.1 424.5 430.2 435.9 442.3 451.2 461.3 470.8 478.6 487 496.3 505.9 516 525.3
404.5 422.6 437.7 454 471.7 489.6 508.4 526.5 552.7 578.1 597 613.6 618.8 622.3 624.3 625.6 625.8 625.4 626.2 627.3 627.5 627.5 627.7 627.2 623.5 607.4 588.9 571 555.9 539.1 520.6 530.4 549.8 570.9 594.6 617.2 628.9 631.6 634 636.3 638.3 638.6 639.2 640.4 637 633.7 605.4 576.8 557.7 543.2 528.7 512.1 496.5 480.8 465.4 450.4 439.4 429.8 417.6 407.1 400.4 402.1 407.3 411.1 414.6 420.4 426.4 431.9 437 445.8 454.7 466.2 474 482.2 491.4 501.8 512.9 522.1
407.9 424.8 440 456.9 474.5 493.1 510 528.3 554.3 578.3 595.2 610 614.9 618.6 620.8 621.6 622.5 622.4 622.7 624 623.8 624.2 622.3 618.6 605.2 588.4 571.7 556.3 543.6 526.6 507.3 526.9 544.9 566 589.4 611.5 624.5 628.3 630 633 635.1 635.6 637.7 638.7 634.4 631 611.5 582.2 562.1 546.8 531 515.8 499.4 484.3 469.5 452.8 441.1 429.2 419.1 409.4 403 394.4 402.9 408.7 411.1 415.2 422.9 427.7 431.8 439.2 448.7 461.3 469.1 477.1 486.3 497.7 509.8 517.6
409.1 427.7 443.9 461.2 477.7 493.3 510.4 528.5 555.1 578.5 595.7 607.5 611.1 614.4 616 619 619 618.7 619.6 620.7 619.9 619.1 614.1 600.6 585.3 568.6 554.1 543.4 532.3 513.7 499 522.8 540.4 561.3 582.5 603.9 620.3 623.5 625.7 628.9 631.5 633.5 634.7 636.3 635.5 626.7 610.2 584.8 565.3 549 534.1 518.5 501.8 485.7 471.3 455.8 443.8 431.4 421.5 411.2 402.9 394.6 397.2 402.8 405.6 412.2 418.6 423.5 428.1 434.1 444.2 456.2 463.9 468.2 482.3 492.8 506 513.2
413.9 429.8 446.5 464 479 494.6 511.4 529.8 555.4 577.4 595.9 605.4 609.1 610.9 613.3 615.9 615.4 615.5 615.3 615.7 614.6 612.1 597.5 581.4 566.5 552.4 540.7 531 519.9 502 493 518.7 536.2 556.1 577.2 600.7 615.5 619.5 622.5 625.5 628.1 630.3 631 632.3 633.3 624.7 608.5 588.3 568.4 550.5 536.4 521.6 505.6 490.1 473 458 444.7 432.8 423.1 414.6 405.8 391.4 390.5 396.2 398.3 408.3 414.6 418.7 422.9 427.7 438.6 449.7 458.3 464.1 475.8 486.8 498.3 507.8
416.1 432.5 449.8 466.6 480.9 497.1 512.2 530.8 556.1 578.1 597.4 603.8 606.5 608.4 611.7 613.1 612.4 611.5 612.3 611.4 609.4 597.6 579.5 564.2 549.4 537.7 526.5 518.2 507.1 490 495.2 514.9 533.7 552.4 573.3 597.8 611.1 616.6 619.6 623.1 626.2 628.5 628.7 628.2 629.8 625.5 609.5 591.3 570.3 550.9 538.1 525.3 510.8 495.2 477.1 461.5 446.9 434.5 424.9 415.7 406.9 398.1 393.5 384.7 395.5 406.7 411.4 414.6 417.5 423.2 428.1 443 451.4 460.2 469.6 479.4 490.4 500.6
418.1 434.8 452.3 467.6 482.5 498.7 513.9 532.8 556.7 579.5 596.4 601.4 604.5 606.4 608.6 610 609 608.1 608.3 606.7 599.8 579.9 562.4 549.4 535.3 524.5 514.6 504.5 495 480.8 489.2 508.2 526.8 546.5 570.7 587 607.7 614.2 617.7 621.4 622.8 625.3 626.3 624.7 625 625.2 611.1 595.6 572.8 552.6 539.9 528.3 514.6 499.5 482.3 465.8 450.4 437.5 426.4 417.1 409.1 402.7 398.1 391.2 387.3 401.9 407.6 411.2 412.3 417.3 423.1 434.3 443.8 453.3 462.1 471.3 481.4 491.1
420.2 436 452.8 467.4 483 500.1 515.9 534.3 558.3 581.6 595.3 599.5 602.3 604.4 605.6 606.2 605.7 604.9 605.3 599.6 580.6 562.8 547 534.3 522.2 513.4 503.3 490.9 483.4 473 491.9 512.6 532 551.7 573.4 599.4 606 612 615.7 617.2 619.8 621.8 622.7 622.4 621.7 621.4 612.3 595.8 577.6 556.6 541.5 530.3 518.1 503.8 487.2 470.6 455.1 442 431.2 421.5 412.4 403.6 397.4 393.7 378.2 394.5 403.2 405.6 408 412.5 417.1 426.8 436.2 445.5 453.4 461.1 470.6 480.1
422 437.7 453.6 468.9 485.1 501.3 518 536.6 559.4 582.9 593.8 596.8 599.5 601.5 601.9 602.3 602.1 601.6 599.3 587.6 564.5 547.3 533.4 522.1 511.3 501.7 492.3 483.1 471.3 470.4 494.5 514.4 533.4 554.1 577.4 598.8 604.3 609.6 613.7 613.4 614.4 616.1 617.4 618 619.6 619 613.2 596.8 581.9 560.8 544.9 532.3 520.4 508.7 492.5 476 460 444.5 433.6 423.3 414.3 404.9 399.5 395.2 392.7 375.6 392.2 396.3 403.3 407.2 411.6 417.6 423.7 437.6 441.4 453.1 461.5 470.4
420.5 436.8 452 467.6 483.9 501.5 520.6 539.5 562.5 585.3 591.9 594.4 596.7 598.4 599 600 599.3 597.7 592.6 569.1 549.1 534.1 521.1 510.3 499.5 489.6 480.2 469.2 453.9 477.6 497 515 534.6 554.9 580.5 596.6 602.1 606.8 609.7 609 609.4 609.8 612.7 614.4 614.8 615.7 613.9 598.4 583.8 564.3 547.9 535.4 524 513 498.3 481.8 465.3 449.2 435.6 425 414.2 405.7 399.4 395 392.2 381.4 384.7 390.9 398.3 401.4 405.8 409.5 417.4 425.2 435.4 444.2 452.4 460.1
425.5 439.8 454.7 470.2 487 507.4 524.2 543.5 566.3 585.5 590.4 592.8 594 595.4 597 597.5 595.8 593.2 578 555.1 536.3 520.6 509.7 498.9 488.2 477.9 468 452.7 461.4 481.9 499.9 517.3 536.5 560.1 588.1 595.9 600.3 604.1 605.4 605.4 605 604.3 607 610 610.8 612.3 612.3 602.7 589.4 571.3 552.7 538.5 527.5 517.3 503.9 487.7 471.6 455.8 440.2 427.4 416.9 409.1 402.7 395.5 391.8 387.6 378.5 387 392 395.2 400 404.6 410.3 417.2 425.8 434.7 442.8 449.3
426.4 440.8 456.1 473.4 491.7 511.1 529.8 548.5 572.5 585.3 589.8 591.7 592.8 593.2 594 594 590.8 585.8 563.3 539.6 524 510.8 497 487.7 476.9 467.5 453.1 447.2 466.6 485.3 502.7 520 543 569.6 588.9 593.2 597.2 599.7 601.1 601.5 600.6 601.2 602.1 606.5 608.1 608.9 609.2 603.8 595.9 581.4 560.5 544 532.9 521.7 508.7 493.4 478.7 463.4 447 432.3 422.4 415.2 407.7 400.7 394.7 387.9 381.6 380.1 385.8 390.7 393.7 398.4 403.5 410 416.3 424.9 432.8 442.1
428.4 441.6 458 476.7 496.3 513.4 529.9 551.3 574.3 584.2 587.8 590 590.7 591.1 589.1 587.6 584.2 574.6 550 529 513.7 498.5 488.1 474.4 466 456.2 440.4 450.5 469.4 488.5 505.6 524.7 548.7 574.6 586.2 590.2 594 595.5 596.2 596.9 597.2 596.7 598.2 601.3 604.7 605.7 605 602.6 598.9 591.7 573.3 552.2 537.9 526 513.3 498.5 483.7 469 454.2 439.8 427.2 418.9 409.1 401.1 396.6 391.6 385.3 376.7 375.2 383 388.8 393.3 398.1 401.4 407.8 414.7 419.7 430.4
430.6 446 463.6 482.1 498.6 515.1 534.3 557.7 574.2 581.2 585.3 587.6 587.4 586.1 583.2 581.4 575.9 559.5 536.4 518.6 502.9 490.3 477.1 467.7 455.8 443 431.8 453.7 472.7 491 508.5 529.8 554.2 575.9 581.9 587.2 589.7 590.7 591.5 592.4 593.7 593.2 593.8 595.8 599.2 601.5 601.7 599.2 597.1 594.6 586.9 563.8 544.9 529.9 517.5 503.2 488.4 473.9 459.5 445.5 433.5 422.8 411.7 404.4 399.5 392.4 387 382.6 373.3 375.8 383.9 388.5 393.2 397.4 400.7 406.5 411.8 418
434.5 453 469.6 485.4 501.8 519.8 540.3 560.7 573.3 578.1 581.8 584.9 582.9 581 579 576.2 570 546.8 524.7 506.9 492.5 480.4 469.8 458.3 446.9 434.8 432.5 456.2 474.7 492.9 512.3 534.4 558 574.6 577.7 582.6 584.9 586.4 587.6 588.4 589.7 589.4 590 591.2 594.3 597.3 598.2 596.6 595 592.7 587.7 576.1 555.9 537 522.9 508.8 493.5 479.6 465.2 450.5 439.5 429.4 418.4 409.8 401.8 394 388.3 385.9 380.1 366.2 376.6 384.8 389.1 392.3 395.3 398.6 403.4 410.1
442.6 460.2 476.1 490.3 507.4 527.6 548.6 565.6 572.7 576.6 579.9 580.4 578.9 576.9 574.6 571.5 559.8 534.3 513.5 495.9 482.4 471.2 461.1 451.6 437.6 424.9 436.8 459.3 477.2 494.6 515.1 538.6 563.4 572.5 575.2 577.9 580 581.7 583.4 584.2 585.4 586 585.9 587.4 588.9 592.3 594.1 594.3 593.1 590.4 586.1 579.3 566.8 547.3 529.6 516.6 501.8 487.5 474.2 461.5 449.7 438.3 425.6 416.6 408 399 391.7 388.4 385.8 380.5 365.7 377.8 383.8 386.9 390 393.3 396.7 401.7
451.1 466.7 480.6 497.1 516.8 538.6 558.1 568.5 572.9 575.6 576.6 577.4 575.8 573.7 571.4 566.2 548 522.8 502.7 486 472.8 462.3 453.1 442.2 429.6 411.6 439.6 461.4 479.5 496.1 519.1 543.7 562 568.1 570.6 573.4 575.8 577.6 578.9 579.9 581.1 581.8 582 583.3 584.8 587.1 589 590.5 589.5 587.3 583.8 579.4 571.9 560.3 540.3 524.9 510.5 497.3 485.2 472.2 458.7 446.1 433.9 423.1 411.8 400 391.7 388.3 384.7 379.7 370.2 371 377.9 381.5 385.1 388 390.4 394.9
458.3 472.2 488.7 507.9 529.2 551.5 564.2 568.8 572.2 573.6 574.2 574.1 573.3 570.8 568.3 560.2 535.4 510.7 492.3 477.2 463.9 453.8 444.1 433.2 415.5 419.1 444.3 463.2 480.8 498.2 523 545.3 559.7 563.8 566.7 569.3 571.2 573.4 574 575.6 576.5 576.8 577.9 579.4 580.5 582.1 583.8 586.1 585.1 582.9 580.6 577.3 571.2 565.1 554.6 538.3 524.8 512.3 499.7 483.1 466.7 452.4 440.7 429.9 419.3 406.6 396.4 391 385.8 382.1 376.6 371.9 366.3 375.2 378.9 382.1 384.4 386.3
464.1 481.1 500.1 521 543.5 558.4 564.3 568.4 570.5 571.8 571.8 571 570.3 568.5 563.6 548.2 523.5 500.6 483 468.5 455.9 445.6 436.8 422.8 403.1 425.3 443.3 462.6 480.6 501.1 525.8 544.4 556.2 559 562.6 565.9 567.4 569 570.7 571.9 572.9 573.3 573.5 574.9 575.9 577.4 578.8 580.3 580.2 579.1 577.4 574.6 569.3 564.5 558.6 549.3 537.9 526.4 513.1 494.2 475.9 457.7 447.7 438.1 425.7 413.5 402.9 395.2 389.6 383.7 377.6 373.5 368.2 363 370.8 376.2 378.4 380.1
475.3 493.8 515 537.5 553.9 559.1 563.8 567 568.1 569.3 569.6 568.5 567 564.9 553.1 533.9 510.7 490.5 474.7 459.9 447.7 437.9 425.7 409.9 402.7 428.6 446.9 465.8 483 504.1 527 545.7 554 556.5 559.6 562.9 563.6 564.8 566.5 567.5 568 568.5 570.8 571.5 572 572.4 573.4 574.1 574.6 574 572.8 571 567.8 563.3 557.8 551.5 543.8 533.6 524.2 507.6 485.4 472 455.5 445.3 433.9 421.5 410.9 400.8 393 387.1 381.1 375.2 372.6 366.2 361.5 369.9 371.6 374.2
488.4 509.7 532.3 549.4 554.5 559.3 562.6 565 566.1 566.6 567 566.5 563.9 553.3 538.5 521.2 499.2 480.6 465.3 452.1 440.4 428.8 416.1 401.2 409.6 430.9 449.6 468.5 487.5 507.5 527.3 546.2 551.8 553.4 556.8 559.6 561.1 561.3 562.1 564.3 564.6 564.4 566.5 567.1 568.1 568.5 569 569 568.8 568.8 567.7 565.9 563.7 561.1 556.6 550.8 544.6 538.1 529.9 519.8 500.4 483.1 470.1 452.1 441.3 429.8 418.8 407.3 397.9 390.5 384.8 379.6 375.2 371 364 361.4 363.4 371.2
504.3 527.2 543.2 549.8 554.7 558.6 560.7 562.5 563 563.3 563.9 561.1 553 541.1 528 507.7 487.2 470.5 455.7 442.6 432.4 421 406.5 391.1 416 434.1 452.9 471.4 490.4 511 529.7 543.8 547.6 550.1 553.3 554.7 556.9 557.3 559.3 560.6 560.6 560.8 560.5 561.8 562.7 563.9 564.5 563.5 562.6 563.4 562.3 560.6 559.3 557.1 554.2 549.9 544.5 538.5 531.7 524.7 515 497 481.3 464.8 450.9 433.9 427.5 416.6 404.1 395.4 389.9 384.4 377.3 373.6 366.9 355.9 360.2 366.3
521.9 536.9 543.5 549.2 553.8 556.5 558.3 559.4 560.2 560.2 557.4 548.1 541.5 530.7 514.3 494.1 474.7 459.7 444.8 434.3 424.1 410.7 393.4 400.5 421.8 439.6 457.1 474.9 494.7 514.8 528.9 542.4 544.5 547.9 550 550.3 552.5 553.5 555.3 556.7 556.7 556.6 555.8 556.8 557.1 558 558.6 559.2 557.7 557.4 556.6 555.4 554.5 551.8 550.2 546.7 542.9 536.9 531.4 525.5 518.9 508.4 492.5 477.4 463.7 450.6 437.6 425.7 413.8 403.9 397.2 389.6 379.9 372.3 367.2 363.8 358.5 357.7
528.9 536.4 542 547.8 551.2 553.6 555.5 556.6 556.6 552.9 543.1 539.1 533.2 518.6 500.6 480.8 463.6 448.7 435.1 425.4 414.4 401.1 386.8 408.1 427.7 444.9 461.9 480.3 499.5 517 527.7 540.1 541.9 545.4 546.8 547.1 548.4 550 551.6 552.8 552.4 553 553.2 553.2 552.7 552.9 553.1 553.4 553 552.3 550.6 548.6 548.6 547.3 545.4 543 539 533.6 530.2 525.2 519.8 513.5 501.5 486.9 473.2 460.5 447.4 435.4 423.1 413.5 404.7 395.9 385.6 377.4 372.1 368.9 365.8 360.8
