UK/data/nh/nh70_OST50GRID_20230518/NH70.asc
ncols 200
nrows 200
xllcorner 270000
yllcorner 800000
cellsize 50
[rows 105 to 139 of 200, columns 0 to 77 of 200]
713.7 723.1 733 741.1 746.3 749.3 747.6 746.9 743 737.9 732.9 726.9 719.4 711.5 702.6 696.1 688.5 682.6 676.2 667.1 650.7 662.6 670.5 676.6 681.5 686.1 688.4 690.2 691.7 691.9 684.7 677.9 670.7 662.7 654.7 649.1 648.7 647.7 646.4 647.6 649.1 648.1 650.7 653.6 658.8 664.7 668.2 664.7 658.1 648.2 636.4 627.8 618.3 607.3 599.2 595 590.6 589.1 588.6 586 582.7 580.5 577.4 574.9 572.7 568.9 564.4 558.4 553.1 545 536.7 530.3 517.8 504.1 491.1 485.2 494.4 499.9
713.5 722.5 729.8 735.8 742.5 746.7 749.3 750.2 744.6 740.6 736.3 730.4 722.3 712.4 704.3 698 690 684 677.9 666 652.9 668.7 677.3 683.1 688.6 695 696.7 700.5 702.8 698.9 691.5 685.9 677.4 667 662.4 655.7 655.6 656.1 654.7 655.5 656.8 660.6 664.5 669.7 677.8 686.7 682.9 675.6 666.6 650.8 638.6 628.8 618.6 606.8 598.4 594.6 593.8 592.5 591.5 589.3 586.1 584.5 582.1 579.1 576.2 571.8 566.4 560 552.4 544.6 537.1 531.3 529.2 523.6 498.6 484.6 482.1 481.5
712.6 721.8 729.1 735.1 740.6 746.2 750.2 749.5 745.1 742.1 738.3 732 722.5 714 706.2 699.5 691.5 686.3 680.9 666.1 657.9 675.8 683.2 690 696.2 702 708 713.3 713.2 709 702.7 698.4 686.7 676.5 664.8 667 665 663.8 665.3 669.6 672 677 684.6 691.8 696 693.7 686.6 679.1 666 653.5 637.7 629 617.4 607.4 600.8 598.5 596.2 596.2 595 592.9 591.1 588.1 585.7 582.4 578.7 574.4 567.4 561.4 554.2 546.4 538 529.1 523.8 522.5 522.4 507.5 490.9 475.9
711.6 721.2 727.7 734.4 741.2 745.8 748.5 748 744.8 741.2 738.3 732.5 724.2 715.6 707.1 700.1 693.7 688.4 681.9 668.3 660.9 681.6 690 696.3 703.6 711.4 721.5 725.9 721.6 716.5 710.4 703.5 697.9 687.7 679.8 678.2 681.2 681.6 684.7 690.7 693.5 703 708.3 711.3 714 698.7 690.5 676.7 662.1 650.3 636 625.8 615.6 609.8 606.3 602.8 600 599.4 597.7 596.5 594.8 592.8 589.3 585.7 581.7 576.6 570.6 565.4 557.8 549.3 539 529.1 519.8 515.6 521.3 520.4 519.3 495.2
711 721.2 727.8 734.2 740.6 743.9 746.1 744.7 742.1 740.6 737 732.5 726 718.5 709.6 701.2 695.5 692.3 683.5 671 666 685.9 696.4 703.2 712.6 723.3 733.8 731.8 726.4 721.1 713.8 708.3 702.4 695.6 699.9 699.2 701.2 705.6 715.5 707.4 711 715.9 726.2 732.4 717.4 703.2 691.8 675.1 657.8 645.6 636.7 626 619 614.8 610.4 603.9 605.3 605.2 604 602.6 601.5 597.3 594.2 591 587.8 583.2 578.9 572.5 563.8 553.6 542.1 531 520.2 514.1 509.2 508 510.6 505.8
709.9 719 725.8 731.8 737 740.8 742 740.9 740.5 739.5 737.8 734.3 728.7 721.6 711.1 702.4 698.4 694.1 687.7 672 670.7 691.2 702.3 711.1 722 736.5 735.1 731.4 726.5 721.1 716.6 713.3 712.7 710.8 714.9 714.5 716.2 718.6 721.5 721 729.8 735.4 739.1 729.2 715.7 704.4 691.1 674.4 657.9 647.4 638.6 627.1 621.8 617.9 610.4 613.1 613.9 613.4 612.6 610.1 608.1 606.1 603 600.2 596.7 591.5 583.2 576.9 568.2 556.5 545.4 532.2 521.8 513.9 507.5 502 497.6 492.7
707.1 715.2 722.8 727.8 733.3 735.2 736.9 738.3 739.7 739.3 737.6 734.2 729.8 722.6 712.3 707.1 703.3 697.1 690.6 675.2 674.2 696.4 706.6 716.4 730 733.6 732.9 729.4 725.5 720.9 719.7 718.8 717 719.9 722.9 724.5 723.6 726.1 728.7 732.8 736.7 744.4 737.4 725.3 714.4 702.5 692.5 674.4 657.9 647.9 637.4 629.5 624.9 619.1 621.3 619.5 620.7 620.2 620 618.6 617.6 615.4 614.8 612.1 606.2 599.6 593.3 586.8 573.2 559.2 545.9 533.4 523.2 514.2 508.2 502 496 491.4
704 712.1 718.5 723.4 728.1 731.3 732.9 736.4 738.4 738.2 737.1 735.4 731.1 723 716 712.2 708.3 700.6 693.3 673.5 681.8 700.5 709.8 721.7 728.7 731.4 731.5 728.9 725.2 722.2 720.5 719.7 721.8 725.5 729.4 733.1 735 740.4 740.8 742.1 743.5 742.3 735.5 727.5 714.2 702.5 690.2 676.7 658.1 647.2 637.8 633.4 627.1 627.1 628.2 626.7 628.2 629.6 628.7 628.7 628.1 627.2 625.4 623 617.2 608.9 605.2 594.3 575.2 559.7 546.5 535.1 525.2 515.6 509 502.5 497.2 492.1
699.9 707.3 712.7 717.6 721.3 725.1 729.7 734.7 736.9 737.6 737.1 735.9 731.9 725.7 720.6 717.3 711.2 703.9 694.3 675.6 690.4 702.7 711.8 724.3 729.4 732.6 731.2 727.8 722.8 720.7 719.5 722.4 727.6 732.6 735.5 739.5 741.3 743.2 746 744.9 745.6 741.8 733.5 726 711.7 697.1 685.7 674.6 656.9 644.5 638.3 633.7 631.8 631.4 631.7 633.9 637.3 641.1 647.2 647.8 643.8 642.7 637 635.3 629.5 622.6 613.7 596.8 578.2 561.3 548.5 537.2 527.3 517.2 509.1 504 498.8 492.5
693.8 700.1 705.3 710.8 714.9 719.7 726.8 732 735.6 735.7 736.2 735.8 733 729.2 724.1 720.9 714.4 706.1 695.4 677.2 691.9 704.3 716.1 727.4 733.1 732.1 728.1 724.2 719.1 717.4 718.3 723 731.8 734 737.1 738.6 738.8 741.6 743.2 742.8 743.4 736.6 731.3 719.6 703.5 688.5 677.8 664.4 652.4 645 640.1 636.5 635.2 639.7 646.2 651.1 658.8 667.8 661.9 656.2 659.8 659.8 659.9 653.9 642.2 635.3 622.8 602.2 583.6 567.6 552.7 540.9 529.5 518.9 511.5 505.5 499.4 492.8
686.8 692.5 698.1 703 708.9 714.9 722.3 728.9 733.6 736 735.3 735.9 735.8 730.1 727.4 722.4 717.2 709 695.5 677.6 695.7 707.9 720.3 729.8 729.9 726.9 722.7 716.4 713 712.8 715.5 722.1 724.8 728.2 731.3 732.6 733.8 735.3 735.3 736.1 734.8 731.2 726.9 712.4 696 684.8 671.8 659.6 650.5 644.8 642.6 644.3 650.2 655.2 662.2 669.6 677.5 678.8 673.3 677.4 678.9 683.8 677.8 668 666.4 652.4 632.6 613.6 591.2 574.8 557.5 544.7 532.7 521.7 514.2 507.2 499.4 492
678.4 685.4 692.1 697.5 704.6 712.3 720 726.5 731.5 733.2 735.3 735.7 735.4 731.5 729.3 724.6 718.7 710.2 693.5 678.2 697.9 712.3 721 726.1 723.7 720 714 707.8 705.6 707.4 710.8 714.7 716.7 719.3 722.5 722.7 725.1 727.6 726.4 726.2 728.5 728.3 723.6 711.6 695.2 686.2 674.3 663.4 655.6 648.4 655.3 658 662.1 666.9 675.3 685.7 693.2 692.7 699.1 695.6 705.9 700.5 694.3 684.8 682.5 665.7 646.3 625.1 602.4 585.4 567 551.5 537.1 525 515.3 506.7 499.2 492.5
669.6 679.3 686.4 693.2 700.6 708.2 716.8 723.8 727.6 731.7 735.5 735.3 734.6 731.8 729 723.2 718.6 711.3 694.4 679.8 700.1 712.1 718.7 721.9 715.6 710.4 704.9 697.9 696.6 697.5 700.2 702.4 705.3 709 710.4 712.6 716.3 720.3 718.5 718.9 720.5 721 718.7 705.8 700.1 697.1 694 681.2 663.9 663.7 665.5 667.2 674.9 680.2 694.9 706.3 709.2 710 715.5 723.6 723.4 712.9 707.1 692.6 683.2 676.2 655.8 637.8 619 600.3 580 559.3 544.1 526.6 517.1 507.1 499.7 492.7
660.6 672.5 681.2 688 695.2 704.7 713.4 719.7 724.6 728.8 732.7 733.6 733.5 730.4 727.4 722.8 717 709.8 693.7 679.1 700.1 709.4 715.6 713.2 706.9 700.6 694.5 688.2 685.2 686 688.6 691 695.5 697.3 699.4 702.7 705.4 713.3 710.1 712.5 714.9 714 710.6 709.6 712.8 711.4 705.1 690.8 685.2 678.1 685.6 689.4 692 700.2 706.4 712.4 718.3 727.9 738.1 741.5 738.7 732.7 721.1 707.3 691.3 680.3 670 656.6 634.6 608 589 568.1 551.4 532.5 520.9 512.1 501.5 492.1
651.9 664.8 674.2 682.1 691.1 700.6 708.1 713.8 719.4 724.7 726.4 726.7 725.7 723.9 722.7 719.9 715.6 706.9 684.3 682 699.1 706.9 707.3 703.1 694 688.8 682.9 676.9 674.4 674.4 676.7 680.6 684 686 689.3 692.5 694.4 698.6 700.9 703.3 707.4 708.3 711.3 717.5 722.7 720.5 714.3 706.8 708.8 702.4 700.4 702.4 701.2 708.4 712.8 723.8 732.5 742.8 749.4 752.2 746.6 743.2 729.7 715.7 708 688.9 677.8 665.6 646 619.6 594.7 576.7 555.4 541.7 526.2 514.3 503.9 492.5
642.3 657.9 668.2 676.7 685.7 694.2 701.9 707.1 713.3 717.8 718.2 716.7 716.1 715.3 715.3 714.1 709.9 701.8 680.8 680.2 696.3 700.9 695.9 690.7 680.9 676.1 670 665.6 663.6 663.4 666.8 670.2 673.2 674.8 677.1 680.2 682.9 687.8 689.6 695.3 701.9 710.1 718.1 726.7 731.5 730.4 731.1 735.1 728 718.5 711.3 706.7 707.7 717.7 728.6 737.5 742.9 755.2 760.1 758.2 756 748.1 737.1 731.4 721.4 701.4 678.7 667.2 648.7 625.9 602.5 581.3 566.4 549.1 533.5 517.7 506.3 495.5
632.1 648.6 661.5 670.8 678 687.3 695 700.9 706.3 708.6 708.2 706.1 704.2 703.8 705.1 706.1 703.2 695.7 673.4 682.3 689.8 687.5 681.3 673.1 666.9 661.4 655.4 652.4 652.3 652.3 654.6 658.3 661.6 662.1 664.7 667.2 670.5 675.7 682.8 691.4 700.7 708.8 722.2 735 742.5 743.3 747.3 749.7 739.1 730.4 718.9 713 721.6 734 740.4 747.2 745.9 759.7 759.4 759.6 759.8 755 747 740 735.9 718.2 697.3 676.5 655.2 631.7 605.3 587.5 578.4 557.8 536.2 521.5 507.3 495.7
622.9 638.7 653.9 664.2 670.2 679.3 686.2 692.7 696.7 697.8 696.1 693.6 693.5 694.2 696.9 698.2 695.9 689.2 673 676.4 680 674.8 667.4 659.7 652.6 646.2 642.7 642.1 643.1 641.1 644.1 646.9 648.7 649.9 650.9 654.1 660.5 668.1 674.1 685.8 695.8 706.5 719.6 737.1 744.6 753 754.6 746.5 745.2 737.2 727.3 726.8 738.9 747 752.8 753.7 747 754.8 758.6 763.1 765 763.2 756.5 748 744.2 725.3 705.2 687 651.9 625.9 602.9 592.9 584.6 562.9 538 522.6 505.3 494.2
611.5 627 642.8 654.3 660.8 668.7 675.8 681.9 684.9 685.2 683.7 683 682.6 684.5 686.9 688.8 687 681.8 674 667.6 669 661.4 653.8 647.8 639.8 634.3 632.6 630.7 628.9 628 632.5 634.4 635.4 636.5 639.4 645.5 652.3 659.8 666.3 675.8 688.1 701.2 716.4 730.6 739.5 751 748.7 748.2 748.7 750.5 737.3 738.7 744.2 756.5 755 747.3 747.5 751.7 763.2 769.4 772.5 769.5 764.4 752.9 747.2 725.9 705.1 681.4 645.3 626.7 607.9 592.9 585.4 558.8 536.8 523.7 510.8 495.4
602.3 614.4 629.8 640.4 646.8 655.5 662.9 668.7 672.1 672.4 672.6 672.3 673.2 674.2 676.4 678.5 678.1 672.6 664.6 659.1 656 648.5 640.4 633.9 627 623.7 621 618.8 617.9 617 620.8 622.6 623.5 625.9 629.4 636.4 643.3 650.1 658.4 668.6 679.7 694.5 706.8 716.9 730 743.5 752.8 754.1 759.9 753.4 743.4 748 754.6 759.7 750.8 747 755.3 760 763.8 774.8 774 773.1 769.2 759.2 745.1 725.4 703.2 675.2 641.3 633.1 611.2 592.5 578.9 557.1 540.6 526.6 511.9 496.7
593.6 602.5 614.4 623.4 630.3 635.3 646.2 653.2 656.8 659.2 660.5 661.9 662.7 664.1 666 667.4 667.1 661 653.1 648.2 642.5 636.5 627.1 622.4 617.7 614.4 611.1 607.8 606.4 606.8 610.9 613.2 613.6 616.1 618.1 624.9 632.3 640.1 648.2 657.8 668.9 682 695 704.1 720.4 734.6 746.9 757.5 758.4 756.9 749.1 751.5 757.4 754.5 748.7 762.4 765.5 763.2 769.4 777.3 774.4 773.1 770.8 760.2 744.2 722.3 698.8 665 643.6 632.7 613.6 592.6 574.1 558.9 542.9 527 510.1 494.9
587.2 591.2 600.5 606.4 613.1 619.3 626.4 634 639.7 645.3 647.5 649 651.6 653.8 656 657.3 656.2 650.6 646.1 640 632.5 626 622.9 616.4 611.2 608.1 604 600.6 596.9 598 599.9 602.4 603.6 605 606.9 613.3 620.1 629.6 638.3 648.1 660.5 671 682.8 695.5 707.8 721.3 733.8 748.8 755.6 754.9 748.6 749.6 754.8 751.9 760.4 770.1 771.2 769.6 773.7 779.2 773.2 773.7 771.2 759.7 741 717.6 682.5 653.3 641.5 628.8 612.8 591.9 573.4 561.2 542.2 525.8 508.7 495.5
581.5 583.4 587.2 591.7 596 602.6 609.4 617.3 624.1 631.2 635.3 636.8 640.7 644.3 646.2 648 646.7 644.8 641.6 636.9 632.1 627 620.1 613.7 606.4 603.3 598.6 593.4 589 589.3 590.1 590 590.9 593.5 596.4 602.4 610.5 618.4 627.6 638.2 649.6 661.7 672.9 683 694.3 708.8 722.4 736.2 744.2 746.4 744.5 746.5 751.8 753.4 770.6 775 779.4 778.3 769.4 772 770.4 767.8 765.2 754.7 735.8 705.7 668.4 650.1 639.6 622.1 604.9 586.6 575.8 556.9 535.7 520.3 507.7 492.4
575.5 576.3 578.3 580.2 582.1 587.2 593.9 600.5 608.6 615.1 621.4 623.3 630.9 635.3 639 641 641.2 640.5 640.5 639.3 634.1 626.2 618.6 611.5 603.5 596.9 594.2 588.7 583 580.9 578.3 576.4 577.4 580.5 586.8 592.9 599.3 606.1 615.9 626.5 637.5 648.7 660.7 671.2 684.9 699.5 712.8 724.2 735.9 736.8 737.7 748.3 748.5 756.6 772.1 779.6 786.5 778.4 770.5 766.4 763.3 761 759.2 746.9 721.4 682.4 661.9 647.2 631.9 618 602.7 579.9 565.3 543.4 530.6 520.2 506.3 487
572.4 571.3 569.8 570.2 571.5 576.6 582.1 587.2 594.7 599.7 609 611.6 621.1 629.1 633.5 636.5 639.7 641.2 640.8 640.5 635.9 625.2 618.2 611.1 602 596.6 583.8 583 578.1 574.2 570.4 567.5 567.3 563.4 574.4 579.9 584.5 592.8 602.1 614.3 625.3 636.5 648.5 660.7 676.5 690.2 700.6 712.4 721.3 725.2 731 740.3 742.4 758.6 769.6 774.2 777 769.5 773.8 769 757.1 752.6 751.5 731.4 702.7 672 653 640.6 627.1 613.9 596.6 572.4 552.8 540 525.7 511.4 500.3 480.1
570.2 563.7 564.2 561.5 563.4 568 573.4 577.1 581.8 587.6 595 604.8 613.8 623.8 631.1 636 639.1 640.7 641.2 639.2 632.5 624.2 615.7 607.1 600.2 594.7 588.4 579.1 571.5 561.6 562.6 558.6 556.7 558.1 567.9 571.6 573.7 579.6 590.3 601.7 613.5 625.1 637.4 648.4 662.1 677.6 688.6 700 710.7 712.3 723 730.3 742.1 755.9 766.9 768.2 766.6 763.5 766.8 761.4 745.2 735.1 726.3 708.4 684.9 662.8 648.6 634.2 619.5 604.7 584.6 570.4 548.7 539 520.5 505.9 494 472.1
567 563.7 557.8 556.6 556.4 559.1 563.9 569.1 574.2 579.1 586.9 594.6 607.3 619.7 628.1 634.4 637.8 637.6 638.4 634.7 628.1 620.6 612.5 604.9 597.8 590.4 585 577.7 569.3 555.6 549.8 548.9 546.1 552.9 558.6 563.9 566.3 570.4 578.9 588.1 601.3 613.4 624.8 636.4 648 663.9 675.2 686.9 696.8 700.3 712.8 719.2 734.3 748.5 760.8 761.8 765.4 758.6 759.2 753.2 742.2 717.4 704 688.6 669.9 655.7 638.6 622.8 603.5 594.6 582.6 561.6 544.4 531.4 514.9 506.6 485.2 468.1
563.4 560.5 556.3 549.6 551 552.4 555.7 559.9 564.9 569.9 578.2 588.7 603.9 614.1 624.2 630.4 633.8 632.6 633.8 628.2 622.2 615.3 608.5 600.3 592.7 586.6 581.8 575.1 567 559.4 551.1 537.4 532.9 545.4 550.3 554 557.4 562.2 569.5 576.6 587.5 601.6 612.9 622.7 634.1 648.7 662.5 672.9 681.6 685.9 698.1 710.2 724.6 738.7 750.3 756.1 761 756.3 750.1 740.6 729 705.8 694.9 679.3 660 640.4 620.4 611.4 598.6 589.9 571.8 553.4 535.2 520.9 507.8 497.4 476.2 466.8
559.7 557.3 553.4 549.9 546.1 547.5 549.4 551.8 555.9 564 572.2 584.4 598 608.5 617.5 623.7 627.3 625.5 628 622 615.4 609.1 602.5 594.5 587.3 581.6 576.2 571.1 564.4 555 542.2 539.7 522.1 538.2 540.7 543.9 545.8 552 561.3 568.6 578.8 590.3 600 610.8 621.9 633.8 647.5 658 664.4 671.2 683.4 698.8 713.6 728.9 742.9 749.4 751.9 748.2 740.3 732 707.4 688.5 675.6 664.6 649.2 641 617.9 601.9 589.8 573.8 565.4 543.4 524.4 510.7 497.2 481.7 474.7 472.1
557 554.4 549.3 545.5 538.6 542 544.4 546 549.5 557.5 565.9 578.1 589.9 603.4 611.3 616.1 617.8 616.9 619.2 614.4 608.4 604.1 594.9 585.2 577.7 574.9 570.5 564.2 557.2 549.2 539.3 525.3 521.8 526.1 532.7 534.7 536.6 542.8 550.9 559 568 578.8 589.2 598.9 609 620.2 631.7 642.7 649.6 656.3 672.6 687.7 702.1 716.3 733.4 739.2 738.9 728.5 720.3 706.6 689.6 672.8 665.8 660.6 657.6 644.4 619.3 598 578.4 570.3 556.6 545.8 535.8 514.8 498 488.6 482.4 477
554.6 552.1 547.6 542.2 537.6 536.6 538.8 539.7 542.8 550.2 558.9 570.9 584 593.7 601.7 604.6 602.3 602.9 606.4 602.7 596.8 589 584.1 576.8 571.1 567.2 562.6 556.6 549 541.4 533.3 525.3 517.9 510.7 523.7 525.6 530 534.6 540.8 548.4 555.6 566.4 576.3 586.1 595.7 604.7 614.3 624.6 632.3 641.2 657.3 674.4 688.1 702.9 723.1 729.1 723.7 712.5 696.2 689.2 679.4 675.8 673.6 663.9 656.7 644.1 616.7 590.4 579.7 580.7 563.8 547.3 532.3 518.4 506.9 500.2 494.1 491.9
551 548.5 543.9 538.9 534.2 526.9 533.2 533.8 536.3 543.1 552.9 563.6 575 583.7 589.1 592.1 590.4 587.4 591.2 588.8 583.5 576.5 573.3 566.9 563 557.6 553.9 548.2 541.8 534.3 524.9 519.9 512.6 501.8 513.7 516.9 520.7 526.1 532.8 538.6 546.2 552.9 562.2 572.6 582.1 589 598.6 607.9 616.9 628.6 645.7 660 674.3 692.2 710.2 718.8 711.5 693.7 690.5 692.4 689.7 687.1 681.9 662.3 658.8 642.2 612.7 590.4 594.8 592.2 566.4 553 540.9 532 524.9 513.7 507.8 494
546.3 544.4 539.2 534.1 529.7 525.3 526.3 528.1 531.8 536.9 546.2 555.1 563.4 571.4 576.4 578.9 578.7 572.2 577.3 575.6 570.9 564.7 560.6 556 552.2 548.6 544.7 539.7 532.9 523.8 516.3 510.6 507.6 493.5 501.9 507.7 511.7 518.7 524.1 529.7 535.1 540.2 549.7 559.4 567.4 574.5 582.1 588.3 603.1 616.9 634.2 649.3 661.3 679.2 694.8 703.2 691.1 690.7 689.6 694.8 689.3 683.7 679 656.9 651.3 636.2 609 601.8 600.8 590.4 582.1 572.3 564.6 551.1 544.1 526.3 515.7 500.5
542.6 539.8 534.8 529.7 526 522.1 519.9 521.9 528.1 531.4 541.5 548.6 552.5 559.5 564.3 567.2 562.7 559.4 561.6 560.7 558 554.6 548.2 543.3 542.2 537.7 534.2 528.6 521.9 514.8 507.1 501.4 498.2 491.7 488.1 498.1 502.7 507.6 513.8 518.5 522.6 528.8 536.9 544.7 551 556.2 562.3 573.2 588.6 604.4 622.1 635.9 647.9 662.7 676.5 683.1 684.2 687.5 682.4 690.3 682.7 673.8 661.3 652.5 638.1 624.9 607.2 608.8 604 619.6 610.7 597.7 586.1 570.9 558.3 543.8 525.2 512.2
536.8 533.8 530.3 526.6 522.6 519.8 514.2 517 522.4 526.6 534.9 540.1 545.8 550.1 551.9 552.1 548.7 546.2 548.1 547 542.5 538.2 533.9 531.7 529.3 529 523.6 516 509.6 503.8 498.7 494.5 490.3 486 478.4 485.9 490.2 495.3 502.4 506.5 511 516 521.2 526.9 531.4 536.2 544.6 559.8 573.4 591.2 607.8 620.6 631.6 644.5 663.7 672.9 673.1 670.8 670.4 671.4 668.4 661.1 653.1 654.3 640.6 614 614 618.1 634.9 643 634.3 617.5 602.9 586.6 571.4 558.7 538.7 530.4
