UK/data/nm/nm54_OST50GRID_20230518/NM54.asc
ncols 200
nrows 200
xllcorner 150000
yllcorner 740000
cellsize 50
[rows 74 to 110 of 200, columns 83 to 165 of 200]
140 136.8 133.2 130.2 127 123.5 123.4 123.1 121 119.2 117.4 115.5 114.6 115 115.3 115.6 114.3 110.9 108.2 108.2 104.4 98.4 94.3 93 86.9 76.7 68.8 60.2 56.5 52.1 43.6 38.2 34.4 29.9 25.5 20.4 17.4 13 6.4 4.3 3.9 -1.4 -1.4 -1.4 -1.4 -1.4 -1.4 -1.4 -1.4 -1.4 -1.4 -1.4 -1.4 -1.4 -1.4 -1.4 -1.4 -1.4 -1.4 -1.4 -1.4 -1.4 -1.4 -1.4 -1.4 -1.4 -1.4 -1.4 -1.4 -1.4 -1.4 -1.4 -1.4 -1.4 -1.4 -1.4 -1.4 -1.4 -1.4 -1.4 -1.4 -1.4 -1.4
131.1 129.3 128.8 122.8 119.4 117.3 116.2 115 114.5 112.8 111.1 110 109.2 108.7 110 110.6 109.2 105.2 102.9 103.4 99.1 95.4 89.2 86.7 79.5 74.6 61.4 54.7 50.8 46.3 38.8 37.1 34.2 32.9 29.6 22.2 17.7 14.3 9.9 7 3.9 2.5 -1.4 -1.4 -1.4 -1.4 -1.4 -1.4 -1.4 -1.4 -1.4 -1.4 -1.4 -1.4 -1.4 -1.4 -1.4 -1.4 -1.4 -1.4 -1.4 -1.4 -1.4 -1.4 -1.4 -1.4 -1.4 -1.4 -1.4 -1.4 -1.4 -1.4 -1.4 -1.4 -1.4 -1.4 -1.4 -1.4 -1.4 -1.4 -1.4 -1.4 -1.4
121.3 122.6 120.9 117.6 113.3 110.7 108.6 109.1 108 106.5 104.8 103.2 102.3 101.6 100.9 102.5 102.5 99.8 98.1 94.7 89.8 86.8 85.5 84.5 77.5 66.4 57.9 52.8 48.3 47.5 41.5 36.6 33.5 32 28.9 24.2 22.4 20.3 13.7 5.6 2.5 0.5 -1.4 -1.4 -1.4 -1.4 -1.4 -1.4 -1.4 -1.4 -1.4 -1.4 -1.4 -1.4 -1.4 -1.4 -1.4 -1.4 -1.4 -1.4 -1.4 -1.4 -1.4 -1.4 -1.4 -1.4 -1.4 -1.4 -1.4 -1.4 -1.4 -1.4 -1.4 -1.4 -1.4 -1.4 -1.4 -1.4 -1.4 -1.4 -1.4 -1.4 -1.4
115.9 116.3 114.6 111.8 107.3 107.3 104 100.4 102.1 100.4 98.4 96.8 95.5 94.6 92.5 93.6 93.5 93.8 91.6 88.6 85.2 82.6 81.9 82.2 76.8 63.8 57.9 53.4 50.4 46.2 44 42.3 36 31.9 29 26.4 23.6 19.1 15.1 7.2 3.8 0.4 -1.4 -1.4 -1.4 -1.4 -1.4 -1.4 -1.4 -1.4 -1.4 -1.4 -1.4 -1.4 -1.4 -1.4 -1.4 -1.4 -1.4 -1.4 -1.4 -1.4 -1.4 -1.4 -1.4 -1.4 -1.4 -1.4 -1.4 -1.4 -1.4 -1.4 -1.4 -1.4 -1.4 -1.4 -1.4 -1.4 -1.4 -1.4 -1.4 -1.4 -1.4
109.2 109.6 108.5 105.4 102 101.7 101 98.2 95.6 93.1 91.3 90.5 89.1 88.3 86.7 85.9 87.1 86.6 85 82.4 79.8 78.9 79.8 79.3 75.5 65.7 58.8 54.1 50.5 46.7 45.1 43.8 42.6 36.5 33.5 28.8 25 21 16.3 11 6.1 1.8 -1.4 -1.4 -1.4 -1.4 -1.4 -1.4 -1.4 -1.4 -1.4 -1.4 -1.4 -1.4 -1.4 -1.4 -1.4 -1.4 -1.4 -1.4 -1.4 -1.4 -1.4 -1.4 -1.4 -1.4 -1.4 -1.4 -1.4 -1.4 -1.4 -1.4 -1.4 -1.4 -1.4 -1.4 -1.4 -1.4 -1.4 -1.4 -1.4 -1.4 -1.4
103.9 102.8 102.5 99.2 98.3 97.6 95.1 92.1 88.9 86.6 84.5 84.6 84.3 83.8 82.1 81.2 82.2 80.9 79.7 78.1 75 76.8 79.4 80.1 76.7 69 64.9 58.3 51.9 50.9 49.7 48 46.4 44.9 38.4 35.5 29.1 23.9 18.4 14.9 11.6 6.9 -1.4 -1.4 -1.4 -1.4 -1.4 -1.4 -1.4 -1.4 -1.4 -1.4 -1.4 -1.4 -1.4 -1.4 -1.4 -1.4 -1.4 -1.4 -1.4 -1.4 -1.4 -1.4 -1.4 -1.4 -1.4 -1.4 -1.4 -1.4 -1.4 -1.4 -1.4 -1.4 -1.4 -1.4 -1.4 -1.4 -1.4 -1.4 -1.4 -1.4 -1.4
98.7 97.5 96.5 94.9 93.2 92.1 89 86.1 82.8 82.9 79.9 79.1 79.4 78.4 77.8 76.9 76.8 76.5 75.1 73.9 73 73.1 75.1 75.9 73.9 71.8 65.9 57.4 55.3 55.5 55.8 55.1 52.4 48.9 44.3 39.4 34.6 34.1 22.1 18.8 15.9 11 3.3 -1.4 -1.4 -1.4 -1.4 -1.4 -1.4 -1.4 -1.4 -1.4 -1.4 -1.4 -1.4 -1.4 -1.4 -1.4 -1.4 -1.4 -1.4 -1.4 -1.4 -1.4 -1.4 -1.4 -1.4 -1.4 -1.4 -1.4 -1.4 -1.4 -1.4 -1.4 -1.4 -1.4 -1.4 -1.4 -1.4 -1.4 -1.4 -1.4 -1.4
94.7 94.1 93.5 91.1 89.2 85.9 83 83.8 82.3 79.1 75.4 74.9 74.5 74.4 74.5 73.1 72.2 72 70.5 69.8 69.7 68.7 69.1 70 69.1 65.9 61.3 63.3 61.6 62 62.6 62.6 62.4 62.1 57.1 51.4 40.5 32.4 27.4 20.9 18.4 14 2.2 -1.4 -1.4 -1.4 -1.4 -1.4 -1.4 -1.4 -1.4 -1.4 -1.4 -1.4 -1.4 -1.4 -1.4 -1.4 -1.4 -1.4 -1.4 -1.4 -1.4 -1.4 -1.4 -1.4 -1.4 -1.4 -1.4 -1.4 -1.4 -1.4 -1.4 -1.4 -1.4 -1.4 -1.4 -1.4 -1.4 -1.4 -1.4 -1.4 -1.4
92.4 91.3 90.7 88.4 86.6 85.3 81.5 79.1 76.2 75.1 71.5 70.5 68.9 68.4 68.1 69.2 67.5 65.1 66 65.5 63.7 63.4 63.6 66.1 67.9 68.5 69.7 73.6 73.6 71.2 68.3 69.3 66.7 66.6 63.2 57 50 41.4 31.4 23.7 19.9 18.8 8.2 -1.4 -1.4 -1.4 -1.4 -1.4 -1.4 -1.4 -1.4 -1.4 -1.4 -1.4 -1.4 -1.4 -1.4 -1.4 -1.4 -1.4 -1.4 -1.4 -1.4 -1.4 -1.4 -1.4 -1.4 -1.4 -1.4 -1.4 -1.4 -1.4 -1.4 -1.4 -1.4 -1.4 -1.4 -1.4 -1.4 -1.4 -1.4 -1.4 -1.4
86.5 88.1 88.1 87 84.6 80.4 79.6 76.7 73.5 70.8 68.8 65.6 63.7 64.2 64.5 63.7 60.7 58.1 60.4 59.7 59.7 62.5 64.1 69.3 75.8 81.5 88.5 90.7 86.3 84.5 81.9 79.1 75.7 71.9 64.9 58.8 54.3 41.6 36.8 26.2 20 17.1 11.9 -1.4 -1.4 -1.4 -1.4 -1.4 -1.4 -1.4 -1.4 -1.4 -1.4 -1.4 -1.4 -1.4 -1.4 -1.4 -1.4 -1.4 -1.4 -1.4 -1.4 -1.4 -1.4 -1.4 -1.4 -1.4 -1.4 -1.4 -1.4 -1.4 -1.4 -1.4 -1.4 -1.4 -1.4 -1.4 -1.4 -1.4 -1.4 -1.4 -1.4
76.8 81.6 83.1 83.8 81.9 78.5 76.2 74.7 72.9 69.8 66 62.1 59.8 58.1 57.9 56.9 53.5 53.9 54.5 54.6 55.7 59.4 62.8 68.1 76 82.9 90.7 95.9 98.1 100.1 99.1 93.6 90.9 78.8 67.4 59.4 54.7 43.8 36.4 30 20.5 16.7 11.4 5.6 -1.4 -1.4 -1.4 -1.4 -1.4 -1.4 -1.4 -1.4 -1.4 -1.4 -1.4 -1.4 -1.4 -1.4 -1.4 -1.4 -1.4 -1.4 -1.4 -1.4 -1.4 -1.4 -1.4 -1.4 -1.4 -1.4 -1.4 -1.4 -1.4 -1.4 -1.4 -1.4 -1.4 -1.4 -1.4 -1.4 -1.4 -1.4 -1.4
65.1 68.9 71.6 74.7 75.7 73.6 71.9 71 69.8 66.2 62.4 58.6 56.5 54.5 52.8 50.8 47 47.3 48 48.7 51.5 57.3 60.6 66.5 73 78.6 85.1 93.7 103.6 107.8 108.2 106.8 96.5 87 75.8 60 53.6 47.7 35.4 24.9 19.3 14.9 7.7 2.3 -1.4 -1.4 -1.4 -1.4 -1.4 -1.4 -1.4 -1.4 -1.4 -1.4 -1.4 -1.4 -1.4 -1.4 -1.4 -1.4 -1.4 -1.4 -1.4 -1.4 -1.4 -1.4 -1.4 -1.4 -1.4 -1.4 -1.4 -1.4 -1.4 -1.4 -1.4 -1.4 -1.4 -1.4 -1.4 -1.4 -1.4 -1.4 -1.4
56 60 66.2 68.1 69.4 68.1 68.7 68.8 66.3 62.5 58.9 55.4 53.4 50.9 48.4 49.5 42.9 41.9 42.7 45.3 48.5 53.4 57.6 60.4 65.8 71.1 75.6 83.4 94.3 99 104.3 101.6 94.6 85.3 83.8 68.4 61.9 44.4 31.3 27.1 18.6 14.5 9 2.3 -1.4 -1.4 -1.4 -1.4 -1.4 -1.4 -1.4 -1.4 -1.4 -1.4 -1.4 -1.4 -1.4 -1.4 -1.4 -1.4 -1.4 -1.4 -1.4 -1.4 -1.4 -1.4 -1.4 -1.4 -1.4 -1.4 -1.4 -1.4 -1.4 -1.4 -1.4 -1.4 -1.4 -1.4 -1.4 -1.4 -1.4 -1.4 -1.4
46.7 51.8 57.9 61.2 62.6 63.3 64 64.9 62.2 57.7 54.3 52 48.7 46.3 43.8 43 39.7 38 37.8 40.3 45.3 51 54.2 55.1 57.3 61.7 69.1 74.4 80 86 87.4 87.9 88.5 86.5 85 72.2 69.5 55.8 37.8 26 19.4 15.6 13.8 11.2 -1.4 -1.4 -1.4 -1.4 -1.4 -1.4 -1.4 -1.4 -1.4 -1.4 -1.4 -1.4 -1.4 -1.4 -1.4 -1.4 -1.4 -1.4 -1.4 -1.4 -1.4 -1.4 -1.4 -1.4 -1.4 -1.4 -1.4 -1.4 -1.4 -1.4 -1.4 -1.4 -1.4 -1.4 -1.4 -1.4 -1.4 -1.4 -1.4
35.2 39.2 46.3 52.6 54.7 55.4 56.2 56.5 55.1 52.2 48.5 49.2 44.7 41.6 40 40.2 36.4 35.8 35.2 36.4 38.7 44.9 48.1 50 52.9 58.6 63.1 67.2 71.7 75.1 78.4 79.3 81.8 82.2 79.3 74.9 75.2 68.3 46.8 27.3 19.6 16.5 14.7 12.5 8.5 5.6 9 -1.4 -1.4 -1.4 -1.4 -1.4 -1.4 -1.4 -1.4 -1.4 -1.4 -1.4 -1.4 -1.4 -1.4 -1.4 -1.4 -1.4 -1.4 -1.4 -1.4 -1.4 -1.4 -1.4 -1.4 -1.4 -1.4 -1.4 -1.4 -1.4 -1.4 -1.4 -1.4 -1.4 -1.4 -1.4 -1.4
26 28.3 34.1 40.9 44 45.7 44.6 44.9 45.8 47 43 42.1 38.7 35.2 35.6 35.1 32.3 32.8 32.1 32.7 35.5 40.9 45.4 48.4 50.3 53.4 57.4 61.2 63.8 66.3 70.5 74.7 76.4 76.5 76.5 74.3 67.2 56 46.1 34.8 20.9 17.4 12.1 14.9 10.6 3.9 4.6 -1.4 -1.4 -1.4 -1.4 -1.4 -1.4 -1.4 -1.4 -1.4 -1.4 -1.4 -1.4 -1.4 -1.4 -1.4 -1.4 -1.4 -1.4 -1.4 -1.4 -1.4 -1.4 -1.4 -1.4 -1.4 -1.4 -1.4 -1.4 -1.4 -1.4 -1.4 -1.4 -1.4 -1.4 -1.4 -1.4
19.6 18.8 23.2 26.6 27.7 31.3 31.7 31.5 36.3 36.8 38 36 32.9 26.9 28.9 29.9 29.9 30.1 30.3 29.8 31.9 34.7 39.5 43.8 47.3 49.3 52.7 56.1 55.8 58.1 64.8 67.8 71.3 72.5 71.8 68.1 62.3 53.8 48.6 39.2 26.7 14.1 8 4.6 3.5 3.6 2.2 -1.4 -1.4 -1.4 -1.4 -1.4 -1.4 -1.4 -1.4 -1.4 -1.4 -1.4 -1.4 -1.4 -1.4 -1.4 -1.4 -1.4 -1.4 -1.4 -1.4 -1.4 -1.4 -1.4 -1.4 -1.4 -1.4 -1.4 -1.4 -1.4 -1.4 -1.4 -1.4 -1.4 -1.4 -1.4 -1.4
19.4 21.1 18.1 17.2 18.3 21 20.2 22.9 25.4 26.9 28.4 29.2 25.1 25.1 25.8 26.6 26.6 27.6 27.8 26.7 27.6 29 33.1 36.9 41.8 45.4 46.8 49.9 51.8 54.9 60.7 64.2 65.3 67.6 67 64.6 62.3 52.5 42.8 35.8 31.7 19.5 6.5 2.2 2.2 1.4 0.9 -1.4 -1.4 -1.4 -1.4 -1.4 -1.4 -1.4 -1.4 -1.4 -1.4 -1.4 -1.4 -1.4 -1.4 -1.4 -1.4 -1.4 -1.4 -1.4 -1.4 -1.4 -1.4 -1.4 -1.4 -1.4 -1.4 -1.4 -1.4 -1.4 -1.4 -1.4 -1.4 -1.4 -1.4 -1.4 -1.4
26.5 25.9 24.5 21.8 16.1 15.8 17 16.8 15.9 20 21 22.9 18.9 24.7 23 23.4 23.9 24.1 24.3 24.4 25.4 27.7 29.2 30.8 35.4 42.3 45.5 48.8 50.4 54.7 57.9 60.6 65.2 65.7 65.8 65 61.5 56.2 44.5 35.7 29.8 21.6 4.9 2.2 0.8 -1.4 -1.4 -1.4 -1.4 -1.4 -1.4 -1.4 -1.4 -1.4 -1.4 -1.4 -1.4 -1.4 -1.4 -1.4 -1.4 -1.4 -1.4 -1.4 -1.4 -1.4 -1.4 -1.4 -1.4 -1.4 -1.4 -1.4 -1.4 -1.4 -1.4 -1.4 -1.4 -1.4 -1.4 -1.4 -1.4 -1.4 -1.4
28.7 28.4 26.7 23.1 25.6 22.2 17.2 14.2 14 12.8 12.6 12.5 14.4 19.9 21.1 18.9 19.3 19.2 20.2 21.4 22.5 24.3 26.6 27.2 29.1 37.4 43.4 44.5 49 54.1 58.4 62.1 65.6 68 70.6 64.6 62 62.1 48.2 39.4 29.4 20.5 6.1 2.2 1.1 -1.4 -1.4 -1.4 -1.4 -1.4 -1.4 -1.4 -1.4 -1.4 -1.4 -1.4 -1.4 -1.4 -1.4 -1.4 -1.4 -1.4 -1.4 -1.4 -1.4 -1.4 -1.4 -1.4 -1.4 -1.4 -1.4 -1.4 -1.4 -1.4 -1.4 -1.4 -1.4 -1.4 -1.4 -1.4 -1.4 -1.4 -1.4
35.4 34.9 32.7 32 31.3 27.9 26.5 24.2 21.1 19.8 17.8 15.9 13 12.8 14 12.8 13.7 15.5 17.1 17.8 20.8 22.5 22.1 25.3 27.7 33.5 39.3 45.1 49.2 52.9 59.3 67.8 70.4 71.1 67.7 64.8 60.3 58.3 52.3 40.1 31 22.8 7 3.1 -1.4 -1.4 -1.4 -1.4 -1.4 -1.4 -1.4 -1.4 -1.4 -1.4 -1.4 -1.4 -1.4 -1.4 -1.4 -1.4 -1.4 -1.4 -1.4 -1.4 -1.4 -1.4 -1.4 -1.4 -1.4 -1.4 -1.4 -1.4 -1.4 -1.4 -1.4 -1.4 -1.4 -1.4 -1.4 -1.4 -1.4 -1.4 -1.4
49.1 48.6 50 52.9 45.8 39.6 35.5 33.4 30.9 26.8 24.3 26.1 20.4 17.6 14.1 12 10.8 10.5 13 17 18.5 18.3 18.5 21.5 25.5 31.3 37.6 41.7 45.9 49.1 56.7 65.1 66.4 67.1 66.2 65.8 56.9 55.4 51.9 36.1 34.2 29.4 16 3.6 -1.4 -1.4 -1.4 -1.4 -1.4 -1.4 -1.4 -1.4 -1.4 -1.4 -1.4 -1.4 -1.4 -1.4 -1.4 -1.4 -1.4 -1.4 -1.4 -1.4 -1.4 -1.4 -1.4 -1.4 -1.4 -1.4 -1.4 -1.4 -1.4 -1.4 -1.4 -1.4 -1.4 -1.4 -1.4 -1.4 -1.4 -1.4 -1.4
58.5 55.4 59 64.2 59 51.9 46.2 44.8 42.9 36.1 31.4 28.5 28.7 26.1 22 16.9 13.3 10.5 9.7 12.2 14.2 15.4 16.4 18.3 24.4 29.3 33.4 37.8 40.1 44.9 50.3 55.3 58.2 58.4 56.5 55.7 53.2 52.1 49.5 36.3 28.1 23.4 14.7 3.1 2.2 -1.4 -1.4 -1.4 -1.4 -1.4 -1.4 -1.4 -1.4 -1.4 -1.4 -1.4 -1.4 -1.4 -1.4 -1.4 -1.4 -1.4 -1.4 -1.4 -1.4 -1.4 -1.4 -1.4 -1.4 -1.4 -1.4 -1.4 -1.4 -1.4 -1.4 -1.4 -1.4 -1.4 -1.4 -1.4 -1.4 -1.4 -1.4
67.5 66.1 69 68.9 67.3 61.9 56.5 54.9 47.4 45.5 40.8 35.3 34.2 33.3 31 24.8 18.8 13.6 11 7.6 9.8 11.1 13.5 16.7 23.6 28.1 32.2 36.5 36.1 39.5 42 43.5 46.1 47.8 49.3 48.3 48.3 45.7 41.2 31.7 25.8 23.1 13.8 2.2 -1.4 -1.4 -1.4 -1.4 -1.4 -1.4 -1.4 -1.4 -1.4 -1.4 -1.4 -1.4 -1.4 -1.4 -1.4 -1.4 -1.4 -1.4 -1.4 -1.4 -1.4 -1.4 -1.4 -1.4 -1.4 -1.4 -1.4 -1.4 -1.4 -1.4 -1.4 -1.4 -1.4 -1.4 -1.4 -1.4 -1.4 -1.4 -1.4
73 74.2 75.6 74.1 75.4 71.4 62.5 58.9 56.9 51.9 46.9 44.2 40.9 40.6 38.7 33.8 28.3 22.5 14.3 9.1 8.2 8.2 9.3 14.1 20.9 24 28.5 33.2 37.5 33.4 35.2 36.3 38.6 40.1 42.1 42.6 42.3 38.3 34.9 27 23.5 19.2 9 2.1 -1.4 -1.4 -1.4 -1.4 -1.4 -1.4 -1.4 -1.4 -1.4 -1.4 -1.4 -1.4 -1.4 -1.4 -1.4 -1.4 -1.4 -1.4 -1.4 -1.4 -1.4 -1.4 -1.4 -1.4 -1.4 -1.4 -1.4 -1.4 -1.4 -1.4 -1.4 -1.4 -1.4 -1.4 -1.4 -1.4 -1.4 -1.4 -1.4
77.7 80.2 78.2 78 79 75.4 65.4 62.5 59.9 59.8 59.3 52.4 47.8 46.3 43.9 39 34.5 30.5 25.8 17.8 7.6 8.3 6.5 6.6 11.6 18.4 22.8 26.2 28.2 28.5 30 31.8 33.2 33.5 34.6 34.9 28.7 25 21.7 21.5 19.4 18.6 17.8 1.7 -1.4 -1.4 -1.4 -1.4 -1.4 -1.4 -1.4 -1.4 -1.4 -1.4 -1.4 -1.4 -1.4 -1.4 -1.4 -1.4 -1.4 -1.4 -1.4 -1.4 -1.4 -1.4 -1.4 -1.4 -1.4 -1.4 -1.4 -1.4 -1.4 -1.4 -1.4 -1.4 -1.4 -1.4 -1.4 -1.4 -1.4 -1.4 -1.4
80.4 82.4 80.8 79.6 79.4 80.3 72 64.7 62.1 63.2 63.8 60.9 54.1 51.3 49.5 45.9 41.7 37.7 33.3 26.3 20.2 12.4 8.3 5.6 5.6 8.8 18.5 23.4 23.5 24.1 25.9 27.8 27.5 27.5 28.4 24.4 18.4 15.1 15.9 15.7 14.1 18.3 21.4 11.8 -1.4 -1.4 -1.4 -1.4 -1.4 -1.4 -1.4 -1.4 -1.4 -1.4 -1.4 -1.4 -1.4 -1.4 -1.4 -1.4 -1.4 -1.4 -1.4 -1.4 -1.4 -1.4 -1.4 -1.4 -1.4 -1.4 -1.4 -1.4 -1.4 -1.4 -1.4 -1.4 -1.4 -1.4 -1.4 -1.4 -1.4 -1.4 -1.4
88 85.5 82.2 81.4 80.9 79.7 77.5 73.2 66.9 66.8 66 66.9 63.8 63 60.3 58.8 55.9 45.7 38.2 31.9 27.5 22.2 18.8 13.5 6.9 4.4 6.9 17.1 20.1 21.5 22.7 22.7 22.1 20.7 20.2 16.1 8.3 7.1 4.9 8.2 8.3 7.7 4.1 4.6 -1.4 -1.4 -1.4 -1.4 -1.4 -1.4 -1.4 -1.4 -1.4 -1.4 -1.4 -1.4 -1.4 -1.4 -1.4 -1.4 -1.4 -1.4 -1.4 -1.4 -1.4 -1.4 -1.4 -1.4 -1.4 -1.4 -1.4 -1.4 -1.4 -1.4 -1.4 -1.4 -1.4 -1.4 -1.4 -1.4 -1.4 -1.4 -1.4
94.1 90.1 86.3 86.4 84.1 81.4 79.8 76.6 71.7 70.9 68.9 69.7 70.2 68.3 66.8 64.3 62 58.9 47.7 37.9 31.7 25.7 23.8 22.1 18.8 9.5 3.9 4.3 10.4 15.2 17.4 12.9 9.6 10.6 10.1 5.5 3.3 3.5 2.1 1.7 1.5 1.5 1.2 0.9 -1.4 -1.4 -1.4 -1.4 -1.4 -1.4 -1.4 -1.4 -1.4 -1.4 -1.4 -1.4 -1.4 -1.4 -1.4 -1.4 -1.4 -1.4 -1.4 -1.4 -1.4 -1.4 -1.4 -1.4 -1.4 -1.4 -1.4 -1.4 -1.4 -1.4 -1.4 -1.4 -1.4 -1.4 -1.4 -1.4 -1.4 -1.4 -1.4
93.4 94.2 87.9 89.2 88.8 85.8 81.9 80.2 78.3 75.5 75.8 74 72.8 71.3 71.1 68.3 62.5 58.5 53.6 46.8 38.6 30.5 26.4 23.9 21.4 17.8 8.1 1.7 3.9 3.7 -1.4 -1.4 -1.4 3.8 3.3 2 1.4 1 0.5 0.2 0.1 0.4 0.2 -0.3 -1.4 -1.4 -1.4 -1.4 -1.4 -1.4 -1.4 -1.4 -1.4 -1.4 -1.4 -1.4 -1.4 -1.4 -1.4 -1.4 -1.4 -1.4 -1.4 -1.4 -1.4 -1.4 -1.4 -1.4 -1.4 -1.4 -1.4 -1.4 -1.4 -1.4 -1.4 -1.4 -1.4 -1.4 -1.4 -1.4 -1.4 -1.4 -1.4
93.4 93.5 91.5 89.7 90.3 91.6 88.9 82.9 82.7 84.1 85.4 83.9 75.8 72.9 71 67.6 66.9 64.2 63.3 56.7 43.4 40.9 31.3 27.3 25.1 23.5 23.6 12.2 4.3 6.5 -1.4 -1.4 -1.4 -1.4 -1.4 -0.2 0 -0.3 -1.4 -1.4 -1.4 -0.7 -1.4 -1.4 -1.4 -1.4 -1.4 -1.4 -1.4 -1.4 -1.4 -1.4 -1.4 -1.4 -1.4 -1.4 -1.4 -1.4 -1.4 -1.4 -1.4 -1.4 -1.4 -1.4 -1.4 -1.4 -1.4 -1.4 -1.4 -1.4 -1.4 -1.4 -1.4 -1.4 -1.4 -1.4 -1.4 -1.4 -1.4 -1.4 -1.4 -1.4 -1.4
95.4 94.8 93.7 91.3 91.9 94.2 94.1 90.3 87.8 87.3 87.6 86 79.7 73.5 71.3 69.1 67.5 66.1 64.8 58.1 49.8 44.2 39.1 32.8 30.6 27.2 23.6 15.9 8.6 6.2 5.7 -1.4 0.7 -1.4 -1.4 -1.4 -1.4 -1.4 -1.4 -1.4 -1.4 -1.4 -1.4 -0.8 -0.3 -1.4 -1.4 -1.4 -1.4 -1.4 -1.4 -1.4 -1.4 -1.4 -1.4 -1.4 -1.4 -1.4 -1.4 -1.4 -1.4 -1.4 -1.4 -1.4 -1.4 -1.4 -1.4 -1.4 -1.4 -1.4 -1.4 -1.4 -1.4 -1.4 -1.4 -1.4 -1.4 -1.4 -1.4 -1.4 -1.4 -1.4 -1.4
97.5 96 94.8 94.1 96.1 98.3 100.1 98.6 98.7 91.9 88.9 86.7 83 78.4 76.5 72.5 69.2 68.2 63.9 60.2 57.5 49.8 45 38.2 33.8 30.3 24.7 19 14.1 14.2 14.2 8.4 4.9 3.7 2.5 2.1 0.8 -1.4 -1.4 -1.4 -1.4 -1.4 -0.1 0.5 1.1 0.1 -0.4 -1.4 -1.4 -1.4 -1.4 -1.4 -1.4 -1.4 -1.4 -1.4 -1.4 -1.4 -1.4 -1.4 -1.4 -1.4 -1.4 -1.4 -1.4 -1.4 -1.4 -1.4 -1.4 -1.4 -1.4 -1.4 -1.4 -1.4 -1.4 -1.4 -1.4 -1.4 -1.4 -1.4 -1.4 -1.4 -1.4
106.9 99.3 98.5 100.6 104.8 106.1 105.5 104.6 102 98.1 93.8 90.7 86.9 82.4 79.6 76.3 73.9 73 68.3 67 66.4 55.7 48.7 41.3 36.4 32.9 26.6 18.9 18.1 19.1 18.1 18.7 16.4 13.8 6.1 8 7.8 4.9 2.6 2.7 1.8 1.8 1.8 2.2 2.2 2 1.6 -1.4 -1.4 -1.4 -1.4 -1.4 -1.4 -1.4 -1.4 -1.4 -1.4 -1.4 -1.4 -1.4 -1.4 -1.4 -1.4 -1.4 -1.4 -1.4 -1.4 -1.4 -1.4 -1.4 -1.4 -1.4 -1.4 -1.4 -1.4 -1.4 -1.4 -1.4 -1.4 -1.4 -1.4 -1.4 -1.4
108.9 107.1 101.5 103.2 105.3 107.1 107.5 106.3 103.8 99.8 98.3 96.2 93.7 90.8 82.7 79 76.4 75.1 73.2 67.1 63.3 58.3 50.7 43.8 40.5 36.9 28.7 25.2 24 24.4 22.5 23 23.6 23.3 22.5 22.3 21.4 20.8 17.4 14.2 9.3 6.1 10 6.6 2.2 2.2 1.8 -1.4 -1.4 -1.4 -1.4 -1.4 -1.4 -1.4 -1.4 -1.4 -1.4 -1.4 -1.4 -1.4 -1.4 -1.4 -1.4 -1.4 -1.4 -1.4 -1.4 -1.4 -1.4 -1.4 -1.4 -1.4 -1.4 -1.4 -1.4 -1.4 -1.4 -1.4 -1.4 -1.4 -1.4 -1.4 -1.4
109 108.7 107.5 106.8 107.7 108.2 107.5 107.1 106.3 101.6 99.9 100.3 97 94.5 90.5 84.7 81.7 78.4 75 70.1 61.2 58 53.8 48.6 43.2 39.2 31.1 29.9 30.8 28.6 27.9 29.3 28.8 28.8 27.3 27.9 27.2 27.3 24.6 23.9 22.5 17.4 12.7 6.5 0.7 2.2 0.5 -1.4 -1.4 -1.4 -1.4 -1.4 -1.4 -1.4 -1.4 -1.4 -1.4 -1.4 -1.4 -1.4 -1.4 -1.4 -1.4 -1.4 -1.4 -1.4 -1.4 -1.4 -1.4 -1.4 -1.4 -1.4 -1.4 -1.4 -1.4 -1.4 -1.4 -1.4 -1.4 -1.4 -1.4 -1.4 -1.4
109.7 109.5 113.5 112.8 108.7 108.3 108.3 108.4 109 107.5 101.2 101 99.4 97.2 94.8 90.5 84.1 82.3 74.2 71.1 67.7 61.9 60.4 55.2 48.5 41.4 35.7 35.9 37.1 36.8 36.5 37.4 38.7 38.4 34.7 29 30.3 29.6 29.4 27.3 26.5 23 21.2 14.2 7.5 1.9 0.5 -1.4 -1.4 -1.4 -1.4 -1.4 -1.4 -1.4 -1.4 -1.4 -1.4 -1.4 -1.4 -1.4 -1.4 -1.4 -1.4 -1.4 -1.4 -1.4 -1.4 -1.4 -1.4 -1.4 -1.4 -1.4 -1.4 -1.4 -1.4 -1.4 -1.4 -1.4 -1.4 -1.4 -1.4 -1.4 -1.4
