UK/data/sx/sx05_OST50GRID_20230518/SX05.asc
ncols 200
nrows 200
xllcorner 200000
yllcorner 50000
cellsize 50
[rows 37 to 73 of 200, columns 0 to 82 of 200]
250.8 244 246.9 263.3 268.6 259.5 239.4 204.2 186.2 184.7 189.9 176.4 148.5 148.5 148.5 148.5 148.5 148.5 160.1 188.3 212.3 229 236.8 240.2 229.7 213.5 200.5 184.3 177.3 174.5 167.1 143.8 122.2 120.8 120.8 120.8 120.8 120.8 120.8 120.8 120.8 120.8 144 150.3 145.9 144.7 142.8 141.2 140.2 141.7 144 145.2 139.5 134.6 129.6 127.9 127.2 126.5 126.5 128.6 131.7 131.3 129.5 125.9 122.2 119.6 118.6 119.4 118.8 118.2 118.2 119.3 122.9 124.8 126.5 130 132 130.8 127.3 125.1 127.2 127.2 124.8
254.8 254.2 259 281.5 279.9 266.3 246.2 211.4 196.7 205.6 209.6 190.4 163.3 148.5 148.5 148.5 148.5 160.5 168.8 191.8 218.9 234.5 238.4 239.5 233.6 217.9 205.2 186.3 178.8 175.3 169.1 149.1 128.5 120.8 120.8 120.8 120.8 120.8 120.8 120.8 120.8 124.3 152.4 147.2 146.7 145.1 143.2 141.1 139.1 137.5 135.5 133.8 131.7 130.6 129.4 128.7 127.6 125.5 125.8 126.1 128.5 130 128.1 125.4 121.4 118.9 118.8 119.1 118.9 118.9 119.2 123.9 127.6 129.2 129.8 132.2 134.1 133.4 129.8 127.1 127.9 128.1 126.6
262.1 259 260.3 275.2 280.2 271 257.2 234.7 225.5 230.7 222.6 189.6 164.8 148.5 148.5 148.5 148.5 159 180.9 206.4 223.6 236.4 237.7 235.5 234.2 222.5 205.5 188.1 182.1 175.9 171.7 154.1 134.8 120.8 120.8 120.8 120.8 120.8 120.8 120.8 120.8 140.6 153.1 148.9 146.8 145 142.8 140.3 139 138 136 135.7 134.6 133.1 130.9 129 128.5 124.5 123.9 124.8 125.3 125.9 125.3 123.9 120.8 119.8 119.7 119.9 120.2 120.2 123.6 131.3 135 134.7 134.8 136 135.7 134.1 130.1 126.6 126.3 126.9 126.3
271.7 266.5 263.3 266.4 274.1 269.6 267.2 262.4 250.2 242.1 233.3 209.7 179.6 152.5 148.5 148.5 148.5 163.3 184.1 204.6 215.3 233.4 234.9 231.1 234.6 228.5 208.6 190.2 184.5 176.4 172.3 159.1 143.1 130.5 120.8 120.8 120.8 120.8 120.8 120.8 121.8 147 151.5 149 147 144.9 141.8 140.7 140.6 140.1 139.3 140.1 139.4 137.1 134.7 131.3 129.4 125.5 124 124.7 126.9 124.2 122.9 121.9 120.8 120.8 121.4 121.2 120.7 124.1 129.7 136.6 141.2 141.6 140.7 139.3 137 133.7 129.1 124.9 123.4 124.4 124.7
282.7 277.8 271.2 267.5 268.1 268.9 268.6 269.9 268.7 257.7 245.2 224.5 193.3 159.7 150 151.2 148.5 165.7 176.1 188.3 202.7 212.4 218.6 222.2 234.9 228.8 209.8 190.4 183.5 177 175.4 164.1 154.1 139.1 131.7 123.2 124.6 120.8 120.8 120.8 138.2 144 152.1 150 147.2 145.5 144.2 142.1 141.4 142 143.5 144.3 143.3 140.8 138.1 135.3 130.6 126.8 125.9 125.3 124.5 124 123.6 122.2 121.5 121.9 121.8 121.3 124.3 129.8 134.7 140.1 145.3 146.3 144.2 141.2 137.8 133.9 128 122.9 120.2 121.7 121.7
290.4 286.8 282.5 276.3 274.6 274.4 273.9 276.4 274.6 268.6 257 243 214.8 181.1 165.4 161.9 148.5 150.3 168.2 178.2 186.7 185.7 190.4 217.5 233.5 222.5 208.2 186.2 180.9 177.6 172.4 168.8 159.1 148.8 143.1 149.5 138.9 134.7 122.2 120.8 133.9 145.6 152.9 150.9 149.3 148.7 146.5 143.9 143.4 146.2 147.4 147.6 145.9 143.8 141.5 138.7 135.5 128.3 126 125.3 124.7 123.5 122.3 122.4 122.7 122 121.2 121.8 127.9 133.2 137.4 143 149.7 151.1 147.4 142.8 138.4 133.9 128.1 122.2 118.1 118.1 117
301.1 295.8 291.7 287.5 282.1 281 280.4 280.8 281.1 275.4 262.8 253.9 230.3 203.9 181 172.8 163.6 154.7 184.7 187.4 182.4 184.1 199 219.9 232 217 204.2 185.9 182 178.8 173.1 171 168 167.8 164.3 160.1 153.2 142.6 139.5 136.7 136.9 152.8 153.6 152 152.5 151.1 148.3 144.9 146 149.3 150.3 150.5 149 146.9 144.9 142.3 139.8 131.9 125.8 125.2 124.5 123.6 123 123.1 122.3 121.7 121.7 122.8 128.6 134.5 139.1 144.7 152.2 154.2 150.6 145 138.7 133.5 128.4 121.9 116.2 114.3 113
310.1 305.8 301.6 297.8 296.1 294.4 288.8 284.1 283.5 279.6 273 259.8 235.2 213.3 188.7 183.5 178.2 166.2 191.3 191 183.8 189.4 208.4 220.7 232.3 217.6 205.4 191.9 183.8 180.4 175 172.2 171.1 171.7 169.1 164.7 161.6 159.8 158.4 156.7 157.7 156 154.7 154.7 154 152 148 146.8 147.2 150.2 152.1 153.3 152.4 150.7 149.1 146.7 143.9 136.5 126.6 124.8 124 123.3 123.5 123.1 122.4 121.9 122.2 123.4 127.6 134.2 139.3 144.6 151.7 156.1 153.8 147.4 139.9 133.2 128 120 116 113.8 113.2
320.2 316.3 312.6 310.3 311 311.1 300.1 290.6 279.7 280.6 274.5 264.5 242.3 219.7 193.8 188.7 185.9 188.7 206.6 201.5 188.5 194.1 207 223.7 231.6 225.6 213.1 194 186.6 182.3 178.4 175.4 172.2 173.3 173.6 176.1 175.3 169 162.5 167.2 176.4 157.8 156.2 156 155.3 152.9 149.8 147.9 148.1 151 154.8 156 155.5 154.5 153.2 151 147.3 138.6 127.9 124.2 123.6 123.8 122.9 122.4 122.1 122.3 122.3 123.6 127.1 133.6 139.1 144.4 149.9 155.9 155.1 149.8 142.8 135.3 128.8 120.5 115.6 113.9 113.4
330.4 327.5 324.6 323.6 323.8 321.8 317.4 304.4 286.2 280.7 274.7 268.4 247.6 222.9 208.6 201.4 195.7 192.4 211.3 196.8 185.2 187.9 217.8 231.7 235 231.4 218 197.6 190.1 184.9 180.3 177.2 173.8 177.8 182.8 182.8 183.2 180.5 170.4 167.4 184.2 162.3 158.2 157.6 156 153.8 151.1 149.2 149.5 155 157.9 159.6 159.2 158.5 157.3 154.2 150 142.2 129.2 123.9 123.2 122.6 121.9 121.7 122.3 122.7 122.8 124.3 127.1 134.2 137.7 142.7 148.6 153.4 154.7 151.2 145.9 138.4 131.1 122.7 116.5 114.2 114.1
340.4 338.2 336.8 336.8 335.1 332 326.5 314.5 293.5 283.2 278.8 271.6 256.5 234.9 219.2 215.4 209.7 196.4 195.7 192 184.9 191.8 228.6 235.3 237.1 229.2 211.2 195.8 191.5 186.3 182.2 178.3 179.1 183.7 185 184.7 185.4 181.5 172.1 165.3 163 160.4 160.3 157.9 155.7 154.8 153.7 153.8 158.1 159.9 161.9 163.2 162.9 162.2 160.4 156.5 151.9 143.6 130.2 124.7 123.1 122.2 122.2 122.6 122.2 122.1 123.3 125.8 135 136.9 137 141.3 146.8 150.8 153.3 151.8 147.7 141.7 133.8 126 118.6 114.9 114.2
350.8 350 349.9 350.4 348.6 342 330.8 318.2 302.9 288.6 283.2 273.2 266.1 236 221.7 217.4 208.7 201.1 211.6 191 184.9 219.2 233.9 234.1 222.9 214.5 203.4 196.8 191.9 187.5 185 185 186 186.6 186.7 186.7 186.6 186 174.1 164.4 162.9 162.6 162.2 160 157.3 158.9 159.3 159.9 162.5 164.3 166.3 167 166.8 165.9 163.5 159 153.9 145.8 131.5 126.2 125 123.1 123.2 122.6 122.2 122.3 122.6 125.8 139 137.6 135.5 139.7 144.8 148.8 151.3 151.4 149.6 144.7 137.6 130.5 121.9 116.6 114.8
357.4 358.8 359.8 359.8 355.7 349.5 336.5 320.9 305.4 293.3 285.3 277 275 255.6 225.8 219.9 215.6 212.4 225.6 214 213.1 230.3 233.2 225.1 217.8 213.1 205.8 200.6 195.8 189.9 187.9 187.6 187.9 187.9 187.6 187.3 186 178.9 171.9 164.6 165.4 165.7 164.1 162.4 161.9 162.6 163.2 164.3 166.7 168.8 170 170.9 170.5 169 166.2 161 155.5 147.5 133.1 129.8 125.8 124.1 124.1 123.7 123.3 123 121.4 125.5 135.5 131.6 133.3 137.2 142.5 147 150 151.4 150.7 147.1 141.6 134.8 126.2 118.8 115.6
361.4 362.8 364 363.5 358 347.9 333.7 317.9 302.4 293.2 286.6 280.6 275.3 273.9 248 227.3 228.7 230.5 233.1 237.6 237.4 233.4 228.5 223.9 220.2 214.9 209.7 204.2 199.3 193 189.5 188.3 186.4 185.9 187.6 186.7 181.1 173.3 167.1 167.3 168.5 169.2 168.3 167.2 166.7 166.3 166.5 167.7 170.6 172.7 174.1 174.4 174.1 171.7 169.7 164.3 156.5 148.3 133.9 128.4 125.5 124.8 124.7 124.6 124.8 124.2 122.5 125.1 129.7 127.9 131.2 135.4 139.9 144.5 148.4 151 151.5 149.6 145.2 138.6 131 123 117.2
361.9 363 363.5 360.8 353.2 342.4 327.5 311.1 295.9 253.5 267.3 282.4 280.3 276.3 270.6 245.3 235.4 246.5 252.4 251.1 243.1 233.6 228.5 225.9 222.2 217.4 211.7 207.1 201.2 194.8 191.5 187.6 182.1 179.9 179.7 178.2 171.9 169.2 168.6 170.2 171.1 171.4 170.8 170.4 169.9 169.6 169.3 170.9 173.2 175.7 177 176.7 175.8 173.9 171 166.2 158.2 147.8 133.6 128.8 127.4 126.9 126.5 126.2 126.6 125.1 124.9 124.7 125.5 126.4 129.4 133.4 137.7 142 146 150.1 151.7 150.7 146.6 141.1 134.9 126.7 118.8
358.4 359.6 359.2 354.4 345.7 331.7 319.1 307.5 283.6 248.7 248.7 259.9 283.4 280.2 273.9 262.6 256.9 261.9 257.8 252.5 244.3 234.7 230.8 227.8 224 218.7 212.3 207.7 201.4 196.8 195.2 191 184.3 178.4 175.5 172.8 171.3 171.5 173.6 172.8 173.1 174.2 173.5 173 172.7 172.4 171.9 172.9 175.1 177.4 178.2 177.7 176.5 174.2 170.6 165.6 158 145.4 133.4 130.1 129.4 128.3 126.9 126.4 126 125.6 125.5 125.5 125 125.1 128.3 132 135.5 139.3 143.7 148.6 150.9 150.5 147.4 143 137.2 130.1 121.4
352.7 352.3 351.6 347.3 330.8 320.2 308.1 298.3 283.1 248.7 248.7 248.6 285.2 283.6 279.7 272.1 267.1 263.2 259.2 252.8 242.2 238.1 234 230.3 225.6 219.2 213.7 209.5 205 200.3 197 192.5 183.2 178.4 176.1 174.8 176.7 176.5 174.9 174.6 177 178.5 177.9 176.7 176 175.7 175.3 174.8 176.5 178.2 178.5 177.5 176 173.4 169.4 163.7 153.8 142 136.2 134.2 131.7 129.3 127.7 126.8 126.2 125.9 126.3 125.8 125.3 125.5 128.1 130.8 133.3 136.5 141.4 146.3 149.4 149.7 148.2 145.6 144.4 135.1 125.3
340.8 338.7 336.3 333.4 320.1 309.8 297.9 291.7 281.2 248.6 248.7 279.8 284.9 282.7 278.6 272.9 267.8 263.5 258.1 251.5 246.4 242.1 237.6 233.2 228.7 222 216.8 212.9 208.9 202.9 199.2 195.4 187.7 180.6 181.1 183 182.1 181 179.1 179.4 182.1 183.2 182.6 181.3 179.6 179.1 178.4 177.6 177.9 178.4 178 176.1 174.1 171.2 167.1 159.7 150.9 144.7 140.3 138.6 134.9 130.7 128.5 127.7 127 126.8 127.5 138.3 126.8 126.9 126.8 129.6 131.5 133.8 138.1 142.5 146.7 148.8 152.8 156 154.9 145.2 130.6
321.7 318.5 322 321 312.2 300.3 290.6 288.9 285.6 283.9 284.7 284.1 284.1 282.4 277.7 272.1 267.4 264.2 259.6 254.6 250.7 246.5 241.8 237.2 231.7 224.9 219.7 216.5 212.3 205.3 200.8 197.2 193.1 190 189.3 188.5 187.4 186 184.8 185.3 186.8 187.9 186.9 185.4 183.6 182.1 181.2 180.1 180.2 178.7 177.2 174.4 172.3 169.8 165 159 155.4 152.2 148.1 143.4 137.3 132.3 129.8 128.4 127.6 128 129 129.7 137.1 125.8 128.9 127 129.7 131.7 134.8 138.8 145.6 155.1 158.9 159.2 157.4 152 141.2
303 298.8 300.9 305 298.1 298.6 285.4 277.4 264.3 267.3 271.8 278.7 282.4 287 287.1 274.1 267.6 264.3 260.9 256.4 253.3 249.6 245.5 240.5 234.9 228.4 223.7 219.2 214.5 208.5 202.3 198.6 196.9 195 194.1 193.4 192.3 190.9 189.9 190.2 191.5 192 190.9 189.2 186.8 184.8 183.3 182.4 181 178.9 183.3 176.5 173.4 170.9 166.4 165.2 164.4 161 156 149.1 141.5 134.5 130.8 129.4 128.1 128.4 128 131.9 128.9 128.9 128.9 126.9 129.3 130.5 132.5 139.5 150.3 156.4 159 158.4 157.2 151.8 137.6
280.9 279 278.5 275 275.4 274.7 269.5 258.1 258.3 264.5 264.5 270.8 274.6 280.6 289.7 274.1 267.7 262.6 258.9 256.3 253.5 250.8 247.3 242.9 237.6 230.8 226.1 221.1 215.4 208.8 203.4 200.9 199.8 200.1 199.4 198.9 197.6 196.9 196.1 195.4 195.8 195.7 194.6 192.3 189.4 186.5 184.9 183.1 181.4 181 181.7 175.5 177.1 181.5 171.5 171.8 171.4 168.3 162.6 155.4 147.4 139 132.3 130.1 128.6 128.2 130.1 128.9 128.9 128.9 125.9 127.2 129.5 129.6 129.4 134.3 145.5 153.1 157.4 158.3 157.1 150.1 137.4
274.8 264.3 263.5 259.5 255.4 252.6 250.4 252.3 258 257 262.7 262.4 273.1 273.5 271.4 269.4 270.9 259.6 257.2 256.3 252.4 249.7 247.5 243.5 238.3 232.5 227.7 222.9 216.2 207.6 203.4 202.6 204 204.9 205.1 204.9 205.3 204.6 203.3 201.7 200.7 199.7 198.2 195.1 190.9 188.6 186.2 177.4 173.6 173.6 173.6 175.2 187.3 199.9 180.7 178.6 178.3 175 169.6 162.9 153.7 144.5 135.5 131 129.4 128.1 128.9 128.9 128.9 128.9 128.9 127.6 129.2 129 128.5 129.5 136.6 148.2 154.6 157.3 158.3 152.2 140
262.4 248.7 241.2 250.4 250.7 248.6 245.1 240.8 240.9 257.2 259.3 259.4 269.6 273.8 270.9 270.1 272.9 259.9 255.6 251.4 249.2 246.8 245.1 242.4 237.3 232.6 228.5 223.2 215.5 206.3 204.7 206.7 209.4 210.9 212.7 213.3 214.3 213.5 211.1 208.7 206.9 204.8 202.3 198.7 193.4 190.3 186.8 173.6 173.6 173.6 174.4 173.6 179.6 186.3 182.8 185 185 181.7 176 169.6 161.6 151.2 140.6 133.9 131.3 129.1 128.9 128.9 127.7 128.9 128.9 126.2 128.2 128.4 127.6 127.5 131.8 141.1 150.3 155.6 158.2 157.6 148.8
238 225.3 215.9 219.9 226.8 231.7 233.4 233.7 236.4 240.7 253.6 255.5 268.7 272.3 269.4 271 270.3 256.7 243.4 242 245.8 244.1 241.7 238.6 235 232.1 228.1 221.4 211.2 206.7 208.4 212.7 214.3 216.6 221 223.2 223.9 222.4 219.4 215.8 212.9 210.2 206.9 202.6 197.9 192.6 188.2 173.5 173.6 173.6 174.4 175.2 180.4 183.9 187.4 190.1 191.1 187.9 181.4 173.9 166.7 157.7 145.7 136.2 132.6 129.7 127.7 127.1 128.9 128.9 128.9 129.9 130.4 130.3 127.3 127 127.3 135.7 145.7 153.4 158 159.4 155.5
212.1 203.3 203.6 208 216.7 226.2 225.7 228 229.7 237.2 244.4 251.9 266.5 271.2 271.9 269.6 264.1 254.8 238.8 236.9 241.3 240.4 237.5 234.4 232.5 229.3 225.3 219.7 210.2 209.7 216.8 217.8 219.7 224.9 229.9 232 232.6 231.6 228.4 224.7 220.8 217.2 212.6 207.8 203 197.3 192 187.1 182.6 180.8 180.1 180.7 184 187.9 191 193.1 193.1 190 183.5 176.6 169.3 161.1 150.4 138.4 132.8 130.8 129.6 129.5 129.4 127.8 129.9 130.4 130.4 130.4 127.2 126.5 126.4 130.4 141.6 151.3 157.6 159.6 155.9
194.1 181.5 170.5 187.7 207.8 217.1 217.1 223 216.3 225.8 237.5 253.7 266.5 271.4 272 269.4 262.4 252.8 237.6 234.9 238.1 236.4 235.1 232.4 230.4 227.8 225.4 221.9 214.5 219.4 221.6 223.2 227.5 233.8 238.5 240.2 240.3 239.2 236.8 233.1 228.8 225.3 221.4 216.8 211.1 204.2 197.5 192.1 186.7 183.5 182.3 183.7 187.4 190.9 194.3 195.1 194.5 191.4 185.1 178 171.2 162.7 152.7 140.7 134 131.8 131.8 132.4 132.1 131.4 129.7 129.7 130.4 130.4 128.4 126.3 126.1 126.9 135.6 147.3 155.8 158.8 155.3
177.7 170.5 170.5 170.5 192.5 202.7 204.8 211.9 214 217.4 239.7 255.6 265.9 272 270.8 268.3 264.2 252.8 234.6 233.5 236.9 234.4 233 231.9 230.7 230.8 230.4 228 225.7 225.8 227 230.7 235.8 241.6 246.4 248.8 248.4 246.5 243.6 239.6 235.1 233 229.9 225.9 220.6 213.4 204.5 196.7 190.1 185.6 184.2 185.9 189.7 192.6 194.8 195.7 195.1 192.2 186.8 179.3 171 162.1 152.8 141.5 135.4 133.4 134 133.7 132.7 130.7 130.7 129.7 129.7 130.4 130.1 127.4 126.7 126 129.3 140.8 151.8 156.9 153.3
170.5 170.5 170.5 170.5 171.2 176.1 189.7 185.2 198.2 216.6 234.1 255 264.7 271 267.9 269.7 271.8 260.6 239.9 232.3 235.6 233 231 231.5 232.5 235 235.8 234.2 233.5 234 237.4 238.8 242.8 250.4 256.2 257.7 257 254 250 245.2 242.1 240.1 237.2 233.6 228.4 220.7 211.6 201.6 193.2 188.2 185.9 188.1 190.7 192.9 194.4 195 194.4 191.9 186.8 180 170.8 162.4 150 139.5 136.5 135.4 134.9 134.4 132.9 132.1 132.1 130.9 130.8 129.6 129.1 128.9 127.9 126.2 125.9 132.5 144.4 151 145.8
170.5 170.5 170.5 170.5 170.5 173.1 173 184.6 194.6 219.4 228.8 250.3 264.1 266 273.7 270.8 266.4 260.1 251.8 231.4 233.6 244.2 229.9 231.4 235.1 237.3 239.7 240.4 240.9 242.2 249.5 249.2 250.2 259.9 266.4 267.1 265.2 261.5 257.2 253.1 249 244.9 241.3 237.9 231.8 224.5 215.6 204.5 195.3 190.3 187.7 188.2 190.7 192.2 193.4 193.6 192.7 190.1 186.2 179.7 171.4 160.6 147.4 139.2 137.7 137.1 136.9 136.7 135.1 133.8 132.5 131.2 129.9 129.1 128.5 132 133.2 131.5 126.3 125.7 133.1 139.8 132.6
170.5 170.5 170.5 170.5 170.5 170.5 170.5 185.3 187.5 219.9 227.2 249.5 263.5 267.3 282.8 273.3 262.8 244.6 239 231.4 249.8 237.8 229.7 231.8 236.7 239.9 242.5 244.7 246.7 249.6 252 253.5 259.9 269.1 275.4 275 273.1 269.4 264.2 260.1 254.8 247.7 243.3 238.9 232.6 225.7 216.6 205.4 195.6 190.5 187.3 187 189.4 190.8 191.5 191.8 192.2 188.9 185 178.6 170.7 159.2 145.8 140.6 140.7 140.3 141.3 141.5 141.2 140.1 137.2 134.9 131.1 129.5 128.1 128.8 133.4 133.8 132.7 127.5 125.6 125.8 124.4
170.5 170.5 170.5 171.6 170.5 170.5 173.1 186.1 191.8 208.7 231.6 252.2 259.5 267.3 271.8 271.9 258 240.4 233.4 229.1 239.6 222.8 223.6 231.3 236.7 240.6 243.6 247.1 250.9 253.5 255.4 262.7 270.2 276.8 277.2 277 276.5 275.5 271.2 265.6 258.6 251.3 243.6 237.7 231.7 225.3 215.7 204.6 194.1 188.3 185.4 185.3 187 188.7 189.6 190.2 190.3 188 182.9 177 169.5 158.1 145.6 144.7 146.9 146.5 147.8 149.6 151 149.6 145 141.8 138 133.2 129.5 127.4 128.4 134.1 133.5 132.5 129.4 124.6 123.7
170.5 170.7 191.8 184.3 176.2 175.9 183.7 191.4 193.3 218.6 229.8 250.7 257.8 262.6 268.1 255.7 241.6 232.9 229 226.8 221.8 222.4 231.8 234.7 236.8 240.8 244.2 248.8 252.8 255.3 260 268.6 276.3 278.4 278.4 278.1 277.7 277.3 275 269.3 262.2 254.2 243.8 235.6 229.8 222.9 212.9 201.4 191 186.2 183.7 183.1 184.3 188.6 189.5 189.7 188.6 185.4 180.9 175.1 167.6 156.9 148.4 151 154.2 153.4 154 156.9 158.8 157.9 153.5 149.6 144.4 139.1 133.7 128.3 126.4 126.8 130.9 132.5 129.6 124.8 124.7
201.4 205.6 204.2 193.7 183.6 184.2 188.3 192.2 218.2 227.7 239.4 248.7 252.2 246.4 244 235.1 228.2 225.8 225.3 222.5 221.4 229.9 244.8 245.2 242.8 241 244.7 248.4 252.7 256.2 265.2 273.8 279.5 279.6 280.3 279.7 278.4 277.1 275 271.9 262.7 252.1 241.4 233.2 227.3 219.8 208.3 197.1 187.9 184.4 181.7 179.4 178.1 178.8 184.1 186.6 184.5 182.9 178.1 173.2 166.3 155.8 152.2 156.5 159.4 159.5 159.9 163.3 164.9 164.2 160.9 156.1 150.3 144.6 138.8 131.8 126.7 125.7 125.2 127.3 124.3 124.5 125
210 208.3 209.4 203.2 193.3 191.6 200.1 220.2 227.8 232.6 237 236.4 231 228.8 224.1 222 220.6 220.6 220.5 215.5 220.7 229.8 238.1 247.6 251.8 251.1 244.3 246.7 258.3 262.3 270.9 278.5 280.2 281.3 282.3 281.1 278.9 276.8 274 268.7 258.4 247.3 238.3 229.8 224 215.5 203.7 192.7 186.9 183.5 180.2 175 170.6 170.7 171.9 177 180.6 180.1 176 171.6 164.6 155.7 155.8 161.1 164.2 165 164.3 167.8 169.7 168.8 166.5 162.2 156.7 149.8 143.4 137.3 129.5 126.5 125.6 125 124.5 123.6 123.5
214.8 209.7 205.7 207.6 210.9 212.5 213.7 213.7 217.3 221.2 221.8 219.8 216.7 214.3 213 212.8 213.2 212.5 210.1 199.5 193.5 193.5 197.4 236.1 249.4 252.6 247.3 251 263.7 272 277.5 280.1 281.3 282.9 281.9 280.7 278 275.2 271 265.4 254.7 242.7 233.4 226.7 220.4 211.9 201.5 191.7 186.7 183.6 180.6 177.6 174.2 171.4 171.6 173.1 176.8 177.7 174.5 170.5 161.9 156.3 159.5 165 169.2 169.8 168.2 171 173.4 172.7 170.8 167.8 163 155.8 148.8 141.4 135.1 127.9 125.5 124.5 124 123.1 122.6
238 231.8 210.4 202.4 203.2 205 203.8 203.1 210.4 226.9 226 215.5 211.2 205.9 201.7 206.2 207.5 207.4 200.6 193.5 193.5 193.5 193.5 220 243.1 254 251.1 250.5 264.3 275.2 280.5 281.9 282.7 282.6 281.4 279.3 276.8 273.3 268.3 261.3 249.6 238.7 230.1 223.8 216.6 209.3 198.6 193.1 189.7 187.7 185.7 182.2 177.2 173.5 171.5 171 172.9 175.5 173.7 170.1 161.8 158.2 163 169.5 174.1 174 171.6 173.8 176.2 176 174.8 171.8 168.7 164.2 153.9 146 139.5 132.2 126.4 124.6 123.5 123 122.4
243.3 243.2 219.1 207.7 201.6 199.9 198.4 194.7 197 210 227.7 216.4 193.2 185.3 193.9 201.1 202.9 205 200.2 193.5 193.5 193.5 193.5 193.5 232.3 250.8 254 250.7 256.1 271.5 280.7 281.7 282.3 281.9 280 277.2 275.2 269.6 264.3 254.7 243.7 234.5 226.3 219.3 210.7 203.3 199 195.6 193.6 192.4 189.9 186.3 180.7 175.2 172.1 170.6 170.8 172.1 171.4 167.7 163 160.8 167.8 173.9 176.6 176.4 174.6 175.6 177.7 178.3 177.6 175.9 172.5 168.8 160.4 151.9 143.9 137 130 125.7 123.6 123 122.4
