WholeMapElevations/data/ns/ns89_OST50GRID_20230518/NS89.asc
ncols 200
nrows 200
xllcorner 280000
yllcorner 690000
cellsize 50
[rows 123 to 163 of 200, columns 91 to 181 of 200]
7 6.6 5.7 4.4 3.4 3.1 3.6 3.6 3.9 -1 -1 3.8 4.4 4.2 3.7 4.8 -1 4.8 6.4 6.5 5.6 6 6.1 6.1 6.8 7.1 6.3 7.3 7.3 7.5 7.8 8 7.6 8.4 8.1 8.2 8.1 7.9 8 8.4 8.8 8.8 8.9 9.6 10.4 11.1 13.1 17.7 19.8 23.2 27 33.3 40.5 46 48 46.3 46.4 44 41.5 38.9 35.8 33.1 29.6 27 24.3 23.4 22.7 22.4 22.4 22.7 22.7 23.3 25.4 31.8 32.6 37 42.8 49.4 54.3 55 54.6 53.8 52.6 52 51.2 48.8 46.1 43.6 41.1 40.3 38.3
5.9 6.5 4.4 3.3 2.9 2.9 3.1 4.2 -1 -1 2.3 2.8 3.1 3.6 4.3 4.3 5.2 4.1 5.6 5 5.4 5.7 6 6.3 6.7 6.8 6.5 7 7.1 7.2 7.4 7.6 8.2 8.7 8.4 8.6 8.4 7.9 7.7 8.1 8.6 9 7.9 8.2 9 9.7 10.7 14.9 17.2 22.2 26.6 32.5 39.6 42.9 43 43.3 42.4 42.4 40.8 37.8 34.6 31.4 29.2 26.3 24.1 22.8 22.3 22.4 22.5 22.2 22.2 22.9 23.2 23.3 29.5 30.6 33 39.3 46.4 50.8 52.5 53.6 52.8 53.2 51.5 50.1 47.6 45 41.6 40.9 38.7
2.4 3 3.8 2.8 2.7 2.7 2.7 -1 -1 1.8 1.8 2 2.2 2.8 4.2 4.3 5.2 4.7 4.4 4.7 5.1 5.3 5.6 6.3 6.2 6.3 6.7 6.6 7 7.2 7.6 8.2 8.4 7.7 7.9 8.4 8.4 8.2 7.6 7.9 8.3 8.6 7.8 7.6 7.4 8.1 8.9 11.5 19.8 25.2 28.7 34.1 41.4 45.6 46.9 44.8 46 41.3 40.5 37.6 34.6 30.7 28.4 26.7 25.3 24.5 22.7 22.3 22.5 21.3 22.5 21.8 22.1 21.8 22.3 24 30.7 33 36.7 40.4 46.4 50.6 54.1 54.7 54.9 52.7 49.9 47.2 43.3 39.6 38
2.4 2.3 2.9 2.4 2.5 2.7 3 -1 3.1 1.4 1.5 1.7 2.1 2.1 2.9 3.8 5.2 4.8 3.8 4.1 4.4 4.7 5 5.8 6.7 6.4 4.9 6.1 6.4 6.6 7.7 7.8 7.6 7 7.6 8.1 8 7.9 8.4 8.5 8.3 8.1 7.8 7.5 7.3 7.1 7.3 8.4 18.7 26.4 31.4 36.2 44 46.8 47.2 47.2 46.2 43.6 40.1 38.5 35.8 32.2 30.6 27.4 25.4 23.8 24 22.9 22.8 21.9 22.5 22.2 22.3 22.2 22 22.6 24.2 27.1 27.4 30.1 34.9 41.6 45.9 47 48.7 50.1 47.7 44.9 41.1 37.5 35.6
2.4 2.4 2.4 2.4 2.5 2.9 3.8 -1 4.2 3.7 2.6 1.7 1.8 1.7 2 2.9 4.1 3.8 3.2 3.4 3.7 4 4.4 5.4 6.5 6.9 5.8 6.1 6.3 6.2 7.2 6.9 7.3 7.5 6.7 8 7.3 8.1 8.2 8.8 8.8 8.1 7.7 7.5 7.7 7.8 7.3 8 9.1 23.7 32.8 37.7 44.8 47.2 47.8 47.9 46.4 43.7 39.9 39.5 37.4 34.6 32.2 28.6 25.7 24.6 23.7 23.2 22.3 22.1 21.6 21.9 22.5 22.1 22.1 22 22.2 23.4 24 27.5 28.2 30.4 36.4 39.4 43.8 44.5 43.4 42 38.7 36.6 34.1
1.9 2.4 2.4 2.4 3 3.3 -1 -1 -1 -1 -1 -1 -1 4.4 3.3 4 3.9 2.9 2.5 2.8 3 3.4 3.8 4.9 5.9 6.1 6.2 5.3 5.4 6.7 6.9 6 6.7 7 7.1 8.2 7.6 8.1 7 9.5 9 8.3 8.3 8.2 7.9 6.9 7.8 8.2 8.6 10.8 19.4 26.4 36.2 44.4 46.7 47.1 45.6 43.8 40.8 38.2 37.2 36.2 35.2 32.7 27.8 25.4 25.2 23.5 23 22 21.2 21.6 21.3 22.7 22.6 22.1 21.7 22.7 23.6 23.5 23.9 25.9 30.2 31.4 33.4 34.4 36.4 38.8 37.2 35.7 33.6
1.7 2.4 2.4 -1 -1 -1 -1 -1 -1 -1 -1 -1 -1 -1 -1 -1 4.3 4 3.1 2.9 2.7 2.7 2.9 3.9 4.9 3.9 5.4 4.4 6 7.1 6.7 6.1 6 6.2 7.4 7.1 8 8 7.3 8.3 8.3 8.2 8.3 8.4 8.3 8.1 8 7.8 7.7 8.4 9.5 10.8 18 23.3 31.5 38.8 41.7 39.1 37 36.4 35.8 35.3 35.8 34.4 31.1 29.2 26.2 25.6 24.2 23.6 22.6 21.9 22 22.1 22.7 22.3 21.5 22.3 23.1 23.5 22.7 22.9 24.2 25.1 26.9 26.6 30 30.2 33.7 33.3 32.8
1.7 4.5 -1 -1 -1 -1 -1 -1 -1 -1 -1 -1 -1 -1 -1 -1 -1 -1 5.6 4.2 2.8 3.8 2.7 2.1 2.7 3.4 3.7 5.9 6 5.5 5.9 5.5 5.7 5.9 6.5 7.6 7.7 8.1 7.2 7.4 8.1 8.2 8.3 8.4 8.7 9 8.3 8.2 8.2 7.9 7.6 7.4 8.6 10.3 13.2 17.7 21.5 28.1 33.1 35 34.6 34.7 36.1 37.7 35.2 33.1 30.5 28.3 26.6 24.8 24.4 22.9 22.6 22.1 23.2 22.1 21.8 22.3 23 23.1 23.3 23 23.3 23.1 24 24.6 24.8 26.1 26.8 27.1 27.6
1.5 -1 -1 -1 -1 -1 -1 -1 -1 -1 -1 -1 -1 -1 -1 -1 -1 -1 -1 -1 -1 6 3.5 4.3 3.8 2.2 2.2 5.3 3.9 4.8 6.1 5.8 5.9 5.9 6.1 6.5 6.8 7.1 7.4 7.3 8.1 8.3 8.3 8.7 9.2 9.4 9.5 8.7 8.7 8.4 8 7.4 7.6 8.2 9.1 9.8 9.7 14 20.8 26.4 29.9 33.2 38.5 41.7 39.7 35 32.9 31.3 28.2 26.5 26.2 23.6 22.5 21.4 22.1 22.6 22 22.2 22.7 22.7 23 23.4 22.9 22.7 23 23.3 23.1 23 22.8 23.1 22.9
2.9 -1 -1 -1 -1 -1 -1 -1 -1 -1 -1 -1 -1 -1 -1 -1 -1 -1 -1 -1 -1 -1 3.3 5.8 2.8 2.3 2.1 2.8 2.6 4.4 6.6 6.5 6.6 6.3 5.6 6.7 6.6 6.5 7.8 8.1 8.1 8.3 8.5 8.5 8.5 8.5 9.3 9.1 8.8 8.5 8.6 7.7 8.2 10.2 10.7 8.9 8.9 9 10.3 15.4 24.2 27.8 34.1 36.6 39.2 35.2 34.2 33.4 30 28.2 27 25.3 23.3 21.8 22.1 22.7 22.5 22.3 22.8 23.4 23.9 23.4 22.7 22.9 22.8 22.5 22.7 22 22 21.9 22.2
-1 -1 -1 -1 -1 -1 -1 -1 -1 -1 -1 -1 -1 -1 -1 -1 -1 -1 -1 -1 -1 -1 -1 -1 -1 3.3 2.5 2.3 2.3 2.2 3.5 5 5.1 4.8 5.9 7 6.6 7.3 7.9 7.9 8 8.1 7.8 7.6 7.6 7.7 9 9 8.9 8.8 9 8.8 8.9 11.3 10.1 8.3 8.2 8.2 8.9 10.1 14.9 21.2 24.8 34 34.3 34.2 34.3 31.7 30.3 29.2 29.3 26.8 24.5 23.4 21.8 22.3 22.2 22.1 22.7 23.6 24.4 24 22.9 22.6 22.6 22.6 22 21.4 21.8 22 21
-1 -1 -1 -1 -1 5.4 5.5 6.3 6.3 6.8 -1 -1 -1 -1 -1 -1 -1 -1 -1 -1 -1 -1 -1 -1 -1 -1 -1 4.6 2.1 2.1 2.5 3.2 3.8 4.7 5.6 6.5 6 7.5 7.8 7.8 7.9 8 8 7.6 7.1 6.8 8.6 9 9 9.3 9.7 7.9 8.3 9.7 7.8 7.6 7.8 8 8.2 8.5 10 15.4 18.9 22.1 25.6 29.4 28.1 27.7 27.9 28.8 29.4 29.8 26.9 25.3 23.9 22.7 21.6 20.3 22.3 23.2 23.3 23.2 22.5 22.3 22.4 22.1 22.3 22.2 20.7 20.4 20.6
-1 -1 -1 -1 5.4 6.1 6.8 6.8 6.5 6.5 6.4 6.2 4.4 1.8 -1 -1 -1 -1 -1 -1 -1 -1 -1 -1 -1 -1 -1 -1 -1 2.6 2.7 2.8 3 4 5 5.9 6.3 7.7 7.7 7.6 7.8 7.8 7.8 7.8 7.4 7.3 7.8 8.3 8.9 10 10.4 8.5 8.2 9 9.8 10.3 8.6 8 8.7 8.6 8.9 10.9 13.6 17.2 19.8 23.2 24.1 24.3 25.4 25.5 27.6 29.1 28.6 26.7 26 23.8 23.2 22.6 21 21.9 21.9 21.8 21.6 21.9 22 21.4 22.1 19.7 18.6 19.3 19.5
-1 -1 -1 -1 6.3 6.6 6.7 6.5 6.5 6.6 6.5 6.4 6.5 6.6 5.8 2.8 -1 -1 -1 -1 -1 -1 -1 -1 -1 -1 -1 -1 -1 -1 4.7 2.5 2.7 3.6 3.4 3.2 6.3 6.3 5.9 7.5 7.6 7.6 7.6 7.6 7 6.9 7.1 7.3 7.8 8.8 9.9 11.5 11.1 8.8 9.2 9.7 9.2 10.3 11.4 10.2 9.2 9.9 11.6 14.3 15.9 17.1 19.3 21.1 22.2 23.2 24.8 27.4 28 27 25.5 23.5 23.1 22.1 20.6 21.1 20.5 20.4 21.5 20.6 20.7 19.5 19.3 19.5 18.2 18.4 19
-1 -1 -1 -1 5.8 6.6 6.5 6.6 6.8 6.8 6.8 6.7 6.8 6.6 6.5 6.4 5.5 4.2 2.1 -1 -1 -1 -1 -1 -1 -1 -1 -1 -1 -1 -1 3.1 2.5 2.6 2.5 2.2 3.6 5.9 5.9 6.5 7.4 7.4 7.5 7.2 7 6.8 7 7.2 7.4 7.3 7.8 8.7 9 8.3 8.6 8.6 8.8 8.5 10.7 11.7 9.5 11.9 11.4 9.4 14.4 15.2 16.8 17.5 19.6 20.9 22.6 23.9 25.7 25.4 25.1 22.6 21.9 21.3 20 16.6 17.2 16.6 19.9 16.6 16.8 16.9 17.9 17 16.6 14.3 17
-1 -1 -1 -1 4.5 6.6 6.7 6.9 7 7 7 7 6.9 6.8 6.7 6.6 6.4 6.3 5.4 5 3.2 2.1 -1 -1 -1 -1 -1 -1 -1 -1 -1 -1 2.7 2.8 2.5 2.4 2.1 2.8 6.3 6.9 7.2 7.2 7.3 7.1 7 6.8 6.8 7 7.2 7.3 7.1 6.9 7.4 8.4 8.8 8.6 8.1 8 8.3 8.5 8.1 8.7 10 9.3 11.4 13.3 13.2 15.1 15.8 15.8 15.2 15.2 16.1 17.1 19.5 18.3 15.8 19.4 20.6 18.2 17.7 19.5 20.4 19.7 19.3 18.4 16.2 15.4 14.2 12.7 13.1
-1 -1 -1 -1 -1 6.8 6.9 7.1 7.2 7.2 7.2 7.2 7.1 7 6.9 6.7 6.6 6.2 5.9 4.9 3.9 3.8 4 2.4 1.4 0.5 -1 -1 -1 -1 -1 -1 1.3 2.7 2.9 2.7 2.8 2.9 5 6.8 6.9 7 7 7 7 6.8 6.7 6.9 7.1 7.2 7.1 6.8 7.2 8.6 8.4 7.4 7.5 9.7 7.8 8.2 7.7 8.1 8.6 9.6 9.6 12.3 13.5 14.6 16.2 16.7 17 17.6 18.8 24.3 22.9 22.2 21.5 21.9 20.8 20.9 20.4 20.8 20.8 20.7 19.3 17.8 16.3 15.6 14.4 12.3 13.3
-1 -1 -1 -1 -1 6.3 6.9 7.3 7.4 7.3 7.3 7.3 7.2 7.1 7 6.9 6.8 6.5 6.4 5.2 5.1 4.3 3.1 2.5 2.9 1.9 0.8 -1 -1 -1 -1 -1 0.2 1.6 2.8 3.4 3 2.8 4.8 6.6 6.7 6.7 6.7 6.8 6.8 6.8 6.6 6.7 6.9 7.1 7.1 6.8 7.7 8.7 8.2 8.8 8.4 7.8 6.8 7.7 8 7.7 8.4 9.1 9.3 11.1 13.2 13.9 15 15.5 16.1 16.8 17.8 18.9 21.2 22.1 22.9 23.9 23.5 21.3 20.6 22.2 21.4 21.2 22 21.5 18.5 16.1 15.4 17.8 20
-1 -1 -1 -1 -1 -1 6.5 6.8 6.7 7.2 7.5 7.5 7.4 7.3 7.2 7.1 7 6.9 6.8 5.9 4.9 4 3.2 2.5 2.1 3.3 1.8 -1 -1 -1 -1 -1 -1 0.8 1.8 2.7 3.8 2.7 3.9 6.4 6.4 6.4 6.5 6.5 6.5 6.6 6.6 6.6 6.8 6.9 7 7.2 8.2 9 8.4 8.4 8.9 8.3 8 7.4 7.4 7.6 8.3 8.9 9.1 11.1 13.2 14 14.1 14.7 15.4 16.1 16.8 17.1 18.4 19 21.3 23 21.6 20.5 20.8 20.5 20.5 21.4 21.7 20.8 19 15.6 19 25.1 24.6
3.3 -1 -1 -1 -1 -1 5.2 5.4 5.8 6 6.2 6.5 7.4 7.3 7.1 7 7.2 7.2 7.2 6.7 6.1 4 3.4 2.8 2.2 4.9 2.7 0.4 -1 -1 -1 -1 -1 0.1 1.5 3.3 3.3 2.9 5.9 6.3 6.4 6.4 6.4 6.4 6.4 6.4 6.4 6.6 6.9 6.8 7 7.6 8.4 8.4 8.5 8.7 8.9 9.1 8.7 7.6 7.7 7.5 7.7 8.3 8.9 11.3 12.1 12.2 14.9 14.4 14.7 15.3 16 15.9 17.1 18.2 18.5 18.8 19 18.5 19.5 18.9 18.4 18.8 19.2 17.7 14.7 17.4 26.3 29 28.9
3 -1 -1 -1 -1 -1 4.6 5.6 6.7 6.8 6.6 6.5 6.6 7.2 7 6.9 7.5 7.5 7.4 6.8 5.9 4.3 3.3 2.8 2.3 2.5 3.2 -1 -1 -1 -1 -1 -1 0.7 2.5 3.3 3.3 3.3 6.2 6.3 6.3 6.3 6.3 6.4 6.4 6.4 6.6 6.9 7 7.8 7.8 8.3 8.6 7.7 7.7 7.7 7.1 6.9 8.7 8.5 7 7.8 7.4 8.1 9.1 8.7 10.9 11.5 14.2 14.5 14.8 15.2 15.6 13.9 17.6 18 16.9 16.8 17.3 17.1 18.8 18.2 17.5 17.2 17.2 16.5 14.6 15.1 21.5 28.7 33.9
2.8 -1 -1 -1 -1 -1 5.6 6.1 7.3 6.8 6.6 6.4 6.5 6.6 6.9 7.2 7.7 7.5 7.5 6.6 5.7 4.4 3.2 2.2 2 2.4 3.3 -1 -1 -1 -1 -1 -1 -1 -1 3.3 3.3 3.3 5.9 6.3 6.3 6.3 6.3 6.3 6.3 6.4 6.9 7.3 7.1 7.6 7.9 8 8.1 8.3 7.9 7.6 7.2 6.6 7.6 7.5 7.6 6.9 7.4 8.3 8.7 9 10.8 9.9 11.9 14.6 14.9 15.2 15.5 12.1 16.3 17.4 16.2 16.1 16.3 16 17.1 18.9 17 17.5 17.4 15.3 12.5 12.3 19.7 22 24.8
3.5 -1 -1 -1 -1 -1 6.1 6.3 7.5 6.9 6.5 6.9 6.9 6.7 6.8 7.6 7.1 7.1 7.2 6.8 6.4 4.9 2.6 1.7 2 2.7 2.9 -1 -1 -1 -1 -1 -1 -1 -1 3.3 3.3 3.3 3.3 6.2 6.2 6.2 6.2 6.2 6.3 6.7 7.1 7.6 6.7 7.2 7.7 7.5 7.6 7.7 8.5 8.2 7.4 6.7 7.1 7.4 7.9 6.6 7.7 7.1 8.6 8.6 8.3 8.1 8.3 12.5 13.2 14.3 15.2 14.6 14.6 16.4 15.4 16.9 16.3 15.5 15.1 15.6 15.1 15.7 14.8 14.6 13.3 12.4 17.8 19.5 20.3
4.4 -1 -1 -1 -1 -1 6.4 6.1 7.2 6.7 7 7 7.9 7.6 7.5 7.3 7.2 7.3 7.3 6.9 6.8 2.9 1.7 1.9 1.9 3.6 -1 -1 -1 -1 -1 -1 -1 -1 -1 3.3 3.3 3.3 3.3 5.3 6.2 6.2 6.2 6.2 6.5 7 7.1 6.9 6.4 6.5 6.8 6.9 7 7.2 8 8 7 6.6 6.6 6.7 6.5 6.3 7.3 7.6 7.4 7.8 7.7 7.6 8.1 9.9 8.4 10.2 12.5 12 13.8 13.4 14.2 15.8 14.5 15.5 14.8 15 15.3 15.5 15.1 13.1 12.2 12.2 13.6 17.4 17.6
-1 -1 -1 -1 -1 -1 7 7.8 6.9 7.2 7.5 7.5 7.3 8.3 8.2 7.9 7.6 7.7 7.2 6.6 3.3 1.7 1.7 2.8 2.2 3.2 -1 -1 -1 -1 -1 -1 -1 -1 3.3 3.3 3.3 -1 3.3 3.3 5.4 6.1 6.1 6.3 6.5 6.6 6.6 7.2 6.7 7.3 7 6.7 7.6 7 6.6 7.2 7 6.3 6.1 6 5.8 5.9 6.6 6.8 7.6 7.8 7.3 8.2 7.4 8.4 8.8 9 9.5 10.4 10.5 11.9 12.4 13.4 14.7 14.2 13.8 14.6 15.6 15 14.8 13.8 12.2 12.6 12.5 14.6 15.7
-1 -1 -1 -1 -1 -1 7 7.8 7.6 7.6 7.9 8.2 8.1 8.2 7.8 7.6 7.9 7.5 6.8 5.3 1.6 1.8 1.8 2 3.5 -1 -1 -1 -1 -1 -1 -1 -1 -1 3.3 3.3 3.3 -1 3.3 3.3 5.4 5.7 6.1 6.3 6.5 6.6 6.8 6.9 6.4 6.6 6.8 6.7 7.1 6.5 6.1 6.9 6.9 6.1 6 6.4 6.8 6.5 6.5 6.2 6.5 6.8 7 8.4 8.4 8.5 8.7 8.4 7.4 7.8 8.9 10.4 10.6 9.8 10.2 11.3 12 13.6 13.8 13.1 14.1 13.2 13.3 11.8 10.2 12.8 14
-1 -1 -1 -1 -1 -1 6.6 8 7.1 7.1 7.1 7.1 8 8.1 8 7.5 7.1 7.1 6.3 1.7 1.6 1.8 2.1 2 3.3 -1 -1 -1 -1 -1 -1 -1 -1 3.3 3.3 3.3 3.3 -1 3.3 3.3 3.8 5.6 5.7 6 6.3 6.6 6.9 6.9 7.3 6.1 6.3 6.7 6.8 6.1 6 6.6 5.3 5.4 5.2 6.4 6.1 7.5 7.2 7.2 7.4 6.1 6.8 7.3 6.7 8.4 8.7 8.2 7.2 8.1 8.1 8.8 9.4 8.9 9.1 10.5 9.1 9.9 10.6 10.9 11.8 12.5 11.4 10.3 9.8 9.9 11.8
-1 -1 -1 -1 -1 6.7 6.7 7.9 7.1 7 7.1 7.1 7.1 7.1 7.4 7.7 7.8 7.1 4 1.5 1.6 1.7 1.8 2.4 -1 -1 -1 -1 -1 -1 -1 -1 -1 3.5 3.5 3.5 3.5 -1 3.3 3.3 5.2 5.2 5.3 5.4 5.9 6.2 6.5 7.1 6.5 6.1 6.5 7.4 2.6 2.6 3.2 4.7 4.1 4.2 4.5 5.4 6.2 6 6.7 7 7.2 6.2 7.2 7.5 7.9 8.1 7.7 6.9 7.6 8.3 7.9 8.1 9.6 8.6 9.6 9.5 8.4 8.9 8.8 9 9.5 10.3 10.2 9.4 8.8 8.7 9.8
-1 -1 -1 -1 -1 6.7 7.1 7.3 7.2 7.1 7 7 7 7.1 7.2 7.9 8.2 6.9 1.8 1.4 2.7 3.6 3.6 4.7 -1 -1 -1 -1 -1 -1 -1 -1 -1 3.5 3.7 3.7 3.5 -1 3.3 3.3 4.6 4.8 4.9 5 5.2 5.8 6.2 5.5 4.8 -1 -1 -1 -1 -1 -1 -1 -1 -1 -1 4.3 5.4 4.8 6.4 6.8 6.6 6.9 7.3 6.7 6.7 7.9 7.5 7.2 7.9 8.1 7.8 8.6 9 8.4 8.7 9.2 8.8 8.4 8.9 8.9 8.4 8.8 8.3 8.2 7.8 7.8 8.9
-1 -1 -1 -1 6.4 7 7.6 8.2 8 7.1 7 7 7 7.1 7.2 7.8 8 6 1.4 1.5 1.6 1.7 5.1 -1 -1 -1 -1 -1 -1 -1 -1 -1 -1 3.7 3.9 3.7 -1 -1 3.3 3.3 3.5 4.4 4.5 4.6 4.6 5.1 -1 -1 -1 -1 -1 -1 -1 -1 -1 -1 -1 -1 -1 -1 -1 -1 7.2 7.5 6.4 6.7 6.1 5.6 6.7 6.7 6.6 6.6 7.1 7.7 7.9 7.5 8.1 8.2 9 9.4 9.2 9.1 9 8.7 8.3 8 8.1 7.1 6.8 7.5 8
-1 -1 -1 -1 6.7 7.1 7.6 8.2 8.4 7.9 7 7 7.1 7.1 7.3 7.8 7.6 4.2 1.5 1.5 1.6 1.7 -1 -1 -1 -1 -1 -1 -1 -1 -1 -1 3.7 4.1 4.1 3.5 -1 3.3 3.3 3.3 3.5 3.8 4.1 4.2 4.3 -1 -1 -1 -1 -1 -1 -1 -1 -1 -1 -1 -1 -1 -1 -1 -1 -1 -1 -1 -1 -1 4.1 6 4.6 5.4 6.2 6 6.3 7.1 8 7.2 7.8 8.3 8.4 9.1 8.8 8.5 8.2 7.5 7.3 7.8 7.5 7.4 6.8 6.3 6.5
-1 -1 -1 7 7.4 7.8 8 8.2 8.5 8 7 6.9 6.9 7 7.4 8.1 7.4 2.3 1.1 1.3 1.5 2.8 -1 -1 -1 -1 -1 -1 -1 -1 -1 3.3 3.6 4.1 -1 -1 -1 3.3 3.3 3.3 3.6 4.5 4.2 4 -1 -1 -1 -1 -0.5 0.7 1.3 1.1 0.2 -1 -1 -1 -1 -1 -1 -1 -1 -1 -1 -1 -1 -1 -1 -1 4.7 5.7 5.8 5.5 6.1 7 6.5 6.7 7.3 7.9 8.4 8.2 6.5 7.3 7.2 7.2 7.5 7.6 7.2 7 7.1 7.5 7.7
-1 -1 -1 7.1 7.1 7 7.1 7.3 8.3 8.1 7.1 6.7 6.9 7 7.4 8.3 7.3 1.6 1.2 1.4 1.6 2.1 -1 -1 -1 -1 -1 -1 -1 -1 -1 3.3 3.3 3.3 -1 3.3 3.3 3.3 3.3 3.6 3.9 4.2 4.4 -1 -1 -1 -1 2.7 3.8 3.4 3 2.9 2.8 3 1.7 2.8 -1 -1 -1 -1 -1 -1 -1 -1 -1 -1 -1 -1 -1 -1 -1 3.7 5.5 6.4 6.2 6.4 6.8 7.4 8.1 7.4 6.3 7.4 7.3 7.7 7.5 7.4 6 7.2 7.4 7.4 7.4
-1 7.2 7.3 7.2 7.1 7 7 6.9 7.6 8.3 7.3 6.8 6.8 7 7.5 8.3 7.5 3.6 1.3 1.4 1.6 -1 -1 -1 -1 -1 -1 -1 -1 -1 -1 3.3 3.3 3.3 3.3 3.3 3.3 3.3 3.7 4.8 3.7 3.5 3.3 -1 -1 -1 1.3 3.9 2.8 2.7 2.3 2.4 2.5 2.7 2.8 2.6 2.8 3.3 -1 -1 -1 -1 -1 -1 -1 -1 -1 -1 -1 -1 -1 -1 -1 4.1 5.9 6.1 6.3 6.9 7.9 7.1 7.3 7.8 6.9 6.8 6.4 6 6.3 6.8 6.5 6.9 7.1
-1 7.4 7.5 7.4 7.3 7.2 7.1 7 7.2 8.4 7.6 7.1 7.1 7.2 7.6 8.2 7.2 2.3 1.4 1.5 1.5 -1 -1 -1 -1 -1 -1 -1 -1 -1 -1 2.5 3.3 3.3 3.3 3.3 3.3 3.7 4.3 5.1 4.1 3.4 -1 -1 -1 -1 2.1 3.8 3 2.7 2.4 2.5 2.6 2.8 2.9 3.1 2.8 2.7 4.1 2.5 0.3 -1 -1 -1 -1 -1 -1 -1 -1 -1 -1 -1 -1 -1 -1 3.3 5.5 6.4 7.4 7.9 7.5 7 6.4 6.1 6.2 6.4 6.2 6.4 7.1 6.6 6.8
7.6 7.6 7.6 7.7 7.5 7.4 7.3 7.2 7.2 8.6 8 7.5 7.6 7.9 8.1 8.4 5.7 1.9 1.3 1.5 1.7 -1 -1 -1 -1 -1 -1 -1 -1 -1 -1 1.6 3.3 3.3 3.3 3.3 3.8 4.4 5.2 4.9 4.4 3.6 -1 -1 -1 -1 2.1 2.8 3.1 2.6 2.5 2.6 2.8 2.9 3 3.2 2.6 3.2 2.8 1.6 0.3 -1 -1 -1 -1 -1 -1 -1 -1 -1 -1 -1 -1 -1 -1 -1 4.5 5.1 6.5 6 7.5 7.1 6.2 6.1 6.7 6.7 7.1 5.8 6.1 6.1 6.2
7.9 7.8 7.8 7.9 7.8 7.6 7.5 7.4 7.7 8.9 8.5 8 8.2 8.6 8.9 7.8 5.2 3.2 1.7 1.7 5.5 -1 -1 -1 -1 -1 -1 -1 -1 -1 0.3 1.6 2.9 3.3 3.9 3.7 3.9 5.3 5.4 4.4 3.9 3.6 -1 -1 -1 -1 2.1 2.6 3.1 2.5 2.6 2.7 2.9 3 3.1 3.2 3.5 3 1.8 0.7 -1 -1 -1 -1 -1 -1 -1 -1 -1 -1 -1 -1 -1 -1 -1 -1 -1 4.8 4.8 6.3 6.5 6.3 5.9 5.9 6.4 6.9 6.3 5.8 6.4 6.1 6.1
8.2 8.1 8.1 8 8 7.9 7.7 7.6 7.5 9.1 8.9 8.6 8.8 9 8.2 6.4 8.2 3.9 2.1 1.6 3.9 -1 -1 -1 -1 -1 -1 -1 -1 -1 0.9 2.6 3.3 4.3 3.9 3.5 4.1 5.7 7.1 3.9 5 -1 -1 -1 -1 -1 2.4 2.5 2.4 2.7 2.8 2.9 3 3.1 3.3 3.3 4.2 2.3 1.1 -0.1 -1 -1 -1 -1 -1 -1 -1 -1 -1 -1 -1 -1 -1 -1 -1 -1 -1 -1 4.5 6.1 6.1 6.2 5.9 5.5 5.9 5.9 6.3 6.1 6.6 7.2 5.8
8.6 8.5 8.4 8.3 8.3 8.1 8 7.9 7.8 8 8.4 8.8 8.6 8.4 7.2 8.2 9 8.2 2.3 1.2 4.1 -1 -1 -1 -1 -1 -1 -1 -1 -1 2.1 3.3 3.3 3.3 3.9 3.5 3.6 3.6 5.4 5.6 4 -1 -1 -1 -1 -1 3 2.4 2.8 3 3 3.1 3.3 3.4 3.5 2.9 3.1 1.8 0.7 -1 -1 -1 -1 -1 -1 -1 1.7 2.6 2.3 -1 -1 -1 -1 -1 -1 -1 -1 -1 -1 5.1 5.8 5.8 6.9 6.2 6.8 5.8 6.2 6.3 6.6 6.2 5.9
9 8.9 8.8 8.7 8.8 9.2 8.6 8.5 8.4 7.8 8.3 8.7 8.3 8.7 7.6 7.7 8.2 5.9 2.6 3.4 4.6 -1 -1 -1 -1 -1 -1 -1 -1 -1 2.9 3.3 3.3 3.3 3.3 3.5 3.3 7.1 3.7 3.7 3.9 -1 -1 -1 -1 -1 3.9 2.7 3.1 3.2 3.3 3.4 3.5 3.6 3.5 3.5 1.4 0.6 0.1 -1 -1 -1 -1 -1 -1 -1 4 5.5 4.9 -1 -1 -1 -1 -1 -1 -1 -1 -1 -1 4.4 5.9 5.4 5.2 6 6.1 6.6 5.8 5.8 5.9 5.8 5.8
9.6 9.5 9.5 9.7 9.8 10.4 10.2 9.3 9.3 8.7 9 9.2 8.8 9.4 7.9 7.6 7.5 6.7 3.3 1.8 5.5 -1 -1 -1 -1 -1 -1 -1 -1 -1 3.2 3.3 3.3 3.3 3.3 3.3 3.7 6.5 3.8 3.7 2.2 -1 -1 -1 -1 -1 3.4 3 3.4 3.5 3.6 3.5 3.3 3.4 3.5 3.4 -1 -1 -1 -1 -1 -1 -1 -1 -1 4.5 3.8 3.8 2.9 5.6 -1 -1 -1 -1 -1 -1 -1 -1 -1 -1 5.5 5.4 5.3 5.6 6.2 6.6 6.2 6 5.9 5.5 5.2
