UK/data/nh/nh28_OST50GRID_20230518/NH28.asc
ncols 200
nrows 200
xllcorner 220000
yllcorner 880000
cellsize 50
[rows 105 to 139 of 200, columns 0 to 77 of 200]
242.9 244.8 242.6 234.4 228.7 227.1 225.2 224.2 221.5 220.4 228.2 237 247.2 260.9 271.1 281.4 282.1 273.8 268.3 264.8 255.4 244.6 231.8 220.2 209.6 203.3 195 191.5 182.5 181.6 179 177.8 170.4 173.3 191 206.6 219.9 233.3 250 267.7 284.7 302.8 318.6 333 349.4 366.1 384.9 400.1 419.1 435.7 452.9 468.6 478.8 487.4 494.4 500.3 504.6 507.1 509.4 511.5 513.4 515.9 518.8 522.1 524.4 524.8 524.9 530 533.6 536.2 538.6 541.8 546.3 548.7 549 553.3 556 558.1
274.4 270.9 263.8 267.1 269.8 258.6 249.6 245 242.9 241.9 241.6 254.1 261.9 272.9 285.1 299.8 307.8 309.3 311.8 304.7 284.7 270.7 254.6 241.6 233.2 220.8 209 201.2 193.8 193.7 195.5 194.2 193.3 177.3 177.1 188.5 204.8 221.5 237.4 253.5 269.5 287.8 303.5 320.6 331.3 348.2 367.7 384.7 401.8 421.2 439.7 456.1 472.6 482.4 491.4 499.2 505.3 509.5 513.1 514.8 517.8 520.6 522.4 524.2 526.3 527.6 528.4 531.7 535.4 538.7 542.6 546.3 549 551.8 553.9 555 558.7 562.5
302.2 296.6 292.8 293.4 289.3 286.8 281 277.5 267.3 262.5 254.8 271.1 284.1 296.5 309.2 325.4 338.5 347 343.8 333.3 314.1 292.8 276.3 263.9 257.6 245.1 229.1 222.4 205.6 205.9 201.3 200.7 199.9 199.1 194.6 188.2 187.4 204.9 219.8 239.6 255 270.9 286.6 304.6 316 332.5 349.1 366.4 383.1 402.2 422.6 442.9 461.3 476.7 488 496.9 503.8 508.9 513.1 516.9 521.7 524 525.7 526.4 527.8 529.7 531.9 534 538.2 541.8 544.9 547.7 550.4 554.4 557.6 560.7 562.1 564.8
323.5 323 321.1 323.1 311.6 306.6 300.6 293.5 287.6 282.3 272.6 291.1 304.3 312.4 325 338.7 351.6 366.9 374.1 363.3 350.5 322.9 301.2 284.8 278.4 264.3 249.1 235.3 220.5 219.8 210.8 209.9 204.3 201.5 201.9 202.5 197.6 191.7 204.4 221.3 240.4 255.8 270.7 287.9 302.2 319 335.9 352.3 368.3 385.5 402.2 424.7 447.1 467.8 482.9 493.4 500.9 508 511.8 514.3 520.2 525.3 527.2 529.2 530.1 532.8 533.1 537.1 540.3 543.3 545.8 549.6 553.1 556.5 559.2 563.7 566.3 567.4
350.9 351.6 352.6 349.7 339.2 328.4 319.7 316.7 309 301.4 293.4 304.6 317.7 329.5 339 353.6 363.3 374.8 380.9 380.2 372.8 360.1 342.7 311.7 297 283.9 269.1 251.8 236.4 231.9 223.7 219 215.1 209.8 205.7 206 210.1 208.2 198.1 213.8 230.5 242.8 256.8 271.4 288.7 306.4 321.5 337.5 355 370.6 387.6 407.2 427.1 451.4 473.3 488.3 498.9 505.7 512.2 516.3 518.3 522.9 530.7 532 532.5 534.5 536.4 538.6 541.7 546 547.5 551.7 552.9 554.9 560 564.3 567.4 569.2
400.3 401.3 401.6 385 364.8 351.6 344.5 333.5 327.1 322.3 310.2 317 331.1 342.7 352.1 360.9 369.9 378.3 383.3 386.6 387.5 386.6 373.9 340.6 314.4 300.7 285.8 267.9 253.9 242 233 230.9 228.5 224.5 212.3 214.4 212.1 215.9 204.3 204.1 206.2 230.2 244.2 258.2 273.7 288.9 305.8 324 341.8 358.1 375.7 394.8 410.9 432.2 456.5 478.5 494 505.8 511 514.4 521.1 525 530.7 535.4 538.9 538.3 541.8 541.1 546.3 547.4 550 554.6 558.3 559.6 559.8 564 566.8 570.5
411.8 406.2 399.8 396.3 392.4 380.4 367.5 354.6 340.7 333.3 324.8 328.6 342.9 352 359.9 368.9 377.8 385.1 391.8 398.3 401.6 397.6 388.2 368.2 337.3 316.8 302.8 266.2 278.7 260.3 244.5 240.4 239.7 235.2 221.8 223.3 222.1 225.1 224.4 223.1 223.1 222.2 224.8 239.6 254 270.8 289 309.2 327 344.5 362.3 379.6 395.9 414.4 440.1 465.1 486.9 500.5 509.2 515.8 522.4 528.5 532.7 535.6 540.1 543.4 542.5 544.2 547.7 551.6 554.1 557.3 560.5 560.5 560.3 564.1 565.6 569.2
409 406.2 402.7 399.4 395.9 387.9 377.2 370.1 358.7 348.5 339.9 342.1 351.4 359.2 368.2 377.9 395.8 413.6 417.4 425.6 430.7 422.1 402.7 386.1 359.1 335.2 309 305.5 298.1 276.9 257.8 252.4 255.6 250.1 239 235 234.2 234.6 238.8 234.7 234.1 236.1 238.4 238.6 238.9 252.9 274.8 293.7 312.8 330.8 346.1 362.7 382.2 404.5 423.2 447.2 468.6 489.6 504.1 513 521.2 528.2 536.5 539.7 540.5 545.1 548.3 549.5 551.3 554.6 557.3 559.1 562.2 564.4 565.2 567.6 568.3 570.5
406.3 404.4 401 396.5 392.7 387.6 382.2 375.4 366.6 357.3 356.3 355.4 363.5 371.1 384 394.9 409.9 420.8 427.8 435.1 436.2 430.3 418.7 398.7 376.8 351.2 321.4 325.9 307.5 293.5 284.1 276.6 275.2 269.6 255.8 255.6 253.1 249 251 252.4 251.2 248.7 247 248.4 252.3 252.7 259.9 281.5 302.3 321.3 336.2 350.8 368.2 392.8 412.9 432.6 449.3 470.6 492.4 509.1 518 526 533.1 539.7 542.9 546.1 552.2 556.4 558.2 560.2 561.6 564 566.8 568.5 567.8 567.8 569.5 571.3
402 397.5 394.4 393.3 391.9 389.9 386.4 382.3 373.3 366.7 366.9 370 375.6 384.3 395.5 405.3 414.6 421.1 427.5 433.3 433.7 429.3 425 416 395.3 365.8 337.3 335.2 323.7 318.5 305 298.6 294 285.4 282.3 278.8 274 269.1 268.5 265.7 261.8 261.6 264.3 262.8 264.1 266 264.7 264.3 289.2 304.3 327.1 343 364.1 382.9 405.2 419.3 432.9 453.7 475.7 497.8 511.3 523 529.3 538.9 545.7 551.6 555 560.2 564.5 567.8 570.4 572.4 574.3 577.7 578.5 577.2 577.2 577.6
399.2 396.2 393.6 393.4 393.1 392.8 388 383.4 375.9 375.2 378.2 385 390.7 395.2 402.1 408.9 414.9 420 424.8 428.7 432.5 432.2 429.3 423 407 373.7 352.1 357.8 346.7 342.1 337.2 322.5 315.4 317.5 318.1 305.2 301 297.4 292.2 283 280.1 280.1 276.9 275.5 274 275.9 277.7 277.8 272 295.6 319 335.7 352.5 373.2 392.5 408.2 423.6 441.6 460 481.1 497.5 511.1 524.3 536.7 547.7 558.2 565.3 569.7 574.3 579.1 583.1 584.1 586.1 587.8 590 590.6 591.5 592
395.9 393.1 393 393.2 391.2 390.6 384.8 381.3 379.3 382 388.8 396.9 397.6 399.1 403.6 409.7 415.1 425.8 428.2 431.9 434.6 432.4 429.3 423.6 407 385 375.2 377.2 379.4 378.1 355.6 362.3 375 380.8 361.3 362.3 357.6 345.2 316.3 305.9 302.5 302.8 298.2 295 290.2 286.8 285.6 288.9 287.7 277.6 306.7 325.2 345.7 362.3 379.4 398.7 415 432.6 449.7 465.3 480.8 497.9 515.5 530.6 544.9 559.7 569.1 576.5 584.1 590 593.9 598.3 601.1 606 606.9 605.7 605 604.9
390.1 388.6 388 389.9 388.5 386.8 383.9 382.5 387.1 392 400.2 402.4 401.4 406.9 411.2 415.8 420.3 429.1 430.7 432.5 435.4 434.7 429.8 424.2 411.5 398.6 396.6 402.7 405 406.5 387.8 405.2 412.8 410.9 408.8 403.7 392.5 365.6 357.3 339.1 329.5 323.4 327.4 321 313.6 304.3 298.3 298.7 299.6 294.9 297.7 321.2 339.3 353.3 368.3 386.7 401.8 419.7 434.2 448.5 464.4 485.2 502.9 520.9 535.1 553.3 567.2 580 593 604.5 613.5 614.4 615 618.3 622.1 622.7 620.7 618.9
387.6 385.6 384.3 383.5 384.2 385.1 384.2 384.8 386.9 391 397.1 400.2 406.4 415.5 419.3 422.4 423.9 426.9 429.1 431 435.7 435.5 433.1 426.3 414.1 411.9 412.1 415.5 422.6 424.6 427.6 433.6 435.5 437.2 441.9 434.9 422.4 406.9 415.2 407.9 388.5 405.5 368.8 356.1 340.7 329.1 320.5 314.9 308.9 309.2 302.3 305.1 333.8 348.2 363.5 378.3 395 408.7 423 438.6 459.6 476.7 489.1 509.8 526.1 543 562.7 579.3 592.1 604.4 615.5 625.7 638.5 643.5 640 636.9 634.2 632.5
392.5 388.6 384.4 382.4 380.3 382 383.6 384.8 385.1 388 394.2 399.7 409 418.5 428 425.3 424.9 426.3 428.1 429.6 433.8 435.8 435.2 430.5 417.3 419.7 423.4 426.5 433.7 441.1 445.8 449.7 454 458.1 458.1 457.1 457.3 454.4 455 442.3 432 430.7 428.4 388.8 364.1 351.3 341.1 332.7 324.2 318.7 316.2 319.2 329.4 341.2 361.5 376 390.6 402.7 414.9 430.2 452.3 466.9 481.5 498.3 512.9 532.2 552.2 571.6 581.3 596.2 607.9 619.6 632 641.4 650.2 649.8 647.7 645.8
387.7 386.8 384.1 381.8 379.7 379.9 380.6 382 384.4 383 386 395.5 410.9 428.6 440 440.9 432.2 428.1 427.6 428.9 432 435 435.9 432 421.9 424.8 430.2 435.1 443.3 449.9 456.3 462.5 467.3 472.2 475.3 476 477.9 480.2 480.5 479.3 478.8 457.5 440.3 437.1 411.4 381.9 360.3 348 340.3 333.4 327.2 324.4 320.4 337.1 351.9 366.4 380.3 394.9 407.5 423.1 443.3 455.3 471.7 490.1 502.8 517.5 538.9 555.2 570.5 583.7 596.9 609 621.4 634 642.4 647.4 650.4 651.7
385.5 385.1 383.6 381.2 379.4 380.2 380.6 380.7 381.3 382.1 387.5 395.6 410.5 436.3 446.3 449.8 445.9 439 430.1 431.5 432.4 433.1 433.1 429.2 427.2 429.2 434.8 441.7 449.4 456.1 462.5 470.1 476.1 481.9 485.6 487.9 492.4 494.3 497 498.7 495.1 480 467 458.7 443.3 409.2 383.8 366.6 357 346.5 341.9 335.5 331.4 328.6 342.3 355.7 371.6 384.8 402.2 417.7 432.2 442.4 458 477.7 493.3 506.3 522.8 541.7 554.1 567.8 584.3 598.9 610.8 621.4 631.3 638.3 644.7 650.1
385.3 383.7 382.9 381.3 379.2 379.8 380.6 381.4 381.5 383.9 389.8 398.1 411.6 435.7 445.2 455.7 455.4 445.6 434.7 433.5 432.6 431 429.8 428.3 431.1 433.2 437.9 444.9 452.5 460.1 466.3 472.8 480.3 486.5 491.7 497.3 501.9 505.1 508.3 509 504.6 496.8 489.9 472.5 460.1 450.7 426.7 412.9 387.2 367.6 358.7 348.3 345.3 337.7 322.7 349.3 364.4 377.9 392.2 409 420.3 431.5 445.9 461.1 480.1 496.4 510.4 527.5 542.9 554.5 571.2 583 596.4 607.3 617.6 625.2 633.2 642.6
386.3 382.4 382.8 382.9 380.6 378.1 380.5 382.9 384.4 386.3 390.5 397.6 411.7 425.9 442.2 456.3 455.4 447.9 439.5 435.4 433.6 430.7 428.4 430.5 432.6 434.8 437.9 446.5 453.9 461.5 468.3 474.3 481.3 487.4 493.6 499.2 503.9 508.1 511.4 511.9 511.8 508 500.4 490.5 482.5 468.9 456.4 445.1 423 408.5 381.8 370.4 360.2 350.1 344.6 336.4 355.2 367.7 382.8 403.1 410 420.5 433.2 446.2 463 480.1 495.9 514.2 529.8 538.4 552.5 566.5 578.7 590.7 602 610.1 620.6 632.2
383.7 379.3 382.4 383 379.1 376.5 379.1 388 387 386.9 389.6 398 409.9 420.5 441.1 451.8 452.7 448.1 441.6 434.8 435.5 433.2 428.4 430.5 433.1 436 440.2 445.2 453.4 461.2 468.9 475 481.6 488.6 494.6 499.2 504 508.6 511.3 513.9 515.2 514.1 511.2 505.4 494.3 478.8 470.9 457.6 447.6 430.4 419.3 417.2 401.6 372.5 359.6 342.3 350.7 361.4 374 392.8 406.1 414.2 425.9 439.6 451.2 465.3 480.9 499.7 516.6 525.9 537.1 550.9 561.6 571.8 583.3 594.9 605.3 617.8
378.5 375.5 378.5 379.1 377 375.5 378.2 383.9 385.5 387.3 389.8 398.6 406.3 418.1 432 442.9 447.6 446 441.7 438.2 435.7 432.2 430.4 432.7 434.2 436.6 439.9 445.5 452.4 459.2 468 474.6 481.3 488.6 495.7 501 504.5 508 511.2 513.5 515.9 517.3 516.8 512.3 504.5 496.4 482.4 472.2 457.9 451 441.8 429.3 422.3 400.2 380.1 362.5 343.7 353.2 365.2 379.1 392.8 407 416.3 431 441.8 452.7 464.7 487.4 503.5 514.2 523.6 534.1 544.2 553.5 564.1 575.8 588.1 598.7
376.7 373 373.2 374.1 374.2 373.3 375.6 380 384.3 388.1 388.8 395 401.8 415.1 427.8 437 443.4 444.8 442.2 439.6 434.5 431.8 430.8 431.7 435 437 440.6 446.3 450.1 458.2 465.7 473.5 480.7 488 495.4 501.1 505.4 509.1 512 514.7 517.3 519.2 518.5 516.3 512 504.8 495 481.5 470.9 459 451.7 448.9 435.2 417.5 401.2 385 371.2 354.4 352.1 368.8 380 392.4 411.6 422.4 433.7 442.1 452.9 471.8 490.2 499.4 506.8 517.3 525.3 535.3 545.5 555.5 567.1 578.4
373 372.5 370.6 372.2 372.1 372.1 374 377.2 380 382.2 387.8 395.9 401.8 411.1 422.9 434 441.9 444.9 443.2 439.5 436.3 433.5 433.2 437.7 437.2 438.6 442.1 447 452.7 457.8 464 472 479.7 487.5 493.9 499.9 504.6 508.5 511.9 515.2 519.1 520.3 520 518.7 516.8 512.9 505.6 498.3 489.4 476.1 468 459 443.1 434.3 421.2 402.5 389.8 372.4 365.7 356.3 371.3 387 399.4 413.1 424.8 435.8 446.6 460.6 475.7 485.3 493.3 501.5 511.1 518.6 528.1 537.4 547.1 555.8
371.7 369.9 368.6 370.2 369.7 371.9 373.7 375.8 378.7 381.9 386.7 391.1 402.1 410.3 420.5 432.6 438.8 440.4 441.6 442.4 439.8 432.6 432.3 434.9 436.2 436.4 439.1 444.1 450.4 456.2 462.9 470.3 477.3 485.1 492.1 497.9 503.5 507.5 511.3 515.2 519.3 520.8 521.5 521.6 519.9 518.2 515.4 510 500 488.3 472.2 462.3 450.6 444.9 437.2 419.9 405 396.3 385.2 381 378.2 364.7 387.8 401.2 411.2 426 435.4 449 463.9 472.2 479.4 493.3 502.5 508.6 516.2 524.9 535.1 541.3
369.7 369 366.2 367.7 369.5 371.7 373.4 376.5 380.6 382 384.7 390.6 402.2 408.8 417.3 428.4 434.8 437.1 437.6 437.4 435.7 432.5 432 432.8 434.1 437.9 442.2 443.4 447.5 453.3 461.9 468.8 475.5 482.9 490 495.9 501.4 506.1 510.5 513.7 517.7 521.1 522.3 523.9 523 522.7 520.8 515.9 509.5 501.4 489.6 477.7 459.6 448.2 441.5 429.6 419 409.3 398 391.6 392.6 391.9 382.4 379.2 406.2 416.5 428.8 437.3 454 459.9 468 480.7 493.7 502.1 507.8 513.8 523.7 533.7
367.3 364.2 363.8 369.7 370.9 370.7 372.4 375.6 378.8 382.2 385.8 394.7 401.2 408.2 413.8 422.7 428.2 432.3 434.7 435.6 435.9 433.7 438.2 438.4 440.5 443.5 444.3 444.9 449.5 455.5 461.1 465.6 473.1 480.4 487.4 494 499.2 504.8 509.7 513.7 516.9 519.9 523.6 526 526.2 525.1 524.9 524.2 518.4 512.7 510.6 494.1 482.1 460.6 447.6 439.1 432.8 419.2 408.1 401.7 399.8 400.9 399.5 398.4 403 409.9 419 427.8 440.7 451.2 459.2 471.8 486.8 493.9 500.3 505.6 513.4 524.7
363.7 364.3 367.5 369.4 370.2 370 372.1 375.3 376.9 380.4 386.9 393.7 397.9 403.9 408 416.1 422.7 427.2 429.9 433.5 432.4 431.1 435.7 437 439.1 439.2 441.7 446.3 449.7 453.4 458.7 464.3 470.4 477.7 484.7 491.7 497.3 502.9 508.3 512.7 517.2 520.5 524.1 527.4 528.8 529.4 530.2 529.8 527.9 524 520.8 509.7 494.4 473.6 462.1 456.9 451.4 433.4 422.6 416.6 410.6 406.6 404.8 404 404.2 406.9 413.4 422.8 431.3 440.5 450.7 465.2 478 483.4 494.7 498.8 507 514.3
362.9 364.5 365.8 366.9 367.7 369.6 372 373.5 375.6 382.8 387.5 390.9 394.5 399.2 404.5 410.8 416.4 420.9 425.4 428.1 429.6 436 438.1 435.5 436.3 438.7 441.1 444.3 449.3 456 459.3 463.2 468.4 475.5 482.7 489.2 495.3 500.7 505.3 511.4 517 521.7 525.4 528.2 531.6 533.5 533.6 532.4 533.8 532.6 527.4 518.8 505.4 498.3 490.9 478.7 462.2 448.3 439.5 434.1 426.1 417.6 412.4 413.6 407.7 409.7 410.5 415.5 423 432.1 440.2 451.5 461.7 475.1 485.9 494.3 497.1 506.6
364 364 364.2 365.1 366.4 371.4 370.9 372.4 376.1 382.8 388 390.2 393.2 398.5 403 407.8 411.6 416.8 421.8 426.8 430.9 434.2 434.5 432.6 436.1 438.7 440.6 445.4 451.2 454.9 456.7 463 467.8 473.8 480.7 487.1 493.5 498.9 504.2 510.2 516.6 521.8 526.3 530.7 534.4 536.3 534.7 535.4 538.4 538.7 534.6 531.8 529.2 518.9 511.7 496.5 478.5 471.2 464.9 458.8 451.3 438.1 425.3 421.8 416 416.9 415.9 416 415.1 423.7 431.2 438.5 446.2 459.6 474.3 483.7 491.4 498.3
361.3 361.7 362.2 362.9 365.5 368 369.8 373.3 377.3 380.1 385.5 390.3 392.7 395.5 399.3 403.1 408.2 412.7 419.6 424.4 426.1 427.8 430.9 433.1 435.1 444.4 445.5 449.8 452.1 453.9 458.8 462.6 466.9 473.4 480.1 486.1 492.1 497.9 503.5 510 515.9 521.5 526.7 530.5 532.7 534.8 537.3 541 543.5 544.3 545.2 542.6 542.8 539 527.5 515.7 500 502.9 496.9 505.8 506 471.4 446.1 435 430.8 428.9 428.8 432.5 429.1 428.9 426.3 431.3 438.3 449.4 461.5 472.2 482.9 493.8
356.5 358.6 359.3 359.7 361.9 366.3 370.2 373.7 377.5 382.1 385.4 388.9 393.9 397.1 399.2 401.6 405.2 412.6 417.8 417.7 420 424.1 427.7 435 441.4 446.2 450.3 451.9 454.6 457.4 460.8 463.9 468 472.9 478.2 484.8 489.6 496.3 502.8 508.6 514.8 521 526.6 531.7 534.8 538.3 542 545.2 549.3 550.3 553 551.4 550.2 550.6 546.2 532.7 526.6 520.1 514 523.2 526.5 513.3 490.2 473.5 464.7 451.8 442.1 443.8 445.3 444.2 440.5 435 434.5 441.6 451.7 464.8 477.7 486.4
353.7 355.2 356.3 356.8 361.7 365.3 368.6 372.4 376.8 379.5 382.7 387.5 391.4 396.3 400.4 401.2 404.5 411.5 413 412.6 414.7 418.1 428.3 433 439.4 445.2 448.7 450.4 453.8 458.8 462.2 465.3 469.2 473.6 478.3 482 487.8 494 500.7 507.3 515.1 520.7 527 532.5 537.1 541.3 542.2 546.1 553.1 554.5 558.4 560 561.3 566.8 562.9 552.9 546.4 543.3 543.6 547.6 539.7 535 531.4 518.3 504.2 483.3 464.9 463.6 457.6 452.9 459.1 455.3 444.9 436.6 444.9 455.1 468.4 476.3
350.7 350.5 353.8 354.3 357.7 360.4 365.1 371.1 374.9 377.8 381.6 386.4 388 391 395.1 400.5 402.9 407.4 408 410.4 417.8 427.5 433.9 437.1 439.6 443.4 448.5 451.3 455.3 459.5 462.8 465.7 470.1 473.6 478.9 483.1 487.4 493.9 499.7 506.3 514.1 520.7 527.4 533.8 539 543.3 546.1 548.4 555 560.7 563 566.2 570 575.8 581.4 579.4 575.6 571.4 571.5 569.9 560.6 552.4 550.4 540.5 527.9 511.2 499.2 494.4 491.7 483.6 478.9 476.7 467.3 455.2 453 444.9 454.9 464.9
344.6 345.7 350.1 352.9 355.6 361.5 368 372.9 375.4 377.7 381.1 384.8 386 389.4 394.4 398.8 403.7 407.7 407 408.6 417.6 427.2 434.2 438 439.5 440.3 446.4 450.5 454.7 457.6 462.9 467 470.6 474.5 478.9 483.2 488.2 495.1 499.4 505.1 513.1 520.3 527 534.1 539.3 544.1 549 552.9 557.2 561.4 568 572.2 574.3 581.6 588.6 595.7 600.3 601.8 601 596 593.6 592.3 585.1 579.1 578.6 562.7 531.3 517.2 510 506 503 496.3 488.1 474.4 463.2 457.8 454.7 454
342.4 347.1 351.3 354.2 357 362.8 368.3 373.5 376.1 378.4 379.6 380.6 383.4 387.3 391.4 398.2 402.4 403.7 402.7 409.9 418.1 425.9 432.7 437.7 445.1 447.5 449.9 454.1 456.5 461.1 463.9 468.5 471.5 475.3 479 483.2 488.5 491.9 495.4 504.2 512 520.4 527.7 533.9 540.2 544.8 550.6 552.2 558.9 563.9 566.8 575.9 580.7 586.1 594.2 605.2 614.3 618.2 618.3 621.3 617.3 619.5 626.5 630.7 627.3 608.1 588.3 562.5 535.4 523.3 516.2 510.8 501.4 490.2 479.3 469.5 465 461.9
