WholeMapElevations/data/sj/sj85_OST50GRID_20230518/SJ85.asc
ncols 200
nrows 200
xllcorner 380000
yllcorner 350000
cellsize 50
[rows 0 to 34 of 200, columns 79 to 157 of 200]
101 102 101.7 102.8 103.2 103 103.5 104.8 106.2 106.3 107 107.4 108.7 109.6 110.9 112.9 114.8 112.8 115.5 116.6 116.2 115.7 118.7 126 129.6 132.7 133.1 132.9 133.3 130 132.5 132.5 132.4 136.6 136.7 136.6 134.3 137 137 139.1 139.8 141.9 143.1 144.5 146 148.6 150.3 151.3 152.5 153.8 157.7 162.6 167.3 170.1 170.3 172.9 177.5 178.4 178.2 178 180.8 184.1 184.4 184 186.8 190.1 192.2 193.9 195.9 197.3 200.3 203.5 210.8 216.2 233.5 227.1 223.8 216.7 199.7
100.7 101 101.3 103.8 104.4 104.4 104.2 104.7 105.5 109.7 110 109 108.5 109.8 112.7 115.6 117.6 115 114.3 116.9 118.1 117.9 124.3 130.5 132.9 133.6 133.1 130.9 130.2 132.2 132.5 131.1 135.7 135.4 135.7 132.5 137.2 138.2 138.3 138.7 140.7 142 143.3 144.3 145.9 148.4 151.5 152.8 153.5 154.8 157.5 163.4 167.2 169.7 170.8 173.7 178.6 179.7 180.7 180.9 184.5 186.9 186.6 186.8 188.8 191 194.5 197.4 199.2 200.1 202.8 205.5 211.4 219.8 226.5 221.5 215.4 208.6 201.2
100.4 101.1 103.7 105.1 105.2 104.8 104.7 104.5 104.8 108.3 110.2 109.1 109.2 109.4 111.8 116.5 117.4 117.9 115.3 115.1 117.4 121.9 125.2 129.4 131.1 132.2 132.3 130.4 128.5 131.8 132 133.8 133.8 132.5 131.7 136.8 137.4 135.5 138.3 139.1 140 141.2 143.4 144.1 145.7 148 152.2 153.6 155.2 157.7 159 162.4 164.3 165.9 170.4 175.5 180.2 182.3 182.5 182.7 186 187.8 188.3 188.6 190.2 192.2 196 199.6 202.7 204 205.8 209.9 218.9 219.3 217.8 217.2 211.3 204.4 198.5
100.4 102.2 105.4 105 104.8 105.2 104.5 104.5 104.6 107.4 110.6 109.2 109.9 110.1 113.9 118.3 119.2 119.7 118.9 117.7 117.4 120.8 123.2 118.3 123.4 126.1 126 127.6 130.5 131.5 131.5 129.1 132.9 135.4 136.3 137.8 138.5 138.9 140.2 139.5 139.9 141.6 143.7 146 147.4 148.7 152.3 153.6 156.2 159.8 162.9 166 166.2 170 174.8 180.7 181.7 183 184.3 184.8 187 188.7 189.9 190.4 192.3 195.1 199 202.1 205.2 207.8 209.9 217.7 225.5 219.7 215.6 212.3 205 200.9 195.8
100.8 103.5 106.9 105.8 105.6 106.2 104.6 104.5 104.6 106.4 109.5 110.7 110.9 112.8 117.5 120.7 121.4 121 122.3 124.4 123.4 124.6 126.7 127 121.4 120 121 124.7 130.2 131.6 125.7 131.9 130.4 134.8 138.2 138.8 139.4 140.1 141.6 141.4 141.9 143.9 146.1 148.7 149.6 151.5 153.4 154.4 156.7 161.4 166.6 169 171.9 174.6 179.8 183 182.9 183.8 185.5 187 189.5 189.7 190.8 192.7 195 199.2 202.8 205.5 207.7 210.6 213.7 227.9 227.3 220.5 214.7 205 200.7 196.9 196
101.8 104.1 106.4 105.2 105.2 105.9 105 104.9 105.7 107.7 110.1 110.8 111.7 113.9 117.8 120.3 121.2 122.6 123.3 126.4 127.5 128.3 133.2 130.8 128 129.5 129.5 123.8 130 130.5 131.6 130.8 130.9 134 139.4 140.1 141.1 142.3 143.8 142.9 143.8 147 149.7 151.1 151.7 153 154.3 155.9 159.4 166.9 171.1 175.8 177.7 180.1 181.1 183.3 184.7 186.2 187.6 189.2 190.3 191.9 193.6 196.1 199.7 203.7 206.3 208.8 210 213.7 223.9 234.5 225.4 220.1 211.8 203.9 198.2 195.8 192.1
101.7 104 104.5 103.9 104.1 104.6 105 104.8 104.9 108 109.4 110 111.7 115.5 120.2 120.6 121.1 122.4 124.1 124.7 125.4 129 134.2 131.4 128.8 129.6 127.9 129.2 130.9 131.8 133 132.3 132.8 134.8 135.6 140.9 142.5 144.8 145.7 146.8 150.5 151.4 151.3 151.8 152.4 153.8 156.4 159.6 163.6 171 178.9 182.2 182.5 182.6 182.6 182.4 185.9 187.5 189.1 190 193.6 195.2 196.7 199.8 203.4 206.9 209.5 212.1 214.2 221.1 236.5 233.6 223.9 216.4 206.5 202.8 197.6 190.6 189.8
101.9 102.7 103.3 103.6 103.9 104.1 104.2 104.8 105.3 108.1 109.6 110.9 113.1 117.2 119.6 120 120.1 121.2 123.2 123.6 124.8 129.8 133.2 132.7 130.3 129.8 125.8 131.4 132.5 133.2 135.1 137 136.4 136.9 138 139.2 141.1 144.2 145.7 148.6 150.9 152.7 152 152.5 153.2 155.1 157.9 161.6 167.3 174.9 184 188.1 185 185.1 184.9 185.2 186.5 188.6 190.9 192.4 195.1 198.8 201.3 204 207.6 210.6 213.2 215.5 219.5 232.8 238.6 228.7 219.4 210.6 202.9 199.7 195.3 190.3 185.3
103.6 104.5 104.2 104 104.6 105.3 105 105.7 106.7 107.7 109.5 111.2 113.4 115.1 117.4 117.6 118 119.9 122.4 123.3 126.6 129.5 133.2 132.7 131.3 129.9 131.5 131.6 132.7 134.8 136 133.8 138.3 140.9 138.5 140.2 142.1 143.7 145.4 149.2 152.1 152.7 153 153.4 154.4 156.6 159.5 164.2 170.9 172.2 183.6 187.3 186.5 188.2 189 189.9 191.1 192.7 195 196.7 199.6 203.6 206.8 208.7 211.9 214.3 217.4 220.1 228.5 241.6 234.8 225.3 216 206.4 199.9 196.6 191.7 185.7 186.1
104.9 105.3 104.6 103.8 104.1 104.4 104.7 105.8 107 107 108.4 109.6 110.8 112.9 115.1 116.3 118.8 121.7 122.2 123.8 125.5 127.2 130.8 134.1 132.4 131.9 130.4 132.1 132.9 132.7 134.6 135.4 134.1 143 143.8 143.5 145.2 146.1 147.4 149.7 153.1 154.4 154.8 155.1 157.5 163.2 166.8 169.9 183.1 184.7 178.2 186.7 189.3 191.3 192.7 194.1 195.8 197 198.7 201.5 204.7 208.5 211.5 214.5 216.7 219.2 220.9 226.7 240.1 238.6 231.7 222.6 212.9 203.2 198.2 192.4 189.6 182.3 180.3
105.3 105.2 104.9 104.2 103.8 104.9 105 105.8 106.7 106.6 108.4 110.3 111.1 111.4 114.4 117.8 119.1 122 125.9 125.3 126.5 127.3 131.3 134.9 133.5 132 131.4 133.3 135 133.7 137.1 134.6 138.3 144.9 145.5 145 147 148.6 150.5 153.2 155.3 156.8 157.2 158.1 165.4 171.7 172.7 179.2 190.6 191.9 185.1 188.5 191.8 194.2 195.9 197.2 199.6 200.8 203.3 207 210.2 213.3 216.3 219.3 220.8 223.3 226.2 238.8 245.3 236.3 228.7 219.9 210.2 202.2 196.7 191.3 186.1 179.2 176.3
102.8 103 103.6 104.2 104.5 106.2 106.3 105.5 105.3 106.2 108.2 109.8 110.2 110.6 113.4 118.6 119.1 120.7 123.7 126.4 127.3 129.7 135 134.2 132 132.3 132.1 135.2 138 140.4 139.1 140.4 143.8 146.5 148.4 149.1 149.8 151.9 153.1 153.6 157.1 159.1 159.6 169.1 175.2 176.5 180.4 188.4 194.2 193.4 189.6 193.3 195.5 197.2 198.9 200.9 203.5 205.4 208.3 211.6 215.5 217.6 219.5 222.6 224.1 227.9 236.3 249.6 243.1 234.6 225.7 217 207.6 201.1 195.1 189.7 184.4 178.8 172.6
102.6 102.6 103.8 104.5 105.7 107 107.8 107.8 104.7 105.6 107.8 110.9 111 111.3 113.2 115.2 121.5 123.5 126.8 126.5 127.2 129.5 134.2 134.5 132.3 133.5 134.4 135.3 136.7 139.9 141.4 144 145.9 147.7 149.7 151.5 154.1 155.6 155.6 156.1 157.2 160.6 168.5 176.5 180.1 179.2 178.7 192.3 196.7 190.8 194.8 198.3 199.7 201.1 203 204.1 207.3 210.3 213.1 215.8 218.3 222.2 224.2 226.1 229.1 234.4 242.5 246.6 239.7 232.2 223.3 213.3 204.8 199 193.7 188.4 183.2 178.4 173.2
103.1 103.6 103.1 103.9 105 105.7 108.2 107.1 107.1 106.5 109.7 112.3 111.9 112 113.7 122.1 125.3 126.6 128.3 128.9 129.9 132 132.2 132 134.2 135.1 136.4 136.4 137.4 139.3 141.5 143.6 147 150.3 151.8 153.9 156.5 157.9 158.5 158.5 160.9 164.9 173.6 178.9 166.4 160.2 177.6 193.9 195 196.2 198.3 201 203.9 205.6 206.8 207.7 210.8 214.8 217.5 219.9 221.4 227.5 229.7 231.5 233.6 238.2 247.8 240.9 237.8 225.9 219.2 211.9 205.2 198.4 192.1 186.3 180.1 175.8 172.1
102.8 104.4 102.7 103.7 103.3 104.1 107.5 108.7 106.2 108.6 109.2 110.4 111.6 112.8 115.6 122 126 128.3 130 131.2 131.9 131.9 132 132.5 133 134 137.8 140.6 142.7 145.3 147.3 148.5 146.6 150.6 154.3 156.8 158.9 160 160.6 163.3 165.5 166.9 169.2 160.1 160.1 165.8 190.4 195.4 197.3 200.9 202.6 204.4 207.2 209.7 210.7 212.4 216.8 221.4 222.8 215.3 228.8 231.1 233.1 235.1 238.1 246.7 239.5 236.5 233 225.4 216.5 212.1 205 198.3 191.6 184.1 181.5 178.9 173.2
100.5 102.3 102.4 102.1 102.6 104.1 106.7 105.3 105.7 108.7 111.8 113.8 113.3 112.8 117.4 123.5 126.5 128.8 130.5 132.3 132 132 132 132.1 134.1 139.5 140.9 140.1 145.5 147.5 149.9 151.2 150.9 151.7 153.7 157.3 159.8 162.5 165.8 167.7 168.5 169.8 160.1 160.1 161.4 184.8 195.2 198.2 199.8 203 206.2 208.8 212.4 214.8 215.5 218.4 221.3 225.6 219.1 229.4 231.8 234.2 237.1 240.4 241.9 241.6 237.9 233.4 227.1 220.4 214.5 208.9 204.4 198.1 190.5 186.6 183.1 177.6 173.4
102.1 102.6 102.1 101.8 102.7 104.7 106.5 105.6 107.3 111.7 112 114.8 114.6 112.4 118.7 123.7 127.7 129.4 131.1 132.4 132.2 132 132.6 136.2 138.7 139.8 143.8 143.4 146 149.8 151.3 153 155.6 157.2 156.8 157.8 160.4 161.2 167.8 169.8 172.4 173.2 168.4 173.7 186.6 191.5 195.5 198.6 202.9 206.6 209.4 213.4 217.4 220.4 222.2 225.9 225.6 229.4 227.2 233.8 235.8 238.8 243.9 245 245.2 244.8 233 233.8 226.9 221.8 216.4 210 203 198.5 193.7 188.9 183.2 180.3 176.1
105 105.8 102.5 101.9 103.2 105.2 105.6 107.2 108.5 109.3 111.6 114.9 116.4 117.2 112.4 123.6 127.9 129.7 131.4 131.6 131.9 132.6 135.3 138 140.3 141.7 145 145 146.7 151.5 153.5 155.6 158.4 161.5 161.4 162.3 160.7 159 164.2 168.6 171.5 175 180.2 184.4 194.3 195.1 196.6 201.3 206.6 210.6 214.4 217.9 222 224 229 231.2 230.7 233.6 235.3 237.3 240.4 245.5 250.1 249.6 252.3 233 234.7 232.1 226.8 221.4 216.4 210.9 201.8 196 193.8 189.4 185.6 182.8 179.3
105.3 107.5 107.9 103.8 103.2 105.5 107.7 108.6 109.8 110.9 111.9 114.1 118 121.1 123.1 122.9 127.5 129 130.1 130.3 131.8 134.1 137.4 139.2 141.3 144 147.1 146.7 147.2 152.9 155.6 158.3 161.8 165.4 166.3 167.2 168.3 166.8 163.6 164.7 170.4 176.7 183.3 190.7 196.8 198.2 200.7 204.3 208.9 213.5 219 222.9 226.8 230.3 235.2 236.7 235.5 236.2 238.7 241.6 245.6 252.1 254.7 254.3 247.2 239.7 236.5 231.4 226.5 221 215.5 210.1 202.4 200.5 197.5 192.6 187.8 185 181.6
105.4 107.3 109 108.4 107.6 106.6 106.7 109.9 111.2 111.5 112 114.1 119.6 123.2 124.8 127.6 123.9 125.8 127.5 129 131.5 135.1 138.1 139.4 141.7 145.7 151 153.3 149.8 151.1 157.7 161.3 165.1 168.6 170.2 174.2 173.6 176 180.1 184.2 168.4 179.7 188.9 195.1 199.5 202.4 205.4 208.3 212.6 217.2 222.6 227.9 232 237.5 239.7 241.3 239.2 239.7 241.6 248.4 254.1 259.4 258.6 256.2 246.5 241.1 235.7 230.1 225.3 220.1 213.1 210.5 208 204.2 200.2 196.3 191.2 186.7 183.7
105.9 107 108.2 109 110.5 111.7 111.3 112.2 113.4 114.4 114.8 118.7 122.4 124.8 128.1 128.5 127.8 127.5 127.8 131.9 131.5 134.2 138 138.9 140.8 143.8 148.2 155.4 156.6 152.7 156.2 161.5 165.9 170.4 174.3 178.1 179.7 180.8 184 187.4 183.4 177 188.1 196.3 200.7 204.8 208.8 212.4 216.6 221 226.1 231 238.8 243 245.4 245.2 242.7 243.9 247.3 257 264 262.8 261.6 250.2 246.4 241.6 236.2 230.7 226.5 221.3 216.9 214 211.4 205.8 202 198.6 194.9 189.9 185.6
107.4 108.3 109.2 108.3 110.4 113.9 117.3 117.5 115.9 115.8 119.2 121.4 124 126.3 128.7 129.4 129.4 128.9 131.2 131.7 133.4 134.2 136 139.3 143.8 145.6 149 154.2 158.9 159.2 159 157.8 167.7 174.2 176.1 179.8 183.3 185.1 188.1 190.6 191.2 188.5 181.9 193.7 199.4 205.3 210.1 215 219.5 224.1 230.6 235.7 243.2 247.6 250.1 247 247.3 249.5 256.8 264.4 267.8 265 257.3 248.8 244.3 240.5 236 229.9 225.8 222.3 217.8 215.8 213 207.5 203 200.2 196.8 192.3 187.6
108.9 109.9 110.8 109.7 111.1 115 119.5 120.9 119.8 120.6 120.1 122.4 126.6 129.3 129.7 129.2 130 131 132.5 133.3 135.7 136.5 139.7 140.7 143 146.8 149.9 154.8 158.1 163.1 163.5 159.6 172.7 178.2 179.5 182.1 185.8 188.8 191.4 194.1 195.8 196.4 190.6 184.9 193.1 201.6 208.4 215.3 220 226.6 232.2 237.8 243.9 249 249.9 250.7 252 255.2 262.7 269.4 268.6 265.9 253.8 246.9 240 235.9 231.6 228.5 223.7 220.5 217.7 215 212.6 208.5 205 200.6 197.7 194 187
109.9 110.6 110.7 110.5 111.8 113.7 120.2 122.4 123.6 122.2 121.9 124.2 129.6 130.3 130.8 130.5 131.6 132.1 133.3 135 137.4 139.3 141 143.3 144.5 146.9 150.2 154 157.6 165 167.9 167.2 173.7 181.4 183.6 185.6 188.9 191.8 194.6 197.5 199.2 200.6 198 193.1 196.4 198.4 205.6 212.4 220.3 228.4 234 238.6 244.1 248.2 250.4 253.2 256.7 259.5 268.2 271.9 271 259.5 255.3 249.6 239.3 231.5 228.2 227.1 222.7 218.8 216.8 214.1 210.7 206.9 204.3 201.3 198.1 192.2 187.4
109.7 110.7 112 113 112.5 115.3 118.9 123.6 125.3 122 124.1 127.2 128.5 130 130.8 129.8 129.9 132.5 134.1 135.8 140.4 142.4 143.9 146 147.7 147.7 151.4 157.2 161 167.3 174 175.2 180.1 183.6 185.6 188.5 193.5 195.7 198.4 200.9 202.5 203.1 201 198.2 203.6 207.4 211.4 217.1 225.7 232.1 237.2 241 244.2 248.2 252.3 256 260.2 265.5 274.6 271.5 267.8 261.7 256.7 250.2 242.5 231.4 225.2 220.6 218.5 217.9 215.7 212 208.3 205.3 201.4 198.5 194.6 189.9 187.6
109.7 110.8 112.7 113.5 113.5 116.1 120.4 122 126.6 123.7 123.5 128.2 129.5 130.6 130 129.9 131.3 133.5 134.7 136.1 141.1 144.9 146.1 147.8 149.4 153.3 157 157 165.6 173.2 179.1 182.4 183.9 185.8 187.7 190.6 196.8 199.9 200.6 204.2 204.5 203.8 203.2 206.8 210.4 213.9 218.6 223.6 229.1 234.5 239.6 243.4 246.6 250.6 254.4 258.6 263.7 272.5 274.3 270.3 265.8 260.3 254.1 249.8 240.3 231.9 226.5 218.7 215.3 214.3 211.9 210.2 207.4 203.4 198 194.1 191.1 188.5 186.3
109.8 111 113.5 113.9 114.3 115.4 120.4 121.7 125.1 126.8 124.3 128.6 129.9 130.6 130.4 131.1 132.5 134.4 136.2 138.2 140.4 143.7 146.8 148.3 151.1 156 162 162.8 166.1 174.3 184.1 186.7 189.3 191 192.2 193.5 197.5 203.8 206 205.7 206 204.9 208.6 213.8 217.5 220.7 225 229.9 234.7 238.5 242.2 245.7 248.8 253.4 258.3 262.1 270.9 275.8 274 271 264.3 258.6 253.7 247.5 239.7 233 226.5 219.7 216.2 212.7 208.7 207 205.4 203.1 197.8 190.4 188.4 186.7 182.6
110 111.8 113.5 114.7 114.6 116.6 118.7 121.1 124.2 125 125.8 128.7 130.5 131 131.7 132 133.3 134.7 136.3 137.4 140.1 143.5 147.1 149.3 153.6 159.6 166.8 168.5 169.9 176.4 183.9 190.9 195 196.3 197.4 198.7 202.9 205.2 208.1 208.5 209.4 209.6 215.8 220.1 223.7 227.4 231.4 235.5 239.4 243.1 246.6 249.2 251.9 256.6 261.5 267.5 274.9 274.6 272.4 268.1 262.6 257.5 252.7 246.8 239.8 232.3 225.4 221.4 218.6 214.8 211 204.3 203.1 202.2 197.3 192.2 186.7 182.6 180.6
109.4 111.5 113.4 114.6 115.2 116.4 118.5 121 122.4 122.9 125.3 129.3 130.7 129.1 129.6 132.6 133.8 135.1 135.2 137.7 140.3 143 146.8 150.3 156 159.8 168.4 177 180.6 178.1 185.5 191.6 197.8 199.5 200.7 203.8 206 209 210.3 210.5 214.1 219.5 222.9 225.5 230.2 235.6 238.1 239.4 243 246.5 249.1 252.9 255.7 260 265.9 275.9 274 272.3 264 264.9 262.3 257.4 248.7 243.7 238.7 232.2 227.3 224.5 220.4 216.3 214 210.4 202.6 197.5 196.5 191 184 180.5 179.2
108.4 110.5 112.6 115.5 117.3 117.4 118.3 120.6 121.7 123.8 126.3 131.2 131.4 130.2 132.1 134.4 135.1 135.7 136.9 138.4 139.1 143 147.2 151.3 158.2 168.2 177.7 185.2 188.4 190 188.8 192.7 197.2 202.2 205.7 208.9 211.1 213.1 215.1 217.9 223.2 226.7 231.8 238.3 242.8 245.3 246.3 245.8 245.9 248.8 251.3 254.4 259.1 264.1 271.9 276.6 274.8 267.4 265.8 261.3 258.1 254.3 245.5 239.7 235.8 231.8 228.5 224.4 221.1 218.5 216 212.1 206.3 195 191.6 189.8 183.4 178.8 176.3
107.5 110.9 113.5 115.7 118.5 119.1 118.9 120.7 122.6 124.7 128.4 130.6 132 132 133.2 136.4 137.1 136.9 137.8 139.3 140.6 144.2 148.2 153 160.7 172.7 181.5 188.6 194.1 198.7 198.5 196.5 198 204.2 212.2 213.4 215.5 218.5 222 225.5 230 233.4 244.1 250.3 250.6 250.9 252.3 251.7 250.7 252.2 254.5 257.7 261.5 269.8 276.2 273.7 271.3 267 263.7 258.8 253.4 248 240.7 234.6 230.6 228.9 224.6 221 217.8 215.9 212.9 209.5 203.3 197.6 186.5 182.8 181.3 176.1 173.3
107.6 110.8 113.8 117.1 116.6 116.7 119.2 121.5 123.9 126.7 129.1 131.6 132.1 132.5 134.9 137.5 138.2 137.8 138.8 140.2 142.2 148 152 156.9 164.1 170.3 180.2 188.9 198 207 205 195.5 201 209.3 215.5 217.8 221.9 225.5 229 232 234 244.1 254.4 257.4 256.9 256.4 257.8 255.5 254.9 256.4 258.8 262.1 266.4 277.4 275 271.5 261 264.8 258.6 253.2 251 236.6 232.6 228.8 223.1 222.9 219.2 215.7 212.5 211.5 209.4 204.8 199.9 195.8 188.4 184.1 180.7 177.2 173.2
106.4 109.6 114.7 116.2 114.4 116.1 118.1 121.8 125.8 128.3 130.4 131.6 132.2 133.8 135.9 138.1 139 139.3 140.5 141.6 144 150 155.9 163.2 168.6 174.4 186.7 194.7 202 211.1 213.5 208.2 209.2 213.7 221.1 222.8 227.5 232.3 235.9 237.6 243.5 254.9 259.5 263.3 262.7 262.3 264.5 258.6 259.7 261.5 264.3 267.3 273.4 277.3 273.6 268.9 263.5 258.4 250.7 246.9 241.4 234.8 226.6 218.8 217.3 215.4 213.4 211.6 208.4 207 205.2 199.9 196.6 193.3 187.2 182.5 179.3 176.7 174.7
107.1 111.6 113.1 113.7 113.9 116.4 119.1 124.2 127.6 131.3 134.5 134.6 132.5 135.2 137.7 138.4 139.4 141.5 143.1 143.9 146.5 152.3 161.4 170.1 173.3 179.3 194.2 204.3 208.8 215.3 218.5 218.3 218.5 221.7 229.3 229.8 233.8 238.8 241.2 245.4 257.9 263.2 267.1 268.8 268.5 268.8 265.7 263.2 265 266.8 269.6 274 280.9 278.3 273.7 265.6 259 252.7 245.2 241.2 234.9 229.6 222 214.7 209.6 208.6 207.2 206.1 203.5 203 199.9 196.4 193.5 189.7 185.7 180.9 178.2 176.6 173.6
109.7 111.7 111.4 111.8 115.2 118.6 123.8 127.3 130.6 134.3 133.9 133 132.9 135.1 137.3 139.4 141.4 143.4 145.5 147 149.3 157.6 166 173.9 178.2 185.3 200.4 209.4 215.9 220.3 225 225.7 226.5 230.1 237.1 239.1 242.3 245.4 247 262 265.2 268.8 272.4 273.8 273.7 271 268 268.6 270.3 272.1 277.8 282.8 280.5 277 270.5 262.8 257 248.9 241.2 236.2 231.6 226.5 219.9 214.9 210.8 205.5 201.2 200.7 198.6 197.7 194.9 193.4 190.9 186.4 183.5 180.5 177.4 175.8 172.5
