WholeMapElevations/data/no/no25_OST50GRID_20230518/NO25.asc
ncols 200
nrows 200
xllcorner 320000
yllcorner 750000
cellsize 50
[rows 105 to 139 of 200, columns 0 to 77 of 200]
335.3 334.2 330.7 327.1 323.3 318.2 315.1 311.7 307.5 303.4 299.4 295.2 289.4 282.1 279.6 273.7 269.7 264.9 263.4 262 260.4 259.5 258.6 258.6 256.1 252.5 248.6 247.2 246 245.5 251.6 252.3 251 250.4 249.9 249.3 247.7 245.8 246.1 250 254.4 256.6 259.8 262.2 263.4 265.6 267.8 267.4 267.3 267.5 265.4 263 258.5 252 247 241.4 236.2 231.1 227.1 225.1 223.5 222.6 221.5 219.3 217.1 214.3 210 207.5 205 201.9 200.2 198.9 197.2 196 195.2 194.3 193.7 193
336.7 335.5 333 330.1 326.7 322.2 319.2 316.1 311.9 308.4 304.5 300.5 291.4 289.4 283.8 277.1 273.4 269.3 265.2 260.4 259.7 257.8 256 253.4 252.8 250.6 250.7 254.1 257.8 259 259.6 260.6 260.5 259 256.8 255.9 257.1 254.1 254.1 258.9 263.2 266.4 269.7 270.9 272.7 274.6 275.9 276.3 275.8 274.1 270.2 267.1 260.4 255 248.6 242.3 236.9 232.3 228.7 226.3 223.6 222.4 221.3 220.8 219 216.6 212.3 210.2 207.4 204.3 201 199.3 197.9 195.4 194.5 193.8 193.2 192.4
338 336.9 335.9 333.1 329.6 326.4 323.4 320.2 316.4 312.8 308.7 303.5 299 294.9 288.7 282.9 279 275 270.8 266.5 262.8 260.3 258.3 256.2 254.4 251.2 254.7 260.7 263.7 265.1 266 266.1 266.5 266.9 264 263.2 263.3 263.9 265.8 267.7 272.7 275.4 279.3 281.6 284.3 286.2 286.3 286.7 285.3 283.2 279.1 271.4 263.9 257.9 251.6 244.8 237.9 232.8 229.3 227.1 226.1 222.3 221 220.3 219.3 217.7 215.1 211.6 208.4 205.4 202.4 200.1 198.8 195.8 193.8 193.4 192.7 191.9
339.2 337.7 336.4 335.1 332 329.4 327.7 324.3 319.7 314.7 310.9 306.9 303.6 299.2 293.2 288.6 284.8 280.6 276.5 272.5 268 263.8 261 257.9 254.7 252.2 260.5 265.1 268.9 270.8 272.1 273.3 274.3 274.4 271.6 272.4 272.3 273.7 275.5 278.2 280.3 282.2 286 290.2 293.8 296.9 299.8 299.7 297.8 293.5 288 280.4 269.6 262.7 255.3 248.8 241.4 236 232.3 229.9 229 224.5 221.1 219.7 218.5 217.5 215.5 212.3 210.5 207.3 204.1 202.4 200 197.5 195.6 193.4 192.4 192
339.9 337.8 335.7 334.4 333.1 331.4 328.7 324.6 321.1 317.4 313.6 310.8 306.7 302 299.2 295.1 290.9 287 282.9 278.4 274.3 269.1 265.4 261 254.7 254.5 262.6 269.8 272.7 275.2 278.1 280 281.5 282.6 282.9 282.1 282 283 286.2 287.6 288.9 290.5 292.3 295.9 299.6 303.4 305.8 306.3 304.9 302 296 288.4 279.2 269.7 261.7 254.8 245.2 241.5 236.7 232.3 229.4 225.2 221.8 220 218.7 216.6 213.9 213.6 211.8 208.9 205.8 204.7 201.8 198.7 196.5 195.1 194.3 192.5
340.6 338.1 335.5 333.7 333.3 330.9 328.3 324.1 321.6 319.3 317.3 314.6 309.1 305 302.5 300 297.1 293.2 289.3 285.3 280.8 276.2 272.2 268.6 261.7 259.4 268 270.4 275 277.4 280.3 283.5 285.3 287.6 289.2 290.7 292.2 293.3 294.3 295.4 296.5 297.3 299.1 302.1 306.6 308.5 308.7 306.7 305.5 301.8 296.9 291.2 284 276.1 267.2 258.7 251 245.2 241 235.6 231 226.8 222.9 218.7 217.9 216.1 214.7 213.4 211.7 209.9 207.7 205.3 202.7 199.9 198.9 197.5 195.2 193.1
340.3 337.9 335.5 333.6 332.7 330.1 327.6 324.5 322 319.6 317.9 314.9 312.7 309.7 307.1 304.5 301.1 298.2 294.4 290.8 287.8 284.1 280.7 277.4 266.8 264.4 273.1 275.5 277.6 279.7 282.6 285.2 287 289.1 292.1 294.3 295.9 297.6 299.5 301.2 302.1 302.9 304.1 306.6 310.1 311 309.6 307.4 303.2 298.5 294.5 287.5 281.5 275.7 269.3 262.7 259.4 253.8 246.8 239.8 237.2 231.7 226.9 222.2 219.8 217.8 216.3 214.5 211.6 209.9 208.1 205.8 203.6 202.6 201.2 198.8 196.4 194.2
339.9 337.8 336 334.3 332.2 329.7 327.3 324.1 322.6 318.4 317.2 316.2 313.9 313.9 311.3 307.9 305.5 302.5 299.5 296.6 293.3 291 287.4 278.9 263.5 270.7 279.6 281.4 281.4 282.9 284.3 286.4 288.7 292 294.6 297 299.2 300.9 302.7 304.5 305.9 306.3 307.5 308.8 310.6 311.7 311 308.1 304.5 300.3 295.4 289.7 282 277.4 272 268.7 262.1 255.9 251.7 248.8 244.5 237.4 233.5 227.9 224.3 220.2 216.7 214.5 212 210.2 208.4 206.2 204 203.5 202.8 200.9 198.3 196.5
339.1 338.2 337 335.3 332.9 330.4 327.9 323.9 321.1 318.1 316.2 314.3 313.7 312.9 311.6 311.4 310.6 307.4 305.3 302.4 299.3 296.9 292.7 282.2 263 271.9 283.3 286.2 285 286.7 289 289.3 290.8 294.2 296.6 299.1 301.6 304.3 306.4 308.2 310.1 312.7 313.4 314.4 313.8 313.5 313.2 310.2 307 302.4 297.8 291.1 284.1 280.7 275.4 270.6 265.8 261.7 257.7 252.5 248.2 244.1 237.9 231.5 227.7 222.8 220.5 216.4 214.1 211.2 208.8 206.7 204.5 203.9 203.4 202.9 201.1 199.2
336.2 336.2 335.9 335.1 333.3 331.1 328.6 326.2 321.9 319.1 316.4 315 312.9 309.3 307.5 307.1 306.8 307.2 306.9 306 304.9 303.5 300.5 287.3 271.4 273.1 285.7 292.6 291.6 292.5 292.8 293.5 294.4 295.9 298.1 300.5 303 306.4 309.2 311.9 314.9 317.4 318.9 319 318.2 317.1 315.8 312.5 310.1 306.3 301.1 298 294.2 290.4 283.8 277.1 270.8 265.5 260.8 255.2 249.9 244.8 240.3 236 230.9 226.7 223 219.4 215.7 212.2 209.4 207.2 205 204.3 203.3 203.1 202.5 200.8
331.7 331.9 330.7 330.9 330.1 328.3 326.4 325.1 321.9 320.1 317.5 314.1 311.8 307.6 303.1 301.9 297.8 300.5 300 298.9 298.1 297.7 297.7 291.2 275.4 272.5 286.2 297.1 297.5 298.2 297.7 297.7 298.2 298.2 299.7 302 304.5 307.9 311.4 314.9 318.1 321.1 322.6 323.3 323.2 322.3 320.9 318.8 317 314.8 312.3 307.4 304.4 298.3 292.3 286.4 280.5 277.6 270.7 263 255.2 250.6 244.9 240.2 234.3 230.4 226.7 221.4 217.8 214.3 211 208.1 205.5 204 203.4 202.7 201.9 201.9
333 331.2 329.2 328 325.2 321.2 319.4 318.9 316 314 311.3 308.2 306.5 302 300.2 296.5 296.8 294.4 292.3 290.2 290.4 290.6 289.4 288.8 276.8 275.9 286.6 292.3 293.1 295.2 296.6 297.4 298 299.1 300.7 302.8 304.1 307.2 312.1 316.8 320.8 325.1 328.3 329.9 329.7 329.3 327.8 326.2 324 322.4 320 318.1 314.6 310.6 304.7 298.2 290.2 285.5 281.2 273.5 264.5 257.6 251.1 246.2 239.3 234.3 230.3 225.3 221.1 217.6 213.4 210.5 207.8 205.5 203.5 202 201.1 200.4
333.5 332.7 330.9 328.6 325.1 324 320.8 318.6 315 312.2 310.2 309.1 306.7 303.7 301.2 297.1 294.4 287.8 288.8 287.3 285.6 283.3 280.6 282.6 275.3 269.6 281.7 285.2 287.8 288.3 288.7 290.5 290.8 293 297.5 301.3 301.1 305.3 311.8 320.5 325.2 330.1 332.4 334.9 336.3 335.7 334.5 332.4 330.8 328.8 330.5 329.8 328.3 326.3 324 322 316.2 304.9 292.5 283.9 274.9 268.1 259.8 254.3 246.6 241.6 235.4 229.7 225.3 221.1 217.1 213.3 210.7 208.2 206.1 204.1 202.2 200.6
333.9 333 330.2 328.8 328 326.3 324.1 322.1 319.8 317.1 313.6 312.1 309.5 302.5 298.9 295.5 291.8 286.8 283.8 282.6 281.6 280 280.5 277.3 273.7 272.6 279.3 279.2 281.2 282.6 282 283.6 283.4 286 296.6 298.4 298.6 307.4 315.3 322.5 326.1 330.5 333.9 336.4 337.5 336.2 336 336.3 335.7 337.8 339.1 341.6 343.9 344 341.7 338.1 334.7 327.9 316.9 304.4 292.9 283.3 274.3 266.1 257.4 250.1 243.7 236.6 230.8 225.8 222.3 216.8 213.8 211 208.6 205.7 203.5 201.8
331.7 331.4 328.8 329.9 328.1 326.6 325 323.6 321.9 320.1 316.5 312.6 308.5 305.1 300.7 293.6 286.3 283.2 281.6 279.8 277.4 275.3 273.8 272.5 270.7 272.6 275.9 277.8 278.7 280.5 279.4 279.8 281.1 283.7 290.2 299.3 305.2 310.7 317.8 318.2 323.8 327.5 331.5 333.9 334.4 337 338.6 338.6 341.6 345.5 351.9 357 361.4 359.1 354.8 347.7 341.6 334.6 326.8 318.2 308.8 297.2 288.2 279.4 271.3 262 252.9 244 237.7 231.9 226.8 221.7 217.9 215.4 213 210.8 206.7 204.2
324.7 326 328 328.5 327.2 324.8 323.3 320.5 318.1 316.2 312.9 308.8 305.5 301.6 296.5 289.1 285.7 284.4 282.3 278.1 273.9 273.3 272.1 271.3 270.5 272.1 274.2 275.6 276.4 278 279.6 280.3 280.9 286.6 296.3 302.9 307.5 309.7 312.5 314.3 322.3 321.8 323.6 327.6 332.5 338.3 346.2 353.3 359.8 363.1 367 368.3 365.4 362.6 359.2 354.3 347.7 341.4 335.4 329.1 316.6 305.1 295.4 291.8 289.7 282 272.7 263.3 251.9 243.3 235.3 229.7 224.5 222.4 219.9 215.1 210.5 206.9
319.2 319.4 321.2 321 319.4 317.3 315.1 312.1 309.9 307.4 304.6 300.4 299.3 295.9 292.8 293.2 291.8 288 282.1 276.3 273.1 272.4 271.7 271 270.5 270.7 272 273.6 274.4 276.6 280.9 282 282.6 286.3 294.1 300.2 305.1 309.2 312 315.3 318.3 321.3 325.6 332.1 338.5 346.6 359 368.5 378.3 384.5 387.4 390.2 388 382.8 376.3 368.4 361 352.4 343.9 333 322.4 311.9 306.8 307.1 309.1 303.9 295.1 286.2 274.1 261.5 250.5 241.1 233.6 230.3 225.8 221.3 216.9 213.2
320.6 321.5 320.7 317.9 315.5 312.4 309.9 309 307.2 305.6 302.1 301.7 300.8 300.5 299.3 296.6 292.7 287.3 282.3 276.2 272.7 272.3 271.6 271.3 271.2 271.2 271.8 273 275.2 277.7 280.4 283.7 284.4 286.2 291.8 297.4 303.2 308 311.9 316.6 322.1 326.3 331.2 338.8 346.7 358.5 369.7 381 392.6 396.5 398.9 400.9 399.7 394.3 388.6 379.8 371.1 360.8 348.3 335.1 327.6 326 325.6 323.1 322.5 316.5 310.2 301.8 291.5 279.3 268.4 257.1 247.8 239.4 232.7 227.8 222.9 219.1
318.9 320.3 321.4 321.9 320.1 318 315.3 315.8 314.6 310.8 308.9 305.4 302.4 300.4 298.6 296 291.2 286 281.5 277 273.1 272.2 271.8 271.5 271.1 271.5 273.5 275.3 277.2 279.4 282.1 284.8 286.8 288.4 292.4 296.7 302.8 307.6 313.6 319 324.5 330.3 336.8 344.6 354.1 367.1 379.3 395.5 405.6 406.8 407.4 407.5 407.6 403.6 396.5 388.2 379.5 365.8 350.7 346 343.1 343.4 342.8 340 335.6 329.2 321.4 312.7 300.2 286.5 274.9 265 257.2 248.7 241.3 234.3 229 223.9
313.9 315.4 316.7 317.6 317.2 316.2 314.8 313.6 311.9 310.4 308.6 306.4 302.9 300.3 298 294.8 289.9 286.5 282.6 277.8 273.7 272.5 272 271.6 271.2 271 274.1 275.5 276.5 278.8 281.5 284.8 288.3 290.9 295.3 298.9 304.6 310.3 316.5 322.6 327.8 333.5 340 352.3 364.4 376.2 391.5 407.6 413.3 414.5 414.7 414.3 413.2 409.1 402 393.1 383.4 368.6 355.2 351.5 352.1 351 350.5 350.9 349 341.8 331.5 318.8 303.6 292.7 282.8 273.9 266.2 258.6 251.1 243.3 237.2 230.5
308.4 310.6 311.9 312.9 312.9 312.5 310.9 309.5 307.5 305.5 303.5 301.6 300.6 298.9 296 293.1 290.1 287.4 283.6 278.8 275.2 272.8 272.2 271.8 271.3 271.1 271.8 273.6 275.9 278.3 281.6 285 288.7 291 298.3 303.4 307.5 312.6 319 325.5 331.7 338.7 345.2 359.7 370.1 381.4 399.8 414.8 418.8 419.5 418.1 417.1 414.5 409.7 402.1 392.5 379.1 367.2 355.7 350.2 348.9 348.8 351.2 356.8 353.3 345.9 333.3 319.9 310.3 302.3 293.9 284.1 277.6 271.4 262.8 255.7 246.8 238.6
301.6 304.9 306.4 307.5 308.3 308.7 308.1 306.3 304.3 302.4 301.1 300 299 297.4 295.5 293.2 289.9 286.6 283.9 280.7 278.7 273.6 272.5 272.2 271.9 271.4 272.1 272.9 274.9 277.1 281.1 285.3 288.5 294 302.5 309 313.2 317.3 322.9 329.6 337.7 345.2 351.9 364.4 374.8 386.9 406 419.1 422.7 422.9 420.7 418 414.6 408.2 398.4 384.2 373.3 362.5 354.5 346.6 346.2 346.6 347.3 350.2 348 342.6 330.9 319.6 312.2 303.7 295 286.3 278.2 271.6 264.4 253.4 245.8 242.1
296.8 298.7 299.7 301.6 302.3 302.8 303.4 302.8 301.4 299.5 298.1 296.7 296.5 295.3 293.7 291.4 289.1 286.6 284.1 282.1 280.2 278.4 273.9 273.7 272.6 272 272.5 272.8 273.5 276.2 282.2 286.4 291.4 299.3 306.9 314.3 318.7 323 327.3 336.2 343.3 349.1 356.1 368.8 377.7 391.3 409.3 420.5 423.9 423.9 419.7 415.9 410.5 402 390.3 377.3 365.3 357 349.5 341.8 338 336.8 336.2 333.7 330.6 328.4 325.2 317.9 310.7 302.5 293.8 283.6 276 264.7 267.2 265.7 259.6 255.4
292.9 296.3 297.4 297 296.3 296.2 296.3 297.1 296.4 295.4 294.4 293.3 292.5 291.7 290.7 289.2 286.9 285.3 284 283.3 281.4 279.5 277.2 274.6 272.9 272.7 273 272.7 273.4 279.1 284.6 289.4 296.2 303.8 311.5 317.9 321.6 326.2 334.6 342 347.7 351.7 357.7 370.9 379.9 394 408.6 419 421.9 421.6 416.1 409 400.1 387.8 379.8 369.5 357.9 349.6 342 333.7 327.4 325.8 321.7 317.9 315.8 314.4 312.4 311 308.2 300.7 292.4 282.8 277.6 279.2 281.1 279.5 274.2 269.5
287.9 292.2 294.7 295.7 296.4 296.6 295.1 293.5 292.3 291.2 290.1 289.6 290.1 289.1 287.6 285.3 284.5 283.8 282.8 282.1 281.5 280.6 279 277.3 274.2 273.4 273.8 273.2 275.5 282.4 288.3 293.5 300.3 307.4 314.4 320.2 324.7 330.2 338.8 345.2 351 354.7 358.7 368.6 378.4 396.9 406.3 411.5 413.5 414 405.9 392.7 380.1 374.3 367.7 360.6 353.2 345.7 336.7 327.6 318.4 313.7 307.2 303.3 299.3 299 299.7 301.3 303.2 300.2 297 295.9 296.4 296.8 296 293.9 288.6 282.8
283.8 287.9 290.9 292.1 292.6 293.5 294.1 293.9 293.3 291.7 289.9 289.6 287.8 287 285.6 284.3 283.5 282.6 282.2 281.5 280.9 280.2 279.1 277.7 276.8 275.3 274.6 275.1 279.2 285.1 290.1 295.9 302.5 309.1 315.8 321 327.7 334 341.8 347.5 353 357.4 361.9 366.7 381.6 394 401.1 403.6 402.9 395.8 382.9 375.6 373.4 368.9 363.3 357.5 351.6 344.5 335.6 325.5 314.4 303.1 294 288.5 285.9 285.4 286.9 295.8 305.9 307.6 309.8 312.2 315.9 316.6 315.1 309.9 303.2 291.3
276 280.5 285.8 288 289.5 290.3 290.9 291.6 291.1 290.9 289.8 288.2 286 285.9 285.2 284.5 283.7 282.1 281.6 281.2 280.7 280.1 278.8 278.1 277.4 276.5 275.8 275.8 281.1 287.3 291.9 297 303 310.2 316.3 321.9 328.3 336.6 344.2 351.3 357 360.1 362.2 371.6 377.6 385.5 391.3 393.1 390.4 379.6 372.9 370.5 370.1 368 363 358.1 352.6 345.3 335.5 324.8 313.2 300.2 291.1 283.7 278.6 276 276.2 280.1 293.8 310.1 313.8 320 324.5 323.1 323.2 322.5 313.1 297.3
267.4 273.3 279.5 283.3 285.7 287.3 288.2 289.1 288.9 288.7 286.6 285.7 287 286.8 286 284.7 283.8 281.9 281.1 280.7 280.3 280 279.3 278.7 278 277.7 278.6 279.1 280.8 287.2 291 294.6 297.9 302.5 308.2 317.7 327.1 336 344.9 351.7 357.7 361.3 366.6 370.8 373.1 377.4 377.7 375.2 374.5 369.6 367.5 367.6 367.9 367 362.7 358.1 353.3 346.5 337.7 327.5 316.9 304.1 288 280.5 273.4 267.3 267.6 269.3 274.9 289.1 304.4 314.1 317.6 319.5 319.6 319.8 312.2 296.5
261.5 265 269.5 276.3 280.4 283.3 284.5 285.9 285.8 286.2 285 286.7 287 286.1 285.9 284.8 283.3 282.9 283 282.9 282.5 282.2 281.3 280.3 280 279.6 280.5 282.8 284.4 288.4 293.5 296.7 299.8 304.6 310.4 318.2 325.4 334.3 344.9 352.8 357.9 362.4 365.1 363.6 365.6 367.2 364.7 366.7 368.9 367.4 363.7 365.7 366.5 364.6 362.3 359.3 355.1 348.4 341.1 332.5 322.6 310.1 292.5 279.9 272.5 265.5 259.5 260.7 263.2 269.5 284.2 295.9 304.2 310 312.5 311.4 304.9 289.1
260.9 261.1 259.8 265.4 271.9 276.1 278.9 280.3 281.3 283.2 284.6 285.9 285.1 284 283.8 283.5 284.1 284.8 285.4 285.6 285.1 284.5 284 284.7 284.9 284.8 284.8 285.9 290.1 293 296.9 299.6 303 309.3 314.3 319.7 326.4 333.6 345.5 354.1 356 355.6 354.6 355.3 357.1 358.2 358.6 363 363.4 362.9 361.4 362.6 364.1 362.6 360.8 360.5 358.8 354.4 348 339.5 329.9 314.9 299 283.8 273.2 265.4 258.3 252.7 254.4 256.4 263.6 275.4 285.5 293.9 298.6 299.5 292.8 281.9
265.9 259.7 258.8 258.3 260.5 264 270.7 271.6 276.5 280.2 282 284 283.1 284.9 285.4 285.7 286 287.6 288.2 288.4 288.3 287.8 288.3 289 289.7 289.9 290.3 292.9 295.6 298.5 300.9 302.8 308.6 312.9 318 322.8 326.9 333.1 339.1 344 343.9 344.5 346.2 347.4 349.1 351 353.6 354.2 356.1 356.9 355.9 355.9 357.6 358.2 359.6 360.2 359.8 355.7 352.1 345.8 337.4 325.4 309.8 292.8 275.8 265.1 257.5 251.3 246.4 247.6 249.7 254.9 264.5 273.8 280.1 282.4 279.7 272.7
267.5 263.5 259 257.9 257.5 257.4 259.4 263.5 268.9 274 278.2 280.5 282.4 284.4 286.2 286.8 287.2 289.8 291 291.2 291.1 291.2 292.6 293.4 294.1 296.8 299.3 303.2 303.5 305 309.8 312.9 315.8 319.5 323.7 329.8 335.7 341.3 343 343.6 343.2 343.1 341.6 341.9 344.5 346.6 347.5 347.3 348.4 350.8 351 349.6 350.3 351.6 354.1 358.2 359.2 363 362.4 357 350.4 339.6 324.5 305.8 286.7 270.6 259.4 250.2 242.8 241.6 241.5 242.8 244.3 251 258.6 265.2 263.9 259.5
269.4 266 262.6 258 257.7 256.4 256.6 257.7 259.7 263.1 268.6 271.4 277.8 281.9 284.5 286.7 288.6 291.4 293.7 294 294.1 296.1 297 298.5 301.3 305.7 310.4 312.4 316.4 316.6 319.7 322.3 325.3 328.6 329.6 334.6 339.4 342.7 344.7 344.6 344.6 343.2 339.9 339 340.4 340.7 340.3 339.8 342.6 345.4 346.1 343.5 344.4 345.7 350.1 355.4 359.6 365.3 364.4 364.9 360 352.5 340.5 323.3 305.1 285.1 268.2 257.2 245.6 237.1 234.8 234.8 235.8 236.6 237.6 244.4 245.4 246.7
269.4 268 265.7 262.5 258.5 255.9 255.2 255.9 255.5 256.8 257.1 262.3 270.7 277 282.3 285.9 290 293.9 295.8 297 299 301.1 302.7 305.8 311.4 316.5 321.5 325.3 328.1 330.1 329.6 330.7 331.7 333.6 334.3 336.2 340 343.7 345.2 344.5 343.2 342 338.8 336.6 337.2 334.9 334 333.6 337.8 339.4 338.3 336.7 336.8 339 343.7 350.9 357.4 365.1 370.1 371.4 369.1 362.9 355.3 342.5 325.1 305.8 286.4 269.6 256 243.8 234 227.6 227.6 227.5 228.3 229.4 231.5 233.5
268.7 267 266.6 264.3 261.4 259.6 254.3 254.2 253.9 253.4 253.6 256.7 259.8 269.2 276.6 285.2 290.9 295.6 299.4 302.4 304.7 308.8 313.1 316.7 320.8 325.1 330.2 334.7 337.3 337.8 337.1 335.3 335 336.2 337 338.6 341 345.4 343.8 342.1 341.1 339.5 335.1 331.9 331.9 330.2 327.3 328.6 329.4 332.7 332.5 329.8 330.8 333.6 337.8 347.5 354 362.1 370.6 373.5 373.5 371 365.3 356 340.7 326.2 308.5 290.6 274.1 258.9 245.3 232.9 226.2 221.1 217.9 219 220.4 220.6
