WholeMapElevations/data/nb/nb41_OST50GRID_20230518/NB41.asc
ncols 200
nrows 200
xllcorner 140000
yllcorner 910000
cellsize 50
[rows 38 to 75 of 200, columns 0 to 83 of 200]
81.3 73.4 87.3 79.6 74.8 69.6 72.7 84.7 106.1 94.6 96.5 93.3 98.7 107.5 112.7 116.2 126.5 121.8 116.2 106.3 68.2 51 44 44 47.1 56.1 50 45 44.2 42.5 54.8 41.8 38.9 38.6 36.1 38.8 54.2 54.7 64.3 58.6 53.1 62.7 63.7 64.8 69.2 57.3 54.3 53.1 39.8 21 -2.1 -2.1 -2.1 -2.1 -2.1 -2.1 -2.1 -2.1 -2.1 -2.1 -2.1 -2.1 -2.1 -2.1 -2.1 -2.1 -2.1 -2.1 -2.1 -2.1 -2.1 -2.1 -2.1 -2.1 -2.1 -2.1 -2.1 -2.1 -2.1 -2.1 -2.1 -2.1 -2.1 -2.1
69.3 65.9 80.8 77.7 75.5 76.5 77.6 99.6 115.1 106.6 100.3 102.6 109.3 117.6 115.7 120.9 131.7 128 123.9 110.7 82.1 57.6 44 44 44 48.8 49.2 44 46.6 46.3 47.5 45.6 50.7 45.8 37 37 53 58.3 66 74.4 65.4 67.3 64 64 63.6 61.8 60.3 59.8 45.6 30.1 -2.1 -2.1 -2.1 -2.1 -2.1 -2.1 -2.1 -2.1 -2.1 -2.1 -2.1 -2.1 -2.1 -2.1 -2.1 -2.1 -2.1 -2.1 -2.1 -2.1 -2.1 -2.1 -2.1 -2.1 -2.1 -2.1 -2.1 -2.1 -2.1 -2.1 -2.1 -2.1 -2.1 -2.1
64.6 64.6 72.6 70.9 73.3 81.7 88.2 103.9 114.4 111.8 107.5 108.5 115.6 118.7 116.1 117.4 130 131.6 129.7 121.6 91.1 65 44 44 44 44 44 54.2 54.7 58.9 54.3 56.8 59.8 52.1 40.9 37.6 42.2 54.1 67.6 78.6 70.3 67.2 65 67.4 61.4 57.7 57.8 56.7 46.2 28.3 -2.1 -2.1 -2.1 -2.1 -2.1 -2.1 -2.1 -2.1 -2.1 -2.1 -2.1 -2.1 -2.1 -2.1 -2.1 -2.1 -2.1 -2.1 -2.1 -2.1 -2.1 -2.1 -2.1 -2.1 -2.1 -2.1 -2.1 -2.1 -2.1 -2.1 -2.1 -2.1 -2.1 -2.1
64.6 64.6 64.6 70.5 71.6 84.4 92 109.3 113.9 114.7 116.7 128.1 124.2 124.1 120.3 126.7 125.7 123.6 123.7 111.9 87.3 68.1 55.4 44 44 44 49 58.4 62.4 69.5 70.9 81.1 81.6 63.6 60.8 51.5 42.8 46.9 61.2 74.3 78 67 67.1 68.1 56.9 53.4 49.4 45.3 -2.1 -2.1 -2.1 -2.1 -2.1 -2.1 -2.1 -2.1 -2.1 -2.1 -2.1 -2.1 -2.1 -2.1 -2.1 -2.1 -2.1 -2.1 -2.1 -2.1 -2.1 -2.1 -2.1 -2.1 -2.1 -2.1 -2.1 -2.1 -2.1 -2.1 -2.1 -2.1 -2.1 -2.1 -2.1 -2.1
64.6 64.6 64.6 70.2 72.4 88.7 102.3 109.7 113 112.2 128.2 129.1 129 128.8 132.2 130.6 123.9 114.3 113 106.1 90.7 74 55 44 44 49.6 51.2 67.9 73.9 77.8 80.5 90.8 80.5 75.2 75 57.4 46.6 50.6 60.8 69.9 81.4 70.4 64.9 58.4 50.8 46.8 -2.1 -2.1 -2.1 -2.1 -2.1 -2.1 -2.1 -2.1 -2.1 -2.1 -2.1 -2.1 -2.1 -2.1 -2.1 -2.1 -2.1 -2.1 -2.1 -2.1 -2.1 -2.1 -2.1 -2.1 -2.1 -2.1 -2.1 -2.1 -2.1 -2.1 -2.1 -2.1 -2.1 -2.1 -2.1 -2.1 -2.1 -2.1
64.6 64.6 64.6 77.4 81.3 78.6 100.1 109.9 105.3 108.5 131.3 137 138.4 141.8 135.8 130.6 114.7 113.5 109 101.6 93.3 75.9 61.4 44 44 48.6 58.4 70.8 74.9 80 85.9 87.8 83.8 88.2 83.8 70.5 51 55.2 61.9 71 84.9 80.1 67.7 58.9 53 55.5 34.1 -2.1 -2.1 -2.1 -2.1 -2.1 -2.1 -2.1 -2.1 -2.1 -2.1 -2.1 -2.1 -2.1 -2.1 -2.1 -2.1 -2.1 -2.1 -2.1 -2.1 -2.1 -2.1 -2.1 -2.1 -2.1 -2.1 -2.1 -2.1 -2.1 -2.1 -2.1 -2.1 -2.1 -2.1 -2.1 -2.1 -2.1
69.2 72.4 70.1 79.2 83.5 79.6 88.4 101.1 99.9 119 131.9 132.1 138.3 141.8 132.9 126.9 113.2 112.5 111.9 103.8 93.7 84.2 77.8 68.9 44.1 52.6 67.9 72.4 73.6 83.4 93.4 81.6 81.6 95.6 95.6 80.9 63.1 62 66.8 72.6 85.3 84.7 72.1 61 50.1 34.6 18 -2.1 -2.1 -2.1 -2.1 -2.1 -2.1 -2.1 -2.1 -2.1 -2.1 -2.1 -2.1 -2.1 -2.1 -2.1 -2.1 -2.1 -2.1 -2.1 -2.1 -2.1 -2.1 -2.1 -2.1 -2.1 -2.1 -2.1 -2.1 -2.1 -2.1 -2.1 -2.1 -2.1 -2.1 -2.1 -2.1 -2.1
75.9 76.1 71.3 81.3 85.1 81.8 87.8 93.3 92.3 108.8 125.4 129.5 131.5 131.4 127.8 126.8 114.4 109.7 106 101.3 89.7 89.6 89.5 76.7 56.8 55.6 72.6 77.6 77.6 93.1 91.4 81.6 81.6 95.8 96.8 89.6 72 65.6 72.1 69.4 81.7 84.7 72.8 46.6 2.9 -2.1 -2.1 -2.1 -2.1 -2.1 -2.1 -2.1 -2.1 -2.1 -2.1 -2.1 -2.1 -2.1 -2.1 -2.1 -2.1 -2.1 -2.1 -2.1 -2.1 -2.1 -2.1 -2.1 -2.1 -2.1 -2.1 -2.1 -2.1 -2.1 -2.1 -2.1 -2.1 -2.1 -2.1 -2.1 -2.1 -2.1 -2.1 -2.1
64.1 69.7 70.2 80 85.6 82.6 86.9 89 93 116 130.6 136.5 124.4 131.3 126.2 116 111.1 107.4 101 103 88.4 92.2 94.6 85.1 64.2 55.1 69.5 73.2 84 102.9 92.7 87.7 86.4 92.2 98.2 95.1 82.7 67.4 67.6 68.4 80.1 78.7 54.8 26.3 -2.1 -2.1 -2.1 -2.1 -2.1 -2.1 -2.1 -2.1 -2.1 -2.1 -2.1 -2.1 -2.1 -2.1 -2.1 -2.1 -2.1 -2.1 -2.1 -2.1 -2.1 -2.1 -2.1 -2.1 -2.1 -2.1 -2.1 -2.1 -2.1 -2.1 -2.1 -2.1 -2.1 -2.1 -2.1 -2.1 -2.1 -2.1 -2.1 -2.1
61.8 68.2 68.5 62.6 74.9 76.9 83.7 92.5 98.7 119.1 136.7 134.1 115.7 119.1 119.9 122.4 112.6 103.9 92.4 89.4 87.8 93.4 91.3 90 59.3 55.7 63.6 71.1 82.3 89.8 84.2 88.2 90.5 95.9 102.2 92 85.7 61.2 63.5 62 68.2 74.8 50.4 -2.1 -2.1 -2.1 -2.1 -2.1 -2.1 -2.1 -2.1 -2.1 -2.1 -2.1 -2.1 -2.1 -2.1 -2.1 -2.1 -2.1 -2.1 -2.1 -2.1 -2.1 -2.1 -2.1 -2.1 -2.1 -2.1 -2.1 -2.1 -2.1 -2.1 -2.1 -2.1 -2.1 -2.1 -2.1 -2.1 -2.1 -2.1 -2.1 -2.1 -2.1
61.8 61.9 67.9 61.7 69 69.7 77.9 80.1 97.2 119.2 129.8 118.3 109.1 110.1 119.5 115.2 107.3 100.8 88 87.5 88.8 94.5 98.4 92.3 80.6 55.9 59 72.5 81.9 85.1 78.6 78.8 74.9 79.9 89.3 89.1 85.3 62 47.4 52.8 48.5 52.1 47.3 -2.1 -2.1 -2.1 -2.1 -2.1 -2.1 -2.1 -2.1 -2.1 -2.1 -2.1 -2.1 -2.1 -2.1 -2.1 -2.1 -2.1 -2.1 -2.1 -2.1 -2.1 -2.1 -2.1 -2.1 -2.1 -2.1 -2.1 -2.1 -2.1 -2.1 -2.1 -2.1 -2.1 -2.1 -2.1 -2.1 -2.1 -2.1 -2.1 -2.1 -2.1
61.8 64.5 61.7 61.7 65.1 70.5 77.5 79.3 92.8 108.7 106.8 112.3 102.7 105.6 122.9 114.5 104.8 93.4 88 87.3 90.6 98.7 95.1 93.2 84.5 53.3 60 68.8 83.1 88.1 79.2 77.1 70 72.1 78.5 79.2 73 49.2 24.7 22.2 22 -2.1 -2.1 -2.1 -2.1 -2.1 -2.1 -2.1 -2.1 -2.1 -2.1 -2.1 -2.1 -2.1 -2.1 -2.1 -2.1 -2.1 -2.1 -2.1 -2.1 -2.1 -2.1 -2.1 -2.1 -2.1 -2.1 -2.1 -2.1 -2.1 -2.1 -2.1 -2.1 -2.1 -2.1 -2.1 -2.1 -2.1 -2.1 -2.1 -2.1 -2.1 -2.1 -2.1
66.3 65.3 61.7 61.7 61.7 71.3 81.6 89.9 95.1 98.1 98.1 99.9 99.6 99.2 107 97.8 96.2 88.9 88.1 87.8 93 92.4 92.3 86.4 78.1 51 55.1 60.3 76.7 83.1 75.7 78 67.4 65.5 67.7 68.9 50.9 31.7 10.1 3.1 -2.1 -2.1 -2.1 -2.1 -2.1 -2.1 -2.1 -2.1 -2.1 -2.1 -2.1 -2.1 -2.1 -2.1 -2.1 -2.1 -2.1 -2.1 -2.1 -2.1 -2.1 -2.1 -2.1 -2.1 -2.1 -2.1 -2.1 -2.1 -2.1 -2.1 -2.1 -2.1 -2.1 -2.1 -2.1 -2.1 -2.1 -2.1 -2.1 -2.1 -2.1 -2.1 -2.1 -2.1
67 68.6 68 61.7 61.7 66.4 83.8 89 98.1 94.1 95.1 95 95 91.4 95.7 91.5 90.4 88.4 88.7 89.5 92.6 96.1 94.6 82.2 64.7 44.2 45.3 45.7 57.1 68.5 73.4 73 65.3 56 64.8 60.9 49.6 31.3 3.3 -2.1 -2.1 -2.1 -2.1 -2.1 -2.1 -2.1 -2.1 -2.1 -2.1 -2.1 -2.1 -2.1 -2.1 -2.1 -2.1 -2.1 -2.1 -2.1 -2.1 -2.1 -2.1 -2.1 -2.1 -2.1 -2.1 -2.1 -2.1 -2.1 -2.1 -2.1 -2.1 -2.1 -2.1 -2.1 -2.1 -2.1 -2.1 -2.1 -2.1 -2.1 -2.1 -2.1 -2.1 -2.1
72.1 69.9 64.3 61.7 61.7 61.7 77.5 91.5 88 87 88.4 91.3 90.6 85.7 88.4 89.2 88.6 91 87.1 88.9 88.2 86.8 82.5 73.4 59.4 40.3 42.9 38.9 36.8 56.5 58.4 57.5 50.7 46.8 49.4 51 45.9 23.2 4.4 -2.1 -2.1 -2.1 -2.1 -2.1 -2.1 -2.1 -2.1 -2.1 -2.1 -2.1 -2.1 -2.1 -2.1 -2.1 -2.1 -2.1 -2.1 -2.1 -2.1 -2.1 -2.1 -2.1 -2.1 -2.1 -2.1 -2.1 -2.1 -2.1 -2.1 -2.1 -2.1 -2.1 -2.1 -2.1 -2.1 -2.1 -2.1 -2.1 -2.1 -2.1 -2.1 -2.1 -2.1 -2.1
82.4 72.9 66.3 61.7 61.7 61.7 71.5 79.4 82.1 81.3 86.5 93.9 93 84.5 82.2 82 92.2 95.7 81.4 75.3 79.1 80.1 75.7 75.3 61.9 35.8 31.9 30.8 26.6 32.5 43.1 37.4 35.1 31.1 35.2 44.6 23.2 -2.1 -2.1 -2.1 -2.1 -2.1 -2.1 -2.1 -2.1 -2.1 -2.1 -2.1 -2.1 -2.1 -2.1 -2.1 -2.1 -2.1 -2.1 -2.1 -2.1 -2.1 -2.1 -2.1 -2.1 -2.1 -2.1 -2.1 -2.1 -2.1 -2.1 -2.1 -2.1 -2.1 -2.1 -2.1 -2.1 -2.1 -2.1 -2.1 -2.1 -2.1 -2.1 -2.1 -2.1 -2.1 -2.1 -2.1
85.9 72.1 63.1 66.7 61.7 61.7 67.4 70.2 70.5 75.3 86.8 87.1 83.7 81.6 78.8 81.6 85.1 78.9 67.7 64.8 70.7 77.9 75.6 79.2 71.1 36.3 23.8 26.3 19.1 17.6 18.7 20.6 20.3 22.5 23.4 23.2 -2.1 -2.1 -2.1 -2.1 -2.1 -2.1 -2.1 -2.1 -2.1 -2.1 -2.1 -2.1 -2.1 -2.1 -2.1 -2.1 -2.1 -2.1 -2.1 -2.1 -2.1 -2.1 -2.1 -2.1 -2.1 -2.1 -2.1 -2.1 -2.1 -2.1 -2.1 -2.1 -2.1 -2.1 -2.1 -2.1 -2.1 -2.1 -2.1 -2.1 -2.1 -2.1 -2.1 -2.1 -2.1 -2.1 -2.1 -2.1
81.9 67 69.4 67.4 66.7 61.7 61.7 63.9 63.3 68.6 81.5 84.2 79.1 78.5 74.7 76 73.4 62.3 56.9 58.6 63.7 66.9 63 66.9 47.5 28.5 18.1 26.5 18.5 8 2.5 3.9 6.2 13.3 13 -2.1 -2.1 -2.1 -2.1 -2.1 -2.1 -2.1 -2.1 -2.1 -2.1 -2.1 -2.1 -2.1 -2.1 -2.1 -2.1 -2.1 -2.1 -2.1 -2.1 -2.1 -2.1 -2.1 -2.1 -2.1 -2.1 -2.1 -2.1 -2.1 -2.1 -2.1 -2.1 -2.1 -2.1 -2.1 -2.1 -2.1 -2.1 -2.1 -2.1 -2.1 -2.1 -2.1 -2.1 -2.1 -2.1 -2.1 -2.1 -2.1
78.8 71.8 79.5 73.8 67.5 61.7 61.7 68 57.8 55.8 68.2 76 71.2 67.6 59.1 68.6 52.3 47.3 50.1 44.5 53.9 65.2 57.4 57.8 36.4 23 12.2 12.7 10 3.5 2 2 2 3.4 8.9 -2.1 -2.1 -2.1 -2.1 -2.1 -2.1 -2.1 -2.1 -2.1 -2.1 -2.1 -2.1 -2.1 -2.1 -2.1 -2.1 -2.1 -2.1 -2.1 -2.1 -2.1 -2.1 -2.1 -2.1 -2.1 -2.1 -2.1 -2.1 -2.1 -2.1 -2.1 -2.1 -2.1 -2.1 -2.1 -2.1 -2.1 -2.1 -2.1 -2.1 -2.1 -2.1 -2.1 -2.1 -2.1 -2.1 -2.1 -2.1 -2.1
77.4 84.3 82.1 75.5 66.7 65 77.6 79.8 61.1 55.1 66.4 63.7 58.1 49.6 46.6 49.5 34.4 33.1 41 47.5 47.1 47.2 46.2 50.5 33.4 18.9 11 11.1 8 2 2 2 2.4 4.1 6 -2.1 -2.1 -2.1 -2.1 -2.1 -2.1 -2.1 -2.1 -2.1 -2.1 -2.1 -2.1 -2.1 -2.1 -2.1 -2.1 -2.1 -2.1 -2.1 -2.1 -2.1 -2.1 -2.1 -2.1 -2.1 -2.1 -2.1 -2.1 -2.1 -2.1 -2.1 -2.1 -2.1 -2.1 -2.1 -2.1 -2.1 -2.1 -2.1 -2.1 -2.1 -2.1 -2.1 -2.1 -2.1 -2.1 -2.1 -2.1 -2.1
81.7 89.7 84 76.4 68.5 71 81.3 75.3 63.3 52.1 51.1 57.1 46.4 40.1 36.6 32.9 32.1 32.3 32 35.7 34.4 36.2 35.9 35.1 27.1 14.3 8.4 8.7 8.9 3.2 2 2.3 9.4 12.5 11.9 -2.1 -2.1 -2.1 -2.1 -2.1 -2.1 -2.1 -2.1 -2.1 -2.1 -2.1 -2.1 -2.1 -2.1 -2.1 -2.1 -2.1 -2.1 -2.1 -2.1 -2.1 -2.1 -2.1 -2.1 -2.1 -2.1 -2.1 -2.1 -2.1 -2.1 -2.1 -2.1 -2.1 -2.1 -2.1 -2.1 -2.1 -2.1 -2.1 -2.1 -2.1 -2.1 -2.1 -2.1 -2.1 -2.1 -2.1 -2.1 -2.1
83.2 85.8 89.4 78.5 73.4 75.4 74.6 73.4 61.7 54.5 49.2 53.1 51.9 45.9 30.6 26.8 29 26.3 26.6 27.3 26.1 23.3 32.1 31.1 27.2 19.4 8.4 11.6 12.4 14.5 6.6 3.1 6.4 15 13.3 -2.1 -2.1 -2.1 -2.1 -2.1 -2.1 -2.1 -2.1 -2.1 -2.1 -2.1 -2.1 -2.1 -2.1 -2.1 -2.1 -2.1 -2.1 -2.1 -2.1 -2.1 -2.1 -2.1 -2.1 -2.1 -2.1 -2.1 -2.1 -2.1 -2.1 -2.1 -2.1 -2.1 -2.1 -2.1 -2.1 -2.1 -2.1 -2.1 -2.1 -2.1 -2.1 -2.1 -2.1 -2.1 -2.1 -2.1 -2.1 -2.1
84.6 85.4 85.5 78.4 73.7 70.2 72.5 76.1 88.8 75.3 62.2 56.3 56 50.6 39.3 31.4 24.5 23.3 23.3 23.2 23.3 23.3 27.7 34.7 21 9.4 9.1 8.8 15.9 14.9 12.8 5.5 4.7 13.2 16.7 17.6 22.5 17.8 30.1 36.5 42.6 45.3 33.7 -2.1 -2.1 -2.1 -2.1 -2.1 -2.1 -2.1 -2.1 -2.1 -2.1 -2.1 -2.1 -2.1 -2.1 -2.1 -2.1 -2.1 -2.1 -2.1 -2.1 -2.1 -2.1 -2.1 -2.1 -2.1 -2.1 -2.1 -2.1 -2.1 -2.1 -2.1 -2.1 -2.1 -2.1 -2.1 -2.1 -2.1 -2.1 -2.1 -2.1 -2.1
94.2 85.9 81.1 84.7 71.9 71.3 82.9 83.1 83.1 66 61.5 67.8 64.6 59.4 37 24.9 23.3 24.9 23.3 23.3 23.3 23.3 29.3 30.4 37.2 10.4 9 10.4 23.6 26.3 27.8 17.9 13.2 13.8 27.8 41.2 45.9 45.6 46 45.4 61.4 63 57.6 -2.1 -2.1 -2.1 -2.1 -2.1 -2.1 -2.1 -2.1 -2.1 -2.1 -2.1 -2.1 -2.1 -2.1 -2.1 -2.1 -2.1 -2.1 -2.1 -2.1 -2.1 -2.1 -2.1 -2.1 -2.1 -2.1 -2.1 -2.1 -2.1 -2.1 -2.1 -2.1 -2.1 -2.1 -2.1 -2.1 -2.1 -2.1 -2.1 -2.1 -2.1
87.7 78.5 75.7 76.5 73.3 78 93.4 90.8 76.2 62.2 62.5 76.5 68.4 54.9 43.9 31.1 32.8 37.7 28.4 31.2 33.1 24.4 26.8 29 28.6 13.8 9.3 10.4 27.8 28.9 30.3 22.1 17.2 14.1 34.4 50.3 49.1 46.5 47.2 54.4 71.8 73.5 66.5 50 34.3 27.4 -2.1 -2.1 -2.1 -2.1 -2.1 -2.1 -2.1 -2.1 -2.1 -2.1 -2.1 -2.1 -2.1 -2.1 -2.1 -2.1 -2.1 -2.1 -2.1 -2.1 -2.1 -2.1 -2.1 -2.1 -2.1 -2.1 -2.1 -2.1 -2.1 -2.1 -2.1 -2.1 -2.1 -2.1 -2.1 -2.1 -2.1 -2.1
82.6 78.6 73.2 71.5 71.5 80.9 96.3 79.2 72.4 61 61 72.7 62.9 56 53.1 53.6 48.7 59.6 62.5 53.2 43.2 37.8 28.4 23.2 20.8 14.7 9.9 11.7 34.3 37.3 41.1 31 13 17.1 22.9 37 40.8 49.3 52.4 57.5 64.2 69.8 64.6 63.1 50.9 54 51.2 -2.1 -2.1 -2.1 -2.1 -2.1 -2.1 -2.1 -2.1 -2.1 -2.1 -2.1 -2.1 -2.1 -2.1 -2.1 -2.1 -2.1 -2.1 -2.1 -2.1 -2.1 -2.1 -2.1 -2.1 -2.1 -2.1 -2.1 -2.1 -2.1 -2.1 -2.1 -2.1 -2.1 -2.1 -2.1 -2.1 -2.1
80.4 73.2 71.5 71.5 73.7 82.1 83.1 73.6 70.4 61.7 65.1 66.9 68.4 59.2 66.9 70.6 71.8 79.2 65.8 57.2 50 43.3 48 38.7 34.9 16.5 11.7 22.2 39.4 40.4 36.5 26 14.1 16.4 26.7 25.8 40.1 52.3 57.1 63.4 63.4 64 65.5 60.2 57.5 61.5 68.7 56.6 39.4 -2.1 -2.1 -2.1 -2.1 -2.1 -2.1 -2.1 -2.1 -2.1 -2.1 -2.1 -2.1 -2.1 -2.1 -2.1 -2.1 -2.1 -2.1 -2.1 -2.1 -2.1 -2.1 -2.1 -2.1 -2.1 -2.1 -2.1 -2.1 -2.1 -2.1 -2.1 -2.1 -2.1 -2.1 -2.1
75.8 71.5 71.5 71.5 77.4 79.4 76.1 78.9 65.8 67.5 72.4 77.3 84.7 76.9 72.2 78.9 77.8 70.4 66.6 66 61.2 55.5 54.5 52 39.5 16.1 23.6 29.4 48.3 49.1 45.2 36.4 17.1 17.1 16.9 21.7 29.8 45.3 56.3 60.1 57 60.8 67.7 67.4 74.7 70.4 66.6 61.5 49.1 -2.1 -2.1 -2.1 -2.1 -2.1 -2.1 -2.1 -2.1 -2.1 -2.1 -2.1 -2.1 -2.1 -2.1 -2.1 -2.1 -2.1 -2.1 -2.1 -2.1 -2.1 -2.1 -2.1 -2.1 -2.1 -2.1 -2.1 -2.1 -2.1 -2.1 -2.1 -2.1 -2.1 -2.1 -2.1
82.7 76.1 87.4 87.1 80.8 83 82.3 72.5 65.8 73.4 73.4 76.8 77.1 73.5 74.1 71.3 71.2 71.3 75.9 75 65.8 62.8 56.6 44.6 33.7 30.4 38.1 43 47.1 57.8 56.7 42.5 25.3 28.2 17.2 17.7 21 45.9 46.9 55.6 57.9 62.9 69.5 71.9 79.3 77 64.8 52.4 47 -2.1 -2.1 -2.1 -2.1 -2.1 -2.1 -2.1 -2.1 -2.1 -2.1 -2.1 -2.1 -2.1 -2.1 -2.1 -2.1 -2.1 -2.1 -2.1 -2.1 -2.1 -2.1 -2.1 -2.1 -2.1 -2.1 -2.1 -2.1 -2.1 -2.1 -2.1 -2.1 -2.1 -2.1 -2.1
91.6 93.7 92.6 100.3 99.7 98.3 85.6 71.1 66.6 68.7 73 77.4 71.8 73.7 75.3 76 73.5 65.3 69.4 59.2 57.2 50.7 49 54.4 38.6 50.7 54.7 51.6 63.8 70.4 64.4 44.6 40.1 33.8 22.3 20.5 19.8 42.3 52.8 51 49.2 56 62.6 66.2 74 70.1 62.2 51.6 40.2 -2.1 -2.1 -2.1 -2.1 -2.1 -2.1 -2.1 -2.1 -2.1 -2.1 -2.1 -2.1 -2.1 -2.1 -2.1 -2.1 -2.1 -2.1 -2.1 -2.1 -2.1 -2.1 -2.1 -2.1 -2.1 -2.1 -2.1 -2.1 -2.1 -2.1 -2.1 -2.1 -2.1 -2.1 -2.1
108.7 100.4 110.5 118.8 117.8 108.1 86.1 71.8 67 71.2 77.7 80.2 76.5 71.8 72.1 76.9 77.4 65.5 59.4 58.1 61.6 63.1 66.2 54.2 45.1 62.1 74.1 60.7 69.7 70.7 69.8 66 43.1 33.7 28.3 24 29.7 43.1 55.7 44.9 45.1 47.3 60.4 64.7 71.3 66.4 59.3 41.2 -2.1 -2.1 -2.1 -2.1 -2.1 -2.1 -2.1 -2.1 -2.1 -2.1 -2.1 -2.1 -2.1 -2.1 -2.1 -2.1 -2.1 -2.1 -2.1 -2.1 -2.1 -2.1 -2.1 -2.1 -2.1 -2.1 -2.1 -2.1 -2.1 -2.1 -2.1 -2.1 -2.1 -2.1 -2.1 -2.1
114.9 106 113.8 117 117.2 101.9 83.9 75.3 68.1 77.5 83.5 88.9 87.7 71.7 73.9 69.1 67.9 70.2 82.3 86.3 80.4 69.4 69.3 53.5 65.1 63.2 71.5 69.2 80.6 78 75.3 65.7 59.6 46.2 43.9 29.6 32.1 40 48.8 43.9 44.2 38.6 46.3 58.3 67.5 65.6 61.8 38.9 -2.1 -2.1 -2.1 -2.1 -2.1 -2.1 -2.1 -2.1 -2.1 -2.1 -2.1 -2.1 -2.1 -2.1 -2.1 -2.1 -2.1 -2.1 -2.1 -2.1 -2.1 -2.1 -2.1 -2.1 -2.1 -2.1 -2.1 -2.1 -2.1 -2.1 -2.1 -2.1 -2.1 -2.1 -2.1 -2.1
109.3 124.8 122.5 116.7 117.4 107.4 88.1 75.2 71.8 90.4 81.7 76 67.8 67.4 67.4 73.8 81.9 81.9 93.6 98.3 86.3 71.8 66.1 60.7 69.7 74.3 73.6 69.9 89.4 97.3 85 73.6 66.1 45.9 45.3 46 33.3 40.3 39.4 40.2 38.6 38.6 42.9 62.3 68.1 61.8 57.6 40.5 -2.1 -2.1 -2.1 -2.1 -2.1 -2.1 -2.1 -2.1 -2.1 -2.1 -2.1 -2.1 -2.1 -2.1 -2.1 -2.1 -2.1 -2.1 -2.1 -2.1 -2.1 -2.1 -2.1 -2.1 -2.1 -2.1 -2.1 -2.1 -2.1 -2.1 -2.1 -2.1 -2.1 -2.1 -2.1 -2.1
105.4 111.2 113.3 116.9 118.8 108.8 87.9 71.1 70.6 75.8 76.8 77 70.6 68 74.6 74.7 84.7 96.9 113.9 109 92.3 79.6 61.6 66.7 65.7 69.8 72.7 70.6 97 99 89.4 77.3 72 47.9 44.5 54.5 41.6 49.4 39.2 41 45.4 38.6 48.1 64.3 66.5 66.8 66.2 -2.1 -2.1 -2.1 -2.1 -2.1 -2.1 -2.1 -2.1 -2.1 -2.1 -2.1 -2.1 -2.1 -2.1 -2.1 -2.1 -2.1 -2.1 -2.1 -2.1 -2.1 -2.1 -2.1 -2.1 -2.1 -2.1 -2.1 -2.1 -2.1 -2.1 -2.1 -2.1 -2.1 -2.1 -2.1 -2.1 -2.1
100.8 102.6 109 115.1 108.1 96 88.4 72.4 71.1 82.8 87.3 80.5 86.4 80.2 77.3 79.2 84.7 100.1 110.7 106.6 88.4 81.4 67.4 71.9 67.8 67.1 67 74.2 96.2 106.6 96.5 83.6 68.5 57 43 50.7 42 48.9 43.1 40.3 48.2 38.6 46.3 66.4 77.8 77.2 70 -2.1 -2.1 -2.1 -2.1 -2.1 -2.1 -2.1 -2.1 -2.1 -2.1 -2.1 -2.1 -2.1 -2.1 -2.1 -2.1 -2.1 -2.1 -2.1 -2.1 -2.1 -2.1 -2.1 -2.1 -2.1 -2.1 -2.1 -2.1 -2.1 -2.1 -2.1 -2.1 -2.1 -2.1 -2.1 -2.1 -2.1
100.9 106.4 109.7 109.7 104.8 105.9 97.9 80.1 71.4 77.6 88.6 87.5 99.5 96.4 88.7 81.1 81.5 97.5 111.2 109.5 87 75.8 74.5 77.4 68.8 68.6 67.7 79.6 99 102.9 98.1 85.7 71.3 67.7 43.8 49.3 42.4 45.3 46.2 39.3 38 39.9 52.4 70.8 83.9 74.3 62.1 43.4 19.9 -2.1 -2.1 -2.1 -2.1 -2.1 -2.1 -2.1 -2.1 -2.1 -2.1 -2.1 -2.1 -2.1 -2.1 -2.1 -2.1 -2.1 -2.1 -2.1 -2.1 -2.1 -2.1 -2.1 -2.1 -2.1 -2.1 -2.1 -2.1 -2.1 -2.1 -2.1 -2.1 -2.1 -2.1 -2.1
106.9 114.2 119.1 125 120.1 112.2 95.3 77.6 71.7 75.3 82.7 84.9 86.4 97 94.2 82.1 81.3 83.4 93.1 93 82.5 82.9 90.4 94.7 85.7 71.4 68.9 86 100.5 104.2 95.2 92.7 78.3 72.5 51.7 50.6 50.3 54.9 56.5 45.1 38.8 41 47.5 67.4 80.3 70 61.3 48.6 31.7 -2.1 -2.1 -2.1 -2.1 -2.1 -2.1 -2.1 -2.1 -2.1 -2.1 -2.1 -2.1 -2.1 -2.1 -2.1 -2.1 -2.1 -2.1 -2.1 -2.1 -2.1 -2.1 -2.1 -2.1 -2.1 -2.1 -2.1 -2.1 -2.1 -2.1 -2.1 -2.1 -2.1 -2.1 -2.1
114.3 133.1 125 134.8 123.2 108.4 85 92.6 72.5 73.6 77.5 90 81.2 77.9 80.1 75.5 80.8 80.6 84 84.2 75.6 81.9 89 94.6 92.6 79.6 72.8 91.7 99.3 101.7 101.5 94 79.4 61.8 55.6 53.6 55 58.2 68.2 52.2 38.3 41.9 42.8 59.1 69.6 68.7 62.6 38.6 23.1 -2.1 -2.1 -2.1 -2.1 -2.1 -2.1 -2.1 -2.1 -2.1 -2.1 -2.1 -2.1 -2.1 -2.1 -2.1 -2.1 -2.1 -2.1 -2.1 -2.1 -2.1 -2.1 -2.1 -2.1 -2.1 -2.1 -2.1 -2.1 -2.1 -2.1 -2.1 -2.1 -2.1 -2.1 -2.1
