UK/data/hu/hu56_OST50GRID_20230518/HU56.asc
ncols 200
nrows 200
xllcorner 450000
yllcorner 1160000
cellsize 50
[rows 76 to 113 of 200, columns 86 to 171 of 200]
-0.8 -0.8 -0.8 -0.8 -0.8 -0.8 -0.8 -0.8 -0.8 -0.8 -0.8 -0.8 -0.8 -0.8 -0.8 -0.8 -0.8 -0.8 -0.8 -0.8 -0.8 -0.8 -0.8 -0.8 -0.8 -0.8 -0.8 -0.8 -0.8 -0.8 -0.8 -0.8 -0.8 -0.8 -0.8 -0.8 -0.8 -0.8 -0.8 -0.8 -0.8 -0.8 -0.8 -0.8 -0.8 -0.8 -0.8 -0.8 -0.8 -0.8 -0.8 -0.8 -0.8 1.6 2.4 4.4 7 11.3 13.2 13.9 15.6 14.7 14.2 15 16.9 15.7 15.8 17.4 19.2 18.5 18 18 18 17.9 17.6 21 22.5 22 20.8 23.1 21.7 21.5 21.7 19.6 19.7 16.2
-0.8 -0.8 -0.8 -0.8 -0.8 -0.8 -0.8 -0.8 -0.8 -0.8 -0.8 -0.8 -0.8 -0.8 -0.8 -0.8 -0.8 -0.8 -0.8 -0.8 -0.8 -0.8 -0.8 -0.8 -0.8 -0.8 -0.8 -0.8 -0.8 -0.8 -0.8 -0.8 -0.8 -0.8 -0.8 -0.8 -0.8 -0.8 -0.8 -0.8 -0.8 -0.8 -0.8 -0.8 -0.8 -0.8 -0.8 -0.8 -0.8 -0.8 -0.8 -0.8 4.3 4.4 3.1 3.4 5 7.7 10.3 12 14.7 16.1 17.6 18.1 17.1 15 17.5 18.2 20.7 18.9 18 18 18 18 18 18.6 19.7 19.4 20.5 22.3 22 21.1 22.3 24.2 21.2 18.6
-0.8 -0.8 -0.8 -0.8 -0.8 -0.8 -0.8 -0.8 -0.8 -0.8 -0.8 -0.8 -0.8 -0.8 -0.8 -0.8 -0.8 -0.8 -0.8 -0.8 -0.8 -0.8 -0.8 -0.8 -0.8 -0.8 -0.8 -0.8 -0.8 -0.8 -0.8 -0.8 -0.8 -0.8 -0.8 -0.8 -0.8 -0.8 -0.8 -0.8 -0.8 -0.8 -0.8 -0.8 -0.8 -0.8 -0.8 -0.8 -0.8 -0.8 -0.8 6 7.7 6.5 4 5 6 6.9 8.5 11.8 14.8 19.6 20.5 20 17 16.3 16.2 17.5 20 20 20 20.3 18.9 18 18 17.6 18 18 17.8 19.4 21.9 24.6 25 27.1 23.7 23
-0.8 -0.8 -0.8 -0.8 -0.8 -0.8 -0.8 -0.8 -0.8 -0.8 -0.8 -0.8 -0.8 -0.8 -0.8 -0.8 -0.8 -0.8 -0.8 -0.8 -0.8 -0.8 -0.8 -0.8 -0.8 -0.8 -0.8 -0.8 -0.8 -0.8 -0.8 -0.8 -0.8 -0.8 -0.8 -0.8 -0.8 -0.8 -0.8 -0.8 -0.8 -0.8 -0.8 -0.8 -0.8 -0.8 -0.8 -0.8 -0.8 -0.8 -0.8 8.3 10.5 7.1 5.7 6.6 7.5 7.3 9.4 11 15.9 21.3 21.7 22.1 19.1 18.5 18.8 17.5 18.5 19.2 21.7 20.1 18.8 18.2 18 18 18 18 20.8 23.1 26.1 27.1 29.1 28.6 26.2 26.1
-0.8 -0.8 -0.8 -0.8 -0.8 -0.8 -0.8 -0.8 -0.8 -0.8 -0.8 -0.8 -0.8 -0.8 -0.8 -0.8 -0.8 -0.8 -0.8 -0.8 -0.8 -0.8 -0.8 -0.8 -0.8 -0.8 -0.8 -0.8 -0.8 -0.8 -0.8 -0.8 -0.8 -0.8 -0.8 -0.8 -0.8 -0.8 -0.8 -0.8 -0.8 -0.8 -0.8 -0.8 -0.8 -0.8 -0.8 -0.8 -0.8 -0.8 -0.8 2.9 6.6 6.3 6.7 6.6 6.9 9.3 10.5 11.9 15.9 21.1 22.1 22 21.9 19.2 19.1 21.2 19.3 21.6 24.1 21.9 20.5 19.6 19.4 18 20.3 23.8 26.4 29.1 29.4 28.8 30.3 29 28.5 34
-0.8 -0.8 -0.8 -0.8 -0.8 -0.8 -0.8 -0.8 -0.8 -0.8 -0.8 -0.8 -0.8 -0.8 -0.8 -0.8 -0.8 -0.8 -0.8 -0.8 -0.8 -0.8 -0.8 -0.8 -0.8 -0.8 -0.8 -0.8 -0.8 -0.8 -0.8 -0.8 -0.8 -0.8 -0.8 -0.8 -0.8 -0.8 -0.8 -0.8 -0.8 -0.8 -0.8 -0.8 -0.8 -0.8 -0.8 -0.8 -0.8 -0.8 -0.8 -0.8 6 7.5 7.4 6.4 7.9 9.4 11.1 12.5 15.6 18.9 20.2 21.1 21.3 19.4 19.8 21.4 20.7 23.7 23 22.5 22 22.4 21 22.3 26.9 30 31.1 31.3 31.1 32.4 31.4 29.7 29.5 37.6
-0.8 -0.8 -0.8 -0.8 -0.8 -0.8 -0.8 -0.8 -0.8 -0.8 -0.8 -0.8 -0.8 -0.8 -0.8 -0.8 -0.8 -0.8 -0.8 -0.8 -0.8 -0.8 -0.8 -0.8 -0.8 -0.8 -0.8 -0.8 -0.8 -0.8 -0.8 -0.8 -0.8 -0.8 -0.8 -0.8 -0.8 -0.8 -0.8 -0.8 -0.8 -0.8 -0.8 -0.8 -0.8 -0.8 -0.8 -0.8 -0.8 -0.8 -0.8 -0.8 7.9 7.8 8.2 7.7 8.3 8.1 9.9 10.1 15.8 17.7 18.2 19.9 19 19.1 20 24.3 22.6 23.6 22.9 23.1 24 23 22.2 26.1 31.2 34.3 35.8 33.5 34.9 36.2 33.7 32.7 31.5 35.6
-0.8 -0.8 -0.8 -0.8 -0.8 -0.8 -0.8 -0.8 -0.8 -0.8 -0.8 -0.8 -0.8 -0.8 -0.8 -0.8 -0.8 -0.8 -0.8 -0.8 -0.8 -0.8 -0.8 -0.8 -0.8 -0.8 -0.8 -0.8 -0.8 -0.8 -0.8 -0.8 -0.8 -0.8 -0.8 -0.8 -0.8 -0.8 -0.8 -0.8 -0.8 -0.8 -0.8 -0.8 -0.8 -0.8 -0.8 -0.8 -0.8 -0.8 3.9 6.6 10.2 8.6 8.2 8.2 8.2 7.3 8.2 8.8 12.9 15.2 16.1 18 20 18 19.5 21.2 23.1 24.4 24.3 24.6 26 24.4 25.8 31.2 36.9 37.2 35.8 36.8 39.7 38.5 36.9 36 33.4 36.8
-0.8 -0.8 -0.8 -0.8 -0.8 -0.8 -0.8 -0.8 -0.8 -0.8 -0.8 -0.8 -0.8 -0.8 -0.8 -0.8 -0.8 -0.8 -0.8 -0.8 -0.8 -0.8 -0.8 -0.8 -0.8 -0.8 -0.8 -0.8 -0.8 -0.8 -0.8 -0.8 -0.8 -0.8 -0.8 -0.8 -0.8 -0.8 -0.8 -0.8 -0.8 -0.8 -0.8 -0.8 -0.8 -0.8 -0.8 -0.8 -0.8 4.9 6.2 6.4 7.6 7.3 8.2 8.2 8.2 8.2 8.2 8.2 8.9 13 15 16.8 17.9 17.7 19 20.5 23.1 24.7 25 24.9 25.6 27.1 29.5 35.5 37.6 37.7 36.3 39.8 40.5 41.2 39.4 36.8 39.8 43
-0.8 -0.8 -0.8 -0.8 -0.8 -0.8 -0.8 -0.8 -0.8 -0.8 -0.8 -0.8 -0.8 -0.8 -0.8 -0.8 -0.8 -0.8 -0.8 -0.8 -0.8 -0.8 -0.8 -0.8 -0.8 -0.8 -0.8 -0.8 -0.8 -0.8 -0.8 -0.8 -0.8 -0.8 -0.8 -0.8 -0.8 -0.8 -0.8 -0.8 -0.8 -0.8 -0.8 -0.8 -0.8 -0.8 -0.8 -0.8 -0.8 6.2 7.2 8.2 8.2 8.2 8.2 8.2 8.2 8.2 8.2 8.4 9.6 12.8 15.4 15.5 16.2 18.6 20.5 21.4 22.2 26.3 26.2 26.2 26.8 31.7 32.3 36.1 37.3 39.3 40.9 42.7 43 43.4 41.7 41 45.3 49.4
-0.8 -0.8 -0.8 -0.8 -0.8 -0.8 -0.8 -0.8 -0.8 -0.8 -0.8 -0.8 -0.8 -0.8 -0.8 -0.8 -0.8 -0.8 -0.8 -0.8 -0.8 -0.8 -0.8 -0.8 0 0.4 -0.6 -0.8 -0.8 -0.8 -0.8 -0.8 -0.8 -0.8 -0.8 -0.8 -0.8 -0.8 -0.8 -0.8 -0.8 -0.8 -0.8 -0.8 -0.8 -0.8 -0.8 -0.8 4.2 5.6 7.3 8.2 8.2 8.2 8.2 8.2 8.2 8.2 8.2 8.5 11.4 15.9 18 17.2 19.7 22.3 23.8 23.9 26.2 28.6 28.5 29.4 31.7 34.4 36.6 39.7 43.7 44.6 45.1 45.8 46.2 44.5 42.1 42.4 49.1 52.6
-0.8 -0.8 -0.8 -0.8 -0.8 -0.8 -0.8 -0.8 -0.8 -0.8 -0.8 -0.8 -0.8 -0.8 -0.8 -0.8 -0.8 -0.8 -0.8 -0.8 -0.8 -0.8 -0.8 -0.8 4.4 4.3 3.2 -0.8 -0.8 -0.8 -0.8 -0.8 -0.8 -0.8 -0.8 -0.8 -0.8 -0.8 -0.8 -0.8 -0.8 -0.8 -0.8 -0.8 -0.8 -0.8 4 4.9 5.9 5.9 7.2 8.5 8.2 8.2 8.2 8.2 8.2 8.2 8.8 11.1 14.8 16.2 20.4 19.6 24 25.1 25 27.2 30.4 31.9 33.3 35.2 39.4 40.3 42.1 45.5 46.7 46.5 47.8 49 49.1 46.1 44.6 43.6 48.6 53.2
-0.8 -0.8 -0.8 -0.8 -0.8 -0.8 -0.8 -0.8 -0.8 -0.8 -0.8 -0.8 -0.8 -0.8 -0.8 -0.8 -0.8 -0.8 -0.8 -0.8 -0.8 -0.8 -0.8 5.3 7 6.2 4.4 -0.8 -0.8 -0.8 -0.8 -0.8 -0.8 -0.8 -0.8 -0.8 -0.8 -0.8 -0.8 -0.8 -0.8 -0.8 -0.8 -0.8 6.1 7.1 6.9 7.1 7.8 7.5 8 8.6 8.4 8.1 8.2 8.2 8.2 9.5 10.9 14.5 17.2 18.3 21.6 22.8 26.6 27.6 26.8 28.1 30.6 33.7 38 42 47.5 48.2 47.4 48.2 47.5 48.7 50.5 51.3 50.2 47.5 47.5 46.3 46.6 49.9
-0.8 -0.8 -0.8 -0.8 -0.8 -0.8 -0.8 -0.8 -0.8 -0.8 -0.8 -0.8 -0.8 -0.8 -0.8 -0.8 -0.8 -0.8 -0.8 -0.8 -0.8 -0.8 -0.8 7 7.4 5.8 -0.8 -0.8 -0.8 -0.8 -0.8 -0.8 -0.8 -0.8 -0.8 -0.8 -0.8 -0.8 -0.8 -0.8 6.7 4.1 4.5 6 9 9 8.3 8.9 9 9 9.2 8.8 6.6 8.3 6.7 8.8 9.5 14.8 15.8 21.1 22 21.5 24.7 26.4 28.2 30.2 29.5 30.4 34.1 37.6 41 45.4 50.4 51.3 50.5 52 51.5 53.2 53.7 53.6 51.2 52 51.2 48.3 49.1 46.9
-0.8 -0.8 -0.8 -0.8 -0.8 -0.8 -0.8 -0.8 -0.8 -0.8 -0.8 -0.8 -0.8 -0.8 -0.8 -0.8 -0.8 -0.8 -0.8 -0.8 -0.8 -0.8 -0.8 3.3 -0.8 -0.8 -0.8 -0.8 -0.8 -0.8 -0.8 -0.8 -0.8 -0.8 -0.8 -0.8 -0.8 -0.8 -0.8 -0.8 4.4 6.3 8 8.7 10.8 10.4 10.1 8.3 7.9 7.5 8.3 7.3 6.9 7.2 7.5 9.6 12.5 17 20.4 24.8 25.2 25.6 26.2 28.2 29.9 32 32.9 34.1 38.5 43.5 47 48.4 51.4 52.8 52.6 55.5 56.6 57.4 57 56.7 56.9 60 55.8 49.2 48.9 44.4
-0.8 -0.8 -0.8 -0.8 -0.8 -0.8 -0.8 -0.8 -0.8 -0.8 -0.8 -0.8 -0.8 -0.8 -0.8 -0.8 -0.8 3.8 -0.8 -0.8 1 -0.8 -0.8 -0.8 -0.8 -0.8 -0.8 -0.8 -0.1 0.2 -0.6 -0.8 -0.8 -0.8 -0.8 -0.8 -0.8 -0.8 -0.8 2.6 5.8 8.1 9.1 9.8 8.5 9.1 8.4 7.8 7.7 7.5 7.6 6.8 7.3 7.4 8.8 10.4 16.9 21.5 24.4 28.9 29.1 28.8 29.2 30.3 31.3 33.6 37 39.1 45.9 50 52.9 53.1 54.1 55.2 55.7 59.9 61.7 61.8 62.7 62.8 65.5 64.6 57.4 51.3 48.4 44.3
-0.8 -0.8 -0.8 -0.8 -0.8 -0.8 -0.8 -0.8 -0.8 -0.8 -0.8 -0.8 -0.8 -0.8 -0.8 -0.8 5.2 3.7 1.2 -0.8 -0.8 -0.8 -0.8 -0.8 -0.8 -0.8 -0.8 -0.8 6.6 6.2 5.8 -0.8 3.3 2.6 1.2 -0.8 -0.8 -0.8 2.6 2.8 3.9 6.6 5.7 6.1 7 6.7 6.7 7.8 7.5 7.1 7.4 7.6 8.4 7.7 9.4 11.6 23.3 24.9 26.7 31 31.4 32.2 32.1 33.3 34.3 37 40.9 45.6 51.2 57.3 59.1 58.3 58.4 60.1 58.4 59.9 63 64.1 65.1 69 70.7 65.5 59.8 57 49.9 46.3
-0.8 -0.8 -0.8 -0.8 -0.8 -0.8 -0.8 -0.8 -0.8 -0.8 -0.8 -0.8 -0.8 -0.8 -0.8 -0.8 -0.8 -0.8 -0.8 1.4 -0.8 -0.8 -0.8 -0.8 4 4.9 9.6 10.8 12.6 12.5 10.7 11.6 9.1 9.3 8.6 5.9 2.2 2 2.7 3.5 3.6 4.6 5.3 6.8 7.2 7.5 8.5 8.4 8.3 7.6 7.5 9.2 8.7 9.5 11.3 15.6 26.6 27.9 28 31.6 32.8 34.1 34.9 36.5 37.6 41.1 47 49.9 53.9 59.2 62.3 62.9 64.8 63.4 62.1 61 63.4 65.3 68.4 70.9 70.6 68.2 67 62.3 51 45.2
-0.8 -0.8 -0.8 -0.8 -0.8 -0.8 -0.8 -0.8 -0.8 -0.8 -0.8 -0.8 -0.8 -0.8 -0.8 -0.8 -0.8 -0.8 -0.8 1.7 3.1 2 3.8 6.5 9.2 13 16.3 17.7 18.6 17.4 16.6 15.5 14.5 12.6 8.7 4.6 3.3 3.7 3.8 4.4 4.5 7.2 8.8 9.6 8.3 8.4 10.1 10.6 9.8 8.5 8.5 9.6 8.7 10.8 13.1 19.4 27 28.5 29.3 32.1 32.4 34.7 38.8 40 40.5 45.9 48.3 51.5 55.2 60.4 62.4 66 67.9 65.4 67.1 65.2 67.4 68 72.7 73.4 72.9 73.4 71.3 62.7 50.1 46
-0.8 -0.8 -0.8 -0.8 -0.8 -0.8 -0.8 -0.8 -0.8 -0.8 -0.8 -0.8 -0.8 -0.8 -0.8 -0.8 -0.8 -0.8 3 3.4 5.2 5.4 8.1 11.8 15.4 20.5 23.8 21.9 21.9 24 24.9 21.3 17.7 14 9.3 7.1 7.1 5 5.1 5.4 6 10 10.2 12.1 9.1 9.4 11.4 12.1 10.5 10.3 9.3 9 10.8 12.5 15.9 22.1 25.8 27.7 29.8 31.8 33 38.8 42.2 43.1 42.7 46 49.9 54 57.3 60.6 63.3 65.6 68 68.2 70.6 71.5 72.6 74.8 76.8 76.6 74.2 69.7 63.8 56.4 48.5 44.5
-0.8 -0.8 -0.8 -0.8 -0.8 -0.8 -0.8 -0.8 -0.8 -0.8 -0.8 -0.8 -0.8 -0.8 -0.8 -0.8 -0.8 3.5 3.7 5.3 6.4 9.3 14.4 18.5 22.7 29 28.1 25.2 27.2 33 30.3 24.3 18.6 14.4 11 10.6 10.5 6.2 6.2 6.5 7.4 11.8 11.8 11.2 10.7 11.4 11.2 11.5 10.9 10.6 9.9 11.5 13.6 15.9 20.9 24.4 26.5 29.4 30.4 32.6 36.5 39.4 43.1 42.4 44.1 46.5 50.5 55.7 58.3 63.1 63.1 66.3 69.3 69.5 71 73.5 76.2 80.2 79.9 77.1 71 64.3 58.6 53.8 49.5 42.9
-0.8 -0.8 -0.8 -0.8 -0.8 -0.8 -0.8 -0.8 -0.8 -0.8 -0.8 -0.8 -0.8 -0.8 -0.8 -0.8 4.5 3.4 5.9 7.4 10.6 14.9 20 24.2 30.3 36.9 29 26.4 30.2 37 30.6 27.6 19.7 15.6 14 12.5 10.6 9.4 9.5 9.4 8.6 10.9 11.9 11 11.5 11.9 11.9 12.7 11.3 11.9 12.6 14.6 16.8 20.2 23.1 25.4 27.8 30.4 33.6 37.2 39.4 40.1 41 42.6 44.1 45.2 50.2 55.9 58.6 60.6 62.1 65.6 68.7 69.5 73.1 74.5 77.9 82 80.4 76.2 70 64.5 59.6 57.2 50.3 41.8
-0.8 -0.8 -0.8 -0.8 -0.8 -0.8 -0.8 -0.8 -0.8 -0.8 -0.8 -0.8 -0.8 -0.8 -0.8 2 3.6 8.3 8.9 9.7 15.3 20.8 24.6 29.9 33.5 34.5 29.6 27.4 32.3 33.9 31.1 26.7 20.4 18.5 15.9 14.8 11.6 11.2 13.2 12.1 10.6 10 12 13.9 14.6 12.9 13.4 12.4 13.9 15.8 15.9 18.4 19.5 22.7 25 27.8 32 34.4 36.5 37.3 40.6 41 41.5 43.1 44.2 48 51.5 53.8 57.8 60.3 61.5 63.7 65.9 68.5 72.6 76 79.7 83.4 81 77.4 71.9 67.5 62.8 61.1 52.5 43.3
-0.8 -0.8 -0.8 -0.8 -0.8 -0.8 -0.8 -0.8 -0.8 -0.8 -0.8 -0.8 -0.8 -0.8 -0.8 3.9 8.1 12.1 11.1 12.5 19 25.5 28.3 34.4 34.4 33.7 30.8 28.2 31.9 30.4 27.1 24.9 21.1 18.6 17.8 16.9 12.4 13.6 15.2 15.2 14.1 13.1 15.2 17.2 17.7 15.9 14 14.5 16.5 18.9 18.1 22.4 23.6 27.2 29.9 32.2 36.5 38.3 36.3 39.1 39.6 40.9 42.4 43.5 44.8 50.7 52.7 54.3 56.9 59.9 61.2 63.8 65.3 68.8 73.2 76.2 79.4 82.2 80.9 77.5 72.8 69.3 66 62.5 52.7 43.2
-0.8 -0.8 -0.8 -0.8 -0.8 -0.8 -0.8 -0.8 -0.8 -0.8 -0.8 -0.8 -0.8 -0.8 3.2 8.3 13 11.4 10.6 16.7 23.4 28.1 31.5 34.3 36.3 36.7 33.6 29 26.5 27.2 22.8 23.3 21.7 18.8 19.2 16.2 13.5 14.9 16.4 17.1 15.6 18.3 19.4 20.7 19.8 16.7 15.5 16.9 19.8 22.8 22 26.3 27.9 31.6 32.9 34.3 37.9 36.8 39.9 39 41.1 44.8 45 43.9 44.3 47.6 52.2 54.1 56 58.3 61.1 62.8 65.7 70.5 72.5 73.5 75.8 76.6 76.6 74.6 72.9 69.3 66.6 62.2 52.3 41.9
-0.8 -0.8 -0.8 -0.8 -0.8 -0.8 -0.8 -0.8 -0.8 -0.8 -0.8 -0.8 -0.8 -0.8 6.5 12.1 13.1 10.6 11.9 16.5 25.7 28 34.1 38.6 40.3 38.9 34.1 27.1 24.7 23.5 21.4 21.5 21.7 20.2 17.9 15.5 15.4 16.8 17.1 16.5 21.4 25.2 24.3 21.6 19.7 19.8 18.3 18.4 24 23.9 25.9 28.2 31.4 33.1 34.2 34.8 35.1 36.9 40.1 41.5 43.7 44.9 45.2 45.3 45.7 51.5 55.8 56.4 56.3 56.9 58.9 61.8 67.6 70.8 71 70.7 72.2 73.8 74 72.1 71 68.7 64.2 59.6 51.5 43.6
-0.8 -0.8 -0.8 -0.8 -0.8 -0.8 -0.8 -0.8 -0.8 -0.8 4.8 3.8 4.5 3.4 9.2 8.6 8.9 9.4 11.2 15.7 23.7 31 33.5 38.5 43.3 39.2 28.7 26.6 24.6 22.9 21.6 21.1 21.3 20.1 18.1 17.8 18.1 19.7 18.8 22.7 29.1 30.1 26.5 23.4 21.1 21.4 20.6 21.4 23.4 24.4 27 28.6 33 34.8 35.3 35.9 35 35.9 37.8 42.9 45.5 46.1 43.9 43.5 47.4 55.8 58.5 60 56.9 56.9 57.4 61.3 66.2 69.4 67.4 67.2 68.8 72.2 71.8 69.7 67.4 64.2 60.7 57.1 49.5 43.2
-0.8 -0.8 -0.8 -0.8 -0.8 -0.8 -0.8 -0.8 -0.8 8.5 10.2 8.7 7.3 6 5.7 6.2 6.9 8.4 9.9 14.1 20.4 28.3 31.6 36.3 36.7 32.2 27.8 26.9 26.6 26 24.5 22.6 21.6 20.4 20.6 19.7 21.4 21 25.6 29.3 31.7 32.7 28.6 25.5 22.8 22.2 22.8 24.1 24.5 25.7 29.4 30.5 32.2 33.9 34.7 35.5 36.5 37 37.7 42.2 45.2 45.1 44.2 42.7 47.8 54.5 58.1 57.8 56.7 56.6 57 58.7 62.7 64.4 62.5 62.3 63.7 68.9 67.7 66.7 65.8 61.8 57.2 50.9 46.2 -0.8
-0.8 -0.8 -0.8 -0.8 -0.8 -0.8 -0.8 -0.8 9.1 13.9 11.8 10.1 9.3 6.8 5.8 6.4 7.2 8.7 11.5 12.8 17 22.6 29.4 32 32.3 31.2 30.9 30.6 29.6 29 26.6 25.1 22.4 22.2 20.7 21 24.4 27.7 24.6 34.1 35.5 33.9 28.9 26.4 26.4 25.2 24.3 26.1 26.6 29.3 31.9 32 34 36.2 35.6 36.4 39 37.7 39.6 39.3 40.1 40.4 40.5 42.3 46.9 54.8 57.2 56.5 56.7 56.6 58.2 59.6 61.9 61.5 58.9 57.8 58.1 60.5 62.3 64.1 63.5 61.9 55.4 48.2 -0.8 -0.8
-0.8 -0.8 -0.8 -0.8 -0.8 -0.8 -0.8 -0.8 9.9 14.3 11 10.6 9.6 8 8 9.7 10.6 14.1 15.3 14.4 15.4 21.8 26.4 30.9 33 34 35 34.6 32.6 31.1 30.2 27.6 24 23.1 22.2 27.3 32.3 35.8 27.6 36.9 36.7 33.1 30.4 29.7 29.9 27.8 27.5 27 29.8 33.1 35.3 35.5 37.9 38.9 39.3 40.3 41.2 39.4 40.8 37.7 37.6 37.1 37 39.8 44 50.7 54.3 57.4 55.8 58.3 61 59.8 60.4 58.6 55.3 54.2 52.6 55 56.6 58.2 59.6 58.7 52.9 49.1 40.6 -0.8
-0.8 -0.8 -0.8 -0.8 -0.8 -0.8 -0.8 -0.8 6 12.1 10.7 10.9 10.8 12.4 13.1 14.1 16.4 17.2 15.5 14.9 17.7 20.5 25.4 32.1 35.4 39.1 38.5 36.3 37.7 35.5 32.2 28.4 26.9 26.2 27.1 34.6 39.5 39.5 39.3 39.7 38.2 38.1 36.9 32.7 31.4 30.7 30.5 29.1 32.1 35.4 36.9 39.6 42.4 41.9 43 41.7 40.2 38.9 39 37.2 35.6 35.3 34.7 38.4 44 49.7 54.4 58.5 54.1 57.8 57.6 57.2 54.9 53.8 51.2 49.2 48.8 48.9 50.7 53.3 54 55 51.7 48.3 38.4 -0.8
-0.8 -0.8 -0.8 -0.8 -0.8 -0.8 6.6 7.9 9.6 10.9 14.8 15.2 14.2 15.3 18.5 22 22.6 17.9 15.7 19.5 22 22 25.2 32.4 38.5 42.2 38.9 37.5 42 41.3 33.8 30.4 29.9 29.7 33.6 41.9 43.9 44.8 45 45.9 42.8 44 45.8 42.4 38.7 35.4 32.1 34.2 34.9 38.8 42.1 43.4 45.5 44.7 43.1 42.1 41.9 39.1 38.1 37.3 33.6 33.8 33.6 37.1 43.7 49.5 52.2 51.5 51.6 51.9 52.2 49.9 48.1 47.3 44.5 42 44.7 45.3 46.8 49 50.2 51.5 47.4 39.7 29 -0.8
-0.8 -0.8 -0.8 -0.8 6.1 9.9 14.4 16.1 15.9 15.5 17.1 16.1 14.2 17.8 24 28.3 24.7 19.2 21.4 23.4 23.8 23.6 25.7 32.8 41.7 41.8 38.1 37.5 39 38.3 32.2 33.8 34.2 35.5 41.6 48.9 50.6 52.3 51 50.2 47.1 50.3 52.9 50.3 46.7 41 34.6 36.6 38.2 43.6 47.2 48.5 48.9 48.4 44.5 43 43.1 38.6 38.1 36.6 32.5 33.5 32.5 33 38.3 43.7 45.6 46.8 50.2 51.2 49.7 47.3 44 42 38.8 38.2 40 40.5 43.4 46.9 48.8 43.3 36.1 28.4 22.8 -0.8
-0.8 -0.8 -0.8 -0.8 12.8 15.2 20.8 22.8 22 20 18.2 17.9 15.1 19.5 24.9 26 23.3 27 28.9 28.7 28.1 28.2 29.1 34.4 38.3 37.5 36.1 34.5 35.2 33.6 35.4 36.9 39.2 40.7 48.8 55.4 57.9 57.9 58.3 55.6 53.2 55.8 60.6 55.6 49.6 42.7 37.2 37.9 40.9 46.9 51 52.2 51.4 50.5 46.3 45.4 41.2 38.4 36 33.4 32.9 29.9 31.6 31.8 30.1 35.2 37.9 41.5 46.7 49.5 47.5 44.9 42 37.7 35.8 35.9 36.4 37.9 41.1 44.5 42.4 35.3 27 22.3 16.7 -0.8
-0.8 -0.8 -0.8 14.6 19.1 21 25.7 28 27.5 24.2 21.8 18.3 17.4 24.3 26.6 26.5 26.9 33.8 34 31 32.1 29.8 34.3 35.8 36.4 35.8 35 35 35.6 37.1 37.7 40.6 40.3 46 54.7 59.2 63.3 63.2 62.1 58.5 58.4 61.5 62.1 57.2 53.3 43.6 39.5 38.6 41.7 49.1 52.7 52.1 52.4 50.7 46.2 44.8 39.8 37.3 33.2 31.9 32.2 31.8 31.8 31.8 31.8 29.1 33.3 39.3 45.4 47 45.7 41.6 39.8 35.7 33.9 34.7 34.7 35.7 34.5 33.8 30.9 26.3 20.3 17.6 14.2 -0.8
-0.8 -0.8 12.4 23 25.6 26.8 31.2 33.3 30 26.2 21.8 18.5 24.8 29.3 29.3 29.9 36.4 39.2 36 35.7 36.1 36.2 36.7 37.6 35.3 35 35 35.8 35.5 38.8 40.9 41.5 41.3 48.2 56.2 62 64.3 65 63.2 63.1 64 65.7 61.3 57.2 53.1 45.3 41.2 39.3 40.5 45.9 50.2 51.6 51.8 49 46.5 42.3 38 33 31.9 32.1 31.8 31.8 31.8 31.8 31.8 31.8 31.8 34.2 39.8 40.5 36.9 35.8 35.8 32.9 32.9 32.8 32.5 29.5 27.4 26.1 25.1 19 16.7 14.6 12 -0.8
-0.8 -0.8 20.7 27.3 30.2 33.2 37.2 37.2 31.6 26.1 19.9 18.9 31.9 33.2 33.4 36.1 41.1 41.6 37.6 38.3 34.2 39.5 39.6 36.5 35.5 35.1 35 35 35 38.6 42 41.1 41.4 46.4 55.8 60.5 63.5 63.5 63.8 64.5 65.9 65.4 61.2 56.1 49 45 44.3 40 40.5 44.3 44.9 47.6 46.8 46.2 43.3 39 34.6 33.6 30.3 29.2 31.8 31.8 31.8 31.8 31.8 31.8 31.8 31.8 32 32.5 32 30.9 31.4 30.6 32.9 32.3 30.3 26.7 24.3 22.1 19.3 16.1 13.5 9.6 -0.8 -0.8
-0.8 14.6 27 32.1 34.4 39.8 41.5 39.7 34 27.5 24.2 25.4 32.5 36.5 37 43.2 47.3 42.2 39.4 35 35.7 42.9 43.6 38.8 35.5 35 35 35 35 38.6 40.8 41.8 41.1 44.7 53.9 60.1 62.2 63.2 63.6 63.9 63.8 62.5 57.9 53.5 49.3 45.3 41.7 41.9 42.8 43.1 42.3 41.7 41.4 43.2 40.6 38.4 36.1 36.4 32.6 30.7 30.5 31.8 31.8 31.8 31.8 31.8 31.8 31.8 31.8 31.8 31.8 31.8 28.8 29.8 32.1 31.4 28.7 24.7 22.2 20.1 18.1 16.1 12.9 -0.8 -0.8 -0.8
