WholeMapElevations/data/no/no00_OST50GRID_20230518/NO00.asc
ncols 200
nrows 200
xllcorner 300000
yllcorner 700000
cellsize 50
[rows 35 to 69 of 200, columns 0 to 77 of 200]
426.3 436.7 445.7 447 455.9 452.6 440.6 426.2 412.4 403.6 392.5 382 372.3 367.4 363.4 358.8 355.3 356 356.1 358.9 363 367.7 370.8 369.5 363.7 353.1 340.6 331.5 323.8 318 312.9 308.7 305.8 309.4 317.3 324.1 330.2 332.2 331.6 327.5 327 328.7 332.1 336.4 340 344.7 346.4 350 354.4 359.1 361.2 362.8 353 347.1 340.1 348.9 360.8 372 380.4 386.5 389.9 389.2 388.5 387.7 381.9 374.4 362.4 352.3 364.7 369.2 376.6 374.5 374.6 374.5 372.3 368.8 365.4 364.2
440.8 454 462.9 465.8 467.2 461 449.5 435.4 421.1 412 399.2 385.3 375.5 368.5 364.2 358.8 360.4 360.7 361.4 363.7 367.1 372.6 374.6 372.8 363.1 347.7 337.2 328.9 322.1 315.6 311.5 308.1 306.2 311.5 318.7 326.1 330.7 333.7 336.7 335.5 333.3 335.7 340.3 345.2 349.3 353.9 358 362.1 364.1 364.5 362.9 357.1 346.5 343.5 348.1 358.3 370.3 381.9 390.3 396.7 399.9 399.9 399 397.5 394.6 388.4 374 359.3 372.8 383.4 385.8 384.7 384.8 385.5 385.5 379.2 375.9 371.2
456.3 467.8 480.5 480.9 474.1 463.7 456.2 445.3 431.4 417.4 403.1 389.2 377.8 370.9 365.9 362 363.5 364.7 365.3 365.5 369.3 372.9 373.7 368.5 357.4 344.8 336.5 329.9 324.5 318.1 312.1 307.5 306.8 311.5 319.7 326.8 330.6 333.7 339.6 339.5 338.6 342.1 347.4 353 358.4 363.1 366.5 370.8 369.8 367 360.7 353.7 347.6 351.5 357.4 365.1 377.3 387.6 396.7 402.8 405.3 412.8 409 406.1 401.4 396.1 380.5 367.3 379.4 391.7 400.5 404 405.1 407.1 405.5 399.8 391.2 387
467.9 475.5 480.1 480.8 477.6 467.2 460.4 450.4 437 422 404.2 391.3 380.9 373.5 367.6 364.5 366.2 367.3 368.9 370.2 370.5 371.2 369.5 362.4 352.9 344.2 337.1 331.6 327.9 321.6 316.5 309.4 306.8 311.5 319.8 326.8 329.8 336 341.9 344.2 346.1 349 353.8 360.2 365.3 372.1 376.8 377.7 372.2 365.2 357.7 351.3 351.9 358 365.5 373.6 383.3 393.8 403.4 407.7 411.1 414.2 414.9 414.3 410.2 402.1 393.3 378.7 384 398.2 411.7 419.2 423.8 425.9 427.1 419.3 407.4 400.1
457.9 466.6 471.6 475.4 473.2 469.8 462.2 453.7 439.5 424.6 407.5 396.3 386.3 377.6 371.2 368.3 370.7 372 375.3 377 375 366.5 362.4 356.9 349.9 340.7 335.5 332 330.3 325.9 321.1 314.4 307 310.5 317.7 324.8 331.8 338.3 344.4 348.7 351.6 355.4 361.1 366.8 373.1 378.7 378.2 375.6 371.2 363.6 356.5 351.5 357.3 364.3 373 381.3 387.5 396.9 405.5 412.1 415.8 419.2 419.9 417.5 415.8 410.7 403.7 387.2 389.7 403.3 416.5 428.3 431.9 435.7 437.3 431.8 420 412.7
445.1 451.5 457.9 463.2 463.2 463.1 463.4 457.5 440 424.8 413.1 403.1 392.1 382.2 375.4 374.2 375.8 378.3 383.3 383 378.8 368 355.5 350.3 344.1 336.5 332 328.9 329.4 326.3 324 315.4 307.3 315.1 322.4 329.4 336.3 343.3 349.8 354.6 357.6 363.4 368.6 373.5 381 385.8 380.2 373.7 369.4 362 356.4 354.6 361 370.7 380.2 388.1 395 402.9 409.8 415.3 420.4 422.4 425.5 425.1 421 414.4 407.5 393.4 396.6 409.1 419.9 430 436.8 438.7 441.1 437.7 430.4 422.6
431 439.6 446.7 451.3 452.5 458.2 461.9 458.1 445.1 429.2 418 405 394.3 384.4 379.1 379.6 381.3 386.5 390.9 391.9 387.1 373.4 355 344.8 338.1 332.6 327.4 323.9 323 321.2 318.6 308.2 311.2 322.4 331.4 338.3 345.3 352.2 358.5 361.1 366.2 372.5 375.2 382.2 388.1 388.9 382.4 374.9 367.6 362.2 356.8 358.6 366.3 376 385.2 393.6 402.6 409.7 416.3 422.6 426.3 425 426.8 426.4 421.6 416.2 404.6 397.6 407 414.8 423.2 432.8 439.5 442 443.7 440.9 435.7 430.3
409.8 422.8 433.7 441 446.1 454.1 461.6 456.5 446.6 431.5 417.9 405.2 393.2 386.8 384.5 385.1 387.5 391.8 396.2 397.6 393.3 380.5 358.4 342.9 333 327.4 322.7 318.1 316.3 316 310.2 304.9 317.2 330.5 339.3 347.2 354.4 360.5 364.8 368.5 373.4 379.4 382 385.2 391.6 388.8 383.1 377.3 369.7 363.3 358.7 362.1 367.9 377.3 387.5 397.3 407.9 417.6 426 430.4 438 439.2 434.3 429 424.1 415.2 404.4 407.3 415 424.6 432.5 441.2 445.8 446.4 446.3 443.2 438.5 433.8
406.2 412.5 424 432.9 439.8 446.7 453 454 445.1 433.1 415.3 403.7 393.5 389.1 389.7 391.1 393.9 397.7 400.5 403.9 399.7 382.7 363.6 345.4 333.6 325 316 313.3 309.7 308 301.9 311.6 323.7 335.9 345.3 353.5 360.7 364.5 368.2 372.2 379.5 385.6 388.1 389 390.5 387.4 383 377.2 370.8 366.9 364.7 363.9 368.6 378 389.1 399.9 410.2 423.1 436 439.8 444.6 442.5 439.5 434.6 428.3 417 414 418.2 423.2 432.2 440.3 446.1 449.6 450.3 449.5 446.1 441.7 437.1
418.7 409.8 413.2 424.1 428.2 431.1 433 442.4 439.9 430.1 416.2 401.5 392.2 391.7 393.9 397.5 399.8 403.8 408.4 408.4 404.1 386.9 367.5 349.2 335.9 324 314.8 304.7 300 299.3 305.3 318.3 331.6 341.6 351.3 358.7 364.5 368.3 371.9 377.5 384.8 388.6 391.5 391.8 391 386.4 382.9 378.9 374.7 371 369.3 367.6 373.9 380.5 389.6 399.9 412.4 424.8 439.8 444.3 445.6 446.1 444.4 440.2 432.8 426.4 429.3 430.5 431.5 439.4 447.3 454.2 457.7 457.8 453.4 448.9 445.2 441.3
440.6 424.2 404.2 409.3 411.3 407.1 406.7 417.7 425.4 421.8 412 395.5 388.1 392.6 396.2 402.6 408.8 413 413.9 412.7 407 392.7 370.2 351.7 338.3 325.6 314 300.6 297.6 303.1 311.4 324.3 337 345.8 355.1 362.1 365.9 371 375.3 381.3 386.1 391 392.3 392.2 391.4 385.5 384.6 381.4 377.6 374.7 371.9 372.9 378.4 384 393.3 404.1 414.9 427.5 441.2 449.2 451.6 452.3 450.4 445.2 441.4 439.5 440.1 440.5 440.8 447.3 455.8 464 464.5 460.8 457.1 452.5 449.1 444.4
459.1 438.8 413.7 393.9 394 394.4 388.2 395.6 403.6 404.6 398.7 388.3 380.3 384.7 391.6 406.7 415.4 418.9 418.1 414.5 409.4 395.9 375.2 355.8 339.8 329.2 317 300 295.9 305.6 315.3 329 339.1 347.2 355.6 360.5 365.2 369.9 374.8 382.2 386.4 392.4 392.7 389.4 386.7 385.9 384.1 382.7 380 376.4 372.5 375.2 381.1 386.7 396.6 407.6 419.1 429 442.6 449.2 454.3 454.8 453.4 447.2 448.5 449.3 449.6 450.4 451.2 455.3 464.5 468.9 464.6 460.5 456.6 452.6 450.4 447.7
464.8 448.3 423.9 401.8 382.3 380.4 378.1 380.7 384.1 381.3 378.6 375.2 371.2 375.3 390.5 410.6 416.5 421.3 418.6 414.2 409 397.3 378 357.3 343.2 330.3 320 306.4 294.3 303.5 314.2 326.8 337.7 346.2 352.4 357.4 362.4 367.7 372.7 380.3 384.7 388.6 393 391 386.1 390.8 387.7 384.5 381 377.5 374.6 377.1 381.9 388.6 399.2 408.3 416.4 428.4 438.6 446.1 450.1 452.1 451.1 448 452.3 457.5 458.4 459.8 460.5 462.7 469.1 468 461 457.6 454.3 450.9 451.4 451.4
464.5 445.3 426.6 405.3 386 369.3 363.7 367.3 370 366.6 364.3 364 362.4 373.6 398.2 409.2 415.7 419.9 419.1 413.1 405.5 395.2 379.2 358 341.6 330.7 320.8 309.6 297.8 295.9 310.4 322 330 339.3 348.3 353.8 358.6 363.9 369.2 375.4 381.1 384 387.5 384.9 389.8 393.6 388.8 385.4 380.7 378.5 376.6 378.2 382.5 392.1 402.4 409.6 415.5 424 430.9 439.2 444.5 445.9 446.2 449 454.3 460.6 465.3 466.4 470 472.9 472.6 467.6 460 452.4 448.9 445.5 446.1 444.9
459.6 442.8 421.7 405.4 387.7 372.7 359.2 354.7 357.4 356.1 353.8 355.2 357.4 375.8 389.8 397.2 404.5 412.6 415.3 410.1 400.4 389.2 375.5 357.3 340.3 328.5 319.1 308.1 296.5 295.3 307.7 317.4 326.5 332.7 342.9 350 353.7 359.4 364.5 369.9 375.2 377.4 379.8 379.6 386 389.6 388.9 385 379.7 378 377.7 379.6 383 393.6 402.3 407.4 413.5 419.9 426.7 432.5 436.4 440 446.9 450.9 456.5 463.6 469.5 475.2 478.8 480.7 477 467.6 459.9 451.4 445.5 440.4 435.1 430.6
452 437.6 420.4 400.5 384.8 373.1 360.3 348 345.1 346.5 348.6 349.6 356.5 364.6 375.5 383.6 390.7 398.4 405.9 403.7 395.2 381.7 365.9 351.5 333.9 321.7 311.4 300.6 291 296.1 307.6 314.6 321 328 334.1 343.6 348.4 353.7 358.6 363.9 368.3 369.9 371.3 372.7 375.1 382.7 383.9 380.6 378.2 377.9 378.7 382.5 384.5 392.1 400.9 404 410.4 414.8 421.3 429.8 437.4 445.7 450.4 455.2 462.4 469.3 475.8 482 487.6 484.9 477.2 468.1 459 449.6 441.4 434 427.8 420.7
443.5 431.5 416.8 396.4 381.1 369.2 359.9 351 341.8 338.3 343 343.1 349.5 352.9 359.3 370.5 380 384.9 392 392.4 385.4 372.6 357.5 340.7 323.6 312.7 303.3 294.5 291.5 302.3 308 311.3 316.9 324.6 331.7 338.4 344.5 350.6 354.4 357.8 360.1 362.5 364.5 366.1 369.3 372.2 375.3 375.3 374.9 377.7 381.8 385.5 388.5 389.5 396.2 402 405.9 413.1 423.6 435.2 445.1 452.2 459 466.3 473.1 476.3 479.9 484.8 486.2 481 469.8 458 448.3 442.6 435.7 423.5 416.4 411
436.9 426.2 411.7 395.1 379.2 366.8 357.6 350 343.3 339 334.3 337.4 339.4 342.1 344.6 353.6 364 371.4 375 378.4 373.3 363.2 347.8 328.8 314.9 305.8 297.1 289.5 297.4 309.1 315.4 316.5 318.6 324.2 330.8 337.2 341.6 348.1 350.1 351.9 353.3 355.4 358.4 359.9 363.9 366 368 372.8 378.9 380.1 385.5 389.6 391.7 393.9 395.7 402 407.1 416.2 427.3 440 451 459.3 466.7 473.9 478.6 483.5 487.8 485.1 483.3 473.6 461.7 450.1 438.5 429.5 424.5 419.3 410 405.3
430.2 419.5 406.2 390.8 376.6 364.1 356.8 348.7 342.5 337.4 335.8 333.5 332.2 328.3 335 342.6 349.8 355.6 360.5 362.8 359.9 351.2 336.4 318.8 307.8 297.7 289.4 294.5 309.1 318.5 323.1 321.3 321.1 323.7 330.2 335.5 338.1 340.7 343.4 346.7 347.7 348.4 351.2 353.1 356.6 356.4 366.7 374.8 382.2 387.1 388.3 392.9 394.6 399 402.6 405.1 410.2 419.4 429.9 442.8 453.5 464.1 472.4 489.6 496 493.5 491.2 487.5 477.5 465.6 453.4 441.1 429.7 419.4 413.1 409.4 406.4 401.9
420.6 410.4 398.2 386.3 374.1 362.6 356.4 349.6 345.7 345.3 341.6 336.3 333.4 326.1 323.3 329.3 338.2 342.3 345 346.7 345.3 338 325 312.2 299.9 290.9 291.2 303.8 316.9 324.8 326.1 325.6 320.6 321.8 327.9 331.8 334.7 335.3 337.2 340.9 342.9 342.1 342.8 344.5 350.5 360.5 369 376.7 383.3 390.1 392.6 395.6 399.9 404.3 408.7 411.3 414.1 422.1 431.3 440.9 449.8 461 468.5 482.4 485.7 482.9 481 474.3 463.9 454.4 443.3 432.9 420.6 411.4 405.3 400.2 398.6 392.5
413.1 401 391.1 382.4 372.4 362.4 358.5 354.8 353 350.9 347.5 341.3 334.4 331.7 328.4 316.9 323.9 330 330.9 330 330.2 327.9 318.1 305.6 294 286.9 294.9 309.3 323.1 329.1 327.7 325.8 321.3 317.2 322.4 328.4 328.8 329.8 331.3 335.9 336.9 334.8 337 343.1 352.7 362.1 370.2 378.5 386.2 391.9 397 401.3 405.6 410.3 415.2 419.1 422.2 425.2 431.9 438.4 446 452.7 458.6 463.7 465.2 464.7 461.2 457.1 449.4 440 431.3 422.6 415.6 406.6 399.4 393.4 389.6 387.2
407.5 397.7 388.4 380.2 371.2 368.6 363.8 360.7 359.2 357 355.2 350.2 342.9 334.2 328.3 325.4 313.3 316.8 317.4 320.6 319.2 316.1 310.4 301.6 291 285.5 298.4 311.4 322 326.4 326.5 320.9 317.7 312.4 313.4 319 322.9 322.6 325.7 326.7 327 334.4 340.2 344.6 354 361.9 369.9 378.1 386.3 395 402.4 406.9 412.1 416.6 421.8 426.2 429.3 432.9 434.9 435.2 440.1 444.8 448.2 452.9 452.2 450.2 449.3 445.3 437.8 429.3 420.4 412.4 405.9 399.8 396.5 389.3 383.3 382.2
401.7 393.4 386 379.9 378.1 376.9 372.2 367.6 365.3 366.8 366.5 362 353.6 344.6 333.8 325.8 321 310.8 302.9 309.6 312 307.1 302.2 297 291 285.2 301.7 313.9 319.2 323.4 318.5 313.8 309.4 305.3 307 310.1 314.8 321.4 324 327.8 332.5 335.2 340 346.7 354.4 361.8 369.6 377.8 386.2 396.2 408.8 413.5 418.9 423.2 427.8 433.3 437 436.1 430.2 429.3 433.9 438.4 441.6 443.6 439.7 436.5 434.4 430.2 423.9 418.2 410.1 402.9 396.9 391.5 387.8 384.5 380.2 372.1
391.5 387.7 384.4 383.8 386.9 385.4 380.1 376.5 375 379.1 379.1 372.5 363.4 353.8 343.2 335.3 327.1 319.9 313.1 303.9 294.4 291.9 294.9 289.7 287.8 284.6 302 311.4 317.7 318.8 311.1 302.1 302.1 310 315.6 323.2 325.9 329.3 331.2 334.6 337.7 342.6 345.3 347.3 355 361.8 369.2 377.6 389.1 402.8 414.2 418.7 424.3 429.5 434.2 435.2 433.5 431.2 425.8 423.8 427.8 430.3 432 432.5 430 427.8 423 415.2 410.6 405.3 399.8 393.4 388.4 383.2 379.5 376.4 373 368.1
386.2 385.4 386.7 391.3 393.7 390.4 386.6 384.6 385.7 388.3 387.5 385.2 375.7 364.3 355.8 346.1 337.4 330.3 322.4 315.5 308.9 305.8 289.8 284.4 283.2 285 297.4 305 310 308.5 300.8 300.4 310.6 317.2 324.9 331.2 335.8 337.8 340.1 342.7 345.4 348.7 351.2 353.8 356.3 361.7 368.7 381.1 393.4 407.3 417.2 420.5 428.1 431.8 433.2 431.5 426.7 425.5 421.3 418.6 421.1 420.7 422.1 421.3 419.7 417.7 413.7 408.8 401.2 394.1 389.8 383 378.2 374.6 371.6 368.7 365.9 362.8
383.3 387.5 392.6 397.4 397.6 396.2 394.9 395.1 397.7 397.2 396.7 392.4 388.2 378.5 370.1 360.7 351.3 341.6 333 323.1 312.6 306 296.2 283.7 280.8 287.8 293.8 298.4 300.3 298.5 292.9 308.5 320.6 329.3 336.9 342.2 346.7 349.3 349.8 350.7 352.8 354.7 358.3 360.6 363 366.4 368 376.8 390.7 403.2 413.1 420.4 424.1 427.5 426 424.1 420.9 417.2 415.3 413.8 412.9 411.4 411.5 410.2 411.9 408.4 406.6 401 394.3 389.3 383.4 378.5 371.4 365 363.2 361 358.4 355.5
388.5 394.4 398.7 399.3 399.3 400.1 402.5 405.3 407 407.3 406 403.6 401.4 397.2 382.8 373.8 365.4 353.3 338.5 326.5 316.1 305.3 295.1 286.1 280.3 282.7 288.9 291.5 293.2 288.4 300.2 316.2 330.9 341.3 349.6 355 360.4 364.5 365 362.6 362.7 365.8 370.7 372.4 374 376.6 377.2 376.6 387 397.6 406.4 414.4 417.4 418.2 417.4 416 412.9 408.5 405.4 402.7 402.7 402.7 401.1 403.4 401.9 400.7 399.6 393.2 391.1 386.4 381.6 372.3 367.2 361.1 356 352.6 350.9 349.2
398.2 399 399.6 400.3 400.5 403.9 406.3 410.8 412.2 410.8 409.3 406.9 405.2 403.4 391.3 385.9 375.4 359.1 341.7 328.1 317.4 304.5 293.7 285.4 279 278 282.9 282.7 290.3 298.5 307.7 323.7 338.8 352.7 364.2 370.4 376 380.3 382.3 380.2 377.3 380.3 387.5 391.8 391.7 394.3 393.8 387.3 384.2 391.9 399.4 407.5 408.8 409.4 408.6 408.3 405.3 401.2 397.9 394.8 393.9 394.1 395.2 395.5 394.4 393.7 392.2 388.1 387.3 385.2 382.7 372.7 364.1 358.6 352.7 353.4 346.4 343.3
395.7 395.7 395.4 397.4 399.6 403.9 408.6 410.3 410.7 408.4 405.3 404 404.4 404.2 398.4 390.9 377.4 362.1 346.5 329.4 316.8 303.6 292.6 284.6 278.6 274.8 278.3 289.2 295.9 303.8 314.1 331.1 345.3 356.6 371.3 382.4 388.7 395.4 396.1 396 395.5 398.5 404.8 409.3 410.2 409.3 408.4 401.5 391.2 390.4 393.1 396.8 400.2 400.4 400.4 400.8 397.8 394.4 391.2 388.9 386.9 385.7 385.6 385.7 386.9 386.8 385.1 384.3 383.5 381.8 378.2 368.7 363.7 358.8 351.4 344.5 345.5 339.7
390.4 392.8 391.3 391.7 392.7 393.9 401.8 404.6 403.5 398.7 396.1 391.9 394.7 396 392.7 385.7 372.5 357.5 341.6 327.5 314.9 301 290 281.6 276.7 274.3 281.8 291.2 300.9 312.5 325.1 338.1 350.4 361.7 376.2 389.2 396.6 402.3 401.2 399.9 405.6 410.7 416 415.6 415.9 417.5 416.5 409.3 402.7 395.1 394.6 395.2 394.5 393.9 392.9 394.1 391 388.1 385.6 383.6 383.1 381 379.3 378 378.6 380.1 379 378.7 379.4 378.4 373.9 369.1 363.9 359 352.9 346.9 340.4 338.7
387.2 387.8 387.8 387.4 386 385.6 389.9 391.4 392 389.8 383.8 379.5 378.8 382.4 383.8 376.4 363 351.9 336.9 322.9 310.6 300 286.3 276.3 272.5 276.8 287.2 301.2 312.3 323.6 334.9 343.5 353.3 365.7 379.4 388.9 398.1 403.8 402.1 398.4 403.2 408.4 414.3 414.8 414.3 419.7 418.7 414.4 413.3 409.2 403.3 401 402.8 399.5 394.7 394.5 396.5 395.8 394.2 392.1 388.8 384.6 382.5 381.2 376.6 376.1 377 379 378.3 376.5 374.2 370 366.1 362.1 358.5 352.1 345.4 338.4
385.9 385 384.8 384.3 379.7 376.5 377.6 382.5 383.7 379.4 374.3 369.8 368 369.6 371.5 363.5 355.5 342.2 327.5 317.7 305.3 295.1 284 272.6 271.6 284 295.5 310.5 320.6 330.9 338.7 347.3 357 368.5 379.9 388.2 393.3 396.1 396.6 392.3 388.6 390.6 398.6 407.2 410.6 414.7 418.4 420.3 419.6 416.5 413.4 412.3 410 406.3 400.7 396.1 392.8 390.8 392.7 392.4 388.7 385.5 384.1 382.1 377 375 376.1 381.4 380.3 378.3 375.9 372.7 369.9 366.3 362.9 358.4 352 345.2
385.9 383.4 383 381.6 373.7 366.8 365.2 366.8 368.5 367.1 363 359.7 355 355 356.1 353.4 347.2 335.6 323.2 312.8 303.1 293 282.6 270.8 275.6 287 300.2 311.2 322.1 330.8 338 344.2 354.8 365.5 375.9 383.6 386 384.9 379.7 375.2 371.7 376.7 384.3 399.7 407.3 411.6 420.1 424.8 427.2 425.4 424.2 420.8 416.3 411.6 401.8 397.5 390.6 385.9 383.3 383.9 382.5 380.8 379.5 383.2 378.4 373.5 374.6 379.8 382.8 381.2 378.5 375.2 372.3 368.8 366.2 364.5 358.6 352.3
382.4 381 381.3 376.9 368.2 360.7 354.2 352.1 353.6 354.3 352.4 349.8 345.3 342.7 342.1 340.2 336.3 328.3 316.3 307 299.4 288.6 280.5 269.3 276.7 288.2 302.6 313.1 319.2 328 333.4 339.4 350.1 360.8 367.9 372.9 373.1 366.5 360.6 358.9 361.7 371.5 382 395.7 405.7 416.9 424.8 432.1 433.9 433.9 431.2 426.7 420.5 417.3 408.7 399.7 394 386.4 380.3 376.8 376 375.1 373.4 375.6 378.9 371.6 373.9 379.9 385.8 384.1 381.1 377.7 374.6 371 367.8 364.9 359.8 354.1
380.9 379.6 378.2 373.3 365.1 356.9 349.5 342.6 341.2 340.9 341.6 340.9 337.6 332.6 330.6 327.9 324.3 319.1 311.5 303 295.6 284 278.1 269.5 269.6 287.9 303.4 311.8 315.9 320.3 328.8 334.5 344.8 354.9 361.1 360.2 358 353.1 346.4 353.2 363.6 376.9 391.1 401.7 415.1 425 432.4 435.9 439.2 437.8 435.2 429.8 423.4 419.9 413.1 403.2 394.5 386.4 379.5 371.7 368.5 368.4 366.6 366.4 372.8 370.1 374 378.8 382.2 387.7 385.9 380.6 376.8 372.3 368.4 363.8 358.2 353.9
