UK/data/sy/sy19_OST50GRID_20230518/SY19.asc
ncols 200
nrows 200
xllcorner 310000
yllcorner 90000
cellsize 50
[rows 140 to 174 of 200, columns 79 to 157 of 200]
80.8 70.9 71.5 82 87.6 93.2 98.1 103 108.8 115.6 123.3 131.6 142.5 160.6 182.8 163.4 148.8 144.6 136.9 130 123.4 116.9 107.2 99.7 91.7 82.6 91 102.4 111.2 120.9 129.8 139.4 150 163.8 175.6 188 200.1 204.3 204.9 205.1 204.4 202.9 201 197.8 185.6 168.6 170.2 186.5 196.8 202.6 207.3 209.7 212 213.6 214.9 216.4 217.1 217.7 217.7 217.4 217.1 216.8 216.5 215.8 215 213.7 212.3 211 209 207 205.2 203.1 201.7 199.8 197.1 192.6 183.5 170.9 159.5
83.4 69.4 70.9 81.4 87.4 92.2 96.2 101.1 106.8 112.9 119.7 128.6 139.3 152.2 165.4 145.8 143.2 136.8 132.9 125.9 119.4 112.8 103.6 93.3 86.9 84.9 99.6 107.5 116.2 125.6 135.4 144.7 155.9 172.5 184.9 196.3 202.4 204.4 205 204.5 203.6 202.1 200.1 196.7 185.6 168.5 164.9 180.4 193.6 199.6 204.2 207 209.5 210.9 212.3 214.4 215.1 216.3 216.4 216.1 215.8 215.5 214.9 214.1 213.3 212.4 211 209.9 208.7 206.8 205.2 203 201.6 200.2 198.4 196.2 193.3 184.2 171.2
78.3 69 73.2 82.2 86.7 90.9 94.5 99.2 104.3 110.4 116.9 123.6 130.4 141.8 147 139.3 135.3 130.5 126.9 120.8 114.5 108.1 98.4 90.6 81.6 93.9 103.6 112.1 122.2 131.4 140.3 151 164.5 180.9 193.2 201.2 203.7 204.4 204.6 204.1 202.7 201.2 198.7 195.4 184.6 168.2 159.4 175.1 189.4 195.6 200.1 203.9 205.8 207.9 209.8 212.6 214 215.2 215.2 214.9 214.6 214.1 213.2 212.3 211.5 211 209.8 208.6 207.4 205.9 204.3 202.9 201.4 200 198.6 197.4 195.2 192.4 185.2
77.5 67.9 73.7 81.3 86 90.7 93.2 97.8 102.5 108.1 113.1 118.4 124.4 128.3 131.1 129.4 127.9 125.1 120.3 115.7 109.8 102.4 94.6 88.8 78.2 96 106.5 117.3 128.1 138 147.6 159.8 174 189.6 198.4 203.1 203.6 204.3 204.2 203.3 201.8 200 197.3 193.1 181.6 166.4 153.7 169.8 184.3 188.4 191.8 195 197.4 202.3 207.7 211.3 213 214 214.1 213.8 213.4 212.4 211.5 210.6 209.8 209.3 208.5 207.3 206 204.8 203.4 202 200.8 199.6 198.1 196.9 195.8 193.9 191.6
74.4 67.3 71.5 78.8 84.2 88.2 91.4 95 98.7 103.3 109 113.7 115.8 118.6 120.3 121.8 120.3 117.8 113.5 107.7 102.9 96.9 89.7 81.9 86.8 99.9 108.7 120.3 132.7 143.7 154.8 168.1 183.1 195 201.3 203.2 203.5 204.2 203.6 202.6 201.1 198.7 195.1 189.2 176.6 162.2 150.7 161.2 172.9 176.8 176.8 179.3 190.8 202.1 207.2 210.4 212 212.8 212.9 212.6 211.6 210.7 209.8 208.8 208.1 207.6 206.8 205.9 204.6 203.3 202.2 200.8 199.5 198 197.4 196.4 195.4 194.3 192.5
71.3 66.4 69.3 76.1 82.3 85.8 88.6 92.2 95.5 100.1 104.2 107.5 109 109.2 107.5 109.7 109.7 108.3 104.8 101 96.2 91.5 83.8 82.6 95.2 102.9 111.3 122.5 134.4 146.2 159.3 174.2 189.2 198.5 202.2 203.5 203.5 203.8 202.8 201.9 199.8 197.4 192.8 183.2 171.4 160.3 150.2 153.8 159.6 163.9 168.7 181.5 194.7 203.7 207 210.2 210.9 211.4 211.8 210.8 209.9 208.9 208 207.1 205.9 205.2 204.4 204.3 203 201.8 200.9 199.7 198 196.3 195.4 194.6 194.4 193.7 193
66.6 66.5 69.8 75.4 79.9 83.3 85.8 89.1 91.8 96.6 100.8 101.9 103.4 102.5 100.5 99.3 99.6 99.3 97.6 94.1 90.1 85.7 76.2 89.5 98.6 107.1 116 127 138.4 151.9 166.4 180.7 193.3 200 202.6 203.8 203.8 203.4 202.7 201.6 199.6 196.1 191.1 184.5 178 169.5 154.3 148.9 156.3 166.6 177.8 190.7 200.4 205.9 208.4 209.6 210.2 210.8 211 209.7 208.1 207.1 206.2 204.1 202.6 202.7 202 201.9 201.4 200.5 199.6 198.5 196.9 194.9 193.6 192.7 191.7 191.7 191.9
66 65 70.3 74 77.4 80.8 83.4 85.6 88.4 92.8 95.6 96 97.5 97 95.2 94.1 91.6 89.5 89.5 87.2 83.5 78.4 77.3 91.4 102.3 111.8 122.2 133.3 145.4 159.6 174 187.3 196.5 201.6 203.1 204 204.1 203.5 202.8 201.2 199.5 197.2 193.9 189.3 184.3 175.6 157.7 146.3 160.5 174.6 186.5 197 203.4 206.7 208.8 209.5 209.9 210.5 210.3 209.2 208 206.3 204.3 200.9 199.5 199 199.5 199.5 199.8 199.6 198.8 197.7 196.1 194.1 190.8 187.9 187.6 188.2 188.1
63.4 64.1 68.4 71.9 75.8 79 81.6 83 85.6 88.4 91.1 92.7 93.4 92.2 91.4 87.5 84.6 81.9 80.1 77.9 75.9 72.8 89.3 98.3 108 117.8 129.2 139.9 150.7 165.7 180.9 192.9 198.9 202.2 203.5 204.2 204.2 203.5 202.9 201.5 199.9 197.8 194.9 191.5 185.4 177.7 160.4 142 159.9 174.4 186.4 198 204.2 207.3 209 209.6 209.8 209.9 209.7 208.5 207.4 206 204.2 201.5 197.8 193.5 195.3 197.1 197.8 197.7 197.4 197.1 195.9 194 191.4 187.3 182.8 183.6 185.4
63.1 63 65.4 69.8 73.9 77.4 79.3 80.6 82.5 84.7 86.5 87.9 88.2 87.4 86.2 82.5 79.6 76.4 73.5 72.7 72.7 85.3 94.4 103.1 111.9 122.3 133.8 144.6 158.5 174 187.6 195.7 200 202.7 203.5 204.3 204.2 203.6 202.9 201.8 200.2 198.4 195.5 190.8 182.9 174.2 157 138.4 155.8 170 184 197 204.4 207.6 209 209.5 209.6 209.4 209.1 208 207 205.5 203.8 201.7 199.2 195 190.2 193 195.2 196.4 196.6 196.5 195.5 194.5 192.2 189.8 185.8 177.6 175.6
65.7 61.4 61.9 65.7 70.7 75.1 75.8 76.4 78.3 79.9 81 82.4 82.3 82 80 77.8 74.5 71 70.8 71.6 83 91 98 106.4 115 124.2 134.7 147.6 166.7 182 191 197.1 200.9 203.1 204 204.5 204.1 203.7 203 201.8 200.3 198.2 195.1 188.8 179.4 168.3 152.6 137.9 154.5 169.4 183.2 195.3 203.5 207.8 208.9 209.3 209.2 209 208.5 207.6 206.5 205 203.4 201.8 199.4 196.9 192.6 188.1 192.2 194.6 195.6 195.9 195.3 194.5 192.8 191 188 184.9 173.2
69 62.4 60.2 63.3 67.6 70.9 72.6 74.1 75 75.5 75.4 75.6 75.3 75.3 72.4 69.7 68.8 69 71.9 83.2 88.5 94.8 101.5 109.4 118.2 126.9 137.9 150.7 170.4 183.3 192 197.6 201.2 203.5 204.2 204.3 204 203.6 202.6 201.3 199.4 197.1 193.5 186.7 177 162.3 147.2 140.5 156 170.3 183.4 195.7 204 207.8 208.7 209 208.8 208.6 207.9 207 206.1 204.6 203.1 201.5 199.6 197.1 194 188.6 188.2 192.7 194.5 195.1 194.6 194 193.4 191.6 189.5 186.4 181.2
68.3 64.8 60.3 60.2 64.8 68 70.2 70.6 70.4 68.6 67.2 66.8 66 66.7 67.2 67.7 67.7 70.5 75.8 85.5 92.5 98.8 105.9 113.3 121.6 130.9 142.6 155.1 173.7 186 192.1 197.8 201.4 203.3 204.2 204.2 203.8 202.8 201.4 200 198 195.4 191.1 184.3 172.3 155 140.5 143.7 158.8 171.5 185 196.1 204.1 207.8 208.6 208.5 208.4 208.1 207.3 206.4 205.5 204.3 202.9 201.2 199.5 197.4 194.7 190.2 181.4 190.8 193.3 194.3 193.9 193.6 193.1 192.1 190 187.9 184.2
66.5 64.4 59.5 59.5 63.1 65.1 65 63.7 62.8 63.1 63.8 64.3 66.1 72.5 74.1 77.8 77.7 80.5 77.7 85.2 95.6 102.1 111.5 119.2 127.4 137.4 148.5 163.6 180.3 188 192 198 201.5 202.9 203.6 203.6 202.9 201.9 200.3 198.7 196.3 193.2 188.1 179.5 165.1 148.3 134.6 147.9 162.1 174.7 186.8 197.3 204.3 207.4 208.2 208 207.8 207.4 206.6 205.7 204.8 203.6 202.4 201 199.3 197.3 194.7 190.4 180.2 186.8 191.5 192.8 193.5 193.2 192.8 192.1 190.6 188.4 186
63.8 63.2 59.3 59 60.7 61.8 60.7 60.7 62.4 64.3 68.6 73.4 77.2 80.4 83.4 86.1 87.2 90.6 88.1 85.4 96.9 105.7 114.8 122.6 132.3 142.8 155.9 173.6 184.1 189.1 193.1 198.3 200.9 202.2 202.8 202.6 201.8 200.6 199.1 197 194.3 190.6 183.3 172.4 157.4 143.2 134.3 151.5 165.4 177 188.5 198.3 204.5 206.9 207.4 207.2 207 206.5 205.8 205 204 202.9 201.8 200.8 199.1 197.1 194.4 190.7 181.6 182.2 189.4 191 192.5 192.6 192.3 191.4 190.2 188.1 186.3
63.7 60.6 58.4 58.2 58.5 59.2 60.9 66.7 70.1 72.9 76.8 79.9 82.2 85.5 89 92.6 94.9 96 95.9 94.6 100.4 107.9 116 123.5 134.7 147.6 164 178.8 186.5 189.8 194.1 198.5 200.4 201.6 201.8 201.2 200.4 199.1 197.5 195.2 192.7 187.7 177.2 162.1 147 135.5 135.7 153.9 169.3 180.8 191.8 199.5 204.1 206.2 206.6 206.6 206.1 205.6 205 204.3 203.3 202.2 201.2 200.2 198.8 196.6 194.2 190.3 183.3 173.8 185.9 189.1 190.2 191.1 191 190.2 189.4 188 186.2
66.2 62.6 57.6 56.8 57.9 61.2 65 69.1 72 76.4 80.8 83.9 86.9 90.5 93.5 96.4 99.3 101.8 102.9 101.8 105.7 110.5 116.8 123.6 134.2 149.5 166.9 179.9 186.9 189.8 194.5 197.8 199.9 200.5 200.5 199.7 198.9 197.4 195.2 192.8 189.8 183.5 168.3 154.6 138.8 127.6 135.8 154.7 171.5 183 193.1 200.1 203.7 205 206 205.7 205.2 204.7 204.1 203.6 202.6 201.6 200.6 199.5 198.5 196.2 193.8 190.5 184.4 171.1 179.3 185.9 187.7 188.9 188.6 188.6 187.7 187.1 185.4
66.5 63.7 56.5 56.8 58.8 62.7 67 71.3 75.3 79.7 83.8 87.3 90.6 94.6 97.9 100.6 104.1 107.2 109 108.9 111.5 116.7 119.9 125.5 135 148.5 165.8 179.2 185.9 190.5 194.1 197.4 199.1 199.5 198.9 198.1 196.4 194.3 191.8 188.7 183.6 174.1 159.7 147.9 133.6 122.5 134.6 154.2 171.6 184.2 193.3 200.3 203.1 204.2 205.2 204.8 204.2 203.7 203.2 202.6 201.9 200.9 199.9 198.9 197.9 196.6 193.9 191.2 186.2 176.8 166.7 177.8 183.8 185.5 186.1 186.2 185.9 184.9 184.1
64.7 61.5 56.3 56.9 60 64.2 68.6 73.2 78.3 82.8 86.5 89.6 93.2 97.6 102.3 105.6 110.1 112.4 115.6 117.9 121.2 123.9 127.4 133.5 140.9 151.8 166.3 179.6 184.6 189.6 193.8 196.6 197.3 197.4 195.7 193.9 191.9 189.5 185.8 179.3 170.3 159.9 148.9 139.1 127.1 119 136.3 154 172.4 186.5 195.6 199.9 202.3 203.4 203.9 203.7 203.2 202.6 202.1 201.4 200.8 200.2 199.2 198.3 197.3 196 194.7 191.6 188.1 183.1 170.2 164.1 172 178.9 181.6 182.5 183.2 182.5 181.6
62.5 57.8 55.2 55.8 61.3 66 70.3 75 80.2 85 88.7 92.3 96.8 101.7 106 110 113 117.1 122.1 128.5 131.5 133.7 137.6 143.3 149.8 157.7 168.8 180.8 186.7 190.4 192.9 193.8 192.7 190.5 185.7 182.1 180.5 176.7 171.4 162 156.5 147.8 140.2 130.7 122.6 123.6 138.8 155.8 174.7 188.8 196.2 199.4 201.6 202.7 202.6 202.4 202.1 201.6 200.9 200.1 199.6 199.2 198.6 197.6 196.6 195.4 194.1 192.4 189.5 185.1 178.4 165.9 159.7 164.8 169.5 173.6 177.2 177.4 176.7
60.6 58.8 54.9 55.7 62.1 67 71.6 76.8 82 86.9 91.1 95.5 100.4 105.4 110.3 113.8 119.4 124.5 132.3 140.9 145.1 147.8 149.8 154.6 162.7 169.2 177.1 183.3 186.7 189.4 188.7 184.3 178.4 173.8 168.8 165.4 163.4 159.3 155.8 149.8 142.9 136.1 129.5 123.2 117.4 127.5 142 159.7 176.7 189.9 196.7 199.2 200.7 201.6 201.3 201.1 200.9 200.5 199.6 198.8 198.4 198 197.6 197 196 194.7 193.5 192.3 190.4 187.3 184.7 178.1 168.6 159.5 155.2 160.5 165.6 166.4 166
58.4 56.1 53.4 55.3 63.6 68 73.1 78.5 83.7 89.3 94.6 99.1 103.6 108.6 114.5 119.4 125.3 133.7 144.9 155.6 163.5 166.5 167.8 173.3 176 179.2 181.5 184 185.2 183.1 174.6 166.7 161.4 158 154.4 151.2 150.2 145.9 142.8 138.4 132.3 127.9 122.9 116.5 120.8 133.1 147.2 164.8 180.5 191.3 196.6 199.2 200.2 200.3 200.2 200 199.8 199.2 198.3 197.6 197.3 196.9 196.5 196.1 195.4 194.2 193.5 192.8 191 189.2 187.4 184.4 179.6 171.1 162.7 154.3 150.3 150.3 149.5
56 54.5 53.3 55.8 64.6 69.2 74.6 80 85.8 91.3 96.9 102.5 107.2 112.7 118.9 125.3 133.7 145.2 158 171.8 180 181.9 182.2 182.6 182.8 182.6 182.7 181.3 176.1 167.5 159.3 153 148.4 144.9 141.9 140 138.1 134 132 129.6 124.7 120.5 114.9 118.9 129.3 141.9 155.9 172.2 185.2 192.5 196.9 199 199.9 199.6 199.3 199.1 198.6 197.8 197 196.5 196.2 195.8 195.3 194.8 194.7 194.5 194 193.2 191.8 190.1 188.4 186.2 183.6 180.3 173 164.9 160.2 152.9 150.7
54.6 53.5 52.8 54.7 61 68.6 76 82.1 88.6 94.1 99.6 105 110.6 116.8 123.1 131.7 142.6 156.3 169.4 183.1 187.9 187.1 186.7 186.2 184.2 181.7 177.7 169.7 160.9 152.8 147 140.9 136.1 133.7 132.3 130.2 128.5 125.9 123.9 121.2 116.9 111.2 116.2 126.5 137.5 150.8 165.3 180.1 189 194.4 197 198.7 199.2 198.9 198.6 198.1 197.3 196.5 195.8 195.3 194.5 194.1 193.6 193.1 193.4 194 193.6 193.2 192.6 191 189.5 187.7 185.6 183 180.1 176.5 172.6 168.2 165
56.2 53.2 51.2 54.4 64.4 70.8 77.5 84.3 90.9 97 102.4 107.9 114.1 120.5 127.8 138.5 153.1 168.4 181.8 190.2 189.4 189 188.3 185.7 181.4 177 166.4 155.2 147 141.3 135.6 130.9 127.2 125.1 123.6 120.7 119.5 117.7 115.6 112.6 109.4 116 123.8 133.6 146.6 160.9 175.3 185.4 191.7 194.7 197.3 198.3 198.5 198.2 197.9 197.1 196 195.3 194.6 193 192.5 192.2 191.8 191.3 192.1 193.3 193.1 193 192.7 191.5 190 188.3 186.6 184.9 182.8 181 179.6 177.7 176.3
57.1 52.5 52.2 53.6 65.9 71.9 79 86.2 93.1 99.8 105.3 111.1 117.7 124.3 132.3 146.3 162.6 178.2 189.5 191.4 190.4 189.4 187.6 182.6 173.7 163.4 153.4 144.3 136.6 131.4 126.9 122.4 118.8 116.7 114.4 112 110.6 107.4 105.7 110.4 115.9 122.9 130.4 142.4 157 171.8 183 189 192.8 195.3 197.1 197.9 197.8 197.5 197.1 196.2 195.1 194 192.4 190.8 190.5 190.3 189.8 189.1 190.5 191.9 192.7 192.9 192.4 191.9 190.4 188.8 187.3 185.8 184.6 183.5 182.2 181.2 180.3
52.5 51.2 50.9 61 68 74.1 80.9 88.1 95.3 101.8 108.2 115.2 121.9 128.7 138.3 155.3 171.4 187 193.1 192.6 191 189.3 182.9 173.6 160.5 150 141.9 134.5 127.6 122.8 118.4 114.6 111.1 108.7 105.8 102.9 101.7 104.2 112.7 118.1 123.1 129.1 140.5 152.9 166.5 179.8 186.3 190.7 193.8 196.1 196.9 197.1 197 196.7 196.3 195.2 194.1 192.9 191.2 189.3 187.9 187.9 186.9 187.2 189.6 191.2 191.9 192.7 192.2 191.6 190.8 189.8 188.3 186.8 185.3 184.6 183.9 183 181.9
50.3 48.3 51.1 64.8 69.8 76.5 82.9 90 96.9 103.8 111.3 118.2 125.4 133.3 146.5 164.2 180.4 192.6 194.1 192.7 190.6 187.2 176.6 162.8 149.6 139.5 131.9 125.6 119.8 114.4 110.2 106.2 103.1 100.2 97.9 99.6 108 116.4 121.6 126.5 131.6 139.8 151.3 164.5 177.3 184.3 189 192.3 194.6 195.7 196.4 196.4 196.1 195.7 195.2 194.2 193.1 191.8 190.3 188.1 184.9 184.6 184.2 186.2 189.2 190.5 191.7 192.3 191.8 191.2 190.4 189.5 188.7 187.8 186.3 185.2 184.4 183.4 182.4
49.5 51 62.5 66.2 71.6 78.4 85.2 91.9 98.6 105.9 113.6 120.7 127.7 137.4 154.5 173.2 189.1 194.5 194.4 192.2 189.2 182 171.3 158.2 142.6 131.4 123.4 117.8 112.1 106.6 102.2 98.6 95.5 95.1 100 108.9 117.5 124.2 129.7 136.3 143.1 151.6 162.9 175 182.9 187.3 190.4 193.3 194.8 195.3 195.8 195.6 194.8 194.4 193.7 193 192.1 190.8 189.2 186.9 183.1 179.8 183.7 186.5 189.2 190.4 191.6 191.9 191.5 190.7 189.9 189.1 188.3 187.5 186.6 185.8 184.6 183.4 182.2
49.4 60.7 64 68 73.9 80.6 87.4 94.1 101.1 108.5 116 123 131 143.4 162.7 182.4 192.9 194.8 194 190.4 185.5 174.8 161.5 150.3 136.6 125.9 117.7 109.8 104.3 99.5 92.7 93.1 99.3 104.4 111.9 117.9 124.2 131.8 140.4 149.1 156.3 163.9 172.7 181.6 186.1 188.4 191.3 193.7 195.1 195.2 195.2 194.6 193.5 193 192.3 191.5 190.7 189.5 187.8 185.9 181.3 177.4 184.9 187.5 189.1 190.3 191.2 191.4 191.1 190.2 189.4 188.4 187.5 186.6 185.7 184.8 184 183.1 181.9
57.4 62.9 66.6 71.1 76.8 83.4 90.1 97.3 104.2 111.5 119 127 136.6 152.2 170.5 188.1 193.1 194.4 193.1 188.9 178.2 163.6 149 137.8 128.5 120.3 112.1 103.9 97 89.7 91.6 99.6 104.1 109.8 117.6 125.4 133.8 144.7 155.8 164.9 170.6 175.6 180.2 185.4 187.9 190.1 192.3 194.2 194.9 194.9 194.4 193.4 192.3 191.6 190.8 190 189.1 188.2 186.3 183.4 176.4 178.8 185.4 187.5 188.8 190.1 190.4 190.6 190.3 189.1 188.2 187.2 186.3 185.4 184.5 183.7 182.9 182.2 181.4
57.7 64.8 69.7 74.9 80.5 86.4 93.2 100.4 107.2 114.5 122.6 130.7 144 160.7 178 191.3 193.9 194.3 192.8 187.1 173.2 155.9 142.9 130.2 120.1 113.4 107.1 98.9 89.3 91.9 100.2 105.5 110.9 116.4 125.4 135.5 146.7 159.1 170.9 179.4 182.3 183.4 184.8 187.5 189.3 191.2 193.3 193.7 194.1 194.4 193.3 192.2 191.2 190 189.1 188.2 187.3 186.2 184.6 181.3 171.8 178.2 184.8 187.1 188.5 189.3 189.4 189.5 189.2 188.5 187.3 186.1 185.1 184.2 183.3 182.5 181.8 181.1 180.3
58.8 66.4 72 77.9 83.5 88.9 95.1 102.8 107.6 115.7 125.5 134.9 150.9 168.1 185.2 192.9 194.3 194.5 192.5 186.2 171.1 154.5 140.4 127.5 114.1 105.7 102.1 93 86.6 94.8 102.9 110.1 117.5 124.4 134.4 144.7 158.8 171.5 181.9 185.8 186.6 187.4 188.1 189 190.8 192.5 193.2 193.7 193.9 193.4 192.6 191.6 190.6 189.1 186.4 185.8 184.9 183.6 182.3 178.7 166.3 175.2 184 186.6 187.8 188.2 188.4 188.4 188 187.7 186.7 185.5 184.3 183.1 182.1 181.3 180.5 179.6 178.7
61.7 68 74 79.8 85 91.2 96.6 104.1 111.9 120.3 128.7 139.2 156.7 174.5 190.3 193.9 194.5 194.2 191.4 183.9 168 151 135.1 121.8 111.9 100.4 93.8 84.3 89.7 97.8 105.7 113 121 131.7 143.2 155.2 169.2 182.3 186.7 187.7 188.4 188.8 189.6 190.2 191.7 192.5 193.2 193.1 192.7 192.3 191.9 191 190 188.3 185.6 182.8 180.5 179.8 178.7 171.9 160 173 183.2 186.1 186.8 187.1 187.4 187.2 186.9 186.5 186.1 184.9 183.7 182.3 180.8 179.8 179 178 177.4
64 69.8 75.7 80.8 84.8 91.7 98.6 105.4 112.9 121.6 130.3 142.3 160 177.8 190.8 194.6 194.5 193.6 189.6 178.7 161.8 147.2 131.8 117.9 107.7 101 90.7 82.2 90.8 97.1 105.1 113.2 122.8 134.3 149.6 163.5 178 186 187.9 188.2 188.9 189.6 190.3 191.2 191.7 192.1 192.5 192.2 191.7 191.2 190.7 190.3 189.4 187.6 186.2 183.7 179.5 175 167.9 159.6 157.4 173 182.6 184.9 185.8 186.2 186.3 186.1 185.7 185.4 185.1 184.3 182.8 181.3 179.9 178.4 177.3 176.7 176.2
