UK/data/nx/nx13_OST50GRID_20230518/NX13.asc
ncols 200
nrows 200
xllcorner 210000
yllcorner 530000
cellsize 50
[rows 37 to 73 of 200, columns 0 to 83 of 200]
-2.5 2.8 9.3 23.9 48.9 54.3 50.5 45.1 50.1 53 55.9 56.3 56.2 58.6 60.8 62.9 64.7 66.2 67.4 67.9 66 64.5 54.1 62.1 64.5 67 66.1 64.6 61.9 56.1 50.4 45.7 41.6 37.8 32.5 29.1 28.9 29.9 29.7 29.4 28.1 26.4 23.4 22.5 22.3 21.1 20.7 20.9 20.3 19.2 19.2 17 10.6 18 19.3 18.9 2.8 1.2 -0.3 -2.5 -2.5 -2.5 -2.5 -2.5 -2.5 -2.5 -2.5 -2.5 -2.5 -2.5 -2.5 -2.5 -2.5 -2.5 -2.5 -2.5 -2.5 -2.5 -2.5 -2.5 -2.5 -2.5 -2.5 -2.5
-2.5 0.2 2.8 7.4 25.5 48.1 46.5 43.3 46.2 48 49.8 52 50.9 52.3 54.6 57 58.7 60.1 59.5 60.3 59.2 57.3 54.2 54 56.4 61.4 61.5 59.6 57 53.5 47.5 40.4 37.9 34.8 31.1 28.7 29.4 30.3 29.6 26.2 25.8 23.1 21.6 22.3 23.3 21.8 20.3 20.2 18.9 17.1 16.9 14.8 18.7 19.6 20.3 22.3 4.4 1.5 0.1 -1.1 -2.5 -2.5 -2.5 -2.5 -2.5 -2.5 -2.5 -2.5 -2.5 -2.5 -2.5 -2.5 -2.5 -2.5 -2.5 -2.5 -2.5 -2.5 -2.5 -2.5 -2.5 -2.5 -2.5 -2.5
-2.5 -0.7 1.7 5.4 17.8 43.2 42.1 40.5 42.6 44.1 44.8 46 45.8 48.4 49.4 52 51.9 54 54.6 53.4 52.8 52 50.2 46 49.3 54.2 55.1 54.5 53.1 50 46.4 40.5 36.8 33.8 31.5 30.6 29.9 28.7 26.1 24.5 24.1 22.6 22 22.3 21.7 20.3 19.8 19.6 19.8 20.4 21.6 21.9 21.4 21.4 20.9 23.1 5.6 1.8 0.5 -0.7 -2.5 -2.5 -2.5 -2.5 -2.5 -2.5 -2.5 -2.5 -2.5 -2.5 -2.5 -2.5 -2.5 -2.5 -2.5 -2.5 -2.5 -2.5 -2.5 -2.5 -2.5 -2.5 -2.5 -2.5
-2.5 -1.1 1.5 5.1 15.7 41.7 41 39.2 36 38.2 38.3 38.9 39.9 43.1 44.7 45.7 46.2 47.9 47.9 48.2 47.3 47 45.2 41.1 43.4 45.7 48.4 47.7 47.6 45.4 42.2 38.5 34.6 33.1 32.8 30.8 29.8 26.7 24.7 24.2 23.6 22.6 22.3 21.8 21.1 20.6 22 22.5 23.8 22.6 22.2 22 21.8 21.8 20.6 21.4 6.3 2 0.7 -0.6 -2.5 -2.5 -2.5 -2.5 -2.5 -2.5 -2.5 -2.5 -2.5 -2.5 -2.5 -2.5 -2.5 -2.5 -2.5 -2.5 -2.5 -2.5 -2.5 -2.5 -2.5 -2.5 -2.5 -2.5
-2.5 -2.5 1 5.3 15.4 42.3 41.2 38 35.2 34.7 33.8 34.5 35.4 36.6 37.6 39 40.8 42.3 41.9 42 40.4 40.2 38.5 37.3 38.8 41 42.2 42.4 41.7 39.8 37 33.9 32 31.7 31 29.3 26.3 24.1 23.7 23 23.3 22.4 22.1 21.5 22.9 24.2 24.1 23.9 23.8 23.7 23.1 22.7 21.6 23.2 22.8 20.3 8.3 2.3 1 -0.2 -1.3 -2.5 -2.5 -2.5 -2.5 -2.5 -2.5 -2.5 -2.5 -2.5 -2.5 -2.5 -2.5 -2.5 -2.5 -2.5 -2.5 -2.5 -2.5 -2.5 -2.5 -2.5 -2.5 -2.5
-2.5 -2.5 1.5 5.8 14.6 40.5 40.8 37.5 33.4 28.1 31.3 32.6 33.8 34.4 32.7 31.8 33.2 35.7 36.7 34 32.2 32.4 33.2 34 34.4 35.4 37.3 38.2 37.4 35.7 33.1 31.6 30.5 29.7 28.2 26 25.5 26.4 27.8 26.6 26 26.5 25.4 26.4 25.8 26.2 24.7 24.5 24.1 23.9 23.8 23.1 22.2 18.6 22.7 22.9 10.1 2.7 1.5 0.4 -0.6 -1.5 -2.5 -2.5 -2.5 -2.5 -2.5 -2.5 -2.5 -2.5 -2.5 -2.5 -2.5 -2.5 -2.5 -2.5 -2.5 -2.5 -2.5 -2.5 -2.5 -2.5 -2.5 -2.5
-2.5 -2.5 2.5 6.5 18.2 35.7 36.2 33.6 32.6 31.4 25.6 28.6 31.5 33.6 31.9 28.3 28.2 28.3 29.1 29.1 29.5 29.9 30.1 31.1 31.1 31.7 31.9 32.8 33.8 32.4 31.8 31.5 28.7 26.5 25.9 27.7 34.7 31.2 30.4 31.4 32.5 35 32.4 29.1 27.1 26.3 25.9 25.1 24.9 24.5 24.2 23.9 24.3 23.6 21.6 14.1 12.1 7.6 2.2 1.2 0.3 -0.3 -1.1 -2.5 -2.5 -2.5 -2.5 -2.5 -2.5 -2.5 -2.5 -2.5 -2.5 -2.5 -2.5 -2.5 -2.5 -2.5 -2.5 -2.5 -2.5 -2.5 -2.5 -2.5
0.6 1.4 3.4 7.1 23.6 27.5 29.4 30.5 31.7 31.4 24.4 25 30.6 31.1 30.9 28.8 30.1 29.2 30.1 30.9 29.6 29.9 29.9 29.6 29.5 29.7 28.9 28.1 28.7 29 31.1 30.1 26.8 27.2 30.7 34.7 35.9 36.3 35 36.2 39.2 38.7 37.1 34.9 32.4 29.4 26.9 25.9 25.5 25.3 24.8 24.5 23.8 23.3 23.5 22.3 21.1 19.7 6.7 2.1 1.5 1 0.3 0.2 -0.2 -0.7 -1.3 -2.5 -2.5 -2.5 -2.5 -2.5 -2.5 -2.5 -2.5 -2.5 -2.5 -2.5 -2.5 -2.5 -2.5 -2.5 -2.5 -2.5
5.2 4.3 6.2 8.9 25 29 28.8 31.2 30.7 23.3 19.3 19.5 22.4 27.7 34.3 32.6 31.7 32.2 32.3 31.4 30.4 29.9 29.8 29.2 28.7 29 28.6 28.4 27.8 28.1 27.8 30.5 34.7 36.1 37.6 39.6 39.7 39.7 40.8 43 43 42.3 39.9 37.4 35 33.2 29.4 29 28.3 27.2 25.8 24.6 24 23.3 22.4 19.9 17 17.4 14.3 7.1 2.7 2.4 1.9 2.1 1.5 0.8 0 -1 -2.1 -2.5 -2.5 -2.5 -2.5 -2.5 -2.5 -2.5 -2.5 -2.5 -2.5 -2.5 -2.5 -2.5 -2.5 -2.5
9.3 7.9 5.5 6.9 13.7 18.9 21.1 17 14.8 16.2 17.8 25.4 24.7 21.3 33.2 34.9 33.7 31.7 32.7 32 30.8 30.4 29.7 30.1 29.7 29.1 29.4 28.7 28.3 27.9 32.4 38.4 42.9 41.2 43.5 46 44.9 43.7 47.2 46.9 44.1 47.3 42.9 40.5 39.2 39.8 33.4 33.2 32.8 30.3 28.2 27.5 26.8 24.9 23.7 23.3 22 20.5 19.8 14 8.6 7.1 7.4 7.1 4.1 2 0.8 -0.3 -1.4 -2.5 -2.5 -2.5 -2.5 -2.5 -2.5 -2.5 -2.5 -2.5 -2.5 -2.5 -2.5 -2.5 -2.5 -2.5
29.9 24.9 15.6 9.7 8.8 9.8 10.2 10.2 13.8 19.7 27.3 30 30.9 25 25.2 33.7 31.9 31.1 30.6 30.8 30.3 29.7 29.8 29.6 29.4 30.2 30.2 30.7 31.5 33.5 39.5 44.5 47.9 49 46.9 50.4 48.4 49.9 50.3 53.8 53.8 54.8 49.1 46.1 44.4 44.8 41.3 43.7 42.3 37.8 35.6 36 33.1 28.3 24.9 22.8 21.1 19.6 19.8 20.4 16.3 17.7 20.8 20.2 17.9 2.6 1.4 0.2 -1 -2.5 -2.5 -2.5 -2.5 -2.5 -2.5 -2.5 -2.5 -2.5 -2.5 -2.5 -2.5 -2.5 -2.5 -2.5
36.1 30.7 26.6 21 19.7 21.1 22.8 23.6 24.7 19.1 31 30.6 30.8 29.3 27.7 28.2 31.7 31.5 31.1 31.2 31.2 31.3 33.3 34.4 34.6 32.1 33.1 36.2 39.3 43.5 49 51.7 56 57.2 52.9 56.8 60.2 54.1 58.4 60.1 60.2 58.7 55.4 52.6 51 50.7 51.7 50.4 46.3 44.6 41.5 40.8 37.9 32.9 26.3 24.3 21.4 19.6 18.1 18.3 16.1 15.9 20.6 19.9 18.9 2.6 1.1 0 -1.2 -2.5 -2.5 -2.5 -2.5 -2.5 -2.5 -2.5 -2.5 -2.5 -2.5 -2.5 -2.5 -2.5 -2.5 -2.5
43 37.3 34.2 31 27.8 31.9 32.1 29.6 31 27.8 24.1 29 29.4 30.4 31.3 31.1 32.4 32.4 32.1 31.8 32.4 33.6 36.3 39.1 38.8 35.4 36.4 45.2 52.9 55.7 60.1 62.4 63.9 65.3 60.8 63.3 66.4 65.7 66.2 65.4 63 61.7 61.4 57.2 54.3 55 56.3 52.3 50.8 50.7 46.4 42.9 39.6 31.5 32.7 28.8 25.8 21.7 19.5 16.2 16 14.2 18.6 19.9 19.5 2.7 0.8 -0.9 -2.1 -2.5 -2.5 -2.5 -2.5 -2.5 -2.5 -2.5 -2.5 -2.5 -2.5 -2.5 -2.5 -2.5 -2.5 -2.5
51.3 45.5 39.8 37.8 36.4 38.3 36.3 35.2 33.8 30.5 27.6 29.7 31.5 31.5 35.3 31.5 33 33.6 33.2 33.3 34.6 36.1 39.8 43.4 42.2 37.6 43.2 51.3 57.4 62.1 66.8 66.5 67.8 66.6 67.9 68.3 71 71.8 70.4 69.6 67 65.3 66.3 64 59.9 57.9 55.7 54.2 54.8 54.7 50.2 46.5 40.6 40.6 37.7 31 29.6 24.5 20.8 19.1 15.3 12.6 15.7 18.8 19 2.8 0.8 -1.2 -2.5 -2.5 -2.5 -2.5 -2.5 -2.5 -2.5 -2.5 -2.5 -2.5 -2.5 -2.5 -2.5 -2.5 -2.5 -2.5
60.5 53.6 45.6 42.2 40.1 39.8 38.7 38.7 36.5 32.1 31.8 29.7 31.9 33.7 36.9 33.3 33.8 34.3 33.9 34.9 35.9 39.3 43.6 46.8 43.6 41.7 48.7 54.5 61.7 67.1 70.3 69.9 70.5 69.1 68.5 72.4 77 77.6 76.2 73.5 71.1 68.1 67 66.1 62.2 57.6 56.2 57.2 59 56.2 51 47.8 47.4 44.3 39.7 33 31.7 29.1 18.6 18.6 16.8 13.3 11.3 16.5 18.5 3.2 0.9 -1.1 -2.5 -2.5 -2.5 -2.5 -2.5 -2.5 -2.5 -2.5 -2.5 -2.5 -2.5 -2.5 -2.5 -2.5 -2.5 -2.5
64.2 58.4 52.5 46 45.6 44.1 44.5 42.3 37.9 35.8 34.2 33.1 32.3 35.5 36.3 35.2 35.4 36.9 37.4 37 40.2 42.6 46 45.8 42.6 47 52.6 57.9 64.8 73.3 73.9 75.1 75.4 76.7 73.4 78.1 79.8 80 78.5 74.5 75.4 71.3 67.9 66.4 61.9 55.9 55.6 57.6 59.4 56.5 48.2 52.2 50.8 45 39.7 34.8 30.4 27.4 20.5 16.3 16 14.5 9.4 9.3 8.4 4.3 1.2 -0.6 -2.5 -2.5 -2.5 -2.5 -2.5 -2.5 -2.5 -2.5 -2.5 -2.5 -2.5 -2.5 -2.5 -2.5 -2.5 -2.5
67 61.8 55.4 50.5 51.7 51.4 47.2 43.9 40.5 39.7 37.2 35.4 36.1 36.1 38.2 40.9 38.8 41.2 39.8 40.6 45 45.3 46.5 46.3 48.1 54.2 60.1 61.6 68.2 76.9 77.9 81.7 80.9 86 83.4 81 81.7 80.7 77.2 76 76.3 75.1 67.6 64.2 60.4 56.8 56.7 57.3 57.8 55.5 53 59.3 55 47.8 41.8 33.6 29.9 27.2 23.8 18.9 20.5 18.9 15.7 11.9 12.6 7.2 1.6 0 -2.5 -2.5 -2.5 -2.5 -2.5 -2.5 -2.5 -2.5 -2.5 -2.5 -2.5 -2.5 -2.5 -2.5 -2.5 -2.5
69.5 63.3 59 56.1 56.1 54.1 49.8 46.6 48.7 46.7 42.7 39.2 38.1 39.8 43.7 42.6 40.3 45 43.3 49.5 49.3 47.3 49.6 50.8 54.2 58.8 64.4 69.7 72.1 78.4 81 83.2 84.1 88.7 86.5 82.1 83.1 81.1 81.2 81.4 77.8 75.5 67.9 63 59.1 57.7 56.7 57 55.7 53.1 55.8 62.9 58.2 51.5 41.9 36.6 31 27.8 26.6 21.3 22.2 18.9 17.8 16.2 16.9 11.1 1.9 0.4 -0.9 -2.5 -2.5 -2.5 -2.5 -2.5 -2.5 -2.5 -2.5 -2.5 -2.5 -2.5 -2.5 -2.5 -2.5 -2.5
72.3 66.9 62.1 61.9 60.1 58.5 54.2 55.2 56.1 55.7 49.1 44.1 45.1 48.7 51.3 50.1 43.8 48.2 53.9 54.4 51.8 52 56.4 57.8 58.5 61 69.4 75 76.3 77.4 81.4 82.5 84.6 89.5 86.1 84.2 81.8 81.8 83.2 81 77 70 63.1 61.9 59.3 62.3 59.4 56.4 55.4 55.1 59.7 67.7 62.8 56.7 43.9 35.9 30.1 27.4 26 24.5 25.1 23.2 21.2 18 17.5 15.7 2.3 1 -0.3 -1.6 -2.5 -2.5 -2.5 -2.5 -2.5 -2.5 -2.5 -2.5 -2.5 -2.5 -2.5 -2.5 -2.5 -2.5
75.9 70.2 66.4 65.8 63.9 60.9 61.6 64 63.3 59.9 58.2 58.1 56.2 60 63.4 48.5 51.9 55 58.4 58.3 56.4 63 62.7 66.7 67.9 63.6 70.4 76.5 79 78.5 79.9 81.1 84.6 86.5 84.3 81.6 80.8 81.1 81.6 79.2 73.4 70.6 68.6 68.3 68.2 72.6 69.2 60.1 57.4 59.1 66.6 73.8 70.3 62.6 50.6 43.7 34.6 30.5 28.3 27.2 26.2 25.8 23.6 21.5 19.7 19.7 2.6 1.3 0 -1.3 -2.5 -2.5 -2.5 -2.5 -2.5 -2.5 -2.5 -2.5 -2.5 -2.5 -2.5 -2.5 -2.5 -2.5
81.4 73.5 70.1 67.7 66.1 68.7 68.9 68.7 68.2 67.7 65.1 61.2 56.7 54 52.4 46.7 58.8 59.5 61.4 61.4 61 67.8 69 73.2 71.5 66.2 71.1 76 78 78.1 77.8 79 83.5 84.1 81.2 79.5 79.3 79.1 78.8 77.2 74.3 80.2 77.2 75.4 74.3 73.9 70.4 62.9 62.1 62.3 65.2 68.6 69.2 64.1 58.7 55.3 43.6 35.6 32.7 30.1 29.8 28.6 26.8 24.7 22.5 21.7 7.8 1.7 0.5 -0.6 -1.3 -2.5 -2.5 -2.5 -2.5 -2.5 -2.5 -2.5 -2.5 -2.5 -2.5 -2.5 -2.5 -2.5
81.2 76.2 73.1 72.1 73.1 73.7 74.2 73.7 73.2 73.3 70.4 66.2 56.6 52.8 56 61.8 64.1 64 65.1 65.2 67.6 71 71.5 72.1 68.4 67.3 70.9 76 77.5 76.6 75.8 79.8 82.4 81.2 79.8 79.3 80.6 83.3 82.6 78.5 79.8 81.8 80.6 78.5 75.2 73.9 69.7 68.7 68.8 68 73.5 70.9 67.5 63.7 63.7 61.5 52.3 41.9 36.9 35.6 35.6 34.3 32.3 30.4 26.1 24 17.1 2.3 1.1 0.3 -0.6 -1.6 -2.5 -2.5 -2.5 -2.5 -2.5 -2.5 -2.5 -2.5 -2.5 -2.5 -2.5 -2.5
86.4 82.5 76.5 76.3 76.3 77.2 78.4 78.3 78.9 77.8 74.7 69.4 57.6 63.3 69.6 68.1 68.6 67.8 69.6 71 73.6 73 73.3 75.2 79.8 77.3 78.5 78.2 79 77.1 78.3 79.5 81.6 86.6 85.8 84.3 83.3 83.9 82.8 78.6 82.7 82.6 81.5 79 75.1 75 75.6 72 74.5 77.8 76.6 77.4 74.4 68.4 67.5 63.8 59.6 51.1 42 41.5 39.4 38.6 37.3 36.6 28.3 24.8 22.8 2.8 1.8 0.8 -0.1 -0.9 -1.7 -2.5 -2.5 -2.5 -2.5 -2.5 -2.5 -2.5 -2.5 -2.5 -2.5 -2.5
87.1 81.4 78.6 79.4 79.8 81.3 83.4 85.2 84.6 82.4 79.3 73.2 62.7 63.2 71.8 71.1 73.3 74.1 75.8 76.3 75.6 79.2 80.8 82.7 83.2 81.5 80.3 81.7 82.2 80.6 83.8 84.8 88.9 86.8 86.2 85.8 84.5 84.5 83.9 79 85 84.1 83.2 79.6 76.9 77.4 76.4 78.1 81.3 84.6 79.2 82.1 76.9 70.7 69.5 67.1 62.6 61 50 50.5 48.1 41.8 36.9 38.5 30.4 25.9 23.7 19.8 2.3 1.4 0.5 -0.2 -0.7 -0.4 -0.1 1.6 -0.3 -0.5 -0.7 -1.1 -1.4 -2.5 -2.5 -2.5
87.9 83 82.5 83.3 83.1 85.6 88.9 93.2 90.8 88 82.3 67.1 69.7 70.7 74.5 75.1 76.7 78.5 78.5 78.8 81.8 83.7 86.5 85.8 84.4 82.5 82 82.8 85 86 86.3 88.3 91.3 90.2 86.8 85.5 85 84.5 83.9 82.1 85 86 83.7 79.7 77.5 78.1 80.1 85.5 87.6 88.4 84.9 79.9 76.4 71.7 67.5 66.1 65.4 62.8 60.1 59.9 57.3 51 40.4 35.4 29.8 26 23.5 24.9 3.2 2 1.2 0.5 0.7 0.9 1.6 2.8 2.3 1.5 0.8 0.3 -0.1 -0.2 -0.7 -1.6
89.7 87.4 87.5 88.6 87.6 89.7 93.4 98.4 92.7 86.5 78.8 66 76.6 78.5 78.1 78.9 80.5 80.8 81.8 83 87.1 86.4 86.8 84.9 84 83 85.3 84.1 87 87.8 88.3 90.2 91.3 89.5 86.5 84.4 84 84 83 84.9 87 86.3 84.2 80.8 78.9 79.1 81.3 86.2 92.4 90.2 82.3 79.9 80.2 75.7 68 68.5 67.5 66.4 65.7 62.4 60.3 55 48.3 43 39 28.5 24.4 23.7 21.4 2.6 1.9 1.8 2 2.3 4.3 2.8 2.8 4.9 2.2 1.7 1.3 1.4 0.8 -0.4
94.5 92.5 92.5 92 88.8 91.6 95.7 95.6 89.4 83.1 68.3 82.2 85.4 85 82.9 82.3 82.7 83 84.4 86.2 87.4 86.9 85.6 83.3 84.2 85.8 86.1 86.2 85.5 86.2 88.2 90.4 90.6 88.2 84.8 82.3 82.7 82.6 82.3 86.1 87 85.5 82.9 79.8 81.1 83 83.5 87.4 92.8 87.5 81.2 80.6 81.6 79 70.9 74.2 70.5 74.6 68.7 65.9 63.5 58.1 52.1 49.5 42 32.7 25.5 23.9 22.1 12.6 2.8 2.8 2.8 2.8 -2.5 2.4 2.8 4 10.5 4.3 2.8 3.4 1.8 0.6
97.9 97.1 96.5 92.5 89 87.6 88.8 89.1 83.9 76.4 87.6 92.9 91.7 89.7 87.2 84.5 84.9 85.6 86.6 88 87.9 88 87 86.6 89.9 91.3 88.1 87.9 85.9 85.5 87.7 89.2 88.7 86.5 82.6 81.7 82.8 82.7 82.5 85.4 85.9 84.7 82.2 80 82.6 83.9 85 86.1 89.2 84.8 83.7 81.7 83.5 85.5 76.6 76.1 78.6 80.1 73.7 70.3 66.9 61.1 55.5 52.1 45 36.2 26.7 26 22.2 19.6 11.5 6.5 5.8 5.2 -2.5 1.5 6.2 8.9 9 8.2 7.1 5.6 3 1.4
98.7 100.3 95 90 85.7 82.7 82.4 80 87.1 92.4 96 99.3 97 93.9 90.3 86.8 87.1 87 88.8 91.4 93.6 93.9 89.9 93 95.3 95.9 90.7 89.5 87.2 86.3 87.2 88.3 87.5 84.5 85 87.4 86.5 83.1 82 84.7 84.6 83.8 80.9 81 87.6 88.1 83.8 84.3 84.9 83.7 83.1 83.6 84.8 86.4 81.4 79.9 82.4 82.9 78.4 74.4 69.5 64.7 59.1 54.1 47.6 38.3 31.4 26.6 22.8 19.8 17.1 17.5 14.8 8.3 12.7 10.5 9.2 8.6 8.1 8.8 7.5 6.1 6.1 1.9
97.7 97.5 93.5 88 86.4 82.8 82.3 84.6 92.5 97.9 102.3 105.2 101.4 97.7 92.8 89.6 89.2 89.8 92 93.8 95.6 94.6 96.7 98.4 100.2 98 97.4 94.9 91.4 88.4 87 87.8 86.8 91.7 88.2 87.7 86.3 83.6 83.1 83.6 83 83.4 81.6 83 89.3 87.6 84.1 88.1 86.6 85.6 82.1 82.3 85.3 85.5 83.1 84.4 87.8 88.3 82.7 80 74.1 68.5 62.3 56.2 52.7 43.3 36.6 29.5 26.3 21.4 18.3 16 12.3 8.8 10.3 9.2 8.6 8 7.4 8.5 7.5 6.3 6.2 2
92.3 91.3 88.8 88.3 89.4 87.6 92.8 90.1 93.2 98.9 104.3 108.3 104.7 100.1 95.5 93.5 91.9 92 93.7 95.5 97.2 98.5 101.1 101.7 101.5 102.2 100.1 97.3 95.7 91.9 89.8 90.3 95.6 92.1 89.4 87.6 86.2 84.7 82.9 84.1 83.8 85.1 83.9 84.1 89 87.9 86.3 88.9 87.1 87.6 84 81.5 84.9 84.3 86.8 88.7 89.4 88.5 84.7 81.5 76.5 73.8 64.3 57.9 53.7 46.9 38.4 31.5 27 22.6 19.9 14.2 14.1 14.1 13.1 11.5 10 8.8 7.9 8 7.3 6.8 5.9 2.1
88.7 88.7 90.8 97 95.2 95.8 100.8 95.1 93.8 97.8 102.8 108.3 106.4 102.5 99.1 97 95.3 94.1 95.5 97.2 99.1 101.5 102.9 103.6 105.7 103.2 100.3 98 97.7 92.8 94 94.7 94.7 93.4 89.4 86.3 85.9 84.5 82.9 83.2 84.8 86.2 85.8 84.7 89.2 89.6 87.5 87.3 87 86.2 83.2 81.2 83.6 84.3 91.6 91.7 91 90.2 86 80.9 77.9 74.1 64.2 57.8 52.5 47.6 39 31.8 26.9 23.7 19.1 15.9 18 16.8 15.1 14.2 12 10.3 9 8.3 7.1 6.8 5.9 2.2
92.3 94.5 101.9 104.8 106.5 111.5 112.6 110.1 99.2 98.1 103.9 108.3 106.9 104.6 102.1 100.1 98.4 96.3 97.5 99.5 102.5 105.6 108.1 109.9 110.1 106.4 102.6 99 98.2 95.7 98.7 96.1 93.5 92.2 87.5 85.9 84.9 84.4 85 85.7 86 87.4 86.5 86.4 91.9 91.3 88.4 87.2 85.8 84.2 81.6 81.3 82.1 86.1 92.3 92.8 93 88.3 87.2 80.6 76.9 71 62.8 57.2 51.7 47.6 39.3 33.2 26.5 23.2 17.1 18.1 19.3 18.2 15.9 14.5 12.9 11.2 9 8.6 6.8 7.5 7 2.3
103.2 106.8 114.6 114.1 123.2 125.7 121.5 115.2 113.6 103.9 106.4 110.4 110.1 107.9 105.6 103.2 99.7 98.1 99.8 102.5 106.7 109.7 112.2 114.4 114.7 113.1 108.6 103.9 100 98.9 99.2 96.4 93.1 89.8 87.3 86 85.5 87.6 90.3 90.3 88.3 88 86.9 88.1 92.3 91.1 87.8 88.4 85.2 83.6 84.1 82.9 82.8 88.4 94.7 93.9 91.7 89.7 85.6 80.3 75.4 69.1 63.3 57 50.7 47 38.9 33.1 27.2 22.8 22.2 19.4 19.4 19.2 17 15.3 13.3 10 8.4 7.7 6.9 7.3 6.7 2.5
110.3 113.6 121 126.7 135 136.6 130.5 123.1 115.7 112.3 109.2 113.2 113.7 111.5 109.8 107.7 103.1 100.7 102 105.7 109.5 112.6 115.4 118.3 120.8 118.1 112.5 107.6 103.6 100.2 99.7 97 93 89.7 87.7 86.7 87.3 94.3 94.8 92.6 90.3 87.9 87.6 89.5 91.6 90.4 88.1 89.2 87.7 91.5 90.9 92 85.5 89.9 93.1 93.5 92.5 89.1 82.4 79.2 74.2 68.9 62.2 55.9 50.9 44.8 36.2 34.2 27.1 23.3 25.4 24.2 21.4 20.9 18.3 15.8 12.8 10.9 10.2 9.5 7 7.6 6.4 2.7
117.8 120.1 127.5 134.6 141.7 141.4 138.9 132.5 121.3 117.7 113.9 117.1 117.5 116.2 114.9 111.7 106.4 103.3 105.9 108.6 112.3 115.9 119.5 123.8 125.5 120.5 115.9 110.1 104.3 102.7 99.3 96.9 94 90.7 89.3 88.9 91.8 96.4 95.4 93.7 91.3 89.3 88.4 90.3 91.3 89.8 88.9 93.4 93.9 95.9 92.6 92.4 88.9 92.7 94.5 92.8 92.7 89.6 85.2 79.7 74.9 69.1 61.6 55.5 49.2 44.6 35.9 31.2 24.4 24.2 25.3 23.6 24.7 23.5 21.4 17.5 14.7 13.6 12.7 11.3 7.8 7.4 7 4.5
122 129.8 132.6 135.4 144.6 148.8 146.9 141.3 128.8 125.7 117.7 121 121.1 120.9 119.1 115.4 110.6 106.4 108.1 110.9 115.1 119.7 123.9 129.2 130.4 124 118.2 114.2 107.1 104.9 100.8 97.6 95.5 93.8 94.9 96.8 98.5 98.3 97 94.8 92.1 90 89.8 91.5 93.2 90.3 89.5 89.6 96.2 93.8 93.6 92.4 92.1 92.6 94.7 93 93.5 91.2 86.5 82.9 75.1 69.3 61.4 55.6 46.3 40.8 34.4 27.9 25.3 24.1 23 22.6 22.4 21.6 20 18.6 18.9 15.6 14.1 12.5 7 6.6 7.6 6.7
