UK/data/sy/sy29_OST50GRID_20230518/SY29.asc
ncols 200
nrows 200
xllcorner 320000
yllcorner 90000
cellsize 50
[rows 114 to 151 of 200, columns 0 to 84 of 200]
92.4 99.5 103.1 99.7 90.1 83.1 81.6 79.8 77.7 76.3 77.2 80 82.4 82.2 81.9 79.2 73.5 70.2 62.7 54 47.2 57.9 67.3 75.7 83.6 88.2 90.8 87.3 87.3 92.3 98.8 105.8 110.2 113.7 117.2 117.3 114.3 112 107.1 98.6 92.3 82.3 74.7 63.6 49.6 41.2 38.3 36.4 34 33.2 32.5 31.9 32.3 32.5 32.1 34.2 35.9 36.4 36 36.7 36.7 37.9 39 36.8 35.1 35.1 33.5 31.4 29.1 27.4 25.9 21.5 21 20.1 21.2 21.1 19.5 18.8 19.6 18.8 18.3 18.4 17.6 17.2 17.2
99.1 103.3 104.1 97.4 87.6 85.1 84.8 82.1 80.5 79.5 79.4 79.1 77.2 77.8 75.3 72.3 65.6 62.5 57.9 51.6 49.2 61.4 70.6 80 87.5 94.2 99.4 97.9 95.7 103.8 111.9 118.4 129.4 126.2 123.8 122.9 119 114.2 108.9 101 95 87.1 78.1 68.4 52.4 42.8 41.4 39.1 34.8 33.7 32.5 33.1 33.4 34.7 36.4 39.3 41.9 42.3 42.5 43.8 42.3 43.8 44.7 45.2 45 42 39.6 36.5 35.2 32.5 33 31.1 29.2 27.8 26.3 24.8 23.4 22.6 21.7 20.1 19.1 18.4 17.7 17.5 18.3
110.3 107.5 98.3 90.6 88.2 87.5 87.9 86.1 85.2 83.5 80.9 77.6 74.5 72.1 68.5 65.8 61 58 54.6 50.2 56.8 65.7 74 82.9 91.7 101.5 105.7 105.1 103 112.4 124.2 132.3 142.4 153.8 149.6 128.2 120.1 114.6 107.7 101.1 94.4 88.1 80.8 71.8 59 47 42.4 39.5 35.6 34.2 33.5 33.9 35.9 37.9 40.9 42.8 47.2 50 49.4 50.2 50 49.7 50.8 52.1 53.1 49.9 47 45.9 43.3 41.8 40.3 39.2 35.1 31.8 30 28.7 28.1 27.8 27.1 25.7 24.3 22.5 20.7 19.6 19
113.8 101.9 93.5 92.3 91.6 93.4 93.4 91.5 89.7 83.7 78.7 75.4 71.4 67.1 62.7 58.9 57.8 56.1 52.4 49.5 60 69.2 77.3 87.1 99.2 107.4 111.2 111.5 108.6 116 127.7 140 149.7 150 142.7 133.4 114.3 109.5 104.8 97.9 92.8 88.1 81.1 72.7 64.3 49.5 43.6 39.2 35.1 34.8 34.6 37.2 38.6 43.2 46.1 48.2 51.6 53.7 60.3 59.1 59.1 58.2 56.7 59.4 59.9 58.3 57.4 53.4 51.8 49.4 46.4 43.9 40.3 35.9 33.8 32.4 32.6 32.8 32.5 31.2 29.3 27.2 26.9 24.2 21.6
105.6 98.4 97.3 100.5 102.5 102.2 101.4 98.9 91.6 84.1 79.3 73.6 68.7 66.4 62.1 59.1 57.3 54.3 52 51.7 63.7 71.9 80.3 92 104 110.2 114.4 116.7 113.6 116.6 125.1 131.7 136.5 135.8 131.4 126.7 113.1 106 101.6 95.8 90.8 86.3 79.2 72.2 63.8 48.5 44.9 39.7 35.2 35.3 39.8 41.9 46.8 51.3 54.1 59.8 63.4 67.1 70.5 68.9 68.1 66.9 66.7 68.1 67.8 66.7 65.3 62.9 60.8 57.1 54.4 49.6 45 40.3 38.2 38.1 38.7 37.7 37.4 36.8 34 33.8 31.5 28.8 26.2
101.7 104.5 107.2 112.2 114.3 112.9 108.6 104.3 96.4 89.5 85.7 78.2 73.9 70.8 64.9 61.1 58.1 54.1 51.5 57.4 68.2 75.8 84.3 97.6 105 111.9 116.4 115.3 111.9 113.4 114.2 116.9 122.1 119.3 117.2 117 114.1 106.6 99.6 93.2 86.8 81.2 74.3 68.1 61 51.9 44.4 38.2 36.1 40.3 46.4 47.9 54 59.7 63.8 68.6 73.2 77.1 79.2 80.8 80.3 76.8 75.8 78.3 77.2 76.3 73.7 71.8 67.1 63.8 60.5 56.7 51 46.7 43.2 43.8 45.8 45.9 44.9 43.5 42.1 41.7 39.7 34.8 33.3
109.6 113.3 117.9 121.7 124 122.8 116.5 111.4 104 97.8 90.2 85.2 79.8 72.5 66.4 61.7 58.7 54.2 51.9 63 71.5 79.7 91.2 101.2 107.2 112.6 114.5 111.3 103.6 102.5 104.8 106.2 107.1 107.8 107.5 109.3 108.8 103.8 97.5 89.1 82.1 74.4 67.8 63.3 57.7 48.6 40.8 37.9 41.3 46.4 51 53.4 59.5 68 73.7 81.1 84.6 87.1 93.5 90.5 89.1 85.8 82.4 87.6 88.9 87.8 85.2 80.2 75.2 70.4 66.8 61.7 55.9 51.8 48.8 49.2 51 53.5 53.4 50.9 50 48.1 46.4 39.4 40.7
118.7 121.1 129 137.2 139.9 135.8 128.5 117.9 109.6 103.1 95.2 87.1 79.2 71.9 66 62 60 55.8 52.6 64.5 72.7 83.7 96.1 102.8 108.6 108.4 108.3 104.5 99.7 97.3 97.5 98 99.8 99.5 99.5 103.1 105.8 101.2 95.5 88.6 81.5 72.8 63.8 56.2 49.7 43.4 37.9 40.3 46.7 51 55.6 59.7 69.3 77.1 86.4 88.9 93 101.1 106 108.3 106.3 98.4 93.9 101.4 103.5 101.3 95.9 92.8 85.5 78.3 72.2 65.8 59.9 55.2 54.2 55.3 57.2 59.7 58.9 56.8 53.6 51.1 49.5 47 42.8
130.9 135.7 143.4 152.2 157.4 154.3 141.5 127.9 115.7 104 98.8 89.8 83 76 69.6 63.8 60.7 55.5 52.8 61.5 71.7 82.7 92 97.8 103.6 101.6 98.5 95.5 90.1 88.4 89 89.9 92.4 91.7 93 99.6 101.1 96.9 91.4 85 78.5 71.1 60.2 51.2 44.8 39.2 40.7 45.6 50.6 56.7 62.3 68 75.1 86.6 94.1 97.2 105.6 116.7 124.6 127.6 122.7 113.3 103.1 112.3 120.7 117.1 112.5 106.5 96.9 85.9 76.5 70.2 63.2 60.9 60.3 62.1 62.9 62.9 61.5 58.6 54.8 51.5 47.6 44.7 37.9
146.7 152.5 158 165.2 165.6 161.2 149.5 133.9 117.9 107 101.5 97.6 90.2 82.1 72.9 67.5 62 55.6 54.3 61.4 71 77.2 81.8 87.6 92.4 92.7 92.1 88.3 83.1 81.7 81.5 82.9 85.5 85.5 89.8 94.5 94.5 90.6 84.9 79 73.2 65.8 54.7 46.7 41.3 41 46.5 51.2 56.2 62.5 67.6 75.4 83.6 93.7 100.4 103.2 115.7 128.2 136.2 134 130.4 125.7 120.1 118.3 122 122.9 121.3 117.6 106.9 91.4 77.2 70.9 67.4 66 66 66.7 65.7 63.4 60.1 56.1 51.9 48.6 46.1 41.6 37.5
164.4 167.4 168.5 167.6 162 153.6 143.1 128.5 117.5 111.3 108.1 102.2 92.8 82.4 73 66 60.2 56.4 55.3 62.5 69.4 73.3 76.9 81.3 82.3 85.1 85.8 84.1 81.2 78.1 75.8 77 78.8 80.5 87.1 89.2 88.4 83.8 77.7 71.7 65 57 47.9 42.3 40.8 45.4 51.9 58.1 62.6 68.3 78 89.5 94.3 101.5 103.7 115.7 127.6 137.5 140.1 137.4 133.9 130.1 125.7 123.7 125.8 124.7 122 117.3 108.2 92.8 83.1 76.1 74.9 73.4 71.8 69.3 65.2 60.8 56.8 52 48.4 45.8 42.5 40.3 37.6
169.8 169.7 168 163.4 153.1 142.5 131.6 123.8 118.9 112.5 107.2 99.9 90.1 79.9 70.1 63.1 58.5 56 56.9 61.2 65.1 69.1 73 75.9 78.6 80.4 81.5 79.5 77.1 73.6 70.6 72 75.1 80.7 83.9 84.6 81.4 76.9 69.7 63.6 57.1 48.7 44 40.9 43.5 49.3 55.9 63.8 71.8 78.7 86.5 94.5 98.8 103.3 113.2 127.2 137.8 142 143.7 140.6 137 132.7 128.1 126.6 127.4 126.1 123 117.9 110.9 99.5 91.1 84.6 82 79 72.7 66.5 61.8 57.4 53.5 49.2 48.6 46.7 45.4 43.6 42.8
169.5 167.2 162.8 153.9 143.4 130.4 120.2 109.3 108.9 106.9 102.3 95.9 85.9 76.3 67.8 61.3 57.7 56.9 57 59.9 63.2 66.4 69.6 73 76.4 77.2 76.7 73 70.5 67.8 66.2 69.5 72.4 79.5 80.7 78.1 74.3 69.7 61.4 55 49.3 44.1 43 42.4 48.9 54.7 66.1 73.6 84 90.7 95.6 100.6 103.2 114.9 126.7 139.7 147.1 148.3 145.8 142.9 139.2 134.8 130.4 131.5 129.8 126.9 122.9 117.9 111.6 103 93.9 87.3 80.6 74.4 70.7 65.8 62.5 59.1 57.1 53.9 53.7 52.3 51.1 48.5 48.4
166.2 162.2 156 145.8 132.5 120.5 113.7 106.6 100.5 98.8 94.6 88.6 81.2 74.1 67.8 62.4 58.5 58.2 57.8 59.5 62.3 65.4 68.2 71.3 73.6 73.9 71.7 67.9 66 64.3 63.9 67.4 71.4 74.3 75.4 72.7 67.2 60.5 54.1 48.9 43.8 42.4 44.9 50.1 54.4 59.5 74.2 83.4 92.5 97.5 102.3 105.5 114.8 127.7 139.6 150.4 153.9 151.4 147.8 144.4 140.5 136.3 133.8 134 131.5 127.2 122.4 116.9 109 97.6 88.6 81.5 79.3 76.3 73.3 70.7 67.2 65 62.2 58.8 58.7 58.3 56.1 53.8 54.4
160.5 154.9 147 137.2 125.8 114.4 105 98.2 92.5 89.1 85.8 80.5 75 69.7 64.6 61.2 59.6 58.8 60.4 61.7 62.9 65.9 69 71.7 72 70 67.1 63.1 61.9 61.2 61.3 63.1 66.9 70 70.1 65.3 59 53.8 48.5 43.9 43.2 46.2 50.5 56 60.2 65.9 74.7 88.8 95 100.8 106.3 120.2 125.9 141.1 152.2 159.6 155.9 153 149.2 145.5 141.6 136.6 137.2 135.1 131.5 126.4 121.3 115.2 102.1 93.1 88.3 87 87.8 86.8 83.3 77.6 72.9 71 67.7 62.6 60.9 63.8 62.5 60.5 60.5
152.7 145.2 138.4 130.9 119.6 110.9 101.5 93.6 86.9 81.4 77.3 72.6 66.2 64.5 60.6 60.6 60.6 62.2 63.3 64.9 65.7 68.9 73 77.3 74.2 68.6 64.9 61.4 58.9 58.7 58.6 60.2 61.4 64.1 63.5 58.5 53.4 48.7 45.6 44.7 48.5 53.3 57.4 61.6 66.8 73 79.6 95 101.2 103.2 112 127.7 143.2 155.9 161.5 160.5 157.4 152.8 148.4 144.7 141.3 138.6 137.6 134.3 130.9 125.3 119.3 107.8 98.5 95.4 96.1 102.6 105 103.8 98.7 89.1 80.6 76.2 72.4 67.4 64.8 69.6 70.1 71.8 70
144.6 137 131 125.9 116.4 108 100.4 92.1 84.2 76.8 72.4 66 63.3 61.5 62.5 63.4 64 66.1 67.8 67.6 68.3 70.9 78.4 78.3 75.3 69.8 64.9 61.2 57.4 56.4 56.8 56.6 57.5 58.8 56.7 51.3 46.3 45 46.4 50.9 54.5 60.6 64.6 68.7 74.3 81.1 89 98 104.8 113.2 122.6 142.6 160.1 162.8 162.1 160.7 156.1 151.5 147.3 143.2 140.1 139.3 136.9 133.6 129.1 123 113.5 102.8 101.5 105.4 108.3 109.3 108.1 106.7 103.6 98.8 90.1 83.5 78.3 75 75.1 76.9 78.6 79.1 79.1
136.5 129.7 126.2 121.1 113.8 106.9 98.2 88.4 81.1 74.9 69.5 64.2 63.1 64.2 68.2 69.3 69.9 72 71.6 71.2 70.9 72.4 78.2 78.3 75.2 69.6 64 60.2 56.4 54.7 54.4 54 52.7 52.5 49.8 46.7 46.3 48.1 51 56.9 61.3 65.6 70.5 75.4 80.9 87.4 95.2 105.6 111.7 122.9 136 152.2 164.8 164.8 163 160 156.2 149.8 145.1 141.2 139.4 138 135.3 131.7 126.8 118.8 108.5 108.3 109.2 111 110.7 109.7 108.6 107.4 105.3 103 96 88.2 84.3 80.6 82.8 83.7 84.7 84.4 83.9
130.8 124 118.9 115.1 108.3 103.7 95.7 87.2 78.2 71.1 64.3 65.4 71.8 73.4 75.5 76.2 78 77.3 77.1 76.1 75 74.4 78.8 78.3 74.7 68.5 63.7 59 55.9 54.1 52 50.4 49.9 48.7 47.5 46.9 50.6 55.9 57.7 60.5 66.3 72.4 77.6 83.9 89.3 95.4 101.7 113.5 123.2 135.8 149.4 161.9 168.2 166.6 162.8 159.6 153.7 147.8 142.9 140.8 137.8 135.3 133.1 129.3 123.6 114.1 110.6 111.9 111.7 111.3 110.3 109.2 107.9 106.8 105.4 103.7 101 94.4 89.9 86.9 87.3 86.5 86.4 86.1 85.2
124.6 116.6 109.8 108.2 102.4 93.9 88.8 80.8 71.9 65.2 68.5 75.3 81.6 83.8 85.2 85.9 85.8 83.8 82.6 80.3 78.4 77.9 81 80 74.6 68.4 64 60.4 57.6 56.4 56.1 52.5 50.3 48.3 47.9 51.9 58.5 62.8 68.2 65.6 70.9 77.7 85.2 92.2 98.2 103.1 112.1 124.1 136.2 149.2 160.2 168.5 168.4 166.7 162.9 158.7 152.2 145.9 140.8 136.9 133.7 131.8 130.2 125.5 118.8 113.1 113.7 113 112.3 111.1 109.2 107.6 106.5 105.6 104.9 104.1 103 97.3 92.8 89.5 87.4 85.2 85.1 85.2 84.8
120.2 112.6 101.9 93.8 93.4 87.9 81.1 73.2 67.2 70.4 78.5 86.1 91.2 94.1 96.4 96 95.4 91.8 89.2 86 82 81.4 85.9 81.3 75.6 70.9 67.3 64.8 63.4 63.3 62.6 55.6 50.3 48.4 50.6 55.4 62.7 69.1 73.8 72.2 74.5 83.7 90.9 97.9 104.2 111.2 124.1 136 147.6 158.9 168.6 170.7 169 166.7 162.7 157.9 153.1 147.8 142.4 137.2 132.6 128 125 120.9 118 117.6 115.6 113.5 111.2 109.3 106.9 104.9 102.9 103.4 103.2 103.2 102.7 99.4 94.3 89.7 86.7 84.3 83.5 83.5 83.3
114.2 108.7 99.3 88.4 82.7 78.7 69.9 66.1 71.4 81.8 87.1 93.6 100.3 103.5 107 105.3 104 100.8 95 91.1 86.4 84.9 88.9 84.3 78.8 77.3 76.4 75.3 72.6 68.3 62.1 53.4 48.7 50.8 59.1 62.1 68.7 75.8 80.8 80.8 78.5 90.2 97.8 104.9 112.1 124.6 136.8 146.8 156.9 168.3 171.3 170.9 169.2 166.7 163.6 160 155.9 150.8 146.1 141.8 137.7 133.8 129.9 126.1 122.3 119.5 115.3 112.9 109.7 106.1 103.5 100.7 100 100.1 101.1 101.8 100.7 98.1 93.6 88.6 84 81.3 79.8 80.3 80.5
107.2 101.8 91.2 81.5 74.5 69 70.5 77.8 86.1 91 96.9 103 108.4 115.8 119.6 119.7 116 109.1 101 96.5 91.8 90.2 94 91.8 89.7 85 84.1 81.1 73.6 63.7 55.3 50.7 51.8 59.1 66.7 68.4 74 81.7 88 91.4 91.7 98.3 107 114.3 125 138.7 149 158.6 167.7 172.5 173 171.2 169 166.2 163.5 160.1 156.7 153.8 149.7 145.7 141.8 137.6 132.6 128.6 125.5 121.2 117.1 111.7 108.5 102.5 98.7 96.7 96.7 96.3 97.3 98.5 98.5 96.5 91.5 85.9 80.7 77.2 75.2 75.6 75.9
100.6 93 82.3 75.5 68.2 74.9 82.1 89.6 95.7 100.9 107.4 113.7 121.1 128.1 134.1 136.8 134.7 124.8 111.2 102.1 96.1 97.9 100.9 100.4 95.2 87.7 80.6 75.2 66.1 58.7 51.7 53.7 59 65.9 73.9 77.2 81.8 89.2 93.1 99 104.7 109.3 117 127.9 140.5 151.8 162 170.3 174.6 174.6 172.6 170.6 168.3 165.7 163 159.9 157.2 154.4 151.4 147.8 144 139.9 134.8 130.9 126.5 122 116.3 111.4 106.5 99.9 94.7 91.4 91.7 91.6 93.2 94.9 96.1 93.9 88.9 83.1 78.3 74.6 71.7 71.5 72.3
93.2 84.4 76.4 69.8 77.4 86 93.5 99.3 107 113 119 126.9 132.9 138.4 145.7 151.7 151.3 140.9 121.3 109.1 104 106.3 106.6 103.6 95.8 85 76.9 68.1 59.6 53.1 53.5 58.2 64.1 72.7 81.2 86.7 90 97 101.9 105.2 114.4 123.3 136.6 149.5 158 166.5 173.6 176.3 175.9 173.8 171.8 169.6 167.1 164 160.9 158.9 156.5 153.7 152 148.5 145 140.8 135.5 131.6 127.2 122.4 116.5 110.4 104 97.2 92 86.9 84.9 85.4 89.4 91.4 92.2 90.6 85.5 79.6 74.6 71.7 68.7 67.6 67.8
81.7 73.7 72.6 79.2 88 96.1 104.6 111 120 127.5 133.7 141.1 147.8 155.6 156.9 158.3 156.6 147.6 127.1 113.4 110.3 108.8 108.5 101.8 93.8 80.8 71.3 62.5 55.9 52.6 58.1 63 69.3 78.1 87.2 93.9 95.4 104.5 109.9 112.9 125.2 139.3 151.9 160.8 169 174.6 178.3 177 175.1 173 170.5 167.7 163.9 160.8 157.8 156.4 154.8 152.5 150.5 148.8 144.8 140.6 135.6 131.9 127.7 122.8 116.6 110.4 102.8 95.4 88 81.4 75.4 78.5 82.5 85.6 87.7 85.8 81.6 76 71.5 68.7 66.5 64.4 64.1
73.7 75 82.5 90.2 95.1 103.3 112.4 123.2 133.2 141.3 147.9 153.5 159.1 159 158.3 156.1 153 139.6 125.8 118.3 114.6 109.4 105.6 98.1 88.2 76.4 67.5 58.4 53.3 57.2 62.5 68 74.5 82.2 90 99.8 106.9 116.1 115.9 121 137.8 150.7 162.3 169.8 176 178.4 178.2 176.5 174.2 171.6 168.9 165.4 161.4 157.9 154.9 153.1 151.5 150.2 148.3 146.3 143.5 138.9 135.1 131.3 127.1 122.2 116.6 109.9 102.5 96.1 88.6 81.3 74.7 71.4 76.4 81.1 82.8 81 77.2 72.5 69 66.5 64.5 62.7 60.7
84 89.6 96.1 100.4 106.1 113.4 123.2 134.3 146 153.6 157.8 160 159.8 158.1 155.5 151.6 147.2 135 123.2 116.4 111 104.9 99.5 93.1 82 71.8 62.7 54.5 56 61.1 67.2 74.1 79.6 85.3 91.8 102 110.6 120.9 124.8 132.8 149.3 166 174 177.7 178.7 179.3 177.4 174.9 172.6 170.1 167.2 163.2 158.7 153.7 149.8 148.5 147.8 146.3 145.2 143 140.5 136.3 133 129.2 125.3 121 116 110.2 103.9 97.5 91.2 84.8 78 69.2 70.3 76.6 77.7 76.3 72.3 69.4 67 64.6 62.1 60.1 58.5
94.8 102.3 108.5 115.3 117.6 126.1 136.3 148.7 157.6 159.3 161.6 163.8 159.2 154 151.1 141.4 131.6 123.1 116.8 111.4 105.3 99.5 93.5 86.9 76.7 67.5 58.9 55 60.8 66.1 72.8 79.7 85.2 90.9 99 105.7 113.2 123.2 134.6 148.9 165.6 174.4 177.5 177.3 178 177 175.4 173.9 171.2 168.5 165.3 160.9 155.8 149.5 139.2 134.3 135.5 137.5 138.1 137.3 135.7 131.7 129.8 126.5 123.3 119.6 114.7 110 104.1 98.1 92.3 85.9 80.3 72.5 61.8 67 70.8 69.5 67.9 65.8 63.8 61.7 59.6 57.6 56.7
107 113.2 121 127.7 132.7 141.3 150.8 160.6 161.2 162 164.4 160.4 154.2 150.3 145.3 129.3 119 113.1 107.6 105.8 99.9 94.3 88.6 81.6 71.5 64.3 56.5 60.5 65.9 72.3 77.6 84.8 90.8 98.8 106.8 113 118.8 132.8 147.1 159.6 172.5 177.2 178.1 177.9 177.4 176.1 174.1 172.5 170 166.7 162.9 157.7 152.6 145.4 129.9 121.5 123.2 125.6 124.3 122.3 117.7 116.8 115.4 113.7 117.3 115.8 111.8 107.2 101.7 96.2 91 84.9 80 73 59.1 57.1 61.1 63.9 63.4 62.2 59.9 57.5 56.1 54.7 53.5
119.7 126.1 131.1 138.3 147.1 156.4 162.3 162.3 163.4 164.3 159.9 155.6 151.1 145.8 138.6 125.1 112.8 105.6 99.1 99.4 95.1 90.6 86.1 78.4 68.2 59.6 57.8 64.7 70.9 77.4 83.4 90.4 98.2 106.8 114.8 123.8 132.7 147.7 159.7 170.6 176.2 178.5 178.6 178 176.9 175 172.9 171 168.3 164.6 160.9 155.5 150.3 142.6 126.9 112.4 111.8 110.8 109.3 108 103.6 101.3 99.8 98.5 100.5 100.6 97.8 94.3 91.4 89.5 86.1 81.7 77.2 68.7 57.6 54.4 53.1 57.4 58.7 57.6 56.1 54.7 53.2 51.9 50.7
132.5 136.4 142.5 152.1 161 167.7 164.7 164.6 164 160.5 156.4 152 147.2 139.5 132.3 120.8 111.8 102.7 95.4 92.4 87.5 83 79.7 71.9 62.9 57.7 63.4 69.5 75.7 82.6 90.5 98.5 106.9 116.8 125.2 134.4 145.3 157 168.7 174.2 177.2 178.1 177.3 176.3 175.5 173.8 171.7 169.7 166.2 162.2 158.5 154 148.2 135.6 122 110.8 102.1 101.9 99 98.7 94.2 91.3 90.5 87.9 89.1 88.6 85.1 83 79.4 75.6 71.9 69.7 61.5 57.2 53.6 50.9 48.7 53.5 54.5 53.8 53.3 51.8 50.4 49.2 48.3
144.1 148.1 155.1 164.3 173.4 170.2 165.4 164 160.8 156.4 152.2 147.1 139.8 133.6 123.1 116.5 109.3 100.4 90.6 85.2 80.8 76.1 72 66.7 58.6 61.3 67.7 73.7 82 90.7 99.3 105.1 114.6 125.2 135.2 146.7 157.4 166.4 172.6 175.7 176.7 177.1 176.3 175.1 173.8 172.4 170.3 167.9 165.1 160.8 156.6 152.5 146.2 131.7 118.6 108 100.9 95.6 91.6 88.8 85.8 82.3 79.5 78.8 82.1 80.6 77.2 74 69.6 66.2 60.5 59.3 57.6 53.6 49.9 46.9 45.9 49.4 50.6 49.5 49.3 48.8 47.6 46.9 46.5
158.8 162.7 164.1 169 172.2 168.8 164.7 161 157.3 151.8 141 134.4 130.2 126.6 119 111.6 104.6 95.6 86.3 79.8 76.1 70.7 67.2 61.3 60.1 66.8 72.5 78.7 88.2 98.5 107.9 114.8 123.6 132.5 140.7 157.4 166.1 171.2 173.4 175.2 175.4 175.9 174.9 173.5 172.2 170.9 168.8 166 163.3 159.8 155.6 151.5 144.1 134.5 117.7 106.3 99.1 97.2 90.9 86.5 87.4 87.7 81.8 74.8 72.5 69.5 66.7 63.7 62.2 61.2 59.8 53 50.3 47.5 45.5 43.9 44.1 46 46.6 46.3 45.1 45.9 45.2 45.1 44.8
170 171.7 169.3 169.8 169 165.7 162.1 158.1 153.3 144.6 131 121 121 118.4 114.7 109.1 101.2 92.3 85 77.3 71.7 67.2 63.1 59.3 67.1 72.7 78 86.2 95.8 105.9 115.3 124.6 133.8 143.1 156.8 164.6 169.5 171.9 173.3 173.8 174.5 174.5 173.5 172.2 170.8 169.4 167.1 164.3 161.6 158 153.9 149.8 145 136.5 118.4 108 104.1 105.6 104.7 101.1 99.3 94.9 89.7 84 77.8 74 71.2 69.2 69.2 69.2 66.9 57.2 52.5 47.3 43.9 41 40.5 41.1 41.1 40.7 40.3 42.4 43.1 43.1 42.7
174.1 175.2 173.2 170 167.6 163.7 159.6 152.2 145.4 135.7 123.6 111.3 108 111 107.8 104 97.5 88.4 82.4 75.1 68.9 64.1 61 63.6 73.3 81.3 87.3 92.9 102.7 112.8 124.9 136.2 146 155.2 161.8 168.5 169 170.7 172.1 172.8 173.2 173.1 172.2 170.8 169.4 167.8 165.2 162.7 160 156 151.9 147.1 142.3 132.5 119.3 112.3 115.8 120 120.8 118 113.7 108.6 101.6 95.2 92.3 86.8 84.7 83.2 84.8 86 80.1 67.3 55.1 49.2 46.3 42.9 38.9 37.1 35.9 35.8 36 37.3 39.1 40.4 40.3
176.5 175.4 173.2 170 166.6 162.2 157.2 145.4 131.6 125.5 117.3 105.5 101.9 98.7 96.4 97 92.8 85.5 79.5 72.7 66.2 61.7 66.2 71.3 79.6 88.3 94.7 101.5 110.4 121.9 134.3 145.5 155.2 161.6 164.5 167.2 168 169.4 170.4 171.1 171.5 171.2 170.6 169.4 167.9 165.9 163.3 160.8 158.2 153.9 149.2 143.6 136 128.3 127.6 128.5 131.4 132.5 131 127.8 123.2 118.6 113.3 108.5 105.8 103.2 98.3 94.7 93.3 90.2 82.3 72 55 52.6 48.2 44.6 40 36.6 35.3 32.7 32 32.4 35.8 36.3 37.3
175.9 174.8 173.8 170.5 166.7 161.2 152.4 138.7 121.5 113.1 109.4 99.8 95.8 91.4 87.5 88.4 85.1 80.4 75 69.1 64 65.5 71.1 77.9 85.8 94.3 103.2 112.9 122.7 134.5 146.3 153.6 160.2 162.6 164.3 165.2 166.4 167.7 168.5 169.4 169.7 169.4 168.9 168 166.5 164 161.5 158.9 156.1 151.2 145.5 141.6 139.4 138.6 137.9 136.7 135.6 134.8 132.9 129.4 125.5 121.5 117.2 114 110.2 104.9 100 95.5 91.5 84.5 75.8 63.9 54.6 49.9 48.9 46.8 42.4 38.8 36.2 32.6 30.3 29.2 31.2 32 33
