UK/data/ns/ns48_OST50GRID_20230518/NS48.asc
ncols 200
nrows 200
xllcorner 240000
yllcorner 680000
cellsize 50
[rows 114 to 151 of 200, columns 0 to 84 of 200]
156.7 149.8 140 130.6 124.7 117.8 104.7 92.2 79.4 70.1 66.2 61.4 60.7 64.2 72.8 76.4 76.8 83.1 88.3 89.3 86 91.9 96.2 98.5 99.7 100.3 98.4 95.1 93.2 95.3 104.9 110.7 111.4 110.9 106.3 100.9 96.5 96.1 96.5 96 95.1 93.6 91.1 89 89.6 90 88 87.3 85.5 83.3 80.3 79.1 77.3 76.9 74.8 72.8 72.2 71.6 69.1 67.5 66.1 64 63.1 62.6 61.9 62.4 61.3 60.1 60.5 61 60.9 61.3 61 59.9 60.6 60.7 60.9 60.3 60.2 60.9 60.5 60.1 59.6 60.2 61.8
154.7 147.4 138.1 127.7 120.7 110.5 99.7 87.2 72.9 65.4 62 59.7 63.5 65.8 73 75.9 81.2 86.6 89 86.6 85.7 93.8 95 98.2 100.2 99.4 98.4 94.3 93.7 101.1 108.5 110.1 111.3 107 102.4 98.2 96.2 96.3 96.9 95.6 94 92.6 90.4 87.4 89.9 86.8 84.5 83.6 82.9 79.9 76.6 74.1 73.4 73.7 73.9 71.6 71.3 70.9 67.3 66.2 65.4 63.3 62.7 62 61.4 61.4 61.1 61 62.2 63.1 62.7 63.3 63.4 61.7 60.3 60.3 60.2 59.5 59.7 60.1 59.7 59.5 59.5 60.2 63.1
150.9 143.8 136.7 125.8 116 105.6 95.9 81.4 67.1 60.5 58.2 64.5 68.6 68.8 70.5 78.1 83.2 87.5 88.4 86.2 88.1 94.3 94.3 98.2 100 98.9 97 93.8 96.6 106.5 109.1 108.8 107.5 103.7 99.1 98.3 97.3 96.8 97.5 95.5 93.1 91.1 89.6 87.9 87.9 85.2 83.4 81.5 78.8 76.4 74.6 72.3 72.7 72.4 73 70.9 70.6 71.3 66.1 65.2 64.9 63 61.9 61.4 61.1 60.9 61.1 61.5 62.6 63.8 64.2 64 64.4 63.2 61.5 60.4 60.4 59.9 60.6 59.9 59.6 59.1 59.5 60.3 61.8
146.8 141.6 134.7 123.4 111.1 102.7 91.2 76.7 61.7 57.9 57.3 70.2 75.4 74.2 77.3 81.3 86.7 89.1 86.7 83.6 91.2 93.1 95.2 99 99.6 98.1 95.5 93.6 100.4 106.7 108.2 106.2 103.6 99.7 99.4 99.8 98.5 98.1 97.8 95.3 92.7 90.4 89.1 86.3 86.5 84.2 81.7 79.1 76.2 74 74.2 73 72.9 71.9 71.8 71.7 69.7 70.7 66.3 64.9 65 63.1 63.2 62.6 62.1 61.5 61.9 62.3 62.6 63.2 63.2 63.6 64.2 63.4 62.5 60.9 60.9 61.2 61.4 61 59.9 59.2 59.4 60.5 60.2
143.4 137.8 130 120 109.5 99 85.6 70.6 57.9 56.2 57.5 71.9 75.3 74.9 81.3 82.8 88.2 87.5 83.2 84.8 92.7 93.8 92.7 98.8 98.9 97.2 95.6 94.9 102.4 105.7 105.6 102 98.9 100.8 101.2 102.1 100.8 100 97.2 93.6 90.9 90.1 88.9 85.9 83.7 80.4 78.6 75.2 72.9 73.9 72.3 74.1 72.9 73.4 76.5 73.9 70.5 69.5 67.3 64.7 65.9 65.1 64.6 63.7 63.2 63.1 62.6 63 62.9 63 63 63.2 63.4 63.7 63.2 61.8 61.7 62 62.1 61.3 61.2 60.5 60.1 60.2 60.4
138.3 132.8 124.7 115.5 105.3 92.7 81.4 65.1 56.8 55.5 58.5 69.3 73.9 78.2 80.1 86.9 86.5 83.5 82.1 87.8 93.5 92.7 91.9 96.2 97.2 96 94.8 96.6 101.5 104.7 103.1 100.7 104.3 104.7 103.8 103.1 101.6 99 95 91.6 90.2 89.4 88.4 84.4 81 77 74.8 72.9 73 72.4 73.9 74.1 73.3 75.3 77.7 74.2 70.1 68.9 66.7 65.8 68.2 67.7 66.6 65.8 65.7 66.5 65.1 64.5 64.1 63.6 63.4 63.6 63.3 63.3 63.4 64.3 62.8 63.1 64.4 65.1 62.5 61.8 60.2 59.9 60.5
133.4 127.7 120.2 111.7 102.2 88.6 76.3 62.4 55.9 55.3 60.8 67.3 76.8 78 79.4 83.3 81.7 79.6 83.6 92.5 93.9 89.9 92 96.8 98.5 95.3 94.8 99.5 102.1 103.9 101.5 100.8 101 101.1 100.3 99.8 98.9 96.4 93.4 90 89.3 88.5 86.8 82.4 78.4 73.6 72.2 70.8 71.5 72.6 74.2 73.9 73.4 76.6 76.8 73.1 70.2 68.4 67.4 67 70 70.7 70 69.3 69.4 69.7 68.4 67 65.9 65.2 64.9 64.5 64.1 63.7 64.1 65.1 64.2 65 66.9 68 64.6 62.4 59.8 60.8 60.4
128.3 122.1 116.6 108.9 96 83.7 73 60.4 56.1 56.1 59.4 65.4 75.2 77 78.9 78.9 77.4 78.3 87.2 92.3 91.3 89.4 93.7 100.4 99.5 95.9 98.2 101.9 104.3 102.9 100.9 98.7 98.2 97.3 96.5 96.3 95.9 94.2 90.8 88 86.7 86 84.2 79.2 75.1 71.5 70.5 70.1 71.4 72.9 74.4 74.3 73.6 75.2 74.9 72.3 70.7 69 69 70.2 72.7 74.1 73.5 72.9 73.2 73.3 73.1 70.9 69.7 68.7 68.7 67.4 66.9 65.6 65.3 65.2 66 67.5 68.9 68.5 65 61.9 61.2 61.3 60.9
124 118 113 102.1 92.2 80.2 68.6 57.4 54.2 55.9 60.8 63.5 72.5 76.5 77.5 75.9 76.5 82.7 88.4 91.9 89.7 90.4 95.4 99.9 97.5 95.1 98.1 102.5 103.7 102.4 100.4 97.7 96.1 94.7 92.9 94.8 93.8 90.9 86.9 86.2 84.6 83.7 80.7 74.8 71.2 69.7 69.7 69.7 70.7 72.4 74 74.8 73.4 73.4 74 71.8 70.6 72 72.7 73.8 75.4 76.6 75.8 76.1 76.1 76 75.3 74.4 74 73.1 72.6 71.1 69.7 67.8 66.4 66.6 67.1 68.8 69.8 67.8 65.5 62.9 61.6 61.1 60.7
118 114.1 107.8 98.4 90.2 77.4 66.8 58.1 54.9 56.8 59.4 62.6 69.1 73.7 73.6 72.6 79.7 85.5 88.7 90.9 90.9 92.7 95.5 97 94.9 93.9 97 102.7 101.2 100.5 98.4 97.1 94.6 93.2 91.9 92.6 91.2 87.8 84.3 84.1 81.4 78.9 74.2 70.2 69.7 69.7 69.7 69.7 69.7 71.2 72.8 74.4 73.7 73.4 71.8 71 71.9 73.1 74.8 76.8 77.9 78.4 78 78.8 78.5 76.9 76.7 75.1 75.3 74.6 72.9 72.1 70.8 69.7 67.9 68.3 68.9 69.7 69.3 66.9 64 62.2 61.7 61 60.5
116.1 110 105.6 96.5 86.1 75.4 63.4 55 53.5 55.9 58.7 61.9 63.4 67.1 68.7 73.8 82.3 84.9 86 87.6 90.4 95.1 96.1 94 93.1 94.7 100.6 101.3 99.4 100.7 102 97.6 94.2 93.6 92.8 90.9 88.2 84.4 81.9 80.8 77.7 75 71 69.7 69.7 69.7 69.7 69.7 70 70.9 72.5 73.7 73.5 72.4 72 71.9 73.8 74.2 76.1 78 78.5 79.6 80.5 79.6 78.5 77.5 76.6 75.4 75.6 74.3 73.6 72.7 71.5 72 70.2 71.3 70.8 69.5 68.6 65.4 62 62 62.3 61.7 60.9
113.1 108 103.8 95.4 83.3 70.5 60.4 54.6 50.5 55 59.6 59.9 60.6 68.9 71.5 75.4 82 82.4 84.7 85.8 88.6 92.1 92.4 92.8 93.3 97.6 99.1 99.6 99.6 103.7 102.5 98.3 95.3 94.8 93 90.3 86.5 81.4 79.6 76.6 73.1 71.6 70.1 69.7 69.7 69.7 69.7 70.5 71.5 72.2 73.2 74.1 73.7 72.8 72.7 73.8 76.2 76 77.2 77.9 79.4 79.2 78.8 78.1 77.7 76.9 75.9 75.8 76.3 77.1 76.3 74.1 73.2 73.4 73.7 72 71.3 68.9 66.9 64 62.5 62.6 62.6 62.1 61.4
113 105.2 102 93.3 80.8 70 58 52.1 51 53 58.5 58.8 60.6 68 69.9 78 81.8 83.2 86.1 88.2 89.5 90.8 92 91.1 93 97.2 97.9 98 99.9 102.9 102.1 99 96.6 95.6 91.8 88.7 85 80.9 77.6 73 71.4 70.7 69.7 69.7 69.7 69.7 69.6 72.4 73.3 74.6 76.5 76.9 76.8 76 76 76.9 78.1 78.1 78.7 77.6 78.3 77.9 77.3 77 76.9 76.8 77.4 77.5 77.6 77.5 76 74.3 72.7 73.7 73.7 73 70.6 67.9 65.9 63.8 62.8 62.5 62.4 61.8 61.4
110.9 105.6 100.3 91.2 80.7 68.5 57.1 51.3 51 52.8 59.4 61.3 60.5 63.9 72.2 79.6 80.4 83.7 86.9 89.5 90.4 89.8 90 88.5 93.6 96.7 97.5 97.3 100 100.7 100.3 97.6 95.7 92.9 90.3 86.4 84.6 80.2 74.8 71.7 70.7 69.7 69.7 69.9 71 71.7 73.2 73.9 75.5 77.8 79.6 79 78.9 78.4 77.6 78.5 79.1 78.2 77.8 77.6 77.4 76.8 76.2 76.8 76.6 77.3 78 77.9 78 78.3 77.6 75.5 73.5 73.5 72.1 72 69.5 67.1 64.5 63.6 63.3 62.9 62.4 62.4 61.9
106.6 102 97 89.4 78.6 67.3 57.2 51.4 51.2 54.1 62.3 66 65.1 65.6 72.7 76.2 79.6 83.8 87 88.3 88.6 89.1 88 89 93.2 95.7 96.9 97.3 100.5 99.6 97 94.2 91.6 88.9 88 85.8 84.5 79.2 72.3 71 70.8 70.1 70 71.2 72.7 75.9 73.9 74.6 79.5 81.2 80.6 78.8 77.2 76.7 76.5 77.7 78.2 78.5 77.4 77 76.5 75.9 75.6 76.7 77.1 77.8 77.8 78.3 78.3 78.5 78.3 77.2 74.8 72.9 71.2 70.1 67.6 64.6 64.1 64.1 63.9 63.6 63.3 62.5 62.5
100.9 96.7 92.5 87.3 77.8 64.3 53.9 50.3 48.9 52.5 62.4 64.5 65.4 68.8 72.9 73.3 78.4 82.4 84.3 85.2 86.7 86 85.2 87.7 92.6 96.4 96.1 95.3 97.3 96.6 95.7 93.3 90.7 88.4 85.4 84.4 83.2 77.7 70.8 71 70.3 70.9 70.8 71.7 75.3 75.3 73.8 75.9 79.4 80.3 79.7 77.4 75.4 74.7 74.9 77.3 78.4 78.7 77.4 76.4 75.9 75.7 75.2 75.9 75.8 75.9 76.5 77 77.5 77.8 77.9 76.8 74.2 73.4 71.4 68.7 65.9 64.4 64.6 64.7 64.5 64.2 64.1 63.1 63
95.1 89.8 88.7 83.9 74.3 61.6 52.4 48.4 48.7 51.1 60.1 62.7 68.2 71.5 73.5 73.7 79.7 80.2 82.2 84.3 84.9 83.1 82.5 87.6 93.2 95.7 93.1 93.5 94 92.5 91.8 90.2 86.6 85.1 83.1 82.4 79.6 75.1 70.7 70.3 70.1 70.7 72.8 74.7 76.2 74.6 74.6 75.2 76.7 77.5 77.2 75.4 72.5 73 75.5 77.7 77.5 78 77.8 76.2 76.8 76.2 76 75.6 75.3 75.7 75.9 75.9 76.4 76.3 76.9 75.8 75.1 73.6 70.8 68.9 64.9 65 65.2 65.3 65.1 64.9 65.2 64.2 63.9
89.7 84.9 84.6 80 70.8 61.7 52.7 48.8 48.3 49.5 56.2 66 71.3 72.1 74.4 77.2 79.9 79.2 80.3 83.5 82.4 81 82.2 87.5 91.9 93.2 91.6 90.7 90.8 89.2 88.2 86.6 82.7 83.3 82.1 80.2 77.1 73.4 70.7 70.3 70.3 71.9 73.8 75.3 76.3 74.1 74.6 74.4 74.2 74.3 72.9 72.2 72.1 73 74.2 75.6 75.3 76.3 77.1 76.1 76.6 75.8 75.7 75.3 74.6 74.9 75.1 75.4 75.3 75.1 75.8 74.5 74.7 73.5 72 69.5 65.3 65.4 65.8 65.9 65.8 65.9 66.3 66.5 66.7
84.7 81.1 79.4 75.7 68.2 58.3 49.9 48 48.3 49.3 57.4 69 72.5 73.3 77 80.8 81.6 78.8 80 81.7 80.2 78.4 82.1 86.5 90.1 89.7 87.7 88.3 88 86.8 85.4 82.9 80.6 81 82.2 79.6 76.6 72.6 70.9 70.3 70.4 73.2 74.5 75.4 75.9 73.5 73.5 73.4 72.6 71.9 71.2 71.5 71.4 72.2 73.2 74.4 73.4 74.1 75.2 74.4 74.2 74.4 73.6 73.7 74.3 74.8 74.7 75.2 75.4 75.4 74.8 73.7 73.9 71.5 70.3 67.7 65.4 65.7 66.2 66.4 66.3 68.2 71.6 71.7 69.5
79.1 75.1 73.1 70.9 64.1 54.7 49.2 45.8 47.9 49.3 57.5 66.4 68.4 74 78.3 78.2 79.5 77.6 78.2 79.9 78.5 78.1 82.9 86.3 86.9 87.1 85.5 84.8 84.1 82.9 81.7 81.4 79.9 80.7 81.4 78.2 75.2 72.2 70.7 70.3 69.4 72.8 73.7 75.2 74.1 73.5 73 73.4 71.8 70.9 70.9 70.6 70.8 71.3 71.6 71.8 71.8 72.8 73.7 73.3 73.1 72.9 72.3 71.8 71.8 72.1 73.3 75.5 75.4 75.1 73.9 72.4 70.4 69.5 68 65.8 65.9 66.3 66.5 66.9 67.3 69.7 71.8 71.1 72.8
73 69 65.6 63.7 59.2 51.6 47 44.4 47.2 50 53.7 60.5 71.4 75.2 77.1 77.1 76.3 75.2 75.5 76.4 77.8 80.3 82.3 84.1 84.4 84.3 83.7 82.7 81.7 80.8 78.2 78.5 79.8 80.6 79.4 76 74.9 73.5 71.9 70.9 69.4 70.7 73.1 73.8 72.4 73.3 71.8 72.7 70.9 71.4 71.2 70.1 69.3 69.1 69.8 69.6 70.8 72.3 71.6 71.7 71.7 71.1 70.6 70.6 71.2 71.8 73.2 74.4 75.4 76.6 74.3 71.2 69 67.4 66.6 65.6 65.7 68.1 67.3 68.3 67.7 69 68.3 71.8 74.9
68.9 63.9 62.6 58.6 55.5 49.1 46.9 44.4 46.5 50.1 55.3 63.2 69.6 73 74.5 74.4 73.4 75.1 76.4 81.8 82.2 81.8 83.8 84 85.7 84.5 83.5 81.7 79.7 77.6 75.2 73.4 74.3 76.5 77.5 74.1 74.1 74 73.2 71.6 70.3 69.3 70.1 71.8 71.4 71.2 70.7 71.3 71 71.2 69.9 68.8 68 68.3 68.1 67.9 70.5 71.8 70.6 70.4 69.7 68.7 69.5 70.2 71.2 72 72.7 74.7 75 75.2 72.3 70.2 68.1 67.1 67.1 66.6 68.3 69.8 71.4 75.2 75.1 76.9 69.5 68.6 75.4
64 59.3 57.7 56 53 46.5 44.9 43.9 47 56.1 61.5 68 70 70.7 74.2 76 77.7 81.1 85.9 85.9 86 84.1 84.3 85.6 85.8 85.1 83.1 81.5 79 76.3 72.8 71.5 73.8 77.8 76.7 73.1 71.3 72.3 72.9 71.5 70.1 68.8 69.3 69.8 71.3 70 70.5 69.8 70.4 70.1 69.3 67.9 67 66.1 66.8 66.4 65.7 65.6 68.2 68 67.1 66.4 67.3 68 68 70.2 71.4 72.6 73.9 73.7 71.8 67.8 67.2 67.1 68 70.2 71.8 74 74.9 76.4 77.3 76.9 77.4 69.9 70.1
59.9 55.9 54.8 53 50.5 44.4 44.5 44 51.7 61.9 65.7 68.9 70.9 73.5 75.6 77.3 80.7 84.5 85.4 84.9 83.8 83.9 84.4 86 86 85.2 83.3 81 77.5 74.5 71.7 71.9 75.8 79.5 77 73.3 67.2 68.2 69.3 71.8 69.8 69.1 70.5 70.4 71.2 70.8 70.4 70 71.5 71.9 70.9 69.6 65.5 64.5 64.8 64.4 62.5 62.6 65.1 65.7 64.5 64.6 65.2 65.2 68.6 70 70.9 71.9 72.5 72.3 69.5 66.6 66.7 68 69.2 71.9 74.7 76.8 78.5 79.5 79.5 79.4 78.2 75.9 71.1
57.3 55.5 52.5 50 47.5 43.4 42.9 44.4 54.3 67.9 68.6 70.5 71 73.8 76.6 78.7 81.9 83.7 83.8 83.2 81.6 83.1 83.8 85.3 84.9 84 82.8 80.8 77.8 74 70 70 74 77.6 75 64.9 62.7 65.1 68.6 68.7 68.9 71.1 71.7 71.9 71.8 71.8 71.1 71.4 73.1 74.6 73.7 70.6 64.6 62.3 62.4 62.4 61.3 60.6 61.2 62 63 62.3 63.5 65.7 68.4 69.3 70.3 69.9 70.2 68.8 67.4 66.4 67.2 68.3 71.3 73.7 75.1 78.8 81.1 81.8 82 80.8 81.3 81.4 79.9
55.3 56 53.6 51 47.3 43.6 42 45.6 56.4 68.1 69.7 71.2 72.3 73.9 77 79.6 80.9 82.1 80.9 81.7 80.9 81.9 84.7 86.5 85.4 84 82.7 81 78.7 72.2 69.6 65.9 69.4 64.8 58.9 59.1 59.9 64.9 67.9 68.5 69.4 71.3 70.3 70.5 72.1 72.9 73.1 73.6 75.1 75.4 74.1 69.2 62.7 60.7 58.8 60 59.1 58.2 58.7 59.7 59.7 62.9 64.6 65.4 66.9 67.8 66.2 66 65.3 67.6 67.2 67.8 68.4 69.2 72.1 74.5 78.9 80.4 82.7 84.1 83.4 83 82.5 82.4 71.8
55.7 55.9 54.6 52.2 47.4 42.8 42.1 46.6 57 67.9 71 72.7 73.7 74.7 76.3 78.1 79.1 79.9 78.8 80 80.8 82.8 86.1 86.3 85.9 85.1 83.4 81.3 78.8 74.4 69 66.6 59.3 55.5 58.3 57.4 62.8 64.6 66 66.4 68.3 68 66.4 70.1 72.9 74 74.4 74.9 75.4 73.8 69.8 66 60.4 57.4 55.3 55 55.6 56.2 57.2 57.4 57.2 60.3 61.7 61.5 61.4 64.2 66.1 65.6 66 66.5 66.8 68.3 68.5 71.2 73.5 78 80.6 82 83 84.8 86.1 85.6 85 84.5 74.2
55.9 56.9 55.6 52.8 46.9 42.6 38.7 46.5 57.2 67.1 70.7 72.8 72.6 73 74.6 75.7 77.2 77.2 78 77.4 78.7 81.5 84 84.5 84.1 83.2 79.8 76.3 74.3 73.4 70.1 62.8 54.9 52 55.9 60.4 63 63.4 64.2 65.3 65.7 64 63.4 68.5 73.9 73 73.6 73.9 72.5 69.5 67.6 62.5 59.1 54.2 53.7 53.6 54.4 55.1 56.5 57.4 58.7 60.1 61.1 62.1 63.5 65.1 67.4 67.6 70 70.3 70.1 70.3 72.3 74.2 74.6 80.2 83.2 84.8 85.9 87 88.3 88.4 88.4 86.8 76.4
54.5 56.6 56 52.7 47.4 41.4 38.2 44.6 55.9 65.8 70.4 72.7 73.4 73 73.8 74.1 75.2 75.9 75.2 75.5 76.6 79.7 82.1 80.8 79.1 78.7 74.2 70.6 70.6 69.2 64.8 57.8 51.1 54 58.5 61.8 63.7 63.1 62.6 63.4 61.8 61.2 65.3 71 72.3 71.1 70.5 70.7 68.1 65.6 62.3 57.5 54.4 53.3 53.7 53.2 55.4 56.8 56.6 57.2 59.3 62 63.5 64.7 66 68.4 70.2 71.2 72.5 73.4 74.5 75.6 77.1 77.9 79.3 80.1 81.6 84.4 86.7 89.7 91.1 91.9 92.6 91.5 75.8
53.3 55.2 54.6 51.3 45.6 39.5 37.1 44.1 55.2 64.3 70 72.7 73.7 73.4 72.8 73.5 74.7 75.6 74.5 73.8 76.4 78.9 79.9 79.1 75.1 71.6 67.5 69.2 69.8 64.4 59 52.6 46.3 52.6 57.5 59.9 62.3 61.5 60 57 60.2 65 68.4 70.2 69.3 66.8 65.2 64.5 61.9 59.1 56.6 51.5 52.5 52.8 53.7 54.3 55.3 56.8 58.1 61.3 64.8 66 65.1 69.9 70.4 72.3 73.9 74.2 76 76.5 76.7 79 81 81.8 83.3 83.4 85.7 86.9 89.5 91.5 92.2 94.4 95.2 95.1 80.3
52.3 54 52.2 49.7 44.7 38.9 36.9 43.9 56.2 64.3 67.1 71.3 72.3 72.7 71.9 72.8 74.9 74.6 73.5 74.8 77.5 77.5 77.3 75.3 70.3 63.8 61.3 68 67.4 60.8 54.5 48.5 43.6 50.9 55.1 56.5 53.6 53.1 56 60.7 63.3 67.4 69.6 68.1 66.1 63.5 60.1 58 56.6 51.7 51.6 53.6 54.5 53.7 54 56 58.7 58.9 60.5 64.3 68.5 70.1 70.6 70.4 73.5 74.9 76 76.7 77.2 79.9 82.2 83.8 85.2 87.3 89 90.7 92.2 93.1 94.2 94.9 95.3 95.7 96.8 97.5 96.9
51.2 51.9 50.3 48.8 42.7 38.2 38 43.4 54.5 62.9 67.6 70.2 71 71 72.3 72.5 73.6 72.9 74.3 76.4 78.4 78.3 75 71.5 65.8 61.2 57.3 59.2 61.6 56.2 50.4 44.1 44.6 48.9 49.8 49.3 51.7 56.6 60.9 64.9 66.9 70 69.9 66.7 62.1 58.1 54.8 50.9 50.7 51.6 52.3 54.4 56.1 55.2 55.5 58.9 61.4 61 63.7 66.7 69.4 72.2 73.2 73.8 76.2 77.6 78.4 80.7 83.5 85.2 88.6 90.1 90.5 92.6 94.2 95.9 96 96.9 98.3 99.8 99 96.9 99.8 99.8 100.6
49 48.8 47.3 45.4 41.4 37.3 37 44.5 54.9 63.3 67.5 68.9 70.2 69.8 71.3 72.6 73.2 75.4 76.7 78.1 79.3 76.7 73.9 68.4 63.1 56.7 53.7 51.8 55.2 53.3 46.8 40.7 43 44.8 45.8 49.3 53.3 57.9 63.5 66.8 68.8 68.5 67.6 62.4 56.2 51.9 49 50.3 51.4 52.9 53.1 55.8 57.1 57.3 58.7 61.6 66.1 67.9 68.4 69.6 72.3 74.9 76.7 78.4 79.2 81.8 83.4 86.3 89.4 92.1 94.1 95.6 96.6 96.9 98.3 100.1 100.2 99.6 100 101.3 100.8 99.5 101.1 102.7 103.2
47.4 46.2 43.8 41.7 38.6 34.9 36.6 46.8 56.4 62.6 65.9 68.2 68.5 68.5 69.1 71.3 73.4 76.4 77.3 78.2 77 72.4 67.9 62.2 56.8 52.7 50.1 49.3 51 48.7 41.5 39.1 40.2 44.3 46.9 50.6 54.2 57.3 62.5 64.2 62.8 62.1 58.9 53.5 49.9 49.9 49.4 51.3 53.6 56.9 57.6 58.9 59.3 62.9 65 67.6 68.9 73 72.9 71.4 76.3 78.7 80.8 83.7 83.2 82.7 87.9 89.2 92.5 97.7 97.6 99.8 99.9 100.7 101.7 102.6 103.1 102.4 102.8 103.5 104.8 103.1 102.1 104.7 106.3
45.3 44.6 42.7 40.2 37.4 34.3 37.4 46.7 56.4 60.8 64.3 65.8 66.7 67.6 67.8 68.4 72 76.4 77.6 77.2 74.1 68.9 63.2 57.8 52.8 49.1 44.1 43.9 47.4 44.6 37.7 39.3 45.3 48.5 51.4 54.9 55.3 58.7 57.3 57.4 54.3 53.5 50.8 48 51.3 54.2 54.5 59.1 63.8 65 63.8 62.4 65.1 61.5 64.8 71.8 72.1 74.8 76.8 76.5 80 81.8 84.8 87.9 89.1 90.1 90.7 93.2 98.2 98.5 101.1 102.3 105.4 105.9 105.3 104.5 105.5 105.3 105.6 107.8 107.8 106.2 103.3 106.2 106.7
42.7 42.3 40.5 38.6 36 34 38.3 45.8 55.7 59.6 62.9 64.5 65.3 65.9 65.4 66.5 72 76 76.4 75.5 70.2 64.4 58.6 53.5 49.8 42.4 40.3 42.1 42.2 37.4 37.3 43.2 50.5 53.9 56.7 57.5 56.4 55.3 53.7 49.4 48 46.7 51.2 55.3 57.4 60.2 61.5 63.7 64.8 69.8 68 65.5 67 69.2 70.1 70.6 72.6 77.8 80.2 80.6 81.6 84.7 88.5 91.4 93 94.3 90.2 96.2 99.6 101.3 103.9 106.1 108.3 110.4 110.8 111.6 111.2 110.3 108.8 110.6 110.8 108.6 108.1 109.4 109.3
41.1 40.4 37.7 36.9 33.5 34.8 39.5 46.5 54.1 58.5 61.6 63.5 64.5 63.6 62.7 63.6 67.2 72.5 74 74 68.9 62 55.5 50.5 44.4 37.6 37.3 37.3 36.8 37.4 41 45.8 52.8 55.7 55.9 54.5 53.9 47.6 45.7 48 53.2 56.4 59.5 61.1 63.2 67 70.7 71.4 73.6 71.9 69.4 69.4 73.7 76.7 79 75.7 76.8 82 85.4 85.9 85.9 90.1 93.2 98.8 98.4 95.8 96.4 97.3 101.4 106.5 110 112.8 115.6 115.4 116.7 114.6 114.4 112.3 110.9 111.9 112.7 113.5 116.6 115.5 115.2
40.1 38.2 35.8 34.5 33.8 36.8 41 50.5 53.3 56.1 59.8 63.6 63.6 62.4 60.3 60.8 62.7 65.4 71 71.6 68.1 61.2 53.9 47.9 39.6 36.8 36.2 36.8 36.8 38.1 39.9 42.5 44.8 46.3 47.6 47.9 44.6 43.7 51.5 54.5 57.9 60.9 63.8 66.1 69.9 74.8 77.4 77.5 76.4 74 74.4 78.8 79.9 80.8 84.3 85 80.8 88.5 88.9 88.5 91 95 99.5 103 103.3 101.9 100.1 102.9 108.7 107.6 115.3 117.3 118.9 120.9 119.8 119.2 118.9 117.7 114.2 115 116 116.7 119.4 120.6 121.9
