UK/data/nr/nr25_OST50GRID_20230518/NR25.asc
ncols 200
nrows 200
xllcorner 120000
yllcorner 650000
cellsize 50
[rows 76 to 113 of 200, columns 0 to 84 of 200]
109.5 114.4 118.6 121 121.6 122.3 124.4 122.2 119.1 116.6 112.9 108.3 106.3 106.6 109 111.4 114.9 117.8 119.3 119.4 117.1 115 110.8 105.8 106 101.4 96.8 93.1 92.7 90.9 89.3 85.9 85.1 81.1 76.6 73.6 72.4 70.8 68.6 68.6 69.2 67 66.4 63.6 61.7 60.4 57.7 50 63 69 67.2 65 67.2 66.3 63.7 61.9 58.4 57.7 57.1 57 55.5 54 53.3 52.7 51.9 51.7 54.5 54.4 55.2 53.5 50.4 47.2 44.2 39.8 33.8 20.2 14 -0.4 -0.4 -0.4 -0.4 -0.4 -0.4 -0.4 -0.4
108.2 111.2 114.1 113.9 115 118.1 118.7 117.6 115.2 112.8 109.6 104.1 102.2 104.3 106.6 108.9 111.2 114.9 116.3 114.8 112.6 110.2 106.3 101.7 101.1 97.5 94.9 91.3 90.8 90 88.4 86.6 82.3 78.4 74.9 71.5 70.3 69.2 67.9 67.5 68.2 67 64.4 62.9 61.3 59 54.9 55.2 66.8 69.5 68.5 65.2 61.8 61.7 59.4 58.2 58 57.1 57.6 56.9 55.6 56.2 55.2 54.8 53.3 47.9 49.2 51 51.6 50.6 48.8 40.8 41.5 28.7 21.8 12.4 -0.4 -0.4 -0.4 -0.4 -0.4 -0.4 -0.4 -0.4 -0.4
105.9 108 107.1 110.4 112.9 114 114.5 114.5 112 109.5 105.6 102 101.5 102.2 103.9 106.1 109.6 111.9 111.5 110.2 107.1 104.4 102.7 99 93.9 92.3 89.4 87.5 86.3 86.4 87 83.8 79.3 75.1 70.9 69.2 68.2 68 67.4 66.8 66.4 65.8 65.2 62.5 60.2 57.7 53.5 56.7 65.8 67.1 64.5 61.5 59.4 57.8 57.3 57.6 58.5 59.1 59.8 59.4 59.4 59.4 58.2 56.7 57.3 52.9 43.2 46.1 46.8 43.1 36.3 31.7 23.2 20.4 12.9 1.2 -0.4 -0.4 -0.4 -0.4 -0.4 -0.4 -0.4 -0.4 -0.4
100.9 97.5 101.6 106.2 110.9 110.7 111.5 111.2 108.7 104.8 102 99.9 99.2 100.2 102.3 103.7 103.9 106 106.3 104.9 103.1 102.8 97.2 92.5 89.2 87.9 85.8 83.5 82.6 83.4 80.9 78.7 74.3 70.3 67.8 67 67.3 67.4 66.9 66.8 67.7 66.9 65 61.8 58 56.1 46.7 59.9 63.6 61.8 58.8 56.8 56.6 56.6 57.2 58.6 60.2 61.3 62.6 61.6 60.9 61.2 60.6 59.7 58.8 54.5 49 33.8 37.7 32.6 26 22.2 17.8 10.8 4.3 -0.4 -0.4 -0.4 -0.4 -0.4 -0.4 -0.4 -0.4 -0.4 -0.4
86 93.8 98 104.8 107.6 108.9 109.5 107.8 104.7 101.8 100.8 95.3 97.4 98 99.1 99.2 97.9 97.7 98.6 98.4 98.1 94.6 89.8 85.5 83.6 82.4 80.9 77.7 78.9 77.9 73.3 73.8 67.5 67.7 67 66.4 67.1 66.8 67.3 67.4 68.1 64.5 62.6 60.1 57.2 50.7 47 57.8 60 57.2 55.3 56.2 55.5 56.1 57.3 58.9 61.6 62.6 63.4 62.4 61.6 61.3 60.8 57.7 54.7 51.3 47.9 41.8 26.7 22.5 18.9 15.2 10.7 5.1 -0.4 -0.4 -0.4 -0.4 -0.4 -0.4 -0.4 -0.4 -0.4 -0.4 -0.4
82 89.4 94.7 97.4 102.8 104.3 105 100.6 97.5 96.1 92.7 92.1 95.2 96 94.8 93.5 92.8 92.4 91.2 92.5 89.4 83.5 80 77.7 76.1 73.6 72.8 72.7 74.4 72.8 70.8 68.7 66 65.4 67 65.2 66.4 66.2 65.9 67.5 66.8 63 60.2 58.5 54.5 47.4 45.5 52 54 53.5 53.9 55.5 57.2 58.2 58.9 61.7 64 63.9 63.9 62.5 63.5 61.6 56.6 51.9 49.5 45.4 39.8 33.9 24.8 19.3 14.1 8.5 5.5 -0.4 -0.4 -0.4 -0.4 -0.4 -0.4 -0.4 -0.4 -0.4 -0.4 -0.4 -0.4
65.5 70.1 76.4 83.6 90.9 93.8 92.8 92.6 89.5 88.6 87 88.4 90.3 90.2 88.2 86.2 87 83.4 81.6 78.4 75.5 72.9 73.3 73.6 71.9 71.5 71.4 69.4 71.4 73.1 72.6 67.1 66.9 66.3 65.2 64.6 64.4 65 64.9 65.8 65.8 64.9 60.3 57.3 55.7 51.6 43.7 47.2 49.6 48.6 52 54 56.9 57.8 60.1 63.1 66 64.5 63.7 60.9 59.8 56.5 54.5 46.5 43.5 38.3 33 27.9 21.9 16.6 11.1 7.2 2.9 -0.4 -0.4 -0.4 -0.4 -0.4 -0.4 -0.4 -0.4 -0.4 -0.4 -0.4 -0.4
75 78 76.4 77.4 79.6 81.3 80.6 82.6 82.3 82.8 84 85.4 88 87.6 85.8 82.9 81.2 79.5 78 79.7 77.8 77.2 78.5 79.2 76.5 73.3 72.2 69.8 71.6 71.7 69.5 66.2 66.3 65.8 66 65.6 64.7 64.8 61.9 64.3 67 66.2 61.6 57.2 55.1 51 42.9 43.7 47.1 47.1 51.4 52.9 54.2 57.2 59.6 61.3 62.4 62.4 61.9 56.1 53.3 50.9 45.8 40.4 37.2 32.8 28.1 19.6 16.6 12.6 7.6 1.8 -0.4 -0.4 -0.4 -0.4 -0.4 -0.4 -0.4 -0.4 -0.4 -0.4 -0.4 -0.4 -0.4
78.3 79 81.9 86.5 91.3 95.8 102.2 100.6 100.7 98.8 103.1 99.7 96.5 93.6 95.1 92.6 89.5 85.5 81.5 82.3 79.8 79.3 81.4 80.8 78.3 76 76.2 76 72.7 69.6 66.7 65.9 65 64.7 63.4 63.5 65.1 64.7 65.2 59.8 62.3 63.3 63.9 57.6 53.9 45.2 42.5 41.8 46.9 49.1 49.3 53.2 53.2 55.6 57 58.1 57.2 55.9 54.2 50.7 48.1 44.8 39.5 35.8 29 25.7 19.9 17.8 13.4 9.5 4.3 -0.4 -0.4 -0.4 -0.4 -0.4 -0.4 -0.4 -0.4 -0.4 -0.4 -0.4 -0.4 -0.4 -0.4
89.3 90.9 94.1 95 99.6 106.8 112 112.8 115.3 116.5 113.6 108.7 103.6 99.9 97.7 96.1 92.1 87.9 85.4 83 81.4 81.9 81.8 81.3 78.9 77.5 77.2 78 77.1 74.2 72.2 70.7 69.1 65.9 65.9 67.4 69 70.7 67.5 59.9 57.1 57.5 57.4 56 48.3 42.9 41.5 41.5 44 46.2 47.3 50.2 51.2 51.3 53.6 53.9 53.3 52 48.1 45.9 42.9 39.4 33.8 28.6 24.4 20.4 17.1 14 9.9 5.5 -0.4 -0.4 -0.4 -0.4 -0.4 -0.4 -0.4 -0.4 -0.4 -0.4 -0.4 -0.4 -0.4 -0.4 -0.4
93 95 96.1 96.6 102.1 107.8 112.8 117.1 121.9 123.6 118.1 110.5 104.5 101.4 98.5 97.3 94.1 90.6 86.9 84.3 81.8 82.1 81.9 81.6 79.7 78.8 77.8 77.3 75.7 74.2 73.4 72.4 69 67.5 72.8 69.4 73 73.8 72.7 66.5 62 56.7 52.5 52.4 45.4 42.2 39.5 39.6 41.1 44.2 45.7 46.4 46.6 47.5 48.9 48.5 48.5 46.1 43.7 38.9 35.1 33.5 29.8 24.3 19.7 17.9 14 9.2 5.3 -0.4 -0.4 -0.4 -0.4 -0.4 -0.4 -0.4 -0.4 -0.4 -0.4 -0.4 -0.4 -0.4 -0.4 -0.4 -0.4
91.9 94.9 95.5 98.7 103.5 109.1 114.4 119.2 123.4 123.7 118.2 109.4 104.2 99.8 96.3 96.2 93.4 90.2 87.3 85.8 83.3 82.4 82.1 81.7 80.6 79.5 77.9 76.4 75 73.5 72.9 71.8 68.9 71.9 73.5 75.8 80.3 81.2 83.3 72.4 68.1 65.2 59.3 61.4 60.8 51.2 41.5 38.7 42.5 46.4 47.2 46.2 47.8 49.7 50 49.9 49 48.5 45.7 36.4 31.8 28.3 24.5 20.2 17.4 13.9 11.2 5.4 -0.4 -0.4 -0.4 -0.4 -0.4 -0.4 -0.4 -0.4 -0.4 -0.4 -0.4 -0.4 -0.4 -0.4 -0.4 -0.4 -0.4
90.6 91.3 97.9 100.2 103.2 106.9 112 117.8 118.3 117 114.2 108.9 100.6 97 94.5 93.6 91.7 89.2 87 85.6 84.1 82.7 81.9 80.7 80 78.8 77.3 75.8 74.3 72.8 70.9 70.9 73.2 75.4 78.6 85.8 88.7 84.4 78 73.9 69.6 66.2 62.7 62.6 62.1 56.6 41.5 38.1 41.6 44.6 46.6 46.3 46.6 49.6 49.3 48.1 47.6 45.8 41 37.5 33.1 25.2 21.8 17.3 13.8 11.1 6.3 3.1 -0.4 -0.4 -0.4 -0.4 -0.4 -0.4 -0.4 -0.4 -0.4 -0.4 -0.4 -0.4 -0.4 -0.4 -0.4 -0.4 -0.4
84.4 86.6 93.4 98.6 103.1 107 108.9 111.3 111.4 111 107.2 102.8 97.2 94.5 92.5 91.4 90 87.5 86.8 85.9 84.4 82.9 81 79.2 77.8 77.3 76.6 75.1 73.6 72.1 71.8 75.1 77.1 80 85.1 88.1 88 84.4 76.6 73.6 70.1 65.7 64.2 61.5 59.4 50.3 40.4 37.9 38.4 44.3 47.5 47.7 46.6 47 47.5 46.6 43.8 43.1 37.5 34.6 29 21.4 18 12.5 7.3 5.8 -0.4 -0.4 -0.4 -0.4 -0.4 -0.4 -0.4 -0.4 -0.4 -0.4 -0.4 -0.4 -0.4 -0.4 -0.4 -0.4 -0.4 -0.4 -0.4
82.7 84.3 88.1 95.9 101.3 105 107.6 107.1 106.6 105.8 103.8 98.7 92.2 92.2 90.3 89.1 87.8 85.9 85.6 85.3 84.9 83.3 81.4 79.3 77.1 76.6 75.6 74.5 73.4 72.4 74.5 76.8 77.4 81.8 84.9 86.1 83.9 80.8 77.1 72 70.5 69.8 65.6 61.7 54.2 47.7 41.3 37.7 37.6 42.8 47.4 48.3 47.1 44 44.6 45.7 40.7 36.7 33.5 30.1 25.3 18.5 14.8 7.9 3 -0.4 -0.4 -0.4 -0.4 -0.4 -0.4 -0.4 -0.4 -0.4 -0.4 -0.4 -0.4 -0.4 -0.4 -0.4 -0.4 -0.4 -0.4 -0.4 -0.4
79.7 82 86.1 89.2 94.1 100.2 101.4 101.2 100.2 98.2 94.9 91.1 91.4 90 88.5 87.2 85.8 84.6 84.3 84 83.8 83.4 81.2 79 76.8 75.9 74.6 73.2 74.1 76.1 77 77.2 79.8 81 83.6 86.1 84.4 80.6 76.7 74.7 72.2 72.1 70.7 67.4 61.1 50.4 40.7 38.3 37.4 44.4 48.5 48 44.8 41.3 39.8 37.9 35.8 32.8 27.8 21.9 18.5 15.2 12.2 4.7 -0.4 -0.4 -0.4 -0.4 -0.4 -0.4 -0.4 -0.4 -0.4 -0.4 -0.4 -0.4 -0.4 -0.4 -0.4 -0.4 -0.4 -0.4 -0.4 -0.4 -0.4
81.4 76.2 80.4 85.1 88.7 91.8 94.7 95.1 94.1 91.3 88.7 88.5 88.9 88.2 87 85.9 84.8 84.3 83 82.1 81.9 82.6 80.8 78.6 76.4 75.2 74.1 73.7 75.5 77.8 80.5 81.8 83.4 81.3 81.9 83.4 82.1 79.1 77.6 75.5 73.5 72.4 69.5 70.1 61.8 53.1 41.8 33.3 35.9 42.5 48.6 46.7 46.1 43.1 34.4 32.2 29.5 25.8 22.2 18.7 15.2 10.3 7.4 -0.4 -0.4 -0.4 -0.4 -0.4 -0.4 -0.4 -0.4 -0.4 -0.4 -0.4 -0.4 -0.4 -0.4 -0.4 -0.4 -0.4 -0.4 -0.4 -0.4 -0.4 -0.4
84.3 71.8 72.4 82.6 85.3 87.4 88.8 89.9 88.4 86.1 85.8 86.1 85.6 86.7 84.9 84.5 84.5 84.6 83 81.5 80.3 80 79.8 78.1 75.9 75.2 75 75.3 76.6 78.2 81.8 85.5 83.5 82 81.4 80.2 80.2 79.4 78.6 75.3 71.9 70.2 67.3 65.5 62.4 54.8 43.8 38.1 32.2 39.7 44.8 45.2 41 37.3 34.2 28.1 25 22.8 20.6 16.7 12.3 7.6 -0.4 -0.4 -0.4 -0.4 -0.4 -0.4 -0.4 -0.4 -0.4 -0.4 -0.4 -0.4 -0.4 -0.4 -0.4 -0.4 -0.4 -0.4 -0.4 -0.4 -0.4 -0.4 -0.4
82.6 71.2 71.1 80 83 85.3 86 83.5 84.2 84.3 84.3 83.6 83.8 83.3 83.5 83.9 83.8 83.4 82.3 80.7 79.6 78.3 77.5 77.1 75.5 75.6 76.9 77.5 78 79.8 81.5 82.9 83 82.3 80.4 79.9 80.1 80.7 79.1 74.2 71.4 66.5 62.9 59.8 57.3 56.3 42.5 42.2 30.5 33.3 43.1 38.2 35.5 31.2 28.1 25.6 21.7 19.6 17.9 15.8 9.7 -0.4 -0.4 -0.4 -0.4 -0.4 -0.4 -0.4 -0.4 -0.4 -0.4 -0.4 -0.4 -0.4 -0.4 -0.4 -0.4 -0.4 -0.4 -0.4 -0.4 -0.4 -0.4 -0.4 -0.4
80.7 72.4 70.8 76.6 79.9 82.1 82.4 81 82.3 83.5 83.5 83.5 82.7 82.6 82.1 82.6 82.2 81.5 81 80 77.9 76.9 77.1 76.1 76 76.1 77.1 77.4 79.8 81.1 81.6 81.9 81.2 80.4 79.9 79.1 79.2 78.8 77.1 74.5 70.4 66.3 60.5 56.5 53.1 48.1 42 38.1 31.3 25.3 34.4 34.3 31.7 29.9 27.8 24.7 19 16.9 8.9 -0.4 -0.4 -0.4 -0.4 -0.4 -0.4 -0.4 -0.4 -0.4 -0.4 -0.4 -0.4 -0.4 -0.4 -0.4 -0.4 -0.4 -0.4 -0.4 -0.4 -0.4 -0.4 -0.4 -0.4 -0.4 -0.4
77.3 75.1 67.9 72.4 75.5 77.4 78.2 78.7 80.3 82 82.6 82.6 82.2 81.8 81.3 81.1 80.4 79.7 79.1 77.5 76.3 75.6 75.9 77.2 77.4 77.3 77.9 78.1 79.3 80 80.7 80.2 79.5 78.7 77.8 77 76.2 77.2 81.3 74.3 68.7 63.6 58.7 53.7 50.1 47.5 41.4 35.6 28.6 23.1 30.1 31.6 32.2 30.3 26.4 20.4 18.5 14.4 6.4 -0.4 -0.4 -0.4 -0.4 -0.4 -0.4 -0.4 -0.4 -0.4 -0.4 -0.4 -0.4 -0.4 -0.4 -0.4 -0.4 -0.4 -0.4 -0.4 -0.4 -0.4 -0.4 -0.4 -0.4 -0.4 -0.4
75.7 71.9 66.8 68.2 73.2 75.1 76 77.4 79.2 80.8 81.4 81.4 80.8 79.2 78.4 77.3 77.2 77.7 76.6 75.3 74.2 75.1 76.9 78.4 78.9 78.6 79.1 77.9 77.9 78.6 78.9 78.8 78.1 77.2 76.5 75.9 74.7 73.3 71.1 68.6 65.5 61.9 56.1 49 44.3 41.4 38.2 36 26.5 21.1 27.1 29.2 30.1 28.2 23.6 20.1 15.3 10.6 4.1 -0.4 -0.4 -0.4 -0.4 -0.4 -0.4 -0.4 -0.4 -0.4 -0.4 -0.4 -0.4 -0.4 -0.4 -0.4 -0.4 -0.4 -0.4 -0.4 -0.4 -0.4 -0.4 -0.4 -0.4 -0.4 -0.4
70.9 68 65.2 67.5 70.6 72.4 74.2 76.1 78 79.4 80 79.9 80 78.5 76.1 75.9 74.9 74.6 73.4 71.8 74.7 76.4 78.1 79.7 80.2 79.9 79.1 77.6 77 76.8 77 77.2 76.7 76 75.3 74.7 72.3 69.8 65.8 66 63.9 60.1 55.6 50.2 41.9 35.2 32.9 29.5 24.4 21.2 21.6 24.2 23.8 22.1 20.7 17.2 12.4 5.3 -0.4 -0.4 -0.4 -0.4 -0.4 -0.4 -0.4 -0.4 -0.4 -0.4 -0.4 -0.4 -0.4 -0.4 -0.4 -0.4 -0.4 -0.4 -0.4 -0.4 -0.4 -0.4 -0.4 -0.4 -0.4 -0.4 -0.4
71.1 69.6 66.6 63.8 68.8 70.2 72.7 74.2 76.2 77.4 78.1 78.5 77.1 76.1 75.1 74.8 73.2 71 71.4 73.6 75.6 77.4 79.1 80.9 81.7 81.1 79.2 77.2 75.8 75.2 75.3 75.2 75.6 75 74.3 73.6 72.7 70.6 66.9 58.7 58.4 58.2 51.6 46 39.1 32.3 29 25.6 23.1 19.3 19.4 22.4 21.2 19.9 17.8 14.8 10.7 4.7 -0.4 -0.4 -0.4 -0.4 -0.4 -0.4 -0.4 -0.4 -0.4 -0.4 -0.4 -0.4 -0.4 -0.4 -0.4 -0.4 -0.4 -0.4 -0.4 -0.4 -0.4 -0.4 -0.4 -0.4 -0.4 -0.4 -0.4
71.1 69.9 67.2 61.6 65.7 68.9 71.2 72 74.2 75.6 75.9 74.9 74.6 74.1 73.6 71.1 70.5 69.2 71.7 73.9 75.7 77.5 79.2 80.9 81.4 80.5 78.9 76.9 75.3 73.4 72.9 73.1 73.5 73.8 73.2 71.6 70.3 68.3 64.7 57 54.1 50.9 45.4 39.3 33.7 30.6 27 25 20.8 17.2 18.6 20.2 19.5 18.4 15.7 12.5 7.1 1.5 -0.4 -0.4 -0.4 -0.4 -0.4 -0.4 -0.4 -0.4 -0.4 -0.4 -0.4 -0.4 -0.4 -0.4 -0.4 -0.4 -0.4 -0.4 -0.4 -0.4 -0.4 -0.4 -0.4 -0.4 -0.4 -0.4 -0.4
70.7 69 66.2 62.1 62 64.9 67.8 70 71.4 73.1 74.9 72.9 72.5 70.9 68.3 68.9 67.5 69.5 71.9 74 75.8 77.7 79.4 79.9 79.8 79.1 78 76.5 74.8 72.2 69.4 69.7 70.5 71 71.5 70.1 66.4 62.6 60.6 57.7 54.5 46.6 39.2 32.5 29.7 27.7 26.7 26.4 20 16.4 17.6 18.8 17.7 15.1 12.8 11.8 6.5 -0.4 -0.4 -0.4 -0.4 -0.4 -0.4 -0.4 -0.4 -0.4 -0.4 -0.4 -0.4 -0.4 -0.4 -0.4 -0.4 -0.4 -0.4 -0.4 -0.4 -0.4 -0.4 -0.4 -0.4 -0.4 -0.4 -0.4 -0.4
70.2 68.2 65.1 61.5 58.3 60.9 63.5 65.5 67.4 71 73.1 69.3 65.9 63.9 66.7 68.8 70.5 71.8 72.6 74 76 77.9 79.1 78.8 78.3 77.5 76.7 75.5 73.4 70.3 67.4 66.8 67 69.6 68.8 67.1 63.3 61.8 59.8 57.6 55.5 49.3 34.7 30.3 29.5 28.2 26.4 22.5 23.7 15.6 16.2 16.7 15.6 12.8 10.6 8.7 3.7 -0.4 -0.4 -0.4 -0.4 -0.4 -0.4 -0.4 -0.4 -0.4 -0.4 -0.4 -0.4 -0.4 -0.4 -0.4 -0.4 -0.4 -0.4 -0.4 -0.4 -0.4 -0.4 -0.4 -0.4 -0.4 -0.4 -0.4 -0.4
67.1 65.9 63.3 59.9 56.9 59 60.3 63.3 66.7 68.4 68.5 67.1 62.4 68.6 71.5 73.3 73 71.6 72.1 74 76 78 77.9 77.5 76.7 75.9 75.1 74.3 72.1 69.8 67.5 65.4 64.4 66 66.6 64.6 62.7 60 60.2 56.7 53 46.8 32.4 30 29.5 29.3 25.2 21.7 19.8 16.3 13.9 14.6 12.2 11.1 10.3 5.5 -0.4 -0.4 -0.4 -0.4 -0.4 -0.4 -0.4 -0.4 -0.4 -0.4 -0.4 -0.4 -0.4 -0.4 -0.4 -0.4 -0.4 -0.4 -0.4 -0.4 -0.4 -0.4 -0.4 -0.4 -0.4 -0.4 -0.4 -0.4 -0.4
62.4 62.1 60.9 58.8 56.4 57.9 61.7 64 64.1 62.9 61.8 61.8 67.5 71.5 73.3 73.4 72 72.1 72.4 73.9 75 75.8 76 76 76.1 75.3 74.5 73.7 72.7 69.9 67.7 66.1 65.4 62.7 63.5 63.3 62.7 60.1 59.1 56.3 49.4 37.7 32.7 30.1 29.6 27.3 24.3 21 18.7 17.7 16.4 14.7 14.5 12.9 9.9 5 -0.4 -0.4 -0.4 -0.4 -0.4 -0.4 -0.4 -0.4 -0.4 -0.4 -0.4 -0.4 -0.4 -0.4 -0.4 -0.4 -0.4 -0.4 -0.4 -0.4 -0.4 -0.4 -0.4 -0.4 -0.4 -0.4 -0.4 -0.4 -0.4
71.1 67.7 62.9 57.8 56.5 55.1 57.4 58.3 57.7 56.4 60.5 64.8 69.2 70.5 70.6 71.1 70.2 71.9 71.7 73 73.3 74 73.8 74.1 73.9 74.9 75.1 74.7 74.3 71.2 68.2 67.1 67.3 64 59.2 58.8 61.4 58.9 53.8 52.5 41.8 36 32.1 29.8 27.9 26.5 25.6 21.3 19.6 17.4 15.8 13.8 13.2 7.2 8.3 -0.4 -0.4 -0.4 -0.4 -0.4 -0.4 -0.4 -0.4 -0.4 -0.4 -0.4 -0.4 -0.4 -0.4 -0.4 -0.4 -0.4 -0.4 -0.4 -0.4 -0.4 -0.4 -0.4 -0.4 -0.4 -0.4 -0.4 -0.4 -0.4 -0.4
72.3 71.1 68.6 58.6 56.5 55.8 54.7 53.8 55.6 57.7 61.2 64.1 66.5 67.4 66.7 67.3 68.9 70.9 72.2 72.5 72.7 72.3 71.4 72.4 71.9 71.8 72.3 73.6 74 70.6 68.1 67 66.2 64.3 62 57.3 57.1 55 50.3 42 39.1 35.9 33.2 31.7 29.2 28.9 27.2 22.3 19.1 16.8 14.4 7.6 8.6 5.1 4 -0.4 -0.4 -0.4 -0.4 -0.4 -0.4 -0.4 -0.4 -0.4 -0.4 -0.4 -0.4 -0.4 -0.4 -0.4 -0.4 -0.4 -0.4 -0.4 -0.4 -0.4 -0.4 -0.4 -0.4 -0.4 -0.4 -0.4 -0.4 -0.4 -0.4
71.2 69.8 68.9 61.4 56.6 55.5 54.6 53.5 55.3 55.4 60.3 62.6 62.5 63.7 63.5 63.1 64.9 67.1 68.7 69.4 69.9 69.3 68.7 70.4 70.1 69.9 69.7 69.5 68.2 66.6 64.8 64 64.8 62.3 60.5 56.4 52 50.9 46.4 42.7 41.2 40.2 37.7 35.2 31.8 31.2 28.1 24.1 20.8 17.7 13.3 5 -0.4 4.1 -0.4 -0.4 -0.4 -0.4 -0.4 -0.4 -0.4 -0.4 -0.4 -0.4 -0.4 -0.4 -0.4 -0.4 -0.4 -0.4 -0.4 -0.4 -0.4 -0.4 -0.4 -0.4 -0.4 -0.4 -0.4 -0.4 -0.4 -0.4 -0.4 -0.4 -0.4
69.4 68 61.6 58 56.9 56.2 56.1 55 54 53.8 54.9 55.8 57.7 60.4 60.3 61.5 63 64.8 65.4 65.4 66.7 65.3 66.3 67.5 68.3 68.9 68.8 67.1 66.2 64.7 63.7 62.1 61.9 59.8 59 55.6 52.7 48.3 48.4 46.8 45 42.8 39.3 36.6 32.9 29.6 28.1 25.1 18.9 16.3 11.5 5.3 -0.4 -0.4 -0.4 -0.4 -0.4 -0.4 -0.4 -0.4 -0.4 -0.4 -0.4 -0.4 -0.4 -0.4 -0.4 -0.4 -0.4 -0.4 -0.4 -0.4 -0.4 -0.4 -0.4 -0.4 -0.4 -0.4 -0.4 -0.4 -0.4 -0.4 -0.4 -0.4 -0.4
66.5 62.4 58.2 58.7 57.7 56.4 55.4 54.9 53.5 53.4 53.4 53.9 55.1 59.2 59.5 60.6 61.5 62.5 63.2 64.2 63.2 64.8 64.8 66.2 67.9 67.8 69.6 68 65.6 64.3 64.5 61.8 62.9 59.8 58 56.1 52.5 48.2 47.7 44.7 43.6 40.6 37.8 36.8 33.1 29 26.8 20.8 17.6 17.5 10.3 -0.4 -0.4 -0.4 -0.4 -0.4 -0.4 -0.4 -0.4 -0.4 -0.4 -0.4 -0.4 -0.4 -0.4 -0.4 -0.4 -0.4 -0.4 -0.4 -0.4 -0.4 -0.4 -0.4 -0.4 -0.4 -0.4 -0.4 -0.4 -0.4 -0.4 -0.4 -0.4 -0.4 -0.4
62.2 61.7 65.2 62 58.4 56.8 55.9 56.3 55.4 54.9 51.6 52.4 53.6 57.2 58.6 59.9 60.3 60.4 60.5 60.9 61.1 63 63.6 65.4 66 66.5 69 67.1 64.5 64.4 62.5 61.7 60.5 59.7 58.9 56.9 56.2 53.4 47.2 47.3 44.1 37.8 32.6 32.3 28.8 25.4 21.8 19.2 15.9 10.1 -0.4 -0.4 -0.4 -0.4 -0.4 -0.4 -0.4 -0.4 -0.4 -0.4 -0.4 -0.4 -0.4 -0.4 -0.4 -0.4 -0.4 -0.4 -0.4 -0.4 -0.4 -0.4 -0.4 -0.4 -0.4 -0.4 -0.4 -0.4 -0.4 -0.4 -0.4 -0.4 -0.4 -0.4 -0.4
64 65.2 62.7 61.8 59.9 57.2 56.5 57.1 57.4 56.7 53.9 51.1 52.3 55.3 56.8 58.4 59.1 59.2 59.3 59.2 59.1 60.3 60.7 62.4 62.3 66.4 67.2 62.9 62.9 62.1 61 60.6 60.2 60.3 60.2 56.6 57.8 57.5 57.7 51.3 45.6 43.5 36.6 28.8 24.7 23.5 18.6 13 -0.4 -0.4 -0.4 -0.4 -0.4 -0.4 -0.4 -0.4 -0.4 -0.4 -0.4 -0.4 -0.4 -0.4 -0.4 -0.4 -0.4 -0.4 -0.4 -0.4 -0.4 -0.4 -0.4 -0.4 -0.4 -0.4 -0.4 -0.4 -0.4 -0.4 -0.4 -0.4 -0.4 -0.4 -0.4 -0.4 -0.4
70.5 65.4 62.5 60.7 59.2 57.8 57.1 57 56.9 57.8 56.1 56.5 51.3 52.8 54.3 56.6 57.9 58 58 58 58.1 59.6 60.4 61 60.8 61.1 59.5 60.2 61.4 60 59.9 60.1 59.9 59.1 57.6 59.9 61.4 62.2 64.5 55.8 46.5 45.1 36.2 27.3 21.5 19.2 14.6 9.6 -0.4 -0.4 -0.4 -0.4 -0.4 -0.4 -0.4 -0.4 -0.4 -0.4 -0.4 -0.4 -0.4 -0.4 -0.4 -0.4 -0.4 -0.4 -0.4 -0.4 -0.4 -0.4 -0.4 -0.4 -0.4 -0.4 -0.4 -0.4 -0.4 -0.4 -0.4 -0.4 -0.4 -0.4 -0.4 -0.4 -0.4
69.7 66.2 64 61.5 59.4 58.6 57.8 57.3 57 57.3 57.3 55.2 53.2 50.2 50.6 53.5 54.7 55.4 56.7 56.9 57.1 57.7 59.3 60 59.1 58.1 58.2 58.3 58.6 58.6 58.8 59 58.8 58.5 60.2 62.2 62 58.7 55.5 49.8 41.9 36.9 34.7 26.3 16.5 12.9 9.2 -0.4 -0.4 -0.4 -0.4 -0.4 -0.4 -0.4 -0.4 -0.4 -0.4 -0.4 -0.4 -0.4 -0.4 -0.4 -0.4 -0.4 -0.4 -0.4 -0.4 -0.4 -0.4 -0.4 -0.4 -0.4 -0.4 -0.4 -0.4 -0.4 -0.4 -0.4 -0.4 -0.4 -0.4 -0.4 -0.4 -0.4 -0.4
