UK/data/nn/nn42_OST50GRID_20230518/NN42.asc
ncols 200
nrows 200
xllcorner 240000
yllcorner 720000
cellsize 50
[rows 35 to 69 of 200, columns 78 to 155 of 200]
241.2 234.4 228.8 224.9 220.1 214.5 208.9 205.5 202.4 205.3 192.1 190.3 184.4 183.6 182.8 186.1 186.1 184.4 182.1 179.3 173.9 171.2 172.4 174 175.5 176.1 182.7 188 189.3 189.3 186 185 185.9 185.6 181.9 179.4 179.5 188.4 189.5 187 183.8 190.5 186 191.8 198.2 198.4 189 183.7 176 163.5 160.5 159.4 160.4 155.9 152.3 149 146.6 148.6 148 147 146.6 146.3 145.8 148 148.6 145.8 145.3 154.8 153.1 148.9 149.1 148.5 148.6 148.4 148.3 146.4 148 147.5
238.9 229.3 224.8 222.9 218.1 211.5 205.4 200.5 202.2 198.6 188.3 183 181.4 176.3 185.2 189.7 180.8 176.7 175.9 172.1 171.2 173.4 178.8 180.9 176.6 183.1 193.4 195.9 195.7 201.4 204 204.9 205.4 194.7 179.9 179.7 175.5 178.4 183.4 181.9 181.1 182 180.3 177.7 181.8 183.6 182.8 172.6 159.9 155.1 157 156.8 155.2 151.7 148.6 148.5 152.5 154.7 155.3 155.8 153.8 153.6 154.2 151.3 150.9 148.4 146.4 147.6 149 148.8 147.3 146.5 143.6 144.1 144.4 144.3 144.2 143.9
233.8 225.4 220.9 218.5 213.2 205 200.6 197.3 192.7 194 187.9 180.9 177.3 174 173.1 182 176.8 174.1 168.1 166.8 171.1 174.3 178.5 179.9 174.5 182.3 190.7 198 204.5 211 216.8 215.2 197.4 185.1 175.4 172 170.9 176.5 182.9 180 185.9 187.4 180.7 173.8 167.2 163.1 160.3 155.6 151.1 150.2 150.2 150.8 150.2 151.9 152.6 158.3 162.4 156 153.4 156.9 159 159.4 155.2 152.5 151.5 150.5 147.1 145.6 147.8 147 144.4 145.5 146.5 146.9 147.8 147.5 147.2 147.1
228.1 222.4 213.9 212.9 208.2 202.1 198 192.6 195.8 189 187.4 181.4 175.9 171.5 165.6 172.4 172.4 168.2 164.1 160.7 168.8 171.6 172.3 176.1 173.6 179.8 191.4 205.3 216.2 221.3 222 194.9 177.1 181.6 166.4 162.2 160.6 161.8 170.2 171.8 180.4 176.3 165.5 159.5 156.7 153.7 153 153.7 151 156 152.8 152.9 157.5 159.7 160.1 163.7 158.8 157.6 158.3 157.7 159.1 160.3 158 157.4 153.3 149.7 146.9 144.7 145.2 145.6 151.4 151.7 152.4 152.1 151.5 150.9 150.2 149.7
223.9 220.5 213.1 208 205.7 200.7 194.1 191.8 190.9 187.3 186.6 181.8 175.3 170.3 163.8 172.3 168.4 161.3 160.1 158.6 162.4 168.7 169.6 169.6 168.5 171.2 182 195.8 206.1 198.9 184.8 171.6 171.6 167.2 161.6 158.2 157.8 158.7 158.5 157.4 155.6 155.9 155.4 154.5 154.1 153.2 153.6 153.5 152.3 156.4 157.1 160.4 160.5 167.5 163.9 162.5 162 161.6 160.8 161.7 162.1 163.1 163 161.2 158.5 154.4 153.1 153.8 158.9 157.3 158.6 158.1 158.3 158.4 158.7 158.6 158.7 158.6
218.2 216.9 211.6 206.4 204.3 204.9 199.8 197.8 194 185 184.9 180.3 174.1 168.4 162.9 166.1 164.6 160.6 159.5 160.1 163 168.3 168.3 167.4 164.4 163.1 168.3 171.9 175 169.1 163.8 164 161.9 160 157.5 156.4 157.2 157 156.6 156.6 156.7 156.3 154.6 154.5 154.6 154.1 151.6 153.7 160.8 161.5 164.1 160.8 163.2 164.2 164.4 164.5 165.3 164.6 164.9 169 169.6 167.9 164.9 165.5 166 165.6 161.4 162.9 163.9 166 167.3 164.7 164.2 162.6 161.3 162.7 163.8 159.6
214.2 213.1 210.2 209.8 210.4 211.3 210.7 206.9 194.6 183.2 175.7 176.1 169.6 162.6 161.4 161.8 160.3 159.3 157.8 157.8 163 158 168 171.3 165.1 154.7 155.4 155 155.4 154.2 154.5 157.8 155.9 157.1 156.6 155.4 154.6 156.6 156.8 156.8 156.9 155.1 154.4 154.4 151.5 153.9 157.5 162.1 166.6 165.1 162.1 163.8 166.4 165.6 166.6 167.4 170 169.5 172 172.1 172.3 172 174.7 174.9 177.8 175.6 174.8 177.3 177.3 177.8 175 173.5 169.9 170.1 169.6 170 169.3 166.7
214 213.9 217 218.2 215.2 213.6 216.5 213.2 193.8 178.1 167.4 164.5 161.6 159.6 160.7 160.3 159.4 158.4 157.4 155.9 155.9 155.7 158.2 156 156.2 155.2 155.7 156.2 155.4 154.8 154.6 153.6 153 152.6 153.9 155.2 154.1 154.1 153.8 153.5 153.2 150.9 152 155 157.4 160.5 163.7 164 164.5 164.8 165 167.8 168.6 171.4 172.3 174 174.9 175.6 176.2 179.8 180.3 179.2 183.2 183.9 184.2 186.2 184.4 187.4 189.1 188.1 185.7 185.2 188.7 185.4 182.6 181.4 178.2 179.7
214.3 220.1 222.8 220.6 212.3 209.9 208.5 195.6 188 171.4 162.4 158.7 158 158.5 159.3 158.7 158.1 157.1 156.2 154.9 154.8 154.2 153.8 154.4 153.9 156.2 156.3 155.7 155.3 154.6 154.6 155.1 153.5 154.4 154.8 154.6 153.7 152.6 152.7 151.6 152.5 156.1 161.4 165.2 166.1 166.7 167.9 169.6 169.1 170.3 171.7 175 175 183.6 182.3 182.7 182.8 185.2 187 187.9 191.6 193.8 193.4 193.8 194.8 196.4 198 203.4 206.2 203 202.7 204.9 205 207.5 203.7 195.4 191.8 192.3
210 214.2 214.9 211.5 209.9 205.5 201.2 194.1 182.7 169.3 162.6 158.3 157.1 157.8 158.1 157.3 156.4 155.8 154.8 154 154.8 154.7 155.3 155.8 155.9 161.8 161.2 156.6 155.3 156.8 156.9 158.3 155 155.2 155.3 155.6 156.6 156.4 157 160.1 165 167.3 171.6 173.2 173.4 173 173.1 173.8 174.4 178 179.9 183.8 184.4 190.2 192.3 191.4 191.4 193.6 198.6 200.5 203.5 205.8 207.3 208.8 211.3 215.7 217.8 221.9 226.2 226.3 223.6 221.8 224.8 224.9 220.5 216.4 211.5 204.3
204.7 208.4 207.9 207.3 208.5 205.7 202.7 193.3 181.3 167.7 159 157.3 156.4 156.6 156.8 156 154.6 154.1 155 156.5 156.5 155.2 159.8 160 160.1 160.9 159 157.4 158 157.9 160.6 160.9 156.5 155.8 155.1 156.9 158.9 164.2 166.8 173.1 173.8 175.5 177.9 177.9 177.4 177.6 177.6 179.2 181.4 185.6 187.9 192.3 194.5 199.2 204.2 202.9 200.7 206.1 208.8 213.4 215.5 219.9 227.6 228.7 232.8 239.8 244.2 249.4 250.1 247 245.4 239.4 236.7 236.5 235.9 225.7 222.8 213.7
201.2 202.4 203.1 206.5 213.1 215.1 204.6 190.9 178.2 163.4 156.5 156.6 156.6 156 154.6 154.8 155.1 155.2 156.6 156.6 156.8 160.2 162.1 162.9 162.6 163.1 161.7 161 161.3 162.4 166.5 162.8 154.9 155.9 156.1 156.8 163.1 172.5 173.2 180.6 180.2 181.8 179.7 180.4 182.7 183.2 185.3 186.8 191.2 195.8 200 199.2 205.5 209.1 211 210.9 214.7 217.9 223.4 229.6 235.7 239.8 248.5 252.3 258.6 265.6 270.5 270.9 273.6 269.8 266.7 257.3 253.4 242.6 240.8 228.7 219.7 215.2
197.8 201 204 207.3 215.5 215 211 188.2 180.5 161.1 155.3 155.6 156 155.6 155.9 158.2 159.5 159.3 159.5 159.8 162.2 164.2 165.2 165.2 164.9 165.7 164.6 165.2 167.8 168 170.1 164 157.6 157.7 156.9 163.6 173.8 176.8 184.4 184.8 185.6 181.9 183.7 186 187.9 191.7 195 200.7 201.7 206.3 210.8 217.2 215.8 218.1 220.5 224.7 229 234.1 238.7 248.7 254.9 265.3 271.7 277.9 282.1 295.1 300.8 300.1 295.6 284.1 274.6 272.3 262.6 254.2 247.1 235.4 227.2 221.8
197.2 202 203.8 212 218.9 211.4 199.1 185.6 169.8 156.4 155.4 155.8 155.8 157.8 159 162.2 163.8 164.6 166.3 165.6 167.4 171.3 172.1 174.1 179 175.5 174.1 173.3 173.2 181.2 174.3 170.4 165.5 158.3 161.5 169.7 178.3 184.8 184.5 186 184.1 187.1 190.3 196.4 199.7 206.8 212 217.6 217.3 219.5 224.6 225.1 225.1 228.9 234.8 238.6 246.2 252.8 254 266.8 278.3 285.7 292.3 298.3 304.9 312.3 318.3 315.2 306.2 295.5 290.1 282.6 274.4 268.5 253.7 242.2 231.7 223.6
194.3 196.6 202.8 215.4 215.8 200.7 188.4 180.9 170.4 154.9 155.8 157.4 159.4 162.3 163.9 166.1 167.3 171.9 172.5 174.1 179 180.1 180.7 184.5 186.7 181.8 179.8 178.6 177.2 176.3 177 182.7 170.1 162.3 169.2 168.9 181.2 185 188.3 188.5 192.2 196.4 202.1 213.2 218.8 225.6 229.9 230.2 230.2 230.9 235.6 233.3 238.7 244.8 251.1 258 266.7 274.1 276 290.6 298.5 308.3 312.3 318.2 320.2 331 332.5 328.8 324.5 318.6 310.7 299.3 282 269.5 255.1 240.7 233.4 226.9
186 188.4 198 198.8 187.9 177.9 171.7 159 156.6 154.7 157.3 160.1 163 165.8 169.9 178.5 180.8 180.1 184 189.5 193.4 196.7 199.6 203.9 193.7 189.9 187.9 185.4 182.3 180.5 180.2 188.2 169.6 165.1 176.2 178.2 187.7 190.3 195.9 199.6 202 208.5 220.7 227.9 234.7 235.5 239.4 239.5 241.6 244 246.2 248.9 255.3 264.3 274.9 284.8 290.5 296 298.6 311.1 320 324.1 324.7 330.4 339.2 350.7 352.5 348.6 345.8 341.2 318.4 297.3 274.5 265.2 248.1 240.4 234.8 230.6
162.5 164.7 163.4 164.2 161.2 158 157.7 155 154.7 156.2 161.1 163.5 171.1 184.1 186.4 193.2 200.2 199.1 195.8 202.5 203.5 205.2 227.5 216.3 207.1 195.2 192.8 190.7 187.2 181.7 170.8 167.5 163.6 170.4 181.4 183.4 193.4 203.6 201.8 206.8 215.6 228.8 240.3 247 245.7 246 247.2 253.5 255.7 259.1 264.4 274.4 285.6 296.4 304.8 310.4 314.6 315.1 319.5 334.7 342.9 341.9 337.5 346.3 358 365.3 367 367.7 368.2 344.2 312.8 296.1 271.5 254.5 249.4 246.2 241.6 235.3
155.1 156 156.3 156.8 156.1 156.1 155 156.4 159.6 161.4 169.9 179.5 189.6 196.2 200.8 207.7 212.9 207.7 203 208.9 221.3 239.8 224.6 207 200.1 197.1 194.1 192.3 191.2 179.3 168.5 170.9 172.2 189 190 192.2 201.8 202.6 203.9 211.6 226.7 235.9 249.2 253.3 254.8 255.9 256.9 261.9 270 283.2 294.2 304.8 315 323.3 330.9 336 336.3 331.6 340.7 352.5 367.6 370.2 361.5 359.9 373 379 381.8 383.3 366.9 335.9 308.7 288.4 270.1 256.7 250.4 244.1 238 237.3
156.4 158 158.5 159.5 158.4 158.8 158.6 157.5 162.2 176.8 185.1 193.7 198.4 202.5 206.7 210.8 211.2 206.9 205.3 213.3 224.8 222.5 211.6 199.2 196.7 195.4 194.4 195.2 191.8 174.1 174.7 179.5 180.8 189.5 192.2 198.7 205 209.1 213.4 221.1 230.6 239.3 248.6 255.5 258.5 262.7 273.2 286.5 299.5 310.6 320.1 330.8 339.5 347.2 359.5 362.3 356.6 345.9 357 369.4 377.8 385.1 375.3 384.7 387.4 395.4 399.4 392.3 372.5 340.5 311.2 288.4 274.4 261.1 252.6 250.3 246 246.3
159.7 160.2 160.7 161.2 167.1 171.8 167.2 165.4 177.5 191.3 198.6 207.7 213.8 217 218.3 218.9 215.6 211.7 206.6 202.7 200.7 200.1 196.7 195.6 195.9 194.2 194.1 195.3 188.2 176.2 176.8 187 189.8 190.4 196.6 204.7 208.5 214.4 227.4 235 241.8 251.6 258.7 264.5 271.9 286.7 299.9 312.5 324.3 333.7 341.7 353.9 364.1 367.6 379 385.8 375.5 362.9 373.7 380.3 392.2 395.3 395.5 405.8 408.6 413.5 410.4 399.1 376.8 346.9 318.4 299.4 281.4 266.9 263.3 261.8 258.2 261.9
165.3 162 161.1 169 173.3 176.3 172.4 181.8 191.4 203.6 210.4 217.9 224.4 227.7 229.1 230.1 224.4 217.3 211.7 206 202.9 199.1 197.3 194.7 195.3 195.5 193.6 191.1 183.9 181.3 178.5 186.9 192.1 195 204.5 211.5 217.7 225.1 237 246.8 254.8 262.5 270 282.4 295.9 309.6 321.8 334.5 345.7 354.5 372.1 379.9 381 385.1 397.6 396.7 391.4 378.9 385.8 401.2 401.6 403.9 410.7 417.3 419.1 426 428.1 421 387.7 359.2 333.2 313.8 294.5 281 280.9 277.9 273.7 270.9
166.7 165 163 166.1 179.4 182.5 185.8 200.2 209.8 218 224.8 231.7 235.4 239.7 241.8 239.6 233.9 226.6 223 213.9 205 201.8 198.3 196.3 195.7 196 193.9 191.3 186.5 184.9 184.5 183 191.7 204.5 214.5 220.9 228.9 238.7 248.8 259.4 270.4 278.6 287.9 300.7 313.7 327.4 340.8 353.5 366.9 384.4 405.1 400.6 392.6 399.7 405.2 409.4 400.4 391.8 397.4 409.1 416.5 415.5 423.1 429.2 436.1 447.6 443.6 430.4 409.4 377.7 352.8 330.1 312.4 306.2 301.6 301.5 294.6 290.3
167.1 169.4 167.1 179.6 183.3 195.9 206.8 217.4 225.8 233 239.9 245.1 249.3 252 251.5 247.2 240.1 232.1 224.2 219 208.1 206.1 202.6 201.1 202.5 198.9 196.1 194.3 196.1 195.2 194.9 190 192 208.6 221 229.4 236.3 245.3 257.8 270.9 282.1 293.7 304.8 315.6 323.8 340.2 354.6 370.4 389.1 406 413.4 407.3 398.6 410.6 416.9 414 410.4 404.2 415.2 422.3 424.6 425.8 431.9 441.6 451.3 459 455.7 444.1 432.1 406 375.1 354 343.1 337.2 330.2 324 318.5 311.9
173.5 180.8 190 194.3 201.5 211.3 222.9 234 241.5 250.2 256.1 258.7 259.6 259.8 259 253.4 243.6 237.2 229.5 223.4 220 220.4 219 216.6 210.6 206.3 208 210.2 210.4 208.5 205.7 198.9 192 211.8 224.2 232.1 235.1 242.8 262.4 276.3 289.9 303.6 316.3 327.7 338.2 351.8 360.7 386 402.5 413.1 416.3 415.6 413.2 426.7 429.4 416.2 410.3 421.5 429.5 434.3 435.2 446.7 448.7 451.8 459.2 466 456.9 457.2 449.8 442.2 402.1 378.5 375.6 368.4 360.5 352.2 339.8 329.3
194.3 197.2 204.5 213 217.5 227.1 237.9 247.7 255 264.5 266.5 267 267.6 264.3 264.1 259.6 251.3 247.4 244.1 239.5 239.1 235.2 236.4 233.6 229.6 225.2 226 229 221.8 218.2 212.8 203 196.1 214.5 226.8 232.9 238 248.9 264.6 278.6 293.6 308.8 324.5 338.5 351.1 362.9 371.4 401.7 412.6 427.8 433.6 427.5 428.5 434.4 434.7 424 425.6 431 441.9 443.5 455.5 464 465.8 473.9 466.7 468.4 466.3 458.9 454.1 447.7 430.1 422.3 410.4 398.1 384.3 376.6 360 358.9
207.7 213.3 218.1 227 233.2 242.3 251.2 259.9 266.4 271 275.2 274 274.7 272.7 272.4 265.8 261.2 262.6 261 257.3 255.7 259.9 257.4 250.4 243.2 244.6 246.3 246.4 234.8 225 218.3 210.5 202.8 215.4 228.6 234.8 240.1 253.5 266 277.9 289.9 310.7 328.6 344.5 359 371 383.4 404.5 427.2 439.7 438.3 435.4 448.6 439 430 434.7 445.6 446.4 454.8 462 468.6 475.3 478.2 486.8 481.4 476.1 474.6 466.5 460.3 459.1 460.4 453 446 431.9 412.1 396.7 380.4 372.5
215.5 226.8 231.8 240 247.7 256.9 263.1 269.7 271.5 280 279.8 284.6 288.1 290.7 285.2 281.5 275.1 277.9 281.8 278.3 275.7 281.5 272.8 261 256.9 258.7 253.4 249.8 236.3 227.2 221.2 215.7 209.2 215.3 229.5 238.8 246.5 253.2 265 273.6 289.3 311.1 330.4 346.5 361.8 376.5 389 409.2 429.5 443.6 441.5 446.8 452.6 442.7 435.6 445.7 452.3 457.8 469.7 478.5 478.3 483.3 484.6 489 487.2 488.5 479 477.8 472.8 476.4 475.2 463.4 458.4 453 442.4 417.8 405 400.4
229.2 235.5 244.8 253 261.2 269.1 275.9 285.7 290.8 299.9 301.6 305.9 309.4 312.8 319 302.3 295.4 297 298.1 295.6 294.5 288.9 283.6 273.5 268.5 264.6 258.4 254.2 240.6 229.7 221 217 210.3 214 228.3 238 244.8 254.8 263.7 270.3 293.6 313 328.7 340.9 360.8 379 394.3 410.9 427.4 444.9 446.2 459.9 458.5 458.2 445.2 455.9 469.1 476.7 486.2 490.7 490.2 490.8 492.6 492.6 499.8 494.5 500.5 494.7 491.6 491.3 481.9 474.6 465.2 460.1 454.2 434.2 423.3 426.2
243 251 260 267.9 280.3 289.6 297.7 308.1 318.5 324 329.4 334.3 337.4 347.7 354 346.5 314.6 316 313.3 309.5 306.8 295.1 289.1 283.2 275.5 270.8 262.8 257.2 244.5 232.8 223.3 217.3 211.3 213.7 224.9 237.9 246 254.1 264.6 276.4 295.1 311.7 326 335.9 357.8 379.2 396.5 413.5 426.7 435.5 458.8 461.2 464.6 467.3 453.6 463.1 483.1 486.7 496.1 503.9 502 501.3 504.1 503.8 506.9 515.4 520.2 512.9 510.7 502.9 490.8 479.3 470.9 469.3 463.1 446.1 442.2 447.8
258.2 269 279.7 289.6 301.4 311.8 320.5 335.2 345 346.4 356.8 363.6 373.2 378.6 373.1 352.5 337.7 334.3 332.9 328 328.3 315.7 299 289.4 282.3 275.2 267.6 259.1 247.6 235.3 226.1 220.5 216.6 217.5 225.5 239.2 247 251.9 264.6 277.2 293.3 302.9 319.4 336.9 356.8 377.7 395.3 409.9 422.9 437.1 454.3 465.5 470.3 470.7 462.2 477.7 488.5 494.4 505.7 512 516 513.4 515.6 520.2 528.2 531.6 533.9 529.7 520.3 507.8 497 484.8 483.7 471.8 476.3 462.6 458.5 463.4
277.6 289.2 300.1 314.8 324.8 337.7 348.8 358.8 366.9 378.5 390.3 399.3 410 404.9 393.6 371.4 356.9 355 353.8 351.3 349.5 346.2 319.2 301.3 292 280.4 272.2 262.8 253.6 240.8 235.8 229.8 224.6 231.5 232.7 238.2 249.1 256.3 268.5 280.1 291.7 300 315 338.3 353.9 373.6 391 406.9 420.2 434.8 452.8 459.2 462.1 463.5 474.5 490.4 501.1 500.8 510.5 521.1 523 526.5 532.1 536.7 541 541.9 544.4 542.1 524.4 509.3 500.5 494.9 484.3 484.7 484.5 474.1 478.1 479
304.3 313.3 326.1 346.4 359.3 369.9 375.1 382.7 394.6 403.9 417.3 425.4 426.9 420.8 403.8 377.5 373.5 380.1 384.7 380.5 375.1 353.2 329 313.9 302.1 289 278.8 268.6 261.5 258.2 253.6 240.9 234.5 236.4 234.9 238.7 249.3 260.3 266 276 292.4 305.1 318.9 337.3 357.2 372.3 384.1 400.7 415 427.1 449.9 457.3 461.1 466 482.4 498.2 509.3 514 519.4 524.5 532.4 543.2 546.1 554.5 551.8 545 545.2 540.4 529.1 510.9 503.1 501 502 498.1 485.3 484.8 489.3 480.6
330.9 342.3 356.6 380.1 392.5 390.7 397.2 405.6 422.5 433.9 442 448.6 452.1 438.7 418.9 400.8 391 412.1 411.9 405 387 369.9 343.2 322.2 309.2 296 288.2 275.7 274.7 281.2 264.6 246.5 246.6 240.1 235.6 237.8 247.4 260.9 269.8 274.7 289.2 306.8 321.1 336 356.7 373.4 385.3 395 408 422.2 434.7 446.2 458.2 468.1 485.8 501.4 505 522 528.1 534.6 538.8 553.3 563.2 557 551.6 543 542.3 534.2 525.7 513.9 507.4 513.1 511.9 501.4 496 495 495.9 484.3
359.8 370 386.6 408.7 411.1 415.4 420.6 433 447.3 459.7 462.3 465.8 458.2 451.4 431.6 425.4 416.7 433.6 421.7 403.7 387.6 365.9 344.1 324.3 311.1 301.3 299.1 292.8 286.9 279.9 266.9 260.4 256.8 250.7 245.8 240.3 242.9 260.6 272 278.4 286.6 305.2 317.3 334.6 355.5 373.1 387.8 400.6 414.9 419 431.6 438.9 456.1 470.3 478.5 493.8 508.5 524.7 532.8 534.8 540.8 554.7 560.2 554.4 544.5 545.3 542.1 533.5 522.1 521.7 516.9 518 514.9 509.7 501.2 499.6 498.7 493.9
385.8 393.5 406.4 425.2 436.6 438.3 446.1 463.4 469.5 480.1 483.9 483.6 481 461.8 445.7 442.7 433.6 438.8 423.1 405.6 387 365.4 345.8 332.8 323.1 309.2 308 303.7 296.5 286.6 274.5 276.1 271.6 263.9 253.3 244.7 242.8 257.8 271.3 280.4 289.9 303.2 314.8 333.8 350 369.4 387 405.1 428.5 430.7 431.6 440.4 455.2 466.3 480 494.3 507.6 521.8 529.3 539.5 548.7 548.3 545.9 541.6 543 543.2 537.8 531.6 525.7 528 520.8 517.8 512.2 502.6 504.4 501.9 498.4 495
