UK/data/nh/nh90_OST50GRID_20230518/NH90.asc
ncols 200
nrows 200
xllcorner 290000
yllcorner 800000
cellsize 50
[rows 140 to 174 of 200, columns 78 to 155 of 200]
649 652.2 655.8 658.8 661.9 664.7 668.1 671.6 675.9 680.2 684.5 688.8 691.4 693.9 696.5 700.5 704.5 709.4 714.2 717.9 721.2 724.2 726.6 730.2 733.4 735 738 741.4 745.6 754.4 763.8 771.6 789.7 808.1 824.5 837.8 849 856.6 861.6 862.9 860.2 842.7 814.8 790 777.5 755.2 730.4 706.1 696.3 694.6 676.6 690.2 707.9 729.1 755.6 784.8 817.6 861.4 898.3 941.9 997.4 1001.1 998 993.7 990.7 989.7 995.5 1003.5 1016.9 1026.8 1039.3 1054.7 1063.9 1069.3 1069.6 1062.7 1049.9 1034.6
650.3 653.9 656.9 659.8 663.3 667 670.6 674.2 677.8 681.8 685.6 689.2 691.7 693.6 696.4 700 703.9 710.1 717 720.7 723.7 726.7 728.6 729.8 733.4 736.6 741.2 744.3 750.8 761.7 772.3 783.1 801.1 821 837.4 852 865.1 874.9 880.4 883.4 883.2 873.1 845.4 816.8 792.2 772.1 750.3 722.9 703.2 702.3 691.6 679.4 703.2 722.2 749.9 782.3 814.1 855 890.9 965 1003.3 1004.4 1001.5 997.6 995.9 996.7 1002.5 1010.2 1023.1 1034.3 1047.8 1060.1 1068.1 1073.4 1071.3 1066.4 1054.9 1042.2
649.9 653 656.4 660.4 664.1 668 671.7 676.3 679.9 683.5 686.6 689.7 692.4 694.4 697.9 701.9 709.5 716.8 722.6 725.5 728.5 731.5 733.2 733.7 734.3 735.2 740.5 746.6 754.3 765.7 776.7 792.9 811.8 830.2 847.7 864.6 878.7 890 899.2 902.3 901.4 896.8 872.6 851 805.2 780.3 768.2 739.2 712.2 703.2 703.6 680.9 698.9 718 744.1 776.3 809.4 846.2 885.7 935.1 1000.3 1007.6 1004.4 1001.5 1001.6 1004.5 1008.2 1018.8 1029.4 1041.4 1054 1063.7 1070.2 1074.5 1075 1068.7 1060.4 1048.6
645 648.8 653.2 658.4 663.7 668.6 672.9 677.6 681.6 685 688.3 691.4 693.8 697 702.2 710.1 718.6 725.6 729 730.7 734.6 736.7 737.3 737.5 739.5 743.1 742.2 745.9 756.1 767.7 782.1 799.5 817.6 837.2 854.6 872.3 888.6 902.7 912.3 918.8 919.6 916.1 901.7 858.6 816.4 791.8 771.9 752.5 724.2 710.8 710.1 696.9 688.8 710.3 735.8 767.8 799.4 831 876.4 927.8 980.5 1008.1 1007.1 1003.8 1003.5 1006.9 1012.6 1023.4 1034.3 1047.8 1057.7 1066.2 1071.3 1074.4 1074.9 1070.3 1062.9 1053.5
638.6 642.9 649.5 655.3 661.3 666.8 673 678.5 683.3 686.7 690 693.2 696.5 700.7 712.8 721.1 730.3 735.2 737.1 739.4 742.4 742.7 742.3 743.4 745.4 748.4 748.5 751.2 757.4 766.6 781.1 797.5 816.2 834.8 853 871.3 890.5 907.8 923.1 933.4 936.3 933.3 906.1 874.2 838.8 805 781.1 761.6 737.8 720.2 712.1 705.8 705.5 700.4 721.6 751.6 783.2 816.1 849.5 903.9 936.1 993.6 1006.2 1004.8 1005 1007.6 1014.8 1025.5 1037.8 1052 1060.1 1067 1070.3 1073.1 1072.8 1069.8 1063.6 1057
633.3 638.9 645.8 653.3 659.6 666 672.4 678.9 684.7 689.9 693.3 697.1 702.2 715.2 723.8 732.4 740.8 746.7 749 748.9 748.9 750.8 747.8 748.9 750.1 750.5 753.8 758.1 765.4 771.8 776.9 789.2 803.1 820.2 839.7 859.9 881.3 902.4 924.6 943.1 949.2 949.6 940.6 916.7 871.3 834.1 800.7 774.8 750.6 733.6 722.7 721.9 712.7 713.8 710.2 737.2 767.5 800.4 832.7 871.1 915.5 952.2 985.3 1002.3 1003.9 1007 1015.8 1027.9 1042 1054.4 1062.5 1068.3 1072.9 1073.9 1071.2 1068.1 1063.8 1059
628.6 635.5 642.9 651.4 658.9 666.7 673.2 679.8 686 692.9 698.6 705.8 718.1 726.3 735.5 745.5 752.5 757.4 760 758.4 758 756.2 754 753.6 755.9 753.7 759.3 766.4 773.3 780.6 785.1 788.6 793.1 803 821.3 843.7 866.3 891.2 914.7 936 950.6 960.5 962.2 946.6 913.3 871.5 827.6 794 773.4 753.4 739.8 734.4 729 720.7 716 723.3 754.8 785.5 816 847.8 893.7 931.8 967.7 991.4 999 1003 1013.5 1029.4 1044.6 1056.3 1065.4 1070.6 1075.5 1076.6 1072.5 1066 1063.2 1060
625.2 631.8 639.5 647.6 656.8 666.1 674.3 681 689.5 695.9 706.1 716.8 726.3 736 745.7 754.3 762.8 768.1 768 764.5 762.9 759.8 758 758.9 760 756.5 764.1 772.7 781.1 789.8 795.1 797.6 800.5 802.9 807.6 827 852.1 877.5 902.1 926.1 944.3 958.3 968.3 971.6 947.3 914.6 865.9 819.3 791.1 772.7 753.7 741.8 735.3 730.5 720.7 721 743.2 771.8 800.8 830.2 863.8 909.5 946.9 977 984.2 994.2 1011.2 1029.8 1045.2 1058.4 1067.2 1073.6 1078 1078.2 1073.6 1065.7 1063.4 1062.1
622.4 629.1 636 643.4 652.9 662.3 671.6 683.3 692.6 701.7 712.7 728 737.2 745.3 754.2 762.5 771 775 773.6 772 771 766.9 763.6 764 758.9 763.6 770.3 779 789.1 796.8 803.5 806.8 808.7 808.7 811.2 815.4 838.7 862.5 889.6 914.9 936.8 953.2 967 974.2 975.7 948.8 906.2 860.8 819.8 788.6 764 747.6 735.6 734.6 726.9 722.3 732.9 760.5 785.9 813.6 844.9 879.7 921.6 956.5 960.6 985.7 1009.1 1030.3 1046.1 1059.5 1069.5 1076.1 1080 1079 1073.7 1067.5 1064 1064.1
617.4 625.4 633.8 641.5 648.3 656.3 667.6 680.7 691.9 704.9 719.3 734.1 746.5 754.8 761.3 769.5 777.9 780 779.4 774.9 773.5 769.7 767.9 761.9 766.2 769.7 774.6 782.6 793.8 804 812.1 815.2 815.7 817.4 818.8 820.1 828.7 853.9 879 904.6 928.3 946.7 962.5 975.8 985.7 971.3 934.4 889.5 848.7 811.7 784.2 761.5 744.8 734.4 732.2 721.9 730.8 748.6 768.8 796.6 826.9 857.4 896 929.5 946.2 976.6 1006.4 1031.9 1048 1060.9 1070.5 1077.3 1080 1079.2 1073.9 1069 1066.4 1066.9
610.2 619.6 630 639.2 646 653.6 661.6 674.6 688.2 704.1 721.4 737.9 750.5 761.7 764.9 770.3 774.4 776.5 776.5 774.5 773.5 769.4 771 771.9 770.5 772.8 780.5 790.5 802.2 813.7 820.6 825.7 827.7 828.8 828.7 828.9 826.9 846.5 871.4 896.7 919.1 940.6 957.2 971.9 985.5 991.9 953.3 929.2 879.9 833.5 806.5 781.3 756.1 741.7 737.9 725.2 732 749.1 757.5 779.7 807.9 836.7 868.9 894.4 924.5 956.5 989.6 1021.3 1047.9 1062.2 1072.3 1079 1082.1 1080 1076.1 1070.9 1068.4 1070.4
617.5 617.6 624.2 634.2 641.6 650.3 659.1 670.5 682.2 698.3 716.3 733.4 746.5 757.7 768.3 775.8 774.2 774.9 776.4 776.4 774.9 772.8 780.6 776.2 775.3 780.7 788.1 800.1 811.7 822.7 832.1 836.3 837.8 838.2 838.9 838.2 837 840.2 865.7 890.3 911.7 933.6 951.6 965.6 982.7 993.3 1000.7 963.6 903.6 855.8 825.7 800.6 773.9 756.3 748.5 735.4 727.1 746.7 758.7 769.2 788.7 815 841.4 871.6 902.4 933.4 967.2 1002.1 1032.9 1058.9 1074.1 1081 1082.7 1081.3 1078 1074.7 1073.7 1078.9
624 627.4 630.6 632.2 636.2 647 656.3 667 678.1 690.5 704.8 719.1 732.5 745 757.7 769.1 776.1 781.2 781.4 778.6 775.6 776.3 777.3 782.6 785.2 791 800.8 810.3 822.9 835.4 844.2 848.8 851.1 850 848.9 850.8 849.4 845.6 864.4 886.3 908.6 927.1 946.2 962.6 980.1 992.7 1002.1 969.8 919.6 874.5 841.5 815.4 791.1 768.1 749.6 745.5 728.5 732.7 750.2 764.4 782.8 801.9 826.1 853.4 881.4 910.8 944.1 977.1 1010.1 1044.4 1073.4 1080.6 1083.1 1081.5 1079.9 1077.8 1080.3 1088.3
628.7 633.5 638.6 642.8 644 643.8 651.9 663 673.1 684.9 696.4 706.5 717.7 730.1 741.6 753.7 765.4 776.3 785.1 783.5 776.3 782.2 782.3 789.5 795.2 801.9 810.5 824.3 835.8 847.2 854.5 859.7 863.4 864.3 861.4 861.5 861.7 859.3 862.6 887 905.8 925.5 943.5 961.1 977.9 992.3 1003.5 984.2 942 901.4 858.1 831.6 807.9 782.2 756.7 750.7 743 729.4 738.5 760.2 772.7 789 810.3 835.3 862.3 891 920.7 955.4 995.6 1029.4 1063.7 1080.3 1082.4 1081.6 1082.1 1082.8 1087.3 1095.6
634.4 639.1 644.5 652 652.2 654.2 656.7 659.4 666.2 677.3 690.2 698.1 708 719.1 730.5 742 751.8 767.3 778.1 786.4 794.4 791.6 789 798.5 803.8 813.3 823.4 835.9 848 859.1 867.3 871.8 875.2 876.1 875.4 876.3 874.2 872.2 869.9 888 908.1 924.4 944.1 960.4 978.3 993.1 1005.5 1001.9 962.1 922.8 883 852.1 826.5 801.5 777.8 764.2 755.4 739.9 738.3 754.8 768 777.8 797 817.7 844.4 873.3 904.1 936.1 974.1 1019 1050.7 1077.2 1081.6 1082.7 1083.5 1085.5 1090.5 1103.8
641 645 650.6 657.6 662.5 662.7 664.7 668.9 672 672.8 682 690.5 701.2 710.6 722.2 733.4 743.9 756.1 769.2 781.5 792.1 800.1 804.3 808.6 813.3 823.3 834.8 848.5 860.3 871.7 879 883.2 886 887.1 887.6 886.9 886.9 887 887.3 893.5 910.8 928.6 947.2 963.4 981.2 997.1 1009.7 1014.8 979.9 949.2 917.3 880.7 847.1 822.3 800.7 781 764.1 750.1 741.9 744.5 763.7 772.6 784.5 804 829.5 858.7 888.7 923.4 959.6 991.5 1027.4 1069.1 1080.1 1083.1 1084.6 1087.3 1093.4 1108.4
647.7 651.5 655.1 662.4 669.9 671.1 673.4 676.2 678.5 681.4 684.4 687.2 694.6 701.6 710.4 722.2 734 745.2 758.1 771.7 785.4 799.2 806.8 816.1 823.5 832.9 846.6 860.5 873.4 885.3 892.5 896 898.6 900 900.6 901.2 902.3 904.3 904.1 901.5 917.6 933.8 950.1 969.3 987.2 1003.3 1016.1 1026.9 1015.7 986.5 951.6 913.7 872 845.8 821.8 799.2 778.8 764.6 752.8 749.9 752.9 766.5 776.3 792.5 815.5 842.4 875 906.6 940.4 978 1016.9 1056.1 1080.3 1082.4 1086 1091.6 1100.2 1114.1
657.1 656.2 660.3 667.8 675.6 678.5 683.1 685.7 686.3 688.8 692.2 695.8 698.7 701.1 705 712.9 722.3 734.8 748 761.5 775.5 789.9 806.1 819 829.9 842.9 855.5 871.7 886 897 905 910.3 911.8 912.9 913.1 917 919 922.4 923.8 923.8 925.8 945.3 961.6 979 993.1 1008.2 1024.2 1036.5 1042.4 1012.7 970.6 938.1 900.5 867.9 844.6 821.5 799.9 780 768.7 761.6 759.9 758.3 765.2 782.4 806.7 833 862.5 895.6 929.3 965.1 1000.7 1041.4 1075.8 1082.7 1086.7 1093.1 1104.8 1119.4
662 660.8 664 671 679.2 684.5 689.6 694.4 694.8 697.2 700.4 702.2 705.6 706.2 707.5 712.2 718.2 726.8 739.9 751.2 766.2 779.3 795.7 814.3 833.5 848.6 865.2 882.3 896.6 909.8 919.6 923.7 925 926.7 926.5 932.9 936.8 939.9 942 941.9 946.7 955.4 970.3 984 1000 1018 1033.2 1045.1 1053.1 1032.3 996 962.8 931.3 894.7 868.2 846.5 822 801.7 786.9 774.6 768.8 765.5 765.7 779.4 798.2 821.8 851.7 883.8 916.5 952.9 989 1034.6 1068.7 1081.9 1088.1 1095.6 1108.4 1122.8
660.1 663.1 667.1 674.3 681.6 690.2 698.5 704.4 706.9 710.6 711.5 713.2 716.2 713.8 711.8 714.9 722.7 727.1 735 744.5 758.2 773.6 788.2 805.3 826.5 848.6 871.3 888.8 904.6 919.6 930.5 935.1 937 936.6 940 946.5 952.6 958 960.5 963.4 967.5 974 982 996.4 1012.2 1026.3 1041.2 1055.3 1066.3 1056.5 1019.6 987.8 961.7 928.9 895.4 872.2 845.3 824.5 806 790.9 783.3 773.4 771.5 772.5 784.1 810.3 839.7 871.5 904.6 939.2 975.8 1017.8 1057.9 1078.4 1088.4 1097.6 1113.2 1127.2
659.1 663.4 669.3 675.3 684 694.3 705.4 716 723 728.6 730.4 728.3 727.5 724.4 721.3 720.1 724 730.4 735.4 742.6 754.8 769.9 785.1 794.6 817.1 842.7 871.4 893.3 911.1 927.4 941.2 943.2 944.6 946.2 950.1 958.5 966.9 972.2 977 980.3 985.9 992.7 999.6 1008 1022.1 1036.6 1052.6 1067.2 1075.7 1076.7 1045 1021.2 989.9 959.4 926.5 894.4 869.7 848 828.9 810 801.6 781.5 776.6 774.7 781.2 802.9 830.9 860.8 894.6 928.9 965 1001.5 1041.1 1071.5 1090.6 1101.9 1114.2 1131
658.7 664.3 673.1 680.9 692.5 705.7 720.7 729.4 737.2 746 750.5 748.1 746.5 740.7 735.6 734.3 731.6 736.5 740.2 744.8 752.2 766.5 779.6 790.2 811.4 835.2 863.3 891 913.8 930.7 942.8 947 949.4 952.8 959.5 970.1 979.1 986.9 994.1 999.5 1004.3 1011 1016.2 1023.5 1030.9 1047 1061.5 1075.6 1086.1 1094.2 1086.2 1056.6 1023.9 992.5 961.6 921.8 892.8 871.8 852.1 830 814.6 791.4 784 782 778.7 799.3 823 852.3 885.3 919 954 991.5 1029.6 1061.1 1091.7 1098.9 1121.1 1136
660 665.8 678.1 690.5 707.3 726.4 740 746.6 750.7 757.3 767.7 768.6 766.9 761.2 755.8 752.2 749.1 745.7 746.7 749.5 753.2 762.5 773.1 786.3 808.3 829.8 851.3 877.9 906 926 939.1 945.5 951.6 957.8 967.6 980 991.4 1001.2 1009.9 1016.5 1023 1028.6 1033.7 1040 1045.7 1057.7 1072.1 1085.9 1098 1105.4 1107.3 1080 1045.9 1015.7 981.8 948 918.5 894.4 872.7 849.7 826 805.6 793.6 787.2 784.6 798.4 821.4 847.8 878.1 910.8 944.1 977.9 1015.7 1053.2 1087.6 1099.7 1123.9 1139.2
662.3 671 683.5 699.4 721 741.5 756.8 763.3 764.4 767.5 774.6 780 781.2 777.1 775.8 771.1 767.3 761.9 756.1 757.7 758.1 761.3 770.2 784 805.1 825.7 841.9 863 890.5 914.5 930.8 940.9 950.4 961.3 975 989.1 1001.5 1013.2 1024.2 1032 1038.4 1045.3 1050.4 1056.9 1060.3 1070.5 1083 1097.1 1107.1 1115.6 1118.9 1097.7 1064.2 1033.3 1000.8 972.2 942.2 910.7 890 865.8 839.3 823.2 804.9 796.7 789.4 799.9 826.5 845.8 871.5 900.9 934.3 967.2 1005.5 1042.3 1076.1 1099.6 1123.8 1141.4
667.8 678.5 689.4 709.1 729.8 749.4 770.1 779.8 783.2 780 781.7 786.3 788.3 793.3 793.8 789.5 784.2 777.2 771.9 769.9 765.9 766.3 771.7 784.6 804.7 822.9 838.2 852.9 872.8 895.8 914.1 931.9 947.8 961.7 978.5 994.1 1009.5 1023 1035.5 1045.5 1054.3 1060.3 1066.4 1072.3 1077.5 1085.3 1094.6 1106.1 1117.9 1124.8 1128 1117.3 1083.8 1050.9 1023 995.3 961.1 925.6 898.8 879.1 856.5 838.9 819.8 805.3 795.9 801.7 825.5 841.4 862.1 891.3 923.3 956.7 990.6 1026 1066.6 1101.1 1123.3 1143.7
676.7 687.9 700.6 717.7 736.2 756.1 777.6 791.3 795.7 793.5 791.5 792.8 795.4 801.2 803 802.2 797.5 791.6 785.2 781.5 775.5 772.6 775.4 787.6 800.7 819.7 835.1 846.3 858.6 876.4 896 913.6 936.4 959 977.6 997 1014.1 1029.6 1044.8 1056.3 1066.1 1073.3 1080.6 1087 1093.1 1099.1 1107.3 1116.7 1126.2 1133.6 1136.8 1134.1 1102.8 1067.6 1039.4 1009 974.2 939 911 891.5 870.5 850.7 829.5 811 800.2 798.4 819 838.1 856.7 881.8 913.7 946.9 980.5 1018.8 1058.9 1096 1122.9 1144.6
688.7 701.7 712.6 727 746.2 762.5 778.5 795 800.1 801.4 800.5 800.5 801.4 805.2 806.4 810 809.9 805.4 799.5 794.4 787.2 781.8 781.5 786.5 799 814.1 829.2 843.3 852.7 864.5 875.6 893.5 916 940.5 964.3 990 1014.2 1034.6 1050 1062.7 1075.4 1085.6 1093.5 1101.3 1107.9 1113.7 1121.3 1127.9 1134.9 1140 1143.2 1140.2 1113.1 1075.1 1040.9 1011.6 980.2 948 923.5 904 884.5 863.5 841.6 815.8 805.2 802.2 810 830.7 849.5 874.8 903.7 937.1 970.5 1005 1040.3 1076 1115.3 1143.7
698.4 712.4 723.2 740.7 757.2 770.6 785 798.9 805.8 810.3 808.3 808.3 808.8 810.1 810.2 816 819.8 817.9 812.6 805.8 798.7 792.6 793.2 792.4 795.5 807.2 822.1 836.2 846.6 856.5 866.9 877.9 896 918.6 944.3 972.5 1001.3 1029.8 1051.7 1067 1081.3 1094.2 1106.3 1114 1119.5 1125.3 1133.1 1139.1 1141.8 1145.9 1148.8 1145.4 1116.4 1074.6 1039.8 1012.8 985.3 958.5 933.7 914.1 898 877.2 854.1 827.6 811.4 808.6 811.4 826.9 844 865.7 895.7 927.1 958.2 989.9 1020 1062.2 1109.6 1142.5
708 722 735.2 751.8 767.2 779.4 790.6 804.5 813.2 818.1 819.6 818.4 814.7 813.7 812.2 819 824.4 825.1 824 818.1 810.7 807.5 807.2 803.9 803.3 805.7 816.6 829.5 839.8 850.5 861.9 872.1 887.1 902.5 925.6 951.7 979.9 1011.5 1043.5 1065.7 1083.9 1100 1113.5 1123.7 1130.5 1136.4 1144.2 1146.7 1149.5 1151.6 1151.8 1148.8 1124.2 1082.6 1044.8 1019.5 996.2 971.6 945.4 923.9 910.9 888.7 866.3 840.5 818.6 813.3 814 823.8 844.9 866.7 889.7 916.4 942.9 974 1011.4 1061.4 1103.6 1140
720.4 733.3 746.5 765.3 779.8 789 802.9 817.5 829.3 832.7 830.8 828.3 819.8 816.2 814.9 819.2 828 831.7 834.5 830.4 816.7 818.8 821 817.3 814.4 815.2 821.2 825.2 838.1 849 860.7 872.1 882.9 894.2 910.8 932.1 963.6 994.7 1027 1059.5 1081.2 1100.9 1117.9 1129.4 1139.6 1146.9 1151.8 1154.5 1155.9 1156 1154.9 1151.2 1137.1 1096.7 1056.3 1034.4 1011.8 992.7 972 939.9 921 902.3 879.2 854.9 828.9 817 817 827.7 844.9 863.7 884.9 906.5 931.9 965.7 999.2 1040.9 1087.8 1132.8
734.8 749 763.2 778.4 791.6 807.7 818.1 832.7 840.7 843.7 842.7 837.9 827.9 822.2 820.3 823.6 830.4 838.2 843.3 840.5 831.2 828.6 828.8 828.9 825.2 827.3 830.2 834.7 839.7 847.8 861.5 871.6 880.8 890.2 900.3 920.8 946.7 978.5 1010.5 1043.8 1077 1097.5 1117 1132.3 1146 1154.8 1158.5 1160.8 1160.9 1160.3 1158.6 1154.8 1149.6 1117 1075.9 1052.9 1036.1 1018.9 1008.5 974.1 936.7 916.4 893.9 870 842.9 825.2 822.7 826.9 836.8 852.9 875.7 898.5 925.5 955.8 988.8 1027 1078.7 1118.5
751.5 763.9 779.1 795.9 811.1 821.9 833 845.9 848.8 851.6 850.3 848.6 838.7 831.7 831 829.8 834.5 844 851.2 846.9 843.9 836.8 833.4 834.5 837.5 838.7 843.4 843.9 847.3 853.3 862 873.1 879.6 887.1 894.1 909.9 932.8 961.8 994.6 1029.7 1061.6 1090.3 1112 1129.7 1149.8 1159.1 1163 1165.6 1165.7 1164.8 1162 1158.4 1153.7 1143.4 1108.3 1078.9 1060.3 1043.7 1026.4 1015.8 975.1 934.4 911.2 886.2 854.5 834.5 831.1 830.9 829.6 847.1 870.2 891.5 916.3 946.4 978 1015.8 1066.3 1108.2
769.6 781 793.6 812.1 829.8 843.3 854.3 860.7 861 860.4 858.5 853.2 850.1 842.8 842 841.4 845.8 852.4 858.7 854.9 854.4 842.6 835.9 837.4 842 847.3 851.7 854.5 859.2 865 864 875.5 883.6 887.4 894.1 902.9 920 944.4 977 1007 1042.7 1076.4 1103.9 1127.1 1144.2 1157.3 1166 1169.2 1170.6 1168.9 1165.5 1161.6 1156.6 1149 1141 1117.4 1091.5 1068.3 1045.5 1030.1 1000.7 955.2 926.8 896.6 864.4 844.5 845 838.9 832.5 841.2 861.9 883.9 909.9 938.1 970.6 1010.5 1053.5 1098.9
786.7 799.6 811.9 830.5 848.4 863.8 874.7 878.8 874.3 870.4 869.1 861.7 862.8 858.8 857.8 856.2 857.9 864 868 864.9 865.3 856.1 839.9 843.1 851.4 860.6 861.8 864.7 868.5 873.1 876.5 880.2 881.7 890.8 895.2 901.4 914.6 934.5 961.1 994.2 1026.7 1061 1092.2 1120.2 1138.5 1153.8 1165.9 1172 1174.3 1172.5 1168.3 1163.7 1157.7 1150.7 1143.8 1137 1128.4 1105.5 1068.7 1044 1017.5 974 940.7 908.3 875 857 853.6 842.5 836.2 838.9 852.9 875.5 902 931.9 965.4 1004.1 1045.9 1086.8
808.4 819.3 833.5 849.1 865.4 883.1 898.2 895.9 888.1 883.4 879.2 875.7 877.1 875.3 872.5 873.8 875.6 878.5 884.1 879.1 882.3 877.3 861.3 853.7 862.7 868.9 870.4 874.5 876 879.3 883.6 888.2 889.4 889 897 903.9 911.5 926.7 949.6 980.5 1012.3 1046 1082.1 1110.5 1132.7 1148.8 1162.9 1172.1 1175.9 1175.1 1170.6 1164.3 1158 1151.1 1144.3 1137.9 1129.9 1116.9 1085.7 1055.5 1027.6 989.1 951.5 917.5 889.8 866 858.6 851 839.7 833.1 844.8 866.9 894.7 925.8 959.1 995 1038.2 1081.2
