UK/data/sn/sn81_OST50GRID_20230518/SN81.asc
ncols 200
nrows 200
xllcorner 280000
yllcorner 210000
cellsize 50
[rows 140 to 174 of 200, columns 78 to 155 of 200]
162.1 164.4 166.2 168.6 172.8 176.1 177 179 182 184.6 188.7 193.4 198 204.2 211.5 221.3 231.8 242.5 252.6 264 273.2 280.9 285.8 289.6 295.8 303.6 308.4 312.9 320.3 322.8 323 322.3 320.8 321.8 325.1 328.1 331.2 332.8 334 333.9 334.7 332.4 332.6 335.6 335.1 334.7 334 331.4 329.7 303.5 300.1 313.4 320.1 322.5 319.9 322.3 323.5 322 319.8 318.3 316.8 313.2 310.1 306.7 300.6 303.1 312.4 314.5 316 316.9 319.9 323.7 326.9 330.1 332.5 335.1 339.4 345.3
164 170.6 172.7 174.7 176.8 179 179.9 181.9 184.6 187 190.6 195.1 200.7 207 214.8 225.7 234.1 243.2 254.4 261.8 268.1 274.4 281.4 288.2 297.6 304.8 307.5 310.2 313 315 315.2 313.7 314.3 316.9 320 323.3 326 327.7 329 328 327.7 324.9 325.2 327 327.8 328.6 328.2 325.8 314.5 293 308.9 318.8 323.3 323.2 319.7 317.7 316.6 314.9 315.1 314.9 311.2 307.8 297.3 301 304.8 310.4 314.5 317.1 319.1 322.5 325.6 329.1 331.6 334.6 337 340 345.2 350.3
161.2 169.8 173.2 174.6 175.8 177.7 180.9 183.9 186.5 189 192.4 197.6 203.6 211.5 220 228.4 236.9 247.5 255.4 259.3 264.2 266.4 279.2 285.8 298.2 302 303.1 303.9 305.7 307.4 307.1 306 308.1 311.8 315 318.2 320.4 322.6 323.7 322.4 320.2 319.6 319.4 321.3 320.5 320 318.6 316.6 294.5 300.2 316.9 319 319.2 317.8 316.9 316.5 316.3 314.7 309.5 309.4 301.8 297.4 303 306.6 307.7 312.6 316 318.6 322.6 326.2 329.5 332.8 335.8 339.7 343.2 347 351.1 355.5
169.4 167.1 168.6 172 175.2 178.8 180.5 183.9 187.8 190.7 193.9 198.4 205.5 213.8 221.7 230.6 241.5 250.2 259.7 265.5 270.4 273 277.4 285.6 291.7 293.6 291.4 292.6 296.1 297.5 298 300.6 303.2 307.2 310.3 312.8 315.5 317.7 318.7 318 317.2 316 315.2 314.7 314.4 314.3 314.2 310.4 289 303.8 314.2 313.1 312 310.4 308.9 308.3 307.9 301.9 297.9 296 298.7 307.1 308.5 309 309 313 316.8 321.4 325.3 328.1 330.4 333.4 336.9 340.4 344.8 348.9 354.5 359.3
167.4 168.8 170 171.6 173.5 176.5 178.8 181.7 185.6 189.5 194.5 198.4 207.7 214.9 224.4 234.9 245.3 253.5 262.1 267.8 272.9 276.8 279.2 280.5 282.3 283.9 287.2 287.3 287.5 289.8 292.2 295.3 299.3 303.2 306.6 309.5 311 312.7 313.3 314.2 314.1 312.9 311.6 311.4 311.4 311.4 310.9 302.6 287.6 302.7 308.6 306.1 305 304.2 300.2 295.6 293.6 292.9 293 304.5 308.9 308.9 308.9 309.5 309.8 311.2 317.1 323 327.5 329.9 332.4 335 336.9 338.7 342.8 350.3 356.5 361.7
168.4 171.1 173.4 174.6 176.5 178.8 181.8 187 190.3 191.6 193.5 199.9 209 219.7 231.1 240.2 248.9 256.2 262.2 265.3 269.1 271.3 273 275.8 278.2 278.7 279.4 279.5 280.3 284.1 288.7 293.6 297.5 301 304.3 305.9 307.1 307.9 308.7 310.3 310.1 309.2 308.6 308.4 308.3 307.9 307.1 298 285.5 299.7 301.2 297.5 295.3 289.6 287.9 289.8 290.8 306.9 312.7 311.1 309.1 308.8 309 309.5 309.8 310.5 317.1 324.9 330.6 333.7 333.8 332.9 330.2 333.2 340.9 350.1 356.7 361.4
170 173.3 175.8 178.1 180.9 184.9 187.6 190.4 195.9 202.2 201.7 203.1 213.6 225.4 234.9 243.7 250.8 255.4 258.3 258.8 262.1 264.5 266.1 264.8 266 277 271.5 270.8 278.4 283.4 287 291.8 294.6 298 300.3 301.6 302.9 303.6 304.7 305.9 305.9 305.7 305.5 304.9 302.9 302.6 300.4 292.2 284.7 293.8 290.6 283.8 288.6 294.2 301.5 307 309 310.1 310.7 309.4 307.7 307.6 308.2 308.6 309 310.3 318.2 325.6 330 330.9 329.2 327 326.7 331.8 341.9 350.4 355.4 356.8
172.6 175.9 180.1 183.9 188.2 190.3 192.1 196.2 202.1 208.8 213.5 214.2 218.6 226.9 235.8 242.3 246.2 250.5 251.7 254 257 259.3 260.3 260.2 261.6 266.3 267.5 269.9 277 281.4 285.2 289.4 292.3 294.4 296.2 298.3 299.9 300.8 301.4 302.4 302.4 301.8 299.8 298.3 295.9 294.1 291.9 284.3 281.8 282 282.6 290.2 298.6 301.7 302.2 306.6 308.6 309.2 308.9 307.3 306.6 306.8 307.4 307.8 308.7 312.9 319.5 324 325.9 326.1 324.8 325.5 327.1 333.7 342.8 348.9 351.4 352.4
180.3 185.5 189.8 192.6 196.6 198.6 201.2 204.3 207.7 211.5 218 221.5 219.7 221.8 228.6 235.8 241.6 247.2 252.8 257 258.5 260.1 259.6 259.6 260.6 264.1 273 270.9 277 280.6 284.3 288 290.6 293.4 294.5 296.6 297.5 298 298.6 298.5 298.2 295.2 292.6 290.6 287.1 283.6 281.2 279.8 280 281.8 291.6 295.7 301.1 302.6 301.9 303.7 305.7 306.7 306.4 306.2 305.8 306 306.8 308.1 310.3 313.9 318 320.6 321.4 322.9 324 325.8 330.8 336.8 342 345.1 346.7 348
192.1 194.2 197.9 202.4 204.9 208.2 210.9 214.8 217.6 218.1 221 226.5 226.8 226.8 235.7 241.8 246.8 251.7 256.3 258.7 258.5 258.6 258.6 259.8 261.2 261.1 266.2 272.9 277.8 283.4 286.9 288.5 289.8 291.2 292.3 293.8 294 294.1 294.3 293.3 290.9 288.6 284.6 277 273.5 274.2 275.3 277.4 277.2 291.9 295.6 299.5 301.4 302 302.5 302.8 303.3 304 304.7 304.1 304.7 305.6 307.3 309.5 312.2 314.3 315.6 318.1 320.4 322.9 325 327.7 331.4 335.2 338.3 341.1 342.8 343.6
203 206.5 208.9 211.8 214.4 215.3 217 218.7 220.2 221.1 225.6 232 235.4 237.3 243.5 248.6 251.4 254.2 256.4 256.6 256.5 257.6 261.4 267.4 269.6 268.5 268.7 272.2 276.1 280.7 283.4 284.5 285.4 286.1 287.5 288.4 288.9 289.1 288.7 286.9 284.3 276.9 272.1 271.2 271.8 273.3 275.9 282.4 290 293.2 295.6 297.8 298.7 300.5 301.2 302 302.7 303.3 303.6 302.8 303.8 305.5 307.3 309.9 311.9 313.9 315.7 317.5 318.8 320.5 322.6 324.7 327.7 330.5 333.9 336.9 339.1 338.9
211.8 214.1 216.1 216.4 217.6 218.5 219.4 221.2 222.2 222.9 229 235 240.2 244.6 246.8 250.9 253.2 254.6 255.6 259 262.6 265.5 269.5 273.5 275.7 275.3 274.4 274.3 276.4 279.5 280.9 281.6 281.8 282.6 283 283.8 284.6 283.8 282.6 281 273.2 268.1 269.3 273.1 282.9 284.5 286.5 288.7 290.6 292.8 294.3 295.3 296.3 298.4 299.7 300.3 300.9 301.2 301.5 301.4 302.2 305.1 307.1 309 311 313 314.8 316.2 317.8 318.7 319.8 321 323.6 326.3 329.6 333.1 333.2 337.4
211.4 213.6 214.2 214.4 215.8 217.2 219 220.9 223.6 227.9 230.4 236.2 241.7 244.6 248.3 251.8 255.3 258.3 262.5 266.2 269.4 271.3 272.9 273.1 271.5 271.4 272.2 274.1 276.7 277.3 278.2 279.4 279.6 279.4 280 280.6 280.2 279 277.5 273.4 264.9 267.9 274.3 281.8 284.1 285.5 286.7 288.4 290 291.4 292.4 293.1 294.7 296.4 297.3 298 298.3 298.2 298.3 298.6 302 304.6 306.7 308.5 310.3 312.1 313.6 314.8 315.5 316.4 318 319.1 321.4 323.5 326.9 327.3 330.9 333
210.7 212.4 215.3 217.4 215.9 216.3 220.7 224.3 228.5 235.3 241.2 242 247.1 252.4 256.3 258.9 261.2 264.3 267.5 269.5 270.2 269.3 267.7 266.7 265.4 264.9 265.2 268 271.3 273.4 274.6 275.4 275.7 275.6 275.6 275.2 274.7 273.2 267.5 267.2 274.1 277.8 279.2 281.6 283.1 284.3 285.4 287.2 288.5 289.3 289.9 290.6 292.5 293.2 293 294.6 294.4 293.8 297.1 298.6 301.4 304.3 306.2 308.1 309.4 310.3 311 311.2 311.8 312.5 313.8 315.8 318.8 320.6 321.6 327 329.8 332
205.5 212.8 213.7 216 216.2 220.5 224.4 229.4 232.4 237.2 243 246.7 250.6 254 259.8 264.7 266.4 265.9 265.6 265.3 263.9 261.8 259.8 257.7 257.9 257.3 259.2 263.8 268.2 270.4 271.8 272.1 271.7 271.2 270.8 271.3 269.7 260.8 270.7 275.2 277.8 280 282.1 282.8 283.4 283.5 284.2 285.3 285.8 286.5 287.5 288.4 289.7 290.3 291 292.7 293.1 294.5 297.2 299.6 301.7 303.4 304.9 305.6 306.7 306.8 307.4 307.3 307.3 307.5 309 311.7 314.5 317.8 322.2 325.6 328.5 330.1
185.8 189.7 186.5 187.7 200.6 213 219.8 225.7 232.5 238.3 243.7 249 254.3 258.3 260 261 260.9 259.9 258.9 258 256 254.6 253.3 253.4 255 255.8 261.7 267.3 272.2 273.5 270.4 269.1 268 268.3 267.6 264.2 266.7 272.7 276.1 278.6 281 282.2 282.8 283.3 283.1 283.1 282.5 282.7 283.1 283.6 284.6 285.7 286.9 288.1 289.2 290 290.1 293 294.9 297.4 298.8 299.7 300.6 301.6 301.5 301.5 300.8 300.3 301.4 303.2 305 307.8 312.4 316.4 320.5 323.8 326 327.1
165 162.8 171.2 168.3 169 183.1 202.2 219.7 228.4 239.7 245.1 250.7 253.6 254.1 254.3 254.3 253.6 252.6 251.4 250.6 249.1 251.1 254.3 258.2 263.1 263.2 262.7 268.3 271.9 271.2 267.9 266.1 265.5 265.5 263.6 264.9 271.8 275.4 277.8 279.4 280.7 281.3 281 280.6 280.3 280.3 279.8 280.2 280.7 281.2 281.8 283 284.1 285.2 286.4 285.6 288.9 290 291 292.5 292.9 293.6 294.1 294.8 294.7 293.6 295.4 297.2 299.1 301 304.2 308.9 313.7 317.3 319.8 321.6 322.3 322.1
194.1 197 197.7 202.3 201.4 191.1 169.6 201.1 216 227.4 235.6 240.1 239 239.9 242.3 244.2 246.3 246.3 245.6 245.2 247.7 254.5 259.2 263.2 267.4 269 265.6 265 265.7 265.4 263.5 262.8 262.1 263.4 256.5 264.9 269.8 272.8 274.6 275.2 276.4 276.8 276.7 276.9 277 277.3 277.3 277.9 278.2 278.7 279.2 280.1 281.2 282.3 281.8 284 285.7 286.5 285.6 287.8 288.2 288.6 288.9 288.1 291.2 293.1 295.2 297.7 300.1 301.5 306.7 310.4 314 316.2 316.7 317.2 316.6 314.8
220.2 223.5 221 227.9 226.6 216.5 201.5 170.9 194.2 206.7 211.2 214 220.9 226.2 229.4 231.9 235.9 236.9 239.6 244.6 250.7 256.2 259.7 263.1 265.8 266.3 264.9 262.3 260.7 260 258.7 258.6 258.2 256.4 257.2 261 264.5 267.3 269.1 270.1 270.4 271 272.4 273.4 274.2 274.3 274.7 275 276.1 276.6 277.2 277.5 277.7 278.5 278.6 279.7 280.7 281.5 282.2 283.5 281.9 284 288.1 291.3 293.6 295.5 297.2 298.6 301.2 303.3 305.1 308 310.1 310.6 310.6 308.1 310.5 313.3
235.3 237.7 233.6 236.5 239.1 233.7 228 208.9 187.6 183 183.5 191 200.5 206.1 208.2 211.2 217.7 224.2 232 241.4 248.2 250.8 253 257 258.9 259 259 257.6 254.7 254.1 253.3 253.4 252 250.3 254.7 257.1 260.3 262 263.6 264.8 264.8 265.7 267.8 270.7 272 271.1 271.7 272.7 274 274.8 274.7 274.9 275.1 275 275.7 275.9 276.2 276.5 274.8 280.8 284.3 286.5 289.8 293.2 295.7 297.9 299.6 299.8 301.2 302.2 303.4 304.2 305.1 306.4 305.2 309.7 312.9 315
239.2 241.3 241.9 241.3 243.5 244.7 244.5 234.5 224.9 223.3 222.9 216.3 200.7 186.6 185.2 195.6 185.7 196 196.3 205.5 208.5 225.9 242.2 249.5 251.2 251.1 249.9 248.5 244.3 246.8 247.8 247.6 247.4 251.1 253.4 254.9 256.2 260.1 260.4 261.7 264.3 265.5 266.9 268.1 269 270.4 270.9 271.6 271.4 271.7 271.8 271.5 272.1 272.1 272 271.9 272.1 272.5 278.9 282.3 285.5 288.5 291.8 295.1 297.4 299.6 301.2 302 302 301.3 300.8 300.9 301.5 301.5 305.3 308 309.8 311.7
242.5 243.3 243.2 243.8 244.7 245.2 245.5 246.2 247.2 248 247.3 239.2 242.3 220.7 210 231.9 239.7 224.9 223.5 220.4 221.1 196.7 209.7 230.7 227.8 231 229.9 225.7 213 230 244.4 245.4 249.1 251.8 253.1 254.6 256.6 259.3 261.2 264.1 266.5 268.5 270.1 269.8 271.1 271.8 271.6 270.8 269.4 268.7 268.6 267.7 268.1 267.6 268.5 268.6 270.7 274.8 279.4 283.2 286.9 290.3 293.5 296.2 298.3 299.3 299.7 299.1 298 297.5 296.7 297.3 298.8 298.3 302.8 304.5 306 307.1
245.9 245.5 245.7 245.6 245.5 246.1 246.7 247.6 248.9 250.5 251.2 251.5 251.4 240.2 218.3 238.5 244.6 244.6 243.8 243.3 243.4 222.4 216.7 202 214.4 203.7 211.6 228.5 238.6 246.1 249.2 251.1 252.7 254.4 254.5 256.5 259.3 261.7 263.3 266 268 269.5 270.8 270.9 271 269.9 268.4 266.9 265.5 264.1 263.6 263.4 264 264.5 264.9 266.9 270.9 275.1 279.5 283.9 287.8 291.5 294.9 296.8 297.2 296.3 295.4 294 293 292.7 293.7 294.8 296.5 295.9 299.7 301.2 302.7 302.7
247.4 248.4 248.6 249.3 248.7 248.3 248.4 248.9 250.1 251.9 252.3 252.5 252 250.9 242.3 225.1 240.5 242 239.9 241 243 242.3 237.4 242.1 244.6 243.4 242.4 246.2 249.4 251.8 253.2 254.4 255.6 256.2 256.4 257.9 260.8 262.8 263.4 266.3 268 269 269.5 268.8 267.9 266.3 264.6 263 261.7 260.4 260.5 260.8 261.8 262.5 265.9 268.7 270.2 274.3 279.2 282.8 287.8 291.8 294.1 294.7 293.7 292.5 291 289.6 289.1 290.2 291.6 292.6 293.5 296.3 297.7 299.4 300 299.8
245.5 249 250.1 250.5 251.6 251.4 251 251.2 251.5 252.6 253.4 253 252.3 249.9 247.6 241.4 231.6 236.5 240 243.3 245.1 246.8 249.5 251.9 251.1 248.9 247.9 248.7 250.3 251.6 253.1 254.7 255.9 256.9 257.6 258.2 260.5 262.1 263.5 265.6 267 266.8 266.3 265.6 264.6 262.9 261.2 259.8 258.5 258.5 258.6 259.2 262.2 265.3 268.7 272.4 276.2 277.7 277.5 279.1 285.3 289.6 290.8 290.5 289.6 288.3 287.1 286.4 286.7 287.3 289.1 291.1 294.7 296.7 297.7 298 297.8 297.7
250.9 250.6 248.6 251.8 252.9 253.6 253.8 253.1 251.4 251.5 252.4 252.7 250.4 247.6 243.2 236.6 240 242.5 244.5 247.4 250.4 253.1 256.1 257 254.4 250.8 250 251.6 251.7 252.5 253.4 254.8 256 256.6 257.3 258 259.4 261.1 262.1 263 263.9 263.6 263.1 262.4 261.1 259.4 258 256.6 256.2 256.5 257.1 260.9 265 267.9 272.1 276 279.3 281.4 282.5 282.1 283.1 285.6 285.8 286.2 285.5 284.6 282.4 284.2 286.2 287.5 289.3 291.4 293 296 295.8 295.7 296.6 296.7
253 251.6 250.8 252.2 252.6 253 252.6 250.9 248.8 248.9 249.4 251.5 250.2 246.9 239.6 241 244.6 246.8 249.4 252.3 254.8 256.4 255.8 254.4 252.8 252.8 254.9 255.5 255.1 254.6 254.1 255.3 255.5 256.1 256.7 256.6 257.4 258.6 259 259.4 259.4 259.7 259.3 259.3 257.5 256 254.8 254.1 254 256.6 260.4 264.3 267.8 271.5 275.8 279.8 282.5 284.1 284.3 283.9 283.4 284 283.4 281.7 281.1 280.9 285.7 287.4 289.3 290.8 292.6 294.1 295 296.1 296.4 296.5 297.3 299.4
256.1 253.6 251.6 250 251.1 249.9 250.5 248.6 247.7 247.6 247.2 247.9 248.3 244.4 241 243.9 246.8 249.7 252.2 253.8 253.9 253.3 253.4 252.1 251.8 253.3 255.2 255.5 254.6 255.9 254.4 254 253.9 254.3 254.5 253.9 254.5 253.9 255.4 255.5 255.6 255.7 255.3 254.5 253.6 251.8 251.2 252.4 255.5 260.1 264.1 268 271.4 275.1 279.3 283 285 285.8 285.3 283.8 283.2 282.8 282 280.2 278 282.8 285.9 287.9 290.1 292.5 294.1 295.2 294.4 294.5 294.7 294 294 293.8
258.7 256.7 253.6 250.4 247.9 248.3 248.4 247.2 246.7 247 246.3 244.6 244.7 245.7 240.4 244.9 247.3 251.3 251.4 250.7 249.9 249.4 249.5 248.8 249.2 250.1 251.2 251.7 251.9 252.2 251.5 251.1 251.1 251.6 251.7 250.8 251.5 251.6 251.8 251.5 251.2 251.4 251.6 250.5 249.9 248.9 252.5 255.2 258.2 262.7 267 270.3 273.9 277.6 281.4 284.5 286.3 286.2 284.2 282.2 281.3 279.4 278.8 276.3 274.2 278.6 281.5 284.3 286.5 288.1 289.4 289.5 288.9 289 288.8 288.5 288.6 288.4
259.7 257.4 254.2 250.6 247.5 246.1 246.3 246.4 247.4 246.3 245.5 244.2 244 244.9 243.5 245.2 247.1 247.3 246.8 245.8 245.6 245.8 246.2 246.7 247.2 246.5 246.8 247.7 247.5 247.3 247.2 247 247.5 247.8 248.3 248.3 249.1 248.6 248.3 248 248 248.4 248.5 247.5 246.8 251.5 255 257.9 261.2 264.5 268.7 272.7 275.8 278.8 281.9 283.6 283.4 281.9 279.8 277.5 275.7 271.7 269.6 268.9 268.6 274.2 276.9 279.1 279.9 281 282.4 282.7 283.3 283.9 284.4 284.1 283.5 283.8
260.3 257.2 253.4 250 247.2 245.8 244.6 244.7 245.9 246.5 246.1 245.2 244.2 243.5 244.5 245.9 244.7 243.6 243.5 242.8 243.7 244.4 245.5 246.5 246.5 245.8 245.4 244.6 243.6 243.1 243.1 242.8 243.3 243.9 244.9 248.2 245.3 245.3 245.3 245.2 245.5 246.1 246 244 247.7 252.2 257 259.9 262.3 265.1 268.4 271.9 274 276.2 277.4 277 275.6 274.5 269.5 265.7 262.5 261.8 267.5 271.9 274.9 276.9 277.7 278.1 278 277.8 277.5 277.7 278.5 279.2 279.7 280.4 280.1 280.7
260.9 256.8 252.7 249.1 246.7 245.1 244 243.8 245 246 245.6 245.5 244.9 244.7 245.8 245.5 244.7 244.2 243.3 242.3 243.8 244.9 246.6 248 247.6 246.6 245.2 243 241 241.1 241.6 242.3 242.8 243.3 245.1 244.2 243.7 243.1 242.9 243.2 242.6 243.7 241.8 245.4 249.8 253.9 257.5 259.7 262.1 263.6 265.5 267.1 268.7 270.3 270.6 268.9 266.6 259.1 256.9 260.3 263.4 270.7 274 277.4 279.8 280.5 280.1 278.3 276.6 275.1 274.3 273.7 274.4 275.1 275.6 277 276.8 277.4
260.8 256.4 251.8 248.6 246.5 244.6 243.6 243.1 244.1 245.5 245 245.2 245.2 245.4 245.6 245.4 244.8 243.8 241.5 241.5 241.8 242.9 244.3 244.8 245.3 245.3 244 242.2 241.8 243.2 244.4 245.3 246.2 246.4 245.5 245.2 243.4 242.3 241.4 240.7 239.4 239.3 242.2 246.4 250.5 254.1 256.9 258.9 260.1 260.9 261 262.2 262.8 262.7 261.6 259.4 252.6 253.1 263.1 267.3 269.9 274.1 276.7 278.7 280.3 280.2 279.3 277.7 274.4 271.5 270.4 270.3 270.5 271.6 272.6 273.5 274.8 275.6
260.4 255.8 251.8 248.5 246.5 244.3 243.2 242.7 243 243.5 244.3 245.7 246.4 245.3 243.6 242.2 241.9 240.8 239.3 238.3 238.3 237.9 239 239.9 239.5 240.1 239.5 237.6 239 241 242.7 244.5 245.4 247.2 246.9 246.3 245.3 243.3 241.1 235.4 235.5 241.3 244.1 247.5 250.5 252.2 255 256.2 256.4 256.9 256.9 256.9 255 252.2 250.3 248.5 258.2 262.5 266.5 269.9 272.8 274.8 276.2 277.5 278.2 278.2 277.4 275.4 271.1 267.4 266.1 268.8 271.3 272.7 273.5 275 276.4 277.1
260 255.8 252.3 248.9 245.7 243.4 242.6 242.4 242.3 243.4 243.6 245.1 246.8 247.1 244.4 240.8 239.5 239.2 238.6 237.7 237.1 237 237.2 235.4 234.5 234.7 234.8 235 236.6 237.6 239.1 241.2 242.4 243.6 243.6 243.6 243.6 243 239.3 233.6 238.9 242.7 243.3 246.1 248 249.3 250.6 251.9 251.4 251 250.8 250.7 247.4 244.6 248.5 256.4 260.4 264.3 267.1 269.9 271.9 273 273.8 274.6 274.3 273.7 273.2 271.9 267.8 263.9 265.5 268.6 270.1 271.5 273.1 274.8 276 277.4
