UK/data/sd/sd27_OST50GRID_20230518/SD27.asc
ncols 200
nrows 200
xllcorner 320000
yllcorner 470000
cellsize 50
[rows 38 to 75 of 200, columns 86 to 171 of 200]
154 156.9 157.3 160.2 165 172.9 185 199.1 207.4 212.7 215.7 219 220.7 218.1 212.9 209.2 206.4 202 197.1 192.5 188.2 183.6 177.8 167.6 156.2 143.3 127.7 118 115.3 123.6 129.2 134.1 136.6 136.7 130.9 125.3 122.3 120.3 115 108.7 101.2 94.8 91.8 91.2 91.4 90.9 95.3 96.6 92 88.2 83.7 82.1 79.6 77.3 75.3 72.6 67.8 64.7 62 56.9 55.4 55.7 59.5 59.8 57.4 58.7 58.8 57.6 57.4 55.5 55.4 54 51.1 49.9 43.4 42.6 42.7 43.5 46.2 39.3 34.8 35.1 31.3 29.1 27.2 22.5
148.9 152 154.8 157.5 159.8 171.4 183.3 194.7 203.2 210 212.4 215.9 216.7 211.8 207.6 205.8 202.5 197.9 193.4 188.7 185.9 182.6 175.3 164.6 152.6 139.6 126.3 116.8 113.3 119.2 124.5 129.1 133.6 134.8 127.4 119.5 116.7 114.2 108 102 93.9 88.9 86.2 86 86.5 85.2 86.1 87.8 84.6 83.3 79.2 77.4 76.1 74.3 72 68.5 63.6 60.7 58.4 54.6 54.2 54.3 54.6 54.9 52.4 52.9 54.4 52.5 51.5 46.3 43.7 47 50.6 49.2 41.5 41.2 40.9 41 41.4 40.2 38.3 34.6 31.6 29.2 28.3 23.6
145.6 153.8 159.3 160.4 159.6 167.6 180.4 191.1 200.8 206 208.8 211.9 211.2 206.3 204.6 202.1 197.8 193.7 189.6 186.1 183.1 178.8 170.3 158.6 147.6 136.4 125.3 117.3 111.7 115.3 120.2 124.4 130.3 130.7 123.9 116.5 112.1 108.4 101.2 94.2 87.3 83.7 82.3 79.8 81.3 79.6 78.1 79.6 78.5 78.4 74.9 73.5 72.7 70.8 68 64.8 60.7 57 54.4 53.3 52.8 52.8 52.6 52.2 51.3 51.6 52.5 52.2 51.5 48.6 42.5 40 41.5 39.6 40.2 39.9 39.8 42 43.3 41.2 37.5 33.8 33.4 32.4 30.8 27.8
149.6 161.4 165 164.2 163 167.4 179.4 187.9 197.1 201.1 205 206.6 205.1 202.1 201 197.7 194.1 189.9 186 182.3 177.7 171.8 163.3 150.6 142.6 134.8 123.8 116.9 111.9 115.1 119.8 122 125.5 125.5 119.3 112.9 107.5 102.4 95.7 91.5 85.8 81.3 78.4 74.1 75.4 74.3 71.6 71.6 72.6 71.3 69.5 68.6 68.2 66.5 63.7 61 57.9 54 51.8 51.8 51.5 51.5 51.7 51.4 50.8 51.1 51.9 52.3 47.7 46.6 41.3 36.6 37.6 38.9 40.2 40.2 40.8 43.4 44.9 40.8 33.9 33.2 32.7 32.8 32.8 32.4
158 167.5 168.9 167.3 167.2 171.8 179.5 185.4 192.5 196.7 200 200.5 198.7 197.2 196.1 192.4 189.9 186.3 182.3 175.9 171.5 165.2 156.3 147.9 143.4 133.3 122.8 115.2 110.4 108.3 117 117.4 119.9 119 113.7 108.4 103.6 97.7 92.2 87.4 82.6 77.4 74.8 70.7 69.6 69.1 67.3 66.3 66.6 63.8 62.6 63.8 62.8 61.6 60.3 58.7 56.1 51 50.2 50.2 50.4 50.2 50.9 50.6 50.9 51.5 50.3 48.9 47 44.7 39.1 36.4 37 39.2 41.2 40.6 41.5 36.4 33.7 33.4 32.4 29.2 28.7 29.7 31.5 33.8
166.9 173 171.9 170.7 170.8 175.1 181.6 186.2 188.9 191.2 193 194.2 193.4 192.2 190.1 188.9 185.1 181 175 169.5 165.6 160 151 146.8 139.7 132.4 123.3 113.7 107.8 106.3 113.1 111.9 113.1 112.1 107.7 103.3 98.4 92.5 87.9 82.7 78.7 71.5 68.6 67.1 65.4 63.5 64.5 62.3 61.9 59.6 56.4 59 58.9 58.1 57.5 56.5 53.5 48.9 48.4 48.6 49 49 49.4 50.2 50.8 51.5 51.5 49.5 46.7 41.9 39.4 36.6 37.2 39.2 35.7 33.4 35.8 39.5 41.8 37.5 35.2 33 32.6 34.6 33.3 36.3
173.1 173.5 174.3 173.9 173.9 179.4 185.5 188 187.9 188.4 189.1 189.2 188 186.6 186.3 185.2 180.8 174.3 167.5 163.4 159.2 152.6 146.1 141.5 133.9 128 117.6 110.1 104 107 110 106.8 106.9 104.4 100.4 96.8 92.2 86.1 81.8 77.4 73.9 73.7 72.8 69.7 64.6 61.4 60.2 58.4 56.3 55.2 52.9 54.6 55.3 54.4 54.4 53 50.5 47.8 47.1 47.2 47.5 47.7 47.8 49.3 50.3 50.8 46.6 41 37.4 37.4 39.6 36.2 35.7 36.1 35.7 37.4 39.3 42.1 40.3 39.4 39.4 37.5 38.1 37.8 35.9 35.8
177.1 173.8 175.9 175.8 176.7 181 186.8 188 187 186.1 185.6 184.4 183.1 182.4 182.4 180.7 174.5 166.8 162.1 157.5 152.2 147.1 141.9 136.4 131 122.1 112.8 105.9 101 108.3 106.2 101.7 100.6 97.3 94.1 90.8 86.2 80.4 76.4 74.9 77.1 82 79.6 74.5 66.6 62.1 58.8 56.5 55 53.5 52.5 51.6 51 50.8 51.5 49.1 48.3 47.7 46.9 46.1 46.5 46.4 42.1 43.9 49.6 49.5 49.3 47.7 45 45.8 38.6 35.6 35.9 35.3 34 33.1 32.3 35.3 35.8 36.9 38.4 38.8 38.7 37.1 38.4 38
175.6 173.7 175.7 176.2 176 180.1 184.3 185.8 185.1 183.3 181.5 180 179.2 178.9 178 174.7 169 163.5 157.7 150.8 144.8 139.4 135 132.4 127.4 119.8 109.5 98.6 99.1 104.2 100.6 96.7 93.9 90.4 87 84.5 79.6 74.4 73.1 74.7 82.5 84.9 81.7 76.2 67.6 62.5 57.4 55.5 54.3 53.2 52.2 51.2 50.4 49.8 51.1 48.9 47.8 47.4 46.3 44.9 45.5 45.3 45 46.2 48.7 49.4 51.3 51.2 48.1 48.5 41.3 38.1 37 35.9 34.5 33.7 32.3 32.3 31.1 34.4 38.4 38.5 38.6 37.6 39.7 39.4
171.6 173.3 174.7 175.7 174.9 175.9 179.6 181.1 181.2 179.9 177.8 175.8 175.4 175 173 169.4 164.9 160.5 155.3 149.1 141 132.2 127.7 126.7 121.6 115.1 107.7 96.5 94.1 99.5 94.8 91.4 87.9 83.5 80.3 77.2 73.9 71.8 72.5 77.8 83.2 82.6 79.5 75.3 69.2 58.5 54.4 53.8 53.3 52.8 52.1 51.5 50.5 50.7 50.3 46.7 46.5 50.8 50.1 44.7 45.7 45.1 44.7 44.4 45 48.6 51.7 51.9 48.9 47.9 45.4 43.6 37.8 36.5 34.6 33.8 33.5 31.8 30.5 30.9 38 38.8 38.1 38.1 40.8 40.3
168.1 171.7 173.7 174.6 172.4 171.2 174.1 176.7 177 176 174.2 172.5 170.6 170 168.4 165.4 161.1 157 151.9 145.3 136.9 131.3 124.5 120.2 114.8 109 99.8 92.8 91.6 92.4 89.1 86.4 82.9 77.3 75.8 73 71.6 71.8 74.6 78.5 79.5 77.9 75.2 72.1 67.4 56.3 54.7 53.6 53.3 52.7 52.2 51.3 48.3 53.1 52.6 50.9 48.5 47.6 48.2 48.7 49.1 48.5 45.8 43.4 45.5 43.1 45 51.1 50.5 50.3 48.9 46.3 38.1 36.6 35.4 37.8 37.3 36.1 32.5 29.7 30.4 38.4 39.4 40.3 40.3 38.9
165.8 170.3 172.5 172.6 170.9 167 170.8 176 174.5 173.9 173.2 171.4 168.3 166.3 165.3 163.7 158.3 151.4 145.7 140.9 134 128.5 123 118.7 112.3 106 96 90.1 85.8 82.9 80.9 79.4 78 73.8 72.3 70.3 69.9 70.2 74.1 76.4 75.3 72.3 68.5 63.4 60.4 55.8 55.7 54.3 53.8 51.2 52.3 51.8 52.5 55.6 53.9 51.8 50.5 51.5 52.8 53.4 53 54 56.4 52 47 42.7 41.9 48.2 49.6 45.1 41.3 38.9 37.8 38.7 40.4 45.2 43.8 41.8 38 32.5 28 39.6 42.9 41.7 39.7 37.9
163.4 167.5 169.8 169.1 167 163.9 171.2 175.4 174 173.5 173.4 170.9 166.8 163.6 162.8 159.9 152.3 145.2 141.8 137.8 133.7 129.3 121.2 116.5 110.8 105.3 96 91.1 89.3 86.8 79.1 74.5 72.6 72.1 70.7 69.1 67.9 68.2 72.8 74.7 71.7 63.4 61.7 59.8 56.5 55.8 55.2 53.9 53.8 53.6 53.4 53.6 56.6 60.4 59 56.5 56.9 57.9 57.2 57 56.4 56.7 55.9 56 50.9 45.7 41.9 42.9 42.7 39.8 40.9 41.6 42 46.6 45.3 47.2 46 43.3 39.9 36.6 30 28.6 42.8 41.9 40 37.3
159.8 144 148.7 162.2 161.9 161.7 167.5 171.6 172.2 173.6 173 169.3 165.6 161.6 158.7 154.3 146.6 141.9 138.9 135.7 131.5 128.7 122.3 113.1 108.2 101.1 95.5 92.9 90.7 86.9 81.8 78.7 76.2 70.5 69 67.9 67.1 68.2 73.1 72.8 68.5 59.9 59.1 57.7 56.7 53.9 56.1 54.9 54.7 56 56.4 57.5 61.6 65.5 64.8 64.2 64.4 62.9 60.4 59.5 58.8 57.8 60.3 59.1 54.5 49.7 44.8 42 42 44.7 48.4 48.8 50.3 49.7 48.2 47.8 46.2 43.8 41 39.2 32.4 28.5 26.7 40 39.3 34.6
156.9 144.8 144 155.3 154.6 159.9 163.2 168.1 172.2 173.2 171.8 167.7 163.4 159.4 154.6 149.8 144.8 141.9 141.1 138.3 131.7 124.5 117.4 109.6 104.6 101.5 97.7 91.8 91.1 92.9 87.1 82.1 80.8 78 69.5 66.4 66.3 68.7 74.4 70.3 62 59.2 58.5 57.7 55.3 56.2 56.3 56.9 59.2 61.1 60.9 61.8 64.9 66.2 66.8 66.5 66.4 65 62.1 61 59.8 59.6 60.8 61 56.5 51.9 48.2 46.3 46.7 49.6 50.5 50.2 49.9 50.3 49.6 48.3 46 44.4 41.4 38.2 36.6 31 26.6 25.3 35.7 31.5
148.4 148.3 151.6 149.3 151.8 155.1 161.3 168.5 171.9 172.1 170 165.9 162 156.9 150.8 147.5 146.3 146.1 144.6 140.8 133.8 124.3 113 108.3 106.7 107.4 102.7 93.2 95.7 99.7 95.1 89.6 85.3 80.8 76.4 66.7 65.8 65.3 67.4 68.5 62.2 59.8 59.3 58.2 58 56.5 58.8 65.1 66.1 66.5 65.8 65.9 67.9 68.7 68.8 68 66.5 64.9 62.9 61.5 61.2 60.6 60.7 60.1 56.2 52.9 50.6 49.3 49.4 50.4 50.3 50 49.9 50.1 49.5 48.2 46.5 44.6 41.5 41.7 42.2 37.1 30.1 25.7 24.6 26.4
143.5 147.8 149.9 143.1 145.8 149.9 159.6 166.1 169.4 169.4 167.1 164.5 160.4 157 152.5 151.6 150.3 149 145.6 141.2 133.7 122.1 108.8 107 109.3 110.5 104.8 97.2 98.8 100.9 96.7 91.5 87.5 80.8 72.7 65.8 64.7 63.9 62.9 61.6 60.7 60.8 59.5 57.8 57.6 59 66.9 70 69.2 68.4 67.8 68.8 70.2 71.2 70.5 68.9 67.1 65.1 63.1 61.5 61.4 60.7 59.1 57.6 55.9 53.6 52.3 50.8 49.9 50 50 49.8 49.9 49.6 49 47.7 46.1 44.9 43.3 44.5 44 41.8 37.7 30.2 25.8 24.6
143 139.1 147.5 136.2 138.4 145.9 156.5 162.2 165.3 166.2 164.3 162.5 159.1 156.2 155.2 154.3 152.9 150.2 145.6 138.8 130.4 118 106.4 105.2 110 111.2 106.9 100.3 101 100.5 95 89.7 85.2 78.8 68.9 65.6 63.9 63.2 62.8 62 61.2 61.8 61.3 61.6 63.5 64 67.7 69.8 69.1 69.1 69.4 70.5 71.6 72.4 72 70.4 67.1 64.5 62.6 61.8 61.2 59.9 57.5 56.4 54.9 53.6 52.7 51.3 50.2 49.7 49.7 49.7 49.4 49.1 48.6 47.9 46.9 46 45.4 46.2 46.1 44.1 41.6 40.3 35.6 30.8
139.4 135.8 141.4 129.5 130.6 139.3 151.4 158.1 161.4 162.6 161.7 160.3 158.1 156.3 157.4 157.2 155.2 150.3 144.3 136.3 127.2 114.9 105.2 104.2 108.8 109.8 106.1 100.9 99.3 97.5 92.5 86.4 81.7 76.4 69.8 69.9 68.2 64.2 62.4 61.7 64.1 65.2 57.6 67.6 69 67.7 67.7 68.6 69.4 69.8 70.5 71.6 72.6 73 72.8 70.8 67.9 64.5 62.6 61.8 60.9 58.8 56.6 55.6 54.8 53.6 52.6 51.4 50.2 49.6 49.7 50 49.9 49.9 49 47.9 47 46.5 46 46.9 46.7 45.9 43.9 42.4 41.6 36.9
133.6 132.3 136.2 126.8 127.5 136.2 146.1 153.6 157.5 159 159.1 158.5 156.9 157 159 159.6 156.3 149.7 140.9 131.9 122 111.3 101.3 101.9 104.8 104.9 102 98.6 96.5 94.5 89.4 82.6 77.5 73.9 72.5 74.1 75.6 73 71 71.5 70.5 68.3 62.4 69.8 70.2 69 68.6 69.5 70.6 71 71.8 72.3 72.5 72.7 72.2 70.8 68 64.8 62.8 61.4 59.8 57.8 56 55.2 54.6 53.6 52.6 51.5 51.2 50.9 50.9 51.1 51.4 51.3 49.9 48.3 47.6 47.3 46.9 46.9 47.1 46.6 44.8 43.1 42.8 40.4
127.4 128.2 127 124.3 125.5 133.5 142 147.9 151 153.2 154.5 156.2 155.7 157.9 160.4 160.4 155.8 148.1 137.9 126.7 116.9 108.1 100.8 98.4 99.4 97.7 95.6 93.9 92.6 90.3 86 80.1 75.7 76 76.4 76 75.6 74.4 74.1 73.5 71.8 69.9 67 71.3 72.1 71.4 70 70 70.8 71.7 72.5 73.1 72.5 71.6 71.3 70.7 68 65.4 62.3 60.4 59 57.7 56.5 55.8 55.7 54 52.4 52.3 52.9 52.5 52 52.3 52.5 52.1 50.5 49 47.8 47.3 47 47.6 47.9 47.1 45.6 44.2 43.2 42
123.5 125.2 124.2 122.2 123.8 130.6 137.3 143.7 148.4 150 142.2 151.9 154.9 158.1 160.4 159.3 155.1 147.2 135.6 123.5 111.5 104.8 98.4 93.7 92.5 89.1 88.9 89.6 88.2 87.3 84.6 79.8 77.3 77.7 78.5 77.9 76 77 77.1 75.6 73.4 71.3 68 72.1 73.3 73.6 72.4 71 71.2 72.2 73.1 73.6 72.8 71.7 70.9 70.4 69 65.5 62.3 60.2 58.9 57.9 56.9 56.2 55.9 54.8 52.8 52.8 52.7 53.1 53.3 53 52.4 51.6 50.9 49.3 48.1 47.6 47.4 47.7 48 47.7 46.6 45.2 44.8 45.8
122.1 124.9 123.8 122.5 124.1 127.7 133.4 138.9 140.8 145.4 142.2 144.1 152.6 156 157.7 156.7 153.2 144 131.4 117.7 104 97.8 93.8 90.2 88.5 83.6 84.9 85.5 84.9 87 86 80.4 77.4 78.7 79.1 80 79.8 79.9 79 77.3 75.1 73.2 66.5 72.7 73.9 74.3 73.8 72.2 71.7 72.7 73.6 73.8 73.3 72.2 70.9 70.5 68.8 65 62.1 60.2 58.8 57.8 57.1 56.5 56.3 54.8 53.4 52.5 52.3 52.8 52.9 52.2 51.3 50.7 50.2 49.7 48.4 48 47.9 48.2 48.3 48 47.1 46.6 47.1 48.7
125.6 124.6 123.8 123.4 123.3 125.4 129.1 134.5 137.1 139.8 141.6 143.9 148.4 151.7 152.5 150.9 142.8 131 120.8 109.9 98.1 91.6 89.4 88 87.2 84.1 83.2 82.5 83.7 85 84.2 79.8 77.1 78.7 79.9 81.3 81.7 81.2 79.8 78.1 76.2 73.2 63.2 72.4 74 74.2 73 72 72.4 73.8 74.1 74.1 73.7 72.4 71.1 69.6 66.8 63.6 60.6 59.5 58.6 57.7 57 56.3 55.9 55.3 53.4 52.5 51.6 51.4 51.5 51.1 50.2 49.7 49.2 49 49.1 48.9 48.4 48.4 48.3 48.1 47.9 47.6 47.4 48.3
128.9 123.8 124.9 123.4 122.2 124.4 122.3 130.8 132.4 133.4 135.1 140 144.1 146.1 144.6 140 129.9 118.1 110.7 103.4 95.4 88.8 87.2 85.6 84.7 83.4 82.9 82.4 81.6 81.3 80.8 78 76.2 78 80 82.5 82.4 81.7 80.3 79 77.3 74 60.5 71.9 73.5 73.7 72.2 71.6 73.4 74.1 74.4 74.5 73.9 72.5 71 67.3 64.8 62 60 58.8 58.4 58.6 58.1 57.8 57.3 56.5 54.5 53.4 52.1 51 50.5 50.1 49.8 49.5 49.2 49.4 49.9 50.4 49.5 48.3 47.9 47.7 47.4 47.4 47.2 47.1
129.1 124.2 123.6 121.9 120.2 122.5 121.8 125 127.7 128 129.7 135.3 140.3 140.3 136.7 132.5 123.8 113.6 106.2 99.6 94.4 88 86.3 84.7 83 83.1 83.3 81.7 79.1 77.3 75.3 75.5 75 77.7 81.3 84 83.5 82 80.5 79.2 77.7 74.4 61.4 70.5 72.9 73.2 72 71.3 72.9 74.6 74.8 74.9 74 73.3 70.7 66 63.2 61.4 59.7 58.9 58.6 58.8 59.3 59.5 58.6 57.4 57 57.8 56.6 53.6 51.3 50.2 49.8 49.3 49.3 50.2 50.7 50.9 50.6 49.3 48.2 47.4 47.3 47.1 46.5 46.3
136.4 130.1 120.1 116.4 116.2 120.8 123.5 123.1 118.5 123.4 124.7 130.5 135.2 133.8 130.5 127.8 122.5 113.2 102 95.4 89.5 86.2 85.4 82.4 82.3 82.3 82.4 81.3 78.2 75.3 74.4 74.3 74.8 77.6 81.6 83.4 83.3 82.1 80.3 79 77.3 73.8 62.7 69.8 72 72.3 71.5 69.6 71.5 74.7 75.3 74.7 74.8 73.9 71.3 67.1 63.9 61.6 60.2 59.2 59.2 59.8 61.4 61.6 59.4 58.2 61.5 62 61 58.1 54.6 51.3 49.8 49.6 49.7 50.3 50.9 51.3 51.4 50.4 48.6 47.5 47.1 47 46.8 45.9
137.8 132.2 125 119.8 116.3 119.9 123.8 121.9 106 98.3 105.4 123 128.9 127.5 123.6 126.5 118.8 113 96.8 90.5 86.7 84.7 83.7 81.4 81 80.6 80 79.9 79.6 76.5 74.8 74.2 74.1 75.9 78.5 80.4 81.7 81.4 80 78.5 75.8 72.4 61.8 68.1 69.4 70.1 70.1 68.9 72.7 74.9 75.4 74.7 74.2 73.5 71.3 68 64.8 62.7 61 61 61 62 62.9 62.6 60.5 60.6 66.3 67.2 65.4 62.2 58.5 54.8 51.7 51.1 50.9 50.7 50.7 51.4 51.7 50.9 49 47.7 47.2 46.9 47.1 46.1
138.3 134 125 114.3 111.9 114.1 115.6 117.4 117.1 113.9 104.5 110.7 127.3 128.6 129 125.8 116.7 109.8 94.6 87.2 85.5 83.4 81.4 81 81.2 80.6 80.3 79.3 78.5 77.9 77.5 76.3 73.8 73.7 74.8 76.6 79 80.2 78.9 76.9 73.1 69.9 62.6 68.9 69.2 68.7 69.3 71.1 72.9 74.6 75.3 74.8 73.6 72.6 71.4 67.8 65 63.3 62.3 62.5 62.5 62.3 62.3 62.3 60.8 63.4 68.4 69.5 67.8 65.7 62.4 59.1 55.5 52.7 52.4 51.8 51.3 50.9 51.3 50.8 49.6 47.9 47.4 46.7 46.7 45.8
136.9 133 121.6 108.2 107.3 106.9 106.5 112.6 114.8 112 109 107.7 122.2 128.9 126.3 122.9 116.6 109.2 95.8 86.8 84.5 81.4 79.5 80.9 81.9 81.3 80.4 79.9 80.6 82.9 83.6 82.2 76.4 72.9 73.2 73.7 75.5 77.3 77.3 74.8 70.3 67.5 66.8 68.4 67.1 67.3 69.2 70.1 72.4 74.9 75.5 74.5 73 72 70.6 67.4 64.7 63.2 63 63.2 63.1 62.3 61.8 60.9 59.7 63.2 66.7 66.8 65.8 65.8 64 61.7 58.9 55.1 53.6 53.1 51.9 50.9 50.7 50.4 49.3 48.1 47.3 46.4 45.8 45.9
135.3 130.2 119.6 106.3 103.4 101.4 101.6 109.5 114 114 112 108.6 114.8 125.3 124.6 119.7 113.3 106 93.4 86.7 83.9 80.1 78.4 79.2 80.4 80.8 79.7 81.4 86.7 89 87.5 84.2 79.1 74.7 72 72 73.3 74.9 75.3 72.7 67.8 64.9 66.3 66.5 65.9 66.2 67.8 70.3 72.9 73.9 74.5 74 72.6 71.1 69.8 66 63.3 63.3 63.3 63.6 63.7 62.7 61.8 59.4 58.6 60.5 62.2 62.1 61.6 61.6 61.4 60.3 58.8 56.2 54.4 53.6 52.7 51.6 50.6 50.1 48.8 47.8 47 46.1 45.5 45.7
132 125.6 116.3 104.9 93.4 104.5 99.7 106.5 110.8 112.7 113.2 115.5 112.8 102.9 108.5 112.1 108.4 100 91.5 86.7 82.7 78.9 77.5 77.6 78.8 79.6 79.7 86 90.2 91.7 89.8 86.1 81.4 76.1 71.9 71 71.3 72.6 72.1 69.5 69.7 67.3 65.4 64.7 65.4 66.1 67.2 69.6 71.9 73.3 73.6 73.2 72.6 71.2 69 64.9 62.9 62.7 63.1 64 64 63.2 61.7 59 58 57.2 57.7 57.6 56.2 56.8 56.9 56.8 56.5 55.7 53.7 53.1 52.8 51.4 50.3 49.4 48.2 47.4 46.7 45.8 45.2 45.7
129.8 122.1 114.7 102.8 84.4 86.9 82.2 97.3 107.1 110.1 110.5 113.2 116.4 111 100.4 93.4 92.7 92 90.8 86.8 81.1 78.1 77 74.5 77.3 77.6 80 86.5 92.1 93.3 91.9 88.3 84 77.7 72.6 70.5 69.9 70.4 68.9 68.2 63.7 67 61.8 63.3 65 65.4 66.6 68.4 70.2 71.9 72.4 72.1 72.3 70.6 69.9 66.2 63.8 62.9 63.2 64 64.3 63.5 62.3 59.8 58 57.1 55.9 54.7 53.5 52.6 53.6 53.8 54.3 53.5 52.7 52.2 52 50.9 49.3 48.1 47.4 46.8 46.3 45.6 44.9 44.7
124.6 122.6 113.9 104.1 88.4 81.2 80.7 84.6 102.5 106.1 106.6 109.9 113.6 115.4 112.9 105.3 96.2 91.7 90.7 87.9 84.8 78.4 68.3 70.4 74.6 77.1 81.6 88.4 93.2 94.1 91.6 88 83.6 77.3 72.8 70 69.3 68.9 68.5 64.7 65.8 60.7 59.4 62 64.1 65 66.3 68 69.2 70.3 71.1 71.6 71.9 71.2 70.4 67.5 65.6 64.7 64 64.2 64.5 64.2 63.2 60.6 58.9 57.5 56.1 54.8 53.5 52.7 52.2 52.2 51.7 51.7 51.8 51.4 51.2 50.5 49.1 47.6 46.5 45.6 44.8 44.8 44.6 44
121.3 120 113.4 100.7 89.1 78.3 73.3 80 96.2 99.2 101.2 105 109 113.3 112.9 107.9 100.5 94.8 88.4 77.8 86.7 81.6 73.6 70.1 72.7 79.5 85.8 90.5 92.8 92.8 90 86.5 82 76.2 72.7 69.9 69.5 68.4 65.2 67.2 63.9 59.1 58.4 62 63.9 65 66.3 67.6 68.8 69.9 71.5 72.2 71.8 70.9 70 68.8 67.2 66.9 66.9 67.8 66.2 64.7 63 61.4 60 58.6 57.3 56.6 55.8 55.2 55 53.5 52.7 51.9 51.3 50.7 50.4 50.2 48.5 46.9 45.9 45 44.2 44 43.9 43.7
124 117.7 112.4 102.9 91 78.1 71.2 75.2 88.9 93.8 95.2 98.5 103.1 108.9 110.1 106.3 100.1 92.4 86.5 77.2 76.2 78.8 78.3 71.9 73.7 80.4 81.3 89.9 90.5 89.8 87.4 84.3 80 73.9 70.6 69.7 67.6 67.1 67.1 66.3 62.3 58.4 58.2 61.8 63.6 64.8 65.9 67.1 68.8 70 71.6 72.5 71.9 71.3 69.9 68.6 68 67.3 68 68.1 66.8 65 63.4 62.2 61 60.3 59.9 59.3 59.4 59.4 57.7 55.6 54.5 52.7 51.4 50.5 49.7 49.2 47.7 46.5 45.4 44.5 44.1 43.8 44.1 44.3
121.9 116.2 109.4 102.2 91.5 77 72.4 75.1 85.2 90.8 91.9 93.2 98.4 104.3 106.1 104 99.5 92.4 87.2 88.5 88.6 85 82 79.1 80 79.3 80.6 82.7 86 85.5 83.7 80.9 76.2 70.8 69.5 67.6 68.8 67.8 65.8 63.9 60.3 58.4 59.5 61.6 63.3 64.3 65.3 66.7 68.4 70 71 71.7 71.4 71.4 70.6 69.5 67.9 66.9 66.6 66.5 66.7 66.4 65 63.7 63.3 63.8 64.1 62.2 61.6 61 59.1 57.2 55.3 52.6 51.1 50.2 49.5 49.3 48 46.4 45.1 44.2 44.2 44.2 44.6 46.8
119.4 111.8 103.6 99.1 89.3 75.8 72.3 74 82.9 87.8 88.5 89.5 93.7 98.9 102.5 103.9 100.4 93.6 88.3 85.3 85 83.6 82.3 81.4 78.3 75 78 82.8 82.9 80.3 79.5 76.6 72.1 68.9 66.5 70.1 70.2 69.1 65.9 65 61.7 59 59.5 60.4 62 63.1 64.2 65.9 67.5 69.4 70.2 70.7 70.6 72 72.2 70.4 68.9 67.5 66.8 66.3 66.6 67.3 67 66 66.1 66.6 66.4 65 63.1 61.4 59.5 57.7 55.2 52.3 51 50.4 49.8 50.4 49.4 47.8 45.6 44.4 43.9 43.9 44.8 47.8
