UK/data/ng/ng93_OST50GRID_20230518/NG93.asc
ncols 200
nrows 200
xllcorner 190000
yllcorner 830000
cellsize 50
[rows 70 to 104 of 200, columns 78 to 155 of 200]
232.6 227.1 220.9 214.4 209.6 201.5 209.5 215.1 218.2 218 218.1 222.8 228.9 238 240.6 240 240.5 247.4 253.9 253.6 256.2 261.9 265.7 274.7 265.2 257.4 246.2 231.8 223.4 221.7 219.1 214.2 212.9 210.6 203.7 201 198.4 200.4 204.5 204 202.7 203.6 213.7 228.1 250.4 268.1 267 257.6 257.7 261.5 280.2 293 303.8 302.5 308.8 316.6 323 319 321.6 316.2 305 296.4 313.5 326.4 315.4 314.5 332.7 347.4 349.3 349.1 347.9 341 334.4 337 341.2 344.8 356.6 358.4
237.4 230.6 224.5 218.1 213.5 205.5 200.3 209.7 215.8 216.2 217.1 220.1 227.2 236 241.3 244.1 244.3 250.3 261.8 262.2 262.4 265.1 263.5 264.4 264.4 256.8 250.5 239 228.3 224.1 222.6 219.1 213.8 211.4 207.4 205.2 200.8 201.5 206.2 201.7 201.3 209.9 227.6 240.6 261.8 283.6 275.2 263 260.3 265.6 282 287.7 295 313.9 314.1 316.2 318.1 320.6 323.6 314.7 303.8 302.8 325.8 335 325.2 337.9 344 356.5 352 346.2 343.5 335.7 331.3 330.3 332.5 337.9 342.1 345.2
240.1 233.7 227.6 221.2 214.4 209.8 211.6 211.8 205.8 215.3 218.6 224.4 240.6 241.5 244.6 250.1 249.8 248 261.7 266.5 265.8 271.6 272.6 268.8 260 254.5 249.1 242 232.9 231.6 227.3 225.5 217.1 213.4 210.7 207.7 203.2 205.5 202.6 201.3 208.2 229.4 245.3 256 277.2 295.1 285.4 276.8 268.5 267.1 276.2 278.3 300.6 311.9 313.6 321 322.6 320.5 316.2 307.6 303.1 308.2 327.1 341.7 340.5 340.3 342.1 349.7 353.7 343.5 334.4 330.9 331.3 337.4 331.1 326.8 330.3 332.5
243.8 236.5 229.7 223.4 216.8 211.5 215.6 217.1 214.5 217.3 225 235.4 251.7 256.1 250 256.7 259.6 253.4 259.9 266.3 268.6 274.9 277.8 274.2 263 257.8 253 246.3 238.7 237 231.8 228.4 224.8 216 213.3 210.6 205.5 203.3 201.8 210.3 228.6 247.1 261.2 262.1 273.4 297.3 291.1 287.5 275.4 267.2 266.9 271.2 287.7 301.8 324.7 331.1 320.7 319.8 316.2 308.5 301.1 307.3 328.8 341.1 337.7 337.7 334.8 347 346.9 345.6 338.5 332.5 331.1 331.3 341.9 333.3 318.4 314.6
246.4 238.9 234.2 229.2 221.7 211.8 221.5 219.1 219.4 221.4 230.6 241.7 254.1 261.4 259.3 265.3 266.4 260.4 251.8 264.3 272.9 276.2 277.8 273.8 266.5 265.3 263.6 256.7 252.5 243.3 234.4 228.8 226 219.8 216.9 214.1 207.1 208.2 214.8 233.2 249.7 264.8 273.9 267.3 278.5 295.4 288.3 281.8 275.8 269.6 270.5 272.3 289.6 315 329.5 328.4 312.4 315.6 308.8 305.9 300.2 298.3 328.7 340.1 337.3 337.7 331.8 339.8 342.8 342.3 338.2 336.3 331.1 335.7 327.2 325.2 309.5 302.6
249.6 247.4 243.5 237.1 229.2 216.9 225.3 221.6 220.3 218 240 254.2 264.5 268.2 274 273 277 267.4 257.7 262 278.3 283.9 284.5 281.7 276.1 280.3 276.1 267.3 264.4 254.7 239.9 228.7 223.6 220.3 217.8 216 209.1 214.6 225.5 261.4 269.2 277 277.2 274.4 284.3 299.6 294.3 281.4 275.8 275.3 282.6 290.1 292.4 301 323.7 322.8 310.6 309 303.3 298.3 298.3 309.3 341.9 335.1 334.6 329.2 328.7 327.4 335.8 337.8 335.8 337.6 324.7 326.7 320.5 302.7 289.9 285.1
252.7 252.4 252.3 249.4 242.3 232.6 226 227.3 221 227.2 245.3 261.4 276.6 278.3 284 273.7 268.4 266.9 261 260.5 282.5 289.3 288.7 286.2 282.8 287.2 285.7 276.6 274.5 261.3 247 234 224.2 220.6 216.2 214.8 215.8 225.7 254.9 276.2 279.9 285.2 284.8 286.5 284.1 295.4 297.1 283.1 283.5 289.4 303.5 311.4 308.6 300.8 303.1 315 307.6 309 299.4 298.3 302.4 321.7 337.7 343 338.4 330.2 326.2 318.7 328.8 330.7 325.9 327.9 315.7 308.8 309.6 295.2 288.2 284.1
254.1 253.6 253.2 248.7 246.9 243.2 235.1 233.6 219.3 223.1 247.8 261 274.7 282.5 283.6 281.6 267.8 269.1 267.6 259.9 271.1 291.5 294.6 292.4 287.2 288.6 285.6 280.5 277.3 265.5 251.7 239.1 229.6 222.1 216.9 217 220.1 238 270.7 286.9 292.2 298.4 296.1 300.2 293 297.2 288.5 286.3 297.4 301.4 311.5 322.5 319.8 308.9 306.3 304.2 298.3 298.3 299.2 305.8 305.9 319.3 337.1 341.1 339.8 328.6 324.3 311.9 316.1 321.9 317.6 315.4 307.9 304.8 299.1 299.1 299.1 285.4
254 254.9 253.7 248.4 245 241.6 235.4 231 228.4 241.1 255 260 273 286.8 285.7 277.7 270.5 272 273 267.9 269.9 286.4 296.3 294.6 290.8 290.4 289.4 281.7 273.5 261.4 254.3 246.9 237.7 225.3 223.2 222 221.2 246 282 288.2 295.7 299.5 300.9 305.8 304.4 300 295 296.4 304.9 314.3 315.7 319.8 324 321.9 311.5 303.4 298.3 298.3 298.3 299.4 299.6 309.6 327.2 332.9 337.8 329.3 318.4 308.2 305.5 316.9 309.9 309.5 295.1 295.9 301.8 299.5 290 284
251.9 252.4 252.7 249.6 245.7 239.8 230.5 225.1 245.3 255.8 260.1 265.2 273 280.9 283.8 279.7 276.8 281.6 281.4 272.5 266.7 278.8 287.3 293.6 290.1 292.7 288.2 285.4 273.5 265.2 260.5 253.6 242.2 230.4 228 228.9 224.4 238.9 277.9 288.9 302.1 303.8 307.5 304.9 302.9 300.1 299.3 303 306 307.1 321.7 323.7 325.7 320 313.4 305.4 298.3 298.3 298.3 298.3 298.3 298.3 317.6 321 330.2 329 316.1 300.9 296.1 295.2 292 293.1 290.8 294.5 296.9 294.8 293.8 277.1
251.5 249.1 246.3 244.3 243.3 238 222.4 242.8 249.5 258.7 263.1 269.5 275.7 284.2 289.7 286 286.2 291.6 283.8 277.8 266 286 292.8 289.2 286.6 287.1 287.1 282.2 273.7 268.8 264.4 260 245.8 233.2 233.6 234.6 228.1 232.3 261.4 296.1 307.2 312 317.4 307.9 305.3 301.2 305.1 307.5 304.3 305.8 313.6 326.8 322 321 312.7 306.3 301.7 298.3 305.1 298.5 299.9 298.3 308.4 321.2 328.5 324.6 311.9 297.7 289.3 290.2 287.7 285.2 279.2 286.7 290.7 295 283.8 273.1
250.4 246.6 243 239.8 236.2 226.2 241.8 247.4 259.6 263.7 267.6 278.9 285.1 292.1 302.3 304.5 307.4 299.4 289.2 278.8 268.7 281.3 286.1 281.2 280.8 285.3 287.9 280.8 274.5 272 269.5 263.5 252 238.7 238.9 241.3 235.4 232.8 252.2 284.7 303.8 304.1 303.7 309 307.8 297.4 300.6 303.6 301.7 305.5 316.9 312.1 312.2 315.6 317.2 316.1 302.8 298.3 302.9 306.3 302.2 303.6 311.4 324.6 326.7 315.4 298.5 289 285.9 294.5 290.8 279.8 277.1 280.8 289.8 290.6 279.1 266.9
250.5 246.1 242.4 238.5 220.5 238.9 244.8 255.3 269.6 269.7 272.2 293 301.6 309 319.7 317.5 312.2 304.4 294.1 280.9 272.5 269 276.4 273.9 274.3 284.6 286 283 277.4 279.8 280 271 256.3 250.1 249.6 252.1 252 242.8 251.1 269.6 280.3 281.7 282.3 295.8 299.2 289.5 299.6 300 299.7 308.5 312.1 312.1 313.5 320.7 324.5 319.5 304.9 300.6 304.1 307.1 304.5 308.2 304.2 314.8 310 301.9 288.4 284.4 282.3 281.8 279.4 274 271.8 280.4 287 283.3 269.5 260.4
248.5 244.7 239.3 223.3 237.4 238.5 243.8 253.6 267.7 273.3 273.5 290.9 312.3 325.8 324.7 319.2 313 310.3 297.2 284.8 277 269 269 269 269 280.5 282 276.4 277.1 286.2 286.3 274.5 261.2 258.4 257.3 257.7 273.5 264.1 251.5 263.5 266.9 269 273.7 276.2 283.2 286.7 299.5 306.9 301.5 302.7 314.2 323.1 323.4 322.8 328.4 320.1 307.1 300.7 301.1 302.1 296.8 295.6 295.5 291.3 291.3 288.6 287.8 290.6 282 287.3 274.5 270.7 270.7 270.7 273.5 269.1 261.8 259.2
247.8 243.9 223.9 236.4 238.2 241 242.2 253.6 266.8 274.9 275.2 285.3 303.5 316.4 321.2 323.8 321.6 316.8 302.1 289.4 278.7 269 269 269 269 270.8 270.4 269 272.6 280.9 278.8 273 263.9 259.6 260.1 257.7 282.3 272.8 258.8 256.9 266.6 277.2 281.8 276.4 280.1 283.3 296.9 311.9 306.3 309.3 312.7 315 323.2 321.5 325.3 314.2 307.8 300.4 300 301 296.2 290.3 284.6 276.2 275.5 277.3 280.4 279.5 275.5 275.5 276.8 270.7 270.7 280.7 279.2 273.3 269.8 261.9
247.5 232.1 237.3 237.2 242.2 241.6 242.7 250.6 267 279.2 280.8 290 308.2 316.3 318.5 323.3 319 312.5 301.4 289.1 276.7 269 269 269 269 269 269 269 269 277.7 282.7 277.5 268.9 258.9 257.7 262.1 276.4 275 264.5 261.6 273.7 283.6 288 289.6 296.3 292.9 297.4 312.4 319.7 314.9 313.5 322.7 323.2 323.3 317.8 312.2 302.5 300.5 296.2 293.1 290.4 291.1 281.8 276 282 284.6 292.6 280 279.7 290.3 291.8 281.3 284.6 295 295.3 287.5 275.7 265.4
245.5 224.4 246.3 241 241.5 242.6 245.8 252.4 266.6 276.2 280.9 289.1 305.9 321.7 320.9 329.6 325.2 313.8 304.4 288.9 276.3 269 269 269 269 269 269 269 269 274.6 280.9 283.8 268.5 260.3 262.5 266 276.1 283.8 275 276.8 279.8 291.3 290.8 300.4 313.3 309.5 307 319.1 334.1 329.5 336.2 331.6 331.9 329.8 321.6 311.1 308.2 308.5 300.2 294.4 286.7 289 289.4 278.1 282.3 280.4 284.4 281 274.4 283.6 288.9 288.7 291.8 295.3 288.3 284.9 275 264.4
238.5 239.9 243.7 240.1 239.9 243.1 245.7 254 266.7 267.7 281.5 285.2 291.9 308.7 318.8 329.6 326.4 312.4 301.7 288.3 277.2 269 269 269 269 269 269 272.6 279 281.8 276.7 273.2 267.4 264.4 266.2 267.8 277.5 291.3 288 291.6 288 288.9 292.6 304.9 314.8 312.1 314.3 315.5 335.3 334 332.6 329.3 328.3 325.5 318.5 311.8 316.2 318.1 299.7 289.4 283.1 292.7 289.5 281.6 290.5 279.7 274.4 274.4 274.4 285.6 287.3 288.4 289.8 290 288.5 278.5 269.2 262.2
248.9 248.7 246.2 240.5 239.6 241.1 245 253.8 261.8 268.5 280.5 277.1 280.1 291.3 306.5 310.3 312.9 304.8 296.8 284.3 272.9 269 269 269 269 269 269 269.2 288.3 285.5 283.1 277.9 269.5 271.2 279.3 273.4 274.6 286.8 296.3 295.9 290.6 284.5 291 303.4 306.1 312.6 316.5 314.3 316.6 320.7 323.9 325.7 324.3 317.2 315.8 313.9 319 304.2 288.9 281.9 278.1 290.8 286.4 282.3 292.7 278.8 274.4 276.9 291.6 291.2 291.5 292.5 291.5 289.2 285.7 276.1 269.7 259.4
254.9 259.1 251.9 241.9 239.4 240.5 242.5 249.6 257.2 265.5 273 274 274.6 276.5 282 287.7 286.9 283.8 280.5 275.9 269 269 269 269 269 269 269 270.3 279.6 278.9 274.5 275.9 271.7 274.5 282.1 274.1 270.4 282.4 295 297.6 296 286.5 288.3 299.1 300.5 309.6 316.5 319.3 322.4 316.6 320.3 324 327.4 324.5 313 303.3 307.4 298 286.7 277 271.7 283.8 281.5 277 282.8 279.8 276.6 276.4 286.2 294.4 295.1 293.3 288 279 268.1 264 255.3 243.6
258.6 260.6 256.7 247.7 239.9 239.8 240.6 245.2 252.4 262.8 271.2 273.6 275.8 276.2 279.2 283.6 282.9 281 281.2 275.3 269 269 269 269 269 269 270.8 280.5 283.3 280.1 272.5 271.8 270 271.1 274 269.5 269.3 283 300.5 302.8 296.6 289.2 292.3 290.6 293.1 307 315.2 325.1 337.3 335.6 325.1 325.3 321.2 311.7 299.3 297.6 298 295.2 289.3 274.9 271.4 275.3 271.9 272.1 282.6 292 284.5 282.2 270.5 274 279.3 282.3 274.9 265.2 256.5 247.2 241 231.2
262.2 262.7 256.1 247.6 240.2 239.8 240 245.4 251.8 261.1 268.2 273.7 277.8 278.4 283.3 288.4 286.4 288.1 286 276.1 269 269 269 269 269 281 293 301.2 291 280 278.1 277.7 277.4 280.3 277.5 271.4 272.2 291.6 296.5 306.2 300.3 294.9 290.3 293.1 290.6 301.3 308.9 316.4 332.5 331.7 318.6 311.3 312.4 304.5 290 290.9 294.2 290.2 287.7 283.3 271.1 270.4 272.7 279.2 295.9 302.1 295.4 287.2 269.4 267 276.5 278 270.9 258.7 253.3 241.3 244.6 230.2
268 265.7 253.7 247.6 244.3 241.7 243 250.2 260.3 265.6 274.5 276.9 277.2 279 285.8 289.6 287.9 288.2 283 273.6 269 269 269 269 276.8 289.9 307 306.6 290.6 287.4 293.7 307.4 299.5 298 284.9 273.1 274 284.5 288.9 298.7 297.1 296.3 290.1 286.4 299.5 299.3 302 305.1 314.7 318.6 313.8 303.6 297.9 290.9 279.5 288.8 284 281 277.1 275.4 272.1 282.7 287.2 293.8 305.5 301.8 298.2 282.8 274.1 268.5 263.4 262.7 257.9 247.1 243.4 225.5 222.7 213.6
269.8 264.5 256.2 250.9 246.8 243.5 251.2 258.2 269.5 279.1 290.5 283.4 278.3 279.3 288.5 289.4 289.2 293.9 280.5 269.1 269 269 269 269.9 281.5 295.1 311.1 305.8 293.2 301.9 325.9 318.8 312.2 301.2 283.2 278.8 278.5 278.7 280.7 278.6 280.8 283 280.7 278.9 292.5 295.3 293 296.3 298.6 303.4 304.7 299.4 288 277.8 273.4 267.9 272.5 266.1 263.5 277.8 288.7 285.2 281.6 287 292.4 285.3 289.8 279.8 263.6 269.3 259.6 252.9 242.1 228.1 222.1 210.7 202.2 196.3
265.4 261.8 258 252.4 246.5 244.4 255.9 262.3 272.3 284.2 291 291 287.6 282.8 286.6 294 295.9 288.5 278.9 269 269 269 271.7 283.2 297.4 314.4 313.2 300.4 295.7 313.7 327.2 318.7 303.9 292.3 283.8 279.6 277.8 274.2 274.4 271.2 266.4 275.6 273.6 274.5 285 286.8 281.7 276.2 278 284 285 281 274.7 272.9 263.8 262.6 256.1 257.9 270 280.3 286 287.6 278.3 284.1 292.6 279.1 271 271.4 260.4 269.1 257 236.8 223.2 213.7 209.3 199.2 189.4 184
261.5 261.2 259.5 258.2 248.4 247 258.8 265.8 275.7 285.3 290.4 292.8 290 290 296.5 301.3 300.3 292.7 280.7 272.7 269 269 278.4 292.2 308.6 326.1 315.2 303.4 311.2 327.8 326.5 319.3 306.2 290 279.6 278.2 272.6 274.1 274.4 276.5 261.5 258.7 270.1 276 280.8 282.6 275.2 264.3 254.8 255.8 266.7 262.9 259.8 261.2 260.3 256 248.1 252.3 260.1 269.4 286.5 290.2 275.3 268.8 278.1 266.3 261.8 258.1 252.9 258.8 250 229.4 209.2 199 191.3 184.3 176.7 170.7
263.2 266.2 265 259.1 251.6 255.7 268.6 271 280.5 290.3 291.4 290.6 290 299.2 302.4 301.6 297.6 291.4 280.9 279.8 275.9 275.1 282.3 292.5 309.5 325.8 312.3 310.2 324.8 330.7 326.2 317.2 304.1 289.1 276.4 267.4 268.4 270.7 273.4 271.2 258 248.4 264.2 268.9 266.3 271.5 261.3 253.1 243.6 237.7 245.8 249 247.3 253.6 252.7 254.5 247.1 248.8 249.2 260.3 274.6 278.3 268.4 258.6 256.3 258.2 245.8 238.9 232.9 228.7 227.7 214.2 195.1 186.7 179 173.2 168.4 163.6
264.7 271.3 266.7 259.8 254.9 265.2 275.8 277.2 286.3 298.8 294.6 293.2 302.3 309.9 306.8 306 298.5 294 285.7 284.9 281.8 287.2 291.5 294.1 303.1 312.6 310.3 320.3 330.9 329 321.9 310.7 297.4 286.5 270.9 259 261.5 260.2 266.3 260.3 248.2 239.5 239.1 252.7 254.9 254.7 251.7 242 236.5 230 228.8 233.1 236.2 237.8 235.6 245.1 247.7 249.1 249.2 261.9 270.9 271.9 274.9 259.7 247.9 240.1 235.8 228.6 220.7 205.4 202.9 197.4 181 174.4 169.6 165.4 163 158.4
258.6 267 265.5 259.5 262.4 271.9 282.1 282.9 289.6 297.3 301.6 303.7 316.9 317.6 316.2 314.1 309.3 301.6 294.8 289.1 292.8 306.5 296.3 294 302.6 302.6 308.2 317.8 321.5 320.2 312.9 299.2 284.7 276.1 262.7 254.3 250.4 248.5 252.5 247.2 237.4 233.3 229.8 230.5 242.6 237.4 235.7 232.3 229.6 221 216.5 222.7 227.6 227.7 228.3 239.3 243.2 250.3 258 276.9 281.1 271.1 275.8 258.1 244.6 237.5 227.2 216.4 205.7 193.3 184.6 178.7 169.2 167.7 166.4 164.2 160.5 153.5
257.8 260.1 261.8 263.8 269.9 279.2 286.9 285.1 290.8 300.9 307.4 318.2 324.5 325.9 323.1 317.1 319.7 310 302.8 293.3 300.3 302.8 295.9 293.1 295.1 301.6 316.4 324.5 327.4 322.3 309.3 292.3 279 267.5 256.5 245.6 247.7 238.9 236.2 231.8 226.3 226.1 227.6 225.5 224.3 222.5 220.7 222 219.5 213 208.2 212.5 216.7 216.5 223.6 240.2 252.1 261.6 261.7 278.5 276 264.3 261.9 257.4 242.6 233.2 216.7 202.1 190 181.2 170 166.8 168.5 170.6 167.3 165.5 159.9 152.1
258.3 258.2 259.2 261.6 265.7 273.8 278.5 282.6 290.6 307.1 315.3 323.9 329.1 325.3 320.2 323.3 322.9 313.7 305.7 301.4 306 306.8 297.9 292.9 299 303.8 312 323.8 323.7 313.1 299.5 285 273.3 261.4 247.2 236.3 233.2 228.5 221.9 217.1 216.1 217.2 221.5 222.6 214.6 212.1 212 207.1 203.5 202.2 200.1 204 198.5 204.4 221.6 248.8 260.8 264.8 258.3 264.1 261.4 255 249.6 243.7 232.1 222.9 205.9 188.9 175.7 167.5 161.5 169.4 178.2 177.7 171.2 163.7 157.1 150.8
260.3 258.7 257.9 257.8 261.4 266 269.8 281.8 298.8 311.6 313.2 326.7 325 319.6 320.2 329.4 321.4 312.3 307.1 306.4 308.5 301.7 292.3 293.4 311.6 302 303.9 306.8 306.5 303.4 289.9 276.8 263.9 253.7 239.2 228.7 224.4 217.9 214.5 210.7 212 211.5 209.5 208.2 202.6 202.5 201.2 195.9 192 192.4 186.5 187.6 183.2 195.8 216 240.5 253.3 253.8 255.6 249.3 248.7 243.1 236.1 232.8 215.8 198.3 185.2 172.5 163.5 158.4 172.7 180.5 183.7 184.1 177.2 163.6 153.6 150.1
260.7 258.3 257 256.3 255.9 257.6 264.5 286.4 304.6 306.8 312.3 321.2 318.3 311.1 323.9 320.6 314.4 307.6 305.3 306.2 305.1 297.5 291.6 301.3 306.4 302.9 304.5 299.4 295.6 291.3 278.2 267.3 255.6 245.1 231.9 223.5 214.6 213.9 208 206.4 203.4 199.3 196 194.1 193.2 191.2 188.4 184.5 183.6 177.5 169.1 166.8 172.4 186.1 203.5 219.5 231.2 258 255.5 244.8 235.9 230 221.6 212.7 198 183.4 168.1 156.5 152 166.4 185 187.4 188.8 191.1 175.8 163.1 160.8 158.8
259.8 255.7 255.3 256 254.5 254.5 260.7 279.3 298.5 303.8 306.7 309.5 312.4 305.1 310.1 305.8 300 302.6 304 304.7 300.2 291.8 290.8 297.1 312.6 303.8 309.2 305.1 295.2 278.9 265.4 251.2 244.1 237.4 223.2 213.8 205.4 204.8 205 199.2 190.6 187.2 188.4 189.2 186.8 181.4 175.9 173.2 170.1 162.3 153.9 156.3 169.2 178.3 188.2 199.8 208.2 238.6 253.7 243.6 228.5 217.8 205.6 193.7 182 167.5 151.7 142.8 158.2 176.5 190.9 195.8 191.9 183.7 171.1 169.1 165 160
257.4 254.6 253.6 256 252.4 252.3 252.6 261.2 278.2 288.8 295.2 299.7 307.7 298.8 293.1 293.4 301 300.6 302.7 296.3 289.6 287.2 287.3 291.6 300.9 302.6 307.8 300.1 289.3 272 259.9 247.8 233.2 223.7 210.7 200.9 196.6 197.3 193.1 184.8 179.3 181.1 182.8 184 180.7 175.5 169.6 162.6 155.1 147.9 145.6 151 156.3 160.6 167.6 176.2 191.2 204.9 236.3 233.6 222.2 204.5 184.8 172.7 162.1 145.7 132.6 141.8 160.2 167.7 175 180.2 176.5 176.2 178 174.7 161.1 160.2
