UK/data/nh/nh32_OST50GRID_20230518/NH32.asc
ncols 200
nrows 200
xllcorner 230000
yllcorner 820000
cellsize 50
[rows 70 to 104 of 200, columns 0 to 77 of 200]
101.1 103.7 110.4 114.2 119.1 125.7 126.8 131.7 139.2 141.4 141.4 142.2 146.4 148.4 159 166.6 176.4 189.8 200.4 210.5 221.2 223.1 225.3 227.1 230.1 233.3 241.4 248.5 255.1 258.5 261 264 269.8 270.3 278.5 288.8 295.4 297.6 300.3 301.7 311.9 332.1 329.6 325.6 320.9 315.8 312.7 315.6 314.9 312.5 312.5 313.2 315.7 318.7 321.3 322.1 325.4 329.1 329.1 329.9 333 332.4 329.8 327.9 328.5 330.6 332.5 334.5 338.2 341.3 343.5 345.6 347.1 351.9 356.2 356.7 358 365.5
100.8 105.1 110.3 114.6 119.9 127.8 131.9 139.9 142.5 143.5 144.3 149.2 152.6 154.2 164.4 171.9 180.6 192.1 204.2 219.5 222.3 224.7 227.4 230.5 233.4 236.8 243.5 252.1 259.8 263.6 265 270.4 271.9 273.4 281.4 290.6 293.4 296.1 299.7 306 309.3 321.9 321 322.3 318.2 313 312.5 312.5 312.9 312.5 317.9 317 317.3 324 327 323.8 330.4 330.7 329.7 330.2 334 330.8 329.5 328.8 334.1 335.6 336.7 338.1 341.1 343.4 346.7 347.7 349.4 352.1 355.5 356.8 362.3 366.5
101 105.5 110.4 115.8 123 129.1 134.5 141.6 145.1 148.3 151.2 154.1 156.2 162 170.8 178.3 184.5 196.6 208.6 217.5 221.2 224.8 229.2 233.1 235.3 239.1 249 259.2 265.7 270.5 271.6 273.1 273.1 274.9 280.7 287.5 291.6 296.6 304.1 311.6 310.3 317.2 322.4 321.4 315.6 312.5 312.5 312.5 312.5 312.5 312.5 314.1 320.9 326.9 326.4 321.8 330.8 331.6 330.3 330.3 330.8 330.2 330.1 331.7 335.8 338.8 340.4 341.6 344.1 345.1 347.7 349.7 350.2 352 354.8 357.3 360.5 366.5
101.3 105.9 110.2 118.8 127.1 130.9 136.7 144.5 149.7 154.1 156.4 160.4 166.8 170.6 180 184.3 192.6 202.1 209.8 216.4 221.4 226.6 234.7 233.5 238.9 249.1 259.2 266.1 272.6 276.2 277.8 275.5 274.8 278.8 280.5 289.6 295.9 304.5 306.6 311.5 311.1 318.3 319.8 316.1 314 312.5 312.5 312.5 312.5 312.5 312.5 312.5 317 321.1 320.5 319.8 326.2 328.8 326.5 326.3 330.1 328.6 329.8 332.6 337.3 342 342.8 343.5 346.3 347 349 350 350.6 353.5 356.1 358.6 362 366
101.8 109.4 114.5 122.2 130.4 133.5 139.8 147.4 153.2 157.9 160.4 166.6 177.1 182.1 183.3 190.9 197.7 205.8 212.9 218.4 221.3 225.1 229.3 238.7 249.4 260 265.8 274.4 277.1 280.1 278 277.9 280.8 287.6 294.3 296.2 300.6 305.8 307.4 309.4 310.8 314.3 315.1 314.6 313.8 312.5 312.5 312.5 312.5 312.5 313.3 315.5 316.9 319.1 324.6 321.4 320.5 321.1 322.8 325.2 323.9 325.6 328 332.9 337 340.1 342.7 344.7 347 347.9 348.9 350 351.4 355.3 358.2 360.1 362.5 365.3
105.1 112 117.2 124.3 130.9 136.3 144.3 150.5 156.7 161.1 165.2 172.7 184 188.2 184.3 193.8 201.1 207.6 214.2 218.8 223.7 226.8 238.4 251.9 261.3 266 271.5 274.7 276.8 279.5 281.3 287 294.6 298.7 301.8 300.7 305.3 306.6 308.4 306.4 307.2 310 313.7 314.9 315.5 313.6 312.7 318.9 324.6 325 326.6 331.2 332.5 334.8 334.2 331.9 326.5 326.8 332.9 332.1 329.2 328.3 329.7 333.2 336.3 339.9 343.7 346.1 347.8 348.6 349.3 351.3 355.2 360.8 360.9 362.2 363.5 364.9
107.4 112.7 116.1 125.2 132.3 140.6 148.6 154.3 160 163.1 167.7 170.4 183.5 189.1 188.6 199 204.6 211.7 215.6 220.2 226.3 233.8 251.4 261.7 265.4 272.7 274.7 275 277.8 280.9 286.5 296 299.1 301.8 301.5 306.7 307 308.1 305 303.4 309.2 312.9 317 316.2 316.8 317.7 321.1 335.9 342 342.8 337.9 339.4 340.1 343.3 346.1 343.8 338.3 334.9 334.3 333.1 332.9 334 335.9 336.8 337.6 340.7 344.5 346.7 348 348.6 349.8 352.5 358.6 360.7 361.4 362.5 363.2 364.2
110.8 114.1 118.9 128.7 137.2 145.8 151.3 158.5 163.2 167 173 183.8 187.6 190.6 196.3 202.1 208.4 213.5 219.6 226 231.8 242.8 259.4 261 266.9 275 272.7 276.6 281.6 287 298.1 297.7 300.4 299 299.9 303.1 302.5 303.2 301.9 301.5 310.7 314.9 318.8 317.7 325.4 324.3 334.4 346.8 353.1 353.2 347.6 344.9 348.5 351.7 354.8 348 344.1 340.2 337.8 336.4 337.9 339.3 342.1 341.2 341 343.1 345.4 346.8 347.7 348.6 350 354.5 357.9 360.3 361.8 361.6 362.7 363.3
112.9 119.7 124.6 134.1 140.8 147.2 154.7 160.2 166.4 173.3 179.4 190 191.8 195 201.1 206.8 213.2 218.9 225.4 232.7 235.1 243.5 256 263 271.2 270.8 272 282 287.1 294.1 298.4 297.1 295.9 295.6 296.9 299.4 301.7 303.2 301.4 301.4 308.2 313.9 319.1 324.5 327.3 330.3 340.7 348.6 353.4 353.8 352.2 352.6 353.4 354.5 353.5 350.1 347.1 343 341.3 340.2 340.7 342.5 345.6 345 343.6 344.2 345.3 346.4 347.1 349.2 353.8 357.5 358.9 360.8 360.9 360.7 362 362.4
111.1 126.3 130.4 136.6 141.6 149.1 157.8 165.5 170.6 174.1 185 195.2 195.8 201.4 209.2 214.7 220.2 224.8 231 239.4 247.7 254.1 262.9 268 267.1 269.1 273.5 280.7 284.2 290.5 293.6 291.2 293.6 295.1 297.7 300.1 301.2 301.4 301.4 301.4 301.4 310.6 317.2 319.5 326 337.8 347.4 355.9 361.9 360.5 357.2 357.3 357 357.2 356.3 351.4 348.5 345.8 343.5 343.2 343.1 343.8 347.6 347 345.2 344.8 345.2 346.4 348 350.1 354.9 357.9 359.8 360.8 360.5 359.4 360.8 362.3
116 123.5 132.8 140.4 146.7 153.9 161.1 169.1 173.5 181 191.8 198.9 206.3 212.3 219 229.2 233.9 234 236.7 248.5 259.6 261.9 264.9 265.7 267.6 268.7 271.6 275.5 282.7 293.1 294.2 291.5 298.2 299.2 300.1 303.2 303.4 301.4 301.4 301.4 308.7 319.1 330.1 340.6 341.8 350.1 362.5 371.8 371.6 371.5 367 362.6 361.2 359.4 356.8 353.9 350.5 347.7 346.7 347.1 348.6 350 350.3 347.8 346.5 345.4 345.6 347.2 349.2 351 354.5 357.9 358.7 359.8 356.7 356.1 358.1 359.9
124.1 130.1 137.7 139.2 150.8 159.1 165.9 173 180.9 192 199.8 206.6 213.5 222.6 233.9 240.2 241.4 241.1 241.4 252.5 259.4 264.2 266.7 267 267.1 267.9 272.7 281.8 292.9 295.8 294.8 296.4 302 300.5 305.1 305.7 303.7 301.4 301.4 309.1 322 332.2 342 345.7 346 361.6 378.7 380.4 381 380 371.9 366.3 363 360.8 359.4 356.8 352.8 349.7 349.5 351 353.1 351.8 349.3 347.8 346.7 346 346.4 348.1 349.8 351.6 355.1 356.9 357.2 355.2 353.1 353.5 353.2 352.9
130.6 134.7 142.6 149 145.5 163.9 172.7 179.7 190.5 201.2 206 214.3 222.1 233.1 241.2 245.2 247.4 246.6 252.1 255.5 259.8 264.2 267.2 267.7 267.9 267.6 270.3 284 295.9 297.3 297.9 299.2 304.3 306.2 306 305.5 305 302.5 304.3 312 326 339.4 342.9 350.1 360.1 374.6 384 391 388.7 382.3 371.6 365.6 363 362.2 361.2 358.6 354.8 351.7 351.6 351.9 351.4 351.1 349.3 348.2 347.1 346.5 347.6 349.2 350.2 352.4 354.8 355.6 353.5 351.4 350.5 351.3 350.4 348
132.5 139.3 147.2 155.2 151.7 170.5 181.2 188.4 199.2 207.9 214.8 223.2 231 238.4 245.7 249.6 248.6 256.7 257.2 256.1 262.3 266.3 267.8 268.6 270.8 275.8 284.4 293.7 298.6 301 303.6 304.8 306.5 306.5 307 306.2 305.2 303.8 310.9 316 322.4 337.6 348.2 357.3 371.1 385 392 393.6 389.8 379.7 370.4 366.4 363.8 363 362.7 359.8 357.1 353.2 351.7 351.9 351.8 350.4 349.8 349 348.1 347.9 348.6 349.2 350.3 350.4 352.4 349.8 348.3 347.9 348.5 348.4 345.9 342.1
136.8 145.7 153.9 161.3 161.7 177.6 187.1 196.4 207.7 216.6 225 230 235.4 239.9 244.3 247.1 250.1 255.8 255.8 257 260.2 265.8 270.1 274.7 278.2 285 291.1 296 302.8 307.9 309.1 306.4 305.8 306.6 307.4 306.9 308.4 306.7 310.8 315.3 325.6 347.5 354.6 369.4 383.5 394.5 397.4 394.6 384.3 378.5 372 367.3 364.1 363.1 361.5 359.8 357.6 354.3 352.7 352.3 352.1 351 350 348.9 349.3 349.5 349.1 349 349.5 347.5 346 342.5 343.9 345.5 344.5 342.3 340 336.2
142.7 151.4 162 168.3 176.2 185.6 195.7 204.8 213.9 224 235.1 238.7 238.7 242.3 244.9 245.1 246.2 252.4 254.1 256.6 261.2 270.6 276.5 276 279 286.6 290.9 296.7 304.5 310.2 305.9 304.4 304.4 305.8 308.4 308.6 309.2 309.8 310 315.5 331.4 346.5 358.8 366.9 382 392.2 396.9 387.3 380.3 377.8 371.1 366.8 363.3 361.8 360.4 359.8 357.5 355.4 353.7 352.5 351.9 350.7 349.3 348.7 349.3 348.2 347.8 348.2 346.5 343 338.7 339.3 341.8 342.5 340.5 337.4 333.1 330.1
150.2 159.1 171.4 178 181.1 192.3 204.4 212.1 222.5 234 239.1 240.7 241.3 238 242.4 247 249.1 246.9 252 260.4 267.8 272.3 275 276.2 278.3 282.7 285.9 291.1 298.9 302.6 302.5 298.9 300.2 303.9 308 311.8 312.8 310.4 312.9 317.9 332.9 349.9 363.8 373 381.5 383.7 379.3 375.7 373.9 372.5 369.3 365.9 362.7 361.4 361.1 360.9 360.6 359.6 351.5 351.5 352.3 349.9 348.5 348.2 347.5 345.9 344.3 343.7 341.8 336.2 336 337.1 337.9 337.4 335.5 333.2 326.2 326.5
158.5 167.9 177.7 182.3 184.1 193.3 209.2 217.5 224.3 228.8 235.8 238.6 237.4 246.6 252.7 255.5 256.2 255.9 254.2 263.2 267.3 270.4 270.5 272.4 275.8 279.2 282.4 285.2 289.9 289.6 289.4 293.8 300.5 303.6 309 311.8 311.7 309.4 317.2 323 337.9 356.3 367.5 374.3 376.4 373.7 370.7 370.9 370.9 370.3 368.5 366.7 364.1 362.3 362.2 362.2 363 357.1 351.5 352.9 353 350.1 347.7 347.3 346 344.1 342.6 341 339.2 336.1 335.4 335.9 333.2 335.7 332.2 326.9 320.3 319.5
166.2 173.7 180.9 187.6 194.6 202.7 211.5 219.7 225.2 227.9 232.7 234.3 245.1 251.6 258.3 262.1 261.6 256.6 254.3 262.4 265.1 269.9 269.2 268.9 273.4 276.2 279.2 283.9 286.3 287.6 288.1 298.8 305 310.9 315.1 313.2 311.3 310 319 328.3 348 360.7 368.8 370.8 369.1 369.6 368.5 368.5 370.1 371.1 370.1 368 365.7 363.3 362.8 362.7 362.9 354.1 351.5 351.5 352.3 349.8 347 346.1 344.5 342.8 341.9 339 336.9 335.5 335.6 331.3 327.2 327.3 325.3 321.8 318.8 316.3
174.7 182.5 188 195.3 200.1 209.4 219.9 229.2 227.4 229.2 231.1 237.1 247.3 254.1 258.7 260.9 257.9 257 255 257.9 263.2 264.6 264.5 268.4 275.1 278.7 281 286.6 288.7 289 290 297.2 307.2 316.5 317.2 315.4 312.7 318.9 326.9 342.5 355.3 364 366 365.1 364.2 362.5 365.5 367.6 369.6 370.9 371.7 370.5 366.5 364 363.2 362.4 359.3 353.6 352 351.6 351.3 349.1 347.3 345.6 344.6 344 342.9 339.6 336.8 336.4 333.4 329.3 326.2 324.2 322.6 319.3 317.5 316.2
181.8 189.3 199 200.5 209.5 214 221.4 225.1 230 234.6 235.8 238.3 249.7 253.3 254.1 253.8 254.7 256.5 256.7 260.7 261.9 262.5 265.6 267.8 276.6 282.2 292.1 295.4 298.5 299.7 300.9 306.4 309.4 317.3 318.9 320 317.7 327.7 334.4 348.9 358.8 360.8 360.2 360.3 358.4 359.4 364.9 367.4 369.8 371.2 374.1 370.9 368.2 365.7 363.4 362.6 356.9 354.7 353.7 352.9 349.6 348.6 347.1 345 344.8 343.8 339.3 337.2 337.5 335.6 333.4 328.7 325.9 322.4 320 318.4 317.9 317.4
188.3 198.4 204.9 209.9 216.1 218.2 223.7 231.6 241.5 236.8 241.5 238.8 244.7 248.9 250.7 256.1 252.7 256.6 259.3 261.2 263.9 265.4 267.8 275 280.5 292.5 299.1 302.3 305.9 307.2 312 309.3 317.2 319.1 325.1 325.2 328.5 340.2 344.9 354 355.3 356 358.4 357.1 355.7 358.2 362.8 366.9 370.2 372.8 373.4 371.5 369.8 367.3 362.8 358 355 355.6 353.7 351.3 348.8 348.9 347.3 345.2 342.2 338.6 336.5 335.8 336.4 336.3 332.7 328.2 324.9 320.2 321.2 320.7 319.8 320.4
195.3 196.4 212.4 215.9 218.2 223.2 235.3 243.5 239.2 240.4 241.1 238.1 237.5 241.8 242.6 247.2 251.8 257.1 260.4 262.9 269.6 272.7 277 279.3 281.2 293.1 300.8 306.8 307.2 311.1 310.4 309 319.2 323.6 324.7 325.9 334.7 343.3 349 351.8 351.5 354.5 356.9 354.1 354.2 356.7 362.5 370.8 375.2 375.8 375.5 372.7 369.4 367.5 360.5 355.1 354.3 355.3 348.7 347.7 347 347.3 349.3 347.5 341.9 337.1 334.6 334.4 334.5 333.4 331.1 327.2 323 325.7 325.1 327 325.4 326.1
205.2 211.4 206 218.2 220.6 227.5 238.1 238.9 236.4 234 233.7 235.2 237.2 239.5 241.5 244.8 250.9 258.7 265.2 274.5 279.1 283 287.1 285.8 291.8 288.9 296.4 304.6 307.3 308.3 307.6 315 323.3 323.8 325 329.3 340.3 343.9 345.7 348.4 349.3 348.1 349.1 350.1 353 358.1 367.1 375.2 380.1 380.6 379.3 375.3 368.9 363.4 356.8 352.7 352.1 351 346.4 345.8 345.9 346.6 346 341.7 337.6 336 335.6 334.7 334 332.9 331 325.5 329.3 329.2 332.1 333.4 330 336.7
208.9 215 218.8 218.4 220.5 224.9 231 231.3 229.7 231.7 233.3 237.2 241.5 243 249.1 250.2 258.2 267.2 274.3 281.1 287.6 289.1 288.5 293.4 295.8 298.9 296.4 295.4 302.9 305.3 307.9 313.1 319.9 323.3 325.1 333.8 337.5 340.2 341.8 341.2 340.5 343.7 345.2 347.9 352.8 363 372.7 381.2 385.4 385 381.2 375.4 368.5 361.7 356.2 347 350.5 348.2 346.8 347.3 351.2 350.8 349.1 340.7 338.8 338.2 338 339 333.8 333.7 330.2 329.5 330.4 331.3 333.2 334 340.7 343.3
213.3 216.3 219.1 221.8 223.8 222.6 225.9 230.1 233.8 238.3 240.7 241.9 245.6 247.4 249.5 259.4 267 276.1 279.8 288.9 292.3 289.8 290.8 294.3 298.2 299.9 298.1 297.7 298.5 305.1 307.9 312.3 318.4 322.2 325 328.5 331.1 334.5 335.2 333.6 334.9 339.2 346.9 352 359 367.4 376.8 385.9 387.3 386.8 379 372.4 365.6 359.8 351.3 347 347 349.4 349.6 353 351.1 344.1 343.6 341.5 340.4 343.9 343.1 339.9 332.7 331.2 331.5 333.5 333.2 334.5 337.4 339.6 341.7 349.5
218 219.6 221.4 223.9 231.7 234.4 233.1 236.3 239.1 243.5 246.9 245.1 245.8 249.9 252.3 264.2 272.1 274.5 284.5 291.4 292.2 295.5 296 297.9 302.2 300.9 301.6 301.3 302.6 303.1 309.2 314.7 318.5 322.4 322.4 325 327.3 328.7 331.4 334 337.2 343.7 351 357.3 363.6 370.8 377.7 384.3 385.9 381.8 375.4 370 366.2 359.4 347.5 347 348.7 351.4 351.1 352.2 345.9 343.4 343.5 342.5 348 346.3 344.3 336.6 330.3 331.2 336.9 335 337 339.6 344.8 347.5 351.4 353.7
220.5 223 223.4 231.5 239.6 241.8 239.4 240.3 243.5 248.3 250.5 255.2 255.9 258.6 263.3 271.7 279.3 287.2 294.3 300.5 299.2 300.4 299.2 302.7 303.9 307.2 307.8 305.4 307.5 306.6 306.9 313.1 317.6 319.7 320.2 323.4 331.5 331.4 333.8 339.9 343.9 349.7 357.1 362.5 366.9 371.6 375.4 378 377.5 376.5 371.4 368.6 365.3 357.4 347.3 347 352.2 351.9 358.4 354.3 344.6 342.8 343.5 346.8 347.6 342.7 337.8 332 329.8 337.3 336.9 338.7 340.4 344.4 351.9 357 354.7 358.2
222.3 224.4 229.3 240.6 246.7 243.4 240.6 244.4 247.3 255.5 261.2 259.6 264.5 273.5 278.2 283.3 290.8 299.3 302.9 304.4 304 303.3 302.5 305.1 308.6 310.4 310.1 310.1 313.4 314.8 319.3 324.2 325.8 325.2 324.3 327.9 335.1 339 340.4 343.6 348.3 355 360.5 364.6 367.8 368.7 370.3 370.1 369.4 368.6 368.9 367.1 363.7 356.2 350.5 349 356.3 365.3 359.7 351.7 345.2 342 340.9 342.4 342.2 336.5 333.4 331.5 331.2 335.6 344.2 344 344.8 353.5 360 356.9 359.6 364.1
225.8 226.3 237.6 246.9 243.5 242.1 243.1 246.9 251.2 263.3 263.6 268.2 275.3 283.6 294.1 300.5 306 310.3 315.9 308.4 304.8 304.3 307.6 308.6 310.3 311.8 313.8 317.4 316.4 323.6 331.3 335 334.9 335.3 333 335.7 342.4 348.6 348.2 348.9 350.7 356.9 361.3 363.7 363.7 363.9 363.8 361.7 362.6 364.8 366 364.8 362.1 359.5 353.7 351.5 365.1 364.9 356.5 351 345.7 343.2 338.9 337.6 335.9 334.4 332.8 335.6 340.6 344.8 350.8 349.5 352.4 358.2 360.3 361.2 365.9 370.1
230.5 231.4 239.5 245.9 244.4 242.9 244.8 250.1 254.5 262.5 265.7 275.6 279.7 292.9 306.3 320 324.7 321.3 315.4 307.9 308.2 310.9 311.8 312.1 311.9 315.6 317.7 317.9 321.1 325.7 331.1 338.3 341.6 338.2 340.8 345.6 349.1 352.2 356.2 350 350.5 355.1 357.7 358.8 359.5 359.4 360 361.3 363 364.6 366.1 364.9 364.2 359 352.8 356.8 364.4 361.6 354.4 348.3 342.5 345.4 341 339.7 339.1 333.1 336 342.1 347.1 348.8 352.8 353.1 354.7 360.1 366.4 368.5 370.5 373.4
238.9 240.2 246 247.5 244.9 244 250.9 259.4 262.8 264.2 275.1 278.3 294.7 301.7 318.1 326.1 325.1 317.4 316.3 320.1 321.2 317.7 315.2 313.3 315.5 315.3 316.5 319.6 322.9 326.7 338.7 345.2 340.8 339.7 343 346.8 352.8 355.7 354.5 352.2 351.2 353 354.3 355.7 357.3 359.9 359.9 364.4 367 368 368.4 365.7 362 359.2 353.2 361.3 364.6 358.9 352.5 347.3 349 349.5 341.6 341.5 335.1 335.2 342 345.1 350 352.6 354.8 360.3 360.8 363.6 370.7 374.5 375.7 376.7
248.1 254.2 250.5 246.3 245.9 250.4 260.1 272.3 271.2 277.6 279.7 290.9 299.9 315.7 321.2 326.2 319.6 320.5 327.6 326.6 323 320.7 318.6 314.8 314.7 314.9 316.3 322.1 323.9 327.9 335 337.6 338.1 340.2 343.2 347.8 351.9 353.2 353.7 353 352.6 353.8 355.4 355.9 358.1 358.3 360.3 364.3 368.1 369.7 368.3 367.7 368.2 357.7 362.2 371.3 365.5 358.6 353 353.4 351.7 347.3 345.8 342.7 338 348.3 348.6 350.2 353.3 355.6 358.1 365.8 364.2 367.8 373.4 376.2 377.5 380.4
257.4 253.4 248.2 250.2 253.8 259.2 271.9 281 275.4 279.1 291.1 299.3 309 309.2 316.5 319.5 319.7 323.5 322.4 321.5 321.2 320.4 318.4 314.8 314.6 314.6 316.5 326.1 325 326.7 327.5 332.8 336.6 338.3 341.3 348.7 351.9 353.1 353.8 356.3 358.5 362.5 361.4 358.4 357 357.5 360.7 367.4 372.2 374 379 374.1 366.2 366.5 376.4 368.4 362.7 358.7 360.4 360.7 359.1 354.1 352.8 344.5 348.4 356 352.4 352.7 356.7 358.3 362 366 369.2 373.2 377.1 379.9 382 386.7
260.5 257.3 250.4 256.5 262.6 272 282.6 281.4 277 288.5 295.7 301.1 303.9 306.7 315.6 318.4 319 319.5 319.3 319.4 319.2 317.9 315.5 314.9 315.6 315.1 316.5 318.5 323.2 325.6 327.2 331.1 338.8 342.7 346.9 349.9 352.8 355.8 360.3 365.1 365.9 362.6 360.4 358.3 358.1 359.2 364.4 378.5 385.1 385.5 383.3 377 370.1 371.3 370 365 363.4 367 367.7 365.4 362.3 353.2 350.9 348.1 346.3 355.7 352.5 354.7 359.9 362.1 365.9 371.2 374.6 379.5 382.9 384.4 386.2 389.8
