UK/data/ng/ng91_OST50GRID_20230518/NG91.asc
ncols 200
nrows 200
xllcorner 190000
yllcorner 810000
cellsize 50
[rows 70 to 104 of 200, columns 79 to 157 of 200]
291.9 315.5 343.7 374.9 390.5 403.8 431.3 430.4 418.7 394.2 363.2 340.1 317.9 291 266.6 249.8 225.5 196.1 176.7 161 143.2 120.3 112.1 105.9 89.8 85.6 62.9 46.8 30.1 17.7 10.1 8.7 7.8 7.4 7.6 7.8 10.4 14 21.5 30 40.8 50.5 66.9 80.8 91.3 108.4 132.8 172.8 203.9 232.6 257.2 287.6 317 342.1 346.7 354.2 361.7 377.1 389.2 411.6 432.6 458.3 499.1 529.2 566.6 603.2 636.5 663.1 686.2 718.2 753.6 792.9 827 857.9 879.8 908.1 935.5 936.4 918.2
302.4 328.2 355.7 382.3 402.2 419.9 435.4 435.5 424.2 395.8 366.5 338.5 312.7 290.2 268.2 252.4 227.9 207 183.5 162.1 147.4 134.3 126.8 112.5 99.3 86.5 68.4 51.3 39.2 17.9 8.1 8.4 7.9 8.5 8.7 8.1 7.6 10.4 15.9 23.8 31.5 49.6 65 73.7 87.8 114.9 143.4 170.5 196.9 227.6 261.4 294.6 328.9 355.5 378.4 394.8 412.3 419.5 436.3 443.6 449.5 452.7 472.9 495.5 540.1 580.3 614.7 642.6 666.5 701.9 738.3 774.3 810.5 836.7 857.8 883.6 906.1 896.3 876.2
307.2 336.5 364.9 388.5 416 435.7 453.6 454.9 432.4 398.5 377.2 360 330.6 305.2 287.4 268.6 242.9 218.4 196.2 177.2 165.8 150.9 136.4 130 112.3 88.1 77.8 60.6 44.2 19.5 7.9 7.9 8 8.6 8.5 8.9 9.6 8.1 13 17.5 21.7 36.6 51.6 68.8 103 134.3 148.5 165.3 194.4 220.6 250 290.8 317.8 355.2 387.9 415.4 448.5 465.3 476.8 484.8 492.1 497.1 510.9 502.7 517.5 544.4 595.5 627.6 651.7 686.1 720.1 755.3 792.5 821.7 835.7 863.7 879 863.4 838.7
314.2 340.5 376.9 402.5 432.1 449.6 473.3 462.9 435.6 403.3 386.5 364.7 341 325.8 309.1 289 262.5 232 211 201.7 189.8 179.1 150.6 132.5 114 96.3 83.9 63.8 41.9 22.1 13.8 7.8 8.3 8.4 8.5 8.3 8.1 8.2 10.3 12.8 16.8 28.9 50.3 85.3 114.8 137.1 146 163.4 190 217.6 243.1 269.1 312.8 360.3 391.8 427.4 463.3 490.3 502.7 519.3 530.7 542 552.1 553.2 559.9 559.4 572.4 595.7 636.6 668 703.6 745.3 783.3 810.6 828.3 855 869 841.9 815
316.8 348.9 387.5 420.8 441.9 463.7 487.4 469.3 446 420.3 395.9 374.9 363.2 350.9 326.8 309.4 277.5 251.8 239.2 222.6 204.3 187 161.7 148.4 120.6 104.7 93.7 69.1 44 25.2 15.2 9.9 9.6 8.9 8.5 8.4 8.2 8.6 9.2 16.5 19.3 33.1 50.2 76.8 109.8 125 142.4 165.8 184 207.9 238.5 273.3 310.5 344.5 381.1 421.2 464.9 502.2 516.4 533.9 556.7 571.9 583.9 593.5 597.5 599.6 607.6 606.2 640.5 674.3 706.4 745.9 783.1 806.8 835.2 854.2 871.2 840.2 808.9
323.2 359.9 398.8 436.4 455.2 486.2 488.7 478.6 458.6 440.5 413.4 399.5 385.5 367.2 344 327 298.2 280.2 259 240.8 214.1 189.9 178.8 164.2 135.7 112.4 94.3 76.8 47.7 32 20.6 13.3 10.5 9.5 8.9 8.9 8.8 9.6 14 12.5 19.6 29.2 46.7 68.7 99.6 125 157.4 164 182.9 201.4 231.4 267.5 301.1 336.8 369 405.5 447.4 487 521.1 546.5 570.4 594.1 612 620.3 626.5 634.8 646.3 660.9 665 665.2 713.9 752.7 786.9 801.4 836 859.7 880.2 849.8 811.5
330.3 378.7 412.1 449.5 464.3 491.1 489 490.2 480.3 458.7 440.1 427.1 413.6 386.1 360.9 341.4 330.1 302.9 282.6 249.4 224.7 203.6 190.4 168.5 140.9 117.7 96.8 74.4 49.2 36.2 25.4 17.1 10.8 9.9 9.3 9.3 9.3 8.6 8.2 7.8 15.9 28.2 42 67.2 101.6 125.1 148.8 164.9 178.9 193.5 216.7 254.4 290.9 324.7 365.4 401.6 436.5 470.1 504.5 537.8 572.7 604.2 627 644 656.8 664.5 680.3 697.6 703.6 718.3 738.4 749 785.7 798.9 842.1 865.1 886.1 850.5 803.1
335.3 381.8 423.5 461.9 467.9 486 489.4 509.1 504.9 479.7 462.8 449.1 425.3 402.3 385.6 363.5 343 314.1 306.7 277.4 248.6 224.8 197.8 174.6 148.5 127.2 99.6 75.5 52.8 41.3 26.4 16.2 11.1 10.8 9.6 9.6 9.5 8.6 8.6 8.3 10.8 22.1 37.9 63.2 92.8 115.7 140.9 150.4 171.6 184.6 204.9 234.1 276.3 315.1 345.5 380.1 418.1 462.1 493.3 528.7 566.1 601.8 642 667.1 687.7 693.1 722.8 737 739.1 749.2 775.5 791.5 804.9 811.1 846.6 876 884.6 839.1 801.3
327.6 370 410.3 447.5 462.5 477.5 478.8 495.4 501 487.9 477.3 466.9 444.7 420.4 404.9 379.8 355.8 331.4 330 300.2 267.1 236.4 209.4 179.5 145.8 127.2 101.9 77 58.3 45.8 30 19.5 11.3 11.2 10.4 9.5 8.9 8.5 8.6 10.6 13.5 21.8 36.1 54.5 78 102.5 119.5 148.4 174 198.6 210.6 231.6 258.6 306.6 343 373.6 413.3 452.1 479.6 514.2 552.6 603.6 640.8 675 705.7 734 756.7 778 788 796.8 807.6 822.1 823.5 836 869.2 901 892.7 852.1 814.4
314.9 361.4 389.2 426.4 446.4 462.2 471.6 490.5 509.3 509.2 493.8 478 465.3 444.1 417.9 392 367.1 346.8 329.5 297.4 269.1 251 219.3 193.6 164.4 137.1 104.8 79.3 60 47.1 34.4 23 14.5 10.7 10.3 9.5 11.8 11.1 10.4 9 14.5 23.2 34.2 44.9 66.8 94.6 116.9 137.6 154.5 186.7 212.1 232.2 259.6 289.2 324.8 365 407.3 441.4 472.7 503.5 538 579.5 627 650.7 681.1 722.2 759.7 794 821.9 845.8 847.5 848.3 862.9 872.9 911.3 927.6 906.7 874 848
301.1 333.6 364.6 398.4 421.6 436.5 453 468.2 493.1 510.2 506.2 493.6 479.5 457.9 425.9 405.6 386.6 365.2 345.1 319.1 303.5 273.2 233.6 202.1 171.1 135.8 104.8 81.6 65.9 48.9 36.5 26.3 16.6 11.6 9.6 8.5 11.6 11.2 10.8 10.7 13.9 19.1 29.8 43.2 65.9 81.2 104.3 131 157.2 184.1 202.5 227.5 259.5 285.8 315 350.4 392.1 436.5 463.7 495.5 527.4 563 596.4 626.2 656.9 694.4 735.3 768.7 806.4 861.5 870.8 879 899.9 932.9 951.3 951.3 900 863.2 826.5
284.9 317.7 346.4 375.2 397.2 407.2 431 445.6 473.5 485.9 500.1 502.8 493.2 472.8 445.5 425.9 404 385.9 363.6 336.6 305.3 271 235.7 201.6 168 135.2 105.7 85.3 68.7 54.8 41.8 29 18.3 11.2 9.8 9.7 11.8 10.2 11.4 10.6 11.6 16 24.3 37.1 51.8 75.5 102.5 127.6 151.1 183.3 206.3 232.7 259.2 285.4 313.5 346.1 378.9 416.1 444.4 476 506.3 543 569.6 601.6 633.7 672.8 697.9 726.6 776.7 830.7 852.6 890.1 936 959.8 983 987 938.2 884.9 853.2
272.1 291.7 322.1 351.5 373.5 387.7 416.7 430.4 447.1 463.6 492.7 511.4 519 499.6 475.4 448.2 426.4 403.8 374.8 338.6 307.5 273.3 230.6 202.1 176 138.5 108.5 89.7 72.6 57.5 43.1 32.1 21.1 14.5 11.3 10.3 11 10.8 11.5 11.3 10.8 16.1 21.9 31.2 44.1 73.6 97.5 121.6 144.7 174.8 199.9 233.5 264.6 291.2 313.9 338 370.2 400.2 430.1 455.6 479.3 514.3 545.1 579.2 603.5 635.7 678.9 718 758.8 812.9 836.3 878.7 924.6 968.6 991.8 994.7 961 908.2 841
257.6 274.6 301.9 323 349.7 367.3 385.2 402.3 417.4 449.9 480 506.2 513.1 521 507.6 491.8 447.9 412.6 373.2 334.6 301.2 272.8 239.4 203.1 169.3 140.1 115.9 96.1 77.1 60.2 45.4 32.6 22.6 15 12.1 11 11 11.9 11.9 11.4 11.5 11.7 17.2 27.4 40.6 67.8 87.8 107.2 137.1 167.2 197.4 224.4 249.4 282.8 309.5 346.4 369.8 394 417.8 433.2 456.9 491.8 528.6 563 598.2 633.6 666.1 701.9 742.6 795.6 820.6 865.5 906.1 945 972.5 965.2 938 905.5 854.9
244.5 259.3 284.8 308.8 326.5 348.8 363.3 378.1 398 417.3 449.4 482.4 500.4 526.3 529.9 497 455.2 410.2 373.2 338.8 305.8 269.9 237.4 211.4 175.8 145 121.2 99.5 81.8 64.6 49.7 35.7 25.3 17.1 12.3 10.9 11.1 11.5 11.6 11.7 12.6 13.2 16.7 23.8 39.3 57.4 76.9 99.3 128.4 161.2 191.7 220.3 248.6 283.4 314.2 344.6 363.8 382.5 398.9 427.6 465.2 492.2 517.9 551.4 585.2 624.5 658.8 689.3 732.1 781.8 804 850.9 888.3 930 954 935.2 911.6 886.7 846.4
227.8 253 275.1 305.8 314.4 332.3 343.7 355.4 374 395.7 418.5 447 484.3 505.2 516.5 482.8 447.8 405.2 371.5 339.7 306.3 269.8 245.7 220.1 184.6 153.5 126.2 107.8 85.6 69.9 54 37.3 26.5 18.3 13.2 11.1 11.1 11.3 11.6 12 12.1 14.4 18.3 24.2 35 54.3 70.7 94.8 121.4 157.8 195.7 223.4 246.4 278.6 307.7 332.6 349.3 366 374.6 420.4 452.6 487.4 526.7 557.1 580.8 611.7 649.8 684.3 719.2 763.8 788.2 831.2 872 912.6 923.9 913.6 890.7 867 829.1
215.9 242 270.3 305.2 314 317.2 322.1 340 363.4 383.5 406.5 433.6 463.7 482.5 496 481.7 450.1 416.8 386.1 353.7 324.1 286.4 253.1 219.7 184.4 151.1 130.8 114.5 92.7 73.2 56.7 41.8 29.4 19.2 14 12.1 11.4 11.6 12.3 12.6 11.4 12.4 15.7 21.3 34.4 49.2 64.6 86.9 113.8 146.3 183.9 214.4 242.3 269.9 300.5 316.6 326.2 340 374.5 411 456.2 490.4 529.6 555.4 589.3 613.8 646.4 679.6 720.9 745.3 779.2 826.6 865.5 904 916.1 897.1 874.5 847.8 814.3
208.1 236.1 258.3 284.7 295.3 295 311.8 332.3 354.3 376.7 393.2 427.8 463.9 503.8 514.8 509.6 474.1 435.5 398.7 359.9 323.9 289.2 258.3 227.9 193.2 162.1 140 122 103.3 75.3 60.5 43.7 31.2 20.7 12.8 11.8 11.9 11.9 11.8 11.9 11.7 11.9 12.3 19.6 34.7 43.3 54.5 75.3 105 137.2 173.6 209.8 238.6 265.3 281.9 290.3 300.5 334.1 369.4 404.3 454.3 494.1 530.1 562.5 593.4 619.7 654 688.9 712.6 731.5 772.5 819.5 857.4 895.6 903.9 891.2 862.5 830.6 795.1
204.4 224.7 241.2 263.1 274.2 284.8 303.7 325.2 337.8 359.5 374.5 419.1 457.1 501.3 532.8 526.6 488.7 448.1 411.3 376 340.9 304.1 268.3 233.6 202.9 179 160.6 133.7 113.2 90.8 64.7 45.6 29.4 21.3 13.8 11.3 12 12.8 13 12.1 11.9 12.1 12.6 17.4 27.6 36 49.8 65.9 88.1 119.1 166.4 203.1 225.7 241.3 255.7 271.8 293.9 327.9 372.1 411.6 452.4 485.6 523.5 562.9 590.5 629.1 670.1 689.6 711.4 726 768.2 820.5 848.8 880.3 895.8 877.3 859 824.2 788.8
204 208.7 224.8 242.9 256.4 272.7 287.3 304.9 324.9 350.4 358.9 392.9 428.7 475.6 510.1 524 498.1 455.7 430.8 390 347.1 306.3 276.5 246.8 218.9 193.2 178.4 158.9 127.5 111 79.5 56.2 34.7 25 14.5 11.6 12.1 13 13.9 12.6 12.2 12.3 12.8 17.6 27.8 37.2 48.7 65.9 85.3 112.7 157.8 183.2 195.4 210.4 225 262.2 296.7 329.9 371 409.8 443 470.2 498.6 528.2 559.8 605.8 647.3 660.6 689.3 721.5 750.5 784.1 817.3 846.1 864.5 860.5 849.5 819.2 796.7
215.2 206.6 219.6 229.6 243.6 256.5 266 288.4 309.5 328.7 347.2 379 409 450.7 487 517.7 498.6 467.4 436 409.9 374.4 332.4 301 266.3 241.5 216.9 192.4 169.1 136.1 113.6 86.4 61.8 41.2 27.7 16.1 12 11.5 12.4 13.3 12.7 12.5 12.6 13 15.8 24.1 37 46.9 62.2 79.1 107.4 140.7 153.3 163.5 195.5 225.6 263.8 287.4 295.5 327.6 372.3 415.5 419.3 431.9 448 480 515.3 575.8 633 674.3 726.7 760.8 800.2 816.6 820.7 833.4 846.6 854.9 828.8 802.5
230.7 223.1 214.8 219.7 228.7 240.1 255.9 274 291.6 314 335.6 363.4 390.8 427.2 465.4 503.9 514.2 493.3 464.3 429.2 397 362.8 321.6 294 274.6 244.9 205.9 173.8 145.7 115.4 90.3 69 49.9 33.5 18.7 13.7 10.7 11.7 13.1 12.9 12.8 12.9 13.7 16.8 21.2 27.6 39.4 53.6 68.9 96.3 114.8 131.7 153.8 191.3 215 221.3 229.2 269 298.9 334.1 364.7 404.9 441.9 481 524.7 570.5 617.1 644.3 676.5 723.2 759.9 791.9 809.2 826 842.9 851.4 858.6 836.9 809.3
246.5 237.1 226.3 222.2 223.2 231.3 244.7 260.4 283 301.4 323.5 350.8 375.8 416.3 457.8 489.1 520.6 523.3 499 461.2 434.5 386 366.4 325.6 300.7 264.4 226.4 193.1 154.9 124.2 97.5 75.7 56.6 37.6 23.4 15.2 11.1 12.7 13.1 13 13.1 13.1 14.2 15.8 20.7 25.1 38.6 50.7 66.3 85.9 111.8 129.7 134.1 162.1 202 228.6 261.2 297.2 334.5 362.1 394.7 441.5 476.9 510.8 551.8 603.5 633.6 655.1 692 731.7 760.1 790.6 802.9 824.1 856 871.9 871.8 853.2 826.3
262.4 253.3 241.2 231.6 223.2 228.7 239.3 252.8 271.4 292.6 309.6 338.8 364.9 394.7 439.1 472.8 531.4 551.8 532.8 508.3 458.9 425.5 386.7 356.2 317.5 272 232.9 199.2 160.4 137 108.2 81 61.5 42.3 26.8 16.8 12 13.7 13.3 13.2 13.3 13.4 15.1 16.7 21.3 26 35.1 46.4 59 74.4 92 105.5 132 168 199.4 234.7 261.9 301.4 346.7 381.2 416.9 451.4 495.1 537.5 572.7 614.6 643.4 660.3 694.5 723.5 745.1 770.4 783.8 811.5 844.7 871.2 883.4 876.8 844.9
281.2 275.4 264 251.7 236 232.5 238.2 247.3 261.8 282.3 302.9 331.7 355.3 390.6 420.3 469.2 513.2 555.2 548.5 516.1 474.4 430.8 392.8 360 319.1 278.1 248.2 209.9 176 147.7 112.7 86.8 66.8 48.9 31.8 19.7 13.4 13.3 13.5 13.5 13.6 13.7 15.7 18.8 20.6 25.6 33.9 41 54.1 72.6 84.6 110.9 126.5 155.1 183.1 222 257 302.5 338.4 370.3 413.7 444.6 482 526.9 565.5 597.4 613 645.5 678.4 697.5 717.9 737.8 765.9 804.3 833.7 862.5 878.1 887.6 876.5
323.7 306.5 287.4 266.7 249.5 241 235.5 244.9 256.3 275.4 296.2 321.3 344.6 373.8 420.9 470.5 501.9 552.7 575.9 534.6 488 446.6 410.7 376.6 341.6 293.6 259.4 220.5 188.7 157.4 124.6 99.9 75.8 56.1 38.2 24.3 16.4 12 14 14 13.9 14.1 15.4 16.7 19 23.6 29.4 37.9 51 64.8 78.3 105.1 113.2 133.2 170.3 217.8 259.6 293.6 331.8 367.3 401.7 438.7 475 515.4 551.2 573 586.9 618 653 667.2 680.9 713.8 749.1 791.8 821.2 855.2 881.6 899.5 907.3
361.6 337.1 302.7 279.9 260.4 251.6 245.7 245.8 255.5 272.8 292.7 310.9 335.5 369.7 429.4 469.6 505.3 549 577 549.5 511.2 478.4 440.1 396 349.3 309.6 278.9 247.4 214.8 182.2 154 122.7 87.4 66.7 48.6 34.4 22.5 15 11.6 14.4 14.3 14.6 15.4 16.3 18.6 21.6 26.4 33.7 43.6 53.9 59.5 79.3 98.4 117.3 145.8 191.1 233.8 260.3 307.5 351.8 386.2 424 474.8 507.9 538.1 545 556.9 585.8 624.8 628.2 656.4 697.3 744.1 781.8 814.5 845.8 875 906.3 927
380.8 348.8 319.9 297.3 272.3 260.9 253.5 250.3 255.2 266.3 285.4 305 329.6 374.4 417.1 470.7 507.4 544.8 579.6 575.1 541.9 503 450.9 414.2 381.6 338 304.3 270.3 242.6 212.2 166.2 132.3 109.9 83.4 58 45.2 29.3 23.2 17 12.5 15.2 13.2 15.1 16.2 18.3 20.5 24.9 32.1 35.3 41.9 44.2 58.5 81 102.6 122 161.9 197.1 232.1 282.8 324.7 361.5 400.8 444.7 479.9 508.2 511.9 522.2 550.7 584.3 599.1 639.2 698.4 729.6 765.2 799.6 825.7 857.9 898.7 930.8
392.1 354.5 330.9 306 285.7 273.5 260.6 254.5 255.2 266.4 282.5 298.6 321.4 356.2 403.1 463.2 504.5 543.6 586.2 593.6 558.5 516 473.6 433.5 401.4 357.4 324.8 288.3 245.3 204.3 170.2 148.1 114.8 92 72.2 56.4 41.4 31.5 28 20.5 15.5 15 11.6 15.1 18.6 26.8 31.5 27.6 29.4 32.1 30.1 44.5 61.7 81.4 103 136.1 165.2 192.2 239.4 285 322.3 363.4 401 442 477.3 486.8 484.2 521 541.7 585.7 631.3 686.4 721.7 751.5 776.3 808 851.6 886.7 914.8
387.8 363.7 337.2 314.8 297 280.8 266.3 257.6 256.2 264.1 278.8 293.5 316.2 349.6 390.9 442.6 485.3 529.3 571.9 601.5 579.8 536.6 492.6 449.7 410.5 373.3 331.6 300.8 260 224.9 189.8 163.6 136.6 120.1 100.8 73.4 55.3 45 44.6 30.7 22.9 18 15.4 14.8 13.5 22.3 33.4 49.3 47.3 27.1 23.6 23.1 37.6 56.1 79.7 102.4 136 164.1 198.9 248.1 281.3 326.7 374 411.1 450.7 465.3 448.1 489.9 529.4 587.2 625.1 674.8 719 748.2 766.8 806.4 833.1 865.8 890.5
392.7 362.6 348.8 323.8 306.1 286.8 271.2 260.5 257.5 263.4 276.8 290.2 314.9 344.1 380 422.3 472.4 513.2 569.9 599.5 582.9 539.4 496.1 459.3 421.4 389.5 360 337.8 295.3 267.8 243.1 208.2 176.8 148.5 127.7 110.8 80.4 58.6 53.8 42.1 27.6 19.6 19.4 19.3 18.4 15.8 25.3 39.5 44.5 35.5 23.6 19.8 18.7 30.4 53.3 73.9 103.2 131.4 171.3 204.7 238.1 293.7 344.3 389.4 428.7 438.2 422 456 525.4 577 620.6 662.8 705.4 735.3 753.9 792.7 831.7 856.1 870.2
404.8 377 360.6 337.3 315.2 293.5 277.7 263.5 258.2 264.6 276.5 292.7 313.5 337.2 367.8 398.4 445.8 502.7 553.6 588.5 586 543.2 507.7 478.2 459.1 442.2 401.3 362.8 325.5 294.3 265.6 234.8 207.4 179 142.3 112.2 94.4 72.7 63.8 46.5 34.8 25 20.7 20.4 23.7 24.8 23.7 13.7 27.9 27.9 31.3 21 18.3 20.1 36.8 55.9 80.1 107.4 139.6 171 205.8 242.1 298.8 350.3 393.6 404.6 397.4 455.9 506.7 566.9 611.4 664.9 691.1 717.1 736.8 777.4 814.1 844.2 866.9
420.2 393.9 370 342.4 319 295.9 281.8 268.5 259.7 266.3 277.5 293.3 313.3 336.9 363.2 391.6 433.7 486.9 548.5 576.1 599.1 594.1 558.2 516.8 480.9 447.5 412.5 377.7 343.2 311.2 282.1 255.2 222.3 184 152.8 122.8 103.6 81.4 67.4 51.7 37.1 27.8 25.4 25.2 31.5 27.8 27.6 25.1 15.6 16.1 23.2 17.9 18.7 19.3 23.4 41.2 61.3 85.9 116.3 150.6 181 215 262.9 315.8 359.2 375.8 363 434.1 482.6 538.8 584.6 636.1 662 697.4 727.1 762.5 797.8 822.9 848.5
430.9 402.8 375.1 347.7 327.1 308.2 288.1 276 268.9 268.4 276 294 315 337.1 358.6 398 427.7 465.2 530.2 563.4 587.8 630.4 596.4 540.2 510.9 474 431.3 412.8 363.1 321.7 289.1 254.7 224.2 191.3 164.5 140.8 124.2 95.7 80.9 63 43.1 37 36.2 34.9 37.1 26.1 25.9 31.6 27.1 24.1 17 18.5 18.7 19.8 19.6 30.8 47.2 71.5 104.5 135.8 157.9 198.1 244.7 285 328.7 346.3 335.5 406.3 457.4 510.2 551.8 586.6 620.1 667.6 699.7 737.9 781.3 808.9 832.5
428.7 401.9 375.7 361.3 336.8 313.8 296.8 283.9 275 268.1 276.6 290.6 311.9 334.4 358.1 394.7 430.7 468.1 514.4 547.3 585.9 628.5 631 575.6 529.7 491.8 461.8 440.6 394.6 350.9 314.4 280.3 245.9 209.8 182.5 160.2 133.7 112.6 102.1 82.3 60.2 48.7 46.2 44.2 42.6 29.4 32.4 37.4 23.7 26.1 19.9 19 18.8 19.7 18.4 22.9 40.7 52.9 87.5 118.1 137.6 164.6 204.2 249.9 284.3 315.2 318 383.8 428.8 501 533.3 527.5 588.2 629 675.8 711 752 785.7 813.8
