UK/data/nc/nc82_OST50GRID_20230518/NC82.asc
ncols 200
nrows 200
xllcorner 280000
yllcorner 920000
cellsize 50
[rows 70 to 104 of 200, columns 0 to 78 of 200]
169.9 172 175.9 179.3 184.6 187.8 191.7 195.7 198.7 201.5 203.8 203.7 205.4 205.2 203.6 200.1 197.7 192.5 186.7 179.6 171.6 165.4 160.9 155.8 145.8 147.2 146.8 146.8 147.1 146.3 145.9 151.8 153.1 153.1 153.9 154.7 154.7 154.1 152.4 150.6 150.2 149.9 148.3 146 144.8 144.9 143.3 141.6 140.6 140.1 139.7 139.8 139.9 140.1 140.1 140.5 141.3 142.1 142.8 143.2 143.7 144.3 144.6 144.7 144.9 144.9 145 145.3 146 146.4 146.9 147.9 149.1 152.3 155.4 157.8 160 161.6 161
168.8 169 172.5 174.5 178.9 182.9 186.4 189.5 192.6 195.7 197.6 198.5 199.3 199.8 198.7 197.2 193.9 188.4 181.1 173.7 167.9 162.8 158 149.3 147.6 148.2 148.1 148.3 148.7 148.4 152.9 155 156.1 157.3 158.1 158.8 158.4 157.7 155.9 154 152.6 152.3 150.3 148.5 148.1 146.7 145 143.2 142.2 141.7 141.2 140.7 140.9 141.2 141.7 142.7 143.5 144.2 144.6 145 145.3 145.7 146 146 146 146.1 146.1 146.4 146.9 147.3 147.7 148.1 148.9 150.4 151.9 154.5 156.9 158.9 159.9
167.2 167.5 168.8 169.8 171.6 175.4 181.1 184.1 186.3 188.7 190.7 190.9 191.6 193.5 193.1 191.2 187.3 180.8 174.8 169 164.7 159.6 151.6 148.1 148.8 149.7 149.6 149.7 150.2 153.3 156.8 158.4 158.9 161.9 163.2 163.1 162.3 160.5 159.3 158 156.3 155.4 153 152.2 151.6 149.7 147.7 144.9 143.8 143.2 142.7 142.3 142.3 142.4 144 145 145.6 146.1 147 147.1 146.9 146.8 147.4 147.4 147.5 147.5 147.6 147.4 147.6 147.9 147.9 148.3 149 148.9 149.2 150.7 153 155.4 156.7
165.2 165.8 166.3 167.3 168.9 170.3 172.2 176.3 179.4 182.1 183.7 184 184.5 185.6 185.6 182.3 179.1 173.9 169.6 165.9 161.5 155.2 151.1 148.9 149.4 150.3 151 152.6 155.5 159.4 160.8 162.8 162.7 165.5 166.8 168 167.2 165.3 162.7 161 159.7 159 156.4 155.5 154.8 153 150.7 147.6 146.2 145.3 144.9 144.8 144.9 145.4 146.3 147.3 148.7 149.3 149.6 149.9 149.4 148.7 149 149 149.1 149.3 149.2 148.8 148.3 148.1 148.1 148.5 148.2 147.7 148 148.8 150.3 152.2 153.6
160.8 163.3 164.6 165.2 166.3 168.4 170.6 171.8 172.3 174.1 175.8 173.7 176.2 178 178.5 175.4 172.4 169.2 164.8 159.4 155.1 152 149.5 150.6 150.9 155.3 157.2 158.9 161.1 162.8 165.3 166.7 167 171.8 172.5 172.9 172.5 170 167 165.5 163.8 163.2 160 158.6 157.5 154.8 153.6 151.9 150.3 148.8 148 148.6 148.6 148.6 149.6 150.6 151.8 152 152.3 152 151.5 150.9 150.6 150.7 150.9 151 150.7 150.9 149.8 148.2 148.3 148.1 147.4 146.8 147.2 148.1 148.9 149.4 150.4
163.2 163 161.1 161.7 164 166 168.1 169.5 170.5 171.3 171.1 170.7 171.3 171.6 172 169.9 168.4 165.9 160.5 151.7 152.3 151.3 151.7 154.7 157.5 160.8 162.8 164.5 166.2 169 171.3 173.6 175.4 176.9 177.7 178.1 177 174.1 171.2 170 168.7 166.9 164.7 162.7 161.8 160.3 158.4 156.7 154.5 152.7 152.2 152.4 152.3 152.1 153 153.8 154.7 154.8 155 153.7 153.5 153.7 153 152.6 152.7 152.8 152.9 153.1 151.3 149.4 148.4 148 147.5 146.9 147 147.8 148.6 148.7 148.5
165 164.8 165.4 164.5 161.8 162.2 165.4 166.4 167.2 167.6 167.9 167.9 167 167.4 167.8 166.1 165.1 162.1 152.2 152.2 153.5 151.6 160.9 161.6 162.6 165 166.6 169.2 170.8 174.5 176.8 179.4 180.7 182.2 181.8 181.9 180.8 178 175.6 174.4 173.1 169.6 168.4 167.4 166.5 164.7 163.2 160.2 158 157 156.5 156.1 156.1 155.9 156.4 157 157.6 157.5 156.8 155.6 156.2 156.8 155.8 154.7 155.3 155.1 155.2 154.7 152.9 151.2 148.6 148.2 147.6 146.9 146.8 147.6 148.1 147.9 147.7
167 166.9 167.5 166.6 165.3 163.3 159.7 162.4 163.3 163.2 162.9 162.1 160.9 163.6 162.3 155.9 153.2 153.2 153.2 153.7 154.2 153.9 162 164.4 166.4 168.3 171.8 173.6 175.7 180 182.7 185.2 185.8 186.8 186.6 187.4 185.8 184.1 181.8 179 177 176.1 175.2 173.8 171.8 170.3 167.3 165.7 164.1 161.9 161.2 160.9 160.3 159.8 159.7 160.2 159.9 159.2 158.4 157.6 158.2 158.8 157.9 157.5 158.3 158.2 157.5 156.4 155 152.2 148.8 148.2 147.6 146.9 146.5 147.3 147.4 147.2 146.9
171.3 171.2 170.1 169.2 167.8 165.4 164.8 159.7 161.8 159.1 158 156.7 156.2 156.3 155.6 154.5 155.3 155.6 156.4 160 155.9 154.9 164.7 167.9 170.2 173.8 176.9 179 182.5 185.8 188.5 190.6 191.2 191.9 193.2 193.3 191.5 189.8 188.3 185.9 183.5 182.6 181.7 180.7 178.6 176.5 174.5 173.1 170.5 168.3 167.4 166.2 164.6 163.5 163.3 163 162.6 161.7 160.7 159.6 160.1 160.2 160.8 160.9 161.3 160.7 160.1 158.9 157.6 153.5 149.4 148.3 147.6 147 146.3 146.8 146.6 146.3 146
179 177.5 176.1 174.6 173 170.9 169 168.3 166.7 166.1 164.7 160.3 160.2 157.8 159.3 160.1 161.8 161.7 166.6 164.6 156.8 157.8 163.2 171.7 174.2 178.7 182.4 185.5 188.2 191.8 193.6 195.4 198 200.8 201.9 202 200.5 200 196.3 193.3 191.5 189.3 187.7 187.1 185.6 183.4 182.1 180.4 177.3 175.8 172.6 171.6 169.7 168 167.2 166.4 165.8 164.7 163.4 162.1 162 163.2 164 164 163.1 163.9 163.6 162.4 160.2 156 151.1 148.8 148 147.2 146.4 146 145.7 145.4 145.1
185.5 184 182.9 181.4 179.3 177.2 174.2 172.2 170.2 169.4 168.3 163.9 167.7 166.8 168.7 168.3 169.4 170.9 170.4 164.1 158.3 158.7 170.7 174.8 178.5 183.9 188.3 193.3 194.7 196.6 200.7 202.8 205.5 208.5 210.1 209.1 207.3 205.8 205.1 201.5 198.8 197.2 195 193.2 192.3 191.2 190 188 185.3 181.5 178 176.7 175.1 173.2 172.1 170.2 169.6 168.6 166.5 165.3 166.3 166.8 166.9 166.2 165.2 165.7 166.3 164.8 162.1 157.5 153 148.8 148 147.2 146 145.4 144.6 144.3 144
193.3 191.2 189.7 187.7 185.6 183.6 180.2 176.7 174.5 172.1 169.9 170.4 171.8 172.2 172.7 172.6 173.6 173.8 172 159.3 157.9 162.2 175.7 179.4 183.3 189.2 195.5 200.5 203.4 206.7 208.8 210.4 214.9 219.7 220 219.3 216.9 216 214.5 212 207.6 206.8 204.2 201.8 201.8 202 200.1 197.7 193.8 188.9 185 182.1 180.5 177.8 177.3 174.9 174 172.4 171 170 169.5 169.5 168.8 168.1 167.8 168.2 168 167.1 162.6 158.4 155.4 150.7 148 146.8 145.5 144.8 144.4 143.6 142.9
201.8 199.8 197.4 194.7 191.2 189.1 185.8 182.3 178 175.1 171.7 174.3 175.7 177 176.9 176.7 176.9 175.9 173.1 160.6 159.8 172.5 179.7 185 189.8 197.3 204.3 208.6 210.5 214.8 216.4 219.6 223.1 225.6 225.5 225.1 225.2 224.6 223.7 221.4 219.6 216 213.7 211.7 211.6 209.7 209.2 205.8 200.6 196.8 192.3 188.9 185.7 183.2 183.6 181.7 179.8 176.9 175.9 174.9 173.3 172.9 171.1 170 169.3 168.7 168.3 166.8 163.5 160.3 156.5 152.5 147.8 146.5 145.1 143.5 142.9 142.6 141.6
213.3 208.6 204.8 199.2 196.9 193.7 190.7 187 181.4 177.6 178 180.3 181.2 181.6 181.4 180.3 180.8 178.2 172.4 160.4 160.6 179.1 184.8 192.1 198.2 205.5 211.6 216.5 220.2 223 225.5 227 230.4 232.3 232.7 234.4 236 234.8 233.2 230.5 229.2 226.5 223.6 221.8 221.4 219.5 216.5 213.7 206.9 203 200.4 196.1 192.4 189.7 188.7 187.5 184.8 182.6 180.4 177.9 177.5 175.9 175.9 173.2 170.3 169.3 168 166.3 163.4 160.8 157.1 152.9 148.6 146.6 145.2 143.8 142.3 142.6 142.5
226.2 219.6 212.6 209.2 205 199.7 195.2 189.2 184 181.3 184.3 185.8 186.3 186 184.9 183.8 183.7 182.5 180.8 164.8 163.3 182.1 190.6 198.6 206.6 214.4 220.3 225 228 230.6 232 234.5 238 238.9 240.3 243.2 244.3 243.4 241.3 240.5 237.9 235.1 233.2 232 231.1 227.7 223.5 219 215.7 212.8 208 205.4 201.3 197.4 196.2 193.8 191.3 189 185.5 182.9 181.6 180.1 179.3 176.8 173.7 170.9 169.2 167.1 164.2 160.5 156.8 153 149.7 147.8 146 144.6 143.1 143.3 142.7
239.1 230.1 222.6 215.5 212.2 205.7 201.1 191.9 184.2 187.9 189.8 191.3 191.2 190.4 189.2 188 187.2 184.4 180.9 168.8 162.6 185.1 193.9 204.6 214 222.4 228.6 233.9 236.1 238.7 240.2 241.7 243.4 247.2 249.1 252 252.6 251.5 250.5 250.6 249.4 246.3 245.4 246.3 243.4 238.5 234.1 229.3 223.9 221.5 217.5 213.3 209.2 205.8 202.7 200.3 197.4 194.7 192.1 189 186.2 184.6 183.3 180.5 176.7 173.2 170.5 167.9 165 161.4 156.8 153.8 151.2 148.9 147.1 145.4 143.9 143.6 142.7
251.5 242.2 233.3 226.8 220.1 213.7 205.1 194.4 193 195.5 197.4 197 195.7 194.9 193.8 193.3 192.2 187.4 184.2 173.8 166.7 174.7 196.1 208.8 218.9 230.4 236.9 242.4 245 246.4 247.5 249.2 251.8 255.6 258.7 260.6 261.4 259.9 259.8 259.3 259.1 258 257.7 256.5 254.8 251.4 245.9 239.6 234.2 229.9 225.8 222.2 219.1 215.9 212.7 209.5 206.4 203.1 197.5 194.9 191.8 188.7 186.9 184 180.5 176.4 173.1 169.7 166 162.2 158.5 155.7 153 150.4 148.2 146.5 144.8 143.8 142.9
261.3 251.2 244.4 235.1 227.2 219.7 209.6 195 202.8 204.8 206.5 205.2 203.2 202.4 201.6 200.6 198 193 188.8 181.7 168.9 169 195.3 207.4 221.7 234.5 243.6 249 252.2 253.6 254.7 257.2 259.7 263.3 265.8 268.4 269.9 268.3 267.8 268 268.4 268.8 267.9 269.4 268.3 266 259.8 252.2 245 239.2 235.1 232.9 228.8 225.9 221.9 219.3 213.9 210.6 205.6 202.2 198 193.7 190.5 188.1 184.7 181.5 177.1 172.7 169.1 165 160.9 157.9 154.8 152.1 150.1 148.2 146.7 146.7 145.7
265.4 256.4 248.1 238.6 230.9 223.9 212.8 205.9 212.7 214.2 215.5 214.1 212.5 211 209.9 206.6 203.7 199.1 194 188.2 174.8 170.6 184.5 201.8 217.8 234.4 245.9 253.6 258.5 259.9 261.2 265.3 269.5 272.6 275.6 277.2 277.5 277.6 277.1 278.3 279.3 281.4 281.2 281.9 282.1 279.4 272.8 263.5 257.8 250.6 246.6 243.1 240 236.7 233.4 228.5 223.5 218.5 213.7 208.6 203.3 199.5 197.6 193.3 188.6 185.9 181.1 176.2 172.1 168.1 164.7 160.7 157.9 155.7 153 150.5 148.9 149 149
268 257.7 248.9 241.4 234.6 228.1 210.6 218.9 223.4 224.5 223.5 223.5 223.3 219.9 215.9 212.6 209.3 205 199.2 193.2 186.4 169.9 175.6 197.5 208.2 227.6 242.8 255.6 262.1 264.7 268.3 272.4 277.9 282 285.1 286.3 286.6 286.9 287.5 288.3 290.8 293.1 294.8 295.8 296 292.6 287.7 278.5 272.3 265.1 260.4 255.7 252.2 248.1 244.3 239.2 233.2 227.2 221.3 215.4 211.1 206.6 202.7 198.2 193.6 190.8 185 180.1 174.6 170.5 168.3 165.1 161.6 158 155.1 152.6 150.6 150.2 151.2
269.2 261.2 252.1 245.9 240.1 232.1 220.5 231.4 234.3 234.2 233.6 233.3 231.4 227.3 223.5 220.4 217.1 212.4 206 200.2 196.6 181.8 171.6 186.6 202.7 215.3 237 252.1 261.6 268.4 272.7 278.1 284.4 289.7 293.2 294.2 295.2 294.8 295.3 297.2 299.7 303.3 305.8 307.9 309.1 306.9 301.3 294.4 286.6 279.8 272.5 268.2 263.9 259.7 253.6 248.1 241.6 236 229.1 221.9 216.2 212.2 207.7 203.4 197.9 194.4 189.5 184 178.6 173.1 171.2 168.3 165.7 161.5 157.7 155.3 152.6 152.7 152.7
271.8 263.9 255.9 250.2 244.9 233.8 234.7 243.5 246.5 246.6 246.3 244.4 239.4 235.6 232 230 225.5 220.8 214.6 209.7 202.8 191.9 176.6 184.7 195 206.6 223.8 241.8 254.5 266.5 272.9 281.4 288.4 295 298.1 300.3 301.6 302.4 303.5 304.7 307.2 309.4 313.6 317.5 318.7 317.1 312.5 305.8 298.3 290.8 284.2 279.2 275.2 269.6 260.7 255.3 248.4 241.2 233.4 225.8 221.2 216.1 211.3 206 200.3 197.6 192 186.1 179.8 174.6 171.8 168.8 166.1 162.7 159.9 157.5 157.9 157.1 156.1
274.1 266.8 259.7 253.9 247.9 232.7 248 255.7 259.7 259.4 257.5 256.7 251.6 248.5 244.6 239.6 233.2 229.3 224.3 219.8 212.4 203.4 189.3 176.7 192.8 203.1 214.8 232.5 246 259.2 268.9 279.4 288.1 295.4 300.6 304.2 306.3 308 309.7 311.1 312.4 315.1 320 324.3 326.5 326.2 322.3 315.3 307.6 299.8 292 286 282.3 277.5 268.7 262 256.2 247.8 239.1 231.1 224.2 218.7 213.4 208.3 203.7 198.8 192.7 187.1 181.1 177.4 174 170.4 167.8 165.6 162.1 160.8 160.1 159.6 158.8
274.2 268.2 262.4 256.1 248 242.1 258.8 268.9 272.6 273 270.2 268.6 265.4 261.7 255.6 251.5 244.7 240 234.8 230.9 224.8 215.5 203.2 181.4 183.4 199.7 208.8 224.4 238.1 251.2 263.2 273.6 284.5 292.3 299 304.1 307.7 311.6 313.7 314.9 315.9 318.6 324.5 329.6 332.6 332.3 327.7 321.6 314.2 307.1 298.3 290.8 287.8 282.5 276.1 269.3 263 255.9 244.7 236.3 227.7 222.3 215.8 209.1 203.1 199 193.4 188 182.9 179.3 175.9 172.7 170.3 168.4 164.4 164.7 163.6 162.2 161.4
273.5 266.4 258.2 257.6 242.1 257.2 270.7 279.2 282.5 283.1 280.6 277.8 274.3 269.4 264.8 259.8 253.7 247.9 243.1 239.1 235.5 227 214.7 201.7 183.4 180.6 201.7 213.1 227.7 244.1 256.9 267.7 277.7 288 295.2 300.6 305.5 312 315.5 316.5 318.4 320 323.5 329.6 333.5 333.7 330.7 324.4 318.9 312.8 304.2 296.4 292.1 287.7 281 274.5 267.4 260.5 248.1 238.7 231.8 225.2 219.3 211 203.7 199.4 194.3 189.5 185.7 181.3 177.7 174.6 172.4 170.1 169.3 169.2 169.3 168.2 167.2
274.5 264.1 263.9 253.1 254.6 267.2 280 286.4 289.8 290.7 288.5 285.2 282.1 277.1 270.2 265.1 257.7 253.1 248.6 245.1 241 234.4 224.7 214.7 203.7 185.2 193.9 207.2 222.3 237.1 250.9 261.3 273.3 282.4 290.5 297.1 302.3 308.3 312.1 314.6 317.3 319.8 321.3 325.8 329.8 331.4 329.9 325.2 320.6 314.5 306.6 298.5 292.9 288.6 282.9 276 268.3 259.7 249.3 240.3 234.6 227.7 219.9 212.6 205.9 202.4 197.8 192.3 189.4 185.5 181.9 179.4 176.4 172.6 174.1 176.4 177.2 176.6 174.6
273 269.9 264.4 263.9 266.5 274 283.7 289.3 292 293 291.3 288.6 286 280.4 275.5 270.8 263 257.9 252.7 249.3 245.4 238 230.3 222 214 194.9 181.1 204.2 214.9 228.9 244 255.9 266.2 275.5 283.9 291.5 297.6 302.4 307 310.4 313.3 316.3 319.4 321.8 324.6 326.6 326.2 323.3 319.4 312.5 304.4 296.3 290.8 285.7 280.7 272.9 265 257.1 247.4 240.5 233.9 226.8 219.4 211.8 208.2 203.7 199.4 195.9 191.4 188 186.3 185.7 180.7 177.2 181.1 184.2 184.6 183.1 182.4
277.4 276.5 273.9 273.1 274.9 282 286.5 290.7 293.5 294.5 293.6 292.4 289.2 285.8 281.5 276.7 269 264.7 259.2 253.8 249.3 242 233.5 227.9 219.9 211.5 188.5 192.7 209 219.9 236.3 248.9 258.6 267.8 276.5 285.1 290.9 296.2 301.1 305.2 308.9 312.6 315.4 318.2 320.1 321.2 320.8 319.4 316.1 310.7 303.4 296.2 290.3 284.7 279.2 272.6 263.4 253.7 244.5 238.5 231.6 224.5 217.5 214 210.5 206.2 202.8 199.4 195.8 193.3 193.5 191.3 184.7 184.2 189.3 190.2 190 190.2 191.9
283.2 282.5 280.6 280.8 282.7 287.5 290.3 293.2 295.7 296.8 295.6 294.6 292.3 289.5 286.8 282.7 275 269.3 264.1 257.4 252.4 245.3 238 232.3 226.9 220.3 203 183.3 195.8 214.1 229 241.7 251.3 260.7 269.3 277.1 282.9 288.4 294 298.5 302.9 306.8 310.5 313.2 314.9 315.8 315.6 315 311.9 307.9 301.6 295.8 290.4 284.8 277.1 269.5 260.1 251.4 243.2 235.7 229.6 224.3 220 217 212.9 209.4 207.1 204.8 201.8 201 200.1 195.1 188 190.2 195.1 197.7 198.8 198.8 199.3
290.9 289.1 288.8 288.3 290.8 292.9 294.5 295.5 297.7 299.1 298.7 297 295.6 293.1 290.7 286.2 280.7 274.1 267.7 260.3 255.1 250.7 243 236.1 230.9 224.9 219.2 201.6 186.8 209 220.4 233.5 243 253.4 260.8 268.5 274.4 281 286 290.8 295.6 300.2 303.8 306.5 309 310.3 311.2 310.9 308.5 304.7 300.3 295.6 290.2 284.9 275.3 266.5 259.2 252.2 244.5 236 230.2 224.5 221.3 219.9 217.4 213.7 212 210.3 208.9 208.2 206.5 201.2 193.1 196 201.7 204.2 207.7 208 208.1
295.5 295.1 295.6 297.3 299.3 298.3 299 299 300.1 301.3 301.2 300.4 298.8 296.8 294.1 289.1 284.5 278.7 272.7 266.2 260.3 254.3 247.1 239.6 234.8 230.6 223.6 216.5 192.4 195.4 218 226.4 236.9 245.8 252.9 259.5 266.2 272.5 277.8 282.6 287.5 292.3 296.7 299.6 302.1 305.2 306.7 307.1 306.2 304.3 300.3 296.1 290.7 285.3 279.7 272.4 266.5 258.9 250.8 242.5 235.8 229.8 226.7 224.9 222.4 218.2 216.3 215.1 214.8 214.2 211.5 205.2 201.2 199.9 206.9 210.8 217.3 218.5 221.5
303.8 303.6 304 305.6 305.6 306.6 306.5 306.1 305.2 303.4 304.1 303.7 302.6 300.5 297 292.8 288.4 282.9 276.7 271 264.5 257.6 250.4 243.9 238.6 233.3 228.2 222.2 204.3 189.3 211.9 222.7 229.8 237.4 244.8 251.5 258 263.8 269.7 274.5 279.3 284 288.8 292.1 296.4 299.7 302.7 304.1 304.8 304.1 301.6 297.4 292.9 288.1 284.7 278.4 271.3 265.5 259 250.4 243.1 237.3 233.1 229.8 227.2 223 220.1 219.8 219.4 217.6 214.4 209.4 203.2 206.3 212.4 217.4 225.2 225.9 230.9
313.7 313.5 313.2 313 313.5 314.3 314.1 313.9 313.3 312.1 310.8 309.2 306.7 304 299.8 295.7 290.8 285.6 280.1 273.2 267.3 260.5 254.1 247.6 241 234.9 229.4 224 213.7 189.2 198 217.5 225.9 232.4 236.5 244.1 250.2 255.7 261.2 266.3 271 275.9 281.2 285.4 290.8 295.3 299.1 302.1 303.5 304.2 303.6 301.8 299.2 295.2 290.3 284.5 278.3 271.9 264.2 256.7 249.2 242.8 237.9 233.9 231.2 228.5 225.4 223.5 221.8 219.7 217 212.3 206.6 214.2 218.9 224.3 230.1 233 237.1
321.8 322 322.1 320.8 321.2 321.5 322 321.6 320.8 319.9 317.5 314 310.8 307.4 302.7 297.5 293.2 288.3 282 275.3 269.2 262.5 255.1 248.3 241.8 235.7 230.5 224.8 217.9 199.1 189.4 206.2 220.2 226.4 230.4 236.9 242.4 248.1 253.7 258.3 263.7 269 274.3 279.2 284.6 290.1 295.2 299.8 301.9 303.8 304.8 306.4 305.7 304.2 299.5 292.3 284.5 276.4 268.8 261.3 254.2 248.5 242.8 237.8 233.2 230.3 228.6 227.1 225.2 223.2 220.3 213.5 212.8 218.4 223.6 229.7 235.8 240 243.6
330.6 330 328.6 327 326.9 327.5 328.6 328.5 327.5 325.2 322.2 317.8 313.9 309.1 304.1 298.9 294.5 288.6 282.5 276.7 270.7 263.4 255.7 250 242.8 236.9 231.6 225.2 219.2 211 194 194.9 213.3 220.4 225.3 230.5 235 240.7 246 251.6 256.9 262.2 267.6 273.4 279.3 284.8 290.9 295.8 299 301.3 303.6 306.5 306.2 305.4 302.3 295.7 290.3 280.8 273.3 265.9 259.8 252.7 245.6 238.9 234 230.8 228.6 226.8 224.9 222.6 219.1 217.5 216.3 220.3 225.8 233 241.8 246.4 249.9
