UK/data/se/se85_OST50GRID_20230518/SE85.asc
ncols 200
nrows 200
xllcorner 480000
yllcorner 450000
cellsize 50
[rows 0 to 34 of 200, columns 78 to 155 of 200]
177.7 171.1 162.7 153.6 144.2 137.2 134.2 149.1 166.6 175.3 182.3 189 192.1 192.6 194.7 198.6 201.1 203.8 204.4 205 204.6 203.6 202.7 201.4 199.7 198.2 196.6 195.1 193.6 192 190.5 188.6 186.7 184.9 183.1 180.9 178.9 176.8 174.2 171.2 167.5 155.6 133.4 118.3 133.1 150.1 164.7 169.6 170.9 170.9 170.7 169.7 168.4 167.1 166.8 166.4 165.7 165.3 164.2 161.7 163.4 165 166.7 168 167.5 167 166.5 166 165.2 163.6 161.9 160.3 158.8 157 154.6 149.6 150.6 152.1
164.6 151.4 142.7 139.5 138.8 135.1 134.9 144.5 147.9 151.1 160.1 170.6 180.9 183.5 186.2 194.8 199.5 202.3 205.2 205.5 205.6 204.8 204 203 201.6 200.1 198.8 197.2 195.6 193.9 192.4 190.7 189 186.7 184.4 182.2 180.1 177.4 175.2 171.6 167.7 158.3 136.7 118.8 133.3 151.6 165.9 171.1 172.5 173.4 173.1 172.7 171.6 170.5 170.1 169.4 168.5 167.9 166.1 162.9 164.8 166.7 168.7 169.4 169.2 168.6 168.1 167.4 166.2 164.8 163.4 161.7 159.7 157.7 155.2 150.2 151.1 152.3
146.9 150.3 152.9 155.2 153.8 143 135.1 135.4 135.9 136.1 138 151.7 161.9 161.6 176.4 193.1 198.8 202.7 205.2 206.1 206.2 205.8 205 204.2 203.4 202.1 200.7 199.4 197.6 195.9 194.2 192.1 190 187.9 185.7 183.4 180.7 178 174.9 171.5 167.6 161 140.9 121.1 131 150.1 166.1 172.3 174.2 175 175.5 175.1 174.6 173.9 173.2 172.5 171.5 169.8 166.9 166.2 166.8 168.6 170.6 170.7 170.8 170.3 169.5 168.5 167.3 165.9 164.2 162.2 160.3 158.3 155.2 151 151.7 153.1
162.4 168.5 170.4 167.8 162.9 153.5 139.9 136.9 137.2 135.4 136.7 140 144 155.5 177.7 194.1 200.1 203 205.2 206.7 206.8 206.7 205.9 205.1 204.3 203.1 201.7 200.4 198.6 196.6 194.5 192.5 190.4 188.3 185.4 182.7 180.2 177.3 173.8 170.3 166.7 161.9 144.4 123.8 128.4 148.3 164.2 173.3 175.5 176.3 177.3 176.8 176.4 175.9 175.2 174.5 173.6 170.6 168.6 169.5 170.3 170.7 172 172.1 172.2 171.7 170.7 169.6 168.4 166.7 164.7 162.8 160.7 158.6 155.5 152.6 153 153.9
179.4 179.3 175.9 172.8 165.7 149.9 145.1 149 149.1 140.5 136.4 142.5 153.4 169.1 186.6 195.1 201 203.2 205.2 207.3 207.4 207.4 206.9 206.1 205.1 203.9 202.5 201.1 198.9 196.6 194.5 192.5 189.6 187.1 184.3 181.5 178.9 175.8 172.4 168.9 165.3 160.9 149.9 129.7 124.9 146.2 164.1 174.5 176.7 177.8 178.9 178.4 178 177.7 177 176.2 175.1 172.2 171.8 172.3 172.4 173.2 173.2 174.1 173.4 172.4 171.6 170.8 169.1 167.1 165 163 161 158.8 155.7 154.2 155 155.1
185.7 183.7 180.1 174 158.2 157 162.8 163.9 157.3 142.5 138.5 153.1 168.1 180.4 190.3 196.9 201.4 204.4 205.9 207.5 208 208 207.6 206.6 205.7 204 202.1 200.3 198.3 196.3 193.7 190.9 187.5 184.2 182.2 179.8 176.8 173.6 170.3 167 163.6 159.1 150.8 132 123.4 144.9 165.2 174.8 178.3 179.4 180.5 180 179.6 179.4 178.7 177.8 176.5 174.6 174.4 174.4 174.5 174.4 174.3 174.9 174.1 173 172.1 171.2 169 166.9 164.8 162.8 160.9 159 156.1 156.1 157 157.1
189.3 185.9 181.5 170 171.8 174.6 174.5 171.8 158.8 140.6 139.8 156.5 173.9 184.1 192.2 197.9 201.9 204 206 207.8 207.9 207.6 207.3 206.5 205 203.1 201.1 199.3 197.3 194.8 192.1 189.2 185.5 181.7 179.4 176.5 172.5 169.2 166.7 163.4 159.3 154.7 146.8 130 123.9 145.3 165.8 176 179.4 181.1 182.2 182.2 181.2 181 180.5 179.3 177.8 177 176.4 175.9 175.9 175.8 175.9 175.6 175.1 173.9 172.7 171.2 168.8 166.8 164.6 162.6 160.7 158.8 157.1 157.8 158.4 157.9
191.2 187.6 181.3 180.7 182 182.2 180.4 175.7 158.7 141.2 140.3 159.6 177.5 187.2 194.2 198.9 202.1 204.2 206.4 207.9 207.6 207.2 206.8 206.3 204.2 202.2 200.2 198.3 195.7 192.5 189.2 185 182.5 179.3 175.8 171 168 162.9 159.3 151.6 144.2 138.6 133.9 125.9 125.6 146.8 168.1 177.1 180.3 182.2 183.9 184.3 182.5 182.5 182 180.9 179.7 179.1 178.5 177.9 177.3 177.3 176.6 175.8 175.7 174.4 172.9 171 168.8 166.6 164.4 162.4 160.6 158.7 158.7 159.3 159.2 158.5
193 188.8 186.1 187.8 187.7 186.9 184.3 177.9 158.8 143.2 139 159.9 178.4 188.8 195.4 200.2 203 205.2 207.2 208 208 207.5 207.1 205.8 203.7 201.6 199.2 196 192.5 189.2 185 180.7 176.8 172.6 168.3 164.9 160.5 156.3 152.3 148.4 145.6 141.9 132.6 125 133.2 153.2 171.5 177.4 180.4 182.3 184.3 183.8 183.2 183.3 183.2 182.2 181.3 180.7 180.1 179.5 178.7 177.6 177 177 175.6 174.4 172.8 170.6 168.3 166 163.8 161.8 160.4 160 160.2 160.5 159.8 159.2
194.4 190.5 193 192.5 192.3 190.6 187.2 176.9 160.4 143.8 138.8 161.8 182.5 191.5 196.9 200.8 203.7 206.1 207.2 208 208.3 207.9 207.5 205.4 203.4 200.4 196.5 193.4 189.4 187 184.9 182.4 179.6 177.3 173.6 170.3 166.8 162.5 156.3 152.6 146.9 141 130.9 123.9 139.8 159.6 170.7 175.9 179.9 181.8 184 183.5 183.6 183.7 183.9 183.4 182.6 182 181.3 180.5 179.7 178.5 177.4 176.6 174.8 173.3 171.3 169.3 167.1 164.8 163.5 162.7 162.3 162.2 161.9 161.3 160.7 159.7
196.9 197.1 197.3 196.6 195.4 192.8 188.8 175.6 158.9 143.9 141.6 164.7 183.6 192.8 198.2 201.7 204.5 206.5 207.3 208 208.7 208.2 207 205.7 204.5 201.4 198 194.7 192.2 190.3 187.5 184.2 181.1 177.8 174.4 169.6 163.9 156.1 147.1 139.5 132.7 130.9 127.9 127.2 143.8 156 164.3 171.2 176.9 181.3 183.6 183.9 184 184.2 184.3 184.4 183.8 183 182.3 181.5 180.7 179.6 178.3 177.2 175.9 175 172 170 168.2 167.4 166.4 165.3 164.1 163.5 162.8 162.2 161.2 159.9
202.2 201.7 200.8 199.4 197.2 194.4 189.6 173.7 155.5 141.6 148.7 169.4 186 193 199 204.1 206.4 207.8 208.5 208.6 208.8 208.5 208 207.5 205 202.5 200 197.2 194.3 191.1 187.9 184.6 180.6 174.8 166.7 160.1 157.7 155.2 145.9 144.4 144.7 141 130.7 126.2 132.9 139.7 145.1 153.4 163.8 173.8 182.5 184.3 184.6 184.7 184.8 184.9 184.7 184.1 183.3 182.5 181.7 180.6 179.3 178.9 176.7 176.3 173.6 172 170.5 170.5 169 166.9 165.7 164.4 163.7 163.1 161.4 160
205.1 204.1 202.9 201 198.7 194.6 188.2 168.4 148 139.6 154.7 172.1 187.4 194 199.9 205 207.4 208.9 209.8 210.5 210.9 210.6 209.1 208.2 205.8 203.3 200.8 198 194.2 190.6 185.2 181 179 174.7 173.1 171 167.9 162 155.5 159.4 159.3 152.8 143.5 132.4 128.4 128.4 128.6 132.1 144.3 159.9 175.8 183.8 185 185.2 185.3 185.4 185.2 185 184.3 183.5 182.7 181.6 180.3 180.1 177.4 176.4 176 174.5 172.9 172.5 170.1 168.6 167.5 166.2 164.9 164 162 160
207.4 206.2 204.1 202.1 199.7 195.6 187.4 164 143.6 143.3 159.5 175.6 187.4 195.3 200.8 204.8 207.9 209.7 210.8 211.4 211.3 211 210 208.8 206.6 204.2 201.4 198.4 193.2 188.2 183.3 183.5 182.5 179.9 177.6 174.8 170.4 166.3 169.6 169.2 167.7 165.9 158.1 150.9 145.4 140.8 137 133.1 131 146.3 167 181.4 184.8 185.6 185.8 185.9 185.7 185.4 185.2 184.5 183.8 182.6 182 180 178.5 177.7 177.5 176.1 174.6 173.6 171.3 170.4 169.2 167.9 166.1 163.8 160.8 157.6
209.5 207.6 205.6 203.1 200.6 195.4 187.3 164.6 145.1 140.6 152.9 165 180.9 192.7 200.4 204.7 207.9 209.9 211.6 211.4 211.3 211.2 210.5 209.2 207.5 204.9 201.8 198.8 193.9 188.2 189.3 188.6 186.6 183.6 178.8 175 166.5 171.8 175.4 174.6 173.2 172.2 170.7 165.8 161 155.8 150.2 142.7 131.8 138.6 160.1 179.6 184 185.3 186.2 186.3 186.1 185.9 185.7 185.4 184.8 183.9 183 182.1 181.1 179.8 178.6 177.2 175.6 173.5 172.5 171.9 170 167.8 165.5 162.9 159.3 161
211 209 206.4 203.5 200.5 195.6 188.1 173.2 153.4 141.9 141.6 146.5 162.3 181.2 200.1 204.8 207.8 210 211.7 211.5 211.4 211.2 211.1 209.7 207.9 205.6 202.3 199.2 195.4 192.9 193 191.1 187.8 184.6 180.1 174.1 176.5 180.3 180 179.3 178.3 176.6 175 172.9 171.3 166.5 159.4 148.4 133.9 132.5 155.5 174 183 185 185.9 186.8 186.6 186.4 186.1 185.9 185.7 184.8 183.8 182.8 181.8 180.8 180.2 179 177.3 174.2 173.4 172.2 170 168.5 165.5 162.5 162 164.5
211.2 209 206.3 203.4 200.1 195.8 188.3 178.9 164.9 150.3 148.2 144.2 146.7 170.8 194.2 204.3 207.4 210.2 211.8 211.6 211.5 211.3 211.2 209.5 208.3 207.1 204.1 200.6 197.4 196.3 195.4 192.1 188.9 185.8 180.9 181.4 183.5 184.5 184.1 183.3 182.2 180.9 179.1 176.6 174.3 171.2 164.5 152 136.4 131.9 150.8 166.4 179.7 183.6 185.7 186.5 187.3 187.2 186.9 186.7 186.4 185.7 184.8 184 183.1 182.2 181.8 181.3 178.7 176 172 171.8 169.9 168.8 165.6 164.3 164.8 165.9
211.2 208.8 206.2 203.3 199.7 196 189.1 181.7 171.2 160.5 157 154.4 142.7 162.3 188.2 203.4 207.6 210.4 211.8 212.4 212.3 212.1 210.7 209.8 208.8 207.7 205.7 202.6 201 199.6 197.8 194.3 190.9 187.8 185.4 186.3 187.1 188.6 188.1 187 185.9 184.2 181.8 179.2 176.2 167.3 150.6 141.2 139.4 133.1 143.1 157.2 171 179.6 183.8 186.2 187 187.9 187.7 187.4 187 186.3 185.5 184.7 183.9 183.1 182.8 181.6 179.8 176.5 174.1 170.9 169.8 169.5 167 168 168.2 168.3
211 208.5 205.9 203.1 199.6 196 191.1 184.5 179.2 171.7 164.9 158.7 143.3 159.6 183.9 203.6 207.5 210.5 211.8 213.1 212.7 211.8 210.8 210 209.1 208.1 206.7 204.7 203.3 201.8 200.3 197.5 194.1 190.5 189.5 190.3 191.2 192 191.4 190.4 188.3 185.7 183.3 180.8 175.8 160.4 155 162.6 153.6 138 136.7 148.2 158.2 169.5 177.9 184.2 187 187.8 188.4 188.1 187.7 187 186.2 185.3 184.5 183.6 182.9 181.9 180.7 177.3 174 171.6 169.3 169.2 169.4 170.1 170 170.1
210.6 207.5 204.7 202.3 199.7 196.4 192.6 188.2 183.8 179 172.5 157.4 143.8 158.5 182.7 202.4 207.1 210.2 212.1 213.1 212.9 211.9 210.9 210.2 209.4 208.4 207.7 206.8 205.3 203.9 202.5 200.3 197.3 195.8 194.9 193.9 193.8 194.7 194.1 192.5 190.1 186.7 184.1 180.5 166.8 168.2 171.7 171 165.1 152.8 137.1 135.8 144.9 153.7 161.9 172.3 184.5 188.1 188.6 188.7 188.4 187.6 186.8 186 185.5 184.6 183.6 182.4 181.2 178.8 175 171.5 170.2 170.2 170.8 170.8 170.8 170.7
208.8 205.2 202.7 200.6 198.3 195.1 191.5 187.7 182.8 178.8 173 157 144.2 158.4 182.4 201.1 207 210 212 212.9 212.6 212 211 210.4 209.6 208.8 208.4 208 207.3 205.9 204.5 203.2 201.7 200.7 199.9 199 198.2 197.3 196.1 194.2 192 188.5 185 176.2 175.6 177.3 177.2 175.3 173.6 166.6 154.2 140.8 135.8 137.5 145 154.9 170.3 183.6 188.9 188.9 189 188.3 187.4 186.6 185.8 185 183.8 182.3 180.9 178 175.1 172.5 173.1 172.6 171.5 171.4 171.4 171.3
204.7 201.8 200 196.9 194.5 191.1 184.1 178.3 171.3 164.4 158.8 150.3 144.9 160.6 184.9 201.7 206.5 209 211.2 211.7 212.1 211.9 211.2 210.6 209.9 209.5 209.1 208.7 208.3 207.8 206.5 205.3 204.2 203.4 202.5 201.7 200.7 199.6 197.4 195.5 193.3 189.8 184.3 179.8 181.9 180.8 180.6 179.1 177.1 174.3 169.6 155.7 153.9 147.3 140.9 139.4 158.6 176.9 188.9 189.3 189.1 188.8 188 187.1 186.4 185.8 184.7 182.7 180.7 177 175.1 173.7 174.6 174.3 173.6 172.8 172.1 172
194.8 192.2 188.3 184.1 179.9 172.8 165.8 159.6 153 150.8 150.7 146.9 146.1 166.8 188.4 199.9 205.4 207.9 209.5 210.3 210.7 210.6 210.5 210.3 210 210.2 209.8 209.4 209 208.7 208.3 207.6 206.5 205.7 204.7 203.6 202.5 201.4 199.2 196.7 194.5 189.7 181 186 185.9 184.7 183.8 182 179.1 174.8 169 171 168.9 162 150.4 141.3 148.7 171.4 187.8 189.4 189.3 189.3 188.5 187.7 186.8 186 185.3 183.5 181.3 179.3 177.1 176.1 177.1 175.8 175 174.3 173.5 172.6
172 171.3 168.5 164.2 161.4 157.1 158.9 160.9 162.1 163.9 163.4 147 150.9 170.1 188.2 197.9 203.6 206.1 207.2 208.4 208.7 208.7 208.9 208.8 209.6 209.8 210.1 210.3 210 209.8 209.4 208.9 208.4 207.6 206.5 205.4 204.3 203.3 201 198.5 195.3 187.8 188.6 189.6 189.5 188.3 187 183.9 179.8 175.9 175.5 176.1 174.9 171 159.3 147.6 143.1 167.1 186.2 189.1 189.4 189.4 189.1 188.2 187.4 186.9 186 185 183.4 181.6 177.7 178.3 178.3 177.2 176 175.2 174.5 173.4
178.2 173.6 172.2 173.2 173.5 174.7 177 179.5 180.6 180.9 167.4 147.5 150.5 167.8 184.5 195 200.6 203.7 204.9 205.3 205.7 205.7 205.7 206.4 208.6 209.9 210.4 210.8 211.1 210.8 210.4 209.9 209.4 208.9 208.5 207.4 206.2 205.1 202.2 199 194.2 189.6 192.7 192.9 192.4 191 189.5 186.2 183.5 182.1 180.9 181.2 179.8 177.3 167.8 151.4 146.1 166.3 183.3 188 188.9 189.5 189.5 188.8 188.1 188.1 187.4 186 184.7 183.6 178.6 179.5 179 178.2 177.3 176.2 175.4 174.2
197.1 195.7 194.5 193.9 194.1 194.9 194.3 193.1 190.8 188.4 175.7 151.3 147.5 161.9 176.9 190.3 197.3 200.6 201.8 202.3 201.5 200 200.1 201.7 206.5 209.8 210.6 211 211.4 211.8 211.5 210.9 210.3 209.7 209.8 209.4 207.6 205.8 202.6 198.3 193.1 195.2 196.1 196 195.1 193.8 192.2 190.4 188.9 187.5 186.2 184.7 182.7 179.8 169.1 148 152.9 162.5 180.2 184.5 187.9 188.7 189.4 189.4 189.8 188.6 187.6 186.6 185.3 184.8 180.3 181 179.8 178.9 178.1 177.3 176.3 175
205 205.3 204.9 204.2 203.1 201.9 201 198.7 196.3 192.7 184 160.7 147.5 152.6 166 178 188.5 193.8 194.3 191.5 184.5 184.3 188.6 200.7 205.5 209 210.8 211.2 211.7 212.3 212.4 211.8 211.2 210.7 210 209.3 207 205 200.6 195.9 198.1 198.9 198.9 198.5 197.6 196 195.1 193.7 192.2 190.8 189.1 187 185.5 180.1 164 146.9 164.9 176.3 179.8 182.3 186.4 188.8 190 190.1 189.9 188.8 187.7 186.6 185.6 185.5 182 182.1 180.7 179.8 179 178.1 177 175.7
210.4 209.2 209.2 208.2 207 205.2 203.7 201.6 198.1 194.4 189.1 173.8 155 148.4 149.3 157.5 168.2 178.1 180.5 172.5 164.5 171.7 188.1 198.5 204.5 208.8 211.3 212 212.5 212.9 213.2 212.6 212 211.4 210.3 209.1 206.6 203.5 199.1 198.8 201.4 201.1 201.1 200.7 199.5 197.7 197.1 196.2 194.7 192.9 191.2 188.8 186.8 176.5 158 151 172.7 184.9 187.6 188.7 189.4 190.8 190.7 190.8 190.2 189 187.8 186.7 185.7 185.5 184.2 182.7 181.8 180.8 179.9 178.9 177.7 176.5
213.9 213.1 211.9 210.7 209.2 207.2 205.4 202.8 198.9 194.3 184.6 165.7 149.5 152.4 158.8 157.6 152.9 158.2 162.7 158.1 170.4 186.9 197.3 202.3 206.4 209.3 211.6 212.7 213.2 213.6 214 213.4 212.8 211.8 210.7 209.1 206.5 203.4 203.7 204.3 204.3 203.8 203.3 202.5 201.6 200.9 199.6 198.4 196.8 194.9 192.9 190.5 184.3 170.3 153.2 162.3 182 189.6 190.5 191.1 191.9 192.1 191.8 191.5 190.3 189.1 188 186.8 185.8 185.4 183.1 181.7 181.9 181.1 180.2 179.3 178.2 177.1
217.1 215.6 213.9 211.8 209.7 207.6 205.6 202.5 198 190.8 172.1 152.9 152.8 164.2 171.6 167.2 162.6 158.7 154.6 157.9 179.6 192.9 201.7 204.6 207.4 210.3 211.9 213.1 213.5 214.2 214.6 214.3 213.2 212.5 211.1 209.7 208.8 207.7 207.2 206.5 205.9 205.2 204.8 203.9 203.2 202.3 201.3 199.7 198 196 193.2 190.9 177.2 160.3 155.7 174 188.9 191.8 192.6 193.4 194 193.5 193 191.7 190.4 189.2 188 186.9 185.9 183.9 181.8 180.6 180.9 180.8 180.1 179.4 178.3 177.4
217.3 216.5 214.5 212.4 210.3 207.8 204.8 200.4 195.2 179.9 160.1 152.4 164.9 178.7 185.3 183.6 178.1 172.2 160.9 157.9 179.9 194.8 202.9 205.6 208.4 210.6 212.1 213.5 213.9 214.3 215 215.1 214.5 213.3 212.4 211.4 210.5 209.2 208.3 207.7 207.3 206.8 206.2 205.4 204.4 203.3 202 200.3 198.5 196 193.2 185.3 166.5 153.4 168.5 185.3 192.2 194 194.9 195.2 195.2 194.4 193.4 192 190.6 189.2 188.1 186.3 184.1 182.5 179.8 177.7 179.8 179.9 179.6 179.3 178.4 177.6
217 215.8 214 211.9 209.2 206.1 202.9 198 186.8 167.9 151.5 159.5 176.4 189.3 192.1 192 188.3 183 165.6 157.2 177.4 195.9 203 205.7 208.3 210.2 211.7 213.7 214.1 214.5 215.1 215.2 215.3 214.8 214.1 213.1 212 210.4 209.6 208.7 208 207.6 207.1 206 204.9 203.7 202.2 200.5 198.9 195.9 192.9 175 155.6 164.5 180.7 192 194.7 195.9 196.2 196.2 195.8 194.5 194.3 192.9 191.4 190 187.3 185.3 183.2 180 176.4 173.9 177.9 179.8 179.2 179 178.6 177.4
216 213.9 212.2 210.3 207.2 204.1 200 192.3 172.2 152.9 154.6 171.9 188.6 195.2 197.6 195.3 191.7 185.8 170.2 158.4 175.1 195.5 202.1 205 206.7 209.5 211.1 213.7 214.2 215.3 215.7 215.9 215.8 215.3 214.8 214.3 213.1 211.7 210.9 210 209.1 208.3 207.8 206.7 205.3 204.1 202.5 200.5 198 195 186.4 166.1 158.4 175.8 189.1 194.8 196.3 197.3 197.3 197 196.2 195 194.8 193.8 192.4 191.2 189.2 187.7 185.6 183.3 178.6 169.2 175 177.2 178.9 178.7 178.3 177.1
214.9 212.5 211 208.6 205.2 201.2 197 184.3 159.9 152.1 167.7 182.8 195 199.6 200 197.3 193.1 183.7 170.7 159.9 172.5 191 198.9 200.5 202.9 206.9 210.5 213.8 214.9 215.9 216.3 216.5 216.4 215.9 215.3 214.7 214.3 213 212.1 211.3 210.4 209.5 208.7 207.3 205.9 204.3 202 199.8 197 193.8 180 159 167.7 186.1 193.7 197.1 198.1 198.1 197.8 197.6 197.3 196.8 195.8 194.8 193.6 192.3 190.7 188 185.2 182.2 177.2 166 168.5 176 177.8 177.7 177.7 176.5
212.9 211.2 208.8 206 202.7 198.5 193.5 179.8 155.7 154.3 173.9 190.6 199.4 202 200.3 197.8 187.6 173.6 163 160.8 169.9 181.2 185.2 184.8 188.6 202.2 210 214 215.5 216.5 216.8 217.1 216.9 216.3 215.7 215.2 215.3 214.3 213.4 212.2 210.9 209.6 208.2 206.8 205.3 203.7 201.3 198.7 195.2 189.4 173.3 158.3 177.6 193.1 197.1 198.4 199.1 198.8 198.3 198 198 197.4 196.6 195.5 194.3 192.8 191 187.3 183.3 177.3 166.2 156.8 157.6 170.9 176.2 176.9 177.1 176.4
