WholeMapElevations/data/nn/nn58_OST50GRID_20230518/NN58.asc
ncols 200
nrows 200
xllcorner 250000
yllcorner 780000
cellsize 50
[rows 105 to 139 of 200, columns 78 to 155 of 200]
495.9 509.4 519.7 525 509.6 481.9 453.7 434.9 424.3 414.1 408.9 414 411.9 401.1 392.5 387.7 379.8 369.5 360.8 363.4 362.9 364.5 369.1 374.2 378.5 384 390.9 400.3 409.7 422.9 434.9 444.6 461.3 475.9 491.7 506.8 520.1 532.7 547.5 562.7 577.9 594.3 609.7 618.4 625.7 639 647.3 662.1 663 652.4 643.2 636.1 628.2 617.9 605.6 595.1 588.4 582 575.6 569 563.1 556.8 549.9 540.5 517.2 506.5 509.3 508.5 516 507.8 501.1 516.4 525.3 531.6 538.5 545 549.2 553.3
507 520.4 532.8 534.3 504.6 470.7 449 431.8 422.6 413.5 411.6 414.1 410.5 400.3 391.7 386.7 376.8 366.3 361.3 363.7 364.3 364.9 368.6 376.5 380 389.9 393.3 402.4 413.1 425 437.4 451.3 466.6 480.1 496 510.7 524.5 537.4 553.1 567 584.4 599.4 613.3 620.9 625.4 633.5 647.1 659.8 663.1 650.3 643 637.3 626.4 614.3 604.4 597.2 590.4 582.9 576.3 570.2 563.9 557.5 552.1 544.4 531.1 513.8 509.8 509.1 513.4 507 503.6 524.9 529.8 534.9 541.1 546.1 548.9 552.9
518.9 529 532.7 522.8 493.6 464.8 442.7 431.9 422.1 414.5 414.1 414.9 411.1 399.2 389.9 383.1 374.4 364 364.8 365.4 365.6 366.1 369.4 376.6 382.8 392.4 397 405.7 416.8 426.3 439.5 454.2 470.8 484.5 500.7 515.3 528.9 543.8 558.4 571.8 589 602.5 614.5 620 622.8 633.1 645.3 659.4 663.8 654 643.1 635.7 624.3 611.2 603.1 596.6 590.6 584 577.1 570.7 563.1 554.9 550.3 544.2 538.9 528.9 515.1 510 518.4 505.9 510.1 514.9 530 536.1 541.7 545.3 548.2 551.7
526.3 537.1 528.8 511.6 486.1 459.1 439.8 431.1 424 416.9 416.5 416.2 408.1 398.3 387.6 379.7 373.6 363.1 365.1 366.5 366.7 367.2 371 379.6 386.5 393.2 398.2 408.8 418.5 430.5 444.2 458.7 475.5 490.6 506 521.7 535.1 549.1 563.7 576.6 593.9 609.1 613.9 617.2 626.1 631.6 639.5 653.1 658.7 657.6 645.6 630 618.5 606.3 598.8 594 589.4 583.2 576.2 570.3 562.9 554.9 549.7 544.4 539.9 529.3 515.5 515 526.2 508.2 518.3 529.2 528.1 535 538.6 542.7 546 549.6
535.7 535.5 520.5 504.7 479.5 454.7 439.2 432.6 424.4 419.5 415.9 414.2 406.9 396.5 384.2 378.2 370.4 363.9 367 366.9 367.7 368.4 375.7 382.9 390 396.1 402.8 410.7 421 432.3 447.2 463.4 482 498 512.1 527.5 541.4 554.1 567.7 582.7 598.2 606.4 617.5 622.1 633.5 630.7 635.3 643 652.5 656.3 639.1 626.1 611 600.9 594.9 590.3 586 581.3 574.3 568.3 561.3 555 549.3 543.8 537.6 524.7 513.2 524.1 529.2 511.3 514 525.4 534.2 535.7 539.5 543.2 547.9 552.3
543.1 535.1 514.9 506.7 476.5 451.8 440.1 430.3 423.7 421.3 416.6 415.1 404.1 393.1 380.9 377 368.1 364.9 367.4 367.9 368.7 369.5 374.4 385.3 394.6 397.9 405 414.6 423.7 437.1 450.7 467.9 487 503.6 518.3 534.6 547.4 561.1 574.3 587.2 598.3 609.3 621.4 628.5 640.1 630.4 626.4 633.7 648.3 641 627.8 613.7 602.2 594.1 589.4 585 581.5 577.7 571.8 566.1 560.2 554.5 548.9 543.3 535.5 514.6 520.8 532.3 532.1 520.7 512.5 522.4 532.8 538.4 542.1 545 549.1 553.3
542.7 528 513.7 498.1 472.9 452.3 442 431.6 423.7 420.2 415.5 410.7 400.6 388.8 380.8 376.6 367.6 366.3 366.6 368.7 369.6 371.5 381.4 390.1 395.7 401.1 408.1 416.8 426.9 438.9 455.1 473.2 491 509.9 524.2 540.3 553.5 567.6 579.8 595.4 608.1 621.7 629.4 635 633.4 625.3 620.1 625.4 632.3 623 609.8 601 594.3 586.5 584 579.9 576.7 573.2 569 563.2 558.8 554.1 549.2 541.9 525.5 514.9 530.7 535.8 535.5 516.4 517.1 516.8 527.4 536 541.6 545.8 550 553.4
543.4 522.9 509.7 495.5 468.1 453 441.4 433.3 427.1 419.9 414.1 406.8 397.7 386.3 381.6 383.4 373.5 367.7 366.8 368.5 370.4 373 381.8 392.9 398.5 403.2 410.1 419.1 430.8 443.5 460.9 481.3 500.6 517.9 531.5 548.4 560.6 573.7 593.2 612 618.3 629.9 636.1 637.3 635.8 619.7 613.8 614.9 613.7 608.7 600.8 593.2 584.8 580.3 577.6 573.3 571.3 567.9 565.4 561.4 557.3 553.1 547.8 528.9 516.3 520.1 536.5 538.2 537.7 519 520.8 538.4 525.8 525.6 538.4 544.4 548.7 552.3
536 521 503.9 489 467.5 452.8 443.6 433.7 426.6 419.7 412.1 405.6 394.5 385.7 382.1 393.5 381 371 368.6 367.5 371.1 379.8 386.3 391.7 399.7 407.7 414.5 424 435.1 449.1 469.3 491.3 509.5 524.3 539.5 553.8 569.2 588.7 611.1 620.8 628.8 635 635.6 632.1 631 610 605.3 603.1 600.7 597.5 590.9 583.2 579.3 574.9 571.7 567.3 564.8 563.9 561.7 559.1 555.9 552.5 542.1 517.6 517 527 541 540.8 539.3 531.7 521.8 536.4 539.8 531.3 531.6 538.8 542.8 546.6
532.8 520 499.5 483.3 465.9 461.2 445.6 435.4 428.3 418.3 409.8 403.3 395.1 385.6 388.1 397.1 381.6 373.3 369.8 368.5 370.8 381.7 386.6 395.5 404.9 409 417 426.7 438.9 456 475.7 497.6 513.8 528.2 545.1 564.1 583.1 608.6 618.7 625.8 636.2 627.4 631.2 630.3 609.7 600.3 597.4 594.4 591.7 587.9 581.3 574.6 571.7 567.7 564.2 560.4 559.8 561.2 558.3 556.6 554.4 552.1 543.5 517.8 519.1 535.7 544 543.4 542.6 530.3 522.3 537.4 543.2 545.1 546 547.4 551 555
528.2 513.6 494.9 481.9 472.6 464.3 449.8 437.7 434.6 421.3 408.7 402.4 394.6 386.6 390.9 400 385.6 375.6 371.2 368.8 371 384.6 392 398 408.8 414.7 423.5 431.7 444.5 460.9 484.2 505 516.9 536.3 557.9 576.9 592.6 613 620 627.7 625.2 619.5 620.8 616.3 596.3 592.2 591.4 587.3 582.6 577.9 572.7 568.2 562.9 558.9 555.1 553.8 555.7 556 554.9 553.6 553.2 551.6 547 521.9 527.9 540.5 545.8 546.3 544.9 526.3 531.8 533.4 545.5 548.2 549.7 550.9 554.3 558.1
524.7 510.7 497 483.7 477.4 467.1 450.5 440.3 432.5 424.1 411.2 400.9 393.1 388.1 392.7 403.4 391.7 380.9 373.2 370.2 371.9 388.5 393.2 397.4 410 417.5 425.3 437.2 451.3 470 493.2 509.4 521.9 542.5 565.8 581 596.8 609.6 617.5 620.3 612.6 611 606.4 594.3 589.1 585.3 582.6 578.6 573.9 568.2 563.8 558.5 555 549.4 546.2 546 548.3 550.9 551.4 551.1 551 551.7 548.7 528.9 518.6 531 547.9 548.4 547.4 529.2 543.8 542.8 538.1 543.6 550.5 556.7 559.6 560.7
525 510.1 500.6 487.8 478.8 469.1 449.3 441.8 434.5 423.9 414.8 402.4 394.1 390.8 395.9 409 396.7 382.6 372.9 371 373 385.5 391.6 396.2 411.1 420.9 429.5 439.6 458.7 482.7 501.1 509.6 527.8 546.5 570.2 582.2 593.3 603.3 609.2 608.3 603.4 598.4 593.2 585.8 581.3 578.2 576.6 570.6 563.5 557.9 554 547.4 544.1 540.8 538 537.8 540.5 544.7 546.3 547.4 548.7 550.1 550.9 540.7 522.1 522.6 549.9 550.3 540.7 530.6 548.6 551.7 549.4 545 547.6 553.1 563.5 567.8
523.4 515.1 505.4 489.6 480.4 467.5 450.2 443.8 436.5 426.8 415.1 404 397.1 395.5 401.8 408.5 395.2 380.8 373.3 371.5 375.6 392.4 391 400.7 408.8 419 432 448.5 463.9 487.7 500.9 512.4 526.9 546.5 570.7 577 585.9 594.6 597.6 595.5 593.1 588 584.1 578 573.4 570.4 569.2 560.3 552.5 545 540.4 537.4 534.7 532.7 531.4 532.8 536.6 540.8 543.2 545 546.6 548 549.5 546.2 523.6 531.5 552.8 551.8 533.6 538.2 551.6 556.6 557.3 551.3 554.1 562.3 568.5 571.1
528.5 520.3 506.6 489.6 479.7 466.8 453.4 448.3 440.4 425.7 415.3 408.5 402.4 401.9 407.7 403.5 388.8 376.1 373.4 374.6 391 395.2 398.9 404.2 412.9 425.1 434.3 450.9 469.4 487.6 501.9 514 528.7 546.4 563.2 572.5 579.3 584.8 586.2 583.2 582 579.1 572.5 568.3 564 559.4 556.7 549.2 542.8 537 534 531.4 529 525.5 524.2 526.3 531.6 538.7 540.9 542.4 544.3 545.9 542.2 526.8 528.5 545.9 553.4 548.5 536.8 542.9 548.9 554.7 560.6 555.2 559.9 565.2 571.8 575.8
532.5 517.8 503.2 489.1 480.2 467.1 457.8 452.4 442.2 429.8 418.9 410.7 407.9 406.8 411.5 396.1 377.9 374.2 375 378.3 393.2 397.5 401.1 409.1 416.9 428.5 439.1 451.4 469.1 489.3 499.4 514.6 526.6 542.7 555.5 563.7 571.3 576.1 576 572.7 570.4 568.2 561.6 555.9 552.6 548.2 545.4 538.2 531.3 527.9 525.7 524.3 520.9 524 526 525.1 528.3 530.6 535.1 532.2 529.7 526.8 524.5 528.3 546.2 551.9 555 541.4 539.5 543.7 556.7 560.8 562.7 564.6 566.3 572.4 577.1 580.4
525.2 512.3 498.8 489.1 481.2 468.2 461.8 455.6 446.7 430.3 420.9 414.4 412.4 408.9 412.8 386.2 376 377.3 379.1 392.6 396.8 399.5 402.6 412.1 419.8 428.5 441.7 457 473.3 486.7 499.6 512.5 523.6 539.3 549.7 556.5 561.9 564.7 566.3 559.1 557.4 555.2 549.7 545.3 540.5 536.8 533.2 527.1 521.3 519.1 518.3 515.1 520.2 525.3 527 530.6 527.5 527.2 527.2 528.1 530.6 531.7 539.9 546.6 552 553.1 550.1 546.4 557 548.7 560 561.3 567.3 568.5 573.7 578.6 582.9 586.7
521.9 508.4 497.9 489.7 481.4 469.5 464.6 461 447.4 435 422.4 417.5 412.9 412.1 411.6 387.7 376.8 379.3 382.1 396.1 399 400 404.9 414.8 422.4 428.8 443.5 456.8 470.1 482.2 494.6 507.5 518.8 529.7 539.2 545.5 550.2 555.4 554.1 548.6 547.5 541.1 538.4 534.6 529.7 526.1 521.8 516.6 514.4 513.9 512.8 514.6 520.3 524.9 529.4 533.3 536.1 536.3 536.6 544 547.6 546.8 549.7 547.5 555.2 554.7 546 559.5 560.3 554.4 561.9 568.8 566.5 573.7 579.7 584.3 589.2 591.6
518.5 506.6 498.5 491 481.1 471.1 465.7 460.2 448.1 433.6 424.4 417.4 414.6 414.9 405.8 388.4 378.3 379.8 382.7 390 400 400.6 407.7 415.7 420.1 427.3 440.2 452.1 465 477.2 489.3 503.6 514.2 523 528.9 535.3 539.7 543.8 542.9 538.4 535.4 531.8 527.1 523.5 519.1 516.8 512.7 510.7 510.9 511 510.2 515.3 523.4 529 532.7 536.1 539.4 543.4 547.1 550.7 551.9 552.7 557.3 549.9 553.5 553.1 551.3 563.3 563.4 559.5 568.8 571.8 575.2 578.6 587 591.1 593.4 595.5
515.9 506 498.9 491.3 479.5 472.3 466.6 456.4 443.6 431.2 424.9 417 413.8 408.9 399 389 380 378.4 385.6 397.3 401.2 401.9 407.3 414.4 417.7 424.6 436.8 447.5 460.3 473.4 483.9 495.3 505.4 511.5 518.7 524.2 528.2 533.1 527.9 526.5 524.3 520 517.2 513.6 511.2 508.3 507.6 508 508.6 508.3 510.2 518.8 527.4 532.5 536.5 541.2 546.3 548.8 554 558.1 557.8 560.9 562.7 561.2 554.1 554.3 551.4 558.8 566 554.8 559.6 572.5 579.6 585.8 591.2 595 595.6 599.6
513.2 505.7 498.2 488.9 478.7 471.1 464.7 451.3 441.2 432.3 426 420.6 416.6 413 400.4 389.9 381.5 381.3 378.9 386.2 401.8 403.2 408.8 415.8 416.9 422.1 431.8 443.6 456 468.4 480.2 486.8 493.2 501.2 508.1 513.1 518 519.7 517.4 514.2 511.6 510.2 508.9 506.1 503.7 503.6 505.1 505.8 506 505.4 515.6 523.4 530.9 537.3 542.1 546.4 550.7 554.6 558.2 562.3 564.3 567.4 569.3 569.5 566.6 561.7 559.8 556 564 558.8 567 575.3 580.2 588.1 593.4 598.1 601.6 603.8
511.1 504.6 496.2 486.8 477.7 469.5 461.9 448.1 438.2 433.5 428.2 422.5 415.9 408 402 392.6 383.6 382.8 382.7 381 380.1 400.5 408.1 414.7 416.2 419.2 428 439.2 452.3 463.6 472.5 477.4 483.3 492.2 498.5 502.7 506.9 506.6 505.6 505.3 503.7 502.7 501.6 498.9 498.4 501.4 502.7 503.7 503.6 510.3 519.6 528.1 534.8 541.5 547.4 552.3 556.5 560.2 564 566.5 567.7 572.7 574.4 574.7 574.4 572.9 571.1 568.8 564.2 562 573 578 584.8 592 597.5 601.7 605.4 608.4
510 503.5 494.1 483.3 473.3 465.8 458.3 446.1 437.8 430.9 427.8 421.6 413.9 404.8 400.2 393.3 386.9 385.3 383.5 383.8 382.2 383.6 403 407.3 416 418.9 425 436.3 446.9 455.5 464.1 470.2 473.9 483.1 489 493.2 495.4 497.2 495.5 497.3 496.3 495.7 494.1 493.6 495.7 498.7 500.6 500.4 505.9 515.1 524.9 531.7 538.3 546.1 552.3 557.6 561.5 565.8 570.2 571.5 571.9 578.3 578.1 579.6 578.6 575.6 574.3 570 572.3 572.4 579.9 585.2 591.1 595.2 600.9 605 609.6 612.6
507.5 499.4 489 480.1 469.4 457.9 448.5 442.2 437.3 433.2 425.1 418.4 410.4 405 401.1 397.4 390.6 389.5 385.8 383.2 383.2 386.6 403.5 410 413.9 421.3 426.7 434.3 442.1 449.5 455.2 460.1 465.4 472.9 479.3 483.5 486.4 486.6 487 489.6 490.2 489.6 489.3 490.6 493.3 495.8 495.9 500.3 510.1 520.7 528.7 535.9 543.8 551.2 557.6 561.9 566.1 571.1 575.8 574.7 579.1 582.7 583.3 584.1 582.3 580.6 579.5 573.6 575.1 581.9 585.2 589.6 594.5 600.2 604.6 608.4 613.6 617.9
504.1 493.7 484.4 475.3 463.9 455.5 451.8 442.8 438 436.5 428.3 421.6 414.9 405.4 400.8 397.3 402.9 397.8 385.8 384.3 385.8 386.6 391.7 400.9 413.3 421.3 426.4 432.2 438 444 449 453.7 458.7 465 470.2 475.1 477.8 479.1 480.4 481.8 483.5 483 485.3 488.2 490.9 491.8 495.5 504.1 514.6 525.2 532.6 540.8 549.2 555.5 561.4 566.7 571.9 576.9 578.8 583.4 585 587.5 588.4 587.6 586.3 584.9 579.9 571.3 580.9 587.4 591.6 595.1 600 604.3 609.1 613.7 618.1 621.6
499 489.5 475.2 468.6 462.1 456.5 447.9 441.3 435.9 429.8 424.1 419.3 411.2 406.5 404.4 403.2 404.6 405 395.7 384 387.1 392.4 407.9 410.1 402.2 415.6 425.6 429.9 435.8 440.7 445.4 449.9 453.9 458.7 462.7 466.6 470.1 471.6 473.2 474.7 476.1 477.5 481.5 484.9 487 488.9 496.8 507 518.5 527.9 538.1 547.1 554.7 561 566.2 570.1 577.6 582.2 587.3 589.2 592.2 592.8 591.9 590.2 588.3 580.2 582.6 584 587.5 591.7 594.9 598.7 602.7 607.3 611.6 616.9 622.4 626.4
494.2 487.7 475.2 467 462.1 459.7 451.4 445.2 437.9 434.3 430.1 422.5 417 410.9 405.1 405.8 407.5 407.1 403.2 387.1 387.7 395.6 411.3 418.2 415.1 412 419.3 429.8 434.2 439 443.6 447.5 451.1 454.8 457.5 460.6 463.5 465.3 467 469 471.3 474.4 478.2 481.5 484.6 489.1 497.5 510.4 522 533.2 543.5 553 561.1 567.4 571.2 576.5 584.2 590 593.9 596.6 597.2 595.6 594.6 591.1 582.2 585.3 588.2 589.7 590.5 597 600.6 601.8 605.3 609.9 614.5 620.8 626.4 630.5
488.3 477.8 477.2 474 467.5 460 450.9 439.8 434.9 430.6 427 421.4 416.4 409.8 405.6 410.3 416.2 417.1 404.8 389.2 386.4 397.2 410.7 420 422.7 418.6 414.1 421.5 428 430.6 435.1 439.8 443.1 450 453.3 455.8 457.5 459.1 461.3 463.3 467.2 470.7 475.1 478.2 482.9 490.5 500.6 514.4 526.7 538.9 549.5 559.5 567.7 573.2 577.4 585.4 592.4 597.9 600.9 601.3 598.8 597.2 595.6 593.1 587 591.4 593.2 594.6 596.2 603.3 604 605.6 608.6 612.8 619.7 625.9 632 636.3
492.6 487.7 481.9 473.7 467.3 455.2 444.5 439.6 435.4 430.3 426.4 421 414.9 410.7 412.4 415.6 417.8 417.9 402.6 390.1 391.7 402.3 414.1 419.2 424.3 425 426.6 428.5 429.8 433.5 440.5 443 444.6 444.6 446.8 447.2 450.8 453.8 455.7 459.4 464.5 470.1 475 479.1 484.7 493.2 504.5 518.9 533.2 545 556.2 566.9 573.1 579.4 587.1 596.2 602 605.1 606.5 604 601.6 598.8 597.5 593.5 592.7 596.1 597.9 600.7 606.6 608 609.9 611.5 613.1 617.1 624.1 629.4 635.8 640.2
496.6 488.2 480.8 473.1 465 453.8 446.7 444.3 438.2 430.9 425.3 422.1 418.1 414.6 417 418.2 418.7 418.6 401.9 387.2 395.2 405.6 417.1 419.4 424.1 426.7 430.2 432.6 436.9 440.3 443.6 447.2 448.8 449.6 450.4 452.2 454 456.6 459.7 463.9 468.5 474.1 478.1 482.5 489 496.7 508.9 524.9 540.2 552.3 563.2 572.7 579.5 587.5 597.8 605.3 609.8 611.4 608.4 605.8 604.2 602.7 601.3 598.9 599.4 601.7 602.5 608.8 611.8 614.4 618.6 617.7 617.7 622.8 629 633.6 639.4 644.4
498.5 487.6 479.6 472.2 463.6 456.5 449.5 442.7 436.5 431.5 426.4 422.9 418.4 417.2 418.8 419.6 419.7 419.2 401.1 389.3 399.2 406.2 415.7 421.7 425.7 428.4 431.5 434.8 438.7 443 446.9 448.8 450.4 452.3 452.7 453.8 455.8 458.7 462.3 467 472.5 477 481.3 485.6 492.5 500.3 514.4 531.1 545.6 557.9 567.8 577.3 586 596.9 605.7 611.8 616.1 614.1 610.2 609.7 608.5 608 606.3 601.5 598.6 607.4 611.9 614.6 615.2 616.9 618.9 620.8 622.7 626.1 631.5 636.5 642.4 649.7
497.6 489.9 481.3 473 463.2 454.9 448.4 441.4 435.7 430.1 424.9 421.9 418.8 419.2 419.8 419.8 420.2 419.3 404.8 389.1 403.3 408.4 418.5 422 425.7 428.9 432.3 436.6 440.3 444.3 448.3 450.4 452.9 455.6 455.9 456.1 457.9 461.7 466.4 471.8 476.1 479.7 484.2 489 495.7 505.8 519.8 536 550.2 562.7 573.3 583 594 605.5 611.1 615.6 616.7 614.9 614.7 614.3 614.2 613.1 610.2 609.1 599.5 612.1 614.7 615.3 615.6 616 616.9 621.5 625 629.4 634.9 639.7 647.2 654
501.4 491 480.6 471.5 462.8 455.7 448.7 442.6 435.7 430.4 424.4 421.2 419.5 419.8 420.5 420.1 420.4 419.7 416.1 403.4 405.5 413.2 421.4 423.4 426.3 429.5 432.9 437.8 442.4 445.3 450.1 452.4 454.7 456.8 458 458.8 462 465.3 470.6 476.1 479.7 483.3 487.7 493.5 500.8 510.3 522.5 540.3 553.8 566.5 579.5 590.4 601.6 608.4 614.3 616.6 617 618 621.3 621.7 620.8 618.3 615.2 612.3 602 611.3 613 613.4 613.4 615.7 617.9 622.4 626 632.3 638 643.1 650.1 657.9
503.3 491.5 479.3 471 460.6 453.6 447.5 441.2 436.3 433.2 426.6 423.6 421.1 420.6 420.8 420.6 420.1 417.6 413.3 405.3 407.3 418 422.2 426.5 427.6 430.5 434.4 439 443.9 447.5 451.5 453.6 456 457.6 459.5 461.4 465 468.8 474.2 479.6 483.3 486.6 492.1 498.5 506.1 518.6 529.1 542.6 555.1 571.6 585.2 596.8 606 613.2 617.7 618.4 624.5 628.2 628.4 629.8 627.9 622.8 618.5 614.8 610.2 606.5 611.1 611.7 612.8 615.4 619.1 623.5 628.7 636.2 640.9 646.4 655 664.6
501.2 488.6 478.6 470.5 460.8 449.8 443 439.3 435 434.5 430.1 426.4 422.2 421.4 421.4 420.6 418.4 416.3 402.8 402.8 408.2 420.9 424 427.6 429.9 433 436.5 440.7 445.5 449.5 453.7 456.6 458.3 459.2 462.2 464.8 466.7 471.3 477.7 481.9 485.7 489.9 495.7 502.3 515.2 526.6 536.3 546.9 563.2 578.6 591.3 601.7 610.3 618 620.9 630.3 635.5 635.8 638.4 638.1 636.6 628.2 622.5 616.5 613.4 610.9 610.6 612.3 611.7 616.2 621.9 626.3 632.3 639.6 645.1 650.6 659 670.8
