UK/data/nc/nc36_OST50GRID_20230518/NC36.asc
ncols 200
nrows 200
xllcorner 230000
yllcorner 960000
cellsize 50
[rows 0 to 35 of 200, columns 81 to 161 of 200]
145.5 147.6 144.7 143.7 146.6 149.9 150.1 153.8 158.3 163 166.7 170.5 172.4 178.8 190.1 200.3 210.6 215.4 211.9 206 195.1 189.1 179.2 177.8 173.8 168.8 164.5 162.6 161.1 155.7 152.9 147.1 146.2 144.9 142.6 138.9 127.9 115.8 101.7 84.9 69.7 48.6 38 29.8 15 2.3 -1.7 -1.7 -1.7 -1.7 -1.7 -1.7 -1.7 -1.7 -1.7 -1.7 -1.7 -1.7 -1.7 -1.7 -1.7 -1.7 -1.7 -1.7 -1.7 -1.7 -1.7 -1.7 -1.7 -1.7 -1.7 -1.7 -1.7 -1.7 -1.7 -1.7 -1.7 -1.7 -1.7 -1.7 -1.7
155.2 150.1 146.6 146.1 148.5 150.1 151 155.6 165.6 168.3 172.1 172.2 172.7 175.6 180.5 194.7 205.5 214.5 208.5 195.5 191.1 188.5 177.3 177 174.3 169.7 162.4 158.8 150.4 145.4 141.2 140.1 142.7 142.4 142 137.3 119.5 109.3 98.9 86.8 72.3 54.1 31.8 19.1 3.4 -1.7 -1.7 -1.7 -1.7 -1.7 -1.7 -1.7 -1.7 -1.7 -1.7 -1.7 -1.7 -1.7 -1.7 -1.7 -1.7 -1.7 -1.7 -1.7 -1.7 -1.7 -1.7 -1.7 -1.7 -1.7 -1.7 -1.7 -1.7 -1.7 -1.7 -1.7 -1.7 -1.7 -1.7 -1.7 -1.7
155.3 151 150.1 153.3 160.1 153.5 155.7 160.6 165.7 170.3 171.1 172.1 173.6 175.6 180.8 186.9 191.1 201.2 196.7 190.7 187.5 178.1 175.3 175.6 174.5 161.6 153.1 144.8 141.6 138 136.8 136.6 137.9 140.9 137.6 127.3 122.2 107.3 96.4 84.2 75.9 59.4 36.3 16.3 0.9 -1.7 -1.7 -1.7 -1.7 -1.7 -1.7 -1.7 -1.7 -1.7 -1.7 -1.7 -1.7 -1.7 -1.7 -1.7 -1.7 -1.7 -1.7 -1.7 -1.7 -1.7 -1.7 -1.7 -1.7 -1.7 -1.7 -1.7 -1.7 -1.7 -1.7 -1.7 -1.7 -1.7 -1.7 -1.7 -1.7
153.8 152 158.9 166.8 160.9 158.6 160 158.8 160.2 162.3 167.7 171.3 171.8 174.9 180.8 184.3 186.1 186 177.6 177.1 176.9 176.3 175.7 172.4 159.8 151.6 144.6 142.2 138.8 133.2 132.2 132 130.7 133.5 129.8 126.8 117.8 109.5 94.3 82 72.4 52.3 34.3 12.9 0.5 -1.7 -1.7 -1.7 -1.7 -1.7 -1.7 -1.7 -1.7 -1.7 -1.7 -1.7 -1.7 -1.7 -1.7 -1.7 -1.7 -1.7 -1.7 -1.7 -1.7 -1.7 -1.7 -1.7 -1.7 -1.7 -1.7 -1.7 -1.7 -1.7 -1.7 -1.7 -1.7 -1.7 -1.7 -1.7 -1.7
152.2 151.7 155 155.4 156.5 155.8 152.8 152.4 155.1 158.1 160.8 165.3 170.1 175.9 176.4 177.4 180.8 174.2 166.6 169.6 169.9 171.3 169.6 160.5 156 153.6 149.8 142.8 136.2 132.5 130.8 127.1 122.6 119 118 115 104.9 100.8 89.9 74.5 60.4 43.8 26.5 0.9 -1.7 -1.7 -1.7 -1.7 -1.7 -1.7 -1.7 -1.7 -1.7 -1.7 -1.7 -1.7 -1.7 -1.7 -1.7 -1.7 -1.7 -1.7 -1.7 -1.7 -1.7 -1.7 -1.7 -1.7 -1.7 -1.7 -1.7 -1.7 -1.7 -1.7 -1.7 -1.7 -1.7 -1.7 -1.7 -1.7 -1.7
146.7 143.7 143.7 145 143.9 143.9 145.8 147.4 150.5 155.1 157.3 162.9 166.5 171.2 173.3 171.6 170 163.2 163 164.6 163.9 161.5 159.9 157.8 155.6 154.3 148.6 140.8 134.6 131.8 128.8 125.6 118.9 112.8 107.1 100.8 93.4 83.1 74.9 68.6 57.4 34.8 17.7 -1.7 -1.7 -1.7 -1.7 -1.7 -1.7 -1.7 -1.7 -1.7 -1.7 -1.7 -1.7 -1.7 -1.7 -1.7 -1.7 -1.7 -1.7 -1.7 -1.7 -1.7 -1.7 -1.7 -1.7 -1.7 -1.7 -1.7 -1.7 -1.7 -1.7 -1.7 -1.7 -1.7 -1.7 -1.7 -1.7 -1.7 -1.7
142.7 141.1 139.9 138.1 138.1 139.1 142.3 144.5 147.8 151.2 156.2 162.8 164.5 166.5 168.5 166.2 162.5 161.1 161.3 161.2 158.9 155.8 155.3 152.6 150.5 149.8 144.3 135.5 132.3 128.7 125.3 120.2 115.6 111.6 103.7 95.5 85.1 72.2 64.4 57 48.4 28.4 -1.7 -1.7 -1.7 -1.7 -1.7 -1.7 -1.7 -1.7 -1.7 -1.7 -1.7 -1.7 -1.7 -1.7 -1.7 -1.7 -1.7 -1.7 -1.7 -1.7 -1.7 -1.7 -1.7 -1.7 -1.7 -1.7 -1.7 -1.7 -1.7 -1.7 -1.7 -1.7 -1.7 -1.7 -1.7 -1.7 -1.7 -1.7 -1.7
143 142.3 140.5 138.1 138.1 138.1 143.1 146.7 148.5 152.1 155.9 160.9 163.8 165.8 168.2 165.9 161.4 160.1 160.1 160.9 157 154.5 149.7 144.6 141.8 137.7 132.9 131.3 126.5 122.8 117.6 114 112.6 104.4 101.1 92 80.8 67.8 61 47.8 31.4 2.3 -1.7 -1.7 -1.7 -1.7 -1.7 -1.7 -1.7 -1.7 -1.7 -1.7 -1.7 -1.7 -1.7 -1.7 -1.7 -1.7 -1.7 -1.7 -1.7 -1.7 -1.7 -1.7 -1.7 -1.7 -1.7 -1.7 -1.7 -1.7 -1.7 -1.7 -1.7 -1.7 -1.7 -1.7 -1.7 -1.7 -1.7 -1.7 -1.7
140.7 142.1 138.6 138.1 138.4 144.1 145.2 147.7 149.5 154.4 161.6 164.7 165.6 166.8 165.3 160.6 159.1 158.6 158.6 157.4 156.5 152.7 143 137 131.3 128.6 127.1 124.4 120.2 114.5 109.8 107.6 102.5 96.5 94.4 86.4 73.8 62 54 43.5 35.9 22 0.4 -1.7 -1.7 -1.7 -1.7 -1.7 -1.7 -1.7 -1.7 -1.7 -1.7 -1.7 -1.7 -1.7 -1.7 -1.7 -1.7 -1.7 -1.7 -1.7 -1.7 -1.7 -1.7 -1.7 -1.7 -1.7 -1.7 -1.7 -1.7 -1.7 -1.7 -1.7 -1.7 -1.7 -1.7 -1.7 -1.7 -1.7 -1.7
136.2 137.1 138.8 139.4 149.4 150.4 149.9 149.8 156.4 158.7 163.4 166 165.8 165.2 159.7 157.4 156.9 157.2 158.6 159.9 154.1 146.3 136.3 129.4 126 123.3 121.7 116.5 110 106.2 104.2 100.5 96.3 91.2 79.4 72.1 67.9 62.9 57 51.6 35.6 23 2.3 -1.7 -1.7 -1.7 -1.7 -1.7 -1.7 -1.7 -1.7 -1.7 -1.7 -1.7 -1.7 -1.7 -1.7 -1.7 -1.7 -1.7 -1.7 -1.7 -1.7 -1.7 -1.7 -1.7 -1.7 -1.7 -1.7 -1.7 -1.7 -1.7 -1.7 -1.7 -1.7 -1.7 -1.7 -1.7 -1.7 -1.7 -1.7
133.5 134.8 136.8 150 157.3 157.3 154.6 158.9 159.9 157.5 163.5 159.2 156.3 151.6 151.8 153.6 155.9 158.7 160.9 156.9 148.2 137.9 130.9 126.6 123.2 123.3 118.7 108.6 103.4 101.9 100.5 98.1 92.3 82.8 74.4 69.9 67.5 69.9 60.4 49.4 35.4 20 2 -1.7 -1.7 -1.7 -1.7 -1.7 -1.7 -1.7 -1.7 -1.7 -1.7 -1.7 -1.7 -1.7 -1.7 -1.7 -1.7 -1.7 -1.7 -1.7 -1.7 -1.7 -1.7 -1.7 -1.7 -1.7 -1.7 -1.7 -1.7 -1.7 -1.7 -1.7 -1.7 -1.7 -1.7 -1.7 -1.7 -1.7 -1.7
131.6 134.4 138.6 154.1 158.6 158.7 158.8 154.6 152.8 152.6 149.7 149.4 147.7 146.1 148.1 154 158.6 161.1 160.3 152.7 143 135.7 129.9 122.7 119.6 116.5 108.8 102.3 99.5 100 99.6 96.4 85.6 78.7 74.5 68.4 66 64.9 64.3 48.7 34.1 18.8 -1.7 -1.7 -1.7 -1.7 -1.7 -1.7 -1.7 -1.7 -1.7 -1.7 -1.7 -1.7 -1.7 -1.7 -1.7 -1.7 -1.7 -1.7 -1.7 -1.7 -1.7 -1.7 -1.7 -1.7 -1.7 -1.7 -1.7 -1.7 -1.7 -1.7 -1.7 -1.7 -1.7 -1.7 -1.7 -1.7 -1.7 -1.7 -1.7
130.6 135.5 141.4 147.2 153 156.5 153.2 149.1 148.4 146.5 144.7 143.9 143.2 144.8 150.5 154 158.3 161 158.8 147.3 140.7 136.1 127.2 118.1 113.4 107.3 100.7 98.4 96.3 96.8 96.4 93.8 80.8 77.1 71.2 65.4 61.9 63.9 56.6 43 30.2 -1.7 -1.7 -1.7 -1.7 -1.7 -1.7 -1.7 -1.7 -1.7 -1.7 -1.7 -1.7 -1.7 -1.7 -1.7 -1.7 -1.7 -1.7 -1.7 -1.7 -1.7 -1.7 -1.7 -1.7 -1.7 -1.7 -1.7 -1.7 -1.7 -1.7 -1.7 -1.7 -1.7 -1.7 -1.7 -1.7 -1.7 -1.7 -1.7 -1.7
130 138.5 142.4 142.5 143.5 144.2 145.6 146.6 144.8 142.7 142.5 141.7 142.6 144.7 149.4 154 158.2 162.4 156.5 148.9 143.1 133.6 124.3 119.3 114.3 105.2 99.2 95.9 94.5 92 86.6 78.6 76.5 74.4 68.4 64 56.3 54.6 44.7 36.1 -1.7 -1.7 -1.7 -1.7 -1.7 -1.7 -1.7 -1.7 -1.7 -1.7 -1.7 -1.7 -1.7 -1.7 -1.7 -1.7 -1.7 -1.7 -1.7 -1.7 -1.7 -1.7 -1.7 -1.7 -1.7 -1.7 -1.7 -1.7 -1.7 -1.7 -1.7 -1.7 -1.7 -1.7 -1.7 -1.7 -1.7 -1.7 -1.7 -1.7 -1.7
129.4 137.2 138.4 138.9 139.2 140.4 142.7 143.8 140.2 140.5 140.2 141.9 142.9 142.9 147.9 154.1 159.6 155.4 151.1 152.8 153.6 143 133.5 123.8 115.1 107.1 101.6 95.5 91.3 86.5 78.3 72.4 70.4 72.1 65.4 57.9 47.4 39 33.4 4.4 -1.7 -1.7 -1.7 -1.7 -1.7 -1.7 -1.7 -1.7 -1.7 -1.7 -1.7 -1.7 -1.7 -1.7 -1.7 -1.7 -1.7 -1.7 -1.7 -1.7 -1.7 -1.7 -1.7 -1.7 -1.7 -1.7 -1.7 -1.7 -1.7 -1.7 -1.7 -1.7 -1.7 -1.7 -1.7 -1.7 -1.7 -1.7 -1.7 -1.7 -1.7
127.6 132.2 134.1 135.3 135.6 136.3 137.4 137.2 136.8 137.5 140.3 142.5 143.3 142.9 146.9 151.7 153.5 151.5 151.4 156.7 154.8 147.8 142.6 132.2 115 109.5 102.6 96.1 90.2 80.5 74.3 69.3 67.7 67.1 67.3 57.7 42.3 34.4 20.4 8.6 -1.7 -1.7 -1.7 -1.7 -1.7 -1.7 -1.7 -1.7 -1.7 -1.7 -1.7 -1.7 -1.7 -1.7 -1.7 -1.7 -1.7 -1.7 -1.7 -1.7 -1.7 -1.7 -1.7 -1.7 -1.7 -1.7 -1.7 -1.7 -1.7 -1.7 -1.7 -1.7 -1.7 -1.7 -1.7 -1.7 -1.7 -1.7 -1.7 -1.7 -1.7
124.7 128.4 130.6 131 131.9 132.2 132.7 132.4 136.1 139.8 142.8 142.5 143.6 144.4 146.3 148.4 149.7 152 160 159.5 153.7 149 135.2 123.6 115.4 108.6 104.2 99.2 96 89.9 74.7 73.8 68.7 69.7 63.1 50.2 39.2 22.7 21.6 19.4 -1.7 -1.7 -1.7 -1.7 -1.7 -1.7 -1.7 -1.7 -1.7 -1.7 -1.7 -1.7 -1.7 -1.7 -1.7 -1.7 -1.7 -1.7 -1.7 -1.7 -1.7 -1.7 -1.7 -1.7 -1.7 -1.7 -1.7 -1.7 -1.7 -1.7 -1.7 -1.7 -1.7 -1.7 -1.7 -1.7 -1.7 -1.7 -1.7 -1.7 -1.7
123.5 125 125.8 126.9 128.2 128.2 127.9 131.6 135.7 140.3 139.8 141.2 142.4 144.2 147.7 148.9 150.7 157.8 160.8 156.1 151.8 140 128.3 124.6 117.1 120.5 116.6 106.2 100.6 86.7 81.4 72.8 79.7 74.1 65.3 44.9 32.9 36.6 30.9 19.1 2.3 -1.7 -1.7 -1.7 -1.7 -1.7 -1.7 -1.7 -1.7 -1.7 -1.7 -1.7 -1.7 -1.7 -1.7 -1.7 -1.7 -1.7 -1.7 -1.7 -1.7 -1.7 -1.7 -1.7 -1.7 -1.7 -1.7 -1.7 -1.7 -1.7 -1.7 -1.7 -1.7 -1.7 -1.7 -1.7 -1.7 -1.7 -1.7 -1.7 -1.7
120.5 123 122.9 123.1 123.2 123.3 126.7 132 132.8 134.4 137.1 140.8 143.2 147.2 153.7 151.5 156.8 159 157.4 153.5 148.9 130.6 124.6 122.7 132.4 128.5 120.1 115.9 104.4 92.8 79.8 76.5 86.2 79 62.9 43.4 40.3 42.2 33.8 21.3 20.6 13.4 2.7 -1.7 -1.7 -1.7 -1.7 -1.7 -1.7 -1.7 -1.7 -1.7 -1.7 -1.7 -1.7 -1.7 -1.7 -1.7 -1.7 -1.7 -1.7 -1.7 -1.7 -1.7 -1.7 -1.7 -1.7 -1.7 -1.7 -1.7 -1.7 -1.7 -1.7 -1.7 -1.7 -1.7 -1.7 -1.7 -1.7 -1.7 -1.7
117.1 119.7 120 119.6 119.6 119.7 125.7 127.1 128.5 131.5 136 143.4 146.7 155.4 154.9 156.4 160.1 158.2 154.4 152.1 143.7 130.5 125.3 131.5 134 129.6 127.7 116.5 104 94.4 78.2 77.8 81.5 76.5 50.9 43.4 41.3 39.1 29.3 25.6 22.4 18.5 16.1 -1.7 -1.7 -1.7 -1.7 -1.7 -1.7 -1.7 -1.7 -1.7 -1.7 -1.7 -1.7 -1.7 -1.7 -1.7 -1.7 -1.7 -1.7 -1.7 -1.7 -1.7 -1.7 -1.7 -1.7 -1.7 -1.7 -1.7 -1.7 -1.7 -1.7 -1.7 -1.7 -1.7 -1.7 -1.7 -1.7 -1.7 -1.7
112.8 114.1 116.6 117.4 116.8 118.9 122.6 123.4 125.3 129.1 138.9 146 152.4 154.5 155.8 159.4 159 156.3 154.2 148.4 135.7 127.3 129.7 132.4 131.6 132.3 125.5 112.1 103 80.3 76.2 75 72.6 55.6 45.8 43.5 44.5 37.8 30.9 28.5 22.4 19.4 -1.7 -1.7 -1.7 -1.7 -1.7 -1.7 -1.7 -1.7 -1.7 -1.7 -1.7 -1.7 -1.7 -1.7 -1.7 -1.7 -1.7 -1.7 -1.7 -1.7 -1.7 -1.7 -1.7 -1.7 -1.7 2.6 12.5 -1.7 -1.7 -1.7 -1.7 -1.7 -1.7 -1.7 -1.7 -1.7 -1.7 -1.7 -1.7
108.9 110 113.6 114.2 111.7 116.2 118 120.4 123.2 128.7 141 143.4 146.7 150.9 155.1 158.5 157.5 156.5 152.1 138.1 128.7 128.2 130.2 131 132.2 129.1 121.5 111.8 102.4 76.4 73.9 74.9 57.7 52.8 43.5 45.2 44.4 36.9 32 28.6 22.2 -1.7 -1.7 -1.7 -1.7 -1.7 -1.7 -1.7 -1.7 -1.7 -1.7 -1.7 -1.7 -1.7 -1.7 -1.7 -1.7 -1.7 -1.7 -1.7 -1.7 -1.7 -1.7 -1.7 -1.7 -1.7 -1.7 1.9 9.8 -1.7 -1.7 -1.7 -1.7 -1.7 -1.7 -1.7 -1.7 -1.7 -1.7 -1.7 -1.7
104.9 105.9 108.7 109.3 107.4 112.1 114.2 118.3 121.6 129.9 135.8 138.6 143.2 149.3 155.4 158.6 158.2 155.5 150.6 132.2 129.5 129.8 131.5 132.9 131.5 125.2 117.6 108.8 95.2 73.7 71.3 63.4 56.1 46 42.2 42.6 41.2 36.9 33.6 24.8 18.7 -1.7 -1.7 -1.7 -1.7 -1.7 -1.7 -1.7 -1.7 -1.7 -1.7 -1.7 -1.7 -1.7 -1.7 -1.7 -1.7 -1.7 -1.7 -1.7 -1.7 -1.7 -1.7 -1.7 -1.7 -1.7 -1.7 -1.7 8.3 -1.7 -1.7 -1.7 -1.7 -1.7 -1.7 1.1 -1.7 -1.7 -1.7 -1.7 -1.7
100.5 100.1 101.4 102.7 105.8 109.1 111.8 115.7 120.5 126.6 131.6 135.4 140.6 151.5 156.4 158.6 158.5 154.7 144.4 134.2 137.5 136.1 138.8 132.1 127.8 122.6 115.6 107 91.2 72.8 68.2 60.2 53.1 43.5 41.3 40.4 40.8 37.7 29.6 22.1 2.3 14.3 -1.7 -1.7 -1.7 -1.7 -1.7 -1.7 -1.7 -1.7 -1.7 -1.7 -1.7 -1.7 -1.7 -1.7 -1.7 -1.7 -1.7 -1.7 -1.7 -1.7 -1.7 -1.7 -1.7 -1.7 -1.7 -1.7 1.9 0.3 -1.7 -1.7 6.7 3.5 2.2 3.8 -1.7 7.5 -1.7 -1.7 -1.7
95.8 95.5 97.7 100.1 102.7 104.5 106.7 111.4 118.3 123.7 128.5 133.1 141 148.8 156.2 157.9 157.3 153.4 141.9 139.3 139.4 139.8 140 131.9 128.7 120.8 114 99.1 77.1 65.3 59.5 52.9 47.7 42.9 40.8 38.3 41.6 35.4 26.5 26.8 24 11.5 -1.7 -1.7 -1.7 -1.7 -1.7 -1.7 -1.7 -1.7 -1.7 -1.7 -1.7 -1.7 -1.7 -1.7 -1.7 -1.7 -1.7 -1.7 -1.7 -1.7 -1.7 -1.7 -1.7 -1.7 -1.7 -1.7 1.8 0.4 -1.7 9.3 17.8 16.4 11.2 13.4 24.1 23.1 23.1 -1.7 -1.7
94.4 95.3 96.1 97.6 98.7 100.2 103.3 107.8 114.7 120.1 126 132.2 136.2 146.2 154.3 156.1 153.7 145.9 140.3 140.1 140.8 141.1 137.2 131.1 124.8 117.9 108.6 96.2 74.4 61 55 49.3 43.5 41.4 37.4 36.9 38 31.1 34.9 30.3 21.9 -1.7 -1.7 -1.7 -1.7 -1.7 -1.7 -1.7 -1.7 -1.7 -1.7 -1.7 -1.7 -1.7 -1.7 -1.7 -1.7 -1.7 -1.7 -1.7 -1.7 -1.7 -1.7 -1.7 -1.7 -1.7 -1.7 -1.7 2.8 2.3 1.7 18.4 18.7 23.4 23.7 27 30.3 29.9 32.2 31.7 -1.7
92.9 93.7 94.5 95.3 94.7 97.4 100.5 103.9 109.6 116.4 123.6 129 132.3 143.5 150.2 150 147.9 139.8 139.1 140.6 141.2 140.6 133.9 126.5 121 115.3 101.9 87.3 68.9 57.8 49.6 43 41.4 38.6 36.6 36 34.8 40.5 37.6 28.3 17.5 1.2 -1.7 -1.7 -1.7 -1.7 -1.7 -1.7 -1.7 -1.7 -1.7 -1.7 -1.7 -1.7 -1.7 -1.7 -1.7 -1.7 -1.7 -1.7 -1.7 -1.7 -1.7 -1.7 -1.7 -1.7 -1.7 -1.7 12.6 4.7 9.6 18.4 21.8 27.7 29.2 33.5 35.7 35.9 38.2 38.1 34.2
91.2 91.9 92.8 92.3 93.2 95.1 98.1 100.8 104.5 110.9 116.1 122.3 128.6 138.3 144.2 146.1 141.3 137.4 137.7 139.9 140.8 136.9 128.9 123.2 119 112.8 99.2 85.4 70.3 49.8 44.6 47.6 40.4 36.9 36.5 36.1 40.8 43.9 37.1 24.7 15 1.4 -1.7 -1.7 -1.7 -1.7 -1.7 -1.7 -1.7 -1.7 -1.7 -1.7 -1.7 -1.7 -1.7 -1.7 -1.7 -1.7 -1.7 -1.7 -1.7 -1.7 -1.7 -1.7 -1.7 -1.7 -1.7 -1.7 15.2 11 11.7 23.6 33.7 30.1 33.4 37.7 40.5 41 42.4 43.1 40.2
88.8 90.1 91 92 93 93.9 95.2 98.2 100.6 103.7 109 113.5 122.8 129.8 137.5 135.7 132.9 132.7 134.3 135.2 136.6 131 125.7 120.1 115.6 106.8 94.9 83.6 66.4 48.1 44.7 39.9 37.7 36.7 36.5 40.1 46 42.7 33.1 20.5 8.2 1.4 -0.1 -1.7 -1.7 -1.7 -1.7 -1.7 -1.7 -1.7 -1.7 -1.7 -1.7 -1.7 -1.7 -1.7 -1.7 -1.7 -1.7 -1.7 -1.7 -1.7 -1.7 -1.7 -1.7 -1.7 -1.7 6.1 14.2 10.6 14.2 33 34.4 33.1 37.3 41.5 44 45.4 46.2 46.3 43.2
89.2 90.6 91.8 91.9 93 93.8 93.6 94.6 96.7 98.9 100.1 104 110.8 117.9 125 126.2 125.3 124.2 124.4 126.9 127.8 124.9 120.3 114.5 106.9 97.8 84.1 74.4 54 44.9 40.2 37.6 36.6 37 38.5 45.3 47.2 38.1 27.5 17.4 10 1.6 0.3 -0.6 -1.7 -1.7 -1.7 -1.7 -1.7 -1.7 -1.7 -1.7 -1.7 -1.7 -1.7 -1.7 -1.7 -1.7 -1.7 -1.7 -1.7 -1.7 -1.7 -1.7 -1.7 -1.7 -1.7 14.6 12.1 10.4 17.1 38.9 32.2 34.1 40.7 44.7 47 48.8 49.4 48.8 47
88 89.9 91.7 92.5 93 93 92.6 92.3 92.3 94.1 94.7 97.5 100.5 109.8 112.2 115.2 116.4 116.4 115.8 116.3 116.4 115 112.3 101.9 93.6 85.9 75.5 63.6 49.8 42.1 40.7 38 37.9 40.8 47.6 49.2 43.9 33.1 23 13.8 7.3 1.5 0.4 -0.6 -1.7 -1.7 -1.7 -1.7 -1.7 -1.7 -1.7 -1.7 -1.7 -1.7 -1.7 -1.7 -1.7 -1.7 -1.7 -1.7 -1.7 -1.7 -1.7 -1.7 -1.7 -1.7 -1.7 15.6 11.8 10.9 15 35.1 31.8 38.1 44.5 47.5 49.8 52 52.2 51.4 49.7
86.1 88.9 92.2 94.2 93.8 92.6 92.3 91.2 89.8 90.1 90.9 91.1 91.1 90.6 97.7 100.3 101.8 107.3 109.4 110.1 107 103.5 99.1 87.5 81.9 76.8 68.7 58.3 46.4 44.5 44.7 44.7 47 47.6 49.5 44.3 37.4 27.7 18.3 10.7 1.7 1.4 0.3 -0.7 -1.7 -1.7 -1.7 -1.7 -1.7 -1.7 -1.7 -1.7 -1.7 -1.7 -1.7 -1.7 -1.7 -1.7 -1.7 -1.7 -1.7 -1.7 -1.7 -1.7 -1.7 -1.7 4 12 13 12.7 16.1 33 32.8 39.8 46.5 50.3 53.1 54.8 54.7 53.7 51.4
83.7 88.3 92.3 95.2 94.8 92.1 90.5 89.1 88.3 87.4 88.6 85 83.5 83.5 84.2 84.6 86.5 96 100.2 101 95.8 87 83.6 81.8 77.1 69.1 61.9 51.7 48.6 50.9 50.7 53.3 52.8 51.6 45.7 38.9 31.5 22.2 13.7 1.8 0.1 0.3 0.2 -0.8 -1.7 -1.7 -1.7 -1.7 -1.7 -1.7 -1.7 -1.7 -1.7 -1.7 -1.7 -1.7 -1.7 -1.7 -1.7 -1.2 -1 -1.1 -1.2 -1.2 -1.3 -1.7 2.3 10.8 12.2 12.2 21.4 31.1 35.2 42.6 48.2 52.7 55.6 56.6 56.1 55.4 53.5
82.8 88.7 91.6 92.8 91.9 90.6 89.8 89.1 87.3 85.2 84.4 81.3 77.7 76.9 76.9 77.5 77.7 81.8 87.5 89.2 87.8 83 80.2 78.1 74.9 63.7 55 52 55.9 54.7 55.7 58 56.2 49 39.9 32.6 23.6 14.8 -1.7 -1.7 -1.7 -1.7 -0.9 -1 -1.7 -1.7 -1.7 -1.7 -1.7 -1.7 -1.7 -1.7 -1.7 -1.7 -1.7 -1.7 -1.7 -1.7 -1.1 -0.8 -0.4 -0.3 -0.3 -0.4 -0.5 -0.6 1.3 6.5 10.7 12.5 31.1 30 41.1 45.6 50.7 54.5 56.6 58 57 55.8 54.5
84.4 86.6 88 89.3 88.7 88.1 87.8 87 84.4 82.4 80.5 76.8 75 71 69.7 69.4 69.2 68 70.7 76.9 79.5 77.2 75 73.9 70.7 61.8 55.2 58.5 57.1 55.8 58.6 56.3 50.3 40.4 31.1 22 8.9 -1.7 -1.7 0.5 -1.7 -1.7 -1.7 -1.7 -1.7 -1 -1.7 -1.7 -1.7 -1.7 -1.7 -1.7 -1.7 -1.7 -1.7 -1.7 -1.3 -1.1 -0.8 -0.4 -0.1 0.3 0.5 0.4 0.4 0.4 1.5 9 10.9 19.4 31.7 32.4 40.9 46.9 51.7 55.4 58 58.4 57.2 54.2 52.4
76.4 79.9 83 84.2 83.8 83.7 83.6 83.1 80.5 75.3 73.9 72.9 72.7 66.9 65 63.5 61.1 59.3 57.5 58.3 64.8 65.4 65.3 66.1 62.7 58.3 58.4 57 54.1 53.7 50.6 43.9 35.9 27.1 13.3 5.1 4.6 -1.7 3.2 9.1 4.9 18 -1.7 14.2 1.8 -0.1 -1.7 -1.7 -1.7 -1.7 -1.7 -1.7 -1.7 -1.7 -1.4 -1.2 -0.9 -0.7 -0.4 -0.1 0.3 0.6 1 1.3 1.2 1.4 2.2 10.9 13.4 26.5 30.3 32.6 38.7 47.5 52.7 56.4 58 57.9 55.1 51.6 49.2
