UK/data/nn/nn59_OST50GRID_20230518/NN59.asc
ncols 200
nrows 200
xllcorner 250000
yllcorner 790000
cellsize 50
[rows 35 to 69 of 200, columns 78 to 155 of 200]
553.5 545.7 533.5 522 515.2 510.6 508 495.3 502 509.2 515.5 519.8 527 536.4 545.5 557 568.3 584.8 599.8 615 634 659.9 688.6 712.7 734.9 754.5 780 804.9 825.9 847.9 864.9 876.4 885.5 894.1 894.8 889.9 882.5 875.7 870.4 864 854.6 845.2 840.6 836.7 835.3 835.1 836.9 840.6 844.1 834.8 850.2 859.8 864.1 870 874.6 876.9 874.2 867 859.7 851.7 849.5 821.6 793.5 773.7 758.6 740 723.2 702.7 672.8 659.2 647.6 621 607.9 583.2 572 567 565.4 562.9
545.9 536.6 526.4 518.4 512 506.9 496.6 496.5 505.4 509.5 516.3 524.2 532.7 541.8 550.3 562.2 573.9 590.5 605.1 622.4 642.9 667.5 698.1 720.8 741.7 762 786.6 808.1 826.2 845.3 859.9 869.3 878.1 884.2 883 875.6 867.6 858.5 854.2 847.6 839.3 830.5 827.8 826.5 825.7 826.7 829.7 833.2 838.2 839.4 854 862.8 869.6 876.7 882.6 882.9 880.5 876.2 872.9 866.3 862.5 850.8 814.9 801.6 775.7 754.3 738.3 716.9 687.5 676.4 662.8 645.9 632.8 602 581.7 575 567.2 561.8
540.8 531 521.5 515 509.6 504 492.2 502.3 505 507.5 517.6 525.1 533.1 541.4 554 566.2 579.5 597.6 613.7 633.5 654.3 683.8 706.4 729.7 747.3 767.4 788.2 808 824.8 838.5 850.5 858.4 863.2 866 865.8 858.1 851.9 842.7 838.4 832.5 824.8 819.2 815.9 815.9 817.4 820.6 824.1 828.1 834.8 844.3 855 863.7 871.7 879.3 884.9 886.9 884.4 880.9 878.8 874.8 871.8 865.1 850.8 835 798 775.4 754.4 732.3 714.8 691.1 675.8 660.8 650.4 623 597.7 578.4 568.3 562.6
537 526.6 518.3 515.2 505.8 496.4 488.7 498.6 501.9 510 521.8 528 537.7 547.7 559.6 572.1 588.9 610.7 629.4 645.7 669.1 699 716.1 733.6 751.2 769.6 790.9 805 817.6 829.2 837.7 843.5 846.1 847.9 846.9 842.6 836.7 830.3 825.8 816.3 810.2 805.6 804.4 807.3 810.9 815.8 819.7 824.9 832.8 844 853.9 864 872.1 879.7 884.5 885.8 885.2 883.2 882 880.2 876.8 872.4 865.5 855.2 827.1 799.1 770.1 749.1 729.4 707.4 691.6 675.8 659.3 635 608.9 585.1 575.6 563.9
530.8 524.1 514.8 512 505.4 495.2 487.4 495.1 502.3 512.9 521.3 531 538.8 550.9 564 579.6 601.2 621.1 643.2 657.8 683.1 706 721.4 735.3 751.9 771.9 788.2 798.8 807.8 817.5 823.8 828.3 830.9 831.6 830 826.7 822.3 814.5 808.9 802.2 798.4 794.4 795.5 799.6 805.9 811.1 817 823.6 833.3 842.4 853.7 862.6 872.5 878.8 882.9 884 884.3 883.9 884.1 883.4 880.1 876.6 870.6 862.8 851.6 828.9 793.8 765.6 752.7 723 708.2 686.6 666.3 642.3 617.2 590 577.3 560.4
527.7 519.1 512 506.8 498.1 493.1 484.8 494.1 503.6 514.3 523.2 532.3 542.2 553 568.4 588.9 611.8 640.3 656 672.2 698.1 714.3 726 741.1 752.7 771.1 784.7 790.6 798.1 805 810.2 813.4 815.6 814.1 811.3 809.8 806.5 800.2 794.3 790.2 786.3 786 787.8 794.7 802 809.1 815.6 825.3 835.4 844 854.7 863.9 873.6 879.1 881.8 882.9 883.1 883.3 885 883.7 881 877.8 871.6 864.7 855.8 844.7 821.1 797.7 775.1 737.8 714 689.3 669.7 641 617.2 592 575.6 556
524.8 518 508.7 499 494.2 488.5 483.8 491 503.9 512.8 522.6 532.4 543.9 557.5 575.5 601.8 623.7 655.9 668.6 684.3 710.4 726.1 731 745.5 755.8 767.4 776.2 781.2 787.5 790.4 794.9 797.2 797.6 797.8 796.1 793.4 788.6 785.8 783 776.9 774.9 775.9 783.1 791.7 800.5 808.6 818.1 828.4 838.7 845.8 856.2 867.3 875.4 878.7 880 880.7 881 882.1 882.9 881.6 878.7 875.4 870.4 865.1 857.8 846.6 832.5 818.9 773.5 739.8 713.8 687.1 665.2 641.8 617.4 590.6 570.9 551.5
522.6 511.9 502.3 494.7 490.2 482.8 483.7 491.3 500.6 511 521.1 532 545.5 562 584.5 612.7 637.6 667.2 684.1 697.3 720.5 732.9 740.1 749.8 754.6 756.6 762 765.7 771.3 775.4 776.6 779.9 781.3 780.4 781.4 779.8 777.2 771 768.3 764.5 761.4 770.5 780.9 790 800.3 811.4 822.6 834 842.9 848.5 860.1 867.9 872.6 873.8 875.1 876.8 877.9 879.2 880.5 879.3 876.4 872.6 869.1 864.9 856.7 845.6 831.9 802.3 762.1 731.6 702.1 678.7 656.3 635 613.3 589.7 568.8 545.3
514.5 505 494.8 489.8 485.4 478.5 483.7 488.2 498.8 512.2 521.3 534.2 549.1 569.2 592.7 618.4 649.7 674.3 691.7 707.8 726.4 735.2 742.9 747.2 747 744.2 745.9 748.5 752.2 757.4 759.8 763.3 765.7 766.4 766 764.4 759.6 757.1 755.1 753.7 754.3 768.6 779 789.3 802.1 816.8 831.3 840.6 847.5 851.5 859.6 864.5 866.2 867.4 870.1 872.1 874.6 876.2 877.5 876.1 873.6 869.9 867 862 853.6 842.6 826.1 777.5 737.7 717.3 694.8 670.8 648.7 626.1 605.5 579.2 556.7 535.4
511.1 498.9 490.9 487.5 482.3 476.1 481.6 488.2 498.9 512.5 520 534.9 553.2 575.7 601.1 626.8 651.6 675.6 691.7 711.2 723.3 731 734 734.5 733.8 734 733.5 734.3 738.2 741.1 745.2 748.2 750.6 752 750.8 747.4 746.4 744.8 742.5 739.8 754.6 767.5 778.4 792.1 806.4 824.7 836.6 844.9 850.2 853 856.3 857.7 858.6 861.4 864.3 868.2 871.4 873.1 873.7 872.5 870.2 866.6 862.6 857.1 848 836.1 814 758.2 729.8 706.7 686 660.3 637.5 617.3 592 573.2 552.1 526.6
504.9 495 487.3 484 476.8 474.8 480.9 487 498.2 511.6 521.4 537.2 555.6 581.3 606.5 628.1 654.2 673.6 686.2 696.1 709.1 715.6 719.8 719.3 718.8 721.7 722.3 722 723.4 725.7 728 730 730.4 733.1 731.5 731.2 732.5 731 730.3 737.9 754.1 765.5 781.6 798.1 815.1 832.8 840.6 847.6 852 851.9 852.6 852.4 853 855.2 858.7 863.4 866.3 868.2 869 868.5 866.6 863 857.4 850.7 839.7 823.6 790.8 744.8 720.4 696.5 674.6 655.9 630.1 605.6 578.2 561.8 538.1 513.3
499 489.5 486 481.5 474.3 472.5 477.7 486.6 500.3 511.3 523.2 539.6 559.1 581.9 614.9 631.9 654.5 667.7 673.8 683.5 690.6 697.8 699.9 704.5 707.2 709.1 707.5 706.9 708.7 710.9 711.2 712.4 713.7 714.2 717.3 719.9 720.9 721.2 725.4 740.2 754.9 770.5 787.5 805.7 823.9 836.4 843.8 847.9 847.6 843.8 842.9 844.6 847.4 850 854 857.9 860.9 862.8 863.6 863.5 862.6 857.8 849.7 838.4 825.9 808 778.7 746.7 713 687.8 666 642.7 616.9 593.8 566 547.4 526 506.7
492.3 485.2 482.6 478.6 471 470.4 477.2 487.6 499.8 513.1 526.4 544 560.8 580.5 607.1 628.7 645.8 654 660.7 673.1 679.2 686.9 692.1 693.7 695.4 693.8 692.3 692.6 692.6 693.1 694.1 696.6 698.9 702.4 705 709.1 713.6 715 728.3 742.2 756.2 774.7 792.6 810.3 826.2 836.4 842.8 843.6 838.8 835.4 835.2 838.4 841.6 845.4 849.3 852.8 855.1 857.3 858.3 858 855.2 849.4 840.4 827.4 808.1 784 758.3 736.3 710.2 678.5 656.3 633.5 609.2 580.5 554.8 536.6 516.3 500.7
486.8 481 476.4 474.3 467.5 469.3 478.2 488.4 499.7 513.6 528.7 547.8 564.3 580.4 599.3 617.3 633.5 645.5 658 669.8 673.8 677.5 681 681.9 680.7 679.3 679.5 679.2 679.1 681.4 683.1 685.5 687.8 691.9 696.1 701.3 699.7 717.5 730 743.7 760.4 779.2 794.2 811.7 823.8 833.4 833.8 832.7 830.9 829.5 829.4 832.2 836.3 840.7 844.2 846.4 848.9 850.6 851.9 851.5 847.6 840.3 829.2 814.3 787 764.6 739.4 719.2 698.5 670.6 646.7 622.7 598.3 564.1 543.2 530.5 513 493.8
484.3 478.9 474 470 465.2 468.4 476.9 487.2 499.7 513.2 530.6 552.3 570.7 586.7 609.4 616.6 629.6 644.4 655.2 660.1 664.2 666.6 667.2 667.6 669.1 670 670.8 668.9 669.4 671.4 674.6 678.7 681.9 684.6 688.6 690 704.5 718.2 731.5 747.1 764.3 781.5 795.8 809.3 816 820.6 822.8 823.6 823.8 823 824.6 827.5 831.4 835.2 837.1 839.2 841.6 843 843.8 842.1 837.6 826.8 812 791.6 774.3 747.5 725 704.9 682.7 659.7 636.8 608.5 579.9 553.4 535.6 522.9 499.1 486.8
479.3 473.8 470.6 467.4 463.1 469.5 478.4 487.7 501.5 518 535.7 557.9 575.2 590.6 604.5 614.4 625.2 639.9 644.3 645.4 651.4 655.3 655.3 657.6 658.1 658 656.8 656.2 659.5 662.2 665.7 668.5 673.3 676.7 683.9 694.3 707.4 719.7 733.4 748.6 763.6 782.3 794.1 803.9 810.2 814.2 816.9 818 817 816.2 818.4 821 825.8 828.9 830.7 831.5 832.4 833.8 832.1 829.2 822.6 808.6 792 776.6 755.4 732.6 710.2 689.6 667.1 648 624 594.2 563.7 533.4 524.5 502.9 490.1 480.9
475.5 469.5 465.5 463.6 460.7 469.2 477.1 487.8 501.7 519.3 536 557.5 576.8 591.6 607.2 613.4 621.6 628.9 632.3 635.2 640.1 645 646.1 645.4 645.6 646.9 647.4 649.3 652.3 646.6 652.9 661.2 668.1 677 686.5 697.9 709.1 723.3 736.2 750.4 764.8 780.3 790.6 798 804 808.5 810.8 810.2 809.9 809.7 812.7 815.5 818.2 822.7 823.5 823.9 821.3 821.8 819.9 812.7 805.3 791.8 776.8 760.6 738.7 716 698.2 675.9 655.4 634.1 606.9 583.6 550.8 517.8 503 491.2 482.7 473.9
470.6 466.6 461.5 460.8 459.9 467.7 476.9 489.1 502.3 517.5 536.9 554.5 578.1 591.4 600.7 610.8 617.6 622.4 624.2 627 632.7 635.7 635.5 636 638 639.2 640.7 643.4 640 646 655 661.3 669.5 677.3 688.9 697.8 711.2 724.6 737.1 750 763.1 775.7 785.6 793 799 802.8 804.2 803.1 804 806.9 809.4 811.3 812.9 815 817.3 816.3 814.2 809.6 802.8 798.1 785 775 759.8 741.9 719.8 699.8 684.2 659.3 640 614.2 581.8 552.1 520.5 503.8 490.9 481 474 468
472.3 467.5 459.7 458.4 460 467.6 475.7 489.4 505.4 517.5 535.1 553.5 575 585.7 593.9 602.9 611.6 614.7 615.7 618.9 621.8 625.1 626.5 629.1 631.1 633.2 634.1 632.6 635.2 646 653.8 661.6 669.5 680.1 688.2 700.8 712.3 725.1 737.7 749.7 759.5 769.8 779.9 788.2 794.1 797.1 799.1 799.4 801 803.9 806.5 807 807.6 808.4 809.7 807.4 805.2 797.6 789.4 781.4 767 752.5 735.9 715 696.2 679 664 643.8 617.4 580.6 548.6 519.1 503.8 491.3 480.1 473.3 464.5 459.9
472.1 460.4 457.9 455.9 458.7 473.3 476 489.7 502.9 516.8 533.5 551.4 566.8 575 585.2 593.7 599.7 603.7 607.3 611.3 613.4 617 621 621.8 624.4 627.8 626.9 627.8 637.2 643.8 651.5 661.5 672.2 680.4 689.4 700.6 711 723.1 734.8 746 755.5 764.6 774.1 782.7 789 791.4 794 796.6 798.1 799.8 801.1 801.8 802.3 801.9 800 797.7 792.7 784.8 776.1 762.9 737.8 721.1 703.9 690.4 673.4 656.4 637.6 614.3 586.1 548.5 526.3 508.2 493.4 480.5 469.2 464 458.1 450.4
464.7 455.8 455.2 453.8 459.2 471.5 475 488.9 502.7 515.8 530.5 546.5 561.1 572.3 580.1 585.5 591.4 596.2 600.1 604.1 607.3 609.9 613.7 615.2 618.7 622.9 617.8 627.7 636.2 644.1 652.9 661.5 671.2 679.6 688.8 699.1 708.5 720.1 730.9 741.2 751.5 759.5 767.6 775.1 781.7 786.6 789.5 792.1 792.7 794.4 795.5 796.6 797.6 796.4 792.1 786.8 777.5 769.8 757.9 738.4 714.5 699.5 681.5 662 646.2 628.8 612.5 587.1 562.2 529.7 514 498.6 485.9 473.9 463.1 453.7 448.3 443.9
459.1 454 451.9 453.3 457.6 467.6 474.5 486.6 503.9 516 527.9 541.3 557.2 567.3 574.7 580 585.2 589.4 593.9 597.6 600.6 604.7 606.2 609 614.9 615.2 613.3 628.3 635 639.5 651.6 660.9 669.7 678.1 686.4 694.9 705.9 716.5 726.4 737.4 747.1 754.6 762 768.9 775.5 782.3 786.4 787.3 787.5 788.4 789.3 790.8 792.1 789.9 782.9 775.1 765.8 755 734.3 710.3 692.2 672 656.9 634.1 613.5 599.1 586.7 575.2 537 517.5 503.1 493 480.7 467.9 460.6 452.2 447 435.5
461 451.5 451 449.7 460.8 469.5 476.3 486.1 500.7 513.5 526.6 538.5 549.9 559.1 565.9 574.1 578.5 584 587.3 590.6 594.4 597.4 600.3 605.8 608.2 605.2 619 625 632.5 640.8 650.9 659.6 667.8 675 682.8 692.1 702.2 713.9 723.7 733.8 742.1 749.4 756.2 765.2 771.9 777.5 780.6 781.4 782.1 783.9 783.5 784.3 783.6 779.3 772.6 763.3 751.6 737.5 711.9 690.6 671.7 652.6 631.8 612.5 594.6 583.1 569 538.4 522.5 505.9 493.7 487.4 467 458.5 453.2 446.9 442.9 437.7
459 450.5 446.4 454.6 458.2 464.8 474.5 485.2 502.5 514 523.1 531.8 542 548.4 557.1 566.1 571.2 577.8 582.5 584.1 585.9 585.6 593.8 598.9 602 611.6 616.6 621.5 629.5 638.9 648.7 656.5 665.7 673.5 681.8 690.7 700.8 711.5 720.1 728.2 737.8 746.1 754.8 761.7 768.2 773.5 775.7 776.9 776.4 778 778.1 777.4 775 770.1 762.8 751.1 737.8 715.9 694.5 675.6 656.6 639.3 623.5 600.1 577.5 558.4 542.1 527.7 511.6 495.9 482.4 466.7 454.5 447.3 443.5 440.3 437.6 432.3
456.9 448.2 446.4 450.4 454.6 462 474.1 486 498.1 508.5 518.8 527 535.7 542.4 550.3 558.6 565.5 570.5 573.3 570.3 573.6 583.5 585.3 595.8 603.8 608.8 613.9 620.8 628.7 636.8 646.7 654.7 664.6 672.7 680.6 689.5 696.4 707.5 716.8 725.8 735.6 743.2 751.5 758.7 764.5 771.3 774.8 774.2 771.7 772.1 771.8 770.6 767.5 760.5 750 739.5 723.6 697.5 679.3 662.4 647.5 628.6 609.6 582.2 562.2 548.6 533.4 517.4 503.1 488.2 474.1 462 452 446.5 441.9 436.3 429.9 425.5
458.1 452.7 442.6 446.7 453.8 462.5 473.9 484.5 495.9 504.2 514.1 522 530.3 536.3 545.4 552.9 555.4 559.6 561.5 569.4 582.4 588.1 592.4 596.3 604 608.1 614.3 622.4 628.3 636 644.2 652.4 661.1 670 679.1 687.5 696.8 706.1 715.4 723.9 732.7 741.4 750 757.4 763.5 769 770.5 770.1 769.3 768.5 768.4 767.2 760.4 752.1 742.1 729.3 710.7 687.8 663.4 646.4 628.2 608.1 587.5 563.4 552.9 542.7 529.1 514.6 496.7 483 471.9 461.9 453.3 446.7 440.6 434.6 427.9 422.2
456.5 451.4 442 444.9 452.9 462.3 472.4 482.9 494.4 502.9 510.5 518 525.3 533.3 534.4 540.3 553.1 563.7 569.4 574.9 582.7 588 591.9 597.1 602.5 607.8 615.4 623.4 630.4 637.4 644.7 652.1 661.4 669.3 677.2 686.3 695.1 703.8 713.3 721.6 729.7 737.9 746.8 754.6 759.7 763.3 764.6 765.2 766.6 766.2 764.9 763.3 754.9 745.8 735.5 723.6 703.9 676.2 653.1 633.6 608.1 585.4 572.2 561 550.5 540.4 526.1 511.3 495.5 481 469.8 460.3 453.6 445.7 439.9 433.9 428.4 423.5
450.6 439.8 441.2 445.7 453.2 461.8 471.3 479.9 488.9 497.2 505.4 513.2 524 531.7 540.1 548.6 555 562.9 568.8 575.2 581.1 585 590.9 596.8 604.1 610.3 615.9 622.4 628.3 635.5 643.5 652.1 658.8 667.1 674.9 682.9 691.7 701.8 711.1 719.3 727.9 734.9 743.5 750.2 754.9 758.9 760 761.6 763.3 762.3 761.7 759 752.1 741.3 728.1 712.5 685.4 659.3 639.2 613.2 591.1 579 567.9 558.9 550.3 537.7 525.2 510.5 497.6 481.4 468 459.7 454.5 451.5 446.5 437.2 429.9 423.1
442.9 438.2 440.6 446.4 451 459.7 467.3 477.4 486.7 496.8 506.4 516.1 526.6 535.3 543.5 550.8 557.6 563.3 567.6 573 579.2 584.1 590.5 598.3 605.3 611.1 616.7 622.3 628.9 636.5 643.5 651.8 658.9 666.5 674.1 683 691.9 700.5 709.2 717.7 724.7 730.9 739.1 745.3 749.1 753.2 755 757.3 759.2 759.6 759.3 756.8 746.9 731.9 716.8 699.2 671.6 649 621.7 601.5 586.7 575.3 565.3 557.8 547.4 534.1 520.6 509.6 498.5 486.8 475 465.7 459.9 450.2 443.8 437.7 428.6 420.7
440.9 435.1 439.4 446.5 453 461.2 468.3 478.5 486.8 496.6 505.8 516.7 528.5 536.6 544 552.9 559.3 566.9 570.3 575.9 579.9 584.3 590 597.1 604.3 610.8 617.1 624.6 630.6 637.5 643.8 651 659.5 666 673.3 683 691.2 699 707 714.5 719.5 726 731.8 738.2 742.6 747.4 750.6 754.1 756.3 756.9 755.2 749.5 738.3 724.5 708.5 688.2 666.6 638.1 617.9 601.5 586.8 573.5 564.6 554.9 538.5 529.6 518.3 508 497.2 487 477.3 467.5 459.1 449.9 440.9 432.2 422.2 411.7
435.9 431.8 443.6 445.7 453.1 461.1 467.6 476.6 487.3 497.5 506.9 519.4 529.3 537.7 546.9 554.7 561.7 568.3 571.9 576.6 579.3 584.3 590.3 596.1 604.8 611.6 617.6 624.7 630.9 636.1 645.4 653.3 659.5 664.8 673 683.4 691.1 698 704.4 710.7 716.4 722.1 726.1 731.3 735.4 741.2 746.4 749.7 751.2 750.6 747.3 739.7 728 713.4 696.3 678.8 656.1 635.8 613.3 596.5 583.7 571.5 561.7 552 537.1 520.7 512 501 490.8 480.2 470.3 461.2 453.4 445.9 437.1 428.2 417.7 407.9
429.6 436.5 441.6 447.8 454.7 463.3 470.9 478.6 488.3 498.9 509.3 520.7 530.2 539.8 548.2 555.5 563 568.8 571.8 576.8 580.4 586.7 591.2 596.4 601.3 609.5 619.6 626.7 633.4 640.5 648.1 655.2 662.6 667.8 675.9 683.7 690.4 695.9 697.5 702.7 709.1 716 718.4 721.2 727.6 733.8 737.4 740.8 741.4 739.7 734.8 727.3 717.6 701.4 683.9 665.1 651.2 626 609.9 593.4 581.8 566.5 550.6 537.2 526.6 516.1 505.1 489.6 482.6 473 464 455.3 447.6 440.2 430 419.9 408.5 402.4
426.2 434.6 442.1 449.7 458.5 466.2 474.7 481.9 489.8 501.5 511.1 521.6 530.9 540.9 549.5 556.1 562.6 567.8 572.6 576.5 580.4 585 589.3 594.1 599.9 607.7 617.8 625.7 632.5 642.6 652 657.8 663.4 668.2 671.4 675.6 681.9 687.2 691.3 695 702.7 704.9 706 708.2 715.1 721.2 724.6 726.4 726.6 724.8 720.7 712.5 701.6 683.7 671.7 656.3 636.9 623.3 609.8 590.8 575.1 557.2 543.5 531.5 519.9 506.9 496 484.9 473.4 464.9 457.8 449.5 442.2 429.6 426.6 413 399.1 392.3
427.1 440 445.8 453.1 460.5 469.3 477.9 484.5 492.5 504.1 513.7 522.9 532.3 541.6 549.7 557.3 563.3 567.2 570.3 575.5 579.6 583.8 587.8 593.3 601.1 611.4 621.9 630.7 639.7 649.7 656.3 660 660.4 659.8 665.1 668.4 670.7 677.8 683.3 685 686.9 687.4 691.3 696.3 700.4 706.6 709.4 710.6 712.1 710.2 703.9 694.2 680.4 668.8 658.3 644.4 630.2 617.9 603.9 585.2 566 549.3 537 525.8 513.6 499.6 487.5 476 467.2 456.5 450.9 443.8 436.6 421.8 411.8 403.9 395.4 392.9
433.7 439.4 448.4 456 464.1 472.1 480.4 488.5 496.7 507.1 516.1 525.2 533.9 542.3 549.7 557.2 562.8 566.2 569.3 574.2 578.1 583.7 588.8 596.2 602.2 613.3 622.7 632.3 643.5 652 658.2 662.5 661.3 656.8 657.1 658.9 659.7 663 664.9 663.8 666.8 665.5 672.7 678.6 686.4 691 691 691.6 692.7 687.7 682.9 676 669.1 659 650.1 635.9 615.5 601.8 586.1 571.2 555 541.4 529.1 518.9 504.7 491.6 481.4 470.1 459.9 451.6 442.6 437.5 428.8 417.7 406.7 397.6 393.2 390.1
