UK/data/so/so16_OST50GRID_20230518/SO16.asc
ncols 200
nrows 200
xllcorner 310000
yllcorner 260000
cellsize 50
[rows 105 to 139 of 200, columns 78 to 155 of 200]
401.5 401.6 398.8 396.9 395.7 395.5 393.2 387.7 380.8 371.9 362 353.6 346.1 340.5 330 323.8 318.5 316 315.7 315.4 314.5 315.9 315.2 318.1 320.2 319.2 312.4 316.3 330.5 347.8 373 398.6 412.4 427.6 438.7 446 452.4 457.7 461.4 463.3 464.5 466.4 469.6 472.8 476.8 481.1 483 480.2 474.8 468.1 457.8 444.3 425.3 408.3 389.5 374.4 357.1 366.4 381.7 386.1 384.3 379.2 375.9 371.2 366.8 378.8 387.6 396.5 406.7 419.2 434.4 451 468.6 485.9 503.6 522.8 545.3 571.9
404.3 405.2 404.1 403.6 398.8 395.2 389.1 381 370.6 361.2 353.5 345.1 336.7 332 322.2 318.5 316.3 314.6 315.6 317 318.2 319.1 319.4 321.8 324.2 322 315.6 315.3 326.7 342.8 365.2 392.6 409.4 425.5 436.9 445.3 451.1 456.2 459.1 461.5 463.1 465.6 470 474.2 477.7 482.3 483.8 480.7 475.1 467.2 457.5 442.2 422.8 402.4 384.7 371.5 356.1 377.4 394.2 405.6 408 404.3 397.5 392.5 386.4 377.2 372.3 384.3 393.5 401.8 415.6 431 446 460.7 477.2 497.1 520.5 549.1
407.3 410.3 406.7 403.1 397.8 388.9 377.2 366.4 357.1 350 344.5 333.7 325.4 320.7 312.8 311.3 310.5 312.6 313.1 314.7 318.2 320.7 322.4 324.2 326 323.8 318.9 316.2 321.2 337.2 354.3 379 400.3 415 427.3 437.5 445.1 450.8 455.3 459 461.7 466.1 470.7 474.2 478.3 482.9 483.6 480.5 474.3 466.1 455.5 438.8 418.7 398.3 382.6 364.6 367.1 385.2 406.7 422.3 429.2 429 420.7 416.6 409.3 403.1 396.3 387.2 379.7 390.4 401.3 413.6 427.2 439 455.1 481 514.1 549.9
408.6 408.7 403.1 396.2 385.5 371.2 358.1 349.9 343.8 338.8 330.4 321.4 316.2 312.5 308.1 304.7 306.9 309 310 310.6 315.3 320.8 324.6 327 327 324.5 321.7 318.6 317.7 329.1 343.8 362.2 381.8 398.4 410.9 423.3 434.9 443.9 451.7 457.1 461.5 466.7 470.3 473.8 478.1 482.3 482.9 479.2 472.6 463.9 453.2 436.4 416.5 396.5 381 361.7 376.4 393.9 418.8 435.4 443.1 447.3 448.1 443 435.6 428.1 420.8 413.1 405.2 401.6 396.1 403.4 425.4 447.1 472.2 497.7 527.5 568.3
404.3 402.8 392.7 378.5 364.7 350.7 340.6 335.9 331.8 327.4 318.4 314.2 310.4 305.6 302.3 300.2 301.6 302.8 302.9 308.8 313 319.2 324.7 327.8 327.4 324 323.9 322.4 319.9 321.8 333 344.8 357.4 372.3 385.3 408 429.1 441.3 450.2 456.7 461.3 466.1 469.4 473.2 476.9 480.1 480.8 477.2 470.6 461.7 450.4 433.9 414.6 394.8 377.5 366.7 382.8 403.1 430.1 446.2 454.4 459.6 463.4 465.1 464.4 457.4 449.1 441.3 433 428.2 427.3 425.7 438.2 467.6 493.1 521.5 548.4 580.8
394.9 383.8 370.5 356.8 343.4 332.3 325.3 322.4 320.2 314.6 309.3 307.9 303.9 299.9 298 295.2 297.6 297.2 303.5 307.4 311.5 318.2 323.4 324.1 322.1 320.5 324 323.5 321.8 320.6 326.8 333.9 342.6 365 389 410.9 427.6 439.6 448.3 455.6 460.2 463.8 467.2 471.4 474.2 476.9 478.2 474.9 468.3 459.2 447.7 431.7 414.3 393.2 374.6 373.8 390.4 411.9 440.4 455.9 464.1 469.9 474.9 478.4 481.8 483.7 480.9 472.7 464.5 459.3 457.2 456.9 458.7 470.5 496.5 526.9 563.8 594.2
379.9 360.9 344.8 335.5 326.7 317.2 313.5 310.3 305.9 301.3 299 299.5 297.8 294 292.8 294 294.7 293.6 297.8 302.9 308.2 314.4 315.4 317.4 313.8 315.7 320.4 324.2 324.6 324.7 323.5 332.8 348.6 369.6 391.6 409.3 425.4 437.7 446.7 453.7 458.7 462.6 465.3 467.7 470.8 473.1 475 472.4 465.5 452.3 444.4 429.6 414.3 391.9 372.8 380.1 398.3 422.1 450.4 465.2 473.4 479.6 484.6 488.3 493.5 497.9 502.2 503.7 497.4 492 489.5 489.2 490.1 495.9 512.1 541.8 573.4 600.4
360.4 340.8 327.3 320.6 316.2 307.5 304.3 299.7 297 293.1 291.6 292.4 291.8 289.3 288.1 291.1 291.1 286.5 292.8 298.2 303.2 304.2 304.7 309.5 315.8 317.1 323.3 326.3 326.5 329.1 327.4 327.1 341.7 360.2 382.6 404 420.8 433.5 442.8 449.9 455.9 460.4 462.6 464.4 466.8 468.4 470.4 468.9 453.6 448.1 439.2 425.7 416.1 400.5 373.7 385.6 406.1 432.3 460.5 473.8 481.6 488.1 492.5 497.8 503.4 508.1 514.5 520 523.8 525.1 522.6 522.4 523.1 520.8 541.7 562.9 592.6 609.1
342.7 327.3 316 311.9 305.8 301.2 296.9 293.7 290.3 287.4 285.6 286.2 284.9 280 278.1 280 288 290 292.5 294.3 300.3 308.7 315.1 319.2 322 324.2 327.7 330.9 333.7 333.5 331.8 330.3 335.4 349.2 370.1 391.9 412.8 426.7 437 445.3 451.2 456.1 458.7 460.7 462.3 463.9 465.8 458.7 455.4 446.5 436.2 426 414.3 394.4 371.7 392.2 414.5 443.1 467.8 481.5 488.7 495.4 499.6 506.1 512 517.2 523.8 530 534.3 540 549.7 556.2 557.8 558 573.3 591.6 605.9 616.2
332 318.5 307 302.9 299.2 294.7 291.1 288.1 285.9 282.9 280.3 279.3 274.4 282.4 287.4 290.6 292.6 295.3 299.1 303.9 309 314.7 320.5 324 326.2 328.8 331.6 334.5 337.2 338.5 338 335.4 331.6 341.1 356.4 377.5 398.6 417.2 429.7 439.1 445.7 450.1 453.9 456.9 458.7 460.5 463 459.4 449.2 444.4 434.6 422.6 407.5 390.3 381.1 399.3 423.5 453.1 474.2 487.4 495.1 501.3 506.1 512.8 518.7 525 532.1 537.8 541.2 549.2 562.1 575.9 588.4 594.5 601.5 608.7 614.7 620.6
330.1 314.7 301.2 294.8 289.8 287.6 285.2 283.3 281.2 278.2 275.5 272.3 279 283.4 286.5 288.8 292.1 296.7 302.7 307.5 311.8 317.9 322.9 326.8 330.6 331.2 334.4 336.8 340.6 343.4 345.2 342.7 337.5 338.9 345.3 360.6 381.6 402.2 419.4 431.2 438.7 444.3 448.6 452.2 455.3 457.3 460 458.9 449.3 444.9 433.5 421.6 400.3 384.1 386.8 407.1 432.3 461.2 479.1 492 500.3 505.7 511.5 518 524.1 531.3 539.4 543.4 546.8 554.8 570.1 588.2 601.1 609.9 612.9 616.3 620.2 624
324.3 312.1 298.7 289.2 284.2 279.5 279.6 278.9 276.8 273.3 269.6 272 278.6 281.5 284.1 285.8 288.8 292.6 298.5 304.5 309.6 315.9 322 325.9 329.5 332.2 332.9 340.2 343.5 347.9 351.3 353.2 349.6 340.5 343.4 349.6 363.7 383.7 403.3 418.8 429.1 437 442.6 447.5 452.3 454.7 457.9 459 450.6 446.2 436.2 420.7 399.7 379.6 393.5 415.3 439.9 466.5 483 495.3 502.2 508.7 516.1 522.2 528.2 536.2 544.9 547.9 550.2 559.2 577.1 594.5 608 616.8 617.2 620.1 623.4 626.3
318.9 307 297.4 284.3 284.1 276.9 274 273.5 272.3 263.8 268.7 275.3 277.9 279.9 281.4 283 285 287.7 291.7 297.5 302.9 309.6 316.6 320.6 325.6 330.6 335.9 341.1 346.6 351.7 356.7 361 363.6 357.6 348.7 347.7 352.5 365.4 383.9 401.3 415.5 426 434 441.5 449.8 455.3 459.3 461.6 456.6 448.3 439.2 420.2 403.5 382.6 397.7 419.4 442.6 468.6 484.6 495.8 502.4 509.1 518.3 523.9 530 539 546.7 549.1 551.2 561 578.9 596.2 611.3 619.5 620.4 622.5 625.4 627.6
314.1 307 294.2 286.5 281.2 274.5 269.9 269.3 260.9 268.4 270.2 273.4 275.7 276.4 277.9 278.6 280.6 283.7 287.2 290.2 294.1 300.6 306 316.1 325.1 329.6 335.8 341.9 347.9 355 361.6 367.9 373.8 376.4 370.4 364.5 362.6 359 364.3 383.1 397.1 410.3 431.3 443.8 452.2 458.2 463 465.6 461.5 454.7 440 421.9 406.1 389.1 399.9 416.6 436.2 465.1 481.6 493.4 499.3 505.5 513.3 520 527.1 533.7 541.9 545.8 549.5 559.2 576.3 594.5 611.2 621.2 623.3 624.7 627.1 629.2
308.5 302.8 293.7 285.7 280.5 275.9 266.3 264.9 261.7 266.4 268.3 269.2 270.8 272 274 275.5 277 280.7 283.1 284.6 288.6 293.6 302 310.3 319.1 325.9 333 340.7 347.9 356.6 365.2 374.3 383.8 390 394.1 391.4 388.3 387.6 388.7 398.8 410.1 428.8 441.3 450.8 458 463.4 467.6 470.3 468.3 463.1 449.1 424.4 407 389.6 397.4 408.2 422.4 442.7 464 481.7 491.5 495.9 503 510.7 517.4 524.1 530.2 537.8 542.7 550.6 565.9 588.2 609.7 623.2 625.4 626.3 627.8 630
301.6 298.2 290.8 282.3 278.8 274.5 269.6 261.9 258.4 261.7 264.4 265.4 266.6 267.6 270 272.1 275.3 278.6 279.8 281.4 284.7 289.5 295.5 303.4 312.1 322.1 328 337.6 346.6 356.7 366.7 378.2 389.4 402.8 412 417.3 416.8 416.7 419.8 426.1 433.6 440.9 451.5 459.3 464.8 469.9 473.9 475.4 474.8 470.1 460.9 439.4 420.5 403 388.5 398.9 406.4 420.7 438 456 469.9 480.6 487.2 494.1 500.7 507.5 512.7 516.4 518.8 524.8 545.4 575.1 606.1 623.8 626.7 627 628.1 630.2
296.9 291.9 285 279.3 273.4 270.6 265.7 260.3 256.3 257.3 260.2 262 262.4 262.5 267.8 271.7 273.8 275.1 276.4 278.2 280.4 285 290.3 296.7 303.6 312 322.3 332.2 344 355.4 367.4 380.7 398.6 416.4 431.9 437.3 437.9 441.8 444.3 447.2 451.4 455.2 461.5 467.6 472.3 476 479.7 480.4 479.2 475 468.6 458.5 437.1 415.5 401.6 396.6 398.2 404.9 416.6 432.2 444.6 456.3 467.5 472.9 477.5 482.4 486.9 490 494 513.7 539.7 575.6 605.8 623.8 626.6 627.1 628.3 630.6
290.4 284.9 279.6 277.1 271.6 267.2 264.1 264.2 262 255.8 255.4 257.3 262.2 264.2 266.4 270.1 272.3 272.9 273.5 274.9 277.2 282.2 286.2 291.1 296.5 304.2 313.9 327.1 339.2 352.4 366.3 381.8 401.9 426 444.3 448.3 450.5 455.2 458.7 461.7 464.9 467.7 470.9 474.9 478.6 481.9 484.3 484.5 482.2 479 474.4 466.7 448.3 417.8 425.5 416.9 407.8 398.6 406.2 415 426.9 437.9 446.3 453.2 457 460 463.9 465.8 487 513 544.5 580.2 604.9 620.9 625 626 627.4 629.7
282.2 279 277.3 274.9 272 270.5 268.3 264.9 260.8 255.3 253.2 258.3 262.1 264.9 266.5 268.6 268.9 268.4 271.2 272.4 274.3 278.8 283.4 286.5 292.8 301.4 310 320.7 333 346.5 362.1 379 399.5 424.8 444.5 452.2 456.3 462.9 467.8 471 474.1 476.3 478.4 480.9 484.4 487.6 488.4 487.3 485 482.6 478.9 471.2 452.1 441.9 447.2 436.3 427.4 419.5 411.4 408.2 417.3 425.5 431.9 437.8 442.2 442.9 449.2 468.3 493 522.4 557.8 581.1 600.8 615.8 621.9 624.4 626 627.9
274.7 273.5 273.7 270.7 269.6 268 265.1 260.8 257 252.9 254.4 260.6 263.5 264.3 264.3 264.1 265.1 265.8 268.8 270.7 273.7 276.5 281.7 286.2 291.7 297.4 305.6 314.6 326.1 340.2 356.9 374.9 394.3 418.6 440.2 451.6 459.5 467.5 473.4 477.4 480.5 482.9 484.2 486.1 489.5 492.3 491.4 489.8 487.9 485.5 481.9 473.9 454.1 460.9 463.6 458.7 450.6 443.4 436.5 429.2 425.6 426.2 429.1 434.4 442.9 454.3 467.9 483.2 506.5 538.1 562.9 580.9 596.7 609.5 618.4 622.4 623.9 625.7
270.2 266.2 272.3 273 268.7 262.8 259 256.1 251.3 249.2 256.3 261.5 264.1 262.9 261.3 261.7 262.5 263.8 267.5 270.5 272.6 276.1 280.7 284.5 289 293.8 302.1 311 321.3 333.1 348.8 367.7 388.2 411.8 435.4 450 460.7 470.1 477.3 482.2 484.9 487.6 488.1 490 493.4 495.3 494.1 492.1 490.2 488 483.7 475.9 459.7 472.7 477.8 478.1 476.2 469.6 464.1 458.4 453.7 452.2 452.2 458.4 466.2 477.9 492.8 510.2 531.2 555 568.5 582.3 595 607.4 615.8 619.4 620.9 623.1
264.5 266.1 269.7 270.2 266.5 260.3 255.3 252.3 246.8 252.5 257 261.4 262.9 260.5 258 259.8 264.6 268.6 271 271.4 273.4 276.2 279.2 282.4 285.8 291.7 298.9 307 316.6 327.2 340.5 359.4 380.3 403.9 429.5 448.5 460.4 471.1 480 485.7 488.5 491 491.8 493 496.4 498.1 496.4 494 491.7 489.1 484.6 478.5 477 482.3 489.4 495.5 499.5 498.8 494.6 489.1 485.4 482.5 482 487.3 495.8 507.4 523 541.6 556.7 565.4 575.1 584.4 593.4 604.5 611.7 615.7 617.7 619.4
261.1 263 265.5 264.2 261 254.9 252 247.9 248.3 252.9 255.4 255.1 256.3 256.5 258.7 262.4 265.7 268.7 272 272.1 273.6 275.3 276.9 279.8 284.5 289.9 295.7 302.7 310.8 321.5 334.4 352.1 372.3 394.3 419 445.2 459.3 471 481.3 488 491.2 493.7 494.2 495.6 498.4 499.4 497.8 494.7 492.1 489.3 485.3 482.1 483.2 489.3 499.3 507.3 515.7 520.8 522.8 520.8 518.3 516 516.2 520.9 529.3 540.7 554.4 563.5 568.5 573.7 580.3 587.2 594.6 602.6 607.9 612.4 613.3 614.5
257.9 260.5 261.3 259.8 256.7 251.8 248.3 244.3 248.1 250.4 254.9 258.2 259.9 258.7 260.2 263 267 269.3 271.6 271 271 273.2 274 277.8 282.3 288.8 293 299.6 307.1 317.6 330 344.6 364.8 385.4 406.9 434.8 453.7 468 480.8 488.8 492.3 494.9 494.8 496.1 498.2 498.7 497.1 493.9 491.2 488.6 486.2 484 487.3 494.5 506.2 516.7 525.7 532.5 536.6 540.1 545 549 550.7 554.3 559.9 562.6 567.3 571.9 575.8 580 585.2 590.6 595.9 601.8 606.2 608.9 603.8 613.8
254 255.4 256.6 254.9 252.8 248.7 243.6 248.2 251.9 254.4 256.3 258.1 258.9 258.6 262.6 266.1 269.3 270.2 269.4 267.8 268.3 270.1 273.7 277.1 280.6 286.5 291.2 297.1 304 313.6 325.4 338.1 355.3 374.4 394.3 418.3 441.4 460.1 475.8 485 490.3 492.6 492.5 492.5 493.9 493.8 493.3 490.6 488 486.3 484.2 483.8 487.7 497.7 511 522.3 532.3 539 543.7 549.2 554.3 559.3 562.9 565.3 568.3 570.5 573.6 576.8 580.6 583.9 588.4 592.5 596.6 600.6 603.2 597.9 609.4 615.9
249.8 250.4 250.9 250.4 249.1 244.5 245.4 248.6 250.4 252.8 254.4 255.6 256.2 257.2 261.6 266.4 268.6 267.3 265.4 264.5 267.3 269.5 272.9 276.9 280.8 284.8 289.4 294.3 301.1 309.6 319.7 330.4 345 361.3 380.2 400.5 423.3 441.6 457.1 471.2 480 484.3 485.4 485.2 486.3 486.8 486.8 484.2 480.3 479.7 479.4 479.5 485 497.2 512 524.3 534.7 542.4 548.6 553.9 559.4 564.7 567.1 569.9 572 574.4 576.8 579.1 582.2 585.6 589 592 594.2 596.6 595.2 603.3 611.2 615.7
246.8 247.3 246.1 246.6 244.9 241 248.5 252.9 253.1 252.6 253.5 254.1 254.8 255.9 258.9 262.9 263.8 262.1 261.6 264.7 267.3 271.7 274.9 277.8 279.8 283.2 286.6 291.3 296.9 304.1 312.8 323.6 335.6 350.3 366.5 383.1 400.9 418.4 434.1 448.4 459.5 467.1 472.2 472.9 473 474.8 474.6 471.8 467.5 464.8 465.6 469.2 477.3 491.9 508.2 522.8 534.5 544.1 551.5 557.7 563.5 568 570.1 572.6 575 576.3 577.1 579.1 581 583.5 586.6 589.3 590.9 591.2 594.9 604.3 610.4 614.6
246.9 247.2 245.7 242.7 240.6 244.1 247.6 253.6 254.9 254.7 253.6 253.4 252.4 252.6 256.1 256.7 260.5 262.6 264.1 266.1 269.5 272.8 275.3 277 278.4 280.5 284.1 288.8 293 298.9 306.3 315.7 325.5 337.6 351.5 365.7 379.9 394.6 410.6 424.4 435.7 444.7 451.4 454.4 453.9 454.3 454.1 452 448.2 445.6 445.5 448.2 459.8 479.1 500.3 518.1 532.5 544.4 552.8 559.8 566 569.4 570.6 572.2 574.3 574.8 575.4 576.6 577.9 579.3 581.6 584.9 586.2 585.3 594.9 603.4 608.5 613.2
250.2 248.8 242.8 240.1 240 243.2 246.2 251.2 255.6 256 252.4 250.6 253.6 255.3 260 262.3 261.2 261.8 261.5 266.1 269.4 271.8 272.1 273.4 274.5 275.5 277.6 280.6 286.1 292.9 299.2 306.6 315.8 325.6 336.4 347.7 359.3 372.1 385.6 400.3 411.8 421 427.7 431.6 432.3 431.8 430.7 429.5 425.5 423.6 422.9 424.9 435.9 456.9 481 511.8 530.5 543.8 553.2 560.6 566.5 569.4 569.7 570.8 571.8 571.4 570.9 571.2 572.7 571.9 572 577.9 585.4 588.5 593.2 600 605 610.1
244.3 238.2 238.6 238 239 239.4 240.2 249.8 252.8 254.6 250.4 249.8 252.8 255.4 258.8 262.2 263.4 263.5 265.3 266.7 268.1 270.9 273.5 275.5 277.4 279.2 282.2 284.7 285.7 286.2 288.1 296.2 305.9 313 321.6 330.6 340.3 350.6 361.2 375.1 388.7 397.3 403.1 407 408.9 409.7 409.6 408.8 405.6 401.8 402.8 423.2 442.8 465.7 490.1 514.7 531.3 544.2 553.1 561 564.9 567.1 567 566.1 566.7 564.8 564.6 563.8 566.4 571.4 576.7 581.5 585.6 587.6 590.4 595.3 601.3 606
236.1 236.3 238.9 239.5 240.3 242.1 240 245.3 247.4 249.1 246.8 250.1 253.1 257.8 262.4 263.6 263.4 265 266.1 266.8 269.6 272.1 274.2 276.6 278.3 279.7 283.7 287.1 289.3 292.6 294.5 295.3 294.2 302.2 309.1 316.2 323.9 331 339.5 350.9 364.7 374.2 379.5 382.4 384.3 385.9 386.5 386.7 380.5 399.2 418.8 441.9 465.6 487.9 508.6 523.7 534.8 545.3 554 559.7 561.8 562.4 561.8 559.1 557.6 553.8 560.7 565.4 567.3 570.2 574.2 578.3 583 586.1 588.8 591.9 596.6 601.1
237 241.7 242.1 243.4 244.3 243.7 243.7 241.3 244.6 246 248.1 250.3 253.1 256.1 260.9 262.8 263.8 265.4 266.5 267.4 269.6 272.6 274.6 276.8 279 281 285 289.3 293.4 297.2 298.7 299.5 301 302.6 300.4 306.6 310.7 314.5 323.1 330.8 341.9 351.8 357.3 359.4 362 361.4 364.8 380.8 398.8 416.6 438.6 461.9 488 506.3 521.8 531.6 539.6 548.8 555.9 559 558.1 557.1 555 551.3 552.9 554.1 560.6 562.9 564.8 566.9 570.9 575 580.9 585.2 587.8 589.9 593.6 593.1
241.7 241.9 242.5 244 245.4 248.6 245.9 241.9 244.7 246.1 248 250.1 256.5 259.1 258.2 260.2 262.5 263.5 264.8 266.5 269 272.5 274.6 277.4 278.8 281.2 286.1 292 297.1 302.2 308.2 309.8 310 309.8 312.4 314.7 318 321.7 324.7 328 327 332.5 341 351.9 363.4 376.6 389.2 403.2 420.1 438.6 460.1 485 507 521.2 531 538.3 545.1 551.7 557.2 558.3 555.3 552 548 544.9 549.2 549.9 557 559.3 561.5 565.6 570.1 574.9 579.8 584 586.9 589.2 590.7 589.9
241.4 241.5 242.6 244.1 250 253.9 255.8 247.4 245.3 248.4 251 251.1 257.2 259.7 259.3 261.2 262.9 263.2 262.6 265.1 268.2 272.5 275.5 277.5 279.2 282.5 287.3 294 301.9 310.1 318 324.4 329 331.4 332.9 335.9 339 343.3 348.2 352 355.8 360.6 367.7 377.4 388.3 400.8 413.3 426.6 443.1 462.1 485.4 507.2 521.8 531.9 538.4 544.4 549 554.6 558.4 558.2 553.5 549.2 544.5 542.2 542 543.1 546.9 555.2 560.3 564.6 568.6 574 579.3 582.9 585.9 587.5 587.9 586.3
241.8 242 243.6 247.5 254.5 257.4 260.3 252.6 243.3 252.7 254.2 254.9 256.6 258.6 259.5 260.8 261.8 261.2 262 264.2 267.3 271.3 275.5 277.5 279.5 284.9 290.6 298.3 306.2 315.6 325 333.7 342.7 350.2 356.7 361.1 365.3 370.3 375.5 379.4 382.9 387.1 394.4 403.5 413.2 423.9 436.4 450.7 467.7 488.1 504.7 517.5 531.2 538.1 542.6 547.1 551.3 555.6 558.1 557.5 553.3 548.5 542.4 534 524.2 540.7 548.5 554.1 559.1 563.6 567.9 572.9 577.9 581.9 585.3 585.4 584.9 582.2
