UK/data/nm/nm35_OST50GRID_20230518/NM35.asc
ncols 200
nrows 200
xllcorner 130000
yllcorner 750000
cellsize 50
[rows 111 to 147 of 200, columns 85 to 169 of 200]
-1.5 -1.5 -1.5 -1.5 -1.5 -1.5 -1.5 -1.5 -1.5 -1.5 -1.5 -1.1 -1.5 -1.5 -1.5 -1.5 -1.5 -1.5 -1.5 -1.5 -1.5 -1.5 -1.5 -1.5 -1.5 -1.5 -1.5 -1.5 -1.5 -1.5 -1.5 -1.5 -1.5 -1.5 -1.5 -1.5 -1.5 -1.5 -1.5 -1.5 -1.5 -1.5 -1.5 -1.5 -1.5 -1.5 -1.5 -1.5 -1.5 -1.5 -1.5 -1.5 -1.5 -1.5 -1.5 -1.5 -1.5 -1.5 -1.5 -1.5 -1.5 -1.5 -1.5 -1.5 -1.5 -1.5 -1.5 -1.5 -1.5 -1.5 -1.5 -1.5 -1.5 -1.5 -1.5 -1.5 -1.5 -1.5 -1.5 -1.5 -1.5 -1.5 -1.5 -1.5 -1.5
-1.5 -1.5 -1.5 -1.5 -1.5 -1.5 -1.5 -1.5 -1.5 -1.5 -1.5 6.1 -1.5 -1.5 -1.5 -1.5 -1.5 -1.5 -1.5 -1.5 -1.5 -1.5 -1.5 -1.5 -1.5 -1.5 -1.5 -1.5 -1.5 -1.5 -1.5 -1.5 -1.5 -1.5 -1.5 -1.5 -1.5 -1.5 -1.5 -1.5 -1.5 -1.5 -1.5 -1.5 -1.5 -1.5 -1.5 -1.5 -1.5 -1.5 -1.5 -1.5 -1.5 -1.5 -1.5 -1.5 -1.5 -1.5 -1.5 -1.5 -1.5 -1.5 -1.5 -1.5 -1.5 -1.5 -1.5 -1.5 -1.5 -1.5 -1.5 -1.5 -1.5 -1.5 -1.5 -1.5 -1.5 -1.5 -1.5 -1.5 -1.5 -1.5 0.1 1.4 3.1
-1.5 -1.5 -1.5 -1.5 -1.5 -1.5 -1.5 -1.5 -1.5 -1.5 2.4 20.7 24.9 -1.5 -1.5 -1.5 -1.5 -1.5 -1.5 -1.5 -1.5 -1.5 -1.5 -1.5 -1.5 -1.5 -1.5 -1.5 -1.5 -1.5 -1.5 -1.5 -1.5 -1.5 -1.5 -1.5 -1.5 -1.5 -1.5 -1.5 -1.5 -1.5 -1.5 -1.5 -1.5 -1.5 2.7 20 2.5 1.3 2.8 3.2 1.4 -1.5 -1.5 -1.5 -1.5 -1.5 1.2 -1.5 -1.5 -1.5 -1.5 -1.5 -1.5 -1.5 -1.5 -1.5 -1.5 -1.5 -1.5 -1.5 -1.5 -1.5 -1.5 -1.5 -1.5 -1.5 -1.5 -1.5 -1.5 -1.5 0.5 4.6 8.3
-1.5 -1.5 -1.5 -1.5 -1.5 -1.5 -1.5 -1.5 -1.5 3 21.2 47.8 41.4 29.7 2.8 -1.5 -1.5 -1.5 -1.5 -1.5 -1.5 -1.5 -1.5 -1.5 -1.5 -1.5 -1.5 -1.5 -1.5 -1.5 -1.5 -1.5 -1.5 -1.5 -1.5 -1.5 -1.5 -1.5 -1.5 -1.5 -1.5 -1.5 -1.5 -1.5 -1.5 -1.5 22.6 26.1 27.9 6.8 31.2 34.3 21.9 7.6 -1.5 -1.5 -1.5 3.7 12.9 2.3 2.3 3.5 -1.5 -1.5 -1.5 -1.5 -1.5 -1.5 -1.5 -1.5 -1.5 -1.5 -1.5 -1.5 -1.5 -1.5 -1.5 -1.5 -1.5 -1.5 -1.5 -1.5 0.8 5.7 12.3
-1.5 -1.5 -1.5 -1.5 -1.5 -1.5 -1.5 -1.5 -1.5 -1.5 44.7 52.8 52.8 42.6 32.5 27.4 10.8 2.6 -1.5 -1.5 -1.5 -1.5 -1.5 -1.5 -1.5 -1.5 -1.5 -1.5 -1.5 -1.5 -1.5 -1.5 -1.5 -1.5 -1.5 -1.5 -1.5 -1.5 -1.5 -1.5 -1.5 -1.5 -1.5 -1.5 4.1 6.2 24.2 31.5 33.2 33 36.3 37 35.5 31.4 18.4 7.6 2.4 14.3 13.3 7.7 13.3 13.5 5.5 2.7 1.5 -1.5 -1.5 -1.5 -1.5 -1.5 -1.5 -1.5 -1.5 -1.5 -1.5 -1.5 -1.5 -1.5 -1.5 -1.5 -1.5 -1.5 0.4 2.3 12.6
-1.5 -1.5 -1.5 -1.5 -1.5 -1.5 -1.5 -1.5 -1.5 -1.5 -1.5 51.7 53.7 54 38.8 29 13.1 -1.5 -1.5 -1.5 -1.5 -1.5 -1.5 -1.5 -1.5 -1.5 -1.5 -1.5 -1.5 -1.5 -1.5 -1.5 -1.5 -1.5 -1.5 -1.5 -1.5 -1.5 -1.5 -1.5 -1.5 -1.5 2 2.8 27.3 30.2 29.3 33.6 39.6 36.5 39.3 36.9 36.9 37.6 32.7 30.8 26.2 11.1 16.8 15.2 19.5 21.4 24.9 11.5 2 -1.5 -1.5 -1.5 -1.5 -1.5 -1.5 -1.5 -1.5 -1.5 -1.5 -1.5 -1.5 -1.5 -1.5 -1.5 -1.5 -1.5 -0.6 1.2 7.2
-1.5 -1.5 -1.5 -1.5 -1.5 -1.5 -1.5 -1.5 -1.5 -1.5 -1.5 51.7 56.2 56.6 51.7 32.2 28 -1.5 -1.5 -1.5 -1.5 -1.5 -1.5 -1.5 -1.5 -1.5 -1.5 -1.5 -1.5 -1.5 -1.5 -1.5 -1.5 -1.5 -1.5 -1.5 -1.5 -1.5 -1.5 -1.5 -1.5 -1.5 2.7 16.2 36.9 32.1 32.7 33.6 36.1 40.4 39 43.8 42.2 41 38.4 35 33.2 20.7 19.3 19 20.4 24.2 28.9 28.4 10 -1.5 -1.5 -1.5 -1.5 -1.5 -1.5 -1.5 -1.5 -1.5 -1.5 -1.5 -1.5 -1.5 -1.5 -1.5 0.8 2.1 -0.5 -1.5 6
-1.5 -1.5 -1.5 -1.5 -1.5 -1.5 -1.5 -1.5 -1.5 -1.5 -1.5 37.3 54.4 59.2 60 38.2 27.6 6.5 -1.5 -1.5 -1.5 -1.5 -1.5 -1.5 -1.5 -1.5 -1.5 -1.5 -1.5 2.9 5.9 3.1 -1.5 -1.5 -1.5 -1.5 -1.5 -1.5 -1.5 2.3 1.5 4.7 28.5 35.2 37.6 33.4 32.8 34.2 36.8 39.8 47.7 49.9 45.7 46.4 46 41.1 35.4 30.7 22.7 21 21.8 25.7 30.9 31.6 23.6 2.4 -1.5 -1.5 -1.5 -1.5 -1.5 -1.5 -1.5 -1.5 -1.5 -1.5 -1.5 -1.5 -1.5 -1.5 2.9 2.3 2.3 -1.5 -1.5
-1.5 -1.5 -1.5 -1.5 -1.5 -1.5 -1.5 -1.5 -1.5 -1.5 -1.5 27 46.9 59 64.5 45.9 29.3 15 -1.5 -1.5 -1.5 -1.5 -1.5 -1.5 -1.5 -1.5 -1.5 -1.5 2.9 6.3 14.1 18.6 17.9 15.8 -1.5 -1.5 -1.5 -1.5 2.8 7.2 11.3 23.4 25.6 37 39 37.4 36.9 41.7 41.8 39.1 45.7 50.3 51.8 50.2 50.6 55.6 39 32.8 30.1 24.2 25 26.7 29.3 32 33 19.3 -1.5 -1.5 -1.5 -1.5 -1.5 -1.5 -1.5 -1.5 -1.5 5 3.1 4.7 -1.5 -1.5 2.9 2.4 2.9 2.3 -1.5
-1.5 -1.5 -1.5 -1.5 -1.5 -1.5 -1.5 -1.5 -1.5 -1.5 -1.5 28.6 39.9 63.2 66.4 51.6 29.9 21.4 13.5 -1.5 -1.5 -1.5 -1.5 -1.5 -1.5 -1.5 -1.5 -1.5 4.1 10.1 21.9 20 22.3 23.1 2.7 3.5 -1.5 14.4 25.6 28.9 27.5 34.5 35.3 38 39.8 42 49.8 45 42.8 43.7 46.5 48.8 49.7 54.7 57.1 55.3 45.1 38.4 37.1 34 28.2 29.1 31.1 38 35.5 33.3 3.5 -1.5 -1.5 -1.5 -1.5 -1.5 -1.5 -1.5 -1.5 4.4 12.6 16 6.3 2.3 3.8 3.9 3.1 -1.5 -1.5
-1.5 -1.5 -1.5 -1.5 -1.5 -1.5 -1.5 -1.5 -1.5 -1.5 -1.5 29.1 43 67.1 53.4 43.2 29 29.5 21.6 -1.5 -1.5 2.8 2.3 -1.5 -1.5 -1.5 -1.5 -1.5 7.8 11.8 19.4 20.9 23.3 23.2 24.6 29.5 13 27.1 32.1 32.1 30.9 35.8 36.2 38.1 42.1 56.1 56.2 58.2 46.5 47.7 47.7 49.3 51.8 53 55.1 59 57.2 42.3 39.2 36.7 37 32.3 34 40.5 38.3 36 24.9 2.2 -1.5 -1.5 -1.5 -1.5 4.7 -1.5 -1.5 7.9 20 18.4 9.2 4.1 7.5 5.1 3.6 2.4 2.7
-1.5 -1.5 -1.5 -1.5 -1.5 -1.5 -1.5 -1.5 -1.5 -1.5 -1.5 -1.5 35.2 54.9 49.6 32.1 29.7 30.3 21.9 6.1 2.1 6.7 5.3 3.7 -1.5 -1.5 -1.5 7.5 9.8 12.1 16.6 20.8 22.7 26.4 28.4 30.7 28.4 28.2 33.7 32.7 31.8 35.9 35.3 35.8 45.2 57 57.9 57.9 62.2 56.6 52.7 56 64.5 60.1 59.2 59.4 54.9 45.3 42.3 39.9 39.1 37.7 36.5 39.5 45.2 36.1 33.5 14.1 3.1 -1.5 -1.5 2.3 8.7 6.6 -1.5 14.4 21.9 26.5 20.8 7.3 7.8 7.8 5.6 2.4 3.1
-1.5 -1.5 -1.5 -1.5 -1.5 -1.5 -1.5 -1.5 -1.5 -1.5 -1.5 -1.5 31.1 45.6 41.6 35.9 30.1 29.6 20.4 19 10.5 9.6 8.1 4 2.3 3.4 2.4 4.9 10.4 13.9 14.9 22.3 27 27.5 29.3 32.2 32.7 32.3 36 33.6 33 34.5 37.7 36.3 38.5 54.3 57.7 61.1 63.6 59.9 61.5 61.3 61.4 61.2 61.7 64.4 56.3 50.5 47.2 42.2 40.9 41.4 41.7 38.3 39 36.8 28.8 25.8 11.1 8.1 4.7 12.7 15 15 11.2 14.2 23.8 36.9 33 10.4 6.3 7.9 7.1 4 3.1
-1.5 -1.5 -1.5 -1.5 -1.5 -1.5 -1.5 -1.5 -1.5 -1.5 -1.5 -1.5 29.6 37.6 45.6 46.4 32.1 28.7 28.7 23.6 13.5 12.2 9.6 5.2 4.6 6.7 6 11.4 9.6 10.4 18.7 20 23.8 26.6 30.8 33.9 38.9 34.1 37.1 35.4 37.7 38 37.6 38.8 43.7 55.6 58 58 62.1 65.7 67 66.3 62.7 61.5 61.8 63.7 64.2 57.9 58.5 51.1 44.2 41.8 40.8 38.5 37.1 35.9 34.4 30.8 27.7 18.1 15.5 18 18.1 19.8 12.8 12.8 22.1 37.6 31.7 18.5 6.4 8 7 5.1 4
-1.5 -1.5 -1.5 -1.5 -1.5 -1.5 -1.5 -1.5 -1.5 -1.5 -1.5 3.8 28.3 36.1 48.3 46.3 34.9 27.3 27.2 25.9 21.6 14.1 13.3 7.4 6.2 9.8 9.9 11.7 10.3 12.8 16.2 18.6 22.6 28.5 32.6 43.1 52.8 45.7 51 56.4 44.9 42.1 40.2 39.2 45.9 57.4 59.4 61.4 66.7 71.9 73.5 71.9 69.4 64.5 64.3 67.8 64.8 60.9 62.9 57.9 48.8 44.1 41.9 38.4 37.8 37.4 36.9 34.9 26.8 25 26.3 21.8 23 19.2 13.5 15.6 22.4 38.8 32.4 25.8 15.4 10.4 7.7 5.7 5.4
-1.5 -1.5 -1.5 -1.5 -1.5 -1.5 -1.5 -1.5 -1.5 -1.5 -1.5 4.8 21.5 32.6 45.3 47.6 38.4 29.3 29 24.3 24.8 20.7 21 18.7 14.6 15 10.8 10.7 16.5 18.2 19.7 21.3 26.5 28.7 35.1 60.5 63.8 59.8 59.8 61.8 57.6 55.6 49.2 46.7 49.4 54.7 61.7 66.3 73.6 82.1 78.8 76.9 75.2 71.8 69.8 73.7 69.1 62.3 66.7 61.4 53.6 51.5 53.1 39.6 36.2 38.9 36.8 33.5 30.3 26 26.5 22.9 26.5 20.5 14 16.1 21.3 37.4 36.8 26.8 25 19.9 16 9 5.8
-1.5 -1.5 -1.5 -1.5 -1.5 -1.5 -1.5 -1.5 -1.5 -1.5 -1.5 -1.5 17.8 25 29.7 49.1 43.4 30.3 29.9 31.5 29.4 25.9 25.6 28.3 19 15.6 13.1 16.1 17.1 19.2 23.2 27.4 28.8 33.3 40.8 58.4 67.6 67.2 63.6 66.2 60.9 58.4 61.4 54.5 51.2 53.4 61.4 64.9 73.7 78.5 85.3 84.8 78.3 76 73.3 78.3 74.4 64.4 64.7 62.9 58.5 57.3 47.8 40.4 36.7 36.1 34.7 33.7 31.4 30.4 28.2 31.3 26.2 23.7 21.6 16.6 20.5 35.3 36.7 34.1 28.2 30.5 16.6 10.9 10.6
-1.5 -1.5 -1.5 -1.5 -1.5 -1.5 -1.5 -1.5 -1.5 -1.5 -1.5 -1.5 -1.5 25.4 27.5 32.8 30.9 35 38.6 38.4 35.4 27.8 26.9 28.7 24.9 20.7 19.5 19.6 19.6 21.6 24.2 32.3 36.6 37.3 52.5 65.1 68.3 66.1 65.3 77.3 66.2 60.8 64.9 62.1 52.2 54.4 56.5 66.6 74.3 75.4 76.1 78.4 80.8 83.9 77.4 74.4 70.7 66.8 64.7 59.8 60.3 60 54.6 41.7 38.5 36.3 38.2 36.2 33.3 31.8 30.8 31.8 31.6 26.1 22.6 18.4 22.1 31.9 35.2 34.7 34.8 34.1 28.4 13.6 12.9
-1.5 -1.5 -1.5 -1.5 -1.5 -1.5 -1.5 -1.5 -1.5 -1.5 -1.5 -1.5 -1.5 24 27.1 27.3 29.4 45.8 49.4 50.9 42.1 32.8 28.8 27.9 30.1 25.3 20.8 21.4 21.5 26.4 26.4 31.4 41 45.4 60.7 72.2 75.2 73.4 69.2 76.3 70 62.5 63.3 62.3 54.7 54.9 58.3 66.4 72.4 72.7 75.4 78.7 85 85.6 83.8 76.7 68.6 72 66.1 58.7 60.9 57.2 49.9 48 39.1 38.7 40 37.9 36.1 34.2 32.3 31.6 31.7 26.4 23.2 18 23.6 23.6 30.2 36.1 35.7 36.8 36.4 27 16.2
-1.5 -1.5 -1.5 -1.5 -1.5 -1.5 -1.5 -1.5 -1.5 -1.5 -1.5 -1.5 1.1 21.9 24.1 19.9 36.8 53.6 58.5 57.2 53.6 39.7 30.9 28.7 28.3 24.6 22.1 21.9 24.8 24.7 30.1 32.3 45.3 57.4 65.3 74.6 80.3 80.8 75.7 77.2 71.5 69.4 68.6 65.8 57.3 61.3 63.6 69.8 78.3 75 79 80.8 90.5 83.3 81.6 72.1 73.2 66.8 66.9 58.2 56 53.7 49.1 44.5 43.6 42.6 40.8 40.3 40.1 36.9 35.4 33.5 32.6 28.5 23.7 17.3 24.6 24.9 24.3 33.6 36.8 41.6 40.3 37.8 21.8
-1.5 -1.5 -1.5 -1.5 -1.5 -1.5 -1.5 -1.5 -1.5 -1.5 -1.5 -1.5 -1.5 2.3 25.9 36.5 61.9 61.8 65.6 66 53.4 46.2 31.1 29.2 26.9 24.3 23.6 23.4 24.7 32.1 32.2 33.2 54 67.8 75 78.2 83.1 84.2 76 73.3 75.3 78.5 71.3 64.8 60.5 60.1 66.8 74.8 82 78.8 80.8 83.8 85.4 86.6 77.4 73.3 69.7 63.1 61.9 56.7 57.4 52.4 52.1 51.9 46.9 53.8 47.8 44.5 40.2 37.9 37.2 35.8 34.6 32.4 27.5 17.5 25.8 31.3 24.8 30.1 34.9 41.9 50.4 46.3 35.5
-1.5 -1.5 -1.5 -1.5 -1.5 -1.5 -1.5 -1.5 -1.5 -1.5 -1.5 -1.5 -1.5 19.2 30.7 54.8 62.4 67.9 65.3 64.5 53.9 44.9 30.8 29.2 27.4 25.3 25.5 25.5 26.4 28.2 33.5 39.4 58.8 72.1 83.2 89.4 90.7 90.2 79.9 77.6 72.3 74.4 68.8 67.7 66.5 68.7 70.5 77.9 79.1 82.5 84.8 85.9 82.4 79.8 76.5 74.1 67.1 65.3 64.7 57 55.1 53.9 58 57.8 51.6 53.5 53.5 47.2 42.2 38.3 38.2 40.4 40.6 37 31.4 18.6 26.7 31.6 26.6 35.6 39.4 46.2 51 50.6 44.4
-1.5 -1.5 -1.5 -1.5 -1.5 -1.5 -1.5 -1.5 -1.5 -1.5 -1.5 -1.5 -1.5 23.3 38.1 59.9 67.5 67.5 61.9 60.7 51.2 35.6 30.4 29.3 28.8 26 25.5 27.1 30.4 36 41.2 53.4 64.4 79.2 87.5 92.3 95.8 98.7 89.6 81.1 74.8 71.2 72.6 70.5 72.2 70.9 74.5 76 83.3 85.6 83.3 79.9 78.7 75.9 75.2 73.9 70.6 67.8 62 56.3 56.7 61.5 60.4 64.5 56.1 51.7 52.4 50.8 46 42.1 40.7 39.2 37 38.9 33.2 22.6 25.4 28.8 33.8 41.7 42.8 44.1 49.3 48.8 46.2
-1.5 -1.5 -1.5 -1.5 -1.5 -1.5 -1.5 -1.5 -1.5 -1.5 -1.5 -1.5 11.5 2.8 29.9 60.2 66.8 65.7 62.6 58.7 53.1 36.5 31.6 29.5 29.9 28.2 26.9 26.8 34.1 44.4 64.9 63.3 68.9 82.3 96.9 99.5 102.4 104.5 95.5 82.9 79.4 74.9 72.2 72.8 75.2 74.4 73 74.4 76.8 84.6 80.4 77.9 77.1 73.5 73.4 67.4 72.2 67.2 59.8 63.9 58.8 62.5 63.9 61.6 57.4 57.1 55.7 53.4 52 57.9 47.6 45.7 37.4 34.7 34.3 23 22.8 29.1 34.8 39.7 49.6 50.7 46.9 47.9 48.5
-1.5 -1.5 -1.5 -1.5 -1.5 -1.5 -1.5 -1.5 -1.5 -1.5 -1.5 5.3 26.1 25.1 28.1 53.5 67.1 60.5 52.5 54.4 55.5 40 31.4 30.1 30.7 28.7 27.7 27.7 32.6 46.2 68.9 68.1 77.8 89.9 100.3 111.2 108.7 107.7 94.6 86.2 83.8 79.6 72.7 73.4 73.8 77.4 79.1 74.5 77.8 75.6 75 76.7 73.4 68.5 69.6 64 66.4 61.8 63.3 63.3 64.5 66 70.4 65.2 61 61 60.4 57.7 56.2 56.4 60.8 58.3 44.3 36.4 30 24 23.5 30.2 35.1 44.9 48.7 59.3 52.1 44.9 44.5
-1.5 -1.5 -1.5 -1.5 -1.5 -1.5 -1.5 -1.5 -1.5 -1.5 -1.5 -1.5 24.3 25.3 34.6 60 54.3 48.4 46.9 58.9 53.1 43.3 33.2 30.7 29.7 29 30.5 29.4 34.8 50.8 67.6 78.2 88.8 105.3 106.9 108.5 111.9 107.4 97.7 88.4 88.8 79 74.1 75.7 78.5 81.1 81.2 81.5 77.3 73 72.6 70.3 68.3 67.1 61.9 60.9 61 61.2 61.8 63.1 68.6 67.3 69.6 67.7 64.2 65.3 69.4 68.1 68.9 72.5 74.1 65.8 59.6 56.1 31.6 24.6 22.9 29.9 35.1 41.3 43.9 52.3 54.3 43.5 40.4
-1.5 -1.5 -1.5 -1.5 -1.5 -1.5 -1.5 -1.5 -1.5 -1.5 -1.5 -1.5 2.6 27.5 39.3 62.5 38.4 33.9 31.3 43.6 46 41.2 37.5 29.5 29 29.1 28.3 30.1 40.9 56.8 72.1 85.9 97.6 106.3 116.7 114.2 116.8 110.3 95.2 91.2 87.1 82.1 76.5 78.6 82 84.3 86.4 83 78.1 74.9 72.9 71 69.3 65.7 62 62.5 65.3 64.3 69.5 69.7 72.1 71.9 73.2 75.9 69.2 69.5 78.3 83 82 86.1 79.2 73.9 62.7 58 37.8 24.3 23 27.8 31.5 36.6 41.3 41.1 46.2 44.3 39.7
-1.5 -1.5 -1.5 -1.5 -1.5 -1.5 -1.5 -1.5 -1.5 -1.5 -1.5 -1.5 1.7 28.4 30.8 29.9 29.2 26.4 27.3 30.7 36.6 38.4 38.4 29.3 31.5 29.9 30.4 41.6 50.5 64 74 87.9 96.4 106.7 113.7 117 119.3 114.5 95.6 90.4 89.2 88.5 88.9 80.8 84.5 88.4 89.8 86.7 86 78.3 74.9 72.3 73 63.9 62.8 66.9 70.8 71.3 73.9 78.8 84.1 86 86.6 80.4 77.5 75.9 80.6 88.5 92.2 92.2 88.8 77.4 68.9 59.4 41.5 30.1 23.4 27.2 29 35.6 40.2 37.8 42.7 44.9 41.9
-1.5 -1.5 -1.5 -1.5 -1.5 -1.5 -1.5 -1.5 -1.5 -1.5 -1.5 -1.5 -1.5 26.3 31.4 27.7 25.8 22.8 23.1 25.7 28.4 37.1 33.6 29.6 29.4 31.3 32.7 42.5 59.1 74.8 86.7 95.6 101.9 110.8 120 126 126.7 121.1 99.9 91.8 90.7 90.2 89.4 89.1 88.5 86.6 91.1 92.9 89.3 81.2 73.5 70 66.2 66.1 66.1 72.5 71.5 74.5 79.1 85.7 95 96.5 95.2 89.8 84.4 83 92.9 90.9 94.1 93.9 88.6 87.2 74.3 65.5 50.4 35.8 23.9 29.2 27.6 33 39.3 36 38.8 41.8 42.1
-1.5 -1.5 -1.5 -1.5 -1.5 -1.5 -1.5 -1.5 -1.5 -1.5 -1.5 -1.5 1.4 26.8 25.9 24.1 21.3 22 20.1 23.6 26.5 29.2 30.4 29.7 30 32.2 33.5 46.7 66.8 78 90.9 103.1 113.9 116.9 127.7 134.5 136 123.6 105.3 93.9 90.5 93.3 94.7 96.1 97.5 94.3 93.6 94.1 88.2 82.2 76.3 67.2 67.7 70.1 73.7 73.9 77.2 82.2 90.3 93.8 99.3 101.3 102.5 100.3 92.1 91.8 97.2 98.4 104.2 99.3 91.1 84 79.8 74.3 61 44.4 26.2 27.7 25.8 28.2 36.8 34.3 36.5 37.8 37.8
-1.5 -1.5 -1.5 -1.5 -1.5 -1.5 -1.5 -1.5 -1.5 -1.5 -1.5 -1.5 -1.5 1.7 26.6 11.3 20.6 13.9 16.1 27.2 28.3 30.8 32.1 30.1 29.6 30.6 35.7 59.8 77.6 83.9 86 100.2 115.3 122.6 132.8 138.1 136.8 123.9 108.9 93.2 91.2 91 92.6 100 100.1 95.9 92.4 88.3 82.1 79.1 74.9 70.4 68.1 68.7 73 76.1 82.2 88.9 97 99.7 103.5 109.8 115.4 110.9 103.3 100.3 100.1 102.5 106.5 105.5 98.1 90.2 82.4 77.4 64.8 44.1 31 36.3 25.7 26.1 27.5 31.8 37.2 37.2 37.2
-1.5 -1.5 -1.5 -1.5 -1.5 -1.5 -1.5 -1.5 -1.5 -1.5 -1.5 -1.5 -1.5 -1.5 2.1 2.2 4.6 9.6 22 28.5 28.7 35 32 30.5 29.9 30.9 38.7 74.4 86.2 92.5 98.6 100.7 114 122.3 129.3 130.3 126.7 126.1 115 98.8 93.2 91.4 92.6 96.9 98.3 93.8 94 88.6 82 76.8 72.2 74.2 72.3 70.5 71.4 77.5 83.8 91 98.4 99.7 108.1 112.9 116.2 113.5 111.9 110.4 106.4 106.3 107.9 104.1 100.8 90.2 84.6 78 66.1 48.3 32.8 32 26.8 28 26.9 30.3 33.4 38.9 42.2
-1.5 -1.5 -1.5 -1.5 -1.5 -1.5 -1.5 -1.5 -1.5 -1.5 -1.5 -1.5 -1.5 -1.5 -1.5 0.9 2.2 13.2 20.9 28.8 28.8 34.6 33 30.2 30.7 33.8 45.2 77.5 94.6 95.7 101.8 110.2 113.6 117.8 121.8 126.6 131 133 123 104.2 98.3 92.7 93.3 94.4 94.1 92.6 91.4 90.8 82.3 73.4 77.6 78 76.5 75.2 77.4 79.4 80.7 87.2 94.4 99.7 109.1 112.9 116 112.8 115.5 115.5 106 108.6 110.1 104.4 97.6 89 86.4 83.3 65.5 52.1 33.3 30.9 28.1 28 26.9 27.6 28.8 39.5 43.3
-1.5 -1.5 -1.5 -1.5 -1.5 -1.5 -1.5 -1.5 -1.5 -1.5 -1.5 -1.5 -1.5 -1.5 -1.5 -1.5 2.3 13.6 22.3 30.2 29.3 32 32.7 31.1 31.3 34 50.7 80.7 96 101.6 105.1 110.8 112.4 114.7 112.8 121.3 134.2 141.1 127.2 109.4 106.1 99.8 100.3 102.5 97.9 95.2 93.2 90.3 85.3 80.6 80.4 83 83.3 80.5 84.3 88 87.2 88.1 95.8 99 106.4 110.7 111.9 113.3 112.4 112.9 106.1 110.5 110.6 108.9 95.1 85 81.5 76.1 66.6 47.7 33.3 30.4 30.2 28.4 27 29.4 28.5 32.9 38.7
-1.5 -1.5 -1.5 -1.5 -1.5 -1.5 -1.5 -1.5 -1.5 -1.5 -1.5 -1.5 -1.5 -1.5 -1.5 -1.5 9.5 21.5 24.6 31.1 22.2 26.1 31.6 32.4 31.7 36 51.2 78.4 89.5 97.3 98.7 100.3 102.9 107.5 110.6 125.4 135 141.7 128.5 114.7 119 109.2 109.2 108.1 112.4 106.1 94.5 89.8 84.7 85 86.4 90.9 90.8 89.3 91.3 98.5 100.8 97.4 94.6 104 107.2 108.9 113.8 113.8 112.1 109.2 106.2 108.6 109.1 107.5 98.3 84.5 85.4 75.5 63.4 45.6 33.5 32 35.8 30.9 28 28.2 30.5 29.3 35.2
-1.5 -1.5 -1.5 -1.5 -1.5 -1.5 -1.5 -1.5 -1.5 -1.5 -1.5 -1.5 -1.5 -1.5 -1.5 -1.5 28.4 26.2 26.9 30.3 19 26.8 32 32.7 32.8 35.6 53.9 71.2 77.2 85.7 89.4 93.9 98.2 102.8 116.8 142.6 152 138.8 135.1 124.3 117.6 116.4 115.9 119.2 115.1 109.6 95.7 88.4 85 97.2 105.8 110.7 105.6 100.6 94.5 100.7 108.8 111.7 110.5 103.2 109.8 109.9 109 111.5 110.6 107.8 107.4 108.6 106.3 105.4 100.6 86.8 78.2 74.1 62.1 46.8 38.8 37.1 35.9 32.8 30.1 32.1 32.1 31.1 30.2
-1.5 -1.5 -1.5 -1.5 -1.5 -1.5 -1.5 -1.5 -1.5 -1.5 -1.5 -1.5 -1.5 -1.5 -1.5 -1.5 19 17.2 14 14.4 20.2 31.3 32.7 32.2 33.5 40.9 50.2 65.1 72.9 76.9 85.3 91.9 100.3 109.3 129.5 154.1 155.3 141.1 142.7 136.2 123.6 121.9 126 124.3 114.4 105.9 93 86 96.1 102.3 117.2 124.8 121.1 110.2 105.8 99.4 111.4 123.2 122.7 120.6 112.6 109.3 111.8 111 109.4 108 108.7 109.7 106.6 98.9 102.6 88.2 84.2 74.6 61.8 47.4 44.7 36.6 37.6 43.4 43.1 39.8 39.7 34.1 32.4
