WholeMapElevations/data/nn/nn16_OST50GRID_20230518/NN16.asc
ncols 200
nrows 200
xllcorner 210000
yllcorner 760000
cellsize 50
[rows 105 to 139 of 200, columns 0 to 77 of 200]
218 225.5 231.7 236.2 244.6 250.6 257.2 268.8 283.4 296.7 310.3 328.6 343.2 358.5 373.3 388 405.1 422.8 451.3 484.7 514.3 545.2 576.7 603.3 630.1 650.4 669.8 680.8 690.3 695.2 690.5 679.6 668 656.9 643.2 616.3 587 554.9 531.5 513 493.5 478.4 462.5 439.8 449.2 454.5 453.9 455.9 459.2 458.7 454 459.9 463.2 466.5 461.8 457.7 461.4 473.4 467.6 467.7 462.9 457.8 450.5 448.9 445.7 442.7 443.5 440 432 427.2 425.7 426 423.6 422.5 410.9 422.5 434.4 447.1
220 225.2 229.4 235.1 241.5 244.8 253.2 266.3 274.5 291 306.9 321.5 332.2 344 357.3 373.3 391.6 421.1 451.3 483.1 513 545.6 570.7 598.9 618.5 636 652.1 670.7 676.2 678.8 672.8 655.8 650 631.3 621.6 602.3 574.3 551.1 529.8 500 478.7 465.1 450 433.1 416.5 434.2 426.6 426.4 425.8 428.6 429.8 434.4 436.7 437.7 440 434.5 436.9 443.3 435.3 441.9 437.7 435.7 425.4 424.4 416.5 415.1 412.3 410.7 412.3 410.6 409.6 407.4 405.4 406.2 393.4 405.7 418.3 425.5
218.6 222.6 224.7 233.9 233.4 239.8 248.4 257.2 272.2 283.5 294.9 307.1 319.6 330 345.3 367 392.9 419.5 448.7 478.6 506.5 538.8 564.1 589.3 614.5 627.5 638.5 650 657.9 658.3 639.3 630.7 614 602.7 597.3 574.5 546.6 537.5 511.2 488 465.3 449.6 432.3 422.3 402.4 410.3 402.5 399.5 403 403.2 407.4 413.4 411 411.8 416.7 417.2 418.2 414.2 408.4 414.8 415.4 405.9 400.5 397.8 394.9 394.3 391.3 390.7 393.8 392.3 389.5 392.3 387.6 385.2 381.5 390.5 399.9 409.1
212.7 217.7 221.8 227.2 228.1 232.8 243.2 257.1 268.7 276.4 284.9 300.5 307 319.6 338 361.2 386.3 419 449.4 474.5 505.9 533.7 560.1 582.4 599.7 608.4 622.1 634.9 634.1 619.2 609.9 596.9 588.5 577.3 561.6 540.8 524 512.6 488.5 466.2 447.6 431.5 419.6 404 391.5 390.9 382.5 378.8 380.3 381.8 391.2 395.1 392.4 392.1 393 397.4 392.8 385.2 378.8 383.6 385.9 380.6 378.5 373.2 374.8 373 372.9 374 371.5 369.5 370.9 374 372.7 372.5 370.1 375.8 384.9 390.3
207.5 217 217.3 222.5 224.4 230.2 245.4 254.3 262.9 271.6 280.9 285.7 299.7 318.7 338 360.8 388.1 418.1 449.4 482.5 509.7 530.5 552 568.7 586.6 598.2 603.6 608.1 599.1 584.9 576.8 569.5 565.1 545.5 524.3 504.9 499.1 475.5 454.8 439.6 426.9 411.8 400.6 387.1 380.3 370.7 365 362.6 362.7 367.4 370.5 374.4 377.7 371.9 373.2 376.3 369.5 367.6 359.1 358.3 357.3 356.8 355.2 357.5 359.8 355.6 353.1 352 346.9 349.3 357 359.1 358.7 356.6 359.3 364.1 367.4 379.6
206.5 209.4 216 222.2 222.5 230.7 245.3 252 258.1 262.7 273.7 283.2 297.9 316.1 333.9 358.9 386.5 420.2 457.1 484.9 504.3 523.3 537.6 554.4 567.9 576.3 579.7 576.7 565.8 555.8 543.4 538.7 519 501.1 486.9 479.8 461.7 441.2 425.4 414.5 404.8 392.4 381.4 370.6 367.1 362.5 357.3 352.6 350.8 348.5 350.8 355.9 355.2 355.8 351.2 350.8 347 344.5 340 337.8 339.4 340.1 343.7 344.1 340.2 338.8 337.1 335.5 335.1 340.3 342.5 346.7 347 346.7 350.7 355.4 356.8 371.3
203.3 207.3 215.2 218 221 229.1 241.5 247.8 251.1 262.7 275.6 283.2 293.1 310.5 330.5 356.5 386.8 415.9 449.3 474.8 490.3 506.3 522.9 535.4 544.8 549.2 548.1 534.9 522.4 511 507.2 502.8 479.1 465 453.4 444.6 430.5 412.2 400.1 391.7 383.8 371.7 363.3 357.4 356.9 345.2 342.6 341.3 337.5 334.6 334.6 340.2 339.4 339.9 335.5 334.6 334.1 331.4 328.3 325 327.1 328.1 331.3 331.2 326.7 324.4 325.5 327.7 328.9 328.9 329.4 335.7 338 337.9 345 346.8 349.5 358.4
203.3 205.5 210.4 217 220.1 227.7 235.4 239.2 250.5 262.5 270.6 278.7 291.1 308.3 326.4 357 386.4 415 439.6 459.6 475.6 493.5 506.6 516.2 519.7 518 505.4 495.2 488.3 480.3 476.8 463.7 446 432.5 419.9 417.6 404.1 386.4 377.7 369.8 360.6 350.2 342.8 345.5 341.4 331.6 330 327.4 326.4 325.5 325.6 327.2 324.4 324.5 322 322 319.9 317.2 316.4 315.3 315.8 317.9 318.2 316.8 317.6 316 319.2 319.2 321.1 320.3 323.2 329.5 332 335.2 338.1 340.4 342.6 344.2
204 204.7 207.2 217.2 223.5 224.8 230.5 240.7 250.8 261.1 269.9 275.7 289.2 309.1 329.8 356.6 383.5 407.7 427.6 449.8 468.4 483.2 492.5 499.6 496.2 485.9 472.5 461.6 462.1 452.9 448.6 432.5 420.2 407.7 395.9 392.8 376.5 361.8 355.2 347 338.6 333.1 330.7 331.3 327.3 323.4 317.3 317.8 318.7 316.5 311.2 309.8 315.1 310 311.3 309.3 305.9 304.8 308.8 307.7 306.3 304 304.8 308.5 307.2 307.6 310.4 311.5 313.1 315.1 319.9 321.1 328.7 330.4 334.5 331.6 334.6 335.8
202.7 204.4 204.9 213.8 221.2 220.8 227 236.2 246.6 259.1 267.2 275.6 286.8 305.4 332.3 351.4 373.7 395.6 421.6 445.8 461.7 472.6 473.6 466.3 461.3 452.7 441.5 432 424.3 423.2 421 406.9 392.1 376.6 378 368.6 351.1 341.4 334 326.1 322.4 323.3 314.3 314.5 312.4 312 305.6 310.2 307.9 308.7 303.3 300.2 301.7 301 299.1 298 298.4 297.5 297.5 297.9 297.6 298.1 299.1 302.8 302.6 302.9 305.4 307.3 310.8 314 316.5 319.4 322.8 326.4 327.6 328.8 328.6 329.1
205.7 206 206.6 210.2 216.5 218.2 222.6 231.8 246.3 255.9 267.7 272.4 281.5 301.2 321 339.5 360.9 386.9 405.9 427 448.7 447.6 445.8 435.3 425.5 418.2 412.4 405.2 396.7 395.7 387.4 380.2 362.2 351.8 349.8 338.1 333.1 324.3 315.1 312.8 311.9 309.8 303.7 300.9 302 299.4 296.4 300.3 297.8 297.6 295 292.9 291.7 292.4 290.4 291.1 292.8 292.6 292.1 292.4 294.5 295.3 298.1 299 300.5 304 305.5 308.3 310.3 312.7 314.7 316.7 320 322 322.7 323.6 324.5 326.8
207.4 208.7 207.8 210.7 213.5 214.9 219.2 235.3 245.2 248.8 258.2 264.8 277.7 294.3 312.1 331 356.3 369.2 398.3 423.9 430.2 420.2 416.3 410.1 406.8 401.8 395.5 386.2 372.1 359.9 352.8 343.6 339.3 333.8 326.7 317.9 313.6 303.7 304.9 301.9 298.6 296.5 295.8 293.5 293 290.1 290.5 294.9 291.6 288.8 289.1 287.1 285.4 286.4 286.9 287.4 288.1 289.1 291.2 296.2 297.8 297.2 298.4 299.9 302.1 302.8 304.1 306.1 308.6 310.3 312.8 315.4 316.5 318.7 320.9 322.1 324.8 327.2
208.8 213.6 208.7 208.3 208.2 212.7 219.9 227.3 233.2 244.7 247.9 261.4 274 291.3 307.4 325.8 347.2 366.3 395.6 398.7 403.7 409.7 405.5 401.4 394.9 388.8 378.3 362.7 353.3 341.2 328.5 320.3 314.3 306.1 300.4 299.8 291.1 290.6 291 288.1 287.4 285.6 285.7 283.3 282.2 281.6 280.7 286.1 284.1 284.4 283.2 282.1 281.6 283.1 285.6 287.7 289.6 291.2 294.5 297.9 302.7 303.3 305.1 306.6 307 306.8 307.8 311.6 318.3 320.5 323.7 325.5 323.4 323.8 324.2 328.1 328.7 333.7
210.1 213.2 211.3 209.2 208.3 210.1 218 223.4 226.2 229.9 242.1 252.5 267.1 286.5 299.1 318.3 332.1 357.1 378.4 387 397.4 401.1 398.4 385.6 374 364.3 358.7 349 335.8 325.6 320.1 306.9 298.3 292.8 284.6 279.5 280.8 282.7 276.9 278.8 277.4 277.1 274.7 270.3 272.2 274.5 279.2 279.3 280.7 279.4 278 280.8 283.5 289.4 293.7 295.9 302.1 303.8 306.7 311.2 318.6 321.2 323 322.7 322.1 319.1 323 326.5 330.5 335.2 337.5 341.3 345.4 348.1 340.8 338.5 345.9 348.5
211.9 216.2 212.1 209.9 208.9 210.2 214.2 218.2 220.6 224.8 232.6 247.7 262.8 272.5 288.4 303.8 324.1 341.6 356.3 372.1 386.8 384.8 368.5 365.3 350.1 340.5 333.4 322.8 316.2 310.2 304.6 293.1 284.8 280.4 271.9 272.4 272.4 268.8 267.9 267 267.5 267.8 266.1 267.9 270.3 272.2 276.8 275.5 273.8 278 284.2 289.2 295 302.2 310.3 312 318.2 320.3 320.8 329.9 336.4 345 350.3 347.2 339.8 337 344.3 349.4 342.9 348.8 354.4 360.2 365.5 362.9 358.1 385.4 376.8 357.1
213.6 214.3 213.2 211.1 210.2 210.3 211.7 213.5 219 221.4 230.2 245.1 254.6 264.6 278 292.6 310.6 324.2 337.8 366.2 358.7 349.8 341.2 336.2 329.6 320.3 312 302.7 297.6 294.3 285.3 277.1 272.5 269.8 268.1 263.5 262 260.4 260.2 261.4 262.7 263.4 264.7 266.1 266.9 271.5 274.2 273.6 281.7 286.6 294.5 302.5 312.3 321.5 324.3 326.5 329.1 334.5 340 353.2 363.6 377.8 370.9 362.9 357.6 356.9 362.1 368.5 368.2 365.8 370 377.2 378.9 382.9 403 396.5 378.7 368.8
216 215.7 215.1 214.1 212.3 211 210.4 211 214.9 221.3 229.4 242 250.5 260.2 272.4 284.6 298.6 309.3 320.9 337.5 329.8 325 323.8 312.6 307.9 296.5 294 287.2 282.6 274.7 270 266.3 262.3 264.7 261 259.4 257.4 257.7 258.8 260.2 260.7 262 262.8 263.9 264.3 270.8 276.9 281.5 289.2 298.6 309.5 320.1 330.3 334.7 338.8 340.6 345.3 350.8 357.6 378.4 399.2 394.3 390.4 383.8 379 375.7 386.1 395.6 413.9 416.2 408.6 402.3 405.9 416.8 419.5 414.1 395.8 377.6
218 217.9 217.1 214.8 213.7 214.4 215.3 212.9 213.3 220.3 229.2 238.4 244.9 254.1 263.9 273.9 282.5 289.8 294.6 309.3 312.8 310.8 299.9 288.8 283.1 281.4 278.9 269.2 263.7 264.3 261.7 261.9 257.9 258.3 256.1 259.3 257 257.9 258.3 259.4 259.9 260.3 261.1 263.2 264.7 274.1 281.9 292.6 304.6 315.7 326.4 339.5 346.3 350.4 353.1 357.7 362.2 372.1 384.9 406.9 415.7 411.9 410.3 404.8 403.9 409.1 429.3 438.4 450.9 459.2 464.1 469.8 460 444.8 437.9 433.3 404.7 385.1
220.3 221.8 217.9 217.2 215.5 216.9 216.2 214.3 213.8 219.7 227.7 235.2 240.1 250.7 260.1 264.6 270.7 277.6 283.1 291.9 289.8 283.2 279.6 274.4 271.4 265.5 257.6 255.7 256.2 256.6 254.7 256.8 255.3 255.4 254.8 256.1 256.7 258.4 259.3 260 263.5 263.4 262.6 263.8 273.2 283.5 294.2 310.4 319.5 336 344.2 358.1 363.1 368.8 375.3 378.4 386.2 407.6 422.1 426.8 430.2 423.2 428.3 431.3 440 448.4 459.4 469.9 483.1 493.9 494.4 487.5 475 457.1 455.4 429.2 400.9 382.8
224.2 228.8 218.9 218.4 217.8 218.2 218 215.2 217.2 220.2 226.5 231.5 239.8 244.7 251.2 254.1 257.6 262.9 266.4 270.7 268.4 268 265.7 257.2 255.1 254.3 250.9 253.3 253.2 250.7 252.4 252.6 253.9 256.5 257.8 259.9 261.7 261.7 261.1 268.3 274.7 273.7 271.8 275.2 286.6 297.4 310.8 322.2 340.3 348.6 359.9 370.3 383.5 398.2 407.7 414.9 415.2 432.3 444.1 450 445.4 440.2 458.7 467.8 476.7 481.5 489 497.4 504.9 503.8 498.8 486.2 467.1 461.8 440.3 413.1 395.1 376.4
228.1 226.1 220.6 220.9 221.1 221.5 219.6 216.4 217.5 219.6 223.7 226.4 232.9 238.2 243.2 247.4 252.2 253.2 250.8 254.5 258.2 254.2 246.7 246.7 248.1 248.8 250.7 250 247.9 251.1 252.8 256.5 257.1 257.6 259.9 262.9 266.2 267.1 266.6 274.9 278.7 279.9 284.2 290.6 300.7 313.4 324.1 341.1 354.4 367.4 394.7 402.6 417.4 428.7 441.2 447.2 446.1 444.2 454 459 462.2 478.7 490.2 496.4 501 500.4 503.5 505.5 502 496 487.2 467.4 463.8 441.1 420.5 400.8 379.4 360.4
231.7 228.6 225.3 222.9 222.8 222.1 220.5 221.2 221.7 223.6 223.4 227.7 227.7 232.3 236.8 241.6 241.3 243 242.1 242 243.5 241.7 242.7 243 244.4 245.9 247 246.7 249 251 252.7 256.2 257.1 260.4 262 265.9 269.5 274.4 275.5 280.5 289.1 294.6 297.7 303.1 314.3 327 342.4 362.3 377.3 393 407.6 425.2 441.6 447.3 455 466.4 468.5 465 466.9 470.4 492.1 499.9 508.5 510.2 512.3 506.2 502.4 494 483.6 483.4 470.6 459.1 441.7 429.1 409.4 385.5 371.7 379.8
235.8 235.7 235.7 226.1 226.1 226.2 224.7 227.4 230.5 230.4 232 236.1 237.5 234.2 237.9 239.7 238.7 238.7 239.7 241 243.1 244 243.7 245.1 246.9 249.1 253.5 251.9 252.7 254.7 257.1 258.6 261.6 263.7 266.5 273.1 276.4 281.2 286.8 294.4 304.6 317.7 317.6 322.4 333.5 348.8 364.3 381 401.7 414.6 437.3 455.8 470.1 471.5 481.6 489.1 492.8 496.6 492.9 490.2 490.5 499.5 504.3 504.7 503.3 499 492.9 484.1 471.5 468.9 469.2 470.6 447.5 424.8 403.5 383.2 392.5 396.4
239.9 243.3 241.4 231.7 230 233.6 234 242.4 240.6 238 238.1 241.9 242 242 244 245.7 241.8 242.6 242 243.2 244.4 245.2 244.9 248.2 252.8 255.9 260.3 262.4 261.9 261.3 261.6 266.1 269.2 273 280.5 286.1 291.4 292.6 296.9 308.2 322.2 338.2 336.1 342 352.7 376.7 395.3 408.5 419.7 440.5 464.3 478.6 491.6 500.7 513 520.5 524.2 521.7 513.8 512.2 510 506.6 500.5 499.4 498.1 493.7 487.2 482.3 474 468.7 469.4 463.1 451.5 422.3 394 407.8 416.3 422
248.4 246.4 241.9 236.7 235.6 241.6 249 252.3 256.5 248.1 244.4 244.9 244.6 245.7 245.6 245.4 245.7 246.4 252.4 256.4 250.5 251.5 250.6 256.7 262.6 268 274.2 274 270.5 270.9 273.1 273.9 285.5 284.1 290 298.7 302.7 307.2 312.5 326.7 344.5 347.5 354.7 361.4 379.9 398.7 416 428.3 443.6 456.9 478.3 494 506.5 517.5 527.2 534.7 534.5 527 520.1 514.2 509.3 508.1 507.3 508.4 505.2 501.8 493.6 485.3 471.8 468.6 471.4 462.2 435.4 408.3 416.7 432.3 435.5 436.5
256.3 252.7 245.9 248.9 250.8 255.8 258.7 260.8 264.9 262.8 253.4 250.7 253.3 251.8 255.5 253.5 260.1 265.6 266.3 265 262.4 258.4 263.4 272.4 281.1 285.2 290.9 287 288.5 292.7 287.3 293 292.9 295.6 303.1 314.6 317.9 326 336.3 352.8 359.8 366.2 376.5 391.2 411.6 422.6 437.4 451.5 475 494.5 511.7 527.8 535.3 546.1 554.3 555.6 552.3 545.2 543.6 532.8 524 522.7 519.9 514.6 509.7 504.6 496.9 484.2 480.5 475.5 471 442.1 416.7 425.3 441.9 451.1 451 451.5
262.2 255.6 255.8 255.6 265.5 267.6 269 271.5 273 271.2 264.9 268.1 269.8 267.8 268.4 270.9 274.1 283.9 275.5 278.1 274.3 277.4 286.6 288.7 294.9 302.2 306.9 303.4 308.3 301.9 300.8 304.6 311.9 312.2 322.7 329.9 336.1 351.6 360.9 367.1 380.5 391.9 403.5 416 434.5 449.9 465.5 488.6 502.7 521 537.9 549.2 560.1 567.9 568.7 573.2 572.2 564 557.2 546.1 529.3 521.2 517.4 510.3 507.9 497.7 499.1 491.5 478.2 475.5 452.4 425.7 435.9 451 457.6 458.3 453.8 447.3
270.8 265.5 267.1 267.2 274.5 280.4 280.7 280.2 283.2 281.6 283.4 290.9 284.3 281.9 286.2 288 290.8 299.4 292.1 290.5 292.6 299.3 304.4 308.4 316.4 317 318.1 318.2 316.3 316.4 318.3 325 332.3 334 338 343.9 359 372.9 386.7 382.3 403 411.5 425.3 444.5 461.6 484.2 507.2 521.9 538 549.7 564.1 578.4 585.1 583 584.2 586.9 585.4 576.3 566.1 552.8 533.9 520.9 512.7 508.5 506.2 504.5 505.7 487.9 470.5 463.6 439.9 450.7 462.7 462.8 467.7 467.9 454.6 444.5
282.7 275.5 278 283.3 290.8 295 290.8 291.3 295.2 300.7 301.1 297.5 302.9 300.3 309.6 305.6 306.3 307.7 306 311.3 320.4 321.5 326 325.6 328.8 334.5 332.6 330.8 330.4 338.9 342.5 351.3 364.2 367.5 368.6 369.1 385.6 401.6 408.5 406.6 421.8 430.1 443.5 462 496.2 517.7 533.2 547.8 562.5 575.2 587.2 596 599.3 603.8 611.4 615.4 607.2 598.1 583.5 566.4 544.4 526 515.4 509.8 505.7 504.5 497.9 482.8 474.4 474 475.7 471.9 475.8 477.4 471.4 464.6 456.5 451.1
283.5 283.3 287.5 294.5 296.5 301.9 304.3 303.8 308.1 314.5 306.9 311.3 320.8 320.7 328.5 329 320.8 321.3 326.6 334.4 340.3 339.7 344.8 346.6 347.4 350 349.3 348.3 356.7 363.4 379.8 390.4 399.8 403.3 403.5 403.8 422.7 440.3 437.3 432.9 439.6 453.2 459.9 492.5 518.9 535 550.6 566.6 585.7 601.1 614 623.5 633.1 638.8 648.7 650 638.3 629.4 607.2 579.7 558.6 539.9 522.4 514.2 504 499.8 488.9 489.2 486.5 493.8 494.3 488.9 484.2 479.6 469.8 466.1 471.8 481
287.2 289.5 296.8 303 304.7 309 313.1 315.8 316.9 320.5 318.7 328.3 335 340.5 342.6 342.7 346.1 342.6 346.6 353.3 355.1 355.9 360.8 369.8 366.9 366.2 369.6 373.7 384.1 403.1 413.9 424.3 433.9 442 440.5 450.3 469 468.4 456.1 450.8 458.8 468 484.6 505.9 529.5 548.9 572.7 595 615.3 632.3 650.1 660.7 669.1 673.4 683.2 683.2 664.3 640.9 618.6 589.4 564.7 545.2 527.6 514.5 506.7 501 495.9 497 503.9 505.4 502.3 494.9 488.9 482.4 485 494.7 503.3 514.8
294 295 302 305.9 308.6 313.8 318.9 327.3 329.3 331.4 337.1 344.3 353.9 359.4 360.1 363.8 364.7 368.8 368.3 378.5 377.1 376.8 381.8 385.5 386.3 387.8 390.6 398.2 419.3 434.1 444.8 454.5 459.5 467 477.9 492.1 492.7 480.6 463.6 467 477.7 487.9 501.2 525.1 545.6 567.6 588.4 612.1 636.1 657.7 669.1 684.6 694.1 702.5 705.1 693 669.3 644.1 616.9 589.4 566.5 543.6 527.3 512.6 508.2 507 508.6 513.5 514.5 513.6 511.5 500.3 494.1 503.1 515.3 521.1 526.7 535.2
304.1 301.7 309.7 313.4 318.1 323.7 329 334.7 339.5 347.2 354.5 365.1 372.3 377.1 378.7 381.7 386.4 390.9 393.2 396.5 396.6 397.6 402.4 400.7 399.6 406.6 419.4 425.1 452.3 472.8 485.4 482.5 494.7 501.2 521 529.3 515 494.3 483.5 485.5 493.3 505 523.3 543.2 570.6 588.5 605.4 621.2 646.8 667.2 688.6 709 718.5 721.4 703.8 687.7 667 648.5 617 585.3 567 544.8 526.1 513.8 515.4 518 524.1 525.6 525.4 526.1 512.7 505.8 517.7 529.7 537.5 548.6 551.5 558.3
314.4 312.9 317.6 322.8 325.1 330.5 343.3 343.7 349.7 363.1 373.6 381.8 390.1 396.3 400.6 402.7 408.7 410.1 410.7 413.4 413.9 416.5 419.6 423 426.4 436.4 445.5 449.5 470.2 490 500.8 509.8 539.1 552.6 555.9 555.4 552.3 538.3 509.6 502.2 508.6 521 541.6 571.9 604.2 621.9 631.3 644.7 661.2 681.4 696.4 717.1 725.6 715.8 698.6 673.6 660.2 639.9 611.2 582 558.3 540.1 524.7 521.7 529.2 530.5 534.7 532.7 528.9 519.9 523.2 535.1 546.4 551.9 559.5 570.5 569.3 579.6
330.6 326.2 325.8 332.7 335.7 343.9 348.3 357.3 371.1 382 391 396.6 408.8 413.8 419.8 425.6 427.8 427.4 425.5 425.8 428 431.9 437.6 445 452.8 464.6 474.1 482.2 490.2 510.4 525.3 547.6 568.7 579 593.7 615.9 595.5 570.4 539.5 524.1 531.5 547.3 576.7 601 630 656.4 668.7 676.7 685.5 692.5 703.7 723.4 721.5 702.5 685.8 665.7 648.3 624.8 599.8 581.6 558.8 537.7 527.8 533.4 539.8 541.7 544.1 538.7 534 538.7 549.1 557.9 566.2 568.9 575.9 584.8 588.2 602.4
