UK/data/so/so39_OST50GRID_20230518/SO39.asc
ncols 200
nrows 200
xllcorner 330000
yllcorner 290000
cellsize 50
[rows 105 to 139 of 200, columns 0 to 77 of 200]
258.3 262.1 271.3 280 283.3 286.3 291.4 294.1 294.1 292.8 291.1 285.2 278.8 273.4 268.4 263.6 259.7 257.3 257.6 257.9 256.5 254.2 251.9 251.4 255.6 257.3 259.4 260.5 263.2 268.3 274.6 281.3 290.7 285.2 294.3 306.2 316.7 324.4 319.4 320.6 323.6 323 311.3 292.9 280.6 271.7 264 258.9 260.1 263.4 268.7 272.5 278.5 286 295.5 311 328.3 342.5 353.4 368 383.2 389.5 385.1 380.1 368.8 359.2 350.2 341.5 329.5 340.4 342.6 342.4 338.9 342.2 351.2 361.6 370.2 369.4
249.1 252 261.1 263.7 268.2 273.2 275.6 275.2 276.2 277.1 277 274.7 268.9 263 258.9 255.2 251.8 250.4 253 255.2 252.2 247.7 245.3 249.2 254.2 254.6 257.4 259.2 265.7 275.3 283.3 286.1 286.4 284.2 296 312.8 316.4 310.7 312.3 318 323.6 322.5 304.6 287.1 277.4 268.5 263 260.1 261.3 265.4 267.9 272.2 278.8 288.5 299.6 313.1 327.2 341.2 355 371.8 386.3 384.1 379.2 371.9 363.7 357.7 350.3 340 341.8 350 351.3 350.1 348.4 353.5 361.8 370.6 377.1 375.8
238 240.4 245.2 247.2 253.2 258.4 262.8 262.3 264.4 264.8 266.3 266.2 260.3 254.4 250.7 246.2 244.4 244.6 248.8 251 247.9 242.2 245.1 250.3 251.3 252.2 257.2 259.3 262.2 272.7 286.7 280.1 277.8 281.6 301.1 312.6 306.5 304.4 308 317.3 323.4 316.2 299.6 282.4 273.2 265.9 263.1 261.2 262.8 263.4 266.7 271.9 279.1 290.4 302.4 315.3 328.6 342.5 356.1 371.6 379.2 377.4 369.4 364.4 361.8 356.9 350.8 351.5 353.5 357.1 360.6 360.1 361.5 367.6 374.7 379 381.5 373.2
228.9 228.1 229.1 232.6 237.4 243.5 249.8 252.4 254.4 256 260.4 257.2 249.3 244.3 239.7 238.9 238.8 239.7 243.3 244.7 241.6 236.6 245 248.7 247.9 250.7 259 263.1 266.8 259.7 269.8 268.8 269.9 276.3 293.7 301.3 298.4 299.8 308.7 318.1 319.4 310 293.8 278.8 269.3 263.6 262.8 262.4 264 264.8 266.3 272.4 280.1 291.9 304.5 317.8 331.4 344.9 359 371.6 374.2 366.9 361.2 358.5 357.8 355.2 355.4 356.5 360.1 364.2 368 369.4 374.9 379.9 386.3 387.4 381.5 371.2
222.3 221.8 220.8 223 227.4 231.5 235.5 239.1 240 239 238.7 236.4 236.9 236.8 234.6 234.1 236.1 236.7 239.1 239.7 236.5 235.7 242 244.8 246.5 250.7 258.1 265.1 280.7 270.4 258.6 258.4 261.7 269.8 287.4 293.7 290.9 296.5 309.2 316.2 314.5 303.9 290.7 277.2 270 266.3 263.2 261.1 263.5 265.2 266.3 272.1 279.7 291.5 304.8 318.2 332.6 348.1 361.7 370 366.5 359.1 354.9 352.6 352.1 354.6 356.4 359.7 365.4 370.8 375.2 379.6 385.4 389.2 391.3 390.5 381.4 370.1
215.7 216.6 216 218.6 222.6 224.6 227.1 229.3 229.7 228.4 226.9 227.7 229.5 230.8 229.5 231.8 233.8 234.7 235.5 233 231.1 236.9 239.4 241.6 245.1 251.1 259.4 269.3 269.8 278.5 262.9 251.4 252.5 264.8 272 282.6 280.2 295 309.1 312.3 307.4 296.6 285.6 277.6 275.7 268.8 262.7 261.5 262.7 264 265.9 271 279.3 291.1 300.9 314.2 331.5 348.5 360.8 361.3 356.9 352.5 348 346.6 347.1 351.2 358.1 363.2 371.8 376.8 381.9 388.6 394.1 395.2 394.4 391 382 369
210.8 212.8 214.3 220.2 220.6 219.6 221.7 223.2 222.8 221.3 221.3 222.4 223.7 225 226.9 229.6 231.5 232.4 230.7 225.5 231.5 235.6 238.1 239.7 244.2 250.9 260.2 268.9 263.8 263.5 259.7 249.6 246.4 252.2 260.1 267.7 273.7 293.8 306.7 309.1 304 293.6 285.1 280.3 276.9 268.8 264 261.6 262.7 265.7 266.2 270 276.7 285.7 296 309.4 329.2 345.6 354.6 353 349.9 345.8 341 340.2 342.6 349.8 358.7 369.5 381 388.4 395.8 403 407.2 403.9 400.3 393.4 379.1 355.9
208.2 211.5 217.5 219.4 219.3 218.1 217.6 219.3 216.8 216.1 216.8 217.8 219.1 222.3 225.6 227.8 229.2 228.8 223.2 227.3 231.7 233.5 235.2 238.4 241.9 248 260.2 265 268.6 254.3 250.9 246.8 244.4 242.9 248.8 257.3 268.8 288 297.8 303.9 298.8 288.6 281.4 279.4 273.2 265.4 261.8 260.6 257.4 262.1 264.7 266.9 272.9 283.5 292.5 307.2 324.5 341.7 349.1 347.9 344.2 335.9 330.7 334.2 340.9 350.5 360.7 374.7 387.7 397.5 407.6 415 418 415.3 408.6 396.2 379.3 350.1
211 213.5 218.6 220 218.3 216.1 214.8 214.1 211.5 211.5 212.6 214.7 218.1 221.1 222.8 224.9 225 221.7 223.8 229.8 231.1 232.3 234 237.4 240.8 246.3 254.3 260.4 258 256.7 247.8 244.3 245.2 242.9 243.3 251.1 263.4 278.8 294.4 293.2 290.1 279.9 275.3 271.8 265.7 261 259.7 258.4 254.9 259.4 263 266 274.2 284.4 293.6 305.3 320.9 338.1 345.6 340.7 334.2 319.3 325 332.3 341.9 352.1 363.5 378.7 392.4 407.3 418.7 425.8 428.2 422.5 413.1 397.1 375.6 351.2
209.8 215.7 219.3 220.8 219.2 215.6 212.1 209.4 208.1 207.9 208.8 213.2 214.5 215.9 217.3 217.7 213.6 219.7 227.1 229.3 229.7 230.6 233.7 236.9 240.9 247.3 252.1 255.3 249.5 249 246.3 241.8 248.1 242.8 239.8 243.6 257.2 269.5 283.9 282.9 278.4 268.8 267.6 264.2 260.5 258.6 257.4 256.1 254.2 257.8 260.9 265.1 270.9 281.5 296.1 308.2 315.7 332.2 333.8 328.9 312.4 315.5 321.7 330 341.7 355 372.1 387.4 402.9 416 427 433.7 436.2 429.9 418.5 401.4 379.6 354.2
207.2 213.3 218.4 218.5 217.3 214.8 211.3 208.5 205.9 204.1 206.5 209.3 210.7 209.4 209.9 209.8 217.6 223.9 227.1 227.3 228.3 231.7 234.6 238 245 245.4 249 256.2 248.7 242.6 238.9 238 244 243.6 240.4 240.7 251.3 266.4 270.1 269.8 265.8 263.9 262.1 260.7 256.7 254.8 253.9 253.9 255.2 256 257.1 263.6 268.1 276.8 290.4 295.4 303.7 313.6 317.4 304.8 308 313.8 320.7 329.4 342.4 360.6 383.3 402.2 416.9 427 435.9 442.8 443.5 435 423.5 405.9 385.4 363.6
205.8 210.4 213.5 214.7 213.8 212.8 211.1 208.6 205.8 203.4 204 205.5 204.6 203.4 209.8 212.7 216.5 220.6 224.8 225.4 227.1 232.8 236.4 239.9 244.7 243.8 245.6 249.2 245.1 240.3 233.5 237.5 242.5 241.5 237.9 235.4 240.2 254.7 259.4 260.1 259.9 258.2 258.5 256.2 253.2 251.2 251.2 251.9 253.1 252.6 256.4 261.9 264.5 269.1 276.2 283 287.2 296.2 299.4 301.1 306.9 313.2 321.2 330.6 345.2 366.1 390.7 411.1 424 432.9 441.7 449 447.3 436.9 426.1 410.8 392.5 374.2
206.6 210.8 210.4 210.8 210.5 209.6 207.6 205.9 204.7 202.9 201.2 202.2 203 206.5 209 210.5 213.1 217.2 221.8 222.5 226.9 232.1 234.6 241.5 242.6 240.8 239.1 237.6 238.5 238.2 232.9 235.3 242.1 238.8 235.2 231.8 230.5 238.6 249.9 252.4 250.9 249.4 250.2 250.2 248.7 246.5 247.5 247.3 248.7 254.2 261.7 265.5 267.5 268.9 272.2 277.8 282.3 287.4 293.2 299.4 306.4 313.6 321 333.6 351 375.4 398.6 414.3 426.9 437 445.6 451.9 446.6 437 426.6 412.3 392.6 379
206.1 210.4 211 208.8 206.6 205.6 202.7 200 199.8 199.3 199.5 203.2 205.7 207.9 208.9 209.1 209.8 214.1 217.8 220.4 224.3 229.7 231.1 237.1 241.7 238.2 242.1 233.2 230.4 231.1 229.4 229.8 235.7 234.3 231.6 229.2 228.2 229.3 235.7 244 243.5 241.9 242.8 243.4 242 237.3 243.2 245.2 248.7 253.4 258.6 265.7 267.4 272.8 277.6 280.7 284.8 288.1 293.7 300 306.6 313.9 323.9 340.2 360.2 382.8 401 415.2 428.5 438.9 447.8 450.9 443.9 434.4 424.6 410.8 392.3 380.7
204 209.4 210.8 207.8 204 199.2 197.1 195.5 195 195.1 198.4 202.3 206.1 207.5 207.2 207.9 209.6 212.6 214.7 219.1 222.8 226.3 227.3 232.8 233 230.2 232.8 231.2 226.8 225.9 226.2 226.6 230.3 231.2 229.3 226.6 225.4 225.9 227.3 231.6 232.9 234.2 236.5 237.1 234.3 240.9 241.6 244.4 250.1 256.2 262.6 268.3 276 284.2 290.7 288 287.1 290 295.8 300.4 307.2 316.2 330.1 351 371.1 389.7 403.1 414.2 427.3 438.2 446.1 446.9 440.1 431.1 420.8 405.3 389.2 377.1
201.5 207.5 209.8 208 202.7 196.1 193.7 191.8 191.3 194.3 196.8 199.4 201.7 204.1 207.6 208.4 208.7 210.4 213.7 218.6 220.8 223 226.2 228.6 229.1 226.3 224.1 225.8 225.4 223.9 222.7 224.6 226.2 227.3 226.2 223.3 223 222 223.9 226 227 227.2 229.9 231.4 233.2 239 241.4 245.3 251 260.4 267.5 275.6 286.3 298.6 302.1 294.3 292.6 293.8 297.2 301.2 308 320.6 339.6 358.5 375 389.8 400.1 412.2 423.6 434.6 442.4 442.2 435.2 426.4 414.2 398.4 383.5 371.7
199.1 205 208.7 206.6 199.9 193.6 191.1 188.6 189.1 190.6 193.9 198.1 202.3 206.7 209 209.5 209 208.7 212.1 216.2 218.5 221.9 225.7 227.4 226.6 223 219 219.6 220.2 220.6 220.2 223.3 225.2 223.7 222 220.7 221 220.7 220.5 223.7 229.1 222 225 226.8 231.8 236 240.3 245.7 253.5 264.6 274.7 284 296.3 309.6 302.7 296.2 293.1 295.2 297.6 301.9 309.5 323.3 345.2 362.1 374.6 384.9 395.1 406 416.7 427.3 435.4 435.1 428.5 419.6 407.4 391 376.7 366
196.6 201.3 204.3 203.9 197.9 192.3 188.1 184.9 181 187.6 193.1 199.1 203.5 208.1 211.2 212.6 210.6 209.2 211.9 215.3 218.7 221.2 222.3 222.8 221.9 220.4 217.1 217.5 217.7 217.7 218.1 222.3 228 226 223 221.3 219.7 219.5 219.2 221.3 223 219.1 221.7 224.1 229.8 234.9 239.8 247.4 258.2 269.7 285.6 299 308.8 314.8 297.9 294 293.3 294.3 297.7 301.7 310.5 327.2 345.9 360.8 371.5 376.9 383.9 394.9 405.7 416.3 425.9 425.8 420.7 411.5 401.9 383 368.9 358.7
193.4 198 201.4 201.3 197.8 192.5 186.9 183.8 179.7 184.2 192.4 199 205.3 211.8 215 213 209.7 209.8 212.5 217.8 221.5 223.2 221.1 219.3 219.1 217.7 216 216 216 216.4 216.7 217.2 222.4 221.2 220.5 219.5 218.5 217.1 217.2 216.2 215.9 216.7 219 222.4 227.6 233 239.7 251.2 262.3 276.2 292.7 305.3 312.9 311.5 296.3 289.8 288.8 291.1 293.4 299.6 312.3 330.7 346.8 358.9 366.6 369.8 375.2 385 393.6 405 414.9 418.5 415.6 406.4 393.9 376.4 362.2 353
191.4 195 196.8 197 194.5 191 187 183.4 176.4 182.4 190.5 197.4 205.4 212.5 214.1 212.3 209.4 210.6 215.2 220.8 224.5 226 225 221.6 218.3 216.9 215.6 215.4 215.4 215.9 215.1 215.3 216.5 215.7 215.6 216 214.5 213.7 213.4 212.7 213.7 214.6 216.8 221.3 226.1 232 242.3 253.7 266.4 282.4 297.4 307.5 306.3 300.7 291.4 286 285 287 289.2 295.7 311.9 329.5 343.1 351.2 358.1 360.9 370.3 378.4 389.5 401.1 411.4 415.7 412.5 404 392.9 373.7 356.8 346.9
189.7 192.3 193.1 192.9 189.9 187.3 185.6 184.2 177.2 179.8 188.3 195.4 202.6 209.9 212.8 212.8 210.5 211.9 217.8 222.4 225.8 227.8 226.8 224 220 217.1 216 215.2 216.2 218 216.9 215.3 214.6 214.1 213.4 212.9 212.3 212.5 212.9 212.2 211.6 212.8 214.2 219.8 225.4 234.1 243.8 256.3 269.7 286 295.9 300.4 297.8 292.9 286.6 281.6 280.6 282.5 283.7 291.1 308.2 323.8 333.5 338.4 343.3 349.9 359.5 370.3 383.4 395.5 405.1 408 406.4 399.1 388.4 372 353.4 340.1
189.8 189.5 190.7 190.1 186.6 183 183.6 182 173.8 180.7 187.2 194 201.9 209.3 213.6 213.5 212.9 213.6 216.9 221 224.4 226.6 227.9 227.3 223.5 219.6 217.7 219 217.8 220.2 219.4 218.7 218.5 217.9 216.8 217.1 216.7 217.7 218.7 215.4 211.3 211.1 212.1 218.1 227.5 237.5 246.5 261.1 272.7 284 291.8 295.5 293.4 288.9 282.8 276.6 276.6 278.1 280.5 287.5 302.4 315 322.5 323.8 331.9 340.3 351.3 364.4 376.1 389.2 396.5 398.1 397.7 392.4 384.3 369.8 354.6 334.8
188.9 188 187.2 185.2 182.1 179.1 179.9 175.2 174 182 186.5 193.1 199.6 206.1 210.4 212.5 213.5 214.4 218.2 222.2 224 225.5 226.5 227.7 226.4 222.8 220.1 219.1 220.8 222.2 220.7 219.8 220.9 220.4 220.9 221.4 222.8 225.6 227.7 220.5 210.3 209.5 210.3 216 228.9 238.2 246.2 258.5 269.5 280.9 289.8 293.4 290.4 282.9 276.5 270.6 273.2 274.5 276.5 282 296.8 307.9 310.7 315.9 325.3 336.2 348.1 361.4 374.6 383.5 388.7 389.4 388.1 385 377.6 365.7 352.2 333.7
187.3 186.4 184.3 181.4 177.1 174.7 172.3 169.6 181.5 183.8 185.8 191.1 195.9 201.7 205.5 208.5 211.3 216.1 220.6 223.4 223.6 224.6 225.9 228.4 228.5 225.5 222.5 220.5 222.9 224.2 222.2 220.5 221.7 221.9 223.3 225.3 226.5 229.4 228.5 219.3 209.9 208.5 209.2 214.5 225.1 236.2 245.4 257.2 270.9 289.6 287.5 291 286.8 276.9 268.1 263.4 271 272.2 273.2 276.6 287.8 297.7 300.7 307.9 318 330.3 344.6 358 370.6 376.4 379.5 379.7 378.3 375.1 368.7 360.6 349.4 333.2
182.6 183.5 180.5 175.1 171.2 169.3 165.5 173.7 181.3 182.8 185.2 187.7 192.4 197.2 200.6 205.5 210.9 216 220.1 221.1 223.2 224.5 226.5 228.9 229.8 229.4 226.4 224.8 226.7 226.2 224.5 223 223.2 224.1 226 227.9 229.8 229.6 227 218.2 209 207.8 208.1 213.5 222.5 233.8 244.9 258.9 276.4 282.6 279.6 285.8 278.8 269.6 261.2 259.6 266.1 270 271.2 273.9 280.3 287.5 293.7 301.4 312.3 325.3 339.6 353.9 364.3 370.5 370.7 368.6 367.3 363.5 357.3 351.9 341.1 326.3
178.4 179.2 176.6 170.3 166.5 162.7 164.1 172.6 177.3 180.3 183 185.8 188.7 192.8 197 202.1 207.5 212 216.9 223.1 227.2 228 229.2 231.6 233.5 234 232.3 230.6 228.9 227.2 225.3 224.3 225.2 227.1 228.6 228.5 228.1 226.4 222.2 214.3 207.1 207 207.6 213 218.7 228.3 243.7 262.9 282 276.5 278.6 284.6 272.1 262.2 255.9 256.3 260.4 263.8 267.8 271.8 277.3 282.2 288.1 298.3 312.9 326.5 344.2 353.9 361.5 363.2 361.4 359.3 356.2 351.5 346.1 339 327 314.7
173.8 174.7 174.3 170 163.7 159.6 162.4 168.5 173.2 177.4 182.6 186.2 189 190.4 192.9 196.8 202.6 209.1 215.2 225.3 231.8 232.5 233.1 235.7 237.9 238.3 236.1 229.7 223.8 220.7 218.7 217.6 218.8 222.6 224.6 224.8 222.9 221 217 210.4 206.2 205.9 205.9 210.3 215 226.7 248.9 269.1 266.8 264.7 265.5 277.3 266.1 256.4 250.3 249.6 252.9 256.8 261.5 267.8 273.5 277.4 282.5 293.3 310.3 326.2 340.9 350.2 353.4 351.5 349.2 346.1 342 338.4 334 324.6 310.7 301.9
168.4 170 169.2 166.9 162.8 157.6 160.2 164.6 170.2 174.9 179.5 185.3 187.7 188.4 189.2 192.6 198.9 206.4 219.6 232.4 235.1 235.3 236.5 239.3 242.7 243 237.7 228.9 220.7 216.4 214.8 213.8 213.6 215.4 217.8 220.7 220.8 218.9 213.1 206.9 204.7 204.7 205.2 208.3 216.1 230 252.6 272.7 272 265.3 262.9 264.4 256.7 249.5 244.9 243.8 246.4 251.2 256.2 262.4 268.7 273.4 277.6 287.1 304.5 322.5 335.9 341.7 341.2 337.1 334.8 331.1 325 322.6 317.5 307.8 295.5 290
163.7 165.5 164.9 162.6 158.3 156.1 158.2 162.1 167.1 171.8 176.5 180 183.3 184.8 186 189.8 194.8 205.4 224.1 233.4 232.4 232.5 238 241.6 244.9 247.3 240.6 231.1 221.3 215.1 213.3 212.4 212.6 213.2 214.5 216.6 217.3 215.5 211.9 204.9 203.4 203 203.3 206.6 218.5 230.2 245.9 230.5 231.2 241.9 260.8 255.2 250.3 243.6 240.1 240.7 243 247 251.9 257.4 261.3 266.7 272.8 281 298.3 317.1 325.8 330.9 328.7 322.6 318.2 313.3 307.6 304.4 300.1 292.1 285 282.7
159.4 161.3 160.9 158.5 154.1 153.9 156.2 159.8 164 169.3 173.4 176.4 179.2 181.4 183.6 187.7 192.1 200.1 217.9 229.7 228.3 230.1 233.2 239 243.2 245.3 242 233 223.1 215.8 213.4 212.4 212.4 212.4 212.4 212.6 211.2 208.3 205.9 204 202.6 201.9 201.9 203.6 209.6 222.3 232.5 244.2 229 239.2 246 244.2 241.7 237.9 235.9 238.4 238.3 242 248.7 252.3 255.5 261.2 268.8 277.9 292.6 311 318.4 318.8 315.1 308.8 302 295.1 293.4 291.4 286 280.3 277.7 277
157.6 159 158.2 155 151.4 153.2 155.3 158 162 166.6 171.2 174 175.9 177.7 180.7 184.8 189 195.7 209 222.2 225.5 223.6 226.8 232.6 239 241.8 239.1 232.6 223.2 216.2 214.5 212.8 212.9 212.9 212.9 213.4 213.2 210.3 206.3 203.4 201.9 201.4 202.4 203.8 204.4 207.7 217.3 225.7 227.1 225 226.4 229.2 231.9 230.7 230.3 232.9 232.2 238.6 246.7 248.2 250.4 256.2 264.9 276.8 292.4 306.4 311.6 308 303.5 295.2 289.2 287.1 283.3 278.8 273.9 272.6 272.6 274.6
155.2 157 154.9 151.2 150.1 152.9 154.9 156.9 161 164.3 168.9 172.1 173 173.7 176.7 180.9 185.5 190.9 201.1 211.4 218 214.9 220 224.6 229 231.2 229 227 222.4 217.5 215.1 213.2 213.7 214.8 216.6 218 217.6 214.8 210 204.2 201.8 202.3 201 201.8 201.9 202.5 206.1 214 218.4 221.6 213.8 214.1 214.5 220.6 222.8 224.7 227.4 234.5 240.7 246.5 247.3 253.2 264 278 294.3 303 302.8 297.2 289.5 282.4 277.9 275.9 273.8 269.4 266.6 267.1 269.9 272.1
152.8 153 151.8 147.2 149.2 152.1 154.7 156.2 160 162.5 166.9 168.4 170 171.2 173.9 177 182.1 187.2 192.9 201.3 211 206.1 217.7 219.9 219.7 220.5 219.1 217.8 216.3 215.4 213.9 213 213.6 217.9 221.2 222.9 222.5 218.3 213 207 203.7 201.7 201.7 200.7 200 199.8 200.1 202.6 201.7 202.8 205.4 204.5 205.6 208.4 215 218.4 222.4 228 234.1 242.9 245.7 254.5 267.2 280.7 291.4 295.3 292.2 284.6 277 271.5 270.2 267.6 264.8 263.2 262.3 264.2 267 269.6
150.1 149.7 147.5 146.2 149.1 152.3 154 153.6 157.1 161.1 166.8 168.3 169.5 168.8 171.6 174.7 177.8 182.8 187.5 193.4 200.9 201.4 209.6 213.1 213.9 213.6 211.8 211.5 211.1 211.3 212.5 212.5 214.3 218.8 222.8 226.3 226.4 221.6 216.9 212 208.4 207.9 204.7 201.7 200.6 199.9 198.4 196.9 197.1 198.3 199.7 201.8 204.1 206.6 209.8 213.7 217.8 222.4 228 236.6 244.4 253.7 268.9 278.2 283.7 284.3 280 274.2 266.4 263.6 261.6 258.4 256.7 256.8 259.1 262 264.8 267.7
147.3 146.7 144.8 145.8 149.9 152.9 151.6 153.4 157.8 161.7 163.8 165 165.8 165 169 172.5 175.3 178.5 183.2 186.7 193.2 197.2 200.7 204.4 207.3 207.4 205.8 205 204.4 205.5 208 212.7 215.4 219.3 222.9 226.3 227.9 226.6 223.9 218.8 219.2 225.6 221.7 214.8 207.3 201.4 200.3 199.2 197 195 196.3 199.2 201.9 204.1 205.9 210 214.1 218.6 223.7 230.5 241.1 249.9 265.2 268.2 268.1 265.9 263.4 260.6 259.5 256.4 253.1 250.2 250.9 253.7 257.3 261.4 264.3 267.6
