UK/data/sk/sk27_OST50GRID_20230518/SK27.asc
ncols 200
nrows 200
xllcorner 420000
yllcorner 370000
cellsize 50
[rows 140 to 174 of 200, columns 0 to 77 of 200]
304.5 302.6 301.9 302.3 301.7 302.8 305.7 307.4 305.6 303.6 298.4 293 296.5 298.5 301.8 306.7 310.7 313 314.2 313.7 313.9 313.6 312.1 310 307.7 304.9 301.3 301.1 300.7 296.4 290.2 283.3 274.3 268.8 266.4 265.4 265.3 266.9 265.4 262.7 259.3 257.1 255.3 251.6 249.2 238.9 224.1 210.2 202.5 194.7 188.8 181.1 173.2 169.5 167.9 165.6 162.5 160.8 155.8 160.4 164.7 169 173.1 179.6 190.6 206.1 224.8 228.2 220.2 209.8 197.3 184.7 171.9 165.5 158.7 151.3 146.7 143.1
285.2 281.9 282 283.9 284.3 285.1 285.6 288.2 287.3 285.4 282.6 279.1 282.8 284.5 286 289.2 292.3 293.6 294.9 296.5 297.5 296.9 296.1 294.8 292.5 290.1 288.8 288.5 288.5 286.2 282.1 275.4 270.3 264.3 262.1 261.5 264.2 266.1 265.3 262.6 260.5 260 257 250 242.3 228.6 214 199.9 193.9 187.5 182.4 175.8 168.5 165.3 164.4 162.4 160.8 157.3 159.6 161.5 165.1 169.7 174.3 181 193.9 208.9 226.1 222.5 212.7 201.6 189.9 177.6 168.7 163.1 157.8 151.2 146.2 142.9
273.2 270 270.4 270.5 271.8 272.3 270 270.3 270.8 271 270.1 269.1 269 270.9 271.7 272.9 274.2 275.7 277.3 280.3 281.4 281.2 281.2 280.4 279.1 277.4 276.4 275.7 276.3 274.9 272.8 268.9 265.1 260.6 257.9 262.3 264.7 265.2 265 263.1 262.6 264.9 263.5 254.3 234.6 221.9 207.9 195.5 187.3 182.2 177.2 172 166.9 163 160.1 158.3 157.8 155.1 160.9 161.8 165.4 170.1 175.4 183.4 196.2 213.7 226.2 217.6 207.1 194.1 181.9 171.8 165.4 160 155.7 149.6 144.9 142.7
269.5 264.1 261.2 261.9 262.6 262.4 263.4 263.8 264.1 264.2 263.6 262.2 261.7 263.1 263.8 264.9 264.9 265.2 266.5 267.7 269.4 269.8 270 270.5 269.3 267.2 265.8 265.2 264.8 264.5 264.1 261.7 259.2 254.9 258.5 263.5 265.8 265.3 264.2 263.6 263.3 265.5 261.7 247.6 235.7 221.6 209.8 200.1 191.8 184.7 178 172.4 167.7 162.8 159.6 157 154.1 154.7 159.9 161.4 165.8 171.1 176.4 184.7 198.9 216.6 223.1 213 200.4 187.2 176.3 169.8 163.4 156 150.8 147.4 147.7 155.5
270.1 264.2 257.7 254.3 254.9 255.5 257 258.4 259.2 259.9 259.3 257.8 256 256.7 257.5 259.8 259.8 260.1 261.9 263.6 264.7 264.2 264.7 265.1 263.1 260.9 259.2 258.7 258.1 257.5 257.7 256 255.1 253.7 258.7 261.4 264 263.9 262.9 262.1 262.1 260.6 256.5 246.4 236.4 224.1 212.7 203.3 191.3 182.4 175.8 170.1 165.4 161.4 158.8 156.6 153.8 154.5 159.7 163.1 166.9 171.4 177.2 186.2 200.6 218.3 219.4 208.2 194.6 183.5 174.7 165.9 158.7 155.5 152.6 153.7 160.9 172.7
269.2 265.1 258.9 254.5 251.2 249 250.5 253.1 255.4 255.7 254.9 253.4 251.1 250.3 251.3 254.4 254.6 255.6 257.3 259.4 260.5 259 259.4 259.2 257 254.7 252.7 252.2 251.7 250.6 250.7 250.7 252.2 252.9 257.2 259.4 261.9 261.7 261.4 260.6 258.3 255.3 251.8 244.3 236.6 223.5 212.5 200.5 189.5 180.9 173.5 167.8 163.1 160.7 158.1 155.4 152.8 153.6 158.1 161 166 171.7 177.9 187.6 202.7 218.5 215.3 211.1 198.5 187.9 179.2 168.4 163.9 170.7 171.4 173.6 181.9 180.6
268.7 264.7 260.4 256.5 250 243.7 244.4 248.6 251.5 251.6 250.6 249.1 246.1 243.9 245.7 248.8 249.5 251.1 252.8 255.3 256.2 254.7 254 253 250.8 248.5 246.3 245.7 245.2 244 243.9 245.3 249.4 252.1 255.3 257.5 259.7 259.5 259.2 258.7 254.3 249.9 247.3 242.9 235.2 222.7 208.8 197.1 188.1 179.5 171.2 165.5 162.2 159.9 157.4 154.7 151.9 151.7 157.4 158.5 164.8 171.6 178.4 189 203.3 217.8 215.4 213.9 205.9 196.4 187 177.7 181.6 189.5 190.3 187.7 183.8 179.5
266.8 263.2 259.5 255.2 246.2 242.3 247.5 251.3 251.9 250.6 246.2 244.7 241.1 237.8 240.1 243.2 244.7 246.6 248.7 251.2 251.9 250.3 248.8 246.8 244.6 242.3 240.1 239.2 238.7 237.4 237.2 241.8 246.5 250.7 253.3 255.5 257.5 255.7 253.6 250.2 246.8 244.6 244 241.5 235.3 220.6 206 192.2 181 176.1 169.5 163.7 161.5 159.2 156.7 153.8 150.6 154.1 159.1 161.5 165.6 171 178.6 187 204.5 215.2 214.9 214.2 211.6 207.6 199.6 192 192.4 190.6 187.3 183.8 180.1 176.7
264.2 260.5 256.1 250.9 239.3 253.5 259.7 257.4 254.7 250.9 245 238.4 234.1 233 235.7 238.2 240.7 243.1 245.9 247.7 247.9 246.8 245.3 243 240.7 238.4 236.1 234.6 234.1 232.9 235.6 240 243.3 245 246.6 247.8 247.5 247.5 246.7 244.7 241.9 240.3 239.6 241 237.9 228.8 209.7 193.6 181.2 171.9 167.5 163.3 161.2 159.1 156.3 153 150.2 152.8 156.9 160.3 164.1 169.8 177.8 190.7 206.2 213.3 212.3 212.2 210 206.7 200.2 196.3 191.7 187.2 184 180.3 176.7 173.5
261.1 257 253 246.7 237.4 252.2 254.6 253.6 250.3 246.6 241.8 233.6 228.6 229.2 232.2 235.5 238.4 239.8 242.5 244.1 244.3 243.2 241.8 239.6 237.2 234.8 232.3 230.5 229.6 230.6 235.1 237.6 239.4 240.1 240.9 241.1 241.2 241.4 240.6 239.4 237.7 235.3 233.7 234.9 234.2 225.1 210.1 196.6 183.6 173.6 168.3 164.4 162.8 160.6 158 153.9 150.7 150.5 155.2 159.5 163.6 168.5 177.5 191.8 207.4 209.8 210.2 210.1 208.2 204.4 199.3 193.3 188.1 183.8 181.2 177.5 174.4 171.9
257.1 252.9 249 240.8 235.7 248 248.6 246.5 244 240.8 235.2 231.2 225.8 227.1 229.8 232.3 234 235.7 238.1 239.6 239.7 238.9 237.7 235.9 233.6 231.6 229.6 227.5 227 230.3 233.3 235.1 235.6 236.4 236.7 236.3 236.4 236.5 235.8 234.3 232.4 229.7 228 226.5 223.8 216.9 207.8 196.7 187.4 178.6 169.8 165.4 165.1 162.4 159.3 156.4 151 147.6 153.7 157.9 162.4 167.2 177.2 192.6 206.5 206.4 207.7 207.8 204.9 201 195.9 190.9 185.5 181.6 178.9 175.9 173 170.8
251.1 248.4 245 235.7 233.6 242 240.5 239.3 237.6 234.5 230.6 226.9 223.9 223 225.9 228.5 231.7 233.3 234.5 234.6 234.6 234.6 233.6 232.2 230.9 228.7 226.6 224.2 225.6 228.8 231 231.6 232 232.7 232.4 232 231.6 231.6 230.5 229 227.1 224.9 220.1 213.4 209.6 205.9 199.7 192.9 185.6 178.3 171.3 167.9 166.8 165.7 164.2 159.8 156.2 146.5 150.7 156.3 161.6 167.4 176.6 191.8 202.5 203.5 205.9 205.4 201.6 197.1 192.7 188.8 184.3 180.9 177.4 175.2 174.2 174.1
244.5 242.1 239.4 231.8 226.4 233.2 232.6 232.6 231.6 230.2 225.1 219.3 223 229.9 229.7 230.1 231.1 232.1 232.1 232 230.8 230.1 229.7 229.2 228.4 226.2 224.4 222.1 222.9 226.4 227.9 228.3 228.7 228.6 228.1 227.6 227 226.4 225.2 223.9 222 218.6 210.2 201.9 197.8 194.6 189.9 186.2 179.9 175.3 173.1 171.4 167 165.3 161.5 158.2 153.1 145.7 147.4 154 160.9 166.6 178.1 192.2 197.8 201.4 204.1 203.1 199.2 194.6 190.5 186.9 183.7 180.7 178.5 177.8 177.6 177.2
238.1 235.7 233.1 229.7 218.8 224.2 226.5 226.9 226.3 224.9 217.8 221.9 230.9 234.2 235.3 234.7 232.9 231.6 230.7 229.6 227.9 227.2 226.9 226.4 225.7 224.5 222.8 220.5 220.4 223.1 224.6 224.9 225.1 224.3 223.6 223.1 222.1 221 219.7 217.4 213.8 208.7 202 191.7 186.7 184.7 180.1 177.2 173.2 171.3 173 171.4 164.2 160.8 157.6 156 153.7 147.2 143.4 150.7 159 169.7 183.3 193.1 193.2 200.2 202.4 201 196.9 192.5 189.2 185.9 183.3 181.5 179.8 179.4 179.2 178.4
231.5 229.3 227.4 224.3 217.1 216.2 221.5 222.4 222 220.4 213.3 220.8 225.8 228.6 230.2 230.9 230.7 228.9 228.2 227.4 225.6 224.7 224.2 224 223.5 222.5 221 219 217.8 219.6 221.1 221.4 221.6 220.9 219.1 218.6 215.6 213.5 210.6 207.8 202.1 195.2 190.9 181.2 177.5 175.2 173 170.5 167.7 166.6 166.8 165.1 161.8 157.6 154.7 153.1 150.3 145.9 141.3 151.1 161 174.4 186.5 189 191.3 200.2 201.2 199.5 195.4 191.2 187.9 184.9 182.5 179.6 176.7 175.4 173.9 173.8
224.8 223.3 221.5 219.1 214.7 210.8 217.2 218.2 218.1 215.9 210.7 215.8 220.1 223 225.2 226.6 226.8 226 225.5 224.9 223.4 222.7 222.3 221.8 221.3 220.4 219.3 217.5 215.2 216.4 217.7 217.9 218.1 217.4 215.8 213.7 208.9 203.5 199.3 194.5 188.5 182 179.9 172.4 171.9 169.6 168.5 165.7 162.5 161.5 161.6 162.3 160.2 155.5 151.8 149.4 146.6 142 141.8 152.9 164 177.4 188.7 183.2 189 200.1 200.9 198.3 194.2 190.3 186.8 183.7 179.2 176 174.3 171.1 168.3 168
219.1 217.6 216.3 214.8 211 207 212.4 214.6 214 212.3 207.7 212.3 215.8 218.7 221.2 222.8 223.6 224 223.8 222.7 221.7 221.4 221 220.5 219.9 218.8 217.9 216 213.7 213.1 214.2 214.6 215.1 214.4 211.8 208 199.2 191.4 184.3 181.1 176.5 173.1 171.4 170.7 168.7 166.1 165.5 163.6 160.3 157.1 156.4 157.3 156.1 152.9 149.6 145.9 142.6 138.4 146 156.4 167.2 179.5 182 177.9 188.3 198.3 199.8 197.1 193.3 189.4 186.8 182.5 174.7 167.7 167.1 164.4 163.6 160.9
214.7 214.1 212.8 211.3 209 205.1 206 209.9 209.7 208.5 205.3 210.3 213.4 216 218.5 220.5 221.7 222 221.9 220.6 220.3 220 219.7 219.3 218.6 217.5 216.4 214.6 212.5 210.3 211.1 212.8 213.1 212.3 209.1 204 194.2 183.5 173.3 173 169.1 167.2 166.2 165.5 164.7 164.4 166.5 166.9 163.7 159.1 153.3 151.4 151.4 149.1 146.9 143.1 139.1 139.9 150.8 160.3 169.5 175.2 172.6 173 184.6 194.9 197.1 195.7 192.1 189.3 186.3 181.2 174 164.5 155.5 155.8 156.3 152.8
212 211.1 210.2 209.1 207 205 200.9 205.1 206.1 205.1 202.7 208.8 211.7 214.5 217.2 219.1 220 220.1 219.6 219.2 218.9 218.6 218.3 218 217.3 216.3 215.2 213.7 211.5 209.1 209 209.8 210.2 211.2 208.9 204.3 195.9 186 174.9 170.7 166.5 162.4 161.1 160.9 161.1 163.6 170.7 179.3 175 162.8 155.6 149.4 147.2 145.3 143.7 140.7 138.6 142.8 154.5 163.5 168.4 166.2 161.1 166 177.2 186.6 190.2 191 190.7 188 185 178 169.7 161.5 152.1 150.2 150 148.3
209.2 208.2 207.3 206.4 205.5 203.7 199.7 198.3 202.7 200.5 202.1 208.2 211 213.5 216 217.7 218.6 218.5 218.2 217.8 217 216.8 216.7 216.4 215.6 214.9 214 212.5 210.6 208 206.7 207.7 208.7 209.8 209.5 206.4 201.9 192.1 180.8 173.6 170.4 161.7 156 156.4 156.9 160.6 165.3 175 176.9 166.6 156.9 149.3 143.4 141.8 140.2 138.8 138.3 144.9 157.5 165.5 162.9 154.7 152.7 159.4 165.8 172.5 181.7 187 187.9 185.8 183 175.4 165.4 157.1 150.8 146.6 145.4 144.5
206.5 205.3 204.4 203.5 203 202 199.4 197.2 198.2 198.1 204.6 207.6 209.8 212.4 214.9 216.4 217.2 217.1 216.9 216.5 215.4 215.1 215.1 214.7 213.9 213.1 212.4 211.4 209.6 206.8 204.5 205.9 207.3 208.3 209.3 207.1 204.5 196.9 187 178.5 173.2 165.6 157.3 152.8 152.8 157.8 158.1 165.5 166.7 160.4 154.3 148.3 143.5 140.6 138.8 138 137.9 140.2 149.1 157.9 156.9 148.9 148.6 154.6 158.9 165.3 173.9 182.8 185.1 183.5 181 173.4 161.1 152.5 147.8 143.1 141.6 140.8
203.7 202.3 201.5 200.8 200.3 199.9 198.2 195.5 194 199 203.9 206.9 208.9 211.2 213.6 215.1 215.8 215.7 215.7 215 213.5 213.3 213.3 212.9 212.1 211.3 210.5 209.6 208.3 205.4 202.8 203.7 205.1 206.5 207.9 208.1 205.6 202 193.1 184.2 176.7 169.7 163.4 157.7 152.8 152.1 151.5 154.2 154.8 153.4 149.3 146.6 142.4 138.8 137.8 137 135.8 136.4 136.6 136.1 141.9 143.8 142.4 148.5 156.5 161.6 168 175.4 182.4 181.3 178.8 171.3 157 149.4 144 139.5 137.8 137
200.7 199.4 198.7 197.9 197.7 197.3 196.6 192.4 191.8 198.8 203.4 206 208 210.1 212.3 213.8 214.4 214.4 214.4 213.3 211.7 211.5 211.4 211.1 210.3 209.5 208.6 207.9 207.1 204.2 201.3 201.4 202.8 204.2 206.1 207 205.6 202.6 198.2 189.3 182 175.5 169.2 162.7 157.2 152.8 148.7 146.3 146.2 147.3 145.9 142.9 139.1 137.7 138.8 140.7 140.9 140.7 141.3 139.5 135.3 134.3 135.1 142.4 151.6 158.8 163.1 171.1 179.1 179.6 177.3 172 158.4 145.7 140.2 136 134.1 133.3
196.5 196.2 194.9 194.1 193.9 193.6 193.4 189.8 189.9 199 202.9 205.1 207.1 209.1 211 212.5 212.9 213.1 213.1 211.5 210 209.7 209.6 209.3 208.5 207.7 207 206.3 205.6 203.1 200.1 200 202.3 204.6 205.5 205.2 204.6 203.1 200 192.2 185 178 171.3 165.3 159.7 154.2 150.3 147.5 143.6 141.8 140.6 139.4 136.5 143.3 147.5 149.7 150.4 152.6 152.9 152.6 151.3 147.6 143.3 134.5 139.7 150 156.3 167 176.5 176.3 174.1 170.3 160 146.3 137.1 132.5 130.3 129.5
194.1 193.7 190.4 190.3 189.7 189.7 189.7 186.4 192.7 198.7 202.1 203.5 205.5 207.5 209.1 210.5 210.9 210.9 210.5 208.8 208.3 208 207.7 207.5 206.7 206 205.3 204.6 203.9 201.9 198.6 197.3 201.1 204.6 205 205.2 204.8 203.1 196.9 190.3 183.7 177.3 170.7 164.5 159.3 154.1 150 147.5 144.2 141 139.7 137.8 146.9 153.3 156.3 159.3 164.2 167.8 169 168.5 163.9 158.7 152.8 146.7 136.9 139.2 148.2 159.1 171.9 173.2 170.4 165.7 158.3 146.4 137.6 132.1 129.1 127.6
194.9 192 188.4 186.5 185.4 185.5 184.8 183.7 189.6 196.6 200.5 201.6 203 204.5 206.1 206.8 207.2 206.9 206.9 206.9 206.5 206.2 205.9 205.7 205.2 204.4 203.7 203 202.3 200.2 196.9 195.4 199.6 202.9 203.8 204.1 203.7 202.4 196.1 189.8 182.1 175.5 168.9 163.2 157.6 153.2 149 146.4 142.4 139.9 142 148.2 155.4 159.2 162.2 163.5 163.8 167.3 169.7 167.6 163.2 158.7 153.1 147.8 142 135 140 149.4 164.7 170 166.1 162.6 157.4 146.3 139.1 133.5 132.1 131.8
196.1 192.5 190.3 187.8 185.4 184.6 183.9 183.1 185.7 192.6 197 199.3 200.7 202.3 203.8 204.4 204.4 204.4 204.6 204.7 204.5 204.2 203.9 203.9 203.9 203.3 202.6 201.9 201.2 198.5 195 192.7 198 201.2 202.6 203 202.9 201 195.3 188.7 179.8 173.3 168 162.8 157 152.5 148.6 144.7 141.7 142.9 150.2 156.4 162.7 165 168.1 166.7 163.4 166.8 168 165.5 161.7 158.3 152.9 148.1 142.3 136.5 133 142.9 155.6 165.1 163.8 160.4 156.2 152 143.7 137.7 135.1 131.9
195.9 193 190.5 189 186.5 185.4 184.2 182.3 183 189 193.7 197 198.5 200 201.2 202 202 202.1 202.3 202.5 202.5 202.2 201.9 202 202 202.1 201.5 200.8 199.8 196.9 193.3 190.8 195.6 199.6 201.4 201.8 201.1 198.7 193.2 186.2 179.1 171.8 165.3 161.8 155.9 151 146.8 144.1 141.7 148.8 158.5 164.4 169.9 170.8 172.5 169.6 164.3 166.3 166.1 163.4 160.1 157.9 152.8 148.3 142.6 138.1 132.3 136.2 145.6 157.2 160.2 157.3 152.5 148.9 148.2 140.9 136.3 131
196.1 193.4 190.8 189.7 187.7 186.1 184.6 181.6 180.9 185.2 190.4 194.6 196.2 197.8 198.7 199.5 199.7 199.8 200 200.2 200.4 200.2 200.1 200.2 200.2 200.2 200.2 199.6 198.4 195.4 191.5 188.3 193.6 198.1 200.2 200.9 199.3 197.1 191.8 184.9 178.2 172.2 166.1 162.2 157.7 152.6 148.3 144.2 141.3 152.3 164.2 171.5 177 176.7 175.7 171.7 166.4 165.9 164.2 161.4 158.6 156.8 152.8 148.6 143.6 139.6 134.2 130.7 137.8 146.8 154.5 153.9 148.9 145.9 143.7 140.1 134.8 130
194.7 193.7 191 189.9 188.8 186.9 184.9 180.8 178.7 182.3 188.4 191.9 194.2 195.4 196.2 197.1 197.5 197.6 197.7 197.9 198.1 198.2 198.3 198.3 198.4 198.4 198.4 198.2 197 194 190 187.2 191.7 196.2 199.1 199.5 197.5 195.5 190.3 183.7 177.8 172.7 167 162.4 158.7 154.3 149.9 145.2 143.3 153.9 167 181 184.1 183 178.8 173.7 168.4 165.3 162.3 159.2 157 155.2 152.7 149.1 146.9 143.2 137.8 130.9 131.2 138.2 145 149.4 145 141.6 137.5 134.1 128.8 125.2
193.4 192.4 191.4 190 188.7 187.5 185.6 181.1 177.7 178.3 186.3 189.3 192.1 193.3 194.3 195.3 195.7 195.8 196 196.1 196.2 196 196.5 196.6 196.7 196.7 196.7 196.6 195.7 193.2 188.8 186.2 190.2 194.7 198.2 198.1 195.8 193.9 188.8 182.4 177 171 166 162.7 159.1 155.5 151.5 145.6 142.6 156.2 170.2 183.6 188.5 183.7 177.3 171.7 166.7 162.6 159.8 157.4 155.2 152.7 151.1 149.7 148.2 145.4 141.6 135.9 128.7 128.2 131.5 140.5 139.2 136.9 132.9 127.6 125.4 129.9
192.1 191 189.7 188.8 187.9 186.9 185.6 183.4 178.6 176.1 182.2 186.7 189.9 191.6 192.5 193.6 194 194.1 194.2 194.3 194.4 194 194.7 195.1 195 195 195 194.9 194 191.5 186.5 184 190.1 194.8 197.3 198.3 196.4 193.9 189 182.5 175.2 169.7 166.1 162.6 158.6 153.8 149.5 144.6 141.1 156.1 170.6 184 187.3 181.3 173.9 168.1 163.7 160.8 158.2 156.5 154.5 151.9 150.4 148.6 147.2 144.8 141.4 137.6 132.7 128.8 127.6 129.9 130.1 129.5 126.9 128.8 135.8 139.7
190.6 189.2 187.9 187.1 186.2 185.4 184.8 183.9 180.7 174.7 177.2 184.6 187.7 190 190.9 191.8 192.3 192.4 192.5 192.6 192.3 191.9 192.8 193.5 193.7 193.5 193.3 193.3 191.6 189.3 183.7 181.2 189.1 194.6 196.7 197.3 196.7 194.1 188.7 183.2 175.3 170.5 166.7 163.1 160 157.7 153.7 147.4 145.9 158.6 171.6 183.9 185.9 179.8 171.3 165.7 162.1 159.1 157.5 155.9 153.8 151.7 150 148.2 146.3 143.6 140.2 138 134.4 130.8 128.9 127.7 126.9 126.7 127.3 137.7 147 149.4
188.8 187.4 186.2 185.4 184.6 183.9 183.3 182.6 181.1 174.5 173.2 182 185.6 188.3 189.2 190.2 190.8 190.8 190.9 190.9 189.9 189.9 190.9 191.8 192 192.1 191.9 191.2 189.3 186.1 181.2 181.2 189.6 194.4 196.2 196.6 196 193.7 188 182.3 176.7 172.4 168.2 164.7 161.7 157.6 151.8 144.9 151.1 161.9 174.7 185 187.5 181.6 172.7 165 161.6 159.5 157.6 155.8 153.9 151.7 149.8 147 144.7 142.1 138.7 132.9 131.1 130 128.7 127.6 128.2 129.7 136.6 146.9 155.2 158.2
186.8 185.6 184.3 182.9 182.8 182.4 181.9 181.2 180.4 175.5 171.8 178.9 183.7 186.5 187.6 188.6 189.2 189.4 189.3 188.7 187.7 186.6 188.5 189.9 190.3 190.5 189.8 188.5 186.6 182.8 181.5 182.3 190.1 193.6 195 195.1 194.4 191.5 185.9 180.9 175.7 171.8 168 164.4 161.2 156.7 149.5 144.2 155.2 166.1 176.7 186.7 188.8 182.9 174.2 166.8 163.2 160.1 157.7 155.9 153.3 151.2 147.4 144.3 141.6 135.1 138.3 138.4 136.8 135.4 132.5 131.4 132.2 134.1 142.9 153.7 162 167.3
