UK/data/nc/nc63_OST50GRID_20230518/NC63.asc
ncols 200
nrows 200
xllcorner 260000
yllcorner 930000
cellsize 50
[rows 35 to 69 of 200, columns 79 to 157 of 200]
74.9 74.9 74.9 74.9 74.9 74.9 74.9 74.9 74.9 74.9 74.9 74.9 74.9 74.9 74.9 74.9 74.9 74.9 74.9 74.9 74.9 74.9 74.9 74.9 74.9 74.9 74.9 74.9 74.9 74.9 74.9 74.9 74.9 74.9 74.9 74.9 74.9 74.9 74.9 74.9 75.4 74.9 74.9 74.9 74.9 74.9 74.9 74.9 75.1 74.9 74.9 74.9 77.2 77.8 78.7 82.3 82.3 81.8 81.5 86.9 85.6 84.7 84.4 83.2 81.8 81.1 77.1 69.9 68.9 68.6 68.4 71.8 71.5 71.2 71.6 74.1 74.1 77.3 79.1
74.9 74.9 74.9 74.9 74.9 74.9 74.9 74.9 74.9 74.9 74.9 74.9 74.9 74.9 74.9 74.9 74.9 74.9 74.9 74.9 74.9 74.9 74.9 74.9 74.9 74.9 74.9 74.9 74.9 74.9 74.9 74.9 74.9 74.9 74.9 74.9 74.9 74.9 74.9 74.9 77.5 77.3 75.1 74.9 74.9 74.9 74.9 74.9 74.9 74.9 74.9 76 77 77.1 78.4 79.9 80 78.8 80 80 79.8 83.2 81 78.5 77.5 77.5 74.8 69.7 69.9 68.5 68.2 71.3 74.2 73.4 75 80.4 82.5 81.6 82.7
74.9 74.9 74.9 74.9 74.9 74.9 74.9 74.9 74.9 74.9 74.9 74.9 74.9 74.9 74.9 74.9 74.9 74.9 74.9 74.9 74.9 74.9 74.9 74.9 74.9 74.9 74.9 74.9 74.9 74.9 74.9 74.9 74.9 74.9 74.9 74.9 77.8 75.8 77.2 78.9 78.9 78.4 77.4 75.9 75.6 76.4 77.5 75.8 74.9 75.4 76.4 74.9 76 76.5 76 77.3 78.4 77.6 78.3 77.5 77.2 79.4 78.3 77.4 75.9 73.9 69.9 69.4 69.7 69.8 72.2 71.9 74.6 76.1 80.4 81.6 84.4 87.5 90.9
74.9 74.9 74.9 74.9 74.9 74.9 74.9 74.9 74.9 74.9 74.9 74.9 74.9 74.9 74.9 74.9 74.9 74.9 74.9 74.9 74.9 74.9 74.9 74.9 74.9 75.1 74.9 77.9 78.4 81.6 77.8 78.2 77 78.3 79 80 79.8 79.4 79.2 80.7 80.4 79.5 78.5 78.1 77.3 77.4 78.3 77.2 76.5 75.9 75.3 74.9 74.9 74.9 74.9 74.9 75.1 76 76.5 76.9 77.2 77.7 77.6 75.4 73.8 70.7 69.5 69.7 70.3 72.1 72.6 74.6 76.5 80.5 81.8 82.3 83.8 92.4 95.1
74.9 74.9 74.9 74.9 74.9 74.9 74.9 74.9 74.9 74.9 74.9 74.9 74.9 74.9 74.9 74.9 74.9 74.9 74.9 74.9 74.9 75.6 75.8 76.9 79.9 78.4 79.5 81.9 83.8 85 84.4 82.5 82.6 83 83.4 85.8 83.1 83.6 83.6 82.8 81.6 80.7 79.7 79.1 78.7 79 79.3 78.2 77.3 76.8 76.4 75.8 75.7 75.5 74.9 75.1 74.9 75.2 75.8 77 76.9 77.2 75.8 72.9 69.6 70.3 70.2 70.9 71.8 72.8 75.2 76 81 82.4 85.4 87.7 91.7 96.5 96.3
74.9 74.9 74.9 75.5 74.9 74.9 74.9 75 74.9 74.9 74.9 74.9 75.5 76.2 78.1 76.7 75.8 77.2 75.8 78.4 77.6 80 81.4 83.3 83.6 85.6 86.8 87.7 88.3 88.4 89.1 89 87.6 86.6 88.1 89.2 87.1 88.9 87.2 88.3 84.7 83 81.1 80.4 80.2 80.6 80.4 79 78.1 77.6 77.2 76.9 76.5 75.9 75.3 74.9 75 75.9 76.6 77 76.1 74.6 72.7 70.8 71.3 70.9 71.5 72.1 72.7 73.8 77.8 79.8 82 86.8 89.5 91.8 94.7 96.4 96.5
74.9 74.9 74.9 77.7 76.8 75.3 76.6 77.9 78.8 74.9 75.2 78.4 79.3 79.8 79.9 80 79.4 80.4 80.6 82.5 84.2 85.1 89.2 88.5 89.8 93.6 95 95 94.4 96.1 96.7 95.7 92.3 94.3 94.7 94.6 92.8 91 90.4 91.2 88.5 85.9 83.5 81.5 81.8 82.3 81.6 80.1 78.9 78.3 78 77.5 76.5 76.3 75.7 75.1 74.9 75.5 75.3 74.7 74.8 73.7 72.6 70.3 71.3 71.6 74.1 73.2 73.7 76.1 78.6 80.6 85.9 88.8 89.1 93.3 95.5 96.7 97.2
74.9 75 74.9 76.3 79.4 78.3 78.7 80.1 80.7 78 79.3 81.3 82 82.3 83.1 83.2 82.4 84.4 86.7 89.2 90.9 92.5 94.9 95 95.6 101.1 102.5 104.5 107.9 108.7 108.3 105 106.8 104.7 102.4 101.1 98.7 96.2 91.7 91.8 90.2 89.6 87 84.3 83.4 83.7 82.7 81.2 79.7 79.1 78.7 77.5 76.4 76.6 76.1 75.2 74.9 74.9 74.4 74.4 73.8 74.7 73.3 70.5 72.5 72.6 75.6 76.8 76.6 78.5 80.2 81.3 85.7 88.3 91.5 94.1 97.7 99.2 99.8
76 78 81 82.9 84.1 80.8 81.4 82.8 81.8 82.2 82.1 83.4 84.5 86.1 87.2 88 88.7 91.8 93.7 96.1 98.5 100.6 101.7 102.4 103 111.3 112.1 121.6 130.2 127.5 119.4 120 120.3 118.9 113 108 104.8 98.9 96.2 93.9 92 90.1 86.7 87.8 87.5 85.8 83.8 82.3 80.8 79.9 78.7 77.4 76.3 76.6 75.6 73.8 76.5 74.4 75.6 71.6 71.3 73.4 71.2 70.9 74 74 75.9 79.1 79.1 80.3 85.1 86.9 88.9 91.7 91.3 95.3 96.7 97.9 101.1
82.4 81.4 82.1 85.1 83.9 82.5 83.9 83.8 84.6 85.8 86 88.3 90.9 91.6 93.9 96.7 96.1 100.2 101.4 104.9 110.5 109 109 116.5 121.6 131.6 135.3 142.1 141.5 134.5 134.8 130.5 126.5 122 117.8 112.5 106.3 102 99.1 96.8 95.8 90.4 89.8 92.2 91.2 88.5 85.9 83.7 82.2 80 78.4 78.1 77.6 76.7 76.3 75.2 76.1 77.6 80.1 78.4 77.9 71.9 72.1 72.5 73.2 74.9 81 82.7 84.3 83.4 87.1 93.1 90.1 90.3 93.8 96.2 97.3 100.2 101.6
82.1 81.6 83 85.5 84.9 84.9 85.6 86.5 87.7 88.5 92 95.2 98.2 99.8 102.8 102.4 105.8 109.8 112.8 115.3 121.9 126.2 130.6 144.6 147.4 151.1 154.2 149.6 145.6 142.2 137.4 132.1 128.5 124.6 117.4 114.2 110 105.4 103.1 100.4 100.6 96.2 93 96.8 94.2 91.4 88.9 85.7 83.9 82.7 82.1 82.6 80.7 79.1 78.3 77.2 77.2 78.1 79.9 80.2 76.7 72 71.8 74.8 75.4 78.8 82.3 86.6 87.4 89.5 92.4 93.2 93.8 93.4 94.3 96.5 100.1 104.6 111.2
82.5 84 87.8 90 92.1 92.1 91.5 92.7 95 97.4 100.3 102.6 105.4 107.9 110.6 111.9 116.3 121.7 131.3 142.7 155.7 160.5 161.3 169.5 171 167.8 160.4 151.9 147.1 144.9 139 133.3 128.3 123.6 118.6 115.2 113.3 108.6 106.8 106 105.1 100.8 97.5 99.9 99.1 96.9 94.3 90.9 88.3 85.9 86.5 85.7 83.8 83 84 82.2 81.2 82.6 80.2 79.7 73.6 72.6 74.6 80 82.7 81.7 79.5 81.7 86.2 89.4 92.2 95.5 96.3 95.8 97.3 96.5 99.9 103.5 109
91.1 93.5 96.3 99.8 100.8 102.5 103.6 103.2 106 108.7 112 113.6 114.5 117.5 119.9 123.4 130.3 141.9 158.1 172.6 185.9 190.7 184.2 179.6 176.7 173 162.2 153.6 149.7 145.1 139.7 135.1 128.1 125.2 119.8 117 114.5 113.5 110.7 108.2 106.2 104.2 104.3 101.1 101.6 99.7 97.2 96.1 96.1 91.6 91.9 87.4 87.6 87.8 86.6 85.4 83.8 83.4 81.7 80.2 75 76.8 77.7 81.6 86.4 84 86.5 85.2 82.5 87.3 91.9 92.6 96.7 94.5 96.7 96.9 100.8 102.8 106.4
106.7 109.1 110.4 111 112.2 115.6 118.2 118.6 117.2 119 123 123.3 126 127.8 131.5 139.4 150.3 167.3 186 205.2 210.4 204.9 195.6 185.8 180 173.2 164.3 156 151.5 146 144.7 136.1 131.9 129.3 125.6 123.5 120.2 116.8 114.8 111.6 109.7 114.6 111.4 106.7 104.2 101.2 98.5 97.4 96.9 97.8 96.5 92.2 91.5 90.3 89.4 88.9 85.5 84.1 82.1 77.2 77.6 82.7 82.5 86 86.8 87.5 86.8 85.9 83.7 85.5 89 92.1 92.1 92.1 93.7 95.6 97.3 103.5 105.2
145.3 135.3 127.9 126.2 126.6 128.6 129.5 130.8 128.8 131.8 133.3 133.5 136.1 138.7 147.5 157.5 174.4 192.6 210.4 220.4 217.6 210.5 198 188.7 180.9 172.1 163.2 156.9 152.7 148.5 144.4 138.1 133.5 131.9 128.2 125.3 121.8 118.8 117 115.4 117.9 117.7 116.5 111 109.5 107.6 103.7 103.2 100.9 99.8 97.5 96.7 97.2 93 91 92.5 89.1 91.1 87.2 88.6 86 86.5 85.7 87.8 88.3 90.3 90.7 90.5 86.5 86 92.3 95.7 98.6 99 98.1 100.5 101.7 103.8 105
172.7 162 153.6 149.7 145 144.2 142.4 144.3 141.8 142.6 144 145 146.4 152.2 163 177.5 195.8 213.8 228.6 226.9 217 210.1 199.4 190.5 180.8 172.7 163 157.3 155.4 154.1 143.6 137.2 134.5 133.5 128.2 126.8 122.7 121.1 119.5 129.4 128.6 120.7 117.3 112.3 109.8 108.5 105.7 103.6 101.9 101.2 100.3 99.4 97 94.6 93.9 93.1 91.5 92 88.3 90.5 90.4 90.8 92.1 92.3 93.5 91.9 92.7 91.7 90.5 86.5 93.4 96.6 97.7 99.8 98.4 100.2 102.3 103.8 106.8
185.5 174.3 167.4 164.1 161.7 159.8 159.4 154.2 154.4 154.8 154.7 156.9 159.8 166.3 179.3 196.1 211.3 228.8 234.2 229.5 221.7 210 200.1 188.9 181.6 173.7 163.8 158 157 152.3 143 140.4 139.2 136.8 129.4 126.8 124.5 122.3 127.2 132.6 126.7 121.4 115.4 111.7 109.7 109.8 107.4 104.4 103.1 100.9 100.6 99.7 97 95.1 94.7 94 93.4 92.9 92.6 95.4 96 96.8 98.4 96.6 95.9 94.4 94.7 93.8 93.5 90.3 93.9 95.5 98.1 99.9 99 101.1 102.2 103.9 109.3
190.1 182.7 178.4 176.4 176.8 172.7 169.4 167.4 164.6 165.5 170.9 172.2 176.7 184.7 197.1 211.9 230.7 239.6 237.2 231.9 222.3 210.8 198.9 186.7 181.7 173.3 163.6 156.5 152.4 147.6 142.2 141.3 138 136.3 130.1 127.1 124.1 122.9 131.8 132.1 125.1 118.5 112.4 111 109.5 111.8 108.6 105.3 102.2 101.3 100.5 98.5 96.6 96.3 97.4 96 96.5 99.1 101.3 102.5 101.7 99.9 100.6 99.5 98.8 97 95 96 94.9 93 92.3 95.1 96.8 96.1 98.1 99.9 101.2 105.1 109.4
196.4 191.2 189.9 188.7 183.4 181.5 180.9 179.1 179.9 186.7 189 190.3 196.5 204.4 214.2 230.7 242.1 244.6 242.8 235.6 224.1 211.8 197.7 188 181.4 173.1 163 154.3 149.3 142.9 139.4 138.5 134.6 132.6 129.3 124.5 122.4 122.1 127.2 126.9 121.6 115.6 112.9 111.2 113.3 111.7 110.9 108 103.9 102.1 101.1 99.4 98.2 98.4 98.9 101.3 106.2 106.3 106.9 106.9 105.9 104.3 103.6 100.7 102 98.9 96.5 96.2 95.1 94.9 94.6 94 94.9 94.4 97.6 99.9 101.5 103.9 110.3
202.4 198.9 198.7 194.9 190.7 193.1 193.6 200.1 205.6 206.8 206.3 211.1 219.1 225.4 235.1 245 246.8 246.5 242.5 233.8 222.2 206 194.2 187.8 180.8 174 165.6 152.8 146 140.5 137.1 135.5 131.8 128.4 126.7 122 120.7 119.9 120.3 120.9 117.8 114.6 112.7 112.6 113.8 113 112.3 108 105.9 105.2 104.8 102 101.8 101.9 101.6 106 106.9 107.7 110.8 110.9 108.9 107.4 105.6 102.7 104 100 101.2 96.7 95.8 95.7 96.1 96.3 96.4 95.1 96.4 99.3 101.8 102.9 108.7
205.8 205.3 204.1 200.3 203.1 205.6 212.6 219.5 222.5 223.5 223 230.6 237.3 244.2 250.9 250.7 249.9 246.6 241 231.6 217.5 203.4 195.9 188.1 180.8 174.4 164.6 153.2 144.3 138.9 135.9 133.7 131.6 125.5 122.6 121.1 120.3 119.4 118.5 118.4 115.4 113.6 114.3 114.9 114.8 115.1 112.2 110.1 112.1 113.7 105.3 105.9 106.2 108.4 111.2 114.7 112.9 113.5 113.2 113 112.2 109.8 108 104.2 104 101.9 100.2 99.4 97.7 98.8 97.1 96.8 96.7 95.5 96.1 99.3 101.3 102.6 105
209.7 210 209.9 211.3 213.5 219.8 227.4 232.3 235.3 236.4 238.6 244.7 253.2 259.2 258.3 253.9 251.2 243.4 238.8 226 212.8 203.5 197.3 190 183 175 164.8 156.7 144.4 143 137.8 134.8 131.1 129.2 123.1 121.2 119.9 119 118.2 117.2 115.1 114.4 114.2 115 115.9 117.6 115.2 113.3 112.7 111.8 107 109.5 114 115.5 121 123 121.1 118.6 115.6 115.3 114.5 111.7 109 104.2 104 102.4 103.8 100.7 100.4 99.9 101 98.3 96.9 96.5 95.5 97.3 101.8 102.2 104
209.4 214.9 216.3 218.3 223.7 230.5 235.3 239.3 243 246.8 251.4 255.9 264.6 267.4 260.6 255 250.2 241.7 233.9 223.1 211.5 206.5 200.2 193.2 187.1 177 168.2 156.2 150.1 145.1 139.4 135.4 133.8 130.3 125 121.9 120.1 118.7 118.5 119.2 115.5 114.7 114.1 115 117.5 119.6 117.6 115 113.2 112.3 114.4 117.4 120.2 127.1 126.6 126.5 122.9 120.2 119.4 116.5 114.6 112.6 110.9 107.9 107 106.1 104.4 103 102.5 101.1 102.1 98.9 98.2 100.6 95.9 98.3 99.3 101.9 102.3
207.3 211.7 216.3 221 227.2 232.9 237.3 245.8 248.7 254.2 257.5 262.5 268 268.3 259.4 254.7 248.7 241.3 237.5 225.3 212.4 207.4 203.4 196.8 188.9 180 170.2 161.2 153.4 146.6 142.7 137 134.3 132.3 127.8 124.1 121.6 120.2 120.1 120.1 117.4 115 114.7 115.5 117.8 117.4 116.1 114.7 115 118.1 121.7 123.6 123.2 126.5 128.5 128.2 127.1 125 122 120 117.6 114.8 112.7 110.8 107.9 107.9 105 103.5 102.3 101.9 101.5 99.5 98.3 98.1 97.4 97.2 97.6 101.5 102.4
203.6 208.7 213.9 218.6 225.1 230.4 234.7 241.9 247.9 252 256.5 260.3 263.6 261.5 259.2 252.1 247 243.6 236.1 222.3 212.4 207.6 203.4 197.3 191.1 181.1 176.3 167.8 159.2 150.9 147.1 144.5 140.1 138.9 133.6 127.8 125 123.3 121 118.6 116.3 115.3 115.3 116 117.2 116.8 116.1 116.4 117 120.3 121.9 121.7 128.5 131.7 132.7 132.7 131.9 130.5 127.9 124.4 120.2 118.4 114.4 113.1 109.4 107.5 106.6 105 103.4 102.4 101.3 100.1 98.6 96.5 96.7 97.6 98.4 101.7 103.6
204.5 209.4 213.9 217.6 223 228.9 234.4 239.6 243.4 248.1 252.9 255.5 256.1 255.7 256.2 249 246.4 241.3 230.4 218.4 210.8 205.7 200.8 196.7 191.5 187.5 183.1 174.5 163.7 157.6 152.9 150.1 147.2 141.7 137.3 134 130.6 128.2 124.3 122.4 124.6 120.3 120 118.5 119.2 117.6 117 116.9 118.4 120.1 120.2 121.2 126.9 134.2 136.6 136.7 134.9 133 129.8 125.9 122.1 118.5 116.9 113.5 112.5 109.6 106.2 105.9 104.5 104.7 103.4 100.7 99.2 98.2 96.7 98.3 99.6 101.7 103.4
205.5 210.8 214.1 219.8 226.3 231.6 234.8 238.2 241.1 245.6 249.9 253.4 252.6 252.5 248.2 244.8 241.8 234.5 225.8 215.4 209.7 204.5 199.4 195.2 192.2 191.2 186 176.3 166.6 160.7 157 153.3 151.3 149.1 146.2 139.2 136.5 131.5 129.7 123.5 126.6 125.6 123 121.6 120.5 119.6 119.2 117.1 117.9 118.9 120.8 124.7 132.1 139.4 140.7 140.4 139.3 136.7 132.2 127.9 126.4 120.6 119.1 117.2 113.4 111.6 108 105.7 104.4 103.5 103 101.2 100.1 99 97.3 97.7 98.8 99.6 100.8
209 212.8 218.6 224.1 230.8 234.5 235 236.5 239 244.6 246.9 249.6 247.5 247.5 242.5 239.8 236.5 230.9 219.7 212.8 207.3 203.6 200.9 196.5 193.8 190.7 182.7 175.1 170 164.9 159.9 157.8 158.1 159.5 154.8 145.6 144.5 138.4 135 132 129.7 126.8 126.3 125.2 123.5 122.2 121.6 119.2 121 120.5 127.2 134.6 137.8 141.8 143.2 144.3 142.8 139.6 134 131.2 129.1 125.4 119.7 118.1 115 110.9 108 106 104.8 105 103.1 102.7 101.2 99.1 97.7 96.4 97.8 98.4 98.9
212.1 219.1 224.2 230.2 235.4 234.7 231.7 232.1 233.5 237.2 238.9 239.3 239.7 239.4 236 233 230.1 226.2 214.4 209.7 207.2 204.4 200.6 197.1 193.7 189.5 182.7 176.7 172.8 166.9 165.2 165.6 170.1 169.2 163.8 154 146.7 142.9 137.9 134.2 129.6 128.2 127.1 127.1 126.8 125.7 124.4 125.5 128.2 131.2 134 141.6 142 145 147.8 146.4 145.3 141.6 135 131.2 127 124.1 123.8 120.5 117.5 114.2 109.9 106.9 105 104.3 103.5 100.4 98.8 101.8 98.9 100.8 97.2 97.6 98.5
217.4 224.1 230.5 237.5 234.3 230.4 227 226.2 225.7 227.5 228.1 230.6 232.4 233.1 230.3 228.5 225.8 219.2 214.3 209.8 207.6 205.4 202.8 199 195.5 191.6 184.7 180 174.5 170.8 169.5 173.6 175.3 172.4 163.8 156.1 148.5 142.8 137.8 133.5 129.2 128.6 127.6 129.5 129.4 127.5 127.7 130.5 133 136.3 141.2 147.6 149.5 146.4 148.5 149.4 146.9 142.5 137.3 135.1 128.8 127.6 126.5 123.2 120.1 117 113.7 110.2 104.6 106 101.8 103.8 101.1 101.3 100.1 98.4 98.1 98.2 101.4
221.5 230.9 239.2 240.2 232.7 224.1 220.4 219.2 220.2 221.9 224.4 226.4 228 228.9 228.5 225.7 222.2 217 210 206.7 207.8 207.2 205.1 201.6 198 191.7 187.7 181.7 176.5 175.3 173.3 174 173.5 169.7 163.6 154.3 148.7 141.5 136.1 130.7 129.2 128.5 128.5 130.9 131 130.8 131.3 135.3 139.4 145 148.4 148.4 149.1 150.1 151.9 152.3 148.6 144.3 141.6 137.6 134.5 133.2 129.4 124.7 120.9 118.1 116.9 113.5 104.5 102.7 101.9 102.2 102.3 101.5 104.1 104.2 101.5 99.5 101
229.8 240 242.2 236.1 227.5 217.6 214.6 214 214.7 218.6 220.8 222.7 225.2 227.1 227.6 225 219 211.7 205.2 202.7 203.5 204.8 203.6 202.7 198.1 193.4 188.8 183 183.4 177.7 172.6 170 166.1 165.9 159 151.3 145.5 140.1 136.6 132.8 131.1 131.4 132.2 133.5 132.3 132.6 133.6 138.9 145.3 150.8 152.9 151.8 152.6 157.5 156.1 153.3 151.7 146.7 144.5 140.3 136.7 137.4 130.3 128.8 124.2 118.4 115.2 110.9 108.2 106 105.6 104.6 102.5 103.8 108.4 105.9 104.4 101.5 101.6
229.3 236.9 234.3 229 219.9 212.6 210.6 210.2 210.3 214 217 219.1 222.7 226.5 227.3 222.9 215.7 208.8 201.6 197.6 196.1 197.9 195.8 197.3 195.5 194.2 190.8 185.3 184.2 176.6 172.1 168.9 163.4 160.3 155.9 148.5 143.9 141.3 137.9 135.3 134.9 135.9 134.6 135 135.2 133.6 136.1 141.9 147.2 150.8 152.7 153.9 156.3 158.8 157.7 154.8 150.7 151 146.7 141.8 136.6 133.7 132.1 126.2 124.7 119.8 115.2 110.5 108.9 107.2 106.9 106.5 103.5 104.3 105.6 107.1 106.2 104.3 103.1
227.9 231.4 228.2 220.3 214.6 209.5 207.1 206.1 205.8 207.7 211.1 215.8 218.5 225.8 223.7 217.5 213.7 205.5 196.6 190.6 188.4 189.7 190.1 192.7 194.5 193.9 191.3 185.8 179.6 176.7 171.5 167.2 161.8 158.4 151.6 146.2 142.2 140.9 138.9 142.1 140.3 138.2 136.6 137.4 138.8 135.2 141 144.8 150.2 154.3 155 155.4 156.3 155.9 154.9 154.3 153.5 153.3 147.9 143 137 134.9 133.6 130.2 127.4 124.6 120.8 112.7 111.7 112.2 108.5 106.6 105.1 105.4 106.7 109.8 107.7 105.3 104.3
223.3 223.7 219.8 213.5 209.7 206.9 205.1 204 201.7 201.5 205.3 209.9 211.3 218.5 216.1 210.5 208.1 199.3 191 185.5 181.5 181.6 183.6 185.8 188.3 189 189.3 183 177.2 174.5 173.1 165 159.9 153.6 147.6 143.6 142.5 141.3 140.8 140.5 139.3 137.9 137.5 139.1 140.6 143.3 147.8 147.4 152.7 155.9 157 156 156.9 156.7 155.2 154.4 153.4 152 147.1 144.8 142.3 140.7 137.1 132.4 128.9 125.9 124 120.5 115.1 112.2 112.2 108 107.8 107 108.7 109 107.4 108 105
