UK/data/sx/sx59_OST50GRID_20230518/SX59.asc
ncols 200
nrows 200
xllcorner 250000
yllcorner 90000
cellsize 50
[rows 105 to 139 of 200, columns 0 to 77 of 200]
227.2 224.6 224.9 224.6 225.1 224.7 224.1 224.2 226 228.4 228.4 228.3 227.7 225.5 222.2 219.4 217.1 216.1 214.6 210.3 203.2 201 210 214.1 216.9 218.7 220.4 222.1 223 222.9 222.7 222.1 220.4 218.5 218.3 217.7 217.3 216.5 217.1 219.1 221.8 226.5 229.5 232.6 234.6 236.3 237.9 239.8 241.1 241 240.5 239.9 237.9 234.1 228.9 223.1 217.9 213.3 215.3 219.4 225.1 230.2 234.4 238.3 242.3 246.2 249.6 251.7 252.3 251.4 250.4 249 247.3 245.1 244.5 242.6 241 238.1
230.5 228.6 228.5 228.8 229.2 228.9 228.5 228.2 229.5 230.3 230 230.3 229.1 227.1 225.4 222.9 220.5 217.9 214.9 209.9 202.8 202.9 209.3 213.1 216.3 218.6 221 223.1 224.1 224.2 224.2 223.7 222.3 222 222.1 222.3 222.6 222.1 220.9 221.5 224.3 228.3 231.2 233.7 235.9 238 239.7 241 242 242.3 241.8 240.4 237.7 233.1 228.4 223.4 217.8 213.8 217.1 221.5 226.3 230.9 235.7 241.1 245.6 250 252.9 255.4 255.8 254.6 253 250.1 249 246.6 243 241.1 239.2 234.7
232.6 232.6 232.7 233.1 233.4 233.2 232.8 232.5 233.2 232.8 233.1 232.8 231.2 229.6 227.6 225.3 222.5 219.2 214.6 207.9 203.4 202.8 206.1 211.9 215.3 217.7 219.7 222 223.5 224.9 225.2 225 224.8 225.4 226.4 227.8 228.3 228 226.9 224.7 225.5 229.8 232.5 234.8 237 239.7 240.8 241.7 242.7 243.5 243.2 240.2 236.8 232 227.4 223.4 217.7 215.3 219.5 224 228.8 232.8 238 244.2 248.4 252.6 255.1 257.1 257.7 257.3 255.8 253.5 251.3 247.7 242.7 240.2 231.8 230
236.4 236.8 237.1 237.5 237.6 237.5 236.9 236.6 236.1 235.5 235.6 234.8 233.5 231.7 229.4 226.9 223.4 219.1 213.7 206.7 206.8 207.2 206.2 208.6 212.8 215.6 217.8 220.7 222.5 224.6 226.6 227.1 227.9 229.7 230.8 232.2 233.1 233.5 232.3 230.2 229.4 230.8 233.6 235.8 238.4 240.2 241.6 242.5 243.4 243.8 242.4 239.5 234 230.8 226.5 223.7 218.9 217.1 220.4 225.8 230.1 235.1 240.4 245.4 249.3 253.2 256 258.1 259.2 259.3 257.9 255.8 253.5 249.8 245.4 241 233.4 230
240.8 241.2 241.5 241.5 241.2 241 240.6 239.3 238.6 237.8 237.1 235.9 235.2 233.7 231 227.4 225.2 220.8 212.9 209.9 211.7 212.5 210.3 210.2 212.3 213.1 216.9 220 223.3 226.1 229.2 230.3 231.6 233.6 235.3 236.5 237.4 237.4 236.8 234.7 233.2 233.5 234.8 236.8 239.5 241 242.4 243.3 243.5 243.1 241.4 239.4 234.5 230.1 227.4 224.7 221.6 218.8 221.6 226 230.3 235.4 239.9 243.8 248 252 255 258.1 259.7 260.9 260 258.2 256.1 252.5 248.4 244.1 237.8 230.9
245 245.5 245.9 245.4 244.5 244 243.5 241.8 241.1 239.9 238.5 237.6 236.1 234.3 232.7 229.7 225.7 219.8 213.9 214.6 216.8 215.6 214.7 213.7 214.1 214.8 219.2 219.6 223.7 228 231.3 233.9 236.1 237.7 239.8 241.2 241.2 240.9 239.8 238 236.2 235.4 236.4 237.4 239.7 241.3 242.7 242.8 242.9 242.3 240.6 238.4 235.4 231.5 228.1 225.7 222.3 221.1 221.9 226.5 230.7 233.8 238.3 241.9 245.4 249.8 254.1 257.6 260.1 261.7 262 260.7 258.6 254.9 250.9 246.7 240.7 233.9
249.2 249.9 249.8 248.9 247.8 247 246.3 244.3 243.5 242.1 240.6 239.4 237.6 235.7 233.5 229.8 223.3 217.7 216.1 217.9 219.8 218.8 217.2 216.8 216.4 218.2 219.2 222.5 226.6 230 233.7 236.7 239.3 240.6 241.5 243.1 244.7 244.4 242.7 241 239.2 238 237.7 238.3 240 241.4 242.3 242.3 242.4 241.7 239.5 237.2 234.5 231.5 228.6 226.4 223.3 223.1 223.9 226.6 230 233.1 236 239.7 244.1 249.5 253.7 257 259.7 262 263.4 262.4 260.1 256.9 253.5 249.3 243.7 237.5
252.3 253.1 252.8 252.2 251.1 250.3 249.1 247 245.8 244.3 242.7 241 238.5 236.4 233.4 226.7 220.8 220.3 222 223.3 223.5 222.8 221.1 220.9 222.2 224 226.8 228.7 229.5 232.9 236.1 238.9 242.1 242.5 243.1 244.3 245.9 246.4 245.4 242.8 241.7 239.6 239 239.2 240.2 241.1 241.6 241.6 241.7 240.7 238.7 236.3 233.7 231.1 229 226 225.3 225.9 227.2 228.4 230.9 232.2 235.9 239.5 244 249.1 253.4 256.5 259.2 262.2 263.5 266.7 262.5 259.1 255.7 252 246.5 239.4
255.1 254.5 251.9 253.5 253 252.3 250.9 249.4 248.2 246.7 245.1 243.2 240.1 237.1 231.6 226.3 223 225.7 226.3 226.3 226.6 227.8 227.3 227.9 228.5 231.6 232.7 232.6 233.5 236.3 238.9 241.1 243.6 244.7 247.2 248.4 248.4 249 247.6 245.4 243.5 241.3 240.5 240.3 240.5 239.9 240.3 240.1 239.7 238.7 237.3 235.3 232.9 230.8 228.2 228.2 228.1 228 229.1 230.1 231.7 233.5 236.7 240.2 243.7 248 252.2 256 259.1 261.3 262.9 264.4 261.9 260.2 257.2 253.3 247.7 240.8
255.4 254.9 254.5 254.1 253.7 253 251.5 252 251.1 250 247.5 245.3 242.5 237.7 231.3 226.6 228.5 230.2 230.1 230.7 230.9 231.6 232.5 234.3 234.8 236.7 237.7 237.7 238.1 239.7 241.4 243.3 245.5 247.5 249.1 250.1 250.3 249.8 248 244.7 243.4 242 240.9 240 239.7 239 238.2 237.5 237.3 236.9 236.2 235.1 233.3 231.8 231.3 230.9 231.2 230.9 231.2 232.2 233.9 234.8 237.1 240.1 243.6 247.5 251.6 255.2 257.4 258.4 259.3 260.4 260.2 258.7 257.1 253.8 248.9 243.5
255.8 255 254.2 253.2 253 252.7 251.1 253 252.2 250.9 248.8 246.2 242.3 236.6 231.1 230.5 231.6 233.4 234.3 234.7 236.2 237 238 238.6 239.2 240.6 241.6 242.3 242.8 244.5 244 245.8 247 248.7 250.3 251.1 250.9 249.1 246.2 242.8 241 240.2 240.2 238 234.8 235.6 235.5 234.8 234.6 235.7 235.6 235.6 234.3 233.6 233.8 233.8 234.4 234.8 235.1 235.6 236.1 236.8 238.4 241.1 243.5 247.3 250.7 253.3 255.4 256.2 257.1 257.9 259.3 257.3 256.4 253.9 250.9 246.3
253.3 252.7 252.3 252.3 252.1 253.3 254.3 253.8 252.6 250.9 249.3 245.9 241.2 235.8 235.3 235.2 235.4 236.1 237 238.1 240 241.3 242.1 242.1 242.6 244.2 245.2 245.3 245.5 246 246.4 247.6 248.4 251.1 251.2 251.1 249.7 246 242.3 238.9 237.7 236.9 234.3 231 229 227.7 230 231.5 234 235.8 235.9 236.5 236.1 235.7 236.1 236.7 237.3 237.4 237.5 237.7 238.4 239 240.4 242.2 244.3 246.5 249.2 251.7 253.2 254.1 255.2 256 256.6 255.6 255.9 254.9 252.7 250.7
250.7 250.4 250.3 251.5 252.9 253.7 254.3 253.7 252.9 251.1 249.1 245.3 241.7 241.8 241.4 240.7 240.5 240.3 240.6 241 242.3 243.3 243.1 243.8 244.7 245.7 247 246.8 247.4 248.3 248.7 249.1 250.6 250.2 250.2 248.8 246 241.6 237.9 233.4 231.5 230.8 227 222.9 229.3 233.5 232.5 232.5 234.8 236.5 237.6 238 238.3 238.9 239.1 240.3 240.8 240.8 240.7 240.8 241.2 241.3 241.8 243 244.7 246.3 248.4 249.6 250.6 252 253 253.6 253.7 254.1 255.3 255.3 254.9 253.9
247.6 248 248.3 250.2 252.3 253.8 254 254.1 253.3 251.6 249.5 247.6 246.5 245.6 244 243.6 243.5 243.8 243.1 242.8 243.1 243.8 244 244.2 245.9 245.7 247.1 248.4 249.2 249.5 249.7 248.8 247.9 247.7 247.1 245.1 242.2 238 232.1 227.2 226 223 222.2 231 234.6 236.4 235.5 234.5 235.5 238.1 239.6 240.6 241.5 242.1 242.1 242.7 243.6 244.1 244.2 244.4 243.6 243.3 243.5 243.4 242.4 245.8 246.8 247.4 248.6 249 249 249.2 250.2 251.9 254.2 255.6 256.9 257.5
243.5 243.8 246.4 249 251.7 253.5 253.7 253.7 253.6 252.1 251.5 250.8 249.7 248.2 246.7 245.8 245.5 244.3 242.6 241.6 242.2 242.6 243.6 244.6 244.7 245.2 247 248.5 249 248.6 247 245.3 243.3 243.4 243.8 242 239.5 235.5 228.2 223.3 220.7 219.2 223.7 231.3 234.6 237 237.9 237 237.3 239.2 241.3 242.3 243.2 244 244.4 245.1 246 246.9 247.5 248 248.1 247.3 245.9 246 245.8 245.2 243.8 243.2 244.6 243.9 243.3 242.8 246.2 250.8 254.3 256.8 260 263.1
239.2 241.8 244.4 247.1 250.2 252.3 252.9 253.1 253.3 253.3 252.9 252.3 251.2 250.1 248.5 248.2 245.3 242.5 240.6 238.6 238.6 240.8 241.6 242.4 243.1 243.6 245.3 246.1 245.2 242.8 238.9 236.9 237.7 240.4 240.5 240.5 237.4 231.2 224.5 220.1 215.7 220.2 225.2 229.8 233.4 236.6 238.2 238.4 238.7 240.2 242.9 243.9 245 246 247.1 247.7 248.4 249.2 249.5 249.2 249.5 248.8 247.2 245.4 244 239.8 238.7 238.2 240.2 242.8 239.3 243.6 247.8 251.5 254.6 258.1 262.9 266.5
236.5 240.3 243 245.5 248.7 251.1 251.9 252.2 252.6 253.5 253.2 252.8 251.6 250 247.4 244.6 242.6 239.1 236 231.2 232.8 237 238.6 238.9 239.2 240.1 241.1 240.5 238.2 235.1 232.3 231 233.6 236.7 237.4 238.1 233.9 227.4 220.8 215 215.1 220 224.5 228.2 232.2 235.5 237.8 239.1 239.7 240.7 243.7 245.7 246.8 248.2 248.7 249.2 249.6 249.5 249.3 249.2 249 247.4 245.4 242.4 238.5 234.3 232.9 233.9 233.5 235.9 239 243.3 247.9 251.3 255.7 259.6 262.7 264.2
236.7 240.8 243 246.2 248.8 250.2 251.1 251.4 251.6 251.5 251.7 250.4 247.5 245.7 243.4 240 236.7 231.6 226.5 222.9 228.2 231.1 231.3 230.8 231.5 232.9 231.9 231.2 230.3 229.7 227.4 225.5 229.1 232.7 234.7 234.9 229.3 223 214.1 213.2 217.4 220.7 224.1 226.8 230.7 234.3 236.5 238.7 240.1 241.6 243.2 244.7 246.2 247.5 248.7 250.1 250 249.3 248.4 247.5 245.6 242.1 237.9 234.9 230.3 228.1 228.4 229.5 232.6 235.2 240.8 243.6 244.3 251.6 254 255.2 258 258.8
242.3 244.9 246.8 248.5 249.7 250.2 250 249.2 248.4 247.7 246.8 244 240.6 238.8 236.5 232.8 228.5 222.3 217.2 216.9 220.1 221.6 222.6 223.8 227 226.8 225.6 223.8 223.4 222.8 221.1 221.5 225 229.1 231.7 230.7 225 216.3 210.1 216.7 221.9 225.1 226.8 228.5 230.4 232.7 235.4 237.9 237.4 237.8 238.4 240.8 242 243.9 247.4 249.1 249.3 248.7 246.8 242.4 238.5 233.1 227.6 224.2 223.7 223.9 227.8 230.8 233.8 238.1 242.4 243.9 245.3 247 250.3 249.6 251.2 254.8
245.9 247.9 248.5 249.4 249.6 249.8 248.5 244.6 242.4 240.5 239 236.7 234 230.9 228.6 225.1 218.6 211.7 208.4 208.2 213.3 217.1 219.9 224.1 225.1 223.2 220.8 218.4 217.2 215.9 215.7 218.7 222.8 227 228.7 226.8 222.1 213.4 211.2 219.1 223.6 227 229 230.5 231.3 232.4 233.7 233.3 231.9 231.3 233.3 235.6 237.8 240.3 244.6 245.3 246.1 245.2 243 236.3 229.5 223.8 219.8 220.7 222.1 225 228.4 233.1 236.8 241.5 242.1 241.7 241.7 240.9 241.2 245.2 248.6 253.4
247.4 248.2 249.6 249.9 250.3 249.2 246.2 240 233.4 230.6 229.4 227.8 225.3 222.6 221.2 215.2 208.6 202.8 204.1 209.9 217.1 221.8 225.3 226.1 224.3 223.6 217.6 213.2 212.1 210.2 213.5 217.8 222.3 225.5 226.2 223.4 218.9 210 210.5 219.1 224.2 227.9 230 230.8 230.8 229.2 227.2 225.8 223.5 223.8 227.5 230.5 232.7 234.9 238.7 239.9 240.4 239.5 235.4 229 221.1 217.9 217.2 219.6 223.2 229.4 233.9 237.1 237.3 237.9 237.6 236.1 234.5 233.3 235.2 240.9 245.5 249.9
247.4 249 250.2 250.8 248.7 246.2 242.9 236.3 228.1 220.1 218.9 217.5 215.6 215 209.9 205 198.7 199.9 207.4 216.4 222.4 226.8 229.4 229 223.8 222.8 216.6 211.5 207.8 207.9 213 217.3 221.9 224.2 222.6 218.4 210.8 203.4 211.9 220 225.2 228.9 230.2 230.4 227.6 223.8 221.2 219.3 215.6 217.9 222.1 225.1 226.7 228.5 230.1 230.8 231.5 231.3 229.2 223.1 217.1 214.1 217 223.6 230.4 234.4 234 233.2 232.7 232.6 230.6 228.9 228.5 230.5 232.5 237.9 243.7 244.1
246.4 247.8 249.5 248.7 246 242 237.7 232.8 225.8 217 210.6 207.7 207 206.7 203.3 194.4 197 205.7 213.2 219.6 224.9 228.2 230.2 229.3 225.7 220.6 215.9 211 204.2 207.4 212.2 215.7 218.4 218.6 215.7 209.2 202.2 207.8 218.7 222.7 225.1 228.3 228.5 227.7 225 219.9 213.8 211.3 209.7 212.7 216 216.4 218 219.2 219.6 220.7 221 221.5 223.7 221.9 216 209.9 218.7 226.4 225.9 227.4 228.4 229 227.5 227 225.7 225.9 226.6 229.1 232.2 235.7 238.8 247.7
246 246.6 245.1 243.3 241 236 231.6 227.7 223.8 216.9 209.3 203.1 200.9 198.2 193.6 193.9 201.2 209.2 215.6 220.7 224.9 228.2 229.4 226.8 222.9 218.3 213.5 207.9 200 206.4 210.4 212.5 212.8 211.5 204.5 200 207.5 215.4 222.3 224.4 224.8 226 226.1 224.9 222.4 217.4 212.2 206.1 204.1 206.8 209.6 209.2 209.4 210.6 211.6 213.1 215.6 219.2 223.2 224.8 216.3 207.8 208.5 214.6 216.2 219.2 222.6 225.4 222.7 221.5 221.2 222.9 224.9 227.9 230.9 234 236.4 239.2
243.5 242.2 240.1 238.1 236.4 231.4 225.6 222.7 219.5 215.5 209.7 203.1 197.5 193.1 188.9 192.3 201.3 208.4 214.3 219.7 223.5 226.2 226.2 223.9 218.8 214.4 208.2 201.8 200.3 205.6 207.8 207.6 205.7 200.7 198.9 204.1 212.8 218.9 222.9 223.5 223.3 223.7 223 220.8 217.2 213.4 209.8 203.8 199.4 200.7 202.1 202.5 202.7 204.9 207.6 211.6 215 218.8 221.5 220.4 211.9 206 206 207.9 208.9 212.7 218.6 221.1 218.2 217.1 220.1 222.5 224.7 227.5 230.4 233 235.7 238.7
239.3 237.4 235.3 234.3 232.9 228.2 220.4 214.8 213 210.8 207.1 203.9 199.1 193.2 185.6 190.5 198.2 205.7 212.3 218.4 221.8 225.6 224.5 220 214.7 209.1 201.9 197.4 201.6 204.1 203.4 201 195.9 196.7 203.8 209.5 214.8 219.1 221.2 222.1 220.9 217.5 217.1 214.7 210.7 207.5 203.1 198.5 195 195.1 196.3 198 199.8 203.2 207 211.1 214 213.3 211.8 208.6 203.8 204.8 206.7 208.8 210.4 211.7 214.6 216.6 217 219 221.8 224.2 226.3 228.5 231.2 234 237.1 240.4
234.6 233.2 229.2 228.8 228.1 224.5 216.6 208.7 203.8 202 201.4 202.3 200.3 193.2 184.1 191 198.6 205.4 213 218.2 222.2 224.5 221.3 215.4 209.3 203 194.6 197.5 201.6 200.6 196.5 191.4 197.3 202.7 208 212.1 216.7 218.9 220.8 219.2 215.7 210.2 208.9 207.3 203.3 198.1 193.2 191.7 192.5 192.7 194.1 196.6 199.3 202.9 208.8 212 208.2 206 202.5 201.1 202.9 206.8 210.2 212.7 214.2 215.4 215.7 216.7 218.6 221.3 224.5 226.9 230.7 233.8 235.9 236.5 239.4 242.3
231.9 229.3 224.2 221.4 222.8 221 217.1 211.6 203.1 195.7 193.2 194.7 195.8 189.4 184.5 193.5 202.9 208.4 214.7 218.5 220.8 220.3 216 210.1 203.9 196 192.8 197.5 199.4 195.4 189.1 195.8 200.5 205.4 211.4 214.7 216.9 218.6 217 213.7 208 202.6 200.6 196.6 192.8 189.7 188.3 189.2 189.7 190.9 193.4 196.7 200.4 204.6 207.1 205.2 201.3 198.3 199.1 201.9 205.8 209.7 213.4 216.3 218.1 218.9 218.5 218.4 220.2 223.2 226.6 231.4 235.6 238.2 240.4 241.1 241.5 244.6
227.4 222.4 218.8 213.8 217 219.2 220.1 218.8 214.2 205.5 194.5 186 188.1 184.5 184.1 194.5 202.8 209.3 213.2 216.5 216.8 214.5 210.5 205.1 196.8 188.8 193.8 196.9 196.5 189.3 191.7 197.3 202.5 207.4 211.5 213.1 213.9 213.4 211 206.1 200.3 194.9 191.4 187.5 186.1 185.6 186.2 187 188.2 190 193 196.8 199.5 201.5 202.2 200 196.5 199.3 201.8 205.1 209 212.9 216.8 220.5 221.9 222.4 222.1 221.5 222.4 225.4 229.3 234.6 238.3 241.2 242.9 244.7 244.9 245.6
221.5 212.3 209.9 209.6 216.5 220.8 222.6 223 220.2 213.5 204.3 192 179.8 176 184.8 194.1 201.7 206.9 209.6 210.9 210.1 208 204.4 198.8 190.1 189.3 194 194.6 189.7 186.6 193 198.6 202.9 206 207.4 208.1 207.5 205.7 203 198.4 191.8 187.1 185.4 183.7 182.7 183.2 183.6 185.1 187.2 189.1 192.2 195.2 198.2 199.8 199.8 195.2 195.7 200.2 204.8 208.9 212.6 218.2 222.2 225.2 225.8 225.5 224.8 224.9 225.3 227.3 231.3 236 240 243.2 244.3 246.8 247.2 247.3
216.3 204 200.7 211.3 217.4 221.6 224.2 225.1 223.5 219.8 210.2 199.9 184.8 174.5 186.1 193.3 198.7 200.1 203.1 203 202.2 201.2 198.7 193.3 184.1 189.8 192.4 188.8 183.4 189.9 195.4 199.5 202.2 202.7 202.2 201.8 200.6 198.7 195.2 189.3 184.8 182.4 181.1 180.7 179.7 179.7 182 184 186.6 189.3 192.6 195.4 197.6 197.9 194.3 193.5 196.3 201.5 207.1 213 219 224.2 227.7 228.9 229.1 228.5 227.9 227.4 228.3 230.2 233 237.7 241.7 244.1 246.3 249.2 249.6 249.5
211.8 197 200.5 210.1 215.3 219.8 223 225.6 224.3 218.5 210.7 199.2 181.3 173.8 184.3 190.4 194.6 196.2 197.4 197.1 196.4 195.4 193.5 187.7 180.9 186.8 186.6 182.7 187.6 192.3 196.6 198.9 199 198.1 197.2 196.6 194.2 191.1 187.2 182.2 179.1 178.3 177.7 178.7 178.1 178.4 180.8 183.6 186.5 189.8 193 195.8 196.4 194.5 192.1 192.6 197.7 203.2 209.3 216.6 223.7 228.1 231.1 232.4 232.1 231 230.3 229.6 231.3 234.2 238.6 243.5 246.9 248 249.7 251.6 251.5 250.9
209.8 191.5 198.4 205.9 210.8 215.2 218.1 220.4 219.7 215.7 206.5 194.5 172.8 172.5 181 187.3 189.8 190.2 191.4 191.2 190.4 189.4 187.7 183 178.9 181.8 179.2 182.8 188.4 192.6 195.2 195.6 194.9 192.3 190 189.1 188.1 183.8 179.1 176.8 176.1 175.1 175.2 176.6 176.9 179.1 181.3 184.1 187.5 190.7 193.7 195.1 194.8 193.1 189.8 194.2 199.2 205.1 212.1 219.8 225.7 230.9 234.5 235.6 234.9 234.5 232.8 232.6 235.6 240.2 244.9 250.2 251.6 252.8 254.5 254 252.6 251.7
207.1 187 191.9 199.1 203.4 207.6 210.7 211.9 211.1 207.2 198.5 185.9 165.6 172.6 179.8 183.7 185.8 186.4 185.6 184.1 183.8 183.1 181.5 176.7 175.1 176.1 179 183.8 187.2 190.8 193.1 193.1 191.6 186.8 183.2 181.4 179.2 176.2 173.9 172.6 173 173.2 173.5 176.1 176.8 179.9 182.7 185.5 187.9 190.8 192.8 193.2 194.7 194.3 189.9 195.4 201.1 206.4 213.8 220.9 228.1 233.6 237.3 238.3 237.6 237.1 236.3 237.8 241.9 246.8 251.5 254.7 255.6 256.5 256 254.6 250.9 248
203.2 187.8 183.3 188.8 192.7 195.9 197.9 199.9 199.1 195.7 188.7 175.7 164.3 173.1 177 180.7 180 179.5 178.7 177.2 176.9 175.4 171.8 173 177.2 179.3 181.6 184 186.7 188 189.6 188.9 186.4 182.1 177.2 173.4 172.4 170.9 169.7 169.5 171.1 172.2 173.8 176.4 178.8 181.5 184.7 187.3 188.3 190.6 191.4 192.9 194.7 192.6 189.8 197.3 202.2 207.8 214.2 222 228.2 233.2 237.1 238.2 239.3 240.4 242.4 244.9 247.5 251.8 254.5 256.8 257.7 256.7 253.6 249.9 245.9 242.2
