WholeMapElevations/data/nh/nh26_OST50GRID_20230518/NH26.asc
ncols 200
nrows 200
xllcorner 220000
yllcorner 860000
cellsize 50
[rows 0 to 33 of 200, columns 0 to 77 of 200]
737.9 761 773.9 786.8 793 797.4 795.9 790.7 773.4 745.6 682.4 645 618 596.5 584.1 582.8 583.4 590.6 598.3 603.9 608.1 612.9 619.8 629.4 647.7 670.2 704.6 736.8 769.6 795.9 816.9 833.2 846.1 853.8 853 838.6 820.2 807 796.7 794.4 781.7 776.3 767.6 765.3 763.9 758.4 758.2 755.7 756.1 750.8 747.7 743.2 740.6 736.7 738.3 736.8 734.1 707.2 669.5 642.2 606.2 592.8 591.8 594.2 597.1 617.9 639.1 661.7 672.3 681.4 681.2 681.9 682.1 675 655.9 644.8 637.4 605.1
736.9 758.7 770.5 784.2 791.1 793.5 788.9 781.5 747.1 700.1 658 618.5 597.8 580.2 569.8 566.8 569.5 579.8 586.1 592.8 596.2 601.5 608 615.7 630.1 655.5 688.2 723.4 760.3 786.5 812.4 831.9 847.9 861.3 869.9 866.9 854.9 840.6 830.9 824.7 813.4 809.8 799.1 791.9 784.5 777.2 773.8 774.8 773.1 768.4 771.1 769 762 756.7 757.5 756.3 752.1 745 737.2 699.1 653.6 621.4 603.6 597.9 599.8 610 628.9 652.9 668.3 675.8 677 675.7 666.6 644.8 633.6 622.9 596.3 576.8
735.9 758 768.1 780 786.3 786.4 780.8 764.6 717.5 660.6 626.4 595.8 569.5 564.6 558.3 558.2 564.6 571.2 576.1 585.5 588.5 591.6 596.7 605.2 621.7 645.6 678.3 711.9 746.5 778.5 803.8 828.8 847.3 867 881.8 889 885.7 879.3 869.6 859.7 848.6 835.5 823.2 820.1 808.4 800.8 793.7 787.6 787.9 783.4 788 789.6 788.2 788.5 785.1 786.3 780.8 768.5 765.8 738.3 716.6 671.7 640.3 616.7 614.2 617 633.7 651.9 662.4 658.6 654.7 642.4 624.9 613.8 605.3 582.7 565.5 556.8
735.9 756.5 765.9 774.9 780.4 778.7 771.6 746.3 680.4 635.5 602.4 580.2 556.9 548.5 548.4 549.7 558.9 561.7 568.9 577.5 579.5 583.5 590.2 599.1 614.1 641.2 670.3 703.2 738.4 769.4 798.6 823 844.5 868.6 886.6 900.1 904.5 900.7 894.8 888.1 880.3 868.1 853.2 837.2 831.3 828.6 818.6 817.8 813.1 808.8 801.3 806.2 806.3 810.6 810.5 807.1 813.2 805.7 781.2 759.7 742.5 716.7 675.2 646.7 629.4 635.3 649.3 661.9 661.4 659.7 637.5 616.7 599.8 585.9 572.5 557 546.1 543.6
734.6 753.9 763.8 771.3 774.4 771.3 744.6 728 658 610.1 581.9 563.6 548.9 542.9 540.2 542.6 551.6 556.1 560.9 568.3 571 574.1 582.6 590.7 603.6 627.4 659.2 691.2 730.8 762.2 792.5 817.6 841.8 864.6 885.7 904.9 917.5 920.7 917.4 911.2 905.8 898.9 889.5 869.3 856.2 849 841.5 843.2 830.5 829.9 825.9 812.1 813.6 818.8 827.5 828.4 831.6 825.2 797.3 766.4 749.6 716.1 680.6 666.4 656.6 662.9 666.4 671.8 674.2 661.8 633.8 605 582 564.6 553.6 542.8 537.2 537.2
731.7 751.3 761.4 767.7 770 766.6 711.1 692.8 634.2 587.6 568 549.2 536.3 537.3 536.1 539.2 544 550.6 553.9 559.9 561.7 567 572.2 579.7 593 613.7 645.6 680.1 718.5 752.7 783.3 809.4 835.6 858.6 881.3 900 917.9 930 932.5 930.2 924.6 920.6 914.8 907.2 889.1 877 866 857.2 848.4 842.9 837.4 829.1 827 830 839.1 847.6 853.9 850.6 821.4 775.4 759.7 728 695.8 681.8 680.3 694 698.8 706.1 706.2 675.5 635.2 599.3 571.6 553.8 541.8 537.2 537.2 537.2
731.4 748.9 758.1 764.7 767.5 758.4 722.4 655.4 613.6 576 550.9 539.9 530.4 529.7 532.8 535 540.4 546.3 550.4 554.1 553.9 558.3 563.2 567.3 581.5 600.8 637 667.5 704.2 740.1 773.5 801.4 827.5 852.5 873.4 894.4 912.5 926.7 935.9 940.6 939.3 936.1 932.6 927.8 921.7 910.9 889.9 872.6 865.6 861.3 856.1 853.7 857.8 862.7 870.4 874.3 871.4 866.1 842.8 801.8 760.3 735.4 729 721.2 715.3 716.1 724.5 732.8 735.6 711 634.9 593.8 565.5 547.1 537.2 537.2 537.2 537.2
730.1 745.1 754.5 760.2 763.7 754.9 720.8 642.5 604.9 575 546.8 531.1 529.9 525.5 528.4 531.5 534.1 539.5 544.1 546.9 546.6 550.8 553.4 558.4 570.7 590.8 621.1 654.9 692.6 728.7 763.6 792.4 818.4 845 866.1 885.5 902.8 917.9 930 937.5 941.8 946.1 944 942.2 938.7 934.7 928.5 909.5 893.5 885.6 886.7 886 891.8 897.2 895.6 892.1 886.2 878.3 858.5 819 773.4 747.4 752.8 743.1 739 741.2 752.3 756.7 760.4 735.1 646 597.7 558.8 541.7 537.2 537.2 537.2 537.2
726.2 741.1 749.2 755.9 759.2 751.6 724 643.7 587.6 564.2 543.5 525.3 521.6 524.2 525.7 527.9 531 537.1 540.9 542.4 541.1 543.8 547 551 560.4 578.5 607.8 641.7 678.3 717.2 754.2 782.2 809.1 835.9 856.5 876 891.7 906.5 918.1 926.9 933.8 938.9 944.5 947.4 947.4 945 941.6 937.1 931.1 920.9 920.5 917.9 915.8 913.5 910.1 905.2 899.3 890.6 873.9 836.6 809.4 778.7 757.7 752.7 750.6 758.3 767.4 773.7 774.8 741.7 674.2 610.3 564.5 541.1 537.2 537.2 537.2 537.2
722.8 736.2 743.3 751 751.6 742.4 702.6 620.6 580.2 553.9 535.5 523.5 518.1 516.9 522.1 526.4 530.6 534.4 536.3 537 536.6 537.3 539.9 543.4 550.1 567.1 593.1 624.7 666.5 704.4 740.1 771 799.1 825.5 845.2 861.2 877.2 890.4 902.6 914.2 920.7 927.6 932.5 936.2 938.5 939.1 937.3 935.8 932.4 927.4 924.2 921.2 920.5 918.8 916.3 911.9 907.3 900.2 886.8 853.3 826.1 809.5 787 774.7 779.4 781 793.1 790.1 772 722.7 689.4 632.8 581.2 558.6 537.2 537.2 537.2 537.2
720.5 730.1 736.7 743 743.3 720.2 669.3 605.3 572.8 547.7 529.7 515.3 513.1 514.9 518.4 523.8 527.7 530.9 531.9 532.2 532.5 532.7 531.3 536 542.9 558 578.9 610.4 650 687 718.4 758.6 786 810 831.8 849.3 862.8 875.4 887 897.9 907.7 914.2 920.7 924 926.1 927.6 927.2 925.2 921.9 918.6 916.5 914.9 914.3 915.3 915.4 912.6 910 906 898.4 877.5 847.3 823.5 809 801.8 808.3 817.1 823.9 807.8 766 721.7 681.7 654 626.1 569 537.2 537.2 537.2 537.2
714.9 723 729.9 736 733.8 707 652.8 593.3 563.5 540.7 522.8 514.8 512 509.6 509.4 519 523 526.1 527.1 527.1 526.6 527.1 526.1 528.1 533.8 548.2 569.3 597.1 629.8 672.6 711.7 746 772.9 796.3 818.3 833.5 848.5 859.8 870.5 881.1 892.8 900.6 907.5 911.9 914.7 915.5 914.2 911.1 907.4 904.5 904.4 904 904.5 905.3 907.3 907.7 907.4 906.9 903.8 894.5 864.4 843.5 836.3 827.4 845.3 852.1 852.2 848.3 845.8 801 758.7 710.1 656.6 597.1 557.8 537.2 537.2 537.2
710.5 715.5 723.2 728.5 726.2 701.5 630.5 592.6 561.8 537 519.7 513.4 508.5 505.9 504.5 515.2 517.8 520.8 522 521.1 521.4 522.9 523.9 524.2 529.1 541.3 559.7 584.8 617.3 656.9 696.7 730.3 759.6 782 801.1 817.9 831.4 844 854.5 866.9 877.1 887.5 894.9 899.9 902.2 900.7 899 888.4 873.4 879.6 884.7 887.9 889.2 893.3 895.3 897.9 899.4 901.8 904.4 901.1 894.5 888.3 881.9 878.4 877.1 876 874.6 871.4 867.2 828.4 798 751.8 710.2 659.8 602.3 564.2 537.2 537.2
704 710.1 717.8 721.7 718.4 676.5 626 594 561.3 534.6 519 508.6 502.4 498.2 498.9 504.5 511.1 515 516.6 517.6 517.9 519.2 520.8 520.1 523.4 534.6 550.5 573.7 602.1 642.1 676.1 708.4 743 765.5 783.7 798.8 812.6 824.3 837.5 850.2 861.5 872.8 881.8 886.3 887.4 886 876.2 854.7 836.3 838.3 844.2 866.5 873.2 876.6 881.3 885 888.1 891.7 899.1 903.2 902.8 902.6 902.1 903.6 897.9 896.9 891.8 887.1 880.1 842.4 808.1 773.3 740.5 711.7 659.8 594.2 566.4 537.2
698.6 704.9 713.1 716.4 713.3 658.3 620.8 588.4 557.1 531 512 504 497.6 493.8 496.2 501.7 502.8 508.1 511.5 513.8 514 514.7 514.6 515.8 518.9 532 545.8 566.3 592.1 621.5 657.7 690.6 730.3 750.6 764.9 780.4 796.1 807.2 822.7 835.3 848.1 859 867.7 873.3 873.1 871.7 837 817.7 801.4 800 815.1 840.8 854.8 858.4 860.4 865.9 871.5 879.9 893.3 898.8 903.3 906.6 911.2 913.2 912.9 909 904.3 897.4 884.4 864.8 823.1 793.2 757.9 736.3 696.8 659.6 613.2 583.6
691.9 701.4 707.4 711.3 707 658 615.3 580.6 551.3 524.8 513.8 503.6 497.2 488.3 493.7 497.4 500.1 503 503.9 509.3 508.7 508.6 508.6 510.8 514.8 527.3 541.5 560.8 584.6 611.2 648.2 682.1 715.8 737.6 752.2 762.4 776.9 790.7 806.4 822.6 835.9 846.6 854.1 857.7 858.6 856.1 815.9 796.9 777.3 776.4 788.6 817.1 833.1 836.7 838.2 843.1 854.5 867.8 880.8 890.9 897.6 904.9 911.8 918 920.2 914.4 906.2 895 880 865.1 846.4 818 772.1 739.8 706.9 677.7 628.1 608.4
684.6 696.3 703.1 706.1 703.9 654.7 611 575 545.4 521.9 509 499 490.8 485.5 487.8 494.1 495.9 497.9 501.3 503.9 501.8 502 504.6 506.9 510.1 521.9 537.2 553.3 574.2 598.2 634.6 665.7 701.3 720.6 736.1 748.1 760.3 775 791.1 808.1 823.5 834.8 842.2 844.7 842.4 826.8 785.1 771.2 759.5 758.9 765.5 786 809.7 809.2 814.9 826.3 839.8 856.5 872.2 880.5 889.1 897.6 906.5 917.5 919.7 912.1 900.7 886.3 869.7 856.2 832.2 806.8 787 763.5 702.9 677.5 641.9 615.5
677.6 689.4 698.7 701.4 699.6 661 608.8 569 539 516.4 500.6 489.1 488.8 481 488.7 490.9 493.9 496.2 497.9 499 498.3 497.5 502.6 502.7 505.9 517.2 532.5 547.6 566.5 586.9 618.4 646.7 685 705.3 718.6 732.5 744.6 758.5 776.2 794.2 810 821.8 829.9 827.5 811 795.8 764.2 747 731 728.3 737.1 752.3 777.4 784.6 796.6 813.5 827.9 845.6 860.3 869 878.9 888.7 898.2 909.6 911.5 903.7 888.6 875.3 860.5 840.2 812 790.4 776.8 755.5 720.5 667.6 642.5 615.6
668 684.6 692.9 695.4 694.7 664.9 606 563.2 532.6 507.3 497.1 486.9 484.6 477.7 482.9 489.6 491 493.3 494.4 494.5 494.2 495.8 499.5 500.7 506.1 514.7 525.8 542.1 558.6 577.3 601.7 629.9 664.2 687.3 704.1 717.7 732.7 746.8 762.9 782.3 797.1 807.9 814.6 799.5 769.7 748 734.2 712.7 699.8 697 704.6 721.5 751.6 769.8 781.1 798.6 813.3 829.3 843.7 855.5 868.4 878.9 889.5 898.3 899.4 890.5 880.3 868 852.1 826 796.2 780.1 769.6 747.5 723.9 688 665.5 640.3
658.4 678.6 687.1 691.6 691.3 665.3 599 557 524.9 500.1 487.7 480.8 480.1 478.4 480.1 485.3 488.9 490.2 491.4 491.3 490.2 495.1 498.4 499.8 505 514.9 523.5 536.8 551.7 569.3 589 614.5 643.2 669.7 690.1 705.5 719 735.4 752.9 768.2 782.6 792.4 789.6 754 728.9 709.7 697.1 686.3 676.2 673.4 678.9 698.4 726.8 753.3 768.4 782.1 797.4 814.9 828.5 843.6 856.2 868.9 880.7 887.1 885 879 872.3 859.6 843 811.8 781.9 772.7 758.2 735.7 708.9 683.4 662.1 653.6
646.7 670.8 682.2 687.6 681.7 669.4 587.9 546 514.5 492.2 481.9 476 471.9 474.3 478 484.2 487.1 487.1 487.6 487 489.7 493 496.4 499.7 504.2 509.7 520.5 533.4 548.8 564.2 582.3 603.1 630.2 656.1 675 692 707 724.1 740.8 756.2 770.4 777.7 771 723.5 690.9 680.6 672 657.5 650.3 652.1 657.3 675.6 701.2 726 745.3 760.3 780.9 798.8 814 826.6 844.8 857.5 867.1 873.1 873.2 868.8 862.7 850.1 836.2 804.6 779.8 763.9 751.1 723.6 703.4 673.7 662.1 655.9
634.3 658.5 676.1 683.5 644.8 641.1 581.3 531.6 502.3 483 471.9 469.2 468.2 469.3 478.1 481.3 484.7 483.4 484.1 483.6 488 491.9 495.9 499.9 505.8 513 518.7 532.5 547.4 562.4 578.6 595.6 617.1 641.4 661.2 677.8 695.5 713.5 729.6 744.1 755.3 750.2 724.3 698.4 666.2 655 648 636.4 635.4 639 643.4 654.9 673.6 705.2 725.2 740 761.5 780.8 797.9 811.5 829.1 844.7 854.5 859 860.1 858.1 852.6 842.6 831.5 809 776.7 756.2 741.7 718.4 698.2 669.1 654.7 647.9
614.6 643.8 668.5 674 628.9 594.1 567.2 516 493.3 478.8 469.7 466.9 466.1 464.5 469.7 477.8 480.6 480.1 480.1 485.6 488.1 491.2 495.7 499.6 504.3 512.9 518.5 532.4 547.5 560.6 573.7 589.9 609.6 629.5 648.8 665.3 682.2 701.2 717.6 731.7 741.3 716 695.8 665.7 642.1 635 627.4 621.2 624.1 628.1 636.3 637.7 650.6 680.7 708.4 726.3 742.8 763.1 781.4 797.2 813.6 829.9 840 846 846.9 845.8 841.2 835.7 826.5 812.6 782.8 757.8 734.1 717.1 692.9 672.6 658.3 657.3
602 625.9 653.5 649.9 618.1 563.8 537.4 501.3 480.9 472.6 468.5 467.5 464.8 461.4 467.7 471.3 475.4 475.7 478.9 485.1 487.7 492.2 496.8 498.6 502.9 510.8 520.6 531.8 545.8 558.1 569.5 583.5 601.5 618 638.7 656.5 672.9 690 706.6 718.7 722.5 689.3 667.2 646.7 626.5 620.8 613.8 606.8 611.3 617.8 621.5 621.1 631.8 655.1 685.7 710.1 727.7 746.5 763.8 785.1 799 813.5 821.6 829.5 833.9 834.1 832.2 829.2 822.7 813.2 798.6 769.4 744.4 723.5 704.8 692.4 679.2 671.6
582.7 604.2 620.8 628.9 590.6 553.7 516.5 494.4 475.3 468.2 462.5 464 460 460 463 467 468.6 470.2 479.2 482.3 485.1 489 494.1 498.4 504.1 508.7 518.1 533.6 542.9 552.5 564.4 577.1 590.9 605.2 625.5 646.4 664.1 679.3 693.1 702.6 706.5 670.9 644.7 627.7 611.6 610.2 598.2 593.9 601.9 606.7 606 607.6 617.5 634.9 662.1 689.8 712.2 732.9 750 768.5 784.9 797.6 809 815.8 820 822.6 823.7 823.1 818.7 811.5 800 784.9 761.4 740.6 722.9 705.4 694.9 684.2
563.7 578.8 592.6 594 564.7 530.8 497.7 483.6 467 463.3 458.7 455.2 454.7 451.9 458.5 462.7 462.7 472.8 476.2 479.7 482.7 485.6 488.8 495.3 503.2 508.6 515.4 525.8 540.5 549.9 560 569.6 582.1 596 614.5 633.4 652 666.5 681.1 690.5 691.2 656.2 628.2 616.3 602 592.9 584.4 586 592.4 593.9 593.8 596.5 605.8 617.5 641.7 671.5 700.8 719.6 737.6 756.4 769.2 782 793.4 801.7 807.5 810.4 813.3 813 811.4 807 799.8 790.2 778.8 764.9 747.4 732.1 718.1 711.1
539.3 551.3 552.7 559.4 547 511.9 488 470 463.3 458.3 450 446.6 447.6 447.9 452.4 459.4 464.5 470.3 472.4 475.4 478.9 481.1 485.3 491.3 500.7 506.5 512.5 523.7 533.9 544.8 553.9 565 575.1 587.9 603.5 622.8 640.8 654.4 667 675.8 678.6 645.8 619.7 607.7 588.4 576.9 573.8 575.9 581 582.9 581.1 588 597.4 603.3 622.4 655.4 687.7 707.1 729.3 745.6 758.1 767.6 776.4 783.8 791.7 797.8 800.4 801.3 800.1 797.6 793.9 789.2 783.7 777.4 771.5 763.6 752.7 740.2
510.5 516.8 510.5 523.7 515.4 499.4 477.9 465 459.6 451.8 446.7 446.6 442.5 444.8 448.5 451.5 461.3 466.7 470.2 472.2 474.5 476.7 481.4 487.4 496.6 502.4 510.7 520.8 530.1 538.3 549.2 559.2 569.5 580.4 594.8 612.5 629.9 644.8 656.7 663 664.4 637.3 611.4 595.6 573 565.2 564.6 566 570.2 573.4 573.6 581 586.7 593.4 609.2 640.8 676.5 701.6 719.9 734.9 747.4 757.3 765.1 772.1 778.3 783.3 785.6 787.6 788.3 787.8 786.6 783.9 780.7 778.1 775.8 774.1 772.4 769.2
472.6 486.3 474.1 489.1 487.3 486 469.5 454.4 449.4 448.3 445.5 444.6 438 439 439.8 451.1 457.8 464 466.6 466.9 471.1 472.2 476.7 483 490.8 497.2 506.1 515.2 522 532.9 544 553.6 562.8 573.8 586.7 602.7 620.5 637.1 647.2 654.6 651.4 624.9 600.6 578.7 564.8 561.9 558.6 558.9 563.7 564 566.7 573.9 578.3 586.9 602.2 629.1 660.5 689.1 708.5 722 734.2 743.9 751.7 757.9 763.6 769.2 772.5 774.4 776.1 776.6 776.7 776.8 775.5 774.4 775.3 777.3 779.2 781.9
448 452 446.3 458.9 470.6 471 460.3 445.8 442 438.9 438.4 437.3 429.5 431.3 439.8 448 455.1 460.5 462.7 463.5 465.9 468.9 473.5 479.9 487.6 493.2 502.3 510.4 519 529.6 540.5 549.3 558.1 568.6 580.2 594 613.3 628.1 636.4 642.9 637.3 603.9 581 561.4 555.9 551.6 552.9 551.6 553.9 552.2 558.1 565 571.3 579.6 591.9 613.4 643.8 672.6 694.7 710.1 721.6 728.7 737 744.3 749.2 753 757.1 759.7 761.9 763.4 764.8 765.5 765.5 767.7 772.3 777.8 783.1 790.2
436.6 434.3 430.6 439.7 441.9 456.7 449.4 435.7 431.1 431.9 430.9 431.7 427 426.3 438.7 443.7 450.8 456.4 458.3 461.5 463.7 466.1 470.2 477.7 485.5 491.1 499 508.1 517.8 527.8 536.7 544.5 552.4 563.2 574.2 587.2 604.8 619.4 628.9 632.4 610.9 586.7 568.3 549.2 542.8 539.8 540.3 539 543.1 542.7 544.6 555.1 561.2 569.3 581.6 597.4 625.3 653.7 677.5 694.5 706 713.2 721 725.5 731.4 735.7 739.9 742.7 744 747.7 749.4 751.8 754.7 760.2 768.2 776 785.6 795.5
433.8 434.2 424.5 423.5 422.9 434.5 434.1 427 421.6 424.1 423.1 422.6 418.7 424.3 434.4 439.5 447.4 452.1 454.5 458.4 459.9 464.1 467.4 474.7 482.1 487.7 495.3 505.9 515.3 523.9 532.6 540.6 547.8 557.1 568.1 582.2 596.4 611.8 623 622.7 594 567.1 544.3 531 525.9 527 529 528.3 531.7 532.5 535.2 540.9 549.7 558.4 568.4 583.4 608.6 633.5 658.1 674 686.5 694.8 701.2 705.6 709.9 715.8 720.7 725.7 728.4 732.9 735.2 737.8 742.7 750.8 762.5 774 786.2 798.4
427.7 428.4 418.1 417.1 412.8 415 421.5 417.7 414.6 418.1 418.2 416.6 414.5 418.9 429.6 436.8 443.1 446.9 451.7 455.3 457.3 461.5 465.2 471.1 477.5 484.4 492.7 502.6 511.2 519.8 528 536 545.1 552.9 563.7 576.6 590 606.1 615.8 606.3 577.9 548.5 529 513.1 510.3 511.3 515.6 516.7 520 522.8 525.4 529.5 535 542.9 555.4 569.8 594.3 614.6 636.6 653.8 665.4 673.3 677.6 679.1 686.1 695.7 702.8 709.2 714.2 715.2 720.2 724.9 732.5 743 756.3 769.9 785.5 800.6
421.2 428.3 419.2 413.3 409.8 407.2 408.4 410.5 408.6 412.1 413.7 411.3 409.7 413.4 423.1 433.7 439.4 444.5 448.4 453.5 454.9 459.3 463.4 469.7 475.4 482.7 490.6 499.4 506.3 514.4 523.9 532.2 540.3 548.7 559.4 573.1 587.2 599.4 609.5 586.8 556.2 535.1 517.2 502.1 501.9 502.5 508.3 510.3 511.4 512.3 515.5 517.2 521.5 525.7 536.2 551.1 579.4 601.3 618.5 634.5 643.3 650.6 653.3 654.5 662.6 670 681.4 687.5 691.9 698.3 704.6 712 721.8 736 751.7 767.5 785.6 802
