WholeMapElevations/data/so/so92_OST50GRID_20230518/SO92.asc
ncols 200
nrows 200
xllcorner 390000
yllcorner 220000
cellsize 50
[rows 0 to 36 of 200, columns 84 to 167 of 200]
31.4 31.4 32.2 32.9 34.5 36.5 38.5 39.5 40.7 40.9 40.6 40.9 41.2 41.4 41.4 41.5 41.6 42.2 42.8 43.5 45.4 46 46.5 47.8 49.2 50.2 51.3 51 50.3 49.8 50.5 50.8 51 51.3 50.5 49.9 49.9 49.7 48.9 47.4 47.6 50.7 51.6 51 52.8 53 52.4 55 57.4 59.1 61.2 62.6 63.9 65.2 63.9 61.9 64.6 68 68.6 69.4 70.6 72.9 74.9 77 77.8 78.1 77.9 77.6 77 79.8 81.3 82.2 83.9 84.1 84.7 87.4 89.1 89.3 90.2 91.9 93.6 95.7 97.3 98.9
33.5 33.6 33.4 34.3 36.1 38.1 39 40 41.2 42.2 42 42.1 42.3 42.6 42.6 42.7 42.8 43 43.6 44.2 45.7 45.9 46.7 47.3 48.6 50 51 51.6 51.3 51.3 51.6 51.8 52.1 52.4 52.4 52.2 52.4 52.2 51.6 50.2 49.6 49.2 48.2 49.4 49.7 53.4 57.1 59.5 60.8 61.7 62.9 63.9 65.1 66.2 66.8 64.7 63.3 65.7 66.1 67.2 69.5 71.7 74 76.2 78.7 80.4 79.5 80.2 79.7 80 82.3 84.7 86.5 87.1 87.6 90.8 91.7 92.3 93.5 95.1 96 97.1 98.6 100.5
34.7 34.6 35.4 36.2 37.3 38.7 39.5 40.4 41.6 42.6 42.8 43.3 43.7 43.8 43.9 44 44.2 44.3 44.4 44.9 45.8 46.8 47.6 48.2 48.8 49.4 50.7 51.3 51.8 52.3 52.6 52.9 53.1 53.4 53.8 54.7 54.9 54.2 53.8 53.2 52.6 53.3 54.3 56.1 56.8 58.7 61.3 62 63.5 63.8 63.9 64.8 66.1 66.9 67.5 67 64.9 64.7 66.2 67.1 68.8 70.9 73.7 75.7 78.4 81.1 81.6 82.2 82.7 83.1 84.3 86.8 89.3 89.8 91.4 94.3 94.9 96.6 97.9 99 99.4 99.8 100 101.3
36.1 37.1 37.3 37.8 38.8 40.1 40.4 40.9 42.2 43.7 43.9 44.3 44.3 44 44.6 45.4 45.5 45.6 45.8 45.8 46.7 47.8 48.6 49.2 49.8 50.4 51 51.5 52.5 53 53.4 53.8 54.1 54.4 55.1 56 56.5 56.4 56.3 56.1 56.3 57.3 57.7 59.2 60.5 62.4 63 63.4 64.4 65.1 65.2 65.7 67 67.7 67.9 66.7 64.5 66.5 68.1 69 69.6 72.3 74.4 78 80.5 81.8 83.5 84.5 85.5 85.9 86.6 88.9 91.7 93.5 94.5 97.6 99.4 101.4 103.2 103.8 104.2 104.2 103.8 103.6
37.5 38.7 38.9 39.6 40.5 41.6 42 42.3 43.6 44.3 44.2 45.3 45.3 45.8 46.1 46.4 46.7 46.9 47.1 47.4 47.6 48.7 49.5 50.1 50.7 51.2 51.5 52.1 53.2 53.7 54.1 54.5 54.9 55.5 56.5 57.5 57.9 58.7 58.3 58.5 59 59.5 59.8 60.1 61.8 63.1 63.5 63.5 64.8 66 66.6 67.1 67.6 67.8 67.5 67 65.9 67.6 69.7 71 71.5 72.1 75.2 80.5 80.2 83.3 85.7 86.7 87.8 88.6 89.7 92.7 96.3 98.2 98.6 103.6 105.9 108.5 110.5 111.8 111.5 110.5 108.8 107.6
39.1 40.2 41.1 41.7 42.1 42.7 43.1 43.4 44 44.2 44.9 45.8 45.7 46.1 46.8 47.1 47.4 47.7 47.9 48.5 49.2 49.6 50.5 51.1 51.5 51.7 52 52.8 53.9 54.3 54.7 55.2 55.7 56.2 55.6 56.9 57.6 57.9 59.2 59.3 60.1 60.8 61.2 61.2 62.3 63.3 63.9 63.6 64.9 66.2 67.4 68.2 68.1 68.6 68.4 67.8 67.6 68.2 70.3 72.4 73.7 74.2 79.3 77.5 80.2 83.7 86.4 89.3 90.5 91.2 93.6 97.9 102.7 106.2 104.1 107.9 113.1 117.4 120.5 121.7 119.6 116.1 112.9 111.5
40 40.9 41.9 42.3 42.4 43.5 43.8 44 44.7 45.6 46.3 46.5 46.2 46.5 47.1 47.8 48.1 48.4 48.5 48.9 49.3 50.7 51.4 51.7 51.9 52.2 52.6 53.5 54.5 55 55.5 55.9 56.4 56.8 56.3 56.5 57.2 58.1 59.6 59 59.7 60.8 61.9 62.1 62.6 63.6 64.3 63.7 65 66.2 67.8 69.1 69.6 69.6 69.9 68.1 68.4 69.2 70.8 72.9 75.2 79.8 77.1 78.6 80.9 83.5 86.3 90.2 92.6 95.3 98.2 103.5 108.9 113.1 109.3 114 121.7 128.9 132 132.9 129.2 123.2 117.3 116.1
40.8 41.7 42.6 42.7 42.8 44.2 44.5 44.7 45.3 46.2 46.6 47.1 46.6 46.9 47.5 48.1 48.8 49.1 49.3 49.4 49.8 50.6 51.8 52.1 52.4 52.8 53 54.1 55 55.5 56 56.4 56.8 57.3 56.9 57.4 58.6 58.9 60 59.6 59.6 60.5 61.5 61.7 62.6 63.2 64.7 63.8 65 66.8 68.5 69.3 71 70.5 70.2 69 69.3 70.3 71.4 73.4 79.8 77.7 79.3 80.5 82.6 85.1 88.9 91.6 95.8 99.4 102.7 107.9 114.1 119.6 113.1 118.1 131.6 141.7 144.2 143.7 137.7 129.9 122.8 123.6
41.6 42.4 43.1 42.5 43.4 44.3 45.1 45.3 45.8 46.3 46.5 46.8 47.8 47.2 47.9 48.5 48.9 49.4 49.8 50.2 50.5 51.1 52 52.7 53.1 53.4 53.2 54.5 55.3 55.6 56.1 56.6 57.1 57.6 57 58.1 59.3 59.6 60.2 60.4 59.9 61.1 61.3 61.5 62.5 63 63.6 63.9 65.6 67.4 67.4 69.6 72.1 70.8 70.7 70 70.8 71.8 72.9 78.6 75.8 79.9 81.5 82.8 84.8 87.6 90.8 95.5 100.1 105.1 108 112.2 119.5 124.7 121.5 123.6 139.1 152.8 154.6 151.6 141.5 130.9 124.9 130.6
42.2 42.9 42.3 43.1 43.9 44.6 45.4 44.9 45.2 46.2 46.7 46.5 47.7 47.5 48 48.4 48.9 49.6 50.6 51.6 52 52 52.3 52.7 53.6 54 53.7 54.8 55.7 56 56.2 56.7 57.2 56.7 57.2 58.1 59.1 59.5 60 60.8 60.2 61.2 61.6 61.9 62.3 63.5 64.7 65.8 65.8 67.5 68.2 70.7 73.1 72.7 71.1 71.1 71.9 74 74.6 75.7 77.6 81.7 83.7 85.5 86.8 90.3 95.4 101.8 107.4 111.4 116.7 119.5 126.5 130.2 128.8 129.9 146.5 159.9 160.3 155 147.5 137.8 129.6 137.1
42.5 42.7 42.1 42.9 43.7 44.5 45.4 45.1 45.3 46.2 46.6 47 47.5 47.6 48.3 48.9 49.4 50 51.1 52.2 52.6 51.5 52 52.5 52.9 53.4 53.9 54.4 55.3 56 56.6 56.8 56.9 56.9 57.6 57.8 58.7 59.2 59.9 60.7 60.4 61.3 61.7 62 62.4 65.5 65.2 66.5 67.8 68.1 69.6 71.7 74.2 74.3 72 72 72.8 75.3 77.8 77.7 80.2 83.4 86.2 87.8 90.5 94.2 100.3 107.3 114 120 123 125.7 132.6 137.6 137.3 140.4 153 162.9 163.2 162 154.3 143 135.5 143.4
42.2 42.3 42.1 42.8 43.5 44.4 45.4 45.3 45.4 46.1 46.5 47 47.3 47.8 48.5 49.2 49.8 50.5 50.8 51 51.4 52.1 52.5 53 53.4 53.9 54.5 54.8 55.2 55.9 56.6 57.1 57.2 57.7 58.2 58.2 58.8 58.9 59.7 60.5 60.7 61.5 61.8 61.9 63 65.2 65.9 67.2 68.5 69.7 70.7 72.7 74.8 75 72.4 72.5 73.4 77 78.8 80.6 82 85.9 88.9 93.8 98.7 101.8 106 112.5 120.2 124.5 128.6 132.1 137.8 145.2 148 149.6 157.5 165.7 165.9 164.3 160.3 150.7 142.7 149.9
41.9 41.9 42.1 42.6 43.4 44.3 45.3 45.6 45.5 46 46.4 46.9 47.4 47.9 48.5 49.1 49.7 50.1 50.3 50.8 51.3 51.9 52.9 53.5 53.9 54.4 55 55.5 55.9 56.6 56.9 57 57.1 57.4 57.5 58.3 58.3 58.4 59.3 60.3 61.2 61.5 61.6 61.9 63.6 65.2 66.4 67.5 68.6 69.7 70.7 71.7 73.7 73.5 72.7 73.5 74.9 77.5 78.8 80.7 85.1 87.8 93 100.1 105.1 108.9 111.9 118.3 126.2 128.2 132.7 139.9 145.6 151.3 154.8 159.2 167.3 170.9 169.5 166.9 165.6 159.9 154 157.5
41.8 41.8 41.7 42.3 43.2 43.7 44.5 45 45.6 46.4 47.3 48 48.5 48.7 48.7 48.7 49.3 49.7 50.2 50.8 51.3 51.9 52.4 53.6 54.4 54.9 55.5 56 56.4 56.5 56.6 56.8 56.9 56.9 57 57.4 57.7 58 58.7 59.7 60.9 61.5 61.6 62.4 63.9 64 65.6 66.8 67.8 69 71.1 72.3 73.6 72.7 73.2 74 75.3 78 80.3 82.7 85.1 89.3 98.3 104.5 110.5 115.9 119.2 123.4 130.7 134.9 138.3 145.2 149.1 153.9 160.6 170.7 177.5 179.7 178 173.9 171.6 165.2 158.4 163.8
41.9 42 42.6 43.2 43.4 44 44.6 44.7 46.2 46.7 47.2 47.7 48.2 48.7 48.8 48.9 49.1 49.7 50.2 50.7 51.3 51.8 52.4 52.9 54.4 54 54.8 55.6 56.1 56.4 56.6 56.7 56.9 56.8 56.5 56.9 57.2 57.5 58.1 59.3 60.5 61.6 61.7 62.5 62.4 62.3 63.2 65.1 66.8 69 72.1 74.1 73.6 73 73.2 74 77.3 79.2 80.7 84.5 88.3 93.1 101 106.1 112.7 119.9 125.2 128.9 133.7 146.1 152.5 154.2 155.6 163.7 172.4 180.4 186.5 188.6 186.9 180.8 176.7 170.9 167.5 168.4
41.2 42.1 42.7 43.3 43.7 44.3 44.5 44.5 45.8 46.4 46.8 47.3 47.9 48.5 48.8 48.4 48.9 49.6 50.1 50.7 51.3 51.8 52.3 52.9 54 53.8 54.6 55.4 55.8 56.1 56.3 56.6 56.8 56.8 56.1 56.3 56.9 57.6 58.3 59.2 60.2 61.2 61.9 61.7 61.7 61 60.9 62.3 65.6 69.6 73.3 75.9 74.9 72.6 73.3 76.2 80.2 81.1 82.1 86.8 92.8 99.9 104.2 108 113.4 122.7 128.3 133.2 138.6 150.5 162.1 163 166.4 173.5 182.2 188.6 194.4 197.4 192.3 188.9 183.9 177.9 173.9 171.1
41.5 42.1 42.8 43.4 44 44.5 44.4 44.3 45.3 45.9 46.5 46.9 47.5 48.2 48.4 48.2 48.8 49.4 50 50.6 51.2 51.8 52.3 53.3 53.1 53.6 54.4 55.2 55.5 55.8 56 56.3 56.5 56.1 55.5 56.5 57.2 57.9 58.5 59.3 60.3 61.3 61.2 60.9 59.9 59.4 59.2 60.3 63.2 67 70 72.3 72.8 71.3 74.7 77.5 82.1 82.7 84.8 89.6 97.3 104.4 108.2 111.6 117.6 124.6 128.4 138.2 143.6 153.4 167.3 174.1 176 183.3 188.9 195.1 202 204.4 199.9 196.1 191.5 186.5 182.1 176.5
41.5 42 42.5 43.2 44 44.4 44.3 44.2 44.9 45.5 46.1 46.6 47.2 47.6 47.9 48.5 48.8 49.3 49.9 50.5 51.1 51.7 52.1 52.8 53.9 53.6 54.2 54.9 55.2 55.4 55.6 55.8 56 55 55.2 56.3 57.2 58.1 58.8 59.5 60.4 60.5 59.8 60.1 58.8 58.1 58.3 59.4 60.5 62.8 65.1 68.4 68.4 70.8 74.4 75.8 82.4 84.6 88.8 94.7 100.9 106.9 112.1 117.1 122.1 129.5 140.6 148.1 155.1 164.6 176.1 183.4 188.1 191.8 197.1 202.8 209.3 210.9 207.4 202.3 197.9 194 189.8 184.1
40.9 41.4 42.1 42.9 43.4 44 44.4 43.5 44.4 45.1 45.7 46.2 46 46.1 46.7 47.5 48.2 49 49.7 50.3 50.7 51 51.4 52.6 53.1 53.2 53.4 54.4 54.7 54.9 55.1 55.3 54.8 53.9 54.9 56.1 57 57.9 58.8 59.6 60.2 59 58.3 58.5 58.4 57.5 58.1 58.8 60 61.1 63.2 65.7 67 69.1 72.5 76.9 81.8 85.1 89.7 97.5 105.4 111 116.4 123 128.2 134.8 150.6 159.1 169.2 178.3 186.6 191.2 196.2 200 206 212.3 216.4 216.9 214.9 208.1 203.7 201 196.4 192.1
40.4 40.6 40.9 41.3 42.6 43.3 42.8 42.1 42.3 44 43.8 44 44.3 44.9 45.6 46.3 47.1 47.8 48.6 49.3 49.8 50.2 50.7 51.2 52.1 52.4 52.8 53.8 54.3 54.5 54.7 54.5 53.7 53 54.6 55.9 56.7 57.4 58.1 58.7 59.4 57.9 56.9 56.9 56.9 57.4 58.3 58.9 59.9 61 62.1 64.3 66.1 68.5 71.3 74.8 82 86 93.3 100 107.5 112.2 117.8 124.5 131.8 140 151.7 166.3 178.1 188.1 195.6 199.9 201 207.8 214.6 219 223.5 223.7 221.5 215.7 210.2 206.9 204.6 200.5
39.8 39.9 39.7 40 41.6 41.4 41 40.6 40.9 42.1 42.6 42.5 43.1 43.8 44.5 45.2 46 46.8 47.7 48.2 48.6 49.1 49.6 50.4 51.9 52.4 52.3 53.1 53.7 54.1 53.4 53.3 52.8 52.4 53.9 55.1 55.9 56.5 57.2 57.1 56.9 56.1 56.2 56.5 57 57.9 58.6 59 59.8 60.9 62 63.4 65.3 68.2 71.9 74.2 82.3 88.8 94.8 98.7 107.1 114.2 119.4 124.9 133.6 145 154.8 170 183.9 194.2 202.7 206.8 211.2 215.9 219.8 223.8 228.5 230 226.6 221.6 215.3 213.6 210.4 209.6
37.7 38 38.3 38.6 38.7 39.6 39.4 39.2 39.7 40.9 41.5 41.3 42 42.6 43.3 44.1 44.9 45.8 46.7 47.2 47.5 48 48.5 49.9 51.5 51.8 51.7 52.3 52.9 53.3 52 52.1 52 51.7 53.1 54.2 54.3 54.6 55.8 54.9 54.2 55.2 55.9 56.8 57 58.3 58.7 59.1 59.8 60.9 61.9 63.2 64.9 67.2 74.4 76.2 83.3 90.7 94.6 99.4 105.6 112.4 122.8 128.2 138.5 151.3 161.3 173.2 185.9 198.2 207.4 214.8 220.4 224.6 227.3 230.7 235.4 234.9 230.3 226.8 222.3 219.4 216.2 216
36.3 36.6 36.9 37.3 37.4 37.7 37.8 38 38.5 39.4 40 40.2 40.8 41.4 42.2 43 43.9 44.8 45.8 46.1 46.4 46.9 47.8 49.2 50 50.3 50.9 51.7 52.2 52.2 50.8 50.8 50.8 50.8 51.6 51.9 52.5 53.4 54.7 55.1 55.6 56.4 57.3 57.8 57.8 57.7 58.2 59 59.9 60.8 61.8 63.3 65.1 67 74 77 84.1 92.1 96.6 100 107.3 114.1 125.7 135.3 143.8 157.5 169 178.5 189.1 198.8 209.1 218.3 225.9 231.5 235.6 238.9 242.3 241.8 235.7 231.4 227.5 225.1 224 222.5
34.7 35.1 35.5 35.9 36.2 36.5 36.8 37 37.3 37.9 38.4 39 39.7 40.3 41.1 42 43 43.9 44.8 45.1 45.4 45.8 47 47.7 48.5 48.9 50.3 51.1 51.5 51.1 49.8 49.5 50.3 51.8 52.8 53.1 53.8 54.8 55.7 56.5 57.2 57.9 58.5 58.8 58.6 58.6 58.6 59.3 60.1 61.8 62.6 63.6 65.5 68.3 71 77.8 86.2 93.8 98.7 103.9 109.4 116.7 126.7 135.7 147.7 158.4 172.4 184.8 195.4 204.5 210.1 218.7 228.6 235.6 241.6 245.1 245.3 245.5 243.5 239.9 234 231.2 229.2 228.3
34.5 34.5 35.1 35.7 35.9 36.1 36.9 37.4 37.9 37.7 38.1 38.5 38.6 39.3 40.2 41.1 42 42.9 43.8 44 44.3 44.8 45.6 46.4 47.2 48.3 49.7 50.5 50.7 49.8 48.6 49.2 50.5 52.2 53.4 54.2 54.9 55.8 55.9 57.2 58.1 58.8 59.2 59.7 59.4 59.5 59.5 59.6 60.4 62.1 63.2 64.4 66.1 70 73 81.2 88.2 94.8 100 104.6 113 119.9 129.6 140.2 152.3 165.8 177.5 189.2 199.5 207 214.5 223.7 229 236.7 245.1 248.7 249 249.2 248.7 247.9 245.8 240.3 237.5 236.3
35.1 35.4 35.3 35.9 36.1 37.1 38 38.6 39.2 38.3 39.8 39.7 40.4 40.4 39.9 40.1 41.1 42 42.7 43 43.5 44.1 44.9 45.5 46 46.8 48.3 48.7 48.8 48.9 48.3 49.1 50.5 52.1 53 53.8 54.6 55.5 56.5 57.9 58.4 58.6 59.2 59.8 59.9 60.3 60.4 60.4 60.8 62.4 64 65.6 67.2 72 73.2 81.1 87.7 94 100.3 105.6 113.6 123.2 133.7 144.1 156.1 170.2 183.4 194.3 201.9 211.8 219.7 224.7 232.2 239 250.1 251.9 252.8 252.5 252 250.9 250 248.2 245.8 244.8
35.6 35.8 35.9 36 36.4 38.1 38.2 38.5 36.4 38 37.6 39.3 39.5 38.9 40.4 40.8 41.4 41.5 41.7 42.2 42.4 43.2 43.9 44.3 44.8 45.4 46.8 47 46.9 47.9 49.8 48.7 50.1 50.6 51.7 52.5 53.3 54.5 55.5 56.1 57.7 57.5 57.6 58.2 58.8 59.4 59.9 60.4 61 62.1 63.8 66.1 67.5 73.5 72.9 79 85.8 92.5 98.5 104.6 113.2 121.5 132.9 147.4 160.8 173.3 187.1 197.7 208.6 215.4 223.8 230.8 237.5 246.9 253.2 255.2 256.4 256 255.4 254.5 253.1 251.2 249.3 247.5
36.1 36.3 36.4 36.6 36.8 37.9 36.5 36.4 37.9 38.2 39.2 39.5 39.9 40.8 40.3 41.1 41.7 41.2 40.4 40.5 41.3 42.8 43.7 44 44.1 44.2 45.1 46.2 47.7 48.9 49.2 49.4 51.3 51.2 52.3 53.1 53.6 54.6 55 56 57.2 57.8 57.7 58.1 58.8 59.3 59.9 60.5 61.2 61.9 62.6 65.2 68.6 71.5 73.8 77.7 85 92.7 97.9 105.8 113.3 120.6 131.5 148.7 164.8 177.2 188.9 198.4 207.7 215.1 225.6 233.4 242.1 253.3 256.4 258.8 260 259.9 259 257.8 256.3 254.4 252.5 250.3
36.6 36.8 36.9 37.1 37.3 37.9 38.6 38 37.3 38.6 39 39.5 40.2 40.4 42.9 41.4 41 41.5 41.9 43.4 42.3 43.8 44 43.8 44.1 44.5 44.5 46 48.1 49 49.5 51 49.8 52.1 52.8 54.1 54.9 55.8 57.2 57.1 57.9 59.2 59.3 59.4 59.4 59.3 60 60.7 61.4 62.1 62.8 63.8 69.1 72.1 74.6 80.8 87.5 94.5 100.1 108.1 117.2 125.4 136.5 151.5 165.3 180.1 191.6 202.2 209 218 228.1 237.8 245.4 256.1 259.6 262.5 263.5 263.9 262.3 261.1 259.4 257.5 254.8 252
37.1 37.3 37.4 37.6 37.8 38.3 38.9 38.9 39.4 38.6 39.1 39.6 40.6 41.1 40.7 40.4 41.3 42.9 42.9 43.8 43.5 43.9 44.6 44.4 45.6 45.7 44.9 45 48.1 49.3 49.5 51.1 52.1 52.5 53.9 54.4 54.7 55.9 57.2 57.7 58.3 59.2 60 60.7 60.2 60.2 60.1 60.8 61.5 62.2 62.9 64.5 70.3 72.3 76.2 82.7 90.3 99.7 106.5 112.9 121 129.1 139 151.3 165.2 178.5 191.8 202.7 212.8 221.7 231.5 238.9 248.5 258.4 263.1 266.3 267.2 267.9 266 264.4 262.3 259.3 256.5 253.8
37.6 37.8 37.9 38.1 38.2 38.8 39.3 39.8 40 38.9 39.3 39.7 41.7 41 41.1 41.7 42.3 42.7 43.4 44.2 44.6 44.2 45.4 45.7 46.4 46.8 46.8 46 48.1 48.7 49.6 51.2 51.4 53 53.6 53.9 54.5 55.4 57.2 57.6 58.8 59.6 60.2 60.6 60.9 60.9 60.6 60.9 61.6 62.2 63.1 65.1 72.3 73.3 78.7 82.8 91.4 99.1 106.5 110 122 129.4 138.4 148.4 162.8 176.8 189.8 201.9 211.5 222.2 231.8 240.2 249.5 260.1 265.6 270.2 272.1 271.2 269.4 267.5 263.8 261 258.2 255.5
38 38.3 38.4 38.5 38.7 39.2 39.7 39.8 40 40.6 40.9 41.3 40.5 41 41.1 41.7 42.2 44.4 45.4 44.9 44.5 45.5 45.8 45.5 47.1 47.3 47.3 47 47.9 48.6 48.9 50.2 52 52.6 53.5 54.6 54.8 55.2 56.8 58 59.2 59.7 60.1 60.4 60.8 60.9 60.9 61 61.7 62.4 63.7 65.6 70.2 74.6 80.5 84.1 90.7 99.1 106.5 111.4 118.7 126.5 135.3 146.7 160.5 175.7 188.9 201 211.2 221 229.7 237.3 247.9 258.5 269 274 276 274 272 270 266.4 263.3 260.1 257
37.6 38.1 38.6 39 39.2 39.4 39.4 39.4 39.7 40.8 41 41.5 41.5 41.9 42.3 42.2 42.7 44.6 43.9 44.1 44.9 44.8 45.4 46.1 47 47.5 47.4 47.6 48.1 48.4 48.7 49.8 51.7 52.2 52.7 53.8 55.1 56.1 56.5 57.7 58.3 59.3 60.5 61.5 62.3 62.5 61.7 60.9 62.2 62.8 63.6 66.1 70.9 75 80.4 85.3 89 98.6 106.2 111.3 115.2 123.4 133.2 145.7 159.6 173.7 187.3 199.4 209.2 217.5 224.2 231.3 240.9 250.7 265.4 275.6 278.1 276.4 274 270.8 267.6 264.5 261.2 258
37 37.4 37.8 38.3 39.4 39.4 39.5 39.6 39.9 41.1 41.5 41.8 41.7 42.1 42 43.2 43.7 43.1 43.6 44.1 45.9 45.3 45.8 46.6 47.4 48 48.5 48.9 49.2 49.5 49.7 49.6 51.6 52.4 52.4 53.6 55.1 56.3 57.4 58.3 59.3 60.2 61.5 62.3 63.2 64.1 64 62.3 61.3 62.6 63.8 68.9 72.4 75.7 78.5 81.6 87.6 94.7 103 106.6 108 117.2 127.9 139.5 153.1 166.8 181.9 193.3 205.2 213.1 219.2 226.4 235.9 245.7 258.7 272.5 275.7 276.1 274.4 272.5 269.4 265.6 262.2 259
37.3 37.8 38.2 38.9 39.4 39.9 39.6 39.7 40.1 41.3 41.7 41.5 42.1 41.4 42.2 43 43.4 44.2 44.3 44.7 43.5 46 46.4 47.1 47.9 48 48.6 49.3 49.9 50.3 50.3 50.2 50.6 51.5 51.9 54.2 54.5 56.3 57.5 57.7 58.6 59.4 61.1 62 63.2 64.8 65.4 63.7 64.2 62.5 64.6 70.5 73 74.9 77.3 80.3 86.3 92.8 100 106 108.9 118.3 125.7 135.2 147.3 161.7 175 187.6 199.6 208.3 215.2 222.3 232 243.5 254.4 266.9 270.3 272.4 272.8 272.2 270.8 267.3 263.8 260.5
37.8 38.2 38.6 39 39.5 39.9 40.4 39.8 40.4 41.4 41.4 42.3 42.8 43 43.1 43.2 42.6 44.4 43.8 45.7 44.9 45.9 46.9 47.5 47.9 48 48.7 49.1 49.7 50.4 51.2 50.9 52.2 52.2 51.6 53.4 55.3 55.6 57.3 57.8 59.1 60.4 60.8 61.8 63.3 64.9 65.8 65.1 64.4 64.4 65.7 70.2 72.4 73.9 76.1 79.5 83.3 90.5 97.2 106.2 112.3 117.8 122.6 133.3 144.4 156.4 167.3 182 193.4 202.1 210 218.1 228.1 238.4 247.6 255.1 264.5 266.4 268.6 269.9 270.2 267.8 265.6 262.2
37.9 38.3 38.7 39.2 39.6 40.1 40.5 40.6 40.5 41.7 42.2 42.7 43.3 43.4 43.5 43.7 43.7 44 44.1 44.8 46 46.3 47 47.8 47.9 48 48.5 48.9 49.5 50.1 51 52.8 53.1 53.3 53.1 53.2 53.8 55.1 56.9 58.4 59.4 60 60.8 61.7 63.2 64.6 65.9 66.4 66.2 66.2 66.6 69 70.7 72.9 75.2 78.4 83.6 92.1 98.8 105.4 111.6 117.7 122.6 130.3 138 149.9 161.3 174.2 186.6 198.8 208.9 217.7 226.4 232.6 241.4 246.8 253.6 258.3 262.6 265 266.4 266.9 266.2 264
