UK/data/sh/sh12_OST50GRID_20230518/SH12.asc
ncols 200
nrows 200
xllcorner 210000
yllcorner 320000
cellsize 50
[rows 74 to 110 of 200, columns 85 to 169 of 200]
59.2 76.1 96.1 98.3 89.9 82.7 76.5 70.7 59.5 57.5 59.7 61.4 62.1 62.5 62.7 61.5 60.2 60.1 60.9 60.8 60.4 60.7 61.9 65.1 67 71.1 70.4 61.2 57.7 55.6 54.4 54.1 54.9 54.7 53.6 53 53.1 53 53.4 54.4 55.6 56.8 58.5 58.9 59 58.7 55.9 36.9 1.1 1 0.5 0.2 -0.1 -0.2 -0.2 -0.3 -0.3 -0.3 -1.2 -1.2 -0.3 -0.1 0.4 0.7 1.1 1.5 2.6 3.1 5 18.2 25.9 27.6 27.9 28.4 29.1 29.7 30.6 31.7 32.8 31.8 32.6 35 37.4 38.7 39.1
92.5 106.1 118.5 113.4 103.2 92.4 81.6 73.2 64.2 60.7 63.2 63.8 65.1 64.1 63.7 62.2 60.7 58.7 58.4 58 57 56.3 56.4 57.4 58.8 62.4 60.2 54.4 53 52.4 51.9 52.3 52.9 53.6 52.9 52.2 51.3 51.6 53 54.2 55.4 56.8 58.4 58.7 58.6 57.9 53 35.4 0.4 -1.2 -1.2 -1.2 -1.2 -1.2 -1.2 -1.2 -1.2 -1.2 -1.2 -1.2 -1.2 -1.2 -1.2 -1.2 -1.2 -1.2 0.1 0.5 0.8 1.2 1.9 3.9 10.6 26.5 27.4 28.4 28.6 29.8 30.8 27.3 32.8 35.3 37.2 38.3 38.9
116.6 125.4 129.8 122.1 113.3 98.8 85.7 76.1 68.3 65.5 68 68.6 68.3 66.9 65.7 64.6 62.2 60.5 58.6 56.6 55.4 54.6 53.5 52.8 52.9 51.8 51.9 50.7 49.9 49.4 49.2 50.2 50.9 51.5 51 50.6 51.2 52.5 53 54 55.2 56.8 58.3 58.2 57.9 55.1 48.7 25.1 -1.2 -1.2 -1.2 -1.2 -1.2 -1.2 -1.2 -1.2 -1.2 -1.2 -1.2 -1.2 -1.2 -1.2 -1.2 -1.2 -1.2 -1.2 -1.2 -1.2 -1.2 -1.2 0.1 0.6 1.1 2.2 3.7 11 25.1 29.5 22.4 31.3 33.3 35.2 37.1 38.3 38.9
120.9 128.6 135 128 120.1 104.4 89.4 74.6 71.1 70.3 72.7 74.6 75.5 71.9 68.9 66.8 63.9 62 59.9 58.4 57.3 56.1 53.5 51.8 50.3 49.6 48.6 47.6 47.2 46.9 46.1 48 49.2 48.9 48.2 49.2 51.4 53.2 54.2 55.2 56 57.3 58.9 58.9 58.5 55.2 47.4 21 -1.2 -1.2 -1.2 -1.2 -1.2 -1.2 -1.2 -1.2 -1.2 -1.2 -1.2 -1.2 -1.2 -1.2 -1.2 -1.2 -1.2 -1.2 -1.2 -1.2 -1.2 -1.2 -1.2 -1.2 -1.2 0.2 0.8 1.3 2.4 22.6 14.1 31.1 32.7 34.4 36.4 37.3 38.7
116.7 126.5 130.6 129.3 118.4 105.4 98.4 81.8 74 73.1 74.5 76.6 79.3 83.1 78.6 71 66.7 63.9 61.9 60.7 58.9 56.4 54.3 52.9 51.5 50.2 49.8 48.1 47 45.3 43.3 44.4 46.3 45.5 46.5 49.7 51.5 53.7 55.2 56.5 57.7 58.8 59.9 60.2 59.8 58.5 44.3 -1.2 -1.2 -1.2 -1.2 -1.2 -1.2 -1.2 -1.2 -1.2 -1.2 -1.2 -1.2 -1.2 -1.2 -1.2 -1.2 -1.2 -1.2 -1.2 -1.2 -1.2 -1.2 -1.2 -1.2 -1.2 -1.2 -1.2 -1.2 -0.2 0.4 1 2.7 11.9 10.9 24.5 35.6 37.2 38.9
115.1 121.4 127.1 123.2 114.5 104.9 98.2 84.2 78 76 76 77.3 78.9 83.8 85.4 78.4 72.2 66.6 63.9 61.9 60.9 58.4 56.2 54.5 53.3 52.5 51.4 49.6 47.9 47.1 45.8 43.4 42.8 41.4 44.8 48.7 51.7 54.2 56.1 58.2 59.3 60.4 61 61.5 61.1 58.3 44.9 -1.2 -1.2 -1.2 -1.2 -1.2 -1.2 -1.2 -1.2 -1.2 -1.2 -1.2 -1.2 -1.2 -1.2 -1.2 -1.2 -1.2 -1.2 -1.2 -1.2 -1.2 -1.2 -1.2 -1.2 -1.2 -1.2 -1.2 -1.2 -1.2 -1.2 -1.2 0.3 1.2 5.3 10.9 25.5 31.8 32.3
117.6 114.9 118.9 117.7 112.3 104.6 97.5 91.3 81.1 78.3 76.8 76.8 77.8 83.4 85.5 81.4 74.7 69 65.3 63.4 62.9 60.9 58.7 57.5 56.1 54.7 52.3 49.9 48.9 48 46.5 45 41.3 42.8 46.3 48.7 51.6 54.8 56.8 58.7 59.6 60.5 61.6 61.4 59.6 52.3 -1.2 -1.2 -1.2 -1.2 -1.2 -1.2 -1.2 -1.2 -1.2 -1.2 -1.2 -1.2 -1.2 -1.2 -1.2 -1.2 -1.2 -1.2 -1.2 -1.2 -1.2 -1.2 -1.2 -1.2 -1.2 -1.2 -1.2 -1.2 -1.2 -1.2 -1.2 -1.2 -1.2 -0.2 0.7 1.4 7.7 9.6 22.8
122.1 108.6 113.2 112.1 108.1 100.9 97.9 95.6 80.8 77.8 76.1 75.5 77.5 83.7 84.7 81.1 74.9 69.8 67.1 65.9 65.8 64.6 61.6 59.9 58.2 55.9 53.7 51.4 50 48.6 47.2 45.1 40.2 41.3 45.9 48.5 51.2 54.9 57 58.6 59.7 60.6 61.1 60.5 56.3 38.7 -1.2 -1.2 -1.2 -1.2 -1.2 -1.2 -1.2 -1.2 -1.2 -1.2 -1.2 -1.2 -1.2 -1.2 -1.2 -1.2 -1.2 -1.2 -1.2 -1.2 -1.2 -1.2 -1.2 -1.2 -1.2 -1.2 -1.2 -1.2 -1.2 -1.2 -1.2 -1.2 -1.2 -1.2 -1.2 0.1 0.8 1.4 13
121.4 105.1 104.1 103.9 100 95.4 94.6 94.5 81.1 77 76 75.7 77.9 83.6 84.4 81.4 74.3 70.6 68.9 68.4 68.7 68.1 64.8 62.1 59.8 57.3 55 52.7 50.6 48.6 46.2 44.5 35.5 37.3 46.5 48.7 51.8 55.5 57.1 58.8 59.5 60.3 60 57.8 46.4 -1.2 -1.2 -1.2 -1.2 -1.2 -1.2 -1.2 -1.2 -1.2 -1.2 -1.2 -1.2 -1.2 -1.2 -1.2 -1.2 -1.2 -1.2 -1.2 -1.2 -1.2 -1.2 -1.2 -1.2 -1.2 -1.2 -1.2 -1.2 -1.2 -1.2 -1.2 -1.2 -1.2 -1.2 -1.2 -1.2 -1.2 -1.2 0.2 0.8
115.7 100.2 97.3 96 91.5 89.4 90.8 85.6 79.2 76.5 75.9 76.6 78.1 81.8 83.9 81 74.3 71.7 71.9 71.5 71.9 70.7 67.5 63.5 60.8 58 55.2 52.7 50.2 47.9 45 39.7 30.5 44.1 46.8 49.4 52.7 56.2 57.8 58.5 58.7 58.5 56.3 50.4 40.5 -1.2 -1.2 -1.2 -1.2 -1.2 -1.2 -1.2 -1.2 -1.2 -1.2 -1.2 -1.2 -1.2 -1.2 -1.2 -1.2 -1.2 -1.2 -1.2 -1.2 -1.2 -1.2 -1.2 -1.2 -1.2 -1.2 -1.2 -1.2 -1.2 -1.2 -1.2 -1.2 -1.2 -1.2 -1.2 -1.2 -1.2 -1.2 -1.2 -0.2
107.7 94.5 90.6 88.3 85.5 82.9 83.6 78.7 76.8 74.8 75 76.2 78.2 82.1 86.1 81.4 74.9 74 76.1 76.2 74.5 72.7 70.1 64.4 60.9 57.9 54.9 52.3 50.3 48.2 46.2 42.8 28.8 43.8 46.9 49.8 53.8 56.4 57.4 57.8 56.9 55 49.5 43.6 37.9 -1.2 -1.2 -1.2 -1.2 -1.2 -1.2 -1.2 -1.2 -1.2 -1.2 -1.2 -1.2 -1.2 -1.2 -1.2 -1.2 -1.2 -1.2 -1.2 -1.2 -1.2 -1.2 -1.2 -1.2 -1.2 -1.2 -1.2 -1.2 -1.2 -1.2 -1.2 -1.2 -1.2 -1.2 -1.2 -1.2 -1.2 -1.2 -1.2 -1.2
100.1 88.7 84.7 82.2 79.5 77.9 76.3 75.5 74.3 73.5 74.2 75.5 77.4 83.2 85.8 78 74.8 74.2 76.1 76.9 74.7 73 71.1 66.1 61.1 57.6 54.6 51.8 49.7 47.1 44.3 41 33.1 43.4 45.7 49 53.2 55.4 55.7 55.6 53.9 50.2 45.1 42.1 32.9 -1.2 -1.2 -1.2 -1.2 -1.2 -1.2 -1.2 -1.2 -1.2 -1.2 -1.2 -1.2 -1.2 -1.2 -1.2 -1.2 -1.2 -1.2 -1.2 -1.2 -1.2 -1.2 -1.2 -1.2 -1.2 -1.2 -1.2 -1.2 -1.2 -1.2 -1.2 -1.2 -1.2 -1.2 -1.2 -1.2 -1.2 -1.2 -1.2 -1.2
93.8 85.4 79.1 77.3 75.8 75 74.5 73.6 73.3 73.3 74.1 75.4 76.7 79 79.9 76.3 73.2 73.1 73.1 73.1 72.4 72.3 70.2 66.2 60.8 57.3 53.9 51.4 49.2 46.7 43.9 42 29.6 38.3 40.7 44.9 47.8 50.8 51.9 52.3 51.4 47.3 41.5 35 -1.2 -1.2 -1.2 -1.2 -1.2 -1.2 -1.2 -1.2 -1.2 -1.2 -1.2 -1.2 -1.2 -1.2 -1.2 -1.2 -1.2 -1.2 -1.2 -1.2 -1.2 -1.2 -1.2 -1.2 -1.2 -1.2 -1.2 -1.2 -1.2 -1.2 -1.2 -1.2 -1.2 -1.2 -1.2 -1.2 -1.2 -1.2 -1.2 -1.2 -1.2
87.7 77.7 75 73.9 73.1 72.5 72.3 72.2 71.9 72.4 73.3 74.2 74.8 74.3 74.3 73.2 71.4 71.1 70.5 68.9 68.6 69.7 69 64.7 59.3 56.3 53.4 51.1 48.4 44.9 44 42 29.5 22.2 24 23.3 20.3 30.7 42.8 45.5 45.9 42.8 36.8 33.4 -1.2 -1.2 -1.2 -1.2 -1.2 -1.2 -1.2 -1.2 -1.2 -1.2 -1.2 -1.2 -1.2 -1.2 -1.2 -1.2 -1.2 -1.2 -1.2 -1.2 -1.2 -1.2 -1.2 -1.2 -1.2 -1.2 -1.2 -1.2 -1.2 -1.2 -1.2 -1.2 -1.2 -1.2 -1.2 -1.2 -1.2 -1.2 -1.2 -1.2 -1.2
80.9 72.5 70.7 70.7 70.1 70.7 70.7 70.5 70.4 70.7 71.8 72.4 72.3 72 71.6 71.2 69.2 68 67 65 64.7 65.6 66.3 63.5 59.1 56 53.1 50.1 47.2 43.4 41.7 39.5 20.5 35.7 33.8 31.3 30.4 16.6 15.1 31.4 35.4 30.3 -1.2 -1.2 -1.2 -1.2 -1.2 -1.2 -1.2 -1.2 -1.2 -1.2 -1.2 -1.2 -1.2 -1.2 -1.2 -1.2 -1.2 -1.2 -1.2 -1.2 -1.2 -1.2 -1.2 -1.2 -1.2 -1.2 -1.2 -1.2 -1.2 -1.2 -1.2 -1.2 -1.2 -1.2 -1.2 -1.2 -1.2 -1.2 -1.2 -1.2 -1.2 -1.2 -1.2
74.7 70.2 67.7 66.8 66.4 69 69.5 69.7 69.7 68.7 68.8 69.5 68.9 68.6 68.5 68 66.3 64.9 63 61.3 60.4 60.6 61.2 60.3 57 54.6 51.6 48.7 44.9 38.9 34.9 28.6 40.4 41.7 42.1 41.1 41.1 39.8 27.1 6 5.2 -1.2 -1.2 -1.2 -1.2 -1.2 -1.2 -1.2 -1.2 -1.2 -1.2 -1.2 -1.2 -1.2 -1.2 -1.2 -1.2 -1.2 -1.2 -1.2 -1.2 -1.2 -1.2 -1.2 -1.2 -1.2 -1.2 -1.2 -1.2 -1.2 -1.2 -1.2 -1.2 -1.2 -1.2 -1.2 -1.2 -1.2 -1.2 -1.2 -1.2 -1.2 -1.2 -1.2 -1.2
73.2 66 63.6 62.2 63.4 67.8 69.4 69.5 68.9 67.7 66.5 65.8 65.7 65.6 64.9 64.5 63.6 62.3 61.6 60.3 60.8 58.6 56.3 54.6 53.2 52 49.4 45.9 41.2 44.2 42.1 36.1 44.6 45.7 45.1 43.8 43.4 43.2 40.8 34.4 25.5 -1.2 -1.2 -1.2 -1.2 -1.2 -1.2 -1.2 -1.2 -1.2 -1.2 -1.2 -1.2 -1.2 -1.2 -1.2 -1.2 -1.2 -1.2 -1.2 -1.2 -1.2 -1.2 -1.2 -1.2 -1.2 -1.2 -1.2 -1.2 -1.2 -1.2 -1.2 -1.2 -1.2 -1.2 -1.2 -1.2 -1.2 -1.2 -1.2 -1.2 -1.2 -1.2 -1.2 -1.2
72.2 61.7 59 58.3 60.2 65.9 68.5 68.1 67 66.2 65.2 64.3 63.4 63.4 63.6 63.4 62.4 61.8 61.4 59.9 58.7 57.3 55.7 54.8 54 52.5 49.8 45.5 46.4 47.1 45.6 45.4 47.6 48.5 47.6 46.6 46.4 47.2 43.3 41.2 38.2 35.4 -1.2 -1.2 -1.2 -1.2 -1.2 -1.2 -1.2 -1.2 -1.2 -1.2 -1.2 -1.2 -1.2 -1.2 -1.2 -1.2 -1.2 -1.2 -1.2 -1.2 -1.2 -1.2 -1.2 -1.2 -1.2 -1.2 -1.2 -1.2 -1.2 -1.2 -1.2 -1.2 -1.2 -1.2 -1.2 -1.2 -1.2 -1.2 -1.2 -1.2 -1.2 -1.2 -1.2
75.3 60.2 53.4 55.4 57.5 63.2 65.2 65.6 65 64.2 63.6 63.2 62.8 62.5 62.1 61.6 61.7 61 60.9 59.3 58.4 58.9 58.2 56.8 55.5 53.8 50.3 45.4 48.2 48.6 45.6 49.8 50.9 51.1 51 51.5 52.3 52 51 47.3 42.4 37.1 26.5 -1.2 -1.2 -1.2 -1.2 -1.2 -1.2 -1.2 -1.2 -1.2 -1.2 -1.2 -1.2 -1.2 -1.2 -1.2 -1.2 -1.2 -1.2 -1.2 -1.2 -1.2 -1.2 -1.2 -1.2 -1.2 -1.2 -1.2 -1.2 -1.2 -1.2 -1.2 -1.2 -1.2 -1.2 -1.2 -1.2 -1.2 -1.2 -1.2 -1.2 -1.2 -1.2
75.3 57.3 50.1 52.4 55.7 59.3 61.6 62.6 62.8 63 63.8 64.3 63.5 62.4 61.4 61.4 60.4 59.9 59.3 58.4 58.8 59.1 58.6 57.4 55.5 52.7 47.7 49.7 51.6 49.1 49.9 52.7 54.6 54.9 57.4 57.6 57 56.1 54.2 51.7 46.1 39.2 -1.2 -1.2 -1.2 -1.2 -1.2 -1.2 -1.2 -1.2 -1.2 -1.2 -1.2 -1.2 -1.2 -1.2 -1.2 -1.2 -1.2 -1.2 -1.2 -1.2 -1.2 -1.2 -1.2 -1.2 -1.2 -1.2 -1.2 -1.2 -1.2 -1.2 -1.2 -1.2 -1.2 -1.2 -1.2 -1.2 -1.2 -1.2 -1.2 -1.2 -1.2 -1.2 -1.2
77.8 57.7 46.3 49 50.9 52.9 55.7 58.2 59.9 60.4 62.4 63.9 64.1 63.5 62.5 61.6 60.2 58.9 58.1 57.4 57.5 58 57.6 56.4 53.8 50.9 48.8 51.5 53.3 53.5 56.1 56.1 56.9 59.8 61.7 60.7 59.8 58.3 55.7 52.5 47.5 37.3 -1.2 -1.2 -1.2 -1.2 -1.2 -1.2 -1.2 -1.2 -1.2 -1.2 -1.2 -1.2 -1.2 -1.2 -1.2 -1.2 -1.2 -1.2 -1.2 -1.2 -1.2 -1.2 -1.2 -1.2 -1.2 -1.2 -1.2 -1.2 -1.2 -1.2 -1.2 -1.2 -1.2 -1.2 -1.2 -1.2 -1.2 -1.2 -1.2 -1.2 -1.2 -1.2 -1.2
79.1 57.3 41.9 43.9 46.3 48.3 51.9 54.3 55.7 58 61.2 63.5 64.2 64 63.3 61.2 61.3 60.7 59.3 58 56.2 55.3 55 53.7 52.1 50.9 51.8 49.7 54.5 57.1 58.2 59.3 60.6 62.4 63.7 63 61.7 60.1 56.7 51.6 46.2 33.7 -1.2 -1.2 -1.2 -1.2 -1.2 -1.2 -1.2 -1.2 -1.2 -1.2 -1.2 -1.2 -1.2 -1.2 -1.2 -1.2 -1.2 -1.2 -1.2 -1.2 -1.2 -1.2 -1.2 -1.2 -1.2 -1.2 -1.2 -1.2 -1.2 -1.2 -1.2 -1.2 -1.2 -1.2 -1.2 -1.2 -1.2 -1.2 -1.2 -1.2 -1.2 -1.2 -1.2
78.3 52.9 39 39.3 42.1 44 46.4 50.2 52.3 56.3 59.2 63 64.8 64.1 64 62.2 63.1 63.2 62 59.8 57.6 55.6 54.5 54.2 54.9 54.3 54 53.8 55.1 57.4 59.7 62.1 62.5 64 64.8 64.8 63.5 61.8 57.1 49.5 41.7 30.6 -1.2 -1.2 -1.2 -1.2 -1.2 -1.2 -1.2 -1.2 -1.2 -1.2 -1.2 -1.2 -1.2 -1.2 -1.2 -1.2 -1.2 -1.2 -1.2 -1.2 -1.2 -1.2 -1.2 -1.2 -1.2 -1.2 -1.2 -1.2 -1.2 -1.2 -1.2 -1.2 -1.2 -1.2 -1.2 -1.2 -1.2 -1.2 -1.2 -1.2 -1.2 -1.2 -1.2
75.1 50.7 35.4 35.7 38.7 40.6 44.2 45.5 50.7 53.9 57.7 61.7 64.6 64.9 64.6 63.8 65 65.9 64.6 62.3 60 57.9 56.7 55.9 56.7 57.2 55.9 55.6 56.9 58.6 60.5 62.5 63.7 65 65.5 65.6 64.5 63.6 57.9 48 33.6 27.1 -1.2 -1.2 -1.2 -1.2 -1.2 -1.2 -1.2 -1.2 -1.2 -1.2 -1.2 -1.2 -1.2 -1.2 -1.2 -1.2 -1.2 -1.2 -1.2 -1.2 -1.2 -1.2 -1.2 -1.2 -1.2 -1.2 -1.2 -1.2 -1.2 -1.2 -1.2 -1.2 -1.2 -1.2 -1.2 -1.2 -1.2 -1.2 -1.2 -1.2 -1.2 -1.2 -1.2
59.4 46.2 30.1 30.7 33.9 37.8 42.1 45.3 49.9 54.1 58.2 62.1 63.7 65.5 66.1 66.6 67 68.1 67.3 65.4 62.9 61.4 60.1 59.2 58.6 58.9 58.8 58.1 58.5 59.8 61.5 63.1 64.2 65 65.3 65.1 63.6 61.5 56.8 47.7 -1.2 -1.2 -1.2 -1.2 -1.2 -1.2 -1.2 -1.2 -1.2 -1.2 -1.2 -1.2 -1.2 -1.2 -1.2 -1.2 -1.2 -1.2 -1.2 -1.2 -1.2 -1.2 -1.2 -1.2 -1.2 -1.2 -1.2 -1.2 -1.2 -1.2 -1.2 -1.2 -1.2 -1.2 -1.2 -1.2 -1.2 -1.2 -1.2 -1.2 -1.2 -1.2 -1.2 -1.2 -1.2
43.7 38.9 17.5 26.3 31.5 35.3 39.8 44.3 48.5 53.3 57.7 61.6 64.6 67.2 67.4 68.9 69.2 69.6 69.4 69.1 67.6 65.8 63.8 61.8 60.5 60.1 60.1 59.7 59.8 60.7 62.4 63.5 63.3 63.4 63.4 63.1 61.9 59.1 55.3 46.3 -1.2 -1.2 -1.2 -1.2 -1.2 -1.2 -1.2 -1.2 -1.2 -1.2 -1.2 -1.2 -1.2 -1.2 -1.2 -1.2 -1.2 -1.2 -1.2 -1.2 -1.2 -1.2 -1.2 -1.2 -1.2 -1.2 -1.2 -1.2 -1.2 -1.2 -1.2 -1.2 -1.2 -1.2 -1.2 -1.2 -1.2 -1.2 -1.2 -1.2 -1.2 -1.2 -1.2 -1.2 -1.2
49.6 34.7 -1.2 -1.2 23.7 34 39 43.8 47.1 51.9 57 61 65.2 69.2 70.2 70.9 71.4 71.7 71.8 72.1 71.3 69.4 67 64.8 62.8 61.5 61.4 61 61 61.9 63.4 63.2 62.5 61.5 61.5 60.8 59.7 57.4 54.6 45 -1.2 -1.2 -1.2 -1.2 -1.2 -1.2 -1.2 -1.2 -1.2 -1.2 -1.2 -1.2 -1.2 -1.2 -1.2 -1.2 -1.2 -1.2 -1.2 -1.2 -1.2 -1.2 -1.2 -1.2 -1.2 -1.2 -1.2 -1.2 -1.2 -1.2 -1.2 -1.2 -1.2 -1.2 -1.2 -1.2 -1.2 -1.2 -1.2 -1.2 -1.2 -1.2 -1.2 -1.2 -1.2
53.7 -1.2 -1.2 -1.2 22.9 31.7 37.4 43 47.3 51.6 55.9 59.8 63.6 70.3 72.7 73.2 74.1 74.8 75.1 75.1 74.5 72.6 70 67.1 64.8 63.5 62.8 62.3 62.1 63.1 64.6 64.1 62.4 59.8 58.8 57.9 56.2 54.5 54.4 45.2 -1.2 -1.2 -1.2 -1.2 -1.2 -1.2 -1.2 -1.2 -1.2 -1.2 -1.2 -1.2 -1.2 -1.2 -1.2 -1.2 -1.2 -1.2 -1.2 -1.2 -1.2 -1.2 -1.2 -1.2 -1.2 -1.2 -1.2 -1.2 -1.2 -1.2 -1.2 -1.2 -1.2 -1.2 -1.2 -1.2 -1.2 -1.2 -1.2 -1.2 -1.2 -1.2 -1.2 -1.2 -1.2
39.1 -1.2 -1.2 -1.2 20.4 32.1 37.1 42.2 47.3 51.1 54.4 58.2 62.7 69.8 73.7 75.8 76.5 77.9 78.7 78.8 77.2 75.4 72.2 69.3 66.4 65.8 64.7 63.9 63.7 65 66.1 65.5 62.4 58.5 55.7 53.7 51 49.1 48.3 34.8 -1.2 -1.2 -1.2 -1.2 -1.2 -1.2 -1.2 -1.2 -1.2 -1.2 -1.2 -1.2 -1.2 -1.2 -1.2 -1.2 -1.2 -1.2 -1.2 -1.2 -1.2 -1.2 -1.2 -1.2 -1.2 -1.2 -1.2 -1.2 -1.2 -1.2 -1.2 -1.2 -1.2 -1.2 -1.2 -1.2 -1.2 -1.2 -1.2 -1.2 -1.2 -1.2 -1.2 -1.2 -1.2
28.1 -1.2 -1.2 -1.2 -1.2 29.3 35.6 41.8 47.6 51.2 53.8 57.2 61.7 67.6 74.6 79.2 80 81.4 82.1 85.7 86.8 78.4 75.6 71.1 70 67.7 66.7 65.9 65.8 67 68.3 65.8 61.4 57.9 54.1 49.9 46.7 42 31.3 -1.2 -1.2 -1.2 -1.2 -1.2 -1.2 -1.2 -1.2 -1.2 -1.2 -1.2 -1.2 -1.2 -1.2 -1.2 -1.2 -1.2 -1.2 -1.2 -1.2 -1.2 -1.2 -1.2 -1.2 -1.2 -1.2 -1.2 -1.2 -1.2 -1.2 -1.2 -1.2 -1.2 -1.2 -1.2 -1.2 -1.2 -1.2 -1.2 -1.2 -1.2 -1.2 -1.2 -1.2 -1.2 -1.2
-1.2 -1.2 -1.2 -1.2 -1.2 -1.2 32.6 44.2 47.7 51.2 53.6 56.2 60.5 65.8 73 80.4 84.2 85.3 86 87.5 88.4 84 79.7 75.7 71.9 69.7 68.8 68.3 68.8 70.8 70.9 65.8 59.8 56.8 53.9 50.2 39.2 -1.2 -1.2 -1.2 -1.2 -1.2 -1.2 -1.2 -1.2 -1.2 -1.2 -1.2 -1.2 -1.2 -1.2 -1.2 -1.2 -1.2 -1.2 -1.2 -1.2 -1.2 -1.2 -1.2 -1.2 -1.2 -1.2 -1.2 -1.2 -1.2 -1.2 -1.2 -1.2 -1.2 -1.2 -1.2 -1.2 -1.2 -1.2 -1.2 -1.2 -1.2 -1.2 -1.2 -1.2 -1.2 -1.2 -1.2 -1.2
-1.2 -1.2 -1.2 -1.2 -1.2 -1.2 14.2 40 49.4 48.9 50.7 52.8 57.6 63.3 70.2 78 83.8 87.8 89.2 89.9 89.3 87.1 84.2 80.1 78.2 76.1 73.4 73 73.3 74.6 72.7 66.3 58.1 54.9 52.9 49.5 37.5 -1.2 -1.2 -1.2 -1.2 -1.2 -1.2 -1.2 -1.2 -1.2 -1.2 -1.2 -1.2 -1.2 -1.2 -1.2 -1.2 -1.2 -1.2 -1.2 -1.2 -1.2 -1.2 -1.2 -1.2 -1.2 -1.2 -1.2 -1.2 -1.2 -1.2 -1.2 -1.2 -1.2 -1.2 -1.2 -1.2 -1.2 -1.2 -1.2 -1.2 -1.2 -1.2 -1.2 -1.2 -1.2 -1.2 -1.2 -1.2
-1.2 -1.2 -1.2 -1.2 -1.2 -1.2 -1.2 28.5 38.3 39.9 41.6 45.4 53.9 61.5 69.2 75.3 83 87.1 90.8 92.4 93 91.7 90.3 90.1 90 89.9 83.5 80 79 78.7 73.5 65 56.1 52.8 50.7 48.2 26.7 -1.2 -1.2 -1.2 -1.2 -1.2 -1.2 -1.2 -1.2 -1.2 -1.2 -1.2 -1.2 -1.2 -1.2 -1.2 -1.2 -1.2 -1.2 -1.2 -1.2 -1.2 -1.2 -1.2 -1.2 -1.2 -1.2 -1.2 -1.2 -1.2 -1.2 -1.2 -1.2 -1.2 -1.2 -1.2 -1.2 -1.2 -1.2 -1.2 -1.2 -1.2 -1.2 -1.2 -1.2 -1.2 -1.2 -1.2 -1.2
-1.2 -1.2 -1.2 -1.2 -1.2 -1.2 -1.2 -1.2 -1.2 9.8 30.7 36.2 47.1 58.1 67.1 73.9 80.2 85 89.6 93 94.9 96.3 96.2 95.6 94.5 93.4 91.3 85.1 83.7 81.7 75.8 65.3 55.1 50.7 49.2 48.2 -1.2 -1.2 -1.2 -1.2 -1.2 -1.2 -1.2 -1.2 -1.2 -1.2 -1.2 -1.2 -1.2 -1.2 -1.2 -1.2 -1.2 -1.2 -1.2 -1.2 -1.2 -1.2 -1.2 -1.2 -1.2 -1.2 -1.2 -1.2 -1.2 -1.2 -1.2 -1.2 -1.2 -1.2 -1.2 -1.2 -1.2 -1.2 -1.2 -1.2 -1.2 -1.2 -1.2 -1.2 -1.2 -1.2 -1.2 -1.2 -1.2
-1.2 -1.2 -1.2 -1.2 -1.2 -1.2 -1.2 -1.2 -1.2 -1.2 -1.2 -1.2 38.7 51.7 62.4 72.4 77.8 81.7 85.7 90.9 94.9 98.8 100.1 99.1 97.6 96.2 94.8 89.1 86.1 82 75.4 64.6 53.4 48.7 47.8 41 -1.2 -1.2 -1.2 -1.2 -1.2 -1.2 -1.2 -1.2 -1.2 -1.2 -1.2 -1.2 -1.2 -1.2 -1.2 -1.2 -1.2 -1.2 -1.2 -1.2 -1.2 -1.2 -1.2 -1.2 -1.2 -1.2 -1.2 -1.2 -1.2 -1.2 -1.2 -1.2 -1.2 -1.2 -1.2 -1.2 -1.2 -1.2 -1.2 -1.2 -1.2 -1.2 -1.2 -1.2 -1.2 -1.2 -1.2 -1.2 16
-1.2 -1.2 -1.2 -1.2 -1.2 -1.2 -1.2 -1.2 -1.2 -1.2 -1.2 -1.2 -1.2 40.4 55.1 66.2 71.5 76.3 81.4 87.7 91.8 99.5 100.7 100.1 99.4 97.5 95.4 93.4 88.9 82.9 73.8 61 50.4 46.6 44.7 -1.2 -1.2 -1.2 -1.2 -1.2 -1.2 -1.2 -1.2 -1.2 -1.2 -1.2 -1.2 -1.2 -1.2 -1.2 -1.2 -1.2 -1.2 -1.2 -1.2 -1.2 -1.2 -1.2 -1.2 -1.2 -1.2 -1.2 -1.2 -1.2 -1.2 -1.2 -1.2 -1.2 -1.2 -1.2 -1.2 -1.2 -1.2 -1.2 -1.2 -1.2 -1.2 -1.2 -1.2 -1.2 -1.2 -1.2 -1.2 23.2 -1.2
-1.2 -1.2 -1.2 -1.2 -1.2 -1.2 -1.2 -1.2 -1.2 -1.2 -1.2 -1.2 -1.2 31.9 48.4 57 64.8 71.1 76 81.6 87.8 94.8 97.7 97.8 98.5 97.8 97.7 99.3 89.6 81.5 70.7 59.3 47.9 -1.2 -1.2 -1.2 -1.2 -1.2 -1.2 -1.2 -1.2 -1.2 -1.2 -1.2 -1.2 -1.2 -1.2 -1.2 -1.2 -1.2 -1.2 -1.2 -1.2 -1.2 -1.2 -1.2 -1.2 -1.2 -1.2 -1.2 -1.2 -1.2 -1.2 -1.2 -1.2 -1.2 -1.2 -1.2 -1.2 -1.2 -1.2 -1.2 -1.2 -1.2 -1.2 -1.2 -1.2 -1.2 -1.2 -1.2 -1.2 -1.2 -1.2 -1.2 -1.2
