WholeMapElevations/data/nm/nm97_OST50GRID_20230518/NM97.asc
ncols 200
nrows 200
xllcorner 190000
yllcorner 770000
cellsize 50
[rows 35 to 69 of 200, columns 79 to 157 of 200]
36.3 36.1 42.7 44.3 47 50.6 55.5 59.4 63.3 65.2 66.2 65.9 64.5 61.7 57.4 52.7 48.6 51.9 55.1 57.9 57.2 54.7 53.5 52.3 54.5 58.2 56.6 58.4 58.7 63.7 65.7 66.8 67.7 69.1 70.4 74.1 71.9 73.8 71.3 70.5 71.2 69.1 71.7 73.2 74.3 70.9 69.3 68 64.6 61 56.2 53.3 48.4 43 37.9 36.9 34.7 32.2 29.7 27.2 24.5 21.3 18.1 14.6 10.9 8.1 5.3 3.8 2.3 0.5 -1.5 -1.5 -1.5 -1.5 -1.5 -1.5 -1.5 -1.5 -1.5
48.3 51.1 55.2 57.6 60.1 64.5 68.5 71.5 74.7 76.1 77.1 76.1 74.6 72.4 69.8 63.5 58.3 63.2 68.2 67.3 63.5 62.3 63.5 71.3 76.6 80.7 79.3 78.8 82.5 81.8 84.1 84 84.5 84.3 84.3 86.6 85.7 86.2 86 82.7 82.8 82.5 82.4 80.8 80.2 74.7 71.3 70.5 69.1 63.4 59.2 55.3 50.6 44.6 39 37.7 36.8 34.5 31.9 29.3 26.2 22.7 20.2 17 13.3 10.2 7.5 5.3 3.8 1.6 -0.2 -1.5 -1.5 -1.5 -1.5 -1.5 -1.5 -1.5 -1.5
60.3 63.9 67.9 71.4 73.5 76.7 81.1 84.6 86.2 87.2 87 85.6 84.5 81.1 76.3 69.8 70.3 75.5 72.6 71.6 72.6 71.9 79.6 90.3 99.5 100 100.1 102.6 101 103.7 109 109.3 109.1 106.8 107 106.5 112.1 111.1 111 107.7 102.9 96.4 91.9 88.4 83.4 78.2 73.6 71.6 71.7 66.1 61.2 57.8 53.4 47.5 42.9 40.5 39 36.6 33.7 30.4 27.1 23.8 20.6 17.4 14.6 11.7 8.6 6.2 3.6 2.2 1.3 0.1 -0.6 -1.5 -1.5 -1.5 -1.5 -1.5 -1.5
73 76.9 80.4 83 85.3 90.1 96 97.6 98.1 99.3 99.5 95.4 94.9 90.8 86.6 75.8 83.7 82.6 81 80.8 89.9 92.1 99.3 108.2 117.3 123.7 121.4 125.7 122.7 129.2 133.2 133.4 126.2 124.9 130.9 131.2 139 143.6 145.3 137.2 127.4 115.7 108.8 104 98.9 92.9 84.6 75.1 70.1 66.9 63.2 58.4 55.5 50.8 46.4 44 42.2 40.5 36 31.8 28.3 25.2 21.4 17.7 14.4 10.8 7.5 5.3 4.9 3.7 2.7 1.8 1 0.3 0 0 -0.1 -0.2 -1.4
87.7 91.6 94.5 97.3 101.9 107.1 111.5 112.8 110.3 111.1 112.6 111.1 106.6 104.3 94.9 89.7 92.9 92.5 92.2 93.8 100.9 104.6 116.4 129.9 137.2 139.5 138.8 139.9 138.7 143.3 144.2 148.6 150.3 148.6 151.6 153.4 167.9 174.8 172.7 161.8 142.8 131.9 130.4 127.1 121.3 112.9 98.4 83.2 75.5 69 64.9 60.8 57.2 53.3 49.3 47 44.5 41.9 37.5 33.4 30.7 28.1 24.1 19.8 14.5 9.6 7.7 6.8 6.1 5.4 4.6 3.6 2.8 1.6 1.3 1.4 1.5 1 -0.7
107.1 112.5 112.3 116.7 125 130.1 132.9 131.2 130 130.2 128.4 125.8 118.7 113.2 100.8 106.3 112.5 113.4 112.5 117.2 123.2 122.5 128.5 141.6 150.1 152.3 153.9 151.9 154.8 157.7 157.9 159.7 161.8 160.5 166.4 184 195.3 195.9 187.8 181.3 165.5 160.1 151.6 140.4 130.7 118.8 105 91.8 81 74.6 70.1 64.6 61.3 56.4 52.4 50.2 47.3 42.9 37.3 32.8 31.6 30.4 26.3 21.5 16.3 11.2 9.8 8 6.9 6.4 5.8 6.8 5.2 2.7 2.2 2 2.2 1.6 -0.3
122.2 123.8 127.9 136.5 147.1 149.6 153.6 152.7 152.6 150.2 144.6 138.1 133.9 120.2 118.8 125.4 132.9 133.4 134 137.9 142.6 144.7 149.8 153.4 157.7 163.9 165.7 166.7 169.1 169.4 171.4 173.7 175.6 178.1 186.3 205 217 213.2 206.8 195.9 185.5 172.9 155.4 139.8 132.3 123.2 110.9 103.1 94.1 86.1 74.9 68.7 65.2 60.5 57.4 54.1 48.6 42.9 40.4 38 35.6 32.5 28.6 25.1 20.2 14.9 10.9 9.1 7.4 6.7 6.3 6.8 7 4 2.8 2.5 3 2 -1.5
134.5 139.2 146.8 156.9 167.2 168.6 167.9 166.4 163.2 160.4 154 148.9 140.9 136.3 137.2 142.8 150.5 152.5 150.2 155.7 161 170.4 178.5 177.9 180.1 189.9 196.2 195.9 198.8 193.1 193.1 197.3 196 201.1 212.3 223.4 227.6 219 206.5 202 187.7 173.5 152.5 138.9 122.6 114.4 106.9 98.2 91.4 86.4 79.9 75.2 69.4 64.1 60.7 56 53.8 50.5 48.7 45 40.5 35.8 32.9 30.6 24.7 17.7 14.2 9.3 7.1 6.8 6 6 6.2 3.5 3 4.1 4.2 2.9 -1.5
152.4 159.2 164.4 169.5 174 178 182.4 178.6 177.2 173.1 168.3 162.4 156.5 154.8 152.6 160.8 169 171.5 168.1 173.5 184.8 193.9 199.6 206.1 210 222.7 228.7 229 223.1 221.6 229 226.4 228.7 239.4 241.5 237.8 226 221.4 217.4 204.1 190.1 172.6 151 138.3 127.8 120 108.6 98.7 90.6 82.6 78.3 75.2 70.9 66.6 62.4 60.4 58.6 56.3 54 48.6 44.8 40.4 36.2 34.7 29.7 21.4 20.5 13.3 9.2 7.8 6 5 5.1 4.5 4.9 5.5 5.1 3.9 -1.5
175.7 184.4 189.1 189.3 191 195.3 199.3 203.5 200.5 192.4 186.7 183.2 175.9 173.7 177.5 185.5 188.8 192.4 194.5 199.3 219.3 229.5 232.1 236.4 242.7 247.3 252.1 253 250.4 253.1 265.6 268.2 261.6 261.8 252.4 244 236.8 224.5 214.4 205.5 190.9 178.8 164.5 150.7 137.3 127.9 119 108.2 100.2 94.7 89.6 83.3 75.4 71.1 67.4 63.5 61.7 58.3 55.2 51.3 46.9 42.1 37 31.8 28.6 26 20.5 15.7 12.4 9.6 4.1 5.1 5.1 5.3 5.7 5.9 5.6 4.7 4.2
192.7 194.1 200.9 208.3 217.2 221 220.7 217.8 214.1 208.1 203.2 194.8 192.7 194.1 211.8 215 213.3 212.8 214.7 227.5 245.2 259.3 265.2 273.2 278.7 278.5 275.2 280.1 289.7 300.4 300.8 293.5 280.8 274.8 266 259.6 252.9 245.7 231.7 212.2 204 192.2 176.8 160.6 149 137.9 128.5 119.8 111.1 105.3 96.4 88.3 79.7 80.8 72.5 71.1 68.4 64.2 61.2 54.4 50.1 43 41.5 35 33.1 25.6 24 20 13.9 9 5.3 6.7 6.7 6.9 7.4 6.5 6.1 5.6 5
208.9 215.3 224.4 230.8 236.1 237.3 233.9 231.6 227.9 221.7 216.7 212.1 202.8 217.8 227.6 231.1 229.5 234.7 239.5 251.3 276.6 295.5 298.4 298.9 301.5 296.1 303.1 314.5 318.7 314.7 313.5 307.1 304 295 282.3 278.2 271.3 254.6 242.3 226.8 210.4 198.9 181.7 173.3 160.2 149.1 141.3 132.5 119.5 109.1 101.5 92.8 89.5 82.6 77.1 76.2 72.2 69.5 66.6 57.3 52.2 45.3 42.5 38.4 34.5 30 23.6 19.7 15 9.6 6.8 6.4 7.6 7.9 7.8 6.4 6.5 6.2 5.9
230.4 237.9 244.3 246.3 252.1 251.6 250.3 249.5 244.8 237.5 230.3 224.7 222.3 237 247.5 247.2 254.9 260.5 263.5 275 300.1 318.6 321 317.1 312.9 313.4 330.9 332.6 329.7 338.1 328.7 322.7 311.7 301.8 296.7 285.7 274.7 264.9 255.5 243.7 221.1 203.8 189.4 181.8 173.6 165.1 151.7 140.4 127.7 121.2 114.3 98.2 92 82.3 78.6 78.6 72.3 67.1 65 62 56.9 50.5 46.8 40.6 35.5 30 23.1 18.7 15 8.3 6.3 7.1 8.1 8.4 7.8 6.4 7 6 6
247.3 252.8 256.4 261.1 267.7 268.6 264.8 259.7 256.8 251.6 244.9 238.1 238.7 254.3 266.8 267.5 268.9 273.1 280.5 290.3 307.7 321.9 326.3 329.5 339 347.7 349.7 349.1 349.5 345.8 337 332.2 323.9 323.8 310.9 298.1 287.8 277.2 264.1 251.6 233.4 215.3 201.3 192.3 175.9 162.2 150.6 142.7 132.5 124.9 114.5 107.7 94.4 84.9 79.6 77.1 74.5 69 64.1 60.7 57 54.3 52.8 50.7 48.8 38.1 33.1 25.4 19.2 12.1 8.7 6.5 7.9 8.4 7.8 7.2 7.5 6.3 6
261.6 266.3 270.7 274 274.1 273 271.9 272.4 271 265.9 254.9 248.8 247.4 260.2 269.9 276.4 278.3 284.6 294 307.3 323.6 331.6 340.5 346.2 352.9 363 364.2 361.7 361.6 358.3 347.9 339 334.3 326.1 311.8 303.1 298.8 284.4 270.1 255.4 242.7 226.5 215.3 197.4 181 167.1 155 144.1 138 132.8 124.3 109.5 99.2 87.8 80.6 76.9 72.7 67.3 64.4 61 57.1 55.5 53.6 53.4 53.6 42.4 30.8 28.8 24.8 15.6 11.3 10.1 7.5 8.6 8.4 8.1 7.6 7.1 5.8
270.7 274.9 276 278.2 280.4 281.6 279.8 280.8 278.7 276 266.5 261.6 259.2 265.7 274.1 284.4 290.9 299.9 323.7 328.3 332.9 342.6 356.5 357.3 363.6 375.4 377.2 373.2 371.2 368.7 355 344.7 345.2 329.9 322.9 308.3 294.3 278.9 267.6 259.6 243.4 235.4 224.3 205.9 182.8 170.3 161.1 147.4 139.1 129.2 123.1 114.7 102.6 90.2 80.1 73.5 69.9 66.2 63.2 59.9 58.3 53.3 51 50.2 46.8 41 35.9 31.5 27.3 17.4 13.5 12 9.7 9.1 9 9.3 8.9 7.6 6.5
282.4 284.8 286 284.9 290.3 293.2 290.8 288 282.2 282.9 276.4 273.3 270.8 268.2 282.5 293.7 304 325.9 332.3 334.1 346 356.6 365.4 362.4 363.3 364.5 370.9 374 366.3 366.6 359.7 353.1 337.6 327.6 314.4 307.4 290.6 275.6 261.6 252.9 243.5 234 218.1 198.2 182.6 174.9 167.6 156.6 149.2 139.6 127 116.9 105 95 85.9 76.3 72.5 68.7 62.3 58.5 54.6 50.8 47.9 44.4 40.9 39.5 33.2 29.8 26.8 20.9 16.2 12.7 9.3 9.3 9.6 9.7 8.1 7.1 5
286 289.6 290.7 292 293 297.3 297.1 290.9 290.5 292.5 289.4 283 276.2 274.8 286.5 301.3 324.8 342 342.4 341.1 350 358.8 357.5 361.2 362.2 362 355 352.1 354.6 359 358 345.7 330.2 316 299.2 284.7 274.7 263.3 251.5 245.1 238.5 224.3 209.7 200.7 189.6 179.2 168.8 162.6 159.2 148.6 133.9 121.8 111.5 99 92.3 81.7 74.7 72 65 57.1 53.3 49.8 46.2 41.4 37.5 32.5 25.9 24.6 23 16 11.4 10.2 9.8 9.7 10.1 10.7 9 8.1 9.8
294.1 295.6 299.1 299.1 299.7 300.3 301 299.7 301.6 299.8 294.1 287.1 280.2 283.5 293.8 303.4 322.9 329.8 334.4 339.7 340.3 351.3 357 364.1 360.4 357.9 362.2 359.2 350.7 348.2 337.1 335.1 321.1 302.2 284.4 265 246.6 238.4 237.2 230.7 224.5 218.3 209.3 200.1 192.6 180.6 168.3 159.5 162.1 152.3 138.1 128.1 117.8 106 99.3 94.4 83.9 75.7 65.6 60.2 56 51.8 45.4 40.1 36.3 30.3 25.9 22.4 19.9 18 13.7 11.4 10.9 10.7 10.9 9.3 9.2 8.5 9.9
301.9 302.4 308 308.4 311.8 312.1 308.6 311.5 311.9 312.3 307.9 297.6 291.7 296.5 308.1 318.9 334.3 338.8 346.9 342.6 345.2 357.8 364.3 365.2 358.3 358.6 361.1 354.1 353.5 353.1 348.1 342.6 327.2 310.8 293.8 276.9 262 245.9 230.2 215.9 203.9 201.3 199.8 196.6 192.6 178.4 168.1 158.7 148.3 145.4 138.9 129.3 118.5 113.5 113.9 104.9 92.9 81.2 71.9 60.7 55.8 50.9 44.7 40 36.6 30.5 32.8 29.2 25.1 20.4 18.4 14.5 12 11.5 10.7 9.1 9.1 9.2 10.1
309.7 308.2 311.3 314.9 320.2 321.4 317.6 318.8 318.1 318.7 314.6 309 302.7 304.8 326 339 345.5 350.1 351.1 346.2 352.7 363.1 364 361.9 361.4 363.3 363.3 365.5 368.9 366.1 372.3 357.9 341.5 326.5 310.7 297.2 276.9 254.7 233.8 218.3 208 196.3 183.3 179.2 176.7 171.4 166.5 158.8 147 136.8 134.7 125.9 119.6 116.4 117 103.7 90.5 80.5 69 60.7 54.9 49.6 43.6 40 36 34.2 36.6 34.9 29.6 25.1 21.9 18.3 14 13.3 10.8 9.7 9.6 9.5 10.3
311.1 313.9 317.6 322.9 330.9 329.8 329.1 328.4 332.3 333.4 325.6 321.4 312.6 309.7 335.9 343.6 344.5 348.3 353.4 354.7 359.1 371 375.2 381 382.2 379.2 381.1 383.4 382.2 380.2 380 366.1 358.9 347.5 332.5 311.5 288.1 264.5 244.2 225.4 212.4 204.6 191.7 179.9 168.7 160.5 143.4 147.2 143.9 135 125.7 120.6 114.4 111 102.9 93.3 85.3 75.6 65.2 56.2 53.8 47.3 43.1 40.3 37.1 36.7 36.7 35.3 32.9 26.8 24.1 20.1 17.3 15.9 11.8 10.2 10.1 10.3 10.8
313.1 315.9 321.1 330.3 334 337.2 336.4 340.1 348.8 346.4 342.9 332.5 325.6 312.3 336.2 348.8 358.9 364.2 366.6 371 379.8 385.5 391.3 395.8 398.4 400.8 397 394.6 390.9 388.6 385.4 382.5 369.9 360.2 346.6 323.7 297.3 275.4 250.8 232.1 226.6 215.5 204.4 189.3 178.4 168.1 158.1 145.3 134.2 120.3 110.7 111.7 106.8 101.4 97 86 73.7 65 57.9 54.5 52.4 45.4 41.4 41 38.7 37.2 35 33.2 31.8 32.5 24.9 24.2 21.5 18.4 13.9 11.1 11.2 11.5 13.7
308.5 312.6 319.2 326.6 330.3 334.1 336.9 340.2 344.6 346.1 351.1 349 343.3 336.4 349.2 366.1 374.2 375.1 383.3 395.3 394.6 395.6 399.5 405.7 410.8 410.7 404.7 399.7 400.5 401.3 395 391.2 380.5 355.7 341.3 323.3 309.4 291.3 260.5 245.3 240.6 230.7 219.5 197.6 184.4 174.7 162.9 153.3 142.5 130.4 122.8 113.9 99.5 86.2 82.5 71.2 66.7 59.8 56.3 50.8 48.4 45 41.8 41.6 40.1 37.9 34.9 31.1 28.9 24.1 22.2 21.7 20.6 19.2 12.9 11.6 12.2 13.3 21.7
325.1 331.5 335.5 342.3 344.5 346.2 346.5 352.9 362.4 367 365.1 365.5 357 353.8 361.1 379.5 386.8 402 417.9 415.2 414 412.1 411.9 418.8 418.3 417.1 416.3 414.2 412.9 406.3 401.5 388.3 377 361.5 343.1 326.6 311.5 289.7 270.3 260.7 255.2 249.8 232.6 212.2 186.5 174 162 155.8 147.4 136 128.4 118.1 112.1 101.3 86.3 76.3 66 58.5 52.4 49.8 45.1 41.8 41.1 42.3 40.4 38.9 36 31.1 28.8 24.3 20 17.8 15.1 15.6 12.2 13 13.1 22.3 26
337.8 342.7 347.5 355.3 358.8 361 363.3 370.8 385.4 390.1 382.3 374.8 370.1 367.9 372.1 389.9 411.2 421.1 422.5 420.2 417.8 418.8 425.3 430.4 431.4 428.9 429 433 430.4 419 407.4 390.8 373.6 357.4 346.7 332.1 314.6 298.3 282.2 272.5 257.4 244.5 225.2 205.9 188.4 178.3 170.1 161.8 152.1 143.4 134.9 127.6 114.4 105.3 96.8 83.1 75 67.8 58.9 50.3 44.8 40.1 38.7 37.6 41.4 37.6 34.7 31 28.2 26.3 20.2 19.3 16.8 14.7 13.5 13.8 19.6 26.8 30.1
349.4 355.3 360.5 369.4 371.6 374.1 378 385.1 386.4 390 387.9 383.5 384.1 384.4 381.2 399.9 419.8 426.2 423.4 424.9 421.2 429.7 433.1 434.8 441.8 441.2 447 444.3 436.4 427.2 416.1 399.1 377.5 360.8 344 328 315.9 300.5 286.6 271.3 253.4 237.4 223.6 206.7 196.5 188.9 180.3 175.5 165.6 153.4 145.7 132.5 124.8 110.3 100.9 89.1 76.9 71.1 63.7 59.6 46.6 40.9 38 33.2 32.9 35.4 32.5 29.5 29.7 32.1 23.9 24 18.2 14.5 14.2 14.7 28.6 25.3 27.2
360.9 366.7 372.6 378.7 380.2 383.1 392.6 393.3 394.5 394.6 399.7 396.2 396.1 393.2 390.1 410.4 426.3 426.6 425.6 427.4 433.7 436.7 439 444.7 448.2 455 456 456.2 445.8 441.6 420.8 404.2 385.5 371.3 348.8 330.9 318.1 306.9 291 273.4 255.5 238.8 225.4 213.3 204.2 195.2 186.4 176.3 170.1 158.4 149.3 143.8 131 115.6 101.3 91.8 81.5 72.7 62.7 55.4 48.9 45.5 37.6 35 32.1 26.9 24.8 26.5 33.2 26.6 24 22.1 16.2 15.2 15.4 18.9 24.5 31.4 34.5
366.3 375.5 381.5 385.5 389 391.9 398.8 398.9 403 406.7 407.4 409.4 405.3 398.9 399.4 420.8 427.1 431.2 431.3 439.6 442.4 445.1 451.7 455.7 466.1 471.4 469.2 464.4 460.6 447.8 430.5 408.7 391.6 369.4 352 338 327.5 314.1 295.8 281.8 266.6 246.4 230.7 218 209.8 200.2 188.6 176.7 167.9 158.7 148 140.3 130.7 118.5 104.8 90.7 77.7 69.2 61 53.8 48.8 45.2 36.8 33.9 31.2 29.9 24.2 19 20.5 21.2 19.4 17.3 13.3 16.1 17.3 26.9 30.2 33.8 36.6
374.5 383.9 388.1 394.4 398.1 401.2 402.3 407 404.5 406.6 410.5 413.5 408.2 405.4 407.2 425.3 433.5 434.5 440.8 446 448 454.9 459.4 467.4 469.2 471.4 472.3 472.7 467.2 454.6 438.7 425.5 401.3 375.7 361.2 353.9 340.8 326.1 304.1 285.6 265 250.4 234.8 222.8 215 205.6 188.1 176 164.2 152.4 145.9 137.5 127.9 117.6 103.8 89.3 78.5 66.1 58.1 50.7 46.5 37.2 31.7 30.6 28 24.4 21.4 19.8 20.6 17.9 15.9 17.9 17.8 17.2 18.1 26.4 35.2 43 39.5
391.4 385.8 399.4 406 410.8 410.9 411.3 415.1 413.7 422 424.5 418.5 412.9 414.7 423.7 437.9 435.9 446.1 450.2 453.1 459.3 473 476.4 478.4 475.7 477.1 480.4 477.6 466.4 447.7 432.7 418 400.7 383.5 366.3 356 344.6 327.5 305.9 284.4 268.5 251.6 235.8 221.1 208.8 194.1 183 171.8 159.4 152.2 145.6 134.2 123.1 112.9 101.9 88.2 76.3 64.9 55.6 47.1 40.2 33.9 29.8 27.9 25.7 22.5 21.2 22.2 22.8 21.5 20.7 20.2 19.6 17.9 19.4 28.4 34 41.5 49.3
405.8 402.4 408.8 413.3 417.7 416.9 414 419.8 421.6 428 431.3 428.2 432.5 439.2 432.8 442.3 453 457.4 458.6 465.6 482.5 491.4 484.9 483.5 477 474 475.2 470.2 457.9 440.3 422 402.5 387.3 369.4 354 343.1 338.5 321.1 299.4 284 267.8 249.9 230.9 217.2 199.1 186.5 174.9 163.8 156.5 146.2 139.1 130.3 119.7 106.3 93.4 82.4 70 60.5 51.4 47.1 36.3 31.6 28 25.4 24.8 21.9 24.2 25.2 25.4 24.5 24.1 22.6 20.6 18.2 23.5 33.7 38.7 46.2 50.5
414.6 419.7 411.9 423.6 423.8 426.3 426.8 426.8 430.3 433.5 435.4 442.9 455.1 456.5 445.4 450.7 461.3 460.3 466.5 481.4 494.9 501.4 493.6 483.8 480.1 467.6 459.1 453.6 442.5 425.3 402.1 384.9 371.8 358.2 345.7 331.3 320 308.5 287.7 269.7 257.2 242.4 227.2 212.7 198.4 183.7 167.3 155.5 146.1 140.1 133.7 124.8 110.4 95.4 83.4 70.8 58.6 50.8 43.5 39 33.3 31.8 25.7 20.9 22.9 26.2 27.1 28.1 28.1 27.1 25.6 22.8 22.9 21.5 23.5 32 40.3 53.2 53.5
428.5 426.9 427.4 429.7 431.3 434.4 435.9 438.1 439 445.9 454.7 463.6 465.9 466.5 461 455.2 459.9 466.3 471 484.9 493.4 495.2 483.2 480.8 474.1 459.4 446.7 432.4 419.9 399.9 383.9 365.6 351.3 335.3 330.8 319.1 305.7 291.4 276.2 264 249.1 234.7 222.2 209.7 192.3 177.3 165.5 151.9 144.3 134.9 124.3 113.2 101.5 90.1 78.2 64.2 53.4 44.9 39.8 32.6 33.3 25.9 27.6 27.6 28.4 30 30.7 31.5 31.1 30.1 28.2 30.4 27.1 24.3 21.2 34.5 41.7 53.5 55.1
444.8 442.7 439.9 441.6 444.3 448.9 449.6 451.8 458.7 467.1 470.3 473.3 478.7 473.2 464.3 466.5 471.8 473.7 473.2 488.9 493.7 481.4 474.4 469.8 459.7 443.2 426 403.5 393.7 384 374.4 362.9 347 334.2 317.4 297.7 289.5 279.4 260.9 246.6 239.1 229.4 216.1 200.1 183.8 172.5 158.7 151.2 139.9 126.8 111.6 101.1 95 83.4 74.2 64.8 53.6 45.8 36.3 34.5 32.5 30.6 32.6 32.3 33.3 34.5 34.6 34.6 34.1 33.1 31.4 36 32.8 28.8 21.9 33.1 48.5 52.7 58.9
