UK/data/hu/hu42_OST50GRID_20230518/HU42.asc
ncols 200
nrows 200
xllcorner 440000
yllcorner 1120000
cellsize 50
[rows 76 to 113 of 200, columns 0 to 84 of 200]
127.4 116.9 109.5 105.5 107.3 108.9 112.3 116.6 119.2 125.2 131.4 138.8 146 151.2 159.8 169.2 177.4 188.2 192.2 193 193.4 198.9 203.9 211.4 218.2 212.8 202.5 199.1 196.9 192.6 187.2 182.3 177.2 168.2 175.9 177.5 178.2 176.6 173.2 169.9 173.3 175.6 175.1 174.4 172 168 162.3 159.1 157 155.7 153.9 150.1 140.9 127.1 112.3 107.2 102 95.7 81.5 69.5 57.2 48.2 -0.3 -0.3 -0.3 -0.3 -0.3 -0.3 -0.3 -0.3 -0.3 -0.3 -0.3 -0.3 -0.3 -0.3 -0.3 -0.3 -0.3 -0.3 -0.3 -0.3 -0.3 -0.3 -0.3
127.6 120.7 112.6 107.1 102.9 105.6 110.2 113.5 118.8 125.7 129.3 136.2 140.9 147.5 156.3 166.1 174.7 181.6 183.3 184.3 186.6 192.6 197.2 204.1 209.4 202.1 193.4 191.5 189.9 187.1 182.7 177.6 171.3 164.5 168.2 169.6 171.1 171.2 166.1 165.3 171.5 175.1 174.5 174.8 171.8 167.9 163.4 160.4 158.1 156.6 151.1 144.9 135 122.3 106.6 98.1 93.4 88.4 80.8 72.3 64.3 52.7 -0.3 -0.3 -0.3 -0.3 -0.3 -0.3 -0.3 -0.3 -0.3 -0.3 -0.3 -0.3 -0.3 -0.3 -0.3 -0.3 -0.3 -0.3 -0.3 -0.3 -0.3 -0.3 -0.3
129 123.5 117.8 112.2 101.8 103.4 107.6 112 116.9 124.4 130.8 136.5 139.3 147 153.8 162.1 169.6 174.1 175.7 180.1 182.4 187.6 193.5 198 199.3 191.7 187 184.6 184.6 180.9 177 172.1 167.7 160.1 158.4 160.2 163.9 164 158.2 163.2 169.6 172.5 173.2 172.3 169.9 166.5 162.1 158.1 156 153.7 148.4 137.3 125.9 114.6 100.9 92 83.9 81.9 76.6 71.4 66.6 62.3 36 27.2 -0.3 -0.3 -0.3 -0.3 -0.3 -0.3 -0.3 -0.3 -0.3 -0.3 -0.3 -0.3 -0.3 -0.3 -0.3 -0.3 -0.3 -0.3 -0.3 -0.3 -0.3
128.7 125.5 122.5 118.8 107.8 100.2 103 110.8 116.9 123.3 129.1 134.8 138.1 143.1 151.5 159.5 165.3 168.4 170 175.7 177.4 185.2 190.1 194.9 192.8 187.2 182.6 178.3 178.2 176 170.5 167.2 160.7 153.3 148.5 150.5 154.7 155.7 151.9 160.4 165.6 168.1 169.5 169.4 166.2 162.9 161.1 154.2 150.8 149.8 142.7 130.3 117.6 105.4 95.8 87.4 79.9 76.6 72.5 70.2 66.1 63.9 54.5 43.1 -0.3 -0.3 -0.3 -0.3 -0.3 -0.3 -0.3 -0.3 -0.3 -0.3 -0.3 -0.3 -0.3 -0.3 -0.3 -0.3 -0.3 -0.3 -0.3 -0.3 -0.3
127.7 126.4 125.7 121.7 115.3 103 102.3 107.9 114 120 125.4 129.6 133.8 142.3 149.1 156.5 161.2 162.4 168.2 170.9 176.8 184.8 188 188.4 186.2 183.1 179 173.9 171.3 169.1 165.3 159.7 156 147.9 139.4 144.5 147 145.3 150 156.4 159.8 163.6 165.2 164.2 161 160.1 158 153.6 146.9 143.9 137.2 124.3 112.5 101.9 91.8 81.7 77.6 74.6 69.9 66.9 64.9 64.3 60.9 51.9 36.4 -0.3 -0.3 -0.3 -0.3 -0.3 -0.3 -0.3 -0.3 -0.3 -0.3 -0.3 -0.3 -0.3 -0.3 -0.3 -0.3 -0.3 -0.3 -0.3 -0.3
125.8 126.7 126.5 124.4 118 110.1 97.7 102.7 109.8 114.5 118.9 123.5 129.8 141 148.5 153.3 156.4 160 166.8 168.2 170.8 179 181.7 181.8 180 174 170.8 166.3 164.2 162.1 159.5 153 148 141.3 130.5 137.5 139 137.2 146.5 151.2 154.8 158.2 159.4 158.4 156.1 156.6 154.6 149.7 142.9 137.5 132.7 120.2 108.1 98.3 88.7 81.2 76.5 70.3 66.5 64.7 65 64.3 63.3 59.3 46.3 35.4 -0.3 -0.3 -0.3 -0.3 -0.3 -0.3 -0.3 -0.3 -0.3 -0.3 -0.3 -0.3 -0.3 -0.3 -0.3 -0.3 -0.3 -0.3 -0.3
125.9 124.2 125.8 124.9 120.1 114.3 105.1 94.5 102.5 107 112.7 119.4 127.2 137.7 146.8 151.9 152.6 158.8 164.9 166.4 169.6 173.6 175.4 174.1 169.2 166.2 162.4 159 154.9 155.4 151.7 146.7 141.1 134.3 128 128.1 130.2 133.2 142.8 145.7 148.8 150.8 152.7 151.6 151.4 152.2 150.4 145.5 138.6 129.5 124.6 113.6 103.5 94.8 84.5 79.4 72.8 64.7 62.6 60.2 62.4 62.4 63 61.9 52.4 42.1 27.5 6.6 -0.3 -0.3 -0.3 -0.3 -0.3 -0.3 -0.3 -0.3 -0.3 -0.3 -0.3 -0.3 -0.3 -0.3 -0.3 -0.3 -0.3
123.7 123.5 124.5 125.2 120.7 116 109.4 98.1 94.2 100.4 106.7 115.9 124.8 134 144.6 149 152.3 157.6 160.9 161.2 167.2 169.3 167.7 165.9 159.3 157.7 154.7 150.8 148 147.3 145.7 140.8 136.3 130.3 121.7 119.7 123.1 128.8 135.2 137.5 140.9 142.8 144.8 145.6 145.6 145.7 143.7 139.6 132.4 121.6 115.6 107.9 99.9 91.3 82.5 74.2 65.9 62.9 60.7 58.3 58.6 60.4 62.1 61.7 57.3 47.7 33.3 19.9 -0.3 -0.3 -0.3 -0.3 -0.3 -0.3 -0.3 -0.3 -0.3 -0.3 -0.3 -0.3 -0.3 -0.3 -0.3 -0.3 -0.3
120.7 121.6 123.4 125.2 121.3 116.3 110.9 105.5 90.4 95.5 103.6 113 120.8 129.2 137 141.3 150.6 154.3 155.5 156.1 163.1 164.4 160.7 155.9 150 147 146.4 144 140.9 139.8 138.4 136.2 131.1 125.1 117.2 114.6 118.2 123.2 127.2 130.9 133.4 136.2 138.7 139.5 139.7 137.1 134.6 131.2 124.1 117.9 108.2 102 94.9 86.3 80.1 70.2 62.6 59.2 55.7 53.7 56.2 58.4 60.4 61.6 61.1 48.6 35.8 24.9 8.8 -0.3 -0.3 -0.3 -0.3 -0.3 -0.3 -0.3 -0.3 -0.3 -0.3 -0.3 -0.3 -0.3 -0.3 -0.3 -0.3
118.8 122.2 123 123.9 121.5 115.7 110.9 104.8 95.2 90.8 99.7 110.1 118.2 125.5 132.7 140 145.3 149.2 150.1 152 155 156 152.4 146.1 140.1 138.7 136.6 136.4 134.5 132.1 132.1 130.7 125.7 119.3 112.4 105.5 113.7 118.3 121.3 124.2 125.4 128.7 130 132.1 132 130 124.8 119 113.6 109.6 104.8 98.2 89 80.7 74.3 67 59.1 55.2 51.9 49.4 51.8 54.6 57.5 60.8 60 51.7 39.6 26.5 10.1 -0.3 -0.3 -0.3 -0.3 -0.3 -0.3 -0.3 -0.3 -0.3 -0.3 -0.3 -0.3 -0.3 -0.3 -0.3 -0.3
117.6 121.8 124.2 123.8 121.2 117.6 110.6 105.3 95.9 87.3 95.8 106.5 115.2 123.3 131.9 140.2 142.9 144.9 145.6 146.6 150.3 148.6 145.2 139 133.6 130.7 128.4 127.9 126.6 125.7 127.3 126 123.2 117.4 112.5 103.2 107.1 112.4 113.2 116.5 117.4 120.8 122.7 124.7 123.8 121 115.2 108.3 103.3 98.6 96.4 92.4 84.4 76.7 69.4 61.1 55.7 51.8 49.2 46.7 47.9 51.1 55.5 60.3 59.8 52.2 40.8 28 18.7 -0.3 -0.3 -0.3 -0.3 -0.3 -0.3 -0.3 -0.3 -0.3 -0.3 -0.3 -0.3 -0.3 -0.3 -0.3 -0.3
116.2 120.2 122.7 122.5 120.5 116.9 111.2 104.7 94.8 80 91.5 102.9 111.7 120.6 128.7 136.2 141.3 141.4 143.4 144.1 142.6 141.1 135.5 130.2 125.4 122.8 121.8 119.1 118 119 122 121.2 119 116.2 113.8 105.7 97.2 104.9 106.8 108.4 110.3 113 115.1 116.5 115.4 111.3 104.8 99 94.5 91.6 89.7 83.1 81.8 73.4 64.8 56.6 52.7 49.2 46.1 44.7 44.8 49.5 54 57.6 57.6 50.2 36.9 30.4 21.1 -0.3 -0.3 -0.3 -0.3 -0.3 -0.3 -0.3 -0.3 -0.3 -0.3 -0.3 -0.3 -0.3 -0.3 -0.3 -0.3
112.9 118.9 124 122.8 121.2 116 110.7 103.4 93.6 80.7 87.9 98.1 107.5 116.9 126.5 133.3 136.5 137.3 139.4 138.7 135.5 131.8 127.3 122.8 117.5 114 111.2 111.3 109 111.7 115.2 116.1 115.2 115.1 112.9 107.5 99.7 95.3 100.5 102.2 104.5 105.8 106.6 107.9 106.7 102.9 97.3 91.6 85.3 84 81.5 79.7 75.7 68.7 59.4 52.6 49.5 46.3 43 43 43.1 46.8 50.7 53.3 54.4 47.8 35.3 26.3 19 -0.3 -0.3 -0.3 -0.3 -0.3 -0.3 -0.3 -0.3 -0.3 -0.3 -0.3 -0.3 -0.3 -0.3 -0.3 -0.3
111.5 117.8 122.9 122.8 119.6 113.3 107.7 101.6 92.3 80.3 85.5 94.2 102.8 111.6 120.1 127.4 132.4 132.6 133 131.7 128.9 126.1 120.8 116 110.2 104 101.1 101.9 102 104.4 106.7 109.6 111.4 111.5 110.3 107.1 105 94.5 92.5 96.7 97.9 98.8 99.1 100.3 98.2 93.7 88.1 80.3 76.4 77.3 74.4 73.4 68.6 62.3 55 48.6 45.2 42.1 41.9 42 42.1 44.5 48.9 50.2 49.7 42.4 31.9 19.7 -0.3 -0.3 -0.3 -0.3 -0.3 -0.3 -0.3 -0.3 -0.3 -0.3 -0.3 -0.3 -0.3 -0.3 -0.3 -0.3 -0.3
115 119.9 123.8 123.1 119.2 113 105.6 99 89.8 79.8 83.5 91.6 100.3 107.9 116.6 123.3 127.4 129.5 129 125.5 122.3 119.8 114.7 109.3 102.3 96.9 93.8 92.8 94.4 98.1 100.4 103.9 105.7 106.3 107.1 106 105.8 98.6 87.3 89.3 90.8 90.7 91.3 91.5 89 84.9 78.4 72 69.3 68.1 67.4 66 62.8 56.5 52.1 45.9 41.7 40 40.3 40.4 40.5 42.8 47.2 47.1 45 37.7 27.4 16.1 -0.3 -0.3 -0.3 -0.3 -0.3 -0.3 -0.3 -0.3 -0.3 -0.3 -0.3 -0.3 -0.3 -0.3 -0.3 -0.3 -0.3
114.3 119.3 121.3 121.1 116.6 112.8 106.2 97.2 86.6 74.2 82.6 90.2 98.1 105.6 112.9 118.4 122 122.1 123.3 119.8 115.6 113.3 108.9 103.7 97.6 92.9 88.6 86.8 88.8 90.2 93.8 97.5 100.7 101 102.4 104.4 103.8 98.8 89.5 81 83.4 83.5 83.8 83.8 81 75.1 70 64.7 62.4 61.3 60.5 58.8 56.5 51 47.4 42.6 38.9 37.8 38.2 38.4 38.6 42.5 46.5 46.7 44.3 35.5 23.1 -0.3 -0.3 -0.3 -0.3 -0.3 -0.3 -0.3 -0.3 -0.3 -0.3 -0.3 -0.3 -0.3 -0.3 -0.3 -0.3 -0.3 -0.3
113.4 117.3 117.1 117.4 115.2 110.7 105.5 97.7 85.2 67.4 81.9 91 99.3 105.9 112.2 115.1 117 117.3 117.1 114.2 110.6 107.6 103.9 98.3 94.9 91.2 85.9 80.8 81.2 85 86.6 89.8 95.4 95.6 97 100.4 100.6 97.4 91.6 84.3 71.9 76.3 76.5 76.1 72.4 66.5 62.8 58.7 57.6 55.3 54.7 53.2 50.4 46 42.1 38.8 36.8 35.6 35.9 36.3 38 42.7 45.9 46.3 42.4 31.8 20.2 -0.3 -0.3 -0.3 -0.3 -0.3 -0.3 -0.3 -0.3 -0.3 -0.3 -0.3 -0.3 -0.3 -0.3 -0.3 -0.3 -0.3 -0.3
115.1 114.7 113.6 115.1 112.3 108.5 100.9 93.5 83.6 67.5 79.6 90.4 97.5 103.9 108 110.1 110.8 111 111 109.3 107.4 104.8 102.5 95.8 91.7 86.8 83.8 80.2 78.6 78.3 79.9 83.3 88.5 89.7 90.9 94.6 96 95 92.9 86 77.7 64.8 68 67.4 63.4 61.6 56.7 53.5 51.5 49.8 48.1 47.2 44.9 41.2 38.5 36.2 34.6 33.8 34 34.3 37.9 43.3 46 46.3 40.3 30.7 16.8 -0.3 -0.3 -0.3 -0.3 -0.3 -0.3 -0.3 -0.3 -0.3 -0.3 -0.3 -0.3 -0.3 -0.3 -0.3 -0.3 -0.3 -0.3
113.1 113.7 111.9 110 109 104.2 97.2 87.4 77 62.6 77 87.3 94 100.2 104.9 107 107.6 106.9 105.7 104.9 104.4 101 96.8 91.6 89.1 84.7 81.7 75.2 71.4 74 76.4 77.5 83.5 85 86.7 89 89.5 90.2 90.1 85.1 77.6 70.1 62.4 61.6 57.8 56 52.9 50 47.2 45.6 42.8 40.8 40.3 37 34.6 33.8 32.4 32.3 32.2 32.9 37.1 42.4 45.2 46.8 40.6 29.8 16.4 -0.3 -0.3 -0.3 -0.3 -0.3 -0.3 -0.3 -0.3 -0.3 -0.3 -0.3 -0.3 -0.3 -0.3 -0.3 -0.3 -0.3 -0.3
108.9 109.9 108.1 106.3 105.2 100.7 93.6 85.1 72.3 67.2 76.8 85.3 90.2 96.4 100.3 102.4 104.1 103.5 103.6 103 101.5 97.1 94.7 93.4 88.5 84.4 79.5 73.9 70.4 68.3 69.8 71.9 76.1 78.8 80.9 83.8 84.8 85.5 86 81.9 76 69.7 64.2 57.9 49.6 50.1 49.7 46.2 43.8 40.2 38.4 37.4 36.8 34.3 32.1 30.5 29.9 30.3 30.8 31.7 35.8 41.2 42.9 43 40.1 30.8 16.6 -0.3 -0.3 -0.3 -0.3 -0.3 -0.3 -0.3 -0.3 -0.3 -0.3 -0.3 -0.3 -0.3 -0.3 -0.3 -0.3 -0.3 -0.3
107.3 105.7 104.7 103.2 101.7 96.1 91.2 82.8 66.8 65.8 77.3 84.7 88.7 93.2 96.6 99.3 100.5 100.2 99.8 100.3 94.1 98 96.6 95.6 92.2 87.4 80.8 75.2 71.8 64.6 64.1 66.4 70.8 73.9 76.5 78.5 78.7 79.4 80.2 77.9 70.1 66.5 60.3 55 49.6 45.7 44.2 42.9 40.2 37.2 35.7 34.8 32.9 31.5 29.9 29.3 28.9 29.2 29.6 30.4 34.2 38.9 40.9 42.7 41 32.1 17.4 -0.3 -0.3 -0.3 -0.3 -0.3 -0.3 -0.3 -0.3 -0.3 -0.3 -0.3 -0.3 -0.3 -0.3 -0.3 -0.3 -0.3 -0.3
105.6 104.6 102.1 98.5 96.6 94.3 87.8 78.6 62.6 65.1 74.1 80.3 85.5 89.9 92.9 97.3 97.2 96.7 93.6 96.4 97.3 99.6 99.8 99.1 95.9 91.7 85.7 79.4 74.1 67.5 59.8 61.7 65.4 67.3 69.8 71.3 73.9 73.8 72.7 70.4 66.7 62.1 57.4 52.2 48.3 44.5 42.1 38.1 37.1 35.2 33.8 31.8 30.8 29.4 28.8 28.5 28.3 28.3 28.6 29.3 32.4 37.9 41.6 43.2 41.3 34.7 20.4 -0.3 -0.3 -0.3 -0.3 -0.3 -0.3 -0.3 -0.3 -0.3 -0.3 -0.3 -0.3 -0.3 -0.3 -0.3 -0.3 -0.3 -0.3
103.9 102.5 98.9 95.5 93.5 87.8 82.7 77 61.5 63.8 72.6 77.5 81.7 86.7 89.8 93.1 93.1 92.4 94.3 95.7 98.1 100.4 101.7 101.5 99.5 95.1 90.2 84 75.6 68.8 60.3 55.1 58.6 60.7 62.9 65.8 67.4 67.9 67.5 65.4 61.1 56.1 52.3 49.5 46 42.2 40.7 37.7 34.7 33.6 32.7 31 28.7 28 27.7 27.3 28.1 27.6 26.4 27.5 30.1 35.6 40.6 45.1 43.2 36 24 9.1 -0.3 -0.3 -0.3 -0.3 -0.3 -0.3 -0.3 -0.3 -0.3 -0.3 -0.3 -0.3 -0.3 -0.3 -0.3 -0.3 -0.3
101.4 99.8 95.7 92.7 89.9 86.7 79.6 74.2 61.9 60.9 70.2 75.7 77.8 81.3 85.9 87 89.3 92.5 93.9 95.4 98.1 101.7 103.7 103.9 103 98.2 93.3 87.2 78.5 69.2 62.1 56.7 52 53.3 55.7 58.6 60.6 61.8 61.3 60.1 59 52.4 48.4 45.7 42.7 40.4 38.9 36.1 33 32.6 32.2 30.1 27.9 27.1 26.5 26.2 26.8 27.2 28 28.2 29.9 33.1 40.3 46 43 36.9 26.2 11.1 -0.3 -0.3 -0.3 -0.3 -0.3 -0.3 -0.3 -0.3 -0.3 -0.3 -0.3 -0.3 -0.3 -0.3 -0.3 -0.3 -0.3
99.8 96 92.1 89.5 84.6 80.1 74.5 72.2 63.1 56.5 66.1 71.4 75.9 81.1 84.2 88.1 91.1 92.7 94 95.7 98.9 101.8 104.5 105.8 105.5 101 95.3 88.4 80 70.1 64 57.7 52.9 46.7 49.6 51.6 54.6 56.9 55.1 54.7 50.2 46.4 44.3 43.1 39.5 38.2 35.9 33.5 31.3 32 31.1 29.4 27.9 27.4 26.4 25.5 25.3 26.7 27.6 29 31 34.6 41.3 46.4 45.6 38.6 28.3 16 -0.3 -0.3 -0.3 -0.3 -0.3 -0.3 -0.3 -0.3 -0.3 -0.3 -0.3 -0.3 -0.3 -0.3 -0.3 -0.3 -0.3
95.7 89 87.2 83.3 78.2 75.3 71.8 66.2 58.8 56 67.3 72.8 74.2 80.2 84 86.5 91 93.6 95.1 97.2 100.5 105 107.7 109.3 106.7 101.9 96.3 89.2 80.6 70.5 63.1 57.6 54.4 49.3 43.8 47.2 48.8 50.7 50.2 48.9 46 42.6 39.2 38.1 36.9 35.2 32.9 30.5 29.9 30.5 29.6 28.5 27.8 27.5 26.6 25.5 25.1 26.7 28.4 30.1 33.8 37.9 45 48.6 45.7 38.6 28.6 17.5 7.7 2.4 -0.3 -0.3 -0.3 -0.3 -0.3 -0.3 -0.3 -0.3 -0.3 -0.3 -0.3 -0.3 -0.3 -0.3 -0.3
90.7 83.3 81.3 78.1 72.3 69.3 66.8 61.3 50.5 59.1 67.9 71.6 75.5 80.3 80.8 85.1 92.6 95.1 98 98.3 103 108.3 109.5 109.7 108.3 102.9 96.8 88.4 78.5 69.5 61 56.4 53 48.5 42.3 41.7 43.9 46.1 46 44.7 41.5 38.2 35.4 33.7 32.9 32.2 30.8 29.8 29 28.7 27.7 27.2 26.2 26 24.9 23.9 25.5 27.5 29.2 32.6 36.9 40.6 47.4 49.9 44.7 35 24.9 15.3 9.2 3.9 2.2 1.8 3.2 5.2 1 -0.3 -0.3 -0.3 -0.3 -0.3 -0.3 -0.3 -0.3 -0.3 -0.3
82.6 78.3 73.3 71 66.6 61.5 58.9 52.6 51.2 60.4 64.5 69.8 75.5 76.9 76.8 83.9 92.3 94.8 97.3 98.8 105.1 109.7 111.1 110.9 109.5 104.3 97 87.7 76.6 66.2 59.4 53.6 50.2 45.7 41 34.1 38.5 40.4 42.7 39.9 37.3 35.1 32.7 30.7 29.7 29 28.4 27.9 28.8 27.2 26.6 26 24.6 24.5 23.9 24.2 26 28.2 31.4 35.7 40.1 43.5 49.7 48.4 42.1 30.8 20 11.4 5.6 3.1 2.3 2 3.7 6 7.8 -0.3 -0.3 -0.3 -0.3 -0.3 -0.3 -0.3 -0.3 -0.3 -0.3
75.3 71.2 66.8 64.6 59.7 55.3 51 44.3 55.5 62.8 66.9 70.8 74.1 75 76.3 83.1 91.3 94.6 97.5 99.6 106.6 109.6 111.7 112.1 109.8 104.9 95.9 86.3 75.3 65.8 58 51.1 47.1 42.5 37.8 32 35.9 36.9 38 36.4 35.2 32.7 30.2 28.3 26.7 26.1 25.7 24.5 26.8 26.7 24.8 23.8 23.4 23.4 23 24.5 27.1 29.6 34 38.6 41.8 45.9 51.4 48.7 41.8 28.1 16.3 8.1 4.2 3.3 2.4 2.3 4.4 8.4 9.9 11.5 -0.3 -0.3 -0.3 -0.3 -0.3 -0.3 -0.3 -0.3 -0.3
68.5 64 60.9 57.3 52.6 50.2 43.5 49.4 57.4 62.5 65.9 69 71.9 71.9 76.6 86.1 93.5 95.5 98.9 102 108.6 111.3 111.8 112 110.4 104.8 95.4 85 73.8 64.5 55.5 48.2 44 39.5 34.9 29.1 33 33.6 33.1 33.1 32 31 28.3 26.4 25.3 24.3 23.7 23.1 23.6 23.8 22.7 22.6 22.5 22.4 23.4 25.3 28.4 31.6 34.6 38.9 43.3 48 51.9 50.4 42 27.8 15.3 5.4 3.9 3.1 2.4 2.5 5.7 9.8 12.5 13 -0.3 -0.3 -0.3 -0.3 -0.3 -0.3 -0.3 -0.3 -0.3
59.7 56.6 54.5 51.8 47 43.6 42 48.9 54.6 58.6 64.5 66.5 68.5 71.7 79.7 88.4 94.8 96.3 100.2 107.1 110.1 113 112.6 112.3 111.1 104.6 93.4 83 73 62 52.5 44.1 41.1 36.7 32.1 26 30 31.2 30.9 30.2 28.9 28.6 26.7 25.2 24.1 23.1 22.5 22.1 21.7 21.4 21.4 21.1 21.5 22.7 23.7 26.1 28.9 31.6 34.4 38.8 43.2 48 51.7 48.6 41.5 30.1 16.9 5.3 4.2 3.3 2.6 3.4 6.2 10.2 14 15.8 6.6 -0.3 -0.3 -0.3 -0.3 -0.3 -0.3 -0.3 -0.3
51.6 45.4 44.8 44.7 42.5 40.8 42.9 48.8 51.5 56.3 61.2 65.3 68.1 73.3 80.4 87.8 94.6 98.3 102.3 109.2 112 114.8 115.3 114.3 111 102.9 92.7 81.6 70.7 59.6 48.6 40.6 37 33.9 30.5 22.5 26.9 28.1 28.5 27.4 25.8 25.4 25.3 24 22.9 21.9 21.3 21 21 20.4 20.5 21.7 23.4 23.3 25.5 27.5 30.5 31.7 34.2 37.9 41.4 45.5 48.9 47.5 41.5 31.9 20.8 8.4 4.4 4.1 3.9 4.2 7 11.2 15.5 20 19 -0.3 -0.3 -0.3 -0.3 -0.3 -0.3 -0.3 -0.3
63.9 59.6 49.9 45.7 41.6 38.2 42.6 45.4 49.7 55.3 60.2 64.8 70 77.5 85.5 93.3 99.9 103.6 105.2 108.7 111.3 113.6 115.1 114.3 110 103 91.3 79.7 68.5 56.1 45.3 37.8 34 30.7 27.7 23.9 24.9 26 26.7 26 24.2 22.8 22.6 21.7 20.6 20.3 20.3 19.9 20.3 19.8 20.7 21.8 22.8 24.2 26.9 29.2 30.7 31.8 33.7 36.1 39.6 41.9 44.6 44 39.2 33.2 24.9 13 4.8 4.6 4.3 4.9 7.3 12.1 17.3 21.4 23.5 15.7 -0.3 -0.3 -0.3 -0.3 -0.3 -0.3 -0.3
70.6 65.7 59.6 49.5 41.3 36.5 39.9 42.5 48 53.8 59.5 66.9 72.3 81.2 88.5 96.3 100.7 106.2 107.8 109.6 112.1 114.8 114.5 113.2 109.7 101.8 91.3 77.2 64.6 51.8 42 35 30.8 27.1 25.1 22.3 21.4 22.8 24.9 24 22.5 21.1 19.7 19.1 18.8 19.1 19.2 19.1 19.6 20 21.3 22.9 23.5 24.9 27 28.8 30.4 31.1 33.1 34.5 37.4 39.1 41.2 41.8 39.8 35.4 25.5 15.2 7.5 4.7 4.8 5.6 8.1 12.7 17.9 23.2 25.6 15.1 -0.3 -0.3 -0.3 -0.3 -0.3 -0.3 -0.3
81 76.4 65.2 57.5 47.4 41.4 37.5 39.9 46 53.7 58.1 65.4 72.5 83 91.9 98.2 104 107.5 109.8 111 113.8 116 114.8 113 109.8 102.2 89.6 74.9 61.1 49.7 39.1 31.8 27.7 24.1 22.3 19.9 19.1 20.9 22.2 22 20.8 19.4 17.9 17.2 17.6 17.9 18 18.9 19.5 21.3 22.9 24.6 24.7 25.7 26.7 28.5 30.1 30.8 32.5 34.4 34.9 37.2 39.4 40.8 39.9 33.9 24.7 16.7 9.8 5.5 5.9 7.5 9.5 13.2 18.4 23.4 27 17.9 -0.3 -0.3 -0.3 -0.3 -0.3 -0.3 -0.3
87.7 83.5 73.7 64.2 52.5 43.1 33.2 37.7 43.8 52 57.9 65.3 73.8 83.9 92.6 101.4 107 107.7 110.3 113.1 114.9 116.2 115.6 113.6 110.1 101.9 89.7 74 60 48.5 37.7 30.5 25.7 22.9 21 18.5 15.3 18.6 18.6 18.9 17.3 15.6 15.2 16.1 16.7 16.7 17.7 19.2 21.1 22.2 23 25 25.6 26 27.2 28.4 30.5 30.5 29.6 29.6 31.5 34 35.2 36.3 35.3 32.1 25.1 18 11 7.9 6.9 9.4 11.8 13.7 18.6 24.3 26.2 21.7 -0.3 -0.3 -0.3 -0.3 -0.3 -0.3 -0.3
93.8 90.6 81 71.2 60 45.2 35.1 34.4 41 48.9 57.9 66.7 76.6 85.6 93.5 102.4 106.7 108.1 110.5 112.8 114.8 115.9 115.1 112.8 108.6 100.5 88.1 74.5 61.2 48.5 37.5 29.1 23.8 20.5 17.9 15.3 16 17.2 16.8 15.3 14.2 14.9 16.5 16.2 17.2 18.3 19.8 21.1 22.1 23 24.3 25.2 26.3 27.2 28.2 28.2 29.4 28.3 27.5 26.7 26.5 29.3 31.4 30.2 28.8 27.6 22.3 17.6 12.4 9.8 8.8 10.6 13.9 14.9 19.2 23.5 25.5 23.5 8.5 -0.3 -0.3 -0.3 -0.3 -0.3 -0.3
100.4 96.9 89.7 77.9 64.2 49.6 38.3 31.3 39.8 48.8 57 67.5 76.9 85.9 93.3 101.6 106.4 108.4 110.3 112.2 114.1 115.1 114.2 112.1 107.7 98.5 87.7 76 62.8 50.4 38.5 28.9 22.4 18.7 16.5 14.5 12.3 15.2 13.8 12.5 15.6 17.3 19 19.4 19.2 20.5 22 23.3 24.2 25.1 25.9 27.3 28.3 28.9 29.7 29.1 27.9 26.4 25 23.7 23.5 26.1 26.6 24.2 23.4 22.5 20.1 15.8 11.3 9.1 9.4 12.5 14.9 16.3 18.9 22.1 25.1 21.3 15.1 -0.3 -0.3 -0.3 -0.3 -0.3 -0.3
