WholeMapElevations/data/nh/nh53_OST50GRID_20230518/NH53.asc
ncols 200
nrows 200
xllcorner 250000
yllcorner 830000
cellsize 50
[rows 72 to 107 of 200, columns 80 to 159 of 200]
267.5 268.6 269.8 271.1 272.4 275.3 279 282.7 285.9 288.5 291.6 294.3 295.4 296.3 295.8 296.5 297.8 300.5 305.2 310.7 316.6 321.8 326.6 331.2 334.3 336.9 339.1 340.4 341.6 342.6 342.9 342.8 341.7 340.7 339.4 338.1 336.8 336.5 336.7 338.2 340 342.4 345.3 347.3 349 351.8 354.3 356.5 359.5 363 367.6 372.2 376.8 381.7 387.6 395.5 405.8 416.9 426.5 436.6 442.4 437.9 436.2 435.9 432.5 421.8 417.7 411.5 412.2 406 399.3 395.1 376.5 358.4 349.3 339.1 298.5 252.7 220.2 190.8
268.3 270 271.3 272.6 273.9 277.5 281.1 284 286.9 290 292.7 294.2 295.4 295.1 294.5 295.5 298.2 301.1 305.9 311.3 316.1 320.9 325.7 330.2 333.1 336.1 338.1 339.4 340.6 341.9 342.4 341.3 340.2 339 337.3 335.9 334 333 335.3 337 338.6 339.8 341.3 343.3 345.1 346.8 347.2 349.3 352.4 356.2 359.6 363.1 367.4 374.8 386.8 396.6 408.1 419.1 429 435.2 431.8 430.3 429.6 426.2 425 421.1 414.7 404 400.2 399.6 384.2 367.2 354.1 349 334.9 312.8 277.6 238.8 205.7 173.8
269 270.8 272.6 274.1 275.9 279.3 282.1 284.9 287.8 291 292.2 293.7 294.4 293.8 293.2 295.2 298.5 302.4 306.4 310.9 315.7 320.4 325.1 329.3 332.4 335.4 337 338.4 339.6 340.9 341.2 340.2 338.6 336.8 335 332.1 328.9 332.4 333.9 335.2 336.4 337.3 338.2 339.3 341 342.7 343.7 344 343.9 347.1 352.2 355.6 361.4 373 387.2 401.2 412.8 420.2 426.7 428.8 429.2 429 428.7 423.9 416.6 410.1 401.9 393.5 388.1 387.3 378.8 368.2 343.2 330 317.7 294.5 259.3 230.6 192.9 159.8
269.1 270.9 272.8 274.8 277.3 280.2 283 285.9 288.7 290.9 291.2 292.2 292.9 292.3 292.9 294.8 298.3 302.1 306.4 310.9 315.6 320.5 325.5 329.4 331.6 334.3 335.9 337.4 338.7 339.3 339.5 338.1 336.4 334.6 332.2 329.4 328.5 330.4 331.8 333 333.8 334.5 335.2 335.9 337 338.7 340 339.4 337.3 339.8 344.5 351.8 360.4 373.7 390.2 405.1 413.4 422 427.8 428.9 429.5 428.7 427.5 423.4 419.8 417.5 411.9 402.2 384.1 370.7 356 360.6 342.9 305.7 305.4 262.8 233.1 205.8 180.1 148.3
269.5 271 273.2 276.1 278.4 280.9 283.7 286.6 288.9 290.8 291 291.2 291.4 290.7 292.5 294.9 298.2 301.9 306.4 311 316.2 320.9 325.9 329.3 331.2 333.2 334.8 336.4 337.1 337.8 336.8 335.5 334.2 331.8 329.7 328 327.8 328.4 329.5 330.1 330.8 331.4 332.1 332.8 333.5 334.6 335.7 334.5 333 336.2 340.8 350.1 360.5 375.4 389.6 403.4 413.6 424.4 437.7 436.9 433.5 430.7 428.4 426.4 424 422 413.6 393.8 379.3 357.8 351.2 322.4 315.7 286.8 271.7 243 211.9 186 159.4 133
269.9 271.9 274.8 277.3 279.6 281.8 284.5 287.3 289 290.4 290.9 291.1 290.3 290.4 292.1 295 298.3 301.8 305.8 309.8 314.7 319.4 324.2 328 330.3 332.3 333.9 334.9 335.6 335.5 334.2 333.1 331.4 329.8 327.8 325.7 325.8 326 326.4 327.1 327.7 328.4 329 329.7 330.4 330.5 330.1 329.4 329.9 333.8 338.7 348.4 360.1 374.1 388.3 401.6 410.6 422.4 433.7 438.2 434.2 432.3 428.6 425.2 423.1 418.4 410.6 388.3 368.9 358.5 339.2 306.8 279.3 272.9 259.6 229.7 189 165.9 142.2 119.3
270.7 273.6 276.2 278.4 280.8 283 285.2 287.8 289.1 289.8 290 290.4 290.7 290.7 291.8 294.6 298.1 300.1 303.1 305.5 310.9 316.7 321.5 325.9 329.4 331.3 332.4 333.2 334 333.2 332.1 330.3 328.4 326.7 325.2 322.6 323.7 323.1 323.5 324.1 324.7 325.3 326 326.6 327.4 326.9 326.1 325.8 326.5 331 336.2 345.8 358.2 373.3 387.9 399.9 408.5 416.1 426.4 429.3 430.5 428.6 425.4 420.3 417.3 416.1 401.1 383.4 364.9 344.8 328.5 293.2 251.3 237 234.6 220.5 176.8 142.3 122.2 97
272.4 275 276.6 278.1 280.1 282.9 285.8 287.9 288.6 288.7 288.8 289.3 290 290.4 291.4 292.3 295.2 296.4 299.6 302.7 306.5 312.6 319 323.4 327.8 330.1 331.2 332 331.4 330.8 329.3 327.1 325.4 323.7 321.6 318.9 320 320.2 320.5 321.1 321.7 322.3 322.9 323.6 324.2 323.5 323.6 323.2 322.9 328.3 333.7 342.9 356.5 371.3 383.5 394 400.6 405.5 415.7 421.2 424.1 421.1 417.3 415 410.3 397.6 387.4 377.6 355.9 338.8 324.7 283.9 250.3 216.4 192.9 181.8 157.1 132.8 105.1 75.4
273.5 275.1 276.7 278.2 279.9 283.4 286.8 287.2 287.4 287.5 287.6 288.2 288.7 289.1 289.7 290 291.7 293.8 295.9 298.4 303.7 310.2 317.4 323.1 326.6 329.5 330 329.5 328.9 327.6 325.9 324 321.4 318.8 315.9 312.1 314.1 317.4 317.6 318.2 318.8 319.4 319.9 320.5 320.9 320.9 320.9 314.9 322.8 325.8 330.6 339.5 353.2 366.4 376.5 384.2 389.4 392.9 399.7 403.6 403.3 401 402 405.1 397.4 390.7 382.4 360.1 343.5 331.7 315.7 288.3 239.1 205.2 176.3 151.5 145.5 116.5 90.8 62.1
273.7 275.4 277 278.5 280.1 283.4 285.9 286.1 286.2 286.2 285.6 286.3 286.5 287 287.6 287.9 289.7 292.1 295 297.6 302.6 308.8 315.7 321.1 324.4 326.5 327.2 327 325.7 324.2 322.3 319 315.9 313.2 311 307.8 307.6 311.1 314.6 315.2 315.8 316.5 317 317.2 317.4 317.9 317.8 319.3 321.4 323.9 326.9 336.2 349.2 361.6 371.8 378.6 381.4 381.4 382.1 383.4 384 386.6 384.7 383.3 380.4 377.4 361 347.9 332.8 319.6 301.6 264.5 223.2 189.9 166 136.3 122.3 98.1 69.1 41.9
274.7 275.7 277.2 278.7 280.4 283.7 284.5 284.7 284.6 284.3 284 283.5 284 284.8 285.1 285.8 288.8 290.4 292.8 296.7 302.7 308.5 314 318.9 322.2 323.5 324.2 323.6 322 320.3 317.2 313.9 310.5 308.4 307.6 305.3 306.8 308.9 311 312.5 313 313.2 313.4 313.6 313.8 314.3 309.9 316.5 317.1 319.4 323.6 331 344.1 357.2 368.1 373.5 375.8 377.9 373.4 378.2 377.6 375.9 372.8 372.1 368.1 350.4 336 326.8 311.8 292.1 265.2 236.5 202.2 172.2 152.4 118.8 89.9 79.6 51.5 23.4
275.1 274.8 276.5 279 280.6 282.5 283.1 283.6 283.3 283.2 282.7 281.8 281.8 282.2 283 284.1 285.2 288.9 291.5 295.8 301.4 306.9 312.4 315.5 319.3 321 320.8 319.7 317.7 314.5 311.7 308.2 305.2 304 303.5 302.7 303.5 306 308.2 309.1 309.4 309.6 309.8 310 310.2 310.1 299.4 312.3 313.2 314.2 318.5 325.7 338.1 351.1 358.5 363.5 370.5 377 376.7 366.3 369.1 367 361.7 356.2 348.6 335 321.1 305.9 287.8 258.9 236 228.5 180 154.2 130.8 110.3 83.5 52.8 33.5 15.3
273.8 275.2 276.8 278.8 280.6 281.2 281.7 282.3 281.5 281.9 280.9 279.6 279.7 280.2 281.6 281.8 280.8 284 287.8 293.3 300 305.5 310.5 313.8 315.9 316.5 315.7 313.8 311.3 307.7 304.7 302.2 300.6 299.8 299.2 294.6 300.9 303.3 304.7 305.2 305.7 306 306.2 306.4 306.6 305.7 296.9 308.4 307.9 309.2 314 319.5 329.8 339.9 350 357 359.2 366.5 369.1 360.9 352.1 354.5 354.9 349.2 338.3 326.1 300.7 281.7 257.9 235.9 222 191.2 162.9 137.2 106.7 83.7 65.2 37.8 17.9 15.3
274.2 275.6 277 279 279.8 279.5 280.3 281 280.6 279.7 278.6 276.4 277.4 278.5 279.4 278.1 277.4 279.3 284.3 290.9 297.9 303.9 307.9 311.2 312.4 311.8 310.4 308 304.3 301.7 299.4 296.8 295.8 295.1 295.4 295.8 298.4 299.8 300.9 301.4 301.9 302.4 302.6 302.8 302.2 301.4 292.5 302.4 302.2 305.2 308.7 314.6 322.3 330.9 339.2 346 346.8 350.4 351.5 346.6 340.8 336.7 340.7 344 330.9 315.1 295.3 274.7 241.3 215.6 202.7 176.5 152.2 124.5 97.1 73.8 45.9 17.4 15.3 15.3
274.6 276 277.5 278.8 279.1 278.7 278.4 279.2 279.1 278.1 276.1 273.8 275.9 274.9 275.6 273.5 273.8 275.4 279 289 297.3 301.6 305.4 307.3 307.4 305.8 303.3 300.7 297.7 295.2 294 292.1 291.1 289.7 287.5 292.3 294.4 296.3 297.1 297.5 298 298.5 299 298.8 297.9 296.8 289.6 296.5 296.8 300.6 303.5 309.9 316.8 322 326.6 330.6 330.5 331.4 330.5 329.1 323.5 316.6 315.5 316.4 309.7 302.4 287.8 257.2 218.6 195.9 179.5 158.4 138.4 109.6 83.1 57 29.3 15.3 15.3 15.3
275 276.5 277.8 277.4 277.6 277.3 276.8 276.3 275.6 274.5 272.9 269.1 270.3 268.7 267.7 268.6 269.5 273.3 278.2 286.6 295.3 299 301.6 302.2 301.1 298.2 295.5 293.1 291.6 289.1 287.5 287.3 286.2 284.1 287.3 288.5 290.3 292.4 293.3 293.8 294.3 294.8 294.9 294.2 293.2 292 285 290.3 291.8 294.9 297.5 303.3 310.4 315.7 318.4 318.9 318.1 314.5 311.8 309.5 311.1 303 283.4 276.2 267.2 256 241.6 217 191.2 179 161.8 141.2 117.6 89.3 64.2 39.3 15.3 15.3 15.3 15.3
275.4 276.7 277.5 276.6 275.5 274.8 274.3 273.7 271.9 269.8 266.3 264.1 262.2 261.9 261.9 261.9 265.5 271.8 278.7 286.3 291.2 293.9 296.2 296.5 294.2 291.3 288.4 285.8 285.3 284.2 282.9 282.8 281.4 276.3 282.5 285 286.7 288.6 289.7 290.2 290.7 290.4 289.9 289.3 288.1 286.2 281.3 282.8 286.3 289.7 293.1 297.4 302.3 309.3 315.5 317.3 319.6 321.2 317.4 313.1 309.5 303 294.4 287.9 284.6 270.4 221.3 191.4 168.9 159.1 143.8 122.7 96.1 72.2 46.9 25.6 15.3 15.3 15.3 15.3
275.9 276.9 276.8 275.8 273.7 272.2 271.6 271.1 267.3 261.9 261.9 261.9 261.8 261.9 261.9 261.9 262.4 270 276.5 283 287 289.3 290.4 289.6 288.2 285.8 282.9 281.5 281 279.5 278.2 277.3 276.5 270.7 278.1 280.3 282.6 284.8 285.9 286.3 285.8 285.4 284.9 284.1 283.1 280.4 275.9 278.3 280.2 283.8 287.3 290.4 296.4 305.1 313.3 317 317.7 317.1 314.6 317.3 314.2 305.4 285.6 283.7 278.4 260.8 215.3 185.7 164.8 138.5 127.9 103.6 78.1 53.7 26.7 15.3 15.3 15.3 15.3 15.3
276.4 277.1 276.1 274.3 271.9 270 269 268.4 263.5 262.4 261.9 261.9 261.9 261.9 261.8 261.9 261.9 267.9 274.6 280.2 281.6 283.4 284.3 283.1 281.5 279.8 277.6 277.1 276.4 274.2 272 270.8 269.4 267.3 273.4 275.7 278.2 280.3 281.3 281.1 280.8 280.2 279.1 277.6 276.6 274.2 271.6 270.6 274.3 276.8 278 281 288.5 295.6 305 310 312.9 314.8 312.2 314.7 316.8 301.7 278.4 275 267.3 244 208 176 157.2 129.1 102 83.7 60.5 35.6 17.5 15.3 15.3 15.3 15.3 15.3
276.7 276.4 274.4 272.4 270.1 268.3 266.4 264.2 262.5 261.9 262.3 261.8 261.9 261.9 261.9 261.9 261.8 266.3 272.9 276 277.4 277.4 277.6 276.4 274.8 273.1 272.5 271.8 271.2 268.5 266 264.1 262.3 260.5 269 271.8 274.4 275.6 276.1 276 274.8 274.7 272.9 271.2 269.7 267.6 265.9 262.6 266.6 268.4 268.7 270.3 276.7 285.8 293.6 299.5 310.3 308.7 305.8 310 310.7 292.3 272.2 254.9 245.9 217.9 192.2 169.8 144 116.2 90.5 65.3 41.6 24.6 15.3 15.3 15.3 15.3 15.3 15.3
277.1 274.5 272.6 270.5 268 266.2 264.9 263.4 262.2 261.9 261.9 261.9 261.9 261.9 261.9 261.9 261.9 268.8 270.4 271.9 271.8 271.5 270.9 269.3 268.2 267.4 266.9 266.5 265.7 262.6 260.7 259.1 257.9 259.1 264.8 267.8 269.9 270.9 271.3 270.5 269.9 270 266 263.9 262.2 260.4 258.5 254.9 258.4 261.2 263.8 257.7 263.8 273.2 279.1 284.5 291.9 295 299.5 298.1 297 284.6 272 249.9 219.6 198.9 178.5 153.8 124.3 102.1 76.5 49.7 26 16.3 15.3 15.3 15.3 15.3 15.3 15.3
277.3 274.5 271.6 268.9 267.2 265.9 264.6 263.3 261.9 261.9 261.9 261.9 261.9 261.9 261.9 261.9 262.1 266.1 266.7 269.4 269.4 267.9 266.6 265.5 264.4 263.1 261.9 261.1 259.9 257.8 257.1 255.1 254.3 256.5 260.4 262.9 265 265.5 265.1 263.8 262.8 261.5 257.9 255.9 253.8 251.7 248.6 249 251.9 256.4 257.4 250.3 250.6 257.4 262.6 267 270.9 276 280.5 286.9 287 279.3 270.1 248.3 212.3 186 161.6 135.8 110.3 82.7 59.8 33.8 16.4 15.3 15.3 15.3 15.3 15.3 15.3 15.3
278.3 274.9 272 269.1 266.8 265.3 264.3 263.1 262.3 261.9 261.8 261.9 261.9 261.8 261.8 261.8 261.9 262.2 263.4 266.9 266.9 265.7 265.4 264.1 262.9 261.9 260.2 256.7 254 252.9 251.9 251.3 251.8 253.5 255.8 258.5 259.6 259.9 258.8 257.2 255.7 254.1 250.4 248.8 246.8 244.1 241.9 242.6 246.1 250.2 244.5 235.4 233.6 237 241.9 248.5 251.9 256.6 262.4 271.5 273.6 270 259 236.6 197.4 171.9 145.5 118.4 92.2 68 44.1 25.9 15.3 15.3 15.3 15.3 15.3 15.3 15.3 15.3
279.8 276.5 272.4 269.5 267 264.7 263.7 263.3 263 262.7 261.9 261.9 261.9 261.9 261.8 261.8 261.9 261.8 261.9 264.5 264.8 264.6 264.2 262.9 261.9 260 258.8 254.7 251.4 249.6 249 249.8 249.7 249.8 251.1 253.4 254 254.4 252.1 250.3 250 248.3 244.2 242.7 240.3 238.3 237.9 237 240.8 243.3 231.4 221.6 217.3 218.7 222.3 227.4 230 235.6 243.3 248.8 254.2 255.5 247.7 224.8 184.9 155.4 128.4 100.4 74.6 48.7 29.1 15.6 15.3 15.3 15.3 15.3 15.3 15.3 15.3 15.3
281.4 277.5 273.1 269.9 267.4 264.8 263.2 263.7 265 264.7 264.2 262.7 262.4 261.9 261.8 261.8 262.9 264.7 266.2 266 266.7 266.5 265.6 264.9 263.9 263 260.3 256 251.4 248.4 246.8 247.1 247.2 246.8 247.8 248.8 249.3 248 245.7 243.7 241.6 239.8 238.7 237.5 235.4 233.4 233.4 230.3 236.8 235.4 224 210.5 204.3 203.4 203.9 203.3 207.3 211.7 219 222.1 228.5 234.9 235.8 213.2 173.6 135.8 109.4 84.7 56.8 32.9 21.3 15.3 15.3 15.3 15.3 15.3 15.3 15.3 15.3 15.3
283.2 278.7 274.3 270.1 267.4 267.8 267.3 268.5 268.5 266.5 264.4 263.3 263.2 263.3 265.6 267.9 269.9 272.1 273.4 273.6 273.9 271.2 270.5 270.1 268.8 266.2 262.7 256.5 251.8 248.7 247 245.4 245.2 244 244.1 245 243.5 241.8 239.6 237.7 235.4 233.9 233.4 232.3 233 231.2 229.5 228.7 232.2 229.2 215.4 203.3 191.9 186.3 183.6 187.9 196.7 193.7 192.9 196.5 200 204.4 202.9 179.7 144.9 114.3 86.1 62.4 38.6 23.9 15.3 15.3 15.3 15.3 15.3 15.3 15.3 15.3 15.3 15.3
284.9 280.2 275.1 270.9 268.8 267.6 269.9 271 269.4 267.5 265.6 265.5 267.5 270.5 273.8 277 280.3 282.9 283.2 283.3 283.2 282.9 280.7 277.5 274.3 269.4 263.2 257.1 252.7 249.5 248.5 247.1 243 241.6 240 239.9 237.6 236.4 235.3 234.1 233.2 233 233.2 227.5 231.7 228.7 225.8 227.3 226 223.4 216.7 200.3 185.8 174.4 167.6 174.4 187.3 185.7 175.9 172.6 172.2 174.8 165.7 149.7 122.8 93 65.2 42.6 27 15.3 15.3 15.3 15.3 15.3 15.3 15.3 15.3 15.3 15.3 15.3
287.7 283.5 278.9 275.3 272.9 270.1 267.8 270.4 269.4 271.6 271.7 272.7 277.3 281.3 284.9 288.5 291.6 295.3 295.5 295.4 295.8 294 291 285.4 279.4 273.8 266.7 258.5 255.1 252.1 250.2 246.1 244 244.3 241.9 240 237.8 236.8 235.4 234.4 234.5 235.9 234.8 231.8 225.1 224.1 221 224.5 221.9 216.7 217.8 204.9 187.2 165 152.4 158 176.4 175.7 164.8 156.4 145.7 142.6 133.6 118.8 100.4 71.7 48.1 27.7 15.3 15.3 15.3 15.3 15.3 15.3 15.3 15.3 15.3 15.3 15.3 15.3
290.4 287 284.1 280.2 277.8 275.7 273.4 273 274 276.6 281.7 286.5 292.6 296.7 298.8 301.8 307.4 309.9 310.1 308.8 306.6 304.7 300.1 293.6 286.9 278.3 269.8 262.6 257.9 254.5 251.1 248.4 246.3 246.5 243.2 240.2 238.6 237.3 236.5 236.8 238.7 238.9 237.4 232.2 228 223.2 218.9 219.3 218.3 211.7 209.8 204.6 194.4 180.1 150.8 141.3 160.9 163.9 156 146.8 129.3 115 105 91.5 71.1 52.2 32.2 17.2 15.3 15.3 15.3 15.3 15.3 15.3 15.3 15.3 15.3 15.3 15.3 15.3
293.6 292.7 289.4 285.8 285.2 285.4 283.8 283.5 285.5 291.1 298.8 305.2 311.2 316.4 314.3 320.4 325.5 325.1 323.6 322.2 318.5 314.6 307.7 300.8 293.8 284.9 276.1 268.9 263.4 259.2 256.6 253.2 250.3 249.2 247 245.3 243.6 242.2 241.3 244.6 247.1 243.9 240.1 231.8 226.3 222.5 221.2 218.3 204.7 205.8 199.1 196.4 193.8 180.6 161.6 130.8 138.8 145.9 138.8 129 116.1 98.7 83.9 71.3 54.9 40.5 25.1 15.3 15.3 15.3 15.3 15.3 15.3 15.3 15.3 15.3 15.3 15.3 15.3 15.3
299 297.9 294.6 293.3 294.4 295 295.6 296.6 302.2 309.8 318.9 327.9 336.6 342.1 343.6 348.2 352.6 349 343.6 338.1 330.4 324 317.2 310.4 301.7 291.5 283.1 276.7 272 268.9 264.8 261.1 257.3 258.3 257.2 254 251.9 250.2 249.2 250 251.3 248.1 238 230.6 224.4 220 217.7 212.6 207.3 202.1 194.4 186.9 182.6 180.3 164 139.2 117.1 115.3 110 105.2 95.6 83.4 69 59.5 48.1 32.3 16.8 15.3 15.3 15.3 15.3 15.3 15.3 15.3 15.3 15.3 15.3 15.3 15.3 15.3
306.3 303.4 301.3 300.3 304.3 306.3 308.6 310.2 319.5 331.1 342.2 351 368.8 373.1 380 379 370.8 364.6 361.6 353.8 345.3 337.6 329.7 322.2 310.3 300.3 291.5 285.6 284 280.1 276.1 272.8 272 272.6 270.7 266.4 263.1 261 259.1 258.6 253.3 246.7 237.8 228.7 222.7 218.1 215.1 209.9 209 204.4 196.2 186.8 171.8 163.6 154.5 141 117.7 106.9 97.8 87.2 74.4 70.6 59.8 48.7 38.2 26.8 15.3 15.3 15.3 15.3 15.3 15.3 15.3 15.3 15.3 15.3 15.3 15.3 15.3 15.3
313.5 309.7 308.9 312.4 316.1 317.5 319.7 324.9 339.4 350.9 359.7 375.9 392.2 394.9 400.8 396.5 386.6 382 376.7 368.6 359.6 352.2 343 329.1 319.6 310.5 303.4 300.2 299.4 297.1 291.5 288.8 288.5 284.9 281.5 277.5 274.3 271.8 269.7 264.9 259.7 251 241.2 229.3 222.3 218.7 215.1 214.1 210.5 201.2 193.9 187.1 177.7 162.5 144.1 127.6 117.2 106.5 95.9 80.8 67.8 53.1 48.4 41 31.6 21.7 15.3 15.3 15.3 15.3 15.3 15.3 15.3 15.3 15.3 15.3 15.3 15.3 15.3 15.3
320.3 317.4 319.1 324.3 326.6 328.4 331.5 342.6 355.8 365.2 380.8 398.8 405.9 412.2 411.4 407.6 402.3 399.2 390.8 379.8 369.6 365.2 347.3 335.4 328.3 322.9 317.6 315.1 312.8 308.7 306.8 304.7 300.8 297 291.7 287.2 285.5 281.8 278 271.5 264.2 254.9 245.3 233.5 226.3 221.3 219.4 215.8 204.9 199.7 194.6 187.7 173.8 164.6 156.2 144.2 132 117.9 97.3 69.1 64.1 48.1 39.7 34.3 26.1 15.6 15.3 15.3 15.3 15.3 15.3 15.3 15.3 15.3 15.3 15.3 15.3 15.3 15.3 15.3
326.3 327.9 330.1 333.4 335.2 337.8 341.7 352.4 363.3 382.4 397.8 409.6 415.3 419.8 418.4 412.6 413.2 407.9 397 384.6 370 356.9 350.8 345 338.9 335.1 331.3 327.3 323.5 320.4 321 317.7 312.2 306.9 301.5 297.9 295.8 290.7 285.1 279.2 269.3 257.3 248.5 242 235.1 227.7 222.8 216.9 207.5 201.9 192.9 185.3 175.4 163.3 155.3 144.2 130.4 113.8 98 80 52 41.9 31.4 26.4 21.7 15.3 15.3 15.3 15.3 15.3 15.3 15.3 15.3 15.3 15.3 15.3 15.3 15.3 15.3 15.3
334.7 338 340.6 345 348.5 351.1 357.9 370.5 375.2 396.1 406.3 413.2 419.8 421.6 419.3 413.9 408.5 403.6 397.3 389.6 374.2 363.8 357.1 351.9 349.8 346.9 344.7 341.2 338.9 337.1 335.1 330.4 323.7 318 314.7 311.4 307.3 300.4 290.3 284.2 274.3 261.8 254.2 247 239.1 230.5 225.6 218.6 211.2 201.6 191.4 183.3 173.8 161.5 155 148.5 127 104.9 89.7 68.4 55.2 34.9 21.4 20.8 15.3 15.3 15.3 15.3 15.3 15.3 15.3 15.3 15.3 15.3 15.3 15.3 15.3 15.3 15.3 15.3
