WholeMapElevations/data/tq/tq21_OST50GRID_20230518/TQ21.asc
ncols 200
nrows 200
xllcorner 520000
yllcorner 110000
cellsize 50
[rows 38 to 75 of 200, columns 87 to 173 of 200]
12.8 12.5 12.2 12.6 14.1 14.4 13.5 15.4 16.9 10.7 12.3 13.2 13.9 14.3 14.2 14.9 15.4 15.8 18.1 20.2 23.1 24.5 24.7 24.7 24.1 23.8 23.3 22.7 22 20.9 19.8 20.8 18.4 18.1 16.9 15.7 15.4 15.6 16.6 17.7 18.3 18.2 18.4 18.8 18.8 19.7 19.5 21.1 23.5 25.1 26.2 26.5 25.3 23.9 24.4 26.2 29.1 31.9 32.7 31.5 30 28.9 26.6 24.7 22.9 21.7 20.5 17.8 20.8 23.5 25.9 26 26.7 27.2 27.7 28.1 27.7 27.1 26.5 26.6 27.3 28 28.2 28.5 28.5 28.1 27.7
13.7 13.4 13.1 13.2 13.4 13.6 13.7 13.9 14.4 12.1 12.8 13.4 14.1 14.2 14.7 15.8 16.7 17.3 19.8 22.5 24.9 25.1 25.2 25.5 25.3 24.8 24.2 22.9 21.8 20.8 19.5 19.2 18.8 17.6 16.5 16.1 15.7 15.9 17 18 18.7 18.9 18.9 18.7 19.7 20.8 20.8 22.5 25 27.9 29.1 29 27.8 24.5 25.7 27.6 30.5 32.6 32.8 30.3 30.6 28.8 27.1 25.3 24.1 23.2 22.1 19 20.3 23.7 24.7 24.9 25.1 25.6 26.1 26.5 26.3 25.6 25.5 25.7 26.1 26.7 26.7 26.9 27.7 28.9 28.4
15 14.2 14.1 14.2 14.2 14.9 15.2 13.2 13.4 11.2 12.9 13.6 14.3 14.5 15.6 16.5 16.8 17.8 20 22.6 23.7 24 24.7 25.3 25.4 24.9 23.9 22.7 21.7 20.5 19.1 19 17.8 17.5 17.7 16.5 16.2 16.3 17.3 18.3 18.4 18.8 18.6 19.5 20.6 21.8 22.5 24 26.5 30.1 31.5 30.1 27.7 25.5 27.8 29.7 32.1 33.1 33.1 30.4 30.1 29.4 27.6 26.4 25.4 23.7 22.5 20 20.8 23.9 23.7 23.4 23.7 23.9 24.3 24.7 24.8 24.4 24.6 24.9 25.1 25.4 25.8 26.2 27.1 28.4 29.6
16.3 15.1 15.1 15.1 15.2 15.1 13.9 13.3 13.2 11.3 12.5 13.6 14.4 15 15.3 15.6 15.8 17 19 20.9 22 22.4 22.5 23.7 24.5 23.9 23.3 22 21 20.1 19 18.2 16.8 17.7 18.2 17.6 17.3 17.5 17.6 17.8 18.1 18.5 18.7 19.9 21.1 22.2 23.6 25 29.1 31.8 31.5 30.2 27.8 26.6 28.9 31.2 32.8 32.8 32.8 32.3 32 30 28.6 26.9 25.3 23.8 22.8 20.8 20 21.5 23.2 22.9 22.5 22.4 22.7 23.2 23.5 24.2 24.7 25.2 25.3 25.2 25.6 26.1 27.1 28.9 30.1
16.5 16.2 16.3 16.4 16.1 14.6 14.8 13.9 13.7 11.7 12.1 13.6 13.8 14.1 14.3 14.6 15 15.8 17.2 18.7 19.3 20 20.6 21.2 21.8 21.9 21.9 20.2 19.6 19 19.5 17.8 18.7 19.1 19.3 19.4 18.5 18 18.8 19.2 19 19.1 20.2 19.8 20.3 21.7 23.2 25.2 30.2 31.4 31.6 30.2 27.8 29.4 30.8 32.8 33.3 33.2 33.1 33 31.8 30.1 28.5 26.8 25.2 24 23 21.8 19.8 19 20.7 21.8 22.7 22.1 22.1 23.1 23.6 24.6 25.4 25.4 25.4 25.3 25.5 25.9 27.1 28.6 30.3
16.6 16.4 16.3 16.3 15.9 15.2 15 14.3 13.6 13.4 13 12.4 12.6 13.1 13.4 13.8 14.2 15.1 15.8 16.5 17.4 18.2 19 19.4 19.6 20 20.6 18.6 18.4 18.3 18.9 17.8 17.9 18.4 18.6 18.8 19 19.2 18.8 19.2 19.3 19.8 20.9 21.2 20.6 21.1 22.9 25.7 29.6 31.8 31.6 30.5 28.5 30.6 33.3 33.7 33.6 33.5 33.4 33.3 33.2 30.9 29.3 26.9 25.3 24.3 23.4 21.9 20.2 19.1 20.8 21.7 21.8 21.9 22.3 22.7 23.3 23.9 24.3 24.8 25.4 25.5 25.3 25.8 26.8 27.9 30.4
15.9 15.7 15.5 15.4 14.9 14.3 14.4 14.8 14 13.8 13.6 12.7 12.5 12.3 12.6 13 13.5 14.3 14.6 15 15.9 16.7 17.5 17.8 18 18.2 19 18.1 17.3 17 17.2 17.2 17.5 17.7 17.9 18.1 18.5 18.9 19.4 19.9 20.4 20.8 20.8 22.5 22.2 21.7 22.9 26.4 29.8 32.3 32.3 33 29.1 35.1 34.1 34.3 34 33.9 33.8 33.6 33.2 30.8 28.5 26.7 24.7 23.7 22.9 21.8 20.5 22.9 22.5 21.6 20.4 20.8 21.1 21.5 22.3 23 23.2 23.6 24.3 24.9 24.7 25.2 25.9 27.2 30.1
15.3 15.1 14.9 14.6 13.8 13.7 13.8 14.1 14.4 14.2 14 13.5 14 14.4 13.5 12.2 12.8 13.1 13.4 13.8 14.4 15.2 15.9 16.1 16.3 16.5 17.1 16.8 16.2 17.2 17.4 17.5 17.7 18.1 18.5 19 19.4 19.8 20.3 21 21.5 21.8 21.6 22.4 23.5 23.6 23.9 26 30.5 33.5 32.6 31.9 29.6 33.9 34.7 34.9 34.8 34.4 34.2 34.1 32.4 30.2 27.9 25.5 24.7 23.3 23.1 20.8 20 23.3 23.2 22.6 21.9 22 21.9 21.5 21.5 22.1 22.1 22.5 23.2 23.9 24 24.5 25.1 26.2 28.4
14.6 14.4 14.1 13.7 13.3 13.1 13.2 13.4 13.3 13.5 13.7 14.1 13.7 13.4 13.1 13 12.7 13.2 13.7 14 13.6 13.7 14.3 14.5 14.7 15.1 15.4 15.7 16.3 17.2 17.9 18.6 18.8 19 19.4 19.9 20.3 20.7 21.3 22 22.6 22.8 22.6 22.4 23.4 24.5 25.8 27.8 31.4 34.1 33.6 32.9 30.3 34.2 35.4 35.5 35.5 35.2 34.8 33.3 31.4 29.1 26.5 25.1 24.4 24.1 23.4 20.9 21.3 22.8 23 23.2 22.7 22.4 23.2 22.8 22.5 22.3 22.8 22.7 22.2 22.9 23.2 23.8 24.3 25.4 27.2
14.3 14 13.6 13.3 12.9 12.8 12.6 12.7 12.4 12.6 13.3 13.4 13 13 13.4 13.2 13.7 13.8 14.3 14.7 14.9 14.1 13.9 14.6 14.6 15 15.4 15.7 16.2 17.1 17.9 18.6 19.3 19.9 20.4 20.8 21.2 21.6 22.2 23 23.7 23.8 23.6 23.3 23.9 24.8 26.1 27.6 31.2 33.7 33 31.6 30.6 35 36.3 36.1 35.4 35.1 33.4 32.2 30.3 27.5 26 24.6 24 23.8 23.5 21.3 21.4 22.3 23 23.2 22.8 23.1 23.8 23.4 23.5 23.7 23.8 23.8 23.2 22.3 22.3 22.4 23 24.5 26.1
14.7 14.3 14 13.6 13.3 13.1 13 13 12.9 12.7 13 13 13.4 13.7 14.1 13.5 14 14.5 14.9 15.2 15.4 14.8 14.4 14.7 14.9 15 15.4 15.8 16.2 17 18 18.6 19.3 19.9 20.8 21.7 22.1 22.5 23.2 23.9 24.5 25 24.5 24.3 25.3 25.3 26.4 28.1 31.7 34.2 33.7 32.8 31.1 33.3 35.8 36.1 35.4 33.4 31.2 29.8 28.4 27 25.6 24.2 23.6 23.4 22 21.4 21.5 22.5 23.1 23.6 23.6 24 24.3 24.4 24.5 24.7 24.8 24.6 23.8 22.3 22.8 23.1 22.3 22.6 25.4
15.1 14.8 14.3 14 13.6 13.4 13.3 13.4 13.5 13.4 13.4 13.7 14 14.4 14.7 13.8 14.1 14.9 15.2 15.4 15.5 14.6 14 14.8 15.2 15.5 15.5 15.9 16.3 17 18 18.7 19.3 20 20.9 22 23 23.5 24.1 24.6 25.3 26.2 25.7 25.2 26.4 26.8 27.4 29.1 31.6 34.4 34.3 33.1 32.4 34.5 36.1 34.3 33 30.8 29.2 28.1 27 26.3 25.1 23.7 23.2 22 22 22.4 22.3 22.5 22.9 23.5 24.2 24.3 25 25 25.1 25.2 25.1 24.6 24.1 23.6 23.6 23.9 23 23.1 23.4
15.5 15.2 14.8 14.3 13.9 13.7 13.8 13.9 14 14.1 14.1 14.4 14.7 15 15 14.2 14.1 14.7 15.2 15.4 15.6 14.7 14.5 15.1 15.6 16.1 16.2 16.1 16.3 16.9 18 18.7 19.2 20.1 21.1 21.8 23.1 24.5 25 25.5 26.2 27 27 27.9 29.6 28.6 28.8 31 36.6 37.5 34.7 32.6 33.8 35.4 34.1 32.6 30 28.9 27.8 26.6 25.5 24.7 24.1 23.2 22.7 23 23.2 23.4 23 22.6 22.8 23.3 23.8 24.6 25.6 25.6 25.5 25.4 25.5 24.5 23.3 23.6 24.1 24.7 24 24 24.1
15.9 15.6 15.2 14.8 14.3 14.1 14.2 14.4 14.5 14.6 14.7 15.1 15.4 15.7 15.3 14.6 13.9 14.7 15.2 15.5 15.6 15 15.2 15.7 16.4 17 17 16.9 16.8 16.9 18 18.6 19.1 20.2 21.3 21.9 23.3 25.1 26.4 27 27.5 28.1 29.2 31.1 32.5 31.8 30.6 32.4 39.6 40.1 37.3 33.6 33.4 33.3 32.2 30.8 28.8 27.6 26.5 25.8 25.3 24.9 24.2 24.9 24.7 24.5 24.3 23.6 23.1 22.8 23.1 23.3 24.1 25 25.9 26.2 26.1 26 25.8 24.5 23.8 24.3 24.9 25.5 24.9 25 24.9
16.3 15.9 15.6 15.2 14.8 14.7 14.8 14.9 15 15.1 15 14.7 15.5 16.2 15.9 15.2 14.5 14.8 15.3 15.7 15.6 15.7 15.9 16.3 17.2 17.4 17.3 17.3 17.2 17.5 18.3 18.6 19.3 20.4 21.5 22.9 23.7 25.4 27.2 28.3 29.7 30.3 31.5 33.5 35.5 35.1 35.5 36.8 40.2 40 37.1 33.1 32.1 31.4 30.4 29.3 27.8 27.1 26.8 26.8 25.9 25 24.9 25.8 25.5 25.2 25 24 23 24.3 24.3 24 24.6 25.4 26.3 26.9 26.8 26.7 26 25 24.7 25.1 25.7 26.2 25.9 25.8 25.6
16.6 16.3 16 15.7 15.5 15.4 15.4 15.5 15.6 15.7 15.5 15.3 15.9 16.6 16.6 15.9 15.5 15.8 16 16.2 16.6 16.9 17.2 17.4 17.9 17.8 17.7 17.6 17.6 18.1 18.6 19.3 21.9 23 24.5 25 24.6 25.8 27.3 29.7 33.1 33.7 33.7 35.7 37.7 38.6 39 38.9 38.8 38 36.8 33 32.4 31 29.5 28.3 27.9 27.6 27.3 27.7 27 26.2 26.2 26.6 26.6 26.1 25.7 24.5 24.3 25.4 25.8 25.2 25.5 25.9 26.7 27.5 27.4 27 26.1 25.2 25.6 26 26.4 27 26.8 26.5 26.4
16.7 16.5 16.4 16.3 16.1 16 16 16.1 16.1 16.2 16.1 16 16.3 17.1 17.2 16.5 16.4 17.2 17.2 17.3 18 18.5 18.2 18.4 18.3 18.2 18.1 18.1 18.5 19 19.8 21.1 24 26.5 27.8 28.1 27.1 26.2 26.8 29.9 33.6 36.2 36.6 37.9 39.6 41.2 40.8 40.5 39.8 37.4 35 33.3 32.4 31 29.6 29.5 29.2 28.2 27.9 27.9 28.2 27.5 27.6 28 27.7 27.2 26.2 24.9 25.2 26.3 27 26.4 26.8 27.1 27.4 28 28 27.1 26.4 26.2 25.9 26.5 27.1 27.7 27.5 27.4 27.4
16.8 16.5 16.8 16.9 16.7 16.6 16.7 16.7 16.7 16.8 16.7 16.7 16.8 17.7 18 17.2 17.6 18.6 18.6 18.5 19.4 19.9 19.5 19 18.8 18.7 18.7 18.8 19.7 20.5 22 24 26.5 28.3 30.2 29.6 28.4 28.2 30.2 31.5 33.5 37 37.4 39 40.7 41.7 41.4 41.4 40.5 38.1 35.7 33.8 32.9 31.5 30.5 30.7 30.5 29.4 28.4 28.2 29.4 29 29.1 29.2 28.7 27.8 26.4 25.6 25.6 26.5 27.4 27.6 28 28.3 28.6 28.6 28.4 27.9 27.2 26.9 27.3 27.1 26.8 26.3 28.3 28.3 28.2
16.6 16.6 17.2 17.4 17.3 17.3 17.3 17.3 17.4 17.4 17.4 17.5 17.5 18.2 18.8 18.1 19 20 20.2 20.2 21.1 21.5 21.7 21.3 20.7 20 19.3 20 21.2 22.7 24.2 26.1 27.9 29.8 31.6 31.2 30.8 30.6 33.1 35.2 33.1 36.2 38.3 39.8 41.1 41.9 41.6 41.3 41 38.7 36.2 34.7 33.4 32 31.8 32 31.9 30.8 29.7 28.6 30 30.4 30.6 29.7 28.5 27.3 26.6 26.9 27.2 26.7 27.3 28.6 29.2 29.2 28.5 28.6 28.2 28 28 27.6 28.8 28.1 27.2 28.5 29.3 29.6 29.7
16.2 16.1 18 17.9 17.9 17.9 17.9 18 18.6 19 18.7 18.4 18.4 19.2 20.3 21.3 22.3 23.1 22.9 22.7 22.9 23.1 23.3 23.1 22.3 21.6 20.8 20.5 22 23.7 25.2 26.9 28.8 30.6 32.3 32.9 32.4 33.7 35.7 36.6 35.8 36.5 39.1 40.2 41.6 42.1 41.8 41.7 41.9 40.4 37.3 35.8 34.6 32.7 34.2 34.2 33.2 31.6 30.3 29.2 29.7 29.9 30.9 30 28.6 27.2 27 28.4 28.7 28.1 27.6 27.9 29.2 28.7 29.1 29.6 28.7 28.3 28.2 28.3 29 29.3 27.9 29.1 30 30.6 31.1
16.4 16.8 17.9 19.2 19.1 19 19.6 20.2 20.7 20.4 20.1 20.2 20.3 21.1 23.1 24.6 25.7 26 25.8 25.3 24.5 24.7 24.8 24.4 23.7 23 22.2 20.9 22.6 24.3 26 27.7 29.5 31.3 33 34.5 34.8 36.3 37.4 38.2 38.5 39 40.7 41.1 42 42.3 42.4 42.6 42.8 41.6 42.2 36.3 35.1 34.2 36.4 36.2 35.2 32.6 31.3 30.7 29.9 30.3 31.5 30.4 29 28.1 28.1 28.7 29.3 29.3 28.5 28.1 29.1 29.1 30 30.6 29.3 28.6 28.9 29.4 29.8 30 28.6 29.8 31.1 30.8 31.9
16.4 17.5 18.6 19.6 20 20.8 21.6 22 22.4 22.1 22.8 23.4 23.8 24.8 25.5 27.2 28.7 28.4 27.8 26.9 26.1 26.5 25.9 25.5 25 24.4 23.5 22.1 22.4 23.8 25.7 28.1 30.3 32.1 33.6 35.4 36.3 37.3 38.2 39 39.8 40.7 41.5 42.1 42.7 42.8 43 43.2 43.4 42.3 40.4 37 36.4 35.9 38.1 38.1 36.8 34 33.6 32.8 32.1 31.1 32 30.9 29.5 29.5 29.6 29.8 31.4 30.3 29.4 28.7 29.1 29.8 30.6 31.4 30.1 30 29.8 30.6 30.5 30.3 29.8 31 32.1 31.7 32.8
16.9 18 19 19.9 21.1 21.1 21.6 23.1 24.2 25.3 26.4 27.6 28.2 28.7 28.8 30.3 30.5 30.1 28.9 28.3 27.6 28 26.7 26.3 25.8 25.4 25.2 24.6 24.2 23.7 25.4 27.8 30.4 33 35 37 37.7 38 38.8 39.7 40.4 41.1 41.8 42.5 43.2 43.3 43.3 43.3 43.2 42.2 39.8 37.6 36.2 37.1 39.3 40.2 38.4 36.4 36.8 36 33.7 32.7 32.9 31.4 30.9 31 31 31.1 32.2 31.8 30.6 29.4 30.3 30.7 31.3 32 32.4 31.6 31 31.5 31.4 30.7 31.3 32.3 33.4 33.5 33.9
15.8 17 18.3 19.2 20.1 21.1 22.6 24 26.6 28.2 29.8 31.4 32.4 32.6 32.7 33.1 32.3 31.4 30.1 29.4 29.2 28 26.7 26.1 25.9 25.7 25.8 26 26.3 24.9 25.2 28.1 31.7 34.9 36.9 37.2 37.4 37.5 38.2 38.9 39.5 40.2 41 41.7 42.1 42.6 42.7 42.8 42 40.2 38.3 37.6 36.7 38.4 40.7 41.8 40.3 40.2 39.9 37.4 35.5 35.1 33.7 33 32.5 32.6 32.7 32.6 32.8 32.9 32.2 31.3 31.9 32.1 33 34.4 34.2 32.7 31.9 32.4 32.4 33 33.1 33.2 34.7 35.3 35.6
17.4 18.2 19.2 19.9 20.8 21.6 23.1 24.9 28.5 31.3 33.2 34.6 34.7 34.3 34.4 33.5 33.5 32.7 31.5 30.6 29.3 28 26.7 26.1 25.9 25.6 26.8 27.1 27.4 26.4 26.4 29.5 33.6 36.8 38.3 37.1 36.4 36.8 37.5 38.1 37.9 39.5 40.1 40.9 41.2 41.6 42.1 42.5 40.8 39.4 38.4 37.2 36.7 38 40.6 42 41.8 42.1 42.3 37.5 38.6 38.4 36.8 35.5 34.2 34.2 34.2 34.4 34.4 34 33.6 32.2 33.6 33.7 35.3 35.2 34.9 34.3 33.4 33.4 34.2 34.3 34.9 34.6 36 37.4 37.5
18.5 19.5 20 20.5 21.4 22.1 23.7 26.5 29.8 32.8 34.4 35.4 35.1 34.4 34 33.2 31.8 31.4 30.6 29.9 29.1 27.9 26.6 26.1 25.4 25.7 27 28.2 28.5 28.2 27.6 29.5 33.4 37 37.5 36.2 35.8 37.2 37.8 38.5 38.9 39.2 39.5 40 40.7 41.6 42.1 42.9 42 41.1 38.5 39.5 38.4 40.2 41 42.6 43.7 44.3 44.2 39.7 42 41 38.5 36.7 37.4 37 36.5 36.8 35.8 35.2 34.7 33.8 35 35.8 36.4 36.1 35.5 35.7 35.7 35.7 37.1 37.1 36.4 35.8 37.5 38.9 39
18.8 19.4 20.1 20.7 21.5 22.8 24 26.7 29.6 32.4 33.8 33.7 33.2 32.6 32 30.8 30.3 30 29.3 28.7 27.6 26.5 26.4 25.6 24.7 25.7 27 28.4 29.7 30.3 29.3 29.9 30.9 33.6 33.6 34.8 36 37.6 38.2 38.8 38.6 38.5 39.1 40.5 41.6 43.2 43.1 43.7 43.7 43.6 38.5 41.1 43.2 44.1 44.3 45.7 46.1 45.7 45.6 43.8 44.2 43.8 40.6 39.6 39.9 39.7 39.4 39 38.1 36.6 36.3 36 36.6 37.4 37.9 38.1 38.2 38.3 38.4 37.3 39 39.6 37.7 37.2 39 40.5 40.8
16.3 18.4 19.7 20.3 21.1 22.3 23.2 26.1 28.5 30.3 31.4 31 30.5 29.9 29.3 28.7 28.7 28.7 28 27.4 26.5 25.4 24.4 24.2 24.5 26.1 27.8 29.5 30.8 31.7 31.7 31.6 32.1 33.2 35.2 36.3 36.7 37.8 38.3 39.1 38.9 38.8 40.9 42 43.3 43.5 43.8 44.4 45.3 45.2 39.3 43 44.9 45.3 45.9 47.6 47.3 47 47 46 44.8 44.3 43.3 42.6 42.1 41.8 41.4 41 40.2 39.7 39.2 38.9 39.4 40.2 40.1 40.3 40.7 40.8 39.6 36.5 40.6 41.3 39.6 39.1 40.9 41.8 42.1
15.5 17.1 18 18.7 20.2 21.1 21.8 23.1 24.8 26.4 27.7 27.8 27.8 27.3 26.9 26.5 26.3 27.1 26.7 26.2 25.4 24.4 23.5 23.4 24.9 27.2 28.9 30.6 32 33 34 34.5 35.5 36.5 37.7 37.2 37.3 37.1 38 38.8 39.8 39.7 42.2 43.5 44 44.3 44.5 45.2 45.3 46.2 39.8 46.3 46.5 48.1 47.5 47.6 47.9 47.9 47.1 46 44.8 45 44.4 44.1 43.8 43.6 43.3 42.9 42.5 42.5 42 41.9 42.2 43 42.5 42.2 42.7 42.9 42.3 40.4 41 42.4 41.6 41.4 42.7 43.2 44.1
14.5 14.7 14.9 15.5 16.3 17.5 19.5 20.5 21.2 22.5 23.7 23.9 24.7 24.8 24.5 24.1 24.1 24.4 24.4 24.4 24.3 22.7 22.1 23.4 25.1 28 29.5 30.9 32.2 33.3 34.8 36.4 37.9 38.9 39.2 37.7 36.2 36.1 37.4 38.2 40.5 41.1 42.8 43.6 44.7 45 45.1 45.2 45.2 45.2 39.9 44.5 46.2 47.2 47.3 47.3 47.2 46.9 46.7 45.7 44.7 45.8 45.5 45.2 44.6 44.4 44.3 44.1 43.3 44.5 44.7 44.9 45.1 45.4 44.8 44.9 44.8 45.3 43.9 42.1 40.6 44.7 44 44.7 45.4 46.2 47.1
14.9 14.9 14.8 16 15.7 15.6 17.1 18.4 19.2 20 20.2 20.9 22 22.3 21.9 21.6 22.5 23 22.9 23.2 23.1 22.8 21 23.2 25.4 27.2 28.5 30 31.2 33 34.4 36.1 37.8 39.7 39.6 37.6 35.3 35.2 36.5 37.7 40 41.4 42.1 43.5 43.8 43.9 43.8 43.9 44 43.9 41.7 43.7 45.7 46.3 46.5 46.3 46 45.7 45.5 45.3 44.3 44.4 44.7 45.1 44.8 44.7 44.7 44.8 44.9 46.7 47.4 47.7 47.9 47.6 47 48 47.8 47.5 48.1 46.7 42.3 47.7 47.7 49.3 48.5 49.3 50.1
16.8 16 15.2 16.6 16.2 15.8 15.8 16.4 17.7 18.9 18.3 18.4 19.4 19.6 19.4 20 20.8 21.5 21.5 21.6 21.8 21.9 20.2 22.1 23.8 25.5 26.5 27.9 28.3 30.3 32.4 34.7 37.1 38.9 38.5 36.7 34.7 34.2 35.4 36.5 39.7 39.1 41.8 42.4 42.2 41.5 42.2 42.1 42.1 42.1 39.7 43.3 44.3 45.4 45.6 45.3 45 44.8 44.5 43.7 43.3 42.8 42.9 43.1 43.4 43.7 44 45.7 46.6 47.7 47.8 49.4 50.3 49.3 48.9 50.4 49.9 49.9 51.7 50 47 49.3 52 52.4 51.6 52.4 53.2
17.1 16.3 15.5 17 17.4 17.6 16.5 16 16.6 16.3 17.2 17.3 17.1 17.3 17.4 17.4 17.7 18.1 18.9 20.3 20.7 20.6 19.3 20.6 22.2 23.8 25.1 24.7 25.7 27.5 29.2 30.9 33.3 34.7 34.3 33.6 31.6 31.8 32.3 35.2 38.2 39 41.2 41.1 40.6 39.6 39.8 40 40.2 40.5 39.6 42.2 43.8 45.3 45.9 45.7 45.4 44.5 43.4 41.7 41.1 40.6 40.5 40.7 41.2 41.9 42.3 43.6 44.1 44.8 46.3 48.3 49.4 47.6 50.5 51.5 51.8 52.5 53.2 51.8 47.9 50.7 52.4 53.8 54.7 55.2 55.6
17.3 16.6 15.8 16.9 17.6 18.3 17.8 17 16.7 18.6 18.8 19 18.5 18.2 17.6 17.5 17.4 17.9 17.8 19.6 20.4 19.9 18.8 18.8 19.8 21.1 21.4 21.3 23.3 25.1 25.7 27.2 29 30.3 30.2 30.2 29.5 29.8 30.5 33.2 34.3 36.2 38 39.5 39.1 38.6 38.9 39.2 39.7 39.9 39.6 42.3 43.7 45.1 45.8 45.5 44.5 43.5 42 40.1 39.1 38.5 38.3 38.2 38.8 39.5 39.8 40 40.5 40.9 41.9 44.6 45.3 45.8 50.6 53 53.7 54.1 54.3 52.5 49.2 51.2 53.3 53.7 54.5 56.2 56.8
17.8 17 16.6 17.1 17.9 18.6 19.2 18.5 17.9 19.5 19.3 19.3 19.3 19.3 19 18.9 19.8 20.6 20.3 19.2 20.2 19.3 18.7 18.7 18.6 19.6 20.3 19.7 19.8 21.3 21.8 23.6 26.1 26 27 27.3 28.3 28.5 29 30.4 32.4 35.7 35.6 36.3 37.5 38.4 38.7 38.9 39.5 40.2 39.3 41.2 43.1 44.6 45.3 44.4 43.4 42.5 40.6 38.8 37.3 36.9 36.5 36.3 36.5 36.9 36.2 36.7 36.6 36.9 37.9 39.8 41.3 44.2 47.6 51.5 55.6 55.9 55.4 52.3 50.7 49.9 50.3 52.1 53.5 56.3 56.9
18.3 17.6 17.7 18 18.7 19.3 19.9 19.5 19.1 20.4 20.4 20.1 19.8 19.9 20 20.2 21.3 22.7 22.6 21.5 20.3 20.4 20.6 20.8 20.2 20.3 20.8 21.2 19.7 19.5 19.9 22.1 21.7 23.4 24.9 26.5 27.8 27.9 28.8 29.6 31 33.4 33.8 35.3 36.6 37.7 38.9 39.1 39.1 39.8 39 39.9 42.6 44 44.2 43.3 42.4 41.4 39.4 37.5 35.7 35.9 35.4 34.6 33.9 33.2 33.1 33.2 33.8 34.2 34.3 36.1 39.1 41 44.5 48 54.9 56.4 55.9 54.3 51.7 51.5 51.4 52.4 53.1 56.3 58.1
18.7 18.6 18.8 18.9 19.4 20 20.5 20.5 20.3 21.3 21.5 21.2 21.1 20.4 20.1 19.9 21.1 23.4 24 22.8 21.1 21.3 21.5 21.8 21.7 21.6 22.1 22.4 21.7 20.6 20.1 20.7 21.8 24.4 25.4 26.8 27.8 28.8 30.1 31.6 32.4 33.4 34.9 37 37.4 37.5 40.1 40.4 39.9 39.5 39 37.7 42.3 43.5 43.2 42.2 40.8 39.1 37.1 35.9 34.7 33.3 32.2 31.7 32.3 32.8 33.4 34.1 34.7 35.1 35.3 35.3 35.9 38.8 42.3 45.8 51.7 55.5 56.5 55.3 52.9 52.9 52.8 53.3 54.6 56.2 59.4
19.7 17.8 17 18.4 19.8 20.5 21.1 21.5 21.5 22.2 22.6 22.2 22.6 22.2 21.6 19.7 20.2 22.3 23.6 22.6 21.9 22.1 22.4 22.8 23.1 22.9 23.4 23.4 23.1 22.1 20.9 20.8 21.8 24.6 26.2 27 28.5 29.9 31.3 33.5 34.5 35.5 37.1 37.6 37.8 37.6 39.7 39.5 38.6 37.9 36.7 37.2 40.8 41.3 41.2 39.7 38.2 37.9 36.4 34.6 33.4 32.1 31.2 31.9 33 33.6 34.2 35 35.6 36 36.1 35.8 35.3 36.6 40.1 43.7 47.5 52.9 55.8 54.3 53.9 53.4 52.6 55.1 58 60.5 58.5
