UK/data/ns/ns99_OST50GRID_20230518/NS99.asc
ncols 200
nrows 200
xllcorner 290000
yllcorner 690000
cellsize 50
[rows 152 to 189 of 200, columns 0 to 84 of 200]
9.9 8.1 7 6.6 6.8 7.1 5.6 7.7 8.6 8 11.6 11 10.4 6.4 10.2 12 11.3 16.8 18.1 18.3 18 18.2 18.3 19 19.7 17.4 16.9 16.2 18.3 18.8 14.1 20.1 18.2 17 17.2 17.2 17.9 19.1 21.2 16.1 13.5 16.6 17.3 18.2 17 20.6 28.8 31.6 29.8 30.7 32.2 35.6 37.6 45.6 37.3 37.1 37.7 38.3 39.4 40 40.3 41.7 42.3 41.6 41.8 41.6 40.6 40.1 40 40 39.9 39.3 39 40.3 43.4 43.5 44.1 44.1 44.1 45.8 56.7 51.8 49.7 52.2 54.8
8.4 7.7 6 7.6 8.3 8.4 11.2 8.5 6.4 7.5 14.3 13.9 13.8 6.1 9 8.8 9.2 11.3 11.4 11.8 12.2 12.2 11.9 11.9 20.9 11.3 15.5 15.1 14 11.2 11.5 13.1 16.3 10.6 10.1 13.6 15 15.9 14.5 16.4 19.6 21 13.1 15.6 17.6 23.7 28.1 29.4 29 31.3 32.4 33 33.2 33.4 35.1 36.6 38 39.2 42.5 46.5 48.2 48.5 48.6 47.7 46.8 45.4 44.3 44.7 45.9 45.2 45.2 43.4 42.1 41 43.4 43.5 43.9 43.4 42.2 50.7 49.3 48.9 52 57.9 60.6
7.2 6.6 7.2 7.6 8 11.2 14.2 17.8 15.8 17.7 18.8 17.6 17.9 16.3 10.9 10.9 13.8 10.3 8.7 7.1 10.7 13.4 11.8 9.6 9.1 14.8 18.1 16.6 16.8 14.5 16.2 13.8 20.5 16.6 17.5 16 13.7 14.6 16.7 21.3 23.5 24.6 25.4 24.4 24.8 26.3 28.4 29.8 29.4 30.6 31.2 31.6 32.1 33.4 35.9 39.1 43.2 45.1 48.5 50.5 51.9 52.6 52.7 53.1 52.4 50.2 49.9 50.6 53.8 54.1 54.1 51.9 49.2 45.5 41.5 41.5 41.7 41.1 43.4 48.1 48.2 48.7 49.9 53.2 54.6
5.1 6.4 6.9 7.4 8.2 11.7 18 22.3 25.4 26.5 26.9 24.8 24.6 21.9 20.4 18.7 17.4 18.5 17.2 17.7 18.6 17.8 19 19.9 21 21.1 21.4 21.3 21.1 20.9 19.6 13.1 19.3 19.7 22.6 23.5 24.6 26.2 27.2 26.7 27.1 28.2 28.3 27.4 27.4 27.1 28.9 30.4 30.2 31.3 32.1 32.6 33 34.3 37.6 42.9 47.8 52.1 54.6 56.7 58.4 60.2 60.5 61.1 60.6 58.6 57.4 59.5 59.3 57.6 55.9 53.9 51.3 49 45.3 42.3 42.3 39.7 41.1 47.7 47.3 48.1 49.4 49.8 50
6.9 7.4 7.2 8 8.5 15 22.6 28.2 31.2 33.5 36.8 36 34.1 30.8 27.4 23.7 22.9 22.5 22.2 21.3 22.4 24.6 24.1 25.2 25.6 25.2 24.7 26.2 25 22.8 18.7 15.9 17.8 19.4 24.1 25.1 26.7 29.5 31.8 31.3 31 31.9 31.9 30.8 29.9 29.7 29.4 30.9 30.9 32 33 34.1 35.3 35.7 38.6 46.6 52.5 56.3 58 59.2 60 60.4 61 61.3 61.6 60.4 60.9 60.1 59.2 57.6 54.5 52.2 48.7 46.9 44.8 41.8 39.2 41.5 41.4 42.7 45.2 45.8 51.6 53.3 52.1
6.5 6.5 7.1 7.5 8.9 14.8 24.3 32.4 37.4 39 42.4 42.2 40.9 38.1 33.9 30.6 28.5 26.6 25.9 24.2 25.8 26.8 27.4 27.9 28.1 27.4 20.8 25.7 24.2 22.5 19.9 17.9 16.5 19.9 23.4 25.2 26.5 29.8 33 33.5 34.9 36 35.7 34.9 33.3 32.6 32.2 31.7 32 32.5 32.9 34.1 35.2 36.7 37.5 42.7 45 47 49.2 50.4 50.9 51.4 51.4 52.3 52.2 51.1 50.8 50.8 50.7 51.5 49.1 46.5 42.9 40.2 39.2 39.3 39.6 39.3 40.1 43.8 44.2 44.3 45.5 48.4 49.1
6.3 6.3 6.4 6.5 8.7 12.7 23.7 32.8 42.2 50.1 51 50.8 49 45.4 39.7 35.7 33.6 31.1 30.9 28.7 31.9 32.6 33.6 32.9 30.5 29 26.8 22.4 24.2 22 19.4 18.8 16.8 18.1 19.9 25.2 27.2 30 32.3 34.2 38 40.1 39.6 38.3 36.2 35 34 33.2 32.2 31.2 31.2 30.8 32.4 33.1 33.5 36.6 38.9 40.3 42.2 43.9 44.2 43.8 44.3 44.8 44.8 43.1 43 43.9 44.6 44.2 42.5 40.3 35.4 37.4 41.3 43.7 45 46.1 45.1 46.1 47.2 44.1 44.7 47.3 48.6
6.1 6.1 6.1 6.1 6.9 10.3 20.1 30 37.1 45.9 55.9 57.1 56.3 53.2 48 44 41.9 38 34.8 34.7 34.9 33.1 36.5 36.8 34.2 31.8 28.9 27.4 19.9 22.6 20.7 19.2 15.7 18.3 20.1 22.2 24.9 28.1 29.7 30.7 33.4 34.7 34.2 33.9 33.9 33.7 32.8 31.7 30.5 28.9 27.4 27.3 27.2 28.2 29.5 32.1 33.7 34.5 34.9 37.2 38.6 38.7 37.5 37.3 35.2 37.1 37.1 36.1 38.5 38 36.4 33.4 36.1 38.6 42.1 46.9 49.6 50.5 49.3 48.6 48.5 46 43.5 44 46.2
5.7 5.7 5.7 5.7 6.4 9.2 14.9 25 30.9 38.2 45 54.5 57.5 56.9 54.8 51.1 48.4 44.7 41.7 38.3 36.8 36.7 36.9 37.2 36.6 35.6 34.1 28.9 27.9 25.2 20.2 21.2 19.5 18.9 19.1 18.7 21.3 23.2 25.2 26 27.5 28.5 28.7 28.7 29.4 28.8 27.8 27.2 26.7 25.3 24.8 24.8 24.8 24.9 25.6 27.3 29 30.2 31.7 32.5 32.9 34 32.1 32.7 31.5 34.1 33.7 32.9 35.4 35.7 34.4 34.4 36.1 37.6 39.6 42.9 44.2 44.5 44.8 44.7 44.7 42.3 41.8 42.4 42.9
5.1 5.2 5.2 5.2 6.2 8.7 11.3 18.3 22.8 29.1 34.5 42.4 50.7 55 55.1 53.7 51.5 49.1 47.1 43.6 41.5 38.3 37.6 38.1 37.5 35.7 33.5 33.6 30.5 27.2 25.2 20.4 21.3 20.6 18.8 19.3 19.1 21.1 21.4 23.1 23.4 23.7 23.9 24.2 24.6 23.9 23.4 23.3 22.7 21.8 22.2 22.7 22.8 22.9 23.5 24.5 25.2 26.1 27.4 28.4 29.1 30.4 30.5 30.1 29.9 30.3 30.8 31.9 34.3 33.5 31.1 33.9 34.5 35.4 36.7 38.9 39.2 39.9 40.5 40.8 41.4 40.7 41.8 42.6 42.4
4.5 4.5 4.5 4.4 4.3 7.2 8.6 9.4 17.5 21.8 27.1 32.5 39 44 49.5 50.5 50.2 49.6 46.7 43.8 41.9 39.4 38.8 38.7 37.9 37.1 36.4 35.8 34.4 32.1 29 25.7 23.2 19.2 19.6 18.8 19.3 19.8 20.6 21.2 20.7 20.7 21 21.3 20.8 19.9 19.7 19.5 19.5 19.4 20.4 21.3 21.4 21.7 21.9 22.5 23.3 23.4 23.5 24.8 26.6 28.3 28.8 28.7 27.4 28 30.5 31.6 30.3 31.3 30.4 31.4 33 33.8 34.6 36.8 38.6 39.4 39.3 39.9 41.9 43.9 45.1 46.3 46.6
3.9 3.9 3.8 3.6 3.5 5.7 6.8 7.5 10 17.2 21.4 25.2 30.6 33.4 38.8 42 43.8 46.6 45.1 44.8 43.1 40.9 40 38.8 38.6 38.1 37.4 36.8 35.3 33.2 31.1 28.4 25 22.6 21.4 18.4 19.6 18 19.5 19.6 19.6 20.1 20.2 19.8 19.4 20.1 19.7 19.3 19.2 19.1 19.4 20 20.2 20.5 20.7 20.9 21.4 21.7 22.3 23.4 24.7 26.3 27.2 26.2 25.8 26.3 27.6 28.2 29.2 29.6 31.9 32.6 36 36.7 37.3 39.9 42.4 41.8 41.6 42.6 45.1 47.3 48.7 50.5 52.3
3.8 3.9 3.6 3.4 3.4 4.9 6.9 7.5 8 9.8 14.2 17.8 22.7 25.1 28.9 32.2 34.8 36.7 37 37 36.3 36.9 34.8 34.8 35.5 36.1 36.8 36 35.4 33.5 31 29.1 25.9 23.5 23.4 21.5 20.6 17 18.4 18.7 18.9 19.4 20 20 20.4 20.1 19.5 19.1 19 19.2 19.4 19.6 19.7 19.9 20.2 20.4 20.7 21.2 21.7 22.4 24.1 24.7 25.4 23.8 24.2 27.3 28.6 28.9 31.2 31.8 33.3 35.1 36.1 37.7 40.3 42.7 44.4 43.6 45.4 45.3 47.7 49.3 52.1 54.1 57
4.5 3.7 3.8 4.1 3.5 4.7 6.4 7.1 8.2 9.9 11.8 11.3 15 18 19.6 22.6 25.1 28.4 30.5 30.5 30.7 32.2 32.3 33.2 32.2 33.8 34.2 33.4 33.5 32.8 31.5 30.4 27.4 26.2 24.2 22.1 21.6 19.6 19.3 17.5 19 18.5 19.7 20 19.3 19.8 19.2 18.9 19 19.2 19.5 19.6 19.6 19.7 19.9 20.2 20.4 20.8 21.9 23.1 23.6 23.6 23.1 23.3 25.9 29 30.3 30.2 31.1 32.2 33.7 35.6 37.4 37.6 38.1 40.7 42.9 46.1 48.6 48 49.8 51.4 54 55.2 57.2
4.9 4 4.1 4.9 4.7 5.9 6.7 7.5 8.2 8.4 9.9 10.3 11 12 12.9 15 15.8 19.9 24.8 27.6 27.8 28.1 30.6 31.1 32 32.6 32.7 33.2 32.9 32.3 32.3 30.6 28.1 26.9 25.5 23.6 20.8 20.6 19.8 20.2 19.4 18.5 19.7 19.7 18.5 18.9 19 18.8 19 19.3 19.6 19.6 19.6 19.6 19.7 19.9 20.2 21.6 22.3 22.9 22.1 22.5 22.9 25.1 27.8 30.1 31 31.3 31.7 32.9 34.2 36.1 37.4 37.1 37.4 39.4 43.6 47.1 48.7 49.9 51.5 53.1 54.4 55.1 55.5
5.5 4.1 4.4 5.9 6.1 6.8 7.1 8.2 9 8.9 9.4 8.2 8.6 9.1 9.1 10.2 11.6 13.1 16 21.5 21.7 26.2 28.1 30.3 31.3 31.3 32.1 32.4 31.7 32.6 31.6 31.2 29.9 26.8 25.1 23.7 22.1 20.5 20.7 21.6 20 18.2 19.3 20.8 18.8 18.1 18.7 18.9 19.1 19.3 19.3 19.5 19.6 19.6 19.7 19.7 20.8 22.6 23.1 22.3 22.3 22.5 24.7 27 28.6 29.1 32 31.7 31.9 34 36.1 36.8 37.4 36.8 36.8 41 45.8 48.8 49.1 50 51.2 52.9 54.8 54.8 54.1
5.6 4.1 4.8 5.1 5.7 5.6 6 6.4 7.8 7.8 6.7 8.2 7.5 7.4 7.1 7.7 8.2 9.4 10.9 12.9 19.5 25.7 27.5 28.7 30.5 31.1 31.2 31.2 30.6 30.8 31.4 32.5 31.3 29.2 26.7 26.3 24.2 23.8 22.2 22.5 21.9 20.7 18.4 18.8 18.4 21.6 18.7 18.7 19 18.9 18.6 18.4 18.8 19.3 19.4 19.7 21.4 22.4 21.9 22.1 23 24 25.4 26.8 28.3 28.6 29.6 30.4 31.8 32.1 34.2 34.6 34.7 35.2 36.1 40.9 44.9 48.1 50.3 51.3 52.4 53.4 54.5 53.5 52.8
5.6 4.4 5.3 4.6 4.5 4.8 5 5.1 7.3 6.4 5.7 6.5 6.4 6.3 6.2 6.4 6.8 7.4 8.6 9.6 13.2 22 26.9 29.3 29.8 30.3 29.8 29.9 29.4 28.8 28.2 30.5 32 30.7 28 26.7 26.1 25.1 23.6 22.1 21.3 19.6 18.7 18.8 18 18.2 19.1 22.3 18.8 18.8 18.3 18.7 18.2 18.5 19.6 19.4 20.5 20.7 22.3 22.1 22.9 23.5 24.4 25.9 26 27.6 28.9 29.9 31.9 35.4 37.5 37.6 38.1 38.9 39.5 38.2 44.8 47.2 48.8 50.8 51.8 52.8 53.6 53.2 52.1
5.6 4.5 5.1 4.7 4.3 4.5 4.7 4.9 5 5.2 5.3 6.3 6.4 6.3 6.1 6.1 6.3 6.7 7.1 7.9 8.9 14.2 24.2 27.9 29.1 29.4 29 28.6 28.3 27.6 26.9 27.3 28 29.1 28.4 28.2 26.4 26.3 25.7 24 21.9 20.5 19.9 19.5 19.4 19 19.3 20.4 22.1 22.3 17.6 17.3 17.6 19.6 20.1 20.6 20.8 21.5 22 22.4 23.5 24.1 24.7 25 25.6 27.8 30.6 33.2 35.8 39 41.2 42 42.1 42.8 43.4 43.5 42 43.8 45.9 48.3 49.3 50.7 52.1 52.9 52.9
4.9 4.9 5.1 4.9 4.2 4.4 4.6 4.7 4.8 5 5.2 6 6.4 6.4 6.1 5.7 6.1 6.5 6.9 7.2 7.7 9.9 17 25.8 27 28.6 28.2 27.8 27.2 26.4 25.6 25.7 25.8 25.9 26.8 27.9 26.7 26.2 25.7 23.1 22.3 22.3 21.7 21.3 21 20.4 20.6 20.1 20.3 21.8 22.4 21.3 19.8 20 20.5 20.9 21.3 21.5 22.1 22.6 25.2 27 27.6 27.1 27.9 29.8 32.4 35.9 39.4 42.3 44.6 46.4 46.9 47.5 47.3 47.6 45.3 43.7 43.1 44.2 45.9 47.2 51.7 54.3 55.3
4.8 4.8 4.7 4.6 4.2 4.2 4.4 4.5 4.6 5.6 5.6 5.3 5.8 6.2 6.1 5.5 5.9 6.2 6.6 7 7.3 7.8 11.2 21.2 24.1 27.8 27.4 26.9 26.1 25.3 26.1 26.7 27 26.1 26 25.3 25.4 24.4 24.3 23.8 23.7 24 23.5 23.1 23.1 22 21.3 21.2 20.9 21.1 21.8 22.7 22.9 22.1 20.8 21 21.3 21.6 22.2 23.1 25.4 28.3 29.2 29.6 30.4 33.1 37.2 40.6 44.8 48.1 50.4 52.1 53.1 53.7 53 51.8 49 46.9 45 46.1 45.3 46.1 53.2 57.1 59.4
4.6 4.5 4.4 4.3 4.2 4.1 4.2 4.3 4.6 5.2 4.8 5.1 5.2 5.6 5.9 5.4 5.6 6 6.4 6.6 6.6 6.6 8.6 13.9 22.7 27.1 26.5 25.9 25.6 25.6 26.5 27.9 27.5 26.4 26 25.4 25.7 24.2 21.6 21.2 24.9 25.4 25.3 25.2 25.2 24.1 23.5 22.8 22.1 21.7 21.5 21.4 23 22.9 23.8 21 21.2 21.9 22.5 23.7 25.2 26.7 28.3 30.3 32.4 36.9 40.5 44.5 49.8 54.7 57.1 59.9 59.3 57.4 54.5 52 48.9 47 48.1 49.3 49.9 50.3 53.4 57 61.5
4.1 4.3 4.2 4.1 3.8 4.2 4.3 4.5 4.5 4.5 4.8 5.1 5.2 5.1 5.4 5.4 5.4 5.8 5.9 5.9 6.2 6.4 6.7 9.1 20.3 26.1 26.5 26.2 25.5 26.1 27 28.4 28.2 26.9 26.1 26 26.3 25 24.5 23.9 24.2 25 26.1 26.1 26.4 26.8 27.8 27.4 26.2 25 24.1 23.3 22.8 23.7 22.5 23 25.2 22 23.2 24.3 25.5 27.5 29.6 31.7 33.4 36.8 43.2 49.3 53.8 56 57.5 57.6 55.7 52.9 50.5 48.2 47.3 47.4 48.3 49.3 51.8 54.3 56.3 58.8 61.1
3.1 4.1 4 3.6 4 4.3 4.6 4.7 4.7 4.8 4.9 5.1 5.3 4.6 4.8 5 5.2 5.3 5.6 6 6.2 6.3 6.4 7.3 14.7 24.8 26.8 26.3 26.4 27.4 29 31.3 31.7 30.3 28.5 27.4 27.8 28 28 27.8 27.4 26.8 27.1 26.3 26.9 27.9 29.4 30.1 30.4 30.1 28.8 26.5 25.8 25.4 24.3 23.4 22.4 25.8 25.6 24.9 25.6 27.6 29.5 31.3 32.9 36.2 41.6 46.9 50.1 52.1 54.3 53.2 49.9 46.6 47.5 49.1 50 50.6 51.9 52.9 53.6 54.3 55 57.4 60.4
3 3.3 3.4 3.9 4.2 4.5 4.8 5 4.9 5 5.2 5.2 5.2 5.3 5.2 5 5.1 5.5 5.8 6.1 6.2 6.4 6.8 7.5 11.3 23 27.4 28.2 29.8 31.6 33.1 34.8 34.1 33.4 32.7 31.9 31.8 31.9 33.1 33.6 32.3 30.9 29.6 28.6 27.6 28.3 29.2 29.8 30.3 30.9 29.6 29.5 27 26.7 25.8 24.4 22.7 22.7 24 28.1 25.6 27.3 29.2 30.9 31.9 35 39.7 44.2 47.3 49.5 50 48 46.1 48.2 51.3 53.8 55.7 55.9 57.6 57.3 59.3 61 61.1 61.7 63
2.6 2.4 3.1 3 2.8 3.2 3.8 3.7 3.9 4.5 4.7 4.7 4.6 4.9 5.1 4.9 5.2 5.5 5.9 6.1 6.5 6.9 7.1 7.6 9.6 19.8 25.8 29.7 32 32.2 32.9 33.5 32.8 32.7 32.1 31.8 31.5 32.2 33.7 34.3 33.3 31.3 30.3 29.6 28.8 29 29.5 30 31 31.1 29.9 30.7 28.8 27.5 26.2 25.8 24 23.3 25 26.7 29.3 28.8 29.1 30.6 32.4 34.7 39.1 43 45.8 48 48.3 48.6 47.4 52.8 57 59.5 61.1 62.7 63.1 63.4 64.5 65.8 66.2 67.7 68.6
-2.2 2.6 2.4 2.5 2.8 3.8 3.9 3.8 3.7 3.7 4 4.1 4.2 4.5 4.8 4.8 5.2 5.4 5.4 5.9 6.1 6.9 6.8 6.6 7.6 10.2 18.3 23.8 25.4 28.1 31.3 31.6 31.9 31.9 31.6 31.5 31.2 30.9 32.8 33.5 32.6 32.3 30.8 31.7 32.4 30.9 31.3 31.4 31.7 31.9 31.6 31.2 31 30.1 27.9 27 24.5 24.6 26.4 29 30.3 31.6 31.7 30.6 32 33.6 37.1 39.6 43.3 45.4 45.1 45 50 56 62.6 65.9 67.5 70 70.7 71.6 70.8 71.3 72.9 74 72.7
-2.2 -2.2 -2.2 -2.2 4.1 4.7 3.8 3.5 3.1 3.6 4.2 3.5 3.8 4.1 4.4 4.8 5.1 5.3 5.4 5.5 6.6 6.4 6.2 6.7 6.7 8.3 8.6 9.6 12.5 19.2 25.6 28.9 29.6 30.9 31.4 31.3 31 31.2 33.1 35 36 36.3 36.3 35.7 35.7 33.1 33.8 34.9 33.3 32.7 32.2 31.7 32.6 33.2 32.5 30.7 27 28.5 29.6 32.5 33.5 32.7 33.5 31.9 32.1 33.7 35.3 36.4 38.3 40.4 43.3 47.5 52.8 59.1 66.7 73.1 76.6 78.9 80.2 79 77.6 78.1 80.7 83.1 81
5.1 5.8 4.6 -2.2 -2.2 4.1 2.8 2.6 2.9 3.5 4.1 4.3 3.4 3.7 4.1 4.5 4.9 5.3 5.6 6 5.9 5.7 5.9 6.7 7.1 7 7 7.4 7.9 9.4 13 18.6 23.2 26.6 30.1 30.7 31.7 32.4 34.7 40 42.2 42.7 41.7 41.3 40.1 37.6 37.9 39.3 37.4 35.4 33.8 32.5 32.6 32.5 33 32.9 28.8 31.3 31.3 32.4 33.4 33.4 33.7 34.2 32.9 33.6 34.1 35.6 37.7 42.2 45.2 48 54.5 60.9 66.6 73.7 80.3 85.9 89.2 88.3 88 86.8 89.2 88.3 88.9
4.3 5.1 6.3 -2.2 -2.2 3.6 2.3 2.3 2.6 2.7 2.9 3.1 3.1 3.4 3.8 4.2 4.6 5 5.4 5.7 5.7 5.4 5.5 6.2 6.3 6.6 7 7.4 7.1 7.6 9.5 13 17.8 22.8 28 29.3 31.5 33.8 37.8 45 48.6 49.5 48.1 47 45.6 44.6 43.9 43.6 41.4 39.2 36.6 33.9 33 32.5 32.4 30.5 29.3 28.9 30.6 30.6 31.5 31.9 33.3 34 34.8 34.6 35.3 36.1 39 42.8 45.8 47 52.3 58.2 63.9 69.8 74.3 79.1 85.3 89.9 92.1 92.4 92.6 91.9 92.3
3.2 -2.2 -2.2 -2.2 3.2 2.5 2.5 2.4 2.6 2.9 3.1 3.3 3.4 3.3 3.5 3.9 4.3 4.7 5.1 5.4 5.3 5.2 5.4 5.7 6.2 6.6 7 7.2 6.8 6.9 8.5 10 13.4 18.2 26 28.1 30.3 32.5 38.1 45.3 51.9 57.4 57.9 56.1 53.5 51.4 52.5 50.4 47.6 44.6 41 38.6 36.7 35.3 33.8 32.5 31.7 27.6 30.1 31.7 32.3 32 32.8 32.3 34 34.6 35.9 36.8 40.6 44.6 46.2 46.2 48.2 53.8 59.6 64.7 68.6 73.4 78.3 82.6 86 87.6 88.4 89.6 90.2
-2.2 -2.2 2.7 3.4 3.3 2.7 2.5 2.4 2.4 2.9 3.4 3.6 3.6 3.5 3.5 3.6 4 4.4 4.8 5 5 4.9 5.1 5.4 6.1 6.6 7 6.9 6.5 6.3 7.3 8.6 9.6 11.9 23.5 26.9 28.9 31.2 36.2 42.2 47.7 54.3 57.8 62.5 60.7 55 54.1 53.5 50.4 46 44.7 42.7 40.5 40.5 38.6 35.9 33.8 32.8 32.5 33.5 32.9 32.5 32.9 32.3 34.6 34.6 35.9 37.4 40.6 43.2 43.6 45.2 48 50 54.8 59.2 64.6 68.8 73.6 76.6 79.7 82.2 83.6 83.9 85.5
-2.2 2.3 2.4 2.9 2.7 2.3 2.3 2.7 2.5 2.6 3.2 3.7 3.8 3.7 3.7 3.7 3.7 4.1 4.5 4.6 4.6 4.9 5.7 6.1 6 6.6 6.9 6.6 6.6 6.5 6.5 6.7 8 9.1 14.6 25.7 27.5 30.2 32.9 38 43.5 47.8 51.5 54.5 56.7 54.3 49.9 48.8 46.3 43.5 43.4 43 41.8 40.7 39.5 37.3 35.7 35.5 34.6 34.3 33.5 33.2 33.3 32.6 33.2 33.8 35.6 37.5 41.1 44.2 44.9 47.8 48.4 49.7 51.5 53.4 58.9 63.9 68.5 72.4 75.3 78.1 80.4 81.1 82.1
2.1 2.1 2.1 2.4 2.1 2.2 2.3 2.8 3.1 2.8 3.4 3.4 3.5 3.6 3.8 3.9 3.9 3.9 4.2 4.3 4.8 5.4 6.8 7 7 6.7 6.9 6.8 6.8 6.7 6.6 6.7 6.8 7.6 9.6 18.6 26 28.7 31 34.6 38.2 42 45.2 48.2 49.8 49.9 47.7 46.8 43.6 40.5 40.1 38.9 38.3 37.5 37.2 36.7 36 36.2 36 34.9 34.5 33.8 33.1 33.3 33.1 34.2 35.1 37 40.3 43.1 43.6 45 47.3 49.3 50.5 51.9 54.4 57.7 62 66 70.3 73.8 76.9 78.7 81
2.3 2.2 2 1.9 2 2.2 2.3 2.9 3.2 3.2 3.2 3.1 3.2 3.3 3.5 3.6 3.7 3.8 4 4.5 5 5.5 6 6.5 6.2 6.4 6.8 6.8 6.9 6.9 6.8 6.9 6.8 7.4 9.2 10.9 19.7 26.1 29 32.3 35.6 40.4 44.2 47.9 49.7 49.4 48.2 44.9 42.3 39.2 36.2 35.5 35.4 35.2 35.1 35 35.5 33.2 32.3 34.2 34.2 33.5 32.9 32.5 33.7 33.9 34.9 36.3 37.6 39.4 41.4 42.4 44.5 46.7 48.1 50.4 52.8 55.5 58.3 63.2 67.2 70.9 73.6 76.8 79.2
2.3 2.1 2 2.2 2.1 2.1 2.3 3 3.2 2.8 2.9 2.8 2.9 3 3.2 3.3 3.4 3.8 4 4.3 4.7 5.2 5.6 5.7 5.9 6.3 6.7 6.7 6.8 6.9 6.9 6.9 6.3 6.9 8 8.5 11.5 15.9 24.6 29.4 35.4 43.3 47.8 51.1 52.5 52 50.1 46.5 43.1 39.7 36.5 34.8 34.8 34.5 34.7 34.9 34.3 34.9 29.6 34.7 34.1 33.1 32.6 32.3 33.9 33.1 34.2 36.1 37.6 38.7 40.1 40.7 44.9 48.3 48.7 49.7 52.4 56.3 60.4 64.6 67.9 70 73.1 76 79.1
2.2 2.2 2.4 2.6 2.6 2.4 2.8 3 3.2 2.3 2.5 2.6 2.6 2.7 2.9 3.2 3.6 3.8 4 4.2 4.5 5 5.1 5.3 5.7 6.2 6.6 6.7 6.7 6.8 6.6 6.7 6.3 7 7.2 7.1 10.4 10.8 11.6 17.3 26.5 35.9 42.1 47.1 53.4 54 52 49.1 45 40.7 37.5 35.8 34.9 34.9 36.6 36.6 36 35 34.1 33.9 34.7 33 32.5 34.3 34.3 33.2 33.6 35.5 37.8 38.5 39.5 42.2 46 48 50.2 52.5 54.7 58.2 62.8 65.2 67.9 70.4 75.1 77.5 79.4
2.4 2.6 2.8 3 3 2.7 2.4 3 2.8 2.4 2.2 2.2 2.3 2.5 2.9 3.4 3.7 3.8 3.9 4.2 4.5 4.8 5.9 5.3 5.6 6 6.5 6.6 6.6 6 6.1 6.2 6.4 6.2 6.6 6.8 7.4 7.7 7.8 8.8 13.3 22.6 31.4 37.7 44.8 51.8 53.9 51.9 48.1 43.7 39.6 37.2 36.5 35.6 35.6 36.1 36.3 36.6 35 29.2 36.2 35.2 35.2 32.4 34.2 34.3 34.5 34.7 37.5 39.2 40.2 42.4 44.8 46.5 48.6 50.7 53.8 58 61.4 64.3 67.8 71.6 75.5 77.2 80.1
