UK/data/nj/nj41_OST50GRID_20230518/NJ41.asc
ncols 200
nrows 200
xllcorner 340000
yllcorner 810000
cellsize 50
[rows 35 to 69 of 200, columns 0 to 77 of 200]
479 482.6 484.8 485.7 484.4 479.7 471.5 461 448.3 433.5 417.7 401.6 387.2 373 360.8 371.4 383.2 396.2 404.9 413.3 422.7 429 429.9 425 417.5 408.2 398.7 411 425.4 439 451.9 465.4 481.2 495.7 504.7 506.5 503.1 499.1 490.5 479.8 466.5 452.3 440.2 429.4 421.5 414.9 409.8 404.6 399.6 393.5 387.2 398.8 406.6 413.9 420.4 426.3 433.2 440.1 446.9 451.2 458.7 464.6 470.4 476.3 482.7 488.2 493.8 499.1 498.3 494.4 488.8 480.9 471 462.6 454.4 446.5 439 432.1
463.7 467.2 470 471.4 471.7 469.1 463.6 455.4 445 432.9 419.6 405.9 390.7 377 364.1 357.3 373.5 387.8 397.9 406.3 412.4 418.2 420.2 415.5 405.8 392.1 399.1 413.7 427 440.5 454.2 468 484.2 498.7 507.3 510.5 506.5 501 491.5 480.8 467 452.5 438.4 427.7 418.8 410.2 404.6 400 397 391.4 383.4 397.3 404.9 411.9 418.9 427 434.1 440.9 446 451.7 457.6 463.4 469.1 474.9 480.6 486 491.1 496 497.4 494.4 488.8 480.8 473.3 464.9 456.9 448.9 441.6 434.9
447.8 451 453.5 456.4 457 455.1 453.3 446.8 438.6 430.1 419.1 405.9 391 377.4 365.5 353 363.6 379.1 389.4 398 403 406.6 408.6 404.4 389.7 382.7 399.9 414.1 427.6 441.5 454.7 469.4 485.6 499.9 509.3 513.9 509.9 503.1 493.8 483.5 469.6 454.8 440.2 429.4 421.8 412.9 405.8 397.9 391.9 386.5 382.7 393.8 402.3 410.7 420.2 428.1 435 440.1 445.3 450.1 454.5 460.3 466.2 471.8 477.2 482.5 487.5 491.5 493.1 492.4 486.5 480.4 473.4 467.1 459.3 451.5 444.1 436.4
432.1 435.2 437.3 439.3 441.5 441.9 440.9 437.2 431.2 423.3 415.6 405.1 391.9 376.3 364 351.8 351.7 370.4 380.3 389 395.4 398.6 399.8 390.4 377.1 380.2 397.4 412.4 427.2 441.1 454.4 469.4 485.4 500 509.6 515.8 512.3 505.2 497.7 487.4 475.1 461.2 448.5 437.1 428 418 410.6 402.1 395 389 377.7 390.1 401.3 411.4 421.2 429.4 435.9 440 445.1 449.4 453 456.6 462 467.6 473.1 478.1 482.7 485.9 487.6 486.9 484.2 478.1 472 466.4 462.3 453.3 444.4 435.6
421.5 422.9 423.5 424.8 426.1 427.1 425.8 424.2 421.6 416.6 410 401.5 390.7 377.1 361.8 350.2 347.4 360.7 370.7 380.8 387.3 391.1 390.6 379.4 367.1 378.2 394.9 410.4 425.4 440.3 453.7 467.9 483.8 498.1 507.5 513.9 512.9 507.3 500.4 491.4 481.1 468.9 456.9 446.5 436.1 425.4 416.5 407.6 398.4 389.3 380.4 385.6 400.4 412.9 422.9 431.1 436.8 440.9 444.9 448.1 451.3 454.6 459 463.5 468.6 473.2 476.8 479.4 480.7 481.2 479.8 474.8 469.4 464.8 460 454 445.9 436.3
409.2 410.2 411.1 412.1 412.5 412.6 412.3 410.7 408.3 406.3 402.1 395.9 387.6 376.6 360.7 345.8 343.3 351.8 362.8 372.8 379.9 383.6 383.3 370.4 364 376.3 392.6 407.8 423.1 438.2 452.7 466.5 481.3 495.2 503.5 508.4 509.5 506.7 502.4 495.7 486.9 476 464.6 453.6 442.9 432.4 421.8 412.1 402.3 391.4 378.1 383.5 399.6 411.9 422.8 431.6 437 440.8 443.1 446 449.3 452.1 455.2 458.2 463.2 466.9 469.7 472.1 473 473.8 473.6 470.7 465.8 461.9 457 451.4 444.9 437.1
397.6 398.5 399.9 401.6 401.9 401.9 400.7 399.1 396.7 394.5 392.6 389 383.3 374.8 363.1 349.5 339.5 343.6 355.9 366 372.1 374.7 372.7 360.1 361.5 374.6 390.5 405.7 420.8 435.9 450.5 464.1 478 488.7 498.9 501.6 502.7 502.3 500.7 496.9 490.6 480.4 469.6 458.8 447.8 437.4 427 414.9 403.5 392.2 377.7 379.4 397.4 410.3 421.4 430.9 435.9 438.1 441.2 443.9 446.9 450 452.7 454.8 457.1 459 462.4 463.5 464.1 464.8 465.7 465.1 461.8 457.8 453.5 448.3 442.8 434
389.7 389.2 390.5 391.7 392.4 390.9 390 387.8 385.6 383.8 382.2 381.5 377.9 371.7 362.9 351.4 338.1 337.3 348.9 358.2 363.6 366.1 359.9 351.3 361.3 375.1 388.3 403.8 418.8 433.2 447.4 461.2 474.6 483.8 490.8 493.7 494.2 494.2 495.2 494.5 490.5 482.5 472.4 461.4 450.3 438.5 426.1 413 402.5 390.5 376 376.2 393.9 406.7 417.9 427.1 431.9 433.8 436.9 441.7 445.2 448.4 450.5 452.4 453.1 454.9 456.6 456.6 456.1 456.6 456.3 456.2 455.8 451.8 448.1 445.7 442.7 436.4
382.2 381.4 382.1 383.4 383.9 381.8 378.9 376.3 373.3 371.7 372.1 372.3 371.3 366.3 359.8 351.1 341.2 334.2 341.2 350.2 354.9 356.9 348.3 350 362.6 376.7 389.9 403 416.1 429.8 444.1 457.8 469.5 476.9 481.8 484.5 485.2 487.1 488.8 489.5 489.5 482.6 473 461.7 450.3 437.2 423.4 409.9 397.8 386.8 373.6 372.9 389.4 401.2 411.5 419.8 425 428.5 433.1 438.3 442 444.8 449 450.7 451.1 451.4 452.1 452.3 450.8 449.3 449.3 449.1 448.5 446.6 445.2 444.9 442.6 435.2
373.7 373.5 373.6 374.5 375.3 373.8 371.4 367.4 364.9 362.9 361.8 361.5 362.1 359.8 355.7 349.9 341.7 333.4 331.2 344 349.4 349.5 340.6 350.9 364.7 378.8 390.8 403.3 415.9 428.3 439.7 451.8 463 469 471.9 473.4 474.3 476.7 480.8 484.6 484.9 479.2 470.6 460.2 448.5 434.4 419.2 404 390.7 380.6 368.9 368.6 383.6 394.4 403.2 410.8 417.1 422.8 430.4 437.5 443.6 446.6 443.6 448.7 449.1 448.3 448.1 447.8 447.1 445.4 444.4 443.9 443.4 443.6 443.8 443.1 438.3 426.6
364.7 365.1 366 366.9 367.7 367.2 364.5 361.3 359 356.7 355.6 355.7 354.4 353.7 350.7 346.4 341 333.4 327.6 337.2 341.7 342.8 338.2 356.8 369.5 380.3 390.8 402.9 413.3 424.9 434.8 443.2 451.5 459.2 460.9 461.3 462.3 466.4 471.9 477.3 477.6 473 465.2 456.4 445.2 429.2 412.3 397.2 383.9 375.3 366.1 363 375.9 386.4 393.5 398.4 409.4 421.1 431.9 439.1 445.1 447.9 447.9 436.6 446 445.3 443.7 442.8 441.8 441.2 440.3 439.9 439.5 440.3 438 436.2 432.1 425.4
357.5 357.5 359.2 359.1 360.1 360.1 357.9 355.4 353.4 351.3 350.5 349.7 349.1 348.4 346 343.2 339 333 326.6 325.6 333 331.7 342.5 359.6 370.1 380.3 390.8 401.3 411.1 419.9 428.8 436.2 444.3 448.6 449.2 449.4 451.5 456.9 462.3 467.8 469.7 466.7 460.5 452.2 440.7 425.2 407.3 390.9 378.4 372.2 365 350 367.4 374.2 385.1 399 411.4 422.7 435.3 445.1 449.8 452.6 450.3 445.6 436.1 438.6 439.1 437.6 436.6 435.7 432.8 434.9 434.2 435.3 435.6 434 429.7 422.4
362.5 355.5 351.4 352 351.8 352.8 351.9 349.7 347.7 345.7 344.3 343.5 343.6 343.2 342.6 340.1 336.8 333.3 324.6 323.8 325.4 329.2 344.2 359.7 369.7 378.8 388.4 397.9 407.2 415.1 422.2 429.2 434.3 437.7 437.8 438.5 441.6 446.9 452.8 458.5 461.4 459 455 447 435.4 420.9 401.8 384.6 374.4 368.1 361.5 347.7 358.9 374.9 389.9 403.2 416.3 428.3 440.1 449.8 454.8 456.1 453 447 441.1 430 435.4 433 431.2 421.2 418.8 423.5 422 421.1 425.2 418.6 412.5 403.4
368.1 361 354.5 347.4 345.3 346 342.7 342.9 340.9 338.3 336.4 336.7 338 339.7 339.4 337.5 335.1 332.1 328.4 321.2 322 329.2 341.8 355.7 366.4 375.9 385.4 393.4 401.3 408.7 414.7 419.5 424.3 426.9 428 429 432.2 437.4 443.4 449.1 453.2 453 448.8 440.9 429.8 413.5 394.7 379.3 368.4 363.6 356.9 342.7 357.3 377.6 394 408.6 422.4 434.4 445.4 453.8 459 458.4 454.9 448.6 442.1 435.7 428.3 428.1 422.6 416.3 424.7 417.6 420.5 425.6 424.6 427.8 419.3 423.4
375.6 367.6 361.2 351.6 350.6 351.4 346.1 340.3 335.2 331.5 329.3 327.4 328.5 335.3 336.5 334.6 332.7 329.9 326.8 319.9 319.9 328.5 343 353.5 360.4 370.4 379.1 387.4 394.5 400.3 405.1 409.8 413.9 415.6 417.3 418.5 422.2 426.4 432.8 438.7 443 444.4 441.3 433.6 423.1 406.3 388.6 374.3 364.1 355.5 350.7 338.7 361.3 381.7 397.8 412.9 427.3 439.6 450.1 458.3 462.4 458.8 455.2 449.1 441.5 433.2 428.4 424.3 418.6 420.2 424.3 425.6 428.8 431.1 432.5 434.7 434.6 432.9
381.8 374.2 369.3 359.9 361.3 361.3 355.9 349.5 340.9 342.7 338 332.3 324.3 322.7 330.2 330.7 328.7 328.4 325.6 316.6 317.2 331 343.3 351.3 356.5 362.8 370.5 378.6 386.4 390.8 395.6 400.9 404.3 405.8 406.5 408.2 412.3 416.1 421.7 428.1 432.8 434.8 433.1 427.4 416.2 399.6 383.2 371.8 361.1 350.8 339.1 345 365.4 383.9 399.7 415.9 430.5 442.5 453.7 461.8 462.8 460.6 454.4 447.6 438.9 431.2 426.2 422.9 420.5 414.8 420 423.3 428.2 431.9 435.7 438.8 441.5 442.1
388.5 380.8 374.3 366.7 363.8 362.8 356.3 350.6 348.4 347.3 342.4 336.9 332.2 326.3 319.6 323.6 325.6 325.5 323.3 317.1 314.6 333.9 342.6 348.2 353 356.8 362.2 369.1 376.6 381.9 386.8 392.1 394.8 396.1 397.3 397.5 400.9 405.2 410.8 416.9 421.9 425.5 426.6 420.6 411.3 397.2 379.6 368.9 357.7 345.7 332.1 349.1 366.4 382.5 399.6 415.1 430.5 443.6 456.3 463.7 464.2 458.7 452.7 444.7 436.2 429.3 423.8 419.8 417 412.6 415 421 428.2 434.2 440.8 445.5 449.3 450.7
395.2 386 378.7 372.7 368.6 363.8 358.7 357.7 355.8 350.7 345.3 339.2 334.2 329.9 321.8 316.4 318.6 321.4 319.6 312.9 314.3 328.6 340.5 344.3 348.6 352.4 354.4 360.7 366.3 372.3 378.5 383.4 386.8 388.8 388.1 387.5 389.4 394 399.8 404.7 409.9 415.1 418.4 415 406.6 394.8 377.4 365.6 356.4 345.6 328 347.3 364.1 380.6 396.5 412.3 427.5 441.2 454 460.5 460.9 455.3 447.3 440.7 433.3 426.4 421.2 416.7 413.9 410.5 409.7 419.6 429.1 436.9 444.9 451.8 456.4 458.9
401 392.3 384.8 378.7 373.1 367.7 370 367.3 362.4 354.9 348.1 342.3 336.7 332.2 327.4 321 313.3 313.6 316.1 310.7 310.7 331.4 338 341.6 344 347.7 349.6 352.5 357.4 363.5 369.9 375.8 379.7 381.8 380 377.5 378.7 382.7 387.6 392.6 397.7 403.5 409.6 408.1 401.8 390.7 375.2 361.9 353.1 342.6 324.4 344.3 360.8 375.9 392.9 408.7 424.3 437.8 448.3 456.1 455.6 449.7 443.8 436.1 428.7 422.3 416.9 413 410.3 405.5 405 419 429.4 438.2 446.7 454.5 461.9 465.9
408.8 399.5 391.3 383.5 377 374.5 378.7 374.9 367.9 360.6 353.2 347.4 341 335.6 331.5 326.6 318.3 311 309.5 309.2 313.2 327.9 333.9 337.7 339.7 341.6 343.7 345.8 349.3 354.5 360.8 367.1 371.8 373.6 372 368.3 368.7 369.9 375 381.4 387.8 394.3 399.2 400.4 395.2 385.6 371 358.1 348.7 338.5 319.9 339.4 355 371.8 387.2 403.4 419.3 434.5 445.3 451.2 450.7 445.1 438.7 431.5 424.1 416.6 411.4 407.3 403 397.7 403.9 417.4 428 437.7 446.9 454.7 462.3 469.3
417 404.3 397 388.2 380.7 385.9 386.7 379.8 372 364.6 356.3 351.3 345.3 339 334.5 328.3 321.6 314.5 308.1 307.1 311 321.6 328.1 332 334.6 335.7 337.3 339.6 342.2 345.7 351.1 357.4 364.2 365.9 364.4 360.3 358.5 360.4 364.2 369.5 376.2 383.4 389.1 389.5 387 377.6 364.8 352.2 342.2 332.6 316.8 330.8 348.6 365.9 381.2 397 413.5 429 439.4 444.9 444.2 439.1 432.9 424.5 416.1 409.8 405.3 400.7 394.7 390.7 405.9 416.1 425.8 435.2 444.6 452.2 460.4 468.4
422.4 411.4 399.9 389.6 384.1 393.6 392.6 382.8 374.9 366.1 359 353.4 347.7 341.4 335.1 328.9 322.7 316.3 310.4 305.2 305.8 312.8 319.3 324.5 327.4 329.6 330.8 333.3 335 338.5 342.6 347.5 353.9 357.2 356.7 353.7 344.8 350 352.7 358.1 364.9 371.9 377 378.5 376 369.4 357.2 345.2 336.4 327 313.5 322.1 342.5 360.5 375.6 392.4 407.7 421.4 431.7 436.7 436.5 431.9 425.8 417.5 408.7 402.8 397.5 391.4 382.3 393.2 405.6 415.1 423.9 432.1 440.6 449.4 457.7 465.1
424.1 414.5 400.3 390.2 389.5 394.9 390.3 382.8 375.9 367.2 361 354.6 347.9 341 335.3 327.5 320.7 315 310.2 306.5 303.2 304.3 310.9 315.6 316.7 322.6 324.2 326.3 328.1 331.3 334.8 338.3 343.4 346.1 347.3 345.9 340.4 336.6 341.8 346.5 352.9 359.5 363.4 365.8 364.7 360.7 351.7 340.2 332 323.1 312.3 315 336.2 355.3 370.1 385.1 401.2 413.5 422.7 427.4 427 422.5 417.1 409.2 399.2 391.6 386.7 382.8 374.9 390.9 402.9 413.5 422.6 430.6 438.9 447.9 455 461.8
424.5 417.1 403 395.2 393.8 392.6 388.3 382 375.4 367.7 360.8 354.1 347 340.8 335.5 328.9 323.1 317.4 312.5 308.7 303.8 302 300.8 306 310.6 314.1 315.9 317.8 319 324.6 329 330.6 333.6 334.9 335.7 334.7 331.4 324 330.6 336.7 341.8 346.2 349.9 352.3 352.1 350.1 344.1 336.3 328.7 322.2 306.1 315.1 331.5 348 364.3 378.8 391.8 404.7 413.1 417 416.8 412.5 403.7 394.6 387.5 381.5 377.3 374 374 389.5 403.5 413.4 422.7 430.5 438 447.1 454 459.9
422.8 416.8 408.4 400.5 397 393 388.2 381.6 376.5 369.3 363.6 355.7 349.6 345.3 341.1 335.6 330.1 324.3 319.1 315.1 310.4 300.9 300.1 298.5 301.1 305 307.4 308.8 310.3 313.6 317.1 321 323.8 326.1 325.7 324.3 320.3 314.9 319.3 324.2 329.1 333.6 336.5 339.2 339.4 338.3 334.8 330.2 325 319.3 303.1 312.9 328.4 342.2 356.8 372.3 385 395.7 403.9 406.5 405.5 397.6 388.9 382.7 377.8 372.6 368.9 365 381.9 396.2 408 417.4 426 433.5 439.9 447.1 454.2 459.2
417.4 414.3 410.1 403.1 400.1 395.8 389.8 383.4 378.2 372 366.7 360 355.5 351 345.8 340.9 336.7 331 326.8 322.4 317.4 310.8 304.4 298.4 297.5 296.6 298.1 300.9 302.1 303.7 306.2 309 312.5 314.4 314.7 315.1 311.7 307.7 309.8 312.1 315.6 319.4 322.6 325.9 328.5 328.4 326.2 323.6 319.9 315.8 301.6 307.4 322.9 336.9 349.2 363.8 378.3 388.2 395 397 392.1 383.6 378 373.9 367.5 361.9 359.3 374.4 388 401.1 412.5 422 431.4 437.4 443.9 449 454.8 459.6
413 413 410.2 406.6 403.8 400.5 394.2 387.2 381.2 375.3 369.9 365.5 361.3 356.8 352.4 347.1 343.6 340.8 336.1 330.4 325 320.1 317.2 312.5 304.8 296.7 294.9 293.7 292.3 292.2 293.1 292.7 298.8 302.1 304.1 304.6 303.9 301 303.5 306.5 308.6 310.8 313.2 315.3 317.8 319 319 317.8 314.9 312 303.9 300.7 317.4 330.8 344.2 360 371.7 380.7 385.7 385.3 379.5 373.7 368.8 363.4 355.7 358.5 369.4 381.6 394.8 406.6 417.6 428.4 437.5 442.7 448.8 452.6 455.8 459.9
407.7 410 408.8 409.7 410.6 408.9 401.5 394.3 386.8 379.6 374.5 370.8 366.6 363.6 359.8 356.2 353 350.9 349.3 343 336 332.4 327.7 321.2 313.9 307.3 301.7 297.3 296.3 291.8 290.2 289.4 287.3 286.9 288.9 294.1 296.3 294.2 297.8 301.4 302.7 303 305.4 307.8 309.4 311.9 312.9 311.9 311.1 308.7 305.6 294.5 312.6 325.9 341.2 354.8 364.4 371.6 375.1 373.4 367.9 363.6 358.4 352.1 348.4 366.3 378.6 390.5 402.4 412.9 423.4 434.8 444 448.9 452.6 456.1 456.5 460
399.1 402.6 408.3 412.2 417.1 416 409.6 404.3 396.2 385.1 380.4 376.1 372.8 370.6 368.7 366.4 364 362.5 360.2 351.7 346.1 341.9 337.3 330.3 323.6 317.4 310.8 304.9 300.5 296.9 292.9 291.3 289.4 287 285.8 285.5 284.7 288 291.3 294.4 295.4 296.1 298.4 301.1 303.1 304.9 306.1 305.8 305.2 305.1 301.9 291.4 309.4 325.3 336.8 347.2 356.3 361.5 361.5 357 356.3 353.1 348 338.3 355 372.3 386.9 399.8 411.3 419.8 429.2 441 449 453 454.7 456.2 456.8 455.8
389.8 396.1 403.4 410.5 415.8 416 413 410.2 404.9 396.5 387.5 382.8 380.2 378.1 376.7 374.7 373.2 371.3 366.5 360.6 354.9 349.7 343.4 337.1 331.1 324.7 319.2 311.4 306.8 302.9 299.5 295.8 293.6 290.8 288 285.1 283.6 283.3 284.7 286.1 287.4 289 291.7 294 296.1 298.5 298.9 301.1 301.4 301.7 297.7 287.1 305.9 319.8 332.1 340.1 347 346 343.6 343.5 343 339.7 335.5 341 362 379.3 395.7 409.1 419.9 428.1 437.4 447.1 452.7 457.1 456.8 457.1 454.8 452.3
382.3 391.4 398.9 405.4 411.2 414.9 413.7 415 412.3 407.6 399.2 391.4 387.6 385.9 384.3 382.9 382.2 376.8 371.8 368.4 362 354.5 348.3 343.2 337.3 330 323.3 316.6 309.6 308.3 304.4 300.4 297.8 294.8 291.7 287.3 282.9 282 281.4 280.7 280.9 278.6 284.4 287.7 289.6 292.1 293.2 294.4 297.1 297.2 291.3 285 301.7 314.9 326.3 332.1 333.5 332.5 332.3 331.2 328.3 324.6 333.4 351.8 371.4 388.1 404.4 418.5 430.5 440 449.9 455.4 459.6 461.3 460.9 458.6 455.8 452.5
376.9 386.1 393.8 399.5 405.3 410.9 415.1 417.8 417.3 414.5 410.6 402.4 395.3 393 391.2 390 388 383.5 379.3 372.9 367.6 360.4 354.6 347.3 341 333.8 326 320.6 317.4 312.9 309.8 305.7 301.1 297.9 294.7 290.6 288.4 285.6 280.3 280.2 279.2 277.9 277.5 277.4 283.2 285.4 286.7 289.4 291.3 294.9 286.1 282.4 297.6 307.5 316.7 322.1 323.1 322 320.7 316.4 317.7 332.4 348.4 364.7 382.1 398.1 413.2 427.9 440.4 450.6 458.6 463.8 465.9 467.2 465.8 463.1 459.1 453.4
372.2 380.9 388.3 394 402 409.1 416.4 421.7 423.9 423.2 421.7 416 404.5 399.8 398.4 396.5 392.9 390.3 387.5 378.7 372.8 365.8 360.4 348.9 343.6 336.6 331.2 327 321.7 317.1 313.9 310.2 305.2 302 299.6 296 292.5 289.7 286.2 280.5 280.1 277.6 277.9 275.7 275.3 277 279.7 282.7 285.1 287.4 283.2 280.8 294.8 302.1 307.9 312.5 309 308 305.8 316.7 331.4 345.8 361.3 377.2 392 405.8 421.5 437.3 451.7 460.4 466.6 471 472.8 472.7 470.5 467.3 462.4 455.3
366.9 374.3 382.6 390.7 400.9 410.4 420.7 430.4 435.4 438.1 437.8 432.3 421.6 412.5 405.5 401.4 397.8 394.9 390.6 384.4 377.9 370.6 363.2 355.2 348.8 343 337.3 332.6 327.8 323.7 320.4 315.3 311.1 307.9 303.8 299.9 296.6 294.2 289.9 286.8 284.4 283.9 282.8 276.9 275.7 274.2 273.8 274.4 276.8 279.3 277.3 276.8 291.4 297.9 302.7 301.7 296.5 299 313.1 328.7 342.8 356.4 371.4 386.8 401.5 417.4 432.3 448.2 460.7 468.6 473.4 476.1 478.4 477.6 474.5 469.8 464.6 457.1
362.8 370.2 377.9 389 399.6 410 424 437.5 447.5 452.2 452.8 447.2 436.7 425.5 414.2 407.3 402.1 397.5 392.9 388.1 381.6 376 367.9 362.1 357.5 352.1 346.6 340.2 335 331.1 326.7 321.4 318.2 313.5 308.7 304.9 302 297.4 293.2 290.4 288.7 289.2 287.6 284.2 279.1 274.3 273.3 271.8 271.6 272.1 273.1 274.4 286.6 291.1 286.7 288.1 298.7 312.9 326.1 341.3 355 368.7 382.2 397.6 413.4 430 442.9 457.4 467 474.9 478 480.7 483 481 476.8 471 466.1 459.3
