UK/data/sn/sn70_OST50GRID_20230518/SN70.asc
ncols 200
nrows 200
xllcorner 270000
yllcorner 200000
cellsize 50
[rows 35 to 69 of 200, columns 80 to 159 of 200]
133.5 132.8 132 131.1 131.8 135.8 138.9 144.4 149.6 155.3 160.5 166.4 171.9 178.8 186.9 194.8 202.9 211.6 219.6 227.3 236.5 246.8 262.9 270.7 276.1 284.5 296.8 308.5 307.2 301.7 291.4 288.6 272.2 257.8 241.1 230 216.5 209.6 203.5 195.1 188.5 171.2 145.1 125.2 109.2 94.2 67 59.6 56.2 56.7 57.8 57 52.4 52.4 55.9 56.9 56.8 57.7 58.4 67 75 81.1 83.2 90.1 96.7 107.5 120.3 141.9 159.2 170.7 183.5 192.3 200.7 207.8 217.8 227.2 235.9 242.9 246.9 251.9
132 131.5 130.7 130.9 131.5 136.1 141 146.6 152.4 158.1 162.1 169.6 177.4 184.9 193.2 201.9 210.1 218.8 226.8 237.2 252.8 262.8 268.9 275.3 290.8 302.3 319.3 331.7 311.9 294.3 286.7 279.6 265.4 246.8 236.5 219.4 210.4 194.9 196.3 189.2 178.2 154.5 131.3 109.6 98.1 82.7 62.3 59.9 59.2 57.9 57.2 52.4 57.5 55.6 55.4 56.2 56.3 57.1 58 67.3 75.5 81 96 109 116.9 129.8 148.9 170 188.2 200.4 210.2 216.2 223.4 233.7 244.7 254.5 262 265.9 267.1 268.3
131.3 130.4 129.4 129.9 132.9 137 142 148 154.8 160.7 169.1 178 187.2 194 201.4 210.9 219.9 230.5 240.5 248.8 256.8 273.6 281.7 293.5 306.8 327.3 337.3 329.3 310.3 286.1 282.6 264.8 247.3 244.3 227.9 212 189.5 187.2 188.7 178.8 154.3 138.8 111.5 100.6 87.4 71.5 60.7 59.8 59.8 58.6 53 59.2 54.3 55.9 56.6 56.6 56.5 57.1 57.7 71.5 77.5 94.9 108.4 125.3 139.2 152.4 161.8 191.3 212.9 226.1 234.9 231.8 235.2 253.9 262.4 272 282.6 288.5 290.9 289.5
130.7 130.2 129.5 131.2 133.7 138.8 147.2 154.4 159.5 166.5 175.8 187.3 196.6 203.4 212.1 222.7 233.8 245.5 250.1 257.9 273.3 286 299.5 315.9 329.2 330.7 330.1 324.1 301.1 281.1 264.6 246.9 240.8 231.9 217.4 207.4 184.8 188 188.4 155.4 143.3 118.4 100.6 92 78.7 66.5 61.5 60.2 60.4 52.4 58.3 59.3 54.7 56.1 56.4 56.6 56.7 56.8 56.6 71.1 83.4 102.9 122.4 142.2 152 157.6 171 199 231.9 258.2 263.8 255 259.3 270 279.8 293.2 301 307.3 301.6 296.7
129.9 129.4 130 131.8 135.7 142.8 151.2 158.8 164.4 175 186.6 195 204.3 216.7 224.2 233.4 241.5 249.5 262.8 276.5 294.3 310.7 321.3 326.1 327.6 325.1 323.7 315.9 284 256.1 249.4 247.2 232.5 223.7 208.6 201.3 181.6 183 174.5 143.9 123.9 99.6 95.9 86.2 73.3 65.9 63.4 61.5 52.4 58.7 59.2 58.8 55.1 56 55.9 55.8 56.3 55.9 63.3 77.4 104.3 118.7 129.9 145 155.9 167.7 184 216.1 238.9 279.8 281.7 278.5 280.1 287.1 296.7 304.4 313.4 314.9 315.2 309.6
129 129.4 131 133.6 143.4 149.8 158.9 167 176.7 186.9 196.6 211.6 217.9 224.4 229.2 239.6 255.5 269.4 283.2 302.4 317.5 327.7 328.7 327.2 325.6 320.5 315.7 306.6 278 252.8 249.3 237.1 228.9 215.4 201 191.8 184 178.2 157.9 129.7 102.7 96.5 90.1 75.5 70.4 65.2 62.9 52.3 57 60.6 58.7 58 55 55.5 55.4 55.4 57.3 65.2 74.2 89.3 115.1 128.1 154.6 180 198.5 208.8 208.1 231 271 290.9 291.7 291.3 295.3 306.1 313.1 326.6 330.1 322.1 316.2 311.2
129.1 129.9 132.6 140 147.3 160.3 173.2 181.6 190.5 199.8 212.4 216.5 223.9 234.4 247.9 261.7 277.6 296.3 311.9 319.2 329.9 336.6 332.8 323.9 322.1 317 307.8 299 271.3 244.6 243 234 222.7 205.6 190.8 182.6 177.8 166.1 140.6 116.2 94.7 90.8 78.6 72.2 69.4 64.8 55.9 55.4 57.6 58.2 58 57.7 55 55.1 54.9 54.8 65.5 75.7 90 105.8 124.8 153.7 179.6 205.4 237.3 260.7 242.7 264.6 300.4 301 302.7 306.3 311.6 323.6 333.3 335.5 332.8 323.1 314.4 316.4
128.5 130.6 137.9 144.4 156.9 172.3 184.4 196.3 206.4 216.9 227.4 240.1 249.9 259.8 271.7 285.6 305.4 321.6 317.3 321.3 329.9 333.2 332.3 327.4 320.2 311.3 302.4 292.5 263.4 234.4 236.2 224.7 211.7 196.4 184 174.6 167.2 151.4 127.3 104 91.4 85.1 72.2 69.3 66.6 62.8 51.3 56.4 60.5 57.2 57.3 56.3 54.6 54.7 54.9 62.4 73.5 87 101.5 114 150.2 174.3 201.9 235.7 259.9 263.5 276.8 297.1 305.2 309 314.5 316.1 325.7 334.1 339.5 340.4 339.1 329.7 317.2 316.8
126.4 132.3 140.5 149.3 164.5 179.3 201.1 216.2 224 236.8 252.4 263.3 268.6 273.8 285.3 305.9 315.4 313.5 312.2 316.2 323.9 327.7 329.8 325.1 319 307.5 297.9 282.8 259.5 227.9 225.8 224.6 200.6 188.4 176.3 166.1 153 137.2 120.5 95.2 85.2 75.4 68.9 66.7 61.1 54.1 48.8 55.5 56.3 56.3 56.4 54.4 54.1 54.6 55.3 71.1 85.3 101.1 115.5 142.9 167.6 195 225.6 255.9 261.5 268.3 281.8 300.7 306.4 313.2 317.4 320.9 330.3 338 342.9 343 339.9 334.2 319.5 309.1
129.5 132.6 139.2 155.7 171.5 192.9 215.1 222.8 237.8 251.5 260.2 266.7 271.8 277.8 296.1 308.7 311.9 309.9 308 308.8 318.7 323.4 325 322.8 317 307.5 293.8 274.7 252.9 219.2 218.7 208.7 192.4 181.7 169.3 152.5 135.8 123.1 107 84.8 75.4 69.5 66.3 64.3 52.7 53.8 58.6 55.3 56.3 56.1 56.5 53.1 53.3 53.8 65 83.9 107.4 129.9 147.6 160.6 186.1 215.9 242.8 255.4 263.6 274.1 285.1 299.9 308.1 316.8 321.7 325.1 331.4 340.9 348.4 343.1 342.5 339.4 323 310.8
129.9 133.3 141.3 159.8 185.1 205.9 213.3 227.9 242.7 252.8 261 268.7 273.1 284.3 302.2 306.6 308.9 309 304.8 305.9 314.4 316.8 318.8 318.4 314.6 307.1 293.5 269.9 247.9 216.7 209.2 202.9 187 173.3 159.5 139.5 124.4 111.4 92.3 76.6 72.3 64.8 63.1 54.7 53.4 54 60.2 51.6 55.3 56.1 56.1 52.7 52.9 58.3 78 94.8 126.9 142.9 157 173 200.8 232.1 246.2 258.5 266.3 276.2 285.1 302.8 317 321.3 325.2 327 334.7 349.5 347 342.8 341.9 338.9 325.9 308.8
130.9 135.6 144.9 165.1 193.1 201.1 204.8 221.4 242 251.1 262.1 270.7 276.5 291.6 300.1 303.8 305.7 305.8 304.2 306.9 313.9 315.9 313 312.6 311 303.7 288.7 260.4 238.9 213.8 203.6 191.9 177.8 163.6 145.6 124.3 112.9 98.1 83.6 70.3 64.4 61.9 53.1 51.7 52.3 53.2 56.6 47.5 56.5 55.8 54.3 52.1 57 76.2 100.1 121.1 133.8 155.2 172 195.3 225.8 243 251.9 263.3 269.4 276.5 295.4 313.8 325.6 326.5 329 331 340.5 347.9 345.7 342.6 339.4 334.3 323.7 312.6
133.1 140.2 149.5 171.1 192.5 191.3 197.6 212.9 238.9 249.6 263.8 273.3 281.5 291.9 297.7 301.6 302.1 302.3 302.6 307.4 311.6 313.3 312.9 311 305.9 298.2 276.1 246.3 228.1 208.3 195.7 183.2 166.5 153.2 129.7 113 99.1 85.6 77.2 68.1 61.6 56.1 51.9 51 50.9 50.9 58.7 47.5 57.6 55.5 51.6 57 75.3 97.1 121.8 139.3 152.5 164.3 192.8 223.7 238.9 249.3 261.7 267.7 271.1 288.1 305.8 315.1 328.7 331.3 331.8 335.3 339.2 343.2 343.1 340.5 335.7 330.7 322.1 313.8
137 145.7 157.5 172.4 180.3 185 193.4 211.8 240 248.9 262 273 282.8 290.4 295.1 298.4 299.3 300.7 302.3 306.4 308.5 309.5 311.2 305.4 300 284.7 256.3 234.8 218.3 196.9 176.9 169.9 159.1 138.3 118.5 102.1 86.7 76.4 68.5 62.1 56.3 51.7 51.2 50.6 50.7 50.8 60.5 46.9 56.2 55.6 56.1 73.3 94.4 115.3 138.2 159.6 174.8 192.3 207 234.7 242.9 258.6 266.3 270.3 273.4 295.4 309.2 321.4 332 333 333.3 334.3 336.6 339.1 340.2 336.9 332.8 327.6 320.1 312.6
142.3 148.8 157.8 167.2 171.4 179.6 188.7 209.7 238.6 245.3 257.8 270.7 281.4 287.3 291.3 295.2 297.8 299.3 302.3 306.4 305.7 305.5 304.8 301.4 285.3 260.7 239.4 222.5 209.8 183 171.2 167.3 146.2 125 106.3 90.4 77.2 68.5 61.9 56.3 51.2 51.2 50.7 50.6 50.7 50.9 57.6 46.6 56.7 57.6 73.3 92.2 113.6 133.4 158 179.7 205.5 218.8 232.6 240.2 252.7 263.7 268 270.6 275.7 301.7 313.6 329 331.6 334.4 335.4 334.8 335.9 339 339.3 335.7 331.4 325.8 318.4 312.6
145.3 149.2 157.9 163 169.1 176.9 185.4 203.1 225.7 239.7 254.6 267.1 276.4 282.2 288.9 294.3 296.4 298.3 300.6 303.6 301.7 299.6 299.8 288 263.5 241.3 224.1 215.1 201.9 176.6 162.3 152.4 132 112 96.1 80.5 68.2 62.2 55.7 50.8 50.7 50.9 50.5 50.5 50.8 51.7 50.4 54.4 60.7 76.5 93.6 112.7 129.3 151.2 177.6 208.8 225 231.5 248.4 257.7 257.5 262.6 266.7 271.8 280.7 301.6 320.3 327.1 331 333.7 335.5 336.2 339.3 340.5 341.3 338.6 332.8 324.7 316.6 310.3
149 153.5 157.9 162.8 169.3 176.3 184.7 196.9 210 228.1 249.6 263.2 272 280.1 286.7 290.2 293.4 295.4 297.1 298.3 295.6 292.8 284.3 263.4 241.2 224.6 214.3 202.3 186.7 165.3 150.3 135.6 118.7 98.1 82.7 67.9 61.5 54.6 50.2 50.6 50.5 50.5 50.4 50.4 50.6 54.3 46.3 62.9 81.3 97.6 113.1 128.9 147.7 169.5 196.3 221.6 230.1 244.4 255.5 259.7 261.7 264.5 268.5 274.2 283.7 306.5 321.9 328 334.7 336.6 336.2 338.2 341.1 343.1 343.9 339.8 333.7 325.5 317.1 308.7
153.2 157.9 162.6 166.5 171.6 176.5 183.6 192.7 201.6 218.7 244.6 261 269.9 278.7 282.7 286.1 289.8 290.7 293.8 297.6 290.6 271.7 256.3 239 223.4 214 201.5 188.7 170.2 152.1 135.2 120 101.4 83.8 68.3 58.2 54 49.4 50.5 50.4 50.3 50.3 50.4 50.7 59.2 47.6 55.3 82.9 100.5 115.1 128.7 147.4 167.9 189.6 211.7 225 238.2 258.6 259.9 261.5 264.6 269.1 274.3 281.8 290.5 312.2 327.1 333.3 336.2 337.1 339.6 338.1 338 340.3 341.5 337 332.4 325.2 318.2 309.3
156.7 162.1 166.7 171.6 176.2 178.4 183.8 190.7 197.2 211.9 236.6 257.4 266.7 273.6 277.5 280.6 283.9 287.1 296.5 290.5 268.7 248.9 234.4 219.5 210.7 201 187.6 172.3 153.9 137.7 120.8 102.2 85.3 68.9 55.8 52 50.9 50.2 50.2 50.1 50.1 50.1 50.2 50.7 46.2 59.5 80.1 100.8 114.3 126 148 168 191.4 208.2 220.1 231.1 253.8 262.3 263.6 265.6 270.6 276.5 282.1 289.7 295.6 317.4 329.7 334.9 335.9 336.5 336.7 338.2 336.7 336.5 337.1 334.7 330 324.6 317.7 311.4
157.7 167.5 171.5 177.6 182 181.4 185.7 189.4 195.1 207.3 230 252.1 264 269.5 272.8 275.3 278.4 287.3 286.6 268.6 245.3 227.5 217.6 209.2 199.8 185.2 169.5 154.3 137.3 121.9 104.3 85.9 74.1 58.6 52.1 50.4 49.9 49.9 49.8 49.8 49.8 49.9 50.1 46.9 57.9 77.6 97 111.5 122.2 143.5 166.1 194.5 205.7 216.4 229.1 242.6 258.1 264.9 267.6 271.7 277.5 283.3 291 297.6 303.8 317.8 330.5 332.5 333.5 334.4 334.5 336.1 336.3 334.8 333.6 332.2 328.3 323.6 318.6 312.8
160.9 170.5 176 183 184.9 182.7 185.8 188.4 193.8 203.4 219.4 240 254.1 258 264.2 271.8 276.2 278 261.4 240 223 214 206.7 200.1 184.2 166.8 150.5 136.8 122.4 106.6 89.4 76.6 63.9 54.3 50.6 49.5 49.5 49.5 49.5 49.5 49.5 49.7 50.2 50.5 69.2 88.3 105.7 119.4 137.8 162.5 191.2 205.3 213.1 226.4 242.6 259.7 264.5 268.8 273.3 278.1 283.1 293.3 303.8 305.3 309.6 317.3 328.6 330 330.6 331.4 332.6 333.5 333.9 332.9 331.6 330.2 327.7 323.8 319.4 314
163.6 172.9 179.9 185.3 185.4 183.4 185.1 188.2 193.1 201 212 224.4 239.4 251 255.5 264.1 270 252 232 216.3 209.7 204.2 197.5 182.9 165.1 149.9 133.6 120.5 107 94.2 78.5 63.6 53.6 50.8 49.1 49.1 49.2 49.2 49.2 49.2 49.2 49.4 46.2 60.8 80 99.2 117 134.7 156.9 183.9 203.5 208.9 222.2 238.7 260.1 265.8 272.1 278.2 282.4 287.4 299.5 310.1 310.3 310.7 314.6 317.3 326.2 329.4 330.1 330.7 331.7 332.7 332.3 331.3 330 328.3 326.6 324.4 320.1 315.5
160.9 174.7 181.6 185.7 184.5 183.9 185.3 188.4 193.5 199.1 204 211.2 223.2 234 242 249.1 239.5 224.8 210.3 205.8 201 193.9 180.4 163.3 145 131.2 118 105.2 95.7 84.2 64.4 52.3 50 48.9 48.9 48.8 48.8 48.8 48.8 48.7 48.6 47.2 54.4 74.7 94.2 113.5 133.3 153.8 180.1 199.6 205.7 215.7 232.6 252.7 264.6 272.7 280.7 285.7 290.7 306.6 311.2 312.4 312.9 315.1 318.6 320.3 324.9 328.1 329.6 331.1 333.7 333.2 330.7 329.7 328.1 326.3 324.3 322.7 320.1 315.8
158.4 173 180.9 184.7 184.4 183.7 184.7 187.3 191.7 195.4 198 201.2 208.1 214.4 220.1 219.8 214.6 204.5 201.5 197.8 190.5 179 160.5 141.2 128 116.7 103.6 94.6 86.6 71.4 53.1 49.8 48.6 48.5 48.5 48.5 48.4 48.4 48.4 48.3 49.2 49.5 69.8 90.4 108.7 128.7 149.9 174.9 195.4 201.1 208.8 225.7 244.9 260 269 279 288.3 298.5 309.3 310.5 311 312.9 314.1 317.7 322.2 325.4 327.9 329.9 331.1 332.1 332.3 331.2 329.5 327.7 325.8 323.8 322 319.8 317.5 314.7
155.3 169.4 179.6 183.6 182.1 181.9 183.2 185.1 188 189.5 191.2 193.8 198.1 200.3 201.8 200.1 199 196.1 193.3 182.1 171.5 159 139 123.7 114.4 105 94.8 86.9 77.3 58.9 49.7 48.6 47.9 47.6 48 48 48 48.1 47.9 48.2 45.8 63.6 85 104.7 123.1 143.9 167.4 192.6 199.9 204 217.1 236.5 257.5 265.5 273.6 281.1 294.8 306.2 309.4 309.7 312.1 313.2 314.8 319.8 326.4 330.5 332.5 333 331.8 331.3 329.8 328.4 326 324.1 322.9 321.3 319 316.7 314.7 312.3
149.6 163.7 176.3 179.9 179.4 180 181.2 182.4 182.6 183.2 184.5 187.1 188.9 189.1 188.6 190 189.9 188.5 184.5 169 157.5 141 122.2 111.8 102.9 96 85.8 78.8 63.5 50.7 49.3 47.9 46.7 46.7 47.1 47.6 47.5 47.6 47.5 45.7 62.1 73.1 97.6 118.2 137.4 161.3 185.6 197.7 201.8 210.3 228.4 249.5 259.8 269.7 273.9 285.7 298.4 307.1 308.1 309.1 311.9 313.5 322.2 327.1 331.6 335 336.9 339.2 335.8 331 327.3 324.6 322.3 320.4 318.9 317.9 316 314 311.8 309.5
145.7 160.4 171.3 175.2 176.5 178.3 178.8 178.2 177 176.4 177.7 180.1 179.8 179.7 181.4 181.9 181.6 168.4 162.2 153.5 138.8 125.8 112.2 99.2 95 87.5 79.2 70.1 53.4 49.5 47.8 46.9 46.3 46.5 46.9 47 47.2 47 44.3 61.3 83.1 99 102.1 130.9 154 179.2 194.1 198.8 205.3 217.4 240 254.5 262.8 268.8 276.1 290.8 303.9 305.9 307.5 308.9 311.7 323 329.7 331.7 336.1 337.8 340.4 342 337.5 330.9 325.2 320.7 318.4 316.3 314.2 313.1 312.9 311.2 309.1 307.1
144.8 154.4 167.3 171.7 173.2 175.1 174.6 172.4 170.3 169.3 171.6 172.1 171.6 171.8 172.2 173.2 166.7 162.4 148.9 132.8 119.8 107.5 96.5 89.7 86.8 80.8 70.1 53.8 50.1 48.3 47.1 46.2 46.3 46.5 46.6 47.2 47.1 44.2 59.4 79.4 100.4 118.7 128.3 133.3 166.9 185.8 194.3 201.6 210 227.4 247.7 255.2 263.1 269 282.6 299.5 302 305 308.1 310.2 319.6 326.5 330.1 334.8 338.7 338.6 341.2 343 336.9 329 321.6 317 313.6 310.8 309.1 308 307.8 307.2 305.7 303.7
143.7 156.4 165.6 168.4 169.5 170.2 169.1 165.3 162 163.4 164.3 162.4 161 161 160.6 157 151.7 142.2 127.8 115.8 106.2 93.6 85.8 84 78.3 69.2 55.1 50.1 48.4 47.3 46.4 46.4 46.4 46.5 46.7 46.8 44.1 58.1 76.8 97 120 134.3 146.4 156.3 165.8 178.3 194.3 203.8 215.3 237.4 248.8 256.1 262.3 273.2 293.8 297.1 300.9 304.8 308.3 318.2 327.5 328.2 329.8 335.2 333.5 335.5 345 342.7 333.3 324.1 317.8 313.7 310.4 306.4 303.2 302.6 302.7 302.6 300.4 297.2
145.2 156.9 164.7 164.7 164.4 164.5 162.2 158.3 155.7 157.3 155.5 153.8 152 149.4 147 142.9 136 123.9 109.8 100.9 90.4 83.5 80.3 77.1 73.1 55.7 51.2 49.2 47.4 46.7 46.6 46.5 46.5 46.6 46.8 44 59.7 76.5 94.6 116 133.7 149.2 166.1 180.3 187.4 193.6 202.1 203.8 219.9 235.4 247.4 254.8 262.4 286.7 291.9 294.9 298.3 303.2 312.4 325.2 327.7 328.1 328.9 330.5 332 334 341.1 339.2 329.7 319 314.1 310 306.2 302 297.4 295.3 295.2 293.6 290.8 288.8
138.7 148.4 153.6 154.8 157.4 157.8 153.7 150.6 149.7 147.5 145.5 143.2 141 138.3 135.7 127.6 116.1 104.8 95 89.8 80.5 75.1 74.8 73 56.7 53.8 50.7 48.1 47.2 47 46.5 46.6 46.6 46.7 43.9 64.2 79.9 94.3 112.6 130.5 148.2 174.5 186 190.1 194.4 203.7 212.7 225 232.6 237.7 244.6 254.1 273.3 286.2 289.7 294.5 298.7 303.7 315.9 323.1 326.1 326 327.1 329.3 331.5 335.9 338.2 336.1 325.7 315.9 311 306.1 302.1 297.4 292.6 288 287 285.1 282.9 281.7
128.3 139 144.1 147.3 150.4 148.9 146.9 144.1 142.3 138.2 137.3 134.9 131.6 123.9 117.7 109.9 98.4 90.4 84.9 77.4 70.6 69.9 71.7 66.6 52.4 51.4 49.1 46.9 47.6 47 46.5 46.4 46.1 43.9 53.3 78.1 94.6 109.4 127.4 145.6 171.8 188.3 192.7 194.6 202.9 219.6 230.1 234.8 239.2 245.3 253.2 273.1 281.5 284.9 288.8 294 299.3 308 317.4 320 322.2 324.8 326.4 328.4 330.4 333.4 335.5 332.9 323.4 313.6 308.4 303.6 298.6 293.4 287.4 281.2 278.1 276.4 274.6 273.5
120.7 131.9 138.4 140.9 142.1 139.1 138.5 136.3 133 127.6 125.4 119.4 113.2 108.3 102.4 93.8 88.3 80.3 71.6 66 63.1 66.5 71.1 67.6 51.2 48.8 46.6 46.7 47.2 47 45.7 43.9 46.4 64.1 70.3 83 105.3 123.1 142.4 167.2 187 191.3 194.9 204.8 226.4 231.9 235.4 240.5 248.4 253.7 273.2 283 284.4 286.3 289.7 295.1 302.9 311 315.2 318.5 321.1 323.4 325.7 327.7 330 333.5 335 331.3 322.1 311.7 306.1 300.9 295.3 288.4 281.5 272.3 265.2 267 265.9 263.7
115.2 125.3 131.8 133.2 132.6 131.8 130.4 123.5 117 112.1 109.1 104 99 95.2 87.6 84.3 78.4 71.8 65.9 53.9 52.7 65.6 67.5 66.8 61.1 46.4 46.4 47.3 46.9 45.5 43.7 48.8 61 75.9 88 98.5 113.3 134.2 160.8 188.1 192.5 194.1 204 223.7 229.6 231.5 239.6 249.9 258.4 269.6 280.8 282.3 284.4 287.2 292.1 300.4 307.8 311.4 315.1 318.3 321.6 323.5 325.3 327.5 332.2 337.4 338.3 331 322.3 310.6 305 299.9 293.5 284.5 275.8 262.4 253.2 256.2 255.2 252.8
111.5 121.8 125.4 125.9 126.3 124.5 116.2 108 101.5 100.2 98.3 92 86.4 82.2 79.2 75 68.8 64.4 52.9 46.2 47 48.3 60 62.7 50.7 45.8 46.3 45.4 43.3 44.7 50.9 57.9 71.4 86.6 100.9 116.1 131.4 140.6 183.2 191.4 195 203.3 220.4 225.6 227.4 241 253.6 261.8 267.5 276 279.3 282.4 286 290.2 301 308.5 310.3 312.8 315.4 318.7 321.7 324 325.6 327.6 332.7 337.6 338.8 332.6 323.3 313 304.6 299.6 292.4 283.5 270.9 254.6 247 247 244.7 243.1
