UK/data/nh/nh33_OST50GRID_20230518/NH33.asc
ncols 200
nrows 200
xllcorner 230000
yllcorner 830000
cellsize 50
[rows 70 to 104 of 200, columns 79 to 157 of 200]
643.7 659.7 660.5 666 662.7 655.1 650.8 648.8 646.1 642.2 637.5 634.8 626.5 617 613.4 606.2 596.6 592.1 578.5 573.5 570.3 567.3 563.9 562.3 556 548.1 542 532.1 525.8 518.8 510.4 500.4 491.9 486.5 481.6 480.7 480.3 482.6 484.2 489.1 491.3 494.2 491.6 491.7 483.1 474.2 462.4 453.3 443 425.2 418.8 415 410.2 406.8 403.7 400.9 400.1 398.5 396.8 391.8 388.7 379.3 374.3 363.4 354.7 341.3 335.3 326.6 323.5 318.6 313.3 307.1 290.4 273 255.1 247.1 235.1 223.1 206.3
648 660.6 662.1 658.9 653.7 643 638.2 634.2 629.2 626.7 628.1 625.5 615.4 604 592.9 588.1 578.5 572.8 567.6 565.2 561 561.7 563.3 557.9 547.4 542.5 534.9 526.5 520.4 512.3 505.3 494 484.1 478.2 475.4 473.3 473 474.9 477 480.2 481.3 481.2 478.7 473.9 466.4 459.5 453.8 444 437.2 425.8 415.6 412.5 409.1 404.8 402 400.5 400.3 399.3 399.1 392.2 388.1 374.3 360.6 349 344.9 338 325.6 315.9 312.1 305.3 298 288 275.1 260.6 247.1 233.8 220.1 204.8 193.5
644.4 657 658.2 649.2 638.6 627.7 622.9 616.8 612.8 616.2 618.2 610.9 600 591.4 579.4 572.9 568 567.9 558.1 556.6 555.6 557.7 555 548.6 540.5 536 528.9 521.9 514.6 507 497.1 485.4 478.2 472.4 465.3 464.5 466.1 467 467.9 471.7 472.9 469.2 463.9 460.2 456.9 452.2 447.5 445.4 437.2 426.7 417.5 419.5 420.9 420 418.5 415 417.3 419.5 409.5 397.8 385.9 372.1 366.2 362.9 358.8 354.3 338.4 333.2 328.3 321.1 295.2 281.3 265.6 249.5 233.7 220.6 206.3 194.4 183.5
644.3 652.1 652.2 644.2 633.7 622.3 612.1 607.4 605.7 604.2 604 601.7 594.8 583.1 571.7 565 562.8 560 553.6 550.7 550.9 553.8 548.3 540.5 537.3 530.7 522.2 514.1 508 498.7 487.2 478.6 470.3 463.8 455.9 456.7 457.6 459.9 460.2 461.1 459.1 452.8 450.5 445 444.3 444.5 447.3 446.5 439.8 432 432.1 430.4 429.1 427.5 426.8 429.3 429.4 424.2 412.2 393.3 382.8 377.2 379.1 370.6 353.3 348.2 339.6 336.4 338.1 326.5 311.9 291.3 266.7 248.7 231.1 200.1 197.8 185.7 170.3
652.2 653.7 652.2 644.6 633.5 619.6 608.6 604.9 603.4 602.3 602.7 596.8 587 573.8 565.8 559.9 556.9 554.3 548.4 548.9 549.2 547.7 541.7 537.6 531.4 522.8 513.9 508.5 500.4 488.7 477.3 467.8 462.9 457.4 449.1 448.5 448.5 450.5 451 448.5 445.9 443.8 439 439.1 441.5 445.3 451.2 448.2 442 438.1 439.8 437.2 437.5 439.3 440.8 438.3 428.6 420.5 399.3 389.2 383.6 371.8 368.9 355.9 350.2 344.2 335 327.8 330.1 322.5 305.4 285.6 263.5 247.2 230.9 207.6 186.7 154.9 147.8
662.9 661 654.6 641.2 627.4 613.3 605.8 604.9 605.1 601.3 597.3 588.1 578 568 560.4 557.6 555.8 549.6 545 544.3 546.1 542.6 537.1 531.7 524.1 515.7 505.9 498.3 488.3 479 469.4 461.9 456.1 447.4 441.4 439.5 438.8 435.7 434.4 433.2 432.5 435.3 437.1 439.1 446.6 451.4 450.4 446.3 441.8 442.4 442 443 447.2 447.9 442.9 432.9 423.3 403.5 388.8 387.5 379.9 372.3 361.8 352.2 345.8 338.2 328.1 310.6 299.9 291.4 281.4 271 248.9 233 215.9 204.6 190.8 165.1 138.4
663.3 660 649.8 633.2 617.7 604.1 604.3 603.3 602.4 598.8 592.3 582.5 574.1 562.9 555.7 554.5 550.3 545.1 542.7 543.1 542.6 536.4 528.6 523.2 514.2 504.1 492.4 486.7 481.1 470.7 459.5 450.6 443.3 438.3 432.8 427.5 421.6 422 420.7 421.2 422.6 428.6 435.4 443.4 448.4 452.4 450.6 446.1 440.3 439.7 441.2 445.6 449.3 445.5 437.7 429.9 414.6 397.8 390.9 386.3 376.5 365.2 357.5 348.4 339.1 334.6 311.2 298.1 294.5 284.8 270.4 254.8 239.6 218.9 201.5 183.5 166.6 147.7 125
656.2 654.7 641.5 623.6 605.7 600.4 603.4 603 600.9 596.5 590.4 580 570.1 557.3 552.2 547.5 542.6 541.1 539.4 539.6 536.2 528.5 519.1 511.3 501 490.2 483.8 480.3 473.5 463.7 451.3 439.1 431.6 426.8 422 418.6 415.7 415 415.6 417.2 420.6 425.4 430.8 434.2 442.5 443.9 443.8 438.1 437.3 438.4 441.1 444.5 443.1 437.8 433.4 418.6 406.7 399.6 390.7 381.3 371.7 358.9 346.6 338.8 332 313.8 304.6 301.4 295.2 281.4 266.4 248.5 227.7 204.6 180.3 158.7 140 123.3 102.5
647.7 647.8 631.5 613.9 601.3 599.9 603.5 605 602 597.2 588.1 575.8 565 553.4 549.4 541.1 539.3 538.2 536.1 534.1 526.3 518.6 509.5 501.6 492.8 483.5 477.4 473.2 468.8 459 446.2 434.6 427.7 424.8 420.3 414.2 412.7 411.8 412.4 415.5 418.6 423.5 425.4 430.1 436.1 440.3 436.8 435.9 435.7 434.9 437.6 440.5 439.9 431.9 417.5 409.4 402.3 396.3 387.2 378.6 365.2 348.7 339.9 330.6 323 313.7 308.2 303.2 290.6 276.3 260.5 236.5 215.1 189.6 164.4 138.9 122.7 101.8 82.3
647.1 635.8 621 608.9 597 595.9 598 600.4 600.7 594.7 582.5 569.3 557.3 548.5 543.1 538.5 535.7 532.7 529.9 525.2 517.4 507.7 500.1 492.7 482.9 476.2 471.6 469 461.9 451.3 442.2 432.7 428.7 428.6 423.6 419.6 412.6 411 410.3 411.2 414.4 417.8 424.2 428.2 432.1 434 433 434.6 434.5 433 433.8 431.6 427.3 415 410.5 403.2 396.9 393.1 384.4 369.9 354.8 345.4 333.5 326.8 320.7 312.5 309 303.2 282.6 270.6 245.7 217.4 197.7 174.8 146.5 124.3 104.1 83.8 71
641.2 626.6 609.7 598 592.7 591.7 597.9 600.6 598.7 588.6 572.9 559.1 549 543.7 539.2 534.6 530.6 526.7 522.1 513.9 504.2 497.6 491.6 483.5 475.2 470.2 464.6 461.2 454.2 445.1 438.1 435.1 437.2 434.6 429.7 422.5 417.4 412.4 413.1 409.6 409.2 416.5 421.8 427.3 429.5 427.8 429.5 433.4 433.1 432.1 429.1 421.7 413.4 404.8 400.2 394.8 395.2 386.8 373.5 361 352.8 339 329.5 322.3 316.3 310.1 307.5 293.6 274.8 257.6 228 204.4 181.6 151.9 122.2 102 86 75.8 63
627.2 613.3 607 595.4 590.4 589.8 591.4 590.5 585.8 575 563.5 550.3 544.3 537.8 529.9 526.7 521.9 517.6 509.7 500.1 495.3 490.1 483 475.1 468.4 459.9 459.9 454.9 443.4 440 438.9 438.4 438.2 436.5 433.3 430 421.5 413.6 409.3 407.2 406.9 409.6 413 419.3 422.8 425.9 431.2 430.7 427.7 425.8 419.4 414.5 402.6 393.5 392.6 388 386 372.6 364.5 355.3 345.3 335.7 324.7 317 308.4 301.5 297.5 283.7 266.6 237.7 210 186.4 156.6 125.9 102 87.4 75.8 66.8 58.5
618.7 614.3 607.9 594.7 589 589.6 588.9 584.4 577.6 565.9 553.7 544.1 536.1 524.8 522.6 517.9 512.4 506.3 497.8 492.4 486.3 480.9 472.4 465.9 458.4 455.3 456.3 444.9 442.6 439 438.1 439.1 438.2 439.5 434.8 430.2 424.6 416.1 407.7 404.6 404.6 401.7 405.5 411.7 420.1 428.9 428.4 424 424.9 423.9 417.3 408 395.7 392 388.5 384.2 370.6 366.1 355.9 350.9 343.1 332.7 324.3 308.5 303.4 300.1 286.5 271.1 245.2 218.7 191.3 164.2 133.6 107.8 91 78.4 69.9 61.2 50.7
614.2 612 603.7 591.6 581.1 585.3 583.7 580.6 568.5 556.8 543.7 534.8 523.2 516.3 511.1 507.4 502.7 496.9 491.8 486 479.6 468.2 461.2 455.9 451.7 448.1 441.6 436.3 433.2 433.3 436.2 437.1 437.6 437.4 434.1 430.9 426.1 414.3 406.3 399.3 397.3 397.3 402.1 402.1 415 420.5 416.8 423.5 423.9 420.4 410.6 397.4 393.1 387.8 381.4 371.4 362.9 356.5 353.1 346.6 336 330 311.2 298.8 292.6 281.2 270.2 249.4 224.6 194.9 171.7 142.5 112.7 96.8 84.1 74.7 65.5 57.8 50.5
601.9 597.6 593.5 584.6 572.7 575.4 573.4 570.7 560.8 546.4 534.4 524.9 514.2 508.1 504.1 500.3 494.1 489.4 483.4 476.4 467.7 459.2 450.5 446 448.9 444.1 433.6 431 429.3 431.2 433.5 435.9 436.3 435.5 436.5 431 425.7 418.5 407.1 397 393.5 396.2 396.5 397.7 402.7 406.8 413.7 419.3 418.5 413.9 401 393.4 385.2 377.6 373.3 362 356.1 349.5 345.4 336 323.7 314.6 302 290.5 275.3 263.7 245.9 225.6 197.4 172.3 149.4 120.4 99 87.9 79.2 69.9 59.9 50.4 47.2
580.6 578.3 579.7 567.4 565.9 565.4 562 556.7 542 529.8 522.4 509.6 507.1 502.7 498.4 493 487 480.4 472.9 463.7 457.4 451.1 443.1 439.8 443.3 438.9 435.4 427.4 426.4 426.4 429.4 432.9 430.2 430.6 430.1 427.1 426.8 413.9 404 394.8 391.7 392.8 393.7 392.4 394.8 400.7 411 415 409.9 403.1 390.5 388.3 382.3 367.1 358.4 351.8 345.5 339.3 328.8 317 312.2 303.4 290.6 277.6 262.7 238.1 215.5 196.8 167.4 144.4 124.7 103.2 89.9 80.4 72.8 63.5 53.4 47.2 48.5
565.6 561.6 560.8 557.5 555.9 551.1 544.2 534 524.8 517.7 508.8 501.1 499.2 496.4 490.4 484.8 478.6 470.1 461.4 454.5 448.8 441.8 439.5 437.5 435.9 436.7 432.1 424.7 422.5 422.4 422.6 426.1 424.4 423.9 423.7 420.3 414.2 405.1 398 392.2 390.8 390 388.1 388 390 398.5 409.1 403.8 398.1 390 386.4 383.1 368.7 355.7 349.9 344.4 334.3 326.4 313.3 306.1 300.8 290.7 280.7 264 245.5 220.5 193.6 172.9 147 125.3 109 95.3 81.8 75.9 69.9 55.9 47.2 48.7 48.7
563.2 555.8 552.1 549.4 547.8 542.4 535.6 520.5 514.3 508.2 503.2 501.7 498.1 494.2 488.5 478.2 469.9 458.1 449.3 446.4 442.2 438.7 436.3 433.7 427.5 427.2 422 420.2 417.2 416.5 417 416.4 419.2 420.3 419.8 416.7 405.7 398.2 394.8 392.5 392.2 385.9 385.1 387.2 390.2 394.8 398.7 390.5 385.1 380.4 376.5 370.2 353.3 344.9 334.2 327.5 317.3 305 304.1 303.3 299.7 289.1 271.5 246.8 225.2 206.1 179.1 155 131.2 113.7 100.7 89.7 80.2 69 57.8 47.1 48 49.4 49.4
560.2 550.9 548 544.3 543 538 529.6 514.9 510.9 504.2 502.9 499.3 496.5 487.3 483.4 471.6 465.9 453.8 445.9 440.3 440 439.5 437.6 432.5 428 418.1 413.9 411.3 416.9 413 410.1 411.4 414.7 416.7 415.3 409.6 402 395 395.3 394.2 388.9 384.8 387.8 388.3 392 391.5 385.9 379.4 376.4 374.3 373 367.3 350.9 326.1 320 316.1 307.7 307.1 301.7 286.2 282.3 269.7 250.6 227 197.9 178.4 155.3 136 121.8 102.9 94.8 85.9 77.1 63.9 50.6 47.2 48.6 49.8 49.3
552.9 547.4 544.5 543.5 542.1 532.6 520.6 514.9 506.6 502.1 499 498 492.4 489.8 481.7 470.4 463.2 452.8 445.4 440.6 438.4 438.2 435.2 427.5 419.1 413.5 410.4 408.4 409.9 405.6 404.9 404.8 406.7 405.6 408.3 402.5 395.6 391.9 390.5 387.8 386.3 382.1 383.9 378.2 382.9 382.2 379.8 378.9 371.9 371.8 371.5 361.4 343.2 322.3 315.1 307.7 305.7 301.6 289 272.5 259.3 247.4 222.1 202.4 177.5 153.5 136.5 126.4 110.7 97.1 88.5 81.7 69.8 53.7 47.2 47.2 49.2 49.3 49.8
553.5 551.7 546.5 552.3 545.3 532.5 521.2 515.6 505.7 505.4 501.2 499.3 497.4 494.4 483.1 473.8 462.1 454.7 449.9 444.4 439 438.6 431.9 427.9 418.8 416.1 412.9 408.3 404.8 402.3 401 400.1 400.3 402.9 399.4 393.1 391.1 387.7 386.5 386.4 386.3 381.4 373.9 373.4 373.2 374.8 379.8 374.6 366.4 365.1 364.8 354.7 335.5 314.9 305.8 298.5 295.1 289.5 276.2 262.8 243.6 223.1 203.8 177.5 154.7 136.2 124.3 110.5 99 89.3 84 76.2 59.9 48.2 47.2 47.2 49.3 49.6 50.3
557.6 552.8 557 554.4 547.2 539.9 526.7 516.7 510.9 511.3 505.1 502.4 499.4 496 488.6 477.2 466.6 461.4 453.7 449.6 445.3 437 428.8 423.9 418.9 417.8 411.6 408.6 404.2 403.7 403 398.2 396.2 396.3 391.5 386.5 385.9 384.2 384.5 384.2 383.4 373.6 366.6 367.6 370.6 378.9 375.8 366.4 363 361.5 359.4 342.5 325.3 306.6 298.1 291.7 289.8 280.4 261.2 249.1 221.7 199.8 177.1 155.3 135.5 120.3 110.3 100.6 92.6 84.9 76.6 63.6 50.3 47.6 47.2 47.2 49.7 50.3 51.7
566.2 565.9 569.9 561.4 556.7 545.7 534 529.6 525.3 522.5 511 509 506.9 504 491.3 481.9 475.8 469.1 459.5 454.6 449.6 432.8 426.5 422.5 420.1 418.4 413.2 408.2 404.1 403.8 400.1 399.7 398.7 392.8 381.5 380.9 379.6 383.4 380.6 377.6 373.3 366.4 360.9 362.3 369 373.2 368 364.6 362.2 359.2 347.5 329.3 313.8 303.1 292.8 288.2 282.7 270.7 247.4 220.7 198.3 174.6 153.8 137.3 123.1 113.9 106.1 98.5 86.2 76.8 65.7 52.5 47.6 49.3 49.2 48.6 47 51.2 51.7
577.8 579.3 582.3 578.4 567.6 552.8 545.3 544.2 554 541.9 523.8 522.2 517.6 509.7 497.7 492.4 483.3 471.7 464.2 461.5 447 437.5 434.6 427.9 422.4 420.6 417.1 410.5 404.1 402.2 402.9 400.3 395.3 383.3 379.6 377 379.1 376.8 373.7 371.7 366.3 361.5 356.2 360 364.7 362.7 365.5 363.5 353.9 346.5 335.5 322.1 306.7 293 285.3 279.5 275.8 264 240.9 207.9 179.2 158 140.2 128.8 121 116.1 105.1 90.4 79.2 67.1 54.2 47.8 48.9 47.9 47.2 46.7 46.2 51.1 51.6
590.9 589.7 590 585.4 573.1 568.7 565.6 571.1 566.8 555 542.1 536.2 534.4 515.2 507.1 499 491.5 477.7 471.4 460.4 454.9 451.5 444.7 438.1 430.1 423.5 420.3 410.8 405.8 404.2 400.2 395.3 384.5 381 377.3 375.2 372.7 368.8 366.6 363.1 359.1 354.7 357.6 354.9 354.9 353.8 357.4 354.9 343.3 337.5 321.3 309.9 295.5 289.5 283.1 277.9 271 258.1 232.9 198.4 173.5 157.7 145.7 133.5 129.1 115.7 96.8 81.3 67.9 56 48 48.1 48 47.6 46.6 46.2 46.2 49.4 48.6
608.5 604.3 595.3 591.5 584.3 578.8 587 586.7 577.3 562.9 553.7 549.8 533.3 518.1 511.8 503.9 495.2 485.9 475.2 469.6 471.1 465.7 455.3 451.5 438.2 430.2 423.4 413.4 406.2 398.8 392.1 387.5 383.9 382 379.8 377.2 369 366.3 364 359.3 355.4 351.9 350.1 346.5 344.3 351.5 349.5 343.3 334.1 320.9 302.8 297.1 289.2 286.5 281.7 270.5 260.7 249 224 196.8 178.9 163.9 151.4 139.7 124.3 108.2 89.8 69.9 59.2 47.7 48 48.2 49 47.5 46.2 47.1 48.2 46.2 46.2
610.6 611.4 606.2 600 590.8 594.4 595.5 593.9 579.5 567.6 557.4 549.7 532.2 522.7 513.7 507.8 499.8 486.7 477.1 476.9 475.5 471.4 462 455.3 446.8 441.2 432.7 419.5 409.7 400.6 394 392 390.7 391.5 387.9 382.1 371.6 369.6 364.1 359.3 354.8 352.1 340.9 336.8 337.8 333.8 333.3 328.1 317.9 303 297.4 290.4 283.4 279.8 269.9 262.3 251.5 237.2 218.9 200.8 173.7 152.8 136.6 130.6 118 97.5 78.6 61.3 52.7 47.8 48.4 48.1 47.3 46.6 46.5 47.6 48.1 46.2 47.9
610.6 614 608.8 598.3 592.8 594.4 588.6 576.5 565.9 556.5 547.4 538.5 529.2 517.7 511.7 506.8 496.2 493.9 490.7 490.9 489.1 481.2 476.9 468.3 467.5 454.7 445.4 436.8 420.4 410.7 407.5 410.5 410 403.5 396.9 392.5 383.7 375.6 370.6 366.1 366.5 360.7 345.2 325.5 324.8 321.7 320.2 315.9 308.9 296.3 291.9 287.9 283 270.6 264.6 254.3 244.7 233.2 213.8 193.2 164.8 135.5 112.1 103.9 98.2 85.3 66.3 55.1 51.2 49.1 48.3 48.1 49.8 47.3 46.3 47.1 47.2 47.6 49.4
607.8 610.7 606.3 593.5 591.6 595.3 588.3 575 559.5 548.8 543.6 535.8 521.2 515.7 511.7 512.2 512.4 511.5 510.4 508.6 502.6 496.7 492.5 482.2 468.8 459.7 453.3 440.2 427.8 421.6 423.6 424.4 418.7 410.3 405.1 399.8 390 386.2 386.6 385.2 374.2 358.4 346 326.7 321.3 318.7 315 316.5 309.7 305.7 303.2 294.3 283.8 272.6 266 257.4 245.8 236.9 222.4 188.1 162.3 133.8 107.6 92.4 76.1 69.9 60 54.7 51.1 49.1 48.4 50.2 50.1 48.3 46.2 46.4 46.4 48.8 49.1
606.7 603.2 596.8 591.2 592.2 585.1 577.5 567.2 551.7 543.4 540 532.9 529.2 528 524 524.1 525.3 519.4 515.1 508.7 502.7 497.9 491.7 477.8 468.1 463.5 454.5 445.9 444.4 443.6 442.9 424.8 420.5 417.7 414 402.8 394.9 395.1 394 386.5 374 356.1 341.3 327.1 319.3 315.1 313.5 310.3 308 308.6 303.1 295.4 285.7 274.7 263.4 254.7 245.9 237 212.7 199.1 162.7 131.3 106.6 86.4 73.7 62.6 56.7 53.5 51.5 49.9 48.3 49.1 50.3 49 48 46.4 46.2 49.4 48.7
593 593.7 589 586.3 586.3 581.5 572.2 560.4 546.6 540 536.9 536.5 538.7 533.3 531.1 529.4 525.9 521.2 511.4 505.8 497.5 490.9 482.9 471.4 466.6 460.9 457.4 457.1 453.3 449.8 434.5 423.7 421.5 420.4 413.5 407.3 400.9 399.9 393.9 386 376.2 363.7 348.3 333.3 323 316.3 309.6 309.3 308.3 307.7 305.8 297.9 293.1 279.1 263.9 258.2 251.4 228.9 211.8 195.5 162.3 122.5 102 82.8 69.4 59.7 55.8 52.9 51.9 48.5 48.5 50.2 50.4 50.3 49.5 47.4 47.3 46.6 46.2
579.4 579.8 579.3 579.3 582.1 574 560.9 550.8 540.6 535.7 533.8 535.2 534.6 526.5 526.1 520.8 523.4 513.5 505.6 500.9 496.5 481.7 471.5 464.3 461 459.2 458.2 458.2 453.5 440.8 429.6 424 422.2 418.9 411.8 408.1 408 404.8 396.2 392.2 384.3 372 356 340.8 330.7 319.6 305.5 304.4 300.5 301.3 297.5 294.2 283.6 272.2 266.4 263.1 251 227.5 209.5 186.6 151.7 113 95.1 77.5 61.7 54.3 50.4 48.5 48.5 51.3 50.2 50.4 50.4 50.3 50.2 48.5 48.9 50.5 48.7
568.6 569.6 572 575.8 574.8 561 549.9 539.7 532.2 528.2 527.8 528.6 516.9 514.7 513.6 516.3 511.2 505 500.1 494 482.5 468.2 464.7 462.3 461.8 462.7 461.4 453.3 444.7 432 427 424.7 422.5 415.8 410.3 408.9 406.6 404 403.1 396.5 385.9 374.5 363 346.8 332.1 319 303.2 301.1 292.1 293.2 284.8 284.2 267.5 261.3 262.6 255.6 236.7 219.6 196.7 168 127 105.3 87.8 69.1 53.6 48.5 48.5 50.7 50.5 51.5 50.3 50.2 50.2 50.2 50.4 49.7 50 53.4 53.9
553.4 555.1 559.8 565.1 557.6 549.4 538 529.1 523.4 522.8 520.8 512.6 508.7 510.3 505.4 504.1 501.6 500.2 496.4 485.8 469.3 461.6 461.2 463.9 464.2 461.2 454.2 444.7 434.5 431.6 426.2 425.6 418.3 411.6 409.1 408.6 407.1 408 403.5 392.7 383.3 379.2 361.9 344.1 328.2 315.3 306.7 295.4 270 274.1 276.2 269.1 254.6 257.5 245.7 235.4 224 209.5 183.6 147.4 113.3 95.3 76.8 58.8 48.9 50.6 50.4 50.5 50.5 50.9 49.3 50 50.1 50.7 51.4 52 53.4 54.1 64.2
535.5 540.9 548.6 550.8 548.5 542.7 525.9 518.7 515.7 514.8 512.9 503.3 501.6 499.7 498.1 497.6 496.3 494.8 487.6 474.5 458.9 458.2 461.7 462.6 454.2 450.2 444.8 430.1 429.2 422.2 422.1 419.3 412.4 410.9 411.3 414.8 417.1 410 401.3 387.4 379.5 367.5 357.5 344.6 326.7 313.5 299.2 288.5 270.5 258.3 263.5 252.7 247.1 241.7 228.1 221.3 213.9 195.7 168.3 131.1 101.8 82.2 64.7 52.2 50.3 48.5 50.5 50.3 50.1 50.1 48.5 49.2 51.4 52.4 53 53.1 53.7 62.6 95.1
