UK/data/nf/nf97_OST50GRID_20230518/NF97.asc
ncols 200
nrows 200
xllcorner 90000
yllcorner 870000
cellsize 50
[rows 117 to 155 of 200, columns 87 to 173 of 200]
-1.9 -1.9 -1.9 6.4 6.3 -1.9 -1.9 -1.9 2.3 -1.9 -1.9 -1.9 -1.9 -1.9 -1.9 -1.9 -1.9 -1.9 -1.9 -1.9 -1.9 -1.9 -1.9 6.3 6.5 -1.9 2.2 6.8 8.3 8.5 -1.9 -1.9 6.8 7.6 -1.9 -1.9 -1.9 -1.9 -1.9 -1.9 -1.9 -1.9 -1.9 -1.9 -1.9 -1.9 8.5 9.6 -1.9 -1.9 -1.9 -1.9 -1.9 -1.9 -1.9 -1.9 -1.9 -1.9 -1.9 -1.9 -1.9 -1.9 -1.9 -1.9 -1.9 -1.9 -1.9 -1.9 -1.9 -1.9 -1.9 -1.9 -1.9 15.3 11.2 -1.9 -1.9 -1.9 -1.9 -1.9 -1.9 5.5 11.6 18 16.8 25.3 21.4
-1.9 -1.9 -1.9 0.3 0.8 -1.9 -1.9 -1.9 -1.9 -1.9 -1.9 -1.9 -1.9 -1.9 -1.9 -1.9 -1.9 -1.9 -1.9 -1.9 -1.9 -1.9 -1.9 -1.9 5.8 3.9 10.2 9.4 10.2 9.2 9.1 10.2 7.8 3.3 -1.9 -1.9 -1.9 -1.9 -1.9 -1.9 -1.9 -1.9 -1.9 -1.9 -1.9 -1.9 -1.9 -1.9 -1.9 -1.9 -1.9 -1.9 -1.9 -1.9 -1.9 -1.9 -1.9 -1.9 -1.9 -1.9 -1.9 -1.9 -1.9 -1.9 -1.9 -1.9 -1.9 -1.9 -1.9 -1.9 -1.9 -1.9 -1.9 6.8 -1.9 -1.9 -1.9 -1.9 -1.9 -1.9 2.2 9.4 17.5 17.8 14.7 18.3 20.8
-1.9 -1.9 -1.9 -1.9 -1.9 -1.9 -1.9 -1.9 -1.9 -1.9 -1.9 -1.9 -1.9 -1.9 -1.9 -1.9 -1.9 -1.9 -1.9 -1.9 -1.9 -1.9 -1.9 5.9 6.5 6 9 9.4 10.3 12 13.6 14.2 9 1.1 -1.9 -1.9 -1.9 -1.9 -1.9 -1.9 -1.9 -1.9 -1.9 -1.9 -1.9 -1.9 -1.9 -1.9 5.3 -1.9 -1.9 2 -1.9 -1.9 -1.9 -1.9 -1.9 -1.9 -1.9 -1.9 -1.9 -1.9 -1.9 -1.9 -1.9 -1.9 -1.9 -1.9 -1.9 -1.9 -1.9 -1.9 -1.9 -1.9 -1.9 -1.9 -1.9 -1.9 -1.9 -1.9 3.1 11 12.8 14.5 15 16.8 16.3
-1.9 -1.9 -1.9 -1.9 -1.9 -1.9 -1.9 -1.9 -1.9 -1.9 -1.9 -1.9 -1.9 -1.9 -1.9 -1.9 -1.9 -1.9 -1.9 -1.9 -1.9 -1.9 -1.9 -1.9 6.5 5.7 5.8 9.3 11.7 14.7 16 17.4 14.9 13 1 -1.9 -1.9 -1.9 -1.9 -1.9 -1.9 -1.9 -1.9 -1.9 -1.9 -1.9 -1.9 -1.9 0.3 -1.9 -1.9 -1.9 -1.9 -1.9 -1.9 -1.9 -1.9 -1.9 -1.9 -1.9 -1.9 -1.9 -1.9 -1.9 -1.9 -1.9 -1.9 -1.9 -1.9 -1.9 -1.9 -1.9 -1.9 -1.9 -1.9 -1.9 -1.9 -1.9 -1.9 -1.9 8.5 8.4 10.1 13.4 14.8 14.2 12
-1.9 -1.9 -1.9 -1.9 -1.9 -1.9 -1.9 -1.9 -1.9 -1.9 -1.9 -1.9 -1.9 -1.9 -1.9 -1.9 -1.9 -1.9 -1.9 -1.9 -1.9 -1.9 -1.9 -1.9 7.1 9.5 12.7 14.1 14.5 15.2 17.1 17.2 15.6 11.5 -1.9 -1.9 -1.9 -1.9 -1.9 -1.9 -1.9 -1.9 -1.9 -1.9 -1.9 -1.9 -1.9 -1.9 -1.9 -1.9 -1.9 -1.9 -1.9 -1.9 -1.9 -1.9 -1.9 -1.9 -1.9 -1.9 -1.9 -1.9 -1.9 -1.9 -1.9 -1.9 -1.9 -1.9 -1.9 -1.9 -1.9 -1.9 -1.9 -1.9 -1.9 -1.9 -1.9 -1.9 -1.9 -1.9 1.5 -1.9 4 10 10.5 12.8 12.8
-1.9 -1.9 -1.9 -1.9 -1.9 -1.9 -1.9 -1.9 -1.9 -1.9 -1.9 -1.9 -1.9 -1.9 -1.9 -1.9 -1.9 -1.9 -1.9 -1.9 -1.9 -1.9 -1.9 -1.9 7.9 6.6 11.2 16.8 16.2 16.9 18.3 17.8 14.5 11.2 8.3 -1.9 -1.9 -1.9 -1.9 -1.9 -1.9 -1.9 -1.9 -1.9 -1.9 -1.9 -1.9 -1.9 -1.9 -1.9 -1.9 -1.9 -1.9 -1.9 -1.9 -1.9 -1.9 -1.9 -1.9 -1.9 -1.9 -1.9 -1.9 -1.9 -1.9 -1.9 -1.9 -1.9 -1.9 -1.9 -1.9 -1.9 -1.9 -1.9 -1.9 -1.9 -1.9 -1.9 -1.9 -1.9 -1.9 -1.9 -1.9 -1.9 4.1 11.5 13.4
-1.9 -1.9 -1.9 -1.9 -1.9 -1.9 -1.9 -1.9 -1.9 -1.9 -1.9 -1.9 -1.9 -1.9 -1.9 -1.9 -1.9 -1.9 -1.9 -1.9 -1.9 -1.9 -1.9 -1.9 -1.9 -1.9 -1.9 -1.9 -1.9 -1.9 19.2 18.5 2.2 2.2 -1.9 -1.9 -1.9 -1.9 -1.9 -1.9 -1.9 -1.9 -1.9 -1.9 -1.9 -1.9 -1.9 -1.9 -1.9 -1.9 -1.9 -1.9 -1.9 -1.9 -1.9 -1.9 -1.9 -1.9 -1.9 -1.9 -1.9 -1.9 -1.9 -1.9 -1.9 -1.9 -1.9 -1.9 -1.9 -1.9 -1.9 -1.9 -1.9 -1.9 -1.9 -1.9 -1.9 -1.9 -1.9 -1.9 -1.9 -1.9 -1.9 -1.9 2.2 10.8 12.7
-1.9 -1.9 -1.9 -1.9 -1.9 -1.9 -1.9 -1.9 -1.9 -1.9 -1.9 -1.9 -1.9 -1.9 -1.9 -1.9 -1.9 -1.9 -1.9 -1.9 -1.9 -1.9 -1.9 -1.9 -1.9 -1.9 -1.9 -1.9 -1.9 -1.9 -1.9 2.2 11.4 12.8 14.1 15.9 14.8 12.4 -1.9 -1.9 5.3 1.6 0.5 -1.9 -1.9 -1.9 -1.9 -1.9 -1.9 -1.9 -1.9 -1.9 -1.9 -1.9 -1.9 -1.9 -1.9 -1.9 -1.9 -1.9 -1.9 -1.9 -1.9 -1.9 -1.9 -1.9 -1.9 -1.9 -1.9 -1.9 -1.9 -1.9 -1.9 -1.9 -1.9 -1.9 -1.9 -1.9 -1.9 -1.9 -1.9 -1.9 -1.9 -1.9 5.7 9 14
-1.9 6 2.6 -1.9 -1.9 -1.9 -1.9 -1.9 -1.9 -1.9 -1.9 -1.9 -1.9 -1.9 -1.9 -1.9 -1.9 -1.9 -1.9 -1.9 -1.9 -1.9 -1.9 -1.9 -1.9 -1.9 -1.9 -1.9 -1.9 -1.9 8.8 10.1 10.4 10.4 12 17.6 18.7 15.8 -1.9 -1.9 12.5 11.6 9.8 7.7 -1.9 -1.9 -1.9 -1.9 -1.9 -1.9 -1.9 -1.9 -1.9 -1.9 -1.9 -1.9 -1.9 -1.9 -1.9 -1.9 -1.9 -1.9 -1.9 -1.9 -1.9 -1.9 -1.9 -1.9 -1.9 -1.9 -1.9 -1.9 -1.9 -1.9 -1.9 -1.9 -1.9 -1.9 -1.9 -1.9 -1.9 -1.9 -1.9 1.2 5.3 8.7 14
7.4 7.6 7.8 7.3 2.2 -1.9 -1.9 -1.9 -1.9 -1.9 -1.9 -1.9 -1.9 -1.9 -1.9 -1.9 -1.9 -1.9 -1.9 -1.9 -1.9 -1.9 -1.9 -1.9 -1.9 -1.9 -1.9 -1.9 -1.9 -1.9 8 9.7 9.5 9.2 10.9 12 12.5 18 7.8 -1.9 -1.9 11.7 11.9 11.3 8.9 7.1 -1.9 -1.9 -1.9 -1.9 -1.9 -1.9 -1.9 -1.9 -0.8 -1.9 -1.9 -1.9 -1.9 -1.9 -1.9 -1.9 -1.9 -1.9 -1.9 -1.9 -1.9 -1.9 -1.9 -1.9 -1.9 -1.9 -1.9 -1.9 -1.9 -1.9 -1.9 -1.9 -1.9 -1.9 -1.9 -1.9 -1.9 -1.9 -1.9 2.3 13.3
12.2 11.2 10.7 10.4 4.8 -1.9 -1.9 -1.9 -1.9 -1.9 -1.9 -1.9 -1.9 -1.9 -1.9 -1.9 2.7 -1.9 -1.9 -1.9 -1.9 -1.9 -1.9 -1.9 -1.9 -1.9 -1.9 -1.9 -1.9 -1.9 12.5 13.9 14 13.8 13.2 13.5 8.9 5.3 -1.9 -1.9 -1.9 7.2 7.3 8.2 11.1 15.5 14.5 12 -1.9 -1.9 -1.9 -1.9 -1.9 -1.9 -1.9 -1.9 -1.9 -1.9 -1.9 -1.9 -1.9 -1.9 -1.9 -1.9 -1.9 -1.9 -1.9 -1.9 -1.9 -1.9 -1.9 -1.9 -1.9 -1.9 -1.9 -1.9 -1.9 -1.9 -1.9 -1.9 -1.9 -1.9 -1.9 -1.9 -1.9 2.2 10.1
12.2 11.9 10.8 8.1 4.7 -1.9 -1.9 -1.9 -1.9 -1.9 -1.9 -1.9 -1.9 -1.9 -1.9 -1.9 -1.9 -1.9 6.4 -1.9 -1.9 5.8 3.2 2.2 -1.9 -1.9 -1.9 -1.9 -1.9 -1.9 5.4 9.2 11.2 12.8 13.3 12.8 12 13.6 11.8 -1.9 -1.9 -1.9 8.2 2.2 2.8 9.3 -1.9 -1.9 -1.9 -1.9 -1.9 -1.9 -1.9 -1.9 -1.9 -1.9 -1.9 -1.9 -1.9 -1.9 -1.9 -1.9 -1.9 -1.9 -1.9 -1.9 -1.9 -1.9 -1.9 -1.9 -1.9 -1.9 -1.9 -1.9 -1.9 -1.9 -1.9 -1.9 -1.9 -1.9 -1.9 -1.9 -1.9 -1.9 -1.9 -1.9 2
12.4 12.6 10.6 7.4 2.2 4 -1.9 -1.9 -1.9 -1.9 -1.9 -1.9 -1.9 -1.9 -1.9 -1.9 -1.9 -1.9 -1.9 5.5 7.5 8.1 9.2 8 5 3.6 -1.9 -1.9 5.3 9.3 10.5 12.6 13.7 13.5 14.4 14.2 13.1 8.9 3.9 -1.9 -1.9 -1.9 -1.9 -1.9 2.2 -1.9 -1.9 -1.9 -1.9 -1.9 -1.9 -1.9 -1.9 -1.9 -1.9 -1.9 5.9 -1.9 -1.9 -1.9 -1.9 -1.9 -1.9 -1.9 -1.9 -1.9 -1.9 -1.9 -1.9 -1.9 -1.9 -1.9 -1.9 -1.9 -1.9 -1.9 -1.9 -1.9 -1.9 -1.9 -1.9 -1.9 -1.9 -1.9 -1.9 -1.9 -0.3
11 10.7 7.9 6.6 6.6 5.2 2.2 2.5 5.4 6.6 7 5.9 5.7 4.6 3.1 3.7 7.9 7.2 2.2 2.2 8.4 10 9.9 10.4 9.2 10.1 8 6.9 8.6 12.2 12.5 14.4 16.7 16.5 16.7 15.1 13.8 14.7 5.8 -1.9 -1.9 -1.9 -1.9 -1.9 -1.9 -1.9 -1.9 -1.9 -1.9 -1.9 -1.9 -1.9 -1.9 -1.9 -1.9 -1.9 -1.9 -1.9 -1.9 -1.9 -1.9 -1.9 -1.9 -1.9 -1.9 -1.9 -1.9 -1.9 -1.9 -1.9 -1.9 -1.9 -1.9 -1.9 -1.9 -1.9 -1.9 -1.9 -1.9 -1.9 -1.9 -1.9 -1.9 -1.9 -1.9 -1.9 -1.9
6.4 2.2 2.2 2.2 3.5 3.5 2.2 3.1 5.9 10.2 11.9 12.5 10.2 8.7 5.4 4.6 7 8.2 7.7 8.4 5 6.3 8.5 10.6 12.7 14 13.5 11.7 11.1 12.5 12.1 13.6 18.7 20.2 19.3 15.5 7 4.5 2.2 -1.9 -1.9 -1.9 -1.9 -1.9 -1.9 -1.9 -1.9 -1.9 -1.9 -1.9 -1.9 -1.9 -1.9 -1.9 -1.9 -1.9 -1.9 0.4 7.5 14.4 -1.9 -1.9 -1.9 -1.9 -1.9 -1.9 -1.9 -1.9 0.8 10 14.9 12.6 -1.9 -1.9 -1.9 -1.9 -1.9 -1.9 -1.9 -1.9 -1.9 -1.9 -1.9 -1.9 -1.9 -1.9 -1.9
2.2 3 2.2 2.2 2.2 3.1 2.2 5.1 4.4 9.3 10.8 12.3 16.7 12.6 9.7 9.9 9.4 8.6 7.3 6 5.5 8.2 10.9 11.4 12.6 13.7 15 15.2 15.1 13.3 13 14.6 19.5 20.1 18.5 15.4 13.5 11 1.8 -0.2 -1.9 -1.9 -1.9 -1.9 -1.9 -1.9 -1.9 -1.9 12.9 10.7 -1.9 -1.9 -1.9 -1.9 -1.9 -1.9 -1.9 -1.9 9.4 14.9 11.4 -1.9 -1.9 -1.9 -1.9 -1.9 -1.9 -1.9 0.4 13.2 26 27.1 7.8 -1.9 -1.9 -1.9 -1.9 -1.9 -1.9 -1.9 -1.9 -1.9 -1.9 -1.9 -1.9 -1.9 -1.9
-1.9 -1.9 0.2 2.2 2.2 7.7 12 15.9 18.2 15.5 19.2 21 21 17.8 12.6 18.6 16.4 14.7 13.4 9.6 6.1 6 6.3 9.9 14.4 15.5 15.4 18.5 18.3 17.5 14.5 15.8 16.3 15.9 17.7 14.9 14.8 6.2 2.2 0.7 0.7 3 2.2 2.2 4.7 -1.9 -1.9 -1.9 6.9 13.8 14 -1.9 -1.9 -1.9 -1.9 -1.9 -1.9 -1.9 8.5 12 6 -1.9 -1.9 -1.9 -1.9 -1.9 -1.9 -1.9 -1.9 -1.9 27.2 30.6 19.1 9.4 -1.9 -1.9 -1.9 -1.9 -1.9 -1.9 -1.9 -1.9 -1.9 -1.9 -1.9 -1.9 -1.9
5.9 2.4 2.2 2.6 7.5 8.2 13 15.2 19.3 20.2 20.9 21.8 23.4 26.1 23.7 21 21.4 22.2 21.6 21.1 18 16.8 14.9 9.4 9.8 12.2 9.8 12.4 18.5 20.1 20 17 16.6 15.3 13 13 13.6 9.4 2.2 1.8 2.2 2.2 2.2 4.1 4.8 3.4 1.4 0.7 7 10.8 12.1 11.8 -1.9 -1.9 -1.9 -1.9 -1.9 -1.9 7.3 13.5 12.8 -1.9 -1.9 -1.9 -1.9 -1.9 -1.9 -1.9 -1.9 -1.9 15.4 17.9 12 14.3 15.9 2.1 -1.9 -1.9 -1.9 -1.9 -1.9 -1.9 -1.9 -1.9 -1.9 -1.9 -1.9
11 13.6 13.2 14 16.3 17.1 17.3 19 21.2 22.7 23.1 27 27.4 32 26.5 28.2 27.9 27.4 26.7 26.4 25.8 23.7 22.4 18.6 19 18 16.2 11.8 10.9 10.9 12.7 14.4 18.1 14.1 14.6 15.3 16.6 18.1 17.2 11.8 10.2 13 9 2.2 2.2 7.2 10.6 12.5 9.2 10.2 5.7 1.6 -1.9 -1.9 -1.9 -1.9 -1.9 -1.9 2.2 10.5 16.7 15.8 -1.9 -1.9 -1.9 -1.9 -1.9 -1.9 -1.9 0.1 -1.9 -1.9 9.4 15 16.9 -1.9 -1.9 -1.9 -1.9 -1.9 -1.9 -1.9 -1.9 -1.9 -1.9 -1.9 -1.9
13.5 19.2 21.3 22.1 24.4 23.4 23.9 28.4 30 26.3 28.4 32.4 35 35.4 36.4 31.3 28.7 28.2 27.6 27.9 27.2 24.1 23.3 22 20 18.5 18 15.5 16.1 14.1 12.4 14 14.2 13.9 14.3 17.8 20.5 19.3 19.3 18.2 15.2 16.4 16.1 9.9 10.9 10.7 13.2 12.2 8.1 2.2 2.2 2.9 6.7 7.9 7.1 12 16.3 21.3 23.1 24.2 20.5 11.2 -1.9 -1.9 -1.9 -1.9 -1.9 -1.9 -1.9 -1.9 -1.9 -1.9 -1.9 1.7 0 -1.9 -1.9 -1.9 -1.9 -1.9 -1.9 -1.9 -1.9 -1.9 -1.9 -1.9 -1.9
19.2 22.5 24.7 27.5 29.3 30.8 30.9 31.7 31.5 32.6 35.6 38.5 40 43.1 42.8 37.8 36.1 35.7 33.4 30.6 28.9 27.8 26.9 24.5 22.4 19.5 17.4 16.5 14.7 13.9 13.1 13.4 15.8 17.1 17.3 19 20.9 22.3 23.3 24.9 21.7 20.3 22.1 20.9 22.9 21.5 17.6 14.4 15.6 17.2 17.2 16.4 20.9 25.7 26.2 29.1 34.4 39.9 34 29.5 24.5 15.3 -1.9 -1.9 -1.9 -1.9 -1.9 -1.9 -1.9 -1.9 -1.9 -1.9 -1.9 -1.9 -1.9 -1.9 -1.9 -1.9 -1.9 -1.9 -1.9 -1.9 -1.9 -1.9 -1.9 -1.9 -1.9
23.3 25.6 28.2 30.8 32.8 34.8 35.7 37.9 39.4 40.8 40.9 43.1 44.6 45.1 46.4 44.5 45.6 46.1 41.5 36.9 34.5 33.2 30.9 27.8 24.6 20.2 18.3 18.4 17.6 14.3 13.8 14.5 16.3 17.2 17.9 19.8 24.1 24.7 27.9 31 35.2 39.1 34.4 36.1 35.7 31.9 28.2 26.9 34.9 36.7 32.6 33.8 40.7 41.1 39.7 35.7 36.2 35.2 34.3 31.9 24 13.8 10.7 -1.9 -1.9 -1.9 -1.9 -1.9 -1.9 -1.9 -1.9 -1.9 -1.9 -1.9 -1.9 -1.9 -1.9 -1.9 -1.9 -1.9 -1.9 -1.9 -1.9 -1.9 -1.9 -1.9 -1.9
24.6 26.9 29.7 32.1 34.2 37.2 39.1 40 42.5 44.8 46.4 45.7 46.1 46.5 47.9 47.1 48.2 47.8 48.5 45.3 42.5 38.1 32.5 26.5 24.3 24.6 24 22.1 19.5 15.1 13.9 19.6 19.7 20.5 21.2 25.2 24.7 29.1 32.7 39.4 49.2 53.8 49.2 50.6 40.8 35.5 36.1 41.9 51.5 51.8 45.1 46.3 50 46.9 44 36.5 33.8 34.5 31 29.7 23.9 16.3 15.1 13.3 2.1 -1.9 -1.9 -1.9 -1.9 -1.9 -1.9 -1.9 -1.9 -1.9 -1.9 -1.9 -1.9 -1.9 -1.9 -1.9 -1.9 -1.9 -1.9 -1.9 -1.9 -1.9 -1.9
26.3 28.1 30.1 32.2 34.2 38.1 40.4 42.7 44.5 46.1 47.5 49.5 48 51.3 53.4 51.5 50.1 47 46.7 46.3 43 41.2 36.4 35 33.5 31.2 26.3 26 19.8 15.6 12.3 13.4 20.1 22.8 24.7 28.6 32.4 41 47.1 55 56.9 64.3 62.9 49.3 49.8 49.4 51 51.7 56.7 58.4 53.6 48.7 48.2 46.4 45.4 39.1 36.8 36.7 35.1 29.9 29 27.5 18.8 14.4 8.7 -1.9 -1.9 -1.9 -1.9 -1.9 -1.9 -1.9 -1.9 -1.9 -1.9 -1.9 -1.9 -1.9 -1.9 -1.9 -1.9 -1.9 -1.9 -1.9 -1.9 -1.9 -1.9
31.1 31.9 30.9 32.3 34.5 38.3 41.1 43.3 45.7 47.4 49.6 51.4 51.1 51.7 50.9 49 49.4 47.8 47.9 46.3 45.1 43.5 39.5 37.1 31.7 32.6 30.9 28.5 25.2 16.2 12.3 12.3 15.2 21.8 32.3 38.5 42.8 54.9 62 60.5 67.8 69.4 69.1 69.2 68.9 65.6 66.8 65.7 65.6 64.5 61 55.1 54.2 49.3 47.8 43.8 45.2 45.2 47.2 41 44.4 36.9 32 30 21.2 16.6 6 6 2.6 -1.9 -1.9 -1.9 -1.9 -1.9 -1.9 -1.9 -1.9 -1.9 -1.9 -1.9 -1.9 -1.9 -1.9 -1.9 -1.9 -1.9 -1.9
32.8 34.4 33.5 32.5 32.4 34.3 38.3 43 47.6 49.8 52.8 52.1 51 49.9 48.7 48.1 48.1 47.3 46.1 45.2 43.9 43.2 39.7 36.5 32.2 28 26.9 19.8 17.7 17.1 12.3 12.3 16.1 24.7 30.4 41.1 53.8 68.4 60.5 61.4 70.9 76.7 82.4 79.9 76.6 79.9 79 71.3 69.8 67.2 65.1 61.3 58.4 54.6 52.9 55.1 56.7 55.4 55.5 52.7 46.9 45.8 42.5 35.6 30.4 21.1 17 13.4 10.8 2.3 -1.9 -1.9 -1.9 -1.9 -1.9 -1.9 -1.9 -1.9 -1.9 -1.9 -1.9 -1.9 -1.9 -1.9 -1.9 -1.9 -1.9
39.2 40.2 41.8 39.6 31.7 31.4 35.7 42.1 45.6 51.8 55.1 57.3 51.7 50.5 46.8 45 45.2 45.2 44.8 41.8 41.2 40.2 37.1 36.6 34.7 31.5 25.2 20.8 18.1 18.1 18.7 17.4 15.5 20.3 30.3 44.4 59.7 63.2 61.1 71.3 83.5 92.1 94.2 87.7 84.1 85.7 81.5 78.3 74.4 71.9 65.9 62.8 61.3 60.7 61.7 65.1 69.1 68.7 63 59.4 53 53 48.5 43.2 40 31.5 29.9 24.2 19 13.8 -1.9 -1.9 -1.9 -1.9 -1.9 -1.9 -1.9 -1.9 -1.9 -1.9 -1.9 -1.9 -1.9 -1.9 -1.9 -1.9 -1.9
35.3 37.3 42.7 42.3 30.1 28 36.3 40.6 43.2 42.9 49.7 52 48.5 49.9 46.6 41.7 38 35 35.3 36.2 37.3 35 34 32.1 30.7 30.1 28.8 29.4 22.3 18.4 18.9 20.1 23.6 26.8 34.4 47.6 58.7 66.8 76.5 89.6 96.6 99 102.6 94.4 93 89.6 89.8 83.6 79 74.6 70.4 68.7 70.1 71.3 71.1 74.5 81.5 78.7 71.6 68 64 62.1 56 52.7 47.5 40 35.2 30.6 24.3 12.2 2.8 -1.9 -1.9 -1.9 -1.9 -1.9 -1.9 -1.9 -1.9 -1.9 -1.9 -1.9 -1.9 -1.9 -1.9 -1.9 -1.9
30 31.1 31 29.8 27.4 23.1 30 32.9 35.6 35.2 35.1 38.1 41.3 39.1 37.9 31.4 27.2 28.4 30 28.8 30.9 30.6 31.8 30.9 30.4 29.4 28.4 29 28.3 20.7 19.8 20.6 19.8 26.6 38.6 55.3 62.3 70.3 85 97.6 105.2 105.5 105.1 100.8 96.9 96.4 92.2 87 84 81.1 77.9 80.9 83.8 84.9 84.4 86.4 86.2 87.1 82.3 76.5 72.7 71.5 67.2 61.5 55.7 50.3 43.9 37.3 31 20.5 7.3 -1.9 -1.9 -1.9 -1.9 -1.9 -1.9 -1.9 -1.9 -1.9 -1.9 -1.9 -1.9 -1.9 -1.9 -1.9 -1.9
29.2 29.7 29.6 27.9 22.7 20.6 21.8 27.7 28.2 31 33.9 32.9 32.9 33.3 34.7 30.9 25.5 22.3 19.8 19.3 23.5 22.3 26.3 28.9 26 26.8 26.8 22 28.9 21.5 21 22.5 25 29.2 41.4 55.6 64 75.1 89 98.9 107.2 107.4 105.9 105.2 113.1 116.6 113.2 101.2 101.1 90.4 90.6 93.8 95.3 98.8 99 101.4 99.7 96.5 93.5 89.6 83.9 80.7 76.4 70.8 64.9 58.5 53.1 43.7 37 30.4 19.2 5.8 -1.9 -1.9 -1.9 -1.9 -1.9 -1.9 -1.9 -1.9 -1.9 -1.9 -1.9 -1.9 -1.9 -1.9 -1.9
25.7 25.1 24 23 21.1 11.1 11.1 21.4 26.6 28.8 32 32.1 30.7 30.8 27.1 23.7 19.2 17.8 16.5 17 16.4 19.6 17.8 15.5 19.1 21.1 20.1 18 20.9 18.2 19.2 22.8 26.8 30.7 43.6 58.8 69.8 85.2 94.9 99 108.1 107.9 104.6 104.6 118.1 118.4 115.9 110 107.9 109.3 115.2 118.9 126.4 133 126.3 113.9 108.8 103.2 99.5 99.6 92.3 96.7 92.3 86.2 74 66.6 59.9 51.6 44.6 40.6 26.9 18.7 -1.9 -1.9 -1.9 -1.9 -1.9 -1.9 -1.9 -1.9 -1.9 -1.9 -1.9 -1.9 -1.9 -1.9 -1.9
21.5 15.9 17 18.6 18.9 11.1 11.1 11.1 21.5 24 27.3 24.5 23.7 22.9 20.9 19.2 17.8 15 12.1 12.1 12.1 12.1 12.1 12.3 17.8 18.7 17.8 18 16.3 16.6 17.3 18.4 22.2 27.9 40.7 59.1 78.1 87.5 101.3 102.7 105.7 108 105.9 105.4 113.2 120.4 119.3 116.6 120.8 128.9 130.3 137.3 139.8 142.2 143.3 134 128.9 125.9 125.6 119.6 116.4 114.9 105.3 101.3 90.1 79.5 70.7 61.3 53.9 45.9 35.1 24.6 -1.9 -1.9 -1.9 -1.9 -1.9 -1.9 -1.9 -1.9 -1.9 -1.9 -1.9 -1.9 -1.9 -1.9 -1.9
15.8 14.9 16.3 15.2 16 11.1 11.1 11.1 11.1 18.6 20 14.1 16.8 18.1 18.9 18 14.4 16.4 12.1 12.1 12.1 12.1 12.1 12.1 12.1 12.1 12.1 12.1 16.3 17.3 17.4 18.7 21.6 27.5 38.1 52.4 66.5 83.9 93.7 100.7 105.5 102.2 102.1 103.1 107.5 117 121.3 124.7 127.5 131 134.5 141 143 147.5 143.5 142.1 140 142.8 141.6 133 131.1 130.8 125.6 114.6 100.2 89.1 72.5 67 61.1 53.5 42.9 32.1 -1.9 -1.9 -1.9 -1.9 -1.9 -1.9 -1.9 -1.9 -1.9 -1.9 -1.9 -1.9 -1.9 -1.9 -1.9
19.6 14.8 13.3 12.4 11.1 11.1 11.1 11.1 11.1 11.1 11.1 15.8 16 16.8 18.5 13.7 14 12.1 12.1 12.1 12.1 12.1 12.1 12.1 18.1 15.2 12.1 12.1 12.1 12.1 19.1 19.3 22.9 32 39.7 56 71.3 79.6 80.1 90.5 97.9 92.8 92.4 93.3 99.4 101.9 115.6 117.3 122 128.1 132.2 137.1 139.4 144 142.9 141.9 142.6 143.8 144 145.1 141.7 139 141.1 139.1 124.7 103.2 83.7 71.8 64.5 57 48.3 33.3 15.8 -1.9 -1.9 -1.9 -1.9 -1.9 -1.9 -1.9 -1.9 -1.9 -1.9 -1.9 -1.9 -1.9 -1.9
13.5 12.4 14.3 13.5 14.7 17.2 11.1 11.1 11.1 11.1 11.1 11.1 15.6 17.7 17.4 12.1 12.1 17.7 12.8 19.3 12.1 14.3 12.1 12.2 14.5 17.7 18.7 15.9 12.1 12.1 19.2 20.9 26.9 31.2 41.9 60.4 78.1 80.8 82.3 87.5 81.8 86.5 86.1 88.4 94.8 99.1 103 104.7 108.3 115 124.6 131.1 135.8 135.2 138 140.8 144.1 141.8 138.8 140.6 144.4 151.2 153.8 148.5 137.5 119.4 101.3 73.9 66.2 54.5 45.7 35 7.6 -1.9 -1.9 -1.9 -1.9 -1.9 -1.9 -1.9 -1.9 -1.9 -1.9 -1.9 -1.9 -1.9 -1.9
11.4 11.8 13.1 16 19.4 11.4 11.1 11.1 11.1 11.1 11.1 11.1 12.5 21 20.8 19.7 15.3 12.1 12.1 12.1 12.1 12.1 12.1 17.4 18.2 19.3 18.7 12.1 12.1 12.1 19.2 26.6 37.6 37 42.5 58.5 73.5 74.7 79.3 85.2 89.1 84.3 87.5 88.8 94 97 99.8 104.2 109 112 118.5 118 122.1 122.8 124.1 121.1 137.2 138.6 132.3 131.5 131.9 143.5 145.9 149.1 140 120.2 95.7 72.6 64.2 45.3 3 -1.9 -1.9 -1.9 -1.9 -1.9 -1.9 -1.9 -1.9 -1.9 -1.9 -1.9 -1.9 -1.9 -1.9 -1.9 -1.9
11.9 12.6 11.5 11.6 15 11.1 11.1 11.1 11.1 11.1 11.1 11.1 15.5 18.9 22.9 23.1 17.1 12.1 12.1 12.1 12.1 12.1 12.1 19.3 23.3 24.6 26.4 23.6 21.3 21.1 29.7 38.9 39.3 41.6 49.7 55 62.9 73.6 77.6 85.8 87.2 86.2 85.2 87.4 86.3 84.5 89.3 100.3 107.7 113 116.3 117 117.9 118.5 117.5 114 115.6 113.2 111.5 108.8 106.5 120.1 133.1 135.5 133.7 103.1 78.6 65.4 52.6 2.3 -1.9 -1.9 -1.9 -1.9 -1.9 -1.9 -1.9 -1.9 -1.9 -1.9 -1.9 -1.9 -1.9 -1.9 -1.9 -1.9 -1.9
14.2 14.7 13.1 12.7 17.4 15.4 11.1 17.4 19.5 15.2 11.1 15.6 16.9 14.5 12.9 18.1 12.1 13 12.1 12.1 12.1 12.1 14.4 20.9 26.9 30.7 34.6 33.1 43.7 36.7 40.5 35.4 38.8 47.9 61.7 63.4 67.7 78.1 78.9 79.8 80.1 75.1 74.4 81.5 84.3 84.9 86.9 79.3 77.3 81.7 93.8 107.8 109.6 113.4 110.6 105.3 105.7 108.6 103.9 99.9 97.6 98.9 97.7 104.4 100.7 83.3 64.5 48 20.1 -1.9 -1.9 -1.9 -1.9 -1.9 -1.9 -1.9 -1.9 -1.9 -1.9 -1.9 -1.9 -1.9 -1.9 -1.9 -1.9 -1.9 -1.9
17.6 11.2 12.1 11.8 10.7 15 17.7 19.1 22.9 25.4 16.9 14.9 26.2 20.7 15.1 12.1 14.5 12.5 12.1 12.1 12.1 13.4 12.1 12.1 19.4 27.2 34.9 35.4 42.8 40 29.5 29.5 41.7 61.3 71.9 70.8 72.7 78.6 75.3 69.6 68.7 68.7 68.7 75 79.1 80 81.5 77.3 77.3 77.3 84.8 92.4 93.8 93 93.7 95.6 99 99.4 94.2 87.4 87.1 89.7 87.7 85.4 79.9 76.5 49.2 -1.9 -1.9 -1.9 -1.9 -1.9 -1.9 -1.9 -1.9 -1.9 -1.9 -1.9 -1.9 -1.9 -1.9 -1.9 -1.9 -1.9 -1.9 -1.9 -1.9
