WholeMapElevations/data/nc/nc43_OST50GRID_20230518/NC43.asc
ncols 200
nrows 200
xllcorner 240000
yllcorner 930000
cellsize 50
[rows 0 to 34 of 200, columns 78 to 155 of 200]
203.2 204.2 206.2 203.6 206.5 205.7 200.2 201.4 201.9 200.4 191.3 189.1 184.4 175.6 164.8 171.6 187.6 196.1 206.6 217.4 228.3 239.1 250.4 261.7 274.8 283.6 293 301.1 310.4 318.9 325.2 331.1 339.2 344.9 345.6 347.1 345.9 340.7 335.6 329.9 319.1 314.7 310.7 307.3 303.1 300.4 297.5 293.7 289.7 287.4 287.4 284.9 285.9 281.9 283.8 280.7 275.7 276.1 274.2 270.8 271.2 268.7 266.5 265.4 262.6 261.5 255.3 252.3 249.1 246.6 243.1 237.4 232.5 229.2 225.5 220 217.4 213.2
198.8 201.4 208.7 208.6 206.9 210.4 201.7 202.9 205.1 199.1 192.8 192.7 187.7 177.3 169.8 167 173.9 190.3 203.3 219.1 231.5 241.9 252.8 263.1 271.8 281.3 288.8 299.3 309.9 316.5 321.4 332.2 338.3 345.4 344.9 344.2 342.6 343 340.3 333.7 322.1 317.9 315.4 312.4 308.4 304.9 302.2 299.8 295.8 294.8 294.4 292.6 293.5 289.7 288.6 285.9 282.4 283.1 280.1 277 278.1 276.2 271.5 270.7 271.4 269.5 264.3 258.9 258.8 256.8 250.5 244.2 242.4 238 232.6 228.4 225.7 218.9
195.5 199 210.4 211.8 209.9 208.5 208.3 203.1 203.2 200.4 199.8 195.7 192.2 179.5 175 167.5 175.9 196.3 203.6 219 229.3 241.1 251 260 265.6 275.4 286.3 299 307.2 314.9 322 330.4 336.4 343.1 342.8 340.6 338.7 340.7 338.1 331.9 323.5 320.4 318.9 316 312.5 308.4 306.2 304 301.5 300.3 300.1 298.3 296.6 295.4 295.2 292.1 291.1 288.9 284.1 286.5 285.9 281.8 277 277.9 277.1 275.6 271.1 267.4 261.8 261.5 257.3 252.3 250 243.5 238.2 234 228.1 225.8
195.3 196.5 208.7 211.8 212.8 214.1 214.3 208 202 197.9 198.6 193.6 189.7 179.9 175.5 168.9 174.7 190.4 202.3 215.5 224 235.9 247.5 256.1 265.1 271.3 285.8 294.7 303.2 313.5 322.9 326 333.4 341 340.6 337.5 335.3 336 332.3 328.9 323.7 322.2 320.2 318.4 316.2 313.2 307.9 307.8 306.2 304.3 304.6 302.5 301.2 300.4 299.1 297.1 297.3 294.9 294 293.4 292.4 289 286 285.6 284.4 281.7 276.5 273.5 270.6 268.3 260.8 257.2 255.9 250.3 244.7 240.8 234.1 229.3
195.3 193 201.2 209.3 212.3 211.7 212.3 206.9 201.9 196.8 196.3 189.2 186.6 185.8 181.4 174.4 172.5 191.8 204.2 217.8 226.7 235.8 246 254.5 264.2 274 287.5 293.2 302.2 311.8 319.6 322.4 333.3 340.9 337.9 335 332.8 331.9 328.5 325.5 323.4 321.4 321 319.6 318.4 314.5 310.3 309.8 308.7 308.3 307.5 305.8 305.6 304.3 301 301.2 301.5 301.3 299.1 298.6 296.9 296 293.2 291.7 289.1 284 280.4 276.7 276.1 272.1 267.5 264.6 260 256.2 249.8 244.9 239 233.5
193.3 192.2 192.9 201 207.7 207.9 203 200.9 197.5 197.5 194.7 194.6 195.7 191.6 189.9 180.2 178.7 194.5 204.8 217.3 227 236.2 243.4 250.5 259.4 272.5 285.1 294.7 300 311.2 317 321.7 329.6 337.4 337 333 328.7 328.1 325.1 323.3 321.4 320.8 320.9 319.6 318.9 315.6 313.3 312.8 311.9 311.1 311.2 310.4 308.4 306.7 306.6 306.2 304.6 305.2 303.4 302.1 301.1 300.9 297.4 296.8 294.9 290.2 286.1 284.1 280.1 277.5 273.9 270.3 266.2 262.3 254 250.3 243.5 239.6
192.6 192 193.4 199.2 199.1 200.6 200.6 201.1 199.7 200.2 197.5 200.4 201.8 198.8 194.8 180.2 186.8 187.7 197.5 213.1 228.4 233 239.6 248.9 257.6 267.7 279.4 291.1 301.4 307.9 313.9 317.8 324.1 334 333.5 329.3 325.2 323.7 322.7 321.4 320.8 320.1 319.8 320.9 319.7 317 315 315.4 315.2 314.2 313.8 312.4 312.3 311.7 310.8 309.9 309.7 308.7 307.3 306.1 305.6 303.3 301.9 302.3 299.6 294.8 292.3 288 284 282.4 279.4 275.5 272.2 266.1 260.5 255.7 251.4 246.7
193.8 192.5 193.3 199.5 198.7 199.9 200.6 201 200.5 199 200.4 203.6 203 202 195.5 186.5 193.4 190.4 199.5 211 219.2 230.1 235.5 243.8 253.7 264.5 277.1 285.8 293.1 304.3 313 317.1 319.5 328.3 330.9 326.3 322.6 320.3 320.2 319.2 311.9 320.5 320.1 321.1 320.7 319.3 317.1 317.6 317.2 316.1 315.9 315.8 315.1 313.7 313.9 313.7 312.9 312.6 309.9 309.9 308.7 308.8 307.4 306.6 305 300.7 295.6 292.4 289.9 288.5 284.5 281.6 276 271.7 265.3 261.2 257.6 252.2
191.9 191.9 192.7 196.8 198.9 199.4 200.2 202.6 200.8 200.1 199.3 200.4 201.6 205.3 195.8 199.5 197.8 197.4 202.1 212.4 215 232.7 240.7 249.2 257.5 268.6 277 284.5 292.7 303.4 313.7 314.1 315 322.5 325 321.3 320.2 318.5 311.9 311.9 311.9 320.6 320.8 321.9 320.9 320.6 319 319.6 319.4 318 319.4 319.3 317.8 317.1 316.3 315.4 315 315.7 314.3 312.7 310.9 312 311.9 311.2 306.5 300.7 298.3 299.4 295.8 292.3 289.4 286.3 281.9 277.3 272.4 268.1 264.6 260.1
193.9 196.5 197.2 200.1 199.7 200.2 200.5 203.3 202 202.7 199.7 199.8 202.4 201.4 194.6 200.1 201.7 203.2 209.1 212.6 220.8 231.2 242.6 251.2 259.5 270.5 278 288 297.4 308.5 312.8 312.3 315.5 313 317.9 311.3 316.9 317.3 311.9 311.9 311.9 320.7 322.1 323.2 321.6 322.4 321.8 320.1 320.2 320.9 322.2 322.2 321.5 320.3 319.8 319.8 318.6 316.9 316.8 316 315.6 315.1 313.2 312.6 309.6 302.6 303.9 302.8 299.2 296.9 294 290.6 286.9 283.1 278.2 274.5 270.3 266.5
201.2 203.5 200.9 200.4 201.8 200.5 201.5 202.7 203.3 203.5 203.2 200.2 202.5 200.6 198.3 207.5 204.3 207.8 216.3 214.7 225.9 229.1 243.2 252.4 260.7 271.6 280 289.3 301.1 310.6 319 318.2 319.6 311.3 311.3 311.3 317.6 318 311.9 311.9 314.1 320.7 322.9 324.2 323.5 324.2 322.4 322.4 321.9 322.3 323.3 323.5 324.6 323.2 324.1 323.1 321.5 320.9 320.2 317.9 315.5 315.5 315.5 313.4 310.5 308.5 307.8 305.5 301.8 300.1 298.5 295.3 290.9 287.7 283.5 280.3 275.8 271.7
210.5 207.3 205 202.6 201.4 201.2 203.8 203.6 206.4 203.9 203.1 202.3 198.6 200.3 202.8 206.1 206.2 209.5 212.4 217.7 225.9 231.3 242.9 251.5 261.9 269.9 281.7 293.7 303.7 314.9 319.6 320.8 321.5 318.1 311.3 311.3 317.7 320.1 318.9 314.5 320.7 322.9 324.4 325.4 325.9 326 324.7 323.4 322.3 323.5 324.6 325.4 326.2 325.7 325.7 324.7 323.8 323.3 322.1 318.7 316.4 316.8 318.5 316 312.2 311.3 310.7 310 306.6 304.9 302.5 299.1 296.4 292.6 290 285.1 280.9 276.9
223.1 214.2 206.6 206.6 205.5 206.6 205.3 205.1 205.7 205.2 204.5 203 201.3 202.6 205 206 208.6 213.6 216 221.8 225.5 233.1 241.5 252.4 263.5 271.3 283.9 298.1 306.8 319 323.4 324.1 320.7 320.2 318.7 317.7 319.7 320.9 320.9 321.5 322.3 324.7 326.5 327.4 327.9 326.8 327.1 324.2 324.8 324.9 326.7 327.8 329.2 327.5 326.6 325.8 325 324.1 323.5 320.1 320.6 320.3 318.1 317.8 315.7 313.8 313 312.5 309.3 307.8 305 302 299.2 296.9 293.4 289.4 285.8 281.8
232.1 224.2 214.5 213.7 210.7 211.6 209.2 209.6 208.1 207.1 205.8 206.2 202.4 203.1 204 205.4 211.4 215.1 221 224 228.1 233.8 242.6 252.9 265.9 274.9 286.8 297.5 307.7 322.2 327.5 322.3 321.8 321.8 321.9 321.6 321 321.8 322.4 322.2 326.2 326.6 329.3 330.5 329.4 329.2 328.7 326.4 326.4 326.4 328.5 329.9 329.7 328.8 329 328.3 326.7 325.1 323.1 321.4 319.7 319.7 318.2 317.3 315.9 315.5 314.6 313.8 311.7 309.7 308.7 306.5 303.9 300.6 297.4 293.3 289.4 285.4
240.6 231.4 232 230.4 222.8 215.4 212.9 211.1 210.6 206.8 206.5 205.7 201.2 204.8 209.1 207.8 213.4 217.6 222.5 224.5 228.6 236 242.9 255 268.6 277.4 288.8 299.6 309.9 323.8 325.4 321.8 321.9 322.1 322.8 326 323.1 323.2 324.9 326.8 328.6 329.8 330.4 332 329.6 329.8 329.7 328.1 327.2 327.7 329.7 330.6 332 330.2 330.3 329.2 326.7 326 324.2 323.1 320.6 320.8 319.6 318.8 317.8 316.9 315.9 315.2 314.8 313.9 311 308.5 306.6 304.1 299.6 297.1 292.9 288.3
248.3 247.2 244.4 239.6 231.1 221.9 218.1 211.1 208.3 209.4 207.1 205.7 205.9 206.1 212.5 209.9 215 222.9 223.9 230.6 232.9 234.5 243.3 256.2 269.1 278 289.8 301.4 312.7 320.9 321.7 321.6 322.9 322.2 326.5 326.7 326 327.2 327.9 330.5 330.9 330.8 332.1 332.7 331.4 330.5 330.7 329.7 327.6 329.4 331 332.5 331.4 330.6 330.2 327.8 326.7 325.9 325 322.7 321.1 322.1 320.7 318.9 319 317.7 316.5 316.7 316.1 315.2 313 311.4 309.2 306.5 302.2 299.5 296.6 293.3
269.1 262.3 253.6 249.1 238.2 226 219.6 214.5 210 210.1 208.2 204.2 209 209.1 214.2 212.6 214.4 224.1 227.3 232.1 237.5 242.7 244.2 256.4 265.4 277 288.3 303.5 312.5 317.3 320.2 321.5 323 323.7 330.3 330.4 331.5 330.7 332.4 333.5 333.5 334.2 335 333.8 332.6 333.2 333 332.3 330.8 331.1 332 332.5 331.8 330.9 330 329.5 327.7 325.8 324.1 322.2 321.2 321.8 320.9 320.3 319.5 318.9 316.1 316.2 316.4 314.5 314.5 313.3 311.1 308.6 305.4 302.4 299.8 296.5
285.6 269.5 259 252.8 240.5 228.7 224.1 214.5 213.4 211.1 209.7 206.7 210.8 212.6 217.4 214 213.4 218.9 225.5 229.4 235.3 241.9 246.8 259 269.6 276 289.6 303.4 311.1 317.3 319 321.2 323.1 324.8 329.3 331.3 333 332.9 335 335.6 337.6 337.1 336.6 336.3 335.2 335.2 335.1 333.6 332.3 332.6 334.7 333 330.6 330.5 330.9 329.7 328.8 326.8 325.7 323 321.9 322.3 321.3 320.5 321.5 317.7 315.9 316.3 315.9 314.8 314.4 314.1 312.1 309.1 306.9 303.6 301.1 298.7
295.9 274 264.5 256 242.9 232.5 225 215.5 213 211.6 208.8 207.7 212.9 214 216.6 215.3 215.3 219.3 225.5 229.1 233.3 242.4 247.7 258 268.6 275.4 287 299.6 309.1 314.8 318.6 320 323.7 326.1 331 334.9 335.1 335.9 338 337.7 337.9 338.2 337.4 336.8 336.3 336.6 335.3 333.8 334.4 334.7 335.3 338.3 333.4 332.4 331 330.1 329.3 327 325.1 324.2 321.6 321.5 322 320 320 318.6 316.1 316.4 315.3 314.4 314.4 315.3 312.7 309.7 308.5 305.1 302.5 300
301.4 279.8 265.6 255.1 242.1 233.4 224.9 215.8 213.7 211.6 208.2 210 212 213.4 221.1 217.1 217.8 222 227.2 231.2 233.6 244.3 251.2 259.2 268.3 277.7 286 295.1 304.5 312.5 316.1 319.4 322.4 326.9 332.4 336.3 338.4 338.7 338.2 339.5 340.5 338.8 340.9 339.4 338.6 337.9 337.2 336.3 335.2 337.1 336.8 338 334.4 332.7 331.3 330.1 328.4 326.6 324.8 323 322.1 320.9 320.3 320.6 320.2 317.9 316.9 314.6 313.6 314.9 315.3 310.4 311.2 311.7 308.7 306.4 303.7 301.2
304.1 283.8 267 247.3 241.8 233.3 220.3 215.2 214.4 213.1 208.6 210.5 211.3 213.7 221.3 219.9 220.2 225.4 227.8 229.9 235.2 245.1 252.3 260.4 267.6 276.1 284.5 293.8 297.9 307.1 312.4 317 321.4 326.5 332.7 336.2 338 338 337.7 339.2 339 340.2 343.1 342.1 340.5 339 338 337.6 336.8 337.4 336.7 336.1 335 333.8 331.9 329.6 327.6 325.3 321.2 322.2 321.3 320.8 320.8 320.2 318.5 316.9 315.1 313.2 310.4 310.4 310.4 313.4 313 311.5 308.9 307 304.2 301.1
305.5 284.5 264.2 249.1 241.6 228.1 217.6 217.2 215.8 214 208.2 210.1 211.2 213.5 223.5 225.4 223.4 227 228.6 230.6 237.2 245.2 252.4 263.1 268.5 275.1 284.1 289.1 297.8 302.4 309.8 313.9 318.8 325.1 329.3 334.5 336 337.6 339.8 339.8 339.5 342.6 344.3 343.5 342 340.3 339.9 338.7 338.1 338 337 334.6 334.2 333.2 331.3 328.9 327.2 325 323.7 321.6 321.7 320 319.4 318.8 317.6 317.5 315.7 316 315.7 315.7 314.9 314.6 312.6 310.8 309.9 307.2 304.6 301.6
301.3 280.3 260.6 246.2 234.9 226.7 218.8 218.1 215.6 211.3 209.5 210.6 212.9 214.6 225.5 226.4 226 224.7 226.8 233.8 237.2 243.6 252.3 263.8 270.5 276.3 279.8 286.7 293.8 300.6 306.3 313 316.3 321.7 325.6 330.6 334.1 336.2 338.2 339.1 341.2 343.8 346.1 344.4 342.6 342.4 341.6 340.1 339 338.1 337.2 335.3 334.8 334 330.7 328.4 326.9 324 322.4 319.8 319.9 318.1 317.7 317.1 316.9 315.4 314.8 315.1 315.6 314.9 314.3 312.8 311.4 311.7 309.2 306 302.7 301.8
294.4 272.6 257.1 242.1 233.6 221.3 219.6 218.2 216.1 212.5 209.9 211.7 214.1 224.6 222.1 228.8 227.4 226.8 228.1 233.2 235.1 241.6 249.6 259.9 272.9 276.4 282 288.3 293.5 297.5 303.6 310.5 315.8 317.8 322.5 327.4 331.7 334.1 338.9 338.1 339.7 343.7 344.7 343.8 343.7 343.7 342.2 341.2 341.3 339.2 337.1 335.7 334.4 333.4 331.2 328.3 326 323.3 321.6 320.1 317.4 316.4 316.6 316.2 315.4 314.2 313.5 313.1 315 312.8 311.7 312 311.2 310 309.4 307 304.1 302.5
281.2 265.4 250.5 238.9 228.2 221.4 220 216.4 212.7 210.4 213.2 215.2 215 224 225.8 227.9 227.5 228 235.3 241.6 248.3 241.1 252 261.8 270.9 274.7 281.7 288 291.9 295.9 301.8 306.8 311.3 316.2 319.7 325 329.6 333.1 338.7 338 338.9 342.9 344.8 343.9 343.3 342.9 342.1 341.3 341 339.2 335.9 335.1 333.1 333 331.6 328.1 326.4 323.2 318.5 316.9 316.8 315.4 314.6 315 314 313.1 312.2 313.4 313.8 313.5 311.8 311.4 309.8 308.6 308.2 306.8 304 302.3
270.9 257.9 244.5 235.4 225.2 223.3 220.4 216.8 211.9 214.9 217.1 220.2 215.4 221.3 226.6 226.7 227.2 228.9 234.1 240.2 246.6 243.4 253.1 264.7 271.9 273.1 280.9 285.4 290.2 294.4 299.1 305.1 309.4 313 315.5 321.7 327.7 332 337.3 338 340.2 343.2 344.5 345.1 343.7 343.9 341.6 340.2 340.3 337.4 336.9 335.4 333.4 332.2 331.5 328.2 326.1 322 320 315.8 314.7 312.9 312.5 312.4 312.4 311.7 310.7 311.2 311.7 311.7 310.9 309.1 307.4 307 307.3 306.4 303.9 301.3
263.3 252.2 239.7 235.4 225 221.6 217.7 216 212.1 217.9 222.9 220.9 217.9 224.6 223.6 225.4 227.2 229.7 234.5 240.7 246.5 251.3 253.1 264.1 271.4 278.2 282 283.8 287.1 291.9 296.2 300.8 305 308.5 311.6 317.7 324.2 329.5 335.1 338.2 340.2 342 344.9 346.1 344.9 342.3 340.8 340.9 339.6 339.1 337.3 335.7 333.7 332.9 332.5 328.5 325 322.8 319.6 315 313.7 311.7 310.8 310.6 310.8 309.8 309.5 309.6 308.8 308.5 308.2 308 307.8 307.1 306.3 305.6 302.8 301.8
258 246.4 238.1 232.9 224.5 219.1 217.5 213.7 213.4 219.7 224.2 220.7 220.1 223.8 227.7 226 227.3 230.6 235.9 241.4 245.7 249.7 251.8 262.6 267.4 276 278.9 282.3 287 291.5 296.4 299.3 300.9 303 307.4 313.2 320.5 327.5 332.6 337.8 340.3 342.2 345.3 346.5 344.5 341.8 340.8 340.6 339.9 338.1 337.1 336.5 335.9 334.6 333.9 328.4 322.6 321.6 317.6 315 313 310.9 309.5 308.6 309.1 308.2 308.2 308.2 306.6 305.5 305.5 305.1 306.2 306.4 307 305 303 301.2
252.4 243.1 233.6 225.9 223.4 218.9 216.1 214.9 217 220.3 224.1 224.7 222.6 226.7 228.1 227.5 230.6 233.4 242.8 244.9 245.7 252 256.6 260.2 266.5 273.1 279.2 282.1 285.3 288.4 292.3 293.8 294.5 300.2 309.3 314.2 321.7 327.4 332.3 338.1 340.3 342.9 344.4 344.8 343.9 344 341.3 339.4 338.8 337.4 337.8 337.8 337.6 337.1 337.4 330.6 323.2 321.5 317.9 311.5 311 309.6 307.8 307.1 307.5 307 306.3 306.2 306.4 305.2 305.2 304.7 305.2 305.8 305.7 305.1 303.4 302
249.9 241.1 229.4 225.9 222.7 220 218.6 218.5 222.3 223.7 227.1 226 224.7 224.5 226.6 231.7 234.5 237.3 244.6 247.3 249.9 250.1 265.4 268.3 269.8 271.5 277 281.7 283.6 286.1 287.7 289.3 292.2 297.1 306.1 312.7 319.6 325.7 332.2 338.1 340.8 343.2 344.9 345.1 344.8 344.2 341.6 338.9 337.5 337 337.6 339 338.4 337.8 337.9 326.9 321.6 319 311.7 309.7 309 308.2 306.9 306.3 305.7 305.3 305.2 304.8 304.4 303.3 302.4 302.7 302.3 302.6 303.6 304 303 300.8
243.3 232.5 226 221.4 219.8 216.9 219.4 221.5 224 226.3 229 227.1 224.7 226.9 230.4 234.7 237.2 238.8 245 248.9 249.8 254.7 263.9 269.2 269.8 272.9 276.1 283.6 282.5 282.8 284.5 292.9 295.8 294.8 299.5 307 317.6 324.2 332.5 338.2 341.1 345.2 346 346.6 345.1 342.9 339.4 337.6 336.4 336.4 336.3 336 335.3 333.4 330.3 324.5 318.8 315.5 311.6 309.8 308.7 306.5 305.7 305.7 305.9 304.4 304.3 304.1 302.3 301.7 301.2 301.9 301.1 299.9 300.3 301.3 299.9 299.1
232.5 226.6 223 219.9 218.1 217 218.3 221.6 224 226.3 227.4 228.1 228.7 232.7 235.2 237.5 244.3 242 244.5 247.5 250.2 258.4 263.5 268 270.5 273.2 279.8 286.2 288.1 289 292.6 296.9 299.7 297.9 298.9 303.8 316.3 324.3 331.9 337.6 342.2 345.7 345.7 346 345 341.6 337.5 335.6 335.2 334.3 333.6 332.6 330.9 327.9 324.8 320.8 317.1 313.8 312.2 311.1 311 308.8 305.5 304.8 305 304 304.4 304.8 301.4 301.2 300.1 299.1 297.9 298 299.6 299.6 299.5 298.3
226.5 223 221.1 219.2 217 218.1 219.6 223 225.7 227 233.1 230.2 234.4 235 237.5 242.2 244.2 243.9 246.8 249 253.2 261.3 265.5 269.7 271.3 277.3 279.6 282.8 287.3 289.1 293.1 296.1 300.6 302.7 304.8 306.5 314.8 324.1 333.5 336.5 341.9 346.5 347.3 345.9 343.4 339.9 336.6 334 333.1 331.3 330.5 329.5 328.1 325.9 323.1 319.4 315.3 313.2 312.2 311.2 309.3 308.2 303.7 302.3 302.3 302.8 304.6 303.6 300.6 300.5 299.3 299.8 297.9 295.9 295.2 297.6 295.9 296.6
224 222.4 220.9 222.7 217.1 220.4 224 224.5 227.1 230.7 232 232.3 236.2 237.2 239.5 242 245.5 245.2 248 250.6 256 263.5 268.3 271.2 273.6 276.4 278.8 280.5 283.6 287.9 289.6 293.6 298.6 304.1 305.8 310.6 318.4 326.6 331.6 336.6 341.6 346.3 347 346 341.3 338.5 335.9 333.5 331.4 329.4 328 327.6 326.1 324.9 322.1 319.5 315.6 311.1 311 309.2 304.2 302.7 302.6 302.3 301.8 302.6 300.3 299.6 298 298 296.6 295.7 295.1 294.7 295.5 295 296.5 296.9
221.5 220.7 220.6 221 218.8 221 223 229.3 230.1 234.5 233 239.1 240.4 241.5 244.7 243.4 250.1 247.2 249 252.3 259.3 267.1 268.9 271.1 275.6 277.2 279.8 281.8 287.4 292.6 292.5 297.3 297.2 304.2 308.9 313.6 320.7 327.2 333.7 337.6 341.1 344.2 344.2 341.8 338.9 338.3 336 333.8 331 328.3 326.5 326 324 321.8 320.5 318.5 313.7 312.5 311.7 310.2 307.8 305.9 304.5 304.4 304.7 305.9 304.7 299 303.6 302.1 300.3 299.1 297.8 297.6 296.3 292.8 292.8 297.4
