UK/data/nt/nt02_OST50GRID_20230518/NT02.asc
ncols 200
nrows 200
xllcorner 300000
yllcorner 620000
cellsize 50
[rows 140 to 174 of 200, columns 78 to 155 of 200]
543.7 542.7 541.5 538.5 536.1 533.6 531.2 527.9 524 520 518.5 515.6 513.8 509.1 513.3 512.3 510.3 507.9 502.3 499.8 498.8 492.4 478.3 443.7 433.7 424.6 417.3 410.6 420.5 430 438.4 441 440.1 440.9 442 443.6 445.6 450.8 456.8 452.9 438.2 433.4 426.4 419.4 412.4 408.5 401.7 392.6 381 377.2 373 373 369.1 362.3 356.3 350.8 347.2 341 333.3 325 317.2 312.8 318.4 323 319.8 318 317.2 313.9 311.6 308.8 305.9 300.1 299.4 297.4 293.8 291.3 290.5 290.5
546.1 546.2 544.1 539.2 535.4 525.5 519 512.6 498.7 494 492.5 489.2 490.5 491.3 499.8 501.7 500.2 498.8 496.5 493.7 494.5 486.4 452 438.6 428.6 428.5 423 418 409.8 409.1 418.8 423.1 423.6 425.4 426.5 428.6 430.6 434.5 440.2 437.7 426 424.6 418 411 406.5 403.5 397.8 391 384.3 376 371.9 376.3 368.2 364.4 360.4 355.1 350.5 339.8 333.2 324.2 318.2 312.2 309 316 314.4 312.5 310.1 307.4 306.7 303.2 298.5 294.3 293.3 292.5 291.7 290.5 287.1 286.7
547.8 545.1 540.7 536.2 527 517 502.6 493.1 478.3 466.2 460.3 461.9 463.2 472.8 485.1 491.1 489.9 488.6 487.1 486.3 486.9 479.4 454 444.6 434.8 429.4 425.3 421.3 413.7 407.1 400.5 407.5 407.2 410.1 411.5 413.7 415.7 418.3 423.1 422.6 415.2 414.5 409.6 404.1 401.3 398.3 393.8 388.1 380.4 372.6 378 377.6 367.6 362.8 358.3 351.7 345.1 339.9 334.4 328.9 323.5 318.5 312.7 305 310.8 307.1 304.5 301.1 299.4 295.4 294.8 292.4 289.3 288.8 287.4 283.5 282 275.9
544.3 540.1 535.2 530.5 518.5 506.4 479.1 465.5 454.1 436.9 435.2 440 444.2 456.9 471.1 480.9 479.6 478.4 478.4 478.2 480.2 472 459.9 447.8 438.5 430.9 426.3 435.8 431.1 421.8 404.6 398.3 391.6 394.5 396.3 398.7 400.6 402.8 405.8 407.8 404.4 403.9 401.2 399 396.1 393.2 390 387.1 381.6 375 381 378.7 372 366 358.5 350 344.5 338.9 334.4 329.7 324.9 320.6 316.6 307.8 303.2 306 304.3 301.3 299.3 298.2 295.7 290.5 285.4 284.9 280.5 276.4 273.4 271
537.1 533.4 529.8 525.3 512.8 496.6 469.9 442.6 430.1 423.6 423.1 425.3 431.7 442.8 453.3 468.3 469.8 471 471.4 472.4 473.7 467.7 462.3 452 438.9 432.3 438.6 450 449.3 442.9 431.9 419.7 407.6 397.1 384.4 386.2 388.8 390.2 389.3 393.2 394.2 394.8 393 391.4 389.5 388.1 385.8 382.3 376.4 379.6 384.4 377.4 369.7 362.8 355 348.2 343 337.5 333.1 328.4 323.7 319.8 316 311.3 303.2 296.3 303.8 301.5 300.5 296.9 294.5 286.9 280.2 276.7 273.4 270 268.5 267.7
530.1 529.7 527.1 518.5 506.5 488.6 458.7 433.2 414.4 412.1 411.5 413.3 415.8 424.3 434.7 447.1 461.9 464 465.2 466.6 468 464.1 460 454.9 439.6 436.5 447.9 459.5 459.3 452.5 441.7 429.4 417.1 405.5 402.8 386.5 377.8 376.7 374.6 380 382.4 382.7 383.8 383.3 382.2 381.3 380.4 378.1 378.1 381.6 382.3 375.3 367.5 360 353.2 346.8 341.7 336.8 331.8 327.2 322.8 318.9 314.1 309.6 304.8 299.6 292.9 296.3 295.2 290.3 284.7 279.1 273.5 272.8 273.1 272.8 272.4 273.8
527 526.6 522 512.1 499.3 471 446.2 424.3 410.3 404.5 401.6 401.6 403.5 412.1 418.2 433.6 447.6 453 458.2 461 462.5 460 454.8 443.6 432.2 443.6 454.7 465.3 468.9 462.8 451.4 439.2 427 414.7 409.4 404.5 388.3 380.5 371.6 369.7 369.8 370.7 373.4 375.1 375.3 374.5 375.8 374.7 377.4 379.8 380.2 372.4 365.4 358.4 351.5 345.4 340.5 335.6 330.7 325.9 321.7 317.1 312.5 307.7 302.9 299.3 292.7 285.8 287.5 285.8 280.4 275.3 273.3 273.5 274.9 275.8 277.1 278.3
527.6 520.8 517.7 510 497.4 468.2 437.7 422.8 410 399.1 395.5 395.8 395.5 401.2 407.2 419.7 431.4 438.4 443.3 448.3 453 449.1 440.6 430.2 434.9 446.5 457.8 468.7 476.4 473.1 461.5 449.9 437.5 425.1 415.7 405.3 402.8 394.4 380.9 367.9 365.6 363.1 360.2 365.5 369.7 370 371.4 372.3 375.6 377.3 377.6 370.7 363.7 356.7 349.8 344.2 339.3 334.4 329.4 324.5 320 315.4 310.7 305.9 302.3 299.3 290.4 285 281 280.3 278.3 271.4 273 276.9 278.4 278.6 279.6 280.2
524.2 516.6 515.6 509.1 497.6 484 460.6 441 417.4 403.2 394.9 390.6 390.7 390.7 395.4 402.2 414.2 423.8 428.8 433.7 437.6 433 426.2 417.3 433.9 447.5 458.2 468.8 477.8 480.6 472.8 460.4 447.1 435.3 424.7 408.6 403.6 398.6 389.5 378.6 374.2 369 362.3 354.1 358.3 364.3 368.7 369.6 369.2 369.7 373.1 368.4 361.5 354.6 348.2 342.6 337.7 332.6 327.4 322.3 318.3 313.8 309.5 306.3 302.5 298.9 294.3 287.1 282.1 278.2 275.9 273.1 270.7 279.4 280.1 280.7 281.4 281.6
521.4 517 513.8 507.4 497.9 487.3 476.4 454 431.9 410.8 397.5 391.9 386.2 385.9 386.2 389.8 397.2 408 414.3 419.2 421.2 417.3 410.4 407.3 425.9 445.2 456.6 468.8 477.2 485.7 480.5 467.9 454.6 442 429.7 410.9 402.8 397.7 391.4 385 379.2 372.4 367.7 350.9 348.9 353.4 361.9 361.4 359.3 364.8 370 366.2 359.4 353 347.3 341.4 336 330.8 325.7 320.5 315.8 312.4 308.7 304.9 301.1 297.7 292.6 284 281.1 277.8 275.6 273.3 273 281 281.6 282.4 283.2 283.1
519 513.3 510.5 504.1 497.8 486.7 474.2 456.9 438.8 410.4 399.1 393.5 387.6 382.2 382.1 382.4 383.2 391.2 400 404.6 404.3 401.4 394 401.8 421.6 441.4 456.7 467 473.9 480.8 480.2 471.3 459 448 431 411.5 404 398.5 390.2 384.3 379.9 376 370.3 362.9 348.3 345.3 348 349.2 354.3 359.8 365.3 365.5 357.5 351.5 345.5 339.7 334.4 329.3 324.2 319 314.1 310.4 307.1 303.5 299.8 295.4 286.4 282.1 278.8 274.1 273.8 273.9 272 282.2 283.4 283.8 285.2 288.6
517.5 509.7 508.2 503.8 496.5 484.9 472.4 454.9 439.5 413.9 400.7 395.1 388.5 382.6 378.9 380.3 377.5 378.5 382.4 384.4 384.2 383.3 380.3 399.9 419.2 434.1 452 464.5 471.1 474.8 472.8 464.3 455.3 442.6 427.6 408.5 402.5 394.7 390.3 383.8 379.4 376.1 370.6 362.8 356.7 346.6 338 343.2 349.3 356.2 361.6 360.4 356.5 349.6 343.7 337.9 332.6 327.8 322.6 317.5 313 308.6 305.3 301.9 296.5 286.9 283.6 279 276.6 274.3 274.5 272.2 275.9 282.2 284.5 285 288.7 296.8
514.7 509.2 508.1 500.6 493.3 483.1 470.7 453.2 437.8 415.8 404.1 396.3 389.5 383.3 379.8 376.8 374 372.8 372.6 372.1 371.4 371.7 377 388 407.6 423.4 438.6 455.5 468.3 463.3 458.1 451.7 443.7 431.9 418.1 405.1 398.7 390.8 387.4 383.4 378.4 375.5 370.2 362.9 358 352.3 338.2 339.2 344.2 351.1 355.8 355.4 352.7 347.6 342 336.2 330.9 326.3 321.1 316.3 311.9 307.6 303.4 300.5 290.6 285.3 279.1 276.9 275.4 275.1 273.8 275.6 280.8 277.8 285.3 286.1 292.3 300.2
511.6 507 504.8 499.1 491.1 480.8 459.6 442.8 424.8 416.3 409.8 402 396.7 389.1 382.7 379.8 373.7 371.8 371.3 368.6 367.7 367.6 370.7 379.8 395.6 408 421.3 438.6 449.6 448.5 443.4 437 432.3 419.5 405.7 399.2 396.2 389.4 384.8 380.4 376.7 374 370.1 362.9 358.6 355.8 342.1 335.1 339.8 344.4 350.2 351.5 351.1 346 342.6 334.4 329.2 324.5 319.6 315.3 310.9 306.4 301.6 292.6 285.7 280.3 277.5 276.2 275.7 275.1 275.4 284.6 283.8 280.6 283.7 287.4 295.4 305.6
508.6 505.6 499.2 497 487.8 471.3 457.5 447.6 437 433.5 427.3 415.5 407 397 387.9 382.7 377 374.3 371.6 370 367.6 365.3 363.6 367.3 383.1 395.4 406.9 419.1 426.6 431.3 428.7 425.3 419.7 406.8 401.4 397.6 393.4 387.4 382.8 378.4 375.9 371.7 367.8 363.2 359.5 355.4 346.7 331.2 332.9 342.9 346.2 346.4 347.1 343.5 339.7 333.4 327.3 322.5 317.7 312.4 307.5 302.2 296.2 288.6 280.8 278.2 277.4 276.5 273.9 276 282.9 285.1 284.7 281.2 283.4 289.7 300.1 311.8
503.5 500.1 489.8 496.5 492.7 486.5 474.7 461.3 456.1 452 442.3 430.9 418.4 405.4 396 386.5 380.7 377.2 375.4 373.4 371.4 369.4 365.2 360.3 367.1 377.5 386.5 395.5 399.6 404 407.2 408 405.9 403 399.1 395.2 390.6 385.3 380.6 376.8 373.1 369.4 365.7 361.9 357.9 352.7 346.6 336.9 325.8 337.1 341.7 343.3 341 336.8 332.7 326 320.8 317.7 312.8 308.8 304.4 299 288.6 281.2 279.3 278.5 275 276.9 280.6 285.6 287.8 285 285.7 284.9 282.9 289.9 302.7 317.2
496.8 481 490.7 500.7 498.6 495.1 487.7 475.9 471 469.5 458.2 446.3 431.1 414.7 398.3 385.6 381.4 382.7 382.2 381.9 379.1 378.8 375.6 370.5 355.4 355.5 361.6 368.8 377 385.6 391.5 395.8 398.1 397.8 395.2 391.4 387.8 383.2 378.5 375.1 370.8 367.1 363.2 358.9 354.9 349.7 344.1 335.8 321.3 326.7 333.2 338.6 334.2 329.9 325.7 319.6 314.5 311.2 308.1 301.9 296.2 286.5 280.3 278.4 275.9 277.4 277.5 281.3 287.1 288.4 289.7 288 287.2 286.8 283.9 289.5 303.6 320.4
482 477.1 497.4 504 503.4 502.5 498.5 490.4 482.9 480.1 470.5 457.3 435.5 419.3 398.1 392.2 396.2 398.4 397.7 395.7 392.2 391.8 386.4 380.7 371.9 362.4 354.9 350.5 353.9 362.6 370.2 381.7 389.9 391.2 390 387.7 384.1 380.6 376.8 373 368.6 364.9 359.8 355.7 351.8 346.1 341.2 334.1 323.3 319.7 327.2 328.1 327.5 323 318.5 313.2 308.2 303.2 300.9 291.2 282.9 276.8 278.4 278.9 278.8 279.3 283.5 286.6 289.6 290.6 292.3 291.6 289 288.2 285 290.5 307 326.6
476.4 486.7 497.4 504.4 507.8 507.1 503.7 498.8 494.7 487.4 480.2 463.4 441.5 420.1 411.8 410.2 414.3 417.6 417.9 417.9 415.6 408.1 400.9 393.5 386 381.1 373.3 364.1 350.6 344.8 349 362.6 376.4 384 384.8 384 380.4 377.8 375 371 366.6 361.8 356.6 352.5 348.7 343.7 338.4 331.5 323.6 315.6 319.7 322.3 320.1 315.8 311.5 307.4 301.2 296.1 284.7 280.3 278.1 285.5 287.7 285.4 283.5 285 287.9 293.8 297.1 298.6 298.3 296.1 292.3 288.3 286.6 290.9 304.3 328.7
482.3 490.8 497.7 502.5 506.5 507.9 504.6 501.9 497.8 492.2 478.1 458.2 446.7 435.7 426.2 423.6 429 431.1 432.1 431.3 427.7 423.5 417.6 411.4 401.4 396.5 389.9 381.4 370.4 355.8 340 344.8 361.3 374.2 377.7 379.9 377.7 376 373.3 368.7 363.2 357.8 354 349.1 345.1 341 336.6 329.1 320.1 306.7 308.8 312.9 312.1 308.4 304.1 299.7 291.3 284.7 281.2 280 286.6 287.8 287 285.8 289 293.1 298.6 305.2 310.4 313.5 311.9 304.4 296.9 290.8 286.8 289.2 304.5 327.1
479.8 488.4 495.5 503.4 504.1 505.2 503.5 503.5 500.4 495 479.6 472.5 464.3 446.8 431.4 428.9 433.4 436.6 439.2 438.6 434.3 431 425.6 421.8 419.1 414.3 405 394.8 384.3 369.7 351.5 335.5 346.4 362.8 370.2 373 374.1 372.5 369.6 364.5 359.4 356 351.9 347 342 337.1 333 326.6 321.5 315.6 296.3 298.7 302.4 301.1 296.7 291.2 283.8 281.7 280.5 286.2 288 289 287.3 288.5 296.7 301.8 309.8 317.3 324.5 327.8 324.3 313.4 303.4 294.1 288.3 292 304 325.1
474.6 482.6 489 493.7 500.5 501.7 503.3 504.9 502.5 496.1 486 473.6 465.7 447.2 432.8 427.1 429.3 433 436.5 436.9 437.1 435.7 429.9 427.6 423.4 417.4 407.2 398.8 388.6 381.8 369 345.4 330.6 344.7 359.3 364.8 368.8 367.7 365 360.6 357.2 353.4 348 343.1 338.2 333.3 328.6 324.1 319.2 312.3 304.1 294 292.3 293.6 288.2 283.9 282.3 279.9 283 287.2 289.6 292 294.9 296.9 304.6 312.9 323.2 334.3 342.6 343.7 337.1 330 313.3 298.3 287.4 292.7 302.8 321.6
465.5 472.2 479.6 485.8 494 498.5 502.2 504.2 502 495.7 488.6 478.2 461.6 442.4 427.8 420 419.6 424 428.9 432 434.3 435.3 432.5 431.2 425.3 409.3 406.1 396.1 387.6 379.7 372.3 358.9 341.1 333.8 346 353.3 358.3 361.5 358.6 357.6 354 348.5 342.8 337.9 333 328.4 323.8 319.5 314.5 304.9 300.3 295.9 289 286.4 283.9 282 285 281.6 283.2 288.8 293.6 297.8 304 311 317.4 328.8 342.1 350.5 360.5 357 351.5 339.7 322.6 306.2 289.6 291.1 303.3 320
456.1 462.9 470.9 480.7 490 497.5 506.1 503.2 501.3 495.8 485.8 475.2 458.4 436.9 420.1 411.4 406.7 409.4 419.1 422.5 424.1 428.4 429.1 427.7 419.4 406.6 401.7 392.8 384 374.9 368.7 357.8 351.2 327.3 330.8 342.1 348.8 353.3 352.4 351.3 347.3 342.8 337.9 332.7 328.1 323.6 319.1 314.5 308.7 303.4 297.8 291.2 287.9 282.8 284.4 285.5 289.8 288.4 284 287.3 295.6 302.3 314.5 322.1 334.3 347.4 360 368 370.7 367.4 359.4 345.2 325.2 310 293.3 291.5 304 319.3
461 469 476.3 484.2 492.6 501.6 506.2 504.6 501.1 494 485 469 447.5 429.2 418 410.7 405.1 398.5 405.1 412.8 417.5 421 421 420.1 414.2 406.8 396.6 388.2 380.1 370.8 361.2 352.6 344.4 334.9 319.6 330.8 338.8 344.4 345 344.1 339.8 335.5 331.2 327.7 323.2 318.8 314 309.3 304.3 299.3 294.2 287.9 284.5 284.7 286.1 293.2 291.1 290.7 289.4 286.1 293.6 304.5 317.7 333.4 348.4 364.3 376.1 378.4 377.8 373.6 361.2 347.3 326.8 312.5 292.9 294.2 305.8 318.8
473.3 478.8 488 494.2 499 503.6 507.4 505.7 501.2 493.4 484.6 468.2 456.9 443.9 426.6 416.7 409.6 401 391.6 399.3 407.1 409.3 411.3 410.4 404.4 395.6 388.2 379.7 372.1 362.2 353 340.5 333.5 325.5 320.6 317.8 323.7 332.3 334.5 335.3 333.1 328.8 324.8 321.6 318 312.9 308.7 303 299.2 294.3 287.9 286.1 282 288.4 292.5 294.3 294.2 291.3 293.5 287.9 294.2 303.1 319.6 341.3 360.8 378.5 384.3 384 381.7 376.4 364.6 347.4 326.5 312.4 293.6 294.4 306.2 319.2
485.5 492.7 500.2 503.8 504.7 507.7 508.7 506.2 501.5 495 488 480.3 465.4 448.9 434.7 427 414.6 403.4 392.9 387.3 396.1 398.1 398.8 394.2 390 385.3 375.7 368.5 359.5 349.8 340.7 329.5 324.1 325.4 327.7 317.6 311.8 317.1 325.3 326.2 326.3 322 318.7 315.5 311.9 306.9 302.4 298.5 291.1 286.5 282.7 285.1 294.6 294.7 294 296.3 296.1 294.2 297.1 289.8 292.6 302.9 320.9 345.3 370.5 383.9 388.6 389.3 386.5 379.5 366.4 345.6 327.2 311.2 298.4 294.9 308.2 320.1
496.4 505.2 509.3 510.8 511.6 511.3 510.9 507.4 502.1 495.5 488.3 481.1 467.3 454 442.5 431.9 420.2 406.8 396.5 385.3 378.5 381.8 379.7 376.1 376.5 369.6 360.7 354.6 348.7 340.6 344.2 347.8 342.8 341.1 338.7 331.4 315 309.7 310.1 316 317.8 315.7 312.1 309.1 305.6 301.1 297 288 285.5 283.1 285.7 293.3 297.6 298.6 299.5 301.4 300.4 298.3 299.5 291.6 293.5 302.7 319.9 346.1 371.7 386.4 390.4 390.1 387.4 380.2 364.8 346.1 324.7 312.9 298.5 294.2 309.3 320.9
507.3 510.9 515.4 516.3 515.9 514.4 512.3 508.4 502.8 494.9 487.4 478.8 467.9 456.2 443.9 431.8 416.9 404.6 395.6 387.7 375.6 373.2 376.7 367.6 366.3 360.2 359.4 360.1 359.8 359.8 357.4 354.8 349.9 344.9 340.2 334.8 328.9 319 306.2 303 302.8 305.9 306 302.1 299.8 291.9 289.1 285.1 286.6 290.2 296.4 300.4 305.8 306.6 310.5 310.5 307.3 303.8 298.5 293.2 294.4 303.5 321.1 345.1 372.4 385.6 389.4 389.1 386.2 379.6 366.2 349 331 314.9 299.2 296 308.2 320.9
514.8 517.5 519.3 519 518.7 517.1 514 508.8 501.8 490.7 483.3 472.3 461.5 450.2 437.8 421.3 407 396.3 388 381.4 383.8 389 390.7 385.4 379.2 376.2 374.2 373.2 367.3 364.2 361.3 357.4 351.7 346.5 340.1 334.7 329.7 323.6 318.5 315.3 308 295.4 298.4 299.2 290.7 283.6 286.5 287.2 293.2 299.8 305 310.3 317.2 318.6 331.4 327.7 315.2 310.1 303.8 299 294.7 305.4 324.8 347.1 368.4 384.2 387.7 387.4 384.3 378 367.4 351 334.7 316.7 301.1 296.7 304.5 319.2
520.8 523.4 525.1 525.4 525.2 521.8 516.5 509.6 499.7 476.2 467.6 455.1 443 438.8 427.2 410.9 398.7 389.8 384 387.3 392.1 396.8 398.1 393.6 386.6 381.5 379.3 378.2 374.6 367.8 363.1 357.1 350.2 345.4 339.2 333.3 329.1 322.6 316.3 312.6 309.1 301.4 292.4 290.6 287.3 287 288 298.3 302.1 308.7 315.9 325.5 338.4 339.7 347.5 340.4 329.4 319.9 307.2 301.8 295.7 306.6 324.9 346.3 367.9 382.6 387.3 387.2 384.2 378.8 366.8 355.7 340.5 322.6 305 297.6 301.8 314.8
524.6 530.4 533.2 534.1 532.7 527.4 520.6 510.5 500.3 474.3 444.6 431.1 425 421 411.3 398.9 391.7 388.8 389.6 394.1 398.6 403.4 405.4 402.2 395.4 388.5 382.7 379.3 375.1 367.2 362.4 356.3 348.9 342.6 338.3 332 328.7 321.6 314.2 307.6 303.8 297 292.2 286.9 288.1 289 298.4 305.4 313.4 323.1 335 345.8 355 356.1 353.9 352.7 346 327.2 308.9 300.5 296.2 305.6 324 346.2 369.3 381.5 386.8 387.1 384.2 378.9 370.1 360.2 344.8 328.4 311.1 299.5 298.8 309.8
527.8 533.9 540.3 542 540.1 534.1 523.8 512 499.9 486.1 464.1 438.2 417.2 406.1 400.5 395.3 393.4 392.3 394.1 398.6 405.2 410.5 413.3 409.8 397.8 395.1 387.3 381.6 374.3 366.7 358.7 348.5 341.7 337.5 333.9 330.5 329.2 319.2 312.8 305.2 299.3 292.3 289.2 287.3 296 300.8 305.4 313.8 330.8 345 358.1 362.9 370.9 373.5 373.3 361.8 352.3 334.6 317 303.2 297.7 306.4 324.3 345.7 368 381.9 386.7 387.4 384.6 380.8 372.9 363 351.5 334.3 317.8 302 299.2 306.9
527.1 534.2 541.4 544.6 541.3 534.2 523.6 511.7 499.2 483.3 464.6 442.8 421.3 404.1 401.8 399.3 398.2 398.3 398.4 405.3 413.4 420.1 421.5 414.8 406.7 399.2 389.5 382.2 374.4 365.2 356.6 347.1 338.2 333.6 330.6 327.9 322.7 314.2 306.2 293.6 291.1 290 289.2 291.7 301.8 307.8 313.7 328.4 346.1 361.3 370.9 377.4 381.3 382.2 381.1 373.9 361.8 341 323.9 306.6 299.8 307.8 323.4 343.9 368.1 381.4 386.7 388.6 386.1 383 376.2 366.1 356 339.1 323.5 305.8 299.7 303.7
521.1 527.6 539.5 542.2 539.1 531.1 521.5 511.5 497.7 479.4 455.4 433 417.3 412.2 414.2 411.1 407.1 402.9 405.9 413.7 421.6 430.7 430.4 419.6 407.6 398 389.2 383.4 374.7 362.2 355 345.8 338.3 331.6 325.2 321 314.9 306.9 292.8 290.8 289.7 289 290.9 301.6 308.9 315.6 324.6 340.9 357.4 368.3 377.9 384.3 387.8 389.4 385.1 377.2 367.2 346.7 327.6 309.7 302.2 310.1 324.8 342.3 366.5 381.4 388.4 389.9 388.3 384.9 378.3 370 359.9 344.7 329.8 313.2 303 301.6
