WholeMapElevations/data/sj/sj15_OST50GRID_20230518/SJ15.asc
ncols 200
nrows 200
xllcorner 310000
yllcorner 350000
cellsize 50
[rows 0 to 34 of 200, columns 0 to 79 of 200]
108.1 106.6 104.5 103 100.6 99.5 97.7 95.9 92.7 87.4 84 83.4 73.8 58 57.5 57.3 58.6 58.1 57.5 56.8 56.5 56.6 55.7 55.4 55.4 55.4 54.3 54.4 53.7 51.9 51.4 50.9 50 49 48.3 47.8 48.2 47.9 47.6 47.8 47.9 48 47.8 48.2 48 48.1 49.1 49.9 52 53.3 52.3 52.9 54.9 57.2 59 61 63.2 62.8 58.8 52.9 52.8 54.6 60.7 63.9 67.6 72.2 75.8 77.4 78 78.8 79.8 80.8 79.7 78.7 77.9 78.5 79.8 81.3 82.1 82.7
108.6 107.2 105.5 103.1 101.4 100.2 97.8 96.1 91.4 87.2 84.6 83.6 83.6 63.5 58.9 57.9 58.7 58.1 57.4 57.1 57.1 56.8 56.3 59.8 60 57.1 53.3 52.9 52.6 51.3 51.2 50.6 49.9 48.8 48.4 47.9 48.1 48.1 47.8 48 48 48 48.2 48.1 48.1 48.3 49.9 52 54.1 54.9 54.5 55.2 57.7 59.7 61 63 64.4 64.5 60.5 55.3 53 52.6 57.4 61.3 65.6 69.7 73.6 75.3 76.3 77.2 79 80.9 80.7 79.5 78.7 78.4 79.1 79.8 80.6 81.1
110.4 108 105.5 102.7 101.1 100 96.5 95.4 87.6 85 84 81.8 76.2 59.2 56.7 59.7 59.4 59.4 59.3 63.8 63 60.7 62.2 63.9 62.5 59.7 54.9 51.8 51.3 51 50.8 50.1 49.5 49.5 48.1 47.8 48 48.2 48.1 48.2 48.7 48.8 48.1 48.3 48.7 49.2 50.9 53.4 56 56.9 57 57.3 59.1 60.6 62 63.6 64.3 64 61.2 56.4 53.2 53 56.5 59.5 64 67.3 70.3 71.4 72.9 75.4 77.8 80.3 81.5 80.4 79.1 78.4 78 79.1 79.2 79.7
111.8 109.5 106.3 103.1 101.3 96.6 93.2 87.2 81.7 71.7 65.9 69.4 60.8 59.3 65.3 63.7 62.2 66.4 69.8 68.1 67.8 65.3 65.7 65 64.1 61.4 56.7 52.1 50.5 50.3 50.5 49.8 49.1 49.1 47.6 48.5 47.9 48 48 48.5 48.9 49 48.3 48.6 48.6 49.4 51.7 55.1 56.6 57.3 57.7 57.9 59.7 61.6 62.2 62.5 62.9 63 59.9 56.4 53 52.7 55.6 59 61.4 64.9 67.8 69.1 70.6 72.5 75.8 78.4 81.3 80.4 78.9 78.4 78 78.3 77.8 78.4
112.9 110.9 106.8 103.7 99.4 93.5 87.7 78.5 69 59.9 78.1 67.7 75.2 77.6 75.6 74.5 71.5 72.2 71.4 70.3 68.5 66.7 66.8 65.7 63.8 61.4 57.5 50.7 50.1 49.6 50.1 49.4 49.2 49.1 48 48.1 48.5 48.3 48.3 48.8 49.2 49.2 47.8 48.9 49.1 49.2 51.5 55 57 57.6 58 58 59.7 61.3 62.2 62 62.3 61.4 58.9 55.9 54.1 53.4 53.9 56 58.4 62.8 65.6 67 68.3 70.7 73.2 76.7 79.6 80.4 79.6 78.9 77.8 77.3 76.9 77.4
113.5 111.2 107.5 103.7 92.5 70.7 70 72.8 61.4 79.5 89.4 88 85 82.3 80.2 76.8 73.1 73.6 72.1 71.1 70 68.9 66.8 65.3 63.6 61.5 54.9 50.5 49.8 49.1 49.4 49.2 48.7 49.2 48.2 48.3 48.6 49.1 49.3 49.1 49.5 49.4 49.3 49.5 49.5 49.4 51.2 54.6 56.2 56.8 57.3 57.9 59.3 60.9 61.6 61.6 60.5 59.2 56.6 53.9 53.6 54.6 53.4 55.2 57.4 60.9 63.4 65.7 67.4 69.3 71.7 74.8 77.8 80.4 80.8 80.3 79.5 77.6 76.5 76.9
113.3 111 104.1 95.6 83.3 66.7 70.1 68.2 77 86.2 93.4 93 91.6 90.6 88.1 83.4 78 75.7 72.9 71.7 70.8 68.7 67.4 65.4 63.9 60.9 53 49.9 50 48.4 49.2 49.5 48.8 48.5 49.4 49.4 49.5 49.2 49.2 49.3 49.7 49.5 49.3 50 50.4 49.5 51 52.5 55.4 56.1 56.4 56.8 58 60.4 61.5 61.2 60.1 59.3 56.5 54.2 53.8 54.5 54.1 54.6 57.7 61.6 64.1 65.3 66.2 68.2 70.4 73.5 76.5 79.4 81.8 81.7 81.4 79.6 77.6 76.4
113.2 104.8 91.8 84 76.7 68 78.8 80.5 86.1 93 94 94.6 93.6 91.7 88.6 86.8 85.6 80.3 76 73.5 70.7 69.7 67 65.4 63.8 59.2 51.2 49.4 48.7 48.5 49 49.2 49.1 49.1 49.9 49.6 50.2 49.6 50 50.1 49.9 49.9 49.8 50 49.6 49.6 50.7 52 54.2 55.2 55.7 56.5 57.7 58.6 60.2 61 60.9 59.4 56.8 54.2 53.9 54.5 55 55.4 57.3 60.9 63.7 65.1 66.2 67.3 68.9 71.4 75 77.9 80.8 82.6 83.2 81.4 78.4 76.8
101.2 93.5 85 78.1 71.9 66.3 86.5 87.6 96.3 98.6 97 96.2 93.2 90.8 91.9 91.5 89.2 87.3 82.7 78.5 73.8 68.9 67.4 64.1 62.4 53.1 50.9 49.9 49.3 48.7 49.2 49.4 48.6 49.6 48.9 49.3 49.8 49.8 50.2 50.4 50.1 50 50 49.7 49.9 50.5 50.7 51.9 53.4 54.2 54.9 55.7 57.2 58.8 60.1 61.4 61.9 60.3 58.9 55.7 54.4 54.3 54.5 54.7 57.4 62.8 65.7 66.1 66.4 66.2 67.5 69.7 72.2 75.8 78.9 81.5 83 81.8 78.2 75.8
94.5 85.1 76.5 70.1 66.3 80.1 89 91.3 98.5 100 97.9 96.7 93.5 94.7 96.7 97 92 88.4 86.2 83.9 79.5 71.7 66.2 62.3 55.8 50.6 50 48.9 48.8 48.7 49.2 49.7 48.5 48.4 48.6 49.2 49.4 49.7 50.1 50.3 50.4 50.1 50.2 50.7 50.8 50.9 50.5 51 52.8 53.2 54.2 55.1 56.7 57.7 60 63.5 62.9 62.8 60.4 57.9 55.7 54.8 54.8 55 57.5 63.1 66.5 66.8 66.9 66.2 66.5 68.7 71 73.6 76.9 80.1 81.5 79.7 77.2 74.1
73.9 69.9 70.5 80.3 88 92.9 94.3 96.4 99.1 98.9 96.7 95.5 95.9 98.6 104.2 103.8 97.1 90.3 85.4 81.9 77.4 72.1 64 58.3 52.7 50.1 48.8 48.8 49.6 49.5 49.6 49.8 49.4 49.3 49 49.4 49.3 49.6 50.1 50.8 50.6 50.8 50.3 49.3 50.9 51.1 50.8 51.5 52.2 53.1 54.1 55.5 56.4 57.7 60.8 63.7 64.2 64 62.9 60.8 57.3 55.8 55.3 55.8 57 62.6 66.6 67.6 67.2 66.1 65.9 66.8 68.6 70.9 73.2 76.3 77.5 77 74.2 72.1
73.3 90 97.4 98.2 99.7 100.1 101.1 99.6 100.3 99.4 97.8 98.8 99.2 101.9 109.2 108.3 106.6 99.1 88.6 84 72 64.1 60 54 50.9 49.7 49.6 49.3 49.4 49 49.2 49.5 49.8 49.7 49.6 50 49.9 50 50.4 50.7 51.7 51.2 50.7 49.5 50.5 51.9 50.9 51 51.8 53.4 54.1 54.9 56.6 59.2 61.9 65 67 66.6 65.7 63.3 60.6 57.9 56.3 56 56 60.2 66 67.7 67.4 66.3 65.4 65.6 67.3 69.5 71.5 72.9 73.4 73.5 71.5 70.3
94.2 102.7 106.5 104.2 104.2 104.1 102.7 100.7 100.3 98.3 100 101.2 101.9 104.9 108.4 110 110.7 104.4 96.2 91.3 73.2 61.3 57.8 53.2 50.4 51.2 50.6 50.6 49.8 49.4 49.9 49.9 49.1 50.1 50.3 50.5 49.7 50.3 50.3 50.7 51.4 51.7 50.8 49.7 50.8 50.7 56.1 54.6 51.2 52.7 53.7 55.3 57.9 60.7 63.1 66.3 69.1 69 67.9 67.5 65 61.2 58.3 56.3 56.4 57.4 62.7 67 67.3 66.4 65.5 65 65.9 67.8 67.9 69.3 70.3 68.9 69.3 71.9
97.1 106.2 108.9 108.9 109 108.3 104.9 103.9 100.9 100.3 100.7 102.3 103.6 105 107 108.9 108.7 108.5 78.5 77.1 75.5 69.5 58.8 51.9 52 50.5 51 50.4 50.4 49.5 49.8 50.1 50.2 49.9 49.3 49.2 50.5 50.3 50.6 50.6 51.2 51.7 51.7 49.7 51.9 51.4 58 57.7 53.9 59.2 62.3 59.2 59.5 61.8 64.2 67.4 70.1 71.2 70.3 70.2 68.3 65.1 61.3 57 56.6 56.9 57.8 65.1 65.9 65.3 64.6 63.9 64.7 65 64.5 65.7 67.4 68.4 70.1 71.7
102.4 107.9 112.3 113.9 113.7 113.2 110.2 106.9 104.1 102.6 101.3 102.8 102.7 103.6 104.5 104.3 104.3 105.1 78.9 77.3 75.6 73.8 61.5 53.9 51.6 51.4 51.3 51.3 51.1 50.6 50.2 50 49.7 50 50.2 50.1 50.5 50.5 50.7 50.4 50.7 51.2 51.8 52.1 52.7 53.7 59.1 64.1 65.3 65.5 64.3 58.5 59.8 62.3 64.4 67 70.6 72.4 71.9 72.1 70.9 68.2 63.9 59.9 57.4 56.9 57.4 61 63.8 63.7 62.8 62.4 63.8 65.2 67.9 69.5 69.6 69 69.9 71.4
109.2 111 116.2 119.2 119.6 118 115.7 112.2 107.4 104.4 102.9 101.8 101.6 101.6 101.4 100.9 98.8 98.4 95.9 85.7 80 72.4 58.8 55 52.5 51.6 51.5 51 51.3 50.2 51.3 50.5 49.9 50.3 50.2 50.4 51.5 51 50.8 50.7 51 51.1 50.6 52.1 53.3 54.1 59.5 65.5 67.1 66.4 64.4 57.1 60 62.2 65 67.6 70.5 73.3 74 73.4 72.7 70.4 65.9 62 59.5 57.5 56.9 57.5 61.3 61.5 61.2 61.8 64.3 66.4 68.5 70.2 70.7 69.6 70.4 70.7
113.4 113.4 119.3 124.4 125.4 123.3 121.1 118 112.9 107.5 103.7 102.8 101.3 99.9 98.3 98.1 96.1 95.5 95.1 90.5 82.2 69.8 60.8 57 56.1 52.6 51.2 51.3 50.7 51.5 51 50.8 51 51.2 50.2 50.6 50.7 50.9 51.3 51 51.4 51.5 52.3 51.3 53.7 54.6 56.9 65 67.5 66.7 64.4 58 60.1 62.2 65.2 67.8 70.5 73 74.5 73.1 73.2 72.1 68.3 64.3 60.7 59.2 57.7 57.8 59.3 60 60 61.2 63.4 65.5 68.7 70.9 72.2 70.5 69.4 69.4
119.3 116.6 121.6 127.1 129.8 128.1 126.3 124.5 118.7 112.2 106.8 104.8 102 100 98.2 96.9 93.8 91.8 90.4 87.1 79.2 71.7 63.2 59.2 55.2 53.5 51.8 51 52.2 50.5 51 49.8 51.6 51.1 50.3 50.9 50.9 51.1 51.5 51.7 51.7 52 52.4 52.8 53.4 53.8 54.5 62.3 64.7 63.9 62.5 58 60.2 62.1 64 67.2 69.8 72.3 73.5 72.3 72.6 72.7 70.4 66.1 62.3 60.6 59 57.9 58.3 59 60.1 60.6 62.3 65.9 68 70.8 71.7 70.1 67.5 68.5
122.4 121.3 124.2 130.3 132.6 131.6 130.5 127.5 123.1 116.9 111.2 107 103 100.7 98 96.7 94.6 91.2 87.1 81.9 75.3 69.3 66.1 61.6 57.1 54.1 52.6 51.5 51.6 50.3 52.2 50.5 51.3 52 51.8 51.3 51.2 51.5 52.2 52.3 52.3 52.2 53.4 53.1 53.1 54.2 56.7 57.7 57.2 54.2 53.7 57.2 59.8 61.4 63.3 66.1 68.4 70.3 71.7 71.5 71.3 71.5 69.8 67.5 63.8 60.8 59.3 58.3 58.5 59.1 59.1 59.2 60.8 64.4 67.6 70.2 70.8 68.2 66.5 67.3
126.4 126.9 127.1 131.7 134.7 134.2 132.7 130.3 126.2 122.6 116.9 110 105.5 102.7 99.3 96.5 93.7 90.5 87.4 82.2 78.6 73.8 69.7 67.3 60.2 55 53.8 51.2 51 51 51.2 52.1 51.5 51.8 51.9 52 51.8 51.6 52.4 52.7 52.8 52.9 52.9 53.3 53.3 53.2 53.1 53.9 53.6 53.3 54.4 56.8 59.3 60.7 62.8 64.7 66.9 69 70.4 69.7 69.7 71.2 70.8 68.5 65 62.4 60.1 58.8 58.6 59.1 59.2 59.2 59.2 60.1 61.3 66.2 68.9 66.4 65.1 65.8
132.1 132.4 130.3 134.5 135.8 135.7 134 132.4 130.2 126.8 122 115.9 109.5 106 101.8 97.3 94.8 91.4 88.4 85.8 80.9 76.3 74.5 71.8 64.7 57.4 54 51.8 51.6 51.7 51.4 51.3 51.4 52.7 52.7 51.1 51.4 51.6 54.3 55.7 56.6 53.5 53.7 53.7 54.2 53.4 53.1 53.6 53.7 54 54.3 55.8 58.6 60.5 62.8 64.7 66 67.9 68.9 68.9 68.8 69.7 70.4 69.9 67 63.6 60.7 59.2 59.1 59.1 60.1 59 59.7 60.1 59.9 60.2 60.9 62.7 63.6 64.3
137.9 136.3 133.1 136.4 137 136.9 136.2 134.7 132.6 130.8 126.3 121.1 115.5 111.3 106.7 102.5 97.7 93.2 90.6 87.9 84.4 81.3 78.7 75.1 70.1 59.5 54.9 52.8 52.2 52.1 51.7 52 52.1 51.8 51.6 53.2 53.2 53.6 52.5 52.2 53 53.3 54.7 53.5 53.8 53.5 53.8 54.3 53.3 53.4 54.3 54.9 58.6 61 62.7 64.9 66.7 68.5 70 69.2 69 69.4 70.4 70.4 68.1 65 62.6 60.9 60 60.1 60.8 60.3 60 59.8 59.8 60 60.2 61.5 62.7 63.3
140.1 138.8 135.6 137.8 139.3 138.5 138.6 138.7 135.2 133.1 130.8 125.8 121 116.9 111.5 106.1 100.4 95.1 93.2 91 87.9 85.3 83.1 81.3 73.3 62.7 56.1 53.9 52.6 52.4 53.2 52.2 52.5 52.2 53.3 53 53 53.5 53.5 52 52.8 53.2 53.4 53.4 53.5 54 54.8 54.2 53.6 53.9 54.1 55.1 58 60.8 63 65.5 67.3 68.7 70.8 70.6 70.2 69.9 70.9 71.4 70.1 67.4 63.5 61.6 61.6 62 62.6 63 61.7 62.2 61.5 60.9 60.9 61.9 61.3 61.9
141.6 141.6 137.2 139.4 141.2 139.9 140.6 140.9 138.6 135.6 134.3 130 125.9 122.7 116.7 112.2 105.1 98.7 95.8 94.5 92.7 89.7 87.1 82.9 76.9 65.6 58.3 54.9 53.7 53 53.2 53.4 52.9 52 53.6 52.9 53.6 53.7 53.7 52.7 52.9 53.3 53 52.9 53.2 53.8 55.3 55.4 54.3 54.4 54 54.8 57.2 61 63.4 66.1 69.1 71.6 73.2 72.3 71.8 71.4 71.6 72.7 72.5 69 65.4 63 63.2 64.1 64.7 65.3 65.5 65.1 64.6 62.8 62.2 61.7 61.4 61.9
144.2 143.4 139.4 140.5 141.9 141 143.1 144.3 141.4 137.5 135.5 132.9 130.5 127.1 122.9 117 112.5 102.1 99.1 97.2 95.4 94.1 91.8 86.7 79.2 69.3 59.4 55.5 54.4 53.3 53.8 53.3 53.2 53.6 53.3 53.1 53.5 53.7 53.6 52.6 53.5 53.4 54 54.1 54.2 54.4 56 55 55.5 54.4 54.6 55.3 56.5 59.2 64.1 68.3 70.6 72.3 74.6 74.2 74.2 73.6 73 73.1 74 71.3 67.4 64.5 63.7 65.7 66.8 67.8 68.6 68.1 68 66.6 65.4 62.5 61.2 61.9
146.6 144.8 140.9 141.1 142.1 142 145.2 150.2 145.5 140.2 137.3 135.8 134.1 130.7 127.3 120.5 115.9 107.1 101.1 99.9 98.9 97.4 93.1 89 81.2 72.6 61.9 56.4 54.5 54.4 53.4 53.7 52.3 54.2 52.9 52.7 53.2 52.9 53.8 53.4 53.4 53.4 53.6 53 54.1 54.2 55.8 56 56.5 55.8 54.5 55 56.5 61.4 63.8 67.8 69.9 75.1 76.2 76.6 75.1 74.4 74.1 73.9 74.9 72.6 68.4 66.3 64.4 66.2 68.2 69.4 71.1 71.8 71.4 70 68.2 65.2 62.6 62.4
147.5 147.3 143.2 140.9 142.9 143 146.9 152.9 150.8 145.1 140.3 138 136.7 137 133 125.2 122 111.9 104.9 103.1 100.8 98.3 95.2 90.3 79.9 71.3 62.2 58.8 55.8 56.2 55.8 55.8 54.9 54.2 54 53.5 53.5 53.3 53.7 54 53.2 53.8 54.3 53.5 54.4 54.4 55.4 56 56.5 56.3 56.2 54.9 57 61 64 70.9 73.9 75.4 77.5 77.8 76.5 75.4 75 74.8 76.1 73.8 69.9 68.1 66.3 66.6 69 70.9 72.5 74.1 74.4 73 71.4 68.5 66.7 64.6
148.3 149.5 145.9 142.1 141.4 142.4 146.8 154.5 154.9 150.6 144.1 141.1 139.1 139.7 136 129.3 125.1 118.4 108.3 105.5 102.5 99.7 96 91 83.6 70.4 62.8 59.7 57 55.6 55.5 54.6 54.4 54.9 54.4 54.5 54.7 53.8 54 53.6 53.7 53.9 53.9 54.3 54 55.4 56.7 57.4 57.2 56.8 57 57.1 56.8 62.3 64.2 68.4 73.6 76.5 78 78.8 78.6 76.6 75.9 76.6 76.1 75.4 72.1 69.7 68 67.6 69 71.3 73 74.5 76.6 75.8 74.3 71.4 67.8 64.3
149.3 151.3 148 143.7 140.2 141 147 157.2 159 155 149.9 145.5 142.5 141.6 138.3 132.8 127.5 122.4 115.5 107.2 103.8 100.9 96.1 89 79.6 71.9 63.4 59.5 57.8 56.4 56.5 55.5 55.2 54.8 54.8 54.9 54.6 54.7 54.5 54 54 54.4 53.9 54.4 55.4 56.3 58.6 61.8 60.3 58.3 57.5 56.5 57.5 61.5 63.8 66.7 70.9 76.4 78.4 79.1 78.7 78.7 78.4 78.2 78 76.9 74.5 71.9 69.4 68.3 68.9 71.5 73.4 75 77.4 75.6 76.2 73.7 70.2 66.9
150.4 152.4 150.5 145.4 140.1 140.2 146.2 155.5 161.5 158.2 154.2 150.5 146 143.3 140.9 134.9 129.9 124.7 119 110.4 106 101 93.9 84.5 77.8 71.5 63.6 60.5 58.7 57.4 56.8 56.4 56 55.9 55.3 55.4 55.3 54.5 54.5 54.3 54.3 54.7 54.7 54.1 55.5 57.1 60.5 63.3 63.1 59.4 58.1 58.2 58.3 59.6 63 63.7 71.9 75.5 78.2 79.4 79.5 79.5 79 79.2 78.5 78.5 76.5 73.4 71.3 69.9 69.6 71.8 73.2 75.7 77.8 78.3 77 74.9 72.2 68.5
150.9 153.4 152.9 147.3 140.5 139.7 145.1 151.9 158.8 160.7 158 154.2 149.3 144.1 143 136.6 130.9 126.6 121.4 113.2 107.5 102.7 97.4 85 75.5 70.3 65 61.6 58.9 57.7 57.4 57.2 56.9 56.8 56.8 56.1 55.7 55.2 55.2 55 54.6 54.8 54.5 55.5 56.3 57.9 61.7 67.2 64.9 62 58.6 57.6 57.7 60.5 61.9 65.4 68.8 73.1 75.5 79.5 80.7 80.6 80.1 80.2 81 79.7 76.5 74.8 72.8 71.3 69.8 71.3 73.1 75.2 77.1 78.9 77.5 75.3 72.4 68.3
151.2 154.3 154.6 151.1 141.4 139.7 141.9 149 153.8 162.3 160.7 156.6 151.4 144.4 142.9 139.4 133.2 127.8 122.4 116.5 109.4 102.7 91.6 80.3 77.1 73.6 65.7 61.2 59.3 58.1 58.6 57.5 57.6 57.3 56.5 57.1 56.5 55.6 55.5 55.3 55.3 55.4 55 54.7 56.3 58.8 63.4 69 68 64.7 61 58.3 59 60.3 62.3 68 73.8 77.3 77.6 80.2 80.2 80.7 80.6 81.2 82.2 82.1 80.2 77.3 74.1 72 71.3 71 72.4 73.2 75.2 76.8 77 74.8 72.2 67.5
149.8 154.1 159.2 155.5 143.6 140.2 140.1 143.7 148.2 154.3 161 155.6 152.1 145.1 141 138 132.5 128.9 122.2 115.8 111 104.6 87.3 91.6 86.1 75.7 66 60.9 60.5 59.4 58.9 58.8 59.2 57.3 57.7 57.1 57.1 56.5 55.8 55.9 55.5 55.3 55.6 55.1 56.9 59.6 67.7 72 70.7 66.6 63.8 61.4 59.8 60.3 64 67.1 70.9 74.4 76 79.5 80.9 78.1 81.9 82.9 82.7 82.6 81.5 79 74.8 72.3 71.7 70.3 71.4 72.7 74.1 75.8 75.5 74.3 72.1 66.8
150.1 154.4 161.3 160.8 150.8 142 140.9 141.6 145.3 148.9 152.5 154.6 154.1 146.7 139.5 133.4 127.6 123.4 119.5 115.3 110.5 103.9 95.1 97 87.5 75.3 65.3 61.5 61.1 60.4 59.7 59.8 58.5 58.6 57.5 57 57.9 56.3 55.8 55.6 55.6 55.9 56.2 55.6 57.9 63.2 71.4 73.6 72.2 68.2 64.2 62.1 60.7 60.7 63.5 66.1 69.5 73.7 74.1 74.1 79.5 83.1 83.2 83.6 83.8 83.4 82.1 79.3 75.5 72.8 72.4 71.4 71 72.1 73.2 74.5 74 73.4 71.4 65.9
150.2 155.3 161.5 164.9 157 149.1 145 144 143 145.1 148.4 151 152 149.1 141.3 133.6 126.1 122.1 118.4 113.4 108.6 104.3 102.6 98.1 88 74.5 66 62.3 61.4 60.8 60.3 60.2 59.5 59 59 58.5 58.1 57.9 55.9 56.5 56.1 56.7 55.3 57.3 59.1 64.9 69.7 74 72.6 67.9 63.1 61.3 61.8 61.4 64 66.4 69.1 71.1 72.6 79 82.9 83.6 83.6 83.6 83.4 82.1 81.5 79.8 76.1 73.3 72.7 72 71 71.8 72.7 73.1 72.5 71.6 70.2 65.8
