WholeMapElevations/data/nn/nn84_OST50GRID_20230518/NN84.asc
ncols 200
nrows 200
xllcorner 280000
yllcorner 740000
cellsize 50
[rows 140 to 174 of 200, columns 78 to 155 of 200]
463 462 462.8 467.2 472.5 474 475.9 476.7 482.3 488.7 493.8 499 502.8 510.8 517.7 524.4 531.2 537.2 543.9 551.9 558.4 566.8 573.2 579.2 582.9 587.4 590.8 591.7 598.9 592.9 602.4 597.1 591 580.1 567.5 565.3 559.3 552.7 545.1 541.6 540.7 537.8 534.4 529.6 527.8 526.5 524 519 513.2 510 506.7 503.6 502.7 502 501.8 499.6 497.7 493.7 490 489 488.5 485.4 483 480 477.5 476.5 475.7 473.8 473.5 473.6 472.3 469.9 468.3 462.2 465.4 460.1 461 460.1
469.1 463.7 466.2 467.8 473.1 476.4 474.8 475.3 480.5 486.9 493.9 496.6 501.7 511.5 518.6 523.6 529.1 535.9 543.9 551.9 557.8 569.2 578.3 584.4 587.4 592.2 597 599.8 600.2 600.4 599 594.2 586.9 580.9 572.3 569.4 565.6 560.1 553.9 548.6 546.4 543.3 540.1 535.5 532.3 533.5 529 522.5 512.6 512.6 512.4 508.1 505.6 506.1 503.6 500.5 498.2 495.9 490.5 489.3 489.4 490.3 487.1 482.6 482 482.5 479.9 480.7 479.1 479 478.1 473.6 470 470.5 468.3 467.4 468.3 467.4
469 468.8 470.5 469.8 473.5 476.5 477.2 477.6 479.1 484.9 488.6 494.8 500.7 509 516.5 522.6 528.7 536.3 544.5 553.3 558.2 569 579.2 586.5 589 591.9 592.9 598 601.4 599.5 595 590.2 583.6 580.1 576 573.5 568.9 562.9 558.4 555.4 551.5 547.2 541.8 539.3 536.7 537.9 534 529.4 521.8 519.2 518.7 513.2 509.9 510.7 508.4 504.5 500.4 500 493.7 491.7 491.7 491.5 490.2 489.4 489.1 486 483.7 482.7 482 480.9 480 479.6 479.3 479.8 472.8 476.3 476.5 475.9
474.3 472.4 473.4 472 471.7 472 472.9 476 479.1 482.3 485.1 495.4 500.6 508.1 514.1 522.7 530.7 537 544.1 552 558.3 566.8 575.2 578 589.4 592.5 594.4 599.5 604.6 600.8 600.3 592.8 589.1 585.3 581.6 581.3 575.9 571 568.3 562.8 557.3 550.8 543.3 541.6 543.9 543.6 539.5 536.7 532.6 526.4 522.8 519.6 512.3 512.8 513.7 511.2 506.9 502.3 498.4 495.2 493.6 493 492.4 491.7 490.6 489.2 487.6 486.4 485.4 483.5 483.8 486 481.7 480 479.9 481.9 482.2 483.4
474.2 472.2 473.6 472.5 472.1 472.4 475.3 476 477.6 477.9 485.3 491 502.3 503.4 514.1 520.2 531.1 537.9 542.8 550 556.8 564.5 569.3 573.4 590.6 594.4 597.6 602.9 606.6 606.9 601.4 597.1 594.4 593.4 594.7 594.2 593.1 583.2 579.8 576.4 575.6 571.8 562.3 550.5 550.7 551.8 548.9 546.4 538.7 531.1 528.6 526 518.9 515.9 516.6 515.7 512.8 504.2 500 497.5 497.4 496.7 496 493.9 492.5 490.6 490.1 489.8 490.2 488.6 490.1 490 486.1 485.4 486.5 487.2 488 489.6
475.9 476.6 474.6 479.1 480.6 476.9 476.6 478.7 480.7 479.3 484.8 490 497.8 505.9 514.4 519.1 525.1 533.3 540.5 546.5 555 560.8 568.8 571 587.8 593.3 600.2 602.3 602.2 601.5 600.7 597.5 597.3 599.4 605.2 604.4 602.3 597.6 591 591.6 592.4 589.1 576 567.2 561.6 561.1 556.7 553.1 539.1 534.9 534.5 530.8 526.3 521.4 521.3 521.9 519.6 514.7 506.5 502.3 499.1 500.3 498 496.4 495.7 494.1 494 493.7 490.8 490.4 492.3 493.2 490.7 491.8 492 492.3 493.2 493.9
483 485.9 488 487.2 485.2 480 478.8 479.4 479.4 481.5 484.3 489.2 497.4 506.4 514.5 516.9 523.6 531.3 537.1 543.7 552.5 559.2 561.4 572.6 581.8 588.9 597 601.3 599.3 601.1 598.4 599.2 601.4 608.1 610.5 610.9 606.9 600.7 595.6 603.9 595.1 589.1 586.3 577.7 572.7 567.2 562.7 554.4 541.7 540.8 540.3 538.8 532.5 529.5 528.9 529.6 524.4 519.1 512.6 508.3 502.3 500.7 500.6 500.1 499.8 499.8 499.1 497.5 494.7 496.2 498.2 499.9 497.4 497.1 498 498.5 498.7 499.8
490.4 491.1 490.8 488.6 485.9 485.3 481.2 479.8 480.1 482.6 487.5 491.4 497.4 506.6 514.2 516.3 523.8 530.8 536.5 542.4 549.8 556.2 560.9 567.8 575.6 583.4 590.1 595.2 593.7 597.8 598.5 600 605.5 611.9 619.6 612.5 607.1 600.4 597.4 601.3 595.3 591.9 589.4 581.8 575.8 572.5 567.8 556.3 548.6 545 543 543.7 541.2 537.1 536.4 534.9 531.2 526.3 522.6 516.2 512.1 508.4 507.6 508.8 506.6 506.6 507.3 504.8 500.2 505.9 507.6 504.4 504.3 505.5 505.8 507 507.4 508.4
499.2 498.1 496.1 489.3 491.6 488.7 482.5 484 483.3 482.7 488.9 492.7 499 505.4 513.3 516.8 523.5 530.2 536.1 542 549.6 556.1 559.7 561 571.2 577.1 580.3 585.7 588.3 592.9 594 602 610.5 619.8 615.9 609.8 604.1 599.3 597.3 597.6 598.8 601.9 592.7 585.3 577.1 577.3 576.2 565 556.4 552 546.9 544.9 543.8 543.9 544.9 542.2 538.8 537.9 534.1 529.8 525.1 520.2 515.3 515.1 514.4 514.6 514.6 511 508.2 512.6 509.2 508 513.5 510.9 511.3 512.2 514.6 517.7
508.4 506.5 498.3 495.1 495.9 488.6 489.3 489.4 485.7 485.5 489 495.4 500.5 504.5 512.1 518.4 523.9 528.9 534.1 541.2 547.1 553.2 557 559.8 565.3 569.7 574.1 582.7 584.3 588.6 591.1 604.9 613.3 617.4 612 601.8 599 598 597.1 599.7 603.6 601.1 593.1 584.6 584.5 585.3 580.7 574.4 570 560.7 556.6 551.3 550.9 555 556 554.5 551.5 550.2 547.9 543 537.9 533.8 529.9 524.7 524.1 524.2 522.6 519 518.7 519.1 515.4 516.5 523.1 520.3 518 517.4 522.2 524.7
511.1 510.4 505.9 504.8 495.4 494.7 497.5 490.2 488.8 489.2 491.1 495.6 501.9 507.1 515.5 521.8 525.5 528.9 533.5 538.6 544 549.4 553.6 557.7 563.9 568.5 572.8 576.6 579.6 581.8 586.6 600.5 612.6 614.3 610.1 601.5 597.5 595.5 595.5 595.9 601.7 594.2 592.7 588.2 589.4 589.2 583.1 580.3 574.9 571.4 567 564 562.8 564.3 566 566.6 564 560.8 559.3 555.2 549.7 546.4 544 540.8 537.7 532.4 531.8 527.6 524.1 525.7 527 529.1 531.5 531.1 527.2 525.8 530.3 533.2
515.7 516 507.2 505.9 498.8 497.8 496 495.6 495.1 494.5 493.4 495.1 503.1 510.5 517.2 523.4 527.8 531.4 537.6 542.3 544.6 549.1 554.4 559 563.3 567.6 571.7 575.2 579.3 581.2 586.4 599.9 606.5 610.7 604.4 598.1 594.7 601.6 594.1 590.9 586.4 585.1 588.2 586.8 587.8 586.1 585.6 582.5 583.7 584.8 585.7 582.7 576.5 574.4 580.3 579.1 574 571.5 569.3 566.2 564.1 563 557.9 554.2 549.6 546.4 541.4 538.9 537 534.8 536.3 539.6 539.9 538 537.5 536.3 538.1 542.3
520.6 518 515.1 504.2 505.3 500.7 503.7 501.4 500.8 501.4 498.7 501.4 505.1 510.8 517.7 523.8 529.4 535.8 541 544.2 546.8 548.9 553.5 557.9 562.1 567.3 570.9 578.4 580.7 581.9 589 597.1 600.4 603.7 597.5 592.8 591.3 595.5 591.7 584.7 578.6 577.7 577.2 575.4 578.4 584.5 584.4 588.1 590.5 594 595.5 594 586.6 584.6 589.4 586 581.6 580.4 579.4 575.3 575.3 575 570.7 565.3 560 556.3 551.7 549.1 545.1 545.9 544.7 548.7 549.3 546.5 544.8 544.9 548.5 545.2
524.1 524.1 510.9 511 510.3 504.1 506.8 505.6 508.2 507.2 508.1 508.7 507.9 512.3 518.7 525.2 532.2 539.3 542.9 545.3 546.8 549.4 552.9 556.8 561 565.3 571 579.7 580.4 581.5 588.2 593.3 594.6 594.4 593.1 588.7 585.4 584.7 583.6 574.7 573.3 569.3 569.1 569 575.3 582.2 585.3 592.6 598.6 597.3 596.8 592.7 590 590.1 591.4 585.5 586.3 586.7 584 585.4 584.3 585.7 586.2 582.2 570.1 564.5 560.6 557.1 554 552.4 554 556.6 557.6 553.8 553 554.6 554.9 554.8
528.5 522.8 515.3 517.5 515 507.3 509 509.9 511.7 512.7 515.4 515.9 514.1 518.5 521.8 526.2 534.1 540.6 543.8 546.1 548.6 550.1 552.4 556.8 561.9 567 571.4 577.4 580 580.9 587.6 590.3 593.5 589 587.7 582.4 578.7 574.4 570.2 565.9 564.4 565.9 566.8 568.5 575.6 583.7 590.7 595.7 599.1 599.6 595.9 593.8 589.4 590.6 587.5 586.1 592.1 597.1 601 600 597.2 596.9 598.4 594.6 583.4 574.5 569.3 568.4 564.8 560.6 562 562.3 565.2 564.3 561.7 562.1 564.2 563.1
538.3 525.6 521.7 523.9 517.1 509.3 511.5 512.4 515 518.3 520.1 521 521.1 520.9 524.2 528.9 534.4 541.6 545.6 548.8 551.1 552.2 553.5 556.8 562.3 570.5 575.3 578.9 579.3 580 587.5 590.8 589.2 585.4 582.4 574.3 569.9 567.7 561.2 554.3 557.4 564.2 565.8 568.5 575.2 585.6 592.7 595.3 596.2 596.2 595.8 592.9 589.9 589.1 589.3 603.4 612.4 613.3 613.3 613.3 609.1 608.4 608.5 603 589.4 582.8 578 577.6 576.2 570.4 569.4 571.7 575.1 573 569.1 570.5 570.9 571.7
542.7 526.4 528.3 526.3 521.3 511.7 512.1 515.1 519.2 522 523.1 523.6 524 525.2 526.7 530.3 534.8 540.1 545 548.9 551.4 552.8 554.2 556.4 562.7 569.4 574.9 577 578 580.7 585 588.4 586.5 586.4 581.8 573 568.1 561.5 551.6 550.2 553.4 560 566.6 570.8 577.3 584.4 590 594.9 595 595.5 594.9 591.4 590.2 591.2 603.6 611.7 618.5 621.2 622.1 621.7 619.7 615.9 614.5 606 595.4 588.5 584.2 585.3 583.7 579.5 577 583.2 583.1 581.7 578 579.1 578.9 579.1
542.8 534.7 533.8 530 518.7 514.1 512.7 515.2 523.5 523.4 523.1 524.6 525.4 526.9 529.6 531.3 533.4 538.4 544.5 548.6 550.3 551.9 553.4 557.9 562.9 567.6 572.8 575.3 577.1 582.5 586 586 583.6 581.4 576.9 568.4 564.4 560.4 550.3 549 552.6 560.7 566.5 570.3 573.8 580.6 587.4 591.3 593.7 594.5 592.3 591.3 595.6 599.1 615.2 623.7 626.8 626.7 627.5 626.8 624.6 621.3 615.3 608.1 600.2 595.5 595.8 592.5 592.1 588.5 585.1 591.7 590.4 586.3 585.2 587.5 586.5 588.7
546 542.8 535.4 523.1 518.3 514.3 515.3 517.8 521.3 521.5 521.5 523.6 527.1 529.2 529.8 530.5 532.8 539.2 544.6 546.1 548.7 551.1 555.3 559.7 564.2 568.1 572.2 576.2 577.5 580.3 585.9 583.5 583 576.1 569.8 567 559.9 554.3 550.6 546.5 547.5 556.5 561.8 566.5 569.4 576 582.5 589.1 593 593.2 593.2 593.8 605.7 608.4 619.4 624.8 627.8 631.3 633.3 634.1 627.8 623.9 621.4 613.5 602.7 598.2 602.9 606.3 601.1 597.4 592.2 600.4 599.8 597.1 595.8 594.7 595.3 597.2
546.1 539.8 533 524.5 521.8 515.9 520 518.2 517.7 518.6 521.2 522.7 526.8 528.8 529.6 530.4 532.8 539.1 541.2 543.6 546.5 550.1 556.8 561.7 567.5 571.1 573.6 578.6 578.9 582.6 580.8 579.8 581.8 573.6 565.8 561.5 554.6 550.2 547.3 546.7 542.8 550 557.7 560.3 565 571.6 578.2 585.7 591.2 593.5 595.8 603.7 610.3 611.9 614.8 621.3 625.1 628.7 634 631.5 624.8 621.1 627.4 625.8 613.8 605.2 609.7 609.9 607.8 602.7 597.8 605 607.9 608.7 607.8 605.8 603 602.9
547.5 537.3 532.6 525.3 524 519.5 520.7 517.4 517.6 517.7 520.6 523.1 527.7 528.6 529.9 530.7 533.4 536.6 539.7 543.1 546.4 550.1 556.4 563.1 569.1 572.2 574.4 579 581.3 586.2 584.2 578.3 575.5 569.1 564.5 557.6 551.6 547.7 546.5 543.3 541.6 547.7 551.9 555.4 559.2 567.7 576.5 582.3 588.7 595.2 601.8 607.5 611.6 611.1 608.9 616.9 623.4 624.5 626.3 620.2 617.8 623.5 623.2 625.4 619.8 614.2 613 610.9 606.9 601.6 603.1 606.9 611.2 616.6 617.7 613.8 610.3 612.9
551.2 538.4 528.2 524.8 524.2 523.8 517.2 515.4 517.1 519.4 519.4 523.3 525.2 528 529.1 531.7 535.2 537.3 541.2 545 548.1 551.2 556.3 562.4 566.9 571.2 575.1 577 580.3 585.5 585.3 577.9 570.4 564.8 561.9 554.6 548.5 546.9 545.2 539.9 538.8 540 549 551.7 556.4 564.3 573.7 581 590.2 599.2 604.5 606.4 607.5 609.6 606.3 613.9 617.9 617.4 618 609.8 616.3 620.7 621 621.6 621.5 619.2 614.7 611.3 606.6 603.1 604.4 608.9 610.5 617.2 620.1 617.9 614.1 618.6
547.8 536.9 526.8 528.6 526 520.2 516.6 514.9 514.1 516.4 516.6 519.6 522.6 525.4 527 532.4 534.9 537.6 541.3 544.9 548.3 551.6 556.9 562.3 567.5 570.6 573.8 573.3 573.8 581.3 580.8 575.7 568.4 564.8 558.8 554.6 547 543.2 540.5 537.3 535.2 537 539.4 549 553.8 564.6 570.2 581.8 588.9 595.8 601 602.6 602.7 603.5 603.7 603 608.7 607.4 602 604.9 613.2 616.8 618.7 620.4 619.9 617.9 615.2 611.4 605.7 600.9 603 610.4 610.1 613.8 616.9 616.9 612.8 617.8
548.4 538.9 534.5 534.7 527.8 520 516 515.2 515.2 513.4 514.8 518.1 520.3 521.9 527.6 532.5 534.9 537.6 541.2 544.8 548.2 551.2 556.5 561.5 565.3 568 570.2 573 576.5 576.5 575.2 572.2 569.7 565.6 559.2 553.7 548.5 538.6 536.2 532.9 532.1 533.6 536.8 542.7 550.9 559.8 570.4 577.1 581.3 586.1 590.5 593.5 598.8 598.8 597.2 593.9 596 596.7 597.3 601.9 611.2 615.5 617.2 618.4 619.6 617.6 614.2 611.2 604.1 598.9 602 611.4 608.5 612.3 614.6 613.9 610.9 616.8
545.2 539.5 537.8 535.3 531.4 523.6 518.6 514.8 511.2 510.3 516.8 515 517 520.9 526.3 531.1 533.9 536.7 541.1 544.7 548 550.5 555.3 558.9 563.1 567.2 568.8 573 578.2 577.8 575.3 578.7 574.6 563.8 557.3 553.4 548.2 535.9 534 533.2 531 530.4 533 539.3 546 556.3 566.3 569.8 573.5 577.2 582.5 586.9 590.8 591.3 589.4 587.2 585.7 590.1 592 598.6 606.4 611 616.8 617.9 617.4 614.6 612.2 610.7 604.3 596.3 595.6 606.4 607.2 613.3 612.1 610.3 607.9 608.4
549.9 545.2 543.1 539.4 529.8 525.2 518.7 512 509.7 508.2 510.5 513.5 514.9 518.6 523.8 528.2 532.6 535.1 538.9 544.1 547.1 549.8 554.5 558.6 560.6 564.7 566.3 572.4 571.9 570.9 581 580.5 574.6 567.1 555.6 547.9 542.3 536.8 533.5 530 532.1 526.5 529.1 534.1 543 553.5 558.6 563.9 568.1 574.8 580.2 581.5 581.3 581.3 579.9 578.3 577.8 583.2 585.2 588.6 597.4 605.4 615 618.2 615.4 612.3 611.1 610 603.5 594.9 593.6 601.3 604.3 610.9 607.4 607.8 606.9 605.7
553.8 546.5 545.5 544.6 532.6 526.9 519.6 511.7 509.8 507.1 506.4 508.7 511.2 516.8 520 525.2 530 532.8 536.9 541.4 545.3 548.5 554.3 558.3 559.8 563.6 564 569 569 570.9 579.4 580.8 573.6 564.1 554.6 544.9 541.2 533.7 528.7 525.6 525 524.5 525.9 526.8 538.8 548.8 554.7 558.3 565.4 572 574.7 572.7 572.3 572.4 571.7 569.7 571.5 573.6 577.7 585.9 591.2 602.6 612.7 615.6 613.5 610.6 608.9 608.1 601.3 599.1 592.9 591.1 598.5 598 602.1 605.4 604.8 603.9
560.3 556.6 553.4 542.2 532.4 526.3 518.3 512.4 511.4 505.8 502.8 504 506.7 511.4 516 521.5 526.6 530.6 535.2 539.3 543.3 547.1 552.6 555.7 559.4 561.6 562.1 565.2 567.2 568.3 573.5 575 571.2 561.6 553.7 544.2 537.1 530.3 524.1 522.4 522.6 523.4 523.8 527.4 534.2 544.2 548.5 556.2 560.7 564 565.9 567.1 566.9 565.4 565.1 565.7 567.7 569.9 572.9 579.4 589.6 599.1 607.6 608.9 612 608 608.5 605 601 601.4 597.7 594.9 587.5 593.3 599.2 602.4 600.6 599.9
570.1 560.3 558.1 547.5 533.3 525.4 513.9 516.6 511.5 506 501.2 501 503.8 508 512.6 518.2 520.6 524.8 531.9 536.8 541.1 546.6 551.9 554.6 558 558 559.2 563.2 566.6 566.5 566.4 566.9 562 557.2 551.1 539.3 530.5 526.2 522.2 521.3 521.3 521.8 523.6 526.2 532.7 539 544.7 549 553 556.1 558.2 560.6 561 560.9 561.1 560.4 564.6 566.6 570.3 576.7 586.4 597.3 600.5 603.9 602.9 606 605.7 602.8 601 599.4 599.5 595.5 587.4 585.9 594.3 596.7 595.5 593.5
582 569.1 558.2 551.1 537.8 525.5 519.1 518.4 511.4 503.9 498.8 498.7 502.5 503.8 509 512 516 520.9 527.8 533.5 539.6 545.5 550.6 554.3 554.1 555.4 556.9 559 562.8 564.4 564.1 559.5 555.3 550.6 545.4 536.1 528.2 525.7 521.9 520.5 520.3 520.8 521.7 523.7 526 529.6 538.1 542.4 545.4 548.7 551.5 554.3 555.6 556.1 556.1 555.5 559 562.4 569.9 574.2 581.8 587 591.3 597.1 601.2 601.6 602.1 602.2 600.3 598.8 597.3 596 592.9 584.7 583.9 587.8 587.1 585.3
580.3 567.6 558.5 548.6 544.4 532.9 523.9 517.2 511.1 501.6 496.8 497.1 498.6 500 505.4 509 511.5 518 524.5 531.4 537.5 542.3 548 551.7 553.5 554.3 555.8 558.2 560.6 564.7 567.7 556.4 550.2 545.3 540.3 530.9 527.5 524.7 522 519.7 520.3 517.5 517.8 519.1 521 525.2 531.8 536.8 539.7 542.6 545.3 547.2 549 549 548.8 551.5 556.5 560.8 565.7 571.3 577.5 583.1 590.8 597.4 599.5 601 600.2 601.2 599.5 600.5 598.1 596 591.1 583.7 581.7 580.8 582.2 580.1
574.4 563.1 558.3 554.9 547.1 534.4 528.9 519 510.9 500.7 496 494.1 494.4 496.8 499.8 502.6 508 514.6 522.3 529 534.1 538.5 544.2 548.2 551 553.2 556.6 560.2 562.8 567.7 565.9 560.1 549.4 545.9 540.4 535.8 532.5 526 523.3 521.5 515 514.1 513 514.1 516 520.6 525.2 529.8 533.8 535.9 538.5 540.3 541.2 540.7 545.7 550.5 555.1 561.5 564.5 569.1 576.4 583 591.2 594.9 597 600.1 605.1 600.5 600.3 601.8 599.4 590.5 587.4 593.3 586.6 582.2 578.5 578
565.2 560.2 559.7 555.4 542.3 535.9 527.6 519 509.5 503.2 495.6 496.4 491.9 493.2 496.3 498.8 505 511.9 520.1 525.3 530.2 535.9 540.8 544.9 548.7 552.5 558.2 561.5 564.4 564.4 563.1 557.1 550.5 548.1 547.6 548.4 540.1 531.7 527.5 524.1 517.8 513.9 510 508.7 509.4 514.6 519.6 523.8 527.7 530.5 532.1 533.3 530.4 537.2 546.1 551.2 556 560.8 562.3 566.3 574.8 582.2 589.2 592.7 596.3 599.7 601.4 599.9 600.4 602.5 602.8 601.9 592.3 592.9 585.4 581.1 578 578
558 554.9 553.1 546.9 536.9 532.9 524.6 516.7 507.6 503.2 494.9 490.6 490.1 491.7 494.6 497.4 502.5 510.2 516.8 522.7 527.4 531.6 536 540.4 545.8 551.1 557.8 560.2 562.6 564.1 567.1 559 554.2 552.9 555.1 554.5 550.9 546.3 529.7 524.5 517.9 513.3 509.8 504.2 502.9 505.9 511.6 517 519.2 524.6 525.4 524.5 527.4 538.4 544.4 549.6 554.4 557.6 560 566 571 578.4 585.8 590 593.8 596.7 599.5 600 601 603.4 606 606.3 599.1 595.2 587.1 581 578 578
555.2 552 546.3 539.7 534 530.1 521.7 514 506.4 498.2 496.1 490.1 490 489.5 491 492.6 498.3 507.6 514.6 521.1 525.7 530.6 534.4 539.1 544.2 549.8 555.5 561.4 564.2 563.8 567.2 567.4 561 558.3 564.1 567 571.3 553.3 532.3 523.7 521 511.6 508.9 501.7 497.6 499.8 505.1 510.8 515.1 515.7 516.3 515.8 528.8 535.9 542 547.4 551 555.2 558.6 562.8 567.5 574.7 581.4 587.5 591.2 595 597.6 600.5 602.4 607.6 606.9 606.7 602.5 598.2 594.1 585.7 579.5 578
