UK/data/nb/nb11_OST50GRID_20230518/NB11.asc
ncols 200
nrows 200
xllcorner 110000
yllcorner 910000
cellsize 50
[rows 0 to 35 of 200, columns 0 to 79 of 200]
154.9 150 146.6 141.4 139.6 134.4 129.3 125.4 123.6 122.2 117.3 109.8 100.1 96 89 83.5 78.2 71.6 71.3 68.3 66.4 64.1 61 58.7 55.3 55.3 55.3 56 58.5 58 60.3 59.5 58.1 56.9 60.3 64.3 67.1 66.3 64.2 58.7 60.9 59.5 60.6 59.1 58.8 57.2 56.9 57.2 60.2 59.7 59.8 60.9 63.4 66.3 70.7 75 74.2 76.5 76.4 74.7 72.8 71.3 69 69.6 72.2 79.5 86.8 98.1 103.5 108.4 117.3 123.7 129.6 139.8 147.9 153.6 159.3 163.5 169.4 187.5
149.5 147 144 141 137.4 132.1 128.1 123.5 122 117.7 111.1 103.5 97.7 92.9 85 81.3 75.8 71.9 70.4 69.2 66.9 64.9 59.5 59.1 55.8 55.3 55.3 55.3 55.3 59.5 60.6 61.5 56.9 59.2 62.3 63.5 66 67 65.7 63.5 64.5 62.5 61.8 61 60.4 58.6 56.9 59 60.9 61.5 60.9 62.6 66 69.5 74 76.7 78.1 79.9 79.9 79.9 79.3 78.4 78.4 81.5 75.8 84.2 90.5 97.4 105.1 112.2 118.1 124 131.3 141.2 146.5 151.7 156.3 162.2 170.8 185.7
151.5 148.4 144.5 144.3 137.2 130.6 125.1 121.5 123.3 115.8 108.1 100.1 96.1 92.1 82.5 79.5 73.7 72.2 69.1 65.8 62.1 60.5 59.1 56.1 55.3 55.3 56.9 59.1 55.3 59.8 60.3 59.5 58.3 60.3 62.2 65.6 66.6 67.9 68.1 67.2 67.4 64.6 63.5 62.9 62.6 59.7 57.8 59.8 61.2 61.8 66.1 66.9 68.3 72.9 76.7 78.3 80.6 84.3 87.4 88 87.4 84.6 84.8 84.3 83.4 85.4 94.5 98.5 106.5 115 119.3 129.2 135.2 138.8 144.2 150.5 156.1 161.4 169.7 183.9
149.5 148.6 144.4 141.5 136.6 128.8 123.2 117.2 118.3 109.4 101 97 92.2 86.3 80.2 75.5 71.3 71.9 70.4 65.5 61 61.4 55.3 55.3 55.3 57.7 57.1 59.3 59.1 60.4 60.8 61.7 61 61.7 65.2 67.3 68.1 69 68.1 68.4 67.4 67.1 65.1 64.7 63.9 61.2 59.6 61 62 63.8 65.9 69.4 72.4 74.5 77.4 79.9 89.8 92.8 92.1 91.9 89.3 87.5 90.2 91.3 94.8 83.3 96.1 102.2 106.3 115.6 123.3 128.8 134.9 138.3 144.1 148.3 153 162.2 174.7 185.3
143.6 144.2 141 140.9 133.7 127 121.5 113.4 107.7 102.4 97 95.6 90.8 85.1 79.2 72.9 70.5 72.6 67.7 64.5 60.5 61.9 55.3 55.3 58 59.3 59 59.8 59.3 60.6 60.9 62.2 62.8 64.2 67.4 68.7 69.9 70.1 69.5 68.9 68.4 68.8 67.6 65.8 65.1 63.1 62.3 62.9 63.3 65.3 67.5 71.7 74.7 78.9 79.6 88.5 92.7 95.6 92.5 91.5 90.4 92.4 96.8 99.2 103.5 95.6 98.1 104.3 107.2 113.2 120.3 124.5 130.3 135.4 142.5 146.1 151.8 165.4 181.2 188.5
142.2 138.6 135.7 133.7 129.8 123.4 118.2 110.1 101.7 97.4 94.7 92.4 89.8 85.3 77.1 71.3 68.4 70.7 67.8 64.6 61.1 60.9 55.3 55.3 55.3 55.3 58.4 59.3 59.7 60.5 62.1 63.5 64.3 65.9 69.4 72.9 74 73.8 72.4 72.1 70.7 70.1 69.7 68.6 68 67 65.1 65.3 66.3 65.9 70.5 76.6 83.5 84.8 84.3 90.3 93.3 97 96.3 93.6 93.6 97.2 100.7 102 106.5 101.3 94.9 105 108.4 110.9 116.2 122.4 128.8 134.4 138.8 144.7 152.7 163.7 177.3 193
134 132.5 133.9 129.9 122.9 117.7 111.5 103.1 97.5 92.4 91 89.8 87.6 84.6 74.4 70.8 68.4 68 66.7 62.4 61.5 60.7 56.6 55.3 55.3 56 56.9 56.6 59.6 61.1 63.1 63.9 65.5 69.2 72.7 76.2 79.7 79.1 78.1 77 74.7 73.7 73.3 72.3 70.7 70.6 69.2 69.1 68.2 67.5 74 80.6 83.3 85.7 88.3 91.9 94.5 97.2 97.6 96.8 96.6 98.5 100.9 101.7 106.1 102.1 96.1 102.5 107.9 110.6 114.6 118.9 127.6 133.8 136.9 142.9 152.2 159.6 170.4 188.4
126.2 125.5 123 119.3 115.2 110.6 104 96.6 94.1 88.4 86.8 88.2 87.5 82 74.5 70.9 68.6 65.9 63.7 61.2 59.2 59.7 55.3 55.3 56.2 59 58.1 56.6 60.4 62.1 63.3 65.2 66.9 73.3 77.2 79.6 80.6 81.4 82.2 81.7 79.4 78.6 78.8 76.1 75 74.5 72.4 72.4 72.7 72.6 75.5 80.8 84.3 87.2 91.3 95.9 99.4 103.7 99.6 98.1 98.4 100.4 101.8 102.6 100.2 98.6 99.9 102.2 106.2 110.5 114.3 118 124.3 134 136.8 142.4 148.4 160.1 166.1 184.4
123.2 116.8 116.3 113.5 114 106.2 98.8 92.3 89.3 86.8 81.3 83 81.2 75.5 71.5 69.2 67.3 67.3 63.5 63.1 59.1 59 56.7 55.3 55.4 57.8 56.6 58.6 61.2 63 63.9 65.6 68.7 77.1 81 83.8 85.3 86.7 84.4 83.4 83.5 84.6 84.6 81.7 79.2 78.3 75 75 74.9 76.6 73.1 82.2 87.5 89.6 96.7 100.8 102.9 104.5 103.2 100.5 101.2 102.2 100.8 99.8 99.9 99.2 100.7 102.6 105.6 109.4 114.2 117.3 124.1 129.3 136.5 140.9 145.6 154.8 165.5 183.8
113.5 111.2 109.8 106.6 103.1 99 98.3 88.5 83.5 82 77.9 74.2 72.2 68.7 65.7 64 63.6 63.2 63 62.9 59.4 58 55.3 55.3 57.2 58.1 56.9 59.2 61.6 63 64.6 67.4 72.2 80.6 84.6 88.8 89.6 91.6 89.6 86.4 85.7 85.5 84.6 83.2 81.5 79.4 77.6 77 77.2 77.6 78.2 83 89.6 93.1 99.8 102.3 105.1 109.3 103.8 102.5 103 103.1 101.1 100.3 101.1 101.8 100.4 102.1 104.8 109.6 114.5 116.2 120.2 126.5 130.6 136.3 143.3 152.6 163 173.7
111.2 108.4 106 102.6 97.9 93.5 91.9 84.5 79.5 78.1 75.5 69.4 70.4 66.3 62.9 61.8 60 61 59.9 59.8 58.5 58.3 56.1 55.3 55.3 58.8 59.5 59.9 61.2 63.4 66 70.7 76.5 83.1 88.4 94.1 94.5 97.6 93.4 90.1 88.3 87.6 85.8 85.1 84.3 82.9 81.8 80.6 82.3 83 83.7 84.3 91.7 95.5 99.8 102.2 106.3 104.8 101.9 103.5 105.5 102.8 101.5 99.7 102.1 103 102.7 101.4 104.2 109.6 114 116 119.5 123.1 126.8 131.2 142.8 153.5 162 168.1
108.3 107.2 108.8 104.8 98.4 92.1 86.2 81.1 77.3 74.4 71.7 66.6 64.3 63.1 62.3 60.1 58.7 59.7 59.1 58.3 58.3 58.3 58.4 55.3 57.3 59.3 59.7 60.3 61.3 64.2 67.4 71.9 81.1 88.2 91.8 97.6 97.2 95.4 94.4 92.6 89.9 90.2 89.7 88.8 87.9 87.2 86 85.7 86.6 88.2 89.8 81.4 92.5 96.6 99.9 102 102.4 101.4 101 104.2 105.8 103.1 99.7 100.5 104 104.4 105.7 101.4 103.8 107.5 111.8 117.1 120.7 122.5 124.8 130.6 138.6 151.2 159.1 164.4
104.1 102.7 101.9 99.8 96.2 91.5 83.7 77.2 75.4 71.8 67.2 65.3 61.6 62.3 63 59.2 57.6 57.8 57.4 58.2 58.9 58.9 57.8 57.4 59.1 59.5 59.9 60.9 62.2 65 67.9 73.9 81.9 87.7 94.4 96.4 95.2 95 93.4 93 90.8 91.8 92.3 93.5 92.7 92.6 91.1 91.1 91.2 93.2 93.6 90.9 92.5 98.9 101.8 102.1 102.1 100.6 102.8 106.9 108.1 102.9 101.4 103.9 105.2 105.3 105.8 103.5 103.7 105.6 110.4 116.6 119.7 121.5 124.3 127.5 133.3 147.8 156.5 162.6
101.6 99.9 99.1 96.9 95.6 91.3 83.2 76.2 72.4 67.9 64.4 61.1 59.8 59.6 60.4 59.4 58.9 57.4 57.1 57.1 59 59.7 56.9 57.3 57.7 59.5 60.3 61.5 63.1 65.3 70 74.8 82.9 91.1 93.8 93.2 94.4 94.4 93.2 94.5 94.1 95.2 96.5 95.7 95.8 97.2 95.5 94.6 94.6 95.2 96.4 95.3 92.5 100.7 104.2 102.2 101.6 100.2 102.5 104.9 103.5 101.8 102.1 103.2 105.8 107.4 104.9 104.2 103 104.3 109.7 114.9 119.5 120.4 124.6 126.5 130.5 140.1 152.5 158.2
99.2 98.5 97 94.6 93.9 91.9 83.5 75 71.1 67.1 64.5 60.3 59.9 59 57.9 57.9 58 57.5 55.7 56.8 57.6 56.7 57.2 58.2 58.3 58.8 60 62.6 64 66.3 70.1 76.2 82.1 88.1 92.3 93 93.9 94.9 95.5 96 95.8 97.8 97.8 97.2 97.2 98 98.2 98.6 96.8 95.6 97.4 95.7 93.5 98.6 101.4 100.1 99.6 98.3 99.9 100.5 99.4 97.6 96.7 103.5 105.5 109.5 107.6 103.6 103.6 104.2 107.6 117.4 118.8 120.1 122.5 125.5 129.5 134.3 144 151.3
94.9 97.7 96.6 91.5 90 88.1 81.5 73.3 70.6 66.5 63.3 60.1 59.4 59.1 57 52.9 53.1 52.9 52.9 52.9 56.9 56.3 58.2 60.6 58.8 58.8 60 62.1 64.5 65.9 70.9 77.6 82 86.9 92.1 95.8 97.9 97.3 98.4 98.5 98.2 100.5 101.1 99 97.7 97.1 98.2 98.4 98.9 97.9 95.6 91.9 91.9 96 97.7 98 96.4 98 99 99.9 96.7 96.7 96.7 100.2 105.7 107.6 105.9 104.5 104.5 105 106.4 115.7 118 119.2 119.9 123 128.5 131.7 137.7 145.9
92.4 94.8 93.2 87.8 85.6 83.2 76.9 71.1 68.5 65.9 62.3 59.4 59.1 59.8 54.9 52.9 52.9 52.9 52.9 52.9 57 56.8 58.9 59.7 58.6 58.8 59.4 61.5 63.7 65.6 70.9 77.5 82.9 88.5 95.2 103.1 102.5 101.4 102.4 101.6 100.4 101.3 101.7 100.4 99.3 97.4 96.6 96.6 99.9 100.1 98.5 91.9 91.9 91.9 95.8 96.2 97.4 98.2 99.1 100.2 96.7 96.7 96.7 100.8 104.2 106.5 107.4 105.9 105.1 105.9 108 112.1 116.9 118 119.5 124.3 130.3 133.4 138.2 146.5
94.4 88.8 91.6 85 80.8 77.3 71.1 68.9 66 65.8 62 59.8 58.5 59.9 52.9 52.9 52.9 52.9 52.9 55.9 56.5 56.3 57.6 58.1 58.2 58.7 58.2 61.1 64 65.8 71.3 78.3 86.2 90.8 98.2 100.9 103.4 102.9 103.2 103.8 102.8 102.2 101.9 101.6 100.8 100.3 99.1 99.8 100.2 101.7 99.8 97.8 92.2 91.9 93.4 94.2 94 97.4 98.4 97.9 96.7 96.7 96.7 102.2 104.3 107.1 108.5 107.3 106.1 106 108.8 110.4 116.6 119 120.8 124.9 132.3 137.3 141.9 149.8
93.3 86.9 82.9 78.9 75.6 72.5 70.8 68.9 67.5 66.2 65.6 60.4 58.2 59.5 52.9 52.9 52.9 52.9 52.9 52.9 54.9 56.9 56.9 57.1 57.4 57.9 58 61.3 63.4 67 71.6 80 86.9 90.7 96.9 101.1 104.1 104.4 103.2 102.8 103.3 104.2 104.2 103 102.6 102.7 102.4 102.9 102.2 101.9 101.1 98.8 97.1 91.9 91.9 91.9 91.9 96.6 98.3 98.7 96.7 96.7 100.8 102.8 106.6 112.4 115.6 110.9 110.1 108.4 109.5 113 115.7 118.9 122.3 129.8 138.1 142.9 144.7 150.1
93.7 86 81.3 79.1 78.3 72.5 69.9 67.1 64.4 65.3 63.1 60.3 56.2 52.9 52.9 52.9 52.9 52.9 52.9 52.9 52.9 55.1 57 56.8 57 58.1 58.9 60.2 63 66.8 73.2 81.9 88.6 91.9 96.9 98.5 101.1 101.2 101 101.8 101.9 99.6 103.1 104 103.9 104.6 104.9 103.8 104.2 103.5 101.7 99.5 97.7 95.4 92.8 92.8 97 98.5 99.5 99.8 96.7 101.7 104.1 107.1 110.5 114.3 116.4 117.2 118.9 115.6 115.5 116.8 117 118.6 125.5 132.5 143.2 148.4 149.1 152.4
93.3 87.8 82.8 80 79.9 74.5 69.2 65.8 63.6 61.9 60.6 61 58.1 55.1 52.9 52.9 52.9 52.9 52.9 52.9 52.9 55.1 58.5 56.8 58 58.4 60.7 60.8 62.6 67.6 73.7 82.4 86.2 92 94.8 97.6 99.6 100.7 100.5 99.9 100 99.6 99.6 103.9 102.7 105.7 106.3 105.2 104.1 104.7 102.7 101.1 99.4 98.4 95.4 96.8 98.4 102.2 100.7 100.6 102.7 104 106.9 111.7 116.1 117.7 121.7 128.1 131.2 125.2 120.6 121.3 120.4 121.2 127 134.2 142.8 148.6 153.6 154.8
94 93.3 90.3 81.6 78.8 75.7 71.3 66 61.6 60.8 59.7 58.6 59.5 56.1 52.9 52.9 52.9 52.9 52.9 52.9 52.9 52.9 57.4 57 58.4 59.5 61.2 62.4 65 69 74.3 81.8 86 91.6 94.7 100.8 103.8 103.8 103.5 102.6 102 99.6 99.6 99.6 100.1 107.1 106.7 105.7 104.5 106.2 105 101.6 100.4 99.5 97.1 98.6 99.6 101.5 102.1 104.4 107.1 109.6 111.4 114.6 118.6 124.2 133.9 140.2 144 138.6 128.1 126.2 126.8 126.8 132.1 141.4 144.4 148.3 154.9 157.5
96.7 93.7 90.1 86.9 79 75.3 72.5 64.6 61.6 60.4 59.2 57.6 56.6 56.2 52.9 52.9 52.9 52.9 52.9 52.9 52.9 52.9 52.9 56.4 58.3 60.7 62.6 64.7 68.2 71.9 77 83.8 88.8 92.8 96 103 105.6 103.9 106 104.4 104.1 102.2 103.7 103.1 104 104.3 105.6 105.3 105.4 109 106 101.9 102 100.4 100.1 101.6 100.3 100.8 102.7 107.4 111.4 112.9 115.1 119.5 126.4 132.9 140.2 147 145.9 144.7 132.6 131.4 131.8 134.7 135.8 144.9 145.4 151.4 155.9 159.7
98.6 94.4 91.6 86.5 80.6 73.3 68.8 63.2 61.3 59.3 57.2 56.1 56.2 52.9 52.9 52.9 52.9 52.9 52.9 56.9 57.4 56.3 56.3 57.3 59.4 61.4 63.7 65.7 69.6 73.3 79.2 87.3 90.6 94 97.8 102.3 103.9 104.6 104.4 104.8 105.1 103.5 102.6 104.1 106.2 105 105.1 105.8 106 106 104.1 102.3 102.7 102.2 101.5 102.8 102.5 101.6 105.3 112.2 117 116.7 121 126.2 132.7 139.3 145.9 151.5 151.8 152.2 138.9 138 139.5 141.1 144.9 143.9 145.7 148.7 157 161
101.1 96.9 90 86.7 79.7 72.4 68.1 63.4 61.4 59.6 57.9 56 52.9 52.9 52.9 52.9 52.9 52.9 52.9 55.8 57.1 57.3 58.3 59 60.8 63.8 65 66.2 70.9 74.2 79.5 86.7 92.2 96.1 96.8 99.1 102.8 103.4 104.2 107.7 104.8 102.8 103.7 104.9 106.2 106.6 106.7 107.5 106.4 105.8 105.1 103.7 104.1 103 102.6 103.4 103.1 102.8 107.5 114.3 117.7 118.3 124.6 133.4 140.9 147.1 152.7 162.5 165.6 161.3 148.1 144.6 146.1 145.5 147.7 146.2 146.4 149.4 156.3 162.3
105.1 96.9 91.4 85.7 79 69.2 66.4 64 62.7 61.3 58.7 57.4 52.9 52.9 52.9 52.9 52.9 52.9 52.9 56.8 58.5 59.1 59.7 61.1 63.8 64.9 65.3 67.1 70.5 74.9 79.6 86.4 91.7 93 94.8 95.8 97.9 100.8 103.2 104.6 103.9 102.8 104.3 103.2 106 106.9 107.3 108.1 107 106.5 106.6 105.8 106.5 104.4 106.5 104.9 104.3 104.3 106.9 112 117.2 121.9 126.9 137.3 145.5 152.1 158.3 168.3 168.5 166.6 158.1 153.3 151.3 148.9 149.6 148.6 149.3 152.8 156.8 165.2
105 97.4 94 86.5 81.1 70.4 65 64.2 63.6 61.2 60.6 59.6 54.6 52.9 52.9 52.9 52.9 52.9 55.1 58.7 61.2 61.5 61.2 62.1 64.6 64.3 65.8 67.7 70.3 75 79.5 87.4 88.6 90.2 92 93.5 95.2 98.3 101.6 102.8 103.6 102.8 103.2 103.2 103.9 106.1 106.8 108.5 108.4 109.9 108.7 107.7 106.6 106 106.9 108.3 106.6 106.1 105.9 111.1 118.5 121.7 129.5 138.6 147.4 162.7 163.9 171.5 174.8 176.9 169.6 158.8 158.3 152.4 154.7 152.4 152.5 156.5 160.1 170
107.8 99.5 92.5 87.4 80.3 74.2 66.3 63.5 62.2 61.8 59.9 59.9 56.3 52.9 52.9 52.9 52.9 52.9 58.2 58.8 62.8 64.1 62.4 62.8 63.4 64.8 65.9 68.2 70.3 73.4 79.3 87.5 87.5 88.7 89.5 92 94.5 97 100 102.2 102.8 103.8 105.7 103.4 103.2 103.2 107.2 108.9 110.1 111.7 110.6 110.6 108.6 107.3 109.9 112.5 110.5 108.9 109 110.6 116.5 120.4 129.5 139.4 150 161.1 166.8 172.7 176.1 177.4 176.5 165 164.5 158.5 160.5 159.4 156.3 159.8 165.3 174.3
110.3 100.9 91.9 87.6 81.2 73.9 68.5 65.1 61.4 60.2 60.2 60.5 57.7 52.9 52.9 56 56.8 57.8 58.3 59.2 61.5 62.3 62.5 63 63.6 65.3 67.2 69.3 71.1 72.7 77 83.1 85.7 86.7 88.8 90.6 93.8 96.5 98.7 101.5 104.7 104.8 104.7 103.2 103.2 103.3 108 110.9 112.4 115.5 114.2 113.6 112.6 110.5 110.7 115 113.8 113.8 116.4 114.8 118.6 125.6 137.3 147.2 153.4 162.4 171.1 175.6 179.3 180.7 177.5 171.4 167.7 165.6 167.5 167.6 163.2 166.4 169.4 176.6
108.9 100.8 95.1 88 84.3 72.3 68.9 66.4 60.3 59 57.6 57 52.9 52.9 52.9 55.9 58.1 62.3 60.1 61.3 61 62.2 63.2 63.5 63.6 65.5 68.3 72.4 72.3 73.4 75.3 79.3 82.6 84.8 86.2 90.1 96.7 98.4 100 102.6 106.2 105.6 105.8 106.8 105 107 110.6 112.7 115.5 119.4 118.4 117.6 115.8 113.3 112.8 116.7 116.4 117.9 119.7 124.1 121.2 129.9 141.3 148.7 159.6 173.8 184.5 189.4 187.6 183.9 180.1 175.5 170.8 169.5 172.3 176.5 172.5 174.2 176.5 182.2
105.3 100.7 92.7 85.8 78.9 71.9 67.7 63.3 60.6 57.2 57.6 52.9 52.9 52.9 52.9 52.9 53.7 59.5 59.7 61.4 61.7 62.8 63 63.2 63.7 65.5 69.6 71.9 72.4 73.2 75.1 77 79.6 81.2 84.2 89.2 97.7 99.8 100.9 102.9 104.9 106.5 107.4 107.7 107.6 109.5 113 115.5 118.1 121 120.6 119.1 116.7 115.9 113.5 119 119.9 122.2 125.5 129.8 125.4 132 139.4 150.2 162.7 181.7 190.6 195.7 193.9 188.1 182.2 177.8 173.5 172.3 174.4 182.2 181.1 179.8 184 185.8
107.3 98 92.7 85.5 79.3 73.6 67.1 62 60.5 57.3 53.8 52.9 52.9 52.9 52.9 52.9 56.6 59.2 59.9 61.1 61.9 63 62.9 62.9 63.8 65.4 68 70 71.6 73.4 75 76.6 78 80.1 83.8 88.5 93.8 96.4 100.8 103.3 105.4 107 109.3 109.6 110.2 111.7 117.3 120.7 122.4 124.2 124.8 123.4 120.7 119 115.1 121.7 123.2 125.6 132 137.5 133 133.4 138.1 148.3 173.5 187.2 193.6 196.8 195.2 189.8 184 180.5 178.4 176.7 178.9 192.7 196.3 185.1 189.4 187.7
104.7 96.7 90.4 84.1 77.9 71.6 65.4 62.1 61.6 58 52.9 52.9 52.9 53 55.1 58.5 58.9 59 60.5 61.1 62 62.2 62.3 63.6 65.7 66.3 67.7 69.5 71.2 73.4 75.3 76.6 77.9 79.6 83.1 89 93.4 95.3 99.3 103.2 105.7 108.2 109.8 111.6 112.1 114.8 119.9 123.6 127.6 130.3 130.6 126.9 125.4 122.6 119 122.4 126.7 130 135.2 139.2 139.2 137.4 140.9 148.7 173.5 185.2 191.8 195.6 194.5 189.4 185.4 183.8 179.9 179.3 182.9 196.6 203.5 194.1 188 188.8
103.4 98 89 83.3 76.8 70.5 65.5 63.8 59.8 55.5 52.9 52.9 55.8 52.9 58.4 61 61.2 60.1 61.1 60.9 61.3 62.5 62.5 63.8 64.8 66.9 67.5 70.1 71.6 73.2 74.8 76.7 77.8 79.3 83.1 87.4 91.9 94.3 98.3 102.5 106.1 110.1 112.5 112.9 115.3 118.2 123.9 124.6 128.5 131 131.7 130.7 129.6 127.2 121 123.4 128.9 132 137.2 141.4 140.8 141.9 147.4 155.7 166.9 185.5 190.7 193.9 193.9 188.9 185.3 182.4 180.7 185.7 188.8 192.9 195.8 194.6 189.5 191.6
103.4 95.5 89.1 80.7 77.6 69.7 65.8 64.3 58.8 52.9 52.9 52.9 58 53.8 57.1 61.4 61.7 62.6 61 61.4 61.5 62.7 63 64 64.6 66.1 67.3 68.9 70.7 72.9 75.4 76.6 77.1 78.6 82.3 86.7 91.9 94.3 98.5 103.5 108.3 111.9 116 116 116.2 118.2 123.2 124.6 125.2 126.9 128.9 130.5 134.1 128.5 122.1 124.8 130 132.4 136.7 139.4 141.1 144.5 150.7 157.4 166.7 175.4 192.8 192.9 192.1 188.3 183.8 181 180.6 185.3 187.3 188.8 190.7 191.1 190.1 189.3
99 94.2 86 81.2 72.5 69.3 65.3 61 57.3 52.9 52.9 52.9 56.8 57.7 57.9 59.1 61.1 60.4 58.6 60.7 62.6 62.7 63.3 64 64.7 65.9 67.1 68.9 71.3 73.1 74.3 76 77.6 79.2 82.7 86.8 92.7 95.3 97.6 102.2 108.5 112.1 116.2 117.3 116.6 118.7 122.1 124.1 124.5 125.4 126.7 127.8 131.2 130 125.2 126 129.4 131.8 136 141.4 143.7 148.4 152.2 158.6 167.1 173.9 185.1 188.1 187.8 184.4 180.7 180 179.8 181.2 183 185.1 186.3 188.7 188.6 187.3
