WholeMapElevations/data/nc/nc12_OST50GRID_20230518/NC12.asc
ncols 200
nrows 200
xllcorner 210000
yllcorner 920000
cellsize 50
[rows 74 to 110 of 200, columns 0 to 82 of 200]
105 108.8 108.4 109.3 107.6 110.6 119.2 114.7 104.7 104.7 116.5 137.7 129 114.6 102.3 96.5 89.4 79.2 78.8 82.3 83.7 78.9 73.7 68.7 59.8 57.7 57.6 51.6 49.2 47 47 47 47 47 51.5 61.5 68.9 67.4 83 84.4 88.1 92.6 97.6 89.4 88.1 76.3 72.9 78.9 74.5 77.4 79.1 81.1 81.7 92.1 94.6 98.5 97.4 98.5 98.2 93.9 86.2 82.9 77.7 77.6 82.3 84.2 76.7 62.9 62.9 62.9 62.9 62.9 62.9 62.9 62.9 62.9 62.9 62.9 62.9 70 63.3 62.9 62.9
113.9 114.4 111.9 109.1 109 108.6 110 107.1 104.7 117.3 141.3 131.1 111.9 104.3 95.8 91 78.8 74.5 80.8 86.7 81.3 80.1 73.8 62.3 59 56 54.2 51 49.2 47 47 47 47 47 51.5 57.1 65.8 78.2 78.3 76.3 89.6 81.4 81.2 78.6 81.9 69.6 67 67.7 68.8 70.6 74.8 77.5 84.4 100.8 95.5 91.3 96.2 102.2 106.4 96.6 84.1 76.5 73 77.8 87.4 85.6 77.6 62.9 62.9 62.9 62.9 62.9 62.9 62.9 62.9 62.9 62.9 62.9 74.7 72.1 62.9 62.9 62.9
112.7 116.9 112.6 107.7 109 109 104.7 104.7 116.6 135.5 127.3 112.2 105.4 94 90.1 79.2 73.1 71.3 75.9 73.7 77.5 73.6 68.8 64.7 60.6 56.5 51.2 49.5 47 47 47 47 48.2 49.2 47.3 51.4 56.8 59.1 63 74.7 80.7 70.4 74.8 75.6 73 65.9 66.9 66.7 67.5 69.3 73.7 77.4 83.6 84.9 85.3 91.5 89.9 100.3 99.1 83 70 71.4 71.9 78.7 90 85.7 77.9 62.9 62.9 62.9 62.9 64.2 62.9 62.9 62.9 62.9 62.9 64.3 80.1 77.2 75.2 62.9 64
111.9 112.6 109.4 108.2 108.2 104.7 104.7 104.7 125.9 126.1 110.6 107.6 103.3 89.5 82.5 80 68.7 66.5 69.5 67.4 64.7 65.6 60 58.2 55 52 50.8 47 47 46.6 47 47 47 54.6 48 52.3 53.8 54.8 56.7 57.9 61.4 72.2 76.5 71.1 64.9 68.9 69.9 72.6 82 73.9 78 86.3 86.8 84.1 76.3 82.9 89.1 92.5 86.3 72 69.8 73.4 69.5 77.1 89.1 78.1 77 69.6 62.9 62.9 63.2 73.8 72.8 62.9 62.9 70.2 72.8 72.3 84.2 85.2 76.9 69.4 73.4
110.8 115.4 117.1 113 112.7 105.9 106.1 119.8 120.5 115.9 102.4 104.4 96.5 83.8 80.7 74.7 65.6 63.7 67.9 71 62.2 57.6 50.2 50 51.3 53.4 50.3 47 47 47 52.7 47 47 49.7 57.5 52.4 51.8 54.3 54.9 55.5 61.5 62 60.8 62.2 67.9 69.9 72.4 74.2 75.8 75.7 83.4 91.4 90 79.5 73.5 75.5 78.8 73.1 74.4 72.3 67.4 66.9 68.9 72.4 79.8 77.4 76.9 62.9 70.1 78.9 69.1 70.9 72.1 67.6 70.6 75.8 75.8 76.4 94 93.3 78.3 77 72.8
112.1 120.2 120.2 113.9 104.1 110.6 116.2 120.7 111.5 99.3 99.1 94.6 82.9 81.8 76 68.3 59.8 59.8 61.4 59.2 54.5 51.4 47 47 47 51 50.4 47 47 47 47 47 47.5 56.8 62.1 58.2 60.9 55.4 56 60.8 57.8 58.2 61.4 67.1 68.7 69.2 72 75.8 75.4 74.7 77.3 80.6 77.9 75.9 73.6 72.5 72.5 72.7 74.3 66.8 66.8 67.1 73 75.8 78.5 81.9 79.5 68.3 75.6 75.4 74.2 72.2 74 78.3 93.2 89.4 78.1 79.2 101 98 86.4 74 72.6
118.6 132.4 118.3 102.6 104.4 104.2 114.7 107.7 100.6 90.1 88.6 80.3 78.9 75.5 68.2 62.2 59.1 56.5 53.7 51 47 47 47 47 47 48.5 47 47 47 47 47 51.6 65 72.8 72 67 65.7 62.3 60.9 58.6 57.8 58.4 64.6 71.2 65.7 68 70.4 80.8 77.2 73.7 78.9 81.7 85.3 76.3 75.1 71.5 72.2 71.9 70.7 66.8 66.8 71.3 75.3 77.7 79.8 91.4 77.3 63.2 80.9 77.7 75.4 81.6 75.8 86.7 92.6 85.5 84.1 81.6 101.3 97.3 90.7 74.4 72.5
109.1 106.9 98.5 92.4 88.5 99.8 102.9 98.2 87.2 85.9 86.2 80.2 76.7 72.5 64.9 55.5 54.5 50.6 48.8 47 47 47 47 47 47 52.3 47 47 47.5 54.3 55.1 76.5 87.4 91.5 79.6 72.8 66.3 62.5 60.1 58.6 58.5 58.5 59.4 60.5 65 67.8 67.7 70.1 70.3 73.5 80.8 81.5 76.9 75.7 72.4 71.4 73.6 75.2 66.8 66.8 66.8 69.2 74.6 77.3 83.3 82 66.3 66.1 72.6 74.6 77 91.8 83.9 80.8 88 82.1 83.2 82.5 89.1 89.9 89.6 75.9 74.1
88.2 86.3 92.5 89.9 81.5 83.9 87.3 86.8 85.5 87.3 87.5 83 84.4 73.7 66.4 54.5 53.2 50.3 47 47 47 47 47 47 47 47 50.8 52.5 58.8 58.6 71.8 81.1 87.1 86.2 82.7 74.1 69.2 64.2 67 62.7 60.9 59.9 66.8 66.9 62.3 63.6 64 66.5 70.5 75.1 85.7 81 77.1 75 71 71.5 71.2 72.6 66.8 66.8 70.1 70.3 75.2 78.4 76.8 68.3 68.2 71.4 71.6 73.4 76.2 93.9 94.9 81.2 83.5 77.4 77.3 82.8 82.4 78.3 84.9 74.8 72.9
81.4 86.3 95.8 93.4 83.8 81.6 81.3 80.5 85 73.6 73.8 74.3 76.8 66.7 53.3 51.5 50 47 47 47 47 47 47 47 47 52 54.9 57.4 63.9 68.2 73.9 85.3 81.6 81.1 78.6 75.9 74.2 76.3 78.7 68.5 63.7 65.6 70.1 66.7 65.1 63.6 64.3 69.2 72.9 78.8 86.4 86.7 82.1 74.8 71.6 70.5 68.6 72.1 66.8 66.8 70.1 74.6 86.4 83.1 70.4 62.9 67.1 71.9 71.9 72.2 79.6 94.1 101.5 95.3 79.8 76.7 76.5 83.4 86.5 70.5 82.6 73.7 65.2
80.6 77.4 91.7 83.9 75.1 75.6 76.4 66.7 64.2 61.3 58.9 61.8 53.5 49.1 49.1 47 47 47.1 55.9 47.5 49.7 47.9 46.9 47 48.4 53.6 62 66.6 76.7 78.6 79 80.1 80.5 84.1 88.1 89.9 88.1 95.2 80.9 77 72.3 69.9 69.9 68.1 66.3 67 65.3 67.9 73 80.1 88.6 89.2 89.5 84.5 76.6 73.8 67.5 66.8 66.8 66.8 70.7 72.4 82.3 79.9 65.5 62.9 66.4 72.2 71.8 72.4 87 95.4 100.4 96.4 97.2 76.3 75.3 79.7 75.2 66.4 60.3 60.3 60.3
78.4 72.2 69.9 65.8 68.4 69.8 71.7 68.8 61.9 57 53.4 51.7 47 47 47 47 48.1 56.4 59.5 61 60.7 62.2 64.4 61.1 63.6 68.9 77.1 84.6 88.1 83.4 80.4 81.8 88.9 92.3 89.9 90.6 89.1 85.8 85.5 88.5 85.3 77.7 75.2 69.5 75.3 78 73.1 81.3 91.5 94.5 98.4 95.7 95.8 94.8 86 73.5 73.6 68.6 66.8 65.7 64.8 70.2 73.7 66.1 62.9 62.9 64.6 69.1 71.2 71.4 83.5 93.3 96.1 94 87.6 82.9 75.8 73.9 75.7 63.9 61.1 60.3 60.3
87 82.5 71.1 63.4 64 64.9 65 59.9 53.3 51.8 48.2 47.7 46.8 51.6 61.6 71.6 85.4 93.9 90 90.5 93.1 92.5 89.1 81.7 75.3 76.6 79.3 84.2 87.4 84.9 90.8 103.6 98.8 102.3 96.7 95.8 87 87.4 88.7 89.9 85.4 74.1 73.2 77 78.6 86 89 95.7 99.6 93.4 97 99.3 95.3 91.8 89.7 76.8 73 71.7 66.8 69.6 70.3 64.7 68.4 66.1 62.9 62.9 62.9 64.5 69.4 71 74.3 90.8 93.7 89.8 84.8 86.5 85.7 71.7 70.7 60.3 60.3 60.3 60.3
85.6 82.1 66.9 56.6 59.8 62.1 54.4 45 50.5 55.7 65.1 52.5 52.4 55.4 68.4 78.2 90.7 97.4 106 109.1 115.2 116.1 116.1 112.8 104.2 97.5 91.6 90.6 87.7 87.8 91.3 96.6 98.5 95.6 95.6 96.1 93.3 92.8 90 85.2 77.6 73.7 74.3 80.6 86 91.4 100.7 98.2 97.6 90.6 96.6 96.6 93.2 93.7 87.8 80.8 73.8 73.7 66.8 80.2 81.2 66.9 65.3 62.9 62.9 62.9 62.9 62.9 67.9 69.5 69.3 80.3 79.8 85.1 82.1 81.4 84.7 75.3 66.2 69.5 60.3 60.3 60.3
81.4 80.6 66.2 51.6 51.5 43.8 45.1 55.1 70.3 76.7 67.6 54.3 65.1 58.5 74.1 81.1 92 106.9 114.9 115.1 118.2 123.7 123.6 121.1 114.9 110.4 110 107.2 106.8 102.1 96 95.4 96 95.7 93.7 93.4 87.1 86.2 84.2 84.3 84.1 78.8 75.5 76.5 79.6 84.5 87.9 92.3 87 85.6 84.5 86.9 89 88.8 87.7 79.7 73.8 66.8 75 84 86.4 69.7 62.9 62.9 62.9 62.9 62.9 62.9 65.2 66.6 62.9 66.3 67.7 75.6 80.1 75.7 82.1 79 65.5 70.4 61 60.3 60.3
72.4 68.5 53.4 44.2 43.7 42.9 49.8 60 72.2 70.6 62.6 56.3 57.9 67.9 91.5 91 101.1 108.9 111.6 118.7 125.4 126.9 126.7 123.7 120.8 118 115.7 110.2 110.7 104.6 99.2 97.7 98.7 99.4 94.7 91.1 85.3 85.3 86.8 93 98.3 96.5 98.5 96.6 94.5 88.5 91.8 95.9 94.3 86.1 83.2 82.6 82.8 81.6 80.3 69.6 67.3 71.8 74.3 77 73.4 68.5 62.9 62.9 62.9 62.9 62.9 62.9 62.9 62.9 62.9 62.9 62.9 65.2 64.5 67.2 72.6 68.8 63.1 63.7 69.6 63.8 62.5
50 45.4 40.9 42.9 41.4 50.1 53.5 63.3 64.3 61.8 57.9 56.9 58.8 61.1 83.1 87.6 95.5 103.5 108.1 123.2 128.1 127.1 122.2 121.1 120.4 119.2 115.6 112.6 111.7 108.3 102.1 99.9 99.1 101 96.2 91 85.9 86.1 96.5 103.8 103.9 102.5 102.1 101.9 101.2 98.8 91.4 90.9 89.8 87.1 83.3 81.2 77.9 77.7 77 68.6 69.7 69.1 68.6 63.2 62.9 62.9 62.9 62.9 62.9 62.9 62.9 62.9 67.1 76.9 73 70.6 69.5 67.9 65.9 65.3 66.9 66.8 62.6 62.9 61.7 63.2 63.6
39.3 38.2 38.9 49.9 48.3 51.1 59.5 65.6 65.3 64.4 57.4 56.5 58.6 64.7 78.2 90.3 100.6 102.1 120.8 129.1 127.5 122.3 121.3 121.9 120.5 117.5 116.2 111.8 107.5 100.9 101.2 99.8 97.5 100 101.9 90.5 89.3 87.8 95.4 106.1 109.2 104.4 104.1 102.7 97.4 93.5 94.8 95.3 89.6 85.8 83.4 74.8 72.1 72.2 65.2 65.2 65.2 69.4 62.9 67.2 68.9 64 68.3 62.9 62.9 62.9 67.8 67.1 71.8 78.6 83.6 81.1 76 73.6 69.7 69.9 71.9 72.1 66 61.8 64.3 65.1 65.4
38 37.9 47.6 70.1 69.9 68.8 70.1 75.6 62.7 58.4 57.9 58.6 55.6 56.1 62.2 78.1 91.9 99.3 118.8 122.4 125.8 120.8 116.5 121.3 123.2 115.6 112.4 105.2 96.2 98.2 102.7 98.2 97.5 100.4 98.1 91.4 90.3 90.4 98.1 104.9 106.2 103.2 99.5 101.8 94 93.7 97.8 91.4 86.5 78.3 76.4 71.3 67.8 65.2 65.2 65.2 69.3 82 88.3 77.6 74.4 82.1 82.6 70.5 65.4 62.9 67.7 73.6 77.2 79.6 84.2 86.4 84.8 82 79.3 79.8 72.9 72.3 69.1 62.1 63.4 65.1 65.4
38.5 43.5 52.1 64.2 61.4 69.5 79.6 91.8 78.1 71.7 69.2 65.3 56.1 55.3 56.4 56.9 66.3 99.3 113.2 120.2 123.3 118.4 107.4 117.6 116.7 113.5 106.3 100 95 97.9 100.9 98.9 97.6 101.1 94.3 91.5 90.7 99.9 101 101.4 100.4 96.9 97.7 99.8 90.9 90.4 90.7 87.8 86.4 77.1 68.2 67.2 65.2 74.8 79.1 72.5 80.8 102.9 101.6 96.9 87.6 94.4 86.6 77.1 70.3 68 77.1 89.2 85.4 94.3 95 90.6 90.4 85.9 82.2 78.2 74.9 76.1 71.7 62.9 62.8 64.8 65.2
38.9 48.7 52.9 58.1 65.9 70.3 79.4 82.8 75.9 71.4 72.5 70.6 62.4 59.1 61 58.7 62.1 88.5 100.5 119.4 119.6 112.6 104.7 112.1 116.7 108.7 102.7 92.5 89.6 91.9 97.7 95 97.8 99.7 102 93.3 94.3 100.9 101.2 100.7 98.8 95.4 93.2 88.5 83 83.5 73.2 70.7 69.5 68.9 68.9 77.7 90.5 87.8 84.6 84.9 93.8 106.5 106.7 103.9 98.8 98.2 100.8 78.5 77.1 74.3 95.1 93.2 93 104 109.3 97.2 91.9 88.7 82 79.3 78.5 74 67.4 62.9 62.3 64.1 64.5
46.1 57.5 59.4 68.7 72.5 64 67.4 72.3 73.7 82.5 82.5 70 60.2 79.8 87.5 91.2 77.8 89.2 112.6 113.3 112.5 110.8 101.6 111.1 112.4 105.1 98.9 91.4 88.7 88.1 89.4 94.1 97.8 101.8 103.5 95.9 92.8 93.4 99.4 98.6 93.9 87.9 85.8 77.4 76.1 80 78.7 73.6 71.3 74 75.4 77.6 93.4 85.2 84.1 81.7 98.3 103.1 110.3 108.6 95 97.1 95.4 84 79.3 78.4 95.2 93.2 93.5 107.7 108.6 98.8 91.9 89.3 82.6 83.8 78.9 73.8 68.1 64.4 61.9 63.6 63.6
54.8 63 61.8 71.6 62.9 62.8 64.7 70.4 85.4 91.5 77.8 61.2 60.4 75.2 93.1 97 104.2 107.9 103.3 103.3 104.2 101.1 101.1 110.2 108.8 101.6 99 94.6 90 86 90.4 93.7 99.2 96.6 97.7 97.3 91.3 86.5 93.4 92.4 85.4 84.8 89.3 90.5 84.2 85.2 89.9 73.4 73.5 75.2 75.6 77.2 87.7 75.4 71.4 78.5 89.5 94.7 105.2 100.7 91.4 98.2 94.8 77.8 76.6 78.1 84 90.3 94.1 102.1 105.5 97.1 92.1 92.7 88.3 88.3 80.7 74.2 69.4 63.8 61.6 62.5 63.3
56.9 61.2 61.1 61.9 61.1 76.1 81.2 88.4 89.3 87 69.4 72.1 61.6 61.6 85.4 106.4 114.3 114.8 113.8 106.1 101.5 102.3 105.1 102.9 100.2 96.2 91 92.1 92.6 87.6 92.4 91.7 100.4 93.6 92.7 84.1 81.2 81.2 81.2 91.4 100.9 103.1 102.8 96.8 85.9 86 81.4 71.6 71.1 75.3 74.9 74.8 73.9 68.5 68.7 81.2 88.8 99.8 103.3 96.6 90.4 98.9 92.3 77.6 76.6 79 83.6 85.4 91.8 108.5 108.4 96.5 89.6 87.4 87.4 89.9 85.2 77.4 72 66.6 61.1 62.8 61
65.8 64.2 60.5 59.7 66.8 88 95.1 94.9 87.1 70.3 73 76.1 63.8 62.6 92.7 98.9 111.5 111.3 112.3 107.3 105.8 109.2 106.9 98.6 97.4 97.2 87 86.3 84.9 83.9 88.9 98.7 93.2 82.7 81.2 85.3 81.2 81.2 81.2 97.4 101.7 104.1 101.6 96.6 84.6 86.4 79.2 70.2 70.4 74.7 75.5 74.1 71.9 65.8 62.7 80.3 87 94.7 96.9 86.6 91.8 92.9 84.2 79.6 76.9 77 85 81.3 82.6 93 107.4 93.8 89.5 87.4 89.7 93.1 90.8 87.9 79.6 69.7 63.3 60.5 60.9
74.4 73.7 67.8 63 69.4 97.9 100.4 94.5 77 75.9 81.6 71.9 68 67.5 80.1 103.5 101.8 100.3 108.2 109.6 115.8 113.7 103.2 95 93.3 93.9 88.7 86.7 85.4 81.2 81.2 81.2 83.3 85.1 91.3 84 84 84.4 88.8 94.7 96.7 104 99.8 88.7 78.8 76.3 69.2 68.7 69.5 75.9 89.9 77.1 68.4 62.7 62.7 79.2 87.7 87 83.8 86.8 93.4 92.5 83.1 79.2 78.1 78.9 88.6 77.7 76.4 81.3 81.2 85.5 87.2 94.2 96.3 95.1 94.8 94.1 79.8 66.6 63.1 60.5 60.8
79 86.3 85.9 85.3 81.6 90.4 83.1 79.9 74.3 78.5 79.9 80.4 74.5 73 78 90.9 93.3 91.9 105.9 119.4 113.9 110.1 97.4 85.1 90.1 88.6 91 83 83.3 81.2 83.1 88 87 87.8 90.2 97.5 99.4 97 94.4 89.1 95.5 99.7 96.6 87.6 74.9 67.2 66.9 67.4 72 81.4 83.1 73.1 62.7 62.7 62.7 73.9 82.2 87.6 85.5 77.4 81.7 86.1 82.9 78.4 87.9 93.4 88.3 87 81 80.7 76.7 78.2 82.5 90 99 92.5 92.3 89.3 77.8 66.7 69.4 64.5 61.6
94.8 96.2 97.3 101.7 99.7 89.7 76 73.7 85.9 84.1 88.5 90.2 85.6 77.6 88.9 96.2 85.1 85.3 99.8 110.6 110.5 106.6 92.2 78.9 84.6 88.7 90.7 80.6 83.9 102 105.1 100.3 87.5 88.5 89.8 96.3 101 101.9 102.4 102.2 104 96 87.8 81.3 69.9 67.4 66.5 67.9 72.7 75.4 77.6 62.7 62.7 62.7 65.4 71.9 84.3 79.5 79.3 77.9 94.1 84.3 80.2 81.1 86.7 94.7 84 83.9 83.8 81 73.9 72.1 75.7 83.3 80.9 81.6 75.2 77.6 66.8 65.1 65.2 68.1 61.3
105.2 101.7 103.2 103.4 98.7 82.4 74.3 74.6 89.9 92.1 92.5 91.7 84 76 87.5 84.8 79 83.8 91.1 93.5 90.2 89.3 76.5 75.3 81.7 83 83 93.5 102.2 105.8 105.9 103.5 92.5 91.4 90.8 95.2 102.3 106.4 106.5 108.3 107.6 99.6 91.8 72.3 68.6 68.5 67 66.7 67.7 69.8 62.9 62.7 62.7 62.7 62.7 73.5 75.7 78.7 77.1 77.7 88.5 82 93.9 92.9 90.4 93.1 82.3 82.8 85.3 85.6 77.2 70.1 70.2 71.9 75.8 69.9 65.4 64.3 64.5 64.9 63.5 62.1 60.2
97.4 91.5 94.7 93.7 76.3 72.4 74.5 81.3 88 92.3 96.6 94 82.8 71.6 69.9 72.2 74.8 79.9 79.7 72.9 72.9 72.9 73.6 77.6 88.7 85.3 88.6 101.7 104.7 104.8 107.1 104.3 91.3 96.7 100.2 98 104.7 107.1 109.2 108.6 105.3 98.6 87.8 73.9 69.2 72.6 68.5 64.8 64.6 66.8 62.7 62.7 62.7 62.7 67.4 72.3 80.5 84.1 82.2 75.1 80.8 81.8 100.9 99.3 94.6 86.2 81.1 81.7 88.8 85.8 80.9 79.6 68.5 65 66.5 61.4 61.1 60.3 60.6 62 60 60.2 65.8
88.1 82.8 85.8 69 69.5 73.5 74.5 87.8 93.7 94.1 93.3 91.1 85.4 71.1 66.6 68.6 72.6 72.9 72.9 72.9 72.9 75.7 79 90.9 94.7 79.6 87.4 100.9 103.3 109.6 108.7 103.2 94 100.2 101.6 104.7 102.1 102 106.8 106.6 100.3 93.6 79.6 76.7 67.5 69.7 63.6 64.6 67 70.2 62.8 68.3 62.7 64.9 71 76 80.7 75.7 73.8 72.5 75.4 79.3 94.1 97.2 91.5 82.8 78.9 82 81.8 86.5 80 72.9 70.6 64.9 61.1 61 63.8 65.8 60.7 60.5 62.2 63.5 66.5
80.6 74.5 58.8 61.2 65.4 72.7 79.2 87.2 87 88 87.4 74.2 77.2 68.9 67.3 81.2 77.6 83.8 89.7 86.3 86.6 81.3 84.6 94.5 81.8 77.6 84.2 99.2 103.7 103.6 102 94.1 95.5 102.7 103.3 103.1 101.8 101.1 98.7 100.8 94.2 86.4 74.6 67.7 64.1 63.3 63.9 66.6 67.3 65.1 63 66.4 74.9 70.3 70.9 73.6 74.4 78.9 72.7 68.2 73 80.4 90.1 89.2 81.1 75.4 74.3 76.2 82 79.2 74.2 72 69.8 61.2 60.6 63.8 69.1 64.5 60.7 60.1 62.8 65.9 66.8
61.9 58.4 55.8 54.5 54.8 56.9 60.6 66.4 71.9 64 57.3 58.6 58 58.8 61.7 76.7 95.7 97.5 105.3 105.5 105 99.5 97 93.4 78.7 76.6 89.6 100.8 102.4 96.9 95.8 94.7 94.7 97 102.3 105.1 101.3 101.3 98.2 90.8 87.5 92.5 77.6 65.4 63.3 68.6 69.1 68.4 68.1 64.3 64.8 69.4 75.5 75.5 72.7 73.9 74.9 77.8 75.5 67 68.3 81.5 79.8 74.4 74.7 71.7 68.9 67.5 68.3 78.3 83.4 78.7 65 60.4 64.7 75.4 68.5 70.3 61.1 63.2 63.8 65.9 66.8
55.3 47.3 44.4 52.1 52 53 52.6 52.2 47.1 45.4 48.3 56.6 62.3 74.6 80.8 97.1 98.7 105.6 107.2 102.2 96.8 99.4 103.7 84.9 74.3 74.9 86.4 101.5 98.5 97 96.2 96.1 95.3 95.6 103 103.4 100 98.2 93.2 90.3 84.8 77.8 76.3 62.5 74.8 75.3 71.6 73.2 65.5 64.3 64.4 69.5 80.1 84.1 80.2 84.6 81.1 89.2 74.5 60.4 63.1 68.6 69.2 67.9 62.8 62.1 63.2 67.8 85.1 81.7 76.7 67.1 60.3 61.3 65.1 67.2 71.1 66.7 64.8 65.7 65.9 72.9 73.2
40.5 43.6 50.4 59.3 60.1 57.5 53.9 46.2 43.5 46.8 57.2 61.3 66.5 78.8 90.1 96.9 97.7 109.1 109.7 106.5 93.4 93.5 93.8 75.6 73 74.9 86.1 93.6 97.1 99.5 96.8 96.2 104.7 99.5 108 105.2 97.3 91.8 89.3 92 80.8 79 63.1 67.5 71.9 79.4 71.6 70.6 69.2 66.1 66.4 72.3 79.3 77.6 76.4 79.6 81.3 75.1 64.3 59.2 71.1 72.3 62.1 59.4 59.6 59.8 61.2 63.6 65.2 67.5 59.7 59.8 59.9 69.3 71.2 67.6 67.9 67.2 66.9 71.5 75.5 98.7 98.2
39.8 39.8 53.7 56.8 61.6 53 56 69.1 50.9 42.4 54.6 60.9 68.5 76.5 85.7 92.9 100.9 103.6 106.7 103 92.3 84 68.9 63 79.5 74.6 80.2 85.9 88.3 87.7 94.6 102.9 95.7 96 97.2 97.4 95.1 92.3 83.6 83.7 81.7 69.4 66.2 69.5 67.8 68.7 71.1 76 68.6 69.5 71.1 73.5 80.7 79 69.9 69.1 70.5 61.9 56.7 62.4 69.1 66.5 61.8 75.2 73 62.8 60.1 59.7 59.7 59.2 59.1 61.3 61.2 63.3 68.6 68.6 67.9 70.7 68.7 79.2 88 113 113.6
44.2 41.3 40.3 41.5 44.4 42.9 50.1 41.3 42.8 45.5 57.9 68.1 78.7 80.2 85.8 92.8 98.8 98.4 97.7 85.8 79.5 74.6 61.4 68 71.2 71.1 73.6 78.3 83.8 86 87.9 86.6 88.5 91.5 95.2 96.8 95.8 91.2 85.9 78.1 64.1 55.1 67.5 67.4 67.5 69.4 73.8 71 69.8 76.8 75 75.4 77.9 73.8 67.7 65.3 68.1 60.9 57 61.6 64.8 61.5 70.4 75.4 74.2 70.5 66 59.4 59.9 59.9 59.8 60.4 60.6 62.1 65.7 67.5 67.9 67.7 70.7 76.3 88.6 101.3 106.2
