WholeMapElevations/data/no/no22_OST50GRID_20230518/NO22.asc
ncols 200
nrows 200
xllcorner 320000
yllcorner 720000
cellsize 50
[rows 39 to 77 of 200, columns 0 to 86 of 200]
164.5 164.8 168.8 173.3 168.8 167.1 177 182.4 185.6 185.5 186.9 193.4 197.8 196.7 201.5 207.5 215.4 222.6 231.8 237.3 239.3 239.3 232.7 231.2 228.3 224.2 217.6 228.9 229.9 226.2 218.6 209.4 188.1 181.9 186 196.4 195.8 194 191.7 191.1 189.5 189.8 178.9 185.5 179.8 170.4 161 155.4 153.1 152.6 142.9 133.9 127.7 122.4 119 111.9 89.3 67.4 67.6 91.6 102.7 111.6 119.8 121.9 125.1 131 140.2 141 139.3 134.3 127.7 125.3 129.6 131 130.3 125.5 106.6 95.3 84.7 71.1 49.6 30.5 21.7 14.6 12.8 12.6 11.1
165.6 165.6 166.7 170.1 169.3 166.9 172.3 180.3 182.8 184.5 191.3 198.8 202.4 201.7 203.5 204.8 214.2 220.3 224.5 230.5 232.7 230.7 226.4 227.6 223.5 216.6 209.4 207.4 208.8 206.6 197.5 187.6 177 171.1 171.2 174.4 178.9 182.3 184.9 186.6 191.1 192.2 183.2 161.1 163.2 156.3 153.4 150.8 144.5 138.5 133.6 125.6 121.7 118.5 114.8 108.4 85.9 66.7 61.9 83.5 98 106.7 110.5 115.4 116.7 116.9 119.2 117.4 114.8 114.3 115 121.6 125.3 122.8 120.1 108.4 88.6 74.3 62 47 25 16.9 13.1 11.6 11.2 10.7 10.5
166.7 166.3 165.6 166.7 166 166.7 168.7 175.6 180.9 183.3 192.6 198.5 202.1 205.9 209.1 205.5 201.2 200 191.3 198.6 196.4 190.4 193.4 203.3 203.1 197.3 190.1 182 180.3 178.8 177.2 176.5 173.5 167.9 168 172.3 178.8 181 186.7 188.9 191.9 191.9 180.5 156.6 147.8 149.5 150.7 146.8 137.2 128.8 122.6 118.7 116.5 113.7 109.4 101.3 82.2 66.4 62.5 79.3 92.9 106.2 110.3 109.2 112.6 113.6 110 107.3 108.7 111.8 113.2 113.4 112.8 114.8 104.8 83.2 66.2 60.8 38.4 22.5 16.3 13.2 11.3 10.7 10.6 10.4 10.2
175.8 174.2 169 167.9 168.5 166.7 167.1 170.5 176.4 182.4 189.7 197.7 201.6 206 209.9 197.8 171.9 168.3 166.1 169.8 170.9 172.2 165.6 170.1 173 173.1 171.9 169.9 168.2 169.2 170.4 172.4 172.1 163.5 168.7 171 178 183.4 188.9 191.8 192.9 194.1 176.7 159 158 140.2 143.8 139 130.5 122.7 115.8 113.6 112.6 113 107.2 93.8 77.1 63.1 61.6 77.3 92.1 106.8 109.7 110.1 111.3 116.9 112.6 105.6 110.4 108.3 103.8 102.7 103 91.9 76.8 55.4 39.6 30.6 15.5 12.6 11.5 12.3 11.1 10.5 10.3 10.1 9.9
181.7 183.7 179.3 178.2 178.5 180.6 174.7 173.3 176.6 179.3 183.9 192.8 196.4 196.8 179.1 162.1 154.2 154 157.7 161.3 159.8 163.7 158.6 158.8 161.6 163.1 160.5 160.1 158.5 164.4 165.3 165.9 156.1 153.8 166.4 171.8 176.6 184.3 189.5 192.9 192.6 193.7 176.3 163.5 163.2 153 133.3 131.3 125.2 117.7 109.8 106.3 108.9 111.1 108.8 92.6 72.4 59 63.1 77.4 94.2 105.5 105.4 107.2 107.1 108.2 110.2 105.2 96.3 98.3 88.2 85.7 78.6 67.7 43.8 27.3 19 12.8 10.6 10.5 10.5 10.4 10.4 10.4 10.3 10.3 10.2
184 186.3 186.8 188 188.1 188.5 189.6 179.8 181.2 186.8 185.4 174.8 161.3 157.6 151.2 147.4 146.4 148.1 144.7 147.8 144.4 145.6 144.6 149.4 152 153.3 150.1 151.4 149.7 148.2 148.8 145.3 140.9 149 161.4 171.5 174.2 180 185.3 188.9 189.5 180.4 171.1 169.4 167 156.8 145.4 123.5 119.2 111.4 101.6 97.7 98.6 103 102.2 91.3 72 57.7 64.3 80.3 95.2 100.8 102.7 103.5 100.7 100.7 105.7 101.1 84.3 71.7 57.4 50.5 40.9 30.5 22.6 14.7 11.2 10.7 10.5 10.6 10.5 10.5 10.4 10.5 10.6 10.6 10.5
188.6 189.5 191.1 192.4 192.1 192.8 193.8 186.8 183.5 183.2 182.3 180.4 172.8 157 146.1 140.8 135.1 133.9 132.4 133 130.1 126.7 131.2 142.3 144 145.9 140.7 139.6 138.6 137.7 140.4 138.1 134.3 134.3 150.6 160.4 168.9 168 177.5 177.6 171.9 167.8 166.9 168.5 164.6 158.1 150.4 132.2 110.1 108.2 96.4 87.3 86.9 87.1 88.3 82.7 68.9 55.4 65.6 80.8 92.7 96.4 97.8 97.3 94 91.8 87.2 83.5 70.9 55.8 40.5 31.1 21.6 18.3 14.8 11.4 10.8 10.4 10.6 10.6 10.6 10.5 10.5 10.6 10.7 10.8 10.8
198.6 201.2 201.7 200.5 201.6 198.5 197.1 197.7 190.9 194.8 199.1 203.3 196.7 176.3 165.5 154.3 150 141.9 136 131.2 128.1 124.3 121.9 134.4 140.3 144.1 139.3 125.6 124.1 128 134.3 133.4 131.3 129.2 129.1 133.9 140.3 145.5 150.9 154.1 156.2 159.1 160.1 161.1 158 154.9 150.6 138.6 117.6 99.2 90.9 81.5 77.8 77.4 74.9 70.8 59.3 50.3 65.8 74.2 87.5 90.9 92.5 91.8 91.7 87.1 77.4 64 53.2 39.4 28.4 24.4 18.7 16.7 13.2 10.8 10.5 10.5 10.6 10.7 10.6 10.6 10.6 10.7 10.8 10.9 10.9
206.5 210.5 210.8 213.2 211 208.2 204.7 205.4 201.9 203.4 206.4 209.2 207.7 194.4 180.9 167.8 161.7 153.1 144.7 136.6 128.2 124.9 119.8 119.2 132.4 135.2 120.6 111 111.6 118 125.8 122.8 121.2 121.3 122.5 126.7 130.7 136.5 141.9 148.2 149.7 151.9 151.7 149.9 146.2 143.6 140.8 131.7 122.3 109.4 90.8 78.6 76.2 72.3 69.3 62.6 55.7 47.1 59.8 66.9 73.4 79 83.7 85.4 84.1 77.4 67.3 54.5 39.8 25.7 21.5 18.8 15.1 12.8 11.1 10.6 10.4 10.5 10.6 10.7 10.7 10.7 10.7 10.8 10.9 11 11
205.3 209.2 214.2 216.3 216.3 214.6 210.5 213.1 210.1 208.7 211.6 212.2 211.2 200.6 189.3 178.3 171.4 163.2 150.7 137.2 129.2 125.9 121 117.7 112.6 111.3 110.1 108.8 104.9 109.7 110.9 109.8 107 107.9 116.1 127.8 136.5 140 145.3 149.1 151.1 153.8 154.4 151 149.2 143.6 137.4 125.8 114.9 106.2 96.5 90.6 83 75.2 69.2 64.1 55.6 42.4 52.5 58.9 60.7 65.8 73.8 76.7 75.1 63.1 50.9 39.9 32 25 17.8 14.6 12.3 12 10.4 10.3 10.4 10.5 10.7 10.8 10.7 10.8 10.9 10.9 11 11 10.4
216.6 216.5 217.4 222.2 223.4 216.5 213.7 215 215.6 207.5 213.8 208.6 200.3 193.5 185.5 173.5 167.7 166.1 156.7 140.4 134.3 133.3 127.9 121.6 117.3 114.3 114.7 111.7 106.4 101.1 100.1 97.7 94.4 94.2 104.6 115.2 133 144 149.7 151 153.7 155.4 154.3 154.5 153.4 150.7 143.4 130.4 117.9 106.4 98.5 91.6 85.9 79.9 73.8 67.6 59.5 48.3 39.2 48.8 52.3 56.7 60.8 60.7 58.5 49.8 39.5 28.8 26.3 21.9 16.6 13.3 11.8 11.1 10.3 10.2 10.4 10.6 10.7 10.8 10.8 10.9 11 11 10.9 10.8 10.2
226.3 228.2 230.2 231.5 232.5 232.2 227.6 220.1 211.3 201.1 196.6 194.3 192.6 187.7 183.7 181.3 177.1 173.1 162.6 146 141.3 139.7 133.6 125.6 119.2 115.8 113.3 109.7 106.5 105.2 103.6 96.2 88.4 88 93.3 105 119.7 138.4 149 153.8 156.2 155.1 157.4 159.9 157.2 153 145.2 131.6 121.1 112.3 106.7 97.9 89.8 84.2 80 73.4 70.7 58.9 50.5 37.1 44.4 46.4 48.1 44.5 39.7 39.8 28.3 24.5 22.4 19.1 16 13.3 12.3 11.6 11 10.3 10.4 10.6 10.8 10.9 10.9 11 10.9 10.8 10.8 10.7 10.6
235.6 237.6 239.2 239.9 241.8 243.9 244.7 242.1 235.5 219.4 202.2 197.3 192 190.4 188.8 188.2 184.8 175.8 165 154.4 149.4 144.2 139.3 133.7 123.5 121.8 118.5 113.4 109.5 106.6 104.5 103.6 94.4 86.1 87 96.4 108.6 126.2 144.4 151.7 154.5 156.6 158.2 160 158.8 152.8 141.9 129.7 121.8 114.6 107.8 102.8 96 90 82.9 76.2 69.9 62.9 56.4 45.2 32.9 29.5 30.7 32.9 32.6 32.3 30.3 24.3 23.3 17.7 14.7 13.5 12.8 12.2 11.5 10.9 10.3 10.5 10.8 10.9 10.9 10.8 10.8 10.8 10.7 10.7 10.6
237 240.9 246 249.2 248.9 251.7 254.4 255.7 256.3 247.4 218.7 207.9 199.3 196.2 195.1 192.5 188.5 177.3 165.9 161.4 157.4 150.9 143.4 137.9 130.4 126.4 123 118.7 112.9 107.4 105.1 105.7 101.7 93.4 83.5 87 97.7 117.6 131.4 143.8 148.1 150.1 148.5 149.1 152.4 145.8 134.7 126.6 119.1 113.7 108.1 104.3 100.4 94.3 85.5 77.1 71.1 64.6 57.3 51.1 40.4 38.7 26.9 26 26 25.6 26.4 25.3 20.7 17 15.2 13.5 12.9 12.3 11.6 11 10.4 10.6 10.8 10.9 10.9 10.9 10.8 10.8 10.7 10.7 10.6
236.4 242.5 245.9 250.5 253 254.6 257.4 258.5 256.8 252.1 229.6 218.3 212 205.3 207.4 204.8 200.4 183.2 172.3 169.1 162.3 156.3 152.1 147.5 142.7 132.5 126.6 121.4 115.5 109.4 106.8 103.8 101.8 96.6 88.3 79.4 88.6 107 122.9 134.8 143.8 150.6 148.2 143.2 137.7 133.1 127.1 120.4 115.7 110.6 105.6 101.7 97.6 92.8 85.2 76.8 71.4 63.7 55 46.6 41.4 35.2 31.6 28.3 24.5 23.3 22.7 20.6 18.3 17 15.2 13.6 13 12.3 11.7 11.1 10.5 10.7 10.9 11 10.9 10.9 10.8 10.8 10.7 10.6 10.6
237.8 241 244.3 249.5 254.3 256 256.2 257.3 252.6 239.2 222.4 217.3 216.4 213.3 212.6 209.4 205.1 190.5 179.5 176.4 170 163.7 162.4 159.1 154.7 145.5 136.1 128.4 119.1 112.2 108.4 104.6 101.6 97.2 93.4 82.6 79.9 94.9 109 121.1 130.1 136.6 138.4 133.9 128.9 123.9 117.4 111.8 109 105 101.3 98.6 93.5 84.5 75.9 70.8 62.7 55.1 48.8 42.3 36.2 31 28.9 31.2 28.4 23.6 21.1 18.9 17.8 16.7 15.2 13.6 13 12.4 11.8 11.2 10.6 10.8 10.9 11 10.9 10.9 10.8 10.8 10.7 10.6 10.5
234.8 238.5 244.8 248.6 253.3 254 250.9 242.2 234.2 226.6 220.5 217.7 218.8 219.3 217.6 215.2 211 198.7 187.8 184.1 177.8 170.7 168.7 167.5 165.5 157.3 150.6 141.3 127.7 116.7 110.1 106.1 100.8 96.2 92.3 86.9 77 81.6 95.3 105.2 111.7 118 121 120.2 116.2 113.6 110.1 106 101.3 95.3 89.5 90.4 89.1 82.4 72.3 59.7 51.9 48.5 43.1 40.4 37.3 33.6 32.2 34.5 27.6 20.8 18.8 18.6 17.4 16.3 15.2 13.6 13 12.4 11.8 11.2 10.7 10.8 10.9 11 10.9 10.9 10.8 10.8 10.7 10.6 10.5
230.7 235.9 237.5 238.4 233.8 233.2 229 225 223.8 224.6 223.4 222.1 221.5 223.6 224.7 222.9 219 204.5 193.3 188.5 181.2 177.4 175.5 175.6 171.1 166.6 161.1 155.2 148.1 133.3 117.7 107.5 101.5 96.5 92 90.2 85.3 73.3 81.8 90.6 96.3 101.5 103.8 105 106.1 104.5 102.8 99.8 93.6 84 76.1 70 71.9 68.7 58.7 48.8 45 41.9 40 39 39.2 33.2 28.4 26.6 20.2 17.4 17 17.2 17.4 16.1 14.8 13.7 13.1 12.6 12 11.5 11 10.8 10.9 11 11 10.9 10.8 10.8 10.7 10.6 10.5
230.3 234.7 230.4 223.5 222.5 220.6 219.8 218.8 220.4 222.9 223.2 220.9 222.5 222.5 223.4 221.4 217.5 206.6 198.6 192.8 187 183.7 182.1 183.2 179.6 174.6 169.6 164.7 158.5 141.4 127.1 112.9 105.3 98.2 92.2 87.9 85.8 75.4 72.9 78.7 84.1 87.9 91.6 94.8 97.8 98 97.3 92.1 84.1 72.2 65.7 60.1 54.9 49.8 47.6 43.2 40.3 39.2 38.4 38.8 37.6 24.2 19.8 20.1 16.2 15.1 15.1 15.9 15.8 15.7 15 13.9 13.1 12.9 12.4 11.8 11.3 11 11 11 11 10.9 10.8 10.7 10.7 10.6 10.5
213.7 215.8 216.5 215.1 211.8 213 213.6 217.2 219.2 220.9 220.3 216.3 217.1 211.9 209.3 205.6 202.7 200 197.3 196 189.2 189.4 188.6 189.5 189.3 182.5 176.8 173.3 167.5 151 139 127.5 112.4 103.2 95.1 90.3 85.4 79.7 72.8 69.1 73.4 78.8 84.3 86.7 90.6 89.5 87.8 82.5 74 65.3 64.8 60.8 54.5 47.9 42.9 39.6 37.3 36.9 37.4 38.2 30.4 20.5 19.2 16.6 13.8 13.2 13.1 14 15 15 14.7 14.3 13.2 12.4 12.5 12.1 11.6 11.2 11 11 11 10.9 10.8 10.7 10.6 10.6 10.5
194.4 197.9 201.5 204.3 205.6 207.8 213.4 215.6 215.8 215.2 212.5 207.6 205.3 200.5 197 196.1 199.2 199.3 198.7 196.4 192.3 194.8 193.9 195.7 194.5 193.3 185.6 181.8 174.2 157.7 145.7 134.6 122.5 111.9 101.9 94.2 88.7 84.3 79.8 74.6 64.8 70.8 77.1 79.2 79.7 81 75.3 69.4 64.4 60.8 59.2 56.6 52.1 47.5 41.9 39.4 36.7 34.1 36.6 37.1 22.1 19.7 18.3 12.7 11.4 11 11.1 11.9 13.1 14.3 13.9 13.5 13.1 12.5 11.7 11.8 11.9 11.5 11.3 10.7 10.5 10.4 10.2 10.1 10 10 10
188 192.4 196.1 199.4 204.4 203.1 205.6 210.7 210.3 204.9 200 197.1 194 189.1 189.1 192 195.4 196.7 196.6 195.7 195.4 197.1 196.5 197.7 198.5 196 191.3 185.3 177.7 161 151 142.3 129.9 117.4 106.2 101 93.6 88.7 84.7 81.8 75.4 62 64.2 69.2 69.7 67.9 65.6 63.2 59.6 56.8 54 53.1 51.7 48 42.5 39.2 35.5 34.2 33.8 32.8 19.8 18.6 17 11.3 10.7 10.4 10.3 11.1 12.5 13.3 13.2 12.8 12.4 11.9 11.5 11 11 10.9 10.3 9.9 9.9 9.9 10 10 10 10 10
183.5 188.9 190.4 192.4 193.8 193.7 195.9 194.4 192.5 186.3 186.1 185.3 184.6 184.3 186.2 188.2 191.4 194.1 194.4 194.1 194.6 196.7 197 196.1 198.7 198.6 194.3 188.1 179 164.2 156 147.1 135.2 125.2 112.8 105.4 101.6 96.1 91.1 87.4 82.3 74 60.8 60 61.3 59.9 58 56.3 54.5 51.9 49.9 48.7 48.2 46.7 42.9 39.9 34.8 34.7 32.6 24.4 19.8 18.7 14.7 11.7 10 9.9 10 10.4 11.5 12.3 12.5 12.1 11.7 11.2 10.8 10.7 10.7 10.3 10 10 9.9 9.9 10 10 10 10 10
184.4 174.5 172.6 174.2 184.4 187.5 182.8 175.8 176.5 176.3 178.5 179 177.8 179.8 182 184.4 187.7 190.3 191 190.2 192.5 195.5 195.8 191.4 193.7 195.3 195 187.6 174.5 164.3 156.6 150.8 142.5 132.8 119 110.4 107.5 102.2 97.6 94.9 90.3 82.3 75.3 65 58.5 55.2 52.8 50.9 49.5 48.8 46.2 45.4 44.6 44 43.2 40.3 34.9 31.4 25.9 23.3 20.8 19 15.3 11.5 10 10.1 10 9.9 10.5 11.3 11.8 11.4 11 10.6 10.9 11.3 11.1 10.7 9.9 10.2 10.1 10 10 10 10 10 10
204.7 202.1 190.4 169.1 164.2 163.7 165.5 168.4 171.3 172.6 172.9 175.1 174 174.8 176.8 177.1 179.9 182 186 185.3 186.5 190.7 193.4 191.3 185.7 190.5 190.5 181.1 170.2 162.2 156.6 151.9 145.9 136.4 124.6 116.2 112.3 109.2 105 101.1 96.4 89.9 82.2 74.7 67.7 63.3 57.1 52.3 50.9 47.3 46.2 44.6 42.1 43 41.5 38.5 35 29.1 32.2 37.7 31.3 20.2 14.2 11.4 10.4 10.5 9.9 10.3 10.3 10.3 11.1 10.7 10.7 11 11.3 11 11 11 9.9 10.3 10.2 10.1 10 10 10 10 10
213.3 216.1 208.7 196.9 180.8 169 161.9 159.8 164.5 167.4 167.4 166.6 167 169.6 170.1 170.4 171.6 172.9 176.8 179.5 180.2 184.1 187.3 187.1 182 177 171.9 169.2 163 160.8 157.3 150.9 146.4 139.2 130.7 122.2 117.7 114 108.6 104.6 100.4 94.8 86.2 80.6 76.2 70.3 65 60.7 55.8 52 49.3 46.7 44.3 43.6 41.3 39.5 37.4 35.1 29.8 27.1 30.1 18.5 12.5 11.6 10.1 10.2 10.2 10.7 10.6 10.6 10.5 10.8 11 11.3 11 10.7 10.7 10.8 10.7 10.5 10.4 10.3 10.2 10.1 10 10 10
220.3 225.8 223.6 219 206.4 185.5 174.6 169.2 162.4 155.5 157.6 160.5 159.3 163.5 164.6 161.8 161.6 161.7 163.1 167.3 167.6 169.7 173 174.6 172.4 169.7 165.3 162.6 157.4 156.2 158 156.1 148.1 140.8 133 125.9 122.6 115.9 111.2 105.2 100.4 95 90.3 84.8 81.3 75.4 70.5 64.7 59.7 55.2 51.4 48.7 46.4 44.6 41.8 37.2 36.1 33.2 27.6 24 28.9 16.3 12.6 11.4 10.7 11 10.8 10.9 10.8 10.7 10.8 11.1 11.3 11.2 11 10.8 10.6 10.6 10.5 10.5 10.5 10.5 10.3 10.2 10.1 10 10
228.4 233.8 235.6 231.1 222.4 203.7 186.7 180.7 176.2 168.2 157.1 151.3 153 154.6 158.2 156.1 153 152.4 153.7 154.8 155.7 160 161.4 161.9 161.6 160 161.9 159.5 155.4 151.4 153.3 160.4 149.3 143.3 135.6 127.6 122.9 118.6 114.4 108.1 103.2 100.3 94.7 88.5 84 79.4 75.2 71.4 66 59.2 54.8 50.8 48.2 44.6 42.2 37.8 33.6 28.1 25.4 23.8 25.7 15.6 13.5 11.6 11.1 10.4 9.9 9.9 10.8 10.8 11.1 11.5 11.3 11.2 11.1 10.9 10.8 10.6 9.9 10.6 10.5 10.4 10.5 10.6 10.4 10.1 10
234.3 238.5 242.5 239.3 236 220.2 199.2 191.6 187 179.1 171.5 160.4 150.6 149.3 149.5 148.9 147.6 147.6 147.7 148.4 150.5 151.7 155.9 158.5 158.4 155.9 155.7 155.2 151.5 144.6 147.1 149.8 148.8 143.9 138.3 132.1 125 120.7 116.1 109.8 109.2 106.1 99.5 93.2 87.7 82.7 77.2 74.8 69.1 63.2 59.1 54.2 50.4 45.7 42.3 39.9 36.7 31.6 23.8 23.1 23.1 16.6 14.5 11.9 11 10.5 10 10.6 11.1 11.3 11.6 11.5 11.4 11.2 10.8 10.6 10.6 10.6 9.6 10.6 10.6 10.5 10.4 10.3 10.6 10.8 10.5
237.9 241.7 247.1 247.2 242.8 235.3 215.7 200.7 195.1 189.2 182.4 173.8 162.2 151.7 149 147 145.9 144.5 145 145.7 148.5 149.1 150.5 153.1 152.2 153.3 148.3 146.8 144.5 137.6 138.6 139.7 139.2 139.4 137.2 134 127.5 121.1 116.2 114.9 116 113.4 105 98 91.5 85.7 81 74.3 68.3 63.2 59.3 55.9 52.3 47.3 42.4 40.1 38.6 29.4 23.5 21.7 19.6 17.7 15.1 12.2 11.1 10.5 10.5 11 11 11.8 11.6 11.1 10.6 10.5 10.6 10.5 10.6 10.7 10.3 10.7 10.6 10.5 10.4 10.3 10.3 10.2 10.6
240.4 245.6 249.6 250.5 247.8 245.2 232 214.9 205 202.2 194 184.2 174.5 163.4 153.5 149.5 146.3 145 143.8 144.4 144.2 143.5 143.4 142.7 140.7 140.5 138.1 132.6 132.4 129.5 132.2 135.2 137.3 138.4 137.3 131.5 126 120.8 121.2 120.4 117.9 114.2 107.4 101.6 96 89.3 83.8 75.9 69 62.9 59.1 56.6 52.3 49 42.7 38.5 35.4 30.7 23.8 21.6 18.4 18 15.1 12.5 11.1 11 11.1 11.1 10.4 10.9 10.4 10.4 10.5 10.4 10.5 10.6 10.7 10.7 10.8 10.2 10.6 10.5 10.4 10.3 10.3 10.2 10.7
241.4 248 251 251 251.8 251 242.6 225.2 212.3 209.5 205.9 195.2 182.4 171.3 161.6 154.3 150.1 146.3 144.9 143.4 143.6 144.1 142.1 140.5 141.6 132.7 126.5 111.8 111.5 120.4 123.1 128.7 134.1 136.7 133.8 130.4 125.8 128 129.4 128.3 123.3 116.8 110.7 102.9 97.6 89.1 82 75.6 67 59.4 54.4 51.3 50.3 49.3 42.9 35.5 31.2 26 22.7 18.6 17.7 16.8 15.3 13 11.3 11.1 11.3 10.5 10.4 10.3 10.4 10.4 10.5 10.5 10.6 10.7 10.8 10.9 10.9 9.7 9.5 10.6 10.6 10.5 10.5 10.6 11.4
242 247.4 252.1 251.5 250 247 239.8 226.5 216.4 213.2 208.9 205.8 194.6 180 167.9 159.6 153.8 149.3 148 145 144.8 144.2 143.1 142.3 139.8 141 143.2 133.1 108.6 107.9 114.5 126 123.8 128 128.8 130.1 128.7 130 132.1 132.8 127.7 120.1 111.8 104.1 98.1 90.8 83.1 74.5 65.7 59 56 52.3 48.9 44.6 37.2 30.5 26.1 22.2 18 15.6 15.2 15.4 14.5 12.9 11.5 11 10.8 10.6 10.5 10.3 10.4 10.5 10.6 10.7 10.8 10.9 11 11 10.8 9.6 10.9 10.6 10.8 10.8 10.9 10.5 11.1
243.6 251.1 254.8 253.3 249.6 245.9 231.2 221.8 217.2 214.9 212.2 209.4 199.5 186.8 174.4 165.8 159.1 156.1 149.9 148 147.6 145 144.5 142 140.5 145.4 146.7 140 115.7 98.2 108.4 110 112.7 124.6 128.3 129.6 132.6 131 132.3 132 127.6 120.7 112.5 106.4 98.3 92.3 85.5 79.1 70.3 61.1 56.4 52.6 48.3 40.3 33.4 27.9 22.2 18.2 14.8 13.2 12.5 13.1 13.7 13.1 12 11 10.8 10.6 10.4 10.7 10.6 10.7 10.8 10.9 11 11.1 11.1 11.1 10.2 10.7 10.9 9.9 10.4 10.7 10.9 11.8 11.1
245.3 252.4 253.8 249.6 248.7 240 221.5 217 216.4 215.8 213.1 209.4 200.4 189.3 180 170.9 163.2 159.2 154.6 149.6 145.7 144.3 143.9 143.5 143.9 147.8 147.8 142.2 118.9 98.1 106.8 109.1 110.2 113.6 124.7 127.1 128.5 128.4 127.4 128.8 126.3 120.9 114.3 109.6 100.2 92.1 86.7 83 74 62.7 57.5 51.3 45.8 34.5 25.5 20.1 17.1 14.8 12.8 11.9 11.7 12.2 12.5 12.9 12.4 11.4 10.6 10.4 11.2 11 10.8 10.9 11 11.1 11.2 11.2 11.2 11.2 10.4 11.1 10.9 10.8 10.6 9.1 10.6 11.2 10.7
233.1 245.3 249.1 246 231.9 215.8 211.7 213.1 214.6 215.1 213.2 208.5 200.3 191.9 183.4 175.6 168 161.8 157.2 152.7 146.4 139.6 140.7 142.9 143.9 144.1 140.9 137 125.1 98.7 95 107.1 112.2 113 113.2 122 120.1 121.6 122.2 120.2 119.6 117.1 112.7 106.4 98.3 90.7 84.4 79.6 74.3 64.6 55 46.8 37.3 26.1 18.4 14.6 14.7 13.4 11.3 11.1 11 11.1 11.7 12.2 12.5 11.5 10.7 11.3 11.4 11.2 11 11.1 11.2 11.3 11.3 11.3 11.3 10.7 11.2 11.1 10.9 10.3 10.7 10.3 10.1 10.5 10
209.5 223.2 224.3 221 207.8 205.4 207.4 211.6 214.9 216.1 213.2 207.6 198.9 191.7 183.3 176.2 170.2 165.7 161.7 156.3 151.6 140.7 133.1 134 137.3 135.1 132.2 129.8 121.5 109.4 85.9 104.5 113.9 116.4 118.4 113.1 111.1 111.8 114.3 114.3 111.8 110.7 107.4 101.6 92.7 83.6 76.9 70.5 66.2 59.1 49.2 37.7 24.9 17.9 13.5 12.9 12.3 11.4 11.3 11.2 11 10.8 11 11.6 11.8 11.7 10.9 10.6 11.5 11.5 11.3 11.3 11.4 11.4 11.4 11.4 11.4 11.2 11.2 11.1 10.3 10.2 10.7 10.3 9.9 9.9 9.4
213.8 202.8 200.7 199.4 200 203.6 208.4 211.7 214.7 213.2 210.2 205 197.4 191.2 183.5 176.9 170.7 167 164.7 160.1 155 147.3 136.2 126.9 120.1 116.9 114.4 112.9 109.8 100.9 79.3 98.3 106.2 109.9 113.8 115.5 112.6 107.1 106.5 106.7 103.1 100.2 98.1 90.3 82.6 74 67.2 58.1 47.8 43.6 38.4 27.2 17.3 13.4 12.5 11.9 11.6 11.4 11.3 11.3 11.1 10.8 10.4 10.9 11.2 11.4 11.1 10.9 10.7 11.1 11.6 11.5 11.5 11.5 11.5 11.5 11.2 11.4 11.1 10.6 10.7 10.7 10.3 10.5 10 10.4 9.8
221.8 204.2 198.6 196.4 199.7 204.2 206.9 209.3 209.9 207.8 205.2 201.1 196.2 189.1 183.2 178 172.1 167.7 163.8 160 156.7 151.7 143.7 133.2 124.1 117.6 111.1 104.1 98.9 87.4 76.4 85.7 93.6 98.1 103.6 108.9 112.4 108.2 99 95.4 88.2 82.9 77.7 74 66.9 60.1 49.5 42.7 39.4 32.6 25.6 18.3 13.4 12.1 12.2 11.6 11.6 11.3 11.3 11.3 11.2 10.8 10.5 10.2 10.6 10.8 11.1 10.9 10.8 10.6 10.7 11.5 11.6 11.6 11.6 11.6 11.6 11.1 11.1 11.2 11.2 11.3 9.4 10.4 10.3 10.9 11
