UK/data/nm/nm80_OST50GRID_20230518/NM80.asc
ncols 200
nrows 200
xllcorner 180000
yllcorner 700000
cellsize 50
[rows 148 to 184 of 200, columns 83 to 165 of 200]
159.7 153.7 152.8 147.3 145.8 143.1 136.6 132.2 119.8 118.3 122.5 136.8 150 155.5 162.1 168.1 171.6 167.2 157.5 165.6 176 180.6 180.7 185 191.5 188.4 189.8 225 224.2 231.6 232.5 219.7 217.1 207.5 200.7 185 187.1 169.9 149.1 144.9 137.2 129.2 117.7 99.8 86.1 74.1 61.4 56.9 45 41.5 42 42 42 42 42 42 42 42 42 42 42.3 49.9 51.2 54.3 51.7 53.6 63.5 70.8 70.2 85.4 97.1 95.4 115.3 118.6 128.7 137 145.6 169 178.1 192.1 193.9 186.5 191
156.1 150.3 150.3 146.1 146.2 140.5 136.1 132.9 117.2 113.7 121.4 132.2 142.6 153.2 154.9 161.6 165.7 161.9 151.6 155.5 171 177.5 175 180.7 186.2 186.3 207.5 231.6 236.8 233.1 239.7 225.3 208 202.5 196.1 187.2 181.4 166.3 149.9 153 140.7 130 122 102.9 87.2 69.5 58.9 52.5 44.8 42 42 42 42 42 42 42 42 42 42 42 43.6 46.9 48.7 50.5 51.5 54.8 67.2 73.6 68.9 78.2 85 98.5 106.7 116.7 130.6 138.3 142.5 162.9 184.2 194.8 188.5 185.9 174.8
154.6 148.7 143.8 144.5 142.1 138.9 135.9 123.6 113.9 113.3 125.3 129.9 132.1 134.3 142.2 149.3 156.3 154.6 152.1 146.4 161.8 168 172.5 183.6 190.1 217.1 238.2 250 258.5 255.9 241 221.8 200.8 196.9 183.2 189.2 177.7 158 161.8 153.8 142.2 128.8 116.1 99.8 85.3 62.3 55 52.8 45.6 41.8 42 42 42 42 42 42 42 42 42 42 47.1 45.5 46.1 48.3 55 57.7 64.5 66.6 68.8 73.4 76 101.5 97.3 112.4 123.8 128.9 137.2 164.6 186.4 185.5 184.2 171.5 151.4
153.8 146.5 141 139 138.9 136.3 130.2 115.4 113.1 115.2 123.1 134.6 130.4 127.3 128.4 134.8 140.7 140.2 142.2 143 144.6 164.7 176.3 187.8 197.7 237.5 253.7 263.9 268.6 263.9 242.9 215 195 185.3 183.9 180.4 167.5 161.2 166.3 149.3 138.5 125.8 110.9 97 77.1 62.3 54.5 51.8 49.8 41.9 42 42 42 42 42 42 42 42 42 43.6 46.5 43.8 47.1 49.1 53.2 54.3 56 58.2 61.5 64 72.9 79.5 89.8 102.4 112.2 119.9 138.5 169.9 187.4 185 178.4 150.7 143.7
149.3 143.7 139.4 133.5 134.1 133.6 123.8 112.3 112.4 120.5 129.1 135.7 126.2 128.1 125.9 124.9 126.7 130.5 135 138.3 142.3 157 174.1 189.8 210.1 253.6 260.1 277 269.8 252.6 226.2 203.8 185.8 183.9 192.1 175.6 168 163.9 161.1 135 132.6 119.6 108.1 84.4 73.3 60.9 56.6 54.9 50.9 44.5 42 42 42 42 42 42 42 42 39.6 39.3 41.4 46.3 50 49.4 50.6 51.9 53.5 56.3 57.4 62.5 68.9 75.4 84.5 94.6 105.8 122.8 149.6 172 183.8 173.1 153 139.3 140
147.9 141.1 134.1 130.9 129.8 124.3 113.8 109.8 117.8 123.9 133.5 125.5 125.1 126.6 123.7 123.8 129 136 138.3 138.5 146.4 156 171.4 187.6 201.9 258 263 277.4 259.8 236.4 213.2 185 173.2 181.3 183.9 177.7 171.6 168.2 153.1 133.9 126.6 111.3 92.8 83.9 73 63 55.7 53.9 51.9 46.1 42 42 42 42 41.3 41.3 41.8 43 52.2 48.1 47.8 50.6 48.5 48.6 49.8 51.1 52.3 54.5 58.1 60.6 70.1 76.3 82.8 92.3 105.1 127.9 150.7 167.6 172.6 148.8 140.7 137.6 132.4
144.1 135.7 129.2 127.9 126.3 118.3 111.7 108.2 116.1 127.3 124.5 121.1 123.7 122.3 122.7 133.4 141.5 152.2 153.2 157.8 165 168 172.9 180.9 183.7 211.7 243.6 259.6 239.5 204.2 180.9 159.6 154.3 178.8 181.8 178 172.2 163.2 146.4 130.5 118.7 104.9 91.3 82.1 75.1 67.9 53.9 50.3 49.4 39 42 42 42 42 42 40.6 41.8 48.6 52.9 53.6 53.1 50.8 49.8 48.9 49.3 51.1 51.3 53.4 55.8 58.7 65.4 73.4 80.8 92.4 109.4 137.2 150.9 155.8 144.5 136.5 128.7 123 116.3
138.2 133.3 127.1 127.1 122.7 118.5 114.6 105.7 118.4 127.3 117.5 119.2 117.6 122.5 131.8 148.6 160.3 161.3 160.2 173 179.6 181.5 178.2 175.2 168.7 170.3 175.4 178.1 178.6 173.6 154.7 148.4 147.6 166.1 182.8 176.5 173.1 165.1 146.2 123.2 105.8 93.3 88.8 82.8 81.7 63.7 48.8 41.5 38.6 39.5 41.8 41.9 42 42 42 40 47.3 53.1 52.9 53.5 51.4 51.2 51.6 50.5 49.5 51.4 51.6 53.7 54.2 56.1 61 68.6 76.4 85 111.6 136.1 135.2 131.6 126.2 127 119.9 109.4 96.6
140.2 130.1 130.3 125.3 118.5 113.6 105.7 96 111 109.9 114.2 113 119.6 130.7 145.9 157.7 160 160.4 160 177.3 185.4 189.1 186.6 180.2 174.8 166.2 159.1 150.9 148.3 147 144.7 146.5 142 160 179.2 184.2 177.1 169.3 154.1 122.1 93.9 91.9 88.9 86 75.8 56.5 46.7 38.5 38.3 38.5 38.6 40.4 42 42 42 40.5 52.1 53.1 52.3 51.8 49.6 50 51.1 51.7 50.6 51.5 52.6 53 53.7 54.3 58.4 64.6 70.8 81.6 94.5 108.6 109.3 107.6 111.7 103.8 95 90.8 81
135.9 132.5 137.5 139.4 121.6 115 107.1 98.2 94.3 103.4 108.6 105.2 122.1 137.5 144.5 152.1 154.1 154.9 159.5 173.1 184.5 188.5 186.7 179.8 176.9 173.7 163.9 153.6 149.7 143.8 138.3 140.7 134.2 160.2 177.7 187.3 174.3 167.8 128.4 97.4 95.1 95.2 86.8 79 67.9 55.3 44.2 38.6 38.5 38.3 37 37.2 38.5 39 40.1 43.8 52.3 46.9 41.8 45.5 47.7 48.9 49.7 51.6 51.9 51.6 51.8 52.3 53 52.9 56.6 62.8 69.5 80.9 91.6 90.2 89.2 89.8 95.3 83.6 76.1 72.9 59.9
133.2 143.1 140.1 132.4 125.3 119.5 112.9 105.9 92.2 94.7 97.4 103.2 120.3 131.1 135.4 142.4 152.8 157.3 159.8 165.4 179.4 183.4 180.6 174.8 174.5 168.2 161.5 156.3 155.9 152.5 142.6 129 126.4 152.9 180.2 195.9 179.1 135.6 102.3 91.6 98 98.7 87.1 71.2 60 51.4 40 37.9 37.9 37.8 37.4 37.6 38.7 40.5 42.3 43 40.2 40.7 41.3 46.3 47.9 49 49.2 48.6 51.8 51.7 51.2 51.5 52.6 52.3 55.1 60.6 67.3 80 79.1 74 72.2 75.4 73.2 67.8 65.2 60.1 55.6
145.4 148.8 143.2 133.1 127.9 125.2 116.1 105.4 92.6 92.4 96.4 103.3 111.7 130.3 129.2 145.8 157.7 165.2 171.8 164.8 166 175 173.3 169.7 169 165.5 165.5 169 173.7 164.3 155.1 127 109.8 128 170.3 163.8 141.1 113.1 81.8 69.8 97.3 102.3 86.7 67.4 56.6 41.5 38.2 37.8 37.7 37.6 37.4 38.2 39.9 46.1 41.9 40.3 40.5 44.3 47 48.5 52.6 53.4 49.6 50.1 50.5 51.7 50.1 50.4 50.2 51.2 53 56.5 62.7 67.3 65.7 65.7 68 64 64.3 60.1 55.6 53.6 55
152.6 147.7 138.4 132.9 132.8 123.4 118.9 102.3 92 96.9 95.3 97.2 105.4 118 127 156.2 162.8 167.8 175.4 168.5 166.5 167.8 168.5 166.6 165.7 165.6 168.9 174.3 178.4 159.6 142.2 125.6 100.2 93.7 95.4 94.5 86 75.1 65.3 58.5 70.9 86.5 73.4 62.3 46.7 38.6 38.1 38.5 38.5 38.1 38.4 40.5 45.8 41 43.7 50.9 51.7 50.3 51.2 53.5 54.1 52.5 48.8 49 49.9 47.9 48.5 49.3 50.1 50.8 51.1 52 51.5 53.5 54.3 58.5 58.7 53.7 54.2 52.7 52.5 54.5 55.4
150.2 150.7 140.1 143.3 132 123.7 115.7 101.4 87.6 92.6 94.3 95.9 102.4 113.6 128.9 158.3 164.7 175.4 185 182.9 170.6 169.4 167.3 165.8 165.2 169.5 171.6 174.7 165.3 146.7 139.9 116.7 92.1 79.4 71.4 65.9 58.4 53.8 51.6 48.9 51 55 52.9 50.2 38.7 38.7 39.3 39.4 39.4 39.1 39.1 39.5 39.5 43.4 54.6 69.1 67.4 62.4 58.5 57.6 55.2 53.2 52.1 52.7 51.8 49.8 49.8 48.5 50.3 50.8 50.5 50.2 50.2 50.2 50.4 51.2 51.3 50.7 50.8 52.2 54.6 55.2 57.2
152.7 146 143.5 150.2 130.5 120.4 114.1 96.3 84.3 91 93.5 101 114.1 122.3 132.6 151.9 167.9 187.7 208.1 197.2 179.4 171.2 167.9 165.5 165.8 173.1 171.5 171.1 146.3 139.2 133.8 102.2 89.8 87.7 75.6 59.8 57.2 53.8 49.3 42.5 40.1 39 38.2 38.7 38.7 38.7 40 39.2 39.1 43.8 55.5 42.4 47.3 56.7 68.2 75.9 79 77.5 72.2 65.7 62.1 58.4 54.5 52.8 51.4 50.8 50.3 48.1 49.4 49.2 49.5 49.9 49.6 49.6 50.1 50.5 50.9 50.4 51 52.1 54.9 58.2 66.9
152.5 145.2 154.8 148.3 130 117.2 110.8 94.7 82.8 91.7 98.9 116.8 124.7 130.9 137.3 143.7 162.7 193.2 206.2 207.8 192.2 177.2 170.9 166.4 167.1 171.4 166.3 155.1 136.8 133.3 120.5 95.7 92.5 96.6 78.6 56.6 53.6 52.7 46.8 41.1 38.8 38.4 38.7 38.7 38.7 38.7 42 40 42.1 56.7 55.7 52.9 64.6 74.8 78.3 82.6 86.3 89.1 81.9 78.5 74.1 62.9 59.5 56 52.6 51.6 50.3 47.9 49.1 48.9 49.3 49.5 49 49 49.9 50.2 50.6 50.7 51.3 52.8 57.3 68 77.8
148.9 152.6 161.6 138.6 126 116.7 104.5 94 83.7 93.6 101.5 125.4 131 131.4 137.9 141.8 157.1 189.4 202.3 209.8 200.7 185.4 176.6 171.6 170 166.1 156.5 143.2 133.8 128.6 111.7 92.5 103.7 93.7 66.7 54.4 49.2 47 43.4 40 42.3 40.3 39.4 39 39.1 38.8 42.1 42.1 48.1 60.2 56.5 66.9 81.3 93.5 86.5 91.8 96.2 96.9 91 86.5 80.4 75.5 65.3 60.7 55.8 53.8 50.5 50.2 48 48.4 49.2 49 48.5 48.7 49.8 50 50.3 50.8 52.7 55.5 65.7 69.6 82.5
149.6 153.2 156 136.2 119.8 109 99.2 84.9 78.8 90.6 112.1 143.1 145 138.7 138.3 145.1 154.3 187.2 203.5 209.7 208.7 192.4 183 179.4 176.3 164 149.7 135.8 132.3 113.6 98.7 87.2 92.5 76.1 56.9 47.3 46 44.1 41.6 43.9 48.2 46.3 40.6 40.1 41.2 42 48.9 46 52.2 58.7 64.5 77.4 102.3 102.2 103 105.2 99.9 98.7 95.9 96.1 92.4 86.1 76.1 66.5 62.1 56.4 52.4 52.4 49.5 48.1 47.4 48 47.9 48.5 49.6 50 50.4 51.4 54.3 60.4 65.2 72.7 82.2
148.5 156.4 142.3 131.7 112.9 102.9 91.6 81.3 83.2 102.8 119.7 144.3 146.3 137.1 135.7 141.1 164.8 195.5 201.4 211.2 213.9 197.3 189.7 184.8 177.8 164.8 148.1 132.6 123.6 105.5 92 83.5 69 59.1 49.2 44.9 44.6 44.2 42.6 45 47.3 48.9 46.3 45.3 44 49.5 48.7 51.1 54.4 64 74.4 99.6 116.5 111.4 117.3 118 117.3 103.6 102.1 105.2 100.3 93.2 83.5 74.1 65.8 60.3 54.8 53.1 50.2 48.8 48.5 47.7 47.9 48.2 49.6 49.9 50.9 52.2 57.5 66.2 68 78.1 85.2
154.4 154.1 135.2 117.9 106.9 95.4 82.4 73.9 96.3 129.2 133.8 140.6 146.2 138.3 131.7 143.6 172.8 191.6 201.6 215.2 209.8 200.5 195.2 185 176.4 164 146.2 132.5 122.5 106 87.9 67.9 56 51.4 46.1 44.2 43.9 45 44.3 46.1 46.7 47.1 46.8 47.3 48 50.3 50.4 57.5 65.7 75.7 88 117.1 121.3 122.8 129.6 134.5 131.7 118.8 112.6 112.5 106.2 96 88.7 77.2 70.1 63.6 57.3 53.1 50.6 49 48.3 47.9 48.4 48.9 48.8 50.1 50.8 51.6 59.8 63.6 68.7 73.5 75.3
158.6 136.8 126.5 112.8 100.4 88.5 64.9 79.7 102.3 130.5 139.2 143.7 140.1 131.8 129 139.1 181.5 195.4 199.5 207.5 202.6 202.4 197.6 184.7 175.9 161 143.7 131.8 118.9 98.7 80.2 59.5 52.7 47.8 44.5 44.6 46 45.2 46.4 47.5 47.7 48.1 48.4 49 51 51.9 60.7 67.4 77.6 87.8 99.2 120.5 128.5 135 143.8 142.8 134.9 129 117.1 113.9 109.1 98.7 89.2 79.8 70.8 63.8 59.6 54.7 51.1 49.2 48.5 48.5 48.9 49.5 49.6 49.4 50.4 52.1 55.5 60.8 68.4 71.8 73.4
144.8 129.7 115.8 105.2 94.3 71.9 70.8 78 91.5 112.7 137.3 143.8 132.4 127.9 126.5 133 169.4 191.1 195.9 209.4 198.2 198.7 195 184.9 173.3 158.6 140.4 132.5 110.5 96.8 63.3 52.4 46.4 43.9 43.4 45.8 45.2 45.8 46.4 47.5 48.5 48.7 51.9 54.7 59 60.2 65.5 75 86 96.1 106.1 125.6 137.1 145.5 149 141.7 137.5 134.4 124.3 114.7 109 101.2 90 79.9 70.8 63.6 59.4 53.5 50.9 49.3 48.8 49 49.5 49.5 49.3 49.8 50.3 51.2 53.4 58.6 65.4 65.3 77.2
124.1 118 112 95.9 84.4 60.7 69.1 75.2 79.5 97.8 135.1 133.1 123.1 124.1 124.6 131.4 169.3 188 198 196 196.4 197.1 187.2 180.6 169 151.8 128.9 117.8 105.5 74.4 52.7 43.6 42.3 45.2 49.2 61.9 66.7 56.8 47.9 47.4 48.1 52.3 58.6 63.2 70.7 72.2 72.8 82.3 93.5 103.2 115.3 131.5 139.5 147.7 148.3 142.4 141.4 135.2 126.9 120.3 108.5 97.8 89.1 77.9 69.2 64.9 58 52.2 50.1 49.6 49.3 49.6 49.6 49.6 49 49.6 51.1 52.2 54.5 58.1 59.5 69 72.5
112.8 108.4 99 84.6 72 63.7 69.9 76.5 79.8 101.8 130.7 123.9 116.9 108.9 115.9 126.2 164.9 188.7 188 192 193.5 193.4 186.1 172.9 158.9 141 127.9 112.6 89.4 59.6 44.4 42.1 46.1 48.4 53.1 80.4 78.3 66.5 59.3 56.9 52.8 60.1 65.8 77.6 79.9 81.8 84.6 86 98.2 114.1 127.2 128.3 140.1 147.3 144 144.6 143.8 135 128.5 121.2 107.4 98.1 88.3 77 69.4 64.6 55.8 52.1 50.9 50.2 50.2 49.5 49.5 49.6 48.8 50.8 51.7 52.6 54.5 55.7 59.7 73.4 76.3
104.9 94.8 89.7 73 54 65.9 68.9 73.7 80 126.9 132.5 123.1 114 108.1 106.4 124.5 134.5 149.4 167.8 168.9 181.2 179.3 171.9 162.3 142.7 121.5 121.9 110.5 71.1 50.8 42.3 46.3 47.9 49.4 64.5 87.7 80.2 71.9 74.4 73.8 70.1 67.8 76.8 84.4 85.4 89.8 93.1 90.2 107.8 129.1 135.8 134.7 135.5 140.2 144.7 144.3 140.5 139.6 132.5 120.2 109.3 96.4 85.9 74.2 70 59.9 55 52.2 51.2 51.5 49.7 49.4 49.6 49.8 49.3 51.2 52.1 53 54.9 56.7 62.4 73.9 79
92.3 86.3 80.6 56.8 50.2 61.8 58.2 63.5 96.1 142.4 137.8 122.9 105.2 101.8 93.6 110.7 129.7 130.3 148.9 155.4 158.2 159.9 159.5 144.2 129.9 110.4 113.5 90.1 57.5 44.5 43.3 48.5 48.8 49.9 72.4 90.3 86.8 83.4 82.5 86.6 93.2 93.3 90.6 92.7 93.6 96.3 104 100.1 122.3 136.7 141.5 145.1 140.2 139 139 141.2 141.9 137.6 127.7 117.7 110.2 100.3 85.7 77.8 63.3 59.4 56.8 52.3 52.3 51.5 49.6 49 49.2 49.7 49.6 51 52.6 53.4 55.5 59 63 72.6 78.4
84 79.9 66.3 47.9 53.5 54.7 54.5 59.8 90.6 136.9 135.6 115.6 93.9 86.7 69.5 76.5 96.9 99.6 118.6 145 156.7 153.5 141 127.8 107.7 92.4 87.8 64 47.8 42.4 45.9 48.4 48.5 51.1 59.4 78.1 86.4 95.8 94.8 100.9 116.3 121 120.1 108.3 103.9 108.7 112 108.1 125.3 138 146 147.5 144.9 139.1 136.7 140.1 140.8 136.5 125.8 119.9 110.9 101.7 89.8 78.1 71 58.7 55.1 53.9 53 51.1 49.7 49.9 49.7 49.5 49.8 51.2 52.8 53.6 55.1 58.8 63.5 69.6 81.9
76.9 68.6 52.4 41.8 48.6 53 55.1 55.2 76.1 115.1 128.7 103.9 76.3 63.9 52.7 44.6 48.6 62.3 95.1 126.9 141.2 142.2 129.5 121.2 89.7 73 62.9 48.4 42.8 42.5 47.8 48 48.9 50.8 53 66.1 89 104.4 109.9 116.9 132.7 140.4 140.9 130.1 113.6 118.1 123.2 112.6 124.3 137 145.9 143.5 141.2 134.3 136.7 139.4 137.9 133.9 124.9 120.3 111 101.3 86.8 79.5 68.1 60.5 57.4 53.3 51.2 50.5 50.1 49.4 48.9 49.2 49.9 51.4 52.4 52.9 55.9 64.1 69.9 78.8 88.6
67.5 55.2 45.9 43.5 47.3 54 53.7 52.3 51.8 72.8 90.7 75.2 55.4 49.3 38.9 37.3 38 45.8 105.3 126.4 128.8 128.2 123.3 107.1 71.4 60.2 47.2 42.2 42.5 46.6 47.6 48.3 49.8 51.4 58.4 78 91.7 105.8 121.3 133.4 143.4 148.6 149.5 138.1 122.6 126.8 128.1 124.8 124 133.4 145.1 144.5 144.6 133.8 133.8 134 135.7 129.9 132.2 121.5 112.1 99 89 77.6 69.2 66.2 60.6 54.3 52.1 51 50.5 49.8 49.3 49.1 50.5 51.2 52 52 57.8 67.7 77.1 85.5 93.1
56.6 45.6 38 46.6 50.8 43 34 40 47.5 49.9 51.5 42.7 39.1 37.6 38.3 43.9 40.7 38 61.4 91.3 116.1 111.5 103.2 71.4 54.6 44.7 42 43.9 44.8 47 48.8 49.9 51.2 55 72.2 89.6 106.9 116.1 129 140 144 149.4 150.2 135 131.3 128.4 130.1 128.5 128.4 129.8 141.4 145.4 144.9 134.6 142.6 143.2 135.7 143.7 135.5 121.4 107.4 95.4 83.3 74.7 68.1 62.4 61.4 54.4 52.7 51.8 51.3 50.9 50.6 50.3 50.3 50.7 51 53.2 60.5 69.5 80.3 93.5 99.1
51.3 39 39.5 51.9 47.9 32.5 32.2 33.9 33.2 33.8 35.4 37.5 37 39.1 47.8 45.6 44.1 40.8 38.7 61.2 79.8 81.9 65.4 47.7 43 43.2 45.9 46 48.1 48.9 50.5 51 52.4 64.7 78.7 101 110.7 115.8 124.3 130.6 152 158.9 150.8 136.3 136.3 134.3 129.6 128.6 125.9 133.9 134.9 141.5 142.9 137.1 146.3 138.3 146 143.4 130.3 115.1 100.3 89.9 81.8 72.3 75.1 67 57.3 53.8 53.4 53.8 52.8 51.9 51.6 51.4 52.8 50.5 50.4 55.2 63.6 73.1 83.4 98.7 105.6
46.4 36.6 38.8 39.3 32.1 40.9 53 53.2 51.2 48.1 46 45.7 43.5 48.1 57.4 52.2 49.1 50 39.9 40.4 47 45.7 42.1 41.4 42.6 45.9 47.6 47.8 48.6 49.5 50.5 51.9 53.7 71.9 85.4 107.2 113.6 116 117.7 141.5 154.4 156.7 134.8 139.6 135.2 140.5 134.8 129.8 128 134.7 135.5 142.8 145.2 145 146.4 140.7 154.2 145.6 124.8 107.6 95.1 85.7 74.4 76.4 76.2 64.1 54.7 55.6 56 55.4 54.3 53.2 51.9 51 50.7 50.6 52 57.2 65.3 74.8 86.3 102.6 111.8
46.3 36.6 33.4 32.3 36.7 64 81.9 82.3 81.9 76 65.6 58.9 57.5 59 59.1 56.4 54.2 54.8 48.1 41.5 40.9 41.1 41.9 42.6 45.6 47.7 47.9 48.1 48.7 49.7 50 50.8 62.5 74.3 85 99.7 102.9 108.2 114.3 133.3 148.6 135.1 133.7 134.5 136.5 140 133.8 129.2 128.4 133.8 135.8 134.2 142.8 147.9 144.8 144.9 155.4 132.9 123.4 98.6 90.5 78.5 78.1 81.3 73.3 61.8 58 58.4 60.5 58 56.7 53.6 51.8 50.9 50.5 50.2 52.4 59.7 69.8 79 90.6 106.7 118.5
45.1 34.1 32.3 31.4 54.8 85.2 107.3 109.5 107.6 97.4 83.7 76.4 70.8 78.3 72.9 77.5 80.6 75.9 64.4 52.4 43.9 42.5 43.3 45.3 46.4 48.1 48.5 48.4 48.9 49.4 50.8 53.4 67.9 77.6 81.3 92.6 103.1 114.2 123.4 135.5 133.2 133.1 133.3 134.5 137.2 142.1 135.7 128.9 129 131.3 131 131.1 141.2 149.6 145.7 148 137.9 125.7 106.1 97.1 85 85.9 85.5 81.9 69.7 60.3 64.2 67.9 65.1 62.4 59.3 54.2 52.3 51.3 49.9 50.3 53.7 62.9 72.6 82.3 100 109.8 124.9
33.9 31.7 31 41.4 77.4 110.2 128 135.3 127.4 106.2 98.4 92.4 90.8 90.8 87.5 101.2 108 101.8 83.1 68.2 61.1 52.9 45.4 45.4 47.4 49 49.8 49.3 51.7 53.9 58 64.8 76.4 86.1 94.1 105.4 123.7 135.1 135.5 135.9 134.2 135.7 134.9 139 146 151.4 141.1 130.5 128.3 132 131 134.8 142.8 147.5 142.1 135.1 129.4 118 104.9 92.9 85.4 87.8 86.4 79.3 63.6 68.2 75.2 71.7 69.3 68.5 65.7 56.8 52.3 50.7 49.4 51.7 58.4 66.4 75.6 86.4 104.5 117.9 133.3
32.5 30.7 39.5 54.3 99.5 134.5 152.5 153.1 138 117.4 115 103.2 110.3 100.7 97.2 114.8 125.5 119.4 98.6 88.9 83.7 67.7 66.2 73.9 75.2 72.5 66.6 77.5 72.7 78.5 86.5 84 84.1 93 105.6 118.5 140.3 148.7 145.9 136.3 138.5 137.2 140.1 148.4 156 148.6 141.8 130.1 131.2 130.4 131.2 142.2 143.6 143.3 135.7 130.9 121.2 115.7 102.5 89.1 87.2 86.9 83.2 69.3 77 76.3 79.4 76.6 74.8 70.7 66.7 56.4 51.8 51.5 49.8 52.7 61.2 69.8 78.9 89 105.2 127.2 141.1
31.9 30 40.7 61.7 107 143.3 155.8 145.7 134.1 124.8 123.7 119.9 122.3 112 128.8 133 141 126.4 114.4 106.3 104.9 85.7 93.1 100.1 98.6 90.8 93.8 96.4 94.8 102.3 100.2 103.5 105 101.4 112.5 126 145 155.4 145.6 144.9 142.4 139.7 148.9 158.5 158.1 152.1 141.3 130.6 132.2 130.8 141 142.8 143.6 139.7 133.6 127.7 116.7 108.8 102.1 92.7 88.5 85.8 79.6 79.4 78.8 80.5 82.8 82.9 79.1 76.4 66.2 56.1 51.9 51.6 50.7 55.1 64 73.1 82.6 94.8 109.4 128.2 145.7
