WholeMapElevations/data/st/st14_OST50GRID_20230518/ST14.asc
ncols 200
nrows 200
xllcorner 310000
yllcorner 140000
cellsize 50
[rows 114 to 151 of 200, columns 86 to 171 of 200]
14.7 10.5 9.5 10.7 11.2 12.2 14.1 15 15.2 15.1 15.3 15.5 15.7 16 16.1 16.4 16.4 17.8 18.5 19.5 20.2 22.4 24.5 26.8 29.4 30.4 27.7 23.8 18.9 16 15.3 15.1 14.7 14.1 14.1 14.4 13.9 13.3 13.1 12.1 11.8 13.2 15.7 17.7 19.6 19.6 18.8 18.1 17 15.2 13.2 12.8 13 13.9 15.5 16.6 17.7 22.6 24.9 24.4 25.1 26.7 29.5 31.8 32.7 32.1 31.7 31.3 31.4 30.7 30.3 30.5 29.5 28.5 27.2 26.5 26.2 26 26.1 25.8 25.4 25.3 25.2 25.1 25.1 24.9
15 12.3 10.3 11 10.4 13.9 14.9 15.8 16.2 16.1 16 16.1 16.3 16.4 16.7 17.1 17.4 17.8 17.8 19.1 20.8 22.6 25.5 27.5 30 29.3 25.1 21.4 18.5 17.2 17.4 17.4 16.9 15.8 15 14.5 14 13.7 13.7 14.9 17.1 21.3 24 25.7 26.8 25.1 24.9 24.9 23.3 21 15.8 18.7 21.1 21.9 24 25.4 24.3 28.9 30.6 29.9 29.6 30.6 33 34.9 35.6 35.5 33.9 32.2 30.5 29.9 30 29.9 29.2 28.4 26.6 26.2 26.3 26.5 26.4 25.9 25.5 25.3 25.2 25.3 25.3 25.2
12 10.3 11.2 12.3 11.8 13.1 15.3 16.2 16.9 17.2 17.4 17.1 17.3 17.3 17.5 17.8 18 18.3 18.6 18.8 20.2 21.5 24.8 25.9 26 24.6 22 19.3 17.7 18.1 19.3 19.3 19.3 19.1 16.7 15.6 15 15.3 14.3 18.1 23 25.9 27.3 27.4 27.9 27.8 29.4 30.4 28.9 25.4 21.2 25.9 28.2 30.4 31.4 31.3 30 30.7 32.2 32.3 33.3 34.6 36 37.1 36.5 35.3 32.8 31 30 29 28.6 28.2 27.5 27.2 26.8 26.8 26.8 26.9 26.6 26.1 25.6 25.5 25.7 25.7 25.7 25.6
11.1 11.8 12.7 13.7 13.4 13.1 15.9 16.5 17.3 17.9 18.4 18.1 18.3 18.1 18.3 18.5 18.7 19 19.4 19.6 19.9 21.2 23 24.2 23.7 22.2 20.4 19.5 19.8 20.9 21.4 22 23 21.7 18.5 17 17.4 18.3 16.5 16.9 20.5 22.4 24.8 27.3 29.5 30.8 32.4 34.7 34.1 29.4 26.6 31.7 33.5 34.7 34.5 32.9 31 32.8 35.3 37.8 38.3 38.9 38.5 36.4 34.6 32.8 31.6 30.7 28.8 28.2 27.8 27.2 27.1 27 26.9 26.8 27.2 27.3 26.8 26.5 26.5 26.3 26.4 26.5 26.6 26.4
12 13 13.4 14 14.6 14.8 15.7 16.6 17.8 18.7 18.9 19.5 19.2 19 19.2 19.4 19.7 19.8 20.4 20.8 20.3 21.7 23.6 24.7 24.5 23.5 22.5 22.7 22.9 23.3 25 26.1 25.9 24.3 20.1 19.2 19.4 19.4 19.3 18.6 19.7 20.4 21.1 23.3 26.5 29.3 32.2 33.9 35.1 33.3 29.7 34 36.2 35.6 35.3 34.8 34.9 36.2 38.6 40.5 40.4 38.3 36.5 34.9 33.8 32.6 30.3 29.8 29.3 28.8 28.2 27.5 27.3 27.1 27 26.9 27.3 27.6 27.6 27.6 27.5 27.1 27.3 27.4 27.3 27.1
12.9 13.6 13.9 14.5 15.2 15.9 16.8 15.9 16.9 18.6 20 20.3 20.1 19.8 20.1 20.4 20.7 20.8 20.8 20.7 20.8 21.6 23.4 24.8 24.1 24.1 24.7 24.3 24.3 25.6 26.9 28.5 26.9 23.7 22.5 21.3 21.8 22 21.2 21.5 21.4 23.4 25 24.8 26 27.6 29.7 33.5 34.3 34.9 33.6 33.7 36.1 36.8 37.8 38 38.8 39.8 41.2 40.6 38.8 36.9 35.5 34.7 33.7 32.6 31.3 30.5 29.7 29.1 28.5 27.9 27.5 27.3 27.1 27.4 27.9 28.2 28.1 28.1 28 27.9 28.1 28.2 28.1 27.8
13 14.2 14.6 15.3 16 16.9 17.2 17 16.8 18.4 20.9 21.1 21.3 20.8 21.3 21.6 22.2 22.4 22.2 22.7 23.3 25.2 27.9 28.6 28.3 28.2 28.1 27.9 27.6 28.8 29.8 29.4 28.3 26.7 25.6 25 26.2 26.6 26.6 26.8 27 28.4 27.5 28 29.4 29.2 30.6 32.6 34.9 36.8 36.9 36 37.3 39.2 40.7 41.4 42 41.5 41.1 39.3 38.2 36.8 36 35.2 34.3 33.1 32.1 31.5 30.6 29.7 28.9 28.1 28.1 27.7 27.4 27.8 28.3 28.8 28.7 28.6 28.5 28.4 28.3 28.7 28.2 27.6
14.2 15.6 15.4 15.9 16.8 18.1 18.8 19.4 20.1 19.1 20.1 22 22.3 22 22.5 22.9 24.1 24.2 25.1 27.6 29.2 32.5 34 33.5 33.7 33.5 32.6 31.5 31.2 32.1 33.1 32.5 31.5 30.8 29.7 30.3 32.3 33 32 31.8 33.5 33.2 32.1 34 33.2 32 33.3 34.8 37.2 39 39.7 38.6 39.4 41 42.2 43.4 42.8 41.1 40.3 39.6 38.4 37.4 36.5 35.8 35.1 33.9 33 32.1 31.3 30.4 29.6 29.2 28.6 28.1 27.9 28.1 28.6 29.2 29.4 29.3 29.2 29.1 28.8 28.4 28.2 28
15.3 16.5 16.9 17.3 18.9 19.3 19.8 21 21.1 19 19.4 22.5 23.1 23.2 23.8 24.7 25.4 26.3 30.6 34.4 38.4 42.4 44.4 43.2 43.1 41.1 40.7 39.2 37.9 37.7 37.6 36.5 35.7 35.8 35 37.1 36.9 39.3 39 38.4 37.7 38.7 38.4 37.8 35.8 34.7 38 39.9 42.7 44.1 44.3 43.1 40.7 41.2 43 43.9 43.4 43 41.8 40.8 39.7 38.5 37.5 36.6 35.7 34.4 33.9 32.8 31.6 31.1 30.4 30.1 29.2 28.7 28.5 28.8 29.1 29.5 29.9 29.9 29.8 29.7 29.2 28.7 28.3 28.4
16 17.9 18.6 19.7 20.5 21 21.3 22 23.1 23.5 21.5 21.2 23.4 26.1 27.4 27.6 27.5 29.3 36 42.3 46.8 50.6 51.9 53.5 52.8 50.5 48.4 47.3 45.4 44.8 43.3 41.6 41.4 41.3 41.4 41.9 44.1 44.7 43.7 43.5 41.7 41.8 43.1 40.4 38.3 36.9 41.9 45.4 47 47.9 47.1 45.8 44.3 43.8 44.4 45.5 45.1 44.8 43.4 42.1 40.8 39.6 38.6 37.6 37 35.4 34.7 33.5 31.8 32.4 31.8 31.1 30.4 29.6 29.3 29.5 29.8 30.1 30 30.4 30.9 30.2 29.7 29.4 28.9 28.8
19.6 21.2 21.3 21.5 23.3 24.9 25.6 26 26 25.9 23.8 21.7 24.8 28.9 31.7 32.2 31.9 29.8 34.9 46.4 51.2 53.4 55.9 59.4 57.3 55.5 56.4 55.5 53.1 50.4 48.3 47.4 47.3 47.7 47.9 48.2 49.1 49.2 48.7 47 45.7 46.6 45.9 43.2 38.9 38.5 44.6 48.4 50 50.4 50.1 48.9 48 47 47 47.9 48.4 46.9 45.6 44.1 43.2 41.7 40.2 39.5 38.2 37.1 36.1 34.8 34.7 34.2 33.2 32.5 31.7 31 30.3 30.4 30.6 30.9 31.2 31 32.1 31.7 31 30.2 30 29.6
25.7 26.8 26.3 25 28.9 31.8 34 34 31.2 29.8 25.7 24.1 24.1 30.6 35 37.5 40.2 39 35.1 39.6 46.2 48.5 51.1 54.5 58.3 63.6 65.8 63.5 58.4 55.1 52.9 53 53.4 54.1 54.6 54.4 54.7 54.3 52.9 50.6 48.7 47.9 47 43.4 45 43.5 46.8 51.2 53.5 53.6 53.4 52.2 51.2 50.3 49.6 50.3 50.7 49.4 48.1 46.6 45.7 44.1 43.1 42.4 40.1 39 38 37.1 36.4 35.9 35.2 33.9 32.8 32.2 32.2 31.7 31.9 31.9 32.1 32.6 32.5 32.2 31.7 31.2 30.9 30.5
33.7 33.1 30.7 30.1 34.2 39.6 40.2 40.8 38.5 35.2 32.6 27.5 24.3 28 35.9 41.2 46.8 49.4 44.7 42.7 41.9 42.5 44.9 48.2 55.5 61.9 66.8 65.9 62.8 59.5 58.2 58.3 59.4 60 60.2 60 59.1 58.4 56.5 53.7 51.4 50.4 47.6 46.9 48.7 47.6 48.2 53.4 56.6 56.9 56.5 55.5 54.5 53.2 52.9 53.1 52.7 51.4 50.4 49.2 48.2 46.8 46 44.8 42.5 41.3 40.4 39.5 38.5 37.9 37.5 36.3 35.3 34.6 34.3 34 33.4 33.6 33.7 34 33.3 32.9 32.5 32.2 31.8 31.4
40.9 39.9 36.8 33.4 35.6 39 42.2 45.1 43.7 40.6 35 28.6 25.1 29.3 33.9 44.1 52.7 57.3 56.8 51.3 50.8 48.2 47.4 46.9 49.2 54 61.5 64 66 65.6 63 63.7 65.1 65.7 65.9 65.3 64.6 62.8 60.7 56.5 55 52.7 49.9 50 52.1 50.8 50.5 56 58.9 59.6 59.5 58.3 57 55.8 55.2 55 55.8 54.6 53.4 52.2 51.8 50 48.6 47 45.7 44.5 43.5 42.5 41.5 40.5 39.6 39 38 36.6 36.6 36.4 35.5 35.2 35.3 34.5 33.9 33.6 33.2 32.9 32.6 32.4
45 44.5 40.3 36.1 36.6 40.6 46.2 49.1 47 40.9 35.8 31.1 25.7 29 33.4 42.8 53.2 62.9 67.5 59.7 58.2 57 54.2 52.5 51.7 54.1 53.8 61.6 66.1 68.3 69.4 68.6 70.2 71.7 71.4 71.8 70.7 68.5 66.1 61.4 58 55.3 52.7 53.8 54.7 53.2 53.6 59.5 63.1 63.4 62.3 61.2 59.9 59.1 58.4 58.2 58.4 58 56.9 55.7 54.6 53.5 52.1 50.5 49.6 48.5 47.1 46 45.2 44.2 43.2 42.5 41.3 40.4 39.9 39.3 38.5 37 35.9 35.9 35.7 35.2 35 34.7 34.3 33.8
47.8 46.7 42.1 39.3 38.7 40.7 46 48.3 45.6 43.5 38.7 33.7 30.1 29.3 34.3 41.7 54.9 66.7 74.2 73.1 67.9 66.1 64.3 62.1 58.8 57.4 56.5 56.7 65.5 69.5 71.6 73.9 77.3 78.1 77.9 76.9 75.4 72.7 67.5 65 61.4 57.3 56.2 57.9 57.6 56.7 56.6 63.5 66.5 67.1 66.1 65.2 63.9 62.7 62.1 61.8 61.6 61 60.3 59.2 58.3 57 55.4 55.1 54 52.1 50.5 49.7 49.1 48.1 47 46.5 45.3 43.9 43.4 40.8 41.2 38.6 37.7 37.8 37.8 37.5 37.2 36.7 36.2 35.7
50.5 48 44.1 41.8 41 41 43.3 45.7 46.4 46.3 42.4 39.5 35.5 27.5 37 45.5 56.5 70.8 78.5 80.4 78.8 77.1 76.6 72.7 63.4 60.2 59 57.5 61.5 69.6 74.3 78.4 82.4 83.8 83.6 82.2 79.9 76.8 72.5 69.1 64.9 60 60.7 61.6 61.3 59.6 61 67.4 71 71.5 72 71.1 70.6 69.7 66.5 65.6 64.9 64.1 63.7 63.1 62.3 61.1 60 59.3 58.7 57.5 56.3 54.7 53.4 52.1 50.5 49.4 48.7 47.1 46.5 45.1 43.8 41.4 40 40.7 40.8 40.7 40.3 39.7 39.1 38.3
53.5 50.7 47.1 44.9 44 45.6 46.9 48.1 49 50.7 49.1 45.4 40.3 30 36.3 49.9 60.9 73.9 81.7 84.5 84.2 82.8 80.9 79 69 64.6 61.6 59.1 59.6 67.7 75.8 81.5 86 88.1 87.9 87.7 85.9 81.8 79.2 73.4 68.1 63.8 64.8 65.1 64 62.4 64.3 71.8 76.1 77.9 80 79.7 78.7 76.2 73.5 70.6 68.9 67.8 67.3 67.1 67.2 67 64.8 64.1 63.4 61.9 60.3 58.5 57.3 55.5 53.5 52 50 48.9 47.1 45.2 43 40.8 42.1 44.1 45 44.6 43.8 42.7 41.9 41.3
56.9 54.2 51.9 50.5 49.6 49.8 50.8 51.8 53.2 55.1 54.9 51.1 42.2 31.5 35.5 51.3 62.2 74.4 83.1 88.1 87.8 86.9 85 82.7 77.5 72.7 66.3 62.3 59.4 63.7 74.1 83.6 89 91.8 92.3 92.5 91 87.5 82.2 76.6 71.1 67.3 68.8 69 67.7 65.9 68 76.2 81.7 85.4 87.6 86.6 86.6 82 77.8 75.5 75.2 73.3 72.3 72 71.3 70.5 69.8 69 67.9 66.1 64.2 62.1 59.8 57.6 55.5 53.1 50.5 49.1 47.1 44.8 42.6 43.9 46.1 47.8 48.5 48.1 47.1 46.2 45.3 44.3
61.2 60 57.6 56 55 54.9 56.3 57.4 59.1 59.2 58.1 54.1 42.9 31.4 36.5 48.2 62.4 74 83.8 91.6 90.2 89.6 88.3 85.9 83.6 80.1 71.4 65.5 60.5 61.9 69.9 82.3 89.8 94.6 96.4 96.9 95.3 88.7 85.7 80.7 74.8 72 73.2 72.8 71.4 68.9 71.7 79.7 87.4 92.8 96.5 97.7 95.6 89.5 83.3 82.8 82.6 81.3 78.8 77.1 76.7 75.5 74.5 73.5 71.8 69.7 67.3 64.1 61.2 58.5 55.7 53.2 50.7 48.3 46.2 44.1 44 46.7 49.6 51.3 50.8 50.5 49.8 48.7 46.8 45.4
65.6 66.4 64.7 63.1 61.7 61.5 61.9 63 62 59.1 55.3 50.5 43.9 32.2 34.4 47.1 63.3 73.3 83.3 92 94 92.3 91 89.2 86.7 82.8 77.8 71.8 65.1 61.9 66.8 77.8 89.4 95.9 99.1 100.6 99.5 92.9 89.7 83.7 77.8 75.6 77.2 76.7 74.2 74.4 78.1 84.6 93.2 97.5 100.2 101.3 98.9 94.9 89.8 90.3 89.7 88.3 85.6 83 81.1 80.1 78.8 76.8 74.2 71.8 67.6 63.4 60.1 57.1 54.5 52.1 49.4 47.6 46.2 45.2 46.6 49.6 51.6 52.1 52.1 51.7 50.7 49.8 47.6 45.6
69.9 70.8 69.3 69.2 67.8 66.7 63.5 59.5 56.1 52.5 48.7 43.9 39.7 32.3 35.4 46.9 60.7 71.6 81.2 89.3 95 95.6 93.6 91.9 89.6 86.4 81.7 75 68.6 63.4 66.6 75.6 89.6 96.3 100.7 102.8 102.6 95.9 92.7 86.7 80.4 79.1 79 78.7 79.5 82.6 84.7 89.9 96.6 100.5 103.2 104.8 102.9 99.9 96.4 95.9 95.7 95 91.3 87.8 85.5 83.4 82.1 79.1 75.1 70.7 66.4 62.3 58.3 55.2 52.8 50.7 49 47.2 44.9 46.8 48.9 51 52.6 53 52.9 52.4 50.9 49.6 47.4 45.6
72.5 71.6 69.5 69 66.6 62.3 57.6 53.2 49.2 45.9 42.8 41 38.1 34.4 37.2 46.3 56.6 67.2 79.2 85.6 93.2 97.5 96.4 94.6 92.3 89.8 84.9 79.3 71.4 66 68 74.5 86.1 94.7 100.5 103.3 103.1 98.6 95.5 89.5 85.6 83.8 83 82.5 82.9 85.6 88.4 92.5 98.3 102.3 105.1 106.6 106 104.5 102.7 102 101.3 98.5 95.3 91.8 88.7 86 82.5 78.3 73.4 68.6 64.1 60.3 56.4 54.3 51.5 49.8 48.4 47.7 46.7 48.2 51 53.1 53.8 53.6 53.5 52.9 51.3 49.5 47.4 45.5
70.4 69.9 65.8 64 60.4 56.7 52 50.1 48.9 47.5 47 44.3 39.2 34.6 37.9 45.2 53.7 63.2 72.9 81.9 91.2 96.7 99.7 97.5 93.4 90.8 87.7 82.5 75.8 68.1 70.8 75 84.4 92.7 98.8 103.3 103.8 100.5 98.3 95.2 91.6 89.8 87.7 85.5 85.8 88.6 91.4 94.9 99.1 103.2 106.3 107.5 107.7 106.8 105.8 104.8 103.2 101 97.1 92.9 89.4 85.8 80.9 75.7 70.5 65.7 61.8 57.9 55.2 53.5 51 51.1 50 48.9 48.3 49.7 52.8 54.4 54.9 55 54.5 53.2 51.4 49.8 48.1 46.2
70.2 70.1 66.9 60.6 57 54.4 53.4 53.9 52.7 48.7 47.4 44.3 38.9 36.6 39.2 44.6 51.4 59.5 70.2 79.6 89.4 96.5 100.1 98.5 97 93.9 90.2 85.7 79.4 72.3 74.6 76.2 81.6 88.6 96.6 103.1 105 103.4 103.9 101.2 98.2 95.3 93.5 91.1 90.5 92.9 95.3 97.6 100.5 103.7 106.6 108 108.4 108.4 107.5 106.2 104.3 100.7 95.8 91.7 87.1 82.1 77.9 72.4 67.7 63.5 60.3 56.9 54.9 53.8 53.5 53.1 51.3 50.3 49.5 51.3 52.9 55.8 55.8 55.5 54.4 53.2 51.5 49.4 47.8 46.7
69.1 68.5 64.5 60.8 57.3 55.9 56.2 56 52.5 48.4 45.7 41.5 37.8 36.8 41.8 44.9 49.4 55.8 64.3 75.6 85.9 94.3 99.1 100.3 98.8 95.9 92.1 88 82.4 74.9 76.3 79 82.1 87.5 96.9 104.6 107.9 108.1 108.8 106.2 103 100.6 98.9 97.2 96.2 97.5 99.6 100.7 103 104.9 107.3 108.4 109 109.2 108.5 105.8 103.6 100.1 95.6 90.9 85.4 79.9 75 70.2 66.1 62.4 60.3 57.9 57 56.3 55.6 53.9 52.1 51 50.8 51.8 53.9 55.7 55.9 55 53.6 52.5 51.4 49.3 48.5 47.2
65.7 64.2 62.3 59.9 57.8 57.2 57.2 55.2 51.2 48.3 45.2 43.8 37.5 38.1 40.5 44.3 48.6 54.7 61 69.8 79.3 88.7 95.7 100.3 99.9 97.4 93.7 89.5 85.2 78.8 77.1 79.4 83.7 90.6 99.2 108.3 112.5 112.7 112.8 110.3 107.9 104.5 102.3 101.5 102 102.9 103.4 104.2 105.4 105.9 106.7 108.5 109.2 109 108.1 106.5 104.2 100.9 96.6 90.7 85 79.5 74.3 71.2 66 63.7 61.5 60.8 59.6 58.6 57.6 55.5 53.2 51.3 51.3 52.1 53.1 54.6 55.5 54.2 53 51.7 50.1 48.3 48.3 47.7
65.2 63.3 61.5 61 60.7 59.1 57.2 54.9 52.9 49.6 45.9 44.1 38.8 39.6 40.5 43.6 48.2 53 58.1 64.3 72.8 80.5 87.8 95.1 99.9 98.5 95 91.2 87.3 81.2 80 81 85.1 91.8 100.8 109 114.2 115.1 115.8 113.7 111.5 110.1 107.9 107.7 108.1 108.9 109.5 107.7 105.4 105.7 106.7 108.2 109.5 109.4 108.4 106.7 104.1 100.2 95.5 89.6 84.1 78.9 74.5 71 68.2 65 63.8 64 62 59.3 60.1 58.3 56.4 54.3 52.9 53.1 53.2 53.3 53.7 53.1 52.2 50.9 49.5 49.3 49 48.2
64.6 63 63.3 63.1 63.7 58.4 53.7 50.8 49.1 46.6 45.3 42.9 41.5 40.9 41 42.5 47.1 51.1 55.6 60.5 66.9 73.1 80.5 88.6 96.5 98.3 96.5 92.8 88.8 84.7 82.8 85.1 86.9 91.2 99.9 108.6 114.6 115.3 117.8 116.6 115 114.1 113.3 113.3 112.3 110.9 108.3 106.1 104.9 104.3 105.3 107.1 108 107.7 106.9 105.3 101.9 97.5 92.6 87.5 82.1 78.9 76.1 73.3 70.2 67.6 66.7 66 64.4 62.6 62.6 60.6 58.7 57 55.2 54 54.1 54.2 53.9 53.5 52.6 51.3 50.2 50 49.2 48.5
66.5 66.6 67 65.9 62.3 56 51.3 49.6 52.1 51.4 47.5 44.8 44.7 43.1 41.9 42.6 45.5 47 53.4 57.5 62.4 68 74.3 83 90.8 95.6 96.6 93.9 90.7 87 85.1 88.9 90.6 92.7 99.6 107.8 114.3 118.7 119.2 119 117.7 117 114.3 112.6 110.8 109 106.6 104.1 101.5 100.5 101.4 103 103.3 103 102 99.8 97.4 93 89.3 85.3 82.2 80 77.8 75.2 72.5 70.5 68.8 67.5 66.3 64.6 64.3 62.1 59.4 57.8 56.1 55.3 55 55.3 54.4 53.9 52.9 51.7 50.9 50.1 49.3 48.6
70.4 70.5 70.3 66.1 60.7 54.8 51.3 53 57.2 53.9 49.7 45.8 45.3 44.5 43.1 43 44.1 48.1 51.3 55.4 59.3 64 68.9 74.5 82.2 88.1 92.5 92.4 90.7 88.6 88.5 90.9 93.6 96.4 100.2 105.8 111.3 117.1 119.2 119 118.3 116.7 113.3 111 108.3 105.4 101.9 99 96.1 93.7 94.9 97 96.9 96.9 95.5 93.6 91.7 89.4 87.6 84.6 82.9 81.1 79.1 76.8 74.1 72.7 69.6 67.4 65.4 64.4 62.9 61.8 59.5 58.2 57.4 55.8 55.3 55.8 54.9 54.2 53.3 52.1 51.1 50.3 49.4 48.3
75.7 75.3 69.4 63.3 58.5 55.5 54.4 58 59.5 55.8 50.6 46.7 46.9 45.7 43.5 44.3 44.6 46.3 50.8 53.2 56.8 60 63.9 67.3 72.6 77.6 85.7 91.4 90.8 88.5 89.3 91.9 95.4 98.7 101.5 104.6 107.9 112.2 114.5 114.3 113.4 111.9 109.1 105.6 102.8 99.5 97 93.5 90.4 88.5 88.9 89.7 90.5 90 89.9 89.5 88.3 86.7 85.4 84.6 82.9 81.4 79.6 77.4 74.7 72.6 69 66.4 65.3 63 62.2 60.8 59.7 58.4 58 56.4 55.6 55.4 55 54.2 53.2 52.1 51.1 50.5 49.1 48.3
81.3 80.6 75.6 70.5 64.8 59.7 59.9 62.6 60.6 56.4 52.1 47.6 47.9 46.4 45.8 45.5 45.8 46.2 48.8 52.1 54.3 57.1 60.6 62.8 68.5 75.5 85.6 91.3 90.9 88.9 89.9 92.4 95.3 98.1 102.3 104.1 105.8 107.5 108.4 107.3 107.1 105.7 104.1 100.9 98.4 95.5 92.4 89.7 87.8 85 85.5 85.9 86 85.3 85 85.9 85.9 84.7 84.2 84 82.6 81.2 79.8 76.9 74.2 72.7 69.6 67 63.6 62.8 62.1 60.4 59.5 58.6 57.3 56.9 56.8 56 55.2 54.2 53.2 52.2 51.5 50.9 49.9 49.1
87 88.6 86.2 77.3 69.3 65.1 64.5 64.1 60.6 55.3 50.8 50.1 49.3 48.4 47.1 47.1 47.8 48.1 47.7 50.1 52.5 58.2 61.3 64.3 68.5 76.8 85.6 92.4 92.4 90.8 90.8 93.1 95 97 99.3 103.3 105.3 105.8 105.3 104.5 102.5 100.9 99.5 97.2 95.1 91.2 87.5 86.4 84.7 81.7 81.5 81.8 81 79.6 78.9 79.7 79.9 79.4 79.9 80.7 80.7 80.8 79.9 78.1 75.2 70.6 69.9 67.1 61.2 61.3 61.2 60.3 59.3 58.5 57.5 56.3 56.7 55.7 55.1 54.2 53.2 52.5 52 51.4 50.7 50.1
93.9 92.8 87.2 77.3 70 64.5 63.1 61 57.4 54.4 51.5 51.1 50.7 49.8 49.1 49.2 49 49.1 48.8 49.3 50.3 55.7 60.9 63.6 66.7 71.6 81.1 90.8 93.1 92.7 91 93.1 94.5 94.9 95.1 97.5 99.5 100.6 99.8 98.4 96.2 94.8 94.2 91.9 88.7 86.7 84.4 81.9 81.3 79 78.6 77.1 77.1 76.5 75.7 75.1 75.3 74.6 74.6 76.4 78.5 78.4 78.5 77.6 75.8 73.5 69.6 67.3 64.5 61.3 60.8 60 59.3 58.6 57.5 56.3 54.9 55.1 54.5 53.8 53.1 52.8 52.5 51.9 51.3 50.7
98.3 92.9 81 74.1 68.5 67.1 63.9 61.6 58.5 54 52.5 53.4 53 52.6 52.5 52 50.4 50 50.1 50.3 51.1 51.7 56 60.2 62.1 67.2 76 89.4 95 94.2 93.9 94.2 94.4 94.4 93 92.3 92.1 92.4 91.8 91 89.2 88 86.2 85.3 84 83.9 82.1 79.1 77.6 77.7 76.8 75.8 75.4 74.5 72.6 73.1 72.6 72.1 72 72 73.1 70.6 72.4 71.9 70.9 69.1 67 62.7 62.6 62.1 61.6 60.4 59.4 58.7 57.5 56.5 55 54.6 54.1 53.8 53.6 53.5 53.6 53.1 52.3 51.5
100.6 91.2 81.3 74.1 74.7 74.8 70 64.8 61.1 57.5 55.5 57 55.9 55.2 55.5 54 52.1 51 51.1 52.1 52.6 51.9 53.1 58.1 61.7 66.1 73.8 87.6 97.2 96 95.1 95 94.6 93.4 91.5 90.2 89.3 88.8 88.4 87.3 86.7 84.3 83 82.7 81.9 81.7 80.2 79.9 78.9 78.1 77.1 76.3 75.3 74.6 74.5 72.9 72 71.2 70.9 70 69.2 66.4 68.2 67.9 66.9 64.6 63.1 62.9 62.8 62.2 61.7 60.9 60.1 58.8 57.9 56.8 55.4 54.8 54.6 54.7 54.1 54.8 54.9 54.4 53.4 52.4
102 90.9 82.1 77.3 81.2 82.1 75.4 70 66.4 60.9 58.7 60.2 59.6 59.4 57.7 56.5 54.6 54.1 54 55.8 57 54.3 53.9 60.5 64 67.3 73.8 87.9 97.2 97.3 96.3 95.3 94.9 93.6 90.5 88.9 87.6 86.8 85.6 84.9 84.8 84.4 82.5 81.8 81.3 81.2 81.2 80.4 79.6 78.7 78.1 77.2 75.8 74.8 74.7 73.4 72.5 71 69.7 69.4 68.7 67.8 66.9 66.3 65.7 64.4 64.4 63.2 62.8 62.4 61.8 61.3 60.8 59.1 58 57.1 56.3 55 55.3 55.5 55.5 55.5 55.3 54.5 53.3 52
