UK/data/se/se56_OST50GRID_20230518/SE56.asc
ncols 200
nrows 200
xllcorner 450000
yllcorner 460000
cellsize 50
[rows 114 to 151 of 200, columns 86 to 171 of 200]
15.4 15.3 15 15.8 16.8 17.8 17.9 18.2 18.6 18.7 18.6 18.5 17.7 16.6 18.8 18.7 19.2 19.7 20.1 20.5 20.7 20.6 20.2 20 20 20 20.1 20.3 20.2 19.8 19.5 19.2 19.5 20 20.3 20.4 19.5 20.1 20.2 19.9 19.6 19.5 20.1 20.7 20.1 20 20.3 20.8 21.6 21.9 21.9 22.2 22.1 22.2 22.3 22.3 22.2 22 21.8 21.7 21.4 21.2 21.3 21.8 21.7 22.3 22.9 23.2 23.5 23.8 24.1 24.4 24.7 24.9 25 24.6 24.9 24.7 23.9 23.3 24.4 24.6 24.9 25.6 26 26.2
15.1 15.2 16.9 17.5 16.8 18.6 18.7 18.5 18.2 18.3 18.2 18.2 18.6 18.4 17.9 17.7 18.3 18.8 19.3 19.6 19.8 19.9 19.5 19.1 18.8 18.9 19.1 19.3 19.4 19.5 19.6 19.8 19.9 20 20.2 20.1 18.6 19.5 20.1 20 19.8 19 19.5 19.6 19.2 19.5 20.2 20.5 20.9 21.3 21.6 21.4 21.2 21.2 21.3 21.3 21.4 21.7 21.4 21.1 21 21 21.3 21.8 22 21.7 22.6 22.9 23.2 23.6 23.9 24.1 24.3 23.9 24.2 24.8 24 23.8 23.2 22.7 23.3 23.8 24.1 24.7 25.3 25.6
17.1 16 16.5 17.2 17.2 17.8 19.1 19.1 18.5 18 17.9 17.9 17.9 17.5 16.6 16.7 16.6 17.8 18.4 18.7 18.9 19.1 18.8 18.4 18.4 18.5 18.7 18.9 18.8 19.4 19.5 19.7 19.8 19.9 20 19.9 18.6 19.2 19.7 20.1 19.3 18.8 19.2 19.7 18.8 19.7 20.4 20.6 20.8 21.1 21.1 20.4 20.2 20.2 20.3 20.6 21.2 21.1 20.7 20.7 20.8 20.8 21.3 21.9 22.3 22 22.2 22.6 22.9 23.3 23.6 23.3 23.1 22.8 22.6 23.7 23 22.8 22.4 22.9 23.3 23.5 23.3 23.6 24.6 25.1
18.6 17.7 16.7 16.8 17.5 18.2 18.8 19.6 19.1 18.9 18.8 18.9 18.9 18.5 18.1 17.1 17.7 16.4 17.3 17.7 18 18.2 18 18 18.1 18.2 18.4 18.3 18.1 18.7 19.3 19.6 19.7 19.8 19.8 19.7 18.8 18.9 19.2 19.1 18.6 18.6 18.6 19 19.1 18.9 20 20.3 20.1 19.6 19.3 19.3 19.3 19.5 19.8 20.4 20.8 20.5 20.9 20.5 20.6 20.8 21.3 21.9 22.4 22.4 22.1 22.5 22.9 23.1 23 22.7 22.5 22.3 22.1 22.2 22.1 22.3 22.8 23.1 23.1 23.1 23.6 22.8 23.4 24.5
19.1 18.9 17.8 16.7 17.9 18.7 19.3 18.9 18.5 18.7 18.8 18.9 19 19.1 19.1 18.7 18.3 18.5 17.3 16.8 17 17 17.1 17.3 17.5 17.8 17.9 17.8 17.6 18.1 18.6 19.2 19.6 19.6 19.5 19.4 18.9 18.5 18.3 18.2 18.1 18.1 18.2 18.3 18.4 18.4 19.4 19.6 19.2 18.9 18.7 18.8 18.9 19 19.6 20.3 20.3 20.7 21.2 21.6 20.4 20.8 21.4 21.9 22.4 22.6 22.6 22.7 22.5 22.4 22.4 22.2 22 21.7 21.9 22 22 22.5 23.1 23 23 23 23.3 23.5 23.7 23.6
18.8 18.7 18.5 17.3 16.7 18.7 18.5 18.4 18.4 18.6 18.7 18.8 19 19 19.1 17.8 19 18.6 18.5 17.4 17.4 17.2 17.1 17.2 17.4 17.5 17.5 17.7 18 18.1 18.6 19 19.1 18.6 18.4 18.8 18.8 18.6 18.4 18.3 18.2 18.2 18.2 18.3 18.4 18.4 18.4 19.6 19.3 19 18.4 18.8 19.1 19.1 19.4 20.1 20.5 20.9 21.3 21.2 20.3 20.9 21.4 22 22.3 22 21.9 22 21.8 21.8 21.8 21.6 21.4 21.5 21.7 21.9 22 22.8 23.5 23.4 23.3 23.2 23.1 23.4 23.7 23.4
18.6 18.5 18.3 18.3 18.5 18.7 18.7 18.9 19.1 18.9 18.2 17.8 17.7 18.1 18.4 18.7 19.1 18.3 19.4 18.4 18.4 17.6 17.7 17.8 17.9 18 18 18 18 18.2 18.4 18.4 18.4 18.4 18.6 18.7 18.9 18.7 18.5 18.4 18.3 18.2 18.3 18.4 18.4 18.4 18.6 18.7 19.3 19 18.2 18.5 18.9 19.2 19.4 19.9 20.3 20.7 21 21.3 20.3 20.9 21.5 22 21.6 21.3 21.5 21.5 21.3 21.2 21.2 21.1 21.2 21.4 21.5 21.7 22.3 23.3 23.9 23.7 23.6 23.4 23.3 23.5 23.6 23.2
18.4 18.2 18.1 18.3 18.5 18.5 18.2 17.9 17.7 17.2 18.6 18.5 18.6 18.8 18.5 19.2 17.6 18 19.1 19.4 18.7 18.1 18.2 18.3 18.4 18.4 18.4 18.4 18.4 18.4 18.5 18.6 18.6 18.7 18.9 19 19.2 18.8 18.6 18.4 18.4 18.3 18.4 18.4 18.5 18.6 18.7 18.8 18.9 19.1 18.2 18.2 18.5 18.8 19.6 19.7 20 20.4 20.8 21 20.2 21 21.6 21.4 21 20.7 20.7 20.8 20.8 20.7 20.7 21.4 21.4 21.6 21.7 21.9 22.7 23.7 24.2 24.1 23.9 23.7 23.5 23.6 23.4 22.9
18.1 18 18.2 18.3 18.4 18.4 18 17.7 17.4 17.7 18.3 18.4 18.6 18.8 18.8 19.2 19.1 18.4 18.7 19.8 18.9 18.7 18.8 18.8 18.8 18.8 18.8 18.8 19.5 18.8 18.8 18.9 19 19.1 19.2 19.4 19.5 19.5 18.8 18.5 18.5 18.4 18.4 18.5 18.6 18.7 18.8 19 19.1 18.4 18.9 18.1 18.5 18.5 19.4 19.6 19.8 20.1 20.5 20.7 20.3 21 21.1 20.8 20.4 20.1 20.1 20.2 20.3 20.4 21.1 21.8 22.1 21.9 22.1 22.3 22.7 24 24.6 24.4 24.2 24 23.8 23.6 23.1 22.6
17.9 18 18.1 18.1 18.2 18.2 17.9 17.6 17.5 18 18.1 18.3 18.5 18.7 18.9 18.9 18.5 18.8 18.8 18.8 19.1 19.2 19.2 19.2 19.2 19 18.8 18.6 20.3 19.1 19.2 19.2 19.3 19.4 19.6 19.7 19.9 20 19.5 18.8 18.6 18.5 18.5 18.6 18.7 18.8 19 19.1 19.2 19 18.5 18.5 18.5 19.3 19.4 19.4 19.6 19.9 20.2 20.4 20.8 21.1 21.2 20.9 20.7 20.4 20.1 20 20.1 20.2 20.8 21.3 21.6 22 22.6 22.7 22.9 23.8 24.2 24.2 24 23.8 23.4 23 22.7 22.4
17.8 17.9 17.9 18 18 18.1 17.8 17.5 17.6 17.7 18 18.2 18.4 18.7 18.9 18.6 17.9 18.2 18.5 18.7 19.7 19.5 19.3 19.1 18.9 18.8 18.6 19.6 19.9 19.4 19.5 19.6 19.7 19.8 19.9 20.1 20.2 20.4 20.2 19.9 19.6 19.4 19.3 19.2 18.9 19 19.1 19.2 19.2 18.8 18.8 18.7 18.6 19.6 19.5 19.5 19.5 19.6 19.9 20.3 20.8 21.3 21.4 21.3 21 20.7 20.4 20.1 19.9 20 20.4 20.9 21.2 21.4 21.7 22.1 22.4 22.8 23.3 23.8 23.7 23.1 22.6 22.3 22.2 22.2
17.7 17.7 17.8 17.8 17.9 17.9 17.6 17.6 17.7 17.9 17.9 18.2 18.4 18.6 18.8 18.9 18.3 17.8 18.1 18.4 19.7 19.3 19.1 18.9 18.7 18.5 18.3 19.7 19.5 19.6 19.7 19.8 19.8 19.8 19.7 19.7 19.7 19.9 20.2 20.3 20.4 20.4 20.2 20 19.9 19.7 19.4 19.4 19.4 19.6 19.3 18.9 19.1 19.5 19.5 19.4 19.4 19.6 19.5 19.5 19.7 19.9 20.3 20.7 20.9 21 20.7 20.4 20.1 19.8 20 20.5 20.7 21.3 22 22.6 22.9 22.8 22.9 23.3 23 22.2 22.1 22.1 22.1 22.1
17.5 17.6 17.6 17.7 17.7 17.7 17.6 17.7 18.1 18.2 18.5 18.2 18.3 18.5 18.7 18.6 18.5 18.4 18.4 18.3 19.8 19.4 19 18.7 18.5 18.3 18.9 19.4 19.5 18.7 19 19.1 19 18.9 18.8 18.8 19.2 19.6 19.9 20 20.1 20.2 20.3 20.3 20.4 20.5 20.6 20.2 20.4 20.1 19.8 19.4 19 19.1 19.3 19.6 19.8 19.8 19.7 19.6 19.5 19.3 19.2 19.7 19.8 19.8 19.8 19.8 19.8 19.8 19.8 20.4 21.1 21.8 22.6 23.3 23.5 23.4 23.3 23.3 22.7 22.1 22 22 22 22
18 17.9 17.8 17.7 17.6 17.6 17.9 18.3 18 18.7 19.1 18.8 18.4 18.4 18.5 18.4 18.3 18.2 18.2 18.4 19.7 19.4 19.1 18.7 18.4 18.1 18.6 19.1 18.2 18.7 18.6 18.4 18.3 18.1 18 18.4 18.8 19.3 19.6 19.8 19.9 20 20.1 20.1 20.1 20.2 20.5 21.1 20.7 20.3 19.8 19.3 18.9 18.9 19.5 20 20.1 19.9 19.8 19.6 19.4 19.2 19.1 19.6 19.8 19.8 19.7 19.7 19.7 19.7 19.7 20.1 20.9 21.6 22.4 23 23.2 23.7 22.8 22.9 22.9 22.3 22 21.8 21.8 21.8
18.3 18.2 18.1 18 17.9 17.8 18 18.2 18 18.9 19.7 18.6 18.3 18.3 18.3 18.2 18.1 18.1 18 18.4 18.7 19.3 19 18.7 18.2 18.2 18.4 18.6 18.6 18.6 17.9 17.7 17.5 17.4 18 18 18.4 18.8 19 19.3 19.5 19.7 19.8 19.9 19.9 20 20.3 20.7 20.5 20 19.6 19.1 19.6 19.2 19 19.8 20 19.8 19.6 19.4 19.2 19 18.9 19.4 19.7 19.8 19.7 19.7 19.7 19.6 19.6 19.9 20.6 21.5 22.5 22.4 22 22 22.2 22.7 23.1 22.5 22.2 21.9 21.7 21.7
18.5 18.4 18.3 18.2 18.1 18.1 17.9 18 18.2 18.6 19.6 19 18.6 18.4 18.1 18.1 18 18 17.9 18.2 18.3 19.3 18.9 18 18.2 18.3 18.5 18.8 18.7 17.3 17.2 17.2 17.2 17.1 17.9 17.9 18 18.3 18.5 18.7 18.4 18.1 18.2 18.3 18.2 18.2 19.2 20.2 20.2 19.8 19.3 18.8 19.7 19.2 18.7 19 19.5 19.6 19.5 19.3 19.1 18.9 18.8 19.2 19.5 19.7 19.7 19.7 19.7 19.6 19.6 19.6 20.7 21.7 22.3 21.8 21.4 21.6 22.3 22.5 23 22.7 22.4 22.1 21.8 21.6
18.7 18.6 18.5 18.4 18.3 18.2 18.1 18 18.1 18.2 18.9 19.3 19.3 19 18.7 18.2 17.9 17.8 17.8 18 18.1 18.4 17.9 18.2 18.4 18.5 18.5 18.1 17.6 17.3 17.2 17.2 17.2 17.7 17.8 17.7 17.7 17.8 18 18.1 18.3 18.4 18.5 18.5 18.6 18.6 18.6 19.4 19.8 19.5 18.6 18.6 19.3 18.9 18.6 18.6 18.7 19.2 19.3 19.1 18.9 18.7 18.6 19 19.3 19.6 19.7 19.7 19.6 19.6 19.6 19.7 20.4 21.6 22.1 22.2 22.2 22.3 22.4 22.8 23 22.9 22.7 22.5 22.4 22.2
18.8 18.8 18.7 18.6 18.4 18.3 18.2 18.1 18.2 19.1 18.4 18.6 19 19.3 19.3 18.9 18.4 17.9 17.7 18 18 18 18 17.7 17.4 17.6 17.4 17.7 17.7 17.7 17.4 17.3 17.3 17.6 17.6 17.6 17.9 18.2 18.4 18.5 18.7 18.7 18.8 18.8 18.9 18.8 18.5 18.3 18.3 18.4 18.4 18.5 18.9 18.6 18.6 18.6 18.5 18.4 18.9 19 18.8 18.6 18.4 18.8 19.1 19.4 19.7 19.7 19.6 19.6 19.7 19.7 20 21.2 21.5 21.7 21.9 22.2 22.4 21.8 22.2 22.5 22 21.8 21.9 22
18.7 17.4 17.6 17.9 18 18.1 18 17.9 18 18 18.7 18.2 18.7 18.8 19.1 19.4 19 18.3 18.4 18.3 18.1 18 17.9 17.8 17.4 17.3 17.4 17.7 17.7 17.7 17.6 17.4 17.3 17.5 17.6 17.9 18.2 18.5 18.8 18.9 19 19 18.9 18.6 18.4 18.2 18 18.1 18.3 18.5 18.4 18.4 18.4 18.4 18.5 18.5 18.4 18.4 18.3 18.7 18.6 18.4 18.3 18.7 19 19.3 19.6 19.6 19.6 19.6 19.7 19.8 19.8 20.6 20.9 21.1 21.4 21.6 21.9 21.1 21.7 22.2 21.7 21.3 20.8 20.6
16 16.7 17 17.4 17.9 17.8 17.7 17.9 18.1 18 18 18.3 18.3 18.7 18.6 18.8 18.5 18.4 18.4 18.4 18.2 18.1 17.9 17.9 17.6 17.6 17.6 17.7 17.7 17.7 17.6 17.5 17.4 17.6 17.9 18.2 18.5 18.8 19.1 19.1 18.9 18.7 18.5 18.3 18.1 17.9 17.9 18.2 18.4 18.5 18.5 18.4 18.3 18.4 18.4 18.5 18.4 18.3 18.2 18.1 18.4 18.3 18.1 18.5 18.8 19.1 19.4 19.6 19.6 19.7 19.7 19.8 19.9 20 20.3 20.6 20.9 21.1 21 20.8 20.9 21.9 21.5 21.3 21.1 20.9
15.4 15.8 16.2 16.8 17.7 17.6 17.7 17.9 18.2 18.1 18 18 18 18.4 18 18.2 18 18 18 18 18 18 18 17.9 17.8 17.8 17.8 17.7 17.6 17.4 17.3 17.2 17.3 17.5 17.5 17.9 18.2 18.5 18.8 18.7 18.6 18.4 18.2 18 17.8 17.8 18 18.3 18.5 18.6 18.5 18.5 18.4 18.3 18.3 18.4 18.3 18.3 18.2 18.1 18 18.1 18 18.3 18.6 18.9 19.2 19.4 19.6 19.7 19.7 19.8 19.8 19.8 19.8 20.1 20.3 20.6 20.3 20.4 20.5 21.2 21 20.8 20.5 20.7
14.8 15 15.4 16.1 17.4 17.6 17.8 18 18.2 18.1 18 17.9 18 18.1 17.7 17.6 17.6 17.6 17.6 17.6 17.7 17.7 17.8 17.8 17.6 17.5 17.4 17.4 17.2 17.1 17.1 17.2 17.3 17.5 17.4 17.5 17.8 18.1 18.3 18.4 18.2 18.1 17.9 17.7 17.6 17.9 18.1 18.4 18.6 18.7 18.6 18.6 18.5 18.4 18.3 18.3 18.3 18.2 18.1 18 18 17.9 17.8 18 18.2 18.5 18.7 19 19.4 19.6 19.7 19.7 19.8 19.8 19.6 19.6 19.8 20.1 19.9 20.1 20.3 20.5 20.2 20 20.4 20.8
14.4 14.3 14.6 15.1 15.8 17.6 17.9 18.1 18.3 18.1 18 17.9 17.9 17.9 17.5 17.4 17.4 17.5 17.5 17.6 17.7 17.7 17.8 17.7 17.4 17.2 17.1 17 16.9 17 17.1 17.2 17.3 17.4 17.7 17.4 17.5 17.8 17.9 18 17.9 17.8 17.6 17.5 17.7 18 18.2 18.5 18.7 18.8 18.7 18.7 18.6 18.4 18.3 18.2 18.2 18.2 18.1 18 18.1 18.2 18.2 18.1 17.9 18 18.2 18.6 19 19.5 19.6 19.7 19.7 19.8 19.6 19.4 19.3 19.4 19.6 19.7 20.2 19.7 19.6 20 20.5 20.7
15.3 14 13.9 14.7 15.9 17.1 18 18.2 18.3 18.2 18 17.9 17.9 17.7 17.5 17.1 17.4 17.5 17.5 17.6 17.7 17.7 17.8 17.5 17.3 17.1 16.8 16.8 16.9 17 17.1 17.2 17.2 17.4 17.7 17.7 17.4 17.4 17.5 17.5 17.6 17.4 17.3 17.6 17.8 18 18.3 18.5 18.7 18.8 18.8 18.7 18.6 18.5 18.4 18.3 18.2 18.3 18.4 18.5 18.6 18.6 18.7 18.6 18.4 18.1 17.8 18.1 18.6 19.1 19.5 19.6 19.7 19.8 19.6 19.4 19.1 19.1 19.2 19.6 20.1 19.2 19.7 20.1 20.6 20.7
15 13.4 13.6 14.4 15.3 16.1 17.3 18.3 18.3 18.2 18.1 17.9 17.8 17.8 17.5 17.1 17.2 17.5 17.5 17.6 17.6 17.7 17.7 17.4 17.2 17 16.9 16.8 16.9 17 17 17.1 17.2 17.3 17.6 17.9 17.7 17.5 17.4 17.3 17.2 17.2 17.4 17.6 17.9 18.1 18.3 18.5 18.7 18.8 18.7 18.3 18.2 18.1 17.9 18 17.4 17.9 18.4 18.9 18.8 18.7 18.7 18.7 18.6 18.2 17.9 17.7 17.9 18.4 18.9 19.2 19.2 19.7 19.6 19.5 19.3 19.2 19.6 20.1 20.1 20.1 19.8 20.2 20.7 20.7
14.2 12.8 13.3 14.6 14.7 15.3 16.1 17.4 18.3 18.1 17.9 17.9 17.9 17.8 17.5 17.1 16.9 17.2 17.5 17.6 17.6 17.7 17.5 17.3 17.1 17 17.1 17 16.8 16.9 17 17.1 17.2 17.3 17.6 17.9 17.9 17.8 17.6 17.5 17.4 17 17.4 17.7 17.9 18.1 18.3 18.5 18.7 18.7 18.4 17.9 17.7 17.6 17.6 18.4 18 18.5 18.8 18.7 18.6 18.5 18.4 18.5 18.7 18.4 18.1 17.8 17.5 17.7 18.2 18.5 17.9 19.3 19.6 19.7 19.6 19.5 19.7 20.1 19.8 19.3 19.7 20.3 20.6 20.6
13.8 12.3 14.5 13.8 14.4 14.9 15.4 16 17.5 17.9 17.8 17.9 18 17.9 17.5 17.1 16.7 17 17.3 17.6 17.6 17.6 17.4 17.3 17.1 17.1 17.3 17.3 17 16.8 16.9 17 17.1 17.2 17.5 17.9 17.9 17.8 17.9 17.8 17.6 17.1 17.7 17.7 17.9 18.1 18.3 18.6 18.7 18.6 18.1 17.6 17.2 17.3 18.2 18.1 18.6 18.8 18.6 18.5 18.3 18.2 18.2 18.3 18.6 18.5 18.2 17.9 17.7 17.4 17.4 17.8 17.9 19 19.2 19.4 19.7 19.7 19.9 19.9 19.4 19.4 19.9 20 19.7 20.6
12.1 13.4 14.1 13.4 14 14.5 15 15.5 16 17.4 17.7 17.8 17.9 17.5 17.1 16.7 16.4 16.7 17 17.4 17.6 17.5 17.4 17.3 17.2 17.3 17.5 17.5 17.2 16.9 16.8 16.9 17.1 17.2 17.5 18.1 18.1 17.5 16.9 17.1 17.8 17.3 17.1 17.9 17.9 18.1 18.4 18.6 18.7 18.3 17.8 17.3 16.9 17.8 18.2 18.7 18.7 18.5 18.4 18.3 18.1 18 17.9 18.1 18.4 18.7 18.4 18.1 17.8 17.5 18.3 17.2 17.9 18.6 18.8 19.1 19.3 19.5 19.6 19.5 19.3 19.3 19.2 19.2 19.3 19.5
11.9 11.3 12.8 13 13.6 14.2 14.8 15.4 15.7 16.1 16.7 17.3 17.7 16.8 15.9 15.4 15.7 16.1 16.4 16.7 17.1 17.5 17.4 17.3 17.3 17.5 17.6 17.7 17.4 17.1 16.9 16.8 16.8 16.8 18 18.4 18.3 17.7 17.1 16.4 17.3 17.5 16.5 17.8 18.2 18.2 18.4 18.6 18.5 18 17.6 17.4 17.2 18.4 18.8 18.6 18.5 18.3 18.2 18.1 17.9 17.8 17.7 17.9 18.2 18.5 18.5 18 17.5 17.3 17.7 17 17.9 17.9 18 18.1 18.6 19 19.2 18.8 18.7 18.7 18.7 19.2 19.2 18.6
12.8 11.8 11.9 13.1 13.5 14.1 14.7 15.3 15.5 15.8 16.3 17 17.3 16.6 15.7 15.4 15.5 15.5 15.6 15.9 16.2 16.6 17.3 17.4 17.5 17.6 17.7 17.6 16.8 16.4 16.2 16.2 16.3 16.3 16.6 17.6 17.5 17.1 16.7 16.3 16.3 16.8 16.7 17.1 18.4 18.5 18.4 18.6 18.2 18 17.8 17.6 17.4 18.6 18.6 18.4 18.3 18.1 18 17.8 17.7 17.6 17.4 17.7 17.9 18 17.8 17.3 17.2 17 16.9 16.8 16.9 16.8 17.3 17.8 18.3 18.7 18.9 18.2 18 18 18.2 19.6 19 18.7
12.7 11.6 11.6 12.9 13.7 14.1 14.6 15.2 15.1 15.6 16.1 16.7 16.7 16.5 15.6 15.6 15.7 15.7 15.8 15.8 15.8 15.9 16.3 17.4 17.5 17.6 17.6 17.6 16.8 16.2 15.8 15.9 16 16.1 16.2 17.1 16.6 16.2 16.2 16.3 16.3 16.1 16 16.3 17.7 18.9 18.7 18.3 18 17.6 17.5 17.6 17.7 18.1 18.5 18.3 18.2 18 17.8 17.7 17.5 17.4 17.2 17.2 17.3 17.3 17.1 17 16.9 16.9 16.8 16.8 17.1 17.3 17.1 17.5 17.9 18.4 18.5 17.9 17.3 17.3 18.4 19.1 19.2 18.8
13.1 11.6 11.4 12.5 13.9 14.3 14.7 15.1 15.4 15.5 15.9 16.2 16.2 16.2 15.8 15.9 15.9 15.9 15.8 15.7 15.9 16 16.5 17.3 17.4 17.5 17.5 17.7 17.2 16.6 16.3 16.1 15.8 15.8 15.9 16.2 15.9 16 16.2 16.3 16.3 16.1 15.9 16 16.3 17.2 17.5 17.4 17.7 17.8 17.9 18 17.8 17.7 18.4 18.2 18.1 17.9 17.8 17.7 17.6 17.5 17.4 17.3 17.3 17.2 17.2 17.2 17.1 17.1 17.1 16.9 16.6 17.8 17.7 17.6 17.6 18.1 18.1 17.5 17 16.9 17.6 18.3 18.3 18.3
13.6 12.1 12.5 12.8 13.6 14.5 14.8 15 15.2 15.4 15.7 15.7 15.7 15.6 15.6 15.5 15.4 15.3 15.8 16 16 16.2 16.9 17.1 17.1 17 17 17.7 17.6 17 16.7 16.5 16.3 16 15.8 15.8 15.9 16 16.2 16.3 16.3 16.1 15.8 15.7 16 16.4 16.9 17.5 18 18.3 18.3 18.4 17.9 17.5 18.2 18.3 18.2 18.1 18 17.9 17.7 17.6 17.6 17.5 17.5 17.4 17.3 17.4 17.4 17.3 17.3 17.1 16.7 16.5 16.8 17.2 17.7 17.9 17.8 17.5 17.3 17.2 17.1 17.5 17.5 17.4
14 11.8 12.9 13.6 14 13.8 13.6 14.4 14.9 15 15.2 15.2 15 15 15 15.3 15.8 15.9 16 16.1 16.1 16.6 16.9 16.7 16.6 16.6 16.9 17.6 17.8 17.4 17.1 16.9 16.7 16.3 16 15.7 15.9 16 16.2 16.3 16.3 16.1 15.7 15.5 15.8 16.6 17.1 17.6 18.1 18.6 18.8 18.5 18 17.5 17.6 18.1 18.3 18.2 18.1 18 17.9 17.8 17.7 17.7 17.6 17.5 17.4 17.4 17.5 17.5 17.5 17.2 17 16.9 17.1 17.4 17.7 18 18 17.9 17.6 17.4 17.3 17.2 17.5 17.6
13.9 12.2 12 13.3 12.8 12.6 13.7 14.5 14.5 14.6 14.7 14.9 15.4 15.8 15.7 15.9 16 16 16.1 16.2 16.4 16.7 16.5 16.3 16.1 16.1 16.8 17.5 17.8 17.9 17.6 17.2 16.8 16.5 16.1 15.6 15.8 16 16.2 16.3 16.3 16 15.5 15.3 16.1 16.7 17.2 17.7 18 18.3 18.7 18.6 18.2 17.7 17.5 17.5 17.9 18.3 18.3 18.2 18 18 17.9 17.8 17.7 17.6 17.5 17.5 17.6 17.7 17.7 17.5 17.5 17.4 17.4 17.6 17.9 18.1 18.1 18.1 17.9 17.7 17.6 17.6 17.8 18.2
13.7 12.6 10.9 11.9 12 13.2 14.2 14.3 14.4 14.4 14.5 14.6 14.7 15 15.4 15.8 16.1 16.1 16.2 16.3 16.6 16.4 16.2 16 16 15.9 16.8 17.5 17.8 17.9 17.8 17.3 17 16.6 16.2 15.6 15.7 15.9 16.2 16.3 16.3 15.9 15.4 15 16.3 16.7 17 17.3 17.6 18.2 18.5 18.6 18.3 17.8 17.6 17.4 17.5 17.8 18.1 18.3 18.2 18.1 18 17.9 17.8 17.7 17.7 17.6 17.7 17.8 17.8 17.6 17.8 17.9 17.8 17.9 18.1 18.1 18.2 18.2 18.2 18 17.9 17.7 17.4 18.1
13.6 13.1 11.4 11 12.7 13.9 14.3 14.2 14.2 14.3 14.4 14.5 14.7 14.8 15 15.3 15.7 16 16.3 16.4 16.3 16.2 16.2 16.2 16.1 16.1 16.3 17.3 17.6 17.8 17.9 17.9 17.2 16.7 16.3 15.7 15.5 15.8 16.1 16.3 16.2 15.8 15.3 15.7 16.1 16.3 16.5 16.8 17.1 18.2 18.3 18.4 18.4 18 17.8 17.6 17.3 17.3 17.3 17.6 18.2 18.3 18.2 18.1 18 17.9 17.8 17.7 17.8 17.8 17.8 16.9 17.2 17.4 17.6 17.9 18.1 18.2 18.3 18.3 18.3 18.3 18.1 17.8 17.5 17.8
13.6 13.5 12.5 11.6 12.2 14.3 14.2 14 14.1 14.2 14.3 14.8 14.8 14.8 14.9 15.2 15.5 15.9 16.2 16.3 16.3 16.3 16.3 16.2 16.2 16.2 16.2 17.1 17.5 17.7 17.8 18 18 17.2 16.5 15.9 15.4 15.6 15.8 16.1 16.1 15.6 15.2 15.7 15.8 15.9 16.1 16.4 17 18 18.1 18.2 18.3 18.1 17.9 17.7 17.4 17 17.3 17.6 17.9 17.9 18 18.1 18.1 18 17.9 17.8 17.9 17.9 17.8 16.4 16.6 17 17.3 17.6 17.6 17.7 17.8 17.9 18.3 18.5 18.5 18.4 18.2 17.7
