WholeMapElevations/data/sd/sd62_OST50GRID_20230518/SD62.asc
ncols 200
nrows 200
xllcorner 360000
yllcorner 420000
cellsize 50
[rows 35 to 69 of 200, columns 79 to 157 of 200]
119.1 125.2 126.1 127.7 129.7 131.8 133.6 135.8 136.1 140.8 144.1 150 157.9 164.8 171.7 175.6 176.9 179.8 184.1 186.2 189.9 192.7 196.4 197.9 199.4 199.5 201.6 207.7 213.6 218.7 222.9 226.6 228.6 233.5 238 240.8 243.7 239.9 234.3 221.9 210.3 198.6 186.9 174.2 167.4 163.1 159.9 157.5 155 154.4 154 153.6 155.9 161.9 162.1 162.9 162.3 161.9 163 163.7 162.2 160.3 155.3 149 143.6 139.5 135.9 131.6 129.3 127.1 123.4 119.2 116.1 113.8 112.7 112 111.2 111.5 111.3
128 129 130.1 130.4 132.9 135.5 137.4 139.5 143 146.1 150.9 158.7 165.3 169.7 174.7 178.5 181.3 183.6 186.5 191.7 197.1 199.8 202.3 203.4 204 204 205.3 210.4 215.4 221.1 226.5 229.9 233.8 237.9 241.7 241.9 234.6 226.8 215.9 205.2 193.4 182.6 171.7 164.7 161.6 158.1 155.6 153.2 151.3 150.5 151.1 152.7 156.2 161 161.7 159.9 161.3 162 162.2 161.2 158.7 155.9 149.6 142.9 137.4 133.5 129.1 125.8 123.8 122 119.4 116 113.3 110.9 110 110.5 110 110.3 109.9
131.4 132.8 134.2 136.2 138.6 141.2 142.9 145.5 151.7 155.4 159.2 163.3 167.9 172.2 176.4 180.7 183.4 186.3 193 198.8 204.2 208.3 209.5 207.8 207.9 207.9 208.6 210.2 215.3 223.1 229.5 230.7 233.8 236.8 236.6 230.2 225 213.6 200.1 188.7 176.9 167.3 162.4 158.7 155.1 153.3 151.2 150.6 148.2 147.7 149.6 152.4 157.7 162.4 159.1 157.2 158.6 158.1 158.7 157.4 154.4 150.1 144 138.4 133.3 128.8 124.5 122.4 118.9 117.4 116.9 113.2 110.5 108.1 108.8 108.8 108.7 108.4 109.4
141.1 140.9 142.6 144.4 146.3 148.7 151.8 155.9 158.8 160.9 164.2 166 169.2 173.5 177.5 182.2 185.2 190.5 197.4 200.7 204.7 210.3 210.6 210.4 210.7 210.9 210.1 210.2 214.6 218.9 222.5 226.6 230.3 228.7 227.1 222.7 209.3 195.7 183.6 171.7 163.4 158.7 156.5 155 152.3 150.9 148.5 146.4 147.5 144.2 148.5 152 157.8 159.6 154.6 151.8 152.3 154.2 151 148.7 146.4 143.3 138.1 133.1 127.2 124.9 121.3 118.5 116.3 114.6 112 110.6 108.4 106.9 107 107.7 108 107.7 108.3
145.5 146.1 148.1 149 151.3 153.3 155.7 159.1 162.1 165.1 167.2 169.2 173.1 175.6 178.5 183.8 189.3 195.9 202.8 206.6 208.9 209.3 209.5 211.1 212.7 212.6 211.1 207.8 206.1 208.5 210.5 214.3 219.1 218.2 212.7 203.4 188.8 176.6 167.4 160.7 156 153.4 152.3 151.2 149.9 148.9 146.3 144.8 145.6 142.6 146 148.8 154.5 153.3 148.1 146.3 146.6 144.9 143.7 140.3 139.1 135.3 132 127.3 124 121.7 118.6 115.5 113.3 111.6 108.9 106.1 106.6 106.9 107.2 106.9 107.1 107.1 107.1
145.1 147.3 149.2 150.2 152.1 155.8 159.3 162.2 164.7 168.3 170.5 172 175 177.7 181.4 187.7 194.7 200.5 203.4 206.5 208.6 208.1 209.2 211.6 213.2 212.9 209.7 204.4 197.6 192.7 190.3 195.1 199.4 198.9 192.1 179.8 170.8 166 161.2 156.5 152.9 149.9 148.6 147.6 146.8 146.5 144.9 141.8 140.9 137.3 140.6 141 140.4 138.6 135.1 137.2 135.9 136.7 134.9 132.8 130.5 128.2 126.4 123.5 122.1 118.9 116 113 110.5 108.5 107.4 105.7 105 105.6 106.3 106.7 106.4 106.6 106
144.1 146.8 148.7 150.5 153.7 158.1 161.3 164.4 166.4 168.8 171.6 174.3 176.6 180.8 186.3 191 195.7 200.7 207.3 208 208.2 206.8 209.7 212 212.6 208.3 200.9 192.6 183.9 177.7 172.5 174.7 181.2 180.5 169.7 165.2 163.2 160.2 157.2 154 151.5 147.8 144.5 143.8 143.3 142.6 140.5 137.8 132.7 133.3 133.6 132.6 132.7 132.5 131.4 130.6 129.4 128.3 127.9 126.3 123.9 122.9 120.9 119.2 117.2 115.3 113.3 110.6 108.7 105.7 104.4 103.8 104 105.6 105.6 106.4 106.5 106 105.9
144.5 146.5 148.8 151.1 153.4 156.5 159.7 162.8 165.9 168.4 171.7 174.9 180.3 185.5 190.5 194.4 199.1 203.9 203.5 203 203.8 205.1 207.6 206.9 202.1 194.5 186.3 176.8 168.4 165.1 163.6 161.9 163 161.4 159.2 158.2 157.5 155.4 153.3 151.8 149.3 147 142.4 139.4 138.1 136.3 134.5 131.9 129.7 128.5 129.2 127.2 123.6 122.6 120.8 120.3 118.2 120.2 120.1 119.3 117 116.3 114.4 114.8 113.3 111.9 111.5 109.1 107 104.9 103.6 103.3 103.8 104.5 105.2 105.3 106.1 105.8 105.7
145 147.2 149 150.8 152.7 155.1 158.5 161.9 164.7 167.8 173 178.2 184.2 188.5 191.5 195.7 198.2 198.1 197.7 198.3 199.2 200.3 198.7 193.3 187.9 180.1 170 162.7 158.8 157.4 157.3 157 155.8 155.1 154.6 154.2 153.6 152 150.9 149.7 148.1 146.1 142.6 136.1 130.8 129.8 127.2 126.2 124.1 125.1 125.2 122.5 120 118.1 116.3 114 113.1 114 113.5 112.8 111.7 111.1 110.2 110.1 111.6 110.5 108.1 108.2 105.8 103.5 102.9 103.1 103.1 103.5 104.9 104.3 104.8 104.3 105.7
146 148.2 149.9 151.5 153.2 154.6 157.6 161 164.6 168.7 173.4 177.7 183.5 188.3 192.1 194.2 194.4 193.2 192.5 192.5 192.5 188.8 183.7 178.1 171.1 163.2 156.9 153.5 152.2 151.6 151.6 151.8 151.9 151.9 152.1 152.3 151.8 150.3 148.7 146.5 144.8 143.3 139.9 134.7 126.1 123 122.1 120.8 120.6 122.1 123.1 121.8 118.3 116.6 114.5 112.4 111 110.7 108.1 106.3 101.8 106.6 106.8 107.5 109.1 109.3 108.9 105.4 102 102.2 102.5 103 102.9 104.5 103.7 103.2 103.9 104.6 105.9
146.1 146.9 148.6 150.9 152.8 152.3 154.1 157.1 162 164.6 169.2 173.9 180.7 186.2 180 177.6 189.3 186.9 182.7 183.7 181.1 180.2 175.3 166.7 157.1 150.8 148.3 147.3 146.7 146.4 147.8 148.5 148.8 148.9 149.2 149.4 149.4 148.4 146.6 143.2 139.3 137.4 136.9 130.6 121.7 117.1 116.1 118.6 118.7 120.3 121.4 121.4 117.1 115.3 112.9 111.3 109.8 101.9 98.3 99.2 98.6 101.9 104 103.2 103.9 108.7 103.9 97.7 103.8 104.1 104.2 103.7 103.4 103.8 102.7 103.4 104.3 104.6 105.8
144.2 144.8 146.4 147.3 148.3 148.3 148.9 152.3 154.5 159 165 171.6 173.1 172.6 186.1 182.5 176.7 174.4 175.1 175.4 173.8 167.6 159.7 150.7 146.4 143.8 142.8 142.2 142.4 143.9 145.5 146.5 146.1 145.3 145.2 144.8 145.4 145 142.9 140 135.2 128 130.5 123.6 116.6 111.6 112.6 117.3 118.4 118.8 119.8 119.7 117.8 115.2 113.7 111 101.6 98.2 99.6 104 99.2 100.7 101.6 101.3 99.8 101.1 102.1 104.8 105.4 105.2 103.8 104.7 103.5 103.9 104.2 104.3 103.4 104 104.5
142.4 142.9 143 142.8 142.9 142.5 144.1 145.6 149.1 154.4 162 165.9 166.5 171.1 169.8 168.5 169.6 169.7 170.1 166.9 159.6 152.3 147.6 143.1 140.5 140.3 139.4 139.8 140.1 141.4 143 144.3 143.4 142.1 140.6 139.2 139.3 139.5 137.9 135.9 131.3 124.8 118.5 116.4 112.1 108.6 112.6 116.3 118.8 119.3 118.7 117.9 116.9 114.8 111.6 102.5 96.5 97.9 105.7 106 101.4 99.6 100.3 100.5 100.1 101.7 103.3 106.4 107.1 107.4 105.6 106.7 103.5 104.2 104 103.2 102.6 103.4 104.3
140.7 141.2 139.5 137.2 138 138.8 139.8 142.1 145.8 152 157.2 158.7 159.7 160.6 162.3 165.3 165.7 165.7 161.7 154.7 146.1 144 141.3 139.2 138.3 137.4 137.9 137.4 137.8 139.1 140.4 141 138.9 137.3 135.8 134.3 133.5 133.6 133.3 131.6 129.6 124 113.7 108.8 105.1 108.6 111.6 112.9 115.5 116.9 116.4 115.9 115 112.3 103.5 96 97.1 97.8 107.7 108.4 108.1 105.3 102 100.9 100.5 102.5 104.2 106.2 107.7 107.8 108 108.2 105.7 104.6 103.9 103.4 103.6 103.7 104
139.3 138.5 137.7 136.2 134.4 135.4 137.8 139.9 143.7 147.7 152 154.3 155.5 157.1 158.4 158.5 158 154.1 147.3 142 140.7 139.4 139.5 138.9 137.5 136.7 135.8 135 135.5 136.8 136.6 135.6 133 131.6 130.7 128.6 127.8 128.3 120 121.2 125.6 117.8 111.3 104 100.2 106.5 110.4 109 110.8 112.8 113.5 112.7 111.2 105.3 95.1 97.1 97.9 107.7 110.1 110.2 108.9 109.1 104.5 103.6 103.4 103.8 105.1 107.1 107.1 108.1 108.5 108.4 107.4 107.3 105.7 106.3 103.8 103.9 104.2
139.6 138.8 137.9 137.1 135.8 133.5 134.7 137.4 141.8 143.5 146.4 149.8 153.3 154.1 152.6 149.7 145.8 140.9 138.7 137.4 136 135.7 138.3 138.4 136.4 135.1 134.5 131.8 131.4 132.2 132 130.2 128.7 125.9 124.4 122.4 124.7 124.6 118.5 110.3 113.3 113.3 107.3 103.9 99.1 103.3 105.3 105.1 107.7 105.2 108.5 109.4 108.1 98.1 99 104.2 106.4 108.9 111.8 112.5 111.5 111.1 108.3 106.4 104.9 105.1 106.4 106.5 107.6 109.6 108.4 108.1 107.5 107.5 107.4 106.8 103.9 104.2 104.5
139.3 139 138 136.2 133.9 132.5 131.2 136.5 139.4 140.7 142.8 145.7 146 143.8 141.7 139.4 138 135.7 134.6 132.9 131.3 133.7 136.9 137.1 135.8 134.1 132.5 128 126.7 128.2 126.1 124.2 122.8 122.3 117.7 118.8 122.2 118.8 117.7 107.7 104.6 104.6 102.8 100.5 98.2 99.4 100.7 101.8 101.7 104.7 105.6 105.8 101.7 96.6 103 105.8 107.9 109.8 111.1 111.6 112.4 111.2 109.3 107.7 107.3 106.5 106.2 106.8 107.3 108.4 108.9 108 107.2 107.5 107 106.4 107.6 105.3 105.2
137.5 137.7 136.5 135.8 132.5 127.9 130.7 134.5 135.9 135.8 135.8 135.6 135.2 133.1 134.7 134.6 133.3 131.9 132.5 131.6 129.7 131.4 133.6 135.2 134.8 133.3 128.9 123.6 121.9 122.7 121.8 118.9 119.1 118.6 112.9 117 121.2 112.6 105.4 99 98 97.8 97.7 95.8 95.4 96.3 97.5 98 100.8 96.3 101.2 103.2 98.4 98.2 102.2 105.9 107.7 108 108.9 111.3 111.7 111.1 110.1 108.5 106.7 106.5 106.4 107.2 107.9 108.8 108.9 107.5 106.3 106.4 106 104.9 105.7 107.8 106.6
137.5 136.5 133.5 132.1 128.7 121.3 128.5 130.9 133.1 132.3 130.6 128.3 128.6 129.6 130.5 128.5 129.1 129.4 130.3 131 129.7 128.7 130.9 132.1 130.4 129.7 126.7 120.9 115 116.9 115.3 113.4 116.1 112 109.3 113.7 118.9 109.7 99.7 94.7 94 93.7 93.4 94.1 94.5 94.3 94.3 95 95.9 96.9 98.1 98.3 100.2 99.4 103 104.4 105.4 106.2 107 109.3 110.6 110.4 109.3 107.8 106.3 106.5 107.8 108.6 109 108.2 106.5 106.8 106.5 104.3 105.9 104.7 105.2 106.6 108.1
138.2 136.4 132 127.9 124.5 116.4 124.3 130.6 131 129.5 127.6 123.8 123.9 126.2 126 124.4 126.1 127.3 128.4 129.4 127.9 125.1 128.4 129.4 128.4 124.1 122.7 121.7 115.8 108.7 108.8 112.1 115 110.5 105.4 106.7 107.2 105.1 98.2 93.1 92.3 92.4 91.8 93 92.8 93.8 93.7 94 95.5 96.8 96.5 93.8 98.4 99.5 102.5 103 104.3 106 105.9 107.4 108.6 108.4 108.7 107.5 106.8 107.8 108.9 109.2 109.5 108.3 105.5 106.4 105.5 105.7 105.5 105 105.1 105.9 106.4
133.5 134.1 129.6 125.5 118.9 110.4 121.7 127 128.6 127.4 125.6 122.6 120.3 121.9 122.1 120.9 122.5 124.8 126.7 127.6 124.9 122.4 126.6 127.2 124.5 121.4 120.6 122.5 118.1 113.3 105 103.9 112.7 108 102.2 104.2 104.9 98.9 92.9 90.9 90.7 91.2 90.9 90.4 89.9 91.1 91.6 90.5 92.3 95.6 92.4 92.2 95.2 98.7 100.6 101.5 102.7 103.9 105.9 106 106.7 108.1 106.7 106.5 106.1 106.9 108.8 109.5 108.9 107.4 105.5 104.5 105.6 105.5 105.6 104.9 105.1 106.6 108.3
129.5 126.2 124.4 119.2 112.2 104.7 115.7 124.5 125.2 125.4 122.3 121.4 115.3 115.2 117.8 119.5 120.4 123.1 124.5 125.3 121.1 120 123.5 122.7 119.8 116.3 120 122.1 118.8 113.5 110.9 93.9 100.4 98.9 97.9 103.8 103.8 90.5 90.1 90.2 89.5 89 90.2 90.1 89.4 90 91.3 90.8 91 90.8 91.2 93.3 94.9 96.3 98.2 99.3 100.4 103.1 104.9 105.3 105.9 106.7 105.2 105.2 105 105.3 106.4 107.7 106.9 105.9 105.7 104.1 104.1 105.3 105.8 106.1 107.3 109.1 110.3
126.5 120.5 116.1 108.3 102.6 107.2 116.4 120.9 123.4 121.7 119.8 116.3 114.1 109.8 115.2 117 118 121 122.4 121.9 114.9 114.9 120.4 118.1 114.7 111.8 114.5 119.7 114.8 104.3 98.1 92.1 93.4 93.1 92.6 92.8 89.4 88.3 89.3 89.3 89.2 88.9 88.8 89.7 89 91 90.5 90.8 90.3 90.6 91.8 92.9 94.2 95.3 96.3 96.6 97.3 99.8 102.6 104.7 104.1 95.9 96.1 95.7 99 98.8 100.6 103.2 103.6 104.6 104.5 104 105 105.8 106.4 106.9 108.9 110.8 109.9
117.4 112.9 106.1 100.5 97.1 105.8 117 123 120.4 118.1 118.6 116.9 110.4 104.1 113.5 116.2 116 117.1 118.3 116.7 109.7 111 116.3 114.9 111.8 108.2 112.2 116.8 110.7 94.4 90.7 88.8 88.9 89.4 88.9 88.8 88.3 88.4 88.5 88.6 88.7 89 89.3 89.7 89.1 90.5 90.6 89.6 90.9 91.7 92.4 92.9 93.2 93.7 95 95 95 96.1 98.4 102 96.1 95.4 96.2 95.6 97.1 93.4 96.7 99.1 102 102 102.9 103.3 104.8 105.2 106.4 108.6 110.9 109 108.2
106 101.2 94.4 94.3 104.1 114 119.4 121.1 118.6 116.2 113.7 112.2 106.6 102.1 109.3 111 113.7 114.3 114.2 112 107.8 105.8 110.6 111.1 108.9 102.4 108.3 104.7 95.7 87 86.6 87.3 87.3 87.1 87.7 88.6 88.3 86.8 88.5 88.7 89.1 89.2 89.2 89.1 86.3 89.7 90.5 90.8 91 91.7 92.3 92.7 93 93.2 93.9 93.8 94.2 94.8 94.8 96.2 96.1 95.8 93.5 94.9 95.4 95.2 95 97 97.1 101.8 101.8 102.8 101 106 105.7 106.4 108.8 109.3 111.5
94.3 89.8 88.1 105.5 113.4 119.1 117 116.9 117.1 116 112.4 106.8 104.5 99.2 104.3 105.5 109 111.2 110.4 108.2 106.8 103.3 96.4 103.8 105.2 100.4 103.8 89.5 86.5 87.1 86.8 87.5 87.6 87.6 87.7 88 87.8 88.4 88.1 88.1 88.5 88.9 89.7 89.6 90.7 92.3 90.8 90.8 91 91.6 92.1 92.4 92.7 92.8 92.8 93.6 93.8 94.4 95 94.3 94.8 96.6 95.4 95.4 96 95.8 95.3 96.6 96.7 100.2 101.2 104.5 101 103.1 105.7 110.4 108.1 108.7 113.7
85.6 84.4 88.2 103.5 116.7 118.9 116.6 113.4 113.4 113 107.7 108.2 102 99.4 102.5 104.7 108.4 109.4 109.1 107.8 106.2 108.1 108.8 104.5 95.8 94.4 86.8 86.1 86.7 87.2 87.2 87.5 87.6 87.6 85.8 86.6 88 87.6 87.3 87.5 88 88.9 90.3 91 96.6 97 91.5 88.7 90.8 91.5 91.8 92.2 92.5 90.2 94.2 95.9 96.2 93.9 92.9 93.8 95 96.2 95.9 94.7 96.5 96.2 96.2 96.8 97.7 99.3 102 101 102.1 103.3 105.3 112.9 108 110.8 113.1
81.1 83.3 90 108 112.9 114.1 114 112 110.8 108.7 105.8 103.8 101.3 97.8 98.8 102.8 107 108.4 107.2 102.8 96.1 103.8 103.6 100.4 88.8 87.3 86.3 86.1 86 87.1 87.6 87.3 87.5 87.1 87.8 87.2 87.9 88.4 88 90.8 98.1 100.4 95 102.7 104.3 101.5 94.1 90.7 90.1 91.6 91.7 91.9 92.6 94.7 94.6 97.4 97.4 97.7 96.5 97.3 96.8 95.5 94.5 94.6 95.6 96 96.2 97.6 102.4 99 98.4 100.4 101.7 103.2 104.8 112 107.2 113 117.7
79.7 85.7 90.1 100.7 109.4 111.2 110.9 109.7 107.4 104.3 102.6 101.1 98.4 96 93.7 98.6 100.5 103.9 104.8 90.1 86.7 87 87.9 88.1 88.4 87.1 86.2 86.1 85 84.6 85.7 84.3 87.2 85.7 87.5 87.8 88.3 90.3 93.4 103.5 104.5 105.4 106.2 108.4 107.4 106 105.2 99.9 95.8 90.5 89.3 91.1 90.2 95.1 94.8 100.7 102.3 100.7 100 98.9 98.9 98.9 95.9 96.2 96.7 96.5 97.4 96.1 97.3 97.6 98.4 100.1 101 103 104.7 112.9 107.5 117.1 121.8
83 86.7 88.9 98.2 107.4 108.6 107.9 105.5 105 103.4 102.6 100.2 98.1 91.6 90.7 93 98.8 100.9 100.8 86.9 86.7 87.2 87.6 88 88.4 86.1 83.3 86.8 88 88 87.4 87.8 87.7 87.3 87.1 89.9 101.3 105.2 106.6 107.3 107.2 106.7 108 109.2 111.6 108.8 107.2 105.9 100.9 94.4 91.3 91.7 96.2 95.5 96.3 101 104.2 102.8 102.3 103.6 102.3 100.9 101 99 98 101.4 99.2 97.4 97.7 98.3 99 100 101 102.9 104.4 114.4 113 120.2 125.6
84.8 85.8 88.2 93.4 101.7 106.6 106.7 104.7 102.4 100.9 99.6 98.1 96.8 95.8 90.8 89.9 95.5 90 86.9 87 86.8 87 87.4 85.3 84.4 87 87.4 88 87.6 87.5 88.4 87.7 88.4 90.5 95.2 102.3 103.6 106.3 107.6 108.5 108.5 107.6 108.2 109.6 111.1 107.6 107.1 106.7 104.9 105.3 102.4 93.7 100.4 99.8 97.8 97.1 103.6 104.7 103.2 104.6 103.6 101.7 101.4 101.4 99.4 96.1 96.5 96.9 97.3 97.8 97.6 99.7 101.7 103.2 106 114.9 115.5 122.5 126.2
95.5 99.8 93.6 97.8 98.4 106.8 106.2 105.2 102.3 99.2 98 96.7 95.1 93.5 91.4 89.2 85.9 85.7 86.3 86.7 86.8 87.7 83.5 87.2 86.7 86.7 86.6 86.7 86.8 87.6 88.4 89.3 89.9 92.4 96.2 103.4 105.2 106.9 107.5 107.9 107.9 107.4 108.8 110.1 109.2 107.4 106.8 106.5 105.4 106 106.5 104 103.9 102.5 99.9 99.6 101.7 104.3 105.6 106.5 101.8 101.4 101.7 101.7 101.2 100.2 97 97 97 97.7 98.4 100.4 102.4 104.9 109.5 112.9 113.5 122.2 125.9
107.2 105.7 103.6 106.4 105.8 106.4 105.5 104.8 103.6 100.2 98 97.1 97.1 96.1 93.8 94.3 86.3 85.9 86.7 86.8 86.6 85 87.8 87.5 86.9 86.7 86.7 86.7 87.2 87.5 88.3 90 92.5 93.4 95.3 101.9 104.2 106 106.8 107.3 107.1 107.4 108.3 109.2 108.8 107.4 106.6 106.3 105.5 106.2 105.7 107.1 106.6 104.7 102 103.1 102.2 101.9 103.3 106.2 105.1 103.2 103.1 102 101.6 103.7 98 97.8 97.4 97.9 96.6 99.2 103.1 107.6 111.5 114.1 113.2 121.7 125.9
98.6 101.7 104.6 106.1 106.3 106.1 105.6 105 104.4 101.4 98.4 99.4 99.7 99.4 98.6 93.9 85.7 86.5 86.6 86.8 84 86.3 87.4 87.4 87.2 86.8 86.8 87 87.6 88.7 89.1 92.8 97.8 99.7 97.4 97.2 101.2 104.9 105.5 106 106.4 107.8 108.3 109 108.1 107 106 105.8 104.2 104.9 105.1 103.3 102.7 106 105.8 106.1 103.8 104 105 105.9 106 104.2 103.5 103.2 102.4 103.5 102.9 100.7 100.4 100 99.9 99 100.4 107.7 110.7 116.3 116.5 120.3 123.6
93.2 100.6 105.3 106.1 106 105.8 105.2 104.7 104.4 103 100 100.7 101.8 104 102.6 92.9 85.2 82.9 85.5 83.5 88 87.3 86.5 86.9 87.1 87 86.9 87.4 88.2 90.7 94.7 96.4 103.8 104.9 104.6 98.7 98.1 103.3 104.9 105.2 105.6 105.8 106.5 107.7 107.7 106.8 104.1 103.5 102.9 105.7 105.6 107.1 107.7 107.4 106.9 105.9 105.2 104.6 104.9 106 105.8 105.1 104.3 104.3 103.2 103 103.1 102.3 102 100.4 100.4 99.3 100 106.8 110.1 111.6 114 118.9 122.7
