UK/data/nh/nh40_OST50GRID_20230518/NH40.asc
ncols 200
nrows 200
xllcorner 240000
yllcorner 800000
cellsize 50
[rows 105 to 139 of 200, columns 78 to 155 of 200]
733.6 746.2 747.1 761.9 761.7 759.3 771.6 774.2 774.8 781.4 782.3 777.5 772.4 761.8 750.4 743.2 731.3 722 721 713.9 709.2 704.2 701.3 698.1 694.6 695.5 693.7 690.5 687.3 685.2 686.3 685 678.4 674 671.5 670.5 671.1 671.9 670.3 667.6 663.4 661.3 658 654.6 652.6 651.7 646.5 645.3 643.4 642 638.3 637.7 637.7 636.1 635.3 634.8 634.4 634.5 633.1 634 629.3 631.9 633.9 635.4 636 635.4 634.4 636.7 637.3 637.6 637.9 638.9 640.2 640.6 642.9 644.1 645.5 647.7
742.7 749.7 755.5 762 765.2 761.5 770.3 775.9 777.8 785 783.1 777.5 766.8 760.4 755.3 745.4 736 727.6 723.2 714 710.4 706.7 698.3 695.7 695.9 697.1 695.1 691.6 690.1 687.9 685.2 681.4 675.9 673.1 671.3 671.6 672.2 671.4 669.1 664.4 662.5 660.3 657.5 654.9 651.6 648.3 645.6 644.7 642.1 642.3 640.3 639 637.1 635.8 636.4 635.4 635.5 634.5 633.1 633.4 633.9 630.2 632.3 633.9 634.6 634 635.9 636.4 637.9 638 638.8 640.1 640.5 640.8 644.6 645.2 646.7 648.6
750.7 754 762.4 767.8 765.8 762.6 771.6 777.3 779 785.8 782.8 773.1 766.8 765.3 758.7 754.3 749.2 740.3 726.8 719 718.6 710.6 704.8 697.4 696.4 703.5 697.3 692.7 689.7 687.9 681.7 680.4 677.3 675.1 673.6 673 672 669.4 667.4 663 660 658.8 654.8 652 650.1 648.9 645.2 644.3 643.6 641.6 639.9 639 636.8 636.5 636.7 636.4 635.6 634.9 635 634.6 634.6 633.1 633.7 633.7 633.9 634.4 636.1 637.7 639 638.6 639.8 641 643.2 644.5 645.5 646.8 647.2 648.4
754.5 754.5 763.5 764.7 763.4 758.7 770.1 778 777.7 778.9 774.3 770.4 768.2 768.1 764.7 760.3 752.2 741.6 738.7 732 731 720.2 710.4 701.3 700.4 699.8 695.8 691.6 688.8 688 688.1 685.3 680.4 678.3 675.5 672.7 670.2 667.8 663.7 660.1 658.6 654.2 653.1 650.5 648.8 646.9 645.6 644.4 643.2 641.7 639.9 638 638.3 637.4 637.2 636.8 635.8 634.8 636 634.9 635.3 634.2 633.7 634.7 634.1 634 637.2 637.8 639.7 640.4 641.8 642.2 644.8 645.7 646.4 646.9 647 648.2
759 755.6 758.4 759.6 756 756.1 766.5 773 773.5 772.8 769.3 768.8 768.5 767.5 765.7 761.9 753.9 744.7 737.1 732 723.9 716.3 709.3 701 700.3 698.4 693.5 695.5 695 696.8 690.1 687.9 683.6 681.2 676.3 671.6 668.8 664.7 661.4 659.2 655.9 653.6 650.3 648.4 647.9 645.8 643.9 643 641.8 640.9 638.9 637.9 638 638.2 637.7 637.4 636.3 636.2 636.1 636 635.8 635.2 633.9 634.2 635.4 635.1 637.7 639 640.7 641.9 642.6 643.8 646.4 647.3 648.1 648.2 648.4 648.2
761.8 757.5 753.5 748.2 748.6 753.4 761.1 765.3 766.7 766.8 766.7 768.1 767.8 766.6 764 756.6 747.7 740.4 734.3 726.5 720.5 715.3 710.9 700 697.9 697.7 699.2 698.4 699.2 695.7 691.6 688 684.9 681 675.7 670.9 667.2 662.2 658 655.8 652.7 650.7 648.5 647.2 645.9 645.6 644.5 642.7 641.4 640.8 640.5 640.6 639.9 638.8 638.6 636.8 637.7 637.5 636.9 636.8 635.7 634.8 634.5 635.4 636.8 637 638.3 640.7 641.4 642.7 644 646.3 647.1 647.4 647.7 648.5 649.1 648.4
759.4 752.6 747.5 744.4 739.7 747.2 756.9 757.7 760.4 761.9 763 765.2 767.6 765.5 759.2 749.9 743.2 739.2 732.4 725.9 720.9 713.2 707.3 700 700.5 700.5 700.7 701.3 700.7 694.9 692.5 690.3 685.6 680.4 673.6 667.8 663.6 658.8 655.1 651.7 650.5 648.4 646.7 645.7 646.1 644.7 644.3 643.8 643.3 642.5 641.1 640.7 640.3 639.9 638.5 637.7 638 638.5 638.4 637.9 635.3 635.7 635.6 636.9 637.3 637.6 640.4 641.1 642.4 643.7 644.7 646.3 647 647.3 647.5 648.4 648.6 648.2
756.2 751.4 746.6 741.5 737.4 743.6 749 750.6 751.9 754.7 756.6 758.6 758.4 756.4 749.3 741.6 740.7 736.2 729.7 723.8 719.2 710.4 704.2 704.9 704.3 705.8 702.6 700.7 697.5 694.8 691.2 686.3 681.3 675.4 669.9 665 660.3 654.2 651.5 649.9 648.2 646.8 644.3 645.8 645.3 645.4 643.6 643.2 643.3 642.6 641.3 640.8 640.3 639.8 639.5 638.9 638.5 639.1 639 638.3 635.8 636.3 636.8 637.6 638.8 639.6 641.5 642.5 642.6 644.8 645.1 646.8 646.8 647.1 647.3 648 647.5 647
753.7 748.8 742.3 737.4 734.3 737.8 742.3 746.3 747 747.5 749.2 751.5 750.5 745.8 739.7 735.8 735.3 730.9 725.7 720.4 713.8 706.6 704.9 708.4 706.1 704.8 702.8 700.9 695.6 690.9 686.4 679.5 674.1 669.2 665.2 660 655.7 650.8 649 647.4 644.2 641.7 644.9 645.5 645 644.1 643.9 643.4 643.2 641.8 640.9 640.5 640.1 639.6 639.4 639 638.5 638.5 638.6 638 637.6 637.1 637.4 638.3 639.9 640.1 641 642.5 644.4 645 645.6 645.7 645.9 645.6 646.2 646.2 645.6 644.8
749.3 746.3 739.7 732.4 732 732.7 737 741.9 743.1 743.4 743.3 742.3 739.2 735.1 732 731.4 729.8 724.7 724.2 719.7 712.1 704.1 707.7 712.3 712.7 710.2 702.7 694.8 689.2 683.5 679.5 673.9 668 663.9 661.1 657 652.7 648.2 647.3 645 642.5 639.6 643.1 644.2 644.2 644.3 642.8 642.7 641.7 640.8 640 640 639.7 638.7 638.2 638.8 638.4 638.3 638.3 637.7 638.1 637.9 637.9 639.3 640.5 640.8 642.7 643.6 644.6 645 645.9 646.1 645.5 644.4 643.1 644.2 643.7 643.1
747.8 739.3 733.4 726 726.9 729.6 731.5 733.9 735 735.1 736.4 735.1 730.8 729.2 728.6 727.2 724.9 723 722.7 712.9 712.1 710.6 719.1 718.5 715.7 705.3 694.2 691.1 684.2 678.9 673.7 667.7 661.8 659 656.9 652.1 647.9 644.6 643.8 643.7 641.7 637.9 640.8 642.6 644.1 644.4 644.4 642.5 641.8 640.8 639.1 639.6 638.1 638.4 639 638.4 637.3 638 637.5 638 638.6 638.5 638.8 639.7 640.6 641.3 642.9 643.4 643.6 644.3 645.4 644.1 644.4 642.7 642.3 641.3 641.9 641.2
736 730.3 726.3 724.2 725.4 728.5 729.5 729 731.8 732.5 729.6 728 725.1 724.9 726.2 723.7 721.5 721.4 720.3 719 719.4 714.7 715.9 714.6 702.4 694.5 690.1 686.5 681.3 675.9 668.1 663.1 658.4 654.9 651.6 648.2 643.1 641.3 641.8 641.6 640.5 637.9 637.1 641.2 642.7 642.6 643.3 642.3 641.4 639.8 638.8 637.5 637.7 637.5 637.9 637.6 637.2 637 636.9 638.1 638.6 638.2 638.6 640.3 640.8 640.5 642.9 643.2 643 642.9 642.8 642.1 641.3 640.2 639.7 640.5 640.1 638.8
729.2 726.7 724.2 724.2 724.2 726.5 726.1 729.2 733.4 732.7 728.7 725.1 723.5 722.7 725.7 725.4 723.7 726.7 726.3 726.2 716 710.5 711.3 705.1 697.1 689.9 686.6 681.3 674.9 667.5 660.9 656.6 654.8 651.3 647.1 644.1 642.8 641.1 638.9 639.3 640.1 638.9 637 638.7 641.7 641.4 641.2 640.8 639.1 638.9 638 637.8 637.4 636.2 636.1 636 636.3 635.1 636.8 638.3 637.7 638.7 637.9 639.4 640 640.5 641.2 640.9 641.6 641 640.7 640.6 640 638.2 638.3 638 638 637.7
730.7 727.8 724.2 724.2 724.2 724.2 726.1 729.2 730.4 729.8 726.5 724.5 722.4 723.2 728 726.8 725.5 726 725.8 720.4 716 708.3 702.6 698 694 684.4 678 670.9 665.3 661.4 655.6 652.7 649.9 645.6 642.8 640.9 640.1 639.4 640.1 638.8 639 638.5 637.1 637.5 641.5 642.3 641.4 640.3 639.1 638.1 636.1 636.2 635.3 634 633.6 633.8 635 636.7 636 636.5 636.3 636.8 637.6 636.9 639 639.6 640.3 639.1 639.5 639.8 639.9 637.7 637.9 635.1 636.1 636 634.7 636.5
732.4 724.2 724.2 724.2 724.2 724.2 725.3 726.8 732.5 732.2 730.5 726.5 722.4 725.3 729.3 729.7 728.1 725.2 722.4 717 711.5 701.4 698 693.6 687.2 675.8 669.7 663.9 659.7 655.6 652.2 648.6 643.8 640.1 639.4 639.1 639.3 639.2 638.6 638.1 637.4 636.8 635.8 637.5 640 640.3 639.8 639 637.3 637 636.4 635.3 632.6 632.2 631.7 634.4 635.5 636.2 636.9 636.4 635.1 635.3 636.4 636.8 638.3 638.3 639.3 638.5 638.9 638.1 637.7 637.2 635.2 633.2 634.6 634.4 634.2 634.9
727.4 724.2 724.2 724.2 724.2 724.2 724.2 726.6 729.9 732.4 732.1 728.4 721.7 724.3 733.8 734.9 724.7 715.9 711 710.4 700.3 693.5 692 683.9 674.7 669.1 663.4 656.9 652.3 648.9 647.2 644.4 639.2 636.1 636.6 639 638.5 638.4 637.2 637.6 636.6 635.6 635 634.7 637.7 639.5 637.5 636.5 635.3 635.7 635 632.9 632.2 630.1 632.3 633 634.4 635.3 636.5 636 635 633.2 633.9 635.4 637 637.8 637.3 637.7 637.3 636.3 635.8 635.9 633.5 633.3 633.4 633.3 632.3 632.5
726 724.2 724.2 724.2 724.2 724.2 724.2 727.6 733.8 737.1 731.7 726.8 722.1 723.4 727.2 722.5 716.1 705.5 698.3 694 686.7 684.1 681.1 673.7 669.4 662 653.9 652.2 648.7 645.8 640.6 640.1 637.4 633.6 632.4 636.8 637.6 637.8 636.5 635.3 635.5 635.3 634.6 631.2 634.1 636.2 635.3 635.6 632.8 633.7 633.4 629.7 628.8 628.8 631.6 631.8 632.6 634.5 634.6 634.3 633.3 633 633.1 634.1 634.2 636.5 636.6 636.5 636.5 635.6 633.5 634 632.8 632 632.4 632.4 632.1 632.3
733.4 727.6 724.2 724.2 724.2 725.1 726.9 729.2 732.6 732.8 730.8 725.8 721.7 719.8 722.9 716.4 706.8 693.3 687.9 684.3 676.2 673.7 669.1 664.5 659.3 653.1 650.2 646.9 643.1 639 633.2 633.4 632.9 633.1 631.8 633.4 633.7 634.3 633.6 633.1 631.2 632.8 631.6 628.8 632.8 633.6 633.4 633.2 630.3 632.5 628.8 628.8 628.8 628.8 628.8 628.8 628.8 633.2 634.1 633 632.8 633 632 632.9 634.4 635.3 635.1 635.2 634.3 634.3 633.6 632.4 632.4 631.7 631.7 631.5 631.2 631.9
737.2 732.3 727.7 724.2 724.2 731.2 735.2 735.7 734.7 736.3 736.1 725.9 718.7 711 707 697.3 689.5 680.5 677.1 673.3 669.5 666.4 661.3 656 650.7 648.8 642.7 639.1 634.7 628.8 628.8 628.8 628.8 629.6 628.8 628.8 628.8 628.8 630.7 628.8 628.8 628.8 628.8 628.8 628.8 628.9 629.6 632.1 628.8 628.8 628.8 628.8 628.8 628.8 628.8 628.8 630 633.2 634.8 633.8 633.6 631.9 632 633 634.3 633.9 634.4 633.8 633.4 633.9 633.4 632.6 632 631.1 631.1 631.1 631.9 631.3
741.6 735.4 724.8 724.2 730.5 734.1 735.5 737.6 737.9 733.8 728.2 718.9 717.9 711.6 694.3 682.7 673 670.6 667.6 662.7 661.1 654.3 652.9 648.7 643.3 641.1 637.7 631.9 628.8 628.8 628.8 628.8 628.8 628.8 628.8 628.8 628.8 628.8 628.8 628.8 628.8 628.8 628.8 628.8 628.8 628.8 628.8 628.8 628.8 628.8 628.8 628.8 628.8 628.8 628.8 628.8 628.8 628.8 630 630.6 631.3 631.8 631.4 632.7 634.2 632.6 630.5 634.4 633.4 633.2 632.7 632.1 631.5 630.6 630.7 631.1 631 631.2
732.9 725.5 724.2 724.2 731 734.8 736.5 734.4 731.3 725.1 717.8 708.3 702 694.7 681.7 670.1 664.2 661 656.4 652.7 650.5 646.6 644.4 641.2 637.8 632.7 628.8 628.8 628.8 628.8 628.8 628.8 628.8 628.8 628.8 628.8 628.8 628.8 628.8 628.8 628.8 628.8 628.8 628.8 628.8 628.8 628.8 628.8 628.8 628.8 628.8 628.8 628.8 628.8 628.8 628.8 628.8 628.8 628.8 628.8 628.8 628.8 628.8 631.9 634.5 633.5 633.7 633.6 632.7 632.5 632 631.2 631.4 631.4 631.8 630.9 631.5 631.7
736.9 731.4 724.2 724.2 724.2 724.2 723.4 724.6 724.6 721.1 708.3 698.9 690.9 687.5 673.4 662.6 659.6 652.9 646.3 640.3 641.1 636.9 632.4 633.7 628.8 628.8 628.8 628.8 628.8 628.8 628.8 628.8 628.8 628.8 628.8 628.8 628.8 628.8 628.8 628.8 628.8 628.8 628.8 628.8 628.8 628.8 628.8 628.8 628.8 628.8 628.8 628.8 628.8 628.8 628.8 628.8 628.8 628.8 628.8 628.8 628.8 628.8 628.8 630.2 631.1 631.7 633.1 632.9 633 631.8 631.8 631.2 631.2 631 630.6 631.3 632.5 632.6
746.4 740.8 727.2 725.3 728.9 724.7 721.6 721.9 716.9 703.4 696.1 686.3 681.6 674 662.3 655.2 650.7 642 637.9 637.4 630.4 628.8 628.8 628.8 628.8 628.8 628.8 628.8 628.8 628.8 628.8 628.8 628.8 628.8 628.8 628.8 628.8 628.8 628.8 628.8 628.8 628.8 628.8 628.8 628.8 628.8 628.8 628.8 628.8 628.8 628.8 628.8 628.8 628.8 628.8 628.8 628.8 628.8 628.8 628.8 628.8 629.6 630.1 630.6 631.7 629.6 630.6 631.4 632 631 630.7 629.7 631.2 631.4 631.5 631.9 632.4 633.2
754.7 746.1 727.2 720.8 726.9 720.9 712.7 708.1 701.8 690 683.5 676.1 665.8 657.9 653.4 646.7 640.2 638.4 637 634.5 627.5 623.4 628.8 628.8 628.8 628.8 628.8 628.8 628.8 628.8 628.8 628.8 628.8 628.8 628.8 628.8 628.8 628.8 628.8 628.8 628.8 628.8 628.8 628.8 628.8 628.8 628.8 628.8 628.8 628.8 628.8 628.8 628.8 628.8 628.8 628.8 628.8 628.8 628.8 628.8 628.8 628.8 627.9 625.6 628.5 629.7 628.3 625.6 630.7 628 631.7 633.1 632.2 631.4 625.6 632.2 633 634.3
755 743.7 727.3 714.6 712.6 706.2 698.5 698.2 690.2 682.6 671.6 661.2 654.1 648.6 643.5 636.7 637.5 636.5 634.7 632.4 622.5 612.2 628.8 628.8 628.8 628.8 628.8 628.8 628.8 628.8 628.8 628.8 628.8 628.8 628.8 628.8 628.8 628.8 628.8 628.8 628.8 628.8 628.8 628.8 628.8 628.8 628.8 628.8 628.8 628.8 628.8 628.8 628.8 628.8 628.8 628.8 628.8 628.8 628.8 628.8 628.8 629.3 628.2 631.4 631.5 631.7 632.4 632.7 632.8 634.4 633.3 635.1 632.4 632.9 634.6 627.5 633.6 635.4
747.5 737.9 722.9 711.9 704.9 698.5 692.6 688 678.4 671.2 662.2 655.5 649.5 645.6 639.4 638.2 637.8 633.1 632.1 625.3 615.7 607.9 620.3 628.8 628.8 628.8 628.8 628.8 628.8 628.8 628.8 628.8 628.8 628.8 628.8 628.8 628.8 628.8 628.8 628.8 628.8 628.8 628.8 628.8 628.8 628.8 628.8 628.8 628.8 628.8 628.8 628.8 628.8 628.8 628.8 628.8 628.8 628.8 628.8 628.8 628.8 629.6 630.3 630.3 631.8 632 631.8 631.5 633.6 636.3 637.3 635 636.4 633 634.8 634.9 635.2 635.7
753.9 737.2 721.1 709.2 699 696.5 691.2 677.2 669 661.3 657.2 651.8 644.7 638.3 639.1 638.2 636 628.9 625.8 612.8 604.8 601.7 605.4 631.5 628.8 628.8 628.8 628.8 628.8 628.8 628.8 628.8 628.8 628.8 628.8 628.8 628.8 628.8 628.8 628.8 628.8 628.8 628.8 628.8 628.8 628.8 628.8 628.8 628.8 628.8 628.8 628.8 628.8 628.8 628.8 628.8 628.8 628.8 628.8 628.8 629.4 630.3 630.5 631 631.2 632.3 633 634 638.9 637.5 637.4 636.2 636.7 634.8 636 638.2 638.7 638.5
749.2 729.1 717.8 716.1 702.4 684.4 676.6 665.7 656.6 650.2 647.3 641.1 636.9 634.4 634.6 635.5 629.9 625.3 620.2 596.8 595.4 597.7 611.3 617.8 628.8 628.8 628.8 628.8 628.8 628.8 628.8 628.8 628.8 628.8 628.8 628.8 628.8 628.8 628.8 628.8 628.8 628.8 628.8 628.8 628.8 628.8 628.8 628.8 628.8 628.8 628.8 628.8 628.8 628.8 628.8 628.8 628.8 628.8 628.8 628.8 635.7 632.6 633.6 632.1 633.3 633 634.8 636.2 639.6 639.3 639.9 638.1 636.7 636.1 636.9 639.6 640.1 639.7
742 726.7 718.2 703.7 689.6 670.7 661 655.4 650.4 642.7 641.3 638.5 636.9 636.3 634.8 629.7 626.5 617.1 608.4 587.7 601.1 604.8 611.4 612.7 631.3 628.8 628.8 628.8 628.8 628.8 628.8 628.8 628.8 628.8 628.8 628.8 628.8 628.8 628.8 628.8 628.8 628.8 628.8 628.8 628.8 628.8 628.8 628.8 628.8 628.8 628.8 628.8 628.8 628.8 628.8 628.8 628.8 628.8 628.8 629.1 637.2 635.2 634.7 635.2 636.5 637 638.1 643.4 643.4 642.5 641.1 639.6 637.9 637.4 639.7 640.7 644.9 643.2
730.1 716.2 704.3 690.6 675.2 657.6 645.5 642.2 639 632.4 634.8 638.7 637.3 635.1 627.8 624 619.9 609.5 589.6 598 605.6 610.5 616.1 617.4 618.6 628.8 628.8 628.8 628.8 628.8 628.8 628.8 628.8 628.8 628.8 628.8 628.8 628.8 628.8 628.8 628.8 628.8 628.8 628.8 628.8 628.8 628.8 628.8 628.8 628.8 628.8 628.8 628.8 628.8 628.8 628.8 628.8 629 629.5 634.2 635.6 635.6 638 640.3 642.2 643.4 643.4 644.4 643.6 644.4 643.7 641.8 640.9 641.9 643.9 644.2 641.8 644.7
723.2 705.6 690.1 672.3 660.9 646 632.8 626.5 623.8 617.1 635.6 636.8 635.6 629.8 618.7 609.5 606 596 585 599 606.4 610.8 617.2 618.4 619.3 628.4 628.8 628.8 628.8 628.8 628.8 628.8 628.8 628.8 628.8 628.8 628.8 628.8 628.8 628.8 628.8 628.8 628.8 628.8 628.8 628.8 628.8 628.8 628.8 628.8 628.8 628.8 628.8 628.8 629.3 633.9 635.3 632.2 634.2 635.7 636.3 638.1 639.8 643.4 645.4 645.8 645.2 647.2 648.3 646.7 646.5 644.8 644.7 645.6 645.2 644.7 645.1 645.6
704.1 697.8 679.4 656.9 640.4 631.5 622.8 613.3 602.2 627.9 628.1 631.6 627.4 620.2 610.4 600.3 594.1 587.8 594.5 605.8 609.5 612.5 616 618.1 618.5 618.2 628.8 628.8 628.8 628.8 628.8 628.8 628.8 628.8 628.8 628.8 628.8 628.8 628.8 628.8 628.8 628.8 628.8 628.8 628.8 628.8 628.8 628.8 628.8 628.8 628.8 628.8 629.1 630.6 634.3 635.5 639.3 634.2 635.2 636.8 637.2 638.9 643.1 646.7 647.4 648.5 649.1 649.9 649.1 648.1 647.6 646.9 647 645.5 646.6 645.5 646.1 645.5
687.6 677.4 659 641.2 627.8 620.1 607.2 574.6 613.4 616.1 617.8 615.7 615.9 601.9 594.4 588.4 582.6 592.1 604 607.8 615.1 611 615.9 617.8 618.9 619.9 625.9 628.8 628.8 628.8 628.8 628.8 628.8 628.8 628.8 628.8 628.8 628.8 628.8 628.8 628.8 628.8 628.8 628.8 628.8 628.8 628.8 628.8 628.8 628.8 628.8 632.2 632.9 634.1 635.8 636.5 639.2 639.2 634.6 638.8 638.9 641.2 645.9 649 651.9 652.4 654.4 653.4 652.5 651.1 650.1 649.7 649.6 649.6 651.8 649.8 648 649.3
670.8 658.7 636.6 628.7 617.4 603.2 564.4 597.2 603.7 604.7 609 610.4 598.6 591.4 585.4 586.9 591.6 595.8 603.8 604.6 612.9 609.8 613.9 618.4 611.3 613.2 616.2 628.8 628.8 628.8 628.8 628.8 628.8 628.8 628.8 628.8 628.8 628.8 628.8 628.8 628.8 628.8 628.8 628.8 628.8 628.8 628.8 628.8 628.8 630 632.5 634.5 636 637.8 636.6 639.6 641.4 641.4 636.8 640.7 641.4 644.3 649.1 653 658.1 658.2 658.8 659.9 658 656.6 654.1 653.3 654.2 655.4 654.5 654.7 651.7 653.9
653.7 635.5 617.9 609.8 594.4 557.7 556.9 585.3 601.4 599 590.1 588.6 587.4 579.9 583.7 588.2 595.8 601.8 604.3 605.6 608.9 609.6 614.5 608.7 615.3 616 614 623.7 628.8 628.8 628.8 628.8 628.8 628.8 628.8 628.8 628.8 628.8 628.8 628.8 628.8 629.8 628.8 628.8 628.8 628.8 630.7 630.8 632.4 635.4 636.9 638.6 639.8 641.6 640.9 643.1 643.2 642.7 639.5 642.7 644.4 647.6 654 657 660.9 666.3 666.7 666.3 664.1 661.7 659.7 658.9 659.7 660 660.1 658.6 655.3 657.9
