UK/data/nr/nr24_OST50GRID_20230518/NR24.asc
ncols 200
nrows 200
xllcorner 120000
yllcorner 640000
cellsize 50
[rows 116 to 173 of 200, columns 96 to 191 of 200]
0 0 0 0 0 0 0 0 0 0 0 0 0 0 0 0 0 0 0 0 0 0 0 0 0 0 0 0 0 0 0 0 0 0 0 0 0 0 0 0 0 0 0 0 0 0 0 0 0 0 0 0 24 35.4 61.5 61.4 45.8 55.4 64.2 68.6 72.1 74.3 74.9 74.6 73.7 72.9 74.4 75.4 76.1 80.6 81 84.7 87.9 90.5 93.4 96.6 99 101.5 105.1 106.8 110 111.5 117.5 119.2 118.2 116.3 116.8 121.6 123.3 124.5 127.5 124.8 124.4 125.4 126.2 127.5
0 0 0 0 0 0 0 0 0 0 0 0 0 0 0 0 0 0 0 0 0 0 0 0 0 0 0 0 0 0 0 0 0 0 0 0 0 0 0 0 0 0 0 0 0 0.5 0 0 0 0 0 0 0.8 22.4 32.4 36.3 44.3 54 62.6 67.6 71 74.5 76 75.8 76 75.7 75.3 75.3 76.4 83.5 84.4 83.3 85.6 88.7 92.8 95.9 97.1 100.4 101.4 106.2 109.9 109.5 110.7 110.9 112.4 112.8 116.1 118.7 123.4 119.8 123.3 123.3 119.2 120.6 123.4 125.7
0 0 0 0 0 0 0 0 0 0 0 0 0 0 0 0 0 0 0 0 0 0 0 0 0 0 0 0 0 0 0 0 0 0 0 0 0 0 0 0 0 0 0 0 0 0 0 0 0 0 0 0 1.8 30.7 40.8 40.6 46.1 55.5 62.7 66.6 69.8 72.8 75 75.7 76.7 77.2 77.4 77.1 76.7 77.1 80.9 81.9 83.9 87.5 92.4 94.5 95.3 96.2 99 100.3 102.4 104.5 108.7 110.9 110.6 113.2 114.3 116.5 116.9 115.1 115.9 115 115.3 118 124.2 128.7
0 0 0 0 0 0 0 0 0 0 0 0 0 0 0 0 0 0 0 0 0 0 0 0 0 0 0 0 0 0 0 0 0 0 0 0 0 0 0 0 0 0 0 0 0 0 0 0 0 0 0 0 32.5 48.1 51.9 42.3 46.5 57.5 64.5 67.3 70.3 72.5 75 75.6 76.9 77.5 77.9 77.6 76.9 77.4 77.6 79.9 84.2 85.3 89.1 92.2 92.7 93.7 95 97.1 100.8 106 107.1 111 109.4 110.4 113.6 114.8 114.5 117.3 113.4 108.3 112.3 116.5 117.8 120.8
0 0 0 0 0 0 0 0 0 0 0 0 0 0 0 0 0 0 0 0 0 0 0 0 0 0 0 0 0 0 0 0 0 0 0 0 0 0 0 0 0 0 0 0 0 0 0 0 0 0 0 28.3 49.9 52.1 40.6 39 44.5 56.8 66 69.4 70.1 73.7 73.8 75.4 77 77.8 78.1 78.2 77.9 77.8 78.2 78.7 80.9 83 84.8 87.7 91.2 91.2 92.4 96.5 100.4 103.7 105.5 107.6 110.6 110.8 111.3 110.3 110.3 112.9 111.9 105.3 106.1 114 116.2 119.2
0 0 0 0 0 0 0 0 0 0 0 0 0 0 0 0 0 0 0 0 0 0 0 0 0 0 0 0 0 0 0 0 0 0 0 0 0 0 0 0 0 0 0 0 0 0 0 0 0 0 0.8 24.8 62.1 40.4 36.3 35.8 40.5 53.1 62.4 69.3 67.8 69.5 72.1 74.1 75.6 76.7 77.4 77.7 77.8 77.5 78.3 78.9 79.9 81.6 83.6 84.6 85.3 87.6 90.3 94 101.1 102.8 102.2 104.8 110 111.9 111.5 108 105 102.7 102.6 99.3 100.7 105.3 115.4 112.9
0 0 0 0 0 0 0 0 0 0 0 0 0 0 0 0 0 0 0 0 0 0 0 0 0 0 0 0 0 0 0 0 0 0 0 0 0 0 0 0 0 0 0 0 0 0 0 0 0 0 0 41 48.2 25.3 25 31.6 39.2 48.5 62.2 62 64 67.2 68.9 71.4 73.4 75.5 76.1 76.6 77.3 77.5 77.8 78.1 80.3 82 83.4 86.8 89.6 90.2 92.7 91.9 93.3 96.3 99.7 101.9 103.5 103.7 104.4 101.4 100.3 100.3 94.5 93.6 94.2 95.2 101.4 105.6
0 0 0 0 0 0 0 0 0 0 0 0 0 0 0 0 0 0 0 0 0 0 0 0 0 0 0 0 0 0 0 0 0 0 0 0 0 0 0 0 0 0 0 0 0 0 0 0 0 0 0 19.6 23.2 6.7 7.9 10.4 31.7 40.3 45 51.3 62.5 65.4 66.1 68.3 70.7 74.1 74.8 75.4 76.4 77.3 77.7 77.9 78.4 79.9 83.1 84.5 85.2 87.8 90.2 92.9 95.5 96.9 96.6 99.2 99.9 99.4 95.6 95.2 93.8 93.6 90.2 88.7 88.3 88.1 89.7 90.4
0 0 0 0 0 0 0 0 0 0 0 0 0 0 0 0 0 0 0 0 0 0 0 0 0 0 0 0 0 0 0 0 0 0 0 0 0 0 0 0 0 0 0 0 0 0 0 0 0 0 0 0 1.9 0.6 2.3 7.7 33.9 46.2 51.7 59.1 63.8 68 71.8 70.8 69.8 72.5 73.5 74.1 75.5 76.4 77.3 77.9 78 78.7 79.6 80.9 82.9 84.1 85.9 89.2 93.2 95.2 97.9 101.2 94.9 92.8 92.1 91 89.8 87.3 85.6 83.4 84.7 84.9 83.4 83.6
0 0 0 0 0 0 0 0 0 0 0 0 0 0 0 0 0 0 0 0 0 0 0 0 0 0 0 0 0 0 0 0 0 0 0 0 0 0 0 0 0 0 0 0 0 0 0 0 0 0 0 0 0 0 0.8 7.3 24.8 37.9 54.5 58.7 62.5 66 71.4 71.7 71.4 71.3 72.1 73.8 74.8 75.8 76.8 77.5 78.1 78.5 78.9 79.3 81.2 81.4 81.6 83.3 86.6 88.9 93.7 99.3 95.8 91 89.3 87.2 85.5 83.5 80.6 77.7 81 79.5 78.2 80.2
0 0 0 0 0 0 0 0 0 0 0 0 0 0 0 0 0 0 0 0 0 0 0 0 0 0 0 0 0 0 0 0 0 0 0 0 0 0 0 0 0 0 0 0 0 0 0 0 0 0 0 0 0 0 2.5 10.4 29.3 48.6 55.2 61.6 61.7 64.6 69.6 72.5 72.9 72.5 72.7 73.7 74.3 75.2 76.2 77 77.6 77.5 77.8 78.2 79.5 79.9 79.5 80.9 82.9 85.1 86.4 91.6 89.3 89.7 86 84.1 82.3 80.1 77 74.5 74.3 74.7 76.1 78.5
0 0 0 0 0 0 0 0 0 0 0 0 0 0 0 0 0 0 0 0 0 0 0 0 0 0 0 0 0 0 0 0 0 0 0 0 0 0 0 0 0 0 0 0 0 0 0 0 0 0 0 0 0 0 2.8 10.4 33.4 41.8 47.1 57.1 59.1 60.7 65.3 69.6 73.9 75.1 74.4 74.4 73.8 74.6 74.8 76 76.5 76.4 77.1 77.2 77.5 77.7 78.4 79.7 80.8 80.9 82.4 84.6 84.1 83.6 83.1 81.2 79.5 76.6 72.4 72.1 73.3 77.7 80.1 80.9
0 0 0 0 0 0 0 0 0 0 0 0 0 0 0 0 0 0 0 0 0 0 0 0 0 0 0 0 0 0 0 0 0 0 0 0 0 0 0 0 0 0 0 0 0 0 0 0 0 0 0 0 0 0 3.4 25.2 23.7 30.9 36.8 44.4 51.2 54.6 60.6 61.4 66.8 72.2 72.6 74 73.3 71.5 71.3 72.5 73.5 74.5 75.2 74.9 76.4 77.6 77.7 78.5 78.4 78.6 79.3 80 79.7 79.7 79.6 77.8 76.4 73 71.1 71.7 75.2 78.8 82.1 84.4
0 0 0 0 0 0 0 0 0 0 0 0 0 0 0 0 0 0 0 0 0 0 0 0 0 0 0 0 0 0 0 0 0 0 0 0 0 0 0 0 0 0 0 0 0 0 0 0 0 0 0 0 0 0.6 4.9 29.4 31.2 29.5 27.7 34 37.2 44.2 49.7 51.2 52 59.9 64.1 67.3 70 68.8 64 66.5 68.9 69.8 72.3 73.3 73.8 75.3 76.1 75.6 76.3 76.4 77.7 76.7 78.5 77.2 73.2 72.2 71.5 70.8 69.7 70.8 73.1 76.9 81.2 84.3
0 0 0 0 0 0 0 0 0 0 0 0 0 0 0 0 0 0 0 0 0 0 0 0 0 0 0 0 0 0 0 0 0 0 0 0 0 0 0 0 0 0 0 0 0 0 0 0 0 0 0 0 0 5.3 6.4 10.1 24.5 35.8 37.8 37.6 34.8 32.7 33.2 38.3 43.7 50.7 55.3 58.8 60.6 56.6 55.2 57.3 62.1 62.5 65.2 69.3 69.6 71.6 70.9 71.6 73.6 76.5 76.4 71.3 70.3 64.8 64.8 66.1 67.7 68.9 70 70.7 71.4 74.6 78.3 82.8
0 0 0 0 0 0 0 0 0 0 0 0 0 0 0 0 0 0 0 0 0 0 0 0 0 0 0 0 0 0 0 0 0 0 0 0 0 0 0 0 0 0 0 0 0 0 0 0 0 0 0 0 0.8 22.3 30.5 24.3 28.7 37.6 39.4 42.5 42.7 42.6 41.7 40.2 36.7 41.3 46.6 48.8 48 47.1 48.1 46.5 51.8 54.8 56.8 59.2 55.9 59.5 61 64.7 67.9 69.4 59.5 73.7 67.9 68.4 70.6 68.9 69 70.4 71.3 73.8 77.4 72.8 75.6 80.6
0 0 0 0 0 0 0 0 0 0 0 0 0 0 0 0 0 0 0 0 0 0 0 0 0 0 0 0 0 0 0 0 0 0 0 0 0 0 0 0 0 0 0 0 0 0 0 0 0 0 0.7 3.5 8.1 20.8 32.8 35.9 37.8 40.3 43.2 44.6 46.1 47.6 48 48.4 44 41.3 38.3 39.9 40.1 41.7 41.8 42.7 44.3 46.9 47.6 46.3 49.5 48.8 49.4 50.8 51.7 68.9 71.2 71.2 72 71.3 71.1 70.3 68.5 70.6 71 72.5 72.7 73.4 74.5 78.9
0 0 0 0 0 0 0 0 0 0 0 0 0 0 0 0 0 0 0 0 0 0 0 0 0 0 0 0 0 0 0 0 0 0 0 0 0 0 0 0 0 0 0 0 0 0 0 0 0 0 14 20.7 26.5 29.6 36.9 39.1 41.6 44.2 48 49.8 51.5 54.5 54.5 53.8 51.6 51.2 49.4 46.2 46.3 45.7 47.5 47.9 49.2 47.3 48.4 53.4 57.7 59.2 66.5 67.5 66.2 65.2 68.8 73.2 74.5 75 74 71.6 69.4 69.8 70.7 72.2 73.7 74.4 74.4 78.3
0 0 0 0 0 0 0 0 0 0 0 0 0 0 0 0 0 0 0 0 0 0 0 0 0 0 0 0 0 0 0 0 0 0 0 0 0 0 0 0 0 0 0 0 0 0 0 0 19.2 3.3 22.9 27.8 30.9 36.1 40.1 42.4 47.6 51.3 55.5 57.8 61.5 63.2 62.8 63 62.6 61.7 57.3 53 52 51.2 50.5 54.5 57.5 59.1 61.9 64.7 63.6 64.2 71.3 74.1 73.4 73.8 72 70.1 71.8 73.4 74.5 74.3 72 71 71.5 72.4 74.3 74.9 75.2 77.7
0 0 0 0 0 0 0 0 0 0 0 0 0 0 0 0 0 0 0 0 0 0 0 0 0 0 0 0 0 0 0 0 0 0 0 0 0 0 0 0 0 0 0 0 0 0 0 8.6 8.5 8.8 24.1 29.6 33.1 37.2 42.6 46.9 53.3 58.1 63.4 68.8 69 70.1 70.5 70.6 70.5 69.6 67.9 65.2 59.8 59.3 55.6 54.1 58 62.5 66.6 70.7 71 69 68 70.9 72.4 74.2 74.1 72.8 73.5 74.7 75.2 74.9 73.7 71.8 71.6 72.8 74.1 74.8 75.7 78.2
0 0 0 0 0 0 0 0 0 0 0 0 0 0 0 0 0 0 0 0 0 0 0 0 0 0 0 0 0 0 0 0 0 0 0 0 0 0 0 0 0 0 0 0 0 0 0 0.8 3.8 17.4 29.4 21.9 33.2 38 44.7 51 56.8 61.8 65.9 73.7 75.4 74.9 75.4 76.8 77.1 75.6 73.9 71.2 68.3 64.3 62.2 59.1 59.3 61.7 65.8 70.7 75.7 76.3 72.5 71.7 72.8 74.9 74.3 74.4 74.4 75.3 75.7 75.8 74.3 73 71.9 71.8 73 76.3 77 78.1
0 0 0 0 0 0 0 0 0 0 0 0 0 0 0 0 0 0 0 0 0 0 0 0 0 0 0 0 0 0 0 0 0 0 0 0 0 0 0 0 0 0 0 0 0 0 0 0 16.9 3.1 25.1 35.7 36.2 31.5 43.5 51.4 59.3 63.7 67.1 73.5 77.1 79.1 79.9 80.6 81.1 80.5 78.6 78.2 75.3 73.4 71.8 65 60.7 62.8 67 69.7 72.7 74.4 75 75.2 75.2 75.5 74.7 75 75.3 75.8 76.2 76.6 75.5 75.2 74.8 73.7 72.8 74.1 79.7 83
0 0 0 0 0 0 0 0 0 0 0 0 0 0 0 0 0 0 0 0 0 0 0 0 0 0 0 0 0 0 0 0 0 0 0 0 0 0 0 0 0 0 0 0 0 0 0 0 0 21 54.9 55.3 52 47.8 37.6 48.8 61.2 65 67 72.1 77.5 81.2 81.6 82.5 83.8 84.4 83.3 82.5 81.9 79.5 76.4 72 68.2 63.4 67.3 71.5 74.3 76.7 76.6 77.1 77.7 76.8 77 76.6 76 76.3 76.6 77 77 77.1 77.3 76.1 74.6 73.5 76.7 82.1
0 0 0 0 0 0 0 0 0 0 0 0 0 0 0 0 0 0 0 0 0 0 0 0 0 0 0 0 0 0 0 0 0 0 0 0 0 0 0 0 0 0 0 0 0 0 0 0 0 19 55 56 58 58.3 60.5 49.9 55.9 68.9 69.2 71.7 78.8 82 83.7 84.8 86.3 87.2 86.7 86.2 85.2 83.6 83.3 83.3 83.3 79.9 67.7 72.4 75.9 78.1 78.5 79 79.3 79.2 79.4 79.1 79 78 77 77.1 77.4 77.7 78.4 78.7 77.2 75 74.7 77
0 0 0 0 0 0 0 0 0 0 0 0 0 0 0 0 0 0 0 0 0 0 0 0 0 0 0 0 0 0 0 0 0 0 0 0 0 0 0 0 0 0 0 0 0 0 0 0 5.3 4.6 22.1 44.4 55 61.9 60.9 59.3 58.1 61.9 66 70.6 78.6 81 82.2 83.8 87.9 88.8 89.2 88.7 88.9 88.3 87.1 86.9 88.6 87.4 80.6 75.3 78.8 80.2 82 81.6 81.8 81.3 81.6 81.8 81.8 81 79.9 78.9 78.7 79.2 79.4 79.5 79.8 77.9 76.9 78.3
0 0 0 0 0 0 0 0 0 0 0 0 0 0 0 0 0 0 0 0 0 0 0 0 0 0 0 0 0 0 0 0 0 0 0 0 0 0 0 0 0 0 0 0 0 0 0 0 0 0 4.9 37.4 50.4 53.1 57.5 62.6 65.7 67.9 62.8 62.7 72.7 77.6 79.8 84.3 87.3 88.3 89.2 89.2 89.9 91 90.3 90.9 91.7 89.9 83.9 81.8 82.3 81.6 83.6 84.7 84.6 83.9 84 83.9 84.3 83.9 82.5 81.9 81.6 80.6 80 80.3 80.7 77.7 80.6 80
0 0 0 0 0 0 0 0 0 0 0 0 0 0 0 0 0 0 0 0 0 0 0 0 0 0 0 0 0 0 0 0 0 0 0 0 0 0 0 0 0 0 0 0 0 0 0 0 0 0 4.8 45 64.8 63.7 61.9 65.6 69.6 73.9 74.7 75.2 68.1 73.5 76.6 80.3 85.5 86.5 87.5 89.4 90.2 91.7 93.5 95.1 95.1 94.8 90.3 88.6 87.3 87.4 86.2 85.7 86.9 86.5 86.1 87.2 86.8 86.3 86.3 86.1 84.6 83.5 83 82.4 80.8 78.1 82 83.6
0 0 0 0 0 0 0 0 0 0 0 0 0 0 0 0 0 0 0 0 0 0 0 0 0 0 0 0 0 0 0 0 0 0 0 0 0 0 0 0 0 0 0 0 0 0 0 0 0 1.3 22.7 74.2 76.2 70.8 69.1 70.1 72.6 75.3 77.4 80.8 76.4 71.9 75.1 78.6 81.7 85 87.3 88.2 91 92.7 95.3 96.3 95.9 95.7 94.9 93.3 93.1 93.4 93 90.3 89.8 89.7 90 90.2 89.5 89 90.5 89.5 87.9 86.7 85.3 83.9 81.3 80.4 83.9 85.8
0 0 0 0 0 0 0 0 0 0 0 0 0 0 0 0 0 0 0 0 0 0 0 0 0 0 0 0 0 0 0 0 0 0 0 0 0 0 0 0 0 0 0 0 0 0 0 0 0.7 14.8 64.7 75 78.3 73.8 77.2 77.9 76.2 77.6 81.2 81 79.8 75.4 78.4 82.2 83.6 85.1 87.5 88.7 90.1 93.6 93.9 95.6 96.3 97.8 98.5 98.1 99.1 99.5 101.5 101.1 97.2 95 95 94.2 93.7 92.4 93.4 91.4 91.6 89.5 87.9 86.3 82.4 78.7 84.1 86.1
0 0 0 0 0 0 0 0 0 0 0 0 0 0 0 0 0 0 0 0 0 0 0 0 0 0 0 0 0 0 0 0 0 0 0 0 0 0 0 0 0 0 0 0 0 0 0 0 31.6 62.9 74.9 76.5 75.3 79 80.7 78.1 78.9 79.5 81.4 81.7 79.2 77.7 79.8 83.4 85.8 87.8 87.1 88.8 91.2 92.3 94.8 94.4 95.2 96.7 99.3 101.1 102.7 104.1 106.1 105.8 105.8 102.2 99.8 100.1 98.4 96.6 95.5 94.3 93.3 93.1 92.3 89.7 86.8 81.9 79.9 85.7
0 0 0 0 0 0 0 0 0 0 0 0 0 0 0 0 0 0 0 0 0 0 0 0 0 0 0 0 0 0 0 0 0 0 0 0 0 0 0 0 0 0 0 0 0 0 0 0 0.7 22 76.5 79.5 78.9 78.6 80.3 79.7 79.4 81.6 81.3 81.8 78.3 78.3 80 84.5 86.8 89.7 89.3 88.1 91.6 94.6 93.5 93.8 94.9 96.2 98.8 102.2 105.7 108.8 110.7 110 109.3 106.9 104.4 104.8 104 103.4 101.6 98.9 97.8 96.5 95.8 94.9 90 87.1 82.6 81.5
0 0 0 0 0 0 0 0 0 0 0 0 0 0 0 0 0 0 0 0 0 0 0 0 0 0 0 0 0 0 0 0 0 0 0 0 0 0 0 0 0 0 0 0 0 0 0 0 14.3 46.1 79.5 81.9 83.2 85.1 82.6 81.1 80.2 81.2 82.4 80.3 80.4 80.6 81.6 83.4 85.2 86.6 86.8 88 87.8 90.4 91.9 93.8 94.6 96.2 98.5 101.7 105.6 109.4 113 114.6 112.8 111.3 108.9 107.9 107.4 106.9 104.2 101.5 100.6 99.7 97.8 97 93.4 90.9 87.7 81.5
0 0 0 0 0 0 0 0 0 0 0 0 0 0 0 0 0 0 0 0 0 0 0 0 0 0 0 0 0 0 0 0 0 0 0 0 0 0 0 0 0 0 0 0 0 0 0 0 23.7 73.9 77.9 81.5 85.3 84.4 84.3 83 81.7 81.9 81.9 81 81.5 82.8 83.9 85 85.1 86.4 87.2 88.5 89.1 90.6 92.3 93.9 95.6 97.3 99.7 101.1 104 108.3 111.3 114.5 114.9 114.2 112.6 110.8 110.3 109.1 107.5 104.9 103.4 102.4 99.7 97.6 96.4 93.2 90.3 86.2
0 0 0 0 0 0 0 0 0 0 0 0 0 0 0 0 0 0 0 0 0 0 0 0 0 0 0 0 0 0 0 0 0 0 0 0 0 0 0 0 0 0 0 0 0 0 0 11.6 78.1 79.4 78.4 80.5 83.3 84.7 84.9 84.4 83 83.2 82.5 81.5 81.6 81.8 86.1 87.4 87.2 88.1 89 91.4 93.1 94.1 94.6 96 99.5 99.5 101.5 104.3 103.6 106.8 112.7 113.8 115.7 116.5 117.2 116.3 113.3 112.7 111.7 111 109.3 106.2 103.8 100.9 98.4 95.5 92 88.2
0 0 0 0 0 0 0 0 0 0 0 0 0 0 0 0 0 0 0 0 0 0 0 0 0 0 0 0 0 0 0 0 0 0 0 0 0 0 0 0 0 0 0 0 0 0 11.4 76.5 80.3 83.9 84.1 83.6 84.9 87.1 86.5 85.6 85.5 86.1 86.1 83.4 83.3 82.6 85.7 90.1 89.8 90.1 91.9 94 96.3 98.1 98.1 99.5 101.3 100.8 103.1 104.4 104 104.8 107.9 113.2 116 117.4 118.1 118.4 116.8 116.8 114.7 114.2 112.6 110.4 108 105.3 102 98 93.1 89.1
0 0 0 0 0 0 0 0 0 0 0 0 0 0 0 0 0 0 0 0 0 0 0 0 0 0 0 0 0 0 0 0 0 0 0 0 0 0 0 0 0 0 0 0 0 0 77.1 78.9 81 85.4 85.4 85.2 84.6 85.4 85.8 86 86.6 89.1 90.9 91.3 85.3 83.8 85.2 88.5 91.9 93.4 93.9 95.3 97.5 100.8 102 104.1 105.8 106.7 103.9 104.6 106.3 106.1 106 108.8 114.4 116.9 118.8 119.5 120.1 120 117.8 116 114.9 113.8 111.7 108.2 101.6 99.1 94.2 89.3
0 0 0 0 0 0 0 0 0 0 0 0 0 0 0 0 0 0 0 0 0 0 0 0 0 0 0 0 0 0 0 0 0 0 0 0 0 0 0 0 0 0 0 0 0 0 53.6 67.7 79.1 83.1 84.8 84.6 85.5 85.5 85.9 86.4 86.5 87.4 91.4 92.5 90 84.7 85.7 91.4 94.7 96 97.4 96.5 97.8 100.4 103.9 106.7 107.5 109.9 110.8 105.8 105.4 105.7 105.7 107.3 112.7 116.3 117.7 119.6 121.3 121.5 120.3 118.9 117.4 116.3 112.2 108.5 103.3 98.9 94.3 89.7
0 0 0 0 0 0 0 0 0 0 0 0 0 0 0 0 0 0 0 0 0 0 0 0 0 0 0 0 0 0 0 0 0 0 0 0 0 0 0 0 0 0 0 0 0 0 10 41.8 74.2 80.3 85.6 86.6 85.9 86 86.4 86.6 87.4 86.1 88.1 87.9 84.1 83.6 83.9 93.1 95.8 97.8 97.7 97.9 98.8 100 102.8 105.5 108.6 108.1 108.1 104.8 103.3 103.6 104.4 106.9 110.1 114.7 118.2 119.7 120.3 119 120.3 118.6 116.9 117.6 115.7 112.1 103.7 98.3 91.5 88.4
0 0 0 0 0 0 0 0 0 0 0 0 0 0 0 0 0 0 0 0 0 0 0 0 0 0 0 0 0 0 0 0 0 0 0 0 0 0 0 0 0 0 0 0 0 0 0 3.3 19.7 49.9 85.8 91.1 89.4 86.4 86.5 87.7 89.4 87.2 86.8 86.1 84.5 84 84.1 85.8 90.4 96.3 99.3 101.6 103 104.1 102.7 104.2 106 107.5 108 104.7 103 103.1 104 105.6 108.8 113.2 114.6 118.6 116.5 115.4 115.9 113.8 113.6 114.8 113.3 107.5 99.2 94.8 89.9 87.7
0 0 0 0 0 0 0 0 0 0 0 0 0 0 0 0 0 0 0 0 0 0 0 0 0 0 0 0 0 0 0 0 0 0 0 0 0 0 0 0 0 0 0 0 0 0 0 0 27.7 58.3 86.3 94.9 90.7 88.6 87.4 87.5 88.5 89.2 90.3 91.3 87.1 85.1 85 86.3 90.3 94.7 99.6 103.1 105.2 108.3 108.2 105.7 105.3 105.1 104.7 102.7 101.2 101.8 104.3 104.7 106.3 111.3 111.1 112.3 110.3 110.3 106.6 106.4 106 104.8 101.3 94.5 87.7 86 86.6 85.3
0 0 0 0 0 0 0 0 0 0 0 0 0 0 0 0 0 0 0 0 0 0 0 0 0 0 0 0 0 0 0 0 0 0 0 0 0 0 0 0 0 0 0 0 0 0 0 6.6 30.1 64.7 88 95.2 93 93 91 90.5 90.5 90.8 90.9 91.2 91.4 85.9 86 87.7 92.3 96.1 100.1 103.1 105.6 107.6 107.9 106.5 104.9 103.4 102.2 101.1 99.5 98.5 98.6 101.9 102 106.6 105.6 104.2 103.8 103.7 102.4 100.1 97.3 93.4 87.7 84.2 83.5 83.9 83.9 85.3
0 0 0 0 0 0 0 0 0 0 0 0 0 0 0 0 0 0 0 0 0 0 0 0 0 0 0 0 0 0 0 0 0 0 0 0 0 0 0 0 0 0 0 0 0 0 0 12.9 41.6 64.5 95.2 95.6 96.4 96.3 96.1 95.5 94 94.4 95.3 94.6 90.3 87.5 86.7 88.7 93 98.1 102.2 105 106 107 105.7 105.2 106.8 103.6 103 101.8 100 99 97.7 95.3 96.5 99.4 99.6 99.4 99.6 100.2 99.7 96.4 92.1 87.5 84.3 82.8 82.8 82.5 81.8 83.4
0 0 0 0 0 0 0 0 0 0 0 0 0 0 0 0 0 0 0 0 0 0 0 0 0 0 0 0 0 0 0 0 0 0 0 0 0 0 0 0 0 0 0 0 0 0 15.7 32.4 55.8 89.5 99.2 100.9 101 101.9 102.7 102.3 103.1 100.3 98.2 96.2 93.5 90.6 90 89.9 90.8 95.8 101 106.2 107.4 108.8 105.7 105 104.4 104.1 103.5 102 100.3 99.7 98.2 95.5 93.1 93.8 95.1 94.9 95.1 94.2 92.6 90.5 87.5 85.7 84.2 83.7 82.5 82.3 82.3 82.2
0 0 0 0 0 0 0 0 0 0 0 0 0 0 0 0 0 0 0 0 0 0 0 0 0 0 0 0 0 0 0 0 0 0 0 0 0 0 0 0 0 0 0 0 31.1 60.6 71.6 74.2 78.8 95.4 101 104.4 105.3 105.8 108.2 111.3 109.6 105.1 101.7 99.2 97.3 96.4 96.3 96.4 95.5 92.1 95.5 102.8 105.9 107 106.8 106 105.7 105.8 105.2 104.9 101.6 101 100 97.2 95.8 92.8 92.2 91.2 90.3 89.5 88.4 86.5 85.4 87.4 86.2 86.2 85.4 86.5 85 85
0 0 0 0 0 0 0 0 0 0 0 0 0 0 0 0 0 0 0 0 0 0 0 0 0 0 0 0 0 0 0 0 0 0 0 0 0 0 0 0 0 0 0 0 40.1 47.4 76.4 80.5 85.3 95.9 100.5 103.1 107 110.4 112.9 115.9 115.4 114.3 110.2 106.3 104.3 102.3 100.9 101.8 98.6 97.3 93.4 97.1 104.8 105.1 104.9 106.8 108.5 111.3 111.8 112.7 112 109 105.6 104.5 102.1 96.6 93.7 92.3 92.4 90.7 89.1 89.5 88.6 89.5 88.3 88.3 88.5 89.2 89.6 88.3
0 0 0 0 0 0 0 0 0 0 0 0 0 0 0 0 0 0 0 0 0 0 0 0 0 0 0 0 0 0 0 0 0 0 0 0 0 0 0 0 0 0 0 0 0 50.9 67.4 76.5 90.4 91.5 96.6 100.8 106.3 112.7 115.8 117.5 119.6 118.6 115 110.8 108.2 105.7 102.8 100.8 98.2 98.5 92.1 91.8 96.9 97.6 100.3 104.3 108.7 112.8 114.8 115.2 114.7 112.3 109.9 106.9 106.2 99.1 96.5 93.4 93.1 91.6 90.4 90.3 89.8 90.1 90.8 90.6 91.7 91.9 92.7 92.5
0 0 0 0 0 0 0 0 0 0 0 0 0 0 0 0 0 0 0 0 0 0 0 0 0 0 0 0 0 0 0 0 0 0 0 0 0 0 0 0 0 0 0 0 1.9 25 51.6 94.7 98.8 101.3 102.8 104 107.7 111 115.7 116.6 117.9 119.8 117.9 116.3 113.2 108.9 106.7 103.3 97.3 98.2 89.5 85.1 87 90.4 95.6 102.4 107 111 113.6 114 114.2 112.8 110.1 108 103.4 100.1 97.2 95.1 94.2 92.9 91.7 91.2 90.8 91 91.1 92 93.3 94.6 95.4 96.4
0 0 0 0 0 0 0 0 0 0 0 0 0 0 0 0 0 0 0 0 0 0 0 0 0 0 0 0 0 0 0 0 0 0 0 0 0 0 0 0 0 0 0 0 17.2 56.8 84.1 101.3 103.2 104.2 105.3 106.7 108.8 112 115.2 117.8 118.3 120.3 121.3 120.4 119.2 114.5 109.3 104.5 99.5 94.1 88 80.8 77.7 80.2 90.9 99.2 106.8 111.8 114.1 113 113.1 112.1 107.3 105.8 103.1 100.4 97.7 96.4 95.3 94.2 93 91.7 91.7 91.7 91.6 92.2 92.9 94 95.5 96.3
0 0 0 0 0 0 0 0 0 0 0 0 0 0 0 0 0 0 0 0 0 0 0 0 0 0 0 0 0 0 0 0 0 0 0 0 0 0 0 0 0 0 0 29 68.9 101.7 104.9 106.3 107 108.6 108.4 109.7 111.5 113.5 116.5 118.8 120.4 122.1 121.9 121.3 120.7 117.8 113.6 109.8 103.5 98.7 90.2 80.6 74.9 76.6 86.2 95.6 106.3 110.6 111.9 110.1 108.8 106.5 103.3 101.8 98.7 98.5 97 95.9 95.5 94.5 93.5 92.9 92.4 92.3 92.3 92.2 92.6 93.2 94.5 95.9
0 0 0 0 0 0 0 0 0 0 0 0 0 0 0 0 0 0 0 0 0 0 0 0 0 0 0 0 0 0 0 0 0 0 0 0 0 0 0 0 0 25.3 46.1 91 107.7 110.2 111.9 111.4 114.1 113.1 114.2 112.7 113.9 117.3 119.4 121.6 122.5 123.2 122.9 122.8 123.4 121.5 117.1 111.9 104.6 97.7 88.9 78 72.6 71.8 80.6 88.8 98.4 105.8 107.6 106.5 106.7 102.6 97.4 96.2 96.2 96.3 96.9 96 95.5 95 94.9 94.3 93.7 93.5 93.8 93.3 93.2 93.5 94.2 94.7
0 0 0 0 0 0 0 0 0 0 0 0 0 0 0 0 0 0 0 0 0 0 0 0 0 0 0 0 0 0 0 0 0 0 0 0 0 0 0 0 13.1 72.4 99 111.6 114 116.8 118.4 120.2 118.9 118.8 117.1 116.2 116.3 118 121 124 125.1 124.8 124.3 123.6 122.6 120 116.8 111.1 103.9 97.2 89 83.2 69.5 66.6 75.3 82.3 89.3 95.6 100.4 105.2 99.4 90.2 89.8 91 92.3 94.9 96.6 97.1 97.3 96.7 94.5 94 94.4 95.1 94.9 94.5 93.9 94.4 95.7 97.6
0 0 0 0 0 0 0 0 0 0 0 0 0 0 0 0 0 0 0 0 0 0 0 0 0 0 0 0 0 0 0 0 0 0 0 0 0 0 0 13.1 53.1 37.4 86.8 116.8 118.7 122.8 120.5 120.8 121.5 123.6 123.1 121.6 120.5 121.3 122.4 125 126 125.7 125.6 124.1 122.5 120.4 116.4 110.9 104 96.4 88 80.7 71.7 61.8 69.3 76.8 83.9 90.2 94.5 99.5 87.8 84.1 84.9 89.5 93.2 95.4 96.9 95.9 94.4 93.7 91.7 91.7 93.1 94.5 95.5 95.1 94.8 95.8 98.4 102.7
0 0 0 0 0 0 0 0 0 0 0 0 0 0 0 0 0 0 0 0 0 0 0 0 0 0 0 0 0 0 0 0 0 0 0 0 0 0 0 0 0 5.5 70.5 119.2 125.7 129.1 121 101.3 102.6 106.6 121.4 122.9 123.1 122.7 123.4 125.3 125.4 125 125.4 124.6 122.9 119.5 114.1 111.7 105.3 93.2 86.2 76 68.6 59.9 64.4 69.2 76.3 80.3 86.3 81.4 82.3 78.8 82 86.8 90.3 94.7 96.2 92.9 90.4 88.3 86.4 88.8 92.2 93.7 96 95.8 96.7 99.2 101.8 106.1
0 0 0 0 0 0 0 0 0 0 0 0 0 0 0 0 0 0 0 0 0 0 0 0 0 0 0 0 0 0 0 0 0 0 0 0 0 0 0 0 0 28.5 90.1 118.3 129.2 119.9 76.8 63.2 61.6 77.5 121 124.1 124 123.8 123.3 123.8 124 124.2 123 120.3 115.7 113.7 111.2 107.6 100.4 86.4 81.8 74.4 65.2 54.4 55 60.5 67.4 66.3 72.4 74.8 75.8 74.7 77.7 81.7 86.4 88.4 91.6 91.6 85.9 78.5 78.7 84.5 90.8 93.7 96.3 98.1 100 102.9 107.8 112.4
0 0 0 0 0 0 0 0 0 0 0 0 0 0 0 0 0 0 0 0 0 0 0 0 0 0 0 0 0 0 0 0 0 0 0 0 0 0 0 0 24 62.4 96 65 32.6 70.9 41.8 27.3 27.6 50.1 111.4 123.9 124.1 120.5 117.8 120.8 122.6 121 117.3 114.3 112.2 109.3 105.1 95.8 85 80.4 76.9 71 63.7 56.6 38.7 42.4 51.5 58.3 63.6 67 70.5 71.4 74.1 77.5 79.8 81.5 81.3 88.7 87 76.7 74 80.8 91.1 93.5 97.5 103.6 107.6 113.4 115.5 118.6
0 0 0 0 0 0 0 0 0 0 0 0 0 0 0 0 0 0 0 0 0 0 0 0 0 0 0 0 0 0 0 0 0 0 0 0 0 0 0 0 0 42.4 17.5 0 0 0 0 0 4.8 18.1 58.2 121.1 118 111.1 103.7 116.3 117.7 115.6 114.2 111.7 109 105.2 88.5 81.4 72.6 68.8 61.2 63.1 53.1 44.8 32 23.5 35.6 50.1 55.5 58.9 64.4 69.2 71 73.1 74.3 73.8 73.3 74.1 71.7 70.5 71.2 76.3 86.4 97.2 100 104.7 112.8 122.9 126.1 128.4
0 0 0 0 0 0 0 0 0 0 0 0 0 0 0 0 0 0 0 0 0 0 0 0 0 0 0 0 0 0 0 0 0 0 0 0 0 0 0 0 0 0.5 0 0 0 0 0 0 0 2.3 28.9 63.8 83.6 83.1 81.9 98 91.8 87.7 102.2 92.1 75.5 82.1 61.6 52.9 44.2 36.5 25.1 52.8 33.9 10.4 9.8 12.1 20.7 26 48.1 56.6 58.7 62.4 64.4 67 69.2 68.4 68.9 68.1 68.9 68.5 69.6 74.6 83.5 93.7 99.3 104.7 112.9 119.9 132.4 140.3
0 0 0 0 0 0 0 0 0 0 0 0 0 0 0 0 0 0 0 0 0 0 0 0 0 0 0 0 0 0 0 0 0 0 0 0 0 0 0 0 0 0 0 0 0 0 0 0 0 0 2.9 23 44.2 35.1 47 52.5 39.2 40.9 68.3 69.4 50.9 27.7 8.5 10.1 23.1 6.2 6.3 42.2 7.6 5.6 6.2 7.3 11.3 41.5 57.9 58.6 58.7 61.7 63.6 64.8 65.8 66.7 66.9 68.2 68 68.6 69.4 74.8 84.4 93.9 107.8 114.7 118.7 122.2 125.5 137
