WholeMapElevations/data/nf/nf98_OST50GRID_20230518/NF98.asc
ncols 200
nrows 200
xllcorner 90000
yllcorner 880000
cellsize 50
[rows 152 to 189 of 200, columns 0 to 83 of 200]
-2.1 -2.1 -2.1 1.1 4 10.7 11.2 6.8 5.4 4.8 4.8 4.8 5.3 5.2 5.1 5.3 5.8 5.6 6.2 6.1 6.8 7.4 6.9 7.1 7.8 7.2 6.9 6.8 6.7 6.5 6 7.4 7.4 7.4 7.4 7.4 7.4 7.4 7.7 9.3 15.2 20.8 26.9 27.1 28.2 31.1 28.5 29.9 33.5 36.5 26.1 30.5 30.1 27.3 23.1 16 18.7 18.8 12.5 13.9 12.3 10.5 11.6 9.8 8.6 11.3 5.1 1.4 0.2 -0.9 -2.1 -2.1 -2.1 -2.1 -2.1 -2.1 -2.1 -2.1 -2.1 -2.1 -2.1 -2.1 -2.1 -2.1
-2.1 -2.1 0.1 2.2 8.4 10.2 9.3 5.8 5 5.2 4.9 4.6 5.2 5.1 5.1 5.9 5.7 5.7 5.7 6.6 6.6 7 7.1 7.6 7 7.6 6.9 6.3 6 5.8 7.4 7.4 7.4 7.4 7.4 7.4 8.4 7.4 7.8 10.3 15.2 24.5 28.6 29.4 30.1 29.3 31.8 28.1 29.7 35.4 33.5 18.6 25.9 23.5 22.1 17.3 15.3 18 15.7 12.9 10.6 10.3 11 10 8.2 12.3 3.8 0.5 -0.8 -2.1 -2.1 -2.1 -2.1 -2.1 -2.1 -2.1 -2.1 -2.1 -2.1 -2.1 -2.1 -2.1 -2.1 -2.1
-2.1 -0.7 1 6.9 11.2 11.3 6.8 5.5 4.7 4.6 4.9 4.6 5 5.1 5.3 5.2 5.3 5.8 5.7 6.3 6.7 6.8 7.3 7.6 7 7 6.7 6.5 6 5.4 7.4 7.4 7.4 7.4 7.4 7.4 11.9 8.8 7.5 9.3 14.6 24.9 31.5 31.5 32.2 31.9 31.9 28.1 26.8 30.9 31.7 17 21.4 20.3 19.2 18.6 14.7 13.8 13.2 8.7 13.5 10.2 9.7 8.6 7.8 11.1 2.8 0 -2.1 -2.1 -2.1 -2.1 -2.1 -2.1 -2.1 -2.1 -2.1 -2.1 -2.1 -2.1 -2.1 -2.1 -2.1 -2.1
-2.1 0.4 2.7 12.6 9.1 7 6.2 5.4 5 4.7 4.3 4.5 4.9 5.1 5.1 5.1 5.1 5.3 5.6 6.1 6.6 6.5 7 7.1 6.7 7 6.9 6.6 5.6 7.4 7.4 7.4 7.4 7.4 7.4 8 13.5 12.1 7.3 9.7 14.3 23.3 31.1 32.7 36.2 34.5 29.9 27.3 25.3 25.4 27.2 19.1 17.8 17.3 16.5 18.1 15.6 13 11.9 12.3 6.7 10.8 9.5 8.6 7.9 9 2.5 -0.3 -2.1 -2.1 -2.1 -2.1 -2.1 -2.1 -2.1 -2.1 -2.1 -2.1 -2.1 -2.1 -2.1 -2.1 -2.1 -2.1
-0.1 1.5 8.5 13.2 9.2 5 5.1 4.6 4.5 4.4 4.2 4.5 4.6 4.9 5 5 5 5.5 5.6 6.6 6.5 6.3 6.4 7 6.4 6.6 6.8 6.7 7.4 7.4 7.4 7.4 7.4 7.4 7.4 11 16.9 15.8 9.3 12 14.7 19.3 25.6 32.9 36.2 33.5 29.5 26 21.7 20.4 23.8 20.6 17.2 17.2 20 14.6 14.4 14 12.8 10.8 6.9 9.6 8.6 9.2 8.4 9.3 3.1 0.3 -2.1 -2.1 -2.1 -2.1 -2.1 -2.1 -2.1 -2.1 -2.1 -2.1 -2.1 -2.1 -2.1 -2.1 -2.1 -2.1
1.1 5.4 15.9 11.2 7.2 4.8 4.9 4.2 4.7 4.3 4.2 4.5 4.7 4.7 4.8 4.8 5.2 5.5 6 5.8 6.1 6.2 6.3 6.6 6.7 6.4 6.4 6.6 7.4 7.4 7.4 7.4 7.4 7.4 7.4 10.9 19.5 19.6 15.3 13.8 14.1 17.5 20.9 31.8 35.1 29.5 24.8 23.7 17.9 16.8 17.9 15.9 12.2 15.4 18.3 19.1 18 13.1 13.6 12.8 9.6 6.3 7.2 8.8 9.2 10.3 5.1 1 -0.7 -2.1 -2.1 -2.1 -2.1 -2.1 -2.1 -2.1 -2.1 -2.1 -2.1 -2.1 -2.1 -2.1 -2.1 -2.1
2.8 13 9 7.2 5.1 4.6 4.5 4 4.4 4.7 4.2 4.5 4.9 5 4.7 5.8 5.3 5.5 6.2 6.6 6.5 6.5 6.4 6.7 6.7 6.6 6.3 6.1 7.4 7.4 8.3 10.4 15.4 13.3 11.5 18.2 19.2 21.7 21.7 13.8 12 21 19.8 24.3 32.3 27.9 24.6 22.1 20.4 11.5 10.5 10.7 8.9 8.9 16.8 17.4 17.1 17.2 14.4 11.9 9.6 6.4 6.8 8.1 9.7 11.5 8.8 1.6 0 -2.1 -2.1 -2.1 -2.1 -2.1 -2.1 -2.1 -2.1 -2.1 -2.1 -2.1 -2.1 -2.1 -2.1 -2.1
6.5 14.4 7 5.5 4.5 4.2 4 3.9 3.9 4.1 4.6 4.4 4.6 4.8 5.5 5.1 6 5.8 6.3 6.2 6.1 6.2 7 6.2 5.9 6.2 5.4 7.1 10.7 10.7 15.5 17.3 22.6 23 16.1 17.6 19.1 21.8 24.2 23.6 12.2 13.9 21 24.5 31.8 22.9 21.5 21 17.9 14.6 9.2 11.3 9.3 7.9 11.1 17.5 17.7 16.7 16 10.7 10 10.2 5.8 7.6 5.2 10 8.3 1.7 0.2 -1.2 -2.1 -2.1 -2.1 -2.1 -2.1 -2.1 -2.1 -2.1 -2.1 -2.1 -2.1 -2.1 -2.1 -2.1
15.2 11.3 6.3 5.3 4.2 4.3 4.3 4.3 4.1 4 4.4 4.2 4.8 4.7 5.1 5.4 5.5 5.6 5.8 5.8 6.2 6 7 5.8 5.5 5.3 6.3 8.6 13.9 17.8 19.1 21.3 29.5 29.7 28.5 21.7 22.9 21.7 21.3 22.5 11.9 15.7 21.3 26.6 29.3 30.7 27 24.4 19.4 13.5 7.2 6.3 9.7 8 8 15.6 15.5 13.5 15.3 9.1 9.3 10 6.1 6.5 5.5 7.6 8.2 1.7 0.2 -1.3 -2.1 -2.1 -2.1 -2.1 -2.1 -2.1 -2.1 -2.1 -2.1 -2.1 -2.1 -2.1 -2.1 -2.1
12.3 8.1 5.4 5.1 4.3 4.2 4.1 4.4 4 4.7 4.7 4.8 4.4 4.8 5 6.5 5.7 5.6 5.6 5.7 6.5 6.3 6.2 5.9 5.7 5.2 6.6 7.7 13 20.3 23.7 25.7 33.2 35.2 35.4 28.9 21 24.2 19.4 21 18.3 12.8 17.7 23.6 22.8 28.7 25.7 23.7 18.1 11.6 6.3 1.5 3.9 6.5 7.1 5.7 11.5 12 10.3 11 4.8 6.5 4.9 5.6 5.5 6.4 8.1 2.1 0.2 -2.1 -2.1 -2.1 -2.1 -2.1 -2.1 -2.1 -2.1 -2.1 -2.1 -2.1 -2.1 -2.1 -2.1 -2.1
8.7 6.3 4.7 4.6 4.2 4.4 3.9 4.1 4.1 4.7 4.5 4.6 4.9 5.4 5.2 5.3 5.9 5.2 5.5 5.6 6.4 6.6 6.4 6.1 5.8 5.7 6.3 8.6 14.3 20.9 26.3 31 39.1 40.9 42.3 35.7 27.9 24.5 18.3 19.5 19.3 12.9 13.7 16.8 17.1 20.8 22.2 19.1 12.9 5.6 1.3 0.4 1 2.3 5.4 4.1 3.9 9.3 10 10.1 9 3.6 3.6 4.7 10 4.8 8.9 3.5 0.2 -2.1 -2.1 -2.1 -2.1 -2.1 -2.1 -2.1 -2.1 -2.1 -2.1 -2.1 -2.1 -2.1 -2.1 -2.1
6.8 5.3 4.4 4.4 4 4 3.9 4.5 4.1 4.3 4.9 4.5 4.5 5 4.5 4.7 4.9 5.5 5.6 5.7 6.3 6.6 6.4 6.7 5.9 5.9 6.8 10.9 15.4 22.3 26.5 32.9 40.3 46.8 47.4 42 34.9 24.5 22.2 16 16.5 13.3 9 8.7 13.8 11.5 16 15.1 4.6 -2.1 -2.1 -2.1 -2.1 0.2 1.6 2.5 3.4 4.6 8.6 9.9 11.3 3.6 3.6 4.5 6.4 6.1 8.2 6.6 0.5 -1 -2.1 -2.1 -2.1 -2.1 -2.1 -2.1 -2.1 -2.1 -2.1 -2.1 -2.1 -2.1 -2.1 -2.1
5.2 3.9 4.3 4 3.9 4.4 4.1 4.6 4.8 4.3 4.7 4.3 4.3 4.9 4.6 4.7 5.2 5.3 5.7 6.3 6 6.2 5.9 5.8 7.5 7.5 7.9 12.2 17.4 22.7 28.1 33.3 41.2 47.1 47.5 46.4 38 29.6 19.5 16.6 14.2 11.8 10.1 8.3 4.5 5.8 6.7 7.2 5.5 -2.1 -2.1 -2.1 -2.1 -2.1 1.1 2 1.9 3.9 6.2 8 11 10.9 3.8 3.6 4.8 4.6 6.6 5.2 1.1 -0.4 -2.1 -2.1 -2.1 -2.1 -2.1 -2.1 -2.1 -2.1 -2.1 -2.1 -2.1 -2.1 -2.1 -2.1
5.7 4.1 4.7 4 4.2 4.3 4.5 4.6 4.2 4.6 4.6 4.9 4.4 4.5 4.6 4.7 5.2 5.6 5.6 5.8 5.9 6.1 5.7 5.3 7.5 7.5 7.7 13.8 20.2 24.8 30.2 38 42.9 46.5 47.1 45.2 40.8 27.9 21.8 14.8 11.6 9.9 1.8 -2.1 2.8 1.7 -2.1 1.6 1 -2.1 -2.1 -2.1 -2.1 -2.1 -2.1 1.4 1.9 1.9 1.9 6.1 9.8 16.2 8 4 4.3 5.1 5.7 5.6 1.3 -0.2 -2.1 -2.1 -2.1 -2.1 -2.1 -2.1 -2.1 -2.1 -2.1 -2.1 -2.1 -2.1 -2.1 -2.1
4.8 5.1 4.2 3.7 3.8 3.9 4 4.4 4.1 4.3 4.9 4.6 4.2 4.3 4.4 4.7 5.5 7.3 6 6.1 6 6 5.8 5.8 7.5 7.5 7.6 15.3 20 26.6 33.2 41 48.3 49.8 48.7 46.6 41.2 31.5 22.4 12.6 7.1 7.4 2.4 -2.1 -2.1 -2.1 -2.1 -2.1 -2.1 -2.1 -2.1 -2.1 -2.1 -2.1 -2.1 -2.1 0.8 1.9 1.9 1.9 14.2 19.4 12.5 6.9 5.1 4.7 5.1 5 1.5 0 -2.1 -2.1 -2.1 -2.1 -2.1 -2.1 -2.1 -2.1 -2.1 -2.1 -2.1 -2.1 -2.1 -2.1
4.8 4.1 4.1 3.9 3.7 4.3 4.3 4.3 4.4 4.6 4.8 4.5 4.3 4.4 4.8 6.2 7.8 9.8 9.4 6.4 6.1 6 6 5.1 6.5 6.9 7.4 12.6 21.2 30.3 36.9 45.9 54.8 57.2 55.1 49.5 42.6 31 21.6 12.7 6.3 3.1 1 -2.1 -2.1 -2.1 -2.1 -2.1 -2.1 -2.1 -2.1 -2.1 -2.1 -2.1 -2.1 -2.1 -2.1 0.7 2.4 3.9 11.2 17.6 15.7 9 5.6 5.7 7.1 4.7 1.6 -0.1 -2.1 -2.1 -2.1 -2.1 -2.1 -2.1 -2.1 -2.1 -2.1 -2.1 -2.1 -2.1 -2.1 -2.1
4.7 4.2 3.9 4.3 4.1 4 4.4 4 4.3 4.2 4.3 4.5 4.5 4.5 5.5 6.7 7.8 8.5 7.4 7.3 6.6 6.3 6 5.2 6.5 7.9 8.3 14.9 21.9 33.3 42 52.9 59.2 61.5 57.6 52.1 43.3 34.7 28 18 10.8 1.8 -2.1 -2.1 -2.1 -2.1 -2.1 -2.1 -2.1 -2.1 -2.1 -2.1 -2.1 -2.1 -2.1 -2.1 -2.1 -2.1 4.7 7.9 8 10.6 12.9 9.8 6.9 5.7 6.9 5.1 1.7 -0.5 -2.1 -2.1 -2.1 -2.1 -2.1 -2.1 -2.1 -2.1 -2.1 -2.1 -2.1 -2.1 -2.1 -2.1
4.4 4.2 4.2 4 3.8 4 4.5 4.2 4 4.2 4.2 4.3 4.5 4.6 6.5 7.6 7.6 7.5 6.7 6.4 6.3 6.2 5.9 5.9 7.6 9.3 10.8 13.2 23.3 34.7 47 60 65 65.1 62.5 55.7 47.4 36.9 31.4 21.5 13 6 -2.1 -2.1 -2.1 -2.1 -2.1 -2.1 -2.1 -2.1 -2.1 -2.1 -2.1 -2.1 -2.1 -2.1 -2.1 -2.1 -2.1 8.8 8.3 7.7 8.8 6.5 7.4 6.7 6.8 5.4 0.9 -2.1 -2.1 -2.1 -2.1 -2.1 -2.1 -2.1 -2.1 -2.1 -2.1 -2.1 -2.1 -2.1 -2.1 -2.1
4.5 4.5 4.3 4.4 4.1 4.3 4 4.5 4.3 4.3 4.2 4.4 4.5 4.7 4.8 7 8.7 7.9 6.3 5.9 5.8 5.9 5.6 6 8.5 11.1 14.1 15.3 23.6 36.9 49 59.5 72.1 76.1 70.3 63.1 54.6 44.4 31.9 20.8 13.4 7.6 -2.1 -2.1 -2.1 -2.1 -2.1 -2.1 -2.1 -2.1 -2.1 -2.1 -2.1 -2.1 -2.1 -2.1 -2.1 -2.1 -2.1 -2.1 7.9 9 5.7 4.8 5.5 7.9 4.8 1.5 0 -2.1 -2.1 -2.1 -2.1 -2.1 -2.1 -2.1 -2.1 -2.1 -2.1 -2.1 -2.1 -2.1 -2.1 -2.1
4.5 4 3.8 3.7 3.8 4.4 4.1 3.9 4.2 4.1 4.4 4.4 4.6 4.6 4.5 5.6 7.1 6.1 5.9 5.8 5.6 5.8 4.4 6.5 7.5 11.7 16.1 16.1 24.1 37 46.9 65.8 77.2 82.1 77.6 70.9 61 50.2 37.5 25.9 18.2 9.9 5.6 -2.1 -2.1 -2.1 -2.1 -2.1 -2.1 -2.1 -2.1 -2.1 -2.1 -2.1 -2.1 -2.1 -2.1 -2.1 -2.1 -2.1 -2.1 7.3 7.8 4.7 5 3.2 1.2 -0.2 -2.1 -2.1 -2.1 -2.1 -2.1 -2.1 -2.1 -2.1 -2.1 -2.1 -2.1 -2.1 -2.1 -2.1 -2.1 -2.1
4.2 3.9 4.3 4.1 4.4 4.3 4 4.2 4.1 4.3 4.3 4.4 4.3 4.3 4.3 5.2 4.8 5.9 7.2 6 5.6 4.4 5.2 6.3 8.8 11.9 16.4 20.9 24.3 36.5 47.7 58.2 78.9 83.8 82.2 74.1 64.9 55.3 43 29.7 20.5 11.4 8 -2.1 -2.1 -2.1 -2.1 -2.1 -2.1 -2.1 -2.1 -2.1 -2.1 -2.1 -2.1 -2.1 -2.1 -2.1 -2.1 -2.1 -2.1 -2.1 3.9 3.1 1.1 0.4 -2.1 -2.1 -2.1 -2.1 -2.1 -2.1 -2.1 -2.1 -2.1 -2.1 -2.1 -2.1 -2.1 -2.1 -2.1 -2.1 -2.1 -2.1
4.5 3.8 3.9 4.5 4.4 4.3 3.8 3.7 4.4 4.3 4.2 4.3 4.3 4.2 4.2 4.9 4.6 5.1 5.9 4.6 3.4 5.8 5.6 7.1 10.4 12.9 19 22.2 26.3 32.8 45.5 56.7 65.8 79.6 78.5 74.4 66.7 58.1 47.3 37.2 26.9 15.7 9.3 4.9 -2.1 -2.1 -2.1 -2.1 -2.1 -2.1 -2.1 -2.1 -2.1 -2.1 -2.1 -2.1 -2.1 -2.1 -2.1 -2.1 -2.1 -2.1 -2.1 -2.1 -2.1 -1.4 -2.1 -2.1 -2.1 -2.1 -2.1 -2.1 -2.1 -2.1 -2.1 -2.1 -2.1 -2.1 -2.1 -2.1 -2.1 -2.1 -2.1 -2.1
4.4 4.6 4.4 3.9 4 3.7 4.3 3.6 3.9 4.2 4.1 4 4.2 4.5 4.3 4.2 4.5 4.7 4.5 3.7 4.1 5.5 6.6 8.2 12.5 14.2 20.7 27 26.3 31.2 37.7 48.8 59.5 67.3 73.6 69.4 62.7 54.8 48.8 40.4 31.7 21.3 13.4 6.5 -2.1 -2.1 -2.1 -2.1 -2.1 -2.1 -2.1 -2.1 -2.1 -2.1 -2.1 -2.1 -2.1 -2.1 -2.1 -2.1 -2.1 -2.1 -2.1 -2.1 -2.1 -2.1 -2.1 -2.1 -2.1 -2.1 -2.1 -2.1 -2.1 -2.1 -2.1 -2.1 -2.1 -2.1 -2.1 -2.1 -2.1 -2.1 -2.1 -2.1
4.5 4.7 4.6 4.3 4.1 3.8 3.7 3.9 3.4 4.1 4 3.8 3.9 4.1 4.4 4.7 4.6 4.5 4.3 4 4.3 5.8 7 10.4 14.1 17 18.8 27 28.1 28.7 32.7 37.9 46.6 55.8 59.6 61 59.2 52.9 48.2 39 32.1 24.4 17.6 11.1 -2.1 -2.1 -2.1 -2.1 -2.1 -2.1 -2.1 -2.1 -2.1 -2.1 -2.1 -2.1 -2.1 -2.1 -2.1 -2.1 -2.1 -2.1 -2.1 -2.1 -2.1 -2.1 -2.1 -2.1 -2.1 -2.1 -2.1 -2.1 -2.1 -2.1 -2.1 -2.1 -2.1 -2.1 -2.1 -2.1 -2.1 -2.1 -2.1 -2.1
4.2 3.9 3.9 4.3 4 3.7 3.6 3.6 3.5 3.8 3.9 3.7 3.6 3.8 4.1 4.3 4.4 4.3 3.8 2.9 4.3 7.4 11.4 12.5 14.5 17.8 19 22.9 25.2 26 27.2 31.7 35.6 42.2 47.7 50.9 50.7 48.3 44.3 37.4 30.5 24.1 17 12.3 6 -2.1 -2.1 -2.1 -2.1 -2.1 -2.1 -2.1 -2.1 -2.1 -2.1 -2.1 -2.1 -2.1 -2.1 -2.1 -2.1 -2.1 -2.1 -2.1 -2.1 -2.1 -2.1 -2.1 -2.1 -2.1 -2.1 -2.1 -2.1 -2.1 -2.1 -2.1 -2.1 -2.1 -2.1 -2.1 -2.1 -2.1 -2.1 -2.1
3.8 4.4 4.2 4.2 3.9 3.6 3.5 3.5 3.5 3.1 3.7 3.5 3.4 3.5 3.9 4.1 4 4 3.9 3.6 4.2 8.3 13.1 15.1 17.1 19 18.7 21.6 21.7 23.2 25.4 26.6 29.3 31.9 35.8 39.3 41.4 40.3 38.3 33.6 29.2 23.8 17.4 11.2 -2.1 -2.1 -2.1 -2.1 -2.1 -2.1 -2.1 -2.1 -2.1 -2.1 -2.1 -2.1 -2.1 -2.1 -2.1 -2.1 -2.1 -2.1 -2.1 -2.1 -2.1 -2.1 -2.1 -2.1 -2.1 -2.1 -2.1 -2.1 -2.1 -2.1 -2.1 -2.1 -2.1 -2.1 -2.1 -2.1 -2.1 -2.1 -2.1 -2.1
3.7 4.2 4 4.3 3.9 3.6 3.5 3.5 3.5 3.8 3.6 3.4 3.9 4.1 3.8 3.6 3.5 3.5 2.5 3.7 8.3 10.9 11.7 13.8 17.8 21.3 21.7 20.5 20.6 20.1 21.6 22.4 24.5 25.8 28.2 30 33 32.9 31.1 29.3 27.4 21.5 13.4 9.8 5.7 -2.1 3.4 -2.1 -2.1 -2.1 -2.1 -2.1 -2.1 -2.1 -2.1 -2.1 -2.1 -2.1 -2.1 -2.1 -2.1 -2.1 -2.1 -2.1 -2.1 -2.1 -2.1 -2.1 -2.1 -2.1 -2.1 -2.1 -2.1 -2.1 -2.1 -2.1 -2.1 -2.1 -2.1 -2.1 -2.1 -2.1 -2.1 -2.1
3.9 3.8 4 4.3 4.3 3.6 3.8 4 4.2 4.1 3.4 3.5 3.8 3.5 3.4 3.2 3.2 3.2 3.2 5.8 10.6 11.5 14.3 14.9 16.5 20.8 27.5 23.7 20.9 19.1 17.8 18.2 19.5 20.8 22.5 23.4 24.6 25.4 24.6 22.3 22.5 17.5 11.3 9.1 5.3 6.5 5 -2.1 -2.1 -2.1 -2.1 -2.1 -2.1 -2.1 -2.1 -2.1 -2.1 -2.1 -2.1 -2.1 -2.1 -2.1 -2.1 -2.1 -2.1 -2.1 -2.1 -2.1 -2.1 -2.1 -2.1 -2.1 -2.1 -2.1 -2.1 -2.1 -2.1 -2.1 -2.1 -2.1 -2.1 -2.1 -2.1 -2.1
4 4.4 3.9 4.4 4.3 4.2 4 3.8 3.5 3.7 3 3.1 3.1 3.1 3.1 3 3 3 3.1 7.6 12.3 16.7 17.9 21.6 23.9 26.8 29.4 27.3 22.7 20.7 17.5 14.2 15.4 16 17.1 16.4 16.1 17.7 17.7 18.5 17.7 12.9 12.2 6.9 4.2 4.3 4.2 -2.1 -2.1 -2.1 -2.1 -2.1 -2.1 -2.1 -2.1 -2.1 -2.1 -2.1 -2.1 -2.1 -2.1 -2.1 -2.1 -2.1 -2.1 -2.1 -2.1 -2.1 -2.1 -2.1 -2.1 -2.1 -2.1 -2.1 -2.1 -2.1 -2.1 -2.1 -2.1 -2.1 -2.1 -2.1 -2.1 -2.1
4.2 4.5 4.3 4 3.9 3.9 3.8 3.7 3.4 3.3 2.7 2.8 2.7 2.6 2.6 2.7 2.7 1.9 3.2 8.1 20 22.9 23.7 27.4 31.6 31.2 29.2 27.8 27.2 22.9 19.8 13.9 10.9 10.1 12.3 11 11.2 12.5 12.1 13.5 12 9.5 10.7 6.1 2.4 1.7 1.3 2.2 -2.1 -2.1 -2.1 -2.1 -2.1 -2.1 -2.1 -2.1 -2.1 -2.1 -2.1 -2.1 -2.1 -2.1 -2.1 -2.1 -2.1 -2.1 -2.1 -2.1 -2.1 -2.1 -2.1 -2.1 -2.1 -2.1 -2.1 -2.1 -2.1 -2.1 -2.1 -2.1 -2.1 -2.1 -2.1 -2.1
4.5 4.3 4.2 4 3.6 3.5 3.7 3.5 3.2 2.6 2.4 2.4 2 2 2.3 2.3 2.5 2.1 5.7 12 22.4 28.9 27.8 32.9 33.9 31.8 29.2 29.7 30.8 28.2 22.6 16.9 9.4 7.7 7.7 8.6 6.7 5.9 8.1 8.6 8.9 9.1 7.5 3.4 1.7 1.9 1.9 3.4 2.7 -2.1 -2.1 -2.1 -2.1 -2.1 -2.1 -2.1 -2.1 -2.1 -2.1 -2.1 -2.1 -2.1 -2.1 -2.1 -2.1 -2.1 -2.1 -2.1 -2.1 -2.1 -2.1 -2.1 -2.1 -2.1 -2.1 -2.1 -2.1 -2.1 -2.1 -2.1 -2.1 -2.1 -2.1 -2.1
4.3 4.2 4 3.9 3.5 3.1 3.4 3 2.6 2.3 2.1 1.9 1.7 1.7 2.3 2.5 2.1 1.9 11 18.4 24.5 29.5 29.9 33.6 35.8 32.9 31.4 30 32.4 31.9 26.6 18.6 12 6.7 6.3 8.1 4.2 1.5 1.9 2 4.7 1.9 1.4 1.6 1.9 1.9 1.6 1.9 1.1 -2.1 -2.1 -2.1 -2.1 -2.1 -2.1 -2.1 -2.1 -2.1 -2.1 -2.1 -2.1 -2.1 -2.1 -2.1 -2.1 -2.1 -2.1 -2.1 -2.1 -2.1 -2.1 -2.1 -2.1 -2.1 -2.1 -2.1 -2.1 -2.1 -2.1 -2.1 -2.1 -2.1 -2.1 -2.1
4.1 4 3.8 3.7 3.6 2.7 3.1 2.7 2.6 2.1 1.9 1.9 1.9 1.9 1.9 2 1.8 2.5 13.3 22.3 27.4 31.2 32.5 35 35 35.4 34.7 31.9 34.7 33.2 29.2 22.2 15.5 8.8 5.3 1.3 4.4 1.9 0.7 -0.1 -2.1 -2.1 -2.1 -2.1 0.4 -0.2 0.1 0.9 0.6 -0.7 -2.1 -2.1 -2.1 -2.1 -2.1 -2.1 -2.1 -2.1 -2.1 -2.1 -2.1 -2.1 -2.1 -2.1 -2.1 -2.1 -2.1 -2.1 -2.1 -2.1 -2.1 -2.1 -2.1 -2.1 -2.1 -2.1 -2.1 -2.1 -2.1 -2.1 -2.1 -2.1 -2.1 -2.1
3.9 3.8 3.6 3.5 3.4 2.9 2.4 2.6 2.1 1.9 1.9 1.9 1.9 1.9 1.9 1.9 1.9 5.1 14.8 22.6 27 31.7 33.5 35.2 36.1 37.1 35.6 34.3 35 36.3 31.2 25.8 17.8 9.3 4.6 4.2 1.9 1.8 -0.5 -2.1 -2.1 -2.1 -2.1 -2.1 -2.1 -2.1 -0.8 -0.1 -0.8 -2.1 -2.1 -2.1 -2.1 -2.1 -2.1 -2.1 -2.1 -2.1 -2.1 -2.1 -2.1 -2.1 -2.1 -2.1 -2.1 -2.1 -2.1 -2.1 -2.1 -2.1 -2.1 -2.1 -2.1 -2.1 -2.1 -2.1 -2.1 -2.1 -2.1 -2.1 -2.1 -2.1 -2.1 -2.1
3.7 3.6 3.5 3.3 3.2 3 2.8 2 1.9 1.9 1.9 1.9 1.9 1.9 1.9 1.9 1.9 1.9 8.7 15.7 25.6 31.6 32.4 35 36.5 38 36.6 35.3 35.2 35.6 33.6 28.1 23.3 13.1 1.3 1.5 1.2 -2.1 -2.1 -2.1 -2.1 -2.1 -2.1 -2.1 -2.1 -2.1 -1.8 -1.1 -2.1 -0.2 0.4 -2.1 -2.1 -2.1 -2.1 -2.1 -2.1 -2.1 -2.1 -2.1 -2.1 -2.1 -2.1 -2.1 -2.1 -2.1 -2.1 -2.1 -2.1 -2.1 -2.1 -2.1 -2.1 -2.1 -2.1 -2.1 -2.1 -2.1 -2.1 -2.1 -2.1 -2.1 -2.1 -2.1
3.7 3.5 3.3 3.8 2.8 2.2 1.9 1.9 1.9 1.9 1.9 1.9 1.9 1.9 1.9 1.9 1.9 1.9 1.9 11.5 22.5 26.7 29.7 32.9 36.4 38.1 37.6 36.7 37.1 34.1 31.4 28.1 22.8 17.8 4.8 1.9 0.4 -2.1 -2.1 -2.1 -2.1 -2.1 -2.1 -2.1 -2.1 -2.1 -2.1 -2.1 -0.8 0.6 1.8 -2.1 -2.1 -2.1 -2.1 -2.1 -2.1 -2.1 -2.1 -2.1 -2.1 -2.1 -2.1 -2.1 -2.1 -2.1 -2.1 -2.1 -2.1 -2.1 -2.1 -2.1 -2.1 -2.1 -2.1 -2.1 -2.1 -2.1 -2.1 -2.1 -2.1 -2.1 -2.1 -2.1
3.8 3.5 4 3.6 2.4 1.8 1.9 1.9 1.9 1.9 1.9 1.9 1.9 1.9 1.9 1.9 1.9 1.9 1.9 5.3 13.8 21.8 25.8 28 35.2 37.8 36 35.1 36.1 33.4 29.2 25.2 21.3 16 9.5 1.6 -2.1 -2.1 -2.1 -2.1 -2.1 -2.1 -2.1 -2.1 -2.1 -2.1 -2.1 -2.1 -2.1 -1.7 -2.1 -2.1 -2.1 -2.1 -2.1 -2.1 -2.1 -2.1 -2.1 -2.1 -2.1 -2.1 -2.1 -2.1 -2.1 -2.1 -2.1 -2.1 -2.1 -2.1 -2.1 -2.1 -2.1 -2.1 -2.1 -2.1 -2.1 -2.1 -2.1 -2.1 -2.1 -2.1 -2.1 -2.1
3.8 3.7 3.2 3 2.4 1.9 1.9 1.9 1.9 1.9 1.9 1.9 1.9 1.9 1.9 1.9 1.9 1.9 1.9 1.9 5.9 14.8 20.8 24.9 30.6 36.5 33.9 32.6 31.6 28.2 26.6 22.9 19 11.3 6.5 4.4 -2.1 -2.1 -2.1 -2.1 -2.1 -2.1 -2.1 -2.1 -2.1 -2.1 -2.1 -2.1 -2.1 -2.1 -2.1 -2.1 -2.1 -2.1 -2.1 -2.1 -2.1 -2.1 -2.1 -2.1 -2.1 -2.1 -2.1 -2.1 -2.1 -2.1 -2.1 -2.1 -2.1 -2.1 -2.1 -2.1 -2.1 -2.1 -2.1 -2.1 -2.1 -1.1 -0.9 -2.1 -2.1 -2.1 -2.1 -2.1
