UK/data/nr/nr46_OST50GRID_20230518/NR46.asc
ncols 200
nrows 200
xllcorner 140000
yllcorner 660000
cellsize 50
[rows 108 to 143 of 200, columns 0 to 81 of 200]
127.5 128.3 130.4 131.5 129.6 127.8 121.4 125 127.6 128.2 126.3 117.4 111.2 109.2 117.8 119.6 122.5 111.8 111.4 111.6 113.1 114 100.3 97.3 95.4 94.5 94.5 95.2 98.6 98.4 110.7 111.6 115.6 118.3 120.6 116.6 107.4 107.2 113.5 121.9 130.5 137.2 124.6 115.8 135.9 138.9 149.5 147.9 153.7 159.1 164.1 165.8 170.1 174.5 165.4 148.9 133 115.1 96.8 83 72.2 63.4 56.8 37 3.2 -0.5 -0.5 -0.5 -0.5 -0.5 -0.5 -0.5 -0.5 -0.5 -0.5 -0.5 -0.5 -0.5 -0.5 -0.5 -0.5 -0.5
126.3 127.3 130.3 129.8 127.5 123.9 124.7 124.7 130 128.8 125.7 116.7 121.4 121.8 123.9 121.8 123 112.8 114.2 112.1 116.4 111.5 111.4 101.8 97.9 97 98.7 110.6 108.3 106.2 112.3 119.6 118.6 119.6 112.4 111.1 108.6 114.1 122 128.8 136.5 141.8 125 121.3 132.5 141.6 156.1 160.5 165 167.5 171.8 177.2 177.8 175.6 164.8 147.6 128.9 119.8 104.1 88.7 80.2 66 53 35.6 10.1 -0.5 -0.5 -0.5 -0.5 -0.5 -0.5 -0.5 -0.5 -0.5 -0.5 -0.5 -0.5 -0.5 -0.5 -0.5 -0.5 -0.5
126.9 128.8 131.2 131.8 129.2 130 133.2 131.4 133.1 133.8 128 129.7 131.3 124.7 122.9 127.3 127.1 118.6 115.2 114 118.2 109.9 112.3 111.9 119.7 117.3 122.9 122.2 113.1 124.6 125.5 128.3 123.3 117.3 115.4 110.8 113.3 119.4 125.1 134.1 146.1 146.6 128.2 131.4 141.1 149.6 164.1 170.6 176.7 177.4 184.1 184.6 185.3 183.8 170.1 149.5 129.4 124.1 110.1 93.2 82.3 73.9 64.5 41.2 23.9 -0.5 -0.5 -0.5 -0.5 -0.5 -0.5 -0.5 -0.5 -0.5 -0.5 -0.5 -0.5 -0.5 -0.5 -0.5 -0.5 -0.5
126.9 129.4 131 131.2 128.8 133.9 134 132.7 136.9 135.5 130.1 134.6 131.8 130.1 126.2 127.3 130.9 127.3 113.1 116 116.1 116.7 114.3 121.9 126.3 126.9 127.7 127.6 122.9 129.6 132 123.5 126.5 129.9 129 126.9 112.4 121.5 131.7 142.1 150.2 134.4 133.8 142.4 150.1 164.7 184.9 187.5 189.1 188.8 189.3 189.1 192.7 185.3 173.2 145.7 129.4 127 112.3 96.3 85.9 76.9 66.9 46 26.2 4.6 -0.5 -0.5 -0.5 -0.5 -0.5 -0.5 -0.5 -0.5 -0.5 -0.5 -0.5 -0.5 -0.5 -0.5 -0.5 -0.5
126.3 129.3 131.2 129.8 132.6 136.1 136.9 133.2 137.8 138 136.7 134.5 133.2 133.8 127.1 129.7 128.4 125.2 123.3 119.1 115.2 116.2 123.2 130.1 131.3 128.6 133.6 131.1 130 135 128.7 128 131 132.8 131.2 130.1 115.9 120.2 133.3 147.9 141.3 136.7 138.1 153.1 165 188.7 193.9 200 203.1 196.7 194.2 192.5 189.4 184 161.3 142.2 134.3 129.2 112.8 99.9 88.3 77.1 66.9 48.6 31.7 18.3 -0.5 -0.5 -0.5 -0.5 -0.5 -0.5 -0.5 -0.5 -0.5 -0.5 -0.5 -0.5 -0.5 -0.5 -0.5 -0.5
125.9 129 131 130.3 134 136.3 137.7 136.1 137.9 138.4 139.4 138 135.6 134.1 131.5 131.6 129.9 130.3 129.6 125.9 116.8 120.2 132.5 132.5 131.8 133.3 136.2 136.4 136.7 136.8 135.5 137 136.4 131.5 130.5 130.2 127.5 134.7 137.7 140.7 140.8 139.5 141.6 158.1 180.3 192.5 193.7 200.2 205.3 200.9 194.5 194.2 187.4 182.7 162.8 143.2 138.3 121.7 113.4 106.2 94.3 78.2 61.4 48.6 34.8 16.4 -0.5 -0.5 -0.5 -0.5 -0.5 -0.5 -0.5 -0.5 -0.5 -0.5 -0.5 -0.5 -0.5 -0.5 -0.5 -0.5
125.4 127.6 130.3 131.7 135.7 137.2 138.7 138.9 139.3 140.9 140.3 137.8 137.4 137.2 134.8 136.6 131.8 130.1 131.3 128.5 123.4 129.6 132 134.8 136.9 140.5 137.8 140 141 141.8 138.6 145.8 139.3 132.8 130.2 130.6 133.5 142 149.8 158.2 147 141.8 145.2 160.9 181.1 183.2 192.5 197.5 201.8 198.8 191.9 190.2 191.5 181.8 164.6 154.9 145 137 120.2 108.3 98.2 81.8 59.4 46.6 31.3 20.9 -0.5 -0.5 -0.5 -0.5 -0.5 -0.5 -0.5 -0.5 -0.5 -0.5 -0.5 -0.5 -0.5 -0.5 -0.5 -0.5
125.5 127.2 127 132.7 136 137.6 138.3 139.3 138.4 141.4 141.2 138.2 137.2 137.8 135.5 135.6 134.3 131.3 133 130.3 128.1 129.9 131.5 137.2 138.3 140.4 140.6 141.5 143.5 143.9 147.8 147.1 138.5 130.7 131.1 135.2 141.6 150.5 160.8 164.6 153.3 150.6 157.4 174 186.6 190.2 193.1 195.4 201.1 197.3 192.1 192.9 195 184.3 167.7 159.9 153.7 142.4 131.7 113.9 100 79.6 61.5 49.5 32.8 21.2 -0.5 -0.5 -0.5 -0.5 -0.5 -0.5 -0.5 -0.5 -0.5 -0.5 -0.5 -0.5 -0.5 -0.5 -0.5 -0.5
126.3 126.2 128 132.2 134.9 137.4 139.8 140.2 138.6 139.4 139.5 140.7 142.3 140.6 138.5 133.8 132.3 128.6 131.4 133.9 128.3 132 136.1 137.8 141.4 141.3 144.9 143.4 140.7 143.1 145.7 134.6 132.2 133.1 133 139.5 146 158.6 169.2 167.8 153.7 164.1 173.9 181.2 189.3 195.4 200.5 208.8 209.4 197.9 191.6 187.5 187 176.9 170.2 163.7 160.8 147.6 141.9 126.8 104.4 79.4 63.1 46 33.5 21.9 5.4 -0.5 -0.5 -0.5 -0.5 -0.5 -0.5 -0.5 -0.5 -0.5 -0.5 -0.5 -0.5 -0.5 -0.5 -0.5
127.2 126.7 127.8 131.9 134.7 137.8 139.8 141.6 139 143.2 141.2 141.1 145.8 143.7 140.9 135.4 136.3 129.7 128.5 131.6 127.9 133.5 137.9 139.8 143.4 139.4 143.7 144.3 136.1 139.7 135.8 132 133.7 135.2 137.3 142.8 151.2 153.8 151.4 154.1 166.8 181.7 192.3 201.1 210 203.2 203.7 208.7 210.1 203.8 199.5 195.9 189 177.3 172.6 164.1 160.7 154.7 143.7 128.7 112.3 81.5 62.7 44.1 34.8 24.3 19.6 7.8 -0.5 -0.5 -0.5 -0.5 -0.5 -0.5 -0.5 -0.5 -0.5 -0.5 -0.5 -0.5 -0.5 -0.5
128.2 127.4 129 131.2 134.6 136.4 140 140 139.6 143.3 145.4 146.2 148.9 146 140.4 135.7 135.3 129.7 128.6 128.6 129.2 129.2 131.7 137.9 139.5 137.3 143.7 136.5 135.6 137 132.7 131.9 133.5 137.5 141.4 150.9 148.6 149.2 154.3 167.2 180.7 193.8 204.3 218.3 218.8 223.7 215.1 212.1 208.9 210.2 206.4 208.9 201 182.8 177.3 171.7 166.1 158.8 153.8 146.3 126.7 91.4 70.5 48.3 37.9 33.6 23.3 17.5 3.9 -0.5 -0.5 -0.5 -0.5 -0.5 -0.5 -0.5 -0.5 -0.5 -0.5 -0.5 -0.5 -0.5
130.7 128.6 129.8 130.8 135.6 135.9 138.4 139.3 139 143.7 143.3 142.1 145.1 141.6 137.3 134.8 134.5 132.9 128.5 128.5 130.9 131.9 131.8 132.5 135.3 139.1 140.2 135.3 137.7 137.5 132 132.3 136.7 143.2 148.7 157.5 159.9 150.6 163.9 176.3 184.6 196.6 214.6 229.2 229.3 234.3 225.5 222.7 213.6 214.6 213.8 214.3 216.2 199.4 183.8 175.9 173.6 161.1 157.3 151.1 134.5 102.6 79.1 57.5 38.7 34.3 30 27.7 5.8 -0.5 -0.5 -0.5 -0.5 -0.5 -0.5 -0.5 -0.5 -0.5 -0.5 -0.5 -0.5 -0.5
131.3 130.4 130.6 130.3 133.7 136.3 137.5 138.8 139.2 140.7 143.3 140.8 139.5 137.2 137.3 135 133.5 135.4 129.3 128.4 129.6 134.7 134.9 134.6 138 138.5 133.7 137.7 136.1 132.5 131.8 132.1 142.6 146.2 152.6 163.5 170.5 153.3 169.5 175.6 182.1 200.9 218.2 234.2 240.4 238.4 232.5 228.4 220 219.9 218.6 220.2 222.4 212.6 184.9 178.3 177.7 167.2 156.7 150.3 139.7 108 83.2 62.2 44.5 35.9 35.4 30.8 24.7 -0.5 -0.5 -0.5 -0.5 -0.5 -0.5 -0.5 -0.5 -0.5 -0.5 -0.5 -0.5 -0.5
133.1 134.7 135.5 131.6 136.2 136.1 135.7 137.9 139.7 137.9 138.2 138.4 139.1 137.6 135.8 135.1 133 134.9 130.8 128.7 131.8 133.3 134.5 132.1 136.3 131.4 130.4 134.2 132.4 132 132.1 136.8 145.1 147.9 159.2 167.2 163.7 160.8 175 174.1 181.8 206.4 224.7 238.1 245.8 239 236 234.6 233.5 227.3 225.5 227.1 227.4 217.8 190.3 183.1 182.5 168.7 160.9 156 146.1 115.4 90.1 65.4 45.7 40.3 38.2 36.1 31.7 7.6 -0.5 -0.5 -0.5 -0.5 -0.5 -0.5 -0.5 -0.5 -0.5 -0.5 -0.5 -0.5
134.8 137.1 136.8 136.7 134.9 136 136.8 137.1 137.9 137.3 134 134.2 136.1 133.6 133.3 132.7 132.4 132.1 131 128.8 131.6 131.4 131.3 131.2 130.1 128.2 132.1 133.8 132.4 131.9 132.4 136.3 142.4 152.4 160.5 165 161.9 159.9 167.9 176.1 189.1 214.8 226.8 241.3 249.2 241.1 236.3 241.5 244.2 238.9 238.1 234.4 230.1 214.8 202.6 194.6 179.2 169.8 168.3 164.2 153.8 119.5 93.4 67.6 51.3 45.4 40.4 37.1 33.6 21.4 10 -0.5 -0.5 -0.5 -0.5 -0.5 -0.5 -0.5 -0.5 -0.5 -0.5 -0.5
135.5 136.3 141.1 137.6 134.8 136.1 136.6 136.8 136.3 134.7 132.7 132.2 131.5 132.7 133.3 132.5 132.2 130.9 129.8 130.7 127.6 128.5 122 124 128.7 131.5 133.9 133.9 132.5 132 132.1 132.6 142.6 152 160 167.3 167.6 167.6 171.9 184.6 196.6 220.2 230.1 244.7 254 244.3 244.6 244.8 250.2 246 245.6 241.7 234 220.5 218.2 197.5 179 173.6 170.4 165.7 147.7 120.4 95.7 71.1 57.6 50.5 42.5 38.3 32.6 25.1 23.1 -0.5 -0.5 -0.5 -0.5 -0.5 -0.5 -0.5 -0.5 -0.5 -0.5 -0.5
135.8 142.8 142.4 137.7 135.3 135.3 136.2 134.8 134.3 133.8 133.8 131 130.2 131.8 131.9 131.5 132.3 131 130.5 128.5 125.5 122 122 131.6 132.7 132.6 135.2 135.3 132.4 132.2 132.4 132.5 139.7 152.8 160.5 167.7 175.7 177.6 181.2 189.3 204.4 225.7 237.2 249.4 261 254 250.1 249.2 254.6 249.3 247.6 240.8 237 227.4 222.8 202 182.5 177.2 171.6 161.6 143.7 123.2 99.6 77.4 64.8 56 46.6 40 33.9 30.6 25.3 3.5 -0.5 -0.5 -0.5 -0.5 -0.5 -0.5 -0.5 -0.5 -0.5 -0.5
139.6 143.6 145.2 139.4 136 135.6 136.4 133.4 134.2 133.8 134.6 129.7 129.7 131.3 129.3 130.9 131.1 131.7 128.3 122 122 122 130.6 134.8 136.3 137.9 139.3 133.6 132.6 132.5 132.6 132.6 140 153.9 164.5 170.5 179 180.2 185.9 193.8 201.9 214.5 236.6 256.8 267.1 258.3 255.6 256.7 258.7 255.3 248.9 243 237.2 232 227.9 203.8 181.9 177.1 171.3 159.2 147.3 130.9 110.8 87 74.6 63.5 54.8 46.7 38.2 34 18.6 -0.5 -0.5 -0.5 -0.5 -0.5 -0.5 -0.5 -0.5 -0.5 -0.5 -0.5
139.7 143.1 145.3 143.5 138.5 134.9 136 133.7 133.5 131.8 131 130.1 128.6 128.1 127.5 129.5 127.3 122 122 123.3 124.7 131.4 136 136.5 137.4 138.7 139.6 134.5 132.8 133.1 133.4 133.1 140.8 154.3 164.3 174.3 181.2 187.8 196.6 209 210.7 212.9 239.1 254.9 256.9 260.3 259.8 260.1 259 255.3 250.1 244.6 242 236.9 233.8 205.6 184.2 181.4 177.5 169.5 153.6 141.9 125.3 99.5 82.8 69.7 60.4 50.6 44.6 41.2 33.5 -0.5 -0.5 -0.5 -0.5 -0.5 -0.5 -0.5 -0.5 -0.5 -0.5 -0.5
137.1 141.6 143.8 143.9 139.9 134.6 134.3 132.9 131.7 130.7 129.9 130.8 128.1 126.8 124.9 122 122 123.1 125.9 128.2 129.9 135.6 136.6 137 137.7 136.4 135.6 136.6 133.5 133.8 134.5 134.7 146.2 158.4 168.5 178.3 187.1 193.2 202.4 209.6 219.2 218.5 237.3 252.4 256.6 259.1 261.3 258.3 252.8 248.6 247.6 248.8 245.6 238.9 232.2 210.5 185.9 188.5 186.7 175.7 161.3 155.9 145.2 121.3 96.4 77 66.4 53.6 45.2 36.9 27.8 -0.5 -0.5 -0.5 -0.5 -0.5 -0.5 -0.5 -0.5 -0.5 -0.5 -0.5
136.3 136.3 140.6 141.4 135.7 132.7 130.9 130.2 132 130.9 128.8 130 127.7 122 122 122 122 126.6 130.2 131.5 128.9 133.2 138.7 140.1 138.8 132.8 135.4 141 145.6 143.9 144.7 144.2 155.1 167.3 171.7 181.7 192.1 200 205 212.2 218.5 227.2 237.5 249.7 256.1 256.6 262.1 263 249 248.6 249 249.2 249.7 242.8 233.1 213.7 195.5 195.8 191.6 177.5 171.2 167.9 159.8 139.1 106.5 82.5 70.3 61.5 55.1 46.3 13.9 -0.5 -0.5 -0.5 -0.5 -0.5 -0.5 -0.5 -0.5 -0.5 -0.5 -0.5
133.1 131.8 138.1 139.8 131.3 129.5 129.2 129.7 130.4 129.7 127.6 128 128.1 122 122 122 129.1 129.9 134.8 134.6 130.2 131.4 141.1 142.1 134.1 132.6 142.9 148.9 152.7 150.7 152.4 158 164.3 171.7 170.9 182.7 190 193.4 204.9 217.4 226.7 228.7 243 255.7 259.3 254.1 253.9 249.2 239 241.9 242.3 242.4 247.7 247.5 240.6 227.6 215.7 204.3 198.3 185.8 177.1 172 164.7 141.9 110.6 90.3 75.7 69.6 67.1 56.5 34.5 -0.5 -0.5 -0.5 -0.5 -0.5 -0.5 -0.5 -0.5 -0.5 -0.5 -0.5
133.4 126.3 132.7 131.3 129.3 128.1 128.9 129.6 128.2 128.4 128.7 124.8 122 122 123.3 128.7 135.7 138.1 139.6 136 127.2 129.8 138.2 127.9 125.9 137.8 144.3 149.9 152 148.8 154.8 160.4 167.7 169.3 169.7 173.6 182.4 192.9 203.9 218 228 231.2 241.8 250.2 255 253 246.9 238.9 230.7 231.3 235.6 242.3 250.4 244.3 242.9 230.6 220.4 209.1 205.2 189.4 179.5 174.9 162 140.5 113.8 95 83.3 73.3 70.8 60.5 47 1.8 -0.5 -0.5 -0.5 -0.5 -0.5 -0.5 -0.5 -0.5 -0.5 -0.5
127 123.1 131.1 132.2 127.8 126.5 126.7 128.8 127.1 126.3 123.3 122 122 134.3 134 138.7 140.3 137.8 135.9 129.8 124.9 124.9 124.9 125.1 134.4 142.4 145.2 146.7 144.2 146.6 153.6 161.5 166.7 168.6 167.4 171.4 178.7 189.4 201 213.2 225.5 232.8 239.7 242.5 245.7 244.3 233.1 220.3 215.7 224.8 231.6 231.7 235.8 244.9 237.1 226.1 217 202.1 198.9 186.8 177.8 169.2 152.3 135.2 115.8 97.6 86.3 80.5 75.8 66.5 36 -0.5 -0.5 -0.5 -0.5 -0.5 -0.5 -0.5 -0.5 -0.5 -0.5 -0.5
120.3 123 129.3 131.3 129.7 126 126.4 127.2 126.8 123.6 124.1 128.1 128.9 132.4 135.8 139.2 139.9 137.9 134.2 124.9 124.9 124.9 124.9 135.5 139 139.3 141 141.3 139 144.3 154 162.2 166.1 167.6 165.8 167.2 173.1 182.7 191 198.7 213.4 226.8 233.4 235.7 234.4 231.2 223.4 213.3 214 218.6 225.6 229.9 231.4 227.3 223.6 214.8 193.2 191 184.6 173.1 164.6 154.2 142.8 131.5 114.2 96.6 86.9 81.7 76.3 64.1 34.5 6.8 -0.5 -0.5 -0.5 -0.5 -0.5 -0.5 -0.5 -0.5 -0.5 -0.5
119.5 114.5 127.5 131 127.9 124.2 125.4 125.3 124.6 125.7 126.3 132.4 138 137 138.3 140 139.8 135.9 131.6 124.9 124.9 124.9 127.4 131.4 131.6 133.4 135.6 135.6 137.7 143.5 152.5 158.8 163 163.4 165.1 170.2 184 187.3 192.8 196.5 197.8 215.3 227 232.2 232.8 230.2 225.4 212.1 212.3 214.4 218.9 225.5 225.1 215.8 206 188.9 178.1 168.4 160.6 156.9 151.2 143.7 135.5 126.6 109.6 92.3 82.4 75.2 68.8 58.1 35.7 7.3 -0.5 -0.5 -0.5 -0.5 -0.5 -0.5 -0.5 -0.5 -0.5 -0.5
118.9 112.9 123.8 129.5 126.6 123.6 121.9 124.6 127.4 126.7 128 133.1 138.4 138.2 138.9 139.4 135.4 130.3 124.9 124.9 124.9 124.9 124.9 124.9 127.1 125.2 124.5 129.2 134.5 141.2 149.8 157.6 162.1 167.6 167.5 175.6 186.9 189.6 190.9 193.3 189.6 197.2 215.3 224.6 225.3 225 221.9 213.1 210.5 211 212.6 218.3 220.1 205.5 188.8 171.3 163.2 152.5 144.7 139.3 137.7 134.6 127.4 118.9 106.4 89.5 77.8 65.2 58.4 51.6 36.3 6.1 -0.5 -0.5 -0.5 -0.5 -0.5 -0.5 -0.5 -0.5 -0.5 -0.5
114.3 111.2 118.8 123.5 121.3 120.4 124.3 126 130.2 132.1 131.7 131.3 136.7 139.2 140.1 138.7 136.6 134.1 128.9 124.9 124.9 124.9 124.9 124.9 129.4 129.4 123.9 124.6 130.4 137.7 146.4 153.4 157.1 163.5 167.3 177.6 184.7 175.5 174.5 174.8 178.5 183.2 203.4 208.1 213.1 213.8 211.5 204.6 202.1 201 202.5 206.1 204.9 189.2 174.2 158.8 153.4 139.2 129.7 124 124.8 125.9 122.2 109.9 96.8 87.2 78.4 59.8 47.8 37.8 26.5 5.4 -0.5 -0.5 -0.5 -0.5 -0.5 -0.5 -0.5 -0.5 -0.5 -0.5
110.1 108.6 115.2 121.4 119.7 122.1 124 129.1 132.3 134 133.3 135 135.4 139.3 140.9 139.5 138.6 135.9 131.5 124.9 124.9 124.9 128.5 134.2 135 129.2 125.4 123.3 125 133.3 142.1 145.2 152.3 155.6 163.1 171.2 172.6 166.9 163.1 161.7 166.1 172.3 187 191.9 192.5 193 189.6 187.1 189.8 189.9 190.4 192 189.9 175.9 163.2 150.9 137.8 126.5 119.8 115.7 118.8 118.7 114 107.9 91 82.2 69.2 45 36.6 27.7 24.7 6.2 -0.5 -0.5 -0.5 -0.5 -0.5 -0.5 -0.5 -0.5 -0.5 -0.5
108.4 110.3 117.2 116.3 121.3 123 124.2 128.7 132.5 135.5 135.9 138.8 139.2 140.7 142.8 142.9 142.7 139 135.1 124.9 124.9 124.9 133.3 137.2 133.3 128.5 125.2 123.7 124.8 127 131 136.8 141.3 146.2 153.2 159.4 156.9 154.3 151.1 150.8 150.6 160.5 167.7 176.4 180.5 179.5 177.7 179.6 176.6 176.4 172.4 170.3 170.1 161.3 154.7 140.8 121.4 113.5 106.8 104.4 107.5 107.2 106.7 104 91.1 75.4 52.9 39 28.6 27 18.6 5.7 -0.5 -0.5 -0.5 -0.5 -0.5 -0.5 -0.5 -0.5 -0.5 -0.5
111.4 117.2 117.9 121.8 122.7 124.5 125.9 129.3 133.4 135.5 138.1 139.5 142.6 145 146.2 146.4 146.4 144.7 137.7 130.1 125.9 124.9 133.9 138.1 136.1 130.5 125.8 123.8 124.1 126 128.1 130.4 133.9 138.6 145.5 146.8 146.7 148 145.1 142.4 138.8 146.7 155.3 166.7 171.3 172.3 176.4 176.1 166.6 165.8 159.3 156.6 155.2 148.6 137.9 122.1 106.3 97.5 94.1 97.3 98.6 99.5 99.4 92.3 75.9 62.8 45.9 35.5 27.9 23 12.1 4.2 -0.5 -0.5 -0.5 -0.5 -0.5 -0.5 -0.5 -0.5 -0.5 -0.5
119.3 118.7 119.8 121.3 122.1 123.4 127.4 128.1 130.5 135.3 136.6 139.3 142 144.6 146.4 147.1 146.8 144.8 137.3 134.8 129.9 128.2 131.5 138 137.4 131.6 126.8 123.4 124 127.3 130.1 131.8 136.8 141 144.2 142.9 143.5 143.9 140.5 136.7 136.5 142.3 141.6 155.2 165.3 165.5 163.5 163.5 158.1 156.2 149 150.4 144 130.5 122.5 102 90.9 86.3 83.6 81.6 79.5 76.9 74.3 69.5 60.2 53.3 40.5 32.3 27.5 26.9 11.5 2.9 -0.5 -0.5 -0.5 -0.5 -0.5 -0.5 -0.5 -0.5 -0.5 -0.5
119.7 119.8 121.3 122.8 122.7 124.3 124.9 126.9 129 134.1 136.8 138.5 140.4 143.8 145 146.2 145.9 143.8 139.6 135.9 132 130.1 133.3 135.6 137.1 131.5 125.5 123.8 122.7 123.7 126.4 129.5 133.9 137.6 138.8 139.3 140.1 139.2 137.7 134.8 133.1 135.1 131.5 136.5 148.4 152.4 153.3 150.9 148.1 143.7 137.2 132 124.3 113.2 102.3 91.5 82.2 76.3 76.6 72.9 67.4 60.8 54.5 52.4 46.8 36.3 32.7 29.5 27.6 26.8 8.3 -0.5 -0.5 -0.5 -0.5 -0.5 -0.5 -0.5 -0.5 -0.5 -0.5 -0.5
120.9 121.5 122.9 124.3 124.9 125.1 126 126.7 127.8 129.6 136.1 138.4 139.1 141.8 144 145.1 144.5 141.9 138.5 134.5 130.9 130.8 134.3 136.2 134.6 130.4 124.5 123.5 122.4 123.6 126.4 128.8 132 135.6 137 136.4 136.9 137.5 136.6 132.1 127.1 123.3 117.1 125.1 134.9 137.5 140.7 134.2 136.5 131.3 124.2 117.3 107.7 99.8 92.1 81.2 70 65.6 65.8 66.4 61.8 55.1 41.5 36.7 31.6 27.4 28.3 28.6 25.6 16.9 4.2 4 -0.5 -0.5 -0.5 -0.5 -0.5 -0.5 -0.5 -0.5 -0.5 -0.5
123.7 122.8 124.4 125.7 126.3 126.1 125.8 126.6 127.9 130.2 133.8 136.5 138.9 137.5 140.8 142.7 141.1 139 136 132.2 129.9 131 132.1 129.8 128.3 123.9 123.3 122.4 122.6 123.8 126.2 129.2 131.2 134.2 135.3 134.8 134.7 131.6 130.5 126 120.9 107.6 106.6 114.5 121 126.4 128.3 122.2 126.6 120.9 112.1 101.5 92.2 86.7 80.5 68.9 67.8 62.4 60.8 57.8 55.6 41.9 39 35.3 29.2 25.8 25 20.8 20.3 15.7 14 6.6 -0.5 -0.5 -0.5 -0.5 -0.5 -0.5 -0.5 -0.5 -0.5 -0.5
124.8 123.7 124.4 126.2 126 125.4 125.4 127.1 128.4 129.5 132.7 133.9 135.3 135.2 137.8 139.7 139.4 134.4 131.8 127.3 125 127.9 128.2 124.6 123.3 121.7 122.1 122.3 123.8 124.7 127.6 129.2 132.1 132.7 132 131.3 129.8 128.6 127.1 121.9 110.7 104.7 99.2 101.2 101.2 108.3 111.4 112.5 114.9 112.8 106.7 93.2 82.8 76.6 69.7 65 64 62.4 56.4 51.6 42.9 37.8 35.4 29.2 28.7 25.3 20 23 24.7 26.9 19.6 7.2 -0.5 -0.5 -0.5 -0.5 -0.5 -0.5 -0.5 -0.5 -0.5 -0.5
