UK/data/nj/nj12_OST50GRID_20230518/NJ12.asc
ncols 200
nrows 200
xllcorner 310000
yllcorner 820000
cellsize 50
[rows 0 to 34 of 200, columns 0 to 77 of 200]
347.6 341.5 335.7 328.8 321.5 314.2 310 304.4 298.2 292 285.1 277.9 270.5 264.3 258 252.1 247.2 242.8 243.4 243.9 242.5 238.6 234.1 234.1 245.5 255.7 263.6 269.5 274.4 278.4 282.6 290.2 297.5 305.8 313.1 323.7 336.5 347.6 360.2 372 383.4 393.7 404.8 415.1 424.2 431.1 437.6 437.6 427.4 417.7 410.2 403.5 388.6 368.5 379.8 400.3 416.4 431.3 446.7 462.8 478 492.9 505.5 516.3 529.1 537.6 544.4 551.4 558.8 566.4 577.7 589.9 603.9 613.6 629.7 648.6 664.1 682.6
347 341.5 336.2 329 321.6 315.1 311.4 305.8 299.5 293.6 286.9 279.3 272.5 266.2 259.9 253.5 249.2 246.5 247 248.2 248.4 243.6 238.1 235.5 238.2 252.2 261.8 267.3 272.2 277.6 281.6 289.3 296.5 304.1 310.9 320.9 332 344.1 355.4 367.1 378.6 388.9 399.4 411.2 421 428.7 436.6 440.4 432.5 420.5 414.1 406.6 395.9 381.9 373.2 392.5 409.7 425 440.6 455 469.9 484.9 499.4 514 527.6 538.4 546.6 554.3 562.6 572.7 584.3 596.3 610.6 620.4 638.8 656.5 673.6 691.9
346.4 341.4 335.9 328.9 321.9 316 312.1 306.9 301 294.9 288.4 281.1 275 268.6 263.5 256 252.4 249.8 249.8 249.7 249.1 243.7 237.3 237.5 238.9 244.6 257.8 263.8 270.1 276.2 281 289.3 296.4 303.1 309 317.7 329 339.9 350 361.8 373.6 383.2 394.5 407.2 418 426.1 435 440.8 436.8 426.4 418.6 413.8 405.1 393.3 380.8 383.8 401.7 414.5 429.1 442.9 461.1 479.3 495.6 512.6 526.4 537.7 548.8 557.4 567 579.1 590.8 603.4 616 631.6 644.4 662.8 681.1 697.2
344.6 339.4 334.9 329.7 322.5 316.8 313.6 309.1 302.5 295.3 289.1 283.2 276.7 269.4 264 262.9 255.9 251.5 251.7 250.9 249.5 245.9 242 239.6 241.9 244.6 250.8 260.8 267.6 273.7 279.5 288.1 296 301.6 306.7 312.9 325.7 335.4 344.7 356.8 368.7 379.4 390.4 402.6 414.1 422.3 433.7 440.8 439.2 431.9 423.1 419.3 414.6 405.4 394.9 384.5 396.9 412.3 428.5 446 462.5 478.9 494.9 511.2 525.5 537.2 549 561 572.9 584 597.6 611.5 622.6 640.2 655.3 669.3 687.5 700.5
342.9 339 334.7 329.8 323.1 318.7 316 312.6 305 298 291.7 285.5 278 270.3 263.1 258.9 254.6 254.6 253.1 252.2 250.2 247.8 242.4 241.1 244.6 247.7 250.7 257.8 265 271.3 278.4 286.2 294.5 299.6 305 311 321.3 332.4 341 352.2 362.9 374.1 385.8 398 409.2 417.7 431.5 440 440.7 434.5 430.7 425.6 421.2 414.8 405.1 392.7 398.6 411.3 428.8 446.4 461.1 477.7 494.4 510.2 524.7 537.2 550.2 563.1 576.4 589.4 605.4 617.7 632.7 649.7 663.3 676.8 691.9 701.8
342.3 339 334.8 331.1 326.5 322.2 319.3 315.7 308 301.1 294.4 287.9 280.9 273.3 267.5 262.7 262.3 257.6 254.3 253.6 251.8 249.7 246.3 241.8 244.9 250.6 252 256.3 259.9 267.6 274.6 281.7 287.1 293.8 299.2 306.5 317.3 328 336.5 346.2 358.5 370.5 381.6 391.7 404.6 413.3 426.8 438 442.2 440.7 437.3 432.8 428.6 423.6 413.1 404.9 403.8 415.1 430.9 447.1 462.4 478.2 495 509.9 524.1 537.6 551.1 565.2 579.6 596.1 612.4 624.9 642.9 658.1 671 682.5 693.3 701.1
340.6 338.3 336.4 333.1 330.1 326.2 322.1 322.1 313.3 304.3 297.6 290.8 284.2 277.5 271.4 267 262.7 258.1 257.5 254.3 253.3 249.4 243.7 243.8 250.6 253.4 256.5 259.6 263 268.4 273.2 278 281.6 282.6 286.6 296.7 305.9 318.8 329.3 340.6 355 364.7 376.6 386.9 398.1 410.4 420.4 433.8 440.2 443.3 442.1 439 433.9 429.7 421.7 413.6 406.7 421.8 435.8 450.1 464.6 478.6 494.5 509.6 523.6 537.4 551.8 567.2 583.2 600.5 617.2 631.1 651.2 664.4 674.4 683.9 693.8 698.4
339.6 337.8 336.3 335 332.6 329.3 325.2 320 315.7 307.9 300.3 293.8 287.3 281 274.7 270.4 263.7 259.7 257.5 256.2 254.6 245.2 245.5 251.8 257.7 253.3 257.5 261.3 266 272.7 277.4 282.3 288.1 294 296.3 297.6 298.5 302.8 318.6 334 348.4 360 371.7 381.7 392.7 407.2 416 429.8 439.5 443.6 445.4 444.1 441.2 437.1 432 421.7 409.1 423.4 435.9 450.8 464.8 479.2 494.3 509.2 523 536.8 553 569.3 586.2 603.9 620.7 636.8 656.1 669.7 680.9 689.8 694.3 696.4
338.8 338.2 337.3 335.9 333.7 331.5 327.6 323.8 317.7 310.5 303.5 296.5 290.4 284.1 277.8 273.2 266.9 261.3 258.6 261.4 253.8 246.9 252.4 254 258.3 257.8 259.3 263.5 267.5 273.6 279.5 284.7 291.2 296.5 300.9 304.3 307.6 309.5 307.7 323.7 340.9 354.3 366 378.5 389 402.8 414.3 428.2 438.7 443.9 447.5 448.1 446.5 443.7 440.2 431.1 423.8 419.9 432.5 448.5 461.8 474.8 491.9 507.9 522 536.7 554 570.7 588.4 606.3 623.9 641 660 674.1 686.4 692.8 695.6 695
338.2 337.2 336.2 335.4 334.3 332.1 328.2 323.3 318.6 312.7 305.4 299.9 295.9 289.5 281.5 276 270.5 263.2 258.1 257.4 249.1 253.1 254.2 256.7 259.4 259 261.9 265.5 271 276.4 283.2 287.7 294.4 299.4 303.6 308.2 313 317.3 318.7 317.2 333.1 349.9 362.3 372.7 386.2 399.9 412.1 427.2 437.7 444.2 450 452.2 451.7 449 447.1 443.1 436.9 433.5 434.6 437.3 451.7 469.3 487.1 504.8 521 537.6 554.7 572.2 590.6 608 627.5 646.5 663.2 678.3 689.2 694 695.7 693.4
335.5 334.9 333.4 332.4 331.7 329.8 326.5 323.2 319.4 314.2 307.3 303.3 299.3 294.3 285.2 277.7 271.8 265.6 261.2 257.6 251.6 254.6 256 258.3 260.1 261.6 264.3 269.1 272.8 278.6 283.7 289.3 296.7 302.2 306.7 311.4 318 322.9 325.5 319.7 327.9 343.6 356.8 367.5 381.8 398.1 411.2 427.2 437.8 445.1 451.5 455.9 456.7 454.3 453 451.7 448.3 447 449.7 446.6 448.7 459.3 479.3 501.2 520.1 536.5 555.2 574.2 592.5 610.8 631.3 649 667.3 681.8 690.8 695.7 695.5 691.7
330.3 329.9 329.6 329.2 328.4 326.8 323.4 322.3 319.8 315.2 309.3 306.2 302.7 296.7 287.3 280.2 273.1 266.4 261.8 256.6 252.3 254.7 258 259.7 262.4 264.6 265.9 271.6 274.8 279.7 286.2 292.2 299.3 305.1 310 316.1 324.4 330.4 332.8 334 327.8 339.7 354 364.5 380.3 396.9 411.1 427.1 437.5 446.1 453 458.3 459.6 459.5 459 460.1 460.6 461.6 463.3 462.6 459.6 461.9 473.5 495.6 516.1 536.7 556 575.8 596.2 614.9 635 652.7 670.6 684.5 692.7 696.7 695 690.8
325.3 324.6 324.3 323.9 323.2 322.1 320.1 319.5 317.4 314 309.8 306.7 303.6 297.5 289.2 282.1 275 268 262.8 257.5 254 256.3 259.4 262 265.3 267.5 268.9 273.6 277.5 282.2 288.6 295.1 302.7 309.6 313.4 326 333 339.3 341.9 342.4 340 334.5 350.8 362.3 377.2 394.5 410.4 425.9 437.1 446 454 459.8 462.7 464.4 465.1 467.1 468 471.2 475.1 476.9 476.6 477.2 476.6 492 515.5 536 557.2 577.9 598.2 618.6 638.6 656.1 673.4 686.4 693.5 696 695.9 691.2
319.2 318.4 317.9 317.9 317.4 316.9 316.3 315.4 314.7 312.5 309.6 306.6 303.1 297.8 291.7 283.9 276.1 268.3 261.9 263.1 254.8 256.7 260 262.8 265.2 268.9 272.3 276 281.1 284 290.9 299.8 307.2 313.9 319 332.5 340.7 346.4 351.5 353.8 351.2 345.2 347 357.9 374.5 392.7 406.9 423.8 435 445.1 453.8 460 464.8 467.7 471.1 474.3 477.1 479.8 483 488.5 492.6 494.2 494.6 496.2 512.1 535.3 558.5 580 600.3 621.6 642.1 659.2 675.9 686.5 694.3 698.5 696.4 691.7
312.4 311.8 311.7 311.9 311.7 311.6 311.5 311 311.4 311.7 309.1 306.9 304.1 297.3 290.4 282.7 274.8 267.1 260.6 258.1 256.7 257.4 259.5 261.8 270.1 273.3 274 275.7 282.8 286.5 296.1 301.6 310.9 318.5 328.8 339.2 348 354 359.6 363.7 364.5 354.5 345.7 356 372.5 391.5 405.7 421.3 432.3 443.5 451.9 459.4 465.2 470.7 475 479.9 484.6 488.3 492.8 499.3 505.8 510.8 514.7 519.9 523.6 534.3 560.4 583.7 604.5 625.9 646.4 663.1 677.8 689 696.1 699.2 696.7 691.9
304.1 303.6 305 305.1 305.1 305.1 305.6 307.2 308 308.6 307.3 305.1 302.6 298.4 291.7 283.5 276.2 269 263.2 258.5 259.7 260.8 264.4 269.2 270.7 277.4 281 281.4 280.7 291.1 297.9 306.5 314.6 325.7 335.5 343.7 354.2 359.7 364.8 369.6 370 365 357.8 355.8 371.2 389.3 403.3 417.7 427.6 439.3 448.9 457 464.3 470.5 478.2 484.5 490.7 497.1 501.4 508.6 515.9 523.5 529.5 538.1 544.6 552.8 562.1 587.2 608.5 632 650.5 666.2 680.5 690.5 696.6 698.7 695.9 691.2
297.2 296.8 297.3 298.1 299 299.4 300 302 304 305.7 304.8 303.6 300.3 296.4 290.2 284.2 276.4 268.5 259.2 261.2 262.4 264 267.7 273.7 277.5 282.7 287 287.7 282.8 292.8 299.6 307.8 319.3 330.3 340.5 350.4 359.7 365 370.1 375.4 377.1 375.3 368.6 356.5 369.4 383.8 400.1 413.4 422.2 433.2 444 453.1 461.7 471.6 479.8 488.3 495.4 503.1 508.6 515.6 523.8 531 541.5 551.9 563.3 574.7 586.3 598.9 616.9 639 655.4 670.8 682.9 691.8 697.2 697.4 694.6 690.3
290.3 290.5 290.4 291.7 293.3 294.8 295.8 297.2 299.1 301.1 301.2 301 299 294.3 289.1 284.7 276.4 267.6 261.2 263.3 264.7 264.9 270.8 277.2 281.6 286.3 291.1 292 287.5 297.7 304.1 312.5 324.6 336 345.2 353.9 364.6 370.1 375.4 383.4 384.5 384.7 382.2 376.2 365.5 378 390.2 406 414.2 425.9 436.9 446.8 458.4 468.6 480.6 489.1 498.1 506.2 513.1 521 530 538.9 552.2 565.2 578.6 590.3 603.5 616.8 632.2 647.9 662.3 676.4 686.4 693.2 697.4 696.3 693.3 689
282.4 282.4 283.1 285.8 288.3 290.3 291.6 293.8 295 296.2 297.4 296.8 296.1 293.1 288.3 283.4 275.4 266.8 260.6 262.7 266.2 269.5 276.8 281.7 286.2 287.5 295.4 294.1 292.5 299.8 305.5 317.1 326.3 338.6 348.3 356.9 368.2 374.5 381.9 390.6 392.7 393.6 391.3 390 386.8 382.6 377.4 387.9 400.5 413.9 428.2 440.4 453.4 465.9 477.7 488.3 498.8 507.3 516.1 524.9 534.7 545.7 559 575.8 591.1 605.6 619 632.4 645.7 657.7 671.8 681.2 689.3 695.4 697.7 696.3 693 688.1
274.6 275.5 277.4 281.1 283.4 285.8 287.3 289.9 291.5 292.7 292.3 291.9 291.5 290.8 287.2 282.3 275.6 267.1 261 261.9 270 270.6 281.4 286.7 287.7 290.7 298.3 297.7 295.5 301.5 308.4 317.7 329.1 340.7 350.1 360.4 370.2 378.1 388.3 398 401.9 403.4 403.7 403.2 400.9 400.3 398.7 398.3 396.2 402.1 419.1 433.6 445.7 458.7 471.9 484 495.3 505.3 516 525.6 537.3 551 565.4 583.6 601.9 618.3 631.4 644.3 654.9 666.9 679.6 688.5 692.7 697.7 698.6 696.4 692.5 689.5
268.8 270.7 272.8 275.9 278.7 281 283.1 285.7 287.7 289.1 290.1 289.9 288.9 288.6 284.2 278.7 274.7 264.5 262.3 264.7 276.5 273.8 283.1 289.1 291.9 298.2 302.6 302.3 299.7 302.1 308.6 321.8 331.3 341.7 350.7 362 372.9 380.9 393.1 402.8 408.4 412.7 415.3 414 414.5 415.4 413.5 410.6 409.9 403.2 410.6 424.3 438.3 451 464.5 477 489 501.6 512.9 524.6 538.8 552.4 570 589.3 610.8 627.3 642 653.4 663.4 674 688 694 697.8 700.1 700.1 697.9 694.9 692.6
264.9 266.6 268.5 270.7 274.1 276.7 279.3 281.9 284 285.1 286.1 287.2 286.6 284.4 281.5 277.8 271.3 267.7 262.7 271.4 280.9 277.5 286.2 289.7 293.7 300.9 305.8 302.5 305.5 304.7 311.4 322.1 332.1 341.9 352.3 362.5 372.8 384.1 395.4 405.9 415.1 420.4 424 423.3 424.2 425.5 425.4 422.6 419.9 418.8 417.5 413.2 429 442.7 455.5 468.2 481.8 495.5 509.6 522.7 538.1 552.1 572.7 594 615.5 633.1 648.5 660 674.1 687 694.5 698.5 701.1 702.1 702 700.2 698.3 696.5
261.7 263.4 265.3 267.2 270.2 273.6 276.2 278.7 280.5 281.7 282.8 283.2 282.7 281.1 278.9 276.9 271.4 267 264.4 278.5 284 282.3 282.6 294.1 297.5 304.3 307.4 306.9 308.9 309.6 315.5 319.5 331.9 341.6 351.7 361.4 373.2 384.3 395.6 406.3 416.4 424.5 432.4 436.9 438.6 436.2 433.9 435.5 434.1 432.9 429.7 429.1 423.7 433 443.3 456.6 473.1 488.7 504.7 519.6 536.3 553.4 572.5 595.3 616.8 634.8 650.2 663.7 680.3 692.2 697.3 700.9 703.2 704.1 704 703.3 702.5 699.7
258.3 260.2 262.3 264.3 267.6 270.5 273.1 275.5 277 278.2 279.5 280.1 279 277.7 276.2 274.7 273.2 268.2 273 281 284.7 287.7 285.4 287.2 300 306.4 307.5 308.5 312.9 314.9 315.2 323.1 330.2 340 350.2 360.4 371 381.5 393.5 405.2 415 424.6 441.2 449.9 446.2 444.9 445 445.6 446.7 446.3 445.7 441.1 439.6 441.8 446.2 452.2 464.8 481.3 499.7 516.4 533.8 553.2 571.4 594.1 615.3 633.6 649.3 665.9 680.8 691.6 697.5 701 703.5 703.9 704.6 705.5 702.8 698.9
255.8 257.5 259.5 262.1 266.5 268.6 270.8 273 274.9 276.1 277.3 278.7 278.5 277.1 276 273.6 269.5 272.2 280 282.9 286.3 289 289.4 297 292.4 304 308.3 309.6 312 315.5 320.3 322.6 330.2 336.6 346.7 358.6 368.8 378.9 390.7 401.5 413.8 421.9 440 450.2 449.9 451.9 453 455.6 457 457.8 457.7 455.7 454.7 454 462.6 462.2 469.4 476.9 493.9 510.1 529 550.6 570.2 591.6 613.8 631 648.2 666.3 679.8 690 696.1 699.2 701.9 703 703.7 704.3 699.6 693.5
253.9 256.3 257.7 261.1 264.7 266 268.7 271.5 274 274.7 275.4 276 276.3 276.2 275.8 272.3 274.2 281 282.6 286.1 289.1 291.5 292.7 298.1 302.3 307.4 307.2 313.5 313 317.3 322.4 326.9 330 336.1 343 353.5 363.2 373.8 386 398 409.6 418.7 434 447.7 453.2 456.3 458.9 463.4 466.5 467.7 468.9 469.8 470.1 469 473.1 475.3 484.3 490.7 494.3 505.6 523.8 546.4 568.4 588.9 613.3 632 649.1 666.3 679.5 687.5 693.1 696.3 698.7 698.5 698.9 698.8 694.6 687.2
253.9 256.7 260.1 263.3 266.1 269.1 270.6 271.8 274.1 275 275.8 275.8 274.2 273.2 272.5 276.3 281.5 284.3 286.7 289.4 293.1 297 300.8 303.9 309.6 310.7 309 306.4 306.8 317.5 322.4 327 333.8 336.8 339.9 348.6 357.5 368.4 379.2 391.9 405.3 414.7 428.9 442.6 451.6 458.1 463.2 469.3 474.2 477.2 478.5 479.8 481.2 480.9 483.3 490.1 495.6 502.4 512.3 522.4 537 547.9 572.5 593.6 615.2 634.4 652.3 666.6 678.6 685.1 690 692.9 695.1 695.1 694.6 692.5 686.9 675.4
257.9 260.2 262.5 265.4 268.2 271.5 274.4 274 274.9 275.9 277.1 277.6 277.7 277.9 281.3 284.4 286.3 288.8 290.5 295.2 297.3 298.4 302.6 311.1 313.7 312.9 312.9 315.7 318.3 317 324.1 329.5 337 344.1 350.3 351.9 352.3 358.6 371.7 385.6 399.9 411 426.2 437.5 448.5 456.8 464.3 472.6 479 483.4 486.9 489 489.9 493 495.6 501.7 507.4 514.2 523.4 536.5 549.9 566.5 580.9 599.9 621 638.1 656 666.1 677.2 681.7 686 689.4 690.3 690.3 689.3 685.8 677.7 669.2
261.5 264.2 266.7 269.9 272.7 276 277.4 277.8 277.8 278.7 279.5 280.1 281.9 283.9 285.7 288.1 290.1 293.6 295.8 299 302.5 306.6 309.2 315.3 317.8 318.8 319.8 318.8 324.1 313.8 326.4 333.5 341.9 350 354.9 359.7 364.6 366.9 363.8 378.3 392.1 404.3 420.3 432.3 444.2 453.2 462 470.7 480.5 486.4 491.6 494.6 497.3 500.3 503.2 506.6 514.6 524.4 537.2 547.9 562.4 578.7 591.4 610.1 626.3 642.8 658 665.7 673.9 678.2 682.2 684.9 685.6 684.4 683.9 677.8 669.8 664.1
264.7 268.3 271.2 274.3 276.6 279.5 280.9 281.2 280.9 281.4 282.3 283.8 285.9 288 288.8 290.8 293.3 297.2 299.5 301.4 305.3 308.2 315.7 319.6 322.5 324.3 323.7 322.7 328.5 318.2 328.4 337.1 346.7 354.4 359.9 364.2 370.1 375.3 378.6 372.2 383.7 397.9 414 425.7 437.5 448.3 458.6 469.1 478.1 487.4 494 499 502.2 505.2 509.8 516.2 525 536.3 547.2 558.3 572.3 587.2 602.8 616.7 633.9 649.6 658.3 665.7 670.9 674.5 677.5 679.9 679.8 678.8 676.3 669.7 663 657.3
267.4 270.8 274.3 277.6 279.8 282.5 283.8 284.6 284.9 284.7 286 286.9 289.6 291.1 291.9 294 297 299.6 302 304.3 309.9 316.8 320.8 323 326.5 329.1 331.6 328.6 331.6 334.7 325.8 339.4 350.7 358.9 364.4 368.7 374.6 381.3 386.2 389.1 381.6 390.2 409.2 421.3 434.7 445.8 456.2 466.9 477 486.6 494.8 500.7 504.7 509.8 515.6 522.3 532 543.6 555.6 568.6 581.6 597.6 610 622.7 640.8 652.1 658.7 663.9 667.7 670.3 673.2 674.1 673.9 672.4 669.7 664.2 658.2 649.3
269.8 273 276.3 279.5 282.4 284.6 286 286.9 287.5 287.8 288.5 290.6 292.7 293.9 295.3 297.8 299.4 301.9 304.7 310.2 314.5 321.9 326.1 328.8 331.7 336.5 335 339.4 340.8 342.4 340 339.2 352.4 362.4 368.5 373.2 379.2 386.1 392.4 397.6 400.1 396.4 404.7 420.8 433.7 445 454.2 464.5 475.7 486.2 495 501.5 507 513.1 520.4 527.6 539.6 551.5 563.4 576.8 590.8 605.3 617.4 629.1 644.5 651.8 657.2 661.6 664.1 666.1 667.7 668.4 667.5 664.7 661.9 659 648.7 639.6
271.1 274.1 277.2 280 282.9 285.3 287.3 289 290 290.5 291.4 293.7 295.9 296.6 298.7 300.6 302.5 306.1 309.6 315.4 320.5 325.8 330.4 334.6 340 343.6 344.1 345.8 347.1 348.5 350.2 337.2 353.5 365 371.8 377.5 384.1 391 397.9 406.5 410.4 410.3 406.5 411.6 431.1 443.3 453.6 463.8 476.1 486.1 494.5 501.5 507.9 515.5 523.1 531.8 543.2 555.4 569.3 583.6 596.2 611.1 621 633.5 645 650.2 654.4 657.7 659.1 660.1 661.3 661.3 660.3 658.1 656.7 651.2 641.7 628.7
270.9 274 277.3 280.5 283.4 286 288 290 291.7 294 296 297.2 298.7 300.3 302.3 305.4 308.4 310.9 315.7 321.2 326.3 332.5 337.5 342.3 349.5 353 355.5 356.3 355.3 356.3 359.6 346.9 351.4 365.7 375.7 382.3 389 395.9 406.7 414.1 418.7 421.5 418.7 413.8 427 441.1 453.6 463.8 477.2 486.8 494 501.2 507.5 515.2 523.7 535.1 545.2 559.8 573.8 587 600.4 613.8 623.5 634.9 642.9 647 650.2 651.8 653.5 653.8 654 653.7 651.3 649.4 649.8 641.5 631.6 620.1
271.5 274.2 277.2 280.5 283.7 286.7 288.7 291.1 293.8 295.9 298.9 301 302.7 304.5 307 309.6 312.2 314.3 320.7 326.1 333.5 340.1 345.2 351.1 358.3 363.2 366.9 367.6 365.9 364 365.2 363.5 346.6 366.9 378.6 385.7 392.5 400.9 411.1 419.2 426.9 430.2 429.7 427.2 420 438.3 451.3 463 476.2 485.6 493.5 500.7 507.6 515.5 525.3 536.4 547.7 562.3 576.6 589.8 602.4 614 622.9 634 639.8 642.7 644.4 645.4 646 646 645 643.8 640.9 640.3 638 632.3 623.1 613.2
