WholeMapElevations/data/ns/ns28_OST50GRID_20230518/NS28.asc
ncols 200
nrows 200
xllcorner 220000
yllcorner 680000
cellsize 50
[rows 72 to 107 of 200, columns 82 to 163 of 200]
-1.3 -1.3 -1.3 -1.3 -1.3 -1.3 -1.3 -1.3 -1.3 -1.3 -1.3 -1.3 -1.3 -1.3 -1.3 -1.3 -1.3 -1.3 -1.3 -1.3 -1.3 -1.3 -1.3 -1.3 -1.3 -1.3 -1.3 -1.3 6.2 15.2 24.9 32.4 41.3 49 59.8 65.6 76.2 86.2 95.2 102.3 116.8 134.5 147.1 154.4 165.6 174.6 188.1 207 218.8 223.3 224.6 229.2 238.9 249 256.5 262.4 267.4 272.1 276.6 276.6 276.9 276.3 276.8 279.3 283.7 287.7 290 294.2 295.7 295 297.2 299.6 302.5 306 308.4 310.6 312.8 314.6 315.5 314.8 314.3 316.5
-1.3 -1.3 -1.3 -1.3 -1.3 -1.3 -1.3 -1.3 -1.3 -1.3 -1.3 -1.3 -1.3 -1.3 -1.3 -1.3 -1.3 -1.3 -1.3 -1.3 -1.3 -1.3 -1.3 -1.3 -1.3 -1.3 -1.3 -1.3 5.2 10.3 20.2 27.8 35.5 45.1 55.4 63.9 75.9 85.5 90.8 101.3 114 129.4 142.8 151.4 159.1 172 185 198.6 211.6 217.8 221.2 224.3 232.8 243.3 253.5 259.1 264.7 273.7 278.6 280.5 277 274.2 273.5 274.8 277.9 281.9 280.9 287 289.9 292.9 292.1 294.2 296.6 300.1 304.4 307.1 309.8 311.7 312.9 313 314.1 316.6
-1.3 -1.3 -1.3 -1.3 -1.3 -1.3 -1.3 -1.3 -1.3 -1.3 -1.3 -1.3 -1.3 -1.3 -1.3 -1.3 -1.3 -1.3 -1.3 -1.3 -1.3 -1.3 -1.3 -1.3 -1.3 -1.3 -1.3 -1.3 4.4 8.3 15.3 23.4 31.8 41.3 51.4 60.6 71.1 84.8 87.5 97.6 114 129.4 136.3 147.6 156 167.7 179.9 191.5 202.3 211.7 216.3 219.8 227.4 239.6 249.8 254.5 259.9 269.3 280.9 279.5 275.2 272.4 270.1 269.7 271 274.9 275.7 274.2 283.2 285.1 289.3 290.4 292.5 295.9 300 304.1 307.4 308.1 309.2 311.7 313.6 315.4
-1.3 -1.3 -1.3 -1.3 -1.3 -1.3 -1.3 -1.3 -1.3 -1.3 -1.3 -1.3 -1.3 -1.3 -1.3 -1.3 -1.3 -1.3 -1.3 -1.3 -1.3 -1.3 -1.3 -1.3 -1.3 -1.3 -1.3 -1.3 4.5 6.3 13.4 20.2 30.3 36.8 47 57.1 66.7 77.9 88.1 95.4 108.6 123.2 131.1 141.6 150.4 161.7 173.1 186.6 195.7 204.9 211.6 215.8 219.5 232.4 242.5 250.4 255.1 263 273.2 274.9 273.1 271.2 268.7 263.7 265.9 266.8 269.3 274.2 275 274.3 284.4 286.6 289.5 291.6 295.5 300.6 303.4 304.2 310.5 311.3 312.8 314.3
-1.3 -1.3 -1.3 -1.3 -1.3 -1.3 -1.3 -1.3 -1.3 -1.3 -1.3 -1.3 -1.3 -1.3 -1.3 -1.3 -1.3 -1.3 -1.3 -1.3 -1.3 -1.3 -1.3 -1.3 -1.3 -1.3 -1.3 -1.3 -1.3 4.9 10 15.7 22.1 31.8 41.4 50.7 59.4 72.5 84.6 90.8 101.6 115.4 127.8 137.1 145.6 155.9 166.6 178.1 190.9 199 206.5 211.3 214.9 221.5 235.3 242.5 249.3 254.5 262.4 268.6 269.4 267.4 266.4 262 261 260.2 264.2 267.8 270.9 275.9 279.2 283 286 287.9 291.5 295.7 298.3 303.5 306.5 309.5 311.9 313.4
-1.3 -1.3 -1.3 -1.3 -1.3 -1.3 -1.3 -1.3 -1.3 -1.3 -1.3 -1.3 -1.3 -1.3 -1.3 -1.3 -1.3 -1.3 -1.3 -1.3 -1.3 -1.3 -1.3 -1.3 -1.3 -1.3 -1.3 -1.3 -1.3 5 8.2 12.5 19.4 24.9 35.5 46.4 56.3 67.5 76.5 87.1 99 109.2 122.1 132.6 140.5 150.4 159.9 170.6 183.6 192.7 199.6 205 209.6 215.7 225.6 235 241.3 246.2 251.4 259.4 261.5 263.3 263.6 261.1 251.7 255.8 258.4 260.2 267 271.5 274.5 278.3 282.2 284.5 286.4 290 297.4 300.4 303.3 306.6 309.3 311.7
-1.3 -1.3 -1.3 -1.3 -1.3 -1.3 -1.3 -1.3 -1.3 -1.3 -1.3 -1.3 -1.3 -1.3 -1.3 -1.3 -1.3 -1.3 -1.3 -1.3 -1.3 -1.3 -1.3 -1.3 -1.3 -1.3 -1.3 -1.3 -1.3 1.7 5.8 11.7 14.2 21.4 30.6 42.5 50.2 62.2 72.7 83.7 93.5 105.7 115.5 128.5 135.9 141.9 155.8 164.6 176.4 185.5 193.7 199.9 204.8 210.7 219.1 232.1 237 241.2 244.2 248.6 253.8 256.9 259 259 252.9 248.8 252.4 256.6 261.5 265 271.5 275 276.3 279.9 286.2 290.8 294.4 297.5 301 304.9 307.5 310.2
-1.3 -1.3 -1.3 -1.3 -1.3 -1.3 -1.3 -1.3 -1.3 -1.3 -1.3 -1.3 -1.3 -1.3 -1.3 -1.3 -1.3 -1.3 -1.3 -1.3 -1.3 -1.3 -1.3 -1.3 -1.3 -1.3 -1.3 -1.3 -1.3 -1.3 4.8 8.8 11.9 17.5 25.6 36.5 44.9 56.4 67.8 80.9 89.9 101.1 114.2 122.2 129.8 141.2 150.5 158.2 169.9 178.7 187.1 193.6 199.2 203.9 214.4 225.6 231.4 235 237.9 241.6 246.2 249.9 253 254.5 251.8 246.4 248.3 248.8 254.5 261.7 266.1 272.4 278 281.7 284.6 287.3 291.3 295.3 300.1 303.1 305.7 308.6
-1.3 -1.3 -1.3 -1.3 -1.3 -1.3 -1.3 -1.3 -1.3 -1.3 -1.3 -1.3 -1.3 -1.3 -1.3 -1.3 -1.3 -1.3 -1.3 -1.3 -1.3 -1.3 -1.3 -1.3 -1.3 -1.3 -1.3 -1.3 -1.3 -1.3 4.7 7.9 11.4 12.7 20 28.7 37.4 48.5 62.9 75 83.9 94.7 108.6 111.6 127.3 137.6 148.1 154.4 162 169.7 179 187.7 192.8 198.2 206.9 217.1 223.5 226.6 231.1 234.2 238 243.2 246.4 248.6 246.1 240.2 241.4 243.3 247.7 253.1 266.4 270.4 273.7 277.5 281.7 283.2 288.7 294.4 298.6 301.3 304.3 307.3
-1.3 -1.3 -1.3 -1.3 -1.3 -1.3 -1.3 -1.3 -1.3 -1.3 -1.3 -1.3 -1.3 -1.3 -1.3 -1.3 -1.3 -1.3 -1.3 -1.3 -1.3 -1.3 -1.3 -1.3 -1.3 -1.3 -1.3 -1.3 -1.3 -1.3 -1.3 5.9 10.6 12.6 16.8 24.6 33.2 42.5 55.1 66.9 79.6 88.9 102.3 110.9 125.1 135.3 145.1 153.9 157.1 163.7 170 178.3 186.3 192.8 199.6 207.8 209.8 220.1 223 226.3 229.6 233.3 238.1 241 243.5 235.1 236.1 238.1 242 253.3 260.7 266.5 267.8 273.2 275.9 282.3 287.7 292.9 296.4 299.7 301.9 305
-1.3 -1.3 -1.3 -1.3 -1.3 -1.3 -1.3 -1.3 -1.3 -1.3 -1.3 -1.3 -1.3 -1.3 -1.3 -1.3 -1.3 -1.3 -1.3 -1.3 -1.3 -1.3 -1.3 -1.3 -1.3 -1.3 -1.3 -1.3 -1.3 -1.3 -1.3 4.7 7.9 10.6 14.3 20.9 28.9 33.6 47.8 61.6 72.1 78.5 96.5 107.5 123.2 133.6 142.2 156.2 156.2 158.6 163.5 171.9 178.9 186 192.5 196.2 205.7 210.5 215.2 219.3 222.6 225 229.4 233.6 236.9 237.3 232.2 234.3 238.3 245.5 252.2 258.4 264.6 269.1 274.8 282.2 287.1 290.6 293.9 297.2 298.8 306.1
-1.3 -1.3 -1.3 -1.3 -1.3 -1.3 -1.3 -1.3 -1.3 -1.3 -1.3 -1.3 -1.3 -1.3 -1.3 -1.3 -1.3 -1.3 -1.3 -1.3 -1.3 -1.3 -1.3 -1.3 -1.3 -1.3 -1.3 -1.3 -1.3 -1.3 -1.3 -1.3 4.2 7.8 12 16.5 23.8 30.5 40.3 54.4 65.6 77.2 93.8 102.9 118 129.9 140.2 149.8 151.7 154.4 159.8 165.6 172.4 178.4 182.7 191.1 197.9 203.2 208.9 212.4 216 219.1 223.5 226.5 229.2 231.2 228.3 230.7 236.6 238.9 241.1 251.4 263.2 269 273.5 281.2 284.6 288.6 291.6 294.8 299.9 307.2
-1.3 -1.3 -1.3 -1.3 -1.3 -1.3 -1.3 -1.3 -1.3 -1.3 -1.3 -1.3 -1.3 -1.3 -1.3 -1.3 -1.3 -1.3 -1.3 -1.3 -1.3 -1.3 -1.3 -1.3 -1.3 -1.3 -1.3 -1.3 -1.3 -1.3 -1.3 -1.3 -1.3 5.3 9 14.3 21.8 27.6 33.5 42.5 61.8 72.3 87.8 96.8 111 124.4 134.2 142.6 149.8 152.3 156.1 159.8 165.4 167 176.8 184.4 190.4 196.7 202.5 207.2 210.3 213.7 217.7 220.1 222.3 224.7 223.6 226.8 231.4 235.4 243.1 252.8 261.7 268.7 270.6 277.8 283.1 285.4 289.6 295.3 299.6 302
2 -1.3 -1.3 -1.3 -1.3 -1.3 -1.3 -1.3 -1.3 -1.3 -1.3 -1.3 -1.3 -1.3 -1.3 -1.3 -1.3 -1.3 -1.3 -1.3 -1.3 -1.3 -1.3 -1.3 -1.3 -1.3 -1.3 -1.3 -1.3 -1.3 -1.3 -1.3 -1.3 5.3 7.3 11.8 19.4 23.6 29.9 38.3 58.4 67.6 80 92.1 104.8 115.6 127.8 136.3 146.1 147.3 151.6 155.1 159.4 163.3 167.6 176.7 183.9 190.9 197.6 203.3 205.5 208.3 211.4 213.7 215.6 216.6 214.2 221.8 223.3 233.5 243.1 250.8 259.1 264.3 267.7 271.4 274.3 282.6 290 294.1 297.5 299.1
6.6 0.4 -1.3 -1.3 -1.3 -1.3 -1.3 -1.3 -1.3 -1.3 -1.3 -1.3 -1.3 -1.3 -1.3 -1.3 -1.3 -1.3 -1.3 -1.3 -1.3 -1.3 -1.3 -1.3 -1.3 -1.3 -1.3 -1.3 -1.3 -1.3 -1.3 -1.3 -1.3 1.1 4.4 9.2 12.5 18.5 27.3 34.1 51.2 63.7 72.5 85.5 97.3 108.2 117.3 127.9 137.1 141.8 146.5 150.5 154 158 161.8 168.7 176.1 183.4 192.3 200.2 200.9 203.7 205.7 208.3 210.2 207.3 208.5 217.6 224.1 231.6 240.8 248.8 254.4 258.7 259.3 266.7 274 283 288.4 292.2 295.3 297.1
7.6 1.6 -1.3 -1.3 -1.3 -1.3 -1.3 -1.3 -1.3 -1.3 -1.3 -1.3 -1.3 -1.3 -1.3 -1.3 -1.3 -1.3 -1.3 -1.3 -1.3 -1.3 -1.3 -1.3 -1.3 -1.3 -1.3 -1.3 -1.3 -1.3 -1.3 -1.3 -1.3 -1.3 5.1 6.9 12.2 15.5 23.2 32.6 43.7 59.1 66.5 75.7 89.5 100.2 109.3 118.3 128.5 134.6 139.8 138.4 148.8 151.5 155.2 161.5 168.6 176.4 185.3 191.4 196.7 199.1 201.5 204.5 199.6 201.9 210.7 219 222.3 229.2 237.8 244.2 249.6 249.4 256.5 268.8 275.6 281.3 286.8 289.9 293 295.8
10.9 4.9 -1.3 -1.3 -1.3 -1.3 -1.3 -1.3 -1.3 -1.3 -1.3 -1.3 -1.3 -1.3 -1.3 -1.3 -1.3 -1.3 -1.3 -1.3 -1.3 -1.3 -1.3 -1.3 -1.3 -1.3 -1.3 -1.3 -1.3 -1.3 -1.3 -1.3 -1.3 -1.3 -1.3 5 9.2 12 20.4 31.6 40.4 52.3 59.4 70.6 82 91.7 101.2 111.2 119.2 126.3 129.1 138.5 142.3 143.8 149.3 155.7 161.5 170.2 178.4 186 190.5 195 198.1 199.9 194.2 205.3 208.9 215 218.6 224.9 231.8 238 240.1 250.6 262.9 269 273.4 277.7 283.9 287 290.1 294.5
12.6 6.3 -1.3 -1.3 -1.3 -1.3 -1.3 -1.3 -1.3 -1.3 -1.3 -1.3 -1.3 -1.3 -1.3 -1.3 -1.3 -1.3 -1.3 -1.3 -1.3 -1.3 -1.3 -1.3 -1.3 -1.3 -1.3 -1.3 -1.3 -1.3 -1.3 -1.3 -1.3 -1.3 -1.3 1.3 7.8 10.9 19.8 27.2 35 42.3 51.9 61 72.7 85 93.7 103.5 109.4 116.9 123.6 130.5 134 134.8 143 149.6 153.6 162.9 171.9 178.8 184.7 189.5 192.9 194.5 191.6 200.1 199.9 208.8 217.4 226.2 237.3 240.9 241.8 252.4 258.1 265.9 270 273.8 279.6 284.1 288.2 292.4
15 7.8 -1.3 -1.3 -1.3 -1.3 -1.3 -1.3 -1.3 -1.3 -1.3 -1.3 -1.3 -1.3 -1.3 -1.3 -1.3 -1.3 -1.3 -1.3 -1.3 -1.3 -1.3 -1.3 -1.3 -1.3 -1.3 -1.3 -1.3 -1.3 -1.3 -1.3 -1.3 -1.3 -1.3 -1.3 1.8 8.6 15.8 21.4 29 38.5 49.4 49.8 65.2 76.3 87.2 93.4 99.6 107.3 115.1 120.7 123.2 132.4 139.4 142.2 147.2 153.5 163.5 173.8 179.3 184.6 187.5 189.1 187.3 196.2 196.5 207.2 219.5 232 236.5 236.4 243.2 247.1 256.6 261.6 265.5 270.1 275.3 281.1 284.8 286.9
16.6 10.1 4.1 -1.3 -1.3 -1.3 -1.3 -1.3 -1.3 -1.3 -1.3 -1.3 -1.3 -1.3 -1.3 -1.3 -1.3 -1.3 -1.3 -1.3 -1.3 -1.3 -1.3 -1.3 -1.3 -1.3 -1.3 -1.3 -1.3 -1.3 -1.3 -1.3 -1.3 -1.3 -1.3 -1.3 0.4 5 14 18.6 23.1 30.7 41.7 45 55.8 67.3 76.1 83.9 91.1 100.8 106.6 109.7 121.5 128.8 132.6 133.5 140.9 146.9 152.4 166.1 171.9 178.6 179.8 178.3 188.5 186.2 191.7 201.9 218.1 226.4 228.4 232.9 237.3 246.4 253.2 257.5 262.2 267.6 274.8 277.3 279.3 279.7
21 11.8 6 -1.3 -1.3 -1.3 -1.3 -1.3 -1.3 -1.3 -1.3 -1.3 -1.3 -1.3 -1.3 -1.3 -1.3 -1.3 -1.3 -1.3 -1.3 -1.3 -1.3 -1.3 -1.3 -1.3 -1.3 -1.3 -1.3 -1.3 -1.3 -1.3 -1.3 -1.3 -1.3 -1.3 -1.3 3.3 7.7 15.4 17.4 23.3 34.6 39.3 46.9 57.6 68.5 76.3 85.9 92.3 95.1 107 116 122.2 124.6 125.8 132.5 139.1 142.6 155.1 163.9 171.8 164.8 180.4 185.1 181.6 183.8 196.5 207.9 215.8 223.2 226.5 230.3 239.8 248.5 252.2 256.9 263.3 269.2 272.7 272.8 272.8
23.2 17.3 7.9 1.4 -1.3 -1.3 -1.3 -1.3 -1.3 -1.3 -1.3 -1.3 -1.3 -1.3 -1.3 -1.3 -1.3 -1.3 -1.3 -1.3 -1.3 -1.3 -1.3 -1.3 -1.3 -1.3 -1.3 -1.3 -1.3 -1.3 -1.3 -1.3 -1.3 -1.3 -1.3 -1.3 -1.3 1.1 5.4 10.2 15.2 19.2 24.6 36.2 39.8 48.9 60 69.7 77.6 81.4 92 99.8 108.1 112.3 114.8 120.5 124.2 131.9 135.4 142.8 152.2 161.7 167.6 176.4 181.4 172.5 181.7 189.9 200.3 209.8 216.9 220.3 222.6 232.8 239.8 246.2 251.3 256 262.4 263.8 264.2 265.4
27.6 18.7 10.7 5.4 -1.3 -1.3 -1.3 -1.3 -1.3 -1.3 -1.3 -1.3 -1.3 -1.3 -1.3 -1.3 -1.3 -1.3 -1.3 -1.3 -1.3 -1.3 -1.3 -1.3 -1.3 -1.3 -1.3 -1.3 -1.3 -1.3 -1.3 -1.3 -1.3 -1.3 -1.3 -1.3 -1.3 -0.3 1.5 13.1 12 17.5 21.2 29.6 35.7 42 52.3 60.9 68.8 78 86 92.6 97.9 102.6 108.9 113.7 117.4 123.7 129.5 132.9 138.9 146.8 165.2 170.6 174.8 165.6 174.9 185.2 193.9 203 209.5 214.3 217.6 223.7 230.6 240.6 245.9 247.1 250.1 252.5 255.3 257.2
29.6 21.1 12.7 7.3 1.4 -1.3 -1.3 -1.3 -1.3 -1.3 -1.3 -1.3 -1.3 -1.3 -1.3 -1.3 -1.3 -1.3 -1.3 -1.3 -1.3 -1.3 -1.3 -1.3 -1.3 -1.3 -1.3 -1.3 -1.3 -1.3 -1.3 -1.3 -1.3 -1.3 -1.3 -1.3 -1.3 -1.3 1.1 11.6 12.7 13.2 16.7 23.5 30.6 36 43.6 51.1 62 70.5 77.4 83.4 88.4 95.7 101.8 105.7 111.3 117.1 123.2 118.4 133.9 149.1 158.3 164.2 166.2 157.1 172.6 181.2 189 195.4 201.7 207.6 213.2 219.2 228.7 236 238.6 240.2 239 240.5 244.8 247.8
33 25.6 16.5 9.8 4.7 -1.3 -1.3 -1.3 -1.3 -1.3 -1.3 -1.3 -1.3 -1.3 -1.3 -1.3 -1.3 -1.3 -1.3 -1.3 -1.3 -1.3 -1.3 -1.3 -1.3 -1.3 -1.3 -1.3 -1.3 -1.3 -1.3 -1.3 -1.3 -1.3 -1.3 -1.3 -1.3 -1.3 -1.3 7 7.9 11.1 13.5 19.1 25.7 30.5 37.3 46 55.2 62.9 69.9 73.9 81.7 89.2 91.1 98.8 105.7 111.2 113.2 105.5 128 140.1 147.4 155.4 158.1 158.1 168.5 176.6 183.6 187.2 194 200.5 207.6 214.7 219.6 225.4 230.5 231.6 231.4 233.9 238 243
37.2 28.8 20.9 12.3 6.4 1.5 -1.3 -1.3 -1.3 -1.3 -1.3 -1.3 -1.3 -1.3 -1.3 -1.3 -1.3 -1.3 -1.3 -1.3 -1.3 -1.3 -1.3 -1.3 -1.3 -1.3 -1.3 -1.3 -1.3 -1.3 -1.3 -1.3 -1.3 -1.3 -1.3 -1.3 -1.3 -1.3 -1.3 -1.3 4.3 6.3 9.6 14.2 19.5 25.3 33.5 40.8 47.7 54.5 61.3 68.4 76 79.5 85.5 96.5 102.2 106.2 107.3 111.3 118.5 130 137.6 148.7 144.6 160.8 164.9 170.1 176.7 181.5 187.5 194.3 199.9 206.5 211.4 217 221.6 222.4 222.4 226 231.4 237.5
40.3 31.6 23 14.5 8.3 3.5 -1.3 -1.3 -1.3 -1.3 -1.3 -1.3 -1.3 -1.3 -1.3 -1.3 -1.3 -1.3 -1.3 -1.3 -1.3 -1.3 -1.3 -1.3 -1.3 -1.3 -1.3 -1.3 -1.3 -1.3 -1.3 -1.3 -1.3 -1.3 -1.3 -1.3 -1.3 -1.3 -1.3 -1.3 -1.3 1.3 5.5 8.5 13.2 21.5 28.5 34.6 40.5 46.4 53.5 62.5 69.6 74 82.4 89.2 96.6 100.1 98 105.1 112.4 119.8 130.7 138.4 155.4 160 159.5 164.7 171.7 177 182.6 188.1 193.8 198.3 203.9 209.9 214.4 213.6 217.5 220.6 221.9 230.7
48.4 34.6 25.9 17.8 10.7 6.2 4.5 -1.3 -1.3 -1.3 -1.3 -1.3 -1.3 -1.3 -1.3 -1.3 -1.3 -1.3 -1.3 -1.3 -1.3 -1.3 -1.3 -1.3 -1.3 -1.3 -1.3 -1.3 -1.3 -1.3 -1.3 -1.3 -1.3 -1.3 -1.3 -1.3 -1.3 -1.3 -1.3 -1.3 -1.3 -1.3 -1.3 4.9 8.3 16.7 22.6 28.7 34.5 41.7 47.8 54.9 61.5 69.1 75.6 86.6 90.2 91.7 81.1 99.9 105.5 108.8 126.8 138.2 147.4 152.8 155.2 160.6 166.6 172.4 180.1 183.6 185.9 190.7 195.5 200.5 205.4 208 211.9 216.3 218.4 223.6
54.6 42.2 31.4 23.5 14.7 9.5 5.2 1.4 -1.3 -1.3 -1.3 -1.3 -1.3 -1.3 -1.3 -1.3 -1.3 -1.3 -1.3 -1.3 -1.3 -1.3 -1.3 -1.3 -1.3 -1.3 -1.3 -1.3 -1.3 -1.3 -1.3 -1.3 -1.3 -1.3 -1.3 -1.3 -1.3 -1.3 -1.3 -1.3 -1.3 -1.3 -1.3 -1.3 4.9 10 18.8 21.6 28.9 34.9 42.2 49.4 59.9 67.5 69.1 76.5 80.9 74 89.7 93.5 95.3 110.6 120.4 130.3 140.2 144.3 148.4 155.3 161 167.6 175.4 178.1 179.9 183.5 187.4 193.1 198.6 200.9 205.4 207.6 212.3 215.3
64 54 39.2 28.7 19.8 12.5 7 3.8 -1.3 -1.3 -1.3 -1.3 -1.3 -1.3 -1.3 -1.3 -1.3 -1.3 -1.3 -1.3 -1.3 -1.3 -1.3 -1.3 -1.3 -1.3 -1.3 -1.3 -1.3 -1.3 -1.3 -1.3 -1.3 -1.3 -1.3 -1.3 -1.3 -1.3 -1.3 -1.3 -1.3 -1.3 -1.3 -1.3 -1.3 6.3 15.8 21.9 25.8 33.1 38.7 47.7 53.7 59.5 63.8 67.7 62.8 74.2 77.2 88.8 95.5 102 113.3 125 131.8 136.5 143 148.5 154.7 161.6 167.4 172 174.4 177.3 179.8 185.3 189.9 193 198.2 203.4 205.9 208.4
78.1 66.6 51.1 38 26.2 19.1 10 6.1 1.5 -1.3 -1.3 -1.3 -1.3 -1.3 -1.3 -1.3 -1.3 -1.3 -1.3 -1.3 -1.3 -1.3 -1.3 -1.3 -1.3 -1.3 -1.3 -1.3 -1.3 -1.3 -1.3 -1.3 -1.3 -1.3 -1.3 -1.3 -1.3 -1.3 -1.3 -1.3 -1.3 -1.3 -1.3 -1.3 -1.3 1.7 10.3 20.8 22.4 30.3 33.3 42.6 44 42 44.2 49.4 68 66.6 74.9 84.7 93.3 101.7 111.6 121.7 131.7 136.4 139.2 141.7 147.1 152.5 159 164 168.1 170.8 173.3 177.2 181.1 185.9 191.2 198.3 200.5 201.9
90.3 76 61.2 47.2 36 27.3 13.5 9.2 4.4 0.8 -1.3 -1.3 -1.3 -1.3 -1.3 -1.3 -1.3 -1.3 -1.3 -1.3 -1.3 -1.3 -1.3 -1.3 -1.3 -1.3 -1.3 -1.3 -1.3 -1.3 -1.3 -1.3 -1.3 -1.3 -1.3 -1.3 -1.3 -1.3 -1.3 -1.3 -1.3 -1.3 -1.3 -1.3 -1.3 -1.3 6.8 13.2 21.2 27.9 30.2 39.5 32.5 39.1 47.3 51.1 58.9 67.5 76.2 83.7 92.2 100.1 111.2 115.6 125.1 130.5 135.2 137.2 141.4 145.9 150.8 157.4 161 163.6 166.9 168.5 171.6 177.5 184.9 191.7 193.8 194.3
98.7 85 71.6 53.7 41.7 33.6 22.5 13.7 8.4 4.4 -1.3 -1.3 -1.3 -1.3 -1.3 -1.3 -1.3 -1.3 -1.3 -1.3 -1.3 -1.3 -1.3 -1.3 -1.3 -1.3 -1.3 -1.3 -1.3 -1.3 -1.3 -1.3 -1.3 -1.3 -1.3 -1.3 -1.3 -1.3 -1.3 -1.3 -1.3 -1.3 -1.3 -1.3 -1.3 -1.3 5.4 8.8 19.3 27.7 25.8 27.7 27.8 38.6 43.5 49.2 55.2 68.9 77.1 85.5 92.4 94.7 104.3 113 117.5 123.2 128.6 132.3 135.3 138.2 144.1 148.7 154 156.5 159.9 162.2 164.4 168.5 176 183.4 185.8 186.6
105.5 94.3 81.6 62.6 50.2 40.2 29.2 18.3 13.6 6.4 2.1 -1.3 -1.3 -1.3 -1.3 -1.3 -1.3 -1.3 -1.3 -1.3 -1.3 -1.3 -1.3 -1.3 -1.3 -1.3 -1.3 -1.3 -1.3 -1.3 -1.3 -1.3 -1.3 -1.3 -1.3 -1.3 -1.3 -1.3 -1.3 -1.3 -1.3 -1.3 -1.3 -1.3 -1.3 -1.3 4.4 6.9 14.9 19.3 21.7 23.3 33.3 39.3 44 50.7 57.1 66.1 72.6 80.5 84.3 94.7 104.1 107.1 113.5 115.3 121.2 126 130.9 133.8 135.5 139.9 144.6 149.1 152.1 154.3 156.1 159.7 166.9 173.1 175.7 177.6
114.6 102.3 87.6 70.9 56.1 46.5 36.5 26.2 17.2 10.5 5.6 -1.3 -1.3 -1.3 -1.3 -1.3 -1.3 -1.3 -1.3 -1.3 -1.3 -1.3 -1.3 -1.3 -1.3 -1.3 -1.3 -1.3 -1.3 -1.3 -1.3 -1.3 -1.3 -1.3 -1.3 -1.3 -1.3 -1.3 -1.3 -1.3 -1.3 -1.3 -1.3 -1.3 -1.3 -1.3 4.8 4.5 13.8 15.4 16.1 21.2 32.4 41.4 44.5 48.4 59.3 66.2 70.9 75.5 81 90.7 97.1 101.3 103.9 108.2 112.3 118.2 123.8 127.6 130.1 130.8 136.9 140.7 143.5 146.4 149.4 151.7 157 162.3 166.7 169.1
121.8 109.6 94.9 79.6 63.2 51.9 42.4 32.3 23.7 14.2 10.4 2.9 -1.3 -1.3 -1.3 -1.3 -1.3 -1.3 -1.3 -1.3 -1.3 -1.3 -1.3 -1.3 -1.3 -1.3 -1.3 -1.3 -1.3 -1.3 -1.3 -1.3 -1.3 -1.3 -1.3 -1.3 -1.3 -1.3 -1.3 -1.3 -1.3 -1.3 -1.3 -1.3 -1.3 -1.3 3.9 3.9 12.6 10 12.2 18.9 32.9 39 42.6 45.5 55.4 61.9 66.4 73.5 78.3 86.9 92.2 95.7 98.5 101.5 103.8 111.6 116.7 120 123.1 125.7 127.6 132.7 135.5 139.1 141.4 144.7 147.5 152.6 158.8 161.7
