UK/data/na/na91_OST50GRID_20230518/NA91.asc
ncols 200
nrows 200
xllcorner 90000
yllcorner 910000
cellsize 50
[rows 88 to 131 of 200, columns 96 to 191 of 200]
-2 -2 -2 -2 1.5 0.1 -1.3 -2 12.8 19.8 37.8 53.9 72.6 99.2 104.5 118.6 133.5 129.2 117.1 119 136.6 161.9 157.2 169.5 181.4 185.2 189.8 204.2 210.5 215.6 235.4 254.6 267.9 270.3 279.7 279.9 282.9 291.7 292.6 299.4 299.7 295.5 291.1 293.6 286.4 277.5 260.9 253.4 251.6 247.9 242.5 238.3 233.3 222.4 211.9 205.6 201.2 194.3 185.5 179.7 168.5 163.8 158.1 143.9 135.5 117.4 96.5 85.7 75.4 67.7 53.2 50.8 43.5 41.1 40.2 30.4 15.7 -2 -2 -2 -2 -2 -2 -2 -2 -2 -2 -2 -2 -2 -2 -2 -2 -2 -2 -2
-2 -2 -2 -2 0.7 0.5 -2 -2 10.3 24.2 40.6 52.7 81 103.3 107.7 116 125.7 118.6 114 130.7 145.5 166.2 163.1 169.1 178.4 179.4 184.5 193.6 200.2 207.1 220.5 238.3 250.7 261.7 268 271.1 277.4 282.6 283.1 290.8 291.8 284.9 282.1 279.9 277.6 270.2 252.1 247.2 245.5 244.8 239.3 234 225 212.5 203.9 197.4 191.9 181.2 176 167.9 157.5 153.2 146.4 131.6 122.3 110.2 89.7 79 75 58.4 50.7 43.4 41.6 38.2 34 21.6 14.3 -2 -2 -2 -2 -2 -2 -2 -2 -2 -2 -2 -2 2 -2 -2 -2 -2 -2 -2
-2 -2 -2 -2 -2 -2 -2 0.6 14.5 31.6 41.1 50.6 76.8 98.8 105.8 115.3 122 110.9 121.4 141 149 166.7 161.5 171.7 177.8 177.4 185.3 188.2 189.8 200.2 212.9 224.8 235.8 248.6 265.4 277.6 282.6 275.8 272.9 275.9 281.3 275.9 273.2 275.5 268.9 256.1 251 241.7 241.2 234.2 232.6 228.4 220.1 209.3 194.8 190.2 183.4 174.5 167.8 157.4 145.2 140 131.5 120.4 106 90.5 78.1 68.7 62.4 54.4 45.5 36.2 36.7 30.6 23.4 17.5 12.6 -2 -2 -2 -2 -2 -2 -2 -2 -2 -2 -2 -2 5.6 0.6 1.8 -2 -2 -2 -2
-2 -2 -2 -2 -2 -2 -2 -2 20.4 27.6 41.6 47.5 73.2 95 101.8 103 108.1 104.3 123.7 135.9 140.3 152.9 152.5 163 172.3 172.6 183.7 189.5 190.7 196.7 206.4 223.5 235.4 251.9 262.7 270.1 276.5 271.2 266.8 270.6 273.4 274.3 270.8 268.9 263.6 255.6 252.7 239.3 233.7 226.8 221.5 223.3 214.5 202 191 182.3 174.1 160.3 155.4 143.7 135.4 124.9 115.9 101.8 89.7 81.9 67.5 62.3 57.1 50.2 45 34.6 27.9 24.6 22.1 17.5 13 -2 -2 -2 -2 -2 -2 -2 -2 -2 -2 -2 -2 -2 -2 8.2 -2 -2 -2 -2
-2 -2 -2 -2 -2 -2 -2 -2 32.2 31.9 41.4 48.8 71.7 86.3 87.4 86.8 97.2 106.1 119.1 127.3 129.9 145.4 147.4 152.4 163.6 176.9 188.9 194.4 197.6 205.2 216 223.2 236.5 248.9 253.7 256.2 261.2 256.5 259 262.2 269.8 274.1 268.5 267.9 258.5 265.6 254.3 240.9 228.1 221.2 218.9 213.5 206.8 197.1 183.2 170.4 159.2 149.3 138.7 127.8 118.7 115.7 105.3 95 88.6 80.9 68.5 61 53.3 48 44 37.9 32.9 27.7 24.3 21.9 17.3 3.3 -2 -2 -2 -2 -2 -2 -2 -2 -2 -2 -2 -2 -2 7.5 6.4 -2 -2 0.6
-2 -2 -2 -2 -2 -2 -2 -2 40.5 40.8 44.2 52.2 63 80.5 85.3 85.3 89.4 105.7 113.9 120.4 121.3 133 141.8 148.5 159 179.7 193.3 200.1 197.7 197.8 216.3 225.5 230.9 234.7 236.3 243.2 241.7 239.3 244.1 255.8 259.6 261 262.1 258.9 255.9 261.5 257.1 240.6 229.2 220.9 218.3 217.2 206.2 189.7 182.9 167.3 158.1 146 131.3 121.7 109.4 106.8 100.4 89.7 75.3 70.3 68.3 61.7 52.9 46.3 37.4 36.7 37.6 37.6 26.8 22.9 16.9 12.2 -2 -2 -2 -2 -2 -2 -2 -2 -2 -2 -2 -2 -2 10.4 13 6.8 8 8.1
-2 -2 -2 -2 -2 -2 -2 28.4 37 34.3 44.7 53.6 69.4 78.4 83.3 84.9 96.5 105.3 107.8 112.3 120.8 128.8 136.6 144.2 155.1 176 187.9 194.3 197.1 195.7 209.6 217.1 221.1 225.9 221.8 224.2 225.1 225.9 234.9 244.7 247.6 245.2 245.5 246.6 251.3 251.1 249.8 249.5 240.5 232.6 223.5 226 213.6 196.4 179.5 167.6 155 141.5 129.3 111.2 101.6 94.4 85.8 77.6 60.7 56.3 52.5 49.9 45.5 42.6 40.8 41.4 43.6 37.1 28 24 21.4 15.3 -2 -2 -2 -2 -2 -2 -2 -2 -2 -2 -2 -2 -2 12.2 15.2 9.6 10.4 9.3
-2 -2 -2 -2 -2 -2 -2 20 34 36.3 51.4 60.7 77.5 83.3 89.8 83.6 97.1 105 102 108.2 114.8 127.6 131.6 134.6 152.1 175.4 187.6 187.8 188.1 178.2 189.3 199 206.4 209.1 211 208 211.3 218.4 222.2 234.6 238.1 231.9 222.7 235 257.3 258.6 252.3 251.5 241.8 232.1 226.3 224.3 212 195.6 179.9 167.4 149.2 137.5 121.6 105 92.2 82 74.6 64.9 54.4 52.3 50.5 52.6 46.6 44.4 42.9 46.1 48.8 41.9 28.7 26.3 23.5 17.3 -2 -2 -2 -2 -2 -2 -2 -2 -2 -2 -2 -2 5.9 15.3 19.2 11.8 10.9 9.5
-2 -2 -2 -2 -2 -2 -2 18.1 28.2 38.4 53.9 67 84.8 89 93.5 82.2 98.2 101.1 100.3 106.9 113.6 126.9 137 134 137.9 169.5 182.3 183.4 178.3 171.7 179.7 185.4 189.6 194.3 194.6 198.3 202.2 207.7 210 218 218.7 220.3 216.2 226.8 248.2 250.4 249.1 250 243.6 230.4 220.3 216.2 201.8 185.9 173.3 168.4 146.3 134.9 114.6 101.3 85.9 79.8 71.3 63.2 51.7 50.2 49.3 48.4 45.8 44.3 45 54.4 54.5 44.7 35 30.2 26.7 19.4 -2 -2 -2 -2 -2 -2 -2 -2 -2 -2 -2 -2 10.9 15.3 15.5 8.3 8.9 8.5
-2 -2 -2 -2 -2 -2 7.3 13.8 19.3 29.6 50.1 71.4 83 88.3 91.8 83.7 98.7 98.5 100.8 106.9 114.4 123.5 136.4 138.1 140.5 158 172.6 173.9 172.4 163.9 175.1 181.8 180.6 183.5 182 186.5 189.9 192 196.7 204.6 209.7 202.6 213.8 216.3 228.4 232.7 242.2 244.1 240.7 224 209.1 198 187.9 171.5 159.8 156.4 140.6 132.2 111.5 92.6 79.3 75.3 68.2 57.6 51.6 50.3 50.3 48.4 47.2 46.8 47.2 52.3 54 45.8 40.8 34.5 25.1 18.6 -2 -2 -2 -2 -2 -2 -2 -2 -2 -2 -2 -2 -2 15.7 15.6 8.3 7.6 8.1
-2 -2 -2 -2 -2 -2 -1.3 6.4 12.5 23.4 46.1 63.2 78.6 81.4 74.6 80 88.7 92.4 99.5 109.4 116.5 124.4 136.3 139.7 140.8 149.7 161.2 164.1 163.9 157.9 167.4 172.6 173.8 176.3 166.2 170.4 176.8 181.4 176.2 183.6 183.1 197 212.6 202.1 212.3 230.5 246.6 235.6 230.5 206 192.6 176.8 167.9 154.3 141.6 137.5 132.5 120.2 106.6 93.7 77.6 71.4 72.5 59.9 55.2 54.1 53.2 51.3 50.4 47.9 48.1 50.9 52.9 45 40.4 31.4 26.1 14.9 -2 -2 -2 -2 -2 -2 -2 -2 -2 -2 -2 -2 -2 -2 9.1 6.7 4 0.9
-2 -2 -2 -2 -2 -2 -2 -2 -2 13.6 32.8 48.3 68.8 70 67.6 81 86.7 81.9 102 114 118.5 125.1 137.5 139.5 134.9 135.8 153.6 159.1 157.2 148.1 163.9 166.8 160.5 156.2 149.5 155.6 159.2 165.6 169.2 169.2 169.4 187.2 200.7 198.4 207.1 218.3 217.9 217.7 207.2 186.5 173.2 159.2 154.2 140.1 129.6 130.3 122.9 113 101.4 89.7 76.8 72.6 70.8 64.1 57.4 57.3 56.1 54.2 52.1 51.7 49.8 53.4 50.3 45.5 38.2 29.2 24.1 12.6 -2 -2 -2 -2 -2 -2 -2 -2 -2 -2 -2 -2 -2 -2 0 1.9 3.3 -2
-2 -2 -2 -2 -2 -2 -2 -2 -2 -2 27.2 36.9 49.2 53.7 57.5 72.2 79.5 81.1 100.6 117.9 123.9 127.9 136.9 138 133.6 136.8 145.6 151.7 153.4 139.8 149.5 153.7 146.2 144.6 142.8 141.6 145.2 152.9 157.3 157.1 167.9 169.7 187.5 188.6 188.8 200.8 196.8 192 176.5 168.5 153.9 142.8 139.2 120.5 115.7 117.4 115.5 104.3 102.2 85.3 79.2 73.9 70.9 66.3 61.3 62.8 60.5 55.4 53.3 56.3 50.3 50.5 48.7 44.2 32.4 30.2 27.5 15.1 -2 -2 -2 -2 -2 -2 -2 -2 -2 -2 -2 -2 -2 -2 -2 -2 -2 -2
-2 -2 -2 -2 -2 -2 -2 -2 -2 -2 22 32.1 39.7 50.2 48.6 53.9 62.2 82.8 100.9 113.9 126.5 132.9 139.1 139.8 134 133.4 133.8 139.9 135.8 129.4 137.3 140 133.9 135.9 132.9 134 139.2 141 140.2 145.6 160.7 166.4 174.1 177.1 177.6 180.4 180 168.1 158.8 151.6 141.6 129.5 114.3 101.5 104.3 98.7 105.5 104.2 98.7 84 74.6 72.7 70 65.6 64.6 68.1 66.8 59.5 61.7 63.7 54.4 48.7 43.4 38 36.6 32.6 26.8 14.9 -2 -2 -2 -2 -2 -2 -2 -2 -2 -2 -2 -2 -2 -2 -2 -2 -2 -2
-2 -2 -2 -2 -2 -2 -2 -2 -2 -2 22.8 32.1 34.4 42.3 30.6 46.6 55.8 66.8 89.6 106.8 122.4 134.4 137.9 135.6 133.7 135.6 132.2 125.3 123.8 118.2 121.2 126 121.1 126 127.7 128.4 132.5 136.4 135.2 143.9 153.5 158.4 162.5 158.9 161.4 163.9 158.6 155.8 153.4 143.2 124.5 115.4 99.2 89.8 90.4 91.1 93 94.8 81.3 73.6 73.1 69.9 68.1 68.1 67.8 73.4 72.9 67.5 69.4 67.1 58.3 54.5 52 43.9 40.6 35.7 28.4 20.3 8.7 -2 -2 -2 -2 -2 -2 -2 -2 -2 -2 -2 -2 -2 -2 -2 -2 -2
-2 -2 -2 -2 -2 -2 -2 -2 -2 -2 -2 21.3 28 33.3 14.5 45.6 54.6 64.7 75.3 90.8 100.7 119.7 123.5 121.9 133.2 142.8 131.3 122.4 110.3 110.6 116.1 113.8 116.3 112.3 116.6 118.4 123.2 124.4 121.1 136 141.8 146.7 146.2 136.5 144.9 146.2 148 142.1 140.5 127.3 112.6 102.6 87.9 79.3 78.3 79.2 80.6 71.7 67.6 69.5 62.4 61.8 60.2 64.4 65.6 69.7 72.1 78.7 92.6 86.8 72.1 63.7 60 50.6 47.3 38.1 35.7 24.5 9.4 -2 -2 -2 -2 -2 -2 -2 -2 -2 -2 -2 -2 -2 -2 -2 -2 -2
-2 -2 -2 -2 -2 -2 -2 -2 -2 -2 -2 -2 -2 -2 -2 39.8 52.6 63.3 73.3 81.6 91.9 99.9 107.5 114.4 126.5 130.6 122.2 112.4 104.7 94.8 103.7 102.6 106.3 109.2 110.5 112.8 113.4 114.2 119 125 123.9 126.1 126.9 129.9 133.3 135 136.8 133.5 120.5 108.7 96.9 86.1 75.8 68.7 65.5 69.9 65.2 57.6 56.9 54.6 54.9 55.4 55.4 55.4 55.4 74 85.2 98.5 99.5 96.5 96.7 71.7 65.8 53.1 47.3 40.9 36.4 24.7 9.8 -2 -2 -2 -2 -2 -2 -2 -2 -2 -2 -2 -2 -2 -2 -2 -2 -2
-2 -2 -2 -2 -2 -2 -2 -2 -2 -2 -2 -2 -2 -2 -2 39.7 51.8 63.6 69.4 80.7 85.5 91.7 97.3 101.3 109.3 110.6 104 97.7 100 91.2 96.5 101 103.4 107.3 102.6 105.2 105 105.7 109.8 117.3 126.7 123.1 118 120.8 124.7 131.4 127.2 119.7 104.4 96.8 87 74 67.2 61.1 55.6 53.1 57.2 52.4 55.7 54.5 55.1 60 58.7 55.4 61.6 75.9 99.3 109.5 111.7 108.3 98.7 84.2 69.9 56.4 47.1 39.7 34.6 23.3 15.5 -2 -2 -2 -2 -2 -2 -2 -2 -2 -2 -2 -2 -2 -2 -2 -2 -2
-2 -2 -2 -2 -2 -2 -2 -2 -2 -2 -2 -2 -2 -2 -2 38.9 54.6 64.4 73.3 76.2 82.2 88.4 88.2 91.1 98.6 95.8 91 85.5 88 82.2 88.4 91.4 97 98.1 95.4 95.6 103.4 108.9 116.4 121.5 121.7 119.3 116.4 116.9 117.8 121.6 120.1 113.3 105.7 85.7 81.9 59.9 58.3 57 50.4 49.7 49.4 48.7 51 48.2 51.2 54 55.9 57.4 67 86.6 109 112 113.6 109.6 98.9 85.7 68.2 57.9 53.4 42.8 33.2 23 16.4 12.6 -2 -2 -2 -2 -2 -2 -2 -2 -2 -2 -2 -2 -2 -2 -2 -2
-2 -2 -2 -2 -2 -2 -2 -2 -2 -2 -2 -2 -2 -2 -2 37.2 51.9 62.9 69.2 72.9 81 87.4 86.4 86.4 91.2 88.9 80.4 76.2 75 75.5 78.6 85.2 85.4 87.7 87.5 90.8 97.7 103.5 111.4 114.5 117.4 122 116.8 116.6 108.7 111.1 107.1 102.7 93.4 87.1 69.3 57.5 56 56.2 50.7 49 48.3 48.7 41 41.3 50.2 51.6 56.9 62.7 71.9 89.1 101.5 109 113.2 102.3 93.9 90.8 72.8 63 51.1 44.2 35.4 22.2 13.6 12.6 -2 -2 -2 -2 -2 -2 -2 -2 -2 -2 -2 -2 -2 -2 -2 -2
-2 -2 -2 -2 -2 -2 -2 -2 -2 -2 -2 -2 -2 -2 -2 25.5 49.7 60.9 70.6 75.5 79.1 84.9 86.6 77.6 83.5 81.9 74.4 68.9 63 62.5 69.9 74.1 75.7 72 78.2 78.5 84.2 93.1 100.5 105.3 105.2 115.3 115.1 113.6 101.9 101.3 96.3 92.5 85.1 74.1 64.7 57.8 60.2 57.6 49.7 44.5 44.4 45.2 46.4 41 41 55.6 66.7 66.3 77.4 94.7 105.9 116.3 120.2 112.4 110.5 110.4 87 63.6 59.6 53.3 35.4 19.9 13.1 2.6 -2 -2 -2 -2 -2 -2 -2 -2 -2 -2 -2 -2 -2 -2 -2 -2
-2 -2 -2 -2 -2 -2 -2 -2 -2 -2 -2 -2 -2 -2 -2 24.9 32.4 46.7 64.4 76.2 80.7 80.6 81.1 71.8 74.8 73.6 67.8 59.8 53.1 52.6 60.9 63.1 61.5 65.7 71.8 74.7 76.9 89.8 94.6 95.1 98.7 108.3 110.6 105.4 101.1 102.2 96.8 87.1 75.7 72.4 57.4 58.9 59.3 48.4 41 41 41 41 41 41 44.8 59.8 66.1 75.4 82.2 95.2 103.5 113.8 116.3 124.6 123.6 114.2 97 65.7 62.9 56.7 40.7 24.4 9.8 1 -2 -2 -2 -2 -2 -2 -2 -2 -2 -2 -2 -2 -2 -2 -2 -2
-2 -2 -2 -2 -2 -2 -2 -2 -2 -2 -2 -2 -2 10.5 -2 27.8 34.2 37.1 43.1 61.2 69.2 69.6 72.2 65.6 70.1 70.9 64.1 52.8 41.2 42.4 42.7 48.3 55.3 67.3 65.7 61.1 73 87.6 93.5 92.6 103.2 107.3 107 102.2 96.6 91.9 86.5 81.2 72.5 63.2 52.4 53.9 54.6 46.2 41 41 41 41 41 41 45.9 59.5 72.8 78.7 84.3 92.9 106.5 115.1 140 133.7 126.4 118.7 100.5 74 62.5 56.3 41.8 22.9 11.6 1 -1.4 -2 -2 -2 -2 -2 -2 -2 -2 -2 -2 -2 -2 -2 -2 -2
-2 -2 -2 -2 -2 -2 -2 -2 -2 -2 -2 -2 -2 -2 -2 35.8 41.8 47.6 50.2 54.5 65.3 66.1 64.3 61.2 64.4 67.4 55.3 42.9 38.6 36.4 38.5 42.8 47.3 54.5 51.3 67.9 75.3 81.5 82.8 88.6 92.3 95.4 87.8 86.9 82.3 79.4 78.9 76.9 68.4 61.3 47.6 45.9 44.6 41 41 43.8 41 41 41 48.9 55.1 64.7 81.5 88.2 89.3 103 115.4 142.1 152.9 140.1 128.2 120.5 100.5 85 66.9 58.1 42.8 29.9 20.1 0.6 -2 -2 -2 -2 -2 -2 -2 -2 -2 -2 -2 -2 -2 -2 -2 -2
-2 -2 -2 -2 -2 -2 -2 -2 -2 -2 -2 -2 -2 -2 -2 37.4 46.2 55.1 58.8 64.1 65.1 66.2 62.5 60.9 58.8 56 50 43.6 35.4 33.8 29.2 36.6 35.6 40.6 47.6 65.3 70.5 72.8 77.5 84.2 82.7 82.1 78 78.2 80.2 77.1 78.8 71.4 63.7 56.7 50.6 49.8 53.2 51.2 41 43.8 43.8 41.1 44.9 48.5 58.1 74.5 82.6 90.7 100.4 122.1 149.6 163 161.8 147 132.1 123.6 102.6 83.4 65.3 55.1 40.5 31.7 16.7 -2 -2 -2 -2 -2 -2 -2 -2 -2 -2 -2 -2 -2 -2 -2 -2 -1.5
-2 -2 -2 -2 -2 -2 -2 -2 -2 -2 -2 -2 -2 -2 -2 39.2 49.8 59.2 64.6 64.5 57.2 56.4 54.4 60.6 59.9 53.3 45.6 38.9 30.3 27.9 28.4 33.7 32.4 41.3 45.6 57.2 60.4 64 78.7 81 76.7 76 72.3 73 75.2 69.7 70.9 67.6 62.2 50.4 54.1 59.4 58.9 56.6 44.2 41 41 43.4 45 44.4 63.7 77.1 96.2 109.7 118.8 142.4 159.8 170.3 166.3 150.9 131.1 121.3 105 78.6 67 58.3 37.6 29.8 17.6 -2 -2 -2 -2 -2 -2 -2 -2 -2 -2 -2 -2 -2 -2 -2 -2 -1.3
-2 -2 -2 -2 -2 -2 -2 -2 -2 -2 -2 -2 -2 -2 -2 39.5 44.6 51.5 53 49.3 45.3 53.6 56.8 54.7 59.6 50.9 45.2 40.7 30.1 28.5 28.7 30.5 34.3 37.1 41.1 42.8 50.1 57.2 65.7 68 65.9 67 66.1 64 66.7 60.5 61.5 63.5 54.6 48.3 54.9 57.7 57.1 55.4 47.7 41 44.4 47.5 45.6 47.6 69.3 90.4 108 119.9 128.2 151.2 164.9 171.2 162.8 146.9 127.3 118.1 99.5 87.6 68.6 57.5 32.6 24.4 11.9 -2 -2 -2 -2 -2 -2 -2 -2 -2 -2 -2 -2 -2 -2 -2 -2 -1.2
-2 -2 -2 -2 -2 -2 -2 -2 -2 -2 -2 -2 -2 -2 -2 -2 31.5 27.2 27.8 35.3 43.9 54.6 60.6 52.2 54.4 54.1 41.5 35.5 32.1 28.5 25.8 29.7 30.4 27.8 30.6 38.3 45 50.4 52.2 57.3 59.7 61.1 61.8 57.8 56.2 53.4 56.3 51.8 42.7 44.7 50.4 50 53.5 52.7 48.5 41 41 49.4 54.1 64 71.4 88.3 105.2 123.9 140.1 157 169.3 177.2 161.5 142 126.8 112.6 103.7 87.1 69.1 54.1 34.4 22.4 6.5 -2 -2 -2 -2 -2 -2 -2 -2 -2 -2 -2 -2 -2 -2 -2 -2 -1.1
-2 -2 -2 -2 -2 -2 -2 -2 -2 -2 -2 -2 -2 -2 -2 -2 -2 17.2 32.9 37.3 50.2 58 62.6 51.9 51 50.4 48.2 37.3 32.1 24.6 21.7 24.3 21.9 24.7 25.2 31.5 39.8 40.7 45.9 49 52.6 54.5 55.1 49.5 48.4 48.2 45.5 41 35.6 43.6 44.8 42.7 45.9 48.5 43.6 41 50.6 49.9 53.7 65.9 74.6 82.6 112.7 129.3 142.7 156.5 167.1 169.4 154.4 136.4 115.9 109.5 100.2 78.7 63.3 46.3 33.3 19.8 5.1 -2 -2 -2 -2 -2 -2 -2 -2 -2 -2 -2 -2 -2 -2 -2 -2 -0.7
-2 -2 -2 -2 -2 -2 -2 -2 -2 -2 -2 -2 -2 -2 -2 -2 -2 -2 25.4 36.8 48.2 56.2 63.3 53.1 48 44.1 37.5 33.1 28.6 21.4 9.5 11.3 16.1 18.8 22 30.3 36.6 37.6 39.6 42 44.7 47.9 43.5 42.6 39.7 39.7 33.7 33.6 38 40.6 39.3 41.8 48.4 53.9 48.7 42.1 45 51.3 57.2 67.6 78.1 81.9 107.9 122.1 134.5 148.1 155.9 156 140.9 126.7 122.5 105.6 97.9 82.3 60.1 45.7 34.9 23.5 14.1 -2 -2 -2 -2 -2 -2 -2 -2 -2 -2 -2 -2 -2 -2 -2 -1 0
-2 -2 -2 -2 -2 -2 -2 -2 -2 -2 -2 -2 -2 -2 -2 -2 -2 -2 17.9 30.3 43.7 51.9 58.6 53 51.7 42.8 35.5 26.8 23.5 22.6 7 8.8 12.5 15.9 20.7 29.8 32.8 33.1 34.3 32.9 32.3 36.4 33.8 31 30.2 24.9 31.6 33.8 34.4 36.2 39.8 46.7 50.1 53.8 51.5 40.5 43.4 48.9 54.1 66.4 76.2 82.8 93.4 111.6 123.9 129.6 142.2 150.3 138.2 125.6 121.3 104.1 93.9 77.1 58.7 44.9 35 27 13.7 -2 -2 -2 -2 -2 -2 -2 -2 -2 -2 -2 -2 -2 -2 -2 -0.5 0.5
-2 -2 -2 -2 -2 -2 -2 -2 -2 -2 -2 -2 -2 -2 -2 -2 -2 -2 -2 -2 30.9 42.8 54.3 47 47.5 37.7 27.7 17.8 16.6 17.1 -2 7.1 10.9 12.9 1.8 22.7 28.9 20.7 21.2 26.6 24.9 25.4 20.7 15.5 19.2 23.8 28.3 35.5 32 35.7 40.1 44.2 49.1 52.6 48.4 41 41.2 49.7 55.6 68.7 76.4 85.2 91.5 95.8 111 126.1 137.1 136.9 132.4 119.2 112.3 98.3 90.6 80.5 66.1 40.9 34.4 24.9 12.3 -2 -2 -2 -2 -2 -2 -2 -2 -2 -2 -2 -2 -2 -2 -2 0.1 1.1
-2 -2 -2 -2 -2 -2 -2 -2 -2 -2 -2 -2 -2 -2 -2 -2 -2 -2 -2 -2 18.4 37.7 42.2 33.8 35.6 32.1 -2 -2 12.1 -2 -2 -2 -2 -2 -2 -2 18.4 18.6 13.8 19 20.3 -2 -2 14.3 20.8 27.3 29.2 26.9 29 31.5 35.8 38.9 46.6 45.8 43.5 40.1 44.6 56.9 60.5 65.1 77.5 89.2 92.9 92.2 107.4 131.8 134.6 135 127.6 112.8 99.4 92 88.2 85.4 60 42.6 28.9 18.9 10 2.9 -2 -2 -2 -2 -2 -2 -2 -2 -2 -2 -2 -2 -2 -0.4 1.2 13.5
-2 -2 -2 -2 -2 -2 -2 -2 -2 -2 -2 -2 -2 -2 -2 -2 -2 -2 -2 1.3 11.9 15.5 23.1 26.9 28.5 24.5 -2 -2 -2 -2 -2 -2 -2 -2 -2 -2 14.5 13.2 -2 -2 -2 -2 -2 18.1 21.3 18.5 20.2 27 25.1 24.8 27 32.2 35.4 36.3 41 45.8 42.7 55.7 57.3 72 90.1 97.6 92.8 90.5 108.2 125.3 129.9 129.8 120.3 111 102.3 100 94.6 89.8 64.1 42.7 29.6 23.6 18.1 9.1 6.3 -2 -2 -2 -2 -2 -2 -2 -2 -2 -2 -2 -2 1.3 13 13.2
-2 -2 -2 -2 -2 -2 -2 -2 -2 -2 -2 -2 -2 -2 -2 -2 -2 -2 -2 1.8 13.4 11.1 13.7 22.3 18.1 -2 -2 -2 -2 -2 -2 -2 -2 -2 -2 -2 -2 -2 -2 -2 -2 -2 4.4 14.9 14.6 13.6 16 18.8 22.6 24.2 18.8 21.3 24.4 34 38 47.2 40.7 51.7 58.8 72.1 86.2 89.1 88.5 82.9 102 111.3 119.4 120.2 122.2 111.4 109.3 105.1 97.1 80.4 63.5 44.4 34.1 23 17.3 13.7 11.3 8.3 4.1 -2 -2 -2 -2 -2 -2 -2 -2 -2 -2 13.6 11.1 9
-2 -2 -2 -2 -2 -2 -2 -2 -2 -2 -2 -2 -2 -2 -2 -2 -2 -2 -2 6.8 8.8 9.7 7.3 -2 -2 -2 -2 -2 -2 -2 -2 -2 -2 -2 -2 -2 -2 -2 -2 -2 -2 -2 4.5 -2 1.8 13.1 14.1 15.7 19.6 10 7.7 13.9 23.2 28.3 32 34.8 42.8 52.6 55.1 67.1 77.8 79 76.4 77.8 87.3 100.8 110.5 119.9 112.5 111.9 103 105.1 102.3 90.8 70.8 42.7 32.7 22.9 19.4 13.2 11.6 6.4 2.8 -2 -2 -2 -2 -2 -2 -2 -2 -2 7.3 15.1 13.4 23.7
-2 -2 -2 -2 -2 -2 -2 -2 -2 -2 -2 -2 -2 -2 -2 -2 -2 -2 -2 -2 -2 6.2 -0.2 -2 -2 -2 -2 -2 -2 -2 -2 -2 -2 -2 -2 -2 -2 -2 -2 -2 -2 -2 -2 -2 1.1 9 6.2 -2 9.4 6.6 5.8 5.5 9.8 15.2 25.2 38.5 41.4 40 45.4 54.6 60.9 66.9 70.8 74 83.9 97.6 101.6 109.9 121.7 122.2 119.3 113.4 107.9 90.5 71.8 40.1 26.6 21.2 18 12.2 11.6 6.2 -2 -2 -2 -2 -2 -2 -2 -2 -2 2.2 9.2 16 18.7 27.5
-2 -2 -2 -2 -2 -2 -2 -2 -2 -2 -2 -2 -2 -2 -2 -2 -2 -2 -2 -2 -2 -2 -2 -2 -2 -2 -2 -2 -2 -2 -2 -2 -2 -2 -2 -2 -2 -2 -2 -2 -2 -2 -2 -2 -2 1.8 -2 -2 3.1 1.8 1.8 0.8 1.2 9.6 20.4 23.6 30.1 28.4 40.2 49 50.1 57 62.9 67 76.7 99.6 107.5 116.7 125.3 130.2 121.9 113.1 104.7 88.6 70.3 40.2 29.5 18.3 16.3 11.1 12.3 6.3 -2 -2 -2 -2 -2 -2 -2 -2 -0.2 1.5 9 15.1 20.9 35
-2 -2 -2 -2 -2 -2 -2 -2 -2 -2 -2 -2 -2 -2 -2 -2 -2 -2 -2 -2 -2 -2 -2 -2 -2 -2 -2 -2 -2 -2 -2 -2 -2 -2 -2 -2 -2 -2 -2 -2 -2 -2 -2 -2 -2 -2 -2 -2 1.1 1.8 -2 -2 -2 0.6 6.3 16.1 18.2 16.9 27.1 33 41.2 48.5 55.5 67.1 76.5 90 97.1 101.1 119.8 123.2 118.6 111.6 102.5 85.4 70.4 46 40.8 26 20.1 8.7 8.1 7.1 -2 -2 -2 -2 -2 -2 -2 -2 -0.3 1.4 7.4 22.4 30.1 40.9
-2 -2 -2 -2 -2 -2 -2 -2 -2 -2 -2 -2 -2 -2 -2 -2 -2 -2 -2 -2 -2 -2 -2 -2 -2 -2 -2 -2 -2 -2 -2 -2 -2 -2 -2 -2 -2 -2 -2 -2 -2 -2 -2 -2 -2 -2 -2 -2 9.4 8.8 -2 -2 -2 -2 1.7 11.6 14.5 16.1 19.8 30.2 41.2 50.7 65.2 71.9 76.7 76 81.2 95.9 106.3 113.9 116.8 107.8 94.8 80.7 64.1 39.8 35.2 28 16.2 12.1 13.7 11 -2 -2 -2 -2 -2 -2 -2 -2 -2 3 11.2 23.9 34.6 41.6
-2 -2 -2 -2 -2 -2 -2 -2 -2 -2 -2 -2 -2 -2 -2 -2 -2 -2 -2 -2 -2 -2 -2 -2 -2 -2 -2 -2 -2 -2 -2 -2 -2 -2 -2 -2 -2 -2 -2 -2 -2 -2 -2 -2 -2 -2 -2 -2 6.1 -2 -2 -2 -2 -2 6.9 16.7 21.6 19.1 24.9 30.2 41.1 55.3 68.6 70.4 75.2 72.9 82.2 98 103.3 112.9 119.9 111.8 97 82.3 66.5 41.6 31.4 31 15.2 12.1 13.8 9.5 -2 -2 -2 -2 -2 -2 -2 -2 -2 5.6 13 30.3 43.5 50.7
-2 -2 -2 -2 -2 -2 -2 -2 -2 -2 -2 -2 -2 -2 -2 -2 -2 -2 -2 -2 -2 -2 -2 -2 -2 -2 -2 -2 -2 -2 -2 -2 -2 -2 -2 -2 -2 -2 -2 -2 -2 -2 -2 -2 -2 -2 -2 -2 -2 -2 -2 -2 -2 -2 -2 -2 23.2 18.2 18.5 29.4 45.1 57.5 62.5 67.3 76.1 71.7 79.3 93.7 102.4 113.3 114.6 104.2 94.4 79 66 46.8 31.7 28.9 22.2 11.3 12.6 6.4 -2 -2 -2 -2 -2 -2 -2 -2 -2 1.6 15 28.6 39.2 50.2
-2 -2 -2 -2 -2 -2 -2 -2 -2 -2 -2 -2 -2 -2 -2 -2 -2 -2 -2 -2 -2 -2 -2 -2 -2 -2 -2 -2 -2 -2 -2 -2 -2 -2 -2 -2 -2 -2 -2 -2 -2 -2 -2 -2 -2 -2 -2 -2 -2 -2 -2 -2 -2 -2 -2 -2 25.8 17.8 17.6 32.6 43.6 56.3 58.4 62.8 71.9 71.1 78.7 90.5 102.4 110.1 101.8 93.1 83.9 76 64.2 49.2 27.6 24.3 18.3 10.8 10.6 1.3 -2 -2 -2 -2 -2 -2 -2 -2 -2 -2 14.8 27.9 38.8 48.2
-2 -2 -2 -2 -2 -2 -2 -2 -2 -2 -2 -2 -2 -2 -2 -2 -2 -2 -2 -2 -2 -2 -2 -2 -2 -2 -2 -2 -2 -2 -2 -2 -2 -2 -2 -2 -2 -2 -2 -2 -2 -2 -2 -2 -2 -2 -2 -2 -2 -2 -2 -2 -2 -2 -2 -2 -2 21.3 17.6 29.7 41.5 53.9 56.9 63 65.5 69.7 70.5 91.1 97.2 98.1 87.2 80.1 72.9 67.8 56 42.8 17.6 15 16.4 12.1 3.4 -2 -2 -2 -2 -2 -2 -2 -2 -2 -2 -2 1.5 29 41.6 55.6
