WholeMapElevations/data/nh/nh07_OST50GRID_20230518/NH07.asc
ncols 200
nrows 200
xllcorner 200000
yllcorner 870000
cellsize 50
[rows 0 to 34 of 200, columns 78 to 155 of 200]
535.8 548.7 598.7 575.2 538.6 509.6 480.6 449.8 418 390.9 355.6 324 309.4 297.1 281.4 263.6 242.6 219.8 201.5 189 171.3 156.3 145 127.7 115.7 110 103.1 98 93.5 93.3 95.5 100.2 105.6 107.3 108.7 107.6 108 109.2 109.9 110.4 109.1 107.4 103.5 105.7 108.8 115.4 117.3 118.6 116.5 116.4 117.4 118.5 118.7 122.9 117.8 113.5 117 120.4 120.2 119.6 118.1 117.8 118.3 117.6 117.1 116.4 113.7 111.5 110.2 109 104.2 105.8 105.9 105.1 105.3 112.2 114.7 119.3
613 607.2 623.7 590 554.7 515.9 493.6 461.7 431.3 402.9 358.9 330.6 318.8 306.4 285.4 267.2 243.6 217.8 199.2 190.9 174.9 158.7 140.4 126.1 117.5 109.4 102.7 98 93.6 94.8 96.7 102.1 107.9 109.8 112.3 111.9 112.1 113.2 115 116 115.6 114.4 114.7 116.3 120 122.2 123.8 121.7 119.3 117.8 119.1 121.9 122 125.3 123.7 124.4 125.9 127 121.7 120.5 119.5 119.3 119.9 118.8 118.9 118.9 118.2 115.2 114.5 111.5 109.8 104.7 105.6 105.7 106.8 105.6 107.4 113.6
688.1 671.3 626.3 592.1 560.7 529.7 502.1 469.3 438.5 405.4 362.8 337.9 325.4 308.4 286.7 266.8 243.3 215.2 200 190 177 156.4 140.2 128 117 108.8 101.9 97.6 92.7 96.3 97.8 104.6 108.9 113.9 115.8 116 116.4 116.6 119.5 121.1 120.8 121.3 123 126.2 128.5 129.4 127.8 125.7 122.5 120.5 121.8 126.6 124.9 128 127.3 133 133.6 131.8 125.8 121.9 121.7 120.6 121.6 120.4 120.1 120.7 119.9 117.6 115.1 113.5 111 107.8 105.9 105.8 106.8 106.8 107.1 106.2
718.7 672.4 636.4 603.2 571.1 538.9 509.7 476 440.3 403.5 366 342.3 327.5 313.6 292 269.1 241.3 215.6 203.4 185.8 169.9 158 141.5 125.4 113.7 107.1 101 97.6 93.2 97.4 99.3 106.6 112.6 115.9 117.6 118.6 120.3 121.3 125.4 125.9 126.4 127.9 130.7 135.1 138.6 138.1 135.3 133.4 129.9 130.3 130.2 131.5 131.8 132.5 137.7 149.2 142.3 136.3 134.6 128.6 124 123.9 123.5 122.8 122.9 125.9 121.3 120.5 116.4 113.4 114.3 110 109.8 107.7 106.1 107.5 107.9 107.9
718.9 683.6 647.9 612.3 577 542.5 507.8 473.4 441 402 370.8 345.4 326.4 310.9 287.6 266.6 238.3 217.1 197.7 184.1 172 156.4 137.9 121 111.2 104.6 100.7 95.6 95 97.7 101.9 109.6 115.2 118.8 122.1 122.1 123.6 126.6 130.1 129.9 132.1 133.5 138.4 142.9 147.5 146.6 145.6 145.6 141.8 141.8 142 143.8 137.8 140.6 145.7 153.9 151.1 146.6 142.6 143 127.6 127.4 127.6 125.1 124.8 128.4 122.9 118.2 116.5 114.2 112.2 111.7 111.3 108.8 108.5 108.4 108.6 108.3
747.3 708.8 668 620.9 582.4 545.4 503.5 467.4 436.5 405 367.3 344 317.4 301.9 282.3 259 232.9 212.7 196.7 185 167.8 152.4 133.5 117.7 109.7 103.1 101.5 95.3 95.5 98.6 103.1 112.2 119.3 124.1 126.6 125.6 127.6 130.9 133.5 134.9 137.9 141.1 143.6 150.5 154 155.1 155.8 151.7 153.3 154.2 152.8 150.3 149.3 147.7 150 151.4 154.6 155 152.2 149.6 146.5 141.9 134.5 130.5 127.4 126.3 123.4 118.1 116.8 112.8 113.1 113.1 111.5 109.8 109.4 109.3 109.1 108.9
742.4 699.6 670.8 632.8 585.4 530.4 495.5 459.9 430.5 403.4 366 336.2 309.6 294.5 270.4 247.7 225.9 207.3 194.1 179.9 169.4 148 129.6 116 107 101.6 98.6 95.6 95 97.9 107.3 117.1 121.9 125.7 129.5 131 132.4 137.1 140.7 141.7 144.3 148.7 149.7 157 158.8 163.4 164.6 167.4 166.3 164 161.7 159.2 156.3 155.6 155.8 157 157.9 164.6 162.4 158.7 157.6 151.6 147.2 143.5 135.2 127.8 125.8 122.5 119.7 117 117.7 116.6 114.6 114.5 113.4 111.3 109.9 109.7
721.9 690.4 645.7 603.5 555 516.2 480.9 448.5 425.5 393 359.4 333 304.7 282 258.7 237.4 218.8 200.9 186.4 177.8 162.5 143.1 125.6 111.2 104 101.4 100 97.2 95.7 98.9 110.8 117.7 123.9 127.3 132.8 136.4 139.3 143.1 147.2 150.2 150.9 155.3 157.5 164 166.6 171.4 178.2 182.2 179.4 176.8 172.6 168.1 165.7 167.9 169 171.1 171.1 167.5 170 167.1 166.2 163.8 161.5 153.6 145.8 138.7 131.5 130.4 123.7 121.5 120.6 123.9 120.8 120.8 117.6 113.6 110.6 112.7
704.9 669.2 626.6 588.9 534.8 498.5 464.7 432 405.4 376.3 344.9 319.9 294.8 265.7 244.8 227.4 213.6 196.4 179.4 168 149.7 132.5 118.2 107.9 103.9 101.2 99.8 97.3 95.4 101.5 112.2 120 124.7 129.8 135.8 140.3 145.9 149.1 152.4 157.2 158.5 163.4 165.3 172.3 176.2 180.5 190.7 195.4 194.5 190.6 189.1 182.1 180.2 180.2 181.1 183 181.6 177.5 177 178.8 174.1 176.1 171 164.9 158.9 150.7 145.9 140.3 134.9 131.5 126.2 124.2 127 126.1 123.6 117.7 114.9 113.1
668.8 652.2 607.7 557 514.6 482.5 447 415.5 386.6 356.8 328.1 300.3 277.1 253.5 235.3 219.2 204.5 187.4 172.5 155.5 139.9 124.8 112.6 105.9 102.4 100.8 100.6 98.7 96.3 103.6 112.6 119.2 124.8 132.2 138.8 144.5 150.9 154.3 158.6 162.8 167.8 171.5 174.7 178.4 187.3 195.2 204.1 205 211.2 212.3 210.2 203.9 198.2 196.5 194.5 195.4 190.9 187.1 187.3 189.1 185.8 182.6 176.5 174.7 172.3 170 163.2 162.1 152.6 140.6 139.1 133.8 132.3 130.9 127.9 121.9 117.7 114.8
633.8 598.1 572.2 531.1 497.7 465.7 435 395.7 368.4 338.5 312.7 289.7 264.5 244.3 229 210.7 196.4 184 164.7 146.4 128.7 118.4 106 103 102.7 102.8 101.9 99.9 96.4 106.5 115.4 121.3 126.5 132.4 141.3 148.7 155.3 159.5 165.1 169 178.7 177.7 184.1 191.4 197.9 208.7 215.5 224.1 226.9 234.2 231.3 229 221.9 214.9 210.2 207.2 206.1 207.1 203.6 198.9 196.5 191.6 189 191.4 186.7 182.1 177.2 172.9 171 167.7 160.7 151.3 146.2 141.6 133.6 126.8 120.9 118.6
626.5 578.5 542.2 511 481.2 449.6 422.7 379.3 346.8 324.3 300.5 276.5 257.5 237.6 222.5 208.2 191.5 176.2 159.3 137 121.5 107.1 107.4 106.8 106.7 103.9 103 100.7 97 107.9 116.4 123.2 128 135.6 144 151.6 157.5 163.7 168.8 175.8 184.3 187.1 196.1 203.8 210.9 220.2 228.7 241.1 247.7 247.9 246.4 242.9 246.8 237.4 233.4 229.8 228.1 226.9 221.6 216 213.9 208.5 208.5 198 194.7 194.1 189.9 191.5 189.7 184.5 179.6 173.2 162.6 158.2 146.6 134.8 127.4 122.7
597.1 562.4 529.6 497.2 459.2 428.2 394.5 363.3 327.4 305.6 284.9 263.1 246.4 232.5 216.4 196.9 184.2 170.8 148.7 130.3 114.1 106.2 109.1 111.9 114.9 106.8 103.9 101.3 97.9 110.1 121.1 126.4 129.1 137.9 145.9 152.6 159.1 166.4 172.7 178.8 186.4 194.3 206.5 213.9 222.6 233.6 245.6 254.9 263.9 264.5 263.7 271.6 273.6 264.7 262.5 257.3 255.3 250.1 245.4 236.3 234 226.2 217.9 212.6 210.1 211.2 210.9 205.9 201 198 194.7 189.4 179.7 171.2 165.7 150.4 139.2 130.3
568.7 544.9 517.3 476 439.9 408.2 376.1 348.6 314.6 292 267.1 251 236.7 219.5 204.6 191.1 178.4 165.1 146.7 127.1 115.4 108.2 107.7 116.2 115.6 106.7 105.4 102 104.6 111.2 121.2 126.5 131.5 138.6 148 155.5 159.4 167.8 175.5 182.1 191.3 200.3 213.9 222.4 236.3 251.2 262.9 270.4 277.3 279.9 288.4 293.6 298.5 294.6 290.8 287.3 284.3 276.1 269.3 260.9 256.3 248.6 241.9 240.4 236.3 232.7 228.2 224.5 216.2 213 207.3 203.4 196.6 184.6 180.9 168.8 159.3 142.3
545.6 523.9 491.4 448.2 422.4 386.2 359.9 334 303.8 275.8 255.2 239.5 225.7 207.4 194.8 177.8 169.1 163.1 140.1 125 116.7 115.8 110.3 111.4 109.4 106.6 105.3 101.7 104.2 112.1 120.4 126.3 134.1 142.3 150.1 159.7 166.8 168.2 177.2 187.3 197.4 209 221.7 233.5 249.3 265.2 277.6 286.4 297.1 311.4 317.2 318.8 320.6 322.9 321.2 323 319.5 310.4 299.8 285.4 280.4 272.3 263.4 260.7 261 253.6 245.5 238.7 236.3 228.1 221.4 217.9 209.4 199.1 188.7 179.5 169.5 159.6
516.1 479.6 450.7 422.5 393.5 365.4 336.2 311.4 286.2 263.4 247 228.6 209.5 194.7 180.2 170.2 154.8 152.9 134.3 122.1 117 115.9 113.5 115.3 111.4 106.8 105.6 102 106 115.3 123.4 128.7 135.7 146.1 154.3 158.8 170.2 171.1 183.9 193.8 206 217 231.6 245.9 263.5 279.7 292.3 304 319.4 338.7 347.8 355.6 351.3 354 376.7 385.3 367.6 358.7 349.6 322.1 313.2 301.7 288.2 286.8 285.2 277.3 266.5 251.5 244.3 240.2 238.1 237 228.2 220.4 213 195.6 187.1 174.2
477.6 440.9 416.3 395.8 370.2 342.5 317.1 290.3 269.3 255.1 232.4 214.6 195.5 181.1 169.8 159.8 148.7 143.5 127.3 119.6 117.1 115.9 114.5 115.9 111.7 106.8 102.6 103.7 108.3 114.2 123.3 131.4 142.1 153.2 160.6 163.8 171.1 177.1 189.4 200.7 213.6 227.5 241.7 258.2 275.5 296.1 308.8 329.8 341.7 363.4 380.2 382.5 389.3 416.3 425.6 420.2 416.4 408.8 393.1 358.6 349.8 337.8 326.9 319.6 314.2 306.4 294.7 282 269.2 262.8 259.4 253.2 245.8 239.4 228 217.8 203.9 196.6
454.2 418 386.1 370.8 346.2 321.5 298.8 280.6 260.6 239.5 221 202.8 185.1 171.5 160.8 152.4 143.5 131.2 122.4 118.8 116.7 116.1 115.4 115.2 111.7 107.2 103.1 107.5 110.2 117.7 126.2 133.3 145.2 157.2 165.8 169.7 174.7 185.6 196.9 208 220.6 238.2 254.3 270.9 287.6 310.1 328 349.2 369 386.8 406.6 413.5 427.9 445.2 451.3 447.5 447.2 449.6 434.1 405.2 391.7 383.7 374 364.5 352.7 332.3 316.9 306 294.2 282.9 275.2 273.5 266 256.1 246.1 236 225.7 217.2
432 403.5 375.7 358.4 336.4 314.9 294 269.5 248.5 230.1 208.5 188.8 174 161.9 153 147.8 135.6 128 122.3 118.4 117.8 117.7 116.4 113.9 111 109.3 104.3 109.5 113.4 123.4 130.5 136.7 148.5 153.9 164 171.5 181 192 202.3 214.1 230.2 248.1 266.1 285.2 301.6 324.6 347.6 370.9 394.7 416.5 433.1 447.1 462 473.4 481.3 478.1 483.3 478 463.8 441 430.7 419.5 408.4 397.5 382.2 358.6 339.1 326.5 317.1 306.4 299.1 290.8 282.5 273.6 266.3 255.7 242.5 233.9
408.5 384 359.7 340.2 326.2 298.1 275.8 252.9 231.3 212.4 193.2 178.9 166.1 153 146.8 137.4 126.8 126 121.7 118.9 119.5 118 115.9 113.6 110.9 108.4 106.3 111 116.8 125.4 130.2 141.5 150 155.8 164.6 174.4 185.3 198.9 209.9 219.1 236.5 257.3 278.6 292.1 317.3 336.6 364 392.5 417 439.6 460.2 475.7 492.9 511.8 517 517.8 514.8 505 491.4 475.9 471.7 474.2 446 425.6 403.5 382.1 362.5 349.1 339.4 330.3 324.1 316 306.6 298.5 291.3 279.8 265.6 254.1
387.8 362.7 338.8 315.8 297.4 280.6 260.5 235.9 219.1 202.5 184.7 170.2 158.2 150.9 143.3 132.3 126.5 123.2 121 120.6 121.1 120.4 116.1 113.3 112.4 109.5 109.7 112.5 117.5 123 131.2 141.8 149.2 158.1 168 177.8 190.5 200.9 216.7 227.8 248.8 268.8 289.6 307.4 328.8 357.1 383.3 410.4 437.2 464.7 491 509.9 531.7 540.4 548 548.6 543.4 531.2 520.5 504 493.6 494.4 482.5 461.7 433.3 409.8 389 376.5 365.7 357.5 350.8 341.9 328.9 321.1 317.8 305 289.5 277
366.5 340.6 315.9 295.4 279.3 264.6 248.4 230.8 210.1 194.6 180.3 169.8 162.4 155.7 140.8 131 127.4 125.1 122.8 122.5 121.8 121.2 117.7 112.8 115.2 108.3 113 114.2 117.1 123.8 133.6 142.8 151.9 163.1 172.4 183.1 197.9 206.5 221.1 237.3 258.2 280 300.9 318.5 346.2 374.2 401.7 427.6 458.3 494.4 521.5 546.8 561.4 571.6 573.9 567.4 557.5 548.9 540.5 521.3 515.5 515.7 497.8 478.2 461.5 438.5 420.7 406.3 396.1 386.8 378.3 369.1 364.2 365.3 348.8 334.7 330.5 329.2
348.1 321.9 299.1 278.6 264.1 251.8 239.8 222 204.5 192.5 179.8 171.2 159.6 147.2 139.3 131.7 128.9 129.3 126.7 124.5 123.2 122.3 121.1 114.8 117.9 111.6 113.8 117.2 121.9 127.8 135.4 143.9 154.4 165.1 174.1 186 202.5 213.2 230.5 248.6 270 292.8 308.6 333.6 360.9 392.9 419.4 451.6 480.6 514.6 552.6 583.1 593.3 602.3 603.3 587 574.1 562.1 546.7 530.6 533.9 523.3 504.7 492.7 481.9 467.8 452.6 438.9 427.7 417.8 414 420.3 415.5 398.6 404.7 411.5 385.3 380.1
327.8 309.4 288.6 272.4 254.3 240.8 226.9 213.2 198.3 186.2 176.2 164.2 153 145.7 139 130.8 131.8 131.5 128.6 126.1 124.6 123 121 116.6 119.2 114.3 115.1 118.2 125.6 133.2 139.7 146.8 158.1 168.1 178.2 189.2 203.1 217.8 235.7 257 281.6 307.8 324.4 354.3 380.4 411.8 440.1 476.4 509.9 546.5 579.2 611.7 627.4 636 623.2 602.9 586.4 571.3 548.1 534.3 535.2 526.8 519.3 519.5 509.6 498.6 489.9 481.5 472.3 470.2 478 464.9 453.9 447.5 446.2 435.6 424.6 406.1
301.2 286.5 271.2 255.5 241.5 230.3 217.2 205.5 193.1 180.7 168 156.7 149.3 140.3 133.9 132.3 132.1 131.5 129.2 126.9 125 123.3 121.2 120.4 113.5 114.6 118.3 122.1 130.4 137.7 143.3 152.6 161.7 173.7 185.5 198.3 206.8 225.7 247.6 267.6 294.6 319.2 342 368 399.1 427.9 462.2 498.1 535.1 570.8 604.9 644.7 656 651.3 642.5 619.7 596.5 575.9 553.2 549.1 548.8 536.5 532.1 537.4 533.9 531.8 526.1 519.9 505.1 501.4 497.9 500.9 483.2 467.9 463.6 439.7 426.3 408.7
280.5 265.7 253.3 242.5 231 219.7 208.8 195 182.9 170.8 158 150.1 145.8 141.3 136.2 133.4 131.9 130.6 127.7 126.5 124.3 123.1 121.9 118.1 117.3 119.3 121.1 128.5 133.8 140.3 147 156.3 166.3 180.9 190 205.7 214.9 234 256.1 284.2 307.2 333.7 362.6 388.5 418.2 447.8 491 526.8 562.5 594.3 642.2 668.7 685.5 672.7 666.8 634.6 615.1 586.4 561.2 561.3 555.3 547.9 541.9 542.3 539.3 532.8 527.1 520 515.6 510.1 512.2 502.3 491.7 478.5 463.7 441 425 412.8
258.9 248.9 238.3 229.5 219.2 207.5 196.4 183.6 173.7 170.2 160.7 151.2 144.9 138.7 132.7 132.6 131.9 128.6 127.4 125.9 123.7 122 120.1 115.2 121.5 124.1 124.2 131 137.4 144.1 152.8 162.7 174.1 187.9 196.8 211 228.5 245.7 267 298.7 325.9 356.5 378 404 435.6 467.8 509 553 591.2 630.7 676.8 704 708 706 692.5 672.1 631.9 594.3 567.7 560.3 559.5 552.6 549.3 545.4 537.6 533.5 525.6 524 523.9 519.8 510.5 500.4 490.2 474.8 459.2 445.6 425 412.2
239.5 232.3 222.3 213.7 205.7 196.5 186.1 176.3 169.3 163.7 157.6 151.8 147.1 139 136.3 129.6 128.2 127.4 126.1 123.9 123 117.8 120.5 121.3 123.5 125.7 128.5 137.4 141.2 148.7 156.2 167.5 180.4 190.6 207.1 218.9 233.7 250.1 283.2 311.5 338.5 370.5 392.9 421.7 455.8 486.4 522.4 572.8 623.6 662.4 696.3 729.7 737.9 732 728.9 704.5 653.8 602.1 581.9 575.3 570.6 559.3 553.4 544.8 536.3 524.1 517.5 515.7 520.3 513.1 504.5 496.9 484 468.9 454.3 439.6 422.8 405.3
220.1 212.1 204.6 197.5 190.7 182.8 176.9 169.1 163.2 158.4 157.3 153.7 148.9 142 139.3 135 127.2 124.6 124.4 123 119.4 122.2 122.9 122 125.3 129.2 132.6 140.1 146.4 153.2 161.5 173.6 187 195.9 211.9 227.1 246.3 263.7 296.1 320.5 353.2 384.2 407.6 440.5 475.9 509.1 545.4 588 630.6 675.6 710.8 748.5 777.4 766.2 745.9 714 663.8 609.8 594.7 582.2 570.3 560.8 552.7 544.5 533.7 524 517.8 512.8 514.6 508.7 501.4 489.7 475.2 459.1 443.8 428.8 413.9 395.1
203.5 196.6 188.9 182.1 177.2 171.2 169 165.6 164.4 165.4 160.7 157.3 153.6 147 137.8 129.2 126.7 125.2 123.1 121.4 123.1 124.2 124.3 123.1 126.7 132.4 138.8 145 152.5 158.4 168 180.1 191.9 201.1 219.8 241.2 259.7 282.4 310.4 342 369.2 397.6 425.8 459.4 493.5 525.7 564.1 614.3 664.5 717.5 748.5 784 792.9 772.4 747 713.2 656.7 623.5 604.3 584.2 568 560.2 552.3 542.7 534.1 522.8 515.8 512.7 506.7 499.9 490.7 475.4 461.6 448.6 436.1 423.6 408 393
193.8 190.1 182.9 177 174.5 174 169.6 168.9 169.5 169.9 165.1 160.6 157.6 152 142.5 135.2 128.9 125.6 124.3 122.6 125 125.1 125.8 125.1 130.4 137.1 142.1 150.4 157.8 163.7 173.4 186.8 199.8 211.4 235.7 252.3 271.4 294.6 325.8 357 384.9 412.3 444 478 508.1 541.6 581.7 636.9 687.9 741.9 786.6 805.3 793.9 772.4 741 703.5 663.1 634.6 607.2 587.3 567.1 557.1 550.6 536.4 528.2 524.1 515 511.7 505 495.1 477.4 466.2 454.4 443.5 431.5 416.4 403.7 391.6
191.7 188.9 186.4 185.4 183.2 181.1 173.6 176.1 178.3 174.8 168 165.1 158.7 151.2 143.4 136.2 126.1 126 125.3 122 124.7 126.1 128.3 128.6 133.7 139.3 146.7 154.6 164.1 170.8 181.7 194.1 206.3 225.1 249.6 267.5 285.6 308.8 341 370.2 402.9 429.7 462.4 495.4 528.7 562.1 610.1 656.3 704 742.7 791.9 805.7 790.1 770.2 737.9 705.7 666.9 637.3 611.8 589.8 565 552.6 545.9 531.1 525.8 527 516.3 506.3 495.9 483.5 471.1 458.1 451.2 439.5 427.9 412.9 401 395.2
199.5 193.6 190.5 195.3 191.3 184.3 182.2 186.1 183.6 173.1 174.8 168.3 159.1 146.1 135 130.8 129.1 130.4 127.2 122.7 125.5 127.3 130.7 131.4 138.7 144.4 151.6 160.4 169.1 179.9 191.8 204.3 216 242.5 259.5 280.2 301.4 328.6 357.4 391 418.6 450.9 482.3 510.8 550.5 588.4 634 682.2 740.9 791.7 821.2 809.6 792.4 771.3 739.6 700.6 670.7 641.2 613.5 585.6 561.3 543.1 532.7 521.4 518.1 517.9 511 499.1 485.7 473.8 465 455 445.9 433.8 421.6 410.9 401 394.4
205.3 203 203.4 202.8 202.8 196.6 198.3 196.9 188.1 180.1 173.4 170.4 156.9 143.9 130.3 131.1 131.2 131.7 129.7 125.8 127.4 131.1 133.7 133.9 141.9 148.2 155.5 164.4 173.6 185.9 200.3 214.5 229.5 256.8 272.5 294.9 322.6 347 388 412.9 440.5 476.7 500.3 539.6 577.5 619.1 664.1 713.9 773 809.5 826.8 808.8 790.2 768.7 734.5 697.7 666.4 637.6 607.7 575.8 551.1 536.8 524.2 515.4 512.5 504.8 497.6 488.5 476.8 466.5 458.8 449.4 439.2 427.6 417.3 408.8 400.5 392.3
217.4 213.1 212.7 211.1 211.1 213.1 214.5 209.4 199.5 183.7 173.5 165 153.5 139.8 129.9 129.4 129.3 128.7 128.7 126.7 123.9 137.2 138 138.3 144.4 152.6 162.1 171.1 179.3 193.5 206 223.7 241.4 266.2 287.7 311.4 336.7 374.7 404.8 433.2 469.1 503.2 530.9 577.5 611.6 652.5 698.7 747.1 782.4 804 827.2 809.7 789.7 765.1 727.3 695.9 662.4 627.2 589.8 557.9 535 520.6 509.5 505.5 501.6 497.2 484.5 475.8 466.3 460 451.1 440.7 432.8 426.7 416.3 409.3 399.9 392.6
