WholeMapElevations/data/nn/nn67_OST50GRID_20230518/NN67.asc
ncols 200
nrows 200
xllcorner 260000
yllcorner 770000
cellsize 50
[rows 70 to 104 of 200, columns 0 to 77 of 200]
838.2 846.2 853.3 864.3 877.2 892.9 906.7 923.2 935.8 946.2 922.6 884.4 857.5 835 816.5 799.8 777.2 761 734.3 718 701.3 691.9 678.9 670.2 658.6 645.5 632.9 621.5 607.1 593.1 582.9 572.1 562.2 561.2 560.8 559.2 567 584.8 605.8 632.2 658.6 688 701.4 674.6 653.4 619.8 590.8 560.8 532.5 506.1 484.3 467.4 461.5 457.2 452.2 452.4 451.4 450.6 450.6 451.2 454.7 460.5 464 470.2 478 501.5 525.5 551.2 576.7 599.7 619 635.4 644.7 652.3 657.5 671.3 678.6 685.3
851.9 860.1 864.6 877.3 892.7 907 921 936.5 954 964.8 951.5 922.4 893.7 867.2 846.6 820.4 789.5 769.4 741.9 726.7 708 698.5 684 672.2 660.1 646.2 632.9 619.8 604.2 591.2 579.5 571.6 562.2 564.4 571.9 560.8 581.5 600.2 623.7 648.9 674.2 706.7 718.3 701 673.7 645.2 611.7 578.4 546.9 517.9 492 474.1 462.9 459.7 455.2 451.1 450.6 450.4 450.5 451 454.3 460.2 464.6 471.5 479.7 492.7 514.1 536.9 561.1 585.7 597.8 600.2 629.4 645.8 658.7 667 674.9 680.8
866 872.7 880.5 890.3 907 922.6 935.6 951.1 966.3 972 968.8 954.8 923.6 895.8 864.8 834.3 798.6 771.1 746.6 728.5 712.9 697.9 687.3 676 660 646.1 628.3 618.3 602.4 590.5 575.6 568.9 572.4 576.1 577.5 575.4 592.2 617.1 640.1 663.4 691.6 721.7 730.9 723 696.7 665.1 631.6 597.1 562.3 532.7 506.4 481.9 467.9 461.7 455.7 451.1 450.7 450.8 451 451.8 454.5 457.9 462.3 468.9 482 488.5 504.5 525 546 563 573 609.6 627.7 643.4 654.7 665.1 671.3 676.7
877.5 884 894.9 908.1 919.4 933.9 949.5 963.7 972.1 971.9 966.9 957.6 942.4 913.2 880 846.1 811.3 775.7 747.5 728.4 712.8 699.4 687.6 677.4 663.1 645.6 628.5 614.6 600.9 589.9 579.5 578.3 577.2 583.6 586.1 594.5 609.5 628.2 653.4 679.7 712 734.1 737.7 732.2 712.4 681.9 648.1 613.4 577.5 542.6 519 489.3 472 462.8 457.4 450.8 450.5 452.2 450.8 452.1 452.7 455.6 461.6 465.1 476.3 485 492.2 506.5 531.4 552.9 580.4 606.2 626.7 640.2 650 655.7 665.5 671.6
888.8 897.1 906.7 919.8 933 944.4 958.7 968.7 972.8 968.8 960.8 946.9 925.8 903.5 879.1 848.3 821.6 785.5 756.3 728.5 713 700.3 688.6 677.3 659.1 642.1 627.7 612.9 598.3 589.5 590.7 591.1 590.6 594.4 599.3 608.8 625.4 648 666.5 693.5 722.9 737.5 737.7 732.9 720.8 693.8 660.2 626.6 591.8 555.7 527 500.3 476.6 465.7 459.9 450.6 450.4 450.2 451.3 452.4 453.9 456.6 460.1 465 470.9 478.5 491.2 508.9 529 550.2 575.4 598 619 635.2 647.7 653.8 663 668.1
900.7 910.4 919 930.9 943.5 952.2 962.4 969.8 969.6 963.8 949.5 921.1 895.5 874.2 854.1 835.2 823.5 790.5 758.4 732.7 713.6 701.2 688.7 676.2 657.8 638 624.9 609.3 595 601.3 600.9 604.1 604.5 605.3 598.9 625.7 641.6 660.5 678.7 702.7 729.6 738.3 735.4 731.4 722.5 702 671.2 638.9 606.8 568.9 536.1 508.7 480 468 458 452.1 450.8 450.6 451.2 452.7 455.2 456.3 459.6 464.3 468.2 474.1 485.9 500.5 522.5 541.5 568.9 594.1 614.3 632.7 642.7 651.6 656.6 665.3
911.9 919.8 932.4 942.7 951.4 959.2 966.1 968.4 965.3 955.8 922.8 896.8 872.6 849.6 829.4 820.2 812.1 795 759.9 736.2 715.4 700.8 688.5 671.5 653.2 634.6 621.9 601 608.1 615.2 615.4 618.9 622.3 620 616.4 638.6 655.7 673.3 694.4 711.3 732 737.7 732.6 728.2 720.4 707.4 680.4 647.7 616.6 575.6 543.7 512.4 484.6 468.3 457.5 454.6 451 450.5 451.6 452.6 453.7 457.2 459.1 464.4 470 473.5 480.4 495.7 515.2 537 562.9 587.9 607.2 624.5 637 646.9 653.6 659.2
922.9 932.3 943.5 951.4 957.4 961.5 965.3 965.5 959.8 944.9 910.3 886.5 861.5 837.4 820.7 809.7 800.6 784.8 757.6 736 715.8 699.7 682.6 665.5 648 630.8 619.7 616.7 619 624.8 626.1 630.2 632.5 621.2 631.4 650.8 666.8 684 703.7 719.6 733.1 733.1 728.4 722.7 717.2 708.4 689.7 658 623.2 586.1 550.2 516.3 489.6 470.6 460.1 456.8 451.4 450.8 451.3 452.3 453.6 455.1 459.6 462.7 470.1 475.1 480.4 491.2 509.5 530.8 555 580.3 601.6 617.2 631.3 641.8 649.8 655.4
935.3 945.2 952.2 957.1 959.5 962.9 963.8 960.9 953.8 924.1 900.5 879.3 857.3 824.5 810.9 800.4 789.9 773.5 753.2 733.9 713.6 693.6 677.3 659.5 645.2 628.7 614.1 625.5 626.9 631.9 638.3 643.6 646 631.7 652.9 662.2 676.3 693.2 710.9 723.4 728.2 725 721.2 716.5 711.8 704.7 692.4 665.6 628.4 591.8 559.6 522.4 490.3 473.5 463.1 460.5 452.3 451.2 451.2 452.1 452.7 453.7 458.1 463.7 471.7 476.9 480.3 487.6 500.7 517.8 547.5 574 593.6 609.4 623.6 639.1 646.3 650.4
947.1 953.5 958.5 961.5 962.8 963.8 961.7 955.6 944.9 910.4 888.4 870.4 843.8 817.6 800 793.7 779.1 765.9 748.4 727.8 707.7 690.4 673.8 659.1 643 626.7 627.2 631.3 636.8 641.6 650.5 655.4 653.7 649.5 665.9 671.3 686.8 702.5 717.1 724.3 724.9 720.1 714 710.4 706 699 690.6 667.4 632.5 595.4 559.9 525.5 492.1 472.4 467.7 460.5 453.3 451.6 451.5 451.3 452.5 454.4 459.6 467.6 469.6 475.4 478.5 484.6 493.3 511.5 537.3 563.9 588.5 603.9 616 630.5 637.1 642.5
954.3 959.6 964 966.1 964.5 962.2 958.7 952.3 935.6 899.7 877.7 862 840.2 822.6 797.8 784.6 773.8 760.9 743.1 720.2 700.8 685.6 669.7 655.8 642.4 625 630.7 638 648.7 664.8 666.1 665.8 649 669.3 676 686 699.1 709 717.4 721.6 720.3 714.8 709.2 704.9 698.3 693 685.4 665.3 632.9 596.3 560.7 525.4 495 472.7 472.9 463.8 454.6 452.5 451.9 452.1 453.3 456 457.7 461.7 466.1 473.8 478.4 485.9 493.2 506.5 530.9 556.7 575.7 597.8 610 625 634.1 640.8
959.8 964.1 967.4 968.2 966.2 961 955.4 948.4 929.8 894.1 873.4 858.3 838.6 822.4 800.7 783.9 769.9 753.1 736.8 715.3 697.8 681.1 667.2 654.5 643.6 625.2 636 643.1 655.6 664.4 670.2 673.6 666.7 681.3 689.6 698 704.8 712.1 715.4 716.3 715.7 709.9 703.5 696.6 690.4 685 678.1 663.4 633.2 594.6 557.4 522.8 493.6 476 474.4 462.9 455.8 453.6 452.4 452.8 454.4 452.3 453.9 459.9 463.8 469.7 476.5 479.1 487.6 499.1 518.9 547.3 568.8 588.9 606.4 619 628.2 635.2
962.6 966.8 969.3 968.7 964.7 959.6 951.8 942.4 924.5 895.6 865.7 852 835.6 817.4 798.2 780.8 764.6 749.8 732 713.7 694 676.3 664.3 651.5 640.7 630.6 641.3 654.1 663.2 669.2 676.1 671.9 678.7 693.4 702.5 706.6 710.2 711 710.3 710.2 708.6 700.8 693.8 687.7 682.5 676.7 667.5 654.6 630.1 591.3 555 520.9 491.9 481.6 474.1 464 460.2 454.5 452.6 451.4 450.9 451.6 453.7 458.9 462.6 465.3 472.5 475.3 480.9 494.1 513 538.5 562.2 582 598.5 613.5 622.9 629.6
964.2 967.7 968.5 966.1 962.5 955.9 947.4 935.9 918 895.8 866.2 847.5 832.2 816.4 800.3 781.6 767.4 747.4 727.9 709 691.8 675.7 663.9 653.3 638.5 636.7 648.1 656.9 666.7 673.4 680.3 688 686.6 703.4 711.4 711.1 709.4 706 703 699.1 696.2 690.5 685.6 680.1 674 667 656.3 642 620.3 582.9 550.3 515.6 488.3 480.5 475.8 467.3 464.5 455.6 453.2 450.8 450.2 451 453.7 455.9 457.9 467.2 476 478.6 482.2 493.6 506.7 528.6 552.1 574.6 593.6 607.9 617.9 624
963.1 965.2 964.8 962.6 957.8 950.6 941.2 928.4 911.3 892.1 869.5 849.9 834 814 795.7 782.2 770.2 746.3 725.7 708.1 690.3 676.6 665.2 654.3 638.9 644.8 649.2 657.9 667.1 676.8 683.4 692.8 695 707 712.6 709.7 702.7 697.9 694.1 688.1 684.3 680.5 676.2 671.7 665.6 656.2 642.8 629 609.4 569.7 540 508.3 486.5 480.1 471.9 465.4 460.3 456.9 451.4 450.3 450.9 450.8 452.2 455.2 459.1 469.8 478 484.2 482.5 489.7 503.9 523.3 548.1 568.9 587.9 601.3 613.3 619.2
960.1 961 959.9 956.9 951.1 943.4 933.4 919.5 901.7 884.1 868.5 846.8 827.7 810.9 793.3 780.9 767.5 743.3 722.8 704.7 687.8 674.3 663.5 653.6 651.2 652.3 654.1 656.4 665.5 674 686.6 696.3 701.6 703.3 706.1 700.5 694.4 688.5 682.1 677.6 672.5 669 665.4 660.7 652.7 640.7 628.1 613.4 586.6 557.3 527.5 505.1 488.2 479 470.9 463.3 461.1 456.9 453.4 452.7 453.3 450.4 451.4 455.1 461.2 469.7 478.4 482.3 485.9 489 502.3 521.9 542.3 561.1 582.4 598.4 607.3 614.2
954 954.2 952.4 948.7 942.3 933.7 922.7 909.6 892.8 876.7 861.6 840.4 823.7 806 789.8 774.6 756.9 736.2 718.6 702.1 686 672.3 660.3 656.9 656.9 658.7 656.4 657.1 663 673.2 684.2 694.4 698.5 696.4 695.4 690.9 684.8 676.6 671 664.3 658.8 654.4 651.9 647.3 637.7 624.4 611.8 595.6 570.8 543.7 523.6 500.3 487.3 480.9 471.6 463.8 459.5 454.4 452 454.2 451.4 449.8 451.1 454.8 461.6 469.5 479.7 481.7 488.1 489.3 500.9 518.5 538.5 554.2 568.6 593.1 606.4 615
946.7 944.9 943.5 938.7 931.6 921.6 911.3 897.7 881.9 866.2 848.5 832.3 814.8 798.8 782 761.5 745.4 730.3 711.3 696.7 683.2 670.5 659.7 657.2 661.2 661.5 658.4 655.1 661.6 673.1 681.1 689.4 691.7 688.1 683 679 672.5 663.9 658.8 652 645.2 640.7 636.4 630.5 618.7 605.4 593.5 573.6 556.6 532.6 518.3 496 484.3 476.2 469 464.2 457.5 454.3 456.1 455.2 451.3 449.8 451.5 454 461.3 466.8 474.9 480.6 486.7 485.4 496.4 512.1 525.8 554.2 571.8 591 605 612.7
936.5 934.6 931.7 927.4 919.3 908.7 898.2 884.1 870.4 855 839.8 824.7 807.6 791.8 775.1 755.3 741 722.9 706.9 689.8 675.9 666.8 661.6 659.6 661.9 662 658.7 654.2 658.8 667.1 674.9 678.6 679.7 676.3 671.3 665.8 659.5 651.1 645.3 637.5 629.4 623.4 612.2 610 598.7 587.3 574.6 557.4 540.1 526 505.3 491.4 480.6 471.9 474 466.2 455.5 453.9 454 453.1 450.6 447.8 450.8 453.8 461.3 463.5 467.5 469.1 477.5 487.3 497.2 517.3 536.1 553.7 573.5 593.6 602.1 608.4
925.2 922.9 919.3 913.6 904 893.8 882.4 869.9 858.8 842.4 828.8 813.2 795.2 781.3 763.7 745 729.8 714.2 699.6 684.3 671 663.5 661.2 661.1 661.6 659.9 651.4 650.6 653.7 660.4 666.5 668 667.4 663.7 659.9 653 644.6 636.6 629.5 620.5 611.6 601.4 591.5 588.1 578.8 567 555.9 541.4 530 515.9 503.3 491 478.3 476.4 472 466.8 454.9 455.4 452.4 450.7 449.4 449.7 450.1 451.9 455.7 457.8 464.7 480.2 484.3 489 499.9 515.9 534 553.6 572.3 592.4 602.7 612.4
911.5 909.5 905.4 897.8 888.8 878.7 867.5 855.8 842 830.9 816.6 802.8 786.1 768.3 746.7 734.1 719.6 704 689 678.5 667.5 662.6 660.9 661 658.3 652.5 649.1 645.1 647.3 651.5 655.6 656.5 654.9 650.3 646.7 638.2 628 615.7 609.8 602.3 593.8 581.5 576.5 567.8 558.4 550.1 539.7 527 516.2 506.2 497.7 484.2 477.4 474.5 469.7 461.2 456.7 454.4 452.9 454.1 454.7 447.8 449.2 449.1 453 462 476.3 478.9 484 491.2 502.6 516 533.6 553.5 572.4 588.6 601.7 612.6
897.2 894.4 889.8 883.3 875.3 862.3 852.9 840.7 830.1 817.6 804.3 790.8 774 755.4 736 722.8 708.6 692.7 679.4 670.3 663.2 659.5 657.6 656.6 651.7 649.7 644.1 639.1 640 642.5 641.6 641.7 640.4 636.4 630.1 619.8 612.3 601.9 593.8 587.3 577.8 568.6 554.1 553.5 542.3 534.1 525.7 516.1 506.3 497.6 491.5 486.1 478.4 474.4 467.2 463.1 458.3 453.7 451.3 452.4 455.2 445.4 445.5 447 452.4 460.8 474 477.9 481.9 493.4 504 522.3 533.3 551 570.6 588.8 602.7 613.2
883 879.1 874.6 867.4 857 846 837 827 814.1 803.1 790.2 778.5 761.3 743 725.4 708.3 694.4 685 671.2 663.1 660.5 655.8 651.4 648.3 642.3 638.9 635.2 630.8 630.9 630.6 630.4 630.2 627.6 619.7 612.5 604 594.6 591.6 579 573.3 561.9 553.8 536.2 538.6 525.9 516 507.8 501.5 494.3 485.4 484.3 482.1 477.1 469.5 464.2 464 461.7 463.8 452.7 449.9 451.7 449.4 443 448.7 449.8 455.9 465.2 477.1 482.2 494.4 501.4 522.1 540 557.8 566 585.9 602.9 608.9
866.8 862.7 856.6 849.1 840 830.7 821.7 813.4 801.5 789 779.6 761.9 748.2 729.8 712.9 696.7 682.9 669.8 664.8 659 654.2 646.9 643.8 636.9 631.4 625.9 622.6 619.4 620.3 620.9 620 615.6 611 602.9 594.4 588.2 581.4 576.6 563 561.4 547.8 543.3 529.4 524.2 514.4 505.5 498.6 491.5 487 482 478.5 476.6 475.1 470.6 463.8 461.7 460.1 457.4 451.6 445 440.8 440.6 440 444.8 447.9 454 460.7 475.7 481 489.2 500.8 522.5 550.7 568.9 574.4 583.5 596 606.3
847.7 844.2 838.9 831.8 824.5 815.5 804.7 797 784.5 774.8 764.3 748.7 733 713.6 700 686.8 674.4 665.1 653.2 648.4 642.3 633.8 630.4 622.2 614.6 613.2 607.7 602.7 610.7 609.6 605.5 600.3 594.3 587.3 582.1 573.3 568.5 559.5 546.8 544.2 536.6 521 512.7 509.3 501.6 497.1 493.1 487.8 483.7 481.7 480.6 476.2 470.4 464.2 462.2 460.2 456.8 456.8 450.1 447.1 444.8 442.6 439.7 438.7 443.3 450.5 457.9 469.3 479.1 486.1 498.3 515.3 544 567 578.9 584.8 597.2 608.2
831.8 827.9 821.2 814.1 806.8 797.3 787.8 775.9 765.2 752.6 746.5 731 713.1 696.2 683.2 675 666.3 656.1 646.6 637.4 628.9 619.1 610.6 607.3 605.7 601.5 599 593.3 595.6 595.3 590.4 582.8 578.1 571.4 564.7 558.8 552.3 538.6 536.1 525.6 519.8 513 502.8 498.7 494.3 491.2 488.2 479.4 477.6 474.3 466.7 462.6 465.6 461.8 458.2 470.1 469.1 460.5 458.1 449.4 445.3 443.1 439.5 437.3 438.8 444.9 449.8 458.3 473.8 481.6 494.3 509.9 533.7 559.2 578.2 588.2 594.6 603.7
813.9 811.3 805.3 797.4 789 778.6 767.7 752.1 744.9 732 722.3 709.1 694 680 671.1 661.5 652.9 643.3 633.5 622.7 614.7 601.3 596.3 592.5 587.1 584.7 582.3 582.7 581 579 575.2 573.7 561 554.7 548.2 542.9 532.4 522.7 519.7 510.3 508.9 504.1 495.1 490.2 487.3 482.3 474.5 470.3 475.5 476.5 469.6 468.3 469.6 471.9 475.6 474.8 469.7 465.4 462.8 451.4 447.3 445.4 443 434.8 436.9 442.2 446.2 458.6 469 479.9 487.9 506.5 528.2 545.7 564.5 578.3 588.1 596.7
797 793.7 786.8 779.6 771 760.3 745.8 727.2 718 707.9 696.4 686.3 674.7 663.6 653.5 642 634.7 624.2 614.6 609.4 599.5 590.8 584.3 579.7 570.5 570.1 568.6 566.2 563.1 562.1 557.4 552.4 546.3 541.9 530.2 528.9 525.4 513.4 511.4 502.2 498.2 491.6 487.1 480.6 482.4 482.5 485.5 482.8 485.9 485.6 472.9 473.9 477.7 476 475.8 475.8 472.2 470.1 465.2 458.5 447.4 444.8 442.5 446.9 434.6 435.7 436.5 449.7 463.9 478 483.1 496.9 516.9 531.6 553.2 569.4 583 587.6
779.8 776.6 769 760.6 747.4 736.3 721.5 705.3 688.3 683.7 674.3 664.9 656 645.8 634.9 625.7 618 608.5 598.8 593.3 584.1 576.5 566.4 563.7 562.8 557.3 550.8 554 549.8 544.7 542.8 537.5 532.3 528.1 521.4 519.6 512.8 507.7 498.8 492.9 491.2 489.2 487.6 489 491.2 495.2 495.1 493.8 491 486.8 481.1 475.8 480.3 478.6 475.4 470.9 469.9 469.6 466.7 458 450.3 446.5 445.3 449 434.1 434.7 440.6 446.5 459.5 475.9 478.4 488.9 504.1 518.7 538.3 559.1 576.9 581.5
760.7 754.5 744.7 732.6 716.9 709.4 698.8 686.1 670 661.9 656.1 645.3 638.3 626.6 618.3 610.8 600.8 591.3 586.4 575.7 566.1 559.3 554.1 550.3 545.3 544.1 539.4 539 535.4 532.6 526.7 521.9 517.6 514.9 508.4 504.1 495.2 492.9 495.4 493.1 498.4 502.4 505.5 493.2 505.5 507.5 505 504.9 498.5 496.8 485.3 478.4 483.1 480.7 478 476.7 475.3 471.7 461.4 453.7 448.3 448.7 443.6 445.8 434 433.9 433.6 441.4 459.1 471.1 475.4 479.5 494.3 509.3 523.8 543.6 564.3 574.2
734.9 727.2 716.3 703.1 691.2 682.7 673.9 666.4 651.3 640.8 633.4 628.9 619.5 610.1 601.7 593.9 585.9 578.2 570.4 562.8 553.1 545.1 544.6 543.8 539.9 538.4 537.8 532 524.4 523.4 522 517.2 511.4 504.7 501.2 501.4 504.7 506.1 500.4 508.9 512.5 511.6 506.3 507.1 510.3 511.1 515.5 507 502.1 498.2 497.2 492.3 488.4 488 482.9 480 479.6 475.7 467.1 457.6 449.9 448 438.1 441.9 439.2 432.6 432 442 458.6 463.3 471.6 477.7 486.2 499.3 511.9 529 543.5 559.7
707.2 698 686.1 677.1 666.8 658.7 652.5 643.8 629.4 619.3 615.8 611.3 603.9 590.2 585.5 579.4 566.9 562.3 554.9 550.7 543.2 540.3 541.2 535.8 526.8 524 524.1 516.2 515.3 514.2 510.5 510.9 506.6 509 520.8 506.5 507 512.4 516.1 517.3 520.4 515.7 512.6 516.3 515.9 518.9 520.6 511.6 507.4 502.1 503.1 502.3 499.9 497.1 489.2 484.2 482.1 480 472.4 459.5 452.8 446.5 439.3 434 432.6 431.6 431.4 438.3 454.4 458.3 471.3 475 481.2 491.5 503.4 516.9 526.8 539.7
677 668.2 660.9 653 642.7 634.7 632.5 621.8 611.7 602.2 597.6 593.8 585.9 578.8 571.8 565.7 558.8 552.5 552.2 550.9 546.2 540.6 530.6 524.4 525.1 520.9 519.6 518.5 521.6 519.1 519.5 517.6 517.3 519.2 515.7 506.7 514.2 521 522.5 523.1 524.9 518.6 519.7 519.8 523.9 526.4 525.6 521.3 517.5 513.6 515.4 513.5 510.9 507.3 497.3 491.1 490.3 484.1 476.1 459.6 452.3 446.3 436.3 432.8 430.9 430.5 429.9 431.4 449.1 463.2 465.1 471.4 478.1 485.3 495.1 506.3 513.7 523.7
651.2 644.3 637.1 629.7 621.8 615.7 610.5 602.4 587.2 583.6 579.4 571 564.3 562 556.2 548.8 547.8 541.1 539.7 534.7 530.4 528.6 527.2 534.8 531 529 534.7 531.7 527.1 525.4 533.7 525.2 525.7 521.1 510.6 514.4 523.5 532.8 530.2 531.5 530.2 526 526.1 526.4 531.1 533.5 533.6 535.7 532.3 530.4 530.1 529.5 522.9 520.8 515.1 501.3 494.3 486.2 477.6 466.8 456.8 447 438.3 431.6 429.2 429.3 428.9 429 439.7 456.1 458 467.9 474.8 482.6 489.9 499.6 508 514.3
629.6 625.3 618.7 609.6 602.7 597.6 590.1 580.3 571.7 565.4 560.5 555.9 553.5 550.4 547.3 540.8 540 537.8 535.8 533.7 536.4 539.2 540.5 536.3 539.1 541.4 542.4 536.1 539.8 541.7 541 540.6 533.2 522.3 519.2 523.6 531.9 535.4 534.1 533.5 534.3 532.5 533.8 540 544.3 545.9 547.5 544.9 547.8 549.5 549.6 545.2 540.9 536.5 526.7 514.6 503.7 497.3 484.3 471.3 458.8 450.3 439.3 430.5 429 428.3 428.7 428.1 436.2 449.4 460.8 464.2 469.6 479.5 486.7 495.4 502.3 508.3
