WholeMapElevations/data/ss/ss89_OST50GRID_20230518/SS89.asc
ncols 200
nrows 200
xllcorner 280000
yllcorner 190000
cellsize 50
[rows 70 to 104 of 200, columns 0 to 78 of 200]
158.1 166.5 175.1 184.2 191.4 198.2 202.6 209.3 214.6 219.6 225.4 232.5 239 243.8 247.9 251.8 252 245.6 217.4 195 174.7 151.7 151.9 166.9 181.9 192.3 203.3 212.6 224.8 240.5 251.6 259 266.3 272.7 277.7 283.3 288.8 293.9 300 306.3 311.8 315.6 318.9 323.2 327.3 330.8 333.5 335.9 338.4 340.5 342.7 345.6 347.5 350.5 353.5 355.2 354.5 352.9 351.5 350 348.1 347.6 347.4 348 347.3 346.3 342.9 339.5 336 329.9 315.2 295.5 273.8 249.7 252.2 266.2 274.1 281.3 290.4
151.1 160.7 167.6 175.3 180.2 183.5 185.2 189.2 195.1 200.7 206.9 212.7 219.8 225.1 232.7 240.4 242.4 230.4 206.4 184.7 162.6 150 153.2 171.7 185.4 195.4 205.2 219.2 235.7 251.5 261.6 268.1 274.3 279.8 285 290.8 296.6 302.3 309.6 316.4 321.4 324 326.3 329.8 333.2 336.1 338.7 341.1 343 344.9 346.9 348.6 350.4 352.5 354.1 353.8 350.5 348.4 345.9 343.6 342.7 343.3 343.4 341.7 339.1 337.5 333.5 328.3 320.9 313.7 306.5 291.6 275.6 252.9 229.9 247.3 260.4 270.9 278.4
144.2 153.6 162.1 166.2 168 171.6 171.1 175.9 182.1 186.6 191.8 199.5 208.1 207.7 205.8 214.3 220.5 212 195.3 173.7 149.9 149.1 163.6 174.9 187.7 198.9 210.3 223.9 241.4 256.7 266.6 274.1 280.6 285.8 291.3 297.8 303.8 310.1 317.5 323.5 327.9 331.4 333.5 336.2 338.7 341.1 343.6 345.7 347.6 349.4 351.4 352 353.5 355.4 355.2 352.5 348 343.9 339.6 337.2 334.8 330.5 324.4 319.8 321.5 320.7 317.7 314.2 308.2 302.7 296.1 287.2 274.5 255 237.7 226.4 244.3 259.7 265.4
142.1 148.3 159.1 160.5 163.5 164.5 164.4 166.8 166.1 173.4 179.3 185.1 189.2 191.1 190.5 193.8 204.7 198.1 184.8 161.6 146.3 149.7 166.2 173.7 190.5 203.1 215.1 226.1 242.2 257.8 270.2 279.3 285.9 290.8 296.5 303 309.7 316.7 322 327.3 332 335.7 339 341.4 344 346.4 348.9 350.6 352.2 354 356 356.2 356.2 357.1 354.8 351 344.6 337.8 330.7 325.2 320.5 315 310.4 308.8 307.9 307.1 304 299.8 295.3 290 283.6 277.9 270.1 257.5 240.1 215.2 228.3 249 256.2
137.4 140.7 143.6 146.6 148.3 150.4 146.9 149.1 153.2 158.5 164.2 168.8 169.8 170.1 179.5 183.1 190.9 187.2 173.9 150.4 145.3 159.5 168.9 179.7 192.8 205.4 217.8 227.9 242.8 259.6 273.2 281.8 288.3 294.7 300.9 307.4 314 320.7 325.7 331.1 336.1 340 344 346.5 349.1 351.7 354.2 355.9 357.5 359.1 359.9 360 358.7 355.8 351.1 342.6 333.7 326.3 318.6 312.8 307.1 302.4 299.1 295.9 293.3 291.2 289 285.6 281.7 277.7 273.2 269 261.7 247.2 227 209.7 217.5 238.7 252
126.6 129.7 131.2 133.1 136.1 133.5 134.6 136 137.9 141.8 146.5 149.3 155.4 158.8 167.2 169.9 174.5 172.7 160.4 143.8 145.3 162.8 172.3 182.8 193.7 207.5 219.5 229.2 243.5 260.6 274.4 283.5 291.9 298.9 305.6 312.1 318.4 324.5 329.5 334.6 340.2 344.4 348.6 351.6 354.2 356.7 359.3 361.3 362.2 362.5 361.5 360.3 358 349.2 340.4 331.6 323.1 317.5 311.4 301 287.5 284.8 281.2 277.4 276.1 274.3 273.7 271.6 267.6 262.1 257.6 251 236.6 220.5 203.8 194.5 209.4 228.6 239.1
119.4 119.5 120.7 121.7 121.8 124.5 124.7 126.3 127 126.7 134 139.5 144.8 147.8 155.6 159.2 164.4 156.1 147.5 140.4 149.4 164.1 174.7 183.2 194.8 209.3 219.9 230.1 244.3 261.2 274.4 284.5 295.7 303.4 310.3 316.9 323.2 328.5 333.5 338.4 343.3 348.1 352.7 356.1 358.7 361.3 363.6 364.9 365.2 363.6 361.3 358 348.6 338.6 331.1 324 317.1 310.7 302.5 285.6 265.1 261.1 257.4 254.1 252.6 253.3 250.4 244.5 240 233.9 228.3 221.8 209.5 195.9 187.7 199.6 210.4 220 227.7
129.8 130.8 131 131 130.1 131.6 134 136.5 137.2 137.3 133.6 130.3 135.6 141.7 145.1 147.5 153.2 147.8 140.6 146.9 163.3 169.7 177.1 183.8 195.9 208.6 220.4 231.9 245.8 262 275 287.2 298.9 307.6 314.7 321.6 327.5 332.5 337 341.6 346.2 351.4 356.3 359.7 362.6 365.4 366.9 367.9 366 363.7 360.2 349.9 339.3 332.4 325.6 318.6 311.8 304.4 291.5 273.6 248.6 234.1 229.7 225.7 223.1 222.3 219 214.7 213.1 210.7 205.7 197.4 186.2 175.2 181.4 196.1 203 210.2 214.3
140.1 141.2 143 144.1 145.3 145.8 145.7 147.3 147.9 148.2 146.1 143.5 138.4 132.4 134.9 133.9 143.1 145.4 143.1 150.8 163 170.2 177.5 184.8 196.8 210.3 222.7 234.5 247.8 262.6 275.6 289 301.4 311.8 319.4 326.2 331.2 335.7 340.3 344.8 349 354.5 359.3 363.7 366.7 369.1 369.9 369.6 366.8 362.5 355.8 343.5 332.8 325 318.3 313 302.9 295.3 284.9 265.9 237.7 211.7 206.1 205.2 201.8 199.6 196.4 192.1 189.9 186.3 182.8 179.3 169.9 170.5 176.5 182.4 186.2 187.9 189.9
148.4 150.9 154.1 157.5 158.5 158.5 158.7 158.1 157.3 157.4 156.7 157.7 156.2 152.8 147.8 143.8 140.5 146.6 153.9 155.8 160.6 169.8 177.4 188 200.2 213.4 225.8 237.4 250.3 263.9 278.3 291.9 303.9 315.3 323.8 329.3 334.1 338.7 343.4 347.7 351.8 356.8 361.7 365.9 369.6 371.8 372.3 370.5 366.5 360.3 347.4 334.4 325 316 308.5 303.6 293.1 284.9 276.4 251.8 223.7 206 178.5 182.1 180 176.2 174.4 169.5 167.2 164.5 162.6 156.9 163.3 170.3 169.8 165.8 163.5 163 164.8
157.7 161.7 166.6 170.6 174.5 172.7 172.4 170.7 169 169.5 168.9 168.1 168.5 167.5 162.2 157 152.7 160.1 162.2 165.1 167.9 174.3 182.5 192.9 205.7 220.4 232 242.8 253.6 267.4 282.3 296.4 307.8 319.3 326.4 331.6 336.3 341.2 345.8 349.8 353.8 359 363.9 367.9 371.7 373.1 372.1 369.5 365.3 354.7 338.4 325.5 315.1 305.2 296 287.9 279.8 272.1 254.3 229.6 208.3 192 174.6 158.9 156.8 152.9 149.4 144.7 144.9 141.9 153.7 151.5 158.5 162.1 159.2 151.5 150 149 147.3
166.1 171.3 176.1 183 186.5 187 186.9 184.7 183.3 181.7 180.5 178.7 178.2 177.9 173.4 166.5 163.9 167.2 169.2 172.9 177.3 183.1 192.3 201.7 214.1 225.7 238 249 258.1 272.9 287.7 300.4 312.5 322.8 328.1 333.6 338.6 343.5 348.3 352.1 355.6 359.8 364.2 369.1 372.8 372 370.6 366 357.6 344 329.4 317.1 306.3 294.5 283.9 272.8 261.4 247.6 231 211 191.7 172.8 151.4 137.8 130.2 123.6 118.7 114.8 120.7 115.7 125.7 132.4 136.2 141.4 137.5 140.6 140.3 140.8 140.9
173.1 179.1 184.6 190 194.5 197.1 198.2 197.2 196.4 196.9 195.5 191 188.6 188.6 185.4 177.8 175.8 176.5 178.8 182 186.5 192.3 202.6 211 221.5 231.7 242.2 253.3 263.7 277.1 291.9 304.5 314.8 322.6 328.5 334.5 340.4 345 349.4 352.8 355.3 359.1 363.7 369.2 371.1 368.9 358.2 340.7 338.3 330.7 320.7 308.4 297.9 286.1 274.1 259.1 243.6 229.4 215.3 193.6 173.8 150.4 126.9 110.7 110.2 109.9 108 108 114.6 120 122.1 118.2 111.1 114.5 115.3 119.7 118.5 119.2 121.4
178.7 184.5 190.1 196 201.4 205.4 207.1 206.3 205.8 206.7 206.8 205.3 200.9 197.3 193 187.1 185.5 186.3 188.9 192 195.3 202.3 211.8 222.2 232.4 240.4 248.2 257.9 268.7 279.3 293.5 306 314.3 321.3 327.8 333.9 339.7 344.7 349.1 351.7 353.1 355.3 357 359.2 358.7 352 334.5 308.5 307.2 306.7 303.5 292.2 286.8 277.1 264.9 248.2 229.6 213 197.6 176.3 155.3 132.3 105.9 117.4 122.1 127.7 136 136.4 140.1 139.6 137.8 138.8 137.8 130 123.3 121.1 125.7 127.5 124.4
185.5 191.4 196.5 201.8 206.4 210.1 213.1 213.9 213.6 214.3 216.3 214.8 210.1 204.4 197.8 193.7 192.7 193.7 197.2 200.7 204.1 211.3 221 234.5 245.7 254 260.3 265 273 280.8 291.3 303.5 312.1 319.3 325.9 332.5 338.7 342.9 346 347 344.4 343.6 342.9 339.9 329.2 323.1 314.3 282.3 275.3 281.1 275.6 266.6 260.2 256.9 246.5 234.6 223.6 199.2 177 161 143.2 120.3 112.2 127.5 134.7 137.2 146.8 150.3 152.3 151.8 151.3 150 148.7 146.8 141.7 142.7 144.3 144.5 143.1
191.7 197.5 203.1 208 211.5 214.9 218.9 221.7 221 221.2 223.1 222.4 217.7 208.5 203.8 201 201.1 201.6 204.9 209.2 213 220.8 232.3 246.8 258.6 266 269.9 273.8 278.3 283.6 290.9 299.1 307 314 321.1 328.1 332.1 333.3 333.5 332 329.4 326.5 321.6 311.1 295.4 291.2 291.1 266.6 240.9 249.9 243.6 237 231.2 226.9 222.4 217.8 209.3 187.5 165.5 148.4 132.3 112.8 112.3 129 140.6 151.1 160.8 169.4 170.9 168.2 165.4 163 158.7 156 153.7 149.6 149 150 150
197.5 202.8 209.4 213.8 218 221.4 224.9 227.7 226.3 224.6 225.6 223.8 219.3 211.8 209.4 208.1 207.8 209.3 212.5 217.2 221.2 226.8 243 256.7 267.4 275.2 278.3 280.6 283.9 287.6 292 297.1 302.1 307.7 312.7 317.7 319.2 318.8 317.5 316.1 314.5 306.1 294.6 282 265.3 258.4 256.2 239.6 214.6 215.2 213.6 207 202.7 199.6 194.7 191.4 181.5 166.3 149.3 135.7 121.8 106.7 115.3 138 151.8 158.4 174.4 184.2 188 181.8 178.2 174.3 170.5 166.4 163.7 158.7 158.3 159 159.3
203 209.3 215.4 219.6 223.8 227.9 230.1 231.6 232.4 230.9 227.8 225.1 220.4 216.3 214.7 214.3 214.7 216.4 220.1 225.7 227.8 235.7 250.2 262.2 270.5 278 282.6 286.5 289.5 290.9 292.8 296.9 299.7 302.8 306.5 310.7 311.5 309.6 305.6 302.6 292.1 275.4 260.9 249.1 234.6 227.5 220.5 211 194 184.3 182.9 178.8 175.3 172.4 167.2 162.1 154.7 143 131.4 120.5 106.3 102.9 127.2 147 153.3 162.1 180.7 192.3 198.1 196.2 192.2 189 188.8 182.8 176.1 167.5 167.5 169.9 172.2
210.3 216.2 221.5 225.8 230.2 232.7 233.9 235 236.6 236.6 233.8 230.2 226.5 222.8 221 221.8 221.9 223.1 228.7 233.1 236.7 241.3 249.6 260.6 269.2 277.6 284.2 289.5 290.3 290 292.8 294.9 294.8 295.3 297.5 299.5 297.6 295.4 289.8 279.5 262 242.7 228.3 218.2 207.8 198.3 190.1 179.7 167.1 157 155 152.2 149.8 145.4 141.9 139 127.5 119.5 110.1 103.7 101 122.6 136.5 148.6 155.1 164.5 181.5 191.9 202.1 208.4 207.3 201.5 199.3 195.5 186.6 179.8 178.9 181.6 183.1
217.7 223 228.4 232.6 235 236.9 238.1 239.3 240.5 241.2 239.5 236.6 233 229.5 227.1 225.8 227 232.1 235.5 239.2 242.4 246.3 250.7 256.6 264.9 274.2 280.7 283.3 281 281.2 285 286 284.6 282.3 284.5 285 284.6 280.4 269.1 250.2 232.3 214.6 198.2 190.2 180 167.6 159.9 150.7 143.8 137.1 132.2 128.3 123.5 118.8 114.1 107.8 100.8 100.2 103.2 112.2 123.6 132.4 140.2 151.9 161.9 174.5 188.2 197.2 207.2 213.4 217.7 215.6 206.9 202.4 196.3 189.9 192.8 193.3 194.8
225 230 234.7 237.4 239.5 241.2 242.4 243.7 244.9 244.5 243.4 241.5 239 234.8 230 229.1 233.1 236.5 239.3 242.6 245.9 249.8 253.2 255.4 258.5 266.1 271.2 272.1 268.5 266.2 269.6 269.5 269.3 268.4 271.8 273.6 273.3 268.8 248.9 223 203.6 189.2 173.3 161.6 150.7 144.6 137 128.6 120.2 114 108.7 102.8 97.1 99.6 100 100.4 103.3 113.9 124 127.6 130.1 139.9 147.4 153.7 162.9 176.6 191.1 204.1 214.3 222.6 227.6 227.6 217.5 209.6 204.4 200.9 200.3 202.6 202.9
231.4 236.4 241.4 243 244.5 245.5 246.7 248 249.1 248 246.8 245.6 242.7 237.7 230.9 221 233.9 237.6 238.7 237.6 237.8 239.8 238.1 238.1 239.1 243.9 249.9 249.3 246.3 243.4 244.1 245 244.5 248 254.7 256.6 251.9 242.5 222.2 196.4 177.4 162.2 149.5 142.6 136.6 126.5 116.1 105.5 98.6 97.2 95.7 107.8 112.4 110.5 103.8 110.2 120.7 125.6 127.5 131.6 142.8 150.8 158.3 164.2 170.8 184.9 197.3 210.8 221.1 229.8 237.2 236.3 225.6 219.1 214.3 210.1 207.3 211.5 213
238.3 242.8 248.1 249.4 249.9 250.3 250.9 252 251.8 250.9 250 248.6 244.9 238.5 229.9 204.8 217.6 222.6 220.8 217.4 214.2 214.2 214.2 215.6 217.9 219.2 221.1 220.5 217.8 217.1 217.6 218.6 218 219.8 222.7 224 217.9 207.7 192.6 173.9 155.1 142 132.1 123.3 113.7 102 97.5 94 98.3 111.1 129.2 123.1 122.1 122.9 114.9 124.5 126.4 130.5 140 148.7 155.1 161.9 169.4 177.7 185.6 194.8 204.9 217.9 226.8 234.8 239.5 237.5 231.6 225.7 221.4 218.6 216.8 220 220.4
243.9 248.2 253.1 254.9 254.9 254.7 254.3 255.2 255 254 253.1 250.6 245.9 238.6 228.4 203.2 189.1 195.6 194.4 189 184.2 188.5 190.1 192.4 197 197.3 193.3 190.9 189.2 190.4 192.1 191 190.1 188.7 189.7 189.6 184.1 175.7 165.1 150.2 135.6 120.7 107.9 97.8 92.7 93.2 100.8 115.8 121.8 121.6 130.2 131.7 135.9 135.5 129.7 136.4 143.6 147.8 154.1 159.5 167.4 174.5 181.8 189.3 197.9 206.3 213.2 221.5 227.8 233.5 237.6 237.9 236.3 231.7 228.5 226.4 224.3 227.8 229.2
248.2 251.4 255.8 258.7 258.5 258.4 257.8 258 258.4 257.2 256.3 252.6 245.9 238 223.5 203.9 174.7 173.4 174.1 169.8 166.5 165.9 168.2 169.2 170.3 169.6 167.2 164.9 160.8 163.4 163.3 162 158.1 155.3 156.7 158 155.6 150.1 140.7 130.7 111.2 92.9 95 98.4 102 111.4 118.9 122.4 133.1 134.3 135.9 140.3 142.7 143.8 136.3 146.9 156.8 160.3 165.6 171.6 180.4 188.3 196.8 205.7 216 221.8 223.4 226.5 231.4 237.2 242.4 244 242 238.8 238.3 235.8 231.4 235 238.6
251.1 253.9 258.2 261.3 262.4 262.3 262.3 261.6 261.2 261.4 259.4 252.8 243 229.7 213.2 199.5 168.5 144.6 146.2 141 139 137.3 138.9 140.2 141.7 143.1 143.2 136.7 131.4 136.9 139.2 138 134 133.1 132.5 134.7 132.6 126.1 117.5 101.5 92.3 97.7 108.8 117.7 125.1 132.1 133.3 134.4 140.4 140.8 145.3 149.8 156.1 157.8 156.4 151.2 166.9 171.2 176.3 185.2 194.4 203.1 210.2 217.7 228.7 235.9 240 241.2 240.4 242.3 246.7 248 247.5 249.2 249.5 246.2 238 241 247.4
256 260.3 265 267.9 269 268.4 268 267.1 266.2 265.1 260.5 251.1 236 212 193.9 173.7 156.7 138.7 126.8 126 122.7 120.2 120.9 120.3 120.2 119.3 111.1 96.2 95.4 99.9 103.2 107.3 106.8 109.4 105.4 103.1 105.2 100.3 92.5 94.1 108.7 117.7 125.2 130.1 131.8 136.4 143.6 149.3 149.3 151.5 156 164.6 168.2 168.4 165.4 161.4 171.1 180.4 188.2 197.2 204.8 212.8 219.2 227.1 237.4 246.4 253.6 258.2 261.5 260.9 256.9 255.3 256.8 262.3 261.8 255.5 245.9 247.1 251.3
265.1 270.5 275.3 276.6 275.4 273.7 272.1 270.8 268.9 266 259.7 248.1 227.4 198.1 170.9 153.8 139.4 129 116.7 110.3 105.8 102.3 101.7 97.8 93.2 85.8 84.7 95 99.5 97.4 88.3 86 89.8 90.6 90.9 91.1 91.4 91.9 93.5 110.4 118.8 128 130 131.3 133.4 141.7 151.4 163.9 165.8 164.4 173.6 177.8 179.1 178.9 173.8 168.6 171.8 185.4 194.9 203.5 210.8 217.5 224.1 232.1 241.5 252.9 263.5 270.1 275.5 279.9 280.8 279.1 277.9 279.1 275.9 263.8 251.5 252.2 255.7
277.6 281.3 283.6 280.3 277.5 276 274.6 272.3 269.2 265 255.9 238.9 215.6 188.2 162.4 143 130 115.7 104.9 94.7 88.4 84.9 83.7 83.8 84.3 84.3 83.8 106.2 110.4 110.6 106 99.6 89.4 89.4 90.1 90.4 90.8 91.6 107.5 114.7 124.9 133.3 134.2 135.4 134.6 140.4 152.7 167.5 173.9 175.3 182 184.9 185.9 185.3 179.9 177.8 175 184.8 198.2 205.8 212.6 218.6 227.4 237.4 247 257.7 269.1 277.9 283.6 288.4 291.8 293.6 293.1 291.5 284.4 269.4 259.5 257.8 263.8
281.6 283.5 284.9 282.3 279.1 277.5 275.1 272.4 269 261.9 248.9 226.9 203.2 178.5 154.9 136.9 113.5 101.9 90.3 83.5 81.5 78.3 78.6 79.4 81.2 91.1 102.3 103.1 115.3 115.6 115.7 109.2 103.6 102 93.1 90.9 93.6 103 113.8 123.1 128.3 136.9 148.1 150.3 150.7 154.6 160.2 170.8 179.1 181.5 185.2 190.1 190.3 189.1 186 185.1 184 189.2 200.7 207.4 213.5 219.6 228.6 241.4 252.4 262.1 272.2 283.8 289.6 295.9 298.8 300.4 300 296.4 289.1 274.9 266.8 268.5 271.7
282.1 284 285.5 282.4 279.5 276 273.3 270.1 265.4 256.8 244.4 221.6 194.2 164.3 135.8 112.3 94.1 83.7 79.6 77.6 83.2 85.4 90.8 101.2 102.1 107.8 112.2 118.2 124.8 127.1 126.9 125.8 117.1 114.6 111.3 112.5 115.7 116.7 117.2 124 133.7 145.5 151 157.4 162 166.1 172.8 180.9 186.1 187.3 187.5 194.4 195.1 194.2 193.7 192 193.2 192.8 201.9 209.9 216.1 222 231.5 246 256 266.4 277.1 287.5 294.9 300.6 303.6 305.2 304.6 300.7 292.6 279.7 275.3 276.4 281.1
283 283.6 283.4 279.7 275.2 271.4 267.1 263.2 259.1 250.7 235.2 217.2 195.9 157 125.2 95.6 77.1 80.9 90 97.6 101.1 104.2 106.4 109.3 113.6 122.3 131.2 132.2 133.3 138 136.3 135.1 140 138.8 131.8 122.1 102.8 116.4 123.6 132.1 143.4 153.7 158.4 163.7 168.9 174.4 183 191.5 195.1 193.5 192.4 198.8 201.9 206 205.8 203.5 202.8 204.2 201.3 213.4 221.8 227.5 236.8 249.9 260.2 270.2 282 290.8 298.4 303.9 307.4 309.2 308.3 304.5 294.9 288 283.2 284.6 286.1
280.4 280.7 280.1 275 269.7 265.8 259.4 254.8 245.8 232.5 213.6 212.6 192.9 149.4 114.5 84.2 80.4 91.9 98.1 106.2 120.5 123.4 127.1 135.9 140.8 149.8 159.3 156.4 141.3 148.4 147.5 146.7 145.9 145.6 141 131.3 105.5 126.1 136.9 143.6 153.8 161.7 167 170.2 175.7 179.9 187.2 196.3 199.9 200.8 201.8 210.6 215.1 217.9 216.3 213.5 214 216 214.5 211.3 224.3 232.4 241 252.2 263 275.6 285.4 294 302.3 307.4 311.5 312.8 312.4 308.6 300.1 295.3 292.9 292.9 294.6
277 277.8 274.9 261.1 254.6 249.7 240.3 231.2 223.3 206.6 196.1 192.9 173.4 142.3 105 77.8 83.5 95.9 102.2 114.1 142.9 152.6 153.4 164.5 170.7 175 180.2 175 154.1 161.7 160.1 157.2 152.2 149.7 145.5 129.5 114.5 136.5 147.7 154.8 164 171.2 176.1 179.5 181.9 185 191 198.4 204.1 207.6 213.2 215.4 225.5 229 228.3 230.1 232.4 233.6 229.2 219.6 224.2 234.5 243.3 253.3 265.8 278.4 287.3 295.5 305.3 310.8 314.8 317.4 316.7 311.5 305.6 302.2 301.7 302.8 303.8
270.4 269 258.7 242.7 233.6 225 226 224.2 212.7 195.4 177.2 168.5 155.9 131.7 98.8 75.8 86.2 98.2 104.8 119.6 144.6 160 168.7 180.1 188 193.3 196.1 193.5 167.7 177.6 171.9 169 162 155.3 150.3 134.8 118 141.2 155.2 164.6 172.9 180.6 185.8 188.8 191.4 192.6 197 202.8 208.9 215.6 219.9 225.2 235 240.8 245.6 249.5 250.7 250.9 247.1 236.2 224.6 232.8 243.2 254.8 267.2 279.3 287.9 296.5 307.3 313.9 318.4 322.3 321.2 317.3 312 308.5 307.8 309.5 312.4
