UK/data/no/no01_OST50GRID_20230518/NO01.asc
ncols 200
nrows 200
xllcorner 300000
yllcorner 710000
cellsize 50
[rows 0 to 35 of 200, columns 0 to 81 of 200]
129.7 129.4 129.6 129.5 130 130.8 131.1 131.6 131 130.4 131.4 132.2 132.9 133.6 133.9 134.2 134.8 134.9 135.1 135 135.2 135.6 136.3 136.3 136.7 136.5 136.9 136.8 136.6 138.8 139.6 140.5 141.4 141.9 142.4 143.4 143.9 144.5 144.7 144.8 144.5 144.3 144 141.6 140 138.4 139.5 139.3 136.7 135 133.9 132.1 130.7 128.7 127.4 126.6 126.2 125.9 125.6 124.8 124.9 124.9 124.7 124.7 124.7 124.7 124.7 124.7 124.9 124.8 125.9 126.8 126.2 125.6 124.6 122.7 122.9 122.7 121.3 119.9 119.2 118.5
128.6 128.8 129 130.2 130.8 130.8 131 130.5 129.9 130.4 131.7 132.7 133.4 134.5 134.9 135.4 135.6 135.9 135.6 136.6 136.5 136 135.7 136.1 136.3 136.4 135.9 136.5 136.1 137.4 138.1 138.3 138.3 138.8 139.3 139.8 140.6 141 141 141 140.7 140.1 138.9 137.4 136.4 134.9 134.3 134.2 132.6 132.6 132.5 131.1 129.9 126.9 125.8 125.1 124.8 124.8 124.2 125.3 126 126.2 125.8 124.3 124.2 124.7 124.5 124.3 124.4 124.1 124.8 123.9 123.1 123.2 122.3 122 121.7 121 119.2 118.4 118.6 118.3
127 126.3 127.7 128.6 129 129.2 129.8 129.5 129.4 130.7 132 133.2 134.1 134.9 135.2 135.4 135.7 135.9 135.8 135.7 135.8 135.2 135 134.7 135.6 135.3 135.4 135.8 135.9 135.8 135.3 135.3 135.7 136 136.4 137.1 137 137.1 137.1 136.8 135.8 134.7 133.5 132.4 131.9 131.5 130.9 131.2 131.2 130.9 130.8 128.9 127.7 125.3 124.7 124.2 124.2 124.2 124.2 125.6 127.8 129.4 124.4 124.1 123.2 123.2 122.9 122.7 123.3 122.6 122.5 121.8 121.2 121.6 120.4 120.3 119.6 121.9 118.9 118.1 117.5 117.4
124.6 125.2 125.4 126 126.1 126.7 127 128.4 129.8 130.8 132.2 133.6 134.3 134.6 134.9 135.9 135.4 134.9 135.2 135.7 135.3 134.9 134.7 134.7 134.8 134.7 134.7 133.6 134.9 134.9 134.3 135 134.2 134.5 134.9 135.6 134.9 134.2 133.9 133.5 133.3 133.2 132.4 131.2 132 131.7 128.7 130.7 130.4 129.5 129.5 126.6 125.7 124 123.2 123.3 125.4 124.3 123.2 123.2 123.2 123.2 121.8 122.2 122.3 122.3 122.2 122.2 122.2 121.7 121.4 121.5 121.7 121.2 120.8 120.6 120.8 122 118.7 118.5 117.5 117.3
122.6 122.7 123.3 124.1 124.7 126.7 127.1 128.7 130.2 131.3 131.9 133.7 133.7 133.8 134.7 134.3 135 135.2 135.6 135.6 135.4 135 134.8 134.8 134.7 133.8 133.7 133.6 133.4 133.4 134.3 133.8 133.5 133.9 133.8 133.6 133.2 132.9 133 132.9 133 132.2 131.9 129.7 128.3 126.7 126.3 125.2 123.2 123.2 123.2 123.2 123.2 123.2 123.2 123.2 123.2 123.2 123.2 123.2 123.2 123.2 123.1 122.4 122.4 122.4 122.2 122.5 122.1 121.7 121.9 122.4 122.6 122.7 122.6 122.6 122.9 121.1 120.2 119.4 119 118.5
122.5 123.8 124.5 125.2 126.6 127.8 129.8 130.8 131.5 132.3 132.8 133.3 134.4 135 135.4 135.6 134.9 135.4 135.6 135.5 135.5 135.1 135 134.9 135 134.4 134 133.7 133.3 133 133.7 132.9 132.5 133 133.1 132.7 132.8 132.9 132.8 133.2 133.4 132.7 131.5 130.6 128.9 128.4 126.3 125.7 125.7 125 123.7 123.2 123.2 123.2 123.2 123.2 123.2 123.2 123.2 123.2 123.2 123.2 123.2 122.7 122.6 122.5 123 122.7 122.6 123.4 123.2 123.2 123.5 123.8 123.5 123.8 123.9 122.3 121.5 120.6 119.6 119.6
126 126.9 127.3 128.8 128.6 130.2 131 132.2 132.9 133.4 133.6 133.7 134.9 135.2 135.1 135.3 135.5 135.5 135.5 135.4 135.4 135.2 134.9 134.3 134.1 133.9 133.7 133.3 132.3 132.6 132.3 132.6 132.3 132.7 132.6 132.6 132.7 132.8 133 133.8 133.5 132.8 132 130.6 129.9 128.7 128.2 127.9 127.3 126.3 124.7 123.2 123.2 123.2 123.2 123.2 123.2 123.2 123.2 123.2 123.2 123.2 123.2 123.6 123.9 124.2 124.4 124.1 124.2 125 124.8 124.6 124.7 125 124.5 124.9 124.5 123.9 122.9 122 121 120.8
127.7 128.9 128.9 130.4 131.2 132.1 132.7 132.7 133.1 134.2 134.1 134.1 134.7 134.9 134.7 135 135.1 134.8 135.2 135.2 135.1 134.8 133.9 133.6 133.4 133.7 133.5 133.2 132.7 132.2 132.1 131.9 132.3 132.4 132.9 132.9 133 133.2 133.3 133.7 133.3 132.9 131.8 131.4 130.8 129.8 129.6 129.2 128.2 126.7 125.1 124.3 124.5 125.4 124 124 126 126.1 125.6 125.3 125.7 125.9 125.6 126.1 126.2 126.3 126.6 126.4 126.8 127 127.1 126.9 126.7 126.2 126.1 126.4 125 125 124.2 123.3 122.7 121.7
129.4 130.1 130.8 131.8 132.3 132.3 133 133.8 134.5 134.7 134.6 134.2 134.3 134.8 134.4 134.6 134.2 133.8 134.2 134.8 134.3 134.7 133.6 132.7 132.2 131.7 133.2 132.7 132.2 132.3 132.1 131.6 132.2 132.4 133 133.1 133.1 133.1 133.3 133.5 133 132.9 132.1 131.6 131.1 130.5 130.3 129.7 128.9 127.3 126.5 125.9 126.4 126.6 126.4 126 127.7 127.5 127.4 127.8 128.1 128.3 128.7 128.7 128.7 128.7 129.5 129.1 129.4 128.9 128.8 128.8 128.5 127.7 127.1 127.6 126.7 126.1 125.7 124.6 124.4 123.6
130.9 131.3 130.7 131.3 131.3 132 132.7 133.4 133.9 134 133.6 133.2 133.5 133.9 134 134.2 133.3 132.7 133 133.6 132.5 132.6 132.1 132.3 131.8 131.9 131.5 131.9 130.5 130.2 131.1 131 131.7 131.7 132.4 132.5 132.8 133 133.1 133.2 133.2 132.8 132.2 131.6 130.8 130.3 130.3 130.1 129.5 128.8 128.2 127.6 127.9 127.9 128.3 128.2 129.4 129.3 129.4 129.9 130.4 130.6 130.8 131.3 131.2 131.4 131.2 131.4 130.7 130.8 130.4 130.7 129.8 128.9 128.5 128.6 128.2 127.3 126.5 125.6 125.3 124
129.4 130.3 130.6 130.2 130.8 131.6 132.2 132.5 133.1 133.1 132.7 132.3 132.4 132.6 132.7 132.7 132.4 131.6 132.2 131.3 131.1 131.1 131.2 130.5 130.5 129.2 129.4 129.8 129.3 129.1 128.6 129 130.7 131.4 131.6 132.2 132.6 132.7 132.9 133 133 132.8 132 131.3 130.5 130 130 130 129.9 129.7 129.4 129.2 129.2 129.2 129.5 129.9 130.3 131.4 131.5 131.9 132.5 132.8 133 132.6 132.8 133.5 133.7 133.2 132.4 132.1 131.5 130.8 129.9 128.9 129 129 128.6 126.8 126.6 126.1 125.3 125.7
128.8 129.7 130.3 130.2 130.8 130.9 131.3 131.6 131.8 131.5 131.2 130.9 130.7 130.9 130.8 130.9 130.8 130.6 130.3 130 130 130.1 129.9 129.6 128.9 128.3 127.5 128.9 128.4 127 127.2 127.2 128.9 130 130.8 131.2 131.5 132.3 132.6 132.4 132.3 132.1 131.7 131 130.2 129.8 129.8 129.8 129.7 129.8 129.7 129.8 130 130.5 131.1 132.2 132.1 131.9 132.2 132.7 132.7 133.2 134.5 135.9 136.4 136.7 134.6 132.7 132.1 131.9 131.7 130.4 128.9 129.9 129.4 129 128.6 127 126.6 126.7 126.2 126.2
128 129.1 129.1 129.3 129.5 129.5 129.9 130.1 130 129.9 129.6 129.5 128.8 129.3 128.7 129 129.1 128.5 128.7 128.6 128.6 128.7 128.4 127.9 127.6 126.5 126.6 126.4 127.3 125.6 125.4 126.6 127.5 128.6 129.6 129.9 131.2 131.4 131.7 131.6 131.5 131.3 131 130.6 129.9 129.5 129.5 129.4 129.4 129.3 130 130.3 131.5 131.4 131.5 131.7 131.9 131.9 131.9 131.9 132 132.5 133.5 134 133.8 133.5 133.2 132.2 131.5 131.1 130.9 128.9 129.3 128.8 128.6 128.6 128.1 127.1 127.2 126.8 127 126.3
127.1 127.3 127.5 127.7 128 128.2 128.1 127.9 127.8 127.8 127.7 127.8 126.6 127.1 126.2 126.2 126.2 126.2 125.8 126.3 126.2 126.3 125.9 126.1 125.6 124.5 125.2 123.9 124.7 125 124.7 124.6 125.9 126.3 127.9 129 130 130.3 130.6 130.9 130.7 130.3 130 129.8 129.3 128.6 127.6 127.3 127.1 128.1 128.4 129.4 130 130.8 130.6 130.8 131 131.3 131.6 131.2 131.6 131.5 131.8 131.5 131.5 131.6 131.3 131 130.5 130.3 128.5 128.8 128.4 128 127.7 127.4 126.9 126.5 126.6 126.5 126.4 126.6
125.6 125.7 125.9 126 125.7 125.4 125.5 125.3 125.2 125.2 125.1 124.9 124.1 124.6 124.1 123.7 123.7 123.6 123.6 123.8 123.9 123.7 123.9 123.7 123.1 123.1 123.1 123.5 123.5 123.3 123.6 123.6 124.4 125.3 125.8 126.9 128.9 129.2 129.5 129.7 129.5 129.1 128.6 127.5 126.7 125.8 125.2 124.8 123.3 123.3 124.1 125.8 127.6 128.9 129.8 129.5 129.6 130.3 130.7 130.1 130 130 130.3 130.3 129.3 130.2 129.6 129.1 128.8 127.7 127.3 125.1 125.6 125.2 124.4 124.5 123.9 123.1 123.7 123.9 124 124.2
123.6 123.6 123.5 123 122.5 122.4 122.8 122.7 122.6 122.6 122.5 121.7 122.2 121.9 121.8 121.5 121.5 121.4 121.2 120.9 120.8 120.6 120.4 121.5 121.6 121.2 121.7 121.6 122.4 122.5 122.7 122.4 123.1 124.6 124.4 125.7 126 127.5 127.5 127.7 127.1 126.7 125.9 124.5 124.2 123.2 122 120.3 119.2 118 119.8 123.8 125.1 126.6 127.5 128 128.3 128.4 127.2 126 126.4 127.1 127.7 126.9 126.9 127.1 127.1 126.4 126 124.9 123.3 122.9 122.4 122.1 121.8 121.3 120.5 120 120.1 120 119.7 120.2
120.5 120.8 120.3 119.8 119.3 119.5 120.1 120.2 120.3 120.3 120.1 119.8 119.6 119.2 118.9 119.2 119 118.8 119.1 118.7 118.9 119.3 119.2 119.3 120.2 120.7 121.1 121.5 121.1 122.3 122.6 122.7 122.5 123.6 123.4 123.9 124.9 125.8 125.7 125.4 124.9 123.4 122 121.5 120.1 119.3 118.2 117.2 115.9 115.4 118.9 121.6 123.2 124.5 125.2 125.6 125.6 124.7 123.5 122.3 122.2 122.7 123.2 124 122.7 123.2 123 123.9 122 120.3 119.3 118.7 118.8 118.1 117.8 116.6 116 115.7 116.2 116.1 115.8 115.6
117.7 118.2 117.6 116.8 116.4 117.2 118.2 118.2 118.2 118 117.8 117.6 117.1 117.3 117.2 116.6 116.6 117.1 117.5 117.3 118 118.4 118.7 118.9 120.3 120.3 120.3 120.6 121.1 121.4 121.2 121 121.6 122.3 122.6 122.7 122.2 124 123.7 123.1 121.9 120.6 119.1 117.4 115.9 115.2 114.5 113.8 113.1 115.5 117.9 119 120.9 122.2 122.8 123.2 122.6 121 119.8 118.7 118 118.1 118.6 118.8 119.1 119.6 119.8 117.5 116.2 115.4 114.3 113.1 113 111.9 111.6 110.5 109 108.7 109.1 109 109.1 108.7
115.1 115.3 115 114.7 116 116.1 116.6 116.3 115.7 115.4 115.2 114.9 114 114.6 115 115.4 114.8 115.2 115.7 115.3 116.1 116.6 117 118.3 118.7 119.1 119.1 118.8 119.3 119.3 119.7 120.2 119.6 120 120.6 120.4 120.2 121.7 121.2 120.3 119.1 117.8 116.3 114.5 112.7 111.3 111.3 110.4 112.3 114.5 115.5 117.1 118.2 118.8 119.4 119.9 119.5 117.9 116.2 115 113.9 113.9 114.4 114.8 115.7 114.4 114.4 113 111.7 110.4 109.5 109 108.4 107.9 106.5 105.5 104.7 103.8 103 102.8 102.7 102.6
112.5 112.1 111.8 113.3 113.4 113.1 112.7 112.2 112 111.8 111.5 111.3 111.2 111.6 111.8 112.2 112 112.7 113.1 113.7 113.6 114.3 115.3 116.8 117.5 117.7 117.9 117.8 119.1 118.7 118.9 117.8 118.2 117.6 118.6 117.8 117.6 118.4 118.4 117.3 116.3 115 113.4 111.6 110.2 109.2 108.9 107.4 110.3 111.7 112.9 114.1 114.8 115.4 115.9 116.4 116.1 115.1 113.1 111.8 111.5 112.1 110.9 111.8 111.3 113.7 110.5 109 107.2 106 105.5 105.1 104.7 103.7 103.2 102.1 101.1 100.1 99.3 99 99.1 98.7
109.6 108.6 110.4 110.1 109.4 108.4 107.7 107.8 108 107.8 107.7 108.4 108.2 108.2 108.2 109.5 108.7 109.5 110.7 111 111.8 113.2 114.8 114.8 116.4 117 116.7 116.3 118.2 118.4 117.6 116.7 116.5 116 116 116.2 115.5 115 115.8 114.8 113.5 112.2 110.9 109.4 108 106.6 105.9 104.1 106.2 107.3 108.8 110 111 111.6 112.1 111.9 112.3 112.1 110.1 109.4 109.1 106.3 108.3 107.5 107.5 107.1 106.3 105.6 104.5 102.6 102.5 101.8 100.7 99.6 99.4 98.8 97.8 96.8 96.2 95.9 95.6 95.3
105.9 105.6 105 103.6 102.9 102.7 102.6 103.2 104 104.9 104.3 104.5 105 104.9 104.8 105.2 105.5 106.4 107.5 108.2 110 112 113.9 115.2 115.2 115.9 115.5 115.5 117.1 116.3 115.9 115.3 114.9 114.4 115.2 114.5 113.8 113.1 112.5 112.6 111.3 109.9 108.1 106.5 105.3 103.9 102.3 99.2 100.7 100.3 103 103.9 105.9 107.1 108 107.9 107.8 107.1 106.8 105.5 102.8 103.9 103.9 103.7 103.4 103 102.4 101.4 100.4 99.3 98.3 97.8 96.5 95.4 95.2 95.1 94.4 93.4 93.1 92.5 92 92
98.1 97.6 97.5 96.8 97.4 97.9 98.9 100.3 100.5 100.6 100.2 100.1 100.6 101.3 101.5 102 102.7 103.9 105.3 108.4 110.3 111.7 113.3 113.9 114.4 114.5 114.5 114.3 114.7 115.7 115.2 114.4 113.7 112.8 113.3 112.7 112 111.4 110.7 110 109 107.7 105.9 104 102.4 100.8 99.5 96.5 96.9 96.1 97.6 98.6 100.3 102 102 101.8 102.1 101.8 98 99.5 100.5 100 99.9 99.5 99.3 99 98.2 97 96 95.4 94.3 93.2 92.4 91.2 91 90.9 90.7 90.2 89.4 88.6 88.2 87.8
91.4 90.5 91.4 92.2 92.6 93.4 93.9 95.9 95.3 95.6 95.6 95.6 95.9 96.4 96.6 97.9 99.6 101.7 104.5 107.3 109.4 110.9 111.5 112.9 112 113.1 113.7 114.1 113.8 113.8 113 113.3 112.9 112.1 111.3 110.9 110.5 110.1 109.4 108.4 107 105.5 103.9 101.8 99.9 98 96.3 94.5 93 92.8 92.5 94.1 94.3 93.5 94.4 94.9 95.3 94.5 95.4 95.1 94.2 94.9 95 94.7 94.5 94 93.3 92.4 91.3 90.2 89.2 88.7 88.2 88 87.7 87.4 86.4 85.9 85.2 84.5 83.8 83.1
84.5 86.4 86.7 86.9 87 87.7 89 89.9 89.8 90 90.3 90.3 90.5 90.8 92.3 93.4 97 100.3 102.9 105.3 106.8 108.7 110.2 111.4 110.9 111.9 112.8 113 112.2 112.7 112 111.4 111.3 111.1 110.6 110.5 109.5 108.6 107.6 106.6 105.2 103.4 101.9 99.8 97.8 96.4 94.5 93 91.6 90.6 89.6 89.6 88.1 86.2 86 87.6 90.6 88.4 88.1 87.5 87 88.5 89.2 89.1 89 88.8 87.9 87.1 86.1 85 84.2 83.9 82.7 82.4 82.9 82.3 82.1 81 79.9 78.9 78.8 78.9
80.7 80.7 81 81.3 81.6 82 82.9 84.5 84.6 84.5 84.2 84.1 84.8 85.6 86.1 91 94.8 97.9 100.7 103.2 104.5 106.3 107.9 109.3 110.8 110.5 110.9 110.9 111.1 111.6 111.1 110.6 110.8 110.7 109.9 109.9 109 107.9 106.9 105.4 104.1 102 99.8 98.9 97.3 95 93.2 91.4 89.7 88.4 86.3 85 83.9 81 83.6 85.2 81.2 80.6 80.4 79.9 79.6 80.7 82.6 83 83 83.3 82.6 81.8 80.8 79.9 78.7 77.4 77.1 76.7 77.2 77.1 76.9 75.5 74.3 73.4 73.7 74
75.4 75.3 75.5 75.5 75.8 75.8 76.2 76.8 78.3 78.5 78 77.4 78.4 78 82.4 85.9 90.3 94.9 98.1 100.6 102.9 103.9 105.8 107.5 109.3 109.2 110.3 110.7 110.8 111 111.1 110.9 110.8 110 109.6 109.6 108.7 107.7 105.8 104.9 104.1 102.4 100.3 98.3 96.2 94.3 91.8 89.6 87.5 84.9 82.2 80.3 79.3 79.7 82.4 73.2 74.1 73.7 73.2 72.4 72.2 73.2 75 77.2 77.5 77.4 77.1 76.4 75.7 74.6 72 71.4 71.4 71.1 71.5 71.5 71.2 71 68.7 68.6 67.9 68.4
70 70.2 70.2 70.5 70.9 71 72 72.7 73.4 72.9 72.2 71.9 72.2 74.7 78.2 81.8 85.7 89.9 93.1 97 100 101.8 104.4 106.6 108.8 108.7 109.3 109.6 110.5 111.1 110.5 110.9 110 108.8 108.7 108.3 108.5 106.6 106.4 104.9 103.4 101.4 99.4 97.4 95.4 93.4 90.1 87.7 85.2 82.2 78.7 77.1 75.2 80.7 71.2 70.6 69.4 68.5 68.5 68.1 67.4 67.2 68.4 69.8 69.6 71 70.3 70 68 67.3 66.2 65.4 65.4 65.5 65.7 65.8 65.5 64.7 62.5 61.3 61.7 62.2
64.5 64.9 65.8 66.1 66.4 67.5 68.1 68.8 68.4 67.9 67.2 65.6 66.5 69.7 73.6 77.3 81.3 85.8 90.2 94.3 96.2 98.9 102.5 105 105.2 107 108.5 109.5 110.1 110 110.4 111.1 110.1 108.6 109.3 108.3 108.7 106.9 105.1 103.9 102.6 100.3 98.1 96.1 93.5 90.8 88.4 85.7 83.3 80.6 77.2 74 77.2 71.5 71.1 70.2 69.7 68.5 67.1 64.9 62 61.5 61.7 63.2 63.7 64.2 63.2 62 58.8 59.6 60.9 59.3 59.2 58.3 57.9 57.8 58.9 58.1 55.8 48.2 54.4 55.2
59.7 60.3 60.9 61.7 62.7 63.5 64.3 65 63.4 62.9 62.3 60.7 61.5 64 68.3 72.5 77 81.9 87.8 89.6 92.7 95.9 100 100.8 103.2 105.2 107.1 108 108.6 110.1 109.7 110.5 110.4 109.8 109.1 109.9 108.9 107.3 106.5 104.1 102.2 99.7 97.2 94.5 91.7 89.1 85.8 82.7 79.8 77.6 75.8 74.4 70.1 69.8 69.1 68.2 67 65.9 64 61.9 57.9 57.6 58.9 58.6 58.4 58.5 57.8 54.1 52.2 54.6 56.2 55.9 54.2 52.3 50.4 47.9 49.6 49.8 47.9 36.1 45.1 45.6
53.7 54.2 55.3 57.3 58.8 59.7 60.6 60 59 58 58.2 57 58.6 60.3 63.3 68.1 73.9 78.8 83.6 86.7 90.3 93.2 95 98.9 101.2 103.4 105.5 107 108.3 109.4 110.4 110.7 110 110.6 110.5 110 109.7 108.7 107.7 106 104.1 100.9 98.4 95.8 92.7 90 87.2 83.7 81.2 77.6 72.6 71.6 67.7 65.5 65.2 63.6 62.2 60.5 59.8 57.6 55.2 55.1 57.1 57.8 58 55.7 53.3 50.1 51 52.6 52.6 51.2 48 44.3 40.9 37.8 38.1 37 36.8 27.2 32.6 34.5
45.9 47.8 48 52.7 53.8 54.4 54.4 54.6 54.7 54.4 54.4 53.3 55.8 57.6 60.6 65.4 70.6 75.3 80.4 83.7 87.2 88.8 92.9 96.4 99 101.7 103.7 105.6 108.9 109.5 111 111.6 112.4 113.3 112.3 112.6 111.8 110.9 109.2 107.3 104.9 102.2 99.3 95.9 92.5 89.4 86.9 83.2 80 76.9 69.7 70.7 65.6 62.5 60.5 60.2 59 58 56.5 55.1 52.6 52.5 54.9 55.6 55 52.9 49.9 46.4 48.3 48.2 46.7 44.3 40.4 36.9 34.3 31.4 31.5 30.4 29.2 22.5 23.1 25.4
39.5 42.2 43 44.3 45.3 46.3 46.2 46.2 47.2 48.7 49.1 47.4 52.5 55.2 58.6 62.9 68.1 73.1 76.9 80.9 83.1 87.2 90.1 93.6 96.6 99.6 101.9 104.5 107.8 109.4 110.5 112.9 114.9 116.1 116.3 114.9 114.2 111.9 110 107.4 105.2 102.1 98.9 95.3 91.8 88.3 84.4 80.9 77.4 67.3 70.7 67.6 64.2 61.2 58.5 57.8 58.1 57.6 57.1 55.5 53.5 49.6 49.5 49.5 48.1 46.3 44.5 41.6 41.1 39.8 39.7 37 34.3 32.2 29.2 26.6 25.1 24.3 22.3 20.7 16.8 15.8
36.8 39 39.2 39.7 39.7 39 38.9 40.1 41.1 42.2 43.1 44.1 47.2 51.4 56.3 61 65.2 69.8 74.1 78.3 81.5 84.9 87.9 92 95.5 98.1 100.7 103.4 107.1 109.4 112.1 114.5 116.6 118.4 119.1 117.5 115 112.1 109.4 106.7 103.8 100.5 96.9 93.4 89.7 86.8 83.3 79.1 72.8 65.9 68.2 64.7 62.6 60.4 58.5 53.2 55.9 56 55.6 53.8 50.8 47.1 38.9 42 39.7 39 37.5 36.2 35.2 34.9 33.8 32.7 30.5 27.5 24.3 21.6 19.2 17.4 15.2 12.9 11.2 10.2
35.3 36.2 36.4 36.7 36.5 34.9 33.6 35.2 36.2 37 38.2 39.4 44.2 49.2 54.5 58.9 62.7 66.2 71.6 75.5 79.3 82.7 86 89.6 93.7 97.2 99.6 102.3 106.1 110.1 113.8 116.1 118.3 118.8 117.5 115.9 113.4 110.3 107.2 104 101 97.6 93.5 89.6 87.2 83.7 80.5 75 62.9 69.8 66.7 63.8 61.8 59.9 57.6 55.1 42.6 53.3 52.6 48.5 44.9 40.7 36.6 33.1 33.1 32.3 31.7 30.8 29.6 29.5 28.7 26.2 24.1 21.3 18.8 16.4 14.3 11.3 8.4 8.2 8.4 9.1
31.9 32 32.4 33.1 33.2 31.5 29.8 29.3 31.5 32 33.2 36.6 40.2 46.3 51.5 55.5 59.6 64.6 69.3 72.7 77.1 80.5 84.1 87.2 91.1 95.5 98.4 101.2 105.5 110 114.3 116.6 117.2 116.6 115.1 113.1 109.9 107.5 105.1 101.2 98 94.4 89.8 85.9 84 80.9 77.7 61.4 65.4 68.2 65.7 62.8 60.8 58.9 56.8 53.3 47.5 45.5 47.4 41.7 37.2 34.8 31.6 27.1 27.4 27.2 26.1 25.6 24.5 23.6 22.1 19.9 17.8 15.4 12.9 10.1 8.4 8.5 9.5 9 9.3 10.2
