WholeMapElevations/data/sn/sn69_OST50GRID_20230518/SN69.asc
ncols 200
nrows 200
xllcorner 260000
yllcorner 290000
cellsize 50
[rows 156 to 194 of 200, columns 88 to 175 of 200]
16.3 15 11.8 11.6 12 15.4 14.9 14.5 17.4 19.8 19 19.5 24.1 25.5 23.3 24.3 25.2 11.4 5.8 5.1 5.3 3.8 6.8 7.8 9.2 10.2 11.5 12.9 13.6 15.2 16.3 18.4 17.8 28.4 32.1 42.8 53.2 61.8 73.8 80 90.8 101.5 112.4 113.3 114.5 121.3 115.6 119.5 121.6 129.4 131.7 130.2 144 155.9 159.7 156.3 155 158.5 162.1 157.8 145 159.3 169.3 177.7 189.4 197.2 205.9 213.2 217.9 226.8 237.5 252.2 268.4 279.8 284.9 289.3 290.8 296.7 304.1 305 310.2 305.6 303.4 301.5 300.4 299.4 299.7 298.7
20.1 20.5 19.4 18 18.8 19.5 19.9 21.8 23.3 24.1 22.7 24.6 33 27.6 25.7 27.2 21.9 12.4 8.3 6.5 5.8 4.4 6.7 7.6 9.1 10.1 11.4 12.5 13.2 14.7 16.1 21.4 29 36.6 41 27.7 45.3 50.3 61.6 73.1 84.5 95.5 104.4 101 103.9 109.6 107.7 105.7 106.2 120 126.7 135.8 154.8 157.7 156.9 151.2 150.3 155.2 160.5 145.3 147 162.7 169.8 180 190.5 197.4 205.6 212.2 220 228.9 241.8 258 269.8 274.5 275.2 277.1 284 291 293.5 294.8 294.6 292 293.7 291.9 290.6 290.4 290.1 290.1
28.8 27.1 23.3 22.6 23.5 23.6 24.5 26.7 27.5 27.7 29.8 36.9 30.1 25.8 27.8 30.1 19.3 14.3 10.5 6.3 6.2 6.2 6.7 7.5 9 9.8 10.6 12.1 12.6 14.4 17.9 24.6 33.7 45.6 53.1 54.6 48.6 47.8 37.4 52.9 71.1 79.4 80.4 82.4 86.4 86.2 87.8 83.7 88.6 107.2 118 123.9 140.4 148.1 143.7 141.9 144.8 155.9 150.8 138.2 155.2 160.5 171.8 182.1 191.4 197 203.9 211.4 219.4 230 246.7 258.4 267.2 268.6 270 274.8 277.2 280.3 282.5 285.6 285.2 282.9 282.4 281.6 280.8 280.1 279.7 281.1
32.7 29.8 26.8 27.8 27.4 27.7 29.5 31.7 32.6 31.5 36.5 35.4 27.5 27.7 31.4 31.6 21.6 13 7.5 6.5 5.9 6.1 6.5 7.3 8.3 8.2 9.9 11.4 12.4 13.2 21.6 30.3 43.1 52.7 58.9 63.1 68.8 71.9 67.4 55.9 43.1 56.9 55.6 57.5 59.7 61.1 64.7 73.8 73.2 84.8 88 97.5 112.3 121.6 125.4 128.9 140 149.4 137.1 141.6 154.1 159.3 173 182.8 189.2 196.3 203.3 211.3 219 234.8 248.7 254.3 255.7 260.8 264.4 260.7 265.8 265.2 268.3 273.5 277.1 274.3 272.8 271.5 269.7 269.9 270.7 272.1
32.7 32.7 31.8 32.2 32.7 33.2 34.6 36.6 34.9 33.6 42.7 32.4 26.6 30 29.9 25.3 19.5 10.6 6.1 6.3 6 6 6.6 6.7 7.6 7.2 7.3 10.1 11.1 16.2 26 38 49.4 58.2 63.7 70.3 77.5 92.3 101.1 87.3 78.5 76.3 80.3 81.9 84.5 89.6 96.9 106.3 87.9 80.7 88.6 88.7 81.8 89.2 100 109.5 128.8 132.2 132.9 145.1 150.9 159.4 171.3 179.8 186.2 193.7 201.1 210.1 222.8 237.2 245.4 246.4 251.7 257.2 254.7 250.5 254.9 257.5 259.7 261.9 263.3 264.9 263.7 263 262.1 263.1 263.7 264.3
32.8 35.6 36.4 37.2 37.9 37.6 37.8 36.1 34.3 38.5 38.4 32.1 27.6 29.5 24.5 17.1 12 9.6 6.2 6.2 6 5.9 6.5 6.5 6.6 6.1 7.6 9.2 10.4 18.2 31.5 42.5 54 62.4 66.7 74.1 94.2 118.5 128.7 122.7 118 113 113.8 117.9 120.1 121.5 122.3 123.8 108.8 108.3 118 124.2 119.4 115 106.6 108.5 107.1 116.1 132.1 141.8 148.8 159.4 167.6 175.7 181.8 189.6 197.9 211.7 224.4 232.7 237.1 240.6 246 244.2 241.8 241.7 241.5 242.6 246.6 251.1 253.6 255.4 255.8 255.5 254.9 256.1 257 258.3
36.1 37 38.6 40.5 39.9 37.4 34.6 33.8 33.1 40.8 28.5 25.8 25.1 24.9 20.1 12.7 6.8 5.9 6.4 6.1 5.8 5.8 5.7 5.7 6.4 6.8 7.6 8.6 13.1 21.1 34.1 44.9 53.7 62.7 69 80.8 110.3 137.4 153.7 156.6 153.5 145.6 138.1 140.8 141.9 140.4 140.1 137.6 130.2 135.3 131.1 139 140.2 137.8 141.1 137 128 114.8 112.6 129.3 139.2 150.2 160.8 170.8 179.8 190.6 197.4 211.9 220.2 225 226.8 227.3 229.2 226.9 223.3 224.7 228.4 232.1 237.6 236.2 245.2 246.7 248.2 247.5 246 242.7 245.1 245.5
36.1 36.5 36.8 36.8 35.1 32.1 30.3 31.5 35.2 33.7 24.6 23.1 22 19.1 15.4 9.4 5.9 6 6 6 5.8 5.9 5.8 6.1 6.4 6.7 7.2 8.4 15.8 25 34.1 44.5 53.3 62.2 71.7 94.2 124 147.3 168.7 170.6 168.4 164.8 154.4 152.3 154.5 152.5 152.6 148.8 145 144 144 146.7 148.5 151.7 153.5 150 147.3 142.6 137.9 132.2 127.8 126.3 141.9 160.5 173.8 188.1 201.3 205.8 211.1 215.6 216 210.5 207.4 210.1 211.8 217.3 217.6 225.2 230.2 229.2 237.5 239.1 236.2 239.6 247.3 255.8 264.5 267.5
32.4 32.3 31.1 32 28.1 25.7 24.5 29.8 33.2 28.8 23.5 23.2 19.3 14.2 10 6.7 6 6.2 5.8 5.6 5.7 6 5.8 6.2 6.5 6.7 7 9.7 17.4 26.7 37.2 46 54.4 63.8 77.4 104.2 139.5 162.1 172.2 175.6 173.4 173.9 164.2 162.5 163.6 163.9 162.1 157.2 152.2 150.9 151.6 153.4 158.1 164.9 158.5 157 157.8 161.2 161 157.9 153.4 148.3 137.6 139.9 164.5 177.7 189.8 196.8 200.6 201 196.6 198.1 204.9 212.2 219.4 228.2 233.7 236.5 243.9 246.1 237.6 247.7 250.2 260.8 264.6 267.2 270.6 272.8
24.9 24.2 22.1 18.6 17.3 17.6 20.5 29.9 30 27 24.3 21.4 15.6 10.5 7.3 6 6.2 5.6 5.4 5.6 5.9 4.7 5.9 6.2 6.5 6.7 7.4 11 20.9 29.6 40.3 49.4 56.8 64.9 84.7 124.2 144 166.1 169.9 171.6 172.6 176 167.4 168.3 172.9 172.1 168.8 163.7 160.2 158 157.7 160.7 167.8 166.7 165.2 162.5 164.3 172.1 171.5 167.7 166.1 164.2 157.3 139.9 141.4 152.7 171.2 178.6 185.1 184.6 197.6 209.1 220.5 230.1 238.9 245.7 250.9 255.3 258.3 260.6 262.3 265.7 269 270.6 271.8 272.8 276.5 279.9
18.7 15.1 11.2 8.3 9.6 12.6 22.5 27.1 25.1 25.3 21.9 15.8 10.7 7.2 4.7 4.3 4.2 6.1 5.4 5.6 5.9 5.7 5.8 6.1 6.5 6.7 8.9 15.6 21.8 33.6 42.3 53.4 57.9 67.1 89.4 122.8 138.1 155.2 164.5 168.7 176.3 180.4 169.9 173.2 177.5 176.4 173.5 171 168.9 162.6 165 168.7 171.1 171.4 169.9 167.3 172.4 179.2 179.4 176.6 172.4 174.1 172.8 166.7 171.9 175.8 180.9 185.9 194 207.4 217.5 226.9 235.8 241.8 247.8 253.2 258.3 262.6 265.9 268.7 271.5 274.7 276.4 278.2 279.8 281.5 284.3 288
13.5 5.4 6 6.1 6 11 18.4 21.8 22.9 20 16.7 10.8 7.9 4.6 4.2 4.8 5.3 5.7 6.1 5.3 5.5 5.7 6.1 6.1 6.6 7.2 10.3 19.3 27.2 35.5 44.4 53.9 60.1 69.9 92.4 118.9 138.3 152.2 163.9 172 179.4 180 175.2 176.5 178.2 177.1 175.8 175 173.7 168.8 171.9 172.1 174.7 175.4 172.7 173.5 177.8 184.8 185.5 184 181.6 183.3 180.7 184.6 191.4 203.1 209.2 214.3 219.2 227.7 235.4 241.7 245.9 251 254.7 258.5 261.9 265.9 270.1 274.1 278 281.1 281.9 284.5 287.6 290.1 293.4 296.9
5.5 5.2 5.3 5.3 5.4 8.9 13.6 19.1 24.1 16.8 10.5 7.6 5.2 4.2 4.6 5.1 5.2 5.3 5.3 5.3 5.3 5.4 5.9 6.4 6.9 7.8 12.8 21.4 28.5 36 47.4 53 63.8 77.2 100.1 121.8 140 152.6 166.4 178 187.6 191.6 197.1 187.8 185.7 183 177.2 177.6 175.3 176.1 175.5 175.3 177.2 179.3 177.6 179.3 185.3 189.4 190.3 190.4 188 189.5 189.3 191.1 203.6 213.9 221 226.2 231.6 236.6 242.2 247.3 251.1 255 257.5 260.1 263.4 268.3 273.3 278.1 282 285 287.4 291.2 294.5 297.3 300.2 304.5
5.3 5 5.1 5.2 5.4 6.1 9.5 13.4 16.6 11.3 6.2 4.4 4.2 4.4 4.8 5.3 5.2 5.2 5.2 5.3 5.4 5.5 5.7 6.3 6.8 9.4 13.4 20.6 27.3 35.1 47.1 56.1 72.2 95 119.1 136.6 153.9 167.5 176.1 187.9 195.9 203.7 205.9 196 193.9 194.6 189.1 186.5 185.2 183.1 178.8 179.5 180.2 184 184.3 186.7 191.9 194.6 195.1 197.3 194.7 195.5 196.4 197.9 210.4 217.3 223.9 228.9 234.5 239.6 244.6 248.6 253.5 257 260.1 261.5 265.1 270.7 276.5 281.5 285.8 288.9 292.9 297.1 301.4 304.4 307.1 311.9
4.6 4.9 5 5.2 5.4 5.5 5.8 8.5 7.8 6.9 4.4 4.2 4.3 4.4 4.8 5.4 5.6 5.4 5.3 5.4 5.4 5.4 5.3 5.1 6.7 10.6 16.2 23 28.2 37.8 48.9 63 84.3 111.4 139.4 159.3 173.4 176.2 186.7 196.3 204.8 213.7 208.1 202.9 203.1 202.7 199.4 196.7 194.9 190.3 185.4 182.6 184.5 187.4 189.2 193.4 198.3 200.7 201.6 203.5 203.3 202.4 203.5 205.3 208.4 217.7 223.7 230.3 236.3 240.9 244.9 249.4 253.5 257.1 259.8 263.1 267.2 273.7 279.8 285.1 289.3 294 298.4 303.8 308.2 311.7 317.3 323.1
4.7 4.8 5 5.2 5.3 5.4 5.5 5.8 6 4 3.4 4.5 4.5 4.5 4.8 5.4 5.8 5.3 5.3 5.1 4.7 4.3 4.1 4.8 7.3 13.3 19 24.6 33.4 42.2 55.9 74.5 97 125.4 154.1 176.4 177.1 183.5 197.4 204.5 212.3 220.8 216.4 211.6 211.5 209.4 205.6 205 199.3 194 189.6 186.3 187.1 189.3 192.2 198.8 201.9 204.7 206.7 207 207.3 207.6 208.5 211.5 216 222.7 227.2 233.2 237.4 240.7 244 248.5 253.3 256.5 260.4 264.8 270.6 277.6 283.6 288.7 293.5 298.3 303.1 309.2 313.5 317.9 325.6 333.3
4.6 4.7 4.9 5 5.1 5.2 5.3 5.2 4.4 2.9 2.9 4.6 4.6 4.5 4.7 5 5.3 5.3 5 4.7 4.3 4.2 4.6 6.7 9.9 14.9 20.9 26.9 36.9 50.1 64.3 85.4 111 138.6 165.7 177.1 182.3 194.8 207.5 210.6 223 232.5 227.3 219 219.6 214.3 210.8 208.1 200.1 194 191.3 187.3 191.4 194.6 195.4 201.5 204.9 208.3 211.2 212 213.9 212.6 212.9 216.4 220.8 227.4 231.9 235.5 238.1 241.1 244.2 248.2 252.7 256.6 261.6 268.6 274.6 280.2 286.5 292.1 296.8 301.5 306.3 313 319 327.1 335.3 341.4
4.5 4.6 4.7 4.8 4.9 5 5.1 4.9 4.5 3.7 2.3 3.6 4.4 4.5 4.6 4.7 4.9 4.9 4.6 4.3 4.5 4.5 5.4 9.2 17 22.5 25.3 29.8 44.7 60.4 76.2 99.6 126.2 150.7 173.5 180.7 193.4 205.8 210 215.9 230.9 233.1 227.1 221.5 220.1 215.2 211 204.8 198 194.7 193 194 197 197.1 200.7 206.3 209.2 212.9 214.5 219.2 221.2 218.7 217.5 221 225.8 232.6 237.1 238.8 241 242.5 245.1 249.1 252.7 258.2 265.7 273 278.5 283.4 289.1 294.9 299.8 304.5 309.5 317.1 328.4 339.8 346.4 351.7
4.5 4.6 4.6 4.7 4.8 4.8 4.9 4.9 4.5 3.8 2.9 2.7 3.8 4.3 4.4 4.5 4.6 4.4 4.2 4.1 4.2 5.1 6.7 13.8 22.4 26 30 40.3 55.6 70.7 91.4 116.5 140.7 168.9 185.4 189 203 210.1 212.7 223.5 234.9 235 225.5 222.3 218.3 211.9 205.4 200.1 199.3 194.5 195 199.7 199.5 198.9 209.8 212.4 213.7 219.5 221.4 224.7 226.7 225.6 226.3 229.1 233.5 238.7 241.5 242.6 242.6 243.9 246.7 250.2 254.8 262.3 269.4 274.9 279 284.2 290.6 297.1 302.1 306.8 312.3 325.7 339.2 348 354 359.1
4.5 4.6 4.6 4.7 4.8 4.8 4.9 5 4.7 3.8 3.1 2.3 3.1 3.9 4.2 4.3 4.3 4.2 4.2 4.1 5.2 6.2 10.4 18.6 26.8 31.4 39 53.6 68.5 85.4 110.2 135.1 159.2 187.6 195.6 199.2 207 211.3 217.4 231.6 233.3 226.2 220.7 221.3 214 207 199.6 197.8 192.5 194.6 199.7 202.9 202 209.7 215.8 217.3 219.8 224.4 229.1 231.1 232.3 233.1 234.9 237.3 240.5 243.2 245.5 245.3 244.6 246 248.7 252.6 259 265.4 270.5 275.6 280.5 286.3 293.5 299.5 304.7 309.5 317.1 334.4 346.8 354.7 360.5 363.3
4.6 4.6 4.7 4.7 4.8 4.9 4.9 5 5 4.1 2.4 2.6 3.1 3.6 3.4 3.6 4.1 4.6 4.4 5.3 6.4 8.9 16.9 24.7 31 38.3 51.5 65.1 83.8 106.1 128.7 154.5 181.6 199.8 199.1 203.9 208.6 214.2 222.7 230.3 223.5 219.4 218.9 215.1 208.4 199.5 193.2 190.1 192.9 198.8 202.5 203.7 204.1 212.1 219.8 221.6 231.9 233.4 239.2 242.2 242.3 242.1 242.4 244 245.8 247.7 247.5 246 245.3 246.9 249.3 254.6 259 262.2 269.4 274.8 284.8 292.5 299 306.5 311.6 316.8 328.2 343.5 354.7 358.4 363.3 366.4
4.6 4.7 4.7 4.8 4.8 4.9 4.9 5 5.1 4.9 3.7 1.9 3.2 3.5 3.1 3.4 4 4.6 5.4 6.4 8.5 14 21.7 30.2 36.9 51.8 65.1 82.1 104 126.2 146 172.1 195.8 201.6 203.2 208.6 207 215.5 220.7 218.4 215.1 212.6 216.6 208.9 203.6 191.1 188.5 186.5 197.8 201.9 203 203.7 206.9 218 226.8 235.2 245.9 247.8 249.3 251.8 253.5 251.4 250.3 250.7 250.9 250.4 247.9 246 245.8 247 249.5 255.6 259.6 263.4 272 281.6 290.5 298 305.6 313.4 318.5 322 335.8 350.5 356.5 360.4 364.8 365.6
4.7 4.7 4.7 4.8 4.8 4.9 5 5.1 5.2 4.8 4.3 2.8 2.6 2.7 2.8 3.8 4.4 5 5.6 7.2 11.2 18.4 28.2 38.2 47 64.2 81.3 103.7 126.2 146.3 164.4 184.3 197.6 196.5 205.1 207.4 203.4 210.5 210.4 209.6 208.2 209 209.7 201.8 194.9 185.6 184.5 192.5 199.1 202.3 202.2 203.9 213.3 226.1 235.2 245.1 259.9 261 263.2 265.8 259.5 257.8 256.7 255.3 254.5 251.8 248.8 246.4 245.5 246.5 251.5 255.8 258.7 268.2 277.4 286.2 295 301.1 308.5 314.4 321.3 329.9 343 350.9 355.3 358 360.4 362.4
4.7 4.7 4.8 4.8 4.9 4.9 5 5.2 5 4.6 4.1 3.6 2.5 2.7 4 4.6 4.7 5.4 6.1 8.7 15.6 28.3 36.7 46.3 61.7 76.7 96.7 124.2 146.4 161 182.7 190.5 190.2 195.2 199.8 201 202.1 207 205.3 206.4 206.9 208.3 201 193.5 185.1 183 186.6 195.2 197.5 200.1 202.4 205 223 232.7 243.7 253.9 264.5 273.3 278.1 272 264.6 263.1 261.2 259.4 257.5 254.4 250.9 247.3 244.7 244.6 240.9 251.7 259.8 272.9 282.1 290.7 296.8 303.5 311.7 318.4 324.5 330.9 339.2 345.7 349 352.6 354.6 354.3
4.6 4.6 4.7 4.8 4.9 5 5.1 5.1 4.8 4.5 4.1 3.6 2.8 4.1 4.8 4.9 5 5.8 8 14.9 30.3 39.1 46.2 55.6 71.2 85.6 111.5 140.2 153.9 167.7 186.2 186.9 191 196.3 197.6 199.9 201 202.7 207.2 204.5 202.9 201.7 191.2 185.8 176.4 176 186.9 192.9 197.1 198.7 203.5 208.9 227.7 239.3 251.9 261.4 270.5 283.6 287.8 283.7 270.6 267.3 265.3 262.8 259.8 254.6 248.5 244.9 241.5 240.5 238.6 248.8 259 272.7 280.5 290.9 296.6 305.8 315.3 321.8 325.4 329.5 336.5 341.8 344.7 345.2 341.9 341.6
4.6 4.6 4.7 4.5 4.6 4.8 5 4.7 4.5 4.4 4 3.6 3.4 3.9 4.5 5 5.3 8 13.1 27.9 42.6 52.4 59.3 68.6 82 98.2 127.2 147.5 158.6 172.7 181.5 185.8 192.8 196.3 196.7 199.1 202.9 202.3 203.2 200.5 199.5 190.7 182.3 176.7 170.4 176.7 185.4 192.7 194.7 200.2 206.1 219.5 236.3 246.5 256.1 265.5 271.8 288.1 291.1 286.4 277.7 274.2 270 266 261.2 252.4 243.6 239.5 236.2 238.6 239.2 240.4 256.9 271.4 278.6 288.5 295.9 307.8 317.5 322.3 325 328.7 334.5 338.6 339.8 334.3 329.3 325.8
4.5 4.6 4.5 4.3 4.4 4.5 4.6 4.3 4.3 4.2 4.1 3.6 3.9 4.3 4.7 6.8 9.2 14.3 22.4 39.9 52.4 62.3 70.7 80.8 97.5 116 139.4 153.2 164.4 171.8 181.2 186.3 192.1 195 197.8 199.8 206 206.4 206.2 196.9 188.4 178.8 173.8 167.6 170.7 179.1 185.4 190.9 193.1 202.8 211.9 229 244.2 256.8 264.1 270.4 276.2 284.3 288.3 283.9 282.1 277.8 273.8 268.1 261.7 250 238.5 233.1 228.9 228.5 220 239.7 251.7 263.5 276.1 284.3 298.4 312.3 319.7 321.9 325 328.8 332.4 331.7 327.6 319.9 311.5 315.5
4.5 4.5 4.4 4.2 4.2 4.3 4.2 4.1 4.1 4.1 3.9 4.1 4.3 4.7 5.7 12.3 17.2 21.4 32 50.1 61.3 70.7 80.2 95.3 111.2 125.4 142.7 157.1 166.9 177.6 183.6 188.1 192.9 195.6 198.7 203.3 208.5 208.9 199.7 187.4 178.2 170.7 165.6 164.5 173.6 178.6 184.5 188 194.1 207.9 218.8 235.6 252.2 265.9 272.5 276.1 280.1 282 279.5 277.7 278.2 273.9 269.9 265.4 258.6 245.8 236.2 226.7 219.7 214.8 219.6 233 244.2 257 272.2 284.6 297.7 311.7 319.4 321.8 323 324.5 325 319.9 312.4 302.3 298.3 305.2
4.5 4.3 4.3 4.1 4 4.1 4.2 4.2 4 3.9 4.1 4.3 4.9 6.5 11.8 18.8 23.4 27.3 41.6 55.1 68.1 78.7 89.3 105.3 120.6 134 145.1 161.1 175.9 180.5 182.8 187.3 192.7 194.7 199.7 205.4 208.2 207.9 190.9 179.1 168.8 163.9 160.5 165.8 172.3 174.9 179.8 190.9 199.8 213.2 226.1 240 259.7 268.3 275.2 278.5 279.5 278.7 274 272.2 272.8 270.9 267.7 263.3 256.9 243.1 231.7 220.2 210.9 206.1 213.7 222 233.1 251.7 269 279.9 294.3 308.5 317 318.7 316.4 317.8 315.6 305.6 294.1 285.8 284.8 299.3
3.5 3.4 3.1 3.3 4.5 4.6 4.6 4.7 4.5 4.4 4.4 5 5.8 9.3 15.9 23.2 28.2 33 47.4 62.7 73.7 83.8 96 109.2 126.3 137.7 151.6 164.2 172.7 177.7 181.5 185.3 189.8 192.2 199.2 201.6 204 199.2 179.7 169 161.3 157.2 158.4 163.4 168.3 182.5 188.9 194.3 207.4 220.7 232.4 242.7 255.4 263.8 270.3 273.2 273.8 275.2 271.3 270 270.4 269.4 267.8 262.5 256.3 241.4 227.7 216.2 204.8 201.3 206.1 212.3 225 242.9 261.1 274.3 294.4 303.1 310.5 309.2 306.7 307.4 300.3 288.5 276.6 269.9 277.3 291.4
2.8 2.7 2.9 3.6 4.8 5.1 5.2 5.2 5.1 4.9 5.2 6 7.8 13.7 21.7 27.4 32 37.5 52.5 67.5 76 86.4 99.7 114 127.4 142.9 152.8 160.1 169.6 173 176.4 181.5 185.5 191 192.5 197 197.3 183.5 166.9 157.9 153.2 152.8 163.8 171 178.6 186.1 193.3 201.7 210.6 224.9 233.2 243.6 251.4 259 262.9 265.5 266.8 269.3 266.6 267.6 267.5 266.7 265.5 262.7 255.7 243.1 225.2 211 198.1 194.7 197.5 203.2 217.6 233.6 254.1 269.6 285.5 296.3 301 298.9 295.9 294.1 283.7 271.4 260 261.5 270.3 283.1
3.3 3.8 4 4.4 5.1 5.7 5.7 5.8 5.8 5.9 7.4 8.9 10.6 17.9 25.4 31.8 37 44.7 53.4 66.2 77.7 87.9 102.2 116.1 128.9 140.1 148.2 157.4 163.7 167.3 170.6 175.7 179.7 182.4 190.1 189.7 182.8 167.5 155.8 142.7 145.6 157.4 165.8 174.1 182.2 190.3 198.1 206.1 215.7 222.5 235 242.5 248.5 252.4 256.9 259 263.9 264 262 262.5 261.1 260.9 259.6 257.2 256 242.8 218.4 202.4 188.3 183.2 187.8 198.2 211.9 227.4 248.5 269.8 275.8 284.1 287.9 286 283.3 276.5 264.4 252.5 244.2 251.6 261.2 278.3
5 4.9 6.5 8.5 8.1 7.8 6.7 6.8 7.6 9.9 10.8 10.3 13.3 20.8 28.2 34.4 40.9 47.3 53.4 64.6 77.1 88.1 102.8 114.4 126.5 135.2 145.8 154.1 156.8 160.8 165.1 168.3 170 178.2 180.3 174.6 165.3 153.3 140.4 141.6 149.1 161.8 170.2 178.6 185.3 193.9 200.8 205 214 224.7 234.6 238.6 243.4 246.6 251 256.2 262.7 259.5 256.5 254.3 254.1 252.9 249.2 247.6 248.4 229.2 206.8 193.1 180.3 170.9 180.2 192.3 205.7 222.4 241.2 254.4 263.7 270.1 269.3 268.6 264.4 253.9 243.9 234.9 234.2 239.5 250.5 272.1
7 8 11.5 13.5 12.9 11.3 8.9 9 11.6 14.1 13.8 13.4 16.5 22.6 29.6 35.3 43.2 50.4 57.9 65.6 74.1 88.1 101.6 116.4 124 129.6 138.9 146.3 150.4 154.9 159.5 159.2 163.1 167.3 164.4 158.4 145.8 130.8 129.1 143.8 156.3 166.4 175.2 183.1 188.2 195.3 202.2 202.4 215.5 226.7 233.6 237.6 242.4 244.6 248.9 255.9 255.5 250.6 248.2 247.4 246.2 243.5 239.1 236.2 224.2 205.9 191.4 183.6 172 164.7 176.3 187.1 202.7 222.6 230.4 241 246.7 249.6 252.1 247.5 240.9 232.3 223.4 216.2 218.6 224.4 241 259.1
7.8 10.7 15.7 17.6 15.5 13.2 12.6 11.1 13 14.8 15.5 15.6 18.3 23.8 29.2 35.6 43.3 51 60.4 66.5 71.6 84.5 95.7 105.6 114.1 124.9 129.1 135.2 145.5 150.1 151 152.2 155.6 153.9 152.7 146.6 127.6 120.3 133.7 149.9 160.6 171 178 183.6 189 196.9 199 204.9 219.4 230.2 235.7 238.9 242 244.3 246.9 251.4 244.4 239.8 238.4 239.3 235.9 230.1 225 208.6 193.5 184.6 179.7 172.8 164.7 161.7 171.6 185.3 205 219.5 219.5 226.4 228.4 227.3 231.2 225.9 218.6 210.2 202 200.2 200.7 212.5 230.3 249.6
9 13.9 20 18 14.3 13.1 12.7 13.5 14.8 16.6 16.9 16.8 20.6 24.4 27.6 34.3 40.9 49 55.5 64 69.6 77.6 86.9 95.5 102.7 112.2 116.4 127.3 142.5 143.2 145.9 148.1 148.8 146.4 142.5 135.6 114.6 121.2 141.2 155.8 163.9 172.7 178.4 184.3 189.6 196.6 198.4 210.3 223.3 233.7 238.1 239.6 241.2 241 241.7 239.8 232.4 230.2 228.5 226.5 219.3 213 198 182.4 174.3 170.3 165.5 161.5 155.7 158.4 170 185.4 194.7 199.9 209.1 211.3 208.7 208.5 207.5 203.4 196.4 187.8 182.7 182 187.3 199 218.4 236.3
9.4 16 18.5 15.8 14.7 14.9 16 17 17.3 17.9 18.8 21.7 25.7 24.1 29.5 37.4 45.3 49.2 53.6 60.1 64.6 71 81.7 90.7 98.1 102.5 111.6 125 136.4 140.4 143.1 144.9 142.6 139.6 131.1 118.5 107 123.2 146.6 159.3 167.6 173.3 179.1 183.8 190.9 190 203 218.3 227 235.8 239.3 237.6 239.2 238.1 236.7 227.7 221.3 219.1 214.6 205.8 199.1 186 171.5 164.4 161.6 157.8 155.8 151.5 149.1 155.5 164.8 170.9 176.1 185.7 189.3 193.2 189.9 188.1 185.2 180.4 174.4 170 168.7 170.6 175.4 190.3 210.3 213.1
10.2 15 15.9 15 16.6 18.6 20 21.2 20.6 20.8 24.1 25.9 28.6 30.5 33.6 40.5 46.8 48.9 50.1 55.3 60.4 65.8 74.8 79.8 87.2 96.5 111.1 125.7 134.3 139.9 143.8 144.3 142.9 135.7 118.9 105.7 109.1 129.6 149.7 159.3 164.7 170.3 177 180.6 182.9 190.8 210.6 222.2 229.5 236.2 233.3 232.3 232.7 229.4 221.3 211.1 207 202 193 183.3 173.8 160.3 152.9 152.3 151.2 149.3 148.2 143.8 147.1 150.5 154.1 156 159.6 165.6 170.6 173.5 171.7 168.2 163.4 159.7 159.2 159.9 160.3 161.2 164.9 178.7 193 191
14.8 15.5 17.1 18.5 21 22.4 23.8 24.4 23.5 24.5 24.9 27.2 33 33.3 34.5 36.6 40.6 43.8 45.9 50 55.7 60.6 67.2 74.6 83.2 94.3 112.9 128.7 135.9 141 144 143.8 141.9 132.2 109.3 100 113.7 131.4 145.8 152 157.3 164.9 171.1 174.2 170.5 195 214.6 225.4 227.4 232.1 223.9 223.3 216.6 205.8 195.1 190.2 187.7 182.5 170.1 159.1 148.5 140.6 138.6 140.8 140.7 142.2 142.7 138.5 144 147.9 146.5 147 148.7 150.9 153.6 155.1 153.6 151.5 150.2 150.5 151.7 152.1 153.6 154.1 156.6 169.2 172.6 178.5
