WholeMapElevations/data/nn/nn04_OST50GRID_20230518/NN04.asc
ncols 200
nrows 200
xllcorner 200000
yllcorner 740000
cellsize 50
[rows 35 to 69 of 200, columns 79 to 157 of 200]
9 9.5 10.3 10.1 11 11.5 11.5 11.5 11.8 12.8 14.1 18.6 26.7 40.8 57.9 59.8 72.6 88.3 102.9 117 112.9 121.2 115.3 118.9 119.4 115.7 117.4 117.3 111.7 112.2 118.6 125.1 134.2 145.6 153.2 160.7 164.2 168.2 173.2 181.9 184.7 184.1 180.3 168.2 163.7 167.3 153.2 154.8 148.1 156.6 181 197.5 216.6 221.4 223.6 219.8 223.9 223.3 222.3 225 232 229.3 240.5 249.4 248.6 262 276 290.8 300.3 309.7 319 324.7 329.1 342.1 366.4 384 375.8 365.5 371.3
10.5 10.9 10.7 11.4 11.1 11.1 11.5 12.1 12.4 13 14.9 16.9 24.6 31 42.4 57.4 78.3 89.2 108.1 111.3 115.9 110.8 106.8 112 116.5 116.8 123.9 120.1 122.2 123.4 124.2 132.4 141.9 149.8 161.9 166.4 158.3 164.2 161 161.5 156.2 141.4 124.7 110.1 120.9 138.9 151 157.4 166.5 178 189.7 206.6 213.3 210.9 211.8 205.7 200.3 220 234.1 243 243 246.5 250.3 251.5 253.4 263.7 278.8 301.9 321.3 330.3 339.9 358.2 378.5 378.1 377.6 388.9 402.3 407 399.5
12.5 13.4 10.7 13.9 12.9 12.3 13.1 13 13.2 13.8 14.5 12.9 21.3 32.1 47.8 59.9 82.8 90.3 98.6 96.4 95.7 87.6 87 96.8 101.3 110.4 113.9 120.2 122.3 125.6 126 126.5 131.2 141.9 152.6 155.4 152.4 142.2 142.7 137.8 124.2 117.8 110.1 117.8 135 144.7 159.4 170.1 177.5 180.8 179.4 188.8 185.6 183.9 182.6 200.1 215.5 232.8 248.5 261.8 262 265.5 269.6 269.8 269.4 275 289 307.3 322.9 340.6 351.1 374.2 387.2 395.7 403.3 413.5 428.4 433.1 431.9
17.1 17 15.6 15.5 17.9 16.9 12.8 12.2 12.3 14.7 17.2 21 23.6 39 47.7 59.7 84.7 89.7 75.4 65.2 62.6 60.1 63.2 73.9 87.2 91.5 101.5 108.6 108.9 110.2 109 107.6 103.3 105.8 109 112.4 108.1 113.2 113.2 108.6 105.2 97.4 90.1 102.8 112 135.5 149.9 159.2 161.7 154.4 150.6 156.7 161 173.2 185.7 199.2 211.5 232.3 244.7 257.3 261.2 267.6 268.3 277 283.1 298.4 308.8 319.2 338 365.9 381.3 390.9 402.4 417.5 438.8 439.3 451 466.1 462.4
29.8 22.3 18.9 16.1 20.7 22 20.6 20.1 19.1 18.3 14.2 20.7 27.6 31.8 33.7 40 39 35.1 34.2 32.9 32.9 37.8 48.3 49.7 51.4 53.5 61.3 67.5 73.4 72.3 69 66.9 68.9 69.7 75.4 78.9 79.6 86.8 87.7 90.8 92.8 89.1 78.3 85 96.7 109.1 122.1 127.2 121.4 121.4 132 150.4 162.1 173.7 176.9 187.6 196.2 214.9 226 236.7 249.2 260.1 268.5 289 301.3 315.1 339.3 357.1 362 385.2 406.9 427.4 448.6 456.4 464.8 486.9 496 491 481.7
32.7 29.3 22.6 16.9 24.9 26.1 22.7 21.6 21.6 25.6 27.8 30.1 29.2 24.5 19.2 20.5 21.2 21.5 22.1 23.4 24.1 24 25.9 27 28.4 29.2 30.3 35.4 40.1 40.7 41.6 45.5 49.9 49.8 50.5 54.1 59.6 65.6 66.2 68 67.3 60.6 65 65.8 75.6 81.3 84.7 88.9 105.2 118.8 122.8 134.7 142.9 149 162.6 176 186.2 201.1 221.2 243.2 270 287.9 316 350.4 355 361.5 383.2 396.8 421.4 429.5 448.7 461.7 475.9 493.1 503.1 506.8 507.2 505.2 485.2
35.1 27.3 27.3 28.8 30.8 29 29 34 41.1 46.1 48.4 45.1 39.7 35.6 28.7 20.2 21.1 22.6 22.1 22.9 24.9 24.8 26.5 26.4 28.2 29.3 30.3 31.4 34.7 37.9 34.9 34 34.3 40.7 46.6 46.1 43 46.8 45.3 50 50.4 55.7 58.5 57.9 61.3 68.5 71.7 80.6 93.4 106.6 120 133 138.2 154.1 161.8 177.3 195.6 219.6 243.4 273.7 305.4 330.3 343.3 394.4 413.4 422.2 432.2 455.4 473.9 475.8 481 495.2 508.9 527.5 532.5 529.3 525.8 513.2 490.5
37 36.8 32.2 36.3 36.5 41.3 44.3 56.5 67.1 68 72.5 74.9 67 55.7 43.7 30.3 24.9 22.9 23.7 24.4 25.2 25.4 26.8 28 30.4 30.4 30.4 30.4 32.7 36.9 40.8 40.2 39.9 39.1 37.8 38 39.8 41.5 42.8 45.6 47.2 49.7 52.5 60.4 69.4 77.6 84.7 102.4 96.9 113.8 119.9 129.9 144.7 160.9 177.2 187.6 214.2 254.4 280.4 313.7 328 352 376.5 412.5 462.1 468.9 477.4 494.2 514.7 522.2 515.8 536.4 536.7 541.7 543 533 521.8 504.6 484
44.6 49.6 47.6 50.1 59 62.3 64 81.1 103.5 99.4 103.1 107.7 100 89.5 89 67.3 49.6 40.1 36.1 32.8 32.3 31.5 33.2 30.4 30.4 30.4 30.4 31.2 37.9 38.2 41.7 41.7 42.5 38.5 38.5 39.8 41 42.5 44.4 44.9 48.2 51.6 52.4 57.7 67 77.5 90.8 110.1 111.2 113.6 123 135.1 152.9 166.6 195.6 207.7 254.1 279.8 307.5 342.1 369.8 402.5 419.3 441.9 469.6 492.9 512.8 517.2 524.9 528.4 527.8 545.4 541.5 534.7 532.2 517.1 506 487.6 469.8
58.3 58.3 60.3 71.6 74.9 78.8 79.5 95.6 105.1 117.3 118.1 119.5 126 123.8 114.4 106.3 83 70.5 61.8 51.1 51.1 45.9 43.5 39.6 41.8 40.2 33 39.4 39.7 40.2 43.9 42.6 41.6 40.8 40.6 40.8 41.4 44.3 45.3 49.4 50.5 51.7 56 60 60.8 69.9 84.2 108.5 107.2 115.6 130.7 146.9 170.9 189.1 219.6 242.6 256.7 299.5 330.5 351.6 381.4 409.1 433.4 440.1 467 486.3 507.8 523.5 532.5 532.8 534.6 538 536.3 519.4 517.8 501.1 487.2 472.6 460.7
69.9 72 75.9 85.8 95.3 104.5 97.8 121.4 138.7 141.2 138.9 152.4 144.8 145.9 149.6 135.9 112.4 101.6 77 84.3 79.4 76.4 64.2 56.1 52.6 48.3 47.3 47.1 42.8 42.1 45.1 46.8 44.6 43.5 41.9 45.4 46.9 51 55.1 59 60.3 61.9 62.7 63.5 64.7 68 79.7 96.6 121.8 123.2 136.4 153.7 191.2 194.9 218.9 249.9 267.1 293.5 312.5 330.4 362.6 376.2 402.1 412.6 452.5 476.1 486.8 494.8 514.6 521.9 508.1 520 518.9 503.2 495.7 484.7 470.3 456.6 442.1
80 84.2 93 94.6 111.9 122.3 119.6 137.6 148.5 152.1 145.4 156.3 160.8 162.6 170.5 151.3 144.5 128.6 110.3 111 109.4 109.3 93.4 84.5 79.5 62.1 58 57.8 59.3 61 61.6 63.1 54.2 51.2 52.7 60.6 61 60.4 66.6 74.9 74.3 78.3 82.8 84.3 84.1 79.4 72.7 84.4 98.6 116 147.9 163.1 180.8 203.6 214.5 233 253.2 286.7 312.5 316.5 335.5 355.4 367.9 385.4 390.9 426.6 459.5 477 487.6 489.9 471 505.2 498.3 480.6 470.3 461.4 449.6 434.6 421.6
90.4 93.7 101.6 115.4 129 138.5 136.5 145.3 161.1 159.9 165.5 167.8 169.7 176.1 168.6 157.5 154.9 139.6 138.8 142.4 132.4 136 124.6 107.4 97.9 81.5 82.5 81.7 82.6 87.8 84.3 74.6 70.8 68.4 67.8 73.9 76.4 76.9 80.9 89.6 98.6 101.8 105.3 106.4 106.1 107.3 105.2 94.2 98.5 82.8 106.8 131.9 134.7 145.4 165.2 197.2 201 249 271.1 287.5 291.4 322.9 349.1 355.3 357.1 394.7 420.7 441.1 452 462.5 430.8 457.9 458.6 453.5 447.3 438.8 430.7 415.9 406.4
97.3 102.9 118.6 130.8 138.7 144.8 146.8 155 165.3 169.9 173.8 177.7 183.5 179.1 170.2 167.4 168 160.3 162.7 163.6 161.7 159.3 148.7 131.3 119.7 114 118.1 115.1 117.7 119.1 101.2 101.3 94.1 94.9 89 94.1 97.9 96.7 101.7 113.9 124 122.3 125.4 127.4 129.6 132.9 128.5 135.1 142.3 142.1 120.3 98.9 94.9 97.2 118.8 139.6 153.3 186.7 216.1 236.7 250 264.6 269.5 311.9 310.9 351.9 386.3 405.1 399.1 406 391.1 400.9 415 416.7 426.1 413.5 409.3 400.7 392.2
102.4 113.3 135 149.5 143.1 144 149.2 166.3 184.2 177.8 184.7 189.4 183.7 177.4 180.9 171.7 170.2 173.2 181.5 177.7 175.8 177.8 172.4 156.4 162.4 159.6 158.4 164.5 160.9 139.5 134.8 129.9 125.6 127.3 134.9 130.7 131.1 124.9 129.2 145.2 146.6 151.2 151.6 155.5 156.6 169.8 177.1 168.8 168.1 174.9 162 136.3 130.8 132.7 137.8 133.9 129.6 119.1 140.5 172.4 184.5 205.4 214.5 224.3 239.2 273 313.1 325.9 327.9 336.8 349.5 350.1 388.5 391.4 395.1 394.8 388.7 384.4 371.6
115.9 121 140.3 139.3 142.6 147.8 157.2 174.7 177.8 180.9 185.6 186.6 183.5 180.9 176.2 179.7 178.1 182.4 186.5 188.4 197.6 193.7 187.7 198.2 211.7 210.7 210.5 196 176.2 175.4 175.8 171.2 175.4 178.4 175.3 185.9 192.8 189.6 173.3 177.2 185 185.1 185.1 188.4 191.8 206.8 213.2 207.6 204.9 200.1 188.7 165.1 154.7 159.8 161 163.8 165.3 169.1 172.8 172.8 150.3 155.1 169.2 185.8 199.5 215.2 235.2 244.1 259.9 285.9 297.1 321 351.7 361.3 374.3 375.7 367.2 367.7 356.8
124.6 132.4 134.9 142.4 145.2 152.4 170.2 164 176.8 182.5 182 183.9 184.4 178.1 182.3 188.5 194.6 196.4 207.8 223.7 228.1 222 225.2 239.1 235.3 226.6 224.2 218 207.9 211.4 224.6 221.2 228.3 229.7 225.2 231.7 244 245.3 240.7 222 193.2 216.6 231 232.9 234.5 245.7 250.8 249.6 244.5 240.4 214.4 198.6 187.1 179.5 178.8 179.8 187.9 192.8 199.1 210.7 204.5 196.7 179.4 159 162.4 178.2 200.7 210 224.5 248.7 264.1 278.6 297.7 315.2 345.3 342.4 348.5 338.4 334.2
134.3 136.5 137.8 145.5 150.8 163 172.4 164.2 175.2 174.9 177.2 180.9 186.2 193.2 201.3 207.9 223.5 232.3 247.5 255.8 253.9 252.4 266.5 258.5 254.8 255 246.9 233.6 233.4 239.5 245.4 266.3 264.2 272.9 266.5 262.9 265.4 268.9 273.4 264.4 233 247.2 270.2 272.7 284.8 293.7 298.4 296.6 286.2 275.7 256.7 238.2 219 200.5 197.1 199.2 203.6 211.2 228 232.8 231.2 219.3 210.2 191.8 176.6 169.4 168.3 177.3 194.5 220.2 233.9 253.2 263.6 277.3 303.8 319.7 321.7 320.4 313.1
134 139.1 146 149.9 156 174.7 183.8 167 173.4 176.9 179.5 187.2 199 207.2 221.7 231.1 255.5 270.6 268.3 274.6 278.6 280.3 296.5 296.2 287.8 275.3 267.3 290.8 288.5 286.7 276.2 286.3 287.9 289.7 296.3 290.9 289.5 289 288.8 290.8 275 279.4 296.1 308.1 331.6 340.8 343.6 345.1 325.7 313.3 305.2 292.8 273.7 232.5 238.9 223.8 222.4 238.5 253.8 258.1 254.9 247 234.6 220 205.5 188.8 183.9 186.1 191.8 201.1 199.6 217.7 238.7 247.9 272.4 302.9 302.8 300.1 301.9
137.2 145.1 150.3 156.6 160 179.4 185.1 176 179.5 181 194.5 213.7 220.7 226.3 243.5 265.7 275.9 277.3 289.1 291.5 297.2 302.7 311.2 308.2 308.8 290.4 306 317.6 328.7 327 319.1 324.3 325.2 319.4 324.6 316.3 313.1 311.5 305.3 300.3 300.1 285.9 318.3 346.9 360.7 379.4 386.8 385.7 369.8 353.5 348.7 322.6 309.3 292.5 265.5 250.2 250.1 270.8 277.8 278.7 285.7 276.1 271.3 252.8 230.6 210.2 203.1 199.2 201.1 218 230 226.9 226.9 246 271.1 292.7 290 286.1 290.9
142.4 146.9 154.5 161.2 170.8 176.4 191.1 185 192.4 198.1 222.9 231.8 231.5 248.7 271 286.6 291.5 295.3 305.1 308.2 313.9 321.4 331.8 335.4 321.2 337.1 355.2 363.9 371 359 352.4 356.7 354.5 351.5 352.7 352.2 345.7 340.9 325.8 328.7 323.3 295.6 333.7 371 398.7 413.6 421.4 425.7 416.9 401.5 393.5 376.3 355.7 325 293.5 277.3 280.5 300.7 316 331.5 320.7 314.7 296.3 275.2 260.2 238.1 221 211.7 218.1 226.1 252.2 255 240.8 247.7 270.4 294.9 300.3 283.5 282.3
142.7 149.2 155.7 164.3 174.4 191.5 200 194.7 203.5 228 234.9 239.9 250.6 275.5 295.9 296.8 310.6 316.5 313.5 319 327 331.4 333.3 339.1 349.1 361.5 379.6 390.7 394.7 386.5 385 386.2 389.6 387 379.8 387.7 380.6 364.8 350.6 349.9 344.1 323.4 342.2 382.9 420.6 443.1 453.4 458.9 449.4 442.6 430.9 424.9 406.2 382 339.6 312.8 330.5 362.3 366.6 363.1 357.2 352.2 326.3 306.9 292.2 267.5 245.3 228.7 232.6 248 263.5 262 252.2 247.4 261.3 276.4 294.4 283 294.7
140 148.4 154.6 170 190.9 191.8 195.4 198.8 223.7 230.7 244.9 263.3 273.7 296.1 301.6 319.8 324 321.2 327.1 332.9 344.6 359 362.9 359.7 373.3 395.7 405.2 416.9 418.6 427 417.7 426 424 422.2 416.3 409.2 405 397.9 381.3 370.1 366.4 357.7 354.8 388.3 434.2 468.6 476.4 480.6 480.4 473.4 465.2 455.8 441.2 415.7 378.4 349.6 344.5 383.6 395.9 380.7 368.3 359.6 355.7 338.9 328.3 300.1 265.7 245.3 242.4 256.4 275.9 274.7 255.9 250.1 247.8 252.4 265.5 277.6 293.4
136.7 146.5 170.4 181 185 183.4 201.6 217 223.8 246.7 262.2 275.8 291.7 298 319.9 322.2 331.1 332.2 338.6 350.3 370.4 377.7 393.8 394.8 401 421.9 439.9 452.7 451 463.5 465 452.7 451.7 451.9 446 439.6 437.9 438.5 419.8 402.2 397.6 394.7 367.1 396.2 428.8 467.8 491.3 508.4 508.5 508.4 493.3 485.7 469.7 442.3 419.3 398.8 370.9 407.8 419.3 406.9 391.4 375.8 357.9 364.1 349.6 322.8 290.2 263.4 253.1 260.4 288.3 304 280.7 268.7 260.1 257.7 248.6 248.1 260.4
137.7 158.5 171.5 177 185 198.2 212.8 224.6 234 255.4 274.8 283.3 297.8 312.1 315.4 325.3 341.3 360.3 370.2 378.2 387.2 416.7 426.1 431.4 443.6 470.3 489.1 497 496.8 495 496.1 485.8 479 479.8 476.4 484.3 479.1 466.5 458.5 437.5 443.4 430.6 403 406.9 432.3 462.8 499.3 532.5 534.7 533.3 526.8 510.4 510.4 470.8 449.5 435.9 412.5 416.6 433.2 426.3 412.8 392.7 378.3 375.9 366.4 342.8 311.3 283.8 269.4 275.8 325.1 331.7 311.9 286.2 285.6 274 261.4 250.7 249.8
155.1 159.7 168.1 183.8 194.8 213.8 220.7 231 249.4 277.7 292.2 306.9 312.5 320.5 326.2 346.1 360.2 374.2 388.8 394.4 416.3 441.4 468.8 475.8 488.9 508.2 515.6 522.4 526.3 524.2 524.8 537.6 528.5 517.9 528.6 526.8 520.3 510.1 496.5 479.1 481.2 462 434.8 425.6 446.9 472.1 516.3 550 567.4 567.1 555.6 536.7 527.9 495.6 480.6 455.6 446.1 429.8 440.8 441.4 435 415.6 399 396.4 385.6 363.4 335.6 308.1 294.6 301.6 333.4 349.7 332.9 309.4 308.4 296.3 288.1 267.4 251
152.9 163.8 176.8 191.7 205 217.9 233.2 253.4 272.2 274.6 298.1 315 327.6 338.5 354.8 365.2 385.6 393.9 410.7 436.7 453.6 482.4 502.9 508 521.6 538.8 543.1 548.5 552.1 557.4 573.5 570.2 569.5 573.8 566.4 566.3 558.8 557.3 539.3 528.1 524.8 497.7 477.9 459.7 471.1 493.1 541.3 579.1 601.8 603 591.2 565.4 544.7 519 504.4 485.7 463.8 438.8 436.3 449.8 457.3 434.3 419.2 402.5 407.4 386.2 362.6 337.8 319.6 321.3 348.8 368.9 357.2 333.4 328.9 320.8 312.6 291.9 270.1
156.3 169.5 185.3 203.4 217.6 233.9 252.2 267.9 288.8 300.6 315.7 326.6 346.3 358.3 374.5 395.3 404.2 421.6 447.3 471.2 491.2 520.7 527.7 541.4 551 561.5 571 581.7 585.8 596.3 603.6 604.5 607.9 614.7 618.8 614 604.5 595.9 576.3 572.1 563.6 546.3 553.4 507 507.9 527.4 574.9 624.8 632.5 633.1 626.3 594.1 558.7 537.8 522.4 509.5 489.6 456.1 444.2 472.5 474.9 452.9 436.6 427.3 428.2 418.7 396.2 375.6 377.5 346 395.1 391.4 382.1 352.7 331.2 333.1 327.5 305 284.4
160.1 173.9 191.2 212.1 232.5 258.7 278.2 302.8 318.7 302.6 330.9 347.9 362 376.3 399 412.2 440 459.3 488.3 506.2 523.8 543.3 554.9 566.7 578.6 591.4 606.1 618.6 631 644.5 651.5 659.3 657.2 648.1 643 650.8 640.1 638.1 622.1 617.8 626.1 618.5 584.9 548.9 535.7 555.5 599.9 648.8 663.6 672.8 662.6 618.7 576.8 557.4 542.4 528.5 514.7 489.9 463.7 485.9 494.3 469.2 453.3 450.4 440.6 445.3 435.8 428.7 411.8 374.5 406.1 404.8 387.9 369 340.2 329.1 327.7 317.7 299.1
173.3 188.3 205.5 229.3 261.3 282 305.1 320.4 334.2 334 351.3 369.5 384.2 401.2 417.2 441 465.1 496.5 521.2 546.2 564.8 573.9 584.7 600 614.4 628 649 662.8 685.2 701 702.5 704.1 703.1 694.6 690.6 673.7 675.8 670.9 664.8 654.7 671.3 661.9 628.7 605.3 570.7 595.7 639.8 653.9 667 670.9 650.4 628.9 594.6 568.8 560.1 551 540.4 518.1 485.7 498.9 509.5 492.7 472.4 467.7 454.3 461 450.5 435.7 425.4 399.3 405.9 412.5 395.8 370.7 350.7 340.7 325.6 315.5 297.8
190.7 211.2 238.2 262.6 278.4 299.6 312.6 326.7 340.5 352.3 365.6 386.6 406.9 422.5 442.1 462.4 496.7 536.6 561.9 574.6 589 607.7 621 640.8 652.3 676.9 690 719.6 732 742.2 745.3 743.5 744.5 740.1 726.1 721.2 714 715.7 705 685.7 683.4 675.1 663.7 632.2 604.4 605.2 643.7 669.7 676.2 658.8 646.4 626.1 606.7 588 579.2 568.9 562.2 546.6 510.6 514 526.5 513.7 496.5 487.5 468.7 467.2 455 428 426 413.3 399.3 398.4 395.1 380.1 360 347 332.7 314.6 303.7
219.5 245 265.7 280.6 299 307.6 322.7 341.2 353.3 377.6 387.4 407 420.7 445.1 464 492.4 530.8 564.5 589.7 609.2 624.9 635.1 649 672.7 699.9 717.6 731.5 744 763.8 776.3 790.8 791.3 791.1 783.6 771.4 756.7 756.7 756.1 726.2 706.3 692.8 687.3 683.7 659.1 643.5 623.3 645.3 676.8 682.9 664.2 637.4 628.3 611 593.5 583.1 574 568.6 558 531.7 533 533.3 523.6 500.1 489.8 474.9 460.9 444 436.3 416.2 410.1 388.7 386.6 385.8 384.7 367.9 347.4 339.1 331.9 316.1
241.9 264.4 278.3 304.7 314.6 326.3 340.1 356 381.8 400.2 405.7 422.5 445.8 475.9 491.5 520.7 554.4 590.2 615.7 632.3 649.3 668.4 689.4 715 733.9 754 759.5 774.1 787.4 809.3 825.9 829.1 832 829.2 805.8 784.6 777.6 763.9 737.4 717.7 700.6 688 690.6 676.2 666.3 639.5 639.5 673.2 671 651.3 635.5 614.7 602.1 586.5 571.4 566 559.2 549.5 539.8 530.8 524.5 509.9 491.5 479.3 462.7 451.9 435 427.7 419 396.5 380.6 372.4 374 377 369.8 358.7 343.2 336.3 321.2
263.9 280.4 296.6 312.7 327 343.9 355.7 381.9 398.4 417.7 425.9 440.5 465.5 491 516.9 542.9 576.3 608.2 629.5 647.1 667.5 693.4 724.3 742.8 770.4 773.5 789.5 802.7 813.9 838 850.9 860.7 854.3 846.2 819.2 790.1 764.2 745.9 734.2 702 689 686.2 675.8 670.1 651.8 638 635.5 648.3 651.1 634.5 620.3 604.3 585.4 566.9 558.5 548.7 546 536.2 530.7 518.3 520.7 503.3 485.9 468.2 457.2 440.6 424.3 417 409.9 394.8 371.7 363.2 368.2 375 363.1 355.6 347.6 336.3 323
276.4 291.8 307.2 325.2 342 358.3 371.2 392.3 411.5 424.7 443.4 463.6 488.2 510.3 534.1 562.8 592 617.3 640.5 664.6 680.7 716.2 743.2 760.3 767.3 782.6 800.1 819.1 833.9 847.6 870.9 888.7 863.5 829.6 803.6 775 749.2 734.5 723.3 701.3 684.4 674.3 671.2 660.7 650 626.1 624.6 614.5 612.9 605 604.2 596.5 577.3 559.9 539.2 532.8 522.6 518.7 515.2 507.5 509.9 495.9 474.1 455.4 443.8 432.4 415.2 406.8 403.3 393.1 382.6 363.8 362.8 367 353.2 346.5 343.8 330.9 318.7
