WholeMapElevations/data/so/so90_OST50GRID_20230518/SO90.asc
ncols 200
nrows 200
xllcorner 390000
yllcorner 200000
cellsize 50
[rows 70 to 104 of 200, columns 0 to 77 of 200]
253.2 253.4 253.5 253.4 252.8 253.4 253 252.4 251.8 250.8 250.1 249.4 248.3 247.2 246.2 244.7 243 241.1 239.6 238.5 236.8 234.7 233.6 230.4 225.3 222.3 221.8 221.7 219.7 215.3 210.5 206 199.2 191.7 181.6 168.3 173 182.4 187.8 189.4 192.6 193.1 191.6 188.9 184.3 183.4 181.2 177.5 176.8 174.7 168.7 162.7 159.1 151.2 143.2 145.1 169.1 183.5 190.8 195.8 199.8 204.5 209.8 215.3 220.1 222.8 224.9 226.7 229.3 230.8 232.4 233.7 234 234.1 233 231.6 231.3 231
252.8 252.6 252.8 252.4 252.3 252 251.9 251.3 250.7 250 249 248.3 247.4 246.8 245.9 245.3 243.9 242.5 241.8 241.1 239.6 238 236.2 234 230.9 230 229.8 227.5 224.7 222 217.9 213.3 207.7 200.1 191.2 180.7 167 167.6 171 178 183.9 185.7 184.9 182.8 178.8 176.6 175.1 172.4 170.6 167.6 168.8 163.7 156.5 150.8 142 147 174.1 186.1 193.7 203.2 207.6 211.5 215.8 219.5 222.6 224.9 227.1 229.2 230.4 231.8 233.6 234.2 234.5 234.3 233.2 231.5 231.4 230.7
251.8 251.4 251.5 251.6 252.2 251.5 251 250.3 249.6 249.2 248.3 247.3 246.7 246.6 246.1 245.5 244.6 243.9 243.3 241.6 240.4 238.9 237.2 235.3 233.1 231 229.7 227.9 225.7 222.7 219.3 216 212.6 206.8 199.1 191.1 183.8 173.4 167.7 163.3 168.9 176.3 177.2 175.7 172.2 167.2 165.3 163.7 162.9 163 161.5 159.4 154.9 147.9 142 146.9 171.9 185.5 192.8 203 207.4 211.1 215.7 220.2 223.5 226.2 228.3 230 231.5 232.8 234.4 234 234.3 234.4 233.1 231.3 230.9 230.3
251.2 250.7 250.3 250.8 250.3 250.5 249.3 249.3 248.6 247.5 246.7 245.7 245.3 245.3 245.5 245.6 244.9 244.2 243.6 241.7 240.4 238.9 237 234.5 232.4 229.8 228.3 226.2 224.3 222.2 219.5 217 214.1 210.3 204.6 197.3 192.4 185 178.3 170.8 160.8 162.2 164 163.7 160 156.7 155.4 154.3 154.4 151.9 151.6 153.2 151.1 145.7 139 139.8 153.3 173.2 186.6 193.3 195.8 203.3 214.4 219.2 224 227.1 228.9 230.6 231.8 233.6 234.6 234.2 234 233.7 232.9 231.3 230.6 230
250.1 249.9 249.7 250 249.9 249.4 248.1 246.1 247 246.2 244.7 243.4 243.4 245 245.6 245.4 244.7 244 243.3 241.4 239.6 237.8 236 233.5 230.8 228.5 226.3 224.1 222.1 220.6 219.1 216.9 214.2 211.2 207.5 202.5 196.1 188.9 182.1 176.7 171.7 166 162.7 160 159.9 161.5 161.2 159.3 154.8 150.9 148.6 145.9 143.9 141 139.9 138.5 139 157.5 173.3 178 185 195.2 207.2 217.9 223.8 227.6 229.7 231.4 232.5 234.2 234.6 234.2 234.1 233.5 232.6 231.4 230.2 229.7
248.6 248.9 248.7 248.7 248.3 248.2 247.5 245 244.3 243.4 242.3 241.4 243.2 244.9 245.7 245.3 244.5 243.8 243 241.5 239.2 237.1 234.5 231.9 229.3 226.2 224.2 222.1 220 218.8 217.8 215.9 214.3 211.5 208.2 204.8 199.4 193.6 189.3 185.8 182.2 178.3 175 173.3 173.6 173.1 172.2 168.3 162.5 158.3 154.7 148.8 145.3 143.1 146.3 144.1 138.8 149.3 159.1 167.4 177.3 189.7 202.3 215.8 224 228 230.4 231.9 233.4 234.2 234.4 233.7 233.7 233 232.1 231.1 230.3 229.3
247.5 246.9 247.4 248 247.5 246.8 246.3 244.3 241.3 240.6 239.8 241.7 243.6 244.9 245.3 244.8 244.1 243.3 242.1 240.3 238.4 235.9 233.3 230.5 227.3 223.9 220.7 218.4 217.5 216.7 215.8 215 213.3 211.6 209 206.4 205.3 200.2 196.6 193.5 190.3 186.5 184 182.4 181.9 180.4 176.6 172.8 168.4 164.5 160.2 155 151.9 150.4 152.6 144.7 138.9 145.7 150.7 159.8 172 185.6 201.4 217.2 225 228.5 230.9 232.6 233.6 234 234.1 233.4 232.9 232.4 231.7 231.1 228.6 228.5
246.4 245.5 246.2 246.8 246.1 245.8 245.5 242.8 240.8 238.1 240.1 242.3 244.1 244.3 244.3 244.2 243.2 242.2 241.3 239.6 237.6 234.7 232.1 229.7 226.3 222.5 218.9 215.4 214.2 213.9 214.1 213.5 212 210.3 208.4 206.1 206.1 205.5 200.9 197.6 194.9 193.3 190.6 189 186 179.4 172.8 169 164.7 161.5 156.2 151.4 148.3 143.8 142.5 137.4 139 150.6 163 175 185.2 196.2 208.4 219.9 225.4 228.9 231.3 232.9 233.5 233.7 233.7 233 232.5 232.5 231.4 230.2 227.9 227.7
245.5 244.1 244.8 245.5 244.9 244.4 244 241.8 239 236 239.4 242.7 243.6 244 243.6 243.2 242.6 241.6 240.6 238.8 236.7 234 231.2 228 225 221.4 217.3 213.6 210.7 209.8 212.1 211.2 209.8 209.3 205.8 201.4 196.1 193.9 191 189 188.2 186.8 183.6 182.3 178 175.3 170.9 166.1 162.5 157.2 152.6 146.9 142.2 139.4 137.3 138.1 143.6 160.7 175.5 186.2 196.6 207.6 214.8 221.2 225.8 229 231.4 232.8 233 233.2 233.1 232.5 232.1 231.8 231 229.3 227.8 226.9
244.7 243.1 242.8 243.7 243.5 243.2 242.6 240.8 236.7 233.5 239.6 242.3 243.4 243.6 242.9 242.2 241.6 241 239.9 238.1 235.7 233.5 230.8 227.6 224.2 220.6 217.2 213.9 209.9 202.9 207.7 205.9 200.2 193.9 190.8 187.9 187.8 186.6 185.1 184.3 183.6 182.9 181.1 176.4 174.5 171.6 167.4 161.3 156.3 151 146.8 143.3 141.9 138.3 137 141.1 146.8 165.1 181.9 193.8 203 210.3 216.1 221.9 225.8 228.7 230.9 232.1 232.3 232.6 232.5 231.9 231.7 231.2 230.4 228 226.6 226.3
243.5 242.7 240.5 240.4 240.6 241.3 241.3 239.9 236.4 233.6 239.6 241 242.2 243.2 242.7 241.5 240.9 240.2 239.1 237.1 234.6 232 228.9 227.2 223.3 220.5 217.6 214.2 210.9 201.5 196.4 194.8 192.3 189 186.2 183.5 181 179.5 178.3 177.9 178.8 176.7 174.8 171.7 169.7 166.9 161.5 155.5 151.3 148.1 149.1 150.8 145.1 137.9 136.5 144.4 154 170.7 186.2 196.5 203.7 209.5 214.8 220.7 225.5 228.1 230 230.9 231.8 232 231.9 231.5 231.3 230.8 229.8 226.8 225.1 225.3
243.5 242.6 239.8 237.5 238.1 239.1 238.8 237.8 233.6 231.9 238.9 240 241.5 242.3 242.1 241.2 240.2 239.5 238.2 235.7 232.9 230.5 228.1 225.3 222.9 220.2 217.5 214.2 210.2 202.4 191.3 189.2 186.3 184.9 184.8 183.2 180.8 178.1 176.1 174.5 174.2 169.8 168 165.5 162.7 158.7 157.8 157.9 158.8 159.2 158.9 158.2 146.6 138.5 135.9 149 160 174.6 184.3 193.5 201.1 207.4 213.4 219 224.1 227.1 228.8 229.4 230 231 231.3 231.1 231 230.3 229.2 226.8 224.7 223.5
242.8 241.8 240 236.8 235.4 235 235.2 235.5 229.6 233.1 238.9 240.5 241 241.4 241.3 240.6 239.6 238.6 236.7 234.6 231.8 229.1 226.4 223.9 221.2 218.6 215.6 212.2 206.9 195.1 189.5 190.5 193.6 196.1 192.6 189.3 185.9 183.5 183.2 180.6 175.7 174.7 172.4 170.2 168.3 170.9 170.9 169.4 169.8 167.5 165.1 159.7 148.6 140.2 135.5 150.4 160.8 172.2 180.4 189 196.6 203.2 210.4 217 222.2 225.7 227.6 227.7 227.8 229.2 230.4 230.4 230.5 229.7 228.5 226.3 224.6 223.4
241.9 240.9 240 237.1 233.7 230.6 232.1 224.5 222.7 231.1 237.3 239.3 241.2 241.6 241 240.6 239.9 239.2 237.3 234.8 231.4 227.4 224.6 222 218.8 215 211.2 207.7 198 192.9 198.6 205.4 206 207.8 205.3 201.8 193.9 191.8 188.6 185.1 184.5 182.3 181.2 178.6 178.1 179.1 180 179 181.5 178.3 166.9 161.5 153.2 141.7 135.5 142.9 155.8 167.5 176 184.5 193 199.5 207.1 214.2 219.6 223.7 225.8 226.7 226.8 228 229.2 229.2 229.6 229.4 228.4 226.4 224.3 224
240.8 240.3 239.3 237.8 236.2 232.4 223.3 216.8 218.4 232.9 237.5 240.4 241.6 241.5 241.1 240.8 239.6 238.4 236.4 234 231 226.7 223.4 219.6 214.8 211.7 208.5 205.4 200.6 204.5 208.9 212.2 214.6 213.3 210.4 206.7 205.6 204.6 203.3 200.6 196.3 194.9 194.4 195 194.8 194.3 192.3 190.4 186.1 181.3 170.1 163.7 155.9 143.5 135.9 134.7 143.7 163.1 172.2 178.8 188.3 197 201.5 209.9 216.7 220.4 222.2 224.7 226.1 227.1 228.1 229.1 229.7 229.3 228.5 227 225.4 224.4
239.6 239.1 238.5 237.4 235.9 234.3 223.1 211.3 215.7 231.4 236.9 240 241 240.4 240.4 239.9 238.7 238.3 236.6 233.9 230.6 226.3 223.2 219.7 217.2 217.2 215.5 211.8 207.1 212.4 216.4 218 217.3 215.6 212.4 209.8 210 208.8 207.6 206.7 205.7 205 204.4 203.4 202.4 199.9 196.8 193 188.2 183.6 177 165.8 160.3 149.8 138 134.6 138.5 158.8 165.3 173.1 182 191.3 195.8 198.4 209.7 215.4 219.8 223.9 226.7 226.5 227.8 229.8 229.7 229.2 228.4 227.4 226.3 225.1
237.4 237 236.6 236.4 235.8 227 212.5 207.4 212.1 231.4 236.4 239.5 240.3 239.7 239.3 239.6 238.7 237.5 236.6 234 230.2 226.8 225.9 224.5 222.7 220.9 218.9 213.7 214 218.4 219.9 219.6 218.4 216.5 213.3 212.5 212.3 212.1 211.3 210.2 209.1 208.1 207.2 205.9 204.4 201.6 197.8 193.5 188.8 183.7 176.5 169.4 162 154.2 141 134.8 134.8 149.4 161.5 169.9 175.9 180.4 186.4 192.6 198.7 211.3 219 223.1 226.5 226.9 228.7 229.7 229.6 229 228.3 227.5 226.5 225.4
234.8 233.9 233.2 232.1 224.5 214.6 206.7 204 211.6 231.3 236.6 239.4 239.8 239.7 239.4 239.2 238.8 237 235.5 233.3 231.3 230.5 228.5 227 224.7 222.3 218.8 213.9 217.8 220.6 220.8 219.9 218.7 217.4 215.8 214.9 214.6 214 213 211.8 210.6 209.4 208.3 206.7 204.8 201.9 198.1 193.6 188.7 182.6 172.4 168.8 157.7 148.4 137.3 135 136.6 144 155.7 161.5 165 169.5 180.1 189.9 197.5 211 218.5 223.1 226.2 226.9 228.4 229.5 229.2 228.7 227.8 226.9 226 225.2
230.1 227.9 221.9 213.6 209.5 207.5 203.5 202.2 214.3 231.9 236 238.4 238.6 238.9 239.2 238.9 238.5 236.5 235.7 234.8 234.1 232.6 230.5 227.9 225 222.4 219.3 216.2 220.2 221.6 221.7 220.9 219.8 218.4 217 216.9 215.9 214.7 213.4 211.9 210.9 209.8 207.8 206.4 204.1 200.6 196.7 192 186.3 177.1 167.3 162.9 154.5 142.4 134 141.5 147.4 150.8 155.7 160.3 165.2 177.2 185.9 191.6 201 212.2 218.7 222.7 226.1 226.5 227.2 227.9 227.9 227.6 227.2 226.2 225.4 224.6
210.6 209.7 208.9 208.1 206.8 203.1 199.8 201 216.5 231.9 234.2 235.9 237.6 238.2 238.4 238.3 238.1 237.3 236.4 235.6 234.6 233.6 231.2 228.6 225.9 223 220.4 218.7 221.2 222.5 222.5 222.2 220.4 219.2 218.1 216.7 215.2 213.6 211.7 211.1 209.8 208.6 206.6 205.3 203.1 199.4 194.5 187.2 176.5 171.1 164.7 159.8 148.8 137.1 134.5 148.9 156.6 160.8 163.9 166.6 170.7 182.4 191 200.3 207.3 212.1 218.8 222.3 225.7 226.1 226.6 226.8 226.7 226.6 226.4 226.2 225 224.1
206.4 205.7 203.7 202.2 199.8 195.4 195.9 203.4 214.2 229.8 232.2 231.9 235 236.8 237.6 237.6 237.8 237.6 237.1 235.9 235.7 234.1 232 229.4 226.7 223.9 221.6 220.3 221.5 223.3 223.3 222.9 221.8 220.3 218.5 216.1 214.6 212.9 210.5 209.6 206.5 205.7 204.9 203.2 200.7 196.9 186.9 176 172 166.7 159.6 151.8 141.4 133.9 136.5 150.2 161.3 164.9 165.6 167 174.8 182.4 191.6 202.7 209.9 214.3 219.3 222.2 225 225.9 226.1 226.4 226.5 226.4 226.2 225.9 224.8 224.3
200.1 198.4 196.6 195.5 191.9 189.2 194.8 202.3 210.2 224.5 227.8 226.6 231.2 235.1 235.8 236.8 237.7 237.7 237.4 236.8 235.9 234.4 232.7 230.5 227.7 225.5 222.9 222 222.7 224 223.9 223.3 221.9 220.3 219.1 218 216.8 214.9 212.5 209.4 205.7 200.8 198 199 197.3 192.2 178.3 173.2 164.5 157 151 144.8 135.8 132.7 132.9 148.5 157.1 160.3 159.3 162.6 170.3 179.7 190.4 200.8 209.2 214.4 219.2 221.7 223.7 224.7 225.2 225.6 226.1 226.2 225.9 225.5 225 224.5
192.6 193 189.3 187.4 185.6 189 194.6 200.6 208.6 218.7 224.7 226.7 232.2 235.2 237 237.5 238 238.3 237.6 237 236.4 234.8 233.1 230.8 228.8 226.5 224.8 223.4 224.1 224.8 224.5 223.6 222.2 221 220.6 219.7 218.1 216.2 213.6 210.6 206.9 203.8 199.1 191 186.1 182.3 175.1 171.5 165.3 159.4 156.1 152.3 146.9 135.5 133.5 135.8 147.1 149.5 153.4 160.6 167.4 176.7 188.7 196.5 206.8 214.2 216.9 219.7 221.4 222.8 223.4 223.9 224.9 225.4 224.9 224.7 224.7 224.3
184 182.3 181.5 184 189.3 195.8 200.5 206.5 215.4 224.3 230 231.8 232.7 236.4 237.3 238.1 238.4 238.9 238.7 237.6 236.6 235.1 233.3 231.3 229.4 227.7 226 224.8 225.4 225.5 225.2 224.3 223 222.5 222.1 220.8 219.1 216.9 214.4 211.3 208 204.3 200.8 196.3 192.5 191.7 189.3 185.1 178.3 171.7 167 160.2 153.5 143 135.6 132.4 136.6 146.6 154.8 161.6 167.8 173.7 186.4 194.8 205.7 214.3 216 216.8 218.4 220.4 222 223.1 224.2 224.6 224.6 223.9 223.8 223.6
177.9 182 185.4 191.5 195.9 200.7 207.4 215.9 224.2 230.2 233 234.2 235.3 235.8 237.4 238.2 238.5 239 238.3 238.3 237.2 235.6 232.9 231.6 229.4 227.9 226.4 225.5 226.3 226.2 225.9 224.9 224.3 223.9 223 221.5 219.8 217.3 214.7 211.8 208.8 205.9 202.1 198.4 199 197.2 192.8 188 178.2 173.4 167.8 163.7 153.6 147.5 135.7 135.6 143.8 151.5 157.5 162.1 168.6 171.8 183.9 191.3 201.3 208.6 211.6 213.4 215.6 217.3 219.6 221.7 224 223.4 223.5 223 222.9 222.8
183.7 188.2 193.4 198.3 203.4 207.5 213.2 221.9 229.6 234.1 235.2 236 236.2 236.2 237.5 238 238.3 238.7 238.7 238.1 236.8 235.5 233.8 231.5 229.1 227.6 226.6 225.7 226.5 226.7 226.2 225.4 225.5 225.2 223.6 222.2 220.3 218.1 215.9 212.4 209.2 206.3 203.4 201.9 201.5 198.8 194.5 189.6 179.2 174.5 170.1 161.9 157.7 143 136.9 138.5 148.1 157.4 161.8 164.9 169 173.6 182.7 190.1 196 198.6 206.2 209 212 214.6 217.2 219.8 221.4 222 222.4 222.2 222 221.9
192.6 194.5 197.6 204.2 208.4 216.3 222.7 230 233.4 235.7 236.4 236.8 236.8 236.6 236.1 237.3 237.8 238.2 238.3 237.7 236.7 235 233 231.7 229 227.2 226.3 225.8 226.6 226.9 227 226.4 226.4 225.6 224.1 222.2 220.5 218.2 215.9 212.8 209.7 206.8 205.6 203.8 201.7 198.7 194.8 190.7 182.3 175.2 169.8 162.2 157.1 143.5 136.1 136.2 150 160 166.1 169.1 171.7 175 181 189.2 191.5 195 199.4 205.1 210 212.9 215.3 217.8 219.6 220.7 221.1 221.2 221.1 220.9
198.3 200.6 206.1 208.6 215.7 226.8 230.2 232.9 235.4 236.6 237.1 237.2 237.2 237.1 237.1 237.1 237.2 237.4 237.6 237 235.9 234.4 232.4 230.3 227.6 226.3 224.9 225.5 226.4 227.1 226.6 226.5 226.3 225.9 223.7 222 220.6 218.4 216.1 213.6 210.2 208.5 206.1 203.3 200.5 197.5 194.7 191.1 186.2 175.4 168.3 162.3 155.4 149.1 134.5 133.1 147.6 156.3 163.2 167.1 170.9 173.6 176.9 182.1 183.2 188 194.3 203.3 207.7 211.2 213.6 216 218 218.9 219.8 219.9 220.1 220.1
208.8 211 214.1 217.7 228.3 231.4 233.8 235.4 236.4 236.9 237.3 237.3 237.3 237.2 237.3 237.2 237.4 237.3 236.8 236 234.9 232.8 231.2 229.4 226.6 225.1 224.3 224.5 226.2 226.4 226.6 226 226 225.4 224.2 222.2 220.8 218.6 216.3 213.7 211 208.2 205.3 202.2 199.2 195.1 192.6 190.4 186.9 177.4 170.4 163.4 158.4 148.3 140.3 129.4 140.2 149.8 156.1 161.4 164.8 167 169.4 174.4 177.9 186 193.6 202.1 205.3 208.6 211.4 214 216.2 217.6 217.9 218 218 218.3
219 224.7 226.9 229.8 232.3 234 235.2 235.7 236.5 236.8 237.1 237.1 236.8 236.8 237.2 237.2 237 236.6 235.7 235.1 233.7 231.7 230 228.2 225.8 224 222.6 224.3 226.1 226.1 225.7 225.7 225.9 224.7 223.3 221.8 220.6 218.1 216.1 213.4 210.3 207.4 204.6 201 197.8 194.9 191.1 187.3 184.9 181 170.4 165.4 160.9 155.2 144.1 128 131.3 139.8 146 151.1 157.5 163.1 165.6 169 177.1 186.2 190.2 194.4 199.7 203.9 208.2 211.2 213.7 214.8 215.3 214.4 214.6 216
226.3 228.5 230.7 232.5 233.9 234.9 235.4 235.9 235.9 236.1 236.4 236.5 236.2 236.5 236.7 236.6 236.4 235.9 235 234.1 232.6 230.9 229.1 227 225.3 222.8 221.9 223.8 225 225.2 224.5 224.6 224.8 223.9 223 221 219.4 217.7 215.5 212.8 210.2 206.6 203.8 199.5 195.7 193.3 190.8 184.7 177.9 167.9 161.4 163.6 158.1 150.1 139.4 128.5 123.7 128.6 133.5 138.8 149.3 159.8 165.4 170.9 179.9 182.9 184.6 186.7 190.7 194 201.5 208.5 210.2 211.2 211.9 210.6 211.4 212.9
229.6 231 232.3 233.5 234.3 234.6 235 235.2 235 235 235.2 235.7 235.8 236 236.1 236 235.8 235.1 234.2 233.2 231.5 229.7 227.8 225.9 224 221.4 221.9 223.9 224.9 224.6 223.9 224.3 224.2 223.6 222.4 220.3 218.8 216.6 214.9 212.2 209.3 206.4 203.2 199.4 196.8 195.2 193.9 189.6 185 178.1 158 150.6 146.9 135.3 131.3 136.4 135.8 127.1 124.1 125.6 138 152.7 166.1 171 175 176.5 177.7 181.1 186.7 186.4 193 200.3 206 207.6 208.2 207.5 208.1 209.9
231.8 232.3 233.1 233.2 233.9 234.3 234.6 234.5 234.2 234.2 234.2 234.6 234.4 234.8 235.3 235.2 234.9 234.2 233.2 231.9 230.2 228.3 226.4 224.5 222.5 220 222.6 224.3 224.6 224.1 223.4 223.7 223.5 222.9 221.3 219.9 218.4 216.3 214.3 212.1 208.7 205.7 203 201.4 199.5 196.8 194.3 191.2 187 176.9 157.1 148.1 145.5 144.1 149.4 152.9 152.3 146.5 133.2 121.9 128.5 144 156.7 166.8 169.2 170.1 170 172.1 176.2 183.7 188.2 191 198.7 203.1 203.6 203.1 205.1 206.6
231.4 232.1 232.2 232.2 232.7 233.8 234 234 233.5 233.3 233.2 233.1 233.5 233.8 234.2 234.2 233.8 233.1 231.6 230 228.9 227 225.1 223.2 220.2 218.9 222.9 223.7 224.4 223.7 223 223.2 222.7 221.9 220.7 219.1 217.4 215.3 213.3 211.5 209.1 206.4 204.3 202.1 199.3 197.1 194 190 185.5 176.7 157.3 149.9 155.7 164.2 165.6 165.2 164 160.7 146.4 131.4 123.2 136.2 144.8 154.7 155.2 156.7 159.4 160.8 167.2 175.3 180.8 185.2 190.7 197.2 199.2 198.6 200.5 202.6
230.9 231.1 231.5 231.4 231.9 232.4 233.1 232.8 232.6 232 231.6 231.9 233 233.4 233.2 233.2 232.7 231.9 230.6 229 227.5 225.6 223.5 221.1 217.1 219.6 222.8 223.6 224.1 223.4 222.8 221.7 221.1 220 219.7 218 216.4 214.2 212.3 210.5 208.1 206 203.6 201.3 198.4 195.6 192.2 187.8 178.2 166.6 162.8 172.2 178.3 178 175.6 172.5 169.1 162 153.6 139.5 126.3 128.7 134.4 137.4 139.3 141.8 144.8 152 159.6 167.7 176.4 180.2 186.2 190 191.4 191.6 195.7 197.6
