WholeMapElevations/data/st/st81_OST50GRID_20230518/ST81.asc
ncols 200
nrows 200
xllcorner 380000
yllcorner 110000
cellsize 50
[rows 0 to 36 of 200, columns 0 to 83 of 200]
67.9 65 66.8 66.1 63.8 64.4 65.4 64.8 64.6 63.9 63.4 62.4 61.9 60.5 59.1 58.4 58.2 58.2 57.3 57.2 56.8 57.2 57.3 57 57.3 57.9 58.6 59.8 60.5 60.6 61.9 62.4 62.6 63.7 65.3 65.8 66.2 66.3 65.6 64.9 63.7 62.7 62.2 61.4 61 61.4 60.9 60.2 59.7 59.6 59.2 58.9 58.6 57.4 57.6 59.1 60.4 61.6 63 62.5 60.8 59 58.8 58.6 59.2 58.7 58.7 59 59.2 59.5 60.1 60.8 61.7 62.7 63.8 65.4 66.9 68.5 69.5 73.9 76.8 81.3 84.9 85.3
66.9 66.3 66.2 64.7 63 62.4 62.6 62.4 62.8 62.6 62.1 61.1 59.9 58.7 58.7 58.6 58.4 58.2 58.1 56.8 56.6 56.5 56.9 56.7 57 57.9 59.3 60.6 61.8 62.5 63.3 63.5 63.9 63.9 64.8 65.2 65.3 65.3 65.1 63.5 62.4 61.6 61 60.7 59.8 60.1 60.2 60 58.9 58.4 58.1 57.7 57.6 57.1 57.7 59.2 60.5 61.1 61.2 61 59.6 58.4 58.3 58.2 58.9 58.4 58.8 59.1 59.3 59.7 60 60.9 61.7 62.6 64.1 66.1 68.5 69.7 71.5 72.9 75.6 77.6 78.7 81.2
64.3 63.9 63.4 62.7 61.8 60.9 61.1 60.7 61.9 60.9 60.1 58.7 58.7 59.9 58.7 59 58.7 58.5 58.2 56.7 56.4 56.3 56.4 56.3 56.7 58 59.3 60.5 61.5 62.4 63.2 63.4 63.3 63.3 64 64.1 64.3 64.3 63.5 62 60.5 59.6 59.4 58.6 58.6 59 59.2 59.2 58.1 57.5 57.1 56.7 56.6 57.1 58.1 58.9 59.6 60.1 59.8 59.4 58.5 58.2 58.2 58 59.3 59.7 59.8 59.6 60.2 59.9 60.8 61.3 62 63.2 65.3 68.1 72.2 75.8 77.5 80.3 83.5 86.6 87.4 87
62 61.8 62.1 61.6 61 60.1 60.5 59.5 59.9 59.8 58.7 58.7 58.7 58.5 59 59.6 58.7 58 57.4 57.3 56.5 55.9 55.8 55.8 57.4 58 58.9 59.8 60.7 61.5 62.1 62.2 62.3 62.6 63.2 63.1 63.4 63.7 63.3 61.6 59.5 57.9 57.9 57.5 57.1 57.3 57.5 57.7 57.4 56.8 56.3 56.3 56.7 57.6 58.3 57.8 58.4 58.6 58.5 57.9 58 58.1 58.2 59.6 60.5 60.7 60.9 60.9 60.5 60.2 60.8 61.1 62.4 64 66.2 70 75.1 79.8 84.5 88.5 90.5 93.6 94.7 95
61 61.1 60.6 60.9 59.9 59.4 59.2 58.6 58.7 59 58.7 58.7 59.3 58.8 55.8 56 57.3 58.1 57.9 57.4 56.5 55.5 55.3 55.7 57.7 58.1 58.6 59.1 59.6 60.2 60.6 60.8 60.9 61 62 62.3 62.6 62.9 63.1 61.4 60.3 57.9 57.9 56.6 56.3 56.5 57.1 57.3 56.8 56.2 55.9 56.3 56.8 58.5 58.5 57.6 57.3 57.3 57.6 57.6 57.7 58.1 59.3 60.6 61.4 62.2 61.7 61.2 60.7 60.5 60.7 61 62.2 64.4 67.1 71.3 77.4 81.6 85.8 93 96.2 97.6 98 97.4
59.6 59.9 60.2 60.2 59.9 59.1 58.6 58 57.4 57.7 58.5 58.7 57.1 55.8 56.6 55.8 56.9 57.5 57.9 57.8 56.8 55.8 55 56.1 56.9 57.6 58 58.5 59 59.5 59.7 59.8 59.8 59.5 61.3 61.5 61.9 62.2 62.4 61.8 60.5 58.4 56.8 56.1 55.8 56.1 56 56.1 55.9 55.8 55.9 56.1 56.5 57.5 57.6 56.7 56.9 57.3 57.3 57.2 57.2 58.3 58.9 60.1 61.3 62.4 61.9 61.6 60.7 60 60.6 61.2 62.4 64.7 67.9 72 76.1 80.2 84.2 89.8 92.4 91.3 92.3 93.2
59.1 59.4 59.8 59.7 59 58.3 57.7 57.2 56.7 56.2 56.8 55.9 55.8 55.8 55.3 54.7 55.1 56.7 57.7 57.8 57.4 56 55.3 56.3 56.9 56.8 57.4 58 58.4 59 58.9 59 59.1 59.3 60 60.7 61.4 61.6 61.7 60.9 59.8 58.1 56.7 55.9 55.5 55.3 55.7 56.1 55.8 55.8 55.9 56.1 56.2 56.4 56.6 56.6 56.9 57.1 56.7 56.4 57.1 58.2 59.2 59.6 61.2 61.7 61.6 61.2 60.2 60.1 60.5 61.2 62.8 65.4 67.4 71 75.2 78.1 82 84.5 85.8 85.7 83.7 86.4
58.8 59.2 59.2 58.8 58.5 57.5 58.5 56.7 56 55.5 55.2 55.8 55.8 54.6 54 54.2 54.5 55.4 57.4 57.5 57.6 56.4 54.8 55.3 56.1 56.8 57.4 57.6 58 58.5 58.1 57.8 57.6 58.3 59.3 60.4 60.6 60.7 61.2 59.7 59.1 57.4 56.3 55.7 55 55.3 55.6 56.2 55.8 55.9 56 56.5 56.3 56.3 56.4 56.5 56.9 56.6 56.2 56.1 57 58 58.9 59.7 60.3 60.7 60.4 60.1 59.8 59.9 60.4 61 62.7 65 66.7 69.5 72.9 75.5 77.4 79.7 80.3 81.5 82.1 82
58.6 58.4 58.6 58 57.2 56.8 56.3 55.9 55.5 55.2 54.9 55.4 53.9 53.6 53.5 53.3 55.4 55 56.4 57.2 57.4 56.6 54.7 54.3 55.1 55.9 56.8 56.6 57.4 57.7 56.9 56.9 57.2 57.7 58.2 59.5 60.4 60.1 60.5 59.5 58.3 56.6 55.5 55.5 55 55.3 55.6 55.6 55.7 56.1 56.4 57.1 57.2 57.1 56.9 56.7 56.6 56.6 56.5 56.5 57.4 57.9 58.6 59 59 59.6 59.4 59.3 59.6 59.9 60.4 61 62.6 63.3 65.4 67.7 69.5 71.9 73.5 75 77.1 77.8 79.1 79.3
57.5 57.4 57.1 56.9 56.7 56.5 56.6 55.5 55 54.8 54.5 54.2 53.2 53.2 53.2 53.3 53.6 55 55.6 57.2 57.2 56 55 54 54.3 55.5 56.5 56.1 56.8 56.9 56.2 56.2 56.5 57.2 57.9 58.7 59.5 60.1 59.4 59.8 58 57.4 56.2 55.5 55 55.2 55.3 55.3 55.7 56.1 57 57.8 58.2 58.1 57.5 57.1 56.9 57 56.5 56.9 57.2 57.5 58.2 58.5 58.7 58.6 58.7 59 59.3 60.4 60.7 61.5 62 63 64.6 65.9 67.4 69 70.6 72.7 74.3 75 76.1 76.8
56.9 56.8 56.3 56.5 55.9 55.8 55.6 55.1 54.5 54.2 53.6 53.5 52.8 52.7 52.8 53.5 53.4 55.5 55.5 56.5 56.4 56.4 55.5 54.3 54.1 54.2 55 55.1 56 55.8 55.2 55.4 56.1 56.8 57.6 58.4 59.1 59.8 59.6 59.5 58.7 57.3 56.2 55.4 54.8 55.2 55 55.1 55.7 56.5 57.5 58.4 59.1 59.4 58.7 57.5 57.1 56.9 56.9 57.1 56.9 57.3 57.8 58 58.2 58.4 58.8 59.1 59.8 59.9 60.8 61.6 62.1 63.2 64.2 65.8 66.8 68.2 69.2 70.6 72.3 73.8 73.9 75.2
56.6 56.1 55.2 55.2 55.7 55.4 55.3 54.5 54.1 53.9 53.8 53.3 52.8 52.5 52.6 52.9 53.8 55.1 55.7 57 57 56.9 55.2 54.5 54 53.8 53.8 54.5 55.1 54.6 54.2 55.1 56 56.9 57.6 58.2 58.7 59.4 59.9 59 58.7 57.7 56 55 54.6 54.7 54.9 55.3 56.1 56.6 57.7 59.2 59.6 59.9 59.1 58 57.3 57.1 57.1 56.7 56.9 57.5 57.6 57.9 58.2 58.4 58.8 59.1 59.7 60 60.8 61.6 61.9 63 64.2 65.7 66.3 67.8 68.9 70.5 72 72.9 74.7 77.1
56.2 55.9 54.8 54.8 54.3 54.5 54.4 54.2 53.9 53.5 53.5 53.7 53 52.9 53.1 53.1 53.9 54.9 56.1 57.2 57.5 56.5 55.6 54.6 54.4 54 53.8 54.1 54.6 54.5 54.3 55.1 56 56.9 57.6 58 58.4 58.9 58.8 59.4 58.6 56.7 55.4 54.8 54.6 54.6 54.7 55.3 56.2 57 57.9 59.3 59.7 59.9 58.9 57.9 57.4 57.4 57 57.8 57.6 57.7 57.7 57.8 58.1 58.4 58.7 59.1 59.7 60 60.5 61.1 62.4 63.3 63.6 64.9 66.5 67.6 69 71 72.4 75.2 78 80.7
56.5 55.8 54.7 54.3 53.9 54 54.2 54.3 53.7 53.6 53.4 53.1 52.3 52.3 52.9 52.7 53.3 54.3 55.5 56.6 57.1 57.4 56.3 55.2 54.4 54 53.7 53.8 54.1 54.2 54.2 55 55.9 56.8 57.2 57.5 58.5 58.9 58.9 57.8 57.2 55.3 54.3 54.8 54.7 54.7 54.7 55.7 56.7 57.4 58 59.2 59.6 59.3 58.3 58 57.5 57.2 57.5 57.7 58 57.9 57.9 57.9 58.2 58.4 58.7 59.1 59.7 60 60.5 61.1 62.2 63.4 64.1 64.5 66.5 67.6 69.4 72 75.6 77.8 79.5 81
57 55.7 54.8 53.8 53.6 53.6 53.7 53.6 53.6 53.4 53.2 52.4 52.1 52.1 52 52.3 52.9 53.8 55 55.9 56.7 56.8 56 55.3 54.1 54.2 53.5 53.5 53.6 53.7 54.1 55 55.4 56 56.5 57 56.6 56.7 58.4 57 55.7 54.7 54.4 54.5 54.8 54.9 55.3 56.2 57.2 57.6 58 59 58.7 58.6 58.7 58.1 57.7 58 58.1 58.3 58.2 58.2 58.1 58.2 58.3 58.5 59 59.3 59.7 60 60.6 61.2 62.2 62.8 63.4 64.3 66.9 68.6 70.9 74 77.1 80.3 81.1 84.3
57.3 55.6 54.6 53.6 53.4 53.3 53.3 53 53.1 52.9 52.7 52.6 52.2 51.9 51.8 51.8 52.3 53 53.9 55.1 55.8 55.8 55.5 54.4 54.2 53.5 53.1 52.9 53 53.4 54 54.4 54.5 55 55.5 55.8 55.9 56.8 56.3 55.3 54.3 54.3 54.4 54.6 54.8 55.7 56 57 58.2 59.2 59.1 59.3 58.9 58.7 58.9 58.7 58.5 59.4 58.8 58.8 58.7 58.6 58.4 58.4 58.5 59 59.2 59.5 59.8 60.1 61 61.8 62.1 63.3 65.2 66.4 67.6 69.5 72.1 75.5 79.5 82.5 86.3 89.4
57.2 55.2 54.3 53.4 53.2 52.9 53.4 53 53.1 52.2 52.3 52.1 51.8 51.7 51.7 51.7 52.1 52.3 53 54.5 54.9 54.8 54.7 54 53.6 53.2 52.9 52.9 53.2 53.4 53.8 53.9 54 54.3 55 55.4 55.9 56.3 55.8 54 54.1 54 54.3 55 55.9 56.6 57 57.6 59.1 59.6 59.9 59.6 59.2 58.9 59 58.5 59 59.2 59.1 59 59.4 59.3 58.9 58.6 59.1 59.4 59.6 59.8 60.1 60.7 61.4 62 63.1 64.1 65.7 66.5 68.1 70 72.9 77.1 80.4 85.3 89 91.2
56.9 55.1 54 53.4 52.9 52.5 52.6 53 52.6 52 52.1 52 51.8 51.5 51.4 51.4 52.1 52.1 52.2 53.4 53.5 53.4 53 53.2 53.4 53.2 52.8 53.1 53.1 53.2 54 54.5 54.6 54.9 55.3 55.9 56.3 56.2 54.9 54.1 53.8 53.9 55 56 56.6 57.3 58.2 58.8 59.3 60.2 60.4 59.7 59.5 60.4 59.1 59.1 59.4 59.6 59.6 59.9 59.8 59.6 59.6 59.4 59.5 59.8 60.3 60.8 60.6 61.3 61.8 62.3 63.4 64.1 65.5 67 68.6 71.5 73.8 77.5 81.4 86.2 89.9 92.6
56.3 54.8 53.8 53.4 52.9 52.4 52.6 52.8 52.4 51.8 51.7 51.7 51.5 51.4 51.3 52.8 52.1 51.8 51.9 52.6 52.5 52.4 52.5 52.9 53.2 53.1 52.8 53.5 53.4 53.8 54.1 54.1 55 55.9 56.5 56.6 56.8 55.6 54.3 53.5 53.6 54.7 55.8 56.7 57.3 58 58.7 59.3 59.7 60.2 60.4 60 58.9 60.2 59.5 59.6 60.2 60.1 60.4 60.7 61 60.9 60.6 60.1 60.1 59.7 60.1 60.9 61.3 61.3 61.9 62.4 63.3 64.6 66.1 67.4 69.1 71.9 75 78 82.1 87.9 91.5 94.3
55.7 54.8 53.6 53.2 53 52.2 52.8 52.6 52.2 52.3 52.1 52.5 52.6 52.1 51.9 51.9 52 51.8 51.8 52.2 52.3 52.2 52.4 52.6 52.9 52.8 52.9 52.8 53 53.7 53.7 54.6 55.7 56.8 57.5 57 56 54.5 53.8 53.7 53.8 55.4 56.5 57.2 57.8 58.1 58.4 58.8 59.4 59.5 59.3 59.6 59.3 60.4 60.3 60.5 60.8 61.3 61.2 61.4 61.9 61.8 61.8 61 60.8 60.8 60.5 60.8 61.3 61.9 62.4 62.9 63.6 64.9 66.4 68.3 70.1 73.3 76.6 79.4 85.1 90.1 93.3 95.3
55.3 55 53.5 53.9 53.9 53.3 52.8 52.4 52 52.3 52.4 52.1 52.4 52 51.6 51.4 51.8 51.9 52.3 52.3 52.1 52.1 52.4 52.5 52.6 52.8 52.9 52.7 52.6 53.2 53.7 54.8 56.2 57.1 57.4 56.3 54.9 53.3 54.1 53.5 55.4 56.6 56.8 57.3 57.3 57.1 57.4 57.4 57.9 58.2 58 58.3 58.8 60.3 61.2 62.3 61.9 62.4 61.9 62 62.3 62.6 62.3 62.1 61.3 61 61.2 61.3 61.6 62.3 63 63.4 64.1 65.1 66.6 68.6 71.4 74.7 77.3 81.9 86.5 91.8 93.2 93.2
55.4 55 54.3 54.1 53.8 53.4 52.9 52.3 51.7 52.1 52.3 52.1 52.2 52.1 52.1 52.1 51.9 51.8 52.1 52.2 52 52.2 52.4 52.5 52.4 52.4 52.5 52.2 52.5 53.1 53.6 54.2 55.1 56 56 54.9 53.6 53.6 53.4 54.8 56.4 57.1 56.8 56.3 56.2 56.2 56.4 56.5 56.1 56.9 57.6 58.2 58.3 60 62.2 63.7 63.6 63.5 63.4 63.6 64 64 63.7 63 61.7 61.7 62 62.7 62.4 62.8 63.4 63.9 64.7 65.4 67.3 70.3 73.3 76.2 78.9 82 85.8 88.5 89.4 89.6
54.6 54.4 53.9 53.6 53.4 53.3 51.9 52.1 51.5 51.9 52.2 52.1 52.2 51.9 51.6 51.9 52.5 52.5 52.2 52.1 52.3 52 52.3 52.3 52.3 52.1 52.1 52.1 52.4 52.8 52.8 53.6 54.3 54.2 54 53.5 52.9 53.4 53.6 53.7 54.7 55.4 55.2 55.4 55.2 55.1 55.4 55.7 56.1 56.8 57.4 58.4 59.1 61.1 63.6 65 65.8 65 64.9 65.5 65.5 65.3 64.6 63.5 62.8 62.5 63.1 63.9 63.9 63.5 63.9 64.6 65.4 65.9 68.8 70.8 74.4 77.3 79.9 80.8 82.6 85.3 85.4 85.9
54 53.7 53.6 53.2 54 52.2 52.1 52.2 52.3 51.9 52.2 52.3 52.1 51.7 51.7 52 51.5 52 51.7 51.1 51.5 51.9 52.2 52.2 52.2 52 52.1 52.2 53 52.8 52.2 52.3 52.6 52.6 53.4 53 53.5 53.5 53.6 53.7 53.9 54.3 54.3 54.5 54.5 54.3 54.9 55.5 56.3 56.9 57.2 58 60.1 61.7 64.3 66.1 67.2 67 67 66.8 66.6 66.4 64.8 63.6 62.9 63.5 63.6 64.3 64.8 65.2 65.2 65.7 65.7 66.4 69 72.4 75.2 77.6 79.2 80.3 81.4 81.8 81.4 88.2
54.3 53.6 52.9 53.3 52.5 51.7 51.4 52.9 52.6 51.9 52.4 52.2 51.8 51.9 52.1 52 51.7 51.7 51.8 51.4 51.3 52.1 52.1 52.2 52.2 52.1 52.4 52.2 52.3 52.3 52.2 52.3 52.3 52.6 53.1 53.3 54 54.1 54 54.1 54.3 54.2 54.2 54.4 54.7 54.7 55.2 55.4 56 56.4 56.4 58.8 61 62.8 65.6 67.4 68.4 68.8 69.6 69.3 68.7 67.7 66.1 64.4 64.4 63.3 64.1 64.7 65.4 66.2 67 67.5 67.7 66.8 68.4 69.4 72.9 75.8 77.2 77.8 77.6 79 84.7 92.6
54 53.1 53.5 53.5 52.9 52.8 53 53.5 52.8 52 51.8 52.4 51.8 52.1 52.2 52.1 52 52 51.9 51.6 51.4 51.7 52.1 52.2 52.3 52.6 52.7 52.6 52.4 52.1 52.3 52.3 52.5 53.5 54.1 54.6 55.6 55.4 55 54.8 54.9 54.8 54.7 54.8 55 55.4 56.8 56.1 55.9 56 58.4 60 61.8 64.3 66.4 68.5 70.1 70.9 71.8 71.8 71.5 70.5 68.3 66.6 64.6 64.5 64.7 65.2 66.1 67.2 67.9 68.3 68.6 70.1 72.9 72.1 71 72.1 73.3 74.5 76.6 81.7 90 98.6
53.1 54 53.2 53.9 52.9 53.2 53.2 53.1 52.6 52.2 52 52.2 52 52.2 52.5 52.7 52.7 52.6 52 51.6 51.3 51.4 51.8 52.3 52.5 52.8 52.7 52.9 52.7 52.7 52.3 52.5 53.5 54.7 54.9 55.6 55.8 55.7 55.4 55.7 55.8 55.6 55.4 56 55.9 56.9 56.7 56.5 56.1 57.1 59.2 61.5 63.4 64.7 66.8 69.3 70.9 72.6 73.4 74 73.7 72.6 70.9 69 67.2 65.9 66.1 66.6 67.7 68.4 69 70 71.2 73.7 75.8 77.1 77.1 75.1 72.8 74.5 77.3 83 93.9 103.5
54.7 54.2 54.1 53.7 53.9 53.8 53 53.3 53.2 53.4 52.6 52.9 52.5 52.7 53 53.3 53.5 52.8 52.2 51.5 51.3 51.4 51.8 52.1 52.6 53.1 53.3 53.1 52.7 52.3 52.3 53.5 54 54.6 55 55.4 55.7 55.7 55.8 56.3 56.8 56.6 56.1 56.5 57.3 57.9 58.6 58.2 56.5 59.2 60.5 62.9 65 66.7 68.4 70.3 72.2 73.9 75.1 75.9 75.6 74.7 73 71.1 69.3 67.9 68 68.2 69.6 70.1 70.8 71.9 73.6 75.7 78.1 79.7 79.6 77.5 74.1 78.2 84.9 87.5 96.7 107.6
55.2 54.9 54 54 53.3 53.8 53.2 53.4 53.2 53.3 53.1 53.5 53.4 53.3 53.6 53.9 53.6 52.9 52.1 51.5 51.3 51.6 51.5 51.8 52.4 53 53.1 52.8 52.7 52.3 52.1 52.8 53.7 54.3 54.7 54.9 55.1 54.9 55.2 56 56.6 56.5 56.7 57.1 58.5 59 59.5 59.5 59 60.6 61.8 64.1 66.6 68.3 70 71.9 73.9 75.8 76.9 77.6 77.9 77.5 75.4 72.5 69.6 69.2 70.5 71.8 74.2 75.7 75 73.3 75.8 77.7 79.7 80.7 81.5 79.5 76.6 82.1 93.5 97.2 103.2 109.3
57.2 56.2 55.8 54.8 54.6 53.4 52.9 52.9 53.2 53.3 53.5 53.7 53.4 53.5 53.6 53.7 53.3 52.7 51.8 51.6 51.1 51.2 51.5 51.7 52.3 52.8 53.1 52.7 52.9 52.3 51.7 52.4 53.1 53.3 53.7 53.9 54 53.7 54.4 55 55.5 55.8 56.2 57.5 59 60.2 60.8 61.1 62.4 64.6 65 65.3 67.7 70.4 72.5 74.4 76 77.7 78.6 79.2 79.8 79.8 77.6 74.4 72.1 71.9 73.2 76.2 79.7 80.6 78.2 76.7 78.3 79.8 82.3 84.5 85 80.2 80.4 85.7 97.6 106 108.1 108.8
58.9 57.2 56.1 55.6 54.6 53.3 53.7 53.1 54.2 54.2 53.5 53.3 53.6 53.1 53.2 53.4 52.9 52.3 51.7 51.3 51.2 51.1 51.1 51.3 52.3 53.4 53.2 52.5 52.4 52.4 52 52.3 52.7 52.7 52.8 53.1 53 52.8 53.3 53.8 54.6 55.3 56.9 57.8 59.1 61 62 63.2 65.8 68.5 69.3 68.8 69.8 72.3 74.9 77.6 79.3 79.6 80.4 80.9 81.5 81.6 79.4 75.6 75 75.2 76.9 81.8 84 86.4 84.4 80.1 83.5 85.3 89.3 91 89.4 82.4 85.5 91.6 103 109.3 109.9 107.4
59.7 58.2 56.9 55.9 55.2 54.2 53.5 53.3 54.7 54.4 54 54 53 52.6 52.8 53 52.3 52.2 51.6 51.8 51 51.1 51.6 51.8 52.4 52.7 52.5 52.2 52.1 52.3 51.8 52 52.1 52.1 52.1 52.1 52.1 52.1 52.6 53.6 54.3 55.3 57.3 58.3 59.8 61 63.3 65.8 68.2 70.4 71 71.1 72.2 74.3 77.8 80.1 81.1 81.5 82.5 82.6 83 83 81.4 79.1 78.4 80.1 81.7 87 91.8 92.3 89.2 87.9 95.4 96 98.8 97.3 90.8 87.2 90.5 100.2 110 112.8 111.5 107.9
59.7 58.8 57.6 56.6 55.6 55 54.5 54.9 54.5 54.5 54.4 53.5 53.2 52.4 52.6 52.1 51.7 52 51.3 51.3 51.8 51 51.1 51.5 52 52.3 52.1 51.9 51.8 51.8 51.5 51.5 51.6 51.6 51.5 51.7 51.8 51.8 52.1 53 54.1 55.5 57.2 58.7 60.8 62.3 64.2 67 69.5 71.3 72.6 73.3 74.6 77 78.8 80.9 82.2 82.7 83.6 83.5 83.7 83.7 83.2 81.3 81.7 83.2 87.1 92.9 97.9 98.3 97.9 97.7 105.8 105.9 106.1 103.8 96.6 95.1 99.3 109.1 114.9 115.2 113.2 109.3
60.1 59.2 58.2 57 56 55.4 55.2 54.8 54.6 54.2 54.1 53.3 52.9 52.4 52.1 52 51.7 51.6 51.2 51.1 51.2 51.3 51 51.3 51.8 51.7 51.5 51.8 51.9 51.5 51.3 51.1 51.1 50.6 50.9 51.1 51.3 51.7 52 52.9 53.7 55.1 57 59 60.9 62.8 65.3 67 69.1 71.1 71.9 72.7 75 77.4 79.1 81.2 82.3 82.8 83.1 83.1 83.2 83.2 83 82.7 83.5 85.8 90.3 95.6 101.7 101.6 102 104.9 110.8 112.1 113.2 110.8 106.9 107.5 110.4 113.7 117.9 116 113.1 109.4
59.6 59.1 58.1 57.3 56 55.4 55.5 55 54.8 54.5 53.9 53.2 52.6 52.3 51.9 51.9 51.5 51.4 51.4 51.1 51.3 50.9 51.3 51.1 50.9 51.5 51.3 51.7 51.7 51.4 51.3 51 50.9 50.8 50.9 50.9 51.1 51.4 51.9 52.6 53.4 54.9 56.5 58.9 60.8 62.6 65.3 66.7 68.2 70.3 70.6 71.6 75.2 77.4 79.1 81.2 81.4 81.8 81.9 81.6 81.7 81.8 81.5 82.3 84 85.4 89.7 96.4 100.9 101 101.9 105.7 111.2 114.5 116.8 115.3 115.7 116.5 119.1 119.2 118.2 115.9 112.7 109.2
58.5 58.7 58.1 57.3 56.7 56.4 55.9 55.2 55.4 54.6 53.9 53.7 53.3 52.6 52.4 51.9 51.8 51.4 51.3 51.2 51.6 51.2 51.4 51.2 50.9 51.4 51.4 51 51.2 51 51.1 51 50.9 50.8 50.8 50.8 50.7 50.9 51.4 52.2 53.5 55.2 56.4 58.5 60.4 62.1 63.9 65.3 66.9 68.7 69.9 72.4 74.8 77.1 79.1 80.6 80.8 80.9 80.4 79.9 79.8 79.8 80.1 81 82 84.9 87.9 93.4 97.5 98.7 99.1 103.3 108.2 113 115.1 115.8 117.2 119 119.5 118.4 115.9 114.9 112.1 108.4
57.6 57.9 57.6 56.8 56.4 56.2 56.3 56.3 55.9 55.3 54.7 54.2 54.1 53.8 52.9 52.3 51.8 51.5 51.5 51.2 51.2 51.4 51.3 51.1 51.4 51.4 50.9 51.6 51.3 51 51.1 51 50.9 50.8 50.8 50.8 50.4 50.3 50.8 52.1 53.4 54.9 56.6 58.2 59.7 61.2 62.2 63.5 64.4 66.2 68.6 71.1 73.9 76.7 78.8 80 80.2 79.8 78.7 78 77.8 77.6 78.4 78.8 80.4 82.4 85.2 89 92.9 91.8 92.2 99.1 104.9 109.3 111.2 112.8 113.6 115.9 116.3 114.9 113.9 112.7 109.9 106.1
