UK/data/nn/nn09_OST50GRID_20230518/NN09.asc
ncols 200
nrows 200
xllcorner 200000
yllcorner 790000
cellsize 50
[rows 35 to 69 of 200, columns 78 to 155 of 200]
185.5 186.7 187.3 186.5 186.5 187.6 187.5 186.2 186.9 187.7 190.1 189 190.6 193.2 196.2 202.1 206.4 205.9 202.2 204.4 209.6 210.2 209 211.7 214.6 217.6 217.4 215.6 215.4 215.7 215.2 213.6 208.8 201.9 194.4 188.1 181 177.6 175.7 169 163.9 158.6 151.5 146.7 145.1 145.9 146.1 145.1 145.1 145.7 145.1 149 153.1 159.4 165.2 172.5 181.1 187.1 193.9 196.3 203.6 209.8 218.5 212.6 206.1 205.2 201.7 198 195.4 190.4 186.3 180.5 181 181.7 185.5 193.7 199.2 198.7
176.3 176 178.2 177.8 176.9 178.6 178.8 177.4 178.5 179.6 180.9 181.7 182.5 184.7 186.6 188.3 193.6 194.4 192.2 193.9 195.8 197.4 198.4 198.7 201.4 203.5 204.8 205.9 204.6 210 205.8 200.3 197.6 191.9 185.9 177.4 171.7 168.6 166.2 161.4 156.6 149.7 144.9 144.6 145.8 146.2 144.9 145.3 145.1 145.1 151.9 155.7 161.9 169.7 177 184.8 193 199.7 202.3 202.4 205.2 206.9 209.5 208.7 203.4 200.1 199.6 196 192.4 189.3 188.3 188.4 188.8 190.3 196.8 199.8 206.9 212.5
168.8 168.2 168.7 169.1 168.5 169.4 169.8 169.8 170 171.4 171.4 173.6 175.2 176.9 178.4 178.5 179.1 180.4 179.1 182.7 184.8 184.8 185.8 186.3 187.5 190.1 192.1 193.7 191.4 195.2 192.1 190.5 190.8 186.2 178.3 169.2 163.5 158.6 155.1 153 148.5 144.3 144.3 145.9 144.9 144.9 144.3 145.1 149.1 153.2 160 166.5 174.3 180.8 187.2 194.5 201.4 207.2 209.5 208.1 208 208.6 207 205.2 202.5 200 197.6 194.4 192 189.3 192.2 193.3 194.9 199.8 202.7 204.6 212.1 218.4
162.3 162.2 162 162.4 162.2 163.2 163.3 162.4 162.4 164.4 165.2 168 168.7 168.3 167.3 171.3 169.3 170.2 171.6 170.3 173.7 171.3 172 173.7 176.1 175.7 178.3 180.6 178.5 178.6 181.1 184.9 184.8 177 167.4 161 155.4 150.4 150.4 144.3 144.3 144.3 146 145.8 145.2 144.3 145.8 149.7 155.3 165.7 172.7 181.6 186.1 190.4 198.4 204.2 209.6 214.1 217.3 214.5 216.1 213.7 210.8 210.2 206.8 205.5 201 196.2 194.4 195 198 198.3 203.4 211 212.2 212.1 215.4 217.9
158 158.9 158.2 158.3 157.8 158.5 158 158.3 157.7 158.7 160.1 161.4 161.4 162 162 163.3 163.4 162.7 162.9 163.7 164.8 164.1 163.5 164.5 164.2 164.4 166.7 166.6 165.3 166.8 168 168.2 166.6 162 157 151.5 146.8 144.3 144.3 144.3 144.3 145.8 145.8 145.6 144.9 147.1 153.3 159.2 165 172.6 180.8 188.6 197.2 205.4 213.3 217.8 215.9 220.5 221.8 219.2 218.8 217.6 215.6 213.1 211.2 207.6 204.6 202.1 198 198.5 201.5 204.1 205.3 215.9 215.1 214.5 219.7 225.8
156.9 155.8 155.4 154.4 152.6 153 154.3 154 153.2 154 155.3 154.4 155.2 156.2 156.3 157.1 157.1 157.7 157.5 156.8 157.2 156.3 155.8 156.6 156.4 156.6 157.1 156.7 157.5 157 157.7 155.3 152.1 151.3 150.1 145.7 144.7 144.4 144.3 145.1 146 144.9 145.4 147.5 149.4 156.3 162.2 170.4 177.5 185 193.5 198.7 210.8 215.3 221.1 230.3 232.4 229.4 227.4 224.9 223.9 222.2 221.1 218.6 213.7 210.3 212.1 212.5 205.9 208.1 212 213.1 213.9 215.4 220.4 221 224.5 228.6
154.5 153.7 153.2 151.5 150.2 149.6 149.2 148.8 147.5 149.1 150.1 150 150.4 151.9 152.8 152.7 153.4 153.5 153.2 151.2 150.7 150.3 149.8 149.3 150 148.9 148.7 149.4 149.8 149.6 149.1 146.6 145 145.1 145 144.6 143.8 145.5 144.9 144.9 144.1 146.8 149.3 151.3 156.3 166.2 174.7 181.3 187.7 196.5 206.7 212.3 222.9 226.8 232 235.3 234.3 234.3 233 229.9 232.1 229.7 224.9 222.2 219.9 216.8 217.7 214.8 213.5 215.1 221.1 220.5 222.2 226.2 225.1 224.7 227.5 232.7
153 151.1 151.4 150.3 147.1 147.7 147 145.9 146.1 145.9 144.6 147.3 146.7 148.4 149.7 150.2 148.9 149 148 147 146.4 145.8 144.6 144.3 144.4 144 144.6 145.9 145.2 146.1 145.7 145.1 145 144.3 145.4 145.4 145.1 144.2 144.1 144.3 145.7 147.7 153 158.8 167.7 176.7 186.6 196.4 203.2 209.1 213.4 219 226 231 237.6 242.3 242.7 239.4 241.4 237.6 233.3 233.6 232.2 229.8 225.5 223.3 223.9 223.5 221.7 222.3 232.6 229.9 229.3 232.9 234.3 234.8 236 240.7
150.1 150.2 150.2 148.6 148.1 147 146.1 146.5 147.2 146.8 146.2 144.8 145.2 146.7 146.6 147 147.1 146.4 145.9 145.3 144.7 144.2 144.6 143.8 145.2 145.3 144.7 144.8 143.9 144.1 143.9 144.8 144.7 145.3 145.8 146.1 145.8 145.2 146.1 148.1 153.1 155.4 161.1 165.3 178.2 187.3 197.1 205.9 212.5 221.8 229.2 229.8 231.2 240.8 242.7 247.7 250.4 251.9 249.1 248.3 244 238.7 237.8 235.4 235.6 233.5 230.1 229.7 230.5 229.4 234.9 234.3 235.8 237.1 241.9 241.3 242.4 249.3
152.6 149.9 148.3 147.4 149 147.1 147.8 147 147.2 146.6 146.3 146 146 145.2 145.5 144.9 146.3 145.4 145.2 145 144.7 144.8 143.5 145.4 145.5 145.1 144.8 144.7 144.8 144.5 144.1 144.9 144.9 145.2 146.1 146.9 148.2 150.5 153.7 156.9 159.2 166.7 173.1 180.5 188.1 198.7 207.7 215.8 222.6 228.1 239.4 242.3 242.4 249.8 253.7 258.8 258.6 262 259.8 255.3 251.6 247.9 246.4 241.8 239.6 235.5 233 234.2 235.3 239.8 238.2 242.3 243.8 244.7 247.9 249.7 248.5 249.2
151.6 150.2 148.9 148.7 147.7 148.3 148.1 147.7 147.2 146.5 147.5 146.1 145 145.4 145.6 144.2 145.2 145.3 145.1 145.3 145 145 145.4 145.8 146 145.3 144.8 144.7 145.2 145.6 145.8 145.6 146 147.1 151.4 155.9 155.5 160.6 161.3 166.6 170.4 177.7 186.2 194.1 203 211.7 218.1 225.8 232 238.8 245.8 249.1 255.1 258.6 262 263.9 267.3 268.1 262.4 256.6 254.5 252.6 250 244.4 242.1 236.2 236.1 238.6 245.3 247.4 251.7 249.5 249.6 253.2 253.5 254.6 253.4 251.5
151.9 151.1 150.8 149.7 149.2 148.5 148.3 148.1 148.9 147.4 147.5 147.1 146.5 145.4 144.8 144.7 144.7 144.5 144.1 144.4 144.1 145.6 146 147 147.8 146.9 150.3 151 150.4 151.4 150.2 149.5 153.7 154.8 158.3 161.8 162.4 171 175.5 178.3 183.1 193.2 201.4 206.4 215.8 219.2 230.4 235.8 243.7 245.8 253.2 258.4 260.8 268.6 272.6 278.5 276.1 272.1 265.5 265 256.6 249.7 246.9 244.1 239.8 239.9 240.6 245.7 250.2 255.4 259.9 255 252.9 257.1 253.9 258.6 255.8 255.5
152.9 151.2 150.6 150.2 150.9 150.4 150.1 149.7 150.7 150.7 149.6 148.3 148.3 147.1 147.2 146.8 147.1 147.1 146.9 146.1 146.5 147.5 148.6 152.7 152.6 152.8 157.2 156.7 158.1 157.6 157.1 157.8 161.8 161.4 163 170.9 176.8 179.7 186.2 190.4 197.1 205.8 213.3 222.9 226.6 230.8 237.2 244.5 249.3 253.6 259.6 266.9 271.2 274.1 277.1 280.2 279.9 273.2 267.2 261.8 257.5 250.6 247.4 245.2 241.1 244.9 245.4 251.3 255.2 258.5 262.3 260.2 262.9 265.5 258.7 262.2 261.5 258.2
152.6 151.7 151.7 151.7 152.2 151.8 153.2 154 153 152.6 150.6 150.8 150.4 148.7 149.2 150.8 153.2 156.2 156.5 153.3 154.6 154 158.6 157.8 162 160.8 164.4 166 165.6 166.6 165.7 167.2 167.7 169.6 173.2 178.3 191.1 188.6 198 204.6 207.9 214.4 223.5 232.4 235.2 240.8 245.1 253.2 254.2 258.5 264.3 272.1 277.1 276.3 277.5 275.4 271.4 267.8 263.6 260.5 255.9 253 250 245.8 242.1 248.2 251 257.2 260.8 263.4 263.5 267.5 272.3 270 267.2 265 265.4 263.9
154.5 153.4 154.1 156.3 155.3 155.2 155.5 154.6 155.9 154.5 154.3 154.4 156.9 156.7 155.7 155.6 162.6 166.2 167.8 159.7 164.1 160.7 162.3 164.8 170.4 169.8 172.1 172.9 175.3 173.6 173.6 176.4 176.6 178.2 182.3 186.5 201.7 198.8 209.5 214.9 218.8 225.2 233.9 237.3 245.3 250.3 254.4 258.7 258.1 264.8 267.9 275.3 282.8 278 278.3 273.4 271.1 266.1 265.7 263.1 258.1 255.6 254.1 248.2 243.9 251.1 255.4 259.4 262.1 266.8 268.3 272.8 273 274.9 273.1 269 268 269.3
158.5 157.3 158.9 158.1 159.7 158.2 160.2 159.7 159.8 159.5 159.8 162.1 162.6 160.9 164.1 167.2 170.2 173.2 180 167.8 170.6 169.6 170.5 170.7 176 177.1 179.4 178 179.3 175.7 179.9 184.2 180.9 183.4 187.5 203.1 207.1 211.2 219.5 224.5 226.6 236.4 239.1 243.5 250.9 257 259.2 259.5 262.1 267.6 270.2 274.5 276.8 279.8 283.4 281.9 274.1 272.2 269.8 264.6 262.1 257.9 256.1 248.9 249.7 256 256.1 261.7 264.5 268.7 271.7 274.6 275.8 274.4 273.1 272.7 272.9 270.9
160.4 159.2 161.7 161.8 164.5 163.3 166.3 168.7 167.5 166.6 168.2 168.5 167.5 170.4 174.7 173.3 175.9 178.4 180.4 179.3 174.9 176.1 182.3 179.1 181 182.4 187.2 182.6 183.7 183.1 184.3 188.8 188.6 192.3 200.9 214.4 215.2 221.7 231.4 231.9 237.5 243 247.6 251.1 258.6 262.7 266.8 264.8 266.3 267.4 272.4 276.3 279.9 283.8 289.6 291.1 286.4 278.7 273.9 268.6 264.9 260.7 250.8 258.6 260.4 261 263.2 265.2 267 269.7 273.3 274.4 278.2 287 283.7 283 279.1 276.5
166 165 166.1 167.5 169.2 171.6 171.3 174.1 175.2 174.6 174.5 175.9 174.8 178.2 179 179.4 180.3 182.2 181.5 181 179.4 179.7 181.1 183.3 185.3 186.9 186.9 186.8 189.5 189.7 191.2 193.1 200.4 203.4 209.6 224.1 227.6 231.8 244.4 242.3 249.9 256.4 257.4 264 266.2 268.1 268.1 271.3 273.2 273.7 276.6 278.8 281.4 284.2 287.5 287 285.3 282.4 278.2 274.7 268.4 258.5 263.7 268 270.2 265.7 274.2 275.9 274.6 275.2 275 279 281.3 285.2 285.4 289.9 288.9 284.6
172.2 172.8 173.2 175.7 177.8 176.7 177.2 179.5 180.8 182 182.4 180.9 181.7 181.6 183.8 183.6 186.8 187 184.5 185.7 183.3 184.1 184.3 184.2 185.5 187.8 189.9 191.3 194.2 192.4 198.6 202.9 207.9 209.6 220 236.6 237.3 243.6 251.1 251.8 258.5 269.3 266.6 269.8 273.3 276.8 277 276.7 282.5 281.8 282.1 281.8 283.9 288.8 289.4 288.6 287.4 285.1 284 277.9 269.5 263.4 264.8 270.6 279.9 275.4 277.6 280.6 284 280.8 281.8 284.4 288.3 291.1 292.2 298.2 299.2 291.5
175.2 177.2 184.7 183.8 180.7 183.9 185.5 186.8 191.2 186.9 190.5 188.6 188.1 186.8 190 189.4 189.5 186.9 187.4 188.2 186.4 187.7 189.9 189 189.7 193.2 193.6 194.9 196.8 201.2 207.7 212.3 214.3 219.5 228.4 240.7 250 251.8 260 266.2 270.3 274.4 276.8 278.4 280.4 284.4 286 285.6 287.4 286.3 287.8 285.2 286.4 287.7 293 290.2 288.2 285 280.7 277.6 272.5 266.6 265.9 270.7 275.4 279.8 280.5 284.9 290.6 291.1 286.6 289.8 292.4 296.9 299.4 301.9 305.4 303.3
182.8 182.6 185.4 186.2 188.9 191.3 192.8 193.2 194.8 194.8 193.9 194.8 195.7 194.9 195.2 195.1 191.2 195.8 191.8 192.9 192.6 189.5 193.5 192.8 193.4 197.3 200.4 201.9 206.4 212.3 217.4 220.2 225.1 233 242.1 251 257.7 260.7 266.8 274.9 279.4 288.8 288.1 288.5 289.6 292.3 294.4 292 296 298 293.2 290.5 288.4 287.2 286.5 285.6 284 281.9 279.2 277.8 275.7 268.3 275 274.5 278.8 282.8 283.2 290.5 295.4 297.6 296.9 294.8 295.7 300.5 302.5 302.6 302.8 302.4
189.5 188.8 189.6 194.3 196.8 199.3 200.3 200.3 201.9 200.6 200.8 202.9 202.7 203.7 201.1 199.4 198.6 197.4 195.9 195.8 195.1 190.8 199.4 200.1 200.2 205.1 209.5 210.9 216.4 221.2 223.6 230 237.2 237.5 255.1 259.2 267.7 274.9 282.2 285.9 291.9 294 296.3 296.3 298.2 299 295.6 295.5 299.2 301.8 300.5 295.1 291.8 291.2 288.4 288.8 287.4 283.5 282.2 277.9 275.4 275.5 281.8 288.3 283.9 287.5 293.7 292.4 293.4 302.7 301.9 297.8 300.4 301.4 303.9 304.1 302.4 302.1
196 197.1 199.1 202.2 205.4 206.3 207.6 206.3 207.6 213.2 214.6 211.2 213.7 206.5 210.4 207.4 203.2 202.8 201.1 197.9 195.1 200.7 200.1 202.1 208 212.4 216.5 221.6 225.7 229.3 235.1 240.1 244.6 248.8 259 271.5 278.1 286.9 290.8 295 297.3 303 304 302.9 302.9 300.7 300 298.1 298.3 307 303.9 301.3 298.7 294.4 294.4 294.5 289.2 287 281.3 278.7 274.5 278.9 287.3 299.2 288.8 292.4 299 297.3 295.7 296.7 301.8 300.9 305.6 304.9 304.5 304.4 302.3 301.4
202.2 206.5 207.1 208.4 213.6 216.3 211.5 210.8 212.2 212.4 218.9 217.1 217.7 214.1 217.3 214.5 211.9 207.9 204.4 200.3 206.4 206.2 208.2 209.8 215.6 222.8 223.1 228.6 232.5 239.3 243.5 251.3 256 262.1 269.2 278.1 287.9 295.4 302.1 304.1 308.9 310.3 312.5 313.6 312.4 311.8 306.2 305.7 302.8 305.1 305.9 304.6 303.6 299.4 296.9 294.8 290.7 288.9 288.5 284.5 279.9 282 290.7 300.7 293.4 296.3 300 301.5 300.8 300.2 301.6 303 306 306.7 307.1 304.4 302.8 304.4
212.5 215 216.5 215.2 220.9 220.6 219.3 218.9 216 216.9 219.6 220.2 221.3 221.9 223.5 219.1 215.8 212.2 204 204.7 207.6 212.7 214.3 217.8 222.6 231.4 232.3 236.4 240 246.1 251.1 261.4 268.9 275.5 283.2 287.9 295.6 305 310.1 312.8 315.9 320.5 325.2 325.7 323.2 318.5 321.2 316.5 315.8 310.1 310.8 309.8 306.7 301.2 297.4 292.9 293.5 294.8 291.7 287.5 281.2 286.7 293 296.2 295 298.2 302.2 304 304.3 307 310.4 307 305.7 308.3 309.7 307.4 303.8 304.4
221.4 223 224.8 225.9 224.8 228 226.9 225.6 221.9 225.8 223.8 223.4 224.5 223.2 224.8 219.1 218.1 213.9 207.7 208.7 210.9 216.5 223.1 227.6 231.9 237.4 241.3 247.6 252.1 256.2 264.6 270.7 280 287.1 290.9 299.8 308.2 313.3 320.6 324.1 329.9 332.1 335.8 334.8 335.7 336.9 335.6 329.2 320.1 318 314.5 309.8 306.1 300.7 300.4 301.4 298.3 294.8 291.5 289.5 285.6 291.9 297.1 301.3 300.8 305.1 306.6 306.1 307.4 311 320.2 319.6 315.1 315.1 313.2 312.9 312.5 309.2
232.2 233.1 237.7 233.5 232.7 234.1 231.9 230 227.2 229.2 229.9 226.1 228.1 224.9 227.2 225.3 221.6 216.1 215.4 217.2 220.8 223.5 230.2 237.3 244.9 247.8 251.2 261.6 265.9 272.4 278.2 281.9 288 297.7 303.3 313 320 329.6 334.7 336.7 343.7 345.1 343.2 350.7 352.8 348.1 342.7 331.3 324.3 318.9 310.1 306.3 304.3 300.4 300.5 301.4 299.2 295.2 289.1 289.8 289.4 295.4 298.7 300.8 303.6 307.6 309.5 311.9 313.3 317.7 321.2 327.2 321.7 316.2 316 315.1 314.9 313
246.6 245.2 247.3 248.4 243.3 242.6 240.2 236.2 232.7 232.7 232.2 232.5 231.3 226.7 230.3 226.4 224 226.8 224.4 227 227.9 235.1 238.7 251.1 256.6 255.9 267.4 274.2 280.8 289.2 294.5 299.4 305.9 311.6 325 328.9 336.1 341.9 344.1 349.6 354.9 355.6 360.1 365.4 363.9 356.5 354 347.7 340.9 321.7 314.3 306.7 302.6 301.8 302.2 300.5 300.6 292.5 288.7 287.7 292.2 297.3 299.7 300.6 301.5 307.2 312.4 315.7 319.9 320.2 325.2 328.9 327.5 322.4 316.9 316.5 316.2 314.7
256.9 261.8 268 264.5 262.4 255.9 248.4 241.6 238.5 236.6 236.7 235 233.8 233.2 231.6 231.8 227 230.2 233.6 236.3 239.8 246.2 253.3 259.4 261 268.1 279.9 286.7 292.2 301.4 313.5 316.8 320.5 328.6 339.5 344.8 345.3 351.9 352.9 359.2 362.8 368.1 372.5 372.9 368.6 360.7 358 348.3 331.9 318.3 310.4 307.7 305.3 301.8 302.1 299 295.1 292.5 291 289.8 296.2 300.5 302.7 302.5 301.9 307.7 311.1 315.4 320.2 321 324.1 326.6 326.5 322.6 320.8 321.3 319.1 320.3
266.9 274.1 277.1 271.7 267.8 257.7 257.1 246 243.3 241 238.7 237.2 236.2 234.6 234.8 235 232.9 237.7 244.2 246 255.5 261.2 265.9 269.7 277.5 283.5 291.8 299.8 305.5 313.4 323.2 335.4 337.2 343.6 350 354.7 357.7 363.8 364.2 371.2 374.7 381.5 383.3 380.5 369.6 361.9 344.6 333 327.6 320.6 313.9 306.2 302.4 301.5 300.3 295.9 293.3 292.7 293.6 292.8 297 302.5 305.5 310 306.5 306.7 315.2 317.5 320.5 322 323.1 328 329.3 331.7 329.7 326.8 326.9 325.1
280.7 288.2 287.4 281.8 275.3 262.7 257.5 250.7 248 243.8 243.6 240.4 238.4 238.9 239.5 238.8 244.7 251 254.1 261 271.2 272 275.9 281.2 289.2 294.3 299.7 311 319.4 326.5 335 347.1 350.2 356.3 362.6 365.9 372.2 375.7 375.6 383.4 392.2 392.8 389.7 380.9 372.9 362.9 340.4 333.4 332.5 325.7 313 309.2 301.3 300.6 299.1 295.1 292.6 293.9 295.9 298 299.4 309.3 310.9 312.4 313.9 315.7 313.2 319.4 320.9 322.6 326.7 327.9 333.9 339.5 332.2 334.4 333 332.6
291.2 300.2 297.1 292.3 281.5 268 257.2 252.2 249.7 247.6 244.3 245.3 241.8 242.5 245.2 248 263.4 258.9 265.6 274.6 280 284.8 291.1 295.2 299.6 306.5 316.9 320.8 328.4 340.8 352.3 359.5 369.6 370.8 380.2 381.2 381.3 382.3 389.4 397 402.2 402 403.7 389.8 379.2 360.2 348 340.6 335.1 328 311 305.6 301.3 299.1 297.6 296.7 296 295.4 298.4 301.4 306 306.8 313.3 315.7 317 317.9 320.2 319.6 323.3 323.1 326 332.1 337 340.3 337.2 337.3 339.3 339.2
303.3 310.8 305.2 297 281.4 266.2 260.4 255.5 253.4 250.1 248.7 249 249.8 249.4 252.2 258 266.5 270.6 279.8 286.4 290.5 296.6 306.1 306 311.7 323.1 330.8 334.5 343.2 353.8 362.8 371.9 376.6 384.7 391 392.2 394.3 396.9 399.5 405.3 412.2 411 412.1 400.1 386.6 371.1 360.6 342.4 330.7 320.5 311.6 302.7 300.4 299.1 299.7 297.5 296.2 296.3 301 306.4 309.6 310.1 313.4 316 318 320 323.5 322.9 327.7 328.8 331.8 335.8 339.2 340.8 338.5 341.8 346.3 347.4
310.9 315.1 310.8 294.4 279.1 268.6 260.8 260 256 255.7 254.1 253.4 256.6 259 263.3 269.1 277 283.1 290.2 298 307.6 311.1 317.1 322.4 325.4 339.1 347.1 351.2 361.2 366.9 372.5 376.3 389 395.3 401.8 404.5 408.6 409.3 411.9 412.3 417.6 418.5 409.6 398.3 381 371.2 355.1 335.5 321.9 312 306.6 305 300.8 300.5 300.4 298.3 299.3 298 305.9 309.3 314.2 314.5 311.8 312.7 318.6 320.3 323.7 330.8 327.7 332.8 337.8 336.5 339.1 342 342.6 345.5 352.3 352.1
316.9 315.2 309 294.9 278.6 269.1 263.1 260.8 258.6 258.3 260.9 260.3 262.9 270.1 277.9 283.2 287.9 294.5 303.6 311.2 321.8 331.7 334.5 336.4 341.6 350.2 357.2 363 368.5 377.9 388.6 390.4 397.7 406.8 412.5 416.3 417 416.3 418.2 412.2 413.2 414.7 401.3 383.5 364.7 348.1 337.4 325.3 315.9 309.9 309.8 306.2 301.5 301 301.1 299.4 300.7 303.4 309 311.4 315.6 320.4 316.8 315.1 317.6 322.1 322.7 327.2 333.6 338.6 338.9 338.8 341 341.1 344.1 348.4 351.7 354
