UK/data/ns/ns27_OST50GRID_20230518/NS27.asc
ncols 200
nrows 200
xllcorner 220000
yllcorner 670000
cellsize 50
[rows 72 to 107 of 200, columns 81 to 161 of 200]
77.5 75.1 76.4 77.6 79 83.7 88.6 104.9 108.9 101.7 98.2 95.3 89.4 80.7 72.8 70.9 70.9 70.9 70.9 70.9 75 79.8 82.2 84 85.5 87.4 93.6 102.6 103.5 98.2 95.2 100.9 117.5 124.4 121.9 118.8 119.6 119.9 119.3 117.4 113.1 106.6 101.1 95.6 89.3 86.2 88.8 87.1 79.2 74.2 69.2 60.8 52.1 45.5 40.2 37.3 36.7 37.1 36.5 35 31.6 29.8 27.4 26.5 22.6 21.3 19.1 17.1 14 13.5 11.8 9.1 8 5.9 4.7 4.5 4.4 5.2 5.2 4.9 4
81.8 79.4 80.1 83.5 86.4 94.8 109.3 111.3 110.3 106.9 101.4 94.6 85.6 76.8 70.9 70.9 70.9 70.9 71 75.8 82.8 86.2 87.7 94.9 101.6 104.3 107.4 106.5 102.1 98.4 93.9 97.1 109.1 119.2 118.5 119.9 122.6 119.7 121.3 118.5 113.6 108.3 100.6 94.8 87.9 85.1 88.3 90.1 90.5 80 71.7 67.1 63.6 62.6 53.1 42.6 37.3 34.7 33.7 32 30 27.5 26.7 24.1 22.7 20.5 14.8 12.8 11.9 12.6 9.1 8.4 5.7 5 5.7 4.1 5.4 6.1 5.9 4.1 4.9
82.4 80.4 80.9 87.1 92.2 104.9 113.9 112 108.5 105.9 100.8 96.8 88.3 79.2 71.9 70.9 70.9 71.1 74.2 80 87.2 89.9 94.8 115.7 121.4 115.7 112 107.8 102.3 96.9 93.7 92.9 101.5 116.8 117.3 123 120.9 118.8 118.3 114.5 110.3 103.9 99.4 92.6 84.4 82.5 86 89.3 90.1 86.9 81.3 72.2 63.3 60.8 54 47.8 40.9 35.9 31.3 30.2 29.1 26.5 24.3 22.6 19.6 17 15.4 15 11.7 11.2 10.4 9.2 8.1 9.2 8.3 7 5.5 4.7 4.7 5.7 4.5
81.8 80 82.8 90 96.5 107.3 114.9 111.4 108.3 105.3 101.1 96.3 87 78.3 73.3 70.9 70.9 72.9 78.8 85.8 89.7 94.3 102.4 126.3 130 124.6 115 107.4 101 96.6 92.3 92.8 99.6 113.6 120.6 122.5 122.4 118.2 115.5 110.7 104.7 99.7 93.8 88.9 82 79.2 83.4 84.9 84.9 82 77.4 73 69 62 53.2 47.2 41.5 35.3 32.5 27.8 27.4 24.9 22.9 21.4 17.9 14.9 20.3 16.1 17.2 14.6 11.6 9.6 8.3 7.8 9.3 8.2 5.6 5.1 5.3 5.5 5.1
82 81.4 85.1 92 99.7 106.2 112.3 109.1 107.5 104.4 101.9 99.8 92.2 83.7 76.3 72.9 72.3 77.3 85.7 89.9 93.9 100.8 115.8 130.1 129.5 124 119.6 112.1 101.4 93.7 87.6 89.7 97.1 109 117.8 118.8 119.2 116.3 111.5 106.5 100.8 93.9 90.5 85.2 80.2 76.1 79.3 80 78.8 76.4 72.2 68.2 63.8 58.1 53.1 49.9 44.7 37.2 25.3 26.6 24 22.5 22.6 18.9 14 21.4 21.3 20.8 19 16.8 13 10.5 10 9.3 7.8 8 9.3 9 6.3 5.4 5.8
83.2 82.3 85.9 92 98.2 103.5 106.1 106.7 104.5 102.6 102.2 100.9 96.7 91.1 86.1 79.2 82.5 85.6 86.8 91.3 98.2 107.1 123.7 130.4 127.8 128.2 121.7 113.9 100.5 91.1 86.7 86.7 93.5 110.5 114 114.2 113.9 112.5 108.1 102 98.9 92.5 86.1 81.3 76.3 73.8 75 72.4 68.5 67.2 63.5 59.4 55.3 50.9 47.4 45.3 42.7 35.9 29.1 25.4 24.4 21.9 21.2 21 16.7 21.5 22.8 22.6 20.9 19.1 15.9 13.9 12.9 10.9 10.6 10.4 10.1 9.7 9.3 8.4 7.9
82.7 79.2 84 90.1 97.1 100.8 105.7 109.2 105.8 102.2 100.1 98.6 96.1 92.6 89.7 87 90 90.7 89.2 93.5 101.3 112.6 126.3 127.3 132.4 127.3 123.1 116.7 105.5 90.8 84.3 84.9 91.7 106.8 109.7 109.6 107.3 102.9 102 96.8 93.1 90.2 84.7 78 71.7 71.3 68.9 63.8 59.2 56.5 55.1 52.4 49.3 46.1 44.9 39.5 28.3 28.1 28.8 27.2 29.8 29.6 26.7 23.2 22.1 21.2 12.5 22.5 22 21.4 21 19.6 18.1 16.5 12.8 11.7 16.1 10.5 13.4 10.7 9.3
86.3 77.4 80.8 87.1 94.9 98.7 104.5 105.9 105.9 103.5 99.8 97.2 96.3 92.1 91 89.9 95.8 99.5 96.7 101.5 105.1 114.5 123.9 128.8 129 126.5 123.2 115.8 109.5 96.3 85.1 83.7 87.2 100.5 103.4 102.1 101.7 99.3 95.8 91.2 90.4 88.9 80.4 74.1 69.4 61.7 60.5 56.3 52.5 49.9 47.8 46.6 41.8 32.7 32 31.2 33.7 35.2 33.4 32.6 31.8 31 29 27.2 25.2 25.6 23.4 22.3 23.3 26.6 25.2 24.9 23.5 28.6 32 31.9 29.8 24.3 27.8 27.3 24.7
84.3 76.3 76.4 83.6 91.6 99 99.7 100.4 100.8 97.2 89.7 91.3 93.1 92.1 90.4 91.6 96.5 102.9 104.3 104.5 106.9 116.6 122.3 126.9 125.4 123.1 120.9 117.6 114.3 103.9 88.4 83.7 82.8 95.5 96.9 96.3 92.7 92.1 91.2 89.1 89.4 85.2 75.7 64.9 60.1 57.8 55.4 52.4 50.1 47.9 42.3 40 32.9 33.7 34.2 36 38.5 39.6 41.1 36.6 34.5 33.7 32.2 30.4 27.4 24.9 24.5 25 26.4 28 28.8 30.5 31.8 34.5 35.8 35 35.9 31.6 30.5 29.8 28.3
83.1 76.4 73.9 82.4 89.5 96.2 95.9 96.1 92 87.9 87.5 88.7 91.4 91.1 90.5 92.3 95.6 99.4 104.7 105.8 107.6 114.9 117.7 119.5 119.8 118.8 120.5 117.8 113.6 106 99.8 86.9 82.1 85 85.1 90.1 89.8 88 88.7 85.7 81.9 74.7 66.8 60.3 55.1 55.5 51.9 50.7 47.2 38.9 37.7 34.3 34.1 35 41 43.2 43 46.2 46.9 43 44.1 39.1 36.1 32.6 30.7 28.5 26 26.2 28.4 30.3 33.7 35.5 39.4 38.4 38.3 38 37.4 34.2 31.7 30.3 28.1
80.7 75.6 73.2 80.5 83.9 88.5 88.4 88.2 83.1 83.2 85.6 86.5 91 88.6 87.8 90.9 94.2 98 103.1 105 108.1 111.8 113.4 116.5 115.6 116.2 118.6 112.8 110.7 106.7 100.7 92.5 85.5 84.6 85 84.6 83.5 83 86.2 82.5 74 67.9 60 54.2 51 44.7 41.2 37.4 35.2 37 36.9 34 35.4 43.3 49.4 50.2 46.9 47.6 49.1 47.7 45.6 43.6 41.3 38.4 34.9 30.2 28.7 29.8 31.7 32.9 36.5 39.4 44.4 43.7 42 39.5 38.6 37 33.9 31.3 29.3
76.1 75.7 73.2 77.3 80.5 83.9 84.2 83.1 80 80.6 82.4 83 86.4 88 87.7 88.9 92.1 94.7 97.8 102.2 104 106.7 109.4 112.3 110.8 112.9 113 108.8 107.2 106 101.3 96.9 88.2 82.1 79 82.1 78.9 79 80.9 73 67.5 62.6 50.2 42.4 42 44.9 42.8 42.1 41.3 44.2 40.1 36.1 43.7 49.6 53.4 51.5 51.5 51.5 51.5 52.6 50.7 49.8 52.4 48.2 46.7 44.2 38.6 33.8 34.6 35.9 37.6 40.9 46.5 51.9 47.7 42.8 41 39.6 35.3 32.4 29.7
75.4 73.5 70.8 67.8 75.1 75.8 79.9 79.8 76.2 72.9 77.7 82.6 84.6 83.8 82.1 82 84.7 87.2 91.7 96.3 100 103.1 103.8 105.5 105.7 105.1 104.8 103.7 100.4 100.2 98.9 96.5 90.5 83.5 74.4 78.8 74.7 74.6 70.4 64.5 57.9 45 50.2 53.2 56.8 54.1 49.4 47.6 46 44.8 47 47.4 47.4 50.2 51.5 51.5 51.5 51.5 54.6 57.4 57.2 60.1 61.6 63.2 61.5 55.6 51.9 50.5 41.7 43.4 42.4 42.3 45.2 50.3 51.1 50.2 44.6 41.7 36.4 34.3 30.9
72.6 67.2 66.3 61.1 65.5 69.1 70.2 71.2 71.6 73.2 78.1 79 77.8 78.4 75.5 73.6 79.5 85 89.4 94 96.1 95.3 99.5 101 102.8 101.1 100.7 97.7 98.2 95.2 93.9 90.4 88.2 84.6 73 67.4 66.8 66.7 65.3 57.7 50 45.9 55.3 56.4 58.6 58.3 55.3 57.1 49 47.4 47.4 47.4 48.5 52.3 51.5 51.5 51.5 51.5 58.6 61.3 66 66.1 65.4 69.7 70 64.9 59.3 57.7 56 51.5 48 47.2 49.3 52.7 52.2 51.6 47.8 41.3 36.4 30.6 29.9
67.5 62.2 60 55.9 57.8 59.6 64.1 64.4 69.4 72.3 75.7 76.8 73.5 69.1 65.5 67.1 74.8 80.3 85.7 86.7 87.7 87.2 86.1 87.5 93.6 96 93.2 93 91.8 91.2 88.8 88.7 85.6 82.7 75.8 72 63.8 61.2 60.9 53.8 50.9 48.4 51.4 59.1 60.3 61.8 62.1 62.6 60.1 53.2 49.1 48.8 53.5 52.7 54.3 51.5 59.4 61 61.8 68.3 73 70.3 75.7 75.6 75.2 71.3 67.4 62.1 56.6 54.6 52.5 53.5 55.1 56.4 56.9 55 47.6 41.3 35.6 30.3 27
64.7 59.4 55.7 55.5 54.7 53.3 56.6 61.8 64.2 69.9 71.5 70.1 66.8 63.5 60.3 64.1 70.4 74.5 77.6 79.1 77.4 75.7 75.1 78.6 85.7 85 84.3 88.8 85 83.2 83.5 82.7 81.9 80.7 76.7 71 62 58.4 56.2 54.6 53 49.1 52.4 60.2 61.2 62.4 62.1 61.9 58 54.7 51.2 51.4 52 53.9 55.6 58.5 62.1 64 66.4 73 74.9 77.8 77.9 77.3 76.3 73.1 68.4 64.1 57.9 54.8 54.2 54.3 54.7 57.4 55 53.2 46.4 40.5 33.5 32.1 27.1
62.3 57.8 55.6 55.8 55.6 53.9 51.9 54.6 60.4 62.5 62.3 60.5 58.3 57.6 58.1 61 69 69.8 71.2 71.1 68.3 67.2 67.6 71.7 74.6 77.7 79.8 78.9 76.1 76.5 77.1 78.6 76.8 76.2 73.7 70.5 64.2 57.7 54 54 51.5 51.4 54.3 55.6 60.4 62.9 61.8 61.7 57.6 54.3 52 51 52.7 53.9 55.1 58.7 64.9 68.9 75.8 77.4 75 74.7 76.7 77.8 74.1 71.5 69.1 64.2 60.8 57.7 54.7 48.5 38.7 51.2 47.6 47.4 45.6 40.2 31.7 31.6 31.9
65.8 60.4 56.8 55.5 54.7 51.6 51.4 53.6 51.7 53 55.3 56.3 55.7 55.4 56.9 59.7 62.4 63.9 63.6 65.1 66.9 66 67 66.8 68.2 69.4 70.4 71.6 72.8 71.4 70.5 72.1 73.3 72.8 69.8 66.1 63.3 56.5 53.1 52.8 52.5 52.6 52.3 53.3 55.8 59.7 61.1 59.4 56.4 53.4 52.3 53 55 56.3 56.1 64.9 73.5 79 80.2 78 76.2 76.3 76.6 77 73.2 70.5 68.9 66.5 63.7 61.3 57.5 55 51.8 46.7 36.1 38.9 40.3 34.6 33.4 33.4 32.6
78.4 64.4 58.5 56 52.6 51.1 51.3 51.1 50.8 52.7 53 53.1 52.7 55.1 56 56.1 57.8 63 64.7 66.5 64.3 66.8 69.7 72.8 73.4 70.5 67.6 66.2 71.5 70.8 70.8 70 71 69.8 65.6 62.2 57.3 55.1 54.2 53.4 53.4 53.8 53.7 53.1 53.9 56.5 56.9 56.3 54.9 56.7 56.8 56.7 55.8 56.3 67.1 73.5 75.8 78.4 81.7 82.1 76.7 78.1 76.7 73.8 73.4 73.4 70 67.6 66.1 62.4 61.9 57.1 55.2 53.5 51 49.5 46.6 46.2 46.1 42.2 39.9
83.8 77.9 72.4 64 54.9 50.4 51.4 51 50.9 53.1 53.6 53.2 53.2 56.3 55.6 64.9 79.7 76.6 72.2 69.9 73 77 77.9 76.7 76.8 76.2 75.2 74.2 72.8 71.6 68 70.4 70.2 67.9 68.3 61.2 58.6 56.4 56.1 54 54.7 54.1 55.8 55.6 54.7 55.6 57.7 58.5 58.7 57.1 57.2 56.7 62.3 74 77.5 84.8 86.5 85.6 85.8 85.2 85 82 80.5 81.5 81.2 78.9 72.1 72.8 73.2 73.8 66.6 66.6 65.7 56.3 54.4 52.7 53.7 49.9 48.2 47.1 43.4
82.2 75.6 69.4 65 59.5 52 49.7 51.4 52.7 52 52.2 54.2 54.3 61.2 73.6 82.1 82.8 80.6 76.7 78.9 81.6 81.8 79.1 78.5 77.9 77.7 77.3 76.8 75.6 74.8 73.1 73 72.5 69.1 71 67.8 65.2 61.4 60.9 57.5 55.2 56.1 57.2 55.9 57.4 58 60.6 63.1 64 58.1 64.1 72.9 77.3 79.4 83.5 88.4 89.9 89 88.6 88.4 88.6 86 83.9 84.6 82.5 83.4 84.3 83.2 81 79.2 76.7 73.4 67.5 66.6 64.5 63.4 62.3 59.6 57.4 54 51.6
78.2 74.4 65 60.1 55.7 50.8 49.5 50.4 51.1 52.2 51.5 53.3 59.9 77.7 87.5 85.9 85.3 83.8 83.1 81.2 81.9 82.5 80.9 82.2 83.9 81.9 77.9 79.2 81.9 77.1 75.4 75.4 75.5 74.5 74.8 72.1 71.7 69.5 67.8 65.1 64.4 61.1 57.8 58.2 60.2 63.1 66.7 68 70.4 73.7 80.6 86.5 87.5 89.3 86.4 88 91 93.2 91.5 91.6 89.8 88.6 87.5 91.1 92.1 95.4 92.7 87.5 85.6 85 84.6 73.7 69 68.5 69.8 69.8 68.2 64.8 62.7 62.1 58.1
72.4 66.9 62.8 58.5 54.5 52.6 48.4 50.4 50 50.6 52.3 58.1 68.5 80.3 85.8 86.4 86.8 85.9 82.8 82.4 83.3 84.4 89.8 90 90 87.8 80.5 78.5 79.2 78.7 78.4 79.7 79.1 81.3 84.3 81.3 83.5 83.4 81.8 77.7 71.8 70.8 67.1 65.9 67.5 70.1 71.6 75.6 81.4 88.1 97.1 97.9 97.3 96.4 93.5 89.6 92.9 95.4 95.3 97.7 99.1 99.7 100.2 99.3 107.7 111.3 109.4 105.1 97.2 91.4 86.8 82.1 79.8 78.3 79.1 79.1 80 77 74.9 67.4 62
62.8 58.2 54 54.5 54.1 50.1 48.7 49.7 49.9 51.3 61.5 71.6 73.5 78.7 84.2 86.8 91.7 92.9 90.6 88.9 86.5 90.8 90.6 90.3 90.1 88.7 86 79.5 83.7 85.7 86.7 86.3 85.7 90.5 91.2 92.9 93.7 89.4 89.5 88.7 84.3 79.9 70.5 69.2 73.4 80 80.9 85.5 95.3 105.4 108.3 106.4 104.5 103.2 98.3 95.9 96.3 100 98.5 102.9 102.1 108.3 116.6 114.9 122.2 124 124.8 121.3 113 105.7 97.6 94.9 91.5 90.6 91.1 90 86.5 84.1 85 78.7 72.1
53.6 49 48.5 53.8 53.1 48.8 48.8 50 52.2 58.8 67.1 74.4 79.3 83.3 84.2 89.1 93.2 99.1 107.3 105.3 108.3 104.3 96.4 91.3 90.2 90.1 86.3 86.9 86.5 94.1 98.5 98.2 95.5 103.4 102.7 100.8 99.6 97.6 99.1 98.2 94.7 88.3 85.2 81.3 81.7 87.9 91.3 102.7 112.9 115.6 114.8 115.3 112.6 108.8 103.5 105.2 105.4 104 103.8 105.2 114.3 121.6 126.1 126.1 130.1 135.3 135.3 132.1 127.2 117 107.8 103.5 99.5 97.4 100.9 99.9 98.8 98.9 94.8 89.1 81.9
45.7 44.4 45.1 48.5 47.1 48.3 49 56.2 58.1 62.2 72.7 77.2 84.3 88.8 91.3 102.4 110.7 120.8 125.5 122.6 123.9 122.9 118.7 116.1 116.7 109.2 103.6 100.4 102.9 106.8 109.9 109.4 109 115.3 114.7 111.4 108.5 106.6 107 107 104 95.2 88.8 89.8 89.3 94 106.4 115.7 122.2 121.4 121.9 121.2 119 113 109.4 108.4 109.3 108.5 110.7 118.9 123.5 131.9 133.6 136.6 134.7 140.5 144.5 144.1 135.7 123.6 123.9 114.3 109.6 108.2 106 109.7 111.1 109.4 106.8 99 90.8
42.8 44.4 44.1 46 49.3 49.4 58.1 62.4 66.6 75.7 80.4 82.4 86.7 94.4 102.3 116.2 124.6 134 136.6 135.9 136.2 136.8 134.8 131.1 128.3 122.9 119.9 117.6 119.2 121.3 122.9 125.4 125.4 127.1 125.3 122.5 119.6 117.7 116.1 114.7 106.7 99.4 80.5 96.2 97.5 104.5 117.1 123.5 127.4 129.8 129.9 126.4 123.2 118.1 112.6 110.6 110.5 115.6 122.8 128.3 132.9 136 138.6 141.8 140.4 144.3 147.6 147.5 135.4 142.6 141.5 133.4 129.5 126.2 118.5 114.8 113.6 110.9 108 101.3 97.6
44.3 44.5 46.8 50.3 54.2 57.3 61.2 69.8 78.7 81.7 85.9 89.1 99.8 110.6 115.8 126.4 139.9 144.4 146.5 144 145.2 147.5 144.9 142.9 140.2 136.5 135.3 135 136 137.7 137.9 136.5 134.8 137.2 134.8 132.3 129.1 127.6 123.6 119.2 111.6 102.6 92.2 104.4 107.4 107.1 122.6 129.5 131.7 134.6 133.2 133.1 133 130.4 123.7 117 119.1 125.2 130.3 135.3 139.4 141.4 144.7 146.9 148.4 150.6 150.3 151.5 152.3 153.1 153.6 150.4 150.5 145.5 144.8 133.5 125.1 118.8 111.2 103.9 97.3
44.2 46 47.7 52 56.9 59.6 69.2 79 85.6 93.7 95.4 107.6 121.5 125 127.1 135.6 143.8 148.9 151.3 152.8 152.6 154.4 153.8 157.9 156.2 154.6 153.6 151.8 152.6 154.5 151.8 148.4 149.1 148.3 144.7 141.1 138.3 134.6 130.7 121.9 112.9 98.1 97.3 108.8 117.2 120 122.8 129.5 133.1 136.5 136.3 136.4 135.6 132.7 128.2 129.3 134.6 138 143.9 144.9 147.2 151.8 152.5 151.9 153.3 156.1 158.1 154.6 159.7 159.8 158.3 158.6 163.1 162.6 164.2 151.2 146.2 138.5 127.7 116.5 108.2
44.7 49.4 53.1 55.1 61.4 69.4 80.5 91.5 100.6 104.3 115.8 129.6 135.2 138.6 140 142.4 148.6 153.3 154.5 157.6 160.6 162 163 166.3 167.3 168 167.2 164.9 168 169.5 166.1 161.2 159.6 159.5 154 150.5 145.9 141.7 137.5 130.9 122.4 109.7 115.6 117.8 126.6 129.8 132.5 135.5 135 136.1 139.3 142.2 144 143.2 143 143.2 144.4 147.7 152.1 151 154.1 159.3 160.6 158 158.2 160.5 159.5 161.4 164.4 162.8 162.8 164.7 170.5 173 169.9 164.4 161.2 159.1 151.8 137.1 125.6
48.5 52.6 55.6 55.6 73.1 81.1 91 103.6 107.5 119.7 130.1 137.3 143.3 146.8 148.1 150.6 153.7 157.8 159.5 164.4 166.7 169.8 169.2 168.8 172.5 174.9 174.9 175.9 177.7 180.5 175.5 170.8 168.7 166.6 164 161 158.8 150.3 152.6 150.3 141.3 126.2 120.1 137.8 139.3 144.8 148.6 151 151.3 149 148.8 148.3 151.7 150.1 153.5 157.7 161.2 159.9 159.8 164.7 168.9 168.4 166.6 165.1 163.5 163.1 162.9 166.8 167 165.2 163.7 166.4 172.4 172.8 169.3 170.2 168.6 167.5 165.1 153 145.4
52.9 58.2 58 62.7 79.4 87.8 101.1 108.7 118.2 126.9 133.7 146.5 158.2 162.7 162.4 159.3 159.5 165.6 166.2 168.7 172.4 172.5 175.3 175.6 175.7 180.9 180.3 182.8 186.2 187 182.1 177 175.4 173.1 170.8 169.5 166.3 160.4 160.7 154.7 134.7 137.3 155.1 160.5 152.8 165.9 166.9 167.9 166.1 163.9 160.7 158.5 160.4 159.8 165.5 169.5 173 172.1 172.3 171.1 173.1 173.3 172.9 172 169.2 167.7 166.2 170.4 169.7 167.6 166 166.9 166.5 167.3 168 168.8 174 171.3 167.7 162.3 154.7
59.7 61.9 67.5 72.3 87.2 95.2 104.8 116.3 132.6 139.4 149 158.5 167.6 170.4 169.5 168 169 168.7 170.9 174.3 174.8 176.1 178 180 179.1 182.5 185.5 189.6 190.1 190.2 186.6 181.9 177.4 177.6 177 174.9 170.3 165.7 162.1 145.7 149.7 158.5 168.6 169.8 166.3 173.4 175.1 175 173.9 172.6 168.7 168.3 175.2 177.4 181.1 183.4 186.4 186.9 180.8 184.8 185.7 183 179.7 174.8 170.7 168.3 169.6 169.2 166.8 164.6 161.7 159.4 163.5 161.8 162.9 163.6 164.4 166.8 165.4 163.8 157.8
62.8 69.5 77.4 85.5 88.7 102.9 113.9 115.4 135.9 151 157.9 165.3 172 172.8 172.9 174.9 173.4 174.3 175.3 178.1 179.6 180.8 184.4 184.8 186 184 187.3 192.6 192.4 191.5 191.2 186 181.1 180.1 181.9 179.8 171.7 164.1 160.2 157.8 159.5 168.5 174.5 176.4 174.6 178.2 182.4 181.4 179.9 178.7 171.9 180.5 187 189.3 193.4 198.7 203 203.9 201.1 199.3 197.3 194 189.5 184.7 180.8 174.1 169.7 168.6 165.8 162.4 158.9 157.4 155.8 156.5 156.8 155.5 154.3 158.5 159.6 159.7 155.6
67.3 79 91.9 107.6 111.7 114.8 129.1 137.3 134.8 148.9 160.4 163.7 166.2 169.7 171 175.4 175.3 176.4 177.9 181.6 187 186.1 188 188.1 190.4 189.2 191 193.6 192.2 192.8 191.9 188.1 185.1 183.9 182.9 179.4 173.4 172.2 167.7 161.8 168.5 171.6 179 180.9 179.8 184.8 184.4 184.1 183.2 184.9 179.6 188.4 198.4 202.5 203.8 210.6 214.8 215.6 213.4 212.5 208.2 203.3 200.9 198.6 190.8 178.7 172 166.4 162.7 158.3 155.6 154 153.8 153.8 153.8 153.8 151.9 150.2 147.9 145.7 143.9
86 102.3 116.8 132.1 135.1 131.3 135.4 144.5 152 158.4 159.5 162.7 165.3 166 168.5 172.7 174.2 178 181.2 183.6 186.7 187.5 195.3 193.7 192.6 192.4 194.7 194.3 193.4 195 193.5 190.3 188.2 187 187.1 181.6 180.1 178.5 175.8 168.3 171.4 175.9 182.1 183.2 180.8 185.2 185.2 185.8 184.8 184.8 186.7 197.9 206.1 206.6 212.5 221.9 225.6 222.6 222.2 221.1 216.3 211 206.3 203.8 194.6 183.7 174.4 170.2 164.1 157.6 153.8 153.8 154.7 153.8 153.8 153.8 148.5 142.9 144.5 144 141.9
