WholeMapElevations/data/nb/nb00_OST50GRID_20230518/NB00.asc
ncols 200
nrows 200
xllcorner 100000
yllcorner 900000
cellsize 50
[rows 37 to 73 of 200, columns 85 to 169 of 200]
-2.1 -2.1 -2.1 -2.1 -2.1 1.8 5.2 5.7 17.2 25 33.8 40 51 66 75 81 89.7 97 105.5 103.5 103.3 87.8 69.2 54.4 45 38 35.3 38.2 37.2 31 32.8 50.3 57.4 62.6 66.4 65 60.7 48.1 40.9 40.9 40.9 40.9 40.9 52.7 85.1 90.9 100.4 106.9 109.4 108.7 111.6 117 128 140 163.6 177.4 195.1 217.7 243.3 267.6 295.3 327.2 353.2 376.9 392.6 406.6 411.4 418.2 424.4 431.9 442.7 457.2 467 471.5 476.2 476.3 469.2 455.8 441 426.7 409.8 400.9 389 375.8 358.8
-2.1 -2.1 -2.1 -2.1 -2.1 6 -2.1 -2.1 9.3 21 29.6 40.7 49.1 61.1 70.6 80 78.1 85.1 96.7 95.8 91.9 79.2 56.2 42.7 31.6 30.9 30.1 32.7 33.5 30 27.3 42.6 50.7 55.9 65.3 68.5 69 57.4 45.9 40.9 40.9 40.9 40.9 48.2 70.2 89.9 95.6 96.7 101.4 98.6 104.2 107.5 126.3 155.5 171.7 183.3 199.2 221.8 243.3 267.2 298.1 323.4 349.8 373.8 390.6 399 404.1 407.7 411.7 418 428.9 437.2 452.9 459.7 463.8 467.2 462.3 454.5 438.1 423.7 409.5 396.8 387.2 371.5 350.3
-2.1 -2.1 -2.1 -2.1 -2.1 -2.1 -2.1 -2.1 9 16.3 28.1 38.3 45.4 59.3 71.2 72.2 74.5 79.1 85.9 87.4 79.4 65.2 45.8 30.8 22.8 22.8 27.3 30.1 29.7 29 25.9 36.3 43.4 54.3 66.8 70.6 70.4 68.8 58.9 47 40.9 40.9 45.1 47 64.7 80.2 85.2 86.1 88.2 93.1 99 109.2 131 149.9 166.6 182.5 201.6 222.4 244.3 269.2 292.5 318.5 345.8 369.3 389.6 394.6 395.8 397.2 399.4 406.7 417.4 427.6 443.6 448.5 453.1 454.8 454.2 451.3 439.7 422.6 405 391.4 376.4 362.8 337.7
-2.1 -2.1 -2.1 -2.1 -2.1 -2.1 -2.1 -2.1 -2.1 10.6 24.4 31.5 41.3 49.3 60.8 59.9 69.2 76.2 80 76.5 70.2 48.6 34.8 25.1 22.8 22.8 22.8 29.3 28.1 28.6 27.6 29.9 39.9 55 71.9 65.2 66.1 68.4 65.9 55.5 47.3 49.6 48.8 51.1 51.1 69.6 79 77 84.8 89.8 94.8 116 130.4 149.1 168.9 181.2 201.8 222 243 266.6 289.1 314.3 340.4 365.7 385.3 387.1 386.2 385.6 389.5 394.8 404.7 415.8 429.2 436.6 441.3 443.7 442.7 442.6 435.2 423.7 408.1 385.2 368.4 345.3 323.8
-2.1 -2.1 -2.1 -2.1 -2.1 -2.1 -2.1 -2.1 -2.1 5.1 10.1 21.7 31.5 34.7 40.5 53.3 60.5 70.1 74 71.3 51 30.8 26.2 22.8 22.8 22.8 22.8 30.2 25.6 25.6 26.2 26.8 37.3 50.8 56.2 62.4 65.4 73 71.4 62.9 57.4 57.2 56.9 56.2 57.1 54.1 66.6 73.5 81.8 81.6 91.8 115.8 131.3 149.3 162.2 182.1 199.3 218.5 237.8 260.4 285.9 312.8 335.9 359.6 374.9 377.2 374.9 373.2 373.9 380.6 390.3 401.1 413.4 417 425.8 429.4 428.4 428.9 423.7 412.3 400.9 385.4 358 341.9 314.7
-2.1 -2.1 -2.1 -2.1 -2.1 -2.1 -2.1 -2.1 -2.1 -2.1 -2.1 5.9 16.3 24.9 28.6 37.1 48.3 59.2 63.7 56.7 37.5 22.8 22.8 22.8 22.8 22.8 22.8 24.8 25.6 25.6 25.6 25.6 32.7 43.5 50.6 62.3 67.8 75.2 73 69.7 69 62.8 66.4 61.4 59.7 58.9 59.3 66 75.6 79.9 94 113.5 133.7 144.7 158.5 173.7 196.7 216 233.2 254.3 277.9 305 328.3 350.7 360.6 365.5 362.3 360.2 361.3 364.2 374.1 383.7 393.4 397 407.1 412.9 412.6 411.5 407.5 400 388.5 376.4 358.4 331 306.5
-2.1 0.4 9.3 -2.1 -2.1 -2.1 -2.1 -2.1 -2.1 4.8 8.7 8 3.5 5.2 7.6 19.1 33.4 42.1 48.7 43.7 30.3 23.8 28.8 28.5 22.8 26.4 24.5 29.4 33.3 25.6 25.6 25.6 27.4 50.2 50.5 66.1 71.1 78.7 79.5 73.7 72.3 68.4 67.5 67.4 66.4 59.2 59.5 61.6 65.4 76.6 92.6 107.1 125.6 142 153.8 172.2 193.3 211.3 228.2 246.8 269.4 296 318.6 337.6 347.1 350 348.2 345.8 346.6 346.6 353.3 358.8 373 376 382.7 390.7 393.7 391.6 392.7 384.8 376.6 362.4 348 323.4 298.2
5.7 3 12.2 14.7 -2.1 -2.1 -2.1 -2.1 -2.1 2.7 11.1 11.4 -2.1 -2.1 6.5 19.7 26.1 26.8 31.5 28.1 21.7 27.5 36.1 41.3 35.9 36.2 34.2 36.2 32.9 34.7 33.2 25.6 27.4 44.9 51.4 65.1 71.6 77.8 81.2 80.3 74.9 76.8 69.8 73.5 72.6 63.3 59.6 60.8 62.1 77.2 85.6 99.9 118.8 136.6 149.2 166.4 185.2 202.5 220.7 241.3 261.5 287.6 307.6 324.7 334.2 334.5 333.9 332.7 328.8 331.2 335.4 339.4 350.5 357.8 357.5 364.8 375.5 372.5 371 366.2 359.8 346.4 333.7 306.8 286.6
11 7.6 13.9 23.6 14.3 -2.1 -2.1 -2.1 -2.1 -2.1 12.3 -2.1 -2.1 -2.1 -2.1 16.1 22.7 25.8 20.7 25.5 36.6 34 40 44.1 42.4 42 41.9 46.7 40.6 41.3 39.6 26.4 29.1 42.4 49.7 61 77.4 77.6 85.4 84.2 76.7 79.9 71.7 83.5 76.5 69.3 65.6 61.1 62.5 75.2 84.2 94 110.3 128.7 147.7 160.8 179.5 198.1 216.4 233.4 254.5 279.8 298.8 312.7 317.2 317.7 316.4 315.9 315 316.6 319.3 324.6 330.8 334.4 335.2 344 353.5 355 353.9 348 342.7 332.5 317.2 292.5 283.1
17.2 14.6 18.7 20.8 19.3 -2.1 -2.1 -2.1 -2.1 -2.1 -0.3 -2.1 -2.1 -2.1 -2.1 10.9 13.9 21.1 34 42.7 44.7 35.2 39.3 43.5 46.1 48.1 49 53.8 50.6 41.5 43.7 32.4 36.3 38.8 52 60.6 76.6 77.7 81.6 84.3 78.7 82.6 72.8 72.7 71.8 72 67.9 63.9 64.4 72.3 83.7 90.9 112.9 126.3 144.9 162 174.4 193.4 211.1 227.2 247.7 267.1 279.9 292.5 300.3 301 301.4 301.3 302.2 303.8 304.6 308.2 313.8 314.8 318.8 330.8 334.5 334 335.9 333.1 326.2 314.5 300.7 281.1 271.4
17.9 20 19.9 24.8 17.3 10.9 -2.1 -2.1 -2.1 -2.1 -2.1 -2.1 -2.1 -2.1 -2.1 17.8 26.4 27.1 37.1 46.4 43.1 30.7 36.4 41.9 49.5 53.1 57.6 61.8 58 50.6 42.5 40.9 37.6 40.5 46.5 67.3 77.1 81.5 80.5 78.6 77.8 77.8 72.2 68.8 64.8 65.7 65.6 66.3 65.4 70.1 85.3 90.5 110.5 132.8 150.7 164 175 191.1 208 225 245.6 257.9 269.4 279.4 283.5 287.2 288 289 290.1 287 289 294.2 301 300.9 305.1 315.9 321.4 323.8 321.1 316.2 311.8 302.3 282.6 267.9 260.7
12.5 16.1 12 13.8 10.4 8.8 12.3 -2.1 -2.1 -2.1 -2.1 -2.1 -2.1 -2.1 7.9 11.9 21.3 27.5 37.4 46.5 40.2 30.7 34.5 41.5 55.9 57 58.4 64.1 59.2 51.6 41 42.1 46.6 44.5 49.1 72.1 78.2 80.9 76.9 77.6 76.8 74.2 70 63.7 60.7 60.7 63 65.6 71.4 71.7 83.2 96.1 109 133.9 152.9 161.1 175.3 190.3 204 222 239.6 249.2 255.7 265.1 273.6 276.9 278.4 277.7 277 274.5 277.5 278.6 288 288.8 293.9 302 308.7 309.7 307 305.6 298.4 289 273.1 259.3 243.7
14.3 20.3 13.8 7.8 7.3 3 11 8.3 -2.1 -2.1 -2.1 -2.1 -2.1 -2.1 -2.1 11.1 21.5 28 37 42.3 34.3 33.9 38 47 62.4 60 59.4 66.3 57.1 47.2 42 46 55.7 48.9 55.6 63.3 73.9 74.1 74.2 77.6 79.2 72 66.2 59.4 55.7 56.1 58.2 64.1 78.1 76.5 79.4 97.6 115.7 135 144.9 158.7 172.4 186.8 202.6 219.2 231.7 241 247.6 252.5 262 262.9 263.6 262 261.1 261.1 262.2 268 273.2 274.4 278.8 287.2 293.7 294.7 290.2 292.3 285.3 276.5 263.2 248.6 234.4
13.8 13.2 17.8 9.7 5 -2.1 -2.1 3.3 -2.1 -2.1 -2.1 -2.1 -2.1 -2.1 -2.1 8.5 16.1 25.2 29.9 29.8 30.6 29.3 38.2 49.8 61.8 62.6 61.5 60.5 56.8 44.6 43.9 61.3 58.2 54 58.9 63.2 61.4 73.6 74 74.2 76.4 74.9 68.9 58.9 53.4 55 57.8 62.1 73.2 82.7 81.8 90.8 120 139.3 144.8 156.6 167.4 187.8 200.2 219.2 227.7 232.8 238.5 243 248.1 249.9 249.9 251.1 249.9 249.9 248.2 254.1 257.6 260.8 269.6 269.2 274.8 280.9 277.8 276.2 271.2 257.7 256.4 237.1 222.7
11.5 12.4 13.2 13.4 12.6 -2.1 -2.1 -1.4 -2.1 -2.1 -2.1 -2.1 -2.1 -2.1 -2.1 -2.1 12.8 22.1 27.6 25.1 30.5 32.2 37.3 45.7 55.4 63.7 66.8 62.8 55.2 46 52.9 67 61.4 61.3 58.1 60.8 60.7 60.7 69.4 74.3 78.2 75.4 69.7 59.6 50.8 56 56.5 59.9 69.3 83.8 89.4 89.9 110.5 131.5 146 154.1 168.8 183.2 200 211.4 220.7 231.4 234.9 239.7 240.4 241.7 243 243.1 240.1 240.3 236.7 242.3 246.9 250.8 259.6 261.8 260.9 264.8 260.7 256.7 254.2 241.6 231.5 219.2 208.6
10.4 11 13.2 14.4 16.1 17.2 -2.1 -2.1 -2.1 -2.1 -2.1 -2.1 -2.1 -2.1 -2.1 -2.1 -2.1 14.2 22.1 25.4 26.7 33.7 36.1 42.1 51.1 63.8 70 65.6 55.1 46.9 59.5 70.1 65.8 63 59.1 63.3 67.1 57 53 61.3 63.3 62.8 62.1 56.4 48.4 51.5 55.6 64.4 71.1 78.1 90.2 91.1 103.9 125.3 142.1 152 169.3 183.4 190.5 201.9 215.5 225.1 235.4 235.8 235.9 237.7 236.9 238.3 233 232.5 229.5 234.4 238.8 242.5 251.2 254.7 254.1 250.9 249.6 245.2 239.2 232.7 221.9 201.6 193.6
8.3 9.4 12.4 15.1 13.9 22.3 9 -2.1 -2.1 -2.1 -2.1 -2.1 -2.1 -2.1 -2.1 -2.1 -2.1 10 18.1 24.9 27.7 35.6 38 40.7 45.5 56.7 65.7 69 59.1 47.9 61.1 72.9 69.2 65.1 61.1 59.8 59.5 59.2 51.7 48.9 52.6 53.6 53.1 51.2 46.8 48.2 52.8 66.2 76.1 80.9 87.1 91.5 98.9 116.1 141 153.4 166.6 177.4 185.1 202 213.5 223.3 230.7 236.5 235 234.1 228.9 225.8 227 223.6 222 223.1 229.6 230.9 241.9 247.9 247.3 242.9 241.5 238.2 227 207 197.6 184.2 175.8
4.8 8.4 8 13.2 11 17.3 11.3 -2.1 -2.1 -2.1 -2.1 -2.1 -2.1 -2.1 -2.1 -2.1 -2.1 -2.1 12.6 19 16.8 32 40.5 40.8 41.5 47.2 58.9 57.2 51.7 45.9 59.8 66.9 68.3 68.3 63.7 58.1 58.5 59.2 55.3 47.6 50.9 55.4 52.4 47.5 45.7 44.5 52.4 65.7 76 81.3 87.9 93.3 95.6 107.9 140.2 157.3 167.9 176.8 180.3 195.2 206.6 219.8 229 231.3 229 227.1 223.7 219.2 216.3 214.5 215 212.8 218.5 225.4 231.9 232.1 233.8 232 226.8 218.3 201.2 189 186.4 177.9 168.5
-2.1 -2.1 9.3 9.7 7.5 15.9 14.4 -2.1 -2.1 -2.1 -2.1 -2.1 -2.1 -2.1 -2.1 -2.1 -2.1 -2.1 -2.1 -2.1 10.6 20.2 30.5 38 35.8 39.3 48.9 52.8 45.3 43 56.7 63.3 66 70 63.5 58.2 56.4 56.7 56.5 51.9 44.9 43.5 42.8 42.8 42.8 42.8 53.2 65.3 77.4 78.3 90.1 94.1 95.8 101 122.8 150 162 166.6 176.6 189.7 207.6 222.8 224 221.8 217.4 219.6 216.9 216.5 209.9 207.5 204.4 201.9 214 217.6 218.6 218.2 213.8 210.3 199.2 192.5 191.3 181.8 174 173.4 172.9
9.9 -2.1 -2.1 1.6 5.4 13.6 17.2 -2.1 -2.1 -2.1 -2.1 -2.1 -2.1 -2.1 -2.1 -2.1 -2.1 -2.1 -2.1 -2.1 -2.1 -2.1 18.3 27.1 32.1 33.9 44.1 42.7 41.2 40.3 57.8 67.8 61.6 64.9 59.7 57.8 54.1 53.5 56.3 60.8 46.2 42.8 42.8 42.8 42.8 42.8 50.9 62.2 71.3 75 87.6 96.7 91 98.4 105.7 131.6 151.9 162.2 169.2 185.3 199.7 206.8 206 202.3 207.3 205.2 207.8 212 202.3 194.5 195.5 192.5 204.6 205.4 205 203.6 190.4 190.5 182.3 177.9 177 171.6 170.3 173.4 172.9
8 -2.1 -2.1 -2.1 -2.1 4.9 11.9 0.9 -2.1 -2.1 -2.1 -2.1 -2.1 -2.1 -2.1 -2.1 -2.1 -2.1 -2.1 -2.1 -2.1 -2.1 -2.1 19.2 21.4 28.6 36.7 30.9 37.6 30.7 44.6 56.5 56 59.8 57.9 59.1 52 49.9 52.3 49.4 46.6 42.8 42.8 42.8 46.8 42.8 48.7 55 63.6 70.6 81.8 81.4 83.7 89.9 96.7 108.9 142.4 154 165.3 179.1 184.3 187.1 187.4 191.5 191.9 189.6 196.4 203.4 192 186.6 184.7 177.6 178.3 180.9 177.8 175.3 163.1 170.9 172.7 165.6 162.1 161.3 164.8 168.5 160.2
7.3 2.2 2.4 -2.1 -2.1 -2.1 -2.1 -2.1 -2.1 -2.1 -2.1 -2.1 -2.1 -2.1 -2.1 -2.1 -2.1 -2.1 -2.1 -2.1 -2.1 -2.1 -2.1 1.6 10.6 21.1 19.6 22.9 27.5 -2.1 -2.1 38.1 45.1 54.8 53.7 48.7 45.8 39.7 38.4 45.8 50.5 42.8 42.8 42.8 47.3 42.8 47.4 52.6 55.8 61 70.9 71 76.2 82.9 86.5 102.7 130.4 147.4 155.9 166.7 170.6 171 172.9 175.2 181.1 182.5 184.4 188 178.2 181.2 175.1 164.8 162.9 151.4 148.1 148.4 142.9 154.8 159.9 153.5 151.2 153.8 162.4 165.6 152.4
7.3 3.5 7.4 -2.1 -2.1 -2.1 -2.1 -2.1 -2.1 -2.1 -2.1 -2.1 -2.1 -2.1 -2.1 -2.1 -2.1 -2.1 -2.1 -2.1 -2.1 -2.1 -2.1 -2.1 -2.1 -2.1 -2.1 11.9 18 -2.1 -2.1 -2.1 30.9 39 39.5 40.6 32.8 31.7 38 42.8 55.1 50.5 42.8 42.8 44.6 49.2 48.2 57.3 53.8 56.1 61.2 67.8 73 75.8 79.1 96 106.2 138 146.2 152.6 163 163.6 164 165.3 170 172.5 176.8 168.2 165.3 165.7 165.4 141.6 137.5 132.5 133 129.8 130.2 140.7 148 144.6 143 148.2 161.7 160 153.7
5.7 -2.1 -2.1 -2.1 -2.1 -2.1 -2.1 -2.1 -2.1 -2.1 -2.1 -2.1 -2.1 -2.1 -2.1 -2.1 -2.1 1.4 -2.1 -2.1 -2.1 -2.1 -2.1 -2.1 -2.1 -2.1 -2.1 -2.1 -2.1 -2.1 -2.1 -2.1 18.9 28.1 30.5 29.3 26.5 25.6 34.1 39.8 46.5 49.1 48.9 42.8 42.8 49.8 53.4 60.4 52.4 51.8 54.5 66.9 70 69 71.7 83.8 98.7 108.4 134.8 154.5 154.7 155.1 155.6 149.8 142.9 141.2 153.5 157.7 150.5 136.3 132.9 131.9 119.8 112.9 112.6 115.8 120.8 135.8 143.7 141.8 142.9 141.5 158.1 156.9 153.1
-2.1 -2.1 -2.1 -2.1 -2.1 -2.1 -2.1 -2.1 -2.1 -2.1 -2.1 -2.1 -2.1 -2.1 -2.1 -2.1 -2.1 8.3 -2.1 -2.1 -2.1 -2.1 -2.1 -2.1 -2.1 -2.1 -2.1 -2.1 -2.1 -2.1 -2.1 -2.1 -2.1 24.8 25.7 21.9 20.8 23.6 35.3 39.8 44.7 52.1 53.9 51.8 48.5 44.2 44.8 56 55.6 49.3 51 58.4 67.9 62.9 66.2 73.1 84.9 92 103.9 134.5 137.9 133.2 131.8 129.6 117.3 114.8 120.9 119.7 117.4 116 126.8 121.7 116.1 106.6 105.9 109.7 112.9 124.6 131 135.3 140 135.4 148.4 149.2 150.2
-2.1 -2.1 -2.1 -2.1 -2.1 -2.1 -2.1 -2.1 -2.1 -2.1 -2.1 -2.1 -2.1 -2.1 -2.1 -2.1 -2.1 -1.8 -2.1 -2.1 -2.1 -2.1 -2.1 -2.1 -2.1 -2.1 -2.1 -2.1 -2.1 -2.1 -2.1 -2.1 -2.1 -2.1 14 10 7.2 19.5 30.5 43 57.6 53.3 53.5 58.1 58.5 43.6 38.4 50.9 49.9 44.2 50.5 50.4 53.6 57 59.7 70.1 80.2 82.1 77.3 88.5 99.7 97.8 96.9 96.3 92 92.6 94.2 89.1 93.8 109.2 113 116.7 113.7 105.5 104.1 103.5 110.5 119.3 128.5 132 132.9 129.6 139.1 138.3 138.9
-2.1 -2.1 -2.1 -2.1 -2.1 -2.1 -2.1 -2.1 -2.1 -2.1 -2.1 -2.1 -2.1 -2.1 -2.1 -2.1 -2.1 -2.1 -2.1 -2.1 -2.1 -2.1 -2.1 -2.1 -2.1 -2.1 -2.1 -2.1 -2.1 -2.1 -2.1 -2.1 -2.1 -2.1 -2.1 -2.1 -2.1 20.1 41.5 53.3 58.4 57.1 52.6 51.9 54.8 44.3 35.4 40.8 41.3 37 41.8 46 54.5 60.1 57.2 59.3 65.3 69.9 65.9 63.7 64.1 63.4 66.2 73.5 77.2 80.7 84.4 81.1 90.1 94.1 102.2 112.4 113.6 104 105.9 102.3 104.4 110 124 126 125.8 122.9 132.9 132.4 131.9
-2.1 -2.1 -2.1 -2.1 -2.1 -2.1 -2.1 -2.1 -2.1 -2.1 -2.1 -2.1 -2.1 -2.1 -2.1 -2.1 -2.1 -2.1 -2.1 -2.1 -2.1 -2.1 -2.1 -2.1 -2.1 -2.1 -2.1 -2.1 -2.1 -2.1 -2.1 -2.1 -2.1 -2.1 -2.1 -2.1 -2.1 26.7 44.8 52.6 63.3 56.7 54.4 49.6 48.1 42.6 30.6 26.2 28.7 30 36.5 43.3 42.8 48.5 47.6 46.9 43.9 42 41.4 41.7 47.9 46.5 57.1 65.3 67.6 70.6 78.3 77.4 80.5 89.9 103.4 112.9 111.5 104.2 103 107.6 104 99.3 105.3 110 114.9 115.8 123.2 124.4 122.2
-2.1 -2.1 -2.1 -2.1 -2.1 -2.1 -2.1 -2.1 -2.1 -2.1 -2.1 -2.1 -2.1 -2.1 -2.1 -2.1 -2.1 -2.1 -2.1 -2.1 -2.1 -2.1 -2.1 -2.1 -2.1 -2.1 -2.1 -2.1 -2.1 -2.1 -2.1 -2.1 -2.1 -2.1 -2.1 -2.1 1.4 24.3 38.9 48.7 56.7 52.8 53.8 45.8 43.1 34.6 27.7 9.2 14.2 17.5 26.5 33.5 35.1 35.6 37 25.7 25 27.1 29.2 29 31.7 33.9 49.2 54.4 56.2 62.4 77.1 74.8 76.2 85.9 93.8 105.4 103.7 99.4 102.3 112.2 106.7 103.9 101.5 112.6 113.7 107.8 113.4 118.9 115.7
-2.1 -2.1 -2.1 -2.1 -2.1 -2.1 -2.1 -2.1 -2.1 -2.1 -2.1 -2.1 -2.1 -2.1 -2.1 -2.1 -2.1 -2.1 -2.1 -2.1 -2.1 -2.1 -2.1 -2.1 -2.1 -2.1 -2.1 -2.1 -2.1 -2.1 -2.1 -2.1 -2.1 -2.1 -2.1 -2.1 -2.1 23.5 34.8 41.5 45.5 45.3 44.3 40.9 35.3 28.7 18.9 11.6 -2.1 4 8 13.2 14.8 18.6 15.2 15.1 15.4 16.9 21.5 23.2 25.1 26.2 37.5 46.4 51.8 60.4 73.6 71.2 79.4 78.3 86.6 92.9 102.4 96.2 105.3 107 102.9 104.9 99.3 107.3 109.6 102.3 106.3 110 111.3
-2.1 -2.1 -2.1 -2.1 -2.1 -2.1 -2.1 -2.1 -2.1 -2.1 -2.1 -2.1 -2.1 -2.1 -2.1 -2.1 -2.1 -2.1 -2.1 -2.1 -2.1 -2.1 -2.1 -2.1 -2.1 -2.1 -2.1 -2.1 -2.1 -2.1 -2.1 -2.1 -2.1 -2.1 -2.1 -2.1 -2.1 27.2 34.8 41.8 45.2 41.2 38.8 38.9 31.6 23.3 17 -2.1 -2.1 -2.1 0.5 6.1 8.4 12.8 14.6 14.9 15.4 17 21.2 21.2 17.3 19.6 29.1 35.3 45.9 59.1 63.6 64.4 71.8 70.2 83.4 90.8 94.2 87.8 99.1 102.8 100.7 104.9 99.9 98.8 105.3 100.5 108.4 109.7 108.3
-2.1 -2.1 -2.1 -2.1 -2.1 -2.1 -2.1 -2.1 -2.1 -2.1 -2.1 -2.1 -2.1 -2.1 -2.1 -2.1 -2.1 -2.1 -2.1 -2.1 -2.1 -2.1 -2.1 -2.1 -2.1 -2.1 -2.1 -2.1 -2.1 -2.1 -2.1 -2.1 -2.1 -2.1 -2.1 -2.1 -2.1 33.7 39.6 40.5 42.6 36.4 35.8 28.5 21.7 19.2 -2.1 -2.1 -2.1 -2.1 -2.1 5.1 11.6 15.5 18.5 15.9 17 20.1 21.1 22.2 17.5 13 18 22.8 33.1 49.8 51.8 58.8 55.2 56.7 73.9 82.4 83.9 77.5 90.7 97.4 100.5 103.6 98.8 96.6 89.2 92.3 101.2 105.4 102.6
-2.1 -2.1 -2.1 -2.1 -2.1 -2.1 -2.1 -2.1 -2.1 -2.1 -2.1 -2.1 -2.1 -2.1 -2.1 -2.1 -2.1 -2.1 -2.1 -2.1 -2.1 -2.1 -2.1 -2.1 -2.1 -2.1 -2.1 -2.1 -2.1 -2.1 -2.1 -2.1 -2.1 -2.1 -2.1 -2.1 11.1 25.2 32.3 32.3 26.1 22 22.3 21.3 -2.1 -2.1 -2.1 -2.1 -2.1 -2.1 -2.1 -2.1 16.9 22 29.3 25.6 26.6 29.2 32.3 28 19.9 12.1 8.8 14.3 22.8 34.6 36.4 34.7 37.2 49.7 63.4 73.2 79.2 70.8 82.9 91 98.6 103.9 98.9 97.3 93.3 88.3 93.8 97.4 94.7
-2.1 -2.1 -2.1 -2.1 -2.1 -2.1 -2.1 -2.1 -2.1 -2.1 -2.1 -2.1 -2.1 -2.1 -2.1 -2.1 -2.1 -2.1 -2.1 -2.1 -2.1 -2.1 -2.1 -2.1 -2.1 -2.1 -2.1 -2.1 -2.1 -2.1 -2.1 -2.1 -2.1 -2.1 -2.1 -2.1 -2.1 14.8 21.3 17.1 8.5 -2.1 -2.1 -2.1 -2.1 -2.1 -2.1 -2.1 -2.1 -2.1 -2.1 -2.1 -2.1 22 24.4 24.6 25 30.5 30.7 35.3 29.1 21.4 9.6 2.8 10.4 28.4 21.8 17.1 28.5 39.6 50.4 62.6 71.8 67 79.5 87.5 89.6 99.9 100.4 101.1 97.1 93.6 89.7 94.1 88.7
-2.1 -2.1 -2.1 -2.1 -2.1 -2.1 -2.1 -2.1 -2.1 -2.1 -2.1 -2.1 -2.1 -2.1 -2.1 -2.1 -2.1 -2.1 -2.1 -2.1 -2.1 -2.1 -2.1 -2.1 -2.1 -2.1 -2.1 -2.1 -2.1 -2.1 -2.1 -2.1 -2.1 -2.1 -2.1 -2.1 -2.1 -1 -0.3 -2 -2.1 -2.1 -2.1 -2.1 -2.1 -2.1 -2.1 -2.1 -2.1 -2.1 -2.1 -2.1 -2.1 -2.1 13.9 20.8 25.3 24.6 28.8 29 25.2 29.8 24.9 -2.1 -2.1 -2.1 -2.1 4.8 13.3 28.2 39.9 49.5 57.3 61.9 81.4 83.1 90.4 96.2 100.2 102.4 98 89.9 81 82.1 82.3
-2.1 -2.1 -2.1 -2.1 -2.1 -2.1 -2.1 -2.1 -2.1 -2.1 -2.1 -2.1 -2.1 -2.1 -2.1 -2.1 -2.1 -2.1 -2.1 -2.1 -2.1 -2.1 -2.1 -2.1 -2.1 -2.1 -2.1 -2.1 -2.1 -2.1 -2.1 -2.1 -2.1 -2.1 -2.1 -2.1 -2.1 -2.1 -2.1 -2.1 -2.1 -2.1 -2.1 -2.1 -2.1 -2.1 -2.1 -2.1 -2.1 -2.1 -2.1 -2.1 -2.1 -2.1 10.8 18.3 21.2 23.3 20.8 22.1 18.5 19.9 20.8 -2.1 -2.1 -2.1 -2.1 -2.1 12 21.4 29.2 40.1 54.5 67 71.8 79.7 91.1 93.4 96.3 97.2 95.6 93 81.1 72.3 77.7
-2.1 -2.1 -2.1 -2.1 -2.1 -2.1 -2.1 -2.1 -2.1 -2.1 -2.1 -2.1 -2.1 -2.1 -2.1 -2.1 -2.1 -2.1 -2.1 -2.1 -2.1 -2.1 -2.1 -2.1 -2.1 -2.1 -2.1 -2.1 -2.1 -2.1 -2.1 -2.1 -2.1 -2.1 -2.1 -2.1 -2.1 -2.1 -2.1 -2.1 -2.1 -2.1 -2.1 -2.1 -2.1 -2.1 -2.1 -2.1 -2.1 -2.1 -2.1 10.6 8.6 8.6 14.6 12.5 19.1 20 14 16.3 13.4 -2.1 -2.1 -2.1 -2.1 -2.1 -2.1 -2.1 1.7 16.7 33.4 48.6 64.7 63.4 64.4 76.8 82.6 85.8 91.7 91.3 90 86.8 77.5 72.6 64.8
