UK/data/sd/sd46_OST50GRID_20230518/SD46.asc
ncols 200
nrows 200
xllcorner 340000
yllcorner 460000
cellsize 50
[rows 0 to 39 of 200, columns 88 to 175 of 200]
-2.9 -2.9 -2.9 -2.9 -2.9 -2.9 -2.9 -2.9 -2.9 -2.9 -2.9 -2.9 -2.9 -2.9 -2.9 -2.9 -2.9 -2.9 -2.9 -2.9 -2.9 -2.9 -2.9 -2.9 -2.9 -2.9 -2.9 -2.9 -2.9 -2.9 -2.9 -2.9 -2.9 -2.9 -2.9 -2.9 -2.9 -2.9 -2.9 -2.9 -2.9 -2.9 -2.9 -2.9 -2.9 -2.9 -2.9 -2.9 -2.9 -2.9 -2.9 -2.9 -2.9 -2.9 -2.9 -2.9 -2.9 -2.9 -2.8 -2.6 -2.4 -2.3 -2.3 -2.4 -2.4 -2.9 -2.9 -2.9 -2.3 -1.4 -0.3 0.8 1.8 2.9 4 -2.9 -2.9 6.7 5 5.3 5.4 4.7 5.2 4.9 5.2 5.3 4.9 4.5
-2.9 -2.9 -2.9 -2.9 -2.9 -2.9 -2.9 -2.9 -2.9 -2.9 -2.9 -2.9 -2.9 -2.9 -2.9 -2.9 -2.9 -2.9 -2.9 -2.9 -2.9 -2.9 -2.9 -2.9 -2.9 -2.9 -2.9 -2.9 -2.9 -2.9 -2.9 -2.9 -2.9 -2.9 -2.9 -2.9 -2.9 -2.9 -2.9 -2.9 -2.9 -2.9 -2.9 -2.9 -2.9 -2.9 -2.9 -2.9 -2.9 -2.9 -2.9 -2.9 -2.9 -2.9 -2.9 -2.9 -2.9 -2.9 -2.9 -2.9 -2.9 -2.9 -2.9 -2.9 -2.9 -2.9 -2.6 -2 -1.4 -0.8 0.3 1.4 2.5 3.6 4.7 -2.9 -2.9 7.6 5.4 5.6 5.3 5.1 5.5 5.3 5.3 5.1 5.3 4.8
-2.9 -2.9 -2.9 -2.9 -2.9 -2.9 -2.9 -2.9 -2.9 -2.9 -2.9 -2.9 -2.9 -2.9 -2.9 -2.9 -2.9 -2.9 -2.9 -2.9 -2.9 -2.9 -2.9 -2.9 -2.9 -2.9 -2.9 -2.9 -2.9 -2.9 -2.9 -2.9 -2.9 -2.9 -2.9 -2.9 -2.9 -2.9 -2.9 -2.9 -2.9 -2.9 -2.9 -2.9 -2.9 -2.9 -2.9 -2.9 -2.9 -2.9 -2.9 -2.9 -2.9 -2.9 -2.9 -2.9 -2.9 -2.9 -2.9 -2.9 -2.9 -2.9 -2.9 -2.9 -2.9 -2.9 -2.1 -1.3 -0.6 0.2 0.8 1.9 3.1 4.1 5.2 5.1 5.6 7 6.2 6.7 6.8 5.7 5 4.8 4.8 4.9 5.2 4.8
-2.9 -2.9 -2.9 -2.9 -2.9 -2.9 -2.9 -2.9 -2.9 -2.9 -2.9 -2.9 -2.9 -2.9 -2.9 -2.9 -2.9 -2.9 -2.9 -2.9 -2.9 -2.9 -2.9 -2.9 -2.9 -2.9 -2.9 -2.9 -2.9 -2.9 -2.9 -2.9 -2.9 -2.9 -2.9 -2.9 -2.9 -2.9 -2.9 -2.9 -2.9 -2.9 -2.9 -2.9 -2.9 -2.9 -2.9 -2.9 -2.9 -2.9 -2.9 -2.9 -2.9 -2.9 -2.9 -2.9 -2.9 -2.9 -2.9 -2.9 -2.9 -2.9 -2.9 -2.9 -2.9 -2.4 -1.6 -0.8 0 0.8 1.7 2.4 3.5 4.6 5.3 6 6.1 8 8.6 9.1 9 7.2 5.2 5 5 4.8 5.2 4.5
-2.9 -2.9 -2.9 -2.9 -2.9 -2.9 -2.9 -2.9 -2.9 -2.9 -2.9 -2.9 -2.9 -2.9 -2.9 -2.9 -2.9 -2.9 -2.9 -2.9 -2.9 -2.9 -2.9 -2.9 -2.9 -2.9 -2.9 -2.9 -2.9 -2.9 -2.9 -2.9 -2.9 -2.9 -2.9 -2.9 -2.9 -2.9 -2.9 -2.9 -2.9 -2.9 -2.9 -2.9 -2.9 -2.9 -2.9 -2.9 -2.9 -2.9 -2.9 -2.9 -2.9 -2.9 -2.9 -2.9 -2.9 -2.9 -2.9 -2.9 -2.9 -2.9 -2.9 -2.9 -2.9 -1.9 -1.1 -0.3 0.5 1.3 2.2 3.2 4.3 4.9 5.4 5.9 8.3 11.8 14 13 10.3 7.4 4.8 4.8 4.8 4.7 4.5 4.6
-2.9 -2.9 -2.9 -2.9 -2.9 -2.9 -2.9 -2.9 -2.9 -2.9 -2.9 -2.9 -2.9 -2.9 -2.9 -2.9 -2.9 -2.9 -2.9 -2.9 -2.9 -2.9 -2.9 -2.9 -2.9 -2.9 -2.9 -2.9 -2.9 -2.9 -2.9 -2.9 -2.9 -2.9 -2.9 -2.9 -2.9 -2.9 -2.9 -2.9 -2.9 -2.9 -2.9 -2.9 -2.9 -2.9 -2.9 -2.9 -2.9 -2.9 -2.9 -2.9 -2.9 -2.9 -2.9 -2.9 -2.9 -2.9 -2.9 -2.9 -2.9 -2.9 -2.9 -2.9 -2.4 -1.5 -0.6 0.2 1 1.8 2.6 3.5 5 5.2 5.8 7.5 12.8 16.8 19.7 18.4 13.8 8.7 4.8 4.5 4.5 4.5 4.5 4.7
-2.9 -2.9 -2.9 -2.9 -2.9 -2.9 -2.9 -2.9 -2.9 -2.9 -2.9 -2.9 -2.9 -2.9 -2.9 -2.9 -2.9 -2.9 -2.9 -2.9 -2.9 -2.9 -2.9 -2.9 -2.9 -2.9 -2.9 -2.9 -2.9 -2.9 -2.9 -2.9 -2.9 -2.9 -2.9 -2.9 -2.9 -2.9 -2.9 -2.9 -2.9 -2.9 -2.9 -2.9 -2.9 -2.9 -2.9 -2.9 -2.9 -2.9 -2.9 -2.9 -2.9 -2.9 -2.9 -2.9 -2.9 -2.9 -2.9 -2.9 -2.9 -2.9 -2.9 -2.9 -2.9 -1.5 -0.6 0.3 1.2 2.1 2.9 4.1 5.2 5.6 6.6 13.9 17.5 21.2 23 21 16.2 10.1 5.8 4.5 4.5 4.6 4.6 4.9
-2.9 -2.9 -2.9 -2.9 -2.9 -2.9 -2.9 -2.9 -2.9 -2.9 -2.9 -2.9 -2.9 -2.9 -2.9 -2.9 -2.9 -2.9 -2.9 -2.9 -2.9 -2.9 -2.9 -2.9 -2.9 -2.9 -2.9 -2.9 -2.9 -2.9 -2.9 -2.9 -2.9 -2.9 -2.9 -2.9 -2.9 -2.9 -2.9 -2.9 -2.9 -2.9 -2.9 -2.9 -2.9 -2.9 -2.9 -2.9 -2.9 -2.9 -2.9 -2.9 -2.9 -2.9 -2.9 -2.9 -2.9 -2.9 -2.9 -2.9 -2.9 -2.9 -2.9 -2.9 -2.9 -1.3 -0.4 0.5 1.4 2.4 3.3 4.1 5.1 5.7 16.4 19.9 22.1 23.1 22.6 20.1 15.7 10.9 5.2 4.5 4.6 4.6 4.9 4.9
-2.9 -2.9 -2.9 -2.9 -2.9 -2.9 -2.9 -2.9 -2.9 -2.9 -2.9 -2.9 -2.9 -2.9 -2.9 -2.9 -2.9 -2.9 -2.9 -2.9 -2.9 -2.9 -2.9 -2.9 -2.9 -2.9 -2.9 -2.9 -2.9 -2.9 -2.9 -2.9 -2.9 -2.9 -2.9 -2.9 -2.9 -2.9 -2.9 -2.9 -2.9 -2.9 -2.9 -2.9 -2.9 -2.9 -2.9 -2.9 -2.9 -2.9 -2.9 -2.9 -2.9 -2.9 -2.9 -2.9 -2.9 -2.9 -2.9 -2.9 -2.9 -2.9 -2.9 -2.9 -2.9 -1.4 -0.1 1.1 2.1 3 3.7 4.6 5.6 17.3 19.8 21.5 22 21.4 19.9 17.5 14 9.8 5.3 4.6 4.6 4.7 5.3 5
-2.9 -2.9 -2.9 -2.9 -2.9 -2.9 -2.9 -2.9 -2.9 -2.9 -2.9 -2.9 -2.9 -2.9 -2.9 -2.9 -2.9 -2.9 -2.9 -2.9 -2.9 -2.9 -2.9 -2.9 -2.9 -2.9 -2.9 -2.9 -2.9 -2.9 -2.9 -2.9 -2.9 -2.9 -2.9 -2.9 -2.9 -2.9 -2.9 -2.9 -2.9 -2.9 -2.9 -2.9 -2.9 -2.9 -2.9 -2.9 -2.9 -2.9 -2.9 -2.9 -2.9 -2.9 -2.9 -2.9 -2.9 -2.9 -2.9 -2.9 -2.9 -2.9 -2.9 -2.9 -2.9 -1.3 -0.1 1.2 2.4 3.6 4.4 5.1 12.2 19 20.2 19.5 18.2 17.2 15.9 13.4 11.3 8.4 6.1 4.9 4.7 5.7 11.7 10.8
-2.9 -2.9 -2.9 -2.9 -2.9 -2.9 -2.9 -2.9 -2.9 -2.9 -2.9 -2.9 -2.9 -2.9 -2.9 -2.9 -2.9 -2.9 -2.9 -2.9 -2.9 -2.9 -2.9 -2.9 -2.9 -2.9 -2.9 -2.9 -2.9 -2.9 -2.9 -2.9 -2.9 -2.9 -2.9 -2.9 -2.9 -2.9 -2.9 -2.9 -2.9 -2.9 -2.9 -2.9 -2.9 -2.9 -2.9 -2.9 -2.9 -2.9 -2.9 -2.9 -2.9 -2.9 -2.9 -2.9 -2.9 -2.9 -2.9 -2.9 -2.9 -2.9 -2.9 -2.9 -2.9 -1.3 0 1.2 2.6 3.9 4.8 5.7 16.5 18.7 17.6 15.3 14.1 13.7 12.4 10.7 8.9 6.9 5.9 5 10.8 11.1 12 13.2
-2.9 -2.9 -2.9 -2.9 -2.9 -2.9 -2.9 -2.9 -2.9 -2.9 -2.9 -2.9 -2.9 -2.9 -2.9 -2.9 -2.9 -2.9 -2.9 -2.9 -2.9 -2.9 -2.9 -2.9 -2.9 -2.9 -2.9 -2.9 -2.9 -2.9 -2.9 -2.9 -2.9 -2.9 -2.9 -2.9 -2.9 -2.9 -2.9 -2.9 -2.9 -2.9 -2.9 -2.9 -2.9 -2.9 -2.9 -2.9 -2.9 -2.9 -2.9 -2.9 -2.9 -2.9 -2.9 -2.9 -2.9 -2.9 -2.9 -2.9 -2.9 -2.9 -2.9 -2.9 -2.9 -1.5 -0.2 1.1 2.5 4.3 5.3 6 16.2 17.8 15 10.9 10.5 10.3 10.6 10.3 9.4 8.1 6.4 5.6 10.2 9.1 9.3 14.2
-2.9 -2.9 -2.9 -2.9 -2.9 -2.9 -2.9 -2.9 -2.9 -2.9 -2.9 -2.9 -2.9 -2.9 -2.9 -2.9 -2.9 -2.9 -2.9 -2.9 -2.9 -2.9 -2.9 -2.9 -2.9 -2.9 -2.9 -2.9 -2.9 -2.9 -2.9 -2.9 -2.9 -2.9 -2.9 -2.9 -2.9 -2.9 -2.9 -2.9 -2.9 -2.9 -2.9 -2.9 -2.9 -2.9 -2.9 -2.9 -2.9 -2.9 -2.9 -2.9 -2.9 -2.9 -2.9 -2.9 -2.9 -2.9 -2.9 -2.9 -2.9 -2.9 -2.9 -2.9 -2.9 -2.9 -1 0.7 2.3 4.5 5 6.2 15.9 16.4 13.5 10.7 10.4 10.5 13.1 13.4 12.7 10.9 8.3 6.7 7.7 7.8 11.6 14.4
-2.9 -2.9 -2.9 -2.9 -2.9 -2.9 -2.9 -2.9 -2.9 -2.9 -2.9 -2.9 -2.9 -2.9 -2.9 -2.9 -2.9 -2.9 -2.9 -2.9 -2.9 -2.9 -2.9 -2.9 -2.9 -2.9 -2.9 -2.9 -2.9 -2.9 -2.9 -2.9 -2.9 -2.9 -2.9 -2.9 -2.9 -2.9 -2.9 -2.9 -2.9 -2.9 -2.9 -2.9 -2.9 -2.9 -2.9 -2.9 -2.9 -2.9 -2.9 -2.9 -2.9 -2.9 -2.9 -2.9 -2.9 -2.9 -2.9 -2.9 -2.9 -2.9 -2.9 -2.2 -1.8 -2.9 -1.5 0.2 2.2 3.9 4.8 5.7 15.1 15.5 13 10.4 10.5 13.3 15.9 16.3 15 12.1 7 6.5 8.6 9.6 12.9 15.4
-2.9 -2.9 -2.9 -2.9 -2.9 -2.9 -2.9 -2.9 -2.9 -2.9 -2.9 -2.9 -2.9 -2.9 -2.9 -2.9 -2.9 -2.9 -2.9 -2.9 -2.9 -2.9 -2.8 -2.9 -2.9 -2.9 -2.9 -2.9 -2.9 -2.9 -2.9 -2.9 -2.9 -2.9 -2.9 -2.9 -2.9 -2.9 -2.9 -2.9 -2.9 -2.9 -2.9 -2.9 -2.9 -2.9 -2.9 -2.9 -2.9 -2.9 -2.9 -2.9 -2.9 -2.9 -2.9 -2.9 -2.9 -2.9 -2.9 -2.9 -2.9 -2.2 -1.5 -0.8 -0.6 -2.9 -2.9 0.5 3 4.3 5.1 5.8 13.2 14.4 13.4 11 11 16.4 18.3 17.9 14.3 10.2 6.7 7.2 12 12.1 15.7 20.9
-2.9 -2.9 -2.9 -2.9 -2.9 -2.9 -2.9 -2.9 -2.9 -2.9 -2.9 -2.9 -2.9 -2.9 -2.9 -2.9 -2.9 -2.9 -2.9 -2.9 -2.9 -2.8 -2.4 -2.9 -2.9 -2.9 -2.9 -2.9 -2.9 -2.9 -2.9 -2.9 -2.9 -2.9 -2.9 -2.9 -2.9 -2.9 -2.9 -2.9 -2.9 -2.9 -2.9 -2.9 -2.9 -2.9 -2.9 -2.9 -2.9 -2.9 -2.9 -2.9 -2.9 -2.9 -2.9 -2.9 -2.9 -2.9 -2.9 -2.3 -1.6 -0.9 -0.2 0.5 0.5 -0.5 -2.9 -2.9 5.1 5.1 5.4 6 9.1 10.8 12.4 12.7 15.1 19 19 16.6 12 7.4 9.4 10.5 11.3 18.8 26.1 23.2
-2.9 -2.9 -2.9 -2.9 -2.9 -2.9 -2.9 -2.9 -2.9 -2.9 -2.9 -2.9 -2.9 -2.9 -2.9 -2.9 -2.9 -2.9 -2.9 -2.9 -2.9 -2.6 -2.2 -2 -2.9 -2.9 -2.9 -2.9 -2.9 -2.9 -2.9 -2.9 -2.9 -2.9 -2.9 -2.9 -2.9 -2.9 -2.9 -2.9 -2.9 -2.9 -2.9 -2.9 -2.9 -2.9 -2.9 -2.9 -2.9 -2.9 -2.9 -2.9 -2.9 -2.9 -2.9 -2.9 -2.9 -2.3 -1.6 -0.9 -0.2 0.5 1.2 1.9 1.6 1.7 1.2 -2.9 -2.9 5.3 5.6 5.9 9 9.6 11.8 13.7 18 19.4 17.2 13.8 9.2 8.6 12.2 15.2 18.5 24 30.7 27.1
-2.9 -2.9 -2.9 -2.9 -2.9 -2.9 -2.9 -2.9 -2.9 -2.9 -2.9 -2.9 -2.9 -2.9 -2.9 -2.9 -2.9 -2.9 -2.9 -2.9 -2.7 -2.3 -2 -1.7 -2.1 -2.9 -2.9 -2.9 -2.9 -2.9 -2.9 -2.9 -2.9 -2.9 -2.9 -2.9 -2.9 -2.9 -2.9 -2.9 -2.9 -2.9 -2.9 -2.9 -2.9 -2.9 -2.9 -2.9 -2.9 -2.9 -2.9 -2.9 -2.9 -2.9 -2.9 -2.9 -2.2 -1.3 -0.3 0.4 1.1 1.8 2.5 3.2 3.5 4.4 4.9 5 -2.9 5 5.2 5.8 8 8.5 12.4 15.3 18.6 18.1 14.7 11.1 6.3 8 12.9 16.4 21.6 28.4 37.6 33.8
-2.9 -2.9 -2.9 -2.9 -2.9 -2.9 -2.9 -2.9 -2.9 -2.9 -2.9 -2.9 -2.9 -2.9 -2.9 -2.9 -2.9 -2.9 -2.9 -2.8 -2.5 -2.1 -1.8 -1.5 -1.2 -2.5 -2.9 -2.9 -2.9 -2.9 -2.9 -2.9 -2.9 -2.9 -2.9 -2.9 -2.9 -2.9 -2.9 -2.9 -2.9 -2.9 -2.9 -2.9 -2.9 -2.9 -2.9 -2.9 -2.9 -2.9 -2.9 -2.9 -2.9 -2.9 -2.9 -2.9 -1.8 -0.7 0.2 1.1 1.9 2.7 3.6 4.3 4.5 4.7 4.5 4 3.4 5 5.1 5.5 7.7 8.1 12 16.2 18.4 15.3 12.1 9.7 5.6 6.6 10.7 20.9 25 29.7 38.3 33.9
-2.9 -2.9 -2.9 -2.9 -2.9 -2.9 -2.9 -2.9 -2.9 -2.9 -2.9 -2.9 -2.9 -2.9 -2.9 -2.9 -2.9 -2.9 -2.9 -2.6 -2.2 -1.9 -1.6 -1.2 -0.9 -1.2 -2.9 -2.9 -2.9 -2.9 -2.9 -2.9 -2.9 -2.9 -2.9 -2.9 -2.9 -2.9 -2.9 -2.9 -2.9 -2.9 -2.9 -2.9 -2.9 -2.9 -2.9 -2.9 -2.9 -2.9 -2.9 -2.9 -2.9 -2.9 -2.9 -2 -1.1 -0.1 0.8 1.8 2.7 3.6 4.6 5.1 5.1 5.1 5.1 4.3 4.9 4.8 4.2 5.3 7.4 8.4 11.8 15.6 16.2 12.9 10.7 6.9 5.6 8.2 15.1 22.8 29.2 36 41.8 35.9
-2.9 -2.9 -2.9 -2.9 -2.9 -2.9 -2.9 -2.9 -2.9 -2.9 -2.9 -2.9 -2.9 -2.9 -2.9 -2.9 -2.9 -2.9 -2.7 -2.4 -2 -1.7 -1.4 -1 -0.7 -0.4 -1.6 -2.9 -2.9 -2.9 -2.9 -2.9 -2.9 -2.9 -2.9 -2.9 -2.9 -2.9 -2.9 -2.9 -2.9 -2.9 -2.9 -2.9 -2.9 -2.9 -2.9 -2.9 -2.9 -2.9 -2.9 -2.9 -2.9 -2.9 -2.9 -1.5 -0.5 0.5 1.5 2.4 3.4 4.3 5.2 5.2 5.2 5.3 5.5 4.9 5.3 5.5 5.5 5.4 6.8 9.3 12.1 14.2 13.2 10.4 8.6 5.7 5.7 9 14.6 22.1 29.5 36.3 37.6 33.1
-2.9 -2.9 -2.9 -2.9 -2.9 -2.9 -2.9 -2.9 -2.9 -2.9 -2.9 -2.9 -2.9 -2.9 -2.9 -2.9 -2.9 -2.8 -2.5 -2.1 -1.8 -1.5 -1.1 -0.8 -0.5 -0.1 -0.3 -2 -2.9 -2.9 -2.9 -2.9 -2.9 -2.9 -2.9 -2.9 -2.9 -2.9 -2.9 -2.9 -2.9 -2.9 -2.9 -2.9 -2.9 -2.9 -2.9 -2.9 -2.9 -2.9 -2.9 -2.9 -2.9 -2.9 -2.9 -1.2 -0.1 1 2 3 3.9 4.8 5.1 5.2 5.3 5.6 5.9 5.1 4.9 5.2 5.5 5.7 8.3 9.7 11.1 10 8.1 7.1 5.8 5.7 10.4 9.2 13.1 21 25.3 29.4 29.5 27.6
-2.9 -2.9 -2.9 -2.9 -2.9 -2.9 -2.9 -2.9 -2.9 -2.9 -2.9 -2.9 -2.9 -2.9 -2.9 -2.9 -2.9 -2.6 -2.3 -1.9 -1.6 -1.3 -0.9 -0.6 -0.3 0.1 0.4 -0.7 -2.4 -2.9 -2.9 -2.9 -2.9 -2.9 -2.9 -2.9 -2.9 -2.9 -2.9 -2.9 -2.9 -2.9 -2.9 -2.9 -2.9 -2.9 -2.9 -2.9 -2.9 -2.9 -2.9 -2.9 -2.9 -2.9 -2.9 -1.1 0 1.2 2.3 3.4 4.2 4.7 4.9 5.1 5.3 5.8 6 5.3 4.6 5.2 5.4 5.6 8.9 9.8 8.2 5.7 6.1 5.6 5.9 7.7 7 8.6 12.2 16.8 20.8 23.3 22.9 22.6
-2.9 -2.9 -2.9 -2.9 -2.9 -2.9 -2.9 -2.9 -2.9 -2.9 -2.9 -2.9 -2.9 -2.9 -2.9 -2.9 -2.7 -2.4 -2 -1.7 -1.4 -1 -0.7 -0.4 0 0.3 0.6 0.6 -1.1 -2.8 -2.9 -2.9 -2.9 -2.9 -2.9 -2.9 -2.9 -2.9 -2.9 -2.9 -2.9 -2.9 -2.9 -2.9 -2.9 -2.9 -2.9 -2.9 -2.9 -2.9 -2.9 -2.9 -2.9 -2.9 -2.9 -1.2 0.1 1.3 2.6 4.1 4.6 4.7 4.9 5.1 5.6 5.9 5.8 5.7 5.2 5.2 5.5 5.6 6.2 6.6 5.7 5.7 6.3 11 6.6 7.6 7.9 9.1 11 13.3 15.9 18.7 19.7 22.9
-2.9 -2.9 -2.9 -2.9 -2.9 -2.9 -2.9 -2.9 -2.9 -2.9 -2.9 -2.9 -2.9 -2.9 -2.9 -2.8 -2.5 -2.1 -1.8 -1.5 -1.2 -0.8 -0.5 -0.2 0.2 0.5 0.8 1.2 0.2 -1.5 -2.9 -2.9 -2.9 -2.9 -2.9 -2.9 -2.9 -2.9 -2.9 -2.9 -2.6 -2.7 -2.8 -2.9 -2.9 -2.9 -2.9 -2.9 -2.9 -2.9 -2.9 -2.9 -2.9 -2.9 -2.9 -1.4 0.1 1.5 2.9 3.9 4.6 4.7 4.9 5.3 6.1 5.9 5.8 5.7 5.7 5.5 5.4 5.5 5.7 5.7 5.6 6.9 10.7 12.6 10.2 7.7 9.1 10.1 11.5 14 15.5 16.5 18.8 31.1
-2.9 -2.9 -2.9 -2.9 -2.9 -2.9 -2.9 -2.9 -2.9 -2.9 -2.9 -2.9 -2.9 -2.9 -2.9 -2.6 -2.3 -1.9 -1.6 -1.3 -0.9 -0.6 -0.3 0.1 0.4 0.7 1.1 1.4 1.5 -0.2 -1.9 -2.9 -2.9 -2.9 -2.9 -2.9 -2.9 -2.9 -2.9 -2.5 -2.3 -2.1 -2.2 -2.3 -2.4 -2.5 -2.6 -2.7 -2.8 -2.9 -2.9 -2.9 -2.9 -2.9 -2.9 -1.7 0.1 1.8 3.5 4.1 4.6 4.7 5 5.7 6.1 5.9 5.8 5.7 5.7 5.6 5.5 5.6 5.8 5.8 7.2 10.6 11.8 12.7 10.9 9.9 10.6 14 16.4 16.7 15.4 15.9 18.1 32.5
-2.9 -2.9 -2.9 -2.9 -2.9 -2.9 -2.9 -2.9 -2.9 -2.9 -2.9 -2.9 -2.9 -2.9 -2.7 -2.4 -2 -1.7 -1.4 -1 -0.7 -0.4 0 0.3 0.6 0.9 1.3 1.6 1.9 1.1 -0.6 -2.3 -2.9 -2.9 -2.9 -2.9 -2.9 -2.9 -2.5 -2.2 -2 -1.8 -1.5 -1.6 -1.8 -1.9 -2 -2.1 -2.2 -2.3 -2.4 -2.5 -2.7 -2.8 -2.9 -2.9 -0.3 1.9 3.8 4.4 4.5 4.6 5.2 5.9 5.9 5.9 5.8 5.7 5.6 5.5 5.7 5.7 5.7 5.7 7 10.6 14.2 12.8 11 13.2 14.9 17.2 24 23.6 17.9 16.3 20 36.6
-2.9 -2.9 -2.9 -2.9 -2.9 -2.9 -2.9 -2.9 -2.9 -2.9 -2.9 -2.9 -2.9 -2.8 -2.5 -2.2 -1.8 -1.5 -1.2 -0.8 -0.5 -0.2 0.2 0.5 0.8 1.2 1.5 1.8 2.2 2.3 0.6 -1.1 -2.9 -2.9 -2.9 -2.9 -2.9 -2.5 -2.2 -1.9 -1.7 -1.5 -1.3 -1 -1.1 -1.2 -1.4 -1.5 -1.6 -1.7 -1.8 -1.9 -2 -2.1 -2.3 -2.9 -0.8 1.8 3.4 4.4 4.4 4.9 5.6 5.9 5.9 5.9 5.8 5.6 5.5 5.7 6.1 7.4 6.4 7.1 7.8 12.5 10.3 13.1 11 14.3 16.9 19.1 24.1 27 19.3 15.7 17.2 36.2
-2.9 -2.9 -2.9 -2.9 -2.9 -2.9 -2.9 -2.9 -2.9 -2.9 -2.9 -2.9 -2.9 -2.6 -2.3 -1.9 -1.6 -1.3 -0.9 -0.6 -0.3 0.1 0.4 0.7 1.1 1.4 1.7 2.1 2.4 2.7 1.9 0.2 -2.9 -2.9 -2.9 -2.9 -2.9 -2.3 -2 -1.7 -1.4 -1.2 -1 -0.8 -0.5 -0.6 -0.7 -0.9 -1 -1.1 -1.2 -1.3 -1.4 -1.5 -1.6 -2.9 -2.9 1.8 3.7 4.1 4.5 5.1 5.7 5.9 5.8 5.8 5.5 5.6 5.6 5.8 6.1 10.8 12.2 10.2 12.1 12.1 12 11.4 11.1 13.4 16.2 21.1 24.1 22.4 16.7 16.1 20.9 36.1
-2.9 -2.9 -2.9 -2.9 -2.9 -2.9 -2.9 -2.9 -2.9 -2.9 -2.9 -2.9 -2.7 -2.4 -2.1 -1.7 -1.4 -1.1 -0.7 -0.4 -0.1 0.3 0.6 0.9 1.3 1.6 1.9 2.3 2.6 2.9 3.2 1.8 -0.3 -2.9 -2.9 -2.9 -2.3 -2 -1.7 -1.4 -1.1 -0.9 -0.7 -0.5 -0.2 0 -0.1 -0.2 -0.3 -0.5 -0.6 -0.7 -0.8 -0.9 -1.1 -2.2 -2.9 0.9 3.7 4 5 5.6 4.7 5.6 5.7 5.6 5.2 5.3 5.7 6.7 9 13 15.6 14.8 12.5 10.7 11.2 11.5 11.2 12 16.1 19.9 19.1 17.8 17 19.6 26.3 41.8
-2.9 -2.9 -2.9 -2.9 -2.9 -2.9 -2.9 -2.9 -2.9 -2.9 -2.9 -2.8 -2.5 -2.2 -1.8 -1.5 -1.2 -0.8 -0.5 -0.2 0.2 0.5 0.8 1.2 1.5 1.8 2.2 2.5 2.8 3.2 3.5 3.5 2.5 2.1 0.1 -1.9 -2 -1.7 -1.4 -1.1 -0.8 -0.5 -0.4 -0.1 0.1 0.3 0.5 0.4 0.3 0.2 0.1 -0.1 -0.2 -0.3 -0.7 -0.9 -2.9 -2.9 -2.9 4.1 5.6 4.7 4.8 5.5 4.5 4.8 5.4 5.7 5.6 8.2 11.8 15.7 15.8 12.6 9.8 10.1 11.6 11.7 11.1 12.2 17 17.7 15.6 16 19.6 24.3 32.6 41.9
-2.9 -2.9 -2.9 -2.9 -2.9 -2.9 -2.9 -2.9 -2.9 -2.9 -2.9 -2.6 -2.3 -2 -1.6 -1.3 -1 -0.6 -0.3 0 0.3 0.7 1 1.3 1.6 2 2.3 2.6 2.9 3.3 3.6 3.4 3.7 3.6 1.6 -0.4 -1.6 -1.4 -1.1 -0.8 -0.5 -0.2 0 0.2 0.4 0.6 0.8 1 0.9 0.8 0.7 0.6 0.5 0.3 -0.2 0.2 -0.2 -0.2 -2.9 4.5 5.1 5.7 5.7 5.7 5.7 5.2 6.4 7.6 7.9 12.1 16.1 17.1 13.8 10.2 9.6 9.7 11.3 11.7 11.2 14.1 17.2 15.5 14.2 15.1 23.8 26.7 33.6 39.5
-2.9 -2.9 -2.9 -2.9 -2.9 -2.9 -2.9 -2.9 -2.9 -2.9 -2.9 -2.5 -2.2 -1.9 -1.6 -1.3 -1 -0.6 -0.3 0 0.3 0.6 1 1.3 1.6 1.9 2.2 2.6 2.9 3.2 3.5 3.7 3.7 3.7 3.2 1.2 -0.8 -1 -0.8 -0.6 -0.3 0 0.3 0.5 0.7 0.9 1.1 1.3 1.5 1.4 1.3 1.2 1.1 1 0.5 1.4 1.7 2.7 4.2 5.6 5.4 5.6 5.8 5.4 5.6 6.5 7.1 9.3 12.6 16.7 17.6 14.5 11 9.3 9 10.7 11.8 11.8 12.2 15.1 15.6 13.6 13.8 15.5 20.9 28.1 32.4 38.1
-2.9 -2.9 -2.9 -2.9 -2.9 -2.9 -2.9 -2.9 -2.9 -2.7 -2.6 -2.5 -2.3 -1.9 -1.6 -1.3 -1 -0.7 -0.4 0 0.3 0.6 0.9 1.2 1.6 1.9 2.2 2.5 2.8 3.1 3.5 3.7 3.7 3.7 3.7 2.8 0.8 -0.6 -0.5 -0.2 0 0.3 0.6 0.8 1 1.2 1.4 1.6 1.8 2 1.9 1.8 1.7 1.4 1.7 2.8 3.7 4.4 4.8 5.6 5.8 5.6 5.7 6.9 5.9 7.2 11.2 14.2 17.1 18 13.1 9.7 9.8 9.2 11.4 13.6 12.7 11.9 12.9 14.1 13 13.3 13.7 19.2 23 27 30.2 37.9
-2.9 -2.9 -2.9 -2.9 -2.9 -2.9 -2.9 -2.8 -2.7 -2.6 -2.5 -2.3 -2.2 -2 -1.7 -1.3 -1 -0.7 -0.4 -0.1 0.3 0.6 0.9 1.2 1.5 1.8 2.2 2.5 2.8 3.1 3.4 3.7 3.7 3.7 3.7 3.7 2.3 0.4 -0.1 0.1 0.4 0.6 0.9 1.1 1.3 1.5 1.7 1.9 2.1 2.3 2.5 2.4 2.3 2.2 3 3.7 4 5.4 5.7 5.9 8.2 6.7 6.4 5.9 5.4 9 13.9 16.7 17.8 14.6 8.5 8.5 8.8 10.4 14.1 15.7 13.1 12.2 12.2 12.3 12.6 13.6 16.6 20.9 25 27.9 33.2 42.6
-2.9 -2.9 -2.9 -2.9 -2.9 -2.9 -2.8 -2.7 -2.6 -2.4 -2.3 -2.2 -2.1 -1.9 -1.7 -1.4 -1.1 -0.7 -0.4 -0.1 0.2 0.5 0.9 1.2 1.5 1.8 2.1 2.4 2.8 3.1 3.4 3.7 3.7 3.7 3.7 3.7 3.7 1.9 0.4 0.5 0.7 0.9 1.1 1.4 1.6 1.8 2 2.2 2.4 2.6 2.9 3.1 2.9 3.2 3.7 3.6 5 5.6 7.8 7 6.1 5.8 5.6 5.4 5.6 10 14.1 16 15.3 11.9 8.3 8.7 8.5 13.9 17.7 18 13.9 12.5 12.2 12.2 12.9 13.9 15.6 21.1 23.6 28.9 37.9 43.6
-2.9 -2.9 -2.9 -2.9 -2.9 -2.8 -2.6 -2.5 -2.4 -2.3 -2.2 -2 -1.9 -1.8 -1.6 -1.4 -1.1 -0.8 -0.5 -0.1 0.2 0.5 0.8 1.1 1.5 1.8 2.1 2.4 2.7 3 3.4 3.7 3.7 3.7 3.7 3.7 3.7 3.5 1.5 0.9 1.1 1.3 1.4 1.7 1.9 2.1 2.3 2.5 2.7 2.9 3.1 3.4 3.6 3.6 3.6 4.4 6.1 7 6.4 5.7 5.6 5.6 5.5 5.2 5.6 9.8 11.9 12.1 11.1 8.9 8.2 7.4 8.6 15.2 21.1 20.6 16.7 12.8 12.2 12.4 13.7 14.9 15.8 21.6 24 29.7 38.2 43.4
-2.9 -2.9 -2.9 -2.9 -2.7 -2.6 -2.5 -2.4 -2.2 -2.1 -2 -1.9 -1.8 -1.6 -1.5 -1.3 -1 -0.8 -0.5 -0.2 0.1 0.5 0.8 1.1 1.4 1.7 2.1 2.4 2.7 3 3.3 3.6 3.7 3.7 3.7 3.7 3.7 3.7 3.1 1.4 1.5 1.7 1.8 2 2.3 2.4 2.6 2.8 3 3.2 3.4 3.6 3.7 3.6 4.6 7.3 6.2 4.9 5.3 5.4 5.3 5.4 5.3 5.1 5.4 7.2 7.7 7.4 8.2 9.5 8.6 10.3 13.2 17.8 20.4 18.6 17 14.7 12.5 12.8 14.9 16.8 18.2 21.9 25.4 29.6 38 43.8
-2.9 -2.9 -2.8 -2.7 -2.6 -2.5 -2.3 -2.2 -2.1 -2 -1.8 -1.7 -1.6 -1.5 -1.4 -1.2 -1 -0.7 -0.5 -0.2 0.1 0.4 0.8 1.1 1.4 1.7 2 2.3 2.7 3 3.3 3.6 3.7 3.7 3.7 3.7 3.7 3.7 3.7 2.7 1.9 2.1 2.2 2.4 2.5 2.7 2.9 3.1 3.3 3.5 3.7 3.7 3.7 3.8 11.3 9.8 7.7 4.7 5.2 5.2 5.1 5.1 5.2 5.1 5.2 5.4 5.9 7.3 8.8 10.3 9.7 10.9 15.4 18.2 17.7 17 17 15.6 13.6 14.3 16.6 18.9 20.9 26.7 27.7 30.7 36 42.4
-2.9 -2.8 -2.7 -2.5 -2.4 -2.3 -2.2 -2.1 -1.9 -1.8 -1.7 -1.6 -1.4 -1.3 -1.2 -1.1 -1 -0.7 -0.4 -0.2 0.1 0.4 0.7 1 1.4 1.7 2 2.3 2.6 2.9 3.3 3.6 3.7 3.7 3.7 3.7 3.7 3.7 3.7 3.7 2.4 2.5 2.7 2.8 2.9 3.1 3.2 3.4 3.6 3.7 3.7 3.7 3.8 6.1 13.8 12.8 10.2 6.6 5.3 5.2 5.1 5.5 5.5 5.3 5 5.1 5.7 6 8.4 11.7 10.7 12.2 16.8 17.2 16.7 20.1 21.8 16.2 13.9 14.9 24.7 22.9 25.9 27.1 27.8 31.9 37.4 42.4
