WholeMapElevations/data/ss/ss32_OST50GRID_20230518/SS32.asc
ncols 200
nrows 200
xllcorner 230000
yllcorner 120000
cellsize 50
[rows 148 to 184 of 200, columns 0 to 83 of 200]
207.1 207.5 207 206.5 206 203.9 202 200.5 198.9 197.7 195.8 194.1 192.7 191.5 190.6 188.4 186 184.4 183.8 183.2 182.3 182 181.8 181.6 181.6 181.5 182.3 182.4 185.2 186 186.2 188.5 191.6 194.3 196.8 198.1 198.8 198.9 198.7 198.1 197 196.2 196.2 196.9 198.2 199.3 200.3 200.7 200.7 200 198.5 198 197.7 198 199.1 200.2 200.7 201.1 200.3 199.1 197.9 197.8 198.2 197.6 196.6 194.9 192.7 191.2 189.1 186.6 185.4 185.4 183 181.3 179.6 178.7 179 179.8 180.3 181.8 183.2 185 186.5 188.9
209 209.5 208.6 207.7 206.2 203.8 201.7 199.6 197.5 196.4 194.7 193.5 191.5 190.2 189.8 188.1 186 183.8 182.7 182.1 181 180.4 180.2 179.9 180.2 180.4 182 182.4 182.4 183.1 184.2 187.5 189.8 192.5 194.4 195.6 196.5 196.5 196.4 195.9 195.1 194.3 194.2 195.5 197.3 198.3 198.9 198.6 198.4 196.7 195.7 195.1 193.6 194.7 196.1 197.1 197.7 198 197.3 196 194.8 195.2 195.9 195.9 195.2 194.4 193.3 191.9 190.1 185.7 185.2 184.8 182.5 180.8 179.6 178.3 177.6 178.3 181.3 183.5 184.9 186.8 188.2 189.5
211 211.1 210.2 209.6 208 205.3 202.3 199.6 198.2 196.8 195.3 194.3 193.6 192.7 190.8 189.2 186.9 184.9 183.1 181.9 181 180 179 178.9 179.4 180.1 180.9 180.4 180.6 182.4 182.3 182.3 185.6 187.7 190 191.4 193 193 193 193 192.5 192 192.5 194.6 195.3 196.7 197.2 197 196.3 194.3 192.6 192.2 191.7 191.4 192.3 193.1 193.5 193.9 192.8 192 191.6 192 192.3 192.6 192.8 192.6 191.6 190.8 189.3 187.9 185.3 184.6 183.7 181.5 181.3 180 178.8 179 182.7 184.7 187.4 189.4 191.2 191.8
213.2 212.8 212.1 211.4 209.7 207.2 204.2 201.8 200.6 198.9 198 197.3 195.6 194.8 193.4 191.5 189.3 187.2 184.9 183.1 180.4 179.6 179 178.6 178.6 180.8 180.4 180.4 180.4 181.5 182.3 182.3 184.8 186.1 187.2 188.6 189.5 190.1 190.3 190.7 190.7 190.8 192.5 193.6 194.7 195.5 195.6 194.7 193.9 192.9 191.4 190.2 189.2 189.3 189.6 189.9 189.8 189.6 189.5 189.1 188 188.2 188.8 189.1 189.9 190.1 189.9 189.2 187.9 187.1 185.9 184.9 183.6 182.7 181.5 180.2 178.4 178.6 182.9 186.8 189.6 192 193.9 195.1
215 214.4 213.8 213.1 211.3 209.2 207.1 204.9 203.8 202.3 200.6 200.1 199.1 197.3 195.1 193.2 191.4 189.2 186.8 184 181.2 179.1 178.2 177.6 178.5 178.2 180.3 180.1 180.1 180.3 181.8 181.9 182.9 184.2 184.8 185.9 187.2 187.8 188.3 188.7 189.4 190.5 191.4 192.4 193.4 193.8 193.5 192.4 191.5 190.4 189.5 188.2 187.4 187.4 187.7 187.6 188 187.6 186.7 186.6 185.7 185.4 185.5 185.9 186.2 186.7 186.9 185.8 186.1 185.2 184.9 184.2 182.8 182 181.1 180.1 177.9 177 182.9 187.1 191 194.1 196.1 197.5
216.4 215.9 215.2 214.4 212.9 211.1 209.2 208 207 205.1 203.9 202.6 201.5 199.1 196.3 194.6 192.8 190.7 187.7 183.7 180.3 178 177 176.5 177.2 178.1 179.1 180.4 181.1 181.4 182 182.4 183.1 183.6 184.1 185.3 186 186.4 186.9 188.1 188.8 189.6 190.5 191.5 192.2 192.7 191.4 191.4 190.7 189.4 188 186.9 186.3 186 185.7 186.3 186.9 186.3 185 183.8 183.3 182.9 183.1 183.6 183.9 183.6 183.1 183.4 182.5 181.8 181.2 180.9 180.5 179.8 178.7 178.2 176.6 176.5 182.6 186.9 191.4 194.4 197.2 198.6
217 216.4 215.7 214.8 214.1 212.9 210.9 210 209.1 207.2 205.6 204.1 201.7 199.3 196.8 194.7 192.8 190.8 187.1 181 177.3 175.8 175.8 177.2 178.5 180.2 181.4 183 183.5 184.4 185.1 185.4 185.3 185.7 186 186.5 186.5 187.3 187.6 187.7 188.1 188.7 189.6 190.2 191.2 192 191.4 190.5 189.6 188.7 187.6 186.7 185.8 185.3 185.4 185.1 185.7 185 183.8 182.4 181.5 180.7 181.1 180.6 180.9 180.9 180.6 180.4 179.9 179.7 179.3 178.2 177.5 176.5 175.2 175.3 174.3 175.7 182.5 187 191.4 195 197.4 199.3
216.5 216.3 215.8 215.1 215.1 213.9 212.9 212 210.9 209.1 207.3 204.8 202.1 198.8 196.2 194 192.6 190.4 187.1 180.1 175.8 177.3 177.3 179.5 181.3 183.1 184.6 185.8 187.1 187.8 188.3 188.3 188.5 188.9 189.4 189.9 190 189.5 189 189.1 188.7 189.1 189.9 190.7 191.5 192.3 192 191.5 191 189.9 188.8 187.7 186.1 185.3 185.2 184.4 184.5 183.7 182.5 181.4 181 180.5 179.8 179.3 178.8 178.3 178.3 178.3 177.9 176.9 175.6 175.2 174.6 173.8 173.3 172.1 172.5 174.6 181.7 186.2 189.7 193.3 196.2 198.3
215.6 215.3 215.4 215.4 215 214.6 214.1 213.2 211.8 210.1 207.8 205.6 203 199.8 195.8 192 189.5 188.2 185.7 180.9 174.8 176.4 178.8 181.9 183.8 185.6 187.4 188.5 189.7 191.3 191.8 192.1 192.8 193.3 193.7 193.2 193.5 192.5 191.2 190.6 190.1 189.9 190.9 192.1 193.4 194.6 194.3 194.1 193.3 192.2 190.7 188.7 186.7 185.7 184.9 184.2 183.5 182.9 182.4 181.6 180.8 180.5 179.6 178.9 178.6 177.8 177.1 176.5 176.5 175.8 176.3 177.6 177.1 176.8 174.6 172.7 172.6 173 179.1 183.3 186.4 189.6 192.8 194.8
213.8 213.7 213.9 213.9 214.4 214.2 214 213.2 212 210.6 208.7 206.3 203.4 200.6 195.2 190.8 186.8 184.6 183 179.4 174.7 177.4 181.3 183.5 185.5 187.6 189.9 191.7 193.4 195.1 196 196.9 197.2 197.5 197.8 197.7 196.8 195.4 194.2 193.3 192.4 192.1 193.2 194.5 196.1 196.9 196.7 196.5 195.9 194.7 192.7 190.7 188.3 187.2 186.5 185.9 185.3 184.7 184 183.6 182.9 181.9 181.2 180.1 179.4 178.6 177.9 178 178.2 179.4 180.5 181.2 181.5 180.8 179.1 176.8 173.4 170.1 175.3 179.7 182.3 185.5 188.9 191
211 211.3 211.8 212.2 212.9 213.6 213.6 213 212 210.9 208.8 206.3 203.5 199.9 195.4 189.1 185 181.3 179.4 177 176.6 180.1 182.1 184.2 186.6 188.7 191.4 193.6 195.9 198.4 199.4 199.9 200.7 200.9 200.9 200.4 199.5 198.2 197 196.1 194.5 194.6 195.7 197 198.4 199.1 199.4 199.1 198.3 196.8 194.8 192.2 190 189 188.4 187.8 187.2 186.6 185.9 185.2 184.8 183.5 182.5 181.4 180.4 179.5 179.7 180.1 180.8 181.5 182.9 183.8 184.2 183.7 182.2 179.7 175.5 172.3 170.7 174.1 176.6 179.7 184.3 186.8
206.8 207.2 207.9 209.3 210.4 211.2 211.7 211.3 210.4 209.1 207.5 205.1 202.4 198.7 192.7 186.5 182 178.8 175.5 173.5 178.3 179.7 182 183.8 186 188 190.8 194 196.7 199 200.4 201.6 202.3 202.3 202.1 201.3 200.8 200 199.1 198.2 196.8 196.8 197.4 198.9 200.1 200.7 200.9 200.7 200.3 199 197.1 195.5 192.2 191.6 191 190.5 189.9 189.1 187.9 187.6 187 186.3 185 183.7 182.8 181.8 181.8 182.6 183.9 184.8 185.4 186.1 186.3 185.3 183.5 182 178 173.5 167 169.3 171.6 173.9 177.3 180.8
201.8 202.8 204.4 205.9 207.5 208.6 209.2 208.3 207.5 205.8 203.3 201.8 199.4 195.9 190.6 184.5 179.4 176.6 174 173.2 176.4 178 180 182.3 184.2 187.3 190.3 193.5 196 199.2 200.9 202 202.7 202.5 202.7 202.3 201.4 200.7 200.3 199.6 199 198.6 199 200.5 200.8 201.4 201.6 201.8 201.5 200.5 199.7 198.3 196.8 195.4 194.5 193.1 193.1 192.4 191.3 190.4 190.3 189.3 188.4 186.5 184.7 184 184.7 185.5 186.9 187.3 187.8 188.8 188.7 187.9 186.5 185.1 181 176 171.8 169.6 169.1 170.3 173.8 177.1
197.9 198.2 199.8 201.7 203.4 204.1 204.8 204 202.7 200.8 198.3 198.2 196.6 193.3 188.3 183.5 178.1 175.2 172.5 173.3 175.5 176.8 178.3 180.7 183.4 186.3 189.4 193 195.2 197.3 200.3 201.7 202.3 202.1 202.1 201.8 201.5 200.9 200.5 200.1 199.3 199.8 200.2 200.4 201 201.5 201.5 201.8 202 201.8 201.5 200.8 199.9 198.9 197.4 196 195.6 195.3 194.1 192.9 193.5 192.8 192.1 190.9 188.9 187.6 188 188 188.7 189.7 190 191 191 190.9 189.5 188 185.6 181.7 177 174.5 172.5 169.3 170.5 173.3
194 193.7 195.1 196.8 198.4 199.5 200.2 199.4 197.6 195.3 194.3 194.5 193.4 191.4 188 182.8 176.3 172.7 171.3 172.9 174.5 176.3 178.4 180 182.5 185.5 188.8 191.7 194.8 197.4 199.8 201.3 201.9 201.9 201.5 200.4 200 199.6 199.7 199.7 198.8 198.8 199.2 199.7 200.1 200.6 200.6 201 201.9 202.3 202.8 202.7 201.8 200.6 200.3 198.9 197.6 197.1 196.3 195.5 195 194.5 194 193.3 192.5 191.9 191.2 191.4 192.1 192.7 192.6 193 192.9 192.7 192 190.7 188.8 186.3 182.7 178.3 173.1 169.9 170.7 175.6
188.5 188.9 190 191.3 192.7 193.8 194.2 192.9 191.2 190.4 190.3 190.2 189.3 188.8 185.5 180.6 175 170.4 171.3 174.3 176.3 178.9 181.2 183.1 184.5 185.8 188.2 190.4 193.7 195.7 197.6 199.1 199.8 200.1 199.6 198.9 198.2 198.1 197.8 197.4 197.7 197.6 197.8 198.1 199 199.2 199.1 200.3 201.3 202.2 203 203 203.2 203.6 203.2 200.8 198.9 198 196.9 195.8 195.3 194.6 194 193.4 192.5 192 191.6 192.3 193.1 193.5 194 194.1 194.3 194.1 193.6 192.3 190.4 187.8 184.8 180.6 174.4 167.9 171.2 177.3
183.9 184.2 184.4 184.9 187.1 187.8 187.4 185.6 185.6 184.8 185 185.2 185.2 184.5 181.7 178.4 173 170.4 172.4 176.6 178.5 180.8 182.8 184.6 186.5 187.8 188.7 190.5 192.5 194.2 196.5 198 197.8 198.2 197.6 197 196 195.7 195.5 195 194.8 194.6 194.9 195.6 196.4 196.5 197.2 198.7 200.2 201.2 202.1 202 202.3 202.8 200.3 199.6 198.2 197.4 196.5 195.4 194.8 193.8 193 192.3 192.4 192.3 192 191.9 192.2 192.6 193 193.6 194.2 194.9 195 193.6 191.5 189.1 185.8 178.9 172.9 165.3 170 175.7
181.2 180 178.3 177.4 178 179.2 179.1 179.6 179.9 180 179.8 180.2 180.6 179.7 177.9 175.4 171 170.2 174 177.2 179.8 181.6 183.5 185.6 187.4 189 189.9 191.3 192.6 194 195.7 197.1 197.1 196.8 195.9 195.1 193.7 193.1 193 192.9 192.5 192 192.3 192.8 193.6 194 195.5 196.9 198.5 200.2 200.4 201 201.3 200.4 199.6 198.1 196.9 196.2 195.5 194.8 193.6 192.2 191.3 190.7 189.7 189.7 189.6 189.2 189.4 190.4 190.1 191.2 192.7 193.8 194.2 193.6 191.8 189.2 185.9 181.1 174.4 165.1 167.4 174
178.9 179.3 179.8 179.8 179 177.3 175.1 174.2 174.3 175.3 175.4 175.7 175.6 174.6 173.3 171.7 168.7 171.5 174.5 177.1 179.4 181.5 183.5 185.5 187.4 189.1 190.6 191.9 192.6 193.4 195.2 196.3 196.2 196 194.4 192.4 191.3 190.5 190.1 189.7 189.2 189.6 189.9 190.1 190.9 192.6 194.3 195.9 197.6 199.3 199.8 199.8 199.8 199.7 198.6 196.8 195.5 194.5 193.1 192 191.3 190.3 188.7 188.2 187.7 187.3 186.9 186.4 186.2 186.6 187.7 188.8 189.8 190.9 191.4 191.5 190.8 189 186 182 176.4 166.8 166.7 174
183.5 183.7 183.8 184.3 183.9 181.4 178.9 175.6 174 172.1 170.4 171.5 171.8 171.2 170.1 169.3 168.8 171.5 174.2 176.1 178.1 179.9 181.5 184.4 185.8 187.7 189.8 191.4 192.8 193.7 194.6 195.4 195.7 195.2 194.5 192.5 190.5 188.5 186.9 186.5 186.3 185.8 187.1 188.8 190.4 192.2 193.7 195.2 196.8 198.4 199.5 199.5 199.5 199 197.7 196.1 194.6 192.4 190.8 189.7 189.2 188.4 186.4 185 184.8 183.9 182.9 183 184.1 183.2 183.9 185 186.2 187.4 188.7 189.2 189.1 187.8 185.4 181.4 176.2 167.1 166.3 173.3
186.9 186.9 187.3 187.5 186.3 184.9 181.3 177.6 174.6 172.1 170 168.9 169.2 168.9 168.6 168.1 168.2 170.3 172.6 174.5 175.9 177.8 179.3 181.1 183.6 185.7 188.5 190.1 191.7 193.2 194.1 195.3 195.5 195.1 193.9 192.1 190.2 188.2 186 184.1 183.9 184.2 186.3 188.3 190.1 191.5 193 194.5 196.2 198.4 199.4 200.1 199.7 199 198.3 197 195.8 194.4 193 191.9 189.8 187.6 186.6 185.7 185 184.3 183.4 185.4 182.6 181.4 180.7 179.4 180.7 181.9 184.3 187 187.7 186.5 183.5 180.3 175.7 167.4 164.7 171.9
192.4 192.5 191.9 191 189.4 188.1 184.8 179.7 176.2 173.7 171 168.7 167.7 167.6 167.7 167.7 168 169.4 170.9 172.3 173.7 175.3 176.9 178.8 181.3 183.7 186.5 188.9 190.5 192.1 193.4 194.5 194.9 194.6 193.7 192 189.5 187 184.7 182.6 181.7 183 185 186.9 188.9 190 191.9 193.9 196.1 198.3 199.5 200.5 200.7 200.2 199.9 199.1 198 197.2 195.8 194.6 192.1 189.8 189.3 188.4 187.3 186.9 186.6 186.3 185.3 182.9 181.5 179.3 176.4 175.9 173.3 178 182.8 183.4 181.7 179.1 177.5 169.7 164.3 173.3
196.5 196.8 196.2 195.4 193.4 191.6 189 186.5 180.9 177.7 173.3 168.4 167 167.1 167.2 167.3 167.9 168.7 169.5 170.4 171.7 173.1 174.8 176.8 179.1 181.7 184.5 187.2 189 190.8 192.4 193.6 194.3 193.9 192.7 191 188.4 185.6 183.4 181.3 179.8 181.7 183.6 185.5 187.5 189.5 192.2 194.3 196 198.2 199.6 200.5 201.2 201.2 200.7 200.7 199.4 199.3 198.3 196.6 193.9 192.6 192 190.8 189.9 189.6 189.6 189.4 189.1 189.2 188.5 186.8 183.9 179.4 172.7 169.8 175.2 177.5 180 179 177.3 170.7 163.7 175.2
199.6 200.1 199.9 198.6 196.9 194.1 191.3 187.7 183.7 179.7 174.2 169.2 166.3 166.6 167.3 167.9 168.1 168.8 169.3 169.9 170.9 172.2 173.3 175 177.2 179.6 182.4 185 186.8 188.5 190.2 192.5 193.5 193.2 191.9 189.3 186.7 184.2 182.1 180.2 178.4 180.2 182.2 184.1 186.1 188.6 191.9 194.3 196.2 198 199.5 200.3 200.9 201.3 200.7 200.1 200.1 200.1 199.2 197.6 196.5 195.5 194.4 192.9 192.6 192.5 192.1 191.8 191.6 191.2 190.9 190.1 188.2 184.8 177.2 173.3 169.4 168 169.2 170.8 171.4 167.7 165.1 174.6
202.6 202.3 201.7 200.4 198.6 196.4 193.7 190.2 185.3 179.8 172.7 166.8 166.2 166.6 168 168.7 169 169.7 170.4 170.8 170.8 172.2 172.9 173.7 175.9 177.8 179.9 182.7 184.8 187.4 189.7 191.7 192.6 192.6 191.7 188.4 185.7 183.2 181.5 179.9 177.3 179 180.8 182.7 185 187.7 190.4 193.4 195.5 197.4 199 199.8 200 200.3 200.1 199.8 199.9 199.5 199.2 198.6 197.8 196.8 196 195.1 194.8 194.4 193.9 193.7 193.6 193.1 192.4 191.5 189.7 186.7 180.9 177 173.2 169.5 166.8 163.5 162.4 161.1 165.5 172.2
203 202.9 202.5 201.6 200.2 198 195.8 190.7 184.7 177.1 167.5 165.8 166.3 167.5 168.9 170.5 172 173.5 174.1 174.2 172.5 172.4 173 173.9 175.2 176.9 178.9 181.7 184.4 187 189 191.2 191.8 192.4 191.3 188.2 185 182.5 180.2 178.6 176.7 177.3 179.3 181.4 184.1 186.8 189.5 192.2 194.4 195.8 197 197.3 198.4 198.6 198.6 197.4 198.9 198.9 198.3 197.6 197.5 197.3 196.6 195.8 196 195.9 195.8 195.3 194.5 193.6 192.5 191.4 189.3 187.7 184.4 181.2 177.5 174.6 172.1 168.7 164.2 160.3 164.4 170.9
202.4 202.2 202.2 201.9 201.2 199.5 196.8 192.5 186.6 175.5 166.1 166.1 168.6 170.6 173.1 174.7 176.3 177.7 177.6 177.1 175.7 175.3 175.2 176.6 176.1 177 178.9 181.7 184.2 186.9 189.4 190.6 191.8 192.1 190.9 188.3 184.7 181.8 179 177.4 175.6 176.6 178.7 180.8 183.2 185.9 188.5 191.1 192.7 194 193.8 194.7 195.8 196.5 194.9 195.7 197 197.9 197.9 197 196.2 197.1 196.9 196.5 196.6 196.4 196 195.5 194.3 193.2 191.9 189.7 188.5 187 185 182.3 179 176.2 174.2 171.6 167 159.3 163.2 168.8
201.4 201.3 201.4 201.6 201.1 200 197.3 193.1 187.1 174.9 165.8 170 175.2 177.3 178.8 179.4 180.9 181.3 180.8 180.2 178.7 177.3 177.2 178.8 178.4 177.5 179.4 182.1 184.6 187.2 189.4 190.7 191.7 192.1 191.3 188.4 185 182.2 179.2 176.6 174.8 175.4 178 180.2 182.2 185 187.3 189.6 191.3 192.2 193 193.6 193.3 191.9 192.5 194.2 195.6 196.3 196.6 196.3 195.5 194.1 195.6 195.7 195.4 195.5 195 193.9 192.2 191.3 189.3 187.9 186.8 185.3 183 180.2 178.2 175.8 173.4 170.7 166.6 158.5 160.8 165.4
199.5 199.3 199.6 199.9 199.7 198.7 196.1 192.4 186.8 170.3 167.1 177.3 180.9 182.5 183.8 184.6 185.1 184.8 184.6 182.9 181.2 179.6 179.3 180.4 180.3 179 180 182.6 185 187.5 189.5 190.9 192 192 189.5 188.5 185.5 182.4 179.5 176.9 174.7 174.1 176.3 179.1 180.6 183.2 185.4 187.4 188.9 190.1 190.8 191.1 192 190.9 190.1 193 194.4 195.5 195.3 194.3 193.4 193.2 193.9 194.3 194.2 193.6 192.7 191.5 189.1 188.4 186.9 184.4 183.6 182.7 180.5 178.2 175.4 172.7 170.4 168.3 163.8 159.9 158 159.1
197.2 196 196.6 197.1 196.5 195.3 193.2 189.8 173.5 164.8 169 182 185.6 186.9 187.5 187.8 187.9 187.5 187.1 185.4 183.7 181.5 181 181.3 181.4 181.3 181.2 183.1 185.5 187.9 189.5 191.1 192.3 192.2 191.2 188.9 186.3 182.5 179.7 177.1 175.1 173 175 176.9 178.4 180.6 183.1 184.7 186.3 187.8 188.7 188.6 188.2 187.9 188.9 192.1 193.7 194.5 194.1 192.8 191.6 190.6 189.8 191.8 190.9 190 188.4 187.6 188.2 186.1 184.1 182.3 180.7 179.3 176.9 174.6 172.3 169.4 166.5 163.3 158.4 160.1 159.3 162.5
194.6 191.6 192.3 192.7 192.4 191.8 190 186.7 163.7 162.6 175.5 183.4 187.5 189.1 189.9 190.5 190.7 190 189.6 188.3 186.8 183.5 183.7 183.5 182.9 182.5 182.4 182.8 185.4 187.2 189.9 191.8 192.9 193.3 192.4 189.5 186.3 182 179.3 177.5 174.8 172.1 172.6 173.9 175 176.9 179.5 181.2 182.6 184.2 185.3 185.6 185 184.1 187.3 190.9 192.7 193.7 193.4 192 189.5 186.8 185.7 186 188 186.1 186.2 185 184.2 183 181.1 179.1 177.1 175.6 173.9 171.3 168.7 165.7 162.3 158.8 158.2 159.5 162.7 167.1
192 188.8 188 188.4 187.5 187 185 169 160.7 168.2 178.8 184.7 187.8 189.9 191.4 191.6 191.8 192.1 191.3 190.1 188.8 187 186.7 185.2 184.5 183.9 183.8 185 185.7 187.6 189.4 191.6 192.8 193.4 192.3 189.2 185.6 183.4 179.7 179.6 175.6 172.8 170.6 170.7 171.9 173.5 175.4 176.9 178.7 180.4 182 182.2 181.3 181.8 185.7 189.5 191.8 192.9 192.9 192.1 189.6 187.4 184.1 183 182.8 182.8 182.2 181.1 180.4 179.4 177.4 175.3 172.9 170.9 169 166.8 163 159.9 157.1 154.9 155 155.7 162.4 169.3
189.7 185.8 184 183.6 182.6 181.6 173.2 161.7 166.1 172.2 175.9 183.6 186.2 189.5 191.9 191.3 192.5 193.6 192.7 191.3 189.6 189 188.5 186.9 186.5 185.4 185.8 186.5 186.8 187.9 190.1 191.5 192.3 193.3 192.3 190.5 187.8 185.6 182.1 179.3 176.8 174.8 171.9 169.8 169.4 170.4 172 173.7 175.2 176.8 178.5 178.2 177.6 180 184.4 188.1 190.5 192.4 192.9 192.4 190.9 188.1 184.7 181.8 178.3 179 178.2 177 176.4 175.3 173.4 171.1 167.9 164.2 162.2 160.8 159.3 160.5 157.6 154.8 155.1 157.1 163.9 169.1
189.1 184.7 181.5 177.8 176.7 175.3 165.8 160.7 171.9 176.6 179 181.1 186.3 189.5 191.4 192.5 193.7 194.9 194.4 193.6 192.5 191.5 190.4 189.2 188.7 187.8 187.2 187.2 187.6 188.3 190.1 191.5 192.3 192.7 192.8 191.8 190.4 188.3 185.6 182.5 178.7 176 173.1 171.3 169 168.3 169.1 171.1 172.6 174 175.2 175.1 175.4 179.2 183.4 186.7 189.8 191.5 192.8 192.6 191.4 189.6 186.1 184 178.8 175.9 174.3 173.9 173 170.8 168.5 166.3 164 163 163.8 164.4 165.1 164.6 161.8 156.8 154.1 156.6 162 167.6
188.9 185.8 180.9 175.2 170.8 166.4 161 163.3 172.8 178.5 181.6 183.6 186.3 190 192.3 193.5 194.8 195.5 195.8 196.8 194.8 193.3 192 190.8 191 190.8 189.8 188.9 188.9 189.1 190.1 191.1 191.9 192 192.1 192.2 191.1 189.8 187.9 184.7 181 176.9 174.3 172 170.4 167.5 167.2 167.4 169.2 170.7 171.8 171.5 174.3 178.3 182.2 185.5 189 190.7 192.3 192.8 190.7 189.6 187.3 184.2 179.7 176 173.5 171.8 171.5 169.8 167.5 167.5 167.6 169 169.1 168.9 168.4 166.4 162.9 157.5 152.9 152.4 159.5 165.4
187.7 185.8 181.7 179.8 175.1 166.8 159.4 167.1 175.1 179 182.7 184 186.4 189.7 193 194.5 195.8 197.1 198.4 199.2 197.2 194.6 192.9 192.5 192.1 191.6 191.2 190.4 190.7 190.5 190.1 190.8 191.2 191.3 191.3 191.2 190.6 190 188.3 185.2 181.4 178.1 176 173.2 171.2 169.5 167.4 165.2 167.1 168 168.5 170 173.4 177.4 181.3 184.3 187.8 190.2 191.8 192.1 191 189 187 183.3 180.5 177.4 173.9 172.4 172.4 172 171.3 171 171 170.9 169.8 168.3 166.8 165.7 162.4 157.4 151.6 148.5 156.3 162.8
185.8 184.5 182.9 180.4 176.6 169 159.8 165.6 173.6 177.5 181.4 183.6 186.3 189.5 192.9 195.3 196.8 198.1 199.4 200.5 199.5 197.3 194.6 193.7 193.3 192.6 192.3 191.5 190.6 190.5 190.3 190.3 191 190.7 190.5 190 189.7 189.4 187.8 186 182.8 179.6 177.2 175 173.4 170.9 168.5 165.7 165.2 165.5 166.2 168.5 171.9 175.7 179.9 183.9 186.6 189.5 190.9 191.4 190.6 189.3 186.7 183.4 181.8 179.1 176.5 173.6 173.9 172.9 172.6 172 171.3 170.5 168.5 167.2 165.8 164.4 161.7 157.1 151.5 147.9 153.6 159.5
