UK/data/nh/nh01_OST50GRID_20230518/NH01.asc
ncols 200
nrows 200
xllcorner 200000
yllcorner 810000
cellsize 50
[rows 0 to 34 of 200, columns 78 to 155 of 200]
431.2 419.7 419.9 408.6 396.9 388.5 380.8 374.7 370 362.5 352 345 338 336.5 332.6 328.2 323.9 324.1 324.9 323.6 320.7 317.6 315.5 315.5 317.2 312.1 315.4 315.1 316.5 312.9 312.7 308.9 310.7 316.4 314.4 311.4 308.7 308.4 307.5 306 306.2 309.4 313.3 309.5 306.4 309.1 308.1 304.9 305.1 305.2 307.8 308.7 306.7 305.2 305 301.4 297.1 295 294.7 294.1 288.8 285.7 284 282.3 278.3 273.3 272.5 273.5 274.3 270.8 266.7 264.3 262.6 262 261.1 260.1 259.5 258
455.9 450 442.5 432 421.1 415.6 405.9 397.7 385.7 381 369 358.9 352.8 348.3 342.3 336.3 332.7 331.5 331.2 327.8 322.6 319.1 319.7 317.5 317.3 315.3 311 312.3 310 308.5 308.5 310.5 307 311.5 310.6 308.3 306.2 304.9 304.4 303.9 304.1 304.7 306.7 306.3 304.7 303.1 303 302.9 300.3 298.6 300.7 303.7 302.3 303.7 303 296 293.5 288.4 288.9 290.5 287.4 280.9 282.1 279.3 277.5 272.3 269.3 268.9 267.4 267.4 266 264.3 263.4 262.5 261.6 259.2 258.1 258.1
487.1 481.5 478.4 463 456.7 442.4 430.5 415.3 408.5 397.2 386.3 375.4 368 362.2 357.8 352.1 349.2 346.2 340.2 337.1 331.7 327 324.5 322.6 322 317.4 319 315 312.4 311 310 312.6 312.4 307.5 305.4 306.2 304.9 304.2 303.7 303.8 303 303.3 306.1 304.7 304.5 302.1 299.6 300.6 298.3 295.7 296.9 300.2 298.3 299.1 300.8 291.9 290.8 284.5 285 285.6 284.8 277.9 279.4 276 273.7 271.8 271.7 267.9 264.2 264.5 265.8 266.8 261.6 259.7 259.5 259.6 261.9 264.7
518.7 519.4 517.7 497.9 483.5 473 455.7 444.5 428.8 417.9 408.3 393.9 388.9 380.2 372.8 367.5 364.6 356.6 352.8 349.5 343.2 337.7 335 333.5 332.1 329 324.6 318.1 314.7 313 311.6 312.2 311.2 309 306.7 305.6 305.9 305 304.1 303.7 303.2 301.6 303.5 300.3 300.1 299.6 300.7 296.7 294.5 294.7 293.4 297.8 296.6 291.2 291.2 287.9 284 281.6 281.2 279 277.6 273.8 273.9 272.8 271.8 270.8 269.2 267.5 264 261.6 260.1 260.8 264.7 260.9 260.7 262.1 264.2 268.8
565.5 563.7 557.8 535.4 512.9 498.2 486.7 470.8 455.3 440.5 425.7 414.4 407.6 396.8 389.1 380.6 378.9 367.1 366.5 361.1 358.2 353.1 350.8 350.5 346.5 343.1 333.6 328.6 325.3 321 321.6 318.4 312.9 312.1 310.8 309.7 308.2 308.8 308.5 306.8 307.3 307.9 309.1 307.6 303.7 303.4 302.9 297.9 296.4 296 294.9 292.2 290.7 289.2 287.9 288.7 286.1 277.2 276.1 274.1 270.5 270.7 272.3 270.7 269.9 270.1 270.5 268.7 261 264.6 262.7 266.2 267.6 263.1 262.7 264.5 267 272.9
596.8 596.8 592.6 568.3 550.1 534.6 518.5 500.6 477 462.6 449.1 437.6 427.9 419.5 404.1 396.9 392.1 385.3 382.8 379.8 374.6 371 371 367.3 364.8 357.8 350.2 340.9 339.1 338.9 335.7 328.3 322.9 322.6 320.5 320 319.2 319.3 319.8 318.6 320 319.6 316.2 313.8 308.9 306.9 304.8 298.5 297.4 296.8 295.1 292.5 292 290.7 288.2 284.6 279.6 285 281.4 278.5 274.1 272.3 267.3 268.1 267.5 266.5 265.2 263.9 264.8 265.9 266.4 268.3 268.3 266.2 266.5 267.7 270.9 278.9
611.4 623 623.1 608 588.9 575.8 550.4 529 510 489.8 471.5 458.1 445 434.6 422.7 414.5 406.6 402.8 402.9 399.3 397.3 395.8 391.2 391.7 388.6 375.9 366.7 362.9 353.6 352.1 346.8 341.4 339.5 336.1 333.3 335 334.5 330.9 330.5 331.8 333.5 330.7 323.3 320.5 318.5 313.9 307.3 303.3 299.7 299.5 301.1 297.9 293.7 293.3 290 288.3 284.6 284.1 281.7 278.8 274.5 272.4 270.6 268.5 265.2 263.9 263.7 269.2 266.8 267.8 268.6 268.9 268.4 268.3 268.7 274.2 277.5 283.5
621.7 641 657.5 644.4 629.5 614.6 586.5 563.9 545.9 521.1 498.1 482.3 468.2 452.2 440 432.2 428.1 421.9 422.6 420 421.1 420.5 414.5 412.7 407.2 393.9 387.7 380.2 373.1 365.7 358.7 355.8 353.9 351.7 350.1 351.6 350.4 344.3 346.5 343.7 342.1 339 335.4 329.6 328.5 322.5 316.1 310.7 306.6 307.3 304.6 298.2 295 292.8 290.5 288.1 284.7 283.1 280.9 277.7 274.1 271.7 270.6 269.3 267.4 265.5 264.8 267 269 270.1 269.1 269.1 270.9 273.2 276.4 281.7 286.3 292.2
629.7 651.1 679.8 684.5 666.7 648 626.1 600.8 576 549 527 505.5 490.4 481.9 466.6 444.6 451.1 446.8 449.2 449.5 450.1 446.7 439.6 435.7 428.3 415.9 407.8 402.8 391.1 382.3 377.3 374.3 372.9 371.1 369.1 371.4 367.6 365.5 361.8 362.6 358.4 351.8 345.2 344.4 341.4 334.4 327.5 322.9 320 313.4 305.3 295.6 296.5 291.6 288.8 287.3 284.1 281.7 279.6 276.4 273.5 271.7 271.1 268.9 268.4 266.1 264.5 267.6 268.8 269.4 270 270.3 272.3 277.6 285.6 292.1 296.9 302.9
633.6 655.6 681.8 698.3 693.1 683 657.4 633.5 599.8 575.9 554.9 536.7 521.1 508.7 487.3 479.2 478 476.9 482.4 483.6 485 480.5 474 470.4 460.6 446.7 431.5 416.7 408.7 403.1 398.6 396 395.1 394.1 392.4 390.5 387.9 383.4 385.8 376.5 369.2 366.9 366 359.4 354.1 346.5 341.6 334.7 324.4 316.8 308.3 299.8 289.4 287.8 285.1 284.7 285 279.6 278 276 273.3 270.5 268.3 267.6 266.8 266.5 266 269.6 269.5 270.8 270.9 278.8 281 286.4 294.6 298.6 302.9 314.6
636.8 663.5 687.6 708.1 715.9 719.1 697.4 662.7 623.8 597.1 579.9 560.9 544.9 527.7 503.8 508 506.9 510.9 516.8 518 517.3 516.1 509.3 506.5 486.8 471.2 456.2 445.9 441 430.9 420.7 420 419.6 418.7 417.4 411.4 407.8 406.3 402.6 397.9 394.9 390.4 379.6 366.6 366.2 358 352.8 343.1 330.2 320.8 310.8 301.1 289.7 284.9 280.9 282.4 277.6 277.2 274.7 274.2 273 270 269.9 267.8 267.9 266.5 269 269.8 270.4 272.8 276.3 280.4 285.9 294 296.7 304.4 312.3 327.4
636.4 664.5 690.2 715.3 731.8 746.3 729.2 690.6 650 623 598.1 579 558.1 544.8 528.7 530.4 536.7 549.1 552.8 554.3 550.3 547.5 543.4 527.3 510.9 494.1 479 474.7 465 455.8 444.2 447.8 454.2 453.5 448.2 441.4 439.5 434.1 429.9 421.3 411.8 400.4 388.9 384.6 380.5 370.4 361.3 347.4 333.9 321.4 312.9 299 290.5 283.2 282.5 280.1 279.7 276.8 273.9 272.4 272.7 271.9 271.6 269.6 266.7 269.8 271.2 273.1 273.1 275.1 278.6 282 287.6 295.1 302.4 310.3 323.7 341.7
633.4 662.3 689.1 716 737.6 757.8 752.6 716.7 675.7 648.2 622.2 596.4 577.4 559.8 549.7 546.7 557.4 572.4 574.6 574.8 571.9 571.1 568.4 557.5 539.7 512.4 506.8 503.4 487.2 482.4 477 482.8 490 482.5 478.3 478.4 476.8 470.8 456 445.3 430.6 410.1 397.8 392.4 390.2 376.8 364.8 349.8 335.3 320.6 312.2 301.6 291.5 287.2 285.4 282.8 280.2 278.2 276.3 273.2 274.7 273.7 272.4 272.1 271.9 269.7 269.1 270.9 275 277.8 282 284.2 290.3 300.6 310.8 322.9 336.8 355.6
632.7 661.1 689.6 717.5 741.6 765.3 772 743.5 702.4 669.8 645 618.8 604.2 589.8 575 573.6 593 598.5 595.4 591.5 593.1 593.4 589.3 572.1 551.8 531.4 526.7 518.6 509.1 507.4 519.8 531.2 533.3 525.4 523.2 517.6 505.7 492.4 485.3 477.5 454.2 440.1 413.7 398 391.4 381.2 364 348.7 333.3 319.3 312.4 303.7 296.4 292.1 288.1 284.4 279.9 279.8 275.4 273.6 273.7 272.9 274.2 275.5 275.3 274 273.7 271.8 274.8 278.8 283.7 288.5 295.3 307.3 320.6 335.7 348.4 367.2
636.7 659.5 689.1 718.6 746.8 771.3 784.2 754.6 716.7 693.1 660.6 645.8 629.8 617.2 608.6 615.4 619.3 619.7 618.9 628.9 630.1 622.1 613.4 586.5 558.1 544.2 541.8 537.1 536.7 545.8 568.3 581.2 582.7 575.2 566.6 553.2 540.8 514.3 499.1 482.6 473 450.2 423.5 404.7 392.6 377 362.5 345.6 330.4 318.7 310.7 305 300.7 295.6 290 282.8 279.5 277.9 277.1 274.2 274.1 274.9 276.5 277.3 277.7 276.8 277.1 270.6 276.7 279.9 285.7 293.1 301.8 313.8 332 345.4 362.9 384.3
642 663.6 689.4 722.1 751.8 775.1 792.3 753.2 723.5 703.1 678.7 658 643.9 642 642.6 642.7 650.5 649.9 654 663.8 654.2 649.3 632.2 608.2 577 566.3 557.2 561.8 570.5 589.9 607.2 611.9 608.5 595.5 588.8 577.5 561.8 535.4 511 484.4 454.4 434.8 414.4 406.3 389.1 374.5 357.6 341.9 327.4 318.2 310.3 307.1 301.5 296.8 292.7 285.6 279 276.6 275.7 276.9 277.4 277.9 278.3 278.2 277.6 278.1 278.8 271.4 277.4 280.7 289.2 302 312.7 324.3 338.2 356.4 376 399.6
662.6 678.3 696.5 728.1 757.4 781.5 797.1 759.9 736.5 709.6 689.4 668.2 662.3 667.5 670.3 678.7 677.2 682.2 690.5 689.5 679.3 662.9 648.3 624.3 608.1 602.9 600.4 601 621.4 629.8 630.3 623.4 605.6 596.9 591.9 577.8 565 539.7 515.5 476.8 446.3 426.5 409 393.5 382.6 368.2 353 338.8 325 315.6 310.2 306.6 301 295.1 289.8 286.2 282.2 281.3 280.2 279.7 279.9 278.9 279.2 279.1 278.8 277.6 272.4 274.8 279.7 283.7 296.2 307.5 318 330.3 346 363.2 386.8 413.1
678.4 692 709.9 737.8 765.4 786.9 802.6 768.4 743.6 718.4 702 688.1 688.9 692.5 706.3 698.7 701.2 705.2 699.6 692.6 677.2 665 661 652.8 644.8 639.3 640.6 640.8 645 638.8 629.4 612.3 595.6 584.8 575.3 562.4 551.3 535.3 518.7 484.9 442.9 416.1 399.3 384.4 373.3 363.3 349.1 334.8 322.3 314.3 309.4 304.5 299 293.1 289.5 286.7 285.2 283.1 282.9 282.4 280.4 278.9 278.4 279.4 278 275.8 273.5 276.6 281.2 288.9 299.3 308.6 321.6 335.1 356.4 375.8 394.9 426.5
695.8 708 728.9 754.1 778.8 797.3 812.7 786.4 755.2 735.9 723.9 715.9 718.4 729.8 718.7 705.6 696.7 691.2 689 682.2 669.9 661.6 649.7 644.6 638.5 638.6 637.4 642 638.9 623.7 614.3 599.4 582.6 570.1 558.6 546.3 536.2 521.3 498.2 478.7 448.1 412.9 391.9 378.7 365.9 353.1 340.7 330.2 322.3 312.3 307.2 302.3 298 294.2 290.5 288 288 284.6 284.6 284.1 283.6 280 277.9 277.4 276.6 275.1 276.8 281.4 283.7 289.6 297.4 309.2 326.3 343.9 360.8 389.5 409.7 433.8
711.4 732.9 752.2 776.2 796.5 809.7 819 812.2 783 762.4 748.3 746.8 743.3 731.8 714.6 707.2 698.1 686.1 676.5 674.6 660 643.2 631.9 624.8 626.4 623.6 620.9 629.2 616.4 603.5 595.4 576.7 565.6 550.4 538.7 527.5 515.6 496.1 467 449.9 424.8 403.7 384 369.5 355.5 344.6 334.7 324.6 317.5 310.3 305.7 301.3 297.7 292.6 289 288 288.8 287.9 287 287.7 285 280 277.7 277.4 276.6 273.2 278.9 281.4 283.9 290.3 302.7 314.7 336.4 357.4 377.2 396.2 419.4 443.9
736 753.4 772.7 793 808 820 822.7 816.9 789.8 775.3 765.5 748.5 728.9 719 705 696.5 693.6 684.8 668.3 649.9 641.7 626.3 612.4 602.9 604.4 604.9 599.9 602.3 593.1 580.3 569.2 553.5 543.8 531.4 518.6 505.3 490.3 471.5 448.5 422.7 403.9 388.3 373.8 361.3 348.5 338.3 328.6 321.5 316.6 311.2 306 299 295.6 290.9 289.7 288.2 287.8 287 284.5 281.5 279.7 278.6 277.8 274.7 273.4 278.1 281.3 282.9 287.5 296 308.9 319.8 343.4 363.5 386.3 410.4 432.4 455.1
753 772.3 789.7 803.9 817.6 824.1 817.4 797.2 773.4 760.6 744.5 732.8 718.4 704.9 695.1 688.3 677.2 665.8 655.5 637.9 621.6 608.9 597.1 584.2 576.8 579.8 579.5 584.3 573 560.5 542.7 531.9 524.9 513.6 493.5 475.9 459.6 443.3 424.6 405.1 392.6 378.7 364.3 353.1 342.4 332.1 324 318 314.4 312.4 302.2 296.9 293.1 289.8 287.5 287.2 284.7 281.6 276.4 277.2 278.4 275 276.3 278.1 283.4 283.4 284.3 286.5 292.6 300.4 317.5 329 347.6 370.5 393.9 418.7 441.3 465.1
773.8 788 802.5 814.8 818.8 803.8 782.5 765.1 751.6 736.9 725.8 717 705.4 692.1 679.7 672 659.5 648.2 636.5 625.6 606.9 588.5 574.2 563 557.6 552.1 553.2 552.9 542.1 535.4 520.4 506 496 483.5 467.7 448.7 429.6 422.4 406.4 391.1 375.3 364.1 356.4 344.7 336.6 325.5 320 313.7 309.9 303.4 296.8 293.9 290.9 290.2 285.9 284.6 282.5 277.4 280.3 279.8 280.4 282.3 282.1 284.1 288.8 288.1 288.7 292.4 299.1 305.9 323.3 334.6 358.3 380 400.4 423.9 448 473.8
792 801.1 814.6 813.3 792.3 774.1 755.2 741.3 741.2 724.9 719 707.5 692.3 674.2 663.3 648.4 639.3 629.7 618.4 604.8 592.9 568.7 552.6 544.2 539.9 531.9 526.5 528 520.2 507.5 491 482 469.9 456.1 445.9 420 407 397.5 389 374.3 364.6 358.6 349.6 335.7 327.1 320.5 314.6 309.1 304.8 299 294.4 291.7 289.6 285.7 284.8 282.4 279.2 278.3 281 282.8 284.5 285.6 289.9 288.2 289.2 290.5 291.4 296 301.9 315.3 327.8 345.1 363.1 382 405.2 431.6 455.6 481.6
807.8 813.9 798.9 777.4 759.7 751.3 736.3 716.2 710.1 706.5 705.7 689.9 671.9 654.1 642.9 626.7 615.8 607.3 597.8 587.4 572.9 557.3 544.6 531.2 519.7 509.3 503.3 497.9 495.6 484 467.1 453.8 444.8 433.2 420.5 401.9 390 376.9 371.5 358.6 351.5 346.8 340.2 326 319.4 314.3 309.5 304.8 301.9 299.7 293.6 290.7 288.2 284.9 283.4 278.8 278.4 278.7 278.8 280.8 285.2 287.4 290.9 290.7 294.7 293.2 293 298.6 307.3 314.7 329.5 348.4 366.3 385.4 408.3 433.3 460.5 486.4
812.7 783.4 760.2 746.8 734.7 723.6 709.5 694.7 681 683.1 683.7 675.5 653 633.3 617.3 605.1 592.6 585.9 570.6 567.6 558.9 543.7 532.3 515.4 497 484.4 472.3 463.5 461.2 453.3 444.5 426.1 416.9 406.2 393.3 383.3 365.8 358.4 349.9 348.2 337.2 338.5 327.1 318.4 312.7 308.7 305.3 301.6 298.3 294.8 291.9 289.1 285.4 282.9 279.1 280 280.7 282.9 284.9 280.1 281 281.3 282.9 283.8 289.3 293.1 295.2 301.2 309.2 319.2 332.1 348.5 365.9 383.7 406.4 434.6 462.7 490.1
800.5 763 741.3 726.4 712.4 704.9 692.1 671.6 656.7 661.8 657 645.6 630.7 613.2 593.4 577.9 566.7 560 550.3 542.3 536.8 520.9 506.4 492.5 471.9 463.2 450.7 442.8 432 427.8 413 399.3 388.9 381 373.9 360.4 351.8 346.4 337.7 332.1 327.7 322.8 316.6 310.4 307.1 304.9 301.3 298.4 295.6 294.3 290.6 288.5 284 282.7 279.8 280.1 284.1 284.1 283.6 283.5 285.6 285.3 288.6 290.4 286.5 294.8 297.4 302.7 311.5 324.1 336.6 347.1 364.9 385.4 406 433.1 461.5 489.8
778.4 759.7 735.1 719.4 704.1 683.7 671 651 632.9 632.1 623.9 614.2 606.1 588.2 569.8 557.7 547.6 538.5 527.1 518.6 513.1 497.3 482.6 467.4 452.8 440 429 421.9 412.1 403.4 391.6 377.3 369.2 363 350.7 344.5 343.9 335.8 331.2 323.9 321.2 317.4 310.6 305.7 303.7 300.7 298.3 297 294.8 292.5 289.4 286.6 283.8 282.3 281.7 280 282.7 285.2 284.5 285 286.8 287.4 288.7 291.4 292.8 292.8 300.1 304.7 312.7 324.3 335 345.5 363.8 382.7 403.5 431.2 460 487.3
777.4 741.6 721.3 707.1 689.1 664.7 642.6 625.8 607.7 607.6 601.1 591.1 578.2 564.5 547.5 538.6 526.8 515.3 508.2 498.3 487.3 472.1 459.6 446.2 430.9 420.5 408.6 401 392.4 379.6 370.2 358.8 354.6 343.4 336.9 336.4 330.9 324.3 322.5 315.4 312.6 309.8 306 301 299.7 297.8 295.5 293.8 294 289.6 289.2 286.1 282.9 282.4 280.3 280.9 284.4 288 289.8 287.6 288.8 289.3 294 296.4 297.1 297.9 302.8 306.1 313.3 321.8 331.2 344.5 356.6 376 401.2 429.2 458 484.7
763.1 729.2 711.6 689.1 675.5 649.2 619.7 603.2 588.2 583.7 579.3 565.9 555 541 529 520.1 506.5 497.9 487.7 474.3 462.6 451.2 437.4 427 413.5 403 393.3 383.1 371.7 364.5 356.1 350.1 340.6 337.5 328.9 325.4 325.1 320 315.3 314.9 307.6 302.1 299.3 298 298.7 294.4 293.4 291.9 291.6 289.2 286 283.7 282.5 281.7 280.3 284.2 288.8 290.9 290.7 291.9 294.7 298.4 304.7 306 303.9 302 303.4 305.5 310.3 318.1 327.7 340.9 357.7 375.9 400.2 424.9 453.5 484.6
748 719.3 694.2 673.5 657.2 634.6 610.6 589.7 570.6 562.7 556.6 546 535 521.1 512.3 504.5 490.1 478.7 465.6 454.1 443.1 430.9 418.2 406.4 397.3 386.9 377.3 369.2 363.6 353.6 345.2 339.3 331.4 326.4 322.8 316 314 313.2 313 305.6 299.8 298.3 297.3 294.4 293.7 292.1 289.8 289.9 287.7 284.7 284.1 283.3 281.5 281.1 284.1 290.4 292.8 295.8 298.9 302.2 305.2 313.9 315.6 313.1 307.8 304.5 300.6 303 307.2 313.7 324.9 340 354.1 374.4 396.1 417.6 445.6 476.8
733.2 704.4 684.8 657.4 638.4 617.2 596.5 574 558.3 546.6 533.5 524.4 516 504 494.6 483.2 470.7 458.6 447.2 436.3 428.3 413.2 401.3 392.5 380.3 370.9 363.8 358.1 344.6 338.6 331.8 327.1 324.4 322.8 315.4 312.6 305.6 305.1 302.6 295.6 294.4 294.5 294.2 292.2 290.1 289 289.3 287.6 285.4 281.6 281.2 282.4 284.1 287.7 292.3 296.6 300.3 306.2 312.5 318.7 324.1 325.2 320.8 316.4 312.6 303.1 302.7 303.2 306.2 312.5 322.9 336.1 350.3 368.8 389.2 409.9 437.3 469.7
716.6 686.4 670.9 642.5 624.9 604.3 583.2 561.9 546.5 531.6 517.4 505.1 497 485 477 465.4 450.8 443.3 429.5 419.4 409.9 396.9 385.2 376.3 364 358 349.5 344.3 334.4 324 320.1 318 316.1 313.7 310.3 305.7 299.4 296.4 295.9 293.4 291.7 292.5 293.3 291.5 288.8 289.8 290.3 291.2 286.4 288.8 287.1 293.1 293.7 295.5 300.4 306 313.3 318.4 325.5 332.2 334.6 331.3 323.5 317.9 309.9 305.4 304.6 301.5 306.9 313.5 323.1 334.4 346.7 362.7 383.9 403.9 429.7 456
697.9 669.9 651.1 627.5 608.9 587.6 569.8 553.5 527.7 517.3 502.8 485.5 476.1 466.7 458.3 449.3 436.9 426.8 417.7 405.8 392.1 381.9 369 358.9 353.4 347.5 340.4 334.1 323.9 317.1 313.2 309.9 308.8 310.7 307.2 302.8 295.8 292.7 292.5 290.4 290 290 291.3 290 289.8 287.9 287.9 286.5 291.4 294.2 296.1 300.2 302.5 306.8 311.5 320.8 326.9 330.3 338.3 341.3 338.6 331.9 327.8 320.8 313 309 307.3 307 307.3 314.3 320.6 330.1 343.6 358.2 374.1 395.9 420.1 446.7
679 658.7 637.3 615.3 593.8 573.4 557 539.5 521.9 505.3 484.6 475 460.2 453.6 443.1 435.4 424.2 412.7 402.8 388 375.9 368.9 355 349.9 341.5 336.5 332.4 323.9 313.1 312.4 310.6 306.9 304.9 303.4 301.5 301.9 297.2 298.3 294.8 291.7 294.9 294.3 290.9 290.1 292.1 293.8 290.4 293.9 301.4 305.7 307.1 313.8 318.2 322.6 327.9 331.6 334.4 340.5 343.4 346.2 344.9 338.9 333.4 326.7 320 316.7 314.3 311.4 310.8 310.5 317.6 326.1 339.6 351.4 367 387.7 412.4 439
