WholeMapElevations/data/no/no20_OST50GRID_20230518/NO20.asc
ncols 200
nrows 200
xllcorner 320000
yllcorner 700000
cellsize 50
[rows 140 to 174 of 200, columns 79 to 157 of 200]
159.2 157.2 154.6 154.2 153 151.9 150.6 149.5 146.5 142.2 141.4 139.5 138.5 136.8 136.2 137.6 137.3 135.4 135.5 133.4 132.6 127.9 124.8 129.2 128.2 128.4 129.1 134.6 133.2 135.2 138.1 139.7 144.9 150.6 150.3 150.4 149.6 149.6 151.4 155.7 156.4 156.5 159.1 158.3 162.2 161.7 159.2 159.1 159.2 158.4 157.8 156 153.5 150.4 147.8 146 145.1 143 141.9 141 138.9 136.9 135.7 134.3 132.9 128.2 122.5 118.4 114.3 108.1 108.4 107.8 107.2 106.4 105.4 103.8 105.8 106.1 105.9
159.6 158.1 155.8 154.2 153 151.4 150.7 149.3 147.3 145.6 144.7 142.9 141.1 139 137.1 135.1 134.1 133.8 133.5 132.7 132.5 128.5 133.3 132.9 132.5 131.3 123 126.7 134.7 130.4 136.5 137.5 138.6 143.3 146.2 147.7 149.5 148.6 149.3 152.9 155.9 155 154 153.3 154.8 159.9 158.2 158.7 156.5 155.1 155.2 153.3 150.9 147.9 146.5 143.8 142.7 140.6 137.9 134.8 133.9 127.6 125.6 124.9 121.7 116.4 113 109.2 109.9 109.9 109.2 107.7 107.4 106.5 104.5 105.9 106.7 106.1 105.6
157.3 157.7 155 153.5 152.3 149.6 148.6 147.4 146.3 144 143.2 141.9 140.9 139.6 137.9 135.7 134.6 134.8 131.8 131.9 131.4 128 136.1 135.4 134.5 133.8 131.9 120.9 119.4 119 131.2 134.6 136 136.5 139.7 143.3 144.9 145.8 146.3 148 152 151.9 150.9 149.9 153.2 157 158.2 158.9 158.4 155.5 153.8 153.6 149.4 147.5 143.5 141.4 138.6 137.1 135.5 131.6 126.4 122.9 114.2 113.7 112.9 111.4 109.3 110 110.6 110.2 109.3 108.1 107.6 105.8 103 105.3 107.9 106.6 106.3
154.5 154.3 152.7 151.7 151.1 148.3 146.7 145.8 145.2 142.3 141.2 140.2 139.3 138.6 136.9 138.2 137.5 135.8 138 133.8 131.9 136.2 137 135.2 132.5 131.8 131.8 131.3 131.5 117.1 127.2 134.5 134.6 135.6 137.3 139.1 141.2 143.6 144.5 145.9 147.7 148 146.9 149.5 154.6 156.7 155.7 155.7 155.5 153.3 153.4 152.8 151.6 147.1 140.8 136.9 133.8 133.8 130.8 127.4 125.9 124.3 115.4 110.9 110.8 109.7 111.1 109.8 109.2 109.7 109.8 108.1 107.1 106 102.4 106 107 106.2 105.5
151.5 151.2 150.3 148.2 147.2 145.9 144.9 143.8 143 140.3 139.5 139.1 137.8 137.7 138.8 139.3 138.7 138.3 137.6 135.5 133.1 135.6 132.9 131.5 129.9 128.6 129 129.5 129.7 123 117.5 128 133.9 134.9 135.6 138.1 138.7 140.5 142.3 142.8 142.4 143.1 142.9 145.6 149.4 154 153.3 152.9 152.4 150.4 151.6 150.6 146.7 143.3 140 138.2 136.6 132.5 129.1 127.7 126.5 124 118.6 110.1 111.6 112.6 113.4 108.6 108.5 109.1 109.2 107.8 106.8 105.8 103.8 105.8 106.6 105.1 104.9
148.5 148.5 147.8 146.3 145.6 144.6 143.1 142 143.2 142.4 140.9 139.7 138.6 139.8 139.7 138.6 137.3 138.8 136.9 130 129.6 132.3 129.6 126.6 127 126.1 126.7 127.7 128.3 122.2 112.4 118.6 129.5 131.7 134.7 136.6 137.4 138.1 139.9 139.6 139.3 139.9 140.5 142.9 143.2 143.8 146.3 144.7 144 142 142.6 138.2 138.5 137.6 137.4 137.6 136.4 133.4 131.2 128.9 127.1 124.7 121.1 112.2 114 114.8 118.4 114.3 111.5 109 108.4 107.4 106.7 106.4 105.1 104.5 105.7 104.6 103.6
146.1 148 148.2 145.4 144.7 143.3 143.7 143.6 144.1 142.8 141 140 138.8 141 141 139.5 137.2 134.8 134.3 133.6 125.9 125.6 124 123.6 123.4 123.9 124.5 125.3 126.4 125.5 112.5 115.2 127.9 127.4 132.9 135 135.4 136.2 136 137.9 138.1 137.9 139.5 139.1 138.6 139 140 140.6 138.8 138.3 137.3 137.2 137.3 137.5 136.6 135.3 133.7 131.5 130.1 128.4 127.3 125.1 123.8 115 116.7 119.7 119.1 119.9 115.1 111.7 107.5 107 106.6 105.7 104.7 104.8 104 102 103.2
144.3 145 144.5 143.7 143.6 144.8 145.6 145.3 144.2 142.1 141.1 141.3 141.2 141.1 141.8 138.2 133.1 133.1 128.3 127.4 126 121.4 121 120.8 119.7 119.4 119.8 120.9 122 122.5 115.8 116.3 117.6 120.7 126.8 129.8 132.6 133.5 130.3 131.9 132.5 135.2 138.2 139.6 138 137.8 138.3 138 137.7 135.7 134 136 133.7 133.6 132 132.6 133 130.6 129.1 127.9 126 124.4 119.5 116.6 117.6 119.8 117.3 115.5 111.6 111.3 107.4 106.9 106 105.3 104.5 104.2 102.5 103.5 104.5
144.5 143.7 144.1 144.3 146 146.1 145.4 144.9 144.3 141.9 140.2 140.7 140 140.1 139 135.6 133.1 127.2 129.4 125.8 125.3 122 119.6 118.5 117 116.7 116.7 116.9 116.3 114.9 113.6 114.7 115.9 115 115.3 120.9 122.2 123.6 121.3 122.5 122.4 124.1 126.1 130.8 130.6 131.3 133.7 135.5 135.3 132.4 129.9 131.9 132.6 131.4 131.6 129.8 125.8 122.8 120 120.9 122.8 115.9 116.8 118.9 116.7 115.7 114 112.7 110.6 110.2 108.1 106.8 106.4 105.7 104.1 105.2 104.5 103.6 105.4
143.9 144.5 143.6 143.9 144.4 144.5 144.4 143.4 142.3 141.9 139.6 138.6 137.3 137.8 137.6 130.6 127.3 128.1 131.4 131.6 129 125.8 123.9 122.9 120.5 118.1 116.7 116.6 114.4 112 110.4 111.6 112.7 112.1 111.4 111.7 111.9 112.9 114.3 114.5 114.4 114.7 113.9 115.6 115.7 120.6 127 130.1 128.7 126.9 126.1 127.6 128.5 128.3 127 128.2 127.4 124.4 119.7 115.4 114.8 116.2 118.4 117.8 114.9 114.3 112.4 111.3 109.6 108.6 107.7 106.2 105.7 105.4 106.7 107.2 106.9 104.3 107.8
143.9 144.5 146.3 142.9 144.1 141.4 142.5 141.4 143.5 143 137.7 137.6 137.7 137.7 133.2 135 133.6 135.8 135.8 134.8 132.4 129.8 126.9 124.8 121.3 118 118.5 118.1 116.6 112.3 109 109.7 110.1 109.5 110.1 108.8 108.9 110 111.2 111 114.5 114.4 115 114.1 113.8 112.5 116.6 119 120.5 123.2 121.2 121.2 121.6 123.4 123 122.7 121.9 121.1 115.5 114.1 116.7 117.2 117.2 114.2 112.8 111.4 109.8 108.5 107.7 107.6 105.5 105.8 108.3 107.8 108.7 109.4 108.8 105.7 110
144 144.5 127.7 119.4 124.6 129.9 138.5 143.4 145.2 146.1 137.7 138 134 133 137.9 138.2 139.7 138.7 136.8 136.2 134.7 133.3 128.4 124.9 120.1 118.4 118.5 117.3 115.3 112.9 108.5 107.7 109.4 108.5 108.1 107.5 107.3 106.9 106.7 111.2 113.8 114 115.5 117 116.2 109.3 107.7 113.6 115 117.2 119.2 119.6 118.4 119.8 120 119.9 118.3 112.5 112.6 114.7 115.6 116.4 115 112.8 111.2 110.1 107.8 107.2 106.8 106.1 106.2 106 108.9 109.3 111.1 110.6 107.8 104.6 107.4
143.5 145 123 121.3 111.7 107.1 117.5 116.5 136.7 138.3 138.5 133.6 131.8 133 132.5 136.3 138.9 138.8 136.8 136.6 135.6 134 130.5 124.5 119.3 117.8 117.6 118.5 114.4 112.6 111 107.3 107.3 107.4 107.3 106.8 106.6 106.7 105.4 106.3 110.2 112.2 111.9 115.8 116.5 114.3 106.1 108.9 111.9 111.9 112.3 114.1 115.3 114.3 115.6 113 108.9 112.2 115 114.4 114.9 113.3 113.2 112 109.8 108.3 107.5 106 106.8 106.2 105.2 105.3 106 107.6 109.4 108.9 106.6 104.1 104.1
147.7 138 134.2 107.6 107.1 110.3 115.8 125.6 121.7 121.5 132.3 131.5 131.2 130.7 131.7 131.5 136.4 137.8 138.1 136.6 135.8 134.3 129.9 119.8 119.2 118.8 117.6 117.5 115.3 113.3 111.5 109.1 106.2 105.4 105.9 106.3 105.9 105.2 105.1 104.7 105.2 107.9 106.4 106 109.4 108.7 106.4 105.2 110.6 110.3 109.3 107.9 105.4 105 106.6 106.2 108.1 111.5 111.5 112.2 111.9 110.6 110.3 109.8 108.8 107.4 107.9 107.6 107.5 106.7 106 106.2 105.8 106.6 106.8 106.9 105.2 104.9 104.2
143.3 128.4 124.4 116.5 113.2 113 113.5 128.3 121.9 130.7 131.5 132.3 131.5 130.9 131.8 128.9 134.9 140.6 139.2 137.2 135.3 134 121.8 119.8 122.5 120 117.8 116.9 117.7 114.4 110.8 107.6 106.5 106.2 104.6 103.3 104.2 104.8 104.4 104.6 104.2 105.8 108.4 106.6 103.3 103.7 105.4 103.3 104.5 106.6 106.1 102.9 101.8 100.8 102.6 102.3 99.3 105.3 108.6 109.2 109.5 109.8 109.9 109.4 108.6 108.1 108 107.2 106.9 106.6 106.2 105.6 105.6 106.2 105.2 104.8 106.7 106.3 105.6
143 146.6 143 139.2 138.8 124.1 126.6 130.6 121.6 121.6 133.9 135.7 133.5 128.4 128.4 128.9 128.9 137.7 136.9 136.2 133 125.5 120.8 120.8 124.1 121.1 117.9 117 115 112.6 108.7 108.7 107.7 107.2 108.3 107.4 102.9 104.6 104.1 103.4 104.6 108.3 109.9 105.6 103.2 102.6 102.9 102.2 103.5 101.4 101.8 100.1 100.6 99.3 99.8 97.4 96.2 96.9 98.8 104.6 104.5 107.2 108.3 108.4 107.3 105.1 105.7 106.4 105.8 105.4 105 103.5 102.4 101.2 102.4 103.1 105.5 104.5 103.2
143.4 142.7 145.3 144.4 144.6 144.1 141.9 134.1 131.5 131.1 130.8 132.9 129.4 136.2 136 133.2 130.6 127.7 126.5 126 127.3 120.7 119.1 119.3 120.8 118.4 117.4 116.4 111.8 108.9 108.1 107.5 107.5 107.5 107.3 106.3 101.6 103 103.1 105 105.8 107.3 106.2 104 101.5 100.7 100.4 98.1 100 100.1 99.3 99.3 97 98 95.7 94.9 94.6 94.7 94.6 95 99.9 103.1 102.4 102.8 103.4 103.4 103.4 102.5 103.8 102.3 101 99.5 96.5 95.8 96.2 97.3 98.9 99 97.5
142.9 142 142.6 144.2 142 141.3 136.6 141.2 134.6 140.3 140.5 141.2 139.6 131.2 125.7 123.2 122.2 121.2 119.1 117.9 118.2 118.9 116.1 116 116.2 115.6 115.1 113.8 111.3 112.1 116 124.3 118.1 113.5 104.7 104.3 102.8 102.6 103.6 107 108.6 106.6 105.8 104.4 101.9 99.7 98.2 98.8 98.1 97.6 96.9 94.7 95.7 95.2 93.4 92.8 93.2 94.4 94.5 97.7 95.5 94.1 95.4 98.5 97.8 96.8 96.6 96.2 95.9 94.4 95.4 94.3 92.3 91.7 91.6 92.9 92.5 92.7 92.5
140.9 139.9 138.2 137.6 138 140 141.8 140.7 141 142 140.7 133.8 126.4 123.4 122.5 120.4 119.9 119.7 119.1 118.9 118.5 117.9 114.1 113.9 113.3 113.9 113.9 112.6 109.8 113.9 126.7 126.9 126.8 123.9 118.5 100.6 101.1 104.3 109.9 107.8 107.1 105.1 104.7 104.3 103 101 99.8 99.2 98.5 96.5 93.7 95.3 96.3 96.6 95.6 93.3 92.8 93.6 92.5 89.4 88.7 89.4 91.7 93.9 94.9 92.6 90.1 92.2 91.8 91.8 91.2 90.3 89.8 89.2 89.9 89.1 88.8 88.6 88.6
136.4 135 133.6 133.6 132.4 130.7 130.7 129.9 129 127.7 127.2 123.9 122.8 121.7 121 120.4 120.8 118.9 118.2 118.5 118.1 117.6 116.4 112.9 113.1 112.1 111.6 110.1 109.7 112 125.2 124.7 123.8 122.7 117.1 110.5 109.6 109.3 108.5 106.7 104.2 103.6 103.9 103.6 102.3 101.7 99.7 98.3 97 95.3 93.9 94.2 92.9 93.4 93.4 93.2 93.2 92.1 91.5 87.9 86.6 85.8 86.9 88.9 89.8 89.7 90.2 88.8 88.9 89 88.5 88.9 88.6 88.2 89.2 88 88.4 87.7 87
135.6 133.9 132.1 131.1 129.3 129.1 129.1 128.6 128.1 127.8 126.6 125.2 124.6 127.3 126.4 125.8 125.3 120.4 117.8 117.6 116.4 115.3 113.7 113.1 113.6 112.1 110.9 110.1 110.3 115.1 123.3 123.1 120.2 117.2 114.6 108.7 97.3 93.1 97.9 97.5 98.1 100.1 103.7 103.5 101.7 97.9 96.1 96.3 95.8 94.3 93.2 93.2 91.5 90.5 91.3 92.9 92.6 92 90.6 89.2 85.9 86.3 85.9 87 86 85.1 86.7 85.8 85.9 87.3 86.3 86.5 86.6 87 87.4 85.8 84.9 83.8 83.7
134.6 135.2 135.1 133 130.9 135 135.1 130.4 129.8 128.7 128.2 128 128.7 127.9 126.7 125.7 124.4 118.9 117.7 117.4 116.3 114.8 118.6 127.7 130.2 128 119.5 117 119.7 123.8 122.3 120.8 116.3 111.8 108.3 106.2 101.7 93.3 92.3 93.6 93.8 93.9 92.5 99.2 98 97.2 94.5 93.3 92.6 92.7 92.7 92.5 92 90.5 89.8 91.2 92.2 91.7 90.1 87.5 84.2 83.8 83.9 82.8 83.3 84 83.6 84 84.7 85.8 85.5 84.4 87.5 86.1 82.3 79.9 79 79 79.1
137.3 135.2 134 131.7 138.3 140.5 136.9 133.9 131.8 130.3 129.5 129.1 129 129.5 128.7 127.5 124.5 119 118.8 124.4 130.9 129.2 130.7 131.4 131.5 131.3 128.2 125.6 124.3 123.2 121.4 112.7 105.3 101.4 105.5 105.8 102.7 97.8 95.6 88.6 93.3 90.9 88.8 86.5 88.8 90.3 92.5 90.5 91.8 92.6 89.4 91.9 91.8 90.8 89.9 92.8 91.6 89.4 89.4 86.1 83.5 83.2 82.3 82.7 83.9 83.4 81.1 80.8 82.7 82.5 83.4 83 80.2 80.8 78.6 76.8 76.3 76.6 74.4
138.6 135.6 133.4 136.1 141.4 138.8 134.9 134.5 131.3 130.9 130.7 129.9 129.4 127.6 125.9 122 119.5 123.8 125.2 132.2 132 130.8 130.8 130.3 129.5 127.9 128.7 126.9 124.4 113 103.9 96 88.5 87.7 88.9 92 93 96.7 97.4 97.9 95.8 94.3 91.5 88.1 86.2 84.2 88.8 86.2 90.1 90.7 90.5 86.8 90.3 87.8 89.6 89.1 85.5 85.1 84.6 86.5 85.5 84.3 80.3 85.7 86 83.2 80.8 79.7 81.4 81.4 82.4 78.7 74 66.1 71.1 72.8 72.5 70.4 67.7
136 137.8 139.1 140 137.9 136.3 135 134 132.5 133.6 132.5 130.5 128.5 126.1 124.4 120.3 123.6 128 127.4 127.5 128.3 127.7 129.6 131.3 130.7 130.2 126.6 121.4 109.1 96.5 90 81 80.9 80.2 76.2 75.8 76 76.9 76.5 79.7 83.3 82.8 86.8 93.8 92.7 91.1 80.3 78.2 78.7 89.2 88.8 89.7 83.5 83.6 84.6 81.1 76.7 76 75.9 77.8 78.6 78 78.8 87.2 86.9 86.6 79.2 78.9 78.6 73.2 66.3 64.7 62.8 62.6 61.9 60.3 60.6 60.5 59.9
136.7 137.9 137.9 137.6 136.7 136.2 136.5 134.5 133.6 133.3 131.8 129.9 126.9 125.6 122.4 120.3 130.3 126.8 126.1 125 124.8 122.9 121.5 121.3 121.7 120.8 112.5 101.4 93 81.2 80.4 82.4 85.3 90.3 90.3 86.8 83.3 81.7 76.2 75.6 74.9 76.4 81.5 93 91.5 91.2 87.6 81 75.5 81.7 87.9 84.7 79.9 80.7 76.4 73.6 71 70.3 69.4 70.3 70.2 69.8 74.2 84.2 81.4 79 77.7 78.1 71.6 64.9 65.3 64.5 66.8 66.8 65.7 64.9 60.4 60.3 60.3
138.1 137.8 137.3 136.4 135.9 134.9 133.4 132.9 132.9 131.4 130.6 128.7 126.2 125.8 122.5 123.7 127.4 126.3 125.7 124.8 123.6 122.5 121.1 119.2 114.6 101.9 98.7 86.4 81.4 84.3 90.1 95 99.8 104.8 103.6 103.5 102.7 99.6 91.8 83 74.7 75.1 79.5 78.1 82 84.1 87.3 85.7 79.1 73.9 79.3 78.7 76.6 78.3 76.4 70.3 69.1 68.6 68 67.5 67.9 66 66.9 74.7 78.5 76.8 74.9 75.1 67.1 64.4 61.9 71.2 71.6 71.3 71 69.2 65 64.3 61.9
138.6 137.7 136.4 135.5 134.9 133.9 133.1 132.5 130.3 128.6 127.7 126.3 125.1 124.1 121.4 125.1 126.1 126.2 125.8 123.7 123.5 122.2 120 113.8 103.2 90.7 86.7 83.4 86.1 93.9 101.4 107 111.2 111.1 109.7 108.6 108 105.4 105.3 100 90 80 76.5 74.8 75.5 73.8 74.7 74.5 74.1 74.1 73.3 74.1 73.6 71 71 72.5 72.6 72.5 72.2 69.4 67.2 67.2 66.3 67 76.1 75.2 74.1 67.8 64.4 64.4 62.5 74.8 74.4 71.5 71.3 69.5 68.1 64.9 64.5
139.4 138.2 136.3 135.6 134.1 133.5 131.5 130 127.9 126.1 124.5 124.2 123.6 124.2 125.3 125.7 124.3 124.2 123.6 122.7 122 117.6 111.1 100.2 91.6 87.3 86.6 90.2 97.6 105.7 112.2 113.4 113.2 112.5 111.5 110.2 108.4 106.8 104.7 104.3 100.9 89 80.7 78.3 76.8 76 76.2 73.5 73.9 73.5 71.8 71.6 74.6 78 80.4 78.3 76.8 76.6 75.2 71.7 68.6 67.4 66.4 66.2 68.9 73.2 67.4 65.8 65.5 64.3 73.2 78.2 78 78.7 73.5 71.2 70 68.3 64.4
137.4 135.8 135.2 134.3 132.9 131.1 129.1 127.4 126.7 126.2 127.1 127 126.6 126.3 126.1 123.3 123.5 123.1 123.1 122.6 120.1 110.8 101 89.9 85.1 87.3 93 101.1 109.1 114.6 114.5 115.9 115.4 114.3 113.2 110.6 109.1 107.7 106.4 105.2 103.9 97.4 90.9 85.5 82 79.7 76.5 75.4 74.9 75.2 76.3 80.6 82.8 83.4 83 81.7 80.8 78.7 77.9 73 68.6 67.5 66.8 66 65.1 66.3 65.6 64.9 71.4 80.5 80.1 78.3 78.2 77.3 73.4 73.1 72.4 71.4 70
134.3 134.1 133.7 132 130.7 130.2 128.8 128.8 129 128.9 129.3 128 126.8 127.8 127.2 124.9 122.1 122.5 121.5 116.2 107 100 91.6 84.5 88.8 97.2 103.1 110.1 116.2 116.8 116.5 116.1 115.8 114.6 114.6 112.4 111.6 110.2 109.4 108.2 107.1 99.4 103.5 100.3 99.5 96.5 93.5 92.7 89.8 89.5 90 87.9 86.9 85.5 85 84.5 84.5 83.6 81.9 78 71.5 67.5 66.8 65.9 65.3 64.9 65.5 66.1 79.4 78.6 78.5 79 78.7 78.3 78.3 72.9 72.8 73.8 72.4
132.2 131.6 130.9 130.5 130.7 130.2 130.3 129.3 128.5 127.9 128.5 127.6 123.4 124.5 123.7 123 120.8 119.6 113.2 104.6 100.2 90.5 88.6 93.5 99.3 108.3 115 117.8 117.1 117.5 117.7 117.5 117.4 116.5 115.3 115 115.2 114.1 111.9 111.2 110.2 100.2 107.1 107.3 107.3 106.8 105.9 99.3 98 95.8 94.3 94.2 93.3 92.3 91.5 89.1 90.6 90 86.9 84.9 79.3 74.7 68 66.8 66.8 66.3 68.5 75 80.5 80.3 80 80.3 80.6 80.2 80.4 77.7 76.2 75.3 74.2
125.8 129.3 129.4 129.4 129.6 129 128.7 127.2 127 126.5 123.6 119.3 119.8 117.1 115.1 115.9 114.1 112.9 106.9 96.6 89.9 89.9 95.8 103.9 109.5 114.2 118.5 118.8 117.6 117.2 117.4 118.1 117.2 116.5 115.6 115.7 115 114.6 114 112.2 107.5 108.2 107.3 107.3 107.1 106.9 106.8 105.1 101.8 99.3 99.2 98.7 96.5 95.2 93.8 92.1 93.3 92.2 92.2 90 88.5 83 76.7 76.2 75.7 77.3 83.5 85.5 86 84.3 83.4 83.6 83.8 83.1 81.3 77.6 76.1 75.6 74.4
120.1 121.1 122.2 124.7 125.2 125 124.4 123.3 122.8 122.2 115.7 113.2 111.9 111.5 110.5 108.7 107.4 106.5 106.4 88.3 90.8 96.4 106.3 111.4 115.5 118.9 119.9 120.2 119.1 119.1 118.1 118 117 116 115.2 115.2 114.9 114.5 114.3 112.8 104.7 110.9 110.4 109.5 108.3 107.3 107 105 103.5 102 101.2 101.1 99.6 98.2 96.7 95.1 95.6 94.2 94.5 93.3 92.4 90.5 89.5 88.4 88.6 89.1 89.4 89 87.6 86 85.9 85.9 84.3 82.9 81.9 81.5 80 79.2 78.8
115.5 115.1 114.7 114.7 114.8 113.4 113.6 115.6 115.6 112.6 110.2 110.4 110.4 111.1 113.5 102.8 94.1 88.8 87.6 90.4 96.8 104.1 114.5 119.1 119.1 120 120 120.4 121 119.9 119.7 118.1 117.2 116 114.9 114.6 114.4 114.1 113.9 112.2 108.3 110.4 111 110.3 108.8 108.1 108.3 107.9 105.3 104.3 104 102.9 102.4 101 99.7 97.2 97.6 96.2 94.9 94.4 93.9 92.2 90.5 90.8 90.4 89.5 90 89.6 89.2 87.2 86.1 85.4 85.2 83.8 83.1 82.4 81 78.9 78.8
