UK/data/nb/nb20_OST50GRID_20230518/NB20.asc
ncols 200
nrows 200
xllcorner 120000
yllcorner 900000
cellsize 50
[rows 72 to 107 of 200, columns 0 to 79 of 200]
70.7 68.7 69.6 65.3 62 55.9 46.1 34.5 28.8 18.1 -2.1 -2.1 -2.1 -2.1 -2.1 -2.1 -2.1 -2.1 -2.1 -2.1 -2.1 -2.1 -2.1 -2.1 -2.1 -2.1 -2.1 -2.1 -2.1 -2.1 -2.1 -2.1 -2.1 -2.1 -2.1 -2.1 -2.1 -2.1 -2.1 -2.1 -2.1 -2.1 28.2 -2.1 -2.1 -2.1 -2.1 -2.1 -2.1 -2.1 -2.1 26.2 27.8 60.7 80.2 85.6 84.8 98.5 103.4 109.5 130.4 136.7 148.7 167.7 182.5 189.5 187.7 192.1 195.7 199.5 199.5 202.6 211.2 224.8 244.4 247.1 262.6 272.5 290.7 300.9
62.7 61.9 62.6 60.2 57.7 54.9 48.5 38.1 20 -2.1 -2.1 -2.1 -2.1 -2.1 -2.1 -2.1 -2.1 -2.1 -2.1 -2.1 -2.1 -2.1 -2.1 -2.1 -2.1 -2.1 -2.1 -2.1 -2.1 -2.1 -2.1 -2.1 -2.1 -2.1 -2.1 -2.1 -2.1 -2.1 -2.1 -2.1 -2.1 -2.1 -2.1 -2.1 -2.1 -2.1 -2.1 -2.1 -2.1 -2.1 -2.1 15.7 36.9 55.9 75.3 82.2 83.9 90.8 95.3 116.3 130.9 140 151.5 163.1 181.5 183 191 194 194.9 197.8 200.2 201.6 202 207.8 238.8 243.6 259.6 271.9 289.6 299.5
50.6 54.5 54.9 53.1 56.5 56.3 54.1 42.5 22 -2.1 -2.1 -2.1 -2.1 -2.1 -2.1 -2.1 -2.1 -2.1 -2.1 -2.1 -2.1 -2.1 -2.1 -2.1 -2.1 -2.1 -2.1 -2.1 -2.1 -2.1 -2.1 -2.1 -2.1 -2.1 -2.1 -2.1 -2.1 -2.1 -2.1 -2.1 -2.1 -2.1 -2.1 -2.1 -2.1 -2.1 -2.1 -2.1 -2.1 -2.1 -2.1 15.9 39.4 56.1 69.6 78.5 87.6 90 93.9 119.5 129.4 147 150.1 159.8 173.9 178.2 189.7 190.6 189.5 190.9 198.7 201.4 202.8 201.9 215.2 234.7 248.1 260 282.4 295.2
54.9 42.4 41 45.6 46.7 54.7 49.9 35.1 24.2 9.2 -2.1 -2.1 -2.1 -2.1 -2.1 -2.1 -2.1 -2.1 -2.1 -2.1 -2.1 -2.1 -2.1 -2.1 -2.1 -2.1 -2.1 -2.1 -2.1 -2.1 -2.1 -2.1 -2.1 -2.1 -2.1 -2.1 -2.1 -2.1 -2.1 -2.1 -2.1 -2.1 -2.1 -2.1 -2.1 -2.1 -2.1 -2.1 -2.1 -2.1 -2.1 25.6 52.5 53.4 54.6 66.9 81.7 83.7 99.9 116.9 123 146.5 148.3 155.1 166.4 173.1 186.2 184.4 183.1 185.8 191.5 195.3 200 204.1 199.3 217.5 239.5 247.4 266.5 292.1
55.5 41.7 32.6 31.2 33.4 39.4 29.1 21.9 20.6 17.9 -2.1 -2.1 -2.1 -2.1 -2.1 -2.1 -2.1 -2.1 -2.1 -2.1 -2.1 -2.1 -2.1 -2.1 -2.1 -2.1 -2.1 -2.1 -2.1 -2.1 -2.1 -2.1 -2.1 -2.1 -2.1 -2.1 -2.1 -2.1 -2.1 -2.1 -2.1 -2.1 -2.1 -2.1 -2.1 -2.1 -2.1 -2.1 -2.1 -2.1 -2.1 23.3 44.6 64.2 56.1 56.8 67.8 78.4 104.8 113.2 125.2 138.1 145.6 155.2 160.5 169.9 175.6 178.7 184.1 183.9 178.4 183.9 192.2 201.1 200.5 200.4 221.1 238.9 249 274.3
41 39.9 33.5 25.9 23.2 17.1 16.9 14 9.1 -2.1 -2.1 -2.1 -2.1 11.5 -2.1 -2.1 -2.1 -2.1 -2.1 -2.1 -2.1 -2.1 -2.1 -2.1 -2.1 -2.1 -2.1 -2.1 -2.1 -2.1 -2.1 -2.1 -2.1 -2.1 -2.1 -2.1 -2.1 -2.1 -2.1 -2.1 -2.1 -2.1 -2.1 -2.1 -2.1 -2.1 -2.1 -2.1 -2.1 -2.1 -2.1 11.8 36.3 53 49.6 50.8 58.7 80.9 86.1 108.7 125.3 133.1 140.4 148.4 152.8 164.2 172.9 172.7 176.1 174.5 168.2 174.6 185.9 193 203.3 196.9 209.2 226.8 242.4 248.5
44.9 41.6 28.9 22.5 20.9 16.7 6.3 2.6 -2.1 -2.1 -2.1 -2.1 1 -2.2 -2.1 -2.1 -2.1 -2.1 -2.1 -2.1 -2.1 -2.1 -2.1 -2.1 -2.1 -2.1 -2.1 -2.1 -2.1 -2.1 -2.1 -2.1 -2.1 -2.1 -2.1 -2.1 -2.1 -2.1 -2.1 -2.1 -2.1 -2.1 -2.1 -2.1 -2.1 -2.1 -2.1 -2.1 -2.1 -2.1 -2.1 -2.1 19.5 40.1 35.5 47.9 79.9 100.2 110.3 119 130.4 134.3 146.1 149.1 154.2 159 166.3 168.8 165.2 163.6 164.3 166.9 172.1 176.6 193.2 189.3 190.4 210.5 223.6 225.9
21.5 15.4 11.8 13.7 15 11.4 5.2 1.9 6.5 6.4 -2.1 -2.1 -2.1 -2.1 -2.1 -2.1 -2.1 -2.1 -2.1 -2.1 -2.1 -2.1 -2.1 -2.1 -2.1 -2.1 -2.1 -2.1 -2.1 -2.1 -2.1 -2.1 -2.1 -2.1 -2.1 -2.1 -2.1 -2.1 -2.1 -2.1 -2.1 -2.1 -2.1 -2.1 -2.1 -2.1 -2.1 -2.1 -2.1 -2.1 -2.1 -2.1 5 16.9 31.5 68.3 87.7 103.9 116.5 130.9 143.3 145.4 143.4 151.5 158.6 164 161.6 163.3 162.9 160.9 161.1 160.9 157.7 162.5 169.6 175.7 180.2 180.2 195.1 211.4
-2.1 1.5 5.7 7.1 8.8 9.2 12.1 11.7 12.2 4 -2.1 -2.1 -2.1 -2.1 -2.1 -2.1 -2.1 -2.1 -2.1 -2.1 -2.1 -2.1 -2.1 -2.1 -2.1 -2.1 -2.1 -2.1 -2.1 -2.1 -2.1 -2.1 -2.1 -2.1 -2.1 -2.1 -2.1 -2.1 -2.1 -2.1 -2.1 -2.1 -2.1 -2.1 -2.1 -2.1 -2.1 -2.1 -2.1 -2.1 -2.1 -2.1 -2.1 17.2 40.6 79.3 92 112.2 123.6 140.6 149.6 151.2 154.1 156.9 160.4 169.1 169 164.7 161.8 160.8 159.8 156.8 152.8 154.9 160.8 164 169.6 171.7 177.5 186.3
-2.1 -2.1 3 8.1 8.6 13.6 17.6 17.9 12 1.2 -2.1 -2.1 -2.1 -2.1 -2.1 -2.1 -2.1 -2.1 -2.1 -2.1 -2.1 -2.1 -2.1 -2.1 -2.1 -2.1 -2.1 -2.1 -2.1 -2.1 -2.1 -2.1 -2.1 -2.1 -2.1 -2.1 -2.1 -2.1 -2.1 -2.1 -2.1 -2.1 -2.1 -2.1 -2.1 -2.1 -2.1 -2.1 -2.1 -2.1 -2.1 -2.1 -2.1 15.9 43.3 83.1 97.7 118.4 133.2 147.2 152.2 159.2 165.7 162.6 169 180.9 177.8 172.4 164.6 163.2 161.4 157.9 152.8 152.8 152.8 157.7 159.8 161.3 162.5 169.5
-2.1 -2.1 -2.1 1.9 7.2 9.5 9.9 10.8 9.3 6.8 -2.1 -2.1 -2.1 -2.1 -2.1 -2.1 -2.1 -2.1 -2.1 -2.1 -2.1 -2.1 -2.1 -2.1 -2.1 -2.1 -2.1 -2.1 -2.1 -2.1 -2.1 -2.1 -2.1 -2.1 -2.1 -2.1 -2.1 -2.1 -2.1 -2.1 -2.1 -2.1 -2.1 -2.1 -2.1 -2.1 -2.1 -2.1 -2.1 -2.1 -2.1 -2.1 -2.1 20.5 60.1 85.2 101.3 122.4 134.9 151.5 158 167.6 169.2 168.3 173.7 185.3 189 185.8 181.1 165.7 162.7 158.4 152.8 152.8 152.8 154.2 155.7 155.1 151.5 158.3
-2.1 -2.1 -2.1 -2.1 5.5 6.8 8.5 6.6 4.7 12.2 14.3 -2.1 -2.1 -2.1 -2.1 -2.1 -2.1 -2.1 -2.1 -2.1 -2.1 -2.1 -2.1 -2.1 -2.1 -2.1 -2.1 0.7 9.3 -1.7 -2.1 -2.1 -2.1 -2.1 -2.1 -2.1 -2.1 -2.1 -2.1 -2.1 -2.1 -2.1 -2.1 -2.1 -2.1 -2.1 -2.1 -2.1 -2.1 -2.1 -2.1 -2.1 -2.1 24.7 60.2 77.3 94.2 119.9 134.7 156.3 165.7 175.8 171.7 174 179.4 188.5 194.8 190.5 192.1 188.9 176.8 155 154.2 152.8 152.8 154.5 153.6 155.9 150.8 151.9
-2.1 -2.1 -2.1 -2.1 9.4 8.8 5.3 -2.1 -2.1 8.1 18.1 9.6 -2.1 -2.1 -2.1 -2.1 -2.1 -2.1 -2.1 -2.1 -2.1 -2.1 -2.1 -2.1 -2.1 -2.1 11.8 24.5 26.5 29.9 30.5 26.1 -2.1 -2.1 -2.1 -2.1 -2.1 -2.1 -2.1 -2.1 -2.1 -2.1 -2.1 -2.1 -2.1 -2.1 -2.1 -2.1 -2.1 -2.1 -2.1 -2.1 -2.1 34.5 57 79.6 95.1 121.2 138.5 159.8 172.5 180.9 178.9 188.9 191.1 196.1 202 197.3 199.1 200.9 193 175.2 161.7 152.8 152.8 152.8 156.3 155.8 152 143.6
-2.1 -2.1 -2.1 -2.1 -2.1 0.4 -2.1 -2.1 -2.1 -2.1 1.7 1.7 -2.1 -2.1 -2.1 -2.1 -2.1 -2.1 -2.1 -2.1 -2.1 -2.1 -2.1 -2.1 4.3 21.8 23.4 27.5 33.4 35.3 42.7 51 42.2 -2.1 -2.1 -2.1 -2.1 -2.1 -2.1 -2.1 -2.1 -2.1 -2.1 -2.1 -2.1 -2.1 -2.1 -2.1 -2.1 -2.1 -2.1 -2.1 -2.1 35.2 59.5 73.6 88.5 117.7 140 162.4 179.9 182.8 189.6 197 202.7 214.2 216.5 211.8 214.8 211 202.3 195.5 186.1 174.1 154.8 159.8 157.3 157 151.9 142.2
-2.1 -2.1 -2.1 -2.1 -2.1 -2.1 -2.1 -2.1 -2.1 -2.1 -2.1 -2.1 -2.1 -2.1 -2.1 -2.1 -2.1 -2.1 -2.1 -2.1 -2.1 -2.1 -2.1 14.8 28.1 30 33.4 42.6 39.4 39 44.3 59.3 59.7 -2.1 -2.1 -2.1 -2.1 -2.1 -2.1 -2.1 -2.1 -2.1 -2.1 -2.1 -2.1 -2.1 -2.1 -2.1 -2.1 -2.1 -2.1 -2.1 -2.1 26.1 43.5 70.4 81 112.9 136.8 164.5 180.1 187.5 202.9 207.2 215 227.9 225.5 230.5 222 220 216.5 214.1 202.3 198.1 188.9 170.6 163.2 158.4 154.4 146.8
-2.1 -2.1 -2.1 -2.1 -2.1 -2.1 -2.1 -2.1 -2.1 -2.1 -2.1 -2.1 -2.1 -2.1 -2.1 -2.1 -2.1 -2.1 -2.1 -2.1 -2.1 -2.1 18.5 28.4 38.5 53.4 55.8 66.7 60.7 41.8 47.7 60.9 70.7 56 -2.1 -2.1 -2.1 -2.1 -2.1 -2.1 -2.1 -2.1 -2.1 -2.1 -2.1 -2.1 -2.1 -2.1 -2.1 -2.1 -2.1 -2.1 -2.1 -2.1 39 63.9 73.1 101.5 126.8 160.4 173.7 194 210.2 227.6 226.4 238.3 238.5 242.8 238.8 236.5 234.8 227.4 219.7 212.2 203.6 187.9 176 161.8 152.6 145.1
17.5 8.8 -2.1 -2.1 -2.1 -2.1 -2.1 -2.1 -2.1 -2.1 -2.1 -2.1 -2.1 -2.1 -2.1 -2.1 -2.1 -2.1 -2.1 -2.1 -2.1 20.2 25.4 37 51.7 63.6 80.5 89.4 78 69.8 59 53.9 66.1 58.2 -2.1 -2.1 -2.1 -2.1 -2.1 -2.1 -2.1 -2.1 -2.1 -2.1 -2.1 -2.1 -2.1 -2.1 -2.1 -2.1 -2.1 -2.1 -2.1 -2.1 37.9 63.3 71.1 91.1 124.6 156.2 158.9 180.7 211.1 234.1 243 241.4 250.6 252.1 256.1 253.4 249.4 237.7 235.3 230.7 218.8 204.5 187 169.7 157.4 145.3
29.8 27.3 17.6 10.1 6.9 1.6 -0.2 -2.1 -2.1 -2.1 -2.1 -2.1 -2.1 -2.1 -2.1 -2.1 -2.1 -2.1 -2.1 -2.1 -2.1 25.1 47 53.4 66.7 95.6 105 106.9 109.3 86.3 70.6 63.9 54.7 59.4 -2.1 -2.1 -2.1 -2.1 -2.1 -2.1 -2.1 -2.1 -2.1 -2.1 -2.1 -2.1 -2.1 -2.1 -2.1 -2.1 -2.1 -2.1 -2.1 -2.1 25.1 64.5 74.5 85.6 110.3 143.1 143.1 169.2 192.6 222.1 246.8 246.6 257.5 260.3 271 271.3 259.8 251.7 257 249.6 234.5 221.5 204.1 189 167.4 153.1
37.6 39.8 32.1 19.1 14 11.8 2.8 -2.1 9.7 8.4 17.7 20.1 18.5 13.7 10 4.5 -2.1 22 20.9 8 10.2 30.9 54.2 67.4 77.6 95.9 120.4 123 116.4 94.2 80 64.2 55.1 51.2 55.6 -2.1 -2.1 -2.1 -2.1 -2.1 -2.1 -2.1 -2.1 -2.1 -2.1 -2.1 -2.1 -2.1 -2.1 -2.1 -2.1 -2.1 -2.1 -2.1 -2.1 58.1 73.3 87.9 95.2 123.8 134.7 153.1 182.2 210.4 246.3 244.8 266.8 269.2 274.5 283.1 270.7 268.3 272.5 268.8 253.4 239 228.2 207.4 184.6 168
49.7 44.4 42.9 43.6 30.7 18.9 10.1 -2.1 13 16.1 20 27.3 40.7 34.2 27.6 19.9 20.6 32 28.9 31.2 31.1 32.4 57.5 81.8 95.8 101.9 117.5 130.8 125.8 109.1 98.7 66 57.9 44 29.9 10.8 -2.1 -2.1 -2.1 -2.1 -2.1 -2.1 -2.1 -2.1 -2.1 -2.1 -2.1 -2.1 -2.1 -2.1 -2.1 -2.1 -2.1 -2.1 -2.1 29.1 59.1 79.5 96.6 114.9 128.9 143.7 166.1 201.8 237.7 237.2 265.1 269.9 281 285.5 280.1 281.9 286.9 282.6 277.6 260.1 249.2 230 211.1 186.1
62.9 56 55.1 54.2 44.5 37.3 23.9 13.6 11.6 19.9 23.5 27.2 34.7 35.8 27.5 27.9 30.1 32.5 35.6 46.6 51.6 53.6 49.2 82.4 101.6 111.8 118 116 121.2 108.6 99.8 68.2 49.2 33.8 21 11.9 -2.1 -2.1 -2.1 -2.1 -2.1 -2.1 -2.1 -2.1 -2.1 -2.1 -2.1 -2.1 -2.1 -2.1 -2.1 -2.1 -2.1 -2.1 -2.1 -2.1 46.2 77.3 97.9 113.1 120.1 137.7 161.1 191.2 231.7 228.3 261 273 283.7 289.1 292.6 291.1 295 293.7 293.8 274.7 261 251 233.6 205.3
74.2 71 68.1 69.3 55.8 55.7 37.6 23.8 21.6 20.1 26 27.1 37.8 38.1 35.7 33.7 34.8 35.2 43.1 55.2 64.9 64.5 70.1 73.9 91.2 112.1 125.3 130.4 105 92.8 86.4 70.6 46.4 25.9 17.7 -2.1 -2.1 -2.1 -2.1 -2.1 -2.1 -2.1 -2.1 -2.1 -2.1 -2.1 -2.1 -2.1 -2.1 -2.1 -2.1 -2.1 -2.1 -2.1 -2.1 -2.1 29.8 72.5 98 114 117.4 135.5 157 175.3 214.5 221.6 249.7 266.3 281.6 293.7 292.8 290.9 303.1 310.1 307.1 291.8 289.8 270.7 248.8 223.9
88.3 87.1 87.3 74.2 67.9 63.9 56.2 36.7 29.4 27.6 29.6 32.1 34.9 37.5 46 41 37.2 39.5 49.1 60.1 75.7 79.7 82.2 86.4 87 105.5 122.2 133.5 117.6 101.9 84 60.8 41 23.7 14.4 -2.1 -2.1 -2.1 -2.1 -2.1 -2.1 -2.1 -2.1 -2.1 -2.1 -2.1 -2.1 -2.1 -2.1 -2.1 -2.1 -2.1 -2.1 -2.1 -2.1 -2.1 21.3 65.3 90.5 111.5 120.5 128.4 150.2 166 210.9 213.1 238.7 253.8 278.4 289.8 289.5 290.3 311.3 319.4 317 320 325 301 257.1 234
106.4 97.3 97.2 88.8 74 75.7 64.1 47.4 39.5 33 35.1 38.6 42 43.1 45.9 46.4 49.5 56.6 68.6 71 83.7 95.7 97.3 99.5 100.8 97.9 113.7 129 136.4 109.5 103.5 69.3 45.6 27.5 -2.1 -2.1 -2.1 -2.1 -2.1 -2.1 -2.1 -2.1 -2.1 -2.1 -2.1 -2.1 -2.1 -2.1 -2.1 -2.1 -2.1 -2.1 -2.1 -2.1 -2.1 -2.1 -2.1 51.5 81.5 108.2 114.2 127.7 142.2 158.1 187.5 207.2 228.3 245.1 272.7 285.2 286.7 293.2 308.1 320.2 317.7 333.7 339.6 312.6 282.2 242.6
130.3 112.8 100.4 100.6 86.3 72.9 66.9 53.2 43.5 43.1 41.3 42.2 49.7 49.9 59.2 58.4 63.4 67.4 84.3 84.9 100.5 117.7 113.1 115.5 120.5 108.2 103.7 117.5 136.8 124.2 101.1 74.4 52.3 35 -2.1 -2.1 -2.1 -2.1 -2.1 -2.1 -2.1 -2.1 -2.1 -2.1 -2.1 -2.1 -2.1 -2.1 -2.1 -2.1 -2.1 -2.1 -2.1 -2.1 -2.1 -2.1 -2.1 38 69.9 92.8 113 125.4 147.2 149.9 173.1 201.2 222.8 228.6 263.1 274 283.2 293.9 301.3 316.9 326.4 346.9 348.1 328 296.9 266.2
141.9 122 105.9 97.5 86.1 73.9 64.5 59.7 61.8 63.8 57.2 51.3 57.2 68.6 76.4 76 72.1 91.1 99.6 96 116.3 137.1 133.1 130.3 128.1 123.7 107.8 106 117.3 121.9 115.4 86.4 66.8 52.5 -2.1 -2.1 -2.1 -2.1 -2.1 -2.1 -2.1 -2.1 -2.1 -2.1 -2.1 -2.1 -2.1 -2.1 -2.1 -2.1 -2.1 -2.1 -2.1 -2.1 -2.1 -2.1 -2.1 -2.1 55.6 82.5 112.4 122.7 145.1 154.7 170.2 190.4 215.8 223.7 241.3 259.5 278.4 292.8 298.3 317.9 330.7 354.5 373.4 351.3 322.8 299.6
147.5 129.9 112.3 99.5 83.4 74.6 76.9 71.2 81.2 92.6 82.7 70.6 69.1 75.3 82.6 87.7 87.2 91.5 107.5 105.9 126.2 147 140.9 133.5 137 128.6 117.4 106.6 112 117.7 122 114.8 86.6 77.7 42.5 -2.1 -2.1 -2.1 -2.1 -2.1 -2.1 -2.1 -2.1 -2.1 -2.1 -2.1 -2.1 -2.1 -2.1 -2.1 -2.1 -2.1 -2.1 -2.1 -2.1 -2.1 -2.1 -2.1 43.7 74.5 106.6 118.1 140.1 156.5 174.9 181.3 193.9 223.2 231.1 251.5 269.8 288.8 303.7 314.4 333.8 359.8 379.8 360.2 330.4 310.8
161.9 134.4 114.1 98.6 95.3 96.2 90.9 82.5 93.4 101.1 95.4 86.4 84.4 93 89.7 95.6 97.7 108.6 108.6 113.5 129 153.6 144.8 146.8 142.2 144.4 133.2 132.2 121.9 120.1 120.4 123.6 104.2 96.5 60.2 24.9 -2.1 -2.1 -2.1 -2.1 -2.1 -2.1 -2.1 -2.1 -2.1 -2.1 -2.1 -2.1 -2.1 -2.1 -2.1 -2.1 -2.1 -2.1 -2.1 -2.1 -2.1 -2.1 20.9 62 92.7 112.5 129.3 153.1 169.2 180.2 192.6 219.7 226.6 246.7 266.3 288 302.9 307.6 330.8 362.4 383.5 363.1 335.7 317.2
156.3 130.2 113.9 108.2 106.5 103 95 90.6 98.4 111.5 107.1 96.5 102.2 102.7 105.6 107.6 108.4 116.1 128.1 117.8 125.6 148 148.6 154.9 154.2 158.6 145.2 139.5 134 121.4 113.9 111.6 102.8 103.7 84.5 42.4 -2.1 -2.1 -2.1 -2.1 -2.1 -2.1 -2.1 -2.1 -2.1 -2.1 -2.1 -2.1 -2.1 -2.1 -2.1 -2.1 -2.1 -2.1 -2.1 -2.1 -2.1 -2.1 -2.1 52.1 78.6 108.2 128 144.9 167.5 172.8 198.5 213.9 224.2 244 271.8 289.2 296.9 308.2 326.1 355.7 389.5 378.6 351.7 331.5
141 128.9 121.6 119.2 115.8 113.4 107.3 102.1 107.8 114.9 114.4 130.1 126 120.7 116.4 117.6 120 127.3 138.4 131.2 127.5 142.7 154.1 154.6 163.5 166.6 158.7 156 158.2 143.1 133.2 115.2 107.6 99.8 91.8 49.4 -2.1 -2.1 -2.1 -2.1 -2.1 -2.1 -2.1 -2.1 -2.1 -2.1 -2.1 -2.1 -2.1 -2.1 -2.1 -2.1 -2.1 -2.1 -2.1 -2.1 -2.1 -2.1 -2.1 35.1 74.8 99.4 125.5 139.4 157.7 163.6 190.6 216.5 224.9 237.8 271.3 294.7 303.3 310.4 327 341.4 382.8 385.7 363.7 348.7
144.4 137 126.3 121.3 128.3 130.5 116.9 111.8 114.8 124.2 130.5 137.8 137.1 123.8 119.6 123.1 117.5 133.6 136.3 136.1 128.9 143.7 149.6 159.8 171.6 182.3 168 162.6 169.2 165 151.7 143.1 119.8 108.8 94.2 66.9 31.7 -2.1 -2.1 -2.1 -2.1 -2.1 -2.1 -2.1 -2.1 -2.1 -2.1 -2.1 -2.1 -2.1 -2.1 -2.1 -2.1 -2.1 -2.1 -2.1 -2.1 -2.1 -2.1 -2.1 54.3 87.7 117.5 135.2 146.2 161.4 184.1 212.7 226.7 240.8 264.8 291.9 302.3 315 325.9 336.8 380.4 383.6 375.6 369.6
148.7 142.3 135.3 133.8 133.6 129.8 125.6 130.2 122.3 131.9 149.4 152.9 136.7 130.1 131.5 135.5 123.4 130.7 143.5 143.4 130.9 139.4 152 158.2 169 179 175.6 177.3 181.2 181.2 174.6 166.4 159.5 121 97.9 81.6 60.8 -2.1 -2.1 -2.1 -2.1 -2.1 -2.1 -2.1 -2.1 -2.1 -2.1 -2.1 -2.1 -2.1 -2.1 -2.1 -2.1 -2.1 -2.1 -2.1 -2.1 -2.1 -2.1 -2.1 -2.1 68.1 103.2 123.2 139.5 151.9 172.8 207.9 223.7 242.2 269.1 283 300.9 317.2 330.1 342.2 364.9 377.8 384.3 385.3
153.6 148.7 147.2 138.1 135.6 137.1 134.1 143.2 133 138.5 157 162 146.3 140.9 134.8 126.9 131.2 133.7 145.2 149.6 136.6 140.3 161.7 161.7 164.4 180.2 191.1 188.2 190.8 195.9 189.9 179.4 180 157.7 105.5 84.4 78.8 41.9 -2.1 -2.1 -2.1 -2.1 -2.1 -2.1 -2.1 -2.1 -2.1 -2.1 -2.1 -2.1 -2.1 -2.1 -2.1 -2.1 -2.1 -2.1 -2.1 -2.1 -2.1 -2.1 -2.1 55.3 96.7 113.9 135.3 142.5 165.7 198 213.5 246.6 263.9 281.6 296.7 315.7 329.8 346.9 356.5 374.2 393 395
164.2 159.7 159.7 149.4 137.3 139.4 138.9 141 140.6 150 161.1 169 157.4 147.5 138.1 128.5 130.7 134.4 142.5 153.5 150.6 146.6 172.7 177 175.4 179.3 192.3 196.9 198.7 200.7 198.6 192.8 188 170.6 134.8 95.3 74.2 54.6 16.3 -2.1 -2.1 -2.1 -2.1 -2.1 -2.1 -2.1 -2.1 -2.1 -2.1 -2.1 -2.1 -2.1 -2.1 -2.1 -2.1 -2.1 -2.1 -2.1 -2.1 -2.1 -2.1 -2.1 63.2 88.4 119.5 131.6 157.8 181.8 215.7 246.6 261.3 272.2 292.3 312.8 328 339.9 353.2 369.6 396.5 402.3
170.4 169.6 159.4 155 147 145.3 145.8 146.2 149.9 161.6 171.4 172.9 182.8 172.5 148.9 134.9 131.8 139.1 146.1 150.8 164.4 158.8 172.9 184.1 183.5 185.5 195.7 205.7 206.2 210.1 208.6 206 189.6 187.1 153.2 113.6 76.5 48.6 19.2 -2.1 -2.1 -2.1 -2.1 -2.1 -2.1 -2.1 -2.1 -2.1 -2.1 -2.1 -2.1 -2.1 -2.1 -2.1 -2.1 -2.1 -2.1 -2.1 -2.1 -2.1 -2.1 -2.1 38.4 68.2 108.9 123.5 155.6 183.6 210 241.5 260 272.8 288.2 306.1 327.2 335 344.2 365.4 392.4 405.4
166.5 166 161.2 155.5 152.9 143.1 153.6 155.9 162.1 172.3 182.6 178 180.6 182.8 171.4 148.2 134.4 142 154.3 158.3 163.3 162 168.8 185.7 197.2 203.6 199 211.6 211.6 212.1 214.7 204.7 189.9 186.3 173.5 128.5 85.6 43.2 27 20.1 -2.1 -2.1 -2.1 -2.1 -2.1 -2.1 -2.1 -2.1 -2.1 -2.1 -2.1 -2.1 -2.1 -2.1 -2.1 -2.1 -2.1 -2.1 -2.1 -2.1 -2.1 -2.1 -2.1 50.2 91.4 109.9 139.2 183 206.2 232.4 254.2 273.3 292.8 303.8 316.2 329.3 337.3 360.2 384.3 406.3
