WholeMapElevations/data/sd/sd67_OST50GRID_20230518/SD67.asc
ncols 200
nrows 200
xllcorner 360000
yllcorner 470000
cellsize 50
[rows 144 to 179 of 200, columns 82 to 163 of 200]
70.7 73.6 75.9 78.4 80.3 82.1 83.9 82.3 84.8 84.4 83.4 82.3 81.2 82.6 84.7 88.3 89.7 89.7 89.6 89.4 89 87.3 85.7 85.1 85 86.7 90.6 93.7 93.4 87.8 90.7 94.3 95.3 94.9 94.9 98.1 102.5 103.5 101.3 99.2 98.3 100.3 104.3 109.8 114.9 119.7 122.7 120.1 113.1 107.9 107.2 108 107.1 108.1 106.8 108.7 109.8 108.7 108.2 108.8 108.5 107.4 106.2 107 108.6 109.8 111 111.4 110.7 109.6 108.1 107.2 106 105.1 103.1 99.5 104.8 106.4 106.1 103.9 102.5 102.2
69.4 70.7 71.9 74.2 76.7 78.9 82.4 81.6 81.3 80.9 80.6 80.6 80.9 83.1 87 90.6 92 91.9 90.9 90.1 88.7 87.2 85.4 84.1 84.1 85.8 89.2 93.2 91.1 84.7 92 95.3 96.2 94.7 94.2 96.4 100.4 101.1 97.9 96.6 96.5 99.6 103.9 109.3 115.2 119.8 120.7 116.6 109.2 105.2 106.1 107.2 104 102.4 102.4 103.6 105.5 106.3 107.7 109.8 107.5 105.2 105.5 107.2 109.4 109.5 109.3 109.7 109.4 109.1 107.3 104.6 102.9 99.4 94.5 96 94.6 94.5 94.4 94.6 95.7 96
69.4 70.1 72.1 76 79.5 81.7 83.6 80.7 80.4 80.1 79.9 80.1 81.1 83.8 87.5 90.7 92.4 92.4 91.9 91.4 89.6 87.5 85.3 83.7 83.7 85.4 89.2 91.1 83.3 88.7 92.9 95.3 95.5 94 93.3 94.5 97.5 97.9 95.5 94.9 96.3 99.7 103 106.5 112 115.6 114.7 110.5 104.8 102.5 104.8 104.2 99.3 97.4 98 97.7 99.6 101.6 106.8 110.6 106.8 104.9 105.6 108.4 110.3 109.2 106.7 106.9 108.2 108 103.5 95.7 89.9 87.6 88.6 90.1 91 92.5 92.8 94 94.8 95.3
71.4 71.5 74.4 80.7 86.4 89.2 88 84.3 80.7 79.8 79.8 80.3 83.1 85.1 87.8 90.6 91.7 92.8 93.9 93.1 90.9 88.2 84.9 83.3 84 85.1 88.8 86.6 82 88.9 92.6 93.7 93.5 92.7 91.6 93.4 95.5 95.5 94.8 95.8 97.3 98.6 100.9 103.4 106.8 108.8 107.9 104.4 101.8 101.3 101.8 98.1 93.7 93.1 94.1 94.3 96 100.6 107.8 107.6 105.4 105.6 107.9 111.2 112.1 109 105 105.6 107.3 103.3 95.1 86.4 88.5 89.9 90.2 90.8 89.3 91.3 92.4 92.9 93.9 94.9
74.8 73.9 77.1 83.2 89.5 92.2 91.6 88.7 83.4 79.9 80 81.1 82.7 84.5 87.1 89.6 90.5 92.2 93.7 92.2 89.3 86.4 84 83.8 86 87.7 88.5 83.7 83.7 88.2 90.9 92 92.3 91.3 90.1 90.9 93.1 93.3 93.2 93.2 94.5 95.4 97.2 99.5 101.8 102.4 101.4 99.9 100.2 100.9 98.6 92.9 90.8 90.9 91.3 91.8 93.7 98.2 103.1 104.7 105.7 107.1 107.4 110.3 110.6 107 103.9 105.3 105.7 96.2 87.9 87.4 89.9 90.5 91.5 92 92.8 92.4 91.2 93 93.5 94.2
77.9 76.2 78.3 82.6 88.1 90.2 90.1 89.6 85.9 80.8 80 80.4 81.1 82.1 84.4 86.8 87.7 89.3 90.2 88.9 85.9 83.4 82.6 84.3 87.7 91.4 89.1 79 82.1 86.3 88.9 90.2 89.9 88.1 89.5 90.2 92.5 92.3 92.6 92.4 92.4 92.4 93.9 95.1 96.6 97 96.6 97.6 99.1 99.1 95.8 92 90.4 89.8 90.2 91.2 93.1 96.2 100.2 107.6 109.4 107.9 105.5 107.3 106.8 103.4 102.5 103.6 98.5 90.2 85.7 88.9 89.8 90.4 91.2 92.6 92.8 93.2 93.8 92.1 92.6 93.6
79.1 78 79.9 83.1 84.6 84.8 85.4 85.9 85.4 81.1 79.9 80.5 81.1 80.6 81.3 82.6 84.3 84.5 85.2 84.5 81.9 81.5 82.3 85.8 90.5 91.1 84.7 78.6 81.2 83.5 86 86.2 86.6 88.8 89.1 90.8 91.3 91.5 92.1 92 91.9 92 91.9 92.5 92.8 93.5 94.7 96.5 97.9 97.2 94.9 93.8 91.5 89.7 89.7 90.6 92.9 95.2 99 105.8 109 107.5 103.8 103.2 101.8 101 99.8 96.7 90.1 86.5 87.5 89.1 89.5 90.2 92.2 94.8 100.8 97.6 94 94.1 95.3 94
79.7 79.4 80.7 80.2 79.5 79.7 79.7 80.5 81 79.4 81.6 84.3 88.1 84.1 80.8 81.2 81.1 81.1 81.2 81.7 81.2 82.1 83.1 87.8 92.4 89.9 80.7 76.4 80 82 85.1 88.3 91.2 93.8 93.9 92.8 92 92 92.5 93.4 94 93.4 92 91.8 91.7 92.2 93.7 95.4 96.6 95.8 95.8 95 92.2 89.4 89.4 90.6 93.3 95.4 98.1 103.2 105.5 105 100.7 99.3 98.9 98.7 93.7 88.4 88.1 84.4 88 89.1 90.3 94 101.2 105.4 110.5 107.4 104.8 102.8 103.7 100.1
82 82.6 82.4 81.4 79.3 77.2 76.7 77.6 79.4 83.5 88.8 93 94.8 90.6 84.7 81.2 81.2 82.4 83.2 82.9 81.5 82.2 83.7 91 94.1 88.6 77.2 76.5 80.1 83.6 87.5 91.4 95.3 97.9 98.5 97.4 96.2 96.2 97 98.2 98.3 97.6 94.7 91.8 91.3 91.6 92.5 94.2 95.4 95.5 95.1 93.2 90.3 89.4 90.1 91.2 94.4 96.3 98.9 102.8 102.4 101.2 98.3 97.5 93.9 93.3 87.1 87.4 86.3 85.7 88.3 93.9 95.1 100.4 106 108.9 108.4 106.1 105.1 105.1 105.5 106.9
87.5 88.2 87.9 87.2 85 79.4 76.1 80.2 85.6 90 94.3 96.9 96.5 93.4 88.4 83.4 82.2 83.8 85 84.7 82.9 83 87.3 93.7 91.7 86.3 75.8 75.5 80.9 85.2 89.1 92.7 95.9 98.4 99.3 98.9 98.9 100 101.5 102.7 102.4 100.8 96.9 92 91.2 91.3 92.5 94.6 95.2 94.7 93.1 89.9 88.7 90.8 91.1 92.7 94.9 96.9 99 101.1 101.4 100.6 97.4 89.4 86.5 86.3 86.7 86.9 83.7 85.8 91.9 98.2 100.7 101.3 104.5 105.9 105.2 103.8 102.6 102.6 104.3 106.8
92.8 94.5 94.8 93.9 90.2 83.6 75.9 82.6 88.3 91.9 94.3 95.7 94.4 92 89.4 86.2 83.9 86.1 87.6 86.4 85.3 87 89.2 91.2 88 84.6 75.2 74.4 82.3 86.7 89.7 92.9 95.1 97 98.1 97.2 97.6 100.2 101.5 101.6 100.3 98.6 95.3 91.8 91.2 91.4 93.1 94.9 94.3 93 90.3 88.1 89.3 92.3 93.2 93.1 94.5 96 98 99.7 103.1 98.4 90.2 85.7 84.4 82.4 83.1 83.8 84.5 91.3 101.3 103.3 102.8 99.5 101.5 102.7 103.1 100.8 99.4 99.7 103.2 106
95.4 98.4 99.6 98.1 94.6 86.8 75 82.7 88.3 90.3 91.9 91.5 90.8 89.5 89.7 88.9 88.3 89.4 92 90.7 90.1 90 90.6 88.9 86.3 84.7 78.3 72.5 83.7 86.3 88.3 91.3 92.3 94.9 95.3 95.1 96.1 97.1 97.4 97.2 96.1 94.9 93.7 92.4 92.1 92.2 94.2 95 93.3 89.8 87.1 88.8 91.3 92.6 94 94.9 96.3 96.1 97.5 100.3 104.6 91.1 83.7 82.2 84.9 85.6 86.6 88.9 96 103.9 107.7 107.4 104.2 99.2 99 100.2 100.2 98.1 98.4 99.2 101.8 101.8
93.7 96.8 95.4 93.9 91.6 87.1 72.4 83.5 87.8 88.5 88.5 87.9 87.7 90.9 94.6 95.1 93.5 94.6 99.3 94.8 92.1 89.3 88.3 85.9 83.4 84.1 78 73.3 82 84.1 84.8 86 89.4 91.2 92.2 91.8 91.9 92.4 93.6 95.1 96.9 97.2 96.3 96.2 95.4 93.9 95.2 94.4 90.2 85.7 89.4 89.9 91.6 93.7 97.4 99.7 98.4 96.4 98.8 101.2 103 87.2 81.4 84.3 85.2 86.4 89.9 99 103.1 106.1 106.6 105.4 101.7 98 97.7 97.9 97.4 97.9 98 98.9 99.8 100.5
87.6 87.2 88.1 85.9 80.8 77.6 67.9 80.7 82.8 84.2 85.4 84.6 88.2 93.1 97 99.1 99.4 102.5 97.3 94.3 90.1 84.8 81.2 80.8 81.4 80.8 74.5 71.3 77.9 77.9 73.3 75 80 87.1 87.9 87.7 87.7 90.2 95 99.1 101.9 100.4 98.1 97.1 95.2 89.6 91.2 90.6 85.4 89.5 91.4 91.8 93.3 97.1 101.4 103.2 99.4 97.7 98.8 102 101.4 79.8 82.9 84.3 84.7 94.2 99.6 99.9 99.5 101.1 101.4 100.3 97 96.3 96.2 96.8 97.2 97.5 97.6 98.3 99.7 103.4
80.6 79.6 78 73.6 61.2 56.5 57.2 70.9 75 77.2 81.3 84.2 88.9 93.4 96.4 97.9 98.2 94 91.3 88.9 83.2 80.6 75.7 74.5 74.2 69.7 67.7 66.1 66.1 66.7 68 68.7 70.4 78.9 83.5 84.3 86.9 91 96.4 96.7 97.3 94.8 91.8 90.8 84 76.3 80.6 83.7 85.6 90.1 92.1 94 95.6 99.6 101.5 100.8 98.2 98.5 100.2 100.8 97.8 78.4 82.7 83.8 84.2 96.2 94.5 91.9 92.2 93.3 93.7 93.8 94.8 95.3 96.1 96.7 96.8 97.1 97.3 97.9 101.1 106.8
68.7 70.1 65.4 54 57.7 59.8 59.5 54.6 62 69.8 76.8 82.1 86.8 89.2 92.7 90.8 81.8 76.3 78.2 78.4 73.1 68.8 66.7 66.8 65.9 64.7 61.4 63.1 64.6 65.1 65.4 66.9 68.9 69.6 70 76.1 78.9 79.5 79.7 84.7 86.3 85.4 82.8 78.3 72.4 72.3 73.4 78.5 86 89.6 91.8 94.5 96.1 96.7 96.4 95.7 95.8 98.3 101.2 101.2 98 82.2 81.4 82.9 85.6 90 88.7 91.2 93.3 94.9 95.4 96.2 96.6 96.2 96.3 96.8 96.8 97 97.3 98.3 105.3 108.6
59 57.5 53.2 58.1 61.7 63 63.3 64.7 59.5 57.7 73.9 79.6 82.2 84.4 87.6 80.5 69.3 63 63 64.2 63.4 64.4 62.4 62.2 61.5 63.5 65 65.6 65.3 62.2 64.9 66 66.9 67.5 68.2 68.8 69.2 69.2 68.7 67.2 64.9 65.3 65.8 68.5 68.2 71.7 72.4 77.1 84.6 88.8 89.9 91.7 92.9 93 92.2 93.1 95 98.1 101.3 99.9 95.2 81.1 82 83.2 86.3 88.9 92.3 94.1 97.8 98.9 100.2 102.5 102.6 102 100.9 98.2 97.2 97.4 97.6 100.8 107.3 110.9
52.9 63.1 67.2 72.5 73.4 76.3 78.3 71.4 66.7 64.3 55.8 72.7 73.6 78.9 83.3 76 63.5 60.7 61.1 58.9 58.9 59.3 62.6 64.7 66.4 65.7 67.1 66.3 66.4 66.7 66.9 63.8 65.2 65.9 66.4 67 66.8 65 67.6 69.4 70.6 71.2 72 72.7 70.8 68.1 73.2 76 82.3 86.4 88.3 89.2 91.1 91.8 92 93.1 95.3 98.1 101 96.6 90.3 77.2 81.7 83.9 90.9 91.8 93.6 96.5 100.8 103.5 105.5 106.4 106.3 105.8 104.7 102.6 98.6 97.5 99.7 105.3 111 113.6
81.7 84.8 86.4 88.5 87.6 88.7 85.7 81.1 76.5 73.1 67 55.7 64.4 69.2 77 66.8 60.4 63.5 62.7 65 73.1 80.9 77.1 69.7 69.2 72 73.1 67.1 67.5 67.6 67.8 67.6 67.2 67.5 68 68.8 69.2 69.8 70.4 70.8 73 78.2 79.7 83.3 76.4 68.8 74 75.9 80.5 85.2 88 88.4 89.8 91.2 92.1 93.9 98.7 100.1 97.8 88.6 81.7 79.7 81.3 82.4 89.7 92.5 95 98.3 104.7 107.8 110.1 110.5 110.3 108.9 107.7 106.1 101 101.1 103.3 108.2 111.9 114.9
93.7 94.8 95.2 95.5 95.9 97.1 98.8 95.1 87 80.3 74.4 64.6 61 63.2 62.8 57.4 62.2 66.2 68.3 75.7 87.1 92.3 88.6 77.1 75.7 81.1 84.6 74.3 71 69.2 71.2 73.5 75 73.1 71.7 72.3 72.1 73.3 75.8 81.6 91.1 91.9 91.5 90.8 80 70.9 74.5 75.7 79 85.3 87.9 88.1 89.4 92.6 92.7 96.4 98.5 95 88.7 81 76.3 80.8 81.4 83.5 89.7 92.7 95.6 101.7 106.1 109 111.5 114 114 112.1 110 106.7 102.6 103.3 105.5 107.5 110 112.9
99.6 100.5 100.9 101 102.1 103.7 104.1 102.7 97.8 88.2 81.8 73.5 58.7 61.7 60.7 60.8 66.8 72.7 76.3 86.1 93.4 96.1 97.7 88 84 87.4 87.9 85.3 76.8 78.1 80.6 80.5 81 83.7 82.7 83.5 84.1 85 89.3 95.5 97.1 97.2 97.1 96.2 81.3 71.3 74.2 75.2 77 84.8 89.7 91.1 93.5 94.7 92.8 91.2 86.4 84.3 80.5 80.2 77.1 80.7 81.3 83.2 84.9 90.4 95 101.5 103.6 106.6 110.5 115.9 116 112.9 109.7 106.1 102.3 103.2 104.8 105.3 107.7 110.7
101.9 102.6 102.8 102.7 104.8 106.1 106 104.7 101.7 96.1 89.2 85.2 76.6 62.6 61.4 70.9 79.7 82.2 85 92.2 96.6 99.9 102.8 99.8 95 93.3 91.6 89.6 85.4 84.5 85.5 85.2 81 86.1 90.7 92.5 94.5 97.3 99.7 101.1 101.8 102.2 102.2 101 79.8 70 73.3 75.5 76 80.1 90.9 95.2 90.5 85.7 81.5 77 77.3 79 79.5 79.8 77.1 79.4 82.1 85.6 85.4 84.9 92.5 98.8 101.1 104.6 109.1 113.7 113.2 110.4 107.2 103.5 101.2 102.2 102.9 103.8 106.1 108.4
101.2 101.4 101.6 102 103.4 104.8 104.3 102 98.4 96.2 94.5 93.7 88.4 82 72.3 81.7 85.5 86.2 90 94.8 98.6 102.1 102 99.6 96.6 94.1 91.6 87.4 91.1 90.8 90.3 88.4 88.1 85.2 88.8 91.9 95 98 99.1 99.4 100.8 103.2 105.4 101.2 81.5 70.7 70.5 70.9 71.5 69.5 74.8 77.9 77.5 77.5 71.6 74.9 76 76 74.5 74.9 82.1 86 90.3 92.8 92.1 89 86.7 89.7 95 99.7 104.2 109.3 108.4 105.4 101.5 100 100.5 101.7 103.2 106.2 108.6 110.3
98.5 98.7 99.4 99.9 101 101.7 101.8 99.7 96.9 96.1 96.7 96.7 93.5 79.6 79.2 88.4 88 89.3 93.6 97.3 100.6 100.1 98.2 95.6 93.6 91.9 91.5 92.5 94 95.6 95.7 94.4 92.5 91.1 89.7 89.5 91.6 93.6 94.3 95.9 97.8 100.5 103 100.8 83.8 76.5 76 74.5 74.5 74.1 74.2 70.7 72.6 70.9 74.6 79.7 86.3 86.8 88.6 90 92.7 98.1 102.3 100.7 97.2 96 93.5 92 90.9 91.1 99.6 104.6 103.5 100.2 98.9 100.3 103.6 106.4 107.6 109.8 111.9 113.4
97.3 98.5 99.3 99.7 100 100 100 98.5 97.5 98.3 97.6 94.6 91.5 87.7 79.3 89 89.3 91.2 95.7 99 99.7 97.7 95.4 93 92.5 92.7 93.1 95.1 98 99.6 100.2 99.4 98 95.8 93.7 90.6 89.9 90.4 91.6 93.1 95.1 98 99.7 100.2 93.7 84.2 81.6 80.3 79.9 78.5 80 79.5 78.9 79.9 84.3 88.4 91.9 94.7 98.4 100.8 102.3 106.6 107.4 105.4 101.8 100.7 101.8 101.5 100.9 95 92.6 99.2 99 98.5 101.5 106.8 109.6 112.5 114.2 114.8 115.7 116.5
100.5 101.6 103.4 104.9 103.9 101.1 99.7 99.4 100.7 98.9 93.2 90 91 88 77.9 86.6 89.7 91.6 94.8 96.9 96.5 95.5 93.9 93.1 93.5 95.1 96.3 99.5 102.8 103.6 104.1 103.8 103.2 101.4 97 92.7 92 92.7 92.8 94.8 96.4 96.9 97.4 96.8 96.1 94.1 94.1 93.3 93.3 89.3 88.2 87.8 87.1 91.7 97.7 100.1 102.1 104.7 107.7 110.2 112.3 113.3 112 110 107.6 104.9 106.4 107.6 108.4 98.9 92.2 95 97.4 100.5 104.4 110.4 113 115.8 118.8 120.1 119.8 120.2
104.2 106.4 107.5 107.9 106.4 103.1 99.6 99.5 99.9 96.2 91.1 90.4 95.8 94.5 88.6 84.9 90.3 91.4 94.1 96.6 98.6 98.1 95.8 94.5 95.3 97 100.6 104.9 106.9 107.6 108 107.9 106.7 104.6 101.1 96.8 95.8 96.1 96.6 97.3 99.1 99.1 97.5 95.9 95.3 96.4 99.6 102.6 103.6 106.3 103.6 102.3 95.9 95.8 103.1 105.3 106.3 108.9 111.5 113.6 115.7 117.3 115.7 113.4 109.7 108.8 111.3 112.7 110.4 104.3 94.8 93.6 96.2 100.6 108.1 112.4 115.2 119.1 122.6 123.8 124.2 124.7
103.6 105 105.5 105.3 103.5 101.3 98.7 98.6 97.5 93.1 90.2 94 97.7 97.2 92.7 85.9 92.7 94.1 98.1 101.9 103.4 103.1 102.2 98.7 97.9 100.6 105.4 109.4 111.2 113 113.5 112.8 110.3 108.1 104.2 101.3 100.7 100.9 103.1 103.9 103.1 101.6 99.8 97.7 96.8 98.9 103 105.4 109.5 110 109.9 104.8 96.6 104.8 107.4 109.2 109.8 111.5 113.6 116.7 118.9 119.2 116.3 113.4 109.9 111.5 114.6 114.3 111.4 108.5 100.6 94.8 98.5 103.3 109.1 113.3 117.2 120.9 122.5 124.1 125.3 127.5
99.1 99.6 100.1 99.2 97.8 96.9 96 95.2 93.3 91.1 94.6 97.2 98.7 98 93.5 89.1 94.8 97.3 102 106.1 108.2 108.1 106.9 104.6 102.2 105.1 108.9 111.9 113.3 114.4 115 113.7 111.7 109.6 107.2 106.6 105.8 106 107 107.2 106.1 105.1 102.8 100.5 100.1 102.1 105 109.1 112.3 111.2 108 100.6 104.8 108.7 110.3 110.5 110.4 112.2 114.3 117.5 117.6 116 114.5 112.4 110.1 112.6 116.3 116.1 113.8 111.2 105.5 96.2 101.8 106.3 110.6 114.2 117.4 119 120 121.6 123.4 126.2
95.4 95.9 95.1 93.9 92.8 92.3 92 91.7 93.7 97.1 97.7 99 98.6 97.1 91.1 94.7 96.4 98.5 102.8 106.9 110.3 110 109.1 107.3 106.7 108.6 110.9 110.8 110.9 111.6 112.1 111.7 110.7 109.2 108.6 108.9 109.7 110 110.3 109.5 108.8 108.2 107.2 105.1 105.9 107.4 108.7 112 112.7 110 105.1 101.2 106.6 110.2 109.6 109.1 110.4 110.8 112.2 113.2 112.9 111.7 111.1 110.6 109.9 111.8 115.3 115.9 114.6 112.7 108.1 98.4 102.6 107.1 110.6 114.1 115.7 116.3 117.3 119.2 121.2 123.4
99.6 99.5 97.8 95.7 94.1 92.5 93.1 96.3 100 100.4 98.6 98.5 96.6 94.3 88 94.8 96.8 98.6 102.1 105.5 108.6 108.2 107.3 106.4 105.9 107.6 109.1 107.7 107.5 108.6 108.9 109.1 108.7 107.7 107.5 108.6 110.6 113 112.9 112.4 111.7 111.4 111 109 109.9 112.8 113.5 112.9 111.4 108.2 103 102.9 105 107.3 108.8 108.4 108 108.3 109 109.3 110.1 111.7 111.1 108.9 109 110.2 111.4 112.5 112.6 112.8 104.6 101.9 106.3 108.3 111.5 113.7 115.5 115.6 115.9 116.5 118.7 120.5
105 104.5 103.5 102.3 101.7 100.6 100.3 102.6 104.7 103.6 100.1 98 96.3 96.3 94.2 88.3 95.8 97.4 100.8 103.7 106.2 105.5 104.1 103.6 103.7 105.2 106.3 105.2 105.1 106.2 106.9 107 106.8 106.1 106 107.3 110.2 113.6 115.4 115.2 114.5 114 113.6 112.8 113.8 115.7 116 112.9 110.7 106.9 104.1 106.2 109.3 110.8 112.2 113 112.6 108.5 108.4 109.7 114.3 116.5 115 109.5 108.5 108.9 109.3 109.6 110.7 111 103.9 104.9 112.4 113.9 116.9 119.1 119.8 119.2 118.9 118.8 117.8 117.7
108.2 108.5 108.2 107.4 107.6 107.6 106.9 107.8 109.1 107.7 104.1 100.4 100.3 102.7 103 100.3 90.8 95.2 98.5 101.4 103.8 103 101.3 101.1 101.9 103.3 104.5 105.1 107.1 107.6 106.9 105.7 105.1 105.2 105.2 107.4 110.1 112.8 114.9 116.3 116.3 115.8 114.9 114.5 114.7 115.7 114.9 112 110 107.2 104.9 108.3 111.3 113.5 115.4 116.4 116.7 113.8 111.4 114.6 118.6 119.5 116.1 110 108.6 109.1 110.1 112.4 113.8 112.5 106.9 106.9 115.5 118 121.2 123.1 123.4 123 123.3 124.7 123.8 120
107.1 108.4 109.3 110.4 112.1 112.7 112.5 112.7 113.4 112.2 109.3 106.6 107.1 107.6 107.9 106.6 100.7 97 98.1 97.6 100.5 99.7 99.5 100 102.6 104.5 106.4 109 111 111.6 111.2 109.6 106 105.6 107.4 108.3 109.5 111.7 113.4 114.1 114.7 114.2 114 114.4 114.7 114.6 113.5 111.7 109.5 106.6 105.9 109.6 112.8 115.3 117.8 119.9 119.8 117.2 115.7 117.8 119.4 118.7 113.6 109.1 109.1 111.1 113 115 115 113.7 103.5 109.9 115.6 119.6 123 124.6 124.5 124.7 124.9 128 126.1 124.1
105 106.5 107.7 109.3 111.7 114.7 117 117.7 117.3 115.4 113.2 111.4 111.9 112.5 112 110.2 106.6 103.3 103.1 100.9 98.9 98.9 99 99.5 102.1 105.8 108.5 111.1 113.2 114.2 114.2 112.6 108.2 106.1 107.5 108 108.9 109.4 110.1 110.2 110.4 111 111.6 113.3 112.6 111.9 110.6 108.5 107 105.1 105.8 110.1 113.6 117.2 120.2 121 119.2 117.6 117.2 117.9 116.8 115.3 111 110.2 111.7 112 114.3 115.2 114.2 111.6 103.7 111.3 115.9 119.8 122.2 122.5 122.7 122.8 124.2 127.1 126.8 129.2
103.1 104.6 106 108.1 110.9 113.3 116.4 118.8 119.2 118.3 116.3 115.6 116.1 117.2 115.7 113.6 112.1 110.3 108.4 108.5 105.9 101.4 100.1 100.2 102.4 106.2 109.9 112.5 114.6 114.4 114.3 112.6 107.9 106.3 107.5 108.3 109.8 109.3 109.8 110.7 111.2 110 110.5 111 111 110.5 108.8 106.7 104.9 104.4 105.4 110 113.2 115.4 116.5 116.6 115.6 114.8 115.6 115.8 114.4 112.6 110.1 109.9 109.8 111.7 114.9 114.6 112.2 111 109.6 106 111.9 117 118.2 116.8 116.6 119 122.4 124.7 127.4 133.5
