WholeMapElevations/data/nm/nm96_OST50GRID_20230518/NM96.asc
ncols 200
nrows 200
xllcorner 190000
yllcorner 760000
cellsize 50
[rows 108 to 143 of 200, columns 81 to 161 of 200]
18.4 21.8 16.7 17.3 15.7 14.2 14.4 14.9 15 18.9 20 21.1 23.2 26.4 26.9 26.6 32.1 31.9 33.8 38 33 39.7 42 41.1 36.1 41.4 40.2 38 39.8 45.5 50.8 55.6 59.7 73.5 86.8 94.2 102.5 110.8 115.7 116.3 125.9 127.4 131.9 133.7 138.3 140.6 138.4 132.7 133.1 136.8 141.6 136.6 142.4 140.7 140.5 132.1 134.9 137.2 146.2 152.6 155.1 167.6 185.7 207.6 224 236.2 246.8 277 291.5 302.2 317.2 340.4 382.2 406.3 419.9 429 436.9 452.8 460.9 468.2 476.6
15.1 16.2 16 16.6 14.8 12.9 12.8 13.2 13.7 13.7 14.9 17.5 15.8 17.4 20.6 21.1 23.7 27.1 26.5 25.8 26.9 35.7 35.5 37.2 34.3 25.6 31.2 29.8 28.1 29.1 37.3 39.5 54 62.9 74.7 81.1 86.7 93.6 106.5 104 114.8 118.2 120.2 118.1 122.1 123 125.6 120.7 117.9 122.8 134.4 134.7 132 132.5 136.6 134.5 123.3 126.9 131.8 136.5 138.2 148.7 160.7 176.4 198 211.7 220.6 260.4 278.2 290.9 301.7 325.4 346.5 372.5 390.5 398.9 411.1 422.4 433.1 448.8 456
13 14 12.5 17.4 13.8 12.1 11.9 12.2 12.8 13.3 12.8 13.2 17.2 14.6 14.2 18 17.4 18.4 19 21.3 22 24.1 31 31.9 29.5 25.9 18.2 25.8 24.9 24.4 26.9 30.4 43.2 53.9 62.5 74.8 78.4 79.1 84.3 93.9 87.1 104.3 108.7 107 106.5 108.3 108.8 107.3 111.1 111.7 122.3 124 124.5 127 126.2 127.7 119.3 112.2 123.2 121.2 125.6 133.2 144.1 153.7 170.6 187.3 200 232.4 260.5 279.8 289.4 301.9 319.5 336.1 349 359.4 375.7 394.5 409.6 421 433.2
12.4 13 11.6 13.1 13.6 11.9 11.1 11.1 11.8 13.2 11.2 10.4 10.2 17 12.4 11.8 14.7 13.7 13.4 13.9 16.3 14.7 22.4 24.7 24.9 20.4 17.4 11.7 22.3 20.4 17.4 25.5 31.9 48 57.2 61 70.4 69.7 69.8 74 76 83.2 92.4 96 95 96 94.4 93.9 93.2 98.7 110.1 112.8 113.4 121.2 121.5 117.7 107.5 100.5 111.2 109.8 105 116.4 127.8 140 142.7 170 188.8 218 233.5 252.6 267 279.4 300.5 312.8 321.5 332 360.6 371.3 381.9 394.7 403.4
13.3 13.1 12.1 10.8 11.8 11.8 10.6 10.6 10.5 10.3 9.8 9.6 9.2 8.7 13.7 8.5 9.6 9.3 10.5 9.7 9.8 11.4 11.5 14.8 17.8 16 14 10.4 8 10.6 13.6 13.9 23.9 36.7 50.1 55.5 57 65.5 57.2 64.2 66.6 63.7 73.7 82.6 88.3 85.5 85.6 83.6 79.9 86.4 100.3 103.8 105.1 107.3 116.6 108.3 104.2 94.9 95.7 96.2 97.2 101.5 108 123.9 130.3 150.9 169.1 194.6 212.9 230 247 256.6 269.3 291.9 298.1 307.6 331.2 343.6 355.3 367.9 372.6
14.1 13.3 12.6 11.8 10.8 10.6 10.4 10.7 9.8 9.3 8.9 8.8 8.2 7.9 7.5 7.5 7.4 7.8 7.4 6.7 6.5 6.5 8.6 10.1 10.3 11.4 10.1 8.1 5.5 5.8 12 11.7 11.5 24.2 37.7 50.1 48.6 47.9 51.9 54.3 60 57.5 58.6 72.7 74.3 73.2 78.1 76.8 72.8 79.5 90 92.6 88.9 92.1 101 95.7 98.2 91.2 81.8 85.5 86.5 89.9 95.3 105.5 115.7 129.9 146.2 167.6 197 216.6 233.7 240.3 248.1 259.7 268.3 281.6 294 314.6 329.6 343.2 353
13.8 12.9 12.5 11.7 10.9 10.7 10.5 11.5 10.8 10.1 9.8 9.2 9 8.6 8 7.8 7.3 6.7 6.8 6.2 6 5.6 5.4 10.5 7.5 8.2 6.2 6.6 5.3 5.2 5.1 7 8.2 19 27.1 37 39.8 39.2 40.9 44.8 51.5 51.3 52.7 57.7 64.9 71.2 73.7 72 68.1 74.6 79.6 83.5 81.9 81.1 87.8 81.5 94.6 86.5 77.3 71.6 75.5 82.2 87.1 92.9 103.6 115.7 128.8 145.6 179.1 201.4 213.2 226.1 236 238 248.3 262 281.8 298.8 308.3 315.4 327.7
13.9 13 13 11.7 10.9 11.2 11.3 9.2 11.3 10.9 10.4 10 9.6 9.1 8.4 8.1 7.7 7.1 7.2 7.2 6.7 6.4 6.3 6.3 5.6 5.7 5.9 6.1 5.5 4.8 4.4 5.7 9.2 9.9 19.6 24.9 26 28.6 32 35.1 44.8 46.7 43.5 51.8 59.4 70.8 72.9 68.2 58.7 61.9 70.2 77.4 74.6 68.6 67.1 77.5 89.3 78.3 74.2 65.4 69.3 74.2 80.1 80.7 87 101.7 110.3 126.2 153.8 180.2 192.7 207.5 222 224.4 226.5 236 258.3 286 300.8 309.9 312.5
15.6 13.8 12.7 11.5 10.9 11.1 10.6 9.9 8.8 10.8 10.4 9.8 9.7 9.2 8.7 8.3 7.9 7.6 7.5 7.5 7.5 7 6.6 6.1 6 6.1 5.8 5.5 5.3 4.1 4 5.5 15.8 8.1 11.7 20.4 18.5 20.4 24.2 27.7 28.1 42 38.2 39.1 50.5 67.8 73.8 64.3 53.6 50.2 57.3 62.6 62.4 49.6 57.4 66 70 67.5 66.3 62.2 58.8 62 69 72.3 74.6 83.4 96.5 107.1 126.4 154.4 177.7 193.7 199.8 210.1 212.2 220.5 234.1 251.9 269.2 286.8 300
18.8 14.7 12.9 12 10.7 10.3 10.1 10 10.1 8.8 9.9 9.3 9.3 9.2 8.4 7.9 7.5 7.5 7.3 7.3 7.4 7.3 7 6.7 6.5 6.3 5.8 5.5 5.3 4.7 4.6 3.9 4.7 5.3 5.2 13.9 12.7 12.3 18.5 16.9 21.4 27.3 32.2 31.3 37.8 47.7 53.3 53.7 46.4 43.8 47.4 45.8 47.3 39.5 49.4 57.3 57.9 53.9 53.5 53.9 46 48.2 58.5 64.4 62.2 72.1 81.7 93.5 108.6 125.5 151.6 171.3 181.8 189.9 194.6 204.2 214.2 227.8 245.9 266.1 281.9
30.1 20.7 18.3 12.7 12 11.1 10.8 10.4 11.3 10.8 9.7 8.8 9.1 9 7.8 7.4 7.3 7.4 7.1 7.1 7.1 7.3 7 6.2 5.8 6.1 5.7 5.4 5.2 5.1 4.9 4.5 4.1 3.6 3.5 3.8 9.8 7.4 6.4 10.7 13.8 11.6 22.5 24.8 26.3 29 34.2 37.7 43 38 36.1 35.6 37.9 33.4 40.6 49.8 49.7 47.3 45.8 48.2 38.4 42.2 48.7 52.2 50.7 61.6 74.5 80.9 89 110.2 128.8 145.8 161.2 171 176.8 187.9 199.2 208.6 221.3 242.6 265.5
39.5 33.3 28 19.4 15.6 13.8 12.1 11.8 12.4 12.6 11.2 9.3 9.4 8.7 7.9 7.2 7.3 7.3 6.9 6.9 6.8 8.2 6.8 6.4 6.2 5.9 5.5 5.3 5.1 4.9 5.1 4.7 4.3 4 4.5 4.4 3.8 4.1 3.1 3.3 6.8 6.3 7.5 10 13.3 24 25 26.4 39.5 34.1 29.9 26.5 28.1 28.8 35.8 37.5 39.5 36.4 33.1 45.5 38.1 37.1 42.7 43.6 42 50.4 66 72.3 82.2 91.3 109 123.8 141.5 157 165.4 171.3 183.3 192.7 204.2 225.2 240.8
54.1 48.9 39.1 30.7 24.3 21.4 19.7 16.1 16.3 15.5 13.6 10.6 10 9.7 9.2 8.6 8.3 7.2 6.9 6.5 6.4 7.8 7.2 6.7 6.5 5.8 5.6 5.5 5 4.9 4.9 4.9 4.6 4 4.8 4.7 4.5 3.7 3.5 3.3 5 5.7 5.7 4.6 5.2 11.9 17.2 19 20.3 28.1 27.1 22.5 20.6 24.8 28.9 32 28.6 26.4 25.6 30.5 31.8 28.1 32.9 35.3 35 43.5 54.4 67.9 75.1 81 88.8 106.9 122.6 140.3 149.9 154.8 167.8 180.1 193.4 208.9 219.3
68.4 61.5 54.2 45.5 36.1 33 33.3 30.7 23.4 24.6 24.5 25.2 23.6 21.8 13.6 10.6 10.2 8.5 9 8.6 6.9 6.5 5.7 6.2 6.7 5.6 6.5 6.1 5.8 5.3 4.7 5 4.7 4.3 4.8 4.6 4.4 4.6 4.4 3.6 3 4.7 5 4.4 4.9 5.6 7.1 11.5 12 17.3 24 21.2 15.6 17.1 21.6 29.3 34.2 26.4 14.7 17.6 19.9 19.6 26.2 29 30.4 39.2 45.8 55 66.5 71.9 79.3 93.2 108 120.4 133.8 141.7 152.5 169.7 179.7 192.4 207
85.5 77.9 69.3 60.8 53.3 50.6 50.3 50.6 38.4 46.2 47.8 44.2 39.2 38.4 32.4 25 25.2 20 12.9 10.7 11.8 9.5 8.7 7.5 6.3 5 5.7 5.6 4.8 5.6 5 4.7 4.3 3.9 4.6 5.1 4.4 4.6 4.7 4.2 4 3.4 4.7 4 4.7 5.3 5.7 6.1 9.3 11.2 21.3 19.9 14 14.9 17.8 23.3 28.1 33.9 15.1 11.8 14.2 17.3 19.7 23.1 27.1 38.1 41.3 47.1 52.8 63.9 74.4 81.5 92.3 105.2 112.3 126 139.7 154.3 165.8 179.8 196.3
109.3 99 87.4 80.3 76.1 72.2 66.4 64.5 58.3 70.6 71.1 68.1 64.2 61.6 58.4 48.1 45.7 39.4 29.6 24.4 24.6 17.8 21.4 18 12.1 8.5 7 6.4 6.4 5.4 5.4 4.4 4.3 5.2 4.7 4.1 4.5 4.6 4.8 4.7 4.2 4.2 3.1 3.4 3.7 4.8 5 5.3 7.7 10.7 12.9 18.5 14.6 11.7 12.9 15.2 20.2 26.7 14.1 10.3 11.7 19.2 15 15.8 23.6 37.7 40.2 42.7 50.1 57.7 70.8 80.5 88.8 97.1 105.6 115.4 130.1 146.2 159.6 167.1 180.2
124.6 121.4 106.8 94.7 92.9 85.8 81.4 74.3 78.8 89.8 93.9 93.8 88.6 88.3 87.9 72 66 64.2 48.4 43.2 40.1 33.3 31.7 32 27 19.3 12.4 11.6 9.9 10 6.7 5.2 6 7.1 5.8 3.9 3.4 3.7 3.3 3.7 4.4 4.4 3.9 2.5 3 4.3 4.7 5.1 5.2 8.9 10 12.7 12.4 7.7 12.7 11.3 14.5 18.2 17.4 9.9 10.3 11.2 13.3 15.1 19.5 34.7 36.9 39.4 47.6 56.7 64.4 72.1 83.8 94.8 101.8 114 126.3 136.9 151 159.6 164.6
129.5 132.6 121.9 109.8 105.5 99.5 94 86.6 99.3 105.4 110.5 109.5 106.6 108 107.8 92 86.1 81.1 72.2 72.7 64.3 53.9 50.3 50.4 43 38.1 29.4 24.7 20.2 18.5 13.8 10.9 8.8 9.2 7.2 5.3 4.7 4.5 4.1 3 4.1 4.5 4.3 4.2 2.7 4.1 4.4 4.8 4.8 4.9 5.5 5.8 7.5 8 10.3 10.7 10.5 11.3 9.8 9.2 9 9.6 10.1 12.7 16.4 25.8 32.4 35.9 40.8 49.9 61.4 71.9 83.3 99.8 110.8 112.5 120 131.6 144.1 151 151.3
144.4 139.5 131.7 121.8 118.7 113.7 110.2 97.9 117.8 121 123.3 123.5 122.3 124 120.4 115 111.7 97.7 95.7 91.8 83.5 80.1 76 71.6 66.3 60.7 51.5 42.5 36.4 34.5 28.8 21.6 14.6 11.8 9.9 6.6 4.8 4.2 4.2 4.3 4.3 2.4 3.8 3.6 3 4.2 3.7 4.5 4.4 4 3.9 5 7.1 8.7 10 10.3 10.6 10.4 8.3 8.5 8.3 8.7 8.4 9 11.2 18.7 30.5 28.2 40.3 49.9 58.3 69.6 82.2 97.8 114.7 118 118.5 124.8 133.6 139.9 136.1
166.6 148.7 142.2 133.6 129.7 128.8 127 108.9 125.2 134.4 133.4 142.8 143.9 140.7 135.4 133.3 129.3 119.1 121.8 110.2 99.1 98.4 98.1 96.1 93.3 84.9 73.4 64.4 56.1 54.3 49.6 38.7 27.7 21.9 15.5 10.3 6.4 5.1 4.8 5.1 5 4.5 2.9 2.4 2.8 2.7 3 3.1 3.7 4.3 5.1 7.1 8.1 9 9.9 9.6 9.4 8.7 7.7 7.7 8 8 7.6 8.2 9 11 19.5 30.9 45.7 55.2 62.4 73.1 82.3 93.1 110.7 123.1 126.1 123.3 122.4 127.3 131.8
195.4 166.9 152.3 152.1 139.3 136.9 134.9 126.6 131.4 148.6 144.8 151.5 156.2 157.2 152.8 144.8 140.7 136.1 137.8 130.1 121.4 124.1 124.5 124 114 104.7 98.9 89.9 75.8 82.6 66.7 54.9 43 37.1 27.4 20.1 12.3 6.7 6.7 7.2 7.2 5.4 4.4 3.7 3.2 2.6 2.5 3.6 3.4 3.9 4.5 6.4 7.8 8.7 10.1 9.3 8.8 8.1 7.3 6.9 6.3 6.5 6.8 7 7.7 11.2 19.5 28.5 36.8 54.3 63.7 78.4 88.4 95.9 105.9 115.9 124.1 126 136 139.3 147.6
209.4 183.1 168.8 159.2 155.8 144.8 144.5 139.9 136.3 158.9 160.6 158.3 165.3 167.9 166 158.7 155.6 158.3 154.6 151.3 141.3 147.8 150.8 144.3 139.1 133.7 123.6 106 103.7 101 90.1 71.9 61.6 52.7 45.4 36.7 26.9 12 8.9 9.4 8.3 6.1 4.8 4.6 4.6 3.9 3.3 2.4 2.8 3.7 3.9 5.6 7.4 9.1 9.9 9.1 8.5 8.4 7.3 6.3 5.2 5.2 5.4 5.7 6.3 6.7 14.1 26 35.2 43.8 55.6 65.8 79.3 88.8 99.6 109.7 119.6 128.8 140.3 144.1 149.5
236 216 193 167.8 161.7 153.9 152.4 147.8 144.6 163.4 168.4 169.7 183.5 189.5 187.7 189.1 181 175.6 175.2 168.5 169.5 180 182.4 171.4 162.1 158.4 140 126.2 124.7 117 104.6 89 77 70.3 61.9 57.3 40.9 23.8 12.8 13 11.8 8.7 5.3 4.9 4.9 3.8 3 2.4 3 3.1 2.3 3 4.2 3.5 5.1 7.7 11.1 13 7.9 6.5 5 4.5 4.6 4.8 5.2 5.3 10 21.4 32.9 42.3 51.6 65.3 77.2 90.5 105.9 117.2 129.3 131.4 133.6 138.1 146.8
259.1 235 204.7 186.7 167.7 161.6 158.5 155.9 148.1 160.5 170.2 174.7 192.2 203.4 204.6 205.4 208 197.9 190.5 184.2 192.9 207 209.2 195.5 184.7 171.1 156.6 145.9 155.6 138.8 123.4 108.5 92.4 86.6 85.9 71.6 56.1 41.8 28.6 19.3 19.2 12.4 7.2 5.1 5.1 4 2.9 2.4 3.1 2.4 2.3 2.3 2.3 2.3 3.1 10.4 11.6 20.4 12.3 6.3 5.4 4.4 4 4.5 4.4 4.5 7.2 17.2 30 42.9 53.1 66 80.7 100.9 110.3 120.1 133.6 133 131.1 129.4 136
269.8 246.2 221.5 196.6 174.6 168 165.1 160.6 149.3 160.3 171 174.4 178.4 202.9 214.4 222.7 226.9 217.7 208.5 209.6 211.8 224.5 229.2 213.7 199.3 183.3 175.2 177.5 173.3 157.3 140.8 127.3 110.2 106.2 100.1 86.8 70.9 56.1 44 30.8 29.4 24 11.8 9 5.4 4.2 3 2.3 2.3 2.3 2.3 2.4 2.3 2.3 2.3 2.3 14.2 16.5 24.7 8.1 5.7 4.9 4.3 4.9 4.2 3.8 6.4 17.4 29.4 46.7 57.6 69 81.9 97.4 108.9 114.3 123.1 126.2 130.7 125.6 118.3
282.1 250.6 234.2 202.6 181.2 175.5 172.9 166.6 158.7 163.3 171.3 175.1 177.4 199.8 230 232.8 232.4 229.2 232.1 237.7 239.9 249.3 246.6 232.2 218.4 203 186.8 195.1 195.6 177.3 158.6 143.9 129.8 123.9 113 104.6 91.5 75.1 59.7 46.7 40.4 35.9 23.6 15.7 9.6 7.8 6.1 3.7 2.3 2.3 2.3 2.3 2.3 2.3 2.3 2.3 2.3 4.4 21.2 28 6.2 4.8 3.8 3.1 4.4 3.2 7.2 14.8 24.7 38.4 58.1 70.7 86.9 99.8 107.4 113.3 122.4 129.8 130.5 124.6 118.9
293.1 263.3 240.9 213.1 185.7 184.2 180.1 177.3 168 164.2 172.3 178 181.1 194.8 227.7 233.8 243.5 247 251.3 255.5 264.2 271.1 265.8 256.8 239.5 221.7 210.9 211.4 210.4 197.5 187.3 169.7 149.6 140.8 131.6 114.1 103.6 93.7 75.9 60.7 52.1 51.8 42.4 32.2 23.7 19.7 14.8 10.8 4.5 2.3 2.3 2.3 2.3 2.3 2.3 2.3 2.3 2.3 4.2 6.3 10.4 5.6 3.7 2.9 3.2 3.2 4.1 10 23.2 34.6 46.9 73.4 90.7 100.9 106 105 110.4 113.9 103 87.3 84.3
304.1 270.1 241.9 219.2 194.2 187.3 187.1 181.5 176 165.4 171.8 178.6 187.1 194.7 225.5 234.9 248.5 262 266.7 278.8 288.5 289.5 285.1 277.7 262 240.3 234.3 227.2 225.8 214.1 202.4 194.8 169 157 145.2 128 112 101.6 90 76 71.2 68.8 61 47.9 41.9 39.2 31.5 18.4 8.9 2.3 2.3 2.3 2.3 2.3 2.3 2.3 2.3 2.3 2.5 5 5.3 3.6 2.3 2.3 2.3 3.3 5.2 8.5 17.8 25.4 26.9 36.7 56.6 65.9 78.2 87.6 88.3 85.7 69.9 51.3 50.8
302.5 272.9 248.4 229.7 203.2 186.8 187.5 181.2 177.9 172.8 171.4 177.5 189.7 192.8 213.9 236.1 247.6 267.8 274.4 291.9 302.2 304.8 298.9 291.5 278.2 275.3 266.1 251.3 242.6 238.7 225.9 212.5 189.7 171.6 163.1 144.9 132.2 112.1 100.6 90.9 79.5 81.8 77 69.4 61.5 53 49.2 36.8 26.3 15.3 8.6 6.6 3.7 2.3 2.3 2.3 2.3 2.3 2.3 2.3 2.3 2.3 2.3 2.3 2.3 2.3 3.3 11.6 13.8 14.2 17.5 12 19.9 12.4 21.8 31.6 34.3 35.7 33.1 31.1 33.6
303.6 279.5 251.8 229.3 209.4 191.8 181.8 180.1 178.9 175.9 169.9 174.6 184.6 191.4 203.6 221.4 245.3 267.3 284.9 295.8 311.4 314.6 312.8 310 305.5 304.7 289.7 277.9 270.1 264 250.2 235.7 214.8 192 178.5 166.9 152 132.9 119 106.1 93.4 104.4 95.7 87.8 82.2 70.4 68 60.5 51.1 44.2 28.5 24 13.2 5.5 2.3 2.3 2.3 2.3 2.3 2.3 2.3 2.3 2.3 2.3 2.3 2.3 2.1 1.5 0.5 0.6 1.6 5.6 6.9 6.3 6.1 7.7 13.2 15 19.5 21 22.8
299.9 281 259 230 209.2 190.6 179.6 178.3 178.4 179.4 173.4 179.8 179.4 190.9 199.2 214.1 234.7 262.2 284.1 305.1 308.9 332.7 332.4 338.2 334.6 330.3 314 304.9 293 293.4 283.6 266.9 240.3 212.9 195.9 181.4 165.6 151.4 134.2 120.6 106.4 120.1 120 109 103.2 92.5 96.3 87.5 77.6 67.6 56.5 45.1 37.1 27.4 19.9 12.7 11.7 15.3 11.5 8.1 2.3 2.3 2.3 2.3 2.3 2.6 2.6 3.2 3.7 2.9 0.5 2.2 5.4 4.7 5 7.7 10.5 11.4 11.1 11.2 10.7
286.5 274.2 251.4 226.4 205.1 186 177.2 173.3 176.8 181.9 178.1 179.2 182.8 192.5 201.2 216.3 230.3 256.1 284.1 311.1 328.5 334 346.1 359.1 366.1 354.2 336.2 328.2 315.6 315.7 311.6 290.9 255.7 231.8 214 197.4 181.5 164.8 148.9 136 122.7 137.3 134.3 126.4 127.2 115.9 122.8 110.8 103.8 89.5 79.1 71.6 66.3 57.6 54.4 41.6 38.2 31.8 28.7 22.2 14.9 8.7 5.7 2.3 4.1 3.3 3 3.9 4 4 3.5 2.7 5.2 4.4 6.5 9.6 13.1 13.5 12.1 10.6 9.8
256.9 261.8 246 225 201.2 180.9 174.4 170.9 175.6 184.9 181.5 180.8 184.7 191 200.2 211.8 229.2 251.1 289.9 321.8 338.9 341.1 354.5 369.2 383.5 376 362.4 354.7 342.6 335.8 328.9 312 274.7 257.1 231.4 212.2 197.1 179 166.9 152.2 142.3 155.8 151.5 145.5 146.2 138.7 147 139.7 128.9 117.7 106.7 102.7 98 93.4 85.9 71.6 67.5 59.4 55.1 47.5 42.8 32.9 27.4 17.4 7.4 3.1 3.2 3.6 4.1 4.5 2.2 2.5 4.9 4.3 5.4 9.1 11.5 11 9.8 9.1 10.9
253.7 245.6 235.1 218.2 201.2 176.6 171.2 167.7 171.3 183.9 185.5 180.3 185.5 194.3 198.8 207.4 227 249.4 284 327 346.3 352 358.3 376.3 393.2 395.1 385.1 381.4 373.8 357.8 335.1 317.4 288.1 270 240.5 223.6 212.3 200.3 182.8 170.1 165.1 156.9 171.9 163.9 167.2 160.9 169 174.9 161.8 149.3 137.9 134.3 132.5 129.6 130.2 110.2 102.5 99.4 91 80.7 74.8 61.9 52 45 37.2 23.6 13.1 5.3 3 2.7 2.4 1.3 1.1 1 -1.2 -1.2 4.9 4.9 7.9 12.8 12.4
256.7 226.1 225.9 211.5 197.3 176.9 168.1 166.1 169.8 178 184.6 182.1 183.8 194.6 201.9 209.2 227.6 249.2 274.3 313.7 332.5 366.6 374.1 380.9 398 409.5 406.7 400.8 399.7 379.1 353.9 328.9 298.2 276.8 257 237.2 228.1 214 197.5 189.3 185.6 181.9 187.9 184.3 186.7 183.9 189.3 193.2 194.7 188.7 176.1 163.6 166.1 171.4 157.6 144.1 132.6 129.1 125.4 123.6 103 90.8 82.9 80.4 66 53.7 39.4 23.4 8.1 10 9.7 9.2 7.8 8.2 -1.2 -1.2 -1.2 -1.2 -1.2 -1.2 -1.2
256.1 226.2 201.2 196.3 187.1 177.5 168.7 164.9 167.9 177.5 184.3 185.1 186.1 189.3 200 208.3 226.5 243.1 263 296 327.5 356.9 383.8 394 398.8 408.7 415.9 410.2 414.9 401.4 372.5 337.8 311.9 295.8 275.6 253.8 242.1 229.9 216.7 212.1 207.1 203.8 194.4 203.8 207 200.6 213 213 212.8 211.1 206.2 198.3 198 198.5 192.1 179.2 164 181.2 174.6 163.7 147.1 131.8 122.5 109.6 94.2 76.3 60.7 41.3 23.5 22.3 21.1 20.2 15.7 12.6 10.3 7.4 6.9 -1.2 -1.2 -1.2 -1.2
