WholeMapElevations/data/sn/sn73_OST50GRID_20230518/SN73.asc
ncols 200
nrows 200
xllcorner 270000
yllcorner 230000
cellsize 50
[rows 36 to 71 of 200, columns 81 to 161 of 200]
134.8 127.2 120.9 114.5 113.3 115.1 113.1 111.7 111.7 114 116.8 125.9 136.8 145.4 151.7 152.5 151.1 147.7 143.3 137.9 132.1 126.1 112.8 104.9 100.9 96.9 94.2 92.3 90.3 86.1 85.6 85.8 85.9 80 85.8 86.7 87.9 89.6 96.1 101.5 108.2 119.4 136.8 159.8 182.1 203.9 223.8 241.4 258.3 273.2 284.1 292.8 296.2 285.3 265.8 241.3 217.3 200.2 187.9 183.7 183.8 187.2 189.7 191.6 194.6 199.9 207.7 213.3 218.8 224.3 230.2 238.8 246.5 253.2 261.5 264.1 263.7 249.4 224 214.4 199.1
134.5 124 116.6 115.4 118.2 118.3 117 114.5 114.5 116.8 120.9 130.3 140.8 149.3 151 150.7 150.1 145.3 140.7 134.6 126.3 116.2 110.7 105.8 101.9 98 95.4 91.7 87.2 85.7 85.8 86.1 85.5 84.1 86.1 86.8 88.3 92.8 98.4 104.3 111.5 123.1 145.3 165.3 188.1 207 229.3 249.8 269.4 285.1 292.1 296.2 289.9 275.1 251.5 227.9 206.4 190.9 183.2 181.2 181.8 185.7 187.9 189.6 193 198.9 205.3 212.1 221.9 230.1 235.3 241.3 247.9 255.8 260.7 263.8 255.8 240.3 221.4 212.2 193.9
129.5 118.2 116.8 118.7 121.2 120.8 120.4 118.2 117.9 119.4 124.1 132.4 145.4 149.2 150.2 150.8 150.6 144.4 138.5 132.4 124.1 117.5 111 105.6 101.3 97.7 94.9 90.3 85.7 85.3 85.5 85.5 81.8 85.4 86 87.1 90.1 94.8 100.4 106.4 114.1 126.2 143 162.7 185.7 210 233.1 255.4 279 292.9 297.1 294.6 280.9 261.8 238.5 213.8 194.5 183.7 179.4 177.8 181.2 184.2 185 188.4 192.7 198.3 204.5 211.9 222.8 229.5 236.8 243.8 252.4 258.4 262.4 260.9 251.2 230.5 218.7 204.9 185
121.3 118.3 121.9 121.8 123 123.1 122.7 121.5 121.4 124.7 131.3 139 146.8 150.2 153.9 154.7 153.6 147.6 137.4 132.7 126.5 120.5 112.8 105.9 101.5 97.1 91.7 86.1 84.8 85 85.2 85.1 79.1 86 86 87.6 94 96.3 100.7 108.9 120.1 134.9 152.2 169.7 185.2 205.6 233.3 260.4 283.3 294.1 296.2 287.4 270.3 250.1 225.4 201.3 185.7 179.4 175.7 177.2 180 181.4 183 186.5 191.6 198 203.8 210.6 221.5 231.1 239 247.6 254.2 260.6 264.3 267.2 256 236.2 220.4 200.1 179.8
119.4 123.8 124.4 123.8 124.4 124.6 124.8 125.4 127.1 129.5 136.2 143.9 148.3 152.4 156.9 157.5 155.1 146.7 138.5 133 128.9 124.6 114.5 106.5 101.8 93.4 85.8 85.3 84.6 84.8 85 84.1 84.5 85.6 86.5 88.2 92.1 97.6 103.7 114.4 129.3 148.9 165.8 182 200.2 218.7 240.1 266.3 286.5 296.4 290.9 277.7 260.9 237.8 213.2 192.3 181 174.9 173.7 176.2 177.5 180.6 181.9 187.1 192.4 199.5 206.6 214.2 224 233.5 240.6 247 254.2 259.9 263.2 260.8 251.8 235.5 223.5 202.2 178.2
122.8 125.5 125.8 125.4 125.8 126.6 127 128.8 131.5 138.1 143.1 144.8 148 152.9 158 160.5 157.7 152.1 147.1 140.8 140.4 130.9 119.1 106.2 98.1 85.5 84.3 84.2 84.4 84.6 85.1 82.4 85.4 85.4 92.6 90.7 92.6 98 106.9 119.1 138.4 161.5 180.2 195.2 215 236.9 254.1 272.1 287.2 294.4 281.7 269.3 248.6 225.1 202.3 185.5 177.6 173 171 173.5 175.8 178.3 181.8 188 194.9 201.6 207.8 216 225.7 234.7 240.3 248 254.9 258.5 256.5 249.6 241.4 228.7 218 197.7 177.7
123.8 126.3 127.3 127.6 127.9 128.5 129.7 131.7 136.6 143.2 146.6 151.2 156.6 157.2 161.3 165 168.6 165.1 158.3 158.3 151.6 139.3 125.1 106.8 91.6 84.3 83.8 84.1 84.4 84.3 83.7 78.9 85.1 92.2 95.6 94.7 95.7 100.1 110.1 124.1 147.3 171.8 191.7 209 227.9 248 265.6 278.2 288.1 283.4 275.5 256.1 234.3 212.7 192.1 179.8 174.9 172.3 167.5 171 175.3 178.6 182.6 190.7 197.2 202.8 209.1 217.6 227.1 234.1 239.3 246.6 250.4 252.8 246 239.9 228.6 221.6 206.1 186.1 170.9
124.6 127.1 128.8 130.1 130.2 131.2 134.1 138.3 143 148.2 151.9 163.7 169.2 169.9 171.6 176 179.1 176.1 171.3 168.9 159.4 147.3 132.9 110.9 88.8 83.4 83.6 83.8 83.4 82.9 82.6 78.8 88.5 97.2 96.4 94.8 96.7 103 114.8 132.3 156 179.4 201.8 223.9 245 262.4 280.4 285 283.4 276.3 262.7 240.1 218.6 199.2 182.1 175.5 172.8 171.2 169.4 168.7 174 178 185 193.6 198.7 202.9 210.2 219.4 226.7 231.4 236.2 240.6 244.4 242.7 236.3 224.9 220.8 210.9 192.1 176.1 163.2
126.2 129.4 131.1 132.2 133.7 134.6 138.6 142.8 150.3 157.3 162.8 169 173.2 176.6 181.9 186.5 185.7 180.5 178.9 178 170.1 156.9 139.4 114.5 86.6 83.4 83.5 82.8 82 80.9 78.5 84.4 94.1 99.6 96.1 95.2 98.1 105.9 118.4 140.7 162.4 184.3 207.7 234.3 255.1 276.4 285.5 283.3 278.3 269.3 250.1 224.1 203.1 186.9 176.5 172.8 171.5 170.3 168.6 166.5 172.5 178.7 188.1 196.4 202.1 205.6 212.4 219.9 225 227.8 230.5 231.8 233 229.8 220.6 215.4 211.8 197.6 179.9 167.3 160.3
128 131 133 134.9 135.8 139.1 141.8 145 154.4 163 171.1 173.6 180 188.4 193.3 191.8 189.2 185.8 185 180.9 172.1 160.4 140.2 118 87.6 83 80.3 78.4 79.8 83 91.5 97.1 99.5 97.6 94.5 96.7 100.8 109.1 122.5 144.9 166.3 191.5 217.8 244.8 265.1 279.5 282.7 279.1 270 256.5 235.6 210.2 189.8 177.8 172.9 171.1 169.7 168.9 165.9 166 171.1 181.9 190.7 198.9 205 207.5 212.4 217.9 220.2 221.7 221.8 221.9 220.6 213.7 208.4 206.5 198.9 184.3 169.9 160.3 156.8
129.1 132.7 136.2 138.6 139.5 142.2 145.8 148.5 151.5 165.6 173.3 178.7 188.3 194.9 193.8 189.2 188.2 187.2 183.2 178 172.5 163.1 142.9 118.3 85.4 80.6 81.4 82.7 84.3 85.4 92.8 93.2 93 93.1 93.3 98 102.9 112.6 127.5 147.8 172.1 199.9 230.8 259.5 277.5 282.2 278.4 269.8 260.3 244.5 221.8 200.3 181.2 173.4 170.5 169 168 166.7 162.9 168.2 175.9 184 193.1 202.7 206.7 209.2 212.6 214.5 215.2 215.2 214.5 211 205 202.2 199.9 195.4 185.2 172.7 161 156.8 153
131.3 136.9 140.9 142.8 144.2 145.2 150 152.1 153.9 161 174.3 184 191.5 192 188.8 187.2 186.5 184.8 182.3 182.3 180 169 153 121 84.4 75.9 82.4 83.7 84.4 84.7 88.7 89.1 89 89.4 92.5 98.8 104 116.3 131.8 153.7 179.5 207 239.1 267.8 277.3 275.8 265.9 255.8 243 227.4 208.9 190 174.4 170.4 168.5 166.4 164.6 161.2 164.6 171.5 179.4 186.6 196.8 204.2 208.2 209.9 212.3 212.1 207 206.1 205 199.6 195 195.6 190.4 182.8 171.6 161.8 156.7 153.5 149.8
137.3 145.6 145.9 148.1 149.3 149.9 153.8 155.1 156.7 159 173.1 184.8 189.1 187.5 185.8 185.1 183.2 182.8 185.6 188.7 187.5 175.2 152.4 125.7 91.1 77.8 82.9 83.8 84.1 84.4 84.1 84.6 85.3 87 91.3 98.6 107.6 120.6 137 158.9 186.1 214.9 248.8 267.1 272.2 264 253.8 242.7 231 214.2 199.2 181.8 171.6 168.9 166.7 164.9 160 160.5 167.6 176.6 183.4 190.5 200.1 204.8 206.6 207 207.7 208 201.5 196.2 194.8 190.9 189.2 186.4 179.1 169.8 160.7 157 153.3 149.8 145.8
149.6 155.1 155.8 153.4 154 154.1 157.5 158.3 159.1 161.2 167.8 177.5 180.9 181.1 184.2 182.6 181.4 181.8 185.9 190.2 188.5 174.4 148.4 122.4 99.1 75.6 83.4 83.9 83.9 83.7 83.5 83.5 83.6 84.4 89.5 99.4 110 123.9 140.5 164 191.7 221.8 251.5 264.8 261.9 250.9 241.1 231.1 218.4 203.7 191.7 175.6 169 166.9 164.7 156.5 159.9 164.5 172.8 184 187.2 193.7 199.7 202.5 203.2 203.5 201.8 200.6 196.9 188.6 187.2 185.1 180.2 173.8 165.9 158.7 156.2 152.9 150 146.6 143.5
162.6 167.4 165.2 160.9 160.6 159 158.6 162.2 163.4 164.6 166.7 170.9 175.2 181.6 183.5 181.6 180.1 179.7 182.1 185.5 182.8 166.8 143.1 120.5 102.1 75.4 83.9 83.6 83.5 83.3 83 82.8 82.8 82.6 86 99.5 111.2 126.9 142.4 167.4 196.1 225.9 249.3 255.9 247.5 237.1 228 218.4 207.4 196.6 182.1 170 167.2 165.5 162.2 155.5 163.1 168.6 178.3 184.9 189.1 194.6 198.7 199.4 200.6 200.9 195.8 193.9 190.9 182.2 179.1 177.7 169.4 163.9 159.9 156.1 152.9 150.2 146.5 143.6 141.8
169.2 170.9 170.7 170 168 165 161.6 165.2 167.3 169.6 171.4 173.3 177.7 181.9 183.1 181.4 179.7 177.4 175.7 175.6 169.5 157.5 136.6 119.2 102.4 86 83.1 83.4 83.2 83 82.7 82.4 82.3 82.5 84.7 99 112.3 127.8 141.7 165.7 191.4 219.9 245.7 240.7 232 223.7 214.4 206.5 199.5 188 172.9 167.5 164.9 162.8 154.1 157.8 164.2 170.7 177.8 183.4 188.8 193.7 196.6 196.6 197.6 196.6 191.4 189.5 187.9 176.3 170.2 164.6 161.1 159 157.5 154.2 151.2 148.6 144.8 141.8 139.9
171.9 177.1 176.4 175.8 173.6 169.3 165.5 166.6 169.6 172.1 174.5 176.1 178.2 179.8 181.4 181.1 179.9 176 167.6 164 159 145.3 129.4 117 103.3 93.6 75.4 82.7 83.3 82.9 82.6 82.3 82 81.9 83.8 98.5 111.4 124.5 139.1 160 183.4 213.8 227.4 225.5 218.8 210.5 203.3 199 191.2 180.2 169.9 166 162.3 157 151.8 159.7 166.5 171.7 176.9 180.8 186.7 191.5 193.2 193.1 194.8 194.8 191 186.1 182.2 177.1 159.7 156 154 153.5 154 151.9 149.4 147 144.1 140.7 137.2
175.6 177.2 177.9 175.5 169.9 169.4 166.9 166.2 168.5 170.6 173.3 175.1 176.9 178.2 179.5 180 178.9 173.6 166.1 154.6 147.8 135.1 121 112.2 104.9 98.3 86.2 77.7 83.3 82.9 82.5 82.3 82.2 81.9 84.9 97.2 108.2 116.3 131.1 152.1 173.4 200.2 211.4 213.6 206.9 199.8 194 189.9 182.9 171.7 167.1 164.1 159.7 152.8 154 161.4 167 170.9 174.2 178.7 185.2 188.2 188.8 189.1 192.3 192.8 189.6 181.8 176.4 172.2 162 152.4 150.5 149.7 149.7 148.5 146.2 144.9 143.5 141.1 139.8
173.7 174.4 173.3 169.5 168.1 167.2 166.6 166.3 165.6 168.7 171.2 173.2 175.2 176.5 177.5 178.4 175.5 168.3 158 148.7 135.4 125.4 116.3 109.9 105.1 99.7 93.7 86 81.6 82.7 82.9 82.8 82.6 82.3 84.4 94.8 102.2 109 120 140.1 161.5 181.8 199.2 206.6 201 192.9 187 182.3 176.5 170.8 166.9 164 160.2 152.3 149.5 160.5 164.6 168.1 170.9 176.6 181.9 182.8 182.8 185.8 189.3 189.1 184.4 176.2 172.8 167.6 159.1 151.8 147.9 146.9 145.8 144.2 143.1 142.3 142 141.1 142
171.3 172.8 172.1 170.4 168.8 167.8 167.1 167.2 167.1 167.1 168.8 171.1 171.9 172.9 170.9 168.1 167 157.9 145.3 134.6 125.1 119.1 113.7 108.8 104.2 103.3 101 95.3 83.5 78.1 82.9 82.6 82.7 82.4 83.4 92.6 96.9 103.3 111.6 131.1 150.2 168 183.7 196.4 197.1 190 185 179.6 174.1 170 167.1 164.7 162 157.9 145.7 151.6 161.4 165.8 168.3 172.1 176.5 177.2 179.1 182.7 184.2 182.5 177.6 170.3 167.1 161.9 155.7 150.4 146.1 143.1 142 141 139.8 138.4 139.2 139.6 139.8
170.1 173.6 173.5 171.3 169.8 169.6 169.5 170.2 170.1 170.7 170.7 171.7 173.2 169.9 166.8 162.8 154.2 144.7 133.2 126.2 121.1 116.3 111.9 110.3 108.2 105.3 102.3 99.3 93.2 84.7 75.2 80.2 82.5 82 81.6 84.5 92.7 98.5 106 118.9 135.2 151.8 167.6 184.2 194.1 190.5 184.2 177 172.9 170.2 168.3 165.3 162.6 158.8 148.7 145.3 156.5 162.2 164 167.5 170.8 172.6 175.4 175.9 176.5 173.8 167.6 164 159.8 154.3 152 148.2 143 141.1 139.5 138.1 135.8 134 134.6 135.5 135.5
168.6 171.1 170.4 171.1 171.6 171.4 172 172.5 173.3 174.9 176.4 175.3 174.9 171.7 163.9 156 149.1 140.6 131.3 125.5 123.8 119.3 115.5 112.1 108.8 105.5 102.8 100.7 97.7 94.2 90.4 81.6 74.8 80.9 81.7 81.4 85.5 92.1 97.6 107.2 120.3 133.8 150.9 171.5 186.2 194.1 184.1 176.3 174 172.3 172 167.9 163.8 157.3 148 145 154.4 158.2 159.9 162.4 165 167.2 167.4 168.2 168.2 163.1 160.4 158.7 153.7 150.1 146.8 145.6 140.6 137.8 135.9 135 132.6 130.6 130.7 130.7 131
162.7 166.6 170.5 172.9 174.1 174.2 175 176.1 178 181.6 180.8 179.2 175.6 171.9 166.5 156.9 150.6 144.3 134.7 130.1 126.9 121.4 116 113 110.3 107.3 105.6 103 99.9 97.8 93 84 78.3 74.1 77.9 81.8 81.1 83.6 89.6 96.7 104.9 119.1 138.2 159 178 184.9 181.4 176.7 176.6 176.8 176.3 172.1 167.1 157.1 146.2 145.5 151 151.4 155 158.6 159.7 161.2 163.7 162.1 157.8 157.2 156.1 152.4 150.2 146 142.8 141.3 137.7 135.3 133.3 132.1 130.2 127.9 126.3 126.3 127.1
169.6 173.6 174.9 175.6 177.2 177.9 178.6 181 185.1 185.3 183.2 180.2 176.4 171.7 164.5 157.6 152.9 148.7 143.6 137.3 130.3 122.6 118.3 115.2 112.3 109.6 107.2 104.5 100.8 97.2 91.2 85.1 82.5 78.6 75.1 75 79.4 80.5 86.4 94.2 98.8 107.8 125 144.5 163.6 171.7 171.7 179 180.3 181 180.3 174.6 169.6 155.5 148.9 138.6 145.6 145.8 149 152 155.1 158 159.2 154.9 154.4 153.5 150.8 149.2 145.9 142.4 139.6 136.9 133.4 131.9 130 128.5 126.9 124.9 122.8 122.5 122.3
171.3 173.8 175 178.7 180.5 181.7 183.3 187.2 188.7 187.7 184.1 180.2 176.6 171.3 163.5 157.7 153.7 151.2 147.2 141.9 133.2 125.4 121.4 117.1 113.6 110.2 106.3 103.7 100.6 96.1 91.4 85.8 82.4 80.9 78 77.1 75.2 71.8 85.4 94.1 97.5 102 113.5 131.4 147.9 157.8 177.5 185.5 186 187.5 183.2 173.7 165.3 158.3 150.8 136.6 137.4 141 141.8 143.2 147.4 152.3 152.2 148.3 147.9 146.2 146.2 143.8 140.8 138.4 136.5 132.5 129.8 128.3 126 124.5 122.7 121.3 118.6 117.8 115.9
170.8 172.8 177.1 182 184.4 185.9 190.3 192.6 192.1 190.4 186.8 183 179.8 171.4 168 163.5 159.1 158 153.9 147.5 139.5 128.6 124.2 120.3 114.9 110.9 106.5 103.4 100.6 97.1 90.3 85.8 82.5 81.2 80.6 80.9 81.2 80.6 80.4 90.8 97.6 102.1 108.3 120.5 134.4 155.1 175.1 187 191.7 190.7 184.3 171.7 162.6 159 155.6 142.6 126.1 137 137.1 137.7 137.2 143.3 143.2 142.9 140.6 142.2 142.5 139.6 136.8 134.2 131.8 129.2 127.2 124.7 122.8 121.3 119.1 116.7 113.9 112.6 111.7
169.7 174 179.5 185.4 191.3 193.8 197.5 197.9 198.5 200.4 198.7 193.5 186.8 180.9 179.7 174.6 170.2 167.3 162.7 154.2 144.2 133.2 128.3 123.9 117.2 111.3 106.9 103.6 100.4 95.2 91.8 88.6 84.9 81.2 80.5 80.7 80.7 80.7 72 88.2 95.5 101.3 107.7 116.5 129.1 153.4 175.2 190.1 196.7 194.1 184.3 173 164.5 159.2 155.6 143.2 122.2 128.9 132.1 132.2 130.4 133.3 134.6 135.7 136.8 140.2 140.6 138.3 135 132.3 130.2 128 125.1 122.4 119.7 117.8 114.6 112.7 109.4 107.7 106.7
169.6 175.4 181.5 195.2 203.5 206.6 211.9 212.7 218 216.3 208.9 203.8 196.8 193.5 191.9 187 186.4 181.2 173.2 160 148.6 138.3 130.2 125.2 119.2 112.5 108 104.6 101.3 98.7 95.2 92.6 84.9 81.2 80.5 80.2 80.1 80 71.6 84.3 92.3 99.9 108 114.2 125.6 149.7 173.4 189.8 194.8 193.8 184.9 178.3 167.4 158.6 156 146.8 123.6 118.9 125 126 124.6 125.8 129.7 131.4 135 137.5 138.4 137.9 134.7 132.1 128.8 126.5 123.9 120.6 117.9 115.4 112.8 109.5 106 103.5 102.2
171.7 177.7 188 203 212.3 217.7 223 224.9 228.7 227.8 221.2 216.2 206.7 203.7 202.5 199.2 194.8 188.2 174.9 163.7 155.4 143.9 130.6 125.9 121.5 116.8 110.7 105.6 101.5 99.3 96 92 81.6 80.8 80.6 80.2 80.1 79.9 71.6 81 87.8 95.8 105.4 112.1 121 143.1 168.4 186.6 194 193.7 187.3 177.9 169.2 160.6 157.7 147.5 130.8 113.4 116 122.1 120.7 123 125.7 128.5 132.3 134.7 136.5 138 135.5 132.4 128.1 124.9 121.7 118.3 115.8 114.1 111.2 108.7 104.7 101.9 98.6
173.4 181.1 192.6 205.1 218.1 226.5 229.2 231.7 232.4 228.5 228.8 225.8 219.4 215.9 210.7 205.6 199.4 187.7 173.9 167.5 157.2 143.6 131.5 127.5 123.9 121.2 116.9 110.5 101.6 97.8 94.6 87.9 80.2 79.8 79.8 80 80 79.6 71.6 79.1 81.5 88.8 100.6 111.1 118.7 134.6 158.5 178.3 185.6 188.4 183.6 177 170.7 160.3 153.4 144.6 135.4 122.5 109.3 115.6 117.4 119.7 122.1 125.7 129.5 133.8 138.1 138.6 138.3 136.3 131.6 126.2 119.8 116 113.3 111.1 109.6 107.2 102.9 100.3 97.4
173.9 184.2 195.8 208.2 217.3 224.3 227.1 228.9 227.5 226.9 226 223.6 225 222.5 215 205.8 196.7 182 172.1 166.1 155.1 139.6 131.3 127.1 124.3 121.6 119.6 117.5 101.6 95.4 92.2 84.3 80.3 79.3 79.4 79.8 79.7 79.4 71.4 77.4 80.3 83.6 93.4 108.3 116.5 129.1 148.9 165.6 178.5 183.8 179.4 176.2 163.7 157 152.3 141.9 134.4 127.2 106.5 109.1 114.1 116.3 119.3 123.4 132.9 136.7 139.2 142.1 140.6 140.7 138.9 131.6 119.8 113.9 110.7 107.9 105.4 103.8 101.5 98.7 95.3
174.7 183.4 197.3 206.9 216 221.7 222.8 224 223.9 221.2 220 218.7 218 213.8 208.8 201.4 189.4 180.1 169.6 161.4 148.7 135.6 131 127.4 124.5 120.8 119.7 117.1 107.6 95.8 92.1 86.4 79.8 79 79.1 79.4 79.4 79.1 72.7 76.1 79.7 80.4 87.2 102.4 113.2 125.1 140.6 158.7 171.2 175.4 170.9 168.6 157.2 154.3 151.4 142.1 135.5 123.7 103.1 107.6 111.1 114.2 119 124.8 134.3 140.8 144.1 144.7 143.3 146.9 142.9 131 119.5 112 108.2 105.5 101.5 99.9 96.7 94.8 93.6
175 185.8 198 209.5 217.1 220.8 221.7 220 216.6 215.9 215 212.3 210.1 207.6 201.7 193.2 184.8 174.7 165.7 155.1 142.8 135.3 131.7 128.1 122.7 119.1 114.6 113.5 108.1 96.7 91.9 87.3 79.8 78.7 78.6 78.7 78.9 78.9 73.5 75.2 79.7 79.8 82.3 93.9 106.3 117.2 133.6 151 160.8 164 165.5 161.7 155.2 156 149.4 140.5 131.4 115.4 100.4 106.7 109 112.6 116.5 128.1 136.9 143 145.8 147.9 150.3 142.8 137.2 125.8 116.2 111.7 107.8 103.1 98.4 96.7 95.5 89.2 88.7
180.8 191.9 202.7 212.6 218.1 219.4 216.1 212.9 212.1 209.5 206.1 204 202 198.1 192.4 186.1 178.5 168.9 161.3 150.8 143.1 137.4 132.5 129.1 120.3 115.3 111 109.1 105.9 98.8 91.2 86.9 80 78.5 78.5 78.4 78.9 78.8 75.6 74.5 78.4 79.2 79.6 87.2 97.6 111.9 126.3 138.2 154.3 162.8 165.4 160 157.6 153.7 144.2 135.7 123.6 108.2 98.8 104.2 108 110.5 117.9 129.6 137.1 142.4 146.7 149.8 147.9 140.1 132.1 119.9 113.1 109.2 105.4 101.5 97 94.4 93.3 84.9 81.9
185.9 196.2 206.4 212.5 213.5 213.9 211.9 207.5 202.7 198.8 195.4 192.8 190.7 189.1 184.7 178.6 170.2 162.6 155.6 147.7 144.1 139.3 131.2 126.6 120 110.4 108 106.2 103.5 99 90.2 85.7 80 78.4 77.9 78.5 78.6 78.1 77.6 70.5 75.4 78.7 79.4 84 96.9 107 116.9 135.6 153.2 161.8 162.5 159.6 155.8 149.1 139.3 129.7 119.7 106.6 96.5 102.1 105.4 109.7 121.7 130.6 137.1 143.3 148.5 149.7 142.3 135.2 125 114.7 111.5 107.3 102.5 98.7 95.1 92.8 91.1 87.5 80.7
189.6 198.4 204.8 209.7 208.2 208.8 206 198.3 190.6 184.9 179.8 179.3 181.3 179.3 175.4 169 162.6 155.8 150.6 146.4 142.9 137 128.2 121.6 116.6 106.8 104.1 102.6 100.8 96 88.1 82.7 79.8 78.9 77.9 77.9 78.3 78 77.6 74.1 73.5 78.3 79.1 81.8 99.2 113.4 127.8 137.3 147.9 156.9 159.4 157.8 152.6 143.5 133.2 124.8 115.3 104.5 94.1 99.6 104.6 115.5 125.8 133.6 140.3 144.1 147 145.3 139 128.4 117.7 109.9 107.4 105.8 101.5 96.9 93 90.4 88.2 87 81.9
