UK/data/nn/nn77_OST50GRID_20230518/NN77.asc
ncols 200
nrows 200
xllcorner 270000
yllcorner 770000
cellsize 50
[rows 0 to 34 of 200, columns 0 to 77 of 200]
709.5 698.9 685.1 669.5 647.9 626.8 608 591.5 585.3 575.3 560.6 552.8 554.6 546 543.8 531.5 527.7 546.6 550.2 565.5 592.6 609.2 638.1 669.2 688.9 717 742.1 764.8 783.8 796.7 805.6 813 818.6 819.7 815.5 784.4 748 713.8 679.6 634.1 592.3 558.2 525.8 495.6 478.6 478.6 478.6 478.6 496.1 515.3 541.2 573.3 612.4 650.7 692.2 747.9 809.2 839.4 848.5 850.6 850.8 851.3 852 852.8 855.7 857.3 858.9 858.8 856.7 852.4 847.8 842 832.6 821.5 805.7 789.9 778.9 760.5
667.4 662.1 650.1 636.3 618.4 604.2 593 585.4 574.9 569.1 559.5 557 544.4 536.2 538 539.4 525.5 528.7 532.6 551.6 570.6 593.3 619.9 649.6 674.8 693.7 719.9 743.8 771.8 783.6 798.2 806.4 811.8 812.7 805.8 770.4 738.4 701.8 659.9 620.4 584.5 549.6 519.5 486.7 478.6 478.6 478.6 478.6 497.9 518 546.4 579 615.9 653.1 697.8 744.6 789.5 833.3 843.4 846.9 847.5 848 848.5 849.6 850.4 849.9 849.1 847.3 845.1 841.2 835.1 828 816.4 800.1 779.1 760.8 751.5 752.6
638.8 630.4 620.6 608.2 597.1 579.3 573.7 564.4 560.7 556.7 549.7 549.8 541.2 538.2 535.4 531.8 526.7 521.4 521.5 538.2 552.4 575.6 598.8 622.7 643.5 663.1 686.6 712.8 731.9 759.9 789.4 798.5 803.2 802.3 787.1 755 720.2 686 648.9 610.1 574.2 540.9 511.8 478.6 478.6 478.6 478.6 478.6 503.3 527.5 554.7 587.7 625 671.2 714.2 768.9 808.3 833.5 839.9 844.3 845.3 844.7 844.7 843.7 843.2 839 835.4 833 829.7 825.9 820.4 811.4 795.5 774.8 754.3 738.2 728.5 730.2
607 602.9 594.2 586.6 576.5 563 555.7 548.8 546.1 550.1 546.4 538.6 519.6 520.5 524.8 523.6 521.6 521.4 519.2 526.1 534.7 552.9 573.8 595.2 615.9 635.6 658 678.2 704.5 734.1 753.3 776 786.6 784.5 779.3 743 709.3 670.6 634.5 598.5 563.2 531.7 503.2 478.6 478.6 478.6 478.6 478.6 498.1 525.3 558.2 599.3 636.7 677.2 719.4 775.6 824.4 834 838.1 842 842.9 842.3 840 837.2 832.7 827.1 819.4 813.1 811.5 806.6 800.5 788.8 771.7 753.5 732.6 719.5 705.5 703.3
587.1 575.2 572.8 572.2 560.3 550.6 542.8 541 539.4 540.2 534.4 528.7 518.4 515.8 520.5 523.3 521.5 519.1 518 516.6 519.5 536.6 553.5 571.7 591.3 609.2 630.2 648.6 676.3 697.3 716.3 739.9 749.6 758.2 763.7 727.3 694.4 657.2 620.2 585.8 552.7 524.2 496.2 478.6 478.6 478.6 478.6 478.6 503.3 530 561.2 597.4 644.4 691 756.5 800.8 826.4 833.7 838.1 841 840.8 838.7 834.7 828.3 819.6 806.2 797.5 791.6 787.5 785.1 778 765 745.5 729.4 711.7 700.4 686.7 680.6
598.3 579.7 562.6 554.8 549.8 546.1 542.3 542.2 533.7 527.7 526.6 528.3 518.8 518.2 524.4 523 521.7 520.3 518.6 516.2 514.4 522.4 534.6 552.7 569.6 586.5 601.4 625.6 647.2 666.9 682.2 698 714.5 727.6 728.1 708.7 677 641.6 606.5 573.5 540.6 513.2 478.6 478.6 478.6 478.6 478.6 478.6 505.4 533.2 565.8 609.2 653.1 699 756.9 812.7 825.7 833.2 838.2 839.8 838.3 834.9 827.3 816 801.7 784 774.4 766.5 763.9 760.1 751 738.5 719.6 704.7 693.2 683 670.4 649.2
592.6 575.3 560.2 554.6 534.7 538.9 540.1 534.4 528.7 525.4 524.1 521.4 516.4 526.5 516.1 521.4 521.1 519.7 518.1 515.7 513.3 511.2 520.7 533.4 548.4 564.4 582.4 600.8 620.3 636.7 651.6 666.6 681.8 692.5 694 681.9 657.2 624.5 590.4 558.9 527.6 503.7 478.6 478.6 478.6 478.6 478.6 478.6 503.3 533.7 573.8 616.9 658.9 726.5 770.2 815 825.6 833.6 837 837.7 834.4 829.1 818.7 802.6 784.3 766 752.4 743.7 739 732.8 726 713.4 698.1 685.9 674.9 664.5 655.7 644.2
584.4 566.7 555.3 539.4 535.9 529.5 532.5 530.9 526.3 523.4 519.5 527.1 539.2 535.6 523 520 511.9 518.1 516.4 513.3 511.4 509.9 514 520.6 535 549.1 560.6 577.9 593.9 607.1 624 639.3 652.9 664.2 666.9 655 634.2 605.5 573.5 542.5 517.3 492.8 478.6 478.6 478.6 478.6 478.6 489.4 513.3 541.6 575.9 618.1 675.4 712.1 770.6 813.1 825.9 832.6 835.7 835.9 831.4 823.3 808.6 789.4 767.4 749.5 736.5 722.6 716.6 709.9 699.9 689.6 679.4 668.5 656.3 650.2 639.2 630.7
581.1 560.3 545.5 538.7 535.1 530.9 522.8 528.7 533.5 538.5 548.8 555.5 554.9 545.5 543.2 534.4 530.4 519.4 516.8 508 505 503.3 506.7 510.9 518.3 529.7 546.5 559.3 573.3 586.1 600.5 615 629.4 639.7 644.2 633.7 616.3 586.7 559.2 529.5 504.6 478.6 478.6 478.6 478.6 478.6 478.6 490.7 511.4 547.2 587.4 631.5 683.9 746.4 780.8 816.5 825.8 831.3 835.1 834.8 828.3 815.1 799.2 776.8 755.9 739.6 724.4 705.4 695 688.1 679.2 671 660.8 649.5 640.1 633 626 619.6
564.4 558.2 542 532.8 536.5 544.3 545.4 559.6 569.2 575.5 579.6 577.5 567.1 560.1 550.1 542.8 540.9 527.1 517.8 514.6 511.2 504.7 505.6 501.6 508.1 517 532.1 545.2 553.7 567.5 583.2 594.3 606.1 615.9 622.7 616 595.7 568.3 540.4 517.5 496.5 478.6 478.6 478.6 478.6 478.6 478.6 500.3 523.2 552.3 597.9 638.3 693.1 740.5 785.4 817.5 826.4 831.7 833.9 834.2 827 812.1 790.6 766.6 747.5 730.4 713.8 696 677.3 671.4 663.1 653.7 644.7 634.6 626.6 620 612.8 608.3
557.2 548 541.2 547.7 559.7 570.1 574.3 589.4 600.1 606.5 603.2 593.9 581.9 570 560.1 553.5 547.7 534.9 522.2 517.4 513.2 511.1 509.9 501.2 503.2 508.6 517.7 532.5 539.6 552.5 565.1 577.4 587.8 593.1 597.1 596.1 579 546.9 521 501.4 478.6 478.6 478.6 478.6 478.6 478.6 478.6 502.4 527.6 565.8 601.3 647.1 693.3 747.5 788.9 819.6 828.4 832.1 834.2 833.2 824.4 806.5 782.9 760.9 740.2 723.2 707.3 690.5 675 658.1 649.7 641 629.9 622.8 614.3 609.3 601.6 598
545 540.5 550.5 566.9 577.3 589.4 603.2 617.6 627 635.8 626.9 612.4 599 582.6 573.4 564.2 553.4 540.7 530.1 521.7 514.2 510.2 508.8 504.5 499.7 501.8 507.3 517.5 531.3 541.3 554.1 560.4 568 571.2 575.2 574.6 563.6 541.8 512.4 498.3 478.6 478.6 478.6 478.6 478.6 478.6 489.8 510.1 539.3 580.4 619.3 656.4 705.2 756.8 789.4 819.1 827.6 832.9 835.9 833.2 821.3 802.8 778.3 756 735.8 717.2 701.2 685 669.2 657.3 640.4 627.4 620.9 611.6 604 598.3 593.4 588.4
540.2 536.1 566.1 583.8 597.2 612.3 627.8 643.8 657.4 664.8 651.1 629.9 613 599.9 587.6 572.7 557.8 544.5 538.3 525.9 515.8 511.5 509.6 506.8 502.9 498.8 498.5 510.6 522.2 531.9 536.7 542.9 552.5 550.3 556.4 555.2 549.7 532.2 504.9 488.7 478.6 478.6 478.6 478.6 478.6 478.6 500.2 522.8 552.8 593.1 631 679.7 724.9 766.6 799.9 817.8 827.5 834.1 837.8 835.2 819.9 798.7 775.2 753.4 732.5 714.5 696.8 681.6 666.5 652.9 640.5 623.5 606.8 600.6 594.8 589.1 583.8 580.4
549.6 565.3 578.3 600.5 617.2 635.6 653.8 673.2 689.2 692.1 675.9 652.2 629.2 612.6 593.2 580.6 566.7 555.5 545.5 528.5 519.4 514.6 516.1 516.8 509.1 501.1 497.8 500.2 508.9 517.6 525.6 536.4 539.7 541.4 537.8 531.9 534.6 515.3 494 478.6 478.6 478.6 478.6 478.6 478.6 488.1 508.5 534.8 565.6 608 642.6 686.1 736.7 775.8 797 812.1 822.3 830.7 837.6 835.6 819.8 798.4 775.3 751.7 730.2 710.7 693.3 676.5 663.1 650.7 635.4 620 605.6 595.1 584.2 581.4 576.6 573.7
564.9 585 606.6 622.1 641.3 661.5 681.3 702.8 717.6 710.6 701.2 672.1 647.5 620 606 591.5 577 563.9 550.6 533.2 524.2 519.9 521.4 516.8 513.1 510.6 500.1 496.1 498.2 506.1 517.8 524 530.7 533.7 529.8 520.7 517.2 504.3 489.6 478.6 478.6 478.6 478.6 478.6 478.6 498.1 519.5 549.8 585.3 626 657.4 699.9 749.3 774.4 790 803.6 815.9 826.8 834.4 835 821.7 798.8 774.3 750.3 726.1 707.8 688.9 671.5 657.5 645.2 629 614.5 600.5 591.9 582.4 573.8 567.6 565.9
586.2 605.9 627.5 645.8 666.6 688.5 708.8 729.6 744.3 726 705.3 676.9 657.2 642.5 619.2 601.2 587.9 571.1 551.5 539 527.1 521.1 518.7 518.2 512.5 512.8 512.2 501.1 496.1 495 507 516.9 522.6 525.7 520 517.1 507.8 496.7 488.7 478.6 478.6 478.6 478.6 478.6 488.1 504 528.9 558.2 599.4 641.4 677.8 716.9 751.8 769.3 783.4 796 810.5 824.4 835.4 834.2 822 799.4 776.1 750.2 722.8 702.7 683.4 666.9 650.5 639.1 627.3 608.1 594.4 586.9 578.9 572.1 564.6 557.5
612.4 633 651.9 671.1 693.7 716.4 737.6 755.4 747.3 732.1 714.1 685.2 665.5 644.3 626.6 607.8 587.7 572.3 556.6 544.6 532.2 527.2 516.9 514.4 513.5 509.4 510.6 512.3 499.1 497 494.1 507.7 515.2 515.6 512 513.7 506.9 496.5 490.7 478.6 478.6 478.6 478.6 478.6 491.3 512.7 540.2 575.9 617 648.2 686.5 730.7 750 763.8 778.5 791.5 808.1 825.3 833.9 832.3 819.3 797.8 774.6 745.7 719.1 695.4 677.4 659.2 642.5 631.1 620.6 600.4 587.6 579.3 572.4 566.6 560.9 550.1
638.3 658.3 679.5 701.9 719.7 744.7 766.9 773.2 764.5 745 723.6 700.7 675.4 653.5 630.1 613.7 594.1 575.8 559.6 547.8 539.6 534.2 523.7 515.7 513 508.6 507.7 509.4 511.3 497.5 496.2 498.6 506.3 511 507.7 511.8 504.8 496.7 491.8 488.2 478.6 478.6 478.6 478.6 497.8 523.3 557.4 595.7 632.4 663.1 702.9 732 745.6 757.2 771.4 785.2 806.6 824.5 830.1 827.4 814.7 793 766.8 738.4 709 688 670.3 650.6 635.6 622.1 609.7 593.7 581.7 572.9 565.5 559.6 552.5 545.2
664 685.5 708.5 727.8 750.4 772.5 782.8 781.4 777.9 761.9 734.7 713.6 689.9 664.9 643.2 624 600.7 579.4 563.7 552.1 541.5 531 519.9 515.9 513 507 504.9 507.5 507.8 510.4 497.5 491 499.7 501.2 502.3 505.3 501.3 496.9 493.5 491.6 490.5 478.6 478.6 481.4 506.5 536.4 572.1 615.1 647.3 680.8 710.9 727.3 739.8 751.6 765.3 779.2 800.9 818.5 825 821.5 808.1 782.5 754.3 728.1 702.7 680.3 661.9 643.1 628.1 615.6 602.5 588.1 577.2 567 557 549.7 538 561.6
690.1 713.2 735.4 755.2 777 786.1 787.7 789.5 787 778.4 752.5 723.4 700.4 676.2 654.1 630.4 608.3 585.6 571.2 557.9 542.7 532.6 525.7 518.5 513.3 508.5 502.5 504.2 504.9 508.2 509.9 493.9 491.8 497.5 499 501.7 499.8 497.1 494.6 491.1 490 481.1 487.9 493.5 516.6 552.6 595.9 628 659.9 691.4 706.8 719.2 732.2 744.4 759.3 774.1 794 811.3 816.7 812.2 797.1 772.1 745.2 719.8 694.7 672 652.3 634.1 619.6 606.5 594.7 581.1 568.4 559 548.7 541.9 545 568.8
718.2 740.3 762.8 782.9 790.5 794.8 795.3 793.4 791.2 789 768.8 737.5 710.8 684.7 662.9 637.2 612.1 593.6 577.8 562.8 545.6 534.1 527.7 521.6 515.1 508.9 501.6 502.4 503.7 501.2 500.9 497 497.4 485.8 496.4 498.5 498.5 496.1 494.6 491.9 488.6 489.6 488.2 497.9 527.4 565 608.8 642 671 690.6 699.9 709.3 722.5 737.2 751.3 770.5 789.1 803 807.9 802.5 783.2 760 736.2 710 685 662.4 642.4 625.6 611.5 597.6 586.1 576.6 561.1 550 539.3 530.7 545.8 560
744.1 767.2 789.2 793 794.8 798.4 800.4 797.4 799.2 798 782 753 718.6 691.6 664.8 641.4 618.3 598 580.8 562.9 550.2 538.9 528.7 524.3 514.5 511.8 502.6 501 501.6 500.1 497.3 495.5 495.1 490.5 486 496.4 498.4 495.8 491.7 489.6 489.8 489.1 489.3 504.8 539.4 584.4 627.6 665.4 676.5 684.5 690.6 699.7 712.1 727.9 743.3 764.7 781 794.2 797.1 789.2 770.8 748.1 724.1 699.1 674 651.8 633 615.7 602.2 588.2 578.2 568.7 552.8 541.3 532 536 550.4 564.7
764.6 782.5 795.4 792.7 796.1 801.3 801.9 801.3 801 799.1 793 759.8 726.8 695.9 668.2 641.7 620.7 601.2 580 563.7 551.3 541.2 530.1 521.6 515.5 509.6 503.4 497.3 499.6 496.3 493.8 493.3 493.3 490.5 486.7 493.4 497.3 495.3 492.8 490 489.1 489.1 490.4 512.7 547.5 589.3 639.9 669 674.3 677.7 681.1 689.6 699.6 714.7 734.3 756.1 772.5 784.5 785.7 777.5 757.6 735.2 710.5 685.5 662.1 641.6 624.9 606.4 594.4 581.9 571.9 561.6 545.9 534.1 522.2 539.6 554.4 570.1
768.9 780 792.9 796.8 793.4 799.5 802.1 803.3 801.6 798.2 793 765 728.6 696.3 665.9 642.9 621.9 599.9 579.7 563.9 552.4 543 531.3 522.3 513 510.7 503.9 498.8 493.4 495.6 491.6 491.7 491.1 489.1 488.3 483.8 495.8 493.6 492.6 490.2 491.9 491.4 496.1 521.9 554.4 595.9 639.9 662.8 666.8 667.7 669.6 677 687.9 702 724.2 743.5 760.5 772.7 773 761.8 741.8 719.5 694.5 671.3 649.4 631.3 614.6 601.3 587.5 574.6 564.3 555.8 536.2 524.7 519.8 541.3 557.6 575.9
764.4 774.2 787.2 783.9 783.8 793.6 798 800.5 801.1 797.5 792.3 767.1 727 694.6 663.7 639.7 618.8 598.6 580.1 565 552.1 542.8 533.9 523.2 512.4 508.9 501.9 498.2 492.6 493.3 489.2 490.3 489.4 488.4 487.6 484.3 495.6 493.7 491.9 490.8 491.8 491.9 500.2 529.2 565.9 605.7 642.2 653.1 657.2 657.5 658.7 663.3 674.7 691.9 711.7 730 746 757.3 756.5 743.5 725.6 702.9 680.7 658.1 637.8 622 605.4 592.9 580.2 567.6 556.1 546.8 528.8 517.4 525.4 544 561.5 581.6
756.9 764.3 772.3 770.9 772.7 783.8 788.7 790.5 794.8 794.1 781.9 754 718.3 687.2 661 638.1 616.3 595.7 578.4 563.3 550.2 539.4 530.6 522.8 513.1 506.1 500.4 498.8 493.8 488.8 486.8 488.1 487 487.5 484.3 483.3 490 493.8 491.9 491 491.4 491.3 506 536.9 575.5 613.3 643.3 648.1 648.2 645.8 646.1 651.2 660.7 678.7 698 715.9 732.3 742.6 737.2 723.2 707.5 687.7 666.6 646.3 628.3 612.5 597.4 584.2 572 559.7 548.1 539.3 518.8 511.7 530.6 547.3 566.8 587.2
742.3 741.6 740.5 742.3 746.3 746.5 748.3 752.5 767 766.7 757.9 734.4 705.1 678.4 656.6 635.5 615.9 595.5 576.6 561.8 547.5 536.9 530.7 521.9 512.5 504.7 500.6 497.5 495 489.8 487 485.5 485.9 483.8 481 482.8 493.2 492.3 491.4 490.4 490 492.1 508.6 543 583 618.1 639.2 640.7 639.6 635.3 632.3 636.9 647.5 662.9 681.9 698.6 714.5 719.9 717.9 709 693.8 673.5 653.5 635.3 618.3 602.4 588.7 575.9 564.4 552.6 539.7 532.2 509.9 518 533.6 550.6 571.8 590.5
711.9 712.7 707.6 708.2 711 711.4 713.3 720.5 728.7 727.9 719.6 709.4 691.8 669.6 646.7 627.5 611.6 593.1 574.6 558.7 545.4 535 528 520.1 512.1 504 499.1 496 492.6 488.1 484.4 483.8 483 481.4 480.6 481.7 492.3 491.6 489.9 489.6 489.9 491.5 512.9 543.8 586.3 621.4 629.6 629 627.9 623.3 620.7 624.8 632.7 645.7 661.4 678.3 692.4 698 699.8 693.8 678.7 661 641.9 623.6 608.8 592.5 578.4 568 557.8 544.7 532.4 521.2 502.6 515.4 536 554.8 576.3 594.7
682.9 680.5 680.5 681.8 677.8 681.5 686 689.9 693.1 694.9 689.2 684.8 679.8 664.5 644.1 622 602.2 587.4 569.9 555.2 542.4 534.3 526.9 518.3 513.6 503.4 499.2 493.2 489.1 485.9 483.2 482.2 481.5 479.2 480 481.8 491.1 490.4 488.8 486.5 489.7 495.9 513.1 544.4 590.6 617.4 621.7 617.8 617.6 615 609.3 612 620 628.5 641.8 656.5 670.4 679.1 682.1 678.4 666.6 647.4 631.3 615.6 597.9 584.3 570.1 559.3 547.3 536.5 525.9 510.2 501 519.7 538.3 558.3 578.6 597.7
666.6 659.4 657 656.8 654 657.2 662.8 667.7 669.1 666.4 666.4 664.3 659.3 654.2 637.4 617.7 599.5 580.7 565.1 551.2 538.3 531.3 525.2 518.1 511.8 507.1 500.9 494 487.5 481.1 481.3 480.7 480.1 479.2 480 490.7 490.2 488.1 486.5 484.9 491.9 499.6 517.6 548.3 586.2 611.4 611.1 608 605.8 603.6 598.1 600.9 608.1 615.6 625.2 635.7 650.5 661.3 665.8 662.5 651.9 637.7 620.9 604 588.8 575.6 561.8 551.4 539.7 528.3 518.4 498.1 505.8 522.9 541.8 561.6 580.5 600.6
651.7 641.5 641.1 637.9 639.4 638 639.9 642.9 649.1 650.1 647.9 643 637.5 632.8 620.8 602 588.7 575.5 558.5 543.5 534.3 528.4 522 514.2 511.8 504.3 499.2 493.1 487 479.5 479.4 479 478.4 478 479.4 489.2 488.6 487.1 484.5 488.8 494.3 501.4 520.6 556.7 598.9 606.6 603.4 598.5 597.3 594 588.9 588.8 595.3 603 610.4 621.4 634.2 645.4 650.4 649.5 641.4 625.2 610.1 594.4 580.5 567.7 556.1 544.9 532.6 519.8 505.7 495.6 510.6 526.2 545 564.6 582.6 604.5
645.9 630.7 627.7 624.5 624 621.9 621.2 625.1 628.4 632 627.8 624.2 619.9 613.2 602.8 594.7 585.3 568 551.1 540.5 532.8 524.4 519 512 505.9 494 492.7 490.8 486.6 480.2 477.6 476.2 476.8 477.6 486.3 488.1 487.3 486.2 488.6 492.6 493.8 502.6 521.6 555.5 592.2 599 597.1 593.5 588.5 583.2 579.8 578.5 583.1 590.5 597.6 607.4 619.8 630.9 637.3 636.3 626.7 613.1 601.5 588.1 573.5 561.1 546.8 536.4 525.6 514.8 496.7 499 513.9 529.3 546.9 567.4 585.2 608.2
652 639.1 624 611.3 605.9 607.6 606.8 608.2 604.3 610.9 609.8 606.6 601.5 593.9 588.6 583.1 573.3 562.1 549.8 539.5 529.4 524.9 514.6 504.4 503.1 498.2 493.8 485.6 483.5 477.6 476.4 475.5 476.3 479.3 487.9 486.9 485.5 483.4 485.7 492.1 494 499.3 527 555.9 583.4 593.5 589.9 583.2 579.8 573.9 571.6 568.2 573 579.2 586.3 595.1 605.4 613.8 621.2 622.2 615.5 604.6 593.1 579.4 564.8 550.1 538.9 529 514.9 501 488.1 501.7 513.3 531.2 546.7 568.4 587.2 610.3
657.4 640.3 631.8 616.9 606.8 596 596.9 597 594.2 594.6 593.6 590.6 584.7 576.5 572.9 566.7 558.5 548.5 539.1 530.5 524.7 517.6 512.1 508.3 500.8 497.4 490.4 484.7 479.3 475.7 474.2 475.6 476.2 484.4 485.3 485.8 487.8 480.4 489.8 494.8 494 511.5 529.2 557.7 578.9 588.8 583 574.8 570.3 567.9 565.2 557.1 563.4 568.4 578.3 584.9 592.9 601.3 608 608.3 604.6 595 584.2 570.4 554.6 540.9 531.4 518.8 510.7 493.2 487.1 502.3 516.2 536.1 551.7 571.5 590.8 611.6
665.7 654.5 634.8 619.3 609.5 602.2 594.5 584.3 582.2 582.6 579.4 578.9 573.1 567.3 562.3 555.8 547.5 539.9 533.5 527.8 521.6 513.8 507.9 504.4 501 497.6 489.5 483.4 476.3 472 473.6 475.4 476.4 482.3 483.6 483.2 483.8 480.1 487.5 497.6 504.8 506.8 536.5 558.7 576 581.6 576.9 569.6 562.5 558.5 557.5 553.5 554.8 558.3 566.8 576.6 582.7 590.5 595.5 596.4 593.5 586 574.9 558.7 546.2 533.8 524.2 512.8 499.2 490.7 491.7 503.7 519.1 537.1 554.6 577 592.7 612.8
