WholeMapElevations/data/sn/sn86_OST50GRID_20230518/SN86.asc
ncols 200
nrows 200
xllcorner 280000
yllcorner 260000
cellsize 50
[rows 140 to 174 of 200, columns 78 to 155 of 200]
438.1 438.3 440.1 444.1 447 453 457.6 459.6 456.5 453.9 452.3 451.3 447.5 442.4 437.5 424.4 405 388.7 398.9 404 411.3 420.5 428.1 434.4 443.4 453 459.1 463.7 468.7 470.3 470.3 467.6 466.3 464.1 463.2 461.5 459.3 458.4 457.2 455.6 454.5 452.8 449.8 445.6 439.4 435.9 432.5 430.5 426.1 419.1 417.1 415.7 413.5 405.1 400.9 408.5 415.1 406.8 399.7 388 377.9 369.1 358.1 342.3 333.5 329 323.6 319.7 314.8 310.1 309.1 309.5 306.1 307.3 308.8 310.6 312.4 314.6
447 446.8 449 454.3 453.7 458.3 460 459.6 457.9 456.5 455.8 450.3 445 438.1 426.9 408.4 391 398.6 408.4 420 425.7 433.4 438 444 454.3 461.6 465.9 471.6 475.2 474.8 473.5 472.2 471.2 470.3 469.3 467.1 464.8 463.4 461.7 460.2 457.7 455.3 450.7 445.8 443 438.6 433.1 431.8 433.8 431.2 431.9 433.1 429.3 423.5 424.1 428.3 423.5 411.8 403.7 393 385.7 377.3 363.9 345 343.2 337.6 330.6 323.6 317.4 312.6 311.2 311.1 309.7 308.3 307.1 305.2 305.6 305.9
455.6 456.1 458.8 461.2 465.1 461.4 462.9 460.4 459.7 459.5 456.5 447.4 441.4 429.3 411.4 394.4 394.8 408.8 421.5 425.4 431.8 440.5 446.7 454.1 462.2 467.4 473.5 478 478.9 477.9 476.7 476.1 475.4 474.6 472.3 469.5 467.8 466 464 461.9 458.8 454.6 449.2 446.6 441.5 438.4 438.5 438.5 440.2 443.3 445.5 446.5 444.7 438.1 440.9 438.3 422.6 413.5 406 397.2 388.8 379.8 363.1 359.4 359.5 352.4 342 333.2 324.8 317.5 314.9 314.4 314.4 314.4 314.4 312.6 309.5 308.3
463.4 463.1 463.8 464.4 465 463.6 462 460.9 461.2 459.8 451.9 446.2 430.4 413.5 396.4 411 406.1 403.6 417.5 428.3 438.6 446.7 453.2 459.5 466.8 474.2 479.3 480.5 481.4 481.2 480.3 479.9 479.2 477.5 474.7 471.5 469.6 467.3 464.6 461 456.4 451.4 448.4 443.3 443.9 445.8 446.4 447.7 450.5 453 455.7 456.3 452.4 449.6 449 437.4 426.1 419.5 409.2 398.2 387.9 372.8 373.1 374.7 373.1 363.7 353.1 343.7 334.9 326.7 321.4 319.7 319.2 319.2 318.8 316.7 313.5 311.2
470.2 470.3 469.3 469.4 468.1 465.2 463.4 462.3 463.2 456.8 449.3 437.4 413.6 398.4 408.4 415.7 419 421.6 421.9 434.1 443.6 450.3 457.2 465 472.4 478.5 482 483.6 484.3 484.8 484.8 484 482.8 480.9 478.6 475.7 472.6 469.2 464.3 458.7 454.8 451.8 447 449.6 452.5 453.6 454.3 457.2 459.6 462.5 464.2 463.7 459.4 458.2 449.6 438.3 431.7 421.7 409 395.9 378.3 385.4 385.8 387.1 383.8 373.8 362.6 352.9 344.9 337.1 330.1 325.1 324.2 324 322.9 320.5 317.4 312.6
474.8 474.2 475.4 475.2 471.3 466.8 464.6 462.3 460.6 454.1 444 426.8 401.7 406.5 419.7 422.6 424.8 428.1 433.2 440.7 448.5 452.8 459 469.1 476.7 481.1 484.7 486.4 487.6 488.2 488.1 487.4 485.8 483.9 481.5 478.7 475.4 470.2 463.7 459.1 456.1 452.5 452.8 454.8 457 459.4 460.6 464.7 468 471.7 473.4 472.2 466.5 457.2 445.7 438.7 431.4 418.2 403.9 389.7 398.5 398.1 400.5 397.7 396.7 384.4 371.9 358.5 351.5 346.6 342.5 331.7 330.2 330.2 327.9 325.2 321.6 316.3
478.1 479.2 478.9 477.3 473.2 467.9 465.8 461 457.7 452.4 437 415.4 404 419.7 426.8 430.1 434.7 437.8 443.3 450.5 456.2 461.8 466.1 471.5 479.4 483.9 487 488.9 490.2 491.4 491.1 490.3 488.7 486.8 484.1 481.4 476.8 470.7 466.1 462.1 458.3 454.3 455.6 457.5 460.3 462.9 465.5 468.7 471.7 473.9 474.2 472.4 462.9 451.4 442.7 437.9 427.9 412.9 405.1 411.1 410.3 412.9 412.7 410.9 407 393.8 377.3 366.6 359.2 357.4 348.1 338.5 337.6 336.4 333.8 330 324.8 321.1
481.8 481.8 478.2 475.3 471.2 468.5 464.1 460.2 454.9 443.5 427.9 408.6 411.7 430.7 436 439.8 445.2 451 454.3 458.5 463.2 468.9 473.8 476.9 482.9 486.6 489.1 491.6 493.1 494.4 494.4 493.8 492 489.9 487.1 483.6 479.8 475.5 470.3 464.6 460.7 459.3 459.7 461 463.4 465.6 468.2 471.1 472.9 474.3 473.6 468.8 457.5 450.3 444.8 441 435.1 421.3 425.4 423.5 425.6 428.1 427.1 423.6 417.8 401.3 386 374.5 368.4 364 354.5 346.3 343.9 341.5 337.3 332.7 327.2 328.3
486 482.5 479.2 475.7 470.9 468.2 462.8 457.6 446.5 429.9 413.7 411.6 425.5 439.2 445.5 449.5 453.5 457.8 461.7 464.9 469.1 475.7 479.5 483.6 486.4 489.1 491.5 493.8 496.3 498 498.2 497.6 495.6 493.3 490.6 488.3 485 480.6 476.2 470.3 465.8 463.2 465.2 465.8 467.2 469.7 471.6 473.4 474.8 475.4 472.3 465.5 457.3 452.6 449.5 446 441.3 431.3 435.5 436.9 440.4 441.3 438.6 434.4 425.6 406 393.6 382.7 372.9 367.8 363.4 355.7 349.8 345.7 341.2 329.1 334.1 334.3
486 481 478.1 472.9 470.1 466 460.8 450.3 432.6 427.6 421.5 419.7 440.8 447.1 451.3 454.7 458.4 463.5 467.3 471.9 478 482.4 485.9 487.7 489.5 491.6 493.9 496.1 498.7 501.3 502.7 501.5 499.4 496.8 494.1 492.3 489.1 485.1 483 479 472.8 472.5 472.8 473.8 475.4 477.5 478.9 479.4 479.1 477.7 471.5 465.3 460.6 457.4 454.2 450.8 445.1 445.5 445.9 451.3 454 452.3 448.6 443 427.3 408.8 398.4 387.3 380.4 376.1 369.1 358.3 352.9 348.7 334.6 341.3 340.7 339.7
484.8 480.2 476.4 472.3 468.1 464.1 456.6 447.2 444.1 435.4 421.8 423.4 446.6 452.9 456.3 459.8 464.1 469.1 473.2 480.4 485.8 489.4 491.9 493.8 495.3 496.2 497.5 499.1 500.8 503.3 505.5 505.3 503.6 501.2 497.7 495.7 492.6 490 488.1 485.1 478.1 481.1 482.4 484.4 486.7 487.5 489.6 489.7 488.2 482.2 474.5 470.3 465.9 463.3 460.5 457.7 455.7 456.6 463.5 464.9 464.9 462.2 457.4 447.7 429.5 414.7 402.2 393.1 386.9 377.3 367.7 358.3 352.9 344.1 348.1 346.7 345.9 345.2
484.8 481 478.5 473.8 470 462.5 457.3 454.9 453.9 439 421.7 426.7 448.8 457.4 461.2 464.7 469.4 474.4 481.8 487.4 492.1 495.2 497.7 499.5 501.1 502.5 503.3 504.1 504.6 506.7 507.7 508.4 507.4 504.7 501.9 499.6 497.3 495.4 493.7 489.5 486.6 488.3 490.7 493.7 494.3 497 498.9 498.8 494.9 488.5 483 477.5 473.1 470.2 468.9 468 468.6 474.5 477.1 476.8 473.8 469 460.6 447.3 431 417.4 403.7 395.5 385.5 374.4 368.4 361.5 354.7 355.3 354.5 352.9 352.4 353.7
485.7 482.5 479.8 474.6 470.1 465.2 463.1 463.4 455.8 438 420.5 442.8 456.7 462 466 470.2 474.9 482.9 488.3 493.3 497.1 500 502.9 505.3 507.1 508.5 509.8 511.5 512.4 512.5 511.6 511.4 510.8 508.1 506.8 505.1 502.6 500.8 499.1 494 494.1 495.7 497.5 500 503 505.2 506.5 505.7 501.1 496.8 494 488.9 486 485.3 484.6 484.7 486.5 488.8 488.7 485.5 478.3 471.4 457.5 442.4 429.2 415.5 403.9 394.1 384.9 384.1 378.7 370.7 362.8 361.6 361.3 360.9 361.8 362.5
486.8 483.6 479.6 476.2 472.9 469.7 469.3 465 456.7 437.8 429.3 449.3 461.9 467.2 471.1 475 480.7 487.6 493.9 498.5 501.4 504.4 507.1 509.4 511.7 514.1 515.9 517.7 518.8 519.5 518.8 516.9 514.8 513.3 512.5 510.6 507.8 506.4 504.4 500.5 501.1 501.9 504 508.1 510.2 512.4 513.2 509.4 506.1 504.5 503 501.1 501.7 502.3 501.6 500.6 500.3 499.2 496.8 491.7 481.2 469.8 456.4 438.7 425.1 413.4 401.9 396.4 396.6 393.2 389.2 381.6 374.7 370.4 370.5 372.3 376.6 372.7
489.7 485.1 482 479.7 479.2 476.6 474.4 470.1 459.2 441.1 436 452 464.7 471.7 475.3 479.4 485.9 492.6 498.4 502 504.4 507.6 510.3 513.3 516 518.8 521.2 523 524 524.2 523.7 521.8 521.2 520.4 517.5 515.3 512.8 510.9 508.9 505.7 506.2 508.4 511.5 514.9 516.3 517.2 516.7 513.7 512.9 513.7 514.3 514.9 516.9 517.6 516.5 514.9 510.6 507.2 504.1 496.7 484.7 467.8 451.3 438.8 425.4 413.7 407.1 406.6 403.7 399.2 394.9 391 385.9 382 382.4 385 385 384
492.5 487.7 486 486.8 486.8 484.2 478.4 475.1 462.3 446.6 435.1 455.6 470.5 476.4 479.9 484 490.2 496.8 501.3 504.5 507.8 510.7 513.8 516.9 519.8 522.8 525.6 528 528.8 528.8 528.2 527.6 527.5 525.4 523.4 521.2 518.1 515.6 513.4 511.2 511.2 514.1 517.2 519.9 521.1 519.7 519 518.5 519.4 521.3 522.6 524.9 527.5 528.1 526.5 523.2 520.1 515.3 509.4 499.1 488.1 470.6 453.3 441 431.3 423.2 416.9 415.6 411.9 406.9 402.2 398.8 396.2 394.8 395.6 396.3 397.7 399
497.5 493.3 493.6 494.5 494.3 490.2 484.7 479.3 467.9 453.8 441.9 463.1 475 479.9 483.3 487.6 493.9 499.9 503.5 506.9 510.1 513.3 516.7 519.7 523 526.5 529.2 531.5 531.9 532 532.6 532.7 531.8 530.5 528.5 526.3 524.9 522 518.9 516.4 516.3 518.7 520.8 521.8 521.8 522.1 523.3 525.1 526.7 529 529.2 531.2 533.2 533.2 532.4 528.8 526.1 519.2 512.7 504.3 493.7 478.2 461 448.2 440 433.4 428.4 425.2 422.7 416.8 413.1 408.7 407.5 408.5 411.1 412.2 413.4 414.1
502.7 501.3 503.4 501.5 499 495.3 490.7 481.8 473.4 459.8 447.6 459.6 477.4 482.4 485.8 490.3 496.9 501.8 505.1 508 511.2 514.7 518.1 521.5 525.3 528.6 531.6 533.7 534.7 536.3 536.8 536 535.1 533.9 532.5 531.4 529.6 527 524.1 521.9 521 521.5 523 524.8 525.9 527.7 528.8 530.7 532.7 534.5 535.7 538.3 537.4 535.9 534.4 531.8 526.4 520.8 514.1 508.6 499.4 484.4 469.2 457.7 448.9 444.4 440.9 436.6 431.5 427 426.9 422.2 423.9 425 427.5 426.9 425.5 426.9
508.3 510.8 512 508.2 505.8 502.5 490 482.6 474.3 464.3 450.7 466 477.7 483.5 487.8 492.8 499.4 503.3 505.2 508.1 511.7 515.2 518.8 522.8 526.8 530.5 533.3 535.1 537.7 539.4 539.3 538.6 537.9 536.8 536.3 535.8 533.4 530.8 528.5 527.3 524.6 523.6 525.3 527.9 530.3 532.8 534.3 536.3 537.7 538.5 539.6 539.6 539.5 538.6 535.7 532.3 527.2 521 516.4 512.9 502.2 488.2 476.7 466.4 457.4 454.8 450.2 444.5 441 440.1 440.9 437.8 439.8 441 442.5 438.4 436.9 438.3
518.4 520.8 518.3 514.3 512.3 505 490.2 481.9 475 464.6 458.4 464.4 470.1 479.4 489.6 495.6 500.5 503 504.9 508.5 512.3 516.2 520.2 524.2 528.3 531.7 534.5 538.1 540.1 541.4 541.6 540.5 539.9 539.3 538.5 536.9 535.5 533.1 529.7 527.5 526.7 525.9 527.1 530.1 532.7 535.3 537.3 538.8 541.4 542.8 542.3 540.9 538.5 537.7 535.3 530.7 526.6 522.2 519.8 515.5 504.7 493.1 483.6 474.5 466.5 461.9 456.8 453.3 451.9 452.5 452.2 450.3 452.5 452 450.8 450 446.8 446
527.6 526.6 524.6 520.1 513.1 500.9 493.6 482.4 475 459.1 469 473.1 476.5 485.2 487.4 493.5 497 501.5 505.2 509.1 513.2 517.3 521.6 526 529.8 532.8 537.2 540.1 542.4 544.5 543.5 542.1 541.5 540.2 539.6 538.9 537.7 536 533.3 529.4 528.4 528.1 528.5 530.5 533.4 535.9 538.7 541.2 541.7 541.8 542.9 540.7 538.2 536.3 534.4 531.2 527.5 523.7 521.4 514.3 506.1 499.1 493 481.9 473.9 467.4 463.3 461 462.9 464.8 461.6 460.3 462.4 463.5 461.9 457 457.1 454.6
533.7 532.6 529.1 524.3 515.5 504.5 491.6 482.3 471.5 474.6 475.8 480.4 484.5 489.5 494.4 498 501.2 503.7 506.9 510.6 514.2 518.5 523.1 526.9 531 535.2 538.7 541.7 544.4 544.4 543.5 543.1 542.5 541.3 540.8 540.5 539.3 537 532.8 530.3 529.6 529.6 531.5 534.1 537.1 536.9 538.5 539.4 541.1 540.9 541.1 539.7 537.1 535 531.8 529 525.7 522.8 519.4 511.5 506.3 502.6 497.8 491.3 479.5 473.5 471.5 471.4 472.7 474 471.8 471.3 473 473.9 469.1 462.9 464.9 462.3
538.1 536.6 532.3 526.1 518.1 506.3 493.8 483.2 474.5 482.4 485.2 487.1 490.1 493.7 497.1 500.2 503.2 506.3 509.5 512.9 516.8 521.1 525 528.9 532.8 536.8 540 542.3 543.7 543.7 543.8 542.7 542.3 542 541.6 540.1 536 533.2 531.8 530.7 530.2 530.7 531.9 532.5 533.3 534.5 536.1 537.1 537 536.4 537.2 537.4 535.2 532.9 529.6 527 524.3 521.5 514.7 509.5 507.2 505.1 501.8 493.8 484.4 480.6 479.4 478.5 479 479.9 479.9 481.1 482.5 477.8 473.4 471.9 469.9 465.6
541.3 539.4 534.5 527.7 519.3 508.2 496.4 481.7 484.4 489.7 492.5 494.4 497 499.2 502.3 504.4 506.8 509.5 512.7 516.4 520.9 524 527.9 531.2 535.6 538.6 541.9 542.5 543.7 544.3 543.3 542 541.5 540.8 539.3 535.6 532.4 530.7 530.4 530.4 531.2 531.6 530.8 530.3 528.8 529.8 531.5 531.1 530.4 530.9 531.4 531.5 532.2 531.1 528.5 525.9 522.8 518.9 512.9 510.2 507.9 506.2 503.3 497.3 491 488.7 486.7 484.8 484.5 485.6 486.9 485.9 482.8 480.4 477.7 476.5 472.5 467.2
544.7 542.1 536.7 528.6 519.9 509.5 496.9 494.9 494.4 496.1 498.6 501.5 503.2 505.5 507.7 509.8 512.1 514.6 517.8 521.9 525.2 528.3 532.1 535.9 539.1 541.8 542.4 542.6 543.4 543.2 542.6 541.8 540.3 539.9 535.8 532.9 530.2 528.3 527.9 528.7 529.8 528.2 526.3 524.3 522.9 523.6 523.6 524.6 525.6 525.6 525.4 526.3 526.1 526.7 525.6 523 519.3 515.9 513.1 511.2 508.4 505.4 502.7 497.3 494.5 493.8 492.2 491.1 489.8 489.8 487.3 485.4 483.4 482.6 481.1 477.4 472.5 467.5
547.3 543.9 538.4 530.1 521.4 510.4 505 503.4 503.6 504.7 506.5 509.1 511.6 513 513.5 515.6 517.7 520.1 523.3 526.2 529.8 533.5 536.8 539.8 542.1 542.8 542.9 542.9 541.9 541.5 541.3 540.3 538.5 535.4 532.2 529.3 527.4 525.7 523.8 523.7 523.6 522.4 520 518.2 517.8 517.7 517.5 518.7 520.1 520 520.5 520.6 520.7 520.5 521 519.1 516.7 514.4 512.6 510.8 508.6 505.7 502.7 498.7 496.6 497.3 497.5 496.3 493 489 486.7 485.8 485.8 485 482.2 478.4 473.5 468
548.4 544.6 539.4 530.2 519.7 515.2 512.4 512.1 511.9 512.9 514.2 516.8 519.1 520.7 521.2 522.4 524.2 525.9 528.4 531.4 535.2 538 540.5 542.4 543.3 543.4 543.5 543.2 542 540.4 538.3 536 533.1 531.3 529.7 527.7 525.5 522.9 522.5 517.3 519.2 517.7 515.6 514.2 513.7 513.7 514.3 514.9 515.5 515.7 516.3 516.2 516.2 516 515.7 515 514 512.6 511.3 509.7 508.1 506.3 503.4 500.6 498 497.3 497.4 494.3 491.3 490.2 489.5 488.7 487.7 486.4 483.3 478.4 473.9 469.6
549 544.9 539.7 529.9 526 522.7 521 520.8 520 520.3 521.8 523.8 526.3 528 529.5 530.2 531.5 532.4 534.7 536.9 540 541.5 542.8 543.5 544.4 544.2 543.8 542.5 540.9 538.7 536.3 533.9 532.1 530.4 528.9 526.7 526.1 527 522.9 515.7 512.3 511.2 510.7 510.6 510.7 511.3 511.7 512.2 512.2 512.3 512.1 511.7 511.8 511.8 512.4 512.4 511.6 510.5 509.2 508.1 506.6 505.3 503.3 500.7 498.2 496.8 495.4 494.5 493.7 493 492.8 491.4 490.3 487.3 482.6 477.7 474.2 469.6
549.3 544.7 539.5 531.6 531.3 529.1 529.5 529.2 527 527.7 529.3 531.2 533.6 535.6 537.6 539.1 539.9 540.3 541.2 542.8 543.7 544.4 544.8 545.3 545.2 545 543.6 542 538.8 536.8 534.9 532.7 531.1 529.5 527 529 529.9 525.7 520.8 515.4 507.3 508.2 508.3 508.4 508.4 508.8 509 509 508.9 508.7 508.3 508.1 508.1 508.9 509.8 509.8 509.1 508.2 507.2 506.7 505 503.4 502.3 501.2 498.9 497.2 496.6 495.9 496.1 496.7 495.3 493.2 489.7 484.9 480.6 477.3 474.6 471.4
549.3 544.7 539.4 536.1 535.4 535 535.5 535.6 534.2 534.9 536.3 537.8 539.8 541.8 543.8 544.9 545.8 546.3 547.1 546.8 546.4 546.9 546.4 545.9 545.5 545 543.3 540.3 536.9 535.3 533.3 531.5 530 528.2 531.9 533.4 528.9 523.1 520.5 513.5 509.9 507.2 505 504.6 505.3 505.5 505.6 505.6 505.1 505.2 505.3 505.2 505.4 506.1 506.5 506.1 506.2 505.8 505.2 504.8 503.7 502.7 501.5 500.4 499.2 498.3 497.8 497.6 497.6 498 495 490.1 485.6 483.2 481.1 478.3 476.6 476.5
548.3 544.6 541.3 539.7 539.4 539.9 540.2 540.1 540.2 541.1 542.3 543.4 545.5 547.4 549.5 549.7 549.4 549.9 550.6 549.8 549.3 549.5 548 547.2 546.2 544.5 541 537 535.3 533.8 532.1 529.9 532.4 536.1 537.9 535.6 531.3 526.6 521.3 515.8 510.8 508.6 505.8 502.3 501.2 501.4 501 501.1 501.6 502.1 502 501.9 501.7 501.7 501.4 501.6 502.1 502.5 502.7 502.9 502.6 501.7 500.5 499.9 499.7 499.3 499.1 498.9 498.3 495.1 491.1 488.2 486.2 484.1 481.9 480.6 481.4 483.2
547.9 545.5 544.3 542.8 543.4 544 543.6 544.6 544.9 546.6 547.8 548.8 550.3 552 553.3 553.4 553 553 553.3 552.7 552.3 550.4 549.2 548.2 546.6 542.8 537.2 535.1 534.3 533.2 533.1 537.7 541.3 542.1 540.2 535.9 531.6 527 521.5 514.9 510.7 507.8 504.8 502.4 500.3 497.6 497.5 497.2 496.9 497.7 497.8 497.9 498 498.2 499 500 499.3 499.2 499.3 499.5 500 499 498.6 499.2 499 499.1 498.1 495.9 494.2 492.9 491.5 489.1 487.1 485 483.5 483.3 485 488
547.8 546.9 546.2 545.9 546.9 546.9 546.4 547.5 548.7 550.3 551.4 553.2 554.7 556 556.9 557.2 556.6 556 555.8 554.7 553.1 550.1 549.2 548.4 544.6 539.1 536 535.3 534.9 537.2 543.9 548.1 548.1 545.4 540.4 535.1 530.6 526.1 520 513.6 510.8 509.2 506.7 504 501.5 497 493.3 493.1 492.1 491.8 492.5 493.5 494.9 496 497.3 498.6 497.7 496.7 496.2 496.2 496.6 496.3 496.7 497.3 497.4 495.5 493.8 493.1 493 493 492.1 490.1 488.1 486.8 485.5 486.6 488.4 490.1
547.7 548.1 547.6 548.2 548.5 548.5 548.8 550.2 551.7 553.4 555.5 557.4 559 559.9 560.8 560.3 559.7 558.6 557.8 556.4 552.7 552 551.3 547.9 542 537.7 537.8 539.2 542.6 549.8 554 554.6 550.8 545.9 541.1 534.2 529.6 525.8 519.6 515.6 514.3 512.2 509.4 507.1 503.7 500.2 496.4 491.9 488.6 487.7 488.8 489.6 491.6 494.2 496.3 497.2 496 494.7 494 493.4 493.1 493.2 493.3 492.2 491.8 490.8 490.3 491.8 492.6 493.3 492.1 490.6 489.3 488.6 487.8 488.8 490.4 491.7
547.3 548.1 548.4 548.6 549.4 549.8 550.8 552.4 554.3 555.8 558 560.2 561.2 562.1 563 562.5 561.6 560.8 559.3 556.6 554.8 554.7 552 544.9 540.5 542.4 543.4 549 555.9 558.6 559.7 555.9 550.2 544.1 537.3 533.8 530.4 526.8 522.2 518.7 516.3 513.6 510.8 508.4 505.6 502 498.6 494.4 490.6 485.2 485.4 486.6 488.6 491.7 494.5 495.5 494 492.6 491.8 491.2 490.3 489.2 488.2 487.5 486.7 487.1 488.4 490.1 491.6 492.2 491.7 490.2 489.7 488.4 489.8 491.1 491.7 492.1
