WholeMapElevations/data/nc/nc35_OST50GRID_20230518/NC35.asc
ncols 200
nrows 200
xllcorner 230000
yllcorner 950000
cellsize 50
[rows 144 to 179 of 200, columns 0 to 80 of 200]
236.8 249.6 259.7 269.4 277.8 286.5 296 302.6 306.7 311.2 314.8 319.3 328.2 333.2 339.8 345.5 350.6 356.3 372.1 374.7 377.6 379.8 382.1 389.4 395.7 398.2 396.2 399.6 404.6 405.1 399.9 401.3 403.5 403 400.7 406.2 413.5 421.4 425.5 427.7 429.3 439 451.3 474.1 484.9 482.2 478.5 475.5 472.4 455.4 442.4 439 426.9 413.6 388.8 355.2 316.4 262.6 224.5 206.9 191 175.7 162.2 155.3 151.9 152.3 151.4 149.2 146.9 143.8 143.1 141.8 142.3 143 142 141.1 137.8 134 129.5 121 117.7
241.6 252.3 261.4 272 281 290.5 301.3 307.2 313.7 316.4 318.6 320.6 327.2 330.9 347.4 353 360.1 358.4 363.7 373.7 384.3 389.9 389.1 390.4 394.1 398.3 399.8 401.3 403.5 406.4 407.4 412.7 410.1 411.3 411.9 420.3 432.7 435.5 440.6 444.6 456.1 481.6 492.3 511.6 513.9 510.6 508.7 505 497.7 488.1 474.5 466.8 452.8 436.4 409.7 369 336.7 291.3 254 229.7 212.4 195.9 177.8 162.2 154.8 155.1 155.6 154.1 151.8 147.5 145.6 144.1 144 145.8 145.9 144.1 141.1 142.2 142.3 129.2 119.6
244.5 255.5 265.6 275.6 284 293 302.8 310.5 316.2 327.1 330 328.9 341.4 351.9 361.6 376.3 374.6 367.6 371.1 373.2 377.7 389.7 398.3 398 396 398.3 402.2 405.7 406.8 408.2 411.5 414.6 415.7 419.8 425.5 437.3 442 444.5 451.8 464.1 484.3 511.2 529.3 531.1 531.5 527 530.8 528.5 520.7 515.9 503.6 495.9 486.1 471.7 434.9 396.3 364.5 360.4 325.7 280.5 249.7 220.1 200.9 178.6 165.2 161.6 159.4 159.6 156.8 154.1 148.9 146.8 146.6 148.4 149.8 155.3 150 147.9 145.7 133.7 124.1
251.8 260.1 272.4 282.4 290.3 296.7 305.6 315.5 324 329.7 338.6 350.8 357.9 366.3 376.3 381.4 379.1 379.3 381.5 383.2 383.2 384.8 394 403.6 407.1 405.7 406.7 408.8 411 415.6 416.8 418.6 420.5 428 439.3 445.6 454.1 467.3 477.3 505.5 520 532.7 541.9 546.8 543.9 544.8 543.6 541.5 541.9 539.6 524.9 523.7 516.8 506.6 479.5 434.3 441.1 426.1 410.2 389.9 332.1 252.7 219 201 183.8 172.9 169 168 163.8 163.7 160.5 156.1 152.3 151.6 155.1 166.1 169.3 163.6 148.7 137 128.9
262 271 279.1 289 298.7 304.6 310.7 321.6 331.4 339.3 349.5 358.7 364.8 374 380 382.1 382.8 384 388.4 390.3 392.1 392.8 393.9 402.1 407.2 409.8 409.2 413.4 418.8 430.1 431.8 425.4 428.4 443.4 446.7 453.9 470.3 485.3 507.7 524.6 533.2 538.3 546 549.9 550.2 551.4 557.6 556 562.1 558 554.8 547 546.5 548.6 511.8 468.3 459.1 458 448.5 423.5 398.7 333.5 261.4 230.8 211.4 198.8 194.3 189.8 185.3 183.2 180.5 172.4 163.9 159.7 164.1 166.8 165.5 164 158.4 144.7 132.4
274.6 281.8 289.4 298.1 307.5 313.6 319.1 328.3 336.5 346.9 358 367.7 377.4 390.2 403.8 415.8 408.8 401 401.5 407 408.8 408.1 402.3 404.9 408.9 411.9 413.2 419.7 431.9 434.4 436.2 434.8 445.8 453.1 453.6 466.5 490.4 502.9 517.3 528.7 534.7 538.2 541.4 548.7 552 561.4 567.2 569.4 577.8 576.2 578.8 579.4 569.6 553.2 535.3 509.6 480.9 465.2 447 432.5 410.4 376 346.7 300.8 266.9 246.1 233 224.9 223.3 215.6 196.8 185.2 178.2 168.6 171.3 172.7 170.7 165.4 156.7 147.5 135.1
290.9 296.5 301.8 307.5 315.4 322.1 329.6 335.9 351.5 364.9 379.9 394.3 410.6 429.2 454.1 463 448.1 451.3 467.9 466.8 449.3 435.3 420.7 409.2 412.3 414.8 419.8 423.7 429.4 438.1 441.5 444.7 455.9 461.1 462.9 479.6 494.2 510.5 515.2 525.9 529.8 533.6 537.7 541.7 551.6 563 569.8 574.2 579 578.7 585.2 580.7 568.2 548.2 527.9 507.3 486.7 461.6 442.6 429.3 408 381.4 369.8 349.1 332.4 314.1 298 283.8 265.3 238.4 217.1 202.6 188.2 182.8 180 175.7 172.1 165.3 155.4 147.1 138.5
307.4 312.3 317.2 323.7 327.6 336.1 346.8 355.4 373 389.6 412.8 431.2 449.2 461.6 477 489.6 492.9 491.4 505.9 499.7 481.9 450.9 432.9 423.4 419.3 419.8 425.9 437.1 433.6 436.8 447.3 460.2 466.6 478.7 478.6 485.7 497.7 508 513.8 515.2 522.5 531.2 532.4 539 550.3 557.5 565.3 572.5 572.9 569.8 568 566.8 562.2 546.2 523.7 500.4 484 462.5 442.4 423.4 403.7 382 370.1 356.1 341.3 333.7 321.1 303.2 285.7 261.2 236.6 219 199.8 189.9 182.1 176.3 170 162.5 153.2 146.2 139
333.1 337.7 336.4 342.7 347.9 360.5 370.3 381.7 399.5 420.1 439.8 453.9 469.3 481.9 497.2 515 528.5 526.1 523.7 525.5 502.9 478.4 457.2 437.9 436.9 435.3 442.8 457 444.3 439.7 443.4 454.5 466.7 477.1 478.1 487 495.4 502.2 508.5 513.4 514.2 514.7 524.7 529.3 538.1 546.1 552.5 555.6 557.1 557.5 555.2 555.3 549 536.2 518 495 479.1 463.4 437.2 418.9 395.6 380.7 366.6 355 345.2 331.1 324.3 312.9 295.1 272.3 251.7 229.2 209.6 196 178.9 173.5 168.1 161.9 155.4 147.7 140.4
359.9 359.3 355.8 360.7 366 382.6 390.7 403.7 422.9 441.9 455.1 469.6 483.2 497.9 513.6 530.6 552.8 563.4 561.3 545.3 519.3 501.5 480.3 456.8 458.4 453.6 470.1 473 462.7 455.9 452 453.6 461.1 464.8 473.1 483.2 492.2 499.6 493.1 500.5 504.4 507.8 516.9 523.6 530.6 539.5 542.3 546.6 551.2 549.9 549.5 545.2 534.6 522.4 505.5 488.3 474.7 455.2 438.6 411.3 392.6 372.4 363.5 353.6 341 332.4 320.2 308.8 296.5 279.5 254.4 240.1 217.7 198.9 183.5 174.6 169.8 161.9 155.2 147.6 141.4
378 377.4 376.7 379.1 386.4 397.8 406.7 416.1 434.8 452.2 468.5 483 497.1 512.1 530.7 548.8 576.4 593.6 598.6 567 539.3 519.7 500.4 485 485.1 484.3 487.4 480.5 488.6 483 476.3 488.1 468.5 465.3 465.5 470.2 476.1 484.9 485.7 488.5 495.7 500.7 508.2 520.7 525.3 527.2 530.4 533.7 537.8 537.7 537 532.3 524 512.1 497.4 481 466.7 451.3 431.5 407.3 384.9 368.9 353.8 347 337.8 324.3 314.6 304.4 291.1 278.6 266.3 242.1 223.9 206.9 185.6 172.8 165.2 159.5 154.1 147 141
390.5 390.4 389.6 393.9 399 409.7 418.3 428.7 440.2 463.3 477.8 496.7 513.4 528.4 543.2 565.5 585.4 600.2 608.9 590.7 557.2 536.5 515.8 503.1 503.1 506.2 518 523.5 527.8 520.3 527.8 528.2 504.6 473.1 469.5 466.8 470.4 474.7 481.1 483.8 492.1 497.1 502.6 515.3 520.9 520.9 520.4 527 525.5 527 526.1 521.7 512.4 500.3 487 473.5 457.3 443.9 426.1 402.5 384.9 360.9 341.7 334.4 326.6 314.8 301.8 292.5 283.7 272.6 260.7 239.2 220.8 205.4 185 172.2 164.3 158 152.2 147 138
396.9 398.4 396.9 404.3 409.9 418 428.5 437.4 447.4 466.2 483.2 506.7 527.1 541.9 560 577.8 595.8 608.7 617.9 616.3 586.5 561.6 543.9 531.2 522.2 545.1 547.6 555.7 562.9 562 557.6 547.9 529.5 509.4 476.5 471.4 478.5 482.4 482.4 485 491.5 502.9 507.7 511.7 512.1 511.5 511.9 513.9 517.5 517 515.2 508.6 498.9 488.6 475.8 461 449 430 418.4 399.7 377.2 361.6 342.4 332.2 321.7 309.5 300.3 288.2 276 261.4 245.6 228.5 214.6 197.7 183.5 173 163.1 155.8 150.7 144.7 137.5
398.7 403.7 404.1 413.8 417.8 426.8 436.1 445.4 457.5 473.6 493.7 518.6 538.5 554.1 572.8 590.5 605.4 619.3 629.4 635.7 608.6 589.2 574.9 565.4 553.4 565.6 574.6 591.1 595.3 586.4 577 561.2 543.1 530.3 502.7 495.1 504.4 491.4 492.8 487.8 491.8 500.3 506.5 507.1 503.9 503.8 507.4 507.1 502.2 503.5 499.2 495.6 485.6 476.4 464.4 451.8 437.9 421 409.4 397.1 370.4 354.2 342.7 328.5 315.2 306.3 296 278.9 268.8 255.6 235.6 223.7 209.9 194 183.1 174 162.5 154.5 151.6 148.3 138
399.4 404.8 413 423 423.2 432.8 442 454.8 468.4 488 505.3 524.9 546 565.5 585.8 601.8 616.6 630 642.4 650.4 652.1 633.3 617.9 600.7 581.7 587.4 606.6 620.4 619.7 618.7 616.8 607.3 594.4 566.1 552.9 536.8 528.6 515.3 504.2 500.2 499.6 500.7 495.9 499.5 498.7 496.1 498.7 497.7 492.7 488.2 486.2 481.2 470.6 463.6 455.6 445.7 430.2 417 404.8 386.9 373.1 351 333.5 324 306.8 294.7 284.1 272.7 260.1 245.6 229.2 214.4 202.8 191.7 183.5 174.1 161.5 153.2 149.5 144.9 138.1
397.6 410.3 418.1 431.7 432.8 436.6 452.1 469.9 479 500.3 517.9 533.1 553.1 578.2 596.6 612.5 626.9 641.6 652.3 660.7 666.8 671.8 657.4 632.2 614.5 620.9 629.4 646.7 650 650.4 646.4 640.7 627.5 615.4 603.9 582.7 553.1 543.6 524 516.2 507 505.4 500.3 491.6 490.9 489.5 485 488.6 484.1 477 473.2 466.9 458.1 451.8 444.4 434.2 422.5 410.7 396.3 378 361.9 346.5 327.5 309.3 290.7 286.4 282.6 270.4 254.6 235.4 223.2 210.5 199.8 192.4 182.9 172.9 161.7 152.5 146.3 143.3 139.3
394.7 414.4 420.7 437.4 439.7 442.5 462.1 478.8 486.6 503.7 522.4 542 565.1 588.6 607.3 623.8 639.2 652.2 662.2 670.1 676.9 689.2 690.7 664.6 650 653 668.1 679.8 680.7 680.3 673.6 666.2 656.8 646.4 635.4 614.3 592.5 560.3 543.5 535.9 520.3 518.1 512.9 493.4 481.4 479.7 479.7 477.5 473 466.6 461.6 453.4 445.9 438.4 432.6 423.9 410.6 401 388.5 370.4 354.1 341.2 326.3 310.5 288.6 273.5 270.1 263.8 245.5 232.9 220 208.2 201.1 189.4 183.4 175.9 163.8 155.8 153.2 148.7 141.8
393.8 412.8 425.1 436.2 443.7 450.5 472.6 484.5 497.2 510.2 526.4 545.5 572.5 595.9 617.5 635.6 649.4 661.8 672 683.3 697.5 709.5 712.7 704.5 687.7 696.5 705.9 709.2 710 709 702.1 692.9 686.7 680.6 664.6 637.6 612.1 587.6 566.7 550.2 533.5 518.3 516.7 494.3 481.4 475.5 472.8 473.2 464.9 459.6 450.8 440.3 432.5 426.3 420.4 413 399.1 388.7 381.4 364.5 351.3 340.3 329.4 312.8 288.2 267.7 255.3 248.1 237.7 227.6 215.4 208.5 203.5 197.7 191.3 180.8 169.3 163.5 160.8 152.9 145.2
391.1 409.9 424.1 438.5 444.7 459.1 480.6 488.6 500.9 515.6 531 550.9 578.3 604.8 626.8 643.6 657.4 668.8 680.5 698.2 712.6 724 732.4 736.6 725.6 730.6 737.7 741.5 740.2 739.2 732.6 723.9 721.8 713.8 692.1 659 628.4 605.3 580.3 564.5 541.8 526.7 514.4 503.5 481.3 473 469.6 466.6 462.1 450.3 441.2 432.7 427.1 420.4 417.5 402.4 388.2 376.9 373.6 361.6 354.5 340.7 326 308.3 285.4 258.5 248 239 229.3 218.6 217.9 214.5 212.2 210.6 205.5 193.1 178.2 175.6 167.9 158.6 147.9
395.9 403.2 423 437.2 444.5 465 484.8 494.9 503.4 517.2 532.6 556.4 589.2 613.7 632.7 651.6 666.4 680 694.3 710.7 726.8 740.6 751.2 757.3 761.5 761.4 769.3 774.9 772.2 770.6 764 758.6 752 738 707.9 671 639.8 617.8 588.1 564.3 549.7 528.1 509.3 499.1 491.9 463.4 462.1 459.5 447.8 441.5 437.3 431.4 424.2 415.6 409.8 392.9 380 369.5 363.1 354.2 347.8 334 318.8 300.4 279.5 258.9 239.2 228.8 223.4 228.1 225.1 224.3 228.6 232.9 231 216.2 192.2 187.1 172.8 161.6 152.3
391.3 403.6 419.6 436.4 440.9 457.9 477.9 497.2 508.7 519.2 535.1 565.4 592.8 619.7 638.3 657.8 673.9 689.4 705.1 721.3 741.5 758.9 771.1 780.5 787.3 791 798.3 804.5 802.5 799.8 795.5 789.3 769.2 738.6 709.4 674 640.9 616.7 586.6 561.6 535.3 513.6 500.5 487.7 463.8 452.6 445.6 440.9 438.8 431.6 426.5 427.9 422.5 412 401.2 381.7 376.3 358.5 353.1 351.8 337.9 327.3 313.4 295.6 269.8 252.5 234.3 239.9 237.3 231.3 235.2 234 248.9 257.3 264.2 250.5 212.8 210.2 193.5 196.5 179.9
390.2 406.4 414.5 428.7 443.6 459.2 476.8 494.9 510.6 522.9 547 567 594.5 619.9 641.1 662.4 682.6 699.8 715.9 735.5 755.7 774.4 787.6 803.4 812.7 817.4 822.5 830.7 831.3 828.5 822.3 789.9 749.1 711.6 680.8 651.2 625.7 599 567.8 547.5 521.1 504.6 486 471.7 453.8 443.9 432.9 430.1 429.4 425.2 414.5 413.6 414.8 407.6 395.6 377.7 363.9 355.5 348 338.6 330.3 315.9 300.7 279.5 261.4 246.3 239.8 245.4 244.2 238.3 247.5 260 274 286.9 287 264.9 243.9 245 261.7 262.5 217.8
381.2 401 412.5 419.5 439.2 452.5 473.8 487.9 506.1 521.3 546.7 569.5 597.6 618.3 642.3 665.6 685.2 705.5 723.7 743.7 765.2 789.6 807.8 822.1 836.3 842.7 846.4 850.7 853.7 849.9 802.4 756.6 712.1 663.6 636.3 611.7 586.2 562.8 541.9 525 515.4 503.2 472 459.9 446 442.2 437.9 431 424.1 416.9 402.8 390.7 393.2 392.2 381.5 363.1 352.9 348.6 340.3 329.1 314.1 298.5 285.5 269.8 258.1 244.9 248.8 252.1 246.3 251.5 268 287.7 305.8 311.5 312.2 285.2 273.7 293.9 307.6 271.3 268.4
370.9 388.1 402.3 413.5 429.9 453.3 471 487 502.2 517.8 541.1 568.8 598.2 621.2 643.4 664.8 688 707.9 727.7 752 775.1 799 819.8 837.9 855.2 868.1 869.1 874.7 875.4 824.5 775.9 723.2 657.9 626.9 601.7 573.9 553 540.9 521.6 511.3 509.9 492.1 478.4 460.4 451.1 447.8 438.3 434.3 426.5 403.8 394.3 378 372.2 365.4 357.8 350.4 344.6 340.7 336 316.2 302.4 286.5 270.7 261.9 255.8 256.5 254.4 253 258.4 273.6 295.4 315.8 329.3 344.1 338 318 317.6 323.1 325.9 333.4 332.3
366.9 376.4 393.1 403.8 423.2 438.7 462.4 483.7 499.1 517.2 540.6 567.7 597.5 620.9 642.3 663.6 687.2 706.4 730.5 756.3 780.5 806.2 826.9 849.8 869.3 883.2 883.4 885.9 866.6 787.3 739.7 669 629.5 599.2 568.6 545 534.3 525.5 515.8 511.7 510.3 493.4 490.7 475.8 453.6 451.4 445.9 438.9 431.8 416.6 391.1 369.9 355.9 349.1 341.5 334.7 332.8 329.1 323.1 311.3 293.6 282.9 265.6 267.5 266.7 274.8 273.1 274.5 282.4 293.5 321 357.5 372.8 388.2 386.3 351.5 359 360.3 372.7 380.3 349
361.6 364 382.8 396.9 409.9 431.2 457.2 485.1 500.3 514.2 537.8 563.3 593.3 617.3 640.5 661.7 684.4 710.5 731.7 757.2 779.8 805.2 829.9 853.8 879.5 894.3 883 850.7 834.4 777.3 689.9 650 613.7 580.4 546.7 533.4 522.5 517.1 515.1 514.8 512.5 508.9 502.8 479.6 448.3 443.7 447.1 432.2 434.8 426.7 395.4 358.4 332.6 331.8 326.2 321.6 317.7 316.2 313.1 305.9 291.7 285.1 281.9 286.2 293.7 307.2 314.4 311.3 322.8 342.2 368.4 390 416.3 438.5 425.6 402.6 416.8 400.4 415.6 411.8 412.4
353.7 357.2 370.4 390.9 401.9 422.6 460.7 487.1 499.5 513.5 533 559.4 589.2 613.5 637.2 657.4 681 708.7 729.6 753.9 777.5 803 832.3 857.3 881.6 897.5 888.4 827.5 774.2 730.8 664.9 633 596.3 559.9 541.6 528 517.5 514.1 516.2 513.1 517.1 512 489.6 469.7 443.2 433.5 430.9 424 427.1 422 402.7 351.6 327.4 316.8 310.5 304.9 303.6 300.7 299.7 298.3 295 300.8 298.5 310.6 317.7 333.1 343.1 349.5 369.3 388.2 407.3 436.3 461.1 474.8 466.9 466.3 443.8 437.3 437.7 442.9 442.1
341.7 356.3 358.9 389.7 406 428.5 462.4 481.6 496.5 511.8 531.8 552.2 580.7 609.8 632.3 654.4 679 701.1 727.9 753.6 775.1 802 832.9 856.8 880.4 895 879.6 826.2 743.8 689.5 648.5 609.8 576.3 549.6 538.5 529.7 522.1 517 511.4 511.4 517 512.5 482.5 458.6 434.2 421.5 411.6 407.9 412.6 406.3 391.5 348 319.4 307.7 301 296.7 298.3 298.3 298.3 299.3 310 308.7 320.1 337.3 349.7 377.3 374.1 391.7 403.8 428.8 451.8 471.5 488.6 484.1 480.9 474.3 456.1 451.8 452.5 454.6 446.7
336.8 346.4 353.9 383.6 409.4 432.6 458.9 472.1 494 509.1 527.5 548.9 574.5 605.8 630.6 650.7 677.6 699.6 724.6 750.4 777.2 803.3 830.7 853.3 876.5 890.4 875.1 810.8 747.8 673.6 616 587.9 559.7 547.8 537.6 532.5 533.3 524.2 516.1 522.8 527.3 514.4 492.4 471.5 454.6 421.4 397.2 389.1 385.7 379.3 362.9 331.5 311.3 301.5 299.1 297.3 298.3 298.3 299.8 310.6 318.6 319.4 336.9 363.5 390.8 413.4 416.5 429.1 452.5 469.6 485 494.7 493.6 484.3 479.8 472.4 463.8 459.8 463.3 453.1 444.2
332.3 339.9 348.8 374.8 400.4 423 447.5 470.5 491.1 505 526.5 548.7 574.8 605 630 650.5 676.1 700.2 725.2 751.5 776 801.8 828.8 850.9 873.4 886.9 870.1 823.1 729.8 650.9 612.8 577 556.7 553.6 549.2 546 541.8 522 533.2 547.9 545.2 525.7 507.4 480.8 459.9 431 396.8 372.8 366.9 358.2 345.7 327.3 312.5 301.2 297.2 295.6 298.3 296.6 312.8 322.7 335.4 328.9 348.1 370.4 398.4 421.1 436.2 456.1 472.8 483 494.2 494.7 487.2 487.4 477 469.4 464 461.9 459.5 451.5 439.9
329.8 333.7 344.1 361.8 389.9 412.2 435.5 461.8 478.6 503.5 527.5 547.7 568.9 599.9 627.7 649.9 676.8 699.1 723 750.2 774.9 799.6 825 849.5 871.5 884.1 864.7 799.2 693.4 645.3 612.6 580.9 555.6 555.4 553.9 552.7 552 548.5 559.9 571.2 570.1 544.8 521.8 485.7 462.9 441.5 401.6 368.9 355 349.2 336.7 328.2 318.8 311.8 305.2 303.7 307.2 312.1 331.7 328.9 346.7 340.5 358.3 381.1 404.9 423.5 440.5 456.5 462.1 472.5 482 486.4 492.6 485.4 473.1 469 470.2 464.2 457.2 447.4 435.8
328.2 329.1 337 354.3 382 402.5 420.4 442.6 472 501.2 523.3 543.4 561.3 591.6 623.4 647.9 672.5 697.9 721.7 745.3 770.1 796.5 821.4 847.5 869.8 872.8 840 767.9 679.3 645.7 610.1 582.2 563.8 563 565.6 563.1 570.8 580.3 590.9 602.2 608.6 576.8 547.6 523.5 499 463.1 417.9 378 360 350 341.8 334 329.4 323.1 325.4 325.6 329.4 346.7 354.5 349.9 351 352.6 367.5 389.1 408.9 424.8 440.9 452.5 457.8 464 470 475.1 479.3 474.4 475.7 476 470.4 460.8 454.1 445.4 435.6
326.3 329.9 332.4 349.5 371.2 391.4 410.7 439.8 466.2 489.2 511.3 535.1 557.8 583 613.6 642.3 669.2 693.7 716.1 741 765.7 792.1 816.5 841.9 867.6 869.2 803 721.9 676.4 645.5 621.5 593.8 570.6 571.3 580.2 593.2 609.2 619.3 633.7 641.5 636.1 604.5 573.2 543.9 520.7 490.8 437.8 398.6 377.1 363.3 355.3 349.7 342 335 341.4 348.4 359.1 374 384.5 384.7 369.8 366.8 381.5 396 413.2 427.8 437.9 447.5 453.7 457.7 460.9 464.9 466.6 468.1 473.7 470.4 466 457.7 449.3 443.3 430.6
326.7 327.9 333.9 342.9 369.2 380.2 400.7 427.2 457.1 481.6 498.9 525.4 550.6 573.5 602.2 633.8 659.3 686 710.7 734.4 760.4 786.4 810.1 835 862 865.6 787.9 705.4 674.5 646.1 629.4 610.5 593.3 589.1 619.2 631.9 643.2 654.2 668.6 674.1 647 619.6 594.9 565.8 529.4 502.5 473.3 440.1 413.6 392.4 380.5 366.5 356.5 351.8 361.1 374.2 390.3 414.4 415.8 410.7 396.3 379.1 390.9 405.8 416.9 427.5 434.4 444 449.6 452.1 453.8 453.1 455.6 460.3 464.7 461.9 461.5 454 446.1 435.9 427.7
339.9 344.5 343.8 348.3 357.1 369.8 390.2 418.8 443.2 471.4 486.4 513 537.6 561.7 590.2 620.5 651.2 677.7 702.6 728.1 753.4 779.1 801.7 825.3 852.5 859.8 771.9 710.9 682.6 660 646.3 628.7 618.9 628.1 654.1 667 677.2 701.8 711.6 702.2 679.2 640.6 620 600.3 571.4 546.7 561.8 520.2 497.4 443.8 420.6 407.1 392.4 388.7 384.9 399.6 420.7 426.8 430.9 420.9 402.5 394.1 403.3 415.8 423.7 430.6 437.2 444.9 446.4 446.9 446.8 447.9 448.2 448.4 453.4 453.6 453.5 449.1 441.4 434.1 420.8
334.9 344.6 356.2 354.4 352.2 365.7 393.2 409.7 431.5 459.3 476.6 496.2 524.5 546.5 572 601.8 635.5 669 693.8 720.6 745.4 771 794.5 818.2 842.6 852.1 774.7 719 696.4 679.4 667 647.7 650.7 665.4 691.3 707.5 716.8 738.1 741.2 728.7 707.1 666.1 644.5 625.8 604.5 599.9 616.7 587.2 581.7 522.5 496 465.2 453.6 446.6 437.2 460.2 457.7 440.5 431.7 421.4 409.7 406.4 414.2 422.9 428.3 434.1 438.7 443.6 444.2 442.8 441.9 440.8 440.1 441.3 442.7 444.7 444.7 440.9 434.2 428.9 419.6
