WholeMapElevations/data/nn/nn45_OST50GRID_20230518/NN45.asc
ncols 200
nrows 200
xllcorner 240000
yllcorner 750000
cellsize 50
[rows 35 to 69 of 200, columns 0 to 77 of 200]
560.1 558.2 555.6 552.8 546 538.6 533 525.7 518 511 504.3 495.2 487.7 481.8 473.3 465.4 456.4 449.2 442.1 434.3 429 427.1 420.6 412.4 406.4 402.7 399.7 395.9 387.7 382.4 372.2 362 359.9 361.2 345.9 343.2 335.3 329.2 323.2 309.4 297.8 292.9 290 288.2 288.3 295.7 293.5 294.2 290.4 290.6 289.8 290.8 289.4 288.9 289 290 289.5 287.3 286.1 287.1 285.6 285 282.2 280.9 279.8 279.8 280.7 279 279 277.6 277 276.6 276.3 276.7 276.1 275.7 275.4 277.1
551.7 549.8 546.2 541.8 536.8 530.7 523.8 517.7 513.2 505 497.4 489.7 483.2 476.6 469.2 460.6 451.8 444.4 436.8 432.9 425.3 425.3 418.3 410.1 403.5 400.8 396.4 388.3 383.2 376.9 365.6 360.1 358.8 359.4 339.8 331.1 318 310.4 305.7 296.5 294.2 290.6 288.2 287.9 289 294.4 293.8 293.8 292.3 295.1 292.5 292.9 291 290.6 290.5 290.4 289.3 287.5 287 285.8 285.4 284.7 284 283.7 282.1 279.9 277.3 276.2 276.6 275.9 275 274.6 274.5 274.7 275.2 274.2 275.2 276.1
545.1 540.8 537.7 534.3 528.9 524.1 516.1 511.6 504.6 498.4 491.8 483.2 476.5 466.5 461.4 454.3 445 438 434.1 428.8 422.6 422.1 413.4 406.6 400.2 395 389.9 383 377.9 371.6 363.8 358.3 349.4 342.2 326.5 320 309.9 301.9 296.5 293.6 291.8 289.4 287.6 288 290.1 292.6 293.4 294.4 294.3 295.9 295.6 293.8 294.8 295.4 295.7 289.3 288.8 288.7 286.8 286.2 287.8 286.9 284.9 284.3 281.6 280.3 279 278.4 277.9 277.5 277.5 276.3 276.4 276.2 276.4 276.1 274.8 275.4
537.3 532.6 529.4 525.8 521.1 514.1 508.4 503.1 497.8 489.7 482.4 476.2 468.8 461 453.5 444.9 437.9 433 428.3 425 420.5 416.6 408.6 402.8 396.4 391 386.7 379.6 374.3 368.4 360.9 352.1 340.3 327.1 316.7 308.2 299.2 295.5 291.2 289.9 289 288.2 286.9 288.9 290.2 294 294.6 295.6 297.1 297.5 296 295 298.6 296.7 292.5 291.2 289.3 288.2 287.7 288.5 288.2 287.7 285.9 285.3 282.7 283.4 280.7 279.1 278 278 278.4 277.6 277.3 276.9 276.7 276.4 273.5 275.3
527.6 522.9 521.7 516.8 511 506.2 500.1 494.2 488.4 478.8 472.7 467.3 461.8 453.7 447.6 439.2 430.7 425.1 421.5 418.3 414.4 408.9 403 397.8 392.9 386.5 380.9 373.3 367.2 362 353.4 342.4 328.9 313.5 304.4 298 293.5 290.5 289.8 288.3 287.2 286.3 287.9 290.4 293.4 296.5 295.7 298.2 299.6 298.3 296.6 296.3 296.6 295.2 292.5 291 289.7 289.2 288.7 289.5 291.4 289 288.2 285.5 282.7 280.3 279.1 278.2 279.9 279 278.6 278.4 278.1 277.7 277.3 276.5 275.8 274.4
520.8 517.7 514.1 509.2 502.5 497 490.2 482.7 477.2 471.8 465.5 458.2 452.6 446.3 438.9 432.5 425.1 419.3 414.8 410.8 404.4 402.3 397.5 393.2 388.3 381.3 373.7 363.7 358.5 351.8 341.4 329.1 315.6 301.1 296 292 290 289.5 289.1 287.5 286.1 286.6 288.3 291.8 295.2 298.9 296.9 300.6 300.2 299.5 298.3 297.6 297.2 295.1 293.6 292.8 292.9 291.9 291 294.1 295.1 287.5 283.4 281.3 279.6 279.3 280.3 283.9 280.4 279.9 278.7 278.6 278.6 278.7 278.2 278.4 276.7 273.4
513 510.9 507.5 499.4 493.5 484.9 478.8 474.4 468.4 463.6 457.2 450.8 443 437.6 431.1 422.4 415.9 413.3 407.3 403.4 400 396.2 391.3 387.8 381.7 373.4 363.6 356 347.3 338.1 327.3 314.6 301.5 293.4 291.6 286 285.5 288.1 289 286.2 286 288 290.3 292.7 295.9 298.5 299.7 300.8 299.8 301 300.1 300.2 298.5 295.5 294.8 294.5 294.3 293.3 290.9 290.3 288.2 284.9 281.4 281.9 282.5 283.2 284.8 283.1 281.6 280.5 278.9 278.7 279.2 279.5 280.1 279.1 277.6 271.6
504.2 500.5 497.8 490.1 483.7 475.7 469.8 464.4 458.4 455.5 449.1 440.3 434.5 428.3 420.9 414.4 408.5 404.1 400.2 396.8 393.6 389.4 383.3 376.5 369.9 361.6 351 341.9 333.6 321.8 311.5 298.4 292 290.8 286.8 285.6 285 289.1 285.6 286.1 288.5 289.7 293 296.6 298.3 298.9 301.2 302.8 302.3 304.3 304.4 302.8 299.7 296.6 294.2 293.5 293.1 291.7 290 288.3 286.3 284.7 285.3 285.5 285.6 285.2 285.2 284.3 282.3 280.6 279 278.2 278.2 278.3 281.3 277.2 275.9 273.4
494.1 491 488.3 482.1 473.6 466.5 459.8 455.6 452.5 446.7 439.9 431.6 424.4 416.2 412.6 407.5 401.7 399.6 394.7 389.8 386.3 377.8 367.9 361.6 355.5 346.6 334.7 327.4 317.8 305.8 293.5 291 288.7 285.8 283.8 283.8 284.6 284.5 286.4 288.3 290.3 290.3 293.5 296.6 298.6 302.6 302.9 302.5 306.7 309.6 305.9 303.6 300.5 297 293.1 292.6 292.3 292.7 290.8 289.3 287.5 286.5 286.9 294.1 289.8 287.7 285.6 284.3 282.4 281.2 278.6 276.9 276 276.6 277.8 275.8 277 278.3
485 481.3 479.8 472 464.6 455.7 450.1 446.5 442.3 438.4 431.4 422.3 415.9 409 405.2 401.5 397.4 393.2 387 381.3 374.3 364.4 350.6 346 339.8 329.4 320.7 312.2 301.1 290.5 290.5 289.1 284.4 283.6 283.6 283.6 284.1 286.7 288.1 288.6 289.5 291.5 291.8 294.6 297.5 300.3 301.1 301.1 301.1 303 304.9 300.3 300.4 295.9 291.9 290.3 291 291.1 289.4 288 288 288.4 286.5 287 285.7 287.7 285.7 282.4 279.5 279.2 277.7 275.4 273.8 275 274.1 274.3 276 279.1
475.4 471.4 470.4 465.8 455.8 447.3 439.6 435.7 431 427 420.5 413.4 406.3 400.7 394 391.3 389.5 382.6 374.5 366.7 358.5 348.6 336 329.1 324.7 314.8 305.8 296.7 287.7 284.2 283.7 283.6 283.6 283.6 283.6 283.6 283.6 286.6 288 289.1 289.9 289.9 291.2 293.2 296.5 297.5 298.6 298 297.1 296 296.7 296.6 297.1 293.1 290.4 289.4 288.5 289.3 287.3 288.6 287.1 285.7 284.9 284.4 282.3 281.5 281.4 279.1 276.3 275.4 274.6 272.9 272.7 273.9 273.1 270.4 272.9 276
467.3 465.7 463.6 455.4 444.9 437.6 429.3 425 421.9 418.2 411.3 400 391.2 389 386.6 383.5 378.9 370.7 359.8 348.6 342.7 333.3 323.5 318.2 309.9 299 295.4 290.4 283.8 283 283.6 283.6 283.6 283.6 283.6 283.6 284.2 286.9 287.6 288.7 289.2 289.1 291.2 293.4 294.1 294.3 294.1 293.6 292.7 292.1 291.7 291.4 291.2 290.2 288.3 287.6 287.6 287.4 285.7 285.1 286.1 284.4 283.8 280.7 279.5 278.5 275.4 274.3 274.1 273.5 272.3 271.1 271.2 271.3 271.9 268.4 267.7 269.1
457.8 453.1 450.9 438.7 430 423 416 414.1 412.7 408 401.7 392.7 382.5 377 376.8 372.7 366 355.7 343.4 336.5 329.8 323.1 313.4 303.6 295.5 291.6 289.7 286.3 283.2 282.6 282.9 283.6 283.6 283.6 283.6 283.9 284.7 287.3 288.5 287.8 287.8 288.8 290 291.2 293.6 292.4 292.3 291.9 291.4 290.8 290.6 290.6 290.2 288.3 286.5 286.6 286 284.5 284 283.5 283.5 281.7 280.1 276.4 273.4 273.8 272.1 271.4 271 270.6 269.7 269.1 269.2 269.4 269 266.3 265.8 266.8
443.7 439.1 434.3 427.8 418.7 410.2 404.3 403.3 399.5 392.1 389.8 382.9 375 368.6 364.5 358.2 349.4 344.9 335.8 328.7 320 310.1 299.7 292 287.9 285.7 282.2 282.2 282.2 282.2 282.7 283.6 284.1 285.8 284.9 286.5 287.4 288.3 288.3 287.7 287 288 290.2 290.2 290.7 292.7 291.4 290.6 290 289.6 289.5 289.9 289.6 289.3 287.1 284.3 281.8 283.1 281.9 282 280.9 279.6 276.8 277.6 277 276.3 274.4 273.5 271.2 268.3 266.5 266.2 266.3 268.8 266.9 265.4 264.5 266.5
435.3 430.4 424.9 417.7 407.8 400.8 397 393 387 379.8 375.1 370.6 362.3 354.2 351 345.2 338.2 331.1 324.5 315.6 304.6 296.8 290.3 284.4 282.2 282.2 282.2 282.2 282.2 282.2 282.2 284.7 287.1 286.8 287.2 287.9 288.8 288.8 288.1 287.4 286.7 287.4 289.3 289.2 290.2 292.4 291.1 289.9 289.8 290.4 290.3 290.5 290.2 289.1 287.3 284.9 283.2 281.7 281 279.9 279.2 278.6 278.7 279.2 276.7 276.7 275.9 273.1 270.6 269.3 268.7 266.9 265.2 265.4 265 264.9 263.9 262.9
424.9 421.5 416.9 409.6 400.3 393.9 388.5 382.8 376.7 367.4 361.7 356.2 349 342.8 336.6 333.5 323.6 317 309.9 302.3 294.1 286.6 282.2 282.2 282.2 282.2 282.2 282.2 282.2 282.2 282.2 287.6 288.1 287.7 288.7 289 289.5 288.6 287.8 287.1 287 287.1 288.4 288.5 289.3 288.9 289.8 289 289.1 290.2 290.7 290.3 290.5 289.2 287 286.1 285.4 284.2 283.3 284 282.1 282 285.4 277.3 275.6 273.8 271.9 270.7 271.1 269.3 269.4 268.3 266.6 264.6 263.4 264.4 262.7 264.1
409 412.1 407.8 400.3 392.4 384 375 370.7 365.3 356.8 351.8 343.9 339 329.3 321.1 318.7 311.6 304.5 302.2 293.2 285 282.2 282.2 282.2 282.2 282.2 282.2 282.2 282.2 282.2 284.7 288.7 290.1 288.4 290 291.5 289.3 288.4 287.5 286.7 287.7 287.5 287.3 287.9 288.2 288.4 293.2 288.4 288.8 291 291.6 291.8 291.4 290.8 289.8 290.1 287.6 286.6 285.6 284.7 283.9 280.7 278.2 276.9 278.7 279 276.3 275.1 271.9 270.1 269.7 269.1 267.9 265.6 264.7 266.6 264.9 264.5
396 401.4 398.4 388.9 380.8 370.6 361.1 357.4 351.6 347.7 342.9 333.1 329.5 321.6 313.4 308.4 300 295.3 290.8 282.2 282.2 282.2 282.2 282.2 282.2 282.2 282.2 282.2 282.2 283.8 286.1 287.7 288.7 288.7 289.9 292.8 289.2 288 287.2 286.3 288.1 288.1 288 289 288.6 288.7 289.8 291.7 292.3 291.8 292.3 292.9 292.5 292.4 293.3 291.4 289.3 288.5 287.7 285.6 284.4 284.8 282.7 281.3 282 279.9 277.9 276.4 274.9 271.6 269 268.2 267.4 266.6 266.2 266.4 265.3 264.4
390.1 386 380.5 375.8 369 359.5 348.8 342.1 335.3 335.5 332.8 325.3 315 310.7 302.2 297.7 293.2 287.7 282.2 282.2 282.2 282.2 282.2 282.2 282.2 282.2 282.2 282.2 283.4 285.8 286.7 288.5 288.7 288.7 289.8 289.5 289.1 287.9 286.5 286.2 288 288.5 289.1 289.1 289.1 291.2 294.3 294.6 294 293.5 296.6 294.7 292.9 294.2 296.2 293 291 290.2 288.5 286 286.7 287.8 285.6 284.3 282.9 281.2 279.3 279.4 276.6 274 271.1 269.7 268.8 268.3 266.8 266.4 266.2 264.4
380.1 378.3 370.5 363.6 355.4 345.9 333.9 330.3 327.4 326.1 321.4 312.7 305.5 301.4 295.9 291.1 286.5 282.8 282.2 282.2 282.2 282.2 282.2 282.2 282.2 282.2 282.2 282.2 283.4 284.8 286.2 289.2 289 287.8 289.2 289.7 288.8 287.5 285.8 286.4 288.1 288.5 289 289.3 290.4 291.5 291.9 292.8 294 295.1 296.1 295.4 295.9 298.3 296.8 295.4 292.6 290.8 289.1 288.5 294.2 287.6 286.8 285.4 283.9 282.5 281.3 282.1 279.7 276.3 273.3 271.6 269.6 268.3 266.3 266.3 265 265.9
366.9 363.5 356.2 349.9 341.9 334.8 324.9 317.8 318.3 315.1 307.4 300.8 298.6 293.5 291.5 285.7 282.2 282.2 282.2 282.2 282.2 282.2 282.2 282.2 282.2 282.2 282.2 282.2 282.2 282.4 284.4 287.7 287.1 286.4 287.4 289.5 287.8 286.6 285.7 286 288.7 288.8 288.9 289.7 291.3 292.1 292.4 293.2 296 297.1 296.4 297.8 298 301.6 296.7 295.7 293.5 292.2 290.7 290.3 291.4 290.2 288.4 286.3 286.1 284.8 283.7 282.6 280.7 276.9 274.1 272.4 270.9 269.1 266.7 265.6 266.6 267.9
357.1 350.3 344.8 336.1 330.5 322.8 314 311.5 313.1 303.4 298.8 295.4 293.2 288.6 283.8 283.7 282.2 282.2 282.2 282.2 282.2 282.2 282.2 282.2 282.2 282.2 282.2 282.2 283.2 283.5 283.1 283.8 284.1 285.2 286.8 287 286.6 284.9 285.1 285.9 287.8 288.9 288.9 289.5 290.2 291.5 293 294.7 293.9 297.3 295.9 297.7 300.3 298.6 298.3 296.3 294 292.9 292.3 292 292.1 292 289.1 287.3 287 290 284.9 282.1 279.7 277.5 273.9 272.4 271.1 269.6 267.4 266.6 267.1 268.8
341.4 337.1 332.2 323.9 317.6 311.5 305 301.8 298.4 298 293.5 288.6 287.2 287.4 282.2 282.2 282.2 282.2 282.2 282.2 282.2 282.2 282.2 282.2 282.2 285.3 283.4 283.5 284.2 285.2 284.1 283.6 283 282 286.3 285.2 285.1 284.2 285.7 286.3 287.8 289.3 288.8 288.6 288.7 290 292.1 296.3 295.3 294.9 293.9 293.4 296.8 300.3 297.8 296.1 294.6 294.1 293.7 293.6 294.6 292.7 290.1 288.4 287.7 288.6 284.9 280.7 278 275.7 273.8 272.5 271.2 269.9 268 267.7 268.1 266.4
328.4 322.7 317.1 311.8 307.2 301.6 297.8 297.5 294.5 291.9 287.1 284.3 282.6 282.2 282.2 282.2 282.2 282.2 282.2 282.2 282.2 282.2 282.2 282.2 282.5 285.9 286.3 285 286.2 286.3 284.7 283.8 283.3 281.8 281.8 281.9 281.9 281.9 286.3 286.5 287.1 288.4 287.4 286.9 287.2 288.5 290.8 291.7 292.6 291 289.3 289.4 297.8 298.9 296.5 296.2 294.7 295.1 295.1 295.7 294.9 295.4 288.4 287.7 287.4 285.4 282.6 280.3 277.7 275.8 274.1 272.4 271.3 270 269 268.1 267.1 264.6
321 313.5 306.2 303.2 299.6 298.2 295.6 293.8 289.9 284.4 283.8 283.1 282.2 282.2 282.2 282.2 282.2 282.2 282.2 282.2 282.2 282.2 282.2 282.2 282.2 282.4 282.2 282.1 287.7 285.2 284 281.7 281.7 281.8 281.8 281.8 281.9 281.9 285.9 286.7 287.6 287 285.4 284.2 284.9 286.8 286.7 291.5 289.2 287.3 287.6 290.1 295.6 296.8 293.6 293.4 293.2 293.6 295.2 296.1 296.4 292.5 287.1 283.7 285.1 282.5 282.4 280.1 278.7 276.2 274.4 274.6 267.8 266.9 267.8 265.8 264.1 260.8
307.4 305 297.4 295.2 293.7 293.2 290 287.5 283.6 282.2 282.2 282.2 282.2 282.2 282.2 282.2 282.2 282.2 282.2 282.3 282.2 282.2 282.2 282.3 283 282.8 283 283.6 281.9 281.9 281.7 281.7 281.8 281.7 281.7 281.8 281.8 281.9 282.8 287.2 287.4 285.9 283.9 282.2 284 284.4 284.2 285.5 286.9 285 286.4 288.7 289.4 291.4 292.7 291.9 291.8 290.7 290.3 291.1 289.4 283.6 283.4 281.1 282 282.7 282.3 281.8 285 278.8 272.5 268.3 263.5 262.5 264.6 265.3 261.4 259.1
297.6 296.3 294 291.7 289.2 287.3 285.9 285.1 282.2 282.2 282.2 282.2 282.2 282.2 282.2 282.2 282.2 282.2 282.2 282.2 282.2 282.2 282.2 287.7 286.8 286.5 285.1 285.8 284.6 281.8 281.8 281.9 283.3 283.3 283 281.7 281.8 282.4 285.5 286.7 286.5 285 282.9 280.9 283.6 283.7 282.9 282.3 283.2 284.7 282.2 285.4 286.7 286.7 287.9 291.3 289.8 285.9 287 283.9 280.6 281.3 280.2 278.9 281.1 283.4 284.3 288.9 284.5 276.5 270.8 265.4 260.5 260.4 264.1 261.9 257.9 257.8
293.1 291.8 290.4 288 286.1 284 284 287.2 282.2 282.2 282.2 282.2 282.2 282.2 282.2 282.2 282.2 282.2 282.2 282.2 286.5 284.3 286.3 289.3 287.4 288 286.6 286.5 285.4 284.2 283.1 282.5 282.8 283.3 284.2 281.7 281.8 281.8 286.6 286.3 283.7 285.5 281.6 279.8 280.8 282 282.9 279.9 279.2 278 281.1 284.2 284.4 286 282.6 284.2 284.6 281.6 282.6 283.9 277.4 276.2 277.7 277.9 279.9 280.9 282.4 281.1 272.9 268.3 264.9 261.4 260.8 260.5 260.1 258.7 260.4 262.5
289.5 287.7 286.2 286 285.4 282.2 282.2 282.2 282.2 282.2 282.2 282.2 282.2 282.2 282.2 282.2 282.2 282.2 284.3 287.7 288.5 289.9 289.6 290.8 293.7 292.4 289.8 287.3 285.6 284.9 285.3 284.3 283.3 283.9 284.4 283.3 281.7 281.8 281 281.6 279.3 277.6 277.3 279.1 277.6 279.1 278 278 276.3 275.7 282.1 282.4 280.4 278.8 281.1 278.3 277.2 274.7 274.6 276.2 272.3 271.6 278.2 276.5 278.9 282.8 275.9 273.8 266.7 264.2 262.5 262.6 260.7 260.1 260.1 267.1 267.4 266.9
287.3 285.4 283 284.2 282.9 282.2 282.2 282.2 282.2 282.2 282.2 282.2 282.2 282.2 285.3 282.2 282.4 287.9 289.6 292.1 293.6 293.9 292.5 292.8 294.1 295.1 294.1 290.1 290 288.4 286.6 287.1 287.7 284.4 285.5 285.8 285.3 286.1 282.9 279.8 279.3 280.4 277 275.8 275.7 275.6 275.6 275.9 275.8 275.7 275.6 280.7 275.7 274.5 283.9 274.4 274 270.2 270.3 269.9 269.5 269.5 271.8 273.8 273.8 274.2 268.1 268 265.3 264.4 263.1 264.3 263.1 263.4 270.7 268.9 266.6 267.9
285.4 287.6 282.2 282.2 282.2 282.2 282.2 282.2 282.2 282.2 282.2 282.2 282.2 282.2 282.2 285.8 286.1 290.5 292.7 294.2 297.2 297.2 295.8 294.4 295.7 295.2 295.1 292 289.7 287.5 286.1 286.2 284.8 289.5 289 288.4 287.5 285.6 284.6 284 281.5 282.4 280.3 277.6 275.9 275.9 275.8 275.7 275.7 275.6 275.4 275.6 277 274.7 274.9 272.5 271 270.3 276.1 271.6 269.6 269.4 270.8 268.3 268.3 268.1 271.7 272 269.4 268 263.7 265 265 264.7 268.1 265.2 266 266.5
282.5 282.2 282.2 282.2 282.2 282.2 282.2 282.2 282.2 282.2 282.2 282.2 282.2 282.2 284.8 291.4 294.6 297.4 295.5 301.3 301.2 300.6 301 299 299.2 298.1 297.7 293.4 288.1 285.4 284.4 285.1 293.3 292.7 293.4 289.7 288.2 287 284.9 282.7 285.4 283.8 282.2 280.5 279.9 279.2 279.9 280 279.3 278.4 278.7 275.1 275.6 273.8 273.7 275.4 273.7 276.8 276.2 273.5 270.7 269.2 272.6 268.7 268.1 268 273.6 274.6 273.8 270.3 267.6 265.7 265.4 264.9 264.5 265.6 266 263.1
282.2 282.2 282.2 282.2 282.2 282.2 282.2 282.2 282.2 282.2 282.2 282.2 282.2 285 289.5 295.4 297.2 298.1 300.1 304.3 304.7 303.9 305.5 302.6 298.9 301.3 297.9 293.3 288.4 285.6 285.2 286.4 291.4 293.8 292.8 291.8 289.3 288.1 284.5 282.8 285.7 285.5 284.1 283.9 283.6 282 281.7 281 279.3 279.6 277.6 276.7 278.9 279.4 278 278 277.4 280.7 277.7 277.3 272.1 269.2 268.7 270.2 272.5 273.3 277.2 275.8 273.7 270.8 267.9 265.3 263.1 262.1 262.1 263.9 263.6 260.4
282.2 282.2 282.2 282.2 282.2 282.2 282.2 282.2 282.2 282.2 282.2 282.2 284.5 291.1 294.6 296.5 299.7 301.4 304.4 307.5 308.2 308.7 305.4 302.6 299.9 296.8 293.9 292.1 288.1 286.2 286.4 289.8 295.7 296.2 295.9 293.6 291.6 288.9 285.3 284.3 284.9 286.4 292.5 291.4 286.8 285.4 283.9 282.5 281.1 280.3 277.9 282.5 284.5 283.2 282.9 282.2 282.3 285.7 285.1 280.5 275.9 270 274.1 277.5 282.2 280.3 278.8 275.7 273.4 270.9 268.2 265 261.2 260.1 260 261.4 261.7 259.1
282.2 282.2 282.2 282.2 282.2 282.2 282.2 282.2 282.2 282.2 282.2 288.1 293.2 293.9 295.2 297.8 301.6 304.2 307 309.1 310.1 307.4 305.1 301.4 297.9 296.1 294.8 291.5 287.8 289.4 290.3 293.3 297.1 297.2 296.9 298.6 293 289.2 285.2 285.9 287 288.7 293 290.3 289.2 287.4 286 284.1 282.8 284.3 283.1 285.5 285.9 285 283.8 283.9 291.4 287.4 284.1 278.5 274.2 272.3 271.2 283.2 286.4 281.1 277.5 275.3 273.1 270.6 271.1 266.2 261.5 260.5 259.9 260.8 261.1 260.6
