WholeMapElevations/data/nc/nc65_OST50GRID_20230518/NC65.asc
ncols 200
nrows 200
xllcorner 260000
yllcorner 950000
cellsize 50
[rows 140 to 174 of 200, columns 79 to 157 of 200]
109.5 110.7 111.5 111.6 110.8 111.1 111.7 110.7 110.1 110.8 115.2 115 114.1 111.9 108.7 112.5 114 115.7 115.5 113.5 111.5 108.3 106.5 106.3 106.8 107.1 109.1 110.1 105.3 103.7 102.3 100.9 100.6 99.3 96.7 95.8 97.6 99.4 101.3 102.2 112.7 121.4 125.2 135.3 142.2 146.1 148.3 150.1 153.1 159.8 160.4 162.3 164 166.6 174 171.6 169.8 169.4 170.8 167.4 162.3 157.8 155.7 155.8 155.2 155.3 159.7 164.3 167 169.5 171.6 178.2 179.6 178.9 184.3 185.6 187.6 188.7 189.4
111.3 110.7 111.5 111.2 111.5 112.4 112.8 112.1 111.6 112.4 116.8 116.3 114.8 110.5 111.5 114.4 115.4 116.7 116.6 115.1 113.1 111.9 109.5 111 109.6 111.9 110.7 110.3 106 105.1 104.2 104.5 103.5 101.2 100.8 97.2 98.3 100.3 102.4 107.4 107.6 121.2 126.7 131.2 139.8 145.2 146.3 147.4 149.3 157.3 159.4 160.7 162.8 165.2 170.6 171.3 168.5 167.9 167.3 165.9 162.8 160.5 158.4 157.1 155.8 157.4 158.1 163.3 170.1 174.3 175.6 181.7 183 183.1 186.4 188.9 189.5 190.3 192.2
112 111.3 112.1 112.8 112.7 112.6 113.2 113.2 113.1 113.6 118.2 116.7 115.4 112.1 114.4 116.7 118.6 119 118.4 117 115.6 114.2 113.1 112.8 111.7 112.2 111.5 110 107.3 107.1 107.5 107.2 107.6 105.2 102.1 98.5 99.3 101.4 104.4 111 107 119.8 126.5 131.8 138.3 143.6 143.3 144.9 146.9 156.2 157.2 158.9 160.8 164.1 166.5 171.7 168.6 167.7 167.2 164.7 163.1 162.1 161.2 161.4 160.7 157.1 160.3 164 168.9 177 178.2 183.1 185.7 186.7 188.5 190.8 191.8 192.2 194.3
112.5 112.4 113.1 114.5 114.6 113.8 114.2 114 113.9 114.4 118.7 119.3 118.3 114.6 117.8 119.9 120.8 122.3 121.4 119.9 119.3 117.5 116.9 114.8 113.7 113.7 112.6 112 109.6 110 111 113.2 109.9 107.3 105.5 100.5 99.5 102.2 105.9 110.5 112.9 112.5 123.7 128.7 139.1 140.9 141.7 142.6 146.1 150.8 155.4 155.5 159.1 162.1 166.5 168 169.6 168.7 168 164.9 163.2 163.3 164.3 165.2 164.4 162.5 164.1 165.3 170.2 176.6 179.3 183.6 187 188.4 190.5 193.1 192.7 196 198.6
113 112.9 114.5 114.1 115.6 115.2 115.2 114.8 115.2 115.4 118.9 119.9 119.2 115.4 120.9 123.4 125.1 125.4 124.6 124.3 123.1 120.9 120.4 122.4 118.8 116.5 115.2 112.6 112 113.1 114 112.9 112.6 111.8 108.4 105.3 98.8 103.5 106.7 110.8 119.7 117.3 119.9 121 129.3 140.4 138.2 139.9 143.6 145.1 148.8 148.8 154.2 158.7 163.3 166.9 169.4 173.3 168.7 165.3 164.1 163.9 164.9 167.6 166.2 166.2 165.9 165.8 172.9 174.3 177.6 182.3 185.2 186.8 192.1 194.6 194.9 196.8 201.5
113.7 113.6 116.4 114.4 116.7 116.7 116.5 116.3 115.8 116.3 120.2 121.6 121.2 119 124.4 128 127.5 129.2 127.7 127.8 126.5 125.8 125.5 125.2 121.9 119.9 118.3 115.5 113.7 114.8 115.8 114.5 117.4 113.8 110.8 108.2 102 104.4 106.8 112.6 119.1 121.1 121.2 127.9 127.6 127.8 136.5 136.6 138.3 139.1 144 148.8 153.2 157.1 159.3 166.3 169.8 172.4 175.2 167.3 163.6 163.1 163.9 167 171.1 167.3 166.8 167.2 171.9 176.5 178.7 181.6 182.2 184.4 191.4 194.5 195.7 195.7 201.3
114.3 114.2 116.1 117.1 116.8 117.9 117.6 117.3 116.8 117.2 122.1 124.2 121.4 123.2 132.2 134 136.4 134.3 133.1 130.8 130.5 129.6 129.5 126.1 123.7 121.8 119.5 116.7 116.2 117.4 118.4 118.4 119.4 117.4 115.7 114.6 105.3 104.1 107.6 112 121.2 122.2 122.8 126.2 133.6 134.1 140.3 138.7 138.4 138.8 140.1 144.5 152.1 155.4 158.6 163.2 169.4 172.1 169.4 169.3 162.9 162.4 162.3 162.9 171.4 170.9 168.5 167.9 169.6 174.8 179.2 181.1 181.9 183 186.1 192.3 194.3 195.4 197.7
115.4 115.9 115.6 118.3 118.6 119 118.8 118.4 118.4 119.1 125.3 127.1 123.9 127.8 134.2 136.9 139.6 138.7 137.9 135.2 134.7 133 132 129 126.5 124.6 121.6 119.3 118.5 118.7 119.2 120.3 120.9 122.1 119.1 119 110.8 103.7 108.6 114.2 120.2 121.3 121.6 125.3 131.1 137 139.9 138.7 138.4 138.7 140.5 148.6 152.2 154 156.9 160.6 168.1 171.1 168 162.1 160.9 161 161.6 161.6 163.8 169 167.8 167.2 168.5 172.6 179.1 179.6 180.8 183.5 183.7 185.6 188.9 199 203.6
116.2 116.8 118.3 118.9 119.9 119.3 119.5 120 119.3 120.1 126.6 129.7 130.1 129.1 135.9 142.4 143.8 143 141.4 139.3 139 138.2 136.1 132.3 128.8 125.8 122.9 122.5 121.5 120.7 121 122 123.9 123.5 122 115.7 109.7 105.1 106.7 110 114.8 120.1 118.8 121.5 122.9 128.6 133.6 135.3 138.1 138.9 139.2 145.3 151.5 153.7 155.1 157.3 165.3 170.5 168.8 161 161.3 160.9 160.5 161 162.3 163.3 166.5 166.5 167.1 169.9 173.2 175.9 181.4 184.3 184.5 186.7 189.1 199.5 201.7
119 119.2 120.8 119.7 121.2 120.7 120.6 120.7 120.7 122.2 130.3 133.2 135 131.8 135 142.3 144.6 144.3 143.3 142 140.3 139.8 141.5 136.1 132.6 126.5 124.9 124.1 124.4 123.9 124.9 124.8 125.5 124.6 121 112.2 109 105.9 108.6 110.7 115.8 115.7 118.3 122.3 130.2 136.7 137.3 141.4 140.1 140.3 143.5 146.6 144.5 151.9 154.5 157 160.2 167.6 168.7 161.1 161 160.2 161.3 160.9 160.9 161.6 161.6 165.9 167.1 167.6 169.6 173 175.7 180 183.3 184.9 190.9 195.6 198.5
120.4 121.7 122.4 121.9 121.7 121.8 121.6 121.5 121.9 127.1 131.8 136 137.9 135.3 138.2 144.6 145.4 144.6 143.4 142.3 141.8 139.7 138 135.5 130.7 128.2 126.4 125.8 125.7 126.3 126.9 127.9 129.2 130.3 125.4 114.4 110.6 105.6 109.3 116.4 118.4 121.9 122.3 125.6 129.5 134.2 137.7 138.3 143.8 141.6 149.9 153.2 152.9 154.2 149.7 153.5 157.6 165.1 167.5 161.1 159.5 159.6 161.1 161.6 161.8 161.8 161.6 163.7 164.8 166.7 169.5 169.8 172.6 174.2 179.8 184.6 188.2 195.2 194
123.2 123 123.4 122.9 122.2 123.3 122.8 122.8 122.7 131.1 134.9 138.6 140 139.9 136.6 147.7 146.4 145 144.1 142.5 141.1 139.8 137.8 134.5 131.2 129.6 128.1 127.5 126.9 126.7 127.4 128.7 127.1 126 121.1 114.4 112.1 108.5 109.5 113.5 118.8 124 124.7 127.1 131.9 136.4 140.1 140.5 140.4 147.6 151.8 153.8 154.4 155.1 156.4 156.2 152.5 158.6 164.5 160.8 159.2 160.3 161.8 162 163.1 164.2 163.9 163.9 164.6 166.5 169 170.2 170.4 170.3 176.1 177.6 181.5 189.1 194.7
125.2 124.3 123.9 123.7 123.7 123.9 124 123.8 125.9 132.9 137.6 141.5 142.9 143.3 140.8 147.5 148.7 146.6 144.4 142.5 141.4 140.1 137.1 134.5 132.2 131.3 131 130.1 128.5 127.8 127.9 128.3 122.5 120.4 117.2 113.9 111.4 109.5 109.6 112.6 118.4 124.5 127 129.2 133.6 136.7 140.3 142.6 141.9 142.7 148.4 152.9 154 158.1 158.1 157 155.6 155.2 161.3 160.1 160.2 161.3 161 162.6 164.3 165.1 165.6 164.7 163.6 165.8 168.1 169.7 170.1 170.5 171.2 175.4 183 188.6 191
126.6 124.7 125.5 124.8 125.2 124.4 125 127.7 129.5 135.9 141 144.5 144.9 145.4 144.8 145.6 152.1 148.2 147.3 143.8 141.9 140.2 137.8 135.3 133.4 132.1 131.7 131.1 131.4 129.6 129.6 126.8 123 121.6 116.6 113.9 112.1 110.6 111.2 115 119.9 125.4 128 130.2 134 137.7 140.2 143.4 143.9 143.1 145.1 146.8 152.6 155.1 157 157.1 156.7 156.9 157.4 158.8 160.6 161.8 162.7 164 165.4 166.3 166.8 167.1 164.3 165.7 169.5 171.2 170.4 169.3 169.3 172.5 177.2 184.1 190.7
127.7 127.1 126.7 125 126 126.2 126.9 132.8 133.4 138.3 145.1 147.1 147.4 148.2 148.2 146.9 152 152.9 153.4 149.3 144.1 142.5 139.3 136.5 134.4 133.1 132.6 132.3 131.9 131.9 130.6 125.8 125.5 119.1 116 113.8 112.2 111.4 112.4 119.4 122 127.3 129.2 131.1 134.7 137.5 140.3 143.2 144.5 145.3 146.1 146.7 153 154.9 156.7 157.8 158.4 159.2 159.6 161.1 161.3 162.9 164.1 165.6 166.7 167.5 167.9 168.2 168.6 164.8 172 171.8 170.8 168.1 168.1 169.5 170.2 176.5 188.1
128.4 126.9 127.1 125.9 126.3 127.9 128.7 133.7 136.8 140 148.6 150.1 149.4 148.7 148.3 146.6 151.7 152.5 155.4 148.2 145.6 143.5 140.3 137.7 135.8 134 133.8 133.2 132.4 131.7 131.3 128.2 122.7 120.2 116 114.2 112.5 111.7 115.2 122.1 125.3 128.8 130.9 132.2 135.5 137.9 139.9 144.1 145.4 146.3 149 147.7 156 154.6 156.7 157.9 158.5 159.3 160.7 161.7 162.9 164 166.3 167.8 168.7 168.6 169.3 169.5 169.6 167.3 166.6 169.4 169.9 168.1 168.1 168.1 166.8 169.5 177.1
129.5 128.4 128 127 128.2 129 130.3 136.5 138.1 142.9 149.8 151.7 151.5 150.2 148.8 148.7 151.7 152.7 150.8 148 146.8 145.1 141.8 139.2 137.5 135.3 135.5 134.1 133.3 132.2 129.5 130.3 123.3 119.5 117.1 115.5 113.9 112 117.2 120.8 125.1 129.6 131 133.3 135.9 137.9 140.6 143.3 147.1 147.6 148.4 148.1 149.8 158.2 156.7 157.9 159 160.5 162.3 164 164.2 165.8 168.8 169.2 170.2 171.1 172.1 170.6 170.2 169.3 166.3 168.2 170.6 168.1 168.1 168.1 166.5 169.6 176.7
129.9 130 129.1 129.1 130 130.4 131.4 138.6 140.1 143.5 148.9 151.3 152.2 151.7 150.1 150.9 154.5 156.2 150.9 148.5 147.6 147.7 144.4 142.2 138.8 137.2 136.6 135.5 134.5 133.2 129.4 126.6 123.3 121 119.2 116.7 114.3 114.5 114.8 118.6 123.6 128.8 131.4 132.5 137 138.8 140.2 143.3 147.7 148.7 149.6 149.1 148.8 157 159.1 158.9 159.9 161.7 164.1 167.3 166.3 170 171.7 171.6 171.9 172.1 171.7 171.3 170.1 169.1 167.6 167.3 170.1 168.1 168.1 168.1 168.5 169.8 171.2
130.5 130.1 130.5 131.1 131.4 131.8 132.6 139.4 141.7 146.2 149.3 150.7 152 151.8 151.7 152.5 156 158 155.4 151.1 149.8 148.7 146.9 144.1 141.6 138.9 140 137.6 134.8 133.3 132.5 129.1 125.9 122.5 119.7 118 118.4 119.8 119.2 117.9 121.6 126.1 129.9 131.9 136.4 138.6 140.3 141.4 147 150.7 150.5 149.6 149.5 151.5 160.3 160.3 160.5 161.6 164.8 169.3 170.1 172.8 174.9 174.5 173.6 172.6 172.2 171.5 170.1 168.6 168 168.1 167.8 168.1 168.1 168.1 168.1 168.1 169.2
131.9 131.1 131.8 132 132.3 132.7 133.9 140.2 143.4 145.8 149.5 152 152.3 152.5 153 153.8 156.5 158.7 155.2 152.8 152.5 150.6 149.3 146.9 145.2 141.6 140.6 139 135.2 133.9 131.6 133.2 126.8 122.6 122.7 121.3 123.2 121 121.1 121.8 123.7 125.2 127.9 131.5 136.7 139.2 139.8 140.9 145.9 151.1 154.2 153.1 153.9 155.3 159.2 160.2 161.4 161.5 163 169 172.9 175.2 177.6 176.4 174.8 173.1 172.6 171.7 169.8 168.3 167.5 168.1 168.1 169.9 167.5 168.1 168.1 168.1 168.1
131.9 131.8 132.6 132.8 133 133.8 135.3 138.5 143.9 147.2 150.3 152.1 153.2 154.5 154.9 154.9 156.2 158 164 157.5 156.7 152.7 151.7 149.6 147.2 143.1 140.5 138.2 135.7 133.5 131.6 129.1 129.4 126.4 123.7 122.2 123 123 123 124.5 125.6 124.8 127.6 131.6 134.7 137.3 140 142.2 145.6 151.1 156.3 154.2 154 155.2 159.1 160.6 160.9 161.4 162.2 162.4 172.2 174.5 178.9 178.4 175.5 173.6 173.6 172.6 170.5 168.5 167.8 165.9 168.1 168.1 168.1 168.1 168.1 168.1 168.1
133.5 132.4 133.3 133.6 134.2 135 136.1 137.9 145.1 149.2 151.1 153 154.3 155.8 156.4 156.2 157.8 161.5 164.7 159.3 158.2 154.3 152.7 150.3 147.4 145.2 141.8 138.6 136.3 134.3 134.7 140.4 134.1 129.6 126.1 124.8 123.6 124 125.8 126.1 129.9 127.7 127.8 130.6 133.5 136.8 138.9 143.5 147.2 152.1 157.7 156.1 154.7 156.9 159.8 161.2 161.3 161.5 162.7 164.3 167.4 173.2 176 176.1 174.4 173.2 173.2 171.7 170.5 169.2 166.9 167.4 167.8 168.1 168.1 168.1 168.1 168.1 168.1
132.1 132.9 133.8 133.8 135 136 137 138.4 145.3 151 153 154.2 155.6 157 157.5 157.6 158.9 163.4 165.5 160.4 159.2 157.9 155.7 151.3 147.8 145.4 142 139.5 137.6 136.7 139.2 139.3 136.3 131.6 129.6 129 127.2 125.6 126.7 127.6 128.8 129.9 128.3 130.8 132.4 135.9 136.7 141.1 147.6 152.6 157.8 157.9 156 157 158.9 160.2 161.7 162 163 164.9 168.6 170.4 173.5 173.7 172.8 172.3 172 171.2 170.8 169.5 166.8 168.1 168.1 168.1 168.1 168.1 168.1 168.1 168.1
132 132.7 133.3 133.9 135.6 135.9 137.1 139.8 146.6 150.8 153.6 155.2 157 158.9 158.9 159.1 160.4 161.8 162.3 161.2 160.7 159.9 157.7 155 152.7 146.5 143.3 142.6 139.8 140.2 143.2 145 141.1 134.3 131.8 131.7 130.3 130.8 131.1 130 130.2 130.5 128 130.8 132.5 134.5 137.5 139.5 145.2 151.4 157.1 158.5 159 159.4 158 159.4 164.2 163.2 164.4 166.8 168.8 170.2 169.7 175.6 173.4 171.6 171.2 170.6 170.7 169.9 168.5 167.8 168.1 168.1 168.1 168.1 168.1 168.1 168.1
133.3 132.8 133.1 135 136.2 136.3 138.4 142.2 147.3 152.4 155.7 157.4 159.6 160.5 160.4 160.4 161.2 162.6 163.6 165.4 164.2 161.9 159.8 156.8 152.1 149.2 147.1 146.3 143.9 145.9 147.2 147.1 145.8 139.6 134.6 133.4 134 133.9 135.8 133.2 131 130.9 129.9 130.3 132.1 134.4 137 139.8 143 149 156.8 159.6 160.7 161.3 160.8 163.4 163.8 165 165.9 167.3 169.2 170.6 173.5 176.1 172.4 170.8 170.2 170 170.4 170.9 169.4 168.5 168.1 168.1 170.1 169.4 168.1 168.1 168.1
134.1 133.5 134.6 136.8 137 137.5 139.8 145 149 153.7 157.4 159.7 163.5 162.5 162.2 162.3 163.3 164.3 166.2 170.7 167.2 165 161.9 158.2 154.7 152.3 150.1 148.2 147.2 149.2 150.9 150.8 150.2 144.5 138.6 138.1 136 137.1 137.7 134.5 132.3 132.5 130.9 129.5 132.3 134.6 136.4 138.3 141.6 145.5 153.8 158 161 161.5 160.8 162.1 165.2 168.4 166.3 168.1 170.2 171.6 171.9 172.8 173.8 170.2 169.8 169.2 169.7 170.4 170.7 169.7 169.5 168.2 167.7 168.9 168.1 166.2 171.5
133.7 134.4 135.5 138 138.6 138.7 142.1 146.1 150.9 156.2 159.9 162 165.1 164 164.2 165 165.8 168.6 170.5 171.4 171.3 169.1 164.2 161.4 158.1 155.5 154.3 153 149.2 153.1 155.6 154.6 153 149.1 142 141 142 139.5 145 144.8 138.3 136 133.4 131.5 131.6 134.6 136.5 137.9 140.5 143.8 148.6 156.9 161.1 161.5 161.2 160.5 161.9 169.9 169.9 169.1 171.5 172 170.2 174.1 175.1 170.4 169.5 168.4 169.1 170 170.6 170.6 170.3 169.1 169.1 169.8 166.3 168.1 167.6
134.1 135.5 136.8 138.6 141.1 140.3 144.3 149 152.5 158.3 161.4 166.6 168.8 167.2 166.8 167.6 168.7 170.2 171.8 172.6 172.8 169.8 165.5 162.5 160.6 158.4 158 159.4 151.8 155.3 161.3 159.2 157.8 154.4 147.2 145.2 145.7 146.5 145.3 146 144 142.5 136.4 133.3 131.9 134.3 137 138.1 140.2 142.4 145.1 152.3 161.4 163.8 161.9 160.2 159.9 161.8 170.5 168 170.1 169.6 169.2 169.4 171.9 170.4 169.3 168.4 169.1 169.1 170.1 171.2 170.6 170.5 170 170.5 173.7 167.4 166.8
135 135.8 138.1 140.5 142.5 143.3 147.5 151.7 155.3 160.6 164 170.8 172.3 170.5 170.4 170.2 171 172.3 173.5 175 174.1 170.2 166.6 164.6 162.7 161.2 161.2 158.5 157.4 156.3 164.8 162.5 162.3 159 154.9 150.6 149.9 153.6 153.6 152.3 150.3 147.7 146.1 139.3 133.9 132.6 136.9 138.3 140.2 143.2 144.7 147.6 156.2 160.7 160.1 159.5 159.4 159.8 161.8 165 170.9 169.7 169.3 168.8 170.5 170.9 169.4 168.8 169.1 169.1 169.7 170.9 171.2 171.5 171.9 175.4 176.9 179.2 172.5
136.9 138 140.8 143.4 144.1 149.2 152 154.5 158.5 162.2 168.8 175.2 176.6 172.5 172.3 172.9 173.1 174.1 175 175.9 174.4 171.2 168.4 166.8 165.3 163.3 162.2 159.3 155.8 162.6 167.8 167.6 166.1 162.2 159.7 159.1 154.6 157.1 158.8 158.9 155.7 153.7 150 146.2 137.6 133.9 135.5 137.9 141.4 145.5 146.4 148.7 149.7 152.5 155.1 157.4 158 158.9 162 163.8 165.8 169.7 169.4 169.2 168.3 169.1 169.7 169 169.1 169.1 169.1 171.4 171.2 171.9 174.8 178.2 185.2 190.2 191
139 140.2 143.5 145.5 146.7 152.3 155.8 157.4 161 164.3 173.4 180.8 177.9 174.8 174.4 174.2 174.7 176.3 177.6 176.5 175 172.1 169.6 169.6 167.6 164.2 162.6 160.7 157.2 165.2 171.6 172.4 171.4 168 164.4 164.2 163.8 161.4 168 168.2 163.4 159.1 154.7 149 142.7 137.3 136.3 138.7 146 146 146.3 149.2 152.2 155.7 156.2 156.3 157.2 159.5 161.9 163.2 164.6 168.7 170.6 168 168.1 168.9 169.1 169 169.1 169.1 169.1 168.8 171.6 174.2 179.7 187.7 190.3 197.7 208.1
144.7 144.3 146.4 147.5 153.2 156.3 159.1 161.3 164.4 168.3 176.8 181.4 183.4 176.7 175.7 176.6 177.3 179.3 179.3 177.8 175.5 173.5 172.7 173 169.3 165.3 163.2 161.1 159.4 170.1 175.3 177.5 179 177.5 173.7 171.6 171.1 170.5 174.7 178.6 173 166.5 161.1 154.6 146.4 139.6 137.7 138.9 141.1 145.9 146.2 149.1 151.8 159.1 156.9 155.2 159.1 158.9 160 165.1 162.1 165.9 167.4 167.2 167.4 167.5 168.1 168.4 168.4 169.1 169 169.5 170.6 172.8 181.1 189.2 194.7 196 204.9
146.4 146.9 151.8 150.1 159 160 162.6 165.3 168.3 174.7 181.1 188.9 188.3 178.9 176.9 177.3 180.8 180.8 180.3 179.4 176.1 175.5 176.9 177.9 172.9 166.2 163.7 161 168.2 175.7 181.2 184.5 188.2 187.7 184.1 180.4 180.4 179.6 180.3 188.4 183.8 177.2 176.1 162.4 154.1 144.1 139.1 140 139 142 143.7 147.2 152.8 157 156 154.4 154.9 158.9 158.1 160.9 159.4 160.6 164 165.1 165.6 166.7 166.3 167.9 167.9 169 169.2 168.5 170 171.8 175.9 185.2 195 197.6 204.8
149.4 149.3 153.6 153.5 160.1 162.5 165.6 169.9 173.9 179.4 185.8 193.1 193 182.1 178.4 180.8 182.1 182.4 181.3 179.5 178.7 181.1 182.6 180 173.6 168.4 164.5 164.5 173.8 179.6 184.9 191.4 197.1 197.4 194.7 191.7 189.4 190 192.7 195 197.7 193.4 185.4 171.2 160.4 152.4 140.4 141.5 141.7 141 142 143.8 148 154.6 157.6 155.3 153.5 153.7 155.2 157.3 160.8 160.7 164.2 162 163.6 164.1 166.9 167.6 167.7 167.4 168.5 168.8 169.4 171.4 173.2 176.8 188.6 199.2 204.1
152.8 157 156.4 161 161.3 166.6 170.7 175.6 178.9 184.4 191.8 196.3 197.1 185.4 182.1 183.9 185.5 184.5 182.5 180.3 182.7 186.2 186.1 183.8 177.9 170 165 168.8 177.6 183 189.8 198.8 206 208.7 206.5 203.4 199.9 197.6 201 200.4 207.7 202.9 195.9 179.4 163.2 156.1 144.8 143.3 143.3 143.2 141.9 143.8 146 148.8 155.1 156.8 152.8 153.4 155.7 156.2 159.3 158.6 159.7 164.8 166.5 164.9 164.8 165.8 166.6 166.8 169.2 170.2 171.1 172.6 173.4 175.3 180.1 193.7 199.6
