WholeMapElevations/data/ss/ss22_OST50GRID_20230518/SS22.asc
ncols 200
nrows 200
xllcorner 220000
yllcorner 120000
cellsize 50
[rows 148 to 184 of 200, columns 83 to 165 of 200]
97.4 102.9 107.6 112.7 117.4 120.4 121.4 122.3 122.8 123.4 122.7 121.7 124.5 128.5 131.5 134.2 135.7 136.3 138 139.8 141.7 143.4 144 144.2 144.6 144.6 144.7 144.7 145.2 145.7 145 144.4 144.3 143.9 142.4 143.2 143.2 142.4 142 143.3 145.5 146.7 148.2 150.5 152.7 155 158.7 162.2 165.3 168.4 171.6 174.2 176.4 179 180.4 181.4 182.5 183.5 183.8 183.5 182.8 181.5 180.3 180.1 180 181.2 182.5 183.6 185.7 187.6 189.4 191 192.8 194.5 196 197.1 198.1 198.9 199.9 200.4 200.6 201.1 200.9
83.5 90.5 95.1 99.3 102.4 103.7 106.2 104 104.6 107.2 111.8 115.4 121.8 125.3 128.2 130.4 132 132.6 134.3 137 139.7 141.5 142.9 144.5 144.9 145.6 145.6 145.7 145.8 145.6 144.9 144.2 142.1 140.7 140.7 137.3 138.4 140.9 142.9 143.6 144.1 145.7 147.1 148.7 150.7 153.7 156.6 159.7 163.1 166.7 169.9 172.5 175.2 177.8 179.9 181.6 182.8 184.3 184.4 184.1 183.8 182.7 182 181.8 181.8 182.3 183.6 184.8 185.9 186.9 188.5 190.1 191.4 192.8 195.4 197.3 198.1 199.1 199.9 200.2 200 199.9 199.7
104.1 99.3 96.4 98.5 93.9 95.7 99.2 101.2 100.5 97.5 98.4 107.2 114.7 120.9 124.1 126.3 127.8 128.8 130.8 133 135.5 138 139.5 140.9 142.9 143.9 144.7 145 145.6 145.2 144.9 142.4 141.5 138.7 136.1 139.2 141.5 142.8 144.2 144.8 145.6 146.7 147.2 148.2 150.2 152.6 155.8 157.8 161.4 164.9 168.4 171.3 174.2 176.6 178.7 180.6 182.4 183.6 184.4 184.7 184.3 183.8 183.5 183.3 183.1 182.4 182.6 183.7 184.8 185.1 186.4 187.8 189.2 190.6 192.8 195.4 197.4 198.8 199.6 199.7 199 198.7 198.4
109 108.7 108 107.8 106.9 106.4 108 110.6 111.4 109.9 108.3 100.6 102.4 109.6 117.9 121.6 123.3 124 126.3 128.8 131.4 133.7 135 136.3 138.3 140.1 141.2 142.7 143.3 143.3 142.5 141 140.2 136.4 135.6 141.9 144.6 146.5 147.2 147 147.5 148.2 149.1 149.1 150.2 152.3 154.4 157.3 160.1 163.3 166.6 169.8 172.9 175.3 177.6 179.5 181 182.4 183.2 183.7 183.8 184 184.3 183.9 184 183.3 182.4 182.7 183.3 183.7 184.4 185.5 186.6 188 190.6 192.8 194.7 196.8 198 198.4 198 198.4 198.1
110.7 111.9 112 111.6 112.8 113.3 114.1 115.9 117 117.3 117.2 116.4 112 106.7 105.9 103.7 105.6 110 117.8 123.4 126.9 129.3 131 132.5 134 135.7 137 138.7 139.7 138.8 137.3 134.7 129.5 132.5 138.5 143.8 146.5 148.7 150.5 150.7 150.9 150.9 151.1 150.7 151.1 152.5 154.2 156.8 159.6 162.5 165.3 168.3 171.4 174 175.9 178.3 179.7 181.1 181.9 182.6 182.9 183.1 183.3 183 182.8 182.8 183 182.1 181.8 181.7 182.8 183.7 185 186.3 187.8 190 192.6 194.4 196 196.3 196.3 197.7 198
111.5 113.8 115 116.5 117.5 118.6 119.5 120.2 121.4 122 122.1 121.2 119.3 117.3 117.4 116.1 114.1 116.3 111.2 109.2 115.5 119 121.8 127.4 130.2 131.6 132.5 134 135.3 134.5 128.7 126.8 133.9 137.9 141.4 145.1 146.7 149.1 150.4 151.5 151.7 152.1 152.4 152.4 152.2 153.6 155 156.7 159 161.3 164.1 167.1 170.1 172.5 175 176.9 178.3 179.7 180.6 181 181.9 182 181.8 181.6 181.4 181.4 181.6 180.4 179.9 180 180.7 181.1 182.5 183.8 186.1 187.6 189.9 191.2 193 193.8 195 196.3 196.9
107.2 112.6 115.3 117.7 119.7 121.2 122.4 123.5 124.1 125 125.4 125.1 124.4 124.8 125.8 126.6 127.2 127.4 126.8 122.6 120.6 115.9 113 113.1 114.9 117 117.3 118 118.6 121.2 122.6 131.7 135.6 139.6 142.6 145.2 146.7 148.4 149.7 150.9 151.6 152 152.4 152.7 153.1 154.1 155.7 157.6 159.4 161.1 163 165.8 167.9 170 172.9 174.6 176.5 178.2 179.2 179.7 180.6 180.6 180.3 180 179.9 180 179.4 178.8 178.1 178.4 178.2 178.9 179.8 181.6 183.5 185.8 188.2 189.6 190.7 191.8 192.9 194.2 195.6
97.5 107.8 113.5 117.7 120.3 122.6 123.8 124.9 125.9 127.1 128.1 128.4 128.5 129.2 129.9 130.7 130.9 131.3 131 129.9 128.4 126.3 123.4 120 116.9 117.3 120.1 122.5 123.1 124.4 122.4 121.3 127.5 134.7 138.9 142.6 145.1 147.3 148.9 149.8 150.6 151.3 151.7 152.2 152.6 153.7 155.4 157.6 159.2 161.1 162.9 164.5 166.3 168 170.8 172.2 173.6 175 176.5 177.1 178.7 178.7 178.5 178.4 177.9 178.4 178.1 177.1 176.3 175.7 175.7 176.1 177.6 179.6 181.7 184.1 186.1 187.5 188.6 189.6 191 192.5 193.6
89.1 103.7 112.5 117.9 122.1 124.3 125.8 127.8 128.7 130 131.3 132 132.9 133.5 134 134.2 134.2 134.7 134.2 133.2 131.9 129.7 127.7 126.4 123.9 120.7 125 127.6 130 131.5 131.5 128.7 126.2 124 129 136.2 140.4 143.7 145.7 147.5 148.5 149.7 150.3 150.8 151.6 152.7 154.2 156.7 158.4 160.4 162.3 163.8 164.8 166.6 167.5 169.2 170 171.4 172.2 174.1 175.5 176.1 175.8 175.1 175.8 176.8 177.1 176.2 174.3 171.9 173.7 175.9 178.1 179.3 180.6 182.3 183.8 185.4 186.7 188.2 189.8 191.1 192.3
99.7 92.3 109.6 117 121.6 124.2 127.1 129.4 131.3 133 134.2 134.9 135.8 136.6 137.2 137.5 137.7 137.6 137.2 136.2 134.4 133.6 131.3 129 124.7 126.9 126.7 128.7 132.2 133.8 135.3 135.4 134.3 132.3 129.9 127 133.1 139.3 141.9 144.1 145.6 146.9 148 148.7 149.4 151.2 152.7 154.4 156.8 158.9 160.9 162.1 162.8 163.2 164.2 164.8 166.1 167.8 167.9 170.4 172.1 173.1 172.1 171.4 173.9 174.8 174.6 173.6 172 172.7 175.2 176.4 178.8 181 182.6 183.7 184.6 185.5 186.5 187.9 188.9 189.9 191
107.9 96.9 99.3 113.1 119.3 123.7 126.7 129.3 131.8 133.8 135.6 137 137.4 138.6 139.4 139.7 140.3 140.2 139.8 138.7 136.9 135.7 133.4 130.8 128 129.8 131.4 130.3 132.7 135.8 137.8 138.3 138.3 138 136.4 133.7 130.6 130.8 136.4 140.3 142 143.4 144.3 145.2 146.3 148.4 150 151.6 153.9 156.1 158.3 158.6 158.3 158.8 158.6 159 161 161 162.8 165.6 167.6 165.4 166.8 165.5 167.9 170.1 168.4 168.9 165 166.5 174.8 176.5 178.6 180.6 182.9 184.5 185.1 185.7 187.1 187.9 188.5 189.3 190.7
112.4 105.8 95.2 107.4 116.3 120.8 125.5 128.5 131.3 133.9 136.2 137.3 139.2 140 141.2 142.3 141.9 141.7 141.5 141 139.4 137.7 135.8 132.8 130.9 131.9 133.6 134.5 134.1 135.8 138.3 140.2 141 141.1 140.6 139.1 136.2 133.4 130.6 133.7 136.2 139.1 140 140.5 143 145.1 146.9 148.1 150.4 153.3 155.1 152.3 148.9 153.8 154.7 152.6 155.4 154.1 153.6 155.2 158.6 159.4 162.6 167.1 167.5 166.1 168.2 168.8 169.1 165.9 173.5 176 178.3 180.4 182.3 184 185.3 186.2 187 187.7 188.2 188.8 189.7
118.3 111.6 100.4 105.1 115 120.8 125.5 128.5 131.5 134.1 136.5 138.3 140.2 142 142.8 144.3 144.2 143.8 143.4 142.6 141.5 140.2 138.6 136.5 135.4 136.4 136.4 137.2 137.6 137.4 139.4 141.7 142.7 143.3 143.1 142 139.9 138.1 136.4 133.5 133.7 133.6 135.2 135.3 138.2 139.4 141.6 143.4 145.8 147.9 150.3 150.1 150.4 153 155.4 156.7 157.9 159.1 160.3 162.1 167.8 168.7 170.4 169.6 170.6 171.1 172.5 172.4 171.6 169.8 171.4 173.5 175.6 177.7 180.8 183.4 184.8 185.8 186.7 187.5 187.8 187.7 187.5
124.8 115.7 104.3 101.2 110.9 116.9 122.6 126.7 130.3 133 135.9 138.3 140.4 142 143.3 145 145.4 145.4 144.8 143.9 142.8 141.6 140.5 139.6 139 138.9 139.7 140.1 140.5 140.9 141.8 143.7 144.6 145.4 145.5 144.5 142.9 141 139 137.7 137.6 137.8 137.7 137.8 138.8 138.7 138.9 140.4 142.6 144.2 146.1 147.4 151.7 155.4 158.4 160.7 162.4 164.2 164.6 165.4 170.1 170.5 170 170.3 174 176 176.3 175.6 173.9 172.3 172.6 172.5 174.3 177 180.2 183.1 184.2 185.2 185.7 186.2 186.7 186 185.8
128.3 121.5 107 99.6 113.8 119 122.4 125 128.1 132 134.3 137.2 139.1 141.3 143.8 144.6 145.1 146.1 146.1 145.1 144 142.8 142.2 141.7 141.2 141.1 141.8 142.5 143.3 144.2 145.1 146 146.9 148.1 148.1 147.5 146.1 144 142 140 140.6 139.4 140.8 141.8 141.9 142.2 142 143.4 145.6 148.1 150.6 152 152.8 155.6 160.2 163.5 166.1 168.5 170 169.7 171.8 173.2 175.2 178.2 179.7 180.1 179.8 178.6 176.7 174.8 172.9 172.8 174.6 177.8 180.8 183.4 184.6 185.7 185.6 185.4 185 184.4 184.1
130.5 125.2 113 99.2 115.1 122.1 125.8 128.6 131.3 133.8 136.2 137.7 139.5 140.2 142.6 143.7 145.1 146.5 146.7 146.6 146.8 145.4 145.3 144.9 144.8 144.6 145.3 145.8 146.7 147.1 147.7 148.7 149.6 150.5 151 150.5 149.2 147.2 145.2 143.5 142.6 142.5 143.3 143.9 144.6 145.2 145.4 144.6 147 149.9 152.4 154.3 156 157.3 160.9 165.6 168.1 171.4 173.3 173.8 175.1 176.6 180.4 182.7 184.5 184.1 183.3 181.4 179.5 176.6 175.5 174.5 176 177.7 180.9 183.7 185 185.7 184.6 185.4 184.3 183.3 183.2
131.4 126.6 118.6 104.3 110.2 121.1 126.5 131 133.7 136 138.2 139.5 140.7 141.5 143.3 145 145.5 146.1 147.5 146.8 147.8 147.7 147.6 147.6 147.4 148.4 149 149.1 150.3 151 151.3 151.9 152.6 153.3 153.8 153.5 152.4 150.4 148.4 146.5 145.9 145.8 146.1 147.2 148.2 148.5 148.1 147.7 149.7 153.6 155.4 157.6 160.2 162.1 163.4 167 171.5 175.5 178 178.7 180.5 184 184.8 187.6 188.7 188.5 187.5 185.1 183 180.8 179.9 179 179.4 178.5 181.4 184.7 185.8 185.7 186.2 184.2 183.3 182.5 181.8
127.3 119.8 115.4 111.2 103.9 120.1 127.8 132.3 135.3 137.7 139.5 141.3 142.4 143.3 144.1 144.4 145.3 146.6 147.2 147.9 148.3 149 149.3 149.5 149.8 150.7 151.8 152.6 153.8 154.9 155.6 156.6 157.5 158.2 158.1 157.4 155.8 153.3 151.1 149.8 149.2 149.4 150.4 151.5 152.9 153.6 153.7 152.4 152.4 156.3 159.3 161.7 164.3 167.5 169.8 170.4 176 179.4 182.4 184.2 187.2 189.4 191 192.1 193.6 193 192 189.8 188 186.4 184.8 183.4 182.1 181.6 183.1 186.1 186.2 186.3 186 184.6 183.3 182.1 181.7
132.5 129 126.5 118.9 108.7 113.1 126.7 132.4 135.7 138.2 139.9 141.2 142.3 143.4 142.9 143.8 144.4 144.8 145.8 146.9 147.8 149 150.5 151.6 152.8 154.1 155.3 156.2 157.2 158.2 159.9 160.7 161.1 161.3 161.6 160.8 159.5 157.6 155.1 153.8 153.1 154.5 155.3 156.1 157.7 158.7 158.7 157.4 155.5 160.1 163.8 166.9 169.5 172.6 175.4 177.3 179.4 183.3 186.5 189.5 191.6 193.8 196.1 197.2 198 197.4 196.4 195.4 194 192.7 191.9 190.1 188.4 186.4 186.6 187.8 187.9 187.6 186.1 184.6 183.2 181.9 180.4
136.8 134.1 130.1 124.7 114.7 105.6 120.1 128.4 133.5 136 137.2 138 138.5 137.5 138.1 138.1 139.4 140 141.8 143 144.7 146.8 149.6 151.4 153.2 155.2 156.8 158.3 159.4 160.7 162 163.1 163.7 164.2 164.6 164 162.9 161.8 161 159.8 158.8 159.7 160.1 160.7 162.4 163.7 163.5 162.4 160.3 164.2 167.9 171.3 174.4 177.6 180.3 182.3 184.5 187.3 190.3 193.4 195.9 197.9 199.6 200.4 201.3 201.2 200.7 199.9 199 198.1 196.4 194.6 192.9 191.2 189.3 190 189.3 188.2 186.8 184.6 183.2 182 180.3
141.8 139 135 129.8 122.3 113.2 110.1 117.6 123.4 129.9 133.3 133.7 133.1 128.7 123.3 123 125.1 127.8 132.9 137.4 140.8 144.6 148.8 151.6 153.7 155.6 157.2 159 160.2 161.9 163.1 164.4 165.6 166.6 167.4 167.9 167.9 167.1 166.3 164.5 163.8 163.4 164.2 165.3 167.2 167.8 168.1 168.2 166.6 166.9 171.9 175.2 178.3 181.8 184.6 186.8 189 191.5 194.5 197.3 199.4 201.2 203.1 203.7 204.8 204.5 204 203.2 202.4 201.2 199.5 198.1 196.4 194.8 193.2 191.6 190.7 189.3 187.7 185.2 183.4 182.3 180.9
146.3 143.8 140.2 136.5 131.4 123.7 116.7 114.5 113.3 111.8 113.8 116.3 117.6 119.1 123.1 126.4 126.8 125.6 125.1 129.8 137.4 142.3 146.7 150.3 152.3 154.8 157.3 159.2 160.8 162.6 164.4 165.8 167.2 168.1 169.1 170.8 171.5 170.5 169.7 167.7 167.4 168.1 169.3 170.6 171.3 172.1 172.9 172.3 171.6 171.1 173.3 178.2 181.6 184.9 188 191.2 193.5 195.7 198.5 200.7 202.7 204.6 206.1 206.6 207.1 206.9 206.6 206.2 205.4 204 202.3 200.7 198.9 197.2 195.8 194 192.2 190.1 188.1 186.1 184.2 183 182
150.2 147.6 144.7 140.9 136.9 131.9 125.1 120.9 121.1 116.9 120.4 122.3 124.8 129.1 133 134.9 135 134.4 130.9 127.2 132.3 140.4 143.9 147.9 150.7 153.1 155.6 157.8 160 162.3 163.7 165.3 167.1 168.5 170.4 171.9 172.9 174.2 173 173.6 174.2 176.7 177.7 178 178.2 178 177.7 177.1 176.5 176.3 177.1 180.2 184.1 187.5 190.3 193.9 197.2 199.2 202 204.1 205.8 207.4 208.3 208.1 209.4 209.1 208.8 208.6 207.7 206.4 204.7 202.7 200.8 198.9 197.5 195.6 193.2 191.2 189.1 187.1 185.6 184.3 183.3
152.2 149.4 145.9 141.7 137.4 132.2 129.8 129.2 126.9 119.8 123.5 129.9 132.6 135.6 137.4 139.1 140.2 139.4 138.4 134.4 129.9 133.8 142.1 146 149 151.6 154.2 156.4 158.8 161.1 163.3 165.6 167.2 169.2 171.1 173 174.6 176.1 176.7 178.8 180 181.9 183.4 184.5 184.1 184.1 184 183.3 182.6 182.5 182.4 183 186.3 189.2 192.2 195.3 198.4 201.3 203.8 205.7 207.4 209 209.8 210.4 210.8 210.8 210.8 210.1 209.2 207.9 206.3 204.6 202.5 200.4 198 195.8 194 192.2 190.1 188.3 187 185.8 184.6
153.8 150.8 147.8 143.8 139.9 137 134.9 133.1 128.4 121.2 125.7 130.5 132.8 136.7 139.7 142 142.5 142.7 142.4 138.1 135.3 131.2 136.8 144.5 147.9 150.6 153.2 155.2 157.6 159.9 162.6 165.4 167.9 169.9 172 174.2 176 177.5 178.7 180.9 182.3 183.9 186.1 187.5 188.3 189.3 189.1 188.5 186.9 186.2 187 187 188.9 191.8 194.4 197.2 200.1 202.3 204.4 206 207.4 208.3 209.6 210.4 211.1 211.5 211.2 210.6 209.5 208 206.6 204.7 202.6 199.8 197.3 195.8 193.2 191.6 190.5 189.3 187.9 186.6 185.2
154.7 152.3 150 147.3 144.3 140.9 138.5 135.9 128.5 126.6 131.9 133.8 135.5 137.9 141 143.6 144.8 145.1 144.8 143.5 136.9 136.8 135.2 136.3 142.7 147.8 150.7 152.5 154.8 158.2 160.6 163.3 166.8 169.9 172.3 174.7 176.7 178.5 180.3 181.5 183.7 185.2 186.6 188 190 191.1 191.8 191.4 190.7 189.8 190.2 190.3 192 194.4 196.8 199.5 201.4 203.2 204.7 206.1 206.7 207.6 208.6 209.2 209.7 210.4 210.5 210 209.4 208.2 206.8 204.7 202.1 199.7 196.6 194.5 192.4 189.5 187.5 186.4 185.3 184.1 182.5
157.4 155.4 153.4 150.8 148.1 145.1 142.1 138.8 129.6 134.2 136.1 137.3 139 141.8 144.7 145.8 147.4 147.8 147.2 144.8 139.2 142.3 143 140.4 138.3 139.5 143.4 144.4 149 153.2 156.1 159.4 164.2 167.8 171.1 173.3 174.9 177.1 179.1 181.1 183 184.1 185.4 187.4 188.9 190.3 191.3 191.6 191.3 191.6 192.4 193.7 194.5 196.3 198.7 200.3 201.8 203.2 204.7 205.5 206.1 206.8 207.2 207.3 207.9 208.7 208.8 208.7 208.8 208 206.9 205.5 203.5 201.1 199.1 196.6 193.8 191.3 189.2 187.5 185.7 184.5 182.6
159.4 158.1 156.1 153.6 151.2 148.3 145.1 141.7 130.5 139.8 141.7 142.3 143.7 145.6 148.1 148.9 150.4 150.4 149.1 145.2 141.5 145.1 146.3 145.4 144.5 144.9 147.5 149.8 148.1 144.7 149 153 159 163.5 167.2 170.1 171.7 173.8 176.7 179.2 181.1 182.6 184.1 186 187.5 188.9 190.1 190.8 191.1 191.8 193 194 196.1 197.7 199.2 200.1 201 202.5 203.2 204.1 204.5 204.6 204.8 205.5 205.9 206.3 207.2 207.6 207.7 207.6 206.9 205.7 203.9 202.6 201.2 199 196.5 194.2 192.7 191.2 189.7 188.4 186.5
161.5 160.1 158.8 156.3 153.9 150.7 147.4 138.8 137.2 145.6 147.2 147.2 147.9 149.8 151.7 153.2 154.6 154.8 152.6 146.5 143.7 147 148.1 148.6 148.4 149.2 148.8 152.8 154.2 154.3 152.8 152.6 151.3 155.2 161.4 165.1 167.9 169.7 173.9 177 178.9 180.5 182 183.6 185.3 186.7 187.5 188.5 189.6 191.5 192.4 193.6 196.1 197.7 199.3 200.2 200.5 201 201.8 202.3 202.3 202.4 202.3 202.9 203.7 204.8 205.7 206.4 206.6 206.6 206.3 205.9 204.7 203.3 202.2 200.4 198.6 196.7 194.9 193.4 191.8 190.5 188.6
163.7 162.3 161 158.6 155.5 152.2 148.7 138.6 142.2 149 151.5 152.8 153.9 155 155.8 156.5 157.8 158.4 156.9 145.5 147.7 152.7 152.9 153.1 152.7 152.8 152.9 153.8 156.3 157.8 158.8 159.3 159 157.6 156.2 155 159.3 164.5 169.3 172.9 175.1 177.1 178.6 180.4 182.8 184.2 185 186.2 187.6 190.1 191.8 193.5 195.2 196.7 197.9 199 199.3 199.9 200.3 200.4 200.5 200.3 199.9 200.7 201.7 202.7 204 205.1 205.6 205.6 205.2 204.7 204.2 203.7 202.8 201.3 199.5 197.7 195.5 194 192.7 190.6 188.6
166 164.7 163 160.3 157 153 147.7 139 148.1 153.2 155.9 158 159.3 160.1 160.5 160.9 161 160.5 157.8 148.5 152.9 156.9 157.4 158.4 158.9 159.6 159.5 159.2 159.8 160.1 161.2 161.8 162.2 162.1 161.4 161.4 160.2 158.1 162.6 165 166 167.9 170.8 173.8 177.5 180.5 181.2 183.3 185.6 188.1 190.7 192.3 193.7 195.4 196.3 197.4 198.1 198.4 198.5 198.5 198.4 197.9 197.5 198.2 199.4 200.7 202.1 203.5 204.1 204.5 204.2 204 203.7 202.9 201.5 200.7 199.5 197.7 196 193.9 191.9 190.2 188.2
168.3 167 164.9 161.9 158.4 154.3 151.1 146.6 148 154.3 159.3 161.9 162.9 164.1 164.7 164.8 164.5 163.2 159.2 151.1 155.2 159.2 160.9 161.8 162.3 162.8 163.1 163.9 164.8 166.1 166.2 167.2 167 166.8 165.6 165.9 165.3 164.7 163.4 166.7 167.8 168.2 168.3 168.7 171.6 172 175.1 178.7 183.7 186.2 188.5 190.3 192.3 194.2 195.1 196.1 196.8 196.3 196 195.9 195.6 195.3 195.1 195.6 196.9 198.3 199.9 201.3 202.1 202.7 202.4 202.1 201 200.8 200 198.2 196.6 194.9 193.2 191.7 190.4 189.1 187.3
169.9 168.8 166.3 163.1 161.7 159.3 156.8 153.1 150.2 157 161.6 164.3 166.5 167.4 168.3 168.1 167.6 166.2 161.6 153.6 157.7 161.7 163.8 165 165.4 165.8 166.5 168.2 169.2 170.1 170.8 171.2 171.7 171.7 171.2 170.7 170.5 169.4 167.7 170 172.4 173.2 173.9 172.3 173 175.8 177.4 178.7 181.1 184.4 186.2 188.7 190.8 193 193.9 195.2 196 195.5 194.6 194 193.2 192.9 192.7 193 194.1 196 197.6 198.8 199.7 200.2 199.9 198.3 198 197.6 197.1 195.2 193.8 192 190.5 189 187.5 185.8 184.3
171.2 170.3 169 166.5 164.7 163.2 161 157.9 154 158.6 164 167.8 170.7 172.1 172.8 172.6 171.8 169.1 165.4 158.4 158 163.6 166 167.8 169.2 169.8 171.1 173 174.5 176 176.8 177.3 178 177.7 176.4 175.6 175.4 174.2 172.3 173.5 175.6 177 177.7 175.7 173.9 177.6 179.7 181.3 182.6 184.1 185.1 186.8 189.3 191.4 192.9 194.1 194.5 194 192.9 192.4 191.5 190.5 190.3 190.5 191.5 192.8 194 195.5 196.4 196.1 195.9 195.3 194.7 194.4 193.8 192.6 190.8 189.3 187.8 186.3 184.5 182.7 181.3
172.8 173.2 171.7 169.9 169.1 168.2 165.6 162 156.7 159.7 165.2 170.1 173.5 175.8 176.8 177.1 174.7 171.7 168.1 162 156.8 164.3 168.1 170 172.2 174.1 176.3 178 179.4 181 182.5 183.7 183.9 183.8 181.9 180.9 179.4 177.9 176.9 177.1 178.6 180 180.2 179 176.3 179.2 182 184.3 186 187.2 188.3 189.5 190.2 191.2 192.5 193.7 192.8 192.3 192.3 190.7 189.6 188.4 188.3 188.8 190 191.3 192.3 192.9 193.5 193.2 193 192.7 192 191 189.9 188.8 187.1 185.9 184.7 183.8 182.2 179.8 178.1
175.6 176 174.4 174 173.2 172.4 170.2 166.9 162.8 164.1 167.4 172.5 176 178 179.4 179.9 177.7 173.6 170.2 166.5 161.7 156.2 168.8 171.8 174.8 177.1 179.1 181.1 182.9 184.6 186.3 187.6 188.6 188.8 188.5 186.8 184.1 182.1 180.9 180.6 181.7 182.1 182.1 181.1 179.2 180.2 183.7 185.8 187.2 188.6 189.7 190.6 191.3 191.9 192.7 192.8 192.3 192 191.2 189.8 188.4 186.8 186.6 187.3 188.6 189.5 190.4 191 190.7 190.7 190.3 189 187.8 186.7 185.5 184.4 183.4 182.9 182.4 181.4 180.2 178.8 177.1
179.4 179.1 178.6 178.3 177.9 176.8 174.9 171.6 167.3 168.5 170.5 174.9 178.6 180.9 183.3 183.1 180.9 176.3 171.9 168.8 166.6 165.5 165.3 169.8 173.4 176.5 178.9 181.2 184.1 186.1 188.3 190.2 191.7 192.5 191.8 190.3 188.7 186.5 185.4 183.5 184.4 184.1 183.5 182.9 181.1 182.1 185 187.1 188.4 189.7 190.3 190.6 191.1 191.5 191.7 191.4 191.3 190.7 189.9 189 187.2 185.7 185 185.6 186.5 186.4 186.7 186.5 186.7 186.7 185.9 184.8 183.6 182.4 181.8 181.3 180.8 180.4 179.9 178.6 177.1 176.5 175.6
