WholeMapElevations/data/sx/sx69_OST50GRID_20230518/SX69.asc
ncols 200
nrows 200
xllcorner 260000
yllcorner 90000
cellsize 50
[rows 0 to 34 of 200, columns 0 to 77 of 200]
97.5 105.4 106.6 110 118.1 124.4 128.3 130.3 131.7 132.4 133.6 136.2 137.6 139.2 138.7 138.4 137.2 135.1 132 128.8 126.7 121.4 123.2 127.8 131.1 133.5 135.1 136.4 137.9 139 139.6 140.3 139.7 137.6 134.7 137.5 140 142.8 144.3 145.5 146.6 146.9 151 152.5 155.8 158.6 161.4 162.4 162.6 162.4 162.2 163.3 165.3 166.8 168.4 169.2 168.7 167.1 164.5 162.1 159.5 157.2 154.6 152.5 149.5 146.9 144.3 142.3 141.3 142.8 144.1 144.7 145.1 144.5 143.3 145.5 147 148.5
104.2 105.7 107.1 109.7 117.5 124.7 129.8 132.8 134.6 135 136.8 138.4 139.2 139.4 138.8 138.6 137.9 136.7 135.4 133.2 129.2 122.2 123.5 128.8 132 134.4 136.5 138.1 139.9 141.8 143 143.4 142.2 140.1 136.3 139.2 141.6 143.7 145.7 147.9 149.7 150.1 152.5 155.4 158.2 161 162.7 164.2 164.1 164.1 163.9 164.8 166.3 168.2 170.1 171.4 170.7 169.1 166.4 163.9 162.1 159.2 156.3 153.4 150.6 147.8 144.9 142.2 143.9 145.4 146.4 147 147 146.7 146.9 146.8 147.4 150
105.7 105.8 106.4 108.4 120.5 127.3 132.4 136.7 139.2 140.8 140.6 140.6 140.3 140 138.9 138.8 139.2 138.9 137.6 134.5 129.3 123.2 122.8 129.4 132.9 135.4 137.5 140.4 142.2 143.9 144.5 145.2 143.8 141.5 137.7 138.9 142.5 145.1 147.8 149.4 153.2 153.6 154.2 156.9 160 161.8 163.5 164.5 165.1 165.4 165.7 166.8 168.1 170.7 172.6 173.9 173.1 171.9 169 165.6 163.5 160.8 157.4 154.5 151.6 148.5 144.1 144.1 146.1 148.2 148.8 149.4 149.3 149 149.5 150.5 152.1 155.4
106.2 106 106.6 109.1 123.8 131.3 136.6 141.1 143.6 144.5 143.8 142.7 141.1 140.1 139.2 139.3 139.3 138.1 136.6 132.9 129.2 125.6 121.9 129.7 133.6 135.8 137.8 139.5 141.8 143.5 144.4 145.1 144.5 143.3 141.6 139.6 143.4 147.7 151.5 154.1 155.6 155.7 156.7 159 160.9 162.5 164 165.5 166.6 167.2 167.9 169 171 173.5 175.4 176.2 175.7 174.2 170.9 167.3 164.6 161.8 158.3 154.7 151.1 147.6 144.2 146.2 148.7 151 152.1 152.2 151.4 150.9 151.4 153.9 154.7 153.5
103.7 106.2 106.9 108.5 125.7 133.8 139.1 142.1 142.6 142.1 141.5 140.8 139.1 137.7 137.4 137.4 137.9 137.8 136.8 135.7 133.6 130.2 123.9 127.9 131.4 133 135.3 136.9 139.6 141.6 144.6 145.8 146.5 146.3 144.4 143.5 143.1 147.1 151.2 154.5 155.7 157.2 158.7 159.8 161.6 164.1 166.3 167.9 168.8 169.2 169.8 170.7 173 175.8 177.2 177.7 177.1 175.4 172.5 169.1 165.8 163 159.4 155.5 152.4 147.3 145.9 147.7 152.5 154.4 154.8 154.8 153.8 153.9 156.4 154.7 156.1 156.4
105.4 106.8 107.3 108.1 122 129.6 133.8 135.4 136.3 136.8 135.6 135.3 134.3 134.2 135.1 135.9 137.3 136.8 136.6 136.3 134.1 130.7 126.4 124.9 127.6 129.7 132.1 134.7 139.4 142.5 145.3 147.7 149 149.2 148.9 147.3 145.7 146 147.3 151.7 154.8 157.1 158.8 160.5 163.4 166.3 168.5 170.2 171.1 171.1 171.6 172.5 174.9 176.8 178 178.4 177.8 175.8 173.1 169.5 165.2 162 159.2 155.9 150.6 147.7 147.6 151.9 155.8 157.4 157.5 157.3 156.3 158.6 157.2 157 157.9 158.5
104 107 107.8 108.1 116 121.5 125.4 129 129.9 130.7 130.9 131.3 130.7 130.8 132.3 134.3 136.2 136.7 136.5 136 133.4 130.7 127.6 125.8 125.6 128 132.7 136.8 140.1 143.8 146.9 149.7 151.5 152.5 152.3 150.9 149.3 150.1 150.5 151.3 153.2 156.1 157.5 161.5 164.9 167.4 169.7 171.9 172.6 172.6 173 173.4 174.9 176.6 178 177.7 177.2 174.5 171.7 168.6 164.1 160.1 157.3 153.4 150.5 147.5 150.3 155 158.5 160.4 160.2 159.6 159.6 158.5 159.3 159.8 160.2 161
105.8 100.4 105.9 108.6 112.9 116.3 120.4 122.8 124 124.7 125.3 125.5 125.7 127.1 129.7 132.4 134.3 136.1 136.3 136.1 135.2 133.6 130.7 128.1 125.6 127.7 131.7 136.2 140.1 145 148.3 151 153.1 154.2 153.9 153.2 152.4 153 153.4 154.1 155 158.5 161.3 164 165.9 168.2 170.6 172.6 173.8 173.9 173.9 174.4 175.1 176.5 177.7 177.8 177 176.9 171.9 169.1 165.5 161.4 158.9 156 152.5 148.8 153.6 158.5 161.7 163.2 163.2 162 161.9 160.9 161.5 161.8 161.9 163.4
105.7 104 104.4 108.9 112.1 114.1 116.6 118.2 118.9 119.6 120.2 120.5 122 123.8 127.1 130.7 133.7 135.7 136.5 136.9 136 135.2 133.1 130.1 126.9 126.7 129.7 135 140.4 144.9 148.4 151.2 153.1 154.2 154.3 154.3 154.3 155.2 155.9 156.8 159.2 162.7 165.2 167.6 168.5 169.8 171.7 173.3 174.4 174.6 174.8 175.1 176.1 177.3 178.5 179 177.2 177.2 174 171.5 168.1 165.2 161.5 157.1 151.5 150.6 155.5 161 164.1 165.9 164.8 165.8 164.8 164.4 165 164.5 164.7 166.2
102.5 103.5 108.3 109 110.2 111.8 113.5 114.9 116 117.2 119.6 123.5 125.9 125.7 125.6 129.3 132.2 135.3 137.2 138.1 137.7 136.8 134.7 132.9 129.6 126.9 127.4 132.5 137.2 140.9 145.3 148.3 150.3 152.3 154 155.1 157.2 158.3 159 160.7 163.3 165.8 168.1 169.9 171.5 172.4 173 173.6 174.9 174.8 175 175.4 176.5 178.1 179 179.8 179 177.6 176.1 173 170 166.9 162.2 156.5 152.2 152.3 158.3 163.4 166.4 168 169.9 168.3 168.2 168.4 168.7 168.3 168.7 169.4
104.6 106.7 107.3 106.1 109.5 111.1 112.9 115.7 117.9 118.9 119.8 123.2 127.6 129.6 129.3 130.3 133.2 136 138 139 139.1 138.4 136.6 134.1 131 129.7 128.3 128.3 133 137.8 141.8 144.1 146.6 149 150.9 153.1 155.2 158.8 160.9 163.4 165.1 167.4 168.9 170.9 172.2 172.5 173.3 173.4 173.4 173.3 174.1 175.3 176.5 178.3 179.5 180.2 180.8 180.1 178.2 175.2 171.5 168.6 164.5 159.7 153.4 154.7 161.7 165.4 167.8 169.1 170.9 170.9 170.5 170 170.3 171 171.3 172
108.1 109.4 109.3 107.1 110 110.8 111.9 116.9 119.8 121.7 123.6 126.3 129 131.2 131.9 131.4 132.1 135.5 137.7 139.4 140.1 139.4 137.4 135.9 135.9 133.5 131.7 129.4 129.8 134.8 137.7 139.6 141.8 145.9 147.4 149.9 154.2 157.7 161.6 164.6 165.4 167.6 167.6 168.2 169 169.8 169.7 169.9 170.2 170.1 171.2 173 176 177.4 179.1 180.6 181.4 181.2 179.2 176.1 172.4 169.4 165.5 160.9 153.6 158 164.1 167.2 167.8 171.9 173 173.1 173.4 173.2 173.6 174 174.3 174.8
102.5 109.6 109.8 110 108.5 107.7 111.8 116.7 120.8 123.4 125.8 128.6 131.3 132.8 133.6 133.7 133.7 135 136.7 138.6 139.7 140.5 140.2 139.4 138.9 137.4 135.5 132.7 129.9 130.3 133.1 135.4 138.5 142.2 146.1 149.7 153.6 157.1 161.5 163.4 164.5 164.7 164.6 164 164.7 164.5 165.1 165.1 164.3 165.4 169.5 172.8 174.7 176.6 178.2 179.5 180.6 179.8 177.2 174.3 171.3 167.9 164.3 158.7 155.4 160.6 165 165.7 170.5 173 175 175.9 176.4 176.8 177.2 177.7 178.1 178.3
107.4 102.8 109.9 111.1 111.6 111.4 110.9 113.6 119.5 123.9 127.7 130.6 133.2 134.5 135.3 134.9 135.7 136.5 137.8 139 140.9 141.8 142.3 142.1 140.6 139.9 138.3 136 132.5 130.8 131.7 135.9 139.6 143.2 146.5 149.9 153.8 157.7 160.3 161.7 162.5 161.8 160 157.9 158 157.5 157.5 159.1 163.4 167.4 170.7 173.7 175.5 176.4 176.8 177.4 177 175.8 173.7 170.9 168.3 165 162.3 156.2 157.9 161.1 166.1 167.6 170.5 172.7 175.1 177.1 178.1 178.5 178.9 178.9 179.4 179.9
108 105.1 109.7 112.4 113.4 112.4 111.8 112.5 115.6 120.9 125.5 129.6 132.2 133.9 134 134.5 135 135.6 136.2 139 140.9 142.2 143 144.2 143 142 140.7 138.8 136.1 132.8 131.7 133.4 138.1 142.8 146.6 149.2 153.1 156.5 157.6 158.7 158.5 156.1 152.4 152.1 155.6 158.5 161.2 164 164.6 166.5 169.6 172.7 174 174.9 175 174.7 173.6 171.9 170.1 168 165.8 161.8 158.6 156.8 158.6 166.2 165.5 167.5 170.1 172.7 175.1 177.3 177.5 178 178.4 178.7 179.1 179.8
110.8 103 110.7 115.5 115.4 113.7 112.3 111.9 113.5 116.9 121.9 126.6 129.4 130.2 130.5 130.7 130.7 130.9 134.1 136.5 140.3 142.2 144 145.6 145.7 144.3 142.7 140.8 138.5 136.7 132.8 133.4 135.5 140.2 144.3 147.6 148.6 150 149.1 152.5 150.4 148.9 148.8 153.8 157.6 161.7 164.4 167.3 169.1 169.3 169 170.8 172.7 174.2 173.6 171.9 170.7 169.1 167.3 165.4 163.1 159.4 157.5 160.1 163.8 162.3 166.8 169 171.7 174.3 175.5 176.6 176.6 176.9 176.8 176.8 177.4 178.2
110.7 103.5 112.9 117.1 116.9 115.9 114 113.6 112.8 112.8 117.5 122.4 124.6 125.1 124.5 125.2 125.7 128.7 132 135.3 138.7 142 144.5 146 146.3 145.6 144 142 140.2 138.2 136.1 135.1 134.1 135.3 138.4 141.6 143.1 143.9 145 145 145.3 145.6 149.7 153.6 157.3 162.1 166.1 168.5 169.1 169.4 170.6 171.8 173 173.7 173.3 171.8 169.3 166.9 164.3 161.1 158.1 160.8 162.5 164.2 164.2 162.8 167.6 170.5 173.1 174.8 175.3 175.4 175.4 174.2 173.6 172.9 173.5 174.9
111.7 108 116.6 117.9 117.7 117.4 115.9 114.6 113.9 114 114.6 118 120 119.4 120 121.5 123.5 125.8 128.5 132.2 135 138.8 142.6 144.3 145.5 145.4 144.4 142.7 140.5 137.4 139 138.6 135.6 135.4 135.5 136.3 138.6 140.5 142.1 142.6 143.6 145.2 148.6 152.5 156.8 161.1 164.3 165.8 166.6 167.5 169.9 171.5 172.5 172.6 172.7 170.7 168.3 165.8 163.8 163.7 161 164 165.6 166.6 166.2 165.7 168.8 171.2 173.2 174.4 174.9 174.2 173.1 171.4 170 169 169.4 170
111.7 109.9 117.3 118.9 119.2 119.4 117.8 116.2 115.2 114.6 113.2 116.4 117.4 119.8 123 126 128.4 129.8 131.1 131.5 131.8 135.1 138.4 141.6 143.7 144.2 143.9 141.8 139.8 138.3 140.1 139.8 138.3 136.4 135.8 136.7 137.7 138.7 140.4 141.5 142.6 144.6 147 150 153.5 156.9 158.6 160.5 162.1 163.8 166.7 168.7 171.1 171 170.4 168.7 167.3 165.4 166.2 165.1 163.1 166.8 168.4 168.7 168.5 168.1 169.8 171.2 172.8 173.3 173 171.8 170.1 168.2 166.7 164.1 166 166.4
111.8 109.3 113.5 119.7 120.7 121.1 120.4 118.5 116.7 115.9 113.6 116.3 116.5 121.1 125.3 128.2 131.4 133.6 135.5 136.5 136.3 137.3 139.8 142.4 143.7 144.5 143.9 142.2 141.6 141.1 141.5 141 140 138.5 137.2 137.4 138.3 139.2 139.5 140.6 142.4 144.6 146.5 148.5 150.6 151.9 153.2 154.9 157.5 161 163.4 167.1 169.9 170.7 170.2 169.6 167.7 167.2 168.4 166.6 165.6 169.9 169.7 170.2 170.8 170.7 170.5 171.1 171.5 171.2 170.3 169.1 167 165 163.5 159.8 162 162.3
111.9 105.6 114.3 120.4 122.1 123.9 123.4 121.8 119.8 116.9 115.5 116.1 116.9 120.8 126.3 130.7 133.7 136.6 139.1 140.4 140.5 141.9 143.3 144.8 145.3 145.8 145.6 144.4 144.1 143.9 143.4 142.9 141.9 140.6 139.6 138.9 138.5 139.2 140.3 141.9 143.6 145.5 147.7 149.7 151.5 153.4 155 156.1 157.5 160.1 165.1 168.2 170.5 171.6 171 169.9 169.1 168.9 169.7 167.6 171.3 171.1 171.8 172.4 172.1 171.4 170.7 170 168.9 167.9 167 165.4 163.5 162.3 160.4 157.7 158.3 158.6
113.3 108.9 119.1 121.6 124.5 127.6 126.7 124.5 122.8 119.5 117.6 114.9 115.8 118.4 124.8 130.2 134.7 138.9 141.1 143.3 144.5 145.7 146.3 146.6 147.1 147.5 147.3 146.6 146.3 146.1 145.6 144.8 144 143.1 142.2 140.9 140.4 139.4 141.1 143.7 145.3 148.2 151.6 153.6 155.9 157.7 158.7 159.8 160.7 162 165.5 169.2 171.6 172 172.4 171.1 170.4 170.9 170.8 172.6 170.8 172.4 173.8 173.8 173.1 171.2 169.7 167.2 165.5 164.1 162.7 161.2 159.6 158.1 155.8 154.9 154.4 154.6
113.7 107.8 120.3 122.8 128.2 131.7 130.7 128.1 125.5 122.2 120 117.9 117.3 115.6 119.8 124.7 130.8 137.2 141 144.3 146.6 147.3 147.8 148.5 147.8 148.2 148.3 147.9 147.3 147.5 148.1 147.9 147 146.1 145.1 144 142.2 141.5 141.8 144.5 147.2 150.3 153.5 156 159.1 160.8 162.2 163.3 164.8 165.9 167.9 170.2 171.4 172.1 173 172.5 172.4 172.3 172.6 170.8 171.6 172.9 173.4 173.3 171.9 169.5 167.6 165.3 163.3 161.4 159.6 157.2 156 153.8 154.1 152.7 150.7 151.7
113.3 112.9 120.7 123.7 132.7 135.5 134.3 131.9 128.2 126.2 124.4 121.4 119.7 117.7 117.7 119.3 123.7 130.5 137.5 142 145 146.8 147.6 148.2 147.8 147.2 146.8 147.5 146.6 147.1 149.1 149.7 149.1 148.5 147.7 146.2 145.2 144.8 142.2 144 146.8 149.8 153.6 157 160.4 163.3 164.9 166.6 168.1 170.3 172.7 173.8 174.5 174.7 174.9 175 174.5 174.4 173.9 173 173.3 173.4 172.9 171.1 169.4 167.6 165.8 163.7 160.8 158.9 158.6 158.2 157.3 156.9 156.3 155.3 154 152.3
113.9 108.2 121.3 125.5 133.9 137.9 137.4 135.5 132.6 130.1 128 125.1 122.8 120.4 119.2 117.8 119.6 121.1 127.2 132.8 137.6 141.4 144.1 146 145.2 143.3 143.6 144.6 145.8 147.1 149.1 150.7 150.2 150 149.4 147.9 148.4 147 144.7 143.6 146.2 149.2 153.3 157.2 161.3 165.2 167.3 168.7 171.4 174 176 176.9 176.9 177 177.2 177 176.7 177.2 176.1 175 175.1 174.3 172.8 171.1 167.7 163.9 161.8 162.1 161.6 161.3 160.8 160 159.4 159.3 158.6 157.7 156.4 155.1
115.1 114.3 115.9 125.7 134.1 139.3 140.2 139.2 137.2 134.5 131.2 128.7 125.9 123.6 121.5 119.8 120 119.1 121 124.6 130.2 136.6 140.9 143 141.4 139.3 138.3 140.7 144.9 147.5 150.2 151.3 151.7 151.9 151.5 151.2 150.4 149.1 147.2 145.7 145.9 148.6 152.6 156.3 161.3 166.1 168.1 169.9 172.3 174.8 177.3 178.6 178.4 178.7 179.2 179.2 179.3 178.6 177.2 177.3 176.9 175.8 174.4 171.9 169.3 166.8 165 164 163.6 163.2 163 162.2 161.7 161.6 160.9 160 158.7 157.4
115.5 115.2 115.1 125.3 135.6 140.9 142.8 142.2 140.6 137.9 133.1 130.9 128.6 125.4 123.1 122.1 121 121.1 119.8 121.3 125.8 132.5 135.9 137.2 136.2 133.6 136.4 141.4 145.5 148.4 150.5 152.1 152.7 153.2 153 152.6 152.3 150.9 149.1 147.8 147.6 147.6 149.9 154.1 158.1 163.2 166.5 168.1 170.4 173.9 177.1 178.9 179.6 180.7 181 178.6 181 180.7 180.5 179.4 179.6 178.4 176.2 173.7 171 168.6 166.4 165.3 165.3 165.5 165.3 164.5 164 163.7 162.8 161.7 160.6 158.9
116 115.7 113.5 124.3 136.9 142.2 145.8 145.2 143.4 140.7 137 132.9 130.3 127 124.6 123.4 124.1 123.5 122.6 121.1 122.2 128 130 131.5 132.2 134 137.8 141.1 145.1 148.7 150.1 151.9 153.2 154.2 154.8 155.1 154.4 153.2 151.8 150.4 150.3 150.5 150.6 151.4 154.3 158.1 160.9 162.9 166.5 170.5 174 177.5 179.6 181.4 177.7 183.2 183.3 183.4 182.3 182.4 181.4 180 178.3 175.9 172.8 170.3 168.2 167.7 167.6 167.6 167.7 167 166.2 165.8 164.6 163.2 161.4 159.5
116.4 113.4 109.4 119.4 137.9 144.9 148.1 148.5 146.4 143.3 140 135.8 132 129 126.2 128.3 127.7 125.8 124.4 122.6 121 124.9 126.4 128.3 131.6 135.3 137.5 140.3 143.2 147.2 149.9 151.8 153.9 155.2 156.6 156.5 156 155.4 154.8 153.1 152.9 153.9 154.3 153.8 153.1 154.7 156.9 158.8 162.1 167.3 170.9 174.4 177.8 180.1 184.3 185.7 186.6 185.8 185.1 184.2 183 181.1 179.4 176.9 173.7 171.9 170.9 170.4 170.3 170.3 170.4 169.7 168.6 168 166.3 164.1 161.5 159.4
116.6 116 116 119.5 136.9 145.3 149.4 149.8 148.6 145.4 142.6 138.5 133.6 130.3 128.3 131.4 131.6 130.2 128.3 125.3 122.4 124 127 130 132.5 135 136.9 139 143.2 145.6 148.4 151.9 154.2 157.1 158.3 158.2 157.5 156.9 156.3 156 156.1 156.6 156.7 156.9 155.9 155.3 157.7 160.2 163.4 167 169.2 172.1 179.3 181.7 186 188 189.3 189 188.2 187.1 185 182.8 180.1 177.5 175.7 173.8 173.3 173.4 173.6 173.2 173.1 172.5 171.6 169.9 167.1 164.4 161.5 158.4
117 114.6 116.4 131.4 135.7 145.4 150.5 151.7 150.6 147 144.1 140 135.8 132.8 130.2 133.8 134.3 133.2 131.6 128.9 126.1 122.6 126.5 130.1 131.7 134.4 135.4 137.9 142.1 144.4 147.2 150.4 153.6 156.5 158.3 158.2 158 158 157.8 157.7 157.8 159.5 159.7 160.1 158.7 157.4 159.2 162.4 166.2 168.7 173 175.7 179.2 184.2 188.1 190.2 191.7 191.8 191.2 189.5 187.3 185.1 181.3 178.8 176.9 175.9 176.2 176.4 176.4 176.2 175.4 174.8 173 170.9 167.8 164.2 160.5 157.7
117.6 117.3 127 140.8 146.2 148.7 153.7 154.5 153.1 149.8 145.8 143 138.4 134.8 134.3 136 136.4 135.4 133.5 130.2 127.9 124.6 125.1 128 129.7 130.9 133.1 137 140.2 142.9 145.9 148.4 153.2 157.2 159.5 159.2 158.2 157.8 157.9 158.6 159.3 161.2 162.8 163.2 162.6 161.4 160.4 164.5 167.1 171.6 176.4 180.1 183.6 186.8 189.9 192.1 194.4 194.1 193.5 191.9 190 186.6 182.9 179.3 178.6 178.9 178.9 179 178.9 178.7 178 176.8 175.1 172.3 169.2 165.6 161.9 158.5
118.4 122.6 135.7 146.5 151.3 154.1 155.2 157.6 156.1 153.2 148.2 145 141.4 135.4 137.6 138.2 138.2 136.3 134 131.4 129.1 126.4 125.3 127.4 129.6 131.3 133.2 136 138.9 142.5 146.3 150.7 154.5 157.5 157.6 156.7 156.7 156 156.7 158.1 160.3 162.6 164.7 166 165.7 164.1 162.7 166.2 170.8 176.7 181.9 179.6 188.4 190.9 193.4 193.3 195.3 195.1 193.7 192.3 189.8 186.9 182.9 180.8 181 180.8 181 180.8 180.7 180.2 179.8 179.1 177.1 173.8 170.3 165.8 162.5 158.8
118.4 124.8 139.9 148.4 154.8 158.4 159.8 160.1 158.7 155.9 151.6 147.5 143 141 140.4 140 139.3 137.1 134.6 131.9 129.6 127 125.3 127.4 129.3 131.9 133 135.5 139.6 143.3 147.1 149.8 151.8 152.6 152.5 153 152.9 152.4 154.2 156 159.3 162.6 165.6 166.6 166.9 166.4 165.3 168.9 173.8 179.3 183.4 188.3 192.3 194.6 195.2 193.8 194.1 193.1 192 190.4 187.9 185.1 182 181.6 181.4 180.6 180.9 180.4 179.5 179.3 179.7 179.6 178 175 170.5 165.9 162.1 158.2
118.4 126.9 140.7 149.8 156.8 161.5 163.2 162.3 160.5 157.8 153.7 148.7 145.9 145 143.1 141.7 140.1 137.9 135.2 132.4 130.1 127.8 125.4 127.5 129.1 131.5 132.9 135 139 142.3 144.7 146.1 146.7 146.8 146 145.9 146 147.8 150.4 153.4 157.2 160.8 163.5 165.1 165.2 168.5 169.6 170 173 178.6 180.2 189.3 194.4 195.7 195 193.8 192.1 189.8 188.7 186.7 184.6 181.7 180.4 179.3 179.3 178.5 177.1 175.8 175.5 175.3 175.9 176.1 175.4 173.1 169 164.7 160.9 156.7
