UK/data/sw/sw42_OST50GRID_20230518/SW42.asc
ncols 200
nrows 200
xllcorner 140000
yllcorner 20000
cellsize 50
[rows 37 to 73 of 200, columns 0 to 83 of 200]
131.8 130.7 131 133.3 135.6 137.7 139.5 140.5 141 141.6 141.9 141.6 143.2 145.7 149.2 152.7 156.2 159.5 161.6 162.6 161.5 159.1 155.2 150.8 145.1 139 133.6 128.3 123.1 118.5 114.3 111.5 109.2 106.8 105.5 104.9 105.3 106.3 107.4 107.6 107 106.2 105.6 105.3 105 104.5 103.6 102.4 101.3 100.1 98 95.8 93.6 92.5 91.7 89.7 86.7 84.4 84.9 86.8 88.8 88.9 88.2 86.1 83 79.5 78 79.2 82.5 85.5 88.6 91.3 93.2 94.1 93.1 90.8 86.4 80.3 78.2 78.8 81.9 88.4 95.9 100.8
131.9 129.9 129.4 130.6 132.8 134.9 136.8 138.1 138.8 139.4 139.4 139.7 142.3 145.5 149 152.4 155.6 159 160.8 161.6 161.2 159.6 155.8 151.4 146.2 140.6 134.7 129.2 124.5 120.7 117.7 115.1 112.4 108.8 106.1 103.7 102.7 102.9 103.4 104 104.4 103.7 102.5 102.2 101.8 101.1 100.7 99.9 99.4 98.4 97.8 96.9 96.2 95.7 95.2 93.5 90.5 86.1 82.3 82.2 83.9 85 84.5 82.4 79.3 75.2 74.1 75.4 79.9 83.9 87.5 89.7 91.6 92.2 90.8 87.7 82.6 77.5 76.9 79 82.1 89 96.4 100.8
131.7 129.8 128.4 128.6 129.6 131.7 133.6 135.2 136.4 137 137.3 138.9 141.4 144.3 147.4 150.4 153.7 156.4 158.6 159.6 159.4 158.1 155.2 151.4 146.5 141.2 136.2 130.9 127.1 124.3 122 119.1 116 112.5 109.5 105.8 102.7 100.3 97.9 97.7 98.4 98.3 97 95.7 95.7 96.7 97.4 96.9 95.9 96 96.9 97.8 99.2 99.7 98.8 97 94.2 90.3 84.9 81 79.8 80.2 79.6 78.1 75.8 74.1 72.9 73 77.4 82.4 86.2 88.5 89.8 89.8 88 82.7 77 75.1 76.5 79.6 83.5 90.4 96.6 100.7
130.8 129.2 127.7 127.1 127.4 128.4 130.3 132.1 133.7 134.2 134.8 136.9 139.8 142.5 145.3 148.3 151 153.5 155.4 157 156.8 155.9 153.8 150.8 146.7 142.2 137.7 133.2 130.1 127.3 124.8 122.3 119.4 117 114.4 110.9 106.3 101.7 97.6 94.8 93.3 91.3 89.6 87.9 89.4 92.6 94.7 94.3 92.7 91.9 93.8 97.5 102.1 103.2 102.3 100.3 97.4 94.1 89.7 84.8 79.8 77.9 76.7 75.8 75 74 73 72.5 73.9 79.5 84 86.3 87.7 87.6 84.1 76.7 73.8 74.9 77.9 82.1 87 92.5 97 100
129.9 128.5 127.1 126.4 126 126.1 126.9 128.9 130.7 131.4 132.9 134.8 137.4 140.2 142.6 145.3 148 149.9 151.8 152.9 153.6 153.1 152.2 150.3 147 144 140.3 136.1 132.7 129.8 127.1 124.6 122.2 121 119 115.6 112 107.8 104 99.5 94.3 89.7 87.3 86.1 86.8 90.3 92.4 92.1 90.2 88.6 90.7 96.5 102.7 104.8 104.4 102.1 100.5 97.8 95.1 91.1 84.2 78.4 76 75.7 75.3 74.5 73.7 73.1 72.4 74.2 79.7 83.3 84.8 84.4 80 72.9 72.1 74.7 79 84.7 89.5 93.3 96.6 98.9
129.7 128.1 126.6 126 125.5 125 123.8 126.2 127.5 128.5 130.6 132.9 135.1 136.9 139 141.6 144.1 146.2 147.8 149.6 150.8 151.1 150.6 149.7 147.8 145.2 142.4 138.6 134.9 131.6 128.6 126.4 125 123.5 122 119.5 116.8 114.4 111.4 107.9 101.1 93.7 88.3 85.2 85.3 87.5 90.2 89.6 87 86.4 88.7 93.9 99.8 103.4 104 103.3 102.8 101.4 98.5 94.9 90.1 84.7 80.2 77.9 76.9 78 80.4 79.3 74.6 71.2 72.9 78 80 80.1 76 70.8 72.6 77.6 82.5 87.3 91 93.6 95.7 97.6
129 128 126.7 125.5 125 124.3 124.3 124.8 125.4 126.2 128 130.2 131.8 133.6 135.4 137.9 140.3 142.5 144.3 146.3 147.8 148.5 148.7 148.3 147.2 145.5 143.2 139.7 136.4 133.3 130.1 128.2 127 125.7 124.1 122.4 120.7 118.7 116.7 114.2 109.1 101.8 93.9 88 84.6 84.3 85.6 85.7 84.2 84.7 87.8 92.4 96.5 99.9 102.3 103.2 103.6 102.8 100.9 97.3 94 89.7 86 83.2 82.7 84.3 85.6 85.2 81.7 73.7 70.2 70.9 72.9 73.5 71.5 71 75 82.5 88.5 91.7 93.9 95.5 96.1 97.3
128.4 128.1 127 125.6 124.6 124.1 123.6 123.5 123.8 124.2 125.5 127 128.2 129.9 131.9 134.3 136.6 138.9 141.3 143.4 145.5 146.8 146.9 146.5 145.6 144.3 142.4 139.9 136.6 133.5 131.1 129.5 128.3 127 125.7 124.6 123 121.3 119.5 117.4 113.8 107.7 101 93.1 86.4 83.3 82.3 81.8 81.6 83.1 86.7 90.5 93.7 96.7 99.7 102.1 103.1 103.2 101.8 98.9 96.4 93.7 90.7 87.8 87.5 88.3 88.8 87.8 85.2 79.1 71 69.1 68.9 69 69.5 72 79.1 86.7 91.6 95 96.8 97.6 98.1 98.1
128.4 128.3 127.6 126.6 125.1 124 123.5 122.5 122.1 122.3 122.8 123.4 124.3 126.3 128.3 130.8 133.5 136.3 139.6 141.8 143.8 145.3 145.1 144.3 143.4 142.4 141.3 139.3 136.8 134.2 132.1 130.6 129.4 128.2 127 125.2 123.7 122 120.3 117.9 114.7 109.7 103.1 95.9 88.3 83.7 81.4 79.7 79.5 82.2 85.6 88.9 91.9 94.9 97.9 100.9 102.4 102.9 101.6 99.9 97.8 95.1 93.2 92.3 92 91.8 91.4 90.6 87.8 83.7 76.6 71.2 68.7 68.7 69.8 75 82.9 89.9 94.4 97.4 99.1 99.8 100.1 100.1
128.3 128.3 128.2 127.5 126.2 124.6 123.3 122.1 121.5 121 120.8 121.1 121.5 122.8 125 128 131.3 134.7 138.2 140.9 142.8 143.7 142.9 142 141.1 140.3 139.5 138 136.5 134.3 132.8 131.4 130.2 128.9 127 125 123.1 121.1 119.3 116.9 114.1 110 104.2 97.4 91.1 85.9 81.9 79.4 78.6 81.1 84.7 88.5 91.3 94 96.7 99.6 101.2 102.1 101.5 100 98.2 96.1 95 95.3 95.3 95.1 94.3 93.2 91.7 89.2 84 76.5 69.7 67.9 70.6 78.3 86.4 92 95.6 98.3 99.9 101 101.8 101.9
128.4 128.7 128.6 128.4 127.7 126 124 122.5 121.4 120.9 120.9 120.4 120 120.5 122.6 126.1 130 134.1 137.6 140.3 141.7 141.7 140.6 139.6 138.3 138.2 137.6 136.3 135.5 134.2 132.7 131.5 130.2 128.7 126.7 124.5 121.4 118.8 117.1 114.7 112.1 108.5 104.7 100.2 95.4 89.8 84.1 79.8 78.2 80.3 85.4 89.4 91.7 93.6 96.4 98.8 100.9 101.8 101.3 99.8 98.1 97.1 97.1 97.6 97.8 97.7 97.2 96.3 95.1 93.4 90.1 83.8 74.2 68.6 71.1 80.9 89.4 93.3 96.3 98.5 100.6 101.7 102.5 103.2
128.4 129 129.4 129.2 128.9 127.4 125.3 123.7 122.6 121.7 121 120.6 120.2 119 119.9 123.8 128.8 133.4 136.4 138.7 140 139.4 138.1 136.9 135.5 135.3 135.3 134.6 133.9 133.1 132.1 130.8 129.3 127.9 125.7 123 119.7 116.6 113.8 111.2 108.2 106 104.2 102.6 99.4 94.2 86 79.8 77.4 79.8 86 90.8 92.7 94.1 95.7 98 100.5 101.4 101.2 100.5 99.5 98.5 98.6 99.3 99.7 99.8 99.6 99.1 97.8 96.1 92.7 87.1 77.4 69.3 71.6 82 90.6 94.4 96.8 98.8 100.9 102.4 103.2 103.9
128.5 129.2 130 130.3 129.9 128.4 127.3 126.4 125.4 124.5 123 122.3 121.3 119.4 118.2 121.4 126.2 130.9 134 135.6 136.6 136.4 135.3 134 132.7 132.4 132.4 133 132.5 131.8 130.9 129.7 128.3 126.6 124.4 121.3 118 114 110.2 106.8 104.2 102.7 102.3 101.4 99.2 94.6 85.8 79.4 76.6 78.7 84.6 90.5 92.3 93.2 94.9 97.2 100 101.9 102.1 101.5 100.6 99.6 99.5 99.9 100.4 100.7 100.4 100.2 99.4 97.2 93.4 86.4 75 67.9 71.4 81.2 90.6 95.2 97.7 99.7 101.6 102.7 103.5 104.2
128.6 129.4 130.2 131.1 131.6 131.2 130.6 130.2 129.5 128.3 126.5 124.8 123.6 121.8 118.9 118.6 121.9 126.2 129.6 131.6 132.5 132.4 132.2 131.1 130.3 129.7 130.6 131.3 131.2 130.5 129.4 128.2 127 125.3 122.7 119.7 116 111.7 107.8 104.7 101.4 99.1 98.3 97.6 95.4 90.9 84.6 79.5 76.8 77.5 80.7 86.4 90.4 91.6 93 95.2 99.1 101.9 103 102.4 101.3 100.4 99.9 100 99.9 100.2 100.3 100.2 99 96.9 92.7 83.6 71.4 68.3 73.4 80.1 88.8 95.2 98 100.6 101.8 102.7 103.5 104.2
128.9 129.6 130.6 131.7 132.7 133.9 134.3 134.1 133.5 132.2 130 127.7 126.1 124.6 121.8 118.2 117.9 120 123.6 126.4 127.7 128.5 128.7 128.2 127.6 128 129.4 129.8 129.6 129.2 127.9 126.5 125.2 123.7 121.2 118.1 114.5 111 107.7 104.1 100.4 96.8 94.5 92.7 90.6 86.9 83.3 80.2 78.2 77.3 77.6 80.5 85.3 87.9 89.4 93 98.2 101.9 103.5 102.9 102 101.2 99.6 98.6 98.2 97.8 98.3 98.5 97.3 95.5 90.3 79.5 68.6 69.5 76.1 81.1 88.1 94.7 98.3 100.7 101.8 102.8 103.5 104
129 129.6 130.9 132.5 134.3 135.9 137.2 137.2 136.5 135.2 133.2 131 128.9 127 124.4 120.5 117.1 115.8 117.3 120.2 122.6 124.1 125.1 124.9 125.1 126.4 127.9 128.3 128.3 127.6 126.2 124.7 123.3 121.9 119.7 117.5 115.1 112.6 109.6 105.9 101.5 97.2 93.9 90.8 88.8 86.9 85 84.3 83.3 81.6 78.3 76.4 79.2 82.6 85.2 90.6 97.3 101.9 103.6 103.5 102.3 100.4 98.8 96.9 95.8 94.9 95.1 95.2 94.3 92.1 85.9 74.5 66.2 70.5 77.8 83.2 88.5 94.3 98.1 100.8 101.9 102.8 103.4 103.8
128.4 129 130.5 132.6 135 137 138.6 138.9 138 136.8 134.7 132.3 130 128.2 125.8 122.6 118.8 115.4 114 114.8 117.2 119.7 121 122.4 123.1 124.6 125.8 126.6 126.9 126.6 126.2 124.7 123.2 121.9 121 119.2 117.3 114.9 111.8 107.7 103 98.6 95.7 93.1 90.9 89.6 89.2 89.5 89.1 87.9 84.5 78.5 75.1 78.2 80.3 88.2 96.9 101.6 103.1 103.3 101.9 100 97.6 95.3 92.6 91 90.7 90.6 90.3 87.1 79.7 69.7 65.3 72.5 80.5 85.1 89.5 94.2 97.8 100.4 101.8 102.4 102.8 103.2
127.3 128.3 130.2 132.6 135 137.1 138.7 139 138.2 137 135 132.8 130.2 128.2 125.9 123.5 120.3 117.9 115.1 112.7 112.6 114.5 117.5 119.6 120.9 122.2 123.2 124.8 125.5 125.4 125.1 124.7 123.9 123.2 122.4 121 119.3 117.1 113.6 109 104.7 101.5 98.9 96 94.1 93.6 94.4 95.5 95 93.8 91.5 86.2 77.2 71.3 74.8 83.8 95.3 100.4 102.2 102.2 101.4 99.1 96.7 93.4 90.1 87.4 86.4 86 85.2 81.3 73.2 65.4 66.2 75.6 83 86.7 90.6 93.8 97 98.8 100.6 101.4 102.2 102.5
126 127.6 129.7 132 134.2 136.4 138 138 137.5 136.4 134.5 131.7 128.9 126.8 125.3 123.4 121.8 120.6 118.7 114.6 111.8 111.2 113.4 116.3 117.8 119.2 120.7 122.5 123.8 124.5 124.2 124.1 124.3 123.8 123.1 122 120.5 117.9 114.3 110.7 107.9 106 103.5 100.5 98.4 98.6 100.4 101.3 100.5 99.4 97.8 93.8 86.1 75.6 71.3 78.7 90.9 97.8 100.3 101.4 100.7 98.4 95.2 92 88.8 84.9 82.8 81.5 79.7 75.2 67.9 63 66.8 76.7 83.5 87.4 90.4 92.8 94.4 96.4 98.3 99.9 100.7 101.6
125.3 127 128.9 130.9 132.9 134.8 136.2 136.3 136 134.7 133.2 130.4 127.6 125.4 123.8 122.8 122.4 121.7 120.7 117.5 113.7 111.1 110.7 112.4 113.8 115.2 117.7 120.4 122.9 123.8 123.6 123.6 123.9 123.7 123.2 122.5 121 118.6 115.7 113.5 112.6 111.4 109.2 106.7 104.7 104.5 105.5 105.7 105.4 105 103.5 95.6 94.3 83.4 72.4 73.2 83.1 92.6 96.9 99.3 100 97.8 94.6 90.8 87 83 79.7 76.5 73.4 69 64 63.2 66.9 74.7 82.1 86.4 89 90.3 91.6 93.4 95.4 97.5 99 100
125.1 126.5 128 129.7 131.4 133 134.2 134.3 134.3 132.7 131.3 129.1 126.3 123.8 122.1 121.7 121.7 121.4 120.9 119.4 116.6 112.9 110.2 109.9 110.4 111.6 115 119.3 122 123.2 123.1 123 122.7 122.4 122.5 122.1 121.3 120.2 117.7 116.1 115.4 114.6 113.4 112 110.3 109.7 109.7 109.4 109.2 108.8 106.1 105.1 101.3 91 77.8 69.2 74.3 83.9 90.6 94.9 98.1 98.5 95.9 91.2 86.4 81.9 77.1 72.7 68.3 63.2 62.4 66 71.5 75 79.3 83.9 86.7 87.9 89.1 90.4 92.6 95.1 97.3 98.7
125.7 126.9 127.6 129 129.8 131.2 132.3 132.3 132.4 131.3 129.7 128.2 125.4 122.8 120.5 120.2 120.3 120.2 120 119.7 118 114.9 110.8 109 108.6 109.7 113.9 118 120.8 121.8 122.3 121.8 121.1 120.9 120.9 120.9 120.9 120.2 119.5 118.4 117.4 116.7 116 115 113.9 113.3 113 112.5 111.9 110.8 110.4 108.8 105.1 98 84.9 71 68.3 73.7 81.4 88.1 95.3 99.4 98.2 93.4 87.5 81.3 76 69.9 64.7 61.5 63 71.1 79.1 80.5 80.9 82.7 84.7 86.3 88.1 89.4 91.4 94 96.2 97.5
126.2 127 127.5 128.4 129.2 130 130.5 130.5 130.5 129.8 128.6 127 124.8 122.2 119.7 118.5 118.6 118.6 118.5 118.6 117.2 114.1 110.5 108.4 107.9 108.2 111.4 115.6 118.8 119.9 120.5 120.5 119.8 118.9 118.5 118.6 119.4 119.5 119.5 118.8 118.2 117.7 117.1 116.2 115.7 115.5 114.9 114 111.8 112.9 112.2 110.3 107 101.9 92 77.9 68.1 67.4 72.5 79.6 88.8 97.1 99.3 95.8 89.6 82.4 74.7 68 62.1 61 65.3 75.1 84.4 87.3 87.1 86.7 87.3 87.5 89.2 90.7 92.3 94.3 95.9 96.7
126.6 127 127.4 127.5 127.9 128.6 128.9 128.9 129 128.7 127.6 126.3 124.7 122.5 119.9 117.7 117.1 116.9 116.7 116.4 114.7 111.4 110.1 109.9 108.6 108 108.5 111.3 115.7 117.4 118.1 118.4 118 116.9 115.7 115.6 116.2 117.7 118.3 118.3 118.1 117.8 117.4 116.9 116.4 116.3 116 113.9 114.7 114.3 113 110.8 107.5 103 96.2 86.1 73.9 65.9 66.5 71.7 80.8 90.5 97.5 96.7 91.2 83 73.7 65.5 60.8 61.2 66.2 77 86.8 90.4 91.4 91.1 90.5 90 91.3 92.5 93.8 95.1 96.3 96.4
126.5 126.8 127.1 127.3 127.4 127.4 127.4 127.5 127.6 127.5 126.8 126 124.6 122.5 120.4 118.4 116.3 115 114.3 113.7 112 111.3 113.8 114 112 109.5 107.8 108 110.8 113.3 114.4 115.5 115.9 115.1 113 112 112.1 113.9 115.8 116.4 116.8 116.6 116.4 116 115.7 115.7 116 116 115.4 114.2 112.7 110.1 106.8 102.9 98.4 92.3 83.5 72.1 64.4 66.3 72.7 83 92.7 95.7 91.2 83.7 74.1 63.9 60.2 60.9 66 76.6 86.9 91.7 93.5 93.5 93.2 93.2 93.2 94.1 95.1 96.3 96.6 96.6
126.4 126.6 126.9 127.1 127 126.8 126.6 126.4 126.4 126.4 125.9 125.3 124.3 123.1 121.6 119.7 117.5 114.8 113.1 112.2 111.6 113.5 116.7 117.1 116.3 113.7 109.6 107 106.4 108.7 110.3 111.4 111.9 112.1 111.1 109.7 108.2 110.4 112.4 113.7 114.3 115 114.8 114.5 114.9 115.1 115.7 115.7 115 113.6 112.2 109.2 106 102.6 98.8 94.6 89.4 81.1 69.2 64.1 66.4 75.1 85.7 91.6 90.6 84.3 73.2 62.8 60 60.1 65.2 75.8 85.9 91.5 94.2 95.2 95.3 95.2 95.3 95.5 96.5 97.1 97.3 97.5
125.8 126.1 126.4 126.6 126.3 126.1 125.8 125.7 125.5 125.2 124.7 124.2 124.2 123.6 122.8 121.1 119.2 116.8 115 113.5 112.2 113.5 116.7 118.1 118.3 117.1 113.8 109.7 106.4 105.1 105.8 106.7 107.4 108.6 109.1 107.5 105.9 105.9 107.7 109.7 111.5 112.6 112.8 113 113.5 114.4 115.2 115.3 114.6 113.2 111.3 108.3 105 101.9 98.2 94.7 90.6 84.7 74.1 64.7 63.2 67.6 77.7 85.5 87.4 81.5 70 61.1 58.9 59.7 64 74.6 84.4 90.3 94.1 96.2 97 97.3 97.4 97.3 97.5 97.7 98 98.2
125.1 125.4 125.7 125.9 125.7 125.4 125.1 124.7 124.3 123.9 123.8 123.7 123.7 123.9 123.2 122 120.6 118.9 117.3 115.5 113.7 112.9 115.7 117.8 118.5 118.1 116.5 113.8 109.2 106.1 104.7 104.7 105.2 105.8 106.7 105.3 103.8 102.9 103.5 104.8 107.2 109.3 110.6 111.1 112.5 113.6 114.7 114.8 114.2 112.8 110.4 107.5 104.5 101 97.3 94 90.1 84.4 75.7 66.1 61.6 62.8 69.2 76 79 76.3 65.2 59.1 58.2 58.4 62.1 71.6 81.2 88.2 92.8 96 97.6 98.3 98.5 98.2 98.1 98.1 98.4 98.6
124.3 124.8 125.2 125.5 125.4 125.3 125.1 124.4 123.9 123.2 122.8 122.6 123.2 123.4 123.1 122.7 121.5 120.3 118.7 116.9 114.8 113.2 115.4 117.6 118.7 118.2 116.9 115 111.5 107.6 105.2 105 104.8 104.2 104.2 103.6 102.6 103 103.1 101.8 102.6 105.1 107.4 109.6 111.8 113.2 114.3 114.4 114.1 112.8 110.8 108.2 105.2 102 97.7 93.7 89.8 83.8 77.3 69.4 63.3 60.9 62.2 65.9 67.8 65.5 60.6 58.5 58.1 58.2 60.7 67.2 76.2 84.9 90.6 95.1 97.4 98.8 99.1 98.9 98.8 98.7 98.4 98.5
123.6 124.5 125.1 125.4 125.3 125.2 125 124.3 123.4 122.6 122 121.7 121.9 122.5 122.7 122.5 121.6 120.9 119.4 117.1 114.5 113.9 116.9 118.8 119.2 118.7 116.9 114.9 112.4 109.3 106.4 104.8 104.2 103.7 103.7 104.6 106 107 106.2 103.8 101.2 101.7 104.6 108.5 110.8 112.5 113.8 114.2 114.3 113.7 112.1 110.1 106.9 103.2 98.9 94.6 90.5 86.4 81.9 76.7 72.2 64.6 60.1 59.7 60.1 59.5 58.4 58.1 58.1 57.8 59.6 64.2 71.5 80.3 88.4 93.8 97 98.6 99.2 99.2 99 98.4 98 98.1
122.8 124 124.9 125.3 125.2 125 124.6 124 123.1 122.2 121.4 121 120.6 121 121.3 121.6 121.1 120.3 119.3 116.5 114.1 114.9 118.5 119.9 119.8 119.4 117.5 115.3 113.4 111.1 108.1 106.2 104.9 105.1 106.5 108.4 109.8 109.9 109 107 103.6 100.7 101.9 106.9 109.7 111.3 112.8 113.8 113.9 113.8 113.4 111.7 108.4 105.2 101 96.6 93.2 90.2 87.7 85.2 81.2 72.9 62.8 59.1 58.6 58.1 57.7 57.3 57.3 57.3 58.9 63 68.2 76.7 86.1 92.8 96.5 98.4 99 99 98.5 97.9 97.6 97.2
122.1 123.5 124.4 125.2 124.9 124.6 124.2 123.8 122.9 122.1 121.3 120.5 119.9 119.6 119.7 120 119.9 119.7 118.6 116.2 114.4 116.1 119.3 120.4 120.9 120.3 118.7 117 115.4 113.5 111.3 109.4 107.8 107.7 109 110.3 111.2 111.4 110.8 108.7 106.3 102.4 99.4 103.6 107.5 109.3 110.8 112.6 113.7 114.2 114 112.5 110 107.1 103.5 100.4 97.1 94.8 92.8 90.7 86.6 79 68 60.5 58.1 57.5 57.1 56.6 56.5 56.8 58.3 61.7 66.8 73.4 83.2 91.1 96 98.2 98.7 98.3 97.6 97.3 96.9 96.4
121 123 124.2 125.1 125 124.5 124.2 123.7 122.9 122.1 121.4 120.6 119.8 119.1 118.6 118.6 118.5 118.4 117.7 115.8 114.9 117 120 121.6 122 121.8 120.5 119.6 118.2 117.2 115.7 113.9 112.1 110 109.7 110.5 111.2 111.5 111 109.9 108.1 105 100.1 99.9 103.6 106.1 108.2 110.9 112.8 113.8 114.1 113.1 111.4 108.8 106.7 103.8 101 98.8 96.7 93.7 89.3 82.8 72.6 63.1 58.2 56.9 56.6 56.3 56.1 56.5 57.7 60.4 65.6 71.9 80.7 89 94.6 97.2 97.3 96.7 96.1 95.6 95.8 95.6
120.6 122.7 124.2 124.9 125.2 124.9 124.2 123.7 123.2 122.4 121.6 121.2 120.7 119.6 118.8 117.9 117.4 117 116.3 115.4 116.4 118.7 121.1 122.6 123.2 123 122.8 122.2 121.3 120.3 118.9 117.3 114.8 111.8 110 108.9 109.3 109.3 109.6 108.6 107.7 106.6 102.6 97.7 98.2 101.1 104.7 107.9 111.1 113.1 113.8 113.7 112.4 110.7 108.8 106.5 104.4 102.2 99.4 95.7 91 85 76.5 66.5 59.3 57.3 56.1 56.7 56.2 56.2 56.8 59 64.2 70.8 78.7 85.8 91.5 94.4 94.3 93.3 92.7 93.4 94 94.6
120.1 122.1 123.6 124.4 124.7 124.8 124.1 123.6 123.2 122.7 122.1 121.7 121.2 120.1 119.6 118.8 118.1 117.2 116.7 116.5 117.8 119.8 121.8 123.2 123.9 124.1 123.9 123.9 123.1 122.3 120.9 118.8 116.3 113.2 110.5 108.4 106.9 106.4 106.2 105.9 106 105.6 103.7 99.6 94.8 95.5 99.4 104.6 109 111.6 112.9 113.5 112.6 111.7 110.3 108.6 106.4 103.7 100.5 96.8 92.7 86.4 78.8 69.2 60.8 57.3 56 55.5 55.6 55.9 56.2 57.6 62.7 68.9 75.7 81.1 85.9 88.9 88.9 88.4 88.1 89.2 91.5 93.3
119.3 121.2 122.7 123.8 124 124.1 124 123.5 123.1 122.6 122.3 121.9 121.5 120.7 120.4 119.8 119.1 118.7 118.3 117.8 118.3 120.2 122.1 123.3 124.2 124.6 124.7 124.4 123.9 123.3 121.9 120.2 118 115.1 111.5 108 104.8 103 102.6 102.3 102.9 103.3 102.7 101 97 91.6 90.1 99.5 105.9 109.6 111.6 112.7 112.5 111.8 110.6 109.1 107 104.2 101.3 97.9 93.6 87.6 80.4 71.8 62.6 58.2 56.3 55.6 55.4 55.6 55.8 56.7 60.1 66 71.8 75.7 79.4 82.3 82.4 81 80.7 83.9 88.3 91.7
117.6 119.9 121.6 122.6 123.3 123.4 123.5 123.4 123 122.6 122.3 122 121.7 121.4 121.3 121.1 120.4 120.3 119.8 119.2 119.1 120.8 122 122.7 123.7 124.2 124.3 124.3 124.2 123.6 122.7 121.3 119 116.5 112.7 108.8 104.3 100 97.7 97.7 99.2 100.1 100.1 99.3 97.6 92.2 86.4 89.9 102.3 107.2 109.7 111.1 110.9 111 110.1 108.5 106.5 103.8 100.4 97 92.8 87.2 80.8 73.6 64.9 58.8 56.8 55.8 55.5 55.5 55.7 55.9 58.4 63 67.9 70.8 72.4 74.2 74 72.8 73.1 78.3 85.3 89.9
