WholeMapElevations/data/so/so93_OST50GRID_20230518/SO93.asc
ncols 200
nrows 200
xllcorner 390000
yllcorner 230000
cellsize 50
[rows 76 to 113 of 200, columns 0 to 85 of 200]
14 14.1 14.4 14.7 15.1 15.3 14.4 12.9 11.4 11 10.9 10.9 10.9 10.9 10.9 10.9 10.9 10.8 10.7 12.9 18.1 21.2 21.6 21.6 21.3 20.7 19.7 18 17 15.5 14.5 15 15.6 16.1 18.6 20.4 17.9 17.8 17.9 16.8 17.1 18.7 20 20 19.9 19.8 20.3 20.9 21.6 22.6 22 21.3 25 22.3 22.4 22.9 23.4 23.3 23 23 23.3 23.9 24.5 25.1 25.6 26 26.4 27.6 28.7 29.2 29.1 28.7 29.6 30 30 30 30 30 30 30.2 30.5 31.7 33.2 33.6 33.3 32.9
14.7 14.8 14.8 14.9 14.9 15.1 14.7 11.9 11.7 11.4 11.2 11 11 11 10.9 10.9 10.9 10.9 11.2 16.5 20.6 21.6 21.6 21.7 21.7 20.8 19.4 18.4 17.4 16.4 15.7 16.4 17 16.9 16.2 21.5 16.8 16.3 16.6 16.9 16.4 17.7 18.9 19.9 19.8 19.6 19.5 19.6 19.9 20.6 20.6 21.2 24.3 21.8 22.2 22.4 22.6 22.9 22.9 23.2 23.5 23.7 24 24.6 25.2 25.7 26.2 27.3 27.8 28.3 28.7 28.2 29.1 30.3 29.1 30 30 30 30 30.2 30.5 31.4 32.3 32.8 32.4 32
15.3 15.3 15.2 15.2 15.2 15 14.3 11.7 11.8 11.8 11.6 11.4 11.2 11 11 11 11 11 16.2 20 21.5 21.6 21.5 21.5 21.5 21.5 20 19.1 18.1 17.1 17 17.7 18.3 18.6 17.1 21.4 20.1 18.1 17.4 17.6 17.2 16.9 17.8 19.1 19.6 19.5 19.4 19.9 20.7 20.9 21.6 22.3 25 24 22.9 22.9 23.1 23.4 23.7 23.8 24 24.2 24.4 24.6 24.8 25.3 26 26.5 27.2 27.9 28.3 28 28.4 29.4 30.6 30.5 30 30 30 30 30.7 31.1 32.1 32 31.8 31.6
15 15.2 15.2 15.2 15.2 13.8 13.7 11.6 12 12.3 12.2 12 11.7 11.3 11.1 11.1 11 14.1 17.8 20.3 21.5 21.6 21.5 21.4 21.3 21.3 20.6 19.7 18.8 18 18.2 18.9 19.6 19.2 18 20.9 20.3 18.6 19.1 19.3 18.8 18.2 18 18 19.3 19.3 19.4 20.2 21 21.6 22.3 23 25.1 24.2 23.8 23.6 23.8 23.9 24.1 24.3 24.6 24.8 25 25.1 25.3 25.5 25.6 26.3 27 27.7 27.5 27.8 28.1 28.5 29.1 29.6 30.2 30 30.1 30.6 30.9 31.2 31.6 30.7 30.8 29.6
14.6 14.5 14.7 15.2 14.6 12.6 11.4 11.5 12.2 11.8 11.8 11.8 11.6 11.5 11.3 11.2 12 14.8 17.6 19.9 21.6 21.6 21.6 21.5 21.4 21.3 21.3 20.6 19.7 19.3 19.5 20.2 20.8 20.4 19.4 20.5 20.1 20.3 20.8 21.1 20.4 19.7 19.2 19 18.8 19.2 19.7 20.6 21.5 21.6 22.1 23 25 25.1 24.6 24.4 24.5 24.7 24.8 25.1 25 25.2 25.4 25.5 25.7 25.9 25.5 26.2 26.9 27.1 27.3 27.6 27.9 28.2 28.7 29.2 29.5 30 30.6 30.7 30.9 31.1 30.2 29.6 28.9 28.8
14.8 14.6 14.6 14.6 13.5 12 11.5 12 12.3 11.3 11.4 11.4 11.4 11.2 11.1 11.7 12.8 14.4 16.9 19.6 21.3 21.7 21.6 21.5 21.6 21.9 21.6 21.5 21.3 21 20.7 20.7 21.2 21.3 20.7 20.7 20.6 22.1 22.6 22.7 22 21.3 20.6 20.2 20 19.6 20.6 21.2 21.4 21.5 21.7 22.3 24.5 25.6 25.5 25.1 25.3 25.4 26.1 26.7 25.5 25.2 25.2 25.5 25.8 26.1 25.4 26 26.7 26.9 27.2 27.4 27.7 28 28.4 28.8 29.1 29.9 30.3 30.3 30.5 30.5 29.4 28.7 28.6 28.5
14.4 14.4 13.8 13.6 11.9 11.3 11.5 11.8 11.8 11.2 11.1 11 11 10.9 11.6 12.9 14 14.3 15.1 19.1 20.9 21.7 21.8 22.1 22.4 22.3 22 21.9 21.7 22.3 22.2 21.8 21.7 21.7 22.3 21.6 20.3 23.8 24.5 24.4 23.7 23 22.3 21.6 21.1 20.2 21 21.1 21.3 21.4 21.6 21.7 23.5 25.3 26.1 26 26 27.1 28.7 28.3 27.1 26 25.7 25.4 25.4 25.1 24.8 25.5 26.4 26.7 27 27.3 27.5 27.8 28.1 28.4 28.7 29.7 30 30 30.1 29.5 29 28.3 28.3 28.2
13.9 14.2 13.7 12 11.3 11.6 11.8 11.8 12.2 11.5 11.1 11 10.9 11.3 12.5 13.9 14.2 14.3 15.7 18.8 21.2 21.9 22.6 22.9 23 22.7 22.4 22.2 22.4 23.1 23.7 23.4 23.2 23.5 24.2 25.2 20.6 26.4 27.3 26.4 25.9 25.2 24.5 23.8 22.1 21 21 21.2 21.3 21.5 21.7 21.7 24.1 24.9 25.7 26.5 28 30 30.2 29.8 28.8 27.2 26.5 26.2 25.3 24.6 24.3 24.7 25.8 26.6 26.9 27.1 27.4 27.7 27.9 28 28.2 29.2 29.6 29.6 29.3 28.4 28.2 28.1 27.9 27.9
13.1 13.4 12.1 11.2 11.5 11.8 12.1 12.4 12.4 11.7 11.1 10.9 11.3 12.2 13.3 14.2 14.3 14.3 16.2 18.6 20.6 21.8 22.9 23.7 23.4 23.1 22.8 22.6 23.1 23.8 24.6 24.2 24.9 25 25.9 26.8 20.2 29.8 29.7 28.5 28.2 27.7 27 25.1 23.2 22 21.5 21.4 21.7 21.7 21.6 21.6 23 23.1 24.2 25.4 27.8 30.7 31.1 31.3 30.5 28.7 26.4 25.7 24.8 24.1 24.8 25.2 25.4 26 26.7 27 27.3 27.5 27.6 27.7 28.1 28.4 29.2 29.2 28.7 27.9 28.4 28.5 28.2 27.7
12.4 12.5 11.1 11.1 11.3 11.6 11.9 12.2 12 11.6 11.1 11 11.3 11.9 13.3 14.3 14.2 14 16.7 19.8 21.9 22.6 23.7 23.6 24.1 23.5 23.2 23.2 23.9 25.1 26.2 25.9 26.6 27.7 28.2 29.1 20.1 30 32 30.8 30.1 30 28.4 26.2 24.3 23.2 22.2 21.7 21.6 21.6 21.5 21.5 24 22.3 23.3 24.6 27 29.4 31.2 31.6 30.7 28.8 26.1 24.7 24.2 23.6 25 25.1 25.1 25.5 26.2 26.9 27.1 27.3 27.2 27.4 28.1 28.3 28.5 28.8 28.1 27.5 28.3 28.2 27.7 27.3
11.5 11 11 11.1 11.2 11.5 11.8 12.1 11.7 11.3 10.9 10.6 11.9 12.5 14 14.2 14.3 12.9 16.1 21.3 22.6 23.5 23.4 23.2 23.5 24.1 24.2 24.5 25.6 26.7 27.7 27.7 28.2 29.3 30.4 31.6 19.8 27.4 33.1 32.7 32 30.1 28.1 26.8 25.2 24.4 23.7 23.1 22.3 21.6 21.5 21.4 24 21.9 22.8 23.7 25.4 27.1 28.5 29 28.9 27.2 25.4 23.4 23.1 23.5 24.7 25.3 25.1 25.4 25.9 26.5 26.9 26.9 26.8 27.4 28 28.2 28.1 28.1 27.5 26.9 27.8 27.2 26.7 26.8
11.2 11 11 11 11.1 11.3 11.6 11.8 11.4 11.1 10.8 10.6 12.4 13.3 14.3 14.3 14.3 13.4 17.5 21.4 22.2 22.8 23.2 22.9 23.1 23.7 25.2 26.7 27.4 28.3 29.3 29.1 29.4 30.4 31.5 32.2 19.6 25.9 32.9 32.3 31.1 29.6 27.5 26 25.7 25.5 25.3 24.6 24.1 23.3 22.5 21.7 24.2 21.6 22.2 22.9 23.4 24.8 25.8 26.8 27 25.2 23.4 22.3 22.1 23.5 24.3 25.1 25.2 25.6 25.5 25.3 25.4 26 26.3 27 27.1 27 26.9 26.9 26.7 26.3 26.9 26.2 26.5 26.8
11.1 11 11 11 11 11.2 11.5 11.7 11.4 11.1 10.9 11 12.5 12.7 13.5 14.3 14.1 14.1 17.7 20.1 20.9 22.1 23 22.5 22.8 24 25.8 28.5 29.5 29.7 30.7 31.1 31.2 31.3 32.1 33.1 19.3 24.5 32.3 30.7 29.5 28.2 26.8 25.9 25.8 25.6 25.7 26.5 25.9 25.1 23.7 22.5 23.9 21.6 22 22 22.3 22.9 24.1 25.5 24.8 24.4 22.3 22.9 22.7 22.7 23.3 25 25.3 24.7 25.2 24.5 24.9 25.2 25.8 26.3 26.2 26.1 26.1 26 26.2 26.6 25.9 26 26.4 26.7
11.2 11 11.1 11.1 11 11 11.1 11.4 11.7 12 10.9 11.3 12.7 12.7 12.7 12.7 12.9 13.8 16.2 18.9 19.7 21.4 22.8 22.2 22.8 24 27.8 29.5 31.1 32.4 32.9 32.7 32.9 33.1 33.3 32.1 19.2 24 30.4 29 27.4 26.2 25 24.9 25.1 26.2 27.8 28.8 28.3 26.3 24.4 23.1 23.7 22.2 22.3 22.6 22.2 21.9 22.6 23.3 22.6 22.2 22.7 23.4 23.6 23.9 23 24.2 24.1 23.6 24.7 24 24.7 25.5 26.3 26.7 26.2 25.7 25.6 25.6 25.9 25.1 25.1 25.3 26 26.6
10.7 11.1 11.6 11.9 11.8 11.6 11.2 11.2 11.5 11.8 12 12.3 12.7 12.7 12.7 12.7 13 15.4 17.6 19.1 20.3 21 22.9 22.5 23.4 24.9 28.4 30.2 32 33 33.4 33.5 33.5 33.7 33.6 32.6 19.2 23.6 28.3 26.9 25.5 24 23.7 23.9 24.4 26.3 28.1 29.3 28.2 26.2 24.6 24 23.1 21.9 22.1 22.5 22.1 21.6 21.4 21.5 21.9 21.2 22.5 23.4 23.6 23.9 23.4 23.1 22.7 22.9 23.5 23.8 24.5 25.3 26.1 26.4 26 25.6 25.2 25.4 25.9 24.9 25.6 25.3 25.3 25.3
11.2 11.7 11.8 11.9 11.8 11.8 11.6 11.3 11.5 11.8 12 12.4 12.6 12.7 12.7 12.7 13.2 16.4 19.6 20.7 21.8 22.8 22.4 22.8 23.9 25.5 28.8 30.5 32.2 33.2 33.7 34 34.1 33.8 32.5 31.2 19.2 23.1 26.2 24.8 23.3 22.3 22.3 22.5 23.4 25 26.7 27.5 26.3 24.4 23.4 22.4 23.1 21.1 21.6 22.1 21.6 21 20.7 20.4 20.7 22.2 22.5 22.9 23.2 23.6 23.5 22.7 22.6 23.2 23.8 24 24.1 24.7 25.5 26 25.6 25.2 25 24.5 26.2 24.7 25.2 26 25.5 25.5
11.5 11.7 11.8 11.9 11.8 11.8 11.8 11.6 11.6 11.8 12.1 12.7 12.7 12.7 12.7 12.7 12.7 17.9 20.8 22 22.8 23.5 23.7 24.1 24.1 26.5 28.3 30.4 32.3 33.3 33.9 34.4 34.4 33.4 32.1 29.8 19.2 23.5 24.2 22.7 21.7 20.8 20.8 21.4 22.4 23.8 24.2 24.6 24.5 23.2 22.2 21.3 21.7 20.8 21.4 21.5 21.2 20.5 20.2 20 20.7 21.8 22.4 22.7 23 22.7 23 22.2 22.6 23.4 24 24.1 24.2 24.3 24.8 25.5 25.2 25 24.8 24.2 24.8 25.3 24.8 26 26.2 26.5
11.5 11.6 11.7 11.9 11.8 11.8 11.8 11.8 11.6 11.9 12.3 12.9 12.8 12.7 12.7 12.7 12.7 16.4 20.6 21.9 22.4 22.9 23.6 24.3 24.5 25.9 27.6 29.5 31.8 33.5 34.1 34.6 34.4 33 30.6 28.2 19.2 23.9 22.5 21.1 20.2 19.6 19.8 20.3 21.3 22.2 22.6 23 22.6 22.2 21 20.2 21.9 21.7 21.1 21.5 20.7 20 19.7 20.3 20.9 21.5 22 22.5 22.9 22.7 22.2 21.8 22.6 23.3 24 23.9 23.8 24 24.7 25.1 24.9 24.1 23.5 24.7 25.1 25.8 25.3 25.5 26.2 26.6
11.5 11.6 11.7 11.8 11.8 11.8 11.8 11.8 11.8 11.8 11.5 13 13 12.5 12.6 13.3 15.4 18.5 20.5 21.7 22.1 22.5 23 23.7 24.3 25.6 27 28.8 31.4 33.3 34.4 34.7 34 31.9 29.5 26.2 19 23.8 22.7 19.9 19.3 18.8 19.1 19.8 19.9 20.5 21.2 21 20.6 20.2 19.8 19 22.7 21.3 21.1 21.1 20.2 19.5 19.7 20.7 21.1 21.3 21.5 22.2 22.7 22.6 22.1 21.7 22.4 23 23.6 23.4 23.3 23.9 24.6 24.7 24.5 24.3 24.1 24 25.4 26.5 26.1 25.7 26 26.9
11.5 11.6 11.7 11.8 11.4 11.3 11.2 11.2 11.5 11.8 11.8 12.6 13.2 12.4 13.1 13.9 15.5 18.6 21 21.6 21.4 22 22.5 23.2 24.4 25.8 27.2 29.1 31.1 32.9 34.5 34.3 33.2 30.8 28 25.2 18.7 20.1 22.6 21.4 19.1 18.1 18.7 19.5 19.6 19.6 19.4 19.1 18.8 18.5 18.2 18.4 21.5 20.5 20.6 20.6 19.8 19 20 21 21.3 21.1 21.1 21.7 22 22.5 20.9 21.5 22.2 22.7 23.2 23 23.2 23.9 24.3 24.2 24.3 24.2 24 24.2 25.3 26.3 26.7 26.2 25.9 27
11.5 11.6 11.6 11.2 10.9 10.7 10.8 11.1 11.5 11.8 11.8 12.1 12.8 12.7 13.7 14.6 15.7 18.3 19.4 19.8 20.5 21.7 22.9 23.5 24.7 25.9 27.6 29.8 31.9 33.5 34.4 33.6 32.3 30 27.1 24.2 18.6 21.8 22.1 22 20.2 18.9 18.6 18.3 18.2 16.8 18.3 18 17.7 17.7 17.9 18 21.5 19.2 18.5 19.2 18.6 18.7 19.9 21.2 20.5 20.1 20.5 20.9 21.1 21.8 20.6 21.4 22.1 22.6 22.9 22.9 23.2 23.8 23.6 23.4 23.6 24 23.9 24.2 25.3 25.8 25.9 25 26.1 24.5
11.4 11.5 11.3 11.1 10.9 10.9 11 11.2 11.5 11.8 11.8 11.8 11.6 12.1 13 14.4 16.4 16.9 19.1 20.6 21.7 22.5 23.2 23.9 25.1 26.2 28.7 30.8 32.5 34 34 32.8 31.2 29.4 26.4 23.4 18.5 20.3 20.6 20 18.4 19 18.5 16.9 16.6 16.8 17.1 17.1 17.2 17.4 17.6 17.7 20.6 18 17.6 17.7 18.3 19 19.8 19.7 19.2 19.6 20 20.5 21.1 19.9 20.3 20.9 21.5 22.2 22.1 22.9 23.1 23.3 23 22.7 22.5 23 23.6 24.1 24.9 24.5 25.4 24.2 27.3 24.2
11.3 11.5 11.3 11.1 11 11.1 11.2 11.3 11.6 11.8 11.8 11.8 12.4 12.2 13.1 15.5 17.6 19.4 20.5 21.7 22.7 23.7 25.5 26.4 27.2 27.3 29.7 31.5 33.2 33.9 33.3 31.8 30.1 28.5 25.7 22.4 18 18.4 19.2 16.7 17.4 17.7 18.1 16.9 16.6 16.8 17.1 17.3 17.7 18 18.2 18.4 20 18.1 18.3 18.1 18.1 18.2 18.8 18.6 18.7 19.1 19.6 20 20.4 19.1 19.5 20.1 20.8 21.8 22.3 22.7 22.8 22.7 22.4 22.1 21.9 21.9 22.8 24 23.5 23.8 25.1 25.8 26.1 25.3
11.2 11.4 11.4 11.2 11.3 11.4 11.4 11.5 11.7 11.8 11.8 11.8 12 12.8 13.7 15.4 17.7 20 20.7 22 23.3 24.7 26.7 28.2 29 30.2 30.9 32.2 33.5 33.6 31.4 29.4 28.2 27.1 24.5 19.9 18 18.3 18 16.1 16.7 17.1 17.5 16.9 16.6 16.9 17.5 18.4 18.6 18.8 19 19.2 21.3 19.7 19.5 19.3 18.7 18.4 18.8 19.1 19 18.9 18.9 19.4 19.8 19.1 19.3 19.5 20 21.2 21.8 21.8 21.9 21.9 21.8 21.6 21.3 21.9 23 23.6 23.7 23.6 24.4 25 23 23.2
11.2 11.3 11.4 11.4 11.5 11.6 11.4 10.7 10.8 11.8 11.8 11.8 11.9 12.6 13.4 15.1 17.4 19.7 21.4 23.2 24.9 26.6 28.3 30 31 31.5 32.1 32.6 32.3 30.3 28.3 26.3 24.6 23.4 22.4 19.6 17.6 17.2 16.6 16 16.1 16.5 16.9 17.1 18.5 18.8 19.1 19.2 19.4 19.6 19.8 20 21.1 20.1 19.6 19.3 19 18.7 19.3 19.5 19.4 19.3 19.2 19.1 19.2 19.2 19.3 19.5 19.7 19.8 20.1 20.6 20.9 20.9 20.9 20.9 20.7 22.1 22.7 23.2 23.6 23.2 22.9 25.5 23.2 23.1
11.3 11.4 11.4 11.3 11.6 11.6 11.7 11.8 10.9 11.8 11.8 11.8 11.8 12.3 13.3 15.8 18.3 22.2 23.9 25.6 27.3 29.2 30 31.3 31.8 32.3 32.8 32.6 29.5 27.5 25.5 23.7 22 20.4 19.7 16.9 17.3 16.8 16.2 15.9 16 16.9 17.9 18.9 19 19.3 19.7 20.1 20.3 20.4 20.5 21.3 22.2 20.3 19.9 19.6 19.3 19 19.8 20 19.9 19.8 19.7 19.6 19.5 19.5 19.6 19.8 19.9 19.8 20.1 20.3 20.2 19.9 20.1 20.3 20.5 20.8 21.5 22.2 23 22.4 22.2 23.4 23.7 23.3
11.4 11.3 11.3 11.2 11.4 11.2 11 11 11.8 11.8 11.8 11.8 11.8 12.2 13.5 16.6 20.8 24.6 26.5 28.5 29.8 30.7 31.4 32.1 32.6 32.9 33.3 31.6 28.3 24.8 22.9 21.2 19.6 17.9 19 16.3 16.8 16.7 16.1 15.8 16.7 18 18.9 19.2 19.4 19.8 20 20.2 20.6 21 21.1 21.3 21.5 21.9 20.9 19.9 19.6 19.3 20.1 20.4 20.3 20.2 20.1 20 19.9 19.8 19.9 20.1 20.2 20.1 20 20.3 20 20.1 20.3 20.5 20.6 20.7 20.9 21.6 22.1 21.9 21.6 21.9 23.1 23
11.4 11.2 11.1 11.1 11 10.4 11.2 11 11.8 11.8 11.8 11.8 11.7 12 14.6 19.4 24.2 27.7 29.5 30.5 31.4 32.1 32.8 33.3 33.5 33.1 32.1 29.6 26.4 23.1 20.4 18.9 17.3 15.7 15.2 17.4 13.8 15.7 15.7 16 17 18.4 19.2 19.5 19.6 19.6 19.7 20.4 20.8 21.1 21.4 21.8 22.2 21.9 21.4 20.8 20.3 19.6 20.4 20.9 20.8 20.6 20.5 20.4 20.3 20.2 20.2 20.4 20.4 20.3 20.2 20.3 20.5 21 20.4 20.8 20.8 20.9 21.2 21.8 22.2 22.3 22.1 21.8 22.8 22.4
11.1 11.1 11 11 10.9 10.8 10.2 11.3 11.1 11.8 11.8 11.8 11.8 12.2 15 20 25.8 29.3 30.9 32 32.8 33.2 33.5 33.6 33.1 31.3 29.4 27.1 23.8 21.4 19.6 16.7 15.2 15.2 15.4 17.4 20.4 16.3 16.6 16.2 17.2 18.8 19.1 19.1 19.2 19.2 19.9 20.6 21 21.2 21.5 21.9 22.3 21.9 21.4 20.8 20.3 19.9 20.5 21.3 21.2 21.1 20.9 20.8 20.7 20.6 20.5 20.6 20.6 20.6 20.5 20.7 21.2 21.3 21.7 20.9 21 21.1 21.2 21.7 22.1 22.6 22.6 22.4 22.1 22
11 11 10.9 10.9 10.8 10.7 10.5 10.8 10.8 11.5 11.8 11.8 11.7 11.9 14.6 20.8 27.3 31 32.2 33 33.3 33.6 33.7 33.2 31 28.1 25.3 24.5 22.1 20.6 18.9 16.1 14.9 15.1 15.4 17.4 20.5 18.2 17.5 16.9 17.3 18.3 18.2 18.7 18.8 19.4 20.1 20.8 21.1 21.4 21.7 22 22.3 21.9 21.4 20.8 20.5 20.5 20.6 21.4 21.5 21.5 21.4 21.3 21.2 21 20.9 21.3 21.4 21.2 21.5 21.8 21.6 21.2 20.7 21.3 21.5 21.7 21.7 21.8 22 22.5 22.9 22.8 22 21.8
10.9 10.8 10.8 10.7 10.7 10.7 10.5 10.4 10.7 11 11.4 11.3 11.4 12.1 16 22.4 29.3 31.6 32.8 33.2 33.5 33.2 32.6 31 28.2 25.1 22.4 21.9 20.2 18.3 16.6 15.3 14.7 14.8 16.4 17.4 20.3 17.7 17.1 17.1 17.3 17.1 18.3 18.7 19 19.6 20.3 21 21.3 21.6 21.8 22.1 22.3 21.9 21.4 21.2 21.1 21 20.9 21.9 21.6 21.8 21.9 21.8 21.6 21.5 21.8 22.4 22 21.9 22.2 22.3 22.4 22.2 22 22 22.4 22.3 22.2 22.2 22.4 22.6 22.9 23.3 22.7 22.5
10.8 10.7 10.7 10.6 10.6 10.5 10.5 10.4 10.5 10.6 10.9 10.8 11.4 12.8 18 25.2 29.6 31.7 32.6 33.1 33.4 32.3 30.2 27.6 24.8 22.4 20.8 20.1 18.3 16.3 15.3 14.4 15.6 16.4 18.8 17.4 18.2 17 17.3 19.2 18.6 18.6 19 19.2 19.5 19.8 20.4 21.1 21.4 21.7 22 22.1 22.3 21.9 21.8 21.7 21.6 21.6 21.5 21.9 21.8 21.9 22.1 22.2 22.1 22.1 22.5 22.7 22.7 22.6 22.8 22.8 22.9 22.9 22.8 22.9 22.9 22.8 22.8 22.7 22.7 22.9 23.2 23.4 23.5 23.7
10.6 10.5 10.4 10.5 10.6 10.7 10.9 11.7 11.4 11.1 10.8 11 11.6 14.6 20.7 28 30.5 31.9 32.5 33 32.3 30.5 27.5 24.5 22.5 21 19.4 18.2 16.5 15.3 14.9 14.8 16 16.9 18 17.4 17 17.1 17 17.5 18.5 19.2 19.5 19.8 20 20.3 20.6 21.3 21.6 21.8 22 22.1 22.2 22.4 22.3 22.2 22.2 22.1 22 22 21.9 22 22.2 22.3 22.5 22.7 22.9 23.1 23.3 23.3 23.3 23.4 23.4 23.5 23.5 23.5 23.4 23.4 23.3 23.2 23.2 23.2 23.5 23.1 24 23.5
10.7 10.8 10.9 10.9 11 11 11.1 11.1 11 10.9 10.8 10.9 13.2 17.5 23.7 29.1 30.6 31.5 32 31.6 29.6 27.6 25 22.4 21.1 19.6 18 16.5 15.5 14.9 14.5 14.8 16.1 17.4 19 17.4 17.4 16.4 17.8 18.2 19 19 19.4 19.9 20.3 20.8 21.1 21.5 21.6 21.7 21.8 21.8 22.2 22.4 22.5 22.7 22.7 22.7 22.6 22.5 22 22.2 22.3 22.7 22.6 22.8 23.1 23.3 23.5 23.6 23.6 23.6 23.6 23.6 23.7 23.8 23.9 24.1 24 23.9 23.7 23.7 23.5 23.6 24.6 24.7
10.6 10.6 10.7 10.8 10.8 10.9 11 11 11.1 10.9 10.9 11.5 15.1 20.3 26.7 29.4 30.1 30.4 29.9 28.5 26.2 24.2 23 20.4 19.8 18.3 16.7 15.4 15.3 14.6 14.3 14.9 16.1 17.5 18.9 18 18.2 17.4 17.3 18.2 18.9 18.6 18.9 19.4 19.8 20.3 20.8 21.6 21.7 21.8 21.9 22 22.8 22.7 22.7 22.8 22.8 22.9 23.1 23.1 22.7 22.3 23 22.5 22.7 22.9 23 23.2 23.4 23.7 23.7 23.8 23.8 23.8 23.8 23.9 24.1 24.3 24.4 24.7 24.6 24.4 24.7 25.1 25.1 24.9
10.5 10.5 10.5 10.6 10.7 10.8 10.7 10.7 10.9 11 11.2 13.5 19.1 25.1 27.9 29.7 28.1 27.3 26.9 25.5 23.1 21.6 20 18.5 18.4 16.9 15.1 14.9 15.2 14.4 15.4 15.9 16.4 16.9 17.5 18.1 18.9 17.7 18 18.3 18.4 18.5 18.8 19 19.4 19.9 20.3 21.6 21.8 21.9 22 22.6 23 22.7 22.7 23.1 23.1 23.2 23.2 23.3 22.8 22.3 22.4 22.5 22.6 22.8 23 23.1 23.3 23.7 23.9 23.9 23.9 23.9 24 24.1 24.3 24.4 24.6 24.7 24.9 25.3 25.1 25.2 25.1 24.9
10.6 10.4 10.4 10.4 10.5 10.6 11.8 10.6 10.8 11.3 13 18.4 23.7 27.8 28.8 30 27.3 24.6 23.9 22.4 20.3 19.5 18.6 17.1 16.8 15.4 14 13.8 14.1 14.7 15.8 16.7 17.2 17.6 16.7 19 18.3 18.5 18.8 19.2 19.4 19.4 19.4 19.4 19.4 19.5 19.9 21.6 22.1 22 22 22.2 22.9 22.3 22.3 22.3 22.3 22.3 22.3 22.4 22.2 22.3 22.4 22.4 22.5 22.7 22.9 23 23.2 23.6 23.9 24 24 24 24.1 24.3 24.4 24.6 24.8 24.9 25 25.1 25.3 25.2 25.1 24.9
10.6 10.4 10.3 10.2 10.3 10.4 11.4 12.8 12.8 14.2 18.2 24.4 27.5 29.1 29.6 28.8 26.5 23.8 21.1 19.2 18.4 17.9 16.6 16.1 14.9 14.1 13.8 13.2 13.6 14 15.1 16.4 17.5 18.4 16.2 21.8 18.8 19.2 19.5 19.9 20.3 20.3 20.2 20.2 20.2 20.1 19.7 21.2 21.5 21.5 22.3 21.9 22.3 22.4 22.6 22.7 22.9 23.1 22.3 22.2 22.3 22.3 22.4 22.3 22.4 22.6 22.8 22.9 23.2 23.5 23.9 24.2 24.2 24.2 24.3 24.5 24.6 24.8 24.9 24.9 25 25.1 25.3 25.3 25.2 25.5
