UK/data/sd/sd59_OST50GRID_20230518/SD59.asc
ncols 200
nrows 200
xllcorner 350000
yllcorner 490000
cellsize 50
[rows 0 to 35 of 200, columns 81 to 161 of 200]
208.2 210.3 212.5 210.7 210.8 209.6 208.9 208.1 206.1 209.3 212.5 211.9 202.8 199.1 196 189.9 178.5 169.7 158.7 151.8 145.7 142.7 142.2 144.6 148.6 138.9 139.1 141.5 146 151.5 158 159.3 168.9 163 165.2 172.6 182.5 188.8 192.5 196.5 201.4 207.8 215 219.4 226.6 234.6 240.5 247.4 255.8 263.1 270.7 277.6 284.6 290.5 299.1 303.1 307 308.9 310.3 312 315 324.4 336.6 347 358.9 364.8 366.9 365.7 359.3 353.1 352.1 344.8 339.9 333.2 326.9 331.8 338.8 342.3 348.2 352.5 352.2
207.8 208.5 208.3 209 204.8 203.2 202.8 201.7 201 203.3 204.7 204 199.3 196.6 190.6 178.1 169.5 160.8 154.7 148.5 145.3 144.3 143.4 146.9 145 138.3 139.5 145.8 152.5 162 170.1 174.2 179.4 165.7 166.2 171 179.9 187.7 192 195.9 200.1 207.4 211.5 216.8 223.3 229.7 237.1 243.2 251.2 258.8 266.3 271.4 275.4 280.2 285.5 290.2 294.4 299.4 300.8 303.9 307.6 313.3 324 333.1 341.9 346.7 346.5 344.4 338.9 336.5 333.9 328.2 322.7 316.9 315.9 319 323.4 327.7 332.1 336.9 337.1
202.4 205.3 206.5 208.6 205.6 203.5 200.8 197.3 195.1 196.9 198.5 196.4 193.1 188 181.9 173 165.3 157.6 154.2 148.9 149.1 149.9 144.8 144.9 140.2 138.1 140.8 150.3 157.5 165.3 173.8 179 181.5 166.4 165.8 170.6 180.6 188.9 193.5 197.8 200.3 203.7 206.4 212.4 219.5 225.7 231.9 237.3 245.5 253.4 260.4 263.6 266.6 269.4 271.9 275.8 280.4 288.9 290.6 296.4 299.9 304.1 313.5 324.7 332.2 332.6 328.2 325.1 323.1 318.7 316.8 311.9 308.1 303.5 305.4 307.1 311.5 315.6 319.1 322.4 323.4
199.8 204.2 206 207.3 207.8 209 207.2 202.1 194.4 193.5 192.7 188.3 186.4 182.4 176 169.1 166.1 161.6 160.3 155.7 153.6 151.2 144.9 139.3 138 136.9 142 152.3 159.2 167.9 175.6 178.6 180.7 166.8 164.6 169 181.1 190.5 194.1 198.2 197.7 197.7 202.2 208.3 215.6 222.7 226.9 231.1 237.2 243.5 250.8 255.1 257.7 258.8 260.8 265 267.9 275.8 280.7 285.9 289.7 294.9 305 316.1 322.4 321.9 316.6 315 312.2 308.4 304.5 299.7 295.5 295.2 297.8 298.4 303.3 305.1 307.7 310.7 314.7
197.8 202.9 205.5 208 208.5 212.8 211.9 206.6 197.1 192.1 188.8 182.1 177.3 175.2 173.4 172.3 168.2 162.8 159 154 150.6 144.5 142.6 143 137.1 136.5 139.1 152.6 160.8 168.9 173.5 176.6 176.8 169.3 164.9 169.6 179.1 189.3 192.5 194.7 192 192.7 198.1 203.3 214.2 217.8 220.5 223 228.7 236.2 241.5 246 249.3 249.3 249.2 251.6 257.4 264 270.8 273.9 277.3 284.3 296.6 307.1 311.4 309.2 308.5 306.4 304.4 299.9 296.3 292.4 290.2 293.2 293.9 294.4 297.9 298 299.1 305.2 311.1
196.3 204.9 208.4 211.9 213.9 217.2 214.6 204.9 196.3 191.5 190.9 184.8 181.2 181.4 177.9 173.1 164.7 162.1 155.5 151.7 147.7 144.6 141.1 141 136.5 136.2 138.6 149.7 157.5 162 167.1 171.2 172.8 170.7 166.6 171 176 185.6 188.9 188.9 185.1 187.2 191.7 201 208.5 210.1 212.5 215.8 219.9 227.6 232.5 237.1 238.9 239 239.8 241.5 242.7 254.6 260.8 264.2 269.6 278.3 287.8 296.8 299.8 297.4 298.3 299.1 297.7 294.5 289.9 287.6 289.2 291.9 290.8 291 292.4 290.5 295.2 302.6 309.2
194.3 203.3 208.4 213 216.5 220.3 214.8 203.9 196.8 191.7 192 190.9 186.1 183.7 178.3 172 165.7 160.5 153.1 150.4 146.3 142.1 138.7 136.3 136.1 135.8 136.1 138 148 153.4 158.6 164.8 167.5 167.1 166.3 171.7 172.6 179.9 183.8 182.2 177.4 180.4 186.2 196.5 201.3 203.7 205.7 209.1 212.4 218.8 224.9 228.8 228.2 229.5 230.4 233.8 237.4 244.7 249.8 256.5 262.7 272.3 280.5 287.2 289.2 288.2 289.9 291.5 291.1 287.2 282.9 284 287.5 286.6 285 286.6 285.1 284.5 294.7 302.6 306.7
190.6 197.3 206.2 212.8 218.2 220.8 213.7 203.7 196.1 191.3 190.9 191.5 184.8 181.8 176.7 169.7 165.5 157.2 152.9 148.4 145.3 140.5 136.5 136.2 135.9 135.6 135.3 135.3 139.3 144.1 147.9 155.5 159.6 159.2 164.3 169 163.6 174 178.6 176 172.4 175.1 183 189.2 192.5 197.8 200.6 202.9 204.6 210.3 216.6 221.8 221.3 221.5 223.3 221.3 224.9 231.6 240.9 248.1 255.6 263.8 270.5 276.9 279.5 280.5 280.6 282.5 282.4 278.4 274.6 280.1 282.3 279.9 278.7 279.5 275.7 280.8 294.7 298.3 302.4
191.4 195.1 203.5 210.2 216.7 216 209.2 203.2 199.2 194.4 192.8 190.7 185 185.2 181.7 174.4 167.1 154.7 149.6 145.5 144.1 138.7 135.3 135.6 135.4 139 135.2 134.7 134.8 135 135.6 145.1 150.9 155.4 159.9 155.5 156.2 164.2 171.2 168.2 167.9 175.8 182.3 185 188.1 193.6 194.7 196.9 197.5 198.2 207.8 211.6 213.5 214.5 214.8 210.5 213.1 222.4 234.9 240.4 246.6 253.5 260.1 266.4 268.9 271 271.7 273.6 273.5 271.2 269.7 273.7 274.1 272.3 271.5 270.3 268.3 279.2 288.5 291 297.3
191.4 192.3 200.6 204.3 208.8 209.3 202.8 198.4 196.1 194.4 197.4 197.9 192.2 191.5 182.5 172.9 163.2 154.1 148.5 146.8 144 137.9 135.1 135.1 138.7 143.8 134.1 134.4 134.1 134 134 137.2 143.3 148.8 148.9 146.3 154.6 161 163.9 164.6 173.5 182.3 185.2 179.8 183.4 192.6 195.9 197.4 191.9 184.8 194.1 200.5 204.6 206.3 205.1 202.4 204 219 227 232.2 238.1 242 248.8 255.5 257.9 259.1 266.2 266.2 265.4 263.4 261.1 263.6 264.7 264.7 263.8 266.4 263.9 273.6 277.4 281.7 290.6
191 188.4 195.5 199.2 201.1 200.9 195.8 194.2 193.8 193.9 202.2 202.6 199.1 192 182.3 171.2 161.5 153.3 146.5 146.1 142.2 135.9 135.2 135 143.8 145.5 140.4 134.3 133.5 133.4 133.3 133.7 137.6 139.5 136.2 142.4 154.3 158.5 158.5 166.9 176.4 183.5 184.4 179.3 187.9 191.7 193.1 193.9 186.1 175.4 183.5 191.8 196.1 198.5 196.7 193.2 200.1 216.3 218.3 223.6 230.3 234.7 238.7 242.8 247.1 251 258.7 255.7 256.7 254.3 249.1 251.5 255.1 255.1 258 259.3 254.6 266.3 266 271.9 283.6
189.8 185.9 187.9 190.5 191.1 193.9 192.9 194.1 193.8 198.3 205.4 205.5 201.6 191.7 180 168.5 159.1 154.4 148.4 146.6 141.7 139 134.4 135.9 144.8 145.6 141 134.9 133.9 132.2 131.7 132.4 133.1 133.2 132.9 140.5 153.1 155 157.7 167.3 174.5 179.7 178.7 177.1 185.3 186.7 186.9 187.6 184.4 172.6 173.5 183 187.9 192.6 193.6 189 198.1 210.5 210.2 212.7 220.5 224.1 225.9 230.3 236.9 242.3 248.8 247.2 248.9 247.2 240.4 241.8 244.1 246.7 251.5 250.5 247.5 252.5 254.1 262 273.9
183.8 180.2 179 180.8 187.7 190.8 192.3 192.6 191.5 200.5 205.4 204 200.1 191.2 179 170.2 160.7 157.5 151.9 146.6 141 137.9 133.7 137.2 141.8 142.5 139 133.1 132.5 133.2 132.7 132.2 132.4 132.2 132.1 139.9 151.6 151.1 159.6 165.8 171.1 174.1 170.5 171.9 178.6 179.5 179.3 179.6 181.4 173.7 167.5 172.5 180.8 188.8 189.5 187.5 196.1 205.3 202.2 202.9 208.4 212.4 216.8 221.6 224.8 228.6 235.1 237.5 241.3 239 236.3 235.6 238.4 240.7 240.2 237.7 238.2 239.8 245.9 253.5 264.8
180.8 175 176.4 180.9 188.5 190.2 190.4 192.7 190.5 197.3 198.4 198.3 195.9 189.4 178.4 168.1 159.4 153.2 147.3 140.7 137.3 135.3 133.6 135.9 138.9 137.6 135.2 133 132.3 132.2 132.3 132.3 132 132.4 133.2 138.2 147.1 152.2 160 162.4 166.3 169.2 165.3 164.3 169.1 169.7 175.1 177.9 173.2 172.8 168.3 169.2 173.2 183.8 183.2 186.4 191 199.1 195.8 193.7 199.3 206.7 209.4 211 214 216.2 222.4 229.3 230.2 232.1 231.5 232.1 233.1 235.2 235.6 235.2 235.2 234.9 237 248 260.7
187.6 173.3 175.1 184.6 186.4 187.4 190.8 190.5 187.7 189.6 189.5 190.5 189.7 185.5 175.9 167.8 156.2 149.7 146 142.5 139.7 135.8 133.5 133.7 134.2 132.7 132.1 132 131.8 131.7 131.6 131 131.6 131.5 133.7 137.3 144 151.5 158.3 158.3 160 164.4 162.3 160.3 161.5 167.8 174.5 181 170.8 166.5 167.9 168.6 171.2 174 185 190.3 189.6 191.3 187 183.3 192 200.9 201.7 202.6 206.3 209.7 215.7 218.7 226.8 229.8 230.2 230.8 233 238 238.2 235.1 234.8 234.7 233.7 245.3 257.6
187 174.5 172.6 180.3 186.5 188.1 187.3 186 181.1 181.6 181.9 183.9 183.5 180.2 173.1 169.2 159.4 152.7 150.5 147.6 141.5 137.7 133.1 132.5 132.6 132.3 131.7 131.6 131.5 131.4 131.3 131.7 131.4 131.1 131.9 137.8 140.6 150.3 156.7 154.7 154.5 157.9 162.1 159.9 160.6 169.2 173.5 177.4 168.6 166 166.9 168.3 172.8 175.8 184.2 189.3 187.3 182.9 178.8 179.9 188.5 195.2 195.8 196.8 200.9 210.2 219.8 226.7 232.6 232.2 233.1 235.1 238.7 239 236.9 235.4 232.5 230.1 233.6 244 256.4
183.4 175.1 170.1 175.6 183 182.8 182 181.6 177.9 177.6 176 177.6 177.3 174.5 172.4 173.1 163.5 153.8 147.1 141.9 138.3 137.4 134.1 133 134.7 135.4 132.6 131.6 131.2 131.1 131.1 131.3 131.4 130.9 131.2 133.6 139.6 150 154.5 154 153.9 154.9 161.3 161 160.2 164.4 166.5 166.1 166.1 165.7 166.9 168.5 175.9 183.3 188.8 189.8 188.3 185.5 179.2 180.5 185 186.5 189.6 199.1 206.6 214.9 221.9 230.6 235.7 236.1 237.4 240.1 243 242.2 239.2 235.6 230.1 227.6 232.6 245.3 255.1
180.5 172.5 165.7 171.9 178.4 176.5 178 179 176.8 177.1 173.9 171.1 171 170.7 172.7 169.6 160.4 152.4 146.5 142.4 141.1 139.4 139.4 144.4 143 139.5 135.7 135.6 131.3 130.6 131 131.3 131 130.7 130.9 135.8 144.2 151 152.3 155.3 155.1 154 159.2 160.9 158 160 163.9 165.1 164.7 165.4 166.7 172.4 177.5 181.5 190.8 192.1 191.1 188.5 179.7 180.5 182.5 186.5 190.8 197.2 207.9 215.5 223.7 230.3 232.2 236.8 240.8 242.4 244.3 244.2 240.2 233.5 227.2 224.3 229.7 245.2 252.4
177.3 167 161.9 167.7 174.1 174 179.8 178.2 173.6 172.6 170.6 167.3 165.8 166.9 168.7 165 160.9 157.9 153.9 148.6 146.3 144.8 146.9 149.7 144.3 139.5 135.6 134 130.5 130.2 130.2 130.6 131.1 132.7 131.6 139.1 145.6 151.8 150.1 150.9 149.9 149.9 160.1 160.8 156.9 157.4 160.5 164.1 164.1 165.8 170.4 179.5 179.9 186.1 190.5 191.1 189.8 183 178.1 182.4 187.1 190.5 191 197.1 208.5 216.4 225.1 225.9 228.1 233.2 238.6 239.8 242.3 241.8 238.8 231.4 224.2 220.7 226.2 242.9 248.3
170 160.7 159.6 164.4 170.4 173.3 176 173.5 173.5 172.7 167.1 164.4 164.1 165.2 164.6 164.3 165.3 163.2 161.2 155.8 149 148.2 150.5 147.1 142.2 138.1 135 131.9 132.6 129.9 129.7 130 131.5 132.9 134.6 138.2 144.1 143 149.5 149.8 147.7 151.4 159.3 161 157.7 158.9 165.8 164.4 166.6 169.8 177.2 183.2 184.6 186.6 190.5 190.4 189.6 179.1 180.1 188.4 190.4 190.2 193.3 200.4 208.4 214.2 220.8 221.1 223.7 230 233.3 234.6 235.5 236.4 236 232.4 223.5 218.8 221.5 237.3 242.3
163.9 158.6 159.3 162.1 166.1 169.6 174.1 172.2 173 170.9 165.7 165.2 164.1 163.7 163.5 162.7 164.1 166.1 170.2 161.3 154.5 154 151.5 145 140.7 137.3 134.8 134.1 134 130.3 129.5 130.6 132 134 138.4 131.8 132.9 143.5 146.4 146.5 144.8 152.4 158.7 160.9 158.7 162.7 169.5 165.9 170.5 173.6 180.5 183.8 184.8 186.9 189.4 188.9 182.9 176.1 184.5 193.5 191.8 191.4 195.1 201.1 203.8 206.4 212.3 216.1 219.5 225.3 226.6 228.2 229 231.6 235.4 235.2 225.2 216.5 219.8 234.2 235.9
159.2 158.3 159.2 159 160.5 164.6 172.6 170.3 172.4 169.5 166.6 165 163.4 164.9 162.3 161.8 162.8 169.6 172.7 165.6 163.7 157.2 148.2 144 140.1 137.7 137.7 136 134.9 129.1 129.3 131 136 138.2 140.4 131.3 132.9 142.5 143.6 143.5 143.3 152.2 153 155 162.7 168.1 167.1 167.7 170.2 173.6 179.1 181.4 182.2 185.7 187.4 186.5 178.4 179.9 192.2 192.7 190 190.5 195.5 196.6 195.1 200.5 205.9 210.4 213.5 216.2 219.2 221.3 226.5 231.8 236.7 233.9 225.8 216.7 217.6 229.2 233.9
158.3 157.2 157.6 157 158.6 161.1 165.5 167.4 170.4 166 163.3 160.1 159.5 163.2 159.2 160.2 163.2 171.3 170.8 166 161.9 153.8 144 141.1 138.3 138.4 142 139.1 135.4 129 129 132.2 143 145.5 143 132.1 134.5 141.8 142 141.8 143.8 146.5 151.6 161.9 164.6 171.5 165.8 167.9 169.1 171.8 175.2 177.9 181.8 184.9 185.3 181.9 176.5 185.8 190.4 186.9 182.9 184.8 189.7 187.3 190.7 199.6 202.7 203.9 206.8 210.9 213.5 218.1 223.6 227.8 234.3 228 222.4 216 217 228 229.4
157.2 156.2 156.1 157.6 160.2 159.9 161.2 164.6 167.7 163.2 161 157.7 158.4 157.3 159.9 159.9 160.3 166.3 165.9 162.2 156.1 146.2 142.9 139.8 138.2 144 151.2 144.7 134.7 128.5 128.7 135.7 149.2 151.6 144.7 132.8 134.4 138.3 139.8 140.9 143.5 147.7 155.1 162.7 164.8 166.2 165.6 166.5 165.8 167 170.6 176.2 183.3 185.9 183.4 179.7 177.5 184.6 182.9 175.7 167.9 169.8 178.3 184 193.9 195.5 195.6 197.3 201.4 204.2 209.1 214.5 218.8 224.1 229.7 223.1 217.6 210.3 216.4 220.7 218.8
154.9 157.8 157.4 158.9 157.8 156.8 158.1 162 164.6 160.9 157.4 159.1 156.1 155.5 156.3 156.3 158.6 159.5 156.7 153.9 149.1 144.8 142.5 140.7 144.5 154.1 154.4 143.8 131.5 128.4 129.2 141.4 151.5 151.1 143 131.4 132.1 138.8 142.3 142 148.6 153.4 157.5 161.4 163.6 164.3 164.4 163.3 161.5 161.4 165.2 175.7 183.5 186.1 182 175.1 173.7 171.4 167.9 174.4 173.9 173.9 182.2 191.3 197.1 199.2 200 195.5 194.7 199.5 204.5 209 213.1 218.4 222.7 216 211.6 202.9 199.5 205.8 214.8
155.4 158.7 164.4 168.6 161.8 157.5 159.2 160 160.5 157.4 156.3 157 155.5 155.8 155.2 154.1 155.5 152.3 151.2 147.6 140.7 143.3 138.8 137.8 148.8 156.3 151.7 138.9 128.7 128.1 132.5 143.2 149.6 147.8 135.4 129.9 130.8 136.4 140.1 141.4 149.3 156.9 163 162.8 163.5 163 161.3 159.7 160.2 160.2 163.3 176.2 183.5 187 181.8 169.2 159.8 157.1 168.8 180.9 179.7 181.2 194 200.3 202.2 204.4 203.6 195.6 188.6 192.8 197.5 202.4 207.7 213.9 212.4 203.6 194.4 193.2 210.4 217.2 223.4
159.9 164.6 175.5 176.8 163.1 156.7 154.9 153.9 157.7 156.4 156.9 158.8 155.9 155.4 154.3 153.6 155.7 151.5 147.7 144.3 140.5 139.6 136.5 140 149.4 151.4 143.4 131.6 127.9 128.6 136.6 143.4 147.3 144.9 131.1 129.1 130.3 135 140 141.6 149.5 161.1 165.4 163.9 164.1 163.3 161.2 159.4 159.4 162.9 168.4 174.6 183.9 187.4 181.9 171.6 159.9 164.2 182.2 183.6 182.9 187.9 196.1 201.3 205.4 205.1 200.7 195.4 186.6 183.4 192.9 196.6 201 205.5 202 192.6 201 208.7 214.1 219 222.2
162 168.5 177.4 181.3 165.8 153.7 152.6 152.9 154.3 154.2 155.6 155 154.8 154.5 154.4 153.9 149.1 148.5 143.4 139.9 138 136.6 137.4 139.7 143.8 142.9 134.2 127.8 128.3 131 139.3 144.6 144.8 142.3 129.5 128.7 128.9 134.9 138.5 141.1 151.6 163 165 163.7 165.3 163.2 161.3 161.6 162.3 167.9 176.3 181.5 185.6 187.3 179.6 173.2 166.8 178.4 187.6 184.6 183.7 186.5 188.3 196.9 203.9 203.8 197.2 193.2 189.7 178.1 186.9 185.2 191.8 195.8 185 200.1 205.1 210.7 214.6 215.6 216.9
159 174.8 182 181.6 171.7 158.5 154.1 152.2 152 153.3 155.7 159 158.9 151.9 152.8 148.5 143.4 141.9 139.1 138.4 137.7 139.5 141.1 137 139.7 137.2 129.5 127.3 128.8 132.9 139.1 141.8 140.2 136.5 129.7 128 128.6 132.3 135 139.9 150.1 162.7 164.5 164.8 166.5 164.8 164.9 162.9 162.9 172.6 181.2 185.1 188.9 184.7 177.3 172.3 172.7 186.1 188 180.5 179.2 178.9 180.9 189.8 198.1 199.3 191.3 188.1 185 180.9 175.3 177.4 179.3 176.7 194 203.2 207.4 209 208.5 210 212.4
161.7 176.3 184.4 181.6 173.4 159.6 153.5 152.7 152.8 154.5 156 162.3 160.2 149.9 149.2 149.8 144.5 142.9 142.5 140.4 139.4 146.1 138 133.9 134.7 132.6 127.2 127.3 127 133.1 136.6 138.5 136.2 133.7 130.2 127.8 128.8 133 136 139.3 148.7 160.3 164.4 165.9 166.3 166.8 167.3 165.8 167.6 175 180.9 186.1 188.6 181.7 175.6 172.7 178.7 186.6 180.9 173.7 168.5 169.8 171.8 176.7 188.7 190.3 186 183 180 174.7 170.2 172.6 181.9 190.7 198.4 202.9 204.8 203.6 204.3 205.5 208.1
160.9 173.9 178.8 179.3 172.3 157.8 152.7 152.3 152.7 150.6 159.8 165 160.1 150.2 150.2 148.1 144.5 144.9 143 140.8 142.2 146 135.1 130.7 132.9 130.1 126.7 126.5 126.3 130.6 132.7 135.6 134.7 130.8 129 130 131.5 132.5 135.9 139.4 147.2 157.9 162.4 164 166 169 167.6 166.1 168.8 174.4 178.4 184.3 183.8 178 173.3 174.2 182.3 183.4 169.3 157.9 153.6 157.9 156.8 166.2 178.7 182 183 181.9 178.6 174.1 168.9 175.6 182.1 189.3 193.8 197 198.7 197.4 198.7 201.1 204.7
157.9 164.2 170.3 172.3 171.7 156.7 149.8 149.8 149.4 149.4 159.8 167.4 162 147.6 145.6 145.3 146 145.4 141.5 138.3 141.7 140.8 131.1 129 127.9 126.9 125.7 126.6 126.2 126.6 128 130.5 129.4 128.9 130.1 130.5 129 131.5 133.2 137.7 146.8 155.5 159.1 161.1 167.1 170.7 165.8 164 167.7 170.9 175.6 180 177.7 173.4 171.8 176.4 183 178 160.6 149.9 148.7 151 151.9 159.9 169.1 175.4 181.3 182 181 177.6 165.1 173.3 178.7 183.5 183.2 183.7 188.1 191.4 193.9 197.4 200.9
150.9 154.4 160.9 166.4 166.9 151.1 148.6 152 152.1 149.4 162 166 159 145.8 145.1 144.4 141.6 138.5 138 137.4 137.7 136.4 136.1 131.6 128.8 128.1 127 127 126.1 126.2 125.8 125.9 126.6 131.6 135.5 133.7 132 130.4 132.5 137.5 146.1 152.8 156.6 159.3 167.2 167.6 160.8 160.3 161.5 163.5 170.5 173.5 171.7 169.6 170.6 178 180 171 158.5 151.5 149.4 149.1 150.6 152.5 161.3 172.1 181.5 183.8 181.1 176.7 163.2 167.7 168.6 168.9 169 176 184 188.1 191.5 194.4 198.2
146.7 146.2 151.4 158.7 160.5 148.6 149.4 157.8 154.9 152.9 159.6 162.3 150.3 144.3 143.9 143 142 145 142.3 140.5 140 137.4 134.8 132.4 132.8 132.2 129.6 125.1 125.7 125.6 125.3 125.5 126.4 132.2 138.5 138.4 132.8 130.7 133.1 135 140.4 148.7 152 157.8 163.9 159.3 153.7 151.3 151.1 151.1 157.7 165.3 165.6 164.8 170.2 177.4 172.7 164.9 158.6 156.4 155.4 150.6 149.4 150.5 156.3 170.5 180.4 182.1 180.1 168.4 162.4 164.9 164.8 167.8 171.5 174.7 181.9 185.2 188.3 191.9 197.5
145.7 145 145.3 151.5 152.7 148.6 153.4 158.6 152.6 151.6 156.7 155.6 142.6 142.7 143.9 143.9 144.8 144.8 143.5 142 137.9 133.7 132.2 131.6 133.1 133.4 130.3 124.9 125.4 125.4 125.7 126.4 130.1 136.5 142 142.4 132.6 133.7 134.6 133 140.9 144.5 147.6 156.8 158.1 150.6 144.8 142.4 141.6 143.9 149.8 157 158.3 161.3 168.7 171.7 167.8 163.1 160.5 160.9 159 151.9 151.4 150 154.4 169.3 176.4 177.6 175.4 158 163.3 166.1 169.7 171.8 173.4 174.2 179.2 182.7 186.1 190.8 196
146.2 145.2 145 145.7 145.9 145.9 154.5 154 146.5 149.7 150.9 143.4 141.6 142.8 143.1 142 144.6 152.3 154.1 146.8 135.7 131.4 130.5 131 135.5 136.7 128.1 125.7 125.4 128.6 130.7 135.7 139.9 143.5 147.5 140.3 131.8 134.6 129 128.2 133.7 138.7 144.2 154.5 154.6 148.8 148.5 141 140.3 140.9 142.3 145.9 149.9 157.2 164.3 166 166.2 164.5 164.5 165.7 159.2 151.2 149.9 149.1 154.2 165.3 170.3 173 164.1 164.8 177.2 171.5 169.9 171.7 174.4 174.7 175.7 178.5 185.4 191.4 196
