WholeMapElevations/data/nm/nm52_OST50GRID_20230518/NM52.asc
ncols 200
nrows 200
xllcorner 150000
yllcorner 720000
cellsize 50
[rows 0 to 34 of 200, columns 0 to 78 of 200]
285.7 291.3 292.6 286.7 277.7 267 257.7 255.2 248.2 228.1 212.7 195.5 181.3 163.8 142 124.5 111.6 98.6 83.6 64.6 73.5 79.8 81.1 84.7 83.9 85.3 83.9 80.2 78.6 82.6 79.1 80.5 79.6 79.5 81.8 81.7 81.7 82.6 82.3 76.6 81.4 83.8 90.6 98.8 106.3 123 130.8 123.7 125.5 130.9 136.7 137 133.6 133.3 134.3 125.3 117.4 101.5 82.8 86.3 102.7 113.9 126.6 140.4 130.6 117.9 101.2 90.3 75.4 54.2 51.8 52.6 51.1 59 54.8 63.6 56.1 46 39.2
282.4 282.9 286.9 285.9 276.4 267.7 263.1 256.7 245.2 230.1 213 196.1 181.4 162.4 145.7 123.1 109.3 95.7 81.7 69.9 57.4 68.5 67.5 67.6 66.8 64.9 65.6 63.6 65.2 64 61 63.2 63.5 63.3 61 59.4 59.6 60.4 58.1 62.1 60.7 62.5 69.1 78.8 95.7 113.6 117.4 112.1 121.4 118.6 125.4 123 122.3 122.1 121.6 122 109.4 89.5 69 63.7 82.4 96.9 103.6 126.3 123.1 116.3 97.9 90.8 69.7 50.4 41.2 48 45.5 46.7 45.1 48.1 45.5 39.9 31.2
280.5 277.8 281.1 282.7 277.8 269.3 264.6 255.6 246.4 230.2 216.5 196.2 178.6 158.7 142.9 122.4 106.4 91 77.1 67.1 55.5 49.1 54.7 52.2 51.2 50.5 50.5 46 51.2 50.7 51.1 49 49.7 48.7 46.9 46.3 45.8 43.1 40.7 44 42.6 48.2 53.4 71.9 86.7 98.7 103.3 106.8 103.9 100 103.9 107.4 112.9 110.7 103.9 108.2 97.5 76.8 55.2 46.2 60.9 79.6 84.1 98.6 112.2 102.1 88.8 85.4 65 47.7 40.1 37.6 38.2 36.4 36.2 37.2 33.5 31.8 25.5
277.3 273.3 274.4 275.5 279.2 271.2 264.4 257.9 247 230.6 215.5 196.6 174.3 155.8 140.2 118.7 98.2 85 71.1 60.4 50.2 39.8 40.6 43.1 41.7 39.7 39.7 40.4 33.9 35.1 35 35.4 34.7 36.6 32.3 33.3 29.6 27.2 27.2 27.1 29.2 34.7 46.6 56.9 75.5 87.4 92.3 95.3 94.5 94.1 91.8 95.2 97.6 95.4 88.3 89.7 85.6 63.3 41.2 34.8 47.9 62 60.6 69.9 76.2 76 74.1 72.7 57.7 43.4 38.1 31.1 31.5 26.5 28.5 27.8 27.1 26.5 20.9
275.6 270.2 264.4 269.5 268.5 272.4 262.3 254.7 245.9 229.4 210.8 192.9 171.8 153.5 135.5 113.6 91.2 77.1 64.8 54.3 43.6 37.5 30.3 35.3 35.7 33.9 33 30.9 23.2 25.6 27 26.1 23.4 19.9 18 18.9 8.3 5.2 5.2 6.7 11.3 24.1 34.1 49.2 58.9 78.8 91.1 95.7 92.1 89.3 87.1 91.4 90.2 82.9 84.6 72.6 71.7 50.5 32.1 26.9 37.2 44.7 46.8 48 51.3 54 54.3 56.3 51.7 39.4 38.4 37.9 28.2 25.3 26 25 23.6 22.1 18
272.7 271.3 260.5 258.6 261.2 261.7 258.7 249.8 236.9 222 203.7 189.6 168.9 143 121.2 102.8 87.8 72.3 57.6 46.4 39.1 33.2 27.3 28.5 29.5 27.3 24.1 23.7 15.6 14.1 16 12 12 6.9 4.7 2.3 1.2 -1.3 1.2 3.7 6.3 10.9 27.1 38.6 50.6 72.1 94.5 95.9 93.5 89.5 85.8 88.8 83.7 75.2 66.8 54.2 46.5 37.3 23.3 18.9 25 29.2 32.1 33.1 38.6 41 41.4 44.6 45.1 39 38.9 42.2 29.9 25 22.5 22.7 20.3 18.9 16.6
266.4 267.3 258.2 249.5 251.6 249 242.3 230.7 221.5 208.5 192.9 176.1 151.7 124.4 104.7 91 79.6 67.9 48.6 37.3 29.3 22.6 16.8 20.3 23.7 20.3 16.9 15.1 5.1 5.9 4.5 2.4 1.8 -1.3 -1.3 -1.3 -1.3 -1.3 -1.3 -1.3 2.3 5.8 21.6 34.5 49.1 57.4 73 86.3 88.2 90 84.3 85.2 76.9 61.9 47.3 34.1 25.9 22.9 12.2 11.6 14.7 19.8 21.2 24.1 28.5 31.9 33.9 35 37.9 35.2 34.8 37.9 30 24.7 24 19.9 16.9 15.6 14.8
250.7 249.1 249.2 243.3 240.2 234.4 223.7 212.4 201.9 189.8 174.9 152.8 129.5 105.3 91.2 80 67.1 52.9 38.1 30.2 24.8 19.3 14.7 11.4 18.1 14.8 6.1 2.8 1.3 1.2 0.6 -1.3 -1.3 -1.3 -1.3 -1.3 -1.3 -1.3 -1.3 -1.3 -1.3 3.3 17.9 29.8 38.3 47.2 59.6 70.1 79 85.1 80.7 78.9 64.6 48.4 34.3 20.6 16 9.6 4.9 4.8 6.2 12.7 14 18.6 20.8 25 28.2 28.6 30 32.2 33.8 34.3 29.2 24.6 25.3 26.6 19.9 15.1 13
240.3 237.5 236 228.9 223.1 216.1 208.3 196 184 169.6 152.8 132.5 110.2 90.7 78.1 68.3 54.4 40.4 29.2 24.3 19.9 13.5 9.5 6.3 5.4 2.8 1.7 -1.3 -1.3 -1.3 -1.3 -1.3 -1.3 -1.3 -1.3 -1.3 -1.3 -1.3 -1.3 -1.3 -1.3 -1.3 8.7 27.6 34.9 38.6 48.4 58 67.3 71 71.6 65.6 48.5 34.2 20.3 13.3 9.1 3.4 2.3 1.9 2.1 4.3 9.3 14 17.1 21.2 23.6 28.3 31 32.1 33 32.6 29.7 26.2 25.9 26.1 22.7 16.6 13.2
231.1 226.2 220.2 217.1 196.6 196.4 192 179.2 163.7 149.6 132.4 113.4 94.7 76.6 65.6 53.9 40.2 29.4 23.5 18.4 13.5 6.9 6.1 -1.3 2.8 2.3 0 -1.3 -1.3 -1.3 -1.3 -1.3 -1.3 -1.3 -1.3 -1.3 -1.3 -1.3 -1.3 -1.3 -1.3 -1.3 3.6 15.6 24 30.3 39.1 46.5 56 56.7 51.8 46.2 31.9 20.3 8.4 4.1 3.1 2.1 0.9 0.5 0.9 2 4.7 8.7 12.3 18 21.7 26.7 31.8 34.3 34.7 36 31 26.3 24.6 25.3 20 14.7 13.3
220.2 213.1 204.6 193.5 171.9 170.9 164.5 154.4 142.4 128.4 114.3 97.7 79 62.8 50.9 40.7 30.8 22.3 16.7 12.7 8.7 2.2 0.6 -1.3 1.6 0.8 -1.3 -1.3 -1.3 -1.3 -1.3 -1.3 -1.3 -1.3 -1.3 -1.3 -1.3 -1.3 -1.3 -1.3 -1.3 -1.3 -1.3 3.2 7.9 19.4 26.5 29.2 36.2 37.8 34.1 20.5 14.8 7.1 2.4 1.5 1.4 0.6 -1.3 -1.3 0 1.5 3.1 5.6 12 16.4 21.1 26.9 33.8 36.9 39.3 36.7 30.2 25.9 24 22.4 20.2 13 12.9
194.3 191 177.2 166.1 153.9 143.8 142.8 133.5 121.5 109.9 97.5 81.7 66.3 51.5 38.7 29.5 22.7 17.5 12.8 10 1.7 0.3 -1.3 -1.3 -1.3 -1.3 -1.3 -1.3 -1.3 -1.3 -1.3 -1.3 -1.3 -1.3 -1.3 -1.3 -1.3 -1.3 -1.3 -1.3 -1.3 -1.3 -1.3 1.1 3.1 6 7.4 13.2 15.2 17.7 15.1 10.8 4.6 2.1 0.2 -1.3 -1.3 -1.3 -1.3 -1.3 -1.3 1 3 5.1 8.8 16 20.3 26.2 31.3 37.6 41.4 37.9 30.8 25.4 23 21.3 17.1 12 10.5
169 163 157 150.8 142.4 132.7 126.6 117.5 108.2 97.1 79.6 65.1 53 39.1 29.2 21.6 18 16.1 6.1 2.3 -1.3 -1.3 -1.3 -1.3 -1.3 -1.3 -1.3 -1.3 -1.3 -1.3 -1.3 -1.3 -1.3 -1.3 -1.3 -1.3 -1.3 -1.3 -1.3 -1.3 -1.3 -1.3 -1.3 -1.3 -1.3 2.5 2.3 3.1 3.7 5.6 4.9 2.6 -1.3 -1.3 -1.3 -1.3 -1.3 -1.3 -1.3 -1.3 -1.3 0.2 1.7 3.6 8.2 15.4 20 27.3 30.6 41.2 43.5 37 32.1 25.2 21.8 18.4 14.3 10.6 8.7
156.1 154.7 149.9 142.8 132.9 123.7 112.3 102.8 91 76.9 62.9 53.1 40.8 30.3 22 14.7 4.6 2.3 -1.3 -1.3 -1.3 -1.3 -1.3 -1.3 -1.3 -1.3 -1.3 -1.3 -1.3 -1.3 -1.3 -1.3 -1.3 -1.3 -1.3 -1.3 -1.3 -1.3 -1.3 -1.3 -1.3 -1.3 -1.3 -1.3 -1.3 -1.3 -1.3 -1.3 -1.3 -1.3 -0.8 -0.9 -1.3 -1.3 -1.3 -1.3 -1.3 -1.3 -1.3 -1.3 -1.3 -1.3 1.2 4.1 7.2 15.1 21.6 26.5 28 36 40.8 36.7 27.8 24.5 19.4 16.4 13.9 10.4 7.5
142.3 142.1 138.2 134.9 127.4 112.6 99.4 85.6 74.3 62.4 52.9 43.3 30.3 22.7 10.8 2.9 -1.3 -1.3 -1.3 -1.3 -1.3 -1.3 -1.3 -1.3 -1.3 -1.3 -1.3 -1.3 -1.3 -1.3 -1.3 -1.3 -1.3 -1.3 -1.3 -1.3 -1.3 -1.3 -1.3 -1.3 -1.3 -1.3 -1.3 -1.3 -1.3 -1.3 -1.3 -1.3 -1.3 -1.3 -1.3 -1.3 -1.3 -1.3 -1.3 -1.3 -1.3 -1.3 -1.3 -1.3 -1.3 -1.3 0.6 2.2 6.2 14.6 18.1 23.7 23.2 26.7 30.2 29 25.8 24.8 16.3 11.8 10.6 6.4 5.7
138 136 129.8 117.9 109 92.2 82.3 71.5 60.4 51.6 44.3 29.6 23.5 9.3 2.9 -1.3 -1.3 -1.3 -1.3 -1.3 -1.3 -1.3 -1.3 -1.3 -1.3 -1.3 -1.3 -1.3 -1.3 -1.3 -1.3 -1.3 -1.3 -1.3 -1.3 -1.3 -1.3 -1.3 -1.3 -1.3 -1.3 -1.3 -1.3 -1.3 -1.3 -1.3 -1.3 -1.3 -1.3 -1.3 -1.3 -1.3 -1.3 -1.3 -1.3 -1.3 -1.3 -1.3 -1.3 -1.3 -1.3 -1.3 0.4 2.5 5.8 13.4 14.8 19.1 19 23.1 25.5 25.1 22.4 16.3 11.9 10.2 7.2 4.4 3.7
127 105.9 101 96 92.5 79.3 67.7 57.5 48.8 40 31.8 20.8 12.7 5 -1.3 -1.3 -1.3 -1.3 -1.3 -1.3 -1.3 -1.3 -1.3 -1.3 -1.3 -1.3 -1.3 -1.3 -1.3 -1.3 -1.3 -1.3 -1.3 -1.3 -1.3 -1.3 -1.3 -1.3 -1.3 -1.3 -1.3 -1.3 -1.3 -1.3 -1.3 -1.3 -1.3 -1.3 -1.3 -1.3 -1.3 -1.3 -1.3 -1.3 -1.3 -1.3 -1.3 -1.3 -1.3 -1.3 -1.3 -1.3 0.5 2.3 4.6 7.9 11.7 14 14.9 16.5 21.8 22.7 17.9 11.7 12.2 9.5 3 1.8 3
96.7 91.8 90.5 84 75.5 65.6 56 45.6 38.4 30.3 22.5 15.2 7.5 -1.3 -1.3 -1.3 -1.3 -1.3 -1.3 -1.3 -1.3 -1.3 -1.3 -1.3 -1.3 -1.3 -1.3 -1.3 -1.3 -1.3 -1.3 -1.3 -1.3 -1.3 -1.3 -1.3 -1.3 -1.3 -1.3 -1.3 -1.3 -1.3 -1.3 -1.3 -1.3 -1.3 -1.3 -1.3 -1.3 -1.3 -1.3 -1.3 -1.3 -1.3 -1.3 -1.3 -1.3 -1.3 -1.3 -1.3 -1.3 -1.3 -1.3 1.4 3.2 5.3 6.5 11.2 12.2 12.3 18.6 17.3 11.1 8.6 9.4 8.2 5.2 1.8 1.3
91.6 86.1 84.6 71.4 61.2 53.3 47 38.4 30.2 22.7 15.8 11.2 -1.3 -1.3 -1.3 -1.3 -1.3 -1.3 -1.3 -1.3 -1.3 -1.3 -1.3 -1.3 -1.3 -1.3 -1.3 -1.3 -1.3 -1.3 -1.3 -1.3 -1.3 -1.3 -1.3 -1.3 -1.3 -1.3 -1.3 -1.3 -1.3 -1.3 -1.3 -1.3 -1.3 -1.3 -1.3 -1.3 -0.5 -1.2 -0.4 -1.3 -1.3 -1.3 -1.3 -1.3 -1.3 -1.3 -1.3 -1.3 -1.3 -1.3 -1.3 0.8 2.3 3 3.2 5.5 7.5 6.8 12.9 11.1 5 5.7 6.6 6.9 3.7 -1.3 -1.3
79.4 75.4 64.6 63.5 53.5 44.8 38.9 31.1 22.7 17.7 11.6 0.9 -1.3 -1.3 -1.3 -1.3 -1.3 -1.3 -1.3 -1.3 -1.3 -1.3 -1.3 -1.3 -1.3 -1.3 -1.3 -1.3 -1.3 -1.3 -1.3 -1.3 -1.3 -1.3 -1.3 -1.3 -1.3 -1.3 -1.3 -1.3 -1.3 -1.3 -1.3 -1.3 -1.3 -1.3 1.4 2.1 3.5 2.3 2.3 2.6 -1.3 -1.3 -1.3 -1.3 -1.3 -1.3 -1.3 -1.3 -1.3 -1.3 -1.3 -1.3 -1.3 1.2 -1.3 2.3 4.1 6.7 4.5 5 2.3 3.8 4.3 3.9 -1.3 -1.3 -1.3
66.1 65.5 56 47.4 42.8 35.5 30.1 23.6 17.5 12.6 1.7 -1.3 -1.3 -1.3 -1.3 -1.3 -1.3 -1.3 -1.3 -1.3 -1.3 -1.3 -1.3 -1.3 -1.3 -1.3 -1.3 -1.3 -1.3 -1.3 -1.3 -1.3 -1.3 -1.3 -1.3 -1.3 -1.3 -1.3 -1.3 -1.3 -1.3 -1.3 -1.3 -1.3 -1.3 3.4 4.6 4.6 5.3 4.5 3.9 4.5 -1.3 -1.3 -1.3 -1.3 -1.3 -1.3 -1.3 -1.3 -1.3 -1.3 -1.3 -1.3 -1.3 -1.3 -1.3 -1.3 2.9 4 3.6 2.3 2.3 2.8 2.3 2.8 -1.3 -1.3 -1.3
52.6 49.7 46.5 43.3 37.9 34.2 27 15.9 7.4 -1.3 -1.3 -1.3 -1.3 -1.3 -1.3 -1.3 -1.3 -1.3 -1.3 -1.3 -1.3 -1.3 -1.3 -1.3 -1.3 -1.3 -1.3 -1.3 -1.3 -1.3 -1.3 -1.3 -1.3 -1.3 -1.3 -1.3 -1.3 -1.3 -1.3 -1.3 -1.3 -1.3 -1.3 -1.3 -1.3 7.2 9.5 8.2 8.2 10.4 9.5 6.2 2.3 -1.3 -1.3 -1.3 -1.3 -1.3 -1.3 -1.3 -1.3 -1.3 -1.3 -1.3 -1.3 -1.3 -1.3 -1.3 1.4 2.3 3 2.3 2.3 2.3 2.3 2.3 -1.3 -1.3 -1.3
50.5 46.6 42.8 37.7 32.9 27.5 11.7 3.6 -1.3 -1.3 -1.3 -1.3 -1.3 -1.3 -1.3 -1.3 -1.3 -1.3 -1.3 -1.3 -1.3 -1.3 -1.3 -1.3 -1.3 -1.3 -1.3 -1.3 -1.3 -1.3 -1.3 -1.3 -1.3 -1.3 -1.3 -1.3 -1.3 -1.3 -1.3 -1.3 -1.3 -1.3 -1.3 1.2 5.3 12.8 12.4 12.1 11.2 11.9 12.8 11.3 4.4 1.5 0.8 0.9 -1.3 -1.3 -1.3 -1.3 -1.3 -1.3 -1.3 -1.3 -1.3 -1.3 -1.3 -1.3 -1.3 1.4 4.3 2.3 0.9 -1.3 -1.3 -1.3 -1.3 -1.3 -1.3
44.5 45.2 42.6 35.9 21.5 12.3 8.3 1.9 -1.3 -1.3 -1.3 -1.3 -1.3 -1.3 -1.3 -1.3 -1.3 -1.3 -1.3 -1.3 -1.3 -1.3 -1.3 -1.3 -1.3 -1.3 -1.3 -1.3 -1.3 -1.3 -1.3 -1.3 -1.3 -1.3 -1.3 -1.3 -1.3 -1.3 -1.3 -1.3 -1.3 -1.3 -1.3 3 8.7 13.9 12.5 11.8 12.7 15.1 13.6 11.2 5.2 2.4 2.5 3.9 1.7 0 -0.1 -1.3 -1.3 -1.3 -1.3 -0.8 -0.5 -0.3 -1.3 -1.3 -1.3 1.9 3.9 1.7 -1.3 -1.3 -1.3 -1.3 -1.3 -1.3 -1.3
31.8 35.7 22.7 15.8 12.6 11.5 1.8 -1.3 -1.3 -1.3 -1.3 -1.3 -1.3 -1.3 -1.3 -1.3 -1.3 -1.3 -1.3 -1.3 -1.3 -1.3 -1.3 -1.3 -1.3 -1.3 -1.3 -1.3 -1.3 -1.3 -1.3 -1.3 -1.3 -1.3 -1.3 -1.3 -1.3 -1.3 -1.3 -1.3 -1.3 -1.3 -1.3 2.9 8.5 13.8 11.8 12 13.9 15.2 13.6 10.7 4.7 2.3 2.7 3.4 2.3 1.6 1.5 1.3 -1.3 0 1 1.3 1.2 0 -1.3 -1.3 -1.3 1.8 2.1 -1.3 -1.3 -1.3 -1.3 -1.3 -1.3 -1.3 -1.3
24 19.3 15 11.7 7.5 -1.3 -1.3 -1.3 -1.3 -1.3 -1.3 -1.3 -1.3 -1.3 -1.3 -1.3 -1.3 -1.3 -1.3 -1.3 -1.3 -1.3 -1.3 -1.3 -1.3 -1.3 -1.3 -1.3 -1.3 -1.3 -1.3 -1.3 -1.3 -1.3 -1.3 -1.3 -1.3 -1.3 -1.3 -1.3 -1.3 -1.3 -1.3 2.6 6 12.8 9.5 10 12 15 13 11.7 7.8 2.6 2.8 4.3 2.3 2.4 3 1.8 1.1 1.5 2.3 2.9 1.5 0.3 -0.5 -0.8 -1.3 -1.3 -0.4 -1.3 -1.3 -1.3 -1.3 -1.3 -1.3 -1.3 -1.3
22.1 17.9 12.9 7 3 -1.3 -1.3 -1.3 -1.3 -1.3 -1.3 -1.3 -1.3 -1.3 -1.3 -1.3 -1.3 -1.3 -1.3 -1.3 -1.3 -1.3 -1.3 -1.3 -1.3 -1.3 -1.3 -1.3 -1.3 -1.3 -1.3 -1.3 -1.3 -1.3 -1.3 -1.3 -1.3 -1.3 -1.3 -1.3 -1.3 -1.3 -1.3 -1.3 2.6 8.5 7.9 9.6 11.8 14.4 12.8 12.1 10.8 6.6 4.9 4.4 2.3 3.3 4.6 3.8 2.3 1.6 2.3 2.3 2.2 1 0.4 0.1 -0.4 -1.3 -1.3 -1.3 -1.3 -1.3 -1.3 -1.3 -1.3 -1.3 -1.3
13.7 10.9 6.2 2.6 -1.3 -1.3 -1.3 -1.3 -1.3 -1.3 -1.3 -1.3 -1.3 -1.3 -1.3 -1.3 -1.3 -1.3 -1.3 -1.3 -1.3 -1.3 -1.3 -1.3 -1.3 -1.3 -1.3 -1.3 -1.3 -1.3 -1.3 -1.3 -1.3 -1.3 -1.3 -1.3 -1.3 -1.3 -1.3 -1.3 -1.3 -1.3 -1.3 -1.3 2.4 4 6.8 10.6 13.7 14.4 12.9 11.7 11.3 7.8 7 7.9 5.1 6.3 5.8 4.1 2.3 3.8 3 2.3 2.3 1.7 1.3 0.8 0.1 -0.8 -1.3 -1.3 -1.3 -1.3 -1.3 -1.3 -1.3 -1.3 -1.3
6.6 7.6 2.2 -1.3 -1.3 -1.3 -1.3 -1.3 -1.3 -1.3 -1.3 -1.3 -1.3 -1.3 -1.3 -1.3 -1.3 -1.3 -1.3 -1.3 -1.3 -1.3 -1.3 -1.3 -1.3 -1.3 -1.3 -1.3 -1.3 -1.3 -1.3 -1.3 -1.3 -1.3 -1.3 -1.3 -1.3 -1.3 -1.3 -1.3 -1.3 -1.3 -1.3 -1.3 -1.3 2.4 4.1 9.1 14.4 14.7 13.2 11.4 9.8 7.8 7.9 7.9 6.2 6.2 5.7 3 2.5 3.7 2.6 2.3 2.3 2.3 2 1.1 0.3 -0.6 -1.3 -1.3 -0.7 -0.6 -1.3 -1.3 -1.3 -1.3 -1.3
2.3 1.1 -1.3 -1.3 -1.3 -1.3 -1.3 -1.3 -1.3 -1.3 -1.3 -1.3 -1.3 -1.3 -1.3 -1.3 -1.3 -1.3 -1.3 -1.3 -1.3 -1.3 -1.3 -1.3 -1.3 -1.3 -1.3 -1.3 -1.3 -1.3 -1.3 -1.3 -1.3 -1.3 -1.3 -1.3 -1.3 -1.3 -1.3 -1.3 -1.3 -1.3 -1.3 -1.3 -1.3 1.3 3.3 8.4 14.9 14.2 12.2 11.2 8.8 7.5 7.5 7.6 6.7 6.1 5.8 2.9 4 2.7 2.3 2.3 2.3 2.3 2.1 1.3 0.4 -0.4 -1.3 -1.2 0.1 0.3 0 -0.1 -0.1 0 0.4
2.6 -1.3 -1.3 -1.3 -1.3 -1.3 -1.3 -1.3 -1.3 -1.3 -1.3 -1.3 -1.3 -1.3 -1.3 -1.3 -1.3 -1.3 -1.3 -1.3 -1.3 -1.3 -1.3 -1.3 -1.3 -1.3 -1.3 -1.3 -1.3 -1.3 -1.3 -1.3 -1.3 -1.3 -1.3 -1.3 -1.3 -1.3 -1.3 -1.3 -1.3 -1.3 -1.3 -1.3 -1.3 0.3 2.5 7.1 13.9 12.9 12.7 8.8 7.6 7.1 7.2 7.3 6.8 6.2 5.6 4.1 2.5 2.3 2.3 2.3 3.4 3.4 2.3 1.4 0.5 -0.3 -1.3 -1.3 0.6 1.3 1.1 1.1 1.3 1.6 2.3
2.7 -1.3 -1.3 -1.3 -1.3 -1.3 -1.3 -1.3 -1.3 -1.3 -1.3 -1.3 -1.3 -1.3 -1.3 -1.3 -1.3 -1.3 -1.3 -1.3 -1.3 -1.3 -1.3 -1.3 -1.3 -1.3 -1.3 -1.3 -1.3 -1.3 -1.3 -1.3 -1.3 -1.3 -1.3 -1.3 -1.3 -1.3 -1.3 -1.3 -1.3 -1.3 -1.3 -1.3 -1.3 -1.3 1.6 3.5 10.9 12.4 11.2 8.6 7.4 7 7 6.7 5.9 5.3 4.6 4 2.5 2.4 2.3 2.3 2.4 2.4 2.3 2.1 1.3 0.4 0 -1.3 0.8 2.3 2.2 2.3 2.3 2.6 2.9
-1.3 -1.3 -1.3 -1.3 -1.3 -1.3 -1.3 -1.3 -1.3 -1.3 -1.3 -1.3 -1.3 -1.3 -1.3 -1.3 -1.3 -1.3 -1.3 -1.3 -1.3 -1.3 -1.3 -1.3 -1.3 -1.3 -1.3 -1.3 -1.3 -1.3 -1.3 -1.3 -1.3 -1.3 -1.3 -1.3 -1.3 -1.3 -1.3 -1.3 -1.3 -1.3 -1.3 -1.3 -1.3 -1.3 -1.3 -1.3 7.4 10.4 8.3 7.4 6.6 6.6 6.7 6 5.2 4.5 4.6 3.6 2.9 2.7 2.4 2.6 3 3 2.3 2.3 2 1.7 2.2 -1.3 -1.3 2.5 3.1 2.4 2.4 2.9 3.3
-1.3 -1.3 -1.3 -1.3 -1.3 -1.3 -1.3 -1.3 -1.3 -1.3 -1.3 -1.3 -1.3 -1.3 -1.3 -1.3 -1.3 -1.3 -1.3 -1.3 -1.3 -1.3 -1.3 -1.3 -1.3 -1.3 -1.3 -1.3 -1.3 -1.3 -1.3 -1.3 -1.3 -1.3 -1.3 -1.3 -1.3 -1.3 -1.3 -1.3 -1.3 -1.3 -1.3 -1.3 -1.3 -1.3 -1.3 -1.3 4.6 7.5 7.1 6.4 6.6 6.3 6 5.7 5 3.8 4.1 3.5 3.3 3.7 3 3.2 3.1 4.5 3.8 3.6 4.2 3.1 4.6 2.3 -1.3 3.2 3.8 2.6 2.6 3.5 4.2
-1.3 -1.3 -1.3 -1.3 -1.3 -1.3 -1.3 -1.3 -1.3 -1.3 -1.3 -1.3 -1.3 -1.3 -1.3 -1.3 -1.3 -1.3 -1.3 -1.3 -1.3 -1.3 -1.3 -1.3 -1.3 -1.3 -1.3 -1.3 -1.3 -1.3 -1.3 -1.3 -1.3 -1.3 -1.3 -1.3 -1.3 -1.3 -1.3 -1.3 -1.3 -1.3 -1.3 -1.3 -1.3 -1.3 -1.3 -1.3 2.1 4.8 5.4 6.6 6.8 6 5.4 5.1 4.7 3.3 3.3 3.8 3.5 3.8 3.4 3.7 4.8 6 7.8 10.3 10.6 11.3 9.5 5 3.4 3.7 3.4 3.1 2.9 4 5.2
