WholeMapElevations/data/nt/nt28_OST50GRID_20230518/NT28.asc
ncols 200
nrows 200
xllcorner 320000
yllcorner 680000
cellsize 50
[rows 38 to 75 of 200, columns 0 to 83 of 200]
127.7 129.6 130.2 128.8 127.2 125.4 123.5 122.7 121.2 119.8 119 118.4 118 118.1 118.2 118.4 117.1 117.1 117.2 117.5 117.9 118.7 117.7 118.4 120 122.1 124.7 127.4 129.5 130.9 133.5 136.4 139.2 142.1 147.7 153.1 155.5 153.6 154.7 155 154.3 153.5 153.3 152.5 151.4 150.3 150.5 151.4 152.9 155.4 156.3 156.6 156.9 158.1 160.3 167.5 177.6 180.9 179.7 180.2 178.8 176.8 174.9 173.3 172.1 170.6 168.7 167.4 166.3 165.3 163.5 160.2 160.1 161.8 163.2 162.3 161.1 160 158.4 157.7 157 157.3 155.3 153.2
127 125.7 124.2 123 122.1 120.6 118.6 119.3 121.7 122.4 122.7 122 121.2 120.4 119.5 118.4 117.7 117.8 117.4 117.7 117.8 117.8 118 118.7 120.1 121.9 123.9 126.8 129.9 132 134.4 137.6 141.2 145 155.1 162.1 164.2 164.3 163.2 161 158.7 156.4 154.9 152.9 151.7 150.8 151.4 152.9 153.8 155 156.2 156.7 157.2 158.5 160.4 166.4 173.4 176.8 177.2 176.6 176.2 175.3 173.5 171.8 171.1 170.1 168.3 167.2 165.9 164.7 164.1 161.9 158.7 158.2 159.1 157.6 157.2 157.2 155.1 152.5 152.3 153.8 153.2 152.6
118.4 119.3 119.4 118.6 117.5 117 124.1 128.5 129.6 128.5 127.8 126.8 125.5 124 122.4 120.9 119.6 118.6 118.1 117.8 117.8 118 118.4 119.3 120.6 122.4 125.7 134.1 137.6 138.1 140.1 142.5 145.6 148.7 153.9 166.1 167.3 167.7 165 163.4 160.9 158.4 155.9 153.8 152.5 152.3 153.3 153.9 154.8 155.4 156.1 156.6 158.2 159.9 162 169.7 174.8 175.9 174.9 173.8 173.6 171.8 169.8 168 166.6 166.1 165.3 163.6 161.7 160.9 160.4 157.3 155.5 156.5 157.9 158.2 157.5 156.5 155.8 155 153.3 152.1 151.2 153.6
114.2 115 115.6 114 118.4 125.9 133.7 135.5 134.8 133.8 132.5 130.8 128.2 125.7 123.8 122 120.3 119.2 118.4 118.1 118.7 118.9 120.1 120.8 121.6 124.3 135 140.4 142.2 142.5 142.6 144.6 148.4 151.5 153.6 153.4 152.2 153.8 158.6 164.3 164.9 161.5 158.9 157.5 156.8 156.4 155.4 155 155 155.4 156.1 158.4 161.7 163 162.9 168.6 172.8 173 172.5 172.1 171.4 170.1 168.4 166.7 164.6 163.2 161.7 160.3 159 156.9 154.8 155.1 158.2 160.9 160.1 159.7 158.9 158.3 158.5 157.2 156.9 154.4 153.7 152.2
110.4 112.1 115.4 122.8 132.1 136.8 139.3 139.5 137.9 135.1 133.5 133.5 129.4 126.2 124.2 122.2 120.8 120.5 120.5 119 119.9 121.1 123 123.7 123.4 127.7 133.1 136 140.2 141.3 140.2 141.4 145.6 149.3 150.6 151.8 150.3 149.2 151.2 163 168.5 165.8 162.6 160 158.2 157.3 155.7 155.7 155.5 156.3 158 162.4 164.4 163.4 163.5 167.6 172 173.7 173.1 173.3 172.3 170 167.4 165.7 163.7 162 160.2 159.2 158.1 156.2 153.1 158.3 156.7 158.2 161.1 162.7 163.1 162.5 160.1 157.2 154.3 148.7 141.1 135.9
114.6 117.6 127.3 135.1 138.9 141.9 141.7 140.8 139.2 136.3 136 136.4 132.4 130 127.6 125.5 124.5 123.6 123.3 121.2 121.2 121.2 121.2 123.6 124.1 126.9 128 127.1 132.8 130 126.2 127.2 132.3 144.5 152.1 153 152 148.2 146.2 148.9 159.5 166.7 163.3 160.1 158 156.5 155.4 155.8 158.1 159.2 160.8 162.2 163.8 162.8 163.3 167 170.9 172.6 172.5 171.2 169.3 166.3 167.7 167 165.4 162.9 159.7 157.4 155.2 155.4 153.4 157.2 155.6 162.8 163.6 164.2 163.4 160.8 155.3 151.3 146.1 140.7 138.2 136.1
118.8 130.1 136.9 140.5 142.3 143.7 143.9 142.6 141.2 139.9 139.6 138.7 137 134.5 132 129.5 127.5 124.4 121.2 121.2 121.2 121.2 121.2 121.2 121.2 123.3 123 122 122.4 122.9 123.8 124.8 131.6 145.2 149.2 148.6 148.6 144.9 143.4 143.1 143.8 150 158.4 161.4 158.4 157.7 159 161.2 162.7 163.2 162.7 163.8 162.4 162 162.4 164.8 166.8 166.9 166.4 165.5 162.3 163.4 163.7 156.1 153 151.2 150.9 151.5 150.9 150.8 148.2 151.1 154.2 153.3 153.2 152.4 152.3 151 147.3 144.7 141.2 140.9 141.7 139.8
127.6 137.2 140.1 143.7 145.4 147.9 149.1 148.5 147.8 147.1 145 143 140.8 138.2 135.2 131.3 125.2 121.2 121.2 121.2 122.1 121.2 121.2 121.2 121.2 121.2 121.2 121.2 122 123.7 125 131.7 141 147.9 149.2 149.1 148.4 146.2 143.7 142.7 142.1 141.8 144 144.9 147.9 155.8 161.9 163.4 164.8 165.1 164.9 164 162.2 160.6 161.1 162.7 163.6 163.9 163 161.8 158.3 155.7 156.7 157.2 156.5 155.6 157 155.8 155.3 156.2 151.9 147.2 146.1 146.2 146.2 146.4 146.8 147.3 145.5 142.9 143.4 144.6 145.3 144.6
137.6 146.4 149.4 151.9 154.3 155.4 155.8 154.9 154.4 153 149.8 147.4 144 140.8 133.6 124.8 121.2 121.2 121.2 128.8 130.7 121.2 121.2 121.2 121.2 121.2 121.2 122.4 125 127.3 133 148.5 154.5 154.8 153.6 152.2 150.5 147.4 143.8 143.6 142.1 142 142.2 142.5 143.3 143.9 147.6 154.4 156.9 158.7 159.4 158.4 157.9 158.2 159.8 162.6 166 167.2 169 169.8 168.8 167.4 166 163.8 162.4 162.6 162.5 162.1 161.4 158.5 154.6 150.4 146.9 146.4 147.7 148.2 150 149.6 147.6 146 146.8 147.4 147.1 146.2
147 152.7 157.5 159.5 161.1 160.5 161.9 160.2 158 153.6 155.3 150 138.5 131.3 125.1 121.2 121.2 121.2 121.2 121.2 121.2 121.2 121.7 124.1 122.5 122.3 124 125.2 127.7 132 138.7 149.8 151.8 150.8 149 146.9 145.3 143.4 143.2 142.1 142 142 142.2 142.1 143.1 144.7 145.9 150.8 155.9 156.1 158.3 161.8 163.9 165.5 168.2 171 172.9 173.8 174.4 175.3 174.6 173.4 171.5 168.8 167.1 167.5 167.4 165.2 163.9 160.8 157.2 153.3 152.4 152.9 153.8 152.9 152.7 150.9 149.1 148.7 149.3 149.4 149.1 148.5
145.6 152.2 151.6 150 148.8 150.4 149.9 146.7 141.1 135.6 134.6 132 129.4 127.5 125 121.2 121.2 121.2 121.2 121.2 121.9 127.5 132 133.1 134.3 138.2 140.8 142 144.1 142.6 141.6 140.9 141.5 141.7 142.9 146.6 146.7 144.8 146.1 148.4 149.1 148.8 146.6 149.8 155.8 159.5 160.8 161.8 162.6 162.5 166.6 169.5 171.2 172.9 174.4 176.1 177.7 178.5 178.9 179.2 179 177.6 176.1 174.2 172 172.3 172.6 170.4 166.3 162.7 159.2 157.8 157.8 158.5 157.2 155.5 154.9 154.3 153.3 152.7 150.7 149.9 148.1 144.9
124.7 123 121 120 120.8 121.7 122.9 122.2 121.1 120.8 122.8 126.9 126.7 125.3 122.3 121.2 121.2 121.2 121.2 127.3 134.5 140.6 147.7 154.7 162.3 171.4 178.9 177.3 176.5 169.5 160.1 166.3 166.9 163.4 166.6 168.4 169.2 168 166.3 162.9 160.6 159.5 158 164.6 167.5 166.4 167.1 167.7 167.2 165.8 170.9 174.7 177 178.7 180.1 181.2 181.8 182.7 182.7 182.4 182 180.9 179.3 177.4 175.8 175.6 178.2 177.2 173 168.2 165.3 164 163.6 162.6 160.7 159.3 158.5 157.1 154.4 151 148 145.6 141.5 138.9
114.5 113 111.9 112.3 114.3 117.4 119.2 120.1 120.2 120.7 123.4 125.5 125.2 123.6 122 121.2 121.2 122.4 133.9 142.6 151.2 164.8 183.1 196.3 203.4 205.2 204.6 203.3 201.5 195.1 188.3 188.2 189.3 187.2 185.7 183.3 180.3 179.3 177.5 175.7 172.1 170.3 168.7 168.4 167.1 168.1 170.5 171.5 171.4 167.8 171.3 178.2 181.1 182.6 182.7 183.5 183.6 183.9 184.4 185.1 185.1 184.1 182.4 180.6 179 176.8 176.4 179 177.5 173.8 171.3 168.8 167 164.8 162.8 160.4 157.9 154.5 151.4 148.4 146.1 145.3 144.6 144.2
122.3 118.8 115.3 114.6 112.5 114.7 118.9 122.3 123.2 124.9 127.1 128 128.3 127.9 126.7 123.9 125.7 134.3 144.2 153.3 175.1 202.8 218.5 219.8 216.8 217.3 218 211.5 212.4 209.6 207.5 205 201.9 197.3 192.9 187.9 184.1 181.3 178.9 176.5 173.7 171.1 169.4 167.6 166.1 164.5 160.1 171.3 172 167.8 166.7 173.5 179.1 180.6 181.9 183.9 184.7 184 185.1 187.5 187.8 184.9 181.7 179.4 177.5 175.4 174.1 175.1 178.6 176.4 172 169.6 167.1 162.9 160.1 158 155.9 154.8 152.9 150.4 146.9 143.5 143.3 139.3
127.5 124.3 119.9 115.1 109.6 106.8 111.3 123.6 126.8 129.1 131.4 132 132.4 133.9 134.1 131.8 130.3 136.7 147.3 162.1 195.7 207.4 210.7 211.9 207.9 207.9 215.7 214 212.7 210.6 207.2 202.5 197.1 191.5 185.6 182.3 178.2 176.3 173.8 171.7 169.6 168.1 166.5 164.6 159.8 152.3 146.3 144.1 152.2 150.8 163 165.4 172.8 175.5 178.6 181.3 181.5 177 175.9 176 175.3 172.5 171.6 173.7 174.8 174.1 175.1 174 173.3 173.9 172.1 169.5 166.6 163.6 159.9 157.4 155.7 153.3 150.7 146.5 139.4 132.1 123.7 120.6
127 123.9 119 113.5 108.4 104.6 107.3 116.6 127.3 132.3 133.7 135.9 139.2 142.3 145 142.5 135.6 136.3 148 165.3 187.4 202.6 213.2 214 209.9 209.6 208.8 209.3 205.6 202 197.9 192.7 186.1 179.8 174.4 172 170.8 169.9 169.2 167.6 166.1 164.8 162.1 158 158.3 155.4 147.5 141.7 139.2 140.5 142.1 146.6 153.3 158.2 160.6 162.2 162 164.9 167.9 165.9 158 153 153.8 158.2 165.8 173.1 176.2 177.2 176.3 175.3 173.3 171.1 168.6 166.1 162.9 160.2 155.9 149.2 143.5 137.9 126.4 122.7 117.5 115.8
123.9 119.7 115 109.3 105.2 103.9 106 120.4 131.5 135.8 139 143.8 147.5 149.2 152.2 150.5 141.2 138.4 148.8 166.2 188.6 206.6 220.2 216.6 208.4 202.3 197.2 194.8 190.8 190.1 185 180.4 175.6 170.3 165 164.6 165.4 165.2 164.9 164.1 162.9 161.6 158 163.3 164.1 162.7 154.4 144.6 138.4 135.6 136.3 138.7 141.5 144.7 146.5 147 146.6 149.3 155.3 153.1 150 149.7 154.3 159.5 166.7 178.5 181.4 181 180.1 178.1 175.8 172.5 169.1 166.5 162.6 158.4 149.5 140.7 137.4 131.8 125.9 119.6 115.8 115.8
117 113.5 109.4 105 103 103.6 106.8 121.9 129.6 134.4 139.9 144.6 148.2 152 158.7 157.8 150.1 145.2 152.5 165.4 183.6 193.8 197 193.9 189.7 184.5 179.9 178.2 177.7 177.5 175.3 171.5 165.8 160 153.7 154.9 160.3 160.9 160.8 161.2 161.3 159.8 161.6 155 154.7 156.2 152.4 146.4 140.3 135.3 133.9 132.8 133.2 137.6 140.7 139.9 141.4 144.8 147.3 150.1 151.9 156 163.6 169.1 178.8 182.7 181.7 179.8 178 175.7 173.4 170.9 168.6 167.3 165.2 161.3 150.4 140.9 132.6 127.4 121.8 116.3 115.8 116
107.9 106.2 104.1 102.6 102.4 103.5 106.6 114.5 124.5 132.4 140 145.7 151.1 160.3 166.9 165.8 157.9 152.3 155.3 160.9 170.7 178 177.8 175.7 172.4 169 170 170.8 169.1 167.3 164.3 160.3 155.7 150.3 145.9 141.5 151.2 156 159.1 162.1 160.9 157.3 154.1 153.4 154.1 156.3 157.2 154.3 148.4 142.8 136.7 129.6 121 119.9 132 142.8 150.5 157.6 151.8 156.9 162.4 166.4 170.9 176.5 179.7 180.2 179.3 177.2 175.3 174.4 174.7 175.5 173.2 170.1 166.4 160.6 151.9 140.5 131.3 123.2 117.8 114.1 110 102.6
102.9 101.6 101.5 101.7 102.1 103.4 110.4 123.4 132.7 139.9 145.3 150.5 158.4 168 171.5 170.6 163.2 153.7 152.5 156.2 163.2 166.4 165.6 164.2 162.8 162.1 162.4 160.3 156.9 155.5 153.5 148.8 143.8 140.5 136.6 134.8 151.1 158.4 160.1 159.8 157.6 159.6 160.4 174.5 179.5 175.5 169.3 165.7 159.4 151.2 142.6 128.6 117.9 116.1 120.7 128.2 136.5 145 152.1 164.9 169.2 172.7 176.9 180.4 181.5 181.6 180.1 178.1 180 179.9 179.2 178 175.5 172.4 168.5 163.2 154.6 143.6 133.1 119.1 108.2 101 92.8 85.6
104 102.1 101.6 101.6 102.1 106.4 119.3 137.1 146.1 146.7 146.1 151.9 156.8 163.3 166.7 165.4 160.7 149.7 141.5 146.4 159.3 161.8 160.8 159.5 158.1 156.7 154.6 151.9 150.2 145.5 142.7 139.5 134.1 126.7 121.8 127.4 142.8 151.6 154.7 154.9 155.3 162.6 167.7 172.4 171.6 166.2 164 158.8 151.8 143.3 132.2 122.2 115.3 114 116.9 125.3 133.8 143.9 154.1 166.4 177.1 183.5 183.7 183.1 180.6 179.7 179.9 182.9 185.6 185.9 184.9 183.2 180.7 177.8 173.6 166.4 154.6 135 118.9 106 96.9 87.5 81 74.5
105 102.7 101.7 102.2 104.2 114.5 129.9 145.9 143.5 139.9 146.6 154.7 162.2 170.3 172.4 168.3 162.2 149.7 137.1 137.7 152.4 159.9 159.7 158.2 156.6 155.3 152.5 148.4 143.4 138.9 133.3 127.6 121.3 116.9 115 119.3 127 137.8 142.4 144.4 146.4 152.6 154.5 150.6 151.6 152.8 150.6 147.1 141.1 132.9 122.5 115 113.1 113.7 118 127.2 136.2 145.6 158.4 176.1 183.4 184.8 182.7 179.5 178.7 181.4 187 188.9 189.5 189.4 188.4 186.9 185 182.1 176.1 164.4 139.7 121 104.8 93.5 82.5 73 67.7 62.3
104.4 103.2 102.7 104.1 108.3 115 125.5 134.7 139.5 140.8 152.6 166.5 168.6 173.6 170.2 164.1 158.8 149 137 131.8 138.1 147 150.3 148.9 148.6 147 141.8 136.1 128.9 122.2 116.4 112 111.5 111.5 109.8 115 121.1 129.5 133.2 136.2 136 135.9 138.5 141.3 144 143.5 140.1 135.3 129.1 120.7 111.7 103.2 104.5 112.1 125 143.8 157.2 169.1 170.4 178.4 185 174.2 169.7 171.3 174.8 179.7 184.2 185 186.7 187.4 187.5 186.4 184.2 180.1 169.8 144.3 122.4 106.6 92.4 82.4 69.5 61.5 57.6 57.2
106.1 105.3 104.3 106.1 111.8 135 147.7 147.7 145.8 152.8 163.9 174.6 170 172.4 168.2 162.1 156.3 149.9 142 134.3 130.2 129.6 130 131.4 128.5 123.3 119.2 115.1 111.1 108.3 106.8 106.3 106 105.1 104.4 108.6 113.9 118.5 123 127.1 128.4 128.8 130.6 129.9 129.3 130.6 121.5 113.4 103.5 93.8 90.6 90.9 98.5 107.5 120.4 143.8 169.3 183.3 181.9 167.4 153.6 144 143.4 148.9 156.2 166.1 170.7 176.1 185.6 189.3 186.2 175.7 167.3 156.3 142.7 121.8 102.9 87.8 76.5 67.2 58.1 53.6 54.6 58.6
107.9 107.7 106.6 110.9 115.7 129.8 142 152.8 151.7 154.3 162.3 168.2 166.9 168.4 163.8 158.6 154.3 149.1 143.7 138.4 134 128.2 123.3 119.2 115.4 113.1 111.2 109 107.9 107.6 107.5 107.1 105.6 102.1 99.5 98.4 98.4 101.7 103.6 106.9 109 107.5 109.8 107.1 104.2 100.8 93.9 88.5 86.7 85.4 85.9 89.3 95.7 102.6 111.1 124.7 139.2 145.9 141.6 136.3 126 117.2 118.9 127 128 133.7 139.1 143.4 149.4 157 149.1 137.9 132.8 123.2 110.8 97.6 86.3 75.5 61.4 54.2 51.5 51.9 54 59.5
111.2 111.2 111.6 114.3 120.4 132.1 144.9 151.2 157.2 163.6 170.7 172.2 169.8 165.4 157.9 153.1 147.4 141.8 136.9 134.6 131.5 125.8 120.9 116.4 114.5 112.5 110.2 108.8 107.9 107.3 107.6 106.9 106.3 104.6 101 97.1 93.2 90.4 89.2 89.8 90.3 90.7 89.7 88.7 88.2 87.4 86.3 85.2 78.3 74.4 76.5 84.9 92.4 97.2 101.2 102 106.5 113.2 111.9 105.5 97.4 89.6 89.6 97.5 97.7 104.8 110.1 109.7 112.8 115.1 109.4 105.3 100 91.9 81.6 74.7 66.1 55.3 45.9 47.1 49.8 51.8 55.7 60.4
114.1 115.3 116.1 118.4 124.5 137.9 145.6 149.7 154.9 159.4 162.4 161.1 153.5 149.1 147.4 140 136.9 133.3 132 131.7 128 121.9 117.8 116.7 117.6 115.7 112.4 110 108.1 107 105.6 105.3 106.1 106.7 103.8 100.3 95.5 90.7 88.3 87 86.2 84.9 84.2 83.5 84.2 83.7 77.9 76.2 71.3 74.1 77 84.4 80.6 74.4 70.6 76.7 79 83.5 83.5 78.5 73.5 67.2 64.9 68.9 71.6 74.8 77.3 79.6 81.2 81.7 81.4 80.7 72.3 64.7 57.5 52.4 45.8 40.8 40.4 47.3 49.7 52.1 55.4 57.7
115.5 118 120.6 123.7 128.5 135.7 139.1 142.4 147.1 148.1 146 142.6 146.2 148.4 151.1 145 139.2 136.8 136.2 135.8 131.9 125 120.6 117.7 116.3 115 112.2 109.4 107.7 107 105.5 103.9 102.4 100.7 99.2 96.5 93.6 91 88.9 87.6 86.2 86 84.7 84 80.4 79.7 79.2 76.6 71.4 71.5 81.7 80.3 65 60.9 56.6 55 56 57.2 58.2 56.1 53.1 48.9 46.9 50.1 51.9 50 48.7 50.1 52.9 52.5 52.6 56.3 50.9 45.2 39.8 37.7 36.6 33.2 31.6 31 32.4 33.4 35 38
118.9 122.6 125.4 128.7 132.1 135.1 137.7 139.9 141.6 142.2 143.2 151.3 150.5 149.5 145.8 141.8 139.5 138.1 137.8 136.8 131.4 125.1 121.2 118.1 116.8 115.2 112.1 108.8 106.7 106 105.1 103.2 100.5 97.3 95.2 93.3 92.1 90.2 89.3 88.5 87.6 88.2 86.4 85.4 81.8 81.1 81.4 78.9 71.1 68.5 66.1 59.9 56.2 49.8 46.7 44 42.5 42 42.2 40.8 38.1 35.5 33.9 32.2 31.6 32.1 31.9 32 32.6 33.9 35.4 35 33.7 32.2 30.5 30.4 30.4 29.5 28.2 27.1 26 25.2 24.3 23.5
120.8 124.8 128.7 132.9 136.2 138.4 140.4 142.2 143.9 145 146.4 147.7 148.1 147.2 143.8 141.1 139.4 138.9 138.6 136.1 131 125.8 121.4 117.1 112.8 109.9 108.3 107.6 106 103.6 101.7 99.8 96.7 94.2 92.1 91.7 91.5 91 90.5 89.8 89.4 89.8 88.9 86.6 83.3 80.6 77.2 74.5 69 66.2 61.8 59.7 54.6 45.6 42.2 38.8 36.1 34.2 31.9 29.9 29.1 27.5 26.4 24.7 24 24.2 24.6 23.9 24.6 26.1 25.8 25.3 24.3 24.2 25.7 27.7 27.8 27 25.3 24.1 23 22.2 21.3 20.2
122.2 126.4 130.6 134.9 137.9 140.2 142 143.2 144.9 146.6 147 147.6 147.1 145 142.7 141.8 141.1 140.4 138.8 134.8 128.9 123 117.9 114.6 111.1 108.2 108.3 107.9 105.5 102 98.6 95.6 92.5 90.5 91.5 96.7 104.3 103.7 100.3 98.7 95 93.1 90.3 86.3 81.1 78.2 74.8 71.2 62.9 60.2 56.2 52.3 47.8 45.1 41.9 38.8 35.8 33 30.2 27.9 26.4 24.5 23.5 22.9 21.4 20.8 20.4 19.9 20 20.3 20.7 19.9 20 21.5 24.3 26.2 26.1 25.3 23.4 21.1 20.3 19.6 18.9 17.9
123.5 127.1 130.6 134.8 138.2 140.6 142.7 144.2 145.9 146.4 146.9 147.1 145.5 143.6 143.1 142.2 141.3 139.5 136.5 130 124.1 118.6 113.7 110.4 107.8 105.3 104 102.1 99.9 96.9 93.4 91.4 88.4 87.8 89 103.4 100.2 96.5 93.6 88.1 86.7 83.3 76.9 70.6 66.3 61.7 60 59.3 57.9 56.7 53.4 50.8 47.1 44.6 41.8 38.3 35 32.1 29.2 27.2 25.7 24.1 23.2 21.6 20.4 19.8 19.7 19.2 18.9 18.8 19 19.4 20.1 21.9 24.5 26.1 25.2 23.4 20.5 17.6 17.5 17.2 10.5 7.9
122.4 125.8 129.7 133.9 136.9 139.6 142.2 144.3 145.6 146.2 146.8 146.6 144.4 141.5 140.3 139.7 137.5 133.7 128 121.8 116.9 112.7 108.8 105.8 102.9 100.3 97.7 95.3 93 90.6 88.1 86.5 84.7 81.4 78.3 78.5 74.6 73.2 72.5 71 69 67.4 67 65.2 61.4 58.8 56.4 54.5 52.4 51.5 49.6 47.6 45.1 42.6 40.6 37.2 34 31 28.2 26.6 25.1 23.5 23.6 20.3 19.4 18.9 18.9 18.6 19.1 19.1 19.6 19.9 21.9 24.9 27.2 27.1 23.1 20.9 17.5 14.1 12.3 9.5 7.8 7
119.7 123.5 127.8 131.8 135 137.6 140.8 142.4 143.6 144.7 144.8 143.4 142 139.6 138.1 135.2 132.1 127.9 121.7 116 111.4 106 88.3 101.4 100.9 98 94.9 92.1 89.6 86.8 84 81.2 78.9 76.6 74 71.8 70.1 68.3 66.9 65.6 64.1 61.9 60.8 59.1 56.4 54 52 50.7 49.5 48.5 47.5 45.9 43.7 41.5 39.1 35.6 32 28.7 25.5 24.3 23.1 20.1 19.3 18.5 18.1 18.1 18.2 18.8 20.5 20.4 20.2 23.6 28.5 27.6 29.2 23.2 19 16.2 12.9 11 9.7 8.5 7.5 6.8
116.6 120 125.5 130.2 133.6 137.1 138.9 140.1 140.7 142.2 141.8 140.3 138.8 136.5 134 130.3 126.5 121.4 108.4 105 90.2 88.7 89.2 99.1 97.1 94.7 91.6 88.3 84.2 80.8 78 75 72.9 71.2 68.7 65.7 64.3 62.6 61.6 60.2 58.7 56.6 54.9 53.4 52.3 51.2 50 48.8 47.5 45.8 44.3 42.1 40.2 37 32.8 29.4 26.1 23.3 21.6 20 19 18.7 17.7 17.2 17.9 18.4 18.7 19.3 21.5 23.8 23.7 26.1 20.5 19.5 19.1 18 15 13 11.3 10.2 9 8.6 7.9 7.4
113.4 117.9 124.1 129.1 132.4 135.6 136.7 137.1 137.8 138.7 138 136.7 134.6 131.7 129 124.4 119.6 104.1 99.7 96.8 102.5 102.1 88.9 89.7 90.2 88 84.9 80.8 77.4 74.2 71.3 68.8 66.5 65.1 63.3 60.3 58.5 57.1 55.8 54.4 53.3 52.8 51.5 51 50.4 49.5 48.5 46.8 44.3 41.1 32.2 29.5 30.7 27.8 24.7 22.5 21.4 19.9 19.1 18.1 17.6 17.5 16.6 18 18.7 20.4 22.6 24.4 24.6 24.7 19.8 18.6 17.6 16.5 16.1 15.8 14 12 10.5 9.3 8.8 8.6 8.4 8.1
111.4 116.6 122.9 128.1 131.9 133.7 133.9 134 133.7 133.3 132.3 130.2 127.1 124.1 120.3 117.4 114.7 108.1 101.3 98.8 90.4 89.2 88.5 87.8 85.4 83 79.2 75.8 71.6 68 65.5 63.4 61.5 59.5 57.9 55.6 54.1 53.2 52.6 52.6 52.1 51.7 51.6 51 50.4 45.1 38.4 32.7 26.5 22.5 20.6 19.8 19.8 18.3 18.4 18 18.5 18 17.1 16.3 16.2 16.1 16.8 19.5 20.9 22.8 21.8 16.8 13.4 13.5 13.8 14.6 14.9 15.5 15.5 13.9 12.9 10.9 9.4 9.2 8.5 8.3 6.9 2.7
108.4 115.8 122.2 126.9 127.9 127.5 127.7 127.3 127.4 127.1 126.3 124.1 120.9 118.9 114.5 114 112 106.7 103.1 96.7 89.3 85.5 83.8 81.5 78.7 77.2 74.7 70.7 66.2 63.2 60.8 58.6 56.6 54.7 53.4 53.2 52.5 51.9 51.9 52.5 50.4 44.2 38.1 35.1 31.5 27.8 23.4 22.3 20.9 15.9 15 13.7 13.7 13.3 14.8 14.5 15.8 15.4 13 12.7 15.2 14.7 12.8 11.1 11.1 10.7 10.6 10.7 10.7 11.3 12.4 13.4 15.1 21.8 16 10.3 9.5 9 7.2 6.9 5 2.7 2.7 2.5
