WholeMapElevations/data/sh/sh91_OST50GRID_20230518/SH91.asc
ncols 200
nrows 200
xllcorner 290000
yllcorner 310000
cellsize 50
[rows 105 to 139 of 200, columns 0 to 77 of 200]
445.3 444.3 443.9 444.3 445.5 445.7 445.4 447.9 449.7 450.4 450.6 453.2 459.8 466.9 475.9 488 494.3 498.9 503.8 507.9 515.3 519.6 518.1 508.7 509.5 516.5 521.3 527.4 530.3 530.3 521.3 507.9 495.5 489.4 481.2 472.4 461.9 433.9 431.3 431.9 437.8 448.6 451 455.4 467.8 477.9 479.3 479.6 481.5 480.4 477.5 474.6 469.2 463.2 452.8 444.8 441.4 439 434.3 430.9 429.4 423 416.5 413.2 406.2 400.6 396.4 394.3 391.8 389.9 385.7 382.1 376.7 369.3 368.2 366.2 370.5 366.5
442.3 443.4 442.2 443.5 443.5 443.8 444.2 444.2 445.4 447.9 445.3 452.6 459.5 465.4 475.6 485.1 493 497.9 502.4 511.7 515.1 518.1 512.1 506.2 508.7 514.7 520.6 528.2 531.3 528.7 519.9 511.3 501.7 491.5 479.1 467.9 460.6 431.3 431.2 432.2 441.4 442.7 449.3 456.3 459.3 472.9 475 482.7 482.6 480.7 480.7 480 470 461.4 453.3 448.3 445.7 440.9 435.5 433.9 431.9 427 423.2 416.6 410.9 407.7 404.2 401.6 397.4 394.8 386.8 386.3 373.3 374.1 370.6 362.3 360.5 361.7
437.5 438.5 441.5 441.5 442 443 440.6 442.3 443 442.9 443.6 449.9 459.4 463.8 472.8 483.1 491.4 498.1 506 511.8 516.3 513.3 504.5 503.8 507 512.4 520.9 529.1 530.5 522.7 517.2 512.5 504.2 495.6 481.3 468.5 446.1 431.3 431.4 432.9 440.4 440.9 444.8 450.9 456.5 463.9 472.2 481.4 483.7 484.2 487.1 484.8 473.4 461.9 457.1 452.7 447.9 443.1 438.2 436.8 433 428.9 426.9 422 418.3 417.4 411.9 407 403.7 399.9 393.4 382.2 381.3 381.5 373 364.2 359.3 359
431 432.4 439.1 437.8 440.5 440.1 436.9 438.6 439.7 435.2 444.1 448.2 457.4 460.8 474.1 480.9 491 495.6 506.6 510.7 512.1 511.1 498.1 501.5 507.6 511.8 519.7 524.6 527.1 519.8 515.1 509.2 502.9 491.7 480 467.6 435.1 430.7 431.8 433.4 438.2 439.8 443.4 448.8 453.5 459 467.6 479 484.9 489.6 493.1 489 474.7 465.8 457.9 454.7 449.2 443.2 440.3 437.9 436.5 430.9 429.1 425.8 422.6 422.3 419.7 416.4 410.7 406.4 396.5 386.9 388.2 389.1 372.5 366.2 363.4 357.3
423.9 427.5 431.4 433.6 436.6 437.3 433.6 434.7 436.6 432.6 439.3 444.8 453.7 462.3 473.4 483.1 486.3 494.1 503.6 509.2 509.2 494.7 491.7 497.7 504.2 509.5 517 520 518.2 512.4 509 506 501.3 486.5 479.5 459.3 433 431.1 430.8 432.9 436.6 439.8 441.7 445.4 453.1 457.9 466.6 477.9 485.1 494.1 497.5 486.3 476.3 469.7 464.9 456.3 449.4 445.6 443.8 442.3 437.6 432.6 431.9 427.4 426.7 425.1 422.8 419.5 414.7 412.2 401.4 395.8 394.9 386.3 378.8 370 370.7 358.5
414.7 423.2 427 433.7 435.7 431.9 431.1 430.5 431 432.1 435.9 440.9 452 464.4 476.7 483.4 485.8 490.7 498.9 503.8 499.9 485.9 488.4 494.4 499.3 505.9 511.6 513.7 509.5 506.2 501.8 497 492.8 484.8 473.4 450.8 435.7 434.6 430.6 432.8 437.6 439.3 442.4 444.1 448.3 457.1 464.7 471.8 482.7 493.7 493 484.4 476 472.7 467 456.4 448 446.3 446.4 441.4 437.5 434.8 433.2 430.1 429.6 427.5 424.3 421.6 415.7 412.5 402.9 401.9 402.1 389.1 379.3 376.8 370.2 360.8
406.1 410.4 416.3 427.3 428.6 428.7 430.5 427.9 427.4 428.4 432.8 441.4 449 465.9 477.3 482.4 484.4 489.3 493.3 496 487.3 481.5 486.5 491.9 494 500 503.6 502.1 499.4 500.8 495.4 491.7 480.9 472.3 462.3 446.8 438.2 434.4 430.4 432.6 436.5 439.6 441.9 442.5 445.5 451 456.8 466.7 480.6 491.6 487.3 479.6 472.4 471.8 465.1 456.2 446.1 445.5 442.9 439 436.2 435.3 434.1 431.8 430.3 428.2 425.6 421.5 413.4 406.2 403.2 401.7 397.5 387.6 382.5 381.2 373.9 364.6
387.9 397.8 412.9 423 424.2 424.7 427.6 427.1 425.3 428.5 431.4 437.3 444.9 462 476.2 481.5 484.9 485.2 486 484.1 474.8 478.1 483.9 485.6 489.5 489.4 490.1 491.8 490.2 486.7 482.7 477.9 469.2 459.3 450 443.2 440.8 435.7 430.7 431.7 434.4 438.7 440.3 442.1 444 444.9 443.4 451.1 467.4 480.1 475.1 471.5 468.5 463.1 459.6 453 443.9 441.5 438.3 436.2 435.5 435 433.5 431.6 430.8 428.9 425.4 422.1 414 404.6 402.7 399.8 391.7 387.3 386.9 381.2 372.6 367
368.9 390.9 408.2 415.3 415 420.2 421.6 423.1 422.6 426.6 429.2 436.4 444.8 457 472 478.5 483.8 485.1 482.3 472.7 468.6 474.6 479 477.9 479.1 479.7 478.5 474.3 474.8 470.3 462.7 451.3 442 440.5 444.8 443.5 439.4 434.6 427.1 432.7 438.2 438.2 439.6 441 440.9 438.6 438.5 433.6 438.2 448.7 455.2 453.6 455.5 455.6 450.2 443.4 441.3 439.1 435.2 433.8 432.7 433.7 432.1 431.1 430.5 427.9 423 419.2 415.3 405.2 402.4 398.7 393.7 387.8 389.6 382.6 375.8 374.5
365.9 385.1 397.9 403.3 409.4 414.9 416.9 416.9 419.5 423.9 427.3 432.1 441.9 450.3 468.8 474.6 480.9 485.9 487.7 469.6 462.7 466.1 469.1 469.7 466.1 466.1 463.7 459.9 456.3 455.5 448 439.4 431.6 437.4 443.9 444.1 434.7 429.4 427.3 433.6 434.5 437.2 439.6 439.9 439.5 438.3 430 421.5 413.5 423.7 432.6 436 442.2 439.2 435.5 437.7 439.2 434.3 429.9 427.8 430.2 430.4 428.9 429.1 429.5 426.7 420.3 417.1 413.9 403.5 402.3 394.3 390.3 388.6 390.5 384.4 381.1 376.7
354.4 374.7 389.2 396.7 405.9 412.2 414.9 414.3 412.6 420.8 423.7 432 441.5 449.9 459.6 471.2 475.7 485.6 485.8 473.3 453.6 455.5 459 458.1 454.5 453 452.8 446.8 442.3 437.4 434.5 424.3 428.2 436.6 445.5 443.3 430.4 416.6 425 430 433 438.4 439 439.5 439.6 439.1 430.4 418.2 403.2 398.5 411 421.9 428.1 426.1 422.4 419.5 421.8 419.7 413.1 421 427 427.1 425.5 426.7 427.9 425.4 419.8 415.1 410 394.5 391.1 389.1 383.9 386.7 387.2 382.5 379.8 376.9
334.6 357.9 372.7 392.2 403 410 412.3 413.3 406.5 414.4 419.1 433.5 440.8 450.9 456.2 466.4 471.7 481.1 478.2 460.1 448.2 447.5 446.8 445.5 441.6 438.6 436 432.4 428.2 421.9 414.1 418 429.8 438 443.1 438.3 426.3 416.6 427.6 429.3 433.1 435.6 437.5 439.3 441.1 444 439.4 425.1 412.1 396.6 385.4 399.6 403.2 406.9 406.2 409.6 408.2 402.1 398.7 406.7 416.7 419.4 420.5 424.1 425.3 423 417.9 412 396.8 378.6 372.8 378 371.5 376.5 379.2 377.7 376.3 374.7
323.7 341 367.8 385.1 396.6 409.8 411.7 411.7 400.1 409.5 417.7 434.8 446 453.7 459 462 470.1 473.2 462.6 450.8 447.1 441.4 439 436.8 433.2 433.2 429.1 423.2 417.7 409.7 408.4 418.8 427.6 434.4 438.1 431 422.8 416.6 424.1 428.7 433.5 433.7 436.1 440.2 444.7 449.6 449.8 440.5 427.7 411.4 382.1 373.8 374.6 381.1 389.3 397.6 396.5 386.8 387.3 401.1 411.1 412.6 416.2 418.6 420.1 418.1 412.5 395.9 372.7 357.4 353.5 353.7 355.6 360.4 361.5 369 365.5 363.6
319.8 335.9 354 376.2 395.5 402.8 404.7 402.3 395.9 404.1 419.2 432.9 444.2 457.1 463.7 462.8 462 461.9 449.3 446.7 441.3 437.5 432.4 429.9 429.1 425.8 421.9 416.7 412.8 407.3 408 417.3 424.3 431.7 433.8 423.6 418.5 409.8 422.7 429.1 429.8 431.6 436 440.7 450.1 453.9 457 456.8 445.6 418.3 389 367.3 357.7 360 370.4 377.3 378.1 373.2 380.3 396.3 400.6 402.1 409.3 407.3 408 403.1 383.7 369.7 353 343 341.1 339.5 339.2 341.3 339 344.6 347.7 345.3
302.2 324.8 345.7 364.7 381.6 394.3 396.6 374.3 391.4 401.5 414.1 430.9 446.7 456.2 463.7 463.5 454.4 451.1 449 447.6 438.9 433.8 430.2 426.1 424.5 420.7 415.4 412.3 406.2 406.2 412.1 416.2 420.7 426.2 424.4 415.4 410 399.9 420.6 425 426.9 429.5 435.8 444.9 452.6 457.9 459.5 461.6 447.1 404.9 384.1 364.9 347.9 346.7 355.6 359.9 359.5 360.3 375.4 379.8 377.6 388.9 395.1 388.7 383.9 377.3 358.9 345.3 336.3 329.2 327.2 323.9 325.7 325.7 321.9 328.1 333.2 326.1
284.1 304 326.8 349.9 363.8 375.1 379.1 367.9 379.6 394.8 412.1 429.9 441.8 453.4 459.8 458.1 451.8 450.4 449.1 448.7 440.3 432 427.2 421.8 420.6 417.2 411.8 407.6 404.3 405.6 410.4 414.3 416.5 415.9 409.2 391.1 383 407.7 416.6 420.3 424.7 429.2 439 448.7 453.3 456.7 460.2 454.4 429.6 396.5 376.7 354.6 340.2 335.5 334.5 340.4 343.4 348.6 350.7 354.4 358.5 363.2 366.5 362 353.5 345.6 335.4 324.1 318.8 315.5 312.4 308.3 307.4 306.8 305.8 309.9 311.7 306.5
265.8 283.1 301.5 323.3 343.1 357.9 358 345.9 363.2 378.8 401.7 430.6 441.9 446.8 454.5 452.5 451.7 451.4 448.5 451.5 446.5 434.1 428.4 423.3 419.8 412.1 409.1 407.2 404.7 404.3 403.1 406.8 407.3 405.1 395.1 370.8 393.8 408.8 414 417.8 422.9 431.4 441.3 447.5 451.5 454.8 446.2 422.8 400.9 385.3 360 342 337.1 331.9 316.1 319.1 325.9 328.4 326.8 330 334.1 336.4 339.4 335 328.8 319.4 311.7 307.7 305.3 301.9 299.4 296.5 296.9 293.9 291.2 294.2 294.3 291.9
252.3 261.9 277 292.6 307 320.7 324.5 320.3 344.6 366.7 389 412.7 435.8 446 448.6 448.9 450.3 453.1 447.7 446.5 447.8 441.9 435.8 427.4 422.5 413.2 409.4 407.9 407.6 408.1 404.1 400.4 393.1 380.1 357.9 374.5 395.7 406.5 411.5 416.6 423.5 430.4 437.8 443.7 447.1 442.5 418.1 398.5 379.2 368.6 341.7 326.8 328.4 319.7 312.1 302.5 303.2 303.3 303.8 305 310 312.3 315.8 313.7 310.5 305 293.5 292.2 292 291.5 290.3 288.1 286.8 284.8 285 286.3 285.8 282.7
246.8 248.5 254.3 264.6 275.2 288 282.5 303.9 329.4 352.9 376.4 398.3 421.3 432.4 441.9 446.6 451.1 455.1 446.8 445.1 444.7 445.8 441.9 434.5 431.3 421.7 416.8 410.7 409.1 406.9 400.1 392.6 364.6 361 335.1 373.4 395 404.3 409.7 417.4 422.7 430.2 436.6 436.1 431.7 429.2 398.2 376.4 358.8 345.4 325.9 316.8 313.8 304.9 297.4 286.9 288.8 288.9 289.4 290.7 291.5 295.6 294.1 293.7 292.2 291.6 289.4 290.6 292.8 291.9 289.2 286.8 285.2 283.4 283.5 283.1 282.5 281.2
236.7 237 242 243.4 248.9 260.9 269.3 288 313.7 332.7 361.6 383.2 410.9 429.4 438.7 444.8 455.7 457 447.8 444.1 439.5 440.7 445.7 442.2 437.9 430.3 420.1 413.5 410.4 405.5 395.2 386.9 362.7 339.9 330 363.2 385 399.3 408.5 415.6 423.1 428.9 425.7 416.9 414.9 402.1 377 357.1 341.4 328.1 315.1 312.9 309.8 297.4 292.6 280 279 280 281.7 284.2 286 286.5 287 287.8 288.2 289 289.4 292.7 295.3 295.9 292.4 291.1 289.6 286.8 284.2 283 280.5 279.3
233.2 228.2 232.8 235.9 243.1 246.9 251.8 270.6 292.8 312.2 347.9 385.1 416.8 429.4 436.5 445.9 454 449.3 445.9 440.9 436.3 432.3 434.3 435.6 434.5 426.9 418.7 414.5 406.7 402 392.3 372 347.9 329.8 315.2 354.5 380.5 398.6 405.6 411.5 417.7 420.4 411.3 400.6 395.4 375.3 356.8 339.8 324.7 313.6 302 297.5 294.4 287.9 281.5 274.8 274.7 276.6 283.4 289.1 293.3 294.9 294.4 292.6 291.7 292 294.1 298.2 299.6 300.6 294.9 293.7 292.3 288.9 285.8 283.7 281.7 280.9
244 231.2 226.5 232.1 240.5 241.4 245.7 262.2 273.3 307.1 340.2 378 404.2 421.6 429.9 442.8 446.8 442.9 440.7 438.4 435.5 429.7 427.3 425.5 423.4 421.3 420.4 415.6 408.4 401.1 388.3 360.5 340.1 318.3 314.6 351.5 380.4 393.6 401.6 403.5 397.9 396.3 384.4 374.6 369 350.3 341.1 322.9 313.4 300.1 287.9 283.2 280.6 278.5 273 272.5 272.9 273.3 281.2 289.4 295.7 299.4 300.6 300.1 300.4 301.6 302.3 305.1 306.5 305.4 301.1 297.1 294.2 291.1 286.8 285.4 283.5 282.7
263.9 241.9 224.6 226.6 236.7 235.6 240.2 246.6 266.1 291.9 322.5 355.6 388.2 414.5 426.1 433.9 434.4 432.6 433.9 435.4 433.4 425 419.9 420.5 422.3 417.2 413.7 411.1 405.1 396.7 381.2 352.1 335.8 308.6 310.1 344.1 373.2 386.5 395 391.4 377.6 361.6 357.4 354.4 337.7 322.7 314.8 309.7 303.5 287 276.8 272 272.2 270.9 270.5 270.6 271.2 273.7 279.5 287.6 295.1 300.6 303.7 305 305.8 307.4 310.1 312.8 313.9 311.9 306.4 302 298.3 293.4 291.1 291 286.9 286.2
283.9 258.3 233.4 222.1 231.7 232 235.6 237.5 256.2 278.8 311.6 342.9 377.4 405.5 422 424.7 423.7 422.5 424.6 427.1 426.6 415.4 411 411.2 411.7 410.2 405.9 403.3 397 388.1 373 347.7 329 291.5 300.8 327.1 353.7 371.9 371.3 363.6 347.1 331.5 326.5 322 308.2 299.6 294 293.6 285.4 275.5 270.2 268.6 268.4 268.7 269.1 269.6 270.5 272.1 280.3 291 299.4 304.4 310 313 317.7 317.9 321 321.6 321.9 319.1 314 307.7 303 299.5 300.1 297.6 292.8 291.9
300.8 270.7 242.9 222.7 221.7 228.4 231.1 233 247.4 269.4 298.5 330.4 365.4 391.7 414 418.5 415.1 412.3 412.8 415.6 411.1 405.5 403.8 403.2 403.5 399.6 394.4 390.6 386.9 378 362.3 341.2 323.4 300.6 280.6 306 328.5 341.6 339.1 328.7 316.3 305.4 299.6 294.7 285.9 278.1 274.1 275.2 268.3 264.5 264.1 265.1 266.1 266.8 268.7 269.3 271.2 275.7 288.8 302.5 311.2 318.3 325.2 329 331.4 332.4 333.8 336.3 336 334.3 327.1 320.6 312.7 310.5 307.4 304.7 307.2 305.6
319.4 281.6 253.3 238.4 218.6 220.6 226.2 230.2 235.2 258.5 286.7 316.5 355.7 377.2 404.5 407.5 404.6 403.6 400.7 400.2 394.7 394.5 396.3 396.8 394.4 391.7 385.8 384.9 379.1 366.8 353.4 334.8 324 297.9 270.8 291 309.2 314.4 307.3 298.1 288.7 279.1 274.5 270.4 265.7 263.6 260.2 257.5 258.1 259.9 264.1 266.4 267.3 268 269.2 271.5 276.5 286.5 302.6 315.2 319.3 324.2 326.6 329.1 333.6 338.3 339.3 340.3 349.5 344.8 337.2 332.5 325.6 322.6 318.5 318.4 320.6 319.1
327.5 290.9 269.1 252.2 227.8 219.5 216.3 230 234.8 253 279.6 307.3 340.9 365.4 389 393.7 395 393.4 388.8 382.7 382 386.2 394.4 393.3 386.5 377.9 377 379.7 377.6 365.3 342.6 323.8 315.3 290.4 267.5 282.4 290.2 286.2 280.6 272.8 265.6 259.1 255.5 253.4 253.7 254.1 254.4 255.6 257 260.7 263.2 263.9 264.2 265.9 268.2 274.1 283.9 297.8 309 318.1 321 325.2 326.1 327.7 329.4 331 331.6 334.8 341.1 340.4 338.9 336.5 334.5 333.2 329.6 326.4 327.5 328
326.1 301.4 280.7 260.8 240.7 216.9 221.3 232.1 236.2 247.2 271.5 298.6 335.4 355.9 375.8 381.1 387.9 384.1 376.5 370.4 372.4 381.7 394.3 388.9 375.6 365.8 355.5 357.5 364.6 353 336.4 326.1 314.8 282 259.4 267.7 271.9 268 260.4 248.1 246.2 254.6 257.5 256.2 255.4 256.6 257.6 259.8 261.4 262.2 263 263.7 265 266 268.6 279.5 291.3 304.9 310.6 313.9 315.4 317 317.3 317.9 319.2 321.3 322.4 324.5 328.1 330.3 333.7 334.1 335.6 335.5 334.4 335.1 334.6 335.1
325 314.5 289.8 264.8 244.8 220 217.7 234.4 237.9 248.1 266.3 291.7 320.7 345.5 361.9 370 370.5 366.6 363 362.8 367.5 381 380.8 371.5 360.7 346.9 332.4 327.6 331.1 323.1 315.5 309.5 302.1 280.5 260.1 250.1 252.9 253.9 244.6 248.4 254.4 260 264.1 267.1 269.4 269.3 268.8 267.5 266.6 265.7 266.5 266.6 266.3 267.2 269.3 276.7 292.1 301.4 307.2 310 311.5 312.5 313.2 313.1 313.7 314 314.5 315.3 316.9 319.4 321.7 323.4 328.7 333.9 338.7 344.6 341.5 341
319.4 307.8 288.5 261.7 244.8 227.4 208.2 229.4 239.1 254.5 275.3 293.3 315 337.2 348.9 355.8 355.9 356.6 356.9 354.1 359.5 365.1 363 353.2 345.6 326.9 315.8 299 298.1 294.9 295.1 290.1 283.4 269.1 254.3 241.8 243 243.6 241 251.2 258.9 265.2 270.7 274.5 276.4 276.2 275.4 275 275.6 275.3 273.7 272.3 269.6 271 271.7 275.9 282 290.1 297.4 300.8 305.1 307 307.7 308.2 308.1 308.1 309.8 309.7 310.1 312.1 314.9 317.7 321.3 325.9 332.4 336.4 342.8 349.3
314.9 293.8 277 259.1 244.4 228 209.6 219.3 237.3 258.9 282.2 312.3 327 332.9 340.2 346.5 351 354.7 352.7 348.6 346.9 339.1 330.5 320.5 313.2 304.1 294.4 278.1 275.5 275.5 273.9 269.7 262 252.9 247.4 242.5 237.5 236.1 242.7 255 260.7 268.2 275.8 279.1 280.5 280.7 280.4 280.1 281.8 280.9 279.3 278 274.2 275.3 275.5 277.7 279.4 278.9 284.6 288 292.2 296.3 300.1 303.7 304.8 304.9 303.9 303.2 306 308.5 311.9 314.9 318.2 323.1 327.9 332.8 333.9 334.9
305.7 287.6 269.1 254.7 242.3 230.2 216.4 206.5 230.2 255.3 278.7 315.4 337.9 352.2 355.1 356.3 364.5 361.7 358.4 348 331.7 322.1 303.8 294.3 282.7 276.7 267 258 251.7 255.2 254.1 251.5 245.2 238 229.4 232.5 233.7 233.2 244.7 252.9 258.2 265 272.9 276.3 278.8 279.8 280.2 280.4 281.2 281.9 281.5 279.7 278.9 278.9 280.4 284.1 290.5 292.7 292.7 292.9 294 293.3 293.9 294.9 295.4 296.6 297 298.8 301.5 305.6 309.1 312.1 314.9 319.4 323.5 325.2 327.7 329.8
297.7 284.3 263.6 250.7 241.3 233.1 224.8 202.5 221.5 247.1 271.1 304.1 328.5 352.2 372.2 370.8 367.6 359.9 354.3 342.5 326.8 304.5 281.3 268.9 261.6 254.3 246.4 238.5 235.8 234.4 232.6 231.8 226.4 222.6 223 227.3 228.8 231.4 238.5 247.1 254.9 259.9 265.4 270.4 274.1 276.2 279.2 281.3 282.7 283.2 284.7 283.7 283.9 285.3 287.4 292.9 299.4 301.7 305.9 307.7 304.8 302.6 297.9 295.5 295.2 295.6 296.1 296.9 298.9 302.6 306.5 309.6 312 316.4 319.3 321.4 322.7 323
289.6 281.2 268.4 254.7 241.5 231.6 220.9 199.5 221.6 240.4 265.3 295.8 321.7 345 360 359.9 353.9 347.8 338.2 324.1 302.6 288.9 263.6 248.6 242.9 235.4 226 216.9 216.9 215 214.9 215.6 217.3 232.3 236 235.8 240.4 250.9 255.7 257.9 260.1 257.5 261.7 267.4 271.5 277.3 282.9 291.3 292.2 291 290.7 289.8 288.3 290.4 298.9 314.3 314.8 315.4 319.5 320.3 321.3 317.4 317.4 308.8 302.2 300.3 297.4 297.8 298.1 300.4 304.2 307.1 310.1 312.6 315.3 316.5 316.2 315.4
286.1 275.5 264 248.5 232.8 215.2 209.6 196.6 221.6 242.9 263.6 287.8 312.9 334.2 341.9 337.4 330.5 321.2 314.1 295.2 279.2 264.9 248.7 233.7 231.2 226.8 212.6 208.9 209.7 212.9 215.1 222.9 232.9 239.9 243.4 248 252.2 257 261.7 265.1 266.2 266.4 262.2 270 279.3 285.3 290.4 295.9 298.3 297 296.4 294.7 293.6 301.9 314.7 323.6 325.5 330.8 336 338 336.3 332.4 328.5 321.1 312.5 304.5 301.7 302 299.1 299.7 301.1 303.7 306.2 308.6 311 310.5 310.2 307.3
