UK/data/no/no40_OST50GRID_20230518/NO40.asc
ncols 200
nrows 200
xllcorner 340000
yllcorner 700000
cellsize 50
[rows 108 to 143 of 200, columns 81 to 161 of 200]
135.6 133.3 131.1 128.9 127 125.5 124.5 121.9 125.9 128 128.9 128.9 130.7 135 137.2 142.5 149.1 156.4 167.7 177.8 186.2 195.5 199.8 203.7 202.7 198.8 196.1 192.2 188.5 184.7 181.5 177.8 174.4 172.3 170.7 167.6 164.6 162.2 159.7 156.3 154 150.8 146.8 142.6 139 135.8 133.9 131.7 129.6 126.8 124.5 122.2 119.4 116.7 113.6 109.7 105.9 103.4 101.2 99.2 97 95.8 94.3 92.6 91.6 91.5 91 90.4 90.2 89.7 92.1 93.2 94.5 100.3 103.7 105.1 106.8 105.5 102.5 100.9 98.1
133 130.9 128.8 126.6 124.5 122.9 121.3 118.6 121.9 123.8 124.6 124.6 125.3 127.3 131.9 139.2 149 155.5 162.4 171 178.4 183.8 189.5 193.7 194.2 193.5 191.3 188.8 186.1 182.8 179.6 177.1 173.9 172 170.6 167.7 164.7 162.8 160.6 157.1 153.7 148.3 144.6 140.7 136.7 134.6 132.4 129.6 127 124.8 122 118.9 116.5 112.2 108.5 106.1 102.4 100.1 98.9 96.9 94.4 92.7 91.5 90.9 90.3 90.3 89.9 89.4 90.5 90.2 92.6 96.5 97.5 100.4 120.1 120.9 119.8 112.3 106.9 97 90
129.1 128.4 126.7 125 122.8 120.5 119.3 116.3 117.7 119.5 119.7 119.6 120.6 121.9 127.3 134.2 141 148.6 156.6 164.4 168.7 174.8 179.3 183.8 185 185.9 185.1 183.8 182.6 180.2 177.9 175.7 173.5 171.5 170 167.7 164.1 161.3 158.1 153.8 148.5 143.2 139.6 135.9 132.4 131.4 129.4 126.9 123.4 120.4 116.3 113.4 110.5 107.1 103.3 101.5 98.1 96 94.9 93.9 93 91.9 90.2 89.1 88.6 89 88.8 89 90.1 90 90 89.7 89.7 85.2 81.8 101.8 93.8 87.3 83.2 77.3 74.3
123.2 122.7 121.2 120.9 119.6 118 116.1 112.7 111.6 115.3 113.9 116 115.8 118 122.6 128.7 133 136.7 143.1 149.5 157.8 165.1 171.3 173.6 174.9 177.3 178.8 178.5 178.4 177.5 176.8 174.1 171.4 168.5 164.8 157.9 156.4 154.6 150.2 145.5 140 136.2 132.4 128.7 125.7 123.8 122.5 118.3 114.9 112.1 110.2 107.5 104.7 102.1 98.7 96.5 94.1 92.4 91 90.8 90.1 89 87.8 86.4 86.9 87.3 87.6 88.6 89.2 89.8 88.4 87 84.9 81.1 77.2 75.5 74.3 73.5 72.9 73 73.1
115.9 115.6 115.4 116.1 115.1 113.4 112.1 108.8 101.1 109.1 109.1 110.9 111.2 113.3 116.9 121.8 126.8 130.3 135.6 140.5 148.8 153.7 158.6 162.9 167.2 170.7 173.4 175.5 175.7 173.3 171.1 169 165.9 161.9 155.8 146.9 144.9 143.9 139.7 134.7 130.7 128 125 121.5 118 115.9 113.3 111.2 109.4 107 104.2 102 98.2 95.6 92.7 92 90.6 88.7 87.6 88.1 87.1 85.9 84.8 84.2 84 83.9 86.1 88.3 87 86.3 85.5 84.9 83.4 80.5 78.3 75.4 74.4 73.8 73.5 73 73.1
109 108.9 109.6 109.7 108.8 106.1 107.4 104.3 100.5 102.1 102.7 103.5 103.8 105.2 109 113.5 119.5 125.1 130.1 133 137.9 145.5 150.7 155.1 159.2 162.3 164.2 164.7 163.6 160 156.2 156.9 153.4 150.1 143.3 136.4 133.1 131.6 130.2 126.1 122.6 119.2 117.4 115.5 113 109.4 107.8 105.4 102.9 100.6 97.8 95.1 92.9 91.3 88.3 87.2 85.7 84.5 83.9 84.6 84 82.8 82 81.6 81.4 81.1 80.5 83.2 82.3 81.2 80.2 79.5 78.8 77.6 75 73.2 73 72.5 71.9 72 71.5
102.3 102.6 103.6 104.1 103.7 102.3 98 98.5 97.4 92.6 94.6 96.6 99.1 100.2 102.4 105.9 109.2 118.1 122.7 125.8 132.4 139 144.3 148 150.7 152.1 151.4 150.6 149.1 145.9 140.5 142 134.9 132.2 129.7 125.5 123.2 121.7 120 118.3 115.8 111.7 110 108.8 105.4 101.9 100.6 98.7 95.9 93.8 91.4 89.2 87 86.2 84.2 83.2 83.1 81.8 81.5 81.4 81.4 80.2 79.6 79.1 78.7 78.5 78.2 79.8 77.6 76.3 75.5 74.7 74 72.8 71.8 70.1 69.8 69.7 68.8 68.2 68
97.5 98.5 99.6 100.4 100.4 100.5 95.2 93.9 95.4 86.3 86.5 91.4 95.3 97.7 99.4 103.8 106.3 110.3 115.5 121.4 127.8 133 136.5 139 140.7 139.9 138.3 137.7 136.4 134.2 130 125.2 122.2 120.2 118.1 116.8 115.3 114.4 113.3 112 108.8 104.9 102.8 99.8 97.4 94.5 93.4 92.2 89.5 87.4 86.6 85.1 83.3 82.2 81 80.3 79.5 79 78.8 78.7 78.6 78.5 77.8 77.1 76.4 75.4 74.1 73.6 72.9 72.3 71.7 71 70.4 69.2 67.7 66.3 65.8 65.1 65.2 64.6 64.4
93.2 93.4 95.2 95.4 95.4 95.1 94.1 90.4 91.1 89.6 81.5 92.2 92.9 93.8 97.3 102 105.5 108.9 113.5 118.1 123 126.4 128.4 129.4 130.5 128.5 127 126 124.9 122.8 121.1 117.9 115.2 111.7 109.3 107.3 106 105.1 104.1 102.5 99.7 96.5 94.1 91.1 89.8 87 85.9 85.5 83.9 83 81.8 80.3 79.1 78.4 78.1 77.8 76.5 75.9 75.8 75.6 75.5 76.8 76.1 75.3 73.6 71.7 69.9 68.7 68.7 68.7 68 67.4 66.7 65.6 64.1 63.3 62.9 62.1 61.5 61.4 61.4
90.1 90.4 90.6 90.6 90.7 90.8 89.7 83.2 87.1 84.8 82.9 91.2 90.5 92.1 95.7 99.7 103.3 106 110.2 114.1 117.8 119.3 121 120.8 120.2 118.9 117.9 116.8 114.5 112.1 109.7 107.3 105.1 102.9 101.3 98.4 97.9 96.5 94.6 92.2 89.6 86.2 84.9 82.3 80.4 79.4 79.2 78.9 78.5 77.7 77.4 76.9 76.2 75.5 75.9 74.6 73.2 72.6 72.5 72.4 72.7 74.6 73.5 70.9 69.4 67.5 65.5 64.3 64.5 64.7 64.5 63.8 63.1 62 60.7 60.3 59.8 59.4 59.2 59.2 59.2
87.2 87.5 88.2 88.6 88.2 88.9 88.5 84 82.6 83.8 78.6 86.4 88.2 87.6 91.6 96.7 99.3 102.2 106.4 109 111 112.2 112.8 112.2 111.2 109.8 108.7 106.9 104.7 102.3 101.4 98.7 96.3 94 93 90.4 86.9 85.3 83.8 81.7 79.7 77 75.2 74.2 73.3 71.9 71.7 72.6 73.2 73.8 73.8 73.6 73.8 73.5 72.3 71.3 70.3 69.6 69.3 69.3 70.3 71.8 69.8 67 65.1 63.3 61.3 60.1 60.2 60.4 60.6 60.3 59.5 58.4 57.6 57.1 56.6 56.3 56.2 56.3 55.6
84.4 84.2 85.3 86 85.9 85.4 85.5 82.8 79.9 82.9 74.6 83.1 84.8 85 91.5 94.8 97.8 99 102 104 104.9 105.4 104.7 103.8 102.5 101 99.1 96.7 94.5 93.6 91.9 89 86.5 82.8 82 80.3 77.8 75.5 74.6 72.4 70.3 69.1 70 69.6 69.2 69.1 68.2 65.6 66.6 68.8 70.1 71.1 70.9 70.7 69.7 68.7 67.6 66.7 66.2 66.1 68.8 68.4 66.1 63.1 61.1 59.2 57.7 57.1 56.5 56.5 56.6 56.7 56.1 55 54.4 54 53.5 53.1 52.7 52.7 52.3
82.6 81.9 82.2 82 81.8 81.4 80.7 78.7 79.1 80.3 75.1 79.8 84.1 88.2 92.3 94.8 95.3 95.7 97.5 99.3 98.7 98.9 98.5 97 95 93.1 89.3 87 83.5 80.5 78.8 77.8 75 71.9 72.5 72.1 72.3 73.1 73.9 72.6 71.2 69.9 70.5 71.1 71.1 71.4 71.4 70.2 66.5 64.7 66.6 68.7 68.5 68.1 67.1 66 65 63.9 63.2 63.8 63.2 62.6 62.1 60.6 58 56.5 55.5 54.5 53.9 53.4 53.1 53.4 52.6 51.8 51.2 50.8 50.3 49.9 49.4 49.2 49
80.9 79.4 78.9 78.8 78.6 78.1 78.6 78 76.3 76.1 75.3 78.2 83.4 86.5 89.9 91.6 91.6 91.3 92.1 92.2 92.5 90.9 91.5 90.3 88.4 86 80.9 79 76.5 74.3 71.1 68.8 66.5 63.7 70.9 71.3 71.4 71.9 71.9 71.2 70.3 69.3 69.3 68.6 68.8 68.8 69 68.4 67 62.7 63.7 65.2 66.8 66.5 65.2 63.8 62.4 61.3 60.7 60 60.7 60.3 60.3 57.9 55.3 54.4 53.4 52.3 51.3 50.7 50.3 50.1 48.9 48.5 48.1 47.4 46.7 46.5 46 45.8 45.8
77.4 76.9 75.5 75.4 75.4 75.7 77.1 76.4 75.6 66.2 59.9 80.1 82 83.9 85.8 86.6 86.8 86.6 88.4 87.1 89.6 88.3 86.3 83.9 81.5 80.5 78.2 76.4 74.7 75.1 72.4 69.9 67.5 61.9 59.8 66.3 69.6 69.5 68.7 69.2 68.1 67.2 66.2 65.4 65.5 65.1 64.4 64.4 63.4 62.5 62.4 63.2 63.6 63.9 63.5 62.1 60.8 59.5 57.7 56 56.5 59.5 57.1 54 52.9 52 51.1 50.1 49.2 48.1 47.6 46.8 44.9 44.5 44 43.4 43.1 42.9 42.5 42.4 42.6
74.9 72 72.5 72.7 72.5 73.1 75.1 74.4 73.8 58.2 70.3 78.1 79.1 79.7 80.4 81.2 81.2 79.7 80.5 82.2 85.1 86 84.4 81.5 78.5 78.3 77.4 76 74.4 73.4 71.6 70 67.8 60.8 58.3 58.4 63.6 66.9 65.9 65.3 64.2 63.7 62.7 61.8 61.3 60.4 59.9 60.4 59.2 59.9 60.3 60.9 62.5 63.4 61.7 60.4 59.3 57.9 56.1 53.7 52.8 54.4 52.2 51.3 50.5 49.6 48.7 47.7 46.8 45.9 44.6 43.2 41 41 40.7 40.4 40.2 39.7 39.2 39.2 39.6
73.9 70.6 68.1 68.8 69.1 70.2 71.7 72 71.9 57.1 70.3 74.8 75.5 74.6 74.9 74.2 73.6 73.3 73.4 75.1 77.7 80.3 80.5 78.2 76.3 75.6 75.9 73.8 71.8 70.1 68.4 66.8 65.7 60 57.5 57.1 57.3 59.6 60.6 60.9 60.6 60 59.2 58.3 57.5 57.7 58 58.3 58.3 58.9 59.8 61.6 62.3 61.9 59.5 58.1 56.8 55.9 54 51.7 49.5 50.2 49.6 48.7 47.9 47.3 46.4 45.5 44.6 43.1 41.6 41 41.5 42.1 44 44.1 43.5 42.6 41.9 40.7 39.2
70.6 66.8 62.7 59.2 62.2 66 68.2 69 62.2 55.3 67.2 69.8 70.5 68.9 66.8 65.6 65.2 66.3 66.4 67.5 70.3 73.7 75.7 74 72.1 70.3 70.1 68.3 66 65.6 63.8 62.2 60.4 57.7 56.2 55.5 56 56.4 57.4 57.8 57 56.3 55.7 55.6 56 56.5 56.8 56.9 56.7 59 60.2 60 60.3 58.5 56.4 54.4 53.6 52.9 51.4 49.5 47.1 46.4 46.3 45 44.4 44.1 44.1 43.3 42.4 41.9 41.5 41.8 43.8 45 45.4 45.1 44.2 43 42.1 41.5 40.2
62.9 54 52.2 50 52.8 60.1 63.3 60.7 53.7 61.1 64.1 64.8 65.2 63.6 62.2 60.2 59.8 59.6 60.3 61.2 62.8 66 67.3 66.3 65.6 64.7 63.7 62.9 60.6 58.9 58.2 57.3 55.7 55 53.8 54 54.8 54.8 55 55.4 55 54.2 54.4 54.1 54.7 55.3 55.5 55 56.2 57.5 56.4 56.5 56 53.5 52 51.2 50.7 50 48.4 46 45.7 44.6 43.6 42.8 42.7 42.3 43 42.5 42.1 41.7 42.7 45 45.5 45 44.9 44.3 42.5 41.6 41.6 41 40.5
47.3 49 50.4 49.8 48.5 49.5 51.8 53.2 52.7 55.5 61 61.7 61.6 60.5 59.1 58.1 56.9 55.9 55.5 55.7 56.7 58.2 59.8 60.2 59.7 59.5 58.6 56.8 55.7 54.9 54.4 52.9 52.4 51.6 50.7 51 51.7 52.2 52.5 53 52.8 52.4 53.3 52.9 54.1 54.5 54.1 53.2 53.3 54.6 54.3 53.4 52.1 51.1 49.8 48.3 47.1 45.6 44.1 43.9 44.7 43.8 43.2 42.6 42.2 42.2 41.7 42.7 41.9 41.9 45.8 45.5 45.6 45 43.7 41.9 40.9 41.3 41.3 40.6 40
48.9 59.1 60.7 62.1 63.1 56.3 52.9 52.5 52.9 51.1 53 59.4 59.9 58.6 57.5 56.6 55.4 53.8 53.5 53.5 53.2 53.5 54.8 54.9 55.3 56.1 55.1 54.3 52.6 51.5 50.1 49.3 49.1 48.2 47.4 48.1 49.4 50.1 50.9 51 49.9 49.3 50.7 51.4 53.3 52.8 49.9 50.2 50.7 49.9 49.3 47.8 46.8 45.2 44.7 43.6 43.6 43.3 42.6 43.2 44 44.3 44.1 43.6 43.8 43.6 42.5 42 41.9 43.6 44 44.9 44.4 43.6 42.8 42.2 42.4 41 40.9 40.2 39.5
51.5 57.4 60.9 61.8 61.1 58.8 58.9 59.6 60.1 54.1 50 54.2 58.8 58.1 57 55.5 54.2 52 51.5 51.9 51.1 50.8 51.2 52.7 53.1 53.4 52.8 50.6 49.6 48.2 47.4 46.5 45.9 45.6 45.9 45.7 47 48.7 49.6 48 46.2 47.5 49.4 50.5 51.4 48.9 46.7 46.7 45.7 43.9 43.1 43.2 44.5 43.1 42.6 42.4 42.3 43 43.8 43.9 43.5 43.1 43.6 43.1 42.6 42.4 42 41.2 42 43.1 43.2 43.1 42.8 41.8 41 40.9 42 41.7 40.8 40.2 38.4
53.5 55.2 56.5 57 59.1 58.2 58.5 61 61 60.4 54.9 49.8 55.5 57.5 56.2 54.7 53.1 50.1 49.6 50.1 49.1 48.8 48.4 48.8 48.9 48.1 47.7 45.9 45.5 45.2 45.6 44.8 44.8 44.6 44 44 45.2 46.6 46.8 44.1 43.9 45.4 46 46.4 48.1 45.9 44.2 43.2 43.4 45.6 46.7 46.8 46.7 45.6 46.1 46 45.6 45.9 44.8 44 43.2 42.9 42.2 41.9 41.4 41 40.7 41.3 42 42.9 42.4 42.7 41.3 41.1 40.8 40.4 39.6 40.1 40.2 40.1 36.2
52.7 53.8 54.7 54.8 55.7 56.2 56.9 59.6 60.1 59.9 59.4 51.1 49.5 55.3 56 54.5 52.1 49.5 48.2 47.5 47.5 46.5 45.7 45.4 45 44.2 45.1 44.9 44.4 43.7 43.8 43.5 44.2 44.5 43.4 42.5 42.8 42.5 43.8 42.6 41.4 42.7 42.9 43.2 41.7 43 43.5 44.2 46.7 47.7 48.1 47.6 46.4 46.3 46.6 46.5 45.9 43.8 43 43.1 41.9 41.7 41.2 41.1 41.6 42.2 41.9 41.8 40.9 40.7 41.6 41.2 41.4 39.7 40.7 41.3 39.4 39.2 39.9 38.4 33.4
51.5 52.6 53.7 53.5 53.7 54.2 54.9 57.2 58.3 57.7 57.4 56.8 48.4 50.2 55.3 53.8 51.3 50 48.8 47.1 47.3 46.6 45.8 44.9 43.6 41.9 41.5 41.1 40.5 40.3 40.9 42.6 42.5 42 42.1 41.1 41.4 40.9 41.8 40.6 40.4 39.9 39.5 39.2 38.3 42.4 45 45.3 47.1 48.3 48.1 47.9 46.1 46.1 46.4 45.3 44 41.7 41 41.6 41.8 42 42.4 42.6 42.4 42.2 42.1 41.5 41.5 39 39 38.7 39.3 39.5 38.7 38 38.4 38.8 39.1 38.1 31.3
50.2 51 51.9 51.7 51.9 52.5 53.3 54.7 55.3 55.7 55.2 55.4 52.5 47.2 47.6 50.5 49.6 48.2 47.7 46.3 44.8 44.6 43.5 42.8 41.5 40.8 40.7 40 39.9 39.9 39.1 39.2 40.3 39.1 38.7 39.1 39.4 39.3 39.7 39.5 38.8 38.5 37.8 37.3 36 37.1 39.8 44.5 45.6 49.2 47.6 46.3 45.8 45 44 43.5 41.4 41.4 41.2 42.4 42.8 40.8 39.8 39.3 38.5 37.3 37.2 38.2 38.5 37.2 37.4 36.5 37.8 38.4 36.7 37.3 38 38.3 36.9 34.3 29
49.4 49.7 50.4 50.6 51.1 51.2 51.9 52.1 53 53.3 53.7 53.8 53 48.2 45.2 45.4 45.5 47.5 45.6 44.4 42.9 42.4 41.5 41 40.6 40.1 40 40.2 39 38.5 38.5 38.6 38.3 37.8 37.9 38 38.5 39.2 39.6 39 38.4 38.1 37.4 36.9 36.3 35.6 36.5 41.2 45.6 46.2 44.3 43.4 43 42.7 41.5 39.5 37.9 38.9 39.5 38.8 38.1 36.3 35.6 34.7 34.4 33.1 32.7 32.8 32.7 33.7 34.4 35.9 36.7 36.6 37.3 36.8 36.1 33.6 30 28.8 29.2
48.2 48.7 49.3 49.4 49.9 50.2 50.5 51.4 51.7 51.6 52 51.5 50.4 50 47 44.4 43.4 43.1 43.3 43.7 43 41.7 40.7 40.3 40 39.4 39.2 39 38.9 38.5 38.5 38.4 38.1 37.7 37.6 37.7 38 37.7 37.9 37.6 37.4 37.3 37.1 37.4 37.6 34.8 35.6 38.1 40.6 40.7 40.8 40.4 40.6 40.3 37 36.6 38.4 40.5 36.8 36.1 36 33.5 32.5 31.3 32.2 32.3 32.1 31.2 31.7 31.5 32.5 35.5 35.7 33.3 32.2 30 28.8 27.7 27.3 28 28.4
47.9 48.2 48.8 49.2 49.5 49.7 49.6 50.2 50.4 50.1 50.2 49 47.9 47.3 47.4 45.4 43.4 42.9 41.5 41.5 41.5 41.1 40.9 40 40 40.1 39.8 39.6 39.2 38.5 38.3 38.2 38 37.9 37 36.7 36.3 36.3 36.6 36.2 36.1 36 36.3 37.2 36.3 34.9 34.8 36.3 37.9 39.7 36 35 36.8 35.8 35.2 37 36.2 34.3 32.3 33.8 34.8 33.2 32.1 31.6 30.9 30.7 30.1 30.3 30.8 29.7 30 30.2 30.2 29.6 29.4 27.2 28.4 27.8 26.5 25.7 25.8
46 46.9 46.8 47.7 48.8 49 48.5 48.3 49.1 48.9 48 47.9 49 47.2 48.5 46.4 46.2 44.1 42 41.1 40.7 41.5 40.8 40.9 40 40 39.3 39.4 39.1 38.7 38.2 38 37.8 37.6 37 36.7 36.8 36.5 36 35.8 35.6 34.6 35.1 35.1 36.3 37.3 34.3 34 34.8 36.1 36 32.7 32.9 32.5 33 32.6 32.8 32.1 32.5 35.3 34.1 32.1 30.6 29.6 29.7 29.1 29.4 29.9 29.4 28.2 27.7 27.9 28.5 28.4 28.4 26.4 25.9 25.9 25 24.9 24.8
42.5 44 44.7 46.1 47.4 47.8 47.9 48.2 49.2 50.1 51.5 52.2 51.5 50.1 50.1 50.5 48.2 47.5 45.3 43 41.9 41.6 42.1 42.7 42.7 42.8 42.7 42.3 40.9 39.7 38.9 39 38.8 38.4 38.2 37.5 37.5 36.3 35.7 34.8 33.2 32.7 32.8 32.9 35 36.3 35.1 34.2 34 33.5 32.6 32.1 30.3 29.1 29.5 27.9 29.2 29.7 30 30.8 29.9 28.7 27.1 25.6 26.6 27 27.1 27.4 26.2 26.3 26.4 26.4 27.4 27.3 26.8 26.1 25.5 25.3 25.2 25 24.7
38 41.2 42.8 44.4 46 46.8 47.1 48.6 50.2 52 53 52.2 51.7 51.3 52.1 51.3 50.3 48.9 47.7 47 45.5 43.3 41.6 41.4 42.1 42.1 42.5 42.7 42.4 41.7 40.7 40.7 39.9 39.5 39.5 38.6 36.7 36 35.3 34.5 34 30.5 30.5 30.3 32 34.7 35.6 35.8 35.9 35.6 35.3 34.5 32 30.7 29.4 28.2 27 26.9 25.8 27.3 26.9 27.1 26 25.1 25.6 24.5 23.3 24.3 25.1 26.3 26.9 26.4 26.7 26.2 25.5 25.3 24.5 24.6 25.2 25.4 25.2
35.9 37.6 40 42.1 44.2 45.6 46.6 48.3 50.1 51.3 51.9 52 52.3 52.1 52.4 51.3 50.5 49.7 48.9 47.7 45.6 44.6 42.8 41.4 40.7 40.8 41.3 42.1 42.1 41.8 40.6 40.8 39.2 39.2 39.2 37.9 36.3 35.5 34.5 33.3 34.5 32.4 29.9 27.6 29 34.3 36.4 34.6 33.6 33.4 34.6 34.1 32.2 30.8 30.2 29.9 28.4 27.8 26.8 25.6 26.2 26.8 26.1 23.9 24.4 22.9 22.5 24 24.8 25.2 25.7 25.4 25 25.1 25.6 26.4 26.7 24.3 24.1 24 23.9
34.5 35.6 37.3 39.7 41.5 43.2 44.4 45.5 47.7 48.3 49.4 50.1 51.2 51.4 50 49.5 49.2 49.1 47 44.2 42.8 42.2 40.8 40.8 40.7 39.9 40.7 39.5 40.3 40 39.9 39.3 36.4 35 36.4 35.9 34.6 34.9 33.8 32.9 33.9 32.7 30.6 27.2 28 35 34.3 32.8 31.7 31.5 32 32.6 31.7 30.6 30.9 31.7 31 30.3 28.8 26.9 25.8 25.2 24.5 22.6 22.5 21.5 21.8 22.9 24.1 24.4 23.6 24.1 24.9 28.3 31.4 31 29.7 25.5 23.5 22.7 22.3
33.8 33.7 34.5 35.6 37.8 39.6 41.9 42.2 42.7 43.5 44.3 45.8 47.5 47.6 47.1 46.1 45.1 43.9 42.7 40.8 39.2 37.4 38.3 36 34.8 35.6 35.9 34.2 32.8 32.1 31.4 30.8 33 32 32.1 33.3 33.4 33.5 33.1 33.6 33.3 33 30.5 29.1 25.4 29.9 32.7 32.3 30.5 30.8 31.6 32.6 33.5 34 34.8 34.6 32.7 31.3 28.1 26.3 25.7 24.2 22.5 21.9 20.9 20.6 20.8 21.7 22.9 24.1 25.1 25.4 25.6 28.6 32.9 31.6 29.5 27.2 24.2 22.9 21.2
32.2 32.6 33.5 34 34.7 36.9 37 37.3 37.5 37.6 38.4 39.7 41.5 41.8 41.7 41 39.5 37.7 36.6 35.4 33.3 31 31.2 29.7 28 26.3 26.4 26.8 25.7 26.1 26.7 27.8 28.8 29.5 30.1 32.4 33.4 31.4 30.9 31.3 32.8 32.6 31.1 31.8 26.4 25.1 29.6 31.7 30.4 30.5 31.5 32.3 32 32.1 33 33.1 31.9 32.3 29.1 26.8 25.7 24.2 23.6 23.7 21.8 20.7 20.2 20.5 21.7 23.7 26.8 27 26.7 26.9 30.8 30.7 28.9 27.5 25 23.4 21.3
