WholeMapElevations/data/nz/nz70_OST50GRID_20230518/NZ70.asc
ncols 200
nrows 200
xllcorner 470000
yllcorner 500000
cellsize 50
[rows 140 to 174 of 200, columns 79 to 157 of 200]
195 189.1 184.3 178.7 175 171.2 168.1 164.9 159.2 157.9 156.5 155.4 153 151.9 150.8 149.9 148.7 146.9 145.6 144.9 145.1 147.7 149.9 150.2 149.6 151.4 153.3 152.4 152.1 149.7 150.9 151.6 154.1 158.6 165.6 174 186.2 201.7 226.2 239.7 245.9 251.8 258.3 261.3 265 268 271.3 274 277 279.5 281.4 284.2 289.7 294.6 297.3 298.6 299 299.1 298.2 297.5 296.7 295.4 294 292.7 291.4 288.5 286.1 284.4 282.3 279.8 276.6 273.9 270.6 267.1 261.5 255.1 247.8 240.2 234.2
198.9 192.5 186.6 181.2 176.9 172.9 169 165.8 159.7 157.4 153.7 153.6 151.4 150.1 149.7 149.1 148 146.8 145.7 147.4 151.1 154.3 155.2 156.7 155.7 156.3 155.3 154.8 154.1 151.5 151.7 152.7 155.2 159.4 165.5 175.6 190.5 209.7 228.8 241.3 248.6 256.8 262.7 267 270.9 276.2 278.8 283.7 287.7 288.7 290.5 293.4 295.9 298.2 299.7 300.2 299.8 299.4 298.6 297.8 296.5 295 293.6 291.9 290.6 289.5 286.8 284.8 282.6 279.4 276.9 274.8 272.3 267.5 263 254.5 246.5 239 231.8
200.1 193.3 187.3 182.1 178 173.3 168.7 163.6 160.1 158.3 155.7 152.9 151.1 149.9 148 148.3 147.4 147.4 148.9 153.5 158 159.5 160.5 161.8 160.5 159.8 158.6 157.5 157 154.2 154.5 153.6 156.6 159.9 166.5 178.4 194 212.2 229.4 242.1 251 259.7 266.2 270.8 277.5 282.6 286.6 292.4 297.6 298.1 298.1 298.9 299.6 300.1 300.8 301.1 300.2 299.6 298.8 297.7 296.5 294.9 293 291.4 290.7 288.6 286.3 284.1 280.7 277.6 274.7 272.2 269.8 266.6 261.5 254.4 245 236.3 229.9
205.3 195.2 185.9 179.5 176.3 171.1 167.1 162.8 160.7 158.8 156.6 154.5 151.5 150.2 148.9 148.9 148.8 150.6 154.3 161.6 164.2 170.1 172.4 172.7 172.6 170.7 167.8 163.4 160.2 157.9 156.7 156.4 157.9 160.7 167.9 180.8 196.2 212.2 229.1 243.4 253.3 262.4 268.8 275.4 282 289.1 293.6 300.5 303 303.9 303.3 302.5 302.5 302.2 301.7 301.8 301.1 299.8 298.9 297.9 296.4 294.5 292.2 291.1 289.8 287.5 284.8 282.6 277.5 273.1 270.2 268.4 265.4 262.1 259.8 253.4 242.1 233.9 228.2
214.4 202.6 201.7 197.1 187.3 177.5 170.8 166.2 162.1 161.2 159.2 155 152.3 150.9 149.3 149.6 151.1 155.1 162.5 166.8 171.6 178.1 182.1 189.6 191.4 189.7 183.7 175.8 168.4 162.2 159.4 158.4 159.4 162.4 170.4 183.1 198.2 213.6 230.5 245.1 256.7 266.9 273.5 280.2 287.6 293.6 298.8 302.8 304.2 304.7 305.3 305.2 304.4 303.9 303.2 302.3 301.2 299.8 299 297.6 295.6 294.2 292.3 289.9 287.6 284.4 280.8 277.5 271.1 267.3 265.2 264.1 262.3 258.4 253 246.1 238.8 232.6 227
224.5 213.9 215.2 210.2 197.4 186.2 174.3 168.1 164.5 161.8 159.8 156.6 153.9 150.6 150.6 151.2 155.2 163.6 167.7 172.3 179.3 187.2 196.2 207.8 215.7 212.8 206.6 193.6 181.9 172.6 165.3 161.7 161.5 165.1 173.5 185.3 199.9 215.3 231 246.1 260.1 270.6 279.6 284.7 290 295.2 301.2 303.9 305 305.7 306.3 306.6 306.3 305.2 304 303.3 302.2 300.5 298.8 296.8 295.6 293.7 291.5 288.5 284.6 279.3 276 271.5 266.7 262.9 259.2 258.7 258.5 254.5 249.3 241.2 235.6 230.9 225.6
234.4 232.2 226.4 220.2 208.1 194.2 179.2 171.4 166.2 162.4 160.2 157.5 156.1 152.4 151.6 154 161.5 167 171.1 177.7 184.8 196.1 205.5 219 236 230 221.3 209.6 193.8 183.9 174.1 165.4 163.5 167.4 175.7 187.1 201.3 215.4 230.6 246.8 263.5 274.7 282.8 287.5 292.1 296.7 302.1 304.6 306.9 307.8 308 308.3 307.2 306.2 305.3 304.1 302.9 301 298.8 297.1 294.8 292.9 290.7 286.5 279.8 275.1 271.2 266.4 261.4 257.5 256 254.5 252.6 248.9 243.6 237.7 232.8 228.2 223
241.7 242 234.9 225.9 213.4 201.5 181.9 173.1 167.3 163.4 160.9 159.4 155.9 153.8 154.3 160.3 164.8 170 175 181.8 188.6 201.4 213.2 229.4 246.1 237.7 230.7 222.7 205.8 197.1 187.5 172.7 170.2 169.6 177.9 187 199.7 214.4 228.8 245.9 266 277.9 283.9 289.4 294 298.1 302.7 305 308.5 309.6 309.7 309.6 308 306.7 305.8 304.8 303.2 301.2 298.9 296.7 294.6 291.4 288.4 282.3 277.6 271.8 267.1 262.2 257.4 254.5 252 250.3 247.9 243.8 238.3 233.8 229.2 224.5 219.3
249.3 248.5 242.7 230.7 217.4 202.6 185.2 175.9 168.8 164.4 162.4 159.4 154 156.2 157.8 163.9 168.8 172.6 177.2 185.5 193.4 206.3 219.3 237.3 249.9 245.6 237.9 230.2 218.5 205.4 193.5 185.1 175.7 171.9 180.2 189 199.1 212.4 227.2 244.4 265 277.2 284 290.1 295 299.5 302.6 305.5 308.1 309.6 310.3 309.8 307.9 307.3 305.9 305 303.2 300.6 298 295.6 293.5 289.7 285 280 274.3 268.9 263.9 259.3 254.4 249.6 245.7 244.6 241.2 237.8 233.7 228.7 224.6 220 215
255.1 251.5 248.4 235.6 219.3 199.6 186.6 179.3 170.7 165.6 159.9 156.9 159.7 160.4 164.1 168.8 170.9 175.3 181.1 188.5 196.7 207.4 220.5 243.5 252.7 251.7 245 237 228.8 215.5 194.3 196.1 185.3 173.9 181.9 190.8 199.9 211.1 225.2 241.5 258.8 273.6 283.2 289.9 295.2 299.6 302.9 305.2 307.4 309 309.9 309.4 307.8 307 305.8 304.3 302 299.7 297.2 294.9 291.7 288.8 283.2 277.6 271.9 266.9 261.5 255.7 254 249.1 242.2 237.7 234.9 229.6 225.3 222.6 219 213.5 206.7
259.5 253.1 248.3 236.4 216.3 197.2 188.4 181.4 174.5 163.8 158.6 161 164 164.4 167.6 170.5 173.1 177.5 183.7 190 199.1 210.1 221.9 244.3 257.6 259.1 253.6 246.5 237.2 222.2 199.2 204.4 197.5 182.8 178.3 190.5 200.3 210.1 221.6 237.4 252.4 268.2 281.5 289.7 295.5 300.1 303.3 306 307.3 308.5 309.3 308.9 307.6 306.3 305.2 303 300.8 298.5 296.8 294.3 290.3 287.1 281.8 275.6 270.2 260.7 261.8 260 256.2 251.7 245.5 235.5 215.6 211.4 214.2 212.7 206.4 200.9 195.8
267.2 251.2 239.2 226.1 212.5 197.1 190 183.1 176.6 165.4 159.5 165 167.4 167.9 169.9 172.1 175.2 180.3 186.7 191.8 200.6 213 225.8 247.1 260.8 265.4 264.5 257.6 250.3 236.5 210.3 212.6 202.7 191.7 183.6 188.1 198.7 209 220.7 232.1 248.5 265 281.9 289.2 295.6 300.8 304.5 306.5 307.3 308.9 309.2 308.8 307.9 305.6 303 300.8 298.8 297.4 295.6 293 288.7 284.5 279.4 272.9 268.9 267.7 266.2 264.1 260.5 256.6 250.9 244.7 236.9 225.9 205.4 198.2 198.7 195.4 189.8
269.5 246.9 235.1 227.3 214.2 197.8 191.1 183.8 176.2 165.1 161.4 165.3 168.3 169.9 171.7 174.2 177.2 183.3 189.2 196.1 204.2 216.3 229.7 249.8 261.4 269 267.5 263.8 259.1 251.9 220.3 218.2 207.5 198.6 194 182.1 195.9 207 218.4 229.5 244.3 262 277 286.5 293.9 299.7 303.4 305.3 307.8 308.8 309.2 308.5 307.1 304.3 302 299.7 297.8 296.2 294.1 291 286.7 282 276.2 275 274.3 272.2 270.4 268.9 266.1 261.9 255.9 248.6 241.6 231.8 211.9 219.7 219.3 216.3 210.6
269.1 250.1 240.9 228.8 214.2 203.1 191.1 181.4 170.7 168.7 165.8 163 169.5 171.5 174 177.3 180 183.2 190.2 198 206.8 218.2 233.6 249.2 263.2 271.5 270.6 269.8 266.1 261.6 243 231.2 218.6 205.3 198.8 194.6 189.2 204.8 216.2 227.1 241.3 258.1 272.3 283.1 291.7 298.1 302.1 304.6 306.9 308.2 308.1 308.1 306.3 303.1 301.1 299.2 297.3 295 291.9 289.6 285.9 282.7 281.7 280.4 279.4 277.5 275.5 273.5 270.5 266.9 261 253 244.2 230.2 225.8 232.7 231.1 228.3 225.8
268.1 250.8 238.5 229.2 212.4 202.5 195.1 185.4 175.2 169.8 166 168.1 171 173.5 176.3 179.8 184.1 188.2 191.9 200.4 210.4 222.3 239.4 255.9 268.7 275.1 276.8 276.9 275 268.6 257.3 243.2 234.4 218.5 208.1 202.8 199.5 196.7 212.1 225 237.5 255.5 270.3 280.6 289.6 297.1 300.5 303.8 305.8 307.5 307.3 306.5 304.7 302.5 300.4 298.4 296.5 294.2 291.9 290.2 288.3 287.3 286.1 284.8 283.5 281.2 279.4 277.3 274.4 271 265.9 257.4 243.1 237 239.8 245 245.6 243.2 239.1
268.3 256.4 239.6 224.9 215.3 210.7 198 187.6 180.3 172.7 166.2 172.4 174 176 180.1 183.5 189.2 195.2 202.7 208 215.8 228 247.8 265.7 275.1 279.5 285.8 286.2 282.9 276.1 264.7 256.6 245.1 232.4 219.2 211.5 205.2 195.8 211.6 222.3 234 250.4 266.4 278.1 287.9 296.2 299.9 303.9 306.5 308.4 307.8 305.9 303.6 301.6 300.2 298.2 297.2 295.9 294.3 292.9 291.6 289.9 288.7 287.7 286.9 284.7 282.8 280.8 278.1 274.6 269.1 260 249.7 239.6 251.3 256.1 256.8 254.7 251.8
272.4 259.1 238.6 232.8 228 218.3 204.5 190.9 183.5 176.3 170.8 174.5 177.3 179.2 182.7 187.5 193.2 199.2 207.4 216.1 223.3 237.4 253.8 272.7 279 283.6 289.3 290.4 288.7 282.8 270 260.8 254.2 240.5 232.2 221.6 213.2 207.8 203.8 219.7 231.7 245.9 263.5 275.5 285.8 293.6 300 304.3 307.2 308.8 309.2 307 303.7 302.1 300.5 299.2 299.1 298 297 295.4 293.7 292.2 290.9 290 289.1 287.1 286.3 284 281.1 277.6 272.8 265 254.5 255.6 263 264.2 264.7 262.4 260.3
279.4 265.8 242.6 234 229.9 217.6 206.4 195.9 187.4 179.1 173.9 176.2 179.2 182.8 186.1 188.8 193.6 201.9 211.1 218.8 228.3 243.6 259.3 274.5 283 288.9 294.9 297.9 295.6 289.8 279.5 267.4 259.6 252 240.1 233.2 227.8 218.5 212.1 211.9 230.7 244.2 260.6 275.3 285 293.1 299.3 304.6 307.9 309.8 310.1 307.9 304.6 302.7 301.8 300.3 300.9 300.4 299.7 297.7 296 294.8 293.4 292.7 291.7 289.6 288.2 286.2 283.8 280.4 276 266.3 264.9 270.5 270.9 271.2 270.3 269.1 267.1
285.6 274.5 249.4 235.2 229.2 221 206.3 195.1 187.4 178.1 178.9 180.3 182.9 186.9 190.9 194.6 198.3 202.5 213.5 223.6 234.1 249.1 265.1 277.5 286.8 295.1 299.9 301.2 299.5 295.3 289.5 280.4 267.5 259.8 252.4 243 239 231.4 221.3 211 230.4 245.8 260.2 274.6 285 292.7 300.2 306.3 309.8 311 310.8 308.6 306.4 303.8 302.8 302.2 303.1 302.9 302.2 300.8 299 297.4 296.2 295.4 294.4 292.2 290 287.9 285.4 282.6 279 275.3 276.9 276.4 276.1 275.4 274.3 272.7 271.4
288 279.6 252 238 226.6 218.1 210.1 194 187.6 181.8 184.3 188 191.5 193.5 197 201.5 205.2 210.6 218.9 229 242.3 257.1 270.9 283.2 294.7 301 304.6 305.4 303 299.3 295.4 291 280.3 266.7 262.2 257.3 253.5 237.7 230.5 213.6 230.4 250.9 262.8 276.3 286.5 294.5 302 309 311.3 312.6 312.2 310.4 308.6 306 304.9 304.1 305.4 305.5 304.6 303.7 302.4 300.4 298.8 299.1 298.1 295.4 292.6 289.6 286.8 284.1 282.3 280.6 280.5 280.6 279.9 278.7 277.1 275.7 274
287.5 269.7 251 235.9 222.5 215.5 203.2 196.9 185.2 189.7 193.4 197.5 204.8 204.4 206.3 212.1 216.7 222.5 233 244.9 254.9 267.9 278.6 292.1 300.6 305.4 307.4 307.3 305.8 302.9 299.8 296.6 293.4 289.5 285.4 279.6 268.5 251.4 236.5 221.1 233.8 253.7 267.5 279.1 288.4 296.6 304.3 311.2 313.2 313.7 313.8 312.4 310 308.4 307.2 306.9 307.5 307.8 307 306.1 304.9 303.1 302.9 303.4 302 299.1 295.4 291.2 288.1 286.3 284.8 283.7 283.5 283.3 282.6 281.5 279.6 278 275.9
284.8 261.8 242.7 231 228.5 218.3 198 194.1 196.4 199.7 203.9 209.6 210.4 211.6 219.1 224.2 232.3 237.5 249.3 259.8 269.8 279.6 289.9 299 306.1 308 309.2 309.6 308.4 306.4 303.5 299.8 297.2 295.3 293.4 289.2 280.2 262.2 243.5 226.3 239.8 258.2 271.9 282.2 290.9 299.2 307 313.1 314.9 315.3 315.1 313.8 311.9 310.4 309.9 309.6 310 309.9 309.2 308.4 307.4 306.5 306.4 306.3 304.5 301.5 297.6 293.8 290.7 288.8 287.2 287.1 287 286.3 285.3 284.1 282.3 279.9 277.5
271.8 250.2 242.6 229.4 222.9 213.9 203.2 204.9 211.6 217.1 219.3 220.9 217.7 221.4 230.6 239.7 248.9 255.9 264 274.5 281.4 291.1 299 305.4 308.6 310.2 311.1 311.1 310 307.8 305.1 302.7 300.4 298.7 297.2 291.9 285.9 273.2 252.6 232.9 246.9 262.1 276.4 286.4 294.6 303 310.1 314.7 316.6 316.5 316.3 315.1 313.6 312.6 312.5 311.8 312.6 312 311.4 311.1 310.2 309.8 309.5 308.6 307 303.9 300.3 296.3 293.3 291.3 292 292.4 291.2 290.1 289.3 287.1 285.3 282.1 279.3
257.5 243.7 236.2 225.9 217.8 206.8 210.2 215.8 222.6 222.1 222.9 225.5 230.4 242.2 250.3 256.8 262.3 272 278.8 286.1 295.2 301.3 305.3 308.7 311.2 311.9 311.7 311.4 310.8 308.4 305.5 303.6 302.1 300.5 298.4 294.3 288.1 277 254.3 235.2 253.9 268 280.6 290.6 298.9 306.8 312.8 317 318.1 318.2 317.7 316.9 315.8 315.3 314.7 314.2 314.9 314.3 313.6 313.3 312.8 312.2 311.5 310.4 308.6 306.1 302.9 298.7 297 294.5 297.5 296.9 295.7 293.6 292.5 290.4 287.9 284.7 281.5
250.8 238.5 231.3 223.9 225.1 225.4 224.5 224.4 227.4 230 235.4 241.2 250.7 261.3 265.4 270.3 276.7 283 291.3 298.7 304.4 307.1 309.4 311.9 312.8 313.2 313.2 312.9 312 309.7 306.4 304.1 302.6 301 298.7 295.3 290.5 279.6 257.7 239.7 258.2 272.3 285.1 294.7 302.8 309.6 315.1 318.5 319.5 320 319.3 318.7 318.1 317.7 317.2 316.8 316.5 316.5 315.8 315.2 314.4 313.9 313.2 312.1 310.7 308.4 304.6 302.4 301.4 298.7 301.3 300.3 298.9 297.1 295.5 293.1 290.8 287.5 282.9
265.8 246.1 235.8 236.7 237.1 238.2 240.8 245.6 247.4 255.2 261.5 266.6 272.9 275.5 279.4 283.9 289.2 295.1 301.8 306.6 309.7 311.6 313 314.2 314.7 314.5 314.2 313.6 311.6 309.1 306.7 304.4 303.1 301.4 298.9 296.2 293.3 284.9 261.8 248.8 262 276.3 289.6 299.4 306.6 312 317.2 319.7 320.6 321.1 320.9 320.3 319.6 319.2 318.3 317.9 317.7 318 317.6 316.9 316 315.3 314.6 313.7 312.1 310.2 307 306.2 305.1 302.8 304.6 303.1 301.7 299.6 297 294.7 292.4 289.6 285.6
276.4 262.4 246.7 248.1 251.9 260 262.4 264.4 269 272 276.1 281.7 284.4 287.2 289.4 295.3 301.9 306.5 309.4 312.2 313.8 315.1 315.8 316.4 316.5 315.2 313.6 312.6 310.5 308 305.8 304.2 302.9 301.6 299.3 297.5 295.9 288.5 268.7 255.9 264.3 281.8 295 303.9 309.3 314.3 318.8 320.7 321.2 321.8 322 321.2 320.8 320.2 320.3 319.6 319.2 318.7 318.3 317.8 317.1 316.4 315.6 314.9 313.4 311.3 309.9 308.3 306.7 306 305.7 304.3 302.6 301.1 298.5 296.6 293.6 290.9 287.8
289 275.7 271 260.6 271.5 277.9 277.7 280.4 281.1 285.1 289.9 292 294 296.9 299.9 306.3 311.4 314 315.1 316.2 316.7 317.4 317.9 317.8 315.7 313.7 312.7 311.6 309.6 307.4 305.1 303.7 302.6 301.1 299.5 298.2 296.6 290 269.9 259.5 276.1 290 299.5 306.5 310.5 315.7 319.6 320.9 321.5 322.2 322.6 322 321.4 320.9 320.3 320.7 320.1 319.4 319 318.6 318.1 317.3 316.6 315.8 314.1 312.9 312.2 310.5 309 308.1 306.4 305.1 303.6 302.1 300 298.1 295.1 292.2 289.4
299.7 290.9 278.1 276 287.1 289.1 290.5 289.8 292.4 295.3 299.4 302.9 303.9 305.8 309.6 314.3 317.5 318.2 319.1 318.8 318.4 318.1 317.7 316.2 314.5 312.4 311.5 310.5 308.4 306.5 304.4 302.1 301.6 300.2 298.9 298.1 296.8 291.1 273.6 269.9 285.7 295.8 302.5 307.7 311.9 316.2 319.2 321.2 321.9 322.6 323.4 322.6 322 321.6 321.4 321.3 321 320.3 319.5 318.7 318 317.2 316.5 315.8 315.2 314.1 313.2 312.8 312.5 312.3 309.9 307.4 304.5 303 301.5 299.1 296.8 293.9 290.8
304.9 299.4 294.1 291.4 296.3 299 300 299.5 301.1 304.6 308.3 310.8 313 314.7 316.5 319.3 320.4 320.5 320.1 319.3 318.2 317.5 315.9 314.4 312.7 311.1 309.8 308.7 307.3 305.8 303.7 301.4 299.7 298 296.2 294.4 292.9 287.9 264.1 277.2 293.1 301.1 305.7 309.7 313 316.6 319.4 321.2 322.2 322.6 322.7 322.3 322 321.5 321.3 321.2 321 320.2 319.5 318.9 318 318.7 317.1 316.4 316.2 316 315.5 315.8 316.8 316.4 314.1 310.5 306.7 303.8 302 299.6 297.7 295.4 292.4
311.7 306.6 302.5 301.7 302.8 303.7 305.2 307.5 311 313.4 315.6 317.9 318.8 320.3 321.5 322.5 321.4 320.5 319.6 317.8 316.6 315.6 314.3 312.5 311.2 309.7 308.3 307.7 306.8 305.1 302.9 300.9 297.9 293.8 285.9 277.2 270.7 269.6 274.9 291.3 299.2 305.2 308 310.6 313.8 317.1 319.8 321.2 322 322.1 322.4 322.4 322 321.4 321.2 321.1 320.8 320.1 319.3 318.8 319.3 318 318.5 318.8 319.2 318.4 318.4 319.5 320.4 320 317.2 313 309.4 305.8 303 300.1 297.6 295.7 293.2
320 314.6 311.7 309 309.7 311.1 312.7 315.5 318.9 320.6 322.2 323 323.2 324.2 324.5 324.5 322.8 320.3 318.2 316.4 315 313.9 313 311.3 309.7 308.3 306.9 306.1 304.5 302.9 300.6 297.5 292.2 284.5 294.6 296.4 294.9 292.6 296.5 299.3 303 307.5 310.1 312 314.4 316.9 319.8 320.8 321.7 322 322.3 322.4 321.9 321.2 320.9 320.9 320.6 319.9 319.2 318.9 318.9 320.2 322.1 323.4 323.3 322.6 322.1 322.4 321.9 320.9 319.3 316.5 312.9 309.8 306.8 304.2 300.1 297.2 295.7
326.9 322.2 319.9 317.5 317.9 318.1 320.3 322.6 324.2 325.2 326.3 327 326.9 327.6 326.5 325.3 322.3 319.5 317.6 315.7 313.9 312.6 311.6 309.7 308.4 305.7 302.9 301.2 300.7 298.4 296.1 294.1 296.3 298.2 300.9 301.5 301.8 302 302.9 304.4 305.9 308.4 311.2 313.2 315.6 318.1 320 321.1 321.8 321.9 321.9 321.9 321.5 321 320.6 320.5 319.8 319.5 319.4 320.2 320.8 323.1 325.1 325.9 325.4 325.1 324.7 323.7 322.6 321.6 320.3 318.7 316.3 314.2 311.4 307.8 303.4 300.6 298.9
331.5 328.6 326 324.7 324.6 324.6 325.6 327.3 328.8 329.1 329.8 330.3 329.9 328.4 327.2 325.6 323.4 320.6 317.7 315.6 314.3 313 311 309.5 307.2 305.4 304.5 302.8 300.8 298.9 298.5 299.6 300.7 302.3 303.2 303.7 303.8 304.5 305.3 306.9 308.3 310.3 312.3 314.2 316.6 318.9 320.3 321.1 321.5 321.7 321.6 321.6 321.2 320.9 320.8 320.8 320.1 320.5 320.6 320.6 321.8 324.5 326.5 326.6 326.8 326.5 325.8 324.6 323.4 322 320.7 319.3 317.9 316.1 313.4 310 306.9 304.8 303
335.5 333.1 330.7 329.5 329.4 329 330 331.5 332.5 332.8 333 332.7 331.4 329.6 327.6 325.5 323.7 320.9 318.5 317 315.7 314.6 312.6 311.1 309.9 309.4 308.4 307.2 304.4 302 302.6 303.9 303.9 305.4 305.5 306.4 305.8 306 306.4 308.2 310 311.6 313.6 315.1 316.7 319.3 320.4 320.9 321.1 321.3 321.2 321.1 321.1 320.9 320.8 320.6 320.3 320.5 320.6 320.6 321.3 323.6 325.9 326.6 326.6 326.2 325.6 324.9 323.8 322.3 320.8 319.5 318.3 316.6 314.3 311.5 309.2 307.2 305.3
