UK/data/sx/sx04_OST50GRID_20230518/SX04.asc
ncols 200
nrows 200
xllcorner 200000
yllcorner 40000
cellsize 50
[rows 37 to 73 of 200, columns 0 to 84 of 200]
26.4 26 24.5 21.2 16.7 14.4 10.6 8.4 7.4 7.3 7.3 7.1 7.2 7.2 7.2 7.3 7.6 9.6 9.8 9.6 10.3 18.3 31.2 45.7 57.7 67.2 74.5 81.7 88.7 93.8 97 98.4 98.9 98.5 97.2 94.6 89.9 78.7 60.8 46 45.1 51.4 58.1 57 53.3 50.4 59.7 71.6 76.7 79.7 82.7 83.2 83.1 82.9 79.8 73.7 66.6 61.8 62.7 65.7 65.9 64 45.2 25.1 1.3 -1.7 -1.7 -1.7 19.3 45 59.6 61.8 54.7 45.7 35.5 14.5 36.2 35.5 14.4 -1.7 -1.7 -1.7 -1.7 -1.7 -1.7
20 18.2 16.6 15.8 13.3 12.3 10.8 8.9 8 7.8 7.8 7.4 7.8 8.1 7 7.3 7.2 8.8 9.3 9.3 9.5 16.7 27.9 39.1 49.6 58.9 67.2 75.5 83 89.3 94.4 96.7 98.4 98.3 98 96.5 92.7 85.5 70 53.2 42.5 38.5 42.5 41.1 44.6 52.9 65.5 74.4 79.8 82.2 82.4 80.2 78 77.9 75.3 67.9 55.7 46.3 48.5 53 51.7 30.9 -0.6 -1.7 -1.7 -1.7 -1.7 -1.7 19 43.2 58.3 62.8 49.9 26 -1.7 -1.7 -1.7 16.5 29.4 -1.7 -1.7 -1.7 -1.7 -1.7 -1.7
16.1 16 16.5 18.1 19.1 18.4 16.7 14.9 13.5 13 10.4 9.6 9.8 7.9 6.9 6.7 7.8 8.3 8.8 9.1 9.5 11 18.2 27.6 37.2 47.7 58.2 67.6 76.6 83.6 89.2 93.3 95.6 96.7 96.9 95.9 93.5 88.6 78.4 63.7 48.5 35.6 34 45.4 54.5 62.9 70.4 76.1 80 81.5 81.3 77.9 74.7 73.2 71.4 65.2 53.5 38.4 32.9 38.7 8.4 1.3 0.5 -1.7 -1.7 -1.7 -1.7 -1.7 -1.7 -1.7 43.3 52.5 34.7 -1.7 -1.7 -1.7 -1.7 27.3 33.2 28.2 -1.7 -1.7 -1.7 -1.7 -1.7
18.1 18.6 21.4 24.5 25.7 24.8 21.9 19.5 18.1 16.1 13.5 11.5 9.7 7.3 6.5 6.5 6.6 7.1 7.4 8.9 9.1 8.3 10.2 16.8 26.1 35.7 47 57.9 68.4 76.2 82.3 87.5 90.2 91.7 92.7 93.1 91.2 87.9 81 69.5 54.4 38.9 33.1 46.5 60.8 70.1 76.2 79.3 80.1 79.3 78.2 74.4 70.4 66.8 66.4 62 53.8 40.6 25.2 16.2 -1.7 -1.7 -1.7 -1.7 -1.7 -1.7 -1.7 -1.7 -1.7 -1.7 -1.7 31.2 -1.7 -1.7 -1.7 -1.7 -1.7 22.7 39.6 42.5 30.5 -1.7 -1.7 -1.7 -1.7
25.4 25.8 28.7 31.8 31.1 29.2 26.4 23.5 21 18.7 16 14.1 11.8 8.1 7 6.6 6.6 6.9 7.4 7.2 8.6 8.6 8.6 9.6 15.7 25.2 35.1 47 58.3 67.9 74.6 79.4 83.2 85.3 86.8 86.9 86.4 84 76.8 63.4 46.7 34.4 33.7 48.6 65.4 76 80.8 81.6 79.1 76 72.9 68.3 61.8 55.8 60.8 58.5 52.7 43.3 29.5 16.8 -1.7 -1.7 -1.7 -1.7 -1.7 -1.7 -1.7 -1.7 -1.7 -1.7 -1.7 1.3 -1.7 -1.7 -1.7 -1.7 -1.7 -1.7 -1.7 39.9 31.6 -1.7 -1.7 -1.7 -1.7
36.3 35.5 36.3 37 35.1 33 30.2 27.3 24.9 22.1 19.5 17.4 14.7 11 8.5 7 7 6.8 6.4 6.4 8.1 8 7.7 7.8 9.1 13.9 23.1 35 47.2 57.9 65.8 70.6 75 78.2 80.2 80.1 79.4 77 66.7 49.1 34.5 26.5 36.7 52.1 71 80.4 83.8 82.7 79.4 74.9 69.1 61.1 50.7 41.5 50.6 56.1 52.9 44.4 35.9 25.9 9.4 -1.7 -1.7 -1.7 -1.7 -1.7 -1.7 -1.7 -1.7 -1.7 -1.7 -1.7 -1.7 -1.7 -1.7 -1.7 -1.7 -1.7 -1.7 -1.7 -1.7 -1.7 -1.7 -1.7 -1.7
47.1 45.4 43.7 41.7 39.3 36.8 34.4 32.5 29.6 26.5 24.3 22.8 18.8 14.3 10.8 7.6 7.3 7.3 7.2 6.3 6.7 7.5 7.7 7.6 7.7 8.3 13.7 24.1 35.7 47.2 55.4 60.9 66.2 70.7 73.9 74.4 73.5 69.1 52.8 34.3 21.7 30.6 45.9 61.3 75.4 83.3 86 84.5 81.3 76.5 71.8 66.7 54.7 35.1 40.2 52.5 48.8 41.2 34 26 -1.7 -1.7 -1.7 -1.7 -1.7 -1.7 -1.7 -1.7 -1.7 -1.7 -1.7 -1.7 -1.7 -1.7 -1.7 -1.7 -1.7 -1.7 -1.7 -1.7 -1.7 -1.7 -1.7 -1.7 -1.7
55.2 52.2 50.1 48.3 45.2 42 39.7 38 34.2 31.4 29.3 26.5 22.2 16.6 11.4 8.6 8.4 8.8 9.6 7.8 6.8 6.6 7.5 6.6 7.6 7.8 8.7 15.5 25.8 35.8 44 50.7 57.8 63.4 67.7 69 67.8 60.6 41.8 24.1 21 36.6 53.3 69.2 79.1 85.1 87.6 86.4 83.3 78.8 73 67.1 53.7 33.8 28.7 40.5 39.1 36.4 -1.7 -1.7 -1.7 -1.7 -1.7 -1.7 -1.7 -1.7 -1.7 -1.7 -1.7 -1.7 -1.7 -1.7 -1.7 -1.7 -1.7 -1.7 -1.7 -1.7 -1.7 -1.7 -1.7 -1.7 -1.7 -1.7 -1.7
63 60.3 58.7 55.6 52.1 48.4 45.4 42.8 39.2 36.2 32.7 28.2 23.7 16.2 11.7 9.6 9.3 10.7 12.1 11.1 7.6 6.9 6.5 7.3 7.3 7.4 7.6 8 11.9 21.1 30.1 38.4 48.9 57 61.8 63.2 62.2 54.6 35.2 17.2 24.8 38.8 52.2 69.5 81.4 86.6 87.6 86.6 84.3 79.9 74.4 69.6 60.5 43.6 25.9 16.9 -1.7 -1.7 -1.7 -1.7 -1.7 -1.7 -1.7 -1.7 -1.7 -1.7 -1.7 -1.7 -1.7 -1.7 -1.7 -1.7 -1.7 -1.7 -1.7 -1.7 -1.7 -1.7 -1.7 -1.7 -1.7 -1.7 -1.7 -1.7 -1.7
68.9 65.7 61.9 58.7 55.8 53.2 49.9 47.3 44.3 40.7 35.8 29.1 20.6 13.3 11.6 11.5 15 17.8 19 18.2 14.3 11.8 8.7 7.4 8 6.1 7.6 7.2 6.4 7.9 13.6 23.8 38.4 49.4 55.4 57.9 58.3 52.6 35.1 17.3 22.8 35.2 48 62.2 78.8 84.9 86.4 85.4 83.5 80.3 74.5 68.3 62.5 50.8 29.8 -1.7 -1.7 -1.7 -1.7 -1.7 -1.7 -1.7 -1.7 -1.7 -1.7 -1.7 -1.7 -1.7 -1.7 -1.7 -1.7 -1.7 -1.7 -1.7 -1.7 -1.7 -1.7 -1.7 -1.7 -1.7 -1.7 -1.7 -1.7 -1.7 -1.7
64.9 64 61.4 58.1 55.1 52.8 50.1 46.8 43.3 40 34.5 26.3 17.5 12 14.1 19.2 23.9 26.6 27.7 28 25.2 22.9 20.9 19.2 14.7 9.2 4.7 7.7 7.1 6 8.2 11.3 23.8 38.3 48.2 53.7 55.3 52 37 19.7 19.1 31.5 45.2 57 72.6 80.5 81.8 80.8 80 76 72.6 64.4 39.3 -1.7 -1.7 -1.7 -1.7 -1.7 -1.7 -1.7 -1.7 -1.7 -1.7 -1.7 -1.7 -1.7 -1.7 -1.7 -1.7 -1.7 -1.7 -1.7 -1.7 -1.7 -1.7 -1.7 -1.7 -1.7 -1.7 -1.7 -1.7 -1.7 -1.7 -1.7 -1.7
56.3 56.3 54.8 50 42.2 38.1 34.8 33.8 31.9 29.3 24.6 18.3 15.3 18.3 24.2 29.3 33.7 35.5 36.9 36.3 35 34.9 35.6 35 32.6 27.5 19 9.6 4.6 7 5.7 8.2 11 24.2 40.1 50 54.5 52.1 37.5 18.6 15.8 30.6 43.7 56.3 69.5 75.2 75 73.5 71.4 68.4 63.9 34.7 -1.7 -1.7 -1.7 -1.7 -1.7 -1.7 -1.7 -1.7 -1.7 -1.7 -1.7 -1.7 -1.7 -1.7 -1.7 -1.7 -1.7 -1.7 -1.7 -1.7 -1.7 -1.7 -1.7 -1.7 -1.7 -1.7 -1.7 -1.7 -1.7 -1.7 -1.7 -1.7 -1.7
46.8 45.6 42.3 37.5 35.2 34.6 32.5 31.2 28.5 25.4 22.5 20.3 22.2 30.3 36.6 41.3 44.8 46.2 45.7 45.5 46.9 48.5 48.1 48.5 48 45.8 39 29.7 19.7 7.9 5.4 6.7 8.2 9.8 28.7 43.9 55.1 51.6 35.1 14.8 16.6 36.4 49 59.9 66.3 68.4 65.8 61.9 59.4 56.5 53.3 -1.7 -1.7 -1.7 -1.7 -1.7 -1.7 -1.7 -1.7 -1.7 -1.7 -1.7 -1.7 -1.7 -1.7 -1.7 -1.7 -1.7 -1.7 -1.7 -1.7 -1.7 -1.7 -1.7 -1.7 -1.7 -1.7 -1.7 -1.7 -1.7 -1.7 -1.7 -1.7 -1.7 -1.7
35.9 36.2 39.3 43.1 46.6 49 47.9 43.7 32.4 29.7 30.8 31.9 34.6 41.4 49.6 54.2 56.2 56 54.7 54.1 55.9 56.7 57.1 58.5 58.8 57.2 52.1 46 37.3 26.1 16 5.6 6.1 5.9 14.9 35 53.3 48.3 26.9 11.3 19.3 41.7 53.8 59.9 62.5 61.6 57 50.1 45.5 42 -1.7 -1.7 -1.7 -1.7 -1.7 -1.7 -1.7 -1.7 -1.7 -1.7 -1.7 -1.7 -1.7 -1.7 -1.7 -1.7 -1.7 -1.7 -1.7 -1.7 -1.7 -1.7 -1.7 -1.7 -1.7 -1.7 -1.7 -1.7 -1.7 -1.7 -1.7 -1.7 -1.7 -1.7 -1.7
38.8 45.9 53 55.9 56.1 56.8 55.8 50.4 36.6 38.7 42.6 45.1 49.6 56.4 62 64.2 64.1 63.8 63.3 63.3 64.4 65.3 66.6 66.9 66.5 63.8 58.8 53.2 47.5 39.1 28.6 15.9 3.7 4.9 7.1 25.7 41.3 38.5 18.1 8.2 25.3 45 54.2 58.4 59.4 57.6 52.8 45.1 36 31.4 -1.7 -1.7 -1.7 -1.7 -1.7 -1.7 -1.7 -1.7 -1.7 -1.7 -1.7 -1.7 -1.7 -1.7 -1.7 -1.7 -1.7 -1.7 -1.7 -1.7 -1.7 -1.7 -1.7 -1.7 -1.7 -1.7 -1.7 -1.7 -1.7 -1.7 -1.7 -1.7 -1.7 -1.7 -1.7
52.1 58.4 62.8 64.3 63.7 62.4 58.8 47.3 39.5 46.8 55.9 62.1 65.5 68.4 69.6 70.3 70.5 70.5 70.1 70.6 72.1 72.9 72.4 71.3 69.1 65 59.3 54.2 48.4 40.7 33.7 23.9 6.9 4.6 5.9 17.5 33.6 31.7 12.1 7.9 21.8 41.3 52.2 57.4 57.2 54.5 51.6 46.7 38.2 29.5 21.1 -1.7 -1.7 -1.7 -1.7 -1.7 -1.7 -1.7 -1.7 -1.7 -1.7 -1.7 -1.7 -1.7 -1.7 -1.7 -1.7 -1.7 -1.7 -1.7 -1.7 -1.7 -1.7 -1.7 -1.7 -1.7 -1.7 -1.7 -1.7 -1.7 -1.7 -1.7 -1.7 -1.7 -1.7
61.5 66.2 69.4 69.6 67.8 65 59.3 47.7 44.4 56.5 65.6 69 70.6 71.2 71.3 71.6 72.7 72.9 72.1 72.4 73.7 75.3 73.4 70 65.6 60.1 54 45.4 37.9 30.3 23.4 15.5 6.1 6.3 4.8 7.3 22.2 27.4 7.3 6.7 23.2 41.5 53.4 57.5 54 51.1 47.7 43.5 37.9 30.8 22.4 -1.7 -1.7 -1.7 -1.7 -1.7 -1.7 -1.7 -1.7 -1.7 -1.7 -1.7 -1.7 -1.7 -1.7 -1.7 -1.7 -1.7 -1.7 -1.7 -1.7 -1.7 -1.7 -1.7 -1.7 -1.7 -1.7 -1.7 -1.7 -1.7 -1.7 -1.7 -1.7 -1.7 -1.7
67.7 70.3 72.6 72.2 69.6 66.2 58.7 49.8 56 64.8 68.4 68.4 68.9 67.9 67.1 67.3 68.7 69.3 67.7 66.5 68.2 69 67.2 62.4 56.2 49.7 44.2 37.4 30 21.7 12.5 5.7 4.8 4.8 2.6 5.3 8.5 18.9 5.6 5.9 23.6 44.6 56.3 56.5 51.9 46.6 42.1 37.6 30.8 -1.7 -1.7 -1.7 -1.7 -1.7 -1.7 -1.7 -1.7 -1.7 -1.7 -1.7 -1.7 -1.7 -1.7 -1.7 -1.7 -1.7 -1.7 -1.7 -1.7 -1.7 -1.7 -1.7 -1.7 -1.7 -1.7 -1.7 -1.7 -1.7 -1.7 -1.7 -1.7 -1.7 -1.7 -1.7 -1.7
75.1 75.3 75.9 74.6 71.3 65.8 59.1 58.1 65.3 68.1 66.1 63.3 60.7 58.8 56.9 57 58.1 59.2 59.5 57.5 55.2 53.4 50.7 46.4 42 38.8 35.9 31.7 26.1 18.4 8.2 4.6 4.8 5.3 5.2 5.7 5.6 7 3.5 5.3 23.5 44.5 54.6 54.2 48.1 40.7 35.2 -1.7 -1.7 -1.7 -1.7 -1.7 -1.7 -1.7 -1.7 -1.7 -1.7 -1.7 -1.7 -1.7 -1.7 -1.7 -1.7 -1.7 -1.7 -1.7 -1.7 -1.7 -1.7 -1.7 -1.7 -1.7 -1.7 -1.7 -1.7 -1.7 -1.7 -1.7 -1.7 -1.7 -1.7 -1.7 -1.7 -1.7 -1.7
82.8 81.3 80.2 77.8 73.9 67.2 62.1 64.1 68.6 68.5 64.4 58.8 54 50.7 48.2 45.8 45.6 47.7 50.5 51.3 50.3 47.2 43 38.5 34.6 31 27.2 24.4 20.7 16 9.4 4.8 5.2 4.9 4.6 5.1 4.7 5.5 3.5 7.3 24.6 35.9 42.1 43.2 19.2 21.9 -1.7 -1.7 -1.7 -1.7 -1.7 -1.7 -1.7 -1.7 -1.7 -1.7 -1.7 -1.7 -1.7 -1.7 -1.7 -1.7 -1.7 -1.7 -1.7 -1.7 -1.7 -1.7 -1.7 -1.7 -1.7 -1.7 -1.7 -1.7 -1.7 -1.7 -1.7 -1.7 -1.7 -1.7 -1.7 -1.7 -1.7 -1.7 -1.7
90.6 88.5 85 82 76.8 70 65.5 66.9 69.7 70.7 67.3 62.2 56.7 50.1 44.9 41.1 38.9 38.7 41.6 45.1 45.9 42.6 38.3 33.9 28.3 23 17.7 13.8 11 8.3 6.1 5.5 6.7 4.5 4.2 4.8 5.6 5.2 5.3 5.5 4.8 4.5 4.6 1.7 1.4 0.8 -1.7 -1.7 -1.7 -1.7 -1.7 -1.7 -1.7 -1.7 -1.7 -1.7 -1.7 -1.7 -1.7 -1.7 -1.7 -1.7 -1.7 -1.7 -1.7 -1.7 -1.7 -1.7 -1.7 -1.7 -1.7 -1.7 -1.7 -1.7 -1.7 -1.7 -1.7 -1.7 -1.7 -1.7 -1.7 -1.7 -1.7 -1.7 -1.7
94.3 92.3 89 85.4 80.6 75 72.3 72.8 75.9 77 74.8 69.8 62.9 55.8 50.3 44.4 39 34.8 35.6 37.5 36.8 32.5 28.7 24.6 20.4 15 10.6 8.4 7.3 6.1 5.1 5.3 6.4 4.3 5.1 6.1 6.4 6 4.5 -1.7 5.5 1.4 1.3 1.6 0.8 -0.5 -1.7 -1.7 -1.7 -1.7 -1.7 -1.7 -1.7 -1.7 -1.7 -1.7 -1.7 -1.7 -1.7 -1.7 -1.7 -1.7 -1.7 -1.7 -1.7 -1.7 -1.7 -1.7 -1.7 -1.7 -1.7 -1.7 -1.7 -1.7 -1.7 -1.7 -1.7 -1.7 -1.7 -1.7 -1.7 -1.7 -1.7 -1.7 -1.7
90.7 89.1 87.2 85.4 83.2 81.2 80.6 81.1 83.3 83.9 80.3 74 67.5 63.6 58.6 51.3 43.5 34.8 29.1 27.6 26.2 22.5 18.3 14.9 12.1 10.2 8.7 7.9 7 5.8 5.9 5.5 4.6 5.1 6.4 6.8 6.7 5.4 4.5 -1.7 -1.7 -0.6 -0.2 0.3 0.4 -1 -1.7 -1.7 -1.7 -1.7 -1.7 -1.7 -1.7 -1.7 -1.7 -1.7 -1.7 -1.7 -1.7 -1.7 -1.7 -1.7 -1.7 -1.7 -1.7 -1.7 -1.7 -1.7 -1.7 -1.7 -1.7 -1.7 -1.7 -1.7 -1.7 -1.7 -1.7 -1.7 -1.7 -1.7 -1.7 -1.7 -1.7 -1.7 -1.7
84 83 82 81.8 82.5 83.8 84.4 85.4 85.9 85.7 82.9 77.5 71.5 66.2 60.6 52.6 43 33.4 25 19.9 16.6 14.3 12.3 10.7 9.9 9.1 8.6 7.7 6.9 6.7 7.4 7.6 5 6.7 7.6 7 6.3 5.4 4.7 5.1 -1.7 -1.7 -1.6 -1.1 -0.7 -1.7 -1.7 -1.7 -1.7 -1.7 -1.7 -1.7 -1.7 -1.7 -1.7 -1.7 -1.7 -1.7 -1.7 -1.7 -1.7 -1.7 -1.7 -1.7 -1.7 -1.7 -1.7 -1.7 -1.7 -1.7 -1.7 -1.7 -1.7 -1.7 -1.7 -1.7 -1.7 -1.7 -1.7 -1.7 -1.7 -1.7 -1.7 -1.7 -1.7
77.3 76.1 75.1 75.1 77.4 80.1 81.9 83.9 84.8 84.6 82.4 77.5 70.4 62.6 54 45 37.7 31.5 26.4 19.7 15.3 14.4 15.1 14.6 13.5 12.1 10.8 10.5 10.6 11.4 10.9 10.8 8.1 8.7 7.7 6.9 6.4 5.5 5.7 4.1 1.5 0.8 -1.6 -1.7 -1.7 -1.7 -1.7 -1.7 -1.7 -1.7 -1.7 -1.7 -1.7 -1.7 -1.7 -1.7 -1.7 -1.7 -1.7 -1.7 -1.7 -1.7 -1.7 -1.7 -1.7 -1.7 -1.7 -1.7 -1.7 -1.7 -1.7 -1.7 -1.7 -1.7 -1.7 -1.7 -1.7 -1.7 -1.7 -1.7 -1.7 -1.7 -1.7 -1.7 -1.7
71.3 69.5 67.9 68.5 72 76.1 78.3 80.4 82.4 82.6 80.3 73.8 65.8 57.5 50.2 43.5 39.7 36 29.7 21.2 19.1 24.5 28.4 28.5 26 22.8 21.3 22 22.5 22.8 20.8 16.4 10.5 8.6 7.5 7 6.6 5.9 3.5 1.6 0.9 0.4 -0.2 -0.9 -1.7 -1.7 -1.7 -1.7 -1.7 -1.7 -1.7 -1.7 -1.7 -1.7 -1.7 -1.7 -1.7 -1.7 -1.7 -1.7 -1.7 -1.7 -1.7 -1.7 -1.7 -1.7 -1.7 -1.7 -1.7 -1.7 -1.7 -1.7 -1.7 -1.7 -1.7 -1.7 -1.7 -1.7 -1.7 -1.7 -1.7 -1.7 -1.7 -1.7 -1.7
72 67.5 63.7 63 66.7 71.1 73.7 76 78.6 81 80 75.5 70.5 65 60.6 56 51.7 45 32.9 25 28.2 38.8 44.4 44.7 43 39.6 38.4 38.6 38.5 36.2 30.6 24.4 17 7.9 6.9 6.5 6.4 5.4 1.6 1 0.3 -0.3 -0.8 -1.7 -1.7 -1.7 -1.7 -1.7 -1.7 -1.7 -1.7 -1.7 -1.7 -1.7 -1.7 -1.7 -1.7 -1.7 -1.7 -1.7 -1.7 -1.7 -1.7 -1.7 -1.7 -1.7 -1.7 -1.7 -1.7 -1.7 -1.7 -1.7 -1.7 -1.7 -1.7 -1.7 -1.7 -1.7 -1.7 -1.7 -1.7 -1.7 -1.7 -1.7 -1.7
77.6 71.3 65.9 62.2 61.4 63 65.6 68.8 74.4 79.4 81.2 80.5 79.2 77.1 73.6 69.5 64.1 51.1 32.1 32.3 40.8 52.7 57.5 58.2 57.7 54.4 51.9 48.2 43.3 41.8 37.3 30.7 25.5 8.2 6.8 6.4 6.4 3.5 1.1 0.4 -0.3 -0.9 -1.7 -1.7 -1.7 -1.7 -1.7 -1.7 -1.7 -1.7 -1.7 -1.7 -1.7 -1.7 -1.7 -1.7 -1.7 -1.7 -1.7 -1.7 -1.7 -1.7 -1.7 -1.7 -1.7 -1.7 -1.7 -1.7 -1.7 -1.7 -1.7 -1.7 -1.7 -1.7 -1.7 -1.7 -1.7 -1.7 -1.7 -1.7 -1.7 -1.7 -1.7 -1.7 -1.7
82.5 75.8 70 65.4 60.8 58.1 57.9 59.9 67.7 76.3 80.4 82.2 83 81.8 78.8 73.4 65.8 49.7 32.5 40.4 54.5 64.1 68.3 68.4 65.7 60.8 57.3 51.6 45.2 39.2 33.4 26.8 25.5 7.4 6.5 6 6 1.5 0.7 -0.1 -0.9 -1.7 -1.7 -1.7 -1.7 -1.7 -1.7 -1.7 -1.7 -1.7 -1.7 -1.7 -1.7 -1.7 -1.7 -1.7 -1.7 -1.7 -1.7 -1.7 -1.7 -1.7 -1.7 -1.7 -1.7 -1.7 -1.7 -1.7 -1.7 -1.7 -1.7 -1.7 -1.7 -1.7 -1.7 -1.7 -1.7 -1.7 -1.7 -1.7 -1.7 -1.7 -1.7 -1.7 -1.7
85.9 80.8 75.4 71.1 66.7 62.2 58.5 56.2 61.1 68.8 75.2 79.3 82.2 82.7 79 71 59.2 44.8 40.9 46.4 62 71.6 74.4 71.5 67.5 63 56.5 48.8 40.7 33.1 27 18 9.4 6.9 6.1 5.7 3 1 0.2 -0.6 -1.7 -1.7 -1.7 -1.7 -1.7 -1.7 -1.7 -1.7 -1.7 -1.7 -1.7 -1.7 -1.7 -1.7 -1.7 -1.7 -1.7 -1.7 -1.7 -1.7 -1.7 -1.7 -1.7 -1.7 -1.7 -1.7 -1.7 -1.7 -1.7 -1.7 -1.7 -1.7 -1.7 -1.7 -1.7 -1.7 -1.7 -1.7 -1.7 -1.7 -1.7 -1.7 -1.7 -1.7 -1.7
88 83.9 80.7 77.3 73.4 68.4 62.7 57.8 54 58.4 65.4 73.7 79.8 82 78.5 69.1 59.8 51.9 49.5 52.9 64.4 74 75.6 73.3 68.6 62.1 55.5 47.9 41.3 35.1 32 24 21.5 9.9 5.6 5.2 1.5 0.6 -0.3 -1.1 -1.7 -1.7 -1.7 -1.7 -1.7 -1.7 -1.7 -1.7 -1.7 -1.7 -1.7 -1.7 -1.7 -1.7 -1.7 -1.7 -1.7 -1.7 -1.7 -1.7 -1.7 -1.7 -1.7 -1.7 -1.7 -1.7 -1.7 -1.7 -1.7 -1.7 -1.7 -1.7 -1.7 -1.7 -1.7 -1.7 -1.7 -1.7 -1.7 -1.7 -1.7 -1.7 -1.7 -1.7 -1.7
87.4 83.2 78.5 77 77.3 74.8 69.2 62.2 53.6 50.7 57.1 68.5 78.1 83.3 83.4 79.5 73.8 68 65 65.2 71.5 76 77.2 76.2 71.5 65.6 58.9 51.8 45.4 38.8 33.7 33.1 35.6 31.1 6.6 3.8 1 0.1 -0.8 -1.7 -1.7 -1.7 -1.7 -1.7 -1.7 -1.7 -1.7 -1.7 -1.7 -1.7 -1.7 -1.7 -1.7 -1.7 -1.7 -1.7 -1.7 -1.7 -1.7 -1.7 -1.7 -1.7 -1.7 -1.7 -1.7 -1.7 -1.7 -1.7 -1.7 -1.7 -1.7 -1.7 -1.7 -1.7 -1.7 -1.7 -1.7 -1.7 -1.7 -1.7 -1.7 -1.7 -1.7 -1.7 -1.7
86.2 82.5 76.9 71.1 74.1 75.2 72.4 63.9 52.2 46.7 56 66.2 77 85.1 88.1 88.1 86.4 84.1 82.6 82.9 85 86.3 86.1 84.5 80.3 76.3 69.7 63.5 58 50.8 45.8 42.5 40.7 38.2 8.7 1.5 0.6 -0.3 -1.7 -1.7 -1.7 -1.7 -1.7 -1.7 -1.7 -1.7 -1.7 -1.7 -1.7 -1.7 -1.7 -1.7 -1.7 -1.7 -1.7 -1.7 -1.7 -1.7 -1.7 -1.7 -1.7 -1.7 -1.7 -1.7 -1.7 -1.7 -1.7 -1.7 -1.7 -1.7 -1.7 -1.7 -1.7 -1.7 -1.7 -1.7 -1.7 -1.7 -1.7 -1.7 -1.7 -1.7 -1.7 -1.7 -1.7
84 81.2 76.4 66.2 66.9 68.8 67.3 61.1 50.7 48 59.2 73.9 82.1 87.5 89.8 90.4 90.4 90 89.7 90.1 91.4 91.3 90 87.2 83.9 80.8 77 74.4 70.5 64.5 59.8 54.1 49.4 46.8 7 1.5 0.3 -0.7 -1.7 -1.7 -1.7 -1.7 -1.7 -1.7 -1.7 -1.7 -1.7 -1.7 -1.7 -1.7 -1.7 -1.7 -1.7 -1.7 -1.7 -1.7 -1.7 -1.7 -1.7 -1.7 -1.7 -1.7 -1.7 -1.7 -1.7 -1.7 -1.7 -1.7 -1.7 -1.7 -1.7 -1.7 -1.7 -1.7 -1.7 -1.7 -1.7 -1.7 -1.7 -1.7 -1.7 -1.7 -1.7 -1.7 -1.7
81 79.2 75.2 67 62.3 61.5 56.2 49.1 41.7 51.2 65 80.5 86.6 90.1 91 90.8 90 89.4 89.9 90.5 90.9 90.4 89 85.9 81.6 77.6 72.4 69.1 66.4 62.6 59 55.1 48.6 45.7 40.9 1.6 0.2 -0.9 -1.7 -1.7 -1.7 -1.7 -1.7 -1.7 -1.7 -1.7 -1.7 -1.7 -1.7 -1.7 -1.7 -1.7 -1.7 -1.7 -1.7 -1.7 -1.7 -1.7 -1.7 -1.7 -1.7 -1.7 -1.7 -1.7 -1.7 -1.7 -1.7 -1.7 -1.7 -1.7 -1.7 -1.7 -1.7 -1.7 -1.7 -1.7 -1.7 -1.7 -1.7 -1.7 -1.7 -1.7 -1.7 -1.7 -1.7
75.7 75.8 72.9 67.3 59.2 52.3 44.5 36.5 45.8 57.6 73.2 84.2 89.5 91.2 90.7 89.5 86.3 84.7 86.5 87.5 87.9 86.9 84.5 81.1 75.5 69.2 63.1 59.9 56.6 54.2 49.7 44.5 40 36.4 31.7 21.6 0.5 -1.7 -1.7 -1.7 -1.7 -1.7 -1.7 -1.7 -1.7 -1.7 -1.7 -1.7 -1.7 -1.7 -1.7 -1.7 -1.7 -1.7 -1.7 -1.7 -1.7 -1.7 -1.7 -1.7 -1.7 -1.7 -1.7 -1.7 -1.7 -1.7 -1.7 -1.7 -1.7 -1.7 -1.7 -1.7 -1.7 -1.7 -1.7 -1.7 -1.7 -1.7 -1.7 -1.7 -1.7 -1.7 -1.7 -1.7 -1.7
67.1 69.9 69.5 65.7 54.7 42.3 33.5 41.6 53.9 68.1 78.3 85.7 89.8 91 90.6 88.1 81.8 76 79.3 81.4 83.2 83.6 82.4 79.4 72 60.6 52.6 47.4 44.4 42.5 37.8 30.7 25.6 19.9 14.4 1.7 0.3 -1.7 -1.7 -1.7 -1.7 -1.7 -1.7 -1.7 -1.7 -1.7 -1.7 -1.7 -1.7 -1.7 -1.7 -1.7 -1.7 -1.7 -1.7 -1.7 -1.7 -1.7 -1.7 -1.7 -1.7 -1.7 -1.7 -1.7 -1.7 -1.7 -1.7 -1.7 -1.7 -1.7 -1.7 -1.7 -1.7 -1.7 -1.7 -1.7 -1.7 -1.7 -1.7 -1.7 -1.7 -1.7 -1.7 -1.7 -1.7
