UK/data/sw/sw33_OST50GRID_20230518/SW33.asc
ncols 200
nrows 200
xllcorner 130000
yllcorner 30000
cellsize 50
[rows 148 to 184 of 200, columns 83 to 165 of 200]
-1.7 -1.7 -1.7 -1.7 -1.7 -1.7 -1.7 -1.7 -1.7 -1.7 -1.7 -1.7 -1.7 -1.7 -1.7 -1.7 -1.7 -1.7 -1.7 -1.7 -1.7 -1.7 -1.7 -1.7 -1.7 -1.7 55.4 70.2 71.1 81.3 87.9 90.3 91.7 93.2 93 91.9 91.5 91.3 92.3 94.4 96.8 99 101.4 103.4 104.7 105.6 107.8 109.8 111.1 111.3 111.3 111.2 110.6 110.1 109.7 110.3 111.8 113.4 115.4 118.1 120.9 123.9 127.4 130.5 133.4 136.4 139.5 142.6 145.5 148.7 152.2 155.1 157.9 161.2 164.2 167 169.4 171.4 172.6 173 171.6 170 168.3
-1.7 -1.7 -1.7 -1.7 -1.7 -1.7 -1.7 -1.7 -1.7 -1.7 -1.7 -1.7 -1.7 -1.7 -1.7 -1.7 -1.7 -1.7 -1.7 -1.7 -1.7 -1.7 -1.7 -1.7 -1.7 -1.7 22.2 68.1 82.4 87.4 88.8 88.1 87.5 87.7 88.1 88.8 87.9 86.5 87.3 89.2 92.6 95.2 97.5 99.5 101.9 103.9 106.7 109.9 111.5 111.8 111.9 112 111.6 111 111 111.6 112.4 113.3 115.1 117.9 120.8 123.6 126.7 130.2 133.2 135.9 139 142.1 145 148.1 151.4 154.2 157.3 160.7 163.9 166.6 168.9 171.3 172.7 172.9 171.5 169.7 167
-1.7 -1.7 -1.7 -1.7 -1.7 -1.7 -1.7 -1.7 -1.7 -1.7 -1.7 -1.7 -1.7 -1.7 -1.7 -1.7 -1.7 -1.7 -1.7 -1.7 -1.7 -1.7 -1.7 -1.7 -1.7 23.4 -1.7 67 86.8 87.5 83.3 80.4 80.8 81.3 80.4 76.7 73.7 71 74.1 80.8 84.7 87.9 90.2 92.9 96.9 100.6 104.3 107.7 109.9 111.3 111.8 112.2 112.1 112 112.6 113.2 113.9 114.9 116.2 117.9 120.3 123.1 126 129.6 132.4 134.9 137.9 141 144.1 147.1 150.5 153.4 156.8 160.2 163.2 165.9 168.3 170.8 172.9 173.1 172 169.9 167
-1.7 -1.7 -1.7 -1.7 -1.7 -1.7 -1.7 -1.7 -1.7 -1.7 -1.7 -1.7 -1.7 -1.7 -1.7 -1.7 -1.7 -1.7 -1.7 -1.7 -1.7 -1.7 -1.7 -1.7 -1.7 -1.7 -1.7 64.9 70.7 81.6 75.1 69 69.7 71.2 67.9 54.8 50.8 48.6 53.2 59.3 66.8 68.3 76.4 81.5 87.8 94.8 100.1 104.4 107.4 109.4 110.8 112.2 112.7 113.1 114 114.7 115.9 116.8 117.4 118.7 120.2 122.5 125.9 128.8 131.3 133.9 136.9 140 142.7 145.5 149.3 152.8 156.2 159.6 162.6 164.8 167.6 170.4 172.8 173.3 172.6 170.6 167.3
-1.7 -1.7 -1.7 -1.7 -1.7 -1.7 -1.7 -1.7 -1.7 -1.7 -1.7 -1.7 -1.7 -1.7 -1.7 -1.7 -1.7 -1.7 -1.7 -1.7 -1.7 -1.7 -1.7 -1.7 -1.7 -1.7 -1.7 44.4 68.5 65.5 61 49.9 48.5 48.9 44.8 40.9 41.4 50.4 64.2 73.8 79.4 85.6 81.9 78.7 76.7 86.1 94.3 100 103.8 106.7 109.1 110.9 112.1 112.9 113.9 115 116.6 117.8 118.6 119.9 121.4 123 125.4 127.8 130.3 132.8 135.8 138.5 141.1 143.9 147.5 151 154.5 158.8 161.1 163.2 165.2 168.2 170.8 172 172 170.5 166.5
-1.7 -1.7 -1.7 -1.7 -1.7 -1.7 -1.7 -1.7 -1.7 -1.7 -1.7 -1.7 -1.7 -1.7 -1.7 -1.7 -1.7 -1.7 -1.7 -1.7 -1.7 -1.7 -1.7 -1.7 -1.7 -1.7 -1.7 1.9 47.1 41 34.8 29.5 34.6 36.9 39 42.3 51.4 69.9 82.6 88.3 92.6 94.7 94 92.2 86.6 78 89.1 95.5 99.5 103.6 106.4 108.9 110.9 111.7 112.9 114.6 116.4 117.9 119.6 121.4 122.8 124.2 125.6 127.2 129.3 131.8 134.1 136.8 139.4 142.1 145.5 148.9 152 155.7 158 160.5 162.8 164.7 166.7 168.5 169.2 168.3 165
-1.7 -1.7 -1.7 -1.7 -1.7 -1.7 -1.7 -1.7 -1.7 -1.7 -1.7 -1.7 -1.7 -1.7 -1.7 -1.7 -1.7 -1.7 -1.7 -1.7 -1.7 -1.7 -1.7 -1.7 -1.7 -1.7 8.6 37.2 26.1 18.9 29 44.5 55.1 57 56.1 60.2 71.7 79.6 85.9 90.5 93.6 95.6 96 95.1 92.1 83.6 83 95.1 95.5 100.1 103.4 105.7 107.7 109.6 111.6 113.4 115.9 117.6 119.5 121.4 123.1 124.7 125.9 127.5 129 130.7 132.4 134.8 137.4 140.1 142.9 146.1 149.2 152.2 155 157.5 159.8 161 161.7 162.3 162.6 162.7 161.2
-1.7 -1.7 -1.7 -1.7 -1.7 -1.7 -1.7 -1.7 -1.7 -1.7 -1.7 -1.7 -1.7 -1.7 -1.7 -1.7 -1.7 -1.7 -1.7 -1.7 -1.7 -1.7 -1.7 -1.7 -1.7 -1.7 1.7 13.5 20 25.5 46.9 65 72.9 74 72.2 71.5 77.4 82.7 87.5 91.7 93.9 95.4 97 96 94.1 89 81.3 84.6 89.5 95 99 102 104.6 107.6 110 112.6 115.3 117.3 119.3 121.2 122.9 124.4 125.9 127.4 128.7 130.1 131.2 132.9 135.3 137.5 140.5 143.2 146.3 149.2 151.9 154.2 156.1 157 157.2 157.4 157.1 156.7 155.6
-1.7 -1.7 -1.7 -1.7 -1.7 -1.7 -1.7 -1.7 -1.7 -1.7 -1.7 -1.7 -1.7 -1.7 -1.7 -1.7 -1.7 -1.7 -1.7 -1.7 -1.7 -1.7 -1.7 -1.7 -1.7 -1.7 0.8 2.1 16 36.4 62.8 81.2 83.1 81 78.2 75.9 79 83.6 88.3 92.1 94.9 96.6 98 97.7 96.9 92.5 85.7 81.4 84 88.5 92.9 96.7 100.7 106.1 109.5 111.9 114.2 116.4 118.6 120.7 122.3 124 125.6 127.1 128.5 129.6 130.7 131.7 132.7 135 137.8 139.9 143.1 146 148.5 150.9 152.6 152.2 151.8 151.1 150.5 149.8 149.8
-1.7 -1.7 -1.7 -1.7 -1.7 -1.7 -1.7 -1.7 -1.7 -1.7 -1.7 -1.7 -1.7 -1.7 -1.7 -1.7 -1.7 -1.7 -1.7 -1.7 -1.7 -1.7 -1.7 -1.7 -1.7 -1.7 1.3 13.5 31.3 54.4 78.1 87.5 87.5 85.4 83.2 79.6 79.6 83.7 88.6 92.4 95.3 97.9 99.6 100.8 100.2 96.9 92.4 86.9 83.9 83.5 87.4 92.6 97.7 103 107.1 109.9 112.5 115.2 117.2 119.2 121.2 122.7 124.5 126.9 128.2 128.8 129.4 129.8 130.5 132.3 134.4 136.5 139.2 142.2 145 147.6 148.2 148 146.4 145.3 144.8 145 146.4
-1.7 -1.7 -1.7 -1.7 -1.7 -1.7 -1.7 -1.7 -1.7 -1.7 -1.7 -1.7 -1.7 -1.7 -1.7 -1.7 -1.7 -1.7 -1.7 -1.7 -1.7 -1.7 -1.7 -1.7 -1.7 0.8 5.5 27.5 46.5 69.7 83.8 89.2 89.9 88.7 87.5 85.4 84.2 84.6 88.3 92.8 96.5 99.2 101.6 102.8 103 102.5 100.4 95.6 91.1 86.9 82.1 87.5 93.5 98.9 103.6 106.9 109.1 111.8 115 117 119.2 121.2 122.9 124.8 126.1 126.9 127.1 127.2 127.5 128.8 130.7 132.2 133.8 136.7 139.8 143.1 143.8 142 140 139.3 140.2 143.3 147.5
-1.7 -1.7 -1.7 -1.7 -1.7 -1.7 -1.7 -1.7 -1.7 -1.7 -1.7 -1.7 -1.7 -1.7 -1.7 -1.7 -1.7 -1.7 -1.7 -1.7 -1.7 -1.7 -1.7 -1.7 0.1 1.6 20.3 43.8 61.6 71.9 81.5 87.7 90 90.9 90.1 90.1 90 88.7 89.3 93.1 96.8 100 102.8 104.4 104.8 105.2 105.1 103.1 100 95.2 88.7 83 87.5 94.1 99 101.7 104.2 106.3 108.9 112.1 114.4 116.5 118.9 120.4 120.7 121.4 122.9 123.7 123.6 124.6 126.3 127.6 127.4 126.7 129.2 133.1 135.1 134.1 136 139.1 142.9 146.5 149.7
-1.7 -1.7 -1.7 -1.7 -1.7 -1.7 -1.7 -1.7 -1.7 -1.7 -1.7 -1.7 -1.7 -1.7 -1.7 -1.7 -1.7 -1.7 2.1 15.8 4.2 2.1 -1.7 -0.6 0.9 1.3 38.2 59.7 71.6 76.9 82 86.7 89.8 91.5 92.2 92.6 93.3 93.2 92.7 94.2 97.5 100.6 103.5 105.3 106.6 107.4 107.7 106.9 105.6 102.8 97.4 91.8 85.9 85.1 90.8 92.3 96.4 98.8 101.9 103.6 105.7 108.3 110.6 111.5 112.2 114.6 116.9 116.6 116.8 119.4 121.9 121.6 116.4 115 117 120 123.6 129.9 136.1 140.7 144.8 147.8 150.1
-1.7 -1.7 -1.7 -1.7 -1.7 -1.7 -1.7 -1.7 -1.7 -1.7 -1.7 -1.7 -1.7 -1.7 -1.7 -1.7 -1.7 2.2 38.8 32 23 18.2 2.8 2.1 2.1 32.4 53.7 69.2 77.3 80.9 83.9 87 89.6 92 93.7 94.6 95.2 95.9 95.5 96.4 98.2 101.3 103.8 105.9 107.5 108.6 109.1 109.1 108.3 107 104.2 100.7 96 90.8 86.3 85.3 88.3 90.9 92.2 94.4 95.4 96.8 98.2 98.8 100.2 102.7 105.8 104.8 105.6 108.5 111.3 110.3 110.7 112.5 112.8 114.8 118.8 126.2 133.9 139.7 145 148.2 149.5
-1.7 -1.7 -1.7 -1.7 -1.7 -1.7 -1.7 -1.7 -1.7 -1.7 -1.7 -1.7 -1.7 -1.7 -1.7 -1.7 16.3 38.3 47.9 44.3 34 28.9 29.9 33.4 38.7 47.7 61.2 71.7 80.4 83.7 85.9 88.3 90.3 92 93.5 94.2 95.6 97 97.3 98.3 99.9 101.9 104.6 106.7 108.1 109.2 110.2 110.6 110.5 109.4 108.5 106.9 104.2 100.7 97.7 94.3 91.9 90.3 86.4 90.7 91.5 92.3 92.9 93.9 95.2 95.4 95.9 96.6 99.1 102.7 106.9 111.8 116.7 120.1 119.8 118 118.8 119.6 126.6 134.8 141.3 146.1 146.9
-1.7 -1.7 -1.7 -1.7 -1.7 -1.7 -1.7 -1.7 -1.7 -1.7 -1.7 -1.7 -1.7 -1.7 -1.7 -1.7 33.9 61.8 52.3 40.7 32.6 31.5 34.8 41.6 47.4 54.4 61.4 70.9 80.4 84.6 86.8 89.1 90.8 92.1 93.6 94.3 95.8 97.4 99 100.3 101.5 103 105.4 107.3 108.5 109.7 110.8 111.3 112 111.7 111.1 110.2 109.4 108.1 106.3 105.3 103.9 100.7 96.6 93.1 91.4 91.8 92.2 92.8 93.7 94.3 96.7 100.4 106.8 112.6 117.3 122.5 126.7 130.6 132.4 131.8 128.5 122.5 122 128.6 134.9 138.1 138.5
-1.7 -1.7 -1.7 -1.7 -1.7 -1.7 -1.7 -1.7 -1.7 -1.7 -1.7 -1.7 -1.7 -1.7 -1.7 -1.7 11.1 32.4 27.5 26.5 25.2 27.5 33.7 40.8 46 51.3 57.7 65.7 74.8 80.6 85.4 89 91.6 93.3 94.3 94.7 95.8 97.5 99.3 100.9 102.7 104.5 106.2 107.8 108.9 110.1 111.3 112.1 112.9 113.1 113.3 113.4 113.1 112.7 112.1 111.3 109.4 107.4 104.6 98.5 94.6 93.1 92.9 92.9 93.8 95.2 98.8 105.2 111 115.5 123.3 128.5 134.5 138.7 142 143.6 143.3 137.6 128 124.6 128 129.4 131.7
-1.7 -1.7 -1.7 -1.7 -1.7 -1.7 -1.7 -1.7 -1.7 -1.7 -1.7 -1.7 -1.7 -1.7 -1.7 -1.7 -1.7 0.3 1.9 2.4 4.3 11.1 23.5 30.7 36.1 43.8 49.8 59.7 70.8 79.7 85.7 88.7 92.2 94.1 94.8 94.7 95.8 97.5 99.2 101.6 103.7 105.5 107.5 108.7 110 111.3 112.1 113 113.7 114.3 114.9 115.6 116.1 116.5 116.4 115.8 114.3 112.4 109.1 102.7 96.2 94.2 94 94 94.6 96.2 100.6 106.6 113.2 118.9 126.8 132.5 138.7 143.2 147.6 150.5 151.7 149.6 142.5 133.5 128.9 132.2 138.3
-1.7 -1.7 -1.7 -1.7 -1.7 -1.7 -1.7 -1.7 -1.7 -1.7 -1.7 -1.7 -1.7 -1.7 -1.7 -1.7 -1.7 -1.1 0.2 0.2 1.3 2.1 24.4 42.6 49 52.6 58.5 65.2 73.7 81.2 86.4 90.1 92.7 94.6 95.3 95.3 96.4 97.6 99.4 101.7 104.2 107.2 108.7 110.1 111.2 112 112.8 113.5 114.2 115.3 116.1 116.8 118.5 119.3 119.9 119.6 118.6 117 114.3 110 102 96.2 95.2 95.4 95.9 96.7 100.7 106.8 116 122 129 135.6 141.5 146.2 150.4 153.7 155.5 155.5 152.8 146.6 141.1 140.2 143.7
-1.7 -1.7 -1.7 -1.7 -1.7 -1.7 -1.7 -1.7 -1.7 -1.7 -1.7 -1.7 -1.7 -1.7 -1.7 -1.7 -1.7 -1.7 -1.7 -1.7 -1.7 0.8 20.6 46.7 56.9 63.3 67.5 70.4 75.6 82.5 87.1 90.5 92.9 95 95.9 96.1 96.6 97.7 99.5 102 104.6 107 109 110.3 111.5 112.2 112.9 113.6 114.3 115.7 117.1 118.4 120.1 121.7 122.5 123.4 122.3 121.4 119.5 116.1 111.6 104.4 99.4 96.4 97.1 98.3 102 107.2 116.8 123.1 129.7 136.7 142.5 147.3 151.6 154.7 157.2 157.9 156.9 153.7 148.8 145.5 143.6
-1.7 -1.7 -1.7 -1.7 -1.7 -1.7 -1.7 -1.7 -1.7 -1.7 -1.7 -1.7 -1.7 -1.7 -1.7 -1.7 -1.7 -1.7 -1.7 -1.7 -1.7 4.3 33.1 50.3 61.6 70.5 75.3 78.4 80.3 84.3 87.7 90.6 93.2 95 95.8 96.5 97 98.2 99.7 102 104.5 106.9 108.8 110.2 111.4 112 112.8 113.7 114.8 116.1 117.4 119.3 121 122.5 124.4 125.1 124.7 125 123.5 120.9 117.7 112.7 107.3 101 98.3 99.1 103 110.7 117.2 122.8 128.8 135.9 141.4 146.7 151.2 155 158.3 159.6 158.9 157.2 154.2 151.9 151.1
-1.7 -1.7 -1.7 -1.7 -1.7 -1.7 -1.7 -1.7 -1.7 -1.7 -1.7 -1.7 -1.7 -1.7 -1.7 -1.7 -1.7 -1.7 -1.7 -1.7 0.3 3.7 36.7 52.5 68.8 77 82.1 84.7 86.1 87.6 89.2 91.3 93.8 95.2 96.1 97.1 98.2 99.2 100.3 102.2 104.5 106.7 108.5 109.9 111.1 111.7 112.4 113.4 114.9 116.1 117.4 119.4 121.1 122.4 124.3 125.4 126.1 126.3 125.9 124.3 121.5 118.6 113.4 107.5 102.3 100.7 103.4 110.2 116.5 121.5 127 133 139.2 144.4 149.4 153.8 158.2 160.3 160.1 159.7 158.9 158.2 157.5
-1.7 -1.7 -1.7 -1.7 -1.7 -1.7 -1.7 -1.7 -1.7 -1.7 -1.7 -1.7 -1.7 -1.7 -1.7 -1.7 -1.7 -1.7 -1.7 -1.7 -0.3 2 40.1 63.2 74.7 81.7 86.6 88.8 90.3 90.8 91.9 93.2 94.6 95.8 97.1 98.3 99.5 100.7 101.7 102.8 104.7 106.5 108.2 109.4 110.7 111.3 111.8 113.3 114.8 116.2 117.5 119.3 121 122.3 124 125.1 126 127.1 126.8 125.7 124.1 121.7 118.6 113.3 106.4 103.5 103.1 106.9 113.2 118.6 124.4 128.6 134.7 141 146.3 151.4 156.1 159.4 161.4 162 162.5 162.9 162.1
-1.7 -1.7 -1.7 -1.7 -1.7 -1.7 -1.7 -1.7 -1.7 -1.7 -1.7 -1.7 -1.7 -1.7 -1.7 -1.7 -1.7 -1.7 -1.7 -1.7 -1.7 1.7 40.8 71 81.2 86.4 89.8 92.1 93 93.6 94.6 95.9 96.6 97.1 98.6 99.5 100.7 102 103.2 103.7 105.2 106.9 108.2 109.5 110.2 110.6 111.5 113.2 114.7 116.2 117.5 119.1 120.7 122.2 123.5 124.6 126 127.2 127.3 126.3 125.8 124.8 121.9 117.9 112.2 106.6 106.7 106.4 109.2 114.3 120.1 125.1 129.7 135.8 142.7 148.3 153.3 157.1 160 162.7 165 166.1 165.8
-1.7 -1.7 -1.7 -1.7 -1.7 -1.7 -1.7 -1.7 -1.7 -1.7 -1.7 -1.7 -1.7 -1.7 -1.7 -1.7 -1.7 -1.7 -1.7 -1.7 -1.7 0.8 45.8 76.4 87.5 90.7 93.7 95.1 95.5 96.1 97 97.8 98.4 98.8 99.7 100.3 101.5 103.1 104 105.1 105.9 107.5 108.5 109.3 109.8 110.7 111.3 112.9 114.4 115.8 117.1 118.4 119.8 121.7 123 124.1 125.2 126.2 126.6 127.1 127.2 126.7 124.6 121.6 115.7 113 113.3 112.6 112.5 112.3 115.3 121.5 127.1 131.6 136.7 143.2 148.9 153.3 157.7 161.4 165.6 168.1 168.2
-1.7 -1.7 -1.7 -1.7 -1.7 -1.7 -1.7 -1.7 -1.7 -1.7 -1.7 -1.7 -1.7 -1.7 -1.7 -1.7 -1.7 -1.7 -1.7 -1.7 -1.7 -0.8 26.3 72.6 91.2 93.7 95.6 96.7 97.1 97.4 98.3 99.1 100.1 101.1 101.3 101.4 102.4 103.6 104.5 105.6 106.7 107.9 108.8 109.2 109.7 110.2 110.8 112.2 113.5 114.9 116.2 117.5 118.9 120.8 122 123.7 124.8 125.8 126.9 128.2 128.3 127.7 126.1 123.4 119.3 119.5 121.3 120.7 118.8 116.8 115.7 118.5 123.8 128.7 132.8 138.3 143.6 148.9 154.4 158.1 162.3 166.1 167.7
-1.7 -1.7 -1.7 -1.7 -1.7 -1.7 -1.7 -1.7 -1.7 -1.7 -1.7 -1.7 -1.7 -1.7 -1.7 -1.7 -1.7 -1.7 -1.7 -1.7 -1.7 -1.7 26.7 63.4 88.7 93.3 95.2 96.9 97.8 98.6 99.2 99.8 101 102.3 103.4 103 103.2 104.1 105 106 107.1 107.9 108.4 108.7 108.8 109.6 110.3 111.2 112.5 113.9 115.3 116.7 118.1 119.6 121.3 123 124.5 126.1 127.5 128.8 129.3 129.3 127.4 125.3 123.3 124.5 127.5 129.3 127.7 122.9 119.9 117.1 121 126 129.5 134.1 139 144.6 150.1 155 158.9 162.1 164.8
-1.7 -1.7 -1.7 -1.7 -1.7 -1.7 -1.7 -1.7 -1.7 -1.7 -1.7 -1.7 -1.7 -1.7 -1.7 -1.7 -1.7 -1.7 -1.7 -1.7 -1.7 -1.7 -1.7 36.3 58.5 78.6 91.1 95.1 96.6 98 99.6 100.9 101.9 103.5 104.6 104.6 104.1 104.7 105.6 106.5 106.9 107.3 107.5 107.6 107.7 108.6 109.4 110.8 112.2 113.5 114.9 116.3 117.5 119.3 121 122.9 125.4 127.3 128.7 130.3 131.3 131 130.2 128.1 126.7 128.9 133 136 136.3 131.4 125.5 122.6 122.5 125.1 127.8 130.9 135.3 140.9 147.1 151.7 155.9 158.7 161.6
-1.7 -1.7 -1.7 -1.7 -1.7 -1.7 -1.7 -1.7 -1.7 -1.7 -1.7 -1.7 -1.7 -1.7 -1.7 -1.7 -1.7 -1.7 -1.7 -1.7 -1.7 -1.7 -1.7 0.5 2.1 52.6 73.4 87.4 92.7 95.8 98.2 100.6 102.5 103.9 105.3 105.8 105.2 105.2 105.7 106.2 106.6 106.1 106.2 105.9 106.2 107.7 108.5 110.5 112.2 113.5 114.7 116.1 117.6 119.5 121.6 123.5 126 128.6 130.5 133 135.3 135.2 134.1 132.3 130.5 133.2 137.8 141.1 141.8 138.7 132.9 128.5 126.6 126.4 127.8 130 133.4 139.2 145.3 149.9 153.8 156.4 159.1
-1.7 -1.7 -1.7 -1.7 -1.7 -1.7 -1.7 -1.7 -1.7 -1.7 -1.7 -1.7 -1.7 -1.7 -1.7 -1.7 -1.7 -1.7 -1.7 -1.7 -1.7 -1.7 -1.7 -1.7 1.3 21.4 49.3 70.1 85 91.8 95.5 98.9 101.4 103.3 104.5 105.5 104.9 104.9 105.4 105.8 105.5 105.1 104.7 103.9 104.8 106.6 108.2 110.1 112.1 113.5 114.8 116.5 118.1 119.9 122.1 124.7 127.1 130.1 134.1 138.2 139.4 139.9 139.4 137.4 135.3 137.4 141.6 144.6 145.2 143.5 140.8 135.8 131.8 129.9 128.7 129.6 133.6 138.6 143.8 148.2 151.6 154.3 156.7
-1.7 -1.7 -1.7 -1.7 -1.7 -1.7 -1.7 -1.7 -1.7 -1.7 -1.7 -1.7 -1.7 -1.7 -1.7 -1.7 -1.7 -1.7 -1.7 -1.7 -1.7 -1.7 -1.7 -1.7 -1.7 -1.7 20.5 50.5 68.7 84.4 91.5 95.6 98.5 101 103.1 104.4 104.2 104.2 104.9 104.8 104.5 103.6 102.7 101.8 103.6 105.6 107.9 109.8 111.7 113.5 115.1 116.9 118.6 120.4 122.9 125.2 128.7 133.2 138.3 142.7 144.9 144.6 143.8 142.6 140.8 140.9 144.6 147.2 148.1 147.7 145.4 142.9 138.7 135.1 133 132.7 133.8 138.5 142.6 146.2 149.4 152.2 154.6
-1.7 -1.7 -1.7 -1.7 -1.7 -1.7 -1.7 -1.7 -1.7 -1.7 -1.7 -1.7 -1.7 -1.7 -1.7 -1.7 -1.7 -1.7 -1.7 -1.7 -1.7 -1.7 -1.7 -1.7 -1.7 -1.7 -1.7 24.9 49.4 69.3 82.5 89.6 93.6 98 100.9 102.3 102 102.5 103.4 103.5 102.9 101.9 100.5 100.2 101.9 104.7 106.9 109 111 113.2 114.9 116.6 118.5 120.7 123.3 126.1 130.8 137.4 143.9 147.9 150.6 150.9 149.2 147.1 145.5 144.8 146.8 149.4 150.6 151 149.5 147.8 145.3 142.5 139.5 137.5 137.3 139.2 141.6 145 148.3 151 153.5
-1.7 -1.7 -1.7 -1.7 -1.7 -1.7 -1.7 -1.7 -1.7 -1.7 -1.7 -1.7 -1.7 -1.7 -1.7 -1.7 -1.7 -1.7 -1.7 -1.7 -1.7 -1.7 -1.7 -1.7 -1.7 -1.7 -1.7 -1.7 30.2 50.7 63.9 74.3 84.5 91.3 96.6 98 98.8 99.9 101.1 101.3 101 99.5 97.9 97.7 99.3 102.4 105.5 107.9 110.2 112.4 114.1 115.9 118.5 120.7 123.2 127 134 142.4 149.3 152.3 154.7 155.6 153 150.5 148.9 148 149.2 151.1 152.7 153.6 153.4 152.1 150.7 148.2 146.1 143.6 141.5 141.5 142.6 145 148.2 150.3 152.4
-1.7 -1.7 -1.7 -1.7 -1.7 -1.7 -1.7 -1.7 -1.7 -1.7 -1.7 -1.7 -1.7 -1.7 -1.7 -1.7 -1.7 -1.7 -1.7 -1.7 -1.7 -1.7 -1.7 -1.7 -1.7 -1.7 -1.7 -1.7 1.6 32 44.3 55.5 65.6 75.7 83.7 89.6 93.4 95.5 97.5 98.3 98.1 96.3 94.3 94.1 95.7 99 103.1 105.9 109 111.1 112.9 114.8 117.9 120.7 123.3 128.5 136.7 146.5 154.1 155.8 156.8 157.1 155.1 151.4 150.1 149.6 150.6 152.1 153.8 155.7 156.2 156.1 154.4 152.8 150.8 148.4 145.5 142.8 144.2 145.4 146.5 149.9 151.6
-1.7 -1.7 -1.7 -1.7 -1.7 -1.7 -1.7 -1.7 -1.7 -1.7 -1.7 -1.7 -1.7 -1.7 -1.7 -1.7 -1.7 -1.7 -1.7 -1.7 -1.7 -1.7 -1.7 -1.7 -1.7 -1.7 -1.7 -1.7 5.2 14 26.7 37.4 46.7 54.8 63.9 71.9 80.9 87.3 91.7 92.8 93.9 93.4 91.4 89.1 91.6 94.9 99.4 103.8 106.7 109.2 111.7 114.8 117.5 120.2 123.3 128.3 135.8 144.5 153.9 157.1 156.2 155.7 153.9 151.1 149.3 149 150 151.6 153.9 155.9 157.3 157.7 156.4 154.7 153.1 151 148.5 145.3 145.5 147.3 148.5 149.8 151.3
-1.7 -1.7 -1.7 -1.7 -1.7 -1.7 -1.7 -1.7 -1.7 -1.7 -1.7 -1.7 -1.7 -1.7 -1.7 -1.7 -1.7 -1.7 -1.7 -1.7 -1.7 -1.7 -1.7 -1.7 -1.7 -1.7 -1.7 -1.7 15.7 25.2 19.3 21.1 25.7 34.7 42.7 53.7 63.2 71.9 79.8 84.6 87.5 89.5 89.8 87.8 86.6 88.8 93.6 100.6 104.8 108.1 111 113.7 116.3 118.9 122.1 126 132.3 138.4 144.4 149.8 150.9 151.7 151.4 148.3 146.1 146.2 147.7 149.6 151.9 154.9 156.9 158.5 157.9 156.7 155.1 153.6 151.3 148.9 147.8 148.6 149.1 150.4 151.7
-1.7 -1.7 -1.7 -1.7 -1.7 -1.7 -1.7 -1.7 -1.7 -1.7 -1.7 -1.7 -1.7 -1.7 -1.7 -1.7 -1.7 -1.7 -1.7 -1.7 -1.7 -1.7 -1.7 -1.7 -1.7 -1.7 -1.7 0 1.8 32 44.2 40.1 37.7 32.8 30 36.4 46.7 55 63.6 71.6 78.9 84.5 87 87 84.1 83.2 86 93.5 101.5 106 109.5 112.6 115.2 117.8 120.2 123.5 126.9 131.6 135.6 138.5 140.6 143 143.6 142.7 142 142.5 144 146.2 149.5 153.8 156.6 158.5 158.5 157.8 156.8 154.9 153.5 152 150.4 149.8 150 151 151.5
