UK/data/ns/ns39_OST50GRID_20230518/NS39.asc
ncols 200
nrows 200
xllcorner 230000
yllcorner 690000
cellsize 50
[rows 40 to 79 of 200, columns 0 to 89 of 200]
479.9 464.4 457.8 444.9 421.9 399.8 370 351.1 326.8 304.5 290 276.9 265.4 249.3 241.4 232.2 222.4 210.2 209 192.1 181.1 178 172.1 167.1 159.4 148.5 142.1 134 126.9 121.8 117.6 113.2 109 101.1 95.3 91.6 88.2 84.8 82.9 83 80.7 82 82.8 84.7 87 88.2 91.9 93.2 94.8 97 100.7 104.5 107.1 109 110.5 111.9 111 111.7 112.7 111.3 107.8 105.1 105.6 105.6 104.6 105 105.5 106.5 109.8 111.6 109.5 112.2 112 112.7 113.4 116.2 113.4 114.6 116.9 117.7 117.5 119.4 113.2 96.3 74.1 53.6 31.7 29.8 22.7 15.9
502.2 493.8 487.8 466.9 444.7 426.1 395.5 390.4 369.8 338.2 323.9 305.8 280.7 268 259 248 238.3 231.8 223.5 209.3 195.7 187.2 182.7 179 172.5 163.8 150.2 141.9 138.1 131.5 125.4 124.4 117.8 110.6 104.6 97.6 93.3 90.1 86.8 86.8 81.7 79.4 79.7 78.9 80 81.8 84 84.9 85.7 88 89.3 92.6 95.4 98 100.6 99.7 98.2 98.8 99.8 98.9 96.6 95.6 95.5 95.1 93 94.2 95.3 96.8 97.7 98.4 97.7 97.7 99.9 99.9 100.6 101.5 99.9 99.5 101 100.2 102.4 103.2 97.9 85.3 68.5 49.5 28.7 20.6 13.1 16.1
522.1 521.5 513.2 483.9 464.2 445.8 440.9 416.1 391.1 363.9 343.9 320.2 300.2 290.5 274.6 276.9 261.4 251.6 241.6 229 211.5 200.4 195.5 190.7 181.8 174.3 161.5 153.4 149.6 143.1 136.5 131.9 127.2 120.1 113.6 106.1 101.1 95.6 92.2 89.2 85.6 85.4 83.3 84.8 80.2 77.7 78.5 80.9 81.1 82.3 79.5 81.7 83.7 87 90.1 89.3 88.8 88.5 90.5 90.1 87.5 86.6 86 85 84.9 84.4 85.3 85.7 85.9 86.9 87.1 86 88.1 88.8 89.2 89.2 88.9 88.5 85.8 84.7 85.3 85.2 84.7 72.1 58.9 45.1 23 11.9 28.5 34
542.7 521.2 507.7 491.8 472.1 466.3 456.9 432.6 407.8 386.2 364.4 344.2 336.2 302.8 308 299.8 283.3 267.3 253.4 243.5 227.3 214.2 203.3 195.7 188.4 180.7 173.1 167.7 161.2 154.7 149.4 141.5 134.1 129.6 121.5 115.5 110.4 104.6 99 96.1 87.9 87 88.1 86.6 85.4 83.4 76.1 76.9 77 77.5 76.4 75.2 74.2 75.4 79.2 80.3 83.1 83.5 82.8 82 79.5 79 78.2 76.3 74.6 74.8 76.2 74.9 74.8 75.7 76 78.7 82 78.8 78.3 78 77.6 73.5 71.3 66.5 66.3 65.8 62.8 54.1 40.8 25 22 34.4 45 44.6
561.7 531.8 513.5 498 484.6 480.1 466.8 448.3 425.1 404.3 394.1 371.9 346.9 333.1 334 329.8 309 291.8 265 254.2 237 224.7 216.2 206.8 197.3 190.6 184.6 179 172.4 166.2 165.2 156 146 137.6 129.9 124.7 119.5 111.6 106.4 100.7 92.2 91.8 89.7 88.4 88.7 84.9 83.1 78.3 75.4 74.6 73.6 74.1 74.4 72.7 73.1 73.6 75.8 75.7 74.9 74.2 71.7 71.5 70.5 67.6 64.2 65 64.3 64.7 64.5 64.8 64.9 65.2 69.2 68.5 64.9 63.7 61.4 56.1 49.2 46.7 47.2 45.5 39.1 29.2 30.8 47.2 51.9 57.1 52.6 48.3
559 534.3 517.4 503.6 491.4 482.5 475.7 465.5 444.8 423.3 400.6 376 370.5 369.3 356.7 351.5 328.5 305.3 289 269.3 251.8 233.5 226.8 218.3 208.6 204.3 196.8 190 187 179.8 173 162.5 152 146.6 140 132.5 122.7 115.5 101.7 101.4 102.3 99.7 98.9 96.7 94 93 91 88.1 86.1 87.7 85.6 82.8 82.3 81.7 78.3 77.6 73.7 69.1 67.2 69.9 62.2 62.1 60.5 58.8 59.4 62.8 60.6 59 52 51.4 52.5 51.2 54.7 53.3 48.1 43.8 41.1 37.1 43.2 41 35.6 36.1 44.8 58.3 62.9 71.9 72.8 74.2 67 64.5
560.6 540.6 522.5 508.3 499.8 485.2 477.5 465.5 451.9 431.2 412.4 412.8 398.9 392.6 373.6 359 336.5 314.2 292.9 275.8 260.2 249.6 239.8 229.8 225 216.4 208.1 201.1 194.7 187.6 177.9 168.3 160.3 155.7 150.5 135.6 125.9 114.9 104.9 113.6 113.8 112.9 110.7 108.4 105.7 102.3 99.9 97.6 96.7 96.5 94.6 90.3 91.1 91.1 87.6 88.8 89.8 89.3 88.9 91.6 90.7 75.6 83.9 79.2 83.6 78.7 76.8 72.4 69.8 66.3 63 60.1 50.1 45.1 48.9 57.2 52.6 56.1 63 60.4 59 64.9 68.6 78.5 83.1 90.3 92.1 107.2 109.2 98.6
573.2 550.7 535.8 518 504.8 494 484.5 475.6 463.3 450.1 442.6 433.8 429.4 414.9 390.2 372.9 349 328 303 292.5 278.4 264.2 254.3 245.7 237 228.2 218.3 210 204.7 196.8 186.8 176.2 167.7 158.2 144 128.9 119.4 117.2 123.5 126.9 126.9 126.9 124.1 120.7 117.8 114.8 112.2 109.7 108.1 105.2 103 102.3 99.3 99.6 98.9 98.6 98 99 99.6 99.3 103.9 93.6 91.4 97.1 100.2 96.5 92.8 89.8 85.4 83.3 81.9 78.5 76.5 66.4 73.3 70.4 74.4 75.3 78.8 80.8 88.7 84 91.4 96.3 101.7 103.1 107.7 128.9 124.5 113.1
582.2 567.6 551.5 532.4 516.7 505.6 496.1 488.4 482.9 476 467 455.2 442.3 430.5 406.7 388.8 359 335.9 322.7 317.2 298.6 285 270.6 260.6 251.7 241.2 228.8 218.7 208.6 198.9 191.3 183.7 174.9 161.4 143 132.7 139 127.7 135 140.9 141.3 140.7 140 136.6 132.4 128.8 125.7 123.9 121.9 121.7 118.3 114.2 114.7 115.1 114.4 114.8 111.5 110.2 110.3 111.9 111.1 109.5 105.2 113.1 111 108.1 100.7 105.1 97.9 101.9 98 96.2 93.8 87.7 90.1 83.8 88.4 90.1 92.9 101.6 99.6 104.1 110.1 117.4 116.2 130.2 142.2 140 130.7 110.7
588.3 572.8 558 544 530.6 519.4 508.7 500.6 494.8 489.2 482.2 471.3 461.8 445 422.6 406.4 376.1 354.2 340.4 325.3 310.8 299.1 290.6 273.2 264 249.7 236.4 219.3 207.3 197.8 188.4 180.9 175.2 164.5 141.2 144 142.9 137.4 146.5 152.4 156.9 158.4 156.2 152.5 148.3 146.2 144.6 143.1 139.5 135 130.8 130.7 129.4 128.6 129.8 130 131 124.9 121.6 120.9 121.1 119.3 116.3 120.5 116 111.7 111.1 117.8 110 113.9 112.6 108.7 106.3 106.3 103.2 104.3 106.6 105.4 106.5 111.9 114.2 118.3 122.3 129.4 133.7 154.9 158.4 152.5 138 114.2
588.8 576 562.7 551.1 540 530.7 519.1 510.2 505.4 500.1 494.7 486 474.7 451.9 441.1 432.1 405.7 377.6 362.5 339.5 330 317 302.7 285.9 271.3 255 239.8 222.7 205 193.9 183.8 176.1 171.9 161.6 148.9 152.7 142.9 151.1 162.2 172.7 177.5 177.4 174.4 171.4 167.9 164.2 162.9 159.5 157.6 151.8 148.4 144.5 143.5 141.3 142.7 142.2 139.9 137.3 133.2 130.9 127.7 126.8 121 123.6 120.5 121.8 124.6 125 123.8 125.1 124.6 122 118.9 119.8 119.2 118.6 122.7 120.7 124.6 127.9 131.6 131.6 135.3 143.4 151.7 165.8 168.8 158.5 145.7 131.5
597.1 582 569.6 558.8 551.9 541 526 514.7 509.6 504 500 489.7 476.9 463.8 459.1 437.7 413 392.8 373.9 355.2 342.5 324.1 307.1 290.1 276.4 262.9 239.7 225.3 208 192.7 181.5 175.8 171.6 151.9 159.1 153.6 149 166.4 176.5 186.6 196.1 197 192.6 190 187.9 186.2 187 186.8 179 172.3 165.2 162.1 159.2 157.9 157.8 154.3 150.4 147.1 143.9 139.3 135.7 132.5 131 132.6 134.5 134.6 135.5 133.9 136.2 137.7 138.3 137 135.2 137.4 133.1 135 135.6 136.9 138.1 142.9 149.6 149.9 154.3 156.7 171 173.7 173.4 171.1 164.2 146.8
595 577.8 573.3 564.7 556.2 549.2 532.6 513.4 505 502.4 497.4 487.4 482.5 467.7 459.9 441.1 424.8 401.9 381 367.3 349.6 329.2 310 295.1 276.1 258.7 240.9 224 207.1 191 179.4 171.8 164.5 157.9 162 159.2 167.1 177.9 190.2 200.5 208.1 211.8 209.9 208.7 212.2 215.1 215.1 209.9 196.1 191.2 186.4 181.9 175.8 174.5 170.4 165.3 165 160 155 149.7 147.7 145.1 144.4 147.5 146.4 145.1 146.8 146.4 149.1 152.4 155.2 154.6 154.8 157.4 153.3 151.1 149.6 153.2 151.1 163.9 167.2 167.1 166.2 168.6 172.7 179.9 182 181.7 175.5 153.3
576.8 570 562.9 553.7 532.9 518.8 510.7 502 496.5 495.1 492.3 483.2 474.2 463.9 455.1 444.9 427.5 411.5 397.1 380.9 364 340.6 319.5 305.9 277.6 259.4 241.9 223.6 202.8 186.6 175.1 167.7 161.1 166.3 167.7 171.9 180.7 190.6 204.5 214.6 223.6 225.6 228.5 232.8 241 242 234.1 226.4 217.5 210.6 204.7 197.2 192.8 188.9 185.3 182.3 179.3 174.4 169 163.6 160.9 154.6 159.3 164.4 161.3 162.1 161.6 160.2 162.7 167.1 169.8 170 172.8 173.7 172.2 171.9 170.9 175.5 168.5 177.3 182.8 181.2 180.4 185.3 184.8 188.7 189.6 188.5 183.2 164.8
555.8 551.4 548.5 529.7 512.5 502.4 497.4 493.8 488.9 482.5 480.2 475.3 466.7 458.3 450 437.5 426.8 413.5 399.4 381.3 364.8 346.5 326.9 302.6 278.3 256.9 237.6 220.2 199.7 180.5 170.9 163.1 168.5 173 178.1 187.1 194.2 205.4 222.7 229.9 240.2 246 252.5 260.4 276.9 277.8 262.9 244.6 243.5 230.6 224 218.7 216 210.8 206.3 201.9 196.3 189.7 183.7 176.5 176.1 169.3 188.9 176.3 176.1 178.4 178.5 175.5 181.6 184.1 188.9 188.7 188.4 188.5 191 189.6 188.3 194.9 189.9 189.2 198.3 196.9 198.6 198.1 199.9 200.6 202.3 197.8 185 162.4
548.4 534.7 526 514.2 501.6 494.8 489.2 484.6 478.7 471.4 465.2 464.2 460.2 449.7 438.3 426.6 421.3 412.6 398.3 381.5 366.3 351.1 333.7 297.8 275.4 253.5 234.2 209.1 191.5 176.5 166.1 179.2 180.9 183.9 189.1 196.7 208.7 219.4 232.3 248.6 261.2 267 277 291.1 297.7 297.9 287.4 279.1 265.8 256.1 247.3 244.8 241 235.5 230.8 225 217.8 211.6 205.3 197 193.8 185.6 195.5 191.7 192.5 202.5 197.8 195.9 199.1 203.6 208.1 208.7 208.9 209.1 210.5 215.3 207.7 217.1 218 205.2 216.5 216.4 216.9 215.6 218.6 218.3 214.8 207.5 195.4 174.3
537 524.4 517.2 506.5 495.8 487.6 479.4 472.8 465.9 458.1 453.9 449 444.5 434.6 420.6 413.1 411.1 405.3 392.9 379 361.3 349.3 332.3 294.3 269.7 247.5 223 203.5 185 172.2 183.3 187.6 191.5 189.4 196.2 204.9 220.3 230.2 244.2 264.5 277.7 287.6 306.4 316.4 319.5 321.2 311.2 306.9 295.2 286.5 282.3 277.1 269.9 261.8 260.7 251.3 243 238.1 230.3 222.4 209.6 194.2 218.1 207.5 213.4 226 219.8 213.7 215.2 221.8 226 228.7 229.1 233.4 238.2 236.5 232.2 235.1 238.7 226.1 230.8 239.4 240.7 237 237.8 230.3 221.3 208.2 187.1 161.5
523.2 514.6 506.6 494.3 488.2 479 468.1 461.3 453.2 445.5 440.6 434.9 426.8 417.7 402.5 394.2 394.7 390.2 381.3 368.1 355.1 350.2 328.6 292.7 261.4 237.9 217.6 196.8 176 183.1 188.1 193.4 194.5 192.8 202 213.8 226.5 239.6 259.6 276.5 290.9 311 330.7 340.2 343.1 343.5 343.9 337.8 326.2 319.6 313.6 312.3 306.8 307.1 289.9 282.2 278.3 275.8 267.2 248.3 221.9 199.4 224.8 231.1 240.1 245.2 239.3 233.8 237 246.9 252.4 252.7 255.9 258 261 257.2 255 249.4 254 243.4 251.9 257.6 251.1 250.8 250 238.8 220.4 207 190.4 167.8
513.8 505.3 497 488.5 478.2 467.9 456.9 445.7 438.9 432.4 428.8 415.4 408.4 401.8 388 378.9 376.5 368.7 357.4 350.7 349.2 341.4 314.2 281.3 253.4 230.9 211.7 191.8 176.2 184.5 190.1 195.6 196.9 200.4 211.4 223.3 237.7 255 277 291.1 312 338.1 352.7 363.4 368.8 377.3 384.9 372.4 368.8 355 358 348.6 339.6 334.2 325.5 323.4 328.9 308.3 285.8 263.9 238.1 214.3 244.6 263.2 263.7 265.5 258.6 256.8 263.6 267.6 275.2 277.3 278.2 279.9 283.4 281.9 276.4 266.6 266.3 256.8 268.2 267.9 261.2 250.8 244.6 233.8 220.5 206.8 195.3 176.9
502.7 497.9 490.8 483 472.8 460.8 446.7 435.4 425.8 419.3 413.9 399.3 392.2 381.6 372.4 364.9 358.7 354.4 345.7 343.5 337.8 322.2 297.3 268.3 247.5 225.7 207 188 179.5 187.2 191.1 198.1 198.6 207.7 220 233.4 249.2 266.9 289.9 312.6 334.4 360.5 378.4 397.4 404.1 417.4 411.5 408.8 400.4 394.5 394.3 388.4 387.1 379.3 374.1 367.8 348.4 316.3 291.5 271.8 251.1 227.7 242.4 280.7 281.2 283.4 275.7 278.9 286.7 292.9 303 302.4 300.4 301.8 304.6 302 295.1 284.2 284.8 274.1 283.2 281.6 274.8 262.9 247.3 239.5 230.8 212.3 196.8 169.2
494.8 491.2 486 478.2 468.2 454.6 439.9 424.8 411.7 399.7 393.7 379.9 369.1 359.9 351.8 345.7 341.3 339.4 333.3 339.8 315 297.7 278.1 256.8 239 216.8 200.6 190.9 183.9 183.3 190.6 196.6 202.2 214.9 228.9 244.7 261.8 281.9 306 330.8 357.2 384 406.6 424.5 434.1 437.6 431.4 438.8 444.8 438.1 432.3 433.9 423.7 417.6 405.8 375.6 346.6 322.5 305.5 289.4 267.7 246.7 244.6 284 304.3 306.7 295.7 301.2 307.5 318.8 326.4 324.7 319.8 321.9 318.7 315.9 309.7 293.3 299.7 292.5 296.1 292.4 285.2 271.1 255.9 243 232.5 211.8 191.8 172.3
486.7 482.8 477.8 469.8 460.7 446.3 431.2 414.1 392.7 381 374.2 361.1 346.6 335.9 327.4 324.4 327.1 325.3 317.1 303.2 294.5 277 262.8 244.9 227.9 211.2 197.9 190.8 181.6 190.6 192.4 198.7 208.9 220.7 236 255.7 277.6 298.6 323.7 351.9 381.8 409.8 433.6 449.5 451.1 457 467.4 471.8 468.9 465.2 465 457.8 450.5 442.8 425.6 389.2 361.2 337.5 316.5 299.6 282.3 249.7 262 294.6 325.2 322.7 314.9 322.3 334.2 346.2 352.7 347.1 343.8 340.9 340.2 335.1 324.6 310.1 303 299.9 299.6 299.8 289.8 278.8 260.7 246 234.2 221.7 196.2 169.7
475.7 472 467.1 459.7 448.6 435.2 418.8 399.4 379.8 365 356.6 346.3 331.2 313.8 306.3 302.5 310.6 307.3 294.8 279.9 271.4 262.6 245.6 228.9 216.1 204.9 196.7 190.5 189.7 191.4 196.3 204.9 217 230.4 248.4 268 290.3 315.9 341.4 375.3 404.7 431.4 455.4 468.2 481 491.2 499.3 491.1 492.9 493.4 484.4 476.8 471 457.4 430.2 403.7 383.4 364.7 339.9 309.6 282.7 260.6 279.8 319.3 344.5 344.5 336.7 350.8 366.4 372.6 369.3 372.7 366.9 363.9 358.9 349.2 330.4 323.2 314.9 309.1 310.5 311.6 299.1 290.6 274.6 257.1 248.4 233.9 218.4 191.8
463.8 459.6 455.4 448.3 437.2 420.1 401.2 382.2 367.3 352 337.1 326.5 310.5 298 289 286.3 289.7 278.3 268.4 256.4 245.2 241.1 231.6 218.6 206.7 197.2 189.6 190.9 195.8 198.2 202.3 212.4 225.3 242.1 263.7 283.1 307.6 331.9 362.8 394.1 421.9 454.5 472.7 496.9 509.9 525.8 526.7 520.4 515.6 510.9 501.3 496.6 488.7 477 447.9 407.4 382.1 361.2 335.9 307 282.7 290.2 314.4 345.5 370.9 368.6 365.9 376.3 390.1 387.7 389.9 386.6 383.7 377.4 367.4 360.2 348.1 336.2 321.6 316.3 320.5 321.2 312.6 298.7 287 267.9 253.6 239.2 221.4 197.3
445.8 445.4 443 437.1 424.5 403.9 385.5 366.8 354.1 336.3 319.1 311.4 292.1 279.1 273.5 270.6 266.2 257.1 246.8 238.4 231.9 226.7 218.2 208 199.6 193.1 191.2 197.6 200.8 203.3 208.9 221 234.6 252.1 276 296.6 327 349.1 384.2 414.3 446.2 469.4 496 523.2 545 547.7 539.2 541.1 537.2 531 520.1 512.9 497.3 467 424.2 395.5 369.3 347.8 323 304.4 294.7 320.9 347.6 380.6 397.7 390.2 396.7 405.8 408.9 406.7 404.4 405.4 401 389.9 379.7 376.5 366.7 344.7 328 323.7 325.9 324.5 318.9 306.5 296.1 277.6 257.3 241.3 219.8 195.2
426.6 430 427.7 421.9 410.7 387.5 366.3 351.2 338.5 320.5 299.9 286.9 274.6 261.1 256 253 248.8 238.6 229.7 224.2 219.5 215.5 209.1 201.6 197 192.1 194.1 198.2 207 212.7 214.9 226.4 242.5 261.9 283.6 311 336.2 368.8 403.1 433.8 466.6 488.8 522.6 551.2 561.7 559.8 563 560.4 554.6 545.5 538.3 522 493.6 453.6 418 388.4 362 343.9 324.5 310.1 330 346 380.4 410.5 422.5 427 433.7 429.4 432.1 431.5 430.8 424.1 414.8 402.5 392.4 385.7 370.6 349.8 336.5 334.5 332.3 331 323.6 313.4 304 287.4 266.4 250.8 230.3 201.7
410.9 413.1 407.8 400.4 389.8 366.3 349.8 337.2 321.5 302.9 283.2 264.8 253.8 248.8 240.9 238 233.6 224.9 220.7 215.2 213.1 205.8 200.6 198.7 195.2 196.6 203 212.9 222.1 226.7 228.3 232.1 251.5 270.4 300.1 326.1 355.9 388.3 419.9 452.7 479.3 507.6 542.6 566.9 580.3 585.3 583.8 581.9 576.3 570.7 558.9 529.7 495.5 470.3 434.4 399 373.3 354.6 344.1 355.2 362.8 382.8 411.7 441.8 453.4 461 461.5 460.4 455.8 453.1 443.2 438.2 425.3 415.9 410.1 395.8 383.1 365.1 349.7 341.3 338.7 337.3 328.8 319 308.3 293.7 273.5 256.2 239.9 222.1
385.4 389.7 388.8 380.4 367.3 350.6 334 320.7 306.3 289.5 271.3 254.6 242.9 238 233.6 228.3 223.6 218.9 214.4 210.8 208.6 204.7 198 197.9 204.4 212.1 221.6 230.1 239.4 242.3 246.2 249.8 258.5 290.9 320.1 356 379.6 409.4 443.5 472.9 500.3 527.2 558.1 590.4 604.9 600.1 598.7 596.9 593.7 586.2 572.7 528.6 495 466 441.9 424.8 395 371.8 372.5 382.6 393.2 413.7 441.3 473.5 478.2 492.7 491.8 484.3 472.6 471.5 461 454.3 441.7 426.1 421.9 405.8 400.5 383.3 364.7 356.2 344.7 338.4 332.4 321.8 310.8 296.3 280.2 258 248.8 224.1
360.2 365.5 364.2 358.9 344.1 329.7 316.1 304 288.2 273.9 259.2 245.6 236.4 231.4 228.6 224.3 219.6 213.8 210.3 205.7 203.1 204.1 207.5 214.4 221.7 231.1 243 252.1 260.9 265.6 264.8 267.3 260.7 295.9 325 357.7 392 432.7 467.1 494.3 520.4 550.8 582.8 612 617.1 616.6 617.6 610.6 605.9 600.1 589.1 547.7 519.8 484.1 462.1 439.4 410.8 396.6 397.1 407.6 425 447 473.4 493.5 519.8 521.1 508.7 499.3 488.8 482.7 471.7 462.3 449.7 440.2 431.2 418.9 403.5 390.5 373.1 365.3 347.4 337.2 328.6 320.5 311.7 299.8 286.5 271.1 260.6 235.7
339.8 342.8 344.4 339.2 327.5 312.6 301.7 288.4 273.2 262.2 247.5 236.8 231.1 227.4 223.9 220.3 217.6 211.6 208.7 209.6 212.5 217 223.3 232.9 242.3 253.6 265.1 277 285.2 287.7 286.3 290.6 286.9 298.8 331.2 364.4 398.9 437.1 481.9 513.1 543.2 573.6 601.9 623.9 627.8 631.7 629.1 622 617.4 616.4 607.1 584.6 541.1 501.2 472.2 447.7 422.9 424.2 424.2 435.8 462.1 483.4 503.5 526.1 541.5 532.4 518.7 505.4 497.9 494 479.9 471.6 458.6 448.3 434.1 425 406.3 390.5 377.8 366.8 350.3 337.8 329.6 319.8 315.5 297.2 297.9 284.8 262.4 240.8
323.5 322.2 324.1 317.6 308.7 298.2 289.2 275.9 262.2 249.1 238.7 231.3 227.8 226.3 224.6 221.7 215.1 216.9 220.7 226.2 231.8 234 243 254.1 265 276.2 287.3 302.4 309.4 319.9 325.2 320.5 314.8 299.9 336 366.4 401.3 444.4 489.6 532.8 564.5 596.1 622.6 633.5 639.4 638.7 638.1 633 627.5 621.4 612.2 599.4 563.7 525.1 492.9 467.4 446.8 447 451.5 473.7 498.1 522.7 533.9 545.8 552.3 538.9 526.5 516.3 511.6 502.6 486.9 472.9 458.2 450.6 429.7 421.1 405 390 383.4 370.9 353.5 342.3 331.2 321.3 319.1 311.2 301.1 287.4 270.3 248.5
323.7 304.6 304.4 298.1 293.2 286.1 275.4 262.8 248.6 240.2 233.2 227.7 225 225.6 226.8 224.2 227.9 233.5 239.1 244.8 251.5 253.8 263.7 275.7 288 298.3 310.7 329.2 340.8 351.8 359.5 349.8 328.7 308.5 341.7 374.4 405 448.7 493.5 533.2 578.7 612.8 635.1 645 649.8 648.2 643.1 635.5 628 622.8 615.9 608.8 597.7 565.8 520.2 484.5 465.7 470.7 491.4 510.6 526.7 541 551.3 552.8 558.7 546.7 532 525.8 519.3 504.1 490.5 472.3 460.3 453.7 437 419.4 408.5 396 390.6 378.1 358.6 343.3 335.8 330 324.3 316.9 304.6 291.8 274.9 247.8
320 302.7 288.6 284.7 279.7 273.3 263.4 252.3 241.4 231.4 229.1 223.7 224.1 227.9 234.1 241.5 246.9 253.8 259.4 262.5 265.9 274.2 285.1 299.1 309.9 327 344.8 355.1 370.2 382.5 384.1 364.6 347.2 339.5 352.4 381.9 414.6 454.9 499.6 543.3 583.8 617.1 644.4 649.5 652 649.3 641.7 634 628.6 622.8 617.7 612.9 606.6 574.5 534.5 500.9 496.6 498.5 524.3 543.4 551 558.7 565.7 560 555.8 546.4 540.6 532.5 521.8 508.8 491.7 473.9 467.9 459.7 438.7 422.2 409.3 400.8 391.9 380.5 362.4 347.7 343.2 337.7 330.7 320 309.7 298.2 282.5 258.6
316.4 299.6 285.4 273.8 268.2 263.5 254.9 244.2 232.7 224 221.4 224.5 227.6 235.7 244.6 256.2 265.7 273.6 279.7 285.4 288.3 297.8 309.9 322.9 337.7 356.3 369 381.2 400.9 409.9 406.7 388.6 379.4 383.6 380 401.3 429.2 470.4 512.2 549.1 586.9 630.5 654.1 652.6 651.8 647.7 638.7 631.6 624.3 618.3 614.8 612.5 612.3 596.2 559.4 528 531.1 541.5 561.2 568.5 565.5 570.2 573.5 568.9 562.6 551.7 541.1 530 520.8 510.3 501.8 483.4 478.1 465 448 429.3 412.9 401.7 388.2 373.2 363.1 351.2 349 342.2 337.5 326.3 319.3 308.4 295.8 276.2
311.6 296.4 282.4 269 259.1 253.8 246.6 236.3 226 219.6 222.1 225 231.3 243.3 261.3 273.5 283.5 294.8 300.8 311.2 317.9 325.5 333.4 350 365.5 380.2 391.8 405.1 427.1 443.3 440.7 430.7 420 417.3 403.6 421 441.8 480.9 520.2 555.1 599.6 644.8 655.5 653.2 650.5 643.5 630.9 623.5 617.6 613.4 611.9 608.9 608.8 607.1 581.6 570.1 574.4 578.7 584 588.7 580.2 583.5 584.7 581.9 571.1 560 551.4 542.1 533.5 523.4 512.9 500.3 491.6 478.1 463 443.7 422.8 410.8 396.3 380.6 370.5 360.8 354.7 348.3 345 338.6 329.4 320.4 310.6 289.5
305.8 291.7 278.6 267.7 252.9 243 239 230.4 221.9 217.4 223.2 224.4 235.5 253.5 274.1 292.8 304.7 311.8 323.6 338.8 344 349.4 357.7 380.2 391.4 403.9 416.4 437.2 456.2 474.7 485.6 469.3 457.1 442.8 430.6 441.4 462.9 500.6 537 571.2 615.7 646.1 651.7 649.1 642.6 635.1 623.2 614.1 608.2 603.3 602.4 600.9 601.9 602.5 600.9 601.9 597.1 595.9 593.7 596.8 593.6 592 593.6 591.9 580.8 568.4 557.2 550.5 544.6 533.9 521.1 511.4 501.9 487.9 473.3 450.8 428.8 423.5 405.3 391.9 387.6 375 364.5 357.7 353.8 346.9 337.1 329 320.8 295.2
296.9 285.2 272.1 261.2 249.4 241.1 232.6 227.7 222.4 215.6 220.2 221.8 241.4 266 278.8 299 307.2 329.1 343.6 352.7 365.6 371.5 384.6 408.8 418.5 433.8 449.1 466.9 483.4 505.8 517.7 511.9 494.7 479.4 460.8 464.9 489.2 512.3 549.4 591.3 629.3 647.9 650 643.8 634.4 625.4 615.3 604.6 598.4 593.3 591.4 589.8 589.2 590.2 591.9 601.6 601 599.7 594.4 600.9 598.6 595.3 599.1 601 589.7 578.7 567.6 555.7 547.6 537.6 523.8 517.1 510.8 488 476.3 458.8 441.2 424.8 414.3 408.5 400.7 389.5 380 368.7 359.2 351.1 342.9 335.4 320.7 290.5
287 277.5 265.6 255.1 246 238.6 228.4 221.5 218.4 214.5 211.9 218.2 241.6 262.2 274.7 285.8 304.6 328.5 348.7 372.2 388 390.2 403.2 419.3 429.4 447.1 466.2 484.6 501.5 518.6 529.7 540.9 543 522 494.8 495.1 515.1 537.6 570.5 608.5 643 648.7 644.5 638.9 625.9 614.4 603.5 593.1 586 582.1 579 576.7 576.7 578.1 579 590.5 598 598.4 593.9 597.3 600.1 597.7 601 601.5 598.3 587.1 575.4 562.8 552.4 540.1 529.2 521.6 510.1 490.3 473.2 458 440.4 431.9 424.4 422.6 412.3 401.1 391.7 375.7 364.1 356.2 348.4 340.8 331.3 313.6
276.5 268.7 259.5 249 241.1 233.3 225.2 220.2 214.4 211.5 212.5 213.3 234.9 252.4 266.5 278.9 293.9 323.4 346.7 373.9 389.3 399.1 408.1 422.8 437.4 453.7 472.5 493.2 508.5 523.6 534.7 550.1 559.7 544.9 536 532.7 543.4 568.2 597.5 625.1 637.2 639.8 636.6 629.4 613.2 598.6 586.5 577 573.5 569.8 564.3 559.8 560.3 561.1 564.3 574.6 584.3 590.6 588.4 590.1 595.5 599.5 601.9 602.4 601 592.9 582.5 571.5 560.3 549.8 535.4 524.6 512.3 497.1 480.7 464.3 451.1 440.1 438.5 430.7 423.1 412.8 398.7 387.4 374.2 362.1 354.4 347.5 334.7 316.6
268.3 261.2 254.6 244.5 235.7 227.8 222.3 219 211.3 208.3 211.6 211.7 223.8 241.3 253 268.9 288.5 316.6 340.7 365.8 383.4 395.6 406.6 417.1 437.5 454.9 470.2 491.7 506 518.6 533.5 550 563.5 572.8 575.2 576.8 578.7 591.4 610.4 620.2 630.9 634.5 628.6 614.8 599.4 587 575 567.4 561.5 557.2 549.9 543.6 542.4 544.7 545.4 555.9 565.6 571.7 580.6 584.1 594.3 597.4 601 608.5 606 600.3 591.9 582.6 567.8 553.2 541.5 533.1 520.6 509.8 495 478 460.7 454.7 450.3 442.5 431.2 421.7 412.1 398.5 381.9 368.1 361.2 354.6 336.4 308.2
