WholeMapElevations/data/sx/sx08_OST50GRID_20230518/SX08.asc
ncols 200
nrows 200
xllcorner 200000
yllcorner 80000
cellsize 50
[rows 39 to 77 of 200, columns 88 to 175 of 200]
-2 -2 -2 -2 -2 13.6 52.1 76 86.4 91.2 93.3 94.7 95.6 95.9 97 96.9 96.8 96.6 96.4 95.6 94.8 94.9 95.8 94.8 94 92 92.6 94.3 94.1 94.6 94.3 93.9 94.4 96.1 98.4 100.9 103.3 106.2 108.2 110.3 112 113.8 115.5 117.3 119.5 121.1 123.3 125.7 128.3 130.6 132.7 136.6 143.6 148.5 151.9 156.7 163.5 168.6 173.3 176.3 179.3 182.4 185.8 190.1 194 199.5 204.7 208.9 210.6 209.8 207.7 204.7 202.1 200.3 197.3 189.2 182.7 198.3 201.9 205.7 208.5 210.2 210.2 208.2 201 202.5 213 221.3
-2 -2 -2 -2 -2 -2 2.7 81.3 89.3 91.3 92.5 94 95 96.2 97.6 98.4 98.3 98.1 97.8 97.1 96.2 95.9 96.6 96 94.6 93.1 94.1 96.8 96.8 96.4 95.7 95.4 95.6 97 99.1 101.9 105.2 107.9 109.6 111.5 113.2 114.9 116.6 118.6 120.8 122.8 125.1 127.5 130 132.5 135.3 139.5 146.1 150.4 154.3 160.3 165.9 171.7 176 179.5 182.9 186.9 191 197.2 203.1 208.5 213.7 217.1 218.6 218.3 216.6 214.3 211.4 209.6 208.7 202.3 203.3 205.9 209.7 213.1 217.6 219.4 220 218.1 213.7 204.1 216.1 226.2
-2 -2 -2 -2 -2 -2 70.2 83.3 86.8 90 92.4 93.7 95.1 96.4 97.9 99.5 100.1 100.1 99.5 98 96.8 96.5 97.1 96.7 95.4 94.6 95.1 97.1 98.1 97.7 97.1 97 97 98 100 103 106 108.9 110.8 112.7 114.4 116.1 117.8 119.9 122 124.2 126.7 129.2 131.7 134.1 137.2 141.6 146.7 151.6 156.8 162.4 168.5 174 178.1 181.8 186.5 191.7 198.8 205.2 211.6 216.9 221.9 223.8 225.3 225.3 223.9 222.6 220.8 218.1 215.2 212.4 212.1 215 217.8 221.6 225.7 227.4 229.3 228.4 225 218.7 217.9 229.8
-2 -2 -2 -2 -2 -2 68.1 81.4 84.6 88.5 91.8 93.9 95.3 96.6 98.1 100.5 101.6 101.6 100.2 98.8 97.5 97.2 97.2 97.4 96.7 96.2 96.7 97.4 98.6 98.1 98.3 98.6 98.6 99.3 100.8 103.7 106.7 109.2 111.1 113.1 115.1 117 118.9 121.1 123.3 125.3 127.9 130.6 133.2 135.8 139.3 143.2 148.2 153.4 158 163.5 169.9 175.2 180.6 185.3 192.4 199.8 205.8 211.9 217.9 222.6 226.1 228.3 229.2 230.3 230.1 229.2 228 226.6 223.1 221.2 220.4 222.6 226.4 230.1 234 237 238.8 238 235.1 229.6 220.3 232.2
-2 -2 -2 -2 -2 -2 64.8 78.8 83.8 87.5 90.9 93.5 95.6 96.7 99.1 101.5 102.6 102.2 100.7 99.2 98 97.8 97.8 97.9 97.9 98.1 98.7 98.7 98.9 99.2 99.5 99.8 100.1 101.1 102.4 104.7 107.4 109.5 111.3 113.6 116 118 120 122.3 124.6 126.5 129 131.7 134.3 137.1 140.5 144 149.3 155.5 160.4 165.5 171.6 177.8 184.7 191.9 198.8 204.7 210.4 215.7 221 225.2 228.2 230.7 232.2 233.9 234.5 234.5 233.6 232.3 230.2 228.9 228.5 231.2 234.8 238.6 242.2 245 246.4 245.9 243.7 239.4 235.7 234.3
-2 -2 -2 -2 36.2 54.6 71.2 78.1 83.5 86.6 89.5 92.3 95 97.2 99.9 102.1 102.5 101.7 100.8 99.3 98.5 98.4 98.4 98.8 99.3 100.1 100.5 100.1 99.8 100.1 100.4 100.9 101.6 103 104.4 105.8 108 110.2 112.3 114.6 116.8 119 121.3 123.6 125.9 128 130.3 132.8 135.3 138.4 141.8 145.2 151.6 157.7 163.1 168.7 175.4 183 190.4 197 202.6 208.1 213.5 218.3 223.5 227.2 230.7 233.2 235.4 237.1 238.6 239 239.1 238 237.5 237.8 237.9 239.5 242.6 246.4 249.4 251.8 253.2 252.9 251.2 247.6 243.5 243.3
-2 -2 -2 40.3 57 67.2 74 78.7 83.4 86.4 89.5 92.9 95.5 97.7 99.8 101.4 102 101.2 100.3 99.5 99.1 99 99.4 99.7 100 101.2 101.4 101 100.7 101.1 101.7 102.2 103.4 104.8 106.2 107.6 109.8 111.8 113.7 115.8 118.1 120.4 122.7 124.9 127.2 129.5 131.9 134.4 136.9 139.8 143.2 147.1 153.7 161.1 167 174.2 181.5 187.7 194.6 200.8 206.1 211.5 216.4 221.1 225.7 229.3 232.8 236.1 238.6 240.3 241.9 242.7 243 243.6 243.5 244.3 245.6 247.4 249.8 253.1 256.2 258.5 259.3 259.4 258.2 255.7 251.6 250.8
-2 -2 -2 23.1 48.2 66.4 72.7 77.8 82.8 87 90.3 93.4 95.9 98.3 99.6 100.8 101.4 101.3 100.4 99.7 99.6 99.7 100.1 100.4 100.7 101.4 101.8 101.7 101.7 102.5 103.1 103.6 105.2 106.6 108 109.6 111.5 113.4 115.2 117.4 119.7 122 124.3 126.6 128.8 131.1 133.4 136 138.5 141.6 144.9 148.7 157.5 166.2 173.2 182 185.7 191.8 198.4 204.1 209.3 214.3 218.6 223.1 227.9 231.5 235.1 238.6 241.3 243.2 245 246.6 247.4 247.8 249.2 250.3 251.2 253.1 255.9 259.5 262.7 264.4 265.8 265.7 265.3 263.3 260.1 258.5
-2 -2 -2 28.4 52.3 56.7 62.1 73.4 83.4 88.6 91.1 93.4 95.4 97.6 99.1 100.2 100.7 100.7 100.5 100.1 100.1 100.3 100.8 101.2 101.5 101.8 102.1 102.4 102.7 103.1 104.1 105.3 107 108.5 110.1 111.6 113.1 114.8 116.4 118.9 121.3 123.6 125.9 128.2 130.5 132.8 135.2 137.5 140 143.4 147.1 151.6 162 170.7 177.6 185.2 188.1 194.4 200.4 206.4 211.6 216.5 220.6 225.6 230 233.7 237.2 240.8 243.8 245.9 248 249.9 251.4 252.6 254.2 255.7 256.6 258.7 261.6 264.8 267.6 269.7 270.8 271.4 270.8 269.4 266.9 267
-2 -2 -2 31.3 33.6 35.2 43.1 62.6 81.4 78.7 90.2 92.7 95.2 97.2 98.8 99.9 100.2 100.2 100.7 101.3 101.4 101.6 102.1 102.7 102.9 103 103.3 103.5 103.8 104.1 105.1 106.8 108.7 110.3 111.8 113.3 114.8 116.4 118.5 120.6 123 125.3 127.6 129.9 132.3 134.6 137 139.3 142 145.8 149.8 154.3 165.7 173.4 180 186.9 191.2 197.9 202.8 208.1 213.4 218.4 222.7 227.3 231.8 235.7 239.3 242.8 246.2 248.6 251.2 253.1 254.7 256.3 258 259.6 261.7 263.9 266.7 269.1 271.7 273.4 274.9 276.1 275.8 274.9 273.3 273.9
-2 -2 -2 -2 -2 -2 -2 1.7 2.7 52.1 86.8 93.5 95.2 97 98.7 99.6 99.9 100.8 101.3 102.1 102.9 103.6 104.3 105 104.9 104.7 104.6 104.6 104.8 105.2 106.3 108.2 110.1 111.8 113.3 114.8 116.3 118.2 120.5 122.6 125 127.3 129.5 131.8 134.2 136.6 139 141.5 144.7 149 154 159.1 168.7 175.6 182 188.6 194.8 199.9 205.1 210.6 215.6 220.4 225 229.5 233.7 237.7 241.3 244.8 248.2 251.7 254.4 256.7 258.4 259.9 261.6 263.7 266.7 268.8 270.5 272.8 274.9 277 278.5 279.8 280.1 279.8 279.7 279.6
-2 -2 -2 -2 -2 -2 -2 -2 -2 23.1 74.8 84.3 90.8 95.8 97.8 99.2 100.2 101.2 102 102.8 103.8 105.2 106.1 107.3 106.8 106.4 106.3 106.1 106 106.5 107.9 109.7 111.5 113.3 114.8 116.3 118.1 120.1 122.3 124.6 126.9 129.2 131.4 133.7 136 138.3 140.7 144 147.5 152.1 158.4 164.7 171 177.4 183.7 190.1 196.5 201.9 207.5 213.1 217.7 222.2 227.1 231.6 236.1 239.7 243.4 247.2 251.1 254.7 257.6 260.1 262.4 264 265.8 267.6 269.6 272 273.6 275.9 277.9 279.9 281.9 283.2 283.8 284.3 284.6 284.6
-2 -2 -2 -2 -2 -2 -2 -2 -2 -2 2.7 6.4 87.7 94.8 98.2 99.5 100.6 101.6 102.6 103.4 104.8 106.2 107.5 108 107.5 107.2 107 107.1 107.2 108.1 109.7 111.3 113.1 114.7 116.3 118 119.8 121.8 124 126.1 128.3 130.6 132.8 135.2 137.5 140 143.2 146.6 150.5 155.6 160.8 167.4 173.6 179.7 185.8 192.6 198.9 204.5 210.3 215.1 219.6 224 229 233.6 237.8 242.5 246.2 250.2 253.9 257.1 260.1 262.7 265.4 267.8 269.2 270.8 272.5 274.3 276.2 278.4 280.3 282.3 284.7 286.9 288 288.4 288.8 289.2
-2 -2 -2 -2 -2 -2 -2 -2 -2 -2 -2 1.2 79.1 90.7 94.9 98.9 100.4 101.6 102.4 103.6 104.9 106.2 107.6 108.1 108 108 108.1 108.3 108.5 109.9 111.5 113.1 114.7 116.3 117.8 119.6 121.5 123.4 125.4 127.6 129.8 131.9 134.2 136.6 139.1 142.2 145.4 149.5 153.5 158.6 163.8 170.2 176.4 182.5 188.7 195.5 201.6 207.4 212.5 217 221.5 226.2 231 235.3 239.4 244 248.8 252.5 256.2 259.4 262.4 265.1 267.9 270 271.2 272.9 274.7 276.5 278.5 280.8 282.8 284.9 287.6 290.2 292 292.4 292.6 292.9
-2 -2 -2 -2 -2 -2 -2 -2 -2 -2 -2 -2 0.9 2.7 66.1 99 100.2 100.9 101.8 103.1 104.4 105.7 107 108.7 108.6 108.5 109.1 109.5 110.1 111.7 113.3 114.8 116.4 117.8 119.3 121.2 123.1 125.1 127.1 129.1 131.2 133.4 135.7 138.2 140.8 144.1 147.3 151.5 155.9 160.8 166.8 173.1 179.2 185.5 191.7 198 204.2 209.8 214.4 218.9 223.4 227.9 232.2 236.3 240.7 245.8 250.4 254.6 258.2 261.3 264.4 266.9 269.7 271.8 273 274.8 276.9 278.7 280.8 283 285.3 287.6 290 292 293.6 294.6 295.3 296
-2 -2 -2 -2 -2 -2 -2 -2 -2 -2 -2 -2 0 2.7 44.7 98.6 100.1 100.7 101.5 102.6 103.8 105.1 106.9 109.2 109.1 109 109.5 110.1 111.5 113.1 114.7 116.2 117.7 119.1 121 122.9 124.8 126.8 128.7 130.8 132.9 135.1 137.2 139.9 142.6 145.9 149.3 153.4 157.6 162.2 167.9 174.9 181.5 187.7 194 200.2 206.5 211.9 216.4 220.8 225.2 229.5 233.3 237.3 242.5 248.2 252.6 256.4 259.5 262.6 265.8 268.8 271.1 273.3 274.7 276.8 279.1 281 283 285.2 287.7 289.7 291.4 293 294.7 295.9 296.9 298.5
-2 -2 -2 -2 -2 -2 -2 -2 -2 -2 -2 -2 0.9 29.1 61.7 98.3 99.9 100.5 101.4 102.5 103.6 104.7 107.3 109.6 109.4 109.3 109.7 110.3 112.2 114.2 115.9 117.5 119.1 120.7 122.6 124.6 126.5 128.5 130.4 132.4 134.7 136.7 138.7 141.3 144.6 148 151.5 155.3 159.2 163.3 168.8 176.4 183.5 190 196.2 202.1 207.8 212.9 217.4 221.9 226.8 231.3 235.3 239.5 244.8 249.6 253.8 257.5 260.9 263.8 267 269.8 271.9 274.1 276.1 278.3 280.9 283.1 285 286.3 288.6 290.5 292.2 294 295.7 297.1 298.6 299.9
-2 -2 -2 -2 -2 -2 -2 -2 -2 -2 -2 -2 5.8 62.4 85.8 96.8 99.4 100.3 101.4 102.8 103.9 105.1 108 109.6 109.5 109.3 109.5 110.9 112.7 114.9 116.8 118.6 120.5 122.4 124.3 126.3 128.2 130.1 132.1 134.2 136.5 138.4 140.5 143.5 146.9 150.4 154 157.8 161.7 165.7 169.9 177.4 185 191.7 197.3 203 208.7 213.4 218 223.1 228.3 233.1 237.3 241.4 246.4 250.8 255.1 258.9 262.3 265.3 267.8 270.4 272.7 274.9 276.9 279.4 282.4 284.6 285.9 287.1 289.3 291.2 292.9 294.5 296.1 297.8 299.4 300.7
-2 -2 -2 -2 -2 -2 -2 -2 -2 -2 -2 -2 23.1 71.6 65 98.5 99.6 100.5 101.7 102.9 104.2 105.7 108.8 109.4 109.1 108.9 109.3 111.1 113.3 115.4 118 120 122.1 123.9 125.8 127.6 129.4 131.3 133.3 136 138.7 140.6 142.8 146 149.4 153 156.6 160.7 164.8 168.5 172.5 178.3 186.3 192.4 197.8 203.5 209.1 214.3 219.4 224.6 229.7 234.6 238.8 243.1 247.5 251.5 255.4 259.2 262.6 265.3 267.9 270.6 273.1 275 277 279.7 283.1 285.4 286.7 288 289.9 291.6 293.3 294.8 296.4 298 299.7 301
-2 -2 -2 -2 -2 -2 -2 -2 -2 -2 -2 2.6 37 54.7 77.8 99.6 100.8 101.4 102.3 103.6 104.9 106.8 108.8 107.9 108.2 108.3 109 111.2 113.4 116.1 119 121.2 123.1 124.9 126.8 128.6 130.4 132.3 135.1 137.8 140.2 142.3 145.4 148.6 152 155.6 159.6 163.8 168 172.1 176.4 181.4 187.5 193.1 198.4 203.9 209.8 215.6 221 226.2 231.3 235.9 240 244.3 247.8 251.3 255.3 258.8 261.9 264.8 267.8 270.7 273.3 275.2 276.7 279.4 282.4 284.4 286.1 287.6 289.2 290.9 292.7 294.8 296.6 298.2 299.6 300.7
-2 -2 -2 -2 -2 -2 -2 -2 -2 -2 -2 19.5 39.9 59.7 98.4 100.8 101.7 102.2 103.2 104.2 106.2 108.1 107.8 106.9 106.1 106.2 108 110.3 112.7 116.3 119.8 121.9 123.9 125.9 127.7 129.6 131.4 134 136.5 139 141.5 144.2 147.8 151.4 155.2 158.8 162.6 166.8 172.4 176 179.3 183.9 189.2 194.1 199.2 205.1 212.6 218.2 223.2 228.3 232.7 237.1 241.3 245.1 248.1 250.8 254.2 258 261 263.5 266.4 269.8 273 274.7 276.1 278.2 281 283.3 285.1 286.7 288.3 290 291.8 293.9 295.6 297.2 298.7 299.9
-2 -2 -2 -2 -2 -2 -2 -2 -2 -2 2.1 43.4 60.4 66.5 99.9 101.6 102.3 103.1 104 105.4 106.8 106.9 106.3 104.4 102.9 104.3 106.9 109.1 111.9 116.7 120.2 122.2 124.2 126.2 128.2 130.2 132.6 135.3 137.8 140.2 143 146.1 149.9 153.6 157.7 161.8 165.8 169.8 175.2 179.3 182.8 186.9 191.1 195.4 200.8 208.3 215.7 221.4 226.5 231.2 235.6 239.1 242.3 245 247.9 250.6 253.8 257.2 259.8 262.5 265 268.3 271.2 272.9 274.4 276.7 279.1 281.6 283.6 285.3 287.1 288.9 290.5 292.1 293.9 295.3 296.7 298.3
-2 -2 -2 -2 -2 -2 -2 -2 -2 -2 1.1 50.9 70.4 83.3 100.2 102.2 103 103.7 105.2 106.5 106 104.9 102.9 98.7 99.5 102 105.5 108.4 112.5 116.4 120.2 122.5 124.5 126.5 128.6 130.9 133.3 136 138.8 141.5 144.1 147.5 151.4 155.1 159.3 163.2 167.1 171.7 176.7 180.8 185.1 189.3 193.6 198.4 204.6 212.2 218.4 223.9 229.5 234 237.1 240.1 242.4 244.6 247.5 250.4 253.4 256.2 258.4 260.9 263.3 265.9 268.3 270 272.1 274.8 277.6 280.1 282.2 283.8 285.5 287.2 288.5 289.5 291.4 292.9 295 296.7
-2 -2 -2 -2 -2 -2 -2 -2 -2 -2 1.8 43.4 70.5 92.6 98.9 101.3 103.3 104.9 106.5 107.7 105.3 103.1 99.4 92.6 95.6 99.6 104.4 109 113.2 116.8 119.8 121.9 124 126.1 128.7 131.7 134.1 136.7 139.1 142 145.1 148.8 152.8 156.7 160.7 164.5 168.5 173.7 178.2 182.3 186.8 191.7 196.8 203 209.9 216.1 220.9 225.8 231.1 234.6 236.8 239 241 243.4 246.4 249.6 252.4 255.2 257.1 258.9 260.6 263 265.5 268 270.4 272.8 275.7 278.6 280.9 282.5 284.1 285.6 286.5 287.4 289 290.7 293.3 294.6
-2 -2 -2 -2 -2 -2 -2 -2 -2 -2 2.4 46.6 73.5 93.5 99.2 101.1 103.1 104.6 106.1 106.2 103.4 100.8 92.3 89.3 91.9 99.1 105.2 110.1 113.1 116.6 119.2 121.3 123.4 125.5 127.9 131.1 134.1 136.3 138.9 142.1 145.4 149.4 153.7 158 161.6 165.8 170.1 175.1 179.4 184.7 189.6 194.4 201.3 208.1 214 218.7 222.8 226.9 230.4 233.5 235.3 236.6 238.4 241 244.1 247.2 249.9 252.3 254.1 256.1 258.3 261.2 264 266.4 268.8 271.2 273.7 276.5 279.2 280.9 282.6 283.4 284.4 285.3 286.3 288.4 290.7 292.9
-2 -2 -2 -2 -2 -2 -2 -2 -2 -0.6 1.4 12.2 66.3 89.4 99.4 101.5 102.2 103.7 105.4 104.6 101.2 94.8 84.4 84.4 90.1 98.5 106.5 110.5 113.4 115.9 118.4 120.6 122.8 124.9 127.2 130.2 133.3 135.6 138.5 141.5 144.9 149.9 154.6 159.3 163 166.8 171.2 176 181.2 187 192.1 197.8 204.5 210.9 216.2 220.6 223.8 227 229.6 231.3 232.5 233.4 235 237.7 240.8 243.6 246.4 248.8 251.3 254.2 257.8 260.3 262.8 265.2 267.5 270 272.4 274.6 277 278.9 279.9 280.8 281.6 282.4 282.9 284.8 287.4 290.4
-2 -2 -2 -2 -2 -2 -2 -2 -2 0.1 2.1 40.5 66.5 92.7 98.9 98 100.3 102.9 104.8 102 95.5 87.2 77.7 80 87.1 98.5 107.2 110.9 111.7 113.9 117.1 119.2 121.2 123.7 126.3 129.1 131.9 134.9 137.9 140.9 143.9 149.5 154.8 159.3 163.4 167.4 172.2 176.9 182.6 187.9 193.2 199.3 206.1 213 219 222.8 224.6 226.8 228 228.5 229.7 229.2 231.1 233.9 237.3 241 244.4 247.5 252 255.6 258.3 260.8 262.8 264.6 266.6 268.2 270.3 272.5 274.5 276 276.2 276.7 277.5 278.1 278.7 279.5 281.9 284
-2 -2 -2 -2 -2 -2 -2 -2 -0.8 0.8 2.5 28 73.1 90.4 91.5 93.9 97.8 102.2 103.9 98.8 86.6 77.1 70.8 77.8 85.7 96.5 103 107.6 109.7 111.8 114.4 116.8 119 121.4 123.8 126.5 129.8 133.3 136.9 139.8 142.8 147.7 153.2 158 162 166.2 171.6 177.2 183 188.4 194 200 206.7 213.9 220.2 224.5 224.8 225 224.4 223.2 221.5 224.9 230.6 234.7 238 240.9 245.1 250.1 254.7 257.9 259.9 261.6 262.9 263.9 265.3 266.7 268.2 270.1 271.6 272.4 271.8 271.7 271.8 272.4 273.3 274.2 275.4 276.8
-2 -2 -2 -2 -2 -2 -2 -2 0.3 1.9 2.7 21.5 46.6 77.4 80.5 84.8 92.8 101.9 101.3 89.3 73.5 64.5 66.6 79 87 97.3 102.2 105.4 107.7 108.9 110.2 111.8 113.6 116.6 119.9 123.5 127.3 130.9 134.7 138 141.4 145.7 150.1 155.3 160.3 165.1 170.4 176.2 182.3 187.6 192.7 198.5 206.1 213.3 218.6 222 221.6 219.7 216.2 213.3 218.7 226 231.1 235 238.2 242.3 246.9 251.5 255.7 258.6 260.4 261.6 262.8 263.5 264.1 265 266.4 266.8 267 267.1 267.1 267 267 267.6 268 269 270 271.2
-2 -2 -2 -2 -2 -2 -2 -2 1.5 5.1 0.6 36.1 49.5 65.1 70.5 78.1 87.6 95.7 90.1 70.2 58.9 48.7 59 69.7 78.6 91.8 98.7 103.5 107.6 104.9 101.2 104.3 107.8 110.7 114.8 119.7 123.6 127.5 131.2 135.1 139.1 143.1 147.2 151.6 156.4 162 167.8 173.8 179.4 184.9 190.2 195.7 203 210 214.1 215.5 215.6 209.7 206.1 214.3 221.8 226.2 230.4 235 239.2 243.2 247.4 251.6 255.3 258 259.8 261.2 262.5 262.9 262.4 262.7 263.4 263.1 263 262.9 262.7 262.6 262.1 262.7 263.6 264.6 265.6 266.3
-2 -2 -2 -2 -2 -2 -2 -2 1.9 8.1 35.2 49.7 50.7 56.3 61 67.8 78 79.8 55.8 40.4 37 39.7 44.7 51.5 58.6 73 87.1 93.1 96.2 91.1 85.9 90.6 95.3 100.5 104.9 108.8 112.5 117.8 124.7 129.6 133.7 138.5 142.3 147.4 151.2 157.1 165.1 170.7 175.8 180.6 185.8 191.5 198.5 204.3 207.3 207.9 202.5 198.4 207.3 215.5 221.2 225.7 230.4 235 239.1 242.9 246.5 250.6 254.4 256.9 258.8 260.6 261.6 261.8 261.3 260.6 259.9 259.6 259.3 259.2 258.9 257.4 256.8 256.9 257.8 259.3 261.2 262
-2 -2 -2 -2 -2 -2 -2 -0.8 1.8 27.5 30.2 28.4 36.4 41.6 47.7 52.3 60.6 39.5 30.1 29.6 31.1 34 36.1 39.8 42.9 53.6 61.2 66.3 70.6 66.1 66.2 70 77.7 86 92.2 95.4 99 102.6 111 118.1 123.8 130.7 136.5 143.2 147.1 152.2 159.2 165.9 171.7 176 181.4 186.8 193.3 198.7 201.7 199.6 189.3 199.6 208.9 214.6 220.5 225.5 230.2 234 238.1 241.7 245.1 248.6 251.9 254.7 256.4 257.7 259 259.7 259.5 258.4 257.3 256.1 255.7 254.9 253.4 251.1 249.7 250.6 252.6 255 256.8 257.7
-2 -2 -2 -2 -2 -2 -2 -2 -2 10.8 8 13.1 14.9 16.8 21.4 26.3 26.5 26.3 32.2 39.1 54.4 64.4 59.9 52.9 52 50.7 49 50.9 51.6 58.9 71.4 74.2 77.5 78.2 75.2 81.4 77.7 85.9 94 98.8 109.6 118.8 128.1 136.5 142.7 148.5 154.5 160.6 166.6 170.4 174.6 180.1 186.5 192.6 196.5 190.1 188 201.3 208.6 214.3 219.6 224.4 228.3 232.8 236.2 239.3 242.3 245.7 249 251.6 253.6 254.8 255.8 256.7 256.9 255.4 253.5 251.2 249.2 247.8 246.1 244.7 244.1 245.9 248 250.3 251.8 253.2
-2 -2 -2 -2 -2 -2 1.4 1.3 -2 18.5 20.3 27.5 38.3 44.6 40.5 42.5 37.4 36.8 46.3 59.3 54.9 73.3 80.8 86.2 80.3 77 72.1 74.6 80 90.2 99.2 99.5 106.1 107.1 103.4 97.4 90.4 88.5 84.9 84.1 92.7 106.2 115.4 126 134.1 141.2 147.4 154.2 159.5 164.5 168.6 172.2 177.8 185.5 189.4 191.2 177.4 199.7 207.2 213.4 218 222.2 226.2 229.9 232.6 235.8 239.1 242.7 246.2 248.7 251.1 252.5 253.3 253.1 252.4 250.4 247.2 242.2 239.8 238.9 238.6 238.7 239.3 241.2 243.2 245 246.8 248
-2 -2 -2 -2 -2 0.6 13.1 35 43.1 43.5 46.4 49.7 65.4 66.7 67 67.4 66.1 60.7 69.9 70.7 72.8 72.5 82.6 89 95 99.3 97.6 100.8 105.4 108 109.3 111.7 113 115.4 117.3 119.9 112 107.4 103.8 102.4 97.1 92.1 99.1 107.8 117.9 128.8 136.7 146.2 153 156.2 156.9 159.5 164.8 173.1 181.4 176.4 166.9 191.4 204.6 210.9 213.1 215.3 220.3 223.1 228.8 232.2 234.7 238.3 241.3 243.6 245.7 246.5 247.1 246.9 244.7 240.7 234.9 230.8 229.2 230.7 231.6 233.3 234.6 236.7 238.4 240.5 242.4 242.7
-2 -2 -2 -2 0.2 1.5 6.4 44.6 68.3 69.2 70.8 69.8 72.6 76.3 77.6 79.1 80 79.2 77.8 78.2 80.6 82.4 85.3 91.4 98.9 104.3 107.1 109.5 111.3 112.8 114 115.7 117.6 119.9 122.4 125.2 125.3 122.9 123.3 125.3 121.6 111.8 105.3 102 101.1 110 118.9 133.4 138.2 135.5 137.5 141.4 148.9 161.2 161.3 172.7 185.3 193.9 201 206.6 209.5 211.5 212.8 217.9 223.5 226.8 226.7 231.5 232.7 234.7 235.9 238.1 238.1 236.8 234.3 228.2 223.5 220 221 224.1 227.3 228.6 230.3 233.7 234.4 236.1 237.6 239.2
-2 39.7 64.8 75.4 2.6 2.7 26.9 60.7 95 91.4 89.8 85.1 82.6 85 85.9 87 87.6 86.3 83.7 83.1 84.4 86.8 90 94.5 100.9 105.5 108.6 111 113.3 115.4 117.4 119.3 121.2 123.6 126.9 130.2 131.2 130.6 131.6 133.8 136.4 137.2 133.1 129.3 123.5 114.1 114.4 118 128.3 122.9 123.3 129 133.3 146.9 154.5 174.7 183.2 190 195.6 199.8 201.9 203.4 208.2 212.2 215.2 217.5 223.3 223.5 225.4 228.8 227.3 227.6 226 224.2 220.9 215.6 219.1 220.3 220.2 222.5 223.9 226 228.5 230.6 232.1 234.2 236.2 238.1
-2 55.1 79.5 90.4 89.9 92.6 72.3 97 98.8 98.2 97.1 94 87.8 89.1 92.4 93.1 92.4 92.9 88.4 86.6 87.4 90.1 93.1 98.5 103 106.8 109.6 112 114.3 117 119.1 121.2 124.1 127.7 131.9 135.6 138.3 139.5 139.7 141.3 144.7 146.7 149.5 151.5 150.1 142 116.1 118.1 123.8 127.8 132.7 127.3 143.3 151.8 161.2 168.2 175.9 182.6 186.9 191.4 194.5 195.4 198.1 202 204.2 202.2 203.7 208.5 210.8 211.8 211.2 210 211.2 212.8 217 224.9 226.3 224.7 224.8 225.1 225.8 227.1 228.8 230.6 232.2 234.2 236.5 238.6
47.8 69.6 86.3 90.5 93.6 95.6 98.3 99.1 99.3 99.4 98.2 97.4 92.1 88.5 89.1 89.2 90.6 90.8 87.7 87.5 88.2 90.9 95.2 100.8 104.3 108.1 110.7 112.9 115.2 117.7 120.3 123.7 127.7 131.8 136.6 141.4 144.3 145.4 145.5 147.5 151.9 154.4 156.7 158.7 160.7 159.6 150.2 129.2 124.7 144.2 134.3 138.9 148.1 147.3 152 157.3 165.6 169.5 173.4 174.3 176.4 185.9 189.8 184.2 179.2 183.8 193.8 198.5 204.2 206.8 211.1 215.8 220.5 231.9 237.5 237 236 235.4 233 229.3 229.1 229.2 230.8 232.6 234.8 236.7 238.5 239.8
