UK/data/nz/nz10_OST50GRID_20230518/NZ10.asc
ncols 200
nrows 200
xllcorner 410000
yllcorner 500000
cellsize 50
[rows 0 to 34 of 200, columns 79 to 157 of 200]
168.8 167 166.2 165.4 166.1 166.5 166.1 166.4 166.6 166.2 163.3 163.1 163.5 162.4 161.7 161.4 162.9 163.4 162.8 161.8 160.7 160.2 158.5 155.3 154.1 153.8 154.1 154.5 155.2 156.3 157.5 158.9 160.3 161.2 161.7 163.6 165.9 168.3 169.6 170.1 171.9 172.3 172.6 176.1 176.4 173 168.5 164.1 161.7 158.9 157.9 157.8 158.4 158.7 158.1 156.8 156.4 156.5 156.7 155.6 154.9 153.8 152.9 150.5 149.7 148.8 148.2 146.8 146.4 148.4 147.3 145 144.7 146.1 147.2 143.7 141.2 140.1 137.6
169.2 167.9 166 164.8 166 166 163.8 163.1 163.7 163 162.5 162.9 162.1 162.6 162.5 162.4 163.9 163 162.2 161.4 160.8 161.2 160.4 154.8 153.6 154.3 154.5 155 155.9 156.9 158.2 158.9 159.2 159.9 161.9 163.8 165.9 167.9 169.3 169.5 169.6 170.5 171.5 172.8 173.8 172.7 169.5 167.6 165.7 162.7 161.8 162 162.1 161.4 160.1 158.9 158.3 157.9 157.4 156.7 155.9 155.4 154.8 153.6 152.3 152.3 150.9 149.1 147.9 147.6 147.1 146.4 146.5 146.8 147.6 144.6 143.8 142.7 139.5
167.3 166.6 166 164.9 164.4 163.9 162.1 161.6 161.3 161.1 161.7 161.6 161.7 162.3 162.7 162.6 163.8 161.3 161.3 159.7 159.1 159.3 159.2 157.2 155.9 156.4 156.5 156.8 158 158.2 157.9 158.2 158.4 159.1 161.3 162.6 163.8 165.3 165.8 167 167.4 167.7 168.5 169.4 170.2 170.3 170.4 171.3 170 166.6 164.6 164.9 165.6 165 163.5 162.2 161 160.3 159.3 158.2 157.7 157.3 155.8 154.2 154.1 153.9 153.1 151.2 149.9 149.5 148.1 146.2 145.1 144.4 144.2 144.1 143.6 143.4 141.7
166.8 166.6 165.8 165.6 165.5 163.9 161.4 160.9 160.2 160.8 161.8 162.2 162.2 162.5 162.2 161.8 160.6 159.6 158.8 157.9 157.5 157.4 157.5 159.2 159.2 159 159.1 159.2 159.6 158.7 158.4 158.4 158.3 159 159.6 161.2 161.9 163 163 164.1 165.1 165.6 166.1 166.5 167.4 167.2 168.3 169.1 169.8 167.7 167.3 168 168.2 168.2 167.2 165.9 164.5 163.3 161.9 160.2 159.4 157.4 155.5 154.5 154.5 154.1 154.8 154.1 152.6 151.3 150.8 148.8 147 145.5 144 143.4 142.7 141.4 141.1
167.3 165.8 164.8 165.4 163.8 162.3 160.3 159.9 159.8 160.4 161.7 161.8 161.2 159.7 159.4 159.1 158.7 158.5 157.7 157.5 157.3 157.1 157.2 158.3 158.6 159 159.6 160 160.1 160.5 160.3 159.4 159.5 159.9 159.9 159.7 160.3 161 161.2 161.1 161.8 162 163 163 163.7 163.8 164.3 165.9 166.7 167.4 167.6 168.4 169.3 169.9 169.6 168.2 167.2 165.7 163.7 161.6 159.5 157 155.5 155 155.5 156.2 156.3 156.3 155.8 155.2 153.8 150.2 148.7 146.7 145.1 143.7 142.9 142.1 140.8
169.3 165.1 164.8 163.1 161.4 160 159.3 159.3 158.7 159.5 159.6 159.9 159.6 159.1 158.2 157.4 157.1 157.3 157.6 157.3 157.2 157.3 157.6 158.4 158.2 158.1 159.6 159.6 159.6 160.4 161.2 160.9 160.2 160 159.5 158.8 158.1 158.2 158.5 158.9 157.7 157.5 157.8 158.7 159.4 159.6 160.2 162.8 163.7 164.8 166.2 167.5 168.5 170.5 170.8 170.4 169.3 167.4 165.1 162.3 159.5 158.7 158 157.4 158.1 157.9 158 158.7 158.2 157.2 154.5 151.8 149.7 147.2 145.6 144.2 143.7 143 141.9
170.2 166.9 165.5 162.8 160.9 159.5 158.7 157.9 157 156.8 156.8 157.6 158.3 158.2 157.8 157.1 156.8 157 157.5 157.4 157.3 157.1 157.8 158.3 158.3 157.7 159.1 158.9 159 160.6 161.1 160.7 159.7 158.7 158.7 157.6 155.8 155.9 156.5 156.9 155.9 156.2 157 157.7 157.1 157.8 158.9 161.1 161.5 162 163.6 165.2 167.2 169.9 170.8 171.1 170.5 169.1 167 164.2 162 161.3 160 159.8 161.1 160.5 160.8 162.2 161 158.6 155.6 153.5 151.6 148.9 147.3 145.4 145.4 145 143.7
169.4 167.5 165.4 162.7 160.3 158.4 157.7 156.4 155.9 155.1 154.8 155.4 156.6 157 157.1 157.3 157.1 157.1 157.8 157.7 157.7 157.1 157.9 158.5 158.5 157.6 158 158.3 157.3 159.6 160.2 158.7 157.7 157.1 157.4 157.1 154.7 154.8 154.9 155.1 154.9 156.2 157.1 157.7 157.8 158.6 159.8 160.5 161.6 161.6 161.8 162.4 164.7 167.2 169.1 170 169.9 169.2 167.9 166.1 164 162.8 161.2 161.8 161.5 163.3 163.5 163.4 163 161.6 156.8 155.1 153.9 152.2 150.4 147.2 147.4 147.7 146.9
165.9 166.6 163.9 161.8 159.8 157.4 156.5 155.3 154.5 154.3 154.4 154.7 155.1 155.5 156.2 156.8 157 157.4 157.4 157.3 156.5 157 158.1 157.9 158.2 157.6 156.8 156.6 155.8 156.7 158 156.7 156 155.3 155.8 154.6 154.1 154.1 154.2 154.5 155.2 156.2 157.4 158.4 159.1 160.1 162 162.1 161.7 162 160.5 161 162.7 164.2 165.9 167 166.1 167.5 166.8 165.8 165 163.7 162.6 162.1 162.4 164 164 163.8 163.7 162.2 158.7 157.1 155.9 155.5 153.7 151.6 151.4 150.7 149.9
163.6 163.4 162.9 160.2 158.2 155.6 154.7 154.2 153.3 153 154.1 154.5 154.8 154.8 154.9 155.3 155.6 155.7 155.5 155 154.7 155.8 156.8 157.2 157.4 156.4 155.2 155 154.5 154.5 154.8 154.8 154.2 153.5 153.6 152.6 152.8 153.5 154.3 155.5 155.8 155.2 156.2 158 159.5 161.2 163.3 163.4 163.3 163.6 162.4 162.3 162.3 162.4 162.9 163.2 163.7 163.1 162.8 163.4 164.6 165.1 163.8 162.9 163 164 163.5 163.7 164.5 164.4 161.7 159.8 158 157.6 156.9 156 154.9 152.6 151.5
162.6 161.2 159.8 158.1 155.3 153.4 152.1 152.3 151.3 151.4 153.5 154.3 154.4 154.3 154.1 153.2 152.9 152.7 152.3 152.3 153 153.9 154.2 155.1 155.9 154.7 153.6 153.3 152.8 152.3 152.3 152.3 151.8 151.3 151.1 150.9 151.5 152.6 154 155.8 157 156.5 155.7 156.1 157.4 160.3 162 162.1 162.9 163.7 163.4 163.1 162.8 162.6 162 162.4 162.3 162.1 161.8 161.5 162.3 162.9 163.6 163.2 162.9 163.2 162.4 163.4 164.9 165.6 164.5 161.9 160.7 159.2 161 159.5 156.8 154.2 153.2
160.6 158.8 157.9 156.5 154.1 151.4 149.8 149.1 148.4 149.8 152.4 153.7 154.2 154.1 153.6 152.4 151.2 150.2 150.1 150.1 150.5 151.7 152.3 153.1 153.6 152.6 151.7 151.1 150.8 151.2 151.4 151 150.5 150.1 150 150.2 150.8 152 154 155.8 156.3 156.6 156.4 156.7 156.7 159.1 160.3 160.5 161.6 162.4 162.4 162.3 162.2 161.1 162 162.3 161.6 161 159.8 159.8 161.6 163.1 162.6 162.7 161.7 161.2 162.2 163.8 164.7 165.9 165.9 165.5 164.6 165.6 165 160.6 158.1 157.7 159
159.6 158.2 156.8 154.6 152.5 150 148 146.9 146.8 148.2 150.3 152.2 153.2 153.4 152.8 151.6 150.3 149 147.9 148.2 148.4 148.9 149.4 150 150.1 149.3 148.9 148.8 148.8 149.3 149.9 150.2 150 149.8 149.4 149.7 150.1 151.7 153.9 154.7 155 155.8 156.2 156.7 156.9 157.4 159.3 159.1 159.3 159.6 159.5 160.1 159.8 160.7 161.8 162.5 161.8 160.9 160.7 160.6 163.1 164.3 164 163 162.1 162 162.9 163.6 165 166.1 166.5 166.2 166.7 167.5 166.7 162.7 159.6 160.3 161.7
160 159.8 159.5 156 151.8 148.9 146.9 145.5 144.6 146.3 148.3 149.8 150.4 150.7 151.2 150.4 149.3 147.9 146.2 146.5 146.5 146.2 146.3 146.6 146.6 146.4 146.6 146.7 147.7 148.4 149.2 149.5 149.6 149.4 148.9 149.2 149.7 151.5 153.4 153.7 154 155 155.9 156.2 156.2 156.7 157.4 157.3 158.6 158.3 158.7 159.8 160 160.3 161.7 162.4 162.4 162.1 161.9 162.4 163.4 164.3 162.8 162.6 163 163.4 163.2 163.6 164.4 166.1 166.3 166 166.6 168.4 168.2 165 163.8 162.9 163.3
158 158.9 159.2 155.1 151.3 148.1 146 144.2 143.2 144.3 145.9 147 147.3 147.2 148 148.9 148 146.6 144.9 144.1 144.4 144 143.7 143.3 143.6 144 144.8 145.9 147.1 147.9 149.2 149.8 149.7 149.4 148.3 148.6 149.5 151.1 152.7 153 153.6 155.3 156.5 155.5 155.5 155.9 156 156.3 156.8 157.8 158.6 159.5 159.9 160.3 160.8 161.6 162.6 162 162.1 164.6 165.2 164 162.4 162.5 163 163.6 163.8 163.8 163.9 164.7 165.3 165.1 165.1 168.5 169.5 168.1 167.6 166.4 165.8
155.7 155.1 154 152.5 149 146.5 144.4 142.2 141.9 142.4 144.1 144.3 144.3 143.9 144.6 145.6 145.6 145.3 143.9 142.4 142.4 142.4 141.9 141.9 142.2 143 144.7 145.7 146.6 147.9 149.2 149.9 150.1 149.8 148.8 148.8 149.6 150.6 151.4 151.5 152.5 155.2 156 153.6 154.6 155.2 155.3 155.7 156.8 158.2 158.8 159.6 161 161.4 160 159.8 161.1 162.2 163.5 165 164.9 162.5 162.3 162.6 163 163.5 164.1 164.1 164.3 164.4 165.3 166.5 166.1 170.6 172.4 172.3 171.7 169.6 169.6
150.7 148.5 148.5 148.2 146.5 144.3 143 141.4 140.3 141.6 142.3 142.2 141.1 139.8 140.2 141.4 142 142.4 143.1 140.7 141.1 141.1 141.6 142.1 142.4 143.9 145.1 146.2 146.7 147.8 148.9 150 149.1 148.7 147.7 148.7 149.7 151.2 150.9 150.4 150.7 151.7 153.6 153.2 153.5 154.4 154.3 155.9 157.5 158.8 159.6 160.5 161.4 160.9 160 160 160.1 161.2 162.6 163.6 163.2 162.7 162.9 163.1 163.2 163.5 164.9 164.7 165.1 165.5 165.5 168.1 168.6 169.6 174.5 174.2 171.9 170.8 171.1
144.9 143.5 144.1 143.7 143.7 142.2 141.1 139.8 138.7 140.7 141.1 139.9 138 136.2 136.6 137.1 138.9 139.5 139.5 138.2 140.2 142.2 142.7 143.6 144.4 145.4 146.6 147.2 147.3 148.3 148.4 148.5 147.7 147.1 146.5 147.5 149.2 150 150.2 149.3 150.7 151.1 153.4 152.7 153.4 153.5 154.3 157.5 158.8 159.5 160.4 161.2 161.1 160.4 160.5 161.2 161.2 161.9 163 164 164.3 162.9 163.2 164.1 164.2 164.4 165.7 166.3 166.3 166.4 166.6 168.1 168.8 168.7 170.7 171.3 171.8 172.2 171.7
137.5 137.9 140.1 140.5 140.8 140.1 139 138.2 136.1 139.5 139.9 138.5 136.5 134.1 134 134.7 136.3 136.1 137.3 137.4 140.6 141.9 143.1 143.9 146.3 146.7 147.2 148 148.8 148.5 148.6 147.6 146.7 146 145.6 145.7 146.8 147.9 148.7 148.8 150.4 152 153 153.7 153.6 153.8 154.4 158.5 159.5 160.2 160.5 161.2 160.8 162 160.8 160.7 161.6 162.6 163.5 164.4 164.3 163.2 163.7 164.7 165.4 166.1 169 168.3 167.4 167.4 167.5 167.4 168.7 170.3 172.3 172.7 174.6 177.9 178
133.5 134.4 136.8 137 137.5 137.5 136.8 136.5 133.6 137.9 138.2 136.6 134.8 132.7 132.2 132 133.9 135.2 135.2 135.9 138.3 140.7 142.5 144.8 147 147.3 147.6 148.8 149.6 148.2 148.3 147.4 146.4 145.3 145.2 144.7 144.5 145.1 146.5 148.3 151.8 153.4 154.3 155 154.3 154.1 154.5 156.6 158 158.7 159.3 160.5 161 161.8 160.8 160.5 161.1 162 162.7 163.8 164.6 164.2 163.9 164.8 166 169.9 170.7 168.8 168.7 168.8 168.5 169 170 170.6 173.2 175.3 181.4 184.2 184.5
130.7 131.7 133.8 133 133.2 133.5 133.5 133.5 131.6 135.1 135.8 134.6 133.1 131.3 131.1 131.4 132.6 134.2 134.7 135.7 137.1 140.1 141.3 143.5 146.3 146.9 147.5 148.4 149.1 148.3 148.2 148 146.5 144.9 144.5 144 143.9 144.1 145.2 147.1 150.8 154.4 155 156 156.7 155.7 154.6 155.5 156.2 157.3 158.9 159.5 159.8 159.5 159.3 159.7 160.3 160.8 162.4 163.2 163.5 164.2 164.5 165.1 168.4 171.3 171 170.3 170.6 170.8 171 171.8 172.1 171.8 174 176.8 182.5 185.4 184.3
128.2 129.1 130.2 130.1 130.1 130.8 130.2 130.6 129.7 132 132.5 132.4 131.2 130 131.4 132.8 133 133.7 134.3 135.1 136.6 138.3 139.6 142.3 145 146 146.4 147.2 148.1 147.8 147.5 147.3 146.2 144.5 143.9 143.5 143.4 144.1 145 146.4 148.8 154 155.9 157.4 157.6 156.8 155.3 155.7 157.3 158.9 158.1 157.9 157.9 158.2 158.7 159 159.3 159.8 161.8 162 162.5 163 163.9 165.3 167.7 172.1 171.6 171.3 171.9 173.7 178.2 180.5 176.9 176.9 177.6 178.7 179 180.5 180.4
127.3 127.5 127.9 127.8 127.6 127.8 127.7 128.5 128.5 129 129.8 129.7 128.8 130.1 132.5 133.9 134.2 133.8 134.6 134.4 135.4 137 139.1 140.8 143.7 146.9 146.2 146.5 147.3 146.4 146.3 146.3 146.1 144.6 143.7 143 143.2 144.5 145.8 146.8 147.8 149.7 156.4 157.8 157 157.9 158.1 158.3 158 158.6 156.9 157.2 157.2 158.1 159.1 159 159.2 159.5 160.2 164.2 166.6 164.5 164.3 165.6 167.1 170.8 171.9 171.7 173.1 176.6 184.1 185.5 178.5 180 182 181.8 180.3 180.5 181
127.3 126 126.3 126.3 126.4 126.5 126.3 126.3 127.2 127.2 127.1 127.3 127.1 129.8 131.6 132.8 133.5 134.3 135 134.6 133.8 136 138.1 140.7 142.9 144.7 145.3 146 146.3 145.1 145.7 145.4 145.5 145.4 144.1 142.8 143.5 145.2 146.3 147.3 148.3 149.5 155.4 157.7 157.5 158.3 160.2 158.9 157.6 156.7 156.8 157.5 157.5 158 158.9 159.4 159.4 159.8 160.6 166.9 169.9 169.2 167.3 168 170.2 172 172.8 174 177.9 181.6 183.1 181.2 177.9 180.7 182.5 182.8 183.2 183.1 182.1
125.8 124.8 124.7 125 125.3 125.7 125.1 125.7 125.6 125.6 125.7 125.8 126.7 128.1 129.9 131.7 132.8 134 135.3 135.6 135.2 135.5 137.4 139.6 141.5 143.5 144.5 145.1 145.4 144.5 144.7 144.5 144.8 145.3 144.1 142 143.7 145.1 146.6 147.7 148.9 151.1 155.4 157.3 157.3 157.6 157.8 157 156.8 156.1 156.8 157.7 157.7 158.3 159.9 159.8 159.9 160.6 161.6 167.2 170.8 172 171.7 172.4 172.5 173.3 173.4 175 180.6 181.2 182.1 183 182.9 182.3 181.5 182.7 183 182.3 181.6
123.5 123.3 123 123.2 124.6 124.4 124.4 124.8 124.6 124.5 124.6 126.3 126.9 127.2 128.1 129.9 131.6 133.6 134.8 135.7 135.7 136 136.9 138.5 140.3 141.5 142.5 144.1 144.8 143.9 144.5 143.8 143.1 143 143.5 142.2 144 145.5 146 148.1 151.2 152.8 155.1 155.8 155.9 155.1 155.5 155.5 155.7 156.2 157 157.7 159 160.7 162.2 161.4 161.6 161.9 162.7 165.6 170.6 172.4 173.1 174.1 174.4 174.4 174.4 177.7 179.7 179.5 180.6 180.8 180.6 181.7 180.7 182 179.7 180.8 180.9
121.1 121.9 121.5 122 123.6 123.7 123.5 123.4 123.8 123.9 123.9 125.5 126.7 127.1 127.6 129.4 131.5 132.3 133.4 134.9 135.3 135.9 136.6 137.7 138.8 139 140.1 143.1 144.1 142.7 142.9 143.1 143.1 141.6 142.1 143.2 146.5 147.9 149.1 148.9 150.9 152 153.3 154.4 154.2 155.1 155.2 156.4 157.5 157.2 158.5 160.1 162.7 164.2 164 164.2 164.4 163.7 165.2 166.1 168.2 171.1 173.8 176.1 177.3 175.6 175.9 179.4 179.3 179.9 180 179.1 178.3 178.2 177.9 178.5 178.3 177.9 177.3
123.5 121.4 121.3 121.6 122.8 123.5 122.4 122.8 123.3 122.6 124.3 125.3 126.1 127 129.3 131.2 131.6 131.2 132.8 134.5 134.8 134.2 134.8 136 136 136.9 138.8 141.9 142.9 142 141.2 140.5 139.1 140.8 142.3 144.5 148.1 150.4 153 152.4 151.5 152.5 153.4 154.7 154.8 156.8 156.2 157.6 159.5 158.5 159.4 162 168 168.5 167.4 168.2 166.4 165.9 170.8 172.1 171.3 172.4 173.8 174.9 176.1 177 177.6 180.4 180.4 180.8 180.5 179.6 179.5 178.5 176.8 176.6 177.2 176.6 175.6
120.9 121 121.1 121.7 122.7 123.9 122.4 122.2 121.8 122.1 122.9 124.3 125.9 128.3 130.2 132.1 132.9 132.2 131.4 132.4 133.1 133 132.9 133.2 134.2 135.2 137 139.6 140.8 140.6 139.7 138.6 136.9 139.3 142.1 146.9 148.7 151.5 152.4 153.3 154.3 153.2 153.3 154.6 155.5 158.7 159 160.3 161.7 160.8 160.2 163.1 165.4 169.4 169.2 167.7 167.3 167.4 170 173 174.7 174.9 174.9 175.6 177.1 177.8 179.2 182.1 182.2 181.9 181.2 180.2 180.8 179.7 177.8 176 175.8 175.7 175.2
120.3 123 121.3 122.2 122.2 121.7 120.9 121.2 120.7 121.6 122.6 124 125.7 128.8 131.3 132.6 133.1 133.5 132.7 131.8 131.7 131.8 131.6 131.3 131.9 133.4 136.1 137.7 138.1 138.1 138.2 136.3 140.1 141.3 145.9 148.9 150.3 150.9 151.6 151.7 153.7 154.2 152.4 153.6 155.7 158.3 159.1 159 159.8 160.5 161.5 162.9 167.7 172.2 169.8 168.1 168.7 168.5 169.6 174.1 175.5 175.2 176.4 177.7 179.2 179.2 179.5 181 181.8 181 180 179.5 180.3 179.7 178.8 177.4 177 176.7 175.8
118.9 121.7 120.9 121.7 122 120.5 120.8 120.8 120.4 121.4 122.6 123.9 126 129.4 131.9 132.9 133.4 133.6 133.2 132.3 131.4 130.9 130.3 130 130.5 132.5 133.1 133.8 135.8 136.1 135.8 137 139 142.4 146.6 149.3 150.9 150.9 150.7 150.1 151.7 151.2 150.7 151.5 153.6 154.2 155.7 156.4 157 158.6 160.5 162.7 165.6 167.6 168.5 168.8 171 171.2 172.2 174.7 176.1 176.4 177.2 178.4 179.5 180.3 179.2 178.7 179.1 179.2 179.6 179.3 179.9 180.6 180.3 179.7 179.6 179.2 178.4
118 120.6 119.8 121 121.6 120.2 120.7 120 120.6 121.2 122.7 123.6 125.4 129.1 131.9 133.1 133.5 133.8 133.5 131.6 131.2 130.7 130.1 129.9 129.8 129.8 130 131.6 133.8 134.4 132.9 135.8 138.1 140.4 144.2 147.9 149.8 150.3 149.7 147.6 148.8 148.9 149.1 150 151.4 151.4 152.7 154 154.3 155.7 159.1 161.7 164.5 166.2 168.8 170.2 172 173.5 174.9 175.7 175.5 176.6 177.8 178.6 178.4 179.8 179.6 178.7 178.5 178.8 179.8 179.7 180 182 182.6 182.3 181.8 180.9 179.5
117.8 117.4 119.4 120.9 121.8 120.1 119.3 120.9 121.7 121.9 122.4 123.2 124.6 127.8 130 131.8 133.2 133.8 132.2 131 130.9 130.5 130.3 129.9 128.7 128 129.1 131 132.4 133.5 131.2 135.3 136.6 137.8 141.3 145.3 147.6 148.2 147.3 146.9 146.9 146.4 148.7 151 151.2 151 151.1 152.2 152.5 153.9 155.7 159.4 162.5 165.8 169 171.4 172.8 174.2 175.5 176.4 176.9 177.8 178.7 178.7 178.6 178.7 179.3 179.5 178.5 178.7 179.3 179.9 180.7 182.5 184.6 183.8 183.1 182.5 180.6
119.5 116.8 117.6 118.6 121.1 121.5 118.3 121 121.7 121.6 121.9 122.3 123 125.2 128 130.4 131.2 132 131.6 129.9 130.1 129.3 129 129.2 127.9 127.4 128.7 129.8 131.3 132.3 130.1 134.1 135 135.7 138.2 141.1 144.1 145.7 145.7 146 146.1 146.8 147.9 149.5 154.8 153.8 151 149.6 150.9 152.3 154.5 158 161 165.3 169 171.6 173.1 174.3 175.4 175.6 176.6 177.7 178.2 178.8 179.5 179.7 179.6 179.9 179.4 179.6 180 180.6 181.4 182.8 185.7 185.5 185 182.9 182.3
118.5 118.9 118.5 117.3 118.8 119.4 118.3 119.5 120.5 120.9 120.8 121.1 121.5 122.5 125.8 128.4 129 128.9 128.6 128.5 128.6 127.3 127.1 128.1 126.8 126.1 127.4 128.4 129.4 131.2 127.1 132.3 132.5 133.5 135.6 137.3 140.1 142.5 144.7 145.6 145.7 146.6 147.8 151.8 155.8 150.6 149.7 148.3 149.2 151.1 153.6 158.5 162.2 166.1 168.1 172 174.3 175.2 175.5 175.5 175.7 177 178.6 180 180.5 180 179.8 181.2 181.7 181.4 181.9 181.2 181.5 182.2 184.7 187.7 187.5 186.4 184.8
