WholeMapElevations/data/nm/nm77_OST50GRID_20230518/NM77.asc
ncols 200
nrows 200
xllcorner 170000
yllcorner 770000
cellsize 50
[rows 70 to 104 of 200, columns 79 to 157 of 200]
520.5 532.5 547.3 553 565.7 556.3 573.3 583.7 599.6 605.8 590.9 563.9 554.4 557.5 547.9 538 554.5 551 543.1 530.6 519.9 503.6 486.8 476.4 466.3 459.3 446.7 425.7 391.8 363 324.8 294.5 276.3 260.7 245.9 232.9 219.8 217.9 219.2 217.9 218.2 216.5 214.9 216.7 223.9 231.4 236 241.2 243.2 242.5 241.5 239.5 237.6 243.9 242.3 241 241.4 239.2 236.6 243.4 248.5 240.3 234.2 225 219.7 214.4 207.7 215.6 218 217.4 220.4 210.3 194.9 193.2 194.6 192.8 185.6 179.6 177
546.6 561.4 566.9 575.6 582.2 589.4 588.5 590.3 600.1 601.7 590.3 552.5 539.9 536.6 525.7 509.2 511.2 503.3 500.4 492.8 478.8 469.6 450.7 438 428.4 425.8 411.3 401.1 371.1 345.5 306.4 283.2 265.2 249.7 234.1 221.8 208.5 204.5 205.8 203.6 201.3 201.3 199.7 201.6 202.7 216.4 216.3 216.6 215.5 218.1 216.5 215.4 222.3 225.2 224.1 222.7 223.8 226.3 227.8 233.5 229.4 221.9 215.7 208 198.3 190.6 192.1 196.5 197.8 192.1 195.8 190.7 177.3 180.2 177.1 176.2 169.9 162.5 160.5
578.4 580.1 587.3 595.6 599.6 610.6 612.4 606.3 582.9 569.2 547.3 531.2 520 507.2 497.8 484.8 476.2 462.8 454.6 453.7 440.1 432.8 416.3 403 390 384.2 374.5 364.2 346 323.8 290 265.4 248.4 233.4 220.5 208.6 196.3 191 192.7 189.2 186.3 187.2 183.5 184.7 188.2 192.6 195.4 195.7 194.2 194.2 197.3 199.7 203.2 202.7 202.3 200 204.5 211.1 220.2 221.1 210.8 200.5 196.2 190.4 180 173.5 169.7 172.3 173.9 166.3 168.3 167.5 158 164 163 155.9 152.4 147.2 140
622.1 603 610.8 620 615.4 620.2 616.1 600.9 572.6 538.9 518.9 505.6 495.5 484.7 476.9 461.1 444.4 433.7 420.9 411.5 403.6 392.1 383 375.9 358.7 351.2 343 328.5 317.2 295.1 271.4 251.4 235.5 221.1 207.9 194.8 183.3 177.7 178.3 174.4 173.1 175.3 170.2 171.2 172.5 171.5 171.3 175.2 173.7 178.5 180 177.5 180.3 183.7 182.4 182.2 185.3 193.7 206.9 207.7 195.6 178.9 172.2 170.4 160.9 156.2 152.9 149.5 152.1 144.4 140.8 143 133.7 137.3 138.2 135.6 130.1 122.9 121.2
664 636.6 625.1 629.4 630.9 623.9 613.9 592 559.7 524.6 499.6 488.9 479.1 461.7 452.4 441.6 423.2 409.7 398.7 385.9 374.1 363.3 352.2 341.8 334.2 324.2 310 299.4 288.7 270.2 255.7 234.5 221.6 208.9 194.8 184.2 175.1 163.4 163.2 161.3 159.4 162.4 158.2 157.8 155.8 156.4 155 159.9 158.3 163.4 161.5 162.4 157.3 162.5 164.2 161.3 174 191.2 200.9 193.4 180.4 165.6 160 155.7 147 143 136 126.9 131.6 124.4 120.6 121.9 116.6 115.7 118 116.9 109.1 109.3 106.4
683.9 671.3 642.8 625.1 613 594.9 585.2 560.8 524.6 501 484.4 474.7 463.5 448.6 436.8 424.2 408.6 393.3 380.7 367.8 356.3 345.8 329.9 322.2 314.5 301.8 289.9 273.2 262.7 246.5 234.2 221.4 210 197.2 183.6 170.4 160.3 149.7 149.6 147.1 147.3 150.8 146 145.4 146.4 141.6 139.1 143 139 144 141.7 137.1 136.3 146 142.4 148.8 164 180.9 189.8 181.7 166.6 152.7 148.5 139 135 130.8 122.5 117.2 116.6 108.3 107 103.4 103.1 98.7 96.6 98.6 96.6 101.8 98.2
683.9 678.9 648.6 622.1 605.9 573.6 548.1 524.4 503.2 486.1 470.3 458.6 446.3 433.1 420.1 408.8 393.4 379.5 366.4 352.4 338 325.3 313.7 300 290.9 283.9 274.9 256.3 242.2 228.8 219.8 209.1 194.6 181.2 172.3 160.4 147.9 138.1 137.1 135.4 138.6 138.3 133.6 137.2 131.5 128 123.5 127.7 127.2 127.2 125.8 117.6 117.9 128.4 124.5 137.5 155.7 166.9 175.3 168.1 154.9 143.9 138.1 126.7 120.7 117.4 111.3 107.6 104.4 93.8 92.2 84 84.4 81.7 84.5 88.6 92.6 92.6 91.7
678.2 681.8 661.3 639.9 607.3 571.4 537.8 512.2 487 471.9 460.7 444.7 431.7 418.6 406.7 396 383 369.1 349.8 341.2 331.8 320.2 307.2 288.9 272.2 263.8 242.2 235.1 225.7 216.3 207 194.7 182.4 170.6 160.1 147 133.3 126.9 125.5 127.5 126.8 127.6 125.9 125.5 119.7 117.1 111.5 116.1 111.4 113.2 111.6 104.7 105.5 110.1 121.1 130.1 141.9 152.3 158.2 148 136 127.9 122.1 112.9 106.6 102.1 97.6 85.7 83.6 78.5 71.7 72.7 74.1 72.2 73.8 80.6 83.8 84.7 81.5
674.2 680.4 677.7 651.6 609.5 571.7 535.7 501.7 480 467.1 455.4 442.9 431.8 417.1 403.1 394.7 385.7 377 369.3 361.3 352.1 338 322.5 306.4 287.5 270.2 251.9 231.7 208.2 189.8 189.4 183.1 172.6 161.6 147.8 136.9 125.2 119.6 117 114.7 113.5 115.1 115 109.9 109 105.5 101.7 103.3 99.6 101 98.3 91 92.6 101.2 113.4 121.2 129.1 141.1 130.6 130.9 121.5 112.5 96.6 97.3 92.5 86.5 81 73.3 67.9 67.6 61.8 62.1 61.2 67.9 67.4 72.3 73.3 76.7 75
694.6 684 684.8 656.5 615.6 576.5 551.5 521.9 499.3 477.6 464.5 450.9 440 426.9 412.9 402.9 397.7 391.8 383.2 374.6 360.3 345.9 330.1 315.5 299.4 282.2 267.6 243.7 225.9 205.9 189.6 171.9 160.3 153.1 141 127.4 117.6 114.1 103.2 104.9 105.4 104.5 104.7 100.5 100 92.3 93.7 95.5 93.1 89 86.4 81.4 88.1 97.6 104.9 110.1 112.5 122.2 112.6 111.8 105.3 95.2 83.4 83.3 78.7 73.7 67.9 62.3 60.4 60 58.3 58.4 61.9 63.3 62.9 58.9 67.9 70.6 71.6
705.6 695.9 694.6 675 634.3 599.5 567.2 554.7 520.6 499.1 485.7 474 463.6 452.8 438.2 424.6 421.7 413.7 406.9 402.4 384.4 360.5 342 321.8 299.9 282.4 265.9 245.5 226 206.1 191.1 176.4 158.8 145.6 130.8 120.8 111.6 105.2 98 96.7 95.8 95.5 93.9 91.2 85.6 81.7 87.2 89.9 85.3 79.3 73 80.5 85.7 96 105.4 105.2 101 95.6 92.3 89.4 83.7 78.9 73.5 70.5 65.5 60.6 58.4 56.9 57.6 57.7 56.7 57.9 59.2 60.1 58.9 66.3 71.7 77 81.2
708.2 706.2 698.3 671.4 638 614.2 588.6 566.9 542.1 533.1 521.2 508.8 490 480.3 463.1 460.3 464.1 463.3 454.3 437 416.5 387 368 337.6 307.3 284.6 265.4 242.7 220.5 201 193 175.6 155.1 138.3 126.8 116.5 104 96.7 92.2 89.2 88.1 86.1 82.5 82 76.1 76.3 78 79 78.5 71.5 69.3 73.7 81.8 92.8 101 101.2 90.1 81.4 77 72.3 66.5 59.6 60.2 59.1 57.8 56.7 55 55.6 56.7 56.7 56.9 57.8 58.6 56.6 63.5 69.8 78.5 85.2 89.3
701.5 696.4 678.1 665.2 652.9 643.7 609.9 582.7 575 569.6 573.6 558 528 512.2 497 513.7 497.9 486.4 474.7 443.1 416.6 394.8 367.6 332.3 301.7 275.2 256.4 235.1 216.4 195.6 181.4 162.8 147 130.7 117.8 110.1 99.8 91.8 86.8 84.4 85.8 83 77.2 70.3 68.8 73.3 72.7 70.2 68.2 64.6 68.1 69.5 76 90 97 94.4 86.3 73.7 69.1 62.5 57.6 57.1 56.7 56.7 56.6 54.2 56.7 56.1 55.9 56.6 55.3 58 56.6 64.6 71.6 78.2 87.1 93.8 97
676.9 676.6 661.9 647.6 644.1 652.4 650.4 635.1 620.1 608.7 600.4 573.7 559.7 540.6 523.3 519.1 512.2 488.1 456.4 419.8 393.8 375.1 348.6 321.4 292.2 265.9 245 229.7 209.4 189.8 171.5 156.2 142.3 124.7 110.8 102.5 94.7 89.7 82.2 80.1 79 74.1 70 68.5 65.5 66.7 66.6 63.4 58.1 59.1 64 66.9 79.8 90.7 98.1 96.1 83 65.7 57.3 56.7 56.4 56.3 56 54.3 56.8 56.2 57.6 58 57.6 58.2 56.8 59.2 65.4 71.9 82.5 89.6 96.3 100.7 107.8
659.7 650.6 643 632 631.9 650.7 652.9 662.4 662.7 640 615 596.1 576.9 548.6 522.4 490.6 467.5 444.2 422.4 401.5 383.7 359 335.4 307.2 281.7 255.7 237.5 219.4 203.5 183.6 166.4 152.3 134.5 117.8 103.1 93.4 85.4 81.2 75.7 72.8 72.4 67.5 64.9 64.4 60.2 61.6 63.9 54 52.3 55.1 58.4 64.3 74.3 86.1 102.2 90.9 70.1 57.2 56.5 56.5 56.9 56.5 56.7 57 57.4 57.8 60.3 62.7 63.1 64.2 67.7 73.8 80.5 89.2 100.5 106.1 113.5 118.6 120.9
636.3 626.6 625.3 614.1 627.1 639.2 649.8 663.7 670.8 664 627.8 594.7 567.6 546.4 520.5 480.9 453.5 430.4 402.8 387.3 369.5 348.1 325.6 295.3 271.6 248.3 228.1 208.8 188.3 175.9 161.5 142.2 125 110.4 96.6 86.4 79.1 75.4 70.9 64.9 64.6 62.5 60.2 59.6 54.8 56.5 54.3 47.6 48.3 50.8 53.5 63.9 71 78.5 81.7 73.9 61.3 53.9 56.7 56.9 57.4 58.8 58.4 59.7 62.8 62.4 68 75.9 79.7 83.7 87.4 96 108.4 117.3 128.2 134.3 144.7 150 146.5
610.4 608.3 609.9 602 622.6 623.6 643.1 659.1 671.3 658.3 623.9 588.9 554.1 534.4 508.3 475.4 444.5 414.9 399.5 374.3 349.7 324.8 306.4 281.7 261.6 240.4 219.1 202 187.3 171.1 154 135.6 117.9 102.1 89.6 79.4 72.5 68.7 64.6 61.5 59.1 58.2 57 56.1 52.9 51.8 47.6 44.8 45.3 47.4 50.3 59.5 71 74.7 70 59.1 54.3 58.8 64.3 71.7 72 67.3 67.1 71.6 74.3 80.5 93.7 97.6 105.5 108.9 113.8 121.4 136.6 145.8 155.4 158.7 173.1 177.1 176.7
595 594.7 593.6 599.4 602 614.4 641.5 651.2 654.1 637.6 602.3 571.2 548 511.2 485 458.2 433.9 399.1 377.2 358 336.3 312.6 292 268.6 246.3 228.1 213.5 200.6 183.1 163.8 145.3 128 113.8 97 84.9 74 67.5 60.6 58 53.1 54.8 56.1 55.2 52.6 49 45.2 43.7 42.2 42.5 43.7 54.6 67.9 72.6 67.2 58.4 55.3 61.7 71.3 85.4 95 85.3 82.6 83.3 92.5 97.1 103.1 112 118.9 125.8 135.6 138.8 148.1 167.3 176.7 182.5 190.2 198 205.9 208.9
582.1 580.9 583.6 593.5 600.4 621.7 635.6 639.5 639.1 617.2 577.8 546.7 526.3 501.9 468.5 445 411.7 383.7 363.1 345.1 322.8 302.3 281.1 253.3 237.6 225.2 211.9 193.4 173.5 156.4 138.9 123.6 106.1 89 76.1 66.7 59.5 54.2 52.5 52 52.7 50.2 51.3 46.4 44.2 42.7 41.7 41.5 41.9 51.5 56.4 71.2 63 56.7 59.2 70.3 78.3 89.2 93.9 98.5 94.5 100.6 100.7 109.2 116.5 127 137.6 143.3 152 163.2 169.7 181.8 198.6 210.4 213.3 215.7 234.1 241.3 245.2
576.2 574.4 576.7 588.7 600.9 617.4 623.6 631 625.3 588.4 557.5 521.4 497.7 478.5 457.5 427.5 393 367.2 347.5 330.6 314.9 289.3 265.7 246.2 234.6 218.8 201.3 181.7 166.8 149.8 133.7 115.4 98.9 82.3 71.6 60.8 55.4 50.6 48.9 48.6 48.3 46.4 46.1 43.8 43.1 41.8 39.6 39.2 42.2 50.2 54.7 59.9 56 67.9 76.7 86.4 93.9 100.9 105 108 115.3 123.9 129.1 134.6 143.7 152.7 163.3 173.1 184.2 190.1 197.7 207.9 230.7 230.1 239.6 249 262.5 275.4 282.4
589.4 576.9 574.4 574.6 589 596.1 611.1 609.3 569.8 543.3 529 496.2 471.1 453 433.4 405.2 377.7 355.8 335 314.1 295.7 279.1 260.7 245.1 226.5 208.4 192.7 174.1 161 143.5 122.6 107.3 90.3 73.2 64.4 55.5 49.7 47.4 45.4 44.8 44.3 43.9 43 42.4 41.8 40.6 41.2 41.8 44.9 50 54.5 65.5 81.3 94.6 101.3 110.1 122.1 129.5 136.4 138.6 151.5 159.4 161.7 168.4 185 196.3 204 214.6 219.2 216.6 226.6 240.2 251.4 271.2 279.9 288.6 297.9 304.4 310.5
605.2 591.4 582 574.4 576.6 572.4 576.5 568.3 540.4 507 483 457.7 438.2 422.7 408.7 383.8 366.4 341.1 321 302.5 287.6 276 260.9 242.5 223.2 204.8 187.5 166.6 151.3 136.2 115.1 99.1 82.2 66.7 59 51.4 44.7 42.6 43.3 43 41.9 41.8 41.8 41.6 41 41.1 41.7 50.3 60.4 65.2 75.3 91.2 105.5 115.5 130 140.6 150.9 159.2 165.2 171.2 183.7 187.3 195.5 206.8 228.1 237.4 243.8 250.8 262.4 254.6 264.3 277.2 291.5 304.4 310 334.2 340 340.4 341.5
603 598 593.5 582.8 577.6 560.6 530.6 527.8 513.4 483.3 457.3 437.8 415.3 396.6 379 361.1 341.4 323.7 307.6 291.8 277.3 267.2 251.3 235.3 218.1 199.2 181.7 164 145.7 127.1 108.5 94 77.3 65.2 54 44.8 41.2 41.8 42 41.4 41 41.1 41.1 40.9 40.4 41.2 44.5 59 72.5 91.7 105.2 116.9 130.2 144.8 156.4 171.6 185.1 193.3 194.5 201.8 207.3 218.8 230.8 253.4 267 277.4 290.2 296 296.6 290.1 297.3 325.8 338.5 344 350.4 368.2 376 370.6 370.5
591.6 593.4 590.3 580.9 577.6 572.3 542.7 512.9 489.1 481.6 450.3 422.9 403.4 381 360.8 344.8 328 312.6 298.3 283.3 269.7 255.7 239.3 226.3 206.5 188.7 173.5 156.6 140.3 120.1 102.6 87.8 75.1 64 53.3 42.9 41 40.8 41 40.9 41 40.7 40.5 41 41.3 44.8 61.6 79.5 90.3 110.4 128.3 144.7 160.1 175.2 190.5 209 222.7 221.1 227.6 226.6 234.8 260.3 273.8 290.6 307.6 324.9 334.7 335.7 329.9 339.4 348 377.9 387.7 388.8 391.5 403.4 403.7 398.8 400.9
586.6 584 580 584.8 590.7 594.5 570.5 520.6 488.4 461.3 437.5 418.4 392.4 370.2 349.7 335.9 324.5 312.7 292.1 278.9 264.6 245.9 232.5 216.2 199.3 179.9 167 147.3 132.9 113.5 94.8 80.3 70.6 61.5 52.4 42.4 40.5 40 40.2 40.6 41 40.8 38.3 41 42.6 57 81.3 93.9 106.9 128.5 157.4 173.4 193.4 205 222.3 241.9 249.3 246.3 249.9 258.6 286.7 307.5 319.2 337.2 353.8 362.7 370.5 364.6 370.9 385.8 406.3 414.1 422.3 431.5 423.3 428.5 422.4 434.6 447.5
580.7 577.4 582.6 584.9 589.5 582.9 577.4 533 491.4 463.3 432.5 413.7 391.1 368 349.1 336.4 327.8 308.1 290.3 275 258.1 240.6 224.8 207.6 193.8 174.4 159.7 142.7 127.2 108.4 92.8 82 72 59.6 49.7 43.2 40.4 39.4 38.3 40 40.6 40.5 40.9 42.1 58.4 71.4 91.7 98.9 119.6 153.8 185.2 207.1 221.4 235.9 255.2 265.9 271.8 275.5 290.1 317.7 331.2 355 367 383.8 395.5 404.8 399.7 400.8 416.1 437.9 457.3 473.9 470.4 469 456.5 455.5 464.2 474.2 485.2
574.7 573.7 580.9 570.7 570.9 562.1 548.8 540.3 493.9 459.6 439.5 411.1 386.5 371.1 354.4 338.7 321.6 301.8 284.4 268.1 251.7 236.2 219.3 202.4 184.8 168.5 154.5 137.9 122.1 106.6 94.1 80.2 69.6 57.9 49.6 42 40.2 39.6 40 40.1 40.2 40.5 41.3 50.3 63.5 82.6 92.2 107.8 134 181.1 214.1 225.9 246.9 263.9 276.2 284.7 293.6 306.1 329.7 357.5 371.6 393.9 407.8 421.6 425.1 433.9 439.3 450.7 476 498 498.9 501.2 497.8 500 496.1 499.8 511.3 518.9 534.9
565.6 570.6 567.8 557.3 553.3 549.4 543.3 529.7 510.6 471.2 441.2 422.2 391.7 373.9 354.5 338.5 321.7 302 278.3 262.6 248.2 236.6 219.6 200.7 186 168.4 148.5 128.8 117 103.1 91.8 77.7 67.4 57.5 46.6 41.1 38.5 40.4 40.4 40.3 40.5 40.8 44.6 57.5 71.7 83.5 97.5 120.8 151 204.7 228.3 238.2 265.8 294.6 296 310.1 323 341 368.3 387.2 405.9 427.4 451.1 442.9 439.7 464.4 473 486.6 509.6 512.5 510.8 515.5 536.4 547 548.9 563.5 584.2 599.3 597.6
559.2 564.7 556.9 548.9 549.3 547.4 537.2 523.3 509.9 489.7 471.6 440.6 407.5 385 360.7 344.1 317.3 298.7 278.4 258.9 245.5 230.6 215.4 199.2 182.1 168.1 151.1 132 115.4 102.8 89.2 74.5 63.6 54.2 43.9 42 40.4 40.6 40.6 40.7 41 43.7 51 63.8 78.8 97.1 107.2 135.8 168.9 205.2 226.8 252.9 298.6 314.1 322.8 337.3 350.5 368.4 398 424.2 446.6 462.6 460.4 444.6 450.9 464.2 483.8 504.4 517.8 516.7 519.9 546.5 568.8 589.6 594.4 607.8 618.6 630.2 628
551.5 555.6 546.8 538.6 536.3 530.6 517.6 508.4 507.1 514.6 506 494.4 447.5 413 377.9 345.5 319.5 296.9 276.1 260.1 248.5 231.9 213 196.6 178.9 163.9 146.6 127.6 113.8 99.3 84.1 72 60.2 50.8 43.4 41.6 40.6 40.4 40.8 41.1 42 46.8 58.9 71.9 89.7 105.8 120.8 156.5 173.9 207.1 235.8 274.3 322.1 343.5 341.2 363 370.8 390 427.1 456.1 478.8 471.1 455.2 439.6 457.2 471.6 491.6 503 512.1 508.4 544.7 564.7 589.6 602.9 611.8 613 623.7 636.5 632.3
543 536.8 526.1 519.7 526.9 515.4 507.5 506.6 518.8 521.1 515.5 500.2 471.2 444.9 405.9 371.4 340.5 312.6 288.8 264.8 248.6 229.8 211.3 200.1 179.9 157.8 140.6 124 107.8 91.7 77.6 65 55.7 45.7 41.6 40.9 39.8 40.4 42 43.3 47.6 56.1 72.7 84.8 98.1 118 139.3 166.6 187.8 224.8 249.2 294.3 348.6 356.1 360.3 375.9 386.2 415.7 445.4 481 476.4 464.8 443.9 441.4 465.8 475.2 484.9 500.5 501.4 526.7 555.2 579.3 602.3 611.2 617.4 617.7 627.3 638.8 641
531.7 518.2 507.6 502.6 511.2 514.1 509.9 516.2 526.6 521.2 508 492.4 463 440.5 404.8 371.9 348.1 320.5 297.6 275.1 255 229.6 213.5 197.7 177.8 156.4 141.4 122.7 102.9 87.1 72.6 58.3 51.3 43.8 40.8 40.4 40.6 40.8 43.2 49.4 55.1 74.1 87.4 96.6 110.4 139.7 157.3 181.5 214.6 237 269.6 310.5 363.7 358.1 365.7 389 411.6 452 480.8 477.4 464.4 448.2 448.2 452.9 460 469.8 484.4 482.9 498.1 539.6 564.3 585.7 605.3 615.6 619.8 624.1 633.3 633.7 635.5
510.2 497.8 495.7 496.6 500.1 511 513 515.9 532 514.6 495.5 480.5 449.1 416.9 382 361 341 320.1 302.1 273.7 249.3 234.6 217.8 193.7 171.6 151.9 133.5 116.5 98.2 84.2 70.4 57.1 45.2 41.3 40.3 40.5 40.4 41.3 49.8 57.1 66 86.1 97.8 111.7 124 150.6 169.4 200.4 230.3 261.9 290 339.6 360.8 367.1 381.3 402.6 435.6 473.5 481.3 468.7 456.6 448.7 452 455.2 463.7 467.7 469.6 477.7 515.5 546.1 566.1 591.9 606.7 617.2 621.2 630.1 640.5 647.9 644
487.4 485.1 486.2 489.7 485.3 515.2 513.2 512.9 516.1 496.3 474.5 456.7 427.6 398.4 368.9 353.8 337.1 313.6 294.6 273.4 250.7 227.3 208.7 190.1 169.4 147.7 128.9 113 91.7 76 63.2 52.1 43.2 40.8 38.1 40.8 40.6 44.1 53.8 66.3 87.5 92.9 106 121.7 144.7 166.1 190.4 222.3 247.2 280.9 316.5 347.8 365.4 377.5 406.3 423 441.4 474.4 475.1 457.8 453.1 465.3 455 453.9 461 467.1 470 489.7 522.5 550.5 568.5 589.7 607.4 613 619.7 629.2 652.5 653.1 640.3
474.8 471.2 470.5 472.3 497.6 505.5 507.4 499.6 492.3 472.5 453.7 437.4 408.2 377.9 355.4 349.2 330 317.3 297.6 267.8 245.7 222.4 200.7 182 160.7 144.2 125.5 102.3 84.6 69.2 55.5 47.7 41.5 40.5 40.5 40.5 42.2 50.7 63 82.2 94.5 106.7 117.7 144.6 162.7 188 212.6 248.9 278 314.8 350 358.8 380.8 393 423.5 443 461.4 468.2 464.1 453.9 464.8 464 460.5 458.7 472.8 470.8 474.7 500.9 531.7 552.3 571.7 588.8 603.4 606.7 616.4 625 645.1 651.9 640.2
