UK/data/nj/nj20_OST50GRID_20230518/NJ20.asc
ncols 200
nrows 200
xllcorner 320000
yllcorner 800000
cellsize 50
[rows 0 to 34 of 200, columns 0 to 77 of 200]
541.8 537.6 531.4 520.4 510.1 500.9 495.9 509.9 519.9 530.5 541.8 552.3 559.8 566.3 570.3 569.4 565.2 560.4 554 547.1 539 528.8 515.2 504.1 496.9 486.5 480 490.3 497.9 503.3 508.6 512.6 515.4 519.3 522.2 526.4 526 525.5 527.6 528.9 530 530.1 531 532.6 534 533 529.1 523.3 515.6 508.2 497.9 491.7 483.1 476.1 472.2 473.9 486 492.9 504.7 518.1 527.9 534.9 538.8 537.2 532.9 529.6 523.4 521.4 521.8 520.4 520.4 524.2 526.4 528.4 538.1 545.1 550.3 554.6
535.5 534.5 528.7 519.6 510.1 500.5 495.5 504.6 512.5 522 533.1 543.9 551.4 559.2 563.6 564.6 561.9 557.4 551 543.9 536 525.4 511 499.8 491 482.2 481.7 494.8 503.7 507.8 512.4 514.6 516.1 516.4 517.8 519.2 518.8 519.1 521.1 523.4 524.3 525.2 525.8 527.3 528.9 530.5 527.6 520.7 513.1 505.5 495.8 490.8 480.9 472.8 468.4 469.9 481.8 487.1 499 511.6 522 527.1 529.9 528.6 524.1 517.7 511.4 511 511.4 510.7 510.6 513.3 516 516.9 520.3 526 531.9 535.2
530.4 530.8 527.2 521 513.6 504.9 494.6 495.7 504.8 513.7 524.5 533.5 542.4 550.4 556.9 560 559.4 555.7 548.9 540.7 533 520.4 506.6 496.8 487.6 479.6 482.8 496.4 506.8 512.2 515.3 514.4 513.7 513.6 512.5 512.4 512.9 513.1 514 516.2 518.5 520.1 519.8 519.7 521.4 524.1 523 517.2 510.4 503.4 493.2 489.8 480.2 471.1 467.5 464.6 476 482.2 493.4 504.5 514.4 518.2 520.3 520 515.1 504.8 501.9 500.9 502.3 502.8 502.5 504.4 506.3 508.3 508.7 511 513 515.6
522.1 526.3 526.7 522 514.7 508.3 498.1 489.7 496.7 505.2 513.8 523.1 532.8 541 549.5 554.1 557.2 556 548.4 540.2 530 519 506.2 494 487.6 479.2 474.5 493.9 506.2 512.2 513.5 511.8 510.7 509.8 508.7 507.3 508.6 508.9 509 510.3 511.8 513.3 513.4 512.8 512.3 515.4 515.3 512.1 507.1 501 494.6 487.3 482 473 467.6 461 469.7 476.9 485.7 494.6 505 509.5 510.9 509.4 504 497.9 492.8 488.9 491.8 493.3 494.4 496.4 497 498.2 498.2 498.3 497.3 498.2
515.1 520.6 523.3 519.9 515 509.3 502.4 493 488.7 493.9 502.7 512.5 523.3 532.2 541 548.8 554.1 555 550.8 542.2 531.1 519.8 506.9 493.5 485.9 479.1 472.3 487.7 500 507.4 509.2 509.1 507.2 506 504.9 503.6 503.2 502.4 503.3 504 504.9 506.3 506.9 505.5 504.5 505.8 506.2 504.6 502.2 498.3 492.3 486 481.7 474.6 468.5 461.1 461.8 472.3 479.7 487.8 495.2 500.2 502 499.2 496.1 483 481.6 479.8 479.9 481.1 482.6 484.2 484.5 486 486.1 484 476.7 478.4
507.1 513.8 518.2 518.2 516.5 511.7 507.2 498.6 490.7 485.4 492.2 502.6 512.4 522.3 531.4 541.6 549.1 552.6 549.6 541.4 531.9 520.8 506.3 492.8 484.7 479.3 472.8 480 495 502.6 506.5 506.2 505.5 502.8 501.2 500 498.4 497.1 497.5 497.4 497.3 498.3 499.3 497.7 497.1 497.3 498.4 497.4 497.1 494.8 489.9 484.7 480.4 475.1 469.1 463.1 454.6 466 472.6 480 487.6 493.4 496.2 492.5 485.9 476.6 479.2 476.9 475.3 472.4 467.2 471.1 470.4 472.9 469.7 468.1 470.6 470.3
496.6 503 509.3 513.9 513.9 514.5 510.1 502.7 495.6 487.6 482.8 492.9 502.8 512.3 522.1 532.9 543 548.6 548.6 541.2 531.7 520.1 506.7 492.5 484.8 479.1 473.2 473.9 490.2 499.1 503.7 505.9 504.6 501.9 499.2 496.5 494.1 492.3 491.7 491.7 491.7 491 491.8 491.4 491 490.6 491.3 491.8 491.5 491.7 488.7 483.4 478.7 473.7 468.3 463.1 453.4 458.6 466.4 473.3 479.6 485.3 488.7 486.1 474.9 474.3 473.7 470.6 466.3 463.4 467 466.3 467.8 466 465.5 460.5 463.4 460.5
487.5 492.7 500.1 506.8 511 512.7 509.8 505.6 499.3 491 481.5 484.2 494.1 503.1 513.3 524 535.2 544.5 546.9 541.5 531.8 520.9 507.5 493.8 485.6 480.1 472.8 468.8 486.2 496 502.3 504.2 503.7 501 497.7 494.7 491.3 489.1 486.9 486.2 486 485.8 486.2 486.4 485.8 485.2 485.6 486.3 486.6 487.4 485.5 481.3 476.6 472.2 467.7 462.5 456.2 450.3 458.8 465.5 470.7 475.7 477.8 476.2 470.6 469.5 466.7 460.2 460.2 460.4 462.2 462.3 462.2 460.4 458.8 453.5 455.4 452.8
478.7 483.9 491.1 498.7 505.1 509.9 508.5 505 500.7 492.5 484.9 478.4 484.9 495 505.2 516.5 528.9 539.4 543.4 541.8 532.7 522.2 509.2 497.2 487.8 481 473 466.8 480.6 491.4 498.1 501.5 502.8 501.2 498.1 493.4 489.9 486.4 484.2 482.5 481.1 480.7 480.5 480.8 480.8 480.7 480.9 481.1 481.7 482.9 482.1 479 474.4 470 466.8 461.7 456.2 447 450.9 457.4 463.4 466.6 468.2 461.4 467.2 463.1 460.2 455.6 456.4 455.9 454.9 453.2 453.7 453.4 450.7 447.5 447.6 443.4
471.4 475.7 480.5 487.6 493.3 501.3 503.5 503.2 499.8 493.1 487.7 479.5 478.6 487.9 498.6 510.3 523.3 535.2 541 543.4 535.7 526 513.1 501.1 491.7 483.9 475.5 466.5 475.3 484 494.8 499.4 502 501.9 498.6 494 489.4 485.3 481.8 479.2 477.6 476.4 475.6 475.6 475 475.8 475.8 476.1 477.1 478.1 477.7 475.1 471.5 468 465.3 460.1 455.2 451.1 443.3 450.2 456.3 459.1 459.3 458.9 458.8 457.7 455.2 452.2 450.4 448.7 448.9 448.3 447.4 445.8 443.8 440.6 437.9 433.3
464.8 467.7 470.9 475.4 482 490.8 497.9 498.3 496.9 493.7 488 481.7 475.9 481.5 492.6 504.3 517.9 530.4 540.8 545.3 539.6 529.9 517.8 506 494.9 486.2 478.2 467.5 464.5 479.7 490.5 498.9 503.9 505.2 501.4 496.2 490.9 485.6 481.3 477.6 474.5 473.3 471.8 469.6 468.4 469.5 470.7 471.2 471.7 472.2 472.4 471.6 469.1 466 463.4 459.6 455.5 452.2 447.3 441.3 447.6 450.5 452.3 454.1 453.3 452.9 451.9 447.8 443.7 441.4 441.3 441 440.3 439.2 435.7 431.5 427.7 423.5
454.1 459.3 464.9 470.8 473.4 481.7 489.9 493 493.5 491.1 487.7 481.1 473.2 475.9 487.3 499.8 512 525.5 537.1 545.7 542.4 532.8 521.7 510.1 499.8 488.9 479.1 470.9 462.5 474.8 487.1 496.8 504.1 508.3 506.3 498.6 492.8 487.3 481.4 477.2 473.6 470.7 466.6 465.8 465 464.4 465.4 466.6 466.9 467.1 467.8 466.7 466.4 463.8 460.8 458 455.1 451.9 448.2 440.9 439.3 443.8 446.3 448.8 449.2 448.4 446.2 443.5 440.2 435.8 435.1 434.4 432.8 430.4 428.1 425.3 420.2 415.3
452.9 453.7 457.4 463.3 466 472.5 479 485.2 487.9 488.1 485.1 480 473.7 470.7 483.1 495.5 506.5 519.1 531.6 539.4 539.3 534 523.2 513.3 502.2 491 478.4 470.2 461 471.8 485.8 496.3 505.5 511.6 510.8 503.7 495.6 490.1 483.1 478.5 474.1 468.5 462.1 460.6 461 459.9 460.9 462.6 463.4 464.4 465.4 464.7 463.4 462.3 459 455.7 454.2 450.4 446.7 441.3 434.7 438.2 441.6 443.8 444.1 443.1 441.1 439 436.2 431 430.1 428.1 425.1 422.5 420.1 417.9 414.6 412.1
451.5 450.1 452.8 457.2 457.4 462 469.8 477.3 482.7 484.6 483.3 477.4 471.9 468.8 478.9 490.1 501.5 511.6 522.5 529.2 530.7 529.2 522.1 512.7 501 487.8 475.4 467 460.5 470.8 485.5 497.3 509.1 515.5 515.3 509.1 499.9 492.9 485.5 479.5 474 468 462.2 456.6 455.9 454.8 455.5 457.3 460.5 461.9 463.1 463 462.1 459.2 455.8 452.8 450.7 447.8 444.6 440.9 436.2 431.9 436 442.3 445.9 438.6 435.7 433.5 430.7 427.8 425 422 419.5 417.7 414.3 413.9 412.6 411.1
450.7 449.5 449.6 452.2 451.2 456.3 463.7 469.9 476.8 479.4 479.8 477.4 472.3 467.6 472.9 484.5 494.4 501.6 510.8 516.7 519.6 519.9 515.9 507 495.5 482.2 470.7 457.8 458.8 474.1 487.6 500.3 513.1 521.1 520.5 515 505.5 496.5 487.7 480.1 473.6 467.5 461.8 456 451.3 450.2 450.8 452.7 455.6 459.1 461.1 462 459.5 456 453.2 450.4 447.1 444 442.8 440.7 436.5 429.9 430.6 435 438.4 438.5 431.7 427.7 425.4 423 421.1 418.5 416.6 413.9 412 411.9 409.8 410.1
448.6 449.3 448.4 449.2 451.1 450.9 456.3 464.8 471.2 475.9 477.1 474.8 471.1 465.9 467 477.6 485.3 491.2 496.4 503.4 506.4 507.1 504.3 497.8 487.9 474.8 466.5 457.1 462.7 476.4 491.3 505.5 519 527.3 527.4 521.1 512.1 499.7 490.3 482.5 475.1 467 461.1 455.7 450.3 446.7 447.5 449.4 451 453.8 457.5 457.2 455.3 452.5 449.8 447.8 444.7 444.4 446.2 439.1 433.6 429.8 426.9 430.3 431.4 431.2 426.2 422.9 419.9 417.4 416.6 415.5 414.2 413.3 412.1 411.7 410.8 410.9
451.7 451.9 448.6 449.5 448.6 449.9 452.3 455.9 466.7 474.3 476.7 475.6 471 466.4 463.3 469.6 476.5 481.4 485.6 488.7 491.4 493 490.8 485.6 478.3 470.2 461.5 455.2 466.6 481.1 494.7 508.4 524.4 533.2 532.8 527.7 517.6 504.8 493 485.5 477.5 468.6 460.8 455.5 450.4 445 444.2 445.3 446.9 447.9 450.7 452.1 451.6 449.3 446.1 442.6 438.8 437.6 436.4 434 430.7 427.7 425.5 423.8 426.4 424.3 421.2 417.5 416.1 415.2 414.7 413.2 413.2 413.1 412.2 411.8 411.4 419.8
455.3 451.8 451.2 451.1 450.5 448.5 448.8 452.2 461.7 470.1 474.2 474.1 470.3 466.3 462.4 460.6 467.1 471.3 474.7 478 478.9 480.1 479.7 476.9 472.6 464.9 456.6 453.6 469.1 485.1 497.6 509.5 526.7 536.2 538.1 532.8 523.4 511.7 497.2 486.9 478.5 470.3 462.4 455.4 450 445.1 441.7 441 442.9 444.1 445.3 447.5 446.8 445.7 440.9 435.8 433.4 431.7 429.8 428.7 426.3 423.6 423 421.7 421.5 420.2 417.7 415.8 415.1 414.4 413.5 413.3 411.8 411.7 411.7 411.3 423.4 429.4
463.3 455.9 454.1 452.8 451.4 450 449.1 449.6 455.2 462.5 468.3 470.9 470.1 466.8 462.6 459.2 458.9 463.2 465 467.5 469.4 470.7 470.5 468.9 465.9 458.8 452.5 457.5 473 485.8 499 510.4 526.1 537.1 540.3 535.4 526 514.2 501.5 488.6 478.7 470.1 463.6 455 449.8 445.2 440.9 435.6 438.1 440.3 440.3 443.3 442.8 440.5 436 431.2 428.3 426.6 424.2 421.1 420.6 419.2 418.8 420 419.2 417.9 416.6 415.5 415.2 414.7 414.2 413.4 413.4 419.4 423.8 428.4 433.6 439.3
477.9 466.6 456.9 454.7 453.3 452 450.6 449 451.6 456.7 464.1 469.1 470.2 468 464.5 461.2 456.7 456.1 458.4 460.6 461.5 462.3 463.1 462 460.7 453.6 451.5 460.8 474.2 484.5 498.3 508.9 519.5 531.6 535.8 531.1 523.2 512.6 501.4 488.6 478.5 469.2 461.5 454.9 446.4 441.9 440 436 431.9 434 435.1 437.7 438.6 436.1 429.7 425.6 422.8 421.2 420.5 419.6 418.9 418.5 418.5 417.4 417.3 417.3 416.2 415.6 415.2 414.4 414.1 417.1 423.8 428.9 432.6 438.3 442.7 447.7
481.9 470.7 462 456.6 455.3 453.9 452.2 449.4 449.3 453.2 459.5 465.3 470.6 468.7 466.9 464.7 459.7 457 454.3 453.2 456.3 457.2 458.3 458 455.7 450.9 450.7 461.7 472.1 481.2 493.8 502.5 509.2 518.4 522.6 520.5 513.4 505.2 495.4 485.5 476.4 465.3 458.8 451.6 444.2 440.1 436.9 439.3 433.7 428.3 426 425.9 424.8 424 423.1 422.5 421.8 421.4 420.4 419.4 418.9 418.5 418 417.6 416.9 416.7 415.4 415 419 425.4 427.3 429.9 433.2 437.4 441.7 446.6 450.3 453.4
488.7 478.6 465.7 458.7 456.5 454.9 451.6 450.1 448.7 451.1 455.5 461.4 468.7 469.5 467.5 465.8 462.6 459 455.5 451.5 453.1 453.3 454.4 454.2 450.5 448.5 454.8 464.4 471.5 479.3 485 491.5 494.3 497.4 501.7 501.2 497.3 490.3 482.9 474.6 467.1 460.1 452.4 448.6 445.3 438.1 432.3 428.2 427.1 427 426.1 425.6 425.1 423.6 422.8 422.5 421.9 421.6 420.4 419.4 418.8 418.9 418 416.5 417.4 416.5 421.8 431.2 435 436.5 437.8 440.9 443.6 446.3 449.7 453 456.3 460
492.9 483.3 468.7 461.1 458 454.8 451.3 449.4 450 449.6 452.3 458.7 467.1 468.9 467.9 466.3 463.1 460.1 456.3 453.4 450 451.2 451.8 452.1 447.4 455.1 462.5 467.2 468.5 472.4 473 477.2 479.9 480.4 479.4 480.3 479.2 475.4 467.6 458.7 452.8 448.3 443 436.7 429 428.4 428.3 427.7 426.3 426.5 426.1 425.6 424.9 424.2 423.3 422.4 421.8 421.6 420.4 419.8 419 417.8 418 418.4 427.4 437.3 440.4 441.3 444.5 446.5 449.1 451.9 452.4 454.3 457.1 459.8 464.2 471
495.4 487.5 474.8 464.9 458.7 455.1 452.4 451.6 450.9 448.3 449.7 455 462.2 465.5 466.9 465.8 463.2 460.4 457.6 453.9 449 449.3 448.3 451.1 446.5 455.4 462.6 467.4 465.2 462.7 462.6 463.7 464.7 464.8 461.7 460.1 457.3 453.7 445.6 436.8 432 430.7 430.7 430.2 430.2 429.7 428.4 427.2 426.9 425.9 425.4 425.2 423.9 423.6 423.5 422.5 421.9 421.6 420.7 419.7 420.9 422.5 429.3 434.3 438.3 444.4 448 451.9 453.8 457.7 459.8 462.8 464.1 463.5 466.9 471.3 478.5 482.7
505.9 492.2 483.6 471.5 464.5 457.7 451.4 452.1 450.4 450.3 448.3 451.8 456.4 462.1 464.7 464 462.2 459.2 457.4 453.9 452.2 449.1 446.2 445.4 444.7 444.3 443.8 449.1 458.9 455.8 452.4 452.2 446.7 442.4 441.2 436.4 435.9 434.1 433.9 433 432.4 432.1 431.3 431.2 429.9 430.5 429.5 428.9 428.3 427.3 426.5 426.1 424.9 424.8 425.1 424.3 421.8 421.7 425.4 425.9 428.5 431.6 436.6 441.3 445.3 449.7 454.8 460.4 465.2 469.8 470.6 472.6 476.1 476.8 479.5 483.7 488.4 492.8
520.5 505.7 489.8 479.4 469.8 460.4 455.7 450.4 449.4 450.5 448.7 450.2 451.1 456.9 459.8 460.8 458.1 455.7 455.4 454 452 447.7 446.8 445.2 444.3 443.9 442.8 442.8 442.3 444.4 440.2 439 439.1 437.3 436.7 435.7 435.6 434.3 434.1 433.4 433.5 443.8 447.3 430.7 431.4 431.1 430.4 430 429.5 428.7 428.1 431.5 427 429.7 426.6 429.5 431.8 433.6 434.1 434.2 435 437.2 442.2 447.3 450.8 457 463 469.3 472.9 478.5 481.6 486.7 489.7 493 495.8 499.6 503.2 508.4
528.2 515.3 499.2 483.6 473.5 464 457.8 453.4 450.4 452 451.1 447.9 447.6 451.4 454.5 452.9 451.5 451.3 451.3 451.2 447.6 446.6 446.1 447 446.3 455.5 451.2 442.3 441.6 440.4 440.6 438.7 437.3 437.8 447.7 446.7 449.7 449.3 450.5 446.9 450.5 448.9 448 433.1 431.9 431.7 431.3 431.2 432.9 433.7 431.9 430.2 428.7 429.2 429.6 433.2 436.1 438.5 439 440.7 441.6 443.2 447.7 452.9 458.7 465 470.4 475.7 482.5 488.2 493.6 501.2 508.2 510.1 512.6 515.6 518.9 527.9
535.4 523.6 509.4 493.3 480.4 468.7 461.1 456.7 451.4 452.4 452.2 450.6 451.4 448.8 448.2 450.1 449.9 448.4 450 448.7 446.7 450.5 450.5 453.7 448.4 458.2 460.5 458.7 443.7 442.1 440.6 439 441.5 450.4 450.7 451.6 452.2 451.8 451.7 451.9 450.9 438.6 435 433.4 432.7 432.8 435.4 440.9 449.6 438.1 435 432.2 433.2 434.4 432.2 436.8 440.3 442.8 444.2 446.3 447.2 449.7 453.4 457.9 464.4 470.8 476.6 482.1 489.3 496.6 504.6 513 517.7 521.8 524.5 526.9 535.8 541.8
544.9 532.2 519.3 502.5 487 475 464 459.1 453.9 454.6 452.8 450.9 453.2 452.8 451.1 448.1 449.1 451.8 450.3 451.4 451.5 453.8 455 455.3 456.2 457.5 458.4 458.1 452.6 447.7 449.9 449.8 450.3 451.5 452 452.9 453 452.6 452.3 452.1 442 436.4 434.4 434.4 434.1 438.7 443.7 443.5 445.7 440.6 439.3 436.8 437.8 437.1 435.2 437.6 443.9 447.2 449.4 451.6 453.7 456.3 459.2 463.5 469.6 475.9 483.6 490 496.8 506.4 515.6 522.5 530.7 535.1 536.5 542.1 547.7 551.3
556.6 541.8 527.8 513.8 495.6 480.9 470.1 462.6 457.4 454.5 453.7 451.4 453 454.5 454 450.5 453.6 455.9 460.2 461.1 459.7 459.1 457.7 455.5 458 458.4 459.9 457 452.8 452 450.9 451.4 452 452.7 453.4 454.2 453.5 452.8 452.6 438.8 437.9 435.7 436.3 438.7 446.4 450.5 452.7 451.1 450.6 449.7 446.4 443.8 442.9 441.5 438.4 438.4 445.6 451.9 454.7 456.9 460.3 462.2 465.2 468.9 475.8 483.2 490 496.7 506 515.4 524.2 533.3 542.4 546.1 548.7 553.9 557.3 559.2
568.4 553.4 536.1 521.5 505.1 488.6 477.3 467.6 461.8 456.4 452.8 451.9 454.8 455.6 455.3 451.7 452 454.7 461.3 463.5 461.6 459.5 458.4 457.8 459.4 459.1 459.2 455.9 453.6 453.4 453.6 452.7 452.8 453.4 454.6 454.3 454.3 451.7 441.1 438.2 439.1 449 449.8 454.4 456.7 458.9 461.7 462.5 460.6 458.7 455.9 451.9 449.3 445.9 443.2 442.1 449.2 455.5 460 462.2 466.4 470 472.5 476.3 482.4 489.6 496.5 503.8 513.4 522.6 530.9 540.7 549.9 556.3 559.1 563.4 565.9 565.4
577.2 565.4 545 527.6 512.7 497.4 484.6 474.7 468.2 462.1 457.5 454.1 456.6 456.7 456 454.3 453.3 455.1 461.5 465.5 462.9 460.9 459.3 459.5 459.5 459.3 456.7 455.2 454.5 454 454 453.8 453.1 453.4 455.5 455 452.1 441.3 440 451.2 458.6 461.7 465.8 468.1 468.9 469.9 472.5 471.4 468.9 465.6 463 460 456.5 451.8 447.5 444.3 453.6 459.2 463.6 467.9 472.2 476 479.5 483.7 489.4 496.1 503 511.2 519.6 527.2 539.6 550.1 559.3 566.3 569.4 570.6 571.5 568.5
584.3 574.2 556.1 534.7 518.9 504.9 493.1 481.2 473.1 469 464.5 459.4 458.4 457.2 456.5 455.1 455.4 456.6 462.1 465.1 462.5 461.6 460.6 460.1 459.6 459.6 459.4 456.1 455.4 455 455.6 455.1 454.3 456.4 459.9 455.1 443.8 443.4 459.2 467.1 472 476.3 478.9 480 480.3 482.9 483.2 481.1 476.7 472.7 468.8 466 462.6 457.7 453.6 449.5 456.9 462.8 468 473.3 477.9 481.9 485.8 490.2 496.1 502.9 509.9 516.5 524.3 535.2 548.6 559.3 567.6 574.7 577.3 577.4 574.9 569
591.6 582.4 567.6 547.2 528.4 513.6 503.2 491.8 483 474.8 469.5 464.6 460.9 457.9 456.5 456.2 457.1 459.3 464.2 464.6 462.9 462.3 462.7 464.9 462.3 462.3 462.6 459 457.8 460.2 460.8 461.3 457.9 461.3 460 453.6 444.4 453.3 467.5 477.1 484.6 489.9 490.6 491.6 492.1 492.1 491.7 490 485.6 480.4 475.3 471.4 467.6 462.7 457.9 452.7 459.9 466.1 472.1 478.2 483.3 487.9 492.1 498.3 503.6 510.4 517.3 523.5 532.5 546.5 558.3 568.4 575.1 580.3 582.1 581.9 577.5 571.6
598.2 592.4 581.3 563.5 543.5 527 513.3 501.4 492.1 482.9 477 472.2 467.2 464.9 463.1 462.5 462.6 462.3 463.2 465.8 465.2 464.2 466.6 467.2 466.5 465 462.5 461.6 464.9 464.6 464.6 462.8 463 461.1 456.4 454 443.3 454 470.9 483.4 494.5 499.5 501 501.1 501 500.6 500.1 498.3 494.6 488.2 481.7 477.3 472.1 466.9 461.6 457.2 463.8 469.7 475.3 483.6 489.4 494 500.1 507.2 512.1 518.1 525.1 533.1 543.7 558.4 569.6 576.7 582.3 588 587.8 585.8 579.9 574.1
