UK/data/nn/nn85_OST50GRID_20230518/NN85.asc
ncols 200
nrows 200
xllcorner 280000
yllcorner 750000
cellsize 50
[rows 35 to 69 of 200, columns 0 to 78 of 200]
183 187.6 191.8 195.5 199 195.9 208.9 213.8 219.2 224 228.8 232.3 236.5 240.6 245.5 251 258.3 256.9 262.7 267 268.8 270.9 272.1 274.7 279.8 291.1 297.9 310.6 313.2 319.5 317.5 321.6 317.5 306.4 297.6 292.6 293.7 287.6 287.1 285.4 284.8 284.3 285.6 290.3 300.6 304 303.1 297.9 295.6 294.9 292.8 293.6 288.1 279.8 268.4 237.3 273.7 288.9 294.3 297.9 303.2 307.9 309.7 311.6 314.4 317.3 318 317.5 321.7 323.8 331.8 335 343.2 350.9 357.8 365.9 373.5 380.2 386.4
190.1 193.3 200.9 206.2 208.7 210.2 216 219.1 224.9 228.7 237 239 242.8 247.6 253.8 264.2 269.6 273.1 269.4 274.8 278.7 283.3 284.5 281.4 288.3 301.6 310.9 318.7 329.5 332 329.5 340 331.2 320.2 311.8 311.2 304.3 302 298.7 293.6 293.2 292.4 293.7 294.8 306.8 313.4 311.5 308.8 306 303.8 301.9 299.3 295.9 284.3 246.3 262.4 267.5 297.4 301.8 304.4 307.5 313.6 319.5 319.3 322.3 326 328.6 329.4 328.7 329.9 337.7 343.9 353.5 360.3 372.1 380.7 389.1 394.5 398.7
201.3 203.7 208.8 212.4 215.3 216.9 221.8 225 229.4 233.5 239.5 244.3 249.2 252.9 263.1 274.1 279 283.1 280.2 284.8 287.4 296.7 298.9 290.1 300.1 309.9 323.7 334.2 348.1 352.2 351.5 352.2 343 332.5 322 323.3 316.6 317.1 312.8 307 302.5 300.3 300.4 301.5 305.3 311 312 313.7 313.8 313.9 312 307.5 300.4 285.6 284.4 275.2 286.8 302.5 312.3 316.1 316.3 321.4 327.7 328.6 329.8 331.7 333.6 337.1 336.8 335.3 336.1 349.9 359.3 369.8 380.4 394 403.7 409 415.1
211.4 214.1 217.7 224.3 227.1 227.8 228.6 237 238 243.2 243.3 251.5 262.5 263.8 272.1 280.7 288.1 287.1 286.8 293 300 306.2 307.1 303.8 311.6 322 333.5 347.2 365.1 366.7 361.3 360.7 349 338.5 330.6 326.5 327.1 326.7 326 320.5 315.6 310.6 307.7 307.5 309.6 313.2 318.4 325.5 328.6 326.7 322.3 315.2 298.3 264.9 293.9 296.9 300.9 309 320.2 325.5 325.4 335.9 343.3 340.5 348.5 345.2 344.4 343.8 343.1 340.3 338.7 351.3 361.5 371.3 383.1 401.3 416.6 427.7 434.5
221 222.3 226.2 236.4 237.1 235.3 237.5 245.4 255 256.2 252.1 260.1 272.9 275.4 285.8 298.3 298.4 297.1 301.6 307.5 313.7 320.5 316.2 317.9 326.1 330.6 339 359.5 370.6 371.1 372.1 362.8 354.3 343.3 338.9 333.7 336.8 336.9 338.4 336.1 330.4 326.7 322.1 317.4 316.7 318.1 323.7 327.7 329.2 329.3 324.4 317.6 301.7 286.2 302.6 304.3 308 312.3 321.9 333.8 338.2 347.7 350 358.4 369.6 365.6 364.1 355.5 349.2 350.2 350.3 355.4 362.4 368.4 378.5 399.3 414.1 431.1 447.7
227.7 231.7 234.8 237.8 241.4 243.4 245.8 257.2 270 270.3 267.8 274.1 279.8 288.2 298 308.1 303.3 306 317.1 321.7 326.9 327.5 325.6 328.8 335.7 344.9 353.7 367.1 376.1 376 371.9 368.1 354.5 359.3 348.2 344.6 352.2 347.7 350.9 355.6 350.7 338.9 334.4 329.7 324.3 324.7 325.1 325.7 326.3 326.6 321.9 307.3 282.6 288.6 307.1 309.3 311.9 318.3 328.3 338.6 350.7 354.8 359.9 366.8 375.5 380.3 378.4 371.3 359.1 357.1 361.9 364.1 365.3 370.2 377.3 395.5 410.6 424.5 437.4
230.3 234.4 241.3 244.5 248.9 255.1 252.3 264.2 275.5 277.1 280.9 284.6 292.9 299.1 309.9 317.6 312.7 317.3 328.7 338.1 336.9 335.5 336.2 342.3 349 360.9 367.5 380 382.4 376.8 375.6 375.3 363.1 371.9 365.1 365.1 369.9 366.3 366.6 381.3 372.7 360 349.1 342.7 345.1 339.8 331.9 327.8 326 323.4 320 297.8 287.7 310.1 314.6 314.5 316.4 322.7 334.8 343.6 359.5 365.6 375.3 374.3 387.2 390 388.6 381 369.2 366.2 370.8 370 369.8 374.5 379.6 391.1 408.7 422 436.6
235.3 241 247 251.1 257.3 263 256 267.4 274.5 279.9 286.6 297.5 307.7 307 320 322.4 324.6 332.3 345.5 351.1 347.5 350.4 345.9 353.7 368.9 371.7 380.1 396.8 390.7 386.6 386.3 379 375.8 382.2 382.4 383.3 385.2 386.2 387.6 398.8 399 380.1 365.1 356.4 355.1 350 342.9 337 331.9 325.3 320.3 301.6 295.6 313.8 323 323.2 325 327.3 335.5 354.1 363 371.4 383 385.4 388.4 395 393.5 387.9 382.3 375.9 373.4 373.1 372 376.4 381.8 393.2 406.8 422.9 440
242.5 248.2 253 260 269.3 268.4 267.7 276.6 281.6 288.3 302.5 314.5 321 318.7 323.3 333.2 337.5 342.1 351.6 355.4 354.6 364.4 358.5 361.4 377.3 385.2 392.9 405.6 406.1 394.9 390.2 381.3 390.7 394.2 395 395 394.7 401.9 412.6 416.5 410.8 399 382.1 374.8 364.8 358.9 351.8 344.9 338.2 327.7 312.4 292.9 302 319.8 331.2 333.1 333.1 338.9 346.2 359.5 368 374.3 389.2 394.3 395.9 398 395.3 392.4 392.5 388.6 380.6 376.6 375.4 379.1 387.7 397.5 416.4 426.3 441.3
246 258.6 265.8 273.3 276 277.8 280.1 288.7 297.8 312 318 329.8 329 335.2 330.3 340.5 352.3 352.4 359.7 364.8 371 372.4 366.7 369.6 385.1 393.1 401.8 407.9 414.7 403.3 400.7 399.9 405.9 411 400.8 401.9 407.2 422.4 430 431.4 424.7 411.3 397.5 388.2 378.4 369.9 359.9 350.6 343.8 331.5 305.7 296.2 302.1 323.1 334.1 340.4 345.2 349.9 360.8 369.6 376.6 382.9 389.1 396 399.7 399.5 395.8 396.4 401.4 399.1 388 383.2 379.5 383.7 391.8 406.7 416.2 429.9 441.9
260.3 268.9 276.8 285.1 287.8 292 296.2 294.3 302.9 317.7 327.5 338.9 342.2 344.5 346.2 359.1 364.8 363.7 374.4 380.9 395.2 390.1 380.8 382.9 391.5 400.9 407 413.4 421.6 417.3 409.1 412.4 414.4 418.8 408.1 408.6 424.9 432 441.6 447.5 434.4 421.8 413.8 396.9 386.1 376.5 368.4 360.5 350.2 335.2 306 300.5 311.7 326.2 334.9 342.1 348.4 357 368.1 378.7 382.9 384.6 393.6 394.2 396.3 399.7 397.9 399 403.4 405.5 403.8 396.6 388.6 394.6 398.6 408.1 419.5 431 443.5
272.2 279.1 288.2 295.6 297.7 299 303.2 303 298 320.5 335 346.3 360.9 358.2 362.7 374.8 373.5 379.1 383 396.6 412.2 406.1 391.7 389.1 398.6 405.9 415.5 422.7 428 418.5 416.5 421.9 419.1 424 426.3 430.8 438.2 437.6 439.1 437.8 430.2 429.2 422.5 406.9 390.7 381.7 372.7 365.5 353.8 338.3 315.7 304.3 317.1 332.5 337.6 343.8 351.7 362.2 372.4 382.1 389.4 398.4 400.1 403.6 398.8 399.1 409.3 404.3 407.1 412.3 410.8 405.7 402.4 402.2 408.5 412.6 424.5 434.9 446.1
289.6 297.1 302.5 304.6 305.7 305.4 309.7 316.5 321.5 323.6 342.3 353.9 360.5 368.1 379.5 379.4 391.1 405.8 406 416.9 423.1 411.3 408.1 402.5 403.8 410.7 421.1 421.7 427.1 421.1 424.3 428.6 430.8 430.2 434.2 441.4 443.6 439 432 430 430.4 435.2 424.1 411 402.3 390.4 374.4 366.1 352.3 334 311.8 306.2 327.7 340.8 344.5 349.3 357.5 368.5 377.9 388.2 396.6 405 410.5 415.6 410.5 408.3 418.8 418.7 412.2 416 418.2 417.7 417.9 418.5 419.6 427.4 433.6 439.8 451.5
305.7 311.2 311.3 312.7 313 311.2 322.8 326.3 333.3 330.6 339.5 353.3 363.4 375.3 384.2 385.3 396.3 411.5 415.6 430.1 427 414.4 411.1 412.3 414.1 415.9 422 423.8 422.3 434.2 430.9 435.3 442.2 434.8 443.7 446.8 443.3 438.6 434.7 434.1 453.2 444.6 425.2 411.4 399.6 387.4 375.7 366.1 352.3 327.4 311.6 324.7 340.1 345.3 349.6 356.4 366.3 375.5 385.5 394.2 403 411 420.3 426.9 427.9 424.4 424.2 428.8 428.2 423.8 424.7 423.2 423.4 424.8 426.2 431.5 437.3 443.9 456.1
310.3 312.6 313.8 315.3 319.1 323.4 330.5 336.4 342.3 342.7 348.6 353.2 363.6 376.2 382.6 391.5 398.4 414.6 418.3 428.5 433 419.5 418.5 413 415.2 421.1 427 424.9 427.7 429.8 434.9 445 453.3 448.9 451.7 454.3 451.3 443.8 441.5 463.5 472.5 452.5 430.4 411.3 398.6 386.2 375 364.6 344.9 315.7 323.3 336.1 345.3 351.5 356.9 364.8 375.9 385.2 392.6 400.4 411.3 418.3 427.1 434 433.7 429 434.1 442.6 440.5 433.6 434.6 432.2 435.8 436.6 434.9 438 446.6 452.8 462.9
313.7 316.3 317.3 322.1 326.7 340 342.7 343.2 352.1 357.5 355.6 355.5 364.7 375.3 386 398.5 398.5 412.7 422.4 428.9 427.9 421.7 421 416.1 415.5 427.9 427.6 425.8 426.3 430.7 444.9 455.9 459.9 455.2 464.6 463.4 463.3 451.4 459.3 489.7 472.5 457.6 439.5 413.8 396.3 384.3 373.2 360.1 342.6 319.8 332.1 342.4 351.5 356.9 364.4 372.9 383.6 395.4 406.4 410.7 419.7 426.7 433.3 437.1 438.1 442.9 452.4 460 456.6 447.2 447.1 445.5 447.3 446.5 446.9 448.3 458.7 469.9 476.3
319.6 327.1 327.1 332.3 339.7 345.1 351.8 354.2 364.1 368.3 363.6 354.9 371.1 379.3 387 399.1 401.2 408.3 422.5 429.8 425.6 421.7 422 419.6 420.8 432.9 428 427.1 433.3 439.4 448.5 458.2 471.1 467.1 465.9 468.4 465.3 458.8 490.3 493.6 475.5 456 432.9 411.7 393.6 379.6 368.9 360.8 336.1 324.6 340.8 354.1 358.6 367.8 373.3 380.8 392 405.2 416.9 419.2 429.4 438.4 440.9 444.2 448.1 455.2 465.5 472.8 471.2 465.2 458.4 457.4 457.5 456.3 461 466.2 469.9 478.6 486.7
329.6 333.9 339.1 348.8 356.1 358.4 362.3 367 376.8 375.6 372.8 362.4 377.2 386.8 395 405.1 405.9 410.2 417.6 423.4 419.2 422.2 422.7 421.7 421.7 432 433.1 437.8 447.4 445.2 455.6 464.2 480 475.8 471.2 474.4 467.8 474.1 484.5 487.8 468.7 447.7 428.6 406.9 389.5 375.5 368.1 360.2 338.9 328 352.1 363.5 366.1 375.9 381.5 387.9 401.3 415.7 426.5 430.1 436.8 446.5 452.2 456.1 461.3 464.3 476 479.6 479 479.5 468.9 467.6 467.3 469.6 475.2 478.1 484.2 490 497.9
347.2 351.9 355.1 366.1 368.3 377.6 382.8 381.3 385.2 385.8 382.8 369.1 383.1 391.2 400.7 407.9 408.1 409.9 413.8 415.2 419.5 427.8 426.2 423.4 424.9 433.9 445 450.4 456.1 453.3 466.3 470 475.5 473.2 473.2 476.3 472.9 479.3 482.1 472.2 460.8 444.5 424.3 405.2 387.3 375.5 369.7 362.8 332.5 338.2 359.4 369.8 373.2 384.6 392.8 399.7 411.4 424.6 437.1 444.6 449.3 459.1 461.7 464.8 472.6 478 484.5 488.9 495.9 493.4 483.4 475.1 475.1 478.4 485.6 491.5 496.5 504.2 510.5
360.6 368.5 372.8 380.8 389.3 396.6 397.9 402.4 394.5 397.3 389.5 375.9 387.9 396.9 403.8 408 411 414.3 415 415.9 426.2 429.8 429.1 429.3 435.1 441.6 452.9 468 468.4 472.1 472.7 477.9 475.5 474.7 479 474.3 476.6 479.9 475.8 462.7 449.7 435.6 420.7 403.1 386 377.3 372.2 354.7 331.8 344.1 362.2 371 381.7 392.9 403.7 411 426.7 438.1 449 455.7 459.6 471.6 474.2 477.5 480.3 486.1 494.1 505.6 509.6 512.8 492.8 487.8 485.8 489.7 498.3 503 510.5 517.1 521
381.3 380.7 386.3 397.2 404.3 407.8 407.3 409.3 402.7 403.6 397.4 383.5 393 401.5 407.6 412.2 416.8 418.7 418.2 420.2 422.8 427.6 431.4 440 445.1 449.5 459.6 461.7 466.2 475.5 479.2 481.8 480.4 489 494.3 478.6 483.9 484.5 473.7 456.9 442.2 429.2 413 395.9 385.4 376.6 367.3 346.1 340.6 360.7 368.1 376.7 389.6 401.9 413.2 425.2 436.9 451.1 457.8 465.3 469.7 477.9 481 489.2 491.8 495.9 503.6 515.1 519.6 516.7 513.3 498.7 501.2 510.3 515.7 516.1 522 529.1 534.8
394.9 395.1 401.2 407.9 410.6 415.7 412.8 410.3 405.1 405.7 399.7 391.3 400.2 405 411 418.4 418 418.4 419.1 427.4 426.1 434.2 434.4 446.8 453.2 460.6 464.5 465.9 468.3 470.4 481 480.5 485.4 488.9 489.2 489.1 497.4 491.7 474.1 455.2 436.9 422.1 405.1 391.6 383.4 378.6 352 344.2 354.7 366.1 374.1 386.5 400.5 410.7 423.6 436.9 449.1 458 465.1 472 475.6 481.6 493.4 501.2 506.8 507.4 514.3 520.8 525.2 527.8 526.7 515.3 529.9 529.5 530.1 530.1 533.7 537.4 543.3
409.4 403 412.4 416.3 418.8 418.2 414.2 411.4 408 409.4 408 397 405.5 409.2 409.8 416.2 420.3 419.5 421.8 430 433.7 438.3 442.2 448.7 457.1 466 467.4 475.2 473.2 472.3 477 490 491.2 487.9 489.2 501.5 501.9 489.5 472.1 453.2 433.1 414.4 401 390 380.9 359.9 347.4 356.6 366.2 372.6 378.7 398.3 408 415.7 428.2 442.9 460.5 465.9 470.4 476.7 484.9 484.2 501.2 516 522 519.4 524.3 533.2 538.1 540.3 533.6 540.4 552.9 545.3 548.7 546.2 549.6 552 554.5
421.7 419.3 416.1 416.6 424.1 421.8 415.3 416.9 413.2 407.2 403.4 400.2 406.6 411.1 412.7 419 420.3 421 425.9 431.2 436.8 439.4 448.4 456.1 458.3 468.4 468.3 470.7 471.5 481.6 492 500.7 494.8 492.9 499.9 498.5 495.6 485 471.1 452 430.7 412.2 397.9 387.6 370.3 350.2 352.2 370.3 375.1 377.5 388.4 403.1 415.5 422.1 432 450.4 464.3 474.5 480.7 484.6 492.7 501.6 509.4 525.2 539.6 533.1 536.3 546.9 547.7 551.1 540.4 563.2 564.1 562.3 562.9 564.1 562.9 561.9 566.6
426.8 426.3 425.7 426.3 429.8 426.5 419.4 423.1 416.8 417.4 407.2 403.8 406.9 412.6 417 422.8 428 430.5 428.1 435.5 437.2 441.7 446.4 454.7 464.4 471.9 470.2 471.6 476.6 483.8 494.3 497.5 500 513.9 505.7 500.5 490.8 478.4 466.1 449.5 432.8 412.7 398.1 384.4 361.9 356.7 374.6 380.3 382.4 384.7 393.4 406.1 417.9 439.4 447.9 451.3 461.4 473.8 488.5 493.2 506.8 521.2 521.7 536.7 549.1 544.4 547.2 548.7 556.1 551.3 556.3 576.1 574.3 578.2 580.6 578.1 575.4 578.7 581.2
438.8 442.2 444.3 439.5 433.1 430.5 434.2 429 421.3 417.6 409.8 408.6 407.3 419.4 423.2 428.1 431.4 434.8 433.3 437.4 440.1 441.2 447.3 458.5 468.5 475 473.5 476.2 477.9 484.3 492.2 499.6 515.6 518.7 513.8 503.6 490.8 476.9 460.6 447 432.4 413 397 380.9 356.1 372.6 385.9 386.8 388.4 391.7 403 412.7 431.7 449.4 457.4 461.8 463.3 472.7 483.2 494.3 512 529.3 545 552.1 554.7 552.9 557.7 556.6 557.4 551.5 568.5 576.8 586.7 586 587.2 589 595.7 591.4 597.3
445.4 454.8 458.1 458 445.9 447.1 442.6 433.8 425.5 421.8 418.5 414.9 411.9 422.3 428 432 434.5 438.7 440 439.8 444.5 449.9 458.4 463.6 471.5 475.2 475 474.6 481.5 485.4 492.2 499.8 502.5 504.9 503.8 498.5 489.8 477 460.4 444.1 428 410.1 394.8 379.3 359.7 386.7 389 391.9 393.8 400.8 414.6 426 440.1 452.6 469.2 466.6 467.7 479.9 493 507.9 524.6 542.1 555.1 561.9 563.9 560.8 561.1 561.1 556.3 562 575.5 581.3 588.5 589.8 596.1 598.5 606.9 607.5 608.1
450.3 459.8 460 460.2 456.5 453 447.1 438.6 429.6 426.6 419.9 421.2 420.3 425.3 430.9 432.7 437.1 439.2 441.9 444.2 451.7 457.2 462.6 470.1 473 478.2 475.5 479.3 482.6 490 491.9 493.3 493 493.9 490 487.4 482.7 473.5 463.1 442.5 426.7 407.5 395.6 382.7 362.6 382.1 389.5 393.8 398.9 409.2 429.6 443.5 460.2 466.5 469.4 468.2 472 482.4 495.6 516.5 533.1 551.8 559.6 565.4 568.7 563.6 562.6 563.6 556.9 570.7 580.2 580.8 583.7 593 598.5 606.2 612.8 620.7 626.1
446.1 454.3 467 473.5 462.7 450.6 447 436.6 431.5 424.1 425.1 424.4 425.4 426.5 431.6 434.7 436.4 443.9 449.7 454.7 457.9 461.5 468.1 474.9 475.8 482.3 477.9 481.4 486 493.3 493.7 493.8 489.2 486.6 484.3 479.8 474.5 465.5 458.6 446.9 427.9 409.8 399.8 389.4 366.3 379.8 390 396.7 404.2 418.2 439 457.5 465.1 477.5 470.6 470.3 474 491.7 510.8 528.5 542.7 550.8 553.3 555.6 563 564 561.6 559.2 557.4 570.7 575.7 574.8 576.8 587.8 597.2 606.5 619.2 634 638.8
455.8 462.1 469.5 474.4 470.4 453.7 444 438.1 429.9 431.5 431.8 429.1 425.8 428.7 430.4 433.1 443.3 446.3 453.6 461.2 462.5 468.8 473.3 478.8 480.8 485.5 482.4 491.8 493.2 495.7 492.8 490 486.6 482.3 478.8 473.6 467.5 460.8 456.5 449.5 436.3 414.8 404.8 392.2 369.1 383.3 392.1 400 408.7 424.2 443.7 458.5 466.8 471.7 471.4 470.9 483 503.4 517.5 525.8 539.4 539.7 544.3 559 558.1 557 557.5 550.7 557.1 568.2 572.4 569.3 575.3 582.5 592 604.7 621.4 638.3 646.2
455.2 470.4 472.3 481.6 471.6 455.5 446.2 436.4 435.1 436.8 432.7 433 428.5 428.2 436.6 442 447 451.6 462.5 465.3 469.3 471.5 481.5 488 489.1 488.6 494.5 498.2 502.2 503.3 493.9 487.2 483.8 478.8 478 470.3 462.5 457.3 452.1 445.7 434.5 422 409.9 398 381 374.9 390.7 398.9 409.9 419.9 436.6 456.4 468.3 473.9 470.3 471.7 482.3 499.7 512.5 520.7 522.1 529.5 548 554.2 553.3 551.7 545.1 545.6 557.1 561.4 563.1 564.8 568.1 582.3 587.5 596.4 619.4 636.9 651
450.1 464.3 474.1 481.2 473.3 456.7 442.6 441.3 441.8 438.2 436.6 433.9 429.6 437.4 440.4 445.4 452.3 459.9 464.6 471.5 479.7 485.7 493 496.1 494.3 491.2 497.8 502.6 502.1 499.5 498.3 497.5 489.4 481.7 478.3 471 466.4 455.8 449.5 442.3 433.7 425.8 417.1 407 393 374.7 390.9 398 404.2 415.9 424.9 442.2 460.8 468.4 467.9 469.6 478.2 488 494.9 504.6 515.1 527.6 535.9 539.1 537.9 533.2 531.3 542 549.8 554.5 553.7 557 564.7 571.7 582.6 593.8 615.1 633.5 647.5
444.1 451.9 467.2 475.8 472.3 458.4 446.9 442.8 442.8 441.6 442.3 438.7 432.6 439.1 441.3 445.3 452.5 461.1 468.2 477.7 488.6 495.5 501.4 503.6 497.7 503.5 508.4 511.8 509.6 511.2 506.9 508.2 497.4 486.6 478.8 476.7 467.3 459 449.2 443.9 434.8 427.3 423.7 414.6 403.6 391.3 378 390.1 403.5 410.2 421.5 436.6 448.7 456.3 463.1 467.8 474.1 479.5 485.7 497 507.1 515.6 520.4 521.4 517.1 510.6 522.8 531.3 537.8 541 543.5 549.4 557.6 567.4 578.2 597.1 613.6 628.7 643
435.5 445.5 461.8 463.1 462 459 450.6 443.9 445.4 446 441.8 438.6 437 439.8 445.3 452.7 460.6 468.1 478.6 486.1 495.1 502.3 509.3 511.5 507.2 521 520.5 525.7 521.5 514.9 514.5 516.2 508.3 491.9 484.8 480.4 468.8 462.3 448.5 445.3 439.6 432.4 429.2 422.3 413.4 402.3 394.7 386.5 390.6 400.6 415.8 431.1 440.4 447.5 452.2 460 468.3 473.2 479.4 485.9 494.5 499.8 503.1 505.4 500.5 503.3 516.1 523.9 525.5 529.5 535.7 544.5 552.4 561.5 569.2 594.2 607.4 624.5 632.9
427.4 436.5 446.1 457.1 465.9 460.1 450.5 450.8 452.6 450.2 443.3 443.8 440.7 443.7 450.2 460.4 468.1 479.4 489.9 500.2 505.3 512.5 517.7 516.7 520.1 531.2 539.7 536.5 526.7 524.2 525.2 523.3 509.4 501.7 501.3 489.5 478.8 475.2 460.5 451.5 444.2 440.7 440.2 433.4 421.4 411.9 406.3 403.4 397.3 394.7 405.4 420.3 430.4 438.1 444.2 449.2 459.4 465.8 470.6 476.8 485.4 493.9 500.6 500.4 493.9 504.1 513 518.2 520.9 524 529.8 536.7 547.7 552.9 564.3 579.4 592.5 613.3 625.7
