WholeMapElevations/data/ta/ta18_OST50GRID_20230518/TA18.asc
ncols 200
nrows 200
xllcorner 510000
yllcorner 480000
cellsize 50
[rows 152 to 189 of 200, columns 0 to 83 of 200]
67.1 66.9 67.7 68.7 68.3 65.5 63.3 62.3 61.9 62.2 61.8 61.5 63.3 63.1 63.1 63.8 64.7 65.6 65.6 65.4 66.4 61.4 4.4 1.3 0.9 3.6 14.6 1.8 -1.6 -1.6 -1.6 -1.6 -1.6 -1.6 -1.6 -1.6 -1.6 -1.6 -1.6 -1.6 -1.6 -1.6 -1.6 -1.6 -1.6 -1.6 -1.6 -1.6 -1.6 -1.6 -1.6 -1.6 -1.6 -1.6 -1.6 -1.6 -1.6 -1.6 -1.6 -1.6 -1.6 -1.6 -1.6 -1.6 -1.6 -1.6 -1.6 -1.6 -1.6 -1.6 -1.6 -1.6 -1.6 -1.6 -1.6 -1.6 -1.6 -1.6 -1.6 -1.6 -1.6 -1.6 -1.6 -1.6
63.2 64 65 65.1 64.2 62.5 59.9 58.8 58.5 58.3 57.6 57.7 59.8 59.4 60.4 61.4 62.4 63 62.8 62.7 63.2 63.8 64.3 61.8 54.8 62.9 66.1 63.1 25.4 1.6 -1.6 -1.6 -1.6 -1.6 -1.6 -1.6 -1.6 -1.6 -1.6 -1.6 -1.6 -1.6 -1.6 -1.6 -1.6 -1.6 -1.6 -1.6 -1.6 -1.6 -1.6 -1.6 -1.6 -1.6 -1.6 -1.6 -1.6 -1.6 -1.6 -1.6 -1.6 -1.6 -1.6 -1.6 -1.6 -1.6 -1.6 -1.6 -1.6 -1.6 -1.6 -1.6 -1.6 -1.6 -1.6 -1.6 -1.6 -1.6 -1.6 -1.6 -1.6 -1.6 -1.6 -1.6
60.7 61.1 61.6 61.2 60.2 58.9 57.5 55.5 55.1 54.8 54.3 54.7 55.8 56.9 57.9 58.8 59.5 60.3 60.3 60.5 61.3 61.6 61.6 61.9 62.8 64.3 65.4 66.7 66.7 27.8 7 -1.6 -1.6 -1.6 -1.6 -1.6 -1.6 -1.6 -1.6 -1.6 -1.6 -1.6 -1.6 -1.6 -1.6 -1.6 -1.6 -1.6 -1.6 -1.6 -1.6 -1.6 -1.6 -1.6 -1.6 -1.6 -1.6 -1.6 -1.6 -1.6 -1.6 -1.6 -1.6 -1.6 -1.6 -1.6 -1.6 -1.6 -1.6 -1.6 -1.6 -1.6 -1.6 -1.6 -1.6 -1.6 -1.6 -1.6 -1.6 -1.6 -1.6 -1.6 -1.6 -1.6
58.7 59.2 59.3 58 56.9 55.5 53.9 52.4 51.7 51.9 51.9 53 53.3 54.4 55 55.7 56.4 57.2 57.7 58.4 59.3 59.4 58.9 58.9 60.1 61.9 63.1 63.7 64 64.6 65.9 32.7 5.1 2.1 1.5 -1.6 -1.6 -1.6 -1.6 -1.6 -1.6 -1.6 -1.6 -1.6 -1.6 -1.6 -1.6 -1.6 -1.6 -1.6 -1.6 -1.6 -1.6 -1.6 -1.6 -1.6 -1.6 -1.6 -1.6 -1.6 -1.6 -1.6 -1.6 -1.6 -1.6 -1.6 -1.6 -1.6 -1.6 -1.6 -1.6 -1.6 -1.6 -1.6 -1.6 -1.6 -1.6 -1.6 -1.6 -1.6 -1.6 -1.6 -1.6 -1.6
57.1 57.1 56.7 55.2 53.8 52.2 50.7 49.4 49.6 49.8 50.9 51.2 50.8 51.2 51.9 52.6 53.2 54.1 55.1 56 57 57 56.2 55.7 58 59.6 60.4 61 62 62.7 63.6 63.6 63.8 61.9 41.8 14.1 1.1 -1.6 -1.6 -1.6 -1.6 -1.6 -1.6 -1.6 -1.6 -1.6 -1.6 -1.6 -1.6 -1.6 -1.6 -1.6 -1.6 -1.6 -1.6 -1.6 -1.6 -1.6 -1.6 -1.6 -1.6 -1.6 -1.6 -1.6 -1.6 -1.6 -1.6 -1.6 -1.6 -1.6 -1.6 -1.6 -1.6 -1.6 -1.6 -1.6 -1.6 -1.6 -1.6 -1.6 -1.6 -1.6 -1.6 -1.6
54.9 54.6 53.9 52.5 51.5 49.2 48.2 47.7 48 49.1 50 49 47.9 48.4 49.2 49.4 50.1 51 51.9 52.9 53.9 53.3 52.9 54.1 55.6 56.4 57.6 58.7 59.7 61 61.9 62 60.9 60.3 60.5 61.2 45.5 5.1 -1.6 -1.6 -1.6 -1.6 -1.6 -1.6 -1.6 -1.6 -1.6 -1.6 -1.6 -1.6 -1.6 -1.6 -1.6 -1.6 -1.6 -1.6 -1.6 -1.6 -1.6 -1.6 -1.6 -1.6 -1.6 -1.6 -1.6 -1.6 -1.6 -1.6 -1.6 -1.6 -1.6 -1.6 -1.6 -1.6 -1.6 -1.6 -1.6 -1.6 -1.6 -1.6 -1.6 -1.6 -1.6 -1.6
52.2 52.2 51.3 50.1 49.1 47 46.5 46.4 46.5 46.9 47.9 47.2 45.8 45 46.8 47.3 47.2 47.8 48.7 49.7 50.9 50.4 50.3 51.5 52.7 53.2 54.1 55.9 57.3 58.5 59 59.2 58.6 57.8 57.2 57.6 57.8 54.6 3.6 1.3 -1.6 -1.6 -1.6 -1.6 -1.6 -1.6 -1.6 -1.6 -1.6 -1.6 -1.6 -1.6 -1.6 -1.6 -1.6 -1.6 -1.6 -1.6 -1.6 -1.6 -1.6 -1.6 -1.6 -1.6 -1.6 -1.6 -1.6 -1.6 -1.6 -1.6 -1.6 -1.6 -1.6 -1.6 -1.6 -1.6 -1.6 -1.6 -1.6 -1.6 -1.6 -1.6 -1.6 -1.6
49.4 48.9 48.3 47.5 46.6 45.3 45.2 45.4 45.1 44.9 45 44.4 43 43.3 43.5 44.5 44.4 44.9 45.6 46.8 48 47.6 48.8 49.1 49.8 50.4 51.5 52.9 54.5 55.4 56.1 56.3 55.7 55.2 54.1 54.3 54.7 55.1 55.2 39.2 2.2 -1.6 -1.6 -1.6 -1.6 -1.6 -1.6 -1.6 -1.6 -1.6 -1.6 -1.6 -1.6 -1.6 -1.6 -1.6 -1.6 -1.6 -1.6 -1.6 -1.6 -1.6 -1.6 -1.6 -1.6 -1.6 -1.6 -1.6 -1.6 -1.6 -1.6 -1.6 -1.6 -1.6 -1.6 -1.6 -1.6 -1.6 -1.6 -1.6 -1.6 -1.6 -1.6 -1.6
46 45.5 45.1 44.3 43.8 43.7 43.5 43.2 42.9 42.7 42.3 41.6 41 41.2 41.4 41.7 41.9 43 43.8 44.4 45 46 47.5 47.5 47.6 48.1 49.5 50.6 52 52.7 53.3 53.4 53.1 52.5 52.5 51.9 51.8 52.2 53.2 54.1 44.2 1.7 -1.6 -1.6 -1.6 -1.6 -1.6 -1.6 -1.6 -1.6 -1.6 -1.6 -1.6 -1.6 -1.6 -1.6 -1.6 -1.6 -1.6 -1.6 -1.6 -1.6 -1.6 -1.6 -1.6 -1.6 -1.6 -1.6 -1.6 -1.6 -1.6 -1.6 -1.6 -1.6 -1.6 -1.6 -1.6 -1.6 -1.6 -1.6 -1.6 -1.6 -1.6 -1.6
42.6 42 41.6 42 42 42.2 42 41.8 41.5 41.1 40.7 40.1 39.5 39.4 39.9 40.5 40.7 41.3 42.1 42.7 43.5 44.8 46.1 46.5 46 46.8 47.8 48.9 49.7 49.9 50.4 50.5 50.4 50.8 50.8 50.2 49.7 49.4 51.6 52.9 52.5 51.8 42.7 2.8 0.8 -1.6 -1.6 -1.6 -1.6 -1.6 -1.6 -1.6 -1.6 -1.6 -1.6 -1.6 -1.6 -1.6 -1.6 -1.6 -1.6 -1.6 -1.6 -1.6 -1.6 -1.6 -1.6 -1.6 -1.6 -1.6 -1.6 -1.6 -1.6 -1.6 -1.6 -1.6 -1.6 -1.6 -1.6 -1.6 -1.6 -1.6 -1.6 -1.6
38.7 39.1 39.4 40 40.3 40.5 40.6 40.3 39.9 39.8 39.8 39.3 38.7 38.5 38.8 39.3 39.9 40.5 41.1 41.7 42.5 43.8 44.7 45.5 46.1 46.2 46.5 47.2 47.5 47.6 47.7 48.7 49.8 49.7 49.2 48.6 48 48.5 49.9 50.9 50.5 50.2 50.1 50.1 45.3 -1.6 -1.6 -1.6 -1.6 -1.6 -1.6 -1.6 -1.6 -1.6 -1.6 -1.6 -1.6 -1.6 -1.6 -1.6 -1.6 -1.6 -1.6 -1.6 -1.6 -1.6 -1.6 -1.6 -1.6 -1.6 -1.6 -1.6 -1.6 -1.6 -1.6 -1.6 -1.6 -1.6 -1.6 -1.6 -1.6 -1.6 -1.6 -1.6
37.4 37.5 37.5 37.9 38.5 39.2 39.7 39.5 39.4 39.3 39.2 38.7 38.4 38.5 38.7 38.9 39.6 40.3 40.7 41.2 41.7 43 44 45 45.1 45.1 45.4 45.8 45.9 45.7 46.3 47.7 48.6 48.2 47.8 47 46.8 47.5 48.5 49 48.9 48.9 48.9 49.6 51.1 50.8 50.4 50.2 -1.6 -1.6 -1.6 -1.6 -1.6 -1.6 -1.6 -1.6 -1.6 -1.6 -1.6 -1.6 -1.6 -1.6 -1.6 -1.6 -1.6 -1.6 -1.6 -1.6 -1.6 -1.6 -1.6 -1.6 -1.6 -1.6 -1.6 -1.6 -1.6 -1.6 -1.6 -1.6 -1.6 -1.6 -1.6 -1.6
36.4 36.9 36.8 37 38.1 39.2 39.4 39.3 39 38.7 38.6 38.3 38.4 38.5 38.6 38.6 39.3 39.9 40.4 40.8 41.4 42.3 43.4 44.1 44 44 44.2 44.6 44.9 44.8 45.3 46.5 46.7 46.5 46 45.5 46.3 46.9 47.4 47.4 47.4 47.3 48.2 49 49.5 49 48.5 47.5 46.1 -1.6 -1.6 -1.6 -1.6 -1.6 -1.6 -1.6 -1.6 -1.6 -1.6 -1.6 -1.6 -1.6 -1.6 -1.6 -1.6 -1.6 -1.6 -1.6 -1.6 -1.6 -1.6 -1.6 -1.6 -1.6 -1.6 -1.6 -1.6 -1.6 -1.6 -1.6 -1.6 -1.6 -1.6 -1.6
36.2 36.4 36.3 36.2 37.8 39 39.1 39.1 38.8 38.5 38.2 38.2 38.3 38.4 38.4 38.4 39 39.6 40 40.3 41.1 41.9 42.8 43 43 43 42.8 43.3 43.7 44 44.5 44.9 45 44.1 43.2 43.6 44.6 45.4 45.6 45.8 45.7 45.8 46.8 47.8 48 47.2 46.8 45.2 43.7 43.5 43.2 -1.6 17.8 -1.6 -1.6 -1.6 -1.6 -1.6 -1.6 -1.6 -1.6 -1.6 -1.6 -1.6 -1.6 -1.6 -1.6 -1.6 -1.6 -1.6 -1.6 -1.6 -1.6 -1.6 -1.6 -1.6 -1.6 -1.6 -1.6 -1.6 -1.6 -1.6 -1.6 -1.6
36 36 35.9 35.9 36.9 37.8 38.3 38.9 38.7 38.5 38.3 38.2 38.3 38.4 38.3 38.3 38.8 39.2 39.5 39.9 40.8 41.6 41.8 42.1 42.1 42 41.8 41.5 41.9 42.4 43.4 43.9 44 42.5 41 40.9 41.6 42.4 42.9 43.5 43.9 44.4 45.1 45.7 46.8 46.3 44.5 43.6 42.7 42.9 43.4 41.6 40.5 28.6 1 -1.6 -1.6 -1.6 -1.6 -1.6 -1.6 -1.6 -1.6 -1.6 -1.6 -1.6 -1.6 -1.6 -1.6 -1.6 -1.6 -1.6 -1.6 -1.6 -1.6 -1.6 -1.6 -1.6 -1.6 -1.6 -1.6 -1.6 -1.6 -1.6
35.2 35.3 35.4 36 36.4 37.6 38.9 38.9 38.8 38.6 38.3 38.2 38.2 38.3 38.2 38.2 38.4 38.7 38.9 39.6 40.4 40.3 40.6 41 41.1 41 40.8 40.4 40.2 41.1 42.3 42.8 42.1 40.4 39.4 39.4 39.3 39.7 40.2 40.7 41.4 42.3 43 43.7 44.1 43.9 43.7 43.6 42.6 31.5 31.5 31 37 40.9 38.5 34.9 20.1 26.1 27.6 20.6 1.4 -1.6 -1.6 -1.6 -1.6 -1.6 -1.6 -1.6 -1.6 -1.6 -1.6 -1.6 -1.6 -1.6 -1.6 -1.6 -1.6 -1.6 -1.6 -1.6 -1.6 -1.6 -1.6 -1.6
33.6 34.7 36.6 37.7 38.6 39.1 39 39 38.9 38.6 38.4 38.2 38.3 38.3 38.3 38.3 38.2 38.1 38.4 39.1 39 38.9 39.3 39.8 40.2 40 39.7 39.4 39 39.6 41.2 41.5 40.6 39.5 38.6 38 38 37.9 38.1 38.5 39.3 40.3 41 41 41.5 41.6 41.7 41.4 24.3 4.4 1.9 1.7 1.8 4.3 21.9 32.1 37.7 40.6 40.9 38.4 10.3 -0.3 -1.6 -1.6 -1.6 -1.6 -1.6 -1.6 -1.6 -1.6 -1.6 -1.6 -1.6 -1.6 -1.6 -1.6 -1.6 -1.6 -1.6 -1.6 -1.6 -1.6 -1.6 -1.6
36.3 33.7 37.1 39.3 40.7 41.4 40.4 39.9 39.7 39.3 38.8 38.4 38.6 38.6 38.6 38.8 38.9 38.3 37.8 37.6 37.5 37.4 38.1 38.6 39.2 39 38.6 38.2 37.8 38.3 39.7 40.7 40.3 39.2 38.3 37.6 37.4 37.5 36.9 37.1 37.7 38.7 39 38.9 39.1 38.7 38.8 24.8 1.4 1.6 1 0.6 0.5 0.3 1.3 0.8 10.2 14.5 18.9 26.6 32.3 4.6 1.7 0.6 -1.6 -1.6 -1.6 -1.6 -1.6 -1.6 -1.6 -1.6 -1.6 -1.6 -1.6 -1.6 -1.6 -1.6 -1.6 -1.6 -1.6 -1.6 -1.6 -1.6
33.8 34.2 36.9 37.6 40.9 45.3 42 40.8 40.5 40.1 39.6 38.9 38.9 38.9 39.1 39.4 39.4 38.4 37.5 37.2 37 36.8 37.3 37.6 38.1 38 37.6 37 36.6 37.2 38.5 39.7 40 38.9 38 37.4 37.6 37.3 36.6 35.9 36.1 36.9 36.9 37.6 37.9 37 29 1.8 1.4 0.7 0.2 -0.4 -0.9 -1.6 -1.6 -1.6 -1.6 -1.6 1.1 1.8 1.7 1.3 2.1 2.3 1.9 0.6 -1.6 -1.6 -1.6 -1.6 -1.6 -1.6 -1.6 -1.6 -1.6 -1.6 -1.6 -1.6 -1.6 -1.6 -1.6 -1.6 -1.6 -1.6
35.3 35.6 37.5 40.3 41.6 41.6 38.7 41.4 41.3 40.6 40.2 39.6 39.5 39.6 39.8 40.2 39.5 38.3 37.3 37 36.7 36.5 36.9 37 37.2 37.1 36.5 35.9 35.6 36.2 37.2 38.1 39.2 39 38.2 37.8 37.7 37 36.3 35.6 35 35.4 36 36.3 36.6 25.2 9.8 1.6 0.9 0.1 -0.6 -1.6 -1.6 -1.6 -1.6 -1.6 -1.6 -1.6 -1.6 -1.6 -1.6 -1.6 -1.6 -1.6 1.7 1.5 1.9 1.9 1.7 1.8 1.9 -1.6 -1.6 -1.6 -1.6 -1.6 -1.6 -1.6 -1.6 -1.6 -1.6 -1.6 -1.6 -1.6
35.7 37.1 38.8 40.1 40.1 40.1 40.8 41.3 38.7 40.9 40.4 40.4 40.5 40.5 40.6 40.6 39.7 38.4 37.2 36.7 36.5 36.2 36.5 36.5 36.5 36.2 35.5 34.8 34.6 35.2 36 37.2 38.2 38.5 38 38 37.7 37 36.3 35.6 34.8 32.1 35.5 35.6 36.1 13.9 1.9 1 0.3 -0.5 -1.6 -1.6 -1.6 -1.6 -1.6 -1.6 -1.6 -1.6 -1.6 -1.6 -1.6 -1.6 -1.6 -1.6 -1.6 -1.6 -1.6 -1.6 -1.6 -1.6 -1.6 -1.6 -1.6 -1.6 -1.6 -1.6 -1.6 -1.6 -1.6 -1.6 -1.6 -1.6 -1.6 -1.6
37.4 39.5 40.9 40.5 39.8 39.2 39.5 39.7 39.1 39.4 38.9 42.2 41.6 41.7 41.2 40.9 39.8 38.5 37.2 36.5 36.2 35.9 36 36 35.9 35.4 34.8 34.1 33.7 34.1 35 36 36.9 36.9 36.4 36.5 36.6 36.8 36 35.2 34.9 31.2 24.5 28.8 22.8 2.4 1.3 0.5 -0.3 -1.6 -1.6 -1.6 -1.6 -1.6 -1.6 -1.6 -1.6 -1.6 -1.6 -1.6 -1.6 -1.6 -1.6 -1.6 -1.6 -1.6 -1.6 -1.6 -1.6 -1.6 -1.6 -1.6 -1.6 -1.6 -1.6 -1.6 -1.6 -1.6 -1.6 -1.6 -1.6 -1.6 -1.6 -1.6
38.3 40.6 41.8 41.6 40.6 39.5 38.2 37.7 37.8 38.9 40.8 41.8 39.3 42.2 41.6 40.6 39.5 38.2 37.2 36.6 36.1 35.8 35.8 35.8 35.7 35.1 34.6 33.6 33.1 33.2 33.6 34.6 35.2 35.2 35 35 35.2 35.7 35.4 35 35 34.8 33.4 24.3 8.4 1.6 0.8 0 -0.8 -1.6 -1.6 -1.6 -1.6 -1.6 -1.6 -1.6 -1.6 -1.6 -1.6 -1.6 -1.6 -1.6 -1.6 -1.6 -1.6 -1.6 -1.6 -1.6 -1.6 -1.6 -1.6 -1.6 -1.6 -1.6 -1.6 -1.6 -1.6 -1.6 -1.6 -1.6 -1.6 -1.6 -1.6 -1.6
38.8 41.2 42.1 42 40.9 39.5 37.5 36.7 37 38.4 40.3 41 41.3 41.8 41.4 40.4 39.1 38.1 37.5 36.9 36.3 35.8 35.8 35.8 35.8 35.4 34.8 33.9 32.7 31.9 32.1 33 32.6 32.7 33.6 33.6 34.2 34.8 35.3 35.1 34.9 34.8 34.5 24 2 1.1 0.3 -0.5 -1.6 -1.6 -1.6 -1.6 -1.6 -1.6 -1.6 -1.6 -1.6 -1.6 -1.6 -1.6 -1.6 -1.6 -1.6 -1.6 -1.6 -1.6 -1.6 -1.6 -1.6 -1.6 -1.6 -1.6 -1.6 -1.6 -1.6 -1.6 -1.6 -1.6 -1.6 -1.6 -1.6 -1.6 -1.6 -1.6
38.9 40.9 42.3 42.4 41.1 39.7 38 36.4 36.5 37.9 39.7 40.1 40.4 40.3 40.3 39.1 38.7 38.5 38 37.4 36.9 36 35.8 35.8 35.7 35.7 35.1 34.1 32.8 31 30.6 30.2 29.6 31.2 32.4 32.8 34 35.4 35.9 35.7 35.4 35.1 34.4 7.7 1.5 0.7 -0.1 -1 -1.6 -1.6 -1.6 -1.6 -1.6 -1.6 -1.6 -1.6 -1.6 -1.6 -1.6 -1.6 -1.6 -1.6 -1.6 -1.6 -1.6 -1.6 -1.6 -1.6 -1.6 -1.6 -1.6 -1.6 -1.6 -1.6 -1.6 -1.6 -1.6 -1.6 -1.6 -1.6 -1.6 -1.6 -1.6 -1.6
40.1 40.9 41.9 42.2 41.2 39.8 38.3 36.4 36.4 37.3 38.8 38.9 38.9 38.8 38.7 38.9 38.8 38.9 38.5 38 37.5 36.2 35.9 35.8 35.7 35.7 35.4 34.2 33 31.8 29.8 28.1 24.5 27.2 31 32.3 33.5 34.9 36.5 36.4 36.1 35.6 19.3 1.9 1.1 0.3 -0.5 -1.6 -1.6 -1.6 -1.6 -1.6 -1.6 -1.6 -1.6 -1.6 -1.6 -1.6 -1.6 -1.6 -1.6 -1.6 -1.6 -1.6 -1.6 -1.6 -1.6 -1.6 -1.6 -1.6 -1.6 -1.6 -1.6 -1.6 -1.6 -1.6 -1.6 -1.6 -1.6 -1.6 -1.6 -1.6 -1.6 -1.6
41.6 41.2 42.1 42.2 41.3 39.7 38.1 36.4 36.4 36.8 37.9 37.9 37.8 37.8 37.8 38 38.2 38.5 38.8 38.5 37.5 36.4 36.2 36.3 36.1 35.9 35.7 34.5 33.4 32.2 30.4 27.6 25.2 22.2 29.7 31.4 32.9 34.2 36 36.4 35.8 34.9 9.1 1.6 0.7 -0.1 -0.9 -1.6 -1.6 -1.6 -1.6 -1.6 -1.6 -1.6 -1.6 -1.6 -1.6 -1.6 -1.6 -1.6 -1.6 -1.6 -1.6 -1.6 -1.6 -1.6 -1.6 -1.6 -1.6 -1.6 -1.6 -1.6 -1.6 -1.6 -1.6 -1.6 -1.6 -1.6 -1.6 -1.6 -1.6 -1.6 -1.6 -1.6
42.7 41.9 42 42.2 41.6 40 38.3 37.5 36.6 36.4 36.8 37.1 37 37.1 37.2 37.3 37.5 37.8 38.1 38.5 37.8 36.7 36.8 36.8 36.7 36.5 36 35.3 34.1 32.9 31.3 28.4 29.4 27.7 17 30.2 31.8 32.9 33.9 34.6 35.1 28.5 2.8 1.2 0.4 -0.5 -1.6 -1.6 -1.6 -1.6 -1.6 -1.6 -1.6 -1.6 -1.6 -1.6 -1.6 -1.6 -1.6 -1.6 -1.6 -1.6 -1.6 -1.6 -1.6 -1.6 -1.6 -1.6 -1.6 -1.6 -1.6 -1.6 -1.6 -1.6 -1.6 -1.6 -1.6 -1.6 -1.6 -1.6 -1.6 -1.6 -1.6 -1.6
43.7 42.4 42.5 42.5 41.8 40.2 39.3 38.4 37.4 36.5 36.6 36.3 36.3 36.4 36.6 36.6 36.9 37.2 37.5 36.5 36.7 37.6 37.6 37.5 37.3 36.8 36.3 35.8 34.9 33.6 31.9 31.6 31.7 31.3 29 14.1 25.5 31.1 31.6 32.4 33.2 16 1.8 0.9 0 -0.8 -1.6 -1.6 -1.6 -1.6 -1.6 -1.6 -1.6 -1.6 -1.6 -1.6 -1.6 -1.6 -1.6 -1.6 -1.6 -1.6 -1.6 -1.6 -1.6 -1.6 -1.6 -1.6 -1.6 -1.6 -1.6 -1.6 -1.6 -1.6 -1.6 -1.6 -1.6 -1.6 -1.6 -1.6 -1.6 -1.6 -1.6 -1.6
44.7 42.7 42.4 42.5 42.1 41.1 40.2 39.2 38.2 37.3 36 35.7 35.3 35.8 35.9 35.9 36.2 36.5 36.5 36.6 36.9 37.8 38.3 38 37.6 37.1 36.6 36.1 35.6 34.2 33.7 32.9 32.8 33.2 32.1 30.7 19.9 9 16 20.5 27.6 7 1.6 0.7 -0.2 -1.6 -1.6 -1.6 -1.6 -1.6 -1.6 -1.6 -1.6 -1.6 -1.6 -1.6 -1.6 -1.6 -1.6 -1.6 -1.6 -1.6 -1.6 -1.6 -1.6 -1.6 -1.6 -1.6 -1.6 -1.6 -1.6 -1.6 -1.6 -1.6 -1.6 -1.6 -1.6 -1.6 -1.6 -1.6 -1.6 -1.6 -1.6 -1.6
45.5 44 42.1 43 42.6 41.9 40.9 40 39 37.8 36.1 35 35 35 35 35 35.4 36 36.4 36.7 37.1 37.6 38 38.5 37.6 37.4 36.9 36.4 35.9 35.3 34.6 33.8 33.8 33.8 33.5 32.5 32.3 30.5 25.7 14.2 13.9 3.8 1.2 0.3 -0.6 -1.6 -1.6 -1.6 -1.6 -1.6 -1.6 -1.6 -1.6 -1.6 -1.6 -1.6 -1.6 -1.6 -1.6 -1.6 -1.6 -1.6 -1.6 -1.6 -1.6 -1.6 -1.6 -1.6 -1.6 -1.6 -1.6 -1.6 -1.6 -1.6 -1.6 -1.6 -1.6 -1.6 -1.6 -1.6 -1.6 -1.6 -1.6 -1.6
47 44.9 43.6 43 42.6 42.4 41.7 40.8 39.8 38.2 36.6 35 35.5 35 35 35 35 35.5 36.2 36.8 37.2 37.5 37.8 37.8 37.9 37.7 37.2 36.7 36.1 35.5 34.9 34.3 34.1 33.5 33.3 32.9 32.4 31.4 29.7 21.7 6.8 1.7 0.9 0 -0.9 -1.6 -1.6 -1.6 -1.6 -1.6 -1.6 -1.6 -1.6 -1.6 -1.6 -1.6 -1.6 -1.6 -1.6 -1.6 -1.6 -1.6 -1.6 -1.6 -1.6 -1.6 -1.6 -1.6 -1.6 -1.6 -1.6 -1.6 -1.6 -1.6 -1.6 -1.6 -1.6 -1.6 -1.6 -1.6 -1.6 -1.6 -1.6 -1.6
48.1 46.3 44.9 42.9 42.6 42.6 42.2 41.5 40.3 38.8 37.3 35 35.5 35.2 35.7 35.4 35.7 35.9 36.6 37.2 37.5 37.7 37.8 37.8 37.9 37.9 37.5 36.9 36.3 35.7 35.1 34.5 34.2 33 33 32.5 31.9 30.9 29.2 15.8 6.6 1.4 0.5 -0.3 -1.6 -1.6 -1.6 -1.6 -1.6 -1.6 -1.6 -1.6 -1.6 -1.6 -1.6 -1.6 -1.6 -1.6 -1.6 -1.6 -1.6 -1.6 -1.6 -1.6 -1.6 -1.6 -1.6 -1.6 -1.6 -1.6 -1.6 -1.6 -1.6 -1.6 -1.6 -1.6 -1.6 -1.6 -1.6 -1.6 -1.6 -1.6 -1.6 -1.6
49.1 47.6 46.4 44.6 43.1 42.8 42.6 41.9 41.3 39.5 37.8 36.5 35.2 35.7 35.7 36.1 36.6 36.3 37 37.5 37.8 37.8 37.8 37.9 37.9 37.9 37.7 37.2 36.6 36 35.4 34.8 33.6 32.4 32.3 32.1 31.2 30.3 26.1 12.2 5.8 1.2 0.3 -0.6 -1.6 -1.6 -1.6 -1.6 -1.6 -1.6 -1.6 -1.6 -1.6 -1.6 -1.6 -1.6 -1.6 -1.6 -1.6 -1.6 -1.6 -1.6 -1.6 -1.6 -1.6 -1.6 -1.6 -1.6 -1.6 -1.6 -1.6 -1.6 -1.6 -1.6 -1.6 -1.6 -1.6 -1.6 -1.6 -1.6 -1.6 -1.6 -1.6 -1.6
49.3 49.1 48 46.5 44.4 43.8 43.5 42.7 41.8 41.1 39.3 38.4 38.1 37.6 37 37 37.5 37.1 37.4 37.8 37.9 37.9 37.9 38 38 37.9 37.6 37.5 36.8 36 35.1 34.4 33.8 32.2 31.4 31.3 30.4 29.3 18.8 10.9 1.9 1 0.1 -0.8 -1.6 -1.6 -1.6 -1.6 -1.6 -1.6 -1.6 -1.6 -1.6 -1.6 -1.6 -1.6 -1.6 -1.6 -1.6 -1.6 -1.6 -1.6 -1.6 -1.6 -1.6 -1.6 -1.6 -1.6 -1.6 -1.6 -1.6 -1.6 -1.6 -1.6 -1.6 -1.6 -1.6 -1.6 -1.6 -1.6 -1.6 -1.6 -1.6 -1.6
49.3 49.7 49.2 48.4 46.3 44.7 44.5 44.1 43.1 42 41 40.1 39.7 39.2 38.8 38.3 38 37.9 37.8 37.9 37.9 37.9 38 38 38.1 37.9 37.6 36.6 36.3 35.3 34.7 34.1 33.5 32.9 31.7 30.4 29.7 28.6 14.9 9.8 1.7 0.8 0 -0.9 -1.6 -1.6 -1.6 -1.6 -1.6 -1.6 -1.6 -1.6 -1.6 -1.6 -1.6 -1.6 -1.6 -1.6 -1.6 -1.6 -1.6 -1.6 -1.6 -1.6 -1.6 -1.6 -1.6 -1.6 -1.6 -1.6 -1.6 -1.6 -1.6 -1.6 -1.6 -1.6 -1.6 -1.6 -1.6 -1.6 -1.6 -1.6 -1.6 -1.6
49.2 50 50.1 49.3 48.5 46.4 45.6 45.3 44.5 43.4 41.9 41.7 41.1 40.7 40.2 39.8 39.2 39 38.5 38.1 37.9 38 38 38.1 38.1 37.7 37.1 36.1 35.1 35 34.3 33.8 33.2 32.7 32.1 30.9 29.6 28 13.5 8 1.6 0.7 -0.2 -1 -1.6 -1.6 -1.6 -1.6 -1.6 -1.6 -1.6 -1.6 -1.6 -1.6 -1.6 -1.6 -1.6 -1.6 -1.6 -1.6 -1.6 -1.6 -1.6 -1.6 -1.6 -1.6 -1.6 -1.6 -1.6 -1.6 -1.6 -1.6 -1.6 -1.6 -1.6 -1.6 -1.6 -1.6 -1.6 -1.6 -1.6 -1.6 -1.6 -1.6
49.1 50.9 51.5 51.4 50.4 48.3 47.4 46.6 45.8 44.3 42.7 42.2 41.6 41.3 40.7 40.4 40.3 39.8 39.3 38.9 38.6 38.3 38.3 38.4 38 37.5 36.5 35.5 34.7 36.7 34 33.5 33 32.5 31.9 31.3 29.9 28 13.5 6.3 1.5 0.6 -0.3 -1.6 -1.6 -1.6 -1.6 -1.6 -1.6 -1.6 -1.6 -1.6 -1.6 -1.6 -1.6 -1.6 -1.6 -1.6 -1.6 -1.6 -1.6 -1.6 -1.6 -1.6 -1.6 -1.6 -1.6 -1.6 -1.6 -1.6 -1.6 -1.6 -1.6 -1.6 -1.6 -1.6 -1.6 -1.6 -1.6 -1.6 -1.6 -1.6 -1.6 -1.6
