WholeMapElevations/data/no/no60_OST50GRID_20230518/NO60.asc
ncols 200
nrows 200
xllcorner 360000
yllcorner 700000
cellsize 50
[rows 0 to 37 of 200, columns 0 to 83 of 200]
53.4 52.3 52 52.2 53.5 53.2 50.2 47.5 46.9 45.2 44.8 46.4 47.7 48 47.5 45.9 44.5 41.8 40.3 39.3 38.9 38.2 38.3 38.2 37.1 36.8 36.3 35.6 34.5 34.8 35.8 36.8 37.1 36.9 36.5 35.9 34.7 33.9 33.1 32.2 31.4 31.4 31 30.3 28.9 26.3 25.7 24.2 24.9 25 22.3 19.4 19 17.8 17.5 16.6 16.7 16.1 15.6 14.7 13.8 14.2 16.1 17.2 18.6 20.8 20.8 10.1 4.6 5.5 6.4 3.5 2.6 3 -2.2 -2.2 -2.2 -2.2 -2.2 -2.2 -2.2 -2.2 -2.2 -2.2
56 54.5 52.6 52.5 52.6 53.9 52.2 50 47.2 46.8 46.8 47.2 47.7 48.1 48.2 47.8 47.1 45.2 43.7 42 41.1 40.4 39.7 39 38.2 37.5 36.6 35.7 34.7 34.8 35.8 36.9 38.1 38.6 37.9 37.2 36.4 35.6 34.7 33.9 33.6 33 31.7 31 30.3 29.9 28.7 28.7 28.9 30 29 24 20.6 19.1 18.1 17.6 17.3 17.3 16.9 16.3 15.8 16.3 17.7 18.5 20.7 19.7 18.3 9.8 5.7 6.6 6.2 4.2 2.6 2.6 2.2 -2.2 -2.2 -2.2 -2.2 -2.2 -2.2 -2.2 -2.2 -2.2
58.5 56.2 54.2 53.3 52.8 53.1 53.5 50.5 48.2 51.2 50 48.4 48.2 48.5 49.1 49.7 49.2 47.2 45.9 44.9 44.2 43.3 42.3 40.7 39.7 38.8 38 37.4 35.7 35.9 36.7 38.1 39.3 39.9 39.5 38.7 38 37.2 36.4 35.7 34.7 33 32.2 32.1 31.7 30.9 29.8 29.1 29 28.6 30.9 28 26.1 22.5 20.2 18.6 18.5 18.4 18.5 18.5 18.3 19.4 21.7 21 19.8 17.6 14.5 11.9 9.7 8.8 4.7 4.4 6 3.6 2.6 0.2 -2.2 -2.2 -2.2 -2.2 -2.2 -2.2 -2.2 -2.2
58.4 57.7 55.7 55 54.1 53.1 52.8 52 50.6 54.1 52.8 51.2 49.5 49.2 49.8 49.9 49.8 48.5 47.4 46.6 46.2 45 44.1 42.5 41.3 40.4 39.7 38.7 37.2 37 36.5 38.2 39.6 40.3 40.8 40.2 39.5 38.7 37.7 36.7 35.5 33.7 32.6 32.5 32.8 31.8 30.6 30 29.1 28.3 28.1 28.2 29.5 26.3 23.8 21.2 19.9 19.7 19.5 19.6 20.8 24.8 22.1 20 19.4 18.7 15.6 13.5 11.8 10.6 8.8 10.6 11.8 4.1 2.6 1.7 0.6 -0.4 -2.2 -2.2 -2.2 -2.2 -2.2 -2.2
58.8 57.7 56.8 56.3 54.7 53.4 52.6 53.2 50.5 54.4 54.5 53.8 51.8 51 50 49.6 49.2 48.8 48.2 47.2 46.6 46.3 45.8 44.2 43.1 42.3 40.7 39.3 37.9 37 36.5 36.8 38.8 40.7 40.4 40.1 39.1 38.6 38 37.3 36.1 34.3 33 33.3 33.8 32.4 31.6 31.2 30.7 29.6 28.7 28.1 28.5 28.8 27.4 25.3 23.5 22 21.4 22.9 25.8 24.6 22.5 20.2 19 18.2 17.2 15.5 14 12.8 13.2 14.8 14.5 4.9 5 6.1 3.3 1.6 -0.3 -2.2 -2.2 -2.2 -2.2 -2.2
59.9 58.4 57.4 57.1 56.2 54.8 53.1 53.1 51.5 53.6 53.9 54.6 53.7 52.4 51.5 51 49.7 49.5 48.8 48.2 47.6 47 46.9 45.7 44.8 44.3 42.7 41 39.9 38.5 36.8 36.6 37.1 38.7 38.6 38.2 37.3 37.4 37.4 37.1 35.4 34.2 33.5 34 34.1 33.4 32.6 32.1 31 30 29 28.5 28.7 28.8 28.2 29.1 28 27.2 26.4 26.6 25.7 23.8 22.6 21 20.3 19.2 19.3 17.2 16.1 15.6 17.6 17.5 15 8.2 9.4 12.8 2.9 1.3 -0.3 -2.2 -2.2 -2.2 -2.2 -2.2
59.6 58.8 57.3 57.2 56.7 56 54.4 52.5 51.6 52.9 54.3 55 54.5 53.3 52.1 51.9 51.9 51.2 49.2 48.4 47.8 47.4 47.3 47.5 46.6 46.4 44.7 42.9 42.5 40.6 38 37.1 37.4 37.5 37.1 36.3 36.1 36.2 36.3 36 34.7 33.5 33.3 33.8 33.9 33.6 33 32 30.9 30 29 28.6 29.1 28.7 28.4 28.9 29.2 29.9 29.9 29.1 26.4 24.3 23.2 22.3 20.7 20.4 19.9 18.5 18 19 19.3 16.6 14.6 15.4 14.1 4.3 1.2 -0.1 -1.2 -2.2 -2.2 -2.2 -2.2 -2.2
60.1 58.7 57.3 56.8 55.5 55.3 55.2 53.8 52.1 52.7 54.2 55.4 54.6 54.4 53.2 53.4 53 52 50.4 48.6 48 47.1 46.7 47.2 48.3 47.9 46.5 44.8 44.6 42.8 40.2 38.8 38.8 37.3 36.4 36 36 36 35.8 34.7 33.5 32.7 33.1 33.6 33.3 33.2 32.8 31.9 30.9 29.8 28.5 27.9 28.2 28.8 29.1 29.4 29 29.7 30.6 29.3 27.7 25.4 24.3 22.9 22 20.9 20.3 20.9 20.6 20 18 16.4 16.1 16.6 7.3 2.1 0.1 -2.2 -2.2 -2.2 -2.2 -2.2 -2.2 -2.2
59.8 58 57.7 55.6 54.8 54.3 54.2 52.8 51.9 52.9 53.8 54.7 54 54 53.2 53.3 53.1 52.6 51.1 49.2 48.4 47.4 46.9 46.9 47.7 47.8 47.1 46.6 46.8 45.7 42.9 41.1 39.6 38 36.4 35.8 36 35.3 34.7 33.2 32.2 32.5 32.9 32.5 32 32.6 32.5 31.6 29.9 28.7 27.3 27.8 28.3 28.6 29 29.5 29.3 29.4 29.9 29.3 28.4 26.6 25.3 24.4 23.7 23.2 23.3 23.1 22.5 20.6 17.7 17.1 16.2 10.5 3.9 1 -2.2 -2.2 -2.2 -2.2 -2.2 -2.2 -2.2 -2.2
60.1 58.4 56.8 55.3 54.6 53.3 53.1 52 51.6 52 52.9 53.4 53.4 53.5 53.5 53.2 53 52.3 51 49.9 48.7 47.8 47.1 47.5 47.9 47.8 47.8 47.6 47.4 47.1 43.9 42.4 40.9 39.4 37.8 36.3 35.5 34.5 32.9 32.2 30.9 31.8 31.4 30.7 30.9 32.6 32.1 31.2 29.7 27.5 26.6 27.3 27.9 28.5 28.1 28.5 27.8 29.5 29.9 30.1 30 28.6 25.4 26.1 24 22 21.2 21.7 19.5 18.7 16.9 16.6 16.2 8.1 2.4 0 -2.2 -2.2 -2.2 -2.2 -2.2 -2.2 -2.2 -2.2
60.4 58.8 57.1 56.3 55.4 53.7 52.2 52 51.8 51.7 52.2 52.6 52.5 52.4 52.6 53.1 53.2 51.9 50.8 50 49.1 48.2 47.4 47.8 48.1 48.3 48.5 48.2 47.7 47.5 45 43.6 42.3 40.7 39.2 37.8 36.5 34.9 32.4 30.8 30.2 29.7 29.3 28.9 29.9 30.4 30.1 29.1 28.6 26.2 25.9 26.1 27 28.7 28.1 27 27.8 29.2 29.6 29.3 29.1 29.2 26.9 25.5 24.1 21.2 21.4 19.5 18.2 17.7 17.3 16 15.7 9.5 2.5 -0.2 -2.2 -2.2 -2.2 -2.2 -2.2 -2.2 -2.2 -2.2
60.8 59 57.3 56.3 55.4 54 52.5 52.1 51.9 51.8 51.9 52.1 52 52 52.1 52.6 53.1 52.1 50.8 50.3 49.9 49.6 48.6 49.5 50 49.8 49.6 48 47.9 47.8 46.3 44.9 43.6 42.1 40.6 39 36.9 35.5 33.2 31.3 29.7 28.3 27.7 27.5 28.2 28.9 29 28.2 28.8 26.6 24.6 25.1 26.1 28.5 27.4 26.2 25.5 26.9 26.6 26.6 26.8 25.9 25.5 23.5 23.6 21 20.9 18.6 17.2 17.2 16.6 9.7 14.9 2.6 1.5 -2.2 -2.2 -2.2 -2.2 -2.2 -2.2 -2.2 -2.2 -2.2
60.7 59 57.5 56.9 54.9 53.5 53 52.4 52 51.9 51.8 53.3 52.8 52.5 52.7 52.9 52.3 52.4 50.9 50.4 49.6 49.4 49.1 49.5 50 50.4 50.1 48.5 47.5 48.4 46.9 45.4 43.9 42.8 41.6 39 36.9 36.5 34.2 32 30.3 28.4 27.4 26.9 27.6 27.8 28 28.3 26.5 26.2 24.6 25.5 25.6 26 26.6 26.6 25.8 26.4 25.3 24.7 24.4 24 23.1 22 20.9 20.5 19.8 18.1 16.8 15.5 9.5 4.8 1.7 0.4 -2.2 -2.2 -2.2 -2.2 -2.2 -2.2 -2.2 -2.2 -2.2 -2.2
60.9 59.5 58.4 58.2 55.5 53.9 53.4 52.8 52.3 52 52.6 53.1 52.9 53.1 53.2 52.8 52 52.4 51.1 50.3 48.9 48.6 48.3 48.6 48.9 49.2 49.2 47.8 47.1 46.6 45.7 44.8 44.3 43.1 41.6 40.1 37.2 36.9 35.2 33 30.7 28.4 27.4 26.7 26.9 27.5 28.4 26.8 25.6 24.9 24.8 24.6 25 25.4 25.5 25.5 25.3 25.2 24.9 24.4 24.9 23.8 23.4 22.2 19.5 19.6 19.3 17.9 16.4 14.6 8.8 2.6 0.5 -2.2 -2.2 -2.2 -2.2 -2.2 -2.2 -2.2 -2.2 -2.2 -2.2 -2.2
61.5 60.3 59 58 55.3 54.3 53.7 52.6 52.5 52.3 53 53.1 53.1 53.1 52.8 52.2 51.8 52.3 51.4 49.9 48.5 47.9 47.7 47.7 48 48.4 48 46.9 46.4 45.4 44.9 44.1 43.7 43.1 41.8 41.3 40.2 38.3 36.3 34.4 31.4 28.7 26.9 26.2 26.2 26.8 27.1 26.4 24.5 24.1 24.2 24.1 24.3 24.7 24.7 24.6 24.5 24.8 24.4 24.2 23.7 24.4 23.3 21.9 19.4 19.6 19.4 17.3 15.9 14.2 5.8 2.3 0.4 -2.2 -2.2 -2.2 -2.2 -2.2 -2.2 -2.2 -2.2 -2.2 -2.2 -2.2
61.3 59.9 58.4 57.8 55.3 54.2 53.1 52.3 52.5 53 53 53.2 52.8 52.5 51.6 51 51.3 51.8 51.7 50.7 49.5 48.2 47.9 47.7 47.7 47.9 47.2 46.5 46.1 45.4 43.9 43.1 42.9 41.8 41.4 41.2 40.7 39.1 36.8 34 30.3 27.3 26.6 26.2 26.5 26.4 26 25.6 24.3 24.2 24 24.6 23.7 23.9 23.9 24.1 24.3 23.9 23.6 23.6 23 22.4 22.2 21.6 19.1 19.5 19 18.6 16.6 13.5 6.1 1.6 -0.3 -2.2 -2.2 -2.2 -2.2 -2.2 -2.2 -2.2 -2.2 -2.2 -2.2 -2.2
61.9 59.7 57.6 56.8 55.9 55.5 54.2 53 53 53.5 53.5 53.2 52.6 51.9 50.4 50.8 51.1 51.5 52.5 51.6 50.3 49 48.3 48.1 48.2 47.9 46.9 46.4 45.6 44.5 43.1 42.9 41.4 41.1 40 39.6 39.4 38.1 34.7 32 29.9 29 28.6 26.9 27.1 26.2 25.8 25.3 24.3 24.3 24.4 23.5 23.7 23.9 23.8 23.6 23.4 23.1 23.4 22.9 22.1 21.5 21.2 20.5 19.5 19.4 19.1 18.7 17.9 10.5 4.9 1.2 -2.2 -2.2 -2.2 -2.2 -2.2 -2.2 -2.2 -2.2 -2.2 -2.2 -2.2 -2.2
59.7 59.4 58.4 57.5 56.7 56.1 55.3 54.1 54.3 54.4 54.1 53.3 52.4 51.3 52.1 52.1 52.2 53 53.1 52.5 51 49.9 49.4 49.3 49 48.1 47.3 45.6 44.3 43.4 42.8 41.5 41 40.8 39.5 38.3 38.1 38.5 35 31.5 31.3 30.5 29.4 27.9 26.6 26.1 25.7 24.5 23.8 23.6 23.7 23.3 23.3 23.3 23.6 23.5 23 22.9 22.8 22 21.2 20.5 20.2 19.3 19.6 18.4 18.1 16.5 17.2 9.3 2.6 0 -2.2 -2.2 -2.2 -2.2 -2.2 -2.2 -2.2 -2.2 -2.2 -2.2 -2.2 -2.2
58.9 58.7 59.8 58.4 57.6 57.4 56.6 54.8 53.8 53.9 53.7 53.2 51.8 52.2 53.3 53.6 52.2 53 53.5 53.1 51.6 51.3 51.4 51 50.1 49 48 46.5 44.5 42.7 41.2 40.9 40.5 39.7 39.4 37.3 35.8 35.7 33.7 32.2 31.4 30.7 29.9 29 27.8 26.8 26.3 24 23.6 23.5 23.2 23 23.1 23.2 23.2 23.3 22.7 22.5 22 21.1 20.3 19.6 19 18.5 19.3 18 17.6 15.3 13.3 5.5 1.5 -2.2 -2.2 -2.2 -2.2 -2.2 -2.2 -2.2 -2.2 -2.2 -2.2 -2.2 -2.2 -2.2
57.8 59 60.5 59.6 58.5 57.7 56.4 55.8 55 55.1 54.4 53 51.5 52.7 54.2 54.3 52.6 53 53.7 53 52.8 53.1 53 52.2 51.1 50 48.5 46.8 44.7 42.5 40.8 40.1 39.9 39.5 37.2 35.8 35.2 34.1 33.1 32.2 31.6 31 30.2 28.9 27.7 26.7 25.6 24.3 23.8 23.3 23.8 22.9 22.9 23 23 23.1 22.6 22.2 21.8 21 19.8 18.7 17.8 17.6 18.1 16.5 12.1 4.5 2.6 3.1 -2.2 -2.2 -2.2 -2.2 -2.2 -2.2 -2.2 -2.2 -2.2 -2.2 -2.2 -2.2 -2.2 -2.2
58.4 58.6 59.1 59.7 59.2 58.3 57.3 56.6 56.2 55.9 54.3 52.9 51.4 52.3 52.7 54.2 53.4 53.1 53.3 53.1 53.5 53.9 53.8 52.9 51.7 50.5 48.9 47 44.7 42.4 40.3 39.1 38.9 37.2 35.4 35.9 34.3 33.2 32.7 32 31.5 31 30.5 28.3 27.3 26.4 25.4 24.4 23.9 23.3 23.7 23 22.8 22.5 22.7 22.8 22.6 22.2 22.1 21 20.3 18.1 18 16.9 16.9 14.9 7.8 2.4 0.9 -0.3 -2.2 -2.2 -2.2 -2.2 -2.2 -2.2 -2.2 -2.2 -2.2 -2.2 -2.2 -2.2 -2.2 -2.2
58 56.9 57.6 59.3 59.3 58 57.6 57 56.4 55.5 53.8 52.5 51.3 51.5 52 52.5 52.5 52.2 52 51.9 52.4 53 52.7 52.5 51.9 50.9 49.2 47.1 44.5 42.3 40.5 39.2 37.6 35.7 35 34.3 33.5 32.5 31.6 31 30.7 30.2 29.6 28 27 26.3 25.1 24.5 23.8 23.4 23.5 23.2 22.9 22.7 22.5 22.2 22 22.1 21.3 20.6 19.3 18.2 17.1 16.7 16.3 8.3 2.9 1.3 -0.5 -2.2 -2.2 -2.2 -2.2 -2.2 -2.2 -2.2 -2.2 -2.2 -2.2 -2.2 -2.2 -2.2 -2.2 -2.2
57.4 55.8 56 56.6 57 57.4 57.7 56.8 56.2 55.3 53.3 51.9 51 50.6 50.6 50.5 51 50.7 50.4 50.5 51.2 51.3 51.2 51.4 51.3 50.5 48.9 47.1 45.1 42.7 40.7 39 37.3 35.5 34.8 34.2 33.3 32 31 30 29.5 29.5 29.1 27.9 26.9 26.3 25 24.6 23.8 23.6 23.5 23.3 23.1 22.9 22.7 22.8 22.4 21.9 21.1 20.2 18.9 18.9 17.2 16.8 12.6 5.1 1.6 0.3 -2.2 -2.2 -2.2 -2.2 -2.2 -2.2 -2.2 -2.2 -2.2 -2.2 -2.2 -2.2 -2.2 -2.2 -2.2 -2.2
56.1 55.5 55 54.5 54.8 55.6 56.3 56.1 55.5 54.7 52.7 51.7 50.8 50.2 50.2 49.6 49.1 48.9 48.8 49.2 49.3 49.4 49.9 50.4 50.2 50 48.6 46.8 45 42.6 40.5 38.8 37.1 35.3 34.7 34.2 33.4 31.5 30.5 29.7 29 29.1 28.6 28.1 26.8 26.2 25.6 24.5 24 23.7 23.7 23.5 23.3 23.1 22.9 22.8 22.3 21.8 21 20 19.2 18.1 17.3 17 9.4 2.6 0.6 -0.6 -2.2 -2.2 -2.2 -2.2 -2.2 -2.2 -2.2 -2.2 -2.2 -2.2 -2.2 -2.2 -2.2 -2.2 -2.2 -2.2
56.8 56.2 54.4 54.1 54 54.2 54.5 54.6 54.4 53.2 52.5 51.6 50.6 49.8 49 48.1 48 47.5 47.2 47.4 47.6 47.7 48.2 48.9 49 48.8 48.2 46.7 45 42.9 40.8 38.8 36.9 35.1 34.6 34.1 33.4 31.4 30.1 29.4 28.6 28.6 28.1 27.6 26.7 26.1 25.6 24.8 24.5 24 23.3 23.5 23.3 23.2 23 22.7 22.2 21.6 20.8 19.9 20.5 18.3 17.3 10.4 5.4 1.3 -0.2 -2.2 -2.2 -2.2 -2.2 -2.2 -2.2 -2.2 -2.2 -2.2 -2.2 -2.2 -2.2 -2.2 -2.2 -2.2 -2.2 -2.2
58.7 56.4 54.5 53.4 53.7 53.3 53.3 53.5 53.5 52.4 51.5 50.3 49.2 48.7 47.4 46.7 46.5 46.2 45.9 46 45.9 46 46.6 47.3 47.5 47.4 47.3 46.2 44.5 42.2 40.3 38 35.7 35 34.1 33.4 32.1 30.3 29.9 28.6 28.3 28 27.6 27.2 26.7 26 25.4 24.8 24.5 24 23.5 23.3 23.1 23 22.8 22.3 21.8 21.3 20.6 19.7 18.8 16.8 16.2 7.7 2.5 0.5 -2.2 -2.2 -2.2 -2.2 -2.2 -2.2 -2.2 -2.2 -2.2 -2.2 -2.2 -2.2 -2.2 -2.2 -2.2 -2.2 -2.2 -2.2
59.6 57.3 55.3 53.5 53.3 52.3 51.7 51.8 50.8 51.7 50.3 49.7 48.2 47.8 46.6 45.9 45.2 44.8 44.8 44.9 44.6 44.6 45 45.6 45.9 45.9 45.8 45 43.5 41.3 38.9 36.5 34.6 34.8 34 32.7 31 29.7 29.4 28.1 27.5 27.2 26.7 26.3 25.9 25.6 24.8 24.4 24.1 23.9 23.4 23.1 22.9 23 22.4 21.9 21.4 20.9 20.3 19.4 18.8 17 14 6.7 2.1 -0.5 -2.2 -2.2 -2.2 -2.2 -2.2 -2.2 -2.2 -2.2 -2.2 -2.2 -2.2 -2.2 -2.2 -2.2 -2.2 -2.2 -2.2 -2.2
59.4 58.2 56.7 54.4 53.3 51.9 51.2 50.8 51.8 49.8 48.6 48 47.5 47.2 45.9 45.2 44.5 43.9 43.8 43.3 43.3 43.3 43.4 44 44.2 44.4 44.2 43.5 41.8 39.7 37.4 35 34.2 34 33.2 31.7 30.3 29.4 28.3 27.8 27.4 26.3 25.9 25.5 25.7 25.1 24.2 24 23.7 23.5 23.3 22.9 22.6 22.5 22 21.5 21 20.5 20 19.2 19.3 16.6 12 7.8 1.9 -2.2 -2.2 -2.2 -2.2 -2.2 -2.2 -2.2 -2.2 -2.2 -2.2 -2.2 -2.2 -2.2 -2.2 -2.2 -2.2 -2.2 -2.2 -2.2
60.1 59.7 57.9 55.6 53.3 52.4 52.2 52.4 51.8 51.2 50.2 49.1 46.6 46.7 45.4 44.4 43.7 43.1 42.7 42.2 41.9 42 42.1 42.4 42.6 42.9 42.3 41.6 39.3 37.9 35.7 33.7 33.4 32.6 30.9 30.1 30.1 28.6 27.6 26.7 25.9 25.5 25.3 25.1 25 24.5 23.8 23.6 23.3 23.1 22.9 22.6 22.4 22 21.6 21.3 20.9 20.6 20.4 17.9 11.7 3.7 1.5 0.9 -2.2 -2.2 -2.2 -2.2 -2.2 -2.2 -2.2 -2.2 -2.2 -2.2 -2.2 -2.2 -2.2 -2.2 -2.2 -2.2 -2.2 -2.2 -2.2 -2.2
61.1 60.1 58.7 56.9 54.2 53.4 53.1 52.7 52 51.3 50.8 49.2 47.4 45.4 44.4 44.4 43.1 42.2 41.8 41.2 40.8 41.2 41.7 41.6 41.8 41.6 41.1 39.9 38.1 36.6 34.7 32.7 31.6 30.4 29.6 29.4 29.9 27.9 27 26.3 26.3 25 24.5 24.4 24.2 23.9 23.4 23.2 22.9 22.6 22.3 22 21.7 21.3 20.9 20.5 20.2 19.8 18.7 9.7 3.4 1.2 -2.2 -2.2 -2.2 -2.2 -2.2 -2.2 -2.2 -2.2 -2.2 -2.2 -2.2 -2.2 -2.2 -2.2 -2.2 -2.2 -2.2 -2.2 -2.2 -2.2 -2.2 -2.2
60.2 59.1 59.1 57.5 55.1 53.7 53.2 52.8 52.5 52.2 51.1 48.9 47.2 46.3 44.8 43.1 42.5 41.7 40.9 40 40 39.8 40.1 41 41.1 40.4 39.7 38.3 36.7 35.2 33.5 31.5 30 29.4 28.9 28.4 28.2 27.3 26.5 25.6 24.9 24.6 24.3 23.7 23.4 23 22.8 22.6 22.3 22 21.7 21.4 21.1 20.7 20.3 19.9 19.4 7.8 2.9 2.3 1.4 -2.2 -2.2 -2.2 -2.2 -2.2 -2.2 -2.2 -2.2 -2.2 -2.2 -2.2 -2.2 -2.2 -2.2 -2.2 -2.2 -2.2 -2.2 -2.2 -2.2 -2.2 -2.2 -2.2
59.2 58.4 58.6 57.4 55.9 54.6 53.3 54.3 53.2 52 51.1 48.9 47.4 46.6 45.2 43.4 41.1 41 39.7 39.5 40.1 40 39.6 39.2 39.1 39.2 38.3 36.7 35.3 33.8 32.3 30.5 29.5 28.7 28.1 28.6 28 26.7 25.8 25.1 24.6 24.1 23.6 23.2 23.3 22.6 22.6 21.6 21.5 21.4 21.1 20.8 20.4 20.1 19.7 19.3 10.1 6.8 2.5 0.2 -2.2 -2.2 -2.2 -2.2 -2.2 -2.2 -2.2 -2.2 -2.2 -2.2 -2.2 -2.2 -2.2 -2.2 -2.2 -2.2 -2.2 -2.2 -2.2 -2.2 -2.2 -2.2 -2.2 -2.2
60.2 59.5 59 58.5 56.9 56 54 54.5 53.5 52.1 50.3 49 47.9 46.1 44.8 43.4 41.9 40.6 39.7 39 39.6 40.2 39.7 39.3 38.8 37.6 36.2 35.5 34.1 32.6 31.1 30 29 28.2 28.5 28.9 27.8 26 25.1 24.6 24 23.4 22.7 22.4 22 22 21.2 20.7 20.4 20.3 20.3 20.2 19.8 19.4 19 18.4 8.1 4.3 1.5 -2.2 -2.2 -2.2 -2.2 -2.2 -2.2 -2.2 -2.2 -2.2 -2.2 -2.2 -2.2 -2.2 -2.2 -2.2 -2.2 -2.2 -2.2 -2.2 -2.2 -2.2 -2.2 -2.2 -2.2 -2.2
60.5 60.8 60.5 59.4 57.8 57.7 56.1 54.9 53.5 51 49.4 48.9 48.2 44.9 43.6 43.1 40.8 39.9 38.9 37.9 39.2 39.7 39.4 39.1 38.6 37.7 36.1 34.6 33.3 32.3 30.8 29.4 28.5 28.6 28.4 27.8 26.4 25.3 24.6 24 23.3 22.5 21.8 21.3 21.1 21 20 19.3 19.1 19.1 19 19 18.9 18.9 18.9 16.3 6.7 2.1 0.1 -2.2 -2.2 -2.2 -2.2 -2.2 -2.2 -2.2 -2.2 -2.2 -2.2 -2.2 -2.2 -2.2 -2.2 -2.2 -2.2 -2.2 -2.2 -2.2 -2.2 -2.2 -2.2 -2.2 -2.2 -2.2
61.8 60.7 59.7 59.1 59.2 58.3 56.9 55.4 54.2 51.5 49.9 49.4 48.5 46.4 42.9 42.1 40.9 40.5 39.6 38.5 38.1 39 39 38.2 37.6 37.1 35.9 34.4 33.2 32.4 31.2 30 28.7 28.8 27.6 26.2 24.9 23.8 22.7 22.6 22.7 22.2 20.8 19.9 18.9 18.4 18.5 18.4 18.4 18.5 18.4 18.4 18.4 18.4 18.2 17.4 6.7 2.3 -0.2 -2.2 -2.2 -2.2 -2.2 -2.2 -2.2 -2.2 -2.2 -2.2 -2.2 -2.2 -2.2 -2.2 -2.2 -2.2 -2.2 -2.2 -2.2 -2.2 -2.2 -2.2 -2.2 -2.2 -2.2 -2.2
61 60.4 59.7 59.6 59 57.9 57 55.4 53.8 52.5 51.7 50.5 48.9 46.6 43.8 41.3 40.6 40 39.7 39 36.3 36.6 37.7 38.1 37.1 36.1 35.4 34 33.5 32.5 31.4 30.4 29.4 27.8 26.3 25.2 24.2 23 22.1 21.8 21.6 20.1 19.3 18.3 17.7 17.5 17.7 17.7 17.5 17.7 17.9 17.9 17.8 17.7 16.7 13.6 4.8 1.6 -0.8 -2.2 -2.2 -2.2 -2.2 -2.2 -2.2 -2.2 -2.2 -2.2 -2.2 -2.2 -2.2 -2.2 -2.2 -2.2 -2.2 -2.2 -2.2 -2.2 -2.2 -2.2 -2.2 -2.2 -2.2 -2.2
61 60.7 60.3 59.6 58.3 57.1 56.6 55.1 53.3 52.9 52.2 51.2 49.1 46.8 44.5 42 40.5 39.4 39.8 38.8 37.8 37 36 35.2 35 34.4 34.4 34.3 33.3 32.2 30.9 29.7 28.4 26.5 26.1 24.4 23.4 22.4 21.6 20.9 19.6 18.2 17.8 17.2 17.4 17.4 17.1 17 16.8 16.8 17 17.2 17.3 17.4 17.4 9.5 3.8 1.3 -0.9 -2.2 -2.2 -2.2 -2.2 -2.2 -2.2 -2.2 -2.2 -2.2 -2.2 -2.2 -2.2 -2.2 -2.2 -2.2 -2.2 -2.2 -2.2 -2.2 -2.2 -2.2 -2.2 -2.2 -2.2 -2.2
59.5 60.2 60.1 58.8 57.4 56.6 56.1 54.6 53.7 53.3 52.6 51.2 49.5 47 44.8 42.3 40.2 40.2 39 39 38.6 37.6 36.3 34.8 33.3 32.1 32.8 32.8 31.5 31 29.8 28.5 27.6 25.9 25.1 23.9 22.8 21.8 21.2 20.3 18.7 17.5 16.9 16.9 17 17 16.5 16.3 16.1 15.9 16.1 16.6 17 17.2 9.5 6.3 2 0.5 -2.2 -2.2 -2.2 -2.2 -2.2 -2.2 -2.2 -2.2 -2.2 -2.2 -2.2 -2.2 -2.2 -2.2 -2.2 -2.2 -2.2 -2.2 -2.2 -2.2 -2.2 -2.2 -2.2 -2.2 -2.2 -2.2
