WholeMapElevations/data/sx/sx25_OST50GRID_20230518/SX25.asc
ncols 200
nrows 200
xllcorner 220000
yllcorner 50000
cellsize 50
[rows 0 to 35 of 200, columns 0 to 82 of 200]
154.1 155.2 155.8 155.9 157.1 158.4 159.1 159.7 159 157.2 153.3 148.5 144 137.9 131.1 124.7 117.4 110.4 104.3 101.9 100.7 98.8 94.5 86.1 79 67.7 60.1 47.6 44.5 54.5 67.6 81.7 101.3 119.3 128.6 135.2 139 141.7 144.1 146.4 149.1 152.3 155 157.1 159 159.8 160.4 159.8 159.1 157.1 154.8 152.1 149.7 147.1 143.8 139.9 136 131.1 126.5 122.4 119.1 115.1 113.6 113.6 113.6 112.3 110.8 110.1 111.8 115.4 121.5 127.8 133.2 134.9 133.6 130.5 125.9 120.8 114.9 108.3 101.6 88.7 71.5
163.6 164.8 165 164.8 165.7 165.8 165.8 165.8 163.7 160.4 156.5 151.9 147.1 141.9 136.8 128.8 121.2 114.6 111 109 107.4 105 99.6 90.3 77 64.1 51.1 44.1 47.4 58.1 71.3 85.6 105.4 119.2 127.8 134.2 138.2 140.7 142.8 145.2 148.3 151.1 153.8 156.4 158.8 160.1 160.6 160.1 159.1 157.6 155.5 153.2 150.8 148.1 145.1 140.6 135 130.2 125.6 121.9 121.1 122.9 123.6 123.8 123.2 121.7 120.2 121.5 125 128.7 132.9 136.3 136.9 135.8 133.5 129.5 124 117.6 110.9 104.8 98.7 89.3 71.8
173.7 174.1 173.4 173.1 172.1 171 169.6 167.7 165 161.5 157 152.6 148.4 144 139.3 132.2 124.6 119.1 115.8 113.8 113.2 111.7 106.8 95 80.3 65.9 50 42.5 49.5 60.5 73.4 88.6 106.3 118.1 126.7 131.9 136.2 138.6 141 143.8 146.8 149.6 152.7 156.1 158.6 159.9 160.2 159.9 158.9 157.6 155.6 153.2 151 148 144.1 139 134.6 131 129.7 128.6 130.2 131.7 132.1 132.3 131.5 130.2 130 132.3 133.7 135.2 137.8 138.8 137.5 134.9 131.2 126.6 120.3 113.7 107.6 102 96.5 87.9 69.4
183.1 181.1 178.8 177.3 175.1 172.5 170.1 167.8 165 160.9 156 152.5 148.9 145.6 141 133.6 125.1 119.3 115 113.8 112.7 109.7 107.5 98.2 84.2 69.1 51.5 42.6 48.7 60.9 73.8 89.5 107.1 118.1 126.1 130.7 134 136.3 138.6 142.2 145.3 148.9 152.8 156 158.2 159.5 159.5 159 157.8 156.4 154.2 152.1 150.3 147.2 144.1 140.7 138.8 137.2 136.7 138 138.9 138.4 138.2 137.8 137 136.7 136.6 136.9 137.3 138.5 138.9 138.3 136.2 132.7 128.1 122.4 116 110.5 105.5 100.5 94.6 86 67.8
187.5 185.5 182.2 178.5 175.3 172.4 169.4 166.5 162.9 159.1 155.1 152 149.3 145.2 138.8 129.9 118.6 109.1 102.2 100.3 99.5 98.2 97 94.9 87.3 71.4 52.1 43.1 47.7 60.4 75.9 95.5 110.4 119.2 125.6 129.6 130.7 132.9 136.6 140.4 144.9 148.7 152.1 155.2 157.2 158.1 158.3 157.9 156.5 154.6 152.8 150.9 149.1 147.9 146.2 144.5 144.1 143.6 143.3 144.1 144.3 143.3 142.4 141 139.6 138.5 138.1 138.1 138 138 137.4 135.6 132.5 128.5 123.8 118.4 114.3 109.3 104.5 99.8 94.4 86.6 74.9
189.2 186.5 182.4 178.5 174.9 171.7 168 164.2 160.7 157.3 153.6 150.5 147.7 140.9 131.8 119.8 106.9 94.5 87.3 83.5 81.9 79.8 80.5 81.6 81.6 71 53 42.5 45 59.1 79.5 100.9 112.2 119.7 124.8 127.6 128.5 130.2 133.9 139.3 144 147.7 151.1 154 155.6 156.6 156.6 155.9 154.7 152.9 151.3 149.9 148.6 148.1 147.3 147.2 147.8 147.5 147.2 147.2 146.6 145.7 144 142.3 140.3 138.3 137.3 136.7 136 135 133.6 131 127.9 124.3 120.2 116.6 112.5 108.1 103.5 98.8 94.6 89.8 83.5
189.5 186.5 182.4 178.1 173.7 169.8 166 162.1 158 153.7 149.9 146.1 140.5 129 115.6 104.5 92.4 80.4 70.8 69.4 66.5 65 63.2 63.9 65.1 65.4 57.8 44.4 42.9 55.5 77.1 99.7 111.5 118.2 122.8 124.8 124.3 128 133.1 138.4 143.2 146.7 149.9 152.7 154.1 155 154.8 153.9 152.7 151.1 149.6 148.4 147.5 147 146.7 147.3 148 148.1 148 147.8 147.2 145.9 144.2 142.2 139.6 137.2 135.5 134.3 132.6 130.9 128.8 125.7 122.5 120.1 117.2 114.1 110.8 107 101.9 96.7 92.2 88.8 86
189.3 186.2 181.4 176.7 172.3 167.8 164 159.7 153.9 146.9 143.2 136.1 123.3 109.8 98.3 87.9 78.7 83.5 86 85.3 80.9 70.5 63.7 59.1 54.5 52.6 51.8 46.7 43.3 48.7 71 95.5 108.5 115.1 118.2 118 119.4 127 134.1 139 142.6 145.8 148.6 150.9 152.5 153.1 152.7 152 150.7 149.2 147.4 145.8 144.5 144.4 144.1 144 146 147.2 148 147.5 146.7 145.2 143.1 140.8 138.2 135.5 132.8 130.3 127.5 124.4 121.3 117.2 114.9 114.9 113.2 111.4 108.9 105.5 101 96.4 91.1 85.2 81.2
188.5 184.8 180.2 175.6 171 166.4 162 156.3 146.6 135.2 130.3 118.8 104.2 90.9 86.7 87.2 92.5 98.2 101.8 100.7 95.4 86.3 77.3 70 65.5 59.5 51.4 50.3 45.3 46.4 68.3 90.8 103.7 108.9 109.5 108.9 119.8 130.3 136.1 139.5 141.9 144.4 146.8 149.2 150.9 151.4 151 150.3 149.2 147.4 145 142.4 140.4 140 140.1 140.5 142.4 145.2 146.6 146.6 145.5 144.1 142.2 139.6 136.9 133.5 130.4 126 121.4 117.9 114.5 112 110.2 109.3 109 108.1 106.9 104 101.3 96.8 91.9 85.6 76.8
187.9 183.9 179.6 174.8 169.7 165 159.2 151.2 139 125.3 112.3 101.4 87.7 92 97.4 103.1 109.5 113 111.9 109.3 104.3 96.9 88 80.3 74.5 64.9 58.8 60.4 47.6 45.5 65.9 84.2 94.8 94.9 97.5 110.2 124.8 132.4 136 138.1 140.1 142.7 145.2 147.6 149.3 149.8 149.4 148.7 147.4 145.5 142.8 139.7 136.8 135.2 135.2 135.8 138 141.9 144.1 144.7 143.9 142.5 141.3 139 136.2 133 129.5 125.4 120.8 115.9 109.9 105.1 103.5 103.5 103.9 104 103.7 102.4 100.4 97.5 92.9 87.8 81.1
186.4 183.1 178.2 173.2 167.9 163.1 157.5 150 139 124.3 108.2 95.1 98.6 107.4 112.9 118.8 121 118.1 115.9 113.6 109 102 92.9 82.9 73.8 63.3 68.9 64.1 49.6 43.4 59.5 72.5 80 86.9 100.9 116.3 126.2 131.8 134 135.8 138.4 141.2 143.7 146.1 147.8 148.5 148.3 147.2 145.1 143 140.3 137.2 134 130.7 129.9 131.2 134 137.6 141 142.5 142.3 141.1 139.9 138.2 135.9 134 130.9 126.7 122.1 116 109.8 103 97.9 97.3 98.9 99.4 99.7 99.2 98.1 95.8 92.3 88.5 84.4
184.7 180.9 175.9 170.5 166 161.2 155.7 148.9 140.2 131 120 101.3 105.4 118.3 125.8 128 126.6 123.2 120 116.4 111.1 103.6 94 82.1 71.3 68.4 74.9 65.5 51.6 41.1 51.5 60.9 73.7 89.2 105.8 117 123.8 128.4 131.1 133.5 136.6 139.8 142.4 144.7 146 146.6 146 144.5 142.5 140.1 137.5 134.3 130.9 127.4 125 127.1 130.6 134.3 138.1 140.4 140.8 140.3 139.2 138.2 137.4 135.1 131.7 127.2 121.8 115.8 109.2 101.9 95.2 91.9 93 93.9 94.5 94.8 94 91.5 88 85.6 84.4
181.7 177.8 173 168.4 164.1 159.1 153.1 146.5 139.3 132.3 121.7 103.2 107.7 124 131.3 132 130.2 126.5 121.9 117.5 112.3 105.8 97.5 85.7 73.3 74.5 80.8 72 56.9 42 44.3 54.9 69.1 84.6 99.3 110.4 117.8 123.9 128.2 131.9 135.2 138.4 140.8 142.7 143.8 143.8 142.5 141.1 139 136.8 134.1 130.7 127.2 123.7 121.7 123.3 127.5 132.1 135.4 138.3 139.3 138.9 138.5 138 137.5 135.8 132.3 127.1 121.2 113.9 107.2 102.1 95.6 90.1 86.1 86.5 88.3 88.5 87.7 84.7 79.5 74.5 70.1
178.6 174.4 169.8 165.8 161.8 156.9 149.6 142.8 135.4 126 114.5 103.5 113 129.4 134.8 134 132 128.4 123.4 118.3 113.2 107.2 100.1 92.6 80.7 76.4 80.5 76.7 63.7 47.2 39 45.6 59.3 74.4 87.5 98.8 107.9 118.8 125.9 130.1 133.8 136.5 138.7 140.1 140.7 140.5 139.5 137.7 135.6 133 130 126.1 122.4 119.9 117.7 120 125.2 129.3 132.6 135.9 137.6 137.6 137.1 136.8 136.7 134.9 131.6 126.3 119.2 111.6 105.5 100.7 95.8 89.6 82.4 79 79.7 81.7 81.8 78.5 66.9 60.2 56.2
175.4 171.1 166.7 162.5 158 149.6 138.1 130.2 122.4 114 107.6 114.1 123.4 134 135.9 135.5 132.9 129.4 124.2 118.3 112.2 106.9 101.7 94.1 86.2 79.4 81.1 79.1 72.2 58.6 44.8 38.7 47.7 60.5 73.1 85.6 98.2 113.6 124 128.5 132.1 134.3 135.8 137.3 137.2 136.6 135.6 133.9 131.3 127.9 123.8 120.6 118.3 116.4 114.3 117.6 122.4 126.9 130 133.1 135.2 135.8 135.6 135.2 135 133.2 129.5 124.5 118.1 111.9 106.2 100.9 95.2 89.7 85.4 82.1 78.2 73.2 69.8 66.8 71.2 75.9 74.8
172.3 168.3 162.9 157.1 149.1 136.7 125.2 120.3 119 120.8 123.7 129.3 135.5 137.2 137.5 136 134.5 129.8 124.4 117.7 111.2 103.9 96.9 91 86.2 84.8 87 87.8 84 73.6 58.2 45.7 38.3 46.3 58.6 74.2 90.6 108.9 121.5 126.7 130.3 132.2 133.4 133.7 133.6 132.7 131.4 129.1 125.2 120.9 117.1 115.8 114.8 113.4 111 114.4 119.5 125.1 128.3 129.9 131.5 132.8 133.2 133.3 132.9 131.8 128.9 124.9 119.8 115.2 109.8 103.8 99.1 95.1 91 88.3 86.9 85.2 82.4 83.1 87.9 92 89.4
168.4 164.4 158.1 148 137.2 130.8 132.8 134 135.7 137.3 139.3 140.3 140.4 140.1 139.4 136.8 134.1 130 124.5 117.3 108.6 102.7 98.9 94.3 92 93.8 96.3 96.4 93.1 86.5 74.6 62.3 51 39.9 48.1 64.6 83.5 103.9 119.5 124.9 128.4 130.1 130.7 130.3 129.4 128.1 125.7 122.2 118.6 115.1 111.9 110.8 110.4 108.6 108 113.3 118.6 123.5 125.5 126.7 128.1 129 130.6 130.6 130.7 130.3 128.9 126.4 123.2 119.3 114 109.5 105.8 101.6 97.6 95.6 94.7 95.9 96.7 97.6 97.2 95.5 92.6
162.6 156.4 149.2 138.6 139 144.1 148.2 148.3 146.8 145.9 145.2 144.3 143.2 142.3 140.9 138 134.8 130.4 124.8 116.9 112.3 110.7 108 104.6 103.8 104.4 105.2 103.6 99.4 93.8 87.2 76.5 62.5 47.4 38.1 57.6 77.2 100.2 117.5 122.9 126.3 127.8 127.9 126.7 125.1 122.4 118.7 115.8 112.8 109.8 106.9 104.6 103.4 104.5 110.2 115.3 118.4 121.3 122.3 123.7 124.5 125 126.1 127.2 128.4 128.8 128.6 127.1 125.4 121.9 118.6 114.5 110.8 107.1 104.1 103.1 103.1 102.7 101.9 100.3 98.3 96.2 94.1
152.8 146.2 144.2 147.3 151.5 153.1 152.9 151.6 150.1 148.7 146.9 145.4 144.6 143.2 142.1 139.2 135.2 130.7 125.2 119.4 118.4 117.4 116.3 116 115.3 114.3 113.3 109.3 103.3 95.6 87.3 79.3 65.8 50 36.7 53.2 75.2 100.3 115.3 120.8 123.9 124.7 124.2 122.8 120.1 116.1 114.5 110.8 107.1 103.9 101.3 98.8 102.3 107.9 113.1 116.3 117.5 118.2 118.9 119.1 119.5 120.1 121.5 123.5 125 126.6 127.5 127.9 126.9 125 121.8 118.2 114.4 110.5 108.1 106.7 105.7 104.1 101.6 98.6 95.7 93.9 93
156 154.7 154 155.2 155.6 154.7 153.6 151.9 150.4 148.3 146.4 145 144.3 143.7 141.9 139.4 135 131 126.5 124 123.8 124.2 124.9 125.5 124.4 122.4 119.3 113.3 104.9 94.2 83.7 74.5 60.6 44.7 36 53.5 76.6 100.5 111.8 117.2 119.5 119.8 117.9 116.4 114.3 112.8 110.6 106.6 101.9 98.2 96.2 98.4 103.9 108.2 112 113.4 114.1 113.8 113.9 114.1 114.2 114.8 116.7 118.8 121.8 124.4 127 128.6 128.4 126.9 124 119.3 113.9 109.2 106.3 105.1 103.7 101.4 97.8 94.1 91 89.6 88.4
157.7 156.6 156 155.6 155 154.1 152.3 150.8 148.3 146.2 144.4 142.9 142.9 142.3 141.1 139.5 136.1 133.2 130.8 129.8 130.4 130.7 131.5 131.2 129.8 126.7 122.1 114.9 106.3 94.7 81.9 69.7 56.6 41 35.6 56.1 76.9 95.3 105.3 108.2 106.3 102.7 99.9 100.3 101.4 105.5 105.9 101.6 96.6 93.6 94.7 99.4 104.1 106.9 108.3 109.1 109.5 108.7 108 107.8 108.1 108.9 111.3 114.5 118.2 122.4 127.1 128.9 129.3 127.2 123.3 117.8 109.5 103.6 100 99.1 98.1 94.9 90.6 86.3 82.6 81.2 81.3
156.4 155.8 155.1 154 153 151.8 150 147.8 145.3 142.5 140.9 140.2 140.8 140.5 140.3 139.8 138.8 137.1 136.2 135.7 135.6 135.7 135.2 134 131.8 128.2 123.7 117.3 111 102.6 90.1 74.3 58.7 41.9 35 52.2 68.9 84.9 89.8 88 84.5 81 80.5 82.1 85.5 91.3 95.6 94.3 91.4 92.5 96.4 99.8 101.9 103.3 104.2 104.2 103.2 101.9 101.5 101.6 102 103.2 106.1 109.8 114.9 121 127.1 129.6 129.5 127 121.9 114.9 104.4 95.3 89.2 88.3 85.1 79.1 73.2 69.4 67.6 67.2 67.6
153.1 152.9 152.1 150.7 149.3 148 146 143.9 141.5 138.4 136.8 136.4 137.6 139.2 139.7 140.5 140.5 139.9 139.6 139.1 138.2 137.1 136.2 135.2 133.4 130.2 126.1 121.5 116 108.2 96.8 80.9 62.9 46.1 35.6 43 56.4 67.9 70.8 68.4 64.8 71 81.8 88.5 90.4 88.5 88.4 90.5 92.9 94.6 96.7 97.3 97.4 98.3 98.9 98.5 96.4 95 95.3 95.5 96.2 98.3 102.2 107.6 113.4 120.9 127.2 129.4 129.4 126.9 121.2 114 105.6 95 80.9 73.3 67.7 61.8 55.5 52.7 51 51.8 52.1
146.8 148.2 147.8 146.7 144.9 142.8 140.7 138.7 136.3 133.6 131.5 131.8 134.4 136.4 139.2 141.2 141.7 141.8 141.5 140.5 138.8 137.3 136.6 135.8 134.7 131.8 128.6 124.5 118 109.8 99.1 84.6 67.5 54.5 44.6 33.1 42.3 51.3 53.1 55.6 67.6 81.2 94.9 101.1 101.2 98.2 96 95.3 94.9 93.8 93.8 93.4 93.3 93.1 92.6 90.2 89.2 88.5 89.3 90.3 92.9 97.5 102.8 108.4 115.8 123 126.1 128.4 128.8 126.7 121.1 111 99.3 87.7 79.4 75.1 71.4 68.2 66.6 64 58.5 51.6 48.5
139.5 142.5 143.3 142.4 140.2 137.5 135 132.9 131.1 128.5 125.1 126.8 130.8 136.2 139.7 142.6 144 143.9 142.5 140.9 138.9 137.3 136.6 136.3 135.1 133.4 129.9 125.4 118.9 110.5 101.4 88.9 77.5 69.5 57.7 44.6 32.4 38.5 51.9 65.8 77.8 86.1 93 95.7 96.3 96 95.4 93.7 92.2 90.7 89.3 88.6 87.8 86.9 84.8 83.3 83.4 85.6 87 91 96.7 100.7 105.1 111.3 118.3 122.8 125 127.4 127.8 126.4 122.1 113.3 103 94.9 90.7 87.4 83.9 83.3 83.5 79.6 71.1 61 63.3
132.1 135.9 137.6 136.7 135.6 132.5 129.1 127.1 125 122.2 119.2 122.9 130.8 137.9 141.9 144.7 145.2 144.7 142.9 140.8 138.7 136.9 135.6 135 134.2 132.6 129.4 125 119.4 111.8 104.5 95.4 90.2 82.2 69.8 54.2 35.3 37.4 53.2 65.3 69.8 70.4 74.8 79.7 84.7 89.5 90.2 89.1 87.3 84.7 82.4 80.6 79.5 78.9 79 81.4 87.4 90.3 91 93.1 99.6 104.2 108.7 114.6 118.3 121.7 123.1 126 127 126.9 124.2 118.4 113.2 107.7 104.6 102.1 100.2 101.5 99.7 93.3 83.5 75.2 79.3
126.7 129.3 131.4 131.4 130.7 127.1 121.6 119.4 115.5 112.3 116.1 126.3 134.2 140.1 143.5 145.8 145.8 145.3 143.2 140.1 137.7 135.2 133.5 133.2 132.3 130.9 128.4 124.5 119.5 113.7 107.8 102.4 98.7 93 82 64.8 45.4 30.2 46.2 54.2 50.9 50.6 54.3 58.9 66.1 75.6 82.3 81.7 78.5 74.6 73.5 74.7 77.9 79.3 81.7 86.3 94.8 97.4 97.5 95 99.4 105.4 110.1 114.2 117.5 120.1 121.4 124.1 125.3 126 125.9 125.8 123.6 121.4 119.6 117.6 115.7 114.7 111.5 105.7 95.9 89.8 96.4
125.9 121.4 123.6 124.9 124.5 122 116.9 113.6 107.8 109.9 120 131.1 136.9 141.6 144.8 146.7 146.3 145.3 142.7 139.2 135.3 132.4 130.4 129.9 129.5 128.6 126.5 123.3 120 115.6 112.3 108.7 106.5 103 93.4 75.2 55.2 36.2 38.8 38.2 51.7 64.8 72.1 71.3 66.4 64.7 69.4 70.9 70.5 76.1 80.8 83 83.7 84.7 88 95 102.3 105.7 105 101.9 98.9 101.4 106.5 111 114.5 116.9 118.9 121.1 122.9 126.4 129 130.8 131.2 130.3 129.5 127.6 125.7 124 121.7 117.3 110.2 105.2 109.1
130.7 119.9 113.4 112.1 112.3 114.2 113.1 107 104.8 114.6 127.3 133.9 138.6 142.6 145.7 147.4 146.5 144.8 141.5 136.7 132.4 127.9 125.2 125.5 126.1 125.7 124.2 121.8 119.3 117 115.2 113.6 111.5 109 102.9 87.7 67.4 46.8 30 39.2 56.5 72.5 84.7 87.1 80.6 73.9 71.6 73.3 79.2 84.1 87.6 89.3 90.3 91.8 94.7 101.9 109 112.6 111.3 108.6 106.3 104.4 104.6 107.2 110.6 113.2 116.6 119.3 123.7 127.9 131.1 132.5 133.7 134.5 134.4 133.4 132.3 131.4 129.5 126.1 122 117.9 116.4
141.1 130.9 117.8 108.2 103.3 101.5 101.7 99.3 107.9 123.2 131.4 136.2 139.6 143.5 145.8 146.7 145.6 142.9 139 134.1 128.4 122.9 119.3 120.1 121.2 121.8 120.8 119.5 117.8 116.7 115.9 114.7 112.9 110.2 104.2 88.8 70.1 53.4 33.9 36.5 54.7 72.1 89.4 96.9 93.9 88.8 85.9 86.1 89.4 92.3 94.6 97 98.4 99 101.7 106.7 112.8 117 116 113.8 111.1 108.7 108.6 108.5 110.7 113.1 115.8 119.4 124.4 128.5 131.2 132.7 134.3 135 135.7 136.1 136.6 136.2 134.5 132 128.5 124.9 121.9
147.3 140 128.6 116.6 106.8 96.3 93.8 102.8 117 127.2 133.1 136.5 140.2 143 144.5 144.6 143 140.3 135.9 130.9 125 118.8 113.1 112.9 115.5 116.7 116.5 115.6 114.8 114.6 114.4 113.5 111.6 106.7 90.1 71.3 52.9 37.8 27.5 38.3 55.4 74.4 94.4 100.3 100.7 98.9 98 98.8 100.2 101.4 103.7 107.3 109.2 108.6 109.4 112.3 117 119 117.7 115.6 113.3 111.5 110.5 110.3 110.9 113 115.9 119.8 123.5 127.5 130.3 132.4 133.5 134.6 135.5 137 138 137.8 136.6 134.2 131.3 128.4 125
149.4 143.3 136.1 127.8 118.2 102.2 91.1 105.1 117.7 126.5 132 135.7 138.2 140 140.9 140.9 139.5 136.7 132.4 127.1 121.3 114.6 107.1 106.5 108.9 111.1 111.4 110.8 110.7 111.4 111.2 110.1 107.4 94.9 74.1 52.8 34.8 27 35.1 47 64.3 82.4 99.4 103.7 104.5 104.8 106 107.8 109.8 111.8 114.1 115.8 116.2 116.5 118.7 120.2 121.5 120.1 117.6 114.1 112.2 110.7 109.7 108.4 109 111.1 113.3 117.7 121.8 125.7 128.8 131.4 131.8 133 134.3 136.2 137.3 137.9 137.1 134.7 131.8 129.2 126
150.9 146.8 141 132.8 123.3 105.5 88.6 99.1 113.1 121.8 128.3 131.9 133.9 135.5 136.1 136.4 135.1 132.4 128.7 123.7 117.8 109.8 102 99.3 102.7 104.7 105.7 105.5 105.5 106.2 106.5 105.5 101.5 84.1 61.8 38.4 27.3 38.3 49.6 62.7 78.6 95.1 106.1 108.2 109.6 110.9 112.8 114.5 116.2 118 119 120 120.5 122 124 123.9 122.7 120.4 117 111.4 108.5 107.8 106.1 105.4 105.4 107.3 110.5 115.3 120.2 123.7 128.3 130.5 130.7 131.2 132.6 134.6 135.9 136.4 135.7 133.9 131.3 128.5 125
151 147.7 143.6 136.2 127.3 110.4 90.7 90 102.7 115 122.7 126.8 128.3 129.8 130.9 131.2 130.7 129 125.7 120.7 115.2 106.9 98.6 93.5 96.4 99.3 101.2 100.6 99.7 100.2 100.5 99.7 94.7 77.1 52.3 28.4 35.3 49.7 64.8 79.2 95.4 108.6 111.9 113.8 115.7 117.2 118.8 119.5 119.5 119.8 120.4 121.4 123.3 125 125.6 125.2 123.3 119.8 115.4 108.5 106.7 103.2 101.6 102.4 103.9 105.5 110.4 117 121.4 124.4 128.3 129.7 129.8 129.6 130.6 132.6 133.8 134.2 133.9 131.9 129.8 127.8 124.3
150.2 146.5 142.2 136.3 128.9 116 94.1 82.2 91.3 104.7 115.8 120 122 123.2 124.5 125.8 126.1 125.3 122.8 119.1 112.9 105.3 97.7 90.6 92 95.9 95.7 94.5 93.5 93.6 93.8 93.1 89 73.8 47.7 26.8 41.1 58.8 75.1 91.9 108 114.8 117.3 119.1 121.1 122 121.7 120.5 118.9 117.6 117.8 120.6 124 126.3 126.5 125.8 122.7 117.9 112.5 105.8 100.5 96 92.8 95.4 100.5 104.6 111.7 118.6 122.3 125.1 128.7 129.2 128.6 127.7 128.5 130.4 131.8 131.8 131 129.2 127.7 126.1 123.9
147.6 143.6 139.1 133.9 127.5 117.9 100.8 83.1 81.9 96.1 108 112.1 114.3 115.5 116.8 118.8 120.7 121.9 122.2 119.7 115.2 109.8 102.7 91.8 85.8 89.7 89.9 87.6 85.5 85 84.5 84.3 81 66.5 43.1 26.3 42.7 62.6 80.9 98.5 113 118.4 122 123.9 124.3 124.2 122.4 119.6 115.8 112.2 113.9 118.7 123.1 125.6 126.3 124.9 121.2 115.3 109.1 102.7 96 87 90.8 101.1 104.9 108.8 112.8 117.7 122.4 126.2 129.2 130.1 127.9 125.6 125.4 127.9 128.9 128.6 127 125.5 123.9 122.5 121.4
