UK/data/ns/ns92_OST50GRID_20230518/NS92.asc
ncols 200
nrows 200
xllcorner 290000
yllcorner 620000
cellsize 50
[rows 70 to 104 of 200, columns 78 to 155 of 200]
224 220.9 223.6 225.5 231.1 229 230.3 232.5 235 237 238.9 240 243.1 249.5 251.7 251.4 254.2 256.7 251.7 255.4 259 264.3 271 278 285.1 291.4 295.6 299.9 303.8 304.4 303 299 297.7 293.1 288.8 286.7 283 278.3 277.3 275.7 272.5 271 269.8 266.5 263.6 264.2 265.9 265.3 261 252.8 255 270.2 283.5 298.1 308.3 319 328 335.8 344.3 351.7 356.7 358.9 358.2 356.1 352.6 349.1 348 348.5 350.9 355 361.2 370.8 378.9 389 399.5 411 422.5 432.7
221.2 222.2 225 226.1 228.6 229.9 231 232.6 235.7 238.5 240.9 242.7 248.1 252.1 253.5 255.5 259.2 260.3 257.6 255.3 260.2 265.8 272 279.6 287.1 293.6 298.8 303.7 308 310.9 310.8 307.4 303.9 300.3 294.9 292.3 287.8 285.5 283.3 280.4 277.3 275.4 274.3 271.1 268.7 267.9 267.1 267.9 266 264.8 255.7 254.6 266.5 278.3 295.1 307 316 325.5 333.7 339.1 343.6 346.2 345.4 342.5 340.3 338.8 336.6 334.6 338.3 346 353.4 364.9 375.3 386.7 397.7 408.1 418.2 427.9
223.8 224.2 226 228.5 229.8 230.8 231.3 233.6 236.5 239.3 241.7 244.9 248.2 251.8 255.8 260.7 262.1 263.1 263.6 258.4 262.3 269.1 274.5 281.8 288.5 295.5 301 307.6 312.9 316.7 317.3 314.9 310.9 305.5 302 297.4 292.5 293.6 290.3 286.4 281.7 281.2 279.5 277.6 274.3 274 274.4 273.1 271.4 268.9 265.7 258.6 255.3 257.9 275 288.8 302.5 310.8 319.3 324.9 328.5 330.6 330.9 328.8 325.4 325.1 320.7 319.4 329.8 338.8 350.4 360.9 372.7 383.1 395.1 402 414.3 423
223.2 226.4 231.1 228.8 230.7 231.6 231.8 234 238 241.2 244.1 247.1 250.2 255.5 260.1 262.9 264.6 264.8 264.9 262.6 264.4 270.7 277 285.1 289.8 298.1 306.4 313.5 318.7 322.3 324.5 322.4 318.6 314.9 310 304.8 300.8 301.3 298.1 293.9 289.5 288.4 286.8 285.4 281.1 280.9 281.6 279.8 278.1 274 267.5 266.3 262.1 257.1 257.3 270 282.1 290.6 300.3 305.1 313.1 315.3 317.7 318.6 316 309.6 305.9 319.7 329.3 337.3 346.5 357.7 368.9 381.1 391.5 399.7 403.2 416.8
224.9 228.6 228.2 229.1 231.4 233.2 233.7 235.6 241 245.7 250.7 253.6 257 257 260.5 264.8 266.1 265.7 266.7 263.1 268 272.7 281.5 287.9 294.6 301.6 309.2 316.3 324.3 329 330.7 330 326.7 322 316.3 311.5 309.1 307 303.9 298.4 299.1 296.8 295.2 293.5 291.5 289.1 289.6 288.2 286.2 281.3 276.3 271.9 268.6 264.7 261.5 257.5 263.1 275.4 279.5 276.8 286.3 298.2 306.1 304.6 301.9 295.1 308.1 321.3 330.2 335.6 342.5 352.8 364 375.8 385.5 400.5 402.8 410.7
229.8 231.9 228.9 230.9 232.8 235.9 235.9 238.6 243.7 248.6 253 255.4 257.6 258.2 262.1 264.6 266.7 268 271.3 268.5 267.6 274.1 281.5 289.6 297.1 304.9 313.5 323.4 328.4 333.4 335.4 335.5 332.9 327.7 322.5 318.1 314.7 312 309.3 307.5 307.6 304.9 303.6 302.3 298.1 299.6 298.2 295.9 293.2 289.4 284.6 280 275 270.5 269.2 264.9 259.9 260 261.3 271.2 277 284.6 286.4 285.8 289 294.7 310.5 319.5 328.2 334.7 340.5 349.4 358.4 368.2 377.8 389 397.6 405.7
230.2 230.3 230.8 232.4 234.9 237.7 238.7 242.1 247.3 252.2 256.8 260.7 261.3 263.5 264.4 267.1 271.7 272.9 275.1 270.8 273.2 271.3 279.8 289 299.4 308.7 319.2 329.9 335.3 339.3 342 343.3 342.6 336.6 330.8 326.1 323.8 320.7 316.7 317.1 315 315.7 312 309.4 306.1 306.1 305.9 304.1 301.5 297.8 293 288.1 282.7 276.4 271.7 266.7 268 266.8 265 262.1 263.1 268.2 270.3 277.1 275.8 294.3 307 316.2 323.7 331.6 336 344.1 351.7 360.1 371.5 381.8 391.4 400.5
229.4 231.7 233.1 232.9 238 240.3 242.2 246 249.8 255.2 260.1 262.8 264.4 265.9 263.5 268.4 273.6 276.3 276.3 273.8 278.2 279.8 278.5 291.1 300.9 309.2 318.7 329.9 339.3 344 347.4 350.8 349.8 345.4 339.3 335 333.1 330.1 327.8 327.3 326.8 324.7 321.5 317.2 315.1 315.3 313 310.4 309.8 305.9 300.7 295 289.4 283.1 277.3 267.7 272.5 270.7 268.2 265 263.6 262.5 264.3 266.1 272.6 285.8 299.3 310.1 319.8 326.6 330.8 336.8 345.9 354.1 364.6 375.8 384.9 393.3
229.2 232.7 234.7 237.8 240.6 244.2 246.6 252.1 256 259.9 263.6 266.3 268 269 269.1 271.2 276.2 278.4 278.8 277.3 283.1 285.4 282.4 286.2 297.1 307.1 316.2 326 335.7 342 347.5 351.3 352.6 349.8 346.2 343 339.8 339.5 337.8 337.3 336.7 334.6 330.5 327.1 325.6 325.2 321.2 321.4 317.6 310.6 307.5 301.6 295.6 289.1 278.2 275.4 275.9 273.1 270.5 268.4 269.2 268.9 269.5 266.7 265.3 274.5 287.7 299.6 310.4 319.6 326.3 329 339 348.3 359.1 369.4 379.8 389.2
232.7 234.4 238.3 239.7 243.4 247.3 248.3 253.7 259.5 263.4 268 272.1 274.3 274.6 275.9 277.4 279.9 280 278 279.3 284.2 287.5 289.7 284.6 291.1 300.9 310.7 320.3 328.9 335.3 340.3 345.6 349.4 350.3 352.3 349.4 347.8 346.5 346.8 347.2 346.4 344.4 340.8 337.7 335.6 335.8 334.8 329.7 324 319.4 312.6 307.4 301 294.8 281.6 285.9 281.4 276.6 275.4 273.8 273.1 275.8 277.1 272.8 268.2 266.6 273.7 286.4 298 307.7 317.6 326.2 331.6 342.4 352.5 363.3 373.6 383
235.1 237.9 240.1 242.4 246.3 250.5 254.2 258.3 264 270.8 275.7 278.6 278.7 282 283.3 284.5 284.6 281.5 281.9 283.9 288.9 291.9 293.6 292.8 291.8 296 305.3 312.6 319.5 325.3 330.2 335.9 341.7 347.7 352.1 354.4 354.5 354.1 355.2 356.8 356.4 354.2 351.1 348.3 346.1 344.7 343.2 338.8 333.6 323.5 317.4 312.2 304.9 295.6 292.1 294 288.4 283.7 280 278.3 279.9 280.9 280.2 277.7 273.5 269.4 268.2 271.5 283.8 296.6 306.2 315.7 323.7 334.2 345.9 355.1 364.9 374.2
238.5 241.3 243 244.6 248.1 253.8 257.5 265.4 272.6 279.4 284.1 285.7 288.2 287.5 287.3 288.9 287.5 284.4 285.4 288.1 293.8 298.7 301.2 300.9 299.1 299.7 302.8 306 311.2 316.7 322.5 328.9 336.8 343.9 350.4 356.1 359.7 362 364.3 365.8 366.3 364.5 361.8 359.4 356.8 353.9 350.9 346.6 341.3 335.4 323.2 314.2 307.2 298.1 299.6 299.1 296.2 288.1 284.9 284.1 284.9 284.8 283.8 282.1 279.7 273.2 269.5 269 272.4 281.8 294.5 303.8 315.2 325.3 335.2 344.7 354.1 364.3
240.8 244.1 245.8 249.4 253.6 258.8 264.6 271.2 278.5 284.2 287.4 293.1 295.1 294.6 293.3 292.7 290.1 287.9 288.2 292.4 299 305.4 307.7 307.9 306.1 302.5 304.3 309.9 314.9 320.4 326.1 329.8 334.4 342.4 349.4 355.9 361.4 367.4 372 373.6 374.3 373 371.6 368.6 365.3 361.5 357.1 352 345.3 337.1 325.8 318.1 311.1 300.4 304.6 306.9 300.9 295.5 293.5 291.6 287.2 288.3 286.5 285.6 282.4 276 271.1 277.8 273.9 271.1 274.8 290.2 302.6 313.4 321.1 331.3 339.3 351.3
245.3 248.6 249.9 254.8 259.5 265.3 274.3 282.3 289 294.5 298.6 301.2 302.8 303.2 300.4 297 293.3 291.8 290.9 297.9 306.4 311.3 314.3 314.7 313.1 310.5 305.5 310.7 318.2 324.5 331.6 337.9 342.1 345.7 349.9 356.8 364.1 370.4 375.8 379.5 380.9 381.5 379.1 376.4 371.5 366.6 359.2 352.9 345.3 336.2 326 319.2 313.6 303.5 311.3 312.1 306.1 302.1 300 297.9 295.3 289.7 288.2 285.3 282.6 278.1 277.6 281.4 282.4 282.6 278.9 273.6 284.6 296.2 305.2 313.9 320 330.9
250.4 251.6 255.1 261.1 267.3 273.1 281.5 291.1 300 305.8 307.3 307 309.1 308.7 304.6 301.5 295.3 295.8 296.3 304.1 313 318.7 322.7 323.6 322.3 317.7 311.5 312.9 321.3 328.6 335.5 341.6 346.5 350.1 354.2 359.2 366.2 372.3 378.8 384.5 387.4 386.4 384.3 381.5 377.1 369.1 361.1 352.6 344.6 336.4 327.7 320.6 314.6 310.7 315.6 314.6 313.5 309.2 306.6 303.5 300.6 296.8 290.5 286.1 284.7 280.9 282.8 285.5 285.7 286.6 286.7 282.1 276.4 277.2 288.6 296 305.6 308.1
253 255.8 260.5 268.5 275.4 283.7 291.9 300.4 306.8 312 315.4 316.8 316.4 314.5 311.6 305 299.1 300.1 302.2 311.8 320.6 326.6 329.8 331.4 329.7 324.9 316.6 316.5 324.7 330.8 339.5 345.5 350.7 355.9 360.6 363.5 368.2 374.2 380.7 386.8 390.2 391.1 388.6 384.1 379 370.9 362.2 354 345.5 338.8 329.3 324.4 317.9 323.6 322.8 319.9 318 315.9 312.5 308.6 305.4 301.7 294.4 290.7 288.2 281.2 283.4 288.6 289.3 289.5 289.2 288.7 287.2 279.3 277.4 280.2 287.7 295.4
256 260.2 266 273.7 282.5 290.8 300 307.3 312.8 319.2 324.3 325 324.5 322.5 315.6 306.6 304.4 305.6 311.2 317.4 328.4 334.8 337.6 338.3 336.1 330.1 321.4 318.8 329.2 336.1 344.6 350.3 357.2 362.4 366.2 369.7 373 376.3 381.5 388.1 391.6 393.2 392 388.5 381.3 373.6 365.7 357.1 349.6 340.6 335.6 330.8 320.7 331.2 331.6 326.1 326.1 322.6 318.5 314 309.3 304.9 297.7 293.2 289.6 282.6 287.2 289.5 291.1 293.5 294 293.5 290.9 289.6 283.9 278.3 279.5 281.2
258 263.6 271.9 280.3 287.7 298.8 308.9 317 324.6 328.9 333.8 333.9 332.1 327.9 320.5 311.3 310.7 313.4 316.4 327.6 337.5 342.9 345.6 345.1 341.1 334.6 325.6 326.1 333.4 340.8 349 355.6 362.3 368.8 373.1 376 378.5 380.8 386 389.8 393.1 395.4 395.7 393.3 386.1 379.1 371.1 363 355.6 347.6 340.3 336.8 327.2 338 338.7 333.5 331.7 328.6 324 318.1 312.6 307 302 298.1 292.1 286.6 291.1 290.8 290.9 294 294.7 294.7 295.7 294.8 291.7 283.1 290.4 286.4
259.6 268.2 277 284.8 296.2 304.2 314.7 324.7 333.9 339.5 344.5 343.8 341.1 336.2 326.9 318.5 318 322 325 336.2 346.5 351.9 353.3 351.7 346.2 338.1 331.2 330.3 337.8 345.3 354 361.8 368.4 374 378.6 382.7 385.3 388 389.2 392.7 395.8 398.4 398.9 396.5 390.2 384.3 377 370.2 362.7 355.9 350 346.1 334.1 346 346.9 342.7 335.9 334.8 329.2 323.6 318.3 312.8 308.9 301.9 293.6 295.3 298.3 297.7 297.2 297 296 295.3 295.1 294.9 294.8 291.6 293 293.1
261.3 272.3 282 292.3 301.8 313 324.3 333.1 342.3 348.9 353.5 352.9 350.7 345.5 334.8 326.1 326.3 330.2 333.9 345.6 353.8 358.5 360 356.6 350.6 342 336.4 335.6 343.2 351.5 359 367.1 374 379.5 385 389.1 392.1 393.1 393.6 395.8 399.2 401 401.5 399.7 394.9 388.9 382.7 376 369.8 364.4 358.9 354.1 342.8 357.7 355.1 351 342.4 339.9 336.5 330.5 324.6 319 313.9 309.3 297.8 301.8 307.8 309.2 309.5 310.6 308.8 304.6 302.2 301 299.3 296.4 294 293.5
265.8 275.9 285.2 294.1 304.4 318.1 330.5 341.8 351.4 359.1 362.3 362.6 359.4 353.3 344.3 335.3 333.5 339 340.8 351 359.9 364.4 365.5 361.8 354.9 346.9 341.4 342.5 348.4 356.7 366.3 373.3 379.8 385.6 391.1 395.7 398.4 400.3 400.6 400.4 402.4 403.7 403.9 402.2 398.7 393.5 388.6 383.2 377.3 372.8 367 361.9 355.2 366.8 364.1 359.2 353.1 345.8 342.4 335.1 328.9 322 318 312.2 303.5 301.9 311.7 318.7 322.6 323.7 323.4 319.3 314.9 310.1 306 298.7 294.8 296.1
265.6 277.4 287.3 296.9 307.8 322.8 339 351.1 363 369.1 370.9 370.4 366.4 361.1 352.9 345.6 342.9 342.6 352.4 359.1 366.4 370.6 370.1 365.4 359.3 351.8 345.8 350.1 354.7 362.6 371.9 379.8 384.8 391.2 396.9 401.3 404.5 406.5 405.9 405.4 406.2 407.6 406.7 405.7 403.4 399.6 395.2 390.6 384.4 379.9 375.4 371.7 370.9 376.6 372.6 366.8 360.3 349.9 344.8 338 330.7 327.6 323.6 316.6 305.2 297.8 315 324.7 330.5 332.5 333.8 333.3 330.1 323.9 313.9 303.3 300.8 306.8
266.8 278 289 301.3 315.1 331.8 346.8 359 373.1 379.2 380.6 378.7 375.4 370.1 363 357.3 353.6 348.8 357.8 366.6 373 374.2 373.3 369.5 364.8 358.1 352.3 355 360.9 366.7 375.3 383.9 390.9 397.8 403.5 407.2 411.6 412.4 411.4 409.9 411.5 412.5 411.9 410 407.2 404.6 401.4 397.5 391.6 386.5 382.1 370.2 385.8 384.3 380.1 374.3 367.8 357 349.2 342 340.9 335.3 326.1 319.6 316.9 304.5 315.7 329.8 338.1 342.8 343.7 345 342.3 337.6 326.6 313.4 308.6 315.3
266.4 281.3 295.1 307.7 322.4 341.2 358.4 371.5 381.8 388.1 390.7 389.8 385.8 380.1 372.7 367.9 364.4 359.2 365.9 371.1 375.3 377.7 377.9 374.6 369.7 363.4 359.9 361.7 365.6 371.9 379.6 387.5 395.1 402.9 408.3 411.9 415.1 415.5 415.1 413.6 415.1 416.1 415.1 413.8 411.8 409.9 407.6 403 397.1 391.4 385.6 390.7 395.5 392.2 388 382.3 376.3 368.9 360.9 353.3 352.8 339.2 328.7 329.8 322.1 308 317.6 333.4 344.6 350.7 352.6 356 353.6 350.1 338.5 327.1 315.9 323.6
269.5 286.7 303.6 317.3 332.7 351.6 367.7 380.9 389.8 396.1 399.9 399.4 396 390.4 382.6 376.6 373.2 370.9 367.9 374.6 378.3 381.3 381.8 378.8 374.1 367.7 366 367.7 371.1 375.6 382.3 391.3 400.6 407 412 414.7 415.7 416.1 415.3 415.4 416.3 417.4 417 416.4 415.8 415 412.1 406.2 400.2 390.9 393.9 403.7 403.2 400.4 396.2 391.1 385 378.6 362 363.6 360.2 342.6 339.3 338.3 329.7 309.9 320.1 336.5 348.9 357.1 361.2 366.6 364.5 361.3 350.7 339.8 328.8 329.4
275.3 289.3 306.4 322.4 338.7 356.6 371.6 386.9 397.5 404.3 407.5 406.5 402.5 397.1 389.8 383.3 380.1 374.7 372.9 379.2 382.3 384.6 384.7 382.3 377.4 371.9 370.1 371.4 375.4 380 386.8 395.7 404.4 409.9 412.6 413.8 414.2 414.1 413.2 413.1 413.9 414.6 414.3 414.4 414.9 414.6 410.8 405.5 397.7 390 407.6 411.9 411.5 408.2 403.9 399 393.8 387.5 378.8 366.9 360.5 349 346.8 345.5 335.1 315.6 319 337.2 350.4 362.5 370 375.4 375.4 371.7 363.9 352.9 341.9 337.3
281 296.4 310.5 324.8 341 357.2 372.6 390.1 402.8 410.3 410.7 407.8 403.4 398 392.8 387.6 381.2 374.9 375.1 381.1 384.7 386.4 386.3 384 379.2 377.9 378 377.3 381.1 386.4 393.5 400.2 406.7 410.1 410 410 409.6 407.2 406.2 406 407.1 406.8 406.4 407 407.1 406.3 403.6 397.2 391.2 408.3 415.9 419.6 419.8 415.9 411.2 406.4 401.3 395 386.7 374.3 366.4 357.9 355.6 351.9 343.1 329.4 316.1 336.5 352 365.5 376.9 384 384.3 381.5 377.3 367.9 358.7 347.6
285.3 297.5 311.3 326 341.1 357.6 374.8 391 405.2 408.2 405.4 400.9 396.3 393.5 389.8 383.5 377 373 376.1 380.1 383.8 385.1 385.9 384.4 383.4 383.3 383.6 384.5 388.1 393.1 399.2 402.9 405.9 406.4 405 403.2 401.6 398.8 397.9 396.3 395.4 395.3 395.8 397 397.5 397.1 395.7 391.8 403.2 412.9 419.9 423.9 424.4 421.8 418.1 414 407.3 402.7 395.1 382.6 375.3 363.6 363.5 359.1 352.8 339.7 320.6 337.4 353.6 368.1 381.7 390 390.8 390.9 390.2 383.2 377 370.4
286.9 298.2 310.5 326.2 341.7 357.1 374.9 391.7 400.5 399.6 395.5 390.2 387.8 385.3 380.6 374.6 370.8 369 370.9 375.2 378.4 380.4 381.4 385.8 388 389.7 389.9 390.8 394.3 399.2 400.3 400.3 399.9 399.1 397.4 394.6 391.8 389.1 387.6 388.1 385.5 384.6 385.9 387.6 389.4 389.8 390.3 398 405.4 414.1 420.9 424.8 425.6 425.1 421.4 419 413 408.8 403.7 393.2 379 375.1 372.5 368 360.1 345.7 326.5 334.5 351.4 369.5 384.9 395 399.6 405.2 404.2 398.1 391 386.4
282.6 297.7 311.4 327.7 344.1 359.5 375.5 388.5 392.9 389.3 383.1 378.3 376 373.4 368.9 365 363.2 362.2 364.1 367.6 371.8 373.2 377.9 382 388.5 391.4 392.8 393.4 395 397.1 396.7 393.3 391.4 388.7 386.4 384.5 381.3 378.9 376.5 375.1 374.8 374.4 374.9 376.9 380.1 385.6 390.8 398.5 405.6 413.5 420.6 423.5 426.3 426.8 426.5 425.6 421.7 416.3 408 400.2 388.5 387.4 384.3 378.3 367.7 350.4 330.7 341.3 351.9 370.4 388.4 400.6 408.9 416.3 417.3 413.1 406.6 400.9
284.7 299 314 325.4 340.8 356.3 372.5 383.6 382.2 376 369 364.9 362.8 360.4 357.1 354.4 353 352.6 355.7 359.8 365.7 368.6 370.7 377 383.8 389.1 393 394.5 392.4 392.3 388.8 385.1 380.5 376.9 375.2 373.1 369.7 367 367 366.9 366.1 365.6 365.9 366.2 377.3 382.2 387.9 394 402.9 411.3 418.8 423.2 427.3 431.1 433.3 433.3 431.7 428.8 422.8 411.4 401.8 398.1 395 388.5 374.1 349.6 336.7 348.7 359.4 376.4 392.3 406.3 417.3 424 429.1 427.2 421.4 415.1
281.7 296.3 310.1 319.5 334.7 351.6 364.5 369.2 367.8 361.7 356 351.5 349 347.5 345.3 344.2 344.5 344.9 348.1 351.2 356.2 360.7 363.6 369.5 376.3 382.8 387.3 387.7 384.9 381.7 377.8 372.5 369.2 366.2 363.2 360.2 358.4 356.9 356.2 356.8 356.6 353.5 365.1 373.3 379.3 385.7 392.1 397.5 404.6 413 420.2 422.6 431.4 434.5 439.4 442.5 441.3 438.4 432.9 427 421.6 415.8 409.2 397.3 377.5 350.3 345.5 350.8 368.6 382.5 399 413.1 424.9 433.9 440 439.5 435.5 429.1
277.6 291.7 302.5 312.9 327.1 341.9 349.4 353.2 353.2 348.4 344.1 340.3 336 333.4 332.4 333.6 334.9 335.6 340.7 344 347.9 351.4 356.2 362.5 369 373.1 376.4 376.1 374.9 371.1 366 360.5 356.6 354.1 351.5 349.3 344.8 342.6 339.9 341.9 345.5 353.5 363.2 373.5 381.6 390.3 397.5 405.4 413.1 418.9 422.1 431.9 438.1 442.8 446.8 452.3 452.3 448.1 443.7 439.5 435.1 429.2 421 400.3 378.4 352.4 356.2 356.9 367.6 384.9 406.8 421.4 432.6 442.2 451.8 451.9 447.3 440.7
270.9 281.5 292.1 302.7 312.4 323.4 334.2 338.5 338.2 335.1 330.5 325.5 320.1 317.8 318.1 318.8 319.4 324 330 334.7 339.1 342.4 346.6 353.5 359.3 363.7 365.1 364.6 363.2 359 353.7 349.2 346 342.5 334.2 328.6 335.4 342.3 346.1 347.2 343.9 345.1 354.7 369.5 381.8 392.9 401.3 409.2 416.5 422 430.7 438.4 444.3 450.2 453.8 460.1 460.9 457.7 455.1 452.1 448.4 442.4 430.2 405.3 380.9 360.8 371.5 374.7 368.9 386.6 410.2 429 440.4 450.1 459.4 462.8 458.3 449.8
262.9 272.4 282.6 292.1 301.9 313 320.8 324.2 322.5 319.8 315.1 308.7 304.5 303.7 303.3 304.3 307.9 312 318.2 322.7 328.6 332.5 337.3 342.9 349.2 352.1 353.5 353.2 350.7 347.1 342.5 338.4 332.7 324.2 338 343.4 348.9 353 355.6 357.6 358.2 357.5 349.4 359.5 376.6 389.2 401.4 411.8 420.6 430 438.1 444.9 451.1 456.9 461.9 466.5 467.8 467.4 466.7 465.2 459.7 453.3 436.8 411.6 382.8 374.3 385.4 388.1 387.4 386.7 411.9 434.3 447.7 458.2 466.2 471.5 466.3 454.6
