WholeMapElevations/data/sn/sn57_OST50GRID_20230518/SN57.asc
ncols 200
nrows 200
xllcorner 250000
yllcorner 270000
cellsize 50
[rows 72 to 107 of 200, columns 82 to 163 of 200]
-1.2 -1.2 -1.2 -1.2 -1.2 -1.2 -1.2 -1.2 -1.2 -1.2 -1.2 -1.2 -1.2 -1.2 -1.2 -1.2 -1.2 -1.2 -1.2 -1.2 -1.2 -1.2 -1.2 -1.2 -1.2 -1.2 -1.2 -1.2 -1.2 -1.2 -1.2 -1.2 -1.2 -1.2 -1.2 -1.2 -1.2 -1.2 0.4 1.2 4.5 34.3 37.9 42.8 49.3 57.8 69.5 84.6 100.2 113 123.8 134.2 146.7 163.8 180.5 185.4 183.3 180.2 180 181.4 179.7 164.6 157.4 152.7 147.7 143.6 140.4 137.4 135 130.9 126.1 122.8 120.6 117.9 115.6 113 108.3 99.3 93.3 77.6 89.6 93.9
-1.2 -1.2 -1.2 -1.2 -1.2 -1.2 -1.2 -1.2 -1.2 -1.2 -1.2 -1.2 -1.2 -1.2 -1.2 -1.2 -1.2 -1.2 -1.2 -1.2 -1.2 -1.2 -1.2 -1.2 -1.2 -1.2 -1.2 -1.2 -1.2 -1.2 -1.2 -1.2 -1.2 -1.2 -1.2 -1.2 -0.6 0.1 0.9 1.7 32 36.1 40.1 45.7 56 67.6 79 93.3 106.2 117.9 127.6 137.3 153.4 171.9 184.6 185.5 180.9 180.9 182.8 183.9 175.9 164.9 158.4 153.2 147.6 144.2 142 140.6 139.1 136.8 132.6 128.1 125.6 123.1 120.4 116.4 110.6 105.3 94 82 95.3 98.8
-1.2 -1.2 -1.2 -1.2 -1.2 -1.2 -1.2 -1.2 -1.2 -1.2 -1.2 -1.2 -1.2 -1.2 -1.2 -1.2 -1.2 -1.2 -1.2 -1.2 -1.2 -1.2 -1.2 -1.2 -1.2 -1.2 -1.2 -1.2 -1.2 -1.2 -1.2 -1.2 -1.2 -1.2 -1.2 -1.2 -0.2 0.6 1.4 14 36 39.3 43.6 52.6 67.8 81.4 92.5 104.2 115.5 123.3 130.1 141.8 159.2 177.2 183.3 182.9 180.4 183.2 186 186.4 173.5 168.1 163.2 158.9 153.9 151.4 148.3 146.3 144.7 142.7 139 134 130.3 127.7 125.2 120.5 113.4 107.5 98.4 84.2 99.9 103.1
-1.2 -1.2 -1.2 -1.2 -1.2 -1.2 -1.2 -1.2 -1.2 -1.2 -1.2 -1.2 -1.2 -1.2 -1.2 -1.2 -1.2 -1.2 -1.2 -1.2 -1.2 -1.2 -1.2 -1.2 -1.2 -1.2 -1.2 -1.2 -1.2 -1.2 -1.2 -1.2 -1.2 -1.2 -1.2 -0.5 0.2 1 1.7 36.3 39.8 43.6 49.7 63.2 76.8 88.4 103 117.3 127.4 132.3 136.1 144.6 157.8 170.6 179.1 178.7 181.3 184.9 187 182.9 172.3 169.5 168.4 164.5 161.7 159.5 154.5 151.6 149.4 147 142.8 139.1 135.2 131.6 126.9 122.3 115.9 110 103.4 85.5 103.1 106.1
-1.2 -1.2 -1.2 -1.2 -1.2 -1.2 -1.2 -1.2 -1.2 -1.2 -1.2 -1.2 -1.2 -1.2 -1.2 -1.2 -1.2 -1.2 -1.2 -1.2 -1.2 -1.2 -1.2 -1.2 -1.2 -1.2 -1.2 -1.2 -1.2 -1.2 -1.2 -1.2 -1.2 -1.2 -0.7 0 0.7 1.4 26.1 38.3 42.9 47.1 54.3 65.9 80.4 95.9 112.3 125.4 132.8 135.7 139.9 154.4 173.5 179.9 179.1 183.7 186.1 186.6 187.6 177.9 172.4 171.4 171.2 168.3 166 164.2 159.1 155.6 152.1 149.7 146.5 142.6 137.3 132.8 127.7 122.3 116.5 110.6 104.9 90.7 103.5 106.2
-1.2 -1.2 -1.2 -1.2 -1.2 -1.2 -1.2 -1.2 -1.2 -1.2 -1.2 -1.2 -1.2 -1.2 -1.2 -1.2 -1.2 -1.2 -1.2 -1.2 -1.2 -1.2 -1.2 -1.2 -1.2 -1.2 -1.2 -1.2 -1.2 -1.2 -1.2 -1.2 -1.2 -1.2 -0.5 0.2 1 1.7 36.7 40.3 44.6 49.8 57.8 70.8 88.3 103.5 118.3 127 132.6 138.3 147 162.6 177.4 179.9 179.9 186.1 190.5 188.8 182.5 175.2 173.6 173.9 172.1 170.4 167.7 162.6 159.2 156.7 154.3 151.7 147.9 142 137.6 133 128.7 123.3 117.9 112.5 106.3 99.7 92.5 102.6
-1.2 -1.2 -1.2 -1.2 -1.2 -1.2 -1.2 -1.2 -1.2 -1.2 -1.2 -1.2 -1.2 -1.2 -1.2 -1.2 -1.2 -1.2 -1.2 -1.2 -1.2 -1.2 -1.2 -1.2 -1.2 -1.2 -1.2 -1.2 -1.2 -1.2 -1.2 -1.2 -1.2 -1.2 -0.3 0.4 1.2 3.1 37.8 42.2 47.6 54.7 67.7 82.1 95.9 110.6 122.2 130.4 136.1 142.8 153.1 169.8 183.2 180.2 181.4 186.4 189.1 189 178.6 175 175.1 176.3 175.2 171.9 167.8 162.8 159.3 156.6 154.8 152.2 148.2 141.9 136.6 132.4 127.9 123.2 118.6 113.8 109.4 104.6 95.2 100.9
-1.2 -1.2 -1.2 -1.2 -1.2 -1.2 -1.2 -1.2 -1.2 -1.2 -1.2 -1.2 -1.2 -1.2 -1.2 -1.2 -1.2 -1.2 -1.2 -1.2 -1.2 -1.2 -1.2 -1.2 -1.2 -1.2 -1.2 -1.2 -1.2 -1.2 -1.2 -1.2 -1.2 -1.2 0 0.7 1.5 15.5 41.8 47.1 52.5 63.5 78.5 89.6 101.7 116.3 127.8 136.5 142.1 148.9 159.4 175.8 188.9 182.9 183.8 187.9 190 185.3 175.6 173.9 175.5 178.1 177 171.8 167.1 163.7 160 156.5 151.9 148.4 144.5 138.6 134.8 131.1 126.4 122 118 113.6 109 103 100.7 104.1
-1.2 -1.2 -1.2 -1.2 -1.2 -1.2 -1.2 -1.2 -1.2 -1.2 -1.2 -1.2 -1.2 -1.2 -1.2 -1.2 -1.2 -1.2 -1.2 -1.2 -1.2 -1.2 -1.2 -1.2 -1.2 -1.2 -1.2 -1.2 -1.2 -1.2 -1.2 -1.2 -1.2 -0.5 0.3 1 1.7 40.9 44.3 50.5 58.4 71.5 84.3 95.4 107.7 121.4 134 141.4 146.9 155 165.6 182.8 190.8 185 185.8 189.2 189.7 180.3 174.6 173.2 174.7 177 174.7 169.8 166.7 164.2 160.9 152.8 147.2 143.7 140.3 136.3 132.8 129.3 124.7 120.6 116.1 111.7 105.8 103.7 105.5 106.8
-1.2 -1.2 -1.2 -1.2 -1.2 -1.2 -1.2 -1.2 -1.2 -1.2 -1.2 -1.2 -1.2 -1.2 -1.2 -1.2 -1.2 -1.2 -1.2 -1.2 -1.2 -1.2 -1.2 -1.2 -1.2 -1.2 -1.2 -1.2 -1.2 -1.2 -1.2 -1.2 -1.2 -0.2 0.5 1.3 12.1 43.7 46.4 51.9 62 76.6 88.9 99.3 112.3 126.4 139 144.8 151 159.7 172.3 189.4 188 184 187.8 190.8 187.7 176.6 173.5 173.7 175 173.8 171.1 167.1 164.9 162.7 157.9 149.4 144.1 140.5 137.2 134.5 130.6 126.7 122.5 118.3 114 108.8 106.5 108.1 108.9 109.5
-1.2 -1.2 -1.2 -1.2 -1.2 -1.2 -1.2 -1.2 -1.2 -1.2 -1.2 -1.2 -1.2 -1.2 -1.2 -1.2 -1.2 -1.2 -1.2 -1.2 -1.2 -1.2 -1.2 -1.2 -1.2 -1.2 -1.2 -1.2 -1.2 -1.2 -1.2 -1.2 -1.2 0.1 0.8 1.6 25.2 45.1 46.7 52.2 65.6 79.8 91.4 102.4 115.7 131 140.4 147.2 155.3 164.9 180.4 188.6 182.7 183.1 188.8 191.1 184.7 174.9 173.7 174 174.4 171.3 167.4 164.9 162.5 159.7 152.7 145.9 142.1 138.3 135.5 132.8 129.9 126.5 122.4 116.8 108.1 109.8 111.2 112.1 112.5 113
-1.2 -1.2 -1.2 -1.2 -1.2 -1.2 -1.2 -1.2 -1.2 -1.2 -1.2 -1.2 -1.2 -1.2 -1.2 -1.2 -1.2 -1.2 -1.2 -1.2 -1.2 -1.2 -1.2 -1.2 -1.2 -1.2 -1.2 -1.2 -1.2 -1.2 -1.2 -1.2 -0.6 0.3 1.1 3.9 40.9 45.8 48.4 56.2 69.5 80.8 88.7 103.6 118.7 131.9 140.6 152.4 161.3 173.9 185.9 182.6 179.9 184.6 190.2 190.3 180.9 174.3 173.8 173.9 171.2 168.2 164.5 160.9 159.9 156.7 148.5 143.1 139.6 136.5 134.5 132.6 130.2 127.2 122.2 117.3 112.2 116.3 116.4 116.3 116.5 116.7
-1.2 -1.2 -1.2 -1.2 -1.2 -1.2 -1.2 -1.2 -1.2 -1.2 -1.2 -1.2 -1.2 -1.2 -1.2 -1.2 -1.2 -1.2 -1.2 -1.2 -1.2 -1.2 -1.2 -1.2 -1.2 -1.2 -1.2 -1.2 -1.2 -1.2 -1.2 -1.2 -0.4 0.4 1.3 28.5 44.5 47 51.7 60.4 69.4 77.8 88.1 103.4 119.1 129.9 139.5 153.1 165.9 179.6 182.1 179.6 183.1 188.1 192.1 185.5 177.7 174.7 174.6 173.5 169.9 164.2 160.2 157.2 154.2 150.8 144.1 140.3 136.9 134.3 132.8 130.8 129 125.7 122.4 116.3 115.3 118.1 118.5 119.6 120.5 121.5
-1.2 -1.2 -1.2 -1.2 -1.2 -1.2 -1.2 -1.2 -1.2 -1.2 -1.2 -1.2 -1.2 -1.2 -1.2 -1.2 -1.2 -1.2 -1.2 -1.2 -1.2 -1.2 -1.2 -1.2 -1.2 -1.2 -1.2 -1.2 -1.2 -1.2 -1.2 -1.2 -0.2 0.6 1.3 25.1 43.3 47.2 53.5 61.6 68.3 77.3 91.4 106.5 119.4 128.8 139.5 153.9 169.6 179.7 179.1 180.4 183.8 188 188.8 180.9 177.2 174.8 175.3 174.1 167.4 160.1 156 152.1 148.9 144.8 140.7 137.5 134.4 132.3 130.9 129.1 126.9 123.7 120.9 116.5 115.7 117.3 118.4 120.1 122.3 124.8
-1.2 -1.2 -1.2 -1.2 -1.2 -1.2 -1.2 -1.2 -1.2 -1.2 -1.2 -1.2 -1.2 -1.2 -1.2 -1.2 -1.2 -1.2 -1.2 -1.2 -1.2 -1.2 -1.2 -1.2 -1.2 -1.2 -1.2 -1.2 -1.2 -1.2 -1.2 -1.2 -0.2 0.6 1.3 23.4 42.3 47.1 54 62.6 69.8 82.2 95.7 108.3 117.8 128 142.8 159.7 174.3 177.5 178.3 181.5 184.6 187.2 182.1 177.8 176 174.5 173.5 170.6 162.8 156.6 152.7 149.1 145.5 142.7 139.1 136.1 133.1 130.9 129 127 124.3 122 118.9 116.1 115.8 116.8 118 119.7 121.8 125.1
-1.2 -1.2 -1.2 -1.2 -1.2 -1.2 -1.2 -1.2 -1.2 -1.2 -1.2 -1.2 -1.2 -1.2 -1.2 -1.2 -1.2 -1.2 -1.2 -1.2 -1.2 -1.2 -1.2 -1.2 -1.2 -1.2 -1.2 -1.2 -1.2 -1.2 -1.2 -1.2 -0.1 0.6 1.3 6 41.7 47 54.2 63.3 74.7 87.3 96.7 105.7 115.5 129.8 146.4 163.5 174.5 176 178.9 182.3 185.4 182.9 177.4 174.7 173.9 173.6 172 166.7 158.4 153.6 149.9 146.2 142.9 140.4 137.6 134.5 132.5 131 129 126.7 123.1 120.3 117.9 116 116.1 117 118.1 120 122 124
-1.2 -1.2 -1.2 -1.2 -1.2 -1.2 -1.2 -1.2 -1.2 -1.2 -1.2 -1.2 -1.2 -1.2 -1.2 -1.2 -1.2 -1.2 -1.2 -1.2 -1.2 -1.2 -1.2 -1.2 -1.2 -1.2 -1.2 -1.2 -1.2 -1.2 -1.2 -0.9 -0.2 0.6 1.3 6.3 41.3 47.3 54.6 65.8 79.5 89.3 96.4 104.5 117.6 134.1 151.8 168.9 173.7 175.9 179.5 182.9 183.5 178.4 174.2 172.6 173 174.3 169.1 162.1 156.7 151.7 147.9 144.1 140.7 138.2 135.7 134 132.4 130.8 128.7 126.4 123 121.5 118.6 116.8 116.2 117.1 119 120.9 122.9 125.3
-1.2 -1.2 -1.2 -1.2 -1.2 -1.2 -1.2 -1.2 -1.2 -1.2 -1.2 -1.2 -1.2 -1.2 -1.2 -1.2 -1.2 -1.2 -1.2 -1.2 -1.2 -1.2 -1.2 -1.2 -1.2 -1.2 -1.2 -1.2 -1.2 -1.2 -1.2 -1.2 -0.3 0.5 1.4 15.3 42.2 48 55.6 68.6 80.1 87.9 96.1 109.8 122.5 136.7 154.7 168 172.8 176 179.2 181.3 177.8 173.7 172.6 170.4 171.1 170.2 166.1 160.1 155.8 151 147.1 143.2 140.6 138.2 136.3 134.4 132.6 130.5 128.1 124.9 123.4 121 118.7 117.2 116.9 118.3 121.1 124.5 127 129.2
-1.2 -1.2 -1.2 -1.2 -1.2 -1.2 -1.2 -1.2 -1.2 -1.2 -1.2 -1.2 -1.2 -1.2 -1.2 -1.2 -1.2 -1.2 -1.2 -1.2 -1.2 -1.2 -1.2 -1.2 -1.2 -1.2 -1.2 -1.2 -1.2 -1.2 -1.2 -0.8 -0.1 0.7 1.5 29 41.6 49.1 58.1 65.6 77.7 89.6 101.5 118 133.1 146.5 157.5 165.4 171.7 176.3 180.9 180.9 171.9 171 169.5 166.4 165.7 165 162.7 159.5 156.2 153.2 149.2 145.2 142.6 140.3 136.8 135 132 127.8 125.4 123.3 121.5 119.9 118.2 117.4 118.1 121 125.5 130.1 134.3 133.2
-1.2 -1.2 -1.2 -1.2 -1.2 -1.2 -1.2 -1.2 -1.2 -1.2 -1.2 -1.2 -1.2 -1.2 -1.2 -1.2 -1.2 -1.2 -1.2 -1.2 -1.2 -1.2 -1.2 -1.2 -1.2 -1.2 -1.2 -1.2 -1.2 -1.2 -1.2 -0.4 0.3 1 1.8 36.2 39.9 51.3 66.9 81.3 86.3 95.3 109.3 122 139 155 163.7 168.3 171.1 175.5 179.6 175.5 170 165.8 165.9 164.4 164.5 163.8 161.9 159.8 158 156.2 152.1 148.2 145.3 141.7 138.3 134.5 130 126.5 124.5 121.9 119.9 118.9 118 117.7 119.3 123.7 130.3 135.1 137.8 136.4
-1.2 -1.2 -1.2 -1.2 -1.2 -1.2 -1.2 -1.2 -1.2 -1.2 -1.2 -1.2 -1.2 -1.2 -1.2 -1.2 -1.2 -1.2 -1.2 -1.2 -1.2 -1.2 -1.2 -1.2 -1.2 -1.2 -1.2 -1.2 -1.2 -1.2 -1.2 -0.2 0.6 1.4 13.6 35 40.4 52.9 67.6 86.7 96 104.3 117.6 127.2 140.3 156 169.1 174.3 172.5 173.5 170.8 165.2 162.1 162 163.5 164.6 165.5 165.4 163.5 161.4 159.7 157.2 154.1 149.9 145.7 142 137.8 133.7 130.5 127 123.4 121.4 119.9 119.1 118.6 119.8 121.8 127.7 133.4 137.7 139.4 137.3
-1.2 -1.2 -1.2 -1.2 -1.2 -1.2 -1.2 -1.2 -1.2 -1.2 -1.2 -1.2 -1.2 -1.2 -1.2 -1.2 -1.2 -1.2 -1.2 -1.2 -1.2 -1.2 -1.2 -1.2 -1.2 -1.2 -1.2 -1.2 -1.2 -1.2 -1.2 0 0.9 1.7 32.7 35.1 43.8 54.1 65.8 81.2 95.8 108.6 119.4 133.2 148 162 174.1 174.3 169 165.4 161.4 158.5 158.4 162.4 165.1 166.8 168.1 167.5 165.3 163 160.6 157.3 153.3 149.4 145.5 141.3 137.1 133.4 130.3 127.1 123.7 122.1 120.8 120.7 121.9 123.9 127.2 132.7 138.1 140.9 141.1 138.8
-1.2 -1.2 -1.2 -1.2 -1.2 -1.2 -1.2 -1.2 -1.2 -1.2 -1.2 -1.2 -1.2 -1.2 -1.2 -1.2 -1.2 -1.2 -1.2 -1.2 -1.2 -1.2 -1.2 -1.2 -1.2 -1.2 -1.2 -1.2 -1.2 -1.2 -1.2 0.1 1 3.5 28.7 34.6 46.6 57.6 66.9 80.1 95.5 112 127.3 141.6 155.3 168.6 172.6 167.6 162.5 159.3 157.1 155.8 158.1 162.4 166.1 168.6 169.1 168.9 167.4 166.3 163.6 159 152.4 148.3 144.3 140.1 136.1 133.1 130.5 126.9 124.7 123.5 123.8 125.8 128.3 130.4 132.6 137.6 142.5 143.1 141.7 140.6
-1.2 -1.2 -1.2 -1.2 -1.2 -1.2 -1.2 -1.2 -1.2 -1.2 -1.2 -1.2 -1.2 -1.2 -1.2 -1.2 -1.2 -1.2 -1.2 -1.2 -1.2 -1.2 -1.2 -1.2 -1.2 -1.2 -1.2 -1.2 -1.2 -1.2 -1.2 0.2 1.1 6.1 27.7 36 52 65.8 75.2 84.7 95.2 112.8 134.8 149.6 161.6 168.3 164.1 158.5 157.4 159.8 157.8 155.2 158.3 162 163 165 167 167.7 168.9 169.2 166.4 159.6 151.5 146.7 143.1 138.6 136.3 133 130.9 129.1 128.4 129.5 131.2 132.7 134.8 135.4 136.7 141.1 145.2 144.7 142.9 141.2
-1.2 -1.2 -1.2 -1.2 -1.2 -1.2 -1.2 -1.2 -1.2 -1.2 -1.2 -1.2 -1.2 -1.2 -1.2 -1.2 -1.2 -1.2 -1.2 -1.2 -1.2 -1.2 -1.2 -1.2 -1.2 -1.2 -1.2 -1.2 -1.2 -1.2 -0.6 0.3 1.3 19.1 29.2 38.4 56.2 73.4 83.5 91.7 96.2 105.5 123.2 146.4 155.9 154.4 151.7 153.5 159.4 164.7 160.9 154.7 156.5 158.7 159.9 164.1 166.6 168.4 170.5 170.1 163.6 156.1 149.7 145.1 141.2 138.4 135.9 135.4 135.9 136.2 136.8 138.7 138.9 139.2 141.1 139.5 140 143 146.6 146 144.2 143.4
-1.2 -1.2 -1.2 -1.2 -1.2 -1.2 -1.2 -1.2 -1.2 -1.2 -1.2 -1.2 -1.2 -1.2 -1.2 -1.2 -1.2 -1.2 -1.2 -1.2 -1.2 -1.2 -1.2 -1.2 -1.2 -1.2 -1.2 -1.2 -1.2 -1.2 -0.5 0.4 1.3 21.6 31.6 40.8 54.7 78.4 90.4 96.2 99.9 107 118.3 136.4 141.9 143.1 147.5 155.7 163.1 165.3 158.3 154 153.4 155 157.7 161.7 165 165.7 167.7 165.4 159.9 153.6 147.4 143.9 140.5 137.6 137.9 139.7 139.9 139.1 140 141.6 142.6 142.6 142.8 142 143.3 147.5 150.5 149 145.6 145.4
-1.2 -1.2 -1.2 -1.2 -1.2 -1.2 -1.2 -1.2 -1.2 -1.2 -1.2 -1.2 -1.2 -1.2 -1.2 -1.2 -1.2 -1.2 -1.2 -1.2 -1.2 -1.2 -1.2 -1.2 -1.2 -1.2 -1.2 -1.2 -1.2 -1.2 -0.5 0.5 1.4 24.6 32.4 42.3 54 66.7 80.8 91.6 100.1 109.1 119.7 129.3 132.4 137.2 147.5 157.9 164.9 164.5 156.9 151.8 152 154.6 155.4 157.4 158.1 158.6 159.6 158.7 155.1 149.3 145.6 142.3 140 140 142.1 143.5 142.3 141.6 142.4 144.8 145.5 144.7 144.1 143.5 144.5 148.4 151.6 148.4 146 147.3
-1.2 -1.2 -1.2 -1.2 -1.2 -1.2 -1.2 -1.2 -1.2 -1.2 -1.2 -1.2 -1.2 -1.2 -1.2 -1.2 -1.2 -1.2 -1.2 -1.2 -1.2 -1.2 -1.2 -1.2 -1.2 -1.2 -1.2 -1.2 -1.2 -1.2 -0.4 0.6 1.6 24.1 34.4 47 60.3 66.9 82 92.6 101.6 109.5 114.3 118.9 129.4 142 153.3 163.2 165.5 164.9 152.5 153.4 156 158.7 158.5 156.5 156.5 155.4 154.7 153 150.5 147.8 144.3 142.1 141 141.9 145 145.9 145 143.9 146.1 148.5 148.3 147.1 145.4 144.3 144.3 147.2 149.5 147.1 147.2 149.9
-1.2 -1.2 -1.2 -1.2 -1.2 -1.2 -1.2 -1.2 -1.2 -1.2 -1.2 -1.2 -1.2 -1.2 -1.2 -1.2 -1.2 -1.2 -1.2 -1.2 -1.2 -1.2 -1.2 -1.2 -1.2 -1.2 -1.2 -1.2 -1.2 -1.2 -0.3 0.7 1.7 30.5 37.5 48.9 60.4 69.4 85.1 95.8 102.4 107.3 112.5 122 136.8 148 156.2 160.1 162.2 155 149.3 156.5 159.6 163.5 166.6 163.2 158.1 156.2 154.1 152.5 151.1 148.8 146.3 143.8 143.1 144 145.9 146.8 146.3 147.3 150 149.8 148.8 147.3 145.6 144.2 143.9 145.3 147.1 149.1 151.7 154
-1.2 -1.2 -1.2 -1.2 -1.2 -1.2 -1.2 -1.2 -1.2 -1.2 -1.2 -1.2 -1.2 -1.2 -1.2 -1.2 -1.2 -1.2 -1.2 -1.2 -1.2 -1.2 -1.2 -1.2 -1.2 -1.2 -1.2 -1.2 -1.2 -1.2 -0.3 0.8 14.5 33.7 43.4 55.7 68.5 81.4 94.3 95.8 102.9 109.5 119.8 134.9 148.6 153.2 153.9 156.1 153.7 147.7 154.2 160.9 163.2 165.9 172.3 166.4 161.1 157.3 157.4 156.2 155.4 152.3 149.7 147.1 146.3 147.5 148.9 150.3 148.9 149 149.1 147.9 146.2 144.6 143.7 142.9 143.9 148.8 152.2 154.7 156.5 156.5
-1.2 -1.2 -1.2 -1.2 -1.2 -1.2 -1.2 -1.2 -1.2 -1.2 -1.2 -1.2 -1.2 -1.2 -1.2 -1.2 -1.2 -1.2 -1.2 -1.2 -1.2 -1.2 -1.2 -1.2 -1.2 -1.2 -1.2 -1.2 -1.2 -1.2 -0.1 1.1 23.2 37.1 48.8 61.4 77.6 71.3 79.9 89.2 97.1 115.3 130.4 144.6 153.6 153.9 150.2 147.5 146.7 150.9 160 167.8 166.8 165.5 166.8 164.2 161 165.5 164.4 163 158.8 155.3 153.5 151.2 151 151.4 153.1 152.9 149.4 147.4 146.4 145.4 143.6 141.9 141.8 142.4 145.7 152.2 157.5 158.1 158.1 157.3
-1.2 -1.2 -1.2 -1.2 -1.2 -1.2 -1.2 -1.2 -1.2 -1.2 -1.2 -1.2 -1.2 -1.2 -1.2 -1.2 -1.2 -1.2 -1.2 -1.2 -1.2 -1.2 -1.2 -1.2 -1.2 -1.2 -1.2 -1.2 -1.2 -1.2 0.4 7.5 35.8 41 51.6 66.8 63.9 81.9 91.4 101.8 107.4 114.7 140.1 152.4 152.9 146 144.5 145.9 151.8 159.3 164.5 169.1 168.4 167.5 164.5 161.1 160.5 163.8 165.2 163.6 159.3 157.5 157.9 157.6 158.9 158.5 155.3 150.5 147.7 145.4 144.2 142.4 141 140.3 141.6 145.6 149.8 156 157.4 158.6 157.6 157.5
-1.2 -1.2 -1.2 -1.2 -1.2 -1.2 -1.2 -1.2 -1.2 -1.2 -1.2 -1.2 -1.2 -1.2 -1.2 -1.2 -1.2 -1.2 -1.2 -1.2 -1.2 -1.2 -1.2 -1.2 -1.2 -1.2 -1.2 -1.2 -1.2 -1.2 0.7 26.5 41.2 43.4 57.2 76.6 84.4 98.9 109.4 119.9 125.6 112 127.5 137.3 135 144 146.6 146.2 152.3 157.7 164.1 169.6 170.9 169.4 164.6 158.2 157.7 160 162.2 160 159.3 160.5 160.6 159.2 156.6 153.9 150.8 147.5 144.4 142.6 141.1 139.6 139.3 140.2 143.2 150.3 157.6 160.2 159.1 158.3 156.5 157.3
-1.2 -1.2 -1.2 -1.2 -1.2 -1.2 -1.2 -1.2 -1.2 -1.2 -1.2 -1.2 -1.2 -1.2 -1.2 -1.2 -1.2 -1.2 -1.2 -1.2 -1.2 -1.2 -1.2 -1.2 -1.2 -1.2 -1.2 -1.2 -1.2 0 1.3 42.3 42.5 45.5 59.3 71.9 96.5 108.7 118.6 129.9 144.2 147.6 136.4 138.3 145.6 153.1 149.7 148.2 150.7 154.9 160.8 162.8 164.5 160.8 156.2 153.6 152.8 152.1 152.3 157.2 159.7 162.2 160.5 157.4 154.3 151.3 147.7 144.6 141.5 139.8 139.1 138.6 139.2 141.7 147.7 156.4 161.9 160.2 158.3 156.9 156 157.6
-1.2 -1.2 -1.2 -1.2 -1.2 -1.2 -1.2 -1.2 -1.2 -1.2 -1.2 -1.2 -1.2 -1.2 -1.2 -1.2 -1.2 -1.2 -1.2 -1.2 -1.2 -1.2 -1.2 -1.2 -1.2 -1.2 -1.2 -1.2 -1.2 0.2 2.6 36.7 40.5 46.4 61.6 88.1 111 121.5 128.6 139.8 154.2 163 157.9 153.9 164 164.9 160.8 153.4 150 152.4 156.9 158.3 158.1 156.1 155.2 155.2 159.5 158.2 149.4 152.4 157.7 160.3 158.7 154.7 151.5 148 144.6 142 139.9 138.5 138.4 138.6 140.8 146.3 156.5 164.7 163.8 161.1 158 156 156.2 159.4
-1.2 -1.2 -1.2 -1.2 -1.2 -1.2 -1.2 -1.2 -1.2 -1.2 -1.2 -1.2 -1.2 -1.2 -1.2 -1.2 -1.2 -1.2 -1.2 -1.2 -1.2 -1.2 -1.2 -1.2 -1.2 -1.2 -1.2 -1.2 -1.2 0.9 22.4 36.6 43.6 53.3 75.2 106.6 124.6 129.2 135.9 148.1 160.2 163.3 161.3 162.8 168.6 167.5 164.4 155.1 151.2 154.7 158.8 159.1 157.4 158.4 159.4 159.2 163.1 157 147.7 148.3 151 154.2 153.8 151 147.8 144.5 142.4 141 139.5 138.5 138.2 140 143 151.4 163.3 170.2 166.1 159.8 156.8 155.5 156.8 161
