WholeMapElevations/data/so/so67_OST50GRID_20230518/SO67.asc
ncols 200
nrows 200
xllcorner 360000
yllcorner 270000
cellsize 50
[rows 140 to 174 of 200, columns 0 to 78 of 200]
204 202.6 200.8 198.6 194.7 189.2 178.8 169.9 163 159.3 158 156.6 155.2 154.3 154.2 153.5 151.2 148.4 144.5 141.6 138.6 135.7 133.4 135.5 137 135.7 133.4 129.2 124 123.9 125.7 127.7 131.6 136.3 139.8 144.4 148.6 147.2 143.8 140.5 136.8 134.3 132.3 127.7 127.9 129.1 128.5 129.4 132 132 131.6 132.6 135.2 135.9 135.2 134.2 133.4 132.6 132 131.3 130.2 128.2 125.5 119.3 125.1 127.3 129.5 134 140.2 151.7 162.1 165.4 163.9 161.2 158 154.2 150.8 147.1 143
200.2 199.3 198.3 196.9 194.5 190.9 185.6 176.5 168.7 162.2 156.7 153.4 151.8 150.7 150.3 149.2 147.7 145.4 142.8 139.9 137.3 134.8 131.9 132.7 134.7 134.3 133.1 133.1 130.4 122.6 122.8 126.6 131.9 136.9 141.1 145.8 148.3 147.7 145.6 142.5 140.3 138.6 136.8 132.8 128.3 123.9 122.3 124.6 127.7 128 127.7 128.2 130.3 131.5 130.2 128.8 128.2 127.5 127.9 128.9 129.6 127.9 126.2 116.3 121.5 124.9 128.1 132.8 138.6 149.7 159.7 165.6 165.5 162.8 160.1 156.6 153 148.8 144.7
197.3 195.7 194.7 194.1 193.1 190.5 186.2 180.4 174 166.2 159.8 154.3 150.6 147.2 147.3 145.9 144.1 142.3 140.3 138.4 136.7 134.4 131.5 130.2 133.3 133.3 131.3 131 132 129.2 121.2 122.2 128.6 133.7 138.9 142.6 145.5 146.6 146.7 144.7 141.7 138.5 136.1 133.1 129.3 126.9 122.2 120.1 122.8 123.5 123.7 124.1 125.9 127.1 125.4 124.2 124.3 124.4 125.8 127.6 128.8 128.5 127 123.8 118.1 124 128.3 132.2 137 146.6 157.3 164.3 165.5 163.9 161.2 158.3 154.4 149.9 145.7
194.4 193.9 192.1 191.2 190.1 188.7 184.9 179.3 174.1 167.7 160.3 155 150.6 149.1 147.2 145.1 143.1 141.4 140 141.5 139.5 136.3 132.1 129.3 131.7 133.3 130.5 128 128.8 126.9 122.2 119.5 125.7 132 135.9 140.4 142.9 143.5 143.4 143.7 141.4 138.8 135.9 134.3 132.8 129.2 124.8 120.8 120.2 119.6 119.6 120 121.6 123.6 122.8 121.2 121.4 122.4 124.1 125.9 127 127 125.9 122.3 112.3 124 129.5 133.3 139.5 148.4 158.2 163.3 164.9 163.3 161.6 158.4 154.8 149.9 144.4
191.7 191.6 189.2 188 186.1 183.5 181.4 178 174.6 170.6 162.1 155.8 149.1 148.8 148.4 146 143.4 144.8 147 145.7 142.5 138.2 133.1 128.5 129.9 133.9 132.4 127.3 125 122.8 119.8 120.1 134 137.1 138.5 139.1 141 139.9 138.5 139 139.4 138.7 137.1 135 132.7 130.3 128 123.7 117.9 116 115.9 117.2 119 120.9 121 117.9 118.7 120.6 122.4 123.8 125 124.3 123.3 120.6 114.5 123.9 129.6 135.3 141.3 148.6 157 162.6 164 162.5 159.9 155.8 152.2 146.5 143.1
189 188.8 184.3 182.6 180.7 177.1 176 174.1 172 167.8 161.3 154.9 148.2 143.8 144 141.6 141.5 144.9 149.1 148.6 144.5 140 135 129.4 127.3 131.8 132.4 127.8 121.2 119.1 119.5 127.8 136.1 138.5 137.8 138.4 138.7 136.9 135.3 135 135.5 136 136.1 135.5 133.3 130.9 128.3 125.3 120.3 114.1 112.7 113.3 115.3 117.1 116.7 115.3 116.9 118.8 120.5 121.3 123 122.1 120.4 118.6 115.8 124 129.5 134.9 141.1 148.4 155.4 161.5 162.4 159.8 155.4 147 140.3 137.2 140
186 186.1 181.9 176.5 174.3 170.5 170.5 171.1 166.4 161.1 156 152.3 146.9 141.9 139.1 137.3 138.9 142.8 148.1 149.2 145.9 142.2 137.6 131 124.9 127.7 130.4 128.3 120.5 114.5 128.3 133.3 136.1 136.5 136.2 137 136.8 135.3 132.8 132.2 132.5 132.8 133 134 133.3 131.3 129.1 126.5 123 117.4 113.1 109.6 112 114.2 113.5 113.3 114.9 117.4 118.3 118.9 120.6 121.1 119.4 115.4 114.4 121.9 128.4 134.1 137.8 140.9 146.9 153.5 155.5 154.9 149.5 141.4 131.8 126.8 130.7
181.3 184.6 182.3 175.1 169.9 164.4 164.4 167.7 161.5 155.5 151 148 145.2 139.9 135.6 134.4 136.4 140.1 145.8 149 147.4 144 139.7 134 127.2 123.1 126.5 128.1 122.7 113.3 124.7 130 130.9 132.5 133.9 135.5 135 133.3 131.2 129.6 129.7 130.4 131.7 133.4 133.6 132.6 130.5 127.8 124.4 121 116.4 112.5 109.2 110.6 111.4 112.3 115.7 117.4 117.5 117.2 118.9 120.1 119.3 113.9 115.5 123.8 127.4 130.9 129.8 135.1 139.6 140.9 142 143.5 141.1 136.7 129.4 122.7 120.5
174 179.6 182.5 177.9 170.3 160.7 154.9 159.3 155.5 149.2 145.9 144.8 143.2 139.2 133.9 131.6 134.5 139 143.7 147.4 147.1 145.1 141.2 136.4 130.8 124.3 122.8 125.3 126.6 122.3 113.8 119 124.5 128.3 131.5 132.7 131.7 130.1 128.8 127.5 128.1 129.3 131.8 133.7 134.1 133.2 131 128.5 125.4 122.3 119.5 116.5 111.9 108.6 108.6 111.1 115.2 117.4 117.4 116.5 117.1 118.7 118.7 113.5 115.5 121.2 121.8 121 124.4 131 133.5 130.9 130.4 132.1 132.2 129.7 126.4 121.6 117.3
169.6 175.2 180.9 180.2 172.7 162.4 152.6 152.3 147.6 143 141.2 139.6 138.9 136.7 132.4 129.3 132.5 136.2 140.8 145.4 146.2 144.8 142.2 137.7 133.9 127.4 122.9 120.2 122.7 124.5 118 113.8 116.6 124.2 127.2 128.3 127.8 126.8 125.6 125.8 127 129.3 131.2 133.2 134.8 134 131.5 129.4 126.1 124.7 123.5 120.2 115.9 112.6 108.3 109.9 112.8 115.1 117.5 115.4 114.7 116.9 117.1 111.7 112 114.5 116.8 122.3 126.7 131.5 130.3 125.6 125 126.4 127.2 124.8 121.3 118.9 114.2
165.9 171.7 177.3 178.9 174.4 164.1 153.3 146.5 141.3 138.2 136 135.8 134.7 133.4 129.6 127.8 130.9 134.2 137.9 142.9 144.5 144.1 141.5 138.6 135.1 130.8 127.8 124.2 120.8 119.5 117 114.2 110.3 114.4 122.9 123.8 123.3 123.4 124.1 124.8 125.8 127.4 129.7 132.3 134.4 134.1 133.3 132 130.2 129.9 127.8 124.2 120.6 115.8 109.2 106.6 108.9 110.4 113.6 114.7 112.6 114.3 115.9 109.4 109.3 113.3 117.8 124 127.5 129.2 128.3 124 120.7 121.9 124.2 121.1 118.3 116 111.3
163.9 170 176.2 178 173.6 164.4 154.5 148 144.5 142.1 137.4 132.2 131.1 130.3 127.5 126.5 129 132.1 135.8 140.3 143.3 142.6 140.5 137.8 135 132.5 130.5 128.4 126.8 124.6 122.6 119 113.8 108.4 119.9 122 121.8 121.9 122.8 123.4 123.7 125.4 128.4 131.1 133.6 135.1 136 135.9 135.6 134.7 131.6 127.5 123.1 117.7 113.3 107.7 104.5 106.4 109.6 113.3 112 112.7 114.4 108.2 108.6 115.1 120 123.1 124.7 126.3 125.7 122.2 118.7 118.3 120.1 116 113.8 114.3 108.3
163.4 169.3 176.2 177.9 172.2 162 152.6 146.9 144.3 142.6 140.6 135.1 128.8 127.7 126.2 125.4 127.5 130.1 133.3 138.1 141.8 141 139 136.7 133.9 132.1 130.8 128.8 128.2 127 125.4 122.1 116.9 110.2 113.3 121.7 121 121.2 122.3 122.2 121.3 124 127 129.8 132.4 135.1 138.4 140.3 139.6 138.2 135 129.4 123.5 119.1 115.4 109.8 104.5 104 108.4 110.8 110.9 110.9 110.5 107.4 107.4 113.8 118.7 121.2 122.5 122.8 122.4 121 117.5 114.5 114.7 112.9 106.5 110.7 106.7
164.5 171.8 177.3 177 169.9 159.6 150.5 144.7 142.2 140.7 140.6 137.3 131.3 125.7 124.7 123.2 125.2 127.7 131 135.4 139.2 138.9 136.8 134.7 132.8 131.7 130.4 129.1 128 127.2 126.3 123.6 118.9 111.7 107.1 120.3 119.6 120.9 121.7 120.8 120 122 125.8 129.3 132.4 135.7 139.9 143.6 142.7 140.2 135.3 128.7 123.6 116.1 114.4 111.6 107.7 102.6 105.9 108.4 110 109.3 108.3 105.1 107.8 113.1 115.9 118.5 119.3 119 119.4 117.9 116.4 113.6 109.5 109.2 108.5 106.5 103.7
164.8 173.4 178.9 177 168.9 159.6 147.9 142.2 139.5 137.8 137.9 135.2 131 127.7 124.1 121.1 122.9 125.3 128.8 132.3 136.6 136.4 134.6 132.7 130.8 129.7 128.7 127.8 127.2 126.6 125.8 124.5 120 112.3 104.8 114.1 118.7 119.8 119.8 118.9 119.4 121.9 125.6 129.4 132.9 136 141.3 147.6 151.1 145.8 137.4 130.3 122.8 120.3 119.7 115.6 110.8 104.4 103 105.4 108.8 107.8 106.1 101.9 108.2 111.7 113.6 114.9 114.1 114.8 115.7 115.2 113.6 112.6 108.3 104.2 107.6 103.9 101.2
166.5 174 179.2 178.5 171.4 161.5 147.5 139.4 136.9 134.3 135.2 133.6 131.9 129.9 125.5 121.8 120.2 123.3 126.3 130.4 134.6 134.2 132.4 130.7 129 128.3 127.4 126.6 126 125.4 124.8 124 122.2 116.4 107 105.2 114.9 118.2 117.6 118.6 119.5 122.3 125.6 129.3 132.6 135.8 140.8 147.9 156.2 152.4 141.1 130.7 127.4 126.2 119.3 113.7 110.2 105.4 102.8 104.2 107.1 106.8 104.3 100.6 106.2 110.7 112.4 110.5 110 111.1 112.3 113.5 111.3 110.5 108.8 103.8 100.5 98.3 94.8
166.3 171.3 176.2 177.3 172.6 162.2 150.4 140.8 134.5 130.7 131.5 132.5 130.9 127.8 123.5 120.6 118.7 121.7 125.1 129.7 133.1 132.3 130.6 128.9 127.2 126.9 126.1 125.5 124.8 124.2 123.6 122.9 121.9 120 112.5 105.9 112.8 118.1 117.2 119.1 119.7 121.9 124.3 128.1 131.9 135.3 138.3 144.4 152.1 159.2 147.4 135.2 129.8 122.7 114.9 112.7 110.2 107.6 104.5 103.2 102.7 104.3 102.4 95.9 107.6 108.7 109.6 107.6 107.3 108.1 108.7 109.6 109.5 108.8 108.5 106.6 103.6 96.4 90.3
161.9 168.1 173.3 175.7 173.6 165.7 156.4 143.5 134.8 129.9 127.8 129 129.5 128.3 124.4 121 117.6 119.7 123.8 128.3 131.8 130.5 128.4 126.8 125.2 124.5 124.5 124.1 123.5 123 122.4 121.7 120.9 119.6 115.9 107.8 108 116.2 116.7 118.1 119.5 121.4 123.8 127 130.8 133.8 136.1 140.1 147.8 157.8 149.5 134 127 122.1 118.7 117.4 113.6 110.7 106.6 102.6 99.5 101 95.6 104.5 106.4 106 106.9 106.2 106.6 106 104.9 105.7 106.6 107.5 108.1 107.9 104.1 99.2 88.9
159.3 165.6 171.1 173.4 173.5 170.4 163.7 150.8 138.8 132.1 126.9 125 125.3 126 125.6 123.1 119 116.9 120.5 125.2 129.6 128.7 127.1 124.9 122.4 120.9 121.5 121.5 121.5 121.2 120.6 120.5 119.7 118.8 116.1 108.3 105.7 114.4 116.6 117.7 119 121.3 123.8 126.4 128.6 130.4 134.9 139.8 146.9 156.7 149.8 135.5 128.8 126.5 124.5 121 118.9 115.4 110.5 103.8 100.4 94.6 103.6 107.5 105.7 103.5 104.2 104.2 104.9 105.8 103.5 102.5 103.8 105.2 105.9 105.2 104 98.4 88.4
160.4 166.1 170.1 172 172.9 171.3 167.5 159 146 139.3 132.9 127.1 122.8 122.2 122.6 122 119.5 115.1 117.5 121.6 124.8 126 125.2 123.8 120.3 117.6 118.5 118.5 118.5 118.7 118.9 118.9 118.6 117.7 115.2 108.1 105.4 114.2 117 118.3 119.8 121.4 121.7 124 125.9 128.4 133.5 138.7 145.2 154.4 145.8 134.3 127.6 123.2 122.1 121.6 115.7 110.7 107.4 104.3 101.5 100.2 100.2 102.7 105 101.2 100.6 100.9 100.4 100.7 96.3 97 100 102.2 102.6 102 102.4 98.3 88.4
162.9 167.1 170 170.8 171.5 171.1 169.2 161.4 147.7 140.2 134.2 128.4 124.4 122.4 121.3 118.3 116.8 114.5 114.2 118.3 119.9 120.8 121.9 122.5 120 116.1 115.4 116.4 116.7 116.8 117 117.2 116.8 116 112.5 105.8 106.6 115.3 116.4 118 119 118.8 119.8 120.9 124.5 128.1 131.3 136.3 141.7 150.6 146 132.7 124.5 119 115.8 115.5 109.7 107.6 108.6 108.6 106.9 101.8 94.1 95.1 97.4 97.6 96.3 96.3 95.7 93.6 91.1 91.7 94 96.7 98.6 99.1 98.9 95.8 87.2
166.1 168 167 168.7 170 169.9 168.1 159.7 146.1 138.4 134 129.6 126.3 125.2 123.7 120.8 119.1 116.4 112.7 114.3 116.6 116.2 118.5 117.9 116.2 114.6 112.5 114.5 115 114.6 115.2 115.5 114.7 113.4 109.8 103.5 107.5 113.7 114.6 115.7 116 118.8 121.5 124 127.2 130.2 132.5 135.1 139.4 147.6 148.7 135.3 125.4 120.8 115 113.1 113.2 113.4 114.3 114.6 112.3 105.3 101.3 97.3 93.9 93.4 93.9 92.9 93.7 93.7 92.5 92.5 88.7 87.5 88.8 97.1 96.7 92 82.5
167.2 165.3 163.6 165.4 168 168.3 167.4 161.7 154.7 144.8 137.6 131.6 129.2 131.2 128.4 125.1 121.8 118.2 114 110.8 114.4 112.9 113.5 111 109.5 111 110.1 112.2 112.1 112.8 113.4 113.8 112.7 110.3 106.3 101 106.7 110.4 112 114.3 117.4 121.6 126.5 127.9 129.5 130.4 131.3 133.7 139.5 149.7 153.5 140.1 127 121.2 118 118 118 119.1 120.4 118.2 112.9 111.5 110.2 108.4 105.5 103.7 101.7 99.1 100.1 101.1 100.7 99.8 95.7 92 84.9 84.9 89.4 89.9 81.4
160.8 158 159.4 164 166.6 167.7 167 164.6 161.1 151.4 140.5 134.4 136.5 137.7 133.5 127.5 121.7 117 113.7 110.6 110.3 108.8 107.9 107.1 105.8 103.8 107.7 108.3 109.1 111.9 112.2 111.7 109.4 106 102.1 98.5 106.1 112.7 114.8 117.8 121.3 124.7 128.2 130.1 130.1 129.5 129 131.8 136.5 144.9 149.1 142.4 134.9 128.5 125.6 124.1 123.8 124.5 122.6 118.6 116.9 117.1 117.6 116 114 111.4 109.1 106 106.9 107.3 107.7 104.9 100.7 97.1 93.4 88.6 86.1 81.4 81.2
146.6 146.6 153.5 162.3 165.5 166.8 166.4 165.6 163.2 157.9 151.2 145.6 147.9 147.5 139.5 130 122.7 118.5 115.2 112.9 111.1 109.8 112 113.7 111.9 107.7 102.7 104.3 107.6 110.9 110.4 108.2 104.1 101.4 98.6 105.1 113.7 115.7 117.8 120.2 122.2 125.4 128.7 129.7 129.3 127.6 126.6 129.1 133.1 138.5 140.5 139.6 139.5 136.9 134.7 131 128.6 128 125.6 124.7 122.9 120 117.3 117 116.8 115 112.1 109.1 109 109.8 111 109.5 105.7 102.6 99.5 96.5 95.9 91.9 87.7
136.6 142 154.6 163.1 164.3 164.7 164.4 163.8 163.2 162.4 159.4 157.7 159.1 156.4 143.9 133.7 126.6 122.2 119.6 117.5 116.7 115.5 118.8 118.8 115.8 111.1 106.1 101.8 105 108.7 106.6 102.6 98.9 97.4 104.6 112.3 114.3 115.3 117.7 118.8 120.8 124 127 128.2 126.8 124.4 123.9 126.7 130.2 132.6 133 132.8 135.8 140 142.8 140.8 137.3 134.6 129.3 125.3 122.6 119.2 117.4 115.2 114.7 115.3 113.3 111.3 110.5 110.9 112.3 113.4 111.2 108.1 105 102.9 104.3 102.1 97
133.7 140.2 153.9 161.5 163.5 162.9 162.4 161.8 161.6 161.3 161.5 160.8 156.1 146.7 138.2 133.8 130.7 125.7 122.7 121.5 121.4 119.5 119.7 118.1 115.7 112.2 109.3 102.9 100.4 103.9 101.3 97.4 97.5 105.1 108.9 110.7 112.1 113.7 116 116.9 118.8 122 124.4 125.7 124.7 122.1 121.3 124.5 126.4 126.8 127.1 129.4 134.9 142.4 149.6 152.4 150 145.6 137.4 127 123.3 120.7 118.3 115.5 112.9 113.3 113.6 112.7 111.7 111 111.5 112.5 113.2 112.4 111.6 111.9 111.8 110.9 106.7
130.9 136.7 150.5 158.9 162.4 161.6 160.5 160 159.9 159.7 159.3 157.3 146.1 135.6 129 125.6 125.6 122.9 120.8 119.6 121 121.3 119.6 117.6 115.1 112.1 108.9 104.5 97.9 98.4 96.2 95.4 100.7 107.8 108.9 109.4 110.1 111.8 114.2 115.3 116.9 120 121.6 123.5 122.7 119 119.6 121.8 122.4 122 125.1 129.6 134.7 141.5 149.8 156 153.9 145.7 137.1 129 125.4 121.9 118 115 112.4 110.8 111.5 112.1 111.4 110.5 109.6 110.2 110.9 111.7 112.5 113.2 113.1 111.2 109.4
127 134 143.6 153.9 161 161 159.6 158.2 158 157.8 157.5 155.7 148.6 136.2 125.5 120.1 120.3 120.7 118.6 117.1 117.7 119 118.9 116.9 114.3 111.4 107.8 103.7 95.4 94.3 94.4 95.6 106.6 108.9 109.1 107.6 108.2 109.9 112.2 114 115.4 117.3 119.7 121.1 119.9 118.3 116.8 118.5 119.3 119.6 124.2 128.3 132.6 139.3 148.8 153.6 148.4 139.9 132.7 128.8 124.5 120.6 117.5 114.9 112.7 110.7 108.8 109.5 110 109.9 108.8 107.8 108.5 109.1 109.8 110.2 110.6 109.1 108
123.8 128.1 136.7 150.1 158.8 160.4 158.9 157.4 156.1 156 155.8 154.2 149.8 141.2 129.3 118.5 114.8 115.7 116.8 115.5 114.9 117.7 117.7 116.1 113.5 110.4 107.2 101.4 93.7 91.8 95.7 103.6 108.4 109 107.9 105.4 106.5 108 109.6 111.4 113.5 115.7 117.9 118.7 118.5 116.7 114.4 114.9 116.6 118.5 122.8 126.8 131 135.9 143.8 147.6 142 135.6 130.7 126.6 123.4 120.1 117.3 114.5 112.4 110.4 108.3 107.1 107.8 108.7 108 106.8 106.4 106.9 107 107.3 107.7 108.1 107.4
126.6 132.9 137 146.7 155.2 158.9 157.8 156.4 155.4 154.6 154 152.4 144 133.5 122.3 115.9 112 111.8 113 113.1 112.3 115.1 116.7 115.2 112.5 109.2 105.6 99.6 93.2 95.4 109.4 106.7 105.6 105.9 106.7 104.9 105.6 107.2 109.4 112 114 116.2 117.9 118.3 116.7 115.1 111.9 112.4 115.5 118.9 122.3 125.7 127 127.9 132.1 134.8 134.4 131.6 127.9 124.6 122.6 119 116 114.2 112 110.1 108.3 106.6 105.6 106.3 106.8 106.2 104.7 104.7 104.8 104.8 105.2 106.1 107
126 129.8 132.7 140.6 148.6 156.7 156.9 155.8 154.8 153.4 153.5 151.5 143.5 130.6 121.4 116.7 113.6 109.2 108.9 109.3 110.1 113.4 115.2 113.9 112 108.8 105.1 98.5 93.5 99.4 108 106.7 102.7 102.9 104 103.2 104.7 108 111.1 113.9 115.8 117.4 117.9 116.5 115.3 113.9 110.3 111.1 114.4 117.3 120.5 122.6 121.5 121.1 123 124.6 127.5 126.9 124.3 121.3 119.4 117.4 114.3 112 110.1 108.4 107.9 106.3 105 104.8 105.4 105.7 104.3 103.4 102.8 103 103.2 104.1 105.1
121 123.4 127.9 136 145.3 154.3 155.8 155.2 154.1 152.4 152.2 152.7 151.8 137.5 128.9 125.6 121 113.1 106.7 106.3 108 111.2 114.4 113.2 111 107.7 103.5 97.7 93.1 98.8 107.8 106.5 101.5 100.6 101.1 101.9 106.2 109.5 112 114.9 116.8 117.7 116.7 114.2 112.5 111.6 109.1 109.4 113.1 115.7 118.5 118.9 117 116.6 117.5 119 122.2 123.9 121.8 118.9 116.7 114.8 112.6 110 107.9 106.8 106.3 105.8 105.3 104.6 104.1 103.9 103.6 102.3 101.4 101.4 102 102.6 103.4
117 119.4 125.4 134.1 143.2 151.6 155.1 154.7 153.4 151.4 151.5 152.4 151.9 140.9 127.6 122.3 116.5 111.1 107 103.6 105.4 107.4 110.4 111.9 109.7 106.8 101.7 95.8 92.1 101.6 104.7 101.4 99 99.5 100.6 101.8 105.7 108.4 111.1 114.6 116.4 116.7 115.7 113.8 110.2 108.5 106.6 107.4 111.4 113.9 114.2 113.6 113 114.2 113.7 115.3 118.8 121.8 119.7 117.2 114.9 112.8 110.5 108.1 106.1 105.2 104.7 104.4 104.6 104 103.2 102.3 102.2 102.1 100.9 100.4 101.5 102.8 103.5
111.5 114.6 120.5 130.1 141.1 150.5 154.5 154.1 152.6 151.1 150.2 151.3 151.7 144.8 131.5 120.7 114.6 109.7 106.7 103.6 102.1 104 106.3 109.8 108.5 105.6 99.4 92.8 89.8 101.3 99.3 97 99.2 102.2 103.3 103.8 104.4 106.4 108.7 111.8 115.1 115.8 114.6 113.4 111.8 107.8 104.8 105.3 108.6 110.2 109.7 109.1 111.1 111.5 111.2 113.5 117.1 118.7 117.4 115.5 113.3 111.2 109.5 107.3 105.4 104 103 102.9 103.1 102.8 102.1 101.1 100.8 100.6 101 101.7 102.8 103.2 103.9
