WholeMapElevations/data/nh/nh10_OST50GRID_20230518/NH10.asc
ncols 200
nrows 200
xllcorner 210000
yllcorner 800000
cellsize 50
[rows 35 to 69 of 200, columns 0 to 77 of 200]
441.6 447.1 448.6 446.1 443.5 446.2 449.8 457.6 463.6 468.2 472.1 480.8 489.5 497.1 500 504.4 505 507.7 507.6 510.1 511.9 514.8 518.7 526.8 533.5 542.9 546.2 546.6 550.1 552 555.4 555.8 555.4 558.4 564.8 570.6 569.7 570 573.7 583.2 580.7 592.6 607.3 614.6 618.6 622 621.7 623.8 622.6 627 628.7 630.1 627.5 637.4 642.7 636.6 629 593.2 545.2 545.1 520.7 527 541.1 564.9 575.6 590.9 599.3 602.9 603.9 603.2 595.8 595.2 586.8 559.2 539.3 514.8 488.5 473.9
439.1 444.7 444.3 446.5 440.7 442 445.3 451.1 459.9 462.6 468 474.7 483.4 484.7 489.5 492.2 493.1 494.8 500.1 506.3 511.3 512.6 515.5 525.4 537.7 543.3 545.5 547.4 552.9 554.5 561.1 557.7 555.8 558.7 562.6 567.8 571.7 574.7 583.7 586.9 588.8 602.9 609.5 620 629.7 635.2 635.5 631.2 633.3 635.7 642.5 644.4 642.2 646.2 648 651.4 644.2 612.9 580.9 561.8 558.3 571.1 588.7 594.2 610.5 632.2 647.8 648.6 648.4 659.4 641.2 624.2 608.1 595.3 561.5 528.9 497.2 476.8
435.6 440.6 443.4 442 440.1 439.4 440.1 447 453.5 456.7 463.3 467 475.3 476.2 481.3 481 485.7 491.1 494.9 498.6 503.6 507.2 513 527.1 536.7 543.2 546.1 551.7 555.6 556.8 557.9 554.6 554.3 556.1 563.9 566.2 567.3 574 579.8 584.6 593.8 607.5 616.1 629.3 637.6 645.6 649.4 647.7 644.6 646.1 650.4 659 655.2 655 663.2 665.1 662.9 631.7 610 616.1 608.5 607.5 625.7 646.1 650.5 665.8 682.6 684.5 680.6 682.2 675.2 658.8 649.3 637.1 589.4 539 504.3 490.8
435.8 437.9 439.1 440.3 436.7 437.3 438.3 441.7 446.1 451.3 459.1 460.6 463.8 471 471.9 473.5 477.8 484.3 490 491 495.7 502.7 512.5 524.4 536.7 543.3 550.7 555.3 558 557.5 553.3 554.8 560.7 561.7 564.5 565.8 565.5 566.9 574.7 583.5 592.9 603.7 618.2 630.1 638.7 647.1 650.7 652.2 655.3 656.7 660.2 663.4 662.5 669 674.2 679.2 678.7 672.3 656 664.6 659.9 658.4 677.3 686.1 696.4 705.1 709.2 701.8 694.9 689 687.7 693.6 683.8 656.6 622.5 553.8 528.8 509
432.1 435.3 435.3 435.3 436.6 433.6 435 436.2 438 443.8 451.4 453.5 459 463.8 464.9 465.9 470 474.5 482.2 484.2 491.6 499.6 508.3 523.7 536.6 543.5 552 553.2 551.9 553 557.8 565.4 565.4 564.3 565.2 564 565.5 568.2 574.8 581.8 590.4 601.5 614.2 629.1 639.6 654.7 662.9 664.7 665.4 671.7 670 669.9 677.9 684.6 687.5 690.5 688.7 687.8 691.3 692.3 699.2 708.2 707.6 709.6 715.3 716.5 716.9 707.5 708.7 706.1 704.2 706.7 703.5 689.6 661.4 590.6 556.9 540.1
427 429.6 426 427.2 430.3 429.9 430.6 430.8 433.1 436.1 442.2 451.2 457.8 460.9 461.7 463.1 464.8 470.4 477.2 480.8 486.8 494.4 503.4 519.4 531.5 538.9 544.2 545.3 549.7 559.5 563.2 564.3 561.6 560.5 561.9 562.9 570.5 571.7 573.8 580.9 593.7 603.5 615.3 632.3 649.8 668 668.5 670.3 679.4 682.6 690.1 692.2 697.8 697.4 697.2 693 691.7 696 699.4 707 713.8 722.7 723.6 726.1 731.3 733.8 731.8 731.4 732.5 726.5 720.5 717.9 712.8 701.8 686.9 643.3 608.7 597.7
421.6 419.9 421.1 423.6 423.6 426.1 426.7 426.2 429.4 432.2 435 441.1 449.3 454.1 458.5 459.9 465.1 466.7 473.7 477.1 481.2 490.5 501.2 512.5 522.7 527.9 537.8 537.8 548.3 558.8 560 560.4 558.3 559.5 562.7 562.2 565.5 569.2 574 582.1 590.7 601.6 615.8 632.5 646.7 662.4 675.7 679.3 690.1 693.4 702.3 710.7 712.7 710.2 707.7 699.4 700.1 706.7 710.8 711.6 716.5 720.5 726.9 735.1 741.7 746.7 747 746.6 742.7 734.2 727.3 726 723.1 708.9 693.7 680 674.5 665.4
419.3 419.9 420.5 419.7 420.9 421 422 422.6 425.8 428.2 430.2 435.4 443.4 447.4 452.6 455.6 459.4 465.8 467.7 472.7 479.4 486.6 496 504.1 511.5 520.3 530.2 533.1 544.2 546.5 550.3 553.3 557.6 560 558.5 558.7 560 561.1 572.5 578.6 591.8 601.1 614.3 628.6 646 662.2 669.9 676 690.1 696.1 703 710.7 713.5 714.9 709.5 712.2 713.9 715.6 719.4 720 726.9 739.3 743.9 748.2 750 752.6 756.2 750.6 745.5 739.5 737.9 728.1 722.6 718.8 711.4 706.8 695.7 686.6
418.1 418.5 418.8 417.3 417.4 414.7 417.6 420.8 422.7 426.8 426.1 430.6 433.3 440.6 445.9 453.9 455.9 460.8 465.7 470.5 477.6 485.2 492.4 498.4 506.9 512.8 519.6 528.3 536.2 539.5 542.9 545.5 552 554.4 557.3 557.2 556.3 560.3 569.2 577.8 589.3 601.3 610 624.5 640.6 654.2 662.7 673.7 689.7 696.2 703.9 713.8 713.4 713.2 716.8 721.3 728.3 727.3 727.5 737.9 749.8 757.8 762.8 761.1 764.2 763 764.1 763.2 749.2 747.2 738.3 732.4 732.5 729.7 720.7 713.1 707.8 695.6
414.1 417.6 418.9 417 413.9 412.9 415.5 420.1 421.6 422.3 423.8 427.2 428.5 434.5 439 446.7 450 459.6 465.1 467.5 474.9 478.9 487.2 496.6 500.5 506.8 510.8 518.9 528.7 533 535.2 537.8 546.5 554.5 555.5 557.6 553.3 558.4 567.9 579.5 589.1 597.6 605 617.9 632.2 646.2 656.4 672.2 685.5 698.8 710.3 717.4 722.4 728.2 729.9 734.7 742.6 748.6 753.5 756.6 772.8 774.2 778 775.9 775 771.6 765.7 761.8 752.9 744.4 744.8 742.8 738.8 730.6 725 719.6 714.3 702.8
411.1 412 415.5 413.8 412 412 413.8 416.1 420.1 419.7 421.7 423.6 427.8 430.2 436.1 440.3 445.3 452.5 460.5 467.6 468.4 475.9 482.6 488.7 495.2 498.1 504 513.4 519.9 524.9 524.1 533.9 544.8 551.3 551.2 551.1 551 555.2 566.5 578.6 586.3 592.3 601.8 614.1 628.7 640.2 649.8 673.3 686.1 697.4 705 714.6 724.4 733.4 740.4 751.1 762.1 767.1 767.3 773.7 779.5 787.1 788 784 776.2 769.5 762.1 757.5 753.1 749.9 747.9 741.5 735.9 730.5 725.3 712.6 706.1 694
407.7 408.2 408.9 409.1 408.7 409.8 412.3 412.7 417.3 418.5 418.9 419.6 424.7 427.1 432.4 437.8 443.7 447.9 454.1 464.2 466.7 469.9 476.4 483.4 486.5 492.8 501.1 509 514.3 515.6 516.5 526.5 535.5 544.8 545.4 546 554.1 556.1 563.5 573.8 580.5 590.1 600.6 612.8 621.5 631.9 646.8 666 676.5 688.6 702.4 716.3 729.7 742.7 755.1 762.6 769.3 772.5 775.5 778.6 780 786.9 783.3 779.3 773.1 764.6 762.2 758.1 754 742.5 736.6 730.7 724.9 716 708.7 693 684.5 679.8
406.2 405.5 405.9 406.5 408.4 408.4 410.2 413.6 415 414.5 414 418.2 421 423.9 430.2 435.3 441.1 445.5 451.8 457.3 462.5 467.5 469.9 475.8 480.1 486.8 496.6 504.6 505.8 506.5 507.8 516.6 531.1 536.2 538.7 542.2 550.8 555.1 559.6 564.8 574 588 597.2 607.7 619 628.9 639.6 655 668.2 684.6 699.6 716.6 736.8 752 761.6 766.9 771.4 776.4 775.8 776.5 773.2 771.5 773.6 771.1 768.9 765.6 760 755.3 745.5 738.7 727.6 709.9 695.2 688.7 685.3 685.1 680.5 681.5
407.1 406.1 404 405.7 405.7 407.3 409.6 410.9 411.6 412.1 415.3 416.8 418.9 424.6 429.5 437 444.5 445.3 450.1 456.7 464 466.5 468.8 472.2 478.2 484.5 491.8 495.8 497.8 498.5 503.1 508.4 519.9 527.9 530.6 536.1 542.9 547.6 554 561.1 569.5 583.7 593.4 603.4 615 628.2 638.7 654.9 664.6 677.3 694.4 714.6 734.9 750.9 762.8 762.5 765.7 766.7 762.3 764.6 764.1 760.6 762.8 764.5 769.3 760.7 755.9 751.6 745.2 739.2 728 702.1 685.5 680.7 679 680.1 680.8 685.3
407.1 402.7 403.9 406.7 404.7 404.7 408.2 409.7 408.5 412.5 414.8 419.3 420.4 425 430.9 437.7 443.9 445.6 449.1 454.7 461.2 462.4 466.4 469.1 474.5 480.8 486 489.2 491.9 494.7 497.2 502.8 510.7 519.6 522.7 527.1 536.8 545 550.4 559.1 565.4 573.5 588.6 601.4 612.9 622.4 635.1 651.7 662.4 670.9 685.7 705.5 724.1 742 746.2 747.3 747.6 757.5 757.5 763.1 759.2 755.4 756.4 758.8 755.3 750.6 748.3 746.3 740.8 735 717.5 700.5 685.8 677.9 674.7 674.3 678.4 683.3
407.6 401.8 401.5 401.8 402.5 407.6 406.7 406.9 409.9 408.8 412.4 419.7 422.9 426.7 431.3 436.8 439.8 442 446.7 452.6 455.3 458.8 462.1 463.7 467.6 473.3 478.5 484.6 486.9 490.8 494.6 499.3 503.2 510 515 525.5 531.5 538.2 546.5 554.5 559.1 571 583.7 596.6 607.9 618.3 630.3 646.8 657 662.8 673.2 690 710.2 718.2 726.4 738.5 734.8 741.1 738.4 739.8 738.5 740.8 735.1 739.8 737.5 734.8 740.5 736 725.4 718.4 715.9 705.2 692.1 678.6 677.1 674.4 674.2 676.4
403.6 400.5 404 404 404.8 405.9 408.8 409.5 410 410.5 419.1 420.9 424.2 427.2 429.9 433.9 438.5 441.9 446.3 448 450 454.2 457.3 460.9 464.9 470.6 475.7 480.4 482.8 485.2 488.4 493.3 497.1 502.9 508 518.7 522.7 532.4 541.6 545.3 553.3 564.5 576.5 588 601.4 613.1 624.1 635.2 646.7 649.4 662 676 686 697.2 710.4 720.7 719.4 720.1 722.8 718.5 713.7 709 713.6 715.5 710.2 713 715.7 710.9 710.7 709.1 708.1 700.1 693.9 681 671.7 674.2 671.7 673.9
402.4 401 402.2 403.8 404.7 405.7 407.3 410.6 411 413.6 418.4 421.1 424.4 427.6 430.3 434.1 436 440.4 444.1 445 449.8 450.3 452.9 462 462 465.1 469.7 472.6 477.6 480.5 484.7 488.5 491 495.6 502.6 509.5 518.7 527 533.9 540.6 550.2 558.8 568.2 580.6 593.2 603.9 615.6 621.4 631.4 637.4 647.6 655.6 667.1 675.2 683.7 690.1 694.9 695.3 697.1 695 689.6 683.4 686.2 683.2 679.9 687.7 700.4 701.5 696.3 697.4 700.4 697 690.7 685 674.4 668 667.3 673
405.7 399.7 400.7 402.9 403.4 405.5 407.9 411.4 414.5 414.5 416.7 419.7 424.1 427 428.2 432 435.4 437 439.5 443.7 445.4 445.5 448.9 458.6 461.1 463.2 465.1 472.5 475.6 476.1 481.3 484 486.4 493 496.2 503 509 518.9 525.2 534.7 543.5 552.3 561.3 573.1 583.3 594.1 599.2 608.7 616.7 621.7 628.9 628.9 641.8 647.6 656.5 661.7 661.9 667.5 665.7 664.6 661 653.5 656 663.7 666.1 675 688.6 690 685.8 685.1 684.9 682.6 678.6 674.3 666.6 663.1 660.6 663.1
415.5 399.2 397.7 399.1 403.8 406.3 408.5 415.1 417.8 415.4 416.4 416.9 421.4 424.8 428.4 429 431.5 435.2 437.7 440.9 441.8 442.5 447.7 451.4 456.2 458.3 460.7 466.1 473.9 474 478.9 479 481.6 489.7 490.8 495.6 504.3 512.5 519.3 524.7 537 544.9 554.1 563.5 573.3 581.6 588.7 595.8 602 603 604.5 607.6 610.9 621.8 624 627.4 629 631.6 629.9 626.3 628.6 635.1 641.7 648 653.8 658.6 671 671.6 668.4 666.1 668.6 665.9 662.4 664.1 657.5 653.4 650.5 655.5
418.6 401.5 397.4 398.3 401.3 406.5 408.7 413.2 413.3 415.3 416.1 417.8 422.7 424.5 425.4 428.8 431.6 435.3 436.7 437 438.2 442.8 444.8 447.4 450.2 455.7 460.3 464.5 467.6 468.3 474.7 474.9 477.3 482.9 486.7 491.9 496.5 505.6 513.2 521.6 528.7 538.7 547.3 555.6 564.8 569.6 577.3 583 586.2 585.8 586.8 589.6 590.1 595.9 601.1 600.8 599.6 599.7 602.6 611 616.8 618 623.2 630.9 635.7 642.4 648.6 649.3 649 648.3 655.7 654.3 654.4 653.2 643.2 637.6 643.8 649.5
430.3 407.6 398.9 399 400.1 402.3 406.2 409.5 412.1 413.6 416.6 417.7 418.7 421.7 424.4 429.8 431.1 431.9 431.3 432.6 434.7 437.9 441.4 443.4 447.3 453.2 458.6 462.4 462 463.3 466.8 471.5 473.4 477.8 480.1 488.7 491.2 497.2 507.2 518.2 520.3 532 539.3 547.6 555.6 557 563.6 571.5 575.3 574.6 572.2 571.6 576.1 576.8 581.2 581.8 583.2 586.8 587.1 595.3 599.7 603 608.3 614.8 618.6 626 628.1 634.3 637.6 635.8 637.7 640.8 637.8 637.4 630.5 627 633.7 638.9
434.6 413.3 403.5 397.2 395 399 403.6 406.1 408.2 411 414 416 417.6 419.8 423.8 426.9 428.6 426.8 428.1 430.5 432 434.4 439.2 442.4 445.1 450.7 455.4 455.7 457.7 457.3 462.7 464.4 465.8 470.5 475.7 481.2 484 493.2 500.1 510.1 515.7 523.2 532.9 538.7 544 547.8 552.1 557.6 564.2 563 560 561 562.2 565.2 567.6 573.1 572.9 569.6 574.5 575.6 582.1 587.4 594.6 597.4 602.8 608.3 611.4 615 623.4 618 625 627.1 623.5 620.3 618.2 617.6 620.8 627.2
429.2 413.8 407.2 398.2 392.8 396.9 400.4 402.7 405.8 410.5 412.3 412.5 414.9 417.7 420.3 420 421.1 424.6 425.6 427.1 431.2 432.3 435.8 439.4 441.5 447.2 450 452 449.8 454.9 457.5 460.1 463.5 465.8 470 474.8 479.9 488.3 495.6 503.2 511.7 518.1 524.5 530.4 536.9 538.1 542.1 545.7 547.8 550.3 549.1 550.7 550.5 551.3 556.6 555.6 555.9 556.9 558.8 563.1 566 571.9 580.6 583.6 590 596 595.3 600.6 601.1 603.2 609.4 614.8 612.9 606.9 599.8 605.5 605.8 604.4
426.6 411.6 404.6 395.5 390.1 395.9 398.6 399.5 402.9 407.3 408.2 411.4 411.8 414.5 415 413.8 416 419.4 420.3 423.1 430.6 432.2 433.2 436.3 439.6 443.7 444.6 444.9 446.4 448.6 452.5 452.9 454.8 461.3 462.7 470.5 474.9 481.1 490.5 497 503.1 513.2 518.6 521.8 528 531.7 536.6 537.1 538.4 537 542.2 542 538.4 540.8 544.7 546.8 547.1 547.9 547.2 551.4 552.2 559.5 564.9 572.2 576.1 581.5 581.1 583.9 586 585.5 592.7 598.7 598.6 593.1 589.1 586.6 587 584.5
423.5 415.4 409.5 397.3 388.8 389.5 392.6 397.5 399 402.1 404.6 406 409.4 408.9 411.2 412.8 412.1 418.7 423.1 424.8 427.7 429.9 432 433.5 439 441 437.1 438 441.5 444.3 444.3 447.3 450 452.8 458 463.8 468.3 477.2 483.1 491.2 499.3 506.4 511.5 516.8 521.4 524.5 528.1 530.6 529.9 530.3 533.6 534.7 533.2 531.1 533.4 536.3 535.1 536.3 536.1 538.5 540.6 546.3 550.6 557.3 562.3 565.3 566.4 570.4 570.9 570.4 578.6 580.9 579.2 576.8 574.5 570.3 566.2 574.6
426.2 414.9 401.7 391.5 383.1 382.1 386.8 391.7 395.6 397.6 402.1 405.4 405.5 406.5 407.6 411.5 412.9 419.8 422.1 422.8 423.5 427.3 431.7 433.6 432.7 432.8 430.7 431.9 435.4 438.1 439 440.8 443.8 451.4 453.4 458.2 464.7 473.3 481.3 489.1 494.1 500.9 506.2 510.5 516.1 520.1 522 523.1 522.5 524.9 526.6 527.7 525.3 525.2 524.9 524 526.5 522.6 525.6 525.8 529.4 535 539.7 544.2 548.5 550.4 552 552.7 556.1 557.4 561.4 563.1 565.5 565.5 564.7 559.8 560.5 561.9
416.3 400.3 387.7 380.1 374.1 375 378.8 383.5 386.9 393.6 395.1 397.3 398.4 406.1 406.8 409.8 412.8 417.9 418.1 418.7 421.6 427.5 429.9 427.8 428.8 431.2 424.4 424.9 427.1 430.3 430.5 434.7 438 442.9 448.6 453.9 460.1 469.7 477.9 482.7 488.7 495.6 499.2 505.8 510.1 513.2 516.5 518.5 519.2 521.6 520.7 520.9 520.8 521.8 519.6 515.9 517.2 515 514.4 516.7 524.2 523.2 529.1 532.4 536.5 537.9 538 542.5 545.1 544.8 548.7 550 551.1 552 550.3 546.7 549.6 549.7
406.7 385.6 378.4 370.5 367.8 364.4 370.1 378.9 385.3 387.2 391.1 391.6 396.8 404.8 406 408.5 412.7 417.5 420.5 418.2 414 421.4 418.5 421.6 426.7 423.8 419.5 417.9 418.3 424.1 423.6 427.4 427.4 433.6 440.3 447.3 454.3 463 470.1 475.4 482.2 487.8 495.2 500.7 505.5 509.4 511.7 513.5 516.2 517.8 516.6 513.7 516.3 516.4 512.8 507.4 506.8 508.4 504.8 510.1 512.4 513.2 520.1 523.6 525.1 526.6 530.2 533.4 535.5 536 538.9 540.5 540.7 542.8 541.8 539.1 543.6 544.9
391.7 374.8 367.3 362.5 362 358.9 364.9 375 380.5 381.3 382.3 394.6 395.3 402.4 407 408.6 411.3 412.6 410.9 409 407.8 408.9 410.4 410.5 410.9 411.4 408.5 409.3 407.3 412.6 415 416.7 419 427.6 430.2 439.3 447.3 456.2 461.9 468.2 475.7 482.4 489.7 494.4 500.8 505.6 506.5 508.2 509.1 512.7 511.1 509.2 509.5 508.7 505.5 499.8 498.3 501 500.4 499.9 502.4 505.2 511.4 513.9 515.7 519.9 522.6 524 524.3 528.4 528.2 530.5 532.1 532.3 531 532.2 536.6 538
377.6 364 357.5 356.5 359.2 353.5 359.3 365.1 368.7 379.7 380.5 388.9 393 395.6 400.2 400.2 401 404 401.8 401 401.3 397 398.6 397.6 396.2 397.7 394.7 396.3 396.8 400.3 401.3 403.2 409.4 418.9 425.3 432.5 439.4 448.2 454.7 462.3 469.3 477.5 484.1 488.5 494.7 500.7 503.4 505.4 506 508.7 507.7 503.6 504.3 502.2 497.4 494.7 494.7 494 494.2 492.7 493.6 498.8 502.8 505.1 506.8 510.4 512.2 514.5 517.1 519 520.8 521 524.1 523.7 522.7 522 527.7 529.7
367.5 356.2 350.1 350.3 353.4 349.6 352.1 357.5 366.9 372.9 380.2 385.6 390.3 395.7 394.1 392.9 392 388.8 389.7 390.7 390.3 386 385.5 384.1 381.3 382.4 383.8 382.2 386.1 388.2 392.9 393.1 400.9 408.3 417.3 421.7 430.3 437 445.4 453.4 462.6 469.3 475.8 483.8 490.8 494.2 500.2 501.9 503.1 502.4 502.6 501.7 500.4 498.1 494.7 492.4 487.7 487.7 484.9 486.9 484.2 487.9 494.7 497.7 497.9 501.4 504 504.7 506.3 510.3 510.8 511.4 512 512.4 514.2 514.6 519.2 522.3
357.6 346.3 341.3 343.7 350.6 347 350.6 355.9 364.1 369 372.3 378.2 382.6 387.5 386.1 382.8 382.1 378.6 380.1 382 383.8 379.1 374.4 373.2 374.9 375.2 374.8 372.4 372.3 375.7 380 381.7 391.6 396.5 405.1 412.7 421.9 429.2 435.7 445.2 454.1 462.6 468.1 473 482.1 490.2 493.5 497.7 499.6 499.1 498.9 496.3 492.6 490.4 489.5 485.1 481.8 478.3 478.2 478.4 475.4 477.2 482.7 486.7 487.4 490.6 493.3 494.9 497.4 499.7 500.2 502.2 503.1 502.8 505.1 508.5 511.6 515
350.6 340 337.3 337.3 337.3 346.3 345 347.9 354 361.8 367.3 373.8 380.5 383.6 381.1 376.6 376.1 370.9 369.3 369.1 371.2 371.9 367.1 368 366.2 362.6 362.1 358.6 359.3 360.7 364.4 369.4 377.3 385.6 394.9 402.2 409.6 417 426.7 436.5 445 451.4 458.7 466.8 475 479.8 484.4 489.1 489.2 493.5 488.6 488.6 484.6 482.6 478.9 473.6 470.8 467.5 464.1 464.8 463.5 467.4 473 473.8 476.8 480.4 482.6 486.5 488.6 489.5 492.1 493.1 493.7 495 499 502.8 505.1 508.3
339.9 330.4 329.2 330.7 333.1 339.1 336.3 341.5 352.6 355.1 363.4 370.4 376.4 382.1 381.1 369.1 365.1 358.5 358.1 358.8 357.4 357.2 353.8 347.3 348.4 343.2 343.6 341.4 345.3 350 352.1 358.5 366.5 376.7 383.3 388.4 395.7 405.1 415.4 425.9 432.6 440.1 448.9 460.2 468.9 470.4 472.5 473.9 477.7 475.4 475.9 474.3 474.7 468.9 466.3 461.1 456.3 454.7 452.6 450.9 450.4 454.5 458.6 464 466.8 468.5 469.6 474.6 476.3 477.8 482.8 485 487.2 489.7 489.5 495.7 498.2 501.9
