WholeMapElevations/data/sh/sh84_OST50GRID_20230518/SH84.asc
ncols 200
nrows 200
xllcorner 280000
yllcorner 340000
cellsize 50
[rows 105 to 139 of 200, columns 78 to 155 of 200]
415.3 422 428 432.4 436 439.3 443.1 448.8 457.4 464 470.6 475.9 480.6 484.9 489.4 495.7 503.2 509.2 515.8 521 528.2 532 536.5 541.7 545 548.4 549.8 555.8 565.3 577.5 589.2 600.3 611.9 622.4 632.6 642.2 643.5 641.1 638.3 637.3 631.8 631.6 631.2 626 623.7 619.5 615.6 612.8 613.5 613.5 613.4 615.4 615.4 618.2 619.6 621.5 621.4 623 627.6 630 637.8 644.4 650.2 654.4 655.7 651.9 645.2 634.8 624.8 609.6 590.1 577.5 559.9 549.6 544 538.3 532.8 527.1
415.5 424 429.9 433 438.6 441.2 446.1 451.5 458.1 465 471.4 476.4 482.1 486.3 490.1 495.1 501.4 508.7 515.7 519.2 525.1 529 532.3 536.6 538 538.6 541.2 549.6 561.6 573.3 585.9 596.7 607.5 618.2 626.1 641 644.4 644.7 642.7 639 636.1 633.1 631.9 626.8 621.9 618.9 614.2 611.3 609.2 611.1 612.8 612 615.3 617.1 619.1 621.2 625.1 626.7 630.9 632.9 639.4 647.1 655.7 660.7 662.7 658.8 649 635.6 619.7 600.2 589.1 576.2 558.9 538.1 534.2 530 525.5 518.2
417.3 426.1 431.8 436.4 439.9 444.6 448.8 452.4 457.9 464.5 472.5 480.1 485.7 487.7 491 496.6 503.1 507.8 514.4 518.4 523.2 526.2 528.2 529.9 531.1 531.4 537.4 548.9 562.7 572.5 582.9 593.9 602.3 614 622.3 638.9 644.3 643.7 643 637.9 635.7 634.4 630.6 624.5 618.9 615 611.2 608 607 608.5 610.8 612 612.6 615.2 619 621.8 625.1 629.7 632.7 635.1 641 650 657.9 664.5 668 662.3 651.8 636.3 619.7 601.3 588.6 574 549.9 532.1 526.8 523.6 520.1 513.9
418.9 428 433 437.2 443.2 448.4 450.6 454.4 458.7 465.5 476.3 483.7 488.1 489.4 492 497.3 503.3 508.3 510.7 516.5 519.1 523.4 524.8 523.6 524.6 529.2 535.2 544.2 558 571.8 582.1 593.1 603.9 613.3 622.7 634.9 642.8 641.8 641.6 636.9 631.3 627.6 626.4 621.2 615.3 612 608.1 605.9 605.4 605.7 608.8 609.8 611 613.4 618.6 621.9 625 628.4 632.7 637.7 643.1 653.3 660.2 665 667.6 662.5 652.6 639.1 619.1 598.2 580.2 562.5 541 530 519.9 517.1 514.2 508.7
421.6 428.7 433.6 438.8 445 450 453.9 457.4 461.1 468.6 480.4 485.8 489 490.1 493.1 499 503.9 510.5 510.5 512 514.7 517 517.8 517.8 520.8 526.4 531.9 540.4 553.3 565.3 580 592 604 612.6 621.8 631 640.8 644.1 642.1 637.6 631.6 624.6 617.3 612.8 608.2 605.5 604.7 602.8 603.5 604.7 606.3 608.5 610.8 613.8 618 623.3 625.4 627.6 631.5 635.5 645.4 653.3 658.6 661.8 662.6 658.9 649.5 635.4 612.1 582.7 563.4 548.8 535.3 524.4 516.5 510.6 508.1 502.1
421.2 427.7 433.5 437.5 443.7 450.6 454.8 458.7 464.5 470.6 482.5 488.5 491.1 491.9 494.2 498.2 503.8 509.3 509.9 510.2 509.6 510.7 512.2 515.6 520.2 524.7 530 536 546.4 558.8 572.7 586.2 599 609.1 618.6 629 638.6 645.2 643.5 638.8 631 620.6 607.8 604.5 602.1 598.5 599.6 598.8 598.7 599.8 601.9 606.8 610 613.3 616.3 621.9 624.9 628.1 631 635.9 643 648.8 654.8 657.5 657.4 653.6 645.5 630.8 604.7 575.6 553.9 543.7 528 519.4 512 506.4 502.2 497.2
420.6 425.4 432.7 436.7 442.6 449.4 455.6 460.9 466.5 473.1 482.1 492.4 493.4 494.1 494.9 497.9 502.7 505.5 507.8 509.3 507.7 507 508.9 513.8 518 520.8 529.4 533.5 540.8 551.8 564.7 580.4 592.4 603.5 612.8 623.8 635.5 642.6 642.2 638 632.3 619.8 608.2 603.9 603 600.4 595.1 593.3 593.7 594.7 600.2 604.9 608.7 611.7 613.8 619.2 622.3 624.9 629.7 633.4 637 642.8 649.2 652.9 652.6 650.5 642.6 626.4 603 575.8 552.9 541.4 525.3 517.2 508.7 502.7 496.5 486.9
419.1 424.3 431.4 436.2 442.9 451.3 457 463 467.8 473.4 482.8 490.6 495.8 496.7 497.4 498.6 502.2 502.8 504.8 505.3 503.8 501.3 506.1 509.2 515.4 518.8 525.3 531.2 537.2 547 559.9 571.9 584.3 596.5 606.4 617.8 629.1 637.5 639.4 634.2 630.1 621.4 610.9 606 604.3 604.8 600.1 593.9 590 589.5 597.7 603.1 606.6 609 612.2 618.1 622 624.5 627.1 629 631.1 636.2 641.4 647.2 647.9 644.9 639 625.4 606.7 579.1 555.4 538.9 527 513.4 506.8 501.3 492.6 485.8
419 423.9 429.2 436.9 445.4 452 458 463.8 468 473.6 480.9 489.2 498.5 500.2 497.9 497.8 499.2 500.9 500.4 500 498.8 498.4 501.8 506.2 511.9 517.6 521.7 530.8 535.5 543 554.5 567 580.2 592.6 603.5 612.9 623.3 634 635.7 630.8 626.5 622.5 618.4 611.5 608.2 608.5 604.2 595.7 592.5 589.4 593.5 599.1 604 606 609.6 613.2 617.3 620.3 622.1 623.9 627 630.3 634.5 639.7 642.7 640.1 636.6 626.8 611.5 583.9 558.2 539.1 524.2 512.4 505.5 498 490.1 482.9
418.1 423 430.8 440.6 447.1 452.6 457.3 461.7 468.9 475.2 480.6 489.1 499.7 502.6 497.2 494.3 494.3 496 496.5 496 494.8 496.1 499.3 504 509.5 514.7 521.3 528.2 537.1 543.7 553.9 564.5 576.3 588.9 597 607.4 619.1 628.1 631.6 629.2 628.5 626.8 625.2 617.5 614.5 611.3 607.8 600.8 594.3 588.7 589 594.1 598.7 602.1 604.8 608.1 612 614.5 615.4 616.5 618.8 622.9 625.6 631 634.4 637 639.4 637.5 617.7 588.6 558.6 539.3 524.3 513 502.8 494.1 487 481
422 428.2 435 442.8 448.5 452.4 456.4 460.4 468.4 475.3 481 485.7 502 504 500.9 488.2 488.9 490.8 492.4 492.2 489.7 493.2 497.9 503.1 507.1 512.8 520.9 527.2 536.3 545.7 552.7 561.7 571.8 582.9 594 603.5 613.9 621.5 627.8 629.9 628.6 633 635.4 627.3 620.9 616.8 610.9 604 595.8 587.7 585.9 591.3 593.9 597.6 599.8 602.9 605 607.7 608.7 609.7 613.4 616.2 620.7 623.1 626.9 634.5 640.5 637.2 619.5 590.7 563.3 542.7 529 513.6 504 494.1 488.5 482.3
427.5 433.8 441 445.3 449 452.7 456.1 460.5 466.8 473.7 478.7 483.2 491.7 495.1 494.8 489.5 481.6 484.1 485.7 487 479 491.1 495.9 500.3 505.8 511.4 519.8 526 533.5 544 554.4 560.8 569.8 578.8 587.6 597.7 607.2 616.4 622.6 626.3 629 636.4 638.9 631.1 626.4 622.2 616.1 607.1 596.3 586.1 581.7 587.9 591.7 593.6 595.1 598 600.1 601.4 603 605.9 608.7 612.9 616.8 618.9 622 630.2 632.5 628.7 618.8 590.3 564 545.4 531.4 516.7 505.8 499 492.2 483.8
429.6 436 441.5 446.3 449.5 452.6 456.6 460.2 464.8 471.4 474.3 479.4 482.4 485.4 483.8 480.8 476.4 477.2 479.7 481.3 482.7 487.4 491 496.4 500.6 507.2 515.8 523.5 531 540.5 550.1 559.8 566 574.8 584.3 592.6 602.2 611.1 618.6 621.7 623.4 629.2 632.7 629.2 624.6 620.8 616.9 608 596.3 586.2 578.8 581.6 585 588.2 590.7 591.6 592.7 594.1 596 600.5 604.3 608.9 612.6 615.3 617.2 622.5 626 624.3 611.2 588.8 567.4 550.2 529.7 523.8 509.6 504.3 495.1 487
433.2 438.2 443.3 447 449.2 452.1 455.3 458.3 462.8 467.2 469.7 474.3 475.9 477 477.2 477.2 476.7 472.5 473.9 475.9 478.7 484.3 488.1 492.8 496.4 502.5 509.2 520.9 531.1 537.4 546.9 553.4 561.5 570.2 580.1 590.5 598 607.3 614.6 619.9 621.3 624.1 631 630.9 626.7 622.2 617.4 611.1 597.4 587 582.1 577.5 580.4 581.4 583.3 585.5 586.2 588.5 592.3 595.7 600.7 604.8 608.8 611.4 613.2 615.9 618.9 618.4 612.7 590.7 567 552 543.2 528 516.6 507.2 498.8 487.3
435.3 439.5 444.6 448.1 449.6 451.5 453.7 456.9 460.7 462.4 464.9 469.4 472.4 472.3 473 472.7 471.2 469 469.2 469.1 474.8 479.7 486 489.3 493.9 498.6 506.3 515.4 525.8 534.4 542.3 549.5 555.6 562.3 573.3 586.3 595.1 604.1 610.6 617.7 618.5 621.2 624.7 627.1 624.8 623 620.6 616.9 607.5 595.7 588.1 577.3 578.1 577.9 575.8 578 579.6 583.1 585.9 591.6 597.2 602.9 606.6 608.7 611.5 613.8 616.7 615.2 610.4 597.1 580.7 564.9 548.6 533.4 521.4 511.5 501.4 489.6
436.7 440.3 445.7 448.2 448.8 450.5 452.2 454.6 456.8 458.7 460.2 463.4 464.3 464.6 465 465.2 465.1 465.4 464.7 469.3 473.2 476.9 482.3 486.3 490.7 496.2 502.8 510.1 518 526.2 534.5 542.5 549.5 556.2 566.8 578.5 589.9 598.3 603.4 609.3 610.7 612.9 617.7 621.1 620.3 623.1 621 618.5 610.7 597.6 589.6 578.8 572.3 570 566 568.9 572.5 576.7 582.4 589.1 594.2 600.5 607.1 610 613.8 616.6 620.7 620.7 614.8 601.3 584.8 568.8 553.9 537 525.8 513.5 501.6 485.9
438.1 441.6 446.6 451 450.8 449.6 450.1 451.4 452.2 454 455.4 459.8 461.4 461.4 462.1 460.3 459.4 459.4 463.5 469.6 472.7 475.6 479 483.8 488.3 493.8 499.5 504.8 510.2 517.2 524.9 531.9 539.5 547.5 555.4 565.9 577.1 585.1 591.9 596.6 599.4 604.3 609.5 615.6 622.2 620.5 620.4 619.7 614 602.9 597.2 591.3 582.5 574.1 571.5 561.5 563 571.2 575.6 585.5 590.7 598.8 606.8 612.3 615.3 618.3 622.5 624.3 619.2 604.6 588.9 574.5 557.3 541.4 527.6 512.2 498.8 488
438.9 443.6 448.4 452.5 452.6 449.1 446.9 447 447.6 449 450.4 454.3 458.7 458.9 458.1 456.5 454.8 458.2 461.6 465.5 470.1 474.2 476.4 480.2 485 490.6 495.3 501.1 505.8 510.4 514.4 521.7 528.5 535.7 543.7 553.8 562.3 571 577 579.8 588.2 594.3 601.9 607.6 611.8 613.6 617.5 617.8 619.7 615.3 604.5 595.7 584.4 577.5 569.9 564.4 553.8 564.4 571 582.5 589.5 596.2 603.7 612 616.1 619.1 623.9 625.4 621.5 608.8 591.6 576.6 560.2 545.6 531.3 510.4 496.6 487.3
439.6 442.6 448.4 453.1 453.9 454.2 444 442.7 443.8 444.4 446 450.5 457.8 456.6 454.5 452.6 454.4 456.8 460.9 464.2 467.5 472.6 474.7 478.1 482 487.2 492.4 497.3 502 506.6 510.3 513.9 519.1 525.3 531.9 539.3 547.6 555.8 563.8 567.2 576.8 584.8 589.6 597 601.6 607.3 612 613.9 618.3 615.7 607 596.8 585.8 577.5 568 559 545.3 558.3 571.3 579.4 587.6 594.6 603.2 612.6 617.4 621.2 626.8 625.8 616.4 606 592.8 577.2 557.5 537.8 523.9 507.4 494.3 482.9
441.1 443.1 448.2 450.6 448.4 446 442.9 438.6 439.3 439.2 443 445.9 449.3 449.4 448 448.8 452.1 454.6 459.4 462.9 466.2 471.1 473.5 476.4 480.2 484.9 490.2 493.5 498 501.6 505.7 508.2 511.5 517 521.7 528.2 535.9 543.1 549.4 556.7 564.9 574.2 579.8 585.9 593.2 598.1 605.3 608.7 610.4 609.1 603.4 591.4 584.9 578.2 563.2 552.9 541.2 553.3 568.3 577.9 587 594.6 603.1 615.3 618.5 624.1 627.4 625.9 613.8 599.6 585.6 566.2 548.4 532.6 515.6 500.5 491.8 485.2
440.5 442.2 444.9 446.5 442.7 438.5 437.8 434 434.6 433.5 436.7 441 441.9 440.8 439.5 446.3 449.1 452.5 456 459.8 463.1 468 472.9 475.8 477.6 482.6 487.1 491.5 494.6 497.9 501 502.6 506.8 509.5 513.4 518.6 524.5 531.5 539.2 548.9 556.6 564.1 571.1 577.3 584.7 591.7 597.5 601.4 603.3 599.4 595.4 587.9 582.4 571.5 558.6 546.5 537.1 552.1 567.7 578.3 587.6 594 602.2 615.6 620.9 623.9 624.7 617.8 609.3 595.1 579.9 560.6 539.6 524.1 510.3 493.2 485.4 478.2
439.5 439.8 440.9 442.6 437.8 431.2 431.3 429.6 428.6 427.7 429.9 432.5 433.5 433.5 438 443.3 446.6 449.8 455 458.2 461.4 466.5 471.7 475.9 477.3 479.8 484.8 488.7 491.6 494.1 496 498 500.6 503.2 506.3 510.9 517.1 523.3 529.6 538 545.2 552.9 559.8 568.4 577.4 584.6 588.8 591.7 593.5 590.8 587.8 583.9 576.6 564.7 552.6 539 536.5 550.9 564.9 577 588.9 600.9 608.1 613.3 618.7 620.3 618.8 614 601.2 585.5 572.6 554.5 535 518.4 503.4 486.3 478.5 470.3
436.3 438.1 435.8 436.1 432.5 428.3 428.1 425.8 424.8 422.8 422.2 424.4 425.5 428.5 435.1 440.6 446 449.6 453.3 459 462.7 465.7 470.9 475.7 479.5 480.5 483.1 485.9 488.1 490.9 491.7 493 495.3 497.5 500.8 505.2 509.2 514.2 521.9 528.8 535.2 543.3 550.3 559.2 568 574.8 580.7 582.7 585.4 583.2 580.8 577.7 572.2 560.6 546.5 530 536.1 548.3 562.1 574 589.6 604.5 608.1 608.7 609.5 607.4 605.5 598.1 590.7 579.6 564.8 549.5 533.8 515.9 498 483.2 473.1 463.6
431.5 432 429.5 429.5 428.7 426 424.7 423.7 420.1 419 419.7 420.7 420.5 426.8 432.9 440.4 446.8 450.2 452.9 458.7 464.3 465.4 470.6 475.8 477.6 480.4 483.8 483.7 484.3 485.9 487.3 488.9 490.4 492.1 496.3 499.5 503.6 510 515.1 521 526.4 533.5 541.8 550.1 558.9 566.4 572.6 575.1 576.3 577.2 573.9 571.2 565.3 555.5 540.6 528.3 530.5 545 558.9 574.6 588 600.1 604.6 603.2 603.4 595.9 594.4 590.4 583.7 573.6 560.3 547.2 531.7 512.9 494.9 479.5 470.1 459.9
424.8 426 423.7 425.1 425.2 423.1 419.9 415.8 414 413.8 413.1 408.7 419.8 424.4 430 438.6 444.4 448 452.1 458.2 463.8 466.2 467.8 474 477.7 478.9 479.8 479.8 480.5 481.8 483.6 485.4 486.3 488.7 491.1 493.6 498.2 503 509 513.9 518.9 524.5 533.2 540.9 551.1 558.4 564.2 569.2 570 570.1 566.7 564 561.1 549.6 535.5 528.7 525.7 540 553 569.6 580.6 591.5 600.1 597.5 593.5 586.6 587.4 579.9 572 560.6 550.8 537.4 526.7 508.6 491.6 474.9 464.1 457.1
415.7 417.2 417.8 420.8 422.4 418.1 416.1 410.6 408.3 408.2 405.5 410 416.1 422.9 427 432.7 439.4 443.9 446.7 451.8 459.1 463 468.8 470.4 475.1 477 477.8 478.9 478.8 478.1 478.3 480.5 480.9 483 486.6 489.4 493.8 498.8 503 507.9 513.8 518.6 525.8 533.7 540.5 549.3 554.9 558.7 561.9 561.3 559 557.5 554.8 546.8 530.3 524.4 521 531.5 543 559.6 572.2 582.7 589.8 586.4 577.4 571 570 567.4 562.2 551.4 541.4 528 515.6 502.7 488.5 471.7 459.5 451.8
405.3 408.8 410.3 413.6 421.4 416.1 413.3 407.1 405.4 404.2 399.2 405.4 414.7 420.4 426.4 432.1 438.7 443.5 445.6 449.6 453.7 459.3 466.1 468.7 470.5 474 473.5 474.3 475.3 475.9 474.9 474.7 475.6 479.2 482.6 486.9 490.7 494.8 498 503.4 508.8 513.1 520.2 526.6 532.7 539.5 545.3 549.4 552.2 553.1 554.7 558.3 556 542.1 532 522.2 514.1 523.9 534.5 543.7 557.8 569.1 573.4 570.8 562.8 555.6 549.6 546.6 542.8 535.8 528.6 519.7 506.4 496.2 483.7 466 457.7 450.6
393.8 396.5 399.5 403.9 411.9 409.9 404.4 399.9 402.6 401.6 394.9 402.6 411.9 418.9 426.3 432.5 438.7 444.1 446.1 448.9 451.8 454.1 460.6 464.7 464.1 464.9 467.2 468.1 468.9 469.9 469.6 470.8 471.9 473.4 479.2 483.5 487.1 488.4 493.9 499.4 502.9 508.3 513 519.4 524.2 530 536.3 537.8 542.5 552.4 558.4 563 561.1 553.1 538.4 524 512.4 517.5 524.3 531.2 542.2 548.2 551.1 548.4 545.9 542 537.5 531.1 523.3 517 512.5 506 499.1 489.6 477.1 459.8 451.8 447.3
382.8 383.1 388.6 395.7 400.7 397.8 395.7 394.8 393.9 393.7 387 400.5 409.7 416 422.9 430.7 438 443.3 448 450.7 452 450.7 454.8 454.7 456.3 457.3 458.1 460 461.8 462 463 465.2 467.5 471.3 475.2 479 482.8 485.4 490.2 494.8 498.1 503.1 507 508.9 518.8 527.7 534.7 543.8 550.4 556.3 564 568.2 568.7 557.7 542.5 525.3 513.9 509.5 513.7 521.1 527.1 529.1 533.3 530.3 525 521 519.2 514.8 513.2 508.5 503.3 498.4 492.1 482.3 465.6 454.8 446.9 439.4
375.8 376.2 379.2 383.5 388 384 386.3 386.9 386.9 386.6 389 397.4 404.9 414.8 420.9 428.1 433.9 438.8 446.3 450 447.6 446.8 445.3 447.5 448.6 450.2 450.9 453 454.4 455.9 457.8 459.4 461.9 465.6 469.1 473.2 473.8 479.5 485 488.9 491.2 490.9 504.7 514.4 523.6 531.2 537.6 545.8 554.6 560.4 571.2 577.5 575.7 563.8 546.1 529.6 516.6 505.9 504.6 506.4 510.2 513.3 513.5 512 504.9 501.7 502.4 501.5 498.6 492.8 485.1 479.5 475.6 468.4 457.8 450.4 439.5 430.2
371 369.5 371 374 379.4 378.1 377.9 378.5 377.7 379.7 385.5 392.4 401.6 409.7 418.5 422.8 428.3 433.5 439.6 442.6 442.8 443.8 441.9 440.8 441 443.5 445.3 447.6 450.3 452.1 453.3 453.2 458.2 459.6 463.4 466.7 469.5 474.1 478.3 475.8 485.8 497.6 506.8 516.4 525.8 533.9 540.1 548 557.4 568.6 581.1 586.4 583 567.5 552.7 533.6 518.6 508.1 499.3 495.4 496.8 495.9 498 495.1 492.3 489 486.1 486.3 483.6 479.7 475.6 469.2 459.7 454.4 449.3 437.8 427.7 419.2
366.4 366.3 364.6 366 369.6 372.4 371.9 371.3 368.9 376.4 381.5 387.8 398.9 406.8 412.4 418.6 423 428.7 429.7 435.9 437.9 437.2 435.1 435 437.3 438.4 440.9 440.8 444 446.8 447.8 450.7 453.3 455 457.3 459.7 463.8 468.7 468.4 477.3 487.7 498 507.8 517.7 527.4 534.9 541.7 551.3 563 573.8 586.7 591.2 587.2 574.9 564.3 542.3 522.7 508.1 498 491.7 487.7 487.2 486.2 483.7 479.7 475.6 472.2 469.9 467.5 464.2 460.4 457.1 449.9 443 435.4 423.6 415 405.6
361.3 362.1 361.3 359.2 362.2 365.4 365.3 363.8 367.1 370.7 376.1 384 396.6 403.8 409.8 413.5 418.4 424.5 424.8 426.5 429.4 430.8 431.2 431.6 434 433.8 433.4 434.9 438.7 441.5 442.8 446.5 448.2 449.1 451 451.8 457.5 456.8 467.3 477 488.1 497.4 507.8 517.4 527.6 535.9 544.5 556.9 567.7 579 590.3 593.8 588.9 576.9 570.8 549.1 528.6 513.7 502.1 494.8 489.8 485.4 483.1 476.6 472.3 469.8 464.2 461.4 459 455.4 452.7 446.9 439.3 432.2 423.7 417.2 408.9 399.6
356.5 357.5 357.4 355.5 355.1 356.4 359.3 359.3 361.3 363.1 368 376.7 390.8 399 402.5 410.4 414.3 418.1 421.1 422.1 421.6 424 426.5 426.6 429.5 430 430.6 431.8 434.7 436.8 439.1 441.3 443.5 445.2 444.9 448.1 450.9 457.5 466.6 475.3 486.3 497 505.9 515.9 525.5 536.5 547.4 559.7 570.2 582 593.6 597 590.6 580.6 563.7 548.6 538.2 523.4 512.6 505.5 498.2 494 489.9 487.8 483.6 475.2 469.5 463.5 457.5 446.6 441.5 437 432.3 424.2 417.1 410.8 404.3 396.5
350.2 353 353.2 352 350.2 351.7 350.9 354.9 355.1 357.4 361.3 371.1 383.1 394.6 396.6 402.7 410.5 412.4 416.1 418.4 420.1 419.8 421 422.4 424.3 424.3 426.4 428.2 428.9 429.3 434.6 436.5 437.7 439.8 441 442.6 448.5 456.9 463.7 473.2 483.5 494.4 503.4 511.9 522.8 536.4 549.4 559.4 570.7 581.1 592.5 595.5 592.6 587.7 567.2 557.2 547.4 539.2 523.4 516.9 508.1 503.7 498.5 492 486.8 483.6 473.3 469.2 462.3 453 443.9 436.1 423.8 416.6 408 402.1 397.5 395.1
