WholeMapElevations/data/nh/nh51_OST50GRID_20230518/NH51.asc
ncols 200
nrows 200
xllcorner 250000
yllcorner 810000
cellsize 50
[rows 105 to 139 of 200, columns 78 to 155 of 200]
427.6 429.8 429.4 409.8 413.8 423.3 428.6 432.8 434.7 439.2 444 450.2 453.4 454.4 456.3 458.4 462.2 465.4 467.5 470 473.2 476.5 480.3 483.5 487.4 491.9 495.9 498.3 500 505.3 513 518.4 522.7 528.5 530.2 536.1 539.1 542 546.5 552.2 555.3 558.9 561.8 566.9 573.1 575.4 579.9 585.6 589.6 593.5 597.3 601.7 606.9 611.3 614.4 617.6 619.3 622 624.1 626.1 628.1 630.1 632.8 635.8 638.7 641.9 645.1 647.2 651.7 654 657.9 659.5 660.4 662.9 663.6 665.1 664.9 666.2
431.9 432.9 429 419.1 411.3 422.2 431.2 431.9 432.6 433.9 439.7 446 449.8 447.9 449.6 453.7 457.8 460 464.4 468.9 474.3 478.9 481.9 485.7 490.4 496.7 498.3 501.7 504.6 508.3 509.7 513.1 524.3 536.1 538.5 540.9 543 548.2 551.5 555.6 558.5 559.9 562.7 567.8 571.6 576.4 580.1 586.8 590.1 593.7 598.7 603 607.2 610.9 614.3 616.7 618.2 620.2 621 623.2 625.7 628.8 630.8 632.3 634.6 638.3 641.4 645 648.8 651.8 655.2 656.6 658.6 660.5 661.6 662.8 662.5 664.3
436.1 435.5 434.3 423.5 416.8 416.2 426.6 427.2 426.2 429.5 434 437.8 445.2 449.2 453.4 458 461.4 466.5 471.3 474.5 481.3 485.3 490.1 496.1 499.7 502.6 507.9 510 510.3 514.4 519.1 526.4 535.4 541.1 543.8 541.8 546.8 550.9 554.5 556.3 558.8 560.5 564.8 569.2 572.8 577 581.3 583.8 589.4 593.2 598.5 602.1 605.7 609.2 611.9 614.4 615.7 616.8 618.2 620.1 622 624.8 627.3 629.7 632.5 635.6 638.2 642 645.9 649.1 651.6 654.1 655.9 657.6 658.7 659.5 659.8 662.8
438.9 437.4 435.6 430.7 421.7 413.1 417.6 423.9 429.3 435.6 441.3 443.7 448.2 453.2 457.5 463.8 470.1 476.1 483.3 490.8 492.6 498.2 506.4 512.7 516.2 521.8 526.7 529.7 530.2 532.7 537.7 544.6 551.8 556.7 554.1 541 550.6 553.6 556 557.6 559.4 561.3 564.1 569 572.8 575.3 578.6 583.1 586.9 591 595.4 599.2 602.8 605.9 608.9 611.2 612.5 615.6 616.9 617.4 621.1 623.4 625.7 627 629.4 631.8 635 639 641.9 645.9 648.6 651.1 652.5 653.5 655.4 655.3 659.2 660.5
443.9 442.4 440.6 434.5 431.5 424.9 416.9 421.1 429.6 438.7 441.4 445.8 452.1 458 464.3 471.7 478.2 488 492.9 496.2 498 507.6 515.3 525.1 532.7 539.2 537.9 541.3 542.2 549.3 556.9 564.9 568.7 567.2 558.5 554.4 550.2 557 557.5 558.9 561.4 562.5 564.2 566.9 569.9 572.6 575.4 579.7 584 588.9 593.7 597.5 601.3 604.2 606.9 608.9 611.7 613.9 615.4 615.5 618.8 621.1 622.2 624.7 626.1 628.6 632.2 636.1 638.4 641.4 644.3 648.1 648.8 650.6 652.2 654.2 656.4 656
451.1 448.6 443.1 439 436 429.5 421.4 417.5 428.2 438.3 443.4 448.1 455 460.1 467.7 475.8 482.8 492.9 497 499.8 504.4 513.7 523.2 534.3 540.5 542.9 545.6 552.5 553 562.2 564.2 568.2 570 567.1 560.7 555.9 551.2 557.9 557.3 560.1 561.9 562.5 564 566.7 569 571.7 575.2 578.4 582.9 587.3 591.6 594.7 598.4 601.7 604.1 606.5 608.5 610.8 611.6 613 615.9 617.6 620.7 621.5 624.1 627.5 629.7 632.6 635.5 638.9 640.9 643 645.6 648.4 648.6 649.1 653.7 658.2
455.7 451.2 445 442.6 439.9 435.3 430.7 418.5 427.6 437.8 445.4 454.5 456.6 463.6 471.9 480.7 488.2 495.1 500.6 502.7 509.9 522.3 530.6 541.7 546.4 546.3 553.8 558.6 563.7 566.6 568.3 569.4 568.5 565 561.3 558.8 547.1 555.5 558.3 560.4 561.1 562.5 563.8 566.4 568.5 571.8 574.6 577.7 581 584.9 587.4 591.4 595.7 597.8 600.9 603 605.7 607 608.6 610.8 613.2 615.1 617.7 619.1 622.4 624.7 627.3 630.4 633.2 635.9 638.9 641.1 641.1 643.7 647.9 652.2 654.5 658.6
461.6 454.5 449.4 447.1 443.8 439 433 423.1 424.8 438.3 447.1 455.8 459.4 469.6 478.3 486 491.9 498.2 502.1 507.1 515.3 527.8 535.1 543.7 546.6 554.3 560.9 566.8 568.9 568.7 569.1 569.6 568.4 566.4 562.6 559.8 554 555.2 555.4 559 561.2 562.2 563.6 566 568.6 570.6 573.4 576.6 580.1 582 584.9 588.7 592.4 595.1 597.4 599.4 601.7 603.9 606.7 609.6 611.3 613.7 614.8 617.2 619.6 622.9 625.6 628.4 631.1 632.9 633.8 637.8 641.5 645.4 649.1 651.6 654.7 657.8
463 459.9 455.1 452.9 450 444.2 438.7 425.2 428 437.6 447 455.3 460.7 474.1 482 488 493.2 499.5 504.2 514.2 522.7 531.6 536.8 545.7 553.5 560.1 566.4 572 573.4 573 573.2 573.5 576.1 570.7 565.4 561.2 557.6 557.8 558.6 559.7 562.2 563.5 564.7 566.5 568.8 571.5 574.3 577.2 580.2 582.3 584.8 587 590.7 592.6 595.5 598.5 599.9 602.8 605.9 608.5 610.4 612 613.3 615.7 618 619.1 621.6 626.1 626.6 631.9 636.1 638.3 640.7 644.2 647.8 650.2 653.5 656.2
466.8 464.1 461.2 458.6 455.3 452 447.1 433.7 430.8 438.1 445.4 455.9 465.2 473.1 481.1 490.8 496.7 500.4 508.2 516.4 525 533.5 540.6 548.4 560.9 566 572.9 580.1 584.6 582.4 582.7 582.3 582 573.4 569.9 563.5 560.4 558.6 559.8 561.5 562.7 563.4 564.8 567 569.7 572 574.4 576.9 579.5 580.7 581.2 584.1 583.7 586.5 589.3 593.7 597.2 599.7 601.6 604.6 606.6 608.5 612.3 614.9 617.8 620.7 624.4 627.4 630.1 633.5 636.7 638.4 640.5 643.3 645.5 648.3 651.8 655.3
472.9 469.5 467.8 463.5 459.7 457.4 454.4 452.7 440.5 434.3 440.7 457.4 474.7 478.8 483.7 496.1 499.8 506.3 514.3 521.9 530.9 540.2 546.3 557.1 565.1 573.6 582.5 592.8 595.9 590.6 586 584.1 580.4 575.7 568.5 564.8 562.7 561.6 561 561 563.6 564.4 565.4 566.8 568.9 570.7 572 575 576.2 577.3 580.5 582.8 586.5 588.6 593.4 596.7 597.5 598.4 601.4 604.2 608.7 610.8 613.7 617 618.9 622.1 624.5 627.8 630.7 633.5 635.4 638.4 640.5 642.3 644.4 647.2 649.9 653.7
479.4 476.3 473.7 469.3 464.6 462.1 463.6 463.7 463.1 459 436.8 453.8 478.5 479.9 486.1 496.3 503 509.9 518.3 526.5 533.6 543.3 554.8 563.7 572.1 579.4 591.2 599 600.7 595.9 592.5 589.8 587.7 579.3 570.4 565.6 563.3 562.2 562 563.2 563.8 564.7 565.7 566.5 567.8 569.4 569.1 572.6 574.9 579.2 582.8 585.6 589 592.4 596.4 598.1 599.6 601.5 603.7 606.3 607.9 610.4 613 616.9 620.2 622.4 626 628.3 630.2 632.1 634.8 636.8 638.5 640.7 642.8 645.3 649.1 652.1
486.2 483.9 481.9 476.5 472.8 471.3 471.4 470.7 471 470.4 443.2 448.8 471 481.2 487.7 496.1 506.1 513.6 521.9 527.3 538.6 550.6 559.1 566.5 573 582.8 591.1 596.7 597.8 601.3 599.2 597.2 592.1 582.2 572.1 565.1 563.3 563.6 563.6 563.7 564.1 563.4 564.8 565.4 566.4 568.4 571.9 575.2 577.5 580.4 584.9 588.2 590.6 593.9 595.7 596.9 599.4 602.1 603.4 604.8 607.7 610.6 612.4 616.6 620.3 623.6 626.2 628.1 628.8 631.5 633 635 636.8 638.4 641.2 644 647.1 650.9
494.9 492.6 490.7 487.1 483.3 480.3 480.2 479.5 476.7 476.2 472.2 449.4 466.7 481.9 488.5 498 508.6 513.6 522.4 532.9 543.9 550.2 559.4 566.4 576.9 585.9 585.7 590.5 599.2 600.7 598.2 599.2 592.1 580.5 568.4 564.5 563.4 563.8 563.9 563.8 564 563.2 563.5 564.6 567.3 569.2 573.3 574.8 577.2 580.5 585.1 588.6 591.3 594.4 596.7 597.9 600.5 603.3 606.5 607.7 608.7 611.4 614.7 617.7 620.7 622.4 625.4 627.5 629.4 630.8 632.4 634 635.9 637.6 640.4 644.7 647.7 650.9
505.8 504.8 502.4 497.8 494.6 490.8 488.6 483.6 483.2 482.4 483.8 481.2 469.6 485.1 491.5 501.1 510.3 514.2 525.1 534.4 543.6 550.2 557.2 566.8 572.7 574.5 579.9 584.6 593.2 591.9 592 590.5 579.6 574.6 568.1 564.9 563.8 562.9 563.7 563 562.5 561.9 563.5 565.6 569.1 570.2 573.6 575.6 577.5 581.1 585 588.2 591.2 593.6 595.8 598.3 601.4 605.1 608.2 609.3 611.8 613.9 616.5 618.9 621.4 624.1 626.8 628.6 630.4 631.6 633.3 635.3 637.3 640.1 641.7 645.5 648.1 651.2
516.3 514.9 512.5 507.7 505.1 499.2 494.4 490.3 491 491 492.6 495.7 474.2 491.3 495 500.2 504.8 516.7 526.1 533.3 541.6 549.6 557.4 561.9 563.7 567.9 575.5 579 580.9 581.4 582.1 578.6 576.4 573.9 569.9 565.7 563.6 562.2 561.8 561.6 561.6 561.7 564.1 566.6 568.8 571.1 573.9 577.3 578.8 581.1 584.3 588 590.6 592.8 595.8 598.5 603.3 607.8 610 611.6 614.6 616.9 618.8 621 622.2 624.8 627.5 629.4 631.1 632.8 634.2 636.4 639.1 641.4 643.7 647.1 649.4 652
527.4 526.3 523 519.8 515 510.6 504 498.3 497 498.3 497.5 496.9 480.3 494.6 496.8 502.2 509.9 518 525.6 533.8 541.1 548.5 553.8 557.6 561.2 565.2 570.4 574.1 574.4 577.7 579.6 582.2 578.3 574.2 570.9 566.1 562.8 561.4 561.6 560.3 560 561.9 564.4 566.9 570.1 572.5 574.7 578.1 580 581.6 584 587.4 589.8 592.3 595.2 598.9 604.6 609.8 612.7 614.2 616.8 619.3 621.8 623.1 624.9 626.2 628.2 630.1 631.8 633.8 635.8 639.2 642 643.9 646.3 649.6 651.6 653.1
540.4 539.7 535 529.4 525.9 518.7 512.3 506.7 505.8 504.3 500.6 497.7 487.3 494.1 498.5 504.6 511.9 518.6 525.5 532.5 538.6 543.8 548 554.7 558.5 562 562.8 569.6 572.7 576.9 580.2 579.3 575.8 571.9 569.3 565.9 562.7 561 560.2 558.5 559.9 561.3 563.7 568.5 571.8 574.2 575.8 579.2 582.4 583.5 584.8 586.2 589.1 592.9 595 598.6 604.1 609.8 613.8 616.3 619.3 621.5 623.8 626 627.1 628.1 629.5 630.9 633.1 635.5 638.1 641.6 644.2 646.4 648.8 651.5 653.4 655
558.3 553.9 550.2 543.5 535.6 526.1 521.9 514.7 510.9 507.1 504.8 501.2 489.8 494.1 500.2 506 511.2 518.5 525.2 532.8 539.3 540.5 540.5 547.9 553 554.1 553.3 563.1 573 575.2 573.7 573.7 571.9 570.2 567.5 564.4 563 559.7 557.9 557.3 561 562.1 566 571.1 573.3 574.4 576.6 579.6 582 583.3 585.5 588 591.1 593.8 596.7 599.7 605.7 611.5 615.6 618.8 621.9 624.2 627.3 629.4 630 630.5 631.4 632.9 635.2 637.8 640.7 643.4 645.6 648.6 650.9 653.5 655.8 657.2
575.1 567.5 563 556.8 545.8 537.8 525.8 517.6 513.1 509.9 507.7 507.2 493.2 498.6 501.2 506.9 512.1 519.1 524.9 531 537.5 540.3 540.5 543.8 549.7 550.6 555.1 560.5 563 566.6 568.4 569.8 568.8 567.3 564.5 564.1 562 557.8 553.2 558.3 561.4 562 566 568.3 571.1 572.9 575 578.1 580.4 582.7 585.5 588.8 591.5 595.6 598.7 602.2 607.1 612.1 617 621.3 624.7 627.1 629.2 632.3 633.1 634.1 635.4 636.7 638.7 641.1 643.9 646.9 648.5 650.9 653.1 655.7 658.2 659.4
577 571.8 566.8 558.1 548.6 542.4 527.9 520.1 514.9 514.5 513.2 510.9 502.8 501.1 504.1 508.1 512.9 518.1 523.2 529.2 533.9 537.6 541.6 544.6 547.5 550.8 553.8 554.3 556 559.2 561.8 562.9 563.7 563.2 561.8 562.8 557.8 549.9 553.5 555.2 556.8 560 561.3 563.5 566.5 568.7 572.2 576 580.2 583.3 585.7 587.8 589.6 594 598.6 603.1 608.8 611.2 617.8 622.2 626.3 628.4 630.8 632.7 634.8 636.1 637.6 639.4 641.5 644.2 647.3 649.2 651 653.1 655.5 658.2 660 660.7
578.7 576.5 563.1 555.7 550.6 542 532.2 524.5 519.4 517.8 513.8 511 508.3 504.3 505.2 510 514.1 517.7 522.9 527.3 531.3 535.8 537.1 540.5 542.9 546 547.8 549.5 551.4 553.4 555.8 555.7 555.7 554.1 550.7 547.6 548.5 554.5 556.1 559.1 560.5 561.2 561.9 563.5 566.1 567.7 569.5 573.5 577.5 581.5 584.6 587.8 589.4 596.3 599.8 603.5 608.2 613 617.6 622 626.7 629.8 631.7 633.7 636.5 638.1 639.9 642.4 644.3 646.5 648.9 651.1 653.2 655.1 657.3 660.5 661.4 661.8
578.6 574.8 566.1 559.2 553 547.2 538.1 526.5 519.1 516.6 513.7 512.2 511.6 510.1 507.3 506.6 509.3 515.3 521.2 525 528.1 531.5 534.4 537.1 539.6 541.4 541.5 542.4 545.3 546.9 539 547.9 547.9 541.6 545.8 553.3 558.4 561.7 556.9 560.6 561.7 561.7 563.4 565.1 566.5 568.8 569.8 570.2 574.3 579.8 584.2 588.8 594.1 597 599.8 603.3 608.6 613.3 618.4 622.6 627.1 630.6 633.2 635.4 638.1 639.9 642.1 644.7 646.1 648 650.6 652.7 654.8 656.2 657.8 659.2 660.8 661
569.9 563.6 564.2 561.4 557.6 552.4 537.2 524.7 517 515.4 513.9 513.6 513.1 512.1 508.4 509.5 510.4 511.2 514.2 520.9 526.2 528.9 531.3 532.3 531.5 528.3 529.8 531.2 529.2 528.3 530.9 532.5 536.4 543.3 553.6 565.8 564.4 562.3 558.7 561.3 563.4 564.3 565.4 566.5 568 569.7 571.7 574.5 575.9 577.7 580.6 583.8 589.2 596.1 600.1 603.5 608.5 612.9 618.2 623.6 628.2 631.7 634 636.6 639.9 642.7 644.6 645.6 646.8 648.5 652.2 653.3 654.7 656.1 656 657 658.1 659.5
562.1 561.2 562.2 555.3 556.1 547.8 533.4 521.9 515.4 514.3 514.4 513.6 512.7 511 510.7 511.1 512.3 514.4 514.9 514.7 517.3 518 519.4 522.7 522.3 524.6 526.3 527.9 529.2 531.6 537.4 535.2 538.7 550.1 564.1 566.9 565.8 559.7 561.9 566.6 567.6 569.3 571.8 572.1 572.5 574.4 576.5 579.1 580.2 580.9 583.1 584.6 584.8 591.7 593.6 603 608.7 613.2 618.2 623.3 628.5 631.8 633.5 636.9 641.4 643.9 645.2 646.3 647.3 649.2 652.2 652.8 653.2 653.4 655.5 657.9 659.4 660.3
557.3 556.6 556.2 549 545.4 539.2 528.8 519.8 515.6 514.4 514.4 514 512.2 511.6 511.9 511.2 513.7 517.1 520.2 521.6 522.8 521.7 518.8 520.5 525.2 527.1 531.7 537.2 540.5 545.1 548.1 547 539 546.9 564.3 563.6 561.7 561.3 564.4 569.8 571.6 573.7 575.6 577.7 580.3 582.4 586.4 588 587 586.6 587.3 589.9 590 592.4 595.5 599.2 607.6 614.1 616.4 622.2 627 630.1 634.7 638 640.7 643 645.2 646.7 647.8 649.3 650.6 650.5 650.7 653.9 656.7 657.6 660 661
551.4 550.1 545.6 542 538.2 532.3 526.5 518.1 515.5 514.4 514.5 513.9 512 512.3 513.1 513 516.8 521 525 528.7 530 529.8 530.6 531.1 532.2 536 540.6 544.2 548.5 551.8 552.8 554.6 551.7 542.4 555.8 563.5 562.5 563.2 566 576.9 579.6 582 585.4 589.5 593.7 594.9 593.9 593.5 593.9 593.1 593.4 594.1 596.3 599.1 602.9 604.9 607 608.6 617.7 619.9 623.3 628.7 632.2 634.8 638.5 641.6 643.5 644.3 644.8 645.5 649.3 650.5 653.3 655.2 657 658.8 661.2 662.4
545.8 543.2 538.6 535.8 532 526.3 520.4 516.6 515.4 514.4 513.8 512.7 511.6 513.1 512.1 515.9 521.7 526.5 530.4 534.6 537.5 538 539.5 541.8 544.8 549.4 553.3 557 559.6 560 561.9 562.8 562.6 558.7 552 562.1 563 567 568.7 578.8 583.3 588.5 593.1 596 599.2 602.1 604.2 605.4 605.2 603.8 600.9 597.2 598.4 600.6 602.5 607.9 612.2 616.9 620.2 621.6 624.9 626.4 628.6 631.6 635.8 637.9 639.2 641.5 647.4 649 650.4 652.5 654.5 656.2 658.9 661.2 663.5 665.3
539.6 535.8 532.5 530.1 525.7 520.4 517.6 516 514.6 514 512.5 511.8 512.5 512.2 513.8 520 526.3 531.5 535.9 541 547 549.9 550.7 554.1 558.2 562.3 566.5 571.2 570 573.8 573 571.9 569.6 563 553.3 561.5 563.6 566.5 573.5 580.4 589.6 595.3 599.3 602.7 607 610 611.6 612.3 613 610.3 606.4 605 601.7 602.7 605.1 608.3 613.3 618 622 624.9 627.9 630.3 631.9 634.9 636.6 641 644.3 646.5 647.5 649.6 652.1 653.7 655.3 657 659.8 662.4 665.4 669.1
534.8 530.7 527.1 524.2 521.6 518.9 517.1 516.3 514.8 513.1 512.9 512.4 512.8 514.1 521.5 527.6 533.6 539 544.6 548.7 559.7 561.4 566 574.3 576.9 581.1 579.9 588.5 586.6 588.6 585 581.2 574.7 568.6 553.7 563.2 565.5 568.2 577.2 584.1 593.7 599.3 604.5 607.8 611.9 615.7 618 619.2 619.3 617.7 615.1 610.4 606.7 606.3 608.2 611.2 614.5 619.6 623 624.9 628.7 632.8 636.4 638.2 639.1 642.9 645 646.8 647.6 650.4 652.4 654.3 655.7 658.7 660.7 664.4 671.7 674
528.8 525.8 523.5 521.6 519.4 517.3 516.8 514.9 514 512.7 513.1 512.3 513.5 519.6 527.8 532.7 542.7 548.4 556.6 562.4 573.5 580.4 586.7 591.2 593.5 602 604.3 603.5 598.8 596.5 591.5 586.5 579.7 570.8 556.5 562.2 566.1 573.3 581.6 592.6 600.3 606.1 609.5 616.3 620.3 623.6 625.5 626.9 625.9 622.6 617.5 613 610.8 609.6 611.3 614.1 617.1 621.1 624.6 627.3 630.5 633.6 637.5 638.8 639.9 643 645.2 647.7 649.2 651.7 653.6 656.1 658.8 664.1 668.8 672.4 677.7 679.5
524.3 522.9 521.6 519.4 517.2 516.2 515.4 514.2 513.8 513.3 513.2 513.1 519.2 525.6 534.1 545.5 550.3 559.1 571.9 579.3 589.9 596.2 603.2 611.8 616.6 616.9 616.5 612.8 606 600.8 595 589.5 582.5 574.6 563.9 562.1 567.6 576 588.1 598.7 606.8 613.1 618.5 622.5 626.5 630.2 633.6 634.5 633.9 630.1 622.6 617.2 614 613.7 614.7 617 618.3 622.2 625.4 628.5 631.8 634.5 638.2 639.5 640.9 643.6 646.3 649 650.9 653.1 655.6 659.1 665.1 670.2 675.1 678.6 682.1 683.3
521.9 520.7 519.2 517.8 514.8 513.9 514.3 512.6 513.6 513.5 513.5 515.7 523.6 532.3 541.2 550.7 563.6 580.2 592.2 601.1 608.5 617 622.1 626.9 628.3 626.3 622.8 618.8 614.4 607.8 600.7 593.3 586.6 578.7 569.8 562.7 569.4 579.2 591.8 603.5 611.9 618.2 624.2 627.8 631.7 636.5 639.8 641.8 640.3 636.5 630.2 622.7 617.3 616.6 615.8 618.3 619.6 621.6 625.2 629 634.7 637.6 637.8 640.7 643.4 646 649.2 652.1 654.8 657.4 660.4 665.2 671.7 678.2 678.2 682.9 684.9 687.9
519.4 518.5 518.3 516.6 514 512.9 512.4 512.5 511 513.9 515.7 525.5 534.5 546.5 558.2 570.6 586 600.9 607.5 615.6 622.2 630.3 637 641.3 643.7 641.1 638.8 630.9 621.7 613.3 606.2 598.1 589.9 581.5 571.8 562.8 572.7 582 597.2 607.8 615.4 622 628.5 632.1 636.7 641.3 644.7 646.4 645 641 637.1 631.9 623.1 619.2 619 619.2 620.3 621.9 624.4 629.4 634.8 638.4 641 644.5 648.2 651.6 655.5 659.6 661.2 664.4 666.8 670.6 675.1 678.7 681.7 684.7 687.4 689.4
517.4 516.7 516.5 515.3 513 513 512.7 513.7 514.6 515.4 524.1 538 547.9 559.9 571.2 589.2 602.5 612.4 620.9 627.8 635.3 645.1 648.8 657.1 657.1 653.8 644.4 636.3 626.7 616.9 608.4 598.8 591 582.6 570.9 564.7 573.8 585.1 599.5 609.6 617.4 622.6 627.6 632.9 637.2 640.6 644.6 644.8 643.2 640.4 637.1 634 628.8 621.9 621 621 622.2 623.1 625.5 631.5 636.5 641.3 647.8 653.9 658.7 662 664.9 666.5 667.6 667.7 670.6 673.3 677.4 679.8 682.7 686.1 688.6 690
