UK/data/nc/nc40_OST50GRID_20230518/NC40.asc
ncols 200
nrows 200
xllcorner 240000
yllcorner 900000
cellsize 50
[rows 70 to 104 of 200, columns 0 to 78 of 200]
387.1 386.9 385.8 384.4 383.6 378.4 376 375.2 374.7 375.1 376.2 375 374.6 376.1 378.8 381.7 383.3 389 393.6 396.9 401 404.4 406.6 409.6 412.6 414.4 415.4 416.1 416.2 415.4 414.8 414 412 411.8 409.7 406.1 401.4 397.6 394.1 389.5 388.7 382.8 377 372 370 360 352 343.3 339.8 324.6 310.1 303.5 292.2 277.7 268.5 263.1 256.3 248.3 235.6 224.4 216.7 209 201.4 193.6 185.2 177.7 170.1 159.5 150.5 142.6 134.1 125.6 119.2 117.2 115 113.8 112.3 110.4 107.6
386.6 386.1 383.2 383.1 379.9 376.7 374.8 376.3 375 372.6 372 369.9 368.5 369.4 372.6 375 377.2 383.6 388.6 391.3 395.7 399.4 401.5 404.2 407.4 409.2 410.7 412.4 415.3 414.9 414.7 412.8 412.5 412.5 410 406 400.8 399.1 394.4 388.9 385.4 381.4 375 367 362.5 357.9 349.6 341.3 338 330.4 315 305.8 295.6 283.8 272 267.6 261.1 252.2 240.3 229.6 219.9 211.8 204.3 197.3 189.9 181.6 173.1 163.4 153.6 143.6 136 127.3 122.3 118.2 115.9 114.4 112.5 110.9 107.5
383 382.5 382.5 381.5 378.7 376.5 373.4 371.9 371.4 367.8 365.5 363.8 362.3 362.8 365.3 367.3 371.3 376.8 383.5 386.6 389.6 392.5 394.6 396.2 399.8 402.5 404.7 408.1 411.7 412.6 412.2 412.3 411.8 411.9 411.1 406.9 402.8 398.9 393.9 387.5 383.7 379.1 371.8 363.8 358.3 353.5 346.5 339.2 333.9 331.2 318.9 308.9 299.8 288.5 276.2 270.2 264.9 255.6 245.3 234.5 224.2 214.6 206.9 200.9 194.2 185.5 177 167.1 159.9 148 139.2 131.5 126.2 121.3 117.1 114.3 112.8 112 109.5
382.8 383 381.6 381.6 378.8 373.8 371.6 367.4 364.1 362.3 361.1 359.6 357.5 357.5 358.9 361.4 366.7 370.7 375.7 382.3 383.6 386.5 388.8 389.7 392.7 396.3 399.1 402.8 406.8 408 408 409.3 410.7 411.1 410 406.4 400.4 395.5 392 387 380.4 375.5 368.9 362.4 352.7 348.8 343.3 336.6 330.2 327.7 319.9 310.3 301.5 289.3 279.9 274.5 267.8 258.9 248.4 237.6 228.5 218.7 209.5 203.5 196.1 187.4 177.3 171.5 166.1 154.6 145 137 131.2 124.4 119.7 115.5 114.2 115.2 111
383 382.8 381.7 380.4 377.5 373.4 367.6 365 359.9 356.1 355.7 355.6 354.3 353.5 354.4 355 359.4 364.3 369.4 374.2 379.7 382.2 383.5 385.2 388.2 392.1 394.3 396.5 398.8 401 403.5 405.1 407.1 408 406.5 404.4 398.9 395.3 389.8 383.7 377.9 373.9 365.8 357.1 349.8 343.6 339.1 331.3 324.8 323 320.3 310.6 300.4 290.9 282.2 273.4 267.3 260.8 251.1 241 232.8 223.2 213.9 206.4 199.7 192.2 183.5 176.7 169.5 160.8 152.2 144 136.9 129.7 121.4 116.4 113.9 112.1 108.7
381.2 381 379.9 378 375.6 373.3 366.9 361.4 356.7 350.8 350.9 350.5 349.4 349.2 350.7 352 355.6 358.9 364.2 369.4 373 377.3 381 381.8 384 386.3 389.8 391.8 392.8 395.6 398.4 400.5 401.9 403.5 404.1 400.1 396.4 392.4 388.6 382.5 377 367.9 362.3 355.2 346.4 341.3 337.3 331 323.8 321.5 318.2 312.9 301.5 291.2 284 278.2 268.4 261.3 251.8 244.7 237 226.8 216.7 211 204.7 196.7 189.2 181.9 174.4 166.1 158.5 150.6 142.6 133.9 125.6 117.8 113.1 109.5 106.2
378.8 379.5 379.9 378.5 377.5 374.5 369.3 361.6 355.3 350.5 347.7 345.9 343.9 346 347.4 348.6 351.8 356.9 360.9 365 369.1 373.3 376.2 379 380.3 380.7 384 384.8 386.9 389.9 395.1 397.3 398.7 400.2 400 398.3 396.4 393.2 389 380.1 371.5 363.5 355 350.6 342.4 336.2 332.3 328.2 321.4 318.3 314.3 310.7 304.1 293.4 285.3 279 272.9 263.8 255.1 247 238.2 231.4 223.9 217.4 209.7 202.7 195.8 189 180.4 172.2 165.1 157.2 149.3 140.9 131.2 122.2 115 108.9 104.5
376.2 377.3 377.4 376.9 374.6 372.5 368.2 362.7 356 350.3 348 345.4 341.6 341.8 345.4 346.3 349.6 353.8 356.7 361.6 365.4 370 372.2 374.3 376.4 377.4 378.5 379.8 381.2 384.4 389.5 393.4 397 396.6 397.6 396.2 394.2 389.6 386 378.9 369.3 358.4 353.5 343.6 338.5 333.4 327.4 322.8 319.4 317.6 313.7 309.4 303.5 295.5 287.9 281.3 274.7 267.6 260 250 242.5 236 229.2 222.5 215.7 209.3 202.5 195.8 187.5 180.3 173.8 167.3 159.1 148.9 138.3 130.5 123.1 115.4 107.3
373 373.8 373.6 373.2 371.5 367.7 363.6 360 354.9 349.6 345.7 342.9 340.1 339.8 340.2 342.4 344.2 349.5 354 357.3 362.7 365.6 369.3 372.6 374.7 376.2 377.2 377.6 379.3 381.4 384.8 390.5 394.5 395 394.4 394.1 390.2 386.7 381.8 374.8 367.8 357.9 348.9 341.4 334.8 332.4 328.1 323.6 319 316.8 313.8 309.9 304.2 296.5 290.6 283.9 276.2 269 262.3 253.6 245.8 240.1 233.4 226.9 220.7 215 209 202.3 196.5 189.5 182.5 175.4 167.1 159.3 148.8 140 132.7 124.8 118.5
368.5 369.3 370.2 367.7 366.4 364.9 362.5 358.9 353.6 350.6 344.3 341.3 337.9 336.7 337 338.3 341.9 348 351.1 354.5 358.7 362.9 366.8 368.6 370.7 373.1 374.2 375.2 377.3 379.3 383 387.1 391.5 393.5 394.7 393.4 389.4 383.5 377.8 370.4 364.1 356.7 349.4 341.5 336 333.4 328.7 324.2 319.6 317.4 313.2 308.8 303.8 297.6 292.8 286.9 279.9 271.9 264.4 257.4 251.2 243.6 238 231.6 225.8 219.8 213.7 207.8 201.9 195.8 190.2 181.5 173.1 165.5 157.2 148.2 141.4 135.2 128.5
362.2 362.9 364.3 363.5 360.4 359.1 356.4 354.2 350.6 346.5 341.5 337.6 334.4 333.1 333.3 334 336.9 343.1 347.6 351.6 355.4 360 363.4 366 366.8 368.7 369.7 370.9 374 377.2 380.8 385.9 389.7 392 393.6 393.2 388.8 383.7 377.9 372.3 363.8 355.8 348.7 343.5 337.9 333.3 329.4 325.2 321 317.1 313.6 309.5 305.6 301.8 297.1 290.7 283.4 274.7 269.3 264 258.9 250.6 243.3 237 230.8 224.4 218.9 213.1 207 201.6 196.1 189.5 179.8 172.3 164.4 155.6 148.2 143.8 135.1
356.6 357.1 357.2 354.5 353.9 353.1 351.2 347.2 344.1 339.6 336.6 334.2 330.5 328.7 327.8 328.7 330.4 335.9 340.8 347.1 351.6 356.5 359.7 362.8 365.2 367.1 368.5 369.8 371.4 376.1 379.2 383.2 388.2 389.8 391.2 390.6 387.9 383.6 377.5 371.3 365.1 358.9 351.7 343.3 339 334 331 326.3 322.5 319.6 315.4 312.2 309 304.4 300.5 294.5 286.6 279.4 273.3 269.6 265.9 257.2 250.9 243.9 236.2 230.8 223.6 217.4 210.5 205.7 201.9 197.3 189.8 182 173.8 164.5 158.3 152.6 144.2
350.3 350.5 350.5 348.6 346 344.3 343.1 340.8 337.2 333.2 332.5 331.4 327.2 324.1 323.4 324.3 326.3 328.3 334.9 341.2 345.6 351.7 354.8 359.1 361.7 365.1 367.5 367.6 371 374.2 378 380.7 384.8 387.1 387.3 386.7 384.6 380.6 376.1 369.4 361.7 356.4 351.2 345.4 338.9 334.9 331.4 327.8 324.2 321.5 317.6 315.1 313.8 310.9 305.9 301.5 294.6 288.6 282.4 276.9 272.9 266.4 260.1 253.3 245 238.2 229.9 222.4 215.5 209.8 206.2 201.4 196.9 193 184.8 174.8 166.3 159.7 152.2
343.9 344.2 342.8 341.2 339.3 337.8 335.5 332.9 330 327 325.7 325.3 323.4 320.4 318.4 318 320.1 322.4 326.8 333.9 339.7 347.1 351.7 355.1 357.6 361.5 363 366.4 367.3 370.9 374.4 378.5 380.5 382 383.2 381.7 379.3 375.9 372.2 367 360.7 353.1 347.5 343.1 339.2 335.4 332.1 329.4 326.3 324.4 322 321 318.4 315 311.8 308.2 303.6 297.7 291.9 288.8 284.5 277.6 270 262.1 255.1 247.3 239.6 230.5 222.8 215.3 210.2 205.9 204.5 202.1 196.4 186.5 174.2 167 160.5
336.9 336.2 335.2 335.1 332.1 330.8 326.4 323.3 321.6 320 319.3 318.3 317.8 316.2 314.5 313.4 313.6 315.2 320.5 328 334.6 341.5 346 349.6 354.9 358 361 363.7 364.5 367.4 371.9 376.1 377.5 379.4 380 377.6 373.8 369.9 366.5 362.1 356.8 351.6 345.5 341.5 337.4 336.1 334.1 332.1 328.1 326.1 325.8 324.8 322.9 320 316.5 313.5 310.1 305.1 299.7 294.3 291.3 286 279.9 272.5 265.6 257.1 248.7 240.1 231.6 223.2 218 211.6 210.6 206.9 202.6 194.4 184.2 178.1 168.2
328.5 329.6 328.2 327 325.8 323.6 319.3 317 315.4 313.4 315.9 314.3 312 311 310.2 310.1 311.3 309.7 313.3 319.8 327.5 335.3 340.7 346.4 350.6 355 358.5 361.1 362.9 365.1 367.4 372.4 375.2 375.2 376 374.7 370.4 366.7 361.9 358.7 355 351 345.5 339.6 336.1 334.7 333.5 332.2 329.7 327.7 327.8 326.8 325.3 322.8 319.8 316.5 313.8 311.4 307 301.9 296.7 291.7 286.7 279.8 273.8 266.8 258.3 250.2 241.5 231.6 223.6 219.4 216.1 211.8 205.8 199.8 191 185.9 178.5
322.9 322.3 321.9 322.1 319.6 317.7 314.7 313.4 312.1 309.8 309.4 309.3 308.2 306.6 306.6 305.6 305.7 305.7 308 314.4 322.5 329.4 335 340.9 344.6 350 354.6 357.3 360 362.9 367 368.5 370.4 372.7 372.5 370.9 368.9 365.4 362.2 357.3 352.7 350 345.5 340.9 335 332.3 331 330.4 329.7 329.4 328.6 326.8 326.9 325 323.6 320.3 318.4 315.5 311.5 307.5 301.9 297.9 292.1 286.4 283.1 275.2 267.2 259.1 252.2 243.6 233.8 230.4 228.1 220 214.7 207.4 198.4 192.4 185.5
316.1 317.3 316.4 315.4 314.9 312.4 311 313 309.8 306.7 305.7 304 302.1 301.3 302.3 302 302 301 302.5 310.2 317.6 325.1 330.8 335.1 340 344.3 348.4 352.8 355.9 360.2 363.4 366.1 368.4 370 369.5 368.5 366.4 363.4 361 357.2 350.9 347.1 343 338.6 333.5 330 328.8 328.6 328.1 328 327.9 327.1 326.9 324.6 323.9 321.8 319.4 317.4 314 310.5 306.2 303.6 299.3 293.6 288.1 283.7 276.7 270.1 262.6 254.9 245.7 236.1 234.9 228.1 221.5 216 206.1 199.6 193.2
312.3 313.8 313.7 310.8 307.5 306.6 304.8 307.3 305.6 304 300.3 298.4 296.3 296 296.1 298.5 297.8 297 299.3 302.4 310.1 319.2 325.6 331.1 335.8 340.2 342.5 346.2 351 355.3 358.8 361.4 362.9 363.9 365.9 365.1 361.8 359.1 356.1 353.5 349.9 343.8 338.9 335.6 331.2 328.5 326.7 325.2 326 325.6 325.5 325.9 325.9 324.7 323.3 321.7 321.3 317.6 315.3 313 309.6 306.6 303.6 298.9 294.2 290.1 283.6 278 271.3 264.3 256.8 246.5 238.7 233.8 227.9 221.2 212.9 206.1 199.2
309.3 310.2 311 308.9 304.5 300.6 297.6 297.5 297.6 296.6 294.8 293.6 291.8 291.6 292.9 294.1 293.6 294 296.1 298.8 305.1 311.7 319 324.7 330.5 334.8 337.7 341.3 345.4 348.8 352.3 356 358.2 359.4 359.3 358.2 355.2 352.8 350 347.2 344.6 340.9 337.4 332.9 329.1 326.5 324.7 322.4 321.8 322.4 322.8 322.7 323.7 324 322.6 321.5 320.1 317.5 315.6 314.4 311.1 308.3 306 302.7 299.9 295.8 291 284.3 278.7 271.8 264.5 257.3 246.2 238.4 232 226 219.7 210.9 205.4
306.5 305.8 305.4 305.1 302.3 298.3 294.9 291.3 291.3 288.8 289.5 288.2 288.5 286.4 288 289.9 289.3 290.2 292.3 294.6 298.8 306 313.3 319.4 325 329.8 333.2 336.7 340.5 343.3 346.5 349.8 352.4 353.8 353.8 353 350.8 348.9 345.2 342.5 340.4 337.9 335.6 332.6 327.4 324.1 321.9 320.8 319.7 319.7 320.1 320.2 321.1 322.1 321.1 320.3 319 316.1 315.8 313.6 311.4 308.5 306.6 304.4 301.2 299.1 294.4 290 285 278.9 273.4 266.3 258.5 249.9 236.8 230.8 226.4 216.5 208.2
305.8 304 303.6 301 299.5 296.9 293 289.2 287.5 284.1 283.2 283.1 283 284 284.2 284.7 285.4 286.3 288.8 291.5 294.8 298.1 305.6 313 317.9 323.4 327.7 332.3 335.7 338.9 342 343.9 346.5 348.4 348.6 348 346.5 344.2 340.9 338.3 335.9 334 331.3 329.3 327.1 323.5 321.5 318.1 316.7 318.5 318.1 318.3 318.4 318.3 318.9 318.8 318 316.4 314 312.3 310.5 307.8 305.9 304.2 301.3 299.4 296.5 292.3 288.7 284.1 277.4 272.2 264.9 258.1 251.3 240.4 231.6 225 213.6
302.1 302.8 302.4 299.9 296.7 292.9 288.7 285.2 283.8 282.4 281.6 280.4 280.5 279.4 279 281 280.5 281.1 284.8 287.9 290.1 294.9 298.8 304.6 311.6 316.7 321.2 326 330 333.2 336.2 337.7 339.5 341.6 343.1 342.7 340.8 339.3 337.3 334.4 331.9 329.2 327 325.5 324 320.7 319.1 318.2 316.7 317.1 316.4 316.6 316.4 316.2 315.3 316.4 316 314 313.1 310.8 308.6 306.8 304.9 303.2 300 297.7 296.2 293.5 290.6 287 282.6 275.5 268.9 262.2 255.3 248.6 237.7 231.4 221.4
300.6 302.1 302.7 299.9 295.7 290.7 285.7 282.5 281.6 281.9 281.5 282.6 278.4 277.3 275.5 277.6 277.5 277.7 278.5 281 286 290.7 294.7 298.7 303.5 308.3 313.4 317.6 322.1 325.7 329 331.6 333.8 335.2 336.6 336.5 335.3 334.7 332.6 329.1 326.3 323.8 323.5 321.4 320.5 318.1 316.4 316.2 314.6 314.4 314.2 312.8 314.2 314.1 312 312.9 313.2 312.9 311 309 307.2 305 302.8 301 299 296.8 293.4 292.4 290 288 284 279.5 272.4 266.2 259 252 243.9 234.6 225.5
299.9 302.7 301.5 300.5 297.7 294.5 288.6 283.9 279.9 280.5 282.5 279.8 278.3 276.5 273.7 275 274.9 274.1 274.8 277 280.6 285 289 293.3 296.4 301.1 304.9 309.9 314.3 318.3 321.5 323.8 326.5 328.6 329.4 330.1 330.2 329.4 328.3 325.5 323 320 319.3 317.8 317.3 316.2 314.7 313.9 312.4 310.4 310.7 309.8 309.4 310.1 309.6 308.6 309.6 309.7 307.8 305.1 304.2 301.1 299.4 297 296.4 293.3 290 289.1 288.2 286.2 284 280.7 274.7 268.7 262.2 254.5 246.5 239 231.2
301.2 301.5 300.1 298 294.8 292.2 288.2 282.3 279.9 279.1 279.5 278.9 277.6 274.6 272.2 271.1 271.6 271 272 273.1 276.5 280.8 282.9 287.9 291.2 294.9 299.1 304.5 308.6 311.7 313.5 315.9 318.8 321.4 321.3 323.4 324.8 324.3 322.6 320 318 316.1 315.2 313.9 312.4 311.6 311.1 309.5 309.5 308.2 306.8 307.8 305.7 306 305.9 305.7 304.7 304.2 303.2 300.7 298.9 296.9 295.5 293.2 292.7 291.5 288.1 287 286 285.2 283.8 282 276.9 270.5 264.8 255.7 248.2 240.7 233.3
301.8 298.6 296.3 294.5 294.2 289.9 285.6 281.1 280.3 279.2 278.9 276.1 276.3 273.4 271 267.6 266.3 265.7 267.7 270.1 272.7 275.3 277.7 281.9 285.9 289 292.6 297 301.7 305.6 307.3 308.9 312.6 314.9 316.2 317 317.1 318.1 317.3 314.9 313 311.7 310.1 309 307.5 306.5 306.8 306.2 306.3 305.4 303.7 304.7 304 303 302.9 301.4 300.2 299.5 299.4 297.5 294.7 293.1 291.6 290.8 289.8 288.4 286.4 285.2 284.3 282.3 280.8 279.5 278.2 272.9 267.1 259.3 250.5 241.8 235.2
304.8 300.7 297.1 290.8 286.3 287.5 285.8 280.3 278.6 278.5 281.2 276.7 272.7 270.3 268.8 266.2 262.5 262.2 262.6 263.7 268 271.3 273.5 275.7 279.2 282.6 285.5 290.4 294.3 298.5 301.1 303.5 305.3 308 309.1 310.7 311 310.6 310.2 309 307.4 306.6 307.2 305 304.3 303.5 303.3 303.2 303.4 302 300.7 302.1 302.5 300.9 300 299.1 297.1 294.8 294.5 293.1 291.4 290.6 289.7 287.6 286.5 284.5 281.7 280.3 281.5 280 277.9 276.6 276.3 273.5 269.2 261.7 254.7 246.6 238.7
312.1 306.9 300.4 292.9 287.6 281.2 282.2 280.5 276.3 274.1 273.4 272.8 271.3 267.4 263.6 261.4 257.8 259.1 259.6 259.7 260.4 264.6 268.8 271.8 273.7 276.3 279.1 282.2 286.3 290.6 292.4 295.8 297.2 298.6 301.6 303.5 303.2 303.1 302.1 302.7 302 301.9 303.3 298.2 299.2 299.1 298.2 297.2 297.2 298 297 297.6 298.8 299 298.1 296.5 295.3 293.1 290.4 289.5 288.4 287.2 284.9 283.9 282.9 279.6 278 277.3 277.8 277 275.5 274.6 273.9 272.7 268.4 263 257 249.9 240.8
318.2 314.4 310.3 305.2 296.1 287.5 277.7 276.7 272.9 271.5 268.6 265.9 262.4 261 261.9 259.5 255.1 257.1 256.8 256.9 256.8 257.1 261.8 266.7 269.8 271.5 273.1 275.9 278.9 283.8 287.3 287.7 290.4 292.1 294.7 296.6 297.6 297 296.3 297.5 298.4 298.4 296.4 293.3 295.8 295.5 293.9 293.7 292.6 292.6 292.9 293.8 295.1 296.1 294.9 294.1 292.4 290.8 288.8 285.8 283.9 281.9 280.1 279.2 277.6 276.7 276 275.6 274.7 274.1 273 272.2 271.4 270.1 269.2 264.6 258.5 252.6 243.8
326 322.9 317.8 312.8 306.6 297.8 287.2 276.2 270.6 266.4 264.9 264.7 259.1 256.9 253.9 253.1 252 253.6 253.2 253.8 254.7 254.1 253.9 259.4 263.8 267.1 270.8 272.4 274.2 276.5 279.5 281.3 283.4 285.4 288.6 289 290.7 291.5 292.1 292.4 292.8 291.4 290.5 290.3 292.2 290.6 290.4 289.4 289.7 289.4 288.4 289.5 290.2 291.5 291.5 291.2 289.9 287.6 286.2 284.1 280.8 279.5 276.9 275.2 274.8 274.7 274.1 271.7 270.1 270.5 270.5 270.9 270.2 269.6 267.7 265.7 261.9 256.3 247.8
331.3 330.3 325.8 319.4 313.6 305.9 294.9 284.1 275.5 263.9 259.5 264.3 257.5 252.4 248.1 247.5 249.1 248.4 248 249.7 250.6 250.7 251.4 252.5 255.7 262.3 266 268 270.9 272.4 273 274.6 276.3 278.8 282.2 284 285.6 286 285 286.6 287.4 286.1 287.8 286.4 282.9 285.2 286.1 285.6 286.1 285.7 284.3 285.6 285.7 286.7 286.5 286.8 286 285 283 280.6 278.3 276.4 274.1 271.8 272.1 272.7 271.5 268.3 266.4 267.4 267.6 269.2 269.5 269.1 267.5 266.9 264 259.5 252.5
335.8 333.5 329.1 325.7 319.4 311.9 301.3 291.3 279 267.6 255.3 250.4 252.3 248.1 245.6 243.4 244.6 245.5 246.5 245.7 246.4 245.9 246.6 249.3 251.9 256.6 260.9 263.8 264.9 267.3 268.5 270.5 271.2 271.5 273.7 276.9 279 279.8 278.9 282.2 279.7 283 281.5 278.6 281.5 281.4 281.6 281.7 282.2 282.3 282.4 282.7 283.2 282.7 282.6 282.9 282.6 281.6 280.6 278.6 276.6 274.2 272.3 271.5 270.8 270.7 267.5 264.9 264.9 265.1 266.4 267.7 268.3 269.5 269 267 264 261.2 257.3
340.7 338.4 334.4 329 322.8 315.5 307.5 297.2 286.3 271.6 260.4 247.5 243 241.7 243 242.1 238.2 242.4 243 243.3 242.5 241.9 242.7 246 247.6 251.2 255.1 257.8 259.7 260.9 263.2 265.9 267.1 267.4 267.4 269 272.3 272.5 274.3 274.5 275.6 274.7 276.6 273.6 278.7 275.5 277.2 278.3 278.3 279.4 280.6 280.1 280.6 280.4 280.2 280.6 279.1 278.4 277.2 275.9 274.6 273 270.8 270 269.4 267.3 264.7 263.5 263.4 263.3 263.3 265.1 267.7 269.6 271 267.8 265.4 263.4 260.5
346.2 344.3 343.7 339.9 333.9 327.7 319.6 307.2 296.1 279.7 265.6 251.4 241.8 236.6 239.2 237 237 236.1 237.4 238.9 237.2 236.5 238.8 240 243.3 245.8 248.7 253.7 255.1 255.9 257.6 261 262.8 263.2 264 264.5 264.9 266.7 267.6 269.3 269.7 270.5 272 271.8 270.9 270.5 272.5 274.3 275.8 276.8 277.6 276.5 277.7 278.2 278.6 278.5 277.5 275.6 274.2 273 272.1 270.6 268.4 266.6 266 265 262.9 262.4 261.9 261.7 261.8 262.3 265.7 267.5 268.8 267.9 268.9 268.5 265.3
