UK/data/sp/sp14_OST50GRID_20230518/SP14.asc
ncols 200
nrows 200
xllcorner 410000
yllcorner 240000
cellsize 50
[rows 114 to 151 of 200, columns 85 to 169 of 200]
59.7 59.6 59.2 58.7 58.6 58.2 58 58.5 59.6 60.2 61.2 61.9 61.1 60.2 59.4 59.2 59.6 59.9 60.2 60.5 60.9 61.6 61 60.6 60.8 61.1 61.5 62 63.2 63.9 64.6 65.3 65.9 66.4 67.3 67.6 67.7 67.9 68.5 69.1 70.6 71.7 72 73.1 74.2 74.5 74.9 75.8 77 77.7 78 78 76.8 75.5 76.6 78.2 79.6 80.5 83.3 86.8 89.7 92.6 95.5 99.6 105.4 108.3 112.8 121.3 126.2 132.7 139.5 141.8 141.3 138.2 135.3 131.9 127.9 123.1 119.9 118.8 116.6 115.8 113.7 111.6 112.1
60.1 59.9 59.5 59.1 58.7 58.4 59.2 59.1 58.9 60 61.1 62 61.6 60.7 59.9 59.3 59.7 60.1 60.4 60.7 61.4 62.2 61.7 61.4 61.2 61.4 61.8 62 63.4 64.1 64.8 65.4 66.1 66.4 67.2 68.2 68.2 68.2 69 69.1 70.8 71.9 72.4 73.5 74.6 75.7 75.5 76.2 77.3 78.3 78.6 78.3 77.4 76.2 77.4 79.7 81.2 82.6 85.7 89.3 92.3 95.2 98.3 103.9 108.6 112.5 119.9 127.7 131.7 144.2 150.2 149.8 148.1 144.7 139.9 134.7 130 125.6 122.9 121.4 120.2 117.5 115.5 113 114.9
60.5 60.3 59.9 59.5 59.6 59.8 60 58.6 58.6 60.1 61.1 61.9 62.4 61.5 60.6 59.7 60 60.3 60.6 61.1 61.3 61.6 62.5 62.2 62 61.7 62.1 62.8 63.9 64.3 65 65.6 66.3 66.5 67.2 68.5 68.6 68.5 68.7 69.1 70.3 72.1 72.6 73.7 74.7 76.3 75.8 76.7 77.7 78.9 79.2 78.6 77.9 77.9 78.4 80.8 82.6 84.2 87.5 91.7 95 98.1 102.6 107.3 113 118.9 127.3 134 140.4 155.2 156.2 155.1 152.3 148.9 143.8 138.2 132.6 128.4 127 125.8 123.6 120.2 116.3 115.9 118.9
61.1 60.9 61.1 61.1 61 60.9 60.6 60.2 58.6 59.8 61.1 62 63 62.6 61.7 61.1 61.2 61.5 62 62.6 62.5 62.6 62.7 62.1 62.1 62.1 62.8 63.7 64.1 64.8 65.4 65.9 66.4 67.5 68.2 68.9 68.9 68.9 69.2 70.1 71.2 71.3 73.9 74.2 74.7 75.5 76.4 77.3 78.3 79.2 79.6 78.9 78.1 77.8 79.8 81.9 84 86.3 89.3 93 98 102.1 106.6 111.3 118.7 125.8 132.8 141.2 153.1 159.3 160 158.5 155.9 152.2 147.2 139.9 134.3 133.3 132.4 129.7 125.3 120.6 117.6 117 121.5
62 62.1 62.2 62.3 61.9 61.6 61.2 60.9 60.7 59.2 60.7 62 63 63.4 62.8 62.5 62.3 62.6 62.7 62.9 63.1 61.6 62.1 62.1 62.2 62.4 63.2 64.2 64.7 64.8 65.5 66.7 67.6 68 68.7 69.1 69.3 69.3 69.9 70.7 71.7 72.9 73.9 74.3 74.9 75.5 76.8 78.1 79 79.9 80.2 80.2 80 79.8 81.2 83.3 85.4 88.4 92.2 96.2 100.1 106.1 110.9 117.6 125.7 134.1 139.3 144.5 160.8 164 163.7 161.8 159.1 154 147.4 143.7 140.9 139.9 136.5 131 125.6 120.5 118.1 119.9 126
63.5 64.5 65.4 63.5 62.9 62.6 62.3 61.7 60.9 60.4 60.2 61.4 62.7 63.9 63.2 62 62.5 62.8 62.9 63.1 62.6 62.3 62.4 62.8 62.4 63 63.8 64.6 65.1 64.7 65.9 67.2 68.1 68.5 69.1 69.4 69.6 69.6 70.5 70.8 71.6 73.3 74 74.6 75.2 75.8 76.8 78.6 79.7 80.4 80.6 80.6 80.6 81.1 82.4 84.5 87.3 90.5 96.8 100.9 105.8 110.4 116.7 122.3 133.2 143.2 149.8 157.2 165.8 166.8 166.2 164.7 160.9 155.2 150.3 148.8 148.1 144.1 137.4 129.5 124.6 118.8 122.6 124.2 130.9
66.3 68.9 68.6 66 64.1 63.7 63.1 62.3 61.5 60.7 60.2 61 62.9 64.2 63.8 62.2 62.3 62.8 63 63.6 63.3 62.8 62.8 63.9 62.7 63.5 64.3 65.1 65.5 64.9 66.1 67.5 68.4 68.9 69.4 69.7 69.9 70.3 70.6 70.7 71.5 73.7 74.4 74.9 75.5 76.2 77.3 78.2 80.2 81 81.1 81 81.8 82.7 84.1 86.8 89.3 95.1 100.9 105.3 111.1 115.1 122.5 128.2 138.6 153.5 158.4 163.8 167.8 168.1 167.1 166 162.4 159.5 156.8 155.2 151.3 142.7 134.2 127.1 122.3 124.1 127.2 129.7 136.3
70.3 73.6 73.2 70.3 67.3 64.5 63.6 62.7 61.9 60.3 62.2 60.8 63 64.3 64.4 63.4 63.4 64.1 64.4 64.2 63.9 63.6 63.6 64.4 63.2 64.3 65 65.6 65.8 66 66.5 67 67.7 68.7 70.2 70 70.2 70.4 70.6 70.7 71.3 73.6 75.3 75.8 76.3 76.8 77.6 78.6 79.8 81.5 81.5 82.4 83.4 84.4 85.7 89.7 93.7 99.6 105.2 108.7 113.6 119.3 126.2 132.2 140.2 159.5 165.3 168.4 168.7 168.5 167.6 166.7 164.9 162.9 160.8 157.1 147.1 138.5 130.9 125.3 127.1 132.7 134.3 135 142
73.2 79 80.8 73.8 69.7 65.8 64.3 63.2 62.2 62 62.3 61.1 62.6 63.7 63.8 63.8 63.9 64.7 64.8 64.7 64.6 64.6 64.6 64.8 63.9 64 65.4 66 65.9 66.5 67.1 67.8 69.2 69.5 69.6 70.4 70.3 71.3 72.2 72.4 72.4 73.3 75.8 77 77.8 78.3 78.8 79.4 80.1 82.2 83.1 84.1 85.1 86 87.8 92.4 97.7 103.8 108.6 112.6 119.6 124.8 135.6 141.5 151.4 164.5 169 170.6 170.6 170.9 170.1 168.3 164.9 163.4 161.6 153.4 143 134.3 128 130.2 135 145.4 143.4 142.3 148.9
74.8 81.9 83 79.6 72.4 68.4 65 63.9 63.3 63.4 62.8 61.9 62 62.7 63 63.3 64 64.2 64.2 64.9 65.3 65.3 64.8 65 64.6 64.6 65.4 65.8 65.9 66.7 67.6 69.4 69.9 70.5 70.4 70 70.4 71.1 71.8 72.3 73.1 73.8 75 76.6 78.3 79.4 80.3 80.9 81.5 83 84.7 86 86.7 87.7 90.5 94.1 99.7 106.5 110.8 116.3 125.3 132.2 140.4 145.6 161.5 170 172.8 174.3 173.7 173 172.6 169.3 165.9 162.8 157.9 146.2 137 129.9 133.6 137.7 146.1 155.3 151.6 150.3 157.2
76.9 82.4 85.1 82.4 75.3 70.4 66 64.7 64.1 64.1 63.7 63.1 62.9 62.6 62.7 63 63.6 64.9 64.8 65.2 65.6 65.6 65.5 65.5 65.9 65.3 65.7 66.7 67.8 67.4 68.1 69.8 70.5 71.1 71.4 71.5 70.9 72.2 73 73.7 74.2 74.6 75 76.6 78.3 78.9 80.3 81.7 82.4 83.8 85.4 87 88.7 89.9 91.7 95.7 101.2 107.1 113.5 121 128.2 134.8 143.7 156.4 171.1 173.1 174.4 175.2 175.8 175.5 173.7 170.6 166.2 161.5 152 141.3 134.6 136.6 142.7 150.5 154.5 163.9 161.1 157.8 162.1
79.8 82.5 84 81.4 75.8 70.9 67.2 65.8 65.2 64.9 64.6 64.3 64.3 64.1 63.4 62.8 63.3 64.1 65.4 65.6 65.8 65.8 65.6 65.4 65.4 65.6 65.7 66 67.1 68 68.7 69.8 70.8 71.5 71.9 72.1 71.6 73.2 74.2 74.7 75 75.4 75.7 76.7 78.3 79.8 80 81.3 82.7 84.3 86.1 87.7 90.1 92.2 93.4 95.9 102.5 109.3 116.5 123.4 131.2 140.8 148.3 159.1 172.8 174.1 174.7 175.4 176.2 176 174.1 170.6 166.3 157.8 145.7 136.7 139.2 143.4 149.7 160.8 163.9 169.9 170.7 164.9 167.7
82.5 83.2 82.6 78.8 74.3 71.6 68.5 67 66.3 66 65.6 65.6 65.6 65.4 64.9 64.1 63.3 64.2 65.7 65.9 66.1 66 65.8 65.6 65.4 65.8 66.9 67.3 67.4 67.7 68.8 69.8 70.6 71 72 71.6 71.2 73.1 75.1 75.5 75.8 76.1 76.5 76.8 78.4 79.8 81.2 82.5 84.2 86.1 87.8 89.8 92.1 94.3 95.7 97.4 101.9 110.2 118.2 124.3 132.9 139.5 146.4 157.7 174 174.6 175.2 175.8 176.5 175.7 173.7 170.1 163.9 153.5 141 143.5 154 156.4 156.4 166.7 173.5 176.8 174.8 173.5 178.2
85.5 85.1 84.5 80.5 76.6 73.5 71.1 69.5 68.5 68.2 67.7 67 66.9 66.7 66.4 65.6 64.7 64.5 65.6 66.2 66.4 66.2 66 66 66 66.2 67 67.9 68 68 68.5 69.5 70 70.3 71.4 71.8 72.9 74 75.5 76.3 76.6 76.9 77.3 77.6 78.6 79.8 81.5 83.2 85.3 87 89 91.8 94.4 96.4 97.8 99.7 102.8 109.1 117.3 122.3 131.7 137.7 143.9 158.1 174.5 175.3 176 176.6 175.8 175.4 173 168.5 158.2 151.6 141.8 149.4 165.8 172.6 164.5 170.5 180.5 181.2 181.7 182.1 187.2
87.1 87.1 86.3 82.8 79.7 76.6 73.7 71.9 70.9 70.5 69.8 70.2 69.6 69.3 68.4 67.1 66.2 65 65.4 66.4 66.6 66.5 66.6 66.6 66.7 66.8 67.3 68.1 68.1 68.3 68.6 69.1 70.3 70.7 71.8 74 72.7 75.5 75.6 76.5 77.4 77.8 78.3 79.2 80.6 80.5 80.8 82.2 84.3 86.7 88.8 91.7 94.9 98 100.1 101.9 105 111.2 118 124.1 132.8 139.3 143.5 159.2 175.7 176.1 176.7 176.3 176.3 176.8 174.2 172.2 168.9 153.7 146 150.2 168.2 180.6 173.2 175 182.3 186.8 188.8 189.4 194.2
87.6 87.9 87.8 86.2 83.1 80 77.1 75 74.8 74.2 74 74 73.1 71.4 70.2 68.9 67.7 66.1 65.6 66.6 67.1 67.2 67.2 67.2 67.3 67.4 67.6 67.6 67.8 68.3 68.9 69.7 71.1 72.3 73.4 73.9 74.1 74.7 77.7 78.4 78.7 79.1 79.7 80.6 80.3 82 82.3 83.6 85.3 87.3 89.4 92.4 95.6 98.8 101.2 103.5 109.4 115.3 121.8 130.5 135.2 140.7 149.1 168.6 177.4 178.8 178.1 178.6 179.1 179.4 179.1 176.6 173.6 153.4 149.5 156.9 168.4 183.5 182.2 182.7 189 193.1 196.8 197.5 200.4
85.7 87.2 88.8 88.7 87 83.9 81.5 79.4 80.2 79.7 78.6 77.3 75.5 73.5 71.8 70.2 68.7 65.6 66.2 67.2 67.9 67.9 68 68 67.3 67.7 67.8 67.9 68.2 68.6 69.1 70.3 71.5 72.7 73.1 73.7 75.4 76.5 76.9 77.9 79.3 80.9 80.7 81.2 81.3 83 83.8 85.4 87.7 89.7 91.8 94.2 96.6 99.5 103.1 107.3 113.2 119.9 125.5 132.1 137.8 143.6 163.1 175.6 180.1 180.7 181.2 181.7 181.8 182.1 182.3 180.7 175.4 153.3 156.3 165 170.2 184.7 186 189.8 195.7 199 202.7 204.3 206.6
82.9 85.6 88.3 88.8 89.1 88 86.2 84.4 84.4 83.7 81.6 79.6 77.6 75 72.3 70.8 68.2 66.4 66.8 67.8 68.7 68.7 68.9 69 68.5 68 68.1 68.3 68.6 68.9 69.6 70.8 71.8 72.8 73.1 74.8 76.4 77.4 77.6 79.8 81.2 82.1 82.6 82.8 83.6 84.3 85.5 87.8 90.1 92 93.8 96.9 100 105.1 110.2 114 117.7 124.6 130.9 137.1 140.6 156.3 173.8 179.4 180.8 181.6 182.2 183.3 185 186.6 186.5 181.7 164.3 156.8 159.4 168.3 175.4 183.5 189.6 195.2 200.3 204 209.9 211.8 213.9
81.5 84.9 87.6 88.3 89 89.3 88.5 87.4 86.8 86 83.7 80.7 77.4 73.9 71.7 69.5 68.2 67.6 67.8 68.4 69.1 70.2 70 69.5 68.9 68.4 68.5 68.7 69 69.3 70 71 72 73 73.9 75.6 76.7 78 79.2 80.8 82.3 83.2 84.4 85.3 85.8 85.6 86.5 89.2 91.5 93.5 95.4 101 105.7 109.7 114.9 120.6 123.5 129 136.5 140.1 148.6 169.7 176.3 180.7 181.6 182.4 184 186.3 188.1 188.5 188.1 177.5 163.7 172.8 175.2 172.6 179.3 187.3 193.1 199.4 206.5 210.9 216 219.1 221.6
78.3 81.9 86.4 87.9 89.1 89.5 89.7 88.5 88 86 83.1 79 75.6 73.7 71.5 68.7 66.8 68 68.9 69.1 69.4 69.6 70.3 69.9 69.3 69.2 69.2 69.5 69.8 70.3 70.4 71.2 72.1 73.1 74.6 76 76.3 77.5 79.4 80.9 82.5 84 85.5 87.3 87.6 87.5 87.8 90.4 92.7 95.4 100.4 106 111 115.1 120.6 126.4 128.8 132.6 137.8 149.4 164.5 172.9 179.1 181.6 182.7 184.3 186.3 188.2 189 188.6 188.6 179.8 168.2 177.8 185 179.5 186 192.1 197.7 204.5 211.3 217.2 221.9 225 227.2
75.8 79.2 82.6 85.8 87.4 89.6 89.4 88 86.2 84.3 82.3 79 75.5 73.6 71.8 68.6 66.8 67.7 68.8 69.7 69.9 70 70.2 70.1 70.4 72.7 69.5 70.4 70.7 70.7 70.8 71.6 72.4 73.4 75.2 75.7 76.1 76.8 79 80.5 82.1 84 87.1 88.9 89.6 89.5 89.2 93 95.4 99.5 105.4 110.9 117.1 119.7 126.3 132.3 133.4 138.1 149.4 163.1 170.7 175.5 180.5 182.3 184.3 185.9 188.2 188.8 189.3 188.2 187.1 180.4 178.4 175.7 185.4 185.6 191.3 198.4 202.8 208.9 214.6 219.9 226.9 231.1 233.1
78.6 80.8 83.9 83.4 88.3 88.3 87 85 83.8 81.5 79.6 78.1 74.7 73.1 71.6 70.1 68 68.4 69.5 70 70.3 70.3 70.4 70.4 71.7 71.3 70.6 70.1 70.8 71.2 71.7 71.8 72.8 73.8 74.9 75.4 76.5 77.6 78.6 80 81.4 83.4 86.3 89.6 91.8 92.5 90.9 95.7 99.4 104.5 109.7 114.5 120.3 125.4 130.9 133.9 144 154.1 159.5 167.5 172.9 176 180.9 181.2 184 186.9 188.9 189.3 189 188.1 187.2 184.4 185.3 180 186.9 192.1 196.4 202.6 208.1 212.9 217.8 223.7 229.6 238.1 241.4
83.9 85.9 88 89.1 84.1 88.4 85 82 80.4 78.4 76.9 76.1 74.2 72 70.7 70 69.3 69.3 69.8 70.2 70.5 70.7 70.7 71.4 72.4 71.8 71.2 70.6 71 71.5 72.1 72.8 73.5 74.2 75.3 76.5 77.6 78.6 79.9 80.9 82.4 85.4 87.5 89.8 92.2 94.7 93.7 96.9 101 107.6 111.6 118.8 125.6 128.2 133.4 142.8 157.3 160.9 165 170.9 173.4 175.3 176.8 180.8 184.1 187.3 188.5 188.6 188.6 188.1 187.2 186.9 185.9 186.7 192.8 197.2 201.8 207 212.1 218.6 223.6 228.9 232.3 242.6 244.6
88.5 91.2 91.6 91 89.8 86 86.3 81.9 78 75.5 74.2 73.5 73.5 71.7 71.7 71 69.9 69.6 70.1 70.4 70.7 71 71.1 72.3 72.3 72.3 72 71.5 72 72.6 73.1 74.2 74.9 75.5 76.5 77.5 78.7 80.5 81.3 82 84.5 86.5 88.8 91 93.3 96.2 97 96.3 102.8 108.5 112.9 117.5 123.8 129.8 144.1 160.7 162.8 163.8 166.8 170.7 172.6 174.6 175.4 179 183.3 185.8 187.7 188.2 188.2 187.5 187.8 188 189 193.5 198.2 202.5 207.4 212.6 218.7 223.8 228.4 231.9 237 246.2 247.6
90.2 94.3 93 91.8 92.4 90.4 85.9 82.9 78.7 75.1 73.6 72.3 72.4 71.9 72.3 72 70.5 70.1 70.3 70.6 71 71.3 71.5 72.1 72.1 72.2 72.3 72.7 73.1 73.7 74.2 75.6 76.1 76.8 77.8 78.8 80.3 82.2 83.2 84.2 85.1 87.6 90 92.3 94.8 97.5 100.1 96 100.8 105.9 113.7 120.7 129.2 138.8 144.4 163.1 162.9 165.6 168.1 167.6 170.9 171.7 174.7 178.2 181.5 184.4 187.1 187.7 187.9 187.6 188.6 189.6 193 198.2 203.6 208.1 212.8 217.8 223.1 226.9 230.6 237.6 246 249.1 250.2
86.9 91.8 91.5 90.3 92.7 94.5 87.6 84 79.4 75.7 73.7 73 72.3 72.3 72.7 73 71.4 71 70.7 71.2 71.8 72.4 73.2 73.4 73.3 73.5 73.9 74.3 74.6 75 75.3 76.9 77.4 78.1 79.1 80.7 82.4 84 85 86.1 87.2 89.1 91.5 93.9 96.8 99.2 103.7 99.9 100.3 105.6 113.4 120 125 133.4 141.2 152.8 152.9 149.8 147.1 150.3 160.1 171.8 175.3 179.1 182.5 184.9 186.8 187.1 187.3 187.9 188.8 191.1 197.2 201.6 207.5 213.8 219.1 223.9 228.6 234.1 240.2 244.1 247.2 250.2 251.4
84.8 88.6 87.8 87.5 90.4 94 91.7 86.3 80 76.6 74.8 74.1 73.6 73.9 74.3 74 73.1 71.5 70.7 71.3 72.1 73 73.8 74.3 74.7 74.7 74.8 74.9 75.1 75.5 75.9 77 78.6 79.4 81.1 82.8 84.6 85.8 86.8 87.9 89.4 91.7 94.5 98 102.3 107.1 109.3 107.2 104.3 103.9 110.3 115.3 121.3 127.9 128.8 132 135 135.8 140.4 152 168.1 173.6 176.9 181.3 184.5 185.7 186.8 186.7 186.4 187.8 189.9 192.8 198.2 205 211.1 217.4 222.4 227.8 234.5 238.6 241.7 244.5 247.3 250.1 251.6
83.5 85.8 85.2 84.5 88.5 92.7 91.9 86.6 84.7 77.9 75.9 75.5 75.1 75.4 75.8 75.1 73.5 71.8 71 71.9 72.8 73.7 74.5 74.9 75.3 75.4 75.4 75.5 75.6 76 76.5 78 79.6 81.5 82.9 84.4 85.9 87.4 88.6 90.3 93.1 97 101.4 105.4 109.5 112.8 116.9 115.7 112.6 110.8 108 110.8 116.3 121.3 121.7 124.1 128.5 135.1 145.6 161.8 171 175.1 178.6 182.8 185.2 186.1 186.7 186.6 186.2 188.7 190.5 195 199.7 206.5 213.9 219.9 225.7 231.4 236.3 239.1 242 244.5 247.1 249.9 251.7
81.7 82.7 82.1 85.6 88.7 91.7 92 88 83.5 81.4 79.7 76.7 76.8 77.2 77 76 73.8 72.2 71.3 72.4 73.5 74.4 75.1 75.5 75.9 76.3 76.3 76.1 76.2 76.4 77.5 79.4 81.4 84 86.2 87.6 88.7 89.8 91.1 94.3 99.2 104.4 109.1 113.1 116.6 120.4 123.9 126.1 120.7 117.7 116.2 116.3 117.5 120 123.2 127.4 131.9 142.4 156.4 168.9 171.1 174.8 178.6 182.3 185.6 185.9 186.5 185.9 186 187.9 191.3 195.4 201.8 207.9 213.8 219.8 225.5 231 235.6 239.4 242 244.5 247.1 249.2 251.7
78.4 79 81.3 86.1 89.2 90.5 92.1 89.9 86 86.6 83.2 79.3 79.1 79.3 78.5 77 74.4 73.2 72.2 72.5 73.6 74.7 75.5 76 76.4 76.8 77.2 77.2 77.2 77.2 79.2 81.2 83.2 85.6 88.6 90.8 91.8 92.9 94.1 97.7 104.4 110.3 115 118.7 121.6 129.5 135.6 138.8 134.5 129.7 127 129.7 126.8 127.3 132.6 136.1 143.2 159 168 170.2 172.1 174.8 177.1 180 182.7 182.4 183.2 185 185.5 187.6 190.2 195.4 200.3 206.8 213 219 224.5 230.3 235 238.6 241.9 245.3 246.9 248.1 249.1
73.6 75.4 80.8 85.6 89.1 92 93.4 92.3 88.8 85.9 87.2 82.4 81.7 80.7 79.5 77.8 75.7 74.5 73.6 73.1 73.4 74.6 75.7 76.1 76.6 77 77.4 77.7 78.3 78.8 79.6 82.1 84.6 87.3 90.4 92.4 94.1 95.1 96.6 100.2 108.5 115 120.7 123.4 129.5 139.6 143.5 146.5 146.5 145.4 143.8 144.5 134 133.3 150 158.8 164 167.1 168.8 170.3 172.3 174.2 175.9 177 179 182.1 184.3 185.2 185.7 187.4 189 193.5 198.1 204.8 211.5 217.3 223 229.5 235.5 239.1 242 245 247 248.1 249.2
71.4 73.1 79 84.3 88.5 91.7 93.4 93.1 91.2 89.4 87 88.8 83.8 82.4 80.3 78.8 76.6 75 74.4 74.3 74.4 74.8 75.7 76.2 76.5 76.8 77.1 77.6 78.1 79 80.2 82.6 84.9 87.6 90.8 92.4 94.1 96.4 98.1 101.8 110.6 117.2 124 129.1 140.4 146.3 149.7 152.1 151.9 151.2 150.7 150.9 142.2 152.7 159.7 163.2 166.1 167.8 168.5 168.9 170.1 172.7 174.3 176.7 180.1 183.5 184.1 185.4 186.3 187.9 187.8 191.4 196 203.3 209.9 216.1 222 228.4 235.7 238.3 241.4 244.4 246.8 248.1 249.3
70.5 72.6 74.4 81.6 87.4 90.1 89.3 90.9 91.6 92.4 89.9 88.1 89.7 83.7 81.7 79.9 77.8 76.2 76 76.1 76.2 76.3 76.7 76.6 77 77.6 77.6 79 79.8 80.4 81.3 82.8 85.2 88.1 90.3 91.9 93.6 95.8 99.6 105.9 112.3 118.4 125.9 138.6 146.7 151.2 153.8 155.6 154.9 154.5 153.9 153.5 154.5 157.9 161.2 164.4 166.4 167.1 167.9 169.1 170.2 171.9 174.3 178.4 182.3 184 184.1 185.7 186.7 186.6 186.7 190.1 194.6 201.9 208 214.7 220.4 226.3 233.3 237.5 240.6 243.7 246.3 247.7 248
69.5 71.3 73.8 77.6 84.2 85.2 85.8 89.5 91.9 93.6 93 90.1 88.2 90.3 83.4 81.2 79.2 78 78 78.2 77.7 76.9 77.3 77.1 78.3 78.6 79.1 79.9 80.2 81.5 82.7 83.9 85.5 87.6 89.7 91.4 93.6 96 103.3 109.8 116.2 122.9 128.4 140.4 149 153 155.9 156.2 156.3 156.1 155.2 155.1 156.8 158.5 161.6 164.5 167 167.2 167.1 168.4 169.8 171.6 176.1 181.2 184.2 184.7 185.2 185.4 185.5 185.4 186.7 189.7 192.9 198.8 206.1 213.3 218.7 223.9 231.5 237.3 240.2 243.2 246 248.4 248.9
67.9 69.8 72.3 75.2 79.2 81.4 87 90.6 92.5 94.9 95.8 92.7 89 86.3 90.9 82.6 80.5 80.8 80.2 79.8 79.1 78.3 77.7 77.7 78.9 78 79.3 79.9 81 82.4 83.3 84.4 85.9 87.3 89.1 91.1 93.7 98 106 113.4 119.6 126.9 135.9 148.4 152 154.7 156.4 156.1 155.9 155.6 155.1 154.5 157.9 160 161.7 163.7 166.3 166.6 166.4 167.6 168.9 172.1 177.3 181.7 183.8 184.2 184 183.5 183.7 184.1 185.6 187.9 191.9 198.9 205.9 212.5 218.7 225 232.3 237 239.7 242.4 245.1 247.7 249.7
69.3 68.9 71.2 73.8 77.5 82.8 90.6 93.4 94.7 95.8 95.9 93.4 89.9 87.1 85.1 91.7 83.1 82.6 82 81.2 80.5 79.7 78.9 78.3 77.9 78.1 79 80.3 82 83.6 85.2 85.1 86.5 88 89.5 92.1 95.1 99.2 107.7 115.9 122.1 127.4 137.2 151.9 154.1 155.4 155.9 155.5 155 154 155 156.1 158.4 160.8 163.5 164.2 165.1 165.4 165.7 166.6 168.6 172.6 177.2 181.5 183 182.3 182.3 183.1 182.6 182.8 184.2 187 193.6 199.9 206.2 213.5 220.1 228 233.7 235.4 238.8 241.5 244.3 246.9 249.3
70.9 70.8 70.2 73.1 76.5 82 89.1 92 94.8 94.3 94 93.8 90.6 88.3 86.8 85.1 92.6 84.6 83.8 83.1 82.4 81.6 80.8 79.7 78.6 78.3 79.8 80.9 82.3 83.7 84.9 86.4 87 88.5 91.5 94.1 97.4 102.7 110.1 116.4 121.8 127.5 142.3 154.3 156.6 157.1 156.4 154.5 153.3 153.4 154.4 156.7 159.8 162.2 163.9 164.7 164.4 163.6 162.8 165.5 168.3 172.3 176.5 180.7 181.7 180.5 181 182.7 182 181.6 182.8 187 193.5 199.7 205.7 212.9 218.4 223.4 229.7 234.9 237.6 240.6 243.4 246.1 248.7
71.5 72.2 71.3 72.7 76 80 84.2 88.8 95.8 97.9 96.9 95.4 93.6 91.6 89.3 87.5 86.8 93.3 86.5 85 84.3 83.5 82.5 81.3 79.7 79.9 81.1 82.4 83.6 84.1 84.9 86.3 87.5 90.5 93.5 96 98.6 104.3 110.4 116.7 122.3 128.9 146.6 154.2 156.5 157.5 156.6 154.7 152.3 152.9 153.8 157 160.7 162.4 164.4 163.7 163.2 162.4 162.2 165.6 167.6 171.9 175.7 177.3 178.7 177.6 179.2 181.6 181.5 180.8 181.7 186.1 191.6 198.1 204.9 209.8 215.1 220.5 227.2 233 236 239.1 242.5 245.6 248.3
