UK/data/nh/nh37_OST50GRID_20230518/NH37.asc
ncols 200
nrows 200
xllcorner 230000
yllcorner 870000
cellsize 50
[rows 105 to 139 of 200, columns 78 to 155 of 200]
499.7 490.6 475.2 459 454.1 447.5 441 415.4 390.3 362.5 335 311.6 290.4 271.7 256.4 244.8 237.1 241.4 244.1 242.4 240.1 242.5 242.8 249.6 254.9 257.6 270 275.8 271.6 266.5 264.8 267.7 271 274.1 277.3 279.1 280.3 282.7 286.1 289.7 293.6 297.5 302.1 310 319.3 328.9 339.8 352.2 367.4 385.6 382.5 374.2 364.4 356.5 348.7 339.9 328.1 320.8 315.8 315.4 316.6 316.5 316.7 317.8 316 313.5 310.1 307.3 304.3 301 297.9 294.5 291.3 287.3 282.6 279 275.5 274.5
496.6 485.6 473.6 456 445.1 437.2 437.5 418 395.4 370.4 346 322.1 299.1 278.3 262.1 249.3 243 240.3 236.8 239 239.8 240.2 240.3 243.9 245.3 251.6 261.4 266.4 267.4 264.1 260.6 265 269.8 273.7 277.8 281.5 284.1 285.5 287.6 289.2 292.7 296.9 301.4 308.8 318.7 328 338.2 349.9 363 373.7 376.7 373 362.3 352.5 343.3 332.5 326.7 323.9 323.3 324.6 325.9 323.6 324.2 325.3 322.9 319.8 317.3 315.2 312.1 308.9 305.1 301.7 298.2 293.4 288.8 284 279.4 274.3
492.9 480.3 468.4 453.9 438.8 430 423.9 412.8 396.1 378 351.7 329.1 307.7 285.9 268.6 254.8 246.9 243 240.9 239.2 236.8 238.7 238.8 240.6 241.9 242.1 248.8 257.6 260.4 258.7 258.9 261.6 268.3 272.5 277.9 281.5 284.6 286.9 287.6 289.1 292.8 296 300.7 308.6 318.1 328.4 338 346.6 358.6 363.7 368.4 367.4 357.7 345.5 337.5 334.3 332.5 330.3 331.8 333.5 331.7 330.9 330 329.7 328.6 326.9 324.5 321.9 319 316.4 313.2 308.9 305.1 300.7 296 291 285.6 281
489.6 475.6 463 450 434.4 422.6 412.6 403 393.3 380.1 354.5 335.1 319.2 295.2 274.2 260.2 249.6 245.4 243.7 240 239 238.5 236.8 238.4 238 239.1 245.5 248.4 251.6 253.3 257.4 258.6 267 271.9 278.4 282.6 285.5 288.1 289.3 290.4 291.3 295.5 300.5 307.1 316.6 327.5 336.5 341.3 352.8 359.1 358.5 355.8 348.3 341.2 338.7 337.2 335.5 337.3 339 339.7 339.2 338.3 336.2 334.4 334.5 334.4 332.3 328.7 325.9 323.8 320.7 316.9 312.3 308 303.2 297.9 292.2 286.8
483.6 472.2 460.1 448.7 432.2 420.2 407.8 398 388.8 374.5 355 341.2 324.6 303.1 282.4 267.1 253.1 246.9 246.8 243.4 239.6 239.4 238.9 237 237.9 238.1 243.2 247.2 245.4 249.2 251.9 257.5 266 272.9 278.5 282.7 287.1 290.1 291.6 292 292.3 296.2 301.2 305.1 314.3 324.6 333.2 338.1 344 347.4 348.2 349.4 346.1 340.8 339.6 338.4 337.5 341.2 342.9 344.2 346.3 348.5 351 344.5 339.5 338.6 340.3 337.6 333.6 330 327.5 324.1 319.8 315.4 310.4 304.4 299.1 293.7
478.7 468 455.9 446.9 434 422.5 409.7 397.8 385.9 372.7 356.4 343.8 333.5 311.9 288.9 271.7 259.6 250.9 248.9 244.9 242 238.9 238 238.2 237.7 237.2 238.6 243 242.6 244.9 246.7 256.7 267.1 272.7 279.2 282.6 288.1 292.4 294.9 294.3 294.2 296.1 300.5 304.2 311.8 321.6 331.4 331.9 334.4 339.6 343.3 345.3 343.6 341 340.2 340.1 341.1 343.1 346 349.9 353 355 358.4 354.5 345.9 341.8 340 339.8 338.8 337.8 334.4 331 326.9 322.9 318 312 305.7 300.5
471.3 461.6 452.4 442.3 432.8 420.8 410.3 399 385 370.5 356.2 345.8 335 313.9 289.7 275.9 265.7 253.7 249.8 246.6 243.6 241.1 236.8 238 237.3 237.1 237.1 236.6 239.8 239.8 248.9 257.1 266.9 274.1 279.5 283.9 289.7 295.2 297.7 296.9 296.1 297.1 299.1 303.6 309.2 316.7 322.4 325.4 330.2 334.6 338.1 340 341.4 340.8 341.3 341.1 342.6 345.9 349.7 355.2 359.5 358.6 359.6 355.1 347.7 343.8 342.7 341.8 340.8 339.9 339 337.5 334.1 330.2 325.6 320 313.2 308.5
466.4 456.9 447.6 438.5 431.5 420.6 409.6 399.5 388.9 373.6 360 347.6 336.4 323.8 294 281 268 256.5 253.3 248.8 246.4 241.6 236.4 237.1 237.1 236.7 236.6 236.2 236.6 238.7 245.1 256.7 269.3 276.4 280.6 284.6 291.7 298.1 299.9 298.9 297.8 297.9 299.3 301.8 306 313.2 315.4 321.6 326.9 330.5 334.3 336.7 338.6 339.9 341.2 342.1 345.6 350 353.9 358.7 362.8 360.9 359.1 354 348.6 345 344.4 343.7 342.8 341.9 341.5 340.5 338.4 336.1 332.7 328.2 322.3 317.1
463.7 455.4 446.6 438.3 431.8 420.7 410.4 401.3 390.3 377 362.1 348.4 336.6 324.3 298.6 282.9 271.3 258.3 257.9 253.3 248.1 243.2 239.7 238.1 236.1 236.5 236.2 235 235.6 238 243.8 256.3 269.6 278.9 282.8 286.8 293.3 299 301.5 300.8 299.6 298.8 300.1 301.5 304.9 309.2 312.5 318.2 323.7 328.1 332.9 335.4 337.4 339.6 341.3 345.9 351.3 357 362.5 361.3 360.8 360.6 361 357.6 350.8 346.3 345.7 345.4 344.6 344.4 344.3 343.3 342.7 340.8 338.3 333.4 328.3 324.1
462.4 453.3 444.1 438.2 430.8 419.2 409.3 399.5 390.8 377.3 362.4 348.2 334.1 323.5 300.9 285.5 271.5 262.5 259.1 257.4 253.9 244.6 243.1 242.4 239.5 236.4 235.6 236.1 235.8 234.7 241.3 254.8 270.5 280 285.2 289.5 295.5 301.2 303.5 303.2 302 299.8 300.7 301.8 304.3 304.9 310.2 315.6 321.2 327.7 333 335.4 337.2 339.3 343.7 352 357.9 364.1 366.3 366.3 365.2 361.7 357.2 353.4 350.8 348.2 346.8 346.7 346.5 346.3 346.4 346.3 345.1 343.7 340.8 337.1 333.1 328.3
460.8 454.6 450.9 441.6 434.1 424.2 411.4 402 390.8 377 361.5 348.9 332.7 321.2 301 285.6 275.4 264.6 261.5 257 255.1 246.9 244.4 243.8 240.4 236.9 236 235.6 235.5 234.3 238.7 253.1 268.9 283.7 288.2 292.8 298.2 302.8 304.8 304.9 304.8 302 301 301.8 302.9 302.9 308.5 313.8 318.6 324.7 330.6 334.1 336.7 342.9 346.5 353.6 361.2 364.7 367.3 367.7 372.4 372.8 361.4 353.8 350.3 348.6 347.6 347.3 347.1 347.3 347.5 347.3 346.7 345.9 342.5 338.9 336 331.9
463.8 457.5 450.3 444.3 438.4 428 414.2 399.9 387.4 375.1 362 345.7 334.5 318.7 302.4 289 277.4 266.2 261 258.4 254.9 247.3 244.9 244.8 242.8 237.8 235.8 235.6 235.5 234.6 238.7 250.9 268.3 285.5 291.6 296.2 301.2 304.4 306 306.7 305.9 302.7 300.4 299.3 300.7 301.7 306.9 311.5 316.2 324.3 329 333.1 337.2 341.9 347.1 351.7 358.9 363.9 371.2 372.2 373.6 371.6 365.2 355.9 350.2 349.1 348.3 347.6 347.5 347.4 347.3 347.6 348 347.7 345.2 341.2 337.9 334
464.3 457.9 453.8 447.9 441.3 431.9 417.6 402.4 387.4 374.2 359.3 343.5 332.1 317.6 305 290.6 279.5 268.6 260.1 259.8 257.2 248.7 244.6 244 243.4 241.1 235.6 235.2 235 235.1 237.7 248.8 266.4 285.2 295.1 300 303.8 305.8 306.6 307.3 306.6 303.2 298.8 293.9 294.6 299.7 305.2 311.1 316 322.6 326.9 331.4 336.2 341.1 347 352.1 359.5 367.2 371.7 375.7 374.8 371.6 367.3 359.1 351 348.4 347.2 346.7 346.9 346.9 346.9 347.2 348.7 348.7 347.7 343.6 339.4 335.8
467.3 463 457.2 451.6 443.8 435.5 422.9 405.2 388.2 374 358.2 343.3 331.7 317.5 304.5 292 281 270.2 260.9 260.4 257.3 249.6 244 242.8 242.7 240.9 236.4 234.9 234.9 235 237 246.4 265 284.1 300.5 306.1 308.9 308.3 307 306.3 306 302.7 294.1 289.8 289.9 296.2 302.2 307.8 314.2 320.9 325.1 330.9 336.2 342 347.1 351.4 359.2 363.8 366.6 367.2 369.1 367 363.6 359.2 351.8 347.8 346.6 345.8 346.2 345.9 345.9 346.2 347.5 349.4 349.6 346 340.9 336.1
470.8 465.3 460.3 454.3 445.5 438.4 428.6 408.8 391.6 373.2 358.4 344.7 329.1 318 304.7 293.5 281.7 271.8 262 257.3 259.7 247.8 243.9 242.6 242.3 239.4 236.2 234.4 234.3 234.8 236.9 244.1 263.6 285.2 305.2 313 316.2 314.9 308.9 305.9 302.4 298 289.2 284.3 287.5 293.2 299.2 305.2 312.5 319.6 324.3 330.1 337.1 344.1 349.7 350.2 355 358.1 358.8 360.7 362.2 361.7 358.9 355.1 348.5 347.2 346 344.8 344.8 344.6 344.9 345.2 346.7 349.5 350 348.9 345.1 338.3
473.5 468.7 463.8 458 449.7 441.3 428.9 413 395.7 377.1 360.2 344.3 329.4 317.9 306.5 294.1 283 272.9 264.4 255.2 254 248.8 244.6 242.7 241.4 239.4 235.4 233.9 233.7 234.5 237 243.4 260.9 283.5 307.8 321.3 328.6 327.3 315.4 303.3 296.4 290.1 283.4 277.9 284.9 290.5 296.3 304.4 311.9 319.1 325.2 331.4 335.9 339.8 346 346.9 348.3 352.6 353.1 353 354.6 353.6 352.6 350 347.1 346.4 345.5 344.1 343.6 343.4 343.6 343.7 345.1 347.3 348.2 346.9 345.1 340.4
475.6 472.4 466.6 461.1 452.6 443.1 433.4 419.1 401.2 383.8 362.4 346.5 331.9 319.7 307.2 294.6 282.9 273.6 264.7 258.6 251.5 252.8 245.6 243.2 242.1 241.3 233 234.7 235.1 236.3 237.7 243.6 258.2 281.2 310.2 322.3 330.5 324.2 310.1 297.9 288.1 279.6 273.7 273.6 281.9 289 293.3 301 309 318.6 328.1 332.9 338.4 339.5 340.4 343.7 344.6 346.5 346.8 346.7 347.5 347.3 347.1 346.8 346.1 345.6 345.1 343.7 342.7 342.1 342.5 341.8 343.3 344.5 345.3 343.8 343.3 339
477.4 475.1 470.4 464.2 457.3 446.8 436.3 422.4 404.9 388.9 368 349.9 334.3 319.5 306.6 295.2 283.5 274.3 265.2 259.9 251 250.2 246.6 244 243.2 241.5 233.6 235.6 235.3 238.9 238.1 243.2 255.3 276.5 296.5 307.7 314.1 309.7 297.2 284.6 274.7 266.6 265.5 267.6 278.9 287.3 289.9 294.5 302 315.5 327.4 332.9 338.3 339.6 339.6 339.7 341.5 343.1 343.6 344 344.4 346.1 346.8 346.4 345.9 345.4 344.8 343.7 342 341.2 341.2 341 340.9 341.8 341.6 341.8 341.2 338.2
480.9 478.7 473.8 468 461.5 451 439.1 423.7 407.2 391 374 355.2 338.3 322.1 306.7 296.8 284.3 274 265.1 258.4 251.2 248.6 251.9 244.3 241.9 240.8 236.6 234.2 234.6 235.4 239 240.6 250.9 264.2 276.9 282.9 293 292.2 280.5 267.7 260.3 258.5 260.5 265.7 277.4 285.1 289 291.2 297.7 305.3 317.6 326.8 332 336.7 336.6 335.9 339.9 341.5 341.6 342.8 343.9 345.2 346.4 346.1 345.9 345.5 345.1 344.4 343.2 342.7 342.2 341.9 341.9 341 340.4 340.8 339.3 337.5
483.8 481.2 477.6 471.9 465 455.2 443.9 427.8 409.7 393.5 378 360.1 343.3 325.2 307.7 296.8 285.4 275 267.6 258.4 252 248.3 245.2 243.8 241.4 240.3 236.8 232.7 235.1 236.1 238.1 238.1 244.2 254 259.7 267.2 270.1 269.9 259.4 253.7 249.6 254.4 253.2 264.3 274 283.4 287.1 287.9 292.8 300.7 310 320.3 326.3 331.3 332.1 333.9 337.3 340.7 341.6 342.9 345 346 348 348 347.6 347.4 347.2 346.7 346.3 345.5 344.8 344.1 343.7 343.3 342.7 340.7 336.8 334.1
484.4 482.6 478.9 473.6 467 457.1 445.9 432 415 397.7 380.7 364.4 346.3 328.5 311.6 298.6 288.1 280.4 269.3 258.2 252.7 248.3 245.5 247.7 240.4 239.7 237.2 234.4 234.1 235.9 235.1 236.5 241.4 247.2 251.3 255.3 255.8 250.1 243.6 241 243.9 245.2 251.4 263.3 271.3 280.5 281.6 283.8 289.8 296.4 305.8 313.6 319.4 324.7 327.5 330.8 336.9 340.1 342 344.8 348.2 350.1 353 353.5 353.6 353.2 353.5 352.4 353.4 352.4 349.9 346.9 345.3 344 342.8 339.8 335.5 330.9
483.5 481.3 478.1 473.1 466.4 457.6 446.7 433.5 419.1 403 384.5 368.3 348.9 331.4 316.4 303.6 292.6 283.8 273.5 260.1 253.9 251.6 245.2 243.1 240.5 239.1 238.8 235.4 233.5 233.5 234.2 234.3 237.2 244 249.3 250.3 244.8 239.4 237.3 237.7 240 242.4 250 258 262.7 267.6 275.6 281.2 287.9 294.2 299.8 305.4 312.8 319.7 324.4 329.9 336.1 339.6 343.5 347.1 350.4 353.7 355.9 358.2 359.9 360.4 359.2 357.3 356.4 354.8 352.7 350.7 348.2 345.7 343 339.1 334.7 331.5
478.8 478.9 476 471.2 464.6 456.9 447.3 435.3 422.1 406.3 388.9 371.4 352.5 334.9 322 307.1 295.4 286.6 276.6 264.1 254.2 251 246.3 248.3 242.2 238.4 238.1 238.1 233.8 232.1 233.5 233 234.1 241.4 244.3 242.2 236.9 235.6 235 236.2 237.8 240.7 244.6 249.6 257.7 265.9 273.6 280.6 285.5 289 297 303.6 311 317.8 322.8 328.6 334.5 340.5 346.6 349.6 352.3 357.8 360.3 363.1 364.5 365.1 363.6 359.5 357.4 355.2 353.3 351.8 349.8 347.7 345.8 341.5 336.8 333.6
474 474.3 473 468.4 461.4 454.5 446.3 435.9 424.4 408.8 393.8 377.1 355.9 337.2 326 311.1 297.5 287.2 278.7 268.2 256.7 251 251.4 246.5 241.8 240.3 237.9 238.1 235.8 235.6 235.8 235.8 231.2 235.2 236.6 236.5 235.5 233.4 233.5 234.7 235.9 238.7 242.9 248.6 255.5 264 269.1 275 284.5 290.7 296.6 303.4 309.3 316.4 323 328.9 335.4 344.3 349.1 351.8 355.3 360.2 364.2 366.3 367.2 366.4 365.3 361.7 358 355.8 354.3 352.2 350.4 349 346.4 342.7 339.7 334.8
468 469.8 469.3 465.2 458.4 451.3 444.9 435.2 424.3 411 394.7 381.2 359.6 342.4 327.3 315.4 301.2 289.3 280.1 270.3 261.3 251.9 248.3 247.7 243.1 239.9 238.6 236.3 235 232.5 232.9 232.5 232.2 229.9 229.7 233.9 232.6 231 231.7 234.2 233.9 237 242.3 249.9 256.7 261.1 268.4 276.9 284.2 288.7 294.4 303.8 310.9 319 325.3 330.8 338.3 346.2 350 353.4 358.4 363.2 366.5 368.6 370.2 368.9 366.6 364.7 362.4 359.5 356.3 353.9 351.8 350.1 346.6 343.8 340.6 337.9
461.7 465.2 464.9 461.8 455.4 447.4 441.8 432.8 422 410.8 396.1 382 362.5 344.2 331.3 318.9 304.6 292.7 282.3 273.2 263.7 254.8 250.7 249.3 244.9 241.2 238.7 237 235.9 236.7 234.6 231.8 230.8 231.4 227 228.7 229.7 229.2 228.7 232.9 232.3 235.1 241.9 248.7 254.6 261 267.7 275.9 284 287.2 294.5 302.8 314.1 319.4 325.3 332.6 340.8 348.3 351.5 355.8 361.5 366.1 371.2 374.2 376.1 375 373.6 371.3 368.1 363.8 359.7 356.1 353.1 350.5 348.3 345.8 342.5 338.5
454.9 458.3 459.3 456.9 450.9 444.1 437.8 430.3 420.2 409.7 395.5 381.2 363.1 346.3 332.1 321.6 309.6 298.1 286.2 277.6 268.1 258.7 254 250.9 248.8 244.2 241.4 239.2 237.1 237.5 238.6 239.1 236.9 232.6 227.9 225.8 228.9 228.5 228.2 229.2 232.3 233.9 241 246.8 253.6 260.3 268.8 275.9 282.1 288.4 296.9 304.4 311.7 319.6 327.7 335.1 342.8 349.5 354.1 357.5 363.5 369.5 376.5 382.3 385.4 384.7 381.6 377 372.5 367.5 363.4 359.2 355.8 354.3 352.5 349.3 344.5 338.6
448 450.4 452.5 451.6 446.8 440.3 432.9 426.5 417.4 408.1 396.7 381.7 364.4 348.9 334.6 324.4 315.7 302.2 290.1 279.8 270.1 263 257.4 253.8 253.8 249.6 247.4 241.2 238 237.6 238 240.1 237.5 231.6 228.5 226.5 226.6 228.1 227.6 227.7 229.7 231.7 239.9 246.1 254.2 263.1 270 276.9 284 292.9 299.1 303.6 310.8 319.2 326.4 334.9 343.1 350.5 354.9 358.2 364.5 373.8 383.3 390.6 395.6 399.7 396.6 386.8 377.5 371.9 367 362.5 359.7 358 354.7 351.7 346.4 341.5
442.6 443 445.6 446.8 442.5 436.7 429.3 421.9 414.5 405.8 395.7 381 366.8 351.9 337 325.5 319.5 307.8 294.5 283.5 274.8 266.2 261.1 256.6 257.2 255 253.5 246.3 240.4 238.3 236.8 238.9 236.4 230.9 226.6 226.3 226.1 226.7 227 226.6 227.2 230.1 239 244.1 253.2 261.6 268.8 276 285.8 298.3 299.5 303.7 311.7 318.2 324.5 333.4 343 349.9 353.1 357 365.8 379.1 390.2 399.8 409.8 410.3 398.2 387.9 379.4 373.2 367.7 364.2 364.3 362.7 359.5 353.4 349.5 344.3
437.6 437.1 439.4 441.5 438 432.5 426.9 419 411.7 403.7 396.3 382.2 369.4 354.5 339.6 328.1 323 313.4 299.4 287 278.4 271 266.3 260.8 258.4 257.3 254.1 250.2 242.8 239.4 237.3 235.1 235.4 234.7 227.1 226.4 224.9 226.5 226.7 226.7 227.3 229.1 234.7 242.3 251.3 261.4 269.7 276.5 284.3 292.8 298.5 305.9 314 319.8 324.4 331.9 341.8 346.6 350.6 356.7 365.3 383.3 397.2 412.9 410.8 408.5 398.4 387.7 379.8 373.3 368.3 367.3 368.5 370.1 366.1 359.3 348.3 342.6
432.3 432.2 433.9 435 434.4 428.3 423.7 415.9 409.4 403 396.7 383.8 374.1 357.8 343.6 331 325.5 317.2 304.3 291.2 282.9 277.3 270.6 265.5 259.6 258 255.9 252.7 247.5 240.3 238.1 237.5 234.5 236.8 232 226.5 224.6 225.8 226.3 226.7 227.7 229.2 234.2 241.9 250.1 260.9 269.4 276.3 284.8 293.3 299.5 305.5 312.8 319.1 325.1 331.3 338.6 343.3 349.6 355.8 364.6 382.5 406.9 413.8 416.1 405.3 397.9 388 379.3 373.3 369.5 371.7 376.8 382.8 375.1 360.9 350.3 335.9
427.2 426.5 426.6 427.9 427.6 424.9 420 413.8 407.9 403 396.7 386.1 375.2 360.8 346.6 335.9 327.9 321.9 311.4 297.8 288.7 282.4 276.5 270.9 263.7 258.9 256.3 253.5 249.2 242 239.3 237.1 236.3 231.4 229.9 226.7 224.3 225.4 225.9 226.2 226.3 230.9 235 242.6 251.8 261.2 270.8 278 286.1 294.1 299.1 306.3 312.5 318.5 325.7 331.9 336 342.4 348.3 354.1 363.2 381.2 406 417.1 411.2 403 398.1 387.9 376.7 373.3 373.4 379.5 391.6 392.4 378.8 364.2 352.9 331.2
422.4 421.9 421.6 421.8 421.7 420 417.3 412.4 406.2 401.2 395.9 387.1 378.3 365 351.8 339.1 330.6 323.5 316.2 303.7 292.7 285.8 282 277.8 269.9 264.2 259.8 255.9 251.3 245 240.2 237.6 236.3 233.8 230.4 226.6 225.7 224.9 225.3 225.7 227.9 231.9 236.3 242.7 251.2 263.3 271 279.5 287.6 293.5 299.7 305.9 312.9 318.6 325.6 333.2 337.7 341.4 347.5 352.7 361.3 374.2 405.5 413.3 407.7 401.3 399.6 384.6 375.7 374.1 378.2 389.5 402.5 392.3 376.4 356.6 336.5 321
418.9 418 417.1 417 417.5 416.8 414.6 410.2 405.6 399.5 394.6 387.2 378.8 367.5 356.1 343.7 333.1 327.2 321.8 311.7 299.4 290.5 284.1 279.5 274.7 267.9 262.6 257.1 253.6 249.3 242.4 238.9 235.9 234.8 229.6 226.6 225.3 225.1 224.5 225.6 226 232.2 237.3 243.8 253.1 261.1 271.6 279.7 287.2 294.4 301.5 306.8 311.9 318.8 327.4 334.3 337.7 342.4 346.1 350.9 357.8 368 393.1 404.4 401.7 393.9 386.8 378.9 376.5 376.9 381.1 402.6 400.7 385.8 368.8 339.3 317 312.1
415.4 414.7 414 413.1 413.5 412.2 411.3 407.9 403.4 398.3 393.4 387.9 378.9 369.7 359.7 348 338.4 330.8 325.4 317 304 296.6 289.7 283.9 279 271.8 266.5 261.5 257.5 252.2 246.2 240 237.2 233.9 233 227.7 224.3 224.9 224.5 225 226.2 231.4 236.4 245.5 254.7 264.1 272.8 280.9 288.5 295.1 301.1 306.2 312.3 318.3 325.9 331.7 336.3 341.1 346.6 350.3 357 364 373.4 388.7 391.8 386.9 379.3 375.8 376.5 379.4 386.4 407.7 394.5 361.9 338.2 318.9 308.1 304.3
