WholeMapElevations/data/sh/sh28_OST50GRID_20230518/SH28.asc
ncols 200
nrows 200
xllcorner 220000
yllcorner 380000
cellsize 50
[rows 152 to 189 of 200, columns 86 to 171 of 200]
36.7 34.7 30.3 25.1 20.9 16 12.1 4.4 4.6 -1.7 -1.7 -1.7 -1.7 4.4 4.5 4.3 8.3 15 19.4 18.4 17.3 15.1 12.2 11.7 10.7 8.7 11.4 11.7 10 5.5 1.2 -0.5 -1.7 -1.7 -1.7 -1.7 -1.7 -1.7 -1.7 -1.7 -1.7 -1.7 -1.7 -1.7 -1.7 -1.7 -1.7 -1.7 -1.7 -1.7 -1.7 -1.7 -1.7 -1.7 -1.7 -1.7 -1.7 -1.7 -1.7 -1.7 -1.7 -1.7 -1.7 -1.7 -1.7 -1.7 -1.7 -1.7 -1.7 -1.7 -1.7 -1.7 -1.7 -1.7 -1.7 -1.7 -1.7 -1.7 -1.7 -1.7 -1.7 -1.7 -1.7 -1.7 -1.7 -1.7
35.8 34.1 29.8 26.9 18.5 14.2 10 4.5 3.3 -1.7 -1.7 -1.7 4.6 4.2 4.2 6 9.4 20.3 20.7 20.8 18.9 16.2 13.3 12.8 11.2 13 14.4 13.5 11.7 10.7 1.9 0.6 -0.6 -1.1 -1.7 -1.7 -1.7 -1.7 -1.7 -1.7 -1.7 -1.7 -1.7 -1.7 -1.7 -1.7 -1.7 -1.7 -1.7 -1.7 -1.7 -1.7 -1.7 -1.7 -1.7 -1.7 -1.7 -1.7 -1.7 -1.7 -1.7 -1.7 -1.7 -1.7 -1.7 -1.7 -1.7 -1.7 -1.7 -1.7 -1.7 -1.7 -1.7 -1.7 -1.7 -1.7 -1.7 -1.7 -1.7 -1.7 -1.7 -1.7 -1.7 -1.7 -1.7 -1.7
35.3 32.9 28.3 28.3 17.2 13 9.4 5.2 3.3 -1.7 -1.7 -1.7 4.1 4.6 4.7 12.7 21.1 23.2 22.9 22 20.6 17.3 16.4 14.8 14.2 13.9 15.8 14.3 12.5 11.1 9.1 1.7 0.8 0.4 -0.2 -1.2 -1.7 -1.7 -1.7 -1.7 -1.7 -1.7 -1.7 -1.7 -1.7 -1.7 -1.7 -1.7 -1.7 -1.7 -1.7 -1.7 -1.7 -1.7 -1.7 -1.7 -1.7 -1.7 -1.7 -1.7 -1.7 -1.7 -1.7 -1.7 -1.7 -1.7 -1.7 -1.7 -1.7 -1.7 -1.7 -1.7 -1.7 -1.7 -1.7 -1.7 -1.7 -1.7 -1.7 -1.7 -1.7 -1.7 -1.7 -1.7 -1.7 -1.7
34.1 28.5 25.3 19.8 16 13.5 10.7 5.9 3.4 -1.7 -1.7 4.6 4.3 4.2 17.9 24 23.4 23.4 23 22.7 21.3 18.2 16.9 15.4 17.6 17.6 16.7 15.3 13.2 11.2 9.5 7.4 4.5 7.1 0.6 -1.7 -1.7 -1.7 -1.7 -1.7 -1.7 -1.7 -1.7 -1.7 -1.7 -1.7 -1.7 -1.7 -1.7 -1.7 -1.7 -1.7 -1.7 -1.7 -1.7 -1.7 -1.7 -1.7 -1.7 -1.7 -1.7 -1.7 -1.7 -1.7 -1.7 -1.7 -1.7 -1.7 -1.7 -1.7 -1.7 -1.7 -1.7 -1.7 -1.7 -1.7 -1.7 -1.7 -1.7 -1.7 -1.7 -1.7 -1.7 -1.7 -1.7 -1.7
30.1 28.4 24.4 18 15.3 12 8.7 5.8 3.4 4.1 4.9 3.9 4.6 5.4 12.4 26.2 24.7 22.6 23.9 22.9 21.6 19.7 17.1 17.1 18.8 18.4 16.8 15.7 13.9 10.7 8.9 7 3 1.6 -0.1 -1.7 -1.7 -1.7 -1.7 -1.7 -1.7 -1.7 -1.7 -1.7 -1.7 -1.7 -1.7 -1.7 -1.7 -1.7 -1.7 -1.7 -1.7 -1.7 -1.7 -1.7 -1.7 -1.7 -1.7 -1.7 -1.7 -1.7 -1.7 -1.7 -1.7 -1.7 -1.7 -1.7 -1.7 -1.7 -1.7 -1.7 -1.7 -1.7 -1.7 -1.7 -1.7 -1.7 -1.7 -1.7 -1.7 -1.7 -1.7 -1.7 -1.7 -1.7
31.5 28.4 24 18.1 14.9 12.3 9 6.7 6.3 5.3 4 4.2 4.9 9.8 11.7 16.1 19.1 26.1 25.7 24.8 22.3 21.4 19.6 19.5 19.5 18.1 18.1 16.1 14.3 10.2 8.1 2.1 1.8 0.6 -0.5 -1.7 -1.7 -1.7 -1.7 -1.7 -1.7 -1.7 -1.7 -1.7 -1.7 -1.7 -1.7 -1.7 -1.7 -1.7 -1.7 -1.7 -1.7 -1.7 -1.7 -1.7 -1.7 -1.7 -1.7 -1.7 -1.7 -1.7 -1.7 -1.7 -1.7 -1.7 -1.7 -1.7 -1.7 -1.7 -1.7 -1.7 -1.7 -1.7 -1.7 -1.7 -1.7 -1.7 -1.7 -1.7 -1.7 -1.7 -1.7 -1.7 -1.7 -1.7
30.5 26.4 19.5 16.8 14 12.1 10.1 7.8 8.5 3 3.4 5.8 5.6 17 12.8 13.4 23.8 26.1 25.1 24.3 23 21.5 20.1 19.9 20.2 20.4 19.6 16.3 13.9 10.7 8.7 1.9 0.9 0.2 -0.6 -1.4 -1.7 -1.7 -1.7 -1.7 -1.7 -1.7 -1.7 -1.7 -1.7 -1.7 -1.7 -1.7 -1.7 -1.7 -1.7 -1.7 -1.7 -1.7 -1.7 -1.7 -1.7 -1.7 -1.7 -1.7 -1.7 -1.7 -1.7 -1.7 -1.7 -1.7 -1.7 -1.7 -1.7 -1.7 -1.7 -1.7 -1.7 -1.7 -1.7 -1.7 -1.7 -1.7 -1.7 -1.7 -1.7 -1.7 -1.7 -1.7 -1.7 -1.7
24.7 19.7 17.5 15.4 13.2 12.7 11.5 7.9 4.5 3.6 3.3 5.8 6.3 8.9 10.3 11.6 19.6 21.8 23.4 25 23.6 20.9 20.5 20.3 23.3 20.9 18.9 15.8 13.3 9.4 7 1.8 1 0.3 -0.5 -1.3 -1.7 -1.7 -1.7 -1.7 -1.7 -1.7 -1.7 -1.7 -1.7 -1.7 -1.7 -1.7 -1.7 -1.7 -1.7 -1.7 -1.7 -1.7 -1.7 -1.7 -1.7 -1.7 -1.7 -1.7 -1.7 -1.7 -1.7 -1.7 -1.7 -1.7 -1.7 -1.7 -1.7 -1.7 -1.7 -1.7 -1.7 -1.7 -1.7 -1.7 -1.7 -1.7 -1.7 -1.7 -1.7 -1.7 -1.7 -1.7 -1.7 -1.7
21.7 19.2 16.8 14.9 12.8 10.5 8.8 5.4 4.3 6.5 4.4 5.2 5.2 6.6 7.5 9.3 18.6 24.3 25.3 25 22.8 22.2 21.4 22.9 21.5 21.7 18.1 15.8 12.9 8.3 6 1.9 1.2 0.3 -0.5 -1.3 -1.7 -1.7 -1.7 -1.7 -1.7 -1.7 -1.7 -1.7 -1.7 -1.7 -1.7 -1.7 -1.7 -1.7 -1.7 -1.7 -1.7 -1.7 -1.7 -1.7 -1.7 -1.7 -1.7 -1.7 -1.7 -1.7 -1.7 -1.7 -1.7 -1.7 -1.7 -1.7 -1.7 -1.7 -1.7 -1.7 -1.7 -1.7 -1.7 -1.7 -1.7 -1.7 -1.7 -1.7 -1.7 -1.7 -1.7 -1.7 -1.7 -1.7
19.8 17.7 16.2 13.6 11.6 10.1 9.4 7.4 4.6 6.7 5.6 8.7 5.2 6 7 8.4 11.9 25.3 26.9 23.6 21.3 21.6 21.7 19.9 19.7 19.9 17 15 11.8 7.9 5.8 1.9 1.4 0.5 -0.2 -1.1 -1.7 -1.7 -1.7 -1.7 -1.7 -1.7 -1.7 -1.7 -1.7 -1.7 -1.7 -1.7 -1.7 -1.7 -1.7 -1.7 -1.7 -1.7 -1.7 -1.7 -1.7 -1.7 -1.7 -1.7 -1.7 -1.7 -1.7 -1.7 -1.7 -1.7 -1.7 -1.7 -1.7 -1.7 -1.7 -1.7 -1.7 -1.7 -1.7 -1.7 -1.7 -1.7 -1.7 -1.7 -1.7 -1.7 -1.7 -1.7 -1.7 -1.7
20.8 18.1 16.2 14.5 13 12.3 12.3 6.9 6.3 6.5 7.2 6.4 8.8 10.6 7.8 8.7 10.5 25.6 27.5 21.4 19.6 19.6 18.9 18.7 19 18.1 15.7 13.7 10.2 7.8 5.4 4.5 1.6 1 0.2 -0.5 -1.7 -1.7 -1.7 -1.7 -1.7 -1.7 -1.7 -1.7 -1.7 -1.7 -1.7 -1.7 -1.7 -1.7 6.5 2.7 4.7 -1.7 1.5 1.9 -1.7 -1.7 -1.7 -1.7 -1.7 -1.7 -1.7 -1.7 -1.7 -1.7 -1.7 -1.7 -1.7 -1.7 -1.7 -1.7 -1.7 -1.7 -1.7 -1.7 -1.7 -1.7 -1.7 -1.7 -1.7 -1.7 -1.7 -1.7 -1.7 -1.7
20.8 18 16.4 15.8 14.5 13.2 13.2 7.2 5.7 7.3 7.5 7.2 8.7 12.6 11.9 9.3 11.4 14.8 20.6 17.3 20.9 18.6 18.5 18.3 18 16.9 15.1 11.8 8.5 5.4 5.8 4.8 5.1 1.7 1 0.3 -0.5 -1 -1.2 -1.7 -1.7 -1.7 -1.7 -1.7 -1.7 -1.7 -1.7 -1.7 4.2 8.8 10 10.4 10 7.7 6.8 7.5 2.4 1.9 -1.7 -1.7 -1.7 -1.7 -1.7 -1.7 -1.7 -1.7 -1.7 -1.7 -1.7 -1.7 -1.7 -1.7 -1.7 -1.7 -1.7 -1.7 -1.7 -1.7 -1.7 -1.7 -1.7 -1.7 -1.7 -1.7 -1.7 -1.7
20.2 17.1 16.2 15.1 14.5 13.8 13.4 7.4 6.2 6.5 6.7 7.8 7.1 9.2 9.5 9.2 10.8 12.6 13.5 13.4 14.4 14.5 16.9 18.1 17.3 17 14.1 11.2 7.2 5.9 5.9 5.7 5.8 6.4 1.6 0.7 -0.1 -0.4 -0.6 -0.8 -0.9 -1.7 -1.7 -0.9 0.9 11.7 7.8 1.9 14.4 14.5 13.9 13.5 11.6 9.1 9.2 9.9 10 8.1 0.6 -1.7 -1.7 -1.7 -1.7 -1.7 -0.3 -1.7 -1.7 -1.7 -1.7 -1.7 -1.7 -1.7 -1.7 -1.7 -1.7 -1.7 -1.7 -1.7 -1.7 -1.7 -1.7 -1.7 -1.7 -1.7 -1.7 -1.7
19.3 17.2 16.1 15.6 15.4 14.2 12.3 9.7 6.8 6.4 6.8 7.8 7.8 8.9 9 9.1 9.2 10.4 12.7 13.7 13.9 15.2 17.9 18.5 17.2 17 14.5 10.9 7.3 6.1 5.7 6.6 8 6 1.9 1 0.4 0.1 0 -0.2 -0.2 -1.7 -1.7 -0.4 1.2 1.9 8.4 11.7 14.4 16.2 16.9 15.3 12 10.5 11.4 11.8 11.3 8.8 3.3 1.6 1 -1.7 -1.7 0.5 1.9 0.9 -1.7 -1.7 -1.7 -1.7 -1.7 -1.7 -1.7 -1.7 -1.7 -1.7 -1.7 -1.7 -1.7 -1.7 -1.7 -1.7 -1.7 -1.7 -1.7 -1.7
19.3 17.3 16.6 16.6 16.1 14.8 12.4 9.5 7.5 7.5 8 7.9 8 8.6 8.8 9.8 11.4 13.3 13.9 14.7 14.1 17 17.2 17.9 17.3 17 14.6 10.2 8.9 7.4 8.2 7.9 8.5 7 1.9 1.4 1 0.7 0.6 0.5 0.4 -1.6 -1.7 0 1.3 1.9 8.9 10.6 12.7 16.5 18.1 15.2 12.4 12.5 13.5 13.6 13.1 10.7 9.2 8 5.1 0.3 0.5 1.9 1.9 1.8 -0.9 -1.7 -1.7 -1.7 -1.7 -1.7 -1.7 -1.7 -1.7 -1.7 -1.7 -1.7 -1.7 -1.7 -1.7 -1.7 -1.7 -1.7 -1.7 -1.7
19.6 18.1 17.9 17.6 17.2 15.7 11.1 8.4 7.5 8.5 9.6 8.7 9.7 10.4 8.9 13.3 13.6 13.9 14.1 13.8 14.9 17.3 18.7 19.2 18.5 14.8 12.5 10.9 10.8 9.7 8.6 8.2 6.2 4.8 4.8 1.9 1.6 1.3 1.2 1.1 1.1 -1 -1.3 0.1 1.6 1.9 12.6 11.9 11.8 15.2 16.6 15.2 15.5 15.6 15.7 15.6 14.2 12.9 11 9.2 7.6 1.3 1.9 1.9 1.9 1.9 -0.2 -0.6 -0.8 -1 -1.2 -1.4 -1.7 -1.7 -1.7 -1.7 -1.7 -1.7 -1.7 -1.7 -1.7 -1.7 -1.7 -1.7 -1.7 -1.7
19.5 18.8 18.8 17.7 14.8 12.3 11.7 9.9 8.7 8.6 10.3 10.9 13.9 14.8 13.2 9.3 13.7 13.9 13.7 13.8 13.7 19.2 19.1 18.9 18 15.1 12.7 11.8 10.8 9.5 9.7 7.9 6 4.5 4.1 3.6 3.7 1.9 1.8 1.7 1.7 -0.4 -0.3 0.8 2.6 10.9 12.1 12.2 11.5 13.8 14.7 16.9 17.6 17.5 18 16.7 14.8 13.3 11.4 9.6 8.6 2.7 1.9 1.9 1.9 1.9 0.6 0.1 0.1 -0.1 -0.3 -0.8 -1.7 -1.7 -1.7 -1.7 -1.7 -1.7 -1.7 -1.7 -1.7 -1.7 -1.7 -1.7 -1.7 -1.7
19 20.3 19.8 17.5 14.4 15.2 16 14.1 13.2 8.9 9.3 17.9 17.9 17.2 15.7 10.4 9.6 13.9 14.1 13.5 13.8 17.1 18.8 18.7 18.9 17.2 11.5 11.5 9.9 8.4 8.2 8.3 6.9 5 3.2 3.7 4.3 3.7 4.1 4.2 4.5 4.4 4.5 5 7.6 9.8 10.6 11.1 12.3 13.9 14.4 17 18.9 18.5 18.3 17.6 15.3 13.5 11.3 9.7 8.1 1.9 1.9 1.9 1.9 1.9 1.4 0.9 1 0.8 0.3 -0.6 -1.7 -1.7 -1.7 -1.7 -1.7 -1.7 -1.7 -1.7 -1.7 -1.7 -1.7 -1.7 -1.7 -1.7
18.5 20 19.8 16.2 16.3 15.2 11.2 10.1 10.1 16.8 21.1 20.1 18.8 18.3 15.2 15.2 9.1 11.3 16 16.6 14.2 13.8 16.6 13.8 14.5 14.4 12.7 11 10.8 10.7 10.2 8.2 6.6 5.1 4.7 4.6 4.9 4.5 4.5 4.7 5 5 5.7 6 7.1 8.6 9.9 11.2 13.3 14.3 15.1 16.9 18.7 18.7 18.4 17.2 15.8 13.9 11.6 9.8 8 7.1 1.9 1.9 1.9 1.9 1.9 1.7 1.9 1.5 0.7 -0.4 -1.7 -1.7 -1.7 -1.7 -1.7 -1.7 -1.7 -1.7 -1.7 -1.7 -1.7 -1.7 -1.7 -1.7
17.7 19 16.8 14.7 13.1 11.5 12.9 23.7 25.4 22 21.2 20.3 18.7 16.1 15.4 15.5 15.5 10.6 14 16.7 16.2 13.5 13.8 14.5 15.5 10.8 10.4 11.1 11.8 12.9 12.4 11.3 11.9 5.8 4.1 5.5 3.2 3.3 2.8 3.4 2.8 4 8 12.4 12.9 12.7 11.5 10.1 11.4 15.3 16.1 18.3 17.7 18 17.6 16.8 14.8 13 11.2 10 8.3 6 2.1 1.9 1.9 1.9 3 13.6 3.3 2.6 0.8 -0.6 -1.7 -1.7 -1.7 -1.7 -1.7 -1.7 -1.7 -1.7 -1.7 -1.7 -1.7 -1.7 -1.7 -1.6
18 16.7 14.2 12.7 13.1 20 27.5 23.8 22.1 21.1 19 17.1 16.2 15.8 16.3 15.8 15.8 12.9 11.1 13.6 15.2 13.7 13.4 15.9 13.4 13.6 13.6 14.1 13.1 13 11.8 11.3 9.8 6.6 6.2 6.1 7 3.4 2.8 2.6 2.6 4 9.4 13.7 11.1 9 8.9 8.9 13.4 12.2 15.9 18.4 17.9 16.9 16.3 15 12.7 12.3 10.6 9.6 9.3 7.2 6.7 5.8 7.4 9.3 11.2 15.4 19.1 4.2 1.8 -1.7 -1.7 -1.7 -1.7 -1.7 -1.7 -1.7 -1.7 -1.7 -1.7 -1.7 -1.7 -1.7 -1.7 -1.6
17.7 16.6 12.5 11.9 19.9 28.9 29.7 28.5 21.7 17.1 17.8 18.2 16.1 15.2 15.1 15.4 16.3 17.4 12.4 17 12.8 14.6 17.5 14.9 13.7 14.2 14.2 14.1 13.5 11.2 10.9 10.7 7 6.4 6.3 5 4.6 2.6 3.2 2.8 2.7 5 8.7 9.9 8.3 8.5 8.9 8.7 11 16.3 14.8 14.6 16.6 15.4 14.9 14.9 13.1 11.7 12 11.2 9.9 8.6 6.5 7 8.5 8.9 11.7 15 12.7 2 1.4 -1.7 -1.7 -1.7 -1.7 -1.7 -1.7 -1.7 -1.7 -1.7 -1.7 -1.7 -1.7 -1.7 -1.7 -1.6
16.9 14.6 11.8 13.3 18.5 27.6 29.3 26.4 17.7 19.8 21.1 19.7 16.2 15.8 15.2 15.9 16.5 16.5 16.7 11.3 18.8 11.9 13.9 13.5 14.1 13.4 14.1 14.9 12.5 10.9 11.6 9.8 7.5 7.5 7.7 5 3.8 2.8 3.5 3 8.3 7.4 8.1 8.1 8 9.3 8.8 9.1 9.5 14.7 15.9 13.6 13.8 14.2 13.8 13.6 12.8 12 12.5 12.7 11 9.4 8 7 6.9 7.4 9.6 10.4 1.6 0.7 -1.7 -1.7 -1.7 -1.7 -1.7 -1.7 -1.7 -1.7 -1.7 -1.7 -1.7 -1.7 -1.7 -1.7 -1.7 -1.5
15.7 14.1 13.2 12.5 20 23 23.2 19.7 21.8 25 21.8 18.8 17.8 17.5 17.7 17.4 17.1 17 16 19.3 11.2 18.8 11.7 13.5 14.2 14.2 14.2 12 13.2 10.7 10.1 9.1 8.9 10.1 10.2 7 4.2 4.7 4.9 8.3 8.1 7.8 8 8.1 8.1 8.8 9.3 9.3 9.2 8.9 12.9 12.8 12.6 12 12.3 12.8 14.4 13.7 13.6 13.1 12.2 11.6 9.7 6.6 4.8 6.1 2.9 1.6 0.8 -0.4 -1.7 -1.7 -1.7 -1.7 -1.7 -1.7 -1.7 -1.7 -1.7 -1.7 -1.7 -1.7 -1.7 -1.7 -1.7 -1.5
16.3 16.3 15.1 13.3 12.6 14.7 20.7 28.3 28.3 26.1 24.8 22.1 19.9 19.8 18.4 17.4 17.2 18.1 15.9 19.1 17.9 11.8 16.7 12.3 14.2 14 13.8 11.7 11.1 11.2 11.9 11.6 10.2 10.9 9.8 8 5.1 6.9 8 7.9 7.8 8.4 8.1 8.2 8.3 8.1 8.4 9.3 8.4 9.5 9 11.6 11.4 12.7 11.2 12.8 14.4 15.1 15.1 14.3 12.2 10.4 8.1 5.4 4.9 3.5 1.6 0.8 0.1 -1.7 -1.7 -1.7 -1.7 -1.7 -1.7 -1.7 -1.7 -1.7 -1.7 -1.7 -1.7 -1.7 -1.7 -1.7 -1.7 -1.4
17.9 18 16.6 12.7 11.6 14.1 27 27.6 26.2 23.6 24.6 21.7 21.1 18.6 17.9 17.3 16.7 14 17.4 13.5 16.7 18.4 11.7 13.7 13.2 12.6 13.1 12.2 10.9 10.5 13.4 13.6 12.4 10.7 8.4 7.8 8.1 8.3 8.2 8.1 7.6 8 8.5 8.4 8.5 8.4 8.4 8.6 8.4 8.4 8.4 9.3 13.4 12.4 12.4 12.9 13.9 15.1 14.4 13.7 11.3 9.1 6.3 3.7 3.2 4 1.4 0.4 -0.5 -1.7 -1.7 -1.7 -1.7 -1.7 -1.7 -1.7 -1.7 -1.7 -1.7 -1.7 -1.7 -1.7 -1.7 -1.7 -1.7 -1.4
20 19.3 17.9 13.7 12.2 14.6 18.9 19.9 18.1 20.3 23.8 24 20.6 17.3 18.8 14.8 15.4 14.3 14.1 14 12.8 12.9 13.2 11.5 11.2 13.2 11.5 11.8 11.7 13.3 14.9 15.3 13.6 10.2 8.4 8.8 8.3 7.7 8.4 8.3 8 8.2 8.3 8.2 8.4 8.5 8.6 8.5 8.3 8.4 8.3 9.3 12.4 11.5 10.6 13.4 13.4 13.8 13.7 13 10.6 9.4 5.9 3.3 3.8 3.6 1.5 0.5 -0.5 -1.7 -1.7 -1.7 -1.7 -1.7 -1.7 -1.7 -1.7 -1.7 -1.7 -1.7 -1.7 -1.7 -1.7 -1.7 -1.7 -1.3
21 19.8 18.8 15.5 12.4 17.3 18.6 16.3 14.8 18 23.3 20.4 17.4 14.3 14.7 14.4 14.9 14.9 14.4 13.3 13 13.5 12.6 11.9 12.4 9.9 10.2 10.8 10.9 16.1 16.1 14.9 12 8.8 8.3 7.8 7.8 7.9 8.2 8 8.3 8.6 8.4 8.1 8.2 8.3 8.4 8 8.5 8.5 8.2 8.7 10.9 11.7 11.4 12 13.3 13.6 12.5 11.7 11.5 10.4 4.6 3.6 3.4 4.7 1.4 0.3 -0.8 -1.7 -1.7 -1.7 -1.7 -1.7 -1.7 -1.7 -1.7 -1.7 -1.7 -1.7 -1.7 -1.7 -1.7 -1.7 -1.6 -1.3
22.4 21.8 21.7 21.5 13 13.5 17.8 16.2 14.3 14.6 14.6 14.2 13.3 13.7 15.3 16.2 14.7 13.9 14 13 12.5 13.2 12.5 10.6 11.5 11 9.1 8.7 10.7 11.5 14.4 13.8 12 8.4 9.5 8 9.1 8.1 8.5 8.3 8.7 8.4 8.3 8.2 8.3 8.3 8.4 8.2 8.2 8.3 8.4 8.9 9.1 11.3 11 9.5 13.8 13.8 11.2 9.5 9.4 6.6 4.3 3.5 3.4 3.2 1.3 0.3 -0.9 -1.7 -1.7 -1.7 -1.7 -1.7 -1.7 -1.7 -1.7 -1.7 -1.7 -1.7 -1.7 -1.7 -1.7 -1.7 -1.7 -1.5
23.1 25.2 20.8 14.8 12 12.3 16.4 16.4 14 13.9 13.5 13.7 13.9 15.7 19.4 18 16.6 14.4 13.6 12.8 12 11.4 10.6 9.8 10.6 9.8 8.7 8.2 7.9 8.5 11 12.3 9.1 9.5 9.4 9.2 9.5 8.8 8.2 8.3 8.2 7.8 8.2 8.2 8.3 8.3 8.5 8.5 8.3 7.9 8.2 8.8 7.9 9.8 10.8 10.8 11 9.5 7.7 8 6.9 5.1 3.7 3 3.3 1.9 1.2 0.1 -1.1 -1.7 -1.7 -1.7 -1.7 -1.7 -1.7 -1.7 -1.7 -1.7 -1.7 -1.7 -1.7 -1.7 -1.7 -1.7 -1.7 -1.7
24.6 26 18.8 12.4 11.8 12 13.1 13.3 14.4 14.2 13.6 14.8 16 21.2 21.8 18.8 18.5 15.8 13.2 14.2 11.4 10.9 10.1 10.2 11.4 9.8 9.5 9 6.8 7 6.9 7.3 9 8.9 9.1 9.5 9.2 8.2 8 8.3 8.4 8.4 8 8.1 8.3 8.4 8.6 8.7 8.7 8.4 8.3 8.7 8.2 9.5 10.3 10.5 8.6 7.8 6.7 7.9 6.1 4.6 3.2 3.6 4.4 1.9 1.1 0.2 -0.9 -1.7 -1.7 -1.7 -1.7 -1.7 -1.7 -1.7 -1.7 -1.7 -1.7 -1.7 -1.7 -1.7 -1.7 -1.7 -1.7 -1.7
25.9 23.6 14.9 12.8 12 11.9 13.5 14.2 14.5 14.2 14.6 16.5 21.2 24.1 18.1 17.4 16.4 14.2 14.3 14.9 12.3 10.2 10.1 9.8 10.3 10.2 10.5 9.4 5.3 6.6 5.8 4.4 7 7.2 9.6 9.6 8.4 8 7.9 8 8 7.9 8.8 8 8.5 8.4 8.2 8.1 8.8 8.7 8.2 8.1 7.9 8.9 9.7 11 11.3 7.7 7.9 6.9 5.4 3.7 5 5.6 5.1 1.7 0.8 -0.1 -1.1 -1.7 -1.7 -1.7 -1.7 -1.7 -1.7 -1.7 -1.7 -1.7 -1.7 -1.7 -1.7 -1.7 -1.7 -1.7 -1.7 -1.7
20.7 16 12.8 12.8 13.2 14.8 14 14.4 14.6 15 17.7 19.4 21.3 19.8 15.6 15.3 14 14 16.5 14.7 12.8 9.4 10.8 10.7 7.7 10.1 11.1 9 6.8 7.5 8.4 7 4.5 4.2 7.5 7.1 9.2 8.6 8.7 8.2 8 7.8 8.4 8.8 8.8 8.8 8.3 8.1 7.8 8.3 8.4 8 8.3 8 9.2 8.7 11.2 10.3 7.2 6.1 5.4 6.8 6.2 6.8 5.2 1.8 0.8 -0.2 -1.1 -1.7 -1.7 -1.7 -1.7 -1.7 -1.7 -1.7 -1.7 -1.7 -1.7 -1.7 -1.7 -1.7 -1.7 -1.7 -1.7 -1.7
15.3 14.1 12.6 12.6 13.9 15.1 15 15.8 15.3 18.1 20 20 19.2 17.1 15.7 14.7 14.1 13 14.5 10.7 10.7 10.2 10.6 9.6 8.4 8.1 10.8 11.5 12.2 11.2 11.4 10 6.7 6.1 7 10.8 8.2 8.2 8.9 9.2 7.9 7.8 8.1 8.2 8.5 8.9 8.3 8 7.8 8.2 8.5 8.2 8.1 8 9.2 8.4 8.4 11.5 5.7 5.8 6.1 7.2 7.5 7.3 4.5 1.4 0.6 -0.2 -0.6 -1 -1.7 -1.7 -1.7 -1.7 -1.7 -1.7 -1.7 -1.7 -1.7 -1.7 -1.7 -1.7 -1.7 -1.7 -1.7 -1.7
15.6 14 14.4 14 14.6 15.8 16.8 16.7 18.7 20.5 21.5 20.5 19.4 18.5 17.7 16.2 14.3 11.2 10.8 9.1 10.4 10.2 9.9 8 8.4 8 10.2 13.2 15.8 16.2 15.6 11.5 8.8 9.3 8.1 8.1 8 7.2 7.8 8.5 10.2 13.6 9.3 8.9 8.4 8.5 7.9 8 7.7 7.6 8 8.1 8.2 9.4 9.5 9.3 8.6 8.4 9.8 5.9 5.6 6.8 9.3 4.8 2.7 1.4 0.7 0.3 -0.2 -0.8 -1.3 -1.7 -1.7 -1.7 -1.7 -1.7 -1.7 -1.7 -1.7 -1.7 -1.7 -1.7 -1.7 -1.7 -1.7 -1.7
18.1 17.6 16.9 16.3 15.8 16.6 17.4 18.6 20.2 21.9 21.2 23.5 23.4 21.5 18 16.2 13.4 8.9 8.8 8.4 8.7 8.6 8.2 8.2 9.3 13 14.6 17.1 15.7 16.1 15.9 15.1 12.5 9.5 8 6.8 6.6 6.1 6.9 11.3 14 10.6 9.4 10.1 12.1 9.2 9.2 7.7 7.6 7.3 7.8 7.7 8.7 8.9 9.2 9.5 8.1 8.3 7.2 5.5 5.9 6 5.2 3.9 2.4 1.5 1 0.4 -0.1 -0.6 -1.1 -1.5 -1.7 -1.7 -1.7 -1.7 -1.7 -1.7 -1.7 -1.7 -1.7 -1.7 -1.7 -1.7 -1.7 -1.7
19 18.2 17.9 17.4 17.3 17.4 18.4 20.2 21.9 21.7 22.1 24.2 26.2 21 17.9 14.3 11.3 9.2 9.2 8.3 8.5 8.2 8.2 14.1 22.2 23.4 22.2 17.8 16.5 16.4 18.2 18.4 14.3 10.4 7.9 6.9 6.4 7.2 10.3 14.6 13.2 12.6 14.7 14 12.4 10.7 9.5 9.4 9.2 8.5 8 8.3 8.1 8.7 9.4 10.6 9.1 8.5 8.7 9.1 4.7 3.9 4 3.1 3.8 1.7 1.1 0.5 0 -0.4 -0.9 -1.3 -1.7 -1.7 -1.7 -1.7 -1.7 -1.7 -1.7 -1.7 -1.7 -1.7 -1.7 -1.7 -1.7 -1.7
21.2 19.7 18.3 17.8 17.4 18.5 19.9 21.7 21.6 22.2 24.7 24.7 18.3 15.6 12.8 11.5 10.5 9.5 9.4 11 10.4 14.9 17.7 18.6 18.9 20.7 19.4 16.6 16.7 18.2 17.5 16.9 15 12.2 9.2 8.6 7.1 7.1 9.7 13.8 15.1 10.5 9.8 9.4 11.2 9.6 8.7 8.5 8.7 9.2 8.8 8.4 8.6 9.1 8.7 9.1 10.8 9.9 10.3 9.9 6.7 4.5 4.2 3.5 3.8 1.8 1.2 0.6 0.2 -0.2 -0.7 -1.1 -1.5 -1.7 -1.7 -1.7 -1.7 -1.7 -1.7 -1.7 -1.7 -1.7 -1.7 -1.7 -1.7 -1.7
