UK/data/so/so11_OST50GRID_20230518/SO11.asc
ncols 200
nrows 200
xllcorner 310000
yllcorner 210000
cellsize 50
[rows 105 to 139 of 200, columns 0 to 77 of 200]
522.9 525.6 528.4 525.8 523.6 520 523.6 528.6 529.1 527.7 524.3 516.6 507.5 495.1 484.9 475.8 470.5 464.5 457.2 448.9 446.5 444.9 442.8 440.8 441.6 442.5 445.7 448.9 453.8 459.6 466 472 477.7 482.8 492.1 500.6 509.4 517.5 523.8 528.1 533.9 534.7 541.5 544.6 545.9 546 545.4 545.4 541.9 540.6 541 543.1 544.3 546 544.5 541.9 542.3 542.6 542 541.2 539.4 538.5 538.2 536.8 537.7 539.9 539.1 538 539.2 537.5 532.4 527.6 524.5 521.5 519.8 517.9 516.2 512.7
526.5 528.3 531.1 530.5 532.1 530.3 528.3 531 536.1 534.3 531.1 525.2 515.7 505.3 493.2 484.4 477.3 471.2 460.7 452.4 445.3 444.1 442.1 439.9 438.7 439.7 442.9 446.9 451.7 457.7 463.3 468.9 474.9 480.4 490.9 499.6 507.1 514.8 522.5 528.7 533.8 536.5 541.2 543.2 545.1 544.9 544.6 544.2 540.9 538.1 538.8 540.4 542.6 542.5 540.4 539.9 539.8 539.8 540.1 538.9 538.1 537.1 538.3 538.5 535.2 535.4 536 535.8 535.6 535.2 531.7 528.6 525.6 522.6 520.9 518.2 516.6 514.6
528.6 529.2 530.6 532 535.8 536 531.8 531.6 535 536.9 533.9 530.6 522.9 513.1 500.7 491.4 484.5 475.6 465.6 457 448.1 443 441.3 439.1 437.3 436.8 439.7 444.8 450.9 456.7 462.7 467.6 471.5 478.2 486.9 496.6 503.8 514.4 522.6 528.2 533.7 537.7 539.5 541.2 543 543.5 543.1 541.7 540.6 538.9 538.7 539.4 540.4 541.4 537.6 538.4 539.7 539.6 539.3 536.1 537.4 530.6 536.2 535.9 533.9 533.8 533.5 532.5 532.9 533.1 530.7 529.1 527 523.9 519.7 518.1 517.1 516.4
529 528.6 530.5 533.3 536.5 537.5 535.9 533.3 532.5 534.8 534 531.9 527.4 518.1 509.2 499.4 490.2 479.5 468.6 459.8 452.4 444 442 440.7 439.9 435 437.9 442.7 448.5 454.7 460.1 463.5 469.3 477 484.9 493 505.2 514.7 522.8 530.4 532.5 538.3 534.1 540.5 542.2 541.5 541.3 540.9 539.6 538.5 535.6 537.9 539 539.1 537.8 536.7 537.4 539 539.2 537.2 536.1 534.4 533.5 533.3 532.7 531.8 529.4 527.7 530.2 530.8 528.3 527.5 527.5 523.6 513.9 518.6 517.2 517.1
529.5 531.9 537.7 536.2 537.7 542.5 541.1 538.2 534 533.2 533 531.4 527.9 520.3 515.8 507.2 494.8 482.7 471.1 462.9 455.6 446.6 443.3 441.3 438.2 435 435.8 439.7 445.4 450.6 454.9 459.1 466.6 474 482.1 492.6 504.3 514.2 521.5 528.8 534 537.4 539.9 540.5 540.7 541.2 539.2 538.6 537.2 537.2 536.9 537.2 538.4 535.3 533.6 532.3 532.3 532.4 534.2 531.3 531.3 531.5 532.1 532.1 531.9 530.3 528.4 527.8 526.7 525.6 524.9 525 525.2 523.5 518.8 520.3 517.9 515.9
531.6 535.5 539.5 539.5 540.2 543.7 542.9 541.3 537.1 533.4 533.2 532 527.3 522.8 516.7 509.8 498.4 485.5 472.5 465.8 458.1 450.9 444 440.2 437 433.8 433.2 437.4 440.7 444.5 450.1 455.6 462.8 471.8 480.5 493.7 504.6 513.5 520.9 529 534.3 537.4 539.4 540 538.8 539.9 539.5 537.3 535.8 535.6 535.9 536.1 536.4 533.2 530.9 529.7 528.6 528.6 528.9 527.7 527.6 528.4 532 533.2 533.2 531.2 525 525.4 525.3 523.2 522.2 523.8 522.6 521.9 520.7 519.8 519.1 517.5
534 537 539.6 540.6 543.3 545.7 547.2 543.6 540.1 540.2 533.3 530.9 528.4 524.2 519.3 511.2 501.4 489.7 478.5 471.3 463.3 454.7 445.7 441.2 435.9 432.5 431.5 435 436.6 440.4 445.1 452.7 462.3 471.6 484.2 495.6 504.7 513.8 521.8 529 533 535.2 538.8 539.6 539.5 538.8 538.5 536.6 532.6 533.2 533.3 533.1 534 531.5 529 527.6 526.8 526.5 526.4 524.1 524 526 529.8 531.7 531.1 531.4 526 523.5 523.6 522.7 522.5 522 518.6 519.5 519.4 518.3 518.2 516.6
535.8 537.2 540 541.2 545.6 548.6 549.3 545.5 541.7 541.4 537.4 529.2 527.9 524.1 519.7 515.2 505.5 494.3 485.2 475.3 467.7 457.8 447 439.9 435.2 431.3 430.1 432.1 434.3 436.9 441.9 452.9 459.7 469.6 488.4 498.1 506.3 514.1 522.5 528 531.6 533.9 538.1 539 538.4 538 535.9 533.9 530 529 528.8 529.8 531 529.8 527 525.3 524.7 524.9 525.1 524.4 524.6 526.2 527.3 527.7 528.3 529.8 528.2 523.2 521.8 521.2 521.2 520.5 519.3 516.6 516.4 516.2 516.1 515.7
537.2 537.8 538.9 541.2 544.2 548.3 549.6 547 542.3 540.2 536.2 530.1 527.8 525.6 521.9 518.3 510.6 500.3 489.6 477.9 469.9 460.2 449.7 440.2 436.9 432.8 429.4 430.4 431.1 434.9 440.5 450.3 456.3 469.8 483.3 492.5 508.4 514.5 522.3 528.6 532.8 536 537.8 538.2 537.3 536.5 533.7 531.7 529.5 527 525.3 527.3 527.6 526.3 525.2 522.9 523.4 523.5 523.8 524.4 524.6 525.1 526.2 526.1 525.1 526 526.4 524 520.9 519.2 519.1 518.5 518.2 513.2 511.7 513.1 511.7 512.5
535.6 536.4 537.1 540 542.5 545.4 546.8 546 544.5 542.2 537.8 532.5 529.7 527.2 522.9 518.9 513 503.2 493.9 480.9 469.7 461.5 452.5 443 438.1 434.7 429.5 429 430.1 432.1 438.5 446.8 455.3 475.6 478.8 502.1 508.6 514.7 521.6 528.7 533.1 535.9 537.8 536.9 535.3 531.1 530.6 528.2 526.9 525.1 524.2 523.7 524 523.3 523.1 522.7 522.3 522.1 522 522 523.1 523.8 524.7 524.9 523.2 523.8 525.6 522.7 519.6 516.3 515.8 515.9 515.9 513.6 508.3 510.6 509.3 510
534 535.4 535.1 538.5 541.3 544 546.3 547.1 547.5 546.1 541.3 538.8 532.3 527.8 523.9 519.7 512.8 504.6 497.5 483.9 469.9 463.5 455.5 446.7 438.6 435.2 430.8 427.7 428.4 430.4 437.4 445.6 455.9 480.8 472 501.2 507.9 515.1 520.3 527.3 531.8 534.6 535.7 535.7 532.3 528.7 528.7 526.5 524.2 522.5 521 520.1 521.3 520.9 520.1 519.5 519.1 518.9 519.4 519.1 519 522 523 523 520.6 521.8 523.1 520.6 518.3 515.1 513 512.9 512.8 511 508.6 508.2 506.4 507.7
536.2 536.6 538.4 538.8 541 543.9 548.1 551 551.8 550 546.2 541.6 535.8 530.9 528.8 522.3 513 504.1 497.8 486.1 475.2 466.2 457.9 448.6 440.7 434.1 430.8 428 426.7 429 435 443.1 459.1 475.1 474.7 478.2 507.6 514.6 519.7 525 529.7 533 533.5 532.6 530.9 529.2 526.8 523.4 522 520.4 518.9 517.4 518.2 517.2 516.2 516.4 516 514.2 515.9 516.6 517.2 518 519.6 519.1 518.2 519.2 520.4 519 516.9 514 511.5 509.3 509.6 508.2 507 505.6 503.9 505
539.3 540.8 541.7 543.3 543.9 546.3 550.9 555.9 553.9 552.2 550.5 543.9 538.2 534.6 530.6 524.4 516.1 503.9 495.4 487.5 479.6 469.7 460.3 449.8 441 434.7 431.4 428.2 425.5 427.9 432.7 441.5 456.6 474 471.6 486.3 504.4 513.6 517.4 522.1 526.5 530.6 530.6 529.7 529.3 526.8 523.8 518.1 519.3 517.8 516.5 515.4 514.2 513.3 512.5 513.3 512.4 511.7 513.2 513.2 513.7 514.8 516.2 516.5 516.3 517.1 518.2 516.8 515.2 513.1 510.4 507.1 505.5 505.2 503.5 502.4 501.1 500.2
541.1 541.4 542.1 544 546.3 550 551.9 557 555.2 551.7 550 546.8 540.9 537.8 531.6 526.8 518.5 504.8 493.4 487.6 481.2 470.7 460 452.2 443.4 437.4 434 429.9 425.9 425.9 429.3 439.5 455 470.4 472.9 495.6 501.1 508.5 514.7 519 524 527.4 527.4 527.4 526.4 523 519.5 517.3 516.4 513.7 513.2 512 510.9 510.3 508.6 509.7 506.5 510.4 510.8 510.8 511.2 512.5 513.9 515.2 514.9 515.4 515.5 514.6 513.1 511 508 504.8 503.2 501.7 500.1 498.4 497.3 496.7
541.3 537 540.5 543.6 547.3 552 552.4 556.1 553.8 549.8 547.8 546 542.5 538.2 532.7 527.2 520.5 507.4 494.7 488.2 481 471.6 461.3 453.7 447.1 441.5 437.4 428.9 426.1 424.3 429.5 438.8 456.9 470.3 469.5 482.1 499.5 506.3 511.4 516.9 520.7 523.1 524.6 525.1 523.7 520.3 517.1 515.3 513.9 511.2 509.9 508.1 508 507.1 507.7 507 506.5 508 507.9 507.8 508.8 510.4 512.1 513.2 512.8 513 512.6 511.7 510.2 508.1 505.5 502.7 500.1 496.9 497.2 495.3 492.1 491.7
541.9 537.5 539 542.4 547.1 551.6 550.1 551.1 551.7 549.2 548.7 545.5 541.7 538.4 533.2 527.9 521.5 508.3 495.4 489.5 481.5 473.1 463.1 454.7 448.1 443.2 436.5 429 426.9 422.9 428.7 440 458.1 476.5 467.1 491.7 496.4 502.2 509 514.4 516.7 518.5 521.6 522.4 519.8 517.6 515.1 513.2 512 508.7 506.4 504.8 504.7 504.1 503.7 504.2 504.7 505 504.1 504.9 506.6 508.3 510.6 510.4 510.5 511 509.9 508.6 507 504.8 502.8 499.9 497 494.7 494.5 493.4 490.5 489.9
540.3 537 538.4 540.3 544 549.2 548.4 548.6 550.4 551.3 550.2 547.3 541.9 537.2 533.2 529.2 523.7 513.8 500.5 490.8 480.4 471.8 463 453.6 448.6 443.9 436.1 429.1 425.9 422 424.3 437.3 456.9 471.6 463.2 462.7 482 496.3 505.6 511.1 513.8 514.4 517.6 518.3 515.8 515.2 512.7 511.1 509.7 505.9 503.9 498.2 501.8 500.1 500.6 499.3 502 502.2 502.3 502.6 505 505.8 508.3 507.9 508.3 508.8 507.2 505.1 503.1 501.2 499.5 496.6 493.8 492.3 491.8 490 489.6 489
539 536.7 538.7 539.5 543.3 547 546.4 545.8 547 547.3 547.3 542.7 541.1 535.9 532.7 531.1 527.4 519 506.7 493 479.4 469.5 460.1 453.9 450.1 443.8 436.8 431 424.6 421.2 422.1 432 449.8 458.3 470.8 461.7 486.6 491.1 499.1 505.8 510 512 514.2 514.9 513.9 512.1 509.9 508.6 507.3 504.1 501.6 500.9 500 499.3 499.5 499.6 498.9 499.3 500.3 502 503.3 504.8 505.4 505.2 505.3 504.8 503.3 498.6 491.4 497.6 495.9 493.6 491.6 489.5 489.1 488.2 487.2 486.8
538.8 538.1 540.3 541.6 542.4 542.6 543.6 545.6 543.1 544.1 542.9 538.8 538.2 536.9 534.5 533.3 530.1 520.9 509.2 496.7 478.6 469.7 462.7 455.7 448 443.4 439.2 431.7 424.3 420.3 421 428.8 445.2 458 457.6 476.5 481.4 487.7 491.4 481 507.3 509.6 510.8 511.8 512.3 510.7 508 505.8 504.4 501.2 499.8 499.4 498.6 497.7 497.2 496.7 495.8 497.1 498.9 500.4 501.6 502.9 502.6 502.1 500.1 498.9 498.6 497.4 496.9 495.2 493 491.2 489.7 488.1 487.1 486.5 486.1 485.9
538.3 539.5 542 543.8 541 540.5 542.4 541.4 539.6 538.8 539.5 536 535 534.3 534.1 532.3 528.8 520.7 510.5 498.8 485.8 473.9 463.6 456.5 448.1 443.7 439.1 431 423.2 419.4 418.8 424.7 439.7 453.7 461.1 469.1 462.7 484.8 464.5 465.6 504.7 506.7 507.8 507.9 509.8 509.2 506.4 505 503.7 498.7 498.5 497.2 496.7 495.5 494.3 493.2 494.2 495.8 496.4 498.9 500.1 500.3 499.1 499 497.2 492.6 494.5 494.3 494.4 492.9 490.2 488.7 487.3 485.9 485.4 484.9 484.4 483.6
536.6 540.6 542.9 540.3 539 536.5 537.9 539.7 537.7 537.2 538.3 535.7 532.9 531.3 532 529.9 526.5 520.2 511.6 501.8 490.7 477.6 464.9 455.1 450 447.9 441.9 435 424.2 418.9 418 420.1 429.3 450.4 456.5 462.4 460 459.3 451.5 447 476.3 504.1 505.4 505.1 505.5 505.8 506 504.5 502.8 500.1 497.1 496.3 495 491.1 491.5 491.3 492.4 494.1 496 496.8 497.6 496.5 496.4 496 493.5 485.6 490 490.1 490.2 488.8 486.9 485.6 484.1 482.7 482 482 481.6 481.5
535.8 540.5 541 540.1 539.1 535 533.5 535.9 534.8 534.1 535.2 534.3 532.4 529.9 528.5 521 522.7 516.8 512.4 505 495.2 484.3 469.1 456.4 449 447.9 442.8 437.3 428.9 420.4 416.5 418.3 425.7 439.9 453.6 461.7 454.6 453.9 449.2 433.4 439.3 458.4 478.3 493.1 500.2 502.3 504.1 503.2 501.1 498.9 497 495.2 493.6 491.3 489.3 489.3 490.5 492.2 494.2 494.8 494.3 493.6 494.1 493.1 490 487.3 487.4 487.5 486.3 484.7 483.5 482.3 481 479.6 478.5 478.3 479.1 480
532.1 539 538.8 538.2 535.4 532.4 528.4 531.8 532 530.8 531.5 531.7 529.1 526.9 525.3 522.4 518.2 515.3 512.6 506.9 499.1 491.7 477.9 462.7 449.4 444.7 441.1 436.9 429.1 420.3 417.2 416.7 420.4 434.5 453 451.9 453.2 453.1 450.8 440.7 429.7 436.5 438.7 460.8 497.8 498.2 501.1 501.8 499.8 498.6 496.8 494.9 485.5 490.1 488.2 487.1 488.5 490.3 491.6 491.2 490.9 491.1 491.5 488.9 486 484.9 486 485.5 483.9 481.3 480.2 479 477.8 476.6 476.5 476.9 477.8 478.7
530.1 536.9 535.9 533.4 531.1 528.8 527 527 528.6 525.9 524.4 527.5 525.4 523.3 521 519.3 515.7 513.7 509.8 507.2 501.4 494 484.1 469.8 456.5 444.3 440.1 435.4 428.5 421.2 417.8 415 416.5 428.6 443.2 451.6 452.5 457.9 448.3 437.7 427.2 420 419.1 438.3 475.7 496.8 497.8 498.4 498.2 497.4 497.1 495.7 493.2 490.3 487.2 485.8 484.1 485.2 487 487.1 487.1 488.7 488.2 485.5 482.9 482.8 484.3 483.7 482.1 478.3 476.9 475.7 475 475 474.8 475.4 476.1 477
529.1 533.6 533.1 531.6 529.1 526.8 524.3 518.7 522.2 521.1 519.3 522 522 520.4 517.6 516.1 514.6 511.4 508.9 505.1 502.3 496.1 487.2 475.1 462.6 450.3 440.7 435.1 431 423.4 417.5 415.4 415.1 423.9 439 452.1 452.8 464 448.2 426.8 418.9 417.2 417 423.3 465.1 495.9 494.8 497.6 498.8 498.4 497.4 496.3 493.7 489.9 485.4 483.4 481.7 480.8 479.3 481.2 481.7 485.1 486.1 483.2 481 480.9 482.4 482.3 479.7 475.9 474.3 473.9 473.7 473.9 473.4 474.2 474.7 475.3
528.8 529.8 529.6 528.8 528.4 527 524.1 518.5 517.8 518.7 516.4 513.9 518.3 516.8 515.5 514.5 512.8 510.3 506.6 502.7 499.7 495.4 490.8 479.7 467.4 455.3 445.1 436.5 430.2 424.4 419.4 415.1 414.4 417.5 433 443.3 452.3 455.1 454.9 435.2 423.4 419.9 432.7 461.4 472.9 482.5 494.2 495.4 497.1 497.9 496.8 495 492.6 488.3 484 480.9 479.5 478.3 477 478.1 478.4 480.1 482.2 481 479.5 479.3 479.7 479.8 478.4 474.3 473.6 472.8 472.6 472.7 472 472.9 473.6 474.1
527.5 525.3 524.9 525 526.1 523.7 521.3 520.3 517 514.3 513.7 512.7 512.3 513.3 512.8 513.2 511.2 508 504.6 501.5 497.9 494.5 489.9 483.2 471 461 450.3 441.5 435.4 430.1 421 414.3 413.7 414.6 421 442.7 453.9 451 456.4 461.2 443.5 450.9 472.1 485.4 485.6 485.5 491.9 489.5 493.1 495.4 495.5 494 492.5 488.3 483.4 479.9 478.9 478 476.9 476.2 475.8 476.4 477.8 478.7 478.2 477.4 477.4 477.9 477.7 474.6 472.2 471.9 471.1 470.5 470.3 470.9 471.7 472.6
529.5 525.1 521.7 522.4 523.5 524.3 520.9 518.5 515.6 512.1 511.6 510.4 507.4 509 510.5 510.8 508.7 504.1 502 499.5 495.7 493.6 489.6 484.8 476 466.5 456.9 444 438.3 432.5 426.2 416.8 412.9 411.9 415.1 430.8 448.9 450.4 449.8 457.8 465 474.4 481.2 484.4 486.9 482.9 484.2 489.6 489.3 492.7 492.7 492.4 491.4 489.4 483.6 479.6 478.4 477.3 475.8 475.2 474.7 474 474.7 476.2 476.6 475.8 475 475.6 476.1 474.2 471.5 470.4 469.6 468.8 468.6 469.3 470.2 471.1
528.4 526.2 524.3 523 521.3 523.1 518.5 514.8 511.9 508.9 507.3 506.2 502.2 502.1 507.8 507.1 504.1 501.3 498.3 496.2 493.4 491.2 487.1 484.4 479 471.4 462.1 449.5 442.1 435.6 429.5 422 416.7 414.5 410.5 418.5 427.9 448.3 448.8 449.4 458.6 468.1 472.8 481.1 484.1 480.1 484.4 483.8 487.7 488.7 487.6 489 489.2 489.1 486 480.2 477.7 476.1 474.8 474.1 473.4 472.6 472.3 473.3 474.4 473.2 472.7 473 473.2 471.6 469.5 468.2 467.6 467 466.7 467.9 468.7 469.6
533.4 528.6 528.6 524.9 521.8 518.5 515.6 512.1 508.7 506.7 504.9 502.3 499.2 498.6 501.9 502 499.1 497.2 494.8 493.6 491.5 489.2 486.7 483.4 480 474.4 466.5 457.4 449.1 438.8 431.5 424.3 417.2 413.4 408.7 412.1 423.5 440.1 450 449.1 451.8 460.6 469.8 472.6 475.9 476.9 479.7 480.9 484.6 484.7 483.8 485.5 486.3 485.5 484.4 481.3 477.4 474.9 473.8 473.1 471.7 471.2 470.6 472.1 472 471.4 470.7 469.6 468.7 468.2 466.4 465 465.6 465.1 464.8 466.1 467.3 468.7
539.3 529 531.9 529.3 524.2 519.3 515.2 510.6 507.6 505.8 503.6 500.2 498.3 496.8 495.7 494.6 493.5 493 493.2 491.9 488.4 487.5 485.6 482.7 480.6 477.1 471.3 461.2 451.4 441.1 433.8 426.1 419.9 413.9 408.2 408.1 416.2 429.3 436.2 441.4 446.4 454.7 460.8 464.5 470 472.2 474.9 475.9 480.1 482.9 482.2 481.8 482.4 482.1 481.1 479.1 477.1 474.1 472.8 471.4 470.1 469.4 468.9 470 471.4 470.3 468.6 467.4 466.1 464.5 462.9 461.9 462.5 462.7 462.5 463.9 465.5 467.8
542.8 540.3 536 531.9 525.4 520.1 516.1 512.2 509.8 505.6 502.9 499.8 496.7 495.3 492.6 490.4 489.4 488.7 491 488.8 480.7 484.2 483.1 480.4 478.3 477.9 472.1 464.4 455.8 447.6 438.1 430.8 422.5 416.6 409 405.6 412.7 421.6 432.1 438.4 445.1 444.5 454.5 458.9 465.6 469.2 472.5 469.8 475.7 479.7 480.6 480.3 478 478.1 477 475.6 474.8 472.8 471.7 469.3 467.7 466.3 466.4 468.2 470.2 470.1 468.1 466.4 464.2 462.3 460.5 459.5 459.2 459 460.1 461.8 464.2 467.5
546.5 542.8 539.1 534.2 527.4 521.6 516.8 514.7 513.2 509 502.3 500.1 496.6 494.2 493 490.5 486.9 486.4 487.6 485.4 484.1 483 481.9 480.7 477.8 475.5 470.8 464 457.3 451.6 444 434.3 427.6 422.4 410.6 404.8 406.7 416.3 420.2 434.1 434.6 441.2 453.7 455.7 461.4 465.4 468.4 468.9 471.7 476.5 477.2 475.9 473.8 472.5 471.6 471.9 472.2 471.4 470.4 468.1 466 464.1 462.6 465.9 467.5 469.7 467.7 465.7 463 460.5 458.9 457.4 455.9 455.9 457.3 460.2 462.9 467.3
546.7 542.2 542.2 538.2 529.7 525.4 519.6 517.2 514 509.8 503.3 499.3 495.5 493.3 493 491.6 488.3 483.7 483.8 483 481.9 480.4 479.3 479.4 478.2 474.3 471.1 466.9 459.4 452.6 445.3 438 430.9 423.6 414.5 406.5 404.6 410.1 417.7 428.4 430.8 433.5 441.5 455.7 461.2 463.1 463.8 464.6 467.4 472.8 473.9 470.8 469.4 468.1 467.9 468.5 469.2 469.9 468.8 467.3 465.2 462.7 458.9 462 464.4 466.8 466.7 464.2 461 458.4 456.6 454.6 452.9 453 454.9 458.3 462.5 466.9
541.5 540.3 540.8 537.7 531.4 526.6 523.2 519.6 515.2 510.4 503.4 497.9 494.9 493.2 492.2 491.4 486.1 481 480 479.2 479.7 478.3 477.2 477.3 474.9 470.5 470.2 466 459.8 451.6 444.9 438.2 431 422.8 415.6 408.8 405.2 406.8 411.7 421.3 427.7 430.1 438.7 446.2 454.9 456.9 457 459.2 462.7 469.4 469.9 466.9 465.4 465.4 465.6 466.7 466.5 466.8 465.8 465.4 464.6 463.1 459.7 456 460 461.3 463.6 461.7 457.7 455.9 454.1 452.1 450 449.8 452.5 456.6 462 466.3
