WholeMapElevations/data/sn/sn88_OST50GRID_20230518/SN88.asc
ncols 200
nrows 200
xllcorner 280000
yllcorner 280000
cellsize 50
[rows 105 to 139 of 200, columns 78 to 155 of 200]
505.5 502.3 497.2 490.2 478.9 467.1 450.7 440.9 429 419.4 414.1 410.1 407.5 405.9 406.1 410.3 416.7 417.8 417.4 407.7 403.9 398.3 397.2 393.6 390.7 386.2 385.9 387 389 391.1 392.6 393.5 394.2 394.5 396.9 399.3 405.3 415.6 422.5 427.4 436 447.2 453.2 457.2 457.2 459.1 458.1 450.7 442.6 433.6 422.5 406.3 392 380.3 371.6 363.2 365.5 364.8 362.5 357.8 348.7 342.3 336.1 329.5 326.3 325.4 323.7 322.7 322.6 320.5 318.8 315.1 315.3 312 306.3 303.4 299.4 292.8
507.2 503.2 497.5 491.7 481.8 470.7 460.1 453 448.5 435 425.8 421.5 419.9 421.8 424.6 430.4 435.8 439 438 427.1 413.3 405.1 399.3 396.1 395 392.8 388.3 386 384.1 385.8 386.1 387.4 388.1 389.3 391.6 392.5 397.6 405.3 413.1 421.4 432.6 443.7 451.4 457.8 459.2 460.7 460 453.1 443.5 433 420.1 404.8 392.7 384 374.1 376.1 374 370.8 364.9 356.4 347.8 341.7 336.1 330.3 329.2 330.2 330 328.3 325.7 323.9 320.6 314.8 309.8 306.9 300.8 297.8 292.8 276.9
511.6 505.3 501.7 495.4 484.3 479.7 477 471.6 468 463 449.8 447.8 436.9 442.8 450.8 451.2 457.7 458.3 451.8 440.4 428.4 418.3 410.2 400.4 398 396.6 394.3 391.2 387.5 384.2 380.9 378.2 378.7 380 383.1 386.5 390.3 396.2 401.4 412.6 428.4 440.5 450.4 456.9 460.1 462.4 460.5 451.6 440.8 429.6 414.6 401.7 393.3 384.5 383.8 381.6 377.6 372.1 364.1 354.3 345.4 339.3 336.6 336.2 335.6 338 338.6 336.1 330.2 327.2 321 315.3 309 301.7 295.3 291.4 284 288.6
515.6 511.7 506.2 501.3 494.8 494.7 491.8 486.4 484.6 483.4 476.9 474 462.2 469 473.7 470.9 474.4 470.7 465.2 460 444 432.9 424.1 410.4 407.8 405.9 401.2 397.8 393.9 392.6 389.4 387.2 379.9 375.6 375.1 375.5 380.7 387 392.1 406.6 423 437 448 455.4 461.3 463 457.8 447.7 438.7 426.4 410.6 401.6 393.5 394.6 392 387.8 380.7 372.6 364 351.6 348.2 343.6 341.1 340.5 344.6 347.5 350.5 344.1 338.3 330 322 315 308.6 294.5 290.6 287.1 296.7 294.9
521.9 518.9 514.6 509.7 503.6 502.6 500.2 496 494.4 492.4 488.8 484.5 482.3 485.4 486.3 484 482.9 479 471.5 462.9 447.9 444.2 440 435.7 422.2 414.3 408.8 404.2 400.9 398 396.6 393.1 385.2 381.3 382.5 378 372.4 375.7 387.3 400.3 419.4 433.2 443 453 460.4 459.3 451.8 442.6 433.9 420.6 407 405.4 405 403.4 401.2 396.2 387.9 378.3 365.5 360.2 351.4 348.6 344.7 348.7 353.5 357.2 355.7 349.1 340 331 322.3 315.3 307 290.8 298.2 300.3 304.7 305.2
529.3 527.1 521.7 517.6 512.4 509.8 504.4 502.3 502.3 496.7 493 491.5 493.2 493.7 491.3 490.7 488.7 483.3 476.7 468.5 462 459.9 461 456.4 445.4 429.2 424.6 413.9 408.5 404.1 401.7 394.3 392.5 389.5 386.7 384.6 382.3 371.5 375.1 392.1 410.1 426.1 438.1 448.7 456.3 453.9 444.7 436.7 428.5 417.5 417.7 417.8 416.7 414 412.4 402.9 391.9 382.6 373.3 362.2 357.3 351.8 349.6 354.5 359.4 360.2 359.9 349.4 340.1 330.6 323.1 313.2 303.2 304.7 306.1 311.2 309.3 312.6
535.5 533.9 530.1 523.9 517.1 512.9 505.6 504.9 501 498.4 498 497 497.4 497.3 497.8 495.2 493 490.2 485.7 482 479.5 477.1 474.3 470.9 461.3 447.9 439.3 427 416.8 408.1 404.2 404.4 401.2 397 391.9 388.5 387.9 386.1 372.8 378.2 398.6 416.6 431.7 442 446.5 447.3 438.2 433.9 429.7 429.6 429.9 429.7 427.7 423.2 416.6 407.6 395.7 384.9 375.6 367.6 360.7 356 356.2 359.7 359 356.6 352.5 342.9 332.8 325 317.8 311.8 312 313.8 317.2 321.1 318.2 319.5
541.3 537.7 533.6 525.2 519.6 512.5 506.3 504.8 502.2 498.9 499.2 499 498.4 499.5 498.2 497.7 496.5 495.8 494.3 493.6 492 490.1 487 481.5 472.3 460.7 447.3 433.4 417.4 412.1 415.2 417.6 414 407.7 399 394.7 394 392 385.5 366.9 386.7 403.4 421.1 433.3 436.1 436.7 434.2 434.4 435.7 438.9 441.4 441.3 437.9 428.9 419.7 407.9 397.2 387.2 377.7 370.3 363.5 361.1 361.1 358.7 350.6 342.7 337.1 326.6 321.9 317.8 320.2 321.5 320.3 322.8 325.1 328 330.3 331.1
541.7 539.1 529.9 525.1 516.9 511.3 506.1 504.2 500.7 499.1 498.2 497.8 499.4 501.3 500.3 500.7 501.5 502.1 503.2 502.4 499.7 495.8 492.7 487 478 468.4 451.6 428.6 424.8 428.6 433 432.5 429 422.6 414.3 406 400.7 393.9 388.1 368.3 373.5 388.8 404.2 416.1 429.8 429.4 430.6 434 436.1 441.2 443.9 444.2 438 432.5 420.6 406.5 395 384.9 376 368.5 363.6 359.2 356.2 349 335.8 335.8 336.7 338.5 332.8 332.3 330.2 325.4 328.8 331 334.4 335.3 334.5 337.8
539.1 534.6 527.9 521.9 516.5 509.9 503.7 500.5 497.8 497.2 496.3 497.1 499.9 501.5 502.1 502.4 503.2 505.7 507.5 507.1 504.4 499.8 496.6 489.3 481.6 469.3 442.9 438.6 444.6 449.8 449.2 446.1 440.5 436.1 429.2 419.1 409.2 400 391 380.7 364.1 374.6 385.9 399.9 409.7 415.4 421.9 430.2 433.5 438.7 440.7 435.3 425.8 416.7 409.7 398.9 387.7 377.1 369.5 363.5 356.8 350.2 344.7 348.7 351.5 351.7 351.1 343.8 343.9 345 339 337.2 338.4 338.9 340.8 341.7 341.1 343
538.8 533 525.9 520.4 515.7 507.7 500.7 499.6 495.9 494.5 494.7 496.7 499.2 501.2 503.8 504.4 506.2 508.2 509.6 508.7 506.4 502.4 499.1 491.4 484.4 472.1 465.2 463.8 464.4 464.4 460.7 456.1 449.9 445.2 437.2 427.9 417.1 406.9 395.5 386.2 373.8 363.3 371.4 382.8 390.2 397.9 407.9 415.6 422.7 427.7 426.8 418.8 411.6 404 398.5 388.4 379 370.4 363.3 355.6 351.7 356.3 359.2 361.7 357.7 359.9 360.7 360.7 362.1 358.4 355.4 347.7 348.7 348.6 348.5 348.5 346.3 348.1
534.6 527.6 522.1 518.4 511.3 502.2 499.3 497.8 493.5 493.2 492.4 494.1 496.1 498.9 502.6 504.3 507.3 509.4 511.5 510.9 508.6 504.3 501 496.2 490.9 484.3 483.3 482.4 477.9 474.2 467.8 460.5 454.3 448.5 439.9 429.9 420.6 409.5 397.4 388.5 381.9 364.3 362.4 369.2 375.7 383.6 390.9 400.2 410.1 415.1 412 405.4 399.6 392.4 387.9 378.9 370 362.1 355.4 358.2 363.8 367.7 371.6 373.5 364.1 373 375.7 376.8 374.6 371.7 366 359.4 359 357.6 356.2 355.2 350.2 353.1
530 523 518.9 515.4 508.3 499.8 498 494.9 492.7 491.6 490.9 490.6 492.4 495.9 500.9 503.3 507.5 511 513.2 510.7 510.5 505.7 502.6 500.1 495.5 492.5 491 489.5 484.4 478.2 470.4 462.7 454.6 448 439.5 429 421.2 410.4 400.6 389.2 382.7 375.7 365.4 360 365.2 374.6 379.7 389.4 402.4 405.9 401.3 395.2 388.2 382.6 378.8 372.2 364.9 362 364.5 369.9 376.3 380.7 383.4 387 374 389 390.4 389.2 385.5 379.2 371.1 369.9 369.5 365.8 362.9 360.5 355.3 359.5
523.3 519 515.2 512.1 504.7 499.3 497.7 495.1 492.9 491.8 490.8 487 489 492 496.7 500.7 504.7 510.5 512.9 510.3 510.2 506.4 503.7 500 498.4 495.5 494 492.7 486.1 479.1 470.1 460.4 450.9 444.1 435.8 427 417.1 407.1 401.5 391.3 384.4 379.2 375.8 363.3 358.8 367.6 377.6 388.2 396.7 398.5 395.4 386.7 379.9 375.3 374.3 367.7 364.6 369.8 376.2 383.9 391.3 393.5 397.2 399.6 397.1 402.3 403.3 400.5 395.6 387.7 384.3 379.8 376.4 372.9 368.8 364.4 363.9 365.9
518.1 514.9 512.5 509.5 500.6 497.2 497 494.9 493.6 492.3 492 488.5 482.9 487.9 490.2 494.6 500.3 507.6 508.9 507.7 508 506.7 503.4 500 498.4 497.6 495.8 493.7 486.5 475.9 464.8 454.6 444 435.3 428 418.9 409.7 401.5 396.1 389.9 385.9 381.5 377.3 362.7 357.4 366 373.8 384 393.3 383.7 383.6 381.7 376.6 371.7 370 368.8 373.9 383.2 392.3 401.1 403.1 405.9 407.1 406.1 408.1 413.1 415.8 410.2 403 397.7 392.4 387.5 383.5 377.8 372.1 367 369.9 375.6
511.3 511.1 509.4 505.7 498.1 495.2 494.7 492.6 492.9 491.6 490.2 488.9 482.9 477 481.1 486.1 494.2 500.8 502.5 504.7 502.9 500.6 499.6 497.3 498.7 498.2 495.9 493.2 484.2 472.5 459.4 446.4 433.2 423.2 413.8 405.7 397.2 391.4 386.5 383.6 381.6 380.1 376.7 370.2 357.3 362.3 372.4 380.9 384 384.5 382.3 377.8 374.5 370.7 372.7 378 388.3 399.7 409.5 411.9 412.4 413.1 412.6 412 416.1 422.9 423.6 417.4 411.1 405.1 399.3 393.6 388 381.6 375.6 370 378.1 383.9
505 506.1 504.8 500.6 493.1 492.4 491.9 489.7 490.1 488.4 487 486.2 483.3 474.1 467.4 473.9 484.4 493.5 496.8 499.1 497.1 496.5 495.8 494.9 498.4 496.8 493.6 489 479.9 466.3 447.1 431.7 420.2 409.3 399.9 392.1 386.8 381.9 378.1 374.7 372.1 371.2 369 364.9 356.5 360.1 371.3 378 380.2 380.6 380.6 375.9 372.7 376.4 380 391.2 403.8 417.1 420.7 420 417.9 418 416.9 417 423.5 430.5 429.4 424.7 417.1 410.8 404.2 397.7 391.4 383.4 375 380.8 388.5 392.5
498.7 500.4 498.8 493.7 489 488.4 486.1 486.6 485.7 483.5 483.5 481.8 478 470.9 449.5 458.7 471.4 484.1 488.3 488.8 489.7 490.6 490.5 494.1 497 496.7 491.4 486.2 477.7 465.5 445.6 427 420.4 413.1 402.8 397 391.2 386.8 381.2 378.2 374.7 372.2 370.3 366.6 355.7 357.9 367.1 371.6 376.3 377 375.3 374.7 377.7 382.6 393.2 407.5 421.4 427.9 427.1 423.6 422 420.8 419.1 426 433.3 437.6 435.7 430.8 421.7 414.1 407.1 400.4 391.6 383.4 381.6 391.8 396.7 398.4
490 494.7 492.4 489.2 486 484.8 482.7 483.5 481.3 479.3 477.9 476 470.6 467.7 459.5 440.8 458.3 471.6 475.7 477.3 478.4 480.1 485.8 491.1 494.2 493.4 487.9 482.6 475.7 467 456.1 444.9 433.2 422.7 410.9 402.4 396.1 390 386.5 382.1 377.4 374.7 370.4 366.8 358.1 355.7 362.1 369 372.9 376.3 377.2 378.5 385.6 398 411 424.7 431.7 435.3 429.9 424.9 423.2 419.8 423.5 432.4 446 443.8 439.4 437.1 424.7 416.5 407.5 400.6 390.1 390.8 395.8 398.6 399.7 399.3
479.5 484.1 485.9 485.4 481 481 479.9 481 478.6 476.3 472.9 467.9 464.7 460.6 453.5 436.5 449.1 457.9 462.2 465.2 465.4 471.1 479.1 485 488.9 488.9 483 479 473.1 466.3 456.9 445 435.3 425.6 413.8 405.3 398.7 393 386.9 383.2 377.3 372 367.9 364.7 360.6 354.9 362.9 376.1 379.3 381 381.6 387.3 401 414 427.3 435.2 438.7 436.9 428 421 415.5 416.7 424.9 439.5 445.5 446.3 440 433.9 426.6 420 411.7 397.7 397.5 402 403.4 403.8 402.5 400.8
465.4 472.7 476 475.5 474.2 475.3 477 479 475.7 474.7 471.6 469.1 466.4 464 446.2 431.7 437 442.4 448.4 451.4 453.6 464.9 472.2 479.4 483.6 481.9 480.6 477.6 471.2 463.3 453.7 441.9 433.3 425.5 414.7 404.9 396.8 390.3 385.3 380.3 375 369.6 365.6 362.7 355.7 354.6 371.9 381.6 382.4 384.7 386.4 399 414.1 429.5 438.2 441.1 438.1 435.1 423.2 412.5 407.6 411.6 423.1 434.7 440.9 443.1 443.1 434.3 426.5 420.4 412.6 410.7 410.3 411.8 410.6 406.9 404 399.8
446.5 458.2 462.3 466 469 470 474 476.8 474.7 472.6 471.5 470.6 470.7 468.4 461.6 444 426.1 426.1 432.4 436.1 442.4 458.1 467.8 473.9 474.3 471.9 470.5 470.5 465.7 457.4 447.1 437.6 428.8 419.7 409.3 400.7 393.4 387.1 380.6 374.9 370.5 366.8 364.1 360.3 353.1 361.6 376.8 382 383 386.6 393.9 407.3 422.5 436.7 446.6 441.3 434.5 428.7 416.6 407 402.6 402.3 415.3 430.2 440.4 445.8 440.7 433.6 427.2 423.1 422.3 420.4 418.8 417.8 414.2 409.9 406.3 403
426.2 441.5 451 457.4 458.8 456.2 472.3 475.2 475.5 470.5 470 469.6 470.2 469.4 465.5 458 445.2 426.9 420 422.4 435.4 449.5 458.8 463.6 462.9 461.6 462 458.7 452.6 443.8 434.5 428.1 419 409.4 399.2 391.5 386.2 380.2 374.8 369.6 365.2 362.9 361.5 358.9 351.5 362.5 375.2 380.1 381.8 385.6 395.7 409.8 424.1 435.9 443 437.6 430.1 418.3 408.8 401.6 398.8 390 406.8 424.6 438.1 444.4 437.6 433.1 428.1 426.2 426.7 426.3 424 420.8 415.3 412.8 409.7 405.2
408.8 425.3 436 440.4 432.7 461.2 468.4 469.2 469.1 469.8 466.1 466.4 467.3 467.7 466 462.4 453.5 441.8 430.2 420.5 426.1 443.6 453.6 457.4 457.7 455.4 457.6 452.9 446.3 436.6 425.3 419 408.9 398.8 390.6 381.7 376.4 370.5 366.4 363.9 358.7 357.5 356.3 356.6 350.8 358 370.1 375.3 379 384.3 394.8 408.9 421.7 430.8 434.3 429.1 418.5 407.5 399 392.6 391.4 385.8 399.4 418.5 434.4 440 434.5 431.9 430.4 430.5 429.8 427.9 424.8 420.7 420.6 417.8 412.7 406.6
388.7 401.7 410.8 411.8 437.1 452 461.6 464.8 465.1 465.7 465.3 463.1 463.2 465.4 463.4 460.3 453.5 447.2 437 423.3 415 432.8 442.2 444.4 447.3 448.5 454.2 448.7 440.5 434.1 424.9 415.2 400.2 389.7 385.1 382.1 377.9 372.9 369.3 366 363 360.7 358.9 354.4 351.3 352.4 364.4 370.8 374.3 380.7 391.8 405.7 415.8 422.6 424.2 418.1 405.3 396 390.3 384.9 382.8 375.4 394.3 414.2 433.9 434.4 434.6 434.4 436.3 435.1 433.8 432.2 430.4 428 424.3 421.1 414.4 410.1
371.8 381.7 391.8 405.6 421.8 440.2 448.8 458.5 460.3 461 462 460 460.7 461.8 459.4 454.9 452.4 447.5 440.2 431.2 411.5 419.4 426.1 432 436.1 440.7 441.5 438.6 434.1 428.4 421.3 415.8 409.8 404.3 396.9 389.2 383.2 378.7 374.7 370 365.6 362.5 359.4 355.9 352.9 350 357.9 365 370 377.1 385.5 398.5 406.5 411.6 407.1 402.5 391.8 386.1 381.5 377 374.6 369.4 388 407.4 432 436.5 437 438.8 442 442.9 439.9 437.9 437.9 431.8 425.1 418.7 412.5 408.4
356.6 365.9 374.2 391 405.3 423.1 438 448.2 444.9 453.5 457.3 458.5 460.6 458.2 455.9 453.2 450.5 446.6 438.8 432 417.7 406 415.5 423.8 427.9 428.7 431.9 431.8 430.6 426.6 421.1 415.3 414.1 405.3 402.2 393.5 386.7 382.1 377.9 373 367.3 363.5 360 357.6 355.1 349.4 354.8 360 365 371.5 377.4 386.5 392.3 394.4 389.7 385.8 379.2 377.2 372.4 370 362.4 373.6 396 420.2 434.8 436 441.6 446.8 449.1 444.9 441.6 437.9 432.3 423.6 417.4 409.5 404.7 399.8
343.4 348.7 362.2 376.6 391.3 406.4 421.8 427.4 450 456.4 456.7 460.8 462.4 459 454.4 451.9 447.8 440.4 434.2 426.3 417.2 402.1 404.3 412.6 414.3 416.2 421.9 423.2 423.6 420.8 418.9 413 406.5 401.7 395.9 391.3 386.4 381.3 377 373.6 369.8 364 359.9 357.1 354.7 351.9 345.1 350.7 356.2 362.2 368.1 371.5 376 376.2 374 370.1 368.3 367.9 364.8 358.1 362.9 376.4 397.3 410.6 420.7 429.4 439.2 447.2 446.9 443.9 440.9 435 426.1 413.9 408.1 398.1 389.7 387.5
334 339.2 351.5 363 377.7 392.6 409 418.3 449.7 455.8 454.5 459.8 460.9 458.6 455.2 452.9 447.9 440.4 430.7 422.6 417.3 406.5 395.5 397.6 398.6 402.7 407.2 410.2 411.3 410.6 409.3 409.6 405.5 395.9 392.5 386.9 383.2 379.5 375.4 370.7 368.1 362.2 355.4 351.8 349.6 346.6 345.3 344 344.8 350.4 355 358.4 362 360.4 360 358.5 358.7 358.5 356.7 349.9 359.6 370.2 383.9 393.6 406.4 416.1 430 441.8 445.2 441.9 439.9 434.2 426.2 416.3 412.7 406 395.8 382.7
328.5 333.6 342.5 354.8 366.9 382.7 402.6 423.5 440.5 448.7 451.9 457.6 458.3 456.1 453.4 451.8 446.3 439.3 428.9 420.4 415.3 404.2 396.8 392.3 388.4 389 390.6 394.1 397.2 398.5 399.4 397.6 391.8 385.9 386.3 381 375.2 370.8 365.5 362 357.2 352.4 351.2 354 353.7 353.1 351 349.2 347.4 343.8 342 344.6 347.3 349.5 348.7 348.1 347 347.8 347.5 345.3 351.8 359.7 366.2 373.5 385.6 399.1 414.2 429.9 437.4 444.4 443.4 436.3 429.7 425.7 420.1 411.3 400.8 389.7
332 339.6 343.7 351.3 363.1 378.3 395.1 412.2 430.4 446.8 453.2 455.8 459.7 455.3 452.8 450.7 446.6 440.7 436.2 431.6 425.2 419.4 412.3 405.6 397.9 391.2 389.8 383.3 382.5 385.5 386.4 385.5 380.8 376.9 374.7 370.5 365.1 360.4 359.5 363.7 365.3 363.9 361.5 358.5 357.3 355.8 355 352.9 351.9 349.1 344.2 340.4 340.5 341.3 339.9 338.9 338.4 337.4 337.7 337.3 339.7 343.6 347.3 353.2 364.3 379 394 411.7 429 443.5 443.7 441.4 435.1 431.2 422.5 414.9 405.7 393.6
321.8 334.5 338.8 348.3 361 375.9 391.9 409 425.8 443.6 452.3 457.4 459.9 455.7 454.4 452.1 449.8 446.5 443.2 440.6 437.9 433.4 426.2 420.1 412.4 402.3 395 393.4 387.8 382.2 376.5 371.5 368 367.1 366.7 365.7 370.4 377.2 380.3 379.2 379.4 375.4 370.4 365.7 363.6 361.5 359.4 356.8 354.1 347.8 346.9 345.9 345.2 342.4 339.6 338.3 338.7 339.8 339.9 339.8 336.1 333.4 332.5 334.9 341.7 356.8 374.6 396.6 419.2 439.3 443.8 441.9 438 433.8 427.8 419.6 410.9 395.7
331 327.2 338.1 348 357.4 372.3 389.4 405.3 420.5 439.7 449.7 457.8 459.6 455.9 454.7 454.1 452.5 452.9 447.7 447 448.1 444.8 435 428.3 418.1 413.6 407.3 405.8 398.6 392.5 388.4 385.5 378.6 379 384.3 386.8 394 397.3 395.6 391.8 387 383 376.3 370.6 367 364.7 360.8 354.4 353.3 353.6 352.7 351.9 353.2 352.8 351 351.4 352.4 352.7 353.1 351.9 352.6 349.6 345.8 339.2 331.9 334.8 357.1 383.2 408.5 429.6 439.2 443.7 443.5 437.3 432.3 424.6 414.2 408.4
332.5 323.4 335.7 348.6 355.9 368.8 385.4 399.9 416.8 434.9 445.8 455.5 458 457.2 456.4 456.4 455.6 455.5 452.8 452.6 451.6 447.8 439.4 432.4 424.5 421.8 416.9 412.5 407.4 400.7 396.8 386.7 389.2 396.4 402.4 405.7 411.8 413.1 409.5 402.6 393.2 383.8 376.2 372.1 366.7 360.8 363.5 363.1 361.7 362.4 364.6 364.8 366.9 367 368.2 369.7 370.5 370.8 370.2 369.5 367.8 362.9 359.9 355 344.7 334.4 342.6 368.6 397.2 421.7 438.6 443.5 441.1 435.9 433.6 428.4 420.9 418.7
333.2 317.4 339.3 347.3 355.3 365.8 380.7 394.9 410.8 429.1 440.5 448.7 454.7 457.2 458.5 458 457.6 456.3 455.2 453.1 452 447.3 441.4 435 432.4 430.3 425 419.5 411.7 403.6 389.7 393.6 405.2 415.1 422.6 423.4 425.5 423.9 416.2 405.6 393.6 381.3 373.2 371.1 372 376 379 381 379.1 381.4 384.2 385.6 387.4 389.3 390 390.6 390.2 389.2 387.1 384.6 381.3 377.1 364.7 356.9 352.2 335.1 329.5 355.5 384.8 415.3 438.9 441.6 437.2 431.9 431.3 428.6 428.3 427.8
