UK/data/sk/sk24_OST50GRID_20230518/SK24.asc
ncols 200
nrows 200
xllcorner 420000
yllcorner 340000
cellsize 50
[rows 105 to 139 of 200, columns 78 to 155 of 200]
161.5 164.2 165.5 166.5 166.1 165.4 163.7 161.2 157.9 153.9 148.6 146 143.5 140.6 135.5 134.4 133.3 145.9 158.2 161.6 164.2 165.4 165.6 170.3 171.3 170.9 170.8 170.5 169.6 165.5 162.8 162.4 160.7 157.9 155.9 153.9 160.3 161.6 163 163.3 165.5 165 164.8 163.2 161 159.4 158.6 156.7 153.4 159.8 169.2 174 174.7 177 177 174 171.2 170.2 167.3 160.8 156.1 151.1 147.3 144.1 140.9 138.1 137.1 135.9 134.3 132.3 132 138.3 142.7 147.1 152.6 160.5 161.9 159.3
161.6 164 165.5 165.9 164.6 164 162.7 160.5 158.3 154.3 149.8 144.9 141.6 138.6 136.6 132.7 133.4 146.6 154.7 160.8 162.1 165.4 168.1 169.3 169.4 168.6 168.2 167.7 167.1 163.5 159.7 158.6 158.3 156.4 152.8 156.7 162.1 163.4 165.1 164.3 163.5 162.2 160.5 158.5 157.5 155.4 154.2 151.1 154.9 167.2 173.6 175.4 172.7 173.7 171.3 168.9 167.9 168.6 166.6 163.1 158.6 152.5 147.1 144.1 141.4 139.1 135.4 133.7 131.8 130.8 136.2 140.7 144.6 153.4 162.3 168.2 172.2 166.8
162.1 164 165.4 164.7 163.3 162 161 159.4 157.1 153.5 149.4 146.2 142.9 139.5 136 131.9 134.3 145.8 148 155 158.7 162.3 167.2 167.2 167.5 166.6 166 165.6 165 163.2 159.5 156 154.3 153.6 151.3 156.9 162.7 163.4 162.8 161.5 160.5 158.9 156.3 155.2 154.6 152.1 149.2 157.9 165.2 173.8 175.8 173.8 175.7 172.2 168.9 167.4 164.8 166.8 164.4 159 154.4 148.6 145.4 142.7 140.6 138.9 135.1 132.7 130 131.9 136.8 140.8 145.8 158 161.8 162.9 164.8 173.8
162 163.7 164.6 163.3 161.3 159.1 158.5 157.4 154.9 152.1 148.2 145.1 141.4 137.8 134.2 131.5 134.2 142.7 148.1 152.6 156.7 161.5 164.7 165.2 164.5 164.4 164 163.8 163.2 161.2 158 155 152.1 150 150.2 156.7 160 160.7 159.5 158.4 157.3 156.1 154.4 151.6 150.1 147.5 151.7 160.8 167.4 175.9 174 176.1 177.3 175.1 171 168.9 167.1 165.2 166.7 158.6 149.3 145.8 142.9 140.6 139.3 136.5 134.1 131.3 129.3 135.9 139 141.9 146 158 160.5 158.7 160.2 155.9
161.8 162.7 162.7 162.3 160.3 156.1 155.5 154.3 151.8 149.7 146.3 143.4 140.5 137.1 133.2 131.5 139.5 145.6 147.9 152.1 156.8 161 163 163 161.8 161.5 161.4 161.5 161.6 161 159.2 157 154.3 149.3 148.4 153.7 156.8 156.6 156.9 156.1 154.1 153.1 151.5 148.1 145.6 149.8 153.3 157.9 161.5 171.7 174.7 176.9 177.5 177.1 174.5 170.4 160.8 147.5 146.5 149.6 146.2 143 141 139.1 136.8 134.3 132.1 129.3 130.4 138.9 142.9 147.3 149.4 159.4 159.9 158.2 158.4 145.6
161 161.6 160.9 160.3 158.4 153.9 150.6 150.1 149.2 147.4 144.6 141.7 138.7 136.1 131.9 131.3 137.7 142.3 147.7 153.7 157.5 159.8 160.6 160.6 160.1 158.9 159 159.5 160.1 160 158.9 157.8 155.5 149.7 146.4 148.6 151.8 152.6 154 154.7 153.4 149.6 147.8 144.9 147.7 156.7 161.3 166.2 165.3 171.4 174.2 176.8 178.2 178 177.1 174.7 155.8 146.1 144.9 145.7 144.8 142.1 139.3 137 134.3 132.3 129.5 129 134.6 140.8 145.6 158.5 158.5 154.1 156.1 154.8 156.8 145.6
159.6 159.8 159.2 158.6 156.3 153 149.6 146.6 146.3 144.9 142.6 139.6 136.8 133.3 131.6 130.5 137.7 142.4 147.3 151.8 155.6 157.4 158.5 158.3 158 156.7 156.2 157.4 158.4 158.2 157.9 157.2 155.3 150.4 146.1 144.8 146.1 148.3 151.6 153.5 152.1 148.9 144.2 142.3 150.4 159.6 163.5 166.5 166.2 171.7 174.5 176.5 179 178.6 177.9 173.4 155.3 151.3 144.6 142.6 141.9 142.8 146.1 136.8 131.1 129.1 127 134.1 141.7 142 145.6 157.8 154.1 154.1 154.1 154.1 154.5 145.6
158 157 155.8 155.2 154.1 151.5 148.7 145.1 143.3 141.4 139.7 138 134.7 132.7 131.9 130.1 137.4 142.4 147.1 151.7 154.2 155.8 156.2 155.9 155.6 154.9 154.5 155.7 157 157.3 156.1 155.4 154.8 152.1 148.3 144.6 142.9 145.3 149 150.8 149.8 146.3 141.7 143.4 149.4 156.6 161.1 163.9 167 168.3 172.8 176.8 178.6 178.5 177.6 174.2 152.5 144.6 142.9 142.7 138.5 142.3 138.4 134.6 130.3 126.3 130.8 137 144.4 150.2 152.5 157.3 154.1 154.1 154.1 157.2 149 145.6
155.2 153.7 151.1 151.6 150.7 150.1 148 144.8 141.4 139 137.1 135.9 133.5 131.7 130.2 131.7 138.1 142.6 146.9 151.1 151.6 153.6 152.9 152.5 151.7 151.9 153.3 154.8 155.1 155 154.3 154 153.5 151.9 149.8 145.4 142 141.6 145.4 147.1 147.5 144.5 140 142.9 148.9 154.3 159.8 167.2 167.2 167 167.6 172.9 172.5 174.1 174.2 166.5 146.6 143.5 143.4 144.9 139.8 140.7 139.8 132.8 125.5 131.3 137.6 140 152.5 152.1 149.3 151.6 155.7 154.1 154.1 162.8 145.7 145.9
150.2 149.4 147.7 148.1 147.7 147.2 146.1 143.6 141.3 139 136.3 134.2 131.6 130.3 129.3 132.6 138.3 142.5 146 149.1 149.8 150 150 148.8 148.3 150.9 152.3 153.5 154 153.8 152.9 152.7 152.2 151.2 150 147.1 142.1 140 140.3 142.3 143.5 141.3 138.3 146.1 150.7 156.7 158.4 159.3 152 161.9 162.8 162.6 157.9 156.9 155.1 153.2 146.5 139.7 140.3 140.7 139.8 140.4 138.7 127.4 124.7 134.8 143.4 147.9 139.7 141.1 152.6 153.1 154.9 157.6 157.3 156.6 145.6 150.1
145.2 145.8 144.9 145.8 146.2 144.8 143.9 142.5 140 138 136.4 133.6 131.3 129.6 128.5 132.4 138.8 142.8 145.9 148.1 147.9 147.2 146.8 146.7 148.5 150.7 151.6 152 152.1 152.2 151.9 151.7 151.3 150.5 149.8 147.3 142.1 139.5 138.5 138.8 139.3 138.1 139.2 146.1 153 156 157.1 156.9 156.6 152 152 152 157.3 152.5 152.5 154.5 142.9 138.8 139.1 139.4 138.5 139.5 137.5 125 133.1 139.7 150.5 159.6 161.6 161.8 163.6 160.3 151.5 151.5 162.7 161.9 154.5 152.2
142.4 142.8 141.4 143.8 145.1 144.8 143.2 140.8 139.3 137 135 132.8 129.9 128.4 128.9 134.4 140.2 143.3 145.1 146.2 145.1 144.2 143.9 146.1 148.6 150.6 150.5 150.6 150.5 150.6 150.4 150.6 150.4 150 148.7 146.8 142.5 139.3 137.5 137.2 136.6 136.8 140.7 149.1 152.6 154.4 154.7 154.1 152.6 155.2 152 158.9 158.4 152.5 152.5 155 143.9 143.9 143 136.4 136 137.8 125.3 126.4 140.2 149.2 153.5 153.7 152.3 152.6 154.6 166.7 151.5 151.7 161.2 158.5 154.6 145.8
139.8 140.8 139.6 142.2 143.1 142.8 141.4 139.2 137.4 135.1 133 130.8 129.8 126.9 129.6 136.1 140.8 142.5 143.4 143.6 141.8 141.9 145.5 148.2 149.4 150.1 149.7 149.3 149.2 149.2 149.3 149.4 149 149.4 148.6 147.2 144.8 141.2 138 135.8 135.8 135.1 138 144.5 149.2 150.8 151 150.4 149 149.5 154.3 155.7 154.7 154.7 155 152 143.9 143.9 140.6 134.5 133.2 133.5 122.9 128.1 139.7 143.9 144.6 144.3 144.2 149 153.5 165.1 151.7 151.7 153.7 154.8 152.2 150.3
137.2 136.6 137.7 140.2 141.3 140.7 139.5 137.7 135.9 134.2 132 129 128 126.9 131.2 136.8 139.7 140.7 138.9 138.9 141.8 144.3 146.8 148.3 149.1 149.7 149.1 148 147.9 148.1 148.4 148.7 148.8 149 148.2 147.5 146.5 143.6 139.7 136.5 135.1 134.6 136 138.3 143.1 145.1 146.3 146.2 145.8 145.3 147.9 151.7 152 152.6 152.5 151.6 148.1 144.1 138.3 132.8 130.7 131.7 122.5 131 136.3 135.9 136.5 138.8 142.7 146.2 151.7 161.4 152.9 151.7 151.7 151.7 155.9 152.7
134.6 134.4 136 137.9 138.4 138.9 137.6 135.8 134.5 133.2 130.7 128.2 127.8 126.7 129.9 134.9 137 135.9 136.3 140.4 143.2 145.2 147 147.9 148.6 148.6 148 147.1 147.1 147.4 147.6 147.9 148.2 148.4 147.9 147.5 146.2 144.8 142 138 134.8 133.4 133.9 137 139.5 142.1 143.4 143.1 142.5 143.5 146.2 149.2 150.7 150.6 150.7 151.1 148.7 143 135.6 132 129.1 130.1 123.3 127.4 128.4 132.7 138.6 140.1 144.3 149.4 156.9 163.4 153.3 151.7 151.7 151.7 151.7 156.3
131.9 131.4 133.3 134.4 135.1 136.3 135.2 134.2 133.3 132.2 129.5 126.9 126.5 126.6 128.2 131.4 132.3 133.2 138.2 140.9 143.6 145.6 146.7 147.6 147.6 147.5 146.9 145.8 146.2 146.5 147.3 147.5 147.8 147.9 147.5 147 145.9 144.4 142.1 138.9 134.5 133.2 132.5 134.3 136.6 138.4 139.7 140.1 139.4 142.3 144.7 147.2 149.3 149.5 148.3 149.3 147.8 140.6 134.5 131 128.7 129.4 121.5 128 133.3 137.8 148.6 149.1 156 157.9 165.4 158.6 156.4 151.7 151.7 151.7 154.9 154.8
129.2 129.3 130.4 132.3 132.5 133.8 133.3 132.8 131.9 130.4 127.6 126 125.4 125.3 127.3 130.5 131.3 134.2 138.7 141.3 142.8 144.7 145.7 146.2 146.5 146.1 145.2 144.5 145.6 147.3 147.5 147.6 147.7 147.6 147.2 146.7 145.6 143.7 141.6 138.4 135.2 132.5 131.4 131.6 133.1 135.4 136.9 136.9 138 140.8 143.6 146.2 148.3 148.7 147 144.5 141.5 135.8 133.1 130 126.7 122.9 121.9 128.5 136.8 147.1 151.4 156.8 163.9 164.3 157.2 157.8 156.7 153.3 151.7 155.6 151.6 148.3
127.1 127 128.2 128.5 129.6 131.4 131.8 131.1 130.5 128.9 126.5 125.4 125.6 124.2 125.3 127.8 131.4 135.4 138.7 140.7 141.7 143.3 144 144.8 145.1 144.8 143.2 145.1 146.2 148 148.2 148.2 147.4 147.2 146.8 146.4 144.6 143.3 141.5 139.4 136.9 133.8 130.8 130.7 130.3 133.2 134.4 134.4 137.2 140.7 143.1 144.9 146.5 147.3 146.3 142.9 138 134 131.2 129.1 125.2 121.2 121.2 126.6 132.8 136.8 140.6 151.4 159.9 157.8 152.8 144.8 145.3 158.6 153.9 148.9 145.8 141.2
124.7 125.3 125 125.5 126.6 128.5 129.7 129.8 129.3 128.3 125.9 124.7 124.7 123.7 125.4 128.8 133.2 135.9 138.1 139.5 140.6 141.6 142.6 143.4 143.5 142.6 143.1 145.6 147.2 148.5 148.7 148.8 148 147.1 146.8 145.8 144.2 142 140.2 137.9 135.8 133.3 130.5 130.1 129.5 129.9 131.6 133.3 137.6 139.3 141.9 143.9 145.2 145.3 144.2 142.3 139.6 132.7 129.9 127.9 124.5 121.2 121.2 127.2 131.8 136.7 144.2 156.1 152.8 151.6 147 141.6 140.3 144 150.8 143.3 139.2 146.9
124.8 124.3 123.7 123.5 123.9 125.9 127.4 128.2 128.3 127.4 125.3 123.9 123.9 123.6 126.4 130.1 134 135.7 137.4 138.5 139.7 140.4 141.2 141.5 140.9 142 144.6 146 147.6 149 149.2 149.4 148.8 147.5 146.7 145.2 143.5 141 138.5 136.1 133.8 131.9 130.3 129.3 128.7 128.9 129.8 132 135.3 136.8 139.7 142.6 144.1 144.8 144.3 142.5 138.6 133.1 129.7 126.2 123.8 120.3 120.7 130.2 136.6 143.8 150.8 151.7 147.5 146.2 142.1 138.6 137 137.2 136.6 138.1 145.4 153.3
125.5 124.3 123.9 123.3 123.4 124.5 126.2 126.9 127.3 126.4 124.4 123.5 123.4 125.3 129.8 131.7 134.1 135.4 136.5 137.4 138.1 138.8 138.7 138.5 140.7 144 145.1 146.5 147.6 148.8 149.4 149.6 149.2 147.8 146.5 144.4 142.4 139.8 137.2 136.2 134.9 132.8 131.4 129.2 128.1 128.5 128.6 130.1 132.6 134.6 139.3 141.5 143.2 143.8 143.8 141.4 137 132.9 128.5 125.5 122.3 117.4 119.9 129.2 137.9 146.1 148.3 146 143.3 139.8 138.3 136.3 134.3 133.6 137.9 145.4 154.3 157.7
132 128.3 125.3 123.1 122.4 121.2 123.6 126.4 126.6 125.2 123.3 122.9 123.4 126.4 130.2 132.5 134.2 134.8 135.2 135.2 135.9 135.9 136.8 140.1 142.6 144.5 145.3 146.2 147.8 148.6 149.3 149.7 149.2 147.9 146.7 145.1 143 140.2 139.1 138.5 138.3 135.3 132.8 130.2 127.2 127.6 127.1 128.3 130.6 133.4 137.2 140.1 142 142 141.4 139.3 135.9 132.2 127.9 124.9 120.9 119.5 120.1 127.7 136.3 144.5 145.7 142 138.3 135.9 135 132.5 132 136.4 144.2 153 156.5 157.9
137.2 134.5 129.6 124.7 122.4 121.2 121.2 124.1 125.6 124.1 122.9 122.6 122.3 127.2 130.2 132.2 133.4 133.3 133 132.9 133.9 136.6 139.4 141.8 143.4 145.1 145.8 146.4 147.6 148.2 148.9 149.5 148.9 147.9 146.7 145.7 143.6 142.4 141.1 139.8 139 136.3 133.1 130.8 127.8 126.6 126.2 126.9 129.4 131.7 134.4 137.7 138.7 139 138.6 137.3 135 130.6 127.1 123.6 120.4 118.7 120.9 132 140.8 143.3 142.9 137.2 134.1 132.3 130.5 129.7 134 141.7 150.7 153.9 155.4 156.4
138.4 135.9 132.2 129 125 121.2 121.2 121.2 124.4 122.2 121.9 121.5 123.5 127.3 129.6 131.8 131.8 130.8 130.7 133.9 136.5 139.2 140.6 142.1 143.6 144.7 145.1 146.4 147.3 147.9 148.6 148.6 148.4 147.8 146.9 145.8 144.6 143.1 141.9 140.3 138.9 136 132.7 130.4 128.1 126 125.5 125.5 128.4 130.7 132.8 134.7 136.2 136.6 136.2 134.8 132.4 128.7 125.4 122.2 119.8 117.4 120.9 133.4 138.9 141.1 140.1 133.7 130.9 128.9 128.3 131 140.1 147.7 151 152.8 154.2 154.8
139 137.1 133.8 129.1 124.4 122.2 120.4 121.3 122.2 122 121.3 122.4 123 126.9 128.9 129.8 128.9 129.5 132.7 135.2 137.5 139.3 140.7 141.6 142.7 144.5 145.2 146 146.9 147.6 148.1 148.5 147.6 147.2 146.7 145.9 144.7 143.7 142.4 140.9 139.6 137.3 134.4 131.6 128.5 125.5 125 124.8 127.2 129.7 131 132.5 133.9 134.7 134.5 133 130.6 127.4 125 120.9 118.5 117.8 126.3 135.8 137.3 138.7 136.9 130.8 127.6 126.1 127.5 135.8 145.6 148.4 149.7 150.7 152.3 153
138.4 136.2 132.9 129.2 125.7 121.4 120.8 120.5 120.6 120.9 121.5 121.2 122.2 124.9 125.5 126.5 126.9 130.4 133.1 135.7 137.6 139.1 139.8 141.3 143.4 143.8 144.6 145.2 146.5 146.8 147.6 146.9 146.7 146.2 145.9 145.3 144.6 143.4 142.6 141.8 140.2 138.3 135.4 132.1 128.8 125.4 124.2 124.1 126.4 127.6 128.4 130 132.1 132.9 132.9 131.5 128.6 126.4 122.9 119.7 117.6 116.4 123.7 131 136.2 137 134.2 128.7 125.5 124.3 129.4 137.7 143.8 145.6 146 147.5 149.7 150.8
137.7 134.6 130.7 127.8 125.2 122.1 120.3 119.8 120.5 120.6 120.9 121.1 122.1 123.4 124.9 126.2 126.9 129.5 132.7 135 136.8 138.2 140 141.6 143 144.2 144.7 145.3 146.5 146.4 147 145.4 144.6 144.7 144.4 144.2 143.4 142.9 142.2 142 140.6 137.9 135.2 132.1 128.9 126 123.6 123.8 124.3 125.4 126.4 128.5 130.3 131 131.3 130 127.7 124.9 123.5 121.3 117.9 116 125.8 131.3 134.2 134.5 131.5 127.6 122.9 124.7 130.3 137.1 140.9 142.2 142.9 145.3 147.3 148.8
138.7 136.3 133.1 130.5 128 124.1 121.1 119.4 118.9 119.6 120.9 121.8 123.9 128.2 129.8 130.6 130.9 129.5 130.6 133.3 136 137.4 139.8 140.7 142.4 143.6 144.2 144.5 145.9 146.4 146.2 144.4 141.8 141.4 142.2 141.9 141.5 141.8 141.9 141.2 140.2 138.1 135.6 131.7 128.2 125.1 122.2 122.4 122 123.2 124.7 126.3 127.7 128.2 129 128.7 127.4 124.7 123 121.1 117.4 116.1 122.1 127.7 130.8 131 129.8 126.1 121.1 127.6 134.8 136.9 138 138.1 140.6 143.1 145.3 146.1
139.8 137.8 135.7 132.9 129.8 125 121.3 119.3 118.5 121.4 121.5 123.8 126.6 129.9 131.8 133.1 133.3 134.8 133.7 132.9 132.9 136.6 138.6 140.7 141.7 143 144.1 144.1 144.8 145.1 144.8 143.8 141 139 139.5 139.7 140.2 140.5 140.7 140.3 139.4 137.2 133.9 130.2 127.5 125.2 122.9 121.9 121 120.2 122.2 123.1 123.9 124.4 125 126.7 126.1 124.4 122.3 118.9 116.5 115.1 118.4 123.5 127.1 127.8 127.6 124.3 119.5 127.4 131.9 133.6 133.9 134.9 138.3 140.5 142.2 143
140.4 139.1 137.3 135.1 131.7 126.7 122.5 119.4 119.3 121.4 121.4 123.6 127.4 130.1 132.4 134 135.3 136.5 137.3 137.3 137.3 136.4 138 139.2 140.9 141.5 143 143.7 144.4 144.3 144.3 143.1 141 138.5 137.2 137.9 138.8 138.4 139.4 139.4 138.4 137 134.2 128.6 126.4 123.7 122.3 121 121.1 120.2 119.2 120.3 120.7 121.5 123.3 123.1 123 122.1 121.1 119.1 115.6 114.9 115.1 119.1 122 124.5 124.8 121.8 118.2 124.7 127.9 131.3 129.3 132.2 135.9 137.8 139.1 139.8
140.6 139.7 138.2 135.7 132.9 128.4 123.1 120.2 117.1 121.4 121.4 123 126.2 129.1 132.2 134.1 135.9 137.3 138.6 138.1 139.4 139.7 138.7 138.8 140.1 141.7 143.3 143.8 143.9 143.7 143.3 142.3 140.7 139.2 136.3 135.3 136 136.8 138.2 138.4 137.6 135.8 133.5 129.8 127.2 124 122.2 120.7 119.9 119.8 119.3 118.5 118.7 119.5 120.3 119.1 120.6 120.5 120.5 119.3 115.8 114.9 114.4 115.4 119 121 121.7 119.3 117.3 123.3 128.7 128.2 126.6 131.1 133.7 135.1 136.1 135.7
139.6 139.4 138.1 135 131 127.3 122.1 118.7 116.7 119.1 121.2 122.1 125.1 128.7 131.9 133.8 135.8 137.5 138.6 138.3 140.1 140 139.8 139.7 140.6 142.2 143.2 143 143 143 142.8 142.3 141.1 139.6 137.7 135 133.4 135.4 136.7 137.5 136.4 134.6 132.3 129.6 126.1 124.7 122.5 121 119.6 119.3 118.7 117.7 117.2 117.7 118.2 118.4 119 119.1 119.1 118.7 117.2 114.6 114.1 114.1 115.6 118.1 120 116.5 116.8 123.8 127.3 125.1 126.3 130.4 131.7 132.8 133.5 132.6
138.4 138.8 137.2 133.4 128.3 125.5 121.9 118.7 118.3 118.1 119.7 123.8 125.7 128.3 131.5 133.4 134.5 136.4 137.9 137.6 139.1 139.2 138.8 139.3 140.5 142.2 142.8 142.1 142.1 141.6 142.3 141.5 141.3 139.9 138.1 135.6 133 132.8 134.4 135.1 134.2 132.4 130.4 128.4 125.9 123.8 122.8 121.2 119.8 119 118 117.4 117.1 115.5 116.1 116.8 117.1 117 117.6 117.4 116.9 114.3 113.5 113.6 113.7 116 115.8 115 116.1 120.8 122.6 120.1 123.7 126.6 127.3 128.1 129.8 129.4
136.2 137.3 136.8 134.1 128.8 124.2 121.3 118 117.3 117.8 119.2 123 125.7 127.2 130 131.3 132.4 134 135.2 135 136.1 136.3 137.1 138.7 139.2 140.8 140.3 140.8 141.1 141 140.8 141.1 140.6 139.3 137.4 135.8 134.2 130.6 130.6 131.3 131.5 130 128.3 126.2 124.7 122.5 122.3 120.7 120.7 120.1 118.1 117.1 116.8 115.7 115.5 115.2 115.6 115.5 115.5 115.1 115 114.2 113 112.5 112.4 113.6 113.6 113.6 114.6 115.4 116.2 116.9 118.9 120.7 122.3 124.3 125.9 126.9
133.8 134.9 137 135.6 131.2 126.6 122.6 118.6 116.9 116.9 118.6 121.7 123.8 125.6 127.4 128.9 130 130.7 131.6 131.5 132 132.8 134.5 136.2 136.8 137 140 139.1 139.5 139.3 138.9 139.1 138.4 137.9 136.5 135.6 134.5 132 128.6 128.8 129 127.6 126 124.5 123.3 121.4 120.4 119.5 119 118.4 117.6 116.9 116.7 115.7 114.6 114.2 113.5 113.3 113 112.7 112 112.6 112.9 112.3 112.4 113 112.8 113 112.3 112.2 113.2 114.1 115.6 117 118.9 120.3 121.9 123.3
