WholeMapElevations/data/sk/sk19_OST50GRID_20230518/SK19.asc
ncols 200
nrows 200
xllcorner 410000
yllcorner 390000
cellsize 50
[rows 140 to 174 of 200, columns 0 to 77 of 200]
455.7 428.1 442.2 468.5 475.6 479.1 480.9 480.9 477.4 471.8 474.1 475.3 472.8 480.5 486.3 491.8 499.5 507.4 512.4 515.7 518.5 520 520.8 520.4 519.8 518.2 514.1 509.5 505.9 502.6 498.6 493.4 481.4 484.6 489.5 490.7 492.4 493.5 493.1 491.6 488.9 484.8 462.7 421.1 409.1 383 361.5 385 408.5 430.9 454.6 475.9 483.7 485.8 486.9 488.1 491.7 494.8 494.5 492.7 492.4 492 492.5 494.1 495.6 495.9 495.7 495.9 495 494.2 493.7 492.9 492.5 492.1 490.8 488.5 483.2 478.7
440.2 425.5 448.5 465.7 471.7 475.1 477.7 477.9 475.1 465.9 459.6 462.2 470 478.5 485 491.3 499.7 505.6 510.2 514 517.1 518.9 519.8 518.7 519.3 517.5 513.5 508.8 505.2 502 497.1 490.3 483.1 489.3 493 494.6 497.5 498.2 497.1 495.3 492 487.9 472.9 432.4 409 391.7 364.4 371.6 393.9 416.3 437.1 461.3 477.7 480.5 482.5 484.6 486.8 489.7 489.8 489 489 489.2 491.9 494.1 495.9 495.4 495.4 495.2 494.8 493.6 493.3 492.9 492.3 491.8 490.7 488.1 483.5 478.1
415.7 415.9 425.9 439.4 451.9 461.1 462.8 458.7 456.4 445.3 466.7 467.8 473.3 477.2 484.6 491.5 499 505.7 509.8 514.3 516.6 517.7 519.5 518 517.7 516.9 512.4 507.6 504.6 501.2 495.5 484.7 491.3 494.8 497.2 500.2 503 503 502 499.9 496.2 491.2 480.2 442.6 412.6 395.8 369.5 355.8 383.9 400.9 420.8 441.2 461.1 473.5 478.3 481.1 482.4 484.7 485.3 485.8 485.9 487.4 489.3 491.2 492.6 493.9 493.2 493.5 493.3 491.7 491.6 491.7 491.9 491.3 490.2 487.7 483.1 477.2
441.3 429.6 413.8 414.7 423.5 433.3 433.6 430.4 450.5 473.1 478.8 476.6 478.1 480.4 486.4 495.8 501.6 507.8 511.8 514.5 517.4 519.1 519.6 519.1 518.5 516.7 512.7 507.9 503.8 497.1 489.1 496.1 496.4 500.4 502.5 505.4 507 507.1 506 503.7 500.4 494 483.8 446.5 416.7 401.3 374.9 354.3 374.6 389.1 406.9 422.1 441.1 457.6 470.9 475.5 478.3 480.6 481.9 482.3 481.8 484.1 486.2 487.9 488.4 489.6 490.1 490 489.7 489.2 490.2 490.6 490.7 490.6 489.4 486.3 482 475.5
458.5 447.6 438.9 424.1 411.1 410.9 432.2 455 474.9 482.1 483.3 481.6 481.1 485.4 491.4 500.2 505.3 509.1 513.2 516.3 518.5 520.4 520.5 519.9 518.6 517.2 513.4 508.5 505 500.8 499.6 502.4 503.1 504.1 506.2 508.3 509.3 509.5 509 507.1 502.9 496.5 484.6 448.6 420.4 404.1 376.8 355.4 361.7 375.4 393.9 408 422.3 437.3 450.3 466 472.8 476 477 476.9 477.6 480.6 482.2 483.9 483.9 483.8 484.2 485.3 486.4 487.4 488.8 489.4 489.6 489.7 488.5 484.8 479.3 473.4
479.4 463.9 444 442 428.6 402.7 421.6 449.8 474.9 483.7 485.9 486 486.8 489.1 494.8 501.6 506.6 510.6 514.1 517.4 519.8 521.2 521.3 520.3 519.1 517.4 514.2 509.5 506.1 501.4 504.4 505.6 505.9 506.1 507.8 509.4 510.1 510.3 509.8 507.7 503.9 497 485.6 454.1 424.4 408.6 379.9 358.2 347.5 373.6 387.9 397.3 406 418.4 428.9 442.2 454.2 466.7 471 468.8 473.8 477 479 479.8 479 478.4 478.5 479.6 484 485.8 487.4 487.9 487.9 488 487.3 482.5 476.6 470.9
486.6 482.3 457.3 441.5 435.2 408.2 415.3 441.4 466.3 483.4 487.4 489.1 491.3 492.6 496.9 502 506.7 511.1 514.9 518.5 520.6 521.8 521.6 520.7 519.8 517.5 513.9 510.3 507.1 506 506 507.3 507.2 507.3 508.6 509.7 509.5 510 509.6 507.5 504.7 501.8 488.1 456.8 430.5 412.5 385.2 361 341.5 366.4 384 389.1 393.7 400.6 410.1 419.2 428.3 440.5 453.1 453.2 467.8 473.3 475.2 475.9 474.8 470.4 469.5 479 483.8 484.9 485.6 486.5 487 487.1 485.1 479.4 474.1 469
491 487.2 483.1 457.6 436.3 408.7 409 436.7 462.6 483.9 489 492.2 495.2 497.1 499.1 502.4 506.7 511.3 515.3 519.4 521.1 521.9 521.3 520.6 519.4 516.9 513.5 511.1 508 507.8 508.5 508.8 508.6 508.6 508.9 509.3 509.4 509.9 509.4 508.3 506.8 504.3 492.2 461.8 434.8 418 391.6 365.5 339.4 359.3 377.2 384.3 385.7 387.2 391.5 399.5 408.1 416.2 422.8 428.3 444.1 459.3 468.7 466.6 461 442.6 467.4 478.3 482.4 483.4 484.2 485.7 486.2 485.5 481.6 477 472 467.1
494.2 492.1 486.9 462.2 434.3 407.1 410.5 435.8 461.5 484.8 490.8 494.6 497.5 499.8 502.1 504.2 506.7 511.2 515.5 518.9 520.5 520.9 520.9 520.2 518.7 516.2 513.8 511.8 509.2 508.9 509.3 509.6 510 510.2 510.5 510.8 510.3 509.6 509.6 509.2 508.2 506.2 499 471.1 442.8 423.4 400.1 375 351 343.2 359.8 372.3 378 377.3 377.6 380.8 387.9 395.5 397.7 410.4 422.8 435.1 447.5 436.4 429.5 423.2 451.4 470.7 477.6 483.2 484.8 484.8 485.9 483.2 479.8 476 470.2 464.7
496.8 494.8 488.7 462.3 434.2 402.7 409.4 433.4 458.9 484.6 491.8 495.9 498.6 501.1 503.2 505.4 507.7 510.5 514.6 517.2 519 519.5 519.7 518.9 517 515 513.3 511.3 509.4 509.3 509.1 509.3 509.3 509.8 510.4 510.7 511.1 510.5 509.5 509.4 509.4 508.5 505.9 483.6 452.3 431.4 410.8 388.8 366.3 347.4 337.8 361 366.6 367.8 368.4 370.1 371.7 375 374 391.8 404.6 418.7 422.8 411.4 402.6 410.2 432.1 464.1 480.7 485 486.4 486.1 485.3 482.9 479 474.3 467.3 458.5
500 498.4 489.5 461.8 432.8 400.7 404.9 427.8 453 478.7 492.2 495.9 498.6 501 503.2 505.5 507.7 509.8 512.7 515.7 517 517.8 518 517.1 515.7 514.1 512.5 510.8 509.1 508.7 507.9 508 508.4 508.9 509.5 510 510.6 511.2 510.3 510 510.2 509.4 508.1 498.3 468 443 426.7 407.9 390.5 367.9 346.2 339.3 353.1 356.8 360.3 358.4 359.9 359.3 363.2 374.2 386.1 400.2 397.5 382.9 387.8 410.3 435.9 464 481.9 485.9 487.3 487.3 485.9 483.5 480 475.5 469.4 462.2
502.9 501.5 490.3 460 431.5 399.7 400.6 421.4 445.7 468.2 490.4 495.2 497.4 500.2 503.1 505 506.7 508.5 510.9 513.6 514.8 515.5 515.7 514.7 513.6 512.1 510.3 508.4 506.7 505.9 505.5 505.8 506.5 507.6 508.1 508.6 509.4 510.2 510.9 510.6 510.5 510.4 509.5 506.4 486.7 458.1 437.3 427.1 407.4 385.2 366.4 341.1 330.6 333.1 339.1 342.9 346.6 345 348.1 358.4 366.7 379 371.1 364 389.9 404.3 434.5 461 482.2 487.8 489.1 488.5 486.9 484.8 481.9 477.6 472.9 467.2
505.6 503.6 490.5 457.3 427.8 401.2 392 413.9 435.4 457.7 482.1 492.8 496.5 498.8 501.3 503.4 505.1 507.1 509.3 510.9 511.8 512.4 512.4 512.1 511.4 509.8 508.1 505.9 503.7 503.2 503.4 503.8 504.7 505.8 506.7 507.3 508.3 509.4 510.5 511 510.8 510.6 511.1 509.6 503.3 476.3 449.4 433.1 416.1 405.4 382.4 363 353.5 336.7 330.1 325.2 323.5 326.2 329.8 336.7 346.7 358.3 343.7 365.5 394.3 406.6 426.8 447.7 470.5 487.6 490.4 489.8 488.1 486.3 483.8 480.4 476.4 471.8
508.3 505.8 493.3 457.8 425.7 404.1 386.1 407 425.9 446.2 468.4 488.7 494.1 496.9 499.5 501.8 503.8 505.4 506.6 507.7 508.4 508.9 508.8 508.5 507.8 506.2 504.2 501.9 501 500.8 501.1 502.3 503.1 504.2 505 506.2 507.4 508.8 510.2 511.2 511.7 512.1 512.3 511.2 508.3 489.4 458.5 439.2 424.5 412.2 397.1 380.4 369.6 357.1 352.8 345 334.4 324.5 318.3 317.2 322 331.4 341.8 361.7 375.2 386.6 404.5 428.4 451.5 475.3 489.9 491 489.8 488.1 485.6 482.6 478.8 475.6
510.2 507.9 497.8 459.5 428.5 405.1 381.2 396.6 416.3 436.7 457.1 477.9 491.2 494.8 497.4 500.1 502.2 503.6 504.7 505.6 505.9 505.8 505.4 504.7 504 502.4 500.7 498 497.9 498.3 499.4 500.6 501.5 503.4 505 506 507.4 508.7 510.2 511.6 512.1 513.4 513.4 512.4 510.9 500.1 465.2 442.4 432.9 417.6 405.3 399.7 392.9 380.8 375.1 368.8 362.1 349.3 336.1 322.1 312.3 317.1 329.1 343.2 356.6 370 387.5 407.8 434.9 457.2 479.1 490.6 490.8 489.8 487.1 484.1 481.2 478
511.6 509.4 499.7 462.3 429.1 404.6 383.9 390.2 408.4 427 447.2 466.5 486 491.5 495 497.7 500.8 502.1 503.2 503.6 503.5 503.3 502.5 501.7 500.6 499.3 497.9 495.3 494.2 495.9 497.7 498.2 500.2 502.5 504.2 505.6 506.9 508.3 510.1 511.8 513.1 514.4 514.8 513.9 513.1 508.1 476.8 449.9 436.5 424.6 414.4 409.6 407.8 403 401.5 393.5 386.4 374.5 356.3 340.7 323.7 312.1 313.2 325.6 339.2 354.4 373.5 393.4 418.9 435.5 454.5 479.1 491.1 490.6 488.2 486 483.2 480.4
512.6 510.5 503.2 465.4 430.4 407.3 389.3 387.3 402.1 416.7 436.7 456.7 476.5 484.9 492.2 495.7 498.6 501.3 502.7 502.7 502.2 501 500.1 499.2 497.7 496 493.7 490.6 486.5 493.2 496.6 498.7 500.1 501.7 503 504.3 506.2 508.2 509.9 511.8 513.7 515.3 516 515.5 514.6 510.9 494.4 463.3 440.7 433.3 428.4 427.5 424.3 424 423.5 417.1 405.7 392.6 375.2 358.5 339.8 321.6 309.7 312.4 325.4 340.4 360.2 380.2 396 415.7 441.1 468.9 488.2 490.8 489.3 487.3 484.9 482.3
513.3 511.1 502.8 466.4 430 406.6 392.6 378.8 391.9 405.9 423.7 445.7 469.7 485.9 491.6 494.8 497.8 499.9 501.2 501.3 500.2 499 497.9 496.5 492.2 489 483.7 479.4 490.1 494.6 497 498.4 498.8 499.8 501.5 504.1 506.2 508 509.8 511.7 513.6 515.5 516.4 516.2 515.3 514.7 511.2 493.8 460.2 442.8 438 439.7 444.8 448.1 447.5 436.1 423 405.7 389.7 374.4 356.8 339.2 318.6 307.5 311.5 327.8 347.4 366.1 384.1 405.1 431.4 453.6 472.5 488.7 490.9 488.7 486.4 484.2
513.6 511.5 502.2 463.7 430.3 408.9 391.9 373.3 387.4 398.5 414.2 437.9 462.1 483.8 490.7 494 496.4 498.3 499.3 499.2 498.2 497 495.5 492.9 488.9 478 470.9 485.2 491.1 493.9 496 497 495.6 497.2 501 503.5 505.5 507.5 509.4 511.1 513.1 515.2 516.5 516.1 515.5 515.7 515.3 511.6 496.6 474 464.6 465.4 470.2 472.7 465.2 452.1 435.1 415.3 397.8 383.9 369.7 350.6 326.8 306.3 305.9 314.4 333.7 353.1 373.5 392.3 410.3 432.6 451.6 473.3 489.4 490 487.9 486
513.4 510.7 494.5 459.6 432.8 412.1 395.7 374.2 381.5 391.6 404.5 427.5 452.9 476.2 488.6 492.3 494.7 496.3 496.9 496.8 495.9 494.7 492.7 490.7 486.3 468.7 475.4 485.4 488.6 490.3 492.2 493 492.3 496.5 500.3 502.8 504.9 507 508.8 510.3 512.4 514.6 516.4 516.2 515.8 516.1 516.4 515.5 512.1 503.2 495.2 491.4 487.7 484.4 475.6 461.6 441.8 420.5 402.6 389.3 375 357.5 334.8 311.6 303.7 304.6 320.6 341.1 359.5 376.7 394.2 415.2 437.9 456.2 483.9 489.5 489.9 488
512.8 509.6 491.6 457.9 434.3 413.1 396.1 378.7 375.9 386.6 397.1 417.4 442.2 466.4 485.3 490 492.1 493.5 494 494.1 493.2 492.1 490.5 488.5 485 464.9 468.4 481.1 478.2 474.5 477.3 484.8 495.1 497.5 499.1 501.6 503.5 505.7 507.5 509.4 511.5 513.4 514.8 516.2 516 516.7 516.6 516.1 514.4 510.7 506.8 501.9 496.1 489.5 482.2 467.5 447.3 426.5 407.3 392.5 375.2 356.2 336.5 315.3 301.3 302.9 310.5 327.4 346 362.9 378.9 400.6 424.2 449.2 465.7 480.1 490.5 490.8
512.4 508.9 495 460 434.5 414.7 397.8 381.1 371 381.5 390.2 407.2 431.6 457.1 479.4 486.8 488.8 490.1 491 491.1 490.3 489.2 487.7 485.5 481.8 466.6 453.1 464.7 464.3 479.7 489.5 492.6 495.5 497.1 498.3 500.4 502.1 504 505.2 506.4 508.3 510.9 513.3 514.7 516 516.3 516.3 516.3 515.4 513.8 510.8 506.6 500.1 493.9 486 473.2 452.9 432.6 412.6 397.1 377.8 356.7 335.8 315.7 302 300.9 303.2 317.7 334 348.1 363.3 386.9 418.3 435.3 444.8 459.4 481.4 491.6
510.9 507.5 500.8 470.6 440.3 417.5 403 383.9 365.1 374.9 384 394.3 419.7 441.4 463.6 480.4 484.6 486.1 487.4 488 487.4 485.9 483.5 480.1 475.7 460.3 436.3 458.3 478.7 488.8 492.3 494.4 495.8 496.6 497.8 499.3 500.4 500.5 501.5 503 505.1 507.8 510.6 512.9 514.2 514.8 515.4 515.7 515.3 514.7 512.6 509.3 504.9 497.5 488.9 477.2 458.3 438.1 418.2 400.1 380.6 359.2 337.9 316.3 302.1 300 297.6 309.9 322.1 334.1 348.3 369.4 396.5 414.6 427 445.6 465 488.8
508.9 505.5 500.9 486.7 457.5 429.4 408.6 390.1 370.5 367.2 377.7 384.8 404.6 424.9 443.1 460.3 476.9 482.3 483.5 484.1 482.9 480.4 476.8 472 460.9 444 440.8 467.1 485.5 491.3 493.3 495 495.8 495.8 496.4 497.1 497.4 496.8 497.8 499.1 501.5 504.3 507.9 510.6 511.9 513.5 514.1 514.4 514.7 514.3 513.4 511.6 507.7 501.1 492.3 481.1 464.3 444.9 424.8 403.9 383.5 362.2 340.3 319.5 301.8 298.6 297.7 299.2 313.1 323 334.7 353.1 372.8 392.6 411.9 433.2 452.8 478.1
505.8 503.2 499.9 494.8 476.9 444.6 414.5 396.7 375.2 361.5 369.3 377.9 386.8 405.2 424 441.9 459.7 472.9 478.6 479 476.5 472.7 466.7 455.8 440.6 423.3 450.6 474.2 488.2 491.9 493.7 494.5 494.5 493.9 493.9 493.8 493.5 493.3 494.2 495.6 498 501.2 505.4 507.9 509.3 511.2 512.8 513.2 513.6 513.6 513.5 512.4 509.6 503.8 495.1 485.3 471.4 454.8 435.1 414.9 393.4 370 346.4 322 302.9 296.9 296.3 296.2 307.1 315.9 324.6 337.6 353.6 374.7 398.3 417.7 440.1 461.9
502.8 500.3 497.3 494.2 487 459.4 425.5 402.9 380.4 367.6 359.3 370.6 379.6 387.4 406.2 424.2 440.6 458.1 471.2 471.8 469 461.4 449.2 434.1 418.9 426.1 456.7 481 489.1 492 493.5 493.9 493.6 493.4 491.8 489.4 489.1 489 490.3 492.9 495.2 498.8 502.6 504.9 507.1 509.3 511 511.8 512.6 513 512.8 512.7 510.6 505.6 497.1 488.4 477.6 462 445.7 426.5 406.8 385.2 357.4 327.5 306.3 295.4 294.8 294.5 299.7 307.7 316.5 327.5 339.5 359 377.1 399.5 410.8 425.1
500.6 498 495.9 492.9 488.5 471.5 436.8 409.8 391.9 371.3 362.1 357.5 369.8 377.9 388.5 404.5 421.9 439.4 461 463 454.6 443.9 426.3 410.7 408.2 436.2 461.9 483.2 488.8 491.6 492.8 492.9 492.9 491.9 490.4 485.9 484.2 483.5 485.9 489.9 492 495.5 499.3 502.6 504.8 507.2 509.2 510.1 511 511.5 512 512.1 510.7 506.7 499.3 491.8 483 471.6 456.7 437.1 418.7 394.1 363.9 332.3 311.9 299.1 293.6 292.7 291.9 301 308.7 319.1 330.6 345 356.5 379.3 410.1 411.9
498.2 495.7 493.7 492 487.6 474.7 449.4 424.7 403.1 384.8 369.7 360.9 355.3 365.1 375.3 389.3 405.9 420.6 438.6 445.1 431.6 415.7 399.7 395.4 420.4 446.1 469.1 484.4 488.1 490.3 491 491.6 491.4 490.5 488.7 486 479.8 476.7 483.6 485.8 489.7 492.8 496.2 500.1 502.8 505 506.9 508.2 509.4 509.9 510.2 510.5 509.7 506.3 500.8 493.7 485.9 478.3 466.9 450.6 430.9 401.9 371.5 343.8 320.6 307.1 293.3 291.1 292.1 295.9 302.8 317.7 332.1 341 346.2 356.6 383.2 413.9
495.3 493.4 491.5 491 488.2 483.9 472.9 444.2 423.4 404.6 389 371 356.7 351.3 360.5 374.3 384.2 399.8 414.8 415.8 402.6 386.6 386.3 409.4 433.4 456.1 475.8 484.5 487.4 489 489.6 489.9 489.7 488.5 486.4 483.7 477.2 472.9 479.6 483 486.6 490.4 494.1 497.9 500.8 502.1 504.5 506.7 507.7 508.1 508.5 508.5 506.9 504.3 501 495 488.5 482.4 475 462.3 439.4 411.2 385.2 359.5 330.4 317.5 303.2 290.9 289.8 291.8 303.9 321.9 328.4 336.9 348.4 354.8 368.9 385
492 492.8 491.3 488.8 486.9 484.7 480.4 469.2 448 428.4 406.4 383.5 366.2 348.8 345.5 358.5 367.9 378.3 392.3 387.6 374.1 381.4 405.7 427.4 446.8 464.4 479.3 485 487.3 487.7 488.1 488.3 487.5 485.6 483.1 476 462.8 473.3 480.2 483.7 484.8 488.8 492.7 495.9 499.1 501.5 503.6 505.4 506.3 505.8 505.6 504.5 502.6 501.4 498.9 495.2 491.1 486.5 481.6 473.4 453.4 427.1 401.3 373.5 345.3 326.4 310.6 293.3 287.3 290.9 309.6 318.5 324.6 335.2 350 361.8 374.8 373.7
488.5 490.6 490.6 489.3 486.3 484.2 482.2 478.2 470.7 450.6 425.9 399.2 375.1 359.9 343.8 346.9 353.7 363.1 369.4 361.4 377.1 399 421.3 441.7 458.7 475.4 481.9 484.9 486.6 487.2 487.9 487.2 485.2 482 470.8 455.1 475.6 483.7 486.6 488.2 490.1 491.5 494 496.5 499.3 501.3 503.2 504.3 503.5 502.3 500.6 498.6 497.2 496.4 495.2 493.6 491.7 489 485.9 480.7 469.7 447.3 420.5 392.9 363.7 338.3 316.9 299.5 286.8 287.8 311.1 324.7 332.4 335.9 343.5 360.3 388 382.1
484.2 487.2 487.9 486.9 485.4 483.6 481.6 478.5 474.2 465.9 445.2 415.9 389.3 370 353.3 338.5 341.2 351.2 360.6 375.7 399 419.6 439.1 453.6 470.1 480.6 484.7 486.8 487 487.3 487.6 486.2 483.6 477.7 451.9 466.7 479.2 485.4 488 489.8 491.8 493.1 495.2 496.9 499.5 501.1 502.2 502.5 500.7 499 497 494.9 493.2 491.9 491.2 491.2 490 487.9 486.2 483 474.9 461 434.5 407.5 381.8 351.6 327.1 308.1 293 287.9 305.1 321.3 328.5 336.7 341.5 352.7 380.9 389.9
479.9 483.4 484.5 484.4 483.4 481.6 479.5 476.5 472.8 467.5 458.1 431.8 407.3 384.6 364.2 338.9 338.7 347.6 361.4 380.8 407.7 432.5 447.7 463.6 477.7 482.6 486 487.8 488.5 488.6 487.5 485 482.6 476 450.3 454.8 469.8 483.6 488.4 490.9 492.4 494 495.8 497.6 499.2 500.4 500.7 500.2 498.1 496 493.9 491.9 489.9 488.6 487.3 487 486.1 485 483.8 481.2 474 463.3 442.3 416.4 391 364.6 336.9 315.7 290.8 284.7 296.8 312.9 323 341.2 332.8 349.8 368.1 382.8
476.3 479.6 480.5 481 479.8 478.4 476.7 474.3 470.6 466 460.3 447.3 423.6 399.9 373.4 348.1 336.5 345.9 361.4 379.4 405.2 434.7 453.2 471.8 480 483.5 486.4 488.2 489.1 489.1 487.2 484.6 481.5 476.7 456.6 436.8 459.8 479.5 486.9 490.2 492.3 494 495.8 497.5 498.7 499.1 499.2 498.2 495.8 494.1 492.1 489.5 486.6 485.2 483.5 482.8 481.9 480.8 479 473.2 460.2 445.7 435.4 418.2 396.7 375.2 347.7 321.7 303.9 285.1 284.9 301.9 318.6 328.4 329.6 339.7 360.4 373.5
472 475 476.6 476.4 475.4 474.6 473 471.2 468.1 463.8 459.4 452.6 435.6 410.2 382.5 357.2 332.9 343.4 360.1 382.3 406.1 432.6 457.2 474.6 480.1 483.8 486.6 488.5 489.1 489 487.2 484 478.5 461.8 444.6 430.1 453.2 475.9 484.9 488.9 492.1 494 495.9 497.1 498.1 498.3 498.1 496 494 492.1 490.1 487 482 479.7 479 477.6 476.1 472.4 465.2 456.3 441.7 424.5 416 408.7 398.9 386.6 358.6 327.9 299.8 292.9 283.7 289.9 304.5 321 323.1 326.4 349.9 363.5
