UK/data/nn/nn88_OST50GRID_20230518/NN88.asc
ncols 200
nrows 200
xllcorner 280000
yllcorner 780000
cellsize 50
[rows 35 to 69 of 200, columns 78 to 155 of 200]
701.9 694.8 690.8 679.5 659.2 655.6 650.8 664.8 683.9 693.7 701.6 709.3 717.6 729.6 738.7 750.1 758.4 762.6 768 772.4 777.6 783.2 785.1 782.6 778.1 773.8 766.5 759.5 755.6 751.6 748.2 743.7 740.3 737.5 735.4 732.6 730.7 727.4 725.1 725.9 727.9 724.7 723.5 720.3 712.9 708.4 701.1 692.9 686.5 679.2 676.9 670.5 662.9 657.5 651.6 649 646.5 643.8 639.4 635.1 625.6 620.8 610 596.9 591.2 590.2 590.6 602.9 614.6 628.7 646.3 657.5 680.8 705.4 717.2 726.8 728.4 723.5
705.7 697.2 693.5 677.8 658.8 653.6 655.9 672.2 683.8 691.5 699.7 708.9 718.1 729.4 737.5 749.5 755.9 762.2 768.8 776 784.7 791.1 794.3 792.1 787.4 781 773.6 766.6 760.4 756 751.9 748.4 744.9 742 738.9 737.1 734.8 732 729.9 732.4 734.5 732.6 731.6 726.9 720 712.7 706.2 699.3 694 687 681 673.9 664.8 660 655.1 652.8 651.1 648.1 644 639.2 630.2 621.7 609.6 599.8 592.5 594.3 592.6 600.7 609.4 622.1 639.7 659.9 685.8 704.5 717.7 728.2 729.3 723.4
709.9 702.4 693.9 678 662 654.8 662.6 672.3 681.1 688.8 697.3 704.4 717.2 727.7 739.6 749 757 764.3 771.2 780.2 793 798.7 799 797.3 793.5 786.7 778.7 770.9 767.7 762.6 757.5 753.3 749.5 744.8 742.8 741.6 739.9 736.8 737.1 740.2 741.6 738.7 738.6 733 724 717.9 711.9 706.6 700.4 693.4 684.9 677.6 671 664.8 660 657.5 654.8 652.4 648.1 642.1 635.6 625.6 611.3 605.7 594.4 593 595 594.8 610 618.2 636.9 662 687.1 702.8 718.5 729.1 728.9 723.2
713.5 706.8 694.3 678.1 660.8 660.6 667.9 669.6 674.1 684.5 693.8 703.6 717.5 727.6 736.9 746.7 756.8 764.9 773 783.5 792.2 796.5 799.7 799.7 797.1 791.8 783.5 776 772.6 767.6 762 757.9 753.8 749.6 746.7 745 744 742.8 743.9 746.9 747.1 745.7 744.5 738.4 729.4 722.2 717.1 712.2 707 698.5 688.6 682.7 675.4 669.2 664.5 662.4 660.3 657.9 652 642.9 637.9 631 612.5 608.1 597.9 596.8 594 595.6 602.9 614.7 636.3 663.2 684.7 698.6 712 724 725.5 720.6
716.2 707 692.2 669.7 658.5 663 669.1 680.3 685.7 687.1 690.5 698.6 713.1 725.1 733 742.3 752.1 761.5 770.6 780.6 787.2 792.2 796.8 799.9 799.3 795.6 789.5 781.7 776.4 773.7 766.5 762.6 759.1 755.4 751.3 749.2 749.7 750.2 751.8 755.1 754.3 753.7 749.7 743.2 733.6 725.9 722.1 716.4 711 704.4 694.2 687.3 681.3 674.3 670.8 668.5 666.7 661.7 657 649.2 641.3 628.5 619.9 611.8 602 598 595.8 594.8 598.3 606.6 630.8 658.2 678 691.1 706.4 719.8 719.5 715.3
717 705.3 690.7 666.5 662.2 666.9 672.4 681.1 688.7 691.7 687.9 697.2 710.1 719.7 730.3 737.9 745.6 753.3 763.2 771.9 778.9 785.5 793.4 798.7 801.5 799.1 794.3 787.2 782.5 778.4 773.5 767.2 763.4 759 755.7 755.7 756.1 757.6 760.5 764 763.9 760.6 754.6 746.8 738.1 730.8 726.4 720.9 716.3 710.4 700.8 693 688.6 681.2 678.5 674.2 671.7 666.8 663.2 656.8 646.1 633.9 624.4 612.4 604.6 599.4 597.5 595.3 598.4 607.5 622.6 652.7 672.1 683.6 700.6 712.7 713.1 708.8
715.5 703 686.3 665 664.3 671.6 678.2 685.5 691.4 699 701.1 697.5 705.1 715.6 725.2 733 739.6 747.3 756.1 764.2 773.2 781.6 791.4 799 803.6 802.6 798.3 792 786.8 782.6 777.8 772.6 769.3 765.9 762.9 762.4 764.6 766.6 769.8 773 774 769.3 759.9 751.5 743 737.7 730.3 725.7 721.7 716.4 707.5 700.7 694.1 690.2 688.1 680 675.6 669.1 668.7 659.6 645.9 640 628.1 617 607.7 602.6 597.9 595.6 598.1 601.1 616.4 640 662.5 675.2 692.4 701.2 703.7 701.4
710.4 699.3 682.2 666.6 667.8 677.1 684.3 690.2 695.9 703.1 707.6 709.9 708.1 712.2 722.9 731.6 737.1 745 753.6 764 772.4 780.5 791 799.5 805.5 805.5 801.7 797.4 792.1 787.2 783.1 778 774.8 770.2 769.8 770.1 772.9 775.7 777.9 783.3 782.2 776.7 765.8 756 748.7 742 735.4 730 725.1 720.9 714.5 707.3 702.2 700.5 696.5 688.4 680.7 673.8 672.1 666.4 652.4 643.3 636.8 616.5 608 603.3 598.3 597.1 596.2 600.2 612.4 630 651.6 667.4 680.6 689.1 694.1 694
698.6 687.4 677 669.1 668.6 679 687.9 698.4 701.7 710.3 713.6 717.5 718.5 719.3 720.7 730.7 738.2 746.5 754.3 763.6 772.9 783.6 793.1 801.4 807 807.9 804.7 800.9 795.6 790.9 786.4 781.1 780.3 779.2 778.6 780.8 782 786.4 788.8 791.2 789.4 781.6 768.8 760.3 753.2 747 740.8 734.7 729.7 724.6 718.8 712.9 711.1 707.1 702.8 694.1 684.7 677.4 674.1 666.3 655.2 642 632.8 619.5 610.5 603.1 598.9 597.9 596.9 599.4 608.2 625.8 643.6 660.2 670.6 677.4 682.9 684.7
707.5 703.3 691.6 671.4 670.2 680.7 695.4 703.2 712.8 719 724.1 727.6 727.7 728.5 727.6 734.5 740 747.9 758.1 765.8 775.9 785.8 796.8 804.5 809 810.2 807.4 804.2 799.4 795.3 791.5 788.4 787.2 789 788.3 790.4 792.2 795.2 802.4 800.2 794.9 786.2 773.9 764.8 757.2 750.8 745.6 740.5 734.8 730 723.9 719.5 716.8 713.1 707.4 698.6 689.9 681.5 676 668.1 656.7 643.2 635.2 620.1 610.5 604.7 599.1 598.2 598 598 604 617.1 640.1 656.9 663.2 668.6 673.5 675.6
715 708.4 696.5 673.8 672.8 682.7 696.6 706.9 720.1 727.5 735.3 738.4 739.6 739 738.9 735.2 743.4 754 761.7 769.8 780 790.9 802 808.7 811.9 812.3 809.6 807.5 805.7 803.2 801.3 800.5 796.9 797.8 799.1 801.7 805.3 812.9 813.1 809.8 800.8 792.2 779.4 769 763.4 756.1 749.9 746.2 741.1 735.6 730.3 725.7 723.2 718.1 711.8 703.4 694.3 685.2 677.9 666.6 657.6 641.8 634.5 622.7 610.4 604.3 600.3 598.4 599.2 598.4 600.6 614.8 634.8 651.3 656.7 661 664.6 667
718.9 713.2 702.6 681.1 674.6 684 698.9 713.6 727.4 737.9 746.3 751.2 751.4 751.7 751.4 749.7 744.2 759.5 768.2 774.2 786.5 796.4 805.5 812.4 815.3 814.8 813 815.5 815 813.7 811.4 809.9 806.6 809 813.3 815.9 821.8 824.3 820.4 817.6 807.7 796.9 784.6 774.9 769.5 761.4 754.9 751.1 745.8 740.4 734.5 730.5 726.5 719.4 713 705.4 696.1 687.1 678 664.8 656.2 644.3 634.4 628.1 614.9 604.8 599.8 598.9 599.4 598.5 601.8 610.9 627.6 640.3 650.4 655.6 659 660.9
723.3 718.6 709.1 692.2 676.2 683.5 698.9 717.3 732.6 748.4 758.2 763.9 765.6 765.4 766.6 765.6 763.4 761.1 775.7 783.8 793.6 803 811 815.7 818.3 818.7 821.4 824.2 825.6 823.4 822.1 823.1 819.6 821.7 825.3 829.5 833.7 831.3 826.7 818.9 810 798.5 787.2 781.4 773 765.9 759.3 755.1 750.3 743.7 738.1 733.3 727.2 719 712.9 707.6 699.7 688.1 677.1 667.4 658.1 645.9 640.4 624.6 617.3 605 602.4 600 600.7 601.3 601.3 604.7 618.9 630.7 643.2 650.5 653.9 656.2
729.3 722.9 714.4 700.2 685.4 683.1 697.4 714.5 735.7 754.5 766.9 775.9 780.1 780.9 782.4 782.2 779.8 773.4 781.9 792.7 801 808.5 813.3 815.7 819.2 822.6 827 830.4 831.6 831.9 831.3 832.3 831.5 833.9 836.6 841.2 839.3 836.6 828.5 819.7 810.3 799.8 791.4 787.7 777.8 769.3 764 758.9 753.4 746.3 739.7 734 727.2 719.7 715.8 709.1 700.9 688.1 677.3 665.7 659.8 652.2 638.6 623.6 616 606.8 602.8 600.5 600.5 601.7 602.2 601.4 608.7 623 632.6 642 648.3 651.8
733.1 728.7 717 705.2 693.6 679.8 692.4 707.3 732.7 754.6 772.1 786.2 792.5 792.8 794.2 794.6 789.2 784.2 791.2 798.8 805.4 806.2 809.2 812 815.5 820.1 823.9 828.7 831.1 834.4 836.7 836.9 837.5 841.8 844.9 844.4 839.8 835.4 826.5 816.8 808.9 800.5 796.9 792.6 782.8 773.8 767 761.5 754.6 748.3 742.1 733.4 726.4 720.2 715.7 708.3 697.8 687.5 676.6 667.2 657 646.1 630.6 626.5 617.6 608.1 605.3 602.3 602.6 602.1 602.4 602.5 605.1 613.8 623.5 634.3 641.7 646.6
738.8 733.7 721.7 708.8 697 688.3 686.4 702.5 727.1 752.7 774.5 791.1 797.4 799.8 806 800.7 795.7 791.1 793.6 797.9 799.3 800.3 802.1 804.4 807.5 811.4 815.5 819.2 823.9 831.2 835.9 839 841.2 844.6 846 842.9 834.9 827.4 818.3 810.8 804 798.6 796.3 791.4 783.8 776.2 769.7 762.8 756.4 749.9 743.5 734 728 721.2 715.9 706.4 693.2 684.6 676 665.9 652.4 643.4 631.2 624.4 618.5 609.8 606.8 604 603.5 602.3 602.6 603.2 603.3 608.2 616.7 625.8 634.7 640.7
743.3 737.6 725.8 712.9 700.4 693.9 682.4 694.8 717.4 746.9 771 790.5 799.4 805.2 810 804.1 798.3 793.3 790.9 791.9 790.7 790.9 791.9 794.2 797.2 801.4 805.6 810.7 815.5 821.4 827.7 833.2 839.5 841.9 841.7 836.5 828.9 819.5 809 802.4 797.3 793.7 789.6 785.3 781.1 775.8 770.6 764.4 757 751 744.6 736.8 728.9 723.1 715.4 703.2 690.9 681.7 672.4 661.7 650 640.2 628.6 625.1 620.9 611.5 606.6 603.9 603.7 603.5 602.9 602.5 603.4 605.8 612.5 620.4 628.4 633.8
749.4 741.1 730.3 715.9 705.7 696.9 688.3 686.5 707.4 733.9 762.3 786.4 800.2 808.3 809.4 802.9 795.5 789.5 785 782.4 781.1 778.9 780.5 784.3 786.6 790.4 794.8 800.7 807.3 812.6 818.4 823.8 831 835.9 833 828.4 820.7 810.7 799.8 793.6 787.6 784.4 780.9 777.7 774.6 772.3 769.6 764.3 757.9 751.5 744.9 737.1 730.1 722.6 714.3 698.7 690.7 679.9 670.8 654.9 651.4 643.3 635.8 627.4 618.2 611.9 605.8 604.4 603.3 603.9 601.9 602 603.9 606 608.8 615.7 621.8 627.3
756.3 741.6 733.3 724.5 712 702.4 692.7 683.9 696.8 720.1 749.4 777.2 796.4 805.6 806 797.5 789.7 781.6 774.8 773 770.4 769.3 770.2 770.8 773.3 777.1 783.2 788.8 793.3 800.4 806.7 814.7 821.8 826.2 824.9 820.9 812.3 802.2 794.4 786 776.8 772 771.3 770 768.8 768.3 766.1 761.6 756.1 750.5 744.2 736.5 728.4 721.5 710.7 698.7 688.2 678.4 667.2 657.5 654.3 642.4 634.9 626.4 621.5 612.4 606.2 605 602.9 603.1 604.1 602.5 603 605.6 608 612.1 617.3 622.9
764.6 754 743.2 731.3 718.4 708.1 697.7 687.7 686 706.8 734.5 763.6 789.5 800.9 797.9 789.1 781.5 772.9 769.9 763.3 762.4 761.1 760.1 759.8 761.6 763.7 767.7 774.3 781.5 787.9 796.6 802.6 811.1 816.2 816.6 813.9 806.8 799.4 788.6 777.6 768.8 765 762.5 762.1 762.1 761.2 759.9 757.1 752.6 747.8 741.5 735 728 719.7 706.8 697.4 684.6 674.8 665 656.1 651.1 642 632.5 625.8 618.7 609.9 607.7 604.7 603.9 605 603.3 603.3 603.3 605.3 608.4 611 616.1 618.7
773.5 763.4 752.1 738 725.7 713 703.3 691.5 685.8 693 719.5 749.9 778.4 791.3 787 778.4 772 766.5 762.6 757.6 753.4 752.8 751.6 749.1 752.4 755 758.6 765.6 772 777.6 785.7 793.8 802 806.6 808.7 806.5 801.5 793.8 785.5 771.9 764.6 757.9 756.7 755.8 754.6 753.2 750.7 749.6 747.5 743.6 738.8 731.8 725.4 713.7 704.6 695.4 681.5 673.5 663.4 656.8 654 639 634.7 625.2 617.8 612.5 611.1 605.5 605.3 603.3 602.7 602.1 602.9 604.7 607.6 609 611.4 614.2
782.5 773.8 760.5 748 735.6 722.4 708.9 698.3 689 688.6 704.7 733.3 762.3 774 774.4 768.8 761.5 757.2 753.8 749.6 747 745.4 743.3 742.5 743.4 748.2 752.4 757 763.4 768.4 774.1 782.2 790.2 795.9 797.2 797.3 795.1 789.7 781.8 767.6 759.3 754.2 750.1 748.5 746.9 746.3 743.5 741.4 739.5 737.3 732.6 726.4 719.9 710.5 702.8 690.6 680.1 670.3 662.3 657.5 651 639.4 633.7 624.3 617.4 611.5 608.5 607.4 606.8 604.1 599.9 603.1 602.6 603.7 604.6 606.8 608.7 611
790 782 772.3 759.4 748.1 734.2 718.8 704.8 693.9 689.1 696.9 719.6 740 754 757 755.2 751.2 747.8 745.3 742.9 739.5 737.1 734.3 735.5 739.4 742.7 746.1 750.4 755.4 759.6 764.9 771.1 777.6 783.6 787.7 789.7 788.8 786 780 767.8 758.2 751.6 745.1 738.6 739.8 738.1 735.6 733.9 733 729.2 725.7 720.6 713 707 696.6 687.5 678.5 669.8 665.6 655.2 649.1 639.5 632.2 623.3 611.7 609.5 607.7 607.9 604.5 599.9 601.1 600.2 602 602.4 603.3 604 605.1 606.9
802.6 792.7 782.6 770.6 761.6 750.6 730.7 716 704.3 694.4 689.8 707 723.7 739.2 743.6 743.5 742.2 739.9 738 734 733 729.7 729.8 732 736.5 739.8 741.7 744.2 747.9 752.6 755.7 761.2 767.7 774.3 779.1 783.3 784.3 782.2 777.8 769.3 755.6 749 743.9 737.1 727.4 730.5 728 727.3 727.4 724.3 719.2 712.9 706.1 697.9 688.6 681.7 676.9 668.8 662.6 653.3 647.3 643.4 633.2 622 614.9 612 611.2 607.2 602.7 600.8 600.2 600.2 601.9 601.3 601.1 602.3 602.5 602.7
811.8 803.6 792.6 783.4 776.2 768.1 747.6 730 716.5 703.5 693.5 694.8 707.1 719.2 730 733.5 732.8 732.3 730.2 728 726.9 722.7 724.1 729 732.3 735 736.5 738 741.6 745.8 748 753.5 758.9 764 771.2 775.9 778.2 776.7 774.9 769.2 757.3 746.9 740.9 734.8 726.5 723 721 720.2 718.4 714.4 710.7 704.5 696.5 685.9 682.5 676.4 672.2 666.6 662.1 653.7 648 642.1 630.4 626 620.7 616.1 609.8 607 605.2 601.9 600.6 600.7 601.2 601.1 600.4 600.7 600.8 600.7
818.1 811.5 803.1 793.9 787.6 782.6 766.3 748.1 731.4 716.5 704.5 693.7 694.2 701.5 714.8 718.4 721.2 723.4 723 720.7 719.6 718.2 721 724.5 726.4 728 729.7 734.2 734.8 737 743.8 749.7 754.8 759.5 764.9 769.8 772.5 772.7 770.7 766.1 757.9 745.8 737.6 731.5 726.6 718.2 713.3 711.4 708.3 705.3 701.1 691.7 686.1 682.5 677.9 673.5 667.1 664.5 657.3 650 644.2 634.7 631 626.3 621.8 611.8 608.3 607.2 605.4 603.9 602.9 601.6 599 599 598.7 596.8 597.4 597.3
820.5 815 808.8 802.8 798 797.7 784.9 765.8 749.7 733.2 722.6 707.2 698.9 692.7 700.4 702.9 713.7 713.3 713.5 714.8 714.9 713.2 716.1 719 722 725 725.6 729.3 732.7 736.2 741.4 744.8 748.1 753.2 759.1 763.9 766.5 767.6 765.8 762 755 744.4 733.8 728.3 722.2 716.8 710.8 705 699.2 695.6 692.2 688 682.7 678.4 672.2 665.9 662.9 657.8 654.5 649.9 639.7 636.5 633.8 625.9 618.6 617.4 610.6 606.5 605.6 603.1 601.9 602.2 600.7 599.4 599.1 598.5 597.2 595.6
817.5 815.7 812.2 807.1 807.2 805.3 797 782.9 767.2 749.2 737.5 725.6 713.6 705.5 695.4 700.3 702.2 708.1 707.8 710 711.4 712.4 712.8 715.5 719 720.6 721.8 726.5 730.9 733.6 737.3 741 744.7 749.6 754 758.9 760.5 761.2 759.9 755.8 749.8 740.4 730.9 720.6 715.2 711.1 706.8 701.1 694.8 692 687.3 683 676.6 671.8 672 666.4 663.9 657.5 649.7 641.9 638.1 632.1 629.4 623.3 617.4 615.4 609.6 606.6 604.8 603.1 602.9 601.6 601.2 599.8 599.6 598.7 597.1 595.5
810.8 812 811.6 810.1 810.5 808.9 802 791.8 778.1 759.4 748.5 738.3 723.5 715.7 709.7 708.7 706.1 702.2 704.1 707.1 707.6 709.1 710 712.3 714.3 716.8 720.1 723.4 727.5 730.6 734.4 737.5 739.9 744.7 749.6 753.6 754.8 754.3 750.6 747.6 741.1 732.3 720.8 716 712.5 707.1 699.6 695.7 692.6 685.7 682.1 676.4 673.1 670.4 664.5 662.2 657.7 651.9 647.1 639.3 635.4 631.5 626.2 623.2 623.9 612.6 608.4 608 606.2 605.7 603.8 602.1 601.4 599.9 599.4 598.1 596.8 596.5
801.9 804.9 808.3 810.3 812.6 811.6 805 796.3 784.3 770.8 755.4 746.4 730.8 719.3 713.8 714.8 710 705.1 704.5 705.1 706.4 708.3 709.1 711.1 712 714.9 718.6 720.9 725.2 727.9 730.6 733.2 735.5 737.9 743 747.7 749.1 748.9 745.6 740.1 733.4 726 719 712.4 706.4 701.1 696.1 691.3 687.3 683.2 677.9 673.1 670.4 666.2 661 656.3 651.9 647.1 643.2 638.1 634.1 633 626.9 627 615.4 614.1 608 607.8 606.7 604.7 603.4 602.3 601.9 600 599.6 598.5 598.1 598
791.4 795.9 801.4 807.5 811.6 812 806.4 799.2 789.7 778.3 766.5 754.2 738.7 729.3 722.2 717.7 709.2 709.4 705.6 706.1 705.1 704.8 707.9 708.1 710.6 711.9 715.2 718.7 721.4 724.1 726.7 729.3 728.8 733.2 735.9 739.2 741 740.4 738 732.9 725.8 718.5 712.2 706.5 698.8 690.7 687.9 685.3 682.6 677 674.4 669.9 665.7 661.6 658.9 652.3 647.8 643.7 640.9 640 632.6 629.5 628.3 618.6 612.9 613.7 609.4 607.9 607.4 606.2 603.7 602.3 601.1 599.2 599.7 599.1 599.5 598.6
781.4 785.8 790.8 800.6 806.3 808.1 805.5 800.4 792.9 782.4 772.7 759.7 743.3 733.6 725.2 716 715.9 710.9 707.3 706 706.6 704.8 704.8 704.2 707.7 710 713.2 715.2 718.3 719.6 722.1 724.3 726.5 727.2 729.4 730.5 731.4 731.5 728.9 723.1 716.2 710.4 701.4 699.5 696.6 690.4 684.6 677.7 675.8 670.1 667.9 664.2 663.1 657.3 652.4 647.1 646.1 641 641.7 636.3 632.4 627.7 626.6 617 619.5 613.9 611.2 608.8 607 605.7 604.4 602.7 603.3 602.9 602 601 599.7 599.1
773.7 777.5 783.4 790.4 796.7 801.4 802.2 799.8 793.5 786.1 776.1 762.3 747.7 727.4 729.2 720.8 712.8 710.7 707 704.8 707.9 706.8 705 702.4 706.7 708.6 711.2 711.9 714.3 717.4 718.6 719.6 721.3 723.1 722.6 723 724 722.3 720.1 714.8 710.2 701.8 698.8 693.2 682.9 675.7 672.8 668.8 666.1 662.9 659.7 659.7 656.9 653.8 648.5 646.3 645.6 638.7 634.1 628.4 631 627.6 626 619.5 617.8 612.8 612.2 608.7 607.6 607.2 605.6 603.1 605.6 603.6 603.3 603.3 601.4 601.2
764 768.4 773.9 779.5 786.1 791.7 795.3 795.2 791.7 785 776.2 761.6 743.7 735.9 726.9 725.6 715.7 712 708.3 708 707.9 707.3 703.9 700.3 703.7 707.7 708.7 711.2 712.9 715.3 715.7 716.4 718.5 718 717.1 717 715.7 714.2 712.5 709.7 702.5 687.2 681.8 679.6 683.5 680.2 677 675.3 669.9 666.8 661.6 654 651.7 649.9 648.2 643.5 641.3 639.4 633.2 635.4 634.5 624.8 619.8 622.8 615.1 614.5 613.5 610.1 609.4 607.7 606.7 604.5 604.6 606.1 604.7 604.2 603.5 603.4
755.4 759.4 763.4 770.3 776.1 782.2 786.6 788.7 787.1 781.8 770.2 754 737.7 739.4 728.5 721.6 718.6 710.7 707.5 707.6 708.3 706.5 702.9 699.8 701.1 705.3 706.7 708.5 710.7 712.7 713.6 714.1 714.1 712.8 709.9 712.1 710.5 709.6 701 692.9 689.9 691.9 692.9 696.8 693.8 688.3 684 678.7 675.1 668.9 665.7 661.1 657.6 652.1 648.1 643.6 638.3 635.9 633.4 631.9 627.3 622.8 623.8 622.8 614.5 614.2 613.1 610.9 609.6 608.8 606.7 606.1 608.2 607.5 606.3 605.5 603.8 605
