UK/data/ns/ns76_OST50GRID_20230518/NS76.asc
ncols 200
nrows 200
xllcorner 270000
yllcorner 660000
cellsize 50
[rows 108 to 143 of 200, columns 0 to 81 of 200]
77.5 78 78.6 77.4 73.4 69.6 68.8 68.7 69.6 71.2 72 71.7 68.1 72 73.1 73.6 73.4 72.8 72.8 72.8 73.7 75.1 76.4 76.9 77.7 78.2 80.8 84.6 89.3 91.5 92.6 90.7 88.2 82.4 78.9 78.1 78.7 77.5 75.9 72.8 73 74.1 75.3 76.3 76 76.5 76 77.1 80.9 80.7 79.6 80.4 82.6 80.2 78.7 78.7 81.6 83.5 84.9 84.4 84.7 82.8 83.9 82.9 81.4 81.5 82.2 78.5 81 81.3 80.9 80.7 77.5 75.9 78.9 78.7 78.9 78.7 79.3 80.4 81.3 83
78.2 78 78.1 76.2 73.2 70.3 69 68.4 69.1 70.9 71.4 71.2 71.2 73.1 74 73.9 74.2 74.5 73.9 75.6 77.3 79.4 80.8 81.6 81.3 80.1 80.8 86 91.7 92.6 93 90.9 88 84.1 81.1 79 79 79.5 78 75.2 72.7 73.9 74.4 74.4 75 76.8 75.4 76.3 77.6 79.1 75.2 75.1 80.2 78.4 77 76.8 78.7 80.4 81.2 82.6 79.6 79.6 80 80.5 80.6 78.2 76.1 78.6 81.1 81.3 81.3 81 79.9 80.6 82.2 79.8 80.3 80.1 80.2 80.4 82.2 84.3
77.9 76.3 75.9 75.9 73.7 71.1 69.8 68.9 69.6 71 70.7 69.6 69.1 72 73 72.8 75.8 75.2 76.1 78.6 80 81.7 83 83.8 81.1 81 80.5 81 84.1 92 93.1 91.8 87.8 84.2 83.1 82.2 80.5 78.5 76.6 74.7 70.9 71.9 73.4 74 73.3 74.6 74.9 75.5 77.4 76 75.1 75 80.8 78 76.9 75 76.2 77.6 78.4 78.7 79 78.6 79.5 80.4 80 75.5 78.4 82.4 83.1 80.2 80.4 81.6 82.2 82.9 83.7 82.9 81.6 81.2 82.3 83.4 84.2 84.8
78.1 76.5 74 74.2 73.4 71.8 70.3 69.6 69.5 70.8 70.7 69.5 65.4 69.7 71.8 73.1 75.8 78.7 84.5 81.2 83.7 83.5 83.4 83.4 81.5 80.2 76.7 74.8 79.3 80.2 81.2 87.9 87.9 84.8 82.5 81.8 81.6 79.8 77.2 75.1 71.6 70 72.2 72.4 72.9 73.5 74.4 75.5 75.8 75.4 75.3 75.7 80.2 77.8 76.2 77.2 73.4 73.8 76.4 77.1 77.4 78.2 77.7 77.5 79.1 82.8 85.3 88.5 86.2 81.4 80.2 82.3 83.2 82.8 88.5 88.7 88.8 89.5 89.7 89 88.3 87.6
78.5 76.3 75.5 72.6 72.6 72.7 71.9 70.8 71 71.1 71 69.9 67.6 68.8 79.2 72.5 77.4 79.7 82.3 85.5 85 84 80.3 81.2 80 78.1 64.5 62.4 64.1 70.4 76.4 77.8 78.7 80.6 81.7 79.9 77.5 77.5 76.2 75.3 72.5 71.3 74.1 72.5 73.9 72.7 72.5 73.1 75.5 81.1 77.2 81 74.2 77.1 79.6 76.6 73 72.9 72.2 75.4 76.5 79.5 79.7 82.7 85.2 88 90.3 89.6 89.4 89.4 89.6 85.9 82.9 81.5 80.9 80.7 82.3 84.6 84.6 86 86 87.3
80.1 78.2 75.5 75.5 74.5 73.9 72.4 70.5 69.9 70.3 70.5 70.7 69.8 74.3 71.9 71.8 72 80.4 78.4 76.5 74.2 71.7 72.6 73.6 71 63.3 62.1 63.1 63.7 62.2 64.6 67.5 69 70.9 73.9 75.6 77.2 77.2 75.8 73.5 68.3 74.6 75.3 75.7 75.3 76.8 78.9 75.2 72.1 76.3 76.6 75.9 79.6 78.6 79 77.9 74.3 72.4 80 81.7 81.7 81.9 81.4 81.4 81.4 81.4 81.4 81.4 81.4 81.4 81.3 80.8 80.9 80.5 80.4 81.1 82.4 82.5 84.6 84.9 86.1 86.6
79 77.1 75.4 75.9 74.1 72.4 70.8 69.7 69.1 69.3 69.3 69.8 72.7 76 71.7 71.5 71.9 71.8 72.8 67.4 61.8 59.9 61.4 62.7 57.3 64.9 67.2 69.2 69.3 70.4 69.7 69.6 69 68.9 67.8 65.5 68.5 70.3 71 67.3 74.3 75.8 76.3 77.2 78.5 80.3 77.9 82.2 79.6 77.5 77.8 78.9 79.8 79.5 79 78.8 77.5 75.9 76.6 79.3 79.4 80.6 81.4 86 88.9 88.7 86.1 83.1 83.4 82.7 81.5 81.3 80.9 81.2 80.1 81.4 81.2 81.1 83 84.2 85.5 85.8
77.7 76.9 75.4 74.7 73.1 72 70.4 69.6 69.9 68.9 68.2 69.4 68.6 68.7 69.5 71.8 75.2 69.2 59.1 56.4 52.8 58.5 60.9 65.7 68.5 73.1 81.9 81.8 82.4 81.2 81.2 80.2 80.1 80 77.5 77.5 74.5 74.3 74.5 76.1 76.3 76.3 76.3 76.3 76.5 77.5 79.6 80.8 81.7 81.6 80.6 80.4 80.3 79.1 78.1 77.5 77.6 77.8 78.4 79.5 80.5 80.4 81 84.7 88.9 88 85.2 84.1 83.1 82.5 80.9 82 80.7 81.1 80.7 80.3 80.2 80.1 82 82.3 83.7 85.2
76.7 76.7 75.5 73 71.4 71.5 70.3 70 68.5 67.4 67 68.8 68.5 67.8 69 71.5 62 54.4 52.3 59.8 64.5 67.3 73.7 82.1 89.2 86.8 85 82.5 82.7 80.8 80.3 79.7 79.4 79.4 79.3 78.1 77.2 77.2 75.7 78 79 80.2 83.2 83.9 84.5 83.4 82.2 82.6 81.8 81.8 80.9 79.6 79.9 79 77.7 77.3 77.8 78.9 78.9 80.2 80.3 81.2 81.1 81.6 83.5 86.6 85.2 85 83.2 82.4 81 80.8 84.2 81.6 81.1 81.2 80.3 79.5 79.5 81 81.8 84.3
75.4 75.2 75.4 73.5 71.8 71.4 70.7 69.7 68.2 67 67.1 68.1 66.5 63.4 56.8 52 56.9 61.5 65.7 72.7 82 88.6 89.5 88.8 88.8 87.5 85.4 81.5 80 78.2 78.8 77.6 77 78.9 78 76.9 77.3 77.1 78 82.6 83 86.4 88.9 89.6 84.6 83 83.5 83 81.4 80.8 80.5 80.6 79.6 79.6 77.8 77.8 79.1 79.6 79.1 80.4 80.3 81.1 81.5 82.3 82.8 83.3 83 83.7 83.6 82.1 81 81.1 81.3 80.8 81.2 81.1 80.4 79.6 79 81.4 81.7 82.6
76.8 75.6 73.2 72.1 70.6 69.7 70 69 68.6 67.4 67.7 66 55.3 48.5 59.5 64.5 67.4 72.3 77.1 83.3 88.2 91.4 92.6 89.4 88.4 85.9 85.1 84.7 83.1 78.9 76.9 76.2 77.3 77.1 77 77.3 77.2 79.6 83.3 86.7 91.4 93.9 92.9 86.2 83.5 83.7 82.5 83 82.7 81 80.9 80.5 80.8 78.9 78.3 78.4 79.2 79.4 79.6 80.4 80.7 81.3 81.2 80.9 82.3 81.7 82.3 83.7 82.6 81.9 80.5 80.4 79.3 80.2 82.2 81.6 81.6 82.3 81.5 82.5 82.7 86.1
77.2 75.7 73.2 71.2 68.9 67.3 67.5 67.9 67.7 65.5 65.3 51.6 45.6 56.7 65.5 68.4 71.9 74.3 78.5 83.5 88.7 92.1 89.1 85.9 86.4 86 87.5 88 86.3 84 81.5 79.5 79.3 78.8 78.7 77.7 77.6 79.5 84.7 91.5 97.7 95 88.4 83.7 80.5 83.3 82.9 83.1 82.7 82.4 81.2 81.5 81.9 80.1 80.6 80.2 80.2 79.9 80.6 82.2 82.4 83.4 81.6 81.5 81.2 82.7 83.7 83.6 82.9 82.6 81.9 80.7 79.7 81.3 83.5 83.5 81.7 83.7 85.5 82.8 83.5 84.3
73.4 74.1 73.2 70.4 68.2 66.5 61.5 65.8 63.7 65 54.2 43.3 52.7 63.5 64.5 65.2 69.2 72.2 77.6 81.6 85.1 87.9 87.5 86.2 86.2 85.7 89.1 92.1 90.8 88.4 84.5 82 81.7 81.9 80.8 78.9 78.1 80.3 82.4 88.9 94.9 94.4 88.7 83.9 79.8 77.6 78.3 80.7 81.6 80.7 80.6 80.5 81.1 80.2 81 80.4 81 80.8 81.8 83.9 86.5 88.5 85.1 82.7 81.1 82 85 85.2 84.7 82.9 82.3 81.3 80.5 81.5 83.9 84.3 86.1 83.9 86.2 84.9 84 84.8
66.9 67.1 68.3 64.7 62.7 62 62.2 63.6 61.3 60.9 54.4 46 54.5 60.8 61 62 65.3 69 72.6 77.4 80.2 84.4 86.6 86.2 86 86 91.3 94.4 93.4 90.5 87 84.7 83.7 84.6 82.9 81.4 82.4 81 81.4 84.3 84.7 92.1 89.8 87.1 84.1 82.8 81 83.2 83.4 82.1 81 80.7 80.4 81 83.2 82.6 85.9 86.3 85.2 88.5 91.8 92.6 88.1 84.5 82.3 82.7 83.9 84.7 85.2 84 83.6 83 81.8 83.5 85.4 87.3 87.6 88 80.7 84.4 84.3 84.5
66.4 63.3 60.6 64.5 60.2 58.2 60.1 61.4 61.2 60 56.3 53.3 57 59.5 60 60.7 61.3 65 67.9 73.6 75.9 79.7 83.8 86.5 85.9 86.6 87.8 92.6 92.2 91.2 88.4 86.2 83.7 85 85.6 85 84.2 82.5 82.3 82 84.5 85.9 88 90.6 89.9 87.1 85 84.9 84.3 82.7 80.9 79.7 80 80.5 83.2 87.6 89.1 91.1 91.1 90.2 91 91.1 89 84.7 83.4 83.4 84.7 84.6 85.5 85.3 86.1 85.2 84.9 88 89.2 87.9 88.3 87.5 87.9 81.5 84.5 84
60 59.3 57.5 56.1 56.6 55.7 57.6 56.1 60.2 58 59.2 57.4 58.5 58.9 57.4 57.8 59.7 61.1 63.2 66.1 70.8 74.1 78 83 85.5 87.6 87.9 89.2 89.4 89.2 88 85.2 81.6 81.7 82.5 83.7 86.4 85.3 84.6 83.2 84.4 86 87.2 88 87.9 86.5 87.1 86.3 84.3 81.4 80 80.9 80.9 81 85.2 89.5 92 91.1 89.2 86.8 85.9 85.5 85.5 87.3 88.3 85.3 84.5 88 85.5 86 85.9 87.3 89.3 90.3 88.9 89.2 89 88.7 88.4 88.5 83.2 85.4
52.2 53.1 53.3 52.6 52 55.9 54.7 57.7 59.4 57 58 58 57.7 57.6 56 56.4 57.8 58.8 59.5 63.9 67 69.4 72.7 77.3 82.2 84.7 87.5 87.6 87.5 87.2 85.8 85.3 82.7 80.8 80.3 82.3 84.6 87.1 86.2 85.6 85.1 87.3 89.7 88.8 87.2 83.3 82 83.4 84.8 83.9 81.4 80 81.8 84.4 88.5 92.5 91.7 87.8 85.3 84.4 84.5 86.7 89.2 89.6 90.1 88.8 88.1 88.2 87.8 88.2 88.7 89.1 91 94.1 93.8 90.5 89.5 89.3 88.8 89 84.1 89.4
49.2 49.6 49.5 50.3 51.4 55.8 54.3 56.3 56.8 56.5 53.9 57.4 57.2 58 55.6 55.9 55 56.4 59.5 60.1 62.7 65.5 69 72 77.7 81.1 84.9 86 87.3 85.9 84.4 83.7 81.7 82.3 82.2 82 82.9 84.1 84.7 86.8 87.1 90.6 92.4 88.7 87.4 81.6 81.7 83 83.7 84.3 83.4 83.2 84 85.1 90.6 93.7 91.1 87.2 84.7 85.9 87.7 90.5 93 95 95.2 93.8 91.4 91 91.3 90.5 91 92.4 95.4 96.5 95.7 93.2 91.5 89.7 89.3 89.3 91.1 85.1
52.7 49.4 49.8 51.3 53.9 55.9 57.2 57.5 57.2 56 50.4 56.9 55.2 53.7 53.9 55 54.5 54.1 56 57.3 58.9 61 64.5 68.8 72.6 77.1 81.5 84.8 85.6 84.9 83.9 83.1 81.6 80.9 81.7 83.1 84.9 85.2 85.2 87 88.4 91.3 91.3 88.8 84.1 81.8 82.3 82.6 84.3 83.4 83.3 81.8 82 83.6 88.3 90.9 90.4 86.7 85.7 86.7 90.6 96 98.7 102.3 101.3 98.1 94.5 94.9 94.9 94 93.9 94.6 94.4 94.1 93 92.5 91.8 91.6 91.6 92.5 92.1 91.8
57.2 53.6 54.4 53.1 55.1 57.3 58.4 59.1 57.8 55 51.4 48.2 51.5 52.5 52.3 52.5 53.5 53.4 52.8 55.1 56.9 57 60.2 65.3 68.2 71.6 77.3 79.8 83 83.1 82.6 82.2 82.8 81.7 81.3 82.7 83.3 85.5 85.8 87.4 89.2 89 89.3 88.1 83.1 82.4 83.4 83.8 86 86.6 85.9 82.8 83.3 83.7 85.4 88.5 90 87.8 84.3 87 91.2 96.5 101.2 102.6 101.3 101 99.3 99 99.1 99.1 98.7 97.1 97.4 94.7 92.5 91.8 91.7 90.8 88.7 88.6 90.5 89.4
53.3 56.1 59.4 58.1 56.3 56.4 56.5 57.1 57.2 55.4 53.4 47.4 48.9 52.3 51.6 50.8 50.7 51.1 50.6 50.6 51.3 52.4 55 58.3 61.6 67.5 69.5 74.9 78.1 80.2 80.1 80.9 81 81.9 81.4 82.8 82.5 84.2 84.8 85.3 85.8 85.4 85 85.3 83.7 83.5 85.3 86.5 87.8 86.7 84.6 83.9 84 85 85.7 86.6 86.8 86.1 85.7 87.2 91.5 94.6 96.2 99.9 102.6 102.1 101.7 101.7 102.3 101.7 101.7 99.6 99.8 97.2 96.5 94.7 92.4 89.7 85.9 85.2 85 83.4
57.5 55.3 55 55.5 61 64.8 62.9 60.8 56.8 53.5 52 50.8 49.4 50 50.3 50.6 50.4 49.7 50.1 50.1 50.6 49.8 52.1 54.7 58.6 60.7 62.8 67.4 70.3 73.5 76.6 76.9 79.3 80.1 81 81.9 82.2 82.7 83.7 83.9 83.8 84 83.7 83.1 84.2 86.3 87.5 89.5 89.4 88.7 84.9 84.1 85.1 85.9 87.1 86.4 86.2 86.9 86.8 87.7 89.3 91.4 91.6 95.1 97.8 98.5 99.3 101.1 103 103.1 101.9 101.9 100.6 98.6 97.7 96.8 94 90.2 86.3 84.5 83.5 82.2
53.8 64.2 60.9 56.2 56.4 55.7 55.7 58 60.4 62.8 61.7 57.2 44.4 48 47.7 47.1 48.5 49 49 50 50.3 49.7 49.4 49.1 50.6 52.4 52.6 61.1 61.6 66.8 69.8 71.6 73.8 76.2 78.9 80.5 82.3 82.4 83.9 83.9 83 82.8 82.5 83 84.7 86.5 88.4 91 90 88.1 84.9 85.7 87.2 89.2 89.4 90 90.1 90.1 89.8 89.5 89.1 90.8 90.8 90.8 91.3 92.6 94.9 97.3 101.8 102 101.6 101 99.7 97.6 96.6 93.7 91.7 89.6 87 84.6 82.4 80
47.8 52.2 59.4 64.2 63.6 61.6 58.9 56.5 56.1 55.4 55.2 54.6 43.6 52.6 52.4 52.5 49.3 46.1 46.2 46.7 48.3 48.5 48.3 50 50.1 50.4 50.9 55.3 56.6 57.8 59.4 62.6 67.4 71.3 73.5 76.4 77.7 80.8 83.2 83.4 83.3 82.8 83 83.8 85.9 88.2 88.3 89.3 89 88.1 88.7 88.5 91 92.8 93.8 89.6 89.6 89.5 90.2 89.6 89.4 91.4 91.5 91.2 91.1 91.8 93.6 95.5 99 99 99 100.1 100.1 97.7 94.3 91.6 90.2 87.5 85.9 82.4 79.7 81.1
44.5 46.8 51.9 58.6 59 57 54.3 50.2 49.2 48.7 48.6 49.2 44 43.4 40.7 45.4 49 47.5 46.3 46.7 45.2 45 45 48.3 49.9 50.3 50.4 50.6 51.9 53.2 54.7 57.2 60.8 64.9 68.6 71 74.3 76.3 78.6 81.1 83.1 81.5 82 84 85.6 87 87.5 87.7 89.1 89.8 90.8 93.1 93.2 93.4 93.5 93.3 92.1 90.1 89.1 90.4 90.5 91.1 91.3 92 91.9 93.4 94 94.3 96.2 97.4 97.2 99.3 99 97.5 94 91.2 89.4 86.9 84.7 83.3 80.1 84.2
40.1 42.4 45.3 48.6 43.8 44.2 48.5 48.4 44.1 43.3 44.6 44.9 41.6 42.6 35 37.5 40.4 40.2 41 44.9 43.2 43.2 45.7 44.7 45.6 48.3 50.4 47.4 49 50.3 51 52.6 56.3 61.2 65.1 66.4 71 75.7 77.2 77.4 77.9 77.9 80.3 81.7 84 84.7 85.1 85.2 85.9 87.7 90 92.1 92.9 94.1 93.3 92.8 92.1 89.4 89.5 90.2 90.4 90.5 91.7 92 92.7 93.5 94.4 94.7 95.8 97.1 97.6 98.9 98.6 97.9 97.3 93 91.2 88.4 86.2 84.3 84.1 84.3
30.8 36 32.6 33 30.4 35.3 33.9 32.1 27.6 30.8 38.2 41.7 41.1 43.1 33.4 34.3 33 39.7 34.3 34.4 31.8 39.8 43.5 43.5 44.8 45.4 45.8 46.7 46.9 48.7 49.2 49.8 52.8 56.5 60 62.6 66.2 69.6 75 75.5 76.1 75.7 77.8 78.8 79.6 80.3 80.2 80.4 80.9 83.9 86 87.3 89.4 90.9 90.6 90.7 89.1 89.6 89.6 90 90.3 92.1 92.4 92 93.7 93.4 94 95.1 95.7 96.5 97.9 98.8 97.9 96.5 97.2 95.2 92.9 91 89.1 85.6 84.8 84.1
27.1 27.3 27.4 32.1 29.9 27.8 32.4 35.4 35.2 35.1 31 37.1 38.2 39 34 38.5 43.8 34.8 38.9 36.4 38.7 34.6 39.6 42.8 43.8 44.5 44.8 45.9 46.9 47.8 48.9 49.1 50.9 53.5 56.1 57.8 61 64.1 67.1 68.3 72.7 74.3 75.4 77.2 77.5 76 76 76.5 77.9 79.2 81.8 84.2 85.3 86.1 87.3 87.3 87.7 87.4 88.3 90 91.1 93.2 93.5 92.8 93.6 93.9 95.1 96.4 96.6 96.3 96.9 97.6 96.5 96.2 96.7 97.3 94.8 93.4 90 87.8 85.1 84.2
24.9 27.5 26.7 26.8 26.7 34.4 34.8 37.6 38.3 37.4 29.5 34.3 35.2 31.8 38.2 47 49.8 45.4 42.7 41.8 42.1 32.2 36.4 38 37.7 42.9 46.8 45.9 46.4 48.6 48.5 49.3 50.5 52.4 54.2 54.9 57.5 58.6 59.3 66.2 67.4 69.2 73.9 75.5 74.8 74 73.2 73.6 73.9 74.3 78.6 79.1 82.6 83 83.8 85.1 85.7 86.6 88.7 89.6 89.8 92.1 91.1 90.9 90.9 93.6 95.2 97.4 97.2 96.2 95.1 95.9 96.5 96.7 98.1 97.7 95.8 95.8 92.7 88.7 85 83.9
28 23.3 27.8 32.9 35.6 35.7 37.3 42.7 44.8 41.6 29.8 33.9 34.6 29.5 43.8 54.7 56.5 54.1 49.8 44.3 43.5 45.5 37 37 37.7 37.7 41.3 49.8 49.5 47.4 47.6 56.2 54.9 52.4 54.2 55.7 58 55.8 58.6 60.3 61.4 65.1 69 69.6 70.3 71 71 71.9 71.3 73 74.6 77.1 79 80.1 80.5 82.3 81.9 83.7 87.3 88.9 88.6 92 89.9 90.2 91.1 92.3 94.3 96.7 97.3 95.2 95.6 96.8 98.2 99.1 98.1 97.7 97.6 96.4 94.1 89.9 86.5 83.4
37.3 36.7 31 35.4 38.7 39.6 45.2 49.1 53 45.9 31.1 33.1 33.2 36.5 52.2 57 56.5 56.5 56.2 53.2 48.1 47.2 46.3 33.6 33.5 38.3 52.2 50.9 54.6 54.8 50.8 48.3 48.9 59.8 59 56.9 58.3 59 60.1 61.8 62.8 67.8 70.6 71.1 71 69.5 69.9 70.7 70.5 71.4 72.5 73.6 74.5 75.5 77.1 77.6 79 80 82.3 85.2 86.8 91.7 88.7 89.1 90.3 90.4 91.4 96.8 95.2 94.8 93.9 96 98.1 98.5 98 98.3 97.4 96.1 93.6 91.2 86.6 84.5
39.7 38.5 36.5 37.9 43.6 43.8 48.3 50 57.3 53.2 29.5 30.9 29.5 47.5 58.3 58.4 57 56.4 55.4 56.1 57.4 44 38.8 39.3 38.4 38 57.5 55.7 52.5 53.8 57.1 59.3 53.7 49.8 51.5 60.8 68.4 69.3 68.9 68.3 64.7 64.9 66.2 68 72.8 72 70.9 69.5 70.2 71.2 71.2 73.6 74.2 75.5 75.4 76.6 76.7 78.3 79.4 82.5 83.8 86.5 86.6 87.2 89.6 90.7 91.4 94 95.2 92.8 94.3 94.4 95.6 97.6 98 98.1 95.9 94.6 92 90.2 86.1 82.5
43.7 42.3 40.2 38.3 44.2 48.2 50.6 54 57.4 59.8 45.8 39.5 46.1 59.6 59.5 58.1 57.8 57.3 56.8 56.6 52.9 40.6 39.1 38.1 34.9 45.4 56.9 57 55 54 54.3 57 60.3 62.7 52.8 50.8 54.7 61.4 65.9 68.1 68.3 62.1 64.5 67.1 68.8 70.9 70.6 70.8 71.5 70.5 71.9 72.6 73.2 73.7 74.7 75.3 76.2 76.8 77.4 77.6 77.2 83.4 82.4 83.1 85.8 88.4 91.8 92.3 92 91.7 93.3 93.4 95.3 96.9 96.1 96 96.5 95.9 92.3 85.4 84.8 83.4
48.9 46.1 43.8 40.2 44.4 49.5 51.3 54 56.8 59.3 61.2 62.3 62.2 60.7 59.5 58.3 57.5 57.5 56.9 56 53.1 45.2 39.1 39.2 38.5 52.3 55 54.7 53.8 54.2 54.1 55.3 56.9 61.3 61.7 62.3 52 52.3 56.4 56.6 58.1 60.1 62.6 64.2 65.8 67.9 69.6 71.8 72.7 71.8 71.3 71.4 72.2 72.7 74.6 74.2 74.1 76.8 76.7 77 77.1 81.2 81.4 81.3 81.4 82.4 87.4 90.3 89.8 91.3 91.6 93.3 94.5 94.1 94.8 94.5 93.5 93.8 91.2 84.7 82.9 81.5
51.4 49.1 45.6 45.4 46.2 50.2 52.3 55.2 56.9 59.2 61.3 64.8 64.3 63 59.9 58.1 57.1 57.4 58.1 57.5 55.2 52.3 46.1 36.1 39.3 40.4 48.2 53 52.7 52.8 54.2 55.7 56.9 58.8 64.1 64.3 59.8 57.3 53.1 53.4 60.3 61.4 61.5 62.3 63.8 65.3 67 69.4 72.4 73.8 73.9 71.9 71.8 72.3 72.4 72.6 73.2 76.3 76.9 76.8 78.1 77.3 79.8 79.9 80.9 82.7 88.9 88.8 88 87.8 89.8 90.8 91.6 91 91.5 91.2 90.8 89.6 88.8 83.8 82.3 79.8
51.9 49.1 43.8 49 50.3 51.6 51.6 54.7 58 59.3 60.2 62 63.6 62.5 60 58.6 57.6 56.8 58.2 58.6 58.6 56.2 53.8 41.6 40.1 40 41 52.8 56.8 54.9 54.5 55.6 57.6 60.4 62.8 61.4 61.4 58.4 57.3 56.9 54.3 56.4 63.9 63.4 62.7 64.3 67.2 70.4 72.2 74.1 74.2 71.3 71.1 72.6 72.9 71.9 72.9 72.9 73.4 73.4 73.6 74.8 77.8 78.6 79.6 81.2 85.4 88.1 90.8 85.1 83.9 88.6 89 85.6 83.9 86.9 88.8 88.1 86.5 84.1 81.4 78.4
