WholeMapElevations/data/nm/nm94_OST50GRID_20230518/NM94.asc
ncols 200
nrows 200
xllcorner 190000
yllcorner 740000
cellsize 50
[rows 0 to 37 of 200, columns 0 to 86 of 200]
-1.1 -1.1 -1.1 -1.1 -1.1 -1.1 -1.1 -1.1 -1.1 -1.1 -1.1 -1.1 -1.1 -1.1 -1.1 -1.1 -1.1 -1.1 -1.1 -1.1 -1.1 -1.1 -1.1 -1.1 -1.1 -1.1 -1.1 -1.1 -1.1 -1.1 -1.1 -1.1 -1.1 -1.1 -1.1 -1.1 -1.1 -1.1 -1.1 1.8 1.6 2.3 1.9 -1.1 -1.1 6.8 4.2 0.9 -1.1 -1.1 -1.1 -1.1 -1.1 -1.1 -1.1 -1.1 -1.1 -1.1 -1.1 -1.1 -1.1 -1.1 -1.1 -1.1 -1.1 -1.1 -1.1 -1.1 -1.1 -1.1 1.8 8.8 33 48.6 56.7 60.9 60.9 67.1 77.2 85 100 118.1 158.2 170.9 165.2 174.7 196.2
-1.1 -1.1 -1.1 -1.1 -1.1 -1.1 -1.1 -1.1 -1.1 -1.1 -1.1 -1.1 -1.1 -1.1 -1.1 -1.1 -1.1 -1.1 -1.1 -1.1 -1.1 -1.1 -1.1 -1.1 -1.1 -1.1 -1.1 -1.1 -1.1 -1.1 -1.1 -1.1 -1.1 -1.1 -1.1 -1.1 -1.1 -1.1 -1.1 3.1 4.7 16.1 10.7 17.5 12.1 21.4 10.9 10.1 6.4 7.1 -1.1 -1.1 -1.1 -1.1 -1.1 -1.1 -1.1 -1.1 -1.1 -1.1 -1.1 -1.1 -1.1 -1.1 -1.1 -1.1 -1.1 -1.1 -1.1 1.3 9.7 28.5 50.9 55 56.4 60.6 66.3 71.6 87.2 101.8 115.1 135.5 153.6 162.1 167.1 184.9 235.6
-1.1 -1.1 -1.1 -1.1 -1.1 -1.1 -1.1 -1.1 -1.1 -1.1 -1.1 -1.1 -1.1 -1.1 -1.1 -1.1 -1.1 -1.1 -1.1 -1.1 -1.1 -1.1 -1.1 -1.1 -1.1 -1.1 -1.1 -1.1 -1.1 -1.1 -1.1 -1.1 -1.1 -1.1 -1.1 -1.1 -1.1 -1.1 4.2 7.2 11.7 31.7 35.4 36.7 33.6 33.6 24.5 10.8 10.4 -1.1 -1.1 -1.1 -1.1 -1.1 -1.1 -1.1 -1.1 -1.1 -1.1 -1.1 -1.1 -1.1 -1.1 -1.1 -1.1 -1.1 -1.1 -1.1 -1.1 10.9 25.1 46.4 53.4 55.9 57.2 62.3 66.4 82.1 106.9 111.8 131.6 144.2 160.1 170.6 178.9 227.5 246.7
-1.1 -1.1 -1.1 -1.1 -1.1 -1.1 -1.1 -1.1 -1.1 -1.1 -1.1 -1.1 -1.1 -1.1 -1.1 -1.1 -1.1 -1.1 -1.1 -1.1 -1.1 -1.1 -1.1 -1.1 -1.1 -1.1 -1.1 -1.1 -1.1 -1.1 -1.1 -1.1 -1.1 -1.1 11.3 6.6 2.3 6.5 15.1 27.9 54.3 64.7 62.6 52.5 44.1 32 22.8 12.1 -1.1 -1.1 -1.1 -1.1 -1.1 -1.1 -1.1 -1.1 -1.1 -1.1 -1.1 -1.1 -1.1 -1.1 -1.1 -1.1 -1.1 -1.1 -1.1 -1.1 12 21.4 42.4 51.1 53.5 52 61 65.5 82.6 102.2 111.5 120.5 142.2 159.9 167.1 177.6 198.2 232.6 257.2
-1.1 -1.1 -1.1 -1.1 -1.1 -1.1 -1.1 -1.1 -1.1 -1.1 -1.1 -1.1 -1.1 -1.1 -1.1 -1.1 -1.1 -1.1 -1.1 -1.1 -1.1 -1.1 -1.1 -1.1 -1.1 -1.1 -1.1 -1.1 -1.1 -1.1 -1.1 9.9 19.6 15.2 16.3 10.9 9.7 12.8 40.2 57.9 68.8 69.1 65.4 49.1 36.9 29.9 24.4 11.8 -1.1 -1.1 -1.1 -1.1 -1.1 -1.1 -1.1 -1.1 -1.1 -1.1 -1.1 -1.1 -1.1 -1.1 -1.1 -1.1 -1.1 -1.1 -1.1 11.2 29.3 40.6 48.6 50.6 50.2 58.4 66.5 92.8 106.5 109.1 115.9 128.4 147.6 163.3 174.3 189.6 213.2 235.4 245.6
-1.1 -1.1 -1.1 -1.1 -1.1 -1.1 -1.1 -1.1 -1.1 -1.1 -1.1 -1.1 -1.1 -1.1 -1.1 -1.1 -1.1 -1.1 -1.1 -1.1 -1.1 -1.1 -1.1 -1.1 -1.1 -1.1 -1.1 -1.1 -1.1 -1.1 9.7 32.3 33 28.5 16.8 13.9 19.5 41.2 54.5 66.2 71.5 66.6 61.6 38.9 31.5 28.5 22.1 -1.1 -1.1 -1.1 -1.1 -1.1 -1.1 -1.1 -1.1 -1.1 -1.1 -1.1 -1.1 -1.1 -1.1 -1.1 -1.1 -1.1 -1.1 -1.1 10.8 15.7 34.2 45 48.8 49 53.1 63.9 84.5 104.1 105.2 110 118.2 131.9 156.4 174.5 188.7 206.7 219.4 224.7 225.3
-1.1 -1.1 -1.1 -1.1 -1.1 -1.1 -1.1 -1.1 -1.1 -1.1 -1.1 -1.1 -1.1 -1.1 -1.1 -1.1 -1.1 -1.1 -1.1 -1.1 -1.1 -1.1 -1.1 -1.1 -1.1 -1.1 -1.1 -1.1 25.4 41.8 49.3 46.4 39.2 25.6 21.1 22.1 40 50.2 60.2 70.5 65.7 69.9 57.3 36 31 24 11 -1.1 -1.1 -1.1 -1.1 -1.1 -1.1 -1.1 -1.1 -1.1 -1.1 -1.1 -1.1 -1.1 -1.1 -1.1 -1.1 -1.1 -1.1 12 17 25.8 37.4 42 48.2 50.7 62.6 78.5 94.1 103.9 108.2 113.7 124.3 139.6 163 182.7 200.1 209.2 215.8 220.1 245
-1.1 -1.1 -1.1 -1.1 -1.1 -1.1 -1.1 -1.1 -1.1 -1.1 -1.1 -1.1 -1.1 -1.1 -1.1 -1.1 -1.1 -1.1 -1.1 -1.1 -1.1 -1.1 -1.1 -1.1 -1.1 -1.1 7.3 12 42.3 51.1 56.6 45.6 35.7 30.1 31.8 32.4 43 50.9 64 64.3 67.8 60.8 47.6 39 28.1 12.3 5.2 -1.1 -1.1 -1.1 -1.1 -1.1 -1.1 -1.1 -1.1 -1.1 -1.1 -1.1 -1.1 -1.1 -1.1 -1.1 -1.1 -1.1 12 20.7 24.2 36 38 43.4 47.4 58.4 75.8 88.6 90.8 96 110.4 119.5 130.6 148.2 183.7 194.2 198.9 198.9 210.6 242.7 261.2
-1.1 -1.1 -1.1 -1.1 -1.1 -1.1 -1.1 -1.1 -1.1 -1.1 -1.1 -1.1 -1.1 -1.1 -1.1 -1.1 -1.1 -1.1 -1.1 -1.1 -1.1 -1.1 -1.1 -1.1 -1.1 -1.1 9.5 26.9 51.2 65.4 53.3 41.5 36.2 41.9 41.7 40.5 44 54.4 61.7 62.7 57.5 51.3 49.5 29.9 18.3 10.3 -1.1 -1.1 -1.1 -1.1 -1.1 -1.1 -1.1 -1.1 -1.1 -1.1 -1.1 -1.1 -1.1 -1.1 -1.1 -1.1 -1.1 -1.1 18.9 21.3 28.4 33.8 39.8 45.1 55.5 69.1 82.7 84 90.3 104.8 115 131.6 138 156.2 179.5 183.2 179.6 206.3 229.3 244.3 273.8
-1.1 -1.1 -1.1 -1.1 -1.1 -1.1 -1.1 -1.1 -1.1 -1.1 -1.1 -1.1 -1.1 -1.1 -1.1 -1.1 -1.1 -1.1 -1.1 -1.1 -1.1 -1.1 -1.1 -1.1 -1.1 9.5 24 52.4 66.7 58.3 45.6 38.7 43.3 44.9 44.9 42.2 45.7 53.8 57.9 57.4 49.2 48.7 35.3 17.7 11.1 6.7 -1.1 -1.1 -1.1 -1.1 -1.1 -1.1 -1.1 -1.1 -1.1 -1.1 -1.1 -1.1 -1.1 -1.1 -1.1 -1.1 -1.1 14.7 18 18.2 30.3 35.4 42.4 56.9 64.8 76.3 76.4 85.8 100.5 108.9 122.2 134.1 144.3 153.5 163.2 180.2 195.3 215.2 240 264.2 289.6
-1.1 -1.1 -1.1 -1.1 -1.1 -1.1 -1.1 -1.1 -1.1 -1.1 -1.1 -1.1 -1.1 -1.1 -1.1 -1.1 -1.1 -1.1 -1.1 -1.1 -1.1 -1.1 -1.1 -1.1 11.6 39.4 54.3 65.2 60.7 49.3 39.1 38.7 40.8 42.4 40.8 41.6 44.9 52.2 56.1 54.4 46.6 35.8 28.3 15.6 11.9 5 -1.1 -1.1 -1.1 -1.1 -1.1 -1.1 -1.1 -1.1 -1.1 -1.1 -1.1 -1.1 -1.1 -1.1 -1.1 -1.1 8.4 15.3 18.4 29.8 30.6 37.4 47.3 58.9 68.1 68.8 78.2 93.6 101.6 117.4 127 134.9 148.4 147.2 157.3 184.1 207.3 234.7 255.5 285.3 303.3
-1.1 -1.1 -1.1 -1.1 -1.1 -1.1 -1.1 -1.1 -1.1 -1.1 -1.1 -1.1 -1.1 -1.1 -1.1 -1.1 -1.1 -1.1 -1.1 -1.1 -1.1 -1.1 -1.1 -1.1 52 52.2 63.6 60.6 52.8 41.7 38.7 38.7 38.7 38.7 38.9 41.7 45.1 56.8 54.6 49.2 41.4 37.7 23.9 22 18.8 -1.1 -1.1 -1.1 -1.1 -1.1 -1.1 -1.1 -1.1 -1.1 -1.1 -1.1 -1.1 -1.1 -1.1 -1.1 -1.1 6.5 13.5 16.9 21.9 33.6 31.4 40.2 50.3 57.3 59.8 71.6 86.5 97.6 110.1 118.6 121.6 139 140.3 157.3 168.6 190.7 230.5 263.3 283.3 287.4 295.8
-1.1 -1.1 -1.1 -1.1 -1.1 -1.1 -1.1 -1.1 -1.1 -1.1 -1.1 -1.1 -1.1 -1.1 -1.1 -1.1 -1.1 -1.1 -1.1 -1.1 -1.1 -1.1 -1.1 14.4 54.8 54.6 56.4 50.4 50.5 41.1 38.7 38.7 38.7 43.1 42 42.9 50.2 60 47.7 43.4 41.5 32.2 31.8 31.8 20.8 -1.1 -1.1 -1.1 -1.1 -1.1 -1.1 -1.1 -1.1 -1.1 -1.1 -1.1 -1.1 -1.1 -1.1 -1.1 -1.1 10.1 12.4 17.9 25.8 30.5 37.3 44.8 48.8 52.2 58.3 74.2 87.2 102.3 115.2 113.9 122.3 139.5 163.1 177.1 189.5 212.1 247.1 275.4 284.9 291.6 299.3
-1.1 -1.1 -1.1 -1.1 -1.1 -1.1 -1.1 -1.1 -1.1 -1.1 -1.1 -1.1 -1.1 -1.1 -1.1 -1.1 -1.1 -1.1 -1.1 -1.1 -1.1 -1.1 -1.1 17.1 50.3 51.4 48.9 56.8 48.1 40 38.7 38.7 47.3 53.9 45.6 48.9 59.7 48.4 42.2 39.7 35.8 39.9 40.5 31.2 9.9 -1.1 -1.1 -1.1 -1.1 -1.1 -1.1 -1.1 -1.1 -1.1 -1.1 -1.1 -1.1 -1.1 -1.1 -1.1 6.6 7.9 11.4 16.3 24.8 32.9 39.7 43.2 44.6 46.3 58 77.2 91.8 100.8 99.7 109.7 131 153.5 172.4 189.7 198.2 223.9 256.9 282.2 292.3 294.9 301.8
-1.1 -1.1 -1.1 -1.1 -1.1 -1.1 -1.1 -1.1 -1.1 -1.1 -1.1 -1.1 -1.1 -1.1 -1.1 -1.1 -1.1 -1.1 -1.1 -1.1 -1.1 -1.1 -1.1 23.7 44.9 45 54.7 57.4 46.2 40.8 38.7 44.7 55.1 50.7 48.1 50.3 55.5 55.2 47.3 41.6 42.2 43.8 40.3 18.6 6.5 -1.1 -1.1 -1.1 -1.1 -1.1 -1.1 -1.1 -1.1 -1.1 -1.1 -1.1 -1.1 -1.1 -1.1 5.4 6.6 7.4 9.1 15.9 25.1 33.3 40.7 41.6 38.1 45.7 59.8 73.3 83.7 82.5 102.9 125.5 149.1 168.7 183.8 200.2 206.6 239.1 265.1 287.2 296.8 306.5 304.7
-1.1 -1.1 -1.1 -1.1 -1.1 -1.1 -1.1 -1.1 -1.1 -1.1 -1.1 -1.1 -1.1 -1.1 -1.1 -1.1 -1.1 -1.1 -1.1 -1.1 -1.1 -1.1 3.2 30.2 38 43.6 57.2 51.2 42.5 42.5 44.2 53.9 55.5 45.2 47.3 59 58.7 56.9 49.9 43.2 46.1 45.3 32.8 11.1 7.5 -1.1 -1.1 -1.1 -1.1 -1.1 -1.1 -1.1 -1.1 -1.1 -1.1 -1.1 -1.1 -1.1 -1.1 5.3 5.9 6.5 11.5 20.3 28.8 35.4 40.4 35 38.8 53.6 60.9 68 66.9 93.6 118.2 138.9 161.2 178.7 194.5 204.8 210.6 247.3 268 282.8 296.1 298.9 295.8
-1.1 -1.1 -1.1 -1.1 -1.1 -1.1 -1.1 -1.1 -1.1 -1.1 -1.1 -1.1 -1.1 -1.1 -1.1 -1.1 -1.1 -1.1 -1.1 -1.1 -1.1 -1.1 9.3 28.4 35.5 46.1 50.8 44.8 47.2 46.4 46.1 55.9 46 44.4 55.6 59.2 58.4 56.4 50.8 47.1 42.9 42.4 22.8 9.7 1.7 -1.1 -1.1 -1.1 -1.1 -1.1 -1.1 -1.1 -1.1 -1.1 -1.1 -1.1 -1.1 -1.1 4.4 5.3 5.9 7.9 13.9 23 29.6 35 31.3 28.9 50.2 55.5 57.4 52 72.6 108 130.3 144.7 163.2 191.6 202.6 209.1 222.4 258.3 265.4 267.1 271.3 274.1 274.2
-1.1 -1.1 -1.1 -1.1 -1.1 -1.1 -1.1 -1.1 -1.1 -1.1 -1.1 -1.1 -1.1 -1.1 -1.1 -1.1 -1.1 -1.1 -1.1 -1.1 -1.1 -1.1 10 29 39.6 42.3 46.1 48.6 50.9 46 51.1 47.2 43.7 48 56.2 60.4 56.8 56.4 50.5 48.2 43.5 28.3 21.4 10.2 -1.1 -1.1 -1.1 -1.1 -1.1 -1.1 -1.1 -1.1 -1.1 -1.1 -1.1 -1.1 -1.1 -1.1 4.6 4.5 6.4 9.4 17.8 24.9 30.7 26.4 24.9 41.1 51.8 54.6 47.1 66.7 97.1 117.4 136.1 158.8 180.5 203.7 205.9 213.9 231.6 251.2 255.8 256.2 261.2 267.9 271.1
-1.1 -1.1 -1.1 -1.1 -1.1 -1.1 -1.1 -1.1 -1.1 -1.1 -1.1 -1.1 -1.1 -1.1 -1.1 -1.1 -1.1 -1.1 -1.1 -1.1 -1.1 -1.1 11.3 32.4 50.5 48.7 50.9 49.6 44.8 47.1 47.6 42 44.5 52.5 56.9 56.1 53.2 46.3 44.7 42.1 34.9 33.2 18.3 7.4 -1.1 -1.1 -1.1 -1.1 -1.1 -1.1 -1.1 -1.1 -1.1 -1.1 -1.1 -1.1 -1.1 2 4 5.4 7.6 12.6 19.6 24 29.6 23.5 29.3 44.1 47.5 42.5 55.9 82.5 103.1 121.6 146.9 178 206.4 217.1 210.1 218.4 234.8 247 259.6 251.5 251.5 264.8 253.3
-1.1 -1.1 -1.1 -1.1 -1.1 -1.1 -1.1 -1.1 -1.1 -1.1 -1.1 -1.1 -1.1 -1.1 -1.1 -1.1 -1.1 -1.1 -1.1 -1.1 -1.1 8.8 23 41.8 53.4 54.3 44.8 40.6 39 41.8 40.8 42.4 44.9 51.5 54.2 50.4 46.7 41.4 40.3 40.7 37.4 31.4 10.4 -1.1 -1.1 -1.1 -1.1 -1.1 -1.1 -1.1 -1.1 -1.1 -1.1 -1.1 -1.1 -1.1 0.9 2.7 5.4 8.7 10.5 14.3 18.9 25.5 24.3 29.4 36.2 39.5 39.7 46.4 66.6 89.6 106.5 128.8 157.5 192.6 213.9 212.9 220.6 231.3 243.1 253.3 257.1 253.1 250.6 252.8 240.6
-1.1 -1.1 -1.1 -1.1 -1.1 -1.1 -1.1 -1.1 -1.1 -1.1 -1.1 -1.1 -1.1 -1.1 -1.1 -1.1 -1.1 -1.1 -1.1 -1.1 -1.1 -1.1 22.4 37.3 51.7 51.6 42.7 36.9 36 38.5 46.1 42.3 44.7 50.8 47.4 43 46.3 42.5 43.8 49.6 41.1 24.1 8.5 -1.1 -1.1 -1.1 -1.1 -1.1 -1.1 -1.1 -1.1 -1.1 -1.1 -1.1 -1.1 -0.2 1.3 4.7 8.2 9.7 12.7 13.4 18.4 20.3 24.7 32.1 35.9 38.1 43.2 50.3 71.1 93.7 112.9 132.3 161.8 194.6 209.3 224.7 242.1 244.5 245.8 244.6 248.1 257.6 249.4 246.5 232.6
-1.1 -1.1 -1.1 -1.1 -1.1 -1.1 -1.1 -1.1 -1.1 -1.1 -1.1 -1.1 -1.1 -1.1 -1.1 -1.1 -1.1 -1.1 -1.1 -1.1 -1.1 -1.1 8.2 34.7 49.1 43.2 34.7 40.1 35 41.8 45.8 37.8 43.6 44.4 40.6 41.6 45.9 46.2 60.7 47.1 28.7 10.9 -1.1 -1.1 -1.1 -1.1 -1.1 -1.1 -1.1 -1.1 -1.1 -1.1 -1.1 -1.1 -1.1 -1.1 2.1 8.2 11.2 13.3 12.9 14.5 14.8 17.8 28.5 41 41.9 39.9 44.7 54 72 98.4 114.4 140.4 171.4 192.8 212.8 237.6 246.2 243.5 239.1 234.6 244.1 253.9 247.9 240.7 232.1
-1.1 -1.1 -1.1 -1.1 -1.1 -1.1 -1.1 -1.1 -1.1 -1.1 -1.1 -1.1 -1.1 -1.1 -1.1 -1.1 -1.1 -1.1 -1.1 -1.1 -1.1 -1.1 1.6 28.4 40.9 36.9 33.7 35.6 36.9 44.4 38.1 35.2 38.8 37.2 35.6 38 55.2 65.2 55.5 39.4 23 6.6 -1.1 -1.1 -1.1 -1.1 -1.1 -1.1 -1.1 -1.1 -1.1 -1.1 -1.1 -1.1 -1.1 -1.1 2.6 9.5 12.5 13 13.3 14.3 15.9 23.6 40.8 47.3 47.2 44.6 47 58.8 76.1 105.4 119.4 147.3 175 192.8 213.8 234 240.3 236.3 239.5 232.6 244.9 254.9 250.1 245.5 238.4
-1.1 -1.1 -1.1 -1.1 -1.1 -1.1 -1.1 -1.1 -1.1 -1.1 -1.1 -1.1 -1.1 -1.1 -1.1 -1.1 -1.1 -1.1 -1.1 -1.1 -1.1 -1.1 -1.1 32.3 37.3 32.8 30.1 31.7 38.1 36 30.2 32.9 31.6 30.9 32.6 52.5 64.5 57.3 44.9 35.4 11.6 2.9 -1.1 -1.1 -1.1 -1.1 -1.1 -1.1 -1.1 -1.1 -1.1 -1.1 -1.1 -1.1 -1.1 -1.1 1.9 9.6 11.9 12.5 13.4 14.1 18.9 32.6 46.6 54.1 55.2 52.9 54.6 65.8 89.5 109.9 122.2 153.7 179.5 193.6 214 227.8 227.9 231.1 230.8 237.3 248.9 249.8 250 255.6 248.6
-1.1 -1.1 -1.1 -1.1 -1.1 -1.1 -1.1 -1.1 -1.1 -1.1 -1.1 -1.1 -1.1 -1.1 -1.1 -1.1 -1.1 -1.1 -1.1 -1.1 -1.1 -1.1 -1.1 17.4 32 26.2 26.8 32.4 31.6 27.3 26.9 27.6 25 40.2 51.1 62.7 57.8 54.5 39.9 20 7.5 -1.1 -1.1 -1.1 -1.1 -1.1 -1.1 -1.1 -1.1 -1.1 -1.1 -1.1 -1.1 -1.1 -1.1 0.9 2.4 8.8 12.6 12.5 14.4 16.2 28.9 43.4 56.4 61 61.4 59.2 67.7 81.2 100.6 113.3 124.1 152 177.6 198.7 214 222.2 225.8 228.6 245.6 252 264.3 246.3 252.6 253.6 231.8
-1.1 -1.1 -1.1 -1.1 -1.1 -1.1 -1.1 -1.1 -1.1 -1.1 -1.1 -1.1 -1.1 -1.1 -1.1 -1.1 -1.1 -1.1 -1.1 -1.1 -1.1 -1.1 -1.1 9.5 24.6 19.7 23.7 25.7 23.1 22.5 23 21.4 40.4 50 58.7 57.3 53.5 47.2 35.1 10.7 2.1 -1.1 -1.1 -1.1 -1.1 -1.1 -1.1 -1.1 -1.1 -1.1 -1.1 -1.1 -1.1 -1.1 0 1.6 4.9 9.8 13.3 12.9 14.8 22.9 43.3 53.6 64.1 67.9 67.3 68.3 85.2 99 103.3 113.9 127.3 153.5 178.3 199.4 212 224.3 227.2 238.3 248.4 258.1 261.6 242.3 246.9 232.7 214.4
-1.1 -1.1 -1.1 -1.1 -1.1 -1.1 -1.1 -1.1 -1.1 -1.1 -1.1 -1.1 -1.1 -1.1 -1.1 -1.1 -1.1 -1.1 -1.1 -1.1 -1.1 -1.1 -1.1 7.3 8.9 9.9 18.5 18.5 17 18.4 18.7 34.2 44.3 55.2 56.7 54.5 50.7 40.1 24.7 5.6 -1.1 -1.1 -1.1 -1.1 -1.1 -1.1 -1.1 -1.1 -1.1 -1.1 -1.1 -1.1 -1.1 -1.1 1.2 4.3 6.4 10.8 14.5 14.8 17.9 33.4 47.8 67.7 72.3 73.8 75.5 82.9 106.1 117.2 111.3 114.3 129.9 151.3 176.8 195.7 212.4 219.1 225.9 235.5 240.4 251.1 241.8 236.1 230.4 212.3 196.3
-1.1 -1.1 -1.1 -1.1 -1.1 -1.1 -1.1 -1.1 -1.1 -1.1 -1.1 -1.1 -1.1 -1.1 -1.1 -1.1 -1.1 -1.1 -1.1 -1.1 -1.1 -1.1 -1.1 -1.1 5.6 8.6 9.9 13.1 14.6 19.5 30.2 39.3 50.2 55.1 54.1 51 42.5 34 10.5 1.8 -1.1 -1.1 -1.1 -1.1 -1.1 -1.1 -1.1 -1.1 -1.1 -1.1 -1.1 -1.1 -1.1 -1.1 3.8 7.8 8.8 13.5 14.1 16.7 31.1 50.6 73.1 90 79.2 82.9 83.6 100.6 113.6 119.8 118.9 115.8 134.5 155 179.2 198 211.4 218.8 223.1 234.7 235.3 236.7 230.9 224.6 215.9 200.3 171
-1.1 -1.1 -1.1 -1.1 -1.1 -1.1 -1.1 -1.1 -1.1 -1.1 -1.1 -1.1 -1.1 -1.1 -1.1 -1.1 -1.1 -1.1 -1.1 -1.1 -1.1 -1.1 -1.1 -1.1 -1.1 4.9 7 11.2 15.4 21.6 29.8 42.9 49.9 51.9 47.8 43.4 35.5 13.1 4.3 0.7 -1.1 -1.1 -1.1 -1.1 -1.1 -1.1 -1.1 -1.1 -1.1 -1.1 -1.1 -1.1 -1.1 -1.1 6 8.2 11.5 13.4 18.7 23.9 51.2 81.5 101.6 102.7 87.3 92.2 104.4 120 119.9 122.6 124 126.5 139.6 158.9 182.5 200.1 213.1 222.1 237.8 236.9 232.8 226.3 230.8 209.1 198.5 181.8 157.6
-1.1 -1.1 -1.1 -1.1 -1.1 -1.1 -1.1 -1.1 -1.1 -1.1 -1.1 -1.1 -1.1 -1.1 -1.1 -1.1 -1.1 -1.1 -1.1 -1.1 -1.1 -1.1 -1.1 -1.1 -1.1 -1.1 7.7 10.6 14.1 22.3 32.1 42.4 47.8 48 42.4 35 21.4 5.5 2 -1.1 -1.1 -1.1 -1.1 -1.1 -1.1 -1.1 -1.1 -1.1 -1.1 -1.1 -1.1 -1.1 -1.1 4.6 9.4 11.4 14.1 22.1 27.6 43.4 76.8 101.1 114.7 105.1 95.2 105.6 124.6 137.1 134.3 129.2 135 145.8 155.4 173 188.5 202.4 213.9 226.7 235.9 228.6 221.7 222.7 215.1 196.1 181.4 166.5 146.9
-1.1 -1.1 -1.1 -1.1 -1.1 -1.1 -1.1 -1.1 -1.1 -1.1 -1.1 -1.1 -1.1 -1.1 -1.1 -1.1 -1.1 -1.1 -1.1 -1.1 -1.1 -1.1 -1.1 -1.1 -1.1 -1.1 5 7.4 13 22.5 34.4 41 44.1 43.1 35.1 24.5 5.6 3 1.9 -1.1 -1.1 -1.1 -1.1 -1.1 -1.1 -1.1 1.1 -1.1 -1.1 -1.1 -1.1 -1.1 -1.1 7.6 11.6 13.5 18.4 27.2 35.2 61.1 87.4 110.5 123.5 114.9 111.9 126 140.3 148.1 146.8 152.4 162.4 168.2 169.6 184.1 206.8 225.7 226.5 227.7 222.9 217 213.1 216.5 200.2 177.6 164.2 149.1 136.6
-1.1 -1.1 -1.1 -1.1 -1.1 -1.1 -1.1 -1.1 -1.1 -1.1 -1.1 -1.1 -1.1 -1.1 -1.1 -1.1 -1.1 -1.1 -1.1 -1.1 -1.1 -1.1 -1.1 -1.1 -1.1 -1.1 2.1 6.1 10.9 24.6 33.8 37.5 40.7 36.6 27.2 8.8 1.1 -1.1 -1.1 -1.1 -1.1 -1.1 -1.1 -1.1 -1.1 -1.1 1.2 -1.1 -1.1 -1.1 -1.1 -1.1 6.6 9.7 11.9 20.1 21.3 32.5 45.4 73.3 95.9 118.9 127.4 125.9 130.8 143.9 153.3 152.6 160.9 168.6 181.8 181.1 184.7 195.6 219.8 229.9 233.5 231.4 211.8 208.5 208.8 199.5 178 162.5 147.8 138.5 121
-1.1 -1.1 -1.1 -1.1 -1.1 -1.1 -1.1 -1.1 -1.1 -1.1 -1.1 -1.1 -1.1 -1.1 -1.1 -1.1 -1.1 -1.1 -1.1 -1.1 -1.1 -1.1 -1.1 -1.1 -1.1 -1.1 1.7 7.2 10.2 21.2 31.3 34.8 35.9 30.7 13.3 5.2 -1.1 -1.1 -1.1 -1.1 -1.1 -1.1 -1.1 -1.1 -1.1 8.9 -1.1 -1.1 -1.1 -1.1 -1.1 -1.1 7.7 10.8 13 28.3 24 37.9 55.6 83.3 108.7 121.9 128.5 141.4 154.1 154.1 164.6 161.2 173.2 173.4 187.7 191.3 194.2 206.7 226.7 235.3 229.2 216.7 200.2 198 193.4 173.9 158.8 145.6 137.6 118.2 110.5
-1.1 -1.1 -1.1 -1.1 -1.1 -1.1 -1.1 -1.1 -1.1 -1.1 -1.1 -1.1 -1.1 -1.1 -1.1 -1.1 -1.1 -1.1 -1.1 -1.1 -1.1 -1.1 -1.1 -1.1 -1.1 -1.1 -1.1 10.5 10.5 22.8 31.3 29.5 28.5 19.4 8.1 3.9 -1.1 -1.1 -1.1 -1.1 -1.1 -1.1 -1.1 -1.1 -1.1 5 -1.1 -1.1 -1.1 -1.1 -1.1 3.9 8.1 11.3 23.9 24.5 28.8 42.1 66.2 96.1 115.2 121.7 136.4 145.9 162.9 163.6 166.2 168.4 179.4 179.8 197 199 197.9 212 220.8 217.5 211 199.4 194.4 196.7 179.4 158.9 144.6 132 109.4 106.7 100.4
-1.1 -1.1 -1.1 -1.1 -1.1 -1.1 -1.1 -1.1 -1.1 -1.1 -1.1 -1.1 -1.1 -1.1 -1.1 -1.1 -1.1 -1.1 -1.1 -1.1 -1.1 -1.1 -1.1 -1.1 -1.1 -1.1 -1.1 8.8 10.3 22.7 26.9 25.3 18.1 10 4.6 2.2 0.9 -1.1 -1.1 -1.1 -1.1 -1.1 -1.1 -1.1 2.9 7.1 -1.1 -1.1 -1.1 -1.1 -1.1 5.6 7.8 12.7 25.2 25.9 34.8 49.7 75.1 102.3 118.4 131.5 142.4 153.7 166.5 171.1 166 171.9 177.2 197.5 209.1 203.3 206.4 217 216.6 212 205.7 192 192.2 187.4 164.8 144.7 131 118.9 106 106.3 108
-1.1 -1.1 -1.1 -1.1 -1.1 -1.1 -1.1 -1.1 -1.1 -1.1 -1.1 -1.1 -1.1 -1.1 -1.1 -1.1 -1.1 -1.1 -1.1 -1.1 -1.1 -1.1 -1.1 -1.1 -1.1 -1.1 -1.1 -1.1 10.1 20.4 23.2 13.3 11 6 2.2 1.1 0.3 -1.1 -1.1 -1.1 -1.1 -1.1 -1.1 2.9 5.9 9.6 -1.1 -1.1 -1.1 -1.1 3.5 6.5 11.1 20.1 27.1 30.9 37.8 55 81.7 108.9 122.8 137.7 149.3 162 172.9 177.7 168.1 172.2 189.6 209.2 206.6 210.8 210.1 213.3 217.1 206.7 194.1 189 191.7 167.8 148.6 131.7 125.1 115.9 104.7 101 119.3
-1.1 -1.1 -1.1 -1.1 -1.1 -1.1 -1.1 -1.1 -1.1 -1.1 -1.1 -1.1 -1.1 -1.1 -1.1 -1.1 -1.1 -1.1 -1.1 -1.1 -1.1 -1.1 -1.1 -1.1 -1.1 -1.1 -1.1 -1.1 10 9.9 10.7 9.5 6.7 2.1 1 -1.1 -1.1 -1.1 -1.1 -1.1 -1.1 -1.1 -1.1 4.8 9.2 12.5 1.3 -0.2 -1.1 1.1 4.2 7.7 14.4 24.7 31.3 39.4 43.7 58.5 89.7 114.9 130.7 145.1 151.7 166 176.2 173.4 171.3 176.7 204.3 207.7 205.4 211 204 216.9 215.8 196.7 181.1 182.1 172.4 149.6 135.5 123.2 109.4 99.8 101 114.1 123.3
-1.1 -1.1 -1.1 -1.1 -1.1 -1.1 -1.1 -1.1 -1.1 -1.1 -1.1 -1.1 -1.1 -1.1 -1.1 -1.1 -1.1 -1.1 -1.1 -1.1 -1.1 -1.1 -1.1 -1.1 -1.1 -1.1 -1.1 -1.1 1.6 5.7 4.7 4 2 -1.1 -1.1 -1.1 -1.1 -1.1 -1.1 -1.1 -1.1 -1.1 -1.1 5.7 12.7 10.2 1.9 1.4 1.6 2.7 5.5 13.4 20.3 29.3 38.1 43.1 45.7 64.6 99.5 121.5 139.3 148.8 155.9 165.9 168.8 171.5 170.2 184.2 204.9 202.4 203.3 199 201.7 214.6 207.9 188.6 168.4 169 155.5 140.2 125.9 115.3 101.8 109.1 117 121.3 128.2
