UK/data/nj/nj33_OST50GRID_20230518/NJ33.asc
ncols 200
nrows 200
xllcorner 330000
yllcorner 830000
cellsize 50
[rows 0 to 34 of 200, columns 0 to 77 of 200]
416 404.6 394.9 389 386.4 383.5 377.7 371.9 364.8 354.9 342.9 333.4 318.4 306.1 296.8 288.3 279.6 272.5 265.9 260.6 256 250.2 245.4 238.6 231.1 225.3 218.7 212 206.8 204.3 204.6 205.3 203.3 207.2 210.6 208.4 206.5 204.5 201.3 198.1 197.9 195 193.1 190 189.3 189.8 186.8 185 184 182.6 181.8 180.4 179.3 177.8 176.9 175.3 173.5 172.4 169.1 163.3 155.8 146.3 143.6 144.2 164.2 183.1 198.4 206.6 218.8 225.7 231.3 236.4 239.4 239.2 239.1 240.8 241.1 240.2
411.3 397.4 387.1 380.5 376.9 372.4 368.1 364 356.9 349.7 340.3 327.4 316.6 305.1 295.8 288.6 281.4 274.5 268 262 258.3 253.1 247.2 241.2 232.8 227.4 219.4 213.9 209.2 208.8 208.6 207.8 211.3 214.7 215.2 212.9 211.1 208.8 206.2 204 200.9 198.8 198.2 195.8 193.4 191.3 189.8 187 185.3 182.4 180 177.1 174.6 174.7 174 172.3 172 169.5 168.3 163.3 151 146.9 142.5 144.7 160.9 177.3 194.2 204.2 214.8 222.2 227.4 231.6 232.9 232.9 233.6 233.4 232.9 232.2
407.7 391.8 381.6 371.3 367.7 363.8 360.6 356.2 350.8 345.6 337.2 323.6 315.8 304.3 295.1 289 283.1 276.2 270.1 265 260.2 255 248.3 242.3 234.8 228.5 220.9 215.4 212.1 211.4 211.3 214.1 216.3 218.5 219.5 220.1 217.7 214.4 210.2 207.3 204.6 203.4 203.8 201.5 198.8 196.8 196 187.9 185.3 183.8 180.8 176.1 170.1 169.3 167.5 162.3 164.4 165.1 167.5 158 147.8 149.5 144.7 144.4 143.8 168.6 189.2 201.4 209.5 215.9 220.6 224.3 225.2 225.7 227 226.6 225.3 225.7
404.1 389.5 376.8 365.9 359.3 356.7 352.4 346.6 342.2 345.2 335.1 323.1 316 305.3 294.9 289.4 283.4 278.1 271.9 266.8 261.6 255.9 248.5 243 236.8 229.5 223.1 217.6 219.4 220.1 218.7 217.8 220.4 222.9 224.9 226.4 224.8 222.1 218.3 212.3 208.6 208.8 209.4 207.6 206.3 205.9 203 198.7 188.5 184.5 182 176.1 168.9 164.4 159.1 151.1 151 152.5 153.3 147.8 148.7 149 149.3 145.5 144.9 155.3 179.8 196.3 203.5 209.2 212.1 216.3 218.3 220 219.6 218.4 216.2 218.4
400.2 386.3 370.7 360.2 352.5 348 342.9 337.8 335.4 332.1 322.2 317 316.2 305.3 297.4 290.9 285.4 279.3 272.8 267.6 261.5 255.5 249 242.8 236.3 229.9 225.4 225.7 226.3 222.4 221.1 222.2 227 229.7 230.2 231.4 230.8 227.9 221.3 216.4 212.5 213 213.6 211.9 211.8 210.1 206.2 203 197.1 187.6 185.1 179.2 167.6 161.8 154.2 150.4 150 149.8 146.5 148.4 151.8 158.4 153.2 148.5 145.7 145.7 173.5 188.2 196.7 200.5 203.8 208.9 211.6 212.9 210.8 207.2 207.4 212.1
397.8 382.1 366.8 356.7 347.6 337.9 332.6 328.1 326.8 321.3 314 309.2 304.6 301.1 297.4 294.4 288.8 282 273.9 266.7 261.2 255.2 249.7 242.3 235.3 234.3 233.4 227.3 227.2 227.2 226.1 225.9 230.7 233.3 234.8 234.9 233.7 231.5 226 220.2 215.9 215.5 217.4 217.4 215.8 213.3 209.5 204.8 195.6 188.6 185 175.2 165.1 157.3 150.2 149.6 156.2 165.4 159.3 161.7 164.1 165.3 166.1 150.8 146.8 145.1 162.8 177.7 186.8 190.5 194.8 199.9 201.7 202.8 202 198.9 200.7 206.1
390.9 375.8 364.2 352.9 342.9 332.6 323.6 318.2 312.4 311.1 305.5 300.8 298.9 297.2 296.9 295 291.1 285 276.6 267.8 261.2 255 249.3 240.7 237.5 236.2 230.2 230.8 232.2 231.1 232.4 231.4 232.6 235.2 237.1 237.4 237 234.2 230.4 224.6 218.8 219.8 222.9 222.3 219.2 213.5 208.2 201.5 191.4 188 182 171 157.7 150.1 150.5 159.7 171.7 174.3 174.9 169.1 169.5 168.1 153.6 164.3 152.2 144.8 146.9 163.6 174.4 180.3 181.5 182.6 185.7 187 186.1 186.4 197.4 199
386 370 361.5 349.7 338.4 328.9 323.8 322 308.3 297.4 294.1 292.3 291 291.8 292.1 293 289.8 284.3 276.6 268 260.7 255.1 248.4 241.7 237.6 236.5 232.8 231.7 233.2 233.8 235.1 233.2 234.7 238.7 239.4 240.3 240.3 238 234.5 228.5 221.6 222.4 227.2 224.9 219.3 212.2 206.3 196.9 186.4 183.6 173.8 158.8 151.9 151.1 148.9 168.8 173 176.4 175 173.5 174.7 174.4 155.5 156.8 159.9 149.9 146.6 148.1 149.6 158.6 163.6 160.8 161.1 165.7 173.2 178.5 188.7 188.5
380.4 364.9 355.3 344.9 334.7 327.9 324.6 313.1 300.5 295.2 288.8 282.6 282.7 284.2 286 287.3 286.5 281.3 274.4 266.8 259.9 253.8 245.7 241.6 238.7 236.6 234 233 236.6 237.4 237.3 237.7 237.6 239.4 239.8 240.4 239.4 240.1 238.8 233.9 224.9 224.2 229.1 224.9 218.2 209.7 204 192 180.4 173.9 155.2 152.6 149.9 152.3 168 173.4 176.5 179.3 179 179.9 183.2 180.3 176.8 170.4 165.7 158.1 145.8 146.7 146.2 146.4 149.5 150.4 150.9 150.8 150.2 165.5 173.1 175.8
374.9 362.9 353 346.4 337.1 331.1 328.8 320.6 309.3 300.1 292.7 286.3 280.3 275.8 278.2 280.3 279 276 271.4 263.3 257.7 250.9 243.6 240.3 237.4 235.9 234.7 235.1 237.8 238.7 237.5 238 238.2 239.6 240.2 239.9 239.5 240.4 241.1 237.3 231.3 225 226.4 222.9 215.4 207.8 197.9 183.3 170.6 158.3 153.7 152.3 152.6 164.8 175 184 185.7 187.4 188.1 192.1 193 187.1 183.4 179.1 170.6 163.2 160.1 157.2 150.3 151.2 152.2 152.7 153.6 154.8 154.9 152.9 150.1 152.2
384.9 374.1 361.7 350.9 342.4 337.7 332.9 323.4 314 304.3 293.7 287.4 281.7 275.3 269.7 270.4 271 267.9 263.1 258.4 253.4 247.1 241.2 238.9 237 235.6 234.7 235.8 238.5 239.3 239.3 239.2 239.1 239.4 239.1 238 238.3 237.3 237.3 236.5 234.1 226 222.7 219.6 214.2 207.8 193.9 170.6 160.2 158.7 153.4 153.3 160.2 178.7 189.6 196 196.1 200 200.5 202.3 201.9 198 191.6 185.2 176.6 167.5 162.6 162.8 162.6 159 152.9 162 163.3 161.1 161.1 157.6 158.9 157.9
391.3 381.6 370.8 360.4 348.4 342.3 337.4 330.1 318.4 308.9 298.2 287.7 281.7 276.3 265.8 260.7 256 254.8 254.3 251.4 247.3 243.9 239 235.8 234.2 234.4 235.5 236.7 237.9 238.6 239.5 239.8 239.4 237.5 237.3 236.5 235.5 233.8 232.8 232.5 233.2 231 224.1 216 211.5 203.8 190 164.8 159.5 151.5 154.7 154.4 166.9 184.8 194.1 207.6 210.1 211.7 211.5 211.5 211.2 207.5 200.9 190.1 183.5 173.1 167.8 167.4 165.3 161.1 153.1 167.4 170.1 170.1 170.9 167.7 163.9 167.1
397.2 387.7 377.1 364.9 355.1 350.4 341.5 332.9 320.7 311.5 301.5 292.1 284.4 279.9 275.6 270.5 265.4 260.5 248.9 245.9 242.6 239.4 235.4 233.3 231.2 231.4 234.2 234.7 235.8 237.6 238.1 239.1 237.9 236.8 235.8 235.4 232.7 229.2 227.8 227.6 227.5 226.1 222.1 214.7 205.7 198.3 185.9 164.5 159.5 152.9 154.8 154.5 172.9 189.4 200.6 214.4 218 219.9 220.7 220.6 217.7 213.4 206.6 194.6 188.8 180.1 173.8 174.1 170.6 164.8 154.3 169.5 174.1 175.6 175.5 173.1 169.6 172.9
400.5 390.4 378.5 368.2 359.9 354.9 342.7 332.1 321.3 314.1 305.6 296.6 289.4 283.5 278.4 272.8 267.6 261.7 256 251.1 244.8 238.8 234 230.8 229.6 227.6 230.4 232.9 233.8 235.5 235.8 235.6 236.9 236.4 235.7 233.1 228.8 226 224 222.6 222 219.9 216 209.8 201.9 194.2 179.8 165 159.7 154.6 155.5 155.5 171.9 192.6 207.8 216.5 221.4 224.9 227.8 227 223.3 217.5 210.8 201.7 194.5 188.1 179.5 178.7 174.4 167.1 157.7 169.1 177.2 182.2 182.7 179.6 177.3 178.6
399.7 391.6 383.2 371.1 360.3 351.6 342.5 334 324.8 315.5 306.5 298.9 292.1 286.2 280.1 273.8 268.4 261.6 257.5 251.3 245.7 238 234.1 230.8 228.3 226.1 227.6 232.3 233.1 233 233.4 231.1 230.6 233.5 233.3 231.5 228.4 226 219.7 213.7 212.2 210.3 206.6 201.2 196.2 188.4 176.6 164.8 157.3 153.5 156.2 156.6 177 194.8 207.8 216.9 222.1 228.2 231 229.8 225.7 219.9 214.1 207.1 200.1 192.8 183 183.6 179.3 172 157.9 169.4 179.1 184.4 184.1 183.6 182.9 182.7
397.6 390.2 382.8 370.5 359.5 350.5 343.1 333.2 323.6 315.4 307.1 298.4 292.5 286.9 279.8 273.6 267.9 262.4 255.7 251 243.7 238.3 235 231.9 226.2 224.2 222.1 227 229.1 229.9 228.7 227 225.9 227 227.5 227.1 223.6 219.8 210.9 202 196.1 195 196.4 193.2 186.4 179.3 170.6 161.1 157.9 156.8 157.4 166.5 188.2 199 208.1 216.3 225.4 231.3 234.3 230.7 226.3 221.7 216.3 210.1 203.8 196.3 186.4 186 184.1 174.4 162.4 167.3 176.8 183.2 182.1 183 184.9 186.7
397.6 388.1 378.2 369 360.5 350.5 343.2 330 320.6 312.1 305.6 297 290.2 284.3 277.6 272.7 265.9 260.1 255.8 249.7 243 238.5 234.9 232.7 228.6 224.2 219.4 219.5 223.1 225.1 223.2 222.2 221 221.3 221 220.3 216.4 210.8 201.1 192.7 186.5 186.1 188.2 182 176.1 165.6 162.7 159.2 155 158.2 160.1 185.7 196 204 211.5 222.5 232.5 238 238 232.1 227.4 222.9 217.2 211.6 205.2 198 187.6 183.8 181.4 175.7 161.1 163.5 174.1 178.7 182.3 185.3 188.2 191.3
395.8 385.7 376.9 369.6 359.3 351.5 343 328.5 317.8 308.3 301.1 293.1 287.4 281.1 274.8 269.4 262.9 258.5 255.2 247.7 242.3 238.7 235 231.2 228.5 226.6 223 216.4 217.8 218.8 218.1 216.7 217.3 218 215.5 213.4 209.6 202.9 189.3 192.9 191.6 190.6 189 182.6 166.3 163.2 161.9 158.7 160.1 163 176.7 194.3 202.1 210.1 219 229.5 238.8 244.2 239.1 234.1 227.9 223.2 218 212.4 206 199.8 191.3 185.3 181.7 177.1 169.7 167 171.6 180.7 188.5 192.4 194.6 196.6
393.2 384.6 374.8 367.2 356.9 350.6 340.8 327.6 316.3 307.4 298.9 292.5 286.7 278.8 271.8 265.6 259.5 256.2 250.6 245.4 240.9 237 234.1 231.4 228.2 225.4 221.9 218.4 213.7 213.7 213.7 212.9 212.8 211.9 209.3 207.3 202.8 193.1 195.9 196.3 191.8 190.9 188.8 182.4 182.6 178 166 156.6 174.5 186.5 192.4 199.7 207 216.3 223.9 234.1 242.1 244.6 241.2 235.2 229.5 224.1 219.1 213.3 206.6 201 194.2 189.6 184.8 179.7 176.1 165 174.8 183.4 192.9 197 200.1 202.1
387.3 379 371.3 362 354.7 350.7 337.2 325.6 314.8 305.5 297.9 292 285.5 279 273.2 265.7 259.2 253 247.7 242.7 239.3 235.7 232.5 229.4 226.6 223.8 221.4 217.4 214.7 210.8 207.5 204.2 205.4 207.8 201.5 202 198 202.6 203.4 204.2 198.3 192 187.8 185.7 182.5 176.8 176.2 160.2 175.9 189 197.4 205.1 211.4 219.5 227.9 237 243.5 245.7 241.8 236.4 231.4 225.8 219.7 213.3 207 202.4 196.1 192 186.8 182.3 174.2 169 177.9 187.1 196 201.4 204.5 207.6
381.7 374 365.9 355.9 353.4 344.9 334.1 323.2 312.5 303.2 295.5 289.2 283.5 278 270.4 263.7 257.4 252.8 247.1 241.2 237.9 235.2 232 228.8 226.5 222.5 219.6 216.5 215 212.5 212.7 212.1 205.6 207.2 209.5 214 214.7 217 223.5 216.4 200.4 191.8 185 184.5 184.2 183.6 175.4 160.4 163.3 187.3 200.1 208.8 216.5 223.6 231.1 239.8 245.1 246.3 243.7 239.6 233 226.9 220.4 214 208.9 204.2 198 193.1 188.3 183.8 177.7 168.6 178.5 189.9 199.5 206.1 209.6 212.9
374.8 367.1 358.4 351.9 347 340.2 330.4 320.8 309.9 299.5 293.7 288 282.2 275.8 268.7 262.1 256.7 252.4 244.9 240.3 237.6 234.7 232.2 228.2 225.1 221.5 218.2 215.5 214.2 213 211.4 210.4 212.2 218.2 220.2 219.4 224.8 225.9 230.6 216.9 201.6 194.8 189.4 185.5 186.8 186.9 188.7 165.9 160.8 184.1 203.9 212 219.9 228.7 234.5 241.6 246.6 246.9 245.2 242 234.4 228.5 221.9 215.9 211.3 206.2 200.1 195 188.9 184.4 179.5 171.9 179.5 189.5 201.5 210.3 214.8 218
367.8 359.8 352.1 346.2 343.7 333.3 326.9 316.8 308.1 298.8 292 285.7 279.8 274 266.8 259.9 255.9 252.4 244.3 239.5 236.8 233.8 230.8 227.9 225 221.5 218.4 216.8 215.3 213.7 212.4 214 218 226.6 225.5 226.9 233.5 233.7 231.1 217.8 206.9 201.7 196.4 192.1 190 190.8 193.1 180.5 159.3 174.2 198.9 211.4 220.5 230.4 239.4 244.3 249.5 249.1 247.2 243.4 236.3 230.4 225.7 220.2 214.5 208 202.3 196.4 190.9 184.4 178.9 170.8 181.3 190 202.1 212.8 219.4 222.5
360.9 352.8 346.1 343 333.8 328.4 321.2 313.9 305.6 295.9 289.1 283.4 277 271.7 266.3 260.9 255.4 250.2 244 240.3 237 233.4 230 227.5 225.7 221.3 219.4 218.5 216.9 214.9 214.9 218.3 225.7 231.1 228 232.2 238.4 235.4 229.7 222.6 214.6 208.5 200.8 193.4 192.7 194.4 199.7 190.3 159.9 177.1 198.8 211.2 220.5 234.8 244.2 248.4 251.6 251.5 248.5 244.5 238 234 229.1 220.5 217.8 210 203.7 198 191.9 185.2 178.1 172.2 182.8 191.6 202.8 214.3 223.5 226.4
354 346.9 340.5 334 328.5 321.7 315.1 309.1 300.7 293.2 286.1 280.7 274.8 269.1 265 259.6 254.8 249.7 244.5 241.4 237.6 234.3 231.3 227.8 225.9 224 222.5 220 218.1 216.6 217.8 222.9 231 230.4 228.8 232.8 240.3 238.3 229.6 223.6 218.4 212.8 201.5 195 196.9 199.3 201.2 193.9 160.3 173 197.3 208.1 223.4 236.1 248.2 252.5 252.9 253 249.9 245.8 242 238.1 231.7 224.3 217.9 211.5 205.6 199.4 193.6 186.9 179.2 172 184 193.8 205.1 217.5 226.5 230.6
347.3 342.4 336.7 328 320.9 314.4 309.3 302.7 295.9 290 283.5 278.4 272.6 268 263.6 258.5 254.5 251.4 245.1 242 238.2 236.4 233.8 229.9 227.3 226.1 223.7 221.2 219.4 218.2 220 225.3 231.3 230.6 230.1 232.7 241.7 239.9 232 226 222.6 210.5 199.9 198.1 200.8 205.1 206.6 200.1 169.6 161.3 171.6 192.7 213.5 235.6 250.1 255.7 253.8 253.1 251.7 249.6 246.3 240.8 234.2 227.2 219.8 213 207 200.9 194.9 187.4 180.2 175.2 186.2 196.4 207.4 221.5 230 234.8
341.3 335.7 328.5 321.1 314.4 308 303.7 297.4 291.6 285.6 279.6 275.6 272.3 267.7 263.2 258.6 254.6 251.5 245.8 242 239.5 237.2 234.6 232.6 231.3 229.3 225.5 223 221.3 220.3 222.6 228.4 234 234.5 232.8 232.1 233.8 235.7 229.9 227.4 215.9 203.9 199.8 201.3 205.7 210.1 212 207.5 195.2 179.8 166.8 170.6 196.7 226.2 248.8 257.4 256.2 254.8 253.6 251.7 248.6 243.1 236.3 228 220.8 214.2 208 202.5 195.9 187.6 181.6 176.2 185 197.3 210.6 224.1 233 238.8
335.2 327.7 320.8 315.1 309.9 304.1 298.4 293.3 286.9 281.3 277.3 273.9 271.1 267.9 263.4 258.8 254.9 251.5 245.8 241.6 239.3 237.8 235.4 234 234.5 232.7 228.4 224.8 223.4 223.3 225.8 232.3 232.3 231.8 231.5 230.8 229.2 227 226.1 219.8 208.4 200 200.5 207.3 212.2 217.9 215.3 210.9 200.7 191.8 171.5 162.6 185.2 220.8 246.3 258.9 257 255.6 254.9 252.5 248.7 244.2 237.1 229.1 222.6 214.2 209 203.8 197.3 188.3 181.4 177.3 185 196.1 211.1 223.9 234.3 243.6
324.4 320.3 314.5 308.6 304.8 299.9 294.1 289.4 282.5 276.9 274.7 272.4 269.3 266.2 263.1 259.4 255.8 251.8 245.4 240.2 238.6 236.4 235.5 234.1 235.2 233.2 229 226 225 225.6 226.9 226.7 225 223.6 223.1 225.5 227.1 217.2 215.4 213.9 201.9 201.6 207.7 215.6 221.2 218.9 216.6 213.7 201 187.6 164.9 167.8 189.6 218.6 244.1 256.1 259.8 256.4 255.1 251.6 248.2 243.6 237.5 230.9 225.1 217.2 211 205.5 197.4 190.2 182.7 178.5 185.2 196.4 210.5 222.5 234.2 246.2
316.4 312.6 307.2 302.3 299.4 294.6 289.9 284.8 278.4 273.2 269.4 267.8 265.9 264.2 261.2 258.3 255 250.2 243.9 238.6 234.7 231.3 232 233.6 234 231.2 228.8 226.6 224.9 224.1 221.8 217.8 216.6 215.4 214.3 215.5 192.2 190.1 189.5 203.5 201.5 205.4 218.3 225.1 224.8 222 219.7 209.6 197.1 169.1 169.7 176.2 205.7 226 243.5 257 263.6 256.6 254.1 250.5 247.7 243.3 238.8 233.3 227.5 220 215 209.6 202.7 193 186.3 179 181.5 199.7 209.8 220.7 233.2 244.2
307.9 304.3 299.9 295.5 291.7 288 284.5 279.9 274.4 267.4 263.8 262.1 261.4 261.4 258.7 256.2 253 248.1 239.4 233.1 228.1 224.6 224.2 226.6 228.8 226.3 222.3 224.7 222.8 222.1 215.2 210.2 208.5 206.5 205.3 196.2 185.3 181 178.9 194.8 201.6 216 227.8 228 227.1 223.1 216.2 207 190 166.7 175.2 193.3 211.2 227.1 246.1 258.2 262.5 256.6 251.8 249 246.4 243.6 239.5 235.4 230.1 224.1 219.8 213.5 205.3 198 190.4 183.5 180 195.7 208.6 216.7 229.5 238.6
300.6 297.4 293.8 289.5 284.6 281.4 278.5 273.8 268.6 263.7 258.5 256.1 256.2 258.5 257.6 254.8 251 246.4 240.3 230.6 223.6 220.9 219.5 219.4 221.9 218.6 212.2 210.7 208.9 210.9 209.8 207 204.9 203 199.8 191.2 182.6 183.2 178.3 199.7 203.5 220.7 226.4 230.4 222.3 214.5 211.7 200.7 177.3 165.2 178.4 195.7 213.3 230.1 244.8 254.7 260.9 255.8 248.9 246.7 245.4 242.9 240 237.3 233.1 228.5 223.6 217.4 208.9 202.5 196.3 186.2 181.5 192.6 204.9 214.1 225.5 234
294.9 291.2 287.7 281.6 277.5 272.8 269.9 265.8 262.2 258 252.6 248.1 249.9 254.6 255 252.8 248.5 243.6 237.7 228.2 220.8 218.1 214 212.3 215.2 215 209.7 204.1 195.8 202 205.2 205.2 204.5 202.1 194.4 183.4 185 180.9 179 188.4 205.9 217.5 223.2 217 201.6 189.6 181.1 184.5 175.4 166.7 198.3 205.1 213.4 229.2 242.8 250 253.6 249.7 247 246.3 245.2 243.5 241.4 238.5 235.7 232.5 228.4 220.4 212.2 206.4 201.9 188.3 182.7 192.3 200.6 211.2 220.4 229.5
290.5 286.5 282.5 277 273.1 269.5 262.5 258 252.9 248.7 243.6 239.8 240.1 249.3 253 251 245.5 240.2 234 224.6 216 210.6 207.2 206 208.7 211.7 206.6 200 189.9 187.9 193.2 194.4 192.6 190.5 182.4 194.1 182.4 179.4 179.3 189.8 201.3 204.4 198.7 189.9 175.2 168.9 169.2 169.1 168 188 213.5 220.7 220 225.5 235.8 243.2 245.6 246.8 248.3 247.8 247.2 247.1 245.3 242.9 240.9 238.2 233.3 224.8 215.7 209.7 205 193.1 183.7 186.2 196.5 206.8 216.3 224.9
287.4 283.7 279.8 276.1 268.9 268.9 269 264.4 261.5 257.7 253.2 248.6 237.5 242.9 251.1 248.9 242.7 236.2 227.7 216.6 211.1 206.5 202.8 199.8 197.2 198.6 202.7 190.7 186.4 188.2 187.5 186.8 189.9 199.4 199.5 189.1 180 178.7 176.5 182.4 182.4 176.1 175.4 172.5 188 188.1 192.5 189 180.4 200.3 224.3 230.9 229.4 232.7 237.2 243.4 248.1 252.8 252.4 251.7 250.3 250.8 250.3 249 247.4 242.9 237.8 229 220 214.2 208.9 200.2 189.8 185.4 186.8 200.8 212.7 220
