WholeMapElevations/data/nc/nc44_OST50GRID_20230518/NC44.asc
ncols 200
nrows 200
xllcorner 240000
yllcorner 940000
cellsize 50
[rows 105 to 139 of 200, columns 79 to 157 of 200]
262.4 248.9 240 229.1 226.6 222.8 223.9 212 198.4 194.5 189.4 187.3 182.7 172.1 169.2 162.7 149.6 144.7 137.2 126.6 116.2 104.4 85.4 64.3 41.4 18.9 13.8 13.9 13.4 14.9 14.7 13.7 14.7 13.6 17.7 30.8 41.1 53.1 79.4 102.6 111 126.8 137.1 146.8 160.8 168 178.7 186.5 201.8 210.2 229.4 238.4 256.4 261.9 272.5 286.3 292.5 313.1 324.7 335.1 338.4 340.7 344.8 350.3 351.8 350.7 355 356.3 353.7 349.1 348.1 346.5 343.3 340.4 334.8 332 326.8 320.3 313.5
258.2 242.7 233.4 227.8 223.8 218.3 212.7 205.2 199.4 193.8 192.1 189 183.4 175.3 171.8 160.7 152.3 144 138.5 130.1 115 102.8 84.7 65.4 37.9 19 13.4 15.5 15 13.4 14.7 14.9 15.1 15 22.7 36.6 44.7 55.5 78.2 98.1 109.6 122.5 134.6 146.1 160.9 166 183.7 193.1 204 214.3 231.2 240.1 255.5 268.9 275.7 288.7 299.1 315.1 327.3 336.8 341.3 344.9 344.7 351.7 353.8 352.7 353.4 354.4 354.6 352.7 348.1 347.3 343.7 339 335.3 333.8 328.4 321.3 314.8
248.8 242.9 235.7 229.7 226.9 220.1 210.4 204.6 203.1 199.4 194.5 187.4 179.6 176.9 172.3 163.5 151.4 145.7 138.7 131.1 119.1 99.9 79.1 66.3 35.2 17.4 13.2 14.7 15.8 14.5 14.8 15.2 15.3 14.5 25.5 35 47.3 60.4 84.1 98.8 113.4 132.1 136.7 146.8 159.9 170.4 186.2 195.9 204.8 221.7 234.3 248.5 261 268.9 284.2 289.8 305.3 318.2 325.9 336.1 339.4 344.9 344.6 349 352.1 351.7 352.7 353.8 354.7 351.6 348.6 343.8 340.9 337.6 335.1 332.3 328.2 320.9 312.1
255.2 245.7 237.1 233.5 230 217.7 210.8 211 204.1 198.5 196.7 192.1 187 180.8 171.6 164 152.2 144.9 137.7 129.7 118.3 97.9 83.7 60.7 36.9 16.1 14.1 13.2 15.4 15 15.2 15.5 15.9 15.8 28.6 42.2 52.1 65.2 84.1 98.1 116.4 129.1 140.9 154.4 162.5 174.2 184.2 195.3 205.7 222.7 237.5 256.7 262.5 273.1 286.2 292.2 307.5 317.5 326 331.8 335.8 342.8 342.1 345.4 346.7 349.4 350.3 351 351.5 348.9 345.6 340.9 338.2 335.1 330.9 328.1 322.4 316.5 308.7
251.4 246.5 236.9 229.4 223 223.3 216 207.6 201.2 200.2 198.3 195.4 188.9 182.3 177.4 169.9 154.1 143.9 136.7 125.5 112 101.8 83.9 58 33.2 15.5 15.2 14.2 15.6 14.6 15.6 15 15.3 18.4 29.4 42.1 54.3 68.1 83.5 101.6 115.3 129.2 142.4 152.6 166 174.9 183.8 196.7 208.4 222.8 245.3 254.8 267.7 276.8 285.4 295 308.2 316.4 324.6 328.8 332.1 336.3 336.2 343.7 343.9 344.2 345.5 346.2 348 346.2 344.2 338.9 333.9 329.9 325.6 320.5 314.9 312.4 302.3
252.8 246.8 237.4 229.7 227.9 223.5 213.3 206.2 202.2 203.9 200.5 198.1 190.6 186.8 178.7 167.2 154.5 146.5 138.2 124.4 112.4 100.8 81.4 53.8 28.6 15.8 15.4 14.5 14.8 15 15.9 15.4 16.3 20.5 32.1 42.6 57.5 70.9 87.5 102 113.4 129.6 142.5 152.6 164.5 175.6 183.7 197.2 212.7 230.6 249.8 252.5 265.9 273.6 286.5 297.2 308 315.5 320.7 326.2 329.4 332.8 335.8 341.6 339.5 339.8 340.4 339.3 340.6 340.8 339 336 329.2 325.4 320.3 315.3 309.6 304.1 296.9
250.9 244.9 236.7 229.7 229.1 220 214 213.2 210.2 204.2 202.4 197.7 189 182.3 173.4 163.3 153.1 144.9 135.7 124.6 112.4 97.2 77.6 49.3 25 16.7 15.9 14.5 15.6 14.9 15.9 15.8 16.6 23.2 32.9 45.9 60.7 74.3 90.5 101.6 113.8 130.8 144.1 153.2 163.7 175.8 183.8 197.8 213 231 246.2 253.2 264.1 282.3 290.1 298.9 306 313.5 315.4 323.1 325.3 331.7 333.7 333.3 333.8 336 336.1 333.3 333.5 334.3 332 327.8 322.6 321 317 309.1 304.8 300.3 292.6
254 243.7 232.9 232 228.6 218.9 215.4 214.3 212.9 206 202.1 195.1 190.3 184.2 178.4 164.6 156.7 146.6 134.4 121.4 106.8 94.1 74.6 45.5 25.6 17 16 15.4 16 14.1 16.6 15.7 19 25.1 37.1 46.5 62.4 79.7 89.4 99.4 112.4 130.9 143.7 153.5 164.9 178.9 190.7 202.4 214.4 231.5 244.6 255.8 270.6 283.8 288.1 298.2 304.5 307.7 314.4 318 320.7 325.3 326.6 326.3 328 330.7 330.1 327.4 325.3 325.7 324.7 320.7 316.3 312.7 310.3 305.7 300.5 295.9 290
251.3 238.3 232.2 233.4 225.2 220 216.7 215.2 212.3 208.6 204.3 203.2 193.4 187.1 180.5 167.8 158.8 143.8 130.8 117.4 103.5 90.3 70 39.7 20.7 16.6 16.2 15.5 16.3 15.1 16.5 16.3 20.5 24.6 34.6 48.2 66.7 84.7 97.4 104.4 113.5 130.3 142.6 154.6 167 183.8 190.7 205.3 218.4 231.4 239.9 253.8 268.2 278.5 287 293 299.4 305.5 311.5 311.9 316.4 318.5 317.7 319.5 321.3 321.6 322.4 320.3 319.1 318.5 316.9 315.2 311.9 307.1 303.1 298.6 295.3 290.8 283.3
247.7 235.9 234.6 234.1 225.6 222.5 218.6 216.5 212.9 209.6 205.4 199.1 192.1 187.6 181.7 171.5 159.4 140.5 127.6 115.2 102.4 86.6 61.3 35.8 16.6 16.8 16.8 15 15.8 16 16.2 16.7 21.7 26 36.4 48.1 67.2 84.5 97.6 107.6 117.5 130.8 143 155.2 169.2 180.9 193.1 204.6 217.1 231.3 236.1 253.2 270.1 278.4 282.7 288.7 295.1 302.5 303.4 303.9 307.7 310 312.5 311.9 313.8 312.2 312.8 311.2 310.2 310.4 310 308.2 305.2 301.1 296.8 292.3 288 284.5 280.4
244.8 237.7 236.2 233.9 228.9 224.8 221.4 217.8 214.8 211.5 207.3 196.8 192.9 188.7 182.5 171.7 159.1 141.7 128.2 117.3 98 78 53 29.3 18 17.2 16.4 16.3 15.7 16.2 16.9 16.7 21.6 26.9 35.2 43.7 66.8 84.8 95.6 106.3 120.2 132.9 142.5 154.6 167.5 185.6 197.7 206.5 221.8 236.9 240.2 249.8 266.9 275 277.4 283.3 291.8 296.6 299.4 297.9 301.3 304.5 303.8 306.3 304.4 303.8 303.5 304.4 303.9 302.1 300.5 299.6 297.5 295 291.7 287.2 283.9 282 277.1
245.7 240 239.3 234.6 228.8 225.1 222.2 219.2 217.2 213.6 209.3 199.8 194.6 190.1 181.6 169.9 158.1 140.9 124.9 111.3 90.5 70.3 48.9 26.1 17 16.7 14.9 16.2 15.7 16.1 17.4 16.4 21.6 23.3 34.5 44.7 68.6 81.9 92.9 107.2 123.7 132.9 142.5 158.5 169.5 184.1 195.6 205.3 219.4 228.8 237 239.7 259 271.6 270.5 278.2 289.4 286.5 288.2 290.3 297.3 296.4 296.4 298.7 297.9 295.8 295.9 296.7 295 294.3 294 292.4 290 288.9 285.2 282.4 279.2 277 274
245.5 240.4 238.4 233.6 227.5 223.8 221.5 219.7 217.5 212.8 207.5 205.3 198.4 190 179.7 170.1 158.4 140.3 123.9 108 85.5 65.3 43.2 23.6 18.4 15.4 17 15.2 16.7 16.5 16.9 16.8 17.4 25.9 34.5 42.1 61.2 80.8 92.6 107.3 125 133.9 145 157.8 171.2 184.6 195.5 204.3 218.9 226 234.5 246.2 267.1 268.5 265.2 271.8 281.9 282.8 288.3 287.6 290.8 289 290.4 290.1 289.3 290.3 289.5 288.9 288.1 287.2 286.6 285.4 283.4 281.6 279.1 276.1 273.5 271.4 267.7
249.3 241.9 237 231.7 226.8 223.2 221.1 219.2 216.5 212.6 207.8 204.6 198.8 189 178.3 169 153.2 138.6 122.8 103.8 83.4 61 40 23.5 17.9 16.6 17.7 17.6 16.7 16.2 17.1 18 17.8 25.4 31 42.6 55.2 75.5 95 112 123.4 134.3 150 162.4 172.5 184.3 195.6 205.7 214.4 224.1 239.7 249.1 259.5 254.7 263 271 277.6 278.1 280 279.1 286.3 282.2 285.5 284.5 283.6 281.5 282.1 280.2 281.5 281.7 280.2 278.7 277.2 275.3 273.3 270.2 268.4 266.5 263
250.8 243.6 236.2 230.5 226.4 224.1 221.9 220.3 216 214.2 208.5 202.7 195.3 185.8 176.8 166 149.3 138.3 116.1 97.4 78.7 60 39.5 25 16.3 16.6 17.6 18.2 17 17.1 18 18.7 18 23.4 28.8 41.3 59.2 81 97.7 109.3 121.3 138 152.6 164.1 173.6 184.6 195.6 203.4 215 222.5 238.9 244.9 249.2 252.3 261.6 265.7 273.8 274 271.9 269.1 280 278.9 278.4 279.7 278.1 279.4 275.6 273.4 274.9 274.5 273.6 273.6 272.4 270 267.9 266.1 263.7 261.2 258.1
250.1 243.4 234 229.3 226.4 224 221.7 219.2 215.7 213.9 210 201.5 196.5 185.6 177.8 166 148.9 132.2 115.7 94.3 74.3 53.6 35.6 25.1 17.1 17 17.8 17.5 16.8 17.5 18.2 18.8 18.7 26.1 33.7 52.7 62.5 82.5 95.4 104.5 122.8 137 150.8 162.5 174.3 185.3 193.2 203.3 215.2 220.6 234.9 238.8 241.4 248.1 258 265.5 269 272.4 267.3 270 277.3 276 273.6 273.1 271.6 271.9 271 272.5 269 268.9 269.2 269.1 267.5 265.5 264.5 261.3 259.5 258.3 254.3
249 239.9 232.5 228.4 226 223.8 220.1 216.9 216 213.7 209.5 202 193.6 183.5 177.9 162.7 144.6 128.8 109.9 89.9 69.8 47.5 34.6 23.5 17.4 17.4 17.9 18 17.7 18.2 19 19.8 20.6 26.5 39 56.9 66 80.6 89.5 105 120.2 133.2 150.2 162.4 174.7 182 188 201.5 209.7 220.8 227 229.5 234.8 246.9 252.4 259.3 260.1 263.2 261.7 265.3 273.6 271.3 270.1 268.2 267.7 266.9 265 264.4 264.7 260.5 261.4 259.9 259 257.3 258 257.8 255 254.5 251.1
245.3 237.8 231.7 229.1 224.9 222 220 221.9 218.1 217.3 206 199.1 189.3 181.8 177.8 163.3 145 126.9 107.9 90.4 74.4 52.4 32.6 19.9 17.1 17.5 18 18.5 17.9 19 19.9 19 20.4 27.2 43.9 60.7 69.6 76.2 89.1 98.8 119.2 126.8 145.6 162.2 172.1 177.5 190.7 200.3 209.4 215.2 217.2 219.4 237.7 242 247.3 253.2 253.1 257.9 264 263 267.2 266.7 264.2 262.7 261.5 261 259.9 259.3 259.3 256.4 256.5 257.1 255.6 253.3 251.1 249.2 248.4 246.4 245.9
241.9 235.9 232.1 229.5 224.4 220.3 218.1 216.8 217.4 212.5 204.4 196 187 181.5 174.4 160.8 143 125.7 106.8 86.5 67.3 46.4 30.4 19.9 17.9 18.3 18.7 18.9 18.5 18.1 18.3 19.4 19.9 30.1 43.9 59.7 73.5 76.3 88.3 101.1 110.1 118.9 142.3 159 168.6 175.1 190.9 196 203.9 211.3 216.3 226.2 235.1 240.7 244.5 249.8 249.3 255.1 258.6 258.5 259.2 261.2 261.6 257.8 260.3 257.9 256.7 257.2 255.9 251.6 253.2 256 252.3 250.1 247.8 245.9 244.3 242.5 242.4
239 234.4 232 229.4 227 219.4 216.4 215.4 214.6 209.3 201.2 193.7 185 180.1 170 156.4 140.3 122.7 102.5 82.7 65.1 48.1 31.3 20.9 17.9 18 18.9 19 18.8 18.6 20 19.2 18.8 25.5 42 62.7 71.8 80.1 88.3 105.5 113.7 126 140.8 160.9 167.2 174.5 186.7 189.1 200 213.1 217 229.6 228.9 237.3 240.9 245.2 246.5 252.5 257.6 256.6 255.1 255 255.9 257.7 256.1 254.9 252.9 253.2 249.9 250 250.2 246.3 245.6 245.7 245.2 242.9 239.8 239.2 237.7
235 233.8 231.8 227.7 223.6 219 215.6 214.5 211.1 205.2 197.3 190.1 183.7 176.9 165.7 151.6 133.8 114.2 98.7 80.5 68.6 50.4 30.5 23.2 17.5 17.5 18.2 19.5 19.3 18.6 19.7 20.3 22.6 27.5 32.4 56.5 71.1 82 89.2 104.5 114.8 127.8 140 158 163.9 170.1 181 191.6 201.4 214.4 212 218.3 224.8 234 238.8 237.4 241.3 248.3 255.2 253 253.3 251.8 252.2 252.5 253.6 250.7 250 249.5 248 247.3 246.9 245.8 244.9 243.8 239.5 238.7 237.6 236.1 235
232.3 232.2 231.9 224.8 219.8 215.4 215.7 214.8 208 200.7 195.7 190.1 179.8 172.6 160 144.6 127.3 111.3 93.1 78.3 65.8 46.7 28.9 23.4 22.9 20.1 20.3 21 20.1 18.7 20.5 19.8 24.6 30.5 34.7 55.4 71.4 81.4 89.3 99.3 115 127.9 142.1 153.8 159.3 169.3 174.8 193.3 198.7 211.1 205.4 211.1 224.1 230.5 232.3 234 238.7 244.7 248.3 251.1 251.9 251.9 251 249.1 251.2 247.3 248.6 248.4 245 244.3 244.8 243.6 243.5 239.3 235.8 236.9 236.8 235.7 233.1
226.4 227.4 226.7 221.3 215.7 210.2 211.7 211.2 208.4 202 195.5 191.6 178.4 172 157.2 140.1 117.6 102.5 88.3 74.1 59.3 41.3 30.1 24.3 21.9 19.8 20.6 21.5 21 18.7 20.3 20.4 26 34.7 41.2 56 74.6 83.9 92.3 108.5 122.4 128.2 135.4 152.7 159.7 178.4 187.2 198.6 195.7 200.1 197.6 206.1 217.7 226.1 227.8 232.2 236.5 242.4 248 251.1 252 251 249.7 245.7 246.3 245.3 246.5 245.8 243.2 242.5 242.4 241.6 237 237.4 235.7 234 233.8 229.2 229.1
221.1 221 220.4 215.8 210.7 206.3 207.8 208.3 208.8 200.2 193.4 186.6 175.7 167.6 154.3 137.8 117.1 103.6 85.6 73.7 57.3 40.9 29.9 24.1 21.8 20.3 20.9 22.5 21.9 18.8 20.7 20.8 20.9 33.6 42.5 55.2 69.1 83.8 94.9 109 125.8 134.2 140.5 152.6 163.6 179 188.3 195.8 189.5 193.1 194.2 207.3 217.3 220.7 224.9 227.1 236.8 242.9 247.4 248.8 248.6 247.5 246 243.4 243.1 244 244.5 242.3 241.8 241.5 240.5 237.6 233.5 230.6 229.7 231 228.9 227.3 226.9
215 213.5 212.2 209.7 207.4 205.1 205.2 204.9 200.5 194.4 188.4 180.2 173.9 164.6 152.5 138.9 120.2 100.1 85.5 71.8 55.9 39 29.7 25.6 22.2 21.5 21.7 22.7 22.5 18.6 21 21.1 20.8 32.4 44.3 56.5 76 85.7 94.4 105.8 121 126.7 136.9 153 166.8 177.2 176 182.7 181.5 189.7 195.5 209 217 223.7 227.3 231.1 237.3 241.8 244.7 247.3 246.1 245.6 243 240.7 242 242.7 242.3 241.4 240.9 240.1 237.6 234.6 232 231 227.2 227.5 227.2 226.5 225.5
213.7 209.3 206.9 208 205.3 204.3 203.7 201.8 197.2 188.7 183.1 177.9 167.9 158.8 146.4 134 116.6 99.1 87 68.6 53 39.3 27.1 24.9 21.6 21.8 22 22.7 22.8 18.8 21.6 22 24.4 33.4 38.7 51.5 71.3 81.2 93.5 104.3 120.1 133.5 148.6 159 164.9 169.8 172.3 174.9 177.8 197 199.7 210.8 215.5 223.4 233 235.5 234.8 240 240.3 242.2 242.2 241.1 238.8 238.1 241.8 240.3 241.2 239.7 238.9 237.2 233.6 231.6 230.9 229 226.4 226.7 226.5 226.5 225
208.8 202.1 199 202.3 201.2 199.3 197.7 194.5 190.4 183.4 175.7 169 162.2 151.4 139.6 126 112.8 97.4 80 64 50.8 40.1 32.1 25.2 22.5 22.1 22.4 23 23.6 19.2 21.9 22.3 26.1 31.2 44.3 56.8 77 87.4 97.2 112 124.9 134.7 144.9 154.2 161.9 164.8 180.1 177 192.1 201 201.5 207.4 212.9 223.2 229.3 231 233.2 237.3 237 239.2 238.4 236.8 236.9 235.8 239.2 238.7 236.3 236.8 235.6 234.9 232.9 229.6 230.4 227.2 226.6 225.6 226 225.6 224.6
200.5 195.2 192.9 193 192.7 193.3 193 191.2 188 180.8 174.5 167 156.6 140.8 131.5 121.4 109.4 93.8 75.4 59.6 48.8 37.5 27.2 25.8 25.7 23.2 22.6 23.1 23.1 20.2 23.7 24.7 32 41.2 48.9 58.9 77.6 88 101.3 111.3 132.8 138 144.3 147.7 155.5 162.9 172 176.1 189.1 199.2 196.3 201.4 209 222.6 223 225.8 230.6 233.1 233.7 234.3 234.9 233.4 234 232.5 235.6 233.1 231 233.8 234.1 232.9 230.3 227.1 226.2 224.7 225.8 225.6 224.4 224.4 223.6
191.9 189.5 185.6 185.2 189.5 191.4 188.3 185.2 181.8 175.8 170.7 166.2 151.8 139.6 131 119.6 105.5 86.5 71.3 58.8 46.2 38.2 27.4 26.4 26.6 25.6 25.3 23.7 23.3 22.6 23.3 27.4 35.2 44.1 51.5 61.3 79.4 89.7 104.4 110.1 130.5 135.5 137.3 144.1 147.3 154.7 163.9 169.9 177.5 190.9 198.4 200.5 211.3 217.8 219.2 219.3 226.9 228.6 230.8 232.1 235 230.3 230.9 229.5 230.6 229.6 229.1 231.8 231.7 230.4 228.2 225.1 223.4 223.5 224.3 224.9 224.3 222.9 222.8
183 181.3 177.1 181.2 184.7 183.7 180.4 178.8 175.3 169.7 164.1 156.1 145.8 132.4 123.9 114.9 102.1 84.6 66.2 53.8 39.5 31.2 28.3 27.1 27.1 26 25.1 24.5 19.8 22.7 25.6 34.4 43 53.2 59.9 72.9 83 89.8 108.3 112.1 122.7 125.4 130.5 137.5 156 161.8 164.6 167.3 183.3 188.3 199.2 199.9 208.6 216.4 214 218.3 223.6 224.8 227.2 227.9 228.5 229.7 228.4 227.8 228.3 226 228.5 227.9 227.8 227 226.7 225.2 221 222.3 224.1 224 223.5 223.6 223.1
173.1 171.7 169.5 175.2 177.8 175.4 176.1 175 168.7 162.2 156.3 148.2 138.5 128.3 118.9 108.1 95.2 81.4 67 51 37.9 29.3 28 27.9 27.3 26.6 26.2 24.9 20.1 24 26.8 34.3 45.9 54.9 63.9 73.3 84.2 92.4 105.3 111 125.6 129.5 135.9 143.6 166.5 168.9 165.9 166.3 182.5 190.8 192.3 194.3 200.7 209.9 210.2 213.5 216.7 219.9 222.5 222.2 221.8 224.8 224.9 224.5 223.9 224.6 227.5 226.8 225.8 225.3 226 223.9 221 220.7 222.6 223 223.5 222.3 221.2
167.2 166.7 166 168.8 170.6 171.5 172.3 169.4 166 158.3 149.5 143.3 137.5 125.9 116.5 106.2 89.7 74.6 62.8 47.9 36.9 29.8 29.2 28.4 28.1 27.4 26.4 25.3 21 25.6 30.4 38.4 50.1 58.7 65.3 75.5 87.4 95.6 102.4 110.7 121.1 130.2 136 151.4 162.4 165 163.4 166.4 177.4 188.7 188.9 192.1 194.5 204.7 206.2 207.2 217.1 214.5 218.5 220.3 219.1 221.4 221.4 219.1 221.2 223.6 224.9 225 224.1 223.4 221.8 220.7 218.7 220.6 221.6 222.5 222 221.1 220.3
164.6 162.9 164.2 164.7 165.5 167.2 168.9 163.3 161.1 156 150.5 139.2 133 121.4 112.1 99.3 86 72.6 59 46.4 34.3 30.3 29.1 28.9 28.5 26.5 25.8 21.4 24.1 26.1 34 39.3 44.5 55.8 68 81.2 89.7 101.6 104.7 109 120.6 130.2 136.6 149.8 154.5 161.9 162.5 175.6 180.6 185 187 190 197.5 200.7 202.3 209.9 213.6 210.5 215.5 216.5 215.3 217.8 217.7 217.2 220 222.2 223.2 221.9 220.9 220.5 219.5 216.8 219.1 220.1 220.9 220.5 220.5 219.3 220.7
162.4 160.3 162.2 161.9 160.1 160.7 161 157.6 155.8 151.6 148.1 137.3 128.9 118 108.5 92.6 79.1 65.8 53.4 43.1 32.2 30.7 29.8 29.3 29.1 26.4 26.3 21.4 24.8 27.3 35.1 42.7 47.4 58.1 70.9 82.9 96.7 109 106.3 110 119.3 129.7 134.2 146.8 153.6 160 161.2 170.8 182.2 184.3 187.8 189 195.8 197.4 199.3 205.2 207.7 208.6 208.8 211 209.8 212.5 215.1 215.7 217.1 220.8 218.1 217.8 218.6 218.4 216.6 217 218.7 218.5 218.4 218.8 218.6 219.1 219.5
159.1 153.9 162.8 160.4 156.5 156.6 152.9 150.6 148.3 141.8 138.9 132.4 124.7 114.7 103.4 88.9 72.3 57.1 44.8 36.1 33 30.9 30.7 30.2 29.6 27.5 26.6 21.4 25.3 34.7 37.3 45.1 52.6 59.6 74.5 85.5 97.3 103.6 107.5 110.8 118.2 129.3 135.2 143.8 155.2 159.3 159.3 170 177 182.4 186.7 186.4 193 194 195.6 198.6 203.5 204.7 204.5 203.9 205.1 206.9 210.8 213.9 214 216.2 215.5 214.2 214.3 214.9 214.9 215.2 215.5 215.9 216.9 217.4 216.8 217.9 218.2
