WholeMapElevations/data/nt/nt24_OST50GRID_20230518/NT24.asc
ncols 200
nrows 200
xllcorner 320000
yllcorner 640000
cellsize 50
[rows 70 to 104 of 200, columns 0 to 77 of 200]
317.5 322.4 322.4 315.4 321.6 331.3 336.5 335.1 334 332.4 333.6 335.6 338.7 344.7 352.7 361.2 370.2 380.1 386.7 392.4 397.5 396.7 393.9 390.1 385.5 381.1 375.5 369 362.9 357 352.6 353.5 356.6 354.9 352.7 348.2 343.3 344.7 347.4 340.6 328.3 319.4 315.8 314.2 311.5 307.3 305 298.6 292.4 286.1 285.6 283.1 281.6 278.8 274.2 267.5 262 261.7 260.3 259 258.1 257.4 253.2 248.1 244.6 243.2 243.2 244 242.8 230.9 221.5 215.2 210.1 203.9 199 194.1 189.3 190.5
324 324.7 324.7 322.9 327.4 333.3 338 342 340.2 338.3 339.9 343.2 348.3 353.2 360.3 367.9 377 384.4 390.1 395.6 397.1 396 392.6 388.7 384.6 379.7 374.1 367.9 361.7 355.6 350.5 348.7 349.9 348.5 346.8 344.4 342.5 345.9 346.3 337.3 325.6 319.5 317.1 312.1 306.5 300.7 296.6 292.7 287.2 285.6 284.6 280.5 275.9 273.7 270.1 264.2 261.2 261 261.4 260.5 260.4 259.6 254 248.3 247.7 246.6 247.4 250.8 241.2 233.5 225.5 214.8 210.1 205 200.4 194.1 189.5 190
328.2 332.8 333.6 330.5 334.7 339.2 346 348.5 343.5 345.3 348 352.9 357.7 362.1 367.8 374.8 382 386.8 392.3 395.6 396.4 395.2 391 387.1 383.3 378.8 373.4 367.5 361.1 354.8 348.1 343.1 342.9 341.3 338.8 339 338.5 344.5 341.4 333 323.9 320.3 317.3 311.1 301.1 295.6 292.2 289.7 285.7 283.5 279.3 280.7 277.9 272.3 267.5 264 261.1 260.6 260.3 259.2 258.1 255.6 251.9 253.3 250.6 251.3 253.1 248.7 243.2 236.9 229.4 220.5 212.6 202.8 198.2 194.4 190.1 189.7
334 338.4 340.2 340.1 343.5 347.1 350.7 351.4 351.3 353.8 357.6 362.3 366.7 370.9 375.3 380 385.6 390.1 393.1 395.9 395.8 393.6 389.5 385.6 381.4 376.9 372.3 366.8 361.1 354.7 346.3 339.6 337 335.2 333.1 332.2 330.5 338.4 335.8 328.7 322.1 319.1 313.1 304.1 299.4 294.4 291.3 287.9 283.3 284 283.5 281.3 276.7 272.5 269 266.1 264 260.2 257 255.3 254.1 253.2 253.3 253.6 253.5 254.6 253.2 251.7 249.1 241.3 232.8 220.8 208.8 201.8 198.4 192.2 189.4 189.5
340.7 343.1 346.1 348.8 351.2 353.7 355.9 358.4 360.9 363.7 367.3 371.8 375.7 378.4 382.3 386 390.5 392 393.8 394.2 393.8 391 387.4 383.5 379.1 374.3 369.5 364.6 359.2 351.3 343 335.9 330.9 329 326.4 324.5 324.2 329.9 329.7 325.5 322.3 320.7 312.1 302.5 297.9 295.9 292.1 287.3 286.8 286.9 285.7 282.6 278.3 275 270.9 268 265.1 263.6 259.2 257.1 259.9 260.7 259.5 256.8 255.7 254.7 255 253.3 247.2 240.2 230.1 220.9 211 203.4 198.9 190.4 189.2 189.3
350.4 353.4 357.1 359.3 360.6 362.2 365.1 368 370.4 373.4 376.6 380.1 383.1 385.6 387.9 391.5 393.8 394 393.3 392.4 392 388.7 385.2 381.2 376.4 371.5 366.7 361.8 354.9 345.1 336.8 330.6 325.8 323.5 320.6 317.7 320.2 323.4 323.5 322.4 321.7 318.9 313 304.5 297.5 294.8 291.3 288 289.9 289 288.1 285 280 276.4 272.7 268.3 265.8 263.5 261.1 262.7 266.2 263.8 264.1 257.8 258.6 259.4 258.2 255.2 245.9 234.3 226 219.3 211.4 204.6 199.6 191.2 189.1 189.1
362 364.6 367.4 368.8 369.7 371.4 374.6 377.7 380.1 382.5 385.5 387.9 390.6 393 395.1 396.8 396.5 395.1 393.5 392.1 390 386.3 382.7 378.2 373.8 368.8 363.7 359.2 348 338.1 332.2 327.6 321.7 318.6 315.4 312.9 316.5 321.5 323.2 322.9 321.9 319.6 311.8 304.2 297.4 296.3 292.3 291.2 293.2 291.1 291.5 285.8 280.2 279 275.2 269.8 267 264.8 265.5 265.2 266.8 265.3 264.3 260.1 261.1 259.8 257.7 255.4 248.2 237.6 225.2 216.5 208.8 204 193.9 190.3 188.9 189.1
373.4 375.8 377.2 378.1 378.7 381.2 384.6 387.1 389.1 391.7 394.4 396.3 398.2 399 398.8 398.5 397.3 395.2 392.8 391 387.9 384 379.6 375.1 370.2 365 359.8 350.7 339.7 331.8 328 323.4 317.8 314.4 310.7 309.1 311.8 315.7 317.7 320.1 320.4 316.4 309.9 301.4 299.1 295.5 290.1 289.6 293.5 294.5 292.1 288.1 281.6 280.1 277.2 269.6 267.3 265.9 267.2 267.9 270.3 268.7 267.6 263.1 264.4 262.7 260.2 256.5 248.7 238.7 226.7 214.9 207.9 199.7 194.3 189.8 188.5 189.2
384.8 387.3 387.6 386.8 388.2 391.1 393.8 395.9 397.3 399.6 402.2 403.5 402.4 401.5 400.2 398.4 396.8 394.4 391.9 388.8 384.5 379.9 375.2 370.5 365.5 360.3 352.5 341.6 332.3 326.9 322.2 317.2 313.5 309.2 306.2 305.7 306.2 308.8 311.9 314.3 313.6 311.4 307.1 302.4 298.3 296.7 292.4 293.2 291.8 294.6 292.5 288.1 283.1 281.7 277.6 267.8 267.5 270.6 271.5 271.7 274.2 270.5 267.2 264.7 264.4 262.9 260.4 256.8 250.6 239.9 226.8 215.7 205.8 199.8 193.2 189.4 188.6 189.4
394.8 396.2 396.5 395.7 397.2 400.2 402.4 404.6 406 407 407.7 406.2 404.3 402.6 400.9 398.5 396.3 393.7 390.3 385.5 381 375 370.2 365.4 360.1 354 342.9 333.4 326.5 321.2 316.8 311.3 309.8 305.4 302.8 302.7 302.8 305.2 305.5 306.5 307.4 307.2 304.7 301.5 298.7 297.9 293.3 295 295.9 291.1 292.8 288 285.2 279.5 277.3 267.8 275.9 278.4 275.9 274.7 275.4 271.4 265.3 265.3 264.6 263.7 262 257.9 251.6 238.7 230.3 220.8 207.2 197 190.6 187.7 187.9 188.7
402.9 403.2 403.5 403.4 406.1 408.3 410.4 410 410.5 411 408.5 407.3 404.4 403.4 399.2 396.9 395.3 392.2 388 383.3 377.4 371.8 364.4 358.8 353.2 344.3 334.6 327 320.8 316.4 311 306.7 303.5 302.9 300.2 299.4 299.8 300.8 301.1 300 301.8 301.5 301.2 300.6 301.1 297.6 294.1 295.9 295.1 292.9 285.7 284.5 281.4 273.1 275.3 279.8 281.5 280.7 277.6 278.2 276.8 272.7 265.7 267.3 265.6 264.1 262.9 260.1 250.8 238.2 231.4 217.4 207.9 195.4 188.7 187.3 187.7 187.9
409.9 408.8 409.5 410.8 413.4 416.3 417 414.6 413.4 411.1 406.1 403.3 400 396 393.9 393.9 394.1 390.1 385.5 380.6 375.7 368 359 350.3 344.1 336.4 329.1 321.5 316.6 311 306.7 301.5 300.6 300.9 297.8 297 297.6 296.7 296.7 296.6 298.1 299.7 299.4 300.9 300.6 293.3 293 295.8 293.8 288.1 286.9 283 279.9 277 286.9 281 282.8 282.9 280.9 279.5 277.2 270.5 264.5 261 262.2 263.5 262.3 256.2 249.7 235.9 226.8 217.7 206 195.6 189.4 187.4 187.4 187.4
414.2 413.3 413.9 416 419.2 417.8 415.2 412.9 410.1 406.1 401.5 396.2 391.5 386.3 387 389.4 391.2 387.8 382.3 377.4 372.8 364.8 355.9 347.4 338 331.2 324 317.8 311.1 308.2 303.9 300.8 299.7 299.4 296.4 295 295.8 294.8 294.4 294.3 295.6 297.3 298.6 298.6 299.9 296 290.3 292.6 288.2 285.6 286.6 283.1 288.7 286.2 287.5 283.2 286.6 285.8 282.7 279.2 275.2 263.9 260 260.3 258.1 257.3 257.3 250.1 242.8 235.9 229 218.1 206 194.9 188.8 187.2 187.1 187
413.8 413.6 416.1 415.9 415.2 413.9 412.1 409 405.7 401.8 396.9 389.5 381.5 377.9 380 383.2 385.2 384 378.7 374.1 368.7 362.2 353.7 345.3 335.9 327.6 319.9 315.4 309.9 306.3 302.8 300.7 299 297.7 295.7 292.7 292.9 292.6 292.8 292.8 293.8 295.4 295.1 296.4 293.1 291.6 289.3 291 289.9 285 281 283.3 290 290.3 290.3 284.6 287 287.9 283 277.5 269.8 263.4 258.7 253.2 249.1 246.7 244.5 240.5 240.5 235.9 231.3 214 204.2 193.4 188.4 187.1 186.9 186.7
411.2 411.3 411.1 410.6 410.1 408.8 406.8 404.3 401.2 397.9 392.5 384 377.1 373.1 372.4 376.6 378.9 379.6 375.3 371.2 365.6 358.3 350.9 342.7 333.1 324.3 318.3 313 309.4 305.9 302.4 300.3 298.5 296.8 292.6 290.9 290.5 290.2 291.6 291.1 290.6 294.4 293.8 293.5 293.4 292.8 290.1 285.9 286.9 279.5 278.9 286.4 294.5 293.2 291.2 286.8 287.9 289.5 283.9 276 271.1 264.6 257.6 250.7 244.8 240.9 237.5 236.3 236.3 230.8 222.9 212.9 202.8 192.3 187.4 186.6 186.6 187.1
405.3 404.8 404 403.7 403.9 403 401.4 399 396.2 392.3 386.3 379 373.4 368.9 365.1 368.8 372.1 374 372.1 368 362.7 355.7 347.9 338.2 328.3 323.2 317.7 312.4 309.2 304.8 301.9 299.6 297.5 294.9 290.2 289.7 289.4 289 287.7 286.5 287.4 292.1 292.5 292.3 292.2 291.3 287.9 279.5 278.6 270.9 281.6 285.1 295.8 293.8 290.8 287.2 287.7 288 282.6 275.4 270.9 266.3 259.5 250.8 245.6 240.5 235.9 234.5 232.9 228.3 221.4 212.8 199.6 192.2 187.7 186.3 186.5 188.5
395.4 394.5 394.1 395.3 395.9 395.4 394.5 392.8 390.1 385.4 380.9 375.5 370.2 365 359.4 359.5 364.5 367.9 369 365.1 359.8 353.1 343.7 333.8 328.1 323.5 317.5 312 308.5 304.1 300.5 298.2 295.1 291.7 287.3 288.8 287.9 287.8 286.9 285.3 285.5 287.6 289.5 290 289.6 288.7 285.5 278.9 271.2 266.6 278.7 286.8 295.1 293.8 294 287.2 285.7 282.8 279.1 271.4 267.4 265.6 260.6 253.6 249.8 245 237.3 233.6 230.8 227.6 217.9 208.5 200.6 191.5 188.1 186.5 188.2 189.7
389.3 385.6 383.6 385.6 386.8 386.6 386.5 386.5 384.3 381.3 376.9 371.5 366.2 359.8 353.8 348.5 354.5 361.1 366.7 363.1 357.3 349.7 339.4 331.7 328 322.4 316.1 311 308.5 302.9 300.4 297.5 293.7 288.4 285.9 286.5 286.8 286.5 285 284.6 284.4 284.3 283.4 283.7 283.4 280.2 275.4 276.3 274.2 262.6 276.2 285.2 289.9 292.6 293.9 286.7 283.3 278.9 273.6 270.4 267.1 266.8 261.9 254.1 248.5 244.2 238.1 233.2 227.4 219.8 206.4 197.5 192.7 190.5 188.2 186.3 188 189.8
384.3 381 375.5 373 376 376.3 377.2 377.9 379.5 376.4 372.7 367.4 360.8 354.4 347.9 342.4 341.6 353.5 361.3 360.4 354.8 347.2 338.9 332.3 327.5 322 316.2 311.6 308 303.2 300.4 298 291.1 287 285.2 284.9 286.1 285 283.8 283.2 283.2 282.4 283 279.1 277 274.8 274 273.1 271.6 263.9 270.5 278.6 285.4 288.7 290.8 284.2 279.1 276.4 272 268 266.9 265.9 262.2 254.8 249.3 246 240.8 232.2 216.4 202 209.5 209.2 197.4 190.5 187.6 185.9 186.6 189.6
384.3 378.7 374.1 368.3 366.5 368 367 367.9 369.1 369.8 366.2 361.9 356.5 348.5 341.8 336.6 332.8 343.4 353.8 357.8 352.4 345.7 338.9 332.7 327.2 321.8 316.2 312.3 307.9 303.1 299.7 295.3 288.8 285.5 285.1 284.3 284.3 283.9 283.7 281.7 280.4 280 277.8 277.2 276 276 274.7 274.3 275 264.9 265.4 273.1 276.4 281.8 283.8 279.2 275.7 272.2 268.1 267.3 265.3 265.7 263 255.6 249.8 247 241.4 220.9 217.8 227.9 220.3 206.5 194.1 188.4 186.7 185.2 185.5 189.5
385.6 379.1 373.8 368.9 359.6 360.9 359.8 359.3 356.9 356.8 356.5 353.5 349.2 342.4 336.7 331 327.3 334.4 346.8 352.4 349.1 344.7 339 332.7 327 321.8 316.5 312.6 307.2 302.6 299.5 293.5 287.3 285.3 282.8 283.3 284 284.4 281.3 280.5 279.7 278.9 277.8 276.9 276.6 275.8 275 274.4 272.2 266.5 262.1 267.2 271.2 274.2 274.4 274.4 270.4 267.4 264.7 263.1 263.9 263.4 259.1 253.4 249.6 246.6 239.9 216.7 232.3 229.5 221.2 207.6 195.3 187.4 185 184.8 185.1 189.4
388.6 379.6 373.1 368.8 364.4 355.5 353 353.6 351 348.1 343.9 344 341.3 335.6 330 324.7 321.2 329.5 341.6 347.5 345.7 341.9 336.8 331.6 326.6 321.5 316.6 312.2 306.6 303 297.5 290.9 285.9 283.6 280.8 282.7 282.9 283.1 280.9 280.4 278.4 277.3 277 277.6 277.3 275.5 275.2 274.5 271.3 266.3 261.3 263.2 265.5 269.5 270.9 268.8 266.6 264.9 262.1 261.2 261.9 262.7 254.9 251.9 249.5 245.9 240.5 222.4 234.2 232.6 221.8 207.4 194.6 187.6 184.6 184.6 185 189
393.4 384 375.1 369.4 364.4 359.8 351 342.6 342.4 342.1 338.4 333.9 332 327.5 323.3 319.7 318.3 326.2 335.6 341 342.7 338.7 334.1 329.4 324.7 319.4 316 312 306.5 301.7 297.4 288.2 285.7 282.1 279.7 282.2 282.2 281 281.8 279.2 277.1 276 275.9 276.6 277.1 276.1 273.9 271.9 270.2 267.3 261.8 260.8 262.5 263.9 266.1 265.3 263.5 262.5 259.8 258 255.4 254.5 249.2 249.6 248.2 244.5 237.7 217.1 237.3 231.1 223.6 208 193.9 186.1 184.5 184.8 184.8 189.2
394.7 386 377.2 370.1 364.5 359.3 354.7 349.5 340.9 333.3 330.8 329.6 325.8 322 318.6 315.4 315 322.1 328.5 334.3 338.4 334.9 331.9 327.5 323.2 318.7 315.5 311.8 305.3 301.1 297.1 287.2 284.4 282 279.2 281.1 281.7 280.9 279.5 277.8 276.4 273.8 274.7 277.4 276.8 276.7 274.3 274.4 267.4 264.1 263.7 260.5 263.4 259.7 260 262.3 259.3 257.3 253.8 251.7 248.7 248.7 245.4 243.6 243 240.6 228.4 233.1 233.5 228.4 218.7 208.9 196.7 186.2 183.6 184.3 184.6 190.2
395 386.5 377.7 371.5 365.7 360.3 355.3 350 344 337.6 331.5 321.4 320.3 316.7 314.5 311.2 310.5 317.3 323.7 328.9 331.5 331.5 329.1 326.2 322 318.2 313.9 310 304.8 301 294.2 286.4 283.8 280.1 277.7 281.4 279.1 278.7 277.1 275.6 274.8 273 274.4 275.1 274.6 273 270.9 269.4 267.5 266.2 264.9 261.8 261.2 261.6 256.9 254.9 254 252.4 251.1 253.1 255.9 254.4 247.7 242.2 236.7 226.5 237.7 235.7 232.5 227.1 214.7 205.4 196.8 187 184.3 184.1 183.3 190.4
393.3 385.8 378.2 371.8 366 360.2 355.7 349.8 343.3 338 332.3 326.6 320.6 314.5 309.2 306.7 307.4 312.3 317.7 323.7 326.4 327.4 327 324.7 321.7 317.4 312 308.4 303.7 299.1 291.4 285.9 282.6 279.8 276.4 275.8 275 274.3 273.7 273.2 271.5 270.3 270.9 270.5 270.8 269.7 270.7 273.2 269.9 267.3 263.7 261.9 260.9 262.2 255.3 253.4 251.9 251 252.5 255.5 258.4 255.3 249.1 245.9 239.6 242.6 241.1 234.6 228.6 221.6 213.4 202.1 190.2 185.2 183.7 183.7 183.2 190.3
390.3 383.7 376.9 371.3 365.7 359.4 354 347.8 341.4 335.8 330.3 323.8 318 313.9 309.3 302.8 301.9 305.7 310.1 316 320.6 322.9 323.2 322.9 320.6 315.9 310.9 306.9 302.7 296.9 287.8 285.4 281.9 278 275.8 276.3 275.3 274 272.7 272.3 272.2 270.4 270.4 270.3 270.6 273.3 275.7 274.2 270.7 268.2 263.1 261.6 262.6 256.7 254.9 253.4 252 252.5 254.1 256.8 256.6 254 254.1 252.8 250.6 247.6 243.3 238 231.9 222.9 215.7 203.5 188.3 185.3 184.3 183.8 183.2 188.1
386.6 381.5 375.2 369.5 363.7 357.3 350.7 343.7 337.9 331.8 326.3 320.1 316.9 313.2 307.9 302.7 298.5 300.3 304.3 308.5 313.2 317.7 320 320 317.1 313.5 308.9 304.9 300.8 294.3 289.4 286.2 282 278.1 276.1 274.9 273.5 273 272.2 271.4 270.4 270.4 270.6 273.6 274.9 278.5 278.2 275.8 271.9 268.6 263.2 262.1 262.1 256.1 254.3 253.8 254.6 256.1 254.5 255.3 255.8 256.7 258.1 257 252.6 248.9 245.2 240.2 233.3 223.5 214.1 200.9 191.7 187.6 183.3 183.7 184.1 190.9
382.1 378.1 371.5 365.8 359.5 352.9 345.2 339.2 333.6 328.1 323.6 319.3 315.2 310.3 305.6 301.1 297.1 294.7 298.7 301.6 306.2 311.9 317.2 316.6 314.2 311.3 306.9 302.7 299 294.5 290.9 287 283.2 280.7 277.6 274.9 273.3 272.6 271.5 271.3 270.8 270.4 273.3 278.8 279.7 280.8 279.4 274.8 270 266.3 261.8 261.8 262.8 255 254.3 256.9 257.5 255 255.7 257.5 260.1 260.7 260.7 258 255.7 251.9 247.2 239.5 230.1 221.6 209.8 199.3 195 189.1 184.5 183.4 184.5 189.4
377.4 373.7 367.1 360.7 354.9 347.7 342.1 337.6 331.6 325.7 322 317.3 312.6 308 303.5 299.3 295.2 293 295.8 299.2 304.6 310.1 313.3 312.9 312.4 309.5 305.2 301.8 298.4 295.2 291.9 288.1 284.3 281.5 278.5 275.8 273.7 272.1 271.2 271 270.4 271.7 274.5 277.6 283.6 284.4 281.7 275.6 272.5 268 264.2 263.7 262.9 259.8 255.3 256.2 257.3 255.9 259.6 263.2 264.6 262.6 261.7 261.9 258.8 254.9 248.8 240.8 232.5 224.3 214.2 203.4 196.7 188.3 184.2 183.4 184 187.7
373.3 368.5 362.8 356.7 351.1 345.4 340.9 336 329.8 325.2 319.8 315.2 310.9 306.4 302.3 298.4 294.5 290.2 293.7 298 303.4 306.8 309.7 311.2 309.2 307.9 303.8 300.9 298.2 294.9 291.9 288.7 285.4 281.8 278.7 275.9 273.5 272.5 271.2 270.5 270.7 272.1 274.9 280.4 286.6 287 285.2 278 272.1 267.6 263.7 264.9 265.7 263.3 255.7 256 256 258.2 262 267.2 267.9 266.4 266.5 265.4 262.1 257.1 250.8 243.8 235.2 224.7 214.6 204.5 196.9 188.1 184.4 183.7 186 190.6
369.4 364.3 359.1 353.6 348.4 344.1 339.8 334.4 328.5 322.9 318.1 313.4 309.3 305 301 297.1 293.4 289.1 291.2 296.5 300.2 303.7 307.8 309.9 308.8 305.4 300.6 297.4 296.6 294.2 291.6 288.5 285.3 282 278.7 275.7 273.4 271.3 271.3 270.3 269.3 273 277.6 284.1 288.8 288.2 284.9 279.6 271.8 268.7 265 267.1 267.2 263.9 257 257.5 258.1 261.6 266.6 270.2 272.5 270.7 270.5 269.9 265.7 260.6 252.7 243 235.2 225.2 215 206.2 197.4 189.6 183.8 183 186 193.3
364.3 359.3 354.7 350.1 346.8 342.9 338.5 332.9 327 321.1 316.7 311.6 307.6 303.4 299.5 295.8 292.2 288.6 288.8 292.9 296.3 301 306.6 307.3 305.8 303 299.1 296.3 295.3 293.4 290.9 288.1 285.1 282 278.6 275.1 272.7 270.7 270.8 269.7 268.7 275.5 280.7 287.4 292.4 290.6 287.9 282.5 277 271.9 266.6 268.6 269.6 263.4 259.5 261.7 263.1 267.4 270.3 275.4 276.8 274.2 273 271.8 267.9 262.3 252.7 242.6 234 224.6 215.8 207.9 197.8 190.1 184.2 182.6 184.8 192.3
357.2 353.2 349.5 346.4 343.2 341 336.9 331.4 325.1 319 315.1 310.5 305.8 301.7 297.6 293.8 290.2 286.7 285.3 289.1 291.8 296.8 303.3 303.1 302.5 300.6 297.5 295.4 293.9 292.2 290.2 288 284.5 280.8 278 274 271.3 269.5 268.7 268.2 270.3 277.6 282.8 290.5 293.4 294.5 291.8 284.9 278.2 275.3 267.9 271 270.3 261.4 261 263.9 267.2 271.7 275.7 280.2 281.8 276.8 276.5 275 268.2 263 254.9 242.8 231.7 225 215.9 208.7 198.8 188.8 182.9 182.6 184.5 190.9
348.1 346 343.8 342 340.2 338.4 334.4 328.8 322.4 316.8 313.2 308 303.7 299.7 295.6 291.8 288.3 285.2 282.9 284.6 285 295.1 299.2 300.1 299.9 298.7 296.5 294.1 292.1 292.3 290.2 288.4 286 280.5 275.9 272.9 269.3 268.8 267.6 266.4 270.5 279.8 286.3 293.7 297 297.9 292.8 285.3 281.3 277.8 272.4 272.5 269.3 264.6 264.4 267.5 270.7 275.3 278.8 283.5 283.5 276.9 280.5 276.3 268.9 261.5 249.7 235.4 226.4 223.1 214.1 208.4 198.7 186.1 182.7 183.2 184.1 190
