UK/data/sh/sh68_OST50GRID_20230518/SH68.asc
ncols 200
nrows 200
xllcorner 260000
yllcorner 380000
cellsize 50
[rows 152 to 189 of 200, columns 0 to 83 of 200]
-2.3 -2.3 -2.3 -2.3 -2.3 -2.3 -2.3 -2.3 -2.3 -2.3 -2.3 -2.3 -2.3 -2.3 -2.3 -2.3 -2.3 -2.3 -2.3 -2.3 -2.3 -2.3 -2.3 -2.3 -2.3 -2.3 -2.3 -2.3 -2.3 -2.3 -2.3 -2.3 -2.3 -2.3 -2.3 -2.3 -2.3 -2.3 -2.3 -2.3 -2.3 -2.3 -2.3 -2.3 -2.3 -2.3 -2.3 -2.3 -2.3 -2.3 -2.3 -2.3 -2.3 -2.3 -2.3 -2.3 -2.3 -2.3 -2.3 -2.3 -2.3 -2.3 -2.3 -2.3 -2.3 -2.3 -2.3 -2.3 -2.3 -2.3 -2.3 -2.3 -2.3 -2.3 -2.3 -2.3 -2.3 -2.3 -2.3 -2.3 -2.3 -2.3 -2.3 -2.3
-2.3 -2.3 -2.3 -2.3 -2.3 -2.3 -2.3 -2.3 -2.3 -2.3 -2.3 -2.3 -2.3 -2.3 -2.3 -2.3 -2.3 -2.3 -2.3 -2.3 -2.3 -2.3 -2.3 -2.3 -2.3 -2.3 -2.3 -2.3 -2.3 -2.3 -2.3 -2.3 -2.3 -2.3 -2.3 -2.3 -2.3 -2.3 -2.3 -2.3 -2.3 -2.3 -2.3 -2.3 -2.3 -2.3 -2.3 -2.3 -2.3 -2.3 -2.3 -2.3 -2.3 -2.3 -2.3 -2.3 -2.3 -2.3 -2.3 -2.3 -2.3 -2.3 -2.3 -2.3 -2.3 -2.3 -2.3 -2.3 -2.3 -2.3 -2.3 -2.3 -2.3 -2.3 -2.3 -2.3 -2.3 -2.3 -2.3 -2.3 -2.3 -2.3 -2.3 -2.3
-2.3 -2.3 -2.3 -2.3 -2.3 -2.3 -2.3 -2.3 -2.3 -2.3 -2.3 -2.3 -2.3 -2.3 -2.3 -2.3 -2.3 -2.3 -2.3 -2.3 -2.3 -2.3 -2.3 -2.3 -2.3 -2.3 -2.3 -2.3 -2.3 -2.3 -2.3 -2.3 -2.3 -2.3 -2.3 -2.3 -2.3 -2.3 -2.3 -2.3 -2.3 -2.3 -2.3 -2.3 -2.3 -2.3 -2.3 -2.3 -2.3 -2.3 -2.3 -2.3 -2.3 -2.3 -2.3 -2.3 -2.3 -2.3 -2.3 -2.3 -2.3 -2.3 -2.3 -2.3 -2.3 -2.3 -2.3 -2.3 -2.3 -2.3 -2.3 -2.3 -2.3 -2.3 -2.3 -2.3 -2.3 -2.3 -2.3 -2.3 -2.3 -2.3 -2.3 -2.3
-2.3 -2.3 -2.3 -2.3 -2.3 -2.3 -2.3 -2.3 -2.3 -2.3 -2.3 -2.3 -2.3 -2.3 -2.3 -2.3 -2.3 -2.3 -2.3 -2.3 -2.3 -2.3 -2.3 -2.3 -2.3 -2.3 -2.3 -2.3 -2.3 -2.3 -2.3 -2.3 -2.3 -2.3 -2.3 -2.3 -2.3 -2.3 -2.3 -2.3 -2.3 -2.3 -2.3 -2.3 -2.3 -2.3 -2.3 -2.3 -2.3 -2.3 -2.3 -2.3 -2.3 -2.3 -2.3 -2.3 -2.3 -2.3 -2.3 -2.3 -2.3 -2.3 -2.3 -2.3 -2.3 -2.3 -2.3 -2.3 -2.3 -2.3 -2.3 -2.3 -2.3 -2.3 -2.3 -2.3 -2.3 -2.3 -2.3 -2.3 -2.3 -2.3 -2.3 -2.3
21.9 18.7 8.2 7 2.2 -2.3 -2.3 -2.3 -2.3 -2.3 -2.3 -2.3 -2.3 -2.3 -2.3 -2.3 -2.3 -2.3 -2.3 -2.3 -2.3 -2.3 -2.3 -2.3 -2.3 -2.3 -2.3 -2.3 -2.3 -2.3 -2.3 -2.3 -2.3 -2.3 -2.3 -2.3 -2.3 -2.3 -2.3 -2.3 -2.3 -2.3 -2.3 -2.3 -2.3 -2.3 -2.3 -2.3 -2.3 -2.3 -2.3 -2.3 -2.3 -2.3 -2.3 -2.3 -2.3 -2.3 -2.3 -2.3 -2.3 -2.3 -2.3 -2.3 -2.3 -2.3 -2.3 -2.3 -2.3 -2.3 -2.3 -2.3 -2.3 -2.3 -2.3 -2.3 -2.3 -2.3 -2.3 -2.3 -2.3 -2.3 -2.3 -2.3
37.8 35.1 34.2 34.3 33 31.2 24.3 -2.3 -2.3 -2.3 -2.3 -2.3 -2.3 -2.3 -2.3 -2.3 -2.3 -2.3 -2.3 -2.3 -2.3 -2.3 -2.3 -2.3 -2.3 -2.3 -2.3 -2.3 -2.3 -2.3 -2.3 -2.3 -2.3 -2.3 -2.3 -2.3 -2.3 -2.3 -2.3 -2.3 -2.3 -2.3 -2.3 -2.3 -2.3 -2.3 -2.3 -2.3 -2.3 -2.3 -2.3 -2.3 -2.3 -2.3 -2.3 -2.3 -2.3 -2.3 -2.3 -2.3 -2.3 -2.3 -2.3 -2.3 -2.3 -2.3 -2.3 -2.3 -2.3 -2.3 -2.3 -2.3 -2.3 -2.3 -2.3 -2.3 -2.3 -2.3 -2.3 -2.3 -2.3 -2.3 -2.3 -2.3
44.6 40.1 38.9 39.6 37.3 34.7 30.8 23 -2.3 -2.3 -2.3 -2.3 -2.3 -2.3 -2.3 -2.3 -2.3 -2.3 -2.3 -2.3 -2.3 -2.3 -2.3 -2.3 -2.3 -2.3 -2.3 -2.3 -2.3 -2.3 -2.3 -2.3 -2.3 -2.3 -2.3 -2.3 -2.3 -2.3 -2.3 -2.3 -2.3 -2.3 -2.3 -2.3 -2.3 -2.3 -2.3 -2.3 -2.3 -2.3 -2.3 -2.3 -2.3 -2.3 -2.3 -2.3 -2.3 -2.3 -2.3 -2.3 -2.3 -2.3 -2.3 -2.3 -2.3 -2.3 -2.3 -2.3 -2.3 -2.3 -2.3 -2.3 -2.3 -2.3 -2.3 -2.3 -2.3 -2.3 -2.3 -2.3 -2.3 -2.3 -2.3 -2.3
46.8 46.7 44.9 43 40.9 37.7 33.4 29.4 12.3 -2.3 -2.3 -2.3 -2.3 -2.3 -2.3 -2.3 -2.3 -2.3 -2.3 -2.3 -2.3 -2.3 -2.3 -2.3 -2.3 -2.3 -2.3 -2.3 -2.3 -2.3 -2.3 -2.3 -2.3 -2.3 -2.3 -2.3 -2.3 -2.3 -2.3 -2.3 -2.3 -2.3 -2.3 -2.3 -2.3 -2.3 -2.3 -2.3 -2.3 -2.3 -2.3 -2.3 -2.3 -2.3 -2.3 -2.3 -2.3 -2.3 -2.3 -2.3 -2.3 -2.3 -2.3 -2.3 -2.3 -2.3 -2.3 -2.3 -2.3 -2.3 -2.3 -2.3 -2.3 -2.3 -2.3 -2.3 -2.3 -2.3 -2.3 -2.3 -2.3 -2.3 -2.3 -2.3
49.9 51.1 49 45.5 41.6 38.5 35.8 32.1 25.3 7.9 0.4 -2.3 -2.3 -2.3 -2.3 -2.3 -2.3 -2.3 -2.3 -2.3 -2.3 -2.3 -2.3 -2.3 -2.3 -2.3 -2.3 -2.3 -2.3 -2.3 -2.3 -2.3 -2.3 -2.3 -2.3 -2.3 -2.3 -2.3 -2.3 -2.3 -2.3 -2.3 -2.3 -2.3 -2.3 -2.3 -2.3 -2.3 -2.3 -2.3 -2.3 -2.3 -2.3 -2.3 -2.3 -2.3 -2.3 -2.3 -2.3 -2.3 -2.3 -2.3 -2.3 -2.3 -2.3 -2.3 -2.3 -2.3 -2.3 -2.3 -2.3 -2.3 -2.3 -2.3 -2.3 -2.3 -2.3 -2.3 -2.3 -2.3 -2.3 -2.3 -2.3 -2.3
54.3 53.5 52.6 49.6 45.2 44.4 42 38.8 32.8 20 8.9 2.9 3.6 1.7 -2.3 -2.3 -2.3 -2.3 -2.3 -2.3 -2.3 -2.3 -2.3 -2.3 -2.3 -2.3 -2.3 -2.3 -2.3 -2.3 -2.3 -2.3 -2.3 -2.3 -2.3 -2.3 -2.3 -2.3 -2.3 -2.3 -2.3 -2.3 -2.3 -2.3 -2.3 -2.3 -2.3 -2.3 -2.3 -2.3 -2.3 -2.3 -2.3 -2.3 -2.3 -2.3 -2.3 -2.3 -2.3 -2.3 -2.3 -2.3 -2.3 -2.3 -2.3 -2.3 -2.3 -2.3 -2.3 -2.3 -2.3 -2.3 -2.3 -2.3 -2.3 -2.3 -2.3 -2.3 -2.3 -2.3 -2.3 -2.3 -2.3 -2.3
58.7 57.3 56.6 52.8 50 49.6 46.7 45.3 42 37.4 33.7 30.4 25.4 2.6 -2.3 -2.3 -2.3 -2.3 -2.3 -2.3 -2.3 -2.3 -2.3 -2.3 -2.3 -2.3 -2.3 -2.3 -2.3 -2.3 -2.3 -2.3 -2.3 -2.3 -2.3 -2.3 -2.3 -2.3 -2.3 -2.3 -2.3 -2.3 -2.3 -2.3 -2.3 -2.3 -2.3 -2.3 -2.3 -2.3 -2.3 -2.3 -2.3 -2.3 -2.3 -2.3 -2.3 -2.3 -2.3 -2.3 -2.3 -2.3 -2.3 -2.3 -2.3 -2.3 -2.3 -2.3 -2.3 -2.3 -2.3 -2.3 -2.3 -2.3 -2.3 -2.3 -2.3 -2.3 -2.3 -2.3 -2.3 -2.3 -2.3 -2.3
63.9 61.9 61.6 58.5 58.4 57.5 55.1 51.5 46.4 40.6 41.4 39.3 30.3 18.6 1.9 1.9 8.7 30 21.3 11.4 22.3 -2.3 -2.3 -2.3 -2.3 -2.3 -2.3 -2.3 -2.3 -2.3 -2.3 -2.3 -2.3 -2.3 -2.3 -2.3 -2.3 -2.3 -2.3 -2.3 -2.3 -2.3 -2.3 -2.3 -2.3 -2.3 -2.3 -2.3 -2.3 -2.3 -2.3 -2.3 -2.3 -2.3 -2.3 -2.3 -2.3 -2.3 -2.3 -2.3 -2.3 -2.3 -2.3 -2.3 -2.3 -2.3 -2.3 -2.3 -2.3 -2.3 -2.3 -2.3 -2.3 -2.3 -2.3 -2.3 -2.3 -2.3 -2.3 -2.3 -2.3 -2.3 -2.3 -2.3
68.2 68.2 68.5 67.4 67.2 65.9 62.4 57.5 47.6 50 48.8 44 40.6 39.6 30 21.7 35 44.1 32 28 26.8 26.4 10.9 -2.3 -2.3 -2.3 -2.3 -2.3 -2.3 -2.3 -2.3 -2.3 -2.3 -2.3 -2.3 -2.3 -2.3 -2.3 -2.3 -2.3 -2.3 -2.3 -2.3 -2.3 -2.3 -2.3 -2.3 -2.3 -2.3 -2.3 -2.3 -2.3 -2.3 -2.3 -2.3 -2.3 -2.3 -2.3 -2.3 -2.3 -2.3 -2.3 -2.3 -2.3 -2.3 -2.3 -2.3 -2.3 -2.3 -2.3 -2.3 -2.3 -2.3 -2.3 -2.3 -2.3 -2.3 -2.3 -2.3 -2.3 -2.3 -2.3 -2.3 -2.3
73.6 75.2 76.2 75.4 74.4 71.3 66.7 60.5 51.9 54.1 50.7 47.6 46.4 43.3 43.5 45 47.7 51.5 40.8 31.3 30.9 29.7 24.7 17 -2.3 -2.3 -2.3 -2.3 -2.3 -2.3 -2.3 -2.3 -2.3 -2.3 -2.3 -2.3 -2.3 -2.3 -2.3 -2.3 -2.3 -2.3 -2.3 -2.3 -2.3 -2.3 -2.3 -2.3 -2.3 -2.3 -2.3 -2.3 -2.3 -2.3 -2.3 -2.3 -2.3 -2.3 -2.3 -2.3 -2.3 -2.3 -2.3 -2.3 -2.3 -2.3 -2.3 -2.3 -2.3 -2.3 -2.3 -2.3 -2.3 -2.3 -2.3 -2.3 -2.3 -2.3 -2.3 -2.3 -2.3 -2.3 -2.3 -2.3
78.8 80.9 82.1 80.7 78.2 72.5 66.2 57.6 56.8 55.5 54.5 53.1 51.7 47.5 50.2 53.5 57.4 55 45.3 36.3 35.5 33.1 27.3 26.7 21.8 2.6 -2.3 -2.3 -2.3 -2.3 -2.3 -2.3 -2.3 -2.3 -2.3 -2.3 -2.3 -2.3 -2.3 -2.3 -2.3 -2.3 -2.3 -2.3 -2.3 -2.3 -2.3 -2.3 -2.3 -2.3 -2.3 -2.3 -2.3 -2.3 -2.3 -2.3 -2.3 39 9.4 11.4 10 9.9 6.7 2.5 -2.3 -2.3 -2.3 -2.3 -2.3 -2.3 -2.3 -2.3 -2.3 -2.3 -2.3 -2.3 -2.3 -2.3 -2.3 -2.3 -2.3 -2.3 -2.3 -2.3
81.7 83.2 83.4 82.5 77.5 71.1 69.1 63.8 63.5 61 60.9 58 56.7 54.8 57.2 61.8 63.3 57.9 49.4 41.4 39.2 36.4 33.3 33.4 27.6 20.5 16.8 16.1 -2.3 -2.3 -2.3 -2.3 1.7 -2.3 -2.3 -2.3 -2.3 -2.3 -2.3 -2.3 -2.3 -2.3 -2.3 -2.3 -2.3 -2.3 -2.3 -2.3 -2.3 -2.3 -2.3 11.5 -2.3 -2.3 10.8 20.7 19.4 37.9 9.2 10.2 10.3 9.5 9.2 12.6 2.5 -2.3 -2.3 -2.3 -2.3 -2.3 -2.3 -2.3 -2.3 -2.3 -2.3 -2.3 -2.3 -2.3 -2.3 -2.3 -2.3 -2.3 -2.3 -2.3
83.6 83.3 83.5 81.5 75.9 82 78.6 77.2 69.6 67.7 65.7 63.5 61.9 61.7 64.3 66.8 66.9 58.8 52.5 46 42.8 43 40.1 36.1 30.3 28.2 27.2 27.9 22.7 31.1 28.7 21.9 16.4 3.8 3.7 2.6 1.4 0.5 -2.3 -2.3 -2.3 -2.3 -2.3 -2.3 -2.3 -2.3 -2.3 -2.3 -2.3 -2.3 2.5 8.8 17.7 11.9 24.7 26.8 25 35.7 13 9.4 9.8 9.5 9.6 10 9 2.3 -2.3 -2.3 -2.3 -2.3 -2.3 -2.3 -2.3 -2.3 -2.3 -2.3 -2.3 -2.3 -2.3 -2.3 -2.3 -2.3 -2.3 -2.3
90.8 88.2 85.5 82.6 84.9 83.6 81.2 79.8 73.6 71.1 70.1 68 65.3 67.1 69.2 70.6 69.9 62.1 57.1 48.5 47 46.9 43.1 38.9 32.5 32.2 30.6 32.5 43.7 33.9 31.7 28.6 25.3 21.8 14.4 19.5 15.4 11.7 2.7 2.4 0.5 -2.3 -2.3 -0.2 -2.3 -2.3 -2.3 1.5 4.3 24.1 34.9 27.8 29.2 29.7 35.4 34.2 29.2 31.8 36.9 15.5 13.5 9.9 14.1 13.4 23.7 8.8 7.2 2.7 2.2 -2.3 -2.3 -2.3 -2.3 -2.3 -2.3 -2.3 -2.3 -2.3 -2.3 -2.3 -2.3 -2.3 -2.3 -2.3
95.9 91.9 87.8 86.4 87.4 87.4 84.5 81 75.5 72.7 71.8 70.9 69.8 71.2 72.9 74 72.2 65.7 59.3 52.5 51.6 49.5 46.4 41.8 36 36.1 36.2 38.2 46.8 43.9 34.5 31.7 28.5 24.3 21 21.9 21.4 20.9 19 14.6 8.6 3 2.5 2.6 7.3 20.7 20.5 22.8 27.2 29.8 39 33.2 35.1 36.7 40.7 34.7 30.1 31.4 35.4 36.7 35.9 12.8 13.6 18.5 33.4 17.6 13.7 8.4 14.7 14.4 6.6 -2.3 -2.3 -2.3 -2.3 -2.3 -2.3 -2.3 -2.3 -2.3 -2.3 -2.3 -2.3 -2.3
98.4 94.2 90.7 89.3 89.7 90.5 87.4 84.5 78.5 73.5 72.8 71.7 71.4 73 74.8 76.6 73.1 67.7 63.6 58.6 55.5 51.8 47.7 42.3 37.4 40.8 44.7 42.9 49.6 47.1 39.6 35.2 31.4 26.7 25.4 25.4 25 24.1 22.7 21.3 18.6 22.8 22.9 22.4 22.8 24.5 25.5 28.9 32.6 34.3 38.6 41.8 44.7 42.6 42 33.7 31 32.1 35.9 37.4 25.3 12.6 23.6 31 34.2 21.2 12.5 18.3 10.5 10.6 11 3.9 5.5 2.5 -2.3 -2.3 -2.3 -2.3 -2.3 -2.3 -2.3 -2.3 -2.3 -2.3
102.6 98.7 93.6 92.4 91.9 92.6 90.8 86.9 81.4 74.7 72.1 71 71.3 73 75.4 81.6 77.6 69.8 65.2 62.3 59 55.8 50.3 46.7 42.8 46.8 51.3 48.9 51.9 49.7 44.7 37.6 34.9 29.9 29.3 30.5 29.1 27.5 25.9 24.4 23.3 24.7 25.1 26 27.4 29.4 30.6 32.8 37.8 39.6 41.3 43.3 46.1 47.2 43.3 34.4 33.1 34.5 36.2 38.9 41.2 12.6 21.5 32.3 28.7 23.4 15.1 10.9 9.4 9.7 9.4 14.6 15.8 14 14.8 2.4 -2.3 -2.3 -2.3 -2.3 -2.3 -2.3 -2.3 -2.3
105.2 101.8 98.6 96.1 94.5 94.8 93.4 89.2 84.3 78.1 71.2 69.7 70.4 72.2 77.7 86.7 83.3 74.6 69.3 68.1 64.8 61.6 57 53.2 47.2 51.7 54.3 54.2 55.1 53.1 48 38.8 36.8 35.7 34.5 36.2 35.2 31.7 29.4 27.9 24.5 27.4 28.6 29.6 32.3 33.3 34.2 36.5 41.2 43.9 44.6 46.1 47.6 48.3 44.6 36.4 36.2 37.4 38.8 40.9 49.1 20.3 36.9 35.8 31.4 24.8 21.5 22.8 10.2 10.1 9.7 7.7 21.2 16.3 16.5 10.9 2.8 3.4 2.6 2.5 3.2 4.5 1.8 -2.3
111.3 106.1 102.6 100 97.9 96.8 95.3 91.6 86.6 80.4 74.6 69.6 69.8 72 80.2 89.4 89.7 81.9 74.7 72.6 69.8 65.3 62.2 56.2 53.1 55.9 58.5 59.1 58.4 55.3 50.4 45.2 41.7 45.1 41.9 42.6 40.2 37.5 34.1 33.2 28.7 29.9 33.6 34.3 36.6 38.1 37.5 40.6 41.3 47.7 49.2 49.4 49.7 48.1 44.9 41.3 39 39.5 40.9 42.8 54.4 33.2 9.9 37.7 36.5 27.6 25.6 27.4 11.1 14.2 8.8 7.7 28.6 21.8 21.8 18.6 12.8 11.4 4.4 3.8 4.1 8 3.2 -2.3
112.4 110.3 105.9 103.9 104.6 99.3 95.1 92.7 88 83.1 77.3 69.8 69.8 71.5 77.2 88.3 91.9 86.2 79.5 77.1 73.7 69.1 66.8 62.1 62.7 62.8 61.8 64 63 62.2 59.9 51.7 47.6 54.8 51.2 47.8 44.8 41.3 38.4 37.6 32.4 34.8 38.7 39.8 40.4 43 39.8 45.4 44.3 49.5 53.1 53.2 52.4 48.7 45.1 43.2 43.8 43.9 44 45.2 58.5 47 28.2 39.2 40.1 27.7 27.9 34 35.1 36.3 34.8 7.7 12.2 22.8 22.3 22.3 19.3 15.5 13 11.6 12 9.9 7.9 1.5
113.9 111.7 109.4 111.4 111.5 108.1 105 93.5 89.6 86.9 81.3 73 68.9 71.6 76.7 90.3 93.7 90.6 83.9 78.4 75 71.7 70 65.2 66.4 68 67.6 68.4 66.6 64.9 62 58.6 54.8 57.9 56.2 52.8 50.6 46.2 43 40.3 35.2 38.8 43.8 45.1 46 46.2 43.2 48.4 48 51.1 56.1 56.3 54.2 51.1 49.3 48.1 47.7 46.7 45.4 46 47.9 46.4 44.2 41.3 38.1 30.2 34.5 38 42.2 42.9 38.8 34.7 20.9 25.5 24.8 25.5 23.8 21.1 17 15.8 14.2 10 7.8 0.3
115.9 113.6 111.2 117.4 114.9 111.8 109.2 100.7 94.4 90.3 83.9 74.9 68.6 70.9 76.1 85 93.7 92.8 88.7 80.5 78.3 76.8 72.1 69.3 69.5 71.9 71.7 72.1 70 67.2 64.3 61.5 60.7 63.4 59.9 57.1 53.5 50.7 48.3 44.5 40.7 41.6 46.2 49.8 49.9 48.9 47.6 51.2 52.4 51.7 57.9 58.5 55.7 53.6 53.6 53.2 51.6 50.1 48.4 47.5 47.2 45.9 44.8 42.1 40.3 35.3 38.2 42.3 42.4 44 38.7 39.4 29.8 27.6 28.8 32.8 27 26.1 22.7 21.8 17.5 8.6 2.1 -2.3
113.9 115.1 113.7 115.9 118.4 116.3 113 102.1 96.9 90.4 82.8 72.3 68.1 67.5 74.2 80.5 90 93.3 91.1 87.5 83.3 81.8 76.8 73.8 73.5 75.1 75.9 75.7 73.8 70.7 69 65.6 66.2 66.9 64.8 61.6 56.8 55.6 53 47.9 45.5 44.2 47.4 52.1 53.2 51.9 52.4 54.8 54.6 52.6 60.8 60.4 58.2 57.6 57.6 56.3 54.2 50.8 47.7 46.2 46 45.5 44.5 43.4 42 41.5 41.7 42.3 42.8 43.6 42.2 38.4 30.4 30 30.9 36.3 31 27.8 23.2 18.2 2.4 2.2 -2.3 -2.3
105.1 104.4 110.7 105.5 112 112.2 109.3 106.3 98.6 89.2 77.2 72.3 69.9 65.3 68.3 76.4 83.1 93.8 91.2 89.1 86.5 83.9 80.7 77.4 79.6 77.3 80 79.8 78.2 78.3 74.8 74.6 73.1 70.6 68.6 64.9 62.4 61 57.3 50.6 50.9 49.7 48.2 54.4 55.6 54.7 56.1 56.7 55.7 53.7 58.8 62.6 61.9 61.1 60.3 58 54.4 50.8 47.7 45.5 44.5 43.4 43 43.9 44.3 44.2 45.3 44.9 44.8 47.4 44.9 38.9 34.7 35.1 33.3 34.8 34.3 29.3 16.8 2.6 1.1 -0.5 -2.3 -2.3
94.4 94.7 96.7 95.1 97.4 103.7 98.5 96.7 89.1 80.8 70.8 65.5 63.5 62.4 65.7 74.2 80 86.6 88.5 90.4 91 81.9 81 81.8 84.2 86.6 87.4 89.2 85.4 84.4 79.4 80.4 76.5 74.1 71.9 68.7 67 66.5 62.2 55.8 57.6 53.1 48.7 57.2 58.1 56.9 58.2 58.5 57 54.4 58.5 67.3 65.1 62.5 61.6 58.9 56.2 53.4 50 46 42.6 39.3 40.1 42.7 44.5 46.1 47.1 47 50.1 51.4 44.7 40.6 37.6 34.2 35.7 35.1 34.9 29.3 4 1.5 -0.2 -2.3 -2.3 -2.3
86.5 83.9 84.7 86.3 82.8 86.9 85.6 82.8 68.8 70 61.7 58.8 58.8 56.1 59.5 68.5 75.8 80.3 80.9 89 89.8 77.8 79.7 84.8 87.8 90.6 91.2 91.1 91.6 88.8 82.3 80.8 78.8 74.9 73 70.4 69.2 68 65.6 62.8 60.9 57.1 53.2 60.3 60.4 59.4 58.6 58 57.9 55.7 57.9 61.3 65.5 65 63.3 62.5 58.3 56.2 52.7 48.4 42.7 40.8 34.4 40.7 44.9 46.6 48.1 50.4 56.5 53.2 47.8 41.3 41 36.1 35.9 39.1 29.7 7.6 2.5 0.6 -1 -2.3 -2.3 -2.3
81.2 79 79 76 73.1 71.3 68.5 64.5 62.1 59.3 56.8 53.9 53.2 55.2 59.9 63.3 68.5 71.6 72.6 83.6 87.3 74.9 76.7 87.6 90.9 91.9 93.2 93.9 93 88.9 87.2 82.4 80.5 76.4 73.8 71.3 69.1 67.4 65.9 64.6 62 55.3 58.3 60.8 60.5 58.6 60.3 57.9 57.6 58.2 58.3 58.9 59.4 61.6 65.3 65 61.3 57.3 53.4 47.8 42.1 34 32.3 38.8 45.1 43.8 46.8 55.6 58.1 53.2 42.2 25.1 37.8 32.5 31.9 38.7 24.4 2.9 1 -0.5 -2.3 -2.3 -2.3 -2.3
77.3 76.6 76.1 74.9 72.6 68.5 63.3 59.9 56.1 52.7 50.8 50.2 49.3 55.8 60.1 61.9 64.5 63.5 63.2 73.1 73.1 71.9 73.7 87.6 90.3 95.2 95.7 96.9 94.8 91.9 88.5 84.6 82.1 78.6 75.6 72.5 70.3 68.1 66.3 65 61.9 54.6 60.7 60.4 59.6 58.6 58.8 58.8 59.9 60.6 60.7 60 59 57.2 56.3 55.5 54.4 53.3 50.8 47.4 40.4 30.4 30.7 37.2 41 39.5 41.8 34.9 27.6 26.7 25.4 23.6 24.4 33.9 29.3 30.9 17.9 1.5 -0.6 -2.3 -2.3 -2.3 -2.3 -2.3
75.7 74.5 74.4 72.6 70.1 63.6 60.3 54.8 51.1 47.9 46.9 46 49.5 54.9 57.7 58.9 60.7 59.2 57.6 60.5 65.3 68.5 73.2 82.7 88.8 94.5 96.8 97.7 96.7 95.9 92.3 88.2 84.3 80.4 77.6 74.9 70.6 68.9 66.8 64.3 61.8 58.8 59.8 60.9 60 59.8 62.9 63.2 62.3 62.5 64.5 62.6 61.6 58.8 56.4 55.2 52.2 46.7 43.8 40.9 35.1 26.5 27.7 34.7 33.2 31.6 35.3 43.1 12.5 12.2 25 21.2 9 28 27.9 22.3 11.6 0.1 -2.3 -2.3 -2.3 -2.3 -2.3 -2.3
74.5 72.6 72.7 69.9 67.9 60 55.7 51.1 47.7 44.5 44.3 45.7 49.2 52.6 53.6 54.8 56.6 55.9 54.9 56.9 57.9 64.4 66.8 75.4 85.2 91.9 94.5 96.4 98.3 97.6 95.8 92.5 86.9 83.3 79.7 76.5 72.9 69.4 67.3 65.2 63.4 61.9 61 62.3 61.6 61.7 64.3 67.5 66.3 65.2 65.8 65.1 64.8 63.3 59.6 57.4 50.3 44.1 39.4 30.3 29.7 24 25.4 32.1 28.6 25.8 29.1 39.1 18.9 11 23.3 9.9 8.6 13.5 24.4 25.7 2.1 -2.3 -2.3 -2.3 -2.3 -2.3 -2.3 -2.3
73.2 70.5 70.1 67.2 64.7 58.5 54.1 49.5 43.9 42.3 42.1 43.4 46.6 48.9 49.3 49.5 51.3 51.3 52.8 55.6 54.5 55.4 60.1 68.8 75.4 80.7 87.1 92.3 98.7 97.9 96.3 94 90.2 84.8 81.4 77.6 73.4 70 67.8 65.9 65.2 62.9 61.1 61.4 64.9 63.5 66.8 69.7 69.5 68.9 67.5 67.2 69.1 65.3 61.6 55.2 47.9 41.6 38.5 26.4 23 20.6 23.4 26.6 21.9 20.6 20.6 25.1 30 11.1 15.8 23.7 19.6 23.8 27.1 26.4 -2.3 -2.3 -2.3 -2.3 -2.3 -2.3 -2.3 -2.3
71.4 68.6 67 65.9 62.8 57.7 53.9 50.4 42.7 40.1 40.3 42.9 44.2 44.8 45.5 45 45.4 47.7 50.2 52.4 51.8 52 56.3 63.2 67.8 74.8 78.7 83.6 95.2 97.9 95.9 93.8 91 85.8 82.3 77.8 74 70.8 68.8 66.4 65.2 63.6 61.8 61.6 66.1 66.7 68.8 71.4 72.8 72.2 71.2 70.1 69.7 66.7 63.2 58 43.1 38.2 37.2 24.8 20.6 17.5 20.7 20 18.1 16.6 16 14.7 15.9 21.8 12 19.5 17.4 19.3 7.4 -2.3 -2.3 -2.3 -2.3 -2.3 -2.3 -2.3 -2.3 -2.3
69.4 67.3 65.3 63.2 61.5 57.5 56.3 52.7 43.6 39.5 40.9 41.4 41.9 41.5 40.7 40.6 41.4 44.4 46.5 48.7 48.1 51.9 56.6 59.4 63.3 69 71.3 77.6 89.6 94.3 95.7 93.4 90.3 87 83.4 80.2 76 70.3 69.3 67.5 65.7 64 62.8 62.2 64 68.4 70.3 73.5 75.9 75.5 74.8 72.8 70.6 67.6 64.5 60.6 44.3 44.9 31.4 23.4 18.5 15.8 15.3 15.9 15.1 11.9 3.4 2.8 4.5 2.9 2.7 2.1 1.9 -2.3 -2.3 -2.3 -2.3 -2.3 -2.3 -2.3 -2.3 -2.3 -2.3 -2.3
66.8 65.6 64.3 62.6 62.3 60.7 58.2 53.9 44 40 41.2 40.6 38.7 37.9 36.9 36.4 37.3 39.9 43.2 44.7 46.1 50.2 54.9 57.4 59.2 63.9 66 73.6 80.5 86.5 92.8 92.2 90.3 87.7 85 81.8 77.7 70.4 69.1 68.8 67.2 65.8 64.6 63.9 65.6 68.6 72.9 76.4 77.9 78 76 74.1 71.6 69.1 65.9 60.1 51.3 42.5 25.9 19.9 16.1 13.9 12.3 11.8 4 2.3 1.7 1.4 1.2 0.5 -0.3 -2.3 -2.3 -2.3 -2.3 -2.3 -2.3 -2.3 -2.3 -2.3 -2.3 -2.3 -2.3 -2.3
