WholeMapElevations/data/nc/nc84_OST50GRID_20230518/NC84.asc
ncols 200
nrows 200
xllcorner 280000
yllcorner 940000
cellsize 50
[rows 105 to 139 of 200, columns 0 to 77 of 200]
307.6 301.8 295.8 295.4 297.9 302.5 296.4 295.5 286.4 280.3 277.8 275 271.2 268.3 267.6 269.6 271 272 277.5 277.9 275.7 274.3 272.8 272 272 270.8 268.6 269.2 269.7 268.8 266.8 265.1 264.3 263.3 261.3 259.6 259.8 259.8 259.5 258 253.8 248.3 243.7 241.5 243 242.2 239 234 226.9 217.6 210.8 204.4 199.5 197.1 195.1 191.9 190.7 189.8 188.5 188 185.8 184.9 186.2 187.9 188.5 186.6 184.8 179.2 174.8 171 167.9 165.7 164.4 162.7 160.6 158.3 157.4 161.2
304.6 301.2 302.4 302.1 301.3 300.8 300 297.2 288.9 284 282.2 278.5 273.9 269.4 268.5 270.4 271.4 273.9 281 279.6 276.7 274.7 272.9 271.7 270.7 271.6 271.6 271.3 271.9 269.2 267.4 267 266.1 266.9 264.9 261.3 263.2 263.5 262.2 259.7 255.3 249.2 245.8 243.8 244.7 243.5 240.4 235 227.7 218.9 211.4 206.1 200.8 197.7 195.5 192.8 190.3 188.5 187.4 187.1 185.7 183.4 184.8 186.8 186.2 184 182.6 178.1 174.2 170.5 168.4 166.4 164.7 163.5 161.1 158.9 158 161.3
297.6 304.6 305.6 303.4 301.9 301 302.7 294.6 290.7 289.8 286.8 281.4 275 270.1 270.5 272.5 273.2 276.6 285.4 281.1 278.8 275.8 273.4 273 273.3 273.4 273.5 273.8 273.1 269.8 268.6 267.8 267.8 269.9 266.9 262.9 263.6 266.7 266.9 261.4 256.7 251.1 247 246.5 246.3 245 243 236.4 227.3 218.9 212.6 207.6 202.6 198.6 195.6 193 190.2 188.2 186.5 184.9 184.8 182 182.7 184.5 184.5 182.3 180 177.7 174.2 170.3 169.2 167.1 165.5 163.9 162.1 159.7 158.2 162.2
297.5 299.5 300.8 300.4 297.8 296.8 299.3 297.6 294.4 294.1 291.5 282.2 274 271.4 271.9 273.8 274.9 278.9 282.9 282.5 281 278.3 276.8 276.6 277.9 278.2 276.3 274.8 274.5 272.4 271 269.2 269 269 264.9 264 262.9 265.2 266.8 263.7 257.1 250.7 249.1 247.7 246.6 246.1 245.6 239.2 227.2 219 214.6 209.8 203.9 198.5 195.8 192.9 189.8 187.8 185.4 184.1 182.8 181.3 179.7 183 184.2 181.7 179.4 177.2 174.9 170.3 169.7 167.9 165.9 164.1 162.2 159.6 159.1 164.9
299.2 307 305.9 299.8 296.6 295 301.4 299.5 296.4 294.8 288.4 281.9 274.6 271.6 272.5 274.1 277.1 281.9 283.6 284.7 284.1 281.5 280.9 280.7 281.9 281.9 278.1 277.8 277.8 276.1 274.5 272.5 269.5 267 264.9 264.4 263.8 264.8 265.4 263.9 257.9 252.6 250.3 247.6 247.6 247.3 247.1 240.1 227.4 220.7 216.5 211.9 205.4 199.6 195.4 192 189.1 186.6 184.4 182.9 181.4 180.7 180.7 182.5 181.9 180.3 178.4 176.1 173.9 171.3 170.6 168.6 166.7 164.6 162.4 159.9 161.2 164.1
308.1 307.2 306.5 302.2 295.2 295.1 298.4 298.7 299.4 292.2 285 279.6 273.7 271.3 272.7 274 279.9 285.1 287.8 287.6 286 284.4 284.2 284.8 284.6 283.7 282.2 283 281.9 280.5 280.4 276 272.6 267.6 265.5 264.9 264.8 264.6 263.9 262.6 258.3 254.1 250.6 249.6 248.7 247.3 246.1 239.7 226.9 221 216.1 213.2 208 200.1 195.4 191.2 189 186.6 184.3 182.1 180.1 179.6 180.4 182.4 181.3 180 178.3 176.6 174.9 172.6 170.3 168.7 166.9 164.6 162.2 159.2 161.9 164.5
307.2 307.3 306.7 297.6 294.1 294.5 296.4 303.7 303.9 287.5 281.9 276.9 273.4 270.8 272.8 274.6 283.2 290.1 294.4 290.6 287.8 287.1 290.6 291.6 288.5 285.2 285.9 288.1 285.5 285 284.6 278.8 275.1 269.3 265.8 265.3 265.3 264.7 263.6 262.3 258.6 253.9 253.1 251.8 249 246.5 242.8 236.5 227.3 220.9 219.5 214.7 209.2 201 194.2 189.8 188.3 186.5 183.2 181.4 178.6 179.7 180.4 181.5 180.5 179.4 177.6 176 174.9 173.3 170.8 168.2 166.4 164.8 163 159.9 162.9 164.6
304.2 306 302.1 295.9 293.7 292.3 295.2 298.8 292.9 286.9 278.8 275.1 273.4 271.3 273.1 275.8 284.3 292.9 294 291.4 289.5 289.5 294.1 296.5 293.9 287.9 287.5 288.7 288.4 288.6 286.9 281.6 277.2 271.6 267.8 267.4 266.4 265 263.5 261.9 258.1 255 254.3 252.9 250.4 246.1 241.7 234.5 228.1 222.8 219.7 215.3 210.7 204 193.1 188.4 186.8 186.3 182.3 180.7 180.1 178.6 181.6 180.8 179.8 178.7 177.3 175.8 174.5 172.9 171 167.7 165.7 164.6 163 161.9 163.6 165.2
298.1 300.6 296.9 291.5 290.7 291.6 292.3 290.2 287.8 283.2 276.3 275.3 274 273 273.3 277.5 285.2 291 292.6 292.3 291.9 290.5 294 296.4 294.2 290.7 288.4 289.3 292 296.6 292.9 288.7 281.5 276.4 273.2 270.7 269.1 266.2 263.8 262.5 260.3 256.9 256.6 254.2 250.6 246.5 241.3 233.8 228.7 225.1 221.8 217.6 212.5 206.2 195.1 187.8 185.4 184.4 181.4 179.3 179.6 179.1 181.3 180.2 179.5 179.4 178.3 176.1 174 172.1 170.6 169.2 167.6 165.8 163.5 162 164.5 166.4
295.1 290.6 288.5 286.3 285.2 284.8 283.8 282.1 281.1 277.1 275.7 275.4 276.5 275.3 272.7 278.9 288 292.8 295.4 294.9 294 291.8 291.6 292.7 292.2 291.4 289.5 291.5 294.9 296.9 296.2 293.1 286 280.8 278.1 275.3 272.5 267.9 264.7 264 261.2 259.8 261.2 258.6 252.3 247.3 241.8 234.3 229.7 227.5 224.9 219.6 214.2 207.8 196.3 189.6 185.9 183.9 182 179.5 178.8 179.1 179.8 179.2 179.7 179.5 178.4 176.5 174.4 172.8 171.1 169.5 167.9 166.8 163.3 162.4 165.6 168
285.2 279.8 274.7 274.6 274.9 279.8 281 280.3 277.5 276.6 277.3 278.4 280.4 277.2 274.8 279.8 289.1 295.1 298.7 296 294.7 294.5 292.9 293 290.4 291.3 292.9 293 295.4 300.1 299.6 293.8 289.6 285.1 283.4 278.7 275.2 270.1 267.9 265.3 262.9 262.8 265.6 260.6 252.4 247.5 243.3 236.5 231.8 230.5 228 222.4 216.5 208.9 197.3 191.2 186.7 184.2 181.4 180.5 179.3 178.5 179.9 179.9 179.9 179.9 178.5 176.3 174.6 172.8 171.2 169.6 167.7 165.5 162.6 162.1 165.9 169
274.6 275.5 274.6 274.6 274.6 279.1 281.6 279.5 278.7 279.8 281 284.9 283.7 279.1 276.1 281.9 289.9 294.3 294.3 294 296 299.5 294.8 293.7 292.2 297.1 296.6 295.4 296.6 301.1 300.3 297.3 291.7 287.8 285.9 281.6 278.5 273.5 270.5 267.4 265.3 265.2 266.6 261.8 252.9 248.5 244 238.1 234.8 233.6 230.9 226.1 219.9 210.2 198.2 192.6 187.6 183.9 181.7 180.1 179.5 179 178.2 181.3 180.8 179.8 178.5 176 174.2 172.8 171.3 169.3 167 164.8 162.4 163.3 167.3 170.2
274.6 282.9 274.8 274.6 274.6 274.6 279.8 276.1 275.3 281.7 288.4 291 284.7 279.1 277.6 281.9 287.8 291.1 292.2 293 301.2 302.9 292.1 290.3 297 303.4 302.9 298.2 298.4 299.9 300.9 300 294.7 290.5 288.1 284.3 281 278 274.5 270.7 267.2 266.3 265.2 261.7 253.8 249.6 243.4 240.6 239 237.2 234.2 228.9 222.7 210.8 198.5 192.5 187.7 183.9 181.8 180.8 180.2 179.1 178.5 181.3 180.4 179.5 178.4 175.9 173.7 172.4 170.7 168.3 166.1 164.2 161.5 165.5 168.1 170.8
274.6 274.6 274.6 274.6 274.6 274.6 274.6 274.6 274.6 280.8 289.5 290.4 284.9 275.4 277.5 282.6 286.9 290.2 291.3 292.8 298.4 300.5 290.8 290.3 298.6 303 303.7 303.1 300.6 300.2 305.2 301.9 297.6 294.6 291.6 287.6 282.2 280.5 276.9 274 270.4 267.2 264.4 260.6 254.6 250.7 247.2 244.1 243.4 241.2 237.7 231.7 224.1 213.2 201.1 195 190 184.4 182.1 181.4 180.8 179.9 178.5 181.7 179.6 178.9 177.8 176.3 173.2 171.9 169.4 166.8 165.1 163.2 164.5 166.3 169.2 172.1
274.6 274.6 274.6 274.6 274.6 274.6 274.6 274.6 274.6 280.3 285.8 289.2 281.4 276.5 275.2 282.2 286.4 289.3 290.8 292.6 294.8 295.9 290.3 290.3 297.6 303.7 305.5 305.1 301.9 300.4 299.7 299.8 299 297.6 295.4 290.6 287.1 284.3 280.6 277.2 272.8 268.7 264.9 260.5 255.4 251.8 249 247.4 247.4 245 241.2 234.6 225.6 213.4 204.4 197.3 191.9 185.7 182.3 181.9 181.3 180.6 179.9 177.5 178.4 178.2 177.6 176.2 172.7 170.6 168.1 165.7 164.2 162.7 166.4 168 170.1 172.9
274.6 275.9 281.3 274.6 274.6 274.6 274.6 274.6 274.6 274.9 281.2 282.1 279.4 274.6 276.7 283.2 287.8 290.2 291.8 293.2 293.8 294.2 290.3 290.3 302.8 305.7 306.4 306.2 304.2 301.9 300.9 299.7 299.3 297.5 296.9 291.5 290.4 287.3 284.5 278.9 273.9 269.5 264.7 259.9 255.6 252 249.5 249.9 249.7 249.3 245.6 239.6 229.1 216.6 208.1 200.1 195.5 188 183 181.6 180.8 180.2 178.3 176.5 177.2 176.8 176 174.6 171.6 169.1 167.5 165.6 164.4 162.5 167.7 169.8 171.9 173.9
278.6 280 280.1 274.6 274.6 274.6 274.6 274.6 274.6 274.6 274.6 278.6 274.6 274.6 275.4 287.6 290.1 292.4 295.9 297.8 295.7 295.5 295.2 297.2 304.6 306.7 306.6 306.6 307 303.9 300.7 299.8 299.1 299.2 298.8 292.5 290.6 288.7 285.6 279 274 269.9 264.7 259.6 255.6 253.4 252 251.8 253.1 254.2 250.6 244.2 230.1 218.6 211.8 205.2 200.3 191.6 185.5 181.8 180.7 179.7 181.3 177.3 177.6 175.9 175.4 171.8 170.5 168.6 167.6 165.3 163.4 166.8 168.7 171 173.1 175.2
280.4 281.7 281.6 277.2 274.6 274.6 274.6 274.6 274.6 274.6 274.6 274.6 274.6 274.6 276.4 292.3 291.3 295.7 299.6 301.5 299.3 297.6 297.9 299.9 305.1 306.5 306.7 305 302.2 301 300.9 300 299.3 298.8 297.7 293 291.2 288.7 285.5 280.3 273.8 269.9 264 260 256.5 254.9 254.1 253.5 255.5 257.4 252.9 245.7 232.2 221.9 216.8 210.4 204.1 195.4 189.2 184.5 182 181.9 183.5 177.6 176.5 175.6 173.6 171.1 170.1 168.3 167.1 164.3 163.4 166.9 169.4 172 174.4 176.6
285 282.9 281.6 279.8 274.6 274.6 274.6 274.6 274.6 274.6 274.6 274.6 274.6 274.6 274.6 286.4 290 295.8 299 304.8 301.1 298.8 298.8 301.2 307.6 308.4 306.7 303.7 302 300.8 300.8 299.9 300.2 297.8 296 292.1 288.9 286 282.4 278.7 272.5 267.4 263.8 260.4 257.5 256.1 255.1 255.7 256.2 254 250.5 241.8 232.1 224.7 220.4 214 207.6 199.9 193.3 187.6 184.2 183.8 181.8 177.2 176.5 175.3 174.4 173 169.4 167.8 167 163.4 165.1 168 170.4 172.7 175.2 177.7
285.5 286.1 288.7 283.6 274.6 274.6 274.6 274.6 274.6 274.6 274.6 274.6 274.6 274.6 274.6 281 286 292.7 299.4 303.2 301.1 297.9 298.8 301 306 307.1 305.8 304.2 302.5 301.6 301.1 301 302.8 299.2 295.4 291.2 287.4 284.1 280.8 276.5 271 267 263.3 260.5 258.1 256.6 256.8 256.9 256.2 253.5 248.4 239.9 234.1 228.2 223.1 216.9 210.4 203.2 196.5 191.6 185.1 186.2 177.9 177.3 176.6 175 172.7 171.8 169.6 167.9 166.6 163.2 167.2 169.6 172.2 174.5 176.7 178.8
283.8 285 284.2 281.6 274.6 274.6 274.6 274.6 274.6 274.6 274.6 274.6 274.6 274.6 274.6 276.1 282.2 288.6 293.7 295.2 300.3 298.5 296.9 301.7 304.3 304.3 303.6 302.9 303.2 301.7 301 301 299.2 296.8 293.4 290.2 286.1 282.3 278.9 273.7 269.5 266.6 263.1 260.1 258.4 257.6 257.6 258 256.6 253.1 247.7 240.5 236.1 231.9 226.8 219.8 212.9 204.6 197.2 190.8 188 181.1 178.3 177.4 176.4 176.2 171.6 173.5 168.7 166.7 165.3 166.3 168.6 171 173.6 176.1 178.2 180.4
275.1 282.3 281.7 277.8 274.6 274.6 274.6 274.6 274.6 274.6 274.6 274.6 274.6 274.6 274.6 274.6 280.7 289.8 293 295 296.6 296.4 296.1 300.6 303.7 303.2 302 302.7 304 300 300.1 300.6 298.7 297.2 293.6 289.3 284.5 280.2 276.4 271.5 268.1 264.5 262 260.1 258.8 258.1 257.9 258.2 256.4 253.1 246 241.4 237.1 234.7 230.7 223 215.8 206.3 197.2 191.9 188 182.6 178.6 176.6 175.4 173.9 171.3 168.9 166.9 166.9 164.8 167.6 169.4 171.8 174.4 176.9 179.2 181.7
274.6 274.6 274.6 274.6 274.6 274.6 274.6 274.6 274.6 274.6 274.6 274.6 274.6 274.6 274.6 277.2 295.3 296.6 297.4 296.7 296.6 296.3 296.3 299.4 307.1 302.6 299.7 298 304.9 297.7 297.8 299.5 296.7 295.4 291.4 289.3 281.3 277.7 273.3 269.8 266.5 263.4 261.6 259.4 257.8 256.8 257.4 258.1 257.2 252.5 245.8 242.3 237.9 236.2 232 224.8 216.3 207.1 197.8 192.1 188.8 183.4 177.7 177 174.5 173.4 171.7 169.7 168.4 167.5 165.7 168.9 170.4 172.7 175.4 177.7 180.1 182.5
276.5 274.6 274.6 274.6 274.6 281.5 274.6 274.6 274.6 274.6 274.6 274.6 277.7 278.5 278.5 279.9 287.9 294.6 299.7 297.1 294.8 296.7 298.5 299 301.8 299.4 297.6 296.2 294.9 293.2 292.3 292.1 293.1 293.2 288.1 282.8 278 274.1 271 267 264.1 262 260.9 258.5 256.6 254.8 254.8 256.7 257 250.1 245.2 242.7 240 238.1 233.4 225.4 216.2 207 198.1 192.1 189.9 182.2 178.2 177 175.1 173.3 172 170.9 169.6 165.8 166.8 169 170.8 173.5 176.2 178.5 180.9 183.4
281.6 279.6 274.6 274.6 281.3 286.6 280.6 274.6 274.6 274.6 274.6 274.6 274.7 279.5 278.1 280.3 286.2 289.8 292.6 291.7 296.7 299.7 299.6 301.6 301.4 298.1 296.1 294.3 290.7 286.8 284.9 285.5 286.6 286.6 281.1 277.5 273.3 270.4 267.7 264.6 262 261.1 260.2 257.7 253.2 251.3 251.7 253.2 253.6 247.1 243.8 242 240.5 239.7 235 226.7 216.4 205.1 197.6 192.8 188.5 182.6 179.2 176.6 174.7 172.6 171.7 170.4 169.4 167 168 169.4 172.7 174.9 176.6 178.6 182 184.4
292.6 289.1 276 274.6 282.3 288.2 285.7 274.6 283.6 274.6 274.6 274.6 274.6 274.6 275.6 280.7 285.3 286.5 287.2 289.8 294.7 298.9 299.4 303.4 307.7 297.6 293.5 290.7 287.8 284.2 280 280.5 280.4 276.6 274 272 267.9 266 262.6 259.8 259.9 259.3 258 253.6 248.7 246.9 246.8 247.9 246.4 244.3 241.5 238.4 237.6 238.9 237.4 226.7 215.2 203.2 196.9 192.9 188.8 182.7 178.5 176.2 173.2 171.4 170.7 168.8 168.2 169.6 168.9 169.7 173.8 176.4 178.5 180.4 183.2 185.9
296.3 288.3 277.3 274.6 276.5 284 277.9 276.5 278.5 274.6 274.6 274.6 274.6 285.8 284.9 282.9 284.2 288 290.1 292.2 295 297 298.9 305 305.8 295.1 293.3 290.4 287.9 283.6 279.8 276.8 273.9 270.8 268 264.9 261.9 259.9 256.2 255.3 257.1 254 253.6 247.1 242.9 243.2 243.6 242.4 240.8 239.5 236.9 234.3 234.2 238.6 236.8 224.3 213.6 202.6 196.8 192.5 189.4 182.5 179.4 175.7 173.2 172.6 171.3 169.9 169.5 170.4 169.7 170.9 174.6 177.2 179.6 182.1 184.9 186.7
295.8 287 281.3 281.8 278.6 277.4 277.1 288.8 289 288.9 285.4 281.2 287.2 289.3 288.1 286 289.1 292.4 295.7 301.5 300.6 299.5 299.8 299.8 298.2 296.6 295 292 288.7 284.8 279.5 274.5 270.5 266.2 262.5 258.3 255 252.6 251.6 250.6 249.9 248.4 246.7 243.7 240.1 239.6 239 237.8 236.8 233.3 229.3 226.8 227.2 230.4 227.7 217.7 207.2 201.3 192.2 187.9 186.2 181.3 178.3 176.1 175 173.9 172.4 170.8 170.7 170.6 170.5 171.6 175.4 178.2 180.7 183.3 186 187.7
296.8 292.2 284.2 285.3 285.1 286 282.8 288.5 293.9 293.1 289.3 287.6 292 291.5 290.9 296.1 298.1 298.1 300 300.9 302.5 303.9 305.3 306.6 301.9 299.7 296.6 294.4 291.2 285.2 278.2 271.5 265.5 259.2 255.2 252 249.3 247.6 247.3 246.2 246.4 244.6 243 239.3 235.2 234.9 232.4 232 230.9 225.6 219.4 218 217.1 216.2 215.7 209.5 203.6 193.3 198.8 187.2 184 181 179.1 177.6 177.3 174.4 173.6 172.3 171.4 172.6 172.4 174.8 174.7 179.2 181.8 184.2 186.6 188.6
290.4 287.6 286.3 288.2 287.6 288 287.7 288.7 290.7 291.8 291.3 291.7 292.3 292.8 293.8 297.2 298.6 299.4 300.7 302 305.4 308.1 308.4 308.8 306.2 303.1 298.1 293.6 288.5 283.9 274.4 267.3 259.9 254.1 250.1 245.5 245.2 244.1 243.3 243.1 242.1 240.1 237.9 234.7 227.6 220.6 221.2 219.5 218.4 215.4 211.1 209.8 208.4 208.4 205.2 200.6 193.4 197.6 199.1 192 191.8 185.3 181.3 180.1 179 181.1 175.7 173.3 173.8 175 176.6 178.8 181 182.3 180.7 184.4 187.2 189.4
284.5 281.8 292.2 294.9 291.4 288.8 289.2 290.6 293.8 292.9 292.8 292.9 293.2 293.1 294.4 297.6 299.2 299.6 302.9 303.5 304.4 308.2 308.9 309.1 308.2 303.8 296.8 290.6 285.3 278.1 267.2 260.2 253.7 249.3 244 243 241 240.2 239.9 239.5 237.7 233.7 230.9 229.6 216.4 213.8 212.1 207.9 206.3 205.7 203.6 203 201.2 200.4 199 196.7 197.1 201.7 199.2 197.5 194.1 191.1 185.6 185 179.2 178.2 176.7 178.3 173.8 177.8 179.3 178.3 181.5 184.1 183.1 184.1 188.2 189.4
273.6 290.7 293.9 292.5 290.2 289.2 289.6 291.1 296.1 294.9 293.6 293.6 293.3 293.8 294.7 297.3 302.1 307 304.2 305 304.1 304.2 305.5 305.4 303.5 301.5 292.1 285 280.4 271.6 260 253.8 248.7 244.1 240.9 239.9 238.8 232.9 233.3 234.7 229.5 224.6 220.7 224.7 212.9 225.9 227.4 223.3 217.3 220.1 220.9 216.3 216.4 212.1 208.2 206.4 206.9 204.7 201.3 198.8 196.1 192.4 189 183.9 182 179.6 179.7 180.5 175.7 178 179.6 183.6 182.7 186.5 186.7 184.9 185.4 189.2
270.9 287.2 290.4 287.5 288.6 289.1 289.6 290.3 292.6 293.3 293.2 293.1 293.5 294.3 295 297.4 304.1 304.1 303.8 305.2 305.1 303.1 302.4 300 299.7 296 285.6 278.7 270.6 261.5 254.7 248.6 244.3 240.8 238.1 238 233.3 225.9 224.3 224.7 223.6 228.3 221.6 219.3 215 224.4 228.6 225 226.8 226.5 225 223.8 221.8 220.4 217.6 214.2 210.4 206.5 203.1 200.3 197.3 192.9 187.8 184.4 181.6 181.5 181.4 181.4 180.5 178.1 183.6 183.8 185.7 186.8 188.3 189.1 186.7 187.5
266.3 274.2 274.8 283.1 292.2 289.7 289.9 290.9 290.9 291.9 293.4 293.7 294 294.8 295.8 300.9 302.8 302.7 303.4 305.4 303.9 301.5 296.8 292.1 288.6 281.7 275.9 269.6 262.4 255.4 249.4 244.4 240.6 238.6 236.3 234.9 228.4 227.9 235 234.7 232.6 234 226.9 217.8 216.2 222.8 229.1 227.9 228.1 227.7 226.1 225 223.6 221.3 219.6 215.9 212 208.3 205 201.9 198.4 193.2 189.1 186.6 184.3 183.6 183.7 183.7 182.1 181.4 185.7 184.5 184 187.2 189 189.8 189.8 188.7
264.3 273.1 282.2 288.2 289.7 289.8 289.7 290.2 290.3 291.2 293 294 294.5 295.1 298.9 302.3 303.6 301.9 301.5 300.4 300.2 297.6 294.1 287.3 277.5 273.7 268.6 261.7 255.8 249.8 245.2 241.3 237.9 236.2 232.7 230.5 227.1 230.7 237 238.1 237.5 235.8 232.6 224.3 221.5 227.5 229.4 229.6 229.3 229.1 227.6 225.7 224.1 221.8 220 217.2 213.6 209.9 206.5 201.6 199 195.5 192.2 189.3 187.4 186 186.1 186 185.8 183 185.9 188.3 186.6 185.8 188.9 189.6 190.1 190.7
