UK/data/sx/sx57_OST50GRID_20230518/SX57.asc
ncols 200
nrows 200
xllcorner 250000
yllcorner 70000
cellsize 50
[rows 0 to 34 of 200, columns 0 to 77 of 200]
242.7 241.5 240.2 238 236.3 234.5 232.9 230.6 228.1 224.9 219.7 217.9 216.8 217.3 218 216.8 215.1 208.1 204.9 208.1 210.5 213 216.2 219.2 221.6 223.1 224.6 226.2 228.1 230.6 232.8 235 237.2 239.4 241.6 243.5 245.3 246.4 247.2 248.8 249.9 251.3 254.3 258.4 263.4 265.6 267.4 265.3 264.4 263.6 261.7 259.6 257 252.7 246.3 236.7 220.9 210.6 210.3 208.9 219.5 232.7 247.5 257.8 265.6 272.7 278.7 283.4 286.1 286.5 283.2 280.3 278.8 278.8 278.6 280.9 283.6 285.9
238.1 237.4 236 234.7 232.9 231.3 230.1 227.8 225.4 221.9 217.5 213.7 212.6 212.4 214 211.9 207.6 202.5 204.5 209.7 213.9 216.2 217.9 220.1 222.4 223.5 225 226.6 228.2 230.2 231.5 233.5 235.7 237.9 239.6 241.2 242.9 244.3 244.5 244.9 245.8 246.7 249.2 254.6 259.2 263.9 265.1 261 259.8 257.8 255.7 253.4 249.4 242.9 229.6 217.5 209.7 206.9 215.8 223.4 235.8 246.7 255.4 264.3 272.5 279 285.9 290.5 293.8 294.1 291.7 286.7 285.5 285.1 285 286.6 288.4 290.3
233.3 233.1 232.3 231.6 229.8 228.4 226.7 225 222.4 218.1 213.8 210 204.8 207.9 209.5 204.2 199.8 204.5 209.7 214.1 217.1 218.2 219.9 221.9 223.3 224.1 225.5 227 228.6 229.3 230.4 232 234.2 235.7 237.1 238.5 239.5 240.3 240.7 241 241.7 242.4 244.1 248.3 252.6 258.1 256.1 254.1 253.1 251.7 249.9 247.3 238.4 225.2 210 207.9 207.4 216.6 228.7 238.1 246.2 254.4 262.9 270.5 277.5 285.4 291.9 297.1 300.3 301.4 300.9 295.9 292.8 291.8 291.4 292.3 293.8 295.3
228.9 229 228.2 227.2 226.2 224.9 223.6 222 219.6 215.4 210.1 206.4 202.9 200.3 199.9 196.2 201.5 209.1 214.3 216.5 219.1 220.7 222.1 223.7 224.3 225.2 225.9 227.5 227.9 228.5 228.6 230.5 231.7 233 234.3 235.6 235.9 236 236.7 236.5 236.7 237.2 239 241.7 244.9 244.7 246.3 247.5 246.4 245.2 244.2 241.3 225.8 211.7 206.7 206.9 204.8 223.1 235.7 244.6 253 260.7 268.5 275.7 283 290.2 296.9 303.3 307.3 308.7 307.9 304.6 300.6 299 297.9 298.5 299.8 300.7
225 225.2 224.8 223.6 222.9 221.7 220 218.4 215.9 212.3 207.2 202.4 198.9 196.7 195.3 198.5 206 213.4 215.9 217.5 220.7 222.8 224.6 225.5 226.2 226.6 226.9 226.8 227.3 227.4 227.3 228.1 229 230.1 231.2 232.2 232.1 231.4 231.9 231.2 231.1 231.7 233 234.6 236.3 238.6 240.7 241.1 240 239.4 238.1 229.7 209.1 204.6 205.8 204.8 218.4 230.9 241.8 250.9 258.2 265.7 273.9 281.3 288.7 295.2 304.4 309.3 313.6 315.1 314.4 312.6 308.8 306.5 305.3 304.7 305.9 307.3
221.2 221.5 221.7 220.8 219.9 218.1 216.4 214.7 213 209.5 204.8 199.1 194.9 193.8 196.2 200.8 208.5 214.4 217.4 219.8 222.1 224.4 226.5 227.7 228.6 228.6 228.1 227.4 226.5 226.1 225.8 226.2 225.9 226 227 228 228.3 227.5 226.9 225.7 225.5 226.3 227.1 227.8 230.1 232.6 234.6 234.7 233.9 232.3 226.9 213.4 203 202.8 200.6 213.4 227.7 238.9 248 255.1 262.7 269.5 278.8 286.2 293.3 300.8 308.3 315.3 319.6 321.6 320.6 318.3 316.1 313.8 312.1 310.9 311.8 312.3
217.3 218.3 218.3 217.1 216.5 214.8 213 211.2 209.6 206.9 202.2 191.3 192.2 194.8 201.6 209.9 213.1 216.4 218.8 221.1 223.6 226.2 228.4 229.8 231 230.3 229.3 227.9 226.5 225.1 224.2 224.4 223.7 222.9 223.2 223.5 223.9 223.2 221.7 220.8 220.1 221.3 222.1 222.3 224.5 226.6 228 226.9 224 211.5 200.8 201.4 200.6 205.6 219.4 230.5 238.9 247.2 253.5 260.7 267.8 275.8 283.6 290.9 298.8 307.7 314.7 320.7 325.4 326.8 325.6 323.8 322 321 319.2 318 318.3 318.1
212.8 214.4 214.1 214 213.3 211.6 209.4 208 206.4 204.2 199.8 190.7 191.6 200.8 207.7 212.3 215.5 217.7 220.1 222.5 225 228.1 230.3 232.7 233.8 233.1 231.2 228.3 226.6 224.5 223.3 220.6 221.1 220.5 219.6 218.3 217.4 216.7 215 212.3 210.8 212.5 213.7 216.6 219.2 221.8 220.1 215.3 204.4 197 202.3 208.3 214.3 225 231.9 238.8 245.8 252.7 259.7 266.9 275.7 283 289.9 297.4 306.4 313.9 320.5 326.5 330.9 333.3 333 330.2 328.2 327.6 326.4 325.3 324.4 324.6
209.2 210.4 210.8 210.7 210.5 208.5 205.7 204 202.7 201.8 200.7 187.6 192.2 202.7 208.2 212.8 216.4 219 221.5 223.8 226.8 230 233.1 237.3 237.6 236.1 233.3 230.1 227.2 225.1 223.1 220.6 220.3 217.2 215.7 213.6 211.8 210.1 208.8 201.3 197.4 198.8 202 203.4 206.6 205.5 197.5 195.1 200.9 208.1 217.5 222.9 228.2 233.4 238.9 245.3 251.4 259.1 265.6 278 286.4 291.3 297.8 304.4 313.6 320.5 328.1 333.7 336.8 338.8 340 337.1 334.4 333.6 332.4 331.9 331.4 331.1
206.2 207.8 207.9 208.1 208 206.7 204 201.7 199.4 199.2 200.3 190.1 191.7 201.7 207 213.1 216 218.6 221 224.1 228.4 233.2 238.2 241.5 242.8 241.1 237.6 233.1 230.5 227.4 224.3 222.4 220.6 217.8 214.2 210.3 206.9 200.1 194.8 187.8 189.1 190.1 192 191.8 193.6 193.7 196.6 203.4 213.5 219.7 224.8 230.2 235.2 240.2 244.5 250.1 257.5 267.5 277 287.4 296.1 302.8 311.2 316.5 322.4 329.1 336.1 340.2 343.7 348.2 349.5 345.9 341 340.2 338.4 338.5 338.2 338.1
203.1 205.2 205.6 205.9 205.5 205 203.1 200.2 196.9 195.3 196.3 189.8 194.9 200.2 206.3 211.5 218.5 217.6 221.1 224.5 227.7 235.1 241.4 245 245.8 244.5 241.6 238.1 234 231.3 229 228 225.5 220.3 218.4 214.8 211 201.1 185.5 190.8 197.6 202.2 205 205.5 206.2 207.8 212.5 217.6 222.3 227.9 231.5 235.7 240.7 244.8 249.2 255.6 265.5 277.3 287.8 298.7 306.6 315.5 322.6 326.7 334.6 341.4 345.5 348.1 353 357.4 356.2 353.9 350.1 346.5 344.3 344.9 345.1 345.1
200.5 202.5 203.5 203.7 204 203.3 201.7 199.4 196.4 191.8 187.4 182.9 190.2 200.2 205.2 210 214.9 219.8 220.8 223.1 225.7 231.8 238.3 243.4 243.7 243.5 241.5 239 235.9 233.4 231.9 231.9 229.1 224.9 219.3 216.8 198.9 187 187.1 198 205.6 212.9 217 219.3 220.7 222.2 224.5 228 231.6 235.4 238.6 241.2 245.1 249.4 254.6 264.4 276.6 286.7 296.5 305.6 316 326.7 333.1 338.3 346.3 353 357.3 359 363.4 366.8 364.7 361.6 357.9 356.3 353.7 352 352.1 352.1
197.9 199.9 201.3 201.9 201.9 202.1 201.1 200.2 197.1 192.3 185 183.6 193.4 199.1 203.8 208.4 212.6 215.4 218.4 221 223.6 227.2 231.1 235.3 238.4 239.7 239.3 238.2 235.3 232.9 231.8 231.5 229.6 226.9 218.9 196.1 182 182.7 189.9 202.6 210.7 218.3 223.4 226.9 229.6 231.4 233.1 235.8 239.3 242.1 244.8 247.3 250.4 254.8 262.6 273.2 285.1 296.1 305.9 316 323.9 332.5 337.5 344.2 353.6 359.9 364 369.3 373.6 375.8 376.2 373 368.9 367.6 364.4 359.7 359.2 359.2
195.2 197.2 198.9 199.9 200.9 200.9 200.5 199.6 197.8 191.5 178.3 183.6 192.8 197.3 201.7 206.2 209.9 212.7 215.3 218.4 220.6 224 227.6 231.2 233.4 235.7 236.2 235.6 233.2 230.5 229.1 228.5 226.5 222.9 211.6 183 181.9 191.8 200.1 208.3 214.5 222.3 227.5 231.2 234.1 237 239.5 241.8 245.3 248.2 251.4 255.3 258.7 263.8 272 283.7 294.5 305.2 314 323.8 332 340 348.1 354.4 362.4 366.2 370.4 377.2 380.5 381.5 381.6 381.3 379.7 377 374.9 370.1 367.3 367
192.2 194.6 195.4 197.5 199.2 199 198.5 197.9 194.1 185.8 180.5 184.1 190.4 195.7 199.5 203.2 206.8 209.6 212.2 215 217.6 220.8 224.1 227.2 229.4 231.8 232.9 232.7 230.6 227.1 224.8 224 219.5 208.2 190.2 179.6 188 198.4 205.3 211.9 218.5 224.9 230.5 234.3 238.1 241.3 244.2 246.7 250.4 254.3 259.2 263.8 268.9 274.1 283.7 293.3 301.7 311 321.1 329.2 336.2 345.7 356.7 364 370.3 375.1 379.3 383.8 385 386 386.1 386.5 385.7 384.5 382.7 380.6 376.9 374.8
188.9 190.4 192 193.7 194.8 195.9 196.2 195.7 191.9 180.4 184.9 184 187.9 192.6 196.1 199.6 203 206.6 208.7 211.5 214.2 217.5 220.8 224 226.6 229.2 230.6 230.1 227 223.4 221.5 217.3 209.6 192.4 181.8 184.4 198 205.5 211.1 216.6 221.2 226.9 231.3 236.3 240.6 244.2 248.2 251.8 255.4 260.1 265.1 270.2 276.8 284.2 291.4 299.1 308.4 316.8 325.2 332.9 341.1 351.6 361.9 369.4 377.2 382.1 386.2 387.3 388.3 389.8 390.8 391.4 390.4 389.6 388.7 387.3 384.6 381.8
185.2 186.7 188.8 190.3 192.3 193.8 193.9 193.4 189.7 181.3 186.1 182 184.9 189.1 191.6 194.2 197.2 201.7 203 207 210.4 214.1 217.9 221.7 224.3 226.3 228.6 229.5 223 221.5 214.3 209.8 185.8 177.6 180.2 194.2 205.4 211.2 215.1 219.3 223.8 228 232.2 236.4 241.6 245.3 250.4 254.7 258.8 264 269.2 274.9 281.6 288.8 296 304.2 311.7 319.7 327 335.3 345.6 355.9 364.9 374.9 381.8 386.7 389 390.7 391.7 393.2 394 395.5 395.1 394.5 394.1 393.6 391.3 389
180.8 183.2 185.7 188.3 190.4 191.9 192.7 192.1 190.1 182.6 173.5 177.9 181.8 185.4 187.7 189.8 191.5 194.6 199.7 203.2 206.8 210.8 214.8 218.8 221.7 223.7 226.6 225.3 221 216.5 210.9 188.8 174.6 178.7 187.1 197.7 207 212.1 216.2 220.1 224.9 228.4 232.4 237.1 242 247.1 252.5 257.5 262.9 268.2 273.4 278.6 285.7 293.1 299.2 305.8 313.3 320.5 328.1 337.8 347.5 356.3 368.3 377.5 384.2 388.4 391 392.6 394.2 394.7 396.1 397.6 397.7 398.5 399.4 398.6 397.2 395.2
176.7 180.1 183.3 186.1 188.5 190 191.9 191.4 189.7 184.6 177.6 173.1 177.4 180.2 182.1 185.3 186.7 190.8 195.1 199.2 203 206.9 211 215.4 218.8 219.5 222.6 222.2 217 212.9 207.4 200.5 174.2 179.7 188 197.4 204.5 210.6 215.7 218.6 222.6 228 232.9 238.1 243.5 248.6 253.8 258.9 264.5 270.1 275.5 281.2 288.4 295.1 301.8 307.9 313.7 320.3 329.1 339.4 348.8 357.4 370.2 378.6 384.7 387.9 390.6 392.6 394.4 396.3 397.5 398.8 400.9 402.3 403.2 403.7 403.5 401.7
174 177.6 180.3 184 186.9 189.5 191 191.6 190.2 186.3 179.4 175.4 172.5 173.3 175.7 180.8 182.7 186.2 190.6 195 199.2 203.1 207.6 211.8 215.5 217.9 218.7 218 213.9 204.8 192.7 178.5 173.3 179.6 186.5 192.3 198.9 205.4 210.6 214.9 219 224.6 231.9 238.5 243.6 248.9 253.6 260 265.7 271.7 277.5 283.9 290.6 297.1 303.7 309.6 314.6 320.4 329.6 338.2 348.4 357.9 369 378.6 383.8 386.6 388.1 390.9 392.7 394.9 397.5 399.3 401.8 404 406.2 408.4 409.1 409
171.7 175 179.6 183.6 186.9 189.6 191 192.3 191.5 188.2 184 176.2 170.5 168.7 170.9 173.9 178.3 182 186 190.5 195 199.8 204.6 208.6 212.2 214.3 215.1 215 210.3 190.2 176 172.5 173.4 181.9 187.5 191.3 195.2 198.5 204.2 210.7 216.1 221.9 227.8 234.7 241 248.2 253.8 260.2 266.9 273.9 280.3 287 294.1 300.3 305.4 309.6 315 320.5 327.7 334.7 342.1 351.7 364 370.6 380.7 383.8 385.2 388.4 391 393.4 395.9 399 401.2 404.7 408.8 411.3 414.2 415.9
169.2 174.9 179.6 183.5 187.2 189.8 191.6 193.3 193.6 192.1 187.2 179.5 174.2 170 166.9 169.1 174.7 178.7 183.3 188.1 192.8 197.2 201.1 204.1 207.7 210.6 211.7 211.2 205.3 190.4 169.7 170.4 174 185.4 191.3 196.4 200.1 203.2 206.3 209 213.9 219 225.2 232.9 239.1 245.9 253.6 260.6 268.2 276.2 284.3 291.3 297.8 302.2 306.6 310.8 315.6 320.7 326.5 332.3 339.1 347.4 356.6 363.5 373 378.9 382.2 385 388.1 390.8 394.4 397.9 401.1 404.9 409.2 413.2 416.7 420
169.1 174.5 179.4 183.9 187.8 191.4 193.6 195.6 196 195.5 191.1 184.4 178.1 171.5 166.7 165.3 170 175.6 181 185.9 190.1 194.2 197.3 200.1 202.9 206 208.4 208.9 196.9 183.6 169 169.8 177.6 188.6 195.6 201.5 204.8 207.9 210 212.6 216.2 218.5 223.9 229.9 236.3 245.2 253.6 261.2 269.3 279.9 287.2 293.2 298.9 303.3 307.3 310.9 315.3 320.6 326.2 331.6 337 345.3 353.4 358.9 367.1 374.4 377.6 381.1 384.4 387.4 391.6 396.4 401.1 405.1 409.1 415.9 419.4 422.8
169 173.5 179.4 185.3 189.7 193.6 196.3 199.4 199.9 198.3 194.6 188.7 183 178.3 170.8 164.3 165.5 172.2 179.1 183.9 187 189.5 192.6 195.4 197.6 202 197.1 194 183.2 170.7 166.3 169.3 184.8 194.6 201.2 205.6 209 211.5 213.7 216.7 219.9 223.1 225.8 229.1 236.2 241.8 253.1 262.8 271.7 281.6 286.9 293.3 298.6 302.9 306.9 310.8 315.4 320.2 325.1 330.6 336.1 343.2 348.8 354.3 360.7 369.3 372.9 376.4 380.5 384 389.4 394.2 398.9 403.6 408.7 416 419.9 424.2
169.5 175.2 181 186.4 191.9 196.7 200.4 202.3 201.7 200.1 197 192.1 186.7 182.2 175.5 166.4 162.2 168.1 175.6 181 183.3 184.7 186.6 188.9 189.5 183.6 176.4 172.5 168.9 167.3 167.5 181.2 196.6 203.1 206.6 209.6 212.4 215 217.6 221.4 225 227.4 230.1 233.6 238.3 244.5 252.8 262.5 272.1 280 285.7 291.5 296.3 300.8 305.1 309.8 314.6 319.4 324 329.3 334.9 340.8 346.2 351.3 356.4 362.3 367.3 371.9 376.1 380.7 386.4 392.1 396.9 401.8 407.4 414.5 420.5 425
171.9 178.4 182.9 187.3 193 198 200.8 202.7 202.1 200.9 198 193.2 188.4 183.8 177.5 168.2 159.2 166.2 172.8 178.2 179.8 177.7 175.2 175.6 176.9 171.6 160.1 166.7 170.2 178.2 185.7 196.6 203 207.1 210.8 213.3 215.6 218.4 221.4 225 228.9 231.9 235.4 240.2 244.8 249.5 255.9 261.9 268.8 277.1 283.6 289 294 299.6 304 309.3 313.9 318.6 323.1 328 333.7 338.7 343.8 348.7 353.6 358.2 363.4 368.2 372.1 377.3 382.9 388.8 394.8 400.4 405.8 412 420.6 424.6
174.3 179.8 183.7 187.4 192.8 197.6 200.3 201.9 201.8 199.9 197.5 193.6 189.2 184.6 178.7 170.2 158.9 164.9 171.3 175.7 176.2 164.7 160 162.6 161.3 161.4 171.1 177.8 182.9 190.3 197.8 204.1 208.2 212 214.6 216.8 219.2 222.5 225.6 229 233.4 239 242.9 248.1 253.2 258.9 263.9 267.5 274.8 280.5 284.6 288.3 293.1 298.8 302.9 308.8 313.2 317.7 322.2 326.7 331.7 336.4 341.4 346.2 350.6 355 359.5 364.6 368.8 373.9 379.5 385.5 391.6 397.6 403.2 409.3 416.7 421.6
175.9 180.5 184.1 187.3 191.3 196.3 198.8 200.2 200.4 199.3 196.4 193.3 189.5 185.3 179.9 169.4 156.6 163.3 170.8 173.4 168.6 158.1 156.6 157.9 165.8 171.2 178.5 186 192.6 199.8 204.5 208.1 211.6 215.4 218.2 220.5 223.2 226.4 230.3 236.1 242.4 247.6 252.2 256.7 261.4 267.2 271.2 275.4 278.8 283.3 287.7 290.7 294.9 299 303.4 309.4 312.8 317.2 321.3 325.1 329.5 334.1 339 343.2 347.5 352 356.5 361 365.8 370.6 376.6 382.5 388.4 394.5 400.4 407 412.7 418.6
177.6 181.1 183.9 186.5 189.4 193.1 195.3 196.8 197.9 196.6 195.3 193.2 190.8 186.1 180.5 170.5 156.3 160.1 167.1 168.6 161 156.3 155.7 164 173.1 178.3 186.8 193.3 199.1 203.9 207.5 211.6 215.1 218.5 221.4 224.7 227.6 232.2 236.8 244.9 251.9 256.4 262.2 267.1 270.6 275.6 279.3 281.9 283.8 286.3 289.9 293.3 297.2 301.1 304.2 307 312.1 315.7 319.9 323.9 328.4 332.5 336.4 340.5 344.6 349.2 353.9 358.5 363 368.2 373.9 379.8 385.8 391.6 397.4 403.4 408.7 414.4
178 180.7 183.2 185.3 187.3 189.7 191.9 192.7 193.5 194.2 194.5 193.2 191.3 186.5 179.2 167.7 158.9 155.3 161.9 162.7 159 160.2 152 161.5 176.3 183.4 190.2 196.2 201.5 205.8 209.7 214 218.1 221.1 224.3 228.1 231.8 236.4 244.1 253.7 259.3 265.9 272 276.6 282.1 285.5 287.3 288.5 289.1 290.5 293.2 296.3 299.5 303.6 306.7 310 313.3 316.7 320 324.2 328.5 332.2 336.1 339.9 343.7 347.7 352.2 356.1 361.1 366.1 371.3 377 382.7 388.5 394.2 400.1 405 410.4
176.5 179.2 181 182.6 184.1 186.4 187.8 188.7 190.8 192 192.3 191.8 189.6 185.3 179.7 170.6 162.1 154.1 155.9 153.9 155 151.3 162.5 172 180.1 186.8 193 198.4 203.2 207.4 211.9 215.4 219.7 223.4 227.2 231.7 236.6 243.1 251.2 259.8 266.4 275.4 281.1 285.1 290.2 292.4 294.4 295.9 295.8 295.8 297.8 300.4 302.9 305.7 308.7 311.8 315 318.3 321.5 325.2 328.5 332.2 336 339.8 343.4 346.9 350.7 354.8 359 363.7 369.1 374.1 379.7 385.4 391.1 396.6 401.7 406.6
174.3 176.5 177.9 179.5 181 182.9 184.3 186.4 188.3 188.8 188.9 189.2 186.6 183.3 180.5 175.5 167.6 152.8 148.6 152.1 151.4 163.6 172.1 178.5 184.4 190.1 195.3 199.6 204 208.4 212.6 216.4 220.9 225.1 230.6 235.8 241.9 250.4 259 267.4 276 284 289.3 293 297.2 299 300.4 301.5 302.1 302.6 303.2 304.8 306.7 308.1 310.3 312.9 316.1 319.5 322.7 325.8 329 332.4 335.9 339.7 343.3 346.8 350.3 354.1 358 362.4 367.1 372.3 377.4 382.9 388.5 393.9 398.5 403.6
171.3 173.4 175 176.6 178.2 179.5 181.4 183.2 184.6 184.6 186 185.3 184.4 181.9 179.7 176.2 166.8 151.1 151.4 150.2 162.8 172 179 184.1 188.4 192.8 196.4 200.4 204.7 209 213.2 217.8 222.5 227.3 233 239 247.7 257 265.8 274.3 283.3 289.4 296.1 300.4 302.7 304.7 306.7 309 308.8 309.4 309.1 310.6 310.5 311.3 312.2 314 316.9 320.1 323.2 326.4 329.6 333 336.3 339.6 343.2 346.6 350.1 353.6 357.5 361.3 365.9 370.5 375.7 380.6 385.9 391.3 395.8 400.5
168.7 171.2 173 174.5 176 177.2 178.5 179.8 180.4 180.9 182 181.8 180.9 180.1 178.1 176 171.2 150.1 149.3 154.6 164.6 174.2 181.1 186.2 190.2 193.6 197.3 200.9 205 209.4 213.3 217.9 223.8 228.8 235.6 242.3 253.3 263.4 271.6 281.2 289.1 296.6 301.5 304.8 308.2 312.1 314.2 314.3 314.9 315.6 315.5 315.7 315.4 315.1 315.4 316.8 318.7 321.3 323.9 326.9 330.2 333.5 336.8 340.1 343.2 346.6 350 353.5 357 360.8 364.8 369.2 374.1 378.9 383.4 388.7 393.2 397.7
165.4 168.8 170.7 172.5 173.8 175.1 176.3 177.1 177.9 177.8 179.2 179 178.3 177.5 177 175.5 173.3 154.9 149 153 164.2 174.2 181.7 186.5 190.8 194.3 197.6 201.2 204.6 209.2 213.3 218 223.5 230.7 239.8 249.9 261.7 269.9 278.9 288.8 295.5 303 307.3 310.8 313.7 317.5 319 320.1 320.6 320.5 320.3 320.2 319.8 319.4 319.3 320 321.5 323.9 326.5 329.2 331.7 334.3 337.2 340.4 343.6 346.8 350.1 353.5 357.3 360.6 364.5 368.9 372.5 377.2 381.7 386.2 390.6 395.1
