UK/data/nh/nh23_OST50GRID_20230518/NH23.asc
ncols 200
nrows 200
xllcorner 220000
yllcorner 830000
cellsize 50
[rows 35 to 69 of 200, columns 0 to 77 of 200]
174.7 178.1 179.2 174.9 172.5 171.4 171.2 170.1 169.6 169.5 168.7 168.4 173.5 182.9 187.7 192 197.1 199.7 203.4 210.5 214.8 218.9 220.1 218.2 214.2 212.9 212.3 210.7 209 207.1 205.4 206.2 209.2 206.6 202.5 202.3 204.2 206.6 207.2 208.3 207.9 203.5 199.4 191.4 181.5 172.2 169.8 171.1 169.2 164.9 158.6 161.9 168.4 170.3 170 174.3 175 181.2 181 171.3 166.5 160.8 155.3 155.7 148.7 149.1 151.8 151.4 149.2 143.9 141.6 141.1 141.5 141.7 141.7 139.7 143.2 153.6
181.3 179.4 179.4 178.5 178.2 174.7 172.1 170 172.5 174.6 174.4 177.8 184.9 188.8 195.8 202.2 205.1 206.2 212.8 214.4 215.3 217.5 218.4 218.1 216.6 220.8 216.5 211.5 209.4 208 207 205.6 205.7 204.9 205.3 206.2 207.3 209.9 211.9 211.3 209.2 203.4 196.6 190.4 183.3 173.2 169.9 170.7 170.2 165.3 162 169.5 172.8 177.1 178.3 178.8 183.1 184.8 182 177 170.5 162.3 162.5 163.6 156 155.6 156.9 153.3 147.7 147.4 147.2 145.7 143.7 148.2 143.8 141.1 148.1 158.4
183.2 179.9 181.1 179.4 179.3 181.7 177.8 175.8 177.7 178.5 179.5 182.3 194.3 203.5 206.6 203.1 205.9 210.4 214.7 215.6 216.5 216.7 216.6 217.1 217 217.5 213.3 209.5 208.3 206.2 206.4 209.5 210.1 210.6 208.8 207.7 210.8 213.2 215.7 213.1 209 205 199.7 196.4 194.6 188.8 180.2 173.8 170.6 170.6 164.1 174.2 181.3 187.6 187.9 186.1 183.5 187.2 186 177.1 174.6 171.9 169.2 164.5 165.1 160.4 155.9 155.2 155.1 156.9 151.4 149.9 150.7 150.2 145.6 143.8 155.5 159.2
185 185.4 185.7 185.7 186.5 182.4 179.1 179.8 181.2 181 185.6 195.5 202.2 204.4 208.1 212.9 213.1 213.1 212.2 214.2 216.1 217.1 217.7 218 218.3 216.8 216 217.4 218.2 217.9 213.5 213.1 217.2 220 221.6 219 217.3 218 217.2 218.8 217 215.1 212.5 209.5 207.3 200.8 195.5 191.9 190.2 186.3 181.2 182.3 192.2 196 195.9 194.7 191.9 192.2 190.2 191.3 187 180.3 173.6 173.8 165 166.5 161.8 161.7 160.1 154.8 157.6 164 157.7 150.4 147.5 147.7 161.5 158.1
188.8 188.2 186 184.3 182.7 181 179.9 182.9 189 191.6 197.6 202.9 208 209.7 213.4 220 220.1 218.7 219.1 218.2 216.6 216.3 218.4 219.6 220.4 221.5 220.6 219.9 220.8 221.2 221.1 219.4 217 220.5 222.4 221.8 221.8 223.8 222.1 220.5 219.5 220.6 220.4 221.8 218.6 213.8 215.4 211.9 199.7 193.4 185.1 193.6 194.5 197.4 197.4 197 197.4 202.2 201.1 198.8 191.7 184.6 181.9 177.9 170.5 166.7 164.6 162.9 160.9 162.2 160.1 159 157.3 152.2 147.1 148.6 152.4 154.8
193.2 190.5 187.4 184.8 183.1 183.3 184.8 191.4 198.7 204.5 207.2 211.5 213.1 215.1 219.9 222.2 221.3 221.5 223.1 223.9 225.4 227.1 228.4 228.9 227 225.9 224.1 223.1 223.6 224.9 223.2 224.7 226.2 227.4 227.6 229.9 229.5 230.6 230.6 232.8 234.3 236.6 234.8 235.7 241.9 234.2 230.3 221.9 208.3 195.4 201 206.4 209.1 209.9 206.2 208.6 207.7 209.5 208.3 210.5 201.7 191.3 185.2 178.3 176.1 174.1 169.1 168.4 163.1 167.4 162.3 159.6 155.6 157.5 156.1 151.1 157.1 160.8
197.5 195.1 190.2 188.9 189.6 192 203.1 208 209.8 213.4 214.2 221.3 220.9 225.7 228.2 228.4 227.3 227.9 230.7 232.7 234.2 233.9 232.7 234.1 234.3 234 230.9 232.6 232.2 232.3 233 235.8 236.6 236.6 238.7 236.1 242 245.2 245.7 248.6 247 246.6 246.6 245.1 246.9 240.4 233.2 223.5 214.2 205.5 209.9 214.2 215.6 218.8 218.7 218.1 216.1 213.3 212 207.4 201.2 192.7 184.8 184 183.2 176.9 175.3 170.9 168.5 166.4 163.2 161.2 164.2 163.3 163.2 157.2 158.6 160.1
205.8 201.2 198.4 196.9 202.1 207.9 213 215.2 218.5 222.9 223.3 228.7 229.5 232.5 233.4 235.1 236.9 242.1 244.8 246.2 245.7 245 245.8 244.6 242.3 241.4 241.1 239.3 238.3 239.4 240.8 244 245.6 246.7 244.9 246.6 246.8 249.2 252.3 255.2 253.1 252.6 250.1 241.6 238.5 232.8 227.8 223.3 217.2 217.3 221.4 220.5 223 225.4 225.2 225.5 220.3 216.6 210 204 199.5 195.9 189.9 186.2 182.4 184.5 177.4 180.6 172.6 168.1 169.8 169.3 171 170.3 168.4 165.6 172 174.3
217.1 215.8 209.3 209.9 212.9 218.9 224.4 227.5 233.2 234.9 233.2 237.2 240.4 242.1 244 246.4 250.1 253.3 253.8 253.4 253 255.6 257.1 255.2 252.8 255.7 255.1 250.8 249.5 248.3 250.1 251.5 254.3 254.7 250.9 249.6 250 247.5 250.7 248 243.7 241.3 238.4 234.6 232.2 225.6 220.1 224 225 224.6 227.4 228.6 232.9 238.5 237.1 232.3 223.5 216.8 210.4 205.5 201 197.7 192.3 190.3 186.2 187.7 181.6 181.6 176.6 171.4 177 177.8 178.5 177.2 178.1 182.5 187 187.1
224.8 224.9 219.4 220.7 224.3 229.4 236.3 240.8 242.6 243.6 248.9 251.1 252.8 255.8 258.1 261.7 264 267.1 268.3 268.9 271.7 276.6 275.4 273.8 273.4 276.3 273.6 270.9 268 265.9 266.3 263.1 264.1 262.1 258.8 252.1 247.8 244.7 244.7 239.4 234.9 231.7 230.1 230.1 226.8 226.2 228.2 228.4 232.5 232.6 234 237.4 244.8 248.7 246.7 236.8 230.1 222.3 211.9 209.5 205.4 200.9 195.5 189.3 192.9 189 187.8 182.7 178.4 180.3 181.9 185.6 186 184.8 188.7 195.1 198.2 196.1
238.6 238.2 238.2 238.6 242.4 243.1 249.7 253.4 258.5 264.1 267.7 269.5 270.5 275.4 279.2 279.2 283.8 290.5 294.5 297.9 299.5 299.9 298.5 294.3 292.2 291.7 291.4 290.1 288.8 289.4 289.1 283.7 274 268.4 260.4 255.3 247.1 244 242.4 240.6 239.8 234.1 231.8 229 226.3 231.1 233.9 235 237.8 241 242.8 244.3 246.8 246 243.6 238.6 231.5 223.3 217.6 211.3 207.7 200.3 196.6 199.9 196.7 192.2 190.5 186.3 184.9 186.1 192.4 193.6 192.4 195.8 198.8 201.1 202.8 201.5
254 254 254.3 258.5 262.9 262.9 266.2 270.5 277.2 286 287.8 286.4 288.9 293.9 298.6 305.1 306.2 310.5 315.6 322 321.5 323.5 322.6 317.7 313.1 310.5 310.6 314.3 312.6 314.5 312.4 308.3 295.5 283.6 270.6 263.7 253.5 247.7 244.4 243.4 239.8 236.3 235.1 232.5 231.7 232.1 236.5 242 241.5 246.1 249.5 251.2 251.1 249.7 242.5 238 231.4 224.2 216.6 210.2 207.2 209.4 208.2 207.4 202.3 199.2 195.7 190.9 190.4 194.3 198.3 198.3 199.9 202.4 204.3 208.1 208.6 209.5
271.7 272 275.6 281.2 282.1 287.1 295.4 296.8 298.2 301.8 305.3 307.6 313.6 319.6 324.3 327.1 330.7 334.5 335.1 336.4 339.8 339.8 340.2 337.2 336 333.1 334.1 335.9 331.7 334.1 338.5 332.4 310.4 294.3 283 272.9 262.4 252.7 246.8 243.2 240.5 236.7 236.7 239.5 236.8 236.4 238.5 245.4 250.6 250.2 249.3 249.9 249.3 245.8 238.3 233.3 225 225.6 221.9 218.6 215.3 214.5 214.5 211.9 207.7 202.8 198.9 198.4 197.3 200.3 200.3 203.9 202.3 211.2 210.1 213.7 216.7 216.8
288.9 293.9 302.5 304 306.9 314 319.7 318.8 328 322.3 322.5 330.6 334.9 337.3 343.8 346.1 350.2 355 361.5 364.8 361.2 360.1 358.9 360.6 356.4 352.2 347 340.7 334.6 327.3 325.6 326.7 320.1 305.4 287.4 274.1 264.1 257.9 251.6 248.1 243.6 241.7 242.3 241.7 245.5 244.8 244.1 254.7 253.7 252.4 248.4 244.6 241.2 238.3 234.5 233.5 233.7 230.6 227.1 224.1 221.2 219.2 216.7 214 210.9 208 208.6 208.6 207.8 210.8 211 215.3 215 218.4 217.2 220.2 226.3 223.5
314.5 319 330.7 335.3 335.1 338.3 340.8 342.6 347.2 346.1 341.2 341.1 343.7 343.7 344.7 346.4 347.5 348.2 352.5 358.8 358.8 356.2 351.8 348.3 342.7 339.1 330.6 322.4 314.5 306.5 301.3 300.3 294.4 289.3 283.5 274.4 264 256.4 251.1 247.7 245.5 245.4 246.1 248.1 252.8 254 252 256.5 257.8 256.1 255.2 251.5 247.8 245.3 243.3 237.3 235.2 233.5 229.4 226.9 226.9 223.7 220 219.1 219.7 215.3 221.6 220.7 220.1 222.9 221.1 222.5 221.3 223.8 224.7 226.8 229 232.8
343 344.8 353.3 356.1 354.8 354.1 353.3 357.5 358.3 359.3 356 355.6 356.3 356.5 355.2 351.4 347.8 343.9 343 344.2 342.1 340.6 338.4 335.8 331.2 326.1 319.7 313.4 306.8 302.5 293.7 289.2 283.2 277.4 272.8 266.4 262.2 258 254.2 254.3 253.3 250.3 254.7 256 258 258.5 260.9 257.9 260.2 260.1 259.7 258.5 258 259.4 255.1 246.5 238.7 237 234.9 232.5 233.1 230.2 228.7 226.1 225.7 224.3 227.5 231.3 230.5 230.5 228.9 227.5 227 230.8 232.8 235.5 238.2 236.9
372.9 376.4 382.4 384.3 382.3 376 381.9 387.4 391.4 388.5 383.5 378.1 384.2 387.5 381.7 374.2 359.1 341.8 337.5 335.1 335 333 329.9 331 326.8 324.5 322 320.4 311.2 306.2 299.1 293.4 287 280.3 277.3 274.2 270.8 262.9 260.6 259.2 254.8 259.5 263 267.6 269.8 272.2 266.3 263.5 262.7 266.1 265.7 267.3 268.1 270.8 263.4 253.7 249.7 245.5 241 238.9 238.5 238 236.3 236.8 234.2 234.5 235.3 238.6 240.3 238.7 234.1 230.8 234.4 238.8 240.7 243.4 248.8 246.6
396.4 398.4 401.1 403.9 404.2 402.2 416.6 426.3 430.3 429.7 422.6 391.5 389.8 388.7 387.5 378.5 370.9 356.9 338.9 337.6 336 336.3 336.2 336.6 335 334.2 333.9 331 326.5 317.5 311.2 304.1 297.7 293.2 290.5 286 280.9 275.4 271.4 267.5 262.1 266.5 270.9 273.9 274.5 276.2 272.3 270.8 270.4 270.5 268.8 271.5 272.2 270.3 266.5 260.4 254.3 256.8 248.6 246.6 246.2 245.3 242.5 243.2 242.2 243.4 244.7 245.3 245.6 244 236.6 238.8 244.3 247.8 249 252.7 255 257.5
407.7 410.6 414.1 421.9 422.5 439 445.3 448 452.6 448.9 441 425.4 406.4 388.4 382.2 375.4 373.4 360.3 353.1 350.6 350.7 352.9 358 357.4 357.8 359.5 353.6 352 342.5 335 322.8 314.3 306.8 301.7 298.5 294.4 291.5 286.9 281.9 273.1 265.3 273.4 277.1 281.3 280.9 281.3 277.2 278.4 279.2 278.8 275.3 274.5 271.7 267.5 264.6 258.6 254.5 251.7 249.7 252.7 252.4 251.4 249 249.2 249.9 249.1 251.9 253.5 249.7 247.9 246.5 249.2 251.1 254 256.9 259.3 263.5 266.1
429.5 435.1 431 430.8 433.4 441.1 446.2 446.3 445.6 444.5 442.3 437.9 424.4 408.2 394.9 385.3 381.6 377.6 370 367.6 371.8 373.8 378.1 381.2 379.6 379.9 374 367.3 361.3 349.2 339.4 326.3 317.6 315.6 306.6 304 303.1 296 288.6 284.5 278.2 286.2 289 292.3 292 289.4 286.3 285.8 284.5 282.7 280.7 276.3 276.6 271.8 268.2 265.7 260.8 257.9 258.4 259 259.4 259.7 256.2 254.5 255.7 257.7 258.2 260.1 259.3 257.7 257.4 259.6 261.1 263.6 266.9 269.9 273.6 274.7
441.3 448.9 450 454.2 457.8 462.8 467.6 465 457.8 451.5 449.6 452.9 448 437.6 429.2 411.6 400.3 396.3 387.7 387.2 387.4 389.8 390.1 390.3 388.4 388.9 387.2 380.1 371.6 364.5 353.6 338.5 330.4 324.2 320.3 317 313.6 310.4 303.2 296.3 292.5 292.6 298.9 299.9 297.5 298.3 296 294.4 290.7 288 284.4 283.3 280.6 279.1 275.2 273.7 272.8 272.4 271.9 272.1 268.8 265.9 263.4 260.4 264.1 267.4 268.9 271.2 267.8 269.4 272.6 274.9 276.2 280.4 282.8 285 286.6 286.8
461.4 468.7 469.9 480 478.2 478.1 479.7 482.2 478.2 470.5 467.4 467 461.2 454 451.6 441.8 425.2 417.4 408.8 404.6 404.3 404.9 404.2 402.4 400.4 402.5 402.4 395.1 383.8 376.2 362.9 348.6 338.1 332.6 330.1 330.9 329.4 323 314.6 308 302.8 305.9 305.2 307.2 310.2 309.2 304.6 301 298.9 295.8 293.6 291 291.3 289.7 288.5 286.7 286 286.4 287 285 278.2 276.7 274.4 270.6 274.8 277.8 278.4 279.2 280.3 282.1 282.6 289.5 293.7 295.6 295.7 295.4 298.5 299.1
485.6 485.5 495.1 499.8 500.8 496.8 496.5 503 505.4 490.6 491.9 490.1 474.3 467.6 460.9 453.6 451.6 442.7 432.5 429.9 421.4 419.4 416.8 414.2 414.1 413.4 417.7 415.4 405.5 398.3 382.3 360.9 350.4 341.6 337.4 340.1 343.4 337.4 330.5 321.2 309.8 309.3 309.8 316.4 317.5 313 309.7 307.6 304.5 304.6 304.1 302.2 303.3 305.3 303.7 301.3 299.8 300.9 301.9 299.1 291.7 288.6 287.2 287.2 286.9 288.1 288.1 287.9 290.7 295.5 297.5 300.8 304.3 306 306.3 310.1 314.2 314.1
495.1 502.6 527.6 539.7 547.9 541 533.3 530 525.4 514.7 517 509.7 490.2 480 473.1 464.9 464.9 460.9 453.8 452.4 444.7 439.9 435.1 430.4 425.2 423.6 422.2 420.8 412.3 404.5 399.2 376.6 362.7 348.9 342.5 342.8 340.6 338.5 329 318 319.8 319.3 317 320 318.8 317.8 318.4 315.5 315.4 317.9 313.7 313.5 314.4 313.4 313.9 312.7 315.6 316.8 314.4 311.6 306.5 303.1 300.3 299.6 300.1 296.1 297 299.3 301.4 306.6 310.7 311 314.3 319 322 325.3 328.1 329.2
501 508.8 531.4 543.4 555.5 559.8 554.9 544.4 531.1 513.5 508.9 506.9 503.9 506 496.9 497.2 499.8 507.2 496.6 490.6 489.4 478.4 471.4 455.3 457.2 438.6 430.1 418.5 407.5 396.8 387.5 377.8 364.9 355 346.7 344.6 340.7 336.8 333.1 329 328.2 326.7 327.5 327.7 321.8 323.9 325.2 325.3 327 328.4 325.2 326.4 326.4 324.9 328.2 328.2 329.2 330.6 326.8 323.5 320.6 318 315.2 314.2 314.1 311.7 309.6 308.8 313.1 317 322 324.8 327 332.7 335.3 338 339.8 341.9
498.9 508.6 526.8 538.1 545.2 557.5 563.3 557.2 541.2 520.9 530.3 535.9 536.2 532.9 527.9 524.9 524.4 523.1 518.8 516.3 511 506.1 497.8 489.3 482.5 476.5 456.7 435.6 419.8 406.5 388 372.6 363.8 356.2 349.6 346.6 343.3 340.4 339 334.9 333.3 329.2 332.7 332.2 332 330.2 330.6 331 331.7 333.2 336.7 340.3 338.7 339.4 341.2 342 342.3 342.1 339.8 335.9 333.7 333.2 331.4 330.6 328.3 326.7 323.8 322.9 325.6 330.1 333.3 337.5 339.7 344.1 350.8 353.5 355.8 358.2
500 509.1 519.1 528.9 537 546.2 552.4 550.1 549 544.1 541.7 544.6 542.7 541.8 539.5 537.6 539.5 536.8 532.7 530.7 528.5 526.5 517.5 506.4 497.9 486.9 476.3 460.3 435.2 416.5 397.9 381 370.7 362 358.4 354.2 350.3 351.3 351.3 349.5 338.2 340.7 340 337.1 341.6 338.9 338.2 338.9 337.9 340.5 344.8 349.3 349.1 352.1 353.5 353.2 354.2 354.5 353.6 353 351.6 354.3 352 349.7 345.8 344.8 341.5 337.6 339.3 341.8 346.4 348.9 352.1 356.3 363.1 368.2 371.1 373.2
505.8 513.7 521.5 529.2 537.5 544 545.5 548.3 547.9 548.9 550.3 551.6 552.3 548.9 551.1 553.2 552 546.3 543.5 538.1 535.5 528 522.8 514.5 502.2 491.2 482.3 469.4 441.1 421.5 405.6 388.4 382.3 375.5 371.1 364.9 360.4 357.6 354 349 346 350.1 350.3 351.3 350.2 347.3 346.2 347 346.8 348.5 356.3 363.5 364.7 364.6 368.8 366.6 367.6 368.6 370.4 369.6 371.3 371.6 370.5 365.6 364.5 364 359.3 356.4 355.8 356.4 359.1 362.1 366.6 371.6 377 381.1 382.6 384.3
510.4 520.2 529 537.5 546.2 552.3 556 556.4 560.5 562.3 561.3 558.7 558 556.1 558.2 559.2 556.6 552.9 544.8 536.8 534.2 525.4 518.4 508.4 501.9 491.9 484.4 476 458.5 428.6 412.2 401.4 395.4 389 382 369.3 366.5 364.9 359.6 354.7 358.6 360 358.7 359.8 362.5 363.7 363.1 359.8 361.2 361.3 369.5 376 377.8 379.8 382.1 380.1 382 385.9 388.7 389.1 385.9 387.3 386 383.6 381.5 380.3 375.4 370.3 370.5 372.7 374.7 378.9 384.1 386.6 389.6 396.9 397.3 397.6
515.8 526.9 535.8 545.3 551.3 556.9 562 567.2 571.6 574.3 574.8 572.1 569.7 565.8 564.7 560.7 558.6 550.6 545.7 539.1 533.2 527.7 522.2 517.8 511.3 504.6 495 481.3 463.4 452.7 424.2 412.9 403.4 393.8 381.4 378.4 378 375.9 374.1 373.7 374.7 375.8 367.8 370.9 372.7 373.2 374.4 373.5 376.7 377.6 382 387.4 390.3 392 393.6 396.6 400.4 403.7 406.4 404.9 403.4 402.7 399 398.2 399.8 396.1 390.5 385.9 384 387.1 390.2 388.4 396.7 402.2 404.3 405.7 408.1 411.3
523.1 534.6 548.2 556.6 563.3 567 571.1 577.4 581 582.1 582.2 581.2 578.2 576.9 575 573.5 567.1 557.9 548.8 543.5 534.4 526.3 520.2 518.2 511.1 503.1 491.5 478.3 467.2 450 434.4 418.9 406.8 391.7 390.3 389.9 392 392.5 391 385.7 386 382.4 381.3 380.3 381.3 381 382.1 386.4 389.3 393.4 397.9 400.5 402.1 406.2 412 415.2 419.1 424.4 424.8 422.8 421.5 418.4 416.4 416.1 413.3 411.1 406.4 393.7 399.4 401.9 404.3 405 410 415.4 416.1 414.7 419.2 422.6
532.1 543.4 557.3 566 571.5 576.5 581.4 586.4 593 595.3 595.7 595.4 594.1 589.1 581.3 576.7 572.9 566.1 559.7 552 545 538.7 529 523 514.1 503.9 489.4 476.8 466.1 455.3 438.4 423.4 404.9 403.1 402.6 402.7 403.9 404.3 399.5 394.7 394.7 389 391.4 393 392.4 394.6 399.5 402.8 405.9 407.2 413.3 416 419.7 423.7 429 432.3 437.3 441.5 442.1 441.7 439.5 439.2 441.4 440.5 431.5 424.8 419.6 413.9 412.5 414.6 414.4 415.7 416.1 428.1 428.8 428.3 431 434.5
543.7 554.3 565.1 577.5 585.8 590.7 595.1 600.2 605.6 607.1 607.1 606.5 604.3 598.3 594.5 586.4 580.3 575.1 570.2 565.5 554.6 547.8 536.2 525.3 513.2 499.8 487.3 475.7 464.4 450.8 438.1 430.1 419.6 416.7 416.7 416.1 414.2 410.8 401.5 405.8 402.2 401.8 403.7 404 405.6 407.1 411.3 416.3 420.7 423.8 428.6 432.4 436.9 441.3 446.2 451.7 454.4 455.9 456.4 455.9 454.6 456.3 454.1 449.4 444.5 436.6 430.8 426.7 428.6 427.4 427 425.7 423.5 434.9 438.9 443 446.4 452.4
559 565.4 575.8 586.5 596.1 600.6 608.1 615.3 619.4 621.2 620.9 618.7 615.8 609.8 603.9 598.7 592.3 590.3 589.5 585.8 576 564.3 549.2 523.7 511.7 494.9 479.1 471.1 455.7 446.1 438.1 434.1 428.9 427.9 426.9 425.1 418.6 414.5 415.3 415.5 407.8 411.4 413.2 414.3 416.5 422 424.4 430.4 433.2 438.7 444.4 450.3 454.4 459.4 463.3 465.7 465.9 467.7 466 465.9 467.6 461.9 457.6 452.3 449.6 445.5 439.5 437.9 438.7 436.4 438.2 439.2 438 441.7 450.8 456.6 464 467.2
571 580.9 588 600.9 607.5 617.1 622.8 628.8 633.1 638.6 636.9 636.9 632.9 627.6 625 622.3 612.6 604.7 594.8 584.8 577 568.4 563.1 545.2 526.3 503.9 484.4 467.6 454.5 444.7 440.8 438.8 437.2 437.9 436.1 428 424.8 425.8 424 422.2 421.1 422.5 425.4 426.2 430.8 433.8 438.1 443.3 449.1 453.2 459.4 467.1 470.7 475.4 476.8 478.5 479.7 480.4 477.3 474.7 470.9 466.8 462.8 459.9 457 453.1 450 444.5 449.6 447.3 447.8 452.2 453.6 452.8 459.5 465.9 472 477.9
