WholeMapElevations/data/nh/nh41_OST50GRID_20230518/NH41.asc
ncols 200
nrows 200
xllcorner 240000
yllcorner 810000
cellsize 50
[rows 70 to 104 of 200, columns 0 to 79 of 200]
332.5 336.6 338.3 346.6 348.1 354.5 359.3 354.4 349.6 345.5 349.7 349.1 344 339.8 322.5 289.7 260.6 235.8 220.4 209.5 201.6 193.2 192.4 179.5 164.9 157 150 144.2 136.7 125.1 117.1 107.9 99 84.4 70 58.5 54.5 49.7 45.7 39.7 29 27.1 37.8 41.4 42.2 39.8 38.9 39.7 38.8 35.6 34.5 33.1 31.8 32.2 39.8 42.5 43.5 42.4 40.3 35.9 32.7 30.4 28.5 25.7 20.6 17.8 15.3 15.3 15.3 15.3 15.3 15.3 15.3 15.3 15.3 15.3 15.3 15.3 15.3 15.3
345.2 351.2 349.1 358.9 357 359.8 362.6 362.9 360.8 358.8 353.5 352.5 349.9 346.2 344.3 323.5 292.1 264.6 245 231.9 221.4 214.9 206.1 197.6 186.3 175.5 169 162.8 153.9 144.4 133.9 122.6 116.4 102.5 85.8 71.5 61.4 55.8 52.1 47.4 40.2 27.3 19.3 23.1 32.1 34.7 35.5 37.3 34.7 33 32.4 32.1 31.3 30.9 26.9 27.9 29.9 31.4 30 27.9 25.1 23.7 18.7 18.2 15.8 15.3 15.3 15.3 15.3 15.3 15.3 15.3 15.3 15.3 15.3 15.3 15.3 15.3 15.3 15.3
372 377 372.8 371 364.2 364.6 369 366.6 367.7 366.2 362.9 362 362.9 358 362.6 367 355.1 302.9 270.7 253.9 238.5 229.1 222.1 211.3 203.1 198.3 190.3 180.4 169.5 160.4 147.8 136.6 126.8 115.3 99.8 87.1 74.6 64.4 59.2 54 47.6 42.9 34.4 23.9 16.6 22.7 28 32.6 31.1 28.6 25.3 22.1 23.6 20.5 19.6 22.1 23.2 22.3 22.3 19.1 16.5 15.7 15.7 15.3 15.3 15.3 15.3 15.3 15.3 15.3 15.3 15.3 15.3 15.3 15.3 15.3 15.3 15.3 15.3 15.3
396.7 396 384.7 378 368 370 370 367.6 371 371.9 370.7 370.2 371 365.7 366.8 370.5 368.1 344.5 302 279.7 262.7 250.6 239.8 230.9 223.1 216.9 207.7 197.6 187.2 174.3 160.3 147.9 138 123.4 114 104.8 90.4 76.2 67.1 61.8 56.7 50.9 46.5 44.2 39.3 23.1 16.9 19.6 21.8 21.5 20.9 20.7 19.2 19 19.8 18.9 18.9 18.2 17.6 17 16 16 15.9 15.3 15.3 15.3 15.3 15.3 15.3 15.3 15.3 15.3 15.3 15.3 15.3 15.3 15.3 15.3 15.3 15.3
404.5 398.3 388.1 375.4 368.2 368.7 368.6 370.8 375 376.5 376 376.2 374.7 370.8 368.5 369 365.2 356.8 343.4 346 291.5 272.9 260 253.3 244.6 234.6 225.9 216.4 205.2 192.1 179.4 166.7 153.6 140.4 130.5 119.4 108.3 92.3 80.8 73.7 67.1 61.3 54.5 51.9 45 39.6 25.5 20.8 17.1 19.4 20.7 20.2 20.6 20.2 19.5 18.4 17.6 15.3 16.5 16.1 15.3 15.3 15.3 15.3 15.3 15.3 15.3 15.3 15.3 15.3 15.3 15.3 15.3 15.3 15.3 15.3 15.3 15.3 15.3 15.3
403.2 395.1 388.1 376 373.4 370.5 372.8 379.3 381.2 381.5 382.8 381.8 382.6 382.1 371.4 369.7 368.7 363.3 368.8 373.5 359.3 299.9 280.7 274.2 262.5 251.2 244 236.2 225.6 214.7 202.7 188.8 176.7 167.8 151.8 134.9 123.5 110.2 98.4 86.7 78.6 70.2 64.6 58.1 48 42.2 33.9 26.8 19.6 17.1 17.4 18.6 18.9 18.4 17.9 17.3 17.1 15.3 15.3 15.3 15.3 15.3 15.3 15.3 15.3 15.3 15.3 15.3 15.3 15.3 15.3 15.3 15.3 15.3 15.3 15.3 15.3 15.3 15.3 15.3
404.2 396.5 391 383.8 380.3 380.4 383.5 386.2 388 386.6 389 394 394.6 388.9 379.8 380.8 376.9 381.6 386.2 387.4 380.7 341.3 305.7 296.7 280.7 267.8 262.6 255.9 248 239.8 226 217.2 202.8 190.5 177 162.4 147.7 131.2 116.1 104.3 92.6 79.4 69.5 60.4 49.4 43.7 37.8 33.3 32.2 20.4 17.1 17.1 17.1 17.1 17.1 17.1 17.1 16.7 15.3 15.3 15.3 15.3 15.3 15.3 15.3 15.3 15.3 15.3 15.3 15.3 15.3 15.3 15.3 15.3 15.3 15.3 15.3 15.3 15.3 15.3
405.9 401.8 400.1 394.5 387.6 391.7 391.8 392.8 394.7 392.5 393.9 399.3 401.1 397.2 395.8 393.9 391.6 403.3 400.4 404.3 400.2 378.9 340.9 319.6 304.5 292.5 288.1 280.7 274.2 263.1 249.4 244.4 231.1 214.6 203.2 191.3 178.1 163.8 145 126.7 109.4 93.4 78.5 65.5 53.9 45.5 39.9 34.1 32.7 32.4 28.2 19.9 17.1 17.1 17.4 22.6 19.9 15.3 15.3 15.3 15.3 15.3 15.3 15.3 15.3 15.3 15.3 15.3 15.3 15.3 15.3 15.3 15.3 15.3 15.3 15.3 15.3 15.3 15.3 15.3
409 408.6 408.4 399.7 399.8 401.8 401.3 399.9 400.8 399.1 399.5 401.3 406.5 409.6 405.5 409.2 412.2 414.4 413.6 414.6 413 411.1 401.8 360.1 331.9 323 318.6 312.7 305.4 297.7 279.1 268.6 254.5 240.6 230.5 217.7 204.3 190.7 172.8 157.5 131.3 105 87.8 73.4 60.3 52.4 45.7 37.8 32.5 32.6 32.4 31.8 31.3 30.4 28.4 17.5 15.3 15.3 15.3 15.3 15.3 15.3 15.3 15.3 15.3 15.3 15.3 15.3 15.3 15.3 15.3 15.3 15.3 15.3 15.3 15.3 15.3 15.3 15.3 15.3
409.5 411.1 411.6 405.5 407 408.8 409 408.6 407.3 403.8 404.3 410.6 419.3 417.8 420.5 423 422.9 424.7 425.6 426.6 419.9 417.8 415.7 406 383.2 381.9 386.9 356.6 332 321.3 312.1 301.9 282.8 265.6 257.9 244.7 232.2 216.7 197.7 178.2 149.7 123.9 99 82.5 71.1 64.9 58.5 54.1 36.7 32 31.6 30.9 30 23.9 18.7 15.7 15.3 15.3 15.3 15.3 15.3 15.3 15.3 15.3 15.3 15.3 15.3 15.3 15.3 15.3 15.3 15.3 15.3 15.3 15.3 15.3 15.3 15.3 15.3 15.3
417.1 414.7 414.9 414.8 415.5 415.3 413.4 413.4 415.3 410.5 411.9 418.7 430 429.3 431.5 433.6 431.3 433.7 435.2 434.3 428.5 427.8 426.2 416.3 406.2 407.8 417.8 410.4 368.7 345.9 335.2 323.3 306.5 292.3 281.7 265.8 253.5 237.8 221.2 200.9 172.2 144.8 116.6 92.2 80.4 74.2 73.9 64.8 45.2 32.9 30.6 30.3 21.6 18.5 17.1 15.3 15.3 15.3 15.3 15.3 15.3 15.3 15.3 15.3 15.3 15.3 15.3 15.3 15.3 15.3 15.3 15.3 15.3 15.3 15.3 15.3 15.3 15.3 15.3 15.3
420.1 419.2 420.6 422.9 421.7 421.5 420.1 422.9 421.8 419.9 422.3 424.6 428.4 429 433.6 437.6 437.3 440.5 443.7 444.1 436.6 435 431.4 424.8 419.1 418 424.3 423.2 411.2 379.7 359.4 348 335.4 320.8 307 288.8 271.1 255.3 235.7 217.6 186 159 127.9 103.2 87.2 78.9 71.4 65.7 52.4 34.4 30.6 23.2 15.3 15.3 15.3 15.3 15.3 15.3 15.3 15.3 15.3 15.3 15.3 15.3 15.3 15.3 15.3 15.3 15.3 15.3 15.3 15.3 15.3 15.3 15.3 15.3 15.3 15.3 15.3 15.3
425.1 424.3 429.5 429.9 426 428.9 430.6 432 430.6 429.3 430.6 430 433.8 438.4 443.6 448.5 450.9 452.1 453.5 452.5 445.8 446 447 439.2 433.1 432.4 439.8 442.5 438.6 426.1 404.9 382 379.1 370.7 342.8 315.4 299.3 277.8 256.4 231.3 195.9 163.2 134.3 106.2 89.3 77.6 66.4 60.1 52.5 34.5 30.1 15.3 15.3 15.3 15.3 15.3 15.3 15.3 15.3 15.3 15.3 15.3 15.3 15.3 15.3 15.3 15.3 15.3 15.3 15.3 15.3 15.3 15.3 15.3 15.3 15.3 15.3 15.3 15.3 15.3
429.7 428.9 433.5 437.6 437.9 439.2 439.3 440.8 438.2 436.4 435.6 434.6 438.6 445.3 451.4 454 460.4 463 462.3 460.1 452.8 456.3 463.8 459.4 450.1 445.1 448.9 454.7 458.1 453.9 438.3 423.8 425.3 423.5 400.3 366.5 329.2 297 266.6 237.2 201.6 165.8 135.7 109.7 93.5 84.5 72 59.2 46.2 33.8 23.6 15.3 15.3 15.3 15.3 15.3 15.3 15.3 15.3 15.3 15.3 15.3 15.3 15.3 15.3 15.3 15.3 15.3 15.3 15.3 15.3 15.3 15.3 15.3 15.3 15.3 15.3 15.3 15.3 15.3
435.7 434.9 438.4 439.1 439.7 439 440.1 444.6 443 441.4 439.4 438.2 443.4 451.1 462.3 473.1 470.7 468.4 465.2 459.2 456.9 459.1 460.8 459.9 454 452.3 460 465.4 469.4 467.7 461.4 448.8 436.4 432.9 428.4 408.6 353.4 308.2 273.6 242.3 208 166.9 145.5 114.8 102.1 94 80.7 66.3 49.9 34.9 25.1 15.3 15.3 15.3 15.3 15.3 15.3 15.3 15.3 15.3 15.3 15.3 15.3 15.3 15.3 15.3 15.3 15.3 15.3 15.3 15.3 15.3 15.3 15.3 15.3 15.3 15.3 15.3 15.3 15.3
439.9 440.4 440.4 439 440.9 445.2 451.3 451.7 447.6 446 444.9 448 453.7 468 482 482.6 478.1 470.6 462.4 457.5 456 456.7 456.3 455.8 451.3 458.4 467.2 471.1 470.9 465 456.8 447.9 443.1 440.2 436 417.9 348.1 308.1 274 240.8 205.6 172.3 151.1 125 111.1 100.7 86.3 70.5 53.2 39.8 25.2 15.4 15.3 15.3 15.3 15.3 15.3 15.3 15.3 15.3 15.3 15.3 15.3 15.3 15.3 15.3 15.3 15.3 15.3 15.3 15.3 15.3 15.3 15.3 15.3 15.3 15.3 15.3 15.3 15.3
440.7 440.9 441 439.2 442.5 448.3 448.9 449 447.9 448 453 458.3 467.4 483 487.8 485.6 480.1 472.3 460.4 456.3 453.9 452.6 450.6 450.4 452.4 458.2 470 468.6 461.3 455.4 449 444.3 442.9 437.7 430.1 406.8 345.7 309.8 274 243.6 212.6 183.8 156.1 133.6 117 102.2 88.6 71.7 56.3 41.2 28 15.3 15.3 15.3 15.3 15.3 15.3 15.3 15.3 15.3 15.3 15.3 15.3 15.3 15.3 15.3 15.3 15.3 15.3 15.3 15.3 15.3 15.3 15.3 15.3 15.3 15.3 15.3 15.3 15.3
445 443.7 441.8 440.3 444.2 448 449.3 448.8 449.1 455.7 455.2 465.9 476.4 486.3 487.1 485.1 478.8 471.6 456 453.2 452.6 450.7 447.7 447.6 450 454.9 456.8 453.4 450.4 446.7 442.5 440.5 436.5 430.7 420.5 396.1 345.6 313.4 279.3 251.9 217 185.5 159.7 138.8 120.9 108.7 98 78.4 57.7 39.8 26.1 15.3 15.3 15.3 15.3 15.3 15.3 15.3 15.3 15.3 15.3 15.3 15.3 15.3 15.3 15.3 15.3 15.3 15.3 15.3 15.3 15.3 15.3 15.3 15.3 15.3 15.3 15.3 15.3 15.3
444.8 443.6 441.7 442.8 447.5 450.5 451 448.8 449.7 452 457.4 469.5 479.4 483.2 482.8 478.6 474.1 460.9 449.7 448.5 448.5 445.8 442.7 444.3 445.4 446.7 445.3 443.1 439.1 435.9 433.4 430.5 426.9 421.9 408.8 390.2 345.4 311.9 286.4 259.2 227.8 197.6 165.6 145.3 124.6 109.3 97.4 80.8 60 38.7 24.4 15.3 15.3 15.3 15.3 15.3 15.3 15.3 15.3 15.3 15.3 15.3 15.3 15.3 15.3 15.3 15.3 15.3 15.3 15.3 15.3 15.3 15.3 15.3 15.3 15.3 15.3 15.3 15.3 15.3
442 441.3 440.7 442.2 447.8 455.7 454.6 449.6 451.2 448.8 456.8 467.9 476.6 479.2 476.1 469.5 463.5 450.9 443.7 442.5 440 439.1 436.6 436.7 437.2 436.8 436.6 436.2 431.5 427.5 423.9 420.6 416.8 410.4 401.6 387.8 341.2 309.1 286.5 263.5 241.3 199.9 164.7 145 128.2 112.7 96.2 81.6 58.1 37.7 23.4 15.3 15.3 15.3 15.3 15.3 15.3 15.3 15.3 15.3 15.3 15.3 15.3 15.3 15.3 15.3 15.3 15.3 15.3 15.3 15.3 15.3 15.3 15.3 15.3 15.3 15.3 15.3 15.3 15.3
441.4 439.4 439.6 440.5 445.7 452.8 450.9 447.2 446 444.5 451.7 462.8 470.7 473.8 468.4 459.2 451.6 441.5 435.9 432.8 430.7 430.2 429.4 429 429.7 431 429.7 428 425.3 422.7 419.5 415.6 409.2 402.6 394.1 384.6 340.4 307.3 283.8 264.7 240.4 185.4 158.8 139.6 125.3 109.1 93.8 81.7 58.9 36.1 24.1 15.3 15.3 15.3 15.3 15.3 15.3 15.3 15.3 15.3 15.3 15.3 15.3 15.3 15.3 15.3 15.3 15.3 15.3 15.3 15.3 15.3 15.3 15.3 15.3 15.3 15.3 15.3 15.3 15.3
439.7 438.7 439.1 438.1 438.9 441.2 444.7 441.7 440.3 443.2 449 457.6 465.8 468.4 458 445.6 438.8 432.9 428.6 424.5 423 422.5 422 422.4 424.2 424.3 422.3 421 421.2 418.2 415.2 409.6 402.5 395.6 386.3 374.8 334.8 301.2 275.9 254.9 225.4 178.4 155.1 137.9 124.7 103.4 87.7 74.4 55.7 36.4 25.6 15.8 15.3 15.3 15.3 15.3 15.3 15.3 15.3 15.3 15.3 15.3 15.3 15.3 15.3 15.3 15.3 15.3 15.3 15.3 15.3 15.3 15.3 15.3 15.3 15.3 15.3 15.3 15.3 15.3
439.1 439.6 437.7 435.1 434.8 434.2 435.9 436.1 438.8 441.1 446.1 452.6 460.1 453.6 442.5 431.9 426.5 423.1 419.2 416.7 416 415.4 415.2 416.5 418.5 415.7 414.3 412.7 413.3 413 413.7 405.2 391.9 383.8 376.8 364.1 337.3 295.3 265.5 237.4 204.1 172.8 153.3 136.2 116.3 96.9 80.7 66.2 48.6 36.8 26.3 16.8 15.3 15.3 15.3 15.3 15.3 15.3 15.3 15.3 15.3 15.3 15.3 15.3 15.3 15.3 15.3 15.3 15.3 15.3 15.3 15.3 15.3 15.3 15.3 15.3 15.3 15.3 15.3 15.3
439.9 438.9 437.5 433 430.8 429.3 430.1 435.2 436.8 437.7 441.7 444.4 444.4 437.9 428.5 420.8 419.1 416 413.7 410.9 409.7 409.1 408.9 408.9 410.4 406.8 405.2 404.6 405.5 407.5 403.5 391.3 380.5 373.2 363.8 350.2 321.6 285.2 257.4 227.8 190.7 161.3 144 126.7 107.8 90.7 73.6 58.5 46.2 35.1 24.8 15.6 15.3 15.3 15.3 15.3 15.3 15.3 15.3 15.3 15.3 15.3 15.3 15.3 15.3 15.3 15.3 15.3 15.3 15.3 15.3 15.3 15.3 15.3 15.3 15.3 15.3 15.3 15.3 15.3
438.5 437.6 436.1 434 428.2 426.2 427.2 430.8 434.5 434.5 434.6 435.5 432.9 428.1 421.3 416.5 413.7 411.3 409 406.2 403.5 402.7 402.6 402.1 400.5 397.8 395.2 396.3 398.3 401.8 393.5 380.8 371.8 362 347.7 334.6 306.3 277.6 249 223.1 185.8 150.5 129.3 113.9 98 81.7 67.4 56.7 44.8 33.3 22.5 15.3 15.3 15.3 15.3 15.3 15.3 15.3 15.3 15.3 15.3 15.3 15.3 15.3 15.3 15.3 15.3 15.3 15.3 15.3 15.3 15.3 15.3 15.3 15.3 15.3 15.3 15.3 15.3 15.3
435.2 435.1 433.8 432.8 428.9 424 426.5 429.2 431 430.9 429.7 427.8 424.9 421.2 416.3 411.4 407.7 405 403.5 400.4 398.2 396.9 393.5 391.5 390.1 388.4 385.8 386.4 387.9 389.4 384.3 375.7 364.6 350.8 332.8 316.4 294 265.4 239.2 220.8 175.1 140.1 120.5 103.2 90.4 76.6 64.4 54.7 42.7 30.6 20.7 15.3 15.3 15.3 15.3 15.3 15.3 15.3 15.3 15.3 15.3 15.3 15.3 15.3 15.3 15.3 15.3 15.3 15.3 15.3 15.3 15.3 15.3 15.3 15.3 15.3 15.3 15.3 15.3 15.3
431.7 432 431.7 430.8 426 422.5 423.8 425.1 426 426.3 425.2 423.1 420.9 415.9 411.1 406.3 402.4 398.7 397.6 394.1 391.4 388.7 384.8 381.1 380.5 376.8 375.5 376 374.3 373 375.6 368.3 355.4 336.4 319.6 303.2 275 252.1 233.2 204.2 164.8 126.9 105.7 94.4 82.6 72.7 60.8 51 39.7 27.4 15.3 15.3 15.3 15.3 15.3 15.3 15.3 15.3 15.3 15.3 15.3 15.3 15.3 15.3 15.3 15.3 15.3 15.3 15.3 15.3 15.3 15.3 15.3 15.3 15.3 15.3 15.3 15.3 15.3 15.3
425.8 428.1 428.9 425.5 420.9 420.1 420.8 420.9 420.8 420.3 420.6 417.8 414.5 409.8 405.2 399.9 395.6 391.4 389.1 386.6 383.9 381.9 378.6 374.4 370.7 366.6 364.7 362.9 361 359.4 358.6 348.8 336.1 320.2 305.7 279.3 258.8 251.1 236.8 195.4 148.7 114.2 96.7 86.2 76.7 67.3 56.9 46.1 34.9 24.1 15.3 15.3 15.3 15.3 15.3 15.3 15.3 15.3 15.3 15.3 15.3 15.3 15.3 15.3 15.3 15.3 15.3 15.3 15.3 15.3 15.3 15.3 15.3 15.3 15.3 15.3 15.3 15.3 15.3 15.3
418.6 420.7 421.3 417.6 416.9 417.4 416.8 416.4 416.2 415.5 413.6 411.5 407.6 403.8 398.8 392.5 389.6 385.7 381.6 378.6 376.9 375.5 372.3 369.7 366.1 360.6 356.8 355.1 351.6 349.7 341.9 327.5 313.8 302 285.1 261.3 250.8 240.7 212.6 165 127.3 104.7 90.6 78.4 67.8 59.7 51.7 42.5 29.9 22.7 15.3 15.3 15.3 15.3 15.3 15.3 15.3 15.3 15.3 15.3 15.3 15.3 15.3 15.3 15.3 15.3 15.3 15.3 15.3 15.3 15.3 15.3 15.3 15.3 15.3 15.3 15.3 15.3 15.3 15.3
408.9 412.6 413 414.1 413.3 413.5 412.8 412.2 411.6 409.7 407.3 403.6 399.9 395.4 390.6 384.2 381.4 378.3 374.8 372.5 370.6 368 366.3 363.8 360.6 355.5 349.3 345.7 342.4 336.8 325.9 317.3 298.9 284.2 267.5 253 237.2 213.4 178.7 140.8 114 99.4 85.3 72.7 62.2 52.6 48.7 35.7 25.1 19.1 15.3 15.3 15.3 15.3 15.3 15.3 15.3 15.3 15.3 15.3 15.3 15.3 15.3 15.3 15.3 15.3 15.3 15.3 15.3 15.3 15.3 15.3 15.3 15.3 15.3 15.3 15.3 15.3 15.3 15.3
406.1 408.6 410.4 411 410.1 409.4 408.9 408.1 406.6 403.9 399.9 395.6 390.2 384.9 380.3 376 374.1 370.7 366.6 363.9 362.1 358.9 359.7 356.6 354.9 350.8 345.7 343.7 333.4 323.2 311.1 297.4 286.5 263.3 252 245.2 224.6 192.4 158 130.9 111 92.3 74.4 63.4 52.4 43.3 35.8 28.9 20.2 15.3 15.3 15.3 15.3 15.3 15.3 15.3 15.3 15.3 15.3 15.3 15.3 15.3 15.3 15.3 15.3 15.3 15.3 15.3 15.3 15.3 15.3 15.3 15.3 15.3 15.3 15.3 15.3 15.3 15.3 15.3
405.3 407 407.9 407.6 406.4 401.7 404.5 403.2 401 396.5 389.8 384.7 379.7 375.5 371.7 368.5 366 362 357.6 351.7 351.8 350.2 348.1 345.5 346.1 345.4 343 334.8 334.6 324.5 299.3 278.5 263.4 250.5 247.4 235.2 207.8 183.6 150.2 122.7 104.8 85.7 70.3 58.9 47.5 37.4 30.3 21.3 15.3 15.3 15.3 15.3 15.3 15.3 15.3 15.3 15.3 15.3 15.3 15.3 15.3 15.3 15.3 15.3 15.3 15.3 15.3 15.3 15.3 15.3 15.3 15.3 15.3 15.3 15.3 15.3 15.3 15.3 15.3 15.3
403.9 404.8 405.3 404.8 402.8 391.8 399.2 397.1 392.2 385.8 379.1 374.3 369.1 365.7 363.7 361.1 355.7 353 349.5 345.5 342.4 340.8 339.6 336.5 336.8 335.3 331.5 325.5 321.8 309 285.6 266.4 250 243.9 235.4 221.9 203.1 175.5 138.2 115.3 96.5 77.2 64.8 54.9 43.1 32.6 25.6 19.2 15.3 15.3 15.3 15.3 15.3 15.3 15.3 15.3 15.3 15.3 15.3 15.3 15.3 15.3 15.3 15.3 15.3 15.3 15.3 15.3 15.3 15.3 15.3 15.3 15.3 15.3 15.3 15.3 15.3 15.3 15.3 15.3
401.8 402.5 402.1 400.2 398.2 394.9 392.8 387 379.9 374 369.1 364.3 360.4 357.8 354.3 349.8 346.4 345 342 339.9 335.6 332.4 331.7 329.8 324.8 325.1 317.1 313 306.2 282.1 268.3 255.8 236.8 233.2 218.2 204.3 189.2 153.3 127.9 107.4 89.2 69.1 59.6 50.1 39.2 29.2 20.3 15.3 15.3 15.3 15.3 15.3 15.3 15.3 15.3 15.3 15.3 15.3 15.3 15.3 15.3 15.3 15.3 15.3 15.3 15.3 15.3 15.3 15.3 15.3 15.3 15.3 15.3 15.3 15.3 15.3 15.3 15.3 15.3 15.3
399.4 399.3 398 394.6 392 388.3 376.7 374.1 367.9 362.9 358.9 354.6 350.6 347.9 345.1 341.7 339.3 340 336.3 332.4 328.7 322.8 322.4 321.3 317.2 311.3 299.7 292 284.9 262.7 253.9 242.3 227.5 223.2 207.1 188.8 159.9 138.9 116.5 98.6 81.1 65.2 55.3 45.4 35.3 22.9 16.5 15.3 15.3 15.3 15.3 15.3 15.3 15.3 15.3 15.3 15.3 15.3 15.3 15.3 15.3 15.3 15.3 15.3 15.3 15.3 15.3 15.3 15.3 15.3 15.3 15.3 15.3 15.3 15.3 15.3 15.3 15.3 15.3 24.8
