WholeMapElevations/data/nc/nc27_OST50GRID_20230518/NC27.asc
ncols 200
nrows 200
xllcorner 220000
yllcorner 970000
cellsize 50
[rows 114 to 151 of 200, columns 84 to 167 of 200]
-1.7 -1.7 -1.7 -1.7 -1.7 -1.7 -1.7 -1.7 -1.7 -1.7 -1.7 -1.7 -1.7 -1.7 -1.7 -1.7 -1.7 -1.7 -1.7 -1.7 -1.7 -1.7 61 68.2 75.8 83.8 90.3 96.3 101.2 102.1 105.7 114 117.6 119.3 122.7 129.3 134 140 144.4 149.8 154.3 156 149 130.5 34.3 16.7 44.7 2.4 -1.7 -1.7 23.2 -1.7 -1.7 -1.7 -1.7 -1.7 -1.7 -1.7 -1.7 -1.7 -1.7 -1.7 -1.7 -1.7 -1.7 -1.7 -1.7 -1.7 -1.7 -1.7 -1.7 -1.7 -1.7 -1.7 -1.7 -1.7 -1.7 -1.7 -1.7 -1.7 -1.7 -1.7 -1.7 -1.7
-1.7 -1.7 -1.7 -1.7 -1.7 -1.7 -1.7 -1.7 -1.7 -1.7 -1.7 -1.7 -1.7 -1.7 -1.7 -1.7 -1.7 -1.7 -1.7 -1.7 -1.7 -1.7 51.2 61.7 72.3 79.2 85.7 95.2 100.2 103.1 109.8 117.9 123 124.2 128.3 134 141.2 146 150.5 149.7 153.6 153 141.1 90.9 48.4 65.5 93.5 43.5 17.5 29.6 48.3 -1.7 -1.7 -1.7 -1.7 -1.7 -1.7 -1.7 -1.7 -1.7 -1.7 -1.7 -1.7 -1.7 -1.7 -1.7 -1.7 -1.7 -1.7 -1.7 -1.7 -1.7 -1.7 -1.7 -1.7 -1.7 -1.7 -1.7 -1.7 -1.7 -1.7 -1.7 -1.7 -1.7
-1.7 -1.7 -1.7 -1.7 -1.7 -1.7 -1.7 -1.7 -1.7 -1.7 -1.7 -1.7 -1.7 -1.7 -1.7 -1.7 -1.7 -1.7 -1.7 -1.7 32.2 54.3 63.2 64.7 71.6 80.6 88.3 95.5 99.2 106 114.4 120.2 126.5 128 133.2 140.7 146.8 151.8 156.3 155.7 153.3 148.4 136.4 121 93.3 106.1 100.5 82.6 77.5 72.6 17 -1.7 -1.7 -1.7 -1.7 -1.7 -1.7 -1.7 -1.7 -1.7 -1.7 -1.7 -1.7 -1.7 -1.7 -1.7 -1.7 -1.7 -1.7 -1.7 -1.7 -1.7 -1.7 -1.7 -1.7 -1.7 -1.7 -1.7 -1.7 -1.7 -1.7 -1.7 -1.7 -1.7
-1.7 -1.7 -1.7 -1.7 -1.7 -1.7 -1.7 -1.7 -1.7 -1.7 -1.7 -1.7 -1.7 -1.7 -1.7 -1.7 -1.7 -1.7 -1.7 -1.7 55 68 72.4 73.1 72 80.5 87.6 94.2 101.6 110 118.3 122.2 125.3 131 136.9 145.8 152.7 156.8 158.7 159.4 154.6 144 129.5 118.9 112 105.1 97.7 92.5 84 50.3 2.4 -1.7 -1.7 -1.7 4.2 -1.7 -1.7 -1.7 -1.7 -1.7 -1.7 -1.7 -1.7 -1.7 -1.7 -1.7 -1.7 -1.7 -1.7 -1.7 -1.7 -1.7 -1.7 -1.7 -1.7 -1.7 -1.7 -1.7 -1.7 -1.7 -1.7 -1.7 -1.7 -1.7
-1.7 -1.7 -1.7 -1.7 -1.7 -1.7 -1.7 -1.7 -1.7 -1.7 -1.7 -1.7 -1.7 -1.7 -1.7 -1.7 -1.7 -1.7 -1.7 50.4 66.9 77.5 81.2 76.5 73 79.3 87.2 93.5 103.3 112.6 117.5 120.8 125.8 133.9 143.2 151.5 157.2 158.6 161.4 161.2 154.9 140 126.5 117.5 109.1 102.2 94.4 89.5 82 56.9 0.2 -0.6 -1.7 30 46.6 43.3 -1.7 -1.7 -1.7 -1.7 -1.7 -1.7 -1.7 -1.7 -1.7 -1.7 -1.7 -1.7 -1.7 -1.7 -1.7 -1.7 -1.7 -1.7 -1.7 -1.7 -1.7 -1.7 -1.7 -1.7 -1.7 -1.7 -1.7 -1.7
-1.7 -1.7 -1.7 -1.7 -1.7 -1.7 -1.7 -1.7 -1.7 -1.7 -1.7 -1.7 -1.7 -1.7 -1.7 -1.7 -1.7 -1.7 -1.7 53.7 74 83.7 85.5 78.2 75.3 78.4 84.7 92.6 103.5 111.1 114.8 120 129 137.6 146.8 155.1 157.6 160.3 160.3 159.5 150.1 134.4 123.3 114.6 106.8 99.6 91.7 84.9 79.5 59.6 9.1 9.4 2.4 32.6 48.5 44.1 27.6 -1.7 -1.7 -1.7 -1.7 -1.7 -1.7 -1.7 -1.7 -1.7 -1.7 -1.7 -1.7 -1.7 -1.7 -1.7 -1.7 -1.7 -1.7 -1.7 -1.7 -1.7 -1.7 -1.7 -1.7 -1.7 -1.7 -1.7
-1.7 -1.7 -1.7 -1.7 -1.7 -1.7 -1.7 -1.7 -1.7 -1.7 -1.7 -1.7 -1.7 -1.7 -1.7 -1.7 -1.7 -1.7 44.9 65.3 77.8 85.5 86.7 78.9 75.7 77.5 82.7 92.5 102.3 107.2 112.5 122.7 131 140.1 145.8 151.8 158.2 159.4 160.1 152.7 141.6 128.9 117.9 110.9 105.4 98.2 93.2 85.3 78.6 64.1 65.4 40.1 37.5 41.2 44.8 36.4 23.8 12.2 -1.7 -1.7 -1.7 -1.7 -1.7 -1.7 -1.7 -1.7 -1.7 -1.7 -1.7 -1.7 -1.7 -1.7 -1.7 -1.7 -1.7 -1.7 -1.7 -1.7 -1.7 -1.7 -1.7 -1.7 -1.7 -1.7
-1.7 -1.7 -1.7 -1.7 -1.7 -1.7 -1.7 -1.7 -1.7 -1.7 -1.7 -1.7 -1.7 -1.7 -1.7 -1.7 -1.7 -1.7 46.1 65.2 78.9 85.8 86.8 80.5 77.3 77.9 81.1 91.8 99.2 104.3 115 123.8 131.9 138.9 145.4 150 155 156.9 152.1 142.8 131.6 121.6 113.1 109.6 106.5 101.8 95.3 87.3 80.7 74.8 67.1 58.9 53.3 47.8 42.5 32.5 24.3 6.7 -1.7 -1.7 -1.7 -1.7 -1.7 -1.7 -1.7 -1.7 -1.7 -1.7 -1.7 -1.7 -1.7 -1.7 -1.7 -1.7 -1.7 -1.7 -1.7 -1.7 -1.7 -1.7 -1.7 -1.7 -1.7 -1.7
-1.7 -1.7 -1.7 -1.7 -1.7 -1.7 -1.7 -1.7 -1.7 -1.7 -1.7 -1.7 -1.7 -1.7 -1.7 -1.7 -1.7 33.9 62.5 74.9 83.7 86.3 86.4 84.6 80.1 78.9 79.7 84.7 93.9 106.1 115.2 123.9 129.7 134.4 141.2 145.2 146.3 145.7 141.5 131.8 121.1 114.2 110.4 108 107.3 102.5 94.8 89.9 83.5 76.9 70 62.8 57.6 53.5 51.1 44.9 30 4.5 -1.7 -1.7 -1.7 -1.7 -1.7 -1.7 -1.7 -1.7 -1.7 -1.7 -1.7 -1.7 -1.7 -1.7 -1.7 -1.7 -1.7 -1.7 -1.7 -1.7 -1.7 -1.7 -1.7 -1.7 -1.7 -1.7
-1.7 -1.7 -1.7 -1.7 -1.7 -1.7 -1.7 -1.7 -1.7 -1.7 -1.7 -1.7 -1.7 -1.7 -1.7 -1.7 7.3 37.9 67.4 77.8 80.8 82.6 85 84.8 83.6 82.5 80.3 81 86 101.4 113.1 120.7 126 129 134.9 137.6 137.2 134.6 129.7 120.5 115 111.2 108.7 107.5 106.2 102.2 97.3 91.7 85.3 78.9 73 64.8 58.4 59.3 57.5 49.7 35.7 4.9 28.6 17.7 -1.7 -1.7 -1.7 -1.7 -1.7 -1.7 -1.7 -1.7 -1.7 -1.7 -1.7 -1.7 -1.7 -1.7 -1.7 -1.7 -1.7 -1.7 -1.7 -1.7 -1.7 -1.7 -1.7 -1.7
-1.7 -1.7 -1.7 -1.7 -1.7 -1.7 -1.7 -1.7 -1.7 -1.7 -1.7 -1.7 -1.7 -1.7 -1.7 19.4 31.2 59.9 70.3 70.2 74.9 78.9 84.1 86.6 87.2 91 90.6 85.6 89.1 91.2 106.7 116.8 121.4 122.6 125.3 126.4 126.2 122.8 119.8 113.4 111.6 114.8 111.6 108.9 107.6 105.8 98.8 92.6 87.1 81.1 73.5 62.5 60 61.8 62 53.1 32.9 32.3 47.7 49.2 44 -1.7 -1.7 -1.7 -1.7 -1.7 -1.7 -1.7 -1.7 -1.7 -1.7 -1.7 -1.7 -1.7 -1.7 -1.7 -1.7 -1.7 -1.7 -1.7 -1.7 -1.7 -1.7 -1.7
-1.7 -1.7 -1.7 -1.7 -1.7 -1.7 -1.7 -1.7 -1.7 -1.7 -1.7 -1.7 -1.7 -1.7 -1.7 -1.7 45 59.2 59.1 64.5 71.8 78.6 84.7 87.4 91.2 94.6 95.3 92.9 98.7 94.6 95.1 112.4 116.1 116.3 117 112.2 111.9 112.7 111.7 110.3 112 113.9 113.3 111 110.8 106.3 99.3 92.7 88.1 80.9 72.7 63 62.7 67.4 63.4 54.8 35.9 48.3 64.8 64.3 -1.7 -1.7 -1.7 -1.7 -1.7 -1.7 -1.7 -1.7 -1.7 -1.7 -1.7 -1.7 -1.7 -1.7 -1.7 -1.7 -1.7 -1.7 -1.7 -1.7 -1.7 -1.7 -1.7 -1.7
-1.7 -1.7 -1.7 -1.7 -1.7 -1.7 -1.7 -1.7 -1.7 -1.7 -1.7 -1.7 -1.7 -1.7 -1.7 -1.7 50 39.3 55.3 64.3 72.7 81.1 86.9 90 92.8 94.6 97.4 99 102.5 103.3 97.5 96.4 106.5 109.3 105.1 104.4 104.6 106 106.3 107.9 112.2 113.2 115.1 113.7 112.6 104.5 97.2 92.7 89.9 83.9 76.9 67.1 67.6 70.6 70.8 49.2 45.2 58.3 66.1 59.1 -1.7 -1.7 -1.7 -1.7 -1.7 -1.7 -1.7 -1.7 -1.7 -1.7 -1.7 -1.7 -1.7 -1.7 -1.7 -1.7 -1.7 -1.7 -1.7 -1.7 -1.7 -1.7 -1.7 -1.7
-1.7 -1.7 -1.7 -1.7 -1.7 -1.7 -1.7 -1.7 -1.7 -1.7 -1.7 -1.7 -1.7 -1.7 -1.7 -1.7 34.2 15.7 49.1 63.1 75.4 83.7 88.9 92.1 93.6 96.3 99.1 102.3 100.8 102.7 102.5 102.1 97.2 101.2 102.9 104.1 103.2 104.7 105.5 108.6 112 113.8 115.9 113.3 109.3 101.7 97 93.7 90.9 87.6 83.6 72.6 72.7 76.3 71.7 52.4 54.1 67.7 56.4 18.5 -1.7 -1.7 -1.7 -1.7 2 10.8 -1.7 -1.7 -1.7 -1.7 -1.7 -1.7 -1.7 -1.7 -1.7 -1.7 -1.7 -1.7 -1.7 -1.7 -1.7 -1.7 -1.7 -1.7
-1.7 -1.7 -1.7 -1.7 -1.7 -1.7 -1.7 -1.7 -1.7 -1.7 -1.7 -1.7 -1.7 -1.7 -1.7 -1.7 -1.7 32 48 63.1 76.7 85.1 88.2 91.7 93.6 95.9 100.2 101.8 100.5 101.2 101.9 104 101.9 100.8 101.8 103.9 103.3 104.3 106.7 108 112.7 113.3 114.2 109.9 104.5 101.7 100.1 98.6 95.1 94.3 88.7 80.3 77 79.2 59.4 50.2 58.2 51 18 2.4 11.6 -1.7 -1.7 24.3 39.1 52.8 4.4 -1.7 -1.7 -1.7 -1.7 -1.7 -1.7 -1.7 -1.7 -1.7 -1.7 -1.7 -1.7 -1.7 -1.7 -1.7 -1.7 -1.7
-1.7 -1.7 -1.7 -1.7 -1.7 -1.7 -1.7 -1.7 -1.7 -1.7 -1.7 -1.7 -1.7 -1.7 -1.7 -1.7 -1.7 -1.7 32.1 64.4 77 84.1 88 90.2 92.2 97 98.9 100 101 101.2 101.6 103.4 100.9 100.5 100.8 102.3 102.6 103.2 105.9 109 111.9 112.2 109.7 106 102.4 102.9 104.1 104.3 99.9 94.8 89.8 82.8 80.1 72.9 50.5 57.1 44.5 17.3 12.1 23.1 36.4 0.9 4.4 56.1 62.6 65.4 51.2 47 32 -1.7 -1.7 -1.7 -1.7 -1.7 -1.7 -1.7 -1.7 -1.7 -1.7 -1.7 -1.7 -1.7 -1.7 -1.7
-1.7 -1.7 -1.7 -1.7 -1.7 -1.7 -1.7 -1.7 -1.7 -1.7 -1.7 -1.7 -1.7 -1.7 -1.7 -1.7 -1.7 -1.7 53.1 68.2 78.4 81.7 85.3 88 91.2 97.7 98.9 101.2 102.1 102.2 101.9 100.4 98.1 97.8 98.8 99.4 101.7 102.1 106 107.2 108.6 108 106 103.9 103.4 104.7 107.5 103.4 100 95.8 87 77.7 73.3 57.2 46.5 29.7 21 28.5 35.9 44.5 51.2 51.4 63.2 76.1 78.5 69.1 73.5 78.1 65 55.2 43.9 34.4 -1.7 -1.7 -1.7 -1.7 -1.7 -1.7 -1.7 -1.7 -1.7 -1.7 -1.7 -1.7
-1.7 -1.7 -1.7 -1.7 -1.7 -1.7 -1.7 -1.7 -1.7 -1.7 -1.7 -1.7 -1.7 -1.7 -1.7 -1.7 -1.7 -1.7 44.3 67.7 71.8 77.7 84.2 87.6 89.5 95.4 99.1 101.6 102.6 101 98.8 98.1 97.3 96.2 96.9 97.9 99.7 101.5 104.1 104.2 103.7 102.8 100.4 100.8 103.8 105.9 104.9 100.3 95.9 88.5 75.9 70.1 58.8 45 29.3 34.6 46.9 52.5 59.6 62.3 67.8 68.8 66.9 78.2 77.8 78.7 86.2 89.1 88.1 82.7 76.6 59.3 33.4 17.2 29.2 22 -1.7 -1.7 -1.7 -1.7 -1.7 -1.7 -1.7 -1.7
-1.7 -1.7 -1.7 -1.7 -1.7 -1.7 -1.7 -1.7 -1.7 -1.7 -1.7 -1.7 -1.7 -1.7 -1.7 -1.7 -1.7 -1.7 7 31.6 61.9 76.9 83.8 86.9 88 93 97.7 100.6 102.2 99.9 99.3 97.3 94.7 93 93.3 93.5 98.1 100.7 100.9 101 100.7 98.7 97.1 99.2 102.1 104.5 99.6 92 84.5 74.7 62.7 52.7 48.5 40.8 34.3 54.8 63 73.2 71.7 73 75.4 74.7 73.5 75 77.9 84 89.1 91.8 93.6 91.8 88.5 70.1 56.3 58.2 50.3 37.9 31.7 32 -1.7 -1.7 -1.7 -1.7 -1.7 -1.7
-1.7 -1.7 -1.7 -1.7 -1.7 -1.7 -1.7 -1.7 -1.7 -1.7 -1.7 -1.7 -1.7 -1.7 -1.7 -1.7 -1.7 -1.7 26.5 44.2 65.4 77.3 82.1 85.5 88.2 93.5 97.9 99.8 100.2 97.7 97 94.2 91.5 88.7 88.1 89.2 93.1 97.7 99.8 98.2 96.6 95.3 95.1 97.2 101.4 99.6 91.7 82.8 74.6 64.5 54 45.6 35.6 35.9 50.4 66.6 77.7 76.8 75.5 76.8 79 77.9 75.8 74.8 80.4 86.5 91.6 94.3 93.7 92.9 86 71.4 77.8 84 74.2 61.8 55.3 56.8 51.5 34.7 -1.7 -1.7 -1.7 -1.7
-1.7 -1.7 -1.7 -1.7 -1.7 -1.7 -1.7 -1.7 -1.7 -1.7 -1.7 -1.7 -1.7 -1.7 -1.7 -1.7 -1.7 15.3 42.8 58.5 69 77.3 79.8 82.9 87.3 92.9 96.1 95.8 93.5 91.6 90.9 89.1 86.6 83.8 85.6 88.4 92.3 96.1 95.9 93.5 92.2 92.5 95.2 98.9 98.3 94.6 86.5 78 67.9 56.5 46.6 37.2 39.8 50.7 67.9 79.7 83.1 84.5 83.2 82 79.5 78.6 77.1 75.3 80.7 83.9 88.2 92.6 93 90.1 86.6 85.5 89.2 87.3 86.9 84.1 76.4 70 63.4 58.1 33.9 -1.7 -1.7 -1.7
-1.7 -1.7 -1.7 -1.7 -1.7 -1.7 -1.7 -1.7 -1.7 -1.7 -1.7 -1.7 -1.7 -1.7 -1.7 -1.7 -1.7 25 54.4 60.7 68.6 74.6 76.8 79.2 83.9 88.9 90.6 89 85.8 83.1 81.4 80 80.1 80.2 83.5 86.6 90.7 92.5 90.5 87.1 86.8 88.1 92 94 92.8 90.5 83.4 72.8 61.1 48.9 42.3 44.4 51.7 63.1 75 83.6 87.3 89 88.7 87.8 82 79.1 78.5 80.5 82.8 84.8 88.4 89.8 88 85.7 85.6 89.9 90.4 89.2 89.1 90.6 88.7 88.3 76.9 69.2 40.2 -1.7 -1.7 -1.7
-1.7 -1.7 -1.7 -1.7 -1.7 -1.7 -1.7 -1.7 -1.7 -1.7 -1.7 -1.7 -1.7 -1.7 -1.7 -1.7 -1.7 24.8 17.9 48.1 65.5 68.9 70.9 74.8 79.7 83.3 83.2 79.6 75.9 71.5 69.8 71.3 73.3 78.2 82.5 84.4 85.7 85 83.3 82.1 81.1 82.4 85.8 89.4 87.1 82.6 75.1 62.9 51.6 44.8 43.7 51.3 60.8 71.1 78 83.9 88.6 89.9 87.9 86.9 84.9 84.1 81.3 85.4 88.2 88.9 90.5 87.8 84.5 84.5 85.8 89.9 90.6 92.9 93.5 93.7 91.5 90.7 89.8 86.6 63.3 43.3 -1.7 -1.7
-1.7 -1.7 -1.7 -1.7 -1.7 -1.7 -1.7 -1.7 -1.7 -1.7 -1.7 -1.7 -1.7 -1.7 -1.7 -1.7 -1.7 -1.7 2.4 51.7 61.3 62.4 67.4 69.8 73.4 75.5 72.1 67.9 64.5 61.3 62.4 70 76.8 83 84.8 84.5 83.7 81.4 79.4 77.1 74.4 76 77.6 79.3 78.2 72.5 62.7 52.5 45.4 44.8 49.8 59.6 69.4 76.2 81.7 85.7 88.4 88.3 88.5 87.4 85.8 85.4 88.4 93 95.6 92.5 88.4 84.8 84.5 84.5 86.5 90.9 94.2 96.9 98 97.2 93.1 90.7 90.7 84.7 69 42.3 -1.7 -1.7
-1.7 -1.7 -1.7 -1.7 -1.7 -1.7 -1.7 -1.7 -1.7 -1.7 -1.7 -1.7 -1.7 -1.7 -1.7 -1.7 -1.7 -1.7 -1.7 22.5 36.1 58.3 65.3 65.3 64.4 63.2 60.7 56.3 52.9 52.8 61.5 71.5 78.6 82.2 84.7 85.8 83.7 79.2 73.9 70.7 68.5 67.6 68.1 66.7 64 56.3 47.2 46.1 46.1 50.7 58.7 67.1 72.6 78.9 83.7 88.7 90.3 88.6 88.5 87.5 85.4 84.8 90.7 96.6 94.4 90.4 85.7 84.5 84.5 86.3 90.3 93.2 96.5 99.9 101 99.9 94.5 91.5 88.4 81.3 50 -1.7 -1.7 -1.7
-1.7 -1.7 -1.7 -1.7 -1.7 -1.7 -1.7 -1.7 -1.7 -1.7 -1.7 -1.7 -1.7 -1.7 -1.7 -1.7 -1.7 -1.7 -1.7 -1.7 28.8 53.4 61.6 59.8 55.2 52.2 50.5 45.9 43.5 47.3 55.5 65.4 74.5 80.6 85.3 85.3 80.3 74.8 69 64.2 61.3 58.4 56 52.5 48.4 47.5 47 47 48.7 55.5 65.2 73.4 77.7 83.3 86.7 90.4 90.1 88.3 87.9 85.3 85 84.4 93.6 94.5 92.7 88 84.6 84.5 86.2 90.7 92.6 96.3 100.6 101.1 101.5 99.6 94.4 90.7 83.5 58.6 2.4 -1.7 -1.7 -1.7
-1.7 -1.7 -1.7 -1.7 -1.7 -1.7 -1.7 -1.7 -1.7 -1.7 -1.7 -1.7 -1.7 -1.7 -1.7 -1.7 -1.7 -1.7 -1.7 -1.7 21.4 43.4 50.5 46.5 45.2 43.3 41.5 38.6 35.9 41.1 48.2 57.7 68.4 76 79.2 78.8 73.4 66.2 60.3 56.1 52.4 48.4 46.8 47.3 47.6 47.6 48.2 49.2 52.7 59.4 66.9 74 79.4 84.8 87.2 88.7 88.4 89.2 87.4 85 85 88.8 94.2 93.5 90.4 87.1 86.1 87.5 88.9 91.1 94.8 99.3 102.3 101.1 99.8 96.8 92.6 85.4 60.5 18.4 4.8 2.4 -1.7 -1.7
-1.7 -1.7 -1.7 -1.7 -1.7 -1.7 -1.7 -1.7 -1.7 -1.7 -1.7 -1.7 -1.7 -1.7 -1.7 -1.7 -1.7 -1.7 -1.7 -1.7 1.8 29 34 34.4 36 35.9 32.3 29.7 29.6 35.4 41.6 48.6 55.3 64.3 70.1 67.3 62.7 56.3 52.9 51.2 47 44.8 46.6 47.4 48.2 50.6 51.6 51.4 55.8 64.7 71.9 76.2 80.6 83.7 87.1 88.6 89.3 89.4 88.4 86.2 86.5 92.1 93.1 91 87.7 86.9 87.2 88.1 89.7 94.9 97.4 100.8 101.7 100 97 93.4 87.6 78.9 72.9 60.7 53.4 2.8 2.4 0.8
-1.7 -1.7 -1.7 -1.7 -1.7 -1.7 -1.7 -1.7 -1.7 -1.7 -1.7 -1.7 -1.7 -1.7 -1.7 -1.7 -1.7 -1.7 -1.7 -1.7 2.1 13.8 23.9 25.8 26.4 24.7 20.9 27.5 26.8 27.1 32.7 39.6 46.7 52.1 54 53.7 51.1 49.5 49.5 50.2 46.1 43.8 46.1 47.1 49.1 52 53.9 56 63.3 73.4 78.8 83.4 86.5 87.7 88.1 89 89.5 89.4 89.6 89.6 95.1 96.3 96 92.7 88.9 87.8 87.6 88.6 90.6 95.7 98.9 100 99.6 97.4 93.7 90.1 85.9 84.1 83.4 83.8 79.2 30 9.3 13.9
-1.7 -1.7 -1.7 -1.7 -1.7 -1.7 -1.7 -1.7 -1.7 -1.7 -1.7 -1.7 -1.7 -1.7 -1.7 -1.7 -1.7 -1.7 -1.7 -1.7 -1.7 2.4 8.8 12.6 15.4 19.3 23.9 29.7 32.2 35.5 35.8 35.3 38 40.9 43.5 46.3 47.4 47.9 46 44.9 42.9 44.2 46.9 48 52.6 55.7 56.7 60 66.5 74.7 83.8 88.1 92.3 95 93.6 92.6 93.1 91.9 91.4 96.1 101.3 100.1 97.5 95.1 91.8 94.1 95.6 95.3 96.8 97.8 99 98.2 96.8 93.9 90.2 87.2 86.5 85.6 87.1 85.1 83.2 78.6 72.1 70
-1.7 -1.7 -1.7 -1.7 -1.7 -1.7 -1.7 -1.7 -1.7 -1.7 -1.7 -1.7 -1.7 -1.7 -1.7 -1.7 -1.7 -1.7 -1.7 -1.7 -1.7 2.4 10.8 16 19.8 25.7 30.9 32 33.4 37.4 41.5 45.1 48.7 51.6 50.8 50.6 50.7 48.5 44.5 41.4 42.6 44.6 47.8 50.3 54.3 58.5 61.7 65.3 72 79.3 86.2 91 94.4 96.5 96 94.5 93.8 93.4 95.9 100.3 103.9 103.2 99.8 98.1 97.1 99.1 99.7 101.1 102.1 100 98.5 96.3 93.3 90.2 86.9 85.4 85.7 87.9 89.8 85.5 81.9 81.6 85.4 94.4
-1.7 -1.7 -1.7 -1.7 -1.7 -1.7 -1.7 -1.7 -1.7 -1.7 -1.7 -1.7 -1.7 -1.7 -1.7 -1.7 -1.7 32.2 38.1 39.5 31.7 24.9 25.8 29.1 34.1 41.3 45.2 44.7 42.2 44.1 49.7 55 58.2 59 60.7 59.3 56.5 54.2 48.8 40.4 44.3 44.3 48 51.8 55.3 59.9 66.7 71.9 80.1 85.7 88.8 92.4 93.6 93.4 93.6 92.6 92.6 93.1 97.4 102.3 102.1 101.7 101.3 100.6 99.6 102.2 102.8 103 100.8 98.9 96.4 94 91.2 88.3 85.4 85.4 85.4 88.8 86.9 83.8 85 88.9 92.5 97.1
-1.7 -1.7 -1.7 -1.7 -1.7 -1.7 -1.7 -1.7 -1.7 -1.7 -1.7 -1.7 -1.7 -1.7 -1.7 -1.7 24.1 41.8 49.4 50 40.3 38.7 40.6 44.3 48.8 54.8 59.1 59.6 56.9 58.2 58.6 59.2 60.1 62.3 62.9 63.9 60 56.6 49.6 42.6 47.8 48.6 46.6 51.1 55.6 63.4 69.2 75.1 82.5 87.1 88.8 89.6 88.6 88.5 88.3 89.5 90.3 91.5 93.9 96.1 96.2 97 99.1 97.6 99.9 102.5 101.3 99.9 98.5 97 95.4 94.4 92.4 89.5 85.4 85.4 85.4 85.4 85.2 87.8 87.9 92.4 94.3 93.6
-1.7 -1.7 -1.7 -1.7 -1.7 -1.7 -1.7 -1.7 -1.7 -1.7 -1.7 -1.7 -1.7 -1.7 -1.7 -1.7 13.9 41.7 52.8 43.1 37.5 48 53.9 58.7 60.2 62 64.3 64.4 65.5 65 63.6 62.5 62.8 63.8 66 68.3 64.6 56 44.1 47.9 49.2 50.3 52.1 54.1 54.7 60.5 66.9 73.4 78.4 82.3 84.8 82.2 80.3 79.4 82.6 88.2 89.6 87.8 88.3 89.2 89.5 90.9 91.2 92.5 94.6 96.5 96.1 95.8 96.9 96.8 95.7 94.5 92.9 91.8 85.4 85.4 85.4 85.1 89.6 92 92.3 95.7 98.3 94.3
-1.7 -1.7 -1.7 -1.7 -1.7 -1.7 -1.7 -1.7 -1.7 -1.7 -1.7 -1.7 -1.7 -1.7 -1.7 -1.7 28.4 41.9 45.8 28.6 48.4 57.1 60.7 64.7 65.9 64.2 65.5 66.9 70.1 70.8 70 68.8 66.9 64.2 65.6 64.3 60 52.9 39.3 50.1 51.6 53.4 56.2 59 59.4 60.4 63.5 66.5 70.9 73.1 74.6 74.9 74.1 75.4 79.5 83.7 84.1 83.5 83.5 83.2 84 85 85.3 87 89.7 91 93.3 94.6 96.5 97.6 97.9 96.4 93.1 90.9 85.4 85.4 85.4 85.4 87.9 90.2 92.9 96 95.9 96.6
-1.7 -1.7 -1.7 -1.7 -1.7 -1.7 -1.7 -1.7 -1.7 -1.7 -1.7 -1.7 -1.7 -1.7 -1.7 -1.7 4.1 35.5 20.5 35 52.6 57.4 66 65 64.2 65 65.9 68.3 71.7 73 73.7 72.1 67.9 63 61 55.2 52 49.8 42.8 54.9 56.1 58.2 60.1 61.5 61.7 57.5 61.4 62.8 64.1 64.8 66.5 68.4 69.3 70.7 73.7 78 78.9 78.7 78.8 78.9 79.5 79.9 80.3 83.5 86.8 90 92.5 94.9 96.8 98.3 99.6 99.9 96.5 93.6 91.5 90.6 87.1 85.3 89 90.1 93.7 94 94.9 96.2
-1.7 -1.7 -1.7 -1.7 -1.7 -1.7 -1.7 -1.7 -1.7 -1.7 -1.7 -1.7 -1.7 -1.7 -1.7 -1.7 10.5 2.5 34.4 49.4 55.2 59.1 64.4 64.3 66.5 66.1 68.1 71.5 74.1 75.4 75.6 73.4 67.3 61.2 57 52.6 51.4 50.5 40.9 59 63.3 65.3 65.5 64.8 63.5 62.4 61.6 59.8 61.9 62 63.6 65.1 66.7 68.8 70.4 72.8 74.6 75.2 76 76.1 76.3 77.8 80.8 84.5 90.1 93.4 94.6 96.6 98.1 99.4 100 99.8 98.9 97.1 97.1 98.8 97.4 92.4 94.3 97 94.7 93 92 91.6
-1.7 -1.7 -1.7 -1.7 -1.7 -1.7 -1.7 -1.7 -1.7 -1.7 -1.7 -1.7 -1.7 -1.7 -1.7 -1.7 -1.7 2.4 45.2 55 62 66.3 64.6 65.9 68 68.8 70.5 74.5 77.3 77.8 76.8 71.7 64.8 58.2 55 51.9 51.2 39 53.7 61.9 66.1 67.4 67.1 67.7 65.3 62.9 61.5 59.8 60.1 60.6 62.3 62.2 64 66.5 69.1 70.8 72.1 72.5 73.5 73.9 75.9 78.3 81.9 90 98.1 102.1 100.4 100.4 100.5 100.4 100.4 99.9 100.2 99.5 104.5 105 103.1 100.5 97.8 98.9 99.2 95.4 93.2 90.8
