WholeMapElevations/data/no/no05_OST50GRID_20230518/NO05.asc
ncols 200
nrows 200
xllcorner 300000
yllcorner 750000
cellsize 50
[rows 70 to 104 of 200, columns 78 to 155 of 200]
506.7 496.5 483.8 467.8 465.1 462.3 464.3 460.6 456.5 448.4 443.5 430.9 424 416.9 405.8 393 383.4 378.5 368.5 362.9 359.9 356.8 356.1 357.7 357.7 360.3 359.9 361.5 362.4 357.1 356.4 355.5 351.7 346.6 345.1 346.5 345.7 342.3 339.2 337 332.2 329.1 329.7 327.9 325.6 323.8 324.6 324.2 320.9 315.6 310.7 308.7 307.8 307.5 314.2 314.3 315.3 311.6 308.6 308.9 309.7 309.3 306.3 301.6 297.5 294.7 296.4 291 287.1 284.8 278.3 272 270.4 262.3 258.1 253.6 253 249.6
506.6 495.3 474.7 467.7 464.1 460.7 459.7 459.2 453.3 442.7 426.9 414.5 411 405.6 400.2 389.4 377.9 370.5 364.7 362.2 358.9 358.1 357.9 357.9 357.8 357.9 357.9 358.5 358.7 355.2 352.2 350.4 354.3 351.9 346.2 343.1 339.6 336.6 335.5 334.3 332.6 331.3 330.5 330.2 330.5 328.1 328.9 328.3 326.2 324.1 318.5 309.5 311.7 309.7 304.1 304.7 308.7 312 308.2 307.7 309.8 311.2 303.3 293.6 293.6 293.2 288.4 284.2 285.4 280.1 269.7 266.3 265.8 266.7 266.1 268.2 267.5 263.7
503.7 493 473.8 465.7 463.7 456.4 452.8 448.9 446.6 440.2 423.3 410.3 406.6 401.7 395.9 384.3 377.4 369 364.7 361.3 359.3 357.6 357.4 357.9 357.9 357.9 357.9 357.9 357.9 354.3 351.8 351.9 353.9 352.1 347.6 346.5 344.3 342.5 339.5 340.1 335.5 333.3 332.8 331.9 330.5 329.2 329.3 331.2 327.4 329 320.8 310.7 309.3 307.1 305 302.9 301.4 300.7 301.8 304.2 301.4 302.8 296 292.5 288.7 286 282.9 280.8 276.3 274.7 275 273.9 276.7 275.2 272 273.6 272.1 268.3
501.5 477.9 472.5 466.3 462.9 456.2 451.5 446.2 437.1 434.8 418.7 406.9 402.7 395 389.5 377.8 372.6 369.8 367.5 364.8 359.8 357.6 356.6 357.9 357.9 357.9 357.9 357.9 357.9 357.9 354.4 354.2 354.4 349.5 350.3 347.1 345.8 346.2 342.8 341.4 334.7 335.1 336 333.8 331.1 328.7 328.8 328.5 326.5 324.4 318.5 313.6 311.8 310.6 307.2 304.6 301.9 298.4 296.5 296.6 294.5 291.5 289.2 287.6 290.4 287.6 284.5 281.3 279.2 280.4 284.3 276.9 276.8 276 272.9 272.2 273.5 271.9
491.4 466.4 465.3 463.4 462.3 457.1 452.8 447.4 438.9 425.7 417.7 407.5 396.6 392 388.5 379.6 376.3 370.9 368.8 364.8 360.2 359.3 357.1 357.9 357.6 357.9 357.9 357.9 357.9 357.9 356.2 354.2 352.3 351.7 351.1 347.2 347.1 348.5 341.9 339 339.1 338.7 341.3 333.9 329.7 331.6 332.4 329.3 327.9 321.7 318.5 317.3 315.1 313 311.5 309 305.1 302.2 302.1 302 297 296 294.8 294 292.8 288.8 290.6 287.8 283.9 281.4 284 282.3 278.4 277.8 278.4 275.3 272.5 276.8
466.6 459.9 464.2 466 464.1 459.5 451.3 446.5 436.6 427.3 421.8 410 399 392.3 388 383.3 377.8 369.9 364.4 362.4 363.2 364.3 359 357.1 358.2 358.6 358.1 356.7 357.8 358.4 358.7 355.3 354.8 355.5 350.6 349.8 350.4 345.9 344.3 341.3 343.1 344.9 341 336.5 337.9 338.3 335.2 331.3 330.9 326.7 325.9 323.3 322.3 319.4 321 316.7 310.8 310.2 307.2 305.5 303.5 301.8 300.2 300 297.9 292.9 292.5 292.5 289.3 286.9 283.5 283.4 279.4 278.5 277 274.8 273.6 273.4
456.6 455.3 462.5 465.9 462.4 457.4 454.4 448.5 441.7 432.6 420.3 409.2 404 399.7 387.3 379.7 372.8 366.8 365.8 368.8 369.1 371.7 369.3 362.2 363.5 365.2 365.9 358.2 357.5 358.3 361.1 357.9 355.5 352.6 352.4 352.2 349.6 347.3 348.1 344.9 344.6 347.8 342.5 341.6 342.1 340.2 340.6 338 334.8 330.1 329.1 330.4 327.2 325.2 322.1 319.2 317.8 315.5 312.5 310.3 311.4 307.4 303.9 300.3 298 297.9 295.7 294.5 293.6 292.4 286.8 283.8 282.3 280.2 277.7 275.6 274.8 272.4
446.6 450.4 456.7 459 460.6 458.3 459.3 449.1 436.6 431.5 424.7 415.2 402.2 393.4 384.4 373.6 371.1 371.3 373.6 375.3 376.6 377 369.5 366.7 367.3 370.1 370.9 362.6 359.4 360.7 361.9 359.3 359.7 362 357.9 353.6 352.8 350.6 353 348.7 345.9 348.1 344.4 346.5 344.1 340.7 343.9 341.8 334.3 336.2 338.8 338.3 336.5 331.6 327.4 326.8 323.6 322.5 321.4 319 316.9 310.6 304.7 303.6 305 303.8 299.9 298.8 301 297.2 295.5 285.9 283.7 282.3 279.8 276.8 274.3 273.2
444 448.1 454.2 459 461 460.2 454.3 444.1 437.9 430.5 421.9 410.1 406.1 391.1 388 382.4 379.7 379.8 380.9 382.6 383.3 378.5 373.8 373.2 375.2 376 377.6 371.9 365.8 366.3 366.7 362.3 365.8 364.9 359.8 358 356.8 356.8 354.7 353.7 351.2 351.1 352.4 349 347.3 343.8 347.5 342.2 341.2 342 341.2 339.9 336.2 332.7 331.9 330.3 329.5 328.1 327.1 323.2 317.3 311.5 310.1 307.7 309 306.3 303.9 303.4 306 300.7 296.3 292.9 292 286.7 283.7 278.9 277.6 276.2
440.9 451.3 456.9 458.1 460.3 455.7 444.9 439.7 436.2 426.8 419.5 413.2 409.4 399.9 397 396.9 390.2 387.9 388 390.2 393.1 386.1 380.8 380 381 384.5 382.3 378 367.9 372 370.8 368.1 370 367.2 364.7 363.1 363.6 358.8 358.4 356.7 355.4 357.1 356.9 354.1 349.5 346.5 348 347.8 344.9 344.8 342.6 341.2 339.4 338.6 336.7 334.9 333.7 331.9 328.5 321.5 320.5 322.3 320.7 313.7 320.7 318.7 313.8 309.7 309 305.9 302.4 300.7 297.7 294.2 292.9 292.5 289.3 285.6
441.3 448.7 454.6 460.4 455 449.5 447.2 445 440.5 436.1 431.5 428.1 415.7 412.8 403.7 403.6 401.7 398.3 394.4 396.2 399 391.2 387.2 385.7 387 387.9 384.3 378.6 374.5 375.9 376.5 374.2 376 376.9 374.3 368.6 364.7 360.6 363.9 362.5 360.9 361.9 361.4 358.7 352.5 349.1 351.9 350.3 348.6 347.8 346.8 344.8 342.1 341.5 340.3 338.9 337.9 334.1 324.2 323 330.6 328.5 321.4 322.2 327.6 324.6 319.8 320.5 318.9 315.6 313.6 313.2 309.5 308.2 304.6 304.4 303.1 297.9
435.8 446.5 451.2 454.4 453.5 452.6 452.7 451.6 448.6 449.6 447.5 437 433.6 416.3 413.1 417.8 413.8 408.6 401.5 399.1 400.6 393.5 391.3 388.8 388.9 387.3 384.2 380.4 379.5 380.8 379.8 380.5 382.5 384.1 376.4 373.2 369.4 370.2 369.4 363.7 368.1 365.6 361.5 359.2 354.7 354.2 354 352.4 351.1 350.1 348.7 346.8 344.3 340.9 342.2 336.7 332.1 330.7 336.8 337 332.8 332.1 331.3 334.5 335.7 334.4 331.5 329.1 328.1 326 322.6 321.1 317.8 315.7 313.6 314.3 310.2 308.3
435.1 442.9 448.1 455.1 456.5 455.3 456.3 455.6 453.5 452.8 443.9 442.7 440.1 427.2 426.4 425.7 423.5 413.9 409.6 402.8 399.9 398 394.2 390.5 390.2 387.8 383.9 380.9 384.2 386.9 384.4 384.3 386.4 388 383.5 382.2 379.2 376.2 373.3 374 372.5 369.2 359.4 361.3 360.2 358.5 358.3 354.4 353.3 352.2 350.7 347.1 346.3 347.5 343.5 345.4 344.4 340.8 339.7 337.3 341.7 343.2 343.3 342.8 341.9 339.8 337.9 336.7 335.7 333 330.8 329.8 327 324.7 322.2 322.4 317.2 317.2
434.8 433.5 443.9 456.1 461.9 462.3 458.9 457.4 454.4 452.4 447.2 446.1 438.6 439.5 432.6 428.7 429.7 419.5 411.7 405.9 405.7 403.9 400.7 392.8 390.3 388.1 384.6 387 390.3 389.1 388.5 387.4 389.7 391.2 392.5 391.1 387.9 378.8 380.4 380.7 372 369.7 371.1 367.4 363.6 362.5 360 357.1 356 354.8 350.5 351.9 352.2 351.3 351.3 350.6 346.6 346.8 345 344.9 349.2 348.7 347.3 346 346.3 346.1 345.8 344.2 342.7 340.6 339 338.5 336.3 333 332.1 330.7 330 320.8
434.8 435.2 446.9 460.6 465.8 467.7 468.4 464 459 458.7 454.3 449.5 444.9 445 436.2 430.8 427.1 423.4 418.8 409.2 408.3 408.1 398.9 391.7 389.2 388 388.8 391.8 394.3 389.7 390.4 392.3 394.2 395.7 398.7 394.3 388.8 390.5 386.6 382.1 374.6 373.4 372.3 368.7 367 365.6 363.1 360.9 360.8 356.9 355.8 355.1 354.6 354 354.1 353.4 352.3 351.9 352.8 353.4 353.1 352 351.4 352.1 352.3 352 351.3 349.8 348.8 347.3 345.7 344.9 343.1 340 337.6 339 335.6 329.1
434.8 440.7 455.4 466.4 469.6 473.2 474.9 469.3 463.2 460.5 458 451 456.3 457.5 453 437.8 432.2 429 420.4 413.3 409.9 409 400.1 393.3 390.4 390.6 394.1 398.4 398.6 396.8 394.1 394 395.8 396.7 400.9 397.1 392.1 387.2 380 381.4 381.4 380 375.7 371.5 370.3 368.2 366.5 364.2 360.6 359.5 360.8 359.6 357.9 357.6 358 358.1 355.1 356.9 357.3 357.7 357 356.8 356.6 356.8 356.6 356.3 355.8 354.6 353.4 351 351.7 351.4 349.7 345.5 345.2 345.6 339.4 337.7
439.8 447 457.8 468.1 476 480.3 480.5 476 467.9 463.2 457.7 461.3 468.8 465.8 466.8 450.5 440.2 431 423.8 416.4 409.6 404.7 397.3 394.5 391.7 392.5 396.7 402.8 403 403.5 397.7 398.1 396.4 393.5 391.9 389.1 391.5 390.3 386.9 385.2 384.3 383.3 377.1 376.5 375.6 375.3 369.5 365 364.9 364.8 364 363 362.5 361.6 361.5 361.1 359.3 361.3 361.8 360.7 360.8 360.6 360.7 360.6 360.4 360.2 359.6 358.8 357.5 357.6 358 357.6 355.3 351.8 351 349 344.1 344.8
443.1 450.7 458.6 470.2 479.7 483.7 483.4 481.6 469.4 465.7 463.8 469.5 476.1 471.7 467.6 453.2 440.2 432.7 426.8 420.1 411.9 404.7 398 394.3 391.5 393.1 396 399.6 401.7 402.2 398.8 398.6 397.7 394.2 394.7 395.5 397.2 399.6 389.7 388.3 386.5 381.9 381.3 380.9 380 377.3 369.9 370.5 370.7 369.1 367.8 365.5 365.3 364.9 364.3 364.3 364.1 364.7 365.2 364.4 364.4 364.5 364.6 364.7 364.3 363.9 363.5 362.8 362.7 363 363 361.8 360.3 358.7 357.8 349.7 350.4 349.7
443.9 455.5 464.9 472.6 480.2 486.5 487.7 485.6 475.9 467 473.1 479 480.2 478.1 470.8 463.5 445.1 433.4 426.6 418.8 411.1 405.3 398.4 393 391.7 394.9 397.1 398 400.9 399.2 398.4 397.5 395.2 399 399.5 399.1 401.4 394.7 393 390.8 387.4 385.8 383.8 380.4 379.5 376.6 374.6 375.9 374.8 372.6 371.1 369.1 368.2 367.4 366.8 367 366.8 367.2 367.8 367.8 368.4 368.5 368.6 368.8 368.5 368.4 367.9 367.2 368 368.1 368 366.4 366.7 365.9 359.9 354.7 356.5 356.2
447 455.9 467.6 480.8 488.2 493.4 495.5 491.8 480.6 476.8 480.8 485.2 486.1 481.5 472.3 464.1 450.4 434.9 426 418.4 414.6 408.6 404.7 396.2 393.8 396.9 400.2 397.4 396.8 397.5 397.8 397.6 398 400.1 400.6 399.5 396.6 394.5 393.6 392.4 390.1 388.2 385.5 383.1 381.9 379.8 379.5 379.4 377.2 375.7 373.5 372.9 370.7 370.3 369.7 369.3 369 369.6 370.8 371.4 371.9 372.7 373.1 373.4 373.6 373.6 372.4 372.2 373.3 372.6 372 371.5 372.2 365.9 362.6 362.3 362.7 360.9
451.2 457.8 470.7 482.2 493.7 494.6 493.7 488.8 481.7 482.8 491.1 489.7 485.8 480.2 471.2 457.7 448.3 444.7 429.8 419.4 417.1 413.1 406.8 397.2 396.6 398.7 398.3 397.5 398.4 398.6 399.4 400.6 400.6 400.9 401.1 401 400.1 396.9 395.5 393.6 391.4 389.6 386.8 385.9 384.3 383.3 382.4 381 378.9 378.3 377.9 376.6 374.9 373.9 373.1 372.5 371.9 370.9 372.8 373.7 374.8 375.9 376.5 377.6 378 377.7 376.8 377.8 378.1 375.9 371.5 374.3 370.7 367.2 369.7 369.3 369.2 364.1
456.6 464.2 472.5 480 488 491.1 490.4 484.2 484.3 485.6 496.7 495.6 490.5 479 468.3 468 460.5 456.4 445.3 425.5 420.1 410.6 402.1 398.7 400.3 399.5 398.9 397.6 399.2 399.5 400.8 405.3 410.1 404.5 401.9 401.6 400.7 399.5 398.8 398.2 394.3 391.1 389 388.1 388.9 387.6 386.8 386 382.9 381.5 380.5 379.7 379.1 378.1 377.1 376 375.2 374.4 375.1 376 376.5 378.2 379.4 380.9 382 384.4 386 383.1 385 377.9 376.6 377.2 377.1 372.4 373.6 375.7 373.5 366.4
461.8 470.6 478.7 484.1 487.2 490.3 485.2 485 487.3 490.9 493.4 492.4 485.3 480.6 478.2 478.3 471.7 466.6 452.9 427.5 418.4 413.6 406 406.3 405.7 399.8 398.9 398.8 399.1 399.8 401.9 404.5 404.4 402.7 404.8 403.8 401 400.4 399.9 400.1 397.5 394 391.7 393.4 392.7 392.1 391.2 391.7 387.7 385.7 383.8 382.1 381.9 381.2 380.4 379.5 377.9 376.2 377.5 377.9 378.3 379.7 381.3 383.4 385.8 390.2 398.8 394 387 383.5 381.6 383.9 381.6 376 377.6 378.5 377.6 371.8
466.9 476.7 481.8 490.4 491.4 488.2 484.5 484.8 493.3 499.2 497.7 492.3 497 495.2 481.5 480.3 476.8 465.2 440.8 423.9 415.7 413.2 410.9 409.8 402.5 400.6 399.8 398.8 398.6 399.3 399 399.7 400 400.4 400.5 401.3 402.3 401.9 400.1 398.4 396.1 395.4 396.6 397 396.9 396.9 398.4 394.6 391.7 391 388.6 385.9 384.9 384.3 383.6 382.8 381.1 380.6 380.9 380.7 380.7 381.8 383.5 385.3 390 395.6 399.3 398.9 399.7 391.2 387.7 387.3 383.6 381.9 383.2 382.6 378.2 372.9
473.8 481 488.8 491.6 492.8 487.3 484.5 485.4 495.6 498.9 503.2 505.9 504.7 504 500.2 480.3 470.3 458.8 442.2 424.1 418 413.1 409 403.8 402.7 401.6 400.8 400.2 399.1 398.3 398.6 399 399.4 399.8 400 400.3 400.7 401.1 401.2 398.6 399.2 399.4 399.9 400.3 400.2 402.1 404.4 402 399.5 396.9 394.2 391.3 389.1 387.6 386.7 386 384.8 384.4 384.2 384 384 384 385.1 387.2 391.1 395.8 399.9 398.3 399.3 398 394.3 393.7 388.7 385.6 385.8 383.8 378.1 373.9
476.8 483.5 488.2 490.1 489.1 487.2 485.5 485.9 487.6 496.5 507 508.5 507.8 496.2 489.3 482.2 473.3 465.5 443.1 420.4 416.4 412.4 411.1 404.7 403.6 402.4 402.1 401.4 400.5 400.2 399.6 399.8 399.8 399.9 400.3 400.8 400.7 400.5 400.3 401.1 402.9 403.8 404.4 405 407 410.1 409.8 407.2 405.3 402.5 398.3 396 393.5 391.7 390.5 389.5 388.4 387.6 387.6 387.4 387.9 387.9 388.2 390.1 392.1 397.3 401.5 402.4 401 397.7 397.7 401.5 394.4 388.2 387.4 384.7 379.9 377.3
479.4 486.8 488.9 486.1 483.1 486.4 485.6 485.5 486.7 494.3 502.6 501.2 502 504.9 495.2 485.3 476.8 460.7 440.8 420.2 416.8 416.7 410.6 406 404.9 403.9 403.7 403.9 402.4 402.6 401.1 400.9 400.8 400.4 400.9 401.5 401.7 401.5 402.6 405.3 407.3 407.9 409.4 410.8 414 415.6 414.4 412.6 411.6 408.5 403.3 401 398.3 396.4 395 393.9 390.9 391.8 391.8 391.6 391.6 392.5 393 393.8 396.5 399.6 403.8 408.2 406.6 400.5 401.2 405.6 400.5 393.1 387.8 381.1 380.7 381.5
473.4 480.7 483.6 479.6 481 484.6 486.5 485.8 485.6 486.6 492.5 497.5 503.3 498 492.3 483 466.2 445.3 429.7 422.4 422.9 419.1 413.7 412 410.7 410.5 409.2 407.3 405.7 407.3 403.4 403.3 402.2 401 401.8 402.7 403.5 403.4 405 408.6 412.1 414.6 417.3 417.6 421.4 421.7 419.2 418.9 417.8 415.7 409.4 406.9 403.3 401 399.2 397.2 395.3 396.3 396.2 396 396.1 396.6 397.5 398.5 400.3 402.8 406.2 408.9 411.4 406.8 403.5 404.7 399.6 393.6 390.5 387.7 384.8 381.3
472.5 478.8 476.6 475.2 480.5 493.9 493.1 486.3 485.3 485.3 493.1 495.8 497.6 494.5 484.1 470.8 455.8 442.1 429.6 431.4 430.1 421.3 420.9 421.4 418.1 415.6 412.5 410.8 407.9 407.1 405.5 405.1 403.7 403.9 402.6 403.9 404.7 405.7 409 414.2 418.2 421.4 424.5 425 426.4 426.1 426.1 427 424.3 420.7 416.4 410.8 407.7 404.7 402.8 400.7 399.3 400.1 400.6 401.1 400.9 401.4 402.2 403.3 404.6 408.1 409.8 412.8 412.1 413.3 411 410.9 405.8 398.6 394.3 391.7 380.9 376.6
470.1 473.1 470.8 474.3 485.9 494.7 494.9 491.4 486.4 485.3 486.5 489 491.7 490.6 482.5 468.7 453.7 439.4 431.2 434 433.4 431.3 426.9 425.5 423.9 421.2 417.7 416.8 414.6 411.1 410 408.8 411.8 414.8 414 408.6 408.6 410.8 415.2 418.9 422.8 427.1 431.9 431.6 430.5 430.9 432 432.7 429.3 423.9 420.1 413.8 411 408.9 406.2 404.8 402.9 403.5 404 404.7 405.3 405.3 407.2 408.6 410.8 413.6 417.1 419.3 420.8 420.9 417.9 417 410.2 405 395 388.4 384.9 381.2
463.7 464.5 470.7 483.5 490.6 495.8 494.5 493.9 488.8 485.9 486.8 489.9 493.2 493.3 482.1 469.5 451.6 439.7 436.2 441.1 442.6 439.2 435.6 430.8 428.2 426.6 425 423.5 423 415.6 414.7 419.5 426.5 424.7 424.1 414.5 414.1 414.7 420 426.9 430.3 434.3 435.2 438 437.3 436.3 437.3 434.9 430.1 426.4 423.1 416.8 413.8 412 408.1 407.3 405 407.1 407.7 408.4 409.4 410 411.9 413.7 415.8 420.3 426.9 427.9 427.4 428.9 432.7 419.8 413.3 410.7 399.3 391 386.6 382.5
456.4 460.6 471.7 477.2 483.1 488.6 489.4 489.1 487.6 485.1 485.8 488.5 494.4 492.5 483.3 473.5 451.4 444.9 442.7 447.1 446.5 443.3 442.2 435.2 432.6 431.1 432.4 433.1 425.4 425.3 423 427.7 432.3 433.1 425.7 419.6 418.5 416.3 423.2 430.8 437.6 439.3 441 441.8 441.4 438.1 436.4 432.7 429.5 425.5 422.7 417.7 415.1 412.7 409 408.5 408.1 409 410.7 412.4 413.7 415 416.8 419.3 423.8 431.9 436.8 435.9 432.4 428.7 430.6 430.6 419.9 413.4 405.4 398.4 388.1 384.1
456.2 461.6 474.7 480.2 481.5 485.4 491 489.9 490.3 484.7 483.4 488.7 489.9 492 489.3 465.5 454.3 449.1 449.9 450.3 452.4 451.8 449.2 442.8 436.7 438.7 439.5 436.8 433.2 431.9 430.8 429.4 432 434.4 435.2 426.4 423.7 423 426 430.7 440.3 442.5 442.8 444.4 444.3 440.9 435.5 430.9 427.8 424.9 422.3 420.6 417.1 413.2 410.7 409.5 409.2 410.7 412.7 415.1 417.6 420.5 423.6 427 432.6 440.6 444 440.7 437.3 431.3 426.9 424.7 422 417.8 406.8 398.1 393.3 387.4
460.6 463.4 470.3 476.8 481.5 488.8 495.3 496.1 491.9 485 482.9 481.2 481.3 484.8 475.9 457.5 457.8 464.3 457.7 454.7 455.7 455.9 451.7 446.3 441.5 442.4 444.4 440.7 441.7 441.8 440.4 439.4 436.5 438.2 435.9 434.3 430.9 428.6 426.2 431.5 442.9 444.4 444.6 442.8 441.6 437 434.2 431.4 427.4 424 423 420.2 415.9 412.5 411.8 411.4 411.4 413.7 417.1 421.7 426.3 431 434.3 437 441.6 449.4 447.2 443.5 440.9 438 431.4 421.6 418.2 415 412.6 406.5 395.2 389.1
460.5 463.7 468.7 475.9 482.6 488.4 494.2 496.5 491.3 486.4 484 480 482.2 480 468.3 460.4 468.6 474.5 468.6 460.2 458.6 456.8 453.3 450.1 452.7 452.6 448.8 449.3 451 451.3 449.4 449.1 445.2 440 438.8 438.5 436.3 435.6 431.5 432 441.2 447.6 444.8 443.5 440.4 433.9 434 429.4 424.2 423.5 422.2 420.9 416.7 413.8 412.9 414 414.7 420.1 425.7 428 435.5 439.9 445.2 446.6 449.8 453.6 451.9 448.2 443.9 439.2 435 424.6 416.9 411 409.3 409.8 400.4 390.3
