WholeMapElevations/data/sj/sj10_OST50GRID_20230518/SJ10.asc
ncols 200
nrows 200
xllcorner 310000
yllcorner 300000
cellsize 50
[rows 70 to 104 of 200, columns 78 to 155 of 200]
221 215.2 205.1 195.6 188.3 184.9 182.1 166.6 175.5 180.2 179.9 179.1 178.8 180.1 178.3 176.4 177.7 175.8 172.4 162 157.1 150.2 145 142.1 141.1 140.6 139.5 139 138.5 137.6 136.7 135.9 135.2 134.9 135.6 137.6 138.5 140.1 141.5 143.8 145.6 146.9 151.3 157 163.6 169.1 177.4 179.3 172.8 167.3 166.7 169.4 175 179.5 183 187.7 191.2 191 190.3 189 186.1 183.9 181.4 178.5 176.6 176.2 175 173.9 173.3 172.7 172.7 172.1 170.8 169.8 168.7 167.3 168.2 168.7
211.1 202.7 196.1 190.1 186.1 183.4 180.5 161.9 181 181.8 181 180.9 184 184.5 182.5 180.9 179.8 178.1 174.1 171.1 164.3 159.7 151.1 146.8 144.1 142.6 141.9 141 140.2 139.8 139.4 138.2 136.3 135 135.7 136.4 137.1 138.2 139.3 141.7 143.4 144.9 150.2 156.2 163.8 171.2 178.9 177.8 170.9 165.4 169.4 171.5 177.1 183.4 187.5 192.1 194.3 195.4 193.8 190.7 187.3 182.6 179.2 177.1 175.7 175.1 174.6 173 171.4 169.4 169.1 167.9 166.4 165.8 165.3 165.1 165.9 166.5
200.3 196.6 192.7 187.9 183 174.8 166.2 178.8 182.9 183.2 183.4 185.3 185.7 182.8 182.6 182.4 182 180.3 178.5 175.1 171.8 166.4 158.7 148.1 146.4 144.9 144.7 142.2 142.4 142.1 141.3 139.4 136.9 136.3 135.6 136.3 137.5 137.2 138.5 139.2 141 144.3 148.4 154.5 163.4 169.7 174.6 174.6 169.7 162.2 170.9 174.7 181.3 187.5 193.4 198.3 197.9 197.6 193.1 188.4 185.1 181.3 177.6 175 173.7 172.2 171.2 169.5 168.2 167.4 166.4 165.6 164.9 164.4 164.4 163.3 164.4 165.9
199.7 196.1 193.5 188.7 175 178.7 182.3 185.2 187.5 186.1 187 188.2 187.6 184.9 187 187.8 186.7 184 181.6 179.6 176.4 171.8 167.3 156.2 148.2 146.2 146.3 145 143.4 143 141.9 140.1 138.6 135.9 136.3 137.1 138.8 138.6 139.4 140.1 141.1 142.4 145.7 152.1 159.8 167 171.2 171.8 169.2 163 165.3 177.3 184.1 189.8 198.4 201 198.6 195.2 188.8 183.3 180.6 177.8 174.5 171.5 170.3 168 167.6 165.7 165.7 163.4 163.9 163.9 163.1 163.3 163.5 165 165.5 164.9
197.3 194.8 189.4 172.4 183 188.1 191.6 193.4 195.2 194.4 196.3 196 191.6 192.4 193.1 193.1 192.8 190.3 185.8 179.3 175.1 167.8 162.6 152.7 147.7 149.5 147.2 146.2 144.6 142.9 141.5 140.2 137.7 136.6 137 137.5 139.6 140.2 140.4 142.3 143.7 143.2 143 148.3 154.9 161.3 166.3 168.5 166.8 155.3 170.9 178.3 185.1 192.6 199.3 200.9 200.2 198.5 188.3 179.7 175.6 173.6 171.1 168.7 166.9 166.3 165.3 165.2 165.3 165 164.9 164.2 164.3 166.3 168.5 170.8 172.5 173.6
191.9 188.2 176.9 188.6 191.6 195.3 200.3 201.1 204.9 206.1 208.3 204.9 199.5 200.1 200.1 199.3 198.9 197.2 192.7 184.5 175.8 168.7 159.1 155.3 154.6 152.4 149.5 146.6 143.8 141.5 140.2 139.3 137.5 137.9 137 138.4 139.5 141.4 142.4 144.2 145.3 145.7 145.4 145.8 147.7 154.6 158.1 161.8 153.5 166.1 172.3 179 186.7 194.2 198.3 200.5 203.5 202.1 189.8 178.7 173.4 171 168.5 167.1 166.4 166.3 165 165.9 166.6 165.7 165.7 166.4 170 172.2 175.1 179.3 181.4 183.4
185.5 190.7 195.1 196.1 199.2 201.9 204.9 209.6 213.3 216.1 213 209.1 207.7 208.1 208.6 205.6 207.1 205.3 193.7 191 182.8 167.8 162.4 162.8 159.9 155.1 150.8 147.7 145 143.4 141.5 140 139.7 138.9 137.5 138.9 140.9 143.2 144.4 145.4 147 147.5 147.6 149.3 151 154.7 157.7 160 161 164.2 173 180.2 188.4 197 199.5 202.7 206.1 200.4 187.8 178.9 171.5 168.9 167.5 166.4 165.8 165.4 166 166.1 166.5 168.4 169 170.9 176.8 180.1 185.3 189 195 197.8
193.8 198.8 199.8 202.7 206 210.2 213.1 217.5 221.5 222.1 220 208.6 215.4 218.2 218.3 217.2 212.1 205.3 200.3 193.1 175.8 178.7 175.4 171.8 165.1 160 153.1 149.7 147.9 145.7 143.9 142.1 141.4 141.5 138.7 140.2 142.9 144.4 146 146.9 148.5 149.5 149.9 151.3 155.4 160.3 164.3 167 167.8 162.5 174.2 181 188.9 192.6 192.3 200.4 200.9 189.7 182.3 176.1 171.5 167.8 166.4 166.9 165.8 165.7 165.6 167.2 170.3 173 177.1 180.2 183.2 189.4 193.7 199.1 204.2 209.5
201.8 202.9 206.5 210.6 215.3 220.2 222.7 225.9 226.2 224.2 224.1 219.1 223.3 226.5 222.1 218.8 218.6 214.2 197 190.3 192.3 188 185.8 180.8 174.6 168.2 161.6 155.7 150.9 148.6 145.4 144.2 143.6 143.9 140.5 141.9 144.3 146.2 147.6 146.6 150.4 151.3 152 153.9 159.1 163.6 167.5 170.7 171.2 167.5 170.2 178.2 183.9 184.3 183 186.6 190.6 185.6 180.7 175.5 170.8 167.1 167.1 166.6 165.9 166.4 167.6 170.2 174.2 179.8 184.4 189.8 195.2 199.6 206 210.9 218 223.7
206.7 211.8 218.9 222.7 227.9 230.7 234.5 234.8 233.5 232.8 230.7 229.7 228.9 228.1 226.3 225.5 224.3 220.4 192.5 209.3 204.4 198.2 194.1 189.5 184.1 176.8 169.1 164 158.8 152.9 148.4 148.3 147.7 150.8 143.8 144 146.8 148.3 149.3 151.1 152 153.5 154.5 157.2 161.7 165.8 167.4 173 171.3 171 167.1 171.6 174.7 176 177.4 174.7 176.1 181 177.4 173.4 168.9 168.3 167.5 167.7 166.8 168.1 170.7 174.4 181 187.2 194.5 200.1 207.4 216.3 222.2 232.5 239.2 242.5
214.3 219.7 224.4 231 239.7 241.4 240.3 240.1 240.7 242.1 237.1 238.1 237 233.1 232.5 231.3 229.7 226.3 200.5 222.6 219.1 212 205.3 199.2 193.5 188.2 180.1 173 165.3 157.7 153.3 151.9 151.8 153 152.2 151.2 151.4 151.5 152.3 154.5 155.2 156.1 157.3 159.6 163.4 164.9 171.4 171.5 169.6 169.3 168.2 171.1 171.6 174.4 177 176.8 172.5 172.7 172.1 169.3 168 168.1 167.7 168 170.8 170.5 173.6 179.4 187.1 194.8 202.5 209.9 224.2 238.9 251.5 260.3 270 277
224.6 233.8 239.1 242.1 245.9 247 248.4 250.8 249.8 248.7 246.5 247.1 241.5 238.7 237.1 236.4 237.6 235.7 223.1 236.7 237.8 232.6 226 221.2 212.4 200.8 191.8 182.4 171.7 164 160.1 159.3 157.5 157.4 161.1 157.6 157 157.1 157.9 158.7 161.5 157.2 162 163.2 165.8 169.6 173.7 171.3 169.1 169 169.1 168.8 172 177.8 176.4 176.2 173.5 169.3 168.4 168.4 169 168.3 168.6 170.5 171.9 173.6 177.1 184.6 193 202 212.4 222.2 232.6 242.3 250.6 259.5 270.1 275.9
239.9 246.4 251.4 253.6 256.5 259 259.2 259.9 259.3 258.8 259.4 259.5 252.7 248.2 244.1 243.5 245.4 238.6 235.4 249.3 257.2 251.4 246.3 242.1 241.2 228.2 210.5 199.5 182.7 174.3 167.1 166.3 165 165.7 168.8 167 165.8 165.5 166.6 166.8 167.4 162.5 163 168 170.1 174.4 175.3 171.6 170.4 170 169.8 171.3 175.1 183.4 178.5 173.1 175.5 171.8 168.6 168.8 169.4 169.6 171.9 175 175.4 177.3 180.8 187.5 196.4 202.6 210.5 216.8 226.4 236.5 248.4 258 263.7 269.2
252.3 258 262.8 267.4 268.4 270.4 271.4 271.5 272.3 272.1 271.7 268.7 261.3 260.3 253.8 253.9 252.5 238.1 248.5 262.2 262.8 264.1 268.2 268.9 265.1 250.1 229.3 217.9 203 188.5 179.5 174.9 175.4 177.5 177 176.4 175.7 174.8 176.6 176.2 173.1 167.7 162.6 172.3 174 175.8 174.2 172.4 173.7 176.5 176.3 175 178 183.7 182 175.8 174.6 172.4 171.3 170.4 169.9 172.8 175.8 181.6 183.2 186.6 187.8 192.8 198.9 205.8 212.9 223.4 231.2 241.5 252.2 259.6 265.9 267.9
260.6 267.4 274.3 276.4 280.3 282.9 284 286.1 286.6 282.3 280.5 279.3 277.7 273.6 267.8 260 259.2 253.2 251.1 267.8 271.6 276.3 279.8 279.7 272.3 257 259.8 245.2 224.5 209.9 195.7 190.1 189.5 190.9 190 189.1 186.9 184.8 184.5 182.4 179.3 173.4 166.2 175.1 176.5 174.5 173.2 173.4 174.8 177.4 179.3 178.7 180.3 180.9 180.4 177.1 176 176.2 175 172.9 170.7 175.2 178 186.1 190.3 192.9 196.9 200.2 215.2 223.7 231.4 235.2 239.5 244.4 251.5 255.3 254.7 250.7
268.4 275.5 282.7 285.6 290.8 296.1 297.8 292.7 292.9 291.9 291.9 291.5 289.2 286.9 284.4 275.9 275.2 267.3 274.4 275.6 276.7 281.2 280.8 276.8 280 281.5 280.9 271.9 251.3 226.6 212.4 204.5 201.7 200.6 199 196.1 191.7 193.5 190.8 187.8 184.7 179.3 169.2 177.9 175.7 175.1 174.4 174.5 176.6 178.2 180.3 180.7 179 180.1 179 178.9 179.7 178 176 173.3 175 180 185.2 190.2 195.4 199.2 207.1 220.3 229.2 235.3 237.9 238.9 238.4 237.4 236.2 235.5 235.4 230.6
273.1 280.9 290.8 301 305 301.5 299.9 301 302.3 301.3 299.6 297.2 293.8 289.6 286.1 283.5 271.8 273.2 278.7 278.7 282.9 283.3 282.3 284.3 287.9 287.4 284.1 272.3 256.5 237.8 224.9 211.6 214.9 211 206.4 200.9 196.8 198.8 199.2 193.4 187.4 180.9 178.4 179.5 178.3 177.3 176.3 176.4 176.9 183.3 183.9 181.6 178.8 180.1 178.7 179.2 179.1 177.8 174.9 172.9 178.8 187.3 193.7 198.4 203.2 208 217.1 225.3 232.2 242.7 240.8 238.4 235.8 232 229.4 226 223.1 217.9
276.2 286.8 305.5 306.3 306.2 307.6 310.3 310 309.2 306.8 303.6 300.3 297.7 295 290.5 287.1 276.2 285.4 284.5 283.4 285.5 286.4 286.6 287.8 287.7 286.6 282.7 277.7 264 247.6 231.2 222.5 222.8 216.1 210.4 203.5 198.9 194.7 192 193.3 189.9 174.7 183.9 182 180.7 178.9 177.4 176.9 184.4 185.1 183.3 183.3 183 181.9 180.7 181.3 179.9 178 172.9 177.5 183.9 190.7 198.9 202.3 208.3 214.9 221.8 228.2 236.4 244.6 243.2 238.7 234.9 229.1 223.6 218.5 213.3 207.9
284 293 306.1 309.3 317.2 319.1 319.1 317.1 314.8 311.5 309.2 307.7 304 298.3 293.8 288.7 283 287.7 289.6 288.1 289.7 291.5 291.9 289.5 283.1 279.8 272.8 262.8 248.3 238.4 232 228.7 224.1 219.4 213.8 200.9 201 198.8 194.6 189.2 186.2 188.1 187.5 186.3 185.5 182.6 179.9 178 179.5 180.7 181 181.6 182.4 182 182.1 183.3 179.1 173.9 178 181 190.1 196.2 203.5 207.2 211.6 218.3 225.1 231.9 242.4 244.5 241.7 239.6 234.2 228.3 219.7 210.6 202.3 198.5
291.8 302.1 308.9 316.1 324.7 326.6 326.1 323.2 321.3 318.6 314.4 310.6 306.6 301.8 296.5 289.5 290.4 293.1 293.2 294.2 294.8 295.2 295.5 293.6 289.4 278.5 267.8 260.7 253.8 247 239.8 234.4 227.4 221.6 212.3 215.3 213.1 208.4 203.4 198.4 192.6 189.4 187.7 186.4 184.7 183.5 180.5 179 179.2 180.8 181.2 180.7 181 181.4 179.6 176.5 175.9 175.5 179.5 186.1 192.1 198.4 206.1 210.8 217.7 224.4 232.6 238.1 238 239.5 239.5 236.8 227.6 218.2 209.8 202.9 192.8 190.3
301.6 309.5 314.6 325.3 330.7 331.7 331.4 329.6 326.1 322.7 317.5 313.5 309.6 303.8 298 297.1 297.4 297.6 297.9 298.2 298.9 300.6 301.5 301.9 294.6 284.3 273.8 266.4 261.1 254.8 249.2 245.6 241.4 233 217.2 225.7 222.1 217.2 212.3 206.9 201 193.9 188.8 186.1 184.9 183 181.5 180.5 180.9 179.4 179 179.8 178.5 177.4 178 178.1 177.3 175.9 178.1 185.4 193.4 200.1 207.3 218.6 226.6 229.2 229.2 229.9 232 235.5 236.5 227.9 211.4 199.5 193.2 188 184.7 184.3
311.6 316 326.7 337.4 340.4 338.7 336.8 334.5 330.7 325.6 320.9 316.3 310.8 304.5 296.8 300.6 300.4 301.4 302.3 302 304.6 306.8 309.2 302.4 296.5 289.7 279 267.2 261.4 256.5 252.7 247.4 240 230.4 235.3 233.9 230.3 225.4 219.5 212.6 206.3 202 194.7 189.5 185.5 184.4 183.5 181.4 179.9 179 178.2 178.7 178.2 177.8 178 178 177.8 176.5 176.5 183.2 192 198.9 207.8 214.9 216.4 216.9 219.4 223.9 225 224.6 216 204.9 193.5 186.2 183.5 181.2 181.6 182.5
321.7 327.1 336 342.4 343.9 344.6 340.8 334.9 329.1 324.2 317.5 312.3 306.1 299.6 300.7 303.2 304.4 305.3 306.3 308.3 310.9 314 310.6 302.8 297.8 288.2 277.3 267.5 261.8 258 250.4 244.5 245.8 244.2 240.4 239.5 240.3 237.8 229.5 219 211.8 206.5 201 194.8 189.4 187.5 185 181.9 180.1 179.3 178.7 177.9 177.7 177.4 177.5 177.8 177.6 176.5 177.5 181.8 186.9 191.3 195.6 201.5 204.7 206.2 210 210.9 207.2 201.2 193.6 187.7 183.2 180.5 180.7 184.6 182.3 181.1
331.7 335.5 342.9 344.6 344 339.7 334.8 328.5 322.8 316.7 311 306.7 301.8 299.7 302.2 305.2 307.6 309.7 311.4 314.1 318.1 317.8 311.2 307.1 297.5 286.5 273.4 267.4 261.3 250.2 250.3 253.1 251.3 249.9 247.1 241.2 239.4 239.7 237.2 229.4 219.7 212.8 207 200.7 192.3 188.7 185.1 181.9 180.1 178.9 178.6 178.3 177.7 177.2 177.2 177 177.3 176.4 178.3 181 182.2 184.9 188.2 192.2 192.5 190.3 192.1 186.2 184 182.6 180.9 178.5 178.2 180.7 182.5 182.5 180.4 180.7
339.9 343.1 345.9 345.2 341.9 332.3 327.6 320.6 315.7 309.9 307.2 304.1 303.1 305.7 307.2 310.2 313.5 315.7 316.2 319.3 320.6 314.6 309.3 301.8 296 287.3 277.6 263.7 261.2 262.8 262.1 259.9 260.2 255.8 251.2 241.1 235.8 235.7 232.4 227.3 219.1 209.2 205.7 203.8 198.8 193.2 186.4 182.2 180.6 179.2 178.4 179.2 176.8 176.8 176.7 176.8 176 177.7 179 181.1 180.5 180.4 182.5 182.4 180.6 180.1 178.7 176.7 176.4 176.4 176.5 177.1 177.6 178.7 179.6 179.3 179.2 180.7
348.9 348.1 346.9 340.1 332.7 326.1 320.4 315.5 311.3 307.9 305.2 305 306.5 312.8 311.6 316.5 321.6 322.4 320 316.5 314.6 311.2 306.7 299.8 292.2 284.4 270.4 265.4 271.8 274.1 271.8 270 268.5 264 257.5 245.7 237.9 231.7 222.1 220.5 223.3 221.5 218 213.9 206.8 200.5 191 183.9 181.1 179.8 179.7 178.1 177.4 177.3 176.6 176.7 177.8 178.2 179.1 178.9 179 178.7 178.2 177.2 176.7 176.3 176.2 176.2 176.2 176.2 176.6 177.2 177.8 178.1 178.1 179.6 182.2 186.2
350.2 345.2 339.8 333.5 328.4 322.2 316.2 312 309.2 307.6 307.8 308.4 309.5 312.3 315 319.9 319 316.9 317.1 313.1 308.9 305.6 301.6 296.4 285.6 274.2 269.4 272.9 279 279.1 277.6 276.4 273.9 269.2 265 256.5 247.1 240.1 232 234.8 235.8 233.5 229.9 222.5 213.7 206.5 194.8 187.5 183.4 181.7 180.3 178.3 177.6 177 175.8 176.4 178.4 178.8 178.8 178.6 178.9 178.2 177 176.3 176 175.9 175.9 175.9 175.9 176.1 176.9 177 177.4 178.8 180.6 185.1 189 193.1
349.9 343.7 336.8 329.9 322.7 317.6 315.3 312.7 313.4 314.2 313.7 314.6 315.2 314.7 316.3 314.6 313.3 311.9 311.4 309.1 304 299.2 297.2 291 276 278.7 278.3 280.7 283.3 284.7 284.1 282.4 280.8 277.5 273.1 262.1 252.8 245.2 239.5 236.3 238 240.5 236.5 227.8 220.8 212.2 199.5 190.3 186.2 184.7 182.3 179 177.3 176.4 176.7 176.3 177.7 177 177.4 177.3 177.7 177.1 175.9 175.9 175.7 175.7 175.7 175.7 175.8 176.1 176.6 177.1 178.8 181.4 185.3 190.4 195.7 200.6
343 337.1 330 326.5 325.1 323.8 322.8 322.6 321.9 322 320.1 318.6 316.8 313.7 310.6 309.7 308.9 308.2 307.1 302.7 296.5 294.3 292.9 284.7 281.9 283.6 286.9 288.7 290.6 290.8 291.4 287.8 288.4 285.6 278.3 267.9 258.5 246.7 242.5 240.1 237 233.8 229.3 224.5 219.3 210.8 198.6 192 187.5 185.1 182 179.3 177.8 177.5 176.6 176.6 176.1 177.9 177.2 176.9 177.3 176.3 175.9 175.8 175.6 175.4 175.5 175.6 175.9 176.3 176.9 179.3 183.8 187.8 193.3 198.5 202.5 207.2
340.6 339.8 337.1 335.1 334.8 333.4 332.2 332 330.9 329.2 326.7 323.3 318.3 314 309.7 306.8 305.6 304.6 301.8 298.9 293.8 290.6 289.4 280.9 289 290.9 293.4 294.4 295.9 296.9 298.6 294.5 294.7 290.4 284.2 274.9 267.8 259.2 249.9 243.8 243.7 238.9 232.6 225.5 217.7 205.2 198 193.1 188.8 185.2 182.2 179.9 177.7 176.9 176.3 176.7 177.1 179.4 178.2 177 176.6 176.1 175.3 175.4 176 175.7 175.9 176 176.2 177.2 180.5 185.4 190.5 195.4 199.6 206.5 212.5 218.6
347.6 346.3 345.7 345.8 345.1 343.7 342 339.4 337.5 335.5 333.2 329.4 320.6 315.8 312.9 309.3 305.8 301.7 296.2 292.1 289.6 289.7 288.8 290.2 292.8 295.8 299 301 304.1 303.2 304.9 302.4 299.8 297 289 280.4 272.3 265.4 251.8 254.3 254.9 249.9 240.9 233.3 225.5 215.5 205.2 196.5 190.8 186 183 180.6 178.9 177.8 177.4 176.3 178.2 179.8 178.9 175.3 176.9 177.8 177.2 176.5 175.7 176 176.1 176.4 178.7 181.3 188.9 193.4 198.7 203.9 208.5 216.1 223.2 230.5
354.9 355.5 354.5 353.2 351.7 349 347.7 346 344.3 341.7 337.8 330.4 322 322.3 317.5 310.6 304.6 302.2 299.1 298.2 297.1 296.6 297.4 298.2 299.2 301.9 304.4 307.7 310.5 308.2 308.2 306.8 301.5 293.3 287 280.5 273.7 263 261.5 260.2 255.6 249.2 241.6 238 228.5 220.4 211.6 202.5 194.3 190.1 190.4 185.5 180.2 179 178.2 178.4 178.9 179.5 178.3 178.1 182.1 182.3 182.1 178.8 176.5 176.1 177.1 179.9 183.9 190.3 198 203.4 208.7 216.8 223.4 231.2 239.8 250.6
359.6 359.3 358.4 357.5 357.6 355.6 353.8 351.9 349.1 346.4 337.9 328.3 326.4 321.5 316.1 314.3 312.6 310.7 309.8 307.8 306.9 307.7 306.5 305.7 306.1 307.1 309.3 312.4 312.5 310.3 310.4 306.1 298.8 288.3 281.5 276.5 269.6 270.3 268.6 263 257.9 253.4 249.2 245.3 231.6 227.4 219.2 208.4 201.5 198.9 196.4 193 189 180.9 180.4 179.4 180.6 180.3 176.3 177.5 181.7 185 184 180.8 177.1 177.1 181.9 187.7 193.8 202.2 209.8 216 225.8 235.7 247.2 251.7 258.4 265.6
361.1 361.9 361.4 361.4 360.6 361.2 359.7 356.6 351.4 340.7 332.8 327.5 326.6 325.3 325.7 325.8 323.8 322.1 320.9 319 316.9 317.3 316.8 315.8 314.9 314.6 312.2 311.7 310 309.2 306.6 302.5 294 289.6 287 285.2 279.7 277.8 275.3 271.4 268.6 267.2 261 255.3 241.8 233.6 225.7 215.9 209.8 205.1 201.4 197.4 189.5 182.8 178.4 178.4 179.5 177.8 177.7 179.7 182.2 183.4 184.4 182.9 180 181 188.2 195.3 205.1 215 227.6 240.3 249.5 254.6 257.9 262.9 271.1 280.2
359.6 361 360.9 362.4 361.3 357.2 352.1 346.1 341.9 336.6 330.8 331.9 332.9 337.9 338.6 337.2 335.6 333.8 332 329 328.5 328 326.6 325.3 323.1 319.3 315.1 310.9 307.7 305.1 303.6 299.6 298.9 296.5 294 291.3 288.2 285.6 283.9 281.3 278.1 275.1 269.6 261.8 253.9 241.1 231.1 224.3 215.9 208.4 204 198.7 192.8 181.8 178.7 175.8 175.7 180.5 184.5 189.7 191.8 191.6 191.6 192.1 192.2 191.8 200.1 211.7 225.2 238 248.5 253.6 261 268.2 275.4 282.2 290.1 295
