UK/data/ns/ns84_OST50GRID_20230518/NS84.asc
ncols 200
nrows 200
xllcorner 280000
yllcorner 640000
cellsize 50
[rows 70 to 104 of 200, columns 79 to 157 of 200]
89.5 92.6 103.4 116.5 123.9 124.1 115.4 105 103.3 101.3 104.1 105.1 106.6 107.6 107.7 106.1 105.3 106.7 106.7 107.9 109.2 111.7 113.7 115.3 118.8 121.6 125.2 119.1 120 123 121.7 124.8 130.2 136.3 140.3 146.6 152.7 159.8 168.1 175.7 182.3 188.4 194.5 198.9 203.3 207.4 209.4 211.6 214 214.6 214.7 213.5 214.8 213.1 215.7 216.3 216.9 218.4 218.7 218.6 219.7 224.9 229.6 232.1 233.6 233.8 232.5 231.3 230.4 228.6 226.7 224.5 222.2 220.1 218.6 217.7 216.9 215.8 214.5
96.5 91.8 100.4 110.9 120.9 127.1 121.3 114.3 112.5 110.9 111.7 110.9 113.1 114.9 115.6 111 104.1 106.2 106.4 107.1 108.2 110.8 111.3 111.7 115 115.8 117.6 115.2 116.8 119 127.1 132.5 133.8 136.7 142 145.1 150.3 159.5 167.5 175.2 182.7 188.6 193.9 197.7 201.6 205.7 208.5 210.2 211.5 212.6 212.1 212.5 210.8 214.9 217.2 218.2 219.2 219.3 218.6 219.2 221.9 226.2 230.6 233.2 234.2 234 232.7 230.8 229 227.2 225.4 223.2 220.9 219.4 218 216.9 216 214.7 213.2
108 98.1 99.8 105.8 117.2 128.6 130.1 127.6 126.3 125.5 126.8 128.3 128 127 126.7 123.4 112.2 110.4 109.6 107.3 107.2 109.8 109.2 109.4 110 110.9 112.5 113.6 115.4 120.2 125.9 129.5 130.8 130.5 134.1 139.6 148.3 158.5 168.4 176.2 182.9 187.5 191.9 196 200.1 204.2 207.2 208.8 209.8 210.2 207.7 210.5 214.1 216.4 218.4 219.6 220.6 219.7 218.6 220.9 225.2 229.2 232.3 234.2 234.7 234.4 233 231.1 229 227 225.1 222.7 220.7 219 217.4 216 214.9 213.5 211.5
110.1 110 115.8 118.9 123.8 132.8 138 137.7 135.8 134.4 136.8 139.7 140.3 140.1 139.2 136 126.1 122.8 120 115.9 111.2 108.8 109.1 108.7 109.4 110.4 111.3 112.7 113.8 115.6 119.9 121.9 123.3 127.3 132.1 140.1 150.3 156.8 165.1 173.1 179.1 184.9 190 194.7 198.8 202.7 205.6 207 206.7 201.1 208 212.1 215 217.9 219.7 221 220.8 219.5 218.8 224.2 229.4 232.6 234.5 235.8 235.1 234.6 233.1 231.2 229 226.8 224.7 222.3 220.5 218.8 216.9 215.1 213.3 211.6 209.8
121.5 122.6 127.8 126.4 134.7 139.8 145.2 145.5 143.5 142.9 145.5 149.9 149.8 148 150.8 149.2 140.6 135.8 131.3 127.7 123.2 118.2 113.6 110 109.2 109.9 110.7 112 112.4 112.6 115.1 118.8 124 129 130.6 139.6 150.1 152.7 158.8 167.1 177 185.8 190.1 192.8 196.5 199.8 202 199.4 200.2 207.7 209.8 212.3 216 218.8 220.7 221.3 220.8 219 220.7 227.3 233 235.8 236.7 237.3 236.4 235.1 233.2 231.3 229 226.7 224.3 221.8 219.7 217.7 215.9 214.7 212.9 211.9 209.2
131.4 131.5 133.6 133.9 138.6 144.8 149.8 150.6 149.6 149 151.5 154.8 153.7 154.8 158 159 152.2 147.8 144.4 140.1 135.9 130.9 125.5 118.1 110.6 109.2 110.1 111 111.5 112.4 115.2 121.7 125.4 127.4 127.8 132.7 143.5 146.8 154.1 165.1 176.6 182.9 186.6 189.5 191.8 196.2 190.5 202.6 205.6 208 209.6 212.6 216.6 219.5 221.2 221.5 220.2 218.5 223 230.2 235.9 237.5 237.9 237.7 237.1 235.3 233.3 230.9 228.3 225.7 223.1 220.6 218.6 216.5 215 213.9 212.7 211.9 210
136.7 136.2 137.7 141.2 144.4 149 153.1 154.8 154.5 153.9 154.9 156.4 157.3 159.8 161.5 161.9 157.8 157.6 157.8 153.5 149.3 144.7 137.7 128.2 119.3 112.1 110 110.1 110.7 112.1 114 122 124.1 125.3 124.7 129.3 139.1 146 151.8 161.4 169.8 173 173.3 173.4 177.2 186.7 198 203.1 205.5 206.8 208.8 213.1 217.2 219.8 221.1 221.5 219.6 220 225.4 232.3 236.9 238.3 238.6 238.2 236.8 235 232.9 230.2 227.5 224.8 221.9 219.6 217.4 215.7 214.8 213.8 211.8 209.8 207.7
142 141 142.5 146.3 149.2 152.6 155.8 157.3 157.8 156.8 157.1 158.4 159.8 161.6 163 163.7 163 165.3 166.9 163.2 161.2 158.5 149.8 140.5 129.8 120.1 113.2 111 110.5 111.7 112.9 116.1 120.5 122.7 121.5 126.7 135.2 143.8 149.3 152.7 153.5 153.4 160.1 174.6 185.9 194.4 197.2 200.2 203.8 206.8 209.7 213.6 217.3 219.4 221.3 221.5 219.2 220.9 227.4 233.2 236.8 238.2 238.7 237.7 236.2 234.6 232.4 229.6 226.6 223.6 220.9 218.5 216.4 214.7 213.4 212.6 209.8 208.2 207.1
146.1 146.2 146.8 149.8 152.7 155.3 158.4 159.3 159.1 159.2 159.3 159.9 160.6 162.2 163.9 165.4 166.2 168.4 169.6 168 167.7 168 163 153.7 142.3 131.1 121.5 115.3 112 111.4 112.7 114.4 116.6 119 120.3 123.7 130.2 137.7 140.3 143.8 152.9 161.7 172 181.6 185.2 191.4 195.6 199.6 204.2 207.4 210.2 214 217.5 219.7 220.9 220 220 222.9 228.2 233.2 236.5 237.8 238.1 236.9 235.5 233.4 230.9 228.2 225.4 222.4 220 218 216.6 214.4 212.8 210.4 208.2 206.7 206.7
147.9 148.6 149.6 151.4 153.9 156.2 159.3 160.2 160.2 160.4 161.1 162.1 162.5 163.1 164.7 166.1 167.7 170.1 171 172 171.9 172.2 171.6 167 155.3 142.5 132.5 122.7 117 113 112.8 114.4 115.8 116.9 118.7 123.2 127.8 133.9 143.2 154.4 160.3 164.1 172.1 176.4 184.2 191 194.9 199.1 204.5 207.7 210.7 214.6 217.9 220.1 220.4 219.6 219.4 223.8 228.2 233 235.6 236.7 237.2 236.1 234.2 231.7 229.2 226.6 224.1 221.8 219.6 218 216.7 214.5 212.4 209.8 207.4 205.9 205.7
149 150.5 152.1 153.6 155.1 157.1 159.3 160.3 161.3 162.5 162.9 163.7 164.8 165.6 166.3 166.9 168.2 170.5 172 173.4 175 176 175.5 175.1 168.7 156.6 144.6 133.6 122.7 115.8 114.6 113.9 114.7 115.8 117.4 122.3 130.5 139.8 148.8 160.1 168.3 173.2 177.3 179.6 186.8 191.7 195.9 200.5 205.2 208.3 211.2 215.2 217.8 219.3 219.7 218.9 219.9 224 228.4 231.9 233.9 235 235.8 234.6 232.3 229.9 227.5 225.2 223.1 221.1 219 217.8 216.8 214.5 211.6 208.9 207.3 206.5 205.2
151.1 152.5 154.4 156.2 157.8 158.9 159.9 161.1 163 164.4 164.7 165.2 165.9 166.9 168.2 168.5 168.8 170.6 172.3 174.8 176.9 178.9 179.2 178.9 178.5 170.2 157.3 146.2 131.7 121 117.3 114.2 113.5 114.3 115.3 118.7 127.7 140.2 150.9 158.2 166.2 173.2 179.7 183.7 188.1 191.5 196.2 200.6 205.1 208.9 212 215.7 216.9 217.5 218.5 218.4 220.2 223.6 227.4 231 231.9 232.7 233.2 232.6 230.4 228.1 225.8 223.9 222 220.1 218.5 217.2 215.9 214 210.9 208.6 207.1 206.5 205.6
152.3 154.6 155.4 157.4 159 160.4 161.3 162.5 163.9 165.1 165.9 166.3 167.1 168.3 169.5 170.5 170.8 171.7 173.6 176.2 178.8 180.9 181.9 182.2 181.8 178.3 168 155.4 141.1 127.7 122 115.5 113.6 114.1 115.5 118.5 124.4 133.7 146.3 156.3 163.6 170.8 177.1 181.4 186.9 191.4 195.9 200.4 204.7 208.8 212.8 215.3 216.3 217.1 218.3 218.9 219.5 222.4 226 228.8 230 230.7 231 230.5 228.6 226.4 224.7 222.9 221.5 219.8 218.2 216.7 215 212.9 210.5 208.4 206.4 205.5 204.2
152.1 154.6 155.8 157.6 159.9 161.6 162.8 163.4 164.1 164.5 165.5 166.6 167.4 168.8 170 171.2 172.3 173.5 174.8 177.4 180.3 182.5 183.7 184.6 184 181.5 176.6 165.2 150.8 135.3 126 119.7 114.3 114.2 115.8 119.4 122.8 130.6 145 154.7 161.9 167 172.6 180.6 187.5 192.5 196.9 201.4 205.7 209.4 211.9 214.1 215.5 217 218.4 219.1 219.8 221.5 223.9 226.2 228 228.6 229.1 229.2 227.1 225.3 223.7 222.3 220.9 219.4 217.9 216.3 214.6 211.8 209.3 207.8 205.9 204.5 202.5
150.6 154.1 156 157.9 160.1 161.6 162.4 163 163.3 163.5 164.2 165.4 166.8 168.2 169.6 171.1 172.3 174.1 175.9 178.7 181.7 184.1 185.5 186.3 186.1 184.8 180.7 173.8 161.3 146.2 131.6 120.9 115 114.5 115.7 118.3 121.4 125.2 132.8 145.1 156.7 163.9 170.9 179.2 187.5 193.6 197.5 201 205.6 208.8 211.5 214.7 216 217.2 218.5 219.3 220 220.5 222 223.9 225.6 226.8 227.8 227.4 226.4 224.9 223.4 222 220.5 219 217.4 215.8 213.5 210.7 208.1 206.6 205.2 203.9 201
148.3 152.5 154.3 156 158 160 161.8 163 162.2 161.9 162 164.1 165.6 167.1 168.7 170.5 172.4 175 177.6 180.5 183.4 185.8 187.2 187.9 188.1 187.2 184.3 178.6 171.1 157.8 139.3 123.8 115.3 115 115.3 116.5 119.8 122.6 128.1 137.6 149.7 159.6 166 172.6 183.1 192.7 197.5 201.9 206.6 208.9 212 214.3 216.2 217.6 218.7 219.4 220 220.5 220.9 222.5 224.2 225.5 226.2 226.3 225.9 224.6 223.1 221.7 220.1 218.6 216.9 214.9 212.3 209.3 206.8 204.8 203.2 200.6 196.9
141.2 149 151 153.5 156 158.4 159.9 161.5 161 159.1 158.6 163.5 166.5 167.6 169.1 171 174.9 177.7 179.5 182.5 185 187.2 188.6 189.6 189.1 188.1 187 183.7 178.2 167.4 147.7 129.5 116.9 115.3 115.5 116.6 118.2 120.9 126.1 134.5 143.9 154.5 159.8 163.2 170.4 186 196.8 202.4 206.8 209.5 212 214.4 216.2 217.9 218.7 219.5 220 220.5 221 221.8 223.2 224.2 225.2 225.4 225.5 224.5 223 221.5 220 218.2 216.2 214.2 211.1 208.1 205.3 202.6 199.3 195.6 189.2
136.3 143.4 148.5 151.1 154.2 156.5 157.3 157.2 156.1 155.3 157.7 162.8 166.8 168.9 170 172.3 176.6 179.9 181.9 184.1 186.3 188.5 189.6 190.6 190.1 189.1 188.3 187.4 184.1 174.3 158 138.7 122.5 115.9 115.8 116.7 117.5 120.2 122.9 130.3 139.4 147.6 153.9 157.8 161.9 177.2 194.2 201.2 206.2 209.1 212.1 214.7 216.6 218 218.7 219.4 220.1 220.6 221.3 222 222.8 224.2 226.1 226.2 225.6 224.7 223.2 221.5 219.6 217.6 215.5 213 209.8 206.7 202.7 200 195.1 187.2 180.3
133.3 138.4 144.2 149.7 152.3 154.4 155.4 154.3 153 152.9 157.6 162.6 167 170.2 172.1 173.6 177.7 181 183.7 185.6 187.6 189 190.3 191.3 191 190.7 190 189.3 188 182.5 167.9 149.1 130.9 119.3 116.8 117 117.5 118.6 119.8 123.7 131.8 141.8 150.8 156.6 160.9 171.8 190.9 199.6 204.2 208.3 212 215.1 217.3 217.7 218.5 219.4 220.2 220.9 221.5 222.4 223.6 225.3 226.6 226.5 226.1 225 223.2 221.3 218.9 216 213.6 211.1 207.7 200.9 194.6 187.8 176.8 170.3 162.1
132.1 136.5 142.2 147.1 150.4 152.8 152.6 151.4 150.7 152.1 155.7 162.9 168.6 172 173.6 175.3 178.4 181.9 184.8 187 188.4 189.7 191.1 192.1 192.2 192.4 191.8 191.5 191.9 187.2 172.7 158.4 144.2 127.9 118.1 117.7 118.1 119 120.1 123.1 127 135.2 145.3 153.2 160.5 169.4 186.8 196.1 202.8 207.3 211.2 214.8 216.4 217 218 219.2 220.4 221.5 222.5 223.2 224.5 226.2 226.8 226.9 226.5 225 223.3 221 218.3 215.5 212.5 209.3 204.7 195 183.6 176.2 167.8 158.4 150.9
127.9 131.5 135.6 142.6 148.2 149.8 149.5 148.3 148.6 150.3 152.6 157.8 166.5 172.6 174.1 175.8 179.2 183.1 185.3 187.7 189.3 190.7 192.1 193.1 193.4 193.6 193.5 193.6 193.8 190.7 180.6 167.3 155 139.4 124.5 119.8 119.8 119.9 121 120.9 123.1 129.3 139.4 151 159.9 168 184.9 196.7 201.8 206.3 210.2 213.4 214.6 216.4 218.7 220 221.3 222.5 223.8 225 226.3 227.6 227.8 227.7 226.6 225 223.2 220.4 217.3 214.3 211.3 208.2 203.2 194.6 182 171.9 164.2 156.6 148.7
121.3 125.2 131.6 138.8 145 146.6 146.3 146.1 147.9 149.6 151.8 154.1 161.4 169.2 173.2 174.9 178 182.9 185.9 188.2 190.5 191.9 192.9 193.9 194.7 194.9 195.2 196.1 195.4 192.9 187.9 176 164 151.6 135.2 123.2 121.8 121.6 123.2 122.3 121.3 127 136.8 148.4 156.7 162.1 179.9 195.1 202.3 207.3 209.9 212.2 214.4 216.8 219.2 220.7 221.9 223.6 225.6 226.9 228.2 229 229.3 228.5 226.3 224.8 222.7 219.5 216.1 212.8 210 207 201.8 194.5 181.8 169.3 159.1 151.8 146.7
114.6 121.4 129.2 136.3 141.9 143.2 143.7 145.2 146.4 149.1 150.9 152.8 157.5 165.8 171.1 172.7 177.5 182.4 185.6 188.4 190.7 192.7 193.8 194.8 195.7 196.1 197 197.7 197.1 194.8 191.6 183.5 171.8 160.4 147.3 135.7 127.5 125 126.6 123.6 121.4 124.4 133.9 142.2 145.4 162.3 184 194.7 202.2 207.3 210.1 211.6 214 216.5 218.8 220.8 222.2 224 226.9 228.9 229.9 229.9 229.9 228.8 226.5 223.9 221.6 218.5 214.8 211 208 205 200.1 190.7 177.9 163.9 152.7 143.5 139.4
110.9 119.4 127.1 134.1 137.4 139 142.3 143.2 144.6 148.3 150.6 152.2 155.8 162.9 168.7 171.5 177 182.1 184.9 188 190.9 193.1 194.6 195.7 196.9 197.9 198.4 199 198.5 196.5 193.3 187.9 177 165.6 154.2 141.3 131.3 127.5 127.2 123.3 121.6 124.5 129 137.6 150.7 167.4 185.2 193.7 200.5 205 208.3 210.8 214.4 216.7 218.8 221 223.6 225.7 228.6 231.2 231.7 230.9 229.9 228.1 225.3 222.5 219.7 216.6 213.4 209.2 205.8 202.6 195.9 186.2 173.9 160.8 150.5 143.1 134.6
110.1 118.4 124.3 128.5 130.3 136.3 139.9 142.8 144.9 147.8 150.9 152.7 154.9 160 166.6 173.2 178.3 181.5 184.2 186.9 189.9 192.6 195.3 197.3 198.6 199.5 199.9 199.8 199.1 197.6 194.3 189.9 180.6 167.6 154.5 140.8 134.9 131.7 127.4 121.8 121.4 123.1 126.5 136.2 153.3 165.4 182.2 191.1 198 202.6 206.1 209.8 214.8 217.1 219.7 222 225.2 228.4 230.9 232.2 232.5 231.3 229.6 226.3 223.5 220.7 217.2 214 210.9 207.6 203.6 198.5 190.2 181.5 170.7 158.3 149.7 143 134.2
107.1 114 117.9 120.7 119 132.7 135.8 141.4 145.4 148 150 151.7 154 157.1 163.3 171.9 178.6 180.3 182.9 185.3 188.2 192.4 195.3 197.2 198.7 200.4 200.8 200.5 199 196.7 194.2 190.7 182.9 166.6 155.8 145.2 141.3 135.6 124.7 121.3 121.2 122 124.6 136.9 151.4 167.9 179.8 187 194.3 200 204.1 209.1 213.7 216.9 220.3 223.6 225.5 229 232.2 232.2 232.6 231.1 228.4 224.7 221.8 218.8 215.8 211.9 208 204.1 198.6 192.1 183.6 175.6 167 155.3 146.7 139.6 127.6
103 107.4 110.4 112.5 111.5 120.9 127.9 137.2 143.7 146.5 148.3 150.1 152.4 155.5 161.5 168.5 175.9 180.1 181.5 183.8 186.7 191.2 193.6 195.7 197.3 199.3 200.6 200.7 199.3 196.7 194.2 190.8 184.6 170.2 159.6 149.2 144.1 136.3 122.8 121.5 121 121.3 123.4 137.4 152.9 166.8 178.2 186.1 192.5 197.4 202.3 207.8 211.1 215.6 219.8 223.6 227.2 229.5 230.4 231.2 232 229.8 227.1 223.1 219.8 216.9 213.9 209.9 204.7 199.1 193.3 187.1 180 172 162.4 152.3 142.3 133.6 123.4
98.2 101.1 102.3 104.1 107 113.6 121.2 130.6 138 143 146.1 148.2 150.3 153.1 157.9 165.8 173.2 177.3 178.9 180.2 183.4 187.8 192 194 196 198.2 200.4 201 200 197.3 194.4 191.2 186.4 175.8 162 151.7 144.7 134.4 122.4 121.6 121.2 121.2 123.1 131.9 150.4 164.9 175.7 182.9 190 195.3 200.3 205.4 208.1 211.7 219 223.1 226.8 228.5 227.7 228.2 228.4 227.7 225.8 221.9 217.9 214.1 210.3 206.1 199.2 193.8 188.1 182.6 177.2 169.3 158.2 148.6 136 126.2 136.1
91.2 94.1 95.4 95.1 104.1 109.2 115.4 123.2 129.8 136.6 143 145.8 148 150.2 155.1 161.8 168.6 174.3 176.5 177 179.8 184.2 189.6 193.5 195.2 197.1 199 200 198.8 196.6 194 191.1 185.2 175.4 164.3 153.5 141.4 129.3 123.2 121.8 121.7 121.5 122.5 126.3 143.5 158.3 170.5 178.5 186.3 192.3 197.5 202 204.8 208.5 213.7 220.9 223.4 224.3 224.8 226.4 225.5 224.3 223.4 221 215.6 211.1 205.7 199.9 193.4 187.5 184 180.3 174 166.3 154.4 140 126.5 127.8 140.7
86 88.5 89.7 95.4 100.9 105.7 110.1 116.6 122.6 130.2 136.6 141.1 144.3 148.2 152.6 159.1 165.4 170.4 174 174.6 177 182.5 187.4 191.7 194.1 195.3 196.9 197.8 196.8 194.9 192.5 190.9 185.4 175.9 166.4 156.8 144.5 132.3 128.3 122.2 121.9 121.8 122 123.3 132.2 146.3 159.4 171 176.5 185.6 190 195 200.4 205 209.3 214.5 218.9 219.8 220.4 221.6 222.4 221.1 219.9 217.3 212.8 206.8 200 194.1 188.3 183.2 181.1 177.2 168.5 157.2 147.6 132.9 124.8 128.8 142.1
81.1 81.1 86.6 91.6 95.9 101.4 105.6 110 115.3 122.2 129.5 135.8 141.5 146 151.2 156.6 162 166.7 170.6 172 174.6 180.2 184.6 187.5 190.3 192.1 193.6 194.5 194.2 192.6 190.8 188.9 186.4 181.7 169.1 158 149.5 133.8 130.1 123.3 122.3 122.2 121.9 122.3 123.8 133.5 144.6 155.4 166.3 172.3 177.6 185 193.1 200.1 204.6 209.2 213.6 215.3 216 216.6 217.6 217.5 215.5 211.3 203.9 199.9 193.1 187.3 183.9 178.4 176.8 172.6 161.4 145.4 132.5 127.4 125.6 131.4 141.9
75.7 78.7 83 86.5 90.6 95.3 99.9 104.5 110 116 122.6 129.8 137.9 144.1 150.6 155.2 159.2 162.4 165.5 168.6 171.7 177.2 181 183.4 186 188.4 189.4 190.7 190.9 190.1 189.1 186.8 184.7 181 172.8 161.4 154.1 138.6 128.6 126.3 122.9 122.6 122.7 122.6 122.5 123.3 124.9 131.1 143.8 158.3 167.4 175.3 180.6 190 199.3 203.7 207.9 210 210.9 211.8 212.5 211.9 202.6 183.2 170 173.8 166.3 155.6 165.8 166.3 165.2 159.4 146.4 131.2 126.4 122.4 125.3 130 136.3
69.6 72.8 77 80.4 84.3 89 93.9 99 104.8 110.3 115.8 121.8 129.3 140 148.6 152.8 155.9 158.4 160.1 163.8 168.2 174.2 177.9 179.7 182.6 185.9 187.6 188.5 188.4 188.8 188 186.6 183.5 180.5 172.6 165.2 157.3 144.6 130 126 124.8 125.7 129.8 126.2 124.8 124.1 123.3 123.7 129.7 141.9 153.7 165.1 166.4 178.4 189.4 195.5 200.7 203.8 205.4 206.3 206.6 203 186.6 156.4 120.5 136.4 119.6 115.9 138.1 142.6 137.3 138.9 129.9 124.5 123.9 124 126.4 133.4 136
64.1 65.9 67.9 71.8 77.2 81.9 87.4 92.9 98.7 103.6 108.8 115.6 121.9 133.3 142 148.3 152.3 153.9 154.8 158.2 164.7 171.9 175.6 177.3 180.1 184 185.4 185.4 185.5 185.8 186.4 186.1 184.6 181.5 178.7 174.3 165.5 154.9 138.8 130.2 128.5 129 136.1 137.6 134.3 131.3 128.4 125.7 124.2 128.6 138.7 151.1 156 163.1 177.8 187.9 193.4 198.1 199.4 200.8 199.5 193.9 178.2 135 121.3 127.5 137.6 151 140.2 131.9 126.1 119.2 121.6 122.7 123.1 128.3 139.3 144.9 146
57.5 57.5 60.4 60.7 70.8 75.2 80.6 86.6 92.2 96.7 101.8 108.1 115.6 124.6 134 140.8 145.6 148.4 149.9 152.7 159 167.9 172.8 174.9 177.5 181.1 183 183.1 182.8 183.6 185 186 185.4 183.5 180.7 179.1 173.5 162.6 151.8 144.4 138.1 133.8 139.4 142.2 137.9 132.7 130.3 130 123.8 124.4 129.9 137.6 141.5 151.4 167.8 180.6 188.2 192.3 192.6 194.1 191.6 183.5 165.4 129.4 136.4 157.1 162.6 165.8 163.2 150.1 131.2 119.6 120.5 120.9 122.6 145.8 152.2 152.9 150.8
