UK/data/no/no06_OST50GRID_20230518/NO06.asc
ncols 200
nrows 200
xllcorner 300000
yllcorner 760000
cellsize 50
[rows 35 to 69 of 200, columns 0 to 77 of 200]
675.6 666.1 652.3 644.8 638.3 633.3 622.5 613.5 609.3 604 603 598.9 591.7 590.3 588.6 585.7 578.9 568.3 563.2 560.1 558 554.8 549.1 546.4 548.1 547.8 541.4 538.5 531.1 526.8 524.5 521.4 520.2 514.8 513.1 505.7 502.1 496.1 493 495.4 496.6 497.4 498.3 502.8 510.8 515.2 523.2 524.3 514.9 505 481.1 465.5 460.2 458.2 457.4 459.7 464.2 468.3 472.9 474.6 475.3 473.6 469.7 467.3 463.6 458.7 454 448.9 442 431.9 423 413.9 398.1 386.5 378.2 371.1 363.5 356.3
667.3 657.9 645.8 638.9 633.9 629.6 621 612.9 607.4 597.5 596.3 594 589.5 581.5 584 578.5 569.3 562.1 558.3 556.1 553.7 551 545.5 546.5 547.4 545 537.3 533.4 528.2 525.8 525.7 525 522.5 518.2 514.1 506.8 501.7 497.1 488.9 490.5 490.1 489.5 490 496.3 496.1 496.9 509.3 514.3 508 504 479.5 465.3 459.3 457.6 457.2 460.8 465.3 473.7 477.8 479.7 480 476.5 474.4 472.6 468.4 464.3 460.2 454.6 450.1 438.7 429.6 419.8 402 391.8 382.3 374.7 367.5 358.4
658.7 648.1 636.8 632.2 627.6 623.5 616.6 612.1 605.9 598.2 594.8 587.4 582.5 575.5 573.7 571.6 564 558.4 554.6 552.2 549.7 547.6 542.1 545.6 545.2 537.4 534.4 529.3 525.7 526.8 527.3 524.4 524.1 519.9 516.1 511.1 501.3 495.4 487.9 484.9 483.7 482.9 483.7 488.4 487.8 491 499.1 495 495.6 493.8 473.9 464.9 458.2 456 455.8 460.6 466.4 475.6 481.3 483.1 482.6 479.5 477.7 476.9 473.2 471.2 469.6 463 456.2 445.2 436.1 425.1 408.9 397.2 385 375.7 370.8 359.2
644.8 634.9 626.4 620.4 617.8 615.9 610.5 609.5 606.9 594.4 589.8 586.2 581 575.4 569.9 564.1 559.6 556 553.7 550.1 547.7 544.8 541.1 542.4 539.2 535.8 532.9 530.2 528.7 529.5 528.5 529.5 527.5 524.6 521.6 513.4 503.7 494.1 487.1 482.9 480.2 478.5 478.9 481.6 481.5 485 486.4 483.5 486.8 475.7 469.2 461.5 456.5 454.1 455.1 459.9 466.5 474.1 481.7 485 484.8 480.9 479.1 478.8 476.7 478.1 474.2 466.6 461.5 451 444.3 429.7 415.7 403.2 387.7 378.5 371.6 362.9
629.4 624.2 614.4 614.2 613.2 609 605.1 603.5 600.1 590.9 583.7 583 579.2 573.7 567.9 563.8 559.2 555.7 553.2 551 548.1 544.8 541.2 538.2 537 535 533.8 535.6 531.9 533.3 534 531.4 530.7 531.1 524 515.6 503.6 493.2 487.3 483.9 481.2 477.3 474.1 476.6 477.2 478.8 474.1 474.9 471.4 465.8 464 458.5 453.6 453.1 453.1 458.8 463.8 471.2 479.1 485.7 483.5 480.7 479.2 477.7 476.6 478.7 476.8 473.9 464.6 457.9 452.7 435.8 423.1 407.2 391.4 382.9 375.8 367.1
622.4 615.6 605.6 606.2 607.2 606.3 600.1 592.4 591.7 585.9 581.9 578.2 575.2 570.3 566.4 562 557.8 556.3 553.8 549.8 547.2 543.6 540.5 539.2 537.2 537.7 536.7 537.4 537.5 537.3 537 534.8 538.2 536.1 530.5 519 504.4 493.1 487.4 483.9 481.5 478.1 474.5 472.2 472.6 469.9 465.7 463.6 460.9 458.3 458.1 455.1 452.9 450.5 451.7 454.7 459 464.9 473.1 478 475.5 476.6 477.5 474.9 474.5 475.1 476.1 477.8 471.8 463.7 461.2 438.9 429.2 407.8 394.3 389.8 382 370.4
614.4 604.6 600.8 598.5 601.9 599.5 594.8 591.3 586 583.6 578.7 575.3 570.2 568.9 564.3 560.3 557.2 553.5 551 548 544.8 541.6 540.1 539.5 540.2 539.1 538.5 538.7 538.7 538.5 536.5 538.8 543.3 538.6 533.8 521.8 510 498.3 488.4 484.5 482.8 481.3 477.5 468.6 469.1 464.9 460.8 459.1 456.6 454.2 454.4 452.7 451 449 448.4 449.5 452.8 458.3 463.1 465.6 466.6 470.3 472.7 469.4 467.2 470.1 471.5 476.4 472.5 471.2 464.9 448.5 428 412.2 401.5 395.2 387.2 372
608.6 598.7 597 593.4 593.4 593.5 589.8 588.3 584.6 575 575.7 574.8 569.4 562.2 559.9 557.4 554.7 550.7 547.1 544.6 540.6 540 539.8 539.9 539.9 539.5 539.2 540.5 540.5 540.9 540 540.1 541.5 540.2 533.6 523.3 513 503.1 492.4 487.4 486.2 485.3 481.4 474.1 464.4 459.5 457.5 455.8 453.9 452.3 451.5 450.3 448.9 447.6 446 445.6 445.5 445.4 446.9 452.1 454.2 460 458.4 462.9 461.4 462.4 465.7 469.6 468.8 466.9 469.4 456 431.5 418.6 408.9 405 387.7 376
601.7 593.1 591.5 591.2 589.5 586.5 583.6 583.5 580.6 575.9 569.4 570.1 566.3 560.8 555.1 552.9 551.4 547.3 545.1 542.2 537.9 538 539.5 539.7 539.7 540 540.5 540.9 542.1 542.4 542 541.6 542.2 540.3 535.8 526.8 517.2 507.6 495.1 494.6 494 490.2 484.7 478.7 471.7 465.8 462.2 456.8 450.2 449.1 447.7 448 446.1 444.9 444.3 443.7 443.4 443.3 442.8 442.1 443 444.8 449.1 452.6 450.8 452.3 456.3 458 460.9 460.8 464.4 446.6 434.4 426 415.9 405.2 391.3 377.8
592.4 589.1 585.9 585.6 585 581.4 578.1 576.1 572.2 570.3 564.8 564.1 561.9 557.7 553.9 551 547.4 545.5 542.5 539.5 536.4 537.6 537.7 539 538.6 539.7 541.2 541.9 544 543.9 544 544.2 542.7 541.3 538.2 528.8 522 511.9 502.5 504 501.4 496.9 487.9 482.5 475.3 470.9 466.8 459.6 453.6 450.3 446.4 445.9 444.2 442.4 441.1 441.7 442.7 442.4 441.5 440.3 439.3 438.3 442.4 441.9 437.4 442.4 444.6 444.6 452.5 447.3 451.3 445.9 436.7 426.2 421.1 409.5 396.2 381.3
588.9 582.9 581.9 582.8 581.1 577.6 574.4 573.9 571.1 568.4 566.3 560.4 558.7 555 550.1 547.7 545.4 541.2 539.2 536.3 534.1 533.3 535.2 537.3 536.6 539.5 540.7 544.7 546.1 547.8 548.9 548.2 545.4 543.9 541.5 532.4 528.5 518.3 513.7 512.5 509 502 493.1 485.5 477.5 475.2 469.2 462.2 458.5 454 449.2 445.3 444 443 441.9 438.8 440.7 441.7 441.2 438.8 437.9 437 436.7 432.2 429.2 426.5 425.8 424.2 428.2 431.8 436 438.5 434.6 427.4 421 412.5 395.6 381.6
581.3 576.5 575.1 575.9 576.5 568.8 569.6 571.2 568.7 563.2 559.7 554 553 552.5 545.7 544.2 540.2 537 534.9 533.8 532 532 532 534 535.7 538.3 541.9 546.1 548.1 550.5 553.3 553.6 553 551.9 548.9 541.6 533 528 524.2 524.1 517.6 509.1 496 483.6 479.9 477.1 467.9 464.5 462 457.6 452.6 448.6 446 444.2 443.4 441.2 438.8 438.4 439.6 438.5 437.3 434.9 432.4 429.2 426.6 424.3 422.5 420.8 418.9 421.3 426 429.9 429.5 426.9 420 412.2 395 385.2
576.4 571.8 571.5 566.4 565.2 565.3 564.2 563.3 561 557.5 552.3 548.8 549.3 547.5 542.7 538.7 534.9 532.1 532.4 531.5 528.6 529.6 528.7 528.8 535.1 538 542.3 546.3 549.6 553.1 561.8 564.9 563 562.6 557.8 550.5 543.2 537.9 537.4 536.4 524.6 510.4 497.1 485.5 481.2 477.2 469.9 466.5 464.2 458.3 454.1 450.2 447.2 446.4 445.6 443.4 441 439 437.3 437 435.6 432.6 429.1 427.5 425.3 423.3 421.6 420 418.4 417.6 418.6 423.6 425 424.8 420.3 413 397.7 388.4
574 570.3 567.7 567.9 564.8 561.6 557.1 556.8 553.7 551.5 546.2 544.8 545.1 544.2 539.8 535.6 530.6 528.2 530.5 529.4 526.9 527.6 526.9 528.4 532.2 536.5 541.5 545.4 549.7 558.3 569.4 576.5 573.2 572.1 568.9 562.3 555.2 548.5 551.4 546.8 530.7 511 497.7 488.5 481.8 475.7 470.4 466.2 462.2 457.4 454.2 451.2 449.2 447.9 446.6 444.6 442.3 439.5 435.8 430.1 432.5 430.5 427.4 425.3 424.1 422.3 420.6 419 416.6 415 416 418.2 420.9 422.3 416.7 409.2 399.8 389.3
573.3 568.6 564.5 564 560.8 555.5 552.5 552.7 552.1 550.3 543 540.8 539.5 536.9 534.3 531.8 527.4 526 527.2 525.9 524.2 524.4 524 527.7 531.6 534.7 539.5 542.9 549.2 558.3 571.3 580 581.8 577 575.1 572.4 567.1 561 565.4 555.4 533.1 513 496.9 491.8 483.3 475.9 471.9 467 460 456.3 455.7 454 451.5 449.5 447.3 445 442.2 439.6 436.7 433.7 427.4 426.9 424.6 422.6 422 419.9 418.8 417.6 413.7 412.7 414.7 416.2 417.6 417.4 411.9 409.3 401 391.1
571.7 567.3 562.1 556.8 553.3 550.6 546.1 548.5 548.5 545.2 540.3 539.7 534.7 533 530.8 527.9 525.3 524.1 523.6 522.5 520.5 521.9 523.1 526.4 530.3 532.2 537 541.4 547.3 555.4 566.3 575.9 581.3 579.1 579.3 580.9 573.3 570.8 573.5 553.6 531.4 513.4 498 493 483.2 476.2 471.5 467.5 462.2 459.5 458 455.5 453 450.5 448 445.2 442.5 441.1 438 435.3 431.8 427.5 423.4 418.5 419.5 417 415.8 414.1 408.8 409.4 412.8 413.5 414.4 413.4 407.1 406.2 400 394
568 564.3 559.7 554.1 548.9 547.1 546.2 540.7 536.8 538.6 538.6 538.2 534.3 528.2 526.6 523.8 521.1 520.3 520.2 519.3 519.1 518.8 521.3 525 527.2 530.9 535.4 540.1 545.5 551.4 560.4 569.6 573.7 579.7 585.4 584.6 578.3 583.6 578.1 552.1 531.2 513.8 501.7 492.7 485.1 476.9 472.5 468.3 465.7 463 459.3 456.4 453.9 451.4 449 447.2 444.9 442.2 440.3 437.8 435.5 431.7 425.4 421.8 417.1 414 412.2 411.4 412.2 406.1 408.9 408.6 407.9 405.1 402.8 401.5 398.7 394.8
565.7 560.4 555.9 552.5 549.5 549.3 546.8 545.4 540.8 533.8 535.7 533 529 522.1 522.4 519.2 517.2 517.1 517.7 517.6 516.7 518.5 520.5 523.1 526.2 529.8 533.6 536.8 542.5 548.3 553.8 560.7 567.1 577.5 585.3 585.7 583.3 591.1 581.4 551.4 532.1 515.9 507.1 498.7 488.3 479.5 474.3 470.3 467.1 464.5 461.7 458.8 456.7 453.5 451.2 449.1 446.5 444.8 444 441.8 438.9 434.8 428.6 425 420 417.2 415.9 414.6 413.3 409.7 405 400.2 401.2 400.1 397.5 396.5 396 393.5
563.3 556.4 556.9 554.4 549.1 544.9 543.7 543.6 536.7 530.2 528 528.2 524.4 519.3 516.2 514.1 514.4 515.1 515.4 515 514.3 515.5 518.5 519.8 523.9 527.2 530.9 533 539.4 545.4 551.5 557 563.1 574.2 581.6 584.4 589.5 594.2 584.1 554.5 535.7 523.7 514 502.1 492 482.9 477.2 472.7 468.4 465.9 463.6 461.4 459.8 458.2 455.2 452 450.2 448.9 446.1 444.6 440.4 434.1 433.5 428.7 423 418.8 416.4 414.4 412.3 411.2 409.2 406.1 397.5 395.8 393.7 393.3 394.7 393.4
563.3 563.4 560.6 556.7 550.4 546.6 543.4 535.7 534.9 532.4 527 519 516.6 512.5 511.5 511.4 513.2 513.4 512.6 512 511.2 512.3 514.8 518.3 521.1 524.3 526.7 531.2 538.6 542.3 549.4 556.1 562.6 571.2 578.2 582.8 594.9 599 591.4 559.8 542 530.8 520.7 510.2 494.3 487.1 480.8 474.8 470.8 468.8 468.4 467.3 465.3 463.5 461.1 457.4 456.1 453.1 451.5 449.9 447.2 443.3 437.2 432.1 427.1 421.3 417.4 414.7 411.7 410.6 408.2 405.8 403.1 400 392.9 387.5 389 388
568.2 564.8 560 552.8 549.1 545.2 538.1 532.8 531.5 529.9 523.9 518.9 514.5 512.1 508.1 511.1 511.3 511.5 510.5 509.5 507.5 508.2 509.8 514.9 517.7 519.9 524.2 529 534.3 539.9 547.7 555.1 564.9 571.3 576.9 586 596.9 598.6 588.1 565 547.6 542 525.6 511.4 496.6 489.5 483.1 478.8 474.4 473.1 473.7 473.5 471.7 470.7 468.9 465.4 463.4 459.8 458.3 455.6 454 447.4 441.4 436 430.6 424 419.6 416.6 414.1 411.2 409.2 405.6 401.6 399.1 394.1 393 386 378.2
572.6 564.9 555.5 551.3 551.6 548.4 542.2 536.8 532.7 526.8 519.6 512.9 515 514.4 506.4 509.6 509 508.9 507.5 506.7 505 506.3 508.4 510.8 513.4 515.9 520.6 525.4 531 537.2 546.9 556.4 564.6 571.6 577.2 591.5 601 599.6 580.9 569.5 554.9 553.5 530.7 514 499.5 491.5 485.7 480.9 478.4 477.5 480.8 479.6 480.4 481.5 481.7 478.2 470.9 466.4 464.1 461.7 455.4 452 445.9 439.9 434.3 427.7 422.5 418.9 416.6 413.8 412.1 409.7 407 404.6 400.7 399.2 395.7 387.8
572.9 563.5 558.7 553.8 548.8 547.1 543.3 540.7 536.9 527 518.2 514.3 509 510.8 503.9 507.4 507 505.9 503.9 504.1 502.6 504.5 505.6 507 509.1 512.3 516.4 520 528.5 538.5 548 557.3 565.4 571.7 579.4 596.2 604.5 598.6 579.8 573.4 563.4 554.4 534.2 512.1 501.4 495.2 488.7 482.6 481.5 482.2 487.6 490.2 491.9 495.1 496.9 493.3 481.3 476.8 474.2 468.2 463 456.5 448.4 443.7 438.2 432.4 426.4 422.2 419.3 416.9 414.4 412.7 410.5 408.5 405.5 402.3 398.4 394.2
572.7 568 564.5 560.2 554.8 549.7 545.8 542.3 532 520.2 515.5 514 511.4 504.2 501.8 504.6 504.9 501.8 501.2 501.6 499.8 502.4 503 503.2 504.4 507.7 513.4 519.1 528.8 536.7 548.5 556.5 564.4 571.4 584.9 598.8 606.3 593 579.7 574 565.4 552.5 529.1 511.8 504.3 497.5 489.9 483.3 484 487.3 495.6 499.4 502.8 509.8 508.6 503.1 494 488.9 483.2 483.7 475.2 462.7 453 446.5 441.6 435.3 428.9 424.7 422.1 419.4 416.7 415.2 413.8 411.5 408.5 403.7 401 395
572.4 570 567.1 563.9 559.1 555.1 549.3 542.2 533.9 524 519.4 512.1 507.3 504.5 500.6 498.4 500.8 499.2 500.3 498.3 497 499.6 500.3 499.6 501 503.6 509.7 516.7 526.1 536.3 546.5 554 563.1 572.2 591.1 601.1 598.4 584.2 576.7 564.3 563.5 546.4 531 515.7 505.8 496 488.8 486.6 486.9 492.1 502.7 506.5 510.8 522.9 520.5 513.7 509.1 501.9 495.7 497.2 488.4 469.1 456.5 450.7 445.1 438.5 432.5 428.6 425.6 423.4 421 419 417 414.3 411.6 408 406.2 398.6
570.8 570.4 568.4 565.8 561.3 553.9 548 543.2 536.5 527.4 520.1 516.5 511.6 505.7 498.8 496 497.3 497.7 498.3 496 495.2 497.5 498.5 498.6 497.8 500.6 504.9 511.6 521.7 533.5 542.8 552.1 561.6 574.8 589.3 599.7 590.5 573.2 563.1 556.9 552.5 541.6 528.3 513.8 505.4 493.5 488.4 486.8 486.8 497.1 507.6 512 519 532.8 534.6 528.2 524 515.4 510.8 508 498.6 477.6 461.6 454.6 449.4 443.4 437 432.3 429.3 426.6 424.5 422.2 419.3 416.3 414.3 408.4 404.7 401
569.7 566.3 564.7 563.3 558.2 555 549.6 546.3 538.7 530.4 522.3 517 510.2 505.2 500.1 497.1 493.8 494.5 495 493 493.9 495.4 496.1 495.4 495.6 497.7 502.7 509.2 518.8 529.2 538.6 548.5 558.3 574.1 586.4 591.4 579.7 563.5 550.9 548.7 538.3 529.1 519.2 509.5 499.3 488.3 485.6 484.4 486.4 495.2 508 513.7 524 536.1 542.1 544.4 537.6 531.4 528.1 525.6 512.5 482.6 468.3 460.3 454.1 448.4 441.4 436.2 434 430.5 427.5 425.5 419.6 417.9 415.3 411.8 410.8 404.5
560.9 560.4 559.3 559 554.4 551.2 548.9 545.1 535.2 529.1 524.7 518.8 507.5 503.8 499.3 496 492.8 491.6 492.7 491.3 492.1 493 493.6 492.1 493.4 496.6 499.4 506.4 515.4 523.5 536.3 544 554.6 570.3 580.9 581.3 570.4 553 540.3 537.4 521.8 517.1 509.9 502.1 491.8 483.1 481.5 481.9 487.3 494 505.9 511.7 519.8 537.9 546.2 552 547.2 544.6 548 546.8 517.4 489 476.7 467.2 457.8 453 445.5 441.1 438.3 434.7 430.6 428 424.6 423 420.5 418 415.1 411.8
554.2 556.3 553.7 550.1 548.1 544.3 544.7 539.6 534.2 529.3 523.1 517 509.4 502.3 498.7 495 490.6 489.1 490.7 490.6 488.9 490.3 491.2 490.7 492.5 495.6 496.4 504.7 512.9 519.9 531.3 539.7 553.1 564.8 571.7 567.8 557.8 541.5 529.2 521.1 511.4 504.8 503.2 490.7 483.9 479.9 479.1 479.9 482.9 492 504.4 511.6 515.6 530.9 545 555.9 553.2 557.7 564.9 560 525.8 498.9 483.4 474.4 462.4 455.5 450.1 446.7 442.9 438.8 433.8 431.6 429.1 425.8 423.4 420.5 418.8 416.2
546.9 547.9 544.6 539.7 539.5 537.7 537.9 535.9 529.5 525.2 521.4 515.5 505.9 502.6 497.3 493.9 492 485.4 487.9 488.3 487.4 486.5 488.6 487.8 491.5 493.9 495.6 503 510.5 517.9 527.3 537.2 549.5 559.2 562.8 556.4 547.5 532.9 516.8 506.2 503.3 495 490.8 482.1 477.7 477 475.7 478.8 482.7 487.8 497.5 502.2 511.1 528.8 541.9 552.5 555.6 562.8 575.9 571.2 537.2 503 492.4 482.6 471.3 462.7 455.3 449.5 444.9 441.8 437.4 434.3 433.5 429.4 425.7 423.2 420.9 418.3
541 537.3 535.1 531.2 534 532.9 533.8 532.7 522.6 521.8 521.2 516.9 507.9 503.5 495.9 492.3 488.7 483.9 484.7 486.2 486.1 485.6 485.9 486.6 489.5 491.3 491.7 501.7 508.1 516.8 523.7 535.1 546.2 553.8 554.9 549.2 538.7 519.4 506.6 501.4 498 490.3 481.2 477.1 474.6 473.7 473.4 476.3 480.1 486.8 493.2 500.6 507.9 529.4 540.2 548.2 554.3 562.6 579.7 573.6 541.9 510.1 499.6 488.3 479.7 467.8 459.5 453.6 448.6 444.6 440.9 436.5 435 430.8 428.1 425.1 422.4 420.2
533.2 528.8 528.5 522 520.4 525.8 534 526 518.4 518.2 517.3 513.9 509.6 503.2 493.8 490.6 486.3 482 482.7 483.8 484 483.5 483 485.3 487.4 487.6 495 501.2 508.2 516.5 524 534.6 543.7 549.7 552.5 542.6 529.7 508.2 501.2 493.4 489.1 480.7 475.5 473.4 471.6 470.5 471.1 475.2 479.1 485.1 492.3 499.6 506 527.9 537.4 541.9 548.8 564.1 582.5 580.8 545.5 518.8 507.4 498.7 486 472.8 465.7 458.5 451.6 447.6 443.8 439.6 434.3 432.2 430.1 427.6 424.6 422.2
534.6 526 519.8 517.4 515.1 519.2 526.5 518.4 514.6 513.3 512.6 509.7 505.2 497.5 492.8 489 484.8 480.5 480.2 481.4 481.6 480.5 481.5 484 483.7 488.3 495.3 501 508.6 516.5 524 534.1 542.3 550.1 549.3 536.5 515.9 505.8 495.6 487 479.9 479.3 471.8 470.5 468.4 467.8 470.6 474.9 478.7 485.3 492.5 498.2 508 521.3 532.3 537.2 544.9 562.9 575.6 582.8 555.7 526.3 513.1 509.1 489.4 478.3 469.4 461.4 454 448.9 445.5 441.9 436.8 434.8 431.1 428.3 426.5 424.1
533.6 530 520 510.8 512.1 513.4 517.8 514.1 510.1 508.6 509.1 505.3 499.2 493.7 489.7 484.8 481.6 479 477.5 479.2 479 478.6 481.2 482.6 482.5 483.5 494.5 501.9 509.8 516.9 525.3 534.8 543.1 548.9 545.7 529.9 514.1 503.8 488.4 481.8 474.1 470 466.8 464.8 464.6 464.9 469.2 473.7 478.5 485.7 492.1 497.8 505.5 514.1 526.2 530.8 541.4 558.6 573.7 581.2 561 535.5 519.1 508.5 494.6 485.1 474.5 462.6 455.9 451.3 447.1 444.5 439.9 435.6 432 429.6 427.6 425.4
534.5 524.4 520.1 510.9 508 505 505.5 503.1 503.9 504.7 507.8 503.2 496.7 490.8 484.8 480.9 478.6 477 474.9 476.8 475.8 477.6 479.8 480.9 481 481.4 493.7 501.8 509.6 516.2 526.6 537.2 544 550.1 545.6 522.8 507.5 498.1 487.5 477.6 471.3 466.3 462.1 461.3 461.9 462.4 467.2 473.1 479.9 486 491.2 496.2 502.8 511.4 517.2 525.5 544.1 555.8 563.6 570.8 562.2 540.6 525.1 512.3 500.4 491 480.1 465.9 459.4 455.1 450 446.9 443.6 440.3 438 432.3 428.5 426.8
