WholeMapElevations/data/sj/sj11_OST50GRID_20230518/SJ11.asc
ncols 200
nrows 200
xllcorner 310000
yllcorner 310000
cellsize 50
[rows 72 to 107 of 200, columns 80 to 159 of 200]
220.6 193.2 175.5 162.9 151.1 138.9 141.2 142.2 142.2 142.2 147.6 144 142.2 142.7 139.9 139.5 137.9 133.1 146.6 147.9 152.6 157.6 164.9 167.7 175.5 185.5 188.6 192 193.5 200.6 206.4 207 212.8 219.9 225.1 231 237.7 242.2 243.5 240.4 243 240.9 242.5 247.5 243.4 231.5 217.7 204.9 188.4 175.3 168.4 163.7 160.7 160.1 161.9 167.3 171.4 176.3 178.5 177.4 183.4 186.8 195.2 199.7 197.1 189.4 189.9 191.2 197.6 206.4 216.3 223.2 222.5 215.1 207.1 196.7 186.2 180.8 171.5 166.9
221.2 199.7 183.2 170.7 155.3 145.9 147.6 146.9 149.9 153.9 154 153.8 149.4 149.5 147.2 145.6 145.8 148.9 163.1 170.9 175.3 179.7 189.6 199.7 208.1 216.8 217 214.4 219.2 227.2 231.8 232.5 239.1 245.7 247.9 253.3 254.8 249.9 247.2 245.6 244.4 248.4 243.7 233.3 223.3 215.9 206.9 197.9 182 172.4 165.5 163.2 162.5 160.9 165.7 171.3 176.8 181.7 184 191.5 195.3 201.1 203.1 203.1 199.1 195.8 196.6 199.8 209.1 215.6 222 223.4 222.6 215.5 207.2 191.9 185.3 187.6 183.5 176
225.5 205.9 186.1 168.6 152.8 151.1 154.9 157.6 160 159.8 161.5 162 161.3 156.8 155.1 153.4 156.7 161.5 168.9 184.3 194.9 200.7 205.6 221.1 234.3 241.6 243.9 241.5 250.6 254.8 255.4 255.5 251.6 241.7 241.6 243.4 242.6 242.6 243.1 241.2 235.9 231.1 227.8 222.4 215.4 210.8 202.4 189.7 176.1 167.6 163.1 160.7 161.6 163.2 168.4 173.8 179.6 189.4 195.4 199.8 203.8 209.7 212.9 213.2 209.6 205.9 205.9 207.6 215.3 222.9 225.8 229.6 228.5 220.2 212.2 196.5 189.5 185.9 178 172.3
235.2 208.3 182.9 165 154.1 156.9 159.5 162.8 164.7 166 168.3 168.5 169.7 167.3 162.8 161.7 170.2 180.6 187.1 194.9 203 212.5 221.2 234.2 243.7 249.8 252.3 257.7 261.7 258 250.9 242.8 234.9 234.1 236.7 239.7 238.4 235.8 234.4 235 231.3 226.8 222.4 216.2 211 201 191.9 180.9 171.1 165 162.4 161 162.7 164.8 172.1 174 186.9 194.1 200.3 211.1 220.1 223.5 223.2 220.1 216.5 211.7 214.1 218.5 228.5 236.6 238.8 239.2 235.1 226.1 212.3 202.2 190 180 168 153.1
230.7 199.8 177.7 164.7 157.5 165.4 168.2 169.5 171.3 173.1 173.5 174.4 179.1 180.1 175.1 180.3 193 198.7 208.9 215.1 216.7 228 230.7 230 227.3 230.4 237.1 242.3 242.6 237.8 232.1 228.7 229.3 231 235.2 235.4 233.3 229.7 229 226.6 223 219.2 212.9 208 199.8 192.5 183.8 174.1 166.6 162.1 160.7 160.7 161.4 164 165.5 167.5 180.2 195.5 212.6 221.3 227 232.4 230.3 227.5 222.3 223.1 226.7 230.8 237.2 244.8 254.9 257.5 248.7 230.3 208.5 198.4 181.8 167.6 149.7 138.3
218.1 190.9 175.2 165.7 161.8 173.3 174.7 175.4 177.6 179.9 181.8 182.6 186.4 187.8 187.4 195.2 208.9 217 221.1 225.4 227.9 227.8 228 225.8 223.4 223 226.1 229.3 229.8 229.7 229 229.8 230.3 229.3 227.2 225.8 224.6 219.8 216.8 213.5 210 208.1 204.9 199.1 190.6 181.2 174.1 166.4 162.6 161.1 160.7 160.7 161.2 162.5 164.8 170.3 179.4 193.8 212.5 226.2 233.8 235.8 236.2 234.3 232.4 233.1 238.5 241.5 249.6 260.6 270.7 259.9 242.6 221.6 203.1 184.9 166.8 153.3 142.4 133.8
205.4 184.7 173.2 169.1 164.4 177.1 180 184 184.1 188.5 192.4 193.7 194 195.1 206.1 218.3 230 240.8 245.8 247.6 236.3 227.4 223.6 222.3 220.9 222.5 224.5 225.2 224.9 227.3 227.4 226.8 223.4 220.3 218 215.6 211.4 207.1 205.1 201.8 197.6 194.1 191.8 186.7 180.2 171.1 164.6 162.3 162 161.4 160.9 161.1 161.3 165.1 167 181.5 191.3 210.7 231.2 243 246.7 249 245.6 243.2 246 243.8 247.8 254.1 261.9 274.6 277.5 255.2 237.4 215.9 195.1 174.9 159.8 147.1 137.7 129
195.3 182.5 175.8 173.2 167.2 177.1 182.9 188.1 191.7 195.3 197.5 199.6 202.5 211.6 230.7 243.4 251.9 258.6 248.7 235 229.5 222.4 219.5 216.8 216.1 216.8 217.4 218.6 219.5 220.8 219.9 215.7 213.8 212.5 208.7 201.6 198.7 195.1 193 193.4 188.4 185.5 181.6 176.7 169.3 164.8 162.8 162.4 161.7 161.4 161.7 166.6 170.2 176.6 186.1 200 215.2 231.2 243.8 254.1 259.8 261.4 260.7 255.2 249.9 246.3 255.2 264.2 269.9 283.2 271.5 257.9 244.6 218.6 195.5 173.8 154.6 142 133.8 126.2
192.8 182.4 178.4 175.8 171.1 173.7 179 184 188.7 194.4 201.9 213 223.3 233.2 250.2 258.1 254.7 243.9 237.9 232.8 220.7 217.3 214.5 210.9 208.8 209.7 209.2 209 208.3 207.6 206 203.8 200.7 193.8 188.7 185.1 185 184.8 185.4 185 180.5 175.7 169.9 167.5 165.2 163.6 163.1 163.3 164.8 167.1 173.6 181.4 192.7 201.1 212.4 225.4 237.5 251.2 265 270.2 275.5 271.5 254 247.6 243.3 246 253.1 264.5 279.2 292.3 289.1 265.2 239.3 216.7 191.8 172 153 140.2 133.1 127.4
189.5 182.8 178.7 176.2 172.7 177.6 180.2 184.8 189.5 204.1 214.3 231.3 247.1 251.1 253.5 251.5 250.2 248.6 235.4 219.2 213.2 211 209 205.3 203.2 202.5 202.2 202.6 199.7 195 192.7 188.8 184.8 181.5 179.8 178.4 178.1 178.1 178.5 174.8 172 170.7 171.1 167.6 165.4 166.4 167.5 174.4 181.8 190 200.3 207.4 215.7 226.5 238.9 251.4 263 270.4 277.5 275.6 269 258.1 244.2 241.6 239.5 242.9 244 259.6 285 302.7 288.3 257.1 230.3 209.7 186.9 168.1 153 143.2 134.8 129
185 181.2 178.3 174.7 177.5 180.5 183.4 188.3 196.3 209.7 224.2 242 258.2 259.9 262.1 266.8 258.2 246.1 227.3 213.3 208.7 206.3 203.1 200.1 198 198 197.9 195.5 189.4 183.8 182.6 179.9 178.2 177.3 176.4 175.8 175.4 174.1 174.9 174.8 175.7 174.7 169.5 167.6 167.6 170.1 178.9 189.6 205.6 216 227 233.7 242.1 250.9 263.5 272.1 275.6 276.2 276.8 274.1 265.7 248.5 232.2 228.1 234.4 235.7 239.2 252.6 278.6 289.9 273.6 252.1 228.1 210.9 188.7 171.9 152.5 142.3 134.3 127.3
185.6 181.7 180.8 179.5 181.6 183.3 187.3 192.9 202.1 216.8 235.7 257.1 262.7 275.3 278.1 271.4 258.9 239.1 219.8 208.6 204.6 202.5 199.6 196.7 192.3 192.3 190.6 187.4 181.2 179.9 178.2 177.1 176.9 177.6 180.2 182.2 181.6 181.6 182.3 181.7 179.1 174.9 170.9 171.8 174.1 177.7 192.9 210.3 228.5 239 244.9 253.8 260.6 268 274.7 279 281.2 280.1 274.3 257.6 242.1 226.8 220.9 223.4 227.3 231.8 238.9 246.4 269 278.7 267.2 247.8 228.4 210.8 196.4 171.6 147.4 135.7 128.2 120.5
191 190.7 190.6 190.9 191.1 194.4 201 207 221.1 239.2 248.2 256 269.3 278.5 278.1 265.8 249.6 229.3 216.1 204.2 201.3 199 196.4 194.2 191.7 186.3 183.6 181.1 179.3 178.3 177.4 179.5 181.7 183.4 186.4 188.9 190 190.5 189.6 184.3 179.9 176.3 177.3 180.2 185.2 196.2 215.9 228.8 238.6 250.7 261.3 270.7 277.3 281.8 286.6 285.8 284.3 271.2 246.2 232.5 219.1 212.4 214.6 217.2 222.7 226.5 231.2 240.7 264.4 269.5 246.9 228.9 216.3 199.9 172.2 143.1 133.3 128.1 120.1 106.1
205.5 212.6 211.4 209.1 211.4 219.5 229.3 231.4 245 246.6 245.7 256.8 268.7 275.4 268.6 254.5 235.2 226.5 204.9 200.3 198.1 197.4 194.6 190.8 187.7 184.7 182.1 180.7 179.4 180.9 182.9 184.6 186 188.3 191.8 193.9 194.9 192.3 190 188 187.6 190.4 188.4 192 207.8 218.5 231.2 245.5 255.3 262.7 273.4 283.8 290.9 294.6 292.9 286.9 266.3 243.5 226.2 212.2 208.4 205.4 210.2 211.5 216.1 220.1 224.5 240.8 247.1 236.9 220.3 202 186.7 168.7 143.1 129.1 122.1 118.7 105 92.8
231.7 232.7 234.2 238.8 239.8 242.4 246.7 246.5 250.7 244.9 241.3 254.5 266.4 266.4 256.9 238 227.4 212.9 199.2 195.5 193.8 191.2 192.5 188.3 185.7 183.6 181.5 181.4 183 185.3 187.7 189 189.5 190.8 190.3 188.4 188.7 190.3 194.1 196.6 197.6 197.9 202.2 215.6 231 240.4 250.9 261.9 270.6 279.1 288.3 295.9 298.4 297.7 289.8 274.1 246.1 227 213.1 204.8 201.7 201.6 203.6 204.8 208.5 214.1 221.1 239.6 236.7 214 191.7 177.1 159.5 140.4 125.7 115.2 112.5 95.9 91.1 84.2
249.1 257.1 259 260.8 256.7 257.9 258.3 254.5 250.4 248.4 237.7 245.4 255 256 240.5 232.6 223.9 205.9 196 191.7 186.8 183.7 180 184.7 183.9 182.6 180.8 183.2 185.3 188.3 188.8 188 186.1 184.6 185.1 185.8 188.8 195.2 200.1 204.3 208.1 217.6 225 243.1 253.9 264.5 270.5 279.8 287.3 292.9 299.2 309.3 309.9 298.4 280.3 255.8 229.8 215.7 204.1 196.9 195.9 196.3 199 199.8 204.1 206.8 221.5 238 230.2 200.4 175.8 152.3 133.1 120.3 109.6 106 96.1 89.3 80.9 80.2
272 275.9 272.1 270.2 268.2 268.1 263.7 258.7 258.3 257.4 244.3 233.8 240.6 241.3 237 224.6 214.2 206.2 193.9 189.9 190.8 188.5 182.7 175.7 180.4 179.2 179.3 181.9 185.5 188.3 185.8 183.2 183.6 185.6 186.8 188.9 194.1 201.7 209.7 221.4 231.1 235.7 247.1 261 273 281.4 286 290.3 297.3 303 304.9 306.8 304.9 294 270.8 243 218.5 205.7 196.8 191.4 190.8 192.7 194.2 195.8 196.9 202.1 218.2 239 220.2 191.9 159.8 131 116.6 106.4 98.5 92.4 86.2 84.6 81.4 78.7
278.9 279.2 279.3 275.9 277.9 270.5 265.3 266.9 267.3 263 251.1 234.9 228.9 234.2 226.8 218.6 214.2 200.4 193.2 191 189 184.7 179.8 173.9 175.8 175.1 177.6 181.3 183.4 181.3 181.2 184.4 186.9 191.8 195.9 199.9 206.8 217.9 227.1 237.1 242.7 248.8 265.1 281.2 290.4 296.8 300.8 303.1 307.2 309.9 310 307.4 299.2 282.3 262.5 233.3 213.3 201.7 194.6 189.1 187 189.1 188 184.2 186 189.6 200.9 217.4 206.1 174 142.1 118.3 106.3 98.6 91 86.4 81.5 80.3 78.5 78.7
281.3 280.5 279.2 282.4 276.9 272.1 271.2 273.2 264.8 255.7 253 245.5 230.7 220.6 211.2 209.5 203.9 197.2 194.5 188.1 183 179.2 171.6 171.7 171.4 173 176.7 177.2 178.6 183.2 186.1 190.1 195.2 200.4 205.9 219.5 231.3 238.7 246.5 255.2 261.6 263.6 279.6 293.7 302.5 309.8 315.2 314.1 314 309 305.2 302.1 291.1 287.2 269.3 235.4 212.2 198.9 193.5 188.5 186.9 185.3 179.7 171.2 167.7 173.9 182.9 192.5 183.7 151.2 124.1 112.7 103.7 94 87 82.4 79.2 79.1 78.8 79.3
277.4 278 281.8 281.6 274.3 274.5 273.2 265.8 258.1 253.4 249 241.3 223.4 206 197.4 189 190.1 195.3 188 183.9 178.1 173.8 169.6 169.8 169.3 170 172.6 177.4 183.9 189.5 194.2 199.8 206.8 214.3 221 230.7 240.1 248.8 257.2 264.9 272.3 276 291.4 306.1 315 316.9 313.8 312.4 310.1 309.2 307.8 305.7 307.3 287.1 261.3 231.3 210.9 197.3 191.4 190.8 192.9 198.7 193 171.5 160 158.7 165.7 168 156.6 128.6 110.8 106.8 99.5 88.5 80.9 80.2 78.7 79.4 78.8 78.4
278 283.5 285.1 279.4 276.8 276.6 271.6 265.4 263.2 259.1 246.1 218.6 199.2 188.3 181.8 179.7 183.4 183.8 181.6 178.1 174.2 171.3 168.5 168.3 168.6 169.4 175.4 181.3 189 195 203.7 213.9 221.8 227 234.3 242.5 249.2 261.6 272.1 279.3 284.7 286.4 300.2 312.1 315.5 317.1 319.9 326.6 328.7 327.1 322.8 317.4 309.6 291.2 260.9 232.4 209.6 196.7 195.6 202.8 207.1 210.3 179.7 159.9 151 152.4 150.6 148.9 121.5 105.5 99.7 94.3 88.1 81.5 80.6 80.3 78.7 79.1 79.3 78.3
272.4 282 283.6 282.3 281.6 279.3 275.9 275.6 264.2 253.6 230.8 203.6 188.2 181.2 178.5 175 176 175.9 174.4 172.8 170.4 167 166.8 166.9 167.5 169.8 179.4 187.4 197.6 204.5 215.7 228.9 237.9 243.8 248.4 253.8 264.6 274 283.6 290.5 294.2 298.8 305.2 316.9 323.5 329 334.8 340.3 336.4 334 330.9 325.1 303.9 275 250.2 225.3 206.3 200 208.7 218.9 221.6 190.6 162.5 150.9 127.6 140.2 131.8 115.2 100.2 93.4 88.5 84.3 82.6 80.9 79.9 78.9 78.5 78.8 79.2 79.6
266.9 274.5 279.8 283.6 281.4 279.9 278.1 270.6 254.7 232.5 211.1 194.7 182.9 176.5 175.7 172.6 170.9 169.7 169.4 169 167.1 166.6 166.5 166.8 167.2 176.5 191.4 199.5 208.4 218 230.5 241 246.1 251.1 259.1 265.8 275.8 284.8 289.9 297 299.7 310.7 316.5 327.2 329.3 331.4 335.1 334.4 332 328.2 314.9 300.6 278.9 257.4 235.6 217.5 204.5 207.9 218.5 222 208.3 173 154.6 138.4 114.9 110 98.1 95.8 88.4 86.8 83.7 84.8 81.7 80.9 79.9 78.8 78.6 79.1 79.6 79.7
267.2 274.3 278.4 278.6 279.9 277.9 265.3 247.3 230.6 214.7 203.7 188.9 178.5 176.2 174.2 171.7 170.6 169.1 168.7 167.7 167.2 166.6 166 166.4 168.4 179.8 196.5 208.5 221.8 235.9 241.5 244.2 249.2 259.9 269.1 276.5 282.2 288.4 294.5 302.9 313.7 324.2 336 333.1 332.5 335.2 338.6 334 331.8 325.5 314.1 288.8 265.5 247.3 228.5 216.3 211.6 219.1 225.2 212.9 181.7 158.1 136.5 120.9 105.7 98.1 93.9 88.3 84.9 83.7 82.6 81.6 80.6 79.8 78.7 78.9 79.1 79.5 79.6 79.7
261.6 264.4 260.5 261 264.8 250.9 234.9 223.6 213.6 204.4 193.2 182.3 183 182.4 175.6 172.4 170.4 169.3 170.4 168.6 167.6 166.4 165.8 167.2 172.7 191.5 208.9 221.6 229 235.2 238.3 245.7 253.9 262.7 272.1 284.1 287.7 297.7 307.2 317.3 324.8 328.2 332 337 347 348.2 332.7 326.3 311.5 298.4 283.3 270.7 256.8 238 225.2 221 221.7 227.8 212.1 184.8 161.9 147.1 125.3 101.4 94.3 92.2 88.9 86.4 83.6 82.6 82.1 80.4 79.1 79.2 79.4 79.5 79.5 79.6 79.1 79.6
256.2 248.6 242.5 234.1 231.8 223.2 211.2 202.6 196 192.9 191.9 188.5 187.8 185.1 181.9 180.2 173.8 174.6 175.2 178.6 167.9 165.6 165.5 168.6 178.8 198.1 207.5 205.6 214.7 226.1 236.7 245 254.8 266.8 278.3 289.1 295.5 306.1 312.8 325.3 334.7 340 340.6 351.7 341.6 329.7 318 303.2 297.2 286.4 277.6 270.4 256 241.6 231.7 228.7 226.4 215.9 203.8 181.4 151.4 127.9 101.7 90.3 90.5 87.6 85.8 83.8 82 81.6 80.8 79.9 79.6 79.1 79.5 79.5 79.5 79.6 79.5 79.7
253.2 243.1 231.4 221.3 213.5 207.2 201.9 200.5 201.4 200.8 199 200.2 197.9 198.6 199.4 197.4 197 189.6 185.7 182.7 170.4 165.5 166 170.3 175.4 182.4 192.2 208 222.4 233.3 241 246.7 256.6 275.4 283.4 295.9 309.5 312.4 328.4 332.4 341.4 344.5 343.5 329.3 324.5 318.9 303.4 286 284.2 280.3 277 272.3 260.3 246.1 239.1 237.5 231.5 219.3 201.8 175.3 144 113.4 96.3 89 86.2 84.9 83 82.1 81.9 80.7 80.2 79.8 80 79 79.6 79.5 79.5 79.5 79.5 80.3
253.4 243.2 231.5 217.7 208 204.3 207 213.3 211.9 211.1 212.1 213.5 214 220.4 223.8 222.1 225.2 203.6 189.7 183.3 170.6 165.1 165.1 169.1 176.3 184.5 198.4 219 232.5 243.7 249.3 255.1 261.7 279.3 302.4 305.7 306.2 320.3 331 338.2 342.4 340.1 328 309.1 299 291.5 279.4 262.2 256.7 260.7 272.1 268.4 256.4 245.9 250 250.2 227.7 198.9 174.4 152 126 101 90 87.3 85 83.2 81.7 81.3 80.3 79.9 80.1 79.9 78.9 79.5 79.7 79.6 80.1 78.5 79.1 79.4
249.8 236.9 225.9 214.2 206.7 209 214.7 218.8 226.2 227.4 227.6 231.7 238.2 238.3 246.6 244.1 233.2 208.3 191.8 180.2 170.2 165.1 165 167.5 176.3 188.9 204.4 218.4 232.5 248.1 258.6 267.4 274.9 283 293.8 299.8 300.9 312.8 329.1 331.2 332.8 331.5 315.4 287.9 275.3 265 252.1 238.7 230.2 234.6 248 251.2 248.7 250.9 233.3 209.6 187.9 165.1 147.5 125.4 98.8 84.7 84.7 83.6 82 82 80.6 80.5 79.7 79.5 79.9 79.1 79.2 79.5 79.6 79.1 79.6 79.7 79.8 79.2
238.4 230.4 224 218.1 210.5 213 222.9 228.8 242.2 247.5 249.3 257.3 256.3 258.5 263.7 259.6 238.5 213.3 199.5 183.9 169.6 165.2 164.5 166 181.2 198.6 218.1 234.3 248.2 257.7 268.2 278.9 286 293.6 300.9 306 303.6 303 309.3 313 316.2 317 296.5 272.3 254.7 238.5 229 218.8 211 217.3 230.6 235.1 243.4 232.1 203 178.4 159.3 138.9 119 95.4 83.1 79.8 80 80.4 80.5 79.9 79.7 80.2 79.2 79.1 79.4 78.9 79.2 79.5 79.5 79.5 78.9 79.8 79.7 79.7
234.1 226.6 224.5 223 214 217.6 227.7 239.6 259.1 266.1 266.8 275.9 283.2 277.3 271.4 263.8 230.9 211.3 195.7 182.4 170.8 165.4 164.2 166 178.2 202.7 225.2 244.4 253.4 265 278.9 287.2 298.1 305.1 309.9 310.3 304.4 299.5 303.3 307.3 318 316.6 304.3 271.7 242.3 225.1 208.6 198.8 193.7 197.8 203.9 220.6 221.9 205.2 174.9 149.5 134 112.8 89.6 80.8 80 80.2 79.7 79.8 80.1 80 79.9 79.4 79.6 79.5 79.3 79.3 79.2 79.7 79.3 79.4 79.6 79.8 79.6 79.4
227.7 228.2 229.6 230.4 226.5 230.2 235.7 249.4 266.8 276.7 285.2 294.5 291.3 290.3 271.6 244 225.4 206.4 191.1 179 170.3 166.9 164.7 167.3 171.8 186 210 237.5 252.3 268 280.4 292.3 305.1 308.4 306.5 304.1 300.2 293.4 296.1 305.8 307.4 312.3 299.8 270.4 240.8 215.1 195.7 186.5 182.9 184.2 191.8 202.9 200.2 174.1 149.7 129.6 112.3 91.4 82.1 79.9 80.2 80.4 80.1 80.2 80.1 79.7 79.6 79.5 79.7 79.8 79.5 79.3 79.2 79.4 79.6 79.3 79.5 79.9 79.7 79.7
228.8 230.4 234.3 239.8 242.6 240.2 250 262.4 282.6 298 307.9 307.8 303.2 291 259.7 234.7 221.7 199.8 187.4 179.6 171.8 168.1 165.4 165.7 168.5 175.3 193.7 219.9 237.8 248.6 268.1 290 293 291.1 292.1 294.8 293.8 286.1 275.2 284.3 291 296.4 286.7 268.2 245.3 215.5 191.5 179.7 174.2 174.6 180.7 190 174.6 155.6 129.1 111.8 92.7 83.2 80.2 79.8 80.4 80.6 80.1 80.2 80.2 80 79.6 80 80 80.1 79.8 79.4 79.4 79.5 79.5 79.4 79.3 80.1 80 80.1
231.1 237.8 245.3 250.7 256.4 259.3 267.5 276.2 296.9 311.1 315.4 312.1 303.5 282.2 253.6 229.6 209.6 201.1 186 179.1 173.8 170.4 166.4 165.8 169.1 172.7 180.1 200.7 210.8 228.2 249.3 267 272.5 275.3 281.6 283.4 280.1 273.6 259.9 265 268 279.9 280.3 268.9 248.7 223.4 201.6 175.6 167.5 165.4 173.2 169.7 152.5 133.8 110.4 92.2 81.8 80.8 80.3 80.1 80.1 80.4 80.4 80.3 80.3 80.2 79.9 80.1 79.9 80 80.2 79.6 79.5 79.5 79.5 79.6 80.5 78.8 80.3 80.2
237 248.3 257.4 262.7 269.2 271.5 277.7 287.5 306 315.6 314.7 309 292.5 266.2 244.7 229 222.1 204.7 188.5 180.9 180.2 176.2 167.3 163.7 166.6 168.7 173.3 182.4 193.7 213.2 235.8 245 253.1 259.5 262.1 262.6 262.6 259.6 248.5 242.2 255.7 275.5 276.7 265 248.9 224.9 200.2 175.7 159.3 151.8 153.4 143.4 128.1 110.8 91.7 82.5 81.3 81.1 81 80.3 80.5 80.4 80.3 79.7 80.3 80.3 79.9 80.1 80.3 79.9 80.2 79.9 79.8 79.7 79.6 79.5 79.6 78.5 80.2 80.3
239.2 250.4 257 267.2 278.2 281 289.4 289.4 298.6 302.3 306.5 305.1 289.7 268.6 255.9 231.4 220.3 202.3 197.1 196.2 190.2 181.2 176.3 171.2 167.5 162.1 168.5 173.3 185.3 204.9 212 217.6 235.5 246.1 251.8 250.9 248.3 241 233 232.2 251.1 261.8 254.6 246.8 234 214.7 195 172.8 159.1 146.6 137.7 127.7 110.2 89.6 81.5 81 81.1 81 80.6 80.7 80.5 80.4 80.3 80.2 80.2 80.4 80.5 80.5 80.6 80.2 80.4 80.2 80.1 79.9 79.8 79.4 79.8 80 78.4 79.7
