UK/data/no/no04_OST50GRID_20230518/NO04.asc
ncols 200
nrows 200
xllcorner 300000
yllcorner 740000
cellsize 50
[rows 0 to 34 of 200, columns 80 to 159 of 200]
295.4 293.2 293.2 290.4 285.9 283.2 283.8 284.8 285.2 285.9 288 287.8 288.9 290.8 291.5 291 290.8 290.4 289.5 289.3 290.5 293.9 303.1 313.8 326.1 335 343.9 353.9 360.3 366.1 370.3 374.9 380.2 385 387.3 390.6 395 401.5 408.9 419.5 417 409.2 403.2 393.8 387.1 380.6 374.6 370.3 362.8 351 341.4 342.5 339 339.3 338.4 334.8 329.7 320.9 313.2 309.3 308.6 308.2 308.2 308.2 308.2 308.2 308.2 308.2 308.2 308.2 308.2 310.1 311.9 313.8 316.4 317.2 320.4 320.7 323 328
293.4 293.7 290.8 288.1 288.6 284 281.4 284 284.9 285.1 285.3 284.6 287.2 288.9 288.6 289 288.6 288.1 287.3 288.1 290.2 296.1 304.4 311.4 320.1 330.4 340.7 349.5 355.2 360.2 364.6 368.6 377.7 387.4 394.9 397.5 402.6 410.4 419.7 425.1 416.7 411.4 408.9 402.4 392.7 390 378.2 370.9 368.1 353.6 349.2 349.9 349.5 350.4 349.2 347.4 338.4 330.5 320.9 315.5 314 313.5 311.4 308.2 308.2 308.2 308.2 308.2 308.2 308.2 308.2 308.2 309.6 311.7 313.9 315.5 318.1 318.6 320.1 324.3
292.1 290.2 289.2 289.2 289.8 285.7 279.7 281.8 284.3 285.6 284.2 283.4 284.7 286.6 287 288.3 288.3 286.6 283.5 285.6 291.4 298.3 306 311.9 318 328 335.9 342.7 348.2 353.6 363.5 372.3 380.5 388.8 396.3 400.8 411 425.1 425.3 417.5 415.9 411.7 410.7 410.6 407.2 398.3 390.5 376.4 366.3 361.6 356.6 356.2 358.6 367.6 360.5 352.4 349.4 343.2 332.6 324.1 320.5 321.2 321.1 317.2 314.7 312.7 308.2 308.2 308.2 308.2 308.2 308.2 308.2 309.7 311.6 313.2 314.9 315.9 315.7 320.1
291.1 290.2 290 290.4 290.1 290.4 285.8 276.4 276.4 279 282.3 284.9 279.8 282.9 285 287.7 287.1 284.4 280.6 283.8 290.4 297.2 304.5 310.9 317.6 325.1 329 332.3 344.1 354 367.5 376.6 383.9 393.5 399.3 404 413.2 421.7 411.5 405.5 406.2 411.5 417.8 420 412.4 404.5 396.5 384.5 370.4 365.4 363.1 364.4 377 379.3 380.7 365.9 358.4 350 344.9 330.2 326.4 330.9 330.4 329 322.6 317.5 312 308.3 308.2 308.2 308.2 308.2 308.2 308.2 309.3 310.9 312.8 313.7 313.7 315.5
290.8 290.7 291.4 290.3 290.3 289.6 286.5 280.5 275.1 274.1 275.3 281.3 280.6 276.7 279.1 280.8 281.4 280.7 276.9 283.5 289.8 292.5 300.7 308.6 315.5 322.3 326.9 335.8 344.7 353.1 367.7 382.3 388.7 392.3 399.1 402.8 405.5 400.7 403 404.2 408.9 412.7 417.3 414.2 412.7 408.9 396.2 392.6 385.9 371.4 369.6 381.3 389.4 390.3 387.2 379.1 369 360.5 352.8 338.1 331.6 331.1 332.3 330.6 329.2 324.5 317.6 311.9 308.2 308.2 308.2 308.2 308.2 308.2 308.2 308.2 311.3 312.2 312.2 314
291.4 291.6 291.3 292.2 291.2 291.5 288.5 284.8 276.8 273.6 273 272.2 274.4 273.3 273.6 276.9 278.2 275.8 276 282.4 287.2 288.5 296.4 305.9 313.1 319.5 326.2 337 345.1 352.6 361.7 373.2 380.9 388.8 393.7 396.4 394.2 395.4 402.4 402.9 408.5 413.2 412.8 411.8 408.9 403.8 405.5 405.7 390.6 380 383 393 398.6 397.2 394.6 388.8 384 366.3 359.7 352.6 338.8 331.2 328.9 328.1 328.8 326.9 321.6 315.5 309.9 308.2 308.2 308.2 308.2 308.2 308.2 308.2 309.9 310.2 310.3 312.4
294.2 292.6 292 292.4 292.3 292.3 291.9 290.9 283.1 271.7 272.4 272.2 273.7 272.8 272.8 272.9 273.1 272.7 274.1 281.4 285 291.1 298.2 305.3 312.7 320.5 327.5 336.7 345.4 352.1 358.5 369.2 382.3 385.1 384.4 385.4 388.6 395.5 398.9 403.6 409.9 412.8 414.3 413 413.8 416.7 420.5 407.7 399.1 402.7 398.3 400.3 401.6 400.6 401.2 398.8 397.8 380.2 367.3 367.5 358.4 339.6 330.7 330.2 324.8 323.4 321.9 318.2 314.3 310.3 308.2 308.2 308.2 308.2 308.2 307.3 307.7 308.1 308.1 309.4
299.6 295.5 293.4 293.2 292.9 292.9 291.4 289 285.7 274.8 271.4 271.6 271.5 271 272.2 272.2 272 272 272.7 279.9 285.8 292.2 298.4 306 313.7 320 326.8 337.5 344.7 350.2 357.3 367 375.3 380.5 381.1 381.8 384.8 393.5 402.4 408.8 412.2 411 417.6 417.5 425.1 431.7 417.4 407.4 413.8 416.2 416.4 410.9 404.2 405.7 410.9 409 405.3 392.2 376.4 369.7 362.2 347.1 335.7 327.7 322.7 319.3 318.7 317.7 314.7 313.1 311.8 310.6 309 308.2 308.2 306.8 306.1 305.6 306.1 307.1
303.5 304.4 298.9 295.5 296.7 294.3 292.6 291.8 285.9 276.6 271.5 271.4 271.4 271.1 271.3 271.4 271.4 271.6 273.6 276.8 283.5 292.8 299.7 305.8 312.8 317.9 328 335.4 342.1 349.2 355.6 363.6 370.7 376.2 378.1 380.3 385.3 396.2 407.1 412 410.9 411.5 415.5 420.4 439.6 434.2 418.2 416.9 428.3 427.5 425.2 420.7 413.4 408.7 420.3 424.4 421 413.8 403.9 374.3 359.1 347.7 340.8 329.4 323 318.1 316.7 316.4 315.3 313.9 313.2 312.4 311.8 310.2 310.6 309.5 308.3 306.3 303.4 305.6
307 308.2 303.8 300.1 297.1 294.7 295.5 294.2 284.1 279.8 275.7 270.6 270.9 270.9 270.9 270.9 270.9 271.7 274.1 281.2 281.1 289 296.5 303 308.2 315.3 324.1 333.2 338.4 344.5 352.2 359.9 366.7 371.9 377 380.9 386.8 392.2 402.7 406.8 410.6 417.1 422.2 438.6 440.8 432.3 425.1 432.1 434.9 434.9 434.7 429.3 421.8 419.7 423.4 432.5 429.6 420.6 410.8 393.8 366.4 348 337.9 332.2 323.9 318.7 317.7 317.5 316.7 315.1 314.2 313.9 313.6 313.3 312.5 312.4 311.2 309.4 306.9 303.4
310.7 309.5 305.7 302.4 300.8 299.1 294.4 294.1 287.8 284.7 279.5 271.6 270.3 270.5 270.4 270.4 270.3 270.9 271.4 276.3 279.5 283.8 292.8 301 303.9 313.8 318.7 325.4 333 338.8 346.3 354.5 361.2 370 374.9 380.7 388.2 391.4 397.2 406 410.1 415.4 434.8 440.2 438.2 430.5 432 434.1 435 435.3 434.9 432.2 431 428 425.6 430.3 435 429.4 421.4 409 385 355.1 336.4 327.5 323.6 319.3 318.5 318.1 317.6 316 314.6 314.5 314.5 314.5 314.5 314.1 313.4 312 310.1 307.6
312.1 312.6 310.3 306.5 303.9 303.8 299.1 291.6 288.7 282.9 279.8 271 270.3 270.1 270 269.9 269.8 270 270.9 271.8 274.9 284.5 292.5 298.1 304.1 311.3 316.5 321.3 327.2 333.2 340.7 349.8 359.2 366.8 372.7 378.4 384.1 388.8 394.2 404.2 410.5 424 438.1 439 428.2 431.8 433.4 434.3 434.4 435.2 446.6 445.2 442.2 436.4 428.8 428.8 430.6 426.1 418.2 407.1 389.6 365.6 340.5 325.8 320.7 319.4 318.7 318 317.9 316.3 316.3 315.2 315.8 315.4 316.9 316.4 315.7 315.3 312.6 310.5
319.4 312.6 310.8 310 314.8 309.1 302.3 298 288.9 279.1 272.2 271.1 271.3 269.9 269.9 269.6 269.5 269.7 270.4 271.5 274.3 283.1 290.6 296.7 303.3 309.3 315.7 319.3 321.7 326.3 334.1 344.8 355.6 363.7 370.2 375.5 380.7 385.6 391.2 403 417.2 426.5 425 417.6 427.4 428.9 428.8 431.1 432.5 451.5 455.2 452.2 455.1 456.7 446.9 436.3 429.5 421.1 413.3 395.1 384.9 363.9 343.5 328.3 319.9 318.1 317.9 317.8 317.3 317 318.1 318.2 317.9 318.4 317.4 318.4 318.5 316.5 315.1 313.1
321.4 313.4 311.6 311.6 311.7 312.6 304.3 294.2 283.7 275.8 274.9 277.9 274.6 271.7 270.2 269.7 269.4 269.5 270.2 271.2 275.1 280.5 287.7 293.8 298.9 303.6 311.1 315.9 319.9 321.8 329.3 340.4 352.2 360.6 367.1 373.2 378.1 382.9 388.5 402.2 413.3 417.2 405.8 402.5 413.6 420.3 424.5 429.5 449.3 456.2 457.6 462.8 466.4 472.7 464.3 446.9 432.6 425.9 406.7 389.6 378.2 359 341.1 328.6 320.2 317 316.6 316.9 317.4 317.7 320.6 321.3 321.7 322.2 321.9 321 319.9 318.3 316.9 315.3
323 314.7 311.5 310.2 307.8 304.8 296.6 286.4 280.1 280.7 284.2 280.3 272.6 271.6 270.5 269.9 269.4 269.5 270 271.4 279 286.4 290.5 290.9 297.6 299.1 303.1 310.9 317.9 317.4 323.5 337.7 347.7 357.6 364 370.2 375.4 379.9 384.5 398.2 401.9 397.6 389.6 390.9 399.5 411.1 421.2 441.6 450.2 453.3 461.9 475.1 479.5 475.5 469.9 456.3 435.9 424.6 417.5 388.6 369.1 348 335.4 326.1 319.8 316.9 315.6 316.4 316.4 318.3 319.3 321.2 323.5 324.9 325.8 325.2 322.2 319.6 318.2 316.9
324.3 315.1 310.3 306.9 299.8 295.3 286.9 284.9 287.7 285.5 284.9 282.2 274.6 271.6 270.6 270.1 269.6 269.5 269.7 270.9 276.5 285.1 290.9 290.5 291 296.6 300.1 305.3 312 313.9 321.4 331.1 342.7 352.5 360.4 366.7 372.3 377.2 381.7 384.7 387 388.1 387.5 389 394.2 404.8 424.2 443.1 451.4 469 476.6 474.1 479.5 476.9 471.1 460 446.9 424 411 384.4 360.8 345 328.3 321.4 317.7 315.4 314.2 314.9 316.1 318.3 320.1 321.2 322.4 327.4 326.9 327 325.1 322.7 320.1 318.2
324.7 315.6 311.3 300.5 295.4 289.3 285.4 287.5 289 286.7 282.2 279.7 275.9 272 271.5 270.6 269.9 269.3 269.7 270 272.9 278.6 287.8 290 290.8 293.6 297.1 300.3 304.6 310.8 317.9 326.7 336.3 346 353.8 361.5 368.6 373.8 377.2 382.4 385.2 385.8 387.2 388.8 393.4 400.8 426.4 444.4 466.2 471.2 475.7 482.9 478.9 475.1 469.7 459.1 450.9 431 395.8 368.8 353 335.6 323.9 317.8 315 313.9 314 314.9 316.4 318.2 321.7 322 323.4 323.4 324.7 327 326.2 325.2 322.6 320.5
319.3 303.9 298.6 299.5 291 288.6 286.3 286.9 287.7 286.8 281.5 279.2 277.8 276.5 273.4 271.9 270.5 269.7 269.4 269.7 271.5 274.3 278.8 286.1 290.1 290.9 294.6 296.7 300.6 305.3 312.6 320.5 331.2 335.8 343.5 352.8 361.8 369.8 374.8 380.5 384.3 386.6 388 390.3 393.6 405 427.3 449.3 464.4 470.9 474.3 482.4 480.8 473 469 464.4 444.5 424.9 391.5 363.4 344.4 329.2 321.5 316.3 313.9 313.5 315.8 315.3 315.6 317.5 322 325.7 329.9 328.1 324.8 326 325.6 325.3 324.6 323
319.9 305.5 298.4 295.8 298.4 293.9 286.5 286.5 288.1 287.9 286.9 283.2 280.6 279.3 276.3 273.9 271.8 270.4 269.4 269.2 270.4 273.6 273.8 281.4 289.2 290.2 290.8 292.3 296.2 301.3 307.7 313.6 321.2 328.6 334.9 347.7 357.4 363.4 371.1 377 381.8 386.6 389.6 392.1 399.2 409.8 432.1 451.5 459.3 467.9 472.2 473.5 473.3 474.6 469.5 459.4 445.7 421.9 390.6 363.8 349.9 332.1 321 316.3 313.4 312.8 317.3 316.3 315.2 315.2 315.8 327.3 335.4 333.2 329.6 327.6 326.2 326.1 325.5 325.8
320.1 307.4 301.9 300 301.8 298.6 287.1 286.9 288.7 289.7 288.5 283.4 280.9 280 278.5 276 273.8 272.5 270 269.1 269.3 270.4 271.8 275.3 282.2 290.1 286.8 289.3 292.3 296.1 300.7 307.3 314.1 321.8 331.6 340.1 349 357.6 365.4 372.3 378.4 384.3 389.9 393.6 398.1 409.7 426.4 445.7 458.4 469.1 471.2 471.4 473.1 470.2 463.8 450.1 445.9 429.1 393.5 365.4 346.2 330.1 321.5 316.7 314 314.1 313.3 315.7 314.5 314.3 314.8 328 337.7 335.9 334.4 330.6 327.5 327.2 328.5 330.4
320.4 312.1 303.7 303.7 299.9 294.6 288 287.6 293 296.2 291.9 287.1 283.5 284.1 285.6 282.2 279.5 275.3 270.8 269.4 269.1 269.9 271.3 272.3 276.6 284.8 287.7 284.3 290.6 293.5 297.1 303.3 307.5 315.2 323.5 334.8 343.7 351 359.8 366.9 373.5 380.4 386.4 391.3 396.5 404.4 419.1 434.3 448.3 459.8 469.2 476.2 468.9 462.9 453.9 446 433.1 429.3 405.1 369.7 350.6 331.8 323.6 317.9 315.5 316.4 312.5 312.1 312.7 313.1 317.6 337.1 337.4 337.5 335.8 333.8 331.9 330.6 334.2 335.9
322.3 316.6 305.2 302.4 297.8 296.9 288.9 288.6 292.4 295.8 291.9 286.8 286.5 287.7 289 287.8 284.9 280.5 273 269.6 268.9 269.4 271.3 271.2 273.4 277.6 283.9 280.5 289.2 290.3 292.6 296.2 304.3 309 317.1 327.6 332.6 344.2 353 361 368.1 375.2 380.5 385.6 390.6 396.6 414 432.1 445.1 449.6 455.8 463.2 456.5 450.8 446.2 440 434.4 429.7 409.1 374.7 351.1 334.8 325.5 318.1 316.2 314.7 313.7 311.2 312 313.2 325.5 338.4 339.5 338.1 336.2 336.4 334.4 334.5 336.6 340.2
321.8 315.5 308.9 303.4 300.2 296.4 290 294.4 293.1 294 293.5 290.9 291.8 289.5 290.4 292.2 289.4 284.4 272.1 269.9 268.8 268.8 269.3 270.8 272.3 273.9 275.9 275.9 283.5 286.1 288.8 289.6 296.7 302.1 309.6 316.8 326.9 336.3 344.9 354.2 362.3 369.8 375.2 380.4 384.9 391 404.2 429.4 437.7 436.9 440.1 439.9 441.5 439.9 439.6 440.3 434.7 425 413.4 381.1 354.8 333.9 323.1 318.7 316 314.2 313.2 311.4 311.9 315.1 333.3 339.5 340.7 339.8 340.5 336.4 335.5 335.3 343.4 342.5
319.2 317.7 315.1 305.3 300.8 299.1 293.9 295 297.6 299.6 299.8 300.2 297.5 289.8 290.9 294.9 293.8 282.5 271.1 269.7 269.2 269.2 268.9 269.8 271.7 276.4 272.4 273.3 276.5 282.1 281.2 282.9 286.3 292.4 300.5 312.2 320.8 329.3 338.5 348.3 356.6 364.8 370.4 374.5 378.8 383.6 394.3 404.3 412.1 419.4 423.4 425.3 428.5 436 438.8 442.5 438.4 427.9 412.1 383.9 354.7 337 326.9 318.9 317.8 314.1 311.8 311.3 312 318.1 338.1 342.4 342.5 346.1 346.8 341 337.1 337.6 338.4 342.6
322.6 317.4 315.3 311.4 306.5 305.1 300.3 296.8 300.1 302.4 304.9 303.7 297.9 295.6 290.8 292.9 289.8 280.6 270.5 269.2 270 270.8 270.6 269.7 268.7 270 271.2 271.1 272.3 275.3 276.7 277 279.7 287.1 296.3 304.1 314.9 323.1 334 343.8 352.1 358.7 363.9 370.1 373.7 378.3 385 390.4 396.2 401.6 406.1 413.3 420.2 423.1 436.8 436.9 434.4 427 411.6 381.9 355.2 342.3 332 326 320.5 316.5 311.6 311.5 317.4 324.2 338.6 345.1 345.1 344.8 347.2 345.7 344.7 342.3 340.9 347.4
326.5 321.7 317.7 314 310.9 307.6 309 304.2 304 307.6 308.5 303.2 302.9 298.8 291.8 288.3 285 277.5 271.1 269.7 273.3 278.6 277.9 274.5 270.3 267.6 268.3 268.9 270.2 272.7 272.7 273.8 276 281.4 290.9 298.3 308.8 317.7 326 337.1 346.2 352.6 358.9 364.4 367.8 372.8 379 383 385.5 388.1 391.2 400.4 405.1 419.8 433.4 431.5 427.3 412.1 397 378.1 358.6 343.9 331.8 325.4 320.7 315 312.4 311.1 311.4 333.9 339 346.4 345 348.2 347.8 347.7 346.9 351.7 345 348.2
334.1 333.5 320.8 315.2 314.5 318.8 310.6 306.7 310.7 313.1 312.5 312.1 313.9 304.2 294.7 286.2 281.2 273.1 270.4 270.4 275.9 282.6 283.3 279.7 273.6 268.6 267.4 267.7 268.3 272.6 270.9 271 271.9 276.1 282.9 291.3 301.7 311.6 320.1 332.8 340.7 348.2 353.9 359.4 362.4 367.4 373.3 379.4 379.4 379.1 383.1 386.7 392.5 410 415.6 415.9 416.7 407.1 386.9 369.7 353.5 341.3 333.1 324.3 319.1 316.5 317.7 313.6 310.7 327.9 336.9 339.8 341.4 346.3 348.3 351.1 348.7 349.6 347.6 347
343 329.9 326 325.8 329.6 329.6 313.1 319.8 319.5 319.5 315.7 317 310.9 306.4 299 289.8 282.2 274.6 271.5 273.3 275.5 282.8 286.2 285.3 281.5 273 267.3 266.9 267.3 267.8 268.2 268.9 269.4 272.9 278.5 287.3 298.4 305.2 315.3 325.4 334.2 342.3 348.5 353.6 356.9 361.6 366.6 366.5 368.9 371.5 374.5 378.4 384 387.9 392.8 409.8 409.8 397.9 384.7 365.1 350.1 339.5 330 324.3 321.4 323 322.1 314.9 310.9 325.6 331 335.6 338.7 343.5 350.3 351.9 350.1 347.2 347 347.4
346.3 339.6 337.1 339.5 348.8 330 326 336.3 337.1 334.5 324.4 315.8 310.8 309.3 304.3 297.3 287.4 281 279.2 274.8 273.2 277.8 283.9 287.8 285.6 276.8 268.8 267 266.8 267.1 267.4 267.7 268 269.5 272.5 279.6 292.5 299.3 308.7 318.6 328.2 336.3 342.5 348.4 353.6 356.1 358.4 361.4 363.6 364.8 365.7 370.8 378.3 382.7 384.6 397.3 399 391 381.7 366.6 347.2 339.1 328.5 322.5 321 323.2 321.1 317.2 310.4 320.6 331.3 332.8 335.3 345.1 348.3 347.9 346.4 346 345.6 345.8
359.8 352.8 350.7 351.4 357.5 345.1 345.2 352.5 346.4 339.8 331.6 319.6 314.8 313.2 312.9 305.9 292.5 286.2 281.6 274.8 273.2 273.6 279.7 283 283.7 276.8 269.9 267 266.7 267 266.8 266.5 267.2 267.1 269.2 276.4 286.8 295.6 303.4 312.2 320.1 328 335.8 342.7 348.1 351.9 354.8 357 359.3 360.9 363.2 369.7 370.8 376.8 377.2 380.9 381.9 381.6 375.7 365.1 350.6 332.8 323.2 319.1 319.3 323 321.6 316.9 310.4 316.6 323 328.5 338.4 341.8 341.5 341.7 341.1 346.1 348.5 350.6
374.3 366.1 363.8 375.8 369.8 354.5 356.1 357.5 355.5 347.6 339.5 328.3 323.8 322 320.3 307 291.4 283.4 277.2 275 273.6 273.6 274.7 275.4 274.9 271.2 268.2 266.8 266.5 267.1 266.4 265.7 265.7 266.7 268.2 271.3 279.2 288.8 296.3 303.5 313.1 322.2 328.9 336.2 340.9 346.1 350.2 353 356.4 358.3 361.9 368.6 369.8 369.3 368.2 370 364.6 368.7 367 359.5 350.6 334.9 325.2 318.4 317.8 321 320.4 317.2 311 314.5 323.3 328.1 335.5 336.7 337.2 337.5 342.9 349.2 351.5 351.1
395.5 393.6 380.2 380.7 377.5 366.5 372.5 377.5 368.9 358.6 353.8 347 335.8 318 307.3 299.9 292.6 285.2 278.9 275.9 274 273.6 272.6 270.8 269.3 267.9 267.1 266.7 266.7 266.8 266.5 265.7 266.1 267 268.4 270.1 277.4 284.8 291.6 297.6 306.2 313.9 321.9 328.4 332.8 338.6 344.8 348.2 352.5 355.8 357.9 364.3 368.6 367.4 366.7 364 363.9 362.8 358.4 354.9 344.7 332.5 325.2 318.7 316.1 317.8 316.7 314.7 310.8 311.9 323.4 328.6 330.3 330.2 332.2 334.4 339.8 348.3 349.8 350.1
409.3 396.3 392.2 385.5 382.1 373.8 385.6 390.7 376.9 362.2 345.7 334.7 324.7 312.9 303.9 297.4 290.9 286.5 280.8 277.4 275.1 274.1 274.7 272.1 269.9 268.1 266.8 266.5 266.2 266.2 266.2 266.2 267.2 269.5 269.1 269.6 273.3 278.8 285.8 291.5 298.7 307.5 315 321.8 326.3 331.2 338.8 341.5 347.1 352 355.7 357.6 360.3 362.8 364 361.8 362.5 363.8 359.9 351.9 343.9 332.4 323.8 316 313.1 311.4 311 311.9 310.3 313 323.2 326.1 325.2 326.1 327.9 329.9 335 345.6 348.6 347.1
418.5 408.3 404.7 391.2 393.4 381.3 390.7 372.1 355.2 339.5 329.5 320.7 313.4 306.7 300.9 296 290 284.8 283.1 280.7 277.8 276.3 276.1 274.6 273 270.7 267.9 266.7 266.4 266.3 266.6 266.4 267.1 272 276.7 272.8 270.8 274.8 279.1 285.7 292.8 301.4 308.6 314.7 320.7 325.2 331.8 335.3 340.2 345.7 350.3 354.2 357.8 362.2 362.3 360.1 358.4 357.9 352.1 348.2 338.2 330.3 323.9 316.1 310 309.1 308.7 308.7 308.9 313.1 315.9 318.3 320 322.9 323.4 325.3 333.1 338.5 341.8 343.5
443.2 424.8 397 381.9 366.3 355.8 349.1 343.1 330.8 324.7 318.5 312.5 307.9 302.6 298.5 297.5 293 287.3 289.4 284.3 281.2 279 277.3 277.1 278.9 277.3 276.8 277.5 273.7 272.6 271.1 269.1 267.5 272 275 276.9 271.2 274.2 277 279.4 286.2 295.3 302.1 308.4 315.1 319.4 322.6 327.1 332.4 338.3 343.3 347.1 354.4 362.5 362.4 359.3 356.3 350 343.7 338.7 331.1 325.2 320.8 316.5 310.8 308.4 307.9 307.7 308 311.2 311.9 312.6 314.1 319.3 320.2 325.6 330.6 332.9 334.9 335.6
