WholeMapElevations/data/nb/nb42_OST50GRID_20230518/NB42.asc
ncols 200
nrows 200
xllcorner 140000
yllcorner 920000
cellsize 50
[rows 47 to 93 of 200, columns 0 to 95 of 200]
45.1 45.5 46.9 48.6 49.2 50 50.5 51.4 56.4 60.8 61.4 61.3 62.1 70.9 71.9 67.8 65.6 63.7 62.7 63.6 60.7 57.2 53.7 53.7 53.7 53.7 53.7 53.7 57.7 53.7 53.8 57.8 63.4 64.6 64 69.5 70.9 71.2 70.5 70.3 68.2 67.2 56.5 56.5 61 62.7 56.5 59.8 67.7 69.5 84.2 89.6 81.5 71.8 75.9 80.8 71.6 50.5 29 25.9 -2 -2 -2 -2 -2 -2 -2 -2 -2 -2 -2 -2 -2 -2 -2 -2 -2 -2 -2 -2 -2 -2 -2 -2 -2 -2 -2 -2 -2 -2 -2 -2 -2 -2 -2 -2
45.1 46.6 48.2 49.6 50 50.7 51.4 52.3 53.9 58.2 61.2 62 63.2 66 69.3 69.2 67.6 66.2 63.2 63 63.2 63.5 57.2 53.6 53.7 53.7 53.7 53.7 58.6 60.5 55.4 58.7 59.5 62.1 63.6 71.8 69.6 68.7 68.1 68.1 66.2 61.4 63.9 56.5 56.5 56.5 56.5 62 69.4 82.1 90.6 91.1 87.5 70.3 68.6 80.3 83.7 74.4 52 43.4 16.6 -2 -2 -2 -2 -2 -2 -2 -2 -2 -2 -2 -2 -2 -2 -2 -2 -2 -2 -2 -2 -2 -2 -2 -2 -2 -2 -2 -2 -2 -2 -2 -2 -2 -2 -2
49 50.2 51.1 51.4 51.4 52 52.6 53.1 55.4 58.8 60.9 62.3 64 67.1 69.4 70.7 69.8 67.6 66.9 63 59.2 55.5 53.7 53.7 53.7 53.7 53.7 53.7 55.9 60.8 59 58.1 57 56.9 67.9 71.8 68.6 67.1 67 63.3 62.4 61.4 58.4 56.1 56.5 56.5 56.5 68.2 80.8 94.6 96 90.4 87.2 78.2 67.3 69.5 83.4 90 77.3 74.2 41.2 12.7 -2 -2 -2 -2 -2 -2 -2 -2 -2 -2 -2 -2 -2 -2 -2 -2 -2 -2 -2 -2 -2 -2 -2 -2 -2 -2 -2 -2 -2 -2 -2 -2 -2 -2
51.1 52.6 53.2 52.7 52.3 52.8 53 54.4 56.6 59.4 61.6 63.3 65.6 68.2 69.7 71 71 71.3 68.1 64.8 62.1 59.3 56.1 55.2 55.8 57.4 55.1 53.7 59.2 62.2 59.8 58.5 58.3 62.1 65.8 65.9 64.8 64.7 60.8 59 58 55.8 55.8 57 56.5 56.5 64.3 68.6 91.3 96.9 94.5 89 83.5 79.7 75.7 64.9 70.2 78 84.5 86.2 57.3 39.1 -2 -2 -2 -2 -2 -2 -2 -2 -2 -2 -2 -2 -2 -2 -2 -2 -2 -2 -2 -2 -2 -2 -2 -2 -2 -2 -2 -2 -2 -2 -2 -2 -2 -2
51.4 53.1 52.9 53 52.7 52.8 52.9 54.3 56.3 59.3 61.7 63.3 64.5 66.4 68.4 69.3 69.2 69.1 69.9 65.8 63.1 60.3 58.5 57.4 57.2 56.4 56.3 54.8 53.8 55.1 59.1 58.8 60.9 62.7 62.8 63 61.7 59.2 56.1 54.9 54.5 53.8 60.1 56.5 56.5 61.7 64.9 84.7 94.8 98.3 93.6 87.2 82.2 82.7 76.3 64.4 65 67.2 74.5 71 63.4 48.9 -2 -2 -2 -2 -2 -2 -2 -2 -2 -2 -2 -2 -2 -2 -2 -2 -2 -2 -2 -2 -2 -2 -2 -2 -2 -2 -2 -2 -2 -2 -2 -2 -2 -2
52.6 52.9 52.1 52.1 52.2 52.3 52.7 53.2 54.7 58.4 61.7 63 64 65.1 66.4 67.8 67.6 67.4 66.9 65.7 64.2 61.8 60.8 59.3 57.3 56.5 53.6 52.1 51 51.8 58.5 59.3 58 65.2 62.5 60 59.1 55.8 54.9 52.6 52.6 55.7 61.9 60.7 60.2 63.9 73.4 86.6 94.1 99.9 94.7 84.6 79.7 81.4 80.1 77.5 64.2 63.9 68.3 77.9 75.5 48.1 15.7 -2 -2 -2 -2 -2 -2 -2 -2 -2 -2 -2 -2 -2 -2 -2 -2 -2 -2 -2 -2 -2 -2 -2 -2 -2 -2 -2 -2 -2 -2 -2 -2 -2
54 52.5 51.6 51.1 50.8 51.4 51 52.7 53.8 57.5 60.9 62.4 63.5 64.5 65.1 66.7 66.8 66.7 66.1 65.4 67.1 64.1 62.1 65 61.4 55.4 53.4 53 51 51 55.9 54.9 52.4 56.7 59.8 54.4 59.9 56.4 54.8 52.6 52.6 53 61.6 63.4 64.6 66.1 71.2 89.7 94.5 98.1 95.3 89.3 82.3 76.2 78.6 68.3 62.4 61.3 63.1 72 69.3 51.2 12.3 -2 -2 -2 -2 -2 -2 -2 -2 -2 -2 -2 -2 -2 -2 -2 -2 -2 -2 -2 -2 -2 -2 -2 -2 -2 -2 -2 -2 -2 -2 -2 -2 -2
53.1 51.8 50.4 49.5 50 50.1 49.8 50.5 52.4 58.2 60.2 61.3 61.7 62.1 64.1 65.2 66.1 66 64.9 64.3 64.9 63.6 61.2 58.4 57.9 55.3 56.5 58.7 52.9 51 51 51.5 51 51 51 51 54.3 53.3 54.6 52.6 52.6 57.4 62.1 64.3 67.7 71.2 72.3 91.2 97 96.7 94.4 88.8 82 74.4 70.7 63.3 71.9 62.6 64.2 59.4 66 43.6 -2 -2 -2 -2 -2 -2 -2 -2 -2 -2 -2 -2 -2 -2 -2 -2 -2 -2 -2 -2 -2 -2 -2 -2 -2 -2 -2 -2 -2 -2 -2 -2 -2 -2
52.5 51.5 50.4 49.1 49.7 49.6 49.9 49 48.6 52.9 54.7 58.3 59.9 60.7 62.1 65.2 66.6 65.3 63.9 60.3 59.5 58.4 57.3 57.6 59.8 57.8 54 52.6 51 51 51 51 51 55.9 51 51 51 51 50.6 55.9 52.8 57.6 64.1 69 71.6 71.8 76.6 89.7 94.2 92.1 89.4 84 74.3 67.1 64.1 71.5 76.8 71.3 60.5 59.3 62.7 47.2 -2 -2 -2 -2 -2 -2 -2 -2 -2 -2 -2 -2 -2 -2 -2 -2 -2 -2 -2 -2 -2 -2 -2 -2 -2 -2 -2 -2 -2 -2 -2 -2 -2 -2
54.1 54.3 52.6 49.9 49.5 48.7 48.6 47.3 45.4 44.4 50.8 56.8 58.3 60.2 61.1 63.2 71.6 66.9 62.2 58.1 57.3 56.8 55.6 55.8 61 58.3 55.6 52.8 51 53.4 52.4 51 51 55.9 52.7 51.2 50.6 51 55.2 57.7 57.5 62.3 64.2 69.1 76.7 73.8 74.4 84.4 84.3 85.8 84.8 79.8 72.4 65.1 67.7 82.1 76.4 72.3 63.4 66.3 59 50.7 -2 -2 -2 -2 -2 -2 -2 -2 -2 -2 -2 -2 -2 -2 -2 -2 -2 -2 -2 -2 -2 -2 -2 -2 -2 -2 -2 -2 -2 -2 -2 -2 -2 -2
56.7 55.5 54.3 50.1 48.4 48 46.3 44.2 43.4 43.4 46.3 55.8 57.9 61.3 61.9 62 66 63.3 58.5 58.3 56.8 54.9 52.8 52.2 49.4 50.1 51.1 51.9 53 54.7 55.1 55.5 56 54.9 54.4 54.1 54.2 53.5 57.3 57.5 59.2 59.8 65.8 71 75.2 71.5 75.2 81.4 81.9 82.9 81.4 78.1 69 68.4 81.1 85.6 79.5 72.8 71.4 70.4 61.8 42.3 -2 -2 -2 -2 -2 -2 -2 -2 -2 -2 -2 -2 -2 -2 -2 -2 -2 -2 -2 -2 -2 -2 -2 -2 -2 -2 -2 -2 -2 -2 -2 -2 -2 -2
56.1 54.9 52.7 50.6 46.6 46 43.4 43.4 43.4 43.4 45.1 58.7 58.8 63.4 63.8 60.1 60.1 64.1 55.4 62.5 57.4 52.7 47.7 47.9 48.7 48.3 48.8 51.3 54.4 56.4 56.2 56.7 56.4 55.8 55.8 55 55.1 55.3 56 58 58.7 60.1 63.1 67.5 69.8 71 75.8 81.4 81.1 79.4 80.5 76.4 71.3 72.7 86.2 88.5 83.1 77.8 76.6 78.5 71.4 48.8 -2 -2 -2 -2 -2 -2 -2 -2 -2 -2 -2 -2 -2 -2 -2 -2 -2 -2 -2 -2 -2 -2 -2 -2 -2 -2 -2 -2 -2 -2 -2 -2 -2 -2
53.8 52.6 52.4 49.5 45.9 43.4 43.4 43.4 43.4 43.4 45.6 56.4 57.1 60.4 61.3 60.1 61.9 63.7 58 51 48.1 46.2 45.6 47.5 48.4 47.3 45.8 50.7 52.4 53.9 55.4 56.9 57.5 57.7 57.2 56.3 55.9 56.2 56.1 56.4 57.7 59.7 62.8 66.3 69.7 79.5 85.1 85.2 84 78.3 76.8 74.7 73.4 83.4 92.3 93.6 86.7 82.4 80.6 84.9 83.6 47.6 -2 -2 -2 -2 -2 -2 -2 -2 -2 -2 -2 -2 -2 -2 -2 -2 -2 -2 -2 -2 -2 -2 -2 -2 -2 -2 -2 -2 -2 -2 -2 -2 -2 -2
53.3 51.5 49.7 45.5 43.4 43.4 43.4 43.4 43.4 43.4 48.4 52.5 54.7 57.3 63.5 61.5 61.7 61.2 53.7 50.7 49.3 46.7 45 51.3 49.3 46.3 45.3 47.1 50.6 52.5 53.9 56.1 59.3 58.8 57.9 57.1 55.7 58.2 55.9 55.2 56.8 59.4 65.3 73.8 78.2 87.3 87.2 87 83.7 79.8 76.8 75.9 79.5 90.4 96.4 96.6 91.2 83.6 82.3 84.2 83.8 63.9 15.3 -2 -2 -2 -2 -2 -2 -2 -2 -2 -2 -2 -2 -2 -2 -2 -2 -2 -2 -2 -2 -2 -2 -2 -2 -2 -2 -2 -2 -2 -2 -2 -2 -2
52.3 47.1 43.4 43.4 49.2 45.7 43.4 43.4 43.4 45.6 48.5 50.2 52.3 58 60.1 58.6 60 59.4 57.3 57.8 58.5 53.4 42.2 46.5 46.2 44.1 43.2 45.8 48.1 50.4 57.4 62.6 64.9 59.3 58.4 57.9 54.5 51.8 51.2 53.2 54.7 57.8 69.5 79.1 86.2 89.8 88.3 87.6 83.1 81.2 81.5 78.2 82.7 95 98.8 98.3 94.1 85.5 77.7 79 78.8 61.8 23.2 -2 -2 -2 -2 -2 -2 -2 -2 -2 -2 -2 -2 -2 -2 -2 -2 -2 -2 -2 -2 -2 -2 -2 -2 -2 -2 -2 -2 -2 -2 -2 -2 -2
46.1 44.6 45.2 53.1 52.4 49.4 43.4 45.9 46.5 43.4 46.7 51.7 52 52.9 55.1 60.3 60.7 63.5 64.6 58.5 55.6 48.2 40.7 38.1 41.9 42.9 44.1 41 43.7 49.6 61.5 65.6 66.5 60.3 58.6 58.1 52.6 49.8 48.5 50.9 53.5 56.2 69.3 78.6 90.5 90.9 87.2 84.3 83.4 80.3 80.5 82.8 91.2 101 104.1 100.9 93.7 85.2 78.7 73.1 74.1 58 24.7 -2 -2 -2 -2 -2 -2 -2 -2 -2 -2 -2 -2 -2 -2 -2 -2 -2 -2 -2 -2 -2 -2 -2 -2 -2 -2 -2 -2 -2 -2 -2 -2 -2
45.5 47.7 48.8 52.8 51.2 48.5 45.1 42.8 45.3 44.5 47 49 52.2 53.9 57.1 67 67.6 62.5 61.9 57.9 51.7 45.7 42 32.5 43.6 43.8 41.8 41 41.2 51 63.1 67.8 67.1 61.4 54.2 49.8 45.9 45.9 45.9 48 53 54.9 68.8 79.8 90.7 91.1 86.9 83.3 81.4 74.9 74.9 90.4 95.6 100.1 104.6 101.4 94.7 83.2 78.9 66.5 64.4 50.5 17.1 -2 -2 -2 -2 -2 -2 -2 -2 -2 -2 -2 -2 -2 -2 -2 -2 -2 -2 -2 -2 -2 -2 -2 -2 -2 -2 -2 -2 -2 -2 -2 -2 -2
49.4 45.7 47.6 49.2 51.7 49 44.3 42 42 42.1 49.3 52.1 53.8 54.7 56.9 64.5 68.4 65.2 59.7 56 52 47.2 39.6 32.2 36.9 41.3 41.1 41 46.1 48.9 60.3 63.5 61.1 56 51.5 51.9 45.9 45.9 45.9 45.9 52.6 54.2 56.2 75.6 83.8 86.5 85 83.7 78.2 74.3 74.9 92.4 97.8 98.5 100.4 98.3 92.9 85.9 69.3 67.1 62.7 48 31.7 -2 -2 -2 -2 -2 -2 -2 -2 -2 -2 -2 -2 -2 -2 -2 -2 -2 -2 -2 -2 -2 -2 -2 -2 -2 -2 -2 -2 -2 -2 -2 -2 -2
45.5 46.5 47.2 52.1 51.9 48.4 45.8 42.1 42.6 43 42.7 52.7 54.7 57.5 59.4 62.6 66.4 65.4 56.7 53.9 50.7 44.7 35.1 31.2 32.8 42.4 44.9 42 43.6 48.9 55.5 53.2 52.2 53.2 55.2 53.8 50.5 51.1 45.9 45.9 52.1 53.5 55.5 71.4 83.4 86.1 85.9 77.6 75.1 74.9 74.9 89 96.9 99.2 96.9 93.6 89.3 85.4 81.1 67.9 62 51 31 -2 -2 -2 -2 -2 -2 -2 -2 -2 -2 -2 -2 -2 -2 -2 -2 -2 -2 -2 -2 -2 -2 -2 -2 -2 -2 -2 -2 -2 -2 -2 -2 -2
46 46.5 46.1 44.5 44.3 43.5 46.4 43.8 42.6 41.5 45.2 51.9 54.7 58.5 59.1 61.8 63 62.9 55.8 49.7 47.5 40.8 32.2 31.3 33.4 44.4 49.4 47.5 44.5 47.1 46.6 46.6 53.1 61.5 59.2 55.9 58.3 52.3 46.6 51 52.4 52.9 55.2 69.3 81.2 88 84 73.2 75.2 75.2 80.6 86.4 94.6 100.4 96.5 91.3 89.5 87.5 86.3 81.9 69.3 48.5 27.5 -2 -2 -2 -2 -2 -2 -2 -2 -2 -2 -2 -2 -2 -2 -2 -2 -2 -2 -2 -2 -2 -2 -2 -2 -2 -2 -2 -2 -2 -2 -2 -2 -2
46.5 46.4 45.8 44.8 51.7 52.8 53 47.5 46.4 44.1 45.8 47.9 56 57.8 57 59.2 60 57.9 49 38.6 32.5 31.5 32.6 32.2 35.6 43.7 48.5 49.9 46.7 46.6 46.6 52.1 57.4 59 60.4 57.2 58.3 54.7 48.8 46.3 46.3 52.9 56.9 60.7 80.7 82.6 80.4 71.2 69.1 78.2 77.9 81.8 89.6 96.8 97.4 89.9 88.2 87.5 87.8 86.9 80.7 48.2 27.1 -2 -2 -2 -2 -2 -2 -2 -2 -2 -2 -2 -2 -2 -2 -2 -2 -2 -2 -2 -2 -2 -2 -2 -2 -2 -2 -2 -2 -2 -2 -2 -2 -2
48.5 49.6 48.7 49.6 55.6 55.2 52.2 48.2 49.4 44.1 42.2 47.2 55.1 58.1 56 54.9 54.1 46.6 46.5 44.8 36.2 30.6 30 33.9 35.4 41.9 46.8 49.6 48.7 54.9 56 57.1 61.9 62.3 61.1 62.1 62 58.2 57.8 46.3 46.3 55.2 58.7 60.7 73.8 79 74.5 70.8 67.2 74.1 76.7 81.3 86.6 92.9 95.1 91.7 87.1 84.6 87.2 90.2 84 56.1 27.3 -2 -2 -2 -2 -2 -2 -2 -2 -2 -2 -2 -2 -2 -2 -2 -2 -2 -2 -2 -2 -2 -2 -2 -2 -2 -2 -2 -2 -2 -2 -2 -2 -2
47.7 52.7 54.7 50.7 53.2 51.5 49 45.4 47.8 42.8 40.6 45.9 54 53.5 51.9 47.6 47.4 48.2 45.5 47.2 38.6 34.2 29.2 30.8 34.6 39.4 41.1 46.6 58 60 60.3 62.4 63.3 62.6 58.9 57.9 61.4 59.9 60.2 53.7 46.3 53.6 61 61.4 70.2 72.5 70.2 65.2 72 71.8 78.3 80.8 83.9 90.7 90.4 87.4 85.2 77.3 82.6 86.5 84.9 59.6 -2 -2 -2 -2 -2 -2 -2 -2 -2 -2 -2 -2 -2 -2 -2 -2 -2 -2 -2 -2 -2 -2 -2 -2 -2 -2 -2 -2 -2 -2 -2 -2 -2 -2
50.6 54.8 54.4 51.3 48.8 47 44.3 43.5 44.2 40.6 40.6 45.2 50 47.9 44.9 46.7 50.5 46.8 46.8 42.8 35.5 28.1 28.2 31.6 35.4 40.9 48.3 53.5 61.5 64.4 63.3 59.9 62.8 60.3 60.4 55.6 58.7 57.7 56.7 51.7 46.3 46.9 56.6 66.2 65.6 67.6 66 64.1 70.1 69.2 75 79 85.9 87.8 88.3 84.2 81.3 76.1 75.6 74.6 66.9 48 -2 -2 -2 -2 -2 -2 -2 -2 -2 -2 -2 -2 -2 -2 -2 -2 -2 -2 -2 -2 -2 -2 -2 -2 -2 -2 -2 -2 -2 -2 -2 -2 -2 -2
51.2 53.6 52.1 50 47.4 44.7 42.6 43.4 43.9 40.6 40.7 40.6 40.6 46.8 50.8 48.1 44.9 45.6 41.7 34.1 28.2 28.2 28.2 29.3 42.5 42.5 50 54.9 59.6 56.3 59.2 53 59.9 61.4 56 54.1 49.8 47 44.3 46.7 46.1 53.8 53.6 57.5 64.5 65 61.2 61.4 65.4 64 71.3 77.3 82.6 84.6 87.3 83.4 80.9 76.5 70.5 57.9 42.6 -2 -2 -2 -2 -2 -2 -2 -2 -2 -2 -2 -2 -2 -2 -2 -2 -2 -2 -2 -2 -2 -2 -2 -2 -2 -2 -2 -2 -2 -2 -2 -2 -2 -2 -2
46.2 49.6 48.3 46.5 45.3 43.7 41.7 43.7 41.6 40.6 40.6 40.6 43.2 49.3 49.4 47.1 44.8 41.1 34.9 28.5 28.2 28.2 28.2 28.2 33.8 32.5 33.6 42.6 47.3 48 50.9 46.9 56.9 50.8 54.5 49.6 44 32.8 30.4 39.5 43.5 57.4 62.5 58 59 67.3 55.5 56 59.5 59.9 67.2 73.2 79 81.3 84.7 82.9 80.4 74.9 66.2 40.6 11.7 -2 -2 -2 -2 -2 -2 -2 -2 -2 -2 -2 -2 -2 -2 -2 -2 -2 -2 -2 -2 -2 -2 -2 -2 -2 -2 -2 -2 -2 -2 -2 -2 -2 -2 -2
43.3 44.9 45.2 44.4 43.6 41.6 40.4 40.7 40.8 43.8 43.1 43 42.2 46.5 44.5 43.3 39.9 36.2 31.7 30.4 34.5 29.3 28.2 32.8 32.2 27.9 22.9 27.7 33.1 31.7 38.3 31.5 37.9 39.3 33.5 43.4 43.2 30.9 29.9 35.3 47 58.6 65.4 60 57.9 63.9 55.3 53.1 53 56.4 66 71.9 73.6 71.7 79.4 80.2 76.8 71.2 59.3 20.2 -2 -2 -2 -2 -2 -2 -2 -2 -2 -2 -2 -2 -2 -2 -2 -2 -2 -2 -2 -2 -2 -2 -2 -2 -2 -2 -2 -2 -2 -2 -2 -2 -2 -2 -2 -2
42.7 41.8 44.5 42.3 40.3 39.5 39.6 40.8 42.8 45 46.3 45.6 42.7 42.3 41.2 39.6 35.8 32.7 31.3 30.8 29.4 28.6 27.9 28.6 27.8 27 22.7 20.9 24 22.2 16.9 17.4 18.2 26 32.4 45.1 42.4 29.8 31.2 40.5 47 59.8 66.9 71.5 57.9 59.4 55.5 53.2 50.9 56.5 63.6 68.7 70.7 65.3 71.6 72.1 66.7 57.7 29.1 10.4 -2 -2 -2 -2 -2 -2 -2 -2 -2 -2 -2 -2 -2 -2 -2 -2 -2 -2 -2 -2 -2 -2 -2 -2 -2 -2 -2 -2 -2 -2 -2 -2 -2 -2 -2 -2
43.6 41.6 40.2 36.6 39.5 39.8 40.3 39.2 39.6 43.9 44.5 44.2 42.1 40.6 41 36.8 33 32.5 32.6 32.6 33 33.4 34.1 34 32.9 31.7 31.3 25.6 20.9 15.8 14 14.6 18 25.8 27.8 38.6 30 31.3 33.7 43.9 47.3 56.9 63.7 70 65.2 53.9 50.7 50 50.5 56.6 62.2 71.1 68.9 60.9 56.9 35.6 45.5 29.8 -2 -2 -2 -2 -2 -2 -2 -2 -2 -2 -2 -2 -2 -2 -2 -2 -2 -2 -2 -2 -2 -2 -2 -2 -2 -2 -2 -2 -2 -2 -2 -2 -2 -2 -2 -2 -2 -2
39.9 39.1 38.7 34.6 41.3 40.8 39.3 38.4 37.2 38 38.3 38.7 36.8 35.3 34.2 35.5 31.9 39.5 43.6 39.6 34.8 33.8 33.2 32.7 30.9 29.8 30.3 26.6 21.6 15.9 12 12 14.2 17.8 21 24.8 25.5 31.8 40 45.4 48.2 50.1 61.1 66 58.8 53.6 47.8 47.4 48.4 58.3 58.2 61.2 61.9 53.8 11.4 -2 -2 -2 -2 -2 -2 -2 -2 -2 -2 -2 -2 -2 -2 -2 -2 -2 -2 -2 -2 -2 -2 -2 -2 -2 -2 -2 -2 -2 -2 -2 -2 -2 -2 -2 -2 -2 -2 -2 -2 -2
31.8 35.5 34.4 32 36.1 43.5 39.7 38.6 37.1 36.7 36 35.5 36.7 36.1 33.4 29.3 32.9 44.5 46.1 40.8 37.5 33.5 31.7 30.6 29 27.6 25.7 23 19.1 15.6 12.2 10.2 10.3 12.4 15.8 19.6 31.5 50.8 52.3 51.8 53 45.7 46.2 57.8 55.3 43 48.3 41.4 48.6 47.5 54 50.6 48 28.4 -2 -2 -2 -2 -2 -2 -2 -2 -2 -2 -2 -2 -2 -2 -2 -2 -2 -2 -2 -2 -2 -2 -2 -2 -2 -2 -2 -2 -2 -2 -2 -2 -2 -2 -2 -2 -2 -2 -2 -2 -2 -2
24.7 29.7 26.8 28.4 29.4 36.5 36.9 36.8 35.1 35.3 35 35.6 40.1 36.7 29.4 28 34.3 40.4 39.7 37.1 36 34.1 32.6 31.4 31 29.7 27.5 25.6 22.5 18.7 15.5 11.6 8 9 12.2 21.8 35.6 49.9 51 59.1 53.9 50.6 39.1 41.5 49.2 45.3 43.9 34.3 38.8 41.5 32.5 31.6 32 3 -2 -2 -2 -2 -2 -2 -2 -2 -2 -2 -2 -2 -2 -2 -2 -2 -2 -2 -2 -2 -2 -2 -2 -2 -2 -2 -2 -2 -2 -2 -2 -2 -2 -2 -2 -2 -2 -2 -2 -2 -2 -2
-2 15.9 20.3 20.8 19.9 24.9 27.3 31.5 35.2 35.3 37.7 42.1 41.1 34.7 25.9 26.1 38.2 32.4 28 33.9 37.6 39.5 39.3 38 36.9 35.5 32.6 28.9 26.8 23.4 22.3 17.8 10.8 5.5 11.1 28.2 33.9 39.4 48.8 50.9 49.7 39.1 32.4 27.3 30.1 21.5 34.8 22.6 23.2 31.6 -2 -2 -2 -2 -2 -2 -2 -2 -2 -2 -2 -2 -2 -2 -2 -2 -2 -2 -2 -2 -2 -2 -2 -2 -2 -2 -2 -2 -2 -2 -2 -2 -2 -2 -2 -2 -2 -2 -2 -2 -2 -2 -2 -2 -2 -2
-2 9.8 16.6 16.2 22.7 32.9 32.9 33.5 40.7 35.1 36.5 41.3 36.1 24.9 18.9 19.7 19.4 19.1 27.3 36 39.3 41.1 39.6 39.6 40.5 40.8 35.4 31.4 28.2 28.7 28.4 22.9 10 -2 -2 12.9 23.7 26 44.7 51.7 57.1 48.6 23.7 12.4 -2 -2 14.3 -2 -2 -2 -2 -2 -2 -2 -2 -2 -2 -2 -2 -2 -2 -2 -2 -2 -2 -2 -2 -2 -2 -2 -2 -2 -2 -2 -2 -2 -2 -2 -2 -2 -2 -2 -2 -2 -2 -2 -2 -2 -2 -2 -2 -2 -2 -2 -2 -2
-2 -2 10.1 14.8 22.1 37.1 31 36.1 35.7 31.1 37.2 35.3 28.1 18.9 18.9 18.9 18.9 22.7 30 36.4 41.1 41.4 43.4 42.2 46.6 41 27.9 26.3 25.2 21.6 20.1 14.8 -2 -2 -2 -2 6.7 13.1 21.2 38.8 46.5 36.8 18.5 -2 -2 -2 -2 -2 -2 -2 -2 -2 -2 -2 -2 -2 -2 -2 -2 -2 -2 -2 -2 -2 -2 -2 -2 -2 -2 -2 -2 -2 -2 -2 -2 -2 -2 -2 -2 -2 -2 -2 -2 -2 -2 -2 -2 -2 -2 -2 -2 -2 -2 -2 -2 -2
-2 -2 -2 15.5 15.9 31.2 29 32.9 30.7 28.4 31.5 24.3 18.9 18.9 18.9 18.9 21.7 21.4 29.8 35.2 39.9 39.1 38.8 39 40.1 32.5 26.8 21.4 23.6 17.8 13.3 -2 -2 -2 -2 -2 -2 -2 -2 -2 9.6 10.7 -2 -2 -2 -2 -2 -2 -2 -2 -2 -2 -2 -2 -2 -2 -2 -2 -2 -2 -2 -2 -2 -2 -2 -2 -2 -2 -2 -2 -2 -2 -2 -2 -2 -2 -2 -2 -2 -2 -2 -2 -2 -2 -2 -2 -2 -2 -2 -2 -2 -2 -2 -2 -2 -2
-2 -2 -2 6.3 12.3 25.1 25.4 24.8 24.1 20.5 18.9 18.9 18.9 18.9 18.9 18.9 20.5 19.4 26 32.9 35.5 38.8 36.7 35.1 35.4 30.5 26.4 17.6 16.4 12.4 -2 -2 -2 -2 -2 -2 -2 -2 -2 -2 -2 -2 -2 -2 -2 -2 -2 -2 -2 -2 -2 -2 -2 -2 -2 -2 -2 -2 -2 -2 -2 -2 -2 -2 -2 -2 -2 -2 -2 -2 -2 -2 -2 -2 -2 -2 -2 -2 -2 -2 -2 -2 -2 -2 -2 -2 -2 -2 -2 -2 -2 -2 -2 -2 -2 -2
7.9 6.6 -2 -2 2.7 15.3 15.3 14.9 18.7 22.2 18.9 18.9 23.2 19.1 18.9 18.9 18.9 18.9 20.6 30.7 35.4 33.8 37.4 35.8 36.7 33.9 18.4 9.6 5.6 -2 -2 -2 -2 -2 -2 -2 -2 -2 -2 -2 -2 -2 -2 -2 -2 -2 -2 -2 -2 -2 -2 -2 -2 -2 -2 -2 -2 -2 -2 -2 -2 -2 -2 -2 -2 -2 -2 -2 -2 -2 -2 -2 -2 -2 -2 -2 -2 -2 -2 -2 -2 -2 -2 -2 -2 -2 -2 -2 -2 -2 -2 -2 -2 -2 -2 -2
13.1 6.1 5.9 -2 -2 -2 3.8 16.5 22.7 26.1 19.9 28 26.5 23 19.6 20.6 19.7 26.2 24.6 32.3 33.8 29 30.2 34 31.4 23.1 8.7 -2 -2 -2 -2 -2 -2 -2 -2 -2 -2 -2 -2 -2 -2 -2 -2 -2 -2 -2 -2 -2 -2 -2 -2 -2 -2 -2 -2 -2 -2 -2 -2 -2 -2 -2 -2 -2 -2 -2 -2 -2 -2 -2 -2 -2 -2 -2 -2 -2 -2 -2 -2 -2 -2 -2 -2 -2 -2 -2 -2 -2 -2 -2 -2 -2 -2 -2 -2 -2
13.4 6.8 14.2 -2 -2 -2 -2 14.6 23.5 21.3 19 18 24.8 21.2 23.8 31.2 34.7 28.6 22.4 21.8 23.4 24.5 21.4 22.6 18.4 -2 -2 -2 -2 -2 -2 -2 -2 -2 -2 -2 -2 -2 -2 -2 -2 -2 -2 -2 -2 -2 -2 -2 -2 -2 -2 -2 -2 -2 -2 -2 -2 -2 -2 -2 -2 -2 -2 -2 -2 -2 -2 -2 -2 -2 -2 -2 -2 -2 -2 -2 -2 -2 -2 -2 -2 -2 -2 -2 -2 -2 -2 -2 -2 -2 -2 -2 -2 -2 -2 -2
13.8 7.4 8.3 9.4 -2 -2 -2 8.9 18.1 19.4 15.8 14.5 22.4 27.7 31.2 35.4 28.7 29 19.7 10.7 6 7.6 -2 -2 -2 -2 -2 -2 -2 -2 -2 20.4 16.7 -2 -2 -2 -2 -2 -2 -2 -2 -2 -2 9.7 29.1 32 2.1 -2 -2 -2 -2 -2 -2 -2 -2 -2 -2 -2 -2 -2 -2 -2 -2 -2 -2 -2 -2 -2 -2 -2 -2 -2 -2 -2 -2 -2 -2 -2 -2 -2 -2 -2 -2 -2 -2 -2 -2 -2 -2 -2 -2 -2 -2 -2 -2 -2
17.5 -2 -2 -2 -2 -2 -2 -2 9.9 7.9 12.2 8.6 11.5 24.5 31.9 27.4 20.9 21.4 11.7 5.5 -2 -2 -2 -2 -2 -2 -2 -2 13.8 30.3 34.1 37 26.8 24.2 24.2 28.8 35.1 31.6 -2 -2 -2 -2 -2 -2 29.2 38.6 43.6 52.1 -2 -2 -2 -2 -2 -2 -2 -2 -2 -2 -2 -2 -2 -2 -2 -2 -2 -2 -2 -2 -2 -2 -2 -2 -2 -2 -2 -2 -2 -2 -2 -2 -2 -2 -2 -2 -2 -2 -2 -2 -2 -2 -2 -2 -2 -2 -2 -2
17.3 -2 -2 -2 -2 -2 -2 -2 -2 -2 -2 -2 2.6 8.4 11.4 12.3 11.5 -2 -2 -2 -2 -2 -2 -2 -2 -2 15.4 22.6 25.1 28.3 29.8 28.8 26.3 35.4 39.6 42.5 40.9 29 18.5 6.7 -2 -2 -2 12.4 33.6 39.9 46.9 47.9 46.7 37.1 -2 -2 -2 -2 -2 -2 -2 -2 -2 -2 -2 -2 -2 -2 -2 -2 -2 -2 -2 -2 -2 -2 -2 -2 -2 -2 -2 -2 -2 -2 -2 -2 -2 -2 -2 -2 -2 -2 -2 -2 -2 -2 -2 -2 -2 -2
21.7 -2 -2 -2 -2 -2 -2 -2 -2 -2 -2 -2 -2 -1.9 -2 -2 -2 -2 -2 -2 -2 -2 -2 -2 10.3 14.2 20.8 26.4 31.4 32.1 37.6 32.5 28.4 36.6 40.2 35.8 28.5 26.2 27.6 11.6 8.2 8.9 4 24.3 35.6 43 44 41.1 42.1 40 -2 -2 -2 -2 -2 -2 -2 -2 -2 -2 -2 -2 -2 -2 -2 -2 -2 -2 -2 -2 -2 -2 -2 -2 -2 -2 -2 -2 -2 -2 -2 -2 -2 -2 -2 -2 -2 -2 -2 -2 -2 -2 -2 -2 -2 -2
15 -2 -2 -2 -2 -2 -2 -2 -2 -2 -2 -2 -2 -2 -2 -2 -2 -2 -2 -2 -2 -2 11.5 15.8 19.5 29.2 35.3 33.7 32.8 34.5 36.2 31.4 29.7 34.3 40.6 35.5 39.8 34.4 26.7 18.1 12.4 9.8 7.8 27.4 35 32.8 37 36.5 33.8 32.5 25.2 14 29.4 28.5 17 -2 -2 -2 -2 -2 -2 -2 -2 -2 -2 -2 -2 -2 -2 -2 -2 -2 -2 -2 -2 -2 -2 -2 -2 -2 -2 -2 -2 -2 -2 -2 -2 -2 -2 -2 -2 -2 -2 -2 -2 -2
-2 -2 -2 -2 -2 -2 -2 -2 -2 -2 -2 -2 -2 -2 -2 -2 -2 -2 -2 -2 -2 6.6 13.5 17.5 25.9 32.4 37.9 35 32 30 35.2 30.3 30.4 33 33.3 43.9 44.2 36.5 25.5 22.3 22 17.9 9.8 23.2 32.4 33 32.2 26.9 28.5 25.4 18.7 17.3 33 33.7 26 29.8 36.1 44 42.4 -2 -2 -2 -2 -2 -2 -2 -2 -2 -2 -2 -2 -2 -2 -2 -2 -2 -2 -2 -2 -2 -2 -2 -2 -2 -2 -2 -2 -2 -2 -2 -2 -2 -2 -2 -2 -2
-2 -2 -2 -2 -2 -2 -2 -2 -2 -2 -2 -2 -2 -2 -2 -2 -2 -2 -2 -2 6.4 10 14.5 30.1 29.8 33.5 28.5 30.9 31 26.9 29.1 40.8 37.7 32.4 32.1 33.4 34.3 33.8 30.6 26.6 26.2 24.1 14.2 14.9 31.3 28 27.7 21.4 21.9 18 18.8 28.7 30.7 38.9 41.7 43.5 49.5 53.2 55.1 36.1 -2 -2 -2 -2 -2 -2 -2 -2 -2 -2 -2 -2 -2 -2 -2 -2 -2 -2 -2 -2 -2 -2 -2 -2 -2 -2 -2 -2 -2 -2 -2 -2 -2 -2 -2 -2
