UK/data/st/st87_OST50GRID_20230518/ST87.asc
ncols 200
nrows 200
xllcorner 380000
yllcorner 170000
cellsize 50
[rows 36 to 71 of 200, columns 80 to 159 of 200]
121.1 122.6 123.9 124.4 125 125.9 126.7 127.2 128.3 129.5 130.2 130.5 130.6 130.7 130.7 130.5 131 132 132.9 132.8 131.9 130.6 129 126.8 124.7 123.3 123.3 122.7 122.2 121.9 121.1 120.1 119.4 119.1 119.2 119.4 119.3 118.6 117.8 117.6 118.1 118.3 118.4 118 117.9 117.3 117.4 118 118.8 120.4 120.5 120.7 121 121.8 122.7 123.8 124.7 123.6 122.3 122.2 121.2 120.6 120.1 119.5 119.4 119.8 120 120.2 120.2 120 119.6 119.5 118.8 117.8 117.2 116.3 115.3 114.3 113.5 112.8
121.7 122.7 123.5 123.9 124.6 125.4 126.3 127.3 128.3 129.4 130.1 130.2 130.4 130.7 131.1 131.7 132.4 133 133.3 133 131.6 129.7 127.2 125.2 123.2 122.5 122.5 122.3 121.9 121.5 121 120.1 119.6 119.9 120 120 119.6 118.9 118.2 117.6 118.1 117.9 117.8 117.3 116.9 117.5 118.4 119.4 120.4 120.9 121.1 121.4 122.4 123.3 124.3 124.8 125.5 125 124.5 124.1 123.2 122.3 121.7 121 121.1 120.7 120.7 120.4 120 119.6 119.3 119 118.4 117.5 116.5 115.5 114.6 113.6 112.7 112.1
121.4 122.2 123 123.3 124.2 125.7 127.1 128.1 129 130 130.6 130.9 131.2 131.6 132.1 132.7 133.3 133.8 133.5 132.7 130.8 128.5 126.5 124.5 123.1 122.4 121.7 121.8 121.5 121.1 120.6 120.2 120.7 120.6 120.4 120.2 120 119.3 118.5 117.8 117.7 117.6 117.4 115.6 117.7 118.6 119.6 120.6 121.4 121.8 122.2 122.9 123.8 124.8 125.4 125.7 125.9 125.7 125.1 124.4 123.4 122.4 122.3 122.2 121.6 120.9 120.5 120.1 119.6 119.2 118.9 118.5 117.7 116.7 115.8 114.8 113.9 112.9 111.9 111.3
120.7 120.6 121.5 123.1 125 126.4 127.8 129 130.1 131 131.8 132 132.1 132.5 133.1 133.6 134.1 134.1 133.3 131.7 129.7 127.7 125.8 123.9 123.2 122.5 121.8 121.3 121.1 120.9 120.6 121 120.9 120.7 120.6 120.4 120.2 119.6 119.2 118.5 117.6 117.4 117.3 117.4 118.6 119.6 120.4 121.4 121.9 122.5 123.5 124.4 125.2 126 126 125.7 125.6 125.4 125 124.6 123.7 122.6 122.5 122.4 121.6 120.8 120.3 120 119.5 118.9 118.1 117.5 116.9 115.9 115 114.1 113.1 112.2 111.2 110.5
119.8 119.8 121.4 123.5 125.3 127.1 128.6 129.9 130.9 132 132.9 133.3 133.1 133 133.4 133.7 134 133.6 132.4 130.8 128.9 127.1 125.2 124.1 123.3 122.6 121.9 121.2 121.3 121 121.1 121.1 121 120.9 120.7 120.5 120.3 119.5 119.1 118.4 117.9 117.5 118.1 119 119.8 120.6 121.3 122.1 122.7 123.3 124.8 125.7 126.6 126.1 127.2 126 125.4 125 124.5 124.1 123.6 122.8 122.6 122 121.4 120.5 119.8 119.6 119.4 118.8 117.9 116.9 116 115.1 114.2 113.3 112.4 111.4 110.5 109.8
118.4 118.9 121.7 123.8 125.7 127.5 129.3 130.7 131.8 132.9 133.6 133.5 133.3 133.3 133.3 133.5 133.6 132.8 131.9 130.2 128 126.4 124.8 124.1 123.5 122.8 122 121.2 121.7 121.2 121.2 121.2 121.2 121.1 120.9 120.7 120.5 120.2 119.1 117.9 117 118.6 119.4 120.4 121.7 122.4 123.2 123.5 123.7 124.4 126.1 127.1 127.7 127.8 127.3 126.3 125.2 124.7 124 123.6 123.1 122.3 122 121.4 120.7 120.5 120 119.4 119 118.1 117.1 116.2 115.4 114.6 113.4 112.5 111.6 110.8 110 108.9
118 120 120.2 124.2 126 127.9 129.7 131.5 132.7 133.5 133.6 132.6 131.9 132.1 131.9 132.9 132.6 131.9 131.5 130.1 127.8 126.2 124.7 123.9 123.3 122.7 122.1 122 122.5 121.9 121.7 121.7 122.3 121.6 121.1 121 120.6 119.9 119.1 118.2 118.3 119.7 120.9 122.5 123.6 124.4 124.7 125.1 125.4 126.1 127.4 127.7 127.3 126.9 126.4 125.8 125.2 124.4 123.7 123 122.4 121.2 121.3 120.3 119.9 119.6 119.1 118.8 118.1 117.3 116.3 115.4 114.9 114.5 113.2 112.2 111.4 110.5 109.4 108.2
119.1 121.4 122.6 124.7 126.9 128.6 130.3 132 133.2 133.2 132.3 131.8 130.2 130 130.4 131.7 132.4 132 131.5 129.7 127.8 125.9 124.6 123.6 123 122.5 122.4 122.8 123.2 122.9 122.5 122.3 123 122.2 121.4 120.9 120.3 119.6 118.8 118.6 119.8 121.5 123.1 124.6 125.6 126 126.3 126.6 126.9 127.5 128.4 127.9 127.6 127.1 126.6 126.1 125.5 124.7 123.7 122.8 121.7 120.5 119.6 119 119.1 118.1 117.8 117.3 116.9 116.4 115.5 114.9 114.4 113.9 113.2 112 111.1 110.1 108.8 107.6
120.2 123.6 124.8 126.2 127.6 129.3 130.7 132.2 132.7 132.6 131.2 129.8 128.6 129.2 130.3 131.4 132.2 132.2 131.1 129.3 127.6 125.7 124.5 123.4 123.3 123.3 123.4 123.6 124 123.8 123.7 123.6 123.4 122.4 121.1 120.3 120 119.3 119 119.6 121.3 123.1 124.9 126.7 127.1 127.4 127.6 127.8 128.1 128.4 128.7 128.2 127.8 127.3 126.8 126.3 125.7 124.9 124.1 123.2 122.3 121.3 120.3 119.3 119.1 117.3 116.3 115.8 115.5 115.2 114.8 114.3 113.8 113.2 112.5 111.8 110.9 109.6 108.3 107
121.1 122.5 125.4 126.3 127.7 129.2 131.2 132.2 131.5 130.9 129.3 127.7 127.6 128.3 129.7 131.7 131.5 131.5 130.6 128.9 127.1 125.8 125.1 124.3 124.2 124.3 124.3 124.4 124.5 123.9 123.8 123.5 122.8 121.7 120.5 119.6 118.8 118.6 119.6 121.1 122.9 124.7 126.4 127.9 128.4 128.5 128.8 129 129.3 129.5 129.5 129 128.2 127.8 127.2 126.7 126.1 125.2 124.4 123.5 122.6 121.9 121 120 119.3 118 116.9 116.2 115.2 114.6 114.1 113.7 113.2 112.6 111.9 111.1 110.3 109.3 107.9 106.6
121.2 123.3 125.5 126.8 127.2 129.6 131.1 131.3 129.2 127.8 127.2 126.6 126.6 127.4 129.6 131.5 131 130.6 129.5 128.4 127.5 126.6 125.8 125.2 125 125.2 125.3 125.1 124.8 124.5 123.8 122.7 121.9 120.8 119.8 118.9 118.8 119.3 120.4 122.2 124.1 126 127.7 128.9 129.7 129.9 129.9 129.9 130.3 130.5 129.8 129.3 129.3 128.7 127.9 127.1 126.2 125.4 124.5 123.6 122.8 122 121.2 120.4 119.4 118.2 117.2 116.4 115.5 114.6 113.5 112.9 112.5 111.9 111.1 110.4 109.5 108.6 107.7 106.9
116.5 123.5 125.1 126.2 126.7 128.8 130 128.4 126.3 125.8 125.2 122.4 125.3 126.6 129 130.6 130.4 130 129.5 128.8 128.1 127.4 126.6 126.2 126.3 126.3 126.2 125.7 124.6 124 123.1 122 121.1 120 119.8 119.5 120 120.5 121.4 123.1 124.8 126.5 128.2 129 129.4 130.2 131.1 131.1 131.4 131.5 130.8 130.5 129.3 128.5 128 127.2 126.4 125.5 124.6 123.8 122.9 122.1 121 119.8 118.9 117.9 116.8 116 115.3 114.7 113.3 112.3 111.6 111 110.4 109.9 109.5 108.8 108.4 108.3
109 121.2 125.3 125.4 126.3 127.3 127.9 126.4 123.7 121.6 119.6 120.4 123.3 125.7 128.5 130.3 130.5 129.9 129.6 129.2 128.6 128.1 127.6 127.5 127.3 127.2 127 126.4 125.4 123.8 122.6 121.4 120.7 120.5 120.4 120.6 121 121.4 122.5 123.6 125.3 127 128.3 128.7 128.7 129.6 130.5 131.3 131.8 131.5 130.7 130 129 128.3 127.7 127.2 126.6 125.7 124.8 123.8 122.7 121.4 120.2 119.1 118.3 117.5 116.5 115.6 114.6 114.7 113.2 111.9 111.4 111.2 111.4 110.9 111.1 112.1 112 111.7
102.8 118.4 124.4 123.6 124.4 125.8 125.7 123.8 120.3 117.2 122.1 124.6 125.3 127 129.2 130.5 131.2 130.3 130.2 130.1 129.9 129.6 129.1 128.7 128.2 127.9 127.5 126.7 125.3 123.7 122.3 121.2 120.8 120.6 120.4 121.4 121.9 122.9 124 124.9 125.9 127.4 127.8 128 128.1 129 129.8 130.6 130.8 130.3 129.7 129.3 128.7 128 127.4 126.9 126.3 125.5 124.4 123.5 122 120.7 119.5 118.1 117 116.4 115.6 114.7 114.5 114.6 113.3 112.9 112.7 113 113.9 114.7 115.2 115.3 115.7 115
99.2 113.6 121.2 121 122.5 123.6 122.8 121.4 116.4 116.3 123.1 124.8 126.4 128.5 129.9 130 131.9 131 131.1 131.1 131 130.5 129.9 129.6 129.1 128.4 127.4 126.5 125 123.5 122.1 121.2 120.9 120.7 120.8 121.9 122.8 124.5 125.4 126.2 126.9 126.9 127 127.3 127.4 128.3 128.8 129.1 129.4 129.2 128.7 128.7 128.1 127.7 127.1 126.5 125.9 125.1 124.2 122.9 121.4 119.5 117.8 116.7 116.3 115.9 115.5 115.2 115.4 115.2 115.4 114.6 114.6 115.6 117.1 118 118.3 118.5 118.5 117.8
97.8 110.3 117.2 117.9 119.4 120.2 120.7 117.2 104.9 121.3 124.4 126 127.3 129.4 130.9 131.1 130.8 131.7 132 131.8 131.5 131 130.5 130 129.1 128.2 127.2 126.2 124.8 123.3 122.2 121.2 121 120.8 121.2 122.2 123.7 125.3 125.9 126.7 127 126.8 126.5 126.6 126.8 127.1 127.5 127.8 128.1 128.3 128.3 127.6 126.1 126.4 126.8 126.1 125.5 124.5 123.3 122.1 120 118 117.5 116.9 117.4 117.5 117 116.7 116.4 116.9 117.7 117.6 117.6 118.5 119.4 120.2 120.2 120.3 119.7 118.7
99.8 112 111.5 112.1 117.2 117.7 116.5 106.7 107.6 121.1 124.2 126.7 128.2 130.2 131.2 131.7 131.1 132.1 132.3 132.3 131.9 131.4 130.7 129.8 128.9 127.9 127 126 124.7 123.6 122.5 121.5 121.2 121.1 121.4 122.8 124.1 125.9 126.6 127 126.9 126.8 126.5 126.3 126.2 126.6 127 127.3 127.5 127.6 127.8 127.1 126.2 125.9 126.1 125.4 124.8 124 123 121.7 120.2 119 118.8 119 119.1 119.1 119 118.8 118.4 118.7 119.5 120.3 120.5 120.6 121.5 121.9 121.8 121.4 120.4 119.5
97.5 103.3 101 102.7 104.5 106 102.2 99.6 113.8 121.1 125.2 127.1 129.1 130.6 131.3 132.1 132.3 132.5 132.3 132.1 131.6 131 130.5 129.5 128.7 127.7 126.7 125.9 124.9 123.7 122.9 122.3 121.5 121.6 122.1 122.9 124 125.1 126.1 126.8 126.9 126.7 126.5 125.5 125.6 126 126.5 126.8 126.8 126.9 127.1 126.4 125.6 125.2 124.8 124.6 124.2 123.4 122.4 121.8 120.9 120.2 120.3 120.4 120.8 120.6 120.7 120.8 120.9 121.1 121.8 122.5 122.4 122.7 122.4 122.1 121.9 121.5 120.8 119.8
93.9 95.3 91.2 92.6 91.9 91.9 97.5 109 119.7 125.3 127.6 129.2 130.5 131.2 132 132.3 132.1 132.3 132 131.7 131.2 130.7 130.1 129.4 128.4 127.5 126.7 125.9 125 123.9 123.4 122.7 122.3 122.4 123 123.7 124.3 124.8 125.6 126.4 126.6 126.7 125.7 124.6 124.1 124.9 126 126.1 126.1 126.1 126.3 125.5 125.1 124.7 124.6 124.6 124.2 123.8 123.3 122.8 122.2 121.6 121.9 122.2 122.4 122.9 123.1 123.2 123.5 123.1 123.2 123.5 123.6 123 122.6 122.3 121.9 121.5 120.7 119.2
86.2 86.5 83.9 83 83.7 89.3 102.7 117.1 125 128.2 129.5 130.6 131.8 132 132.8 132.8 132.2 132.1 131.6 131.4 130.9 130.3 129.8 129.3 128.4 127.5 126.7 125.8 125 124.4 123.8 123.4 123.5 123.5 123.8 124.5 125.1 125.3 125.9 125.7 126.2 125.4 124.3 123.3 122.4 123.4 124.2 124.8 125.1 125.4 125.4 125 124.9 124.9 124.9 125.3 125 124.9 124.2 123.7 123.2 123.3 123.6 123.7 123.9 124.5 125.2 125 124.5 124 124 124.1 123.7 123.3 122.8 122 121.8 121.5 120.1 119
78.1 79.1 79.2 79.6 79.5 85.7 104.2 122.2 128.1 129.8 130.9 132 132.8 132.8 133.6 133.3 132.6 132 131.5 131.1 130.5 130.7 129.9 129.1 128.2 127.4 126.6 125.7 125 124.5 124.2 124.4 124.4 124.3 124.5 125.2 125.8 125.8 126.1 125 124.9 124 122.9 122.1 121.3 121.4 122 122.3 123.2 124.5 124.9 125.1 125.2 125.2 125.2 125.6 125.9 125.7 125.2 124.8 124.6 124.6 125 125.1 125.4 126 126.1 125.9 125.4 125 124.6 124.1 123.8 123.4 122.9 122.4 121.8 121.5 120.6 119.5
77.2 76.5 76.8 77.1 77.2 80.8 102.1 120.1 129.6 131.2 132.4 133.4 133.7 133.7 134.4 133.8 133.1 132.5 131.9 130.7 131.3 130.5 129.7 128.9 128 127.2 126.4 125.6 125.1 124.6 124.8 125.2 125.2 125 125.3 125.9 126.6 126.3 125.6 124.5 123.6 122.6 121.6 120.6 119.6 119.5 119.6 119.7 120.6 123.7 124.8 125 125.2 125.3 125.5 125.8 126 125.7 125.3 125 124.8 125.5 126.2 126.4 126.6 126.6 126.4 126 125.5 124.9 124.4 123.9 123.6 123.3 123 122.6 122.1 121.5 120.8 120
80.8 77.5 77.2 75.4 76.3 78.3 99.6 118.9 130.7 132.5 133.9 134.8 134.7 134.7 134.9 134.3 133.6 132.8 135 130.9 130.2 130.3 129.5 128.7 127.8 127 126.5 126.1 125.7 125.3 125.2 126 126 125.7 126.1 126.6 126.1 126 127.4 124 122.7 121.4 120.3 119.3 118.8 117.5 117.2 119.1 119.8 122.1 123.8 124.3 124.4 124.6 124.8 125.3 125.7 125.8 125.4 125.2 125.5 126.1 126.7 126.8 126.7 126.6 126.3 125.8 125.3 124.8 124.3 123.8 123.3 123.1 122.8 122.5 122 121.5 121 120
101.5 94.9 90 77.6 76.2 80.5 99.5 117.7 131.5 134 135.2 135.6 135.7 135.7 135.4 134.5 133.5 132.6 135.1 131.3 130.6 129.8 129.1 128.5 127.9 127.5 127.2 126.8 126.4 126 126 126.5 126.9 126.6 126.9 126.5 126.2 125.7 124.7 123.3 121.9 120.6 119.3 118.1 117.8 114.5 116 117.9 117.9 119.9 121.2 122.3 123.2 123.3 123.6 124.5 125.1 125.5 125.6 125.4 126 126.6 126.9 126.9 126.8 126.6 126.1 125.6 125.1 124.6 124.1 123.7 123.2 123.1 122.6 122.1 121.7 121 120.1 118.4
114.5 102.4 86.2 76.5 75.4 86.4 105.8 123.1 132.5 134.6 135.6 136.1 136.5 136.7 135.5 134.3 133.3 132.4 136.1 131.4 130.7 130 129.4 128.9 128.5 128.2 127.8 127.5 127.1 127.3 127.4 127.5 128 128.1 127.8 127.2 126.6 125.5 124.3 122.2 120.9 119.4 117.6 116.3 115.9 116.4 117.6 118.1 118.4 119.1 119.9 120.6 121.2 121.9 122.9 124.2 125 125.3 125.6 125.9 126.1 126.4 126.9 126.9 126.8 126.4 125.9 125.4 125 124.5 124 123.5 123 122.7 122.4 121.8 121.1 119.8 118.4 117.6
113.8 94.2 78.3 74.2 76.1 95.6 112.9 128.7 133.1 135.2 136.1 136.4 136.7 136.6 135.3 134.2 133.5 132.6 133.6 131.5 130.8 130.6 129.8 129.4 129.1 128.8 128.4 128.1 128.2 128.4 128.5 128.7 128.8 128.7 128.2 127.6 126.5 125.3 124.6 121.1 119.5 116.9 115.2 115.5 117.1 118.4 119.9 119.2 119.3 119.6 120.2 120.9 121.7 122.4 122.6 123.3 124.8 125 125.3 125.6 125.9 126.4 126.9 126.8 126.7 126.2 125.7 125.3 124.8 124.3 123.8 123.3 122.9 122.4 122.4 121.8 120.5 119.2 118.1 117.5
106.6 85.8 74 77.7 87.6 103.7 122.7 130.5 134.1 135.8 136.6 136.6 136.8 136.4 135.3 134.7 133.9 133 132.3 132 131.7 130.9 130.1 129.9 129.6 129.3 129 128.9 129.1 129.3 129.5 129.3 129 129.1 128.6 127.6 126.2 124.8 121.6 119.1 116.4 114.5 116.2 118.1 118.7 119.9 120.7 120.7 120.4 120.4 120.9 121.7 122.4 122.8 123 123.5 124.9 125.1 125.3 125.6 125.9 126.4 126.8 126.7 126.6 126.1 125.6 125.2 124.7 124.1 123.6 123.1 122.7 122.1 121.6 121.3 120 118.8 118 117.4
97.9 77.9 75.8 82.6 94.8 112.8 127.2 132.5 134.2 136 137 136.9 136.9 136.3 135.9 135.1 134.3 133.5 133 132.7 132 131.3 130.5 130.4 130.2 129.8 129.5 129.8 130 130.2 130.1 129.5 129.2 129.1 128.1 127.1 125.5 123.7 121.4 115.9 113.6 115.8 118.4 119.7 120.4 121 121.5 121.3 120.8 121.3 122.6 124.2 124.5 124.3 123.9 124.1 125 125.2 125.3 125.9 126.3 126.6 126.8 126.7 126.6 126 125.5 125 124.5 124 123.4 122.9 122.4 121.9 121.4 120.7 119.5 118.7 117.9 117.3
91.2 76.4 76.6 86.7 101.7 117.9 128.5 132.6 134.4 136.3 137.2 137.2 137.2 137 136.3 135.5 134.7 133.9 133.6 132.9 132.4 131.6 131 130.9 130.7 130.4 130.3 130.7 131 130.8 130.2 129.6 129.5 128.5 127.5 126.1 128.1 121.6 117.8 110.3 115.5 118.8 120 121.4 121.8 122.2 122.2 121.7 121.9 122.2 124.2 125.3 125.6 125 124.9 125 125.1 125.2 125.5 126.2 126.4 126.5 126.6 126.7 126.6 126 125.4 124.9 124.3 123.8 123.2 122.4 121.6 120.8 119.9 119.7 119.5 118.7 117.9 117
85.1 74.9 77.8 88.4 104.3 120.8 129.1 132.9 134.8 136.6 137.4 137.5 137.5 137.5 136.8 136 135.2 134.4 133.7 133 132.5 131.9 131.5 131.4 131.2 130.9 131.2 131.6 131.6 131 130.4 129.8 129 127.9 126.6 125.2 123.1 119.8 113.8 110.8 118.5 119.9 121.2 122.3 122.8 123.4 122.9 122.6 122.7 123.3 125.4 126.1 126.1 125.5 125 124.6 124.9 125.2 125.9 126.7 126.6 126.4 126.5 126.5 126.5 125.8 125.2 124.5 123.7 123 122.4 121.7 120.7 119.7 118.9 118.6 118.7 118.5 117.9 117.4
84.1 74.2 77.6 89 103.9 121.5 129.3 133.2 135.3 136.8 137.6 137.8 137.8 137.7 137.2 136.5 135.8 135.1 134.3 133 132.5 132.3 132 131.9 131.7 131.7 131.9 132 131.9 131.5 131 130.2 128.7 127 125.6 127.8 122.4 119.3 109.1 113.5 119.5 120.8 122 122.8 123.5 123.9 123.5 123.1 122.7 123.5 125.3 126.7 126.1 126.1 125.5 125.1 125.2 125.3 126 127.1 126.9 126.7 126.4 126.6 126.3 125.7 125 124.3 123.5 122.7 121.9 121.1 120.4 119.7 118.9 118.1 117.8 117.6 117.4 117.4
87.1 74 77 87.5 99.5 118 129.1 133.3 135.3 136.8 137.5 137.8 137.8 137.6 137.3 136.5 136.1 135.8 134.3 133 132.2 131.6 131.6 131.6 131.7 131.7 131.8 131.6 131.2 130.8 130.3 129.5 128 126.5 125.1 123.3 121.3 115 104.3 115.1 119.8 121.4 122.4 123.3 124.2 124.2 123.8 123.3 122.8 123.7 125.4 126.6 126.3 125.8 126.1 125.6 125.3 125.4 125.9 127.3 127.3 127 126.5 126.6 126.1 125.4 124.7 124 123.3 122.5 121.7 120.8 120 119.3 118.6 117.9 117.2 116.9 116.8 116.7
89.2 74 76.8 85.7 96.3 113.8 128.2 133 135 136.8 137.4 137.7 137.6 137.4 137.2 136.7 136.3 135.4 134.2 133 131.7 131.1 131.2 131.3 131.4 131.5 131.4 130.9 130.5 130 129.6 128.8 127.4 125.9 125 122.9 120.2 109.9 102.2 115.9 119.9 121.7 122.6 123.5 124.3 124.5 124.1 123.4 122.8 123.8 124.7 126.8 126.7 126.1 126.4 126 125.7 125.4 126 127.3 127.5 127.1 126.6 126.5 125.9 125.2 124.5 123.8 123 122.3 121.4 120.4 119.6 118.8 118.1 117.5 116.8 116.6 116.7 116.6
90.8 77.9 74.4 83.6 93.9 111 126.1 132.1 134.2 135.8 136.4 136.8 137.2 137.1 136.9 136.3 135.6 134.8 133.7 132.5 131.3 130.6 130.7 130.8 130.9 131 130.6 130.1 129.7 129.2 128.6 127.9 126.6 125.2 123.5 122 118.7 105.7 102.3 116.3 120.5 121.5 122.4 123.3 124 123.9 123.7 123.1 122.4 122.8 123.9 126 126.2 126.4 126.6 126.3 125.9 125.5 125.9 127.2 127.7 127.2 126.8 126.3 125.6 124.9 124.2 123.5 122.8 122 121 120.1 119.2 118.4 117.7 117 116.4 116.2 116.5 116.5
92.1 78.2 73.4 80.8 91.2 105.7 122.3 130.8 133.7 134.8 135.2 135.6 136.3 136.6 136.3 135.6 134.7 133.6 132.5 131.7 130.8 130 130.2 130.3 130.4 130.2 129.8 129.3 128.9 128.3 127.6 127 125.7 124.3 122.8 121.4 117 103.6 102.2 116.8 120.2 121.3 122.2 122.7 123.2 123.2 123.1 122.5 121.8 121.9 123.1 125.3 126.1 126.4 126.7 126.4 125.8 125.6 125.8 126.4 127.3 127.1 126.5 126.1 125.4 124.7 124 123.3 122.6 121.7 120.6 119.7 118.9 118 117.3 116.6 116 115.8 116.1 116.4
95 77.3 73.1 78.6 89.5 102.2 119.4 128.9 131.9 133 134.1 134.5 135.1 135.6 135.4 134.5 133.6 132.5 131.2 130.3 129.9 129.6 129.6 129.8 129.8 129.4 128.9 128.5 128 127.3 126.7 126 124.8 123.3 120.7 118.3 113.5 100.4 103 116.4 119.5 121 121.7 122.1 122.5 122.4 122.3 121.9 121.3 121.1 122.5 124.7 126 126.2 126.7 126.5 125.8 125.6 125.9 126.3 126.8 126.6 126.4 125.8 125.1 124.4 123.7 123 122.4 121.3 120.2 119.4 118.5 117.7 116.8 116.1 115.6 115.3 115.7 116
