WholeMapElevations/data/sj/sj94_OST50GRID_20230518/SJ94.asc
ncols 200
nrows 200
xllcorner 390000
yllcorner 340000
cellsize 50
[rows 0 to 34 of 200, columns 0 to 77 of 200]
129.6 130.8 131.5 131.2 130.8 131 129.1 127.6 127.5 127.4 128.8 130.2 131.9 131.6 131.5 134.2 137 140.1 146.1 156.6 162.8 166.4 171.4 176 182.8 190 194 186.9 183.4 184.3 184.6 190.2 190.7 197.5 202.4 207.1 210.5 209.6 212.1 214.8 218.4 220.7 221.1 223 227.2 229.4 229.7 230 230.5 230.6 230.5 228.4 225.1 222.8 221 219.5 218.7 216.2 213.5 217.5 220.2 221.8 223.3 222.7 225.2 226.8 228.8 231 230.7 227.8 220.2 214.9 210.1 206.5 205 210.6 214.8 218.6
129.4 129.3 130.9 130.9 130.6 130.6 130.3 127.9 127.4 127.6 130.2 131.5 131.6 130.8 131.2 133.2 136.3 139.5 144.8 156.1 161.1 165.6 171.2 177 183.3 189.3 196.5 196.8 191.5 189.7 189.4 190.8 192 195.4 199.1 204.1 208.4 212 215 218.2 221.6 224.7 225.7 228.4 231 231.8 232.2 232.6 232.6 231.6 229.1 226.9 224.8 222.7 220.8 219.3 218.9 218.3 215 215.7 219.9 223.6 224.4 225 226 227.9 229.8 231.8 233.6 234.2 222.5 216.1 211.4 209.7 206.6 207.9 214.7 217.3
129 128.9 129.1 130.8 130.6 130.3 129.8 127.6 127.2 127.8 129.7 131.5 131 130.8 131.5 134.8 136 138.7 144.3 154.2 159.9 165.7 172.1 177.8 183.2 188.5 194.7 199 199.6 197 195.2 195.1 195.8 198.9 202.2 206 209.7 213.3 217.7 221.6 224.9 228.5 230.9 233.1 235.1 234.4 234.9 235.3 233.9 231.1 227.8 225.5 224.3 222.4 221 219.4 218.1 217.1 215.9 215.5 219.4 224.8 225.8 226.6 226.8 228.5 230.4 232.3 234.4 236 225.7 217.8 213.9 211.8 209.6 206.2 213.8 215.1
129.1 128.9 128.5 129.2 130.6 130.8 129.6 127.3 127 126.7 127.6 131 130.2 131 133 135.4 136.3 139 142.7 153.2 160.2 166.3 171.3 176.1 180.7 186.2 191.4 197.2 205.7 206.8 204 204 202.8 203 204.5 207.7 211.4 214.9 220.5 224.9 228.2 232.3 236.2 238.1 239.3 237.8 237.4 237.6 232.8 229.3 227.1 225 223.5 222 221.1 219.5 219.1 218.3 218.1 217.6 217.3 223.7 228 228.1 228.2 229.3 230.8 232.7 235 239.2 227.2 220.7 216.1 213.5 212.3 207 211.7 214.6
129.9 128.5 128.1 128.1 130.5 130.7 129.6 127.6 127.2 127 127.3 130.5 129.2 131.6 134.1 135.3 136.8 138.5 143 152.1 159.2 164.4 168 173 177.5 183.4 190.5 195.3 202.6 208.1 210.2 208.7 206.7 207.1 207.5 209.6 213.8 218.6 224.2 229.8 236.4 244.2 250.3 252.3 247 243.9 240 235.5 230.7 226.1 225.3 224.1 222.1 219.8 220.1 219.7 222 221.2 220.5 220.1 218.1 222.4 228.6 229.5 229.7 230.4 231.8 233.4 236.3 239.2 233.2 223.8 217.9 214.8 213.8 208.9 211 216.3
129.9 127.8 127.2 127.4 129.7 130.4 129.5 127.4 127 127.1 127.8 128.1 129.5 132.6 134.2 135.6 137.2 138.9 143.4 150.4 155.7 161.3 166.2 171.3 176.7 181.4 187.5 193.9 198.7 203.1 209.9 212.1 210.7 210.9 210.5 210.6 216.6 222.9 227.7 233.2 237.1 240.1 245.1 248.9 246.5 241.9 236.6 232 227.7 223.5 223.8 224.5 224.9 223.7 222.5 223.2 224.8 224.4 223.2 223 220.7 221.1 229.2 230.6 230.9 231.4 233 234.6 237.4 239.6 236.8 223.9 219 216.9 215.5 212.1 208.8 215
130 128.7 127.1 127.1 127.1 127.4 127.8 126.9 126.7 127.6 127.5 128.4 130 132.5 134.5 137.2 138.7 139.9 142.1 147.7 152.7 158.4 163.2 169.4 174.6 180.7 186.7 192.1 195.7 198.5 202.8 208.4 209.9 211.7 212.6 213.4 217.9 221.1 224.6 228.9 232.8 235.8 238.8 243.1 242.6 239.6 234.7 231.4 227.9 224.3 226.8 227.3 227.9 227 227.6 228.2 228.9 226.7 225.9 225.3 222.7 220.6 228.1 230.9 231.4 232.4 234.2 235.9 237.5 239.2 240.7 227.5 220.8 219.1 217.7 214.5 212.7 210.7
129.6 128.6 127.3 127.4 127.4 127.4 126.8 126.9 126.7 126.9 127.8 127.9 128.5 130.9 136.1 138.4 139.4 140.5 142.1 149.4 153.3 156.9 162.2 168.4 175.2 180.4 185.2 189.5 192.9 194.8 198.4 202.8 206.5 211.3 213.2 215 216.6 219.1 221.6 224.8 228.6 231.4 234.4 238.4 239 236.4 234.2 231.2 226.9 226.6 228.5 229.5 231 231.3 232.5 233.6 231.4 229.2 228.7 227.4 225.4 222.5 225.8 230.5 232 233.3 235.1 236.5 238 239.9 242.1 230.4 223.3 219.9 218.8 216.2 213.4 214.9
129.1 128 127.6 127.8 127.4 126.9 126.3 126.8 126.6 126.5 127.6 127.5 127.7 130.6 136.1 138.6 139.7 140.8 141.9 152.1 158.8 160 164.1 167.6 173.4 179.1 182.2 184.9 187.9 190.2 193.7 199.4 206.1 210.3 213.1 213.2 213.7 216.1 218.3 220.5 224.2 227.4 230 233.5 235.4 235.8 233.6 230.9 227.9 227.6 231 232.8 234.3 235.2 236.1 236.5 234.2 232 230.4 228.8 226.8 225.1 225.2 229.3 231.2 234 235.5 236.8 238.9 240.8 242.3 232.6 225.9 222.5 220 218.3 216.5 216.6
128.8 127.9 128.1 127.5 126.9 126.4 125.8 126.2 126.7 127.6 128 127.5 128.4 132.1 135.9 138.7 139.9 141.1 142.6 151.3 157.5 163.6 165.3 167.8 170.2 175.9 180.1 183 185.2 186 189.2 194.1 201.9 208.8 210.9 211.3 211 212.6 214 215.6 219.4 223.3 226.1 228.5 230.7 231 231.1 228.3 226.2 228.6 232.4 235.1 237.5 238.2 238.6 237.8 235.5 234 232.6 230.5 227.7 225.3 223.7 228.2 232.1 234.4 236.3 237.6 239.9 242.5 244.9 237.2 228.2 224.6 221.5 220.1 218.2 217.4
128.8 128.4 127.8 127.1 126.4 126.5 126.8 126.6 128.3 128.2 128 128.4 130.3 133.4 137.9 138.9 140.1 141.8 143.4 150.4 155.8 160.4 163.4 166.3 169.6 172.7 176.9 180.3 180.4 182.6 185.7 190.7 196.4 203.1 207.6 208.7 206.2 207.6 209.6 211.2 214.1 216.7 220.3 222.5 224.5 225.2 224.5 224.4 226.1 229.7 233.4 236.9 239.2 239.7 239.1 238.3 237.7 235.9 233.9 231.8 229.3 226.7 224.5 229.4 232.6 234.8 237 238.4 240.7 243.7 246.1 242 231.4 227 223.6 222.5 220.7 218.3
129.9 128.2 127.6 127 126.4 126.7 125.9 126.7 128.7 128.5 128.3 130 132.1 134.7 138.7 140.1 140.6 142.7 144.7 146.7 153.5 158.7 159.4 162.7 166.2 169.4 173 175.7 176.1 180 182.5 187.9 192.9 197.6 203.4 204.4 202.7 203.2 205 206.8 208.5 211.6 213.5 216.5 218.1 218.7 219.7 223.5 227.3 231.5 235.2 238.3 240.2 240.8 239.6 239.5 238.7 236.7 234.6 232.4 229.1 226.5 227.1 230.8 233 235.2 237.3 239.2 241.5 244.7 246.5 242.3 235.2 229.2 225.5 224 222.9 219.8
130.4 128.9 127.9 127.1 126.3 125.9 126.3 126.3 129 129 128.8 131 133.5 138.2 139.2 140.2 140.6 142.6 143.5 145.6 150.2 156.9 155.5 159.9 162.8 166.4 169.9 171.4 175 177.9 179.9 184.2 190.1 194.4 198.7 199.7 199.8 198.4 200.6 202.5 204 207.1 209.8 211.6 213.4 215 218.3 223.3 227 232.4 236.7 239.7 240.4 240.2 240.2 240.9 239.5 237.3 235.1 232.6 229.2 226.7 229.5 231.8 233.7 235.6 237.7 239.9 242.3 245.5 247.8 247.5 236.9 231.4 228.5 225.9 224.6 221.6
131.1 129.6 128.5 127.1 126.3 126.4 126.1 127.5 129.3 130.4 129.5 132.2 136.7 138.1 139.4 140.2 141 141.4 142.3 144.9 148 153.5 152.4 155.6 161.2 162.6 166.5 167.5 170.3 175 176.2 180.2 185.8 190.5 192.9 193.7 194.4 194.5 194.6 197.7 201.2 204 207.7 211.1 214.4 219 221 225.1 229.6 231.5 236.9 240.4 241 241.6 242.1 241.1 240.4 238.1 235.8 233 229.6 228.1 231 232.9 234.8 236.6 238.5 240.4 242.9 246 248.4 250.2 241.1 233.3 231.5 228.3 227.1 225.1
131.8 130.2 127.9 127.1 126.4 127 125.6 126.6 128.2 130 131.1 134.6 137.3 137.7 139.5 140.6 141.2 141.7 141.6 142.5 144.5 147.1 148.8 153.2 157.9 160.3 162.3 164.4 167 169.8 172.4 176.8 180.8 185.2 187.1 187 187.8 190.4 195.5 199.2 202.1 205.8 209.5 213.2 218.7 223.5 227.9 232 234.2 238 237.8 240.4 241.1 241.8 242.4 242.6 241.3 239 236.5 233.4 231.4 229.1 230.7 233.5 234.9 236.7 238.6 240.4 243.2 246.2 250.3 251.4 247.4 237.4 233.3 230.6 229 226.9
132.9 130.9 128.2 127.6 126.7 127 126.7 125.7 127.3 128.9 132.3 135.1 137.1 137.9 139.4 141 141.4 141.8 141.4 142.2 143 144.7 146.8 150.8 154.4 156.4 159.4 161.6 164.4 167.2 169.7 173.3 174.6 179.6 184.3 189.4 195.6 198.2 201.5 203.4 205.3 208.8 213.7 220.2 225.8 230.1 233.6 238.2 240.4 242 242.3 240.9 242.3 243.3 243.6 243.7 241.1 239.5 237.4 235.5 234.7 231.4 231.5 233.3 236 237.4 238.7 240.6 243.5 246.4 250.6 253.8 251.1 240.1 235.7 232.8 230.6 228.4
134.2 131.4 129.6 128.8 126.9 126.4 126.4 126.8 127.3 129.1 134.5 134.9 135.9 137 138.3 139.7 140.6 140.2 140.7 141.7 142.8 145.8 145.7 146.2 150.9 151.7 156.6 158.9 161.4 164.6 168 174.9 178.7 184.4 189.2 194.5 200.3 202.8 205.9 208.9 211.8 214.6 219.2 224.9 230.4 235.6 240.3 242.4 244 244.5 244.1 243.7 243.9 244.9 245.8 245.3 243.3 240.7 238.5 237 235.3 234 233.1 234.1 236.1 238.6 240 241.2 243.6 246.4 251.2 253.5 251 242.5 237.6 234.7 232.2 229.9
136.2 131.4 129.6 127.8 127.2 125.5 125.7 126.5 127.5 128.5 132.5 133.4 134.8 137.2 138.3 139.7 140.1 139.9 140.8 143.6 146.3 152.6 152.5 148.7 150.6 154 157.8 158.8 161.8 168.6 172.4 175.6 179.6 187.2 192.6 197.8 202.8 206.1 209.4 212.7 215.6 219.3 223.6 229.5 235.2 239.7 243.5 244.5 246 245.8 245.2 244.2 244 245.2 246 245.5 245.1 243 240.3 238.1 236.4 234.5 235.3 236.4 238 239.4 241.6 242.7 244.6 246.7 248.6 252 251.1 243.6 239.2 236.2 233.7 231.4
137.1 133.2 128.8 127.2 125.3 123.9 125.5 126.5 127.3 129.1 129.8 131.8 134.9 136.1 136.5 136.9 138.5 139.2 140.4 142.1 147.1 154.1 158 156.6 150.7 155.5 160 163.8 166.5 170.3 173.3 176.8 181.2 187.8 192.2 197.1 203.9 207.9 212.3 216.3 219.3 222.8 227.3 231.2 235.2 240.9 245.7 247 247.5 246.7 245.7 244.8 244.1 245.6 247.4 247.1 246.3 245.1 242.8 239.4 237.5 235.9 238 240 241.1 240.7 242.2 244 245 246.9 248.7 250.6 250.5 245.2 240.4 237.6 235.2 232.8
141.9 135.6 130 126.8 123.8 123.6 125.1 127.2 127.3 128.2 129.6 130.4 133 135.4 137 136.8 138.8 139.4 141.1 143.4 145.9 151.7 157 159.4 155.3 155.5 159.6 163.2 165.7 169.9 174.3 178.4 182.3 187.5 192.6 196.8 203.5 207.4 211.2 215.9 219.4 223.3 226.9 231.7 237.1 241.6 245 247.9 247.9 246.8 246.1 245.4 244.5 246 247.8 249.2 248.9 246.9 244.8 242.2 238.9 238.6 240.8 242.2 243 243 243 244.8 245.9 247.3 248.7 250.2 249.1 245.7 241.4 238.7 236.2 233.9
148.3 140.1 133.4 127.1 124.8 124.5 125.2 126.8 127.1 128.1 129.5 131.6 133.7 135.9 139.2 138.6 139.8 140 141.2 143.5 146.8 150.8 156.2 160 159.5 156.3 160.8 163.2 164.5 165.4 171.5 177.5 182.9 187.8 192.9 197 203.1 207 209.1 214.8 219.4 223.1 227.3 233.2 237.5 241.6 244.8 245.4 246.5 245 244.7 244.1 244.7 246.5 248.3 250 250.3 248.4 246.4 244 241.6 240.6 242.2 243.9 245.2 245.4 245.4 245.4 246.8 248.2 249.5 250.8 249.7 246.3 242.5 239.8 237.2 234.9
154.5 145.9 137.6 131.6 123.8 124.1 124.9 126.4 126.9 128 129.5 132.2 134.8 136.6 138.3 139.5 139.9 140.6 141.9 143.4 146.4 149.5 154.6 157.2 158.4 157.8 160.7 165.9 169.6 167.3 167.5 176.1 182.6 187.5 191.5 194.7 199 203.4 208 214.1 219.4 223.7 227.8 233.4 237.1 239.3 241.1 242.1 242 243.3 243.2 243.8 245.3 247 248.5 250 251.2 249.6 247.8 245.2 242.4 241.8 243 244.8 247.2 247.7 247.4 247 247.5 248.8 250.1 251.5 251.4 248.2 243.7 241.5 238.4 236.2
156.2 152.2 141.5 132.8 123 123.6 124.3 126.7 127.4 128.9 130.7 132.4 133.9 135.9 137.7 138.8 140.7 140.8 142 143.4 145.3 147.6 151.1 154.9 156.2 160.4 162.3 166.8 173.1 173.9 168.7 174.3 180.7 184.5 189.2 192.1 196.4 202.4 207.3 212.1 219.1 223.2 227.1 231.6 233 235 236.5 238.3 239.7 241.3 243 243.8 245.4 246.9 248.4 249.9 251.3 250.9 249.2 246.8 244.1 242.8 243.7 246.1 248.1 249.3 248.2 248.2 248.6 249.5 250.9 252.1 253.2 251.2 245 243.1 241.1 239.3
157.8 155.1 147.7 137 126.7 123.9 124.7 127.1 128.3 129.7 130.5 131.4 132.5 134.7 136.1 137.7 139.7 140.9 142 143 143.7 147.2 151 155.7 159.3 164.9 169.1 169.6 174.7 176.1 175.3 169.2 176.7 182.7 187 190 194.6 199.3 205.3 210.6 216 220.6 224.2 227.6 230.3 231.7 233.5 235.1 236.3 239.4 241.5 243.6 244.7 246.4 248 249.7 251.3 251.1 249.6 247.8 245.9 244 244.4 246.9 249.2 250.3 249.8 249.1 250.1 250.2 251.6 252.7 253.9 253.4 246.7 244.7 243.2 241.7
156.6 153.8 147.8 139.4 129.7 123.7 123.8 127 128.2 129.2 130.2 131.6 132.2 133.9 134.9 137.6 139.7 140.9 141.3 142.2 142.5 143 146 152.8 158.8 164.8 172.8 175.3 177 177.1 177.8 178 179.2 178.4 185.7 188.4 192.5 196.1 200.7 205.9 211.3 216.3 220.1 224.1 227.1 229.6 231.6 233.1 234.1 236.1 238.7 241.4 243.8 245.4 247 248.6 250.7 251.6 250.5 248.7 247 245.2 245.2 247.1 249.4 250.8 250.9 251.1 250.6 251.9 253.4 255 255.9 255.9 248.4 246.6 245.1 243.7
153.6 152 149.9 140.6 131.8 122.6 123.4 126.6 127.4 129.9 133.2 132.7 132.8 133.7 135.1 136.8 138.8 139.9 140.1 141.5 142.1 142.6 144.3 148.9 159.2 163.5 170.9 178.2 178.8 178.8 178.6 178.9 181.1 184 186.1 187 188.1 191.3 196 201.3 206.6 211.4 215.8 220.7 223.5 225.9 227.8 231 232.6 234.2 236.7 239.4 242.5 244.3 245.9 247.9 250 252.2 251.3 249.6 248 246.4 246.7 247.8 249.6 252.1 252.3 252.8 253.3 254.7 255.5 256.2 257.3 255 250.4 248.4 246.7 245.3
150.4 149.8 147.7 142.3 134.5 125 123.8 126.9 128.6 130.6 133.2 134.2 133.9 133.9 134.7 136.1 137.8 138.7 139.5 140 141 141.8 143.5 147.2 159.5 163 169.3 176.5 182.2 181.5 181.1 180.7 181.7 186.9 193.5 194 194.4 196.4 192.4 196.5 201 206.9 211 215.8 219.7 221.9 224.9 226.4 228.7 231.6 235.7 238.4 241.2 244.1 245.6 247.5 249.7 251.9 252.3 250.6 249 248 248.2 248.8 250.4 254.3 255.2 255.5 255.2 255.7 256.1 256.7 256.6 254.8 251.4 250 248.3 246.9
145.6 145.1 144.5 142 135.6 127.8 124.2 127.3 129.2 130.1 132.4 133.2 133.4 134 134.8 136.2 137.1 138.9 139.2 139.6 140.6 141.7 143.1 145.2 152.5 160.4 165.7 172.5 180.5 183.8 183.8 183.1 183 187.7 195.4 200.4 201.6 202.9 203.9 202.9 204 206.2 206 210.5 213.7 216.8 219.3 222.8 226.2 230.4 234.6 239 241.7 244.9 246.2 247.5 249.9 251.8 253.4 251.4 250 250.5 250.5 250.5 251.3 255.3 258.1 258.8 257.5 257.7 258.2 258.3 256.3 255 252.9 250.9 249.7 248.1
142.9 140.2 139.2 138.2 134.3 127.9 123.4 129.3 129.5 130.1 131.5 131.2 131.3 132.7 133.8 135.3 137.1 138.4 139.2 140.4 141 142.1 143.2 145.3 149 156.9 164 170.3 178.9 184.7 187.4 185.7 184.7 188.6 194.9 200 204.7 207.2 209.3 210.9 210.2 210.4 211.4 212.1 210 212 216 220.8 224.7 228.7 232.8 238.1 242.5 245.1 247.1 248.6 249.9 250.9 251.5 251.4 250.2 249.5 250 250.6 251.6 254.3 258.2 260.5 259.9 259.9 259.9 258.8 257.7 256.8 253.3 251.9 250.3 248.8
142 139 136.6 135.3 131.9 127.4 126 129.6 130.1 129 130.5 130.9 130.5 130.9 132.4 135.1 135.9 137.8 139.7 142.3 143.3 143.4 144.6 146.1 149 155.1 162.3 169.3 178.3 185.9 188.9 188.3 187.2 189.6 195 201 205.8 209.3 212.5 214.5 214 212.9 212.7 212.4 213 214.5 214.7 219.4 222.9 226.9 231.3 236.7 241.5 245.3 246.2 248.4 249.7 250.1 250.4 250.3 250 249.1 249 249.6 251.5 254 256.8 260.3 264.3 268.5 264.1 261.4 260.4 257.2 254.5 253 251.5 250.1
141.3 137.8 133.3 130.7 129.9 122.7 125.3 128.7 130 128.5 129.1 129.9 129.9 129.8 131.1 132.9 134.6 136.6 138.7 142.6 145.8 145.8 146.3 147.9 150.5 154.1 159.5 169.6 177.7 186.3 191.4 191.3 189.8 191.3 195.5 201.5 206.7 209.5 212 216.2 217.1 216.3 214.2 213.9 214.7 215 215.9 218 221.3 225.9 229.7 234.7 239.2 244.5 247.2 247.9 248.5 249 249.3 249.2 248.9 248.6 248 249.1 251.3 253.9 257.1 260.8 267.8 270.2 265.8 263.4 261.1 258.6 255.7 254.4 252.9 251.5
136.1 132.7 129.3 128.3 126.8 122.5 127 129 129.5 128.2 127.8 130 130.3 130.3 131.7 132.4 134.1 135.9 138.8 145 146.3 150.1 150.4 153.8 153.5 157.1 164.3 169.8 178.7 186.2 193.6 193.9 192.7 192.9 196 199.1 204.9 208.2 210.7 215.2 216.5 218.1 216.9 215.8 215.4 215.6 216.4 217.5 219.7 224.6 227.8 231.8 236.3 240.5 244.3 246.3 246.4 247.6 248.2 248.2 247.9 247.6 247.1 248.3 250.7 253.5 257.3 263 271.3 270.6 267.3 265.2 261.4 259.1 256.5 255.2 253.9 252.6
129.8 127.1 126 125.8 125.4 123.2 127.2 127.8 127.6 127.6 127.3 128.9 129.5 130.6 132.5 133.5 136.1 137.6 139.6 142.9 145.8 149.5 153.1 157 158.5 158.8 165.8 174.4 180.9 186.9 196.1 196.2 194 194.1 194.7 197.9 203 206.3 209.3 213.3 215.8 218 218.5 218.8 218.2 217.4 217 218.5 220.3 222.8 226.6 230.4 234.5 237.9 241 244 244.6 245.5 246.6 247 246.4 245.9 246.3 246.7 248.9 252.4 256.6 263.6 271.1 275.5 272.1 266.2 262.5 259.8 257.6 255.8 254.3 252.8
123.5 122.4 122.5 129.7 122.6 124 126.7 126.5 126.4 125.5 126.1 126.9 127.9 129.2 132.1 133.5 136.1 137.9 138 142.8 147 152.6 153.8 158.7 161.7 163.9 168.7 175 181.9 187.9 196.1 198.1 196.1 195.1 195.2 194.8 200.3 203.4 206.6 210 212.8 215.2 217.6 219.5 220.1 220.9 220.8 221.8 223.2 224.5 226.6 229.4 232.8 235.9 238.9 241.2 242.6 243.9 245.6 245.4 244.7 245.1 245.5 245.9 247.5 251.2 254.8 259 264.7 270.4 275.2 270.4 262.9 260 258 256.2 254.5 252.9
123 121.6 121.9 128.6 123.4 125.7 125.5 125.1 126 126.4 126 126.6 127.3 129.6 131.7 133.9 136.9 137.3 137.9 143.3 146.3 151.8 155.3 157.2 163.8 165.5 170.6 175.5 182.3 188.1 194.9 196.9 196.9 195.5 192.3 191.2 194.2 199.5 203.8 206.7 209.8 212.6 215.7 217.9 219.6 220.6 222.5 223.7 226 226.5 228.3 230.3 232.7 234.4 236.8 239.5 241.6 243.1 244.6 244.1 243.2 242.9 243.3 244 245.6 249.1 252.3 255.6 259 267.4 272.3 273.2 267.1 260.9 258.6 256.8 255.2 253.5
