UK/data/nb/nb54_OST50GRID_20230518/NB54.asc
ncols 200
nrows 200
xllcorner 150000
yllcorner 940000
cellsize 50
[rows 0 to 37 of 200, columns 0 to 84 of 200]
107.8 105.1 106.3 106.8 107.2 107.3 107.2 106.9 107.9 108.8 109.6 108.8 108.1 104.1 101.8 102.2 103 103.6 104 104.5 105 102.9 98.4 94 97.1 97.6 98.2 99.9 102.7 105.4 106.9 106.6 103.9 101.1 98 92 87.3 86.4 87.4 90.3 90.5 87.9 80.5 73.4 66.6 64.3 63.8 64.6 64.1 65.9 67.4 69.6 73.1 82.8 89.9 89.7 85.3 71.7 54.7 40.6 32.8 25.8 17 11.8 9.1 7 5.5 9.1 10.6 9.4 7.2 2 1 0 -1 -1.9 -1.9 -1.9 -1.9 -1.9 -1.9 -1.9 -1.9 -1.9 -1.9
107.4 104.8 103.7 105.6 106 105.9 105.5 104.7 105.8 106.7 107.9 107.6 106.5 103.4 102 100.3 101.7 103.3 105 106.1 106 104.7 99.1 94.5 97.1 97.7 98.4 100.5 104.3 108.4 109.8 109.3 108.5 104.8 101.8 100.3 97.8 98.3 98.7 97.6 94.5 89.1 82.8 77.3 72.8 66.9 65.1 64.6 65.7 66.4 66.3 68.5 71 82.5 92.1 93.3 94.8 97.2 89.7 59.4 38.8 26.9 19.9 14.2 10.4 10.3 9.7 6.4 -1.9 -1.9 -1.9 1.8 0.9 0 -0.9 -1.9 -1.9 -1.9 -1.9 -1.9 -1.9 -1.9 -1.9 -1.9 -1.9
106.8 105.4 103.7 104.1 104.5 104.7 101.9 101.3 103.6 105.2 106.6 106.1 105.2 103.2 100.7 101.3 100.3 102.8 104.6 106.4 107.6 104.8 98.9 96.5 95.9 96.9 98.6 101.9 106.2 111 113.3 112.1 109.1 107.1 106 106.5 105.1 105.3 106.8 106.9 101.2 96 90.2 79.4 74.4 68 64.8 66.3 67 68 67.8 68 69.3 76.2 89.5 91.9 94.2 97.6 100.4 93.3 71.2 36.4 18.4 12.1 8.3 7.5 7.6 7.9 8.1 -1.9 0 1.6 0.7 -0.1 -1 -1.9 -1.9 -1.9 -1.9 -1.9 -1.9 -1.9 -1.9 -1.9 -1.9
106.1 104.6 100.4 100.4 100.4 100.4 100.4 100.4 100.4 103.7 105.4 105.1 103.7 101.2 99.8 101.6 101 102.5 104.4 105.3 107.4 104.8 99.2 96.8 95.8 95.2 98.7 102.3 107.8 112 114.4 115.2 112.7 111.6 111.2 110.6 109.8 111.5 113 113 110.1 103.2 99.6 89.7 82.2 71.1 65.1 66.5 66.5 66.5 68.8 69.2 69.7 76.5 83 83.8 87 90.9 94.7 91.9 83.2 60.9 35.6 18.6 8.6 6.3 6.4 6.4 6.5 5.9 1.9 1.4 0.6 -0.1 -0.7 -1.3 -1.9 -1.9 -1.9 -1.9 -1.9 -1.9 -1.9 -1.9 -1.9
103.9 101.9 100.4 100.4 100.4 100.4 100.4 100.4 100.4 101.9 105 104.8 102.8 100.5 101.1 102.6 99.7 101.6 103.9 104.7 104 104.4 99.1 97 95 97.2 99.8 103.4 107.9 111.6 114.6 116.6 118.7 117.6 116.2 115.4 115.8 116.8 117.1 117.8 117.9 113.9 102.2 95.7 89.2 79.4 73.6 74.1 71.5 72.4 79.4 74.9 72.3 74.3 76.9 81.7 83 84.7 84.6 82.8 75.9 62.9 48.6 36.5 23.7 9.6 6.4 6.4 7.1 6.6 2.9 1.6 1 0.4 0 -1 -1.9 -1.9 -1.9 -1.9 -1.9 -1.9 -1.9 -1.9 -1.9
103.5 102.2 100.4 100.4 100.4 100.4 100.4 100.4 100.4 100.4 101.2 102.1 102.4 102.2 100.6 102.2 100.7 100.3 105.1 104.2 101.4 100.3 98.6 97.2 96.5 99.4 102.1 104.4 106.9 110 113.4 116.4 119 119.6 120.8 122.1 122.2 123.5 123.7 120.3 119.4 120.1 113.4 107.4 99 86.6 78.6 75.2 76.1 76.7 80.4 77 75.3 75.9 79.9 83.2 85.6 87.7 86.5 83.4 77.7 73.5 66.3 50.3 37.7 30.7 14.6 9.8 7.4 7.7 11.2 2.1 1.6 1.2 0.4 0.2 -1.9 -1.9 -1.9 -1.9 -1.9 -1.9 -1.9 -1.9 -1.9
105.2 104.5 103.6 100.4 100.4 100.4 100.4 100.4 100.4 103.2 103.8 103.8 103.1 101.5 102 102.4 100.9 100.3 101.5 101.9 100.4 99.6 98.3 95.9 98.8 102.8 104.7 105.5 107.3 109.8 112 114.5 117.8 120.7 122.7 124.5 125.6 126.1 127.6 125.1 120.1 115.7 115.3 108.7 104.6 100.9 89.8 79.6 78.2 81.6 82.5 81.6 83.3 87.3 86.3 85.9 85.5 91.1 89 88 86.9 78.1 69 66 66.7 54 38.6 23.3 16 12.8 13.1 15.3 17.4 2 2.1 1.7 -0.1 -1.9 -1.9 -1.9 -1.9 -1.9 -1.9 -1.9 -1.9
108.7 108.3 107.5 105.7 104.7 104.2 100.4 100.4 100.4 104.1 104.9 104.6 105.3 103.9 102.5 100.6 101.8 98.7 99.9 100.6 99.8 98 97.5 95.9 98.8 100.1 102.4 104.3 106 108.8 111.3 112.8 116.7 120.1 123.5 127.1 128.2 127.8 125 123.4 120.5 113 106.6 103.8 103.9 104.3 94 87.7 87.8 88 88.1 90.8 88.3 89.8 90.3 88.8 86.9 90.2 92.4 88.5 80.3 75.4 70.8 62.7 62.3 60.2 58.4 56.8 41.7 25 20.1 24.8 26.8 28.3 24.7 0.2 1.9 -1.9 -1.9 -1.9 -1.9 -1.9 -1.9 -1.9 -1.9
111.3 110.5 109.1 107.3 106.2 105.1 103.3 103.9 102.7 104.7 104.8 105 105 104.3 101.8 103 102.7 102.8 99.1 98.3 96.5 97.3 96.1 97.7 97.1 99.7 102.2 103 104.1 107 109 110.4 113 115.9 118.5 120.9 123.1 124.8 124.1 122.8 117.2 109.5 104.6 101.7 105.1 103.9 97.2 91.4 89.9 89.2 86.9 84.6 86.6 88.9 92.4 88.3 87.3 86.4 85.9 82.8 77.1 72.4 68.3 66 63.8 68.3 72 72.5 62.3 48.7 36.2 34.9 33.8 33.3 34 34.3 32.1 -1.9 -1.9 -1.9 -1.9 -1.9 -1.9 -1.9 -1.9
111.6 109.5 108.5 107.4 106.8 106 105.5 104.6 105.6 104.1 104.4 104.4 104.6 104.7 103.7 103 104 103.4 101.2 100 99.3 98.6 98.2 100.7 100.7 101.3 101.8 102.8 103 103.5 104.9 106.5 107.9 110.8 113.8 116.4 120 122.1 122.8 118 115.3 104.2 100 96 97.6 98.9 98.1 94.3 94.5 90.6 88.1 82.6 81.4 84.4 88.4 88.8 88.7 87.5 84.7 82 78.3 71.9 69 69.7 68.6 72.7 78.4 78.2 80.7 73.5 66.6 52 34.7 29.8 27.9 26.3 20 -0.1 -1.9 -1.9 -1.9 -1.9 -1.9 -1.9 -1.9
111.1 109.7 108.7 107.8 107.2 107.2 106.7 106 106 105.6 105.6 105.2 104.3 104.2 102.9 103.5 104.2 104.3 102.1 101.1 100.8 101.5 103 104.5 105 102.9 104.2 102.8 101.9 101.1 101.2 102.8 104.5 106.4 109.1 111.5 112.7 114.1 111 109.5 104.8 100 97.4 95.5 93 90.9 88.2 89.2 88.1 89.6 84.8 80.4 80.2 84.4 90.6 92.4 90.3 87.6 84.4 80.3 80.4 73.4 73.7 74.1 73.1 79 78.4 78.1 78.5 81 69.4 57 45.6 33 22.7 14.4 9.2 0.5 -1.9 -1.9 -1.9 -1.9 -1.9 -1.9 -1.9
112.4 110.3 108.8 107.2 107 106.9 106.7 105.8 105.5 105.6 103.9 104.7 104.1 104.5 103.8 104.1 104.6 104.7 104.3 102.5 102.6 102.9 103.9 105.2 106 109 112.2 108 101.9 99.8 98.8 98.8 100.4 102.4 104.4 105.9 106.3 105.8 104.7 102.2 98.6 95.3 93.7 96 88.6 84 81.2 80.6 82.9 81 78.1 76.5 77.3 85.8 89 90 89.1 85.8 80 76.9 76.2 77.4 81.3 76 76.7 83 83 78.1 79.3 77.8 71.6 52.6 43 29.7 22 12.1 1.8 -0.2 -1.9 -1.9 -1.9 -1.9 -1.9 -1.9 -1.9
112.3 110.1 108.3 107.9 107.3 107.1 106.6 105.9 105.6 104.7 104.6 104.3 104.5 104.8 104.5 105 104.7 105.2 104.3 103.5 103.4 103.7 105 106.3 108.1 110.8 113.8 113.7 108.9 102.6 98.5 95.9 96.2 96.9 97.8 99.6 100.6 100.2 98.5 96 93 89.8 88.2 87.2 82.9 78.1 76 74.4 74.1 73.1 72.7 73.4 74.9 78.2 79.6 81 80.8 81.4 76.6 75.4 76.9 82.5 80.8 77.5 78.5 81.2 81.5 80.1 72.5 68.8 56.9 46 37.2 25 21.7 13.3 0.9 -1.9 -1.9 -1.9 -1.9 -1.9 -1.9 -1.9 -1.9
112.4 111 109.2 108.2 107.7 108 107.8 106.9 106.1 105.2 105.3 104.6 105 105.2 105.1 105.1 105.3 105.7 105.7 104.7 104.5 106.1 106 109 110.6 111.7 112.5 114.2 112.2 110.1 104.6 101.8 96.8 94.6 93.5 92.3 92.8 94 92.3 88.9 86.5 84 82.4 79.1 76.5 75.8 74.8 73.8 73.1 72.2 71.7 72 73.1 73.5 73.8 74 73.8 72.7 72.3 73.8 78.1 82 78.9 74.9 75.9 79.2 72.3 63.8 56 50.1 45.8 39.8 30.7 21.2 13 -1.9 -1.9 -1.9 -1.9 -1.9 -1.9 -1.9 -1.9 -1.9 -1.9
112.9 111.4 110.5 109.7 108.5 108.2 108.3 107.6 105.5 105.3 104.4 104.5 104.9 104.9 104.3 103.7 103.6 105.6 105.9 104.7 104.9 105.5 106.7 110.2 111.2 112.2 113.2 114.1 115.1 113.2 111.2 110 105.7 101.9 96.8 92.1 88.4 87.3 84.8 81.2 78.6 77.3 75.9 74.6 73.7 74.3 73.2 73 71.9 71.8 72 72.1 73.1 71.1 70.9 70.8 71.4 70.1 70.4 70.9 71.4 72.1 72.6 70.1 64.9 62.9 58.2 47.2 39.7 32.5 29.3 23.3 -1.9 -1.9 -1.9 -1.9 -0.1 -0.1 -0.2 -1 -1.9 -1.9 -1.9 -1.9 -1.9
112.9 111.1 111.1 110.6 109.3 108.5 108.7 107.5 106.5 105.5 104 104.7 103.1 100.7 100.7 100.7 100.7 105.5 105.6 105.1 103.8 102 105.5 109.4 111.6 112.3 113.3 115 115 115 112.5 112.4 111.9 109.7 106.6 103.3 98.7 98.5 93.7 93.4 86 78.6 75.2 73.7 73.4 72.4 71.9 71.8 72.1 73.3 74.2 76.9 80.4 79.9 77.7 77.6 73.6 73.2 72.9 73.3 70.4 67.1 64.7 58.6 54 46.4 39 31.6 25.7 21 -1.9 -1.9 -1.9 4.3 8.2 8.9 2 1.2 0.3 -0.5 -1.9 -1.9 -1.9 -1.9 -1.9
112.7 111.6 111.3 110.8 109.1 108.7 108.6 108.1 107.4 107 106 104.7 104.2 100.7 100.7 100.7 100.7 100.7 104.2 105.2 103.8 102 102.9 109.4 111 112.4 114.6 115.8 116.1 116 113.3 113.5 114.1 114.7 111.7 109 106.4 106.1 99.7 97 92.4 86.8 80.6 76.9 75.6 74 73.1 75.3 76.3 87.8 93.3 89.6 87.5 85.9 90.2 94.7 92.3 87 83.1 81 85 75.3 73.5 60.1 46.6 34 28.3 23.6 17.6 11.3 4.3 -1.9 3 7.8 8.2 9.6 8.5 1.7 0.8 0 -0.7 -1.9 -1.9 -1.9 -1.9
112.5 111.8 111.3 111 109.6 109 108.4 108.2 108 107.5 106.9 105.6 103.6 100.7 100.7 100.7 100.7 100.7 104.1 104.3 103.3 102 102 107.3 111.5 112.2 113.4 115.3 115.7 114.9 112.1 112.5 112 111.3 110.7 108.6 106.3 103.9 99.1 94.2 89.5 86.8 86.2 84.4 83.2 88.6 94.6 92.7 88.6 94.7 97.2 92.9 91.5 93.1 94.6 94.8 93.1 90.7 90.8 86.8 81.3 73.2 66.9 61.8 60.1 42.9 33.8 24.4 17.6 11.8 7.6 4.7 9.8 6.8 8.4 12.8 10.9 4 1.4 0.6 -0.2 -1 -1.9 -1.9 -1.9
113.8 112.1 111.4 111 110.6 110.3 109.1 108.1 108 107.8 107.7 106.4 104.3 102 100.7 100.7 100.7 100.7 100.7 100.7 103.1 102.7 102.8 107.7 110.7 112.2 113.6 113.7 111.9 111 111 112 111.3 110.3 109.4 106.2 103.7 100.8 98.6 94.6 93 91.9 94.3 94.1 93.9 98.6 97.6 96.2 94.7 97 97.6 94.2 93.5 97.5 98.2 97.7 94.2 90.3 87.8 86.1 85.1 80.3 67.7 58.4 48.4 36.3 29.8 24.9 23.5 22.8 21.3 22.3 27 23.6 19.5 9.3 12 12.7 1.9 1.1 0.4 -0.4 -1.9 -1.9 -1.9
112.9 111.8 111.5 111 110.4 109.5 108.9 107.9 107.6 106.9 107.8 106 100.8 100.7 100.7 100.7 100.7 100.7 100.7 100.7 100.7 102.9 104.8 106.7 110.4 111.2 112.1 112.3 111 111 111 112.3 111.8 111.1 109.8 107 106.3 101.3 98.5 96.8 96.2 96.3 99.5 100.9 102.7 101.1 99.9 98.3 98.7 100.1 98.4 96.3 96 98.2 98.1 96.6 96.3 93.6 89.9 90.4 90.2 87.3 68.9 53.9 46.2 35.8 31.1 27.9 27.6 31.6 32.7 33.4 31.3 31.8 35.4 21.8 21.2 10.6 7.8 1.7 0.9 0 -1 -1.9 -1.9
111.9 110.6 110.7 109.9 109.1 108.2 108.2 107.7 107.3 106.4 107.4 107 102.1 100.7 100.7 100.7 100.7 100.7 100.7 100.9 104.1 104.6 105 106.2 108.6 110 110.5 111.1 111 111 112.1 113 115.2 122 114.7 109.7 104.7 103.7 100.3 100.4 98.1 98.8 103.2 104.6 103.4 102 101.6 100.1 100.5 100.8 100.2 100 97.4 100.8 101.8 96.6 93.8 91.2 90.4 89.5 87.5 77.4 65.7 54.3 44.5 38.1 35 30.5 32.7 39.9 42.9 39.4 36.2 35.1 33.4 23.2 12.5 13.9 11.9 4 1.3 0.3 -0.7 -1.9 -1.9
112.2 111.2 110.3 109.5 108.7 108.4 108 107.9 107.1 106.7 105.9 106.7 105.2 102.3 100.7 100.7 100.7 100.7 102.4 105.7 105 103.6 104.9 106 107.7 109 108.1 109.3 110.8 111.9 114.6 115.1 114.7 115.2 119.4 114.2 107.2 99.4 96.7 96.7 96.7 98.6 106.2 105.3 103.7 105.7 102.7 101.4 103.1 103.7 100.1 97 95.8 98.4 100.2 95.1 92.8 91.4 89.4 86.5 80.1 67.1 53.5 47.6 44.5 45.7 41 34.9 39.5 45.9 45.6 42.7 39.4 34 27.9 22.3 14.5 14.4 9.9 12.9 1.9 0.9 -0.2 -1.9 -1.9
112.4 111.8 110.9 109.4 108.7 107.4 106.6 107 106.7 106.9 105.5 104 104.7 101.9 100.7 100.7 100.7 100.7 104.4 104.1 102.2 100.7 104.6 105.7 107.1 108.7 107.4 109.1 109.9 110.9 111.5 110.5 111.9 111.8 114.1 113.7 114.3 106.6 97.4 96.7 96.7 98 105.4 105.5 107.4 108.8 104.3 102.8 104.1 104.5 100.9 97.1 97.3 100.4 100.9 97 91.1 89.4 84.9 78.7 70.9 55.3 48.8 45.7 45.6 43 39.8 40.8 48.9 50.8 50 46.7 41.6 33.7 27.6 24.1 18.6 8.4 17.5 12.5 6.5 1.6 0.5 -0.4 -1.9
112.7 112.3 111.3 109.6 107.1 107 105.6 105.9 105.6 106.9 106.6 104.8 103.1 102.1 100.8 100.7 100.7 100.7 103 100.7 100.7 100.7 105.6 105.7 105.7 106.3 106.3 108.6 109.3 110.2 110 107.5 104.7 105.7 109.5 107.1 104.5 102.9 101.3 96.7 96.7 104 107.9 107.4 107.3 103.5 99.9 98.7 102.4 101.5 99.4 97.7 95.9 101.1 99.8 93.9 89.5 82.6 75.5 67 54.5 47.2 46.3 46.1 48.7 44.6 45.1 49.4 51.8 52.3 50.2 47.1 40.7 34.6 27 25.5 14.5 28.2 27.1 10.3 12.9 3.5 1.3 0.4 -0.6
113.5 112.3 112.3 110.8 109.6 108.6 106.5 106.7 106.9 107.3 106.5 104.9 104.1 105.6 105 102 100.7 100.7 100.7 100.7 100.7 100.7 105.1 106 104.9 103.1 104.9 107.2 108.6 110 109.3 105.9 100.8 96.7 99.2 96.9 96.7 96.7 96.7 96.7 102.1 108.7 112.7 110.6 107.9 103.1 99.5 93.5 95.1 97.3 98.4 95 94.9 98 95.3 90.9 83.5 74 67.2 55 47.7 46.3 47.4 46.6 48.3 47.5 48.4 51 53.7 57.9 57.3 51.6 44.1 37.6 29.3 25.2 26.8 30.1 32.2 19.5 8.5 12.3 2 1.1 0.1
114.4 112.7 112.9 111.1 110 109.1 107.7 107.3 107.9 107.4 106.9 105.2 106.3 108.7 107.2 104.6 105.3 102.9 100.7 100.7 100.7 100.7 104.7 106.1 104.8 103.3 104 104.3 104.5 104.5 104.9 102.9 96.7 96.7 96.7 96.7 96.7 96.7 98 101.8 107 111.3 112.3 110.6 107.4 104 95 89.2 88.9 92.1 88.8 88.4 93.9 96.2 96.8 92.6 84.2 73.2 60.8 50.4 47.4 47.5 50 48.3 48.7 51.2 50.8 52.3 54.8 60.4 62.2 57.2 49.1 40.2 32.1 29.6 32.3 35.3 35.1 29.1 11.5 11.1 7.9 1.7 0.7
114.7 113.6 112.9 111.3 110.1 109.1 108.3 108 108.8 108.3 108 107.7 107.8 107.9 107.4 105.7 101.9 100.7 100.7 100.7 100.7 100.7 104.9 105 104.5 102.6 103 102.3 101.2 98.7 96.9 96.7 96.7 96.7 96.7 96.7 96.7 96.7 98.8 104.7 108.8 112.4 110.2 107.1 103 101.1 93.9 85.3 82.8 82.2 85.6 81 89.2 91.9 84.6 82.1 75.2 64.2 57.6 48.7 48.6 53.4 55.2 55 58 58.2 53.5 53.7 54.3 59.8 62.4 60 50.4 41.6 35.8 34.8 37.5 43.1 41.5 37.8 23.7 18.1 11.3 6 1.5
115.1 113.8 112.8 111.4 110.7 109.4 109.1 109 109.5 109.4 109.3 109.2 109 108.9 108.3 106.8 103.3 100.7 100.7 101 100.7 103.4 104.6 103.6 103.7 102 101.5 102.2 100.5 96.7 96.7 96.7 96.7 96.7 96.7 96.7 96.7 99.1 102.8 107.3 111.4 112 110.7 105.8 96.1 92 89.9 84.5 82.4 84.4 82.6 78.6 79.6 74.9 75.6 69.6 65.4 57.1 53.8 54.4 59.1 60.3 62 62.8 61.8 59.3 55.9 55.4 56.1 60.6 62.1 57 51.5 42.8 40.5 40.8 41.7 45.2 42.6 37.9 35.2 24.2 19.1 12.9 3
115.2 113.5 113.3 112.5 112.1 111.4 110.3 110.4 110.7 110.6 110.3 109.6 109.6 109.4 107.9 106.5 105 103.6 104.1 103.9 101.1 100.7 102.6 103.3 102.8 100.9 100.5 100.6 98.5 96.7 96.7 96.7 96.7 96.7 98.5 104.2 108.2 106.1 107.9 110.2 112.5 111.4 110.5 104.7 91.2 85.3 84.1 82.8 83 83.5 93.3 87.4 77.9 69.2 61.8 60.5 56 54.1 54 63.7 64.3 74 74.9 69.3 65.2 62.1 64.1 58.6 59.3 59.3 58.4 56.1 51.1 45.9 44.5 44.3 44.7 45.5 43.4 41.6 39.3 27.9 18 10.4 10.2
114.7 112.9 113.3 113.6 112.7 112.2 112.5 111.9 111.7 111.2 110.4 110 110.3 109.6 107.9 106.2 105.4 105.2 104.5 103.8 103.8 102.5 100.9 102.1 101.5 100.4 99.2 98.8 97.5 98.2 96.7 96.7 100.1 107.9 110.3 112.2 112.1 110.9 111 113.5 110.1 104.1 100.2 94.5 87.1 85.9 85.3 87.2 84.3 94.3 97.4 93.5 86.8 75.8 64.9 59.5 58.1 55.5 59.8 70.4 76.9 78.5 76.4 74.2 72.8 71.5 66.6 67.2 66.3 62.8 58.5 55 53.5 50.6 52.4 50.1 49.9 48 47.3 45.7 42.3 35.8 28.6 19.9 8.5
114.1 113.1 113.6 113.2 113.2 113.2 113.6 112.5 111.8 111.3 111.4 111.4 111 110 108 106.6 105.7 105.4 104 103.7 103.8 102.9 101.5 101.5 100.1 99.2 97.7 96.7 98.8 96.7 96.7 103.1 106.4 112.8 114.7 112.8 112.2 113.4 113 111.4 110.5 103 98.9 97.8 95.6 91.5 96.1 94.2 92 98.5 102.8 98.8 97.5 91.4 77 66.1 59.1 70.2 77 75.9 77.9 78.2 77.3 80.9 77.8 72.4 75.2 79.8 74.3 67.3 58.6 54.8 55.3 56.8 57.1 55.3 53.5 51.5 49.6 46.4 43.8 41.7 41 29.9 9.9
110 107.6 109 109.4 111.4 112.1 113.7 112.8 112 111.8 111.7 111.8 110.5 109.6 108.9 106.7 105.8 105.3 104.2 103.2 103.9 102.2 101.1 99.7 97.4 97 95.3 95.7 97.9 101.8 101.1 103 105.8 111.1 114 112.1 111.3 112.1 110.7 109.5 105.9 102.5 99.4 98.2 96.5 95.5 101.9 103.1 100.5 103.1 105.9 99.8 97 88.3 81.2 66.7 69.1 72.5 78.3 81.8 81.9 81.7 81.2 81.8 82.3 76.5 80.3 82.2 77 70.7 64.8 59.2 58 58.5 57.8 59.1 58.5 54.2 50.7 47.8 44.2 39.3 38 37.4 26.3
107.6 107.6 107.6 107.6 107.6 110.8 111.7 112.3 111.2 111.7 112 111.6 110.2 109.1 108.2 107 106 105.3 104.6 104.7 103.9 102 100.5 99 96.1 95.2 95.5 95.6 97 100.6 100.3 101 102.9 108.6 110.5 109.5 110 112.1 110.6 107.5 104.5 102.6 100.3 99.1 100.3 100.6 103.7 104.3 104.1 106.1 101.7 96.2 89.1 85.5 79.5 76.5 76.6 85.2 86.3 86.1 88.3 88.1 86.9 88.7 88.7 82.3 80 84.7 79.6 78.4 72.8 64.9 60.2 59.4 62.4 59.3 57.4 55 49.8 44.3 40.1 35.9 29.6 27.5 25.3
107.6 107.6 107.6 107.6 109.2 111.2 111 111.5 111.8 111.5 111.6 110.9 109.7 108.8 108.2 106.9 106.5 105.7 105.3 104.9 104.2 102.4 100.5 98.9 97.5 97.1 96.5 95.9 96.3 94.9 96.6 98.8 101.2 104.6 107.4 107.3 107.4 108.5 108.5 106.9 104.3 103.5 101.8 104.6 101.2 102.3 104.4 105.2 104.9 104.8 100.6 92.6 88.4 83.3 91.2 85.8 87.5 85.9 90.8 93.8 97.9 92.6 91.9 94.5 91.4 87.6 81.1 82.9 81.2 80.8 78.8 69.2 60.1 58.8 59.5 55.5 52.3 49.6 45.3 39.8 34.6 23.8 18.1 11.5 9.4
107.6 107.6 107.6 107.6 109.6 110.7 109.8 110.7 111.2 110.9 110.9 110.3 109.1 108.6 108.1 107.3 107.4 106.6 105.7 105.1 104.4 103.3 101.4 99.7 98.5 97.7 97.4 97.8 96.5 94 94 94 98.3 100.9 102.5 104.6 106.4 107.7 107 106.9 105.2 105 102.8 99.6 99.6 100.4 104.6 106 105.3 104.7 99.7 93.5 87.5 83.6 90.2 91.9 92.6 94.5 96.1 95.4 98.2 93.3 93 94.3 89.9 82 77.4 78.3 77.3 74.4 68.4 61.3 58.2 57 57.2 54.2 51.4 46.2 41.4 40.1 36.3 32.5 28.1 23.3 18.6
112.9 113.2 111.2 110.8 110 108.3 108.1 110.3 110.6 110.3 110.3 109.5 108.2 107.8 107.7 107.7 107.8 106.8 105.7 104.8 105 103.2 101.5 100.4 99.5 98.2 98.5 98.9 98.5 95.2 94 94 96.1 100.2 102.2 105.6 106.8 107.8 107.4 107.3 105.1 104.3 99.6 99.6 99.6 100.7 106.9 107.5 105.8 101.5 96.5 93.8 86.3 84.6 87.9 90.8 95.8 98.2 95.9 96.4 95.1 93.7 95 92.9 87 78.2 73.7 73.7 75.2 69.7 64.4 61.2 57.9 56.8 55.1 53.1 50.2 52.6 49.5 46.6 45.2 38 32.3 26.3 20.3
114 113.2 112 111.9 111.1 110.7 109.9 109.8 109.8 109.4 109.1 108.3 107.4 107 107.3 107.2 106.9 106.4 105.7 105 104.9 103 101.3 100 99.3 98.1 97.6 98.1 97.5 94 94 94 94 99.7 103.2 106.4 107.3 108.7 108.4 108 107.4 105.6 102 99.6 99.6 99.6 106.2 103.7 100.1 99.8 92.7 88 85.3 85.5 88.8 90.7 94.2 96.3 94.5 96.6 96.6 97.1 94.4 90.7 83.9 77 71.5 70.9 70.3 64.2 62.4 60.7 62 61.8 58.6 58.3 56.5 57 53.3 51.4 45.3 38.6 31.8 26.9 26.8
114.4 113.1 112.2 112.3 111.3 110.6 109.7 108.3 108.7 108.3 107.8 107.3 106.4 105.9 105.4 104.9 105 105.4 105.2 105.2 104.8 103.2 101.5 99.8 98.3 94.1 95.1 94.8 94 94 94 94 94 98.5 103.1 107 108.7 110 110.1 109.9 110 108.2 106.1 99.6 99.6 101.2 104.2 102.4 99.8 100.7 93.5 87.7 90.7 90.8 90.9 91.6 93.4 93.8 94 94.3 96.7 98.4 98.2 94.5 87.9 77.5 70.4 66.2 65.1 63.8 63.1 63.8 65 66.9 67.5 63.1 57.6 53.9 50.5 46.4 42 37 33.5 29.9 29.1
