WholeMapElevations/data/nt/nt52_OST50GRID_20230518/NT52.asc
ncols 200
nrows 200
xllcorner 350000
yllcorner 620000
cellsize 50
[rows 70 to 104 of 200, columns 78 to 155 of 200]
142.2 139.1 134.7 133.7 131.5 130.7 130.9 135 137.7 139.7 139.9 141.5 139.2 136.3 133.1 129.2 127.5 127 126.6 126.7 126.5 126.4 125.1 126.2 126.4 126.6 126.8 129.3 127.7 126.2 125.5 124.9 124.7 124.7 124.6 124.9 125.3 125.5 124.8 124.6 123.7 123.7 123.6 123.6 123.5 124 126 129.3 131.3 131.4 133.3 137.2 137.8 136.1 133.4 129.9 124.8 121.1 120 118 114.5 110.4 113.6 116.2 118.2 119.8 122.6 124.8 126.4 128.1 127.9 127.6 127.2 127.2 126.6 124.7 122.4 118.2
137.5 140 138.2 131.4 129.4 127.9 129.8 129.7 127.6 138.7 141.8 141.4 138.8 134.2 130.8 127.9 127.4 127.1 126.8 126.9 126.8 126.3 126 126 126.3 126.3 125.7 124.3 125.6 125.5 125.2 124.2 124.2 124.2 124.4 124.6 124.9 124.9 124.2 124.4 124.5 124.5 123.9 123.6 125.1 126.6 130.7 132.9 132.7 133.1 134.2 134.5 132.7 131.1 129 126 122.1 116.8 115.4 115.3 112.8 111 113.9 117.4 119.2 119.1 120.1 122 122.5 123.7 124.9 124.6 124.2 122.7 120.4 115.6 115.5 109.8
146.5 141.8 135.5 129.7 130.3 131 131.1 129.7 129.3 134.9 137.7 136.8 134.1 131.1 128.4 127.9 127.3 125.2 127.5 127 126.7 126 125.8 126 125.9 125.8 125.7 125.7 125.8 125.3 125 125.2 124.8 124.6 124.4 124.3 124.5 124.4 122.8 124.3 124.2 124.1 125.2 125.6 128.8 133 136 134.8 132.7 131.9 131.2 130.3 129.4 126.6 125 122.3 119 115.5 114.6 114.8 111.2 111.6 114.1 118 117.9 116.3 116.1 117.7 117.3 119.6 121 121.5 120.5 117 115.1 111.6 109.4 107.6
140.3 133.4 130.1 132 134.2 134.6 133.5 130.7 129 128.9 131.1 130.6 130.1 129.2 127.9 127.7 125.1 128.5 126.8 126.5 126.3 125.9 125.7 125.9 125.9 125.6 125.6 125.6 124.3 125.1 125.2 124.9 122.8 125.7 124.8 124.2 125.8 126.4 125.9 126.2 125.6 125.3 129.1 133.8 136.6 136.6 136.4 134.2 131.5 129.1 127.1 125.8 125 123.7 121.4 118 116 115.5 114.2 113.8 108.9 111.1 111.6 115.2 114.7 113.2 112.7 111.6 111.7 115.7 117.3 117.8 115.9 113.1 110.9 109.8 108.1 106.6
132.5 132.1 137.1 139.5 138.5 137.2 135.2 132.7 129.2 129 128.4 128.5 128.4 126.6 125.2 132.8 131.6 128.2 126.6 126.2 126 125.7 125.6 125.7 125.8 125.4 125.4 125.4 125.6 123.7 123.2 128.2 128.1 126.9 125.8 127 128.5 129.6 130.5 130.8 131.6 133.6 136.1 137.7 137.7 136 133.9 132.7 130.4 126.2 123.4 121.5 120 118.5 117.4 116.6 116.4 115.9 114.4 113.1 110.3 110.5 110.6 112.9 113.1 111.5 111.2 110.4 110.4 110.7 112 113.1 112.1 110.2 109.6 108.2 106.6 106.1
131.4 138.5 143.6 142.8 141 139.1 137 135.2 133.9 126.8 127.4 131.3 133.4 135.2 135.5 133 129.5 127.7 127.9 127.5 126.9 126.8 127 127.9 128.8 129.2 127.8 129.4 130.1 130.7 131.9 130.9 127.9 128.8 128.4 130 132.3 133.2 135.1 137 137.5 139.2 139.5 137.2 135.4 134.1 131.9 129.5 125.3 123 122.6 120.7 118.8 117.3 117.6 119.2 118 116.2 114.5 113.1 108.7 109.7 109.8 109.6 111.6 111.3 111 110.2 109.4 109.2 110.2 109.3 107.4 106.6 106.9 106.6 105.7 105.6
137 142 145.3 144.8 143.5 141.5 139.8 140.6 139.7 134.8 136.8 138 138.8 137.6 133.1 130.8 130.6 131.6 130.6 130.5 129.5 130.8 134 137.3 136.7 136.1 136.7 137.1 137 135.5 133.1 129.8 131.6 132.8 133 134.9 138.8 141 142.1 144.2 143.9 141.2 137.4 135.1 134.3 131.8 128.3 124.6 121.8 121.3 120.6 119.5 117.8 117.6 117.8 117.5 118.5 116.2 114.6 112.3 110.3 108.6 108.6 108.4 108.8 109.9 110.4 110.1 109 108 106.5 104 104.9 105.2 104.5 104.3 105.4 105.3
141.1 146.9 149.1 147.3 146.2 145.1 144 144.1 143.9 143.7 144.9 143.7 138.3 133.1 132.8 134.5 135.6 134.7 133.3 133.2 135.2 138.5 141.8 142.8 143.1 144.8 143.9 141.9 138.1 133.1 130.3 130.1 133.7 136 137.5 140.4 146.8 150.1 147.8 146.4 142.5 136.9 133.3 134.5 131.6 128.1 123.8 121.6 121.5 121.3 119.2 117.7 118 118.2 116.6 116.3 116.1 115.4 113.4 111.2 111.4 111.2 109.5 108.2 108.5 108.4 108.7 108.7 108.2 106.7 105.7 105.8 105.8 105.5 105.4 105.1 104.7 104.5
145.8 149.5 149 148.3 150.2 149.4 148.2 148.2 148.7 149.4 149.3 141.5 134.6 135.1 139.1 139 138.9 137.7 137.2 140.1 143.6 146.8 147.1 148.2 149.8 149 144.7 139.2 134 131.8 131.1 131.4 135.7 139.9 141.8 145.8 151.3 153.1 148.2 143.5 139.6 134.3 130.3 131.2 127.5 122.5 121.9 120.4 120 118.3 117.8 119.3 118.4 117.1 115.8 115.5 114.5 112.8 110.9 110.7 110.6 110.5 109 109.2 107.3 107.9 107.8 107.4 106.8 105.5 106.8 107.5 107 106 105.5 105.2 105 104.6
148.6 149.8 149.8 151.2 154.5 155.2 153.7 152.1 151.7 152 145.2 137.3 135.9 142.2 142.2 140.8 141 142.2 145.9 150.7 149.5 150 151.8 152.6 150.6 144.9 138.9 134.7 133 134.6 133.8 137.2 144.9 145 145.4 147.8 151.2 149.6 144.6 139.7 136.7 131.3 125.8 124.9 123.7 123.4 121.5 121.1 119 119.5 120.7 119.5 117.3 116.8 115.9 114.4 112.3 110.3 110.4 110.4 110.4 109.4 109 109 108.1 105.9 107.5 107.4 106.3 108.4 109.5 109.1 107.4 105.9 105.6 104.6 105 105.9
152.5 154.9 155.9 157.4 158.2 158.7 156.7 156.2 155.1 147.5 139.9 137.5 141.3 144 143.9 143.9 143.2 150.2 153.3 151.4 151.4 152.4 151.3 149.2 145 139.5 136.3 132.9 135.1 139.3 141.7 146.6 151 151.5 151 151.2 148.6 145.3 140 134 130.8 127.1 124.2 122.7 122.8 123.1 121.4 120.5 120.6 121.5 119.7 117.5 115.4 114.5 113.5 110.8 109.1 108.6 108.8 109.3 109.7 109.2 108.6 108.8 108.6 107.2 106.5 105.3 110.8 109.2 108.3 108.7 106.8 105.5 105.4 105.8 105.9 108.4
156.1 160.5 163.2 164.4 162 160.4 158.7 156 150.9 142.7 140.2 140.8 142.2 144.1 145.5 148.4 152.8 154.7 154.1 152 151.4 150.2 147.6 144.8 140.7 138.1 137.2 137.4 141.6 145 148.7 153.4 156.3 156.1 153.3 148.1 145.1 142.1 137.3 131 128.1 125.8 124.1 122.8 123.3 122.2 120.8 121.9 121.4 119.8 118 116.3 115.5 111.7 111 108.7 108 107.9 107.8 107.6 109.1 110.5 111 113.6 110.6 113.5 114.4 111.6 108.7 106.5 106.3 107.2 106 105.8 107.2 109.1 109.5 111.4
163.2 166.9 166.8 165.9 164.2 160.4 156.6 152.8 148.1 143.6 140.7 141 142.5 145.1 149 153.4 155.5 155.9 156 152.8 151 149.7 146.8 145.1 142.2 140.3 140.4 144.5 148.6 153.4 153 154.7 155.4 152.2 147.5 144 140.3 137.1 131.8 128.7 127 125 124.9 121.7 121.5 122.4 122.3 122.5 120.5 119.2 117.9 116 112.5 109.4 108.9 108.1 107.4 107.6 107.7 108.9 112.6 115.3 118.4 118.8 117.3 115.2 111.8 108.4 106.1 105.4 105.9 106.7 106.3 107.1 110.2 112.3 114.2 116.4
163.4 166.1 164.4 162.9 161.1 157.7 153.1 150.3 147 143 142.1 143.9 147.9 151.1 156.5 158.2 157.5 156.2 153.9 151.9 153.7 151.2 147.9 145.1 142.7 143.4 147.2 152 154.4 156.5 156.2 152.7 147.9 144 141.9 138.8 135 132.3 130.4 129.1 127.9 127 125 121.7 121.9 124.2 123.7 124.2 121.7 119.2 116.4 112.1 108.5 107.7 107.6 107.6 107.5 107.4 109.5 113.2 117 119.7 121.4 120.5 117.1 111.7 107.9 106.9 105 106.1 108 111.1 112.9 111.5 113 116.2 118.8 121.9
160.2 162.6 161.8 160.2 158.1 155.1 151.9 149.1 145.5 144 145.8 149.1 153.7 158.5 160.4 160.4 158.5 156.7 155.7 154.2 153.5 151.5 148.6 146.4 147.6 150.5 153.9 156.9 157 155.5 151.3 145.6 142.7 140.3 137.8 135 133.3 132.5 130.9 129.7 129.4 126 123.3 123.5 120.9 120 121.8 125.9 123.9 117.2 112 108.9 107.5 108.1 107.4 107.1 108.1 110.6 114.7 120.2 122.3 122.7 120.4 119.2 112.6 107.3 104.9 105.1 105.4 106.8 110.4 113.1 115 116.4 118 120.8 122.9 124.8
157.9 159.9 159.1 157.8 155.7 153.3 151.1 149.2 147.7 147.2 151.2 154.8 158.2 160.7 161.1 158.6 156.9 157.7 157.8 155.7 153.8 151.6 151.3 152.9 154.3 155.9 157.4 156.8 153.1 148.9 145.1 142.2 140.4 138.1 136.5 135.5 134.1 132.8 131.3 130.9 126.5 125.6 125.1 123.2 119.2 118 119.4 120.7 116.6 111.2 108.6 108.2 108 107.8 107.6 108 111.3 116.4 121.1 123 122.8 120.6 117.5 114.2 108.2 104.9 106.1 105.8 106.2 108.5 112.2 114.6 117 119.8 122.6 126.3 128 126.2
156.3 156.8 156.2 155.1 153.6 152.4 150.9 149.5 149.7 152.3 157.2 159.6 161 160.4 158.4 156.5 157.7 159.7 158.6 157.2 154.9 155.8 156.1 156.7 157.6 157 155.6 151.7 147.3 144.5 142.1 140.8 139.8 138.7 136.7 136.5 134.5 134.5 130.1 127.4 127.6 126.7 126.7 119.6 117.7 117.5 117.9 115.8 111.4 107.4 108.5 108.6 107.8 107.7 108.1 112.1 114.9 118.8 122 122.3 119.1 116.5 113.8 110.1 105.8 106.2 105 106 107.3 109.9 113.4 116.3 119.1 122.7 125 129.9 124.5 133.7
152.9 153.5 153.3 152.2 151.4 151.8 151 151.3 154.5 156.2 160.6 160.2 159.8 157.6 156.7 157.3 160.8 159.4 157.8 157.8 158.4 158.5 158.8 158.7 157.6 155.1 150.7 147.7 145.6 143.3 141.3 140.6 140.7 140.3 138.3 135.6 135.9 130.9 129.6 131.6 125.7 125.5 121.5 121.2 118.4 116.5 113.6 110.5 109.2 108.4 108.7 107.6 106.3 108.9 111.5 113.8 117 120.1 120.3 118.8 115.6 112.3 109.3 106.2 105.4 105.4 105.1 106.1 108.6 111.7 115.3 118.7 121.4 125.4 127.7 125.4 138.3 139.9
149 149.9 150.2 149.6 150.3 151.3 152.4 154 158.1 159.3 159.1 157.6 156.6 156.3 157.5 159.7 157.8 158 159 159.5 160.3 160.5 158.9 157.1 154 150.4 148.6 147.1 145.2 142.9 142.7 142.8 141.9 137.6 136.9 135.4 132.4 130.2 129.3 126.6 124.6 124 122.4 121.8 118 113.6 110.9 109.7 109.5 108.9 108.5 107.9 109 110.8 112.5 114.7 118.2 118.6 116.7 114.3 111.4 108.7 106.5 106.1 105.4 105.1 105.9 107 110.7 114.1 117.1 120.4 124 129.2 125.8 137.6 139.4 136.6
144.9 147.7 149.1 149.7 151.7 152.9 154 154.3 156.7 157.9 156.1 153.4 153.5 155.7 160.4 157.3 157.6 159.7 160.4 160.6 160.3 159.4 154.3 152.1 150.9 150.1 149 146.5 144.5 144.6 143.5 141.6 136.7 134.5 134.2 131.4 133.3 129.4 128.1 126.2 125.5 124.7 122.8 118.6 114.2 110.7 110 109.8 109.2 108.8 109 109.2 110.5 111.7 112.9 114.8 116.8 115.6 113.3 110.1 107.3 105.9 105.3 105.3 105.4 105.1 106.1 109.2 113.3 116.4 119 121.4 126.3 125.8 134.3 135.5 135 132.4
142.8 146.9 150.2 151.1 152.1 153.3 153.7 152.7 151.1 150.9 150.5 149.3 149.3 152.4 154.1 157.1 159.5 160.9 161.3 160.2 155.9 152.6 151.2 151.2 150.6 149.6 146.9 146.1 146.7 145.4 140.9 135.6 131.9 131.5 129.7 130.9 129.9 127.4 127.6 127.6 127.4 125 120.8 114.4 111.3 110.5 110 109.5 109.2 109.4 109.4 110.3 111.3 111.8 112.9 114.2 114.4 113.5 111 107.6 105.4 105.8 105.3 105.7 105.2 105.2 106.8 110.9 114.8 117.3 119.5 121.7 126.1 128.8 130.5 130.7 130.3 128.9
142.9 144.8 150.6 152.5 152.1 152.2 151.9 150.7 148.7 148.6 148.4 147.9 147.9 149.4 153.6 158.7 159.5 158.7 157.8 155.6 153.2 151.8 151.2 149.7 147.5 145.1 144.1 145.8 144.3 140.8 133.7 130.7 130.6 128.9 128.3 128.7 126.5 127 127.7 128.3 126 120.1 114.6 111.7 110.8 109.8 109.8 109.9 110.8 111.5 111.7 111.7 112.5 112.8 112.8 113.2 113.8 112.7 108.5 105.7 106.1 106.2 105.8 105.4 105.3 105.3 106.5 112.9 116.4 117.5 119 121.6 123.3 124.9 126.4 126.9 128.7 128.8
150.7 150.1 149.9 150.9 150 149.6 149.1 149.1 149.4 150.3 148.4 146.6 149.6 151.4 154.3 157.8 158.6 158.2 157.4 155.2 152.3 151 148.8 145.5 142.4 141.2 140.2 140.7 138 131.7 129.2 129.4 130.4 129 128.9 126.2 124.8 126.8 127.2 125.3 119.6 113.5 111.7 110.8 110.2 110.7 111 112.6 115.1 115 114.9 114.8 114.4 113.4 113.5 114.4 114.8 110.8 106.4 105.7 105.6 105.7 105.6 105.3 105.2 105.7 106.3 110.6 114.2 114.2 116.1 125.4 119.6 121.8 124.4 127.9 131.2 134.5
151.2 150.2 150.3 148.3 147.8 148.3 148.9 149.9 149.9 147.3 144.1 146 150.1 154 158.4 160.7 161.3 159.4 156.5 152 149.3 146.9 144 141 138.8 135.9 135.2 133.5 130.6 129.1 130.7 131.5 130.7 126.8 124.4 123.1 122.3 124.7 124.3 117.9 113.7 111.8 111 111.1 111.1 112.6 116 118.8 122.1 121 119.7 118.4 116 115.7 116.6 117.1 114.2 109.4 106.2 105.6 105.6 106.4 105.5 105.3 105.7 106.2 107.2 109.7 112 112.4 117.7 116.5 117.5 122.7 126.6 131.8 136.5 138.4
148.9 149.6 145.2 143.9 146.1 148.7 149.6 147.8 143.5 143.3 145.2 149.3 154.6 159.5 163.4 161.7 160.3 155.4 150.9 146.7 144.5 142.2 139.3 136 133.3 131.3 131 130.3 129.3 130.8 133.6 129.2 126.3 124.9 123.5 123.5 117.8 119.8 116.1 113.1 112.5 111.7 112.2 112.3 114.4 119.5 123.2 125.6 127.7 128.1 126.4 123.3 121.2 120.7 121.4 118.4 113.7 109.1 106.5 105.8 106.4 106.4 105.7 105.5 105.7 106.6 109 111.9 114.4 116.4 125.5 118.6 122.7 130 132.9 137 139.2 136.5
142.9 141.3 141.4 142.3 146.9 148.8 147.1 141.5 143.2 147 152.7 159.2 162.6 163.3 163.1 158.6 154.8 150.4 146 144.4 142.1 139.1 135.5 132.9 130.9 130.3 129.5 129.5 130.2 133.2 129.4 125.3 124.4 123.9 124.2 124.1 119.8 112.9 111.8 113.7 113.6 112.9 114 117.8 123.9 127.5 127.7 128.7 131.4 131.2 130.1 126.9 125.8 125 123 118.9 113.7 108.8 107.5 106.3 106 106.2 106 105.8 106.1 107.2 110.7 114.1 116.5 119.5 123.2 126.6 134.4 139 141.8 140.8 138.2 134.7
141.9 141.3 141.7 141.4 145.7 141.9 141.3 144.3 149.1 155.5 164.2 167.3 164.5 160.6 157.9 154.8 151.5 148 145.1 143.3 140.2 136.2 133.2 131.5 130.7 130.1 129.6 130 130.6 128.9 125.3 124.4 125 125.4 125.3 122.8 117.9 113.8 113.3 116.3 118.4 118.8 120.9 126 132.4 133.2 133.2 134.9 134.5 133.9 132.7 130.3 129 126.5 123.9 120.2 116.1 110.7 107.5 106.7 106.3 106.4 106.3 106.2 107 108.4 112.7 116.1 119.6 128 127 131.1 136.8 141.6 146.1 141.7 138.1 136.4
142 141.9 141.9 141.3 141.3 141.4 145.1 152.2 159.7 165.5 167.3 164.2 160.8 157.8 155.5 152.2 149 147.1 144.5 139.9 136.6 132.9 131.2 130.7 130.2 130.4 131.4 131 128.5 126.2 126.5 126.7 127.4 127.7 126.2 122.4 117 114.9 115.4 119.1 122.6 126.3 130 135.1 138 138.7 139.3 138.4 137.6 136.8 135 132.7 130.1 127.2 124.5 121.3 116.8 111.4 108.8 108.6 108.1 106.3 106.7 107 110.1 113.2 114.4 119 122.6 128.1 130.9 134.1 138.5 143.9 145.7 142.9 141.5 140
141.3 141 140.5 141.3 141.5 145.2 152.2 160.8 163.9 166.7 163.9 160.8 157.4 154.8 152.6 149.3 145.6 143.9 141 135.8 132.8 131.4 130.9 130.9 131.6 132.8 132.5 130.4 127.5 127.1 127.9 129.7 132 130.9 127 123.3 118.5 115 118.3 122.8 127.3 130.2 133.8 139 142.9 143.7 143.6 141.3 140.2 139.2 136.8 134.4 131.3 128.1 124.7 120 116.1 111.9 111 110.9 109.2 107.4 107.6 109.1 113.5 115.4 117.9 121.5 127.2 132.8 135.5 138.7 142.5 145.5 145.8 145.5 143 138.3
141.7 141.3 141.3 142.2 146 151 157 161.2 163.7 162.3 158.8 155.9 153.3 151.2 147.6 145 142.5 140.6 136.8 132.7 131.8 131.5 131.6 134.1 135 133.9 134.6 134.3 134 130.9 131.9 136 135.9 131.6 128.6 124.5 119.8 116.8 123.1 127.4 132.2 133.8 137.6 143 147.5 148.5 146.7 144.2 143.2 141.9 139.1 135.9 133.1 129.2 123.5 118.9 116.4 114.9 114 110.9 108.6 107.5 111.8 113.8 115.4 114.4 120.9 126.7 132 137.8 139.9 144.2 146.9 148.4 148.4 144.6 140.1 134.6
141.6 141.3 141.7 145.4 149.5 153.9 156.8 158.3 158.1 157.3 152.6 149.9 148.6 148 144.8 142.1 139.6 137.3 133.7 132.1 132.2 133.6 134.7 135.4 135.2 136.6 137.8 138.1 138.6 137.9 140.6 141.1 137.3 133.8 130.9 124.8 117 120.2 126.5 131.7 135.9 139.1 144.1 148.7 151.6 151.5 149.1 147.2 145.4 143.4 140.7 138.2 134.1 129.2 124.7 121.1 118.8 116.5 113.7 109.1 108.5 113.5 120.7 117.3 114 117.2 123.9 127.9 132.7 137.6 142.6 147.6 151.1 151.1 147 142.4 137.2 130.3
142.2 143.5 146.7 150.1 154.1 155.9 157 155.2 153.2 149.8 148.1 145.3 143.4 142.8 140.3 138.8 137.2 135.4 133.4 133 133.4 134.9 136.1 137.6 138.7 140.4 141.3 142 142.3 144.5 145.9 143.4 140.1 136.7 130 122.4 121.9 125.4 129.3 135.2 139.6 145.6 149.6 152.4 155.4 154.9 152.7 150.9 148.5 145.7 143.3 139.6 135.2 130.3 127.1 124.2 119.4 114.5 110.5 109.7 114.9 120.6 119.4 112.9 112.5 116 123 131.2 136.6 142.2 146.9 151.8 154.8 150.4 144.3 138.9 133.1 128.5
146.1 148.5 152 155.9 157.8 157.7 157.1 152.8 150.5 148.3 145.6 142.9 140.2 137.9 136.2 135.1 134.8 133.7 134.5 134.6 134.8 137 139 140.4 141.9 143.1 144.2 145.4 146.6 148.1 149.4 145.7 140.9 133 126.4 126.4 125 128.2 131.6 135 139.2 145.9 149.6 153 157 159.8 158.3 155.3 154.2 149.5 143.2 137.6 134.2 131.1 127.4 123.9 117.7 111.6 109.3 115.4 118.9 116.3 112.3 111.6 115.4 123.5 129 136.4 140.9 146.4 152.1 155.5 152.2 146.8 141.2 136.1 131.7 127.5
151.1 153.2 155.9 157.6 158.2 156.2 153.8 152.4 150.8 148.5 145.9 143.2 140.7 138.2 136.7 135.1 134 134.5 136.5 138 139.2 140.5 141.8 143.4 144.8 147.3 148 148.7 150.1 152.6 151.5 145.2 136 129.5 129.9 130.3 124.8 129.6 132.4 135.6 141.2 146.1 148.7 151.6 155.6 157.5 160 157.6 151.6 145.5 140.6 136.6 133 130.4 127.1 122.8 117.7 112.4 110.4 111.6 110.7 111.3 111.4 113.3 121.8 130 136.4 140.4 145 150.4 154.9 153.8 149.3 143.7 138.8 135 131 126.6
153 156.8 158.2 157.9 156.6 155.8 154.7 152.8 151 148.9 146.4 143.6 141 138.7 137 135.1 134 135.6 138.8 140.2 142.1 143.6 145.1 146.6 149.6 151.6 152.4 154 154.2 151 147 140.7 132.6 133 131.6 125.6 128.7 132.2 133.9 136.4 141.1 144.9 147.2 149.3 151 152.2 152.5 150.4 146.2 141.3 138.4 135.9 132.4 129 126.4 123 115.7 113 112.4 113.4 112.6 111.7 113.1 120.2 126.5 131.3 139.4 143.8 148.4 152.6 154.1 150.2 145.5 141.8 138.5 134.3 130.1 126.7
