WholeMapElevations/data/nj/nj03_OST50GRID_20230518/NJ03.asc
ncols 200
nrows 200
xllcorner 300000
yllcorner 830000
cellsize 50
[rows 70 to 104 of 200, columns 78 to 155 of 200]
388.3 385.3 383.6 381.8 380.1 379.5 378.5 377.9 379 379.8 379.9 379.4 379 378.6 378.4 379.6 379.6 380.1 380.6 380.4 381 384.8 389.6 398.6 404 407.5 411.1 415.4 421.7 426.5 430.8 438.6 439.1 438.2 440 441.5 443.1 449.2 455.6 462.1 467.1 471.6 475.4 478.1 481.1 483.2 486.7 489.5 491 493.7 496 496.4 496.1 496.1 497.4 497.6 497.2 496.6 496.1 497.4 499 498.8 497.1 494 488.7 483.5 476.7 468.6 457.2 444.4 437.7 425.6 405.2 398.7 401.1 399.2 391.5 400.7
387.7 386.4 384.6 382.6 381.1 380.7 380.4 379.5 380.7 381.7 380.7 380.3 379.9 379.5 379.2 380 380.8 380.5 380.4 380.3 381.2 384.3 390.4 399.2 405.9 409.9 413 415.8 418.8 423.5 427.3 430.6 432.8 434.9 437.2 439.2 442 447 453.3 459.2 463.4 467.5 471.1 474 476.4 478.3 480.9 483.7 486.3 489.9 492.7 494.6 495.3 496.7 498.9 500.3 501.3 500.6 501.1 502.4 504.4 505.7 504.3 501.3 496.4 491 483.4 473.8 461.2 448.1 438.9 431.9 421.9 411.6 399.8 388.7 384.7 381.7
388 387.2 386 383.5 382.3 382 381.6 381.2 381.6 382.4 382.1 381.2 380.8 380.4 380.1 380.6 381 380.9 380.9 381 381.6 384.8 391.1 400.4 407.1 412.1 414.9 416.7 417.4 419.1 422.8 426.1 428.5 430.5 433 435.5 439.3 444.4 450.5 456.4 460.2 465.4 468.4 470.9 472.7 475.9 478.5 480.3 482.9 486.4 488.4 492.2 494.3 495.8 498.3 502.1 505.1 505.5 505.5 506.8 512.9 513.1 511.2 508.6 503.6 497.1 489.1 477.6 463.4 452.9 442.2 435.1 427.2 418.1 409.9 399.4 389.5 381.7
389.4 388.7 387.4 385 383.1 382.7 382.3 382.3 382.5 382 381.9 381.9 381.4 380.9 380.5 381 381.2 381.4 381.1 381.2 381.9 384.9 391.4 400.1 412.7 416.4 417.2 418.1 417.4 417.9 418.1 421.6 423.9 426.1 428.6 432.2 436.6 441.6 447.4 453.6 458.5 462.3 465.4 468.6 470.9 473.1 474.9 477.3 479.4 482.9 485.4 487.4 491.4 494.8 499 503.9 507.5 510.4 512.9 517.3 521.6 522.1 519.2 516.4 511.3 503 494.4 481.4 468.5 458.5 448 441 433.5 423.2 414.7 407.1 399.8 393.9
392.4 390.2 388.7 386.6 384 383.4 383.5 383.7 383.7 382.3 382.1 381.9 381.7 381.3 380.9 381.3 382.4 382.5 381.1 381.1 381.8 384.9 390.9 400.2 415.2 420.1 421 420.8 418.3 416.6 416 416.9 419.3 421.9 425.4 429.1 433.9 438.9 444.6 450.5 455.4 458.2 462.2 465.4 467.6 468.8 470.2 472.6 474.8 477.7 481.4 483.7 487.1 492.1 497.2 503.8 509.6 514.1 519.4 525.9 530.5 530.8 528.6 524.4 519 510.2 499.3 487.4 476.2 466.3 455.9 447.8 439.9 432.7 424.3 417.7 409.9 400.8
395.1 391.7 389.9 388.1 385.2 384.7 384.7 384.5 383.5 382.4 381.8 381.5 381.2 381.6 381.2 382.3 384.6 383.8 380.3 381.1 381.2 384.2 389.6 399.1 411.4 419.4 422.8 421.4 418 416 413.7 414 417.5 420 423 426.4 431 436.9 441.2 446.8 451.4 455.5 459.7 462.4 462.2 463.9 465.5 467.9 471.2 474.4 477.9 480.5 484.1 488.5 495.7 503.1 509.6 516.2 522.6 531.5 537.1 537.1 535.4 531.8 525.7 516.9 505.7 496 486.5 477.1 465.5 457.5 450.7 442.9 434.5 428.4 423.7 419.5
396.2 393.4 391.1 389 387 385.6 386.8 384.6 383.8 382.4 381.7 380.9 379.7 378.4 379 381.9 386.8 382.9 377.9 380 378.9 381.9 388.6 398.1 410.9 419.8 426.3 422 414.6 413.2 411.8 411.5 415 418.1 421 424.2 429.9 435.6 441 444.8 448.3 452.3 455 456.3 456.7 458.6 461 463.9 466.7 471.1 474.1 476.6 481.2 485.8 493.1 500.6 507.7 516.4 525.4 534.4 540.8 542.3 540.7 536.9 531.2 524 514.7 506 496.4 486.7 477.8 466.9 459.8 451.1 444.9 441.2 437.4 433.8
398.2 395.7 393.7 390.8 389.5 386.6 386.8 385.1 384.5 381.6 379.4 378.3 377.5 376 376 380.8 385.4 383.6 374.3 376.8 376.4 379.9 385.7 394.7 411 420 424.1 419.7 411.3 408.9 407.6 406.4 408.9 413.8 418.6 423 428 436 440.3 442.4 444.7 447.3 448.9 450 451.1 452.5 455.9 458.5 463 466.6 470 473.6 478.4 483.2 488.9 496.4 505 515.4 525.7 534.8 542.2 545.7 544.3 540.7 536 529.6 522 513.5 504.3 495.6 486.3 477.2 469.8 462.2 455.4 449.4 445.7 441.7
399.4 398.1 396.4 393.1 391.4 388 385.9 385.1 383.6 380.6 377.6 375.5 375.1 374 372.6 376.9 381.5 378.5 372.1 374.4 373.1 375.2 381.3 392.6 403.4 413.6 417.3 414.2 407.2 404 403.3 402.6 403.5 407.9 411.7 418.2 424.4 433.2 436 438.1 441.4 444.3 445.6 445.3 446.3 447.7 449.9 454 458 461.3 464.8 470.2 475.5 480.8 486 492.6 501.7 513.4 523.6 532.7 539.9 545.5 545.4 542.3 540.2 534.2 526.6 518.8 510.2 501.9 493.4 484.7 477.2 469.2 463.6 458.2 453.6 449.1
402.2 400.8 398.9 396 393.6 392 385.2 383.8 382 379.3 374.4 372.6 371.4 369.6 368.6 366.9 370 370.9 368.3 370.3 368.5 370.9 378.7 387.8 398 405.8 409.6 407.3 400.4 396.5 395 395.3 396.5 401.4 405.1 413.2 421.1 425.8 430.3 434.7 438.1 440.8 442.3 442.6 443.5 444.5 446.3 449 453 456.1 460.8 466.3 471.4 477.5 484.2 489.5 497.4 508.7 519.4 528.6 536 541.2 542.8 542.3 540 535.4 529.2 522.6 515.2 507.1 498.9 490.8 483.1 476.1 469.5 463.5 459.4 454.3
404.9 403.3 401.8 399.1 398.2 396.2 387.4 382.8 380.8 375.7 370.2 368.9 367.9 365.4 366.1 361.9 354.4 363.8 365.1 361.9 363.2 365.3 372.3 381.5 389.9 396.9 400.4 398 392.8 388.7 384.6 385.7 387.6 393.2 400.7 407.7 416 420.6 426.8 431.2 434 434.3 434.9 436.2 437.9 440.4 442.9 444.9 447.9 451.2 456.5 462.5 468.1 472.9 480.4 486.2 494.2 502.8 513.1 523.8 530.4 535.3 538 539.2 537.1 533.3 529.3 523.5 516.7 508 499.9 492.3 485.3 479.7 473.6 467.8 462 456.5
407.5 407.2 405.6 402.7 402 398.6 388.9 383.4 378.9 372.7 368.5 367.6 369.4 364.1 362.2 355.8 354.3 355.1 354.3 353 352.1 355.4 362 369.3 379.1 386.4 389.3 385.1 376.9 374.3 371.7 375.3 379.1 383.9 392.7 401.6 410.2 415.4 423.1 429.8 431.6 431 432.3 433.7 434.5 434.6 438.4 441.1 444 447.8 451.7 456.7 464.1 470 476.2 481.7 490.8 499.6 507.1 516.9 523.7 528.1 532 533 532.1 530.1 527.2 522.3 516.2 508.3 500.4 492.9 485.7 480.3 473.5 467.2 461.6 453.4
409.3 409.8 408.6 407 402.4 398.1 391.1 384.7 376.6 372.6 366.9 364.6 365 360 356.6 352.1 346.4 340.3 343 342.2 341.1 341.5 347.9 355 364.3 370.5 372 366.8 362.5 359.9 357.2 361.3 366.8 372.8 380 390.7 401.3 410 418.1 427.1 426.5 426.9 429.4 430.5 433.2 434.1 436.5 438.8 440.3 443.2 446.6 451.1 459.4 466 471.1 477 486.3 494.8 502.4 510 517 520.9 524.7 526.2 526.1 525.9 523.8 520 514.7 507.4 500.5 493.6 486 477.1 472 465.8 456.3 448.9
410.1 413 410.7 408.4 404.2 399.8 393.7 384.9 378.6 367.5 366 363.1 359.3 361.2 357.4 342.7 337.3 331.8 332.4 332 331.5 329.4 334.5 340.7 348.2 351.7 353.6 352.7 348 345.1 342.6 345.3 351.5 362.1 371.2 379.9 391 401.2 412 418.9 420.5 423.9 429.7 431.6 432.5 433.8 435.2 435.8 437.9 438.6 442.2 446 455.2 461.3 466.2 472.7 480.8 489 496.5 503.3 508.8 513.4 517.5 519.3 519.7 520.1 519.6 517.5 513.3 507 500.1 492.4 482.2 475.5 469.1 460.5 451.6 447.2
410.5 413 410.5 409.2 406.3 404.3 397.4 386.9 377.2 366.8 365.9 360.5 353.7 355.6 346.7 339.7 333.7 329.1 326.2 323.7 322.6 323.3 325.3 328.2 333.3 338.2 339.8 339.6 339.2 337.9 336.8 338.9 342.1 353.9 363.9 373.2 381.3 392.9 403.7 409.1 414.9 424.2 428.3 430.3 431.1 431.7 432.6 433.2 436.1 437.1 439.4 442.4 449.9 456.8 461.8 467.5 475.5 483.7 490.2 496.5 502.2 506.6 510.1 512.1 511.8 513.3 512.7 510.8 508.2 504.1 496.1 489.4 482.6 474.6 466.1 455.9 451.4 445.2
406.6 409.7 408.5 409.1 408 408.7 403.5 390.7 377.4 368.5 363.4 357 345.1 345.5 341 335.3 332.1 325.1 320.6 318.6 318.3 317.6 319.3 321.1 325.5 326.7 327.7 328.9 330.1 330.7 331.5 333.8 338.3 345.3 354.1 363.6 372.8 381.9 389.3 397 408.7 416.4 420.8 423.9 426.2 426.7 432.3 436 437.6 437.3 437.4 439.9 445.1 451.5 457 463 470.2 478.1 483.9 489.5 494.2 498.9 502.2 504.3 506.6 507.2 507.3 506.3 504.8 499.6 494.2 487.1 479.7 471.9 463.8 455 449.5 443.2
404.4 406.9 407.6 407.9 408.5 414 404.2 397.3 376.3 370.2 360.3 352.7 344.6 333.8 335.1 327.6 325.1 321.6 318.9 316.8 316.4 316.3 314 314.6 318.7 318.8 318 321.3 324 326.2 327.7 328.7 331.4 335.1 341.1 349.9 362 370 379.5 392.1 401.4 405.1 408.6 413.4 416.9 422.2 430.2 439.9 439.4 437.4 434.8 436.3 440.1 445.6 451.5 458.4 465.4 471.3 476.1 480.8 486 490.6 493.8 496.2 498.3 502.1 502.9 502 500.2 496.3 491.2 484.3 477 469.7 461.8 453.2 446.3 439.4
404.2 406.6 407.8 407.6 408 410.5 406.2 398.1 379.4 367.5 359.1 350.3 339 339.5 334.7 328.6 322.5 320.4 320 316.9 314.3 313.5 310.1 309 310.9 315.3 317.3 319.2 320.5 323 324.5 326.7 327.4 329.5 333.1 340.1 348.1 366.7 380.1 387.4 395.8 400.2 403.1 407 412.8 418.2 425.4 434.2 436.7 436.7 436.1 433.6 436.5 440.3 445.4 452.8 459.1 463.8 467.4 472.1 477.1 481.8 484.6 487.8 490.8 494.9 497.9 497.4 495.5 491.8 487.1 481.5 475.7 468.7 461.1 451 443.9 437.4
403.9 406.3 408 407.4 407.6 407.4 403 396.9 383.9 368.7 360.7 355.9 352.5 339.2 333.7 327.2 322.4 320 320.1 319.7 313 309.7 309 305.6 306.4 313.2 316.3 318.2 318.7 321 323.6 325.2 326.2 328.1 331.3 337.6 345.4 359.4 373.1 381.2 387.8 392.6 396.2 404.6 411.1 416.5 422.8 426.4 431.5 434.8 435.4 433.4 432.9 435.5 441.7 447.3 452.3 456.5 460.6 465 469.5 473.9 477 479.8 484.4 488.6 492 492.1 491 488.3 483.5 478.2 473.4 467.7 459.6 450.4 444.1 437.1
403.8 406 407.8 408.6 407.2 405.6 398.9 396.2 383 371.7 366.7 364.9 360.2 340.3 329.6 334.1 319.9 318.9 317.4 318 313.1 308.9 306.2 302.3 302 308.2 308.6 311.3 313.9 318.6 322.1 323 324.3 325.9 327.6 335.4 343.3 349.5 360.6 368.9 379.1 378.5 391.9 399.8 405.2 413 420.7 425.4 428.4 431.3 431.7 430.2 430 432.3 436.3 442.5 445.2 449.5 454 458.6 463.4 467.1 468.7 473.8 478.8 483 486.3 486.9 486.7 486.1 482.6 477.7 472.3 464.3 459.4 451.5 446.2 441.6
404 405.7 407.7 409 409.1 406.8 397.9 395.5 399.5 388.2 372.1 364.4 357.9 342 328.6 329.7 320.8 318.2 316.4 315 313.9 311.3 307.6 303.4 298.9 297.8 297.6 299.9 304.3 312.9 317.6 318.7 322.3 323.1 324.4 330.2 337.3 341.8 347.8 358.3 366.6 376.4 386.1 394.2 400.3 408.6 420.1 424.8 425 425.7 426.7 427 429.3 430.4 432.5 436.4 439.7 443.8 448.5 453.2 457.4 459.8 462.6 466.4 472.9 477.3 480.8 482.7 483.6 483.5 481 478.2 474.4 463 458.2 453 448.1 440.3
404.7 406.3 407.8 407.8 407.4 402.4 395.9 392 392.4 382 367.6 359.4 347.7 331.1 327.9 328.1 319.9 318.7 315.8 312.3 312.3 313.7 312.7 310.5 303.8 293 292.6 293.5 295.5 301.2 308.5 316.1 319.9 318.9 321 327.3 332.4 337.1 341.6 348.4 359.7 369.9 379 387.9 397 405.8 414.3 418.5 419.9 422.4 424.5 426.5 427.7 429 430.4 432.4 434.9 438.3 442.8 447.2 450.1 452.6 455.8 461.2 466.7 471.1 474.7 477.2 478.5 478.4 476.2 474.9 467.1 460.9 458.1 456 455.6 450.5
406.4 407.2 407.9 408.9 406.5 399.3 393.7 386.6 383.3 374.6 365.9 357.8 347.9 335.6 328.8 326.2 320.5 320.5 314.7 311 308.3 308.3 306.8 304.4 297.4 291.8 289 288.7 290.6 294 303.3 311.8 313.6 315.5 317.1 319.3 327.6 331.6 338.8 344.1 353.2 363.4 371.5 380.3 391.2 399.4 405.1 411.1 415.5 421.2 424.7 426.5 427.6 428.5 429.4 429.5 431 433 436.8 440.4 443.2 446.5 449.8 454 460 464.5 468.5 471.4 474 474.7 468.7 465.1 464.4 468 468.3 468 465.2 458.7
408.5 409.6 410 409.9 408.1 400.4 392 383.2 375.4 367.6 365.4 357.2 350.8 344 335.6 326.6 324.5 317.6 312.8 309.2 306.3 304.6 300.5 297.4 292.2 288.4 284.8 285 286.5 289.6 296.6 303 307.9 313.2 316.3 315.7 322.1 330.3 337.5 341.8 349.4 357.7 363.9 372.3 382.3 389.2 398.6 405.9 413.8 419.8 422.9 424.5 426 427 427 426.1 427 428.5 430.7 433.9 437.2 440.6 443.9 446.9 451.9 456.7 460.4 465.5 468.7 469.3 469.1 473 475.7 479.1 479.8 478.3 475.2 472.2
410.4 411.8 411.7 410.8 408.8 401.4 393 382.9 373.5 367.8 363.3 358 354.8 344.5 337.1 329.4 326 322 313.4 309.4 304.5 300.6 295.8 292 289.4 286.1 283.2 283 283.6 285.4 289.3 298.3 308.5 311.2 309.1 315.1 319.6 328.4 338.5 339.7 344.4 350.6 358.2 366.5 375.1 380.4 392.8 401.8 407.1 411.2 416.1 419.3 423.2 424.4 426.2 425.5 423.2 425 424.5 425.9 429.3 433.1 436.2 439.6 443 447.9 452.5 458.3 461.1 464.4 469.5 473.1 478.6 481.7 483.7 484 482.7 479.1
411.9 413.6 413.6 413.8 412.7 407.2 399.5 390.5 378.8 371.7 365.9 363 358.8 348.6 341 331.7 324.5 325.5 314.3 311.9 307.4 301.6 296 290.9 289.2 285.8 282.6 281.2 282.4 284 284.3 294.3 304.4 305.7 303.9 309.7 317.3 327.3 336.4 337.4 340.4 347.1 354.5 362 370.1 377.4 386.8 395.2 400.6 406 409.6 413.2 420.4 422 425.2 425.9 422.4 420.4 420.6 420.2 422.1 426 428.5 432.8 435.1 439.9 446.1 451.3 455.6 460 464.5 471.2 475.8 481 485 487.1 487 486.1
414.6 415.9 418.7 419.1 418.9 420.3 413.4 398.3 387.3 378 369.8 362.7 359.5 353.7 345.5 337.6 325.6 321.5 314.2 310.3 307.8 302.5 297.6 292.9 289.9 286.2 283 280.2 280.5 280.7 281.6 288.2 295.5 298.6 300.8 306.9 314.2 323.7 329.8 332.3 336.3 343.5 350.7 358.2 364.2 371 380.1 390.3 398.9 402.9 406.5 409.6 416.6 420.7 423.1 425.7 422.6 419.7 417.6 416.3 417 417.4 420.9 425.2 429.3 433 436.2 445 451.1 456.3 460.9 467.1 472.3 479.4 484.2 488.3 490.7 491
415.2 419.8 422.5 422.9 420.9 425.1 417.4 401.5 392.5 382.4 372.4 363.3 358.9 354.3 349.8 337.8 330.1 321.7 316 310.3 306.3 302.5 299.2 295.2 290.6 286.5 283.7 281.2 278.7 279.6 280.5 283.2 287.4 291.5 296.4 302.3 309.1 317.8 323.1 327.7 332.6 338.5 343.9 349.5 357.3 365.5 374.2 383.6 392.2 398.7 402.6 407.7 412.7 418.7 420.5 424.9 422.1 418.6 416.1 413.6 413.6 412.7 412.9 414.9 421.4 425.9 430.1 437.9 444.2 450.5 455.6 462.2 468.8 476.7 483.2 489.1 493.4 495.4
416.1 420.2 424 423.7 421.7 425.5 416.9 402.3 393.1 384.1 375 365.8 359 355.1 348.1 339.6 331.4 321.6 318.1 310.3 306.2 303.3 299.1 296.1 290.3 286.2 283.6 281 278.4 278.5 279.6 282.5 285.8 288.1 293.6 299.7 305.8 313.9 318.7 324 328.2 333.5 338.8 344.3 352.9 361.1 369.8 376.9 383.7 390.6 395.9 402.3 409 414 417.4 420.4 418.9 417.1 415.9 413.1 411.6 410.5 410.9 409.5 412.6 419 424.4 431.4 437.9 444.2 450.6 457.1 465.3 473.8 482.2 488.7 494.2 498.7
416.3 419.9 422.5 422.6 421.5 424.3 414.6 401.2 393.6 385 375.4 365.3 360.4 354.4 347.3 339.8 329.8 321.8 315.5 311.1 308.3 307.4 301.3 295.6 291.5 285.9 283.4 280.8 278.8 277.6 278.6 281.7 283.8 287.4 295.1 301.5 308.2 312.7 315.7 319.1 324.8 329 334.1 340 346.7 354.7 362.4 369.3 375.3 383.8 390.2 396.2 401.9 407 413.3 417.6 415.6 415.8 416.2 414.6 411.5 408.2 407.5 406.8 405.6 410.4 419.1 427.1 433.6 438.6 445.7 451.8 461 470.7 480.3 487 493 497.9
417.7 419 419.1 419.6 420.7 422.3 410.3 400.2 391.7 383.7 373.1 364.3 358.1 353.5 344.6 337.2 328 322.3 316.3 311.1 309.1 307.1 302.8 296.1 292 285.7 282.5 279.9 278.1 277.8 277.9 280 281.4 289 299.1 304.5 308.6 310.9 314.3 317 323.1 327.7 332.4 339 343 346.8 353 361.5 368 379.1 388.3 394.3 401.1 405.4 411.1 412.2 414.7 416.7 417.2 416 413 409.9 405.5 403.1 401.8 404.2 411.6 419.3 425.1 432 440.3 447.7 456 467 478 483.7 490.2 496.2
417.6 416.5 414.3 414.6 416.1 415.4 405.8 396.9 388.6 379.1 370.4 361.4 355.7 349.4 340.8 335.5 327.7 321.3 314.9 310.9 308.4 306 303.2 298.7 291.2 286.3 282.8 278.7 277.7 275.2 277.3 278.7 280.8 289.7 299.6 302.7 304.4 306.9 311.5 314.7 322 328.4 333.4 337.3 340.8 344 349.2 355.9 363 375.6 385.5 393.6 399 404.6 410.9 412.1 414.7 417.1 418.1 417.6 416.9 412.4 405.2 399.6 398.6 399.4 401.2 410.9 419 424.3 435 443.1 451.4 463.8 473.5 480.2 487 492.1
415.3 413.1 409.7 409.4 410.7 407.2 402.9 393.7 385.1 375.4 366.5 360.3 353.7 343.5 338.4 332.9 323.6 317.9 314.1 311 308.5 306 304.1 299.9 292.3 287.3 283.7 278.8 275.4 276.1 276.8 277.5 280.1 289.1 295.9 298.2 300 304.2 311.1 311.8 319.3 326.8 331.1 334.3 337.5 341.6 346.4 351.9 358.7 371.5 379.2 387.6 393.7 400.6 406.5 412.1 416.5 420.3 420.2 419.7 418.4 415.3 409.5 400.8 392.3 395.5 395.5 403.6 412.4 418.8 427.1 437.6 446.3 459.4 467.6 475.4 482.4 486.9
413.9 408.8 404.6 400.7 401.4 399.8 396.1 390.4 381.6 372.4 362.9 357.2 349.7 340.2 335.7 328.8 322.7 317.3 314 311.4 309.1 306.6 303.3 298.9 295.1 290.8 284.1 279.6 274.7 273.6 273.9 277 276.9 285.3 288.6 293.4 297 303.1 309.9 310.5 311.6 321.3 324 328.2 333.8 338.2 342.9 348.8 355.5 367 376.4 383.9 391.9 398.8 408.1 414.5 419 423.2 423.4 420.5 419.5 416.8 411.5 401.5 389.1 388.1 390.5 394.2 405.2 413.1 420.8 431.7 441.6 454.6 462.7 470.2 475.7 479.3
411.5 406.3 400.5 393.5 392.5 391.6 388.5 383.9 377.1 369.7 360.3 352.2 344.4 336.9 332.1 326.1 321.2 317.2 314.2 311.9 309.6 307.3 304.2 300.4 296.5 292.4 286.8 279.4 274 270.3 271.2 272.5 273.9 281.1 286.2 290 295.2 300.9 309.8 309 307.6 312.4 315.6 322 329.5 334.8 341 347.5 354.5 363.7 374.1 383.1 391.2 398.1 407.6 416.5 421.7 426.6 429.4 425.5 415.3 415.7 412.6 405.9 395.9 389.9 385.9 388.4 394.8 404.8 412.5 424.7 436.3 447.9 455.9 463.2 468.1 471.2
