WholeMapElevations/data/nh/nh14_OST50GRID_20230518/NH14.asc
ncols 200
nrows 200
xllcorner 210000
yllcorner 840000
cellsize 50
[rows 105 to 139 of 200, columns 78 to 155 of 200]
651.6 652.4 651.8 656.7 663.2 667.7 666.9 662.8 659.6 661.3 663.8 666.4 671.3 677.8 682.1 680.6 672.4 658.6 632.3 609.3 588.9 554.6 531.7 511.2 483.5 472.2 465.4 453.7 444.8 438.9 437.9 436 435.1 420.8 410 401.7 389.1 379.2 373.1 359.2 358.9 366.5 374.3 384.6 396.9 414 438.8 461.8 487.9 512.9 531.5 540.9 536.8 550.2 569.8 590.7 612.6 634.3 656 678.3 701.3 718.9 736.4 752.1 762 767.1 769.1 766 757.7 750.9 752.1 756.9 758 757.3 756.8 757 755.3 751.6
650.4 654.9 650.6 651.3 659 663.4 664.8 662.3 659.7 658.3 658.8 659.4 663.5 668.1 671.6 674.4 673.6 664.8 647.8 626.8 597.2 569.7 545.1 518.1 495 481.2 471.6 461.9 447.6 440.8 438.2 437.3 434.4 427.6 416.1 407.8 395.3 381.3 370.1 360.1 356.8 364.6 369.3 374.2 386.2 404 426.1 447.2 468.9 491.8 511 521.4 519.4 543.4 564.2 585.4 607.5 629.5 652.5 675.1 696.7 716 732.3 747.5 758.2 762.4 763.2 758.2 751.8 745.6 749.2 753.5 754.7 756.2 756.1 756.6 754.9 750.3
651.2 653.5 651.8 651 656.3 659.7 660.2 659.3 658 655.6 653.1 651.7 653.2 656.7 659.3 663.1 667.5 663.9 652.9 635.9 612.1 581.3 556.5 533 507.1 494.7 480.3 471.7 453.9 445 442.2 440.9 438.4 431.7 424.7 414.6 397.3 382.7 369.6 365.4 356.5 361.4 365.9 367.2 378 393.4 414.1 432.2 453.4 474.4 492.3 501 514.8 537.9 559.8 580.5 601.8 624.9 648.1 671.8 691.7 712.5 729.9 745.9 758 762.5 761.9 753.8 748.2 741.5 744.9 748.3 752.8 755.2 755.8 756.5 754 752.9
653.1 650.3 649.6 650.9 652.6 655.1 655.8 654.5 653.6 649.6 646.5 643.1 645.4 647.9 651.1 652.6 658.5 657.2 646.5 640.7 620.7 591.6 567.5 538 518.3 503 488.4 475.5 464.3 452.5 447.5 446.4 441.8 436.3 431.1 420.1 408.3 391.3 374.8 368.3 359.3 354.2 362.3 361.7 371.1 390 402.9 418.7 440.6 460.7 473.9 488 511.9 534 555.5 578.3 598.1 617 644.2 668.3 688.6 709.2 726.4 740.6 751.8 757 756.1 745.9 741.8 736.7 741.7 745.8 750.8 752.9 753 753.7 754.8 753.2
654.5 651.3 648.8 649.3 649.8 650.1 651.3 649.8 647.5 646.2 640.8 624.3 636 639.1 641.1 643 646.7 646.2 638.9 637.1 629.5 607.4 574.8 547.5 528.8 513.4 501.3 488.5 476.7 461.8 454.3 450 446.7 442.5 436.2 423.2 415.7 399.2 385.6 368.6 357.9 353.8 354.7 358 368.1 383.3 394.8 411.7 428.7 449.1 461.2 488 509.3 532.8 553.9 574.7 596.9 617.7 640.6 666.1 685.5 704.3 721.7 732.1 742.3 749.1 746.6 737.5 736.1 732 735.3 742 747.9 749.1 749.1 748.9 750.8 748.4
654.4 648.5 648.4 648.8 647 649 645.2 644.4 642.7 640.5 634 625.9 627.7 630.5 632.4 633.4 634.8 633.6 629.6 631.1 631.1 622.8 585.6 564.4 548.8 531.6 519.6 507.3 485.9 470 462 454.8 450.9 446.5 438.4 428.4 417.1 407.2 389 375.8 361.5 357.4 355.5 354 361.5 374.8 387 402.8 418.9 431.1 457.2 484.8 507.4 531.4 551.4 573.6 593.7 616 638 663.1 683.8 701.3 715.2 726.6 735.8 739.1 739 732 731.2 728.7 729.8 737.5 742.3 743.1 742.5 741.2 742.6 741
647.7 647.1 642.5 644.6 643.6 641.4 642.4 638.1 635.5 633.3 629.7 622.9 614.8 620.6 622.4 622.9 622.5 620.8 618.4 621.5 626.5 620.6 606.4 583.8 573.6 554.1 536.9 516.7 498.3 486 472.5 465.2 458.5 451.6 445.4 430.6 420.2 406.1 391.4 378.2 366.8 359.1 353.2 346.5 356.3 366.8 380.9 395.3 411.6 431.6 455.4 480.6 505.2 528.4 552.2 574.3 594.7 614.6 638.4 659.6 679.7 696.9 710.4 722.5 730.1 732.5 729.2 727.8 723.7 720 725.7 731.2 734.7 734.6 733.2 732.5 730.8 731
650.2 644.1 642.5 641.3 639.5 634.5 634.4 634.7 629.9 625 622.3 615.1 599.8 611.9 612.7 613 611.3 608 607.5 610.8 617.9 618 612.5 609.5 606 584.7 559.9 534.4 515.9 503.4 492.8 476.8 468 462 449.3 434.3 421.2 404.7 397.9 383.1 368.2 357.1 349.7 343.6 353.1 358.2 373.8 391.4 407.7 429.9 451.6 476.2 503.2 527.7 551.9 573.8 595.6 616.8 637 656.6 674.2 690.1 703.4 715 721.2 722 721.8 720.7 718.1 716.8 719.3 723.2 724.6 725.3 723.2 723.7 720.9 723
652.9 644.1 640.8 636.4 626.4 629.1 628 626.2 624.2 618.8 613.1 608.3 603.8 598.9 602.5 601.8 597.1 594.2 595.6 600.9 607.5 611.9 611.1 614.5 612.5 598.9 588.3 554.8 533.8 522.1 502.3 490.7 478.6 469.1 458 441.8 419.5 405.5 394.9 386.2 371.8 359.4 350.1 342.6 347.3 354.6 368 383.3 404.7 427.8 448.2 473.9 498.8 526.1 550.9 574.4 596.4 616.6 636.9 655.4 674.5 688.2 701.9 712.7 716.1 716.6 716.3 715.3 711.2 711.6 712.3 714.4 715.4 715.2 715.1 714.4 712.4 711.6
652 646.5 641.8 634.5 630 620.6 610.9 618.4 615 610.6 606 601.1 595.1 583.9 591.5 591 585.3 581.4 584 589.8 595.8 603.2 606.4 608.8 611.5 613.7 606.3 577.3 551.4 533.9 520.7 510.4 489 475.6 463.8 444.2 419.7 407 395.7 387.6 376.7 362.4 351 341.8 344.7 349.4 358.5 377.3 399.8 421.8 446.6 472.3 496.4 523.4 548.8 572.8 595.4 617.2 637 655.2 674.7 690.6 702.9 714.3 717.3 713.6 708.4 707.2 705.1 705.3 702.5 703.3 703.2 702.6 704.1 706.4 705.9 705.6
658.4 653.9 642 634.7 630 625.2 620.2 611.6 595.7 592.2 596.9 592.9 587.9 580.4 580 578.7 574.2 570.3 574.2 579.4 586.1 593.3 596.1 601.9 607.9 611.8 610.4 600.5 573.2 561.6 540.3 521.4 501.5 486.9 473.6 444.7 421.8 409.4 400.6 388 377.4 363.6 354.1 345.1 341.6 346.1 355.3 373.1 391.9 417.5 444.6 469 494.2 519.8 547 570.8 594.4 618.7 638.8 654.8 675.2 691.3 705.1 712.7 715.5 713.9 705.3 698.7 695.1 695.5 691.5 689.5 687.9 691.7 694.8 694.8 695.8 697.7
663.3 655.1 646 638.8 631.4 625.8 619.1 612.9 605.6 597.8 580 584.5 580.9 576 565.9 565.8 563.1 559.1 564.3 568.8 578.2 583.1 586.7 593.9 601.7 606.8 611.9 613.3 598.3 584.1 561.2 536.3 512.1 499.9 478.6 444.6 420.3 410.2 395.3 387.8 377.9 367.3 359.2 348 337.7 342.1 348.9 367.9 390.7 416.5 443.8 464.6 490 517.2 543.1 568.2 592.7 616 636.7 654.4 673 689.7 701.4 708.7 711.8 710 703.8 694.7 685.6 683 682.5 679.7 681.5 684 683.7 683.3 685.8 685.3
664.2 654.7 647.4 639.4 634.1 625.6 617.1 609.9 600.3 593.5 586 576.6 568.6 569.6 563.6 555.5 552.8 553.3 555.9 561.4 568.9 573.9 576.4 583.9 594.4 603.8 609.7 614.5 618.2 602.4 579.8 549.3 528.8 504 475.8 440 422.7 408.6 396.5 384.7 374.6 367.6 358.6 349.4 336.9 340.1 349 364.6 387.8 415.6 440.5 463 487.2 513.4 541.3 566.5 589.7 612.9 634.5 652.1 672.6 689.4 703.2 700.3 704.6 706.7 703.4 695.2 688.6 682.1 674.3 674.7 676.1 675.5 674.1 673.6 674.1 673.4
662.1 655.2 649.3 640.7 633.4 625.3 617.5 608.3 597.9 589.9 582.7 573.4 562.7 557.3 558.6 553.2 546.9 548.5 548.7 553.5 557.7 561.4 566.3 577 589.5 598.5 605.5 617.8 626.5 628.5 597 556 538.5 497.2 464.1 439.2 423.7 411.9 397.1 383.3 376.1 367.2 356.7 347.2 335.6 333.5 344.2 361.5 386 411.8 435 459.5 484.2 509.3 537.2 562.1 587.4 609.5 631.9 649.5 668.4 688.2 702.1 698.4 698.9 702.4 701.5 697 686.4 678.5 671.3 671.5 672 671.8 665.5 663.2 662.9 659.6
655.5 652.5 646 639.8 632.8 623.4 615.7 604.4 596.4 587.7 578.8 571.3 562.8 549.1 553.6 549.3 543.7 542.3 543.2 545.7 548.7 550.8 560 570.2 582.4 594.5 604.4 617.1 632 628.8 586.7 550 530.5 489.5 455.7 437.5 423.2 409.8 395.9 386.8 377.6 367.5 356.3 346.1 335.7 327.4 336.8 360 385.9 411 434.4 458 482.6 508.8 533.7 560.5 583 604 628.4 645.6 665.8 685.6 692.7 698.2 695.1 695.2 698.7 698.3 686 678.6 671.2 670.2 672.5 670.6 660.3 656.4 653.4 647.5
649.3 644.9 641.2 635.3 628.8 619.9 610 600 593.2 585 578.7 572.3 566 556.2 544 538.2 539.5 535.4 536.8 537.3 540 544.3 551.6 562.7 576.6 588.8 601.1 613 624 618.1 579.5 545.3 516.8 481.3 458.8 437.5 422.1 410.3 399.5 389.8 381.8 370.5 353.1 341.3 331.8 326.1 334.1 359.2 384.4 405.7 430.2 455.6 480.8 507.1 533.1 558.1 580.9 601.2 626.4 642.5 659.9 676.9 683 690.6 694.1 695.5 696.7 692.3 684.1 673.7 669.9 669.8 670.2 666.1 657.7 653.7 650.9 644.5
638.8 635.1 632.8 627.9 621.5 612.9 604.9 595.4 588.6 581.5 577 572.7 563.8 556.9 548.4 544.3 537 526.1 529.1 531.3 532.3 536.6 544.3 555.6 567.7 581.8 594.3 605.6 613.6 619.7 583.6 542.8 514.7 479.5 453 434.7 422.1 411.3 401 394 381.9 368.1 354.8 337.4 328.8 321.1 334.7 358.7 378.8 401.8 426.4 454.5 479.3 504.8 532.4 556.3 577.6 600.6 622.1 638.1 653.8 668.1 676.6 686.4 693.8 694.4 695.7 692.4 682.8 671 670.4 672.2 668.9 663.8 663.2 660.7 653.9 648.4
628.9 626.9 624.1 619.5 612.1 608 601.2 592.6 585.6 578.3 574.2 569.2 561.6 554.7 547.5 541 534.8 521.2 520.7 524.5 525.3 527.1 535.8 547.2 559.5 571.7 587 600.9 609.1 622 592.2 542.5 508.9 478.8 452.4 432.7 421.3 410.8 403.5 393.5 372.3 361.3 348.4 334.4 328 325 334.1 355.4 374 398.8 424 451.5 475.1 501.8 530.4 553.6 575.4 596 615.6 631.7 649.6 657 669.5 682.6 688 689.8 693.6 690.6 679.5 673.1 672.2 671.9 669.8 669.8 666 661.9 651.4 632.8
616.9 617.1 614.5 611.1 604.5 600.9 594.5 585.6 580.9 575.8 569.9 564.6 556.8 551 543.1 537.5 530 523.6 500.2 512.3 519.3 517.7 525.2 537 549.2 560.9 576.5 590.3 603 611.6 587 547.2 513.7 483.1 455.7 432.1 417.4 407.7 400 387.3 374.1 364.2 347.6 333.7 322.7 324.8 330.7 348.2 367.6 395.2 422.6 448.8 472.6 500.6 525.4 549.2 570.6 592 611.3 625.7 638.7 650.7 662.9 677.3 684.8 686.7 688.2 686.4 681.5 679.9 680.8 679.4 673.6 671.7 660.4 642.4 626 608
604.7 604.2 602.7 598 593.6 585.4 583 578.3 576 571.2 567.3 559.1 549.2 545.4 539.3 533.7 525 517.8 509 498.2 508.3 509.5 514.9 524.7 537.6 549.9 563.2 576.8 589.4 597 591.6 551.6 519.5 486.4 459 433.1 415.6 404.5 392.7 384.1 373.3 361.8 348.5 332.3 321.7 317.6 326.8 340.6 363.7 395.1 422 447.5 471 495.5 521.4 542.7 566.4 586.2 603.5 617.2 625.1 638.9 655 671 680.8 686.1 692.8 693.5 688.2 688.7 686.4 679.2 670.3 665.4 650 621.7 601.1 585.3
589.5 588.6 587.6 584.1 579.4 576.1 572.2 569.9 567.5 564.3 559.8 551.4 542.2 538.2 534.3 526.9 519.3 512.6 506.3 488.3 495 497.4 505 514.6 525.2 538.6 549 558.6 572.3 580.5 576.4 547.4 513.2 485.9 453.1 431.8 413.8 401.5 390.9 381.5 371 358.5 342.4 329.3 316.3 309.6 324.6 337.3 361 392.6 418.8 445.1 467.6 492 518.6 541.3 564.2 579.5 593.5 603.5 612.3 626.7 642.3 657.3 672.4 686.1 693.6 694 688 678.7 678 671.2 658.2 647 627.9 604.9 586 567.3
576 577.4 574.2 571.8 569.1 563.1 561 561.5 559 557 551 544.7 536.1 533.8 529.6 519.4 510.8 506.8 502.7 492 480.2 486.7 495.6 503.4 511.5 523.9 532.3 542.8 555.1 559.9 556 530.2 507.9 482.2 451.7 431.1 412.3 399.2 390.1 376.5 365.9 355.1 341.6 326.9 319.5 300.6 311.3 331.6 361.9 389.3 417.4 442.4 466.4 493.1 520.1 545.3 556.3 573.3 583.9 595.2 603.3 616 631 644.5 658 671.2 682.1 680.9 673.8 664.6 664.5 651.9 641.2 626.8 604.2 581 564.6 552.8
563.1 561.9 562.4 559 557.6 552 551.2 551.4 549.4 548.6 540.9 535.9 531.9 529.9 520.3 512.1 506.7 502.8 499 491.2 478.3 472.9 483.9 490.6 500 509.5 514.6 527.6 538 537.4 533.8 511.4 492.5 477.2 452.9 431.4 408.7 395.1 383.1 372.6 361.1 350.1 336 324.3 319 300.3 307.2 331.8 361.3 386.1 414.6 440.2 465.8 491.4 521 538.1 552.7 569 577 582.9 595.1 608.1 621.6 633.9 645 655.3 661.2 660.4 653.5 649.5 643.5 631.6 618.3 603.3 581.6 563.4 549 535
553 552.1 549.3 547.5 544.9 542.1 541.7 541.8 540.5 537.3 534.1 529.8 525 523.6 512.2 509 502.1 498.3 492.9 488 480.9 462.2 468.9 479.5 489 493.4 498.4 507.6 516.2 515.3 509.1 490.7 478 458.6 433.2 419.5 399.3 389.6 376.6 364.3 353.7 345.8 330.3 323.9 314.1 297.3 305.5 332.7 361.5 382.9 411.4 439.1 467 494.4 515.6 533.3 546.1 557.2 562 572.1 585.3 598.4 610.9 622.4 633.9 645.3 651.4 651.6 641.6 631.6 623.8 611.5 600.5 581.9 565.6 547.5 534.2 524.1
544.4 543.8 538.4 535.8 534.9 531.7 531.6 533 531 527.8 527.6 523.4 521.2 515.1 508.5 504.9 498.5 492.3 488 482.7 476.2 467.4 454.2 466.7 475.9 479.1 483 488.8 494.3 495 481.2 476.1 456.2 441.7 417.2 402.5 390.3 381.6 368.7 354.8 347.5 335.9 325.1 317.9 307.5 291.7 306.6 334.5 360.3 384.5 409.9 437 463.7 487.9 512.3 526.6 537.6 545.1 550.2 562.6 575.3 587 599.5 610.2 620.9 631.8 640 636.1 632.4 624.5 611.7 597.9 580.8 564.7 550.3 534.7 519.8 510.4
534 534.6 530.4 526.6 523.4 522.1 522.4 522.9 520.8 518.6 516.6 515.8 513.5 507.4 505.4 497 493.5 484.3 479.5 478.2 473.8 465.6 449.5 451.2 458.8 464.7 467.3 471.5 475 464.9 461.3 450.7 433.5 419.8 400.1 390.3 383.7 370.5 365.1 350.3 342.7 329.7 322.7 315.9 307.8 289.6 308.4 334.3 360.9 385.1 407.7 433.2 459.8 485.7 501.9 515.8 523.9 527.2 541 555 568 578.8 590.2 598.8 608.7 618 624.8 626.3 623.3 609.6 596.4 581.7 565.7 548 533 520.5 510.3 499.5
520.4 522.4 520 516 512.8 510.5 510.1 512.6 509.2 508.1 510 507.2 502.8 503.4 497.2 490.9 486.6 478.1 475.6 471.1 469.5 464.4 451.9 434 445.9 450.3 454.7 456.6 460.4 442.5 442.2 427.3 412.4 402.3 392.2 382.5 370.2 363.4 353.2 340.4 335 323.6 316.5 307.6 299.5 295.1 318 345.5 364 383.5 404.5 430.2 452.5 471.1 490.7 501.9 509.6 520.9 535.2 547.8 559.4 569.4 580.1 588.5 596.9 604.4 613.7 614.7 608 597.2 583.4 565.6 550 534.4 521.5 511.1 500.7 494.5
510.1 509.4 507.6 503.8 501.8 494.8 497.4 499.9 497.7 494.7 497.9 495.3 494.8 496.4 489.9 485.3 481.9 472.3 470 466.9 460.6 455 450.2 443.8 429.7 437.5 439.8 443.7 439.4 425.4 416.8 407.8 400.7 394.5 384.1 371.4 365.1 356.8 342.4 333.4 325.5 319.3 312.5 303.1 288.4 296.6 321.1 345.6 372.6 390.1 408.7 428.5 447.9 462.7 475.8 488.3 498 514.1 526.2 539.1 550.6 560.5 570.4 578.8 585.8 593.2 601.4 598.3 595.3 584.1 569 550.4 534.1 522.1 510.9 500.5 491.7 482.8
500.8 498.3 497.4 493.3 489 482.5 483.6 486.6 484.9 485.7 486.5 483.3 485.9 485.3 480.7 479 474.7 464.2 460.4 458.1 449.7 445.8 442.2 437.1 425 422 425.8 428.5 422.4 413.8 406 404.6 400.1 383.7 367.7 358.9 353.3 343.6 333.6 329.3 318 309.6 303.9 293.7 280.5 301.4 326.4 351 379 393.3 411.7 426.8 445.7 460 466.7 480.4 491.9 505 517.5 529.7 542.2 552.2 562.4 568.4 575.2 583 585 586.5 583.6 572.6 557.2 537.1 523.1 510.9 498.9 493.8 484.9 486.1
493.5 489.4 486.1 483.1 479.8 472.7 471.1 471.3 470.4 470.4 474.8 473 474.5 475.9 471 467 461.4 456.9 450.5 449.8 445.1 439.7 434.5 429.6 427.7 414.1 411.9 415.9 409.8 403.8 392.5 390 384.8 366.3 356 348.7 343.1 332.4 328.6 323.5 313.2 305.1 294.1 287.2 283.1 304.5 329.3 359.4 380.1 394.2 412.8 426.8 441 449.4 461.8 471.8 485.2 497.8 511.2 525.1 535.7 545.2 553.7 561.4 568.5 573.2 574.9 576 571.7 561.5 543.1 528.1 513.9 501.4 490 485.8 479.2 493
487.6 482.4 479.2 474 467.7 462.9 464.4 459.2 457.9 458.5 458.9 462.8 464.4 465 459.3 456.7 452.8 451.2 442.7 440.1 439.2 433.2 428.2 424.5 420.1 414.4 406.1 395.6 396.3 390.8 382.5 377.6 369.4 355 344.8 337.3 329.7 325.3 320.8 313.1 306.8 298.7 286.7 281.1 285.5 307.7 331.1 357.9 378.6 393.6 409.3 420.5 433.2 441.4 454 465.3 477.8 491.3 505.6 517.4 528.8 537.8 546.8 553.1 558.7 561.3 563 562.4 558.8 546.1 533 517.3 504.9 493.2 486.1 473.3 485.3 502.6
482 478.7 470 467.2 462.5 454.2 455.2 451.1 450 448.3 445.2 450 455.2 452.7 445.7 447.6 443 438.6 435 434.7 429.2 425.9 420.3 416.6 412.9 410.6 404.4 393.2 379 379 376.3 368 354.5 347.4 337.5 328.1 324.8 320.6 313.1 305.7 299 295.3 288.7 270.5 286.9 310.5 329.6 350.6 376.2 391.1 405.2 407.8 430.8 431.3 442.4 457.9 472.9 487.7 497.3 511.2 521.2 530.6 538.6 544.1 547 546.7 548.5 546.9 541.6 533.9 519.6 510.5 499.2 487.5 474.4 475.9 492.4 512.2
477 472.8 464.6 458.6 457 454.2 450.6 445.6 440.8 436.8 437.8 439.7 442.3 440.9 436.1 436.8 436.9 429.6 426.5 420.5 419.4 416.8 411.9 410.2 406.4 403.1 395.5 389.8 380.2 368.2 365.5 357.8 345.1 337.5 327.5 316.8 316 312.7 302.3 298 291.4 290.1 284.5 264 283 298.6 316.6 340.3 362.6 376.6 390.1 409.6 411.5 418.2 438.6 450.2 467.2 481.9 492.2 503.9 513.6 523.4 530.1 538.2 538 531.4 531.2 529.7 527.6 523.1 513.8 504.3 493.9 483.4 468.7 477.9 496.9 516.6
475.1 472.1 464.6 455.9 453.2 449.9 447 438.3 435.9 428.9 429.5 429.9 428.6 423.4 421.4 421.6 419.8 415.5 412.8 411.7 408.3 406.5 402.2 400.7 397.5 393.5 385.1 382 378.1 366 355.2 348.5 338.2 328.9 315.4 311.5 312 304.1 294.2 288.8 284.2 283 277.1 267.3 275.9 287.8 300.6 322.8 333.4 353.8 374.6 388.4 394.6 413.9 428.8 443.5 459.2 474.7 488.1 497.7 508.6 517 527.4 529.3 524.8 518.8 520.5 518 515.2 514.9 505.3 498.2 492.2 480.2 464 480 498.5 516.3
474.2 469.9 462 455 450.6 443.4 436.9 433 429.4 424.5 417.9 418.6 417.3 412.7 407.9 407.1 401.8 401.4 400 399.4 397.7 394.4 393.7 393.3 390.1 381 377.4 370.8 369.7 361.1 347.7 335.3 327.2 317.1 306.7 307.8 303.4 292.2 288.3 281.8 277.7 276.2 267.1 263.5 269 276.9 288.4 304.1 318 332.4 348.5 366.5 383 404.9 419.2 434.7 451 466.1 480.3 493.7 500.9 508 519.2 518.2 515.1 507.8 509.2 506.1 504.9 501.4 498.8 495.1 485.3 467.6 462.5 481.7 496.6 513.7
