WholeMapElevations/data/no/no30_OST50GRID_20230518/NO30.asc
ncols 200
nrows 200
xllcorner 330000
yllcorner 700000
cellsize 50
[rows 0 to 35 of 200, columns 80 to 159 of 200]
39.1 39.8 40.5 41 41.3 41.5 41.2 41.3 41.3 41.3 41.6 41.6 42.7 42.1 42 44 46.3 45.7 47.5 47.8 48.9 49.9 53.7 56 57 56 57 57.9 59 61.5 64 68.1 72.2 75.3 80.5 88.5 93.4 99 106.8 116.5 126.4 138.9 152.4 158.2 159.3 157.1 154.4 152.2 149.4 146.9 144.3 142.3 139.7 137.1 134.4 131.9 129.8 128.3 127.2 125.8 124.8 124 122.3 120.3 117.5 112.7 111.3 115.5 120.3 121.1 122.9 124.4 126.7 127.8 129.1 129.1 128.5 127.8 127.1 126.6
40 40.6 40.8 41.1 41.4 41.6 41.6 41.8 42.3 42.4 42.6 43.2 44.7 45.4 42.8 43.3 45.7 48 50.7 50.3 51.7 53.3 56 59.5 57.7 54.9 54.9 55.2 57 60.2 61.3 64.4 68.2 70 76.7 84.1 88.6 93.3 101 111 119.8 132.2 147.9 157.2 158.8 156.9 154.4 152.1 150.4 147.6 144.6 142.2 139.1 136 133.8 132 130.6 129.4 128.1 127.2 126 124.9 123.2 120.9 117.7 111.5 111.3 117.3 121.4 122.8 124.3 125.9 127.3 128.2 128.7 128 128.4 127.3 125.1 125.4
40.7 41.2 41.7 42 42.3 42.5 43.2 43.8 43.8 43.4 43.8 45.2 46.7 47.3 43.2 43.5 44.4 45.7 46.7 48.6 49.8 53.1 54 55.2 53.3 52.9 52.7 53.5 55.7 58.6 58.9 60.9 63.7 67.5 72.9 77.9 82.2 86.9 91.7 103.1 113.3 125 138.4 151.3 155.2 155 153 151 148.6 145.7 143.4 141.2 139.2 136.3 134.8 133.2 131.6 130.4 129.2 128.2 127.2 125.8 124.4 122 118.8 111.6 111.3 119.2 123.7 124.4 125.5 126.6 127.6 128.2 128.6 127.5 126.5 125.9 123.1 123.4
41.6 41.7 41.8 42.6 43.3 44.2 45.5 45.5 45 44.4 44.8 45.8 46.7 45.9 43.9 45 44.4 46 49.4 50.1 49.8 48.9 50.1 51.4 52.3 52.2 52 52.1 54.2 54.9 56 57 59.4 63.6 68.7 72.5 76.5 81.1 86 93.4 103.7 117.1 131.9 143.6 149.3 150 149.9 148.1 146.5 143.7 141 138.5 137.4 135.8 136.2 135.6 134.4 132 130.2 129.1 128.5 127.1 125.6 122.5 117.4 111.6 112.6 121.3 124.1 124.3 125.5 126.6 127.1 127.6 127.4 126 124.4 120.3 120.6 122.3
42.4 42.5 42.6 42.6 43.1 43.7 44.5 44.5 44.4 44.7 45.1 45.9 46.4 48.8 50 51.3 48.1 49.1 53 56.3 55.2 52.5 52.3 52.2 52.5 53.1 52.8 52.2 52.2 52.5 53.8 53.8 55.7 58.8 63.6 67.2 71 75.5 81.6 87.4 94.9 107.1 126.7 136.1 142.7 144.9 144.6 142.7 141 141.3 138.2 135.6 134.9 136.7 137.6 137.9 137.2 135.1 132.6 130.5 129.9 127.8 125.2 121.4 115.5 111.4 112.5 119.5 122.9 124.1 123.7 124.1 125.6 127 125.6 124.3 121.2 117.5 119.8 122.3
43.2 43.4 43.4 43.5 43.7 44.3 44.7 45.3 45.7 46 46.3 47.1 49.7 50.2 50.1 50 47.2 49.6 53.9 56.7 59.2 60 57.8 55.7 57.9 59.2 59 54.1 53.9 54.7 55.7 55.6 54.7 56.3 58.8 61.9 65.2 70.1 77.4 82.9 88.6 99.1 116.9 129.9 135.2 138.5 140.4 136.9 135.6 135.2 133 131.4 133 135.7 138.5 138.9 138 135.9 133.7 131.8 130.8 127.7 124.3 117.3 113.1 111.8 112 117.1 119.4 120.8 121.6 123.2 124.8 124.6 123.8 122.4 118 116.8 119.2 122.7
44.1 44.3 44.3 44.4 44.5 45 45.7 46.3 46.8 47.3 47.9 49 50.9 51.6 51.8 51 50.2 50.9 51.1 53.3 56.7 58.2 57.9 56.2 60.6 61.6 60.5 56.1 55.9 57.3 59.8 61 60 58.8 58.1 59 60.4 63.5 70.5 78.8 85.2 93.7 106.3 118.5 126.6 132.2 133.6 134.8 132.2 131.5 130.3 128.6 130.4 135.6 138.6 139.4 137.7 135.6 132.7 129.8 128.5 126.2 119.6 112.9 115.3 117 111.7 114.6 119.4 119.6 119.4 121 122.1 121.3 120.1 118.6 117.1 117 120.4 124.8
44.8 45.1 45.2 45.3 46 46.1 46.4 46.6 47.6 49.5 50.2 53.1 55.6 56.3 56.7 55.4 54 54.5 53.9 54.7 55.8 56.8 57.1 62.7 64.3 64.2 61.4 58.2 58.6 60.4 61.9 64.5 65.9 65 64.4 64 64.6 67.1 67.3 74.3 83.3 90.6 100 110.7 118.8 125.3 130.7 133.2 129.9 128.4 127.6 126.4 128.1 134.4 138.5 138.9 136.8 134.2 131.4 128.7 126 123.2 115.7 113.5 118.8 119.6 111.9 112.7 116.7 117.8 117.6 118.5 118 116.8 115.4 115.7 117.6 120.7 123.2 125.9
45.5 45.8 46.1 47.1 47.8 47.6 47.9 48.1 50.4 51.6 53.3 56.3 59.6 60.4 60.9 57.4 58.1 59.5 57.5 59.3 63.7 65.6 65.8 66.5 67.9 66.5 62.7 60.3 62.2 63.7 64.6 66.7 69.4 71.9 73.9 72.6 72.6 80 78.7 69.8 79.4 87.2 93.6 104.6 112.8 120.6 128.3 130 127.5 125.4 124.6 124.1 124.9 128.9 133.9 134.9 133.5 131.9 130 127.3 124.1 119.7 113.8 114.8 121.3 118.2 114.1 113.2 113.1 114.3 115.4 115.9 115.5 115.1 114.7 115.7 119.4 123.5 126.5 129.1
47.1 47.4 47.6 48.7 50.7 51.4 52.3 53.7 54.6 55.6 57.1 60.7 63.2 64.6 65 61.6 62.3 65 60.4 62.4 68.4 71.3 71.4 70.4 70.2 67.8 64.9 64 65.9 67.6 68.8 70.7 73.2 75.4 78.1 78.1 80.1 84.2 84.1 77 73.8 85.1 90.1 96.9 105.8 118.1 126.3 125.3 123.6 123.1 122.8 122.6 122.8 124.3 126.9 128.6 130 129 128 126.1 123.1 118.3 113 113.4 119.4 117.7 114.6 112.9 112.4 112.9 114.2 114.5 114.5 114.3 115 118 121.1 124.7 128.5 133.6
49.8 49.8 49.5 51.3 53.3 55.7 58.9 61.3 60.2 59.4 61.1 64.8 67.3 68.8 69.3 63.8 70.7 70.7 66 64.3 72.1 74.5 74.2 72.8 72 70.4 68 67.9 69.9 71.7 73.2 74.9 76.9 78.5 80.3 82.4 82.7 83.5 84.2 83.5 74.2 79.8 86.4 91.7 101.1 111.5 119.4 122.4 123.5 123.8 123 122.2 121.8 122.7 123.7 123.7 125.1 126.1 125.3 125.4 123.9 117.6 113.3 113.2 117.9 118.6 115.6 113.8 114.1 113.6 113.9 115.4 115.5 115.6 117.5 121.9 124.5 127.8 131.7 136.1
52.5 52.6 52.5 54.9 57.2 60.2 63.8 65.4 64.8 63.6 64.4 68.1 70.6 72.4 71.6 69.3 72.9 71.9 66.9 66.2 72.5 74.4 74.2 73.7 73.6 72.4 71.4 70.9 73.7 75.8 77.5 78.9 80.6 81.8 83.1 85.4 87.8 89.2 90.1 90 83.8 77.5 80.2 87.6 99.2 112.3 121.9 123.8 126 125.1 124.3 123.3 122 120.2 120.5 119.8 120.3 121.4 121.8 121.3 121.2 117.8 114.7 114.2 120.4 118.9 116.9 115.8 114.7 114.3 114.3 115.6 116.7 118.3 121.2 124.6 128.1 131.4 135.2 139.3
55.6 56.1 57 59 61.4 64.7 67.7 69.9 69.9 69.3 69 70.5 72.5 73.6 73.1 71.4 72.8 72.2 67.7 71.3 74.4 75.2 74.9 75 75 73.7 72.3 74 76.2 78.2 79.6 81.6 83.8 85.1 86.3 89 92.4 94.7 95.9 96.2 92.3 87.7 89.9 89.1 90.8 106.2 124.8 128.5 129.8 129 127.3 124.2 122.4 120.8 118.2 117.1 116.7 117.1 118.1 117.1 116.1 114.7 113.8 116.9 119 119.3 118.2 117.1 114.7 114.5 114.1 117.6 120.3 122.9 124.9 126.5 133.8 137.1 140.2 142.1
58.5 59.6 61.5 63.5 65.6 68.7 71.9 74.5 75 75 74.5 74.1 75 75.1 75.6 75.2 76.4 73.8 72.5 75.5 77.6 78.7 77.7 78.7 77.8 75.9 75.9 76.7 78.5 79.6 82.6 85.1 87 88.3 89.6 93 96.3 99.6 100 99.2 99.7 96.7 95.8 99.3 103.4 118 129.5 134.8 135.3 133.2 131.5 128.4 126.6 125.3 122.5 118.7 117.5 116.9 117 115.8 116.6 114.2 116.6 118.6 119 119.3 119.5 118.5 116 114.6 116.7 122.6 124.9 126.5 126.7 131.3 136.8 141.1 144 144.7
61.1 64.6 66.4 68.6 71.4 73.7 76.1 78.3 79.7 79.5 78.9 78.1 78.6 78.7 78.7 79.6 79.3 76.6 74.7 77.3 79.6 81 81.4 81.8 82.2 79.9 76.3 79 81.3 83.3 85.4 88.3 89.9 91.2 94.2 97.5 101.3 105 106.6 106.6 107.4 107.2 104.8 108.8 116.2 124.9 135.4 143.3 142.8 141.1 138.1 133.3 131.9 129.7 127 125.3 123.9 122.4 121 120.8 123.3 123.6 123.7 122.7 122.7 122.4 123.6 120.7 115.9 115 120.9 126 128.8 129.6 130.4 134.2 139.6 143.2 145.7 146.6
68.4 72.5 75.4 74.5 77.3 77.7 79.7 81.3 83.1 82.9 82.5 82.4 82.5 82.6 82.4 82.8 82.3 79.9 78.7 80 81.4 82 82.3 82.7 84.6 80.2 81.3 83 85.6 87.5 89.3 91.2 93.4 97.3 100.4 102.8 104.7 108 110.7 111.1 111.5 112.3 112.6 115.6 122.4 129.3 138.8 147.3 151.3 148.2 151.4 150.3 141 136.8 134.2 131.9 129.4 127.6 126.1 126.3 125.7 126.2 126.5 126.6 126.2 126.2 125.3 121.6 116.1 118.3 125.1 128.8 131.1 133 135.5 139.8 144 147.6 147 147.5
76.1 75 78.3 78.4 78.3 80.5 83 85.5 87.5 87.3 86.2 86.9 87 86.8 85.5 86.5 85.9 86.9 85.5 86.3 85.8 85.5 85.8 85.9 85.1 87.3 88.1 88.7 90.5 92.2 95.1 97.9 100 103.8 107.5 108.7 110.2 112.2 114.7 115.5 116.2 117 118.3 119.7 125.4 133.1 141.4 146.6 150.7 153.9 152.6 147.3 144.7 142.9 139.9 136 133.6 131.6 130.5 130.5 128.9 127.7 128.2 127.9 127.7 127.6 126.2 119.8 116.8 122.3 127.9 131.5 133.5 136.8 141.3 146.6 151.8 152.8 151.1 150
75.3 78.6 81 82 82.9 85.5 87.9 90.4 91.5 91.5 91.6 92.3 93.7 95.8 93.2 92.2 94.3 95.3 94.8 94.3 92.8 91.3 90.7 91.1 90.4 94.4 95.2 95.7 98.1 100.8 103.9 107 107.9 109.6 113.3 115.2 116.1 117.8 119.7 120.3 121 121.4 122.8 124.2 129.3 137.2 142.4 145.5 148.8 151.8 151.4 148.8 143.8 142.4 142 140 137.4 134.8 134.4 134 132.5 130.5 129.3 129 128.7 128.4 124.9 118.5 119.8 127.1 130.7 134.1 137.6 142.9 149 157.8 156.5 154.7 153.3 152
79.6 82.2 84.6 86.1 88 90.5 92.9 95.3 95.9 97.6 98.5 100.8 102.4 103.8 101.2 101.9 102.7 103.1 102.1 101.2 100.2 98.6 98.3 98.4 98.1 100.9 104.3 104.9 107 109.9 112.8 115.4 116.6 117.6 119.1 121.5 122.7 123.9 124.7 125.3 125.6 126.3 128.3 131 133.2 139.5 143.6 145.3 147.2 149.4 150.5 150.4 146.8 142.2 140.7 138.8 137.4 136.9 135.5 133.9 132.5 131.5 130.4 129.6 129.3 128 123.5 118.5 124.3 129.5 133.4 136.9 141.1 153.3 156.4 157.9 156.8 154.4 150.7 149
83.3 85.9 88.6 90.8 92.7 95.5 98.5 101.4 103.4 104.7 106.3 108.3 109 107.5 106.7 107.9 107.8 107.4 107.1 107.1 106.9 105.9 105.9 105.7 106.8 113.5 112.9 110.9 114.9 116.9 118.7 120.8 122.6 123.9 125.9 127.8 128.5 129.2 130.9 130.7 131.6 133.2 135.6 138.8 139.9 141.4 144.9 145.8 147.2 147.5 147.5 146.8 146.8 142.1 139.9 137.6 135.4 134.6 133.7 133.6 132.3 131.1 130.6 130.2 130 129.3 124.9 121.3 128.1 132.4 136 140.1 148.8 155.3 155.4 155.2 154 150.9 146.7 146.1
87.2 90 93.7 96.3 98.7 102.2 107.6 110.8 112.5 113.2 112.3 113 112.4 111.2 111.3 110.8 111.4 111.4 111.5 111.7 111.5 111.7 112.3 115 118.2 110.9 113.9 117.5 120.2 123.7 124.8 126.1 128.8 130.2 132.5 133.8 133.7 134.4 136.2 137.8 137.7 139.1 140.7 142.5 142.8 143.8 145.3 146.3 147.9 148.5 148.3 146.9 143.4 142.4 140.2 137.9 135.5 133.5 132.4 132.3 131.5 130.1 127.6 127.6 130.3 129.6 122.5 124.3 129.9 133.8 138 142.6 151.5 152.4 153.2 152.5 150.2 147.1 145 144
92.7 96.2 99.1 103 106.4 111.2 119.3 121.4 119 117.6 116.4 115.8 115.2 114.6 114.1 114.1 114.8 115.6 116 116.3 116.1 117.3 120 120 120.6 120 121.4 123 125.4 129.1 131.3 133 134 136 137.3 140.1 139.7 139.6 141 142.2 142.3 143 144.8 145.6 146.3 146.6 146.5 148.3 149.3 149.7 149.3 148.3 144.4 142.6 140.4 138 135.6 134.1 133.9 131 131.2 127.1 123.1 122 122.5 121.3 122.1 127.5 132.2 135.8 140.6 148.1 150.3 152.3 152.5 150.7 148 145.2 142.9 143.5
97.9 103.6 105.2 109.5 114.4 121.6 123.5 124.4 122.6 120.8 119.4 118.7 118.1 117.5 116.9 117.8 119.1 120 120.3 120.8 121.6 122.5 123.5 123.8 129.6 129.6 127.3 130.6 134.3 133.5 133.3 134.3 135.9 140.3 137.3 143.9 144.2 144.3 144.8 146.1 147 147.5 147.9 148.4 148.9 149 149.3 150.2 150.8 151.1 149.7 148.4 147 144.7 142.4 139.4 136.2 135.1 134.9 133.4 127.9 123.4 123.5 128.8 125.5 124.7 126.9 131.2 134.4 139.4 145.4 150 152.1 152.5 151.2 149.9 147.1 144.6 143 142.6
103.3 109.9 113.2 118.8 122.3 124.9 125.7 126 124.6 123.7 122.5 121.8 121.4 121.1 120.7 122.7 123.4 124.3 124.3 128.2 130.6 132 132.9 132.7 133.9 131.7 131.6 131.1 133 128.5 139.1 141 143.3 144.6 146.1 147.7 148.8 148.7 148.8 150.3 151.9 152 153 153.1 152.2 152 151.1 151.8 152.4 151.2 149.6 148.2 146.8 145.7 145 141.6 138.2 135.5 135.3 133 133.7 125.3 124.3 131 131.6 131.6 134.5 135.9 137.7 145.1 151.3 155.1 156.4 156.4 154.1 151.8 149.5 146.6 144.3 143.6
113 118.6 120.4 126.3 127.1 128.1 128.4 128 127.2 126.2 125.5 125.2 125.2 124.9 124.9 127.5 128.8 131 129.2 133.2 133 131.2 131.3 131.9 136.4 129.9 133.4 135.7 136 142.6 144.3 147.2 148 148.9 150.4 152.1 153.6 154 153.9 155.5 157 157.8 157.4 156.8 155.7 155.5 153.7 153.3 153.8 151.6 149 148.1 146.8 145.9 145.5 142.8 140.2 137.5 136.3 135.2 133.9 124 124.4 133.5 135.3 135.9 138.1 139.3 141.4 149.9 157.3 160.7 161.7 160.5 158.4 156.1 154.9 151.9 148.7 146.6
123.1 123.5 129.6 130.5 131.5 132 131.8 131 129.8 129.2 129.2 128.9 128.1 128.9 130.2 133.4 136.2 136.6 134.1 136.5 133.6 132.3 131.6 130.8 128.6 141.1 139.9 143.4 145.8 148.2 150.6 152.3 152.8 153.4 155 156.9 158.1 158.8 158.9 159.7 160.4 161.2 160.5 159.5 159.2 158.2 156.5 154.9 155 151.9 148.3 147.6 146.8 146.4 146.2 144.6 142.4 139.3 138.9 137.7 130.2 125 127.4 136.2 138.1 139.6 142.3 144.3 147.3 154.3 162.8 167.6 167.6 165 162.2 160.8 159.6 157.1 153.5 152.5
122.1 132.2 135.5 136 136.5 136.3 137.4 134.8 134.3 133.6 133.1 132.9 133.7 134 137 137.8 137.6 136.1 135.2 137.2 131.1 129.3 127.6 140.4 143.6 146.1 145 147.6 150.2 152.8 155 156.6 157.2 158.2 159.7 161.6 162.7 162.8 162.6 163.2 163.8 164.6 164.1 163.4 162.7 160.9 159.1 156.9 156.2 152.9 149.5 147.8 146.6 145.7 145.7 144.3 142.5 141.2 141 139.4 127.4 125.3 129.6 139.4 143.5 145.1 147 149.1 154 161 168.6 172.2 171.6 168.9 165.6 163.8 161.8 159.2 156.8 155.2
136.1 138.9 141 142.5 142.1 141.2 142 142.4 140.3 140.4 140.1 141.9 143.9 143.1 141.5 139.5 133.5 137.9 141.2 142.1 142.2 144.8 146 147.4 149.2 150.8 152.1 153.8 155.7 157.6 159.5 160.9 161.9 162.9 164.3 166.2 167.1 166.4 166.2 166.8 167.4 168 167.9 166.9 166 164.4 161 158.6 156.7 154.6 151.5 149.7 147.8 145.8 145 144.2 143.1 142.9 141.1 135.6 125.6 128 132.2 142.6 146.3 148.4 150 152.9 159 165 170.9 173.6 172.2 168.8 164.9 162.9 161.1 158.6 156 155.6
143.6 146.8 148.3 149.1 150.5 153.6 154.3 148.4 149 147.8 147.5 148.2 147.7 142.2 143.9 136.2 143.3 145.9 147.4 148.3 148.2 150 151.9 152.8 154.3 155.2 156.5 158.4 159.6 161.5 163.4 164.4 165.5 166.7 167.5 169.8 170.8 170.1 169.9 170.4 171.2 171.9 172.3 171.2 169.8 168.1 163.8 161.3 158.6 155.9 153.6 151.7 149.4 148.3 147.2 145.6 143.8 141.4 137.6 131.3 127.5 130.7 138.3 145.1 147.6 149.1 151.5 155.9 161.6 166.6 172 173.8 170.9 167 163.9 161 158.1 156 154.5 153.2
159.9 163.2 161.8 160.3 157.4 156.4 150.5 148.3 149.3 148.9 145.8 146.8 149.7 152.3 152.7 152.7 151.8 152.1 153.5 154.4 154.2 155.1 156.5 157.6 157.9 158.7 159.6 160.7 161.9 164.1 166.3 167.5 168.4 169.2 169.7 171 171.5 171.9 173.9 174.6 175.3 175.2 175.6 176.2 175 173.1 168.6 165.5 162.9 159.6 156.8 154.9 152.7 151.5 150.2 148.2 146.3 144.6 143.5 138.9 132.8 130.6 141.6 146.7 149.7 150.7 152.6 157.3 161.7 165.8 169 169.6 168 165 162.1 158.4 155.1 153.5 152.3 151.1
167.6 165.9 161.6 158.6 158.3 162.3 161.1 162.9 162.8 160 158.9 158.7 158.3 158.7 157.4 159.4 155.8 155.7 157.5 159.9 159.9 160 161.5 161.5 161 161.6 162.5 163.5 164.5 166 168.9 170.4 171.1 171.2 171.3 171.9 173 175.2 177.4 178.8 179.2 178.4 178.8 180.3 180.1 179 174.6 169.9 166.4 162.9 160.2 158.1 156 154.8 152.8 150.8 149.1 147.6 148.6 144 136.7 134.4 144.3 148.7 150.7 152.3 155.1 158.6 161.1 163.8 166.7 166.5 164.9 162.8 160.2 156.4 153.6 151 149.3 148.8
163 164.6 170 172.1 174.5 169.7 165.5 166.1 166.8 164.5 164.1 162.7 159 158.1 158.1 159.7 159.3 159.2 160.9 163.5 164.9 165.8 166 165.5 165 164.5 165.4 166.3 167.2 168 169.8 170.8 171 171.4 171.7 172.3 174.2 176.2 179.1 180.9 182 181.7 182 185.2 189.4 184.5 179 173.5 169.7 166.2 163.6 161.4 159.4 157.4 155.4 153.4 152 150.5 147.1 139.4 134.6 140 147.5 150.6 153.4 155.8 158.1 159.6 161.1 163 163.4 163.8 162.8 160.6 157.6 154.7 152.2 149.7 147.1 145.7
185 182.2 179.3 177.6 176 173.7 170.6 168.3 167.4 167 165.2 160.7 160 162.3 165.5 166.5 167.3 167.1 167.4 167.6 168.7 169.6 171 170.1 169.2 168 168.1 168.9 169.2 168.9 169.8 170.6 170.7 171.1 171.7 172.5 174.1 177 180 181.9 182.2 182.3 183.8 185.8 190.4 189.7 184 178.3 173.8 169.7 166.2 163.6 161.3 159.5 157.7 155.8 154.1 151.2 142.4 135.6 137.1 146.2 150.4 153.1 156 158.8 160.8 161.9 162.4 161.8 161.2 161.6 161.8 159 155.9 153.1 150.6 148.1 145.9 145.5
186.3 183.2 179.5 178.3 176.7 175 173.5 175.6 179.7 174.3 172.1 170.5 171.4 173.5 174.3 174.2 175 174.7 174.1 172.5 172.5 173.6 173.3 172.1 170.8 169.8 170.9 170 169.5 169.2 169.7 170.6 170.5 170.9 172.2 174.1 175.4 177.8 180.5 183 182.9 183.1 183.8 184 183.6 184.6 184.2 181.6 177.4 172.8 169.1 166.2 163.8 161.8 160 158.1 157.4 151.2 140.1 137.8 143.8 152.3 153.9 155.7 158.5 161 162.8 162.6 161.5 160.8 160.1 159.4 159.7 157.3 154.2 151.5 149 147.3 146.2 147.2
191.4 197.2 195.7 196.2 195.8 192.6 191.3 189.8 187.1 183 181.9 181.3 181.8 181.1 180.9 181.9 182.5 181.9 181.1 178.9 176.8 175.3 174.4 173.5 172.2 172.5 172 170.7 169.8 169.6 170 170.5 170.6 171 172.2 173.2 175.2 178.3 181.4 184.1 184.7 185 186.1 186.4 184.3 182.5 181.6 180.8 178.8 175.5 171.6 169.4 167.2 165 162.8 160.9 159.6 157.2 144.4 144.5 149.1 155.2 156.4 157.9 159.3 161.6 163.7 163.2 161.9 160.7 159.4 158.1 156.7 155.2 153.7 152.1 149.3 147.2 145.9 147.1
208.4 206.4 203.6 201.1 198.8 196.5 195 192.6 190.1 188.8 187.7 188 187.2 187.8 189.6 191 190.6 187.8 188.1 184.9 180.3 177.1 175.6 174.2 173.9 173.9 172.9 171.7 170.4 170 170.4 170.8 171 170.8 172 172.4 173.5 177.4 182.9 187.6 188.4 188.1 188.1 188.8 187.8 184.6 180.8 179.5 178.7 176.5 173.3 172 170.4 167.9 165.5 163 161.9 157.9 144.8 146.5 152.3 156.8 158.2 159.9 161.3 162.6 163.4 162.8 160.7 159.4 158.1 157.1 155.7 156.7 154.9 151.8 148.6 146.5 145.5 146.4
