WholeMapElevations/data/hu/hu39_OST50GRID_20230518/HU39.asc
ncols 200
nrows 200
xllcorner 430000
yllcorner 1190000
cellsize 50
[rows 152 to 189 of 200, columns 84 to 167 of 200]
-0.9 -0.9 -0.9 -0.9 -0.9 -0.9 -0.9 -0.9 -0.9 -0.9 -0.9 -0.9 -0.9 -0.9 -0.9 -0.9 -0.9 -0.9 -0.9 -0.9 -0.9 -0.9 -0.9 -0.9 -0.9 -0.9 -0.9 -0.9 -0.9 -0.9 -0.9 -0.9 30.1 34.2 38.8 24.2 20.8 38.3 45.1 56.7 65.7 77.2 82.8 81 75 70 62.9 53.9 48.9 46.3 44.5 47.1 37 37 37 39 46.2 50.4 59.5 69.2 71.6 72.8 74.7 77.2 79.7 77.8 79.2 82.8 82.9 84.7 84 83.3 83.9 87.6 93.4 84.3 75.5 66.5 63.2 55.4 -0.9 -0.9 -0.9 -0.9
-0.9 -0.9 -0.9 -0.9 -0.9 -0.9 -0.9 -0.9 -0.9 -0.9 -0.9 -0.9 -0.9 -0.9 -0.9 -0.9 -0.9 -0.9 -0.9 -0.9 -0.9 -0.9 -0.9 -0.9 -0.9 -0.9 -0.9 -0.9 -0.9 -0.9 -0.9 -0.9 -0.9 -0.9 20.1 14.6 11.8 35.2 41.2 47.8 53.7 70.9 77.6 76.1 72 66.9 63.5 53.7 53.2 50.9 44.7 47.7 37 37 37 37 39.5 43.9 49.1 60.3 64.6 69.6 72 73.3 75.2 71.9 75.5 79.5 79.8 79.8 78.4 79.7 84.1 85.3 87.7 77.7 64.9 59.8 55.8 49.9 37.7 -0.9 -0.9 -0.9
-0.9 -0.9 -0.9 -0.9 -0.9 -0.9 -0.9 -0.9 -0.9 -0.9 -0.9 -0.9 -0.9 -0.9 -0.9 -0.9 -0.9 -0.9 -0.9 -0.9 -0.9 -0.9 -0.9 -0.9 -0.9 -0.9 -0.9 -0.9 -0.9 -0.9 -0.9 -0.9 -0.9 -0.9 -0.9 -0.9 -0.9 24 -0.9 23.7 46.8 62 70.2 72.3 68.7 68.7 62.9 54.7 54.2 53.2 45.8 45.4 37.8 37 37 37 39.6 42.7 49.7 57.4 62.6 66.3 69.5 70.7 69.4 68.1 72.3 77.1 77.6 76.6 74.5 74.4 80.5 80.8 78.9 66.6 54.1 49.2 46.4 44.6 24.7 -0.9 -0.9 -0.9
-0.9 -0.9 -0.9 -0.9 -0.9 -0.9 -0.9 -0.9 -0.9 -0.9 -0.9 -0.9 -0.9 -0.9 -0.9 -0.9 -0.9 -0.9 -0.9 -0.9 -0.9 -0.9 -0.9 -0.9 -0.9 -0.9 -0.9 -0.9 -0.9 -0.9 -0.9 -0.9 -0.9 -0.9 -0.9 -0.9 -0.9 0.5 -0.9 -0.9 42.7 56.6 62.4 68.6 66.7 66.4 62.9 56.6 54.4 54.2 47.1 44 36.9 37 37 37.3 42.4 46.2 46.5 54.4 60.9 67.4 68.1 68.1 68.1 68.1 68.7 72.4 73.9 73.4 70 68.8 72.2 70.5 68.2 54.6 46 42.3 39.3 37.2 22.7 -0.9 -0.9 -0.9
-0.9 -0.9 -0.9 -0.9 -0.9 -0.9 -0.9 -0.9 -0.9 -0.9 -0.9 -0.9 -0.9 -0.9 -0.9 -0.9 -0.9 -0.9 -0.9 -0.9 -0.9 -0.9 -0.9 -0.9 -0.9 -0.9 -0.9 -0.9 -0.9 -0.9 -0.9 -0.9 -0.9 -0.9 -0.9 -0.9 -0.9 -0.9 -0.9 -0.9 33.7 49.8 54.2 60.5 64.3 65.1 60.6 58.4 54.9 55 48.4 44.2 37.2 37 37 50.3 54.4 52.7 54.2 53.6 63.3 68.7 69.7 68.1 68.1 68.1 68.1 69.4 69.4 69.7 67.8 63.5 61.7 61.6 58.5 43.9 39.6 38.2 30.1 25.3 -0.9 -0.9 -0.9 -0.9
-0.9 -0.9 -0.9 -0.9 -0.9 -0.9 -0.9 -0.9 -0.9 -0.9 -0.9 -0.9 -0.9 -0.9 -0.9 -0.9 -0.9 -0.9 -0.9 -0.9 -0.9 -0.9 -0.9 -0.9 -0.9 -0.9 -0.9 -0.9 -0.9 -0.9 -0.9 -0.9 -0.9 -0.9 -0.9 -0.9 -0.9 -0.9 -0.9 -0.9 -0.9 37.4 41.2 51.2 61.1 61.7 57.2 56 53.8 54.2 48.4 44.5 39.1 37 38.9 67.4 65 60.6 62.8 69.4 65.4 68.7 68.1 68.1 68.1 68.1 69.3 68.2 66.5 66.2 64.8 60.4 55.4 52.6 49.3 42.5 40.9 44.4 34.8 24.9 -0.9 -0.9 -0.9 -0.9
-0.9 -0.9 -0.9 -0.9 -0.9 -0.9 -0.9 -0.9 -0.9 -0.9 -0.9 -0.9 -0.9 -0.9 -0.9 -0.9 -0.9 -0.9 -0.9 -0.9 -0.9 -0.9 -0.9 -0.9 -0.9 -0.9 -0.9 -0.9 -0.9 -0.9 -0.9 -0.9 -0.9 -0.9 -0.9 -0.9 -0.9 -0.9 -0.9 -0.9 -0.9 23.1 38 50.8 62.6 61.3 57.5 54 57 53 48 41.9 37.2 37 38.4 75.7 81 78.1 80.7 85.2 75.4 72.9 68.5 68.1 68.1 68.3 70.3 67.2 64.7 63.6 61 56.3 51 48 45.6 42.8 45.5 49.6 39.7 -0.9 -0.9 -0.9 -0.9 -0.9
-0.9 -0.9 -0.9 -0.9 -0.9 -0.9 -0.9 -0.9 -0.9 -0.9 -0.9 -0.9 -0.9 -0.9 -0.9 -0.9 -0.9 -0.9 -0.9 -0.9 -0.9 21 -0.9 -0.9 -0.9 -0.9 -0.9 -0.9 -0.9 0.9 -0.9 -0.9 -0.9 -0.9 -0.9 -0.9 -0.9 -0.9 -0.9 -0.9 -0.9 -0.9 35 47.5 60 62.4 55.7 54.1 55.3 52.9 46.6 40.9 37.2 37 43.6 82.9 88.9 85.6 90.6 94 89.1 80.8 73.4 69.2 68.7 70.8 71.2 69.4 67.5 64.1 61.3 55.1 50 47.9 45.1 47.2 50.7 53.3 43.9 -0.9 -0.9 -0.9 -0.9 -0.9
-0.9 -0.9 -0.9 -0.9 -0.9 -0.9 -0.9 -0.9 -0.9 -0.9 -0.9 -0.9 -0.9 -0.9 -0.9 -0.9 -0.9 -0.9 -0.9 -0.9 -0.9 39.7 -0.9 -0.9 -0.9 -0.9 -0.9 -0.9 -0.9 34.1 -0.9 -0.9 -0.9 -0.9 -0.9 -0.9 -0.9 -0.9 -0.9 -0.9 -0.9 -0.9 26.3 39.4 54.1 59.6 53.1 51.8 53.2 50.1 43.3 39.3 35.6 37.4 48 85.9 95.2 95.7 98.2 99.5 98 90.4 77.3 76.2 75.8 74.3 74.9 73.3 70.5 65.6 60.5 53.1 50.5 49.1 48.7 53.5 56.9 53.1 -0.9 -0.9 -0.9 -0.9 -0.9 -0.9
-0.9 -0.9 -0.9 -0.9 -0.9 -0.9 -0.9 -0.9 -0.9 -0.9 -0.9 -0.9 -0.9 13.8 -0.9 -0.9 -0.9 -0.9 -0.9 -0.9 -0.9 55.5 -0.9 -0.9 -0.9 -0.9 -0.9 -0.9 46.1 54.1 37.5 -0.9 -0.9 -0.9 -0.9 -0.9 -0.9 -0.9 -0.9 -0.9 -0.9 -0.9 -0.9 31.7 51.4 55 51.5 47.6 48.4 42.1 36.6 34.5 32.5 38.2 50.6 83.9 99.5 103.3 104.8 106.7 105.3 101.2 85.4 82.8 83.5 78.4 78.4 77.9 75.5 69.3 60.9 54.9 52.5 51.6 52.8 56.8 59.4 53.3 -0.9 -0.9 -0.9 -0.9 -0.9 -0.9
-0.9 -0.9 -0.9 -0.9 -0.9 -0.9 -0.9 -0.9 -0.9 -0.9 -0.9 -0.9 -0.9 19.2 -0.9 -0.9 -0.9 -0.9 -0.9 -0.9 50.7 64.2 -0.9 -0.9 -0.9 -0.9 58.5 67.8 62.5 64.9 49.3 -0.9 -0.9 -0.9 -0.9 -0.9 -0.9 -0.9 -0.9 -0.9 -0.9 -0.9 -0.9 22.7 46.6 49.5 47.1 44.1 42.5 35.2 30 28.7 30.3 36.9 47 73.5 99.3 109.1 110.4 113.4 113.7 109.4 93.3 89.6 88.5 84.1 85.4 85.6 81.1 72.4 64.1 59 56.3 56.6 57.1 60.2 63.9 59 -0.9 -0.9 -0.9 -0.9 -0.9 -0.9
-0.9 -0.9 -0.9 -0.9 -0.9 -0.9 -0.9 -0.9 -0.9 -0.9 -0.9 12.7 15.5 27 27.1 -0.9 -0.9 -0.9 -0.9 50.2 63.4 68.3 76.7 -0.9 -0.9 -0.9 73.4 69.3 67.1 63.2 50 -0.9 -0.9 -0.9 -0.9 -0.9 -0.9 -0.9 -0.9 -0.9 -0.9 -0.9 -0.9 -0.9 38.2 42.9 42.1 40.2 37.7 30.7 24.1 25.3 28.5 34.8 46 77.7 95.8 107.3 110.5 117.8 119.6 115.1 102 101.7 94.4 90.9 92.6 90.7 85.8 76.8 67.7 64.1 61 59.9 60.2 61.2 68.2 62 38.8 -0.9 -0.9 -0.9 -0.9 -0.9
-0.9 -0.9 -0.9 -0.9 -0.9 -0.9 -0.9 -0.9 9.4 9.3 12.1 11.7 15.5 26.6 -0.9 -0.9 -0.9 19.3 41.4 52.9 58.9 68.8 80.5 91.7 96 66.2 74.4 69.5 72.4 65.7 51.4 -0.9 -0.9 -0.9 -0.9 -0.9 -0.9 -0.9 -0.9 -0.9 -0.9 -0.9 -0.9 -0.9 27.8 39.2 37.4 35.1 31.6 24 23.2 25.2 28.4 32.8 48.2 89.1 100.9 105.7 108.4 116.9 121.3 119.3 111.4 112.3 106.9 100.1 104.7 100.3 89.4 80.5 72.6 68.2 64.2 63.4 64 63.4 69.6 65.8 53 -0.9 -0.9 -0.9 -0.9 -0.9
-0.9 -0.9 -0.9 -0.9 -0.9 -0.9 -0.9 -0.9 7.7 6.7 7 11.3 24.6 29.9 -0.9 -0.9 -0.9 16.7 41 47.1 51.6 68.8 78.6 84.6 93.5 82.6 73.6 69.1 72.6 70.7 45.8 -0.9 -0.9 -0.9 -0.9 -0.9 -0.9 -0.9 -0.9 -0.9 -0.9 -0.9 -0.9 -0.9 22.3 35 32.4 29.8 27.2 21.6 25.7 27.5 31.9 34.8 64.3 87.9 100.9 103.4 108.4 117.5 123.2 118.4 116.5 119.5 110.7 109.4 114.8 111.4 96.7 87.2 78.7 74.7 68.4 65.6 68 66.6 66.4 67.1 54 -0.9 -0.9 -0.9 -0.9 -0.9
-0.9 -0.9 -0.9 -0.9 -0.9 -0.9 -0.9 -0.9 2.7 5.1 6.7 10.7 22.9 35.9 -0.9 -0.9 -0.9 11.8 27.1 43 48 57.9 66 71.5 85.2 78.2 71.1 65.5 70.9 68.9 47 26.8 -0.9 -0.9 -0.9 -0.9 -0.9 -0.9 -0.9 -0.9 -0.9 -0.9 -0.9 -0.9 23.6 30.4 27.4 23.7 18.2 23 32 35.7 36 43.1 69.9 90.9 102.1 101.9 110.8 120.8 119.5 117 118.5 118.6 113.7 121.6 122.6 119.8 103.8 94.7 83.8 80 70.7 67.7 70.1 68.8 63.8 62.6 -0.9 -0.9 -0.9 -0.9 -0.9 -0.9
44.2 -0.9 -0.9 -0.9 -0.9 -0.9 -0.9 -0.9 6 5 5.2 11.7 37.6 44.8 -0.9 -0.9 -0.9 9.6 17.4 30.5 40.5 46.3 55.6 63.4 78.7 71.1 62.3 59 65.8 58 40.5 -0.9 -0.9 -0.9 -0.9 -0.9 -0.9 -0.9 -0.9 -0.9 -0.9 -0.9 -0.9 -0.9 25.5 28.1 20.1 14.8 23.4 29.7 40.3 44.6 42.1 50.4 75.3 90.6 103.8 102.7 109.1 113.5 113.1 114.2 117.8 123 121.1 125.9 129 124.6 109 99.7 88.4 84.4 71.9 69.1 73.3 68.4 50.4 35.1 -0.9 -0.9 -0.9 -0.9 -0.9 -0.9
48.7 37.7 -0.9 -0.9 -0.9 -0.9 -0.9 -0.9 10.3 6.2 9.1 31.4 48.1 45.6 -0.9 -0.9 -0.9 6.5 22.1 42.8 43.7 44 57.3 62.8 74.5 65.5 58.3 55.9 63.2 55.5 35.3 -0.9 -0.9 -0.9 -0.9 -0.9 -0.9 14.3 -0.9 -0.9 -0.9 -0.9 -0.9 -0.9 21.1 19.9 14.5 12.6 32.8 39.7 45.8 49.5 48.7 55.9 82.9 97.5 103.6 102.8 107.7 108.6 111.5 115 118.6 122.5 125.1 125.6 126.2 122.8 112.5 101.9 92.4 82.6 73.6 70.3 69.3 60.7 47.6 24.1 -0.9 -0.9 -0.9 -0.9 -0.9 -0.9
53.6 42.9 -0.9 22.8 15.3 13.1 13.7 9.3 11.9 14.7 28.6 40.9 49.4 38.8 -0.9 -0.9 -0.9 16.1 23.6 49.1 53 51.8 62.8 67.2 70 61.3 56.7 54.5 55 48.5 27.2 -0.9 -0.9 -0.9 -0.9 23.2 37.8 25.7 -0.9 -0.9 -0.9 -0.9 -0.9 -0.9 -0.9 -0.9 1.7 15.8 38.4 44.9 49.9 52 52.8 64.8 86 103.6 104 101.1 103.8 106.6 115.1 114.8 117.9 121.6 125.4 121.8 119.3 114 106 98.7 91.1 82.8 76.1 69.4 61.1 50.8 45.9 31 -0.9 -0.9 -0.9 -0.9 -0.9 -0.9
60.3 45.4 37.1 25.8 21.8 24.1 21.9 15 16.6 23.2 40.6 49.7 49.5 35.4 27.6 44.5 33.6 28.7 40.6 60 65.8 59.3 67.4 72.1 68.6 59.9 56.3 57.3 51.6 38.3 21.4 -0.9 -0.9 -0.9 -0.9 39.8 43.8 32.7 -0.9 -0.9 -0.9 -0.9 -0.9 -0.9 -0.9 -0.9 -0.9 14.5 39.3 45.2 54 51.4 53.4 70.5 87.3 99.1 98 95.8 96.2 109.7 115.8 112.7 114.5 116.6 114.3 113.2 107.9 101 95.9 96.4 94 80.9 75.7 66.4 57.6 45.6 31.7 -0.9 -0.9 -0.9 -0.9 -0.9 -0.9 -0.9
64.9 55.4 45.2 31.3 27.4 27.1 22.8 15.2 23.9 33.7 43.9 50.4 41.5 44.6 42.5 51.4 47.9 47.5 56.2 74.7 75.3 77.1 71.3 73.7 67.5 57.2 56.5 63.2 51.9 40 17.4 3.8 3.3 16.7 28.5 42.5 49.4 37.4 -0.9 -0.9 -0.9 -0.9 -0.9 -0.9 -0.9 -0.9 -0.9 -0.9 38.1 42.7 49.9 48.7 51.4 74.8 86.6 94.1 94 92.2 94.5 109.1 107.8 108.3 104.9 98.2 99 101.1 100.7 98.6 93.5 90.9 91.7 75.9 69 60.7 50 40.2 -0.9 -0.9 -0.9 -0.9 -0.9 -0.9 -0.9 -0.9
65.7 59.5 49.4 40.7 35 31.5 25.3 23.4 27 39.8 55.1 46.9 42.3 51.6 54.3 57.9 56.1 67.2 83.8 83.6 79.6 84.2 79.6 74.6 65.1 58.3 57.7 62.1 47.5 32.9 8.2 18.3 27.1 37 45.1 51.2 52.3 41.5 29.9 19.5 26.4 20.6 23.7 -0.9 -0.9 -0.9 -0.9 -0.9 34.5 39.3 43.1 44.9 52 70.3 84.3 88.5 91.5 90.7 93.3 102.4 98.4 99.3 96 92 91.7 92.1 93.9 98.5 96.4 87 86.9 71.2 60.1 48.2 39 30.5 -0.9 -0.9 -0.9 -0.9 -0.9 -0.9 -0.9 -0.9
67.3 61.5 53.5 44.3 39.7 35.2 23.6 29.6 31.9 49 56.4 60.5 69.7 68.4 61.6 69.3 74.1 83.6 93.8 89.1 85.4 85.4 84.5 75.6 63.4 57.9 59.5 57.8 40.2 26.5 8.6 20.8 33.9 59.6 58.8 56.7 52.9 42.8 37.7 29.1 36.2 34.1 33.9 -0.9 -0.9 -0.9 -0.9 -0.9 22.7 35.2 38.5 38.6 50.6 62.2 75.6 81.9 87.7 82.8 92.3 91.1 88.3 90.6 90.9 87.1 85.1 85.2 93.1 100.5 96.9 87 78.8 68.6 56.8 44 28 -0.9 -0.9 -0.9 -0.9 -0.9 -0.9 -0.9 -0.9 -0.9
70 63.5 56.2 46.5 40.9 33.1 24.7 38.7 39 45.6 58.8 65.8 74.4 84.4 75.6 76.6 88.3 94.6 95.5 90 94.6 90.6 83.8 73 65.6 64.6 63.8 52.8 37.8 22.3 12.9 23.2 42.4 71.8 64.8 58.9 52.1 45.5 37.8 34.8 43.1 36.3 28.3 -0.9 -0.9 -0.9 -0.9 -0.9 -0.9 25.9 25.1 33.2 50.3 56.2 66 76.3 80.1 74.8 81.4 76.5 77.2 80.6 83.5 78 76.6 84.2 97.5 100.7 94.5 87 82.5 71.1 60 44.8 23.4 -0.9 -0.9 -0.9 -0.9 -0.9 -0.9 -0.9 -0.9 -0.9
70.8 64 53 45.8 40.3 29.8 36.2 38.3 40 46.6 56.7 65.9 79.7 89.7 85.3 85.9 94.5 98.1 95.4 92.3 101.5 93.8 82.5 72.6 64.9 61.4 57.9 43 36.3 17.8 13.5 31.1 51 75.5 63.6 56.8 52.3 46.2 42.6 40.1 40.1 33.8 21.1 -0.9 -0.9 -0.9 -0.9 -0.9 -0.9 14.9 18.7 32.6 49.6 53.5 59.4 69.5 71.6 68.6 70.5 63.8 66.4 68.1 72.3 68.4 68.5 85.9 96.1 98.3 93.9 89.4 83.9 72.9 61.6 46.7 30.4 -0.9 -0.9 -0.9 -0.9 -0.9 -0.9 -0.9 -0.9 -0.9
70.1 61.8 50.7 42.5 36.8 36 37.1 38.8 42 45.4 55.5 61 79.1 88.8 90.8 93.1 92.8 93.6 92.6 94.4 101.6 90.6 77 68.8 63.1 56 46.6 38.5 28.3 15.8 25.3 47.6 56.7 78.3 62.9 56.4 52.9 47.4 43.7 41 41.5 29.1 17.3 -0.9 -0.9 -0.9 -0.9 -0.9 -0.9 -0.9 13.4 26.1 45.9 48.9 54 62.3 62.9 61.2 58.3 54.1 54.8 55.5 58.3 59.3 66 82.9 89.5 90.7 91.6 85.5 74.6 65.3 58 49.5 20.6 -0.9 -0.9 -0.9 -0.9 -0.9 -0.9 -0.9 -0.9 -0.9
69.5 60.5 51.2 45.5 42.8 46.5 39.4 46 44.4 53.3 56.2 60.3 72.7 86.3 96 96.5 94.3 91.2 90.8 97.2 96 82 74.1 66 62.5 53.3 40.6 35.5 27.3 16.2 34.1 50.6 63.1 73.4 61.9 56.3 51.4 47.3 44.9 40.1 37 25.1 14.2 -0.9 -0.9 -0.9 -0.9 -0.9 -0.9 -0.9 9.1 20.1 40 42.6 47 55 55.1 52.6 48.1 45.2 43.6 45.7 49.1 54.6 63.5 77 78.9 82.9 80.8 70.2 63.1 60.1 57.7 52 27.5 -0.9 -0.9 -0.9 -0.9 -0.9 -0.9 -0.9 -0.9 -0.9
67.8 58.7 51.3 49.6 52.4 48.3 44.9 49.3 48.7 55.8 58.9 65 84.5 95.5 98.3 101 95.5 93.4 93.5 97.2 91.1 77.7 70.8 64.6 58.3 47 38.3 33.6 30.4 19 39.4 51 59.7 64.1 57.1 54 49.5 47.7 42.8 34.3 31.5 23.4 8.2 -0.9 -0.9 -0.9 -0.9 -0.9 -0.9 -0.9 -0.9 16.7 32.1 36.4 40.2 46.1 46.1 43 39.5 38.1 41.5 43.1 42.5 49 61.7 67.7 71.5 72.2 67.6 61.5 58.2 55.9 54.4 51.4 46.2 26.6 -0.9 -0.9 4.1 -0.9 -0.9 -0.9 -0.9 -0.9
65.6 56.5 50.1 53.6 57.5 47.9 48.2 53.8 56.3 57.3 65.6 73 104.7 106 102.5 103.4 98.1 98.6 96.1 94.3 83.8 76.7 68.2 58.6 50.5 43.9 35.8 31.3 21.3 21.9 34.6 48.7 53.9 54.9 53.4 52.3 48.5 45.4 37.3 31.3 25.8 18.4 9.4 -0.9 -0.9 -0.9 -0.9 -0.9 -0.9 -0.9 -0.9 16.1 22.3 29.9 34.6 38.1 39.5 35.9 33.1 35.5 38.9 39 34.7 41.9 49.2 56 59.7 60.3 58.8 57 53.8 51.6 51.6 52 68.9 56.8 45.9 -0.9 -0.9 -0.9 -0.9 -0.9 -0.9 -0.9
61.6 54.7 53.7 55.9 55 52 52.9 55.9 61.2 64 70.3 96.5 112.7 113.1 107.7 105.2 105.5 101.5 95.7 90.2 82.1 75.9 67.8 53.6 45.8 38 32.1 27.1 24.2 26.6 30.4 42.5 44.3 47.8 50.4 47.3 46.2 41.1 33.3 27.8 22.4 17.4 1 -0.3 -0.9 -0.9 -0.9 -0.9 -0.9 -0.9 0.9 14.4 18.5 25.9 28.7 32.5 31.9 28.6 29.1 29.1 31.6 29.8 29.4 36.5 45.1 48.3 53.2 53.7 53.2 52.2 51.6 51.6 51.6 54.1 72.2 70.7 70.6 65.5 -0.9 -0.9 -0.9 -0.9 -0.9 -0.9
60.7 58.3 60.2 55.4 53 56.4 57.2 62.2 75.7 78.8 80 105.9 111.2 113.3 114.4 108.4 114.9 106.3 91.7 84 79.8 75 64.2 51.7 42 33 28.7 25.3 27.9 30.1 30.1 33.8 32.8 39.6 42.8 41.3 41.4 34.8 28.7 23.1 17.5 11.2 -0.9 -0.9 -0.5 -0.9 -0.9 -0.9 0.2 1.1 4.3 7.1 12.8 19.9 21.5 21.6 25.5 24.6 22.3 23 23.6 23.6 30.2 40.5 47.8 51.6 51.5 51.6 51.6 51.6 51.6 51.6 51.6 56.2 68 65.7 58.4 57.7 -0.9 -0.9 -0.9 -0.9 -0.9 -0.9
63.8 63.1 61.8 57.8 61.3 62.9 72.4 85.6 100.9 101.7 95.9 97.5 104.4 113.4 114.2 114.6 116.8 104.2 91.6 86.6 80.6 73.9 59.3 48.6 36.5 30.1 26.8 28.4 30.5 32.8 32.5 31.8 31.6 31.8 33.5 33.8 33.3 29.5 25.1 18.6 12.7 7.6 -0.9 0.2 0.4 0.4 0.6 1.9 3.4 2.6 3.3 4.6 6.9 13.5 14.8 16.3 18.7 19 19.4 19.4 20.6 23.9 33.7 43.2 53.8 55.3 54.2 51.7 51.5 51.6 51.6 51.6 51.6 54.6 61 63.1 52.5 46.3 -0.9 -0.9 -0.9 -0.9 -0.9 -0.9
70.5 67 66.7 66.6 70.8 81 90.9 103.7 113.6 115.6 109.5 100.1 101.5 108.7 113.5 115 108.8 97.9 90 86.6 80.3 70.6 62.3 47.1 34.7 29 27.7 29.9 33.3 34.7 41.1 32.7 31.6 31.6 30.7 28.7 22.4 20.9 17.7 14 9.8 5.7 -0.9 3.8 7 8.1 8.1 8.8 7.1 4 4.5 5.5 6.3 8.9 11.5 13.6 15.2 15.8 16.4 17.4 18.7 24.8 37.7 47 61.9 62.4 60.8 53.3 54.1 57.1 58.4 58 55.4 51.3 53.1 54.1 42.8 38.5 -0.9 -0.9 -0.9 -0.9 -0.9 -0.9
73 75 73.6 77.5 84.2 96 101.2 109.7 115.5 121.4 110 101.4 100.1 100.4 108.9 108.7 100.8 93.3 86.8 81.9 76.7 71.2 57.1 43.5 33.5 32.1 31 33.4 35.7 38.9 43.2 32.4 31 32.7 33.8 28 18.1 14.1 10.6 7.5 7.1 2.7 2.7 5.2 9.2 11.7 12.3 13.2 12.1 7.5 5.8 6.2 6.9 7.6 9.1 10.5 12.3 13.9 15.2 16.2 20.1 29.8 41.8 51.7 69.1 66.5 68.2 56.1 57 63 64.9 65.2 63.2 53.4 44.8 41.7 33.1 31.3 23.9 -0.9 -0.9 -0.9 -0.9 -0.9
79.7 83.8 87.4 89.8 98 108.2 109.5 113.3 120.2 119.8 110 105.1 100.9 100.6 105.7 101.2 93.7 87.7 83 79 72.8 67.2 52.3 36.3 38.8 36.4 35.8 38.2 42.1 51.6 44.9 36.1 33 33.4 35.6 20.2 15.8 8.2 4 2.7 2.7 2.7 2.7 5.1 10.3 15 16.7 15.9 15.2 10.9 7.9 6.9 8 8.1 8.7 9.7 11.1 12.4 13.5 16.5 24.7 34.8 43.5 54.1 65 67.7 68.4 58.7 60.8 68.3 71 70.1 67.7 56.6 46 32.5 24.4 -0.9 -0.9 -0.9 -0.9 -0.9 -0.9 -0.9
88.2 92.8 95.2 97.4 105.1 116.8 115.2 118.9 123.8 122 116.7 117.6 109.1 112.3 110.7 98.5 87.8 83.1 78.8 75.6 69.5 60.7 48.3 41.6 41.2 42.1 46.4 46 55.1 61.9 52.7 37.1 35 31.8 26.9 15 9.5 6.2 3.3 2.7 2.7 2.7 2.7 4.7 11.7 18.9 20.4 19.6 18.5 15 11.4 10.3 8.6 8.4 8.9 10.3 10.9 12 12.6 16.2 27.2 37.3 47.4 62.6 66.7 68.8 68.5 61.4 65.2 72.1 74.4 72.7 68.2 58.1 47.5 36.1 20.1 -0.9 -0.9 -0.9 -0.9 -0.9 -0.9 -0.9
94.7 99.8 102.4 101.7 113.2 121.8 121 128.3 131 126.1 124.9 127.9 115.9 122.3 111 95.7 87.9 80.9 77 71.7 64.5 57.8 42 49 49.9 49.4 54.7 52.2 58.1 66.1 51.8 41.3 36.8 28.7 20.4 13.8 7.6 6 4.5 2.7 2.7 2.7 2.7 4.5 12.3 22.1 25 23.2 22.6 18.9 17.3 15.5 13.2 10.6 10.2 10.6 11.1 11.8 12.6 18.3 27.6 39.1 54.9 68 72.1 72.6 69.5 64.8 68.6 77.4 77.2 76.9 68.4 58.8 47.7 40.6 30.7 -0.9 -0.9 -0.9 -0.9 -0.9 -0.9 -0.9
98.3 103.4 105.2 107 114.3 124.1 125.6 132.8 132.7 128.3 126.1 125.5 125.6 125.6 107 94.2 86.6 81.9 75.8 68.7 59.5 46.9 50.3 55.1 56.7 59.2 60.2 61.4 63.7 63.9 51.7 43.3 34.2 25.7 15.2 10.9 8.3 9.5 7.3 2.7 2.7 2.7 2.7 2.7 10.6 23.6 30 27.3 25.9 23.9 21 18.5 16 13.4 12.3 11.9 11.4 12 14 18.8 27.8 43.3 60.7 74.9 75.2 69.3 68 67.8 72.5 81.6 77 75 67.4 57.7 48.4 44.3 34.8 -0.9 -0.9 -0.9 -0.9 -0.9 -0.9 -0.9
105 106.7 108.6 109.9 115.6 123.9 128.7 132.3 130.5 126.9 126.5 124.6 128.3 120.8 105.2 94.4 86.6 82.1 75.1 66.2 55.4 49.2 56.6 59.7 63.5 67.8 67.6 68.3 67.8 63.6 47.9 39.8 31.9 20.6 12.8 10.5 12.2 14 11.3 3.8 2.7 2.7 2.7 2.7 6.8 19.1 27.6 29.1 29.1 25.7 23.6 21.6 17.8 16.1 15 14.4 12.2 14.2 14.8 19.3 29.8 48.3 68.1 78.5 73.3 68.5 68.1 71.3 76.2 81.9 77.4 72.7 68.3 58.1 48.5 46.7 40.4 32 -0.9 -0.9 -0.9 -0.9 -0.9 -0.9
