UK/data/nn/nn31_OST50GRID_20230518/NN31.asc
ncols 200
nrows 200
xllcorner 230000
yllcorner 710000
cellsize 50
[rows 36 to 71 of 200, columns 0 to 80 of 200]
295.7 306.9 309.5 314.1 329.7 347.7 354.2 362.6 373.2 386.4 380.1 388.4 389.3 384.6 387.5 374.9 356.3 343.7 323.3 310.9 286.2 255.6 227.5 208.8 181.9 145.2 118.1 100.3 83.6 62.6 47.5 36.7 27.5 28 24.7 17.5 12.3 9.6 8.2 9.4 10.1 9.3 7.2 22.7 46 74.1 95.8 115.2 140 166.4 187.8 210.9 236.6 257.4 284.6 284.1 284.7 290.7 296.2 298.9 297.2 307.5 315.5 316.5 323.6 327.5 342.9 345 343.7 344.6 355 376.1 387.8 396.1 419.3 418.1 428.3 427.2 431 426.5 418.2
300.8 309.5 316.7 330.2 346.2 364 379.7 389.2 388.1 391.8 389.2 386.2 386.9 372.9 370.6 359.5 352.8 328.8 313.2 306 274.7 241.2 217.4 204.9 180.5 146.1 117.4 105.1 86.1 63.5 45.9 33.1 27.8 27.7 24.8 20.1 12.9 8.5 8.5 9.6 10.9 9 7.2 16.9 43.9 70.1 95.1 118.2 137.8 163.4 191 213.1 234.9 253.9 281.4 294.1 293 290.3 299.8 303.2 303 302.7 309 313.4 317.1 322.8 331.9 337.7 334.1 338.5 346.6 363.6 378.1 385.6 405.5 405.1 421 417.2 414.5 411.2 413
308.8 318.9 329.9 343.4 360.7 373.6 389.2 406.2 412.4 413.7 402.1 403.9 392.6 377.8 366 341.6 329.9 314.7 303.9 289.6 250.3 227 207.9 196.4 173.7 147.6 119.6 105 86.2 62.5 45.1 32.1 25.2 26.6 24.3 17.2 12.9 8.9 8.8 9.4 8.6 9 9.6 20.7 46.5 72.3 97.3 121.6 144.5 162.6 191.1 210.1 230.3 250.3 277.3 293.1 298.2 300.7 302.7 307.2 308.2 303.4 311.8 311.4 314.7 317.5 323.3 330.2 330.7 333.7 338.7 352.6 365.3 378.7 388.9 390.2 403.6 402.9 399.9 402.9 398.3
321.8 330.3 342.4 355 372.7 382.9 400.7 421.1 432.3 424.6 412.3 405 395.4 385.4 358.4 346.1 323.3 303.2 288.7 254.1 234.3 212.7 198.8 187 165.2 145.6 123.4 102.7 82.1 59.4 42.9 25.2 24.9 25.5 19.2 12.6 8.7 8.9 8.7 9 9.3 8.2 9.9 19.4 42.2 68.9 90.2 119.5 145 168.4 190.8 214.1 232.3 255.3 266.9 285.7 301.6 306.5 308.7 310.7 313.7 311.6 304.6 316.6 318.2 316 323.2 326.5 334.7 332.4 333.8 342.4 351.6 360.1 375.2 379.1 382.1 389.6 400 389.6 391.2
341 344.5 355.4 367.1 383.6 397 410.2 431.5 446 438.4 423.2 403.3 390.5 382.4 356.8 328.1 318.1 310.8 279.5 240.9 221.2 201.2 190.2 171.7 153.6 140.7 125.7 105.7 80.7 52.8 45 26.1 25 19.2 14.9 11.3 8.7 8.8 8.3 8.6 8.9 7.2 9 17 46.5 69.9 90.7 117.9 144.4 169.3 188.6 211.6 233.9 258.7 270.7 287.2 304.9 308.8 312.1 317.1 318.7 316.3 310.6 315.9 314.6 317.3 320.6 323.8 329.1 333.7 335.8 337.7 342.7 350.2 358.5 366.3 369.5 378.1 383.4 377.9 384
352.8 357.1 369.4 384.7 391.4 403.3 421.8 435.1 448.4 447.5 412.1 393.8 390.1 376.2 357.7 329 312.3 304.7 275.2 242 216 191.8 176.1 157.4 144.5 136.7 122.3 102.7 75 52.9 43.1 25.3 25.4 14.9 12.1 9.6 9 8.5 8.2 8.3 8.6 7.2 10.4 22.5 50.4 74.8 98.7 126 153.7 169.9 192.1 211.9 232.2 257.2 270.9 288.5 303.6 309.7 314.5 320 323.6 322.6 319.7 310.4 314.6 323.8 325.1 325.6 329 333.6 336.9 338.3 341.6 342.9 350.6 357.8 359.3 364.1 372 376.1 378.2
365 376.1 386.8 385.7 403.6 407 420 434.8 434.4 416.4 394 393.2 378.2 373.2 353.9 332.5 317 298.9 265.4 239.1 215.6 191.3 171.1 156.3 142.5 134.3 119.9 95.6 68.9 49.3 40.1 30.3 25.7 14.7 8.7 7.6 7.3 7.2 8.4 8.5 9 7.2 9 31.2 49.9 73.8 98.5 127.6 148.6 172.9 191.9 211.8 228 251.5 274.1 291.1 306.7 314.8 322.3 329.7 329.5 327.2 326.5 323.4 319 322.6 327 330.7 330.9 335.4 337.4 336 337.4 342.3 344.1 346 351.6 357.3 363.5 374.8 373.2
380.2 384.2 392.6 396.3 400.6 408.7 426.9 438 432.5 411.4 406.3 392.8 380.3 378.8 351.9 335.8 317.5 299 267.6 237.2 212.1 189.7 175.3 158.7 143.1 131.4 110.8 88.5 61.6 45.5 34.9 29.6 20.4 13.8 8.2 8.8 9.6 8.3 8.8 8.7 8.7 7.2 8.6 23.2 45.5 68 96.1 130.2 151.3 172.1 194.6 209.9 229.2 248.9 271 290.3 312.6 322.1 329.6 328.2 337.8 334.2 334.1 329.5 326.3 323.8 328.6 330.5 331.5 334.3 337.9 346.2 342.8 340.7 340.2 342.5 345.7 347.4 360.9 369.6 381.2
404.3 401.4 405.2 409 407.9 413.1 430.7 443.8 445.3 422.8 410.9 391.1 384.1 380.9 363.4 340.7 323.8 297.9 263.8 232.2 213.5 194.1 172.2 158.2 149.3 135.2 105.9 77.8 51.6 40.8 33.1 28.9 16.3 12 7.3 9.4 8.9 7.2 7.2 7.2 9 7.2 8.3 24.4 44.2 64 90.7 128.7 152.8 172.6 189.6 205.6 222.1 246.6 271.9 295.8 325.2 335.5 341.7 339.4 341.9 339.5 337.9 334.9 330.6 329.9 325.5 333.4 333.9 333.7 334 338.2 343 338.7 341.3 345 347.6 349.9 359.2 370.3 387.7
410 405.7 409 419.9 413.4 420.6 424.9 441.4 447.7 424 409.7 389.7 387.3 375.3 364.1 347.5 324.4 299.9 269.8 238.4 218.6 194.5 171.5 156.7 150.3 134.2 105.2 72.9 51.6 37.5 34 29.7 20.4 11.5 7.3 8.6 7.2 8.5 10.3 8.5 7.2 7.2 7.8 17.8 40.4 65.7 93.8 125 152 171.3 184.6 203.7 220.8 246.2 277 306.1 332.7 339.5 352 353.7 346.9 348.7 344.7 341.9 338.8 340.2 333.3 327.3 329.7 333.1 340.3 334 335.6 338.3 341.4 345.8 354.2 353.6 362.2 372.8 383.1
414.9 418.7 412.4 420.2 421.9 422.8 423.5 430.1 428.8 416.6 406.1 396.7 394.5 380.6 369.8 358.2 340.4 314 280.1 242 216.5 193.9 171.4 152.5 141.8 130.4 103.8 72.6 47.5 38.1 31.9 27.4 23.5 10.6 8.2 7.2 8.6 10.4 11.5 12.6 9.2 7.7 9 9.9 42.1 62.1 88.8 119.2 146.6 167.1 180.4 197.5 213.8 239.7 276.1 309.4 329.7 347.1 356.8 359.7 359.6 352.8 352 348.8 344.9 345.5 339.3 334.9 334.6 343 340.7 336.6 345.8 341.4 344.9 346.5 354.8 357.4 361.9 367.6 379.5
419.7 417.5 420.5 422.9 424.8 427.4 430.8 434 430.5 429.8 424.7 409.9 398.2 391.5 378.7 363 347.3 327.1 295.8 252.2 219.6 196.7 170.7 150.6 139.2 128.5 103.4 72.4 43.7 38.8 36.4 24.4 15.5 9.9 7.7 7.2 11.1 14.4 14.9 14.3 13 9.9 9.6 9.5 39.1 54.2 76.8 106.6 135.5 161.1 176.7 194 214.9 236.7 270.4 301.2 325.4 350.8 360.8 365 365.9 362.2 358 357.6 351.8 349 345.3 339.5 339 338.4 343.4 340.7 339.8 345.4 344.2 353.1 354.9 356.1 357.8 364.3 377.3
425.7 422.4 425.1 430 429.5 435.6 437.1 435.1 440.1 438.4 425.7 418.6 410.2 402.6 389.3 371.6 342.3 316.1 285.2 251.8 226.1 202.4 177.9 155.4 138.5 123.4 102.4 65.8 40.3 24.9 21 17.6 12.6 11.4 7.6 8.5 13.8 16.5 17.5 21.2 22.4 11 10.3 11.6 34.2 51.3 68.3 101.8 126.5 151.2 172.2 189.3 208.3 236.4 276.4 296.6 316.2 339.7 362.4 369.7 367.6 371.4 364.9 362.4 356.8 353.6 352 348.6 345 338.5 342.6 341.3 339.6 341.1 343.3 354.1 354.2 355.6 356.1 358.6 371.6
435.6 430.9 433.1 429.4 432.2 437.7 443.5 436.9 438.9 442.1 435.7 431.7 414.9 406.5 398.9 384.6 360.3 322.8 287.2 255 234.7 210.6 181.8 157.5 137.4 116.9 101.9 67.7 35.1 33.2 20.2 12.8 11.1 10.8 7.9 8.5 13.1 14.8 17.6 22.6 28 22.1 14.1 19.4 31.8 49.3 70.6 92.5 121.1 142 165.6 181.4 203.7 232.2 277.6 303.1 314.2 325.4 352.1 375.6 377.8 377.1 373.9 369.5 367.2 361.8 353.9 351 351.8 343.9 342.2 342.2 342.7 340.8 347.2 346.5 348.6 350.8 354.5 358.5 366.4
442.5 435.2 435.2 432.8 431.1 441.1 442.3 438.6 449 446 435.5 429.2 421 406.7 406.6 386.3 358.7 335 305.6 265.5 243.6 209.9 182.9 154.7 137.9 110.1 94.3 63.5 36.1 31.5 19 20.9 11.2 10.3 7.7 7.2 12.2 13.7 17.9 23.1 28.8 29.3 21.5 23 37.5 50.5 66 84.2 109.7 135.2 157.9 172.4 202.2 231.1 264.9 296.5 314.4 324 338.5 368.6 379.8 387.4 386.1 377.3 377.9 372.4 362.2 354.6 354.3 347.7 347.3 344.9 343.8 343.5 344.5 345.1 346.3 351.3 354.1 357.3 364
439.9 437.1 440.1 438.2 438.9 439.1 442 442.5 455.9 442.9 434.5 422 407.5 400.6 398.6 389.7 366 338.6 301 256.4 232.6 209.1 173 150.2 125.1 103.1 87.9 55.5 31.1 20.1 15 11 11 9.6 7.7 7.2 9.3 12.2 18.7 26.9 32.8 37.6 31.6 29.7 39.3 51.8 68 86 103 120.1 140.2 166.3 194.6 223.5 251.8 283.6 305.4 323.9 331.3 351.8 379.4 388.8 394.4 385.9 384.9 380.1 369 365 356.4 352 350.3 346.2 343.1 342 343.2 347.2 348.8 351.1 352.8 354.5 360.8
443.3 441.4 444.3 443.8 442.9 440.9 443.2 451.8 448.5 439.8 436.5 429 415.8 400.6 386.1 379.5 367.2 341.8 299.3 248.8 224.5 196.4 163 139.4 114.7 90.7 70.2 49.5 32.1 23.1 16.2 10.6 9.7 9.2 8.1 7.2 9.8 12.5 20.1 27.7 38 47 42.7 37.2 42.1 57.1 75.4 85.1 101.8 120.8 139.9 166.3 193 221.1 249.5 276 296.7 315.9 330.8 344.7 369.7 393.5 397.4 391.4 390.4 386 379 370.1 361.2 354.5 353.2 353.1 347.2 349.6 342.3 349.4 354.5 357.6 356.7 356.4 358.6
451 450.3 451.2 450.2 445.4 444.1 445.2 457.9 452.4 442.9 439.5 428.8 416.8 403.4 385.3 373 356.6 337.1 286 239 213.1 186 159.5 133.8 110.9 82.3 60.3 41.1 32.1 25.6 17.5 10.6 9.6 9.6 9.5 7.2 10.3 11.4 18.8 32.9 48.9 55.8 53.1 44.9 43.4 61.5 75.5 89.5 99.4 115.9 139.3 167.5 194 232.4 250.8 282.4 296.2 318.9 324.1 341.5 361.5 392.4 395.8 398.1 395.2 393 387.5 377.8 370.2 360 354.3 355.4 354.9 353.1 349.6 346.3 354.1 359.5 362.3 358.5 358.8
465.2 466.7 459.2 455.4 450.6 452 452.8 453.9 450.8 446 428 427.3 414.9 397.3 380.7 353.3 344.6 316.8 273.6 230.7 198.2 170 150.4 128.7 97.9 69.6 54.1 40.2 28 19.9 13.9 10.2 9.5 8.9 8.4 7.2 9 15 25.4 44.4 60.2 60.5 62.2 49.5 49.7 67 83 89.1 97.2 117.3 140.9 163.7 195 231.3 249.3 277.4 289.9 310.3 331.9 340 347.6 367.4 388.3 406.8 399.9 397.9 397.9 384.5 376.5 366.4 357.3 355.6 355.1 351.7 351.3 349.5 351.8 356.5 358.5 357.7 357.7
472.7 472.4 467.7 465.3 463.7 456.3 451.9 444.7 434.1 421.4 417.1 416.1 393.1 382.6 362.5 342.2 327.6 297.6 253.6 224.8 187.3 162.4 148.7 116.2 87.2 63.5 49.3 38.1 25.7 20.6 11.3 10.3 9.7 9.6 8.4 7.2 9.3 15.2 30.5 55.1 66.9 71.3 69.8 62.7 50.7 64.3 87.3 92.2 99.5 114.3 133.4 161.3 188.5 220.8 245.3 270.2 283.1 308.5 329.7 339 352.9 356.5 385.7 406.9 413.4 404 399.5 388.7 382.2 369.5 361.3 356.8 355.7 352.8 352.1 353.5 351.7 356.1 359.2 357 356.4
481.6 477.3 477 476.8 471.3 465.2 453.8 440 425.7 410.9 407.6 387.8 369.7 365.2 339.7 321.6 291.3 268.6 245.9 216.3 181.6 159.8 134.4 107.3 80.2 60.9 45.8 36.5 23.7 14 10.9 10.5 10.3 10.2 10.8 7.2 8.6 13 31.3 59.3 77.5 80.3 81.9 75.8 58.1 61.4 77.8 86.3 97 110.8 134.4 153.4 186.9 212.2 236.7 263.3 275.8 303.9 317.3 340.2 355 360.1 373.1 402.2 417.8 413.4 399.7 393 386.3 380 365 358 356.3 357.8 352.7 352.1 352.4 356.7 359.3 358.3 356.2
485.8 484.1 483.5 480.9 474.6 473.3 443.1 436.1 420.4 398.3 387.7 362 353.1 343.6 319.4 300.6 265.7 249.4 232.3 206.2 176 153.7 132 107.8 81.9 61.6 44.9 35.3 22.3 12.6 11.4 11.2 11.2 11.1 10.1 7.2 9.1 11.3 25.1 49.9 69 82.1 82.8 85.4 75.2 59.3 76.1 89 95.4 105.8 125.7 146.3 175.4 217.4 231.2 256.3 267.4 286.9 307.6 340.9 357.4 365.3 372.4 401.6 412 416.7 403.9 400.5 396.1 382.6 371.6 362 359 360.3 353.8 354.9 351.7 355.8 356.4 357.4 359
488.7 490.4 487.2 474 464.1 440.5 427.3 418.4 407.3 381.7 368.8 350.3 339.2 317.1 301 269 254.6 237.6 222 198.4 179.2 156.4 128 105.3 82.7 59 46.8 32.7 26.5 14.6 11.2 10.8 10.7 10.2 8.7 7.2 7.9 11.3 24.8 49.3 61 76.2 82 91 85.8 78.1 77.3 85.3 91 102.7 123.2 142 169.3 205.4 220.9 239 256.7 278.5 307.1 344.1 360.6 372.8 369.8 384.8 408.6 420.3 414.7 406 395.6 390.6 374.8 366.9 361.4 359.3 354.4 354.3 353.7 353 357.8 356.7 353.9
493 489.2 477.3 454.5 427.1 424.8 413.3 404.3 374.2 367 359.1 339 322.2 297.3 280.9 253 242 223.9 211.3 194.3 177.2 149.1 123.5 102.7 75.8 53.5 41.9 28.8 17.2 13.2 10.7 9.6 9 9.4 8.2 7.2 9.8 13.7 25.8 41.8 56.8 69.4 84.1 92 94.7 90.1 79.9 80.4 84.9 97.3 113.6 138.3 167.6 190.5 208.9 227.5 247.2 270.6 303.5 333.4 354.2 365.6 372.3 382.7 410 430.1 427.9 412 399.3 389.5 382.1 381.6 367.4 359.8 356.9 355.3 357.4 354 353.8 354.1 355.6
492.3 478.8 457.2 438.3 415.6 406.3 397.9 380 361 355.5 345.1 327.2 311.4 284.2 263.8 244.6 224.4 209.5 196.1 181.6 169.9 151.7 125.4 103.1 77.3 54.4 45.6 32.1 15.7 11.4 11.2 9.6 9 8.9 7.2 9.2 12.1 14.2 25.7 39 53.6 73.8 90.9 99.7 101.2 96.3 86.7 85.5 86.4 89.7 109.5 130 155.7 184.4 204.7 226.9 246.4 269.4 299.3 328.7 347 357.4 365.5 375.8 407.3 431.4 433.9 409.4 417.1 404.1 388.6 382.2 372.8 362.9 357.8 362.1 359.7 360.8 361.6 356.2 358.3
492.6 479.4 464.9 441.5 416.8 394 384.5 369.2 348.1 345.7 334.7 313.8 291.3 267.3 249.1 228.1 213.7 200.6 188.2 170.7 163.8 147.7 116.4 98.9 78.5 57.2 40.2 27.5 18.5 12.3 10.6 10.3 9.5 7.9 7.2 9.1 10.7 15.3 22.1 30.9 49.4 71.1 95.8 103.9 107.5 102.3 91.9 89.4 89.7 86 100.9 127.2 152.8 183.5 204.3 225.9 245.8 268 281.7 310.6 332.2 342.8 362 376.1 403.6 417.9 434 417.1 426.2 417.6 404.7 393.1 378.9 369.8 369.3 359.4 359.9 360.6 359.9 359.2 359
477 477.5 449 416.7 399.3 381.8 369.2 346.9 335.8 331 313.9 298.7 275.7 254.2 232.9 216.7 206 194.7 176.2 162.6 153.5 135.5 111.3 90.6 73.6 56.1 40.4 26.1 16.7 12.2 11 9.8 9.3 7.2 7.9 9.7 11.6 15.8 21.1 34.6 50 72.5 92.2 107.9 115 104.9 98.5 95.7 94 90.6 92 114.7 146.2 177.8 200.3 219.7 239.6 248.9 272 298.7 326.2 334.3 360.3 378.3 394.6 403 418 424.6 426.3 431.4 429.3 407.1 393.1 377.6 373.3 364.4 363.4 364.2 361.6 364.1 362.7
466 458.7 437.1 401.3 385.8 378.5 350.9 331.1 322.1 314.4 297.9 281.1 263.8 247.1 228.1 208.7 198.6 194.4 179.7 154.5 137.7 126.8 106.3 87 72 51.3 37.6 23.7 15.3 12.6 10.2 9.1 8 7.2 9 9.6 11.6 17 20.8 37.6 54.7 74.6 95.2 105 107.5 111.5 105.1 93.3 90.9 89.7 90.7 104.7 131.1 166.6 187.4 206.7 222.4 240.6 269.8 293.8 312.4 332.4 360.9 383.5 389.1 393.9 393.7 418 416.4 443.7 446.3 421.1 402.2 387 379.6 375.4 370.2 370.4 370.6 370.8 370.7
447.7 425.9 408.8 389.7 373.2 353.5 335 315.8 307.3 293.8 283.8 266.4 253.7 236.4 219.8 205.8 193.9 177.6 164.7 111.7 121.7 114.5 99.4 81.9 64.4 47.8 33.8 23.5 17.1 13.2 10.8 9.5 8.2 7.2 9.3 9.3 10.1 13.5 19.5 36.4 55.7 74.5 92.8 111 116.5 121.7 116 96.1 89.1 88.1 88.3 96.1 123.4 151.6 176.6 192.2 206.9 233.3 256.2 278.5 306.7 320.2 350.5 369 374.2 387 390.1 407.9 418.5 451.2 455.6 432.2 409.5 394.9 389.3 383.4 385.6 379.5 374.5 376 381.6
413.1 401.7 388.3 368.1 351.5 336.3 316.2 302.9 295.8 283.3 273 255.3 244.4 230.7 222.8 216.7 206.6 196.7 182.6 157.7 132.3 101.3 96.6 83.4 65.7 47 31.9 21.5 16.6 15.2 11.4 10.1 8.7 7.2 8.9 8.9 12.7 11.6 18.4 36 57.5 77.2 98.9 111.8 123.4 131.6 124.7 104.5 88.8 88.2 88.1 91 113 132.7 157.2 184.2 201.1 226.5 249.3 280.8 300.5 313.8 332.5 355.1 373.2 378.6 382 399.9 419.3 443.4 461.6 452.6 422.4 409.4 398.8 393.4 389.6 390.8 384.3 380.5 386.3
383.5 377.1 362.4 341.2 328.1 319.2 303.6 288.8 278.8 270.1 259.9 245.3 237.7 228.8 234.8 229.1 218.8 208.7 191.3 171.2 145.3 118 82.5 77.7 62.1 44.4 32.2 21.9 19.4 15.4 12.7 9.5 8.6 7.2 8.1 6.6 8.7 15.7 20.8 32.3 58.8 80.4 102.2 114.9 129.2 138.6 132.3 113.8 92 87.9 87.8 92.8 107.7 126.3 148 167.2 196.7 217.1 239.4 273.1 288.3 300.2 320 336.5 358.6 360.4 367.2 394.1 407.2 436.9 460.6 465.8 436.4 421.7 412.6 404.9 399.7 397.5 398.5 389.1 388.3
363.3 350.1 334.2 325 311.6 299.9 284.1 271.5 262.6 256.8 248.2 239 237.4 239.5 241.8 239.9 230.7 223.4 202.5 178.1 155.4 127.8 111 86.4 67.4 51.4 37.6 26.5 20.9 17.2 13.6 8.7 8.1 7.2 8.6 5.7 5.7 10.1 18.8 30.3 50.2 72.6 98.2 117.9 141.1 146.1 147.4 136.3 105.3 89.2 88.5 90.7 109.7 127.5 150.4 160.9 188.8 211 233.4 253.5 274.8 297.1 302.2 323.7 337.4 338.9 359.9 374.4 395.9 434.3 460.9 463.8 450.1 440.1 422.4 416.5 408.8 403.1 400.3 397.6 392.9
336 327.4 321.8 306.7 297.8 285.6 271.8 260.6 253.5 245.4 243.5 243.7 247.8 253.1 252.1 251.8 247.7 240.7 222.6 193.7 164.6 144.6 119.7 94.8 75.9 61.1 44.5 30.8 23.4 16 11.4 9.5 7.5 7.2 5.7 5.7 5.7 5.7 14.5 28.1 42.3 66.2 95.2 123.8 145.3 148.4 153.9 144.5 114.8 88.3 89 90.7 106.4 132.9 152.9 176.8 195.4 215.5 235.4 251.7 268.3 281.3 290.9 303 313.4 337.3 358.5 369.1 392.9 423 459.2 466.4 464.1 451.1 442.1 433.4 421.5 414 409.9 408.2 403.5
324.4 311.6 309.9 293.9 281.4 271.3 263.6 252 252.5 248.5 250.1 252.4 259.1 262.6 265.6 271.6 268.8 265.2 250.2 210.7 183.9 159.7 137.9 111.8 92.1 76.2 58.3 42.4 24.8 14.6 11.3 9 7.2 7.1 5.7 5.7 5.7 5.7 11.2 23.6 37 58.5 88.6 127 152.7 153.4 150.5 133.8 116.8 90.3 89.1 96.7 109.4 133.9 153.3 182.7 198 217.4 243.9 253.2 271.3 276.8 284.1 292.5 313 339.7 355.1 366.9 388.1 420.4 448.2 469.5 474.1 473.2 461.1 451.2 439.1 423.9 415.1 417.3 416.9
312.8 302.5 295.3 283.6 271.2 260.8 255.2 258.2 254.2 254.7 255 264.5 268.6 279.3 282.9 286.7 288.5 290.6 280.9 239.5 201.9 179.5 157.6 127.8 111.7 94.8 73.4 56.8 34.6 20.8 12.5 9.1 7.2 6.8 5.7 5.7 5.7 5.7 7.5 17.4 34.1 52.8 85 126.9 160.5 150.6 141.9 137.3 124.3 104.1 89.5 93.3 110.8 134 147.7 172 191.6 210.1 234.5 245.8 273.3 271.5 277.9 296.1 309.6 330.2 348.9 369.2 387.6 418.6 449.7 471.6 484.5 491 481.5 470.8 456.7 440.7 430.3 425.8 431.8
303.3 291.3 276.8 268.4 261.9 266 264 260.3 260 263.4 272.4 280.2 291 299.8 299.9 301.5 311.2 309.2 299 266.3 227.2 201.5 173.8 151.3 132.7 109.4 96.2 79.3 51.8 27.7 14.2 11.2 7.2 7 5.7 5.7 5.7 5.7 5.7 11.1 27.4 47.4 80.8 115.3 153.8 140.6 144.3 144.2 133.3 113.4 90.3 94.2 109.4 132.7 148.7 166.4 180.1 197.5 218.5 233.2 258.9 269.6 280.4 290.7 303.3 318.4 346.9 362.1 386.7 422.3 456 467.4 483.9 500.3 497 485.6 473.3 463.6 447.1 435.8 437.9
