UK/data/nz/nz50_OST50GRID_20230518/NZ50.asc
ncols 200
nrows 200
xllcorner 450000
yllcorner 500000
cellsize 50
[rows 70 to 104 of 200, columns 79 to 157 of 200]
86.5 87.1 87.6 88.2 88.2 88.5 89 89.8 90.5 89.9 89.5 82.5 85.4 91.5 92.5 92.2 92.4 93.4 95 95.1 94.4 93.7 93.5 93.3 92.7 92.3 92.9 93.5 94.4 97.9 100.2 100.2 99.1 99.2 99.5 100.3 100.7 101.4 101.6 102.9 103.2 103.4 103.2 102.6 98.7 97.3 104.8 107.4 108.5 109.7 110.7 112.1 112 110.8 111.1 112 112.2 112.2 112.9 113.7 114.6 115.6 116 116.1 116.2 116.4 117 117.6 119.8 121.8 122.9 123.5 124.1 124.1 123.8 120.8 122 122.6 118
87.5 87.4 87.8 88 88.3 88.6 89 89.6 89.8 90 90 89.6 83.4 91.3 91.5 91.8 92.1 92.8 94.5 95.3 95.1 94.3 93.4 93.6 92.7 92.6 93.4 95.4 96.4 98.2 99.7 99.8 99.4 99.2 99.3 100.5 102.2 102.9 102.8 103.4 103.6 104 103.7 102.9 98.6 96.7 101.8 104.2 106.4 109.2 110.4 112.1 112.5 112.2 111.6 112.4 112.9 113 113.5 114.2 115.2 116.2 116.4 116.4 116.7 117.1 117.7 118.2 119.7 122.6 123.9 124.3 124.5 124.2 124.5 123.2 121.3 125.4 124.7
88.1 87.9 87.9 88.1 88.4 88.5 88.6 88.6 89.1 90.2 91.4 90.8 85.9 90.2 90.5 91.1 91.5 92.1 94 95.4 95.4 94.6 93.6 93 92.6 92.6 94.5 97.5 98.8 99.3 99.7 99.4 99.5 99.2 99.2 99.8 102 103.7 103.7 104.2 104.4 104.6 104.7 103.8 102.4 99.7 97.6 100.7 103.6 106.5 109.4 111 112.9 113.1 113.2 113.4 113.3 113.4 113.7 114.3 115.4 116.6 116.9 116.7 117.2 117.6 118.2 118.8 120.3 122.5 123.7 124.7 124.6 124.8 124.7 124 122.1 125.8 126.9
88.3 88 88.1 88.3 88.5 88.7 88.7 89.2 89.6 90 90.5 88.9 84.3 89.2 89.2 89.9 91.2 92.2 93.8 95.1 95.2 94.1 93.6 93.2 93.2 93.6 94.2 97.9 99.8 100.7 99.3 98.9 99 98.8 99.6 100.3 102.3 103.9 105 105.1 105.1 105.2 105.2 104.5 103.4 103 104.1 103.4 99.5 102.5 106 108.8 111.3 112.3 113.4 113.5 113 113.3 113.7 114.2 115 116.4 116.7 117.2 117.4 117.4 117.6 118.8 120.3 121.7 123.8 124.7 125.3 126 126.2 125.5 123.4 124.5 127.7
88.2 88.1 88.6 88.5 88.5 88.9 89.2 90 90.7 90.4 88.8 88.2 85.8 86.3 88.8 90.8 92 92.9 93.8 95.1 96.1 95 93.7 93.9 94.3 94.7 94.8 95.7 96.7 98.3 98.5 98.4 98.5 99 99.8 101.5 103.3 104.4 105.7 106 106.2 106.1 106.1 105.7 104.9 104.3 105.6 108.1 107.2 101.5 103 107.2 110.2 111.5 112.6 113.4 112.9 113 113.1 113.9 114.8 115.9 116.4 117.1 117.3 117.2 117.1 117.9 119.8 121 123.7 124.1 125.3 126.8 127.4 126.7 125.2 123.6 127.6
88.6 88.5 88.6 88.6 88.8 89.1 89.6 90.6 90.3 90.8 89.7 89.3 87.9 85.8 87.4 91.7 93.3 93.9 94.5 95.6 96.4 96.3 95 95.8 95.9 96 97.5 98.1 97.7 98.8 98.8 97.9 98.3 98.9 99.6 101 102.6 104.3 106.1 105.8 106.8 106.8 106.7 107.2 107.1 106.9 107.3 108.6 109 106.6 100.3 106.5 109 110.6 111.1 112.3 111.7 112.4 112.5 113 113.8 114.7 115.5 116.6 116.2 116.4 116.5 116.9 118.3 119.9 122.4 123.5 124.7 126.8 127.8 127.9 126.8 124.8 125.5
89.9 89.5 88.8 89 89.2 89.3 90.3 90.9 90.6 90.7 90 90.2 90.4 87.6 86 91.8 93.3 94 95.1 95.7 96.3 96.8 96.4 96.6 96.9 97.4 99.4 100.7 100.2 99.7 99.2 97.8 98 98.6 99.4 100.9 101.4 102.9 104.1 105.9 107.2 107.4 107.5 108.3 106.9 106.7 107.5 109.6 110.1 109.4 102.8 103 105.6 105.8 107.6 109.9 111.3 112.7 112.1 112.5 113.8 114.8 117.4 117.8 117.4 116.3 116.4 116.5 117.8 119 120.3 121.6 124.2 126.4 127.5 128.3 128.3 126.5 125.8
92.2 90.5 89.3 89.4 89.6 90.1 91.2 91.4 91 90.6 90.7 90.9 91 89 87.1 90.6 93 94.6 95.8 96.2 96.5 97.1 97.2 98 98.9 98.3 98.4 99.7 99.5 100 98.9 97.8 98 98.6 99.5 100.2 100.5 101.5 102.9 105.5 108.1 107.9 107.8 107.7 106.9 106.6 107 108.8 110.1 109.3 107.2 104.2 103.4 106.1 103.2 109.4 112.6 113.4 113.6 114.3 115.1 116 117.6 117.9 117.8 117.4 116.4 116.5 117.8 118.3 119.1 120.7 123.1 124.9 126.6 127.4 127.6 128.8 126.5
94.3 92.8 90.5 90.1 90.1 90.6 91 92 91.6 91.3 91.2 91.3 91.6 91.4 88.8 87.7 86.5 94.3 95.6 95.8 96.7 97.3 97.8 98.7 98.9 98.7 99.4 100 99.6 99.3 98.8 98.2 98.5 99.2 100.3 100.7 100.6 101 102.1 105.2 108.4 108.7 108.4 107.5 106.9 107.7 107.6 109.2 110.8 111.1 109.1 108.1 109.3 109.9 109.5 104.3 108.9 112.9 113.1 113.9 114.4 115.1 116.5 118 118.5 118.4 117.6 116.5 117 117.6 118.3 119.2 121.3 123.4 125.3 126.8 127.5 128.2 128.2
95.4 95.1 91.9 90.5 91.1 91.2 91.3 92 92.4 92.1 91.8 92.1 92.5 92.2 90.6 88.6 87.7 94.6 95.1 95.7 96.7 97.6 98.3 99.2 99.8 99.2 99.3 100.4 100.8 100.5 99.6 98.9 99.2 100.3 101.7 102 101.8 101.7 103.5 105.4 107.9 109 108.3 107.6 107.2 108.8 108.7 108.9 111.2 112.6 111.7 109.7 110.9 111.8 112.4 110.7 106.3 109.3 112.1 112.4 113.5 114.6 115.8 117.1 118.1 118.5 117.6 116.3 116.8 117.6 118.1 118.8 120.2 121.8 124.9 127.4 127.7 127.9 129.1
95.2 95 93.2 92.2 92.6 91.7 92.3 93.3 93.5 93.4 93.5 93.4 93.1 92.8 92.7 92.3 89.2 92.4 93.7 94.8 96.7 97.5 98.4 99.8 102.1 100.5 99.9 101.1 101.7 101.3 100.1 100 100.7 101.7 103.4 103.1 103.4 104.3 105.5 106.6 108.4 108.9 108.8 108.4 108.6 111.6 110.9 110 111.7 113.9 114.2 113.4 113.3 113.4 113.9 114 111.8 107.2 109.9 111.5 113.3 114.5 115.1 116.2 116.6 116.8 116.2 116.1 116.1 116.8 117.7 118.2 119.6 120.9 125.1 128.1 128.3 129.2 129.7
95.6 95.5 94.1 92.4 93.8 93.3 93 93.9 94.7 94.9 95.1 94.6 93.7 93.3 93.1 93.9 92.2 92.3 94.6 94.6 95.6 96.8 97.9 99 101 101.2 101.5 101.6 102.3 102.1 101.1 101.7 102.5 103.1 103.4 103.3 103.8 105.1 107.1 108.3 108.9 109.2 109.6 109.4 110.6 112.5 112.4 112.6 115.1 115.9 117 117.9 117.8 116 115 114.8 114.1 109.9 107.7 109.4 111.1 112.9 114.1 114.5 114.4 114.5 114.9 115.1 115.8 116.5 117.2 118.4 120 122.8 123.9 126.8 128.5 131.1 132.2
96 95.2 93.9 92.9 93.5 93.7 93.8 94.3 95.2 96.2 96.4 95.6 94.3 93.9 94.3 94.7 93.8 90.7 92.7 94.2 96.2 97.1 97.9 98.6 99.3 100 100.5 101.1 102.1 102 102.2 103.4 102.9 103.1 103.2 103.2 104.1 104.8 106.2 108.2 109.1 109.6 109.8 110.9 112.2 113.3 114 115.1 117.1 117.6 118.1 119 119.4 118.7 116.4 115.7 115.1 113.1 110.5 110.2 111.4 110.4 111.6 113.2 114.5 115.1 115.3 115.6 116.4 116.9 117.4 118.5 120.3 122.8 124.8 125.4 128.8 132.2 135.1
95.6 94.4 94.9 94.3 94.2 94.1 94.5 94.8 95.4 96.4 96.9 96.7 95.3 94.8 94.8 95.2 95.2 93.4 88.4 92.6 95.2 96.9 97.7 98.4 99.2 99.6 100.4 101.1 102.7 103 102.2 102.6 103.1 103.1 103.7 104.9 105.4 105 105.5 107.3 109.3 110.1 110.7 111.8 113.1 113.5 115.1 116.5 117.4 118 118.6 119 119.7 120.4 118 116.5 115.6 114.1 113.4 114.9 114.9 113.4 112.2 114.2 116.2 116.7 116.5 116.3 117 117.7 118 119.3 120.9 123.1 125.8 127.2 130 134.2 136.4
96.4 95.5 94.6 95 94.7 94.4 94.9 95 95.4 96.2 96.4 96.5 95.9 95.4 95.3 95.4 95.5 94.5 95.3 95.5 93 96.2 97.4 98.1 98.7 99.1 100 100 101.2 102.2 102.8 103.3 103.6 104 104.7 105.4 106.6 106.9 107.1 107.8 109.9 111.5 112.5 112.1 111.9 112.6 113.7 115.5 116.2 117.4 117.9 117.7 118.7 120 119.4 117.9 115.9 114.3 114 115.4 116.8 116.9 113.6 113.2 116.4 118.1 117.9 117.6 118.2 119.7 120.8 122.2 123.3 125.6 127.9 130.4 130.7 134.4 137.1
96.7 96.3 95.4 95.5 95.1 94.8 95.3 95.5 95.6 96.2 96.3 96.3 95.8 95.7 95.8 96 96.1 95.7 96.2 96.6 93.8 95.5 96.4 96.5 96.7 97.1 98.4 98.7 99.9 101.4 103.3 104.3 104.3 104.9 105.7 106.2 106.8 107.5 108 108.7 110.2 111.9 112.2 112.2 112.7 114.5 116.9 117.1 117 117 117.2 117.8 118.5 119.4 120.1 119.1 117.5 116.1 114.9 116.2 117.5 117.9 118.3 115 116.4 119.1 119.5 119.1 119.8 122.1 124.5 126 126.6 127.5 129 131.8 131.4 133 136
96.7 96.3 96.2 95.9 95.4 95.7 96.5 96 95.7 96.1 96.2 96.4 96.2 96.2 96.3 96.7 96.6 96.2 95.7 96.7 97.1 93 94.6 95.1 96.2 97.1 98.6 97.2 96.3 99.8 102 103.3 104.7 105.9 106.4 106.1 106.5 108.1 109.3 109.3 109.5 111.2 111.6 112.9 114.2 116.4 118.1 120 120.9 119.9 117.9 118.6 119.4 120.3 121.2 120.3 118.3 117.5 116.7 117.6 118.8 119.6 119.5 118.1 116.1 121 121.5 121.3 121.7 124.9 127.2 128.8 130.7 129.2 130.6 131.6 132.5 131.4 135.3
96.5 96.5 96.3 96 95.7 96.2 96.3 96.1 95.9 96.2 96.5 96.7 96.6 96.6 96.6 96.8 96.5 96.1 96.4 96.9 95.6 94.1 95.4 95.4 95.8 96.4 98.2 100.5 101.6 100.7 100.3 102.5 103.6 104.4 105.1 105.5 106.4 108.1 110.3 110.5 110.3 110 111.2 113.1 113.7 115.3 117.1 119 119.9 119.4 118.9 119.3 120 120.5 121.4 121 119.7 118.7 118.4 118.7 120.1 122.1 122.8 120.7 115.9 121.4 122.5 122.4 123.9 125.8 127.2 128.9 131.3 133.4 134.4 133.6 134.1 133.5 133.7
97.3 97.2 96.7 96.2 96.1 95.8 96 96 96 96.4 96.8 97.1 97 97.1 97.2 97 96.8 96.8 96.9 96.9 96.2 95.6 96.1 96.3 97 98.4 98.5 100.6 102.1 102 101.4 101.8 102.7 104 104.8 106.2 108.1 109.2 110.9 111.6 111.4 110.5 111.1 112 111.8 113.3 115.2 117.2 118.2 118.5 118.6 119.9 120.6 121.1 121 120.9 120.5 120.8 120.2 122.9 125.3 127 127.2 123.8 120.9 115.9 116.9 120.2 124.1 126.6 128.3 129.9 130.9 134.5 137.6 137.9 138.2 136.8 134.1
98 97.5 97.1 96.9 95.1 95.9 95.9 96.4 96.4 96.6 97 97.5 97.6 97.7 97.8 97.7 97.6 97.6 97.4 97.3 96.7 96.5 96.9 97.2 97.3 97.7 99.1 101.3 102.3 102.5 102.3 102.7 103.2 103.9 105.4 106.9 108.1 108.9 110.4 111.2 111.1 110.2 110.3 110.8 110.7 111.5 113.5 115.5 117.9 118.4 118.2 119.5 120.5 121.7 121.6 121.7 122.8 122.8 122.8 125.6 129.1 130.7 130.7 128.4 125.6 119.6 121.1 122.9 122.8 126.4 128.7 130.1 130.8 132.1 136.5 140.7 142.9 142.6 137.8
98.5 97.8 97.9 97.9 97 96.7 96.9 96.6 96.4 96.8 97.3 97.9 98.1 98.3 98.5 98.6 98.6 98.3 98 98 97 97.9 98 97.5 97.2 97.9 99.2 99.9 101 102 103.1 103.5 103.9 103.6 105.6 107 107.5 107.9 109 109.4 109.3 109 109.9 110.5 110.3 110.8 112.1 113.7 116.2 118 118.3 118.9 120.2 121.5 123.1 123.6 124 124.3 124 126.4 129 129.9 133.2 132.2 129 123.6 124.5 125.6 124.7 125.6 128.5 130.3 131.4 133.6 135.5 139.3 142.4 143 139.2
99.3 99.1 99.6 99.3 98.5 97.8 97.1 96.5 96.7 97.3 97.9 98.4 98.8 99 99.3 99.5 99.4 99.1 98.7 98.4 98.1 99.3 98.7 98.1 97.9 99.1 99 99.3 100.7 101.5 102.7 103.2 104.4 103.6 105.5 107.2 108 109.2 111 109.4 108.8 108.9 111.1 114 112.5 111.7 113 115.1 116.4 117.6 117.9 119.2 120 121.9 123.8 125 125 125.1 125.2 126.2 127.1 128.1 130.2 130.2 128.9 124.3 125.9 126.7 126.2 126.9 129.1 130.6 132.4 136.4 137.5 136.8 140.2 142.5 140.6
100.6 100.3 100.8 101.4 100.6 100.1 99.4 98.2 97.5 98.2 98.8 99.3 99.6 99.8 100.1 100.2 100.3 99.9 99.5 99.1 99.4 100 99.9 98.9 99.1 100.5 101.2 102 102.3 102.1 102.9 104.3 105.7 106.3 105.7 107.1 108.6 110.3 111.4 110.9 110.2 110.4 113.1 115.4 114.4 113.7 115.4 118.6 119.5 119.7 119.8 120.5 122.3 123.2 123.7 124.4 125 125.8 127.5 128 127.7 128 129.5 129.5 128.5 124.8 127.3 127.8 127.6 128.9 130.1 131.5 134.1 136.5 139.4 139.3 139.2 141.8 142
101.8 101.8 101.6 102.3 102.4 102.4 101.1 99.8 99.9 100 100.6 101.1 100.6 100.9 101 100.9 101.1 100.9 100.5 99.7 100.2 100.7 101 101.1 100.3 101.6 102.9 104 104.1 103.4 103.4 104.9 106.5 107.6 107.2 106.2 108.6 110.6 111.9 112.5 112.7 115.2 116.3 115.9 116.1 116.3 118.3 120.2 121.7 122.2 121.3 121.6 123.2 124.9 126.2 124.9 125.4 126.9 129.3 128.8 128 128.4 129.5 129.9 129.4 124.5 128.2 129.3 129.5 129.9 132.2 134.3 136.6 138.3 139.2 140.2 140.4 141.2 142.5
103.6 103.3 103.5 104.7 104.6 104.5 102.7 102.9 103.6 104.1 104.2 103.3 102 101.9 102 101.9 101.9 101.9 101.5 100.8 101.1 102.3 103 103.8 102.9 103.3 104.8 105.5 105.4 105.2 105.4 105.8 107.4 109.1 109.7 107.2 108.4 110.7 112.1 113.7 113 116.4 119 118.3 118.9 118 118.8 120.9 122.7 124.7 124.3 123.5 125.1 127.1 127.5 127.4 127.8 127.7 129.4 128.6 128.2 128.8 129.3 129.9 129.6 126.5 129.2 130.5 130.6 130.1 133.4 136.5 138.7 139.8 140 141.5 142.4 142.7 143.8
105.6 105.4 105.7 106.4 106.4 105.8 105 105.6 105.9 105.9 106.2 106.3 103.9 102.9 102.9 102.9 102.8 102.8 102.6 102.3 101.4 103.9 105.4 106.8 106.6 105.9 106.5 106 105.8 106.9 107.1 107.1 108.3 110.4 110.9 109.6 108.5 109.2 110.8 112.2 110 111.3 119.3 122.5 122.3 120.2 120.8 123.4 126.3 127.5 127.3 126.1 127.1 128.8 128.9 129.1 128.6 128 128.9 128.8 129.3 129.9 130.7 130.6 127.9 128.6 130.6 131.7 132.3 132.5 134.5 137.9 138.4 139.5 140.5 141.5 142.9 143.3 145.1
107.6 107.8 108.6 108.1 108 107.3 107.2 107.7 107.9 107.7 108.1 107.7 104.8 103.7 104.1 104.1 104.4 104.6 104.7 104.3 104 106.6 108.7 109.5 109.6 109.2 108.6 107.3 106.9 108.3 108.4 108.5 108.5 110.8 112.4 111.2 110.5 110.4 111.7 113.2 114.7 113.7 116.5 122.1 121.8 121.2 121.4 124.9 130.3 131.2 130.9 129.7 129.7 131.2 131.8 131.7 131.4 130 129.2 129.7 130.8 131.6 131.2 129.6 129.1 130.7 132.2 133.2 133.7 135.1 132.9 135.6 135.9 138.3 138.6 141.5 143.5 144.9 146.1
110.9 109.9 111 110.6 109.5 109.2 109 110.1 110.8 110.5 109.8 107.9 105.3 104.3 105.2 105.7 106 106.2 106.3 105.7 105.3 108.1 110.1 111.1 111.8 111.4 110.6 107.8 108.3 109.7 109.5 109.3 109.3 110.1 111.4 111.2 111.5 111.8 113.3 115.3 116.5 114.7 113.7 116.9 118.4 119.9 122.5 127.7 132.1 133.6 134.1 133.9 132.4 133.4 134.1 134.5 134.8 132.7 131.7 130.9 131.7 132.2 132 130.5 131.5 132.4 132.8 133.7 134.4 135.4 137.2 137.5 138.7 139.9 141.1 142.3 143 145.2 146.1
115.5 113.5 112.4 112.7 111.1 111.1 111.5 112.1 112.7 111.6 110.2 108.4 106.6 106 106.9 106.9 107.2 107.1 106.4 104.9 107.4 109.8 112 113.2 113.8 113.3 112.5 110.2 109.6 112.7 110.9 109.9 110.4 111 111.4 111.7 112.1 112.9 114.7 116 117.2 115.6 113.6 115.8 117.8 119.6 122.5 128.5 133.7 133.7 133.8 134.1 134.2 135 136.3 136.9 136.5 134.7 133.8 133.2 132.6 132.6 132.7 132.1 132.2 133.2 133.4 134.1 134.9 135.8 137.3 138.7 139.9 141.1 142.4 143.7 145.2 145.2 144
119.4 117 114.2 114.5 114 113.8 113.4 114 114.6 113.4 112.1 110.3 109.9 110 109.2 108.8 108.5 107.9 104.6 108.1 109.6 111.7 114.1 115.5 115.5 115.1 115.6 112.7 110.7 113.3 111.7 111 111.6 112 112.4 113.1 113.9 114.3 115.4 116.1 116.8 116.3 114.9 116.5 118.1 119.6 122 127.6 135.6 135.4 134.1 133.6 135 136.5 138.7 137.6 136.4 135.6 135.2 134.5 133.6 133.7 133.8 133.7 132.7 134.6 134.2 134.7 135.5 136.5 137.9 139.4 141.2 142.5 143.8 145.1 146 147.5 147.2
120.7 119.1 116.1 117.3 116.9 116.9 116.2 116.2 116.8 116.6 115.9 114.8 114 113.9 110.4 110 109.6 109.1 109 110.3 111.9 113.7 115.5 116.4 116.9 116.5 116 113.1 112.4 112 111.7 112.5 113.2 113.5 113.5 114.6 115.3 115.7 115.9 116.2 116.7 117.1 116.6 117.4 118.5 119.6 121.1 124.7 133.8 136.6 134.1 132.5 134.6 137.6 137.3 135.3 135.1 135.8 135.3 135.2 134.8 134.9 134.9 133.7 133.5 135.8 136.1 136.3 137.2 138.6 140.1 140.9 142.7 143.8 145.1 146.4 147.9 149.1 149.1
122.3 120.1 118.9 120.5 120.3 119.6 118.4 118.4 119.1 120.6 120.2 120.1 116.9 113.8 111.6 111.1 110.5 110.1 110.9 112.4 113.6 114.9 115.7 117.2 117.4 116.4 115.2 114.5 114.1 113 113.5 113.7 114.3 114.8 115.4 115.8 116.9 117.4 117.2 117.4 118 118.3 118.6 119 120.2 120.4 121.4 124.3 130.4 132.4 132.8 132.1 133.3 136.3 135.1 134.7 134.8 135.7 136.1 135.7 136.1 135.9 135.4 135.2 134.5 136.3 137.5 138.5 140.1 140.6 141.3 142.4 144.1 145.5 146.5 147.8 149.6 150.5 150.4
124.1 122.5 120.8 123 122.6 120.7 119.5 120.5 121.1 122.4 122.3 121.4 117.3 113.9 112.4 111.7 111.1 110.9 110.7 112.5 113.1 114.5 117.5 119.3 120 117.8 116.5 115.7 114.9 114.1 114.3 114.9 115.6 116.4 117.2 117.5 118.2 119 119.2 119.6 119.9 119.5 118.7 121.1 121.4 122 123 123.8 125.6 128.7 128.7 130.2 132.3 133.2 134.7 134.7 135 135.9 137.4 137.9 137.9 137.2 136.6 137.1 137.8 133.1 138.6 139.9 141.7 142.5 143 143.9 145.6 147.2 148 149.1 150.8 151.9 152.1
125.8 123.5 124.2 125.3 123.9 122 121.2 122.2 123.3 124 123.9 120.2 116.7 114.6 113.2 112.1 111.5 111.6 112.9 112.6 113.2 113.7 116.6 118 119.6 116.9 116.5 116.3 115.6 114.9 115.7 116.7 117.9 118.8 119.4 120.6 121.3 121.4 122.1 122.3 122.6 122.5 119.7 122.2 122.9 124.5 126.1 126.8 127.6 128 129.5 130.7 131.2 132.8 134 135.4 136.2 137.8 138.9 140.1 139.7 139.5 138.7 138.4 138.9 138.7 135.7 141.1 143.8 144.3 144.7 145.6 147.2 148.4 149.1 150.2 151.9 153.1 153.2
127.1 124.7 126.8 126.5 124.6 123.5 122.9 123.4 125.7 124.9 123.2 120.1 116.8 115.8 114.8 113.9 113.4 113.9 114 113.6 113.7 114.6 115.4 118 120.9 118.7 118 117.7 117 117 117.6 119.3 121.9 121.6 123.2 125.1 125.7 125.5 126.4 126.7 127.2 127 125.4 123.8 125.1 126.3 129.3 130.8 131.2 130.6 131.6 132.8 133.1 133.5 134.5 135.9 137.1 139 140.6 141.7 141.1 140.5 140 140.2 140.2 140.6 141.9 140.6 144.3 147.5 147.3 147.6 149.3 151.1 151.2 152.2 153.3 153.8 153.6
