WholeMapElevations/data/nc/nc50_OST50GRID_20230518/NC50.asc
ncols 200
nrows 200
xllcorner 250000
yllcorner 900000
cellsize 50
[rows 140 to 174 of 200, columns 79 to 157 of 200]
235.7 233.8 230.6 228.7 226.9 221 210.5 208 201.7 194.6 185.8 178.6 173 166.8 160.6 156.7 151.9 149.2 142.2 139.9 135.3 129.5 124.3 120.2 116.9 114.5 113 113.4 114 114.6 114.6 114.5 116.7 124.1 132.3 134.4 136.5 140.2 145 148 149.3 153.2 153.1 151.6 149.5 147.2 143.8 138.5 131.7 127.2 123.6 120.6 117.2 114.5 110.4 105.4 104.3 100 93.6 86.6 84.5 78.9 73.1 73.3 71.9 69.4 68.9 68.9 68.9 68.9 68.9 69.2 67.8 66.9 69.1 72.9 81.2 92.4 97.2
233.1 232.3 229.3 226.9 220.4 215.5 208.5 202.7 201.7 194.5 183.7 175.5 171.4 164.9 161.9 155.5 150.3 146.1 139.6 136.6 131.1 127.5 123.1 120.2 116.7 113 109.3 111.3 111.9 112.5 112.8 112.3 114 116.7 121.2 129 137 139.3 141 142.9 146.1 152.9 153.5 151 148.7 147.2 144 141.6 135.8 130.6 127.2 125.5 119.8 115.5 111.2 109.6 107.4 103.2 96.9 91.5 88.2 81.9 75.5 74.4 75.9 71.4 68.4 68.3 68.3 68.3 68.4 68.8 67.6 66.6 68.9 72.4 80 93.1 98.8
224.2 224.4 228.2 227 219.7 213.5 207.7 203.6 196.7 187.5 180.5 172.7 169.4 163.2 159.6 154.6 150 144 139.6 136 134 128.1 122.9 120 116.8 112.4 109.4 109.3 109.9 110.6 110.8 110.7 111.3 113.3 116.4 128.7 135.9 137.4 136.9 140.4 141.4 145.9 147.9 148.8 146.9 146.7 145.3 142.9 139.5 134.3 130.7 129 124.3 119.4 116.5 111.9 108.3 104.7 100.1 96.6 92.6 85.9 78.9 74.9 74.1 73 68.6 67.3 67.2 67.6 68 68.3 68.2 66.6 68.4 71.9 79.7 93.2 97.7
214.1 214.6 219.2 220.9 218.7 212.4 206.8 203.8 198.8 190.8 176.8 170.2 166.2 164.1 158.6 151.6 147.2 143.1 140.1 137.1 132.1 127.3 124.8 121.5 116.6 112.4 109.5 107.9 108.2 108.7 108.8 109 109.3 110.3 112.3 122.8 130.9 131.5 133.2 136.2 137.3 138.2 141 144.1 145.1 144.5 142.5 140.7 139.2 136.2 133.8 131.5 128.2 126.1 123.2 119.6 116.3 108.3 103.3 99.4 95.6 89.1 81.2 75.9 72.6 71.2 72.4 67.3 66.5 67.1 67.4 67.4 67.4 66.3 67.9 73.6 82.5 93.8 99.3
200.5 200.8 201.6 201.9 208.4 205.3 204.3 195.2 188 180.5 174.4 168.2 164.9 159.1 155 149.7 146.1 141.4 139.6 135.9 131.6 128.6 122.9 123.2 118.8 112.7 108.2 107.1 107 106.8 107.3 108.1 108.6 108.3 110.5 115.2 121.3 124.5 130.2 132.9 134.1 135.7 138.3 141.4 142.8 141.2 140 138.2 135.8 134.2 133.9 132.4 130.1 126.5 122.5 121.8 114.5 109.1 106.9 103.1 98.2 89.2 83.2 77.6 73.9 73.7 73.6 67.1 66.4 67 67.1 66.7 66.1 65.2 67.4 74.3 82.3 93.7 101.1
195.7 193 190.7 193 190.1 190.2 187.2 187.5 181.7 173.9 167.8 165 161.4 157.8 150.1 146 143.1 139.7 137 134.4 132.3 127.9 121.8 118.6 117.4 112.3 111.1 106.9 106.1 107.7 106.3 102.7 106.3 106.3 108.4 110.7 113.5 119.4 125.6 128.8 130.1 133 135 138.4 139.4 139.1 138.2 137.3 134.5 132.1 131 130.6 128 124.7 121.8 118.5 115.6 110.2 107.3 100.9 96.4 90.3 84.9 79.7 76.9 72.7 72.4 67.2 66.4 66.7 66.7 66.7 66.4 65.7 66.9 75 83.2 94 102.7
189.1 186.2 183.8 182.7 184.4 182 178.8 170.5 165.4 158.6 160 157.2 154.1 153.3 147 143.2 139.8 139.9 133.6 130.7 128.5 123.9 121.6 120.1 116.6 113 111.6 111.1 109.5 108.4 108 106.2 101.3 103.9 106.4 107.7 108.7 110.8 115.2 119.9 123.1 126.3 130.5 133.7 136.7 135.5 136 136 134.2 132.9 131.3 129.4 125.6 123.2 121.4 120.3 117.3 110.9 105.8 103.6 98.7 90.4 86.3 82.5 79.2 76.2 71.9 67.2 66.3 66.3 66.2 66.2 66 65.1 67.1 78.7 86.7 96.3 104.2
180.4 180 178.1 175.8 175 172 169 166.1 164.9 165.3 166.7 165.1 157.6 151.2 147.3 139.6 135.7 134.4 130.1 127.5 125.4 123.9 123.4 121.4 116.2 113.9 112.9 109.1 110.2 109.8 109.3 109.2 104.1 99.8 102.2 103.3 103 106.6 108.2 110 115.7 119.1 123.1 127.8 131.5 133.8 133.6 132.3 132.3 132.3 132.1 127.4 124 122.5 121 118.7 115.7 110 107.1 103.5 97.5 92.5 89.4 84.6 80.7 77.8 73.4 68.6 67.4 65.3 65.2 65.1 64.8 64.5 70.1 78.9 87.7 93.6 102.3
175.2 177.9 176.7 174.5 172.9 170.9 169.1 167.6 167.8 168 167.4 163.8 161 155.6 147.5 139 139.2 137.5 134.4 131.8 127.5 125.3 123.5 120.6 116.8 114.9 112.4 110.1 111.3 111.6 111.1 110.9 109.2 106.9 102.1 101.9 99.6 97.6 102.3 104.5 105.6 109.1 113.9 118.3 122.7 124.7 126.1 126.2 127.3 128.6 127.4 124.5 122.6 120.7 118.6 115.1 111.4 108.6 105.3 103.6 102 100.8 94.7 90.8 86.2 79.5 74.4 71.4 68.1 65.5 64.2 64.1 64 64 69.3 78.2 85.4 92.1 98.5
173.2 178.9 179.2 174.5 172.5 171.1 170 169.2 169.7 169 167.6 163.2 159.1 156.1 151.6 140.5 145.8 147 144 135.1 130.8 128.4 126.4 121.7 117.6 114.8 113.2 112.3 112.9 112.9 114 116.8 116.4 109.3 111.2 107.8 106.6 107.9 96.5 97.5 97.5 99.5 107.4 110.9 113.8 118.1 120.1 121.9 124.8 123.7 122.4 120.9 119.7 118.2 114.7 112.4 109.2 107.3 106.4 106.6 106.8 101.1 95 89.3 85.2 79.7 76.4 73.4 68.8 65 64.1 63.6 63.5 63.3 70.1 77.5 84.5 90.9 99
168.4 167.4 171.1 171.2 170.6 170.8 170 170.4 171.2 170.7 167.1 165.3 158.7 154.7 151 146.8 147.9 152.5 146.8 136.4 133.2 132.3 128.4 118.8 119.4 117.4 116.8 117.8 115.6 116.6 119 117.8 115.8 115.5 114.1 114.1 111.1 109.2 106.6 103.1 96.9 94.1 99.7 103.4 105.9 108.7 111.8 114.4 117.3 117.6 117 114.7 114.9 114.3 110.4 108.4 108.2 107.8 106.9 107 104.3 97.6 92.3 88.2 83.1 76.7 77.4 74.7 69.4 66.1 64.5 63.9 63.3 63.2 71.1 76.1 83.5 89.5 100
165.1 164.8 165.3 167.7 169.7 168.8 167.1 169.6 170.7 170 164.5 166.6 157.1 154 151.3 150.4 149.6 147 142.9 137.7 135.3 136.3 129.2 124.7 124 120.8 119.6 119.3 119.1 119.9 122.5 121.3 121 121.4 121.1 121.5 118.7 115.3 112.1 110.4 105.7 100.6 94.2 94.6 99 101.8 104.8 108.7 108.7 109 109 108.6 108.4 109.3 106.5 105.8 105.2 105.6 105.9 104.3 101.1 95.7 90.8 86.1 80.9 77.8 77.5 73 68.9 65.5 64.4 63.9 63.4 64.6 70.9 75.2 81.3 89.5 98.4
169.1 167.1 166.7 165.6 167.5 165.5 163.1 169.2 171.1 169.1 163.4 159.1 157.2 155.4 153.6 152.8 151.2 146.8 146.5 142 129.9 130.2 128.6 127.7 126.9 125.6 125.8 124.4 125.5 125.2 124.6 123.5 125.3 126.7 125.8 125.2 123.4 120.8 119.4 116.9 114.5 112.2 104.9 99.2 89.7 92.3 94.3 99.4 100.5 101.6 102.2 102.7 102 103.9 103.7 103 102.2 102.5 101.4 100.5 97.7 92.6 88.6 84.1 78.6 77.3 75.9 72.2 67.5 64.7 63.3 62.7 62.3 68.3 76.1 74.5 79 85.9 93.3
174.1 175.6 174.9 169.4 163.9 164.7 167.8 157.1 163.7 161.2 159.4 156.7 155.9 154.9 155.1 153.9 149.2 146.5 143.2 139.9 141.3 140.7 138.6 135.5 131.5 133.5 134.4 131.9 130.9 130.5 128.4 128.8 130.1 131.8 130.4 128.4 127 127.2 125.9 124.1 121 116 113.2 107.5 102.3 98.1 93.5 86.4 91.6 96.6 96.5 97.5 96.6 97.8 100 97.2 97.6 96.8 95.4 96.2 94.4 90.4 86.4 81.1 73.1 75.8 73 69.1 67.6 64.4 62.2 61.5 65.1 71.3 73.7 74.2 79 84.7 89.1
178.4 179.7 175.3 172 170.9 168.9 165.6 161.5 156.6 156.3 155 153 152.5 152.8 155 151.1 145.9 144.5 142.5 143.5 145.9 145.4 143.9 143.1 139.9 140.5 141.8 140.1 135.2 138.3 135.1 136.4 136.6 137.9 134.4 132.7 130.1 129.1 128.5 126.2 121.9 120.7 117.1 112.2 109.6 107.1 101.7 95.1 81.8 84.9 85.8 88.1 88.2 89 93.9 90.2 89 88.3 89 90.1 89.5 86.2 82.6 78.1 68.8 72.4 69 66.4 65.7 63.5 61.1 62.4 67.2 71.4 72.3 78.7 80.5 84 87.5
180.7 180.3 177.6 178.1 176.8 174.8 172.2 168.3 164.2 158.6 155.2 153.1 149.9 148.4 150.3 146.8 150.8 151.7 152.9 151.8 150.8 149.9 147 145.4 144.9 145.8 148 145.8 142 142.3 139.6 141.9 142.5 140.6 139.8 135.7 133.7 131.1 130 128.1 125.8 125.2 121.6 119.4 117.7 113.6 108.2 98.6 88.8 83.1 83.5 76.7 82.2 80.6 73.6 82 79.9 82 81.9 82.5 81.8 79.9 77.3 75.5 71 68.2 65.8 64.3 63.3 62.5 60.3 62.9 69.1 70.5 72.7 78.2 80 81.8 83.5
183.9 182.9 182.1 181.6 179.7 178 176.8 177.1 170.7 161.1 164.2 160.3 156 155.3 154 150.8 156.2 156.3 158.1 157.9 156.3 155.9 155.1 151.3 150.3 152 153.7 150.7 146.3 149.4 147.5 148.1 146.4 142.3 143.3 141.9 141 138.3 136.4 133.9 130.4 129.2 128.3 125.1 124 119.7 114.2 107.2 103.2 98.3 91 88.6 88.4 85.6 81.7 78.4 69.8 74.7 75.5 74.6 74 73.1 71.5 66.8 64.1 63.8 63.8 63 61.8 60.7 61.1 63.1 69.8 71 73.3 75.5 80.9 81.2 81.5
188.9 186.9 185 183 180.1 178.2 176.7 173.6 166.3 165.2 166.1 168.9 164 163.3 160.5 155.9 158.7 160.4 162.4 163.1 159.9 161.1 159.2 154.6 154.5 157.5 158.8 157.3 153.4 154.3 153.4 153.8 153.2 147.6 150.2 150.4 147.8 145.4 144.6 143.1 140.1 135.3 137.3 134.4 131.7 127.2 124.6 119.3 115.2 109.8 103.5 96.9 94.2 91.1 86.3 80.7 76.5 73.4 68.9 70.9 69.9 68.1 67.1 64.5 63.5 63.1 62.7 62.2 61.5 60.3 61.2 62.7 68.2 70.5 72.7 75.5 79.6 79.5 82.5
189.6 187.8 185.8 184.4 181.7 178.6 176.9 173.6 167.9 167.8 169.2 170.5 167.9 166.1 162.5 161.5 161.6 161.9 163.6 164 161.9 161.9 160.5 158.6 160.1 162.6 160.9 159.6 160 160.5 159.4 157.4 154.8 154.2 154.9 155.8 151.9 150.8 149 147 143.4 141.3 140.7 139 137.5 134.1 130.9 126.3 121.8 114.1 109.1 105.3 100.3 95.9 90.9 87.5 81.1 76.5 73 69.9 66.8 65.3 64.6 62 62.8 62.1 61.2 60.1 60.5 59.4 61.7 63.6 65.7 68.2 70.4 72.1 75 78.6 81.8
189.9 188.3 186.7 185.1 183.1 179.7 176.6 173.1 170.8 172.3 171.6 171.5 171.3 170.7 169.1 167.1 164.8 165.7 166.1 166.6 165 164.4 165.2 161.5 165.3 164 164.3 164.8 165.7 167.3 166.1 165.4 160.1 159 160 161.4 157.6 155.7 153.6 150.6 148.2 147.8 145.4 142.9 140.8 139.3 136.9 132.9 125.7 122.7 115.7 109.7 104.3 99.2 94.8 91.3 84.7 79 75.5 71.7 69.1 67.2 65.9 63.1 62.4 61.5 60.7 60.1 59.3 58.6 60.4 62.3 64.1 67.4 68.6 71.4 74.9 76.8 79.7
190.2 188.6 186.9 185.2 183.1 180.4 176.1 173.6 175.2 176 174.4 173.2 172.9 172.3 170.8 168.9 164.6 167.3 168.7 169.2 169.1 167.7 167.4 167.2 166.9 165.6 166.5 168 169.3 169.5 168.5 168.5 165.8 165.3 167 164.7 162.8 160.1 159.9 157.9 154.7 152.3 150.3 145.7 144.7 143.3 140.1 133.9 129.1 126.7 121.9 114.6 108.8 103.9 96.6 91 89.1 81.3 77.7 75.8 72.5 68.2 65 64 62.1 61.3 60.2 59.3 58.5 58.2 60.4 61.7 63.7 66.4 67 69.5 75.8 77.9 80.8
190.1 188.3 186.5 184.5 182.4 179.9 176 178 179.8 179.5 177.2 174.8 174.5 173.5 171.7 169.8 166.7 168.1 169.9 171.1 172 171.9 169.1 168 167.6 167 168.3 170.6 172.3 172.6 173.2 172.8 169.8 169.8 170 167.6 165.9 164.5 163.6 161.5 159.9 156.9 154.1 150.6 146.8 145.4 140.5 136.5 132.7 127 122.5 119.2 113.6 107.7 101.7 96.8 92.5 88 83 78.6 74.6 68.7 64.9 63.5 62 61.1 59.7 58.5 57.8 58 59.8 61 63.9 64.5 65.6 68.5 71.8 79 77.4
190.1 188.3 186.6 183.2 179.4 178.3 179.9 181.8 181.8 180.7 179.1 177 175.5 174.5 173 171.1 168.3 169.9 171.6 172.2 173.3 173.7 171.3 170.8 168.1 169.2 170.1 171.4 172.7 174 175.3 175.9 172.5 171.6 171.8 171.1 169.3 169.2 167 166 164.2 161.5 158.8 155.6 150.9 146.2 141.2 139.2 135.6 128.9 122.6 119.1 114.5 109.8 107.2 102 96.1 91.2 86 82.3 77.9 70.5 65.7 63 62.5 61.4 59.1 58.1 57.3 58.9 59.9 60.3 61.2 63.2 66.9 69.4 65.9 70.6 70.8
190 188.3 184.4 181.4 182.3 183 184.1 184.4 183.5 182.1 180.5 178.5 176.9 175.5 173.9 172.3 170.1 171.2 172.6 172.8 172.6 172.1 171.3 169.6 169.7 171.9 172.1 172.9 173.9 175.2 176 176.8 175.4 174.8 175.4 174.6 174.2 174.7 171.4 170 168.3 164.8 161.8 158.8 154.7 151.9 148.4 143.8 137.7 135.1 129 123.9 119.5 113.3 109.2 104.2 100.1 94.9 88.1 83.7 79.1 72 66.8 63.2 63.3 63.9 60.4 57.8 58.6 60 59.2 59.1 59.5 61.7 62.5 63.4 68 70.7 69.6
189.7 186.3 182.9 182.2 183.7 185.2 185.2 184.7 184.1 183.2 181.8 180 178.4 176.4 174.7 173.1 171.5 171.5 173.1 174.2 173.2 172.2 171.2 171 172.7 173.5 174.3 175.1 176 177 177.9 178.2 177.9 178.4 178.5 177.6 177.4 176.5 176.6 173.6 171.7 168.9 166.2 163.8 158.6 156.6 151.1 145 138.1 134.9 133.7 127.3 122.3 117.5 111.4 108.1 105 97.9 90.5 83.2 78.2 74.5 68.6 64.2 63 62.5 60.7 59.1 57.3 56.9 57.6 58 58.2 59.2 62.3 64.3 69.3 76.1 82.3
186.5 184.7 183.2 183.6 185.1 185.7 185.5 185.1 184.3 183.3 182.4 181.2 179.1 177 175.3 173.7 172.1 172.9 174.7 175 173.8 172.7 172.5 174.3 175.7 177 177.2 177.7 178.7 179.5 179.9 180.6 181.4 181 181.1 180.2 179.6 179.6 178.5 176.3 174.9 172.2 170.7 168.4 164.3 157.9 153.6 146.6 142 138.3 133.3 129.2 124.3 118.7 113.3 110.3 104.9 97.9 90.9 84.5 79.9 75.4 70.3 66.4 63.7 61.8 60.6 59.6 58.4 57 56.2 56.9 59.2 60.8 64.1 68.6 70.4 77.1 81.3
187 185.2 184.3 184.9 185.9 186 185.9 185.3 184.4 183.5 182.5 181.4 179.7 177.6 176 174.4 173.6 175.2 176.7 176.5 177.4 174.9 175.7 178.6 179.3 181.2 182.7 181.7 182.3 183.3 183.8 184.4 184.9 184.5 184 184.1 183.5 182.8 181.6 179 177 175 173.5 171.3 167.1 163 157.5 153 148.7 143 138.7 132.2 128.2 121.6 116.3 111.7 104.8 99.4 94.1 87.9 82.6 75.9 72.6 69.4 66.2 62.9 60.4 59.5 58.5 57.5 56 56.7 58.1 61.5 65.8 68.3 74.1 78 81.1
187.5 187.1 186.8 186.2 186.2 186.4 186.2 185.5 184.5 183.6 182.3 181.3 180.3 178.3 176.6 175 173.9 176 177.7 177.6 178.3 175.7 177.2 181.2 183.5 185.3 187.1 186.4 187.1 188 188.6 189.1 189.5 189.4 188.8 188.5 187.4 186.5 184.9 182.4 180.5 178.6 175.9 174.2 169.8 165.7 161.3 156.2 152.6 147.7 140.9 134.4 129.2 125 119.5 113.4 105.6 99.9 96.5 90.4 85.1 79.7 75.9 72.3 68.1 63.3 60 59 58 57.2 56.3 56.1 57.7 60.6 68 71.6 76.1 80.8 88.2
188.8 188.2 187.6 187 186.8 186.7 186.5 185.6 184.6 183.5 182.3 181.2 180.2 178.9 177.2 176.3 176.3 178.2 178.5 178.7 178.1 176.5 180.3 184.7 187.9 189.6 192.1 191.7 192.1 192.7 193.2 193.7 193.9 193.9 193.7 192.7 191.4 190 188.2 185.9 184 181.9 179 177 172.7 168.4 164.2 159.4 156.2 153.1 145.5 137.7 134 131.2 125.1 114.3 105.9 101 97 93.5 88.4 83.5 77.8 74.2 69 63.3 59.9 58.5 57.7 57.2 56.6 56.7 57.1 60.7 68.1 73.6 78.5 82.5 89.6
189.6 189 188.4 187.9 187.6 187.4 186.8 185.9 184.9 183.5 182.3 181.4 180.5 180 180.2 179.8 179.5 179.4 179.9 180.4 179.3 178.5 183.2 187.6 191.3 193.4 198.1 204.4 206.2 198.4 197.8 198.3 198.3 198.2 197.3 195.9 194.4 193 191.1 189.6 187.7 185.2 182.3 179.5 175.6 171.6 166.9 162.9 158.3 153.2 147.6 142.2 137 133 125 116.9 109.5 104.8 99.9 96.5 91.6 86.2 79.7 74.8 69.3 63.6 59.6 58 57.4 56.8 56.1 54.9 58.6 65.2 70.4 75.6 83.4 84 87.5
190.3 189.9 189.3 188.7 188.5 188.2 187.5 186.4 185.5 184.2 183.4 183.4 183.1 182.7 182.9 183.1 183.6 183.5 183.3 183.6 182 180.9 185.2 189.5 194 197.2 201.5 209.4 220.7 212.8 206.9 203.5 202.9 202.1 201.1 198.9 197.5 195.8 194.9 193.9 191.6 190.1 188.4 187 182.4 177.5 172.4 167.2 161.7 156.4 149.7 144.7 139.9 133 125.8 120.9 113.8 107.9 106.4 101.7 93 87.5 80.8 74.6 68.7 62.9 58.3 57.2 56.6 56.3 55.9 54.4 62.3 70.5 72.6 77 82.4 84.8 89.8
191 190.6 190.1 189.5 189.3 188.8 188.2 187.2 186.1 185.8 185.8 185.9 185.7 185.3 185.5 185.9 186.5 186.9 187.3 187.1 185.4 187.5 188.7 193.4 197 200.6 202.8 205.3 209.6 218 213.4 210 209 205.6 204.9 202.7 200.5 199.6 199.2 198.4 198.5 198.6 197.6 195.5 191 186.2 181.4 176.6 170.2 162.6 157 150.4 145.8 137.8 132.3 125.7 116.5 110.9 108.6 103.7 96.3 90.5 85.5 77.9 70.2 62.7 57.8 56.4 55.8 55.2 54.5 53.8 61.7 71.1 74 79 84.2 87.2 88.1
191.8 191.4 190.9 190.4 190.1 189.5 188.8 187.9 187.3 187.8 188.2 188.3 188.3 188 188.2 188.9 189.5 189.8 190.2 191.3 191.3 193.1 193.9 196.3 200.1 202.8 205.1 207.1 208.7 210.8 214.8 213.9 212.3 209.2 208.4 205.6 203.5 203.5 203.2 204.9 205.7 206 205.4 203.3 199.6 194.7 189.6 184.5 177.7 170 162.5 155.6 149.9 143.5 134.5 126.5 118.5 115.3 112.5 106.3 102.3 94.6 92.1 84.2 75 63.4 58 55.9 54.8 53.8 53.1 53.9 63 70.5 74 77.4 81.5 87 92
192.5 192.1 191.7 191.2 190.7 190.1 189.4 188.6 188.7 189.2 189.8 190.3 190.7 190.6 191 191.8 192.4 193.1 195 197.1 198.2 199.3 199.3 201.1 203.2 205.8 207.9 209.5 211.1 211.9 213.9 214.3 213.7 211.6 210.6 207.8 206.5 206.5 208.6 211.2 212.8 212.8 212 210.3 207.2 202.8 197.7 192.9 185.6 177.8 169.7 160.7 154.2 145.7 138.1 128.7 123.1 121 115.3 110.7 106.6 100.8 91.9 87.2 78.4 65.4 57.6 55.4 54.4 53.3 53.1 56.3 66.3 72.3 75.4 78.6 82.2 88.9 93.5
193.3 192.9 192.7 192.3 191.6 191 190.4 189.8 190.1 190.7 191.3 191.8 192.4 192.9 193.9 194.7 195.6 197 198.5 199.9 201.9 203.9 205.2 206.3 207.7 208.8 210.5 212.1 212.3 213.2 214.4 214.7 215 214.5 213 210.2 209.2 209.3 210.4 213.9 216.4 216.8 216.3 214.9 213.2 210.1 205.8 201.3 193.6 186.3 177.8 168.5 158.4 148.8 139.3 131.4 127.6 121.8 117.4 113.3 107.8 97.6 89.4 86 77.3 67.4 56.8 54.9 53.3 51.9 53.4 59.8 68.8 73.8 77 80.1 84 90.3 97.2
