UK/data/tr/tr24_OST50GRID_20230518/TR24.asc
ncols 200
nrows 200
xllcorner 620000
yllcorner 140000
cellsize 50
[rows 70 to 104 of 200, columns 80 to 159 of 200]
129.5 129 128.1 126.7 124.3 121.2 119.4 123.6 127 131.2 133.9 135.4 136.4 137.1 137.9 138.5 138.8 139 139.2 138.5 137.3 139.2 139 138.6 138.4 138.3 138.2 138.1 138.1 138.2 138.3 138.2 137.1 135.6 135 134.9 134.8 134.2 133.5 132.9 132.3 131.7 131.3 130.9 130.6 130.1 129.6 129 127.8 127.3 126.9 126.6 125.7 124.7 123 123.4 124.2 126.6 128.4 129.2 129.6 129.5 129.4 129 128.5 128.2 127.7 126.9 126.2 125.3 124.3 123.2 121.9 120.7 120.7 121 121.4 121.9 122.1 121.7
129.4 130 129.4 128.2 125.8 122.2 120.4 124.3 127.8 131.6 133.5 135.1 136.6 137.3 137.9 138 138.1 138.3 138.5 138.2 138.7 137.5 138.2 137.9 137.7 137.6 137.4 137.3 137.2 137.2 137.3 137.5 137.5 137.4 136.9 136.3 135.8 135.2 134.5 133.7 133 132.4 131.9 131.3 130.8 130.2 129.6 129 128.2 127.2 125.7 122.1 118.7 118.3 120.3 124.1 125.7 125.7 128.4 129.4 129.6 129.6 129.5 129.2 128.7 127.9 127.4 126.7 125.6 124.2 123.2 122.2 122.5 122.4 123.2 122.8 122.9 122.6 122 121
130.1 130.5 129.7 128.3 126.5 123.3 122 125.2 129 132.3 133.7 135.1 136.5 137.2 137.5 137.6 137.3 137.5 137.6 137.8 137.3 134.5 137 136.6 136.5 136.6 136.5 136.5 136.2 136 136.3 136.7 136.9 136.7 136.7 136 135.5 134.9 134.4 133.6 133.2 132.8 132.3 132.1 131.5 131 130.3 129.7 128.9 128 126.7 124 117.8 111.2 111.1 114.5 118.9 123.6 125.9 125.7 126.4 129.4 129.7 129.5 129.1 128.1 127.2 126.1 124.8 123.5 122.6 122.8 123.4 124.5 124.4 123.8 123.6 122.8 121.4 120.3
130.9 130.8 130.1 128.5 126.8 124 123.6 126.3 129.6 132.9 134.1 135.4 136.4 136.9 137.1 137.2 136.9 136.7 136.8 136.5 135.5 136.5 131.4 135.2 135 135 134.8 134.2 133.1 133.6 134 134.6 134.9 136 136.1 135.8 135.2 134.7 134.2 133.8 133.7 133.3 132.9 132.7 132.3 131.7 131.1 130.2 129.1 127.8 125.6 122.3 117.4 108.1 105.4 110.5 117.1 122.9 128 129.2 127.8 127.2 127.8 129.8 129.4 128.5 127.4 125.6 124.3 123.4 123.1 123.6 124.3 125 125.3 124.6 123.7 122.4 121.1 119.8
131.2 131.1 130.4 129.1 127.1 124.4 125.1 127.8 130.9 133.3 134.5 135.5 136.3 136.6 136.7 136.8 136.5 136.2 134.6 133.5 132.6 131.4 131.1 130.2 132.2 132 131.7 130.6 129 129.1 129.9 131.6 133.3 134.7 135.4 135.6 135.2 134.6 134.2 133.9 133.8 133.8 133.6 133.3 133 132.1 131.3 130.4 129 126.5 122.8 118.8 112.6 103 102.6 108.2 115.8 123.4 128 129.9 130.1 129.9 128.2 128.8 129.2 128.7 127.1 125.4 124.5 124.2 124.5 124.8 125.2 125.9 125.2 124.6 123.3 122 120.7 120.1
131.6 131.3 130.8 129.4 127.3 125.1 126.7 129.4 132 133.7 134.9 135.7 136.4 136.6 136.5 136.3 135.5 133.9 132.3 130.5 129.5 128.6 129.8 127.6 127.2 128.2 127.7 126.6 123.9 124.3 125.4 127 131.4 134 135 135.1 135.1 134.6 134.3 134 133.8 133.8 133.7 133.6 133.1 132.3 131.1 129.7 127.7 124.4 119.2 112.6 104.4 96.1 98.1 107 116 123.5 127.8 129.8 130.2 130 129.2 128.6 128.5 129.6 126.9 126 125.4 125.6 125.9 126.2 126.6 126.1 125.3 123.8 122.1 121.7 121.3 121.8
132.1 131.7 131.1 129.3 127.5 126.2 128.7 131.4 132.9 134.1 135 135.7 136.4 136.6 136.4 135.5 133.9 131.9 130 127.9 126.4 126.4 125.3 123.8 124 120.9 123 121.8 118.7 118.2 119.1 122.6 128.4 133.1 134.1 134.2 134.5 134.4 134 133.6 133.3 132.9 132.7 132.6 132.6 131.5 130.1 128 125.2 121 115.2 105.3 96 91.5 96.2 106.5 116.4 124.2 128.2 129.4 129.9 130.2 129.6 129 128.5 128.3 128.9 127.7 126.8 127.1 127.4 127.5 127 126.2 125.1 123.9 123.2 122.6 122.4 122.8
132.7 132.1 131.3 129.2 127.4 127.8 130.2 132.4 133.6 134.6 135.1 135.9 136.6 136.5 135.8 134.6 132.9 130.2 127.4 124.4 123.5 123.8 121.9 119 118.1 118.5 117.5 115.1 113.4 111.4 114.3 120.8 127 131.7 132.8 133.1 133.4 133.5 133.1 132.7 132.5 132 131.8 131.7 131.2 130 127.4 124.7 121.1 116.3 109.8 98.8 89.1 88.5 95.2 107.4 116.9 124.6 128.4 128.7 130.1 130.2 129.6 129.4 128.9 128.7 128.4 128.1 130 128.4 128.4 127.9 127.3 126.2 125.4 124.8 124.2 123.6 123.7 123.8
133 132.2 131.4 129.7 128 128.9 131 133.2 134.3 135 135.4 135.9 136.6 136.3 135.1 133.7 131.3 128.3 124.8 121.1 118.9 119.2 117.3 113.7 111.9 111.2 111.1 112.5 111.1 109.6 111.9 118.1 124.8 130 131.4 132 132.3 132.5 132.2 131.7 131.7 131.6 131.2 129.1 128.7 128.4 125.4 120.7 116.1 109.9 102.3 95.4 85.4 85.8 94.1 107.5 117.3 124.7 126.1 125.9 128.6 129.4 129.3 129.4 129.3 129.1 129 128.9 128.8 130.7 128.9 128.3 127.6 127 126.4 125.7 125.1 124.9 125.2 125.7
133.1 132.4 131.5 130.7 129.1 130.2 132.1 133.9 134.8 135.3 135.8 136.2 136.3 135.6 134.3 132.8 130.8 128 123.9 118.9 115.5 113.4 111.8 108.5 105.6 104.4 103.4 102.3 101.1 107.5 106 114.2 120.8 125.7 128.3 130 130.3 130 130 129.6 129.6 130.6 129.6 126.9 124.4 124.5 121.8 116.8 111 103.3 94.6 86 81.8 82 93 106.8 117.4 122.2 121.1 119 121.4 123.5 126.3 128.5 129.3 129.6 129.7 129.6 129.4 128.9 129.8 129 128.6 128 127.3 126.6 126 126.2 126.8 126.8
133.5 132.8 132.1 131.3 130.1 131.1 133.1 134.3 135 135.2 135.5 135.7 135.9 135.4 134.5 133.4 131.6 129 125.3 120.1 114.1 110.5 107.6 105.7 103.3 100.8 98.8 97 95 97.4 102.8 105.4 114.4 117.5 122.3 127.3 126.8 125.6 125.6 125.3 125.9 128.1 127.2 124 118.2 116.1 116.7 112.1 105.6 97.7 88.8 81.5 74.5 79.7 93.1 107.4 115 117.2 114.1 111.4 113.2 117.2 121.7 125.1 127.8 129.2 129.7 129.8 129.8 129.9 129.5 128.9 129.7 128.9 128.2 127.6 127.1 127.7 127.7 127.3
134.1 133.5 132.8 131.7 130.5 131.8 133.7 134.5 135.4 135.3 135.4 135.5 135.5 135.1 134 132.8 131.2 129.1 126.2 120.3 114.1 111.3 110.2 108.9 106.8 104.1 101.2 97 94.1 92.9 94.2 98.2 103.3 109.8 119.8 123.7 120.9 119.4 119.1 118.7 120.8 123.3 121.6 118.6 112.4 104.7 109.1 106 99.3 91.6 84.8 78.7 70.7 77.7 92.5 106 112.2 110.6 106.1 101.5 104.2 110.4 115.5 119.4 122.4 125.8 126 127 127.6 129.4 130.4 130.6 130 129.9 129 128.3 128.5 128.6 128.2 127.9
134.6 134.1 133 131.8 131.5 132.6 134 134.8 135.6 135.7 135.7 135.7 135.5 134.5 133.4 132.2 130.5 127.8 124.1 119.1 116.3 117.4 117.2 116.3 114.5 111.6 106.7 100.3 95.4 92.2 90.3 89.6 96.6 103.2 114.7 118.7 115.5 112.1 111.5 111.6 114.7 117 114.9 111 106.7 96.6 97.5 99.5 93.3 85.5 80 75.4 72.2 74.5 91.4 100.5 104.9 102.5 98.2 91.7 94.3 102.5 107.7 111.6 115.2 118.4 119.4 120 124.2 127.8 129.5 130.2 129.7 130 130 129 129.4 129.2 128.8 128.4
135 134.3 133.1 131.9 132.4 133.3 134.3 135.1 135.8 136.2 135.9 135.9 134.9 133.9 132.7 131.4 129.2 125.7 121.8 120.2 122.4 123.2 123 123 122.3 119.3 113.7 105.1 98.1 93.9 90.4 87.9 87.1 93.1 105.4 112.8 109.1 104.9 103.2 104.2 108.6 109.8 105.4 100 94.6 87 84.9 86.8 82.4 78.4 75.3 71.7 68.4 73.1 84.2 87.5 92.1 93.4 89 82.3 83.5 91.1 96 99.2 102.2 104.8 101 105.6 118 123.3 124.2 128.9 129.9 130 129.9 129.8 129.8 129.7 129.4 129
135.2 134.5 133.3 132.5 132.8 134 134.6 135.3 136.1 136.5 136.2 135.3 134.4 133 131.5 130.2 128 125.1 122.9 124.6 126.4 126.5 126.3 126.6 125.7 123.4 119.3 111.7 102.9 95.8 92 88.9 85.5 86.2 92.6 105.9 103.8 98.6 94.6 96.8 101.6 100.8 95.5 87.7 82.6 79.9 76.3 74.4 73.8 71.7 68.8 66.5 64.7 68.1 69.1 70.6 74.6 80 78.3 74.5 73.9 76.7 77.7 78.2 80.4 82.5 82.4 94.7 108.9 106.8 117.8 127.1 129.2 129.4 129.7 129.8 129.7 130.1 129.5 129.2
135.4 134.7 133.7 133.2 133.3 134.5 135.1 135.7 136.4 136.5 136.1 134.9 133.9 132.3 130.6 129 126.8 125.3 126.3 127.8 128.5 128.4 127.6 126.9 126.3 125 122.2 117.4 108.5 99.4 94.6 91.3 87.7 83.5 86 93.3 96.9 93.2 90.3 90.9 93.5 91.3 85.4 81.3 78.1 75.2 71.8 69.2 67.3 64.9 62.4 61.3 60.7 61.9 62.9 62.4 66.8 66.1 67.5 65.7 66.1 66.3 68 67.4 69 70.6 72.1 81.9 87.8 89.2 111.1 125 126 128.1 129.4 129.6 129.7 130.1 130.1 129.7
135.7 135 134.4 133.9 133.8 135 135.6 136.2 136.8 136.6 135.9 134.7 133.3 131.6 130 128.6 127.3 127.7 128.5 129.7 129.9 129.2 128.1 127.2 126.3 125.1 123.1 119.3 112.6 103.2 97.7 94.1 90.5 85.7 81.4 83.6 88.8 87.5 85.3 84.8 86.2 83.4 80.7 77.9 75.5 72.1 68.2 65.2 62 60.9 61.5 61.1 60.3 59.6 59.1 59.3 60.6 61.7 61.1 60.4 60.5 60 59.8 60.5 61.6 62.6 63.6 67.4 72 85.9 110.7 120.6 121.8 124.7 127.4 129.3 130.1 130.5 130.5 130.3
136 135.7 135.1 134.6 134.3 135.6 136.2 136.8 136.9 136.7 135.7 134.5 132.9 131.1 129.8 129.6 129.6 129.7 130.7 130.9 130.3 129.6 128.5 127.3 125.8 124.5 122.4 118.7 114.6 108.2 101.8 97.9 93.5 88 82.5 78.6 79.3 81.5 79.8 78.9 79.6 78.9 77.8 75.6 72.6 68.8 65.1 62.5 61.5 62.7 65.9 65.6 63.2 61.8 61.1 60.8 59.9 59.7 60.9 60.4 59.9 59.4 58.9 59.5 60.3 61.4 62.6 63.7 69.1 90.3 110.9 115 116.9 120.1 123.7 126.6 128.9 130.5 131 130.8
136.7 136.4 136 135.3 135 136.1 136.8 137.1 137 136.5 135.4 134.3 132.4 130.9 130.9 131.5 131.6 131.5 131.5 131.3 130.3 129.3 128.1 126.8 125.3 122.8 120.2 117.4 114.2 110.4 106.2 101.7 96.6 90.9 85 79.9 76.4 75.7 74.6 73.7 74.7 75.9 75.1 72.9 69.2 65.7 63.1 64.1 69.4 70.6 72.1 70.8 67.5 65.9 64.4 63.8 64 63.7 62.5 60.3 59.5 59 58.9 58.8 59.5 60.9 61.5 62.1 68.5 89.9 105.5 105.6 108.3 114.9 119.3 122.7 126.9 129.5 131 131.2
137.2 137 136.6 135.8 135.7 136.6 137.3 137.2 137.2 136.3 135.3 134 132.9 132.4 132.7 132.9 133 132.5 132 131.6 130.6 129.2 127.8 125.9 122.9 118.9 116.1 113.1 110.3 108.3 105.2 101.1 96.6 91.3 86.7 82.1 77.9 74.5 71.7 70.3 70.3 71.7 72.1 69.2 65.7 63.2 63.3 71 75.1 76.1 78.1 78.3 75.6 71.7 69.6 69.2 68.7 68.6 67.4 66.3 64.7 60.5 59.8 58.7 59.4 60 60 60 68.7 87.2 93.9 92.5 96.9 106.2 112.7 118.2 124.4 128.6 130.9 131.4
137.8 137.7 137 136.2 136.2 137 137.6 137.5 136.9 136.3 135.4 134.2 134.1 133.9 133.9 133.8 133.2 132.7 132.2 131.3 130.1 128.9 126 122.9 118.2 113.2 109 105.3 101.6 100 97.5 95.5 93 90 87.1 83.1 78.6 75.8 72.7 68.8 66.7 67 67.4 64.4 63 63.9 65.9 73 76.2 78.9 81.2 80.5 78.8 76.5 74.1 74.4 75.4 76.3 74.9 72.2 70.5 68.7 61.4 61.8 59.4 58.6 58.3 57.7 64.7 79.8 85.3 80.7 85.9 93 102.3 115.2 122.1 128.2 130.9 131.5
138.5 138.1 137.3 136.6 136.6 137.4 137.8 137.2 136.6 136 135.5 134.9 134.8 134.8 134.6 134 133.3 132.7 131.8 130.7 129.1 126.6 123 118.7 113.2 106.3 103.4 98.4 93.3 90.1 88.3 86.3 85.5 85.5 83.7 80.9 77.7 75 72 67.7 65.1 64.6 64.6 65 65.8 66.9 69.8 73.1 75.7 78.9 80.7 81.9 80.7 78.9 78 78.8 80.9 81.9 81 79 76.3 72.7 69.2 66.1 60.6 57.4 56.6 55.7 60.8 72.5 75.9 72.5 77.9 86.2 101.1 115 122.3 128 130.8 131.6
139.1 138.5 137.9 137.3 137.2 137.8 137.7 137.3 137 136.6 136.2 135.9 135.5 135.1 134.6 133.9 133.2 132.1 130.9 129.4 127.1 124.1 120.1 116.5 112.7 109 108.3 105.5 98.6 93 88.3 84.6 80.9 78 77.4 75.6 72.7 70 67.9 66.8 66.7 68 69.4 70.4 72.7 74.4 78.4 83.6 83 82.5 86.9 88 87 85.6 83.5 83.4 84.7 85.3 85 83.3 80.8 78 72.5 67.6 62.7 57.7 54.7 53.7 55.7 62.7 66 68.2 76.8 88.2 103.1 117.3 124 128.8 130.8 131.6
139.6 139.4 138.8 138.2 137.6 138.2 138.3 138 137.6 137.2 136.9 135.7 135.1 134.7 134.2 133.1 132.1 131 129.7 127.3 124.4 121 120.7 118.6 116.4 115.1 114.6 113.3 108.1 102.5 94.7 87.2 80 74.5 71.5 69.9 68.1 68.3 68.8 70.6 72.5 74.4 76.2 83.2 87.2 92.6 98.1 99.3 91.3 87.9 93.6 95.4 95 93.4 91.4 88.4 88.8 89.3 88.6 87 85 80.2 75.7 68.1 64.2 59.8 57.2 51.4 51 55.7 61 70 77.4 90.7 104.7 116.7 124.7 128.7 130.2 130.6
139.9 139.9 139.5 139 138.3 138.5 138.9 138.6 138.2 137.8 137 135.8 134.6 134.2 133.3 132.1 130.8 129.6 127.8 126 124.1 123.2 123.7 122.4 120.6 118.8 117.9 116 111.6 103.9 95.9 84.7 76.2 72 69.1 68.6 70.2 72.7 76 80.4 85.3 89.5 95.2 100.5 105.5 111.5 110.7 106 94.3 97.7 104.9 106.2 105.9 104.2 103.4 100.7 98 96.1 94.1 90.2 87.1 82.6 77.9 71.7 64.3 60.1 56.7 56.8 50.3 51.1 61.5 69.9 79.1 93.3 107.8 118.3 124.7 125.5 127.6 128.9
140.2 140.4 139.8 139.2 138.7 138.9 139.3 139.2 138.8 138.2 137 135.9 134.7 133.7 132.8 131.9 131 130.2 129.2 128.3 127.8 127 126.3 125.2 123.7 121.2 117.6 113.3 106.9 98.8 88.9 79.2 72.8 69.9 69.7 72.5 75.5 78.8 86.1 92.9 101 106.1 111.9 115.5 117.8 118.6 114.7 107.2 99.5 107.4 114.4 116.1 116.4 115.3 113.1 110.4 107.2 102.7 96.7 91.2 86.9 82.3 76.7 70.1 64.3 59.4 56.2 54 54.5 49.8 56.4 67.9 80.7 95.1 106.2 114.1 118.3 120.4 122.1 125
140.5 140.5 140.1 139.6 139 139.4 139.6 139.8 139.4 138.2 137.1 136.3 135.4 134.3 133.6 132.7 131.9 131 130.3 129.9 129 128 126.5 125.1 122.6 118.6 113.3 106.8 98.2 89.1 80.1 74 70.6 70.3 72.6 76.3 79.8 86 94.5 104.4 112 116.9 120.3 122.3 122.8 121.3 115.9 108.3 108.3 115.5 119.6 121.1 120.7 119.8 118.2 115.1 107.6 100.9 93.9 88.1 83.2 78.6 73.9 67.9 63.8 60.2 56 54.3 52.7 51.2 50.5 65 78.9 88.5 93.5 99 106.5 110.9 115.5 120.5
140.5 140.5 140.2 139.9 139.3 139.8 140.2 140.4 139.7 138.8 138 137.1 135.9 134.9 134.3 133.5 132.6 131.6 130.6 129.7 128.4 127 125.3 122.8 118.7 113.4 106.2 96.8 87.4 79.6 74.7 70.8 71.5 72.9 75.2 78.8 84.2 90.9 103.7 115 120.1 123.5 125 124.9 123.8 122 115.8 112.3 116.7 122.1 123.2 122.8 122.2 121.5 118.9 112.9 104.6 96.6 90 84.2 80 75.8 72.3 69.3 66.7 64.4 59.9 54.6 51.9 49.8 49.2 58.7 70.3 75 77.2 83.4 89.8 98.5 106.9 111.1
140.4 140.4 140.1 139.9 139.6 140.3 140.9 141 140.5 139.8 138.9 137.7 136.5 135.1 133.9 132.5 131.5 130.7 129.2 127.8 125.7 123.3 120.6 117.4 114 106.6 96.1 86.6 79.6 74.1 71.1 71.9 74.8 76.7 79.3 82.6 88.5 99.5 112.4 120.9 125.4 126.4 126.2 125.6 123.9 121.1 118 120 123.1 124.5 124.5 123.9 123.3 121.6 118.4 115.3 109.7 100.8 90.4 84.5 80.4 77.6 76.6 75.1 72.6 68.4 62.4 57 52.1 49.3 50.4 52.5 61.7 66.1 69.6 73.5 78.6 87.4 95.1 95.3
140.3 140.2 139.9 139.6 140.2 140.9 141.6 141.6 141.1 140.6 139.4 138.1 136.6 134.9 133.4 131.9 130.2 128.6 126.4 122.5 118.7 115.1 112.1 108.8 104 99.3 88.6 80.2 75.7 71.8 72.6 75.9 78.6 82.2 84.3 87 94.1 107.6 119.3 125.7 128 127.5 126.7 125.2 123.2 121.6 122.1 124.3 125.3 125.8 125.4 124.9 123.4 121.6 120 118.6 113.9 103.9 96.5 92.2 86.7 82.7 81.4 80.5 76.3 71 64.3 58.8 54.8 49.7 47.4 53 56 60.7 64 67.4 70.1 74.7 80 83.3
140 139.8 139.7 140.2 140.9 141.6 142.3 141.9 141.4 140.4 139.3 138.1 136.5 134.6 132.8 131.3 128.2 125.5 122.4 115.9 109.9 105 101.3 96.8 92.8 89.7 82.1 76 72.4 73.6 76.9 80.5 87.7 95.3 93.6 91.3 101.8 114.1 123.9 128.2 128.6 128.3 127.1 125.6 123.9 123.9 125.2 126.2 126.5 126.4 125.8 125.2 123.9 122.4 121 118.9 114.7 110.9 108.6 104.7 97.9 89.6 86.5 83.6 78.8 73.1 67.2 61.4 55.9 52.1 48.3 47.2 54.4 56.1 59 61.4 62.9 64.3 67.2 74.3
140.2 140.2 140.3 140.9 141.6 142.2 142.5 142.2 141.3 140.3 139.2 137.9 136.4 134.3 132.3 129.7 126.3 122.9 119.5 115.8 112.6 108.4 102.8 94 86 81.9 77.7 73.4 73.1 77.6 82.5 91.1 100.9 106.9 98.9 99.8 110.3 121.1 127.5 129.3 129 128.1 127 125.8 125.6 126.1 126.7 127.3 127.4 126.9 126.2 125.5 124.4 123.2 122 119.8 118.2 117.5 115.3 112.7 105.3 98 92.2 86.9 80.7 75.7 69.6 63.6 58 53.9 48.2 46.8 46.8 53.1 54.1 55.3 56.5 56.8 57 60.8
140.6 140.5 141 141.5 142.2 142.9 142.7 142.1 141.1 140.1 138.9 137.7 136.5 134.5 132.3 130.7 128.8 126.2 124.5 123.8 120.6 115.4 108.3 96.9 85.8 80.3 76 74 76.9 84.3 94.1 103.7 111.5 113.8 103.6 108.6 118.2 125.7 129.3 129.9 129.3 128.2 127.2 127 127.4 127.7 127.6 127.6 127.7 127.4 126.8 126 125.2 124.1 123 121.3 120.7 119.8 118.3 115.4 112.1 107.1 100.2 94.4 87.9 81 75.4 68.3 61.7 56.9 51.5 47.5 45.4 45.7 50.3 49.6 49.8 49 47.7 46.5
141 141.2 141.7 142.3 142.9 143.1 142.7 141.8 140.9 139.9 138.8 137.6 136.4 134.6 133 132.1 130.6 128.9 128 126.4 123.4 117.2 106.9 95.3 85.9 80 75.4 74.9 83.2 93.4 104.8 114.4 120.1 117.4 109.8 115.1 123.1 128.9 130.2 130.1 129.6 128.5 128.3 128.5 128.8 128.7 128.3 128 127.7 127.6 127.4 126.6 125.6 124.7 123.7 122.9 122.2 121.3 120 118 115.3 112.3 108 102.8 96.3 90.2 85.3 78.7 71.1 64 58.8 53.9 48.1 45.2 45.5 46.3 44.8 43.9 42.9 41.7
141.4 141.9 142.4 143 143.5 143.3 142.2 141.2 140.2 139.4 138.3 137.5 136.3 134.8 133.6 132.5 131.1 129.6 127.9 126.2 122.1 114.7 103.1 92.3 85.4 79.7 74.9 77.8 89.5 103.3 115 123.4 124.4 120.9 116.3 121.2 127.4 129.9 130.6 130.2 129.8 129.6 129.6 129.6 129.6 129.4 129.2 128.9 128.6 128.1 127.7 126.9 125.9 125.1 124.5 123.8 122.9 122.2 121.2 119.8 118.1 116 113.3 107.9 102.1 96.1 89.6 83.6 76.4 72.4 67.7 62.3 56.7 50.1 46.9 46.7 45.6 44.1 43 41.9
