WholeMapElevations/data/sh/sh65_OST50GRID_20230518/SH65.asc
ncols 200
nrows 200
xllcorner 260000
yllcorner 350000
cellsize 50
[rows 35 to 69 of 200, columns 78 to 155 of 200]
849.5 853.7 859 867.8 870 876.7 892.7 906.1 924.6 930.4 940.4 931.8 906.2 867.7 832 822.8 822.7 821.6 838.2 876.8 925.9 948.6 953.2 954.6 942.4 902.5 874.5 862.7 876.2 917 947.2 968.5 968.5 970.9 969.5 967.8 967.6 960.3 942 931 918.5 910.7 904 896.8 886.2 873.1 866.4 849.9 838.3 825.8 812.7 798.5 786.3 778.2 775.6 769.8 765.7 761.3 757.4 752.2 747.9 745.8 743.6 742.8 742.1 741.6 742 743.7 747 752.2 758.8 769.6 779.7 789.6 797.7 802.6 804 805.2
880.5 886.6 892.7 900.1 912.7 913.6 924.2 932.4 947.1 953.3 948.7 945.8 935.3 891.9 844.3 835.5 837.7 849.3 878.6 913 942.3 951.3 950.8 949 940.7 933.5 927.7 912 933.1 961.1 959.2 955.8 954.2 956.2 960.4 960.4 959 942.6 929.8 920.8 910.7 903.7 896.6 889.1 877.9 867.4 858.6 844.9 833 824.3 810.3 800.1 788.9 782.8 777 771 766.8 762.3 757.6 752.1 747.8 742.9 740.4 738.1 735.3 736.6 738.5 743 747 753.4 760.8 769.2 779.6 790.5 798.3 803.5 805.9 804.9
899.3 906.5 912.8 919.7 931.5 939.1 944.7 948.4 963.2 964.6 964.4 961.1 965.5 933.9 865.7 865.9 868.1 880.9 916.9 950.6 953.5 950.3 945.1 932.1 918 911.2 909.1 915.6 926.9 945.8 940.3 941.5 941.1 945.4 954.7 954.7 943 929.4 921.6 913.5 905.4 895.3 889 878.6 865.8 858.8 850.4 837.5 827.3 820.2 806.4 796 788.8 782.3 776.4 770.4 766.5 761.5 757.2 751 746.5 740.5 732.1 729.7 727.7 729.4 731.9 737.1 741.2 748.1 756.4 768.2 778.9 788.1 796.2 803.4 806.4 801.8
912.3 920.5 928 938.6 948.5 957.9 964.1 969.5 973.6 973.4 972.1 974.5 975 971.2 919.4 908.8 908 927.1 957.7 962.2 955.3 942.4 927.2 907.2 891.7 886.6 893.4 901.5 906.5 920.6 923.7 921.7 920.9 931.5 932 932.7 931.7 921.2 914.8 904.7 896.6 886.5 877.4 864.1 855.4 849.5 835.7 828.3 821.9 812.6 802 792.2 786.7 781.2 773.4 767.9 764.6 760.8 756.4 751.7 742.9 729.7 722 718.6 720.9 723.9 725.9 728.4 732.2 741.7 751 760.4 771.6 783.7 791.5 794.5 792.8 781.4
923.2 932 938.8 948.3 958.7 970.8 979.8 981.1 981.6 980.3 978.8 977.6 976.4 973.7 964.4 947.7 952.8 957.9 958 955.4 945.3 926.5 903.5 878.4 863.4 867.4 869.2 871.2 875.7 895.4 896 898.2 905 913.3 923.9 924.4 919.2 911 903.7 893.1 883.2 878.6 866 854.6 849.1 840.4 826.9 818.1 813.4 807.1 794.1 788.6 783.7 776.3 766.4 764 762 759.3 754.3 749.3 734.5 724.2 715.9 713.2 713.7 713.9 717.3 719.7 727.3 734.4 743 747.5 759.4 770.2 775.7 773.3 769 756.7
932.5 939.4 944.7 953.8 962.3 974.1 987.4 991.2 991.3 984.3 979.3 976.9 975.1 968.8 961.6 958.2 956.3 953.9 949.8 943.7 921.8 901.3 874 854.9 845.8 842.5 834.4 821.8 829.5 854.4 861.5 870.9 879.3 903 926.7 915 908.7 894.8 888.4 884.2 876.2 869.7 854.9 846.6 839.3 827.5 817.6 811.1 806.5 795.3 788.6 783.8 777.2 767.8 763.2 760.8 759.6 755.5 752.3 746.3 733.5 717.9 714 711.2 707.9 707.2 714.1 712.1 717.1 725.6 730.6 734.4 746.4 751.8 755 753.9 755.2 745.5
938.9 943.9 947.7 955.3 969.3 983.5 993.7 989.3 986.6 984.5 977 968.7 965.2 960.1 955.4 949.4 947.7 942.1 935.8 919 895.7 869.5 853.4 848.3 827.2 810.7 790.3 784.9 790.3 802.3 830 845.4 844.2 861.2 883.5 890.2 890.8 888.2 882.3 876.8 869.2 861.1 846.6 838.8 831.5 816.1 808.2 803.6 797.4 788.7 782.2 777.7 767.8 762.7 758.6 755.6 753.4 751.7 748.9 743.5 733 720 710.9 705.5 710.1 705 698.8 700.9 710.3 718.1 718.8 722.9 733.5 737.7 744.9 745.5 736.7 720.5
937.9 944.2 948.1 964.5 974.8 982.7 983.9 978.8 972.7 962.9 955.3 955.5 956.2 951.5 943.3 940.8 935.2 927.6 915.3 895.3 861.4 844.8 839.9 842.3 815.7 788.9 768.3 767.3 768.8 779.8 802.3 811.9 805.6 822.3 846.5 856.7 875.1 879.3 874.5 870.6 862.9 853.9 840.6 829.9 823.5 808.6 801.2 795.5 787.8 779.1 774 767.7 761.5 756.3 752.6 749.2 748 746.6 746.1 743.6 734.7 718.3 705 698.3 697.3 695.2 692.4 692.6 691.6 697.8 700.7 709.4 711.4 725.6 724.4 720.4 712.1 698.3
938.2 942.8 946.5 967.4 976.1 971.5 968.2 960 952.9 947 943.8 946.3 946.8 944.6 934.6 928.4 923.5 914.6 898.8 860 836.1 827.5 831.7 836.3 809.2 783.6 757.6 750.5 749.6 758.4 757.6 770.6 774 787.3 800.8 820.7 851.8 861.2 866.4 868 859 848.5 834.5 821.8 812.5 802.5 793.4 786.8 778.7 769.8 764.2 758.9 752 749.2 743.5 741.9 742.3 742.3 743 743.2 737.1 727.6 709.4 700.7 696.7 697.4 692.5 685.4 677.9 675.6 682.1 687.8 695.3 703.9 701.3 704.4 690.6 681.1
936.5 939.2 945.9 952.4 956.1 952 944.9 937.8 934.8 932.2 934.3 936.8 932.2 927 918.7 915 909 898.6 877.1 839.3 820.7 817.7 826.4 830.9 801.4 767.7 735.7 727 727.2 733.6 735.8 746.6 756.5 755.4 770.8 790.2 809.4 831.2 852 869.1 857.1 842.7 828.9 815.1 803.8 794.6 784.8 777 769.2 760.7 752.8 748.9 744.9 739.3 734 733.6 737 735.1 738.6 734.8 730.7 723.9 705.1 698.2 698.4 698 694.7 686.6 678.8 671.8 670.1 672.7 678.5 688 683.3 675.7 671.1 666.6
931.2 936.2 940 940.5 937.2 930.5 925.4 922.5 921.8 922 924 920.5 912.6 908.1 902.1 898.5 890.7 879.3 847.6 827 816.2 812.5 816.6 807.6 781.9 747.2 713.9 702.3 704.5 710 713.7 727.7 735.5 736.9 743.8 756.3 777.9 804 831.9 854.4 848.9 833 815.7 804.3 792.6 786.5 778.8 770.9 759.7 750.8 742.7 739.2 738.3 729.4 728.4 726.3 726 726.9 727.4 726.9 720.1 717.5 704.2 696.5 694 690.1 689.5 676.2 668.5 662.9 662 663.5 664.4 670.4 672.3 668 655.7 649.2
920.3 925.3 926.8 922.9 915.5 910.4 912.1 909.4 908.7 908.9 908.8 903.1 893.8 886.4 878.4 872.4 868 851.7 833.2 817 813.2 807.3 793 763.9 747.6 714.4 692 677.5 680.4 678.1 685.4 700 719.2 720.9 724.3 736.7 756 783.5 795.7 813.5 816.9 807.3 796.2 787.8 785.6 781.6 772.8 768.3 754.3 743.7 735.5 730.1 732.3 726.1 720.8 715.1 712.6 715.3 710.4 710.2 712.6 714.8 706 703.9 697.7 687.3 678.1 669 663.2 662.4 660.8 660.3 659.5 656.6 653.5 647.3 645.6 639.8
912.1 911.3 907.2 902.2 895.7 897.7 898.4 894.5 893.9 893.8 890 884.5 869.5 855 839.5 833.1 832.3 826.8 820.9 809.9 809.7 799 769.4 736.4 708.7 695.9 671.3 656.9 653.1 652.5 663.2 676.6 685.9 695.7 703.8 720 737 747.3 760.8 767.3 778.2 777.9 773.4 772 778.7 775.1 766.7 756.5 746.9 736.8 732.1 721.8 718.7 715.5 712.2 699 701.3 703.8 702.3 699.3 701.2 701.2 696.9 698.8 692.9 685.3 674.9 669.8 660.1 657.2 657.1 655.3 648 643.6 637.1 628.7 621.5 611.1
902.7 897.5 891.1 885.8 884.1 885.6 882.9 880.6 875 873.3 868.4 856.1 833.8 820.5 809.8 806.1 805.5 810.8 805 794.2 792.9 776.1 749.2 708.3 688.4 679.2 659.8 638 629.8 630 642.2 655.8 663.2 673.7 677.2 686.6 701.1 725.9 734.9 748.2 749.6 752.6 748.7 754.7 762.6 755.1 751.3 742 734 734.2 731.9 717.8 710.8 705.3 699.8 684.9 685.4 682.5 680.4 686.9 685 682.1 687.1 686.3 690.4 688.1 680.2 669.8 661.2 658.8 658.3 651.5 644.3 636.4 622.9 614.7 602.3 592.7
892.7 884.3 876 870.8 871.1 867.2 868.7 859.5 856.9 850 837.8 816.7 800.8 787.9 782.7 779.8 786.9 791.2 790.2 777.7 765.2 731.2 705.3 676.1 667.2 655.9 635.2 623.1 606.3 610.9 621.7 634.2 640.8 648.3 655.7 664.1 677.1 697 717.8 720.6 725.3 727.9 730.2 735.7 743 734.9 731.9 724.1 722.2 723.1 717.2 710 704.9 693.9 680.8 669.6 663.5 661 664.1 666.1 664.7 667 675.9 678.6 679.6 684.9 677.7 662.3 659.3 661.1 653.4 647.1 627.3 612.2 602.4 591.6 586.6 579.5
881.3 872.2 859.7 858.1 857.7 856.9 849.2 841.5 835.2 823.6 797 782.2 771.9 762 761.1 763.1 773 768.4 763.6 747.2 726.1 703.7 675.9 656.8 640.9 626 611.1 599.4 589.9 588.5 603.8 616.7 620.2 625.5 630.3 639.6 653.8 672.6 694.6 697.8 699.1 711.3 711.5 712.1 705.5 710 708.5 699.5 703.4 704.2 705.5 692.9 682.4 671.8 667.7 651.3 647 645 643.8 646 646.3 646.2 648.2 656.3 662 665 659.5 654.2 658.5 654.1 641.9 622.7 600.7 589.7 584.2 575.8 563.7 561.4
864.4 854.6 848 848.5 848.1 846.4 835.3 825.3 814.2 796.4 771 760.9 748.3 743.2 743.1 742.5 745.6 750.9 745.4 713.4 694 675.4 652.5 632.4 622.5 602.1 592.1 576.3 567.9 568.7 581.1 596.5 599.1 607.5 614.6 628.8 645.4 654.4 666.5 676.2 685 690.6 693.9 683.2 683.5 681.4 682.2 682.8 684 683.8 674.7 670.9 662.1 652.2 646.8 635.6 631.6 628.5 629.1 631.5 633.4 633.3 636.1 639.3 641.1 641.5 640.4 647.7 648.5 647.1 633.1 597.6 579.1 572.1 560.9 554.8 547.3 539.1
842 838.6 839.1 839 838.8 830.6 821.3 808.7 792.3 769.8 748 740.6 734.1 728.8 728.1 719.1 730.4 726.5 703.2 684.3 665.7 644.7 625.2 607.9 597.4 583 571.8 560.3 554.5 548.8 558.9 573.4 584.7 595.8 606.8 622.4 638.5 648.4 656.2 665.6 670.7 671 666.5 662.8 662.2 658 659.1 656.2 656.2 658.7 651.8 646.1 648.7 638.1 625.1 623.6 619.3 615.6 616.4 619.2 623.3 620.1 618.5 623.1 624.2 625 626.3 625.2 624.3 613.5 595.5 580.3 566.6 555.6 546.3 536.5 526.5 516.7
828.8 830 829.1 829.4 824.3 809.6 799 784.9 773.9 757.4 735.6 722.9 714.8 713 704.7 690.7 698.4 685.8 661.7 638.3 627.3 616.5 594.2 579.4 567.2 556.8 552.7 542.9 538.9 537 548.2 560.7 576.2 588 598.9 613.2 620.2 635.7 645.5 649.6 656.6 650.8 643.6 639.9 636 634.7 634.7 634.6 634 633.1 631.2 631.4 625 620.5 612.9 610.4 604.6 602.5 602.1 601.7 605.5 604.4 605.5 604.4 608.6 610.4 608.7 604.4 601 592 578.4 561.4 545.9 537.7 528.1 519.1 505.7 492.5
816.8 818.4 815.9 812 798.3 787.9 778.5 763.7 755.5 744.6 724.8 707.9 697.2 683.4 667.4 651.1 642.3 635 612.4 603.8 587.3 576.7 564.7 551.1 538.5 531.3 531 528.3 523.9 525.4 536.7 551.1 565.6 579.1 587.7 598.5 610.6 626.9 631.5 630.2 634.5 622.6 619 615.7 611 615.6 614.1 611.6 615 609.6 608.9 605.9 604.4 602.4 599.2 596.3 595.5 589.8 588.3 589 586.3 589.7 584.9 585.6 588 587.9 589.8 586.2 581.1 571.2 562.2 548.5 524.8 512.7 506.1 494.6 482.8 474.7
808.6 804.8 799.4 790.3 782.2 775.3 759 742.7 728.7 718.6 709.3 687.9 670.1 651.5 630.7 614.4 605.1 591.1 573.7 563.7 554.1 546.1 534.6 527.9 519.6 515.7 511.2 508.5 505.2 510.4 523.9 537.2 546.2 565.5 569.6 583.9 596.8 604.8 612.9 614.7 607 604.9 600.3 596.4 595.9 593.1 591.9 592.5 593 589.7 587.8 586.5 589.2 588.6 587.5 583 580.7 575.5 573.6 571.5 570.8 567.5 567.9 566.3 567.4 569.1 570.1 566.7 559.8 551.6 546.2 526.1 505.9 492.6 485.6 476.7 465.4 456.5
795.1 793.8 785.1 778.4 763.9 756.4 739.2 724.9 703.4 686.9 685.5 663.6 639.4 615.5 595.7 581.9 565.6 555.4 541.9 533 522.3 510.1 508.1 505.7 498 496 488.1 487 492.5 501.9 515.6 525.1 534.1 547 560 577.2 586 592.4 596.2 595 595.6 591.2 587.5 585.9 581.5 580.8 577.1 576.3 577.8 579.1 574.8 575.3 577 575.6 576.3 572 565.9 562 554.6 554 553.3 550.1 548.8 549 550.5 548.6 548.7 544.7 536.6 529.1 514.9 499 482.9 472 461.7 453.2 447.8 437.9
788.8 780.5 775 764.7 752.9 737.4 721.9 707.6 684.8 666 657.4 637.7 610.4 585.3 563.3 549.7 536.4 523.4 510.1 498.4 485.6 485.5 484.1 479.5 476 472.5 471.3 473.4 480.9 493 505.7 516.3 522.3 539.4 553.4 565.8 576.4 580.6 585.1 581.9 581.5 579.9 573 571.5 567.3 566.6 565.4 561.6 560.5 561.3 563.1 560.7 563.9 564 563.9 561 547.4 540.9 524.9 533.6 532.2 530.5 531.3 532.5 533.5 530.5 526.1 525.4 513.7 500.4 485.1 470 460.5 452.7 440.5 435.5 426.1 410.9
774.9 770.9 762.4 751.5 739.3 721.2 704.5 689.8 661.3 644.7 630.7 614.7 581 556.3 538.4 525 510.3 495.5 482.9 468 459.7 456.8 459 459.6 453.6 455.1 456.2 455.8 467.1 478.7 497.4 503.4 515.5 526.6 536.4 542.9 552.7 566.6 566.5 569.3 566.2 567.1 560.4 558.6 555.3 553.5 551.7 551.9 548.4 549.5 549.1 551.4 550.8 549.7 546.3 537.6 530.6 520.3 505.3 508.2 509.1 511 511.4 510.7 507.5 500.3 496.4 499.1 479.7 465.6 456.7 448.5 437.9 432.8 425.8 415.7 401.3 385.9
765.6 755.8 749.2 735.9 721 702.9 680.7 659.9 636.9 622.6 605.1 586.7 559.6 533.7 519.4 506.1 490.2 474.4 458.1 445.9 436.8 430.9 431.5 430.1 432.9 432.3 442.3 445.4 451.5 465.5 478.6 492.5 502.5 508.6 520.5 524 530.3 533.7 541.8 546.7 550.2 545.7 539.9 540.2 541.8 539.8 537.7 535.5 536.8 534.8 536.5 539.2 539.8 536.3 527.4 519.6 506.7 499.7 486.8 476.6 484.4 484.8 482.9 478.3 470.8 469.1 461.8 456.5 450.1 443 435 428.1 420.5 416.9 410.4 392.9 377.2 365.2
749.5 746.8 734.1 718.1 700.8 678.7 653.8 635.2 614.7 598.8 585.5 569.3 535.8 515.7 500.1 488.3 473.4 454.3 441.7 426.3 414.6 411.6 412.4 415.1 419.4 421.9 425.5 434.1 440.8 448.5 465.3 476.4 485.7 492.1 500.3 501.1 506.3 513.2 519.6 521.6 529.5 523.4 523.6 526.2 524.3 527.4 524.9 523.5 522.3 521.8 520.9 524.4 521.9 516.5 508.4 493.5 482.3 472.7 466.3 453.1 456.7 456.9 453.3 448.3 443.6 439.8 437.6 432.5 427.8 421.9 414.6 404.7 401.5 390.3 382.2 370 361.2 355.9
728.5 718.2 710.2 693.8 678.9 657.2 636.2 616.5 594.6 576 558.4 536 518.6 503.6 488 472.1 460.8 444.1 427.6 415.6 399.7 397.1 399.6 404.4 406.2 408.8 412.3 413.8 425.8 436.6 446.4 457.9 468.2 472.1 472.6 479.8 485.2 491.9 497 503.4 502.9 505.9 509.1 507 509.7 511.1 512.2 510.5 509.3 508.4 505.2 502.8 498.8 492.1 481.9 467.5 460.5 454 443.2 435.4 433 432.7 429.2 424.5 419.8 420.8 418.3 409.1 403.2 396.4 388 383.4 376.3 371.3 360.2 353.3 349.9 342.3
684.1 684.3 675.5 671.5 653.4 643.9 615.8 590.4 572 556.4 534.8 519 505.9 487.5 473.7 461.7 448.8 437.1 419.9 406 398.9 392.6 390.2 390.5 394.6 397.8 402.6 406.9 414.3 421.6 433 442.4 448.5 453.5 461.7 459.6 462.1 468.6 480.8 484.5 486.6 489.7 490.9 489.9 495.4 498.4 497.3 495 497.3 495.6 488.7 479.2 472.6 464.3 457.3 448.9 442.2 436 429.2 419.7 414.6 412 407.6 401.7 398.5 398.7 393.8 383.6 381.4 377.1 372.4 368.7 360.6 353.6 346.5 339.5 335.1 327.1
638.9 655.3 656.5 652.3 650.9 636.6 606.1 576.2 551.1 533.6 515.2 495.5 491.3 469.8 461.6 449.6 438.9 429.1 418 403.6 393.5 390.2 387.9 386.2 387.7 392.2 395.4 399.7 405.4 410.8 421.3 428.2 431.7 438.1 442.8 446 449.9 454.7 461.6 462.9 465.8 463.4 466 468.8 469.8 475.3 477.1 476.6 477.2 478.3 469 466.2 458.5 450.8 440.6 435.9 425.2 415.2 408.3 398.5 386.1 384 380.6 377 372.5 374 369.5 367.9 368.3 363.7 358.3 353.7 345.6 338.4 329.1 323.4 316.9 311.7
627.4 641.5 646.6 642.9 641.2 629.7 595.9 559.7 532.9 512.7 496.2 482.8 469.3 459.2 450.1 438.9 428.2 421.5 415.5 403 394.5 388.7 387.6 386.1 385.4 386.5 388.6 391.9 398.8 403.2 412.5 417.4 419.8 420.2 426 427.1 430.7 434 436.7 434.1 439.7 441.2 444.8 446.1 448.3 455.1 456.4 459 458.6 454.8 453.2 443.9 436.7 429.3 419.6 410.2 404.2 393.4 388.1 381.2 375.9 368.8 363.2 362.1 361.1 359.1 359 357.2 356.1 354.1 349 345.6 340.7 331.7 323.1 317.4 313.9 305.2
610.6 634.9 642 641 631.8 615.6 589.3 551.1 523 504.2 485 472.2 461.3 450.8 441.7 429 420 411.9 409.7 399.5 390.4 386.7 386.3 385.8 383.8 384.5 385.1 386.7 386.8 388.9 393.6 398.9 400 400.2 403.7 406.8 405.2 408.8 414.4 416 416.7 420.2 421.5 422.6 426 432.7 437.5 436.4 431.3 429.7 426.8 422.9 410 405.2 396.8 388.6 383.9 377.5 375.7 368.5 361.9 352.6 350.8 350 346.2 344.2 342.3 339.2 338.2 333.5 333.1 329.5 325.6 322.8 321.9 315 308.2 301.8
622.6 644 637.9 627.8 615 596.5 565.6 539.4 516.5 497.6 479 462 451.6 446.9 432.6 422.9 417.1 408.6 404.1 395 388.9 385.3 384.8 384.5 385.3 381.4 380.2 379.6 378.7 377.7 381.2 383 382.9 383.9 388.4 392.6 391.5 390.3 388.8 394.7 398 400 399.6 403.5 409.7 413.4 416 410.5 412.4 408.8 403.3 398.4 394.8 386.5 381.4 372.6 371.2 364.1 357.3 351.1 346.4 340.8 335.9 333.7 330.2 328.7 329 330 325.5 324.9 321.3 318.9 315.5 313.8 310.8 306.6 298.6 289.7
609.2 625.2 629.5 625.7 606.7 590.5 559.8 536.4 516.5 494 472.9 457.2 448.5 438.5 426.8 416.7 409.3 405.4 396.2 390.8 386.8 384.9 383.8 382.8 379.4 377.5 374.6 373.1 373 373.8 374.3 374.4 373.1 374.3 375.7 379.2 376.4 373.5 374.9 378.4 383.2 385.4 387.6 388.8 391.2 399.7 399.5 395.9 396.1 393.7 389.5 384.9 379.2 370.7 364.8 362.5 355.8 351.2 346.5 340.1 336 327.7 325.5 317.6 318.7 317.6 315.9 313.3 311.5 309.1 307.2 304.5 299.8 299.4 296.6 291.1 286.2 282.7
601.6 620.6 617.7 615.5 605.1 575.9 549.6 522.5 503.2 484.5 469.5 457.4 446.2 438.9 423.8 410.7 403.6 397.1 391.8 387.3 385 383.8 383.9 384.2 378.6 375.3 376.1 374 372.3 372.5 372.7 372.2 371.4 373.1 373.8 371.2 368.7 367.1 366.3 368.6 370.6 371 367.4 371.1 376.4 379.9 380.2 382.6 380.5 373.5 370.5 366.1 360.7 357.4 353.3 348.8 344.1 338.9 333.2 327 320 314.8 313.6 307.8 306.3 305.5 303.7 298.5 298 296.8 292.3 290.9 288.3 286 283.5 281.1 276.6 272.7
594.8 603.9 604.2 590.7 577.8 561.5 538.6 517.1 502.8 481 462.6 453.4 442.6 432.2 420.7 410 402.4 395.1 386.3 384.1 383.3 383.7 384.3 384.3 383.3 378.6 379.8 377.6 374.5 374.6 373.2 374 372.8 370.2 372.8 366.5 361.9 358.9 357.1 357.4 352.6 350.6 352.1 352.7 360.1 358.4 359.6 365.8 359.4 355.7 355.3 353.8 350.5 346.5 340 336.2 329.2 324 320.5 314.8 308 304.5 301.1 299.5 295.2 294 289.7 286.4 284.3 283.4 281.4 281.2 277.9 273.1 269.5 267.7 265 263
