UK/data/nj/nj45_OST50GRID_20230518/NJ45.asc
ncols 200
nrows 200
xllcorner 340000
yllcorner 850000
cellsize 50
[rows 140 to 174 of 200, columns 0 to 77 of 200]
142.5 146.7 147.5 149.8 152.5 154.3 155.6 158.2 160.7 161 159.9 165 167.7 169.8 173.2 175.1 177.7 184 190.2 195.8 198.8 200.7 201.9 202.2 202.6 203.3 203.2 201.8 199.4 195.8 193.8 192.4 190.9 188.9 186.7 185.4 184.2 182.4 180.3 177 172.6 173.6 171.9 171.5 169.9 167.3 165.7 166.8 166.9 165.7 166.2 169.8 168.1 167 169.8 175.4 179.5 183.4 186.4 186.3 182.9 182.2 179.1 175.3 173.2 170 169.5 167.3 168.9 170.2 172.8 175 176.3 177.2 176.6 175.4 172.9 170.7
143.2 145.3 147.4 148.8 151.4 152.6 154.4 157 158.3 159.2 162.8 165.3 165.9 167.3 172.3 174.1 178.9 185.2 190.2 195.1 196.4 197.7 199 198.9 199.3 199.6 199.9 199.4 197.5 194.6 193.1 190.8 190 189.1 187.3 185.9 184.7 183.4 181.9 180 177.1 167.8 172 171.3 169.5 167.1 164.3 163.9 163.7 162.2 167.6 166.1 165.3 166.9 169.8 174.8 178.8 181.7 183.5 182.4 180.5 176.5 173 169.9 167.1 164.6 162.9 161.8 161.6 163.3 163 163.4 165.9 167.1 167.5 166.2 164 162.5
143 143.9 146.5 148 150.2 151.8 153.9 155.3 157.2 158.9 162.8 165 165.4 165.6 170.2 173.6 177.5 183.8 187.8 191.2 193.4 195.1 195.4 195.8 196.2 196.3 197.3 197.4 197.1 195.9 194.5 193.6 191.6 190.4 188.2 186.9 185.8 184.6 183.1 181 180 176.3 165.7 171.1 170.7 169.3 167.4 162 161.2 166.5 164.4 164 164.6 166.4 169.5 174.2 177.3 179.9 179.7 178.6 177.2 173.8 170 166.4 162.4 160.4 158.5 156 155.6 156 156.6 158.6 157.1 157.7 159.3 156.8 155.5 153.3
141.8 142.5 145.6 147.8 149.5 151.2 153.1 153.8 155.8 157.5 161.5 164.4 165.9 164.8 170.4 172.1 175.6 182.1 185.8 188.9 190.7 191.8 192.5 192.9 193.2 193.8 196.2 196.9 196.5 196.3 195.6 194.4 193.2 191.4 189.2 187.9 186.9 185.9 184.2 182.6 180.9 180.7 175.7 165.5 171.8 170.4 169.3 162.7 164.3 164.4 163.1 162.4 163.3 165.8 169.2 172.9 175.4 176.7 176.7 175.9 173.2 169.9 167.2 163.3 159.9 157.4 154.9 152.3 149.7 150.6 150.2 150.9 150.2 154.1 153.6 152.4 151.5 149.8
138.4 141.8 145.1 146.9 148.5 150.2 149.6 153.7 154.2 156.6 160.3 162.8 165 163.2 168.9 169.6 173.9 180.1 183.6 185.9 187.7 188.9 189.6 190.1 190.6 191.9 193.7 194.6 194.9 194.8 194.5 194.1 193.2 192.2 191 189 187.7 186.8 185.7 184 182.3 180.1 177.4 168 167.7 170.4 167.6 159.3 164.3 163.1 161.9 161.5 162.6 165.5 168 171.2 173.7 174.3 173.9 172.5 169.2 167.1 164.3 161.9 158.2 155.7 152.2 149.6 146.9 144.7 144.3 143.8 143.5 145.1 145.4 145.4 145.2 144.7
137.5 141.8 144.5 145.7 146.2 148.2 150.2 152.6 152.8 156 157.5 160.6 162.7 161.9 167.9 168.8 172.4 178.1 181.2 182.9 184.7 185.6 186.5 187.7 189 190.3 191.8 192.7 192.8 192.6 192.6 193 192.7 192.3 191.3 190.2 188.7 188.2 187.2 185.5 183.7 181.8 179.3 175.9 162.7 166.6 168.1 162.4 159.4 159.7 158.8 162.2 163.2 163 165.6 169.1 170.6 170.5 169.9 167.4 164.5 163.3 162.3 159.7 156.1 150.9 147.9 146.4 144.5 145.2 143.9 143.5 140.8 141 141.5 139.1 138.6 139.9
136.2 137.7 143.9 144.9 145.1 146.8 148.9 151 151.9 154.6 154.7 159.1 159.9 159.9 165.6 165.7 171.3 175.7 177.6 179.8 180.8 181.6 182.6 184.5 186.5 188.1 189.5 190.5 190.4 190.2 190.4 190.7 191.3 191.5 191.3 190.7 190.2 189.4 188.8 187 185.6 183.2 181.1 177.9 174 159.7 155.2 162.5 149.9 144.4 148.1 153.1 154.4 159.4 162.7 165.8 166.2 166.6 165.9 164.8 162.9 161 158.2 156.3 153.5 150.2 147 144.8 143.9 144.9 142.2 142.8 139.8 136.9 137.7 138.9 137.7 137.5
135.1 135.1 142.8 137.1 144.5 145.5 147.2 148.4 148.5 150.4 154.9 157.3 158.6 157.4 162.7 163.8 169 173 174.6 176.6 178 178 178.6 181.1 183.6 185.1 186.4 187.3 187.7 187.7 187.7 188.4 189.6 189.7 190.8 190.3 190.2 190.5 190.3 189.9 187.2 184.5 182.3 178.7 176.3 174 157.2 154.8 162.2 154.8 145.2 139.3 149.4 158.6 161.2 161.1 161.9 161.3 162.4 160.6 159.5 157.3 155.9 153.8 149.6 147.7 145.5 144.3 144.8 142.2 141.1 140.1 137.5 137.2 135.1 134.7 134.6 135.6
135.2 133.5 134.3 134.8 143.7 145.3 145.8 145 149.1 148.5 152.9 155.1 157.1 154.9 159.7 162.7 165.3 169.7 172.1 172.1 173.7 174.8 175.1 177.6 180.1 182.1 183.3 183.7 183.9 184.6 185.3 186.1 187.1 188.4 189.4 189.9 189.6 191.1 192.6 191.6 188.8 186 183.2 180 177.6 174.2 168.7 162.3 147.7 155.9 155.6 138.5 139.4 151.1 154.2 155.3 156.2 157.2 156.4 155.3 154.9 152.9 152.5 150.1 147.1 145.1 144.1 141 140.5 141.4 140.7 138.5 138 137.8 137.2 132.7 125.1 131
137.2 134.4 133.4 133.8 142.1 143.4 141.5 144.2 147.2 147.7 149.4 152.6 153.4 155.2 158.9 159.6 162 165.3 167.8 168.4 168.7 169.4 171.6 174.1 176.1 178.4 179.6 179.7 180.1 180.6 181.5 182.5 183.4 185.3 186.9 187.3 190.1 192.2 193.8 192.1 189.9 187.2 183.7 180.3 176.5 172.6 168.4 164.8 161 145.4 145.7 141.7 134.9 137.6 145.5 149 152.3 151.3 151.3 151.3 149.9 147 147.7 145.3 143.6 141.8 142.4 141 139.7 139.5 140.3 137.9 137.1 136 135.5 131.3 128.7 121.5
137.4 134.3 132.9 132.4 141.3 139.2 141.4 144.2 145.7 146.4 146.3 148.9 151.7 153.4 156.7 157.9 158.8 159.9 161.6 162.6 164.6 165.3 167.6 168.8 172.3 174.4 175.3 175.4 176.1 176.6 177.7 178.7 179.5 181.4 183.4 184.8 187.7 190.9 192.5 191.2 189.3 186.6 183.4 179.4 175.6 171.5 167 164 160.7 156.8 156.5 155.8 149.2 135.7 131.8 135.1 144.7 145.5 145.7 147.1 146.2 144.3 142.5 141.5 139.9 139 140.6 140.9 139.7 138.7 139.4 136 134.1 133.3 129.5 127.4 127.7 121.4
137.1 135.6 133 131.5 136.2 138.3 141.1 145.4 143.6 144.1 144.8 147.4 150.2 150.7 153.8 155.1 154.6 157.5 158.2 158.5 159.6 162.3 164.1 165.4 167.9 170.4 171.1 171.4 172.1 172.8 173.9 174.8 175.5 177.5 179.4 181.7 184.5 187.6 189.3 189 187 184.3 181 177.9 174.4 169.7 165.7 163.1 159.8 157.4 155 154.5 149 147.8 134.6 131.4 132.3 135.6 138.5 142.5 142.1 142.1 141.2 139.3 139.2 137.5 136.7 137.1 137.1 136.3 137 133.4 132.3 129.4 125.5 124.9 125.9 123.7
137.8 135.5 134.9 130.1 133.7 140.1 140.4 141.5 142.3 143.1 143.5 144.4 147.4 149 149.3 152.6 154.1 153.3 155.9 155.7 156.2 158.8 160.7 162.6 164.1 166.4 166.9 168 168.2 169.2 170.2 170.6 171.6 173.5 175.5 177.5 180.2 183.3 185.5 185.1 183.6 181.4 178.5 175.4 171.9 167.9 164.6 162.5 157.3 154.1 153.1 149.6 145.5 145.2 146 139.5 128.4 130.2 129.1 131.3 136 139.1 137.7 137.4 135.8 136.1 136.1 134.2 134.6 132.4 133 131.3 128.9 124.7 121.8 121.5 122.8 122.1
140.4 137.1 132.9 131.8 135.4 138.2 138.3 140.6 140.8 141.1 141.3 141.5 144.7 146.3 147 149.2 150.4 151.5 151.3 152.4 152.9 155.3 157.6 160.1 160.5 162.7 163.6 163.9 165.4 166.4 166.3 166.3 167.6 169.5 171.3 173.2 174.8 177.7 180.3 180.7 179.6 177.8 175.7 171.9 168.5 165.6 161.6 157.5 154.6 153.6 149 146.5 142.7 142.4 140 137.4 135.3 129.3 127.2 126.2 123.7 129.7 135.8 128.9 133.5 135.5 134.4 132.2 129 126.9 129.3 127.3 123.8 120.3 117 116.7 116.2 113.5
140.7 137.6 134.4 131.6 131.3 134.5 137.6 138.2 138.7 139.4 139.8 140.9 141.2 143.6 144.1 146.1 147.5 148.8 147.7 150.5 150.6 151.5 154 155.5 157.1 159.2 159.3 160.9 162.5 163.1 163.3 163.6 163.7 164.9 166.9 168.3 170 171.9 174.4 174.6 174.5 173.2 171 167.8 164.2 161.3 157.9 153.6 151.3 149.3 145.1 143.7 141.8 144 140.9 140.4 139 140.5 135.9 132.1 133.7 127.5 126.4 124.7 118.4 131.1 130.5 129.2 128.1 125 123.1 121.8 117.4 115.6 113 110.7 109.5 107
139.9 137.2 134.1 130.8 131 130.4 132.4 134.3 138.2 136.9 138.6 139.9 140.2 141.5 140.8 142.4 144.8 145.6 145.3 146.1 148.1 149 151.1 153.1 153.9 154.8 156.6 157.2 159.3 160.1 159.7 161 159.6 160.2 162 163.5 165.3 165.9 167.8 168.5 168.4 167 165.7 162.6 159.1 156.5 153.8 150.5 149.2 144.8 142.8 142.5 141.4 142.9 139.2 136.6 136.8 136.9 132.3 132.1 134.5 135.5 133 131.7 130.3 115.6 122.2 124.5 122.7 120.8 118.4 113 112.7 110.5 108.2 106.5 106.2 103.9
140.3 138.5 136.9 133.4 129.5 130 130.1 132.5 132.8 134.7 136.6 138.7 138.7 139.6 139.7 139.2 141.1 142.4 142.5 144.5 144.4 147.7 147.9 148.7 150.1 150.7 152.4 153 156.1 157.4 158.3 158.6 157.1 156.8 156.6 158.9 160.2 161.2 162.6 162.6 162.2 161.7 160.4 157.9 154.7 152.2 150.2 148.3 147.3 142.7 140.5 140.4 140 140.4 134.4 133 135.5 133.9 130.5 131.4 134.4 134.3 131.3 129.7 127.4 125.5 119.1 113.8 117.1 114.1 111.1 108.9 107.1 106 104.3 104.6 104.4 105.2
142.6 142.8 139.4 135.1 131.8 128.9 129.2 129.3 130.5 130.6 132.7 134.5 135.1 137 138.2 138.5 137.9 139 140.1 140.6 141.5 144.9 146.6 147.7 146.2 147.4 151 150.9 150.7 152.6 155.2 155.9 155 155 154.8 154.3 154.8 156.1 157.4 157.2 156.4 156.3 156.5 154.5 150.9 148.7 147.4 145.5 143.3 141 140.1 138.2 136.8 138.4 131.6 131.1 133.8 131.9 129.8 130.5 133.9 132 129 126.4 123.4 119.7 111.6 110.7 110.4 109.5 107.7 106.5 105.9 105.3 104.9 104.9 105.1 106
144.3 144.7 140.9 139.5 136.1 129.1 129.1 128.3 128.3 128.5 128.1 127.1 128.1 133.6 136.5 136.9 137 137.6 137.8 138.3 138.7 140.5 143.2 145 145.5 144.9 148.6 149.8 148.8 147.3 150.8 153.1 153.2 153.2 152.9 152.8 149.1 150.6 152.4 153 151.3 151.1 151.3 149.7 147.1 145.4 144.6 143.8 139.8 137.7 136.6 134.7 134.8 135.8 129.4 129.5 133.2 128.2 128.8 128.6 129 126.4 123.3 119.4 114.9 111.3 109.6 109.7 108.8 108.6 107 105.8 105.2 105.3 105.5 105.2 105 105.2
145.4 144.4 142.9 142.3 139.2 136.1 128.4 128.1 128 127.6 126.1 124.4 124.4 129.3 133.4 134.2 135.1 135 136.1 136.4 137 136.4 138.6 141.4 143.1 142.2 144.6 146.7 147.8 148.8 147.9 149.5 150.9 151.2 151.2 150.6 147.8 145.9 147.5 147.8 146.4 146.7 146 144.8 143.8 142.8 141.9 139.8 137.1 135.2 133.7 131.6 130.6 133.1 126.7 126 131.2 126.4 128.2 125.7 121 117.7 112.8 108.3 108.4 107.4 108.1 109 108.6 107.3 106.5 106.2 105.7 105.8 105.7 105.3 105.6 105.1
147.5 145.5 145.3 143.5 142.7 142.6 136.4 128.8 127.7 126 126.7 124.7 125.4 123.3 130.7 130.7 132.8 134.1 133.4 134.5 135.1 135.5 136.4 138.6 140.2 140.4 141 143.7 145 146 146.7 145.4 147.1 148.8 149.7 148.5 146.9 146.6 146.2 144 143.1 143.3 143 142.6 141.9 141.3 138.6 137 135 134.1 131.1 128.4 129 132 127 123.1 127.1 123.8 122.2 117.9 112.8 108.8 107.9 107 107.6 107.2 107.9 107.8 107.7 106.9 106.5 106.5 106.1 106.4 105.8 105.4 105.3 105.2
149.7 146.1 145.4 145.4 144.6 143.6 142.7 139.5 137.3 136.8 136.8 135.5 126.2 123.8 122.2 128.6 127.7 129 129.9 131.6 133.9 133.8 134.5 135.8 137.5 138.4 138.3 140.3 142.8 144 145.1 144.2 141.6 146.8 147.1 145.9 145.3 146.5 146 144.7 143.9 144.4 141.3 138.8 138.7 138 135.9 132.4 130.7 130.8 128.8 124.9 126.7 129.5 124.7 119.1 118.7 115.8 112.2 109 108.3 107.4 107.6 106.3 107 106.8 107.1 106.8 106.8 106.8 106.3 105.6 105.9 105.5 105.7 105.5 106.3 106.3
150.9 147.4 147.2 145.9 144.4 144.1 142.3 141 140.3 139.2 137.8 136 131 124.6 123.8 123.6 123 125.8 126.6 129.2 131.9 131.9 132.8 133.3 134.8 136 138.2 137.5 141 142.5 143.5 143.3 142.4 141.9 143.7 143.7 144 143.7 142.3 142.7 142.8 142.2 142 140.2 139.3 137.2 135.5 133.4 129.9 124.9 120.1 116 121.3 123 118.2 111.8 109 109 108.9 108.5 108.5 107 107.1 106.2 106.9 106.5 108 108.5 109.4 109.7 107.5 108.4 108.3 107.6 107.4 107.4 107 106.7
151.4 149.7 150 148.8 147.8 146.4 144.5 143 141.6 140.4 138.4 135.2 137.3 135 124.8 123.8 123.8 120.8 123.4 125.8 130.8 131.7 131.7 131.9 133.3 134.2 135.6 135.6 138.8 140.2 141.6 142.5 142.2 138.3 136.6 140.7 142.2 139.7 139.8 140.9 141.1 140.5 140.8 140.3 139.4 137.2 134.7 135.1 132.5 129.2 126.5 121.9 111.7 112.3 109.3 109 108.9 108.7 107.5 107.2 107.8 107.8 107.4 107 106.2 107.5 109.1 108.7 107.9 111.3 107.9 109.8 112.9 114.3 114.8 115.1 114.6 112.7
151.7 152.8 153.1 151.9 150.1 148 146.2 144.3 142.9 141.1 139.1 137.3 138.6 137.8 133.8 124.6 123.8 123.8 124.7 122.4 130.2 129.7 130.2 131.4 132.2 132.6 134.2 134.1 135.3 137.7 139.1 140 139.9 139.3 132.9 136.3 139 137.2 137.4 138.2 139 138.3 139 138.6 137.7 135.4 133.2 132.7 131.8 126.6 122.9 116.7 110.4 108.9 108.7 108.9 107.3 106.8 107.5 107.1 107.5 106.1 107.6 107.7 109.1 109.1 109.9 109.1 108.8 112.8 115.5 120.9 123.8 125.3 125.4 124.7 124.8 125.2
154.6 154.2 154.5 153.7 150.5 149.6 148.1 145.9 143.7 141.7 140.5 139.2 139.6 136.1 133.2 136.6 132 129 124.2 121.1 128.2 129.7 129.5 129.5 130.2 131.2 132.2 133.2 132 135.4 135.8 136.4 137.1 137.3 134.6 131.8 132.5 133.8 134.1 135.3 135.9 135.1 135.6 135.5 134.6 132.5 129.9 127.4 125.7 119.6 111.4 108.9 109 108.4 107 107.5 107.6 107.7 106.9 107.3 106.7 107.2 109.5 109.4 109.3 109 109.3 110.2 117.2 126.1 129.8 132.4 133.5 133.9 133.8 132 132.1 132.8
156.1 154.8 153.4 152.7 150.7 150 147.7 145.3 144.3 142.8 141.4 139.5 138.6 137 137.2 135.5 133.7 130.9 126.4 121.2 128.5 130.4 129.1 128.6 129.1 129.5 130.7 131.8 131.9 133.5 134.3 134.5 134.9 134.9 133 133.7 130.8 124.2 127.9 132.1 132.6 130 130.9 131.1 130.1 128.7 125.6 118.8 112 106.9 107.5 107.6 107.6 107.6 107.8 107.9 107.9 108.4 108 108.5 109.6 109.5 109.2 112.1 111.2 111.2 117.4 126.4 131.1 134.5 137 138.9 140.2 140.7 139.6 138 139.7 139.2
158.3 157.8 156.9 155 153.6 152 149.5 149.3 147.4 146.4 144.6 142.2 139.9 137.7 136 135.9 133.7 131.6 125.9 119.8 128.8 129.1 128.5 128.3 128.4 129 129.7 130.2 130.1 131.1 132.1 132.2 132.3 131.3 129.8 125.9 125.2 127.7 125.2 121.9 126.5 124.5 123.1 122.4 122.2 118.6 113.3 108.1 107.7 107.8 108.5 108.3 107.6 107.8 107.9 107.8 108.4 108.4 109.3 109 109.4 109 116.3 114.7 118.8 127.5 134.9 138.2 139.8 141.4 143.4 143.8 144.5 144.7 143.9 144.7 144.4 142.2
160.4 158.8 157.8 156.6 155.5 154.4 152.8 152 150.3 149.2 148.2 145.8 143.1 140.4 138.1 136.7 134.7 131.5 125.5 116.7 127.6 128.2 128.6 128.1 127.8 128 128.9 128.5 128.6 130.4 129.5 129.1 129.6 128.8 125.9 118.9 116.3 121.4 121.3 117.3 116.4 113.8 110.7 108.9 108.4 107.5 108 108.3 108.6 108.1 108.3 108.5 108 107.4 108.1 109.3 109.8 109.1 109.3 110.5 111.2 113.1 118.5 124.2 131.1 136.8 141.3 144.3 146 145.8 147.2 147.3 146.7 146.3 147.5 148.8 147.3 143.8
161.1 160.7 160.2 159.2 157.5 156.2 155 153 151.5 150.6 149.9 148.9 146.6 144.4 141.3 139.3 136.7 133.1 127.9 116.9 123.2 128.8 127.7 126.3 126.8 127.7 128.7 127.4 127.9 129 127.1 126.6 126.7 124.9 122.1 117.4 116.1 111.3 112.1 112.3 112 109.9 108.2 107.8 108.1 108.7 108.7 108.9 108.7 108.4 108.4 108.5 109.7 106.3 108 109.2 108.7 108.8 110.4 111.3 112.2 114.1 120.1 130.9 136.5 141.7 145.9 148.9 149.2 149.2 149.6 149.8 148.7 148.5 150 149.5 148 144.7
161.5 161.6 161.5 160.4 159.1 157.9 156.3 155 153.8 152.2 152.1 151.5 150.5 148.3 145.7 142.1 138.7 135.6 132.4 124 120.4 127.5 127 124.8 125.6 126.3 127.4 126.3 125.3 125.9 124.5 123.7 123.1 123.3 117.4 112.8 109.8 109.5 109.2 110.2 110.1 108.9 108.2 108.2 108.9 109.1 109.1 109.3 108.5 109 109.7 107.7 108.9 109.9 108.5 108.4 109.5 111.1 110 110.7 112.9 116.4 125 134.4 140 144.4 147.2 149.8 151.1 150.5 151.1 151.1 151.3 151.4 151.1 149.5 146.6 142.9
162.5 163.4 162.5 161.6 160.2 157.2 157.2 156.7 155 154.3 152.7 151.9 152.2 151.9 150.3 146.6 142.5 138 133.9 127.6 118.3 120.7 123.7 124.3 125.9 125.4 124.7 123.7 123.9 124.2 123.1 122.3 124.8 123 116.2 110.9 109.1 108.9 108.6 108.3 108.3 108.2 108.6 109.6 109.5 109.3 109.1 109 108.9 108.7 108.9 108.2 107.5 108.1 108.7 109 110.1 110.5 110.6 112.5 114.4 114.4 128.7 137 142.2 145.9 147.7 150.2 151.7 152.7 152.2 152 151.8 152.4 151.3 149.3 146.2 141.8
164.6 164.4 163.8 163 161.2 158.6 158.6 156.9 155.4 153.9 153.1 152.8 153.2 152.9 152 148.4 144.5 141.1 136.1 132.8 125.3 116.3 114.5 120.5 120.6 121.8 123.4 122.1 121.2 121.1 121.5 121.4 125.4 120.9 115.1 109.4 108.8 108.4 108.4 108.8 109.7 109.3 109.5 109.8 109.3 109.3 108.9 107.9 109.1 108.6 108.8 108.5 107.6 108.6 109 109.5 109.2 115.3 114.3 116.7 122.1 122 128.8 136.9 141.6 143.8 147 150.4 152.7 153.7 154.7 153.4 152.8 152.6 150.3 147.4 144.5 141.2
164.6 164.3 163.6 162.7 161.9 160.3 157.9 155.6 154 152.9 152.9 152.3 152 151.9 150.9 148.5 145.4 142.1 136.8 131.4 128.9 125.3 122.2 117.6 115.5 118 119.5 119.2 119 117.6 118 118.1 120.1 117.3 111.6 109 109.3 109.7 109.9 110.1 110 109.5 109.4 109.5 109.5 109.6 109.7 110 110.1 109.4 108.8 109 108.6 108.3 109.1 111 114.3 116.9 115.3 119.1 125.5 124.1 132.2 138.3 142.2 144.7 149.5 155.3 156.7 157.8 157.5 156 153.8 151.6 148.5 145.4 142.3 141
163.6 163.3 163.2 162.3 161.2 160 158.3 156.5 154.7 152 151.4 151.6 149.7 148.5 147.9 146.7 144.3 141.7 136.4 131.2 129 127.4 126.2 121.3 116.4 116 113.4 114.3 117.8 117.1 115.4 114.7 113.4 112.1 109.7 110 110 110 109.6 110.3 110.3 109.6 109.9 109.9 111.7 110.9 110.6 112.2 112.2 113.1 112 111.1 108.2 108.9 110 115.5 114.7 115.7 117.3 121.1 124.2 127.8 133.1 137.8 143.5 149.6 155.5 158 160.2 160.1 158.6 156.4 153.1 149.7 145.1 143.3 141.1 138.9
