UK/data/se/se15_OST50GRID_20230518/SE15.asc
ncols 200
nrows 200
xllcorner 410000
yllcorner 450000
cellsize 50
[rows 35 to 69 of 200, columns 79 to 157 of 200]
228.3 227.8 227.8 228.4 228.9 230.3 231.5 233.7 234.7 234.8 234.9 234.5 230 219.3 214.1 214.1 214.1 232.8 238.2 242.7 244.5 245.1 245.6 245.6 246.6 246.9 247.3 248.6 254 254.5 252.2 251.8 253.6 254.7 251.7 249.5 248.8 249 249.3 252.6 255.3 257.9 260.2 262.8 266.1 269.6 271.5 274.7 277.8 278.4 278.2 277.4 276.6 276 274.4 273.4 271.3 269 266.8 264.1 260 255.7 251.1 247.1 242.6 239.4 236.1 231.2 228.3 223.1 218.6 214.9 207 203.3 195.1 187.5 187.7 188.8 188
217.7 218.1 220.8 221.8 224.7 225.8 227.9 229.3 231.5 232.1 232.8 233 230.4 218.4 214.1 214.1 214.1 228.5 236.7 238.8 238.9 238.7 238.4 237.5 236.9 237.9 238.4 238.6 240.3 241.3 242.9 244.6 247.2 246 245.6 245 245.4 246.8 249.9 252.5 255.1 258.6 262.4 265.9 269.8 271.7 273.2 275.8 277.5 278.2 278 277.1 276.7 274.9 273.9 272.6 270.3 268.7 266 262.9 259.6 255.1 250.8 246 242.8 239.2 235.5 231 227.1 223.9 219.7 214.7 209.1 204.2 198.5 195.4 194.8 193.1 192.2
224.3 224.4 219.6 214.7 214.1 214.1 214.1 214.1 214.3 216.8 223.7 228.1 225.4 214.7 214.1 214.1 214.1 222.2 231.9 232.3 231 229.6 229.6 228 226.1 225.7 220.9 225.5 226.6 229.4 234 237.3 239.1 239.2 240 239.8 243.2 245.8 248.7 252 256.4 260.5 265.1 271.1 273.1 274.2 275.3 276.4 277.4 278.4 277.9 277.8 276.5 274.7 273.4 271.8 270 268.3 265.9 262.9 259 253.7 249.7 246.5 243 239.1 235.2 230.9 226.6 223.1 219.6 215.7 211 206.7 203.9 201.2 199.4 196.9 196.4
229 228.1 226.1 225.3 225.8 224.8 219.1 214.5 214.1 214.1 214.1 214.1 214.4 214.1 214.1 214.1 214.1 214.1 221.3 223.1 219.7 217.3 214.1 214.1 214.1 214.1 214.1 215.9 219.1 223.4 228.4 230.9 232.2 232.7 234.5 237.8 241.5 245.2 248.6 253.3 258.4 264.1 269.5 272.4 274.4 275 275.9 277.7 278.3 278.5 277.9 277.5 276.1 274.4 273 270.7 268.8 267 264.9 261.6 258.4 252.6 248.3 245.9 242.2 238.5 234.5 230.2 226.8 223.3 219.6 216.8 213.6 210.7 208 205.5 203.6 202.1 200.6
234.7 232.4 230.1 230.4 231.1 231.9 231.8 226.9 220.8 214.1 214.1 214.1 214.1 214.1 214.1 214.1 214.1 214.1 214.1 214.1 214.1 214.1 214.1 214.1 214.1 214.1 214.1 214.1 214.1 217 221.1 223.9 225.5 228.8 232 236 240 243.6 248.8 254.2 260.7 267.6 272.1 273.8 274.7 275.9 277.9 280.1 280.1 280.4 279.4 277.7 276.3 274.2 271.2 269 266.1 263.8 261.5 261.1 254.7 251.3 245.7 242.7 239.2 235.8 233.3 230.3 227.6 224.8 221.9 218.4 216 214.2 211.2 209.5 207.3 206.4 204.2
237.2 234.7 233.2 234.6 235.1 235.4 235.5 234.7 233 227.2 214.1 214.1 214.1 214.1 214.1 214.1 214.1 214.1 214.1 214.1 214.1 214.1 214.1 214.1 214.1 214.1 214.1 214.1 214.1 214.1 214.1 217.5 221.8 226 229.6 233.2 237.8 242.9 250.1 257.5 261.5 267.2 270.5 273.4 274.9 277.5 280.1 281.1 281.4 281.1 280.4 278.8 276.2 272.5 269.5 266.9 263 260 256.1 252.9 249.6 247.5 243.5 240.9 237.7 235.5 232.3 230.6 228.3 225 222.6 220.4 218.3 216.8 215 212.8 211.2 209.7 208.4
239 236.7 236.8 238 238.8 239.2 239 237.5 234.2 227.6 221.9 217.4 214.1 214.1 214.1 214.1 214.1 214.1 214.1 214.1 214.1 214.1 214.1 214.1 214.1 214.1 214.1 214.1 214.1 214.1 214.1 214.1 214.3 223.5 228.1 231.5 235 241.6 249.1 256.1 259.5 264.4 268 271.6 275.2 278.5 281 281.4 281.3 280.6 278.7 276.6 272.3 270.4 267 262.8 259.1 254.8 252.1 250.1 247.8 245.4 242.9 240 237.7 235 233.1 231 229 227.7 225.1 223.1 220.9 220 218.8 217.2 216.2 214.2 213.2
243.7 240.5 240.1 241.2 242.5 243 242.3 238.9 233.9 230.1 228.6 226.2 222.5 221.2 215.3 214.1 214.1 214.1 214.1 214.1 214.1 214.1 214.1 214.1 214.1 214.1 214.1 214.1 214.1 214.1 214.1 214.1 214.1 221.5 225.9 230.1 235.4 240.5 246.2 250.6 255.7 260.9 266.1 269.1 273 275.8 278.2 278.6 278.3 276.4 273.6 271.8 268.7 265.9 262.9 258.8 255.2 252.4 250.7 248.6 247 245.2 243 240.5 238.3 236.2 233.5 231.5 231 229.5 227.8 226.1 224.4 223.4 223 221.6 219.9 218.8 218.1
247.6 244.2 243.5 245.6 245.9 247.2 245.6 241.6 233.8 233.9 234.5 233.8 231.3 228.2 226.1 222.8 220.7 215.4 214.1 214.1 214.1 214.1 214.1 214.1 214.1 214.1 214.1 214.1 214.1 214.1 214.1 214.1 214.1 220.9 224.9 230.5 235.6 240.3 245.7 250.8 254 258 263.4 266.2 268.6 271.4 272.6 273.6 273.8 272.1 270.4 267.7 264.7 261.4 258.7 255.3 253.1 251 249.1 247.5 246 244.2 243.1 240.5 238.4 236.5 234.8 234.1 234 233.2 231.5 229.9 228.6 227.8 227 225.4 224.9 224.1 223.8
253.1 248.4 247.9 249.4 251 250.1 248.7 242.3 237.8 238 239.5 239.5 239.4 237 233.5 229 227.2 225.7 217.7 214.1 214.1 214.1 214.1 214.1 214.1 214.1 214.1 214.1 214.1 214.1 214.1 214.1 214.1 220.5 225.2 230.3 235.9 241.6 245.8 250.4 254.1 257.5 261.5 264.4 266.8 269.4 270.6 271.7 271 270 267.5 265.4 262.7 259.3 256.1 253 251.7 249.7 248.3 247.1 245.5 244 242.6 241.2 239.1 237.8 237.7 237.3 236.6 236.6 235.5 234.4 233.1 232.1 231.7 230.1 230.2 230.7 231.1
257.2 252 251.8 253.2 254.7 253.5 250.9 247.3 241 242.4 243.6 244.3 244.6 243.8 240.9 234.1 232.7 231.9 227.7 221.6 214.1 214.1 214.1 214.1 214.1 214.1 214.1 214.1 214.1 214.1 214.1 214.1 214.1 217.2 225.2 232.5 238.7 243.7 248 250.3 254.5 257.7 260.7 263.7 266.2 268.2 269.8 270.4 269.8 268.6 266.8 264.3 260.9 257.3 254.4 251.8 250.2 249.4 248 246.8 245.6 244.5 242.7 241.4 240.3 240.6 241.3 241 240 240.2 240.5 238.4 237.1 236 234.5 235.2 236.2 237.9 239
258.1 254.6 255.8 257.7 258.6 256 253 242.9 245.6 246.4 248 248.2 248.9 248.2 244.7 237.7 236.8 236.4 232.2 226.9 216.5 216.2 216.5 214.1 214.1 214.1 214.1 214.1 214.1 214.1 214.1 214.1 214.1 215.7 225.5 233.3 242.6 248.5 250.8 252.3 255.1 259.2 262.2 264.1 267.7 269.5 271.8 271.3 270.9 269.2 267.4 264.6 260.8 257.6 254.5 252 250.7 248.9 248.3 247.4 245.9 244.6 244.3 243.6 243.9 245.3 245.3 244 245 244.8 243.3 241.7 238.9 238.6 238.6 239.7 242.2 243.4 241.7
260 259.3 259.7 261 262 259.3 255.5 248.2 250.3 251.3 251.5 251.9 253 251.3 246.6 241.4 241 239 235.4 228.5 227.4 227.2 226 222.6 218.6 219.4 218.6 214.1 214.1 214.1 214.1 214.1 214.1 214.1 224.2 235.5 243.9 252.6 253.3 253.7 256.4 259.7 262.3 265.1 267.4 269.9 272.3 273.5 273.7 271.5 268.3 264.3 261.4 258.3 253.9 252.1 250.4 249.4 248.9 247.9 246.8 246.6 246.9 248.2 249.4 249.2 248.1 248.5 249.4 248 245.3 243.2 241 240.8 242.4 244.2 245.5 244.7 242.7
265.6 264.2 265.6 265.9 266.2 262.6 251 253.5 254.1 254.7 255.2 255.9 256 253.1 247.3 245.8 244.7 242.5 238 233.6 234.6 232.7 230.9 230 225.7 227.4 224.2 214.1 214.1 214.1 214.1 214.1 214.1 214.1 226 234 244.2 250.8 253.9 254.9 258.3 261.8 264.3 265.2 267.2 269.3 271.2 273.5 274 274.5 271.6 265.1 262.6 259.9 254.7 252.8 250.3 249.5 249.2 249.1 248.9 249.2 249.7 252 252.6 252.5 252.8 252.6 252.1 249.6 247 244.3 242.8 243.4 246.3 248.3 247.5 246.5 244.8
273.8 271.1 270.3 270.1 267.9 257.5 257.3 258 259.1 258.3 259.3 259.3 258.1 253.7 252 250.1 248.2 246.1 237.3 239.8 239.3 237.5 235.5 234.1 232.6 230.5 226 218.1 214.1 214.1 214.1 214.1 214.1 215.4 226 234.3 244.2 249.7 253.9 258.4 261.4 263.7 266 267.7 268.4 270.2 272 274.4 275.4 275.3 274.2 267.8 264.9 258.4 254.7 252.7 251.1 250.6 250.4 250.8 251.9 253.3 254.8 255.4 256.7 257 256.3 255 252.6 249.8 247.3 245.3 244.7 245.9 248 249.9 249.1 248.3 246.4
277.6 274.6 273.5 272.5 264.1 261.6 262 262.4 263.2 261.4 262.9 261.7 259.3 257.4 255.7 254.3 252.1 244.6 244.9 244.4 244.2 241.9 239.9 237.6 235.2 232.3 227.5 222.4 217.5 216.7 214.1 214.1 214.1 214.4 224.1 240.6 246.3 252.3 255.8 261.2 264.4 266.6 268.9 269.9 270.5 272.1 273.1 275 275.5 275 274.3 271.1 266.3 257.9 254.8 252.8 252.2 252.1 252.2 254.1 255.7 258.7 258.3 259.3 261 260.4 257 253.7 251.3 249.5 247.4 246.7 246.1 247.1 248.6 250.6 250 248.7 247.6
278.3 276.9 273.1 271.7 269.2 266.3 266.9 267 266.7 263.6 264.9 263.4 262.1 260.7 259.4 258 250.9 251 250.4 251.1 248.3 247 243.6 240.8 237.5 234 230.6 229 226.5 222 202.3 191.3 187.6 208.8 235.9 241 248.7 252.6 258.3 262.3 265.6 268.3 270.6 271.8 272.6 272.7 273.6 274.6 275 275.4 274.6 271.5 265.4 257.3 254.9 253.5 252.4 253.1 253.9 256.6 259.9 261 260.6 262.2 262.4 260.6 256.4 253.5 251.5 250.3 248.7 248.1 248.1 248.7 250.9 251.5 250.6 249.4 248.6
281.2 278.1 275.1 273.9 272.7 270.3 270.3 270 268.5 266.9 267 266.6 265.2 263.3 262 256.9 256.9 256.4 256.9 255.1 252.3 249.6 245.9 242.5 239.4 237.3 235.8 233.5 232.4 231.6 205.3 184.7 185.9 198.9 220.2 243.4 249.5 254.9 259.4 263.5 266.4 269.3 271.5 272.6 273 273.9 274.1 274.6 274.7 275.3 275.8 271.5 262.6 256.8 254.1 253.6 253 254.5 256.3 259.8 263.3 263.9 263.1 263.9 261.7 258.9 255.8 253.3 251.8 250.8 250.3 249.4 249.6 250.6 252.2 252.2 250.9 250.5 248.9
282.2 279.5 278.2 276.8 275.1 274.4 274.3 272.4 270.5 270.6 270.4 269.3 268.1 266.7 261.5 261.8 261.7 262.9 260.7 258.4 256.1 252.3 246.8 243.9 241.7 239.9 238.6 237.9 237.8 235.4 213.1 185.7 184 187.2 206.6 228.4 248.5 255.5 260.6 265.2 268 270.3 272.3 272.8 273.9 273.7 274.1 274.1 274.1 274.6 274.4 269.4 260.7 255.6 253.3 253.3 253.6 255.4 258.3 262.3 263.6 263.9 265 263.2 260.5 258.2 255.6 254 253.5 252.7 251.9 251.5 250.4 251.5 251.6 251.2 250.9 250.3 248.9
283.5 283 281.7 279.6 278.1 277.8 279.7 278.8 274.9 274.4 273.9 272.9 270.5 267 266.5 265.9 267.8 265.7 264 261.5 257.6 253.2 248.5 246.6 244 243 241.2 239.9 240.9 237.5 223.4 188.2 179.6 182.1 192.8 215.9 236.8 253.9 260.1 267 269.9 271.7 273.2 273.7 273.9 273.4 273.2 273 273.2 273.9 270 265.6 257.5 254.2 252.5 252.4 253.7 255.9 259.1 263.8 263.7 264.1 264.2 262.2 259.7 257.9 256 255.1 254.6 253.8 252.6 252.1 250.8 251.2 251.3 250.7 251.1 250.3 248.9
287.4 286.7 285 284.8 284.1 284.2 285.1 280.4 279.4 278.1 276.8 275.2 270.4 270.7 269.9 272.6 270.7 268.4 266.2 262.7 258 254.1 251.1 248.6 246.4 244.5 243.3 243 242.9 241.1 229.3 196.2 182.6 178 183.3 202.4 226.1 248 260.7 266.3 270.6 273.1 273.7 273.9 273.1 272.7 272 271 270 271.5 268.2 262.2 255.1 252.2 251.4 251.6 253.8 256.4 259.8 263 263.6 263.4 263.3 261.3 259.2 258 256.3 255.6 256 254.7 253.1 252.8 251.7 251.9 251.8 251.2 251.1 250 249.2
290.5 289.7 289.8 289.6 289.6 288.7 285.5 283.6 282.7 281.3 279.6 277.1 273.1 274.4 276.3 274.8 273.2 270.7 266.4 262.4 258.6 256.1 254 253.5 248.1 246.6 245 245.1 244.3 242.2 234.1 207.4 189.4 179.7 179.7 194.4 216.4 240.7 257.9 264.1 269.2 273 273.8 273.7 272.8 271.4 269.5 266.9 266.5 266.1 265.4 256.8 251.4 250.1 249.3 250.8 254.3 257.3 261.7 263.1 262.9 262.4 261.6 260.6 259 257.6 256.3 255.7 255.9 254.5 253.8 253.2 252.2 252.2 251.8 251.2 250.7 249.7 248.4
293.7 293.7 294.5 294.6 294.1 290.2 288.3 287.3 286.3 284.7 283.1 279.5 277.4 278.4 278.5 277.5 274.1 270 265.4 262.4 260 258.7 256.4 252.7 249.6 248.8 247 246.1 244.9 242.3 235.2 216.5 191.7 178.9 180 190.5 209.5 232.8 254.5 262.1 267.5 271.2 272.4 271.8 271 268.9 266.5 263.4 261.7 259.3 256.6 251.9 246.3 246.5 247.2 250.3 255.4 259.6 262.7 262.2 261.8 261.2 260.4 259.7 258.8 257.3 256.3 255.3 254.7 254.4 253.8 252.9 252.3 251.9 251.1 250.8 250.1 249.2 247.6
296.5 298.3 298.8 298.3 295.9 291.9 291.3 289.7 288.2 286.7 284.8 281.3 280.8 281.8 280.3 277 273.1 269.1 265.8 264.1 263.5 261.3 258.2 256.5 253.1 250.8 249 246.5 244.5 242.4 237.1 221.5 191.4 180.4 177 185 204.7 227.5 253.4 261 264.4 267.7 270 271.1 268.6 265.5 262.7 260.5 255.4 250 244.9 243.6 242.4 242.7 244.3 248.9 254.5 259.5 262.9 261.5 260.4 260.2 259.8 259.4 258.2 257.1 256.1 255.5 254.8 253.8 252.8 252.5 251.4 251.1 250.3 249.5 248.6 248 247.3
302.4 303.3 299.7 297.5 295.3 294.7 292.3 290.8 289 286.7 285.6 283.3 283.6 282.5 280.4 276 271.9 269.5 267.7 267.1 267.2 264.6 262 260.2 256 252.9 249.8 246.3 242.4 239.8 235.9 222.2 196.2 182.3 178 183.1 198.8 222 246.7 257 260.5 265 268.5 267.9 266.2 263.7 260.3 254.7 247.4 239.3 237.4 237.6 237.5 239.6 242 247.3 252.6 259.8 261.5 260.4 259.7 259.5 258.9 258.6 257.4 256.6 255.6 254.9 254.3 253.2 252.2 251.5 250.5 249.7 248.9 248.1 247.5 246.6 245.5
303.6 301 299 297.2 295.5 294.2 292.2 290 288.2 286.9 285.9 284.7 284.1 282.2 279.6 275.5 272.3 271.3 271.6 272 270 267.6 265.9 263.2 258.7 254.4 249.9 245.1 241.6 238.4 234.8 223.5 201.7 182.2 177.5 179.3 193.2 214.2 232.1 244.6 255.9 262.3 268 266.9 264.5 262.3 256.8 248.8 240.3 235.4 233.4 234.4 234.4 235.8 240 245.2 251.8 258.5 260 259.7 259.1 258.6 258 257.8 256.2 255.8 254.9 253.5 252.8 252.3 251 250.4 249 248.1 247.3 246.4 245.9 245.1 244
299.9 298.7 296.9 295.8 294.3 291.6 289.5 288.1 287.5 286.5 286 285.5 283.4 280.8 277.8 275 273.9 273.6 275.3 272.7 270.8 269.9 268.4 264.7 260.1 254.5 249.8 244.8 240.2 237.1 231.4 219.6 202.3 184.3 177.3 174 179.8 196.8 225.3 241.9 251.4 256.9 264.5 264 261.8 258.5 252.5 243.4 235.1 231.4 229.8 230.3 231.2 233.4 237.7 243.6 250.3 256.9 258.3 257.9 257.5 257.4 256.9 256.5 255.4 254.6 254.4 252.7 251.8 251.6 250.5 249.1 247.9 247 245.7 244.7 244.7 243.3 242.1
297.3 295.8 294.8 293.2 291 288.5 287.2 287.3 287.3 287.3 285.1 283.7 281.6 278.4 276.2 274.5 274.1 274.6 274.8 272.6 272.4 269.4 265.8 263.8 260 253.8 247.8 243.9 239.8 236.1 231.7 223.2 204.8 188.8 177.5 172.7 176.5 195 215.8 234.9 245.2 251.8 259 259.5 255.6 252.1 245.5 237.2 229.3 226.8 225.4 225.3 227.1 231.3 235.8 241.5 249.6 254.6 255.8 256.3 257.1 256.2 255.9 255.8 255 254.2 253.4 252.8 251.4 250.5 249.9 248.8 247 245.7 245 243.9 242.6 241.5 240.3
295.2 293.5 291.4 290.2 288.1 286.4 285.6 286 285.7 284.7 283 281 278 275.5 274.3 273.9 274.1 273.5 271.4 270.6 270 267 265.1 262.7 256.6 251.2 246.5 242.2 238.7 235.7 232.5 227.1 218.9 199.8 184.5 173.8 175.3 183.4 204.9 226.5 238.9 246.6 252.1 251.3 248.1 244.5 239.5 231.4 222.2 220.1 220.9 221.5 224.4 229.3 233 239.7 248 252.7 254.2 254.2 254.4 254.8 255.1 254.6 254.1 253.8 252.7 252.2 251.4 250.4 249.6 248.3 246.6 245.8 243.5 242.2 241.3 240.4 239.1
292.4 290.8 289.2 287.9 286.3 285.4 284.4 284.3 283.7 282.4 280.3 277.7 275.2 273.5 272.6 271.7 270.2 269.3 268.7 267.6 267.1 266.2 263.6 259.6 254.6 251 246.2 242.4 238.8 235.6 232.2 229 224.8 210.8 191.6 180.4 172.5 174.3 199 222 232.8 240.9 243.9 243.4 241 238.3 232.9 224.7 219 216.7 217.4 218.9 222.1 226.3 232.4 235.1 246 251.1 253.3 253.1 252.9 253.1 253.7 254 254.4 253.6 252.9 252.7 252.1 251.2 250.5 248.7 246.9 245.3 243.5 242.1 240.2 239.2 238
289.7 288.7 287.5 286.9 284.5 284.1 282.9 281.1 281.4 279.2 276.3 274.1 272.5 271.9 270.5 268.6 268.3 267.7 267 266.2 265 263.8 260.5 257.2 252.7 249.4 245.4 241.5 238.6 235.1 231.7 229.1 224.9 219.9 201.4 184.3 173.2 172.4 194.5 217.7 224.7 235.3 236.9 236.6 234.7 232.3 226.1 216.6 213.6 213.3 213.2 216.1 219.2 223.8 228.1 235.2 244 249.6 252.2 252 252.2 252.1 253 253.9 253.8 253.9 254.2 253.4 253.1 252 251.2 249.5 247.6 245.9 244.1 242.4 240.9 239.4 238.1
287 286.7 285.5 284.5 283.6 281.6 279.9 278.8 278.8 275.2 272.9 271.8 270.2 269.5 269 267.6 266.5 266.1 265.2 263.2 261 259.6 256.4 253.4 249.7 246.3 242.6 239.4 237.7 234 230 227 223 218.7 209.7 190.3 176 172.4 186.7 205.7 215.4 228.8 231.1 229.8 229.1 224.2 216.4 210.5 209.4 209.1 210.7 213 215.8 220 225.5 232.9 241.6 248.6 251.3 250.8 250.6 251.2 252.6 254.1 254.6 254.9 254.9 254.7 254.5 253 251.9 250.2 248.8 246.9 245.4 243.4 242 240.2 238.8
282.6 282.6 281.4 282.3 282.2 279.8 277.7 275.1 273.9 271.6 269.7 268.6 267.8 266.5 265.1 262.4 263 264.3 260.1 256 254.2 253.6 251.3 246.9 243.7 238.3 233 231.5 232.9 233 229.1 223.1 218.5 213.6 207.8 197.8 184.2 170.3 174 192.5 204.1 219.2 224.8 224.1 221.6 215.1 207.7 205.7 205.4 205.8 206.7 208.5 212.3 216.7 221.8 229.3 238.6 246.2 248.4 249.1 250.3 251.7 253.6 255 255.8 255.6 255.6 255.5 254.9 253.7 252.5 251.3 249.6 248.1 246.3 244.5 242.7 240.9 239.6
279 278.6 277.6 278.2 277 276.9 275.2 273.8 270 268.9 267.4 266.4 264.8 254.6 251.3 246.5 249.4 251 247.8 236.4 233.7 239.6 238.7 226.5 215.8 213.2 209.6 208.4 213.4 225.1 223.4 212.9 202.6 197.2 191.7 189.2 185.2 170.8 171 175.8 189.5 206.6 214.9 214.7 211.9 206.7 200.7 200.9 199.6 200.5 202.3 204.7 208.2 213.5 218.6 225.4 235.1 243.6 245.5 248 250.1 252.6 254.7 256.3 256.2 255.5 256.1 255.9 254.8 254.2 253.2 252.1 250.3 248.6 246.6 245 243.3 241.8 240.3
272.4 271.4 270.1 269.8 271.9 273.7 272.2 270.4 268.4 264.8 260.5 258.9 257.6 261.5 263.6 261.9 257.9 250.5 242.7 250.1 246.6 241.8 231.5 232.6 231 226 221.6 218.2 212.2 204.4 202 204.4 204.7 203 197.7 192.3 183.4 178.4 173.5 167.2 173.8 187.4 200.5 204.1 201 193.4 194.8 195.4 195.4 196.3 198.1 200.9 204.4 209.5 214.6 220.6 228.8 238.1 244.7 248.6 250.9 253.6 255.8 256.8 256.2 255.9 256.5 255.9 254.5 254.2 253.9 252.8 250.9 249.2 247.3 245.7 244.1 242.1 240.4
