WholeMapElevations/data/nj/nj51_OST50GRID_20230518/NJ51.asc
ncols 200
nrows 200
xllcorner 350000
yllcorner 810000
cellsize 50
[rows 70 to 104 of 200, columns 78 to 155 of 200]
161 158.5 156.3 154.5 153 149.3 147.5 147.2 147 146.5 145.5 144.8 144.5 144.4 144.5 144.2 143.4 146.8 147.7 147.4 147.6 147.6 147.5 147 146.8 146.8 146.5 146.2 145.5 144.1 143.7 145.7 147.3 147.6 147.2 146.9 147.3 147.2 147.4 147.3 147.2 147.8 148 150 151.7 152.8 153.6 155 157.1 161 165.8 168.4 169.8 170.2 169.8 168.6 167.3 166.4 165 163 162.4 160 157.9 160.2 157.1 153.1 151.9 150.3 148.4 147.6 147.6 147.9 147.2 146 144.8 143.6 142.8 142
160.8 158.3 156.6 155 152.3 149.5 147.9 147.2 146.9 146.4 145.7 145.1 144.6 144.5 143.9 147.3 148.3 148.3 148.9 149 149.2 149.9 149.3 148.9 148.9 148.9 148.8 148 146.8 144.1 143.8 146.7 148 147.9 147.6 147.3 147.3 147.4 147.5 148.1 148.6 149.4 151.1 153 154.8 156.5 157.8 159.6 162.4 166.3 169.8 173.1 175 174.9 174.6 174.8 173.3 170.7 168.2 167.2 165.1 162.9 160.2 159.3 157.2 154.3 152.9 151.2 148.9 147.8 147.3 147 145.9 144.9 143.9 142.8 141.7 140.7
161.9 158.4 156 154.1 151.2 148.6 148.3 147.5 147.3 146.7 146.7 146 145.7 146.2 147.8 148.3 149 149 149.7 150.2 150.7 151.3 150.8 150.7 150.7 150.8 150.8 149.9 146.9 144.3 144.6 145.6 148.7 148.3 147.9 147.8 148.1 148.4 149 149.9 150.8 152.7 155 156.8 158.6 161.3 163.7 165.9 168.2 171.6 174.4 176.5 177.1 176.5 175.4 175.1 173.9 171.4 169.7 168.5 166.4 164.4 161.7 159.7 157.7 155.7 154 151.9 150.4 148.7 148 147.3 145.8 144.9 143.8 142.6 141.5 140.2
162.5 158.1 155.3 153.2 150.6 150.1 150.3 150.8 150.3 150.8 150.3 149.6 148.9 149.1 148.1 148.6 149.2 149.7 149.9 150.1 150.4 151.7 151.7 151.9 152.1 152.1 151.7 151.1 146.2 142.9 145.5 145.5 148.9 148.8 148.2 148.6 149.4 150.7 152 152.4 154.2 156 158.3 160.8 163.7 167.1 168.9 171.2 173.1 175.1 177.2 177.6 177.2 176.2 174.8 173.3 171.7 169.4 167.7 166 164.1 161.7 159.7 159.4 156.1 155 152.9 151.4 150.1 148.5 147.8 147.3 145.9 144.9 143.8 142.6 141.3 139.9
161 157.7 155.5 154.4 151.7 152 153.8 155 157.5 160.2 158.5 156.7 154.7 154.3 152.7 151.9 151.5 150.7 150.2 149.9 150 150.9 151.6 152.2 153.3 153.3 152.6 150.2 146.2 142.9 145.7 146.3 149.8 149.6 149.5 150.5 151.8 154.7 155.9 156.4 158.8 161.6 163.7 166.2 169.1 171.3 174 174.6 176 177.5 177.8 177.7 176.7 175.5 173.3 171.5 169.3 167.7 165.8 163.6 161.5 161.4 158.8 156.8 154.5 153.2 151.6 150.9 149.1 148.1 147.3 146.6 146 144.4 143.4 142.5 141.2 139.7
161.8 158.4 157 155 154.2 156.4 158.5 159.7 161.2 162.5 161.8 160.3 158.7 157.6 156.5 155.1 153.2 152.3 151.9 151 150.1 150.3 150.9 151.3 153.1 152.3 150.4 148.1 146.4 145.6 146.3 148.7 150.8 151.2 151.6 154.8 157.6 160.5 161.2 163.9 166.5 168.1 170.5 173.7 175.3 177.1 178.2 178.8 178.6 178.4 178.1 177.2 177.7 174.6 172.6 170.5 168.7 167 164.7 161.9 161.9 159.7 158.3 157.3 154.4 152.2 150.5 148.6 147.4 147.2 146.7 145.7 145.1 144.1 142.5 141.8 141.1 139.7
161.7 159.2 157.8 156.6 159 163.5 164.6 166.3 164.7 164.4 163.8 162.8 161.3 160.2 159 157 155.6 154.2 152.9 151.9 151.1 150.6 150.3 150.5 150.6 149 148.4 147.9 145.4 146.8 146.9 149.9 152.1 153.3 156.3 160.1 163.3 165.9 167.9 170.1 174.3 176.6 179.1 180.2 181.1 181.4 181.4 180.6 179.9 179.3 177.9 177.3 176 174.9 172 170.1 168.2 165.6 164.5 162 160.7 159.7 157.1 156.1 154.2 151.3 149.7 148.4 147 146.8 146.2 145 143.3 142.5 141.6 141.1 140.4 139.6
162.9 159.8 159.4 160.3 163.8 169 173 173.6 172.5 171.3 169.4 167.1 165.1 163.3 161.4 159 157.8 155.6 153.7 152.5 151.7 151.2 150.9 150.2 149.6 148.8 148.5 146.2 147 148.7 148.5 150.9 155 157.7 161.3 165 168 171.1 175.4 181.1 184.5 186.1 186.6 186.5 185 184.4 183.5 182.3 180.9 179.8 178.3 176.9 175.1 173.6 171.5 169.4 167.6 165.1 164.4 162.2 160.9 160.2 157 156.3 154 152 150.8 149.5 148.3 147.3 146 144.8 143.6 142.8 141.6 140.5 139.8 138.8
162 160.8 161.7 166 168.3 174 177 175.7 174.2 172.6 170.7 168.6 166.2 163.8 161.3 158.8 157 155 153.7 152.4 151.3 150.5 150.3 150.3 149.7 149 148.3 146.8 147.7 148.6 150.9 154.2 157.5 161.7 165.3 169.1 172.5 177.2 185 192.1 194 193.4 192.7 191.9 189.9 187.8 185.9 184.2 182.5 180.2 178.7 176 174.1 171.5 169.4 168.2 166.3 164.4 164.3 162.6 161.2 160.5 157.4 155.9 154.2 152.4 151.5 150.5 150 148.7 147.5 146.1 144.6 143.1 142.3 140.9 140.1 139.5
163.1 162.9 164.4 167.2 171.3 174 175.8 174.8 173.7 171.6 170.4 168.4 166.7 164 161.3 159.3 157.2 155.1 153.7 152.4 151.4 150.8 150.6 150.5 150.3 149.6 147.5 145.1 149.5 152.4 156.8 160.3 162.8 165.9 169.6 173.5 178.6 184.8 192.8 200.3 202.3 200 198.2 196.4 194.1 191.8 188.8 185.9 183.6 181.8 179.3 176.1 173.7 171.7 169.4 167.8 165.7 164.8 164 162.5 161.4 160.6 158.7 157.5 155.9 154.6 153.4 152.9 152.2 150.4 149.2 147.2 146 144.7 143.2 141.9 140.5 139.6
165.4 164.6 166.1 169.3 170.5 173.8 174.4 173.7 172.5 171 169.5 168.1 166.4 164.7 162.5 160.2 158.2 156.2 154.6 153.1 152.2 151.8 151.3 150.9 150.6 149.6 147.7 147.3 152.8 158.3 162.3 165.8 169.3 172 174.3 178.3 182.8 189.7 197.7 204.2 207.9 204.9 201.6 199.4 197.3 195 191.3 188.2 185 182.5 180.2 177.3 174.4 172.4 169.4 167.6 165.5 164.6 165 164.3 162.4 161.2 160.1 159 157.9 156.6 155.3 154.4 153.9 152.5 151.3 149.4 147.8 146.4 144.7 143.2 141.5 140.5
167.9 169.2 167.7 171.3 172 173.2 174 173.3 172.5 171.8 170.4 168.9 167.2 165.5 164.1 161.8 159.7 158.2 156.6 155 153.9 153.4 152.7 152.2 151.9 150.7 148.3 150.8 158.1 162.9 165.7 169.2 172.7 175.8 178.3 182.6 186.7 192.4 200.5 206.5 207.8 207.3 203.9 201.3 199.3 197 194.2 191 187.5 184.4 181.6 178.7 176.5 174.4 172.5 170.9 169.1 166.3 164.8 164.9 165.2 164.9 164.7 160.9 159.5 158.6 156.2 155.7 154.8 153.7 152.4 150.7 149.1 147.1 145.4 144 142.8 141.8
170.6 172.5 171.5 172.7 173.5 174.3 174.7 174.1 173.4 172.7 171.6 170.1 168.5 167.4 166.2 163.7 161.8 160.4 158.7 156.8 156.1 155.2 154.3 153.8 153.6 152.2 148.7 150.7 161.3 166.9 169.7 172.4 175.7 178.3 182.1 185.3 189.4 194.8 201.2 203.8 206.7 205 202.9 201.4 199.6 198 196.2 193.2 190.1 187.1 184.8 181.5 179 176.3 175 174 171.3 167 166.8 165.5 165.8 165.6 165.3 165.4 160.1 159.1 158 156.5 155.7 154.7 153.5 151.5 150 148.2 146.9 145.5 144 143.1
173.4 175.7 174.8 174 174.8 175.5 175.6 175.8 175.1 174.4 173.4 172.4 171.6 170.2 168.7 166 163.7 162.6 161.4 161.1 160.6 158.6 156.7 155.8 154.8 149.2 149.6 149.4 162.8 169 172.2 175 178.3 181.8 184.6 187.3 191.3 195.9 200.8 203.4 204.1 203.6 202.7 201.5 200.6 199.5 197.8 195.7 192.9 190.5 188.1 185.1 182.2 180 177.6 175.7 174 174.6 169.8 165.7 165.9 165.7 165.5 165.6 161.8 161.8 161 157.2 156.5 155.4 153.1 152.1 150.7 149.1 147.7 146.2 144.7 143.5
176.9 177.2 176.1 175.7 176.2 176.8 177.1 177.5 177.7 177.2 176.5 175.9 174.8 173.2 171 168.5 165.8 164.4 163.5 162.9 161.6 160.4 159.1 157.7 155.1 149.9 149.7 149.9 161.4 168.4 173.4 177.4 181.2 184.1 186.5 189.7 192.5 196.3 200 202.5 203.4 203 202.6 202.7 202.1 201.3 200.2 198.1 194.9 193.1 190.7 188.2 184.8 182.8 180.2 177.8 176.2 175.5 175.2 172.9 168.1 165.6 165.6 167 165.8 164.8 163.4 162.7 160.4 156.8 154.9 153.3 151.5 149.7 148.2 146.8 145.4 143.7
179.1 178.8 177.9 177.8 178.2 178.8 179 179.7 180.2 179.8 178.9 178 177 175.1 172.8 170.4 168.4 166.5 165.1 164.4 162.7 160.5 159.8 158.4 154.2 150.9 150.1 153.4 156.6 165.9 172.7 176.9 181.5 185 187.9 191.1 194.3 197.4 200.1 201.5 202.6 202.2 202 202.3 202.2 201.8 200.9 199.6 196.9 194.4 192.1 189.7 187 185.3 183 181.1 179.2 177.3 176.7 176.1 175.3 174 173.1 171.4 169 165.8 165.7 164.1 160.8 158.5 156.9 154.9 152.5 150.5 148.8 146.9 145.5 144.3
182 181.2 180.4 180.5 180.9 181.2 182 182 182.1 181.8 180.8 180 178.9 177.1 174.8 173.3 170.7 168.6 166.8 165.6 162.7 161.5 160.3 158.8 154.3 150.9 150.8 150.6 157 162.9 171.5 176.6 181.2 185.1 188.9 192 196.6 200.5 202.8 202.5 202.1 200.9 200.6 200.9 200.5 200.3 200 199.4 198.1 195.7 193.5 191 189.3 187.8 186.1 184.5 182.2 181 180.3 179.9 179 177.9 176.2 173.8 171.3 168.8 166.8 164.3 161.7 159.7 157.6 154.9 153.6 151.2 148.8 147 146.3 145.2
184.8 184.2 183.9 184.1 184.4 184.3 185.3 185.6 185.1 184.7 183.4 182.2 181.2 179.6 176.8 175 172.8 170.5 168.4 166.6 165 162.1 160.3 159.2 155.7 151.4 151.1 150.7 156.8 161.6 169.5 176.5 181.3 186.2 190.1 194.4 199 203.3 204.9 204.2 202.7 200.9 199.6 199.4 198.9 198.5 198.1 197.8 196.7 195.3 193.6 192 190.8 189.7 189 187.7 186.6 186 184.8 183.2 182.1 180.8 178.8 175.9 172.9 170.5 167.6 165.2 162.8 160.6 158.8 157 153.9 150.8 149 147.6 146.4 146.1
186.9 187 187 187.7 188.9 189.3 190.2 190.4 190.7 189.8 187.9 186.4 183.9 181.1 178.7 176.5 174.2 171.9 169.3 167 165.5 163.2 161.4 159.6 157 152.3 151.5 151.2 152.3 162.4 171.1 177.9 183.8 188.4 192.4 196.4 200.9 204.8 205.5 204.5 202.7 201 199.3 198.5 197.4 196.5 196 195.5 195.1 194.5 193.2 192.4 191.7 191.3 191.6 191.1 189.4 188.5 187.2 185.4 183.8 182.5 180 178.2 175.7 172.5 169.7 167 164.8 161.8 159.9 157.8 154 151.2 152.1 154.2 156.6 157.4
189.7 189.6 190.6 192.5 194.7 196.6 197.3 197.4 196.7 195.8 194.2 189.5 186.3 183.2 180.4 178.1 175.4 172.7 170 167.3 165.6 163.6 161.6 159.6 157.2 152.5 151.9 152.8 159 168.3 176.3 182.7 187.7 192.4 196.3 200.3 203.3 205.2 205.6 204.3 202.6 201.2 199.1 197.4 196.1 195.2 194.4 194 193.5 193.1 192.6 192.5 192.1 191.9 191.8 191.7 191.5 190.7 189.3 188 186.2 184.6 182.5 180.8 179.1 175 172.2 169.7 166.9 163.5 161.4 158.6 155.1 158.7 162.2 164.6 167.2 168.7
193 192.6 194.8 197.6 201.1 204.2 204.9 205.4 204.7 203.6 200.7 195 190.3 187 183.5 179.4 175.5 172.9 169.5 166.6 164.7 162.9 160.6 158.9 156.1 153 152.2 153.2 164.8 173.5 180.9 186.6 191.6 195.7 199.8 202.1 203.9 204.9 205.3 203.5 201.6 200.1 197.9 196.3 195.1 194 193.3 192.7 192.5 191.9 191.4 191.1 190.9 190.9 191.5 191.8 192.1 192.4 191.7 190.8 189.3 187.1 185.1 183 180.3 177.6 174.7 171.7 169 165.4 163 159.6 162.7 166.7 169.8 172.8 174.7 174.9
195.6 196.4 198.5 201.5 206.2 209.9 211.3 211.7 211 209.9 205.8 200.3 194.1 189 184.7 180.2 175.7 171.7 168.4 165.8 164.3 162.6 160.5 158.9 155.1 152.8 152.6 155.4 168.7 177.6 183.3 188.9 193.9 198.7 202.4 204.1 204.7 203.8 202.4 201.1 199.6 197.8 196.2 194.5 193.5 192.9 192.2 191.7 191.3 190.7 190.2 189.9 190.4 190 190.7 191 192.2 192.5 192.5 192.6 191.5 189.4 187.7 185.4 182.9 180.5 177.4 174.2 171.1 168.4 162.2 166.8 170.3 173.1 175.6 177.9 179.2 179.1
198.2 199.4 200.4 203.7 210.4 215.6 217.2 217.5 216.9 214.5 210.5 204.5 197.4 191.1 185.7 180.2 175.5 171 168.2 165.6 163.9 161.7 158.6 157 155.2 153.7 153.3 157.2 171.1 180.7 185.3 190.1 194.7 199.1 203.5 205.3 206.2 205.3 203.8 202.1 200.2 198.1 196 194 192.6 191.8 190.9 190.4 189.9 189.4 189.1 189.1 189 189 189.4 189.8 190.8 191.8 192 192.2 191.7 190.5 189.4 187.5 184.8 181.9 178.9 175.6 172.5 166.1 169 172.5 175.1 177.5 179.3 180.1 180.3 180.1
200.8 200.8 201.6 204.4 211.2 216.6 219 219.8 220.2 215.8 209.6 204 196.4 190.7 184.5 179.2 175.2 171.4 168.8 166.3 164.1 160.1 158.2 157.3 155.8 154.8 153.6 155.6 170.1 180.5 187.3 191.7 195.7 199.1 203.7 208.3 209.7 207.9 206 203.8 202 199.6 197.2 194.9 193.1 191.2 189.8 189.1 188.6 188.3 188.3 188.3 188.3 187.4 187.7 188.5 189.4 190.4 191.2 191.4 191 190.2 189.1 187.3 184.9 181.7 178.7 174.7 169.6 170.4 174.6 178.3 179.8 181.6 183.6 183.6 181.6 179.8
204.2 202.6 202.2 204.7 208 211.8 213.4 214.8 213.7 211 205.9 200.2 194.8 189 183.2 179.2 176.1 171.9 168.7 166.5 163.8 160.5 161.5 161.9 160.2 156.8 153.9 154.5 167.4 179.3 186.3 191.5 195.5 199.6 203.4 205.9 207.2 206.2 204.7 203.4 202.1 201.1 197.9 195.6 193.4 191.3 189.3 188.6 187.6 187.6 187.6 187.6 186.9 186.5 187.1 187.8 188.5 189.1 189.9 190.3 189.7 189.2 188.2 186.4 183.2 179.4 174.6 172.1 174.3 178.3 180.9 183 183.5 183.7 184.1 183.8 182.3 180.2
206.6 204.9 202.8 203.1 205.2 206.4 207.6 207.3 206.5 205 201.2 196.7 192.3 188 183.1 179.1 175.3 171.9 169.4 167.8 162.5 165.7 165.2 164.8 162.5 158.6 154.3 154.5 165.5 176.8 183.3 188.5 192.9 197 200.9 202.9 204 204.5 205 205.5 205.4 203.7 201.3 199 196.5 194.2 192.1 191 189.5 186.6 186.7 186.5 185.9 186 186.6 187.2 187.7 187.8 188.1 187.9 187.6 187 186.3 183.4 179.6 176.9 179.1 180.4 182.5 186.5 188.3 187.4 187.3 185.5 183.4 181.5 179.9 177.2
209.6 207.1 204.1 201.6 201.1 201.8 202.5 202 201.1 198.7 196.5 193.2 190.1 186.5 182.9 178.6 175.3 172.1 169.9 165.5 165 166.9 167 165.5 162.7 159.8 155.7 154.2 164.4 172.2 179.1 184.5 189.2 193.6 197.6 200.7 202.6 204.6 205.8 207 208 207.3 204.9 202.6 199.6 197.5 195.3 193.1 191.2 188.6 186 185.2 185.4 185.7 185.9 185.8 185.9 186 185.8 185.3 184.5 183.8 181.8 179.5 180 183.8 186.5 188.3 189.7 190.3 191 190.1 189 187.2 184.5 181.8 179.1 176
212.6 209.5 205.7 201.7 199.6 199.3 197.8 197.7 196.8 194.6 192.4 189.7 187.1 185.3 182.2 178.9 175.4 170.6 166.9 165.8 168.5 167.6 166 164.5 162.5 160.5 153.5 155.2 155.9 169.1 175.3 180.6 186.1 190.6 194.8 198.4 201.6 203.9 206.3 208.1 209.2 209.3 207.2 204.6 201.9 199.7 197.8 195.6 192.4 190 187.8 186 185.7 185.8 185 184.6 184.1 183.7 183 181.9 181.2 181.1 180.6 181.7 183.9 188.5 190.9 192.1 192.7 192.9 192.6 191.6 189.7 187.7 184.9 182.1 179.6 176.6
214.8 210.1 205.8 202.5 199.9 197.6 195.7 194.6 193.6 191.9 189.7 186.7 183.7 181.7 178.3 174.2 170.8 168.8 170.5 170.8 170.5 169.6 167.4 165.4 163.3 161 154.7 155 155.9 168.5 174.9 179.3 183.7 188.2 192.6 197.4 201 203.5 206.4 208.4 209.3 209.7 208.3 206.4 203.5 201.8 200 197.8 194.4 192.8 190.7 189 188 187.2 185.7 183.5 182.8 182.2 181.8 181.4 181.4 181.3 182.6 183.9 185.9 188.8 191.3 193.2 194.4 195.1 194.8 193.4 191.7 189.4 186.6 183.2 180.7 177.8
217.1 211.3 206.5 203.2 200.1 196.5 194.3 192.3 190.5 188.8 186.2 182.5 179.5 177.9 173.4 173.7 177.5 177.5 176.8 175.6 174.3 172.5 169.5 166.8 164.1 158.9 155.3 155.2 159.7 171 176.4 180.5 184.5 189.8 193.3 197.2 200.5 202.5 205.5 207.9 209.1 210.4 210.5 210.4 208.8 206.4 203.5 200.9 198.2 196.2 194.1 192.7 191.6 190.3 187.8 185.6 185 183.7 182.6 182.2 182.4 182.9 183.7 184.5 186.2 188.5 191.2 193.6 195.2 196.1 195.8 194.7 193.1 190.8 188.3 185.7 182.7 179.6
220 213.2 207.4 203.5 199.8 196.2 192.2 188.6 185.5 184.1 181.2 178.7 176.6 175.7 179.8 183.7 184.3 183.8 183 180.3 178.2 174.5 170.6 167.4 163.8 158.9 155.1 155.7 162.4 169.3 178.5 184.6 189.8 193.1 196.3 199 201.2 202.7 204.3 206.7 209.7 212.6 214.8 215.1 213.7 210.5 207.7 204.7 201.8 199.6 197.1 195.4 194 192.5 191.2 188.6 187.5 185.8 184.1 183 182.9 183.4 184 185.1 186.9 189.2 192 194.1 195.3 195.8 195.5 194.8 193.1 191.3 189 186.3 183.8 181
222.5 214.5 208.4 204 199.2 194.9 192.1 189.2 185.8 182.2 179.8 178.9 181.1 186 188.2 188.6 188.6 187.6 184.8 181.8 177.6 173.6 169.9 166.8 163.3 156.4 155.6 160.8 166.9 173.2 181.3 188.2 193.8 196.8 198.8 202 203.4 204.2 205.9 207.4 210.9 214.8 218.4 220.3 218.7 215.9 211.5 207.9 204.9 202 199.5 197.8 196 194.4 192.8 190.7 188.4 186.9 185.1 183 183.4 183.1 184.1 185.6 187.5 189.5 191.4 193.5 194.3 194.8 194.4 194 192.7 191.3 189.3 186.9 184.3 181.5
222.4 216 208.5 202.7 198.3 194.8 192.2 188.9 184.9 181.9 181.2 188.1 192.4 196.3 196.4 195.4 193.8 191.7 186.5 181.7 176.7 172.7 169.7 166.3 162.1 155.9 158.5 165.4 171.4 179.1 186.9 192.8 197.7 201 203.1 204.3 205.4 206.6 208 208.7 212.2 216.8 221.9 224.6 223 220.9 217.4 212.5 207.7 205 201.7 199.4 197.4 195.6 194.3 191.7 189.1 188.3 187.2 185.5 185.3 184.1 183.7 186.3 187.4 188.8 189.9 191.3 192.8 193.6 194.2 194.1 193.5 192.1 190.3 188.1 184.9 182.4
218.4 213.9 207.1 201.7 196.7 194.2 189.4 186.2 183.8 185.5 190.4 197.1 200.8 203.2 205 202.9 198.9 192.9 185.8 180.1 176 172.2 169.3 165.9 160.2 155.9 163.5 169.5 177.6 185.8 194.6 199.7 203.2 205 206.5 207.5 208.3 209 210 211 214.3 220.6 225.6 228 227.8 225.7 222.3 217.8 213 207.5 204.1 202.1 199.9 197.1 195.9 193.3 191.7 192 191 189.7 188.7 187 186.2 187.2 188.3 188.6 188.8 190.4 191.5 192.8 193.7 194.4 194.4 193.2 191.4 189.4 186.9 184.7
213.9 208.4 202.8 196.2 190.5 190 189.7 192.4 189.9 191.8 198 203.2 208.7 208.3 207.4 205.6 200.4 192.8 184.6 180 176.9 171.9 168.9 164.8 157.1 155.4 166.4 174.5 184.1 192.5 200.5 206.9 209.5 210.8 212.6 212.7 211.7 212 213 213.4 218.7 227.1 231.6 233.1 232.9 231.2 228.3 223.9 217.3 212.5 206.8 203.7 201.6 199.4 197.3 195.2 194.4 194.1 193.4 192.3 191 189.8 188.9 189.2 189.4 188.9 189.2 189.7 189.9 192.2 193.7 195.2 195.5 195.6 193.9 190.9 188.4 186.3
