WholeMapElevations/data/nh/nh18_OST50GRID_20230518/NH18.asc
ncols 200
nrows 200
xllcorner 210000
yllcorner 880000
cellsize 50
[rows 144 to 179 of 200, columns 0 to 79 of 200]
421.7 408.8 389.3 373.1 360.2 353.7 344.1 331.9 310.7 295.4 281.1 270.2 265.4 274.9 287.1 299.6 318.3 333.9 348.4 380.4 412.1 425.1 429.4 426.2 418.8 415.8 407.3 398.8 390 376.8 363.5 358.4 348.2 338.8 334.1 324.7 309.1 294.3 278.4 260.7 242.5 228.7 219.6 211.7 204 198.8 207.9 214.9 235.5 273.7 357.2 387.5 396.9 399.4 398.2 392.2 380.7 374.2 379.9 373.8 364.1 361.8 361.8 361.8 361.8 382.9 384.4 383 383.4 394.2 405.5 411.6 422.7 426.4 431.4 435.5 438.2 428.4 421.6 417
427.4 414.1 401 386.2 366.4 358.6 349.2 327.7 310.4 295.2 284.4 280 275.2 284.1 297.2 313.9 331.4 352 384 402.7 410.7 418.7 420.6 417.9 416.9 411 406.4 399.8 382.8 368.4 360.7 353.3 346.6 340.6 335.5 323 302.5 285.6 269.1 252.7 236.4 224.8 217.2 208.7 198.4 203.4 211.8 225.4 252.2 327.1 373.6 386.9 397.4 397.9 394.2 385.3 373.3 370.6 374 367.8 361.8 363.5 361.8 361.8 361.8 375 380.3 376.9 382.5 398 403.5 417.4 417.9 422 423.2 425.1 426 417.3 411.7 407.6
430.9 416.2 399.1 388.9 370.7 367.1 354.8 324 315.1 298.6 297.6 295.3 287.8 300.2 309.2 332.8 352.2 379.9 391.1 397.1 406.4 410.3 410.4 416.3 416.2 411.4 408.1 397.5 374.7 366.7 364.3 360.1 352.2 345.1 337 313.9 295.7 278.5 261.4 245.6 232.2 221.9 213.7 204.6 200.5 210.2 217.3 236.8 266.5 319.9 364.2 379.9 394.9 393 386.6 374.5 369.2 369.6 369.9 368.4 371.5 366.3 361.8 361.8 361.8 373.3 374.5 372.7 385.4 394.2 398.4 409.7 408.9 413.6 414.8 413 412.5 408.2 403.3 398.9
410.9 400.3 395.9 386.9 377.3 365 346.8 333 321.7 317.5 314.7 308.3 301 331.8 351.2 356.6 379.6 385.3 388.6 387 394.8 406.3 412.3 412.7 412 407.3 400.5 385.4 376 372.8 370.2 364 355.6 342.4 323.6 303.6 286.8 270.7 253.8 239.3 228.6 219.6 210.2 201.8 206.8 212.5 226.8 246.3 282.2 346.3 359.7 380.9 391.1 383.5 377.1 374.1 371.2 370 368.6 371.5 366 361.8 361.8 361.8 364 369.2 370.8 371.4 378.4 386.6 392.8 399.1 398.1 402.2 401.9 400.3 400.4 399.6 396.9 391
399.4 394.5 385.2 381.6 371.2 360.3 347.9 341.2 321.8 333.7 322.9 310.1 307.6 337.5 341.8 357.4 379.4 382.5 379.8 379 394.9 410.3 412.9 406.9 401.8 399.6 392.7 380.7 379.1 376.4 372 364.1 346.3 329 312.6 293.7 278.5 262.7 246.9 235.8 226.6 218 207.4 204 210 217 231.9 265.8 296.8 347 355.6 375.9 381.1 377.8 375.2 374.1 370.3 362.9 361.8 361.8 361.8 361.8 361.8 366.1 369.3 368.6 377.6 367.5 369.3 377.5 382.8 387.8 388 389.1 390.6 391.5 392.7 393.5 390.2 384.7
390.6 383.9 374.8 368.1 361.5 355.4 348.2 342.6 342.9 347.6 327.2 312.6 308.4 326 336.5 356.1 365.8 367.6 372.8 380.1 402.3 409.8 406 400 395.7 394.2 384.5 383.1 377.4 374 367.9 353.1 335.4 315.2 308.4 289.2 272.8 256.8 243 233.3 225 216.4 205.7 205.5 214.1 220.3 241.3 270.9 308.9 342.4 351.5 361.5 373.2 374.9 377.1 373.6 370 361.8 361.8 361.8 361.8 367.3 368.9 376.1 371 370.2 379.6 369.8 363.8 363.9 370 376.8 377.6 380.4 383.8 386.3 387.8 388.6 383.2 385.2
386 380.8 372.1 366 359 353.9 348 349.4 362.9 343.1 325.6 317.1 310.7 318.1 331.4 344.6 355.8 358 362.4 375.6 394.9 400 397.8 396.4 390.7 385.1 381.5 378.2 376.8 369.2 357.6 343.2 326.3 319.9 306.9 286 269.8 254.2 241.1 231.6 223.8 217.3 203.4 207.3 218 228.5 248.3 280.3 322.8 337.5 345.9 358.9 370.5 376.7 381 375.2 368.1 361.8 361.8 367.1 377.6 374.2 377.2 371.9 369.4 372.8 368.9 363.8 363.8 363.8 366.9 370.2 371 376 379.9 382.6 385.5 383 384.9 386.8
385.1 379.7 370.6 372.4 364.6 361.2 359.8 356.3 350.1 338 325 313.6 310.7 310.7 324 339.5 345.5 348.5 353.8 370 389 392.3 392.5 392.4 384.8 382.1 376.5 375.1 369.2 361.6 351.3 340.6 333.5 318.8 299.2 282.6 269.1 255.1 242.2 231.3 223.4 215.2 206.6 209.8 222.2 236.8 262.2 287.4 318.8 334.9 341.1 359.6 382.1 383 378.7 373.4 365.8 361.8 371.5 379.8 380.3 382.7 376.3 369.3 365.2 365.3 363.8 363.8 363.8 363.8 363.8 363.8 373.2 376.2 376.5 379 382.5 380.5 387.7 387
384.5 379.6 377.3 377 368.9 368.7 361.2 356.7 348.4 336.6 321.1 310.7 310.7 310.7 317.1 328.4 334.5 341.2 348.6 361.4 378.6 384.2 387.5 391.7 379 376.5 370.9 368 365.4 367.8 357.7 346.9 331.3 317.6 300.4 289.3 279.8 262.5 247 233.2 222.7 216.6 205.6 213.6 228.1 248.3 265.9 287 317.8 333.3 348.1 373.2 386.6 379.8 376.2 373 367.1 365 379.3 385.8 384.6 378.9 376.2 366.7 363.8 363.8 363.8 363.8 363.8 363.8 363.8 368.1 372.5 371.8 373 375.5 376.3 383.5 387.3 388.4
382.6 379.9 376.4 373.6 375.9 368.3 359.5 351.7 340.5 325.9 310.7 310.7 310.7 310.7 310.7 320.5 330.1 335.4 347.3 357.9 370.3 380.1 385.7 377 375.9 374.4 374.3 374.8 370.9 365 360.3 344.8 328.8 320.6 306.9 295.5 286.1 268.9 248.9 233.9 223.6 220.2 211.4 217.9 230.2 250.2 268.4 299.6 330.2 338.4 356.7 371 380.1 378.9 376.1 374.1 375.2 376 384.7 383.2 379 374.1 375.8 372 363.8 363.8 367.5 363.8 363.8 363.8 366.7 367.1 368.5 369.1 370.4 373.4 375.6 386.2 390.5 391.9
377 375.3 371 368.5 363.3 356 352 342 331.5 317.3 310.7 310.7 310.7 310.7 310.7 317.3 327.4 334.5 345 353.2 362.4 378.5 375.6 376.1 379 382.4 378.5 375 370 360.5 353.2 339.9 329.3 328.7 315.8 302 289.4 269.5 249.4 234.8 228.7 222.6 221 222.5 231.7 250.2 272.8 312.7 333.1 341.2 359.2 370.9 377.7 377.1 375.9 373.9 374.7 377.1 382 376.7 374.1 374.1 384.5 371.2 364.7 369.9 363.8 363.8 363.8 370.5 368 368.7 369.6 374 374.1 377.2 380.7 386.7 391 392.3
371.3 368.1 363.8 357.4 353.2 348.9 340.8 330.1 320.8 315.5 310.7 310.7 310.7 310.7 310.7 310.7 321.3 332.4 341.5 347.9 359.1 371.9 372.8 376.2 382.3 386.2 381.3 374 366.2 355.8 348.2 339.8 333.4 327.3 318.5 311.1 296.7 277.6 252.9 237 231.2 228.7 226.4 226 230.9 252 283.9 320.4 333.1 343 357.2 372.6 377.8 387.7 380.3 374.3 378.9 387.7 381.8 374.1 379 385 383.3 371.2 371.6 366.1 363.8 363.8 363.8 369.4 363.8 363.8 373.6 374.5 372.4 380.9 384.6 388.8 391.7 394.4
363.7 359.1 355.1 349.4 345.7 345.1 331.8 327.9 320.9 314.5 310.7 310.7 310.7 310.7 310.7 310.7 318.9 326.2 338.5 352.8 366.9 370.8 375 377.3 388.6 387.2 384.8 377.4 364.1 352.4 350.5 347.7 342.9 338 326.2 310 289.3 276.5 257.1 240.5 233.5 228.5 225.9 228.8 235.4 254.7 300.4 315.5 332 342.7 355.7 371.7 389.4 386.3 378.4 378.6 387 396.8 384.7 376.4 389.5 388 382.1 369.4 365.5 369.8 369.2 366.7 365.9 368.4 363.8 363.8 367.9 364.7 373.5 375 388.1 395.5 394.9 399.2
357.3 351.4 346 341 338 334.8 331 322.4 319.9 317.4 310.7 310.7 310.7 310.7 310.7 310.7 316.7 329.5 341.9 357 375.2 375.3 376.6 380.1 387.3 387.3 382.2 371.8 362 362.1 360.3 357.3 353.1 345.5 333.3 315.9 293.7 278.5 256.5 244.5 234.9 228.8 227.3 231.6 246.2 261.5 287.3 311.5 328.6 343.6 359.2 382.6 391 390.2 384.5 391.6 398 397.5 385.3 383.5 391 386.9 377.7 367.3 371.9 376.3 373.9 370.4 363.8 363.8 363.8 363.8 363.8 363.8 372.6 377.1 398 399 400 405.7
351.4 347.7 341.8 341.9 343.1 337.4 334.8 327.3 320.3 322.8 310.7 310.7 310.7 310.7 310.7 310.7 317.6 335.3 349.9 374.2 376.3 376 380 384.5 385.5 383.4 378.7 369.5 370.4 369.8 366.8 361.9 355.8 345.7 331.7 308.6 292.6 276 265.3 249.3 236.6 230.1 231.5 236 250.9 271.4 290.8 311.5 330.4 353.7 381.4 393.2 399 394.9 393.2 395.6 397.9 394.5 389.2 389.5 389.2 384.4 376 373.4 380.2 383.2 380.7 371.1 366 363.8 363.8 363.8 363.8 373 372.4 379.1 396.9 402.5 409 415.1
349.7 345.1 344.4 343.6 340.9 339.4 336.1 326.1 320.5 320.2 310.7 310.7 310.7 310.7 310.7 312.9 327.2 347.8 363.4 373.7 374.1 376.8 381.8 383.2 380.1 375.8 372.1 371.9 375.5 370.5 368.6 360.6 351.5 346.2 339 317.4 298.3 284.6 264.8 249.8 239 236.2 233.9 244 252.8 273.1 296 317.2 336.3 380.3 388.2 392.9 398.4 397.3 394 397.3 394.9 391.8 392.3 388.8 386.8 382.4 381 379.9 381.4 386.1 381.6 372.6 367.4 363.8 363.8 363.8 368.1 372.3 373 385.5 401 410.3 416.9 420.3
349 348.2 345.3 341.3 340.6 339.9 333.5 324.1 323.5 317.1 310.7 310.7 310.7 310.7 310.7 322.6 334.7 353.8 360.5 364.7 374.7 378.8 379.8 379.3 377.4 372.5 371.4 373.9 373 367.9 362 357.5 351.5 348.3 332 319.2 302.8 287.7 265.6 253.1 242.1 235.7 262 280.6 270.3 275.3 298.4 324.2 368.6 383.9 389.2 389.6 394.8 397.8 395.1 393.9 392.3 390.6 391 387.7 384.7 384.8 384.8 381.7 381.3 382.7 379.2 369.2 363.8 363.8 363.8 368 373.1 377.6 378.4 396.3 407 417.7 421.7 424.1
348.4 347.6 346.9 344.5 341.7 338.2 329.4 324.8 326.1 310.7 310.7 310.7 310.7 310.7 320.6 327.3 334.4 354.4 357.2 371.4 377.9 381 379.4 377.6 376.9 377.2 371.7 370.3 366.2 363.3 366.3 362 352.6 339.4 327.4 315.1 303.1 287.2 266.7 251.9 237.7 248.7 274.4 282.6 282 279.7 308 339.9 372.4 384 387.7 388.9 392 397 394.7 389.5 390 390.5 389.1 387.4 386.3 387.6 386.6 384.1 384.1 384.8 377.7 363.8 365.5 363.8 368.1 370.9 379.1 379.7 388.1 402 408.7 417.1 425.9 432.7
349.2 350.7 350.4 344.4 341.5 336.8 327.9 325.1 321.7 320.4 318.4 311.3 310.7 317.7 323.1 328.9 336.3 351.6 367.2 370.9 377.3 379.5 377.4 376.7 379.2 382.7 371.5 367.3 366.4 366.1 366.1 360.3 348.5 333 322.1 314.8 306.1 286.8 267.8 248.8 240.1 259.3 274.3 289 308.1 292.4 315.8 351.7 372.6 382 386.4 390.3 389.5 394.5 392.2 387.1 387.1 387.1 388.2 388.3 387.8 388 385.2 385.2 385.6 381.1 372.8 366.1 363.8 366 369.6 378.1 380.8 382.9 392.8 402.2 408.1 419.5 436 442.5
352.4 352.1 353.9 344.8 341.4 333.6 330.2 328.3 321.3 322.4 318.9 315.2 312.8 321.2 326.2 333.8 345.2 362.5 367.7 369.4 373.9 376.7 377.3 380.9 383.5 386.9 379.1 367.5 367.7 368.5 367.5 358.4 343.6 332.4 325.2 320 308.3 287 257.7 238.4 253 268.4 293.4 305.5 306.6 301.8 341 358.9 374 381.1 390 387.9 388.8 391.4 389.8 387.6 387.1 387.1 389.4 388.4 389.8 387.7 385.3 384.2 381.5 373.3 372.1 363.8 363.8 368.7 371.8 378.2 379.1 382.1 389.8 406.7 411.3 426.8 443.5 445.4
354 352.1 351.8 347.5 340.9 332.9 332 324 328.1 324.4 319.8 314.9 318.4 324.6 331 340.9 354.7 363.9 365.3 367.8 371.8 375.3 380.8 385.6 384 386.3 382.5 372.6 370.2 368.9 367.6 357.7 344 328.8 324.8 318.2 310.1 285 260 246.2 260.7 286.2 301.5 304 303.5 313.2 350.2 367.3 381.8 388.5 387.2 384.4 385.7 387.5 390.9 389.2 387.1 387.1 390.2 391.8 389.2 385.7 385.2 384.3 375.4 371.4 368.1 363.8 369.4 369.5 371.9 378.2 378.3 383.5 394.4 404.9 415.3 429.8 441.4 445.7
354.6 352.7 351.7 350.4 339.2 337.9 329.9 328.4 334.8 326.6 318.2 315.5 320.4 327.6 344.3 352.1 354 363 365.7 367.7 373.2 381.5 385.9 384.2 384.4 384.1 382.1 377.8 374.4 371.2 366.7 357.5 341 331.3 324.7 313.6 299.7 284.3 265.5 246.5 271.4 289.2 298.6 302.6 305.9 319 353 370.3 382.2 383.2 381.6 382.5 383.3 383.8 389.5 389.1 389.8 389.4 391.1 390.1 386.2 384.6 384.2 380 373.1 370.4 370.1 367.6 368.9 369.6 371.3 375.1 378.3 383.9 393 411.7 421.4 428.4 437.6 444.9
355 353.4 353.2 348.7 339.2 340.8 334.3 335 333.6 325 319.7 322.1 326.3 338 351.5 354.6 356.8 363.8 368.6 371 375.8 381.6 384.2 384.8 384.9 384 382.1 379.9 377.8 375.2 368.6 355.2 346.8 342.5 332.4 321.3 307.2 287.7 273.3 252.1 267.2 281 293.6 302.3 308.2 328.5 359.9 371.5 374.7 377.5 378.3 379.3 381.4 382.1 385.9 388.2 393.1 388.5 388.5 387.8 385.7 383.8 380.3 374.5 374.3 376.2 371.1 366.7 368.7 370.6 372.1 374.4 377.6 384.2 397.1 410.1 422.8 425.2 435.2 450.4
357.6 354.9 352.7 347.3 343.5 343.9 341.5 338.3 333.8 323.8 321.4 325 333.5 343.8 358.5 357.5 357.3 367.9 371 372.1 375.1 380.3 383.7 387.6 386 385.5 385.5 383.4 381.2 378.1 369.3 358.3 350.6 348.2 340.3 326.2 308.2 292.4 279.7 267.8 260.2 273.2 288.5 301.7 313 337.3 366.8 373.8 371.6 372.6 373.8 376 375.3 379.8 385.2 388.4 388.3 386.2 385.8 386 384 377.8 375.5 376.6 376.1 371.9 369.3 366.9 364.6 370.1 371.8 372.9 378.4 387.4 398.9 405.7 412.5 420.4 441 450.3
358.4 356.3 352.8 349.5 347.9 351.5 345.4 341.1 332.8 325.2 324.7 331.8 339.2 351.6 357.8 361.1 358.2 366.7 369.6 372.5 376.2 380.2 382.9 384.1 386.6 388.1 388.2 388.1 383.4 376.1 366.9 357.4 355.3 349.6 333.9 322.3 316.6 304.9 288.7 281.7 273.1 261 281.7 297.1 314.9 349.9 370.3 369.6 368.6 369.5 370.9 369.7 372.2 377.7 385.4 385.8 384.6 384.1 383.9 382.2 379.3 375.8 376.6 373.3 371.3 370.6 368.8 365 363.6 369.7 370.5 372.2 377.4 381.4 391.3 394.2 407.6 423.9 439.3 448.5
359.5 359.1 357.3 352 355.3 352.9 346.7 338.4 331.6 328.3 333.7 338.1 340.6 349.2 355.9 362.3 363.3 363 370.4 372.7 374 378.1 379.8 382.8 387.4 389.7 390.3 386.8 382.2 372.7 365.5 360.5 354.9 353.5 340.2 325.8 323.2 305.8 292.6 292.3 280.5 279.9 272 294 318.6 355.8 365.4 364.7 365.6 367.5 366.3 365.1 371.6 375.1 379.8 381.3 382.8 380.8 377.6 376.4 374.9 374.4 373.2 370.3 369.4 368.6 367.8 362.6 364.3 368.6 369.9 372.1 373.9 376.4 381.9 397.6 407.8 419.9 434.6 445.3
358.5 358.1 354.2 352.6 354.1 351.3 344.4 335.3 331.9 334.9 338.6 340.7 344.1 352 358.1 362.4 362.9 361.2 367.2 371.7 373.2 374 377 381.6 388.2 389.2 389.8 386.2 378.1 369.9 364.3 358.3 358.1 353.7 342.4 336.8 325.1 307.9 298.7 293.5 283.2 278.1 272.1 292.7 322.4 351.4 356.3 358.3 363 362.5 361.4 362.8 367.6 369.6 375.5 376.7 378.1 374.9 373.1 373.8 371.3 370.8 368.4 367 367.1 366.4 363.5 361.7 362.8 365.2 368.4 369.7 368.9 371.8 383.9 397.5 410.3 425.6 438.9 450.9
355.9 353.9 353.2 351.5 348 343.7 338 337 336 337.8 343.4 346.6 348.5 354.3 359 364.5 364 364.4 368.1 371.3 370.9 372.8 377.4 383.4 388 388.6 388.8 382.6 374.4 368.2 364.4 358.6 361 352 343.9 334.5 322.6 313.5 301.8 290.9 284.3 277.2 276.6 284.7 321.6 342.9 345.9 352 355 355.9 357.8 361.2 361.2 363.5 370.9 369.7 370.7 369 371.5 368.2 366.5 365.5 364.8 366.5 368.6 366.4 363.1 361.8 361.4 366.1 367.5 366.8 366.6 372.2 384 397.2 415.9 431 442.6 449.2
356.4 354.5 352.5 350.8 346.6 344.8 343.5 341.1 340.4 344.8 346.9 348.8 353.4 356.1 360 366.2 364.9 367 366.6 367.2 368.9 373.2 381 385.5 387.6 387.1 385.3 379.2 373.4 368.8 363.3 362.2 358.3 351.1 342.3 333.1 329.1 322 306.4 294.2 285.1 276.4 274.5 276.8 301.5 323.3 334.5 342.6 349.4 350.1 353.7 358 357.6 360 364.6 363.2 363.8 367.6 366.5 362.9 363.3 364.2 364.4 366.3 366.4 363.9 363 360.2 361.7 362.7 365.3 365.9 369 374.4 378.7 393.3 416.3 428.8 439.9 444.3
357.8 356.2 352.4 348.7 348.1 349.8 347.8 344 344.1 352.1 351.6 352 354.6 357.2 361.3 367.4 362.3 362.3 363.9 367 367.9 374.2 383 385.5 384.9 384.3 382.3 378.2 373.5 369.3 369.1 362.5 359.1 351.4 343 336.3 334.2 328 313.5 293.8 284.6 274.4 274.4 274.3 288.2 309.3 320.4 334.5 344.1 344.2 349.4 351.9 354.1 357.7 358.4 357.9 359.9 359.5 359 360.3 360.7 360.8 360.3 359.5 361.2 360.2 359.3 358.3 359.3 359.4 364.4 365.6 368.9 374 375.9 390.2 410.1 422.7 433.5 439.7
356.6 354 353.3 351.4 353.9 352 349.8 345.8 348.7 354.5 357.5 356.9 356.5 358.7 362.4 364.8 362.3 363.3 364.3 367.5 368.6 373 382.6 380.7 382.3 381.9 380.5 378.1 375.6 371.4 374.2 369.9 361.6 350.2 339.8 335.9 334 324 313.4 297.9 286 274.9 273.2 274.5 278.6 296.2 307.5 324.6 334.1 335.5 341.1 347 350 349.5 352.2 355.5 353.7 352.4 353.5 356 354.2 356.2 358 358.1 358.7 359.1 358.9 357.2 360 358.1 361.6 363.9 368.3 374 375.8 387.4 401.7 412.4 428.4 436
356.5 356.7 356.7 357.8 359.3 356.5 355.4 348.6 352.8 359.4 360 359.5 359.4 360.4 362.8 363.2 362.3 363.1 366 365.8 367.1 372.3 381.4 378.8 379.2 381.2 380.6 379.1 377.2 378 376.6 369.7 359.9 350.2 348.1 345.3 332.1 322.7 313.3 298.7 288.6 274.8 274.9 274.5 275.3 287.2 304.9 316.1 323.4 330.4 338.1 342 343.7 344.2 346.9 349 346.9 347.4 347.3 349.9 349.7 354.6 355.7 356.4 357.9 358 358.2 352.9 358.5 356.3 362 363.5 368.9 371.1 374.7 384.1 395.1 410.2 426.2 428.8
359 359.2 357.9 362.5 362.4 362 357.7 355.4 359.3 363 363.5 362.4 361.4 363.8 364.1 364 363.5 362.3 362.3 367.1 367.2 369 374.8 373.6 376.4 380.5 383.2 382.2 379.9 379.4 373.1 366.3 365.6 359.6 354.1 344 333.7 321.1 313.9 302.2 289.2 275.2 274.5 274.5 274.7 278.7 293.2 305.8 311.5 322.5 327.8 335.2 338 338.5 340.7 341.1 342.4 341.2 342.3 346.8 347.6 352.7 353.8 354.3 354.7 357.1 356.3 351.5 353.8 356.7 361 364.1 365.5 368.5 373.9 384.7 393.9 407.1 419.4 424.4
360.5 360.5 360.4 364.3 365.7 364.9 361.1 361.2 364.6 365.8 367 365 365.1 366.5 368.2 366.1 365 363.4 366.3 362.9 368.4 364.2 369.4 374.8 378.3 385.4 388.2 385.6 382.9 379.3 381.7 379.3 374.5 366.3 354.8 344.4 334.5 325.3 315.4 305.9 293.4 277.8 273.2 274.6 274.7 274.8 281.1 292.3 305.1 314.2 319.1 328.4 332.2 333.2 335.1 337.6 340.4 340.1 343.4 342.8 344.3 349.1 351.7 351.2 352.5 352.7 352.7 349.9 353.6 355 359.7 362.7 362.1 368.4 374.7 383 391.7 405.2 413.4 421.3
361.5 361.1 361.9 363.3 363.2 363.8 368.1 368.1 370.5 369.3 368.2 366.9 367.7 368.6 371 372 370 366.6 364.1 362 362 363 372.4 383 387.1 391.1 391.4 388.3 383.6 382.7 381.9 378.9 373 367.8 354.2 343.4 334.4 328.2 315.7 304.6 296.9 281.2 275 274.2 274.6 274.4 274.8 284.2 294.6 306.6 314.1 320.7 324.9 327.7 331.2 333.8 335.9 337 344.2 339 342.6 348.2 349.8 347.8 351 350.6 348.5 347.6 353.1 354 356.3 357.2 360.2 366.5 373.2 381 393.4 399.8 406.8 415.8
361 362.6 362.4 362.1 363.4 367.6 376 373.6 375.8 375.4 370.8 369.1 371.1 372.2 372.7 374.7 371 369 365.1 363.8 369.5 369.2 378.2 388.2 393.3 396 393.2 389.2 386 390.9 386.9 379.1 369.4 366.5 356 349.1 340.8 335.5 321.5 307.1 298.7 286.7 275 274.5 274.6 273.2 274.6 278.4 292.4 299.2 306.1 315.5 319.3 323.2 326.9 329.8 331.9 334.8 339.1 336.1 341.8 347.1 347.1 347.2 349.8 345.1 348.2 351.4 351.5 350.7 353.3 354.5 357.9 362.2 370.3 381 389.1 392.8 400.9 410.6
