WholeMapElevations/data/ss/ss74_OST50GRID_20230518/SS74.asc
ncols 200
nrows 200
xllcorner 270000
yllcorner 140000
cellsize 50
[rows 70 to 104 of 200, columns 78 to 155 of 200]
286.7 283.7 279.9 256.4 227.1 241.7 265.7 287.4 296.1 299.4 302.9 304 305 303.6 300.6 297.5 288.2 290.4 300.9 310.3 317.4 324.5 328.5 333.7 343.2 350.2 354.1 357 358.7 360.2 361.5 362.4 363.2 363.8 363.2 362.8 361.6 360.1 358.5 358.6 358.6 359.8 359.6 358.8 357.2 354 348.1 340.9 329.5 334.3 332.9 337.9 338.8 338.6 337.6 331.6 319.3 335.6 342.1 345.5 347.7 348.2 346.9 343.9 343.9 344.6 343.8 341.6 339.6 333.6 334.7 327.4 330.4 337 343.4 347.5 350.6 353.5
290.1 286.9 283.2 264.1 236 236.5 262.3 284.5 294.9 298.5 302.6 305.5 307.6 309.1 309.6 309.9 304.8 299.1 294.4 304.1 312.3 319.8 324.8 328.7 333.1 341.8 348.5 352.5 355.7 358.8 361.5 363.2 365.3 366.5 367.5 367.5 367.2 367.6 365.5 365.8 364.9 365.5 365 364.1 361.7 358.8 352.2 341.9 343.5 341.6 341.9 344.9 345.7 345.9 344.6 342.8 326.3 338.7 345.6 349.6 351.4 352.1 351.3 349.5 349 349.5 348.9 347.5 346 340.8 342.1 340.1 333.9 334.2 341.8 347.9 352.5 355.6
293.2 289.3 284.7 269.7 242.6 230.7 257.6 281.3 292.3 298.4 302.1 305.6 308.5 311 312.3 313.9 313.4 314.2 309.4 299.3 307.5 314 319.2 323.4 327.7 333.8 340 346.1 353.1 359.1 362.4 364.6 367 370.2 372.2 373.8 374.4 374.4 373.5 373 372 371.2 370.5 369.3 367.7 365.1 352.8 354.2 353.1 350.8 350.1 353.7 354.9 353.4 352.4 350.7 337.5 335 350.1 355.3 357.4 357.7 357.9 357.1 356.5 355.7 355.4 354 351.7 348.5 349.5 347.8 343.4 338.5 341.3 348.6 353.9 357.6
295.7 291.5 285.7 274.1 249.1 229.7 252.2 274.6 289.5 296.9 300.3 304.1 308.3 311.5 314 316.3 317.8 319.1 320.2 318.8 311.5 310.2 312.1 317.4 321.6 324.5 335.7 338.9 351.6 358.8 363.6 365.9 369.2 372.5 375.3 377.8 379.3 379.2 379.2 378.1 377.3 376.8 375.9 374.4 373.1 371.2 368.9 366.5 363.5 359.5 358.6 362.5 363.3 362.2 359.6 358.3 348.3 355.1 359.5 361.5 362.8 363.5 363.7 363.2 363.1 362.4 361.6 360.1 356.9 356.1 355.9 355 351.7 350.4 339 348.6 355.4 359.5
297.9 294 288.8 280.7 255.6 232.2 243.1 264.7 283.6 293 298.8 303.8 307.5 311.1 314.7 317.3 320.1 321.7 324 324.9 323.9 322 326.1 331.4 335.4 335.5 346.3 350.9 355.2 359.2 364.7 368 371.4 374.8 377.6 380.4 382.1 382.7 383.2 382.5 381.9 381.4 380.8 379.6 378.3 376.9 374.5 371.4 370.7 367.2 366.2 370.8 372.5 371.9 367.4 363.6 353.7 362.1 365.8 367.7 368.1 369.1 369 368.6 368.8 369 367.6 365.9 363.7 362.7 362 360.9 359.9 358.6 351.7 348.6 355.5 361.7
301.7 297.6 292.7 287.4 264.2 238.3 232.5 252.2 272.4 289.7 297.8 302.5 306 310 314.4 318.2 321.1 323.8 325.7 327.9 329.1 330.2 332.8 338.4 342.6 345.9 349.5 353.8 358.4 362.7 366.7 370.3 373.6 376.9 379.7 382.2 384.1 385.3 386 386.1 385.9 385.1 384.7 384.1 382.6 381.1 379.9 378.1 376.5 373.6 373.2 376.5 377.9 377.6 374.7 368.3 354.6 369 371.7 372.9 373.6 373.9 374.8 374.9 374.6 374.1 373.1 371.5 369.4 368.7 367.7 366.2 364.7 363.5 359.1 347 358.3 363.5
305.5 301.6 297.4 292.3 273 250.2 236.1 241.3 260.6 280.8 295.3 300.8 304.5 308.5 313 317.7 321.4 323.4 326.8 328.9 331.4 334.2 336.5 340.2 344.4 348 351.6 356.5 360.9 364.6 368.9 372.7 375.7 378.8 381.1 383.6 385.9 387.2 388.6 388.8 389.4 389.2 388.8 388.1 386.7 385.6 384.4 382.9 381.3 379.7 377.3 380.1 381.1 380.1 376.8 365.7 368.7 375.4 376.4 378 378.3 378.4 379.3 379.7 379.4 378.9 378 376.2 374.5 373.8 372.3 370.7 369.7 368.6 363.4 355.6 361.6 367.1
308.9 305.9 302 296.7 284.8 263.3 242.5 237 250.4 270.8 289.7 296.6 300.7 305.1 310.7 316.7 320.8 323.2 326.6 329.9 333.3 336.8 339.6 342.8 346.7 349.9 354.1 358.3 362.8 366.7 370.7 374.6 377.7 380.4 382.9 384.8 387.5 389.3 390.2 391.5 392.4 393 392.8 392.2 391.1 389.9 388.7 387.5 385.9 384.1 381.9 382.7 382.4 381 376.3 364.8 376.8 381.2 382.7 382.9 383.2 383.2 383.3 383.3 383.4 383 381.5 380.2 379 378.2 376.8 375.3 373.8 372.3 369.4 364.9 368.3 372.5
312.1 309.5 306.3 301.9 294.8 278.5 257.6 237.4 245.1 259.3 278.8 291.2 296.1 301.5 307.4 315 319.1 322.7 326.1 329.7 333.9 337.9 342.4 346 349.4 352.4 356.3 360.1 364.5 368 372.1 376.1 379 381.9 384.5 386.9 389.3 391.5 392.6 394.2 395.5 396.4 396.3 395.7 394.7 393.5 392.3 391.4 389.9 387.7 385.4 384.9 384.1 381.3 374.3 376.3 384.4 386.7 387.2 387.4 387.2 387.7 387.5 387.4 386.9 386.2 385.5 383.9 382.7 381.4 379.7 378.6 377.8 376.7 375 373.1 374.7 376.5
314.7 312.9 310.4 305.8 301.1 294.9 274.5 251.8 238.5 251 265.5 276.9 292.5 298.3 303.9 311.2 316 320.4 324.7 329.4 334.6 339.5 343.8 348.4 351.9 355.6 358.9 362.1 366.1 369.4 373.4 377.3 380.3 383.1 385.8 388.7 391 393.3 395.2 396.9 398.6 399.6 399.5 399 398 397 396 395.4 393.3 391.8 389.3 387.3 385.6 381.4 380.2 386.4 388.4 389.9 390.6 391.1 390.7 390.2 390.3 390 389.2 388.4 387.8 386.7 385.5 384.1 382.8 381.9 381 380.5 379.7 378.7 379.4 380.2
318 316.8 314.4 310.9 306 299.2 291.2 267.6 243.1 242.3 254.9 270.8 286.5 294.2 299.8 306.4 311.2 317.9 324.1 329.6 334.8 340 345.1 349.4 353.6 357.9 361.2 364.4 367.9 371.1 374.8 378.5 381.5 384.2 387 390.3 392.6 395.1 397.6 399.8 401.8 402.5 402.2 401.6 400.9 399.9 399.1 398.3 397.5 395.1 393.1 390.5 387.7 385.7 388.8 390.5 391.8 392.4 393 393.2 392.5 392.7 392.3 391.6 391 390.2 389.5 388 387 386 385.2 384.4 383.7 383.6 382.6 381.9 381.8 382.1
321.1 320.4 318.6 315.5 311.1 304.9 298 286.3 263 244.6 247.2 263.1 278.2 288.2 293.2 298.6 308 316.1 323.1 329.2 334.6 340 345.4 350.3 354.6 359 363.2 366.2 369.8 372.9 376.3 379.4 382.5 385.4 388.2 391.2 394.2 396.8 399.5 401.7 403.6 404.4 404.5 404.2 403.5 402.7 401.6 400.5 399.5 398.1 396.5 393 390.6 389.5 392 393.2 394.2 394 394.2 394 393.8 393.5 393.2 392.4 391.4 390.7 389.9 389.1 388.1 387 386.7 386.7 385.8 384.6 383.3 383.1 383.3 383.4
323.3 324.2 323.6 320.6 316.8 311.4 304.1 296.7 280.5 258.3 244.9 251 265.5 276.8 283.7 294.8 302.2 314.7 322.6 328.4 334 339.5 345.2 350 355.2 360 363.7 366.8 370.1 373.4 375.8 379.1 381.7 384.4 388 391.5 394.8 397.3 399.8 402.1 403.9 404.8 405.1 405.6 405.3 404.8 403.6 402.4 401.4 400.3 398.8 396.8 394.8 393.8 394.7 395.1 395.1 395.1 394.7 394.1 393.4 392.9 392.4 391.8 390.9 390 388.7 388.3 387.6 387.2 386.7 386.3 385.3 384.3 383 381.9 382 381.2
324.8 327.1 327.5 326.9 323 317 310.4 302.5 294.8 274.4 253.5 245 253.1 261.5 273.9 288.7 301.1 311.9 320.6 327.2 332.9 338.5 344.4 350.6 355.5 360.2 363.6 366.5 369.1 372 375.1 377.8 380.6 383.4 386.2 390.2 394.6 396.8 399.1 401.3 403.1 403.8 405.1 405.6 405.7 405.3 405.4 404.4 403.1 402.7 401.1 399.3 398.4 397.1 395.9 396 395.7 395.1 394.1 393.2 392 391.2 390.4 390 388.6 387.3 387 386.4 386.5 386.1 385.4 384.7 383.7 382.4 380.5 380.4 379.7 379.1
326.2 329.1 330.5 329.3 326.6 321.8 315.8 308.1 300.6 285.7 264.7 247.2 251.1 255.1 264.1 279 293.7 305.6 316.3 324.1 330.8 336.8 343.3 350.2 355 359.1 362.5 364.6 366.5 369.5 372.8 375 377.7 379.5 382.8 387.9 392.9 395 397 399.3 401.3 402.6 403.8 404.7 405.4 405.7 405.5 405.3 404.4 403.5 402 400.4 399.1 397.7 396.5 396.1 395.7 394.5 393 391.1 389.6 388.1 387 385.6 384.7 383.3 383.8 383.5 384.1 383.6 383.5 382.4 381.2 379.8 377.9 377.4 376.6 376
327.9 331 332.7 330.9 328.9 324.5 319.2 312.8 305.8 291.9 279.4 263.1 250.3 250.6 257.4 271.2 283.5 296 307.9 319.4 327.6 334.5 342.6 348.8 353.1 356.3 358.3 360.6 362.7 365.4 369.3 371 372.2 374.5 378.4 383.7 388.5 391.8 393.6 396.5 399.3 401.5 402.6 403.4 404.1 404.9 404.8 404.7 404.7 403.9 402.4 401 399.6 398.3 397.1 396.2 395.1 393.7 391.4 388.8 386.6 384.4 382.9 381.6 380.4 379.1 379.9 380.6 381.4 381.2 380.2 379.6 378.5 376.9 375.1 373.3 372.4 372
329.1 332.1 333 331.7 331.1 328 323.6 318.2 312.7 305.9 294.8 279.9 263.5 251.8 253.8 263.7 272.2 282.9 299.9 311.7 322.2 330.7 338.7 345.9 349.8 353.1 354.9 355.7 357.5 358.1 359.5 360.5 361.8 364.7 369.5 376.2 380.6 383.2 388.6 394.9 398.5 400.2 401.1 402 402.8 403.5 404.1 404 404.3 403.6 402.1 400.8 399.4 397.8 396.5 395.3 394.1 392.2 389.6 386.5 382.2 379.1 377.3 376.2 375.1 375.2 374.4 375.8 376.7 375.5 374.6 372.3 370.5 368.9 366.3 363.5 361.7 360.8
329.6 332.6 334.9 334.7 333.8 331.8 328.2 324 318.5 312.8 304.9 291.9 279.4 266.5 253.7 255.5 258 269.2 284.8 299.4 314.7 327.7 335.6 341.7 345.5 349 350.6 350.9 352 351.2 350.2 351 351.1 354.4 358.8 364.8 371.2 381.8 388.2 394.8 397.8 398.7 399.6 400.2 401.4 402.4 403.2 404.1 404.1 403.1 401.3 399.7 398.5 396.5 395.3 394.1 392.5 390.5 387.8 383.5 376.8 371.8 369.2 367.2 368.6 369.1 369 369.8 367.3 365.2 364.2 360.9 356.1 354.8 352.6 348.1 346.4 346.2
329.8 333.5 335.8 337 336.8 335.2 332.6 328.8 324.1 318.8 312.1 304.6 299.4 287.6 268.5 256.3 257.5 259.9 272.9 293.4 312.7 325.9 332.5 338.1 342.2 344.7 346.2 347.1 346.8 346.1 345 341.9 343 351.4 356.2 365.8 372.9 381.5 387.8 393.5 395.7 395.9 396.5 397.1 399 401 402.8 403.5 403.4 402.5 400.6 398.6 397 394.8 392.9 391.3 389.6 388.3 384 376.1 371 367.8 371.3 370.7 364.6 361.3 364 362.5 362.3 357.4 349.2 345.7 342 339.8 336.7 334.5 332.9 329
330 334.7 337.6 339.3 339.6 338.3 336.4 333.7 330.7 325.5 320.2 316.5 311.5 301.5 292.8 279.2 264.9 260.6 267.7 289 311.1 323 329.9 335.1 338.9 341.2 341.2 341.7 340.7 339.1 336.2 335.4 343 350.6 354.5 364.2 374 381.4 385.5 390.3 392.7 392.1 393.8 396.4 399.3 401.7 403.2 403.7 402.8 401.7 399.2 397 395.3 392.8 390 388.3 386.4 380.7 375.8 371.9 383.9 384 381 378.9 379.2 377.1 361.2 357.1 361.1 362.3 366 356.9 363.9 365.8 361.4 356.4 361.7 358.8
331.2 335.7 339.4 341.3 342.6 342.1 340.4 338.7 335.7 332.3 328.8 325.4 321.4 316.9 311.7 300.3 284.4 270.8 262.6 286.3 308 320.9 327.7 333.2 336.1 337.3 337.3 336.6 333.5 330.6 328.8 333.1 337.3 343 349.2 357.6 368 376 381.8 386.1 387.4 389.6 394.2 397.4 400.2 402.7 403.8 403.9 403 400.7 398.7 396.2 393.9 391.1 388.1 384.9 379.6 377.2 382.9 387.8 388.4 388.1 383.9 383.9 384.3 379.4 375.8 380.3 382.6 383.8 382 370.7 382.5 382.7 380.9 375.2 375.9 374.1
331.6 336.3 340.6 343 344.9 345.6 344.7 343 340.8 337.9 335.1 332.3 328.8 325.6 320.5 313.8 299.8 282.8 265.6 285.6 307.4 316.8 324 328.6 331.1 332.6 332.4 330.3 325.3 321.1 323.9 327.8 331 337.5 342.9 348.6 356.1 364.8 372.8 379.1 381.8 390.8 395.9 398.7 401.5 403.6 404.5 404.4 402.7 401.1 398.3 395.3 392.7 389.6 386.4 378.6 384.9 389 391.7 392.7 392.2 390.8 388.6 389.2 388.5 383.9 386 388.5 390.1 390.2 388.6 388.3 389.7 389.8 388 385.7 382.3 380.6
330.6 336.2 340.9 344.4 346.3 347.9 348.2 347.4 345.8 344 341.4 337.8 334.9 331.7 328.2 322.9 311.8 292.8 269.7 284.7 305.4 312.7 318.2 321.6 322.4 323.1 322.8 318.9 316.9 328 333.4 337.2 340.9 344.8 349 349.1 352.6 354.4 362.4 370.7 379.8 390.6 396.6 400.5 403.1 404.6 405 405.2 402.5 401.1 398.8 394.9 391.9 388.1 382.2 387.3 392.7 394.4 395.2 395.3 394.8 393.5 392.9 393.1 392.7 390.2 392.8 394.7 395.7 396.5 396.3 396.5 396.2 394.9 393.6 391.1 388.1 386
329.2 335.7 341.1 344.7 347.5 349.4 350.7 351.2 351.4 349.1 346.7 343.1 340.2 336.4 333.4 328 320.6 301.3 276.9 280.6 298.7 308.7 311.4 314.5 312.8 312 311 312.7 326.3 332.4 337.7 341.3 346.7 353.9 362.3 368.5 371.4 373.3 376.6 380 389 394.8 398.6 402 404.5 406.6 406.8 406.5 404.1 401.5 399.1 395.2 390.5 384.4 385 391.2 395.9 398 398.3 398.6 397.7 395.6 395.8 396.2 396.7 396.8 398.4 399.7 400.6 401 400.9 400.4 399.7 398.7 397.2 395.7 393 390.7
327.8 334.4 339.5 345 347.9 350.4 351.9 353 354.4 353.6 351.2 348 344.9 341.1 336.9 331.4 322.3 303.6 280.5 277.5 292.9 300 303.5 296.5 303.5 309.6 318.1 322.2 329.6 336 339.9 343.5 352.2 362.8 369.9 373.5 377.9 379.4 383.1 388.7 393.8 397.9 401 404.1 406.5 408.4 408.8 408.2 406.6 404.4 400.6 397.1 391.3 385.3 392.8 397 399.6 401.1 401.9 402.2 401.7 400.5 400.3 399.4 400 400.6 402.5 403.1 403.7 403.7 403.3 402.6 402.1 401.2 399.5 397.7 395.5 393.4
325.4 332.5 336.8 344 346.8 350.3 352.9 354.3 356.2 355.8 354.4 351.2 347.6 344 339.4 333.3 319.6 298.7 278.6 276.2 287.3 291.1 291.9 302.7 308.8 317.8 323.8 327.5 335.2 339.7 342.9 346.4 358.3 368.2 373.7 377.6 380.3 382.5 386.1 390.5 396.6 400.9 403.2 406 408.4 410 410.1 409.7 408.3 406.4 403.9 400.7 392.9 392.3 397.6 400.2 402.3 404.1 405.1 405.2 405.3 405 404.3 403.6 403.8 404.5 405.7 406 405.8 405.7 405.5 404.3 403.8 402.3 400.8 399.2 397.5 395.4
314.5 327.8 335 339.9 344.2 349.1 353.4 356.3 358 357.6 355.8 353.4 349.8 345.9 340.4 334.1 314.9 292.1 277.1 286.2 284 293.8 299.6 304.1 313.7 322.2 325.4 329.3 336.2 340.3 344 349.4 360.5 369 374.2 378 381.2 384.1 387.7 392 397.9 402.9 405.1 407.6 409.5 411 410.6 410.1 409 407.5 404.5 401.6 391.1 396.8 401.3 403.3 405 406.2 407.2 407.8 407.9 407.5 407.2 407.2 407.2 407.7 407.8 407.6 407.4 406.4 406 405.4 404.2 402.8 401.3 399.7 398.2 396.5
300.5 315.6 329.4 335.1 341.6 347.2 353.7 356.4 357.7 358.1 356.5 354.1 351 347.5 341.4 333.9 313.2 288.3 281.7 288.9 295.8 290.9 298.1 304.1 313.3 319.4 323.5 327 334.2 338.1 343.8 348.9 359.1 366.4 372 375.8 378.9 382.3 388.5 394.1 399.7 403 405.8 408.1 410.2 411.2 410.8 410.3 408.8 407.2 404.5 401.4 391.8 398.9 402.9 405.1 406.7 408.2 409.2 409.7 410 409.8 409.6 409.3 409 409.2 409.2 408.7 407.7 406.8 405.6 404.7 403.6 402 400.8 399.4 398.1 396.6
293.8 309.2 323.1 331.6 338.6 346 350.7 354.7 357.1 357.7 356.9 354.2 351.7 349.4 343.4 331 306.8 284.6 286 300.3 304.1 305.3 300.9 299.4 307.6 313.8 319 322.1 327.3 333 340 347.6 357 363.3 367.2 368.1 375 382.5 389.6 395.6 399.7 403.9 406.5 409.1 410.8 411.3 410.9 410.5 409.3 406.9 404.8 399.9 392.9 399.2 402.6 405.8 407.8 409.1 410.5 411 411.2 411.2 410.9 410.6 410.2 410 409.9 408.9 407.9 406.9 405.6 404.2 402.5 400.6 399.2 397.8 396.7 395.7
294.1 298.6 316.4 328.2 336.1 344.5 348.1 352.2 355 356.9 356.3 355.2 353.3 351.2 344.8 330.9 307.9 284.3 292.5 306.4 314.1 314.8 312.4 312.6 313.5 311.5 311.7 315.5 319.3 325 333.9 340.5 347.8 353.3 357.1 367.9 376 384.1 390.5 397 402 405.4 408 410 411.4 411.7 411.7 411.5 410.1 407.8 404.8 399.9 396.5 398.7 403.3 406.3 408.7 410 411.2 411.8 412 412.1 411.8 411.4 410.9 410.4 409.8 408.8 407.9 406.7 405.5 403.8 401.7 399.7 397.1 395.4 393.9 393.9
289.2 295 303.6 319.5 329.4 339.4 345.1 348.7 351.6 352.4 354 354.7 354.9 352.3 347.7 330.6 304.2 286.4 295.5 310.3 317.4 320 320.6 319.9 321.9 324.3 326.7 333.5 338.2 339.4 331.3 335.8 341.8 345.5 355.6 364.8 376.1 386.3 393 399.2 404.2 407.1 409.6 411.5 412.8 413.2 413.1 412.3 410.5 407.9 404.9 400.9 397.4 399.8 403.8 406.8 409.1 410.8 411.7 412.2 412.4 412.4 412.1 411.6 410.8 410.2 409.3 408.3 407.5 406.2 404.5 403.1 400.8 398.9 396.4 393 392.2 392.1
296.6 289.6 293.8 308.6 323.5 331.1 339.4 343.1 346 348.4 351.5 353.5 353.7 352.8 350 331.3 304.6 287.9 297.2 313.4 319.2 322.7 324.4 324.8 327.4 331.1 335.2 338.8 344.1 347.7 351 353.4 356.5 359.6 369.8 376.6 382.3 390.2 396.7 401.4 406.3 408.8 411.1 412.6 414.1 414.6 414.3 413 410.5 407.7 404.9 403 400 401.2 403.6 406.9 409 410.3 411.6 412.4 412.5 412.5 412.2 411.5 410.7 409.7 408.8 407.7 406.5 404.9 403 401.3 399.2 396.7 394.1 391.3 389.8 389.8
313.6 295.3 292.7 300.6 317.1 326.3 333.1 338.8 342.1 345 349.2 351.6 352.2 351.5 349.7 332.6 306.5 289.4 294.2 310.4 318.1 323.6 326.4 328.4 331.8 336.8 340.8 344 348.8 353.6 357.8 361.8 367.8 373.9 379.5 384.2 389.3 394.8 399.4 403.6 407.7 410.9 413.2 414.5 415.4 415.9 415.4 413.9 411.7 409.4 406.6 404.8 402.3 403.1 404.2 407 409.1 410.5 411.9 412.3 412.4 412.1 411.4 410.6 409.5 408.3 407.2 406.1 404.7 402.5 400.7 398.8 396.1 393.3 390.8 389.2 386.2 387.2
336.7 322.9 305 293.4 311.4 321.8 327.8 332.8 337.4 341.5 345.6 349.2 350.1 349.3 346.8 339 318 292.4 291.3 295.8 310 320.4 327.9 330.6 334.5 341.7 344.6 347.7 352.2 357.1 362 367.1 372.2 378 383.6 388.6 393.5 398.1 402.5 406 409.7 412.4 414.7 415.7 416.7 417.1 416.5 414.8 412.5 410.2 407.8 405.2 404.6 404.9 406 407.6 409.6 410.7 411.6 411.6 411.5 411 410.2 409 407.9 406.7 405.6 404.1 402.4 400 397.8 395.4 392.8 389.9 387.5 384.6 383.4 384.9
340.9 335.9 318.5 296.2 306.3 318 323.4 328.5 333.5 338.7 342.4 346.6 348.2 348 345.9 341.2 325.1 298.1 294.3 301.5 296.1 310.3 322.8 330.5 336.2 344.1 346.9 350.4 356.7 360.7 365.6 370.5 375.2 381.6 387 391.8 396.4 400.9 404.9 408.2 411.4 413.4 415.9 416.9 417.9 418.2 417.6 415.5 413.2 410.8 407.9 407.1 406.4 407 408.3 409.4 411 411.4 410.8 410.8 410.3 409.7 408.6 407.4 406.2 404.8 403.3 401.9 400.2 397.9 395.3 392.4 389.6 386.7 383.2 379 381.2 383.2
