WholeMapElevations/data/no/no57_OST50GRID_20230518/NO57.asc
ncols 200
nrows 200
xllcorner 350000
yllcorner 770000
cellsize 50
[rows 70 to 104 of 200, columns 0 to 77 of 200]
302.5 298.2 294 290 285.9 283.1 279.5 274.3 268.9 268.4 267.3 267.7 269.8 271 270.9 271.1 270.3 271.1 269.2 267.9 265.4 260.5 257.9 255.3 253.1 250 247 245.5 241.6 235.7 233 231 223 218 224.3 237.3 246.4 256.1 266.6 275 282 288.9 295.2 299.1 302.9 307.2 310 312.8 317.1 320.1 322.2 325.6 330.6 338.6 343.3 345.1 342.4 339.1 329.9 317.6 306.9 297.4 289.3 280.8 279.8 285.8 291.3 295.7 298.6 298.1 293.2 289.5 304.7 327.6 349.6 370.8 394.3 412.1
309.8 305.7 301.4 296 291.9 288.2 284.6 279.6 274.8 269.1 266.1 262.9 263.9 265.2 266 265.9 265.8 265.9 264.3 262.7 260 256.6 252.5 246.1 242.3 240.3 237.1 234.3 231.7 235.4 228.6 223.7 231.1 239.3 231.8 230.3 242.5 255.1 261.8 270.4 278.4 285.3 291.1 296.6 301.5 305.7 308.6 312.3 316.1 319.8 322.9 326.1 329.2 337.1 343.4 346.5 343.2 340 330.2 318.7 308.1 298.3 286.4 288.6 291.1 295 302.7 309.9 313.3 309.9 303 294 303 326.8 349.4 370.2 391.7 409.9
317.6 313 307.5 303.1 298.6 294.6 289.4 285.4 281.3 276.5 269.6 264.1 261.8 261.3 260.6 260.9 261.9 260.5 259.7 258 254.7 248.9 245.6 242.7 246.1 243.7 250.3 249.5 248.9 247.2 244.3 239.2 245.2 243.5 241.8 234.2 237.4 248.8 256 265 273.4 281.7 286.1 293 298.2 302 306.8 312 316.5 319.8 323.5 327.3 331.1 341.2 350.4 352.6 349.1 341.5 328.9 318.6 308.2 298.6 299.9 299.7 299.2 303.5 313.8 324.1 325.5 323.3 314.1 302.4 308.4 325 346.6 368.6 389.8 408
325.2 318.4 313.2 308.6 304.2 298.6 293.5 289.6 285.4 280.9 276.4 269 264.3 259.9 258.1 257.2 255.2 253 252.4 250.2 249.4 248.3 252.3 257.6 256.2 255.1 254.3 253.9 251.9 250.3 248.7 248.8 248.8 247.2 245.7 244.9 241.8 243.2 252.5 260.6 271.4 277.1 284 290.4 297.3 301.8 307.2 313.2 317 321.2 325.6 330 336.1 347.8 354.5 355.4 351.5 342.3 330 318.1 309.5 312 310.8 311.6 310.2 315.4 323.9 333.8 336.8 334 324.3 314.6 313.3 331.1 346.8 365.8 385.7 408.9
329.7 323.3 317.2 312.6 307.1 301.6 297 293 288.8 284.4 279.7 273.6 268.4 263.9 261.9 256.7 255.5 253.9 251.4 256.2 256.6 261 262.3 263.1 263.3 263.2 260.7 258.1 256.3 253.8 253.2 251.9 252.3 251.8 250.4 249.3 248.7 240.3 248.6 256.9 264.7 275 281.7 289.4 297.2 304.6 309.7 314.7 320 323.9 330.1 338.4 347.1 354.9 359.6 358.7 353.8 343.6 332.4 320.4 323.4 324.7 326.7 327.5 324.2 326 335.2 346.6 346.4 341.1 334.3 323 322.8 340.4 355.3 370.7 389.6 411.8
333.5 326.6 321 315.4 309.7 304.4 300 296 291.7 287 282.8 276.7 270.6 267.1 262.6 259.9 256.8 255 260.6 261.9 264.2 267.2 268.6 270.3 270.1 269.7 267.2 264.6 260.7 258.2 257.6 255.8 255.3 255.9 254.9 254.5 254 251.5 246.5 259 266.5 274 282.2 291.1 298.2 306.5 313.7 318.3 324.9 332.5 337.6 345.7 356.5 362.5 364.5 362.2 354.1 344.6 334.6 336.1 338.8 342 346.3 343.6 337.8 335.5 345.3 357 358.5 352.9 344.4 334.2 332.7 348.6 363.6 381.3 400.6 417.5
335 329.7 324.6 318.3 312.7 307.9 303.6 298.1 293.5 289.4 285.8 278.1 274.5 268.9 264.5 258.6 259.8 261.8 264.9 267.7 270.8 272.8 275.1 276.4 277.9 276.7 274.2 270.4 266.7 264 261.8 260 259.6 260.2 260.6 260 259.7 258.8 251 258.3 266.5 273.7 282.8 292.1 302.7 310.6 318.5 326.1 334.8 340.4 345.6 355 364.6 368.8 369.6 364.9 352.9 346.3 345.7 349.2 353.6 359.4 363.1 361 355.9 345.5 349.4 360.2 368.4 365.7 355.3 347.2 343.6 356.7 373 390.5 408.6 426.8
336 331.5 326.2 320.3 315 310.1 305.5 300.4 295.9 291.3 287.9 281.6 275.7 270.3 263.2 263.2 265.9 268.2 270.2 274 277.5 279.5 282.2 284 285.5 283.6 280.3 276.4 272.3 269.4 267.6 265 264.6 264 264 263.7 264 264.4 260.9 258.6 267.5 275.7 285.9 295.9 305.4 315.3 324.6 333.9 342.2 349.9 356.6 364.7 373.1 375.6 372.9 365 357.2 353.3 361.5 365.6 371.5 376.9 380.7 381.3 375 362.8 355.9 360.7 368.9 372.3 358.7 358.3 354.9 364.3 381.2 398.1 417.8 437.9
336.3 331.8 326.5 321 315.8 310.7 305.9 301.6 297.3 293 287.8 280.7 274.7 268.1 266.1 268.3 271.6 273.9 279.6 283.6 286.9 289.8 292.4 293.1 293.5 289.9 285.6 281.7 277.7 274.1 273.7 273.2 270.7 269.8 270 269.8 268.9 268.1 267.5 261.2 266 277.9 288.2 298.2 310 321 331.9 341.9 351.5 359.2 366.6 374.9 381.3 382 378.6 368.8 357.5 366.9 375 381.7 389 393.9 401.8 401.9 393.8 382.2 369.4 367.4 371.6 374.3 372.9 370.6 363.3 368.8 386.1 402.3 423.6 444.9
336.8 330.9 325.5 320.1 316.1 311.4 306.4 301.4 297.5 292.8 286 279 272.5 268.2 271.3 275.2 279.3 285.7 291.8 295.7 298 302 302.7 301.9 300.1 296.2 291.8 286.7 282.1 280.9 281.1 280.3 279.1 277.9 275.8 275.6 275.4 274.5 273.3 268.3 264.7 279.9 291.5 304.2 317 328.6 340.7 351.2 360.9 369.6 377.6 384.1 391 391.1 383.6 372.2 365.4 378.3 387.1 396.4 405.1 415.1 423 424.2 416.4 403 388 379.7 382.2 383.2 381.8 381.3 377 373 388.2 405.1 424.2 445
334.3 330.4 324.9 320.1 315.7 311.6 307 301.9 296.8 290.6 282.8 276.1 269.8 273.2 277.9 283.9 291.9 298.9 304.3 308.2 312.1 314.1 312.6 309.3 306.7 301.4 297.4 292.9 288.8 288.7 288 287.7 286.6 285 283.7 283 282.5 281.4 278.8 276.1 265.9 281.9 297.4 310.3 326 338.1 350 361.7 371.2 379.1 390.2 399.7 401.1 397.2 388.2 378.8 375.3 387.7 398.8 410.7 421.1 433.3 440.8 443.5 437.1 425.2 408.9 402 396.9 395.5 395.3 394.4 390.2 384.7 389.1 407.1 424.6 443.5
332.5 329.2 324.5 319.7 314.8 310.3 305 299.3 294 287.5 280.5 273.8 277.2 279.4 287.8 296.1 304.3 310.5 316.2 321.6 325.7 324.7 320.8 316.1 312.3 307.1 303.4 299.1 298.4 296.3 296.6 295.8 294.1 293.5 291.1 290.4 289.6 288.7 285.7 282.3 271.9 283.2 301.7 317.3 330.9 344 356.4 367.2 378 389.7 403.3 410.6 413.3 408.3 394.3 383.3 381.3 390 403.9 417.6 431.4 445.1 456 458.6 455.2 443.5 431.3 422.2 415.3 409.6 410.4 410.9 404.3 397.6 394.9 407.1 425.1 440.3
330.7 327.6 323.3 318.7 313 307.3 301.1 295.8 290.8 282 276.6 278.8 282.7 289.4 298.3 308.2 316.9 324.9 330.2 336.3 336.7 334.3 329.7 323.9 316.7 313.5 309.9 306.9 305.4 305.9 305.4 304.3 302.9 301 299 297.3 297 296.2 293.1 288.4 282.1 279.9 303.3 319.5 333.8 347.1 360.2 372.9 385.3 401.3 412.2 421.7 423.8 416.9 403 390.9 388.7 401.2 414.4 427.4 441.7 456.4 464.9 466.4 465.9 458.7 451.5 439.1 429.3 422.8 425.2 424.4 418.6 413.2 407.6 411.8 428.2 442
327.2 325.4 321.4 315.9 309.4 303.3 297.5 292.4 287.1 279.1 281.6 285.1 289 298 308.5 319.3 329.3 336.3 343.1 348.9 346.9 343.1 337.9 330.5 324 320.5 317.8 315.6 316.3 316.7 316.8 316.3 312.8 310.3 306.2 305.2 304.8 304.6 300.9 296.4 291.2 280.9 302.1 320.1 335.2 348.8 362.9 376.8 391.7 408.3 420.9 431.7 436 427.5 413.4 401.9 395.5 410.8 424.6 438.1 456.1 470.6 480.2 480.9 481.8 469.5 459.9 451.3 443.5 436.1 437.8 435.6 431.7 427.2 422.6 425.8 435.7 446.7
324.5 321.3 317.4 311.6 305.8 300.2 294.5 290.1 284.7 284.4 286.9 289.9 297.2 306.4 317.2 329.9 340.7 349.4 356.5 358.6 356.6 351.9 345.7 337.5 333.4 329 327.1 325.2 326.5 326.4 326.6 326.2 324.1 318.7 317.1 314.5 313.3 312.6 310.3 305.1 298.9 285.4 301 318.3 335.9 350.9 367.3 381.5 397.2 413.6 428.3 440.4 446.4 440.7 426.8 416.4 411.3 419.3 433.2 448.7 466.9 483.3 491.9 495.6 493.7 483.9 471.9 465.6 457.3 446.3 448.5 448.3 446.1 442.6 439.1 440.3 446.8 454.1
321.4 318.1 313.7 308.2 302.2 296.9 291.6 287.6 287.6 288.1 291.8 296.6 305 314.6 325.2 337.8 349 358.7 364.1 365.4 364.1 359 352.7 349.1 344.9 339.6 337.7 336.5 337.1 339.5 338.9 337.4 333.8 330.4 327.1 324.5 323.2 321 319.6 314.5 307.3 291.7 297.8 315.8 334.2 351.9 369 385 399.6 417.1 433.2 446.7 457.9 457.2 444.2 429.5 424.1 425.5 442.1 459.2 477 491.3 502.6 506.5 502.1 495.3 486.4 480.8 471.1 465.2 465.4 467.9 464.6 461.4 460.5 460.9 463.6 470.1
314.2 313.8 305.6 302 299 299.3 296.6 291.9 291.4 294.4 297.9 303.5 310.8 320.9 332.8 344.9 355.4 365.1 369.8 371.6 370.1 367 361.2 359.5 356.1 351.7 348.5 348.6 349.3 350.6 350.8 348.6 344.8 341.1 337.3 333.7 331.8 329.7 327.6 321.5 312.2 295.7 307.5 313.4 329 351.2 369.8 386.5 402 417.9 435.5 453.9 467.1 469.9 459.4 444.1 438 437.1 449.7 467.7 485.6 499.3 510 510.3 509.4 503.7 496.4 491.8 482.7 479.3 482.1 488.6 491 489.7 487.5 486.6 487.9 491.9
320.6 317.8 314.1 310.7 308.1 304.7 300.3 293.7 297 299.6 303.7 309.3 315.9 326.4 339.4 350.3 360.6 368.8 374.1 376.1 376.4 376 372.7 369.8 366.9 364.2 360.7 360.3 361.1 363.2 364.1 361.6 356.5 350 346.8 343.5 340.7 336.5 334.3 327.5 316.9 301.6 316.4 328.1 327.6 343.3 364.7 382.8 400.1 417.8 437.6 458.4 475.3 476.9 471.1 459.2 451.2 450.9 456.5 474.5 491.8 507.9 518.4 520.6 515.4 510.5 505.2 499.6 494.7 494 498.8 504.2 507.8 512.9 516 513 513.3 515.5
324.1 321.8 318.6 315.1 311.8 307.3 302.3 299.8 302.3 305.3 310.3 315.7 322.3 332 342.8 354.8 364.3 372.1 377 382.2 384.9 386 383.8 380.9 377.3 376.1 373.2 372.3 375 377.1 377.2 374.4 367.7 360.6 354.7 350.7 346.2 343.5 340.9 334.2 323.3 306.4 324.2 338 347.9 351.8 356.7 364.3 388 412.5 436.5 458.2 475.6 479.3 476.3 472.9 467 466.3 469.1 480.5 501 514.5 526.3 531.1 526.4 520.1 514.5 507.7 505.5 506.8 512.6 518 526.8 533.9 540.2 539.3 537.8 540.2
328.1 325.8 322.6 318.2 315.2 310.7 305.6 304.9 305.9 311.2 316.2 321.7 329.1 337 346.5 357 366.3 374.6 382.2 389.9 394.4 396.4 395.9 392.8 388.1 387.5 385.9 386 387.6 389.6 389.2 386.2 378.9 371.8 361.6 358.3 352.7 349.5 346.5 339.2 329.1 315.7 332.7 346.7 358.8 368.4 376.7 385.1 388 397.1 428.5 454.2 471.9 480.3 483.1 481.6 479.7 484.2 486.7 492.1 508.8 522.3 532.4 536.4 533.1 525.7 519.8 515.4 515.9 521.4 522.3 529.7 540.8 551.2 559 562.6 562.5 566.2
332.7 330.2 326 322 318.5 314.5 309.2 310 313.7 317.8 322.2 328.6 335.3 343.6 351.1 361 370.3 379.9 388.8 396.6 401.9 405.5 406.9 405.6 404.2 400.6 399.9 399 399.9 402 401.4 397.8 389.7 381.6 372.1 364.8 358.2 354.9 350.6 342.6 333.3 322 338.3 353.2 367.4 378.7 389.3 402 412.6 414.2 418.4 448.6 469.8 484.1 488.2 490.3 494.2 499.2 500 505.2 516.8 531.8 539.9 540.2 536.7 530.1 524.7 528.5 530.1 531.9 532.3 539.2 551.8 561.2 569.5 575.6 579.8 589.8
336.2 334.1 330.5 326.1 321.7 318.2 315 315.7 320.1 323.9 329 335 343.8 350.8 359.7 367.3 376.8 386.2 394.5 403.3 411 416.6 419.4 418.5 417.4 417 412.2 411.8 412.8 414.8 414 408.6 399.7 389.7 380.3 369.5 362.7 359.6 354.5 345.5 336.2 330.6 344.4 360.3 374.3 388.7 401.1 417.5 428.4 438.3 435.2 440.6 471.8 488.3 495.1 500.8 506.9 509.1 510.2 518.7 527.8 538.8 548.3 546.4 541.3 535 535.8 537.7 539.1 541 541.9 547.7 558.3 567.3 577.1 583.8 593.6 598.1
343.5 338.4 333.6 329.9 326 318.8 320.5 322.3 326.3 330.4 335 342.6 351.2 358.1 366.4 375.6 384.7 395 404.9 414 423.2 429.9 431.8 432.7 431.5 430.6 428 425.8 426.6 428 424.6 418.3 407.1 397 387.3 375.4 367.5 364.3 357.3 348.3 340.1 338.8 350.7 366.7 382.3 398.9 413.7 427.6 440.8 455.1 462.7 458.7 472.4 492.7 503.5 512.4 515.8 516.4 522 530.3 539.7 544.3 553.3 555.1 551.5 547.3 547.4 549.3 552.2 551.3 551 554.6 563.6 573.6 580.2 588.1 597 599.2
349.2 343.9 338.1 333.7 329.4 326.9 326.5 329.3 333.3 337.4 343.9 352 359 366 373.5 384.5 395.8 407.3 417.6 426.9 435.1 442.1 445 449.8 449.2 445.4 443.8 443 442.4 441.3 437.1 427.8 415.6 404.2 393.5 381.2 372.6 368.7 361.3 351.8 345.2 344.9 356.1 372.9 391.5 409.7 423.8 438.3 455.1 469.4 481.3 482.7 478.2 496.6 508.2 514.5 519.2 522.4 532.4 540.2 546.8 552.2 560.1 562.1 564.4 560.3 560.7 563.6 566.1 563 562.8 563.6 568.6 577.8 584.4 594.3 597.3 596.5
354.1 347.4 342.2 338.1 334.9 333.4 332.7 335.4 339.8 346 352.9 361.1 367.7 376.8 387.4 397.6 409.4 420.9 431.3 440.7 449.7 456.2 462.3 466.4 469 467.3 463.3 460.2 458.7 455.1 448.4 437.9 425.5 412 400.6 387.1 377.1 371.1 364.4 356 345.5 350.5 361.4 380.2 399.9 417.3 433.8 450.5 465.9 483.2 495 500.9 499.2 498.7 509.2 515.8 521.6 529.1 540.4 548.9 555.7 560.4 568.5 572.1 572.2 569.9 573.2 579.9 576.2 575.7 575 576.8 575.8 578 585.6 588.1 587.8 586.5
360.4 352.5 346.7 342.6 340.2 339.2 339.6 342.2 347.3 354.4 361.9 369.8 377.5 387.6 400.5 410.9 422.7 433.7 444.9 454.9 463.3 471.6 480 484.8 488.4 487.1 482.4 478 472.8 466.3 458.4 447.3 435.4 420.8 408.7 395.9 384.1 374.3 367.2 360 356.3 357.2 365.5 384.7 406.1 423.2 440.2 458.2 478.1 495.9 505 509.3 507.3 506.8 511.3 515.9 526.1 534.6 545.3 554.4 563.4 569.1 575.4 579.2 580.1 582.3 583.7 589.1 591 587.6 580.3 580 583 577.6 580.1 579.2 566.6 558.8
365.2 357.4 351.6 347.8 346.4 343.4 346.5 349.4 355.4 362.9 369.8 378.9 388.5 400.8 412.8 422.6 436.7 448.3 458.1 468.2 478 486.5 496.1 503.1 507.1 507.4 502.4 496.6 489.6 481.6 471.5 458.8 444.9 428.8 415.3 403.1 389.9 378.3 370.3 364.6 363.4 364.6 370.3 389.4 407.4 427 446.3 464.8 485.6 500.6 512.9 517.1 514.7 514.8 515.9 519.8 528.6 537.6 546.9 557.2 565.7 575.6 580.8 587.7 588.6 592 596.8 600.9 604.7 599.1 589.9 579.1 579.5 576.6 568.1 560.7 549.4 536.9
370.8 363 357 353.7 351.8 350.7 350.8 356.6 363.6 371.7 378.6 387.8 401.6 413.8 425.3 438.9 450 460.7 473.1 484.8 499.3 509.1 516.6 522 525.4 525.3 520.3 514.3 506.2 496.6 486.7 474.1 457.9 440 422.5 406.9 391.7 383.8 377.9 373.1 371.6 371.8 375.3 387.3 409.1 429.3 449.1 469 487.6 505.8 518.4 524 522.6 521 522.7 521.7 532.5 542.2 549.9 560.1 570.4 581.1 587.5 595.3 602 605.6 608.3 611.5 610.5 606.1 597.9 584.7 570.7 566.7 556.6 545.4 533.1 517.7
375.8 370 362.9 359.1 357.2 357.8 359.7 364.2 371.5 379.4 386.8 399.6 412.8 424 437.9 451.2 463 476.8 490.7 507 519.9 527.9 536 543.2 546.6 547.1 541.4 534.1 527.1 517.4 503.5 488.9 470 449.5 430.3 413.3 400.4 389.7 383.8 386 382.8 383.4 383.1 385.8 406.7 429.3 449.8 470.1 489.2 509.1 522.2 529.7 531.8 533.3 532.7 531.4 533.9 545.3 554.5 564.9 575 587.2 595 601.6 608.3 612.9 616.5 619.2 615.5 606.2 597.2 587.8 570.2 556.1 544.9 528.9 511.7 501.9
382.7 375.2 369.8 365.6 366.1 366.6 368.2 373.5 381.3 389 399.4 412 423.3 435.9 449.7 462.4 474.7 493.2 511.5 525.2 537.4 548.1 559.4 566.6 569.7 569.1 562.3 552.5 544.8 534.4 522.2 505.4 484.1 459.6 438.7 420.3 405.5 397.1 388.4 395.4 397.2 398.2 395.5 393.7 404 425.6 448.5 468.6 489.3 508.8 525.3 535.4 542.7 542.2 541 541.9 541.3 547.4 557.4 570.1 580 592.9 603.5 610.4 616.1 619.2 622.9 622.3 618.8 606.6 600.9 589 570.1 548.7 533.6 518.7 496.5 484.9
394 385.5 379.2 374.8 374.5 375.7 376.4 384.4 392.2 402.4 412.7 424.4 436.1 447.8 461.9 476.6 491 510.4 524.7 539.5 553.4 566.2 578.3 585.9 587.7 585.5 579.7 570.6 560.9 551.5 537.4 517.9 492.6 467.7 445.9 427.2 412.3 401.7 397.9 405 410.6 412.2 413.3 410.6 409.7 422.2 444.2 466.5 487 507.5 525.4 538.7 549.5 552.1 550.2 551.5 552 553.5 565.9 576.6 588.8 599.2 607.8 616.5 622.8 624.4 625.5 623.5 616.3 608.8 602.3 591.8 573.3 547.4 526 509.9 495 482.7
404.9 397.1 392 386.4 384.8 385.4 387.1 394.8 405.9 415.4 426.5 437.5 449.5 462.5 476.5 489 505.9 523.1 536.4 552.7 565.9 579.5 591.3 596.3 600.5 599.9 596 589.7 580.5 570.2 552.5 529.4 498.9 472.8 450.4 433.1 418 408.2 406.4 413.7 422.4 428.6 431.4 429.9 425 426.7 441.9 461.7 483.5 505.3 523.7 540.3 555.8 559.3 558 559.8 562.5 562.4 571.1 583.4 594.7 604.2 613.7 620.7 624.1 626.7 626.1 622.1 616.2 608.2 600.5 590.5 574.6 553.8 535.5 516.1 501.3 485
417.4 411.4 405.7 400.8 397.2 396.8 399.2 405.9 417.7 427.8 439.3 450.8 463.8 478 489.9 505.1 520.2 533.3 546 560.6 575 587.1 597.3 603.8 610.9 613.4 612.1 607.8 601.2 589.6 568.5 535.2 504.8 477.6 456.2 440.7 425.7 416.9 414.9 421.2 435.7 447.4 450.8 447.9 446 443.1 447.1 456.5 477.9 500.5 522.1 541.1 559 566.8 569 569.9 574.1 576.7 577.3 588.3 597.1 606.5 614.8 623.4 624 623.5 623 616.9 613.8 606.3 598.2 588.2 579.1 566.8 547.9 532.2 513.7 496.9
434.1 427.5 422.6 415.9 410.6 408.1 411.3 417.4 428.2 440.5 451.7 464.3 479.4 492.3 505.1 517.2 529.2 540.9 552.6 564.9 576.8 589.2 599 608.2 616.3 622.4 626.6 619.9 611.4 600.4 578.1 543.7 511.7 482.6 465 447.2 436.5 425.5 420 431.6 443.2 463.9 472.7 470.5 467.4 465.9 467.1 471.7 475.5 497.7 520.8 544 564.1 575.3 579.4 585 588.5 588.7 586.3 595.8 606.9 615.7 622.3 626.8 627.9 622.2 617 610.4 603.4 599.8 593.2 587.2 580.8 568.6 555.3 543.7 528.1 510.5
452.8 447 442.3 433.1 425.7 421 424.3 431.3 442.4 453.6 466.6 480.1 493.6 505.6 516.4 526.5 535.7 545.4 553.7 563.6 575.2 585.9 597.3 608.4 616.7 623.5 626.8 624.3 617.3 607.3 583.7 550.9 517.3 487.3 467 448 438 432.5 427.8 436.5 449.9 473.9 488 494 491.8 489.3 489.3 491.6 497 499.5 524.3 548.5 569.8 583.5 590.2 596 597.3 600.5 599.6 606.4 614.6 623.1 625.7 627.3 625.5 618.7 613.7 605.3 597.3 588.6 584.9 578.9 573.6 564.9 556 548.4 538.7 523.3
