WholeMapElevations/data/nh/nh58_OST50GRID_20230518/NH58.asc
ncols 200
nrows 200
xllcorner 250000
yllcorner 880000
cellsize 50
[rows 70 to 104 of 200, columns 78 to 155 of 200]
450.9 448.6 446.8 443.4 444 444.1 438.5 432.6 426.7 422.8 422.6 423.3 423.8 425.5 425.5 426 425.9 425.3 423.9 423.1 420.4 417.4 414.5 409.4 406.4 401.6 393.9 390.5 386 382.6 381 380 378.7 376.6 374.2 370.4 365.9 360.6 356.8 351.7 346.2 340.3 336.9 332.5 326 321.1 316.3 311.3 304.4 297.4 289.7 282 276.7 273.3 270.4 268 265.6 261.2 256.5 251.7 246.4 241.8 238 236.3 235.4 235.2 240.1 242.7 244.8 247.3 249.1 249.9 250.5 251.5 252.7 254.1 255.8 257.6
440.7 439.4 437.1 437.9 437.5 434 428.8 424.7 422.5 420 417.5 417.8 419 420.2 423.6 424.8 425.1 424.9 423.2 422.9 420 420.5 412.5 404.6 400.4 396 390.9 387.5 384.1 380.4 379.6 378.2 376.6 374.7 372.3 369.7 363.8 361.8 358.9 354.3 350.7 345.1 341 336.9 332.2 327.2 323 319.6 312.1 304.1 296.2 287.6 280.6 276.7 274.5 272.1 267.9 263.5 259 253.4 248.3 243.9 239.7 238 236.1 236.6 241 244.5 247 249.7 251.4 252.2 252.9 253.6 254.6 256.1 257.8 259.5
430.6 430.4 430.4 429.7 428.7 425.5 420.3 421.5 419.4 416.8 415.3 414.4 414 419 422.4 424.5 423.7 422.3 420.3 419.6 421.1 416.8 407.7 401.1 395 391.3 387.4 384 381 378.6 378.6 376.4 373.8 371.6 368.7 365.6 361.5 360.6 358.7 355.9 353.5 349.7 346.7 343.5 338.9 333.1 328.2 324 317.1 309.3 301.7 293.7 285.2 280.3 278.6 274.6 270.2 265.8 260.8 255.3 250.3 245.5 241.5 238.1 233.9 238.4 242.7 246 249 251.5 253.8 254.5 255.2 255.9 256.5 257.5 259.2 260.9
425.7 423.7 421.3 421.3 419.7 415.9 420.6 418.4 415.8 413 409.7 406.9 413.7 417.5 419.9 420.7 421.3 419.2 417.9 416.7 411.6 408.1 400.9 398.1 395.2 391 387.8 384.2 381.2 377.9 374.2 372.6 369.8 367.1 364 361.4 358.2 358.8 357 355.4 354.1 353.3 352.2 350.6 345.8 340.3 334 327.5 321 313.7 306 297.7 289.3 283.7 280.9 276.7 272.2 267.6 262.9 257.2 251.6 246.8 242.5 237.9 237.4 241.5 244.6 247.7 250.6 253 254.7 255.4 256.4 257.1 257.8 259 260.5 262.3
420.7 418 413.7 412.7 411.2 412.7 411.2 410.6 406.1 404.5 401.8 408.3 411.8 414.5 415.2 416.2 416.7 416.2 414.5 410.4 405.7 401.7 398.7 396.6 394.1 390 386.3 383.2 378.9 375 371.5 369.3 367.3 363.5 361.1 357.3 355.6 354.7 354.3 353.3 353.2 352 352.7 352.6 348.2 343.2 336.6 330.5 325.1 318.3 311.1 304 295 287.7 283.1 279.1 274.6 269.8 264.6 258.8 251.9 247.1 242.6 237.8 240 243.4 246.4 249.3 251.8 253.7 255.4 256.4 257.4 258.2 259 260.3 261.8 263.5
413.6 409.9 409.3 408.5 407.4 405.2 403.3 400.7 400.1 398.6 403 404.9 407.8 410.2 411.1 411 410.3 409.9 407.9 405.5 402.9 400.1 397.5 396.3 393.3 389 384.9 382.1 377.7 374.5 368.7 364.5 363.9 359.9 355.9 352.5 351.1 349 349.2 348.8 348.9 347.8 350.4 350.9 346.9 342.2 337.3 332.2 327.5 321.3 315.1 308.5 300.7 292.2 286.6 282.2 276.9 271.5 265.3 258.6 251.5 247.1 243.2 239.1 241.4 245.2 248 250.6 252.7 254.5 256.2 257.3 258.4 259.3 260 261.4 263 264.6
404.1 404.5 405.5 404.8 402.9 400.1 398.4 397 396.9 396.4 399.7 400.6 402.3 404.4 405.7 406 405.2 404.5 403.8 402.5 400.7 398.5 396.5 394.4 390.3 385.8 381.9 378.7 374.4 369 361.9 359.9 356.2 355.1 350.9 345.8 343.8 342.9 341.3 340.2 341.4 339.4 341.9 342 342 341.2 339.1 333.1 326.3 320.5 316 310.1 304.1 296.9 290.6 283.9 279.1 272.6 265.3 259 252.7 247.7 244.2 242 245.5 248.5 250.3 252.5 254.4 256 257.3 258.1 259.2 260.2 261.1 262.4 264 264.8
398.6 399.6 399.4 398.8 395.9 393.8 393.4 393.1 393.9 392.5 393.4 394.6 395.3 397.5 397.8 399 398.3 398.7 399.3 399.5 398.7 396 392.2 388.7 385.9 381.3 374.1 369.9 367.7 366.4 364.2 359.7 355.6 347.5 344.9 339.1 335.9 334 333.3 331.2 331.8 329.9 333 334.5 336.9 338.8 339.7 333.4 325 319.1 315.6 312 306.9 300.3 291.9 284.9 278.8 271.3 264.7 258.9 253.7 249.3 246.9 244.7 248.8 251.2 252.8 254.2 255.6 257.2 258.2 259.1 260 261 262.1 263.4 264.5 264.8
396.2 396.2 395.5 392.3 391.4 391.2 389.3 388.8 389.1 387.4 388.7 389.9 390.3 391.2 391.5 390.7 391 391.5 393.8 393.5 392.4 390.6 387.3 384.2 381.1 380.1 376 370.7 367.1 363.6 357 353.3 351 344.3 337.7 333.8 331.1 328.5 326.1 324.6 323.9 323 323.7 326 328.7 329.7 328.8 325.5 318.2 317.3 315.2 312.1 308 298.4 289.2 282.9 275.5 269.3 264.5 259.5 256.1 252.1 249.5 249.8 252.3 254.1 255.1 256.3 257.6 258.2 259.2 260.1 260.9 261.7 262.5 263.3 264.1 264.6
390.5 390.6 391.1 390.3 389.4 389.6 387.8 385.1 386.1 384.1 386.5 386.8 386.6 386.7 386.2 386.4 385.8 385.5 385.9 385.3 385.2 385 383.9 383.8 382 378.8 372.4 366 362.5 357.5 353 349.6 345.7 341.7 338.4 329.4 325.3 323.9 321.5 321 320.1 318.5 317.6 317.7 318.9 320.7 318.9 316.7 312.9 312.6 311.5 310.3 305.7 295.5 286.3 279.9 271.8 268.2 264.7 261.7 258.1 254.4 250.9 253.2 255.5 256.5 257.2 258.1 258.5 259.1 260.1 260.6 260.9 261.6 262.5 263.1 263.5 263.8
386.8 388 389.2 389.3 388 387 385.6 384.2 383.6 383.2 384.9 384 384.3 383.6 384 383.9 382.6 382.6 381.3 380.6 381.4 379.1 378.7 377.8 376.4 370.9 363.2 357.2 356.1 349.5 343.3 339.1 333.9 332.9 326.9 321.3 319.6 314.5 309.2 317.6 316 315.2 313.2 311.1 309.5 308.7 308.8 306.3 305 303.5 301.7 303.5 300.1 292.2 281.1 274.9 269.6 267.5 264.4 261.8 259.1 256.4 252.6 256.6 258.2 259 259.1 259.1 259.5 260 260.7 260.8 260.8 261.4 262 262.4 262.5 262.8
385.9 387.4 388.2 388.8 388.2 387.4 386 384.3 382.7 382.6 383.5 383.2 383 381.3 382.1 379.8 376.6 379.9 381.7 379.7 380.3 382 379.1 378.2 376.1 375 369.5 367.9 365.2 357.9 352 349.3 344.9 338.3 333.1 330 326.4 322.6 306.9 313.2 311.9 312.5 309.9 307.4 304.7 300.8 298.2 296.7 294.6 293.8 293.1 293.4 291.7 287 276.9 271.2 268.7 266.1 263.5 261.7 259.7 257.2 257.4 259.7 260.8 260.5 260.4 260.4 260.6 260.7 260.8 260.9 260.8 261 261.5 261.6 261.6 261.5
385.5 386.3 387 387.1 387.8 387.9 384.3 383.1 381.6 379.3 381.6 380.1 380.6 380.4 378.9 380.6 383.2 383.1 382.9 383.2 383 383.3 383.3 382.9 381.7 376.5 374.2 371 366.3 360.2 349.9 350.5 346.6 339.1 334.2 328.4 324.3 318.7 309.5 300.5 300.6 308.4 306.7 304.4 299.2 297.5 293.5 290.5 288.1 283.9 283.1 284.5 280.5 274.6 270.4 268.9 269.2 263.2 261.3 260.2 258.9 258.7 259.5 261.2 261.7 261.3 261.1 260.7 260.6 260.7 260.6 260.5 260.4 260.5 260.8 260.8 260.9 260.8
383.1 384 385.5 385.3 384.8 382 382.5 382.1 383 382.9 382.8 382.7 382.1 382.1 380 383 384.7 386.2 384.9 385 385.4 385.6 386.5 384.9 386.4 388.4 383.5 376 375.2 367.9 357.6 349.9 340.8 334.4 329 322.9 320.1 316.2 313.7 309.5 302.8 295.5 296.5 297.6 297.5 297.1 293.8 286.4 283.1 278 274.6 270.8 272.9 270.9 269.2 267 265 264 263.1 263.1 262.3 261 261.2 261.5 261.7 261.5 261.2 260.9 260.5 260.7 260.3 260.1 260 260 260.1 260.1 260.1 260
385.1 384.2 382.1 383.9 384.8 384.5 384.7 382.8 384.3 384.5 383.9 383.2 382.5 381.7 383.5 384.9 387 387.9 388.2 387.2 388.5 390.2 390.1 392.3 393 394.8 391.6 390.7 385.9 379.2 367.6 360.8 352.2 345.6 340.7 333.5 322.3 315.5 311.5 306.4 303.8 299.6 295.3 289.9 289.8 286.3 285.5 281.5 284.5 281.1 276.7 273.3 268.6 267.5 270.1 269 266.1 264.6 263.7 262 261.4 262 261.6 261.3 261.3 261.2 260.9 260.6 260.3 260 259.9 259.8 259.7 259.5 259.4 259.4 259.3 259.2
383.5 381.2 385.3 386 386 385.7 385.1 384.7 383.8 383.7 383.2 382.9 382.4 383.2 385.1 388.7 390.7 392.4 392.4 391.5 394.9 398.9 402.4 406.8 406 408.3 407.6 404.5 399.3 390.9 381.2 368.6 358.9 355.2 347.3 340.1 331 322.5 311.8 310 309.1 308.8 306.2 302.9 288.2 302.6 297.3 295 294.2 288.8 284.8 276.9 271.8 267.3 265 263.5 262.2 265.1 263.5 261.6 260.4 262 261.6 261 260.8 261 260.7 260.4 260 259.7 259.4 259.3 259 258.8 258.7 258.5 258.3 258.3
382.4 384.1 386.4 386.9 387.1 386.4 387.4 385.8 384.7 384.5 385.4 384.6 384.1 384.9 388 391.4 393.2 394 394.6 395.1 399.9 409 413 415.1 415 417.9 416.1 413.8 408.6 403.5 394.8 382.8 371.7 360.9 355.6 345.3 334 328.7 320.5 318.4 317.4 316.4 316.4 315 312.7 309.2 305.6 301.2 297.1 292.9 287.7 283 278.9 272.8 265.1 261.1 260.9 259.9 257.8 257.8 260.1 261.9 261 260.8 260.4 260.6 260.4 259.9 259.5 259.2 259 258.7 258.4 258 257.7 257.4 257.3 257.5
385.8 387.3 386.9 388.8 388.9 393 391.8 387.6 388.9 390.1 389.8 389.7 391.7 392.4 392.9 399.2 403.8 401.6 403.2 406.2 410.1 418.5 422 423.2 426.2 427.1 426.1 423.5 418.4 411.5 404.4 393.1 382.2 371.3 361.5 357.5 343.2 335.4 329.3 327 328.5 328.8 327.2 322.5 318.8 314 310 304.6 300.8 294.6 288.5 283.1 281.2 278.1 273.1 268.5 261.8 257.8 256.3 256.6 257.8 258 259.7 260.2 260 259.7 259.4 259 258.7 258.5 258.2 258 257.5 256.9 256.6 256.3 256.1 256.3
390.9 392.4 392.4 390.7 390.4 394 391.3 390.8 391.8 395.8 397.8 398.3 400.4 403 402.4 407 409 408.7 411.9 416.6 421.2 426.7 431.6 435 437 439.2 438.6 435.5 430.6 423.5 414.8 405.1 395.1 384.8 380.2 367.4 352.4 346.7 341.2 339.6 341.2 336.9 332.3 329 323.4 319.4 314.3 308.6 303.2 297.3 288.5 286.9 286.3 282.6 275.6 271.9 266.4 260.2 257.2 255.8 254.8 254.2 254.3 255.4 258.6 258.1 258.4 258.3 258.2 257.8 257.5 257.2 256.4 255.7 255.3 255.1 254.7 254.9
393.5 393.6 394.1 392.3 392.5 393.2 396.1 398.6 400.2 400.5 402.6 405.4 407 408.5 407.9 409 412.5 416.4 419.4 423.5 428.5 434.6 439.1 443.6 448.4 452.7 454.3 452.5 449 441.5 432.3 421.6 414 403.5 389.4 371.7 363.6 357.4 353.3 352.3 350.3 345.3 340 334.7 328.2 321.4 315.6 310.3 303.5 298.7 294.6 292.4 291.2 284.3 278.7 273.3 269.6 264.6 259.8 256.7 256.1 257.1 255.6 252.1 256.6 257.6 257.3 257.4 257.5 257.2 256.8 256 255.1 254.4 254.1 253.9 253.6 253.6
398.1 396.4 396 394.7 395.4 397.1 399.4 403.4 405.4 406.7 408.9 410.3 411.2 414.5 415.7 416.7 418.4 420 425.5 431.5 438 444.4 450.9 456.9 461.5 466.4 469.4 469.2 464.8 456.3 448.3 437.7 423.2 408.2 392.3 382.4 373.4 369.3 363.9 361.6 358.2 354.7 348.4 342.3 335.8 326.5 320 310 306.6 301.3 298.5 294.9 289.3 284.2 280.2 277.1 272.6 265.5 260.3 257.6 257.8 258.7 259.7 250.6 256.9 257 256.2 256.3 256.5 256.3 255.7 254.7 253.7 253.3 253 252.8 252.1 252
399.8 399.1 398.5 398.9 401.6 402.4 404.1 405.9 409.4 412.4 412.8 415.2 420.2 423.5 424.7 423.7 426.2 428.6 434.7 439.7 444.6 452.5 460.7 466.2 471.9 477 480.4 479.9 474.4 466.3 457.1 443.7 430.4 415.1 403.7 392 386.4 381.7 375.8 373.5 369.4 362.6 355.4 347.9 340 333 325.6 318.5 313.2 309.4 304.2 299.5 294.2 290 283 279.1 274.3 270.6 266.2 262 257.5 255.3 254.7 250.3 257.9 256.3 255.2 255.1 255.4 255 253.9 253.1 252.3 252.1 251.9 251.8 251.1 251.1
400.5 400.1 400 404.3 407.7 409.6 410.5 413.7 418.1 420.7 421.8 423.9 428 429.2 433.2 432.5 435.6 437.5 440.4 446.2 450.7 457.2 465.4 472.3 478.2 482.7 486.4 489.6 488.3 483.7 468.3 449.7 435.1 424.3 411.9 403.3 398.7 392.2 386.3 381.3 377.2 370.5 360.2 352.3 345.3 338.3 330.8 325.6 322.5 316.7 308.6 301.2 300.2 294 287.6 281.9 276.9 273.8 267.3 263.8 260.1 256.3 252.9 248.4 251.9 254.3 253.9 253.9 253.3 252.9 252.1 251.2 250.7 250.8 250.8 250.8 250.7 250.2
401 401.8 404.2 407.3 413.9 418.5 419.8 423.9 430.5 431.3 433 435.5 437.3 439.2 438.5 437.5 438 440.9 446.9 450.7 455.3 462.5 469.7 475.9 481.5 487.1 495.5 501.9 497.8 484.8 469.2 455.3 443 430.9 422.7 419.8 410.2 401.7 396.1 388.4 383.1 372.4 364.6 358.3 352.1 343.6 336 333.1 327.7 316.6 312.7 309 301.8 298.5 291.9 286.1 281.4 272.4 269.8 267.1 262.7 257.8 254 248.8 249.6 251.5 253.5 252.4 251.1 250.6 250.2 249.2 249.1 249.2 249.6 249.7 249.7 249.6
404.4 409.3 413.8 419.6 422.1 426.1 431.5 435.5 440.2 442.4 445.8 447.2 446.3 444.9 443.2 440.7 442.8 443.9 448.8 452.1 457 464.2 471.1 477.4 486.2 493.9 502.4 504.1 497.6 485.7 472.4 458.8 445.3 440.5 433.5 425.3 417.6 411.6 405.2 394.3 385.9 376.2 369.2 363.9 357.6 350.8 344.1 339.4 332.1 324.2 317.5 309.7 306.5 300.5 294.1 286.8 278.2 277.4 272.5 266.2 264.2 260 256.2 250.5 247.6 247.3 250.8 250 249.6 249.4 248.7 247.4 247.2 247.3 248 248.6 248.6 248.2
412.5 416.4 421.6 427.3 430 432.9 439.5 444 447.5 451.3 455.2 455 455.9 451 447.8 444.5 445.7 448.2 450.9 454.7 459.9 466 473.7 482.5 492.1 500.3 506.5 507.4 500.8 487.7 475.8 471.5 466.1 456.2 443.7 434.8 427.5 417.9 409.6 399.4 390.5 383.9 377.3 371 366.4 359.3 352.7 344.7 337.8 328.2 321.9 313.6 307.8 300.9 291.1 285.4 282 277.1 271.8 268.1 267 262.5 258.8 255.9 253.9 252.7 245.9 245.7 246.1 247.6 247.8 245.7 244.1 245.2 246.5 246.7 246.5 246.1
423.1 428.4 430.6 433.3 437.8 442.9 447.7 450.3 454 457.4 459.8 460.6 459.4 454.8 450.2 448.8 450.6 452.3 454.8 458.2 463.1 469.8 478.9 488.4 497.4 506.3 512.7 513.9 509.1 494.3 484.6 478.2 470.8 462.5 453.7 443.2 434.2 424.9 413.8 405.1 398.5 392.2 383.9 378 372.3 366.2 359.8 350.7 341.1 332.2 325.3 317 308.4 297.4 291.3 291.2 289 283.9 279 277.1 271.7 267.5 264.5 260.9 256.6 255.6 253.2 248.5 245.9 243.9 243.7 243 242.2 240.6 243.6 244.9 245.1 243.9
434.7 440.4 442.8 444.5 445.2 449.6 455.6 458.6 461 465.1 465.7 465.3 463 458.5 453.9 453.1 454.5 456.2 458.6 462.5 466.8 472.4 482.6 492.7 501.3 510.5 514.2 512.4 506 496.5 490.1 481.3 475.3 470.5 458.8 446.7 438.1 427.6 419.1 411 404.6 398 390.3 385.3 380 371.9 362.8 353.9 343.5 335.2 328.1 317.1 308.8 299.2 303.9 302.1 299.4 293 284.7 285 277 274.1 270.6 265.2 260 257.6 255.4 252 248.8 246.1 243.2 242.4 244.3 243.1 239.9 239.6 242 241.8
448 451.7 454.6 458.5 462.3 465.2 468.3 468 467 467.9 467.5 466.9 466.5 462.4 460 457.5 456.7 459.4 462 465.5 470.4 476 481.9 489.2 498.4 505.1 507.5 509.6 506.7 496.7 488.5 481.6 477 470.1 460.1 451.4 442.4 433 426.1 418 410.5 403.5 395.7 392.1 385 375.7 367.1 358.1 348.8 341.3 331.4 319.1 308.9 316.7 316.9 312.8 307.1 301.4 300.4 296.9 288 281 275 267.7 263.2 259.2 257.9 255.4 250.9 249.1 247.9 245.3 244.3 243 240.8 239.2 239.5 237.2
452.9 457.2 461.2 465.8 470.4 472.6 473.3 474.4 474.1 472.5 471.8 470.7 467.5 464.1 461.3 460 457.4 458 461.7 465.6 470.1 476.5 480.2 482.8 487.3 495.6 499.9 497.3 494.6 490.9 485.6 478.4 475.3 468.8 460.4 453.7 446 439.6 432.1 423.7 416.4 409.6 403.2 396.7 389.3 379.6 371.3 362.2 353.8 345.3 333.4 325.2 326.1 328.6 327.3 324.3 321 318.8 315 307.8 299.5 286.5 279.2 270.8 264.1 261.5 259.7 257.6 252.8 251 249.3 246.9 244.8 242.4 243 242.5 241.4 244.9
455.8 459 463.4 468.2 472 475.2 478.2 478.1 478.3 479.7 479.2 472.6 467 463.8 460.6 457.4 455 455.2 458.5 463.1 467.3 472.1 474.8 476.6 480.3 484.2 488.3 488 487.8 485.6 478.2 471.7 469.2 464.5 459.9 454.9 449.1 444 436.7 428.6 421.5 415.8 408.9 402.3 394.6 384.9 375.8 365.5 358.9 349.5 340 336.3 335.4 334 330.5 327.6 328.4 326.7 320.7 315.4 304.1 294.1 283.1 275.8 269.5 264.1 262 259.6 254.5 252.7 250.8 246.8 244.2 246.4 246.8 247.4 247.9 248
457.1 460.1 462.2 467.3 471.5 475.3 475.5 474.7 473.5 472.3 469.8 465.1 461.4 458 456.2 453.2 451.7 450.8 453.8 457.8 462.8 466.6 468.4 470.3 471.9 475.7 479.2 481.6 479.3 473.3 467 464.9 464.9 460.8 458.9 453.9 448.6 444.5 437.9 431 423.9 418.3 411.6 405.3 396.2 387.5 379.1 372.8 360.9 357.1 351.6 347 344.3 341.2 340.7 338.6 332.9 332 326.3 319 308.9 300.3 288.8 279.3 273 267.7 266 259.5 256 254 251.9 245.9 247.1 249.3 248.6 249.1 249.2 248.5
461.2 461.8 463.6 467.1 469.3 470.8 471.4 470.9 469.4 467.1 463.4 459.4 457.4 456.1 453.8 450.4 445.6 444.2 445.1 448.8 454.4 457.3 460.3 462.9 464.8 466.8 470.2 471.2 468.8 463.4 459 458.7 459.2 456.2 454.3 450.1 447.2 442.5 436.9 430.8 424.9 419.4 413.5 406.3 397.7 393.5 385.9 378.8 366.8 366.8 361.5 359.2 357 349.8 349.8 349.8 344.6 344.8 338.7 330.7 318.5 304.2 291.2 281 274.9 270 264.5 259.7 256.2 253.9 250.6 247.2 250.4 250.3 250.4 250.6 249.8 249
463 463.2 464.4 465.7 466.6 467.9 467.5 468.3 467 464.3 459.5 455.4 452.2 449.1 446.5 442.9 440.2 438.9 441.2 443.2 447.1 452 455.3 457.1 460 461.3 462 460.6 458.6 455.1 451.8 450.3 449.7 448.8 447.5 444.7 442.7 439.1 434.1 428.3 423.5 419.2 414.5 408.2 402.1 397.8 391.3 382.2 379.2 375.2 370.6 366.8 363.4 358.6 356.9 357 352 348.1 341.4 331 319.3 305.1 292.1 282.3 276.5 269.6 264.9 260.1 256.8 252.7 250.8 251.2 251.4 251.8 251.9 251.2 250.5 249.7
463.1 463.5 463.7 463.6 464.2 463.9 463.5 461.7 460.6 458.4 455.6 451.5 447.6 443.2 440.4 437.7 435.9 435.1 435.9 440.3 444.5 448.9 451.4 453.8 455 454.2 453.9 453.4 452.5 450.1 447.4 443.5 442.2 441.2 440.3 438.6 437.1 434.2 429.9 424.7 421.3 418.3 414.6 410 405.8 402.6 398.4 392.1 387.9 383.3 381 377.8 375 369.7 359.9 358.8 349.7 342.8 335.3 324.1 313.7 304 291.9 281.4 276.3 270.6 264.6 259.7 255.4 254.9 255.3 251 253.6 252.8 252.1 251.4 250.6 249.5
