WholeMapElevations/data/se/se11_OST50GRID_20230518/SE11.asc
ncols 200
nrows 200
xllcorner 410000
yllcorner 410000
cellsize 50
[rows 140 to 174 of 200, columns 0 to 78 of 200]
252.4 252.4 252.4 254.6 256 259.4 261.1 258.6 256.5 254.5 251.1 247.9 244.5 242.9 240.5 237.9 235.7 234.2 232.1 229.1 227.5 226.2 223.8 222.1 220.7 219.2 212.7 211.2 214.5 214.7 216.1 216.8 215.8 214.3 213.5 211.2 208.6 204.2 201.1 197.4 192.5 188.7 183.9 178.4 170.3 162.8 159.8 160 166.7 169.9 173.2 174.7 172.7 170.7 168.8 166 163.2 161.4 160.6 159.6 157.9 156.4 155.9 154 152.2 150.3 148.2 145.6 136.7 121 93.5 87.9 87.8 88.5 88.9 97.7 105.8 112.1 117
252.4 252.4 252.4 253.4 256.8 263.1 262.4 259 257 254.8 252 248.1 245.6 243.4 241.1 238.8 236.9 234.1 231.7 229.9 227.9 226 224.1 222.4 221 217.8 211.3 215.6 218.4 218.5 218.5 217.6 216.5 215.3 213.7 211.6 206.8 202.1 199.6 195.6 190.4 185.8 179.9 172.3 160.4 145.2 152.9 159.6 165.1 168.1 171.6 171.9 171.6 169.6 167.5 165.9 163.5 161.1 160.5 160.9 159.3 157.6 156.5 154.6 152.7 150.6 148.3 146 139.5 127.6 111.9 96.3 90.7 89.3 89.1 89.8 96.5 100.8 106.6
252.4 252.4 252.4 252.7 254.9 263.9 262.7 260 257.5 254.3 252.3 249.7 246.4 243.2 240.8 238.6 235.8 233.3 230.9 228.7 227 225.2 222.8 221.7 220.2 218.2 212.3 218.6 219.5 219.6 219.5 218.3 217 215.7 214.1 211.6 206.2 201.7 197.9 192.8 188.1 181.5 175.1 161.5 150.8 143.1 147.4 155.8 165 167.7 170.1 171.2 170.4 168.4 166 164.2 162.5 161 160.3 160.7 160.3 158.8 156.8 154.7 152.6 150.3 148.1 145.8 140.6 132.1 124.1 114 102.3 90.5 89.3 89.6 90.5 94.1 96.9
252.4 252.4 252.4 252.5 255.1 261.8 263.5 260.6 257.3 254.3 253 250 246.7 243.5 240.4 237.4 234.9 232.5 230.1 227.8 225.8 223.8 221.7 220.9 220.1 216.5 217.8 219.6 220.8 220.7 219.9 218.7 217.4 216.1 214.6 211 203.2 199.3 195.9 188.6 182.4 171.6 161.6 150 143.1 141.1 143.4 155.2 166.6 169.9 170.3 170.6 169.1 167.3 165.6 163.5 161.5 160.9 159.8 159.3 159.1 158.7 156.6 154.5 152.3 150 147.8 145.5 142.9 134.1 130.5 124.7 116.2 106.1 94 89.5 89.8 89.2 90.5
252.4 252.4 252.4 252.4 254.8 261.2 263.7 260.5 257.2 255.1 252.9 249.7 246.3 243.3 240.2 236.9 234.4 231.9 229.4 227 224.7 222.7 221.6 220.4 219.5 218.4 219.9 220.6 221.4 220.6 219.2 217.8 216.5 214.9 212 207.9 200.4 195.5 186.8 178.7 170.5 159.9 148.7 142.4 136.4 133.7 142 155.7 169.9 173 172.5 171.1 169.6 167.9 165.2 163.4 162.3 161.2 159.5 157.9 157.4 156.4 155.7 154.2 151.9 149.5 147.2 145 142.6 137.8 135.6 132.1 125.9 118.5 108.9 98.8 91.4 91.6 91.9
252.4 252.4 252.4 252.4 253.4 260.9 263.9 261 257.7 254.3 251.6 248.5 245.4 242.5 239.8 236.7 234.1 231.6 229.1 226.6 224.6 223.1 222 220.9 219.5 219.7 220.2 221 221.7 221.1 219.8 217.9 214 209.9 205.6 198.8 191.6 183.6 174.2 165.7 156.6 148.9 139.9 133 128.4 127.5 140.8 157.3 170 174 174.3 172.3 171.2 169.6 168.2 165.3 164.3 163.3 159.3 157.7 156.1 155.1 154 152.2 151 148.7 146.5 144.4 142.3 139.8 138.1 135.6 130.7 125.3 118.2 108.3 101.1 98.8 95.4
252.4 252.4 252.4 252.4 252.4 259.5 263.2 261.4 258.1 254.2 251 248.6 245.4 241.8 239 236.5 233.8 231.3 228.8 227 225.5 223.7 222.4 221.3 219.8 219.5 219.7 220.5 221 221.4 220.5 218.5 212.4 205.8 197 188.4 179 169.7 161.3 151.3 142.6 137.7 131.3 126.8 123.4 124.6 135.5 145.8 157.8 166.4 175.6 173.6 172.6 171.3 170 168.7 166.9 164.4 160.6 158.1 155.1 153.9 152.9 150.3 149.4 148 145.9 143.7 141.6 139.1 136.2 133.3 129.5 126.7 122.8 114.9 109.3 103.8 101.6
252.4 252.4 252.4 252.4 252.4 257.1 263.8 261.4 258 254.4 250.9 248.1 245.2 242.6 240 237 233.9 231.9 229.5 227.9 226.3 224.5 222.9 221.8 220 218.7 219 219.8 220.3 221.3 220.1 213 204.8 196.7 186.4 174.4 165.2 155.7 146.5 139.9 133.9 128.7 123.9 121.3 119.3 118.8 125.6 133.8 142.3 151.5 161.5 171.9 175 174.3 171.9 170.7 169.4 166.4 163.6 159.6 156.5 154.6 152.8 149.1 147.4 145.9 145.2 142.7 140.4 138.6 133.7 131 128 125.7 122.7 116.2 110.1 104.6 101.7
252.4 252.4 252.4 252.4 252.4 255.9 261.8 261 258 254.6 251 248.6 246 242.4 240 237.6 235.7 233.5 231.2 228.8 227.2 225.4 223.6 222.1 220.3 218.2 215.2 218.6 218.8 217.6 210.9 202.8 195.3 185.4 175.3 164.8 152.8 144.2 138.1 131.9 126.6 122.3 119.2 117.6 116.9 116.6 116.6 119.6 122.7 132.4 145.5 158.4 169.6 177.9 174.7 173.1 171.4 168.7 165.8 162.2 158 155.2 152.2 149.2 147.2 145.4 144 141.1 140 137.8 134.3 130.2 128.7 124.4 118.4 110.4 103.9 98.4 97.4
252.4 252.4 252.4 252.4 250 253.5 257.9 260 257.7 254.4 250.7 248.4 245.5 242.6 240.6 238.6 236.3 233.8 231.2 229.9 228 226.1 224 222.1 220.6 216.3 207.1 205.3 202.4 199.1 194.9 188.8 181.7 172.8 162.7 153.6 143.4 138 132.4 126.3 122.2 119.5 116.7 115.9 115.5 115.2 114.3 113.7 112.6 117.6 127.4 142.6 156.5 169.7 176.9 175.3 172.5 169.4 166.4 163.7 161.1 157.5 152.8 150.5 149.9 146.6 144.9 142.3 139.7 137.6 134.5 129.1 123.2 117.4 109.8 102.3 99.3 98.7 97
252.4 252.4 252 247.2 245.4 248.9 254.3 258.6 256.7 254.1 250.2 247.3 244.1 243 241 238.8 236.2 233.6 231 229.1 227.7 225.6 223.6 221.7 219.6 211.3 198.5 189.9 184.9 181.9 178.5 173 166.6 158.8 150.3 144.8 138.4 132.8 129.6 123.6 120.6 117.8 115.5 115.1 114.6 113.6 112.2 112 111 110.5 114 126 140.8 154.1 165.1 173.6 172.7 169.8 166.9 164.4 162.1 159.9 155.9 153.4 150.8 148.1 145.8 142.6 139.2 134.1 130.4 123.6 115.7 108.2 100.8 101 100.5 102.5 100.4
252.4 252.1 246 242.3 240 245.4 248.9 257.2 255.9 253.4 250.2 246.5 244.5 242.8 240.8 238.5 235.9 233.5 230.9 228.5 227.1 225.2 223.2 220.9 217.9 209.4 193.8 173.8 170 166.6 161.1 156.7 152.7 147.9 142.6 138.2 133.4 128.6 125.5 121.6 118.3 116.3 114.5 113.1 112.5 110.8 114 112 110.3 109.2 108.8 113.4 123.5 137.3 149.4 158.9 165.2 166.8 165.6 163.6 161.5 158.1 155.1 152.1 149.4 146 142.5 138.7 133.4 127.7 120.3 113.6 107.1 100.5 98.4 105 108.9 107.7 103.1
248.9 245.7 243.1 240 235.8 241.4 245.2 251.5 255.1 252.6 249.7 245.7 243.1 241.4 239.8 237.7 235.4 233.1 230.6 228.1 226 223.8 222.1 219.5 215.4 205 189.9 170.9 160.7 155.5 151.3 147.2 143.8 141.2 137.3 133.6 129.3 125.6 123.2 120.1 115.8 113.1 113.9 112.2 111.1 115.5 119.5 119.2 117.5 112.7 110.6 108.6 109.1 118.3 131.1 141.3 148.8 153.3 154.4 154.3 152.8 150.6 147.6 144.5 141 137.7 133.9 129 123.1 115.5 106.4 102 99.2 98.3 104.5 112.8 117.9 110.3 102.9
248.1 244.6 240.3 236.7 233.5 235.4 239.1 244.4 254.2 251.2 248 244.5 242.1 240.4 238.7 236.8 234.5 232.2 229.5 227.2 224.8 220.4 216.3 213.6 208.3 199.1 186 169.7 161 152.7 145.1 142.6 141.1 137.1 132.5 129.9 126.8 123.5 120.9 119.1 115.4 114 115.3 118.5 121.6 122.6 123.1 123 122.4 119.4 116.4 113.7 107.4 107.2 113.3 121.2 129.5 135.8 139 140.5 139.5 138 134.5 130.1 126.9 124.2 119.7 113.9 108.3 100.5 100.4 100.8 105.5 110.4 114.9 119.6 116.9 110.2 102.9
244.7 241 236.7 231 225.6 230 232.7 239.7 249 249.5 246.5 243.4 241.2 239.5 237.7 235.9 233.5 230.6 226.2 224.3 220 213.7 207.8 203.6 202.2 195.1 182.1 168.1 159 152.5 145.5 143 138.6 131.5 130.1 127.3 125.1 122 119.1 117.7 115.2 116.4 119.9 122.2 124.8 126.6 128.8 129.5 128.4 126.1 122.6 118.6 114.3 107 106.3 106.5 109.7 116.1 120.1 121.8 121.9 120.1 114 107.7 104.9 108 102.1 101.7 102.2 100.6 103.8 109.5 116.5 120.4 123.2 121.6 116.8 111.4 105.4
238.6 234.5 229.5 224 221.5 223.9 226.7 232.4 239.7 246.4 246 242 239.1 237.7 236.2 234.3 231.5 227.6 223.1 219.4 213.2 205.8 200.6 201.4 198.1 193.5 181 162.9 158.6 153.8 146.5 142.6 134.2 130.3 128.9 126.5 123.1 120.9 118.1 116.5 114.8 121.6 124.8 127.9 131.2 135 138.3 140.9 140.9 137.1 130.4 124.3 119.1 113.8 108.1 107.8 105.4 105.2 105.5 106.6 106 104.4 102.7 103.2 107.8 114.6 114.4 111.2 106.1 105 111.9 118.6 126.7 130.2 132.5 124 117.5 112.8 107.7
232.1 227 223.5 219.7 217.1 220.2 221.7 226.1 233.8 241.7 244.5 240.5 237.1 235.6 234.2 231.9 228.4 224.9 220.8 214.8 213.4 210.6 206.9 205.1 201 194.6 184.7 169.6 162.1 155.7 147.5 141.3 134.5 130.1 127.8 125.8 122.3 118.6 117.4 118 122.3 127 130.2 135 142.2 147.2 151.6 156.8 157.2 153.9 146.8 136.6 126.7 119.8 117.1 114.2 110.8 107 105.1 104.4 105.9 106.9 111 117.2 122.3 128.3 130.5 123.3 106.9 109 117.9 127.1 135.9 137.3 136 129.6 119.5 114.6 109.3
227.5 225.6 222.3 217.7 214.3 215.6 217.7 221.2 228 236.6 243.7 241 237.9 235.8 234.1 231 228 224.9 222.3 221.1 220.8 218.6 210.3 208.4 204.5 198.9 190.2 180.4 170.3 159.8 150.9 142.9 135.1 129.9 126.6 123.9 119.6 119.5 118.4 122.9 128.1 132.7 138.4 146.9 156.5 160.2 165.1 171.1 172.1 169.7 164.1 156.5 147.4 137.4 128.2 121.5 119.9 117.2 113.7 114.2 114.5 116.4 121.4 130.8 133.7 140.3 142.3 133.2 111.2 109.7 121.9 133.6 136.7 136.5 133.3 130.7 122.1 116.6 110.4
225.5 223.9 220.7 217.2 213 211 214.3 218.1 223.1 232.3 244.2 242.4 240.2 236.2 234.6 232.3 230.1 227.5 225.6 224.8 220.9 215.4 213.8 210.9 206.1 200.2 194.5 183 170.9 160.1 150.8 141 133.4 128.4 124.5 120.1 121.4 121.8 125.6 131.6 134.5 141.5 150.4 163 171.7 177.3 181.5 184.3 183.8 181.9 176.8 171.5 164.5 156.4 148.5 139.6 135.4 132.2 129.8 130.7 127.2 130.6 137.4 144.3 144.8 145.2 142.7 137 115.7 111.9 128.9 131.3 133.3 135.7 132.1 128.9 124.9 116.7 110.2
223.3 222 219.1 216.1 212.7 209.3 210.7 213.7 218.6 225.5 237.7 242.8 239.9 237.1 234.9 233.1 231 228.8 227 225.5 221.2 221.6 218.3 213 207 201 190.2 179.1 166.6 155.3 144.7 138.2 131.5 126.5 121.8 124.2 127 129.5 134.2 139.2 146.3 154.9 167.9 178 185.3 189.7 192 192.9 190.4 188.3 185.3 180.8 175.2 169.1 163.5 158.6 154.1 152 150.3 148.5 148.2 148.9 151.7 151.8 149.6 146.5 142.7 138.1 120.4 112.6 120.4 122.5 127.7 132.3 130.8 128.3 123.9 116.9 113.7
223.4 219.4 216.8 214.6 211.5 208.8 207.5 209.7 214.6 221.2 230 240.8 239.1 237 234.5 232.4 230.8 227.7 225.3 222.9 219.3 217.2 214.8 209.9 203.6 194.4 182.8 169.3 158.5 147.9 139.2 133.9 128.5 123.4 122.8 128.1 131.9 136.2 140.9 152.9 162.2 171.9 181.6 189.5 194.8 197.6 196.8 193.5 192.8 191.4 188.8 185.2 181 176.6 173.1 169.9 166.4 165.8 165.5 162.2 160.5 157.2 154.2 151.4 149 146.8 142.3 138 128.5 118.8 116.6 116.3 116.9 129.8 130.6 128.2 124.7 120.5 119.5
221.9 218.1 213.8 212 209.2 204.7 205.2 207.2 210.5 215.6 225.6 234.7 238.3 235.8 233.4 231 229.3 226.6 222.9 220.2 217.3 214.9 210.6 203.1 194.4 183.9 172.3 160.8 152.5 141.6 134.5 129 124.9 124.5 125.6 130.3 135.5 143 152.7 164.8 175.1 184.4 191.9 196.9 199.8 201.3 199.1 194 191.9 191.5 189.8 186.4 182 179 176.1 173.9 171.3 169.8 167.2 164.2 161.5 157.7 154.4 151.4 148.5 146.6 143.1 138.3 134.2 128.1 127.3 126.9 116.9 117.3 129.3 128.8 126.4 123.8 124.4
220.5 217.4 213 209.6 206.4 203.1 203.2 204.8 206.7 210.7 219.8 227.7 235.3 234.4 231.9 228.7 227.9 225.5 222.8 219.7 215.9 210.5 202.8 192.9 181.8 171.2 158.7 153.1 144.8 135.3 130.9 126 124.9 124.7 129 133.7 140.8 149.6 161.9 174.6 184.2 192.8 197.7 200.3 200.9 202.2 199.6 194.9 191.5 190.3 188.2 186.3 183 179.6 176.7 174.4 172.2 169.5 167 164.4 161.6 158.3 155 151.8 148.8 145.3 142.7 139.6 135.9 133.1 130.4 126.9 122.9 119.5 125 128 126.1 125 124.6
218.8 215.8 212.4 208.4 205.6 202.6 200.4 201.8 203.2 206.9 214.3 220.9 232.8 233 228.8 226.2 225.6 223.5 221 217.9 213 204 192.1 178.5 165.7 156.7 151 143.8 134.5 129.5 127.3 125.8 125.8 129.2 134.9 140.5 147.4 157.3 172.2 184.6 191.9 199.2 202.2 202.2 201.2 200.4 197.8 193.9 190.8 189.2 187.3 185.3 183.1 180.1 177.1 174.2 171.9 169.3 166.7 164.1 161.5 158.7 155.3 151.9 148.6 144.3 142 138.3 134.3 131 129.8 128.3 125.3 123.3 121.7 126.4 126.5 125.7 124.9
216.9 213.8 210.7 207.2 204.4 201 197.3 197.5 198.1 202.7 206.7 215 223.9 231.4 227.1 222.7 221.4 220.3 217.6 209.8 201.3 190.1 176.8 161.9 154.5 148.6 140.2 131 126.9 126.3 126.4 126.4 130.4 134.1 140.2 147.1 155.8 168.9 182.6 192.1 198.9 202.3 203.3 200.6 199.9 197.3 194.3 191.4 189.5 188.2 186.4 184.4 182.1 180.1 177.3 174.4 171.5 168.8 166.2 163.6 160.9 157.9 154.9 151 148 143.6 140.9 136.3 133.5 132.7 130.9 129.1 126.6 124.3 122.2 125.7 127.5 126.2 125.3
214.9 211.8 208.7 205.1 201.9 199.1 195.2 193.8 192 196.9 201.9 207.4 215.1 224.6 225.8 219.6 214.9 209 202.6 195.5 185.6 172.8 161.7 154 146.5 139.4 130.3 127.9 127.5 127.5 127.2 130 133.9 139 145.2 153.6 164.3 179.5 191.6 198.7 204.1 204.4 203.5 201.1 198.4 195.3 192.8 190.4 188.8 187.2 185.5 183.4 181.5 179.6 176.7 172.7 170.9 168.2 165.6 163 160.1 156.8 153.7 149.8 146.1 142.4 139 138.2 136.7 134.5 131.8 129.1 127.3 123.7 122.8 125.5 127.8 126.3 125.6
212.3 209.3 206.2 202.3 200.1 197.8 193.6 191.2 187.6 190.7 197 202 207.6 214.5 223 217 201.8 191 185.1 178.3 168.8 159.7 153.1 145.9 138.3 132.2 129.9 129.3 129 129.2 132.1 134 136.8 145.7 151.9 161.9 174.1 187.8 198 203.9 205 204.7 202.6 200.2 197.6 194.7 192.2 189.6 187.7 186.3 184.4 182.3 180.3 178.5 175.9 172.5 170.3 167.6 165 162.4 159.1 155.8 151.5 147.5 145.2 142.5 141.2 140.1 137.7 135.8 132.6 129.2 126 124.1 125.8 126.9 128.5 127.8 126.3
209.5 206.5 203.1 198.6 197.6 195.5 193.1 188.2 186 186 193 197 202.3 206.4 212.6 206.1 191.3 179.7 171.1 164 156.8 151.3 146.1 136.3 130.7 130.1 130.5 130.8 130.8 132 134.7 137.7 144.5 151.4 159.6 168.3 183.1 194.5 202.8 207.6 205.7 204.4 201.8 199.3 196.7 194.1 191.6 189.3 187.1 184.9 183.2 180.9 179.1 176.9 174.1 171.6 169.5 166.5 163.9 161.4 157.9 152.1 149.3 147.6 146.4 145.2 143.4 141 138.5 136 132.5 129.4 127.2 125.7 124.8 125.1 129.1 131.4 128.9
206.7 203.7 200.7 197.3 195 193 190.5 187.4 183.3 181.1 187.4 190.9 196.1 201 202.5 196.5 186.1 174.8 162.4 153.6 150.2 145.5 136.7 132.5 132.4 130.8 131.1 131.8 133.9 136 138.5 144.6 151.5 162.8 169.1 182.7 193.4 201.7 206.4 207.7 205.9 203.6 201 198.4 196.3 193.7 191.6 189.5 187.5 185.4 183.8 181.3 178.4 175 172.3 169 166.3 163.8 161.3 158.6 153.6 153.8 153.5 152.1 148.2 146.4 143.7 141.6 139.3 136.2 133.1 130.2 129.3 127.5 126 125.8 128.3 132.5 131.4
203.5 199.7 197.8 194.8 192.2 190.3 188.2 185.4 181.4 177.9 177.4 185.1 189.7 192.4 192.7 188.2 180.1 169.8 158.6 150.4 144.9 138.9 132.3 132.3 132.1 132.2 132.8 135.2 138.4 140.6 144.8 151.7 164.1 176 186.8 195.7 203.3 207.6 209.1 207.8 205.1 202.4 200.6 198.9 196.9 194.9 193 190.1 188.1 186.2 184 181.3 178.1 176 174.2 171.7 169.8 166.8 162.2 158.4 158.5 158.4 156.9 153.8 150.5 147.4 144.2 141.4 138.7 137 134.2 132.6 131.1 129.6 128.4 127.2 128.6 131.5 133.9
200.8 196.3 194.6 191.8 189.3 187.2 185.5 183.3 179.9 176.1 172.3 177.1 181.1 184.4 184 179 172.5 161.8 153.8 146.5 140.9 134.7 133.5 133.4 133.8 136 137.4 142.1 145.9 148.5 153.8 165.3 177.9 188.8 198.5 204.7 210 211.2 210.5 208.2 205.9 203.6 201.5 200.1 198.8 196.3 193.8 191.3 188.8 186.4 183.8 181.5 180.1 178.6 176.7 174.1 171.2 167.3 162.1 162.1 162.5 161.4 158.5 155.4 152.2 149.1 145.6 142.5 139.9 138.4 137.1 135 132.4 130.5 129.7 128.7 129.3 130.9 134.9
199.8 194.9 191.7 189.9 187.6 185.5 183.4 181.3 178 174.2 170.8 168.7 172.5 174.5 174.4 168.7 163.6 155.4 148.6 143.5 136.8 134.4 134.2 133 136.2 138 142 147.5 150.6 155.2 164.6 177 190 199.3 206.3 211.6 214.2 212.1 210.3 208.8 206.8 204.8 203.6 201.9 199.7 197.1 194.6 192.1 189.6 187.8 185.3 183.5 181.9 180.2 177.4 175.4 171.3 166.1 164.8 166.1 164.8 162.6 159.4 157 153.9 150.9 146.6 143.6 142.4 140.8 139.2 136.9 134.3 132.3 131.4 130.8 130.8 132.5 137
196.4 192.8 190.2 186.4 185 183 181.7 178.8 176.5 173.5 170.2 168.1 166.1 166.2 164 162 156 149.7 145 140.6 136.8 135.6 136.1 135.6 138.4 140.8 146.2 151.8 156.7 162.6 176.2 188.4 199.1 208.8 212.4 214.7 214.4 212.3 210.3 209.2 208.1 206.5 204.9 202.7 200.5 198.1 195.4 192.8 190.4 188.9 187.2 185.1 183.1 181.5 177.9 174.9 170.3 168.3 169.7 169 166.9 165.1 161.9 158.8 155.6 152.5 148 145.8 144.2 142.4 140.2 138.3 137.7 135.5 134 133.1 133.4 134.3 139.3
192.9 191.3 188 185.4 182.9 181.7 179.6 178.2 174.9 172.4 169.9 166.9 164.3 162 156.9 149.8 150.1 145.9 141.1 138.3 136.2 136.1 137.7 138.1 138.6 142.5 148.1 155 161.5 170 182.1 194.7 204.5 210.9 213 215 214.5 212.8 210.8 210.3 209.5 207.8 205.8 203.5 201.3 199 196.4 193.8 191.7 190.1 188.8 186.4 183.7 179.8 176.4 174.3 172.6 173.5 173.2 170.7 169 166.6 163.8 160.7 156.9 153.7 149.9 147.6 145.9 144 142.4 140.6 139.2 138.5 138.3 136.8 136.7 136.8 139.5
190.2 188.7 186.9 183.8 182.7 180.4 178.7 177.1 173.4 169.6 169.4 165.5 161.2 157.7 156.8 150.4 146.2 142.3 139.3 137.8 137.2 137.2 138.1 138.9 140.3 144.7 149.5 160.6 165.3 169.2 185.1 197.7 207.8 210.4 212.9 214.4 214.2 213.5 212.1 211.8 210.9 208.9 206.6 204.3 202.1 199.8 197.5 195.2 193.7 191 188.8 186.3 182.4 178.5 176.8 176.4 177 177.1 175.7 174.1 172 168.1 165.5 162.6 158.8 155.9 153.7 151.3 149 146.8 145.3 143.8 142.6 141.3 141 140.6 141.1 140.2 142
