WholeMapElevations/data/nb/nb03_OST50GRID_20230518/NB03.asc
ncols 200
nrows 200
xllcorner 100000
yllcorner 930000
cellsize 50
[rows 76 to 113 of 200, columns 86 to 171 of 200]
63.2 68 71 70.8 66 62.4 53.7 43.1 36.9 33.7 32.1 36.4 47.7 58.1 58.7 59.5 60.9 60.9 63.2 64.4 66.9 70.8 71.2 71.9 71.5 71.5 67.6 70.9 68.2 65.9 70.4 79.6 97.2 125.1 131.6 136.2 139.5 142.4 142.7 146.2 149.5 148.8 153.4 148 151.2 148.9 145.8 147.4 148.4 148.1 148 141.8 131.3 122.2 111.2 103.5 97.5 91.6 91.6 90.5 99.4 99.5 89.3 94.6 93.3 94.7 91.6 82.8 88.9 85 84.2 86.6 69.7 35.2 12.2 9.4 17.5 14.1 13.1 6.7 7.9 15.1 26.3 42.8 68.6 71.9
63.7 70.2 73.6 71.8 66.3 62.1 52.6 44.5 38.2 34.9 34.3 38 53.8 64.2 65 65.5 65.9 67.3 69.5 70.9 69.3 72.3 73 75.9 80.6 70.9 68.6 73.9 68.9 68.9 73.4 90.3 107.8 136.9 147.3 154 155.6 153.6 151.7 156 156.2 161.4 158.4 151.8 152.1 148.5 144.3 146 148.7 152.2 147.9 140.4 130.5 129.3 118.2 111.8 111.1 95.3 93.3 90.5 91 89.6 90.3 93.4 100.9 86.4 81.1 77.4 87.5 85 82.1 79.8 84.2 54.4 16.4 7.6 7.5 11.2 11 7.1 12 25.1 43 61.6 81 84.9
62.7 71 73.4 71.5 67.3 59.7 50.7 44.4 39.6 36.5 36 40.6 57.5 63.5 67.6 67.9 69.5 72.8 74.9 73.6 72.7 72.3 73.6 82.2 84.2 71 70.6 70.5 71.8 75.2 86.2 105.8 117.9 146.9 156.3 161.8 166.8 163.3 172.8 171.5 169.4 166.2 161 157.2 151.4 147.6 147.8 145.5 147.4 144.4 142.4 134.5 136.8 132 126.7 119.2 114.4 102.1 99.7 98.2 96.3 92.5 89.3 92.4 87.4 82.3 77.2 75.4 75.4 78.3 77 76.9 79.5 43.3 16.9 8 7.4 7 7.5 6.8 15.6 35.4 49.8 68.2 79.3 88.2
62.2 68.4 71.1 69.8 66.6 58.9 49.7 44.6 40.9 37.3 39 43.5 58.2 67 69.1 69.8 71.5 75.4 76.9 74.8 71.1 72.1 78.3 79.8 81.6 75.8 75.6 79 82.2 88.6 105.3 117.6 125.7 154.7 169 179.2 174.6 179.6 182.7 180.8 176.5 166 165.2 159.2 153 151.9 148 145 139 136.4 130 133.7 134.9 129.4 125.8 119 113.4 111.6 110.8 110.7 104 96.8 89.6 89.7 84.6 82.4 81.1 79.5 74.9 78.8 75.1 70.9 61.8 49.3 21.1 7.8 7.3 7 6.8 7.4 16.2 31.3 49.8 70.5 77.5 93.3
62.8 64.6 66.4 67.8 65.7 57.4 50.2 45.6 41.3 38.4 40.3 44.3 60.7 69.9 70.5 71.5 73.9 75.6 75.6 76.7 70.3 73 80.4 82.4 83.1 83.2 87.9 86.9 96.2 108.6 111.2 122.1 138.3 166.1 181.4 182.9 185.5 190 187.4 187.2 179 167 163.5 162.9 157 153.9 148 144.6 134.5 130.9 125.1 126.8 127.7 124.4 118.8 113.8 115.6 121.5 121.2 116.3 105.6 92.7 95.9 96.3 89.1 87.4 90.5 82.5 75 74.6 74.2 72.7 62.8 52.8 25.2 9 7.2 7.3 10.3 8.1 13.9 27.4 45.3 68.6 67 76.5
64.7 63.4 65 65.1 63.9 57.5 51.3 44.9 42.5 39.8 42 46.6 63.6 70.7 70.6 72.1 74.8 73.2 75.1 73.4 70.9 80.9 83 88.8 90.5 96.5 98.8 93.1 103.8 115 119.3 141.9 154.6 166 182.6 185.8 199.7 197.3 192.6 185.9 176.8 173.3 168 162.4 156.3 147 144.1 138.6 130.8 125.7 124.9 126.9 120.9 116.5 115.7 116.6 125.4 127.3 121.3 109 104.2 96.6 99.7 92.9 89.4 92 92.4 76.3 75.1 80.2 77.8 74.1 71.8 57.1 38.9 18.8 14.6 7.5 10.8 8.2 11.8 23.7 39.1 60.2 57.3 69.2
67.2 63.9 63.3 63.4 62 57.8 51.3 46.7 42.3 40.3 42.2 48.4 64.8 71.1 71.3 72.1 72.8 73.2 74 71.7 73.6 84.9 89.2 95.9 101.4 101.6 100.3 100.5 104.7 118.5 125.5 153 172.6 171.6 176.1 196.2 203.5 199.9 190.4 178.9 175.7 171.1 163.8 159.5 153.1 142.2 138.9 135 126.6 124.8 124 122.9 119.5 116.8 116.6 123.2 126.8 120.1 111.9 111 107.1 101.5 94.2 89.8 89.8 83.3 78.9 76.4 77.8 79.5 78.8 75.1 73.1 68.2 50.3 39.9 27.7 17.6 13.1 6.8 9.9 20.8 30.1 44.6 57.7 71.8
67.6 64.7 62.6 62.2 60 57.5 52.2 46.8 42.6 40 43.4 51.8 67.4 71.9 73 72.3 70.4 70.3 71.8 73.8 83.4 89.5 91.5 100.5 104.5 106 105.9 101.1 109.3 118.6 144.2 156.5 166.9 171.1 181.2 189.7 195.9 194.4 184.2 177.6 169.5 163.1 157.8 153.7 148.2 137.7 135.8 131.4 126.7 126.5 127.3 127.4 125 123.2 121.6 123.1 119.9 112.4 111.5 109 104.1 99.2 89.4 85.7 81.3 80.9 79.3 83.6 84.4 86.7 83.8 82 73.1 64.5 62.6 62.8 48.7 29.9 15.6 7.6 7.7 17.4 27.2 40.5 59.3 64.7
64.3 63.8 61.6 61 59.9 56.9 53.1 48.3 42.7 40 44 56.7 68.4 69.8 72.2 68.1 68.1 71.4 76.2 78.2 82.6 90.7 96.1 102.3 104.5 107.9 105.8 105.4 119.1 129.8 149.4 153.8 160.2 177.4 184.9 180.2 182.5 176.5 176.5 172.9 165.7 159.2 153.7 147.5 140.3 131.9 128.7 132 126.1 130.4 132 126.2 122 123.8 123 118.5 115.2 111.6 110.2 107.6 113.8 107.3 98.3 86.4 84.1 84 84.9 89.6 89.2 89 85.5 77.3 80.7 69.9 72.4 83.8 75.5 37.7 20.2 9.9 6.4 14.1 23.5 37.9 58 72
62.5 61.3 60.6 59.8 58.1 55.9 52.8 47 40 40 43.7 57 67.1 70.5 68.1 68.1 70.5 76.2 79.2 79.8 83 92.6 97.7 103.1 107.6 109 110.5 117.8 127.6 140.1 144.7 152.3 162.9 170.3 172.7 170.3 167.6 164.8 167.1 164.3 161.5 157.1 151.9 142.6 137.4 130.3 127.3 126.7 125.9 134.3 124.4 121.3 120.7 120.7 119.5 119.3 119 117.6 115.6 112.9 110.2 105.9 94.4 92.2 87.3 86.5 94.9 101.4 93.8 92.9 83.3 82.4 85.2 76.4 92.6 87.9 81.7 61.1 32.1 13.6 3.8 9.9 23.6 31.6 53.4 74.3
62.4 61.1 58.5 58 56.3 54.7 51.4 45 40 40 43.9 59.5 67.3 68.2 68.3 69.6 74.8 78.8 80.8 82.3 89.4 95 97.6 104.6 107.7 112 117 122.3 129.5 137.1 141.4 152 153.9 155.8 158 163.2 163.5 158.1 153.5 155.5 151 148.7 142.3 136.2 136.7 127.8 128 129.8 128.4 127.2 123.3 121.6 121.1 121.5 122.1 124.5 123.5 121.3 120.9 112.8 109.7 101.8 95.9 90.1 87.9 89.1 105 102.2 94.6 89.6 85.6 87.1 76.5 77.6 93.6 93.2 81.9 71.5 57.9 20.4 3.3 6.4 19.6 26.2 49.4 72.1
63.6 61.9 58.6 55.9 54.6 52.7 49.6 44.6 40 40.4 43.1 56.2 63.6 66.4 74.9 73.9 76.1 81 82.6 83.8 87.1 94 99.9 107 110.5 112.2 120 122.2 125 132.4 133.6 140.3 144.8 148.2 148.8 151.6 151.5 149.9 146.3 141.7 139.3 137 134.6 132.3 129.2 127.8 131.2 136.9 132.8 129.1 126.8 124.9 124.9 126.5 129.8 137.2 132.5 129.1 122.6 115.3 109.1 104.9 99.4 97.9 90.8 98.1 103.1 102.7 100.6 87.4 86 82.2 76.2 85.4 99.4 91.5 87.9 72.8 58.7 31.1 8.7 1.9 9.2 25.5 44.3 67.3
66 64.6 59.1 54.7 51.5 50.7 48 42.6 40.4 43.5 45.7 50.5 57.9 67.5 74.9 72.8 79.6 80.5 80.7 85.1 87.8 96.9 102.8 107.7 108.4 109.8 118.3 123.2 122.4 122.9 127.3 136.5 142.6 146.1 147.8 149.8 147.7 146.3 143.6 135.7 133 133.2 129.3 128.4 127.4 130 134.4 134.9 136.3 129.4 132.7 129.4 131.1 131.9 140.1 137.7 130.7 127.5 122.8 118.8 111.3 110 107 104.1 95.7 109.1 107.8 107.9 92.4 91.1 86.3 78.4 90 89 92.9 91.3 83.5 71.2 59 39.8 20.4 1.7 8.2 20.5 42.6 58
66.6 66.5 60.5 54.9 49.9 46.8 45.9 40.3 40.8 46.3 48.6 50.1 56.4 62.4 68.6 71.7 75.2 76 79.6 85.4 91.7 96.4 102.3 101.9 105 107.3 111.4 119.9 119.1 121.9 127.3 134.6 141.1 147.4 147.3 144.9 141.3 137.9 136.7 130 127.6 125.6 124.5 125.8 128.9 131.9 135 135.7 132.5 131.1 134.8 136.5 134.2 142.8 140.2 133.7 133.3 130.1 127.5 121.5 114.9 112.3 113.7 104.7 98.1 104.4 106.8 105.6 90.9 91.3 80.3 84.7 93.4 97.3 87.1 83 85.4 66.9 56.4 38.9 19.9 2.5 1.7 13.1 34.9 63.6
66.5 66.9 62.1 56.4 48.3 44.1 41.2 40.2 40.2 48.8 47.9 53.6 60.6 66.4 70.9 74.7 74.8 76.3 80.9 86 94.7 96.1 96.5 98.9 102.7 106.5 110.1 114.4 117.8 122.1 126.6 131.2 143.3 149.1 143 140.2 139.6 132.8 131.3 125.5 124.4 122.1 120.7 122.8 124.1 131.6 136.6 132.8 131.4 132.2 138.9 137 135.5 136.3 132 133.9 135 134.3 128.3 123.1 117 116 109.7 97.7 98 104.5 102 93.8 88.9 82.7 88.1 90.5 85.4 89.9 79.3 79.2 78 74.2 52.4 39.6 32.9 14.1 1.7 4.9 26.3 57.9
66.2 65.3 61.5 56.5 47.7 42.7 40.2 40.2 42.4 46.5 47.8 51.2 61.6 71 71 75.7 74.5 79.4 80.7 86.7 91.7 92.3 94.6 97.7 101.6 105.6 109.5 113.2 116.3 120 124.8 128.9 136.6 138.4 139.8 138.2 136.4 128 123.7 121.7 121.5 121.3 120.7 122.7 123.4 126.5 128.7 130.7 130.3 133.9 139.4 137.6 130.8 130 133.2 136 137.1 134.6 128.4 122.2 116.5 110.7 105.6 98.9 97.2 98.1 89.2 94.5 81 77.3 85.5 83.1 86.4 84.1 79.8 84.3 82.4 68.3 53.1 45.3 33.8 18.7 2.1 1.7 14.3 47.5
63.6 64.4 60.9 56.7 46.9 42.9 40.5 40.2 43.9 47.3 48.9 50.1 64.1 66.7 69.2 72.7 69.7 78.4 83.6 82 85.9 89.8 93.7 97.3 100.3 104.2 108.9 111.3 115 118.3 121.1 127.5 133.7 136.4 139.7 134.5 129.3 126.3 120 120 120.4 121 121 121.7 123.3 125 128.1 130.3 129.3 128.2 135 128.3 128.5 130.7 134.4 136.2 135.7 130.5 123.7 117.8 111.9 106.7 100.9 99.2 92.3 86 84.8 83.7 77.3 83.3 83.2 82.9 82.9 90.6 90.4 81.9 69.9 57.1 54.7 65.7 43.8 28.8 10.2 1.7 2.2 28.7
63.2 62.5 59.6 56.6 47.4 43.3 41.1 40.3 44.3 51.8 50.2 51.7 54.2 58.3 61 62.3 67.9 75 76.4 78.6 84 88.8 92.7 96.1 98.6 102.7 105.9 110 113.4 116.4 119.2 125.1 129.8 131.3 135.2 128.1 121.8 119.3 117.9 118 119.5 119.4 121.2 121.1 122.6 122.2 124.7 125.2 122.2 122.2 125.2 125.5 127.6 130.6 133.6 132.1 128.4 124.8 121.1 115.7 108.7 100.7 96 88.8 83.9 83.1 82.8 78.4 77.3 81.9 88.3 83 96.8 94.1 80.9 72 71.6 60.8 63.8 71.3 72.3 37 17 1.7 1.7 11.6
62.6 60.6 58.9 54.7 48.7 44 40.9 40.8 45.7 57.3 54 55.7 54.6 57.7 60.5 61.7 66.1 72.8 75.6 79.1 78.8 83.1 92 94.6 95.7 99.7 103.9 108.1 110.8 114.6 117.5 119.6 122.8 123.3 121.7 118.7 116 116.5 115.4 115.7 117 118.4 120.8 120 120.5 120.5 120.7 120.8 120.2 120 120.4 122.5 128.2 127.2 127.1 125.5 124.3 121.6 117.5 111.6 105.4 98.2 92.4 84.8 83.1 83.1 82.7 79.8 77.3 86.6 87.2 89.2 97.4 90.8 76.2 69.7 65.6 66.6 73.6 84.1 75.7 50.3 23.2 1.7 1.7 2.8
58.1 57.4 56.5 52.4 48.3 44.9 41.4 41.2 46.3 52.6 53.2 56.9 53 57.9 59.6 61.6 65.6 70.9 75 76.8 76.6 78.6 85.2 91 94 96.7 100.7 103.9 106.9 110.2 113.1 113.7 113.2 110.3 108 109.4 112.1 114.1 113.4 114.2 115.2 115.8 117.1 118.7 118.5 117.4 118.7 119.6 119.7 118.2 118.5 119 120.2 121.5 120.1 120.9 120.4 118.3 114.3 109.1 104.4 95.6 92.6 87.9 83.2 81.5 87.5 79.9 83.2 83.5 87.2 91.5 89.5 81.3 71 68.8 80.4 79.2 88.5 90.7 93.8 70.6 29.1 7.1 1.7 1.7
51.6 54.2 55.1 52.1 45.5 44 44.8 45 44.5 46.6 51.1 53.9 51.1 55.5 57.8 62.1 68.1 70.7 74.4 74.6 76.3 78.1 83.9 89.3 91.8 94.1 97.3 100.4 103.9 103.6 107 107.8 103.9 101.7 103.8 105.3 109 111.2 110.9 111.2 111.8 111.6 115 115.8 115.2 115.7 115.3 116.8 118.4 117.6 117 116.3 115.4 115.5 115.7 116.4 116 113.7 108.9 104.5 99.4 95.9 93.9 89.1 78 77.3 87 79.4 83.3 87.7 88.1 79 75.7 78.2 71.4 78.7 83.6 89.3 100.8 113.5 101.1 85.6 45.7 15.9 1.7 1.7
45.4 52.3 52.8 47.4 41.7 43.6 46.6 48.3 46.4 44.6 46.9 53.4 48.6 51.7 54.7 64.4 66.9 68.8 72.6 74.9 78.6 77 79 85.8 87.9 90.3 93.5 96.9 94.6 95.7 95.7 99.9 96.9 97 99.6 101.2 104.3 110.7 109.2 105.9 106.1 109.1 108.6 111.3 111.2 113.2 112.8 113.3 116.5 117 115.1 112.5 110.6 112.3 112.5 112.4 112.6 109.4 105.1 100.4 97 95.2 93.3 83.9 74.3 79.5 84.7 73.9 73.9 82.8 84.6 79.7 75.3 76.8 76.2 82.3 83.4 98 114 113.5 107 83.3 53.7 24.5 9.2 1.7
41.9 45 46.1 44.8 36.8 38.1 46.7 50.1 50.5 42.9 43.1 45.8 45.9 48.3 52.7 60.2 63.5 65.1 69.3 73.6 77.1 76.1 75.9 78.8 82.9 85.9 87.8 91.4 87.5 87.9 88.6 89.4 92.4 93.7 95.2 96.3 96.4 100.5 104.2 100.3 102.4 104 106.5 107.7 109.6 110.9 110.4 110.2 113.7 116.4 111.5 108.2 107.2 108.1 109.2 107.9 105.5 103 100.6 97.4 93.1 92.8 89 80.9 73.9 73.9 73.9 73.9 77 82.3 81.3 76.3 78.4 78.4 80.7 81.9 90.5 99 111.7 111.6 102.6 88.6 75.1 41.5 18.1 9.4
40.2 41.6 42.8 38.8 31.4 33.1 43.2 49.1 49.1 43.1 41.5 42.6 43.5 45.7 50.6 52.8 60.5 61.3 66.5 69.6 71.9 71.2 72.3 74.6 77.9 80.4 79.9 80.2 80.6 81.3 83.9 86.1 87.3 89.5 91 91.8 92.8 94.2 94.5 97 98.5 99.7 101.5 103.7 105.7 108.7 108.5 108.3 107.9 109 106.7 104.1 103.2 104.5 103.8 102 99.6 98 96.4 94.4 91.2 86.7 81.9 75.9 73.9 73.9 73.9 73.9 79 79 77.6 80.4 81 80.2 85.4 98.6 99.5 103.8 104.3 101.5 98.3 94 69.6 49.9 26.2 17.8
39.2 42.5 38.7 32.2 27.1 27.1 38 43.5 44.6 42 40.5 41.6 43.4 45 47.3 50 53.1 60.5 63.4 64.6 68.5 71.2 71.1 71.4 72.6 73.5 75.7 78.1 78.8 79.4 80.1 81.3 83.3 84.5 86.4 88.4 89.7 89.7 90.6 92.4 94 96.2 98.1 100.3 103.4 106.7 106.7 106.1 104.4 104.2 103.8 101 100.1 99.3 98 97 96.7 95.9 95 92.9 90.3 85.8 77.8 74 73.9 73.9 73.9 76.7 79.3 78.6 76.8 77.3 81.7 78.6 90.2 98.6 107.4 111.7 107.5 100.1 97.3 84.1 71.8 62.6 34.4 22.6
39.4 40.6 35.4 26.5 22.4 24 31.3 37.1 38.9 38.7 39.3 42.4 43.4 44.5 48.6 49.6 51.7 57.1 58.5 61.8 64.3 67.5 69.5 69.3 70 70.7 73 76.3 78.9 78.5 76.7 77.3 79.2 81.3 83.1 84.7 88.1 86.8 87.9 88.2 90.4 93.2 95.8 97.6 101.9 104.1 105 103.9 103.1 101.7 101.2 98.7 97.9 96.4 96 95.7 96.1 95.1 94.2 92.4 89.5 84.9 77.1 74.6 73.9 73.9 73.9 75.1 81.4 78.1 78 81.1 78.6 82.3 88.9 99.7 108.5 112.2 106.5 100 89.2 85.6 74.6 63.8 49.1 27.5
37.3 38.4 35 22.3 19.3 22.1 27.7 32.1 33.2 34.2 35.6 40.4 43.4 44.5 46.1 48.9 50.5 51.9 56 56.8 61.3 63.9 67.4 68.2 69 69.4 71.9 74.8 77.4 79.1 74.4 75 77 78.6 80.9 81.6 82.1 83.6 84.5 84.8 87.1 91.4 94 95.8 98.2 101.7 104.2 103.1 101.1 100.2 99.3 97.4 96.2 95.4 95 94.7 94.8 94.8 94.4 92.9 89.1 83.3 78.7 75.4 73.9 73.9 74.9 81 77.5 78.4 81.8 78.6 79.1 85.8 89.3 100.7 104.4 104.7 101.3 90.1 85.4 71.6 70.4 62.9 55.1 31
34.8 36.4 35 19.1 17.2 21.6 27.3 29 30.1 30.1 31.4 34.9 41.6 43.7 45.3 47.2 48.8 51.3 51.6 53.7 57.4 60.1 63.2 66.4 67.3 67.9 69.6 72.2 74.8 73.9 70.8 72.5 74.4 75.5 77.8 77.6 78.5 79.1 81 82 84.7 89.3 91 93.1 95.7 98.1 101.4 102 99.6 98.1 97.3 96.5 94.9 94.5 94 94.1 94 94.6 94.5 93.5 88.9 83.6 78.2 73.9 73.9 73.9 78.6 79.5 78.3 80.1 81.4 82.6 86.3 87.5 88.5 97 100.2 91.9 84.1 80.5 69.3 62.2 61.5 61.6 51.9 36.2
34.3 33.4 30.6 14.2 11.9 19.5 26.7 25.9 31.4 29.4 28.7 31.7 37.1 41.8 45.3 46.4 47.8 49.5 50.4 51.7 53.2 57 60.2 63.1 65.8 66.8 66.6 67.2 69.9 69.5 68.1 69.5 72.2 72.7 73.3 75 74.9 75.1 77.4 80.1 83.1 86.4 88.7 91 92.6 94.6 97.3 98.6 97.4 96.5 95.5 95.2 94.6 94 93.6 93.5 93.4 93 92.5 92.1 88.3 82.2 76.6 73.9 73.9 76 81.8 80.9 80 81 83.7 81.6 79.8 81.9 87 87.6 84.3 79.8 78 66.5 60.2 57.7 55.2 53.6 53.3 33.4
32.1 30.8 20.3 6.1 4.6 18 27.2 20.5 27.6 31.2 27.5 30.6 34.4 39.4 44.7 46.7 48.4 49.3 50.7 50.6 52.1 54 57.2 59.9 62.9 64.3 64.6 64.3 64.3 64.5 65.4 65.3 67 69.7 69.1 70.3 71.1 71.2 73.4 76.9 80.8 83.3 85.5 88.2 90 91.3 93 95.7 95.9 95.1 94.5 93.3 93.6 92.8 92.8 92.7 92.4 91 90.6 89.6 86.8 84.7 77.8 74.7 74.6 76.6 81.2 82.8 77.4 81.7 82.7 79.3 74.2 74.4 74.4 75.7 74.9 69.1 61.8 51.9 56.3 51.6 50 53.6 51.6 36.9
27.7 26.2 14 2.8 2.8 14.1 20.6 16 19.5 27 25.6 29.3 32.4 37.5 43 46.6 48 50.1 50.5 50.2 52.1 53.5 54.8 56.9 59.2 61.4 62.4 62.8 62.1 62 62.2 62.8 63.7 64.6 66.6 68.7 68.3 68.4 70.1 74.5 78.2 80.5 82.7 85.8 87.4 89 89.6 91.6 93.1 92.8 92.4 92.1 91.3 91.4 91.8 91.3 90.4 89.2 89.5 85.3 84.2 83.5 77.2 76.9 72.7 73.8 76.5 74.5 72.2 71 71.7 68 64.4 62.1 60.4 57.9 57.1 53.9 48.4 41.1 41.7 39.4 45 43.7 38.4 29.7
26 22.5 2.8 1.7 2.6 3.5 9.5 12.3 14.2 23 24.4 27.2 30.1 36 41.2 45.6 47.3 48.8 50 50.3 52.4 53.7 54.1 54.9 56.3 58.5 59.6 61.1 60.7 60 59.8 60.7 61.7 63.2 63.5 66.3 63.9 66.4 67.7 69.8 76.1 78.7 80.7 82.4 85.6 86.5 87.2 87.7 89.7 90.4 89.7 89.2 89.6 89.7 89.6 89.5 88.7 87.7 85.4 78.9 76 71 58.7 47.9 49 55 62.3 48 36.3 27.9 41 29.6 19.4 11.9 12.8 8.6 16.8 12.1 8.9 2.4 2.7 4.1 6.5 -1.7 -1.7 -1.7
26.2 18.2 2.1 1.6 1.6 1.8 7.9 13.8 11.4 18.7 20.6 23.5 29 33.8 40.5 45.5 48.5 49.1 50.4 51.5 52.6 53.6 54.7 55.3 55.4 56.1 57.6 58.9 59.5 57.8 57.7 58.9 59.6 61.7 61.6 62.4 61.5 62.2 65 65.9 72.2 76.5 76.1 77 81.8 81.6 83.5 84.9 85.5 86.3 87.5 87.7 87.1 88.5 86.6 83.8 84.6 79.9 73.2 66.8 56.5 39.5 24.2 13.8 16.2 16.5 12.3 10.9 10.3 10 9.2 10.9 15.1 17.7 20.1 17 12.4 17.4 16.3 25.1 24.2 21.4 16.4 -1.7 -1.7 -1.7
23.5 8.1 2.1 1.6 -1.7 3 7.1 9.5 9.8 18.4 22.8 23.2 27.6 33.1 40.7 45.8 50.1 51.4 52.2 53.1 53.8 54.3 55.2 55.3 55.3 54.5 55.8 56.3 58.1 56.6 56.3 56.5 58 59.7 60.3 61.3 60.9 58.2 57.1 61.3 63.8 70.4 69.3 70.4 74.3 77 79.7 82.5 82.7 82.4 71.8 73.1 65.5 73.9 68.5 59.1 73 69.5 66.5 64.5 58.1 37.2 15.1 11.4 12.1 10.9 10.7 19.5 26.1 32.7 41.7 49.3 52.6 65.4 77.5 66.9 70.8 71.6 68.1 65.5 57.9 47.5 46.2 35.5 32.2 17.5
18.2 1.7 1.9 -1.7 -1.7 9.2 8.4 6.4 8 16.2 24.3 25.4 27.4 33.4 41.1 46.5 50.9 53.3 53.3 54.2 54.4 54.5 55.2 56 55 53.6 54.4 53.8 54.9 56.2 54.1 54.8 56.2 57.6 58.9 59.9 61 59.4 55.3 50.8 53.2 59.6 59 51.2 56.7 68.7 72.7 72.4 62.4 48.5 37.2 29.9 31 29.4 37.1 50.2 66.3 66.9 64.8 63.7 56 18.5 12.3 15.2 20.7 22.5 34.9 52.1 48.7 48.7 53.1 61.3 66.8 73.7 82.1 82.5 76.4 80.6 76.2 69.2 59.9 47.9 56.7 42.8 41.7 22.4
7.7 1.9 0.4 -1.7 1.7 9.6 5 2.4 11.8 14.7 25.6 27.9 28.7 34.4 40 46.3 50.8 54.1 54.5 54.9 55 55.1 55.2 55 53.6 52.1 51.2 51.9 52.8 54.2 54.5 52.8 54.1 55.5 56.9 58.1 59.1 60.9 58 50.8 48.4 41.4 32 31.8 32.5 54.6 58.8 49.5 37.5 29.1 28 28 27.6 28.3 29.7 31.5 56.5 66.3 66 59.3 28.7 21.8 42.8 41.5 51.5 57.2 60.6 56.4 56.4 54.9 63.2 70.8 74.7 75.7 75.5 83.6 81 80.9 77.3 75.4 67.8 55.5 57.8 52.4 42.6 29.4
1.8 1.2 -1.7 -1.7 2.5 1.7 1.9 2.4 20 18.8 26 33.5 33.4 34.2 39.9 44.3 51.4 53 54.6 55.3 55.8 55.9 55.1 54.3 53.5 50.5 49.2 50.4 48.5 50.5 54.3 52.8 51.1 53.6 54.6 55.8 55.3 61.1 56.1 34.4 33.9 40.1 46 30.5 30.5 46 40.5 29.9 28.4 28.7 31.4 36.9 43.2 36 27.9 27.7 27.7 51.6 59.4 28 24 60.2 68.6 71.5 72 68.5 61.6 61.7 62 61.5 67.7 75 76.2 76.5 76.7 83.3 85.4 89.2 82.6 81.1 69.1 68.5 63.3 57.4 51.6 40
1.6 0.2 -1.7 0.6 1.9 -1.7 3.2 8.1 21.5 27.5 26.2 35.1 37.9 36.5 38.6 42.3 49.8 51 53.6 55 55.6 55.4 54.5 54.1 51 48.7 45.2 44.3 42.7 44 50.3 48.3 47.1 51.9 52.5 49.8 43 39.4 37 41.7 50.7 49.8 52.9 37 29.2 31.5 28.9 29.6 46.8 58.3 60.6 64 61.6 58.3 56.3 52.8 30.1 26.7 25.9 24.6 29.1 67.2 69.8 72.6 73 67.1 64.1 63.5 64.4 69.2 74.7 79.1 81.6 78.8 80.6 91.1 91 91.6 85.4 78.3 69.1 70.1 71.1 72 62.7 51.5
