WholeMapElevations/data/ns/ns95_OST50GRID_20230518/NS95.asc
ncols 200
nrows 200
xllcorner 290000
yllcorner 650000
cellsize 50
[rows 70 to 104 of 200, columns 78 to 155 of 200]
333.1 332.1 331 330.5 329.8 329.1 326.5 322.1 318.9 316 312.4 309.5 307.7 306.1 304.6 303.2 302.1 301.3 300.6 300.3 300.2 300.1 300.2 300 299.4 298.3 301.1 304.3 307.2 309.9 311.9 311.5 308.7 305.5 301.8 298.2 295.5 292.8 293.8 298.9 302.1 303.8 303.5 303.6 304 305.1 306.9 308.3 310.6 313 315.1 318.1 321.2 324 326.9 329 331 332.7 333.9 334.5 335 337.9 334.1 338.2 335.3 331.2 326.8 322.7 321.4 320.5 319 318.6 318.2 317.8 317.5 315.4 313.3 310.5
332.9 332 330.8 330.2 329.2 327.6 323.4 319 316.2 313.4 310.4 307.8 306.2 304.6 303.1 302.1 301.4 300.6 299.9 300 300.1 300 299.5 298.7 298.5 297.8 300.6 303.3 305.8 308.1 309.9 308.4 304.9 301.2 297.3 293.9 292 291.1 295.4 299 301.5 302.9 303.9 304.7 305.4 306.1 307.6 309.1 310.8 313.5 315.8 318.9 322.6 326.3 328.9 330.9 332.9 334.4 335.3 335.8 336.5 335.7 334.3 338 333.2 328.8 326 323.5 322.8 321.2 320.2 319.8 319.4 319 318.1 315.9 313.2 309.6
332.7 331.8 330.8 329.2 327.5 323.8 318.9 315.4 313.1 310.4 307.8 306.4 304.7 303.1 302 301.4 300.7 299.9 299.2 299.5 300.1 300.3 299.5 298.5 297.5 297.4 299.3 301.6 304.1 306.4 307.2 304.7 300.7 296.6 292.9 291.2 289.5 292.6 295.7 298.7 300.8 302.3 303.8 305.4 306.2 307.1 308.4 309.3 310.4 313.4 317.1 320.9 324.6 328.5 331.6 333.3 334.5 335.5 335.3 335.5 336.4 332.9 333.1 336.6 330.5 327.6 325.9 323.8 322.7 321.6 321.3 321 320.5 320.1 318.4 315.2 312.4 307.8
332.5 331.1 329.1 326.5 322.3 318.1 314.6 312.1 309.8 307.3 305.3 304 302.8 301.8 301.3 300.6 299.9 299.3 298.6 298.6 299.2 299.4 299.2 298.6 297.5 296.4 298 300 302.4 303.9 303.7 299.7 295.8 292.6 290.2 289.2 290.7 294.7 297.8 300.9 302.7 303.9 304.6 305.7 306.7 307.8 308.8 309.8 311.3 314.7 318.5 322.8 326.6 330.8 333 334.7 335.6 335.8 335.4 335.1 335 335.1 335 332.8 328.5 327.4 325.5 324.5 323 322 322.4 322 321.7 321 318.8 315 310.9 305.9
331.7 327.8 323.3 320.2 317.2 314.1 311.4 308.9 306.7 304.6 303.6 302.6 301.7 300.6 300 299.5 299.7 299 297.8 297.4 297.7 298.3 298.1 297.8 297 296.2 297.2 298.9 300 300.6 299.5 294.3 291.9 290.4 288 289.3 293.5 297.1 299.9 302.9 304.4 305.8 306.3 307 307.9 308.6 309.6 310.6 312.6 317 320.7 324.8 328.5 331.2 333.4 334.9 335.2 335.2 334.6 334 333.5 333.1 332.1 330.1 328.3 327.2 325.5 325.2 323.7 322.3 323.3 323 322.7 321.3 317.8 313.3 308.6 303.6
327.8 323.8 320.1 316.9 314.2 311.3 308.8 306.8 304.8 303.5 302.5 301.5 300.5 299.5 298.6 298.2 298 298 296.5 295 295.9 296.8 296.9 296.6 296.2 296 296.7 297.5 297.5 296.8 294.2 290.7 289.4 288.1 287.2 291.4 295.8 299.3 302.2 304.6 306.1 307.7 308.1 308.2 308.9 309.7 310.4 311.5 314.8 319.2 323.1 327 330.2 332.3 333.6 334.3 334.6 334.2 333.6 332.9 332.3 331.3 329.8 329.2 328.5 327.1 326.2 326 324.1 322.8 323.6 323.9 323.1 320 316.3 311.7 306.9 300.5
324.1 321.2 318 314.5 311.4 308.7 306.4 304.7 303.2 302.3 301.3 300.3 299.4 298.5 297.8 297.2 297.1 297 296.5 295.6 295.5 294.8 295.1 295 294.4 294.1 294.8 296.1 294.9 293 289.8 287.9 286.7 285.6 289 294.1 298.2 301.7 304.1 306.4 307.9 309.1 309.2 309.3 309.8 310.5 311.1 313.2 317 321.4 324.5 328.1 331.9 332.1 332.5 333.2 333 332.5 331.3 330.5 330.2 329.8 328.3 327.6 327.4 327.4 327.4 325.9 323 322.2 323.3 323.9 321.6 318.5 314.8 310 305 298.9
320.6 317.8 315.5 312.3 308.9 306.5 304.7 303.2 302.1 301.2 300.2 299.2 298.3 297.7 297 296.3 296.6 296.3 295.9 295.3 295 294.4 293.6 292.5 291.1 291.2 291.8 293.3 291.7 288.7 285.9 284.5 284.9 289.3 293 297.1 301.3 304.7 306.5 308.1 309.3 310.2 310.3 310.4 310.6 311.3 312.2 315.4 319.4 323.3 325.9 329.3 331.7 331.8 331.9 331.6 331.1 330.6 329.7 328.3 328.2 327.4 326.2 327 327.4 328.3 326.5 324.3 322 320.8 322.7 322.5 320 316.6 312.4 307.7 302.6 296.4
317.3 315.2 312.9 309.7 306.7 304.5 303.3 301.8 300.9 300 299.1 298.1 297.2 296.8 296.2 295.4 295.1 295.5 295.1 294.2 293.6 292.9 292.2 291.2 290.3 289.9 289.6 289.6 288.6 286.4 284 283.5 284.8 290.1 294.6 299.3 303.5 306.6 308.2 309.6 310.7 311.1 311.5 311.8 311.9 313.3 314.1 317.9 321.8 324.7 327.4 330.4 331.4 331.2 330.5 329.9 329.4 328.8 328.1 326.8 326.3 325 324 326.2 328 326.9 324.9 322.7 320.8 318.6 320.4 320.2 318.2 314.5 309.7 304.6 299.5 293.8
314.9 312.6 310.2 307.2 305 303 301.8 300.6 299.7 298.8 297.9 297 296.3 295.6 295.1 294.6 294.2 294.3 294.1 292.7 292.1 291.5 290.8 289.9 289.7 289 288.1 287.6 286 284.1 283.7 283 286.8 291.3 296.6 301.3 305.2 308.2 309.8 311 311.6 311.9 311.6 311.4 312 314.8 316.9 320 323.3 326.2 328.9 330.7 330.5 329.5 328.8 328.1 327.7 327.2 321.9 325.1 324 322.3 322.8 325.4 326.4 325.4 323.4 320.8 318.3 315.8 317.2 317.8 316.2 312.2 306.6 301.4 296.3 290.8
313.5 310.5 307.8 305.4 303.3 301.6 300.3 299.5 298.6 297.7 296.8 295.8 295.3 294.8 294.4 293.8 293.2 292.7 291.8 291.1 290.9 290.3 289.6 289.2 288.8 287.7 286.6 285.5 284 282.5 283.2 285 288.7 294.1 298.9 303.3 307.4 309.7 311.1 311.9 312.3 312.6 312.4 312.1 312.1 314.5 318.1 321.1 324.5 327.6 330.1 330.9 329.7 328.3 327 326.4 325.3 323.4 322.3 321.4 320.5 321 321.4 323.6 324.4 323 320.4 318.3 315.1 312.4 312.8 313.7 312.5 308.3 303.3 298.3 292.9 287.3
311.8 309.1 306.1 303.6 302.1 300.9 299.1 298.1 297.5 296.4 295.4 294.6 294.3 294 293.6 293.3 291.7 290.1 289.4 289 288.8 288.8 288.7 288.2 287.7 286.5 285.4 283.7 281.9 281.7 284 285.7 288.9 294.2 300.7 305.4 308.9 311.1 312.2 312.5 312.9 313.3 312.8 312.4 312.8 314.7 318.5 322.2 325.1 328.5 330.5 330.8 329 327.5 326.1 323.8 322.1 319.5 318.2 318 317.3 318.2 319.9 321.2 321.8 319.7 317.4 315 313.2 309.6 308.6 308.3 305.9 303.4 299.4 294.8 289.6 284.3
310.2 307.4 304.5 302.1 301 300.1 299 297.2 296.5 295.5 294.4 293.4 293.1 292.9 292.3 291 289.9 288.8 287.8 287.2 286.8 287 287.3 287.2 286.5 285.8 284 282.1 280.5 282.8 284.9 287.4 290 295.7 303 307.4 310.4 312.1 312.5 313.2 313.8 313.8 313.3 312.9 314.2 316.6 320.2 323.5 325.3 327.5 330.2 329.5 327.2 324 322 321.1 319.6 316.9 313.9 314.9 315.2 316.7 317.2 317.6 317.8 315.7 313.6 311.6 309.8 307 304.2 303.2 300.6 298.6 295.5 290.9 286.4 281.7
309.4 306 302.9 300.8 299.7 298.9 298 296.8 295.7 294.7 293 291.3 291.5 290.9 290.2 289.4 289.2 287.9 286.7 286 285.7 285.9 286.3 286.1 285.8 285 282.9 280 281.3 283.9 286.2 289.2 292.4 297.7 304.5 308.4 311.5 312.5 313.1 313.8 315.1 315.5 315.1 314.6 315.7 318.2 321.9 325.5 326.2 328 328.8 326.3 323.8 320.7 318.7 317.3 316.9 316.1 312.9 310.5 311.8 314.1 313.8 313.7 313 311.2 309.3 307.7 306 302.4 299.9 298.9 297 295.2 291.8 288.1 284.3 280.7
309.5 305.5 301.6 299.7 298.5 297.7 296.8 296.1 294.9 293.8 291.2 290.2 290.5 288.6 288.1 288.1 288.6 287.3 286.1 285.9 285.7 285.5 285.4 284.6 284 283.2 280.2 279.7 281.8 284.3 287 290.8 294.7 300.1 305.5 309.4 311.9 313.4 314.1 315.4 316.6 317.1 316.5 315.7 315.9 318.3 321.9 325.6 326.9 327 326 323.9 320.5 318.5 316.4 313.9 312.5 311.6 310.4 306.8 308.1 310.8 309.4 308.3 308.7 307.2 306 304.1 302.9 299.4 296.4 296.2 294.4 292.4 289.5 285.7 281.6 277.9
309.3 306.2 303.3 300.1 296.5 295.6 295.3 294.3 293.3 292.1 289 288.9 288.6 287.1 286.6 287.1 288.2 286.6 286 285.9 285.7 285.4 283.8 283 282.2 280.8 279.2 279.5 281.5 283.9 287.3 291.1 296.7 302.8 307.2 309.7 312.2 314.2 315.8 317.3 317.3 317.5 316.8 315.4 315 318 321.9 324.7 326.6 325.8 323.4 320.4 316.8 315.5 316.1 315.8 310.6 306.5 305.7 303.8 304.7 305.5 304.8 304.2 304.5 303.5 302.8 302.2 299 296.7 294 293.1 291.7 289.4 286.6 282.9 278.7 274.7
308 305.4 302.5 300.7 298 295.6 293.6 291.5 289.6 288.7 287.7 285.9 285.1 284.9 285.1 286.7 287.4 286.3 285.9 285.8 285.4 284.1 282.8 281.6 280.4 279.3 279.6 288 283.5 285 288.6 293.4 300.6 305.4 308.2 310.5 313.2 315.4 316.8 318.6 317.9 316.2 315.7 315.2 313.3 316.2 319.8 322.3 322.9 321.3 321.1 317.4 314.9 312.6 312.5 314.4 310.9 305.4 301.3 302.1 298.4 299.8 299.6 300.1 300 299.7 299.4 298.5 296.1 294.3 292.3 290 288.7 286.2 282.8 279.6 275.8 271.8
306.6 304.3 302.2 300.6 298.4 296.3 294.4 293.2 291.2 290.2 288.7 286.4 283.5 284.3 285.7 286.4 286.7 286.2 285.9 285.6 284.9 283.7 282.6 281.4 280.1 279 278.5 284.7 285.1 286.1 290.4 297.1 304.5 307 309.6 312.1 314.8 316.7 317.7 318.7 317.5 314.6 314 316.3 314.4 314 317.2 318.2 317.2 316.2 316.1 315.9 312.3 309.4 308.3 308.5 307.8 304.3 297.6 296.1 293.7 295.4 296.3 296.8 296.2 295.3 295 294.4 293.7 291.9 289.7 287.2 285.4 282.1 279.8 276.6 272.8 269.4
305.3 303.3 301.9 300.5 298.3 303.9 300.5 292.5 291.1 289.1 286.5 284.5 282.3 283.7 284.8 285.2 285.7 286 285.6 285.1 284.5 283.5 282.4 281.2 279.9 278.7 279 281.5 282.7 287.5 293.3 299.2 305.6 306.9 310 313.8 317 317.6 317.7 317 316.3 313.8 313.2 313.8 312.8 313.1 313.1 313.9 312.5 311.9 312.9 313 309.8 307 303.4 302.6 302.5 300 295.1 293.4 290.8 292.7 294.7 295.5 294.2 292.7 291.2 289.6 290.1 289.1 287 284.2 281.5 279 276.9 273.9 270.2 266.9
303.3 302.9 301.5 300.1 298.3 304.3 309 309.6 303.7 288.9 286.5 284 282 283 283.6 284 284.6 285.1 284.6 284.1 283.6 282.8 281.8 280.9 279.8 278.8 279.5 281.4 283.2 288.5 295.3 299.7 304.2 306.6 311 315.3 318.3 317.4 316.7 315.2 314.5 312.9 311.2 310 311 311.4 310.2 309.2 308.5 309.4 311.4 310.7 307.5 303.8 300 297.9 298.1 295.5 291.7 290.7 288.9 289.9 290.8 291.5 289.6 287.8 287.9 286.3 285.1 284.3 282.5 280.6 278.2 276.2 274.1 271.6 267.7 264.4
296.9 298.8 300.2 299.3 297.9 295.2 297.1 293.8 294.7 287.7 286.4 285 282.7 282 282.5 283.1 283.7 284.1 283.7 283.1 282.6 281.9 281.2 280.4 279.2 277.4 280 281.6 283.8 290 296.7 299.3 303.5 306.1 312.1 315.2 316.3 316.6 314.5 313 312.8 308.7 311 306.5 307.8 306.1 306.5 305 305.1 305.5 307.7 307.6 304 300.5 297 294 294.1 293 289.4 288.1 285.8 288.1 287.7 287.4 286.9 284.5 282.7 281.1 281 279.4 277.7 276.5 275.4 273.6 271.5 269.3 265.9 263.8
295 294.4 293.6 296.5 296.8 291.8 290.3 288.1 286.6 286.7 285.7 284.4 281.8 281 281.7 282.3 282.9 283.1 282.7 282.2 281.7 281.2 281.2 279.2 277.9 281.4 281.1 281.6 283.7 290.5 295.6 299.4 302.5 304.3 310.9 313 313.8 314.6 312.4 310.3 309.6 307.5 306.4 306.7 302.2 299.9 300.4 300.7 301.6 302.8 303.3 303.5 300.9 297.3 294.2 292 290.5 289.6 287.1 285.8 284.2 286.3 284.2 284.2 283.5 280.8 277.9 276 274.8 275.2 273.5 273.2 272.6 271 268.9 266.7 264.9 262.8
293.4 292.7 291.9 291 291.1 289.8 289.4 288.3 287 285.7 284.4 283.2 281.3 280.3 280.6 281.3 282 282.1 281.7 281.2 280.7 279.1 278.5 276.8 277.6 281.1 280.9 281.6 284.2 290.3 294.8 298.5 301.4 303.1 307.3 311.7 311.6 311.1 310.4 308.6 306.7 305.3 303.5 302.2 302.2 296.9 295.6 296.1 297.9 299.4 299 298.1 296.6 293.6 291.7 290.3 288.1 286 283.4 281.9 282 282.8 279.8 279.6 278.8 276.8 275.5 273.3 271.7 271.8 270.5 270.2 269.8 268.6 267.1 265.5 263.1 261.2
292.2 291.7 291.2 290 289 288.5 288.3 287.3 285.9 284.6 283.3 282.2 281.8 280.7 280.8 281.6 281.2 281.1 280.7 280.3 279.6 277.7 275.5 276.2 278.4 280.7 280.9 282.4 284.8 291 294.8 298.3 301.2 302.8 303.8 308.9 308.8 307.5 308 306.4 304.6 302.6 300.1 297.1 296.2 296.8 292.4 291.9 293.7 296.5 294.8 294.4 292.4 290.8 288.8 286.1 283.7 282.2 281.5 280.9 278.9 278.5 277.6 274.2 273.3 272.1 271.9 271.5 270.1 268.9 268.3 267.9 267.8 267.3 265.8 264.4 262.2 260
291.4 290.8 290.5 289.4 288.1 287.6 287.1 286.1 284.9 284.6 284.3 284.1 283.8 282.9 282.1 282.3 280.5 279.1 278.6 278.7 278.3 276.3 274.7 278.1 279.5 280.6 281.3 282 286.1 290.2 294.3 298.1 301 302 301.8 305.3 306.4 304.9 304.5 303.9 302.3 300.6 298.4 295 291.8 291.3 289.1 288.3 288.9 291.7 292.3 292.7 290 287.2 284.7 281.9 280.3 279.9 281.7 280.2 277.8 275.2 274.8 272 269.4 266.3 266.7 268.2 267.7 267.5 266.4 266.4 266.6 266.5 264.8 263.2 261.9 260.2
290.5 290 289.7 289 288.6 287.8 286.9 286.2 285.8 285.5 285.1 284.8 284.5 283.9 283.1 282.2 280 276.9 276.6 276.3 277.4 275.7 273.4 278.2 279.8 280.7 280.8 282.4 286.5 290.1 293.9 298 300.5 300.4 299.5 301.6 304.1 302.9 301.6 300.5 298.6 296.6 296.3 292.3 289.4 287.3 286 285.3 286.4 286.5 289.1 291.4 289.9 286.2 282.7 280 278.1 277.6 280.1 279.1 277 272.7 272.1 269.9 267.4 264.9 264.2 263.9 265.7 265.6 265.7 266.1 266.2 266 265.4 264.2 263.3 261.1
290.1 289.9 289.8 289.4 289.1 288.2 287.4 286.7 286.3 285.8 285.4 284.7 284.3 283.9 283.3 282.3 280.9 278.9 277.7 277.4 276 273 274 277.7 279.1 279.6 280 282.6 286.3 289.6 293.7 297.8 300 299.3 297.9 299.2 302 300.9 299.1 297.4 295.5 293.5 291.5 289.7 286.6 284.6 282.8 282.5 282.7 283.5 284.9 285.1 284.3 282.8 280.8 278.3 277.1 277.8 275.7 274.4 274.1 271.9 269.5 267.3 265.3 263.4 263.3 263.8 263.8 264.8 265.4 265.9 266 265.7 265.7 264.4 263.8 261.4
290.6 290.4 290.2 289.9 289.5 288.7 288 287.4 287 286.6 286.3 285.4 284.5 284 283.4 282.4 281.2 280.1 279.2 278.4 277.5 274.9 270 277.7 278.9 278.4 279.6 282.2 285 288 292.6 297 298.5 298.8 297.5 297.3 299.7 297.4 295.5 293.7 292.4 290.6 287.9 285.8 284 282.3 281.9 278.9 279.2 280.7 282.2 282.9 280.7 278.6 277.5 276.3 275.8 275.7 274.5 272.6 270.8 268.4 267.2 265.3 263.7 261.8 261.2 263.3 263.3 264.1 264.7 265.4 266 266.1 265.4 264.2 263.7 261.6
290.8 290.6 290.3 290.1 289.9 289.4 288.8 288.2 287.8 287.5 287.1 286.3 285.2 284.3 283.8 283 281.9 280.8 279 278.8 279.2 278.8 271.7 277 279 278.8 279.7 281 285.3 287.2 291.3 295.3 296.5 297.7 296.6 295.5 294.7 292.4 291.3 290.9 289.4 287.4 284.7 282.6 281.5 279.8 278.6 277.3 275.7 276.9 278.2 279.3 280.6 279.4 277.5 276.7 276.9 276.1 272.6 271.4 269.5 267.7 264.7 263.1 262.4 261.1 261 262.3 263 263.5 264 263.7 263.8 264.3 264.8 264.3 264.4 261.8
291.1 290.6 290.4 290.2 290.1 289.8 289.3 288.7 288.3 287.9 287.3 286 285.1 284.2 283.5 282.5 281.4 280.1 279.1 279.5 280.1 279.8 272.8 275.5 278.4 278.4 279.3 281.2 286.6 289.3 292.1 293.3 294.4 295.7 295.3 294.2 292.1 289.9 288.7 287.7 285.9 283.8 281.2 280.3 279.8 277.8 276.1 274.7 273.2 273.9 276.3 276.1 279.1 280.7 278.6 276.9 275.8 275 271.7 268.3 267 265.8 263 261.7 261.5 260.3 260.6 261.4 262.6 263 262.5 262.1 262.7 262.7 263.5 262.5 263 262.1
291.1 290.7 290.5 290.4 290.2 290 289.5 289.1 288.5 287.9 286.9 285.7 284.6 283.6 282.7 281.7 280.5 278.6 278.9 279.9 280.5 280.2 271.7 271.2 278.1 278.7 279 281.7 285.9 289.4 290.7 291 292.1 293.7 293.1 291.8 289.5 288.3 286.4 284.2 282.3 280.3 278.1 277.2 276.3 274.6 274.7 273.9 273.2 271.5 275.7 277.5 274.5 275.7 277.3 276.3 274.9 273.2 270.5 267.5 264 262.7 261.2 261.3 262.9 260.1 260.8 260.7 261.8 261.3 260.8 261.5 261.9 261.6 262.1 262.1 262 263.3
291.1 290.9 290.7 290.5 290.3 290.1 289.8 289.2 288.4 287.8 286.5 285.4 284.2 283.4 282.5 281.5 279.3 277.9 278.9 279.3 280.2 280.6 275 270.7 277.3 276.9 277.6 281.8 286 285.9 289.2 289.6 289.2 290.1 289.4 287.6 287 286.8 284.9 283.2 281.3 278.4 276.4 274.7 274 273.3 272.1 270.9 270.9 271.1 270.9 274.8 275.5 271.9 275.8 274.8 272.8 270.5 267.2 264.6 261.7 260.2 258.9 258.5 258.2 256.9 256.9 257.7 259.3 258.5 258.2 257.8 257.9 259.2 261.6 263.7 264 263.3
291.2 291 290.8 290.6 290.4 290.2 290 289 288.3 287.6 286.2 285.4 284.6 283.8 282.9 281.6 279 278.3 279.1 278.3 277.7 277.3 278.2 273.8 275.6 276.1 276.8 282.6 285.4 284.7 287.6 289.5 287.9 286.7 285.7 284.8 284.1 283.8 283.1 281.5 279.5 276.4 274.6 272.9 271.7 271.5 271.1 269.1 267.6 267.7 267.9 269.5 272.6 270.9 269.5 271.1 269.9 267.2 263.7 261.3 259.2 257.7 257 256.8 257.3 258.2 258.6 257.4 256.9 255.4 255.9 253.3 256.2 262.8 264.4 265 264.5 270.8
291 291 290.9 290.7 290.6 290.4 289.4 288.5 287.2 286.2 286.1 285.5 285 284.2 282.8 281 279.5 279.3 279 276.9 275.2 275.1 273.1 267.9 272.8 275.3 277.1 282.5 282.8 283.5 286 289.4 286.6 285.8 285.3 284.9 284.5 282.9 280.8 278.5 277 273.9 272.5 271 269.1 269.2 268.1 266.4 265.4 265.6 266 266.7 266.9 269.1 268 266.6 265.5 263.8 260.9 258.4 256.7 255.5 255.4 255.7 256.2 257.7 261.1 262.2 259.9 256.1 255.9 256 254.4 261.5 262.1 260.1 259.5 270.8
290.4 290.5 290.5 290.5 290.1 289.3 288.2 288 287.6 287.5 286.8 286.2 285.5 284.1 282.6 281 279.8 279.4 279 278.6 277.5 277.1 275.4 266.7 268 271.8 274.1 277.7 279.4 280.7 282.6 285.5 284.8 284.1 283.2 282.7 283.7 283.3 281.9 279.2 276.8 273.9 271.6 270.1 267.9 266.4 265.3 264.3 264.9 266.6 264.4 263.5 262.7 264 264.6 263.6 262.6 260.5 258.4 256.2 254.7 254.2 254.4 254.9 256.3 256.8 257.9 258.4 256.2 257.5 261.9 261.9 253.9 255.4 256.3 257.7 259.6 265
