WholeMapElevations/data/nm/nm76_OST50GRID_20230518/NM76.asc
ncols 200
nrows 200
xllcorner 170000
yllcorner 760000
cellsize 50
[rows 0 to 34 of 200, columns 0 to 79 of 200]
62.5 56.9 46.6 49.9 44.5 46.9 49 48.3 39.6 32.3 32.2 30.6 29.1 26.2 29.8 30.9 29.2 26.3 20 36.7 48.8 51.5 61.1 69.7 75 73.9 73.8 67.7 53.7 49.2 42.3 42.9 42.5 43.8 40.8 51.8 62.8 56.9 58.1 67.5 66.7 49.6 49.6 56 58.4 67.5 71.8 75.5 77.8 80.8 89.4 79.8 75.2 79.2 90.1 94.2 80.9 84.7 92.6 99.6 97.4 112.4 113.9 111 110.2 108.3 103.1 97.4 89.2 83.9 89.8 90.2 87.5 86.1 85.7 86.3 92.4 93.5 98.1 105.2
59.1 46.3 40.9 49.9 47.4 38.5 43.3 53.8 42.6 32.9 29.8 28.8 26 23.4 23.6 24.4 22.5 19.3 15.8 30.1 34.5 44.6 51.3 59.9 65.5 65.4 66.6 61.6 52.9 39.7 33.5 36.2 45.9 47.9 42 39.8 45.6 48.9 51.2 63.5 65 50.6 41.1 48.5 56 66.9 77.8 75.4 73.6 67.7 67.9 61.7 65.6 76.7 80.1 80.1 79.7 77.6 86.3 90.4 105.4 115.2 121.2 120 119.8 107.7 99.5 92.4 84.1 79.3 90.1 88.6 84.9 84.8 81.8 89.7 93.1 94.7 95.5 100.6
50.4 42.3 35.5 37.2 36.9 31.1 41.1 42.7 39.3 29.9 23.1 25.8 30.9 23 19.8 18.6 17 16.4 13.3 21.1 26.3 31 40.5 51.2 56.5 56.5 62 47.6 36.8 26.8 31.7 43.5 56.5 52.9 44.1 41.2 38 39.4 39.9 50.2 57.7 53.3 40.4 42.2 44.4 60.3 65.8 62.4 58.4 48.6 44.2 46.9 60.3 68.6 73.3 70.5 71.8 70 77.9 95.6 111.1 117.9 114.2 115.6 124.4 107.4 99.8 93 79.3 79 86.7 81.5 81.7 82.8 81.7 96.1 98 97 96.8 99.3
51.4 39 31.6 27 26 23.3 31.3 33.6 32.6 25.2 18.7 22.2 28.9 26.4 21.4 16.6 14 13 13.7 9.6 14.9 20.9 29.3 37.3 45.8 53.1 38.3 29.1 26.1 30.7 32.7 43.4 54.2 57.2 44.6 42.9 39.2 32.7 31.2 38.8 47.7 46.2 39.7 33.1 36.5 48 52.8 47.4 39.4 30.7 30.6 43.3 53.4 58.9 59.2 54.7 63.8 69.3 74.1 95.6 112.4 114.1 105.2 102.2 95.7 96.5 93.4 89.2 75.1 77.6 75.7 71.3 82.6 81.4 84.8 100.8 100 98.3 97.2 93.3
43.1 34.2 28.6 23.7 20.6 21.3 21.6 26.6 26.6 20 19.7 16.8 27.8 26.9 20.8 16.1 12.6 10.5 10 9.2 8.3 14.1 24.2 23.6 26.5 20.7 20 27.5 30.8 38.1 34.7 37.4 45.8 47.9 43.1 38.4 41.1 37.8 31.9 29.3 40.4 39.1 39.1 30.8 29.4 34.2 35.3 29.8 26 22.3 28.5 41.9 50.8 53.9 47.7 50.7 66.3 68.6 75.5 85.9 102 106.8 94.1 91.7 79.3 82.3 80.8 78.2 70.2 74.3 67.6 66.5 83.7 76.3 86.1 108.9 100.7 96.9 94.9 91.1
48.7 30.6 23.7 23.4 21.4 17.7 17.3 18.8 22 18.8 18.3 15.5 19.9 24.5 18.7 15.2 13 9.9 9.2 8 7.4 8.1 9.8 12.8 15.2 18.5 20.1 27.2 29.3 33.5 30.8 29.3 35.3 39.3 38.1 35.1 32 35 32.9 21.8 30 32.9 33.6 26.7 25.1 22.3 20.8 20.1 19.6 20.2 28.5 37.1 45.4 47.1 40.9 41.2 60.5 79.1 91.1 90 89.3 91.9 88.2 81.2 68.6 76.2 77.7 70.3 68.6 64 59.2 63.1 68.2 77.8 89.4 107.2 104.8 96.5 92.1 86.6
38.2 24.8 21.3 20.7 20.1 18.3 15.4 16.2 19 16.2 15.7 12.9 16.9 24.3 16.8 13.1 10.1 9.2 9 7.7 6.4 7.1 8.3 17.3 27.5 29.6 24.4 19.3 27.8 32.4 26.4 28.7 27.3 30.1 34.1 38 27.5 31.4 27.5 19.3 23.7 25.2 25.5 20.8 16.8 14.9 17.5 15.9 17.1 20.1 29 35.8 41.7 43.5 32.9 31 46.1 77.5 87.4 88.3 91.1 76.1 77 64.2 58.4 68 68.4 66.6 70.5 71.9 55.2 58.8 61.6 78.6 87.1 107.5 98.1 86.5 82.5 78.9
30.5 23 18.3 17.4 17.9 16.9 13.4 15 14.9 14.4 12.7 11.5 11.5 11.4 10.1 10.5 9.5 8.9 8.9 6.4 4.9 5.3 6.6 10.5 24.7 32.7 26.1 17.7 16.6 18.6 20.6 22.4 24.3 21.2 26.6 27.9 26.7 23.3 21.2 14.4 15.6 15.3 15.3 13.6 12.6 12.6 13.5 12.8 15.1 17.9 30.8 34.8 31.7 31.7 22.6 20.1 36.2 52.2 62.3 69.3 78.8 71.2 65.7 57.7 48 53.7 60.1 54.4 70.2 65.9 58.2 59.9 59.4 71.2 83.3 99.1 100.1 82.5 79.9 76.9
24.5 19.7 15.8 14 14.3 12.4 11.8 12 12.1 11.6 10.6 10 9.9 10 9.4 9.2 6.4 8 4.9 2.5 2.5 2.5 2.5 2.5 11.8 17.9 19.1 16.3 12.6 11.9 20.9 26.4 21.3 19.6 17.5 20.1 15.9 16 13.4 12.9 10.5 9.2 10.1 10.7 11.7 11.6 12.4 11.2 13.1 16 22.8 30.3 24.8 21.6 18.4 14.4 22.5 40.6 51.7 55.1 62.6 65.1 61.6 50.3 40.9 38.1 46.9 54.1 62 60.1 60.7 49.3 57.8 70.9 80.2 77.7 88.8 77.2 72.9 69.3
21.5 13.1 12.7 11.7 11.3 11.2 10.3 9.9 9.7 9.5 9 9.1 9.1 9 9.4 9.7 9.5 7.7 2.5 2.5 2.5 2.5 2.5 2.5 2.5 4.2 9.2 12.4 4.6 3.6 14.2 21 18 14.1 13.2 13.9 6.3 6.4 7.5 8.4 10.1 10.3 10.7 10.8 11.4 12 11.6 10.7 11.9 12.7 14.5 17.2 18.3 17.9 15.8 13.8 14.1 26.6 39.7 42.4 56.3 60 54.8 46 35.7 25.8 42.4 61 60.8 57.8 50.7 52.1 56.4 78.2 85.1 72 70.4 68.4 68.2 62.9
16.4 11.1 11.4 10.6 10.1 10.2 9.8 9.5 9.1 8.7 8.2 8.3 8.2 7.9 8.7 8.4 7.9 2.5 2.5 2.5 2.5 2.5 2.5 2.5 2.5 2.5 2.5 2.5 2.5 2.5 2.5 2.5 9.1 8.4 2.5 2.5 2.5 2.5 2.5 4.4 8.4 10.6 11 11.4 11.3 11.2 9.3 11.1 12.2 12.1 13.9 16.7 19.7 17.2 15.1 12.9 11.4 17.4 25.2 33.3 41.8 47.8 45.8 37.1 29.6 20.9 34.8 52 49.1 47.9 44.3 55.4 58.2 74.6 78.1 69.9 68.2 63 59.8 63.8
10.3 10.1 10.2 10.6 10.4 10.7 9.3 9.2 8.7 7.9 7.3 7.6 7.3 7 7.8 7.4 7.1 4.5 2.5 2.5 2.5 2.5 2.5 2.5 2.5 2.5 2.5 2.5 2.5 2.5 2.5 2.5 2.5 2.5 2.5 2.5 2.5 2.5 2.5 2.5 6.2 9.7 10.6 11.5 11.5 10 11.4 11.6 12.4 12.9 13.7 16.3 21.4 20.8 14.4 12.1 10.8 14 22.3 27.5 32.9 35.1 34.3 31.9 23.2 15.7 20.4 26.8 39 42.3 42 47.1 55.2 72.1 74 68.6 69.1 56.2 57.2 56
9.9 9.8 9.9 10 10.1 9.1 8.9 8.3 8.1 7.5 7.1 7 6.9 6.7 7.5 6.9 4.5 2.5 2.5 2.5 2.5 2.5 2.5 2.5 2.5 2.5 2.5 2.5 2.5 2.5 2.5 2.5 2.5 2.5 2.5 2.5 2.5 2.5 2.5 2.5 5.3 8.3 10.8 11.1 10.2 7.6 9.4 12.6 13.2 14.4 14.5 16.4 18.8 16.2 13 11.3 11.1 11.3 20.3 32.8 32.7 23.6 22.9 22.9 16.6 12.9 14.7 18.4 25.1 24.4 38.6 41.9 47.8 61.4 65.1 67.7 65.5 59.8 50 53.1
9.1 9.3 9.3 9.3 8.8 8 7.8 7.5 7.3 7.1 6.7 6.4 6.4 6.5 6.3 4.5 2.6 2.5 2.5 2.5 2.5 2.5 2.5 2.5 2.5 2.5 2.5 2.5 2.5 2.5 2.5 2.5 2.5 2.5 2.5 2.5 2.5 2.5 2.5 2.5 2.5 7 8.3 8.5 3.2 3 5 9.5 16.9 21.4 16.8 20.2 17.3 13.2 10.2 9.5 10.6 11 14.9 22.1 20.3 14.5 11.7 11.6 10.9 11.3 11.6 12.3 14 19.3 32.6 30.3 37.4 52.7 58.2 60.5 52 55.3 50.8 49.3
8.5 8.6 8.6 8.5 8.2 7.8 7.4 7.2 7.1 7 6.9 6 6.1 5.8 6.9 2.5 2.5 2.5 2.5 2.5 2.5 2.5 2.5 2.5 2.5 2.5 2.5 2.5 2.5 2.5 2.5 2.5 2.5 2.5 2.5 2.5 2.5 2.5 2.5 2.5 2.5 2.9 2.5 2.5 2.5 2.5 2.5 4.3 9.6 19.4 15.9 14.9 11.5 10.4 6.5 9.7 10.2 10.7 12.7 18.7 15.8 9.6 9.2 9.1 8.9 9.6 11.1 12.6 21.3 26.4 21.6 24 38.7 46.7 49.1 49.4 46 37 46.1 44
8 7.9 7.6 7.6 7.7 7.3 7.2 7.1 7 6.9 6.7 6.5 5.6 6.3 3.9 2.5 2.5 2.5 2.5 2.5 2.5 2.5 2.5 2.5 2.5 2.5 2.5 2.5 2.5 2.5 2.5 2.5 2.5 2.5 2.5 2.5 2.5 2.5 2.5 2.5 2.5 2.5 2.5 2.5 2.5 2.5 2.5 2.5 6.2 8.3 8 8.5 9.1 9.6 9.4 9.8 10.2 9.8 10.3 13.2 9.9 8.3 8.9 9 9.8 11.4 12 12.6 21 28.2 13.5 17.9 25.6 40.1 43.3 45.3 41 35.2 36.3 40.1
8.3 8.8 8 6.9 7 7.1 7 6.9 6.8 6.7 6.6 6.4 6.2 3.7 2.5 2.5 2.5 2.5 2.5 2.5 2.5 2.5 2.5 2.5 2.5 2.5 2.5 2.5 2.5 2.5 2.5 2.5 2.5 2.5 2.5 2.5 2.5 2.5 2.5 2.5 2.5 2.5 2.5 2.5 2.5 2.5 2.5 2.5 3.2 2.5 5.2 2.5 4.5 6.6 9.6 11.4 11.4 11.1 8.1 7.6 6.9 8.2 10.9 11.5 11.9 11.9 11.7 11.8 13.5 19.4 12.1 18.8 28.5 33.3 36.8 37.9 32.3 30 29.7 34.2
9.1 8.9 8.2 7.3 7 6.9 6.7 6.8 6.7 6.6 6.4 6.2 6.1 2.5 2.5 2.5 2.5 2.5 2.5 2.5 2.5 2.5 2.5 2.5 2.5 2.5 2.5 2.5 2.5 2.5 2.5 2.5 2.5 2.5 2.5 2.5 2.5 2.5 2.5 2.5 2.5 2.5 2.5 2.5 2.5 2.5 2.5 2.5 2.5 2.5 2.5 2.5 2.5 2.5 5.6 10.3 11.7 11.5 7 6.6 7.9 9 10 10.5 10.6 8.3 7.4 5.8 19 19.9 9.4 19.6 21.1 27.4 38.6 32.4 30.4 30.4 24.4 21.7
9.6 8.8 7.7 7.3 7 6.9 6.4 6.3 6.5 6.4 6.2 6 5.9 3 2.5 2.5 2.5 2.5 2.5 2.5 2.5 2.5 2.5 2.5 2.5 2.5 2.5 2.5 2.5 2.5 2.5 2.5 2.5 2.5 2.5 2.5 2.5 2.5 2.5 2.5 2.5 2.5 2.5 2.5 2.5 2.5 2.5 2.5 2.5 2.5 2.5 2.5 2.5 2.5 2.5 7.4 12 11.8 6.5 6 7.5 8.9 8.5 8.9 8.3 4.7 2.5 2.5 2.7 7.2 8.6 21.1 24.2 17.7 21 25.5 29.2 31.8 28.2 15.7
9.6 8.2 6.8 6.4 5.5 4.9 3.5 3.9 5.2 6.2 5.2 4.9 4.6 2.8 2.5 2.5 2.5 2.5 2.5 2.5 2.5 2.5 2.5 2.5 2.5 2.5 2.5 2.5 2.5 2.5 2.5 2.5 2.5 2.5 2.5 2.5 2.5 2.5 2.5 2.5 2.5 2.5 2.5 2.5 2.5 2.5 2.5 2.5 2.5 2.5 2.5 2.5 2.5 2.5 2.5 2.5 6.9 10.5 9.1 5.1 7.2 8 6.9 8.2 6.9 2.5 2.5 2.5 2.5 2.5 8 24.1 27.4 17.5 15.9 18 25.4 28.3 28.4 20.6
9.1 7.7 6.3 5.4 3 3.1 2.5 2.5 2.5 2.5 3.3 4.1 2.6 2.5 2.5 2.5 2.5 2.5 2.5 2.5 2.5 2.5 2.5 2.5 2.5 2.5 2.5 2.5 2.5 2.5 2.5 2.5 2.5 2.5 2.5 2.5 2.5 2.5 2.5 2.5 2.5 2.5 2.5 2.5 2.5 2.5 2.5 2.5 2.5 2.5 2.5 2.5 2.5 2.5 2.5 2.5 2.5 4.7 6.8 6.4 6.1 6 6.4 6.8 2.5 2.5 2.5 2.5 2.5 2.5 2.5 10.4 20 18.9 15.3 17.5 24.9 28.2 27.3 24.5
8.2 7.2 5.7 2.5 2.5 2.5 2.5 2.5 2.5 2.5 2.5 2.5 2.5 2.5 2.5 2.5 2.5 2.5 2.5 2.5 2.5 2.5 2.5 2.5 2.5 2.5 2.5 2.5 8 2.5 2.5 2.5 2.5 2.5 2.5 2.5 2.5 2.5 2.5 2.5 2.5 2.5 2.5 2.5 2.5 2.5 2.5 2.5 2.5 2.5 2.5 2.5 2.5 2.5 2.5 2.5 2.5 2.5 2.5 2.5 3.1 2.6 2.5 2.5 2.5 2.5 2.5 2.5 2.5 2.5 2.5 5.4 8.2 12.4 13.4 17 19.5 26.3 26.1 34
7.6 3.9 2.5 2.5 2.5 2.5 2.5 2.5 2.5 2.5 2.5 2.5 2.5 2.5 2.5 2.5 2.5 2.5 2.5 2.5 2.5 2.5 2.5 2.5 2.5 2.5 2.5 7.1 10.2 7.1 2.5 2.5 2.5 2.5 2.5 2.5 2.5 2.5 2.5 2.5 2.5 2.5 2.5 2.5 2.5 2.5 2.5 2.5 2.5 2.5 2.5 2.5 2.5 2.5 2.5 2.5 2.5 2.5 2.5 2.5 2.5 2.5 2.5 2.5 2.5 2.5 2.5 2.5 2.5 2.5 2.5 3.9 4.3 8 12.6 16 18.5 22 24.3 25.5
6.9 2.5 2.5 2.5 2.5 2.5 2.5 2.5 2.5 2.5 2.5 2.5 2.5 2.5 2.5 2.5 2.5 2.5 2.5 2.5 2.5 2.5 2.5 2.5 2.5 2.5 5.9 9.6 10.6 10.7 6.6 7.8 6.2 5.7 4 2.5 2.5 2.5 2.5 2.5 2.5 2.5 2.5 2.5 2.5 2.5 2.5 2.5 2.5 2.5 2.5 2.5 2.5 2.5 2.5 2.5 2.5 2.5 2.5 2.5 2.5 2.5 2.5 2.5 2.5 2.5 2.5 2.5 2.5 2.5 2.5 2.5 2.5 2.5 10.2 15.7 18.4 25.8 25.4 27.9
2.5 2.5 2.5 2.5 2.5 2.5 2.5 2.5 2.5 2.5 2.5 2.5 2.5 2.5 2.5 2.5 2.5 2.5 2.5 2.5 2.5 2.5 2.5 2.5 2.5 5.5 8.6 9.7 10.6 10.3 8.5 9 9.1 9.1 8.8 8.8 2.7 2.5 2.5 2.5 2.5 2.5 2.5 2.5 2.5 2.5 2.5 2.5 2.5 2.5 2.5 2.5 2.5 2.5 2.5 2.5 2.5 2.5 2.5 2.5 2.5 2.5 2.5 2.5 2.5 2.5 2.5 2.5 2.5 2.5 2.5 2.5 2.5 2.5 7.5 16.2 22.7 20.8 23.6 24.8
2.5 2.5 2.5 2.5 2.5 2.5 2.5 2.5 2.5 2.5 2.5 2.5 2.5 2.5 2.5 2.5 3.1 5.3 2.5 2.5 2.5 2.5 3.4 2.5 6.8 8.2 8.9 9.5 10 10 9.9 9.8 9.7 9.6 9.5 9.5 8.5 2.5 2.5 2.5 2.5 2.5 2.5 2.5 2.5 2.5 2.5 2.5 2.5 2.5 2.5 2.5 2.5 2.5 2.5 2.5 2.5 2.5 2.5 2.5 2.5 2.5 2.5 2.5 2.5 2.5 2.5 2.5 2.5 2.5 2.5 2.5 2.5 2.5 4.3 12.7 15.5 16.1 21.4 16.6
2.5 2.5 2.5 2.5 2.5 2.5 2.5 2.5 2.5 2.5 2.5 2.5 2.5 5.4 4.6 7.4 7.7 7.7 7.3 7.5 7.4 5.7 5.8 6.8 7.6 8.7 9.1 9.6 9.9 9.8 9.9 9.8 9.8 9.7 9.9 9.8 9.5 9.1 7.2 2.5 2.5 2.5 2.5 2.5 2.5 2.5 2.5 2.5 2.5 2.5 2.5 2.5 2.5 2.5 2.5 2.5 2.5 2.5 2.5 2.5 2.5 2.5 2.5 2.5 2.5 2.5 2.5 2.5 2.5 2.5 2.5 2.5 2.5 2.5 4.1 15.5 12 15.2 25.7 18.7
2.5 2.5 2.5 2.5 2.5 2.5 2.5 2.5 2.5 2.5 2.5 6.2 6.7 7 7.7 7.7 7.8 7.9 7.8 7.6 7.5 5.7 6.2 6.9 7.5 7.9 8.6 9.4 9.6 9.4 8.8 9.7 8.9 9.4 10 9.9 9.7 9.4 8.3 2.5 2.5 2.5 2.5 2.5 2.5 2.5 2.5 2.5 2.5 2.5 2.5 2.5 2.5 2.5 2.5 2.5 2.5 2.5 2.5 2.5 2.5 2.5 2.5 2.5 2.5 2.5 2.5 2.5 2.5 2.5 2.5 2.5 2.5 2.5 2.5 6.3 4.2 9 12.3 9
2.5 2.5 2.5 2.5 2.5 2.5 3.7 2.5 2.5 2.5 6.2 6.8 7.8 7.9 7.7 7.9 7.9 8 7.9 7.8 7.6 4.9 6.5 7 7.1 6.4 6.6 8 9 9.3 8.6 8.4 9 9.6 10.2 10.3 10.2 10 9.3 8.7 8.3 6.9 2.5 2.5 2.5 2.5 2.5 2.5 2.5 2.5 6.1 3.4 2.5 2.5 2.5 2.5 2.5 2.5 2.5 2.5 2.5 2.5 2.5 2.5 2.5 2.5 2.5 2.5 2.5 2.5 2.5 2.5 2.5 2.5 2.5 2.5 2.5 2.5 7 2.5
2.5 3.3 3.8 4.1 5.9 6.7 6.6 5.7 5.6 4.6 6.8 7.6 7.8 8 8 8.1 8.1 8.1 8.1 7.9 7.7 7 6.6 7.6 8 8.7 8.2 8.3 9.3 9.1 8.4 8.8 9.5 10.1 10.4 10.4 10.4 10.1 9.6 9.6 10 9.7 8.2 2.5 3.3 3.5 2.5 2.5 2.5 7.7 11 7.8 2.5 2.5 2.5 2.5 2.5 2.5 2.5 2.5 2.5 2.5 2.5 2.5 2.5 2.5 2.5 2.5 2.5 2.5 2.5 2.5 2.5 2.5 2.5 2.5 2.5 2.5 2.5 2.5
5.8 6.6 6.9 7 7 7 7 6.9 7 7.2 7.3 7.5 7.7 7.9 8 8.2 8.2 8.2 8.2 8.1 7.7 7.3 7.8 8.7 8.9 9.1 9 7.4 8.9 8.6 8.5 9.2 10 10.4 10.5 10.5 10.5 10.1 10 9.9 10 9.8 9.5 9 8.9 9.1 6.2 5.4 8.4 10.1 11 7.5 2.5 2.5 2.5 2.5 2.5 2.5 2.5 2.5 2.5 2.5 2.5 2.5 2.5 2.5 2.5 2.5 2.5 2.5 2.5 2.5 2.5 2.5 2.5 2.5 2.5 2.5 2.5 2.5
5.5 6.5 6.9 7 7.1 7.2 7.2 7.3 7.4 7.5 7.6 7.7 7.8 8 7.9 8.3 8.4 8.3 8.3 8.2 7.9 8.2 8.5 9 9.2 9.4 9.4 8.7 7.3 8.3 8.1 8.5 10.2 10.6 10.7 10.7 10.8 10.6 10.4 10.3 10.3 10.3 10.3 10.1 9.9 10 10.3 10.2 9.9 10.9 11.3 8.1 2.5 2.5 2.5 2.5 2.5 2.5 2.5 2.5 2.5 2.5 2.5 2.5 2.5 2.5 2.5 2.5 2.5 2.5 2.5 2.5 2.5 2.5 2.5 2.5 2.5 2.5 2.5 2.5
4.5 6.1 6.6 7.1 7.2 7.3 7.6 7.7 7.8 7.8 7.9 7.8 8 7.2 7 8.1 8.5 8.5 8.4 8.4 8.6 8.8 9 9 9.2 9.3 9.6 9.3 9.6 9.8 9.4 7.5 9.5 10.5 10.8 10.9 11.2 11.3 10.9 10.8 10.9 11.1 11.1 11 10.9 10.9 10.8 10.8 11.1 11.5 11.2 4.8 2.5 2.5 2.5 2.5 2.5 2.5 2.5 2.5 2.5 2.5 2.5 2.5 2.5 2.5 2.5 2.5 2.5 2.5 2.5 2.5 2.5 2.5 2.5 2.5 2.5 2.5 2.5 2.5
3.4 5.7 6.3 6.6 7 7.1 7.1 7.4 7.8 7.4 7 7.2 7 7 7 7.1 8.6 8.7 8.6 8.8 9 9.2 9.2 9.3 9.3 9.3 9.7 9.8 9.9 10 10.1 9.3 9.4 10.5 10.9 11.1 11.4 11.7 11.8 11.3 11.5 11.7 11.9 11.8 11.8 11.5 11.2 11.2 11.6 11.8 11 2.5 2.5 2.5 2.5 2.5 2.5 2.5 2.5 2.5 2.5 2.5 2.5 2.5 2.5 2.5 2.5 2.5 2.6 5.1 4.1 8.3 4.5 2.5 2.5 2.5 2.5 2.5 2.5 2.5
6.1 5.5 3.5 4.9 5.5 6 6.6 7.4 7.5 7.1 7.4 7.4 7.6 7.3 7.3 8.6 8.7 8.8 8.9 9.1 9.3 9.4 9.5 9.5 9.5 9.5 9.7 9.8 10 10 10.2 9.2 10.2 9.9 10.7 11.4 11.7 12 12 11.8 12 12.2 12.4 12.5 12.3 11.5 11.1 11.7 11.7 12.1 11.8 8.5 2.5 2.5 2.5 2.5 2.5 2.5 2.5 2.5 2.5 2.5 2.5 2.5 2.5 2.5 2.5 2.5 5.3 6.9 9 11.8 10.1 2.5 2.5 2.5 2.5 2.5 2.5 2.5
