UK/data/tq/tq35_OST50GRID_20230518/TQ35.asc
ncols 200
nrows 200
xllcorner 530000
yllcorner 150000
cellsize 50
[rows 140 to 174 of 200, columns 0 to 77 of 200]
92.7 92.9 93.9 95.5 97.3 100.6 104 106.6 108.4 108.9 109.4 109.5 109.4 114.5 110 111.4 111.7 110.4 110.8 110.6 109.1 108.1 106.4 104.6 103.1 101.2 98.3 98.1 98.9 100.5 101.8 105.8 105.6 106.4 106.4 106.1 105.3 105.2 105.5 106.2 105.8 106.3 109.5 111.7 115.1 118.9 121.4 124.8 127.2 130.1 130.9 135.3 136.6 142.2 142.9 144.6 149.5 156 168.3 169.1 169.9 167.4 166.9 163.7 160.5 156.3 149.3 148.7 153.1 157.4 161.3 163 167 170.8 172.8 173.9 174.2 174.2
91 91.6 93.1 94.5 96.3 98.6 102.3 104.6 106.3 107.6 108.7 109 108 108.2 113.1 108.6 109.9 107.9 107.9 106.3 105 104.4 103.4 101.6 101.2 99.9 97.2 96.9 97.2 99 100.2 100.4 101.5 103.3 106.7 107.6 108.1 104.5 103.7 104.1 104.7 105.1 106.7 109.3 112.2 114.2 116.7 119.4 121.9 123.4 124.8 130.5 133.2 138.1 138.7 141.3 149.7 159.6 164.9 165.2 162.6 161 160.2 157.3 155.9 153.3 146.5 147.6 150.4 154.5 156.2 157.3 160 162 164.7 167.1 168.8 169.2
89.3 90.3 91.7 93.4 95.1 97.4 100.7 102.3 103.8 105.2 106.8 107.7 106.6 105.3 106.1 108.1 108.2 106.4 106.5 102.9 101.2 101.2 100.4 99.3 99.3 98.7 96.2 96 96.6 97.4 99.4 99.3 99.3 100.8 101.1 100.9 105.2 108.4 109 109.8 107 104.8 106.1 107.3 109.4 112 113.7 114.1 118.7 121.3 123.5 128.5 129.5 132.2 136.5 145.3 153.5 157.6 159.9 159.5 156.2 156 155.2 152.8 151.5 149.5 144.1 144.4 147.5 151.3 153.5 154.6 154.5 157.4 161.4 163.2 162.9 164.5
88.4 89.6 90.8 93 93.8 96.3 98.8 100 101.4 103.3 105.2 106.1 104.8 102.3 99.5 102.9 106.7 105.1 102.4 100.3 97.9 97.9 97.4 97.7 97.4 96.9 95.4 95.2 95.8 96.3 96.8 97.7 97.8 98.5 99.7 100.2 100.9 101.3 102.6 107.8 110.8 110.9 112.5 113.3 109.7 110.9 113.9 116.3 119.7 122.5 125.4 130.3 129.7 132.6 136.7 145 153 156.2 155.9 153.8 151.2 152.5 152.3 149.3 146.2 143.1 140.5 140.4 143.6 148.6 150.4 150.5 149.6 155.7 160.3 159.9 156.3 156.5
87.4 88.8 90.2 92.4 93 94.9 97.4 98.1 99.9 101.8 103.5 104.2 103.7 101.1 99.3 98.6 104.5 104.9 100.1 96.5 94.8 94.8 95.1 95.8 95.4 95 94.7 94.4 94.7 95.2 95.7 96.1 96.4 97.6 98.3 99.1 99.9 100.7 102.4 104.7 108.9 111.5 112.7 114.1 115.6 116.7 118 119.3 120.5 123.1 125.6 132.1 132 135.8 138.3 144.1 150.8 152.7 153.1 149.7 146.1 147.3 147.2 143.6 140.3 138.6 138.6 138.8 141 143.7 146.1 145.6 145.8 151.9 154.7 153.4 150.6 150.7
87.7 88.7 90.4 91 91.9 93.5 95.8 97 98.6 100.4 101.4 101.9 102.7 101.5 98.6 95.3 101.4 103.3 98.6 93.7 92.7 93.6 93.2 93.2 93.4 94.2 94.1 93.7 94 94.5 94.9 95.4 96.2 96.8 97.6 98.5 99.2 100.3 102.5 104.4 107.5 110.3 111.8 113.4 114.9 116.5 116.7 118.9 121.7 123.2 124.9 126.8 128.3 130.7 134.3 136.7 139.3 142.2 143.5 144.5 144.9 143.1 140.7 137.7 135.6 134.3 135.6 136.4 138.8 140 141.2 141.4 141.8 144.4 146.7 144.7 144.7 144.4
87.7 88.7 89.2 90 91.4 93.2 94.1 95.1 97.4 99.1 99.3 99.7 100.8 99.5 97.4 95.2 96.9 102.1 100.4 93.7 92.1 92.4 91.8 92.4 93.1 93.9 93.6 93 93.3 93.7 94.2 94.9 95.6 96.4 97.2 97.9 99 100.4 102.7 103.5 106.8 108.4 109.6 110.7 113.1 114.5 114.8 115.6 116.9 120.2 123.8 133.2 132.2 132.2 131.6 132.5 133.7 134.7 135.4 135.9 136.3 136.7 136.4 136.8 137 137 137.3 136.4 136.9 137.7 138.8 139.3 139.2 139.9 139.8 139.7 139.4 139.9
87.1 87.9 88.8 89.5 91 91.7 92.6 94 95.8 97.3 97.8 98.1 98.8 97.2 94.5 93.3 92.5 91.3 101 92.2 92.5 91.1 91.4 92.1 92.8 93.1 93 92.9 93.2 93.5 93.9 94.5 95.2 96.3 97.4 98.4 99.8 101.9 100.9 98.5 99.6 107.3 109.6 109.6 110.9 111.8 112.8 113.9 116.3 120.5 125.1 131.8 133.8 136.4 138.5 139.4 139.6 138.6 136.5 134.3 134 133.3 132.6 133 134.4 136 136.3 136 136.1 136.3 135.4 135.5 134.9 134.8 134.4 135.6 137.3 137
87.4 87.3 88.5 89.1 89.8 90.5 91.1 92.3 93.8 95.4 96.2 95.3 94.5 93.6 92.7 93.5 91.8 91.7 100 91.6 91.3 90.5 90.2 91 91.9 92.2 92.9 92.8 93.1 93.6 93.9 94 95 96.3 97.1 96.6 92.1 88.7 88.5 99.8 102.3 104.7 108.1 109.5 109.1 111.1 111.1 112.8 116 119.9 124.5 129 131.9 134.4 135.3 136.3 136.5 135 132.7 131.1 129.8 129.6 129.5 129.1 128.8 128.8 129.7 130.9 131.2 130.7 130.5 130.9 130.9 131.2 131 131.7 132.5 132.5
80.5 83.2 84.4 84.8 88.1 88.8 89.6 89.8 91.4 92.7 93.8 85.1 84.7 84.7 84.7 84.7 86.5 90.4 99.6 94.4 89.9 89 89.3 90.2 91.1 91.1 91.3 92.2 93.2 93.6 93.9 94.2 94.7 96 91.6 86.8 86.5 86.2 85.9 86.6 97.7 104.6 106.6 107.5 108.1 108.4 111.1 111.9 115.2 118.5 122.7 126.7 129.8 132.3 133 132.9 131.5 129.8 127.6 126.3 127.1 127.1 126.9 127.6 127.2 127.2 128.8 129.5 129.8 129 128.8 128.9 128.3 128 128 128.5 129 129.3
76.2 76.2 76.2 76.2 83.3 85.9 88.2 87.8 88.9 90.4 84.7 84.7 84.7 84.7 84.7 84.7 84.7 89.1 94.7 98.7 88.9 88.9 89.3 89.4 90.2 90.3 91.4 94.8 93.3 93.7 94 94.3 95.6 89.9 86.5 86 85.8 86.2 87.3 86.8 95.5 105.5 105.9 106.5 106.8 107.9 109.4 110.6 114.6 119.2 121.2 124.5 128.8 129.2 129.3 128.4 126.9 125.6 124.3 124.3 123.6 124.3 124.4 125.9 125.5 126.2 128.8 130.3 128.7 127.2 126.9 126.4 125.7 125.3 125.3 125.8 126.2 126.4
76.2 76.2 76.2 76.2 76.2 83.2 76.7 76.7 80.8 87.6 84.7 84.7 84.7 84.7 84.7 84.7 84.7 88.6 89.9 98.4 89 88.7 88.8 89.1 89.4 90.2 93.8 96.6 94.4 93.8 94.4 95.1 92.6 86.1 86.1 87.8 86.2 90.1 90.4 92.6 99.1 105.8 104.5 105.3 106.5 107.9 109.4 111.6 112.6 115 119 122.3 124.6 126.1 125.5 124.9 124.4 122.8 121.6 121.3 121 122.2 123.2 123.7 124.1 126.4 129.1 129.7 127.6 125.7 124.6 124.2 123.8 123.2 122.7 123 123.4 123.7
76.2 76.2 76.2 76.2 76.2 76.2 76.4 76.7 83.6 86.1 84.7 84.7 84.7 84.8 85.9 86.5 86.8 86.8 88.9 97.5 93.4 88.1 88.4 89.7 91.3 92.4 92.4 93.1 94.1 95.5 95.3 95.3 92 93.9 91.8 88.1 89.1 87.6 88.1 99.6 103.8 105 104.5 105.2 106.5 107.9 109.4 111 111.5 114 118.7 119.5 124.2 123.6 123.3 122.9 122.3 120.8 119.8 119.6 119.8 114.3 116.6 122.4 123.5 126.7 129.7 130.1 127.5 124.9 123.4 122.4 121.9 121.7 121.1 120.8 121 121.3
76.2 76.2 76.2 76.4 78.3 76.5 76.6 79.5 84.3 84.9 84.5 85.1 87.1 88.4 88.9 87.8 89 87.7 87.8 93 97.4 88.4 89 90.8 92.6 93.6 93.9 94.5 96.2 97.3 97.3 96.8 92.9 94.9 89.6 88.9 87.9 94.6 101.3 102.4 102.5 103.2 104.5 106 107.4 108.3 109.4 110.1 111.1 113.7 117.8 118.5 123.8 122.2 120.3 119.6 120 119 117.8 118.2 115.9 104.4 112.6 121.9 124.7 127.2 130.1 129.3 127.1 124.7 122.3 121.1 120.9 120.4 119.6 118.9 119.1 119.6
76.2 76.2 76.2 80.6 83.1 82.9 81.3 84.1 85.6 85 84.2 84.2 85.3 87.1 87.5 87.8 87.8 87.3 87 89 97.7 89.5 89.4 90.9 92.5 94.7 95.2 96.8 98.4 99.3 99.5 99.2 96.5 99.9 97.3 92.7 93.1 98.5 100 100.8 102.1 103 104.3 105.6 106.7 108.5 108.6 108.9 110.6 113.6 117.7 119.5 120.6 121.3 117.9 119.9 119 117.2 115.9 117.3 112.3 102.2 112.8 122.2 124.7 126.8 128.5 127.6 126 124.2 121.4 119.9 119.4 119 118.2 117.3 117.3 117.8
76.2 76.3 79.6 81.2 83 82.9 83.2 83 83.5 83.8 83.5 83.6 85 86.4 86.8 86.8 86.6 86.7 86.8 88.9 97.3 95.3 90.3 90.5 92.7 95.1 97 98.3 99.5 101.5 101.7 100.1 99.2 98 96.8 98.8 98.2 98 99.7 100.8 101.8 102.8 104 105 106.1 106.8 106.6 107.8 110.3 113 115.7 118.8 119.3 119.3 118 114.9 110.1 107 108.6 113.4 108.6 101.6 111.9 121.6 120 118.3 120.3 122.1 125 120.5 119.4 118.4 117.6 117.2 116.8 115.7 115.3 115.8
81 85.9 83.9 82 82.3 83.1 83.2 83 83.1 83.1 83.2 83.5 84.5 85.7 85.9 85.7 85.6 85.7 86.9 89.6 92.4 97.9 90.5 90.6 93.6 95.7 98.3 98.8 100 101.9 101.9 100.2 99.1 98.8 97.8 98 98.7 99.3 100 100.9 101.2 102.1 103.2 104.2 105.2 104.9 105.5 107.9 109.5 111.6 113.5 116.6 118 117.9 116.7 115.5 102.9 99.2 97.4 98.4 96.5 95.4 104.5 109.6 106.1 105.4 110.5 113.4 112.6 110 114.6 115.5 115 114.8 114.5 114.2 113.5 113.8
81.3 82 82.5 82.1 82.6 83.3 83.3 83.4 83.6 83.7 84.6 84.1 84.6 85 84.9 84.7 84.6 85.3 86.6 90.2 92.9 98.4 90.9 90.4 95.1 97.3 99.5 100.6 101 101.4 100.9 99.9 99.1 99.2 98.8 98.7 99.2 99.8 100.2 100.1 100 100.9 102.1 103.2 103.8 103.5 104.8 106.7 108.4 109.8 111.5 115 116.8 117.1 116.1 115 104.2 98.7 98.4 97.1 94.5 94.8 98.4 102.2 96.7 100.1 98.2 98.2 98.8 101.4 107.3 111.5 110.8 110.3 108.7 109.9 111.3 113.2
80 81.5 81.6 82.3 82.8 83.4 83.9 83.7 83.9 84.9 84.4 84.4 84.6 84.2 84.6 84.3 84.9 86 87.6 91.4 93.5 96.5 98.6 91.5 95.8 98.6 100.6 101.1 101.1 100.9 99.8 99.5 99.8 99.7 99.7 99 98.8 99.6 100.1 99.5 99.4 99.8 100.8 101.3 101.5 103.1 103.7 105.4 107.1 108.7 109.3 111.9 114.9 116.7 116 114.3 107.5 101.2 100.9 101.6 100.3 94.4 94.7 95.8 95.2 94.3 94.4 95 94.6 96 99.5 107.3 106.5 103.4 100.8 103.5 105 107.5
78.6 81.7 82.3 82.4 82.8 83.4 84.7 84.2 84.1 84.5 84.6 84.8 85 84.9 85.9 85.4 85.3 86.3 89.5 92.1 94.3 96.8 99.8 94.6 95.9 98.3 101 101.4 100.7 100 99.3 99 98.9 99.2 99.6 99.5 99 99.2 99.9 99.2 99.1 99.2 99.6 100.4 101.2 102 103 103.9 105.5 107 108.4 110.1 112.1 114.3 113.6 112.2 110.5 107.1 106.2 107.1 106 103.2 99.7 93.2 93.9 94.4 94.6 94.3 94.9 95.3 97.3 98.7 99.7 97.8 97.9 98.5 100.7 100.9
75.1 79.8 82.9 82.8 83.2 83.6 83.8 84.2 84.3 85 85.1 85.1 85.6 86.1 89.3 90.5 85.8 87.4 90.2 92.8 95.1 97 99.6 98.2 98.8 107.5 101.6 101.2 100.9 99.8 98.9 98.6 98.6 98.9 99.2 99.5 99.3 99 99.3 99.3 99.4 100.2 100.8 100.3 101.1 101.8 103 103.8 104.5 105.4 106.6 107.9 110 111.1 110.6 110.9 112.6 114.7 113.3 111.7 110.4 107.4 104.8 96.9 94.8 95.8 94.8 93.8 94.6 95.3 95.1 96.5 96.7 96.1 95.7 96.1 96.6 99.3
75.1 75.1 80.3 83.2 83.7 84 84.3 84.3 84.6 85.2 85.9 85.6 86.3 86.6 86.6 84.1 86.5 87.4 90.6 93.4 96.4 97.6 98.9 101.3 106.1 109.6 101.9 101.7 101.6 101.2 99.2 98.3 98.3 98.5 98.9 99.3 99.3 99.1 98.6 99.2 100.9 101.1 101.4 101 102.5 103.1 102.8 102.8 103.8 105.2 105.2 106.2 107.9 109 109.5 110.2 112.8 113.6 113.5 113.3 113.5 113.4 108.5 101.9 101.5 102.2 97.9 93.5 94.1 93.1 92.2 90.2 90.2 96 98.4 98.9 99.6 99.2
75.1 75.1 77.9 83.8 84.1 84.4 84.7 85 85.1 85.4 85.8 86 84.7 82.1 81.2 78.9 90.6 86.9 90.2 93.7 95.8 97.7 98.8 102.2 102.6 112.7 102.6 102.4 102.4 102 100.7 99.7 98.7 97.9 98.5 98.9 99.2 99.2 98.2 99.6 100.9 101.7 102.3 102.3 102.8 103.4 103.6 102.7 103.2 104 104.6 106 107 108.4 109.7 111.2 112.5 113.1 113.2 112.5 112.2 112.1 109.2 104.1 102.7 104 100.9 99.2 99.7 93.8 91.5 90.2 92.6 96.3 101.9 106 103.4 103.1
82.3 83 83.8 83.4 83.9 84.2 84.6 84.9 85.3 86.2 87.2 87.9 80.3 74.7 73.7 76.4 81.1 87.1 89.1 91.1 93.2 95.4 97.4 99.9 104.2 110 108.2 104.9 104.3 101.3 98.1 97.3 96.7 96.1 96.1 96.9 98.9 98.8 99.3 100.8 102.2 103.8 104.5 104 103.9 104.3 104.1 104.1 104.5 105.3 104.7 105.7 107 108.2 109.4 110.8 112.2 112.9 112.6 111.9 111.3 114.5 113.3 106.6 106.1 104 102.6 102.7 100.5 99.7 94 94 94.4 99.5 103.2 105.5 108.3 107.7
82.6 83 83.4 83 83.3 83.9 84.3 84.6 85.1 86 87 87.3 81.3 73.6 72.2 73.2 76.7 89 88.4 88.4 89.5 91.8 93.5 95.4 105.3 102.1 109.6 116.8 110.6 96.2 97.4 96.3 96.3 96.3 96.3 98.4 99.4 100.6 101.6 103 104.2 105.7 106.4 105.8 104.7 105.4 105.2 106.1 104.8 105.5 105.8 105.5 106.7 108 109.1 111 111.9 112.7 112 111.4 110.7 111.3 113.4 114.5 111.8 106.7 103.1 101.2 101.4 101.1 98.6 96.9 98.3 96.2 95.8 102.4 106 105.4
82.6 82.8 82.9 82.6 82.7 83.3 83.9 84.4 85 85.6 86.6 87.5 87.6 78.8 73 74.1 75.6 80.2 91.2 89 89 89.4 89.5 91.4 100 107.4 96.9 104.5 107.2 99 100.8 99.9 100 98.3 97.9 100.3 101.9 103.4 103.9 105.5 107 108.7 110.1 109.4 107.6 107.3 107.6 107 106.3 106.5 106.4 105.8 107.9 109.5 110.4 111.7 112.4 112.2 111.6 111 110.8 110.3 110.2 110.3 113.1 114.1 107.9 105.4 105.5 105.8 102.8 99.1 97.5 95.5 94.3 93.2 92.7 92.2
81.5 81.4 81.3 81.8 82.3 82.5 82.7 83.6 84.3 85.5 86.4 86.9 87.9 83.9 86.4 75.7 78.3 82.5 92.2 89.8 90.2 90.9 91.7 92.1 95.2 108.9 104 100.1 101.9 103.5 103.1 103.6 102 103.5 102.2 102.1 104.9 107.4 106.5 108.1 110.9 113.5 115.1 113.5 110.4 108.9 108.6 109.2 108.7 108.9 110 108.1 108.7 109.9 110.5 111.4 112.2 111.8 111.4 111 111.3 111.4 110.1 108.8 109.6 109.6 109.2 112.2 108.8 107.8 106.3 101.3 96.6 95.7 95.2 94.2 94.1 94.1
80.6 81 81.3 81.7 82.4 83.2 84 85.2 84.7 84.9 85.6 86.9 87.7 90.6 91.2 86.4 87.1 87.2 92.1 91.2 91.7 93.4 94.6 96.5 97.2 102.4 111.2 103 102.6 102.7 103.6 105.9 108.1 108.9 109.1 106.6 111.3 113.1 108.8 115.7 114 117.4 118.6 117.3 113.2 110 112.6 113 112.2 111.6 110.2 109 108.9 109.4 110.6 111.5 112.5 112.1 111.8 111.5 111.2 111.8 110.3 110 109.2 109.3 109.1 109.8 110.9 112.2 111.8 105.6 100.5 96.9 95.9 95.9 97.3 95.8
80.5 81.1 81.4 82.1 82.8 83.6 84.9 86.1 85.9 86.4 86.4 87.1 87.4 88 86.8 88.3 89.4 90.8 91.5 92.8 93.7 96.8 97.3 98.7 98.4 98.8 112.2 109.1 99.1 101 103.2 106.4 109.4 112 115 111.8 114.7 115.2 112.5 117 118.8 120.1 120.4 118.1 113.7 112.8 116.1 115.8 114.6 113.4 112 111.6 110.8 110.4 112.8 113.5 113.8 114 113.9 113.8 113.2 112.3 111.4 110.7 109.2 108.8 108 109.3 110.4 111 108.9 109.9 108.6 105.7 102.2 99.3 96.3 95.4
81.5 81.5 82.4 82.8 83.5 84.3 85.4 86.4 87.2 87.2 87.1 87.6 87.8 88.9 90.1 89.4 91.9 93.5 92.7 93.4 96 99.5 99.6 99.6 98.6 97.2 107.5 114.8 103.2 99.4 102.4 106.3 110.8 114.4 119.2 117.1 115.4 117 117.2 121.3 122.9 122 121.8 118.9 114.9 114.5 116.8 116.8 116.2 115.1 114.1 113.4 112.6 111.7 114.1 116.4 117.6 118.9 119.7 118.5 114.8 114.7 113.5 111.4 110.1 108.6 107.4 108.8 109.5 109.5 109.1 107.9 106.7 106.2 104.7 106.2 107 104.7
82.4 82.7 83.3 84.2 84.9 86.3 86.4 87.2 88.3 88 88.1 88.5 87.8 87.8 87.8 87.8 87.8 87.8 90.4 93.8 96.9 98.9 99.8 100.8 99.9 98.9 101.7 116 111.8 104.9 105 109.6 109.5 115.5 119 121.9 119.3 116.9 119.5 124.2 125.7 124.1 123.3 120.6 115.9 117 118.3 118.4 117.8 116.9 116.3 115.8 114.6 113.3 115.7 119.3 123.3 123.8 123.9 120.9 117.3 118.9 118.4 114.9 111.6 109.6 106.5 107.8 108.5 108.5 108.3 107.3 106.1 105.2 103.4 103.4 103.1 102.8
83.4 84 83.5 83.4 85.8 87.4 88.7 88.4 89 90.6 89.4 89.8 87.8 87.8 87.8 87.8 87.8 87.8 88.9 92.3 95.2 97.6 100.1 101.9 101.2 101.3 104.3 112.1 118.6 108.7 109.1 117.1 112.9 117.6 127.1 128.3 123.3 119.6 123.1 126.6 127.2 126.2 124 119.7 117.3 117.2 119.5 120.2 119.6 118.9 118.5 118.1 116.2 114.4 116.6 119.9 125 126.5 125.4 121.8 119.1 126.2 123.5 117.3 112.8 111 108.1 106.8 107.6 107.6 107.1 106.4 105.3 105.3 106.8 104.7 103.2 102.5
82.2 79.4 78 81.2 78 88.6 89.5 89.6 91.2 93.2 92.9 90.6 90.5 87.8 87.8 87.7 87.3 88.2 91.5 96.6 97.2 98.4 100.7 103.5 104 103.9 106.6 112.4 119.2 112.7 112.1 119.7 118.8 115.3 125.9 132.8 127 121.9 126.4 128 128.7 127.5 123.5 121.1 120.7 119 121 122.2 122.7 122 120.9 120 117.4 115.9 117 121 124.8 126.7 124.5 121.2 122.2 128.2 127 119.1 114.6 112.6 110.8 107.7 107.2 107.2 106 105.3 106.1 106.4 106.5 104.8 103.9 103.7
83.2 83.4 78.3 78 78 86.2 91 91.7 94.8 97.3 97.1 93.6 92.7 92.5 93.8 93.3 93.5 94.4 98.4 102.7 101.7 101.3 104.4 107.4 106.6 106.7 110.3 116.9 121.3 118.7 110.9 122.6 126.1 124.2 119.4 130 130.9 128.4 129.8 131.6 130.5 126.3 127 126.5 124 120.7 122 124.8 126.6 126.4 123.5 121.6 118.8 116.7 118.7 121.5 124.3 126.2 125 122.1 127 131.3 129.2 122.2 117 113.2 110.6 108.1 107.2 107.2 106.4 106.6 107.1 106.3 106.3 105.8 105.1 104.6
85.7 85.6 78 82.6 88 92.1 93.6 94.9 97.8 99.9 101.5 98.6 96.3 94.6 95.7 97.1 97.6 98.4 103.1 106.5 105.8 106 108.8 111.7 112.9 109.7 112.5 118.4 124 123.1 115.8 117 129.3 131.7 129.9 128.2 132.7 132.6 133.8 134.1 131.2 131.4 131.4 131.6 125.6 123.1 125.2 129.6 131.9 131.1 126.6 123 119.9 118.1 119.3 121.9 125.2 127.5 126.6 123.8 129.5 131.7 131 124.2 119.5 114.5 111.1 110.3 110.2 107.9 108.6 108.2 107.8 107.5 106.4 107.3 107.8 106
