UK/data/sh/sh73_OST50GRID_20230518/SH73.asc
ncols 200
nrows 200
xllcorner 270000
yllcorner 330000
cellsize 50
[rows 140 to 174 of 200, columns 0 to 77 of 200]
187.9 189 188.3 186.1 184.3 181.7 181.9 182.3 182.2 183.9 186.1 192.8 198.3 202.7 207.5 211.3 214 216.2 218.9 221 225.5 234.9 243.9 252.6 263 266.3 262.3 258.6 259.2 255.8 255.7 259.6 261 266.2 268.9 268.2 265.5 269.2 276.2 280.2 284.4 294 299.4 300.3 303.6 307 307.1 314.8 321.9 331.3 335.1 338.8 345.8 363.9 374.2 382.7 397.1 395 402.7 410.5 401.5 400.4 403.3 409.6 409.5 404 411.8 415.6 415.4 404.9 398.7 397.6 409 424.1 424.3 418.9 416.6 413.1
184.9 184.3 184.9 184.5 183.1 181.6 180.1 180.7 182.3 184.3 188.2 193.3 196.5 200.7 205.6 208.3 211.4 215.2 217.4 221.1 226.4 230.7 244.2 251.2 259.6 264.8 264.8 260.3 257.8 257.4 256.8 257.6 262.1 266.5 268.9 269.5 266.1 268.4 274.9 283.3 287.1 292.8 299.2 300.8 308.4 313 313 320.2 327.6 336.3 342.8 347.3 357.6 372.3 379.8 389.2 398.3 405.5 413.4 414.1 413.7 411.1 402.5 407.1 405.6 402.8 405.6 405.3 399.3 396.5 395.5 395.5 415.5 421.3 421.2 413.7 411.6 407.1
182 181.8 183 182.9 181.5 180.3 180 180.2 183.7 185.8 190 193.4 196.5 199.7 203.4 206.8 210.2 212.9 215.5 219.8 224.5 229.6 237.6 250.3 257.9 264.8 264 261.5 257.8 257.1 256.9 257.7 262.4 265.8 269 269.9 267.4 267.3 274.9 282.2 286.3 291.2 296.3 303.6 311.5 319.1 316.7 323 334 342.1 352.9 365.1 371.5 381.3 389.2 398.9 404.6 417.7 421.3 414.8 414.3 418.3 400.3 402.3 402.9 399.2 396.2 395.5 395.5 395.5 397.3 407.3 412.6 420.9 418 407.8 406 401.2
181.1 181.3 181.4 181 179.8 179.6 179.3 180.1 185.8 186.2 190 193.9 197.5 200.8 203.4 205.1 208.8 211.7 214 219 224.1 229.5 239.8 245.1 254.3 258.7 263 261.8 260.4 258.5 257.4 258.5 260.1 265.2 266.7 268.1 267.4 266.9 270.3 280.3 284.5 289.5 295.5 301.9 314.7 325.7 322.6 325.8 335.1 350.2 363.7 379.8 388.4 389 398.5 402.9 410.1 426.1 432 423.8 415.6 417 402 398.9 399.2 395.5 395.5 395.5 395.5 395.5 397.1 402.1 406 411.7 408.9 402.7 398 399.7
180.4 180.4 180.4 180.4 179.5 179.1 179.7 180.8 186.5 187.9 190 193.9 197.5 201 203.3 205 206.8 210.8 215 218.6 223.7 228.3 235.3 243.9 248 255.7 259.8 260.1 258.3 258.6 257.7 258.6 260.1 263.2 264.7 266.4 267.4 266.9 269.5 276.6 283.3 290.2 295.7 307.2 319 328.3 332.2 326.8 336 358.2 374.3 390.2 399.5 401.2 406.9 412.7 415 431.1 433.1 433.5 418.6 421.1 411.6 398.8 397.8 396.2 395.5 395.5 395.5 395.5 395.5 395.5 395.5 406.8 403.9 399 394 395.6
179.5 179.4 179.4 179.4 179.1 179.1 179.1 185.9 187.6 189.5 191.2 193.8 196 199.2 202.4 204.4 206.3 210.1 213.9 218.2 222.8 227.4 232.7 240.4 245.6 252.7 255.5 256.9 257.6 256.6 256.5 256.7 259.2 262.1 263.7 265.6 267.8 266.8 271.3 278.5 284.3 289.8 296.8 308.4 322.8 331.9 338.1 335.6 337.2 355.4 379 395.6 406.3 411.5 415.4 416 420.2 433.1 436.5 429.6 418.7 418.2 409 398.6 398.2 406.7 396.8 395.5 397.3 399 399.5 395.8 400.1 399.8 398.5 397.4 392.5 387
179.5 179 178.7 178.5 180 180.5 180.7 185 187.6 189.5 192.3 194.2 196 198.3 200.6 203.4 206.3 209.8 213.4 217.6 222.7 226.9 230.4 236.9 242.6 247.8 251 253.6 255.6 254.7 255 255.9 257.9 259.1 263.1 264.8 265.5 266.9 271.2 276.9 283 289 297 310.8 320.9 334.5 342.8 349.6 340.6 355.4 378 400.2 411.3 417.1 421 420.5 423.9 430.4 436.9 431.1 414.9 405 402.6 400.3 400.5 414.8 407.3 405.2 406.5 398.6 391.5 390.8 394.5 397.3 396.5 394.4 390 380.2
179.7 179.1 178.5 179.1 179.7 180.1 180.3 182.8 187.1 188 190.5 194.5 196.8 199.4 201.7 203.7 205.1 208.5 211.9 216.1 220.9 225.3 228.9 234.3 240.3 245.3 249.2 253.5 254.7 254.1 254.6 255.5 257.8 258.2 258.8 264 265.8 267.1 269.6 273.7 280.2 288.5 298.6 311.3 321.2 334 344.5 354.2 352 354.2 376.4 399 414.7 420.5 422.1 421.5 421.9 425.6 436.1 429 420.8 407.7 403.2 403.2 402.3 410.7 418 410.8 407.5 399.2 391.4 388.8 390.6 392.6 392.6 390.2 385.4 371.5
179.4 178.8 177.9 179.1 179.7 179.7 180.1 180.9 185.9 188.2 190.4 192.9 196.1 198.2 200.5 202.6 204.4 207.3 213.3 216.8 221.4 224.2 227.4 233 239.3 243.6 247.6 252.5 254.2 254.3 254.4 255.2 256.1 257.6 258 262.7 265 266.6 267.6 271.3 278.6 287.4 297.3 306.1 316.2 328.2 343.1 355.3 358.8 366.7 376.8 393.4 412.8 420.3 421.2 419.2 419.3 418.5 420.9 425.6 420.3 418.4 417.5 403 411.9 405.2 419.3 411.4 403.3 397 391.8 383.9 383.1 384.1 383.7 384.9 377.5 365
178.9 178.7 178.1 181.3 181.8 180.6 180.3 182.3 184.7 187.3 189.7 192.3 195.4 197.1 199.4 201.6 204.3 208.1 213.4 217.8 219.6 222.2 226.7 232.3 238.1 241.7 245 248.4 252.3 253.7 254.2 255 255.6 256.9 258.2 259.6 263.6 264.3 265.2 269.9 275.5 284.4 293.6 302.5 311.8 322.6 339 347.5 360.6 365.5 372.8 381.6 406 414.5 415.8 415.8 409.5 408.8 412.7 422.2 424.9 418.3 421.1 408.2 409.2 407.2 416.4 410.7 403.6 395.1 386.1 378.3 377.1 376.6 374.7 377.7 372.6 363
178.9 178.8 177.7 180.7 182.3 180 180.5 183.1 185.5 189.8 193.9 196.7 198.8 198.4 199.8 201.5 203.1 207 211.8 215.4 217.9 221.3 226 229.7 236.1 240.4 243.3 247 250.3 251.4 252.4 254.6 255.1 255.4 256.8 257.4 260.6 259.6 260.3 268.2 275.8 281.6 293.2 300.9 308.3 321.2 332.1 343.3 355.5 362.2 368 377.2 390.9 406.5 404.9 400.2 401.3 401 403.6 412.6 418 418 418.3 407.9 405.6 409.8 409.9 409.7 400.3 392.2 383.4 380.5 373.1 369.2 365.8 366.8 365.7 357.2
178.9 178.9 178.1 181.2 181.1 180.3 181.2 182.4 187.2 192.3 196.3 199.4 199.9 199.9 200.9 203.4 204 207.5 209.9 212.9 217.5 220.9 224.7 227.3 234.2 240.9 242.7 245 248.3 249.8 250.4 253.8 255.2 254.7 257 257 256.7 257.4 260.4 269.7 277 281.3 291.8 299.3 306.8 313.9 325.6 337.9 348.7 357.9 363.8 372.2 377.5 387.7 391.5 395.6 395.5 396.1 398.2 406.6 420.1 421.8 418.9 413 404.8 406.2 407.5 412.6 406.8 395.8 383.4 375.5 369.8 363.1 356.2 353.9 350.7 345.8
179.8 179.2 178.6 178.1 179 179.3 182.3 181.5 186 189.7 195 197.2 197.8 197.9 200.2 202.8 204.4 204.6 208.5 211.3 216.1 218.6 223 226.5 232.1 236.5 238.8 242.4 244.7 247.9 251.7 255.4 257.1 257.4 258 258.5 256.1 256.9 260.8 270.6 278.3 280.7 287.8 296.7 304 310 318.2 330.3 343.5 353.6 359.5 363.9 370.9 376.3 385.4 389.3 389.9 393.4 394.5 410 418.6 422.7 422.7 414.7 404.8 405.7 405.4 412.8 406.8 393.9 380 371.6 364.8 356.3 347.9 340.9 336.1 330.7
181 182.9 182 177.6 177.9 177.6 182.1 181.6 181.6 184.6 192.7 194.7 195.4 194.9 198.4 200.3 201.4 203.3 206.7 210.3 215 219.3 220.6 224.2 229.5 233.6 236.5 239.5 243.9 248 251.9 255.9 258 260.4 262.4 264.6 258.4 256.2 259.5 270.2 278.5 280.3 283.8 290.9 299.2 306.9 314.7 324.9 339 347.9 354.6 360 366.3 376.8 379.4 388.7 385 393.7 396.9 404.2 418.1 424.8 420 419.3 405.5 401 404.4 408.7 403 390.1 378.1 367.3 357.2 347 335.9 326.9 321.7 318.6
183 185.4 184.5 180.8 176.8 176.4 179.1 181 181.2 182.2 188.9 191.6 188.7 193.5 194.4 196.6 198.9 200.7 204.1 208.3 212.1 218.6 220.7 223.6 227.4 231.7 235.4 237.3 241.9 246.6 251.1 256.2 258.6 261.3 264.8 266.5 261.4 256.3 258.7 268.9 274.5 276.6 279.2 285.3 294.6 306.5 311 322.2 335.7 343.5 352.1 356.9 361.2 373.4 374.9 380.8 379.5 391.9 398.3 402.5 417.9 427.9 424.2 421.1 408.2 402.9 397.9 402.2 395.9 383.8 373.3 364 352.5 337.1 327.9 319.5 312.3 308.1
186.4 187.2 186.2 183.6 178.1 175.7 177.9 178.5 179.7 181.6 183.8 184.2 189.1 194.7 198.8 198.6 198.2 198 200.1 204.2 208.2 213.8 219.1 222.5 225.8 228.9 233.7 235.8 240.6 243.3 249 251.2 255.3 261 263.5 263.6 260.6 256.5 254.8 261.5 269.1 273.6 276 283.3 294.7 306 309.7 319.2 332.8 341.1 348.8 350.3 352.8 367.1 372.5 371.6 373.6 390.6 395.6 404.9 417 422.5 423.8 413.7 407 402.8 386 380.8 384.4 378.1 369 356.1 344 332.9 323 312.9 302.6 296.6
189.5 191.8 191.7 190.5 188.1 176 176.6 176.9 177.7 179.2 180.9 183.9 189.6 194.7 199.5 202 201 198.9 199.5 201.8 206.1 211.8 217 220.7 224.3 227.6 231.3 233.6 237 240.5 241.3 245.6 249.2 255.2 257.4 257 257.5 255.9 253.7 256.5 265.6 271.5 273.5 280.6 292.1 303.1 309.2 316.8 328.6 337.9 344.3 346.1 346.8 358.2 371.3 369.9 370.1 384.5 390.6 398.7 415.3 416.1 412.2 408.8 400.5 396.2 379.4 372.1 373.5 369.6 364.3 353.8 340.4 329.6 317.6 305.5 293.2 283.3
190.1 192.2 193.7 193.2 191.3 187.2 176.8 174.7 176.1 177.5 179 181.7 189.5 194.3 198.4 201.8 204.7 207 204.6 202.1 205 209.6 214.8 218.7 220.8 224 229.1 232.1 235.1 236.3 237.8 240.1 244.8 248.9 250.3 251.4 254.4 253 251.7 256.1 268.3 278.7 285.6 289.1 290.4 300.5 308.2 317.1 325.1 336.1 341.4 344.2 345.9 356.5 371 369.1 367.2 373.1 384.2 396.8 411.8 414.2 406.5 401.6 392.7 390.2 372.9 361.7 364 360.8 355.3 347.1 335.8 323.8 311.8 299.9 284.1 272.9
188 189.4 191.2 191.5 191.3 189.1 185.3 175.1 174.6 176.2 177.9 180.8 187.5 190.9 194.6 199.4 205.6 209.5 210.3 206.8 203.3 207.8 212.7 217.2 220.2 224.3 226.6 231 233.4 236.4 238.2 238.6 240.8 243 245.2 248.4 250.8 250.7 251.9 258.5 273.3 283.7 292.5 298.9 300.3 298.3 307.2 316.4 321.3 328.8 336.6 340.8 345.1 353 367.9 365.9 363.4 366.6 378.3 392 399.1 398.9 397.1 393.1 385.8 376.5 364.8 352.7 353.8 350.6 344.5 335.4 325 314.5 302.4 290.4 276 265.7
186.9 186.4 186.8 187.3 187.1 186.3 183.9 180.8 174.6 175.3 176.2 177.7 182.7 187.4 191.5 197.4 205.3 210.7 211.8 210.8 206.3 205.6 210.1 215.9 220.2 223.6 227.2 230.5 231.9 234.7 234.2 237.2 242.3 245.3 247 252 254.8 254.5 255.6 261.5 276.5 286.9 296 303.6 303.9 301.7 303.1 312.2 318.5 322.6 329 338.6 344.6 347.2 352.2 357.3 364.1 369.4 376.3 380.6 391.9 387.5 388.8 385.5 379.2 369.6 359.7 342.3 344.7 338.9 331 323.5 314.7 303.5 291 278.2 264.2 260.2
186.1 185 184.1 183.1 182.8 181.8 181.1 177.6 173.5 174.5 175.4 176.9 180.9 185.1 189.5 195.7 204.1 209.2 212.8 211.9 210.3 206.9 207.7 212.1 218.7 222.7 226 229 231.2 230.8 233.4 237.4 244 248.7 252.6 255.7 254.9 256.1 259.3 268.4 278.4 288.9 297.8 303.1 308 307.1 303.7 306.2 313.3 319.7 324.9 333 340 341.4 343.8 351 366.1 373.6 374.2 374.1 389 384.8 386.2 379.6 369.1 359.7 352.5 332.4 328.4 327.6 317.7 310 299.6 288 276.5 266.5 260.1 256.7
185.1 184 182.9 181.8 180.6 179.3 178 175.5 173.1 173.8 174.8 175.9 179.7 183.6 188.5 194.6 204 210.1 213.4 212.2 211.9 211.1 207.2 210.2 214.4 219 223.6 226.5 227.2 226.8 231.6 237 242.3 249.6 254.6 258.2 258.5 256.2 259.6 270.1 280.9 289.9 296.9 307.9 314.1 316 308.9 309.2 311.3 317.5 320.4 324.9 331.8 333 337.8 347.7 370.1 370.1 367.7 369.8 380.4 385.6 381.3 372.2 362.9 353.5 344.1 328.8 315.9 311.6 306.9 297.9 286 277.9 267.6 263.7 259.4 254.4
185.5 184.3 182.9 181.2 179.9 178.8 177.6 175.2 173.4 173.1 173.5 175.3 177.7 181.8 188 195.4 206.6 211 212 212.9 210.7 209.4 208.4 210.4 213.9 217.6 221.1 223.9 226 227.5 231.3 238.1 241.9 247.1 254 258.1 257.9 256.6 260.2 268.9 279.1 290.2 298.9 309 318.5 322.8 316.2 314.4 314.5 315.3 321.6 323.4 327.9 331 337.2 349.2 368.6 365.9 361.6 361.3 373.4 376.3 372.4 360.5 355 343.4 333.3 324.2 307.6 300.4 294.1 285.2 275.9 265.2 260.9 256.1 254.2 250.5
185.9 184.6 183.3 181.8 179.3 178.4 177.3 174.9 173.8 173.3 172.4 173.8 176.4 183.1 191.1 199.6 206.9 211.4 211.4 211.1 209.1 208.8 208.6 210 212.1 214.1 217.6 220.5 224.5 228.4 231.9 235.8 240.2 244.2 249.3 253.1 254.2 255.5 260.7 268.4 276.4 286.4 299.7 310.9 319.5 325.6 321.9 317.9 321.6 325.6 322 322.7 323.2 328.1 334.1 341.5 355.8 357.8 353.1 357.8 355.9 364.1 363.6 349.9 344.9 337.2 323.7 311.8 300 291.1 284 274.4 263.8 257.8 253.4 252.5 249.7 260
185.8 184.7 183.4 181.3 179.1 177.8 177 175.3 174.1 173.5 172.6 175.4 180.1 186.3 193.7 201.2 208.7 210.2 208.9 208.7 208.4 209 209.8 209.2 211 214.4 217.4 219.8 223.9 227.9 232.7 235.9 238.9 242.8 246.8 252.5 253.8 256.9 260.9 268.4 271 283.7 299.1 310.7 319.2 324.4 325.1 323.2 326.8 328.9 326.2 323.1 322.2 324.2 326 331.7 341.5 350.1 349.6 347.6 342.1 353.4 348.4 336.5 325.7 327.9 315.3 304.7 292 280.9 278.2 266.7 260.5 251.5 250.5 248.4 255 262.8
186.9 183.9 181.4 179.2 178.8 176.5 176.3 175.6 174.5 172.5 174.2 177.3 184.6 191.7 196.8 204.4 209.3 210.1 207.6 205.7 208 209.6 211.3 213 210.4 217.5 217.8 219.4 223.2 227.3 233.4 235.5 240 244.2 246.6 252.3 255.6 258.8 259.9 265.5 269.4 280.7 296.4 308.1 319.6 322 327.4 328.7 330.1 331.3 329.5 324.6 321.7 318.9 319 321.4 329.9 337.7 338 332.8 327.6 331.6 335.4 331 319.9 319.2 307.5 296.4 286.9 272.8 266.6 261.5 255.3 249.6 247 253.2 260.7 268.9
185.3 183.3 180.6 178.1 176.1 174.9 174.7 175.3 173.4 173.6 177.7 183.2 189.4 195.3 200.5 204.2 206.8 207.3 206.4 204.6 205.1 207.5 208.2 208.4 210 213.3 216.6 219.4 222.7 227 232.3 235.4 238.6 243.3 246.8 251.9 256.1 259.9 260.4 262.9 267.6 280.2 293.8 306.6 318.1 324.3 327.7 332.4 333.6 333.9 332.1 327.1 321.7 317 317.1 315.9 317.5 325.9 331.7 326.1 316.1 321.6 324.9 320.6 312.7 304.3 295 288.8 281 268.6 266 258.9 254.1 249.9 249.4 255.8 263.2 269.5
185.5 183 180.5 178.1 176.6 174.6 173.1 173.6 171.9 174.4 179 184.1 190 193.9 197.6 199.9 202.2 203.8 203.1 201.8 203.6 204.5 204.8 205.2 208.9 211.1 214.2 217.9 222.1 227.2 231.7 236.1 239 241.3 246.3 251.3 255.3 258.9 259.4 260.1 267 281.2 293.1 303.8 317 323.1 327.9 334 335.7 335.3 333.6 330.2 322.2 316.1 315.2 314.8 313.7 315.8 315.4 309.8 303.3 299.7 304.7 308.2 299.6 292 287.1 281.9 275.7 264.8 262.6 258.6 251.3 247.6 249.3 259.5 266.5 274
186 183.5 181.4 179.3 176.6 174 173 171.9 171.4 175.2 178.3 183.4 187.5 191.5 194.3 195.9 198.1 199.5 198.9 199.4 201.8 202.7 203.8 205.1 207.6 208.3 211.7 216.2 220.2 226.4 232.1 236.5 239 241.6 246.5 250.5 254.3 256.9 258.5 259.4 269.7 283.3 295.4 305.4 314.5 320.7 331.9 336.1 335 334.3 333.3 332.4 325.6 317 315.9 315.8 313.7 310.9 305.7 300.8 294.7 287.7 291.6 297.3 292.2 286.1 280.9 271 266.7 258.8 257.3 252 247.9 244.5 249.4 262.2 268.2 276.9
187.4 184.7 183.1 180.7 177.2 174.3 173.6 172.4 172.7 175.8 178.2 180.9 185.1 188.4 191 193.4 194.3 195.8 196.2 196.7 200 201.5 203.4 206 206.4 207.5 210.8 215.3 218.8 223.6 228.5 232.9 238.6 242.4 245.9 247.9 250.9 254.2 257.6 262.7 270.9 284.7 297.3 305 312.8 323.5 327.4 336.2 336.1 335.3 334.1 332.2 325.6 319.1 315.5 317.1 311.4 308.7 303.6 293.2 286.1 281.7 285 288.4 286 281.7 275.2 259.3 254.4 251.2 249.4 247.6 244.3 250.7 258.6 262.3 271.6 276.1
190.3 186.7 183.4 181 179.1 174.8 174.1 173.4 173.4 174.5 176.3 177.6 179.8 185.2 188.9 192.2 192.3 193 193.6 194.5 197.1 199.5 202.8 205.9 206.7 206.9 210.4 214.7 218.5 221.1 226.8 231.5 237.5 240.9 243.1 243.6 247.4 252.1 256.4 262.5 269.3 282.5 297.2 309.1 317.3 324 328.7 334.3 336.3 335.9 334.6 334 331.2 322.3 315.7 318.8 310.7 302.9 295.1 287.9 275.8 275.1 277.3 280.4 281.1 273.2 260.3 252.8 249 246.9 245.9 242.7 247.3 256.6 263.5 269 272.2 280.6
191.4 187.4 184.2 182.4 178.6 175.1 173.8 173.2 173.6 174 175.4 177.1 183.2 191.2 195.8 197.8 197.4 196 194.2 193.1 195.7 196.5 199 203.6 204.7 207.6 211.2 215.5 217.9 221.5 226.5 230.1 233.6 235.9 238.1 239.6 242.8 249.2 254.6 261.3 267.7 276.7 294.3 312.1 319.9 324.1 327.6 335.4 336.8 336.7 336.3 337.8 334.5 327.4 319.3 312.9 309.9 296.9 287.3 278.7 271.5 267.9 269.3 272.8 272.3 265.2 256.1 249.9 246.5 245.6 243 244.7 250.7 260 267.6 273.1 278.9 279.2
190.9 187.6 183.6 181.1 179.1 174.6 172.5 173.3 172.6 174.1 174.9 178.1 184.6 191.9 196.5 197.3 196.5 195.3 193.8 192.4 193.6 195.3 197.7 201.7 204.2 205.5 211.1 214.8 217.6 220.2 224.9 229 230.9 232.1 232.2 234.1 240.3 249.3 254.6 262.5 269.5 276.4 292 310.5 321.8 326.1 330.3 336.3 340.2 339.5 339.5 337.9 332.7 325.3 319.7 309.7 303 293.2 281.8 275.2 266.5 262.4 263.1 263.9 264.2 259.2 253.7 246.5 245.4 241.6 243.5 244.1 254.3 260.1 268.4 274.7 279.5 286.5
190.4 189.5 184.4 180.2 175.4 174.4 173.9 172.3 172.9 172.9 174.8 178.2 185.9 192.6 195.5 196.2 195.1 192.8 191.3 190.3 190 192.5 197 199.4 200.9 203.2 208.2 211.2 213.3 217.5 221.6 225.4 228.1 229.6 230.6 230.4 242.3 248.8 254.1 263.4 269.8 276 290.9 309.4 324.3 331.2 333.9 339.3 344.1 343.1 340.5 336.7 329.6 322.1 315.6 308.7 301.3 295.8 282.2 272.2 264.4 258 258.6 257 257.3 254.2 248.6 244.3 244.7 240.7 242.5 244.2 254.6 260.4 267.6 275.6 281.7 289.3
190.4 189.6 184.6 177.4 175.2 174 173.3 172.3 173.3 172.5 174.1 179.6 186.6 193.7 195.1 194.9 192.3 189.6 188.3 187.6 187.2 189.9 194.6 196.6 198.9 201 204.9 207.6 210 213.7 217.4 220.8 223.8 226.3 226.2 226.8 242.5 247.7 252.4 262.1 269.2 275.5 291.6 311.1 328.7 335.3 339.6 342.8 345.7 344.6 342.7 338.7 331.7 320.9 314.8 308.7 301.8 296 285.8 273.3 262.3 256 253.8 251.5 249.1 249.1 244.7 243.1 240.7 242.7 243.3 244.2 255.7 259.9 268.3 276.2 282.8 288
