WholeMapElevations/data/sk/sk05_OST50GRID_20230518/SK05.asc
ncols 200
nrows 200
xllcorner 400000
yllcorner 350000
cellsize 50
[rows 105 to 139 of 200, columns 78 to 155 of 200]
376 371.2 366.7 362.1 357.1 350.6 344.9 339.6 334.8 329.1 324.7 320.6 316.8 313.2 311 309.3 308.9 308.8 307.1 304.9 301.5 298.2 299.2 297.1 293.6 289.9 286.6 283.7 282.4 281.3 280.2 278.7 276.6 274.4 273 272.9 273 277.5 279.6 284.3 286.4 293.3 301.6 307.8 314.2 320.3 323.6 326.4 324 320.6 323.5 330.9 336.3 339.2 341.7 342.5 346.5 347.7 346.5 345.7 345.5 347.6 352 354.6 357.4 359 358.9 359.8 359.1 358.2 357.7 356.7 356.9 357 357.2 357.2 356.3 356.9
381.5 377.1 371.5 364 359.1 354.3 349.2 342.4 337.4 333 328.6 324.7 321 318 315.4 314.6 313.6 313.1 311 308.2 304.1 305.5 303.9 300.5 295.9 292.6 288.2 285.8 283.9 282.2 281.1 279.4 278.8 276.3 274.2 272.3 272.9 273.5 276.2 279.2 284.4 291.4 297.6 302 308.5 313.3 318.3 319.1 317.5 314 322.1 328.5 332.5 334.5 334.4 341.2 344.1 344.4 342.1 341.5 339 344 348.4 352.4 354.6 354.9 356.5 356.9 356.4 354.8 355.9 355.4 355.6 355.5 355.6 355.9 356.3 356.7
384.7 380.7 375.8 368.2 363.6 359.5 354.1 348 342.7 339.2 334.9 330 324.7 323.5 321.4 319.7 318.2 317.4 315.7 311.6 308.8 308.1 306 304 299.6 294.8 290.2 287.9 286.2 283.8 282.3 280.9 280.5 279 277.5 272 272.5 272.7 272.7 274.9 279.2 286 290.7 294.6 301.4 305.6 309.9 311.9 309.5 311.3 320.2 325.3 327.2 326.6 334.3 337.3 340.3 339.9 339 337.1 334 339.1 346.5 349.9 351.6 352.4 353.6 354.4 354 353.6 353.6 353.8 354.2 354.2 354.2 354.2 353.1 355.1
387.4 383.5 378.5 376.3 372.3 366.7 360 356.2 351.9 345.3 340.9 335.8 331.6 329.8 327.8 325.2 323.4 321 319.4 316.2 312.6 308.9 306 303.4 299.3 295.6 291.9 290.1 288.3 286.3 283.9 283 282 280.5 278.9 277.3 271.9 271.9 271.7 271.8 273.2 277 281.2 286.1 292.8 297.6 304.1 304.2 301.3 310.8 317.2 319.9 318.8 324.1 329.9 333.4 335.1 334.6 334.1 332.4 328.4 338.5 344.7 347.5 348.2 348.7 350.1 351.9 351.9 350.9 351.3 352.2 352.6 352.8 352.8 352.9 353.6 354.4
390.9 386.5 384.7 382.8 379.9 375.6 369.1 362.7 358.9 354.1 346.2 342.3 341.1 338.7 335.9 330.9 329.3 326.1 323.7 320.4 315.1 309.9 305.8 302.4 298.7 296.7 294.2 292.4 290.5 288.7 285.7 285.3 283.1 281 279 276.9 276.2 270.9 270.9 271 271.1 272.7 274.6 279.8 286.4 291.7 297.2 295.2 297.3 306.1 312.5 314.4 313.1 320.3 324.5 328.1 330.8 330.5 328.7 326.3 326 335.9 342.9 344.4 345.4 346.8 348.8 350.1 349.8 348.7 349.3 350.8 350.7 350.5 348.9 350.2 351.7 352.5
394.7 390.8 388.8 388.6 386.2 381.8 377.3 368.5 363.2 359.6 354.2 349.8 347 344.4 341.1 338.2 335.5 332.7 329.5 323.9 318 313.7 306.6 304 301.8 298.4 297.3 294.6 292.6 288.8 288.8 287.3 285.2 283.1 281.1 280.8 278.2 274.9 270.3 270.1 270.2 270.6 272.2 274 278.7 284.2 290.4 287.9 292.9 298.6 304.2 304.8 309.7 315 319.9 323.4 326.4 325 323.1 319.2 323.4 333.7 339.2 340.6 342.5 344.9 346.2 347.8 347.4 347.1 348.8 349.1 349.4 348.1 347.6 348.5 350 350.1
397.4 395.7 392.1 391.7 390.7 386.3 381.5 375.6 369.5 363.6 360.7 357.6 353.9 348.6 345.8 341.3 338.2 333.8 328.9 324.2 319.1 313.3 309.5 307.5 305.2 300.9 297.7 296.5 294.6 292.8 291.7 289.4 287.2 285.2 284.1 281.9 279.3 278.7 270.9 269.9 269.6 269.9 268 269.8 274.1 280.9 285.1 282.4 287.8 293.6 296.6 297 304.1 309.8 314.8 319 321.1 319.5 316.9 313.8 321.1 329.3 333.7 338.2 341.4 343.1 344.7 345.5 345.2 345.4 347.9 348.2 348.4 347.6 346.1 346.9 347.7 347.6
400.1 397.5 394.6 394.2 393 389.9 385.1 380.7 374.7 368.6 364.6 360.6 357.7 354.7 350.9 345.6 341.6 335 327.9 324 319.8 317.1 313.2 310.7 307.1 303.4 301.6 299.5 297.4 295.5 294.5 292 289.7 288.3 286.1 283.5 282.5 280.4 277.4 270 269.5 269.1 269.2 268.2 268.5 275.7 278.7 277.3 284.5 287.8 288.5 295.7 300.2 303.7 306.8 311.5 314.7 314.2 310.3 308.3 317.5 327.8 334.2 338.1 340.4 341.5 343.4 343.8 342.7 345.2 346.9 347.1 347.2 346.6 344.8 345.2 345.3 345
401.3 398.9 396.5 394.1 393.1 392.2 388.6 384 377.8 374.5 370.8 365.7 360.7 357.1 352.4 347 343.6 338.8 332.1 326.8 323.4 319.8 316.3 313.4 309.8 306.7 304.7 302.5 300.3 298.5 297.3 294.7 292.6 290.8 288.7 286.3 285.5 282.5 280 277.9 275.1 269.2 268.1 267.7 267.5 269.5 273 276.1 278.9 280.3 288 293.8 294.8 298.8 301.6 304.4 307.4 308.1 301.7 307.3 318.4 327.1 332.4 336.7 339 339.9 341.5 341.7 342.8 344.1 345.5 346.1 346.1 345.4 343.9 343 342.7 342.5
402.3 399.4 397.8 395.1 392.2 391.8 388.9 386.1 382.7 378.5 374.3 370 365 359.4 353.1 348.1 343.6 338.8 335 330.8 327.2 323.7 320.1 316.7 313 309.9 307.7 305.5 303.2 302.3 301.4 299.1 295.7 293.5 291.4 289.9 288.2 285 282.7 280.1 277.7 274.9 272.7 267.5 266.9 268.8 270.9 273.7 274.9 280 285.9 290 289 293.9 296.9 299.9 302.1 300.6 297.7 307.7 317.3 324.9 329.6 333.6 336.6 339 339.9 339 342 343.1 344.2 345.4 345.1 343.3 342.7 341.8 341 340.8
402.5 399.9 398.1 395.7 392.8 391.3 388.9 386.5 383.3 379.9 376.1 372.3 366.8 361.2 355.4 349.3 344.6 340.7 337.2 333.2 329.5 326 322.7 318.3 315.3 312.8 310.5 308.3 306.2 305.7 304.9 303.4 300.1 296.8 294.8 293 291.3 288.3 286 282.2 280.1 277.9 275.4 271.3 267.6 266.8 268.4 270.9 272.3 278.2 282.8 283.8 285.1 289.6 292.4 294.6 296.5 293.8 297 306 316.6 322.6 328.9 333.1 335.9 338.1 337.2 338.9 340.9 342.2 343.3 344.4 344 342.4 341.9 341.2 339.7 339.1
401.2 398.8 398.1 396.1 393.4 391.5 387.8 384.2 382.3 379.2 376 372.4 367.9 361.6 357.4 352.4 347.2 343.2 339.2 335.5 331.9 328.3 324.5 321.1 318 315.6 313.4 311.3 309.1 308.9 307.9 306.9 304.3 300.9 298.5 296.3 294.4 291.8 289 285.3 283.5 280.9 277.9 275 271.1 266.1 267.2 268.6 271.5 275.1 278.6 278.8 281.4 283.3 286.2 289.9 289.6 290.1 297.9 307.5 316.1 322.8 328.3 332.4 335.6 333.9 336.9 338.6 339.8 340.9 340.9 342 342.5 342.4 341.8 340.8 339.3 337.7
399.6 398.9 398.1 396.4 394 391.2 388.5 385.4 380.4 378 374.9 370.4 367 363.5 358.9 354.2 349.6 346.3 342.1 338.4 334.8 330.9 328.4 325.1 321.4 318.3 316.3 314.2 312.5 312 311 310 307.8 305.1 302.7 300.3 297.3 294.2 291.9 289.4 286.3 283.4 280.4 277.5 275.5 268.2 266.6 267.5 267.9 269.6 272.7 274.5 276.8 278.7 279.9 281.6 284.6 291.1 299 306.8 314.7 320.8 326.6 331.1 333.1 331.2 335.6 337.1 337.5 338.4 338.5 339.4 341.1 341.4 341 340.6 339 337.6
395.3 397.9 398.2 396.6 394.3 392.2 389.6 386.7 381.9 377.6 375.3 373.9 369.5 365.7 360.5 356.2 351.8 348.4 345.4 341.3 337.8 334.7 332.2 330 326.4 323.9 320.8 317.6 315.7 315.1 314.1 313.2 311.3 308.6 305.3 302.1 299 296 295 291.9 288.9 285.9 283 280.1 277.2 273 266.8 267.4 266.7 267.2 270.1 271.6 272.2 272.1 274.7 279.4 285.2 292.5 299.2 305.5 312.5 318.5 324.5 328.6 329.2 331.1 334.1 335.2 334.5 335.3 335.9 337.2 339.5 339.9 340.2 340.4 339.2 337.1
388.2 391.7 394.4 397.3 396.2 393.8 391.2 387.3 383.1 381 377.6 375 371.8 368.5 364.9 360.9 356.5 352.3 349.4 345.4 342.1 338.6 336.2 334.7 332.4 329.8 326.7 325.1 323 319.7 318.7 316.7 313.6 310.7 307 303.8 300.8 297.6 295.8 293.3 290.1 286.9 283.8 281 278.1 274.9 270.7 265.6 266 266.1 265.8 268.5 269.6 269.5 274.9 279.9 286.4 292.4 299.5 305.7 310.5 316.6 321.3 323.7 325.4 330.7 331.9 333 332 332.9 333.8 335 337.6 338.6 339.3 339.6 338.8 336.8
382 385.3 388.8 392.8 395.4 395.4 392 388.2 385.7 383 380.1 377.6 373.9 370.9 367.5 363.7 360.2 354.8 352.5 349.9 347 342.7 340.2 337.7 336 335 332.2 329.5 325.5 323.3 322 319.6 316.3 312.7 308.6 305.5 302.2 299.5 296.3 293.3 290.7 287 283.8 280.8 277.8 274.9 270.6 268.1 265.5 264.9 264.1 264.5 266.2 270 274.8 279.9 286.5 293.1 299 304.1 309 312.1 313.9 320.9 328.1 329.5 329.6 330.2 329.9 330.6 331.5 334 335.4 336.5 337.6 338.8 338 336.6
377.3 380.5 383 387.3 390.2 394.1 393.4 390.3 388.4 385.9 382.3 381.5 377.4 373 369.6 366.4 363.3 357.2 355.6 353 350.5 347.8 344.9 341.3 339.7 338.3 335.7 332 328.1 325.5 322.8 321 318.7 312.5 308.7 306 302.8 300 296.4 292.7 290.2 286.6 283.5 280.5 276.3 273.6 273.5 271.9 269.8 266.7 264.7 264.4 264.6 270.9 274.8 279.8 285.8 289.6 293.9 298.9 304.2 309.7 317.8 324.3 327.9 327.7 327.4 327 326.9 327 329.3 332.2 333.9 335.2 336.3 336.9 336.7 335.6
375.3 377.9 380.2 382.7 385.1 388.5 390.7 391.2 390.7 388.9 384.3 382.5 379.8 375.7 371.7 369.2 366.3 363 358.7 356.5 353.6 350.3 347.4 344.9 342.5 340.1 336.7 333.4 330.5 325.4 322 319.4 316.3 309.6 305.6 304 301.9 298.5 295.6 290.7 285.4 282.8 280.7 278.1 280 281 277.7 274.9 273.7 270.5 264.2 263.7 263.8 267.4 273.4 277.8 281.6 285.4 289 298 307.2 314 319.5 324.1 326.2 325.8 325.4 324.6 324.1 325.2 327.7 330.6 332.8 333.9 335 335.1 335.4 334.5
374.1 376.3 378.7 381 382.7 385.1 385.8 386.4 385.9 384.8 382 379.5 377 374.5 371.5 368.9 366.7 364.5 361.9 359 355.8 352.8 349.9 346.8 342.8 339.6 336.4 332.1 328.4 325.5 321.9 317 311.6 309.1 306.3 302.1 298.7 296.1 292.5 290.6 283.2 284.1 286.3 284.8 285.6 285.2 281.6 278.9 276.5 273.4 271.1 263.2 262.8 263.3 269.3 272.8 276.5 283 291 298.9 306.3 313.4 318.4 321.9 324.5 324 323.4 321.2 320.5 323.8 326.7 329.7 331.8 332.7 333.5 334 334 332.8
372.8 374.7 377.1 379.3 380.4 382.6 383 383.3 382.9 381.7 380.2 377.3 374.5 372.3 369.5 367.2 365.3 363.5 360.9 358.4 356.5 353.8 350.6 347.5 343.8 339.9 335.1 330.4 326.9 323.9 321.5 318 315.7 312.2 309.2 305.4 301.1 298.1 296.1 294.9 292.9 294.8 295 290.2 289.7 286.7 283.7 280.9 278.1 275.2 271.3 266.7 263.2 262.2 264.2 269.9 277.6 283.6 290.1 296.9 304.9 311.8 316.3 319.8 322.8 322.1 320.8 318.4 320 322.8 325.8 328.3 330.4 331.5 331.7 332.4 331.9 330.5
371.2 373.1 375.4 377.4 378.4 379.8 380.1 380.5 380.8 379.7 378.7 376.2 373.6 370.2 367.6 365.5 363.9 362.2 359.1 357.5 355.6 353.5 350.9 347.7 343.5 338.8 335.7 333.4 329.8 327 324.1 320.5 317.7 314.5 310.8 307.2 304.3 302.1 299.5 298.4 298 298.3 297.5 294.9 291.2 287.5 284.8 281.9 278.9 276 272.2 269.9 267.2 261.4 262.2 270.7 276.4 281.3 286.7 293.2 301.9 308.4 314.4 317.7 320.7 319.9 318.6 316.4 318.6 321.9 324.9 326.9 328.5 329.5 329.9 330.3 329.2 327.9
370.3 372.1 374.1 375.4 376.4 377 377.3 377.6 378.2 377.7 376.7 375.1 372.8 370.5 366.7 364.3 362.7 360.1 357.9 356.4 354.7 352.3 349.2 346.8 344.8 342.4 338.9 335.4 332.1 328.8 326.5 322.6 319.6 316.6 313.3 310.2 308.9 307.9 306.1 301.4 300.9 300.8 299 295.9 292 289.5 287 283.6 280 275.9 274.1 271.3 268.5 264.4 261.4 266.9 273.7 276.9 282.3 290 298.2 305.4 311.8 315.9 318.2 317.8 315.5 310.7 317.2 320.7 323.6 325.2 326.3 327.3 327.8 327.8 326.6 324.2
371.1 372.1 372.6 373 373.7 374.6 375.6 375.7 375.9 375.5 374.9 372.5 371.6 369.6 366.8 364.2 361.9 359.7 357.7 355.8 354.7 353.1 350.4 348.9 346.9 344 340.6 337.3 334.8 332.3 328.8 325.1 321.9 318.9 316.4 313.7 312.9 311.4 308 305.7 304.5 302.9 300.3 297.8 294.2 291.6 289 285.9 281.2 277.7 275.5 272.6 269.4 266.3 260.9 261.5 266.9 272.7 276.2 285.3 294.1 301.7 308.7 314.3 316.1 315.6 312.7 309.3 315.4 318.5 322 323.3 324.6 325 325 324.2 322.8 320.4
369 370.6 371.9 372.2 372.5 373.4 373.5 373.6 373.7 373.8 373.9 372.1 370.7 369.2 367.3 365 363.7 361.5 359.6 357.7 356.1 354.2 351.8 350.8 348.9 345.8 342.5 339.9 337.7 335.7 332.2 328.7 325.7 322.6 319.2 317.9 316.5 314.1 310.8 308.6 306.7 304.6 301.9 299 296.5 293.8 291.2 286.8 283.3 280.3 277.2 273.5 270.3 266.6 260.3 260.5 262.8 266.8 274.2 281.6 291.2 299.7 307.5 312.7 314 312.9 308.3 308.8 313.7 317.6 320.2 321.7 321.7 320.9 320.4 320.2 319 315.7
366.7 368.4 370 370.6 371 371 371.5 371.5 372.2 372.6 372.9 372.7 371.4 370.1 368.1 366.9 365.5 363.5 361.6 359.6 357.3 355.4 353.5 352.5 350.8 347.6 344.9 342.8 339.7 337.5 335.4 331.7 328.5 325.3 322.5 322 319.9 317.6 315.2 311.8 308.9 306.4 304 301.6 299.6 296.7 292.8 289.1 284.9 281.8 278.7 274.9 271.5 268.6 260 259.4 259.1 264.6 271.9 278.3 286.9 296.2 305.5 311.1 311.8 310.2 303.6 308.4 312.4 315.7 318.5 319 318.2 317.5 316.7 316.8 315.4 310.9
364.5 366.1 366.8 367.1 367.2 367.2 367.1 369.8 370.7 371.2 371.3 370.9 369.7 369.1 369.7 368.9 367.4 365.4 363.4 361.5 358.9 356.5 355.1 354.1 352.7 349.5 347.3 345 342 339.8 338 334.5 331.1 327.8 324.9 324.4 322 319.7 317.5 314.1 311.3 309 306.6 304.2 302.2 298.6 295.2 291.2 287.5 283.3 280 276.3 272.6 269.6 261.9 259.3 258.7 259.8 267.3 274 282.5 294.1 301.9 308.7 309.8 307.8 298.9 305.9 310.4 314.7 316.4 316.6 315.7 314.8 313.8 313.4 310.5 306.2
361.6 362.1 362.6 362.9 363.2 364.1 365.5 367.7 368.9 369.3 369 368.3 367.2 367.5 368.4 369.1 368.6 367.3 365.3 363.3 360.5 357.7 356.7 355.8 354.6 351.9 349.5 347 344.5 342.3 340.1 337.2 334 330.8 328.1 325.9 323.6 321.4 319.2 315.6 313.1 310.9 308.8 306.7 304.3 300.6 295.9 293.1 288.5 285 281.3 277.1 273.8 270.8 267.3 259.7 259.2 258.8 260.2 269.7 278.3 291.1 299.4 305.4 308.2 305.6 299.3 303.5 307.6 311 313.8 314 312.6 311.2 309.5 308.9 302.8 308.4
358.2 359.7 359.6 359.3 359.7 360.6 362.1 363.4 364.3 366.9 366.6 365.6 365 366 366.5 367 367.8 366.9 366 364.5 362.7 360.7 359.1 357.7 356.5 353.9 351.2 348.5 346.1 344.1 341.9 339.5 337 333.8 331.1 328.4 326.2 323.5 320.1 316.8 314.5 312.4 310.4 308.4 305.6 301.8 298 293.4 288.1 285.7 282.2 278.9 275 271.3 267.8 262.1 258.6 258.5 257.5 263 270.6 281.9 292.8 300.1 304.6 305.3 297.8 300.1 304.5 308.2 311.1 310.7 309.2 305.7 301.1 299.1 306.7 312.7
355.1 355.8 356.6 356.5 356.2 356.5 356.4 357.1 358.7 361.3 363.8 363 363.4 364 364.1 364.9 366.1 366.8 365.8 364.5 362.9 361.2 360 358.5 357 355 352.3 349.6 347.6 345.7 343.7 341.4 338.7 336.8 334.1 331.7 328 324.8 320.6 318.4 316.1 312.4 310 307.2 305 301.4 298.5 293.6 287.9 284.8 281.5 278.2 275.1 271.4 267.3 263.1 257.9 258.2 256.6 259.8 269.6 278 285 297.5 302 302.1 297.8 296.4 302.7 306.6 308.4 307.3 304.8 298.5 295.7 305.7 311.2 315.6
350.4 352.6 353.7 353.8 352.7 352.4 352.4 353 353.5 355.1 355.7 360 361.4 361.6 361.9 363.6 364.5 365.2 365.1 364.2 363.1 361.3 360.1 358.8 357.3 355.8 353.5 350.9 349.1 347.2 345.3 343.3 340.7 337.9 336.7 334 330.9 327.2 324.3 321 316.3 313.2 309 305.6 303.3 301.2 299.2 294.7 290.9 286.6 282.9 279.5 274.6 270.5 266.1 263.3 260.5 257.2 256.6 260.5 277.7 282.5 287.3 293.7 297.1 297.8 294.9 292.5 299.6 304.7 305.7 303.9 299.3 290.2 302.2 308.2 312.4 316.4
343.1 345 347.1 347.6 348.5 348.3 348.9 349.4 349.7 351 352.8 354.1 356.8 357.7 360.3 361.7 362.7 363.2 363.6 362.9 361.3 360.6 360.3 359 357.5 356.1 354.6 352.4 350.5 348.6 346.5 344.5 342.6 340.4 338.2 335.7 332.9 329 326.3 321.8 318.8 315.6 312.3 308.8 306 303.1 300.2 296.4 292.6 287.6 283.1 278 274.4 269.7 264.8 262.3 260.1 256.3 255.9 266.5 283.5 289.2 289.5 291.6 291.8 292.8 289.7 290.7 297.4 300.9 301.9 299.5 292.4 293.4 303.9 308.8 312.6 315.9
336.3 337.4 339.8 340.7 341.7 342.6 343.3 345.2 346.3 347.5 348.9 349.8 351.2 352.7 354.9 357.9 360.7 361.2 362 360.6 359.3 358.6 358.4 358.2 356.7 355.3 353.3 352.2 350.7 348.6 346.5 345.1 343.3 341.2 339.2 336.8 334.1 330.8 327.4 324 320.7 317.5 314 311 307.7 304.4 301.1 297.8 293.2 288.5 283.6 277.9 273.6 268 263.7 260.7 258.3 256.5 261.1 270.9 285.1 291.6 292 289.5 288.2 288.1 285.4 288.2 293.6 296.1 296.7 292.1 284.2 295.9 303.2 308.7 312.3 314.6
330.9 332.2 333.6 335.4 337.4 338.4 339.3 340.8 342.9 344 345.1 346.5 348 350.1 351.4 353.6 355.9 357.7 357.9 356.9 356.3 356.3 356.3 357.1 355.1 353.1 351.1 350.2 348.8 347.3 345.8 343.6 342.4 340.7 339 337.1 334.6 331.2 327.5 324.1 320.7 317.3 314 310.7 307.6 304.4 301.2 297.7 293.3 288.8 283.7 278.1 272.8 267.2 262.7 259.3 255.9 255.6 267.2 281.5 291.7 293 291.7 288.7 286.6 284.9 279.7 283.1 289.5 291.7 289.8 283.9 288.1 296.9 304 307.5 310.2 311.4
327.6 328.6 330 331.6 333.6 334.7 336.3 337.9 339.2 340.5 341.9 343.4 344.8 346.9 348.9 349.8 350.5 351.2 352.7 352.8 353.1 352.7 353.9 353.4 353.3 351.2 349.2 347.6 346.2 345.4 344.3 342.4 341.3 339.6 337.9 336.3 333.8 331.1 327.5 324.1 320.6 317 313.4 309.8 306.7 303.6 300.5 296.5 292.3 287.9 283 277.4 270.7 265.9 262.1 258.3 255.1 254.7 274.4 294.5 298.1 298.8 293.1 289.1 286.8 285.3 278.4 279.1 283.7 286 283.7 279 290.6 297.4 303.1 305.5 306.9 306.9
323.9 325.3 326.9 328.9 330.9 332.1 333.7 335.4 336.9 338.1 339.2 340.5 341.8 343.1 345.7 346.9 347.7 348 347.8 348.9 349.4 349.7 351.1 351.6 351.5 349.9 348.1 346.1 344.4 343.6 342.8 341.5 339.9 337.9 336.3 334.7 333 330.3 327.3 323.6 319.9 316.2 312.3 309.2 305.9 302.7 299.1 295 290.3 286.3 282.1 275.8 269.6 264.4 260.3 257.4 255 256.9 281.6 297.7 303.8 302 294.9 289.7 286.6 285.6 283.4 274.7 278.1 279.2 273.8 283.1 292.1 297.9 301 302.3 302.4 301.9
