UK/data/nt/nt04_OST50GRID_20230518/NT04.asc
ncols 200
nrows 200
xllcorner 300000
yllcorner 640000
cellsize 50
[rows 0 to 34 of 200, columns 78 to 155 of 200]
310.4 310.6 310 310.3 311.5 312.5 314.7 317 318.2 319.2 321 323.4 325.6 327.8 331 333.9 337 338.5 340.6 342.6 344.2 344.2 346.2 347.7 349.2 349.8 349.1 349.5 349.5 347.7 345.9 344.3 342 340.2 339.1 338.5 337.6 336.7 337.2 339.2 340.9 343 346.2 348.5 349.2 349.3 350.4 351.3 352.9 355.8 359.1 362.8 366.1 369.3 372.1 375.6 378.9 382.3 385.4 388.3 390.9 393.1 394.4 394 389.9 383.4 376.8 370.3 362.3 353.5 344.6 335.2 326.1 319.3 310.6 305.4 301 296.7
312.2 311.7 310.8 310 310.5 311.6 313.5 315.7 316.8 317.9 320.4 322.8 324.7 326 328.5 333 335.1 335.8 338.4 340.8 342.5 342.5 341.9 343.4 345 347.1 348.7 349 348.1 346.2 344.3 343.2 342.2 340 337.8 336.7 335.8 334.9 336 338 339.8 341.2 343.2 345 346 346 347.6 350.3 353.6 357 360.5 365.2 369.2 371.9 375.3 379.3 384 388.2 390.9 394.9 398.2 400.5 401.2 400.1 397 390.9 382.5 373.6 365.8 356.7 348 340.3 332.4 323.5 316.7 309.1 303.8 298.8
313.2 311.7 310.8 310 309.8 310.6 312.5 314.1 315.5 316.8 319.4 321.8 323.2 324.1 325.9 330.3 332.2 333.3 336.1 338 339 339.5 339.6 339.8 342.4 345.7 347.8 347.6 346.2 344.7 343.6 343 342.5 340.8 338.2 335.9 334.3 333.5 334.7 336.9 338.4 339 340.7 342.3 343.7 345.2 348.9 352.4 355.2 358.7 363.3 368 373.4 376.1 379.7 385.2 391.4 394.8 396.6 399.8 403.5 406.4 407.4 405.1 399.7 392 383.2 374.8 367.1 360.4 353 346.2 336.8 327.6 320.3 313.5 307.1 301.6
312.4 311.2 310.4 309.6 309.1 310 311.7 313.4 314.5 315.9 319.1 321.1 321.7 322.7 324 327.1 328.2 329.9 332.7 333.1 334.1 335.5 335.1 337.1 340.2 343.4 345.7 345.6 344.7 343.4 343.5 344.2 343.4 341.9 339.7 336.4 334.2 331.3 332.4 335.1 336.2 336.9 339.5 342.9 345.5 348.2 350.8 353.1 356.2 359.8 365 371.1 376.5 380 385 391 394 394.7 397 402.6 408.6 410.3 407.6 405.1 398.9 391.8 384.5 377.7 372.3 366.4 359.8 352.8 343.6 335.1 325.1 318.7 312.1 306.3
309.9 309.6 309.8 309.1 308.4 309.1 311.9 313.4 313.6 314.7 317.7 319.4 320.2 321.2 322 323.2 324.3 325.6 328.2 328.3 329.1 330.3 329.7 334.7 337.3 340 342.2 342.9 342.8 342.9 342.9 344.4 343.2 342 339.8 337.3 334.3 331.5 330.3 333 334.7 338.8 344.7 347.8 348.2 347.9 349.9 352 354.9 359.4 364.8 372.5 376.4 380.9 385.1 386.3 389.9 396.6 398.6 400.2 405 406.1 404.4 402.2 399 393.2 386.7 380.5 376.3 370.6 363.6 356.2 348.8 340.2 331.5 323.1 316.8 310.2
306.5 306.9 307.5 307.9 307.5 308.4 311.6 313.8 313.5 312.6 314.8 317.2 318 319 319.7 319.4 320.9 320.4 323.2 323.3 325 325.2 325.5 328.6 330.6 334.7 338.5 339.9 340.7 341.2 341.4 342.9 342.2 341.5 339.2 336.7 333.1 330.1 326.2 329.1 333.7 339.5 344.7 348.3 348 347 347.3 349.6 352 355.4 360.1 366 370.9 377 379.9 382.5 386.7 392.3 394.7 396.9 397.5 399.7 400.7 399.7 398 394.9 389.5 384.1 378.7 374.1 367.7 360.3 352.7 344.1 334.7 326.5 319.6 312.9
304.9 304.9 304.9 305 305.1 307.3 310.5 312.3 312.7 311.8 312.5 314.8 316 315.8 316.2 316.3 316.9 316.2 318 319.3 320.7 320.8 320.3 322.8 325.9 329.6 334.3 336.3 338.2 339 339.7 340.2 340.2 339.8 337.8 335 330.2 326.8 321.3 327.5 333.1 338.6 343.4 346.2 345.9 344.8 345.2 347 350.1 353.2 356.2 360.8 366.9 371.8 374 375.4 379.2 382.7 388.2 392.9 394.7 395.5 397.4 397.7 396.7 395.1 392.6 390.1 384.7 377.7 370.2 361.5 352.8 344 336.3 328.8 321.9 316.3
303.6 303 302.8 302.9 303.5 306.2 308.6 310.4 311.7 311.5 311 312.6 313.1 312.3 312.6 313.7 313.2 313.5 314.7 316.5 317.2 316.8 316.8 319 322.4 325.7 329.5 332.3 334.7 336.3 337.3 336.5 336.9 336.1 334.5 331 326.4 322.9 323 328.1 333 336.2 339.5 341.4 341.3 341.6 343.1 345.8 348.5 350.9 352 356.1 362.4 366.3 366.9 369 372.8 376.4 380.4 386.7 390.8 392.5 395 395.9 395.2 393.4 392.8 392.9 387.3 378.4 369.3 360.5 352.1 343.8 336 328.1 321.7 316
301.9 301.3 301.1 301.3 301.7 304.4 306.7 308.3 309.4 309.6 310.7 311.1 309.7 309.1 309.5 310.1 310.4 309.9 311.2 314.4 314.7 313.9 313.9 316.1 319.1 322.4 324.8 327.8 330.3 332.8 333.7 332.1 332 331.6 329.9 325.5 322.5 318.5 320.7 327 330.5 333 334.7 336.9 336.2 337.4 339.1 341.7 345.5 347.7 347.8 350.6 355 358.3 360.8 364.4 368 372.1 376.1 380.5 385.2 390.6 397.7 396.7 392.6 389.6 387.9 387 384 374.8 366.5 357.8 349.4 341.3 333.7 326.1 320 313.9
300.1 300.3 299.7 299.5 299.7 301.8 303.7 304.9 305.9 307 309.4 312.7 309.3 306.9 306.5 306.9 306.6 308.4 308.6 311.1 312.1 311.9 312 313.2 316.7 319 321.1 323.6 326.4 327.6 327.8 327.5 326.7 326.3 325.1 321.2 318.6 313.7 319.3 324.2 326.5 329 330.6 331.6 333.2 334.5 335.9 337.1 339.4 341.6 344.1 347 350.1 353.6 357.7 362.2 366.7 370.4 374 376.9 380.6 386 393.2 393 389.2 385.9 382.7 380.5 376.8 370.1 362 353.6 344.9 336.2 328.8 321.9 314.8 308.8
297.7 298 298.3 298.2 297.7 298.8 300.7 301.4 302.3 303.5 305.5 308.2 309.8 305.5 303.7 303.5 304.3 305 305.9 308.3 309.6 309.7 310.4 311.5 314.4 316.3 318.1 320.2 321.8 321.9 321.7 321.7 321.8 321.1 320.5 317.6 314.7 310.8 313.3 319.6 322.5 323.6 326 328.1 330 332.2 333.3 334.7 336.3 338.5 339.9 343.4 347.2 352.1 357.5 362.3 366.2 369.9 372.2 375.1 378.2 381.6 387.1 389.3 386 382.5 378.3 374.4 370.9 363.8 356.1 347.3 338.5 330.3 322.5 315.8 309.3 303.4
294.5 294.5 294.5 295.7 295.2 295.9 297.5 298.1 298.6 300.2 302.5 303.1 305 304.7 302.7 301.7 300.8 299.4 300.7 303.9 305.7 306.8 309 310.3 313.1 314.4 315.2 317.2 318.9 318.8 318.5 317.6 316.9 316.7 316.3 313.7 311.4 310.3 307.4 314.6 317.3 320.3 324.4 324 325.9 329 331.3 332.2 333.7 336.5 338.9 342.5 347.5 352.8 358.6 361.8 364.7 368.9 371.9 374.9 378.2 380 382.1 385.2 383.1 378.6 374.3 369.4 363.9 356.5 349.2 340.2 331.2 323.8 316.3 309.7 303.6 297.1
290.1 289.3 290.4 291.9 292.1 292.9 294.7 295.8 295.4 297.3 299.9 300.4 301.6 302.4 300.6 299 297.9 296.9 296.8 298.8 301.9 305.1 306.9 308.4 309.2 310.3 311.7 313.9 315.1 315 314.1 311.7 312.4 312.3 312 309.7 308.2 307.7 308.5 313.8 315.3 315.1 317.5 319.6 322.7 326.5 328.3 329.6 331.3 335.1 338.7 343.7 349.5 355.6 359.4 362.5 365.5 369.9 373.8 377 379.7 381.9 382 381.2 381.3 376 369.1 362.3 356.6 350 342.7 334.3 324.9 316 307.6 301.2 293.9 286.3
285.6 285 287 288.8 288.7 289.8 291.7 293.4 292.4 292.7 295.4 296.8 297.3 297.8 296.3 294.5 294.3 293.3 294.1 296.6 300.9 303.2 304.9 304.8 305.7 307.7 308 309.6 309.9 310.3 308.6 307.7 307.9 307.2 306.2 305.1 305.2 302.2 309 310.8 311.3 312.3 313.8 315.9 319.2 323.1 325.4 327 330.7 336.4 340.7 345.7 351.2 355.8 360 363.6 367.7 372.1 377.1 381.4 384.1 384.8 382.8 379.4 376.9 372.6 364.6 356.4 350.1 342.3 336.2 326 314.3 304.7 297.3 290.1 284.1 278.4
280.6 280.2 282.7 284.6 285.1 285.1 287.7 289.7 290 289.1 290.7 292.1 291.9 291.7 291.1 291.6 291.6 291.3 294 297.1 298.9 300 301.3 301.9 303.4 304.9 305.3 305.2 305.7 305.3 304.8 305.5 305.2 305 304.1 303.3 302.9 301.7 306.8 308.1 310.2 312.3 313.5 314.3 316.2 318.3 321.9 325.4 332.1 338.3 342.3 346.9 350.9 353.8 358.6 363.4 368.8 374.2 380.5 385.1 386.8 385 381.2 376.8 371.2 367.6 357 348.4 339.9 332.6 323 312.3 304.8 296.9 289.8 284 278.6 273.5
276.7 276.9 277.9 279.7 280.5 281.1 281.8 284.6 285.3 285.8 285 287 287.2 287.2 286.4 287.7 290.5 293.8 297 298.6 297.6 297.9 299.2 300.2 300.2 301.5 302.5 302.7 301.6 302 302.3 302.7 303 301.5 301.3 299.9 296.5 304.5 305 307.7 310.3 312.5 313.3 314 313.4 315.2 318 324.8 331.1 336.1 340.2 344.7 348.6 352 356.3 362.4 368.7 376 382.4 386.7 387.7 384.1 378.3 371.6 364.5 356.3 346.9 338.3 330.3 322 314.6 306.1 297.8 290.9 284.1 278.1 273 269.4
271.7 273.1 274.3 276 275 276 278.3 278.4 279.2 280.4 280.9 281.6 284.4 285.1 285.7 289.6 293.9 297.4 297.5 297.5 297.6 297.5 297.2 297 297 297.8 298.9 299.8 296.7 298.6 299.6 299.7 298.4 296.8 296.5 291.4 299.9 301.5 303.1 305.6 308.2 310.6 313 314.4 312.8 310.2 316.6 323.9 329.6 335 339.5 342.5 346.1 349.5 354.3 361.7 369.5 377.1 385.1 387.5 384.9 380 373.5 364.2 356.7 349.1 341.9 334.7 326.3 316.9 309.5 300.1 292.3 285 278.4 273.1 268.1 265.1
268.4 268.9 271.3 271.8 271.6 271.4 272.6 274 275.8 275.8 276.2 276.4 279.9 284.6 288.3 292 295.1 297.7 297.3 297.5 297.6 298.2 297.6 297.3 296.1 294.3 292 292.3 291 294.1 296.1 295.3 293.9 292.3 291.6 288.4 296.4 297.4 300.4 302.4 306.2 309.1 311.6 313 310.5 307.8 315.6 322.8 328.2 332.3 335.5 339.9 342.7 346.2 351.4 360.2 369.9 379.6 387 387.3 383.3 378.2 370.4 362.1 355.3 349.9 344.2 335.4 324.4 313.1 300.7 294.8 286 278.1 272.3 267.2 263.3 260.2
265.4 265 266.5 268.3 268 267.1 268.4 269.5 271.2 272.6 272.3 276.3 281.4 285.3 288.5 291.6 295.4 296.2 296.1 297.2 296.8 297 298.1 297 296.5 295 292.3 288.4 286.6 291.7 290.8 290.2 288.8 288.1 287.4 289.3 292.6 294.5 297 300.1 304 307 309.7 309.3 305.7 307.5 315.1 320.6 323.2 327.8 332.3 337.3 340.9 344 349.7 359 369.6 378.5 384.4 388 386 379.2 371.6 365.8 360.9 355.4 348.4 336.5 322.5 309.3 298.4 288.3 278.6 271.9 266.4 262.2 258.7 255.5
261 262.3 262.8 262.4 263.8 263.3 263.9 265.2 266.7 266.6 271 275.2 280 284.2 287.6 290.1 293.4 293.5 295 295.1 294.9 296.1 294.7 293.1 292 291.4 291 286.4 282.1 284 284.6 285.5 284.9 285 283.7 287.7 288.4 290.9 294.5 297.9 301.5 304.9 306.6 304.4 301.1 307.3 312.2 316.2 318.7 322.8 329.8 335.3 339 342 349.4 359.3 368.1 373.8 380.7 391 388.1 382.2 380.1 379.9 378.1 373.3 364.4 342.3 316.5 301.5 289.9 280 272.2 267.2 262.3 258.1 254.9 252.2
257.5 256.8 258.9 259.6 260 259.5 260.5 262 262.2 263.6 267.5 271.9 277.1 280.7 284.7 287.6 290 292.2 292.1 290.6 289.6 289.6 288.7 287.9 288.8 289.4 288.5 286.4 280 278.3 279.3 280.2 281.3 281.6 279.6 284.1 285.4 288.7 292.7 296 299.1 301.9 302.4 299.4 298.9 303.4 308.3 313 315.7 319.1 325.4 331.1 334.2 340.2 349.5 358.4 364.4 369.9 379.7 381.8 383 384.7 390.5 391.6 398.4 382.8 358.4 330.2 307.1 291.9 283.3 274.4 267.7 263 259.3 255.9 253.1 250.7
254.2 254.6 255 256.1 256.5 256.5 258.1 258.4 258.7 261.1 263 267.3 274.6 277.7 281.1 285.2 286.9 286.2 287.1 287 286.1 285 285 285.6 286.2 286.8 284.4 282.7 279.5 275.7 274.5 274.9 276 277.7 275.3 280.8 283.6 286.8 290.2 293.5 296.6 299.9 299 295.5 295.9 298.5 302.4 306.2 307 312.9 318.2 324.8 330.2 339.8 345.6 350.7 353.9 359.7 372.6 375.1 378 382.2 389 394.2 388.7 360.7 340 314.3 296.6 284.4 276.3 268.6 264 259.8 256.9 254.8 252.4 249.7
250.5 251.8 252 252.9 251.1 252.3 253.9 256 256.7 258.3 259.7 263 269.1 275.6 278.1 279.3 282 281.7 282.4 281.8 282.1 282 281.6 282.6 284.6 284.8 284.2 282.1 277.2 274.2 272.7 273.4 273.3 273.3 265.8 275.9 279.8 283.2 286.7 289.8 293.2 296.1 295.1 293.1 293.5 294.4 295.9 299.3 300.5 303.3 310.5 316.7 323.9 330.7 337.5 338.1 343.4 344.5 364 370.2 371.3 375 383.5 378.3 360.9 337 319.3 299.2 285.8 276.8 269.8 264.1 260.3 257.3 254.6 252.7 250.5 248.5
247.6 249 248.3 247.6 249.6 252 251.8 253.5 254.1 255.9 258 261.3 265.2 270.6 275.9 275.5 276.6 277.9 278.5 277.9 278.1 279 278.7 278.3 280.2 282.3 281.7 280.8 276.3 273.9 271.2 269.7 269.6 269.7 266.6 273.1 276.9 279.7 282.7 285.7 289 291.9 291.7 291.5 291.1 291.4 290.3 292.4 294.4 294.4 301.1 305.1 312.3 318.4 323.3 325.9 328 332.4 342.9 359.3 367 367 371.8 361.4 334.5 315.5 302.7 288.1 277.7 269.6 264.2 261.5 257.5 254.8 252.5 250.4 248.2 247.3
244.9 245.7 245.4 248.1 248.8 253 252.5 252.5 253.2 254 255.2 259.2 260.7 264.4 268.2 271.8 274.3 274.8 275.6 276.4 275.9 275.5 275.2 274.9 275.8 278.3 279.6 277.2 272.1 274.2 275.4 271.1 265.7 259.6 267.7 270.5 274.3 277.8 280 282.7 285.8 288.1 288.9 292 294.5 294.2 291 285.7 286.7 286.2 290.6 294.5 299.3 307 310 316 318.4 325.7 323 352.6 365.9 362.8 348.6 331.5 312.9 299.2 287.7 278.4 270.3 262.4 256.9 255.1 254.6 251.9 249.9 247.8 245.5 244.2
243.3 243.7 244.5 245.6 247.5 249.9 253.3 253 254 255 255.6 256.3 258.7 262.7 264.5 265.4 270.6 273.1 273.6 273.8 273.3 273.3 273.4 273.4 274.6 276.2 275.8 272.1 268 267.8 268.3 265.7 264.3 258 264.4 266.4 270.2 274.5 277.5 280.1 283.1 283.8 286.5 290.2 294.4 296.5 292.4 286.2 281 282.4 283.5 284.8 288.4 290.3 293 297.3 301.5 307.9 308.6 323.1 337.6 339.2 322.7 307.2 293.2 284.6 276.3 268.7 262 256.2 250.4 250.4 249.7 247.7 247.9 246.1 244.4 241.4
242.5 243.3 243.7 244.5 246.6 247.8 251.2 253.3 254.6 256.1 256.7 257.2 258 259.7 263.6 266.3 266.8 268.9 268.6 269.9 270.8 270.9 271.6 271.5 272.1 271.3 271.4 268.3 265.4 262.9 261.9 260.3 259.3 255.1 260.3 262.6 266.4 270.9 274 276.9 279.1 280 283.3 285.6 289.2 291.1 290 287.4 282.2 277.3 278.9 279.7 280.8 282.1 282.8 283.5 283.3 284.8 290.1 288.9 298.4 299.8 295.6 286.6 277.9 272.4 265.1 261.2 256.1 252.1 246.9 243.4 244.9 243.3 242.5 241.8 240.8 239.3
242.2 243.1 243.4 244.1 245.4 247.4 250.5 252.4 254 256.2 257.5 257.3 258 260.8 262.5 266.7 267.7 269.1 270.1 270.6 270 269.9 269.1 267.5 267 266.7 266.1 263.3 260 258.7 257.6 255.2 253 251.1 255.8 260.4 264.5 267.2 269.8 271.9 273 275.3 278.8 281.1 283.2 285.3 287 285.6 283.1 278.1 273.1 275.1 275.6 275.8 275 275.2 274.7 274.3 275.5 274.4 275.4 276.2 274.4 270.4 265.2 261.1 257 253.8 249.1 247.7 245.9 241.3 241.2 241.3 238.3 236.2 235.2 233.8
242.6 242.8 243.2 243.6 245.3 247.4 250.1 252.2 252.5 253.6 255.8 257.9 262.5 264.2 265 268.3 270 270.4 271.6 272.2 272.2 272.3 271 270 268.2 267 263.4 262.1 264 263.4 259.5 256.7 253.5 248.3 251.5 257.8 261.7 263.9 266 265.6 266.4 269.2 272.5 275.7 278.2 280.2 281.7 280.7 280 277.9 273.2 269.2 270.3 270.6 269.9 268.5 267.9 267.2 267.4 267.8 267.9 267.3 264 260.4 257.5 254.3 250.9 247.6 244.9 243.2 242.3 238.8 236.6 236.2 233.6 230.6 230.1 230.4
243.2 243.1 243.3 243.3 245 246.9 248.6 250.3 252.2 254.7 257.6 261.2 266.7 267 269.6 270.3 270.8 272 273.5 273.8 274.1 274.5 273.9 273.1 272.1 269.8 269.5 269 268.9 268.9 264.5 257.1 251.8 247.8 246.6 251.2 257.2 260.7 262.3 262.1 262.6 264 266.2 268.8 271 273.3 274.6 274.9 273.8 272.5 271.6 269.7 266.4 266.1 265.5 264.3 263.1 261.5 261.3 261.1 260.5 259.7 258.4 256.1 253 249.9 246.9 243.3 240.2 238.2 235.4 232.7 230.1 230 229.7 230 230.1 230.3
243.6 243.5 243.3 243.2 244.4 246.1 248.1 250.6 252.9 255.6 258.4 261.5 267.4 269.5 272.2 274.2 274.6 275.1 275 275.4 276.1 276.6 276.6 276.3 275 272.6 271.7 270.1 268.9 268.5 265.8 261 254.1 248.2 243.7 244.4 250.7 254.9 257.9 257.8 258.4 260.6 261 262 264.5 266.6 267.9 268.1 268.6 267.4 265.8 266.1 264.6 264.4 262.1 260.5 258.6 255.7 255.1 254.7 254.7 254 252.9 250.6 248.8 245.9 242.6 238.7 234.9 232.5 229.6 229.1 229.3 229.6 230.2 232.1 235.1 238.1
243.3 242.9 243 243.2 244.4 246 248 250.1 253.6 256.8 259.5 262.3 267.6 271.9 274.3 275.9 277.5 277.8 277.8 278 278.9 279.3 278.8 278 276.2 274.9 274.2 274 271.3 267.3 264.2 260 255.3 248.4 244 241.9 242.5 246.7 251 252.2 253.4 255.3 254.8 256.9 258.6 260.8 261.8 261.6 261.8 261.6 261.3 261 260.3 258.6 258.3 256.4 254.1 251.9 250.4 249.9 249.6 248.8 248.1 246.2 244.2 241 237.7 234.2 230.1 228.5 228.9 230.2 230.1 231.9 235.2 238.3 241.2 244.5
243.1 242.7 242.9 243.4 244.9 246.3 248.3 250.7 253.8 257.3 260.5 263.3 267.6 273.7 276.4 278.2 279.7 280 280.3 282.9 284.3 283.3 282 280.5 279 277.8 275.7 273.6 272.8 268.9 265.1 262.9 255.1 250 245 241.2 238.2 241 244.3 244.7 248.3 250.7 250.5 252.4 253.8 254.4 255 255.6 256 256 256.2 256.2 254.7 252.1 253.2 251.2 249.8 248.6 247.2 246.6 245.9 244.8 243.9 242.2 240.5 237 232.7 231.7 230.8 228.2 230.7 233.3 234.2 236.3 239.9 242.7 246.1 251.2
243.1 242.9 243.1 243.6 244.9 246.6 249.3 252.2 255.1 258.8 262 264.6 268.5 275 279.1 280 281.8 282.5 283.6 285.9 287.2 286.8 285 283.4 281.6 280.1 278.1 274.4 271.3 270.4 268.2 265.5 258.6 252.8 247 243.1 239.3 236.3 239.9 242 245.1 246.1 247.1 248.4 248.1 249 249.2 249.7 251 250.8 250.9 250.9 249.5 246.7 248.5 248.4 246.2 245.2 244.3 243.7 243.5 242.5 240.4 238.7 237 234.7 234 233.8 229.3 229.6 231.9 234.4 235.2 237.7 241.2 244.7 249.8 252.7
243.4 243.2 243.4 243.7 244.6 247 249.3 252.3 256.2 260.1 263.6 266.5 270 274.9 279.2 283.8 284.2 284.5 287.7 289.7 289.8 289 287.4 285.6 283.4 282.1 281 276 271.9 269 268.2 265.4 261.9 257.4 248.3 240.5 238.2 232.8 237.4 240.2 241.3 241.7 242.9 243.7 242.9 243 243.1 243.5 244.6 244.7 245.6 246 246.5 242.2 245.6 247.8 246.6 242.3 241.6 240.8 240.8 239.5 237.6 235.6 234.9 234.3 233 230 226.7 230 230.7 233.7 236 237.8 240.1 243.3 248 246.8
