UK/data/nm/nm72_OST50GRID_20230518/NM72.asc
ncols 200
nrows 200
xllcorner 170000
yllcorner 720000
cellsize 50
[rows 0 to 36 of 200, columns 0 to 83 of 200]
-1.1 -1.1 -1.1 -1.1 -1.1 -1.1 -1.1 -1.1 -1.1 -1.1 -1.1 -1.1 -1.1 -1.1 -1.1 -1.1 -1.1 -1.1 -1.1 -1.1 -1.1 -1.1 2.1 6.3 12.4 22.7 32.5 46.8 63.5 76.7 82.2 91.2 104.2 110.3 114.4 127.7 130.1 132.6 136.7 138.3 139.5 141.2 146.3 148.9 153 147.2 131.7 130 132.3 141.8 157.6 167.8 176.4 171.8 155.1 152.6 150.5 141.9 121.5 113.4 101.1 96.5 89.4 83.5 79.9 85 85.1 85.4 79.5 70.5 61.9 54.1 46.3 41.4 39 36.6 32.9 31.4 30.6 25.9 22.4 23 23.7 25.8
-1.1 -1.1 -1.1 -1.1 -1.1 -1.1 -1.1 -1.1 -1.1 -1.1 -1.1 -1.1 -1.1 -1.1 -1.1 -1.1 -1.1 -1.1 -1.1 -1.1 -1.1 2.2 5.1 10.3 29.4 41.1 56.6 74.5 93.9 98.6 104.4 115.8 119.2 123.6 121.6 124 133.3 138.3 144.8 148.9 147.2 149.7 150.8 153.9 157.3 146.8 133.1 131.8 134.1 141.1 167.2 173.5 176.7 172.7 155.3 148.4 147 135.1 120.6 110.4 100.9 98 88.8 86.2 91.1 96.4 86.3 84.2 72.8 65.3 54.4 48.7 46 43.6 40.2 37.6 33.9 32.6 33.4 27.4 22.7 23.3 24.2 26.3
-1.1 -1.1 -1.1 -1.1 -1.1 -1.1 -1.1 -1.1 -1.1 -1.1 -1.1 -1.1 -1.1 -1.1 1.4 -1.1 -1.1 -1.1 -1.1 -1.1 -1.1 4.7 8.5 24.4 44.9 56 71.5 85.9 101.6 110.6 117.3 127.5 129 136 141.2 137.9 137.6 139.2 148.2 160.4 156.6 153.7 157.6 160.3 159.2 148.3 137.9 136.4 137.1 143.2 169 178.8 174.6 164.5 150.6 147.4 137.4 126.3 117.8 109.1 106.1 96.7 95.1 96 106.7 93.8 84.7 78 66.5 60.2 49.3 48.7 46.2 46.8 44 42.9 37.1 33.4 32.9 25 23.5 23.6 24.5 27
-1.1 -1.1 -1.1 -1.1 -1.1 -1.1 -1.1 -1.1 -1.1 -1.1 -1.1 -1.1 -1.1 -1.1 -1.1 -1.1 -1.1 -1.1 1.5 2.6 4.3 9.1 17.5 48.2 57.9 66.8 80.3 94.7 104 116.2 124.1 132.9 138.9 139 153.2 155.8 160.6 161.6 158.3 152.6 151.7 152.2 161.1 164.8 162.8 145.9 140.7 141.5 142.8 146.1 169.4 179.5 175 153.6 139.2 140.2 130 122.2 112.8 109 106.1 104.3 108.6 108.5 101.7 87.9 79.7 69.1 67 56 49.9 47.5 48.5 48.8 46.5 41.7 37.8 35.9 27.8 24.7 24.1 24.7 25.1 26.9
-1.1 -1.1 -1.1 -1.1 -1.1 -1.1 -1.1 -1.1 -1.1 -1.1 -1.1 -1.1 -1.1 -1.1 -1.1 4.6 3 2.3 3.6 7.1 9.3 18.4 35.5 54.3 65 79.5 86.9 100.6 109.9 115.2 130.9 140.5 143.4 149.8 157.5 168.7 175.7 184.3 187.7 172.3 154.1 152.7 153.2 162.4 162.5 146.6 143.4 144.5 147.3 151 171.5 178.1 170.1 147.6 135.1 132.4 129.7 118.3 113.6 111.4 109.6 116.7 113.8 105.7 96.1 80 70.8 64.6 65.1 51.5 48 46.4 49.2 48.5 46.4 42.8 39.3 35.3 26.2 26.4 26.2 26.6 26 25
-1.1 -1.1 -1.1 -1.1 -1.1 -1.1 -1.1 -1.1 -1.1 -1.1 -1.1 -1.1 -1.1 -1.1 -1.1 7.4 8.1 7.5 5.2 8.6 18.6 29 52.5 64.7 75.4 87.6 97.5 102.2 114 119 131.6 145.6 146.3 154.2 169.4 181.6 187.7 193 198.6 188.9 173.5 157 161.9 167 160.6 152.2 150.3 150 149.4 150.6 159.4 168.9 155.3 136.9 135.7 126.3 123.4 117.8 115.5 113.8 119.8 116.3 113.8 100.2 88.1 81.6 76.7 66.3 54.5 51.7 48.1 46 48.1 47.1 48.5 44.3 39.5 34.5 28.4 28.1 27.8 26.5 24.7 23.8
-1.1 -1.1 -1.1 -1.1 -1.1 -1.1 -1.1 -1.1 -1.1 -1.1 -1.1 -1.1 -1.1 -1.1 -1.1 5.4 8.2 8.6 6.8 10.4 24 50.5 73.8 82.1 85.1 92 103.4 107.2 115 120.4 132.6 142.7 151.2 164.2 177.8 191.2 197.8 205.7 209.4 201 182 176.3 170.4 172 172.1 164.9 156.1 151.8 153.5 151.2 152.8 152.5 141.1 130.7 130.5 120.6 113 112.3 111.7 123 117.4 115.1 103.9 94.8 84.3 84.9 81 61.5 52.1 47.7 46.3 46.6 47.3 55.9 58.5 47.9 38.5 32.3 30.4 30.1 29.7 25 16.5 8.2
-1.1 -1.1 -1.1 -1.1 -1.1 -1.1 -1.1 -1.1 -1.1 -1.1 -1.1 -1.1 -1.1 -1.1 -1.1 2.7 7 11.5 10.5 18.2 31.6 51.6 74.9 90.6 94.6 96.6 103.1 110.3 118.4 122.4 135.6 141.5 154.9 176 191.3 196.7 205.6 211.5 211.4 198.9 188.3 187.5 184.5 181.9 174.9 181.1 172 173.7 159.3 157.5 156.8 149.2 134.7 125.2 120.8 114 100.8 100.9 110.5 123 113.2 110.1 99.6 93.1 84.3 86.1 76.1 64 50.4 46.3 45.6 45.9 52 55.6 59.4 43 38.9 33.8 31.7 31.4 34.4 27.6 18 4.7
-1.1 -1.1 -1.1 -1.1 -1.1 -1.1 -1.1 -1.1 -1.1 -1.1 -1.1 -1.1 -1.1 -1.1 -1.1 2.1 14.4 17.6 18 25.6 33.2 48.1 69.3 82.3 92.1 99.5 105.7 112.5 118.1 126.9 136.3 144.8 164.8 183.1 194.7 207.6 212.5 215.8 208.6 198.4 196.2 197 194.2 193.1 186.2 186.6 177.8 178.5 178.1 173 158.3 155.5 145.2 124.3 100.3 104.6 91.9 90.3 111.7 111.8 109.8 101.6 100.1 90.9 83.3 83.5 79.6 63.6 52 51.5 47.7 44.2 51.3 53.9 52.2 44.1 41.3 33.5 32.3 32.6 37.4 35.6 20.9 8
-1.1 -1.1 -1.1 -1.1 -1.1 -1.1 -1.1 -1.1 -1.1 -1.1 -1.1 -1.1 -1.1 -1.1 -1.1 1.9 13.8 19.4 23.8 28.6 36.8 51.7 65.2 78.8 89 100 108.6 118.5 120.6 130.3 140.4 151.7 168.1 188 201 211.5 217.4 217 202.9 200.7 198.9 202.6 200.8 197.2 193.8 190.4 185.8 186.2 186.5 177.7 163.6 156.1 134.7 123.6 124.7 101.3 83.6 85.5 98.6 99.1 100.5 97.4 93.9 85 81.9 85.9 77.1 60.2 54.2 56.7 54.5 43.2 45.3 50.8 49.1 43.4 42.5 32.3 31 31.4 40.1 35.9 22.6 6.9
-1.1 -1.1 -1.1 -1.1 -1.1 -1.1 -1.1 -1.1 -1.1 -1.1 -1.1 -1.1 -1.1 -1.1 -1.1 -1.1 8.3 19.1 22.5 32.2 38.6 52.8 76.5 85.1 94.3 101.7 109.4 119.7 125.2 133.1 142 153.4 168.1 187.6 205.5 214.3 210.2 203.2 202.7 203.2 205.6 208.9 209.6 205.3 204.1 200.1 190.1 186.7 185.1 178.7 167.5 152.8 148.8 148.5 147.6 125.8 104.3 83.4 75.2 74.6 83.5 90.9 89 79.9 80.5 81.9 68.5 63.6 57 61.1 48.6 42.7 41.2 47.6 47.2 41.3 34 30.2 29.8 30.9 35.3 36 25 -1.1
-1.1 -1.1 -1.1 -1.1 -1.1 -1.1 -1.1 -1.1 -1.1 -1.1 -1.1 -1.1 -1.1 -1.1 -1.1 -1.1 3.6 9.3 24.6 37.2 47.1 51.9 69.2 89.5 102.6 103.4 109.2 120.2 128.9 133 147.7 156.6 166.1 191.7 204.8 201.7 201.6 204.3 202.3 205.9 212.2 212.1 214.3 206.9 205.1 202.3 197.8 187.4 191.9 180.9 169.1 164.6 160.3 160.3 155.1 138.5 124.2 106.5 94.7 80.2 66.2 65.2 62 68.2 74.5 69.6 57.9 57.3 60.4 58.7 51.1 34 37 40.1 44.1 37.9 30.7 29.2 29 31.4 31.8 35.8 25.7 -1.1
-1.1 -1.1 -1.1 -1.1 -1.1 -1.1 -1.1 -1.1 -1.1 -1.1 -1.1 -1.1 -1.1 -1.1 -1.1 -1.1 1.4 6.4 22.5 39.9 50 54.4 62.1 82.6 100 110.4 114.4 122.7 128.4 135.6 147.3 156.2 162.9 180.8 193.5 199.6 199.9 201.2 206.3 208.3 218.1 215.1 213.2 208.3 205.7 203.6 199.5 197.9 190.5 184.1 177.5 174.1 179.2 170.7 158.7 143.6 133 120.8 103.9 90.4 77.4 69.8 55 57.2 45.3 40.9 42.8 45.3 57 47.1 38 30.3 29 29.1 34.3 34.7 30.3 26.3 26.6 29.9 31.5 28.1 25.9 -1.1
-1.1 -1.1 -1.1 -1.1 -1.1 -1.1 -1.1 -1.1 -1.1 -1.1 -1.1 -1.1 -1.1 -1.1 -1.1 -1.1 -1.1 4.7 17 34.4 47.1 51.9 62.9 77.1 94.1 110.1 120.6 126.5 126.7 133.5 142.8 148 159.1 179.6 188.8 189.4 192.5 197.9 204.9 217.1 220.7 221.7 220.6 211.6 210 209.6 211 202.9 196.1 190.7 183.7 189.2 184 171.6 159 152 136.1 128 103.6 89.1 80 74.9 68.9 62.5 54.5 46.1 38.5 28.6 38 38 32.7 27.4 26.5 26.2 24.3 25.6 25 22.7 22.3 24.1 22.6 23.2 8.8 -1.1
-1.1 -1.1 -1.1 -1.1 -1.1 -1.1 -1.1 -1.1 -1.1 -1.1 -1.1 -1.1 -1.1 -1.1 -1.1 -1.1 -1.1 6.1 17 37.6 51 56.8 67.6 73 92.1 104.1 118.1 125.1 125.7 127.2 132.8 141.4 156.1 170.8 169 172.7 183.5 194.7 210.6 221.4 224 228.4 223.5 214.3 212.3 213.7 216.9 208 198 192.6 192.3 189.6 179.5 169.9 168.4 155.5 141.2 125.6 99.6 90.2 80.2 79.6 71.3 67.4 64.7 58.6 43.6 38 26.7 30.2 29 21 19.8 17.3 18.5 20.5 18.5 10.2 7.2 7.4 13.8 20.3 -1.1 -1.1
-1.1 -1.1 -1.1 -1.1 -1.1 -1.1 -1.1 -1.1 -1.1 -1.1 -1.1 -1.1 -1.1 -1.1 -1.1 -1.1 4.4 9.3 19.2 35.2 54.3 64.8 75.3 78.5 87.8 99.7 111.2 124 124.7 123 125.3 132.4 147.7 150.9 159.1 164.7 181.5 201 208.7 226.5 228.4 227.7 229.4 221.5 218.5 221.3 215.6 208.1 201 199.2 195.3 189.4 181.4 177.2 167.3 157.9 141.4 121.3 101.2 92.4 77.7 76.1 73.2 67.8 70.1 68.5 57.4 53 37.3 23.2 25.4 20.2 23.8 20.9 14.8 11.1 7.7 6 4.5 2.5 4.5 6.9 -1.1 -1.1
-1.1 -1.1 -1.1 -1.1 -1.1 -1.1 -1.1 -1.1 -1.1 -1.1 -1.1 -1.1 -1.1 -1.1 2.5 2.8 8.4 14.7 23.6 40 55.8 67.5 76.4 80.5 89.2 101.9 109.9 122.2 120.5 116 115.9 120.5 133.6 142.5 149.7 166.5 186.1 199.7 226.9 230.2 227.1 228.8 236 233.3 230.8 230.7 217 209.5 205.5 209.7 199.1 189.8 185.3 177.2 164.1 153.4 137.4 113.8 98.2 90.7 86.6 80.6 74 68 71.9 74.8 61.4 54.4 46.8 30.2 20.8 22.2 23.8 19.9 9.2 9.1 5.1 1.9 0.7 -1.1 -1.1 -1.1 -1.1 -1.1
-1.1 -1.1 -1.1 -1.1 -1.1 -1.1 -1.1 -1.1 -1.1 -1.1 -1.1 -1.1 -1.1 -1.1 6.1 6 9.7 26.1 37.3 44.1 66.3 71.1 74.5 90.2 94.2 105.2 112.1 118.6 112.5 106.6 106.9 118.2 130.2 134.2 147.9 174.5 201.2 213.5 224.9 224.8 225.7 229.2 241.1 240.5 237.2 227.6 217.8 214.3 220 210.2 201.6 191 184.9 170 160.5 150.4 132.8 112.5 98.9 92.8 87.2 81.2 74.3 71.5 71.4 75.2 64.8 59.4 55.2 42.1 28.9 26 23.4 18.4 10.3 6.3 2.8 0.9 -1.1 -1.1 -1.1 -1.1 -1.1 -1.1
-1.1 -1.1 -1.1 -1.1 -1.1 -1.1 -1.1 -1.1 -1.1 -1.1 -1.1 -1.1 -1.1 -1.1 3.2 4.4 8.9 25.2 49.3 61.5 68.7 74.4 74.4 85.3 98.1 106.7 112.8 115.5 106.7 101.2 103.5 116 125.7 132.6 150 183.3 200.3 207 218 224 225.1 231.9 243.2 238.6 234.1 224.9 219.5 225.1 223.1 206.8 195.7 191.1 176.1 162.3 155.9 147.2 122.3 110.3 100 94.8 89.7 80.9 73.9 72.4 72.3 70.8 69.7 62.4 58.9 44.5 39 37.8 30.2 19.8 10.4 6.1 1.5 0 -1.1 -1.1 -1.1 -1.1 -1.1 -1.1
-1.1 -1.1 -1.1 -1.1 -1.1 -1.1 -1.1 -1.1 -1.1 -1.1 -1.1 -1.1 -1.1 -1.1 -1.1 3.2 9.5 29 50.4 69.6 73.1 71.3 75.8 81.9 97 108.9 115.6 110.9 102.6 99.6 101.9 110.4 122.2 135.9 153.7 176.7 189.9 205.6 214.8 224.9 226 232.7 237.8 236.8 233.3 226.8 228.8 225.1 216.2 201.6 189 178.8 166.5 157 150.7 134.1 123.7 112.7 97.4 91.9 86.8 77.6 73.7 70.1 67.8 64.4 65.7 66.6 60.4 48.1 47.4 46.6 47.9 36.6 19.2 6.7 1.4 -1.1 -1.1 -1.1 -1.1 -1.1 -1.1 -1.1
-1.1 -1.1 -1.1 -1.1 -1.1 -1.1 -1.1 -1.1 -1.1 -1.1 -1.1 -1.1 -1.1 -1.1 -1.1 3.8 12.6 39.8 62.5 76 78.5 77.5 79.7 83.2 96.9 102.3 106.6 104.5 99.3 100.9 105.2 111.4 124.4 145.4 159.7 169.5 184 200.9 211.1 221.3 227.5 233.4 235.4 238.1 235.3 229.8 226.1 216.5 208 198.4 177.8 167.2 157 151.8 141.9 133.6 119.4 111.1 99 88.6 81.5 76.9 75.4 68 64.6 60.8 61.5 63.7 57.1 51.9 52 51.6 55.9 52.2 32.1 18.3 7 -1.1 -1.1 -1.1 -1.1 -1.1 -1.1 -1.1
-1.1 -1.1 -1.1 -1.1 -1.1 -1.1 -1.1 -1.1 -1.1 -1.1 -1.1 -1.1 -1.1 -1.1 2.7 7 20.5 45.5 69.3 82.1 84.7 87.4 89.1 91.9 100.2 102.8 101.4 95.7 98.2 104.3 110.5 119.5 131.9 145 152.1 159.7 175.7 189.7 205.3 216.1 231.2 231.7 242.2 245 236 227.8 219.6 205.9 196.3 181.6 168.3 154.9 148.9 143.9 139 126 116.5 105.4 99.9 89 80.3 73.4 77.8 65.7 58 56.5 58.7 60.3 59.7 52.5 53.4 56.4 62.9 58.5 40.3 32.3 8 -1.1 -1.1 -1.1 -1.1 -1.1 -1.1 -1.1
-1.1 -1.1 -1.1 -1.1 -1.1 -1.1 -1.1 -1.1 -1.1 -1.1 -1.1 -1.1 -1.1 -1.1 5.3 12 20.7 41.1 67.5 85.5 85.1 88.3 92.9 102.3 101.4 96.8 90.9 94.5 100.6 115.2 133.1 133.8 132.4 136.8 141.9 150.8 163.5 178.3 195.2 212 226.1 235.1 244.3 239.3 227.2 213.9 206.6 195.1 184.8 171 156.9 147.2 138.6 132.7 129.6 122.2 112.4 107.2 99.4 88.3 80.5 73.2 71.6 70.6 60.1 55 57.2 57.7 56.4 52.7 58.3 64.6 70.5 66.2 50.4 37.3 11.5 1.7 -1.1 -1.1 -1.1 -1.1 -1.1 -1.1
-1.1 -1.1 -1.1 -1.1 -1.1 -1.1 -1.1 -1.1 -1.1 -1.1 -1.1 -1.1 2.1 4.3 9.1 20.1 22 30.8 65.3 82.5 84.2 88.4 94.4 100.7 99.7 87.8 86.2 94.6 96.3 115.6 134.3 142.4 137.1 137.9 144.5 151.3 163.7 177.5 184.1 196.3 214.2 223.9 226.3 220 212.6 203.3 195.1 184.7 175.4 164.1 153.6 140.5 133.9 126.9 124.4 121.1 110.3 109.1 94 86.2 79.3 74.2 65.3 74 58 54.3 56.4 57.2 55.5 53.7 62.2 68.7 74.6 69.6 56.4 40.7 9.4 3.6 1.2 1.7 -1.1 -1.1 -1.1 -1.1
-1.1 -1.1 -1.1 -1.1 -1.1 -1.1 -1.1 -1.1 -1.1 -1.1 -1.1 0.8 4.9 9 19.6 20.3 22.4 32 49.8 68.6 78.6 91.3 90.1 97.2 89.1 82.2 83.4 89.2 94.9 114.8 129.8 135.8 138.3 140.8 144.8 146.8 164.6 170.8 187.3 200.1 205.1 208.6 208.6 205.4 199.9 194.2 187.8 176.9 167.6 157.4 146.9 137.3 125.4 116.6 114 109.6 110.2 98.9 92.6 84.4 78.6 74.7 63.8 63.9 54.2 54.7 59.8 57.3 54.9 53.3 63.2 72.6 76.6 67 57.2 42.4 8.7 5.9 2.9 2.1 -1.1 -1.1 -1.1 -1.1
-1.1 -1.1 -1.1 -1.1 -1.1 -1.1 -1.1 -1.1 -1.1 -1.1 -1.1 -1.1 3.8 18.9 23.9 22.5 22.9 31.7 45.7 56.3 75.9 85.7 84.9 86.1 80.5 83.2 86.3 88.3 92.5 109.9 124.5 131.2 140.1 144 146 145.3 153.9 167.2 185.7 194.8 205.2 205.3 204.4 195.5 193 188.5 183 174.6 169.5 159 152 138.9 126.6 124.3 113.8 105 97.6 91.9 84.2 80.6 73.7 68.5 58.2 57.4 53.8 55.4 59.1 57.6 55.2 53.9 64.6 72.3 76 67 56 41.1 9.2 7.4 2.8 1.9 -1.1 -1.1 -1.1 -1.1
-1.1 -1.1 -1.1 -1.1 -1.1 -1.1 -1.1 -1.1 -1.1 -1.1 -1.1 -1.1 5.1 20.5 24.1 23.4 22.9 31 44.6 60.2 71.3 78.1 77.7 74.5 73.4 83 84.9 87.5 91 107.9 125.4 133.2 138.2 138.4 141.9 146.9 149.9 159.4 176 190.5 200.5 202.3 202 198.4 193.7 189.1 180.8 172 165.4 159.8 150.5 137.5 131.4 127.3 119.4 105.6 96.2 87.6 79.2 76.7 65.6 63.2 52.7 50.9 52.1 59 58.2 58.7 57.4 57.4 60.4 72.3 70.6 64.8 57 30 8.4 5.4 5.5 1.3 -1.1 -1.1 -1.1 -1.1
-1.1 -1.1 -1.1 -1.1 -1.1 -1.1 -1.1 -1.1 -1.1 -1.1 -1.1 -1.1 6.2 13.6 21 21.7 24.4 33.1 47.8 61.3 65 72.2 68 71.8 78.4 80.5 89.8 96.3 95.9 108.9 123.3 131.4 127.5 136.7 136.9 145.9 150.9 158.1 171.3 189.2 195.3 199.7 199.4 193.6 190.4 184.2 178.3 175.8 164.3 155.8 143.5 135.8 124.9 117.4 112.7 105.3 83.5 75.5 71 70.3 62.5 57.9 52.7 47 51.3 58.4 57.4 60.5 60.9 63.1 68.2 73.3 67.7 66.8 56.2 23 9.9 6.5 6.7 -1.1 -1.1 -1.1 -1.1 -1.1
-1.1 -1.1 -1.1 -1.1 -1.1 -1.1 -1.1 -1.1 -1.1 -1.1 -1.1 -1.1 2.8 7.6 14.5 21.1 27.3 36.4 47.6 57 61.4 62.9 67.9 76.1 81.4 89.1 98.3 105.9 109.3 107.6 120.2 126.2 127.9 128.7 136.8 145.5 149.9 156.9 168.4 179.3 186.1 194.1 192.7 190.3 188.9 179.5 168.9 164.8 162.8 156.3 143.9 136.9 126.4 117.3 105.7 91.5 84 66.1 64.3 60.8 58.6 52.3 52.6 44.3 52.2 55.4 57.6 60.6 66.4 69.7 71 71.4 70.3 69 54.7 23.8 11.3 7.5 8.5 -1.1 -1.1 -1.1 -1.1 -1.1
-1.1 -1.1 -1.1 -1.1 -1.1 -1.1 -1.1 -1.1 -1.1 -1.1 -1.1 -1.1 1.6 4.5 9.6 19.5 29.8 40.3 48.2 49.8 52.4 57 64.9 79.7 83.5 94.3 104 109.9 112.9 99.6 115.4 121.9 123 127.1 136.7 144.1 155 160.1 170.1 180.1 185.1 179 184.8 181 181 175.4 170.1 166.3 167.1 158.3 148.2 139.8 130.2 118.7 109.9 97.4 76.9 62.1 60.2 54.8 53.5 49.8 48.6 43.2 50.8 51.9 55.7 64.2 68.3 71.5 76.5 73.2 72.2 70.6 50.9 23 13.6 10.1 6.8 -1.1 -1.1 -1.1 -1.1 -1.1
-1.1 -1.1 -1.1 -1.1 -1.1 -1.1 -1.1 -1.1 -1.1 -1.1 -1.1 -1.1 -1.1 2.8 6.8 18 31.4 40.5 45.9 40.8 41.2 51.7 60.5 74.8 82.8 93.1 105.7 111.2 105.4 100.3 101.7 111.3 111.2 128.1 135.6 144.6 156 166.1 170 177.4 181.6 176.4 172.3 180.8 181.8 173.8 173.4 169.8 161.2 156.4 147.6 137.7 128.2 113.2 105.2 95.8 76.5 65 53.7 51.6 48.5 46.7 45.2 43.1 49.5 48.2 54.4 65.3 66.7 75.5 76.8 73.5 75.1 64.3 45.1 24.1 17 11.3 -1.1 -1.1 -1.1 -1.1 -1.1 -1.1
-1.1 -1.1 -1.1 -1.1 -1.1 -1.1 -1.1 -1.1 -1.1 -1.1 -1.1 -1.1 -1.1 1.1 5.1 18.3 34.4 37.9 31.1 33.1 36.3 44.3 57.3 68.6 79.4 94 105.6 100.3 99.4 100.2 91.5 97.9 102.6 118.4 134.1 142 153.2 167.3 165.9 166.9 167.2 166 167.8 174.7 168.4 167.2 170.4 166.2 158.7 148.5 145.3 135.6 124.5 108.7 98.9 90.1 73.1 60.5 55 51.9 48.6 45.9 43.5 43.1 44.5 49 57.3 64.3 63 73.5 74.2 75.2 76 62.6 36.2 22.5 14.4 7.9 -1.1 -1.1 -1.1 -1.1 -1.1 -1.1
-1.1 -1.1 -1.1 -1.1 -1.1 -1.1 -1.1 -1.1 -1.1 -1.1 -1.1 -1.1 -1.1 1.6 5 11.5 22.8 24 22.5 25.5 32.7 43 54.9 65.4 78.6 87.4 91.7 92.8 94 94.7 86.9 86.6 90.7 111.8 128.5 141.1 151.5 157 156.6 154.3 154.7 155.8 160.5 162.5 157.4 159.6 153.4 153.8 145.8 138.1 134.1 130.9 121 107.2 97.6 88.8 71.4 55.8 51 48.7 46.2 44.1 43.1 43.1 44.8 50.1 56.8 58.3 61 75.6 77.7 77.8 76 54.7 35.1 21.7 11.4 7.9 -1.1 -1.1 -1.1 -1.1 -1.1 -1.1
-1.1 -1.1 -1.1 -1.1 -1.1 -1.1 -1.1 -1.1 -1.1 -1.1 -1.1 -1.1 -1.1 2.4 5.1 6.6 8.7 10.4 11.2 21.5 32.7 41.7 56.5 63 69.1 74.1 82.8 85 85.5 82.9 80.3 81.2 83.6 96.6 116.1 135.7 147.5 141.8 144.4 144.3 143.2 143.1 147 147.4 146.4 144.7 137.2 137.1 133 131.2 121.4 117.4 110.5 101.1 90.2 85.1 71.2 57.5 48.7 46.4 43.5 42.3 41.9 42.8 44.1 45.1 53.9 54.8 61.8 73.2 79.7 78.5 75.5 44.1 33.7 21.3 9.7 -1.1 -1.1 -1.1 -1.1 -1.1 -1.1 -1.1
-1.1 -1.1 -1.1 -1.1 -1.1 -1.1 -1.1 -1.1 -1.1 -1.1 -1.1 -1.1 -1.1 3.5 3.2 4.1 5.2 5.9 11.9 19.3 37.6 49.7 52.3 61 65.6 68.3 74.8 78.1 77.1 73.4 76.5 81.2 78.2 84.8 97.3 124 132.8 131.4 130.8 132 126.9 128.1 133.9 133.9 132.9 131.3 131.8 128.9 123.4 117.2 110.5 104.7 99.3 91.3 83.4 76.5 68.4 57.1 47.4 44.3 41.9 41.3 46.6 43.7 42.9 44.5 50.6 54.2 58.9 71.8 80.5 80.1 67.6 39.2 30.7 10.1 7.8 -1.1 -1.1 -1.1 -1.1 -1.1 -1.1 -1.1
-1.1 -1.1 -1.1 -1.1 -1.1 -1.1 -1.1 -1.1 -1.1 -1.1 -1.1 -1.1 -1.1 -1.1 -1.1 1.6 2.4 7.1 10.1 19.1 37.3 45 53.3 61.7 63.8 65 68.1 67 67.2 69.5 76.5 80.5 76 75.7 78.6 100.5 112.2 122.1 124 118.3 114 116.4 121.1 127.1 127.1 130.1 129 126 121 109.7 100.3 95.2 86.6 81.1 76 68.7 61.5 57.4 51.7 41.8 41.8 41.3 44.3 45 45.2 56.5 54.9 58.1 58.7 71.4 80.5 80.8 60.8 38.2 21.5 8.2 -1.1 -1.1 -1.1 -1.1 -1.1 -1.1 -1.1 -1.1
-1.1 -1.1 -1.1 -1.1 -1.1 -1.1 -1.1 -1.1 -1.1 -1.1 -1.1 -1.1 -1.1 -1.1 -1.1 -1.1 2.1 6.7 9.9 18.8 34.1 48.3 53.3 58.9 65.8 62.8 56.8 57.4 59.6 67.5 75.1 76.7 70.6 74.2 73.3 74 90.2 108.1 113 106 104.2 104.8 112.3 123.2 126.5 129 125.9 119.1 112.8 105.3 94.7 87.8 81 74.4 68.3 59.7 54.6 53.5 54 43.1 39.5 44.8 46.4 46.7 50 64.2 67.6 59.9 61 68.6 78.3 76.4 59.8 39.7 15.1 7.6 -1.1 -1.1 -1.1 -1.1 -1.1 -1.1 -1.1 -1.1
