WholeMapElevations/data/nh/nh75_OST50GRID_20230518/NH75.asc
ncols 200
nrows 200
xllcorner 270000
yllcorner 850000
cellsize 50
[rows 152 to 189 of 200, columns 85 to 169 of 200]
-1.4 -1.4 -1.4 -1.4 -1.4 -1.4 -1.4 -1.4 -1.4 -1.4 -1.4 -1.4 -1.4 -1.4 -1.4 -1.4 -1.4 -1.4 -1.4 -1.4 -1.4 -1.4 -1.4 -0.3 0.1 0.5 0.9 1.4 1.8 3.1 6 19.1 19.9 20 20.2 20.3 19.3 19.1 18.6 17.8 17.1 16.5 15.7 15.4 13.8 13 12.4 11.8 11.2 11 10.3 9.4 9 8.7 8.2 7.6 7.6 7.5 7.2 7 6.8 7.1 7.2 7.7 7.4 7.8 6.8 7.4 6.4 7.1 7 7 6.8 6.7 6.7 6.5 6.4 6.8 6.2 6.6 7.1 6.2 6.6 6.9 7.3
-1.4 -1.4 -1.4 -1.4 -1.4 -1.4 -1.4 -1.4 -1.4 -1.4 -1.4 -1.4 -1.4 -1.4 -1.4 -1.4 -1.4 -1.4 -1.4 -1.4 -1.4 -1.4 -0.3 0.3 0.8 1.2 1.6 2.1 3.5 7.2 19.8 20.8 21.2 21.1 20.4 20.5 19.2 18.7 17.6 16.5 16.6 16.1 15.7 14.6 13.1 12.3 11.7 11.1 10.6 10.4 10.3 9.4 9.1 8.8 8.2 7.6 7.4 7.3 7.1 6.9 7.5 7.4 7.6 7.9 7.1 6.9 7.1 6.5 7.3 7.2 7.2 7.2 7.1 7 7 7 5.9 6.9 6.5 7.1 7.5 7.7 7.2 8.3 9.3
-1.4 -1.4 -1.4 -1.4 -1.4 -1.4 -1.4 -1.4 -1.4 -1.4 -1.4 -1.4 -1.4 -1.4 -1.4 -1.4 -1.4 -1.4 -1.4 -0.8 -0.3 0 0.5 1 1.6 2 3.1 6.2 11.3 20.6 21.7 22.1 21.5 21 19.9 19.2 18.8 18.4 17.7 16 16 14.9 14.1 13.5 12.3 11.6 11.1 10.7 10.5 10.3 10.2 10.3 10.1 8.2 7.9 8.2 8.5 7.9 7.3 7.5 7.8 7.7 8 8 7.7 6.5 7.7 7.5 7.3 7.4 7.3 7.3 7.3 7.3 7.2 7 7.3 7 6.5 6.8 7.5 8.2 7.9 9.6 11.8
-1.4 -1.4 -1.4 -1.4 -1.4 -1.4 -1.4 -1.4 -1.4 -1.4 -1.4 -1.4 -1.4 -1.4 -1.4 -1.4 -1.4 -1.4 -0.5 0.2 0.6 1 1.4 1.9 2.9 5.1 8.5 20.7 21 21.9 21.7 21.2 21.6 20.9 19.5 18.7 18.2 17.8 16.3 15.8 14.6 13.8 13.1 12.5 11.9 11.5 11.1 10.8 10.5 10.5 10.4 10.3 10.1 9.5 8.9 8.4 7.7 8 8.1 7.9 7.1 7.1 7 7.5 7.4 7.7 7.8 7.7 7.5 7.3 7.3 7.4 7.4 7.4 7.3 7.4 7.4 7.1 6.9 6.5 7.1 7.6 9.9 11 12.1
-1.4 -1.4 -1.4 -1.4 -1.4 -1.4 -1.4 -1.4 -1.4 -1.4 -1.4 -1.4 -1.4 -1.4 -1.4 -1.4 -1.4 -1.4 0.3 1.1 1.5 1.9 2.8 5.5 8.4 18.9 22.4 22.7 22.1 22.2 21.7 21.2 21.3 21 18.9 18.1 17.3 16.5 16 15.6 15.3 13.8 13.3 12.7 12.1 11.9 11.5 11 10.6 10.6 10.5 10.5 10.1 9.6 9 8.9 8.8 8 7.3 7.9 7.9 7.6 7.2 7.6 7.7 7.7 7.8 7.8 7.7 7.7 7.2 6.9 7.5 7.5 7.5 7.4 7.4 8.3 7.1 6.8 6.8 7 11 17 17.2
-1.4 -1.4 -1.4 -1.4 -1.4 -1.4 -1.4 -1.4 -1.4 -1.4 -1.4 -1.4 -1.4 -1.4 -1.4 -1.4 -0.1 0.7 1.4 2 3.4 6.1 9.4 17.6 21.8 22.5 25.3 23.1 22.6 23 23.1 22.4 21.9 19.8 18.8 18 17.2 16.4 15.7 14.7 14.4 14.1 12.5 13 12.3 11.9 11.9 11.4 10.8 10.7 10.6 10.4 10.1 9.8 9 9 8.9 8.4 8.7 8.6 7.8 7.3 7.1 7.4 7.6 7.8 7.8 7.8 7.8 7.8 7.8 7.1 7.6 7.5 7.4 7.5 7.4 7.8 8.9 7.3 6.7 9.1 11.6 19.3 19.3
-1.4 -1.4 -1.4 -1.4 -1.4 -1.4 -1.4 -1.4 -1.4 -1.4 -1.4 -1.4 -1.4 -1.4 -0.4 0.1 1 1.9 3.7 6.9 9.7 19.6 22.8 23.1 23.4 23.8 24.2 24.5 24.5 24.4 24 22.3 20.6 19.7 18.6 17.8 17 16.4 15.8 14.8 13.8 13.1 13.2 11.9 11.8 11.7 12.4 11.6 10.9 10.8 10.7 10.4 10.1 9.8 9.2 9.1 9 8.7 8.1 8.5 6.8 7.4 6.9 7.2 7.5 7.8 7.8 7.8 7.9 7.9 7 6.3 7.4 7.5 7.4 7.4 7.4 7.4 8.7 9.5 7.7 8 11.6 18.3 21.5
-1.4 -1.4 -1.4 -1.4 -1.4 -1.4 -1.4 -1.4 -1.4 -1.4 -1.4 -1.4 -1.4 0.1 1 1.6 3.3 6.9 10.5 22.5 22.3 24.6 24.8 24.6 24.7 24.2 23.6 23.8 24 23.8 22.4 21.2 20 19.5 18.4 17.6 17 16.4 15.8 15 13.9 12.9 11.9 11.9 11.6 11.9 12.1 11.8 11 10.9 10.8 10.4 10.1 9.8 9.4 9.1 9.1 8.3 8 7.5 7.8 8 7.4 7 7.3 7.3 7.8 7.8 7.9 7.7 8.2 8.1 6.9 7.7 7.4 7.3 7.3 7.4 8.6 7.8 8.2 9.7 12.4 15.7 19
-1.4 -1.4 -1.4 -1.4 -1.4 -1.4 -1.4 -1.4 -1.4 -1.4 -1.4 -1.4 0.9 1.5 2.2 6.2 9.8 21.6 25 25.9 26.4 26.7 26.4 26 25.6 25 24.4 23.8 23.3 22.9 22.1 20.6 19.4 18.8 18.3 17.5 16.9 16.4 15.8 15.1 14.1 13.1 12.2 12 12.2 12.3 11.9 11.8 11.3 11 10.8 10.4 10.1 9.8 9.4 9.2 8.1 8.4 8 7.3 7.3 7.8 8 7.4 7.1 7.4 6.9 7.8 8.6 8.5 8.1 8.4 8.1 7.6 7.6 7.3 7.1 8.2 8 8.7 10.1 12 14.8 16.4 16.8
-1.4 -1.4 -1.4 -1.4 -1.4 -1.4 -1.4 -1.4 -1.4 -1.4 0.3 1.6 3.8 6.1 9 19.8 25.1 26.4 27.6 27.6 28.3 28.6 27.5 26.9 26.4 25.7 24.7 23.7 22.7 22.5 21.8 20.9 18.8 18.1 18 17.5 16.9 16.3 15.8 15.2 14.2 13.2 12.7 12.7 12.9 12.3 11.7 11.6 11.5 11.1 10.8 10.4 10.1 9.7 9.4 8.1 8.6 8.3 8.2 7.9 7.1 7.5 7.8 8 7.5 7.3 7 8 8.3 8.5 8.1 8.4 8.4 8.1 7.9 8.7 7.8 8.6 9.7 10.6 12.1 14.4 16.3 16.2 15.9
-1.4 -1.4 -1.4 -1.4 -1.4 -1.4 -1.4 -1.4 -1.4 0.8 2.8 5.7 9.1 17.2 27.2 29.2 30.7 30.9 28.7 29.4 30.3 29.9 28.8 27.8 26.8 25.7 24.7 23.7 22.6 22.2 21.5 20.7 18.5 17.5 18.1 17.7 17.7 16.4 15.7 15.2 14.4 13.6 13.1 13.4 13.1 11.8 11.7 11.5 11.3 10.8 10 9.1 8.5 8 8.8 8.1 7.6 8.4 8.3 8 7.7 7.1 7.6 7.8 8 7.4 8.4 8.3 8.1 8.2 8.1 8.3 8.6 8.5 8.9 10.2 10.9 11.6 12.7 13.2 13.2 15.7 15.5 15.4 15.4
-1.4 -1.4 -1.4 -1.4 -1.4 -1.4 -1.4 -1.4 2.2 4.7 8 16.2 26.8 31.1 32.8 33.5 33.6 32.9 32.6 31.1 32.3 31.6 30.8 29.2 26.8 25.7 24.7 23.6 22.6 21.7 21.1 20.4 19.2 18.6 18.2 17.7 17.4 17.4 17.4 16 14.6 14 13.7 13.3 12.8 11.6 11.7 10.9 10.8 10.3 9.8 9.3 9 8.4 8 7.8 7.2 8 8.4 8.3 7.8 7.4 7.3 7.6 7.3 8.5 8.2 8.1 7.9 8 8 8.2 8.5 8.3 11.1 12.2 12.9 13.9 14.2 14.9 14.8 14.2 14.7 14.6 15.3
-1.4 -1.4 -1.4 -1.4 -1.4 -1.4 0.6 3.7 6.7 9.7 22.9 30.6 32.9 34.3 35.2 35.4 35.2 34.7 33.9 33.1 32.8 32.4 31 29.8 27.4 25.7 24.6 23.6 22.5 21.4 20.8 19.9 19.3 18.7 18.2 17.7 17.3 17.1 17.1 17.1 16.5 15.6 13.2 12.7 11.9 12.2 11.6 10.5 10.3 9.8 9.2 8.7 8.1 8.4 8.8 8.5 7.7 7.4 8.1 8.4 8.1 7.6 7.2 8.4 8.3 8.1 8 7.8 7.9 8.1 8.2 7.7 8.7 11.3 13.1 13.2 14.2 15.2 14.7 15.5 15.7 15.1 14.5 15.3 16.5
-1.4 -1.4 -1.4 -1.4 -1.4 -1.4 3.4 7.7 13.7 30.8 32.2 34.6 35.1 35.7 36.8 36.8 36.1 35.5 34.8 34.6 33.1 31.5 30.1 29.4 27.4 25.9 24.8 23.7 22.6 21.4 20.6 20.2 19.7 18.8 18.3 17.8 17.3 16.9 16.8 16.8 16 15.3 14.1 12.4 11.2 11.7 11.6 10.1 9.8 9.3 8.7 8.3 8 8.1 9 8.6 8.3 7.5 7.8 8.1 8.4 8 7.2 7.6 7.8 7.9 8 8.1 8.2 8.4 8.7 8.2 11.3 13.1 13.7 14.3 15.3 15 14.1 15.1 16.5 15.9 15.2 16.6 18.2
-1.4 -1.4 -1.4 -1.4 -1.4 3.3 7.7 17.8 31.6 33.4 35.2 36.4 37.3 37.9 38.1 36.8 36.1 36 33.7 33.2 32.1 30.6 29.2 28.6 27.5 25.6 24.4 23.2 22 20.9 20.7 20.5 20.2 19.3 18.4 17.9 17.4 16.9 16.6 16.2 14.9 14.6 12.2 11.4 10.7 11.3 9.5 10 9.3 9 8.7 8.5 8.1 8.2 9.1 8.8 8.4 8 7.4 7.8 8.1 7.9 7.4 7.7 8 8.2 8.3 8.8 8.9 8.3 9.1 12.2 14 14.5 14.2 13.6 14.6 13.8 14.8 16.5 17.4 16.6 16.7 18.3 20
-1.4 -1.4 -1.4 0.4 2.6 7.6 17.8 33.8 35.3 36.3 36.6 37.8 38.9 39.2 38.2 36.6 35.5 34.6 32.8 31.8 30.8 29.7 28.4 27.9 27.3 25 23.9 22.7 21.6 21 20.8 20.6 20.4 19.2 18.6 18 17.5 17 16.5 15.8 14.9 12.4 12.4 11.5 10.4 9.3 9.1 9.7 9.1 9.2 8.9 8.6 8.3 8.4 8.8 8.6 8.6 8.2 7.8 8.1 8 7.5 7.8 8.1 8.4 8.5 8.9 8.4 9.8 9.9 11.4 12.9 15 14.8 14.2 13.7 13.6 15 16.4 17.8 18.5 17.7 18.7 20.7 21.8
-1.4 -1.4 0.6 2 7.1 20.6 32.6 35.7 37.9 38.7 39.2 39.2 40.3 39.6 38.2 36.6 35.6 34 31.9 30.6 29.5 28.4 27.7 28 27.4 24.5 23.4 22.2 21.3 21.1 20.9 20.5 19.7 19 18.3 18.1 17.2 15.8 15.3 14.8 14.4 12.9 11.9 10.8 9.6 8.5 8.6 8.7 8.2 9.2 9.1 8.8 8.4 8.5 8.4 8.3 8 8 8.4 8.4 8 7.8 8.2 8.5 8.7 8.8 9.1 10.5 11.8 13.9 13.7 13.3 14.3 14.4 14.1 13.9 15 16.7 18 18.6 18.5 18.7 20.4 23.1 23.7
-1.4 0.5 2.1 6.1 17.5 32.7 36.6 38 39.8 41 41.6 42 40.5 39.4 38.2 36.5 35.4 33.3 31.2 29.5 28.5 27.4 27.8 28.9 27.8 24.3 22.9 21.7 21.4 21.2 20.5 19.8 19 18.3 17.5 17.1 15.5 14.5 14.3 13.8 11.6 11.9 10.8 9.8 8.7 7.7 7.8 8.5 8.9 8.9 9.3 8.9 8.4 8.2 8.1 7.9 7.8 7.9 8.3 8.3 8 8.2 8.6 9 9.8 9.2 10.7 12.8 13.8 13.9 14 13.8 13 13.4 13.9 15.2 16.5 17.8 18.3 18.7 19.3 20.1 22.1 25.4 25.7
0.9 2.4 13.1 16.4 33.9 37.1 38.7 39.3 40.6 41.5 42 41.8 40.1 38.6 38.1 36.5 34.7 32.6 30.4 28.5 27.5 26.5 26.8 27.8 28.3 24.5 22.4 21.6 21.3 20.5 19.8 19.1 18.3 17.5 16.6 14.5 14.4 13.8 13.1 12.7 11.3 11.2 10 8.7 7.6 7.7 8.3 8.5 8.1 7.7 8.3 8.3 8.3 8.3 8.2 8 7.9 7.8 8.1 8.1 8.3 8.8 9.5 9.9 9.9 11 12.2 14.5 15.3 15.2 14.7 13.4 13.2 13.4 14.5 15.7 17.1 18.3 18.7 19.2 19.9 23 25.6 27.7 29
4.5 12.1 15 28.6 36.1 39.5 40.2 41.4 42.2 42.3 41.8 40.9 39.8 38.2 36.7 35.4 32.9 31.1 29.3 27.8 27.1 26.3 26.2 27.8 27.2 24.7 21.9 21.3 20.5 19.7 18.9 18.1 17.3 16.5 15.4 13.5 12.9 12.4 12 10.1 11.4 10.7 9.4 7.5 7.7 8.2 8.8 8.3 7.9 7.9 8.6 8.7 8.4 8.3 8.3 8.2 8.6 8.3 8 8.4 8.9 9.5 11.2 10.1 11.4 12.6 13.9 14.3 15.1 13.2 12.9 13.2 13.9 14.6 16 16.3 17.9 18.7 19.1 19.6 21.4 24.8 27.5 29.6 28.1
12.6 11.5 29.2 35.1 40 41.4 41.2 42 41.7 41.9 41 40.1 39.2 37.6 35.2 33.2 32 30.4 28.6 27.1 26.4 25.7 25.1 26.7 26.2 22.9 21.2 20.3 19.5 18.7 17.9 17.1 16.3 15.4 14 12.5 11.8 11.3 10.8 9.9 9.5 7.6 7.2 7.3 7.4 8.1 8.9 8.6 7.7 7.4 8.8 9.5 9.5 9.3 8.7 8.9 9.2 8.8 8.9 9.1 9.9 10.6 11.1 11.4 13 13.7 13.8 13.9 14.8 13.9 13.6 13.7 14.3 15.3 16.2 17.1 18.4 19.3 19.7 20.1 21.3 23.1 26.2 29.2 28.2
13.3 27.7 37.2 39.9 37.3 42.9 42.7 42.6 40.8 41.2 39.3 38 36.8 35.2 32.9 31.6 30.5 29.3 27.9 26.4 25.7 25.2 24.8 25.7 24.4 22.1 20.5 19.3 18.5 17.7 16.9 16.1 15.3 14.1 12.7 11.5 10.8 10.1 9.7 9.3 7.9 7.2 7.5 7.7 7.8 9.3 8.2 8.1 7.6 8.9 9.9 9.7 10 9.9 9.8 10.4 11.3 10.6 10.4 10.6 10.8 12.6 13.1 13.5 13.4 13.8 13.8 13.6 13.8 13.9 13.8 13.9 14.6 16.3 17.5 17.8 18.4 19.5 20.7 21.2 21 22.2 26.3 27.2 25.6
32.3 35.2 38.8 40.1 41.3 42.7 43.8 41.4 41.4 39.8 37.8 36.1 34.4 32.8 31.4 30.4 29.2 28 26.8 26 25.6 25.2 24.8 24.2 23 21.4 19.8 18.5 17.5 16.7 15.9 15.1 14.2 12.9 11.3 10.5 9.8 9.1 8.5 9 7.3 7.2 7.8 8.3 8.8 8.4 8.2 7.9 9.1 9.8 9.5 9.7 10 9.4 10.5 12.6 13.3 12.4 12.3 10.6 13 14 14.6 15.5 15.7 15.3 14.6 15.3 14.9 13.7 14.1 14.5 14.9 17.2 18.8 18.3 17.8 18.7 19.6 19.9 19.9 20.9 25.8 27 24
34.9 38.2 40 41.4 34 42.5 40.8 43.3 40.7 38.4 36.3 34.6 33.1 32.4 31.6 30.6 29.1 27.9 27.4 27.6 26.9 26.2 25.6 24.6 22.4 20.6 19 17.8 16.6 15.8 15 14.2 12.9 11.7 10.2 9.5 8.8 8.1 7.4 7.3 7.9 7.6 8.1 8.7 8.9 7.9 8 7.7 9.3 10.7 10.7 9.7 9.4 9.4 10.9 11.4 13.3 13.7 10.9 12.2 14.6 14.9 15.8 16.6 17.1 16.3 15.6 16.1 15.8 15.1 15.5 16.5 15.6 16 17.6 17.4 17.5 18.1 19.9 20.8 20.7 21.2 24.6 24.4 22.4
39.3 40.1 40.4 42.9 33 41.6 40.8 42.2 41.7 38 35.2 33.7 32.4 32.4 31.7 30.8 29.4 28 27.5 27.2 26.6 25.5 24.9 23.9 22.6 21 18.7 17 15.8 14.8 14 12.9 11.7 10.5 9.2 8.5 7.8 7.2 7.1 7.1 7.4 8.7 8.4 9.1 8.6 9.3 9.7 8.5 9.6 10.5 10 9.2 10 9.2 10.7 10.6 11.9 12.4 13.2 13.8 14.2 14.7 14.3 16 16.6 16.7 16.4 16.3 16.2 15 17 18.1 18.5 18.7 18.1 18.3 19.7 21.1 22.1 24.3 25.2 21.2 21.9 22.3 21.6
39.9 40.6 41.8 37.9 36.6 41.2 42 39.8 38.7 37.8 34.9 33.4 33 32.4 31.7 31 29.7 28.1 27.5 26.9 26.4 25.4 23.3 22.4 21.1 19.8 18.5 17.6 15.1 13.8 12.9 11.7 10.5 9.3 8.2 7.6 7.3 7 7 7 7.6 8.8 8.6 8.2 7.5 8.1 8.9 8.8 9.5 9.1 8.8 9.1 9.6 9.9 15.8 10.1 12.8 14.2 13.5 13.8 14.1 13.4 13.8 15.1 16 15.9 15.9 16 15.9 14.2 15.9 16.9 18.6 21.1 20.6 22.6 26.3 26.1 26.8 26.8 25.8 22.6 21.7 22.3 22.5
41.2 42.6 39.3 38.5 38.8 38.7 37.5 36.7 36.4 36.6 34.7 33.1 33.3 31.4 31.8 31 29.8 28.1 27.6 26.9 25.8 24.4 22.5 20.8 19.7 18.8 17.2 15.8 15 14 11.5 10.3 9 7.8 7.7 7.4 7.1 6.9 6.9 7.3 8.8 8.1 7.8 8.7 7.9 7.9 8.7 9.2 10.3 8.4 8.8 10 10 10 10.3 15.1 15.2 13.2 13.8 13.6 13.8 13.8 14.5 15.2 14.9 14.3 14.6 15.5 15.8 15.8 15.8 16.9 19.7 23.2 24.6 26.1 27.3 27.5 27.7 27.3 26.1 23.7 22.9 23.6 23
37.9 38.7 38.6 40.7 38.3 35.4 35.8 35.6 34.4 34.6 34.5 33.4 33.6 32.8 31.5 30.3 29.2 28.1 27 25.9 24.8 23.3 21.4 19.4 18.5 17.5 15.8 14.1 13.5 12.1 9.9 8.5 7 6.9 7.2 7.2 6.9 6.8 7.3 8.9 8.6 7.7 8 8.6 7.9 10.6 9.2 9.9 10.8 8.4 8.9 9.7 9.4 9.8 9.9 11.1 11.4 16 13 13.7 14 13.9 13.8 13.9 14 13.5 15.6 16.8 16.2 16.1 16.7 19.7 22.6 24.6 25.3 26.1 27.4 28.1 28.2 27.3 26.1 24.3 23.1 22.8 22.9
38.8 39.9 38.9 38.5 38.1 37.4 36.3 35.3 35.2 35.1 35 34.6 34.2 31.9 30.7 29.7 28.6 27.5 26 24.9 23.8 22.2 20.3 18.3 16.6 15.6 14.6 13.2 11.8 9.5 8.2 7.2 6.5 6.7 6.7 6.9 6.7 7.2 8.5 8.7 8.1 7.5 7.7 7.5 7.7 9.5 9.7 12.2 10.2 8.4 8.6 9.5 9.9 9.3 9.7 10.9 12 12.6 12.5 13.9 14.6 13.2 13.2 13.1 14.4 14.1 14.4 16.9 18.1 18.4 18.9 21 23.7 25.1 26.4 26.8 27.5 28.3 28.3 27.4 26.5 24.9 23.4 23.2 24.4
38.1 34.6 38.1 37.7 37.3 36.1 34.8 33.8 33.8 34 34.4 34.8 34.4 31.3 30.2 29.1 28.1 27 25.4 23.9 22.8 21.1 19.2 17.1 14.6 14.2 12.2 10.7 10.2 7.7 7.3 6.4 6.4 6.6 6.6 6.6 6.9 8.1 8.7 8.3 7.7 7.4 8.3 8.9 9.5 8.5 8 8.8 10.2 8.5 8.3 8.4 8.7 9.3 9.5 10.9 12.3 12.2 12.1 12 13 13.3 13.3 13 14.5 14.8 15.1 16.6 18.6 19.8 22 24.2 25.4 25.6 27.5 27.9 29 29.3 29.9 28.9 27.9 26.1 24.9 25.6 27.1
34.6 37 36.4 36.7 36.2 35.3 33.8 32.4 32.8 33.3 33.7 34.1 33.6 31.9 30.7 29.2 27.7 26.1 24.7 23.2 21.8 20 17.7 15.3 13.1 12.1 11.3 10 8.7 8 6.8 6.4 6.6 6.6 6.8 7.5 8.2 7.6 8.3 7.8 7.3 7.8 9.1 10.4 10.1 9.3 8.7 10.2 9.9 9.3 8.4 8.4 8.5 8.7 9.3 10.6 10.8 10.7 11.1 12.1 13.1 14.4 14.8 13.9 14.3 15.9 16 17.7 19.2 20 23.9 26.5 26.5 25.8 28.1 29.2 29.6 30.5 31.7 31 29.2 27.9 29.7 30 31.8
31.3 34.9 35.4 35.7 35.1 34.5 33 32.6 32.6 32.6 33 33.4 32.3 31 29.6 28.1 26.6 24.9 23.2 21.9 20.6 18.7 16 13.1 11.4 10.6 9.8 9.6 7.4 7.3 6.9 6.7 7.4 7.4 7.3 7.1 7.1 7.8 7.2 7.3 7.3 8.2 9.1 9.8 9.8 9.8 11.8 9.8 9.9 9.9 8.3 8.3 8.4 8.6 8.7 9.5 9.6 10.2 11.2 12.2 13.3 14.3 14.7 16.9 17.4 16.2 18.2 20.1 19.1 20.3 25.1 27.4 26.7 26.3 27.5 28.3 29.2 31.8 33.1 31.5 29.9 29.7 30.6 33 34.4
32.1 32.9 33.6 34.2 33.8 33.4 33.1 33 32.9 32.9 32.8 32.4 31.2 29.8 28.4 27 25.5 23.7 22 20.3 18.7 16.5 14.5 12.6 10.7 10.3 10.5 8.4 7.5 6.9 6.8 7.4 8 8.1 8 8 7.5 7.1 7.1 7.2 7.2 7.7 8.3 9.6 11.5 11.2 10.1 10.4 9.3 9.6 9.6 8.3 8.3 8.4 8.5 8.6 9.3 10.3 11.4 13.4 15.4 17 16.9 17.6 17 18.7 21.8 23.3 22.9 22.4 22.8 27.6 27.8 28.5 28.9 29.2 30.2 33.2 33 31.3 31.3 31.4 31.4 33.6 34.2
32.2 32.4 32 32.6 32.2 32.6 33.1 33.4 33.2 32.9 32.6 31.2 29.6 28.1 26.8 25.4 23.9 21.8 20.2 18.5 16.6 16.2 14.3 12.3 10.3 9.1 9.3 7.1 7.1 7.2 7.1 7.2 7.8 8.5 8.6 8.7 8.5 7.6 6.6 6.7 6.2 7.5 9.9 10.3 10.1 10.1 9.7 9.5 8.9 9.2 9.5 9 8.4 9 9.1 10 11.4 11.5 13 14.9 17 18.9 17.7 18.9 19.1 22.1 24.1 25.3 27.2 26.1 23.2 25.2 28.5 30.1 31.5 32.1 33.2 33 31.6 31.8 31.2 33.9 34 33.1 34.6
32.4 32.5 32 31.6 31.9 32.3 32.7 32.7 32 32.6 31.4 29.7 28.1 26.5 25 23.4 21.8 20.6 18.6 15.9 14.3 15.1 14.1 12.1 10.2 8.4 6.9 6.4 6.8 7.6 7.6 7.5 7.6 8.6 8.8 8.9 8.8 7.8 6.4 6.4 7.3 8.7 10.8 10.9 10.3 12.1 10.8 9.4 8.7 9.1 9.6 9.6 9.4 9.6 10.5 12 14.1 13.7 14.7 16.2 17.7 21.3 22.2 22.4 22.8 25.3 26.6 27.1 28.9 28.1 24.2 28.7 30.2 31.8 33 33.1 33.7 34.6 34.7 37.3 38.3 35.5 34.8 34.1 34.3
32.6 32.5 31.9 31.7 31.8 31.9 32.3 31.8 31.1 30.2 29.8 28.3 26.7 25 23.3 21.2 19.6 18.4 17.8 14.5 13 14.8 12.1 11.5 9.8 8.1 7.2 7.4 7.3 7.5 8.1 8.1 8.2 8.8 8 8.8 7.9 7 6.5 6.9 7.5 9.2 11 10.6 12 13 11.2 12 9.6 8.8 10.1 10.8 10.4 11.3 12.2 14.1 15.1 15.8 16.7 17.8 20.4 21.4 22.8 24.6 25 26.4 27.9 29 29.4 28.3 26.5 29.5 31.3 33 33.8 33.4 34.3 35.1 35.4 34.8 35.1 35.3 35.5 34.5 34.2
32.8 32.4 31.8 31.8 31.9 31.6 31.5 30.7 29.9 28.9 27.7 26.9 25.3 23.6 20.7 18 18.7 18.9 16.2 13.3 13 13.8 8.8 8.4 7.9 6.9 7.2 7.5 7.8 8 8.3 8.5 8.2 8 8 8.6 8.6 7.7 7.1 7.7 10.3 11 10.6 10.9 11.9 13.5 13.4 12.1 10.4 11.5 11.8 11.5 12.2 13.4 14.1 14.9 15.2 16.9 18.1 20.5 21.1 22.6 24.6 25.9 26.2 26.4 27.5 28.6 29.2 27.6 27.2 29.5 31.7 33.4 33.4 33.8 34.6 35.2 36.2 36.9 36.5 37.1 37.6 36.3 34.6
28.6 30.4 30 30 30 30.1 30.1 29.5 28.6 27.6 26.4 25.2 23.8 21.1 18.5 16.3 19.3 17.8 14.1 12.1 11.3 10 7.9 7.8 7.2 6.6 7.3 7.5 7.7 7.8 7.9 8.2 8.2 7.9 7.9 8.3 8.1 8.4 8 9.7 11.2 11.1 11.8 12.4 14 13.8 13.1 12.1 12 11.3 12.8 13 13.9 14.7 14.5 16.3 16.7 17.9 20.3 22.2 22.9 24.5 26.4 26.9 27.8 27.1 27.8 28.5 31.5 30.3 28 30.2 32.4 34 35.2 35.6 38 42.2 39.1 35.4 36.2 37.1 36.4 35.9 35
