WholeMapElevations/data/ng/ng94_OST50GRID_20230518/NG94.asc
ncols 200
nrows 200
xllcorner 190000
yllcorner 840000
cellsize 50
[rows 108 to 143 of 200, columns 81 to 161 of 200]
119.4 112.2 108.4 103.4 96.9 88.9 79.1 69.6 60.7 53.3 44.2 36.6 32.3 29.7 28.7 27.7 24.7 27.5 23 19.5 20.9 20.9 21.2 19.6 21.4 21.4 20.1 19.3 18.4 17 15.6 18.2 18.5 18.3 18.6 19.1 18.3 16.8 16.8 17.9 18.4 18.8 19.3 20.1 20.9 21.4 21.8 15.2 14.2 19.6 19.6 20.2 20.9 22.2 22.8 22.6 19.1 21.1 21.7 22.5 22.8 23 24.5 24.5 24.1 16.3 14.2 19.9 30.6 34.9 41 50 61.1 74.3 87.9 102 115.7 127.4 143.8 162.2 183.8
109.6 102.5 100.7 96.4 91.1 83.6 74.5 63.6 53.4 44.5 35.7 30.9 28.5 27.7 26.9 25.7 22.5 20.7 19.8 18.7 20.2 20.4 20.9 20.9 19.6 19.1 18.8 18 17.2 16.4 17.4 17.6 17.9 17.8 18.4 18.4 16.2 16.5 16.9 17.4 17.9 18.6 19.1 19.5 20.5 20.3 20.8 14.2 19.3 19.3 19.7 21.3 22.4 23.1 23 23.6 20.4 21.6 22.8 21.4 22.1 23.7 23.3 23.8 24.7 26.1 32.7 35.5 38.8 46.7 55.3 64.7 75.8 89.2 102.9 119.1 133 147.3 163.4 184.4 203.4
99.2 92.2 90.1 87.7 83.4 76.8 67.4 57.1 47.4 38.7 28.3 26.8 26.5 25.6 25.5 23.2 20.8 19.2 18.8 18.8 20.1 20.1 20.1 20.7 19.4 16.5 16.7 16.6 15.7 14.4 16.9 17.2 17.6 17.6 18 16.8 16.2 16.9 17.6 18 18.2 18.4 19.4 20.1 20.4 20.6 20.2 15.5 19 19.6 20.8 21.8 23 23.4 23.5 23.7 20.2 22.2 23 23.3 23.6 23.7 22.8 23.4 25.2 31.6 38.5 43.5 52.3 60.6 70.8 80.7 92.3 105.6 120.7 138 149 163.2 181.9 201 229.4
89.5 84 78.4 75.4 72 66.2 58.6 50.5 41.2 32.7 24.7 25.3 24.8 23.7 22.3 20.6 19.3 18.1 18.4 19.3 19.9 19.8 19.9 20.1 19.6 15.2 15.2 15.4 15.4 15.6 16.3 16.7 17.1 17.2 15.7 15.8 16.4 17.3 18 18.2 18.4 18.4 19.8 19.8 20.2 20.6 20.3 16.8 18.9 19.6 24.7 24.1 23 23.2 23.6 23.8 21.6 23.2 22.8 22.8 22.7 22.5 22.3 33.7 35.3 39 46.9 56.1 66.9 75.9 89 99.3 112.5 127.2 142.1 153.4 166 183.7 200.6 243.7 283.8
84 75.7 69.9 64.5 62.5 58.2 52 43.6 35.6 25.8 23.8 24.2 24.9 24.2 22.6 19.5 17.8 18 18.6 19.3 19.6 19.5 19.5 19.4 16.2 15 14.8 14.6 15.1 14.7 15.2 15.4 16.2 15.3 16.2 16.5 16.9 17.4 17.8 18.1 18.2 18.7 19.4 19.5 19.8 20.1 20.4 14.7 18.8 23.7 23.9 23.6 23.6 23.9 24.2 24.7 21.2 23.1 23.7 22.6 22.2 28.1 36.2 38.1 40.8 48.1 59.8 68.8 80.5 94.7 106.7 119.1 136.5 151.5 164.5 173.3 185.8 213.4 262.1 298.6 315
79 66.2 59.8 55.9 52.9 49 43.7 36.2 26.7 23.1 23.3 23.5 23.9 22.2 21.9 19.2 17.3 18.4 19 18.9 19.2 19 17.4 14.7 14.7 14.8 14.8 14 13.1 13.8 13.1 15.2 15.3 15.4 15.7 16.3 16.4 17.2 17.7 18 18.2 18.9 19.1 19.5 19.8 20.1 20.1 14.2 18.9 23.9 23.3 24 24.3 24.9 25.5 25.9 25.6 26.8 26.9 30.4 33.1 35 40.4 47 53.5 63.3 73.9 85.5 97.9 113.6 127.3 147.2 164.7 177.2 184.1 196.6 221.9 263 289 321.1 337.6
66.2 58.2 51 47.2 43.7 40.3 34 26.7 22.5 22.5 23.2 23.7 22.2 21.1 19.4 17.6 17 17.9 16.3 15.9 17.1 16.5 13.8 14.1 14.3 14.3 14.5 14.1 13.5 14 14.3 13.1 15.6 15.3 15.3 15.5 15.9 16.7 17.4 18.3 18.8 18.7 18.8 19.6 19.8 19.9 19.3 14.2 23.5 24 24.4 25.2 25.6 26.2 26.5 26.4 26.1 30.5 35.1 36.5 36.9 39.9 47.3 58.8 69.9 81.1 93.3 106.1 119.2 133.9 154.7 172.8 183.5 194.3 219.3 232.7 271.9 294.1 312.1 342.4 354.2
52.7 47.8 42 38.6 35 31.7 25.6 22.1 21.8 22.2 23 23.7 21 20.7 19.4 15 15.1 13.8 13.3 14 14.6 13.5 13.6 14.1 13.7 14 13.9 13.8 12 13.7 14.4 14.5 13.1 15.6 16.1 16.1 16.1 16.2 16.8 18.9 17.7 18.1 18.3 18.7 18.2 17.9 17.6 14.2 26.5 27.1 27.2 27.5 27.6 28.1 27.8 26.8 33.8 35.4 36.7 39.1 47.2 56.4 69.6 81.2 91.6 102.5 118.6 130.4 153.2 167.7 182.6 198 209.6 225.8 247.1 277.5 312.2 326.5 342.2 358.9 372.5
41.4 38 33.1 29.5 26.1 23 21.3 21.2 21.1 21.8 22.7 21.8 20.9 19.4 19.7 14 13.8 12.8 12.4 13.1 13.8 12.9 13.1 13.6 13.3 13.3 13.4 14 13.5 13.1 13.9 14.9 16.4 15.3 13.3 16.1 15.5 14.7 14.7 14.2 14.7 14.5 14.2 16.5 16.6 16.6 14.2 20.9 29.1 29.4 29.9 30.6 31.5 32 31.8 34.1 36.3 40.3 49.7 59 70.6 81.5 93.6 103.2 115.7 133.6 154.7 168.3 179.8 195.2 208.4 224.6 245.1 255.7 280.3 314 343.2 356.2 364.5 368.4 390.9
25.2 28.8 25 23 20.3 19.6 20.7 20.7 20.7 21 21.5 20.5 19.5 17.9 16.1 14 13.7 9.5 11.5 12.2 13 12.5 12.5 12.8 13.3 13.2 12.9 14 13.2 11.7 14.4 15.2 15.7 15.8 16.8 19.8 22.7 19.5 20.8 26.5 26 24.2 26.4 28.1 29.3 29.7 30.2 30.1 30.3 31.3 32.4 33.8 34.8 35.1 36.1 42 52 62.8 75.6 89.7 101.4 112.7 118.8 128.1 148.1 168.5 181.8 192 204.2 217.9 239 261.3 276.1 285 311.3 346.6 360.3 369.2 375.5 397.1 408.5
27.8 23 20.1 19.8 18.4 19.2 20.2 20.2 20.2 20.3 20.4 19.5 18.2 16.7 15.4 13.5 9.1 11.5 11.9 11.1 12.2 12.2 12.5 12.6 12.7 13.1 12.8 12.6 11.7 14.1 14.4 14.7 15 15.2 16.5 19.2 22.7 19.9 26.4 26.1 24.8 24.1 26.7 28.1 28.8 29.1 29.8 29.8 30.9 31.8 32.5 33.9 34.8 41.6 53.3 66.3 80.6 95.4 113.6 129.2 139.2 150.9 161.2 167.3 175 189.1 204.5 215.8 228.6 250 277.3 295.3 310.9 315.8 338.2 367.3 378.4 386 392.5 403.5 412.8
21.7 20.8 19.3 17.8 17.7 19.2 19.8 19.8 20.1 20.1 19.4 18.6 17.4 16.1 14.7 11 10.6 11.9 10.2 9.7 9.8 10 12.4 12.5 11.1 11.2 16.8 24.7 26 23.6 20.8 16 21.5 15.8 16.3 17 21.5 22.6 25.1 25.9 23 25.5 27.2 28.1 28.7 29.4 30 30.7 31.7 31.9 34.9 44.5 57.8 64.3 86.2 100.8 121.4 136.9 157.4 172.1 180.3 187.3 193.3 197.3 205 215.1 226.7 238.1 256.6 289.4 318.8 328.1 333.9 339.1 362.9 379.9 392.6 398.3 398.2 401.5 405.8
19.1 18.7 16.5 17.5 17.4 19.2 20 20.5 20.8 20.1 19.2 18.2 17 15.5 13.9 9.4 11.7 11.9 12 11.7 12.4 12.4 12.1 11.8 12.5 19.4 25.7 25.9 25.3 24.4 24.3 23.8 23.1 15.7 16 17.1 21.7 22.9 25.2 25.9 24.8 25.8 28.9 29.2 29.6 29.9 30.7 31.4 35.1 46.2 59 74.9 94.1 104.1 126.7 144.5 157.5 178.8 192.5 201 206.3 209.8 218 220.6 227.5 241.6 250.3 259.3 279.6 304.9 327.1 336.2 341.5 352.8 372 389.3 400.4 400 402.3 408.2 405.2
17.3 16.5 16.5 18.2 18.4 19.5 20 20.4 20.5 19.7 18.9 17.8 16.6 14.8 15.7 9.5 10.8 11.5 12 12.3 12.3 12.1 12.5 12.7 13.5 23.7 25.5 24.9 24.5 24.1 23.9 23.4 22.9 17.7 18.5 21.4 23.7 25.5 23.8 23.9 26.1 27.5 28.4 29.1 29.7 30 32.6 48.7 67 74.3 88 106.6 125.9 136.9 164.1 183.8 196.1 206.3 215.5 222.1 227.5 234.1 237 238.4 252.5 260.2 274 285 306.1 332.5 341.6 347.7 347.8 362.1 384.1 397.3 402.5 399.4 408.5 403.9 406.7
15.8 16 17.3 18.8 19.2 19.6 19.8 19.9 20.1 19.3 18.5 17.6 16.5 15 15.2 9.1 11.2 11 11.6 11.9 11.8 12.2 12.2 12.2 16.3 23.8 23.8 24.1 23.7 23.4 23 22.7 22.8 20.9 22.1 19.7 22.6 23.5 23.9 26.6 26.9 27.3 29 29.7 32.6 45.2 62.9 80.3 94.9 106.7 119 137.6 157 178.7 196.2 198.1 216.4 225.3 228.5 236.5 245.8 251.6 257.9 261.4 270.4 275.3 300.1 315.2 331.9 346.8 350.3 357.6 361.4 371.4 386.2 395.8 396.7 398.5 399.4 403.2 416.1
15.6 16.3 16.2 18.6 18.9 19.1 19.5 19.7 19.7 19 18.2 17.4 16.4 15 8.6 17.2 23.1 16.7 12.3 11.4 11 10.7 11.1 11.8 16.7 21.3 22.2 23.2 22.8 22.8 21 21 21 23.3 23.1 23.3 22.4 23.8 25 25.7 26.2 28.7 31.1 46.5 55.3 77.8 94.5 111.3 131.7 137.9 154 171.2 192.6 210.8 221 230 234.7 235.7 240.9 250 260.8 268.6 278.5 285.7 288.7 302.4 334.5 333.9 342.1 353.3 357.8 364.3 370.7 375.9 383.5 388.8 393.1 395.5 396.8 409.1 418
15.3 16.3 17.1 17.4 18.2 18.5 19 19.4 19.1 18.5 17.8 16.5 16.9 13.1 10 19.5 23.4 26.7 23.6 20.4 14.5 11 11.1 11.2 20 20.3 21.2 22 22.6 22.8 22.8 22.9 23.4 23.2 23.6 24.2 20.2 20.2 21.8 24.1 25.9 37.6 54.9 72.6 85.3 109.5 132.7 156.6 166.8 169 184.9 202.9 217.4 231.9 238 245.8 250.6 248.9 251.7 262.4 272.5 283.7 297.1 301.1 312.1 333.4 344.7 342 349.6 356.3 364.7 369.7 377.9 383.9 390.6 395.2 395 394.8 395.7 405.9 413.9
14.9 15.8 16.3 14.7 17.8 17.8 18 18.3 18.4 17.7 17.3 16.2 13 8.2 15 20.1 20.2 26.3 29.7 28 26.3 23.5 17.2 17.8 20.6 19.5 20.4 21.3 22.3 23.5 24 24.4 24.5 24.3 24.5 24.3 22.7 23.9 29.3 42.3 51.3 68.8 81.3 96.7 118.4 139.3 160.3 175.8 186.6 197.1 211.6 220.1 230.8 243.7 249.9 255.9 263.2 263.4 262.4 277.1 288.7 299.9 307.9 315.6 338.5 349.8 357.6 353.7 354.4 355.9 365.1 376.3 385.1 391.1 397.5 399.6 396.5 393.7 392.1 399.9 404.9
14.4 15.3 16.2 15.8 16.5 16.8 16.9 17.1 16.8 16.5 15.5 12.7 10.9 10.1 18.7 19.7 19.6 19.7 21.4 26 29.5 28.1 26.4 24.6 22.9 21 20.2 20.9 22.4 23.9 24.9 25.4 25.9 26.1 26.8 26.6 27.2 33.4 46.1 63.8 78.7 92 109.9 137.8 156.6 171.9 188.8 199.1 203.2 219.7 230.2 238.8 244.6 255.7 264.1 267.1 268.2 267.7 272.5 290.4 303.7 315.7 330 343 351.2 357.6 361.5 359 359.3 365.3 377.9 388.2 393.8 393.5 395.1 396.8 395.4 391.2 392.1 397.4 399.5
13.9 14.8 15.7 15.5 15 15.8 15.9 16.1 15.1 13.6 12 10.8 8.2 13.9 18.6 18.6 18.6 18.8 19.4 20.4 23.6 26.2 31.6 29.4 29 28.3 27.9 27.1 25.6 25.3 25.6 25.7 26.6 30.8 31.3 31.8 37.5 50.4 69.6 84.2 93.8 108.1 133.9 160.8 177.9 199 215.5 219.1 223.1 239.8 248.2 250.3 258 268.2 271.4 270.5 271.8 279 289 305.5 321.9 332.8 349.3 354.2 358.2 360.8 362 364.4 368.4 374.1 385.7 391.7 395.8 396.7 397 393.1 390.6 390.4 392.2 396.4 401.9
13.5 14.2 14.5 14.4 11.9 15.1 15.2 11.7 8.4 11.3 10.6 10.4 12.6 17.9 18.1 17.5 17.6 18.2 19 19.6 20.2 20.9 23.1 25.3 29.3 31.5 32.9 32.5 30 26.3 27.1 24.9 28.7 32.4 32.2 43.2 56.1 69.6 86.8 99.7 115.4 138.4 167.3 183.6 202.7 221 230.9 235.2 241.3 251.6 257.5 262.4 270.7 279.2 280.3 279.7 281.8 297.4 308.2 309.9 335.9 354.3 357.2 357.9 361.8 365.6 367.7 367.1 370.9 379 386.8 391 389.4 387.6 387.7 387.6 389.6 392.3 396.8 393.6 390.7
12.8 13.3 13.4 13.1 12.8 11.8 8.4 8.4 9.7 10 9.7 8 17.1 17.8 17.7 16.2 16.2 17.2 18.1 18.8 19.6 20.3 21 21.8 25.6 26.9 30.3 28.9 26.7 27 27.6 28.8 31.8 36.9 45.1 58.6 71.4 86.8 102.2 119.3 145.8 176.2 196.5 202.2 221.3 235.2 246.4 249.7 252.6 262.2 267.9 273.6 282.2 287.2 288.7 294.7 300.2 314.2 324.2 338.9 352.4 355.3 359.7 366 364.9 367.8 368 369 376.1 384.4 389.3 387.8 389.3 383.8 384.1 389.1 393.6 392.8 391.8 389.5 386.5
12.3 12.3 12.3 12 11.8 11.2 8.4 10.1 9.2 9.8 7.3 16.1 17.6 17.8 17.3 16.2 17.4 17.2 17.6 18.7 19.7 20.8 21.7 22.4 23 23.5 24.4 25.2 26.7 27.8 29 30.9 39.8 49.9 58.8 70.8 91.3 102.6 117.6 141.2 176.4 193.9 205.6 219.9 238.7 248.4 253.6 258.1 263.3 271.2 276.5 279.4 288.1 295.6 300.8 309.3 318.4 333.4 345.5 360.6 362.7 363 363.8 363.8 365.8 366.8 369.5 376.2 379.4 384.6 386.3 385.7 386.4 382.8 386.2 391.2 393.1 392.3 389.2 383.7 380.3
11.8 11.6 11.2 11 9.5 7.4 8.4 8.3 7.3 7.3 15.5 16.7 17.4 17.4 17.2 17.2 17.2 17.3 17.8 18.8 19.9 20.7 21.6 22.7 23.4 23.8 24.6 26.1 28.6 30.9 33.2 40.6 50 55.8 69.5 90.6 107.8 124 140 173 193.6 208.8 221.4 235.1 247.8 251.5 260.8 264.8 271.6 279.4 284.2 289.7 298 305.3 313.3 324.2 338 349.4 363.3 373.3 372.2 370.7 369.2 370 370.1 371.9 372.6 374.7 375.5 378.1 380.5 385.6 386.4 382.7 382.5 390 394.5 393.3 386.7 376.7 370.3
10.8 10.5 10.2 8.3 7.2 6.9 9.7 15.1 16.1 16.6 16.9 17.1 17.1 17.2 17.2 17.1 17 17.3 17.9 19 19.9 20.7 21.4 22.4 23 23.9 24.6 25.8 28.6 33.4 38.4 45.6 55.9 70.4 90.8 104.7 127.1 145.3 171.4 193 205.7 216.2 231.6 239.9 251.5 261.7 269.1 276 285 289.2 296.2 302.9 310.2 316 325.9 337.3 347.4 361.4 376.2 382.1 378.4 377.5 376 376.8 377.2 379.6 376.3 370.6 370.6 373.6 377.7 381.5 383.4 377.7 382.1 386.8 390.9 390.3 382.5 371.7 363.5
9.5 10 7.7 8.1 9.3 9.3 13.3 15.7 17.1 17.1 17 16.9 17 17.1 17.2 17.3 17.1 17.2 18.1 19.2 20 20.7 21.1 21.5 22 23.2 23.9 25.3 30 38.7 44.6 53.8 67.4 80.9 101.9 119.5 145.4 168 190.3 203.3 214.8 223.4 240.2 251.7 261.4 271.7 278.9 284.8 290.9 297.8 307.2 313.5 321.5 330.5 341.7 354.4 369.2 384.5 391.2 389.4 384.1 382.5 381.1 381 381.7 382.1 381.4 377.7 370.6 374.9 380 379 375.9 376.8 380.5 383.6 386.7 383.3 375.3 364.7 356.2
8.7 9 7.3 8.9 8.9 10.1 14.8 16.3 16.9 16.9 16.8 16.8 16.7 17 17.1 17.4 17.1 17.3 18.4 19 19.6 20.3 20.8 20.9 21.2 22.8 24.9 33.6 38.9 46.5 61.2 75.3 90.4 105.3 121.5 142.1 166 182.7 197.5 211 221.8 235.7 252.7 265.1 275.3 282 288.6 294.6 302.6 308.6 317.5 329 337.2 346.2 360.4 372.6 384.3 394.5 401 398.6 391.4 386.1 385 384.8 384.5 382.1 381.6 377.5 376.5 380.4 388.2 388.4 380.7 375.9 378.8 379.9 378.4 376.1 364.9 353.8 346.1
8.8 6.3 8.7 9 9.1 12.5 15.3 16.3 16.7 16.8 16.7 16.6 16.5 16.8 17.1 17.4 17 17.7 18.4 18.7 19.2 19.8 20.1 21 21.5 25.9 35 41.7 49.7 66.4 90.3 110.2 119.2 132.4 149.2 160.7 176.9 196.2 209 223.7 237.6 251.2 262.7 276.4 284.4 294.4 300.7 304.1 311 316.5 324.4 333.8 345.5 363.6 377.8 388.9 387.8 395.8 399.9 397.2 391.2 391.3 395.9 394.5 388.6 379.9 378.6 375 379.6 380.2 385.8 393.2 390.8 380.6 380.1 373.6 361.2 362.1 351.5 343.2 334
8.8 6.3 8.6 9 10.2 13.1 15.2 16.2 16.5 16.6 16.5 16.4 16.3 16.1 16.8 17.3 17.1 17.7 18.2 18.5 18.9 19.4 20.2 20.7 25.9 39.4 47.5 55.8 72 91.4 110.4 127 144.1 160 171.9 186.4 196.3 211.4 223.3 234.9 242.9 256.8 266.7 278.8 288.5 297 302.4 307.4 311.8 319.2 330.4 338.3 350.9 366.6 379.6 384 386.6 386.6 392.7 393.2 399.3 406.4 399.6 397.4 392.1 384.8 377.5 373.9 377.1 378.3 383.6 390.7 385.8 379.4 377.4 372.6 356.2 339.9 334 328.7 320
8.5 6.2 8.1 9.1 10.4 12.4 14.5 15.9 16.2 16.4 16.3 16.1 15.9 15.5 16 16.5 16.7 17.3 17.8 18.2 18.4 18.4 20.8 30.1 41.4 52.3 67.8 82.7 110.9 127.8 153.2 172.9 186.6 191.7 203.4 209 211.8 221.3 229.8 241 248.5 259.5 268.8 279.6 291.8 299.5 303.9 310.4 311.2 318.6 328.9 338.7 349.6 358.9 368.8 374.5 377.8 379.6 387.1 397.3 408.4 407.1 401.7 398.4 392.1 391 383.6 373.1 372.3 373 379.6 382.8 382.1 376.7 375.4 366.1 355.6 342.3 331.3 319.4 305
8.9 6.1 8 9.4 10.9 11.6 13.5 15.3 15.7 16.2 16.1 15.9 15.5 15.4 15.6 16.3 16.5 16.8 17.3 17.6 17.7 23.8 34.5 48.1 54.9 71.8 90.7 113.5 134.2 149.4 172 194.8 212.4 221.5 222.6 219 220.7 228.1 236.1 245.6 251.6 259.2 269.5 279.8 288 294.8 303.1 306.9 309.9 315.2 324.7 332.8 343.1 356.5 364.8 370.4 375.5 378.5 380.3 392.9 402.2 401.3 398.6 392.6 387.8 385.4 383.5 383.5 374.2 366.4 371.5 375.1 374.7 371.2 370.1 361 350.4 334.2 325.5 315.7 303.9
8.7 6 7.9 9.3 10.8 11.5 13 14.8 15.3 15.9 16 15.3 14.5 14.8 15.8 16 16 16.3 16.6 17.1 20.9 28.4 46.1 58.9 72.2 87.7 107.5 129.3 142.7 163.1 185.7 209.5 226.3 234.8 233.8 228.9 229.3 235.4 241.1 246.6 254.3 262.8 270.7 277.4 282.7 290.3 297.8 301.4 306.6 315.3 319.6 326.8 339.5 353.2 363.5 370.3 371.8 373.5 373.8 380.8 389.2 392 383.8 378.3 377.1 378 377.7 382.5 371.6 363.5 365 362 363.5 363.4 361 353 338.1 326.5 315.8 304.9 297.3
8.6 6 7.9 9.1 10.5 11.4 12.3 13.6 14.8 15.4 15.4 14.8 13.9 14.6 15.1 15.4 15.6 15.6 16.1 17.8 25.6 38 55.4 70.2 84.3 100.7 118.3 134.3 156.1 174.2 193 210.5 225.1 232.2 236.7 235.4 240.5 239.2 242.2 247.2 254.4 266.3 271.9 274.5 276.8 283.6 292.2 298 303.6 308.4 313.4 324.2 336.7 351 360.3 363.8 363.7 363.6 364.9 366.5 369.4 370.1 362.9 366.1 369.6 371.4 365 370.6 364.4 362.6 359.7 351.4 352.6 350.9 342.3 336.1 326.9 314.9 302.9 293.9 287.3
8.3 8.4 6.3 8.9 10.4 11.5 12.4 13.3 14.2 15 14.8 14.2 13.6 13.7 14.3 14.7 14.8 14.9 16.6 22.3 31.1 46.7 62 76.2 95.2 107.1 123.6 141.2 163.7 182.7 196.9 212.3 222.3 228.2 232.7 240.8 249.4 250.4 253.3 254.3 255.7 261.4 266.3 267.8 272.2 278.6 288.7 292.9 293.9 305.2 314.2 328.7 334 338.4 347.4 351.6 351.9 348.8 354.2 358.2 352.4 351.9 355.2 358.2 363.3 357.6 351.9 357.7 362.3 361 350.6 342.1 338.4 333.6 324.5 317.4 311.4 300.5 291.6 279 275
8.2 8.1 5.8 8.1 9.7 11 11.5 12.2 13.8 14.5 14.3 13.7 13.2 13.2 13.5 13.9 14.1 15.2 21.4 28.2 38.5 53.5 69.2 83.3 97.6 111.4 127.9 148.6 166 182.5 199.9 214.4 223.8 230.6 236.5 246.4 249.4 253.4 261 259.4 257.1 260.6 263.4 266.5 271.4 276.8 283.1 284.9 291.9 302.4 314.8 322.9 328.2 332.3 336.8 335.4 334.3 335.9 340.8 347.1 343.9 342 347.8 346.6 347.7 345.2 346.7 356.7 363.5 352.7 342.6 330.8 322.5 317.6 311.2 301.7 294.6 285.6 274.8 270.9 260.9
8.2 8.4 7.6 5.4 9.5 10.2 10.9 12 13.5 13.4 13.2 12.9 12.7 12.6 12.8 13.2 14.8 19.7 24.1 34.9 50.9 60.1 73 88.4 103.7 117.6 135.2 153.2 171.4 186.3 203.7 217 225.8 233.3 240.9 249.6 249.8 252.1 258.7 259.1 259.3 263.6 264.2 268.8 272 275 280.3 282.4 289.5 300.8 309.5 314.2 323.4 325 321.6 321.5 328.1 331.8 340.5 339.2 335.2 333 330.7 332 337.1 338.1 341.9 351.9 351.3 342.3 331 319.8 310 303.4 296.8 287.1 279.4 269 265.5 254.9 247
