UK/data/nn/nn71_OST50GRID_20230518/NN71.asc
ncols 200
nrows 200
xllcorner 270000
yllcorner 710000
cellsize 50
[rows 70 to 104 of 200, columns 0 to 77 of 200]
297.7 295.4 291.6 296.3 290.5 285.1 274.9 269.9 264.5 259.3 254.7 250.9 247.4 241.8 236.5 231.6 227.8 225 223.1 221.3 219.1 217.6 215.4 212.3 206.4 200.9 192.2 170.5 165.5 169.2 182.5 196.3 205.1 213.1 223 232.1 240.1 246.5 252 257.1 261.2 265.4 268.8 271.4 272.4 272.5 272.1 272.6 272 271.1 269.2 266 263.8 262 259.9 258.2 257.2 259.4 261.7 263.1 264.1 266.3 273.4 280.9 287.2 295.5 302.2 309 317.3 325.7 333.4 341 349.3 357.4 365.1 373.5 384 394.3
291 286.6 281.7 278.1 273 268.1 265.3 263.7 260.1 253.4 248.9 244.3 241.4 235.4 232 229.8 227.2 225.6 223.5 221.8 220.1 218.1 214.9 210.3 204.4 197.2 180.8 166.7 166.3 174.3 188 200.7 209.7 220.2 230.1 239.1 247.3 253.9 259.4 264 268.1 271.3 274.1 276.2 276.6 276.7 276.5 276 275.1 273.7 271.7 268.6 265.9 264.6 263.5 263 261.9 263.5 264.7 266.6 270.1 274.1 281.5 286.8 294.8 301.6 308.6 316.6 324.8 332.8 341.5 350 358 365.5 373.1 382.1 392.8 401.7
291.8 284.6 271.6 267.8 263.5 260.6 257.9 255.2 253.5 248.8 243.1 238.7 234.8 231.1 229.9 228.3 226.9 225.6 223.3 221.8 219.9 216 210.2 205 198.9 185 168.7 166.4 167.7 182.3 193.6 206.2 216.3 226.4 236.8 246 253.8 260.5 266.1 270.2 273.6 276.7 279.5 282.3 284.1 284.3 282.5 280.8 278.4 276.3 274.4 271.9 270 269.6 268.9 267.5 264.9 266.1 268.2 271.6 277.1 281.8 288 295.9 300.9 309.3 316.3 323.4 331.3 339.1 348.6 357.7 365.8 372.5 379.7 387.6 396.4 403.2
276.7 271.3 264.7 259.3 256.7 253.1 250 245.9 244.4 241.7 238.8 233.4 229.5 228.5 228.5 226.7 226 224 221.4 220 216.8 210.2 201.4 194 186.2 173.3 168.3 163.9 171.3 187.5 199.8 211.7 222.3 233.1 243 251.5 258.9 265.9 271.6 275.7 279.6 283.5 287.7 289.4 290.1 290.2 289.6 288.4 285.4 283.3 280.9 278.2 275.9 274.3 273.3 270 267.7 268.6 271.3 276.5 283.2 287.7 295.7 303.6 310.5 316.2 324 330.4 337.8 347.1 355.9 364.6 370.9 376.5 384.5 390.7 399.2 405.7
267 262.4 257.6 251.5 248.6 244.7 239.5 235.3 232.1 232.9 234.6 228.2 224.5 226.8 225.9 223.6 221.9 219.5 216.5 213.8 206.9 199.1 190.6 181.9 178.3 169.4 165.2 168.7 182.9 194.9 206.5 216.6 228.5 239.3 248.9 256.8 264 271.3 277.3 282.3 288 292.7 294.3 295.1 295.2 295.3 294.8 293.9 292 289.7 287.6 284.3 282.3 281 279.3 272.8 270.7 271.8 274.8 282.8 287.6 294.3 303.2 311 317.6 323.1 329.6 336.7 345.3 352.9 361.3 369.3 375.5 383.4 390.2 395.7 403.5 409
260.6 255.3 248.9 244.1 236.7 233.9 231.9 229.4 226.6 227 226.7 224.6 219.7 221.9 219.5 217 214.7 212.3 208.7 202.3 194.6 187.8 182.1 175.8 169.6 165.9 169.9 179.3 192.9 202.9 213.1 223.4 235 245.8 254.7 264 271.6 277.9 283.4 291.6 296.2 298.2 299.3 299.9 300.1 300.1 299.8 299 297.3 294.9 291.8 288.8 285.1 281.3 278.8 275.6 273.8 275.3 280.4 287.4 293 301.8 310 316.7 323.4 329 335.2 343.7 351.7 358.1 366.4 373.7 380.2 387.9 393.7 399.8 407.2 413.5
248.3 242.8 237.4 233.4 229.7 227.4 226.8 224.8 222.4 221 220.3 217.2 214.9 210.3 206.3 204.3 201.8 197.5 193.6 187.9 178.8 175.5 172.6 167 169.5 169.8 177.9 190.3 200.1 209 218.6 229.6 241.1 251.7 262.6 272.8 278.9 285 291.8 298.3 301.5 303.2 303.9 304.5 305.7 305.9 305.3 304.5 303 300.9 297.7 293.3 288.6 285.7 283.5 278.4 276.4 279.5 285.8 292.1 299.5 308.4 315.4 322.3 328.1 333.7 341.5 350.4 356.6 363.1 371.1 378.1 384.9 390.4 396.1 401.5 409.2 418
232.4 228.8 226.4 224.1 223.6 222.5 222.5 220.3 217.7 214.7 210.2 204.9 203 190.9 189.2 186.4 182.9 180.6 176.9 169.9 172.5 172.5 172.4 172 171.8 168.7 184.4 195.6 205.1 214.9 224.5 235.3 247.5 259.8 271.4 278.4 286.5 292.2 298.4 303.7 306.9 308.9 311 311.9 313 312.4 311.9 311.4 310.6 308.6 306.2 300.1 295 289.6 286 282.7 280.7 284.2 290.1 296.2 306.3 313.5 319.8 325.8 331.6 338.6 346.5 354.7 361.2 368.2 375.9 382.3 387.9 392.9 399.8 406.8 414.3 423.1
220.7 218.3 217.9 218.3 219.4 217.7 214.5 212.9 210.1 206 196.5 189.3 180.2 179.5 178.7 177.4 176.1 174.6 171.7 175.6 175.9 176.2 178 180.5 176.7 173.5 187.4 198.5 209.1 220.3 230.9 242.1 254.2 268 277.8 287 293.5 298.7 304.9 310.7 315.5 319.1 321.6 323.2 325 325.6 324.3 324.4 325.1 321 316.7 309.8 303.1 295.7 290.3 286.3 285.3 288.6 293.8 300.7 310.1 317 322.8 328.9 335.8 343.1 351.8 360.4 367.1 374 380.3 385.7 391.7 397.5 406 414 420.4 426.7
208.9 207.4 207.4 210.8 211.9 211.2 203.8 200.7 195 187.4 180.5 178.8 179.2 179.1 173.4 180.7 181.9 182.7 183.1 183.2 183.5 183.4 186.9 190.8 179.7 171.3 192.7 202.4 213.1 225.1 236.2 248.1 261.3 273.5 283.5 292.6 299.3 306.3 313.3 323.2 329.8 334.1 336.5 337.2 341.9 346 346.7 344.7 341.6 336.3 329.8 320.2 312.1 303.1 294.2 291.3 290.1 291.6 296.7 303 310.8 317.8 324.5 331.5 338.8 346.6 356.2 364.8 371.6 379.1 385 390.2 397.2 404.1 411.9 419.4 426.3 428.5
198.5 196.8 196.8 199.9 199.6 196.1 189.9 185 181.6 180.8 181.6 184.6 186.3 189.4 190.7 191.1 191.6 191.3 191.7 190.8 189.1 188.3 191.1 183.3 176 182.2 196.8 206.5 217.7 228.8 241.4 254.8 267.7 278.5 288.5 297.3 306.5 317.1 329.3 338.7 346 348.6 353.8 359.6 363.2 365 365.3 364.6 362 356.6 345.5 333.7 320.9 311.1 299.1 296.7 295.9 297.1 298.4 304.6 312.9 319.2 326.4 334.4 341.9 349.3 358.1 366.5 374.5 383.6 390.3 396.9 404.3 409.9 415.7 422.5 428.2 430.9
187.2 187.9 188.4 187.6 186.5 184.7 183.5 181.3 179.5 187 193.3 195.2 198.4 200.1 200.7 201.1 200.5 199.6 197.3 196.6 192.8 193.2 193.3 181.5 178.6 185.8 199.8 210.3 221.9 233.4 246.2 258.1 270.6 281.2 292.9 304.7 318.2 332.2 344.1 353.2 363.2 372.9 379.5 382.2 382.1 382.5 382.7 383.7 381.6 375.3 363.8 347.1 327.8 316.9 303.5 299.8 299.2 299.9 302 307.8 314.8 320.4 327.7 336 343.6 351.8 360.9 368.4 376.1 386.6 395.2 401.5 407.9 413.3 417.2 422.3 427.5 430.4
188.1 185.9 182.5 181.2 183.2 182.9 179.3 191.1 195.6 199.6 202.9 207.3 209.8 209.5 209.9 210.2 208.5 206.6 202.8 200.5 197.2 198.4 195.5 182.2 180.8 187.9 201.6 214.2 226.3 238 249.3 260.8 271.3 283.8 297.8 312.6 328.7 343.5 356.3 367.5 381.2 388.7 392.1 396.3 395.7 396.1 393.5 391 384 372.3 360 346.5 328.7 316.7 306.8 303.4 301.4 302.2 305.6 311 315.9 321.2 328.3 336.2 344.3 353.2 362.2 370.6 378.5 388.2 397.7 403.7 409 416.4 422.5 427.7 431.9 433.3
196.7 201.2 203.7 198.6 195.3 199 205 206.5 207.9 209.8 212.7 215.8 221.4 219.3 218.4 217.5 215.8 213 210.1 205.7 203.2 201.5 198.1 185.7 182.2 189.7 202.3 216.4 228.5 239.1 249.5 261.2 272.6 287 301.7 318.7 332.6 347.2 360.9 372.3 382.1 389.1 392.1 393.3 393.5 389.2 382.9 373.4 364.7 356.9 346.7 334.2 322.7 313.4 309.1 306.1 305.4 306.5 311.3 315.2 317.7 322.7 328.9 335.3 344.4 354 362.3 371.7 380.8 390 398.8 406.9 415.5 425.1 433.3 435.4 437.1 436.3
212.6 212 213.6 212.4 213.1 214.7 215.8 218 220.3 222.7 225 227.4 231.6 228 227.1 226 224 220.3 216.3 211.8 206.7 202.8 198.6 190.3 181.7 191.2 203.5 217.7 229.6 239.7 250.3 261.4 275 287.7 299.2 313.5 329 344 354.5 364 373.6 376.8 378.5 378.5 375.9 370 362.9 357.4 351.1 343.8 333.5 324.2 317.1 313.5 310.2 308.3 307.5 310.5 314.3 318 320.4 323.6 329.7 335.6 343.9 353.4 361.5 371.4 382.4 391.7 402.1 412.2 422 431.9 437.9 439.8 438.7 437.9
218.7 219.1 220.1 219.7 222.2 225.7 228.9 231.5 233.4 235.8 237.1 239.1 239.7 240 239.2 236.6 233.5 228.6 223.6 218 211.5 204.7 201.3 194.1 181 192.4 205.9 218.6 229.8 240.5 251.4 262.7 276.5 286.2 294.3 305.2 317.7 330.6 340.7 352.7 358.4 362 362.7 361 357.6 352.7 347.2 342.3 337.2 330.4 323 316.9 314 314 311.1 309.5 309.2 312.7 317.5 319.1 321.9 325.1 330.6 336.6 344.7 353 361.8 371.1 381.6 391 401.9 414.1 424.7 432.1 438.3 440.7 438.6 438.6
224.5 226.8 229.8 233.9 237 241.4 243.9 246.2 247.6 248.8 250.5 250.9 251.6 251.3 249.9 247.4 243.3 237.1 229.9 221.8 214.8 207.7 201.8 199 189.4 193.1 204.9 217.6 230.4 241.4 251.5 262.1 271.2 279.1 285.5 295.1 305.8 316.5 326.1 333.2 340.7 344.9 345.5 345.3 341.8 337 332.2 329.1 323.6 321 315.3 312 313 313.1 313.2 312.4 308.1 311.6 316 318.3 321.9 325.9 331.6 337.5 345.5 353.7 362.8 372.2 380.5 389.8 401.4 414.1 422.5 431.2 436.9 437.8 437.3 438.9
234.4 238.5 243.2 247.3 251 254.8 257.8 259.3 261.1 262.3 263.3 263.4 263.4 261.6 259.9 256.8 251.7 244.7 235.4 226.2 218.3 211.5 205.8 200.4 193.2 191.9 202.2 215.9 228.9 239.6 248.9 255.4 261.1 268 276.4 286.5 294.6 302.9 310.2 318.2 324.3 328.4 329.6 328.1 325.9 320.7 317.1 315.5 315.1 311.8 308.2 309.5 308.9 312.4 315.8 313.2 306.9 311 308.2 317.3 322 324.7 330.3 337.7 346.1 355 364.2 373.1 381.4 389.7 400.4 411.5 420.9 428.7 433.7 436.2 435.8 437.4
245.1 250.4 255.1 259.3 263.2 267.1 270.6 272.6 273.6 274.8 275.3 275.7 275.2 272.8 269.4 266 259.6 250.4 240.5 230.9 222.9 216.3 209.1 204 196.2 192 202 214.9 225.9 235.2 242.7 248.5 254.6 261.4 267.5 273.9 280.7 288.9 296.7 304.6 310.9 312.9 310.6 308 305.3 301.5 302.6 303.7 301.4 301.5 303.4 302.8 305.1 307.7 309 305.7 305.3 302.3 314.3 318.4 325.3 330.3 333.5 337.6 345.7 356 365.7 374.2 381.8 389.5 398.2 408.1 419 427.4 432.7 434.2 435 436.7
254.5 259.7 265.1 269.9 274.1 278.2 281.6 283.5 285.6 286.3 286.6 286.3 285 282.4 278.1 272.3 265.2 255.8 244.9 235.1 226.8 218.5 212.8 207.6 196.1 195.4 203.3 214.3 223.5 231.5 236.2 242.4 248.1 254.3 257 261.5 267.1 273.5 281.3 289.4 293 292.2 288 286.8 286.7 287.3 288.4 288.7 287.1 291.8 296.9 291.1 294.1 295.4 297.6 298.8 294.4 303.4 310.6 318.5 326.2 332.7 337.7 342.3 349.7 356.8 366.2 374.4 381.5 388.4 396.2 405.4 416.2 423.7 428.5 430.5 433 436.3
264 269.5 274.9 279.5 283.5 287.2 290.6 293.2 295.1 296.4 296.8 296.2 294 288.6 283.1 277.8 270.2 258.9 248.3 238.7 230.7 223 216.8 213.6 201.8 198.8 203.4 210 221.7 228.9 232.1 235.4 240.4 245.7 248.8 253.4 259.2 264.8 271.7 276.8 275.7 274.2 274.3 274 273.5 272.4 271.4 271.8 273.5 275.3 278.1 280.9 287.8 289.4 291.7 292.3 296.1 306.2 311.5 316.8 324.1 333.6 340.1 346.9 354.4 363 370.3 376.4 382.3 387.5 395 402.9 412.5 419.7 424.8 429.4 434.2 437.8
274 278.7 284 288.4 292.4 296.4 298.9 302 303.1 303.9 303.8 302.8 300.3 294 286.9 280 271.9 261.9 253.3 245.1 236.7 229 221.7 216.4 207 200.6 204.8 208.9 215.5 223.5 226.3 228.9 232.9 238.1 242.8 247.1 253 259.2 262.5 263.4 261.7 261 261.6 262.2 262.5 261.4 260.4 264.5 267.4 269 270.3 271.8 274.6 280.5 281.3 282.4 290.9 301.3 310.3 316.6 324.7 333.7 342.2 350 358.4 366.8 373.8 380.1 386.2 391.9 397.6 405.8 414.6 422.3 427 431.1 436.1 440.8
283 287.6 291.8 296.3 300.9 304.9 308.2 310.1 310.8 310.1 308.2 306.9 303.8 298 290.1 282.9 276.6 268 259.9 252.2 243.4 235.2 228.6 223.4 208.6 211 207.4 207.4 212.5 216.1 217.4 222.9 225.9 229.4 234.2 239.5 244.6 248.6 251.9 252 253 254.6 254 253.5 253.7 254 256 260.4 262.6 263 264.5 265.4 266.9 270.2 272.8 277.8 285 294.5 306 314.5 324.3 334.8 344.2 352.7 361.2 369.6 376.7 383.8 389.8 395.3 402 409.8 418 425.9 430.5 432.1 437.5 443.1
290.9 294.9 299.9 304.6 309.6 312.9 315.9 318.2 318 316.3 312.1 309.9 307.9 303.4 296.4 289.8 282.9 275.4 267.9 258.9 249.4 242.9 235.6 218.7 218.1 221.7 218.4 217.1 217.4 220.7 224.3 221.1 223.9 225.7 225.8 233.5 238.2 242.3 245.8 248.1 249 248.8 247.5 247.7 248.3 250.5 257.9 259.8 252.3 253.6 256.3 259.9 262.6 264 267.4 274.3 280.3 288.8 299.2 310.8 322.4 335.7 345.3 355.1 364 372.5 380.5 388.3 394 399.4 406.1 414.8 422.8 429 432.2 434.4 440.8 447.2
297.5 303.1 308.6 313.2 317.3 321.4 325.7 327.4 326.9 325.2 320.7 314.9 311.2 308.6 303.8 296.6 288.1 280 272.7 263.7 256.6 249.5 231.6 227.4 230.5 230 224.8 225.7 225.4 226.4 229.3 229.4 230.5 234.5 235.8 236.8 233.2 240.1 244.9 246.7 245.6 247.4 249.6 249.3 251 249.5 253.1 247.4 253.4 251.7 252.2 255.5 257.2 259.8 262.8 268.4 276.3 285.6 295.5 305.8 317.4 332.2 345.6 356.7 366.6 374.8 383 391.9 398.1 403.6 410.2 420.4 428.9 432.5 434.2 437.7 444.1 450.3
306.1 311.7 316.6 320.9 325.6 330.7 334.7 336.4 337.4 337.1 335.4 328.3 319.4 312.1 308.7 304.1 295.9 286.7 278.5 269.8 263.3 251.1 238.3 240.7 243.4 240.6 235.8 236.7 234.8 235.9 238.9 240.8 241.7 243.9 243.3 243.3 243 240.2 239.6 245.2 250.1 254 256.5 256 255.3 250.4 253 259.7 259.2 253.6 252.1 253.5 255.5 257.9 259.3 262.8 269.1 277.4 286.1 298.4 310.6 322.5 339.8 355.5 366.9 376 385.2 394.7 401.6 407.8 416.4 426.6 433.1 435 435.3 439.5 446.7 451.2
314.2 319.7 325 329.1 334 338.6 342.5 345.3 347.6 345.5 341.1 334.2 326.3 319.2 310.8 308.4 304.1 295.3 286 277.4 267.2 246 249.7 253.7 252.8 251.9 250.3 250.4 249.7 250.1 251 250.7 252.4 255.1 257.4 258.5 257.3 257.6 259.3 261.5 266.1 267.1 267.8 267.4 266.3 263.9 260.9 260.5 265 259.3 256.1 253.1 253.6 255.3 256.6 258.8 262.8 269.7 277.2 287.4 300.2 313.1 329.6 349 364.1 376.3 386.3 396.4 404.1 413 422.6 429.2 432.8 433 435.1 441.3 449.4 451.5
321.8 327.4 332.6 337.5 343.1 347.3 350.2 352.5 352.5 348.8 343.3 337.6 330.9 323.8 316.6 308.7 307.5 304.1 292.7 281.8 266.8 256.6 265.5 265.3 265.9 266.8 267.1 267.2 267.7 265.1 263.4 265.2 266.6 269.7 271.4 274.6 274.8 274.3 276.3 274.4 276 276.5 274.9 273.3 271.7 269 266.8 266.2 264.7 262.2 258.3 255.5 251 254.1 254.7 255.9 259.3 262.9 269.5 278.9 290 303.6 318.7 337.7 356 371 384.9 398 411.1 419.7 427.5 430.1 429.3 431.6 433.6 439.9 446.3 448.1
329.1 335 340.7 347 350.9 354.9 356.2 356.3 355.2 350.4 344.7 339.3 333.7 327.2 320.1 312.2 307.6 305.7 297.5 276.2 265.2 277.3 278.4 278.7 280.4 281.9 282.4 282.3 282.4 280.5 280.2 281.9 282.4 283.6 284.8 285.8 286.8 284.4 285 284.8 282.9 282.4 282.6 282 277.4 274.5 272 270.8 267.8 264.6 260.4 256.5 252.2 254.2 254.9 255.7 257.8 260.5 265.7 271.7 281.1 294.9 308.3 324.7 341.5 362.6 378.4 393.5 408.5 419.1 425.1 428.4 426.1 428.5 429.1 434.6 438.3 440.3
337.3 343.6 351.1 356 358.4 360.2 360.9 358 354.3 349 344.8 339.9 334.4 328.2 321.5 314.8 308.5 305.5 295.6 273.5 285.8 292.5 293.6 291.8 292.2 294.2 294 294.3 294.8 293.6 292.4 291.6 292.9 294 295.9 295.9 296 295.4 295.4 295 292.9 291.6 289.9 287.9 284.4 281.6 276.8 273.4 271.1 267.4 261.4 257.5 252.3 254.3 254.8 255.8 257.3 260.7 262.1 265.6 272.7 284.1 298.3 313.9 331.4 349.1 367.8 385.1 399.4 409.3 416.2 419.4 421.7 422.6 422.2 426.2 428 431.6
346.7 354.2 360 362.7 364.9 365.7 363.8 357 352.3 348.4 344.9 340.5 335 328.9 322.4 316.9 310.7 305 295.2 291.1 297.6 299.7 301.6 302.1 302 302.5 302.8 303.7 303.8 301.6 300.5 300.3 301.3 301.6 302.3 302.8 302.8 302.9 302.8 301.3 300.3 299 297.4 296.6 291.2 285.4 281.5 276.1 273.7 270.4 265.1 260 256.5 255.1 255.1 255.8 256.8 258.4 260.9 264 267.5 274.7 288.4 303.7 320.4 334.6 352.3 372 387.4 398.1 403.8 407.5 411.4 414.7 414.5 416.7 419.9 424.4
358.3 362.9 366.4 368.9 370.4 368.9 364.8 356.4 352.1 347.6 343.9 339.7 334.6 329.4 323.9 318.4 311.7 305.1 291.1 300.6 306.3 307.3 310.5 311.1 310.7 311.7 312.2 312.5 311.6 311.1 310.5 310.2 309.5 309.4 310 310.7 311 311 310.1 308.5 307.8 307.4 304.6 302.5 297.3 293.3 288 281.5 276.8 273.7 268.5 264 258.4 256.4 256.1 255.8 256.5 257.3 258.1 260.7 265.7 269.7 279 292.9 307.9 324.6 341.1 355.8 374.8 386.8 392.3 396.6 401.1 404.6 407.3 410.5 414.4 419.1
364.8 368.4 371.9 374.5 373.9 369.8 362.7 356.3 350.9 346.2 342.4 338.8 334.1 329.9 325.6 320.4 314.2 307.8 298.6 307.5 312.4 315.9 318.6 319.2 319.2 320.8 322 322.6 321.1 320.3 319.7 319.1 318.2 317.9 317.5 317 317.4 316.8 316.1 314.7 314.4 313.8 311.9 308.7 304.5 300.7 295.3 287.2 281.6 277.4 273.9 269 260.9 256.8 256.1 255.9 256.4 257 257.8 258.7 262.4 267.1 271.7 282 296 311.8 328.7 343.8 362.9 376.5 384.4 389.1 393.2 397.3 400.8 404.9 409.5 414.7
369.1 372.5 376.1 376.7 372.4 366 358.8 353.1 347.8 345.1 341.3 337.4 334.1 330.5 326.9 322.6 316.8 309.5 304 313.7 318.9 322 324.7 326.4 328.5 331.4 332.2 332.4 331 329 328.7 328 326.5 325 324.4 323.7 323.4 322.5 321.7 320.7 319.7 319 317.2 313.6 311.9 306.9 300.6 294.7 287.5 282.3 281.7 276.9 268.2 260 256.8 256.6 256.7 256.8 257.5 258.3 259.2 263.6 270.5 274.8 285.9 301.1 318.4 331.9 349.7 365.8 376.9 383.8 387.4 391.7 395.7 399.9 405.2 410.4
370.8 375.1 379 376.3 369.3 365.3 363.3 357.4 350.7 345.1 340.6 337.9 335.1 331.4 327.6 323.3 317.6 309.2 309.9 318.2 324.2 327 329.1 332.4 336.7 341.5 344.6 344.6 341.1 338 337.4 336 334.4 333.2 332.3 330.8 329.5 328.7 326.8 325.7 324.5 322.7 321.3 321 317.1 312.1 309 301.9 293.6 292.2 288.9 284.3 278.3 269.3 260.1 257.4 257.1 257.1 257.3 258.1 258.6 259.3 262.4 269.7 278 291.2 307.6 322.1 340 355 366.8 375.3 382.3 387.2 390.7 396.1 401.4 406.7
