WholeMapElevations/data/nj/nj55_OST50GRID_20230518/NJ55.asc
ncols 200
nrows 200
xllcorner 350000
yllcorner 850000
cellsize 50
[rows 70 to 104 of 200, columns 78 to 155 of 200]
233.2 226.1 217 208.6 206.5 202.8 198.9 196.1 193.7 192.7 192 189 188 186.2 182.8 181.1 179.1 176.9 174 168.1 166.7 165.1 164.3 163.6 162.1 158 156.2 155.3 153.7 152.4 149.9 148.4 147.9 146.5 145.1 143.9 143.6 137.6 135.3 133.3 130.4 126.4 123.3 120.7 118.4 117.3 116 114.4 115.8 117 116.6 116.2 115.6 115.9 116.8 118.7 119.5 121.9 123.8 125.6 127.1 126.8 127.3 129.2 127.2 127.2 134.1 137.5 146.3 155.6 169.2 174.2 177.2 180 181.9 186.3 190.4 196
230.2 222.7 216.1 210.3 210.1 206.9 203.2 199.6 196.9 196.7 194 193.2 191.3 187.1 185.5 183 181.9 177.6 174.4 171.3 168.7 168.2 165.7 162.9 160.2 158 156.4 155.6 153.4 151.2 151 149.3 149 147 145.1 144 140.9 137.1 134.8 132.2 131.1 127.2 122.4 118.7 118.1 116.4 115.1 114.9 116.8 118.2 117.5 117.5 117.1 117.9 119.6 119.9 121.1 123.1 125.4 127.1 128.3 128.4 126.9 129.8 129.6 128.4 132.4 140.3 148.5 158.5 170.7 177 176.8 178.7 182.2 187.5 192.8 198.9
225 220.3 217.1 216 214.4 211.4 207.1 202.6 201.2 199.4 198.4 193.8 190.8 190 188.4 186.8 182.6 178.3 175.9 172.2 169.7 167.9 165.1 162.5 160.7 158.8 157 156.2 154.5 151.6 151.1 149.1 147.7 146 144.6 143.1 139.4 136.7 134.7 132.3 129.8 125.9 120.9 119 117.5 116.4 114.9 116.6 118.4 118.9 118.5 117.9 117.8 119.4 120.7 122.7 123.1 124.5 127 128.7 129.5 129.7 129.1 129.3 130.7 130.7 132.8 141.5 149.3 158.1 170.7 175.1 174.7 176.8 181.8 188.5 195 199.8
222.8 220.9 220.4 222.4 218.8 216.1 210.8 207.8 205.1 201.3 199 194.9 193.5 191.9 192 187.8 184.3 178.6 175.6 173.1 170.3 168.7 165.1 162.5 160.5 158.7 157 154.6 153.7 151.6 149.2 148.5 149 146.2 144.6 142.7 140.1 137.1 133.7 130.6 126.2 123.2 119.6 117.2 116.4 116.5 119.7 119.6 119.6 119.3 118.8 118.8 118.8 120.1 121.7 124.5 126.1 126.2 128.4 130.1 130.2 130.9 131.2 130.8 130.2 133.1 134.8 141.2 148.5 158.2 165 168.9 172 174.9 180.3 186.3 194.3 201.3
223.9 224.4 225.8 228.4 225 219.3 215.7 210.8 207.2 203 199.3 197.1 196.3 196.2 190.8 188.6 187.6 182.5 176.8 173 171.2 169 166.2 162.6 161.3 158 156 154 152.2 151.6 150.6 149.8 149 146.5 143.7 141.6 137.6 135.2 132.5 129 125.5 122.7 118.6 117.1 118.5 120.7 122.8 122.2 121.1 120.6 121.3 120.8 120.4 121.1 122.8 124.9 127.5 127.8 129.3 131.4 131.6 132 132.4 132.4 131.5 133.4 136.7 140.5 147.4 156.5 163.3 166.5 169.7 173.4 180.8 188.6 194.8 201.8
228.4 230 234.5 235.4 230.4 225 217.9 212.7 209.3 205.2 203.3 204.5 199.1 195.4 193.3 190.2 187.5 184 180.2 173.7 170.9 169 166.5 164.1 161.7 157.3 154.3 152.8 151.6 150.3 149.8 148.3 146.5 145.7 143.5 138.8 136 133.3 131.1 127.1 124 120.3 118.8 117.6 121.7 124.1 124.1 123.3 122.2 122 122.2 122 121.6 122.2 123.9 126 128.1 129.9 130.8 132.8 132.8 133.2 133.7 133.2 132.5 134.5 135.9 140.2 146.6 153.4 159.2 163 166.4 171.8 179 187.3 195.1 200.3
236.3 240.2 242.8 242.2 237.9 229.8 219.9 214.8 210.4 208.1 205.7 204.9 200.1 196.3 194.2 192 189.4 184.4 180.1 175.4 172.5 167.7 165.9 162.3 159.5 156.8 154.5 151.9 150.9 149.2 148.5 148 146.2 144.6 141.3 138.7 135.7 133.2 131.4 128.6 123.7 123.1 120.7 119 124.1 125.6 124.9 125.3 124 123.3 123.5 122.9 122.6 123.7 125.1 127.2 129.4 130.8 131.8 133.4 134.5 134.7 135 133.6 133.6 135.2 137.5 141 145.8 150.8 156.9 159.3 165 171.2 179.4 185.7 192.8 197.5
243.3 248.4 250.5 249.3 243.6 235.6 222.3 216.4 213.1 209.4 208.1 205.9 201.8 197.3 196.4 193.2 190 183.7 179.8 176.1 171.7 168.6 163.6 164.5 160.6 157.8 154.5 151.6 150.9 149.4 149.7 147.9 147.4 145.5 143 140.1 138.2 135.2 131.9 129.2 125.6 123.7 120.9 122.2 124.9 126.3 127.2 125.3 125 124.5 123.9 124 123.6 125.2 126.3 128.5 130.5 133.2 133.9 134.5 135.5 136.5 135.7 135.3 135.4 135.7 138.8 141.6 145.1 149.9 156.2 158.3 166.4 171.5 177.9 184 189 192.7
251.8 255.6 258.6 255.7 249.6 237.8 225.1 218.7 214 210.7 208.8 206 201.8 198.5 196.1 192.6 190.4 185 180.1 175.1 172.5 170.5 166.8 162.6 159.7 157.8 154.9 152.5 150.4 150 151.4 150.1 147.1 146.1 144.2 142.1 140.6 136 133.7 129.9 126.2 123.6 122.6 125.1 127.1 127.8 128 126.9 126 125.5 124.5 125.6 125.3 125.6 127 129.6 131.3 134.6 136.2 136.7 137.1 137.8 137.8 137.5 137.3 137.5 139.4 140.7 143.9 147.5 155 157.7 160.8 171.2 176.2 180.9 185.4 187.9
258.7 266.8 268.7 263.1 253.1 242 228.9 222.7 215.2 211.6 209.7 206.3 203.1 200.2 196.2 193.3 190 184.3 180 177 174.1 169.1 165.7 162 159.5 157 155.3 152.6 153.5 155.8 153.5 149.5 147.5 145 141.7 139.1 136.8 133.5 131.2 130 126.3 124.4 125.5 127.5 129.1 128.7 129.2 128.7 127 126 125.8 126.4 126.9 127.5 129.2 130.7 132.4 135.6 138.3 138.8 139.1 139.8 139.4 138.6 138.9 139.1 140.2 141.9 143.6 148 153.1 157 160.8 167.8 174.5 178.9 181.9 183.9
270.8 278.9 278.7 270.1 257.7 245.1 233 225.3 218 213.6 210.1 206.7 203.1 199.8 196.1 192.7 189.4 184.5 183.2 178.1 172.5 168.3 164.6 161.4 159.2 157.7 156.7 156.1 154.5 154.4 150.4 148 146.3 143.8 141.6 139.5 136 132.9 128.2 127.7 124.5 124.7 126.9 130.5 132.4 130.4 129.7 129.1 128.5 127.7 127.6 127.1 128.8 129.4 130.9 132.6 134.2 137.2 139.4 140 140.6 141.7 140.9 140.3 140.8 140.5 141.3 144.4 144.2 147.9 152.3 155.5 159.8 167.1 172.2 176.5 179.5 180.3
284.1 289.6 285.4 274.5 260.5 249.9 237 228.3 220.6 215.7 211.2 206.7 203.1 198.7 195.3 191.9 189 186.8 181.3 176.3 171.2 169 165.3 162 161.1 159.7 155.2 152.9 151.7 151.3 148.2 146.3 144.6 142.9 141.4 138.8 135.7 131 125.8 124.7 124.5 125.8 127.8 130.7 133.2 131.4 131.3 130.6 130.4 129 128.7 128.3 130.3 131 132.7 134.3 136.3 139.6 139.6 141.9 141.7 143.3 141.8 142.2 142.7 142.7 142.8 144.9 147 147.1 151.7 154.9 159.6 167 171.5 173.8 177.3 178.1
297 298.9 290.4 277.7 264.2 253.8 240.3 230.2 223.6 217.5 212.4 206.2 202.3 197.9 194.5 191.2 187.6 183.9 179.9 174.7 173.3 168.8 165.5 162.2 160.5 157.7 155 154.1 151.1 150 149.8 147.9 145.6 145.2 142.3 140.6 136.2 130 124.9 127.2 127.9 127.2 127.7 129.6 131.4 133.9 132.5 132 131 130.5 130.1 129.9 131.9 132.2 133.7 136.4 138.6 141.6 140.6 144.4 143.7 143.7 144.2 144.6 144.3 145.2 144.5 145.2 147.8 147.7 150.3 154.4 159.4 164.5 168.2 172.7 175.1 176.8
304.4 303.1 294.1 280.6 266.2 256.1 240.9 231.4 223.7 219.2 211.8 205.1 201.3 197.9 195.3 191.3 185.6 182.9 179 174 170.9 168.7 165.3 163.1 159.7 158.4 157 155.3 152 150.7 149.2 148.2 147 144.8 141.3 138.8 135.6 129.1 126.9 128.3 128.1 128.2 129.2 131.1 131.2 133.5 134.7 133.4 132.4 132 131.2 131.7 133.9 134.6 135.4 138.9 140.9 143.6 142.1 145.8 146.4 146.1 146.1 147.1 147.2 147 147.3 146.1 148.8 149.2 150.7 155.5 160.1 164.9 168.9 172.9 175.1 175.9
308.3 305.8 296.4 282.6 269.1 257.7 240.7 229.3 222.8 218.6 211.2 205.7 200.1 197.2 194.1 190.4 186.7 182.3 178.6 174 175.2 167.9 163.2 160.6 159.5 159 158.4 155.2 153.4 152.1 149.8 147.9 146.4 145.4 142.1 136.9 131.8 127.6 126.8 128.4 129.3 130 131.9 133.4 133.5 134.8 136.3 135.6 134 133.9 132.4 133.6 135.7 135.9 137.4 139.6 142.3 145 144.1 146.7 147.9 148.2 148.8 150 150.5 149.9 150.7 148.6 150.2 151.8 153.2 157.3 163 166.8 170.2 173.6 176.2 178.4
313.5 308.4 298.7 285.7 272.5 256.9 239 228.4 222.1 217 210.7 204.9 199.8 195.3 191.6 188.8 185.4 182.2 179.2 179 174 168.1 163.8 161.5 162.4 161.5 158.1 157 156 154.1 152.4 149.6 148.5 147.5 144.2 138.9 132.8 127.9 130.8 128.9 131.1 133.7 133.9 136.1 136 135 136.5 138.3 136.9 136 134.1 135.2 137.6 138 139.2 141.6 144.3 146 146 148.3 150.3 150 151.5 153.1 153.6 153 151.6 152.7 151 154.5 156.6 159.8 165.8 168.9 172.2 176.6 179 181.9
320.4 312.8 300.3 289.2 275.8 257.4 239.8 228.6 221.9 215.3 209.9 206 199.1 193.9 189.8 187.9 185.4 183.3 177.6 174 169.5 166.7 164.3 162.3 163.2 164.6 160.4 157.6 155 153.5 151.9 150.2 147.1 144 139.8 136.7 135.1 132.6 130.2 131 132.9 134.6 134.1 136.8 136.9 136.1 137.6 141 142 138.3 135.9 137.4 139.1 140.4 141.3 143 146.3 146.7 147.5 149.8 151.6 152.3 153.8 155.2 155.9 155.4 154 155 153.3 156.3 159.5 162.9 167.9 171.8 174.7 178.6 182.9 187.3
329.1 317.8 302.8 294 279.7 258.5 241.5 232.3 223.1 217.1 211.8 206.4 200 193 190.1 188.5 186.2 180.9 175.7 171.6 168.7 167.2 164.5 162.7 160.7 160.1 157.8 156.7 155.3 154.9 153.4 150.2 147 144.3 141.4 136.9 133.9 132.8 131.1 133.1 135.5 137.1 136.3 137.9 138 137.9 140 141.7 142.9 140.6 138.7 140.1 141.9 142.2 142.8 144.7 147.3 148.6 150.9 151.3 152.7 154.2 156.9 157.9 158 157.8 157.7 157.1 156.7 158.4 161.9 165.4 169.9 173 177.4 182.5 187 192.9
338.7 323.9 308.7 298.5 284.3 260.5 240.9 234.1 227.6 218.2 211.8 203 197.6 195.5 191.9 189.7 185.7 179.8 175.9 172.7 169.7 166.4 164.3 163.4 161.9 160.2 160.2 159.4 157.6 155.1 154.2 151.8 147.6 144.8 142.5 138.2 133.7 131.9 133.1 137.6 141.4 141.1 139 139.2 139.5 140.5 141.8 142.9 144.8 143.2 140.7 143.6 145.8 145.2 144.2 146.1 148.3 150.3 152.1 153.2 155.2 155.5 158.2 160.2 160.6 159.7 159.4 159.6 160.6 161.8 165 168.1 172.1 176.6 182.7 186.9 193.5 199.6
346.2 329.5 314.6 305.9 289.9 266.1 245 234.8 228.4 218.8 211.9 206.2 201.9 197.7 193.7 187.9 184.6 180.6 176.7 175.8 169.8 167.6 166.2 165 163.7 161.6 161.7 160.7 159.4 156.8 154.6 152.2 148.7 144.9 142.2 137.6 135.1 132.3 135.7 140.3 144.7 144 141.2 140.6 141.2 142.7 143.1 143.4 146 144.7 143.1 142.9 146.8 148.6 146.9 148.6 149.3 152.2 153.7 154.6 157 158.8 160.7 161.8 162.3 161.8 161.4 162 163.8 165.2 167.6 170.7 174.9 179.8 186 192.5 199.5 206.8
354.3 338.9 322.8 311.4 296.2 270.6 247.9 235.1 228.2 220.4 212.1 208.3 203.3 200.6 194.3 188.8 186.4 182.4 180.6 176.7 171.7 169.3 167.6 166.3 164.5 163.5 162.5 161.1 160.6 157.7 155.6 152.8 149.4 145.1 142.4 135.8 135.8 134.2 137 141 145.2 147.6 145.1 143.4 143 144.4 144.8 145.1 146.7 147 145.7 145.3 145.9 148.1 149.8 151.6 152.4 152.6 155.2 156.8 158.5 159.6 162.8 164.2 164.4 163.6 163.6 165.2 166.7 167.6 170.5 173.2 179.4 183.9 190.2 198.1 206.1 214
362.7 346.4 330.4 316.9 301.6 277.1 252.3 239.9 229.6 221.9 214.7 209 205.7 199.2 195.6 191.1 188.2 187.2 181.9 177 173.2 171.1 167.4 166 165.7 163.6 162 160.3 159.4 157.9 155.4 151.2 147.7 145.2 143.3 137.6 136.1 135.1 138.3 142.2 145.6 147.1 149.3 144.7 144.9 146.7 147.3 147.1 149.7 149.7 148.2 147.4 147.4 148.6 151.4 155.4 155.9 155.6 157.9 158.8 160.6 162.1 164.7 166.5 166.5 167.4 166.1 166.6 169.1 170.5 172.6 175.4 182 187.4 194.4 202.2 210.2 217.8
370.4 354.7 336.7 321.5 306.1 281.6 260.5 244.6 235.8 224.8 219 212.6 206.6 201.5 198.6 195.1 190.7 185.7 182.5 179 175.8 170.8 169 168.4 167.5 163.3 160.8 159.4 158.2 156.2 154.2 151 147.1 143.6 141 139.3 137.2 137.2 139.6 142.1 144.9 146.1 148.6 150.1 149.7 150.9 149.9 149 150.4 150.5 151 150.2 149.2 150.8 151.6 155.9 156.4 157.7 159 162.8 163.8 165.5 168.5 169.1 169.6 170.3 169.7 169.7 171.3 173 174.3 178.4 184.2 190.6 197.6 207.5 212.7 220.5
377.2 360.5 342.2 326.1 310.5 290.2 267.1 250.3 238.6 229.7 223.7 216.3 209.3 205.3 201.9 198.8 192.3 187.8 184.2 180.9 177 173.6 171.2 167.4 163.6 162.2 160 158.3 156 155.3 152.9 150.1 146.5 142.7 140 138.5 141.8 140.5 144.1 144.9 147.9 149 150.6 152.3 154.5 154 152.3 150.7 152.5 152.1 153.7 152.2 151.9 152.4 153.9 157.4 160 160.7 161.4 165.6 168.3 171.3 173 173.2 173.1 173.8 173.7 172.8 173.5 176.4 178.2 181.5 186.6 193.2 199.9 207 212.5 221.6
382.4 366.4 347.8 331.1 314.8 296.5 272.1 256.8 243.6 235.7 228 221.4 215.5 212 206.3 198.4 193.4 190.4 185.6 183.2 179.4 173.2 168.7 167 163.9 161 159.4 157.6 155.6 154.1 151.3 148.7 145.8 142.3 140.2 139.1 139.5 144.6 148.6 148.9 150.8 151.8 152 155.3 155.8 156.3 155.7 154.3 156.8 154.5 156.2 155.2 155.1 155.8 156.6 159.2 162.7 163.3 165.2 169 172.1 173.5 176.2 177.1 178 177.8 178 177.8 177.4 178.8 181.6 182.6 188.1 193.8 200.6 206.8 212.8 219.6
387 370.4 353.5 336.3 321.9 305.1 281.6 266 251.9 240.8 231.9 223.9 218.5 212.1 205.5 199.4 194.4 190.7 186.2 181.4 177.1 172.7 169.8 165.9 162.8 160 157.9 156.6 154.5 152.9 151.1 147.9 145.1 141.4 141.5 142.5 142.4 142.5 150.8 153.5 154.2 154.8 155.4 161.1 158.8 157.4 158.9 158.3 159.6 159.3 159.1 157.8 159.6 159.7 160.2 161.6 165.1 168.1 170.5 173.7 177.2 179.4 182.4 182.2 182.6 182.2 182.4 181.7 181.2 181.3 184.2 187 191.9 196.8 202.1 207.4 212.2 217.9
390.5 373.9 357.9 341.8 326.4 309.7 291.1 275.2 257.8 244.3 234 227.3 220.3 212.5 206.9 201.4 197.2 191.5 185.4 181 176.7 172.6 169.3 165.5 161.7 158.8 157 155.7 153.7 152.6 150.4 147.3 144.1 142 142.6 142.6 143.8 144.8 149.9 155.4 157.9 158.9 158.5 163.6 164.1 160.2 159.4 161.3 159.6 160.7 160.3 159.8 161.9 163.4 164.1 166.1 166.8 171.9 174.2 179.2 183.2 186.6 189.6 188.8 188.2 187.1 188.2 187.7 185.2 184.9 186.5 190.5 193.2 198.1 202.8 207 212.2 218.4
393.1 376.6 360.7 346 329.5 314 297.4 281.7 267.5 253.6 239.5 229.7 220.8 214.6 208.6 201.6 195.5 190.9 186 181.6 177.7 173.5 167.8 164.2 160.2 157.3 155.9 153.7 152 151.5 149.7 147.3 144.1 143 143.1 143.5 145.5 148 151.9 156.3 161.4 162.9 163.6 166.2 169.2 164.3 161.9 163.3 163.1 162.3 162.3 160.7 162.7 163 165.3 168.9 172.4 174.8 178.1 183.7 190.9 193.3 196.3 195.7 195.1 193.2 193.8 193.9 190.6 189 189.4 194.3 197 201.3 205.4 210.8 216.7 224.9
392.3 377.4 362.4 347.1 330.9 317.3 302 285.9 270.8 258.4 245.4 230 221.6 215 207.5 201.1 196 191.1 186.3 183 178.8 173.6 168.1 162.7 158.5 155.6 154 151.6 149.3 149.8 148.7 145.9 143.9 146.1 145.2 147.7 147.1 150.6 155.3 159.3 164.3 167.5 167.7 169.1 171.4 168.4 165.5 165.7 166.4 164.6 164.9 163.2 166.6 167.6 168 171.5 174.7 179.5 182.2 188.4 194.4 199 201.2 201.1 201 201 202 201.2 198 194.4 195 197.7 201.2 205.3 211.3 218.3 224.9 233.2
388.2 375.3 361.1 346.2 333.1 318.4 303.2 288 273.2 258.2 245.2 231.2 221.9 213.5 208.1 203 197.6 191 185.3 180.6 176.6 173.6 169.9 165.2 160.5 156.4 152.9 150.1 148.8 147.8 146.9 145.7 146.4 147.9 147.7 148.9 150.3 153.9 159.2 163.6 168.3 172.3 170.6 172.6 174.6 171.2 169.9 166.9 169.4 168.6 168.7 167.9 168.6 171.3 172.4 174.5 176.9 181.7 187.7 193.5 199.2 203 205.8 207.2 208.7 207.9 208.4 207.7 205.5 201.2 202.1 202.4 205.2 210.7 217.7 226 232.6 240.2
381.1 372.4 358.1 344.9 330.9 317.6 302.5 286.6 270.4 257.3 243.4 227.9 221.6 214.7 208.1 203.1 196.1 190 186.2 182.1 177.6 174.2 169.8 165.3 162.1 159.1 153.4 150 148.6 148.3 147.3 145.6 147.1 147.4 148 149.8 153.3 157.6 162.3 168.1 173 175.7 175.4 177.7 178.2 175.6 173.6 172.4 170.6 172 171.8 172.9 173 174.8 176.6 179.7 179.8 183.8 191.7 197.6 202.3 207.1 210.8 212.7 214.3 214.9 214.4 213.1 211.7 210.3 209.2 209.1 210.4 215.6 222 229.4 238.6 244.8
372 363.8 353.2 340.8 326.8 312.8 297.7 282.3 266.9 253.1 238.2 226 218.9 213.2 207.3 201.4 196.4 191.6 188.2 184.9 178.9 176.5 172.9 168.5 163.1 157.5 153.6 150.6 148.6 147.4 146.9 147.4 146.8 146.8 147.5 151.5 155.9 161.5 167.3 172.5 175.9 179.1 182.4 184.5 184 181.3 177.1 176.6 175.5 175.9 177.3 178 179.8 181 181.6 184.1 184.7 189.4 196.5 200.5 207.2 210.8 215.6 217.5 219.4 220 219.6 218.6 219.5 218.2 217 215.2 216 219.1 224 232.3 241.5 248.7
359.3 352.8 342.3 332.3 319.3 305 289.2 273.9 259.2 245.7 230.9 224.3 218.1 213 208.7 202 195.9 190.2 185.8 183 180.8 178.5 173 166.7 162.4 159.5 155 151.5 149.4 147.4 146.7 147.4 148.2 147 149.5 153.4 160.5 166.6 172 177.7 182.6 186.7 190.9 192.7 192.7 188.6 184.8 179.8 180.8 180.6 182 180.8 183.7 188 188 188.6 189.3 192.8 198.4 204.3 208.8 214.1 219 221.6 222.4 223.7 224.4 224 224.8 223.8 222.4 221.1 220.1 221.8 226.7 233.7 242.8 251.1
345.4 339.3 329.4 320.3 306.6 294.5 279.5 264.4 253.1 237.8 229.5 223.8 219.2 214.7 209.9 203.6 196.7 192 187.4 184.7 182.9 180.1 174.7 167.6 163.8 158.1 154.9 151.8 150.2 147.6 146.7 146.6 146.9 147.8 152.4 157.4 165.2 173 177.9 183.6 189.1 196 201.1 202.4 201.1 197.7 192.1 185.7 186.1 184.2 185.1 186.9 188.6 189.6 194.2 195.3 195.3 196.3 200.6 206.5 211.7 217.2 221.5 223.9 225.2 227 228.1 227.7 227.8 227.4 226.5 225.5 225.6 225.6 229.3 235.4 244.3 250.9
325.4 322.1 314.1 305.8 295.1 283.2 270.3 257.5 245.4 233.4 227.1 223.1 219.7 214.7 209.3 201.8 196.1 191.2 188 187.5 186 182 174.1 168.2 162.8 156.5 153.5 150.2 149.9 149.4 147.3 147.5 147.9 149.2 154.9 160.7 169.1 177.1 184.8 192.1 197.8 204 209 211.9 210.3 206.4 199.6 193.2 190.1 189 190.9 194.4 196.3 196.3 198.6 200.4 200.9 199.9 202.7 206.9 213 218.5 223 225.9 227.2 228.7 229.4 230.2 230.5 230.3 229.8 230.2 229.3 229.2 231.8 239.1 247 250.8
