WholeMapElevations/data/nt/nt26_OST50GRID_20230518/NT26.asc
ncols 200
nrows 200
xllcorner 320000
yllcorner 660000
cellsize 50
[rows 0 to 34 of 200, columns 0 to 78 of 200]
81.9 82.9 83.1 83 82.4 83 84.1 84.4 85.4 84.8 84.4 83.4 81.9 80.5 78.1 76.4 75.5 73.9 75.3 81.9 80.2 86.3 89.5 90.5 90.7 90.3 90 89.9 90.8 91.6 94.6 93.1 81.5 70.8 70.8 81.4 93.2 98.5 98.7 99.7 99.8 96.6 97.7 100.7 103.4 106.3 108.4 110.5 112.7 114.7 117.9 124.7 126.7 133.7 139 139.9 137.9 134.5 131.3 128.7 125.5 122 119.6 118.6 117.8 117.9 117 116.1 115.5 114.8 114.2 113.4 112.7 112.3 113 113.7 114.5 115 115.6
84.2 84.1 85.2 85.4 85.1 85.8 85.8 85.7 85 84.1 83.8 83 79.2 76.4 75.7 76.3 78.7 83.4 86.4 88.3 83.6 87.7 91.4 93.2 93.9 93.5 93.4 91.9 92.3 95.9 97.7 88.2 76 69.1 79.3 91.7 98.5 98.9 99.2 99.6 98.1 96.3 99 101.2 103.9 106.3 108.3 110.1 112.4 114.9 118.3 123.3 131.4 140.3 146 143.2 139.4 136.5 133.2 128.9 125.5 121.5 119.6 119.2 119.3 119.4 119.1 118.1 117.6 116.9 116.1 115.2 115.2 114.4 114.7 115.5 117 117.9 118.5
89.2 88.7 86.2 85.8 81.7 85 80.2 79.7 79.5 78.5 77.7 77.6 77.7 79.5 81.9 84 88.5 90.5 90.6 90.5 85.1 90.7 93.7 95.9 97 96.1 96.2 97 98.2 99 94.2 81.1 73.5 69.1 92.7 99 99.2 98.9 98.3 97.5 96.4 97.2 100 102.4 104.1 105.9 108 110.6 113.1 115.9 118.8 122.9 132.9 139.6 141.5 139.9 137.8 135.2 132.4 128.6 125.2 122 119.7 118.6 118.1 118.1 117.6 117.3 117 116.5 115.8 116 115.6 114.8 114.6 114.7 115.3 116.2 117.8
87.1 86.3 85.7 84.9 83.8 85.1 82.5 82.1 80.4 80 79.9 79.9 83.5 87.7 88.9 89 92.7 93.9 94.5 91.4 88.3 94.6 97 98.4 99.1 98.7 97.1 94.2 88 86.5 80.8 73.4 67.8 78.6 98.4 100 99.7 99.3 98.4 97 96.8 99.4 102 103.5 104.8 106.2 109 111.3 113.9 116.5 119.3 122.7 126.2 129.5 130.9 131.3 132.4 132.3 129.8 124.2 123.1 120.6 118.9 117.5 116.7 116.7 116.3 116.4 116.1 115.5 114.9 115 114.7 113.7 113.4 113.8 114.3 115.2 116.4
83.9 86.2 85.2 84.7 85.4 86.8 86.8 84.3 84 84.7 86.6 88.5 91 93.7 94.4 93.1 95 97.2 96.9 91.4 93.1 98.8 100.3 100.2 100.2 97.7 91.2 82.7 70.2 69.8 69.2 75 83.6 93.8 99.4 100.2 100 99.3 98.2 98.6 99.4 102.9 104.7 105.9 106.8 108.3 111.1 113.3 115.7 118.1 120.2 122.1 124.1 125.1 125.3 126.1 126.8 127.1 125.5 123.3 121.6 119.5 118.3 116.9 116.1 115.6 115.3 115.1 115.4 114.7 114.4 114.6 114.3 113.8 114 113.9 114.6 115.3 116.2
86 86.1 85.1 87.7 88 88.4 89.5 88.9 89.5 91.1 94 95.1 96.5 97.8 98.8 98.4 95.8 98.8 97.8 92.2 98.3 101 101.5 101.6 100 93.3 85.3 72.2 74.4 75.7 77.1 84.9 94.2 100.2 99.5 100.2 99.9 98.9 99 100 101.5 104.8 106.9 108.1 108.8 111.1 113.5 115.7 117.9 119.6 121.1 122.6 123.8 124.2 124.6 123.3 122.9 121.7 121.3 120.3 119.2 118.6 117.5 116.3 115.9 115.6 115.7 115.3 114.8 114.7 114.6 114.7 115.2 115 115.2 115.5 115.9 116.3 117.1
86.7 89.5 88.2 88.1 88.8 89.8 92.8 97.9 96.4 97.3 98.1 98.9 99.4 99.4 101.1 100.7 97.9 96.6 95.2 93.2 100.1 102.5 102 101.5 97.6 89.9 82.9 72.3 78.6 89.8 94.1 100.4 101.2 101.4 101.7 102.2 101.3 100.9 104.6 103.9 105.3 108 109.6 110.1 110.4 112.5 114.8 117.1 118.9 119.8 120.8 121.3 122.7 123.7 124.3 122.5 121.6 120.9 120.6 119.7 118.7 118 117.2 116.3 116 115.8 117.1 116.4 116.4 116.5 116.4 116 115.9 116.6 117.1 117.3 117.4 117.3 118
93.3 96.2 94.8 94.8 93 93.6 95.7 98 98.9 100.7 102.1 101 100.3 100.5 102.1 100.9 99 93.6 91.8 93.4 97.7 100.5 100.4 100.3 96.7 89.8 81.8 74.6 83.9 102.6 103.5 103.6 103.2 104.3 107.5 109.1 106.4 106.5 108.8 107.8 110.7 112.1 112.3 112.5 112.4 112.9 115.1 117.1 118.2 119.1 119.6 121 121.8 122 122 121.9 121.1 120.4 120.4 119.5 118.4 117.7 117 116.2 115.8 116.2 117.6 117.7 118 118.2 118.1 117.5 117.3 118.2 118.5 118.5 118.5 118.6 118.8
97.1 98 98.4 100.1 102 100.2 100.1 100.7 100.1 103.6 103 102.7 101.5 100.5 99.7 96.9 94.1 92.6 92.7 95.3 96.6 98.6 101 101 97.6 88.5 82.4 74.6 89.9 104.6 105.2 105.5 109.2 111.3 111.4 111.7 110.4 110.5 110.5 111.6 113.4 113.3 113 113.5 113.9 114.3 115.6 117 117.7 118.3 118.3 119.2 118.9 119.9 120.1 120.2 120 119.4 119.2 118.6 118 117.3 116.5 115.9 115.4 115 115.9 116 116.8 117.2 116.1 115.1 116.1 117.9 118.1 118.2 118.4 118.4 118.6
100.5 100.1 100.2 101.5 102.7 101.6 103 102.7 102 102 101.4 101.3 101.3 101.2 99.1 95.1 94.5 95.1 97.8 100 100.6 101 102.7 103.1 99.9 92.1 83.1 72.6 90.4 101 110.5 113 114.4 114.2 114.4 114.6 114.8 113.8 112.9 113.6 114.5 114.2 113.9 114.7 114.9 115.6 116.1 116.8 117.2 117.5 118 118.1 118.1 118.4 118.4 118.5 118 117.3 117.3 117.4 117.1 116.7 116.1 115.2 114.6 114 113.5 113.3 113.8 113.1 111.6 111.4 112.1 113.3 115.3 116 116 115.5 114.8
102.4 101.8 101.9 102.7 103.1 103.4 103.4 103.3 102.8 103.1 101.7 102.9 103.2 102.4 102.1 102.4 102.6 102.8 103.7 103.7 102.8 103.4 104.2 103.4 103.3 101.6 89.2 73.9 87.8 99.4 112.7 116.3 116.8 116.5 116.6 116.7 117.1 115.6 114.4 114.9 115.3 115.3 116.6 116.1 115.7 115.5 115.4 116.5 116.1 116.6 117.3 118 118.1 117.6 116.3 116.7 116.7 116.2 115.9 115.4 115.1 114.8 114.3 114 113.3 112.4 111.8 111.1 110.5 109.5 110.8 111.4 109.1 110.7 112.1 112.2 111.3 109.9 109.8
102.8 102.5 102.5 103.9 104.7 104.6 104.8 104.1 104.3 103.5 104.1 105.6 105 104.9 104.6 105.2 105.7 106.2 106.3 106.6 106.2 107.2 107.7 107.9 109.2 108.7 100.7 77 86 98 113.4 116.8 117.5 118.3 118.1 117.7 117.3 116.1 115.7 115.6 116 117.5 116.8 116.5 116 115.4 115.1 115.3 116.3 116.2 116.8 117.3 116.4 116.5 115.6 115.6 114.9 114.8 114.8 114.3 114.5 113.2 112 112 112.1 112.1 111.6 111.8 112 111.7 111.9 112.1 110.8 109.1 108.8 109 108.5 107.5 107.5
108.5 103.9 105.3 105.6 105.7 105.9 106.2 106.2 105.9 107.1 107.1 107.6 107.5 108.2 108.5 109 109.5 110.1 110.3 111.2 112.4 113.5 113.9 113.7 115.3 112.7 106.5 87.3 79.3 95.3 109.8 116.7 117.5 119.1 118.7 117 116.7 116.5 116.4 116.2 116.3 116.3 116.4 116.3 115.8 115.3 114.9 115 115.6 116.4 116.5 116.4 115.7 116 115.7 115.1 114.5 114.6 114.8 114 113.5 113.8 113.7 113.5 113.1 112.8 112.4 112.8 112.6 112.5 112.6 112.6 112.5 111.9 113.5 113.8 110.8 110.8 112.4
112.3 109 105.8 106.3 107.4 108.2 108.8 108.5 108.6 108.3 109.7 110.2 111.2 112.5 113.1 113.9 114.2 115.6 117.4 117.7 118.7 119.2 119 119.5 119.5 117.1 111.9 98.9 77.2 88 102.5 110.9 117.8 118.9 117.5 116.6 116.7 116.6 116.4 116.3 116.2 116 116 115.7 115.2 115 114.7 114.6 114.6 116 116 114.9 114.7 115.2 115.2 115.2 114.9 114.7 114.6 113.8 114.2 114.2 114.1 113.8 113.5 113.3 113.4 113.3 113 113 112.9 113.5 114.8 115.9 116.1 116.3 113.6 112.6 116.4
108 115.3 109.9 108.8 109.9 111.2 113 113.9 113.9 113.4 113.7 114.8 118.1 116.4 117.1 118.3 119.3 120.8 121.4 121.2 121.8 122.3 122.7 122.6 122.5 120.7 119.4 110.8 97.8 81 92.1 97.2 105.1 115.7 117.1 117.2 116.7 116.3 116.4 116.4 116.1 115.9 115.5 115 114.5 114.8 114.5 114.2 113.9 114.3 114.2 114.3 114.8 115.2 115.4 115.4 115.4 115.4 115 114.7 114.6 114.5 114.4 114.2 114.1 113.9 113.9 113.7 113.4 113.2 113.2 114.2 116.6 118.7 118.4 116.3 113.8 115.9 119.8
110.2 112.9 117.9 112.7 113.7 114.6 115.5 115.9 117.1 118.3 118.9 119.6 119.9 121.8 122.2 121.9 123.2 123.7 123.4 123.7 123.5 123.6 122.9 122.6 122.1 121.6 121.3 119.6 111.2 94.5 81.9 81.6 88.5 105.6 117.3 117.6 116.9 116.2 116.2 116.2 116 115.6 115.3 115 114.6 114.5 113.9 113.8 113.7 113.7 114 114.5 115.2 115.2 115.5 115.7 115.8 116 115.7 115.7 115.1 114.9 114.7 114.6 114.6 114.6 114.4 114.1 113.8 113.6 113.6 114.3 117.2 119.4 118.6 115.6 117 121.2 121.7
113.7 114.7 117.1 117.7 117.6 117.8 118.1 120 121.3 122.9 124.7 124.4 125.4 125.5 125.6 125.2 125.1 124.2 124.7 124.7 123.9 123.1 122.5 121.9 121.3 120.8 120 118.2 113.2 102.7 95.2 88.2 84 99.2 113.2 116.9 116.3 116.3 116.2 115.7 115.6 115.1 114.9 114.8 114.6 114.2 113.8 113.7 114 113.8 114.2 114.5 115 115.4 115.4 115.8 115.8 115.5 116.2 115.6 115.4 115.3 115.3 115.2 115.3 115.4 114.9 114.7 114.5 114.3 114.4 115 117.6 118.6 117.4 117.1 122.9 127.8 126.8
116 118.3 120.2 120.7 121.5 123.6 125.1 126 126.9 127.9 127.8 127.2 126.8 126.7 126.4 125.6 125 124.5 123.9 123.5 122.8 122.2 121.7 121 120.2 119.5 116.3 113.1 110.8 104.4 98.6 91.8 85.8 97.6 110 116.1 116.1 116.5 116.3 115.6 115.1 115 114.8 114.5 114.6 114.5 114.1 113.8 114.2 113.9 114.2 114.6 114.9 115.3 115.6 115.9 116.5 116.3 116.5 116.3 116.1 116 115.9 115.8 115.9 115.9 115.1 115.2 115.1 115.1 115.3 116 117.3 117.2 117.2 120 125 129.7 131.5
119.8 122.2 125 124.2 121.9 127 128.6 129.2 129.4 128.7 128.1 127.5 126.9 126.1 125.2 124.2 123.6 122.8 122 121.7 121.3 121.2 120.7 119.9 117.9 112.7 104.9 100 90 87.6 86.3 88.3 84.4 109.9 114.1 116.1 116 116.5 116.6 116.6 115.8 115.5 115.5 115.4 115.2 114.9 114.6 114.4 114.5 114.2 114.3 114.4 114.8 115.5 116.4 117.4 117.5 117 117.1 116.9 116.7 116.6 116.5 116.4 116.3 116.3 116.1 115.9 116.1 116.5 117.3 117.5 117.9 117.8 120.4 123.6 127.5 131.7 135.3
127 129.7 130.3 128.6 123 126.3 130.6 130.3 129.5 128.5 127.4 126.8 125.8 124.9 123.8 122.8 122.3 121.7 121 120.8 120.7 120.4 119.6 117.9 112.5 102.9 94.9 88.6 94.5 93.1 91.7 95.7 104.9 111.9 114.6 116.2 116.5 116.8 116.8 117.1 117.3 116.3 116.2 115.9 115.7 115.4 115.2 115 114.8 114.9 115.3 115.5 115.7 116 116.9 117.6 117.9 117.8 117.7 117.8 117.6 117.4 117.3 117.1 116.9 117.3 118.4 118.9 119.4 119.8 119.7 119.3 120.5 121.3 124.2 127.2 130.1 134.3 136.5
131.1 131.4 131.7 130.4 130.3 123.2 131.7 129.8 128.4 127.8 126.9 125.6 124.4 123.6 122.9 122.2 121.7 121 119.5 119.5 119.9 120.1 117.8 113.8 104.8 95.4 88.8 100.8 100.7 100.4 101.9 108.2 115 115.6 116.3 116.8 116.8 117 117 117.1 117.2 116.6 116.7 116.4 116.2 116 115.9 116.2 116.4 116.9 117.3 118 118.7 118.8 119.1 119.4 119.2 118.8 119 119.3 119.1 118.7 118.4 118.1 118.6 121 121.6 121.5 121.6 121.3 120.9 122.6 124.9 125.1 126.4 130.7 134.2 136.3 137.2
131.7 132.6 132.9 131.6 131.3 124.8 128.3 123.5 123.5 125.1 124.9 123.2 122 121 120.4 120.9 112.8 107.4 107.3 114.8 116.7 117.9 115 109.2 100.3 92.4 89.1 108.7 110.8 111.9 111.7 115.6 117.1 117.2 117.4 117.6 117.3 117.9 117.7 117.8 117.6 117.7 117.3 116.9 116.9 117.3 118.3 119.3 120.2 120.6 121.6 122.1 122.8 122.7 122.3 121.3 120.4 119.8 120.7 120.4 120.1 119.5 119 119.6 120.5 121.5 121.8 122.7 122.9 123.8 125.1 126.3 128.1 129 129.6 131.9 133.3 133.7 136
132.4 132.3 131.5 130.8 129.8 122.9 124.3 108.5 104.8 103.6 105.4 110.3 109.6 111.9 109.8 103.9 100.7 99.7 98.8 96.8 96.8 103.4 107 102.4 97.1 93.5 89.8 111.8 118.1 118.1 118.3 118.4 118.7 118.5 118.2 118.4 119 119.8 119.8 120.1 119.7 119.6 119.1 119 120.2 121.6 122.6 123.8 124.3 124.5 124.7 125.7 126.4 125.3 123.9 122.7 120.8 120.5 121.1 121.3 120.8 121.5 122.7 122.2 122.5 123 125.1 126.7 127.9 129.2 129.3 129.9 130.9 131.5 132.2 132.9 133.6 134 135.1
132.1 131.2 129.9 129 123 116.9 115.7 104.9 114.2 113.3 109 107 105 102.9 100.3 101.5 108.9 109.4 107.4 104.2 101.1 98.8 97.1 97.2 96.4 94.3 94.7 120 120.8 120.6 120.4 120.2 119.7 119.3 118.6 120 121 121.8 122.1 123 123 122 120.8 122.2 124.1 124.7 125.6 126.1 126.5 126.4 126.5 126.2 125.4 124.1 122.6 121 121.9 123.9 124.9 124.9 124.4 124.1 124.2 124 126.3 128.5 130.4 131.2 131.9 133.1 133.3 133.4 133.9 134.2 134.8 135.4 135.6 136.2 137.2
129.7 127.8 126.3 123 116.2 111.7 109.4 117.7 122.5 120 117.6 114.8 112.8 111.7 112.5 114.1 116.8 114.5 109.3 106.6 104.3 101.7 97.7 95.8 95.5 98.3 117.2 121.9 121.8 122 121.2 119.8 119.4 120.3 121.7 123.7 123.4 124.1 124.6 125.4 125.5 125 123.5 122.6 124.2 126 127.6 127 126.9 126.7 126.2 124.6 123.9 124.7 126.9 127.3 128.3 128.3 128.1 127 127.3 128.2 129.1 128.7 132.2 133.9 134.7 134.7 135.6 136.6 136.7 137 137 137.1 137.8 138.3 139.2 139.6 140.7
127.1 125.7 124 118 112.7 110.9 105.9 125.2 124 122.9 123.1 122.8 122.1 121 121.5 120.7 119.8 119 117.4 111 105.2 104.1 104.6 105.3 111.1 123 123.9 122.2 121.2 120.8 120.4 120.5 121.3 122.5 124.2 125.1 125.9 126.8 127.7 128.1 128.1 127.7 127 125.7 124.9 124.5 125.3 126.3 127 127.6 129.1 127.1 132.9 134.3 134.4 133.2 132.2 132.8 133.2 133.9 134.8 135.6 135.8 135.9 137 138.6 138.7 138.9 139.2 140.6 141.6 141.8 141.3 141.3 142 142.5 143 143.4 144.1
125.4 123.7 119.7 112.9 109.8 105.8 125.1 124.9 125.8 123.7 123.6 123.2 122.9 122.9 122.5 122.3 121.9 121.5 121.8 121.1 119.9 114.7 111.4 119.4 122.1 122.3 121.9 121.9 122.8 123.2 123.1 123.3 124.3 124.8 126 127.3 128.3 129.3 129.7 130.2 130.5 130.7 131.1 131.9 132 131.1 132 133.2 133.5 133.7 130.1 125.2 134.6 136.4 137.4 137.7 138.2 138.3 137.9 138.9 140 141.8 142.1 140.2 142.9 143.6 143.8 143.6 144.6 144.8 145.8 145.8 146.3 146.2 145.7 146 146.4 146.8 147.3
110.5 111 110.3 107.6 116.7 122.9 124.5 124.8 126.5 124.8 124 124.4 125.1 125 124.8 124.7 124.6 124.6 125 124.8 124.7 123.8 120.5 120.6 122.6 124.3 124.8 126.2 127.2 126.9 127 126.8 127.1 128 129.2 130.3 130.9 131.8 132.7 133.2 133.8 134.4 134.9 135.8 136.8 137.7 138.3 138.8 138.2 134.6 127 130.6 136.9 140 140.8 140.8 140.9 141.6 142 142.7 143.7 144.7 144.4 144.9 146.5 147.6 148.3 148.6 149 148.6 148.2 148.2 148.5 148.8 148.9 149.2 149.4 149.6 150.8
112.6 113.3 118.1 122.9 125.3 125.6 125.7 126.2 128.2 127.9 126 128.3 128.1 128.3 128 127.4 127.2 127.2 127.2 127.2 127.5 127 126.7 126.5 127.3 127.8 128.1 128.8 129.3 129.3 129.5 129.7 130.3 131.8 132.6 133.2 133.9 134.9 135.8 136.8 137.9 138.6 139.2 139.9 140.4 141.1 141.3 139.8 136.2 131.3 128 134.8 141.5 142.7 143.4 143.3 143.6 144.1 144 144 145.1 147.6 148.4 149.8 150.4 151.3 152.1 152.7 153.4 153.9 153.6 153.2 152.7 152.1 151.6 151.8 152.2 152.7 153.8
122.8 124.8 126.3 127 127.5 127.3 126.8 126.7 125.8 130.6 127 129.5 130.1 130.3 129.7 129.3 129.1 129.2 129.9 130.4 130.9 130.5 130.6 130.7 130.8 131.1 131.4 131.8 131.9 131.9 132.1 133.1 134.6 136 137.1 138.2 139.1 139.6 140.5 141.2 142.1 142.5 142.3 142.4 141.7 140 138.3 135.7 131.7 126.5 135 139.7 142.2 143.9 144.9 145.6 145.4 145.5 146.6 147.1 147.2 151.5 151.8 152.7 153.8 154.5 155.3 155.8 156.1 156.7 156.7 156.8 156.6 155.3 154.8 154.6 155.1 156 157.9
127.6 130.2 131.3 131.3 131 128.4 127.4 127.9 130 131.9 132.5 131.3 131.9 132 132.2 132.4 132.7 133.4 133.8 134 134.1 133.5 133.2 133.7 133.8 134.3 134.6 135.2 136 137 139.2 140.2 141.3 142.9 143.5 143.9 144.4 143 143.5 143.6 143.4 143.2 142 140.5 138.8 135.1 132 129.1 136.6 139.9 141.2 142.8 144 143.8 145 145.6 145.6 146.8 148 150.1 150.8 155.2 156.9 157.7 158.3 159 159.6 159.5 159 158.9 158.9 158.8 159.1 158.2 158 157.3 157.9 159.1 161.1
131.9 133.6 134.1 131.8 129.8 130.8 132.7 135.1 136.7 136 135.2 135.9 135.7 135.9 137.1 137.7 138.1 138.5 138.7 138.4 137.7 137.5 137.3 137.4 137.7 138.5 139.4 140.5 142.7 143 144.1 144.2 144.4 144.5 144 143.9 143.4 142.7 140.8 138.6 137.9 138.1 135.6 131.7 130.2 132.2 136.7 140 143.5 143.6 144.3 144.9 145.3 146.2 147.2 148 150.3 152.9 153.9 157 158 151 162.1 162 162.1 162.8 162.8 162.5 162.1 161.4 160.6 160 159.9 159.7 159.7 159.5 159.9 161.3 163.4
133.5 131.3 131.3 132.5 135.8 138.6 140.6 141.4 141.5 140.7 139.5 137.8 140.5 141.2 143.6 143.8 144.2 143.9 143.7 142.9 142.2 141.7 141.6 141.6 141.6 142 142.4 143.2 143.7 144.1 144.2 144.1 144.1 143.8 143.4 143.1 142.6 141.1 137.1 139.2 138.9 138.3 139.5 140.2 141.5 141.7 141.7 143.5 145.1 145.6 146.4 146.9 148.2 149.5 151.5 152.3 154.9 155.6 157.9 163.4 163.8 162.5 162.2 165 165.8 165.8 165.4 164.3 163.8 163.7 162.4 161.9 161.1 161.2 161.2 161 161.6 163 165.3
134.6 134 137.3 141.5 144.2 146.3 146.4 145.9 146.2 147.3 149 149.3 140.4 149.1 148.4 148.8 148.7 148.1 146.9 145.8 144.9 144.5 144 143.6 143.3 143.6 143.6 143.7 144 143.7 143.5 143.5 143.4 143.3 142.9 142.5 142 140.3 139.7 142.8 143.1 142.5 143 143.6 144.8 144.7 144.7 146 147.7 149 150 150.5 151.8 153.5 155.9 156.5 158.9 160.8 163.5 165.7 167.2 167.3 157 168.8 169.6 168.9 168.2 167.3 166.7 165.9 164.6 163.6 162.9 162.8 162.5 163.3 164.2 165.1 166.7
147.3 148 148.2 150.6 152.2 152.3 151.8 151.9 154.1 155.1 155.7 155.6 153.8 143.1 148.8 152.2 151.7 150.6 149.6 148 147.1 146.4 146 145.5 144.9 144.8 144.6 144.4 144.5 144.1 143.7 143.5 143.3 143 142.4 142.2 141.9 140.8 142.7 144.8 145.1 145.1 145.1 145.7 146 147.5 147.8 148.8 151.1 153.3 154.5 155.3 157.1 159.7 160.8 161.2 164.3 165.4 167.1 169.1 170.3 170.5 159.6 170 171.2 170.9 170.4 169.6 168.9 166.8 165.8 165.3 164.1 163.5 164.1 164.8 166.6 167.1 167.6
