UK/data/no/no34_OST50GRID_20230518/NO34.asc
ncols 200
nrows 200
xllcorner 330000
yllcorner 740000
cellsize 50
[rows 144 to 179 of 200, columns 81 to 161 of 200]
215.9 211.4 210.9 213.5 216.8 216.7 214.6 213.2 214.6 216.3 214.8 211.2 206.7 195.8 205.3 219.1 223.4 237 247.5 258.2 265.8 271.2 276.1 280.4 283.7 285.8 289.4 295.4 303.2 303.9 307.5 305.9 305.9 307.3 308.3 311.7 316 320.6 321.5 318.9 308.4 304 308.9 315.9 314.5 308.1 299.1 288.1 278.8 268.5 258.8 248.9 239.4 234.6 236.5 243 242.6 239.8 235.2 230.4 227.2 224.5 221.4 218.8 217.6 214.4 211.8 209.8 207.7 205.5 202.7 201.5 199 194.5 189 194.7 195.2 195.3 195.5 194.5 197.3
214.3 216.2 223.8 228.3 225.9 223.9 221 218.8 218.5 218.9 218 214 208.2 192.5 206.6 214.7 223.8 244 255.1 264.3 270.6 275.1 280.1 284.7 285.6 288.8 298.2 306 312.9 315.4 318.8 317.7 315.8 314.6 317.9 318.4 322.3 323.9 324.1 320.4 311.6 302.2 314.8 314.7 311.2 305.8 296 286.3 276.5 266.3 256.8 248.3 240.2 236.8 236.5 239.5 236.4 232.7 227.5 223.9 220.8 218.7 216.1 215.5 214.5 212.2 210 208 205.9 203.6 200.9 199.3 193.5 184.8 196.8 197 197.2 197.3 198.1 198.4 202.7
218.7 221.3 229 233.3 232.6 230.3 226.9 225.9 223.7 221.2 220.8 215.7 208.9 196.6 205.1 210.6 229.9 247.4 261 270.6 278.3 282.9 286.7 289 288.6 289.1 305.7 317 322.9 325.5 325.1 324.5 327.8 328.4 327.9 327 327.5 324.6 319.1 313.5 308.7 297.5 310.1 315.6 310.5 302.9 294.1 283.4 273.6 264.8 256.3 248.4 241.3 237.2 235.4 234.3 230.7 226.8 222.4 218.5 216 214.2 212.9 213.6 214.2 214.2 211.5 208.9 206.3 203.8 202.4 199.4 188.5 198.3 199.5 199.6 199.6 199.9 200.9 202.8 207.4
222 224 229.8 234 232.8 229.9 229 228.2 227.1 223.9 222.4 216.1 209.4 199.4 197.9 208.1 221.3 238.8 259.4 269.1 276.2 282.4 286.5 291.2 290.9 288.1 297.8 316.6 322.5 326.8 329.5 331.9 334.2 337.5 336.8 332.8 329.4 323.1 314.8 308.1 304.5 294.5 298.3 299.3 296 289.9 282.7 274.5 268.3 260.4 253.6 245.7 240.2 236.5 234.4 231.2 226.9 222.7 219.3 216.2 213.4 212.6 214 215.6 216.7 216.1 213.5 210.9 208.2 205.9 203 194.4 193.6 201.4 202.4 202.7 203.2 203.6 204.5 206.5 210.5
223.9 226.6 230.8 232.4 230.3 228.8 231 229.1 226.4 224 221.1 213.9 208.2 205.9 203.6 204.1 220.2 234.2 248.5 259 266 272.5 278.5 284.4 288.4 289.1 289.8 298.7 318.4 327.5 327.5 331.2 336.8 335.4 330.4 327.3 322.6 316.4 309.1 301.8 298 293.1 292.2 292.7 287 279.4 271.3 264.5 258.4 252.6 245.6 239.9 236.4 235.7 232.9 229.1 224.8 221.2 218 215.2 213.4 213 216.9 219.2 219.3 218 215.4 212.7 210 207.8 200.7 192.2 204.5 205.5 205.5 205.8 206.2 206.5 209.7 211.2 214.8
227.3 231.7 233.7 233.6 230.7 229.1 229.6 226.7 222.8 220.1 217.4 212.4 207.3 203.4 206.9 202.5 213.2 222.5 230.1 238.7 249.3 256.4 263.3 271 276 282.3 285.3 290.3 297.7 306.8 314 317.9 321.3 322.5 324.4 322.8 318.4 310.7 304.4 296.7 290.1 283.9 276.2 276.4 273.2 268.4 261.5 256.7 250.4 243.8 235.7 232 232.8 231.6 229.7 226.8 223.2 219.9 217 215.2 213.1 214.1 218.9 220.3 220.7 219.3 216.9 213.7 211.3 200.8 193.8 203.9 208.6 208.1 207.7 208.7 209.1 211.2 214.8 217.9 221.5
234.4 237.8 237.4 235.9 232.3 230.2 227.8 224 220.3 216.9 213.4 210.6 209.4 206.8 209.2 206.9 204.7 211.9 219.1 226.5 235.5 245.7 252.2 258 266 272.4 278.8 285.9 295.7 302.7 307 313.1 318.4 323.7 327.2 324.1 316.4 309.2 302.5 295.4 286.3 278.5 270.4 264.2 260.2 256.5 252 247.6 243.1 236.4 232.9 234.5 235.6 232.8 225.3 221.2 219.8 217.9 215.1 213.3 211.8 214.1 217.7 219.1 219.5 217.7 215.7 213.5 203.1 194.6 204.9 210.3 209.9 210.1 209.6 210.7 212.2 215.9 219.4 223 227.9
242.3 242.7 242.8 239.9 236.2 232.6 228.9 226.5 223.4 218.8 214.6 213.1 211.6 209.2 212.1 214.4 215 212 210.2 219 227.6 239 247.1 256.2 262.7 270.7 278.2 284.9 290.7 298.7 309.6 314.4 323.3 324.4 323 319 312.9 305.9 299.4 294 285.8 277.8 270.1 261.8 253.6 248.1 244.5 240.9 236.5 232.7 232.5 235 235.1 231.3 227.4 223.2 218.3 215.2 213.6 212.1 212 214.6 216.4 217.8 218.2 216.1 214.1 212.6 205.9 195.3 209.8 212.1 211.7 211.7 211.3 212 215.1 219.5 223.8 229.1 234.5
246.9 246.6 246.3 242.5 240.4 236.8 233.6 230.4 226.6 221.4 218.3 216.7 214.6 211.2 216.3 218.2 218.9 217.4 213.8 216.8 228.4 235.6 242 250 258.8 267.8 277.6 283.8 292 300.2 305.5 309.9 310.8 310.6 312 308.1 303.7 299.3 293.7 288.8 281.6 273.2 265.9 258.8 252.1 246.3 241.1 238.6 234.6 232.2 232.9 235.9 233.7 229.4 225.2 222.6 218.3 214.9 212.5 210.8 212.2 214.4 215.5 216.5 216.9 214.5 213.4 211.9 207.9 197 211.1 212.9 213.3 213.3 213 213.6 218 223.2 229.1 235.1 241.5
250.8 250.5 248.8 244.8 242 241 237.6 234.3 230.1 225.8 221.6 219 216.2 213.6 219.6 221.5 221.6 220.3 218.1 213 220.5 230.6 237.1 241.9 249.5 257.7 267.1 274.7 282.9 289.8 294.4 294.3 294.6 296.1 295.7 293.7 289.9 286.2 281.2 276.6 272.9 265.1 259.1 252.5 246.8 242.6 238.4 236 232.8 232.5 232.6 233.1 231.3 228.1 223.3 219.9 216.9 213.9 212.2 210.4 209.5 211.6 212.7 214.2 214.1 212.2 211.7 210.8 198.2 200.8 211.1 212.4 213.7 213.7 213.5 215.3 219 224.6 235.8 242.8 249.4
254.9 253.9 253.5 248.1 245.1 243.9 240.2 236.4 232.1 228.8 225.3 221.6 217.3 216.5 222 224.7 224.2 222.9 220.6 218.8 216.8 224.1 230.1 235.7 242.3 248.5 255.1 264.1 270 274.6 280.6 287.6 297 295.7 295.1 292.3 287.6 282.2 277.4 274 268.8 260.8 253.4 247.8 243.8 241 238.6 235 232.8 234.1 238.2 233.2 228.2 224.1 221.1 217.9 215.6 213.4 211.6 209.8 208.4 208.7 210.5 211.4 211.2 209.8 209 202.6 199.4 208.7 209.6 211 212.8 214.2 214.1 216.8 220.7 226.4 238.8 244.6 253.2
263.2 263.4 259.4 253.4 249.8 249 243.5 237.1 233.6 231.3 227.7 224.2 220.6 220.2 224.2 227.5 228.5 226.5 224.8 222.8 221.4 223.5 225.3 229.4 234.4 239.9 248.1 257.1 264.5 270.4 277.6 283.5 287.3 289.7 291 289.9 286 281.6 275.6 270 264.1 260.9 255.7 249.3 246 242.5 240.1 235.7 234.6 236.6 238.5 234.7 230.5 225.4 221.5 217.7 215.2 212.8 210.9 209.5 208.1 207.2 208 208.6 208.3 203.9 200.8 200.2 204.4 208.4 209.6 210.8 211.9 213.2 214.5 217.5 221.7 226.9 237.3 244.9 255.3
269.7 267.7 264 257.8 253 248.4 242.4 236 231.8 229.4 226.9 225.9 224.1 224.3 228.8 234.9 235.1 232.4 229.1 227.1 225.4 220.8 221.8 224.6 228.9 235.2 243.4 253.9 266.8 278.6 280.5 281.2 285.7 289.2 289.5 288.1 288.2 286.3 282.4 276.2 269.3 264.4 258 252.5 248.8 245.3 242.3 239 238.9 241.5 239.6 234.6 230.5 226.5 222.1 217.9 215.4 212.9 210.9 209.6 208.7 209.4 208.4 204.2 203.2 202.2 202.1 201.7 206.8 207.2 208.9 210.2 211.3 212.9 214.7 217.4 221.8 226.3 232.9 241.6 251.4
274.8 271.8 266.1 259.4 253 246.9 240.8 235.1 230.4 233.5 231.9 229.4 226.3 227.5 233.1 238.6 242.9 240 236.3 233.1 229.9 226.9 223.9 223 226 232.5 240.2 252.7 259.7 268.5 275.1 281 286.8 291.4 291.2 290.8 290.8 291.4 295.6 291.6 285 275.4 266 258.4 253.8 251.5 248 245.7 245.6 246.5 242.9 237.4 231.5 227.2 222.5 218.1 215.7 213.2 211.3 210 209.6 209 207.3 204.5 205.3 205.9 206.6 205.3 205.6 206.9 208.2 209.5 210.7 212.3 214.8 217.4 220.8 225.3 231 240.7 250.5
276.9 273.3 266.7 259.1 253.2 247.1 240.5 234.9 235.5 238.1 236.4 232.4 231 231.9 237.1 242 247 245.2 242.2 239.6 236.2 231.6 228.6 225.2 224.7 230.6 237.9 246.4 253.8 261 268.7 276.4 283.8 290.7 291.2 292.7 294.7 296.6 298.9 296.7 291.8 284.6 277.4 268.9 265.2 261.4 258.1 253 250.3 248.3 245.5 239.6 233.6 228.3 223.2 219.4 216.4 214 211.5 210.7 210.3 208.3 205.8 207.1 206.6 207.2 207.5 207.2 206.2 206.8 207.6 209 210.4 211.8 215.2 218.1 220.7 225.7 232.4 240 252
281.3 275.5 267 258.9 253.6 247.1 240.3 235.6 240.8 242.7 241.1 237.9 236.6 237.2 239.8 244.5 252.1 248.9 246.5 244.1 240.8 237 233.5 230.3 225.8 232.9 240.2 247.6 251.8 258.4 266.3 275.9 284.4 290 293.4 294.4 296.9 299.3 301.1 300.4 295.4 287.3 280.6 276 273 270 265.4 259.6 255.6 253 249.2 242.3 235.4 230.3 225.7 221.7 217.9 214.8 211.7 211.4 210.5 207.6 209.2 208.8 208 208.2 208.2 208.2 207.9 208.4 208.9 210.3 211.8 213.3 214.8 218.4 221.4 227.7 233.8 239.5 249.2
281.9 273.9 266.5 259.5 253.6 248.7 242.9 238.3 246 247.2 245.2 244.3 244.8 245.1 246.4 250.1 254.1 253.2 251.2 248.7 245.3 240 236.2 233.4 227.5 233.5 240.4 248.4 252.6 259.5 269.3 277.9 285.7 290.8 294.7 300 302.4 304.5 305.8 303.5 298.3 293 286.2 281.4 279.3 276.9 271.9 264.9 261 257.8 252.3 245.3 238.3 233.7 228.3 224.1 220.2 216.2 214.3 213.1 210.2 211.7 211.4 210.8 209.8 209.8 209.7 209.7 209.5 209.8 211 212.1 213.6 215.1 216.8 218.6 224 228.8 232.8 237.9 244.1
279.7 271.4 264.2 261.9 259 256 248.7 242.9 250.5 252.1 249.3 253.6 257.2 257.7 259.9 259.6 261.9 263.2 260.2 255.7 251.7 246.3 240.9 236.1 232.1 230.5 239.1 245.4 252 258.2 268.3 277.9 286.5 293.3 299.4 304.7 307.3 309 307.4 304.1 299.8 295.6 291.5 287.2 285.1 281.6 276.1 269.8 265.2 260.9 255.2 248.2 241.7 237.7 232.4 227 221.6 218.4 216.4 214.9 211.8 213.9 213.8 213.2 212.8 212.9 212.9 212.9 214.1 215.4 214.7 215.6 216.1 217.3 218.7 219.2 224.9 228.8 232.8 236.8 242.8
279 273.2 266.8 268.2 263.6 259.5 252.9 248.4 254.6 255 253.6 256.2 259.1 260.3 262.7 268.1 269.1 269.3 265.9 262.2 258.8 254 249 242.6 237.6 231.2 235.3 240.4 246.4 256.7 267.9 278.6 289.3 296.2 304.7 310 312.3 310.6 307.6 302.4 299 294.8 293.7 292.8 288.6 284.5 278.6 272.2 267.4 262 256 250.7 245.1 239.5 235.2 229.9 224.4 222.5 219.7 215.8 214.5 216 216 216.3 217.7 218.8 219.3 220.7 221.9 222.7 222.1 221.8 222.9 222.5 222.7 223.7 226.5 226.8 232.8 236.7 242.8
284.8 277.2 272.8 274 269 262.3 257.3 254.9 252.8 254.5 255.3 259.8 265.1 266.7 263.8 265 269.6 274.3 274.3 270.2 266.9 261.1 256.4 250.2 244.3 238.6 238.4 237.7 245.9 257.8 269.1 281.2 291.3 299.6 306.5 312.6 314 310.6 306.4 302.2 298.2 295.3 293.6 291.9 287.9 284.7 279.8 272.9 268.2 262.8 256.5 251 246 240.5 236.1 232.1 227.2 224.7 218.3 214.6 219.5 220.6 221 222.5 224 225.5 227.4 229.2 230.2 230.1 230 230 230.1 229.3 228.4 227 230.5 226.3 233.3 238.2 243.4
292.1 284.6 285.6 281.4 273.2 267.1 263.9 258.7 255 254.7 258.4 264 272.3 275.7 273.3 270.5 270.3 273.8 274.3 271.7 272.7 269.6 263.2 257.6 251.4 245.1 239.6 237.3 248.3 258.7 269.1 279.8 290.8 300.6 305.5 309.5 308.2 307.2 306.1 302.2 298.2 294.5 291.1 289.4 284.4 279 275.4 272.5 269.2 263.4 256.4 251.1 246.4 241.4 237.2 233 229.3 225.7 217.4 222.4 223.8 225.3 226.8 229.3 230.6 232.4 234.5 236.5 237.2 237.2 237.1 236.9 236.4 235.9 234.9 233.3 234.7 235.9 232.3 237.7 242.9
299.2 293.1 302 299.6 287.6 276.7 268.7 261.5 255.9 256.1 259.8 266.6 272.5 276.4 281.4 284.4 279.9 276.7 274.2 272.8 271.4 267.3 262.9 257.9 254.7 249.9 245.1 238.1 245.8 253.3 263.2 273.2 282.9 291.2 296.4 299.2 300 302.1 300.5 298.8 297.1 293.4 289.1 282.9 277.4 273.7 272 269.7 266.3 261.6 254.7 250.8 246.7 242.3 238.2 234.4 230.7 225.4 220.9 227.1 229.1 230.8 232.4 234.3 237.6 240.2 242.1 243.7 244 243.6 243.2 242.6 242 241.5 240.4 239.6 240 239.9 239.3 236.9 242.2
310.8 310.1 311 305.8 296.2 286 276 265.7 259.5 258.9 263.3 271.6 275.9 283.4 289.9 291.6 289.1 285.5 280.8 279 275.2 269.3 262.6 258.5 255.6 251.8 248.4 244.9 241.7 247.6 255.6 264.4 273.1 279.6 284.7 288.5 291.5 295.2 294.9 293.4 290.3 285.5 280 277.5 272.9 269.8 268 267.1 262.8 256 252 248.6 245.5 242.6 238.7 234.7 230.5 226.4 222.2 230.4 233.8 236.3 238 239.8 241.9 244.6 247.3 249.3 250 249.2 248.4 247.6 246.8 246.2 243.9 243.6 242.9 243.1 242 241.2 240.1
320.9 319.5 320.7 316.1 303.5 294.8 283.6 273.6 268 266.9 264.1 269.7 276.8 286.8 296.1 297.6 296.1 291.9 287.3 285 283.4 280.3 274.2 265.1 259.1 253.5 249.9 243.3 243.2 247.8 256.9 266.1 273.9 279.7 282.6 284.9 288.1 291.7 294.7 291.9 285.8 282.1 276.5 271.6 267.7 265.5 263.2 260.8 257.8 252.9 249.8 246.9 244.1 241.1 238.6 235 230.1 231.1 228.8 233.9 237 240.6 242.8 244.3 245.9 248.6 250.9 252.7 253.6 252.8 252 251.2 250.8 250.5 248 248.6 247.8 247.3 247.2 247 246.2
328.4 332.1 328.2 325 313.2 303.2 292.6 280.5 273.2 268.7 267.7 271.9 282.1 298.4 302.4 303.4 302.2 298.4 292.8 290.2 287.1 284.1 279.2 272.6 266.1 259.9 252.7 244.5 244.7 252.4 260.7 266.9 275.3 279.9 281.9 285.2 288.9 294.1 294.7 291.2 285.3 281.3 275.5 269.3 264.8 262.5 260.1 255.8 252.7 252 248.9 245.6 242.6 239.5 237.2 234.7 234.6 230.8 232.7 236.4 240.1 243.5 245.5 247.7 249.9 252.3 255 256.5 257.5 256.4 255.8 255.4 254.3 252.9 252.2 253.2 252.6 252.7 252.7 251.9 250.4
332.7 338.3 338.3 335.7 322 311.2 300.9 287.4 280.4 273.3 269.8 275.2 287.4 298.8 309.7 309.6 306.5 302.7 298.2 293.1 288.6 285.2 279.7 274.2 268.4 264 258.4 252.1 248.2 252.2 260.4 265.6 269.5 272.8 276.5 281.4 285.5 287.7 289.4 284.1 278.6 273.8 269.9 264.6 261 257.4 255.2 252.8 250.7 249.5 248.6 244.8 241.1 238 238.6 237.7 236.4 230.8 235.3 239.2 243.1 246.6 248.8 251.9 257.5 260.1 260.8 262.3 262.4 261.3 259.9 258.5 257.2 256.3 255.9 257.1 257.2 257.2 256.9 256.1 254.1
339.5 344.8 345.7 345.9 332.9 319.5 306.3 293.8 287.3 281.5 275.4 278.9 288.4 300.2 311.5 312 310.5 305.4 299.5 293.7 288.3 284.3 279.8 271.9 266.4 261.9 257.9 255.2 251.7 250 254.7 261.8 266.3 270.1 273.9 278.4 282.3 285.1 284.8 278.7 273 268.2 262.9 257.8 255.5 253.3 251.2 249.4 248.9 246.8 246.6 243.8 242.4 243 241.7 240.3 238.5 230.1 235.3 241.6 246.6 250.9 254 259 264.4 267.8 269.1 268.6 267.9 266.3 264.5 262 260.3 259.3 259.9 260.7 260.7 260.7 260.8 260.3 258.3
341.5 347.8 348.6 345 335.3 323.9 312.7 302.3 295.5 286.7 280.5 280.8 287.2 301 311.1 317.7 313.7 305.1 300.3 295.7 290.4 284.8 280.9 274.6 268 264.2 260.4 257.1 253.3 251.6 252.5 257.4 262.5 265.5 272.1 281.4 284.6 283.3 281 276.4 272.8 273.6 270.8 266.6 263.9 261.5 258.9 254.1 251.3 249.1 247 245.7 246.9 246.3 244.7 243.2 241.7 230.4 240.6 245.8 251.3 255.7 261.4 265.7 270.9 274.4 276.2 275.4 273.3 271.3 268.9 265.9 264.1 263 262.4 263.4 264 264 264.4 264.6 262.7
335.3 338.9 344.8 341.6 334.4 325.5 316.8 308.5 299.5 291.4 286.5 286.3 291.8 298 306.5 315.9 317.3 314.3 307.3 300.7 293.3 287.5 282.1 278.1 271.2 267.6 263.4 259.4 256 253.8 255.5 256.4 259.2 264 270.4 280.4 289.6 294.2 293.5 286.3 285.1 284.8 283.6 278.5 275.3 272.4 268.4 264.5 259.2 257.8 254.3 252.8 250.4 248.3 246.7 244.2 241.7 232.5 244.8 249.1 254.2 260.3 265.9 269.6 274.2 277.2 278.1 277.4 276.8 274.7 272.6 269.7 267.7 266.2 265.8 266.5 266.7 267.3 267.8 268.9 267.1
317.2 321.4 330 331 330.6 323.7 317.5 310 304.3 292.7 287.6 285.6 288.8 297.8 312.4 324.8 326.5 319.6 312.3 305.5 298.8 291 284.1 277.6 274.3 269.6 264.3 260.8 259.9 259.6 259.8 260 262 264.4 270.5 278.9 286.2 293 295.5 293.6 293.7 298.3 298.1 292.1 287.5 283.4 280.7 274.7 267.8 267.6 265.2 265.4 258.5 253.8 249.7 247.3 243 237 246.5 250.4 257.1 264.9 271.1 274.7 277.2 279.9 280.5 280.4 280.1 277.9 275.8 272.2 270.7 269.6 269.9 270 270.2 270.6 272.1 273.6 271.7
300.5 310.9 316.5 326.9 326.6 319.9 314.7 304.8 297.8 293.7 291.2 289.3 292.6 303.4 320 330.8 335.4 332.7 324.3 317 307.5 298.9 288.7 283.4 278.3 272.4 267 263.3 263.9 263.8 263.7 265.7 268.2 272.3 276.9 283.8 288.5 292.9 297.8 296 303.5 309.5 309.7 304.9 301 295.4 291.9 285.3 278.9 275.3 274.2 269.5 264.9 259.8 254 249.7 246.7 238.8 249.1 252.8 259.9 267.1 273.2 276.7 279.8 283.2 284.5 284.9 283.3 280.4 277.3 274.2 272.5 271.8 270.9 272.5 273.8 274.4 275.7 276.1 275.6
290.8 305.8 314.6 319.5 319.1 317.7 314.4 306 298.8 298.7 294.6 293.2 301.3 317.8 333.6 336.7 342.3 341.4 334.4 328.3 319.2 310.9 302.9 291.6 284.4 278.6 272.3 268.8 269.4 267.4 266.3 270.2 274.6 274.2 281.1 288.5 295.2 300.5 301.4 305 311 315.6 315.1 315.5 308.8 304.6 299.7 294.3 289.1 282.6 276.5 272.9 268.7 261.7 256.1 251.2 248.1 242 248.4 251.9 259.4 267 273.7 278.3 283.1 289 289.9 288.9 286.4 283.6 280.2 277.4 274.7 272.9 273.3 274.1 275.6 277.3 278.7 278.6 278.5
288.7 304.8 312.8 316.9 321.1 320 315.7 307.8 304.9 305.1 304.5 309.1 315.1 329.1 340 344.4 346.2 344 338.3 331.4 324.6 317.3 307.9 302.4 293.4 286.3 279.2 276.3 276.1 274.2 272.8 267.9 272.3 274.7 283.7 294.6 301.4 306.6 305.5 306.8 313.4 318.5 320.7 318.9 315.7 309.3 304.2 298 292.9 287 281.5 276.5 270.1 262.6 256.7 252.6 249.5 245.4 248.5 251.7 258.5 267.2 273.7 281.6 287.8 293.2 294 293.5 290.8 288.2 284.5 281 278 275.8 275.4 277.5 279.9 282.7 284.2 282.8 281.2
283.9 297.6 308.9 317.6 325.2 329.1 323.9 314.6 312.2 311.6 314.2 319.3 327.4 344.3 351.2 354.5 354.6 348.1 341.1 335.6 329.7 322.5 316.2 307.6 299.4 292.4 286.7 284.1 282.7 282.7 280.5 277.3 276.3 274.1 283.4 300.2 309.9 312 309.8 306.4 311 315.5 315.7 312.8 310.4 307.5 303.1 297.7 292.2 287 282.9 277.2 269.7 261.7 257.7 254.2 250.4 247.3 250.1 254.6 260.9 269 278.1 285.7 294.1 301 299.4 297.3 295.9 291.9 288 284.1 281 278.1 278.1 281.7 285.4 290.2 289.7 289 286.8
279.5 293.7 309.6 320 329.8 336.3 337.7 331.5 322.9 318.4 321.5 326.9 339.2 350.9 355.6 355.4 355 355.1 354.4 348.7 335.5 330.9 325.2 317.5 309.7 300.7 292.7 290.4 288 286.4 285.5 282.4 276.5 275.8 284 297.3 312.3 315.3 313.8 309.1 308.7 309.7 312 312.7 307.6 305.3 299.2 293.1 288.3 287.1 284.5 275.5 267.2 260.6 257.1 253.6 250.5 248 253.5 259.1 267.5 277 285 292 301.1 308.4 307.8 304.4 302 297 292 288 283.6 280.3 282.1 286.1 290.7 294.6 296.2 296.1 293.6
274.7 293.1 306 322.5 330.3 337.7 341.7 339.3 339.6 333.6 332.6 334.7 342.5 352.3 354.1 354.5 353.5 353.7 349.8 345.1 343.2 345.8 340 333.9 322.6 309.5 301.9 296.6 291.9 293.1 292.5 286.9 278.8 276.1 284.5 293.1 304.3 311.3 312.6 312.6 312.6 313.4 312.1 307.4 300.6 294.4 290.5 287.4 286.7 285.5 281.3 271.7 263.3 258.8 255.1 252.4 249.7 253.3 259.1 266.7 276 284.7 292.1 298.4 307.4 313.7 315 312.7 308.9 303.9 297.7 292.8 287.3 286.3 287.5 292.3 298.8 302.1 303.8 304.8 302.6
