UK/data/sk/sk18_OST50GRID_20230518/SK18.asc
ncols 200
nrows 200
xllcorner 410000
yllcorner 380000
cellsize 50
[rows 140 to 174 of 200, columns 0 to 77 of 200]
499.7 503.5 506.5 508.4 508.5 507.9 507.4 504.6 500.5 495.2 489.4 483.7 477.3 472.3 466.2 459.5 453.3 446.2 440.5 434.4 430.8 425.6 420.6 414.9 411.2 407.2 404.6 402.1 400 397.7 397.1 396.2 394.8 394.5 394.5 394.8 395.7 396.7 397.3 396.7 396.7 396.1 396.5 396.5 397.3 397.3 399.9 398.6 400.6 401.8 405.9 414.3 418.2 409 403.3 398.8 397.1 395.6 394.1 392.2 390 390.3 387.8 384.5 379.8 381.7 383.3 387.7 392.1 379.7 358 330.8 301.2 268.1 258.4 246.1 232.9 227.1
495.7 498.5 501.7 502.4 499.1 495.6 491.8 487.6 482.5 477.1 471.8 467.2 461.3 454.4 448.2 441.6 436 430.4 424.4 420.7 416.2 411.4 408 404.9 402 399.5 396.8 394.8 394 392.3 391.5 390.6 389.6 389.8 390.9 390.1 391.6 391.6 393.4 393.8 392.1 391.9 392.3 392.8 393.8 392.1 395.9 394.5 396.8 400.9 404.2 413.6 415.4 408.5 403.2 400.1 397.9 395.2 393.2 391.2 391.5 391.2 390.8 386.3 379.9 375.4 381.1 387.7 392.7 383.4 366.4 340.6 312.3 283.3 263.5 249.7 239.8 233
488.1 489.7 490.3 488.5 483.5 478.5 474 469.7 466.4 463 456.4 450.6 445 438.1 432.5 426.1 422.1 416 410.8 407.3 404 401.3 399.5 397.2 395 393 391.3 389.6 388.5 387.2 386.5 386.2 385.6 385.9 385.7 386.6 387.6 389.1 390.4 390.4 387.6 388.2 388.4 389.3 389.4 389.8 391.1 393.6 396.4 400.4 406.5 414.4 412.2 408 403.8 400.2 397.1 395.3 394.3 392.7 390.4 387.4 388.1 385.3 376.1 364.4 375.4 388.6 394.3 390.9 374 350.5 325.3 301 278.2 259.5 248.7 239.7
475.5 474.6 472.5 469.9 466 462.6 460.9 456.7 451.1 446.8 441.5 434.6 429.3 423.3 419.3 413.3 407.3 402.8 399.6 397 396.1 394.1 392.1 390.1 388 387 385.5 383.5 383.5 382.6 382.1 382.1 381.9 381.5 381.7 384 384.6 387 388.2 387.4 385.3 384.4 384.2 385.9 384.7 386.8 388.2 392.7 395.2 399.8 408.9 415.3 413.1 407.6 404.1 401.6 399 398.7 398 398.2 399.3 398.7 397.2 392 377.3 358 362.3 384.8 393 395.1 384.3 361.2 338.7 314.9 294.1 275.4 261.5 250.9
458.4 456.8 455.5 454.6 451.9 448.4 446 442.7 437.7 431.5 426.5 422.2 416.8 411.7 405.5 400 396.3 394.2 392.1 391.2 389.1 387.8 385.8 383.9 382.6 381.2 379.6 379.3 379 378.3 378.1 378.1 378.3 376.7 379.2 377.3 384.2 386.9 387.4 382.9 378.9 379.8 380.3 382.4 383.2 386.2 388.9 391.3 392.8 397.3 408.7 413.5 413.2 409.6 405.8 402.8 403.3 402.8 402.5 404.5 408.4 410.2 411.1 408.5 394.6 365 349.1 359.4 379 387 391 371 351.3 329.7 308.4 287.6 270.4 257.2
443.3 443.4 442.6 441.2 438.9 435.5 433 428.4 424.4 418.7 415 411 404.2 399.7 393.8 391.9 389.9 387.8 385.8 384.6 383.3 381.5 380.4 378.6 377.6 375.9 375 374.3 374.9 374.6 374.5 374.4 374.7 373.7 375.7 386 390.6 388 382 374.4 374.8 378.8 378.6 380.5 382.1 383.8 385.8 387.8 389.7 393.1 402.3 410.3 415.5 412 409.3 409 406.5 406.5 407.6 407.3 411.9 414.5 416.2 412.3 404 380.1 356.5 337.4 347.2 352.2 362.2 373.9 361.1 327.4 300.3 279.5 260.1 255.6
432.1 431.6 431.2 429.5 426.1 421.9 418.9 415.7 410.8 406.6 402.6 398.3 393.3 389 387.7 384.8 383.3 381.9 380.6 378.8 377.7 375.7 374.8 373.8 372.9 371.6 370.9 370.5 371.5 371.3 371.3 370.7 371.6 369.6 378.2 383.3 375.7 370.3 376.4 387.6 396.1 399.5 397.1 392.8 388.5 385.8 389.2 395.1 399.7 395.6 397 405.1 413.5 414.8 414 414.6 413.5 412.9 412.5 411.3 412.3 414.7 414.5 411.5 406.6 391.1 361 343.5 326.9 319.4 322.6 338.7 342.8 307.2 276.4 267.5 282 287
421.2 420.3 418.7 416.3 413.7 410.9 408.6 403.9 402.7 395.6 392.6 387.9 385.6 383.3 381.6 379.2 377.8 376.4 375.6 373.8 373 371.8 370.7 369.6 368.4 368 367.4 367.5 368.3 368.4 368.1 367.3 368.7 365.4 366.8 367.1 378.6 392 403.9 412 410.3 410.5 411.2 410.5 407.7 400.9 401.3 403.9 409.9 408.1 401 406.6 413.8 417.4 418.5 419.4 419.3 420.4 419.5 415.5 415.5 415.2 414.7 412.1 407.7 402.8 386.5 361.5 350.9 327.8 308.4 307.3 299.4 281.5 281.6 304.5 327.9 319.9
410.1 409.2 408.5 406.2 404.9 400.5 396.6 394.5 390.9 385.3 384.5 381.9 379.8 377.2 375.6 374.6 372.9 371.4 370.6 369.4 368.8 367.6 366.8 363.1 364.9 364.8 364.5 364.4 365.3 365 365.2 364.7 364.6 362.8 376.8 390.4 404.2 412.9 415.3 417.8 417.7 418.1 417.7 416.1 413.7 413.3 412.8 412.9 413.8 412.8 407.5 411.5 415 418.7 422.2 423.4 424.3 426.6 428.1 424.2 422.9 422.7 421.2 416.8 411.8 407.3 403 396.2 384.5 358.3 331.5 300.2 293 301.2 316.1 345.8 359 349.4
398.7 397.6 398.1 395.7 391.8 388.2 385.5 384.3 380.8 379.4 377.4 376.1 374.2 372.5 371.6 370.6 369.3 367.6 366.9 365.8 364.8 363.9 362.9 362.4 361.2 361.6 361.6 361.1 362.4 361.9 361.8 359.9 361 371.4 390 404.3 412.2 417 419.2 419.7 419.4 420.7 420 418.5 416.9 416.4 416.6 416.5 414.7 413.3 411.2 414.7 417.7 420.6 423.4 425.7 428.1 428.1 429.4 429.2 428.7 428.6 427.5 425 420.5 414.8 407.2 400.9 394.5 397.2 372.3 347.5 327.2 360.1 364.5 389.5 380.8 372.7
389.5 388.3 385.8 384 380.2 379.1 377.3 375.9 374.4 373.4 371 370.4 369.6 368 367 366.3 365.7 364.6 363.3 362.5 361.8 360.7 359.9 359.6 355.1 357.5 358.2 358.6 359.3 358.6 358.3 359.5 363.4 375.2 393.3 406.3 414 419.2 422.1 422.2 421.7 422 420.7 418.2 415.9 415.8 416.3 415.8 415.1 414.2 414.4 416.1 419.8 423 424.4 427.1 429.5 429.1 430.1 431.1 432.4 432.7 430.9 428.6 426.6 423.2 417.4 410.2 403.3 399.3 397.7 389.6 372.4 366.9 394.4 393.4 389.5 385.1
379.5 378.5 376.4 375.5 374.1 373 370.8 370.3 368.9 367.3 365.3 366.2 365.3 364.3 363.5 362.9 362.3 361.6 360.5 359.5 358.8 358.1 357.2 356.3 354.8 355.1 355.3 356.6 356.5 356.5 357.3 358.8 363.5 376.5 395.1 407.9 415.3 420.8 424.4 425 424.7 423.5 420.5 416.2 414.5 414.6 415.1 414.3 415.4 417 418.5 419.6 421 423.6 425.1 427.2 429.7 430.4 431.5 432.4 434 434.1 433.6 432.3 430.6 427.4 423.3 419.1 413.5 407.5 400.6 396 393.1 393.3 394.7 393.8 391.2 389.4
372.7 371.7 370.5 369.6 368.5 367.8 366 365.6 363.4 363 362.7 362.1 361.9 360.8 360.3 359.8 359.3 358.6 357.7 356.7 356.4 355.2 353.7 354 352.9 352.9 349 354 354.2 352.2 356.5 358.2 363.4 378.2 397.4 409.2 416.3 422 425.6 426.1 423.7 419.7 415.9 412.4 412 412.5 413.6 415.7 416.9 419.8 424.1 424.2 422.9 423.4 424.6 426.7 429.7 431.6 432.9 433.4 433.8 434.7 434.3 433.8 432.8 430.4 427.4 424.5 421.8 417.2 410.6 401.5 396.1 394.7 394.2 393.6 392.3 390.6
366.6 366.6 365.3 364.2 363.6 363 361.8 360 359.7 359.6 358.8 358.5 358.3 357.6 357.5 357 356.6 355.7 355.1 354.6 353.7 353 352 351.8 344.7 344.3 344.5 346.7 348.7 355.1 357.2 359.2 365 377.4 396 409.4 416 421.6 424.8 422.2 415.9 411.1 409.5 409.6 412.2 414.7 416.9 418.8 419.5 422.1 425.7 426.3 425.9 425.6 427 428.6 430.1 432.4 434 434.2 434.3 434 434.1 434.8 434.9 433.9 432.6 431 428.9 425 420.2 413.4 406.5 399.9 395.4 392.6 391.2 389.7
362.1 361.3 360.9 359.8 359.2 358.4 353.6 357.4 356.7 356.3 355.9 355.6 355.5 354 354.7 354.3 353.9 353.5 352.5 351.8 351.3 351 349.6 349.3 343.3 355.4 356.9 360.8 365 361.7 359.7 364.4 366.9 378.7 390.8 403.9 413.3 418.4 420 414.2 409.2 407.3 411.1 416.2 422.3 426.8 431.6 430.2 423.5 423.4 425.7 427.1 427.9 428.2 429.8 431.9 432.3 433.3 434 434.7 432.9 433.7 434.7 435.3 436.3 437.3 438.4 438.2 436.7 432.4 428.1 422.8 417.3 410.5 403.4 396.9 392.5 388.4
358.2 357 357 356.3 355.1 354.5 352.5 354.3 353.4 353.2 352.9 352.8 352.7 351.8 352.5 351.6 351 350.6 350.5 349.9 349.6 348.9 345.3 346.1 347.4 356.3 364.3 375.7 382.1 379.7 368.2 370.5 372.3 380.9 390.8 398.1 406.4 410.3 410.3 405.7 405 415.9 426.4 436.7 441.8 444.3 443.1 438.4 428.3 426 427 428.8 429.9 430.6 433.4 436.2 435 435.6 435.2 435.1 434.8 434.6 435.9 436.5 438.1 440 440.6 441.7 440.3 437.2 433.6 429.1 424.4 419.8 412.9 404.4 398.5 393
354.2 353.6 353 352.9 351.8 351.8 351.1 351.2 350.7 350.5 350.3 350.2 350.1 349.6 349.6 349.6 349 348.4 348.7 347.1 347.7 347.2 346 343.8 357.3 368.7 381.3 392.9 396.5 392.9 384.4 369.6 376 383 390.5 394.2 396.2 397.6 399.1 405.4 417.2 431.2 443.6 453 455.9 456.2 454.8 449.6 438.3 434.4 431.4 432.7 435.4 436.5 437.1 439 438.7 438.1 437 436.5 435.8 435 435.4 435.9 435.7 436.9 438.6 439.5 439.1 438.3 436.2 432.9 429.8 425.8 420.5 414.2 406.7 399.6
350.9 350.5 350.1 349.6 348.7 348.4 348.2 348.2 348.1 347.9 347.7 347.6 347.5 347.1 347.1 347.4 346.8 346.2 346.2 345.2 345.2 345.4 346.4 355.4 370.5 381.4 393.6 403.1 403 400.1 391.8 382 378.2 383.5 388 389.8 393 398 407.6 419.9 432.8 446.4 458.5 463.2 466.4 466.9 466.7 463.3 453.8 451.7 449.1 446.6 444.7 442.9 441.7 440.6 440.6 440.1 439.1 438.2 436.6 435.3 434 433 432.9 433.3 433.9 435.7 435.4 435.5 435.4 434.7 432.3 428.8 423.8 418 411.8 405.9
348.3 347.7 347.2 346.8 346.3 346 345.9 345.9 345.8 345.6 345.3 345.1 344.9 344.8 344.9 345.3 344.5 343.9 344.3 343.8 344 346.1 350.4 361.6 377.2 388.3 397.2 403.7 406 403.3 395.5 382.2 383.8 385.6 386.2 394.2 403.2 413.1 424.2 437.7 450.5 459.3 464.5 469.1 471.4 471.7 471.3 469.6 464.4 460.6 458.5 454.9 452.5 449.5 446.6 444.1 442.9 442.2 441.7 440.8 438.1 435.9 433 430.9 429.5 429 429.2 430 430.5 431.1 431.3 431.2 429.7 427 423.1 419.2 414 408.7
346.2 345.3 344.8 343.8 343.9 343.3 343.3 343.6 343.4 343.2 343 342.9 342.8 343.1 343.4 343.5 342.9 342.4 342.4 340.8 344.3 347.3 353.5 365.6 379.4 389.1 396.8 402.2 406.9 402.5 392.1 380.7 381 387.6 397 405.5 417.2 429.5 442.1 451.5 458.6 463.5 467.8 472.1 474.8 475.7 474.5 471.3 467.2 464.6 462.4 460.3 457.3 453.3 450.2 449.6 447.7 445.6 444.6 443.5 441.4 437.6 433.1 430.2 427.1 425.6 425.7 426.1 426.4 426.8 427.3 428 427.6 425.7 422.8 419.5 417.3 412.6
344 342.6 342.7 341.9 341.4 341 340.9 341.3 341.1 341.2 341.1 341 340.9 341.3 341.7 341.6 340.9 340.8 339.5 342.2 344.8 349.8 355.5 369.4 380.8 389.2 395.5 400.3 402.2 395.4 389.1 387.2 393 403.6 412.7 422.2 431.4 442.3 451.6 458.2 462.2 466.4 470.8 474.7 477.3 477.2 475.1 471.9 469 466.2 464.6 462.5 460.2 458.2 455 454.5 454.4 451.1 449.4 448.2 444.7 439.8 429 429 425.7 424 422.9 423.6 423.1 424.1 424.8 426 426.1 426.2 426.1 424.2 422.9 417.8
341.7 340.9 340.8 340.1 339.6 339.7 339 338.9 339 339.4 339.1 339.2 339.2 339.4 339.9 339.7 339.2 335.9 340.9 343.1 346.4 351.2 359.2 373.1 385 393.2 397.8 399 397.6 393.6 390.6 393.8 407.6 421 431.4 438.6 445.1 450.9 456.6 461.3 465.2 469.3 473 476.1 477.2 476.9 475.2 472.7 470 468 465.8 465.1 464 464.3 463.1 459.9 459.9 458.1 454.1 451.7 446.3 441.8 434.8 429.5 424.8 423.5 421.3 421.7 421.9 422.8 424.3 426.3 427.5 428.8 428.9 428.6 426.9 423.2
340.1 339.4 339.1 338.5 338 337.7 334.6 336.7 336.4 337 337.2 337.1 337.4 338.1 338.3 338.3 331.4 339.2 340.7 344.2 348.8 355.2 362.9 373.6 388.8 400.3 403 401.9 398.1 392.9 394.5 403.3 419.8 436.8 443.7 448.2 451.5 454.3 458.8 463.2 467.7 471.5 473.9 475.4 476.1 476.3 475.4 473.4 471 469.7 468.8 468.3 468.5 467.6 460.5 459.7 459.5 458.9 453.6 449.7 445.9 439.9 433.9 428.2 425.1 423.2 421.7 420.8 421 422.6 425 427.4 428.8 428.5 429.7 430.8 429.8 426.2
337.5 337.4 337.4 336.9 336.5 336 336 333.5 335.1 335.5 335.2 335.5 335.9 337.4 337.6 333.7 330.8 339.7 343.4 347.9 354.2 359.7 367.5 380.6 393.6 406 411.8 409.3 398.5 393.4 397 409.6 428.4 443.4 447.4 450.7 453.3 456.3 459.3 463.2 466.9 470.6 472.2 472.7 473.4 473.9 473.9 473.4 472.1 471.3 470.9 471.2 470 468.1 465.1 462.6 458.6 457.3 453.2 448.3 443.1 437.1 433.1 428.9 425.3 422.7 420 419.8 419.1 421.5 424.6 427.1 428.1 428.1 429.1 431.4 431.8 425.7
335.9 336.2 335.9 335.3 334.6 334.1 334.4 330.2 333.1 331.5 328.3 331 335.8 337.1 334.5 335.1 339.2 341.4 345.9 351.6 360.6 366.9 373.9 384.6 395.6 409.4 418.2 410.6 396.8 392.5 398 414.5 431.3 442.4 446.9 450.2 453 455.5 458.2 461.3 464.5 467.2 468.4 469.1 469.6 470 470.5 471.4 471.8 471.9 471.8 471.4 469.6 467.4 464.7 462 459.2 455.1 451.3 446.6 441.1 436.8 432.8 429.2 425.5 423.2 422.1 420.5 417.8 420.3 422.7 424.6 426.3 426.6 427.6 428.6 426.4 421.8
334.5 334.5 334.3 334.1 332.6 330.6 332.6 329.8 331.6 332.6 334.4 336.6 338.6 339.9 340.4 342.4 343.4 344.6 346.6 354.9 363.7 370.7 378.5 386.6 395.5 405.8 405.9 400.5 392.5 387.6 396.4 412.9 429.1 440.1 445 447.8 450.7 453.2 455.6 458.7 461.1 463.6 464.3 465.1 465.8 466.6 467.8 468.5 469.5 470 470.7 469.7 467.8 465.3 463 459.8 457.7 453.7 448.1 445.7 441.1 436.9 433 430 427 424.7 422.8 420.7 418 417.1 419.7 421.1 422.7 423.8 423.7 422.9 420.3 417.1
333.2 333.1 332.6 332.1 332.2 325.3 331.5 328.5 336.9 341 341.5 340.5 342.4 343.8 345 347.4 349.1 350.6 351.2 356.7 365 371.9 379 385.3 392.2 394.6 390.3 389 384.9 382.5 390.3 404.5 421.2 434.3 441.3 444.7 447.5 450.1 453 456 458.6 459.9 460.8 461.6 462.9 464.5 465.1 465.8 467 468.1 469.1 468.3 466.4 463.6 461.3 458.1 455.6 452.3 449.2 445.5 441.5 437.9 434.3 431.4 428.3 425.3 422.9 420.4 418.5 415.4 416.3 417.4 418.2 418.9 419.3 417.7 415.2 411.6
331.6 331.8 331.9 330.8 331 320.5 332.3 337.5 339.2 341 342.4 343.3 346 349.1 351.3 353.9 356.1 357.9 358.2 357.1 366.7 372.5 377.7 380.8 382.1 382.7 383.6 382 380.2 382.9 387.2 393.1 406.6 421.3 434.9 440 442.9 446.1 450.1 453.3 455.7 456.5 457.4 458.7 461.2 462.9 463.4 463.5 464.3 465.7 466.7 466.6 465 462 459.7 456.9 453.6 450 447.1 443.7 440.2 436.8 433.6 430.5 427.5 424.4 421.8 419.7 417.4 415.7 413.2 412.7 412.6 412.3 411.8 409.9 406 403
330.9 331 330.5 327.4 328.3 332.4 335.6 337.9 340.2 342.2 344.4 346.5 350.1 353.6 357 359.7 362 363.6 363.7 361.9 364.7 371 374.6 377.2 378 378.5 380.4 381.3 385.3 394.4 399 401.6 396.5 408 422.7 432.7 436.9 440.5 444.9 449.4 451.8 452.9 453.8 456.5 459.3 461.4 461.9 461.9 462.9 463.7 464.3 463.5 462.2 459.9 457.9 455 451.7 448.3 445.7 442.1 438.8 435.4 431.8 428.6 424.9 423.1 420.6 418.6 416.6 415.4 414.3 409.3 411.2 410.1 410.4 410.8 410.9 409.2
329.8 330 329.7 327 333.3 335.7 338.2 340.9 343.6 346.8 349 350.6 354.6 358 361.2 364 366.5 367.8 367.9 368.5 366.8 369.7 371.9 371.4 371.3 373.3 381.8 390.9 402.6 407.1 399.8 400.3 369 402.6 414.2 424.4 429.6 433.9 437.2 442.4 446.6 448.8 450.8 453.9 457.1 459.5 460.2 460.4 460.5 461.5 462.3 460.8 459 456.5 454.4 451.9 448.9 445.9 443.8 440.4 436.8 432.9 430.2 427.8 426.5 424.2 422.2 421.3 420.1 418.2 417.1 415.7 415.7 415.9 415.9 416 416 415.5
328.4 328.3 324.4 331.3 336.3 339.4 343 346.4 350.2 353.6 356.2 357.5 358.3 360.9 363.3 365.6 367.7 369.7 370.6 371.1 370.9 371 370.3 370.3 378.3 388.3 390.7 402.1 393.8 362.8 363.5 363.1 362.3 361.4 395.9 416.6 423.8 428.3 431.9 435 438.7 442.9 446.9 451.8 455 457.8 458.2 457.3 458.8 459 458.9 455.6 452.2 452.7 451.6 449.3 447.1 444.9 441.7 439.4 436.3 434.4 432.5 430.3 428.2 425.9 424.2 422.4 420.7 419.8 418.6 417.6 417.9 417.8 418.2 418.7 419.1 419.4
327.5 327.8 325.9 333.7 338.5 343.8 348 352.2 356.5 359.4 360.9 361.7 359.5 362.4 363.5 365.5 367.6 369.9 371.2 372.2 371.5 371.2 372.2 379.4 388.5 389 383.9 369.6 365.4 364.1 363.6 363.3 363.1 361.6 361.3 377.2 400.2 398.5 401.4 417 428.7 440 443.7 448.5 452.1 453.9 455.3 455.5 455.4 455.3 454.4 452.6 450.8 448.4 448.5 447 446.6 445.4 443.7 441.1 438.6 436.3 433.6 431.1 428.2 425.5 424.7 422.9 421.7 420.5 419.8 419.2 419 419.5 420.3 421 421.8 422.9
323.3 328 329.9 335.7 341.3 346.7 351.8 357.1 360.8 361.3 362.1 362.9 362.9 363.2 364.2 365.5 370.4 375.8 375.9 371.3 370.8 370.7 375.1 389.1 390.6 387.2 384.6 380.2 369.7 365.4 364.4 364.9 380.9 376.5 361.7 360.4 359.5 357.3 407.7 432.7 435.4 437.1 440.7 443.6 446.5 449.3 451.4 452.8 452.7 451.7 450.1 448 445.3 444.3 445.2 445.4 445 444 443 441 438.6 435.9 432.5 429.1 426.3 424 423.4 422.6 421.6 421.2 420.9 420.7 421 421.5 422.5 423.8 424.6 425.5
321.9 326.9 330.9 337.5 344.1 349.5 353.8 358.1 360.2 360.7 361.4 361.5 362.2 362.7 362.1 368.9 379.2 380.9 375.4 372 372.2 378.1 385.6 393.8 407.1 382.3 383.8 380.7 369.1 369.3 392.1 435.7 443.7 440.5 430 403.4 384.1 392 436 434.6 434.8 436.9 439.3 441.6 444.3 446.6 449.5 451.2 451.1 449.1 446.6 444.5 442.3 439.9 440.4 441.5 440.9 440 438.7 436.8 434.7 432.3 429.3 426.2 423.5 422 420.8 420.4 420 421 421.5 421.8 422.6 423.4 425.4 426.6 426.6 426.3
323.2 327.4 332.6 339.2 345.4 350.6 354 356.5 358 358.5 359.3 359.3 360.1 361.3 361.7 364.4 376.2 381.5 379.1 376.2 367.3 382.9 389.1 396.7 399.6 373.8 379.4 375.4 374.2 405.8 451.9 456.3 453.5 452.3 451.8 451.2 449.8 445.7 440.7 436.8 435.3 436.5 438.7 440.7 443 445.6 448.2 449.4 449.9 448.8 445.6 442.3 437.8 436 435 435.3 435.4 434.8 433.5 432.2 430.1 427.8 425.6 423.1 421.2 419.9 419 418 418.3 419.8 420.6 422 423.3 424.5 426.2 427.4 426.9 426.2
