WholeMapElevations/data/sx/sx56_OST50GRID_20230518/SX56.asc
ncols 200
nrows 200
xllcorner 250000
yllcorner 60000
cellsize 50
[rows 140 to 174 of 200, columns 0 to 77 of 200]
155.7 157.8 159 160.5 161.6 162.6 162.7 162 160.8 159.1 155.5 151.6 146.9 143.3 142.1 141.8 142.6 143.8 145.1 146.5 148.2 149.3 149.9 150.8 151.7 152.1 151.8 150.7 148.5 145 139.3 130.3 115.2 98 85.7 77.7 73.5 71.3 74.4 78.9 83 85.9 87.2 89.2 90.8 92 92.8 93.3 93.9 93.6 92.9 91.3 88.3 82.7 73.4 61.9 56.4 54.7 54.2 50.2 50.1 43 46.3 66.1 102 122.2 131.2 133.4 133.7 133.4 132 130.1 128.8 127.8 127.8 134.3 137.4 140.8
152.1 154.7 156.7 158.2 159.2 159.5 159.5 159.5 158.3 155.6 152.4 147.8 142.2 138.7 138.4 138.2 138.4 139.3 140 141.5 143.3 144.9 145.7 147.1 148.1 148.6 148.4 147.7 146.1 143.3 140.6 135.1 126.6 109.4 89.9 80.3 74.4 70 70.4 74.9 79 81.1 82.7 86.6 85.7 87.1 87.6 88.2 88.7 88.6 87.6 85.1 82.7 72.9 63.5 57.6 54.8 54 53.6 49.6 49 47.2 43.3 55.2 94.2 119.6 128.7 132.1 131.5 131.5 131.9 130.5 131.6 133.9 138.1 143.1 148.4 154.4
148.5 151.8 154.6 156.3 157.7 157.7 157.7 157.8 155.5 152.5 149.5 145.9 140.3 135.4 134.5 134.5 134.7 134.9 135.2 136.6 137.8 139.3 141.4 143.1 144.4 145 144.8 144.4 143.5 142.5 140.9 136.9 130.1 117.9 95 83.3 77 71.7 68.3 69.5 73.1 74.6 76.7 82.3 79.6 80.3 81.3 82.5 83.2 82.9 81.1 77.8 70.1 63.4 58.5 55.5 53.2 52.2 51.4 48.9 48.1 46.5 40.9 47.7 86 114.7 126.2 129.4 126.7 126.4 126.9 128 129.8 133.1 137.3 143 149.7 155.7
145.3 150.2 152.7 154.9 156.1 156.2 156.1 155.5 152.5 149.5 146.8 143.5 135.8 133.3 131.1 131.1 131.3 131.4 132 132.6 134 135.6 137.5 139.3 140.7 141.2 141.2 141 140.6 140.3 139.9 138 132 122 102.8 88.4 81.1 75.2 68.3 66.7 65.8 66.1 68.5 68.7 69.8 69.7 71.4 72.3 73.7 74.4 73.1 68.5 60.6 56.4 54 52.8 51.2 50.3 49.6 47.4 46.8 44.3 43.3 51.8 90.8 114.7 121.2 123 119.3 119 120.7 123.2 126 130.4 135.1 140.7 147.6 154.4
145 150.1 152.4 153.8 154.4 155.1 154.5 153.5 149.6 146.4 143.2 139.4 134.7 131.9 129.3 128.4 127.7 127.8 128.3 128.7 129.4 131.7 133.4 135.5 136.8 137.3 137 136.4 136.2 136.6 137.5 137.1 134.2 127.6 110.7 95.9 86.6 80 74.4 71.1 64.9 63.1 61.8 60 58.7 57.8 58.4 58.1 58.8 60.4 58.2 54.4 52.5 50.9 49.7 50.3 49.2 48.7 47.5 46.2 44.8 42.9 37.2 57.7 90.4 109.9 110.8 108.6 108 110.6 113.6 116.5 120.7 126.4 131.5 137.1 144.2 150.9
147.1 150.9 153.8 154.4 154.6 154.2 153.2 151.9 148.1 144.2 140.6 137 133.9 130.6 127.6 125.8 124.8 124 124.4 124.8 125.4 127 129.6 131 131.9 132.3 132 131.7 131.8 132.3 133.8 134.9 134.4 130.6 120.9 106.5 93.9 84.6 80.5 78.4 75.6 71.9 71.3 72.4 73.2 72.6 70.8 67.4 63.6 59.4 58 57.4 55 54.5 53.3 51 47.8 47.1 46 45.1 43.3 37.3 42 49.1 71.9 90.4 94.2 91.9 94.6 100.6 105.7 110.2 115.2 122 127.8 133.6 140.6 147.4
148.6 152.2 155.1 155.6 155.2 154.3 153.9 149.8 146 142.5 139 135.9 132.8 130 128.7 128 126.2 124 121.8 120.9 121.5 122.4 124.7 125.8 126.4 126.8 126.2 124.2 124.5 127.4 129 130.8 131.3 128.3 124 115.7 105.5 95.9 90.1 86.9 85.3 85.4 85.6 87.7 87.7 87 86.5 83.7 79.9 76 79.4 71.6 67.4 63 61.5 58.3 52.7 46.5 45.5 44.1 42.7 37.4 40.4 41.7 49.4 68.2 75.6 77.6 83.9 91.1 97.4 105.1 111.1 117.9 124.5 130.7 137.3 144.3
151.3 154.5 155.7 155.7 155.2 154.8 153.9 148.9 145.8 142.5 139.5 136.5 133.7 131.5 130.8 130.2 128.9 126.7 124 121.7 118.9 118 117.7 118.9 119.4 120.2 117.3 112.9 118.1 120.7 123.3 124.9 126 125.5 122.6 118.6 113.4 107.9 103.5 100.4 98.2 96.5 95 94.5 93.6 93.4 91.7 89.6 87.5 85.5 80.9 78 72.2 66.7 63.7 60.4 56 50.5 46.1 44.4 42.2 40.3 36.1 39.3 41.9 49.3 57.5 69 76.7 84.6 92.3 99.9 107.3 114.7 121.6 127.8 134.3 141.2
153.5 155.6 156.3 155.5 154.1 152.9 152.6 149.2 146.4 143.9 141 138.5 135.4 134.2 133.3 132.4 131.3 129.4 126.8 124.3 121.9 119.5 117.5 112.1 111.2 108.5 104.5 102.3 100.7 106.1 114.8 118.5 120.7 120.4 118.8 117 112.8 111.5 109.2 106.6 104.3 102.9 100.6 99.3 97.9 96.3 94.8 92 88.8 86.3 81.8 77.1 72 68.7 65.1 61.5 57.9 52.9 47.9 43.2 40.3 39.1 38.1 34.9 40.1 44.9 64 75.8 76.7 82 90.5 97 104.3 112.2 118.8 125.5 132.3 137.8
150.1 155.6 156.5 156.4 155.1 153.8 154 149.9 147.4 145.1 142.6 140.1 137.6 136.8 136 134.8 133.6 132.4 130.7 128.7 126.5 125.2 125 123.6 119.2 116.1 115.5 115.6 109 96.5 102.4 110.8 113 114.9 115.3 114.5 113.1 111.4 110.5 108.9 107.1 106.6 104.1 103.2 101 99.1 97.2 94.2 90.5 85.7 81.4 76.9 73.2 69.7 66.2 63.1 59.6 55.4 51.2 45.4 40.6 38.4 37 36.5 36.2 39.6 59.2 80.7 86.7 88.7 94.1 97.9 103.5 110.8 117.4 124.2 130 136.1
150 150.2 156 156.1 155.5 155.3 155.6 151 148.2 146.2 144.6 141.9 139.6 139.5 139 137.7 136.4 135.7 134.8 134 132.8 132.8 134.3 134.4 132.8 129.5 125.1 121 116.1 104.3 92.9 96.8 103.6 107.8 109.1 110.1 109.9 109.6 108.7 108.7 107.1 106.4 106.2 104.8 103.2 101.9 100.9 95.5 91 85.7 80.8 76.3 73.3 69.5 66.2 62.8 59.7 56.5 52.4 48.7 39.7 37.6 35.9 35.4 32.5 38.8 52.2 73.2 92.9 97.8 101.4 105 108.4 113.8 119.1 124.6 130.6 136.3
150 154.3 154.5 154.3 154.5 154.9 153.8 152.8 149.6 147.4 145.9 143.9 142.6 142.4 142.4 141 139.8 139.6 139.6 139.2 139.5 140.8 140.7 139.2 136.9 133.5 128.5 121.7 115.3 107.3 98.2 89.1 88.2 96.4 101.9 104.9 105.9 106.1 106.3 106.3 106.3 106.3 105.9 105.5 104.7 103.7 102 96.7 91.8 86.3 81.1 76.1 72.4 69.1 66 63.1 59.1 56.3 53.1 48.6 38.1 35.8 34.4 34.2 32.2 39.9 45.8 67.9 88.3 102.6 107.8 112.8 115.1 119.2 122.9 127.8 133.7 139.5
149.6 153.4 153.7 153.4 153.5 153.7 153.4 153.4 150.8 148.8 147.1 146.5 146.2 146.2 146.8 147.5 147.7 147.8 146.7 146.3 146.9 146.6 144.8 142.5 138.7 134.4 131.2 128.2 124.9 120.6 113.2 100.4 86 85.9 93.8 98.9 101.5 102 103 103.1 103.7 105.3 105.9 105.6 105 104 102.6 98.1 94.1 88.6 81.6 76.1 72.8 68.5 65.3 62.4 58.9 55.9 52.6 47.5 36.5 33.7 30 33 35.9 40.9 43.5 61.5 87.8 109.2 119.1 122.5 122.9 124.3 127.7 133 138.9 143.6
148.2 151.2 151.2 151 151.1 151.2 151.8 151.1 149.7 148.9 148.4 148.5 149.8 150.8 152 152.8 153.7 153.7 152.6 152 150.9 149.9 148 145.9 141.4 137.6 138.5 136.1 133.4 129.8 123.7 112.2 95.7 82.2 86.8 92.2 97.3 99 99.6 100 101.6 103.4 105.1 105.3 105.3 104 102.3 98.8 94.2 88.7 80.9 76.5 72.3 68.6 65.2 61.8 57.6 55.9 52.5 48.2 36.8 32.5 33.1 34.3 37.2 40.5 43.6 60 88.4 111.9 122.8 127.3 127.9 131.3 134.6 139.4 144.4 148.5
140.2 140.6 147.7 147.8 148 149 149.7 148.5 148.2 148.2 149.5 150 151.1 152.9 154.2 155.5 156.7 157.1 156.9 155.6 153.9 152.3 150.5 148.1 144.1 142.8 142.8 141.2 137.2 132.4 127.1 118.2 104.3 88.4 78 86.1 93.7 95.2 95.9 96.9 98.9 100.7 103.8 104.5 104.7 103.8 102 98.9 94.6 88.1 82.1 77.2 72.6 68.6 65.1 61.7 56.7 54.7 51.2 47.1 37 31.6 33.5 35 37.9 40.2 44.2 59.8 87.2 109.1 121 127.7 130.3 132.9 136.8 141.6 146.5 150.8
139.8 139.9 142.6 144.4 145 146 146.7 147.4 147.9 148.8 150.1 151.3 152.5 154.4 156.6 158.2 159.3 159.3 158.5 157.2 155.4 153.2 150.9 147.8 146.4 145.2 144.2 141.8 138.5 133.3 126.8 117.2 108.4 95.4 79.3 79 89.7 91.5 92.1 92.8 95 97.3 101.3 102.5 103.6 103.6 103.2 100.5 96.3 90.2 84.2 78 73.2 68.6 64.6 61.5 56.4 54.2 49.6 41.5 34.3 31.2 32.8 36.4 39.2 42 47.4 59.3 80.1 100.3 111.7 120.4 125.7 130.4 135.4 140.2 145.2 150.2
139.3 134.9 136.9 140.7 142.9 144.3 146 147 148.2 149.6 151 152.4 154 156.6 158.5 160.1 161.6 160.8 159.2 157.3 155.1 152.9 151.1 150.1 149.3 147.8 146.2 143.1 139.6 133.9 127.4 117.4 107.8 100.1 85.6 72.1 80.5 86.6 87.8 88 90.3 93.3 98.6 100.5 101.8 102.8 103 101.7 98.3 93.5 87.6 80.1 73.9 68.9 63.9 60 56 53.2 48.7 39.4 31.7 30.8 32.8 36.6 39.6 43.9 50.2 59.1 71.9 88.9 100.1 108.6 116.9 124.7 130.5 137.1 142.2 147.5
128.8 136.8 142.3 145.7 148.2 148.3 149.2 148.6 149.7 150.7 152 154 156.2 159.2 161.8 163.8 163.7 162.5 160.2 157.8 155.5 154.4 153.7 152.9 152 150.3 148.6 145.8 142.1 137 130.8 121.4 115.8 108.7 97.1 82.2 67.7 76.2 79.9 78.3 81.2 86.4 91.9 98.2 100.3 101.5 101.8 101.7 99.2 96.3 91.5 84.3 76.4 69.9 62.3 57.2 53.7 49.5 43.3 35.4 30.1 31.4 33.2 35.7 39.8 44.3 50.3 56.6 68.8 82.2 91.7 101.6 110.4 119.4 127 133.6 139.5 145.1
133.3 140.1 144.9 148.2 150.5 151.5 150.4 151.2 151.8 152.4 154.3 156.3 159 162.1 164.2 165.8 165.4 163.8 161.6 159.7 157.5 156.9 156.5 156 155.4 153.3 151.2 148.4 144.6 140 134 126 120.4 113.5 105.7 93.3 76.3 63.7 62.7 61.1 63.2 69.8 81.6 92 98.8 99.4 100.4 100 98.3 96.1 91.8 85.7 79.1 71.1 61.1 55 49 41.5 35 31 28.4 31.5 34.4 37.3 39.9 43.4 48 55.9 64.7 79.1 90.6 100.3 109.7 118.9 126.5 132.7 138.6 143.9
136.7 142.5 146.4 149.7 152.1 152.9 152.2 153.7 154.3 155.3 156.5 158.9 161.5 163.2 165.1 166.4 166.6 165.5 163.6 161.7 160.9 160.1 159.8 159.4 158.9 156.7 154.3 151 147.3 142.7 137.5 130.8 123.4 116.2 109.5 101.5 87.6 76.5 69.3 59.4 50 49.8 62.1 79 96.3 96.4 97.9 97.4 96.6 94.6 90.6 84.6 78.3 71 59.8 54.4 47.6 38.8 31.1 29.2 28.5 31.7 35.8 38.4 41 44.3 48.8 57.1 70.5 81.1 92.5 102.3 112.5 120.7 127.8 133.5 139 143.7
138.8 142.7 145.9 149.1 151.5 154.3 153.8 155.4 156.9 158.6 160.5 163.3 164.9 165.7 166.3 167.2 167.7 167.1 165 164 163.6 163.1 162.6 161.6 160.1 158.3 155.8 152.4 148.7 144.1 139.1 133.3 125 117.9 111.2 103.8 97.1 94.1 88.4 77.5 65.8 52.6 46.7 63.9 81.7 92 93.8 95 93.8 91.1 86.4 80.6 74.9 65.9 56.7 53.6 47.1 36.5 30.2 29.3 29.4 30.6 36.3 39.3 42.4 46.2 51.5 61.3 77.4 92.4 103.6 111.3 117.8 123.9 129.3 134 139 142.6
137.5 141.5 144.6 147.1 150 153.6 155.3 156.6 158.5 160.4 163.4 164.8 166.4 167.8 168.3 168.5 168.8 168 166.4 165 164.4 163.5 162.7 161.5 160.3 158.3 155.3 152.1 148.1 143.8 139.5 134 127.1 119.2 113.3 111.4 110 107.8 102.4 93 81.2 66.6 46.3 50 68.2 85.9 90 91.3 89.8 86.5 80.5 71.8 62.6 55.7 51.3 49.9 45.1 36.3 30.5 29.1 29.4 32.5 37.3 40.5 43.8 48.9 54.8 65.8 84.8 101.8 111.6 118.7 124.2 128.9 133 137.1 139.7 143.3
133.6 137.5 140.8 143.2 148.4 151.9 155.3 157.2 159.3 161.9 164.3 166.1 167.6 168.8 169.5 169.8 169.2 168.9 167.5 166.3 164.7 163.2 161.9 160.5 158.8 156.7 154 150.9 147.5 143.4 139.2 134.2 129.1 123.7 119.6 118.6 116.8 114.4 110.4 104.3 91.8 76.1 56.3 38.7 58.2 81.5 86.2 86.3 85.4 78.9 66.3 50.8 39.5 35.8 37.6 38.4 38.4 34.5 29.4 28.9 27.2 34.5 38.2 41.4 45.6 51.1 59 72.7 92.3 107.4 116.8 123 128.6 132.3 135.9 138.9 140.9 143.9
129.6 132.5 136.4 142.3 147.4 151.3 155.3 157.3 159.8 162.4 165 166 168.4 169.5 170.4 169.8 169.5 168.8 167.2 165.8 164.4 162.2 160.7 158.8 157 154.6 152 148.9 145.7 142.3 138.7 135 130.8 127.2 124.9 121.6 119.9 117.9 114.2 107.3 97.7 82.3 62.7 41.6 49.8 76.9 82.7 82.7 77.2 63.9 45.5 29.9 21.1 21.6 25.3 26.2 28.2 28.9 25.5 28 32.5 36.3 39.8 43 48.1 54.7 66.9 83 99.9 114 121.8 126.9 131.3 134.9 137.9 140.5 142.2 144.5
132.2 136.2 142.2 146.7 150.1 153.2 155.3 158.1 161 163.5 165.5 165.6 168.1 169.5 169.5 168.7 168.1 167.2 166 164.3 162.6 161.1 159.1 156.7 154.5 151.1 148.7 146.5 143.3 140 136.7 133.4 130.3 127.7 125.3 122.4 120.9 118.5 114.5 106.7 95.9 78.9 61.5 37.1 52.9 77.5 79.5 78.3 64.4 43.5 27.9 21.9 29.3 31.7 27.1 25.5 26.2 25 26.6 26.6 31.9 37.9 41.7 46.2 54.3 65.8 78.5 94.8 110.2 118.7 125.4 129.8 132.7 135.9 138.6 140.4 142.1 143.2
141.4 144 147.3 150.2 152.2 155 156.7 159.5 162.7 164.5 165.4 165.3 166.2 169 168 167.2 166.7 165.2 163.3 161.7 160.1 158.4 156.1 153.7 151.1 147.7 144.7 142.2 138.7 135.6 133.4 131.6 128.9 126.3 124.4 122.8 120.8 118.1 114 104.5 89.4 70.9 55.2 32.1 55 74.3 74.2 64.5 51.2 29.2 19.4 30.9 37.2 39.6 38 24.1 23.6 24 26.3 31.6 33.7 40.6 46.2 53.8 67.8 83.9 96.8 107.4 115.6 122.4 127.3 130.6 133 135.4 137.8 139.2 139.7 140.5
144.8 146.9 149.4 151.4 153.9 154.9 157.6 159 163 164.5 165.4 166 166.4 166.7 166.6 165.7 164.5 162 160.3 158.7 157.3 154.5 152.8 150.6 147.2 143.2 140.1 137.2 134.7 132.5 130.5 128.8 127.2 124.9 123.7 122.3 120.4 118.9 114.9 106.2 92.1 72.3 51.5 29.2 48.9 70.3 65.6 55.5 38.1 21.4 28.5 38.3 44.5 48.4 51.2 45.5 33.5 32.9 32.8 34.5 42.5 50.7 58.1 69.8 85.3 101 107.6 113.2 118.5 124.3 128.3 131.1 132.9 134.8 136 137 136.5 137.2
146.7 148.7 150.4 152.1 153 156.7 157.2 159 162.3 164.5 165.9 165.7 165.4 165.5 164.8 163.8 161.7 160.1 157.9 155.9 153.3 151.1 146.8 146.3 143.2 138.4 135.4 134 131.9 129.4 127.7 126 124.4 124.3 123.2 121.8 120.4 119 116.3 108.9 98.3 78.6 57 31.3 42.9 60.4 53.4 37.8 26.3 22.2 36.7 44.9 49.2 57 62.1 64.5 59.7 54.1 49.9 53.9 60.8 68.2 79.1 91.4 100 106.6 111.8 116.3 120.5 125.3 128.6 130.4 131.8 133.7 134 134 133.7 133.1
146.8 148.8 150.1 151.4 155.8 156.2 157 157.5 164.2 164.7 163.8 163.3 162.8 163 162.7 162.1 160.4 159.4 156.6 153.2 150.7 146.2 141.2 139 136.4 134.2 131.8 130.5 128.3 125.9 124.8 123.7 122.9 122.9 122.3 121.5 120.3 119 117.2 110.9 99.8 82.9 61.4 37.3 34.7 51.8 39.4 24.8 18.1 31.7 38.9 45.4 53.4 59.7 63.6 66.7 69.7 69.2 69.5 72.9 79.8 88.8 94.4 99.5 104.1 108.9 113.5 117.2 121 125.3 128.4 130.1 131 131.6 131.1 130.3 129.4 128.3
147 148.6 149.6 149.6 155.5 155.5 156.4 159.6 161.6 161.7 161.2 160.4 160.3 160.4 160.3 159.9 159.4 158 155.1 151.5 148.9 143.5 138.8 135.5 132.2 129.8 128.3 127.3 123.5 122.1 120.1 119.4 120.5 120.6 120.3 119.5 118.9 118.1 116.6 112.5 102.5 85.4 65.9 45.4 23.8 36.8 29.5 17.7 29.3 42.6 47.7 50.2 52.2 56.6 62.2 68.5 72.7 75.8 78.3 83.3 88.2 93.1 97 101.8 105.9 110.5 114.3 118 121.3 124.8 127.1 128.5 129.2 128.5 127.5 126.1 124.9 123.8
146.1 147.3 147.1 146.9 152.2 154.5 154.3 155.9 156.7 157.2 156.9 156.1 156.7 157.7 158.4 158.2 158.1 157.1 154.2 151.4 148.3 142.8 138.5 133.1 128.6 124.3 125.2 124.1 120.9 116.6 114.8 116.7 118.1 118.3 118.3 117.7 117.2 116.7 115.5 112.7 105.4 89.8 71.4 54.3 33.8 21.2 18.5 26.4 38.5 50.4 55.8 60.1 61.9 61.9 66.6 71.7 75.5 79 82.2 86.4 90.9 95.1 99.4 104.1 107.8 111.2 114.9 117.8 120.7 123.7 125.5 126.1 125.6 124.6 123.7 122 120.1 118.5
145.1 146 145.7 145.5 145.7 147.8 150 151.4 152 152.6 152.1 152 153.1 154.7 156.9 157.6 157.4 155.5 152.9 150.9 148.3 143.2 139 134.1 127.4 122.9 120.4 120.3 119.3 114.2 111.9 113.3 115.1 115.6 116 115.7 115.1 114.1 112.9 110.4 104 90.8 73.8 59.3 34.1 17.4 22.4 33.4 45.9 56.2 62.5 67.6 69.8 70.7 72.9 75.8 79.1 82.2 86.2 90.5 95 98.6 102.9 106.1 108.8 111.7 114.9 117.7 120.3 122 123 122.3 120.4 119 116.7 115.8 114.1 112.7
143.9 144.8 145.1 144.6 144.1 144.8 146.4 146.9 147.5 148.1 147.7 146.9 148.9 150.5 152.8 154.5 154.5 154 152.3 150.5 147.3 144.2 139.7 134.9 128.5 116.9 115.7 116.9 114.6 110.4 108.9 108.9 111.9 112.6 113.2 112.8 111.9 110.9 109.3 106.9 100.8 87.9 68.1 48.7 29 17.5 26.2 39.1 51.6 61.4 69.3 73.1 74.4 76.1 78 80.2 82.3 86.1 90.4 94.8 98.1 101.9 104.9 108.1 110.5 113 115.1 116.8 118.6 119.9 120.3 119.2 114.8 111.2 109.5 106.6 105.3 104.6
143.7 144.1 144 140.7 139.6 139.7 141.2 142.2 141.8 142.1 141.8 142.1 143.9 146.4 148 149.4 149.1 150.5 148.9 146.6 144.6 141.8 139.3 135.2 129.5 116.9 109 109.8 108.2 102.5 99.6 103.4 106.7 108.7 109.1 108.8 107.5 106.1 104.9 102.4 96.1 78.9 57.4 37.5 18 18.9 36.2 49.3 54.5 62.9 71.4 75.8 78.3 80.3 82.5 84.1 87 90.8 94.6 97.1 100.5 103.7 106.8 109.3 111.1 113.1 114.5 115.9 117 117.1 116.7 115.3 110.1 104.1 100.1 97.3 94.5 92.9
142.9 143.5 143.5 140.1 136.4 131.5 134 134.9 135.6 135.3 135.1 136.4 139 141.3 142.6 143.6 143.7 144.2 144.2 142.2 140.5 139.1 138 135.6 131.1 120.3 103.6 98.1 94.9 91.1 79.5 91.8 99 103.2 104.1 103.9 102.7 101.2 99.3 96.6 89.3 70.2 45.3 24.1 16.3 32.9 50.7 60.3 63.1 64.9 72.4 78.1 81.7 84.2 86.5 88.9 91 94.5 97.5 99.7 102.8 105.4 108 109.9 111.3 112.1 112.9 114 114.4 113.1 112.4 109 104 96.3 94.1 91.6 87.2 85.9
