WholeMapElevations/data/nt/nt20_OST50GRID_20230518/NT20.asc
ncols 200
nrows 200
xllcorner 320000
yllcorner 600000
cellsize 50
[rows 140 to 174 of 200, columns 0 to 77 of 200]
321.1 324.5 328.3 331.5 336.3 345.6 352.2 357.7 366.5 372.7 372.8 366.4 354 330.1 309.9 298.4 287.9 280 281.6 282.6 298.8 314.1 333.5 351.4 366 365.2 359 352.7 347.8 343.6 340.7 336.3 330.4 324.2 318.8 314.7 310.3 306.4 301.9 297.6 294.8 291.9 290.6 290.4 288.8 284.8 283 282.8 280.9 279 276.7 274.3 269.7 264.9 262.5 257.7 254 250.1 244.8 244.9 237.8 233.8 232.3 241.6 244.1 246.3 249 251.8 256.4 256.4 254.2 248.1 240.2 230.4 222.8 213.5 208.8 207
318.3 321.5 324.5 327.7 336.1 344.7 352.6 357.8 365.6 374.6 378.4 374.5 361.7 334.1 314.7 301.9 290.9 279.5 280.9 280.9 295.9 309.4 328.2 345.1 360.6 362.1 355.7 349.7 345.4 342 339.9 335.4 329 322.1 317.4 311.9 307.6 303.5 299.7 296.3 294.2 292.6 293 293.2 293 289 286.6 286.5 284.4 281.7 279.7 277.6 272.3 266.2 262.2 258.3 252 247.9 243.6 240.5 235.9 233.1 231.8 241.7 243.7 246.2 249 251.5 253.7 254.5 251.3 246 237.7 229.2 223.3 213 208.3 206.8
315.8 318.4 320.9 324.1 330.1 340.2 349 355.2 364.3 373.3 380.4 377.6 366 340.4 319.3 304.5 293.7 280 278.4 279.9 292.6 305.4 321.3 338.6 354.1 354.8 350.3 347.4 343.1 339.6 337.2 333.6 328.1 324.7 320.5 316.1 310.5 305.5 301.1 297.7 296.1 295.4 296.3 295.4 295 292.8 290.6 290.2 288.3 285.5 283.1 280 275.2 268.7 263 258.1 255.1 250.7 245.5 238.8 234 230.4 231.3 240.9 243.5 246.3 249 250.7 252.1 251.5 249 244 236.1 228 225.8 211.7 207.1 206.6
309.8 314.7 317.9 320.7 323.8 332.8 342.1 350.9 358.8 369.1 377.6 379.9 371.1 352 327.6 308.4 294.4 283.6 278.1 278.2 289 300.2 311.3 326 344.3 346.5 344.3 344.4 340.5 337.6 335.9 333.5 329.9 328.1 326.1 320.9 315.1 310.6 305.6 303 300.8 300 298.6 296.9 296.5 295.9 294.6 294.6 293.5 290.4 286.8 283 278.2 272.4 267.9 262 257 250.9 246.6 240 235 228.8 234.7 239.1 242 244.8 246.9 248.7 249.7 248.7 246.7 241.8 234.5 225.1 222.6 210.1 206.8 206.5
302.5 304.7 313.2 316.2 319.5 325.3 335.1 343.5 352.7 363.3 373.4 382.8 375.8 355.7 335.1 314.1 297.4 286.2 277.6 277.3 284.6 295.8 302.4 313.8 329 337.1 337 338.5 336.1 335.9 335.1 335.5 336.7 334.3 332.2 326.2 320.1 315.5 313.2 309.1 306.2 303.1 301.4 299.7 298.4 298.2 299.1 299.1 298 294 290.3 286.5 282 276.4 271.3 265.2 258.1 252.3 246.2 241.1 237.8 228.8 233.2 235.8 239 242.2 244.3 246.5 247.3 245.8 243.6 239.6 232.8 225.6 220.8 211 206.6 206.3
304.3 300.8 300.2 309.4 314.6 318.8 326.8 336.7 347.2 358 375.8 384.4 377.5 360.4 342.2 323 301.3 289.1 277.5 275.8 283.6 291.4 297.5 305.7 315.9 325.7 330.6 332.5 333.5 336.4 338.2 343.4 343.5 342.4 339.7 332.1 326.1 322.7 321.1 316.7 311.7 306.8 304.3 303 301.8 303 304.1 304.2 302.9 297.6 293.9 289.5 285 279.9 274.1 268.8 262.5 254 246.2 240.2 236.5 230.8 228.5 230.8 235 238.2 241 243.7 244.8 243.1 239.2 235.6 230.3 227.5 224.5 210 206.3 206.2
313.3 306.2 300 299.2 300.8 312 318.3 329 341.4 354.2 371.5 380.2 373.9 366.6 348.3 330.7 306 291 279.3 274 277.4 287.5 293.8 300 308.6 316.6 323.6 327.8 333.7 338.3 343.7 347.6 348.4 346.6 342.8 337.7 334 330.3 327.2 324.8 320.2 314 307.8 306.5 306.6 307.8 309 309 307 302.4 297.9 293.7 289.6 286.1 279.9 272.8 264.6 255.7 247.1 242.4 236.3 231.1 225.6 225.2 227.9 232.4 236.7 239.6 241 239.9 236.8 232.5 228 228.6 227.4 214.5 205.9 205.7
323.4 315.1 306.4 295.8 296.2 297.7 311.2 321.7 334.1 351.6 364.8 372.5 373.5 370 356.7 335.2 310.5 291.9 278.1 273.2 275.3 285.2 290.6 295.1 299.9 307.9 314.7 322.9 332.9 342.6 348.4 352.4 353.6 351.4 345.9 342.5 340.2 339.9 337.1 333.1 330.9 325.4 317.2 313.1 313.6 314.5 315.1 315.1 312.1 308.3 304 299.5 295.5 291.8 286.3 276.3 267 257.9 250.2 243.5 238.6 234 228.5 227.1 223.6 223.5 228.7 233.6 237.3 237.4 233.1 228.9 228 227.1 223.8 214.6 206.1 205.3
329.1 319.4 311.5 303.2 296.8 293.6 303.4 315.1 326.8 344.3 358.3 363.6 369.3 368.2 360.5 336.2 310.7 292.1 279.6 272.2 274.6 279.4 286.9 290.7 294 302 310 321.6 333.5 344.9 352.1 355.7 355.7 354.2 349.3 345.4 345.3 345.6 343.7 340.6 340.2 337.4 328.7 324.9 322.4 321.8 320.4 319.6 316.9 311.9 308.6 305.2 301.1 295.1 291.4 279.9 268.3 260.9 253.2 246.6 238.6 236.3 232.1 228.6 226.5 223.3 219.4 227.7 232.8 233.9 230.2 226.5 226.1 227.2 223.7 218.3 206.2 205.4
329.7 322.8 313.7 305.6 297.4 292.3 298.1 311.1 320.6 333.2 344.7 352.2 355.8 346.5 338.6 322.1 304.9 291.4 281.1 273.5 272.3 275.4 283.8 286.3 289.8 295.5 304 318 333.3 346.8 354.3 358.1 358 355.7 350.7 347.4 348.3 345.7 347.8 346.2 344.5 341.9 336.1 337.3 333.1 326.3 322.9 319.6 316.8 313.2 312.1 310.6 304.7 295 289.7 281.1 270.1 262.3 256.4 249.2 241.6 237.7 235.4 230.6 227.8 224.8 220.7 222.8 228.7 229.3 227 223.7 224.8 226.5 223.5 215.8 207.9 205.4
329.4 321 313.2 302.9 303.4 291.8 293.6 305.3 315.4 324.1 328.6 332.4 329.2 324.8 319.2 310 299.2 289.4 283 275.2 271.3 271.9 272 278 285.4 291 298.5 314.3 331.7 347.7 356.4 359.5 357.7 354.9 351.1 348.4 350.2 346.8 349.9 348.8 345.5 341.9 342.1 342.1 337.5 327.6 323.2 319.6 315 311.4 311 313.4 302.9 290.6 286.1 281.4 272.8 263 258 250.9 245.8 240.2 236 233.8 230.6 227.2 223.2 215.4 222 226 223.8 222.8 224.3 224.6 222.3 216.6 206.1 205.2
328.1 320.3 312.7 309.4 308.3 297.4 289.7 300 309.1 313.6 313.4 314.5 309.7 308.1 305.4 302.7 294.1 285.3 280.9 275.8 271.4 270.6 270.1 271.1 279.9 286.2 292.2 311.8 328.7 346.8 359.1 360 357.8 354.2 351.1 347.4 346.1 343.8 347.2 346.7 344.3 340.7 343.7 342.1 334.4 325.9 322.8 319.9 315.3 308.6 307.9 308 298.6 289.4 282.9 279.6 272.2 264.8 259.3 252.1 248.5 243.8 241.3 238.8 234.7 228.8 226.1 220.8 214.8 220.7 220.1 220.5 222.2 221.8 220.3 214.3 207 206
324.9 321.9 317.9 315.4 311.1 308.1 294.3 288.6 297.3 304.2 307.1 303.7 301 299.8 298.7 298.4 292.3 282.6 278.2 272.8 273.1 270.2 269 269 270.9 282.1 288.7 308.5 326 345.4 359.4 359.3 355.8 353.1 350.9 343.2 340.6 338.5 338.9 342.5 340.1 337 339 336.4 329.8 324.4 320.2 316.7 311.2 304.9 302.7 302.2 294.1 285.4 279.7 277.4 272.9 265.8 260 254.1 250.8 248.7 245.7 244.8 238.7 232.4 228 224.2 216.1 210 215 216.8 218.8 218.1 217.3 213.1 208.5 206.8
330.6 327 322.6 319.8 316.9 311.9 305.8 292.7 285.7 291.5 296.6 295.3 295.3 293.2 289.6 285.2 281.3 278.1 277 278.7 277.9 277 270.2 267.6 265.6 271.1 281.9 300.3 324 341.8 355.1 355.8 353.1 350.8 348.8 338.8 333.9 330.9 331.6 333 331.5 331 331.5 329.5 324.5 320.5 317.2 311.7 306.3 300.9 298.2 297.3 288.4 282.2 278.1 276.6 273.8 269.4 264.1 258.6 253.9 252.2 248.3 247.2 241.5 234.2 232.6 228.6 218.9 214.7 211.2 210.1 210.8 211 209.3 211.6 207.9 206.8
335.6 333 328.1 324.6 323.3 319.6 312.8 304.4 290.6 286.7 285.2 283.3 284.6 281.8 282.8 283.8 283.5 285.4 289.1 283.4 278.7 275.9 272.1 269.5 267.3 264.9 275.1 293.9 317.5 341.7 355.2 356 353.1 348 340.8 332.8 326.6 324.5 325.9 328.2 329.1 327.3 323.9 322 318.6 315.3 310.3 305.9 300.9 298.4 294.4 292.7 284.9 280.1 278 277 275.5 271.8 267.4 261.8 257.4 255.4 252.4 248.6 243.2 240 235.8 231.4 222.6 220.4 216.6 212.3 210.5 209.2 208.9 208.4 207.9 206.6
343.3 340.1 335.3 331.8 329.9 325.9 320.3 313.9 306 294.5 288.8 292.5 290.3 293 296.3 297.3 299.3 298.3 295.4 288.3 283.9 278.8 274.3 270.1 266.7 266.5 268.9 288 313.3 338.6 357 359.9 355.8 347.1 336.3 326.3 320 319.5 321.6 325.9 327.5 324.5 318.9 315.5 311.1 307.9 303.3 300 296.1 295.2 290.6 288.6 281.4 278.7 278 277.3 276.1 273.7 269.1 263.8 260.7 258.7 255.4 252.1 248.1 244.9 240.3 234.2 227.3 222.6 221.3 221 211 209.8 209.5 208.3 207.3 206.3
357.4 351.4 346.4 343.1 339.9 336.9 330 322.7 315.1 309.3 304.3 302.8 303.6 306.9 310.1 312.7 312.5 309.7 302.9 293.8 286.8 282.2 275.7 271.3 267.1 266.1 265 279.9 304 332.8 352.7 362.8 359.6 343.9 332.4 322.5 316.5 315.4 318.2 325.6 326.4 323.6 316 309.5 304 300.1 297.5 294.6 290.8 288.9 286.3 282.8 279.5 277.6 277.2 276.7 275.4 273.7 269.8 266 264 261.8 259 257.2 253.1 248.8 244.7 239.1 233.8 230 228.6 227.8 218.4 211.2 208.4 207.9 207 206
376.2 368.9 362.3 358 355.7 353.4 345 334.7 325.2 320 314.2 313.5 317.3 322.6 327.7 329 329.4 325 313.6 300.3 291.1 286.2 280.3 272.6 266 265.1 263.7 274.3 296.4 321.4 342.8 360.3 358.8 341.6 332.4 321.3 312.6 312.6 315 323.7 324.9 321.6 312.4 304 297.2 293.6 291.4 288.5 285.1 284 281.7 279.5 277.8 276.5 275.9 275.3 276.1 274.6 271.3 268.2 269.5 267.1 265.4 263.8 258.1 253.8 249.2 243.9 240 235.6 233.1 230.2 224.8 217 209.9 207.4 206.7 205.8
394.5 387.6 381 375.7 374.6 369.6 361.6 348.6 338.7 330.3 328.6 327 333.2 338.5 343.4 345.6 344.5 338.2 324.1 306.2 293.7 288 282.8 276.5 268.1 265.8 264.3 264.2 290.3 307.2 331.7 353.9 352.2 337.3 328.9 316.1 308 308.8 314 322.5 323.1 319.3 309.4 300.1 294.7 289.6 285.7 283.2 280.1 278.3 277.3 279.1 278.1 275.2 274.4 274.4 275.3 276 273.2 271 274 273.5 270.4 268.7 262.5 259.7 256.1 255.4 246.8 241.4 236.3 234 229.9 221.7 211.1 207.5 206.2 205.5
410.8 405.4 398.7 392.3 391.5 386.5 375.9 365.5 353.5 346.1 343.5 343.4 347.7 352.7 357.6 359.9 357 346.9 328.8 309.4 296.8 289.9 284.9 279.5 269.6 264.9 264.7 262.6 279.3 299.6 317.9 339.5 345.9 333.8 320.8 308.9 302.1 306.6 311.2 318 321.3 315.7 308.3 298.8 293.1 287.7 283.5 279.8 277.2 274.9 272.9 275.1 277.3 275 273 273.7 275.7 277.2 275.3 274.8 278.3 277.8 274.9 272.5 266.3 263.7 263.8 262.4 256.1 248.2 243.4 237.3 231.9 222.4 210.2 208.5 207.1 205.4
424.5 417.1 410.8 403.8 401.5 394.9 388.3 381.6 363.1 358.3 356.3 356.7 361.2 365.8 369.4 370.8 364.3 348.3 328.9 310.5 300.7 292.5 287.5 281.6 271.6 266 263.4 261.8 271.5 291.5 306.3 328.3 340.2 332.3 314.2 305.8 299.2 302.6 307.8 313.6 315.5 311.1 305 300.5 294.3 287.2 282.5 277.4 274.2 271.6 270.2 272.2 274.2 272.7 272.7 274.8 278.1 278.6 277.7 280.1 283.6 282.5 279.8 275.9 271.8 267.1 270.2 268.5 260.4 252 245 240.5 234.2 226.5 215.5 210.7 207.1 204.9
431.2 427.8 418.5 412.5 408.6 405.7 399.9 391.9 377.1 372.1 369.5 368.2 373.1 376.6 378.4 378.2 367.9 347.7 327.9 310.6 301.2 294.3 288.5 279 276.1 266.7 263.7 262.7 264 284.1 295.4 316.2 333.2 325.1 311 301 293.3 297.2 302.3 308.9 309.8 307.9 305.9 302.3 294.8 288 281.6 276.5 271.8 269.1 267.9 269.6 271.5 271.4 274.2 276.8 279.3 279.4 281.4 286.6 287.2 286.3 283.1 279.4 276.9 271.7 275.9 274.2 264.2 261.3 246.6 241.4 237.2 227.6 220 213.5 209.6 204.5
432.6 427.6 422.2 421.8 418.1 414 406.7 397.3 386.8 383 377.7 380.2 383.6 387.5 386.3 382.6 371.8 350.1 327.4 310.5 300.4 294.2 289 285.4 281.6 274.1 262.6 262.2 260 276.2 287 301.8 320.4 317.6 306.4 296.5 289.9 294.1 297.7 304.5 306.9 306.2 305.5 303.9 298.5 293.2 283.5 276.2 270.8 266.8 265.1 266.2 268.3 269.9 274.2 277.1 278.2 278.6 284.8 287.8 288.4 288.7 286.9 284.3 279.6 275.8 278.3 278.2 268.2 263.8 249.3 241.7 237.5 229.5 221.5 215.8 210.8 205.3
427.7 426.8 429.5 425.3 422.7 416.8 410.1 400.9 392.6 390.8 390 393.6 397.1 399.2 393.4 386.1 375 354.1 327.2 310.3 299.5 294.5 290 285.9 279.9 271.2 265.1 262 260 264.2 281 293 300.9 309.1 301.2 292.4 286.9 291.2 295 299.7 304.2 306.3 308.7 306.4 303.1 295.7 286.5 277.5 269.3 264.8 261.9 262.9 266 268.8 273.5 275.2 276 279.4 284.5 288.8 289.7 288.9 289.3 287.3 283.1 280 280.9 280.9 270.4 266.8 255.2 244 236.2 229 223.3 217 212 206.6
426.1 426.2 425.2 425 423.6 418.9 412.9 404 395.2 396.2 400.3 403.9 407.3 407.7 401.6 388.8 376.7 354.3 327.3 313 302 296.3 291.3 286 280.6 279.2 275 260.4 259.7 260.4 271.1 284.2 292.2 298.2 295.2 288.7 282.7 288 290.9 295 299.3 305.3 309.6 309.7 304.2 296 285.7 275.9 268.4 263.3 260.6 261.3 263.8 266.9 271.1 271.8 274.1 280.4 284.3 288.9 290.7 290.1 289.7 291.5 288.4 285.7 282.9 278 274.5 267.3 258.2 249.8 237.7 230.2 222 216.2 211.2 205.5
424.2 424.4 423.5 422.4 421.2 418.2 413.2 406.9 398.9 402.3 407.5 410.6 412.2 413 407.7 394.1 380.2 357.9 331.6 318.9 305.6 298.9 294.1 289.6 285.6 282.4 271.9 266.8 259.8 258.4 260.3 277.2 284.3 289 287.2 284.3 281 285.2 287.1 290.8 295.3 302.7 308.8 306.8 301.4 293.8 283.8 276.9 267.4 262.1 260.1 260.7 262.4 265.6 269.1 272.2 275.8 280 282.6 287.6 290.6 290 290.5 294.6 290.5 287.4 282.3 283.1 274.6 269.6 260.8 254.2 243.8 233.7 228.2 216.6 209 206.2
421.4 421.4 421.1 418.3 417 415.2 411.5 406.5 399.9 403.6 410.3 414.2 416.6 417.4 414.6 399.1 383.5 359.5 338.3 324.4 312.6 303.2 297.2 292.5 289.1 284.8 280.4 276.1 259.9 258.7 258.7 262.4 278.3 282.6 281.3 279.4 276.3 282 283.7 286.5 291.9 298.6 304.7 302.8 298.4 290.8 283.3 272.9 266.2 261.5 259.6 260.2 261.3 262.6 265.1 270 276.9 279 280.8 286.3 290.4 289.9 291.3 293.1 288.1 287.6 287.9 290.9 279.4 269.6 260.8 254.1 246.7 237.8 230.8 221.4 213.4 209.2
418.9 418.2 416.1 412.7 411.2 410.5 407.7 403 398.4 402.7 410.1 416.2 418.2 418.8 417.9 403.6 387.2 363.5 345.2 332 321.1 312 305.2 297.2 291.9 288.5 284.1 278.4 273.9 260.4 256.7 257.5 265.1 276.7 276.9 274.8 275.7 278.1 279.9 281.9 287.9 295.1 299.6 298.4 294 289.8 283 271.4 264.7 260.4 258.4 258.8 259.8 260.7 262.5 267.5 273.9 276.4 279.3 284.2 289.1 288 291.6 292.5 290.9 290.6 295.8 297.3 282.5 268.6 260 254.9 248.6 241.9 233.3 224.1 216.8 212.4
416.2 414.7 411 406.1 403.2 402.7 401 397.8 395.1 400.8 409.3 415.8 417.5 418.7 417.8 408.6 391.6 373.6 355 341.9 331.6 323.7 315.4 305.7 298 292.8 287.5 283 277.7 270.9 262.2 257 255.1 260.3 273.4 266.9 272.7 274.4 276 278.4 283.5 289.6 294.5 293.5 290.7 286.4 281 272.2 263.8 259.6 255.8 256.7 257.8 258.8 261.5 265.5 271.3 274.8 279.8 283.6 285.4 285.3 290.1 291.2 289.4 292 297.7 298.1 281.8 267.3 261.5 255.7 249.1 243.4 235.5 227.6 219.6 214.5
410.7 410 405.4 398.6 394 392.9 390.9 388.3 389.7 397.4 407.9 413.1 417.7 419.2 417.2 412.3 400 385.5 370 356.9 346.3 341.2 328.8 316.7 306.3 299.4 293 286.7 280.7 276 271.9 263.3 257 254.9 258.6 258.1 267.9 270.5 272.8 276 280.1 285.4 290.2 291.5 289.8 287.3 280.6 272.9 263.3 258.1 254.7 254.9 256.6 257.3 259.4 263.7 268.9 274.3 280.5 281.2 281.4 281.8 287.3 288.7 288.2 295 298.4 299.6 278.8 268.4 264.4 258.3 249.8 244.4 238.4 232.5 226.9 220.8
405.7 404 398.6 392.1 385.8 382.8 377.8 379.7 385.2 393.5 401 410.3 418.3 420.6 420.9 415.9 406.7 394.7 383.4 371.9 363.5 355.6 345.6 329.1 319.8 309.4 299.7 292.5 285.5 280.7 275.1 270.9 263.7 254.9 253.4 255 258.4 265.7 270.5 273.4 277.6 282.8 286.4 287.9 291.2 284.8 278.6 269.1 262.1 257.5 254 254 255.3 255.9 257.2 262.2 267.3 272.3 276.2 275.6 275.8 278.9 283.4 284.5 288.4 294.7 297.7 296.3 280.7 271.8 267.7 261.2 253.1 246.6 240.9 236.5 233.2 226.7
401.8 396.6 391.3 384.3 378.8 375.3 373.7 372.5 381 388.1 395.4 408 417.1 421.4 422.9 419 412.1 402.3 394.7 386.4 379.5 371.5 360.6 349.2 331.9 319.3 305.1 298.1 291.4 283.2 280.5 277.2 273.4 257.9 253.9 253 252.6 255.9 261.7 270.4 275.2 278.8 282.4 286.2 289.1 285.6 276 269.8 262.8 256.5 253 253.1 254.4 255 255.5 258.7 264.1 269.2 271.5 270.1 270.4 272.8 277.6 280.5 285.9 291.2 291.8 288.7 282.2 276.8 272 265 258.9 252.3 245.3 240.6 238.9 231.9
397.9 390.9 384.3 376.2 371 369 367.1 368.7 377.1 386.3 394.4 405.2 415.2 421.2 425.4 421.6 415.2 409.5 404.7 402.2 394.2 386.4 372.9 364.5 344.6 327.3 311.1 303 298 291.6 286 281.1 276.8 265.9 254.3 253 252 250.9 252.4 259.2 271.8 273.4 278.4 283 285.5 282.4 276.2 267.2 261.2 255.4 251.1 250.8 252.6 253.1 253.7 256.3 259.4 265.1 267.1 266.2 267.3 269.7 271.8 274.9 281.3 286.1 286.4 281.8 280.8 280.8 275.9 268.9 266.5 261.4 255 250.3 242.9 237.5
393.3 387 379 369 364.1 362.8 362 369.6 379 388.5 396.8 405.3 414.5 422.3 426 423.4 419.4 417.8 417.5 410.6 402.2 391.1 384 370.1 350.3 332.3 316.3 309.6 305.3 300.2 293.1 284.5 278.6 274.1 260.1 253.2 251 250.2 250.9 251.5 254.4 270.1 274 278.6 279.8 277.4 273 265.9 258.7 254.8 251.7 248.2 250.5 249.9 251.7 254 257.2 259.9 261.2 262.5 264.4 266.1 267.6 270.2 273.8 277.7 278.7 276.4 281.2 286.2 279.2 275.7 275.1 268.4 261.7 257.5 247.9 240.5
386.6 380.5 373.1 363.7 359.1 357.4 362.5 372.5 382.8 391.5 401.2 409.8 414.7 418.7 419.4 422.6 421.3 422.6 421.1 414.8 406.5 398.4 389.7 374.8 356.8 342 328.3 320.2 316.1 312.1 305.7 297.1 284.9 275.1 270.8 266.3 255.5 250 250.6 251 251.1 263.9 272.8 275 273.3 271.6 267.9 262 258 254.9 252.1 247.4 242.7 247 249.7 252.7 255.7 255.8 256.1 257.2 259.1 261.1 263 265.5 268.9 271.2 272.9 275.6 285.9 287.6 282.6 288.1 281.1 275.9 270.6 263.6 254.2 242.5
