WholeMapElevations/data/nt/nt34_OST50GRID_20230518/NT34.asc
ncols 200
nrows 200
xllcorner 330000
yllcorner 640000
cellsize 50
[rows 35 to 69 of 200, columns 0 to 77 of 200]
493.9 493.9 491.4 484.7 473.4 460 449 449.4 464.2 486.7 504.6 516.9 525.1 527.9 527.6 525.6 522.5 514.8 526.8 546.2 561.6 572.7 578.6 597.8 612.8 624 633.1 639.3 644.1 646.8 647.3 646.7 643.8 640.1 635.2 630.1 625.1 620.1 614.3 608.5 603.7 598.6 594.2 590.3 589.1 587.5 585.7 580.7 575.3 570.3 566.2 560.7 563.2 564.3 567.9 569.1 571.6 573.3 576.8 577.3 579.8 582.4 583.5 583.3 581.6 578.8 576.7 572.1 568.7 561.1 553.9 547.2 541 535.6 529.7 523.5 517.5 510.3
480.3 483.1 477.8 467.6 453.9 441.2 440.2 454.1 450.8 474.2 492.2 503.7 509.3 509.1 508.2 506.6 504.5 516.1 541.6 564.6 582 595.1 593.5 596.3 609 623.6 630.4 636.9 641.3 643.6 644.7 643.7 640.7 637.2 631.9 627.4 621.7 617.5 612.7 607.3 601.7 597.5 593.7 592.1 590 587.6 584.5 579.9 574.7 570.3 565.3 564.4 568 571 572.8 575.4 579.1 580.9 582.7 584.6 585.1 586.2 587.5 584.9 583 579.3 575.3 570.4 563.7 557 550.4 544.1 539.4 533.2 527.2 522.9 516.9 509.6
455.1 462.3 458.6 447.9 437.1 441.2 465.9 476.6 458.4 461.8 476.6 486.5 489.6 488.5 489 496.3 512.8 531.7 555.3 578.6 599.7 611.9 616.2 613.6 610.1 621.6 630.6 634.5 638.4 640.2 640.9 639.6 637.5 634 629.9 624.9 620.1 616.2 610.4 605.4 600.8 595.1 592.9 591 588.2 586.1 582.8 578.8 574.8 570.4 565.8 570.6 574.2 576.5 580.1 583.3 585 587.9 589.6 590 589.7 589.8 588.7 585.2 583 578 572.3 566.4 560.2 553 548 542.4 537.8 532.3 526.5 520.2 514.7 508.5
431.8 437.2 436.2 429.1 439.9 465.3 483.8 492 474.9 462.7 464.3 469.5 475.4 480.9 499.9 517.2 533.7 550.1 570.1 592.9 611.8 621 624.4 625.9 626.6 626.6 630.3 633.8 636.5 637.6 637.4 636.4 633.7 630.4 626.5 623 618.8 614.3 609.2 603.8 599.8 594.7 591.6 587.6 586.6 584.5 581.5 576.7 572.9 569.9 573.4 575.5 579 581.5 585.9 589 591.4 593.1 594 593.3 591.6 590.4 588.4 585.4 581 576.3 569.3 564.5 557.9 551.3 546.4 540.5 534.8 528.5 522.8 516.9 510.6 505.3
420.4 423.6 423.9 438.4 461.1 483.3 501.4 510.1 501.9 488.2 480.5 484.4 492.1 503.3 519.1 536.6 553.4 569.7 587.9 609 620.6 626 628.8 630.7 631.7 632.4 632.9 633.9 634.5 634.4 633.2 632 630.7 627.7 624.9 620.4 617.4 613 607 602.9 600.1 598.2 595 591.6 588.1 583.8 580.1 579.6 576.8 576.5 578.4 580.7 582.1 586.1 590.4 593.7 595.9 597.4 597.7 596.3 593.8 590.5 587.5 582.7 579.8 575.2 568.7 563.4 556.4 549.8 543.7 537.5 530.8 524.9 516.8 511.8 505.1 499.8
427.5 427.7 436.9 455.5 479.6 500.6 515.9 525.3 527.5 518.2 509.5 512.8 517.8 528 543.3 557.5 573.4 589.9 606.8 618.3 625.3 629.3 631.9 633.7 634 632.5 632.5 631.2 630 630.7 630.7 630 629.4 626.6 623.3 619 615.9 610.7 610 606.5 602.8 599.6 596.4 591.8 589.6 586 583.6 581.8 579 579.4 581.3 584 586.1 590.1 593.4 596.9 599 600 599.3 596.8 593.5 590 585.3 581.7 578.8 574.2 567.4 561.2 554.8 548.2 542.1 536.1 527.8 521.5 511.8 503.2 497.3 492.1
443.7 439.9 444.2 466 492 512.5 527.2 537.9 546.3 547.7 541.2 543.2 546.3 554.8 567.6 580.3 595.8 608.6 616.6 621.1 626.5 630.4 632.7 633.6 632.3 629.6 628.5 627.3 627.3 628.9 629.5 629.3 627 624.6 621.5 619.9 617.2 615.1 611.6 607.6 604.3 600.7 597.5 593.6 590.3 587.4 585.2 583.2 581.7 581.5 583.2 586.1 589 591.8 595.1 598 599.5 599.4 598.2 595.8 591.8 588.3 584.4 580.1 576 571 566.6 560.6 554.7 547.5 541.6 533.8 524.9 512.9 506.6 493.4 483.3 477.3
459.2 456.7 455.2 459.5 488.9 516.9 534.2 547.6 559.6 569.4 571.6 572.6 575 582.9 592.7 601.9 609.3 613.7 618.8 621.6 625.3 628.6 630.1 629.9 628.2 626 625.2 623.6 625.6 627.8 628.1 627.1 626.8 625.8 623.4 621.1 618.7 615.2 611.9 609.1 604.8 602.2 598.1 594.3 590.3 587.7 585 584.8 583.6 583.8 584.9 587.2 589.4 592.2 595.6 598.2 598.6 597.8 596.5 594.7 591.5 589.2 585.2 580.6 575.5 570.9 564.4 559.4 553.9 548.2 541.3 533.5 523.4 514.1 493.6 476.3 475.3 462.2
479.7 476.1 476.9 480.3 477.9 509.5 539.3 557.4 572.3 583 589.6 594.4 597.3 602.7 606.7 610.5 613.9 616.2 617.6 619 622.2 625.4 626 625.8 623.9 622.3 620.5 620.8 624.3 624.8 625.9 627.1 626.7 625.6 623.6 620.7 618.1 615 612 608.9 605.6 600.8 597.7 593.8 590.7 587.3 586.2 585 584.6 584.6 584.5 586.5 588.8 591.7 595.1 596.9 597.5 596.4 595.9 594.5 592.6 588.3 584.3 579.4 574.7 570 564.9 560.1 555.2 549.4 541.2 534 525.3 517.5 509.6 501 483.4 475.8
505.3 502 503.3 502.8 500.4 510.5 539.3 560.5 574.3 584.1 590.3 595.9 600.3 604.7 608.2 611.2 612.9 613.1 613.3 615.9 619.3 620.9 621.5 620.3 618.9 617.4 616.7 618.5 621.3 623.2 625.6 626.6 626.3 625.2 623.5 620.8 617.5 614.4 610.9 607.6 603.9 600.1 596 592.5 589.7 586.8 585.6 584.6 583.9 582.9 583.2 585.1 587.6 590.6 592.8 594.8 595.3 596 595.5 593.9 591.2 587.7 584.4 580.1 575.3 570.9 566.1 561.2 556.4 549.2 543.3 535.8 527.6 514.4 510.6 497.1 485 488.5
534.4 531.8 529.4 523.5 527.6 516 543.4 561.2 572.8 581.3 586.7 591.9 597.1 601.6 605.1 606.6 607.1 606.8 608.3 612.5 614.9 615.7 614.2 613.4 612.3 611.3 607.9 614.7 617.4 620.9 625 625.8 625.5 624.7 622.9 621.1 618.2 615.2 611.4 607.5 604 599.6 596.1 592.5 589 587 585.4 583.5 582.7 581.3 581.1 584 585.5 588.5 590.2 592.5 593.7 594.1 593.7 591.8 588.8 586.6 583.2 579.9 576.3 572.6 568.5 563.8 558.3 552.4 546.1 537.7 528.3 519.3 515.4 511.1 508.5 501.7
553.6 548.3 545.2 543.2 541.8 533.6 547.2 560.8 570.1 576.3 580.7 584.7 590.7 594.5 597.7 599.3 600.5 601.8 605.5 608 609 608.3 607.1 606.2 605.3 605.9 606.1 611.2 617.1 621.7 624.7 625.9 625.8 623.8 622.8 620.3 618.7 616.6 613.2 609 605.6 601.6 598.2 594.3 591.5 587.9 585.1 582 581.2 579.1 581.4 582.5 585 587.3 589.7 591.5 592.4 592.1 592 590.3 587.9 585.7 582.3 579.6 576.3 573.5 571.3 566.2 560 553.9 542.8 537 532 533.5 532.2 527.1 517.6 508.9
565.7 559.3 554.8 551.7 549.2 545.7 547.7 557.1 562.8 566.4 570.6 576.1 581.2 585.3 588.9 592.1 594.2 597.4 600.6 602 601.6 600.4 599.7 599.3 599.3 598.2 607.3 613.8 619 622.3 624.4 626 626.1 624.9 624.4 622.6 619.7 617.1 614.2 610.6 606.9 603.2 599.7 595.7 592 589 585.6 583 578.3 578.9 580.4 582.6 585.2 587.8 590.4 590.9 591.4 591 590.7 588.9 586.2 584.3 581.1 578.9 576.4 574.1 571.8 566.2 560.2 553.2 550.8 550 548.5 544.7 540 533.2 524.9 515.2
573.9 567.1 561 556.8 552.7 550.6 548.2 548.9 544.8 543.5 551.4 562.8 567 574.5 581.8 584.5 586.9 592.6 594.8 595.5 594.1 593.5 593.2 592.7 596.1 602.1 608 614.1 618.8 622 624.5 626.2 627.3 627.5 626.1 624 621.5 618.5 615.3 611.9 607.6 603.8 600.6 597.3 593.5 589.5 586.9 583.7 578 575.3 579 582.6 586.2 588.8 590 591 591.1 589.8 588.9 586.9 584.9 583.5 581.5 579.5 576.8 573.7 570.7 564.5 560.4 560.7 558.6 557.6 554.6 549.9 543.6 537.2 528.9 520.4
580.1 571.7 565.1 558.9 553.8 548.9 540.6 532.5 537.1 549.2 555.7 552.6 559.2 561.4 568.5 576 583.7 587.8 589.4 589 588.4 588.4 589.5 592.9 597.3 602.3 607.6 612.8 618.2 622.2 625.1 626.9 629.3 629.1 627.4 624.7 622.1 618.9 616 612.7 608.9 605.2 601.3 598.5 595.1 591.1 587.4 583.7 576.5 570.5 577.5 581.6 584.9 587.5 589 590.7 590.5 589.5 587.4 585.2 583.3 582.2 579.6 578.3 575.7 571 565.3 567.7 568.5 566.6 563.6 560.5 556.9 552.8 546.5 539.5 532 523.2
581.7 573.5 565.1 557.7 547.9 537 527.1 533.4 545.7 555.1 561.7 568.3 572.5 576.1 577.2 574.5 578.3 581.9 583.4 582.1 583.4 587 590.2 592.7 596.3 600.3 606.1 611.8 616.8 621.6 624.8 626.6 627.8 627.3 625.9 624 621.2 618.7 616.2 612.8 609.2 605.9 602.3 599.1 595.4 590.7 587 583.3 575.5 568.3 575.4 580.1 583.6 586.8 588.4 589.7 589.6 587.8 585.8 584.1 581.6 579.9 578.5 577.4 574.8 573.2 573.4 574.5 573.3 570.7 568.1 564.8 560.5 554.9 549.6 543 533.7 525.4
580.6 571.1 562.4 551.1 534.2 521.8 525.9 538.7 548.2 557.8 565.1 571.3 576 579.4 580.5 580.8 579.8 578.6 581.7 584 585.9 588.2 589.8 591.8 595 598.4 604.1 610.1 615.5 619.2 621.5 623.1 624.8 624.2 623.2 621.5 620.3 618.3 615.6 612.4 608.8 605.5 602.2 598.6 593.9 589.2 586.1 580.9 571.4 565.9 573.7 578.4 582.8 585.7 587.7 588.5 587.8 586.1 584.2 582.3 581 580.5 578.9 576.9 574.8 576.1 576.5 577.8 577 574 572.3 568 562.3 559.3 552.5 545.1 536.4 528.6
575.8 566.6 556.1 540.9 523.5 518.9 530.5 544 552.3 560.4 568.1 574.4 578.7 580.5 581.4 581.8 583 583.6 584.5 585.5 586.7 587.8 589.1 591.2 593.8 598.1 603.4 608.1 612.8 616.6 618.3 620.2 621.7 621.6 620.5 619.6 618.3 616.4 614 612 608.8 606 601.9 595.4 591 587.7 582.4 578.1 568.5 564.3 570.5 575.9 581.4 584.4 586.6 587.6 586.5 585.3 584.1 581.9 580.4 579 578 577.4 576.4 578.1 579.4 579.9 578.6 577.6 575.1 570.4 566.9 561.8 555.7 548.2 540.2 532
569.8 560.1 548.2 529.6 515.2 517.2 533.5 546.8 555.7 563.6 570.8 575.9 580.5 581.3 581 582 583 583.7 584.8 585.3 585.9 587.1 588.1 590.7 593.6 597.7 602.7 607.3 611.1 614.7 617 617.6 618.8 619.4 618.5 617.5 616.7 615.3 613.2 610.6 606.5 603.8 599.2 593.7 588.8 584.1 578.9 574.1 568.5 559.3 570 575.9 578.3 582.3 585.2 585.9 585.2 584.1 582.1 578.8 578.1 577.2 577.3 577.5 578.3 579.3 580.6 580.8 579.9 578.8 577.4 574.2 570.3 565.1 559.1 551.6 544.3 536.5
561.5 550.5 537.4 518.9 507.5 513.9 534.9 549.3 557.7 565.2 572.4 577.7 580.7 580.3 581.4 581.6 583 584.3 584.6 583.7 583.9 584 586.1 589.6 593.5 597.9 601.7 605 608.7 612 614.5 616 616.8 617.3 617.3 616.1 615.3 613.6 611.3 608.4 604.6 600.9 595.5 590.3 585.6 581.5 576.5 570.4 562.9 556.7 568 572.3 577.1 580.4 583 583.3 582.7 581.8 579.2 576.4 577.5 576.7 576.4 577.2 578.8 580.1 581.2 581.1 580.8 581.1 579.5 576.2 572.7 568.4 562.9 556.2 548.8 541.4
549.7 538.3 525.9 510.9 504.1 512.5 533.3 548.6 556.7 564.8 571 576.5 579 578.6 578.9 579.2 580.9 582 581.2 580.1 579.3 581 585 589 592.4 596.4 599.3 602.3 605.8 609.5 611.6 613.5 614.9 616.1 616.5 615.8 614.6 613 611.6 608.8 605 600.1 594.3 588.6 584 577.3 573 567.3 555.5 553.6 563.3 568.4 573.9 577.7 580.6 581.1 580.1 579.3 577.2 577.8 576.8 574.8 575 576.2 578.5 579.9 580.1 580.4 582 582.5 580.2 577.6 573.8 571.7 566.7 560.3 552.9 545.7
535.5 526 515.6 503.7 501.9 512.6 532.7 546.8 555.5 563.9 569.1 573.2 574.9 574.2 573.2 574.5 576.5 577.6 576.6 576.4 575.6 577.3 581.5 585.6 589.3 592.2 597.2 601.4 605 607.2 611.6 613.8 615.7 616 616.4 615.4 614 611.3 609.2 606.2 602.5 597.8 592.9 588.6 583.5 579.5 574.5 569 560.5 547.3 552.8 564.2 571.5 576.2 578.8 579.5 580.1 578.8 578.4 577.5 576.3 574.7 573.8 575.8 577.7 578.6 578.6 580.5 582.2 582.6 581.1 579.1 576.9 575.1 569.6 563.5 557 549.9
528.4 528.9 523.9 504.6 499.1 513.4 532 545.1 553.2 560.9 566.3 568.1 569.1 568.7 566.7 569 569.9 569.1 567.9 566.4 562.7 568.3 571.9 577.5 585.1 592.4 598.3 602.7 606.8 609.9 612.2 613.9 615.1 615.8 615.3 613.1 610.9 609.2 606.3 602.5 599.2 595.4 591.5 586.6 583 579.4 574.9 570.2 560.5 540.5 542.8 558.7 568.9 574.1 577.8 579.2 579.3 579.3 577.8 575.4 575 573.1 572.8 574.3 577.2 577.8 578.3 580.3 582.7 583.3 582.8 581.6 580.4 577.9 573.9 567.3 561.1 554.7
538.8 534.8 524.4 503.7 497.5 516.4 532.1 543.8 552 558.5 561.4 562 561.1 563.4 560.1 560.8 560.1 556.8 553.2 548.4 561.3 568.9 576.4 583.4 588.5 594.2 599.5 604.2 606.9 611.3 613.8 614.8 614.8 614.3 613.1 611.4 609.5 605.8 603.3 599.6 595.7 591.2 588 584.3 580.8 576.8 573 568.6 561.3 548.8 527.4 548.2 564.7 572.3 576.6 579.5 579.9 579.1 578.3 577.5 575.9 572.2 569.8 573 574.5 575.8 577.5 580.4 582.6 584 584.8 583.7 582.2 579.8 576.7 570.8 566.2 559.6
540 531.4 517.9 497.6 499.2 519.6 533.5 543.5 550.9 558.7 557.8 554.6 553.1 551.4 548.5 548.1 547.1 539.6 544.7 557.6 565.7 573.3 580.6 587.3 594.7 598.7 601.4 605.4 609.1 612.5 613.6 615 615.2 614.3 612.6 609.8 606.6 603.7 600.7 598.2 593.7 588.7 582.2 579.1 575.8 573.5 568 564 558 549.9 524.5 537.1 560.8 570.6 576.4 579.3 580.8 579.9 579.1 578.2 575.5 571.1 568.2 568.9 569.3 572.7 575.1 578.2 581.4 583.9 584.3 585 584.5 581.9 579.7 575 569.9 564.5
532.7 520.3 501.1 486.9 503.8 523.4 534.6 542.1 548.5 550.1 549 545.1 541.3 537.5 533.3 529 524.6 534.4 548.2 559.5 568.4 576.5 584.6 592.7 596.8 600.2 604.3 607.3 609.9 612.4 613.1 614.7 615.6 614.5 612.7 610.6 607.9 605.7 601.8 598.4 594.1 590.2 586.3 581.4 573.3 560.1 555.2 551.6 546.7 535.2 516.8 541.8 558.9 570.4 576 579.3 580.9 579.9 578.9 577.5 574.4 570.7 567.3 564.2 565 567.9 570.6 574.2 578.9 581.9 584.6 585.8 585.6 584 582 579.2 575.1 570.8
519.1 501.3 482.5 495.2 514 527.3 534.3 538.1 540.2 539.5 538 535.2 530.3 526.4 520.4 508.6 526.2 540.7 552.3 562.4 571.5 579.9 587.7 593.1 598.3 603.2 606.1 607.8 609.9 612.8 614.5 615.9 616.5 616 614.4 611.9 609.6 605.8 601.6 598.5 594.6 591.8 587.5 583.5 579.3 564.9 543.2 528.9 523.9 513.9 521 545.4 561.6 572.2 576.8 580.7 580.9 578.9 577.6 575.7 572.7 569 566.5 563.3 561.4 564.8 567.6 572.2 576.3 580.2 583.2 585.2 585.5 585.3 583.4 580.5 576.8 570.4
489.4 479.6 488.2 506.3 517.7 526.6 531.2 530.8 530.9 529.2 527.4 524.1 519.7 515.8 509.3 515.6 531.4 545.5 556.8 564.3 571.9 580.2 588 594.5 599.8 603.8 605.6 608.2 611 614.8 616.7 617.9 618.5 618.1 616.6 613.5 610.1 606 602.9 600 596 593 589.3 584.2 572.9 560.7 543.5 521.5 504.9 507.6 528.1 548.8 564.7 572.9 577.7 582.7 579.9 576.9 574 572.7 569.6 567.2 564.6 560.8 555.6 561.8 565 569.2 574.9 579.5 582.4 585 586.4 585.8 582.8 579.9 574.9 568.2
505 475 485.9 507.2 515.4 522.4 525.9 524.7 522.3 520.3 516.9 512.7 505.3 501.5 493.2 515.2 534.5 548.1 558.9 565.3 573.4 580.8 588.7 594.3 598.1 600.7 605 609 613 616.5 618.2 619.9 619.8 618.7 616 612.6 609.3 607.3 604.8 600.5 596.6 594.1 590.3 585.6 571.3 554.4 535.6 514.6 499.4 507.6 533.1 551.8 565.3 572.6 577.7 580.1 576.6 573.4 571.6 569.7 566.6 564.3 560.7 557.5 549.5 557.8 564.4 570.4 575.8 579.5 583.2 584.4 585.2 584.2 581.8 577.4 571.3 566.9
515.7 476.4 467.1 480.8 493.5 514.7 523.4 520.5 516.1 510.1 504.8 499.1 489.9 478.2 501.5 521.6 537.7 549.4 558.8 566.2 573 580.5 586.7 590.5 594.4 599.2 604.3 609.8 613.8 617.1 618.7 618.9 618.3 616.2 613.8 610.8 608.7 606.4 603.3 599.2 595.8 593.9 590.8 586.4 572.9 555.4 530.2 507.8 494.5 508.5 539.1 553.1 564.1 571.9 575.7 574.2 570 567.2 565.7 565.4 563.2 560.2 555.4 551.4 545.5 557.8 564.1 571 576.5 580.9 584.1 584.8 585.3 582.9 580.7 576.4 570.7 564
521.1 481.8 460.2 465.1 480.6 506.9 519.9 514 505.9 498.7 489.4 481.1 470.5 493.9 511.3 528.9 541 550.7 558.3 565.3 570.8 575.3 578.7 588.9 594.6 601.9 606 611 613.9 616.1 616.6 616.8 615.9 613.9 612.3 609.5 606.2 603.2 599.4 596.6 595.2 592.8 589.6 585.3 573.5 551.4 529.6 504.7 492.6 511.5 541.3 554.6 563 568.4 568.1 566.3 563.7 557.3 557.7 558.1 556.5 553.5 546.2 542.1 550.1 558.2 564.9 571.7 577.1 580.7 584.2 585.8 585.9 583.8 579.3 574.7 567.9 561.3
522.2 491.2 462.4 454.6 476.7 501.5 509.2 502 492 480.3 470.3 461.6 482 503 518.9 525.9 534.7 546.5 554.5 559.4 560.5 574.4 583.1 590.5 597.3 604.2 608.8 611.6 613.4 614.3 614.8 614.8 613.3 613 610.7 607.7 603 599.4 596.4 594.4 592.4 590.5 587.5 583 567.5 541.7 521.8 495.6 489.8 517.3 542.5 554.7 559.8 562.2 560.9 557.1 549.4 541.6 541.7 543.8 544.3 540.8 539.3 546.2 555.2 561 569.1 574.7 578.5 581.2 584.4 586.4 585.2 583.1 578.8 573.3 566.1 558.2
521.9 502.2 473.6 450.4 474.2 494.4 494.9 486 472.8 461 450.2 468.6 486.8 496.3 499.5 510.9 517 534.3 540.8 558.1 568.8 577.7 585.4 593.3 600.1 605.8 609.6 611.3 611.1 612.1 612.4 612.3 612.2 610.4 607.5 603.4 599.9 595.5 592.4 590.9 590.3 588.8 584.9 580.1 559.1 533.4 509.7 482.6 491.8 521.4 541.6 551.3 556.6 557.5 550.9 542.7 530.3 518.8 521.9 524.9 528.1 536.7 545.9 552.9 560 566.7 571.9 577 580.6 582.4 584.6 585.3 586 583.6 577.4 571.1 564.5 555.7
521 516 493.5 462.3 447.9 460.8 468.7 464.3 452.8 445.8 465.3 480.3 494.4 507.1 521.8 529 536.3 543.7 554.4 564 574.1 582.1 589.1 596.1 602.1 606.2 608.5 609.8 609.5 610.2 609.6 609.4 608.7 605.9 602.3 598.8 595.1 591.6 587.8 587.4 588.3 587.5 584 578.3 556.5 527.2 499 473.9 495 521.1 534.5 540.3 545.3 542.4 536.4 522.7 501.7 506.5 521.7 532 540.8 549.6 554.8 561.9 566.2 570.7 576.1 579.6 583 585.2 585.6 586.6 585.1 582.4 577.1 570.2 563 553.1
518.3 519.4 510.9 479.5 448.2 433.5 444.8 439.8 436.9 454.6 472 488.1 502.4 517.1 529.5 537.7 544.2 553.4 562.1 570.9 578.2 585.6 592.8 598 602.5 605 606.3 607.5 607.1 607.2 607.3 605.8 603.8 601.2 597.8 594.6 590.7 586 582.1 583 585.7 584.4 581.8 575.3 552 523.4 490.2 466.1 488.9 508.3 521.2 524.5 525.2 522.5 514 494 502.5 522.8 536.2 548.4 558.3 561.6 563.4 567.7 572.1 575 578.7 582.3 584.5 585 586.4 586.9 584.4 580 575.5 569.3 560.9 551.5
