WholeMapElevations/data/nn/nn21_OST50GRID_20230518/NN21.asc
ncols 200
nrows 200
xllcorner 220000
yllcorner 710000
cellsize 50
[rows 35 to 69 of 200, columns 0 to 78 of 200]
694.6 688.9 685.7 686.5 696.2 701.6 714.8 723.2 732.7 742.6 752.5 749.6 751.1 741.6 720.1 714.3 708.3 706.7 694.8 680.1 662 661.1 657.8 646.6 631.8 630.7 615.9 602.9 590.3 581.9 573.2 565.9 556 542.9 528.7 502.9 464.9 443.8 417.4 411.6 398.5 372.6 357 336.5 314.9 296.8 282 256.3 264.7 267 255.6 235.8 217.3 192.1 163.8 148.1 127.8 111.3 104.7 100.3 113.6 156.2 180.9 183.9 235.8 274.1 290.6 295.2 338 358.5 395.6 412.7 441.1 463.7 478.6 488.3 499.9 491.7 484.6
676.1 674.7 679.5 686.5 696.8 703.8 716 730.6 737.8 743.6 750.3 744.4 741.3 723.6 718.2 714.9 708.2 700.3 685.2 675.7 667.4 658.6 647.7 639.9 629.4 624.7 610.1 601.7 590.8 585.9 581.5 574.3 568 556.7 538.1 495 475.5 458.7 446.1 441.1 417.8 410.6 385.5 359.7 335.6 322.9 312.4 289.7 258.4 227 230.7 213.1 202 182 155.7 136.6 115.6 104.1 97.4 100.4 114.1 172.2 172.3 171.4 204 252.5 265.2 268.4 302.5 333.5 382.4 414.3 436.2 461 473.5 489.5 496.9 487.6 484.4
668.2 665.5 682.5 688.7 698.1 714.4 727.8 728 737.3 734.7 734.9 732.1 725.9 718.1 715.5 711.7 694.7 685.4 679 674.2 665.4 660.3 647.7 638 628.1 627 620.7 610.9 604.1 599.4 597.8 587.7 582.5 564.9 535.7 501.7 498.7 481.2 473.6 466.2 443.8 425.9 414.6 391.6 358.5 337.3 335.3 307.8 283.1 252.7 229 197.3 180.2 163.8 147.3 130.7 112.9 100.5 96 99.4 105.6 144.7 153.9 159.8 179.5 211.5 228.8 245.8 284.3 319 369.7 411.7 442.8 456.6 468.5 479.6 491.3 482.9 481.1
661 672.8 683.4 696.2 703.4 709.3 723.7 723.8 727.3 729.9 725.4 718.5 716.5 711.2 707.7 695.7 687.4 679.6 674.8 671.2 662.2 651.3 648.1 635.6 632.9 631.7 631.2 627.4 619.3 614.1 604.4 597.5 584.8 564.8 529.6 529.4 522.1 507.8 495.1 482.2 460.1 457 426.9 403.5 364.1 349.1 330.1 311.3 299.4 260.3 237 195.1 173.6 156.3 137.3 116.6 108.1 101.4 96.8 98.7 100.6 117 123.8 145 147.4 163.1 197.8 229.1 289 316.9 360.6 402.9 429.6 458.5 468.8 475.3 483.2 480 474
665.3 678.3 694.9 700.9 699.7 700.2 702.5 706.1 709 714.4 715 710.8 711.8 701.4 691.8 685.2 683.3 679.4 670.8 668.5 655.8 648.4 642.5 642.2 635.6 636.6 636.5 627.8 622.9 611.6 609.7 596.9 582.9 566.5 567.8 558 544.9 525.7 509 490.5 478.8 477.8 439.5 407.5 373.2 342.2 332.2 308.5 287 253.2 227.9 188.6 167.9 150.6 130 116.7 110.1 98.9 94.8 96.9 96.9 100.3 107.6 118.5 134 150.5 178.9 214.6 257.3 308.2 356.7 400.9 432 452.4 465.4 475.2 477.1 476.9 473.1
665.4 672.9 687.8 693.6 694.4 691.9 695 697.5 699.2 704.4 705.7 699.1 697.6 690.8 685.3 683.4 679.8 671.4 667 658.9 652.1 640.7 636.2 635.6 631.9 632.9 630 622.3 614.4 606.7 598.1 595.7 592.3 588.5 584 573.4 559.4 543.6 517.5 503.3 483.3 477.8 445.1 404.3 373.9 334.9 324.9 307.9 275.4 242 211.6 186.6 166 143 120.4 108.8 102.5 97 94.8 96.7 96.3 99.4 103.3 113.9 126.1 146.6 177 203 232.3 295.3 339 399.4 428.5 450.7 468.1 472.5 472 475.6 474.8
652.6 662.4 672.7 674 679 685.3 687.1 690.6 699.7 694.9 692.9 691.3 685.7 682.5 678.7 671.4 668.3 662.7 659.1 653 644.3 637.9 629.1 632.9 620.6 621.5 624.1 617.3 609.9 606.2 608.9 605.8 604.7 594.9 589.6 577 567 551.2 520 499.3 486.4 470.8 438.1 396.8 365.5 329.1 317.7 315.9 274.8 235.7 210.2 185.7 162.1 137.7 113.5 106.5 99.8 92.8 93.2 95 93.6 96.9 101.5 109.2 126.9 144.8 170.1 198.1 229.3 286.5 331.4 373.9 408.1 451.1 471.2 473.9 469.9 471.4 472.8
641.7 648.6 658 663.8 671.1 676.9 685.7 686.2 681.8 679.7 677.9 677 676.2 675.3 667.5 662.5 660.8 655.2 648.7 642.3 640.1 633.8 622.2 615.1 615.9 612 610 611.4 614.7 617.5 616.5 610.4 607.6 600 589.7 579.6 562.3 539.6 523.6 492.2 469.9 454.2 423.5 377.1 349.7 328.5 313.2 304.7 273.8 235 210.7 186.1 160.3 127.6 110.8 104.7 98.7 93.9 91.2 94.6 92.8 96.2 101.3 107.9 126.1 144.6 164.6 191.9 225.3 266 324.9 355.8 393.2 445 463.5 468.2 468.2 464.1 466.8
630.2 641.3 652 661.6 666.1 670.2 664.8 666.8 666.2 666.6 663.6 661.7 658.5 656.8 654.9 654.4 647.5 643.1 637.6 630.3 629 623.3 616.9 610.5 610.6 611.6 615.5 620.9 622.6 619.1 614.5 606.2 604.4 600.3 592.7 574.3 552.7 540.9 514.6 481.5 447.3 430.8 406.7 369.4 345.6 322.1 309.6 294.3 269.2 240.9 210.2 185.8 158 125.4 113.9 104.9 98 93.3 90.7 91.2 92.6 96.4 100.6 108.9 125.6 142.4 164.8 190.2 220.2 253 303.3 346.5 380.2 429.6 458.1 458.6 461.5 456.9 459.2
610 618.5 626.5 634.4 639.4 641.7 648.3 645.3 648.9 647.1 644 642.2 640.2 639.5 634.7 634.1 629.9 629.2 622.2 618.6 619.7 611.2 609.6 609.8 616.2 617 615.7 613.5 619.9 614.5 610.5 602.2 599.8 593.6 588.1 565.7 544.1 534.6 501.9 474.7 438.3 416.1 390.9 360.4 348.1 320 303.8 290.4 268.6 238.3 208.5 186.9 155.9 139.6 124 105 97.6 91.3 89.3 92.6 93.4 97.7 102.8 112.6 124.6 140.5 161.3 186 214.9 246.8 276.1 330.4 373.9 415.9 434.2 445 438.7 441.2 439.5
606.3 605.5 603.6 607.6 609.5 614.5 618.2 621.5 630.7 618.6 621.4 623.7 622.6 620.9 621 618.7 616.6 614.2 610.4 606.3 607.3 611.6 609.1 610 615.6 620.4 614.7 611.1 615.4 612.6 606.7 598.6 594 588 574.3 561.9 540.4 519.6 498.5 450.2 425.2 398.5 379.6 356.9 339.6 320.3 299.7 280 261.4 232.6 206.5 174.6 139.1 159.7 140.8 120 98.3 92.3 87.8 91.7 92.8 95.7 101 115.9 127.9 138.9 156.9 183.9 210.3 239 270.6 312.3 366.2 384.5 406.1 416.8 414.8 412.7 416.6
571.6 574.2 581.9 588.5 595.4 594.6 598.7 598.3 600.7 606.4 601.1 601.5 601.4 603.9 604 605.2 600.6 600.2 597.3 605.1 606.6 604.8 602.8 608 607.4 611.8 616.9 613.4 609.8 607.8 602 593.8 582.2 575.4 568.2 556.9 527 504.5 475.9 435.5 411.1 386 370.4 349.5 334.2 318.2 294 273 247.4 221.8 198.2 160 188.1 172.2 152.6 131.6 104.7 91.9 86.3 89.7 93.7 94.3 97.2 114.4 127.3 139.9 154.5 178.2 206.1 233.6 264 295.4 343.4 373.6 380.9 388 390.5 390.2 387.3
547.1 552.5 558.8 563.8 569.4 572.7 579.9 579.6 582.3 583.8 585.8 590.4 591.8 587.3 590.8 592 590.2 596.6 600 596.6 597.6 593.1 595.2 598 605 615.3 617.9 617.6 615.3 608 600.1 591.9 587.1 577.6 564.7 537.6 514.8 487 453.4 420.5 398 381.5 364.6 352.4 338.1 328.4 309.4 280 250.3 231.8 202.8 183.6 208.9 180.1 159.3 145 121.2 99.6 87.3 87.7 88.9 91.6 94.8 107.2 123.6 137.2 153.1 176.3 204.3 226.6 256.8 282.4 325.6 349.8 361.8 367.4 366.6 363.4 364.6
529 535.7 538.3 541 548.8 556.4 561.3 559.4 564 566.8 570.8 571.8 572.7 573.1 575.6 580.7 585.7 583.4 584.5 585.8 588.1 583.5 589.6 594.8 602 610.3 614.5 606.3 608.7 606.6 601 596.8 590.2 575.7 560.4 542 514.4 480.7 447.2 422.8 404.3 376 364.3 363.3 347.2 323.9 302.1 279.8 251.1 234.8 198 225.7 224.7 193.7 172.9 154.9 127.6 105.6 90.3 84.5 86.5 90.2 93.2 101.8 118.4 132.1 149.2 172.9 201.2 222.5 249 278.3 312.6 329.8 339.8 342.2 340.7 343 342.2
512.1 518.7 520.2 527.6 534.3 539.3 539.6 542.7 547.3 548.1 554.1 554.8 547.1 563 576.9 576.8 572.8 568 566.6 571.5 582.9 585.9 588.2 590.9 597.9 604.3 602.2 609.4 610.7 602.9 599.7 592.6 583.5 570.1 555.7 535.8 505 477.9 447.5 418.5 378.9 362.6 350.3 345 336.7 316.5 292.4 274.3 250.4 230.3 226.1 248.1 238.8 211.4 184.8 163.5 138.1 117.8 94.3 85.3 84.8 89.1 90.7 100.4 115.6 133 148.6 170.2 195.8 217.3 242.2 272.3 295.9 310.6 315.8 319.2 319.7 321.5 326
498.4 502.8 507 511.6 515.2 516.8 525.3 529.5 530.1 533.9 531.2 538.9 542.5 553.1 552.8 558.6 555.8 556.7 562.3 570.4 575 578.8 588.4 591.5 595.7 603.8 607.4 605.7 603.1 601.2 595 587.8 576.9 572.1 562 534.6 509 476.5 452.8 411.8 373.8 352.8 342.7 333.8 325.2 303.9 286.5 261.8 239.2 236.5 246.5 256.3 244.5 222.1 196.7 171.3 149.4 128.6 102.3 85.7 83.8 85.4 87.7 97.9 117.6 134.4 147.9 173.8 192 214.2 239.2 262.5 284.2 291.7 294.3 296.7 303.7 306.2 310.2
484.1 487.2 489.7 495.1 500.5 505.5 509.1 515.6 516.3 518.3 525.8 528.9 531.6 534.8 541.2 548.9 548.4 550.8 555.5 564.2 571.1 579 584.1 589.1 596.2 602.2 604.5 600.4 600.3 597.9 594.9 585.5 567.3 565.2 541.7 519.9 494.7 477.3 452.9 413.7 376.9 350.4 337.3 331.9 320.7 301.6 277.2 268.4 257.5 258.2 260.2 264.1 259.9 236.2 212.5 179.6 158.8 135.2 109 85.7 81.6 82.8 87.2 98.9 118.4 136 153.1 174.1 191.8 211.5 227.4 248.4 274.2 281.3 279.8 282.7 283.6 288.5 294.4
471.9 475.6 478.9 483.2 488 494.1 497.4 498.4 502.3 510.5 514.5 523.3 529 528.3 531.4 534.3 540.6 549.3 556.1 558.2 564.2 573 589.3 595.6 598.9 599.6 601.8 597.3 598.2 592 584.7 562.8 550.6 532.1 512.7 495.7 482.7 461.7 436.1 403.6 372.3 344.9 334.7 336 318.4 294.4 276.7 278.6 276.6 269 274.3 274.7 266.8 246.8 224.1 189.5 161.3 136.1 113.5 91.1 73.4 81.2 86.2 97.9 114.5 134.2 154.9 172.3 187.5 207.6 226.1 247.9 260.6 265.4 261.8 265.1 268.8 270.9 275.6
458.4 463 466 472 479.6 479.3 482.4 488.9 498.4 504.7 509.3 516.3 519.9 520.5 523.3 529.2 538.1 545.5 550.2 559.9 572.3 583.4 593.3 601.9 604.7 599.9 597.3 592.8 592.8 585.5 565.1 548.1 525.7 501.8 490.1 477.5 462.9 440.9 421.4 391 361.9 335.9 332.8 326.9 310.4 286.6 288.4 291.5 288 279.9 284.7 280.6 277.1 257.2 235.6 197.7 165.1 139.8 114.5 91.4 72.4 79.1 85 92.2 111.3 131.1 150.6 167.1 184.3 197.8 221.4 228.8 237 240.2 249.3 248.4 254.6 253.6 257.3
446.8 451.6 459.4 463.8 467.1 466.7 477.9 486.3 495.3 500.1 505.1 508.6 512.6 516.9 521.7 531.9 537.6 546.1 556.2 567 585.3 593.2 597.1 602.9 602.1 600.5 598.9 589.8 575.6 570.8 549.5 535.8 515.7 494 486.2 464.1 450 429 404.2 370.3 349.5 334 328.3 320.9 305.4 301 302.1 300.1 297.5 288.6 291.2 290.9 287.2 267.2 236.2 204.5 172.1 142.8 114.8 85.7 71.1 77.8 83.9 90.8 106.6 118.2 140.5 159.2 175.4 192.1 204.8 210.7 214.3 217.2 223.1 232.5 234.5 237.5 240.6
441 448.9 453.8 456.7 455.3 468.9 472.6 480.9 488.6 493.2 498 503.6 510.6 517.6 525.3 532.3 541.9 552.1 564.3 586.4 592.5 595.4 602.4 602.6 600.3 593.5 585.7 580 566.8 558 543.7 527.3 512.2 484.8 461.6 447.7 432.6 411.6 378.1 361.7 347.2 340 329.9 319.2 305.8 310 308.3 303.5 299.6 293 301.1 304 306.5 273.2 245 210.7 173.3 145.4 114.9 84.4 70.6 76.4 81.9 89.4 103.2 116.5 131.7 148.8 166.8 178 188.8 195.3 199.1 198.2 203.3 213.1 217.1 221.2 224.7
437.2 441.2 444.3 446.2 456 463.9 472 477.6 483.6 490.1 499.1 506.6 514.3 522.7 530.1 539.8 552.2 563 584.5 590 596.6 602.4 601.3 602.8 598.6 593.1 584.4 576.9 569.6 554.9 543.6 526.5 499 467.7 431.7 412.2 406.8 392.9 367.5 355.2 347 343.2 332.4 325.9 317.5 321.2 320.7 308.4 302.6 297.8 302.4 303.3 309.3 280.2 253.6 208.2 174.9 146.5 117.1 86.5 69.8 74.2 77.8 85.2 95.4 106.7 121.7 138.6 151.5 160.7 171.5 179.5 186.9 189 193.4 196.6 202.5 207.8 212.6
431.9 437 445.8 452.9 460.1 467.7 475.8 480.6 486.7 497.5 506.7 516.2 526.4 533.5 541.1 555.9 566.3 583.7 596.3 600 605.8 608.6 608.7 604 597 590 584.9 579 563.8 550.9 540.9 518.2 501 460.8 423.4 402.6 383.4 371.3 361.4 354.4 349.6 344.5 338.3 332.2 327.3 331.8 324.3 311.9 307.8 298 301.4 303.6 310 286 257 218.2 176.2 148.3 118.9 88 65.1 70.7 73.9 78.1 85.1 95.7 110.8 126.6 138.6 147.3 157.9 165.1 173.5 180.7 184.3 185.4 189.9 198.2 202.9
433.6 444 451.9 460.4 468.5 475.4 484.9 489.9 497.3 506.4 516.5 527.3 538.4 546 555.7 568.3 580.7 597.3 603.4 604.6 608.9 612.1 611 607.8 591.1 585.3 580.2 571.1 563.8 554 529.3 500.4 467.9 440 410.5 393.1 380.4 369 362.3 357.7 348.1 345.3 343.9 336.5 339 333.5 325.5 317.6 312.2 302.8 305.1 304.7 308.1 293.8 255.8 229.7 177 146.9 118.2 88.6 66.2 67.7 68.9 72.2 76.9 84.4 99.6 112.2 123.7 134.4 142.6 150.8 161.3 168.1 174 176 184.6 184.7 185.5
449.5 460.7 465.1 473.7 481.2 491.3 495.9 507.4 513.4 521.3 535.3 545.6 553 560.3 576.3 588.2 598.9 607.1 610.8 614.5 614.3 613.6 611 603.5 590.6 587.4 577.3 574.6 563.4 535.7 509.9 476.1 442.7 419.8 401.5 389.1 378 369.4 365.9 359.4 353.5 347.9 345.8 347.7 343.3 342.9 332.7 322.9 316.4 310.1 315.7 315.3 297.7 274.1 243.2 216.6 180.1 148.8 119.8 88 67.9 66.7 68.1 67.2 72 79 85.5 103.6 117.3 129 139.3 147.9 158.3 168.1 179.1 187.4 193.1 201.7 203.6
457 474.7 480.3 486.8 495 502.7 511.6 522 529.6 537 550.5 564 572.3 583.7 599.2 603.9 613.2 618.4 621.1 620.5 620.3 614 608.3 598.7 595.9 582 578.4 567.9 541.6 512 481.5 453.3 428.5 405.5 395.8 386.5 378.5 380.2 374.8 364.3 352.7 351.3 354 353.3 348 344.8 338.6 331 324.9 320.5 325.4 323.4 312.4 286.5 249.7 212.8 180.7 146.9 117 87.4 68.4 64.4 66.6 67.6 69.2 82.9 97.3 106.9 118.4 127.9 138.5 153.8 170.5 182.1 191 199.6 207.1 212.2 216.5
471.9 483.6 495.2 501.3 507.8 517.5 528.8 539 550.1 560.5 569.7 586.1 594.8 608 613.5 616.5 625.9 629.3 630 630.5 627 614.4 606.4 599.2 591.2 584.1 569.5 558.4 528.2 502.9 478.2 442.2 421.6 405.6 398.8 392.8 385.9 379.5 370.6 361.7 354.6 360.9 363.1 355.5 352.8 347.6 346.9 341.3 329.5 329.5 333.4 328.6 318.9 294.4 251.9 213.2 177 145.5 116.7 90.2 68.3 61.8 63.7 65.8 67.3 77.4 95.8 110.3 120 130.7 144.6 156.2 179 196.1 205.1 214.1 217.9 223.5 231.2
486.1 496.3 507.3 519.3 527.9 536 548.9 557.6 570.7 580.1 593.9 602.7 617.1 624.2 623.7 629.3 635.5 640 639.2 631.5 625 615.8 611.6 600.5 595.1 581.7 563.3 534 503.7 478.9 451 431.9 414.3 409.4 398.6 396.4 389.9 376.2 371.2 357.9 362.6 375.1 371.5 364 355.7 355.8 355.6 349.1 334.3 332.2 336.1 331.8 319.4 294.9 246 204.4 172.5 143.9 116.3 90.9 71.5 60.7 62.6 63.6 70.1 81.2 89.4 104.8 120.3 135.2 148.6 168 186.3 209.3 224.2 229.3 236.2 239.9 247.2
509.1 516.8 524.4 532.7 549.4 559.8 570.9 580.8 590.5 603.3 611.2 626.4 631.6 635.2 637.7 643.2 646.7 643.9 642 635.2 627.5 619.5 613 611.5 599.7 582.1 543.4 509.5 487.7 462 437.4 421.6 411.1 401.7 392.3 396.3 383.1 379.2 365.2 366 373.8 392 393.7 376.6 370.7 365.9 362.5 353.3 335.4 329.1 334.5 322.3 312.4 286.1 238.8 200.2 167.7 140.4 116.3 91.1 70 60.5 62.3 62.8 69.6 80 84.6 100.5 120.3 141 157 176.3 192.9 215.8 228.4 238.2 253 258.6 263.9
529.4 539.6 543.5 553.8 567.1 580.2 588.7 598.6 611.4 620 624.8 636.8 642.9 643.8 646.8 651 651.3 654.6 645.5 638.5 629.7 621.5 625.5 616.9 584.5 553.9 521.8 487.4 467.9 441.8 427.8 414.1 402.4 398.6 394 389.7 379.8 376.6 373.1 369.9 383.5 397.5 399.2 389.4 385.9 380.6 372 350.8 338.4 324.3 322.9 296.3 287.7 287.7 244.2 197.6 161.7 140.7 115.8 90 68.2 61.2 60.2 62.7 71.7 81.6 93 104.9 119.1 133.9 154.3 173 190.4 204.2 219.5 245 268.9 280.5 278.1
549 558.8 564.9 576.4 586.2 602.2 606.9 616.7 626.8 633.7 642.7 647.8 654 657.2 659.4 660.9 653.4 648.5 642.3 635.2 629.5 632.6 626 603.5 562 526.4 494.2 472.6 446.8 430 417.4 406.1 394.5 389.8 387.6 379 376.4 373.5 376 375.9 399.7 409.7 402.8 392.4 391.9 387.6 377.3 358.9 345.5 328.3 320 294.4 262.3 244.9 215.7 185.9 159.7 135.4 110.9 87.8 67.7 62.3 58.1 63.9 71.1 82.4 96.7 108.4 125.9 139.9 152.2 175.2 189.9 206.5 224.7 238 253.9 274.8 291.6
568.3 577.9 589 598.9 616.3 626.5 629.9 632 638.8 648.5 652.3 662.6 665.9 668.3 663.6 662.7 655.1 647.6 637.4 636.4 636.1 625.5 617.6 576.4 539.5 498.3 462.5 448 429.9 417.5 406.1 397.9 379.7 379.1 381.1 373.3 369.6 375.3 378.7 379.7 405.9 413.3 402.7 395.2 389.8 390.4 384.1 361.4 339.6 322.1 317.9 283.5 257.6 227.6 198.8 171.4 146.1 121.9 103.3 83.3 65.7 60.7 57.2 62.8 70.2 82.1 98.7 114.8 129.4 146.3 160.5 176.3 189.1 208.5 229.5 247.1 263.1 275.5 287.1
589.3 596.4 609.7 618.9 636.6 649.2 649 650.1 652.8 655.3 663.6 669.6 670.7 663.8 663.4 654.1 646.5 638.8 639.4 639.4 630.6 619.3 593.2 554.1 520.9 475.6 449 427.8 409.6 401.6 393.8 380 374.1 367.8 367.7 364.3 368.3 379.4 384.4 396.2 412.5 411.9 400.2 394.1 386.2 380.7 374.9 359.2 330.9 323.5 292.3 265.5 241.2 215.6 184.8 154.6 129 110.5 92.2 75.1 62.6 59.7 55.8 60 68.4 82.7 99.8 118.3 133 153.8 166.4 182.7 198.3 212.4 233.2 251.4 267 283.8 298.6
607.8 616.2 623.7 634.6 646.8 661.7 664.6 659.3 663.7 664.1 667.3 668.8 662.4 653.4 645 634.2 629.7 635.3 634.7 632.9 616.3 605.2 575 531.9 493 463.9 432.5 411.2 392.9 380.5 372.8 365.7 361.5 362.7 359.1 360.9 368.6 382.7 384.7 403.6 418.5 408.8 397.8 384.3 378.5 370 357.9 342.2 322 315.1 291.7 262.1 233.4 198.9 171.5 145.9 120.2 96.5 78.9 66.3 60.3 58.1 54.8 61.5 70.4 86.8 106.1 125.8 142.6 154.3 173 193.9 211 225.9 238.5 256 276.5 294 307.3
627.7 633.8 638.6 647.2 658.2 664.7 664.5 665.8 666.7 663.6 665.4 659.6 647.7 635.6 627.6 622.4 622 619.7 617.8 608.8 598.4 581.8 557.5 520 480.7 450.8 427.2 407.2 383 368.6 359.4 350.1 349.1 355.8 353.1 363.8 380.4 389.9 393.2 412.2 419 419.4 407.4 391 377.8 366.6 350.5 332.7 316.6 314.5 296.2 259.8 231.7 197.4 160.7 130.8 105.6 84.4 66.2 60.3 57.2 54 56.7 64.2 75.4 89.2 110.6 127.8 144.4 162.3 182.7 204.6 222.1 241.4 252.8 265.5 282.6 305.1 320.1
