WholeMapElevations/data/ns/ns49_OST50GRID_20230518/NS49.asc
ncols 200
nrows 200
xllcorner 240000
yllcorner 690000
cellsize 50
[rows 0 to 34 of 200, columns 79 to 157 of 200]
130.2 125.6 118.5 113.2 106.8 103.1 99.3 94.9 91.4 87 85 85.3 85.6 84.2 83.5 84.6 83.7 83.3 83.1 82.8 82.5 86.1 91.3 99.3 106.3 114.3 121.5 124.2 129.9 131.9 135.5 137.4 131.2 122.7 111.6 101.6 113 125.8 135.6 143.1 148.2 150.2 149.4 145.1 140.3 138.6 136.2 130.8 122.4 111 104.2 104 102.6 97.4 92.4 88 80.5 74.7 68.6 73.1 84.1 91.1 100.5 106.5 99.1 96 94 90.3 85.2 77 69.6 63 54.2 49.9 46.5 42.9 38.8 37.1 37.1
137.9 128.8 120.9 110.6 101.4 97.2 94.3 92.9 90.2 88.3 90.9 91.3 90.5 89.3 87.4 86.2 85.5 86.4 86.4 85.3 83.1 83.2 87.5 94.1 101.7 108.3 110.8 112.8 120.8 124.6 125.6 126.4 122 113.4 100.7 98 111 125.6 135.6 141.3 143.8 144.1 141.1 138 135.4 132.5 129.7 120.7 112.6 105.9 107.4 103.6 104.1 103.8 106.8 92.9 81.3 77.5 72 66.7 78.9 87.5 93 93.8 89.7 88 86 82.2 74.2 68.1 61.2 53.7 47.6 43.7 37.9 40 40.8 43.8 44.7
138.1 130.8 123.2 107.8 99.2 95.4 94 92.1 89.1 92.4 97.1 98.5 95.4 95 94.5 94.3 96 96.7 94 90.2 86.2 83.2 82.4 87.8 95 101.4 107.3 108.2 112.6 116.8 117.8 116.6 111.5 103.5 95.3 100.9 113.4 125.2 132.2 135.4 136.9 136.5 136.5 135.6 132.9 128.5 122.2 119.6 119.2 116.7 110.2 111.1 111.3 104.2 98.6 93.8 86.5 81.4 66 64.2 74.4 81.8 84.3 83.6 78.3 76.5 74.2 69.6 63.6 57.1 52.7 46.6 41.6 39 41.5 46.5 47.8 49.4 47.8
135.3 132.3 117.1 104.5 98.5 96.3 94.1 92.5 89.5 99.2 104.4 106.7 104.3 100 99.8 100.2 102.4 101.6 99 95.4 89.5 87.1 82.7 84.9 88 93.1 98.3 106.4 109.4 108.8 108.3 106.5 102.2 94.4 97.6 106 115.5 124 128.8 130.2 132.7 133.4 133.7 130.9 126.9 123.2 118.7 119.3 121.1 120.6 113.5 109.5 107 104.5 109.5 95.9 88.3 75.9 60.9 60.9 67.6 72.7 73.8 71.2 66.1 63.1 58.9 52.7 45.8 43.5 39.4 41.3 40.7 43.9 48.2 51.9 52.8 49.7 44.7
130.1 118.7 107.2 101.4 99.1 96.3 92.4 91.1 98.7 107.6 111.8 115.6 112.7 106.4 103.4 105.8 108.6 106.3 101.9 97.1 90.9 89.1 86 81.4 82.8 82.8 96.8 109.1 105.4 106.2 101 97 93 92.4 99.6 107.2 115 121.4 125.7 128.2 129.6 129.1 126.4 121.7 118.7 116.8 114.7 113.3 111 110 107.2 108.8 110 111.7 104.3 94.4 85.5 72.1 56.3 50.9 56.8 60.8 60 56.2 50.9 47.2 44.3 42.8 48.1 49.4 48.8 52.1 53.5 53.4 52.8 51.2 49.7 46.9 48.4
117.6 109.6 103.6 99.7 99.3 95.4 95.3 103.6 111.7 111.8 114.5 115.8 112.1 112.6 115 116.6 115.8 111.4 106 97.1 92.7 95.9 95.2 82.7 78.1 75.5 91.4 92.7 92.1 96.3 93.6 87.7 86.3 91.9 98.7 106 111.4 117.1 121.3 122.9 122.6 120.2 116.4 108.8 108.3 109.2 106.7 103.9 101.4 98.3 106.9 119.4 128.3 105.9 93.7 87.9 78.1 66 54.4 47.5 47.8 48.7 46.7 44.1 50.6 54.5 57.9 60.5 61.5 61.3 60.3 60.8 60 59.5 56.8 54 49.2 50.6 54
110.9 106.6 100.7 98.5 96.3 94.6 102.9 114.6 116.7 116.3 115.7 115.5 122.3 124.8 126.4 126 123.6 119.1 111.5 101.6 95.7 103.7 111.2 106.7 96.6 76.5 74 81 87.1 88.3 82.6 81.7 85.7 92.8 97.4 99.9 105.5 111.7 115 116.9 112.5 110.8 106.1 101.3 99.6 99.1 95.1 94 96.8 99.6 112 114.2 112.5 91.1 80 77.3 67.5 54 46 46.2 45.9 46.8 50.4 57.4 62.8 66.5 69.5 70.7 71 70.5 69 65.8 64.8 60.9 58.8 56.7 52.8 54.3 57.7
103.2 102.1 104.5 103.2 97.3 101.1 109.9 117.2 117.3 118.8 119.9 126.3 132 134.9 135.6 134.2 130.6 125.8 118.4 108.9 97.6 95.1 106 102 85.9 85.7 64.4 73.2 80.3 81.5 77.7 80.5 87 90.6 95.8 101.1 104.7 111.7 114.8 114.6 106.6 101.2 96.7 93.4 91.4 91.3 92.2 94.4 100.6 108.7 101.7 91.6 86 76.4 68.8 65.5 55.5 49.2 53.5 56.2 56.8 56.5 61.8 67 71.4 74.5 76.2 76.5 75.8 74.2 72.3 69.5 65.4 61.9 59.7 57.7 53.3 54.2 57.9
118 113.6 112.4 109.4 105.9 104.3 112.2 115 117.7 120 129.5 136.1 140.5 142.3 141.6 139.2 134.9 130 122.6 113.6 101.9 91.5 89 86.6 83.1 83.1 66.9 68.6 72.7 73.7 82.1 86.5 85.9 91.5 92.9 98.4 102.3 102.1 110.1 112 101.1 94.4 89.2 91.5 92 92.9 93.8 95.4 104.3 99.6 86.5 78.7 70.6 64.6 58.5 53.8 49.9 58.2 70.5 82.7 88.6 78.6 69.3 72.4 75.2 76.9 77.6 77.2 76.2 74.7 71.9 69.6 66 62.8 60.3 56.5 55.5 56.5 59.2
129.7 125 119 114.3 109.7 116.7 117 115.2 119.4 127.6 137.6 143.8 146.8 147.8 145.8 141.2 137.2 132.9 126.8 115.4 102.6 91.9 81.7 78 78.6 74.1 68.2 63.5 67.5 76.3 89.7 94 93.4 88.6 86.3 90.1 92 91.2 93.3 95.3 88.9 93.8 93.8 92.7 93.2 93 94.1 95.4 95.3 82.8 73 66 59.4 55 49.4 52.8 61.9 72.1 86.9 90.5 90.5 91.8 83.6 75.8 76 76.5 75.9 74.2 72.9 70.8 67.1 63.9 61.7 60.2 59 58.9 60 61.6 63.8
136.9 130.1 123.4 116.3 111.2 117.9 118.8 121.3 126.4 135 143.2 148.7 152 151.6 148.2 143.7 138.9 134.1 129.2 116.2 103.5 92 82.9 73.7 72 70.8 68.7 63.2 71.9 82.6 93.3 96.2 92.9 86.4 82.6 81.9 80.7 82.5 83.2 84.4 85 86.4 90.5 96.1 92.3 90 87.7 92.2 80.3 72 63.6 58.3 52.6 51.4 58.7 61.5 64.4 71.5 79.3 81.7 81.6 81.6 79.7 78.5 75.8 74.1 71 67 64.9 66 64.4 68.4 72.2 73 71.6 68.5 67.2 64.9 64.1
140.4 133.8 125.2 118.2 113.2 117.5 120.6 126.5 132.9 139 145.7 150.9 153.5 152.7 149.8 144.4 138.1 131.5 122.8 108.3 96.8 88.5 80.4 72.9 67.2 65.3 65.9 61.4 68.3 83.1 92.4 92.1 87 87 86.6 72.9 73.9 78.5 85.3 89.5 87.7 88.4 91.3 98 92 83 79.2 75.5 68.6 60.8 55.5 50.4 55.7 61.9 65.9 69.7 71 73.8 75.1 76.8 78.8 80.1 78.8 74.4 71.7 68 65.8 65.2 65 69.9 74.1 75.7 76.2 78.1 78.3 75.8 72.3 68.9 65.1
139.1 131.1 124.5 117.4 115.8 120.5 124.1 130.2 134.9 140.1 145.7 150.2 152.3 151.2 147.7 142 134.3 124.8 113.2 99.6 92.8 86 81.7 75.1 70 65.8 63.7 60.8 67.7 77 84.3 85.5 84 83.7 76 70 74.9 78.4 82.7 84 86.3 91.8 90.5 83.8 76.2 71.4 68.1 62.9 56.1 51 56.4 60.2 67.5 71.8 75.3 76.1 77.5 78.5 77.8 79.5 79.4 80.2 77 73.4 68.3 66.7 66.9 67.7 68.1 72 74.4 75.5 75.8 74.4 73.8 71.9 72.5 70.3 65.4
134 129.2 123.7 117.4 120.5 126 129.1 133.2 137.5 141.9 145.4 147.2 147.5 146.4 141.6 133.8 124.6 114.3 100.6 101 95.9 90.1 82.6 79.5 72.3 67.9 64.4 61.2 65.7 69.7 72.7 73.9 76.6 76.8 70.5 66.1 74.4 76.6 80.5 87.4 93.3 94.8 82.2 70.7 64.2 58 52.7 52.6 53 61 68.8 73.4 76.6 80.6 80.8 80.7 81.1 81.8 79.8 79.5 76.1 75.4 72.3 69.2 68.2 70.5 70.5 70.6 72.8 73.2 73.8 74.3 75.5 74.9 73.8 70.7 69.7 69.1 65
128.1 123.9 122.4 121.4 127.6 135.3 138.7 138.9 141.6 142.9 141.3 140.3 138.8 136.7 130.3 121.5 109.8 100.6 98.9 95.9 92.4 82.6 80.6 77.3 79 79.5 78.1 71.7 64.1 59.9 64.1 67.1 68.5 68.5 63.4 63 65.4 68 70.8 75.1 77.9 73.8 64.2 56.8 52.7 54.2 62.1 57.8 56.5 64 72.6 79.5 84.1 83.3 83.1 82.4 81.6 81.4 78.1 73.6 72 71.6 71.1 70.7 69.7 71.2 73.6 73.8 75.7 75.6 73.9 70.4 73.9 73.3 70.1 68.8 68.1 67.5 67.8
128.1 122.4 128.4 133.1 136.7 148.5 149.1 149.3 148.8 137.1 132.9 127.8 124.6 123.5 118.4 110.7 101.4 96.3 95.9 90.5 88.6 90.9 91.8 95.6 96.2 89.4 88.4 82.9 72.5 66.2 59.4 62.8 65.7 63.5 58.4 55.1 54.9 56 56.7 56.9 56.1 54.7 60.8 63.6 67.5 69.6 63.3 57.7 61.4 64.4 67.5 72.9 79.5 79.7 80.8 82 82.1 82 77.4 74.3 75.1 77.8 75.8 74.9 72 73.8 75.6 75.3 77.2 77.7 78.1 72.5 73.8 71 72.6 72.9 74.5 76 78.3
127.5 124 132.4 138.4 145 169.2 154.2 142.4 130.1 126.1 122.6 122 118.9 112.8 110.6 107 101.1 95.3 95.2 97.3 101.9 105.9 108.6 114.5 110.8 101.8 100.5 90.4 77.3 73.9 64.7 61.2 62.5 58.7 57.2 60.3 60.7 60.5 61.6 62.7 65.1 66 70 70.7 66.6 61.6 60.8 65.5 71.1 73.7 75.4 73.8 76.2 77.6 79.8 81.4 82.1 82.9 82.5 85.2 90.3 88 85.1 80 73.8 77.1 78 79.4 83.5 86.6 89.2 89.9 89.6 87.5 83.9 86.7 88.6 89.3 91.9
128.3 125.7 132.9 150.3 160.3 155.8 141.8 132.8 124.4 124.9 126.1 127 126.6 122.6 117.2 109.3 99.7 103.5 108.6 113.4 117.7 125.8 129.4 129.4 124.1 114.8 103 96.4 85.1 78.3 67.8 59.8 58.8 56.3 62.2 65.1 68.3 70.3 69.2 70.3 65.3 63.4 62.2 61.3 60.6 62.3 67.7 74.8 80.3 83.4 83.8 81.6 82.7 82.5 84.1 84.7 86.4 88 90.7 93.1 95.8 98.6 92 81.3 77.6 79.6 84.9 91.4 94.6 100 103.2 105.6 105.7 103.2 100.3 100.5 101.9 103.1 104.7
127.3 127.6 134.2 143.6 144.7 141 133.9 133.9 132.2 132.8 134.1 134.9 133.8 127.5 121.1 110.9 106.2 115.8 121.9 126 134.6 138.3 141.2 141.7 133.8 125.2 113.8 99.1 83.5 75.4 66.3 58.2 57.4 61.3 63.7 67.1 70.6 70.5 68.3 67.1 64 63.2 61.2 61.3 67.1 73.8 80.5 87.4 93.1 93.6 92.5 90.1 88.2 87.1 86.4 88 91.6 94.8 98.3 103 103.1 95.2 88.7 77 84.6 96.3 102.4 111.6 115.8 115.7 117.6 120 118.9 116.9 110.9 111.3 112.6 113.6 112.8
133.6 135.1 135.3 134.7 133.6 134.9 136.9 139.2 142 143.3 143.3 142.1 138.2 131.7 123 111.6 115.2 124.4 132.1 140 145.7 147.8 145.4 145.5 139.8 132.8 117.9 99.5 90.7 81 67.4 59.7 61.5 66.5 67.8 68.2 68.1 65.9 65.1 64 63.3 62.1 63.3 70.2 76.3 86.6 92.6 96.6 98.4 101.8 97 93.9 90.7 89.9 88.9 91.7 95 97.8 100.1 102.7 101 96.8 89.8 82.9 103.2 112.2 121.6 131.4 134.2 136.8 134.1 132.6 129.3 122.7 120.6 119.4 120.7 119.7 116.6
139 141.7 140.4 136.8 138.6 142.7 144.3 148.1 149.8 149.7 147.3 143.9 138.4 131.2 123.1 114.4 120.9 129.8 139.7 151.8 147.2 147.2 143.4 139.5 133.6 123.5 108.9 91.2 77.9 69.3 63.7 61.2 65.9 68.4 73.9 79.2 71.6 65.3 64.1 65.4 64.9 65.5 75.2 83.7 94.9 102.5 105.3 104.7 103 103.3 101.6 97.1 92.7 92 93.5 95.4 98.7 101.9 104.1 103.3 101.2 99.6 90.3 90.1 105.7 109.3 115.3 117.7 119.9 121.5 121.1 121.9 123.4 123.1 124 123.8 123.6 121.2 117.3
143.9 148.6 150.3 149 148.7 150 152.2 153.5 152.7 150.5 147 141.7 133.9 127 121.1 120.9 127.5 133 140.6 143.8 140.3 137.6 129.1 123.3 120.7 106.4 89.5 73.1 64.1 63.6 67.6 66.6 71.5 73.1 72.5 75.1 75.7 73.4 68.5 67.6 69.4 73.6 82 87.1 97.5 99.2 101.1 101.6 104.1 103.9 100.6 96.8 95.7 96.8 98.4 99.9 100.8 103.5 108.9 106.9 106.3 106.7 101.6 91.1 90.5 95.3 100.8 106.5 111.8 116.4 119.3 119.2 120.2 122.1 123.5 124.4 123.9 123.1 119.1
154.9 156.8 156.7 154.9 154.2 154.1 154.4 153.7 149.8 145.6 138.8 131.9 128.3 123.5 121.8 126.8 130.5 133.3 134.7 131.7 125.1 122.4 117.9 114.9 108.8 91.7 73.6 66 65 64.9 69.6 76.1 74.9 76.3 76.4 75 77.6 78.1 77.8 80.2 83.8 85.4 90.7 94.3 98.3 101.7 104.9 104.9 104.3 102.4 101 102.1 102.3 102.1 102.5 102.4 102.5 102.3 103 101.5 102.1 102 95.3 92.6 97.6 100.4 103.4 107 112.2 115.2 118.2 117.1 118.6 122.4 125.6 126.7 128.4 128.1 128
161.7 160.9 158.5 155.2 153.7 153.6 153 149.8 143.1 137.5 130.5 128.6 126.5 129.4 130.6 130.6 130.9 130.9 130.1 124.7 117.5 113.8 107.9 102.7 92.6 79.6 67.5 66.3 67.2 72.1 73.4 74.5 75.9 78.4 80.7 80.9 85.4 87.1 89.7 93.3 97.7 100.1 103.9 108.4 112.1 114.7 115 113.3 109.6 107.1 107.6 108 107.4 106.9 106.3 106 102.2 100.3 98.8 96.6 95.4 97.1 100.6 105.9 111 113.4 112.4 113 114.5 117.1 117.9 118.8 120.7 124.7 129.5 135.1 140.1 141.4 143.6
163.8 161.9 157.1 153.4 150.9 150.9 148.9 144 136.4 132 133.9 136.4 136.2 137.4 137.7 134.9 132.6 131.5 126.8 121.2 114.1 104.3 96.6 88.3 78.2 75.1 68.5 69.2 71.6 73 75.1 78.7 83.5 86.2 89.8 92.9 97.3 101.5 104.5 107.5 111.3 115.9 120.4 123.5 124.4 124.5 122.2 119 114.6 111.8 111.9 112.2 109.5 108.6 107.7 106.4 102.7 99.8 97.9 97.4 99 104.7 111.8 117.7 124.4 127.5 128.3 128.9 128.9 128.4 129 129.2 130.1 130.6 133.5 138.5 143.2 145.9 151.5
162 161.3 155.7 150.7 147.3 144.8 142.2 134.9 138 137.7 139.6 145.9 147.3 147.8 145 140.1 137.2 132.5 126 118.2 109.5 99.9 87.8 80.2 76.3 73.2 71.7 76 78.8 79.6 79.1 84.5 92.1 97.6 102.2 105.8 110.4 116.1 121.4 124.4 129 131.9 134.9 133.8 131.7 129.3 126 122.2 117.1 115.1 112.8 109.9 107.9 107.1 106.1 103.6 103.4 101.7 104.2 104.2 102.9 108.6 121.1 129.1 136 140.8 142.8 143.5 143.5 142.3 139.9 137.8 137.1 135.7 133.5 136.3 140 142.8 145.3
159.7 158.8 158.5 153.9 148.3 142 140.6 146.6 151.9 152.9 152.3 156.1 157.4 155.2 151.6 145.7 139.2 131.2 122.1 113 101.6 95.1 87.1 81.7 82.8 80.6 74.7 84.9 85.5 87.8 90 97.3 103.7 108.9 114.4 118.3 125.6 132.4 138.8 144.7 143.8 151.5 147.7 142.5 132.7 128.1 124.5 120.5 117.1 115.8 110.2 108.1 106.9 105.8 105.5 106.7 109 112 115.1 115.9 116.2 119.3 128.8 137.4 144.6 150 153.4 154.3 153.7 151.5 147.6 142.8 139.9 142.1 142.5 140.2 140.8 142 142.3
160.5 161.3 159.7 154.5 153.4 153.5 154.5 160.1 165.5 168.8 169.2 168.6 166.8 162.1 155.1 147 138.4 126.5 115.5 105.7 95 97 97.7 91.1 93.5 92.7 80.3 87.9 88.7 96.7 104.2 111.9 118.3 123.1 127.1 134 142.5 152.8 163.4 158.4 160.1 163.2 157.2 140 130.3 123.9 119.2 116 114.6 113.4 114.2 117 119.3 120.9 122.7 123 124.1 124.3 126.6 128.9 133.4 134.6 135.3 141.5 149.9 155.5 158.9 160.6 160 157.3 153.2 151.6 151.1 150.9 148.9 144.6 143.9 143.8 143
165.2 167.2 163.7 163.3 163.9 165.1 165.8 173.9 178.8 184.1 184.1 180.2 176.6 168.6 159.3 149.5 141.2 127.4 113.8 107.6 101.8 97.1 96.2 98.4 109.2 112 93.5 86.4 93.2 104.1 115.7 124.9 132.3 138.1 143 149 161.7 165.8 173.3 179.5 174 158.6 149.7 137.6 127 122.8 122.2 126.1 123.9 125.2 127.9 131.8 134.9 137.3 138.2 138.6 138.1 134.7 137.6 139.4 142.9 141.3 139.5 143.7 152.3 158.9 162.5 163.4 163.9 165.1 161.2 157.6 159 157 152.8 147.8 144.7 142.5 140
177 173.5 179.9 179.1 179.3 179.4 186.5 191.9 204.2 201.4 201 196.8 185.4 173.4 164.1 153.8 141.6 128.8 119.5 112.6 107 102.3 98.1 101.8 104.6 103.4 94.2 90.2 100.9 112.7 124.4 134.7 143.7 149.8 154.9 160.1 166 170 174.1 175.6 170.4 159.6 147.7 133.5 126.7 123.6 130.1 135.5 138.7 140 141.7 144.3 147.4 149.2 150.3 150.5 149.5 147.4 147.5 147.6 146.3 145 138.9 143.2 153.3 161.8 165.7 169 173.3 174.6 172.8 170 168.8 165.2 157 150.4 147.3 148.9 151.5
191.2 195.2 197.2 196.5 198.2 198.8 207 223.8 231.6 221.4 207.8 190.2 184.4 173.8 164.4 152.8 138.2 126.9 119.3 112.6 108.9 108.1 107.6 109.2 106.2 99.2 92.6 104.1 109.3 120.3 132 142.8 153.3 158.4 162.8 168 174.4 181.9 183 178.8 170.2 156.8 140.3 129.2 131.2 137.5 144 151.1 155.1 156.4 156.6 154 155.9 157.1 157.7 157.7 156.8 154.6 153.6 152.7 148.8 146.1 143.2 141.3 153.5 166.8 173.5 178.3 181.7 183.6 183.4 181.7 178.6 172.7 164.7 157.3 157.6 159.3 161.1
205 215.4 220.6 223.2 228 228.9 235.2 244 241.5 228.8 199.9 183.9 178.9 170.8 160.3 147.2 133.4 121 112.4 109.7 113.2 114.6 115.8 114.9 110.6 98.9 100.9 113.6 121.2 128.2 140 154.4 163.6 171.5 179.3 183.4 188.3 194.5 200.6 190.7 171.8 153.9 137 140.3 144.5 150.3 157.1 163.8 168.7 169.5 167.6 164.5 161.5 159.3 158.7 159.7 161.1 155.9 153.3 150.7 147.6 145.3 143.3 145.8 156.2 174.9 179 183.2 187.5 189.3 189.6 188.2 184.8 178.6 171.3 164.5 164.3 163 164.3
217.4 231.1 244.3 255.2 257.6 253.6 247.8 237.8 232.6 220 192 179 173.5 164.3 151.7 136.8 122.8 112.1 111.8 113 115.3 117.9 116.4 115.8 116 99 111.3 125 133.4 140.9 148.8 163.3 174.2 183.4 195 200 202.1 202.1 197.1 196 175.1 153.5 142.7 146.2 151.9 158.8 166.5 173.5 180.6 185.7 185.6 179.7 166.1 160.4 158.9 157.8 155.6 152.5 149.6 147.7 146.3 143.6 142.2 146.4 153.4 166.1 175.3 183 191 192.5 192.6 191.1 188 182 176.1 169.9 168 166.5 164.6
238.3 244.5 259.5 265.8 266.7 255.5 246.8 221 221 202.1 183.2 174.4 166.1 154.5 138.9 121.8 118.7 115.3 114.5 115.5 116.7 119.8 116.9 112.6 102.1 111.6 124.7 135.8 142.8 148.7 159.4 166.9 180.6 190.8 201.1 204.8 204 198.7 191.2 179.9 166.7 152.1 147 151.2 157.2 162.8 173 181.4 190.1 195.7 189.1 176.5 168.8 161 164.2 162.4 163.1 149.6 148.5 149 147.3 143.1 146.5 150.2 153.8 158.8 170 183.1 190.5 192.9 193 191.6 187.8 181.5 174.5 168.2 167.9 166.2 162.9
251.5 248.7 259.6 261.8 256.8 241.1 224.1 205.2 202 185.9 175.2 167.1 156 142.4 126.7 122.7 121.6 116.9 115 116.5 121.9 123.7 121.6 114.9 109.4 124.8 137.1 145.3 150.8 155.7 164.1 172.9 182.9 193.2 195.4 195.4 193.7 189.5 181.7 171.1 159 148.6 151.3 156.8 162.4 169.4 177.2 185.4 192.4 185.2 178.1 183.8 182.7 171.9 166.7 168.4 167.8 149.2 150 151.5 148.5 145.5 148.6 152.6 156.5 162.8 173.4 182.8 188.7 191.4 190.8 188.9 184.6 178.2 171.6 165.7 168.7 168.5 162.7
