WholeMapElevations/data/nm/nm49_OST50GRID_20230518/NM49.asc
ncols 200
nrows 200
xllcorner 140000
yllcorner 790000
cellsize 50
[rows 37 to 73 of 200, columns 0 to 82 of 200]
212.4 209.3 204.8 202.8 196.9 192.5 187.7 187.8 187 184.4 183 182.3 184 183.5 178.8 180 178.7 173.7 169.6 166.4 165 163.4 160.9 159.8 156 154.3 154 151.6 146.2 146.1 141.4 135.7 128.3 120.1 111.6 103.8 100.3 97.6 93.1 94.6 98.9 98.9 99.5 93.6 85.8 80.4 73.1 67.9 61.5 48.6 45.8 42 35.4 -1.8 -1.8 -1.8 -1.8 -1.8 -1.8 -1.8 -1.8 -1.8 -1.8 -1.8 -1.8 -1.8 -1.8 -1.8 -1.8 -1.8 -1.8 -1.8 -1.8 -1.8 -1.8 -1.8 -1.8 -1.8 -1.8 -1.8 -1.8 -1.8 -1.8
220.9 219.5 217.2 213.2 210.9 205.7 200.9 197.9 193.2 193.7 191.7 189.8 186.4 184.6 182.4 182.4 180 177.2 172.5 167.4 164.3 162.3 159.3 159 153.8 151.4 150.4 147.7 143.9 142.4 138.6 133.6 127.6 121.1 114.1 106 103.3 98.8 93.7 91 96.6 98.1 99.7 94.4 89.2 84.1 76.7 72.3 65.2 51 49.1 41.9 9.9 -1.8 -1.8 -1.8 -1.8 -1.8 -1.8 -1.8 -1.8 -1.8 -1.8 -1.8 -1.8 -1.8 -1.8 -1.8 -1.8 -1.8 -1.8 -1.8 -1.8 -1.8 -1.8 -1.8 -1.8 -1.8 -1.8 -1.8 -1.8 -1.8 -1.8
233.2 228.8 227 224 221.8 216.9 209.1 207.4 202.8 200.3 197.8 196.8 192.9 190.1 186.9 183.8 179.6 176.1 172 168.1 164.3 160.8 156.8 154.9 153 148.3 146.8 145.1 141.3 136.1 132.2 128.9 123.9 121.3 112.1 107.4 105.5 100.8 93.7 87.8 89.5 95.7 95.3 94.5 90 83.3 78.7 74.6 62.8 50.9 48.9 43.8 29.2 -1.8 -1.8 -1.8 -1.8 -1.8 -1.8 -1.8 -1.8 -1.8 -1.8 -1.8 -1.8 -1.8 -1.8 -1.8 -1.8 -1.8 -1.8 -1.8 -1.8 -1.8 -1.8 -1.8 -1.8 -1.8 -1.8 -1.8 -1.8 -1.8 -1.8
246.1 244.8 237.9 234 233 230.6 220.5 215 211 205.7 203.7 200.8 199.1 194.4 188.5 185.3 179.7 174.8 170.2 165.8 164 159.8 153.8 151.4 148 144.1 142.8 141.3 136.1 131.8 126.2 125.1 121.4 117.5 108.2 105.7 105 100.1 90.3 83.8 87.5 95.9 93.6 91.9 88.5 81.7 78.5 72.4 61.4 49 39.5 24.1 -1.8 -1.8 -1.8 -1.8 -1.8 -1.8 -1.8 -1.8 -1.8 -1.8 -1.8 -1.8 -1.8 -1.8 -1.8 -1.8 -1.8 -1.8 -1.8 -1.8 -1.8 -1.8 -1.8 -1.8 -1.8 -1.8 -1.8 -1.8 -1.8 -1.8 -1.8
259.6 259.1 252.7 246.2 242.1 240.8 237.7 230.4 220 212.1 208.3 205 198.7 194.6 188.7 185.4 178.5 172.9 167.2 164.9 159.9 156.7 151.6 146.5 142.2 139.6 137.1 134.5 130.2 125.4 119.6 119.3 115.3 105.6 102.8 101.7 101.3 94.2 82.3 84.6 87.2 93.6 92.6 89.4 85 79.5 75.8 68.1 58.7 40.2 32.7 -1.8 -1.8 -1.8 -1.8 -1.8 -1.8 -1.8 -1.8 -1.8 -1.8 -1.8 -1.8 -1.8 -1.8 -1.8 -1.8 -1.8 -1.8 -1.8 -1.8 -1.8 -1.8 -1.8 -1.8 -1.8 -1.8 -1.8 -1.8 -1.8 -1.8 -1.8 -1.8
282.8 274 271.9 265.3 254.8 247.2 248.1 244 232.2 217.9 211.9 205.5 200.1 192.3 186.6 184.2 176.2 170.4 164.8 160.9 157.1 153.9 143 138.3 136.2 134.1 131.2 127.9 121.9 116.9 112.7 110.1 102.6 100 99.8 96.1 92.9 83.4 76.4 83.6 85.7 83.5 90.6 86.7 79.9 75.1 71.7 63 52.2 35.1 -1.8 -1.8 -1.8 -1.8 -1.8 -1.8 -1.8 -1.8 -1.8 -1.8 -1.8 -1.8 -1.8 -1.8 -1.8 -1.8 -1.8 -1.8 -1.8 -1.8 -1.8 -1.8 -1.8 -1.8 -1.8 -1.8 -1.8 -1.8 -1.8 -1.8 -1.8 -1.8 -1.8
301.1 296.7 285.1 279.2 272.8 258.9 249 250 237.4 222 215.7 205.5 198.8 191.5 182.5 178.6 174.6 166.4 158.6 153.7 148.3 143.7 138.8 134.2 131.5 127.5 124.6 121.1 115.6 110.9 104.1 99.3 98.3 96.6 94.9 91.4 83 76.6 78 80.4 77.8 75.1 84.2 81.7 75.5 69.7 64.4 56.1 38.7 26.2 -1.8 -1.8 -1.8 -1.8 -1.8 -1.8 -1.8 -1.8 -1.8 -1.8 -1.8 -1.8 -1.8 -1.8 -1.8 -1.8 -1.8 -1.8 -1.8 -1.8 -1.8 -1.8 -1.8 -1.8 -1.8 -1.8 -1.8 -1.8 -1.8 -1.8 -1.8 -1.8 -1.8
319.3 308.4 299.9 289.1 282.2 272.3 255.9 249.1 243.4 229.3 218.2 208 197.2 189.5 179.5 176.7 169 163.7 155.6 150.5 143.8 138.3 133.6 128.2 121.2 119 117.9 113.5 110.2 106 98.4 95.9 95 91.8 87.6 79.6 73.1 71.6 75.4 74.9 73 65.4 73.6 79.4 73.2 66.1 59.1 53.9 36 17.8 -1.8 -1.8 -1.8 -1.8 -1.8 -1.8 -1.8 -1.8 -1.8 -1.8 -1.8 -1.8 -1.8 -1.8 -1.8 -1.8 -1.8 -1.8 -1.8 -1.8 -1.8 -1.8 -1.8 -1.8 -1.8 -1.8 -1.8 -1.8 -1.8 -1.8 -1.8 -1.8 -1.8
330 321.8 310.8 302.4 290.9 280.2 265.4 250.5 245.1 232.9 219.5 209.5 197.7 186.7 178.4 175.1 167 160.6 152.4 146.8 138.2 135.1 129.4 121.4 115.7 111.5 109.9 105.2 103.3 96.1 91.4 91.6 91.2 86.5 79.9 72 67.6 68.8 68.2 65.2 60.9 59.9 65.4 73 71.4 63.7 59.5 52 36.6 -1.8 -1.8 -1.8 -1.8 -1.8 -1.8 -1.8 -1.8 -1.8 -1.8 -1.8 -1.8 -1.8 -1.8 -1.8 -1.8 -1.8 -1.8 -1.8 -1.8 -1.8 -1.8 -1.8 -1.8 -1.8 -1.8 -1.8 -1.8 -1.8 -1.8 -1.8 -1.8 -1.8 -1.8
336.4 321.8 313.2 301.3 287.9 274.9 265.2 252 243.2 236.9 220.2 210.9 197.2 187.7 175.3 171.7 163.5 157 149.8 142.4 135.6 131.3 125.8 119.3 112 106.4 102.4 97.8 92.4 89 88.3 88.7 85.8 80 72 65.9 63.8 61.5 59.7 55.5 49.5 54 57.1 66.8 69 63.2 56.7 48 30.8 -1.8 -1.8 -1.8 -1.8 -1.8 -1.8 -1.8 -1.8 -1.8 -1.8 -1.8 -1.8 -1.8 -1.8 -1.8 -1.8 -1.8 -1.8 -1.8 -1.8 -1.8 -1.8 -1.8 -1.8 -1.8 -1.8 -1.8 -1.8 -1.8 -1.8 -1.8 -1.8 -1.8 -1.8
354.1 336.7 325.9 302.7 292.5 275.2 264.2 253.5 244 238.9 223.1 209.5 192.7 183.7 174.3 168.8 160.8 153.2 146.5 138.9 132.4 126.1 121.1 112.9 106.9 101 96.1 91.7 88.6 87.2 85.8 83.1 78.1 72.2 64.5 59.2 58.8 56.2 52.1 45.1 45 49.4 46 52.3 59.2 57.9 52.1 40.5 34.6 -1.8 -1.8 -1.8 -1.8 -1.8 -1.8 -1.8 -1.8 -1.8 -1.8 -1.8 -1.8 -1.8 -1.8 -1.8 -1.8 -1.8 -1.8 -1.8 -1.8 -1.8 -1.8 -1.8 -1.8 -1.8 -1.8 -1.8 -1.8 -1.8 -1.8 -1.8 -1.8 -1.8 -1.8
365.6 354.3 335.2 320.3 305.7 280.3 272.5 262.8 247.1 236.9 224 211 197.6 183 174.2 169.5 159.5 152.8 145.9 137.8 130.4 123.6 117.4 110.5 104.6 97.2 92.6 90.3 89.3 86.6 82.8 76.7 67.9 61.2 57.1 53.3 52.4 50 41 40 39.3 42.3 40.9 42.9 50.8 52.2 46.6 35.3 -1.8 -1.8 -1.8 -1.8 -1.8 -1.8 -1.8 -1.8 -1.8 -1.8 -1.8 -1.8 -1.8 -1.8 -1.8 -1.8 -1.8 -1.8 -1.8 -1.8 -1.8 -1.8 -1.8 -1.8 -1.8 -1.8 -1.8 -1.8 -1.8 -1.8 -1.8 -1.8 -1.8 -1.8 -1.8
377 362.3 346.7 328.4 321.7 301.1 279 273.4 264.5 242.4 230.8 210.8 201 180.7 172.4 168.6 159.5 150.5 143.6 136.8 128.6 121.1 113.2 106.4 102.6 96.6 93.1 89.9 88.1 87.3 84.5 72.5 56.4 54 52.9 48.6 45.4 40.4 37.3 33 33.5 34.5 29.1 30.2 34.4 35.6 33.3 30.1 -1.8 -1.8 -1.8 -1.8 -1.8 -1.8 -1.8 -1.8 -1.8 -1.8 -1.8 -1.8 -1.8 -1.8 -1.8 -1.8 -1.8 -1.8 -1.8 -1.8 -1.8 -1.8 -1.8 -1.8 -1.8 -1.8 -1.8 -1.8 -1.8 -1.8 -1.8 -1.8 -1.8 -1.8 -1.8
383.8 376.6 355 344.6 327.6 313.4 296 276.3 272.7 252.9 234.3 213.6 203.4 182.9 178.4 167.1 155.6 150.5 146.1 141.4 133.3 125.3 118.8 112.5 103.9 98.1 94.8 91.3 91.2 90.2 83.3 67.3 54.3 50.4 49.9 44.5 38.9 34.4 32.7 29.9 30 27.6 26.4 28.4 29.9 29 28.6 20.1 -1.8 -1.8 -1.8 -1.8 -1.8 -1.8 -1.8 -1.8 -1.8 -1.8 -1.8 -1.8 -1.8 -1.8 -1.8 -1.8 -1.8 -1.8 -1.8 -1.8 -1.8 -1.8 -1.8 -1.8 -1.8 -1.8 -1.8 -1.8 -1.8 -1.8 -1.8 -1.8 -1.8 -1.8 -1.8
374.2 383.1 370.3 349.6 328.2 316.6 312.8 283.6 274.6 269.5 244.1 218.1 204.1 181.6 172.8 167.5 165.4 162.1 157.7 150.2 140.9 130.5 122.4 115.5 105.8 101.4 96.5 93.6 93.9 91.9 79.7 61.6 53.8 48.6 46.9 42.4 33.6 31.1 29.4 27.7 22.3 21.9 25.4 25.9 24.5 19.4 17.8 -1.8 -1.8 -1.8 -1.8 -1.8 -1.8 -1.8 -1.8 -1.8 -1.8 -1.8 -1.8 -1.8 -1.8 -1.8 -1.8 -1.8 -1.8 -1.8 -1.8 -1.8 -1.8 -1.8 -1.8 -1.8 -1.8 -1.8 -1.8 -1.8 -1.8 -1.8 -1.8 -1.8 -1.8 -1.8 -1.8
342.4 346 338.4 334.9 331.5 317.2 312.3 303.7 278.7 266.5 248.4 226.4 200.1 189.3 183.1 182.4 178.6 172.8 165.8 157.7 146.7 132 121 115.2 108.2 101.4 97.4 95.8 94 88.3 73.3 58.3 54.2 50.5 44.5 37.4 32.6 29.1 27.6 23.2 20.6 19.4 18.3 10 -1.8 -1.8 -1.8 -1.8 -1.8 -1.8 -1.8 -1.8 -1.8 -1.8 -1.8 -1.8 -1.8 -1.8 -1.8 -1.8 -1.8 -1.8 -1.8 -1.8 -1.8 -1.8 -1.8 -1.8 -1.8 -1.8 -1.8 -1.8 -1.8 -1.8 -1.8 -1.8 -1.8 -1.8 -1.8 -1.8 -1.8 -1.8 -1.8
329.8 330.3 329 331 329.6 322.2 312.9 304.8 297.1 264.8 252.8 236.8 208.5 205.6 203.9 198.9 190.9 182.5 172.7 161.3 149.2 132.6 119.6 113.8 108.7 101.8 98.7 95.4 91.1 81.6 67.9 57 53.8 48 42.5 33.9 30.7 28.5 24.4 20.5 16.3 11.4 6.4 -1.8 -1.8 -1.8 -1.8 -1.8 -1.8 -1.8 -1.8 -1.8 -1.8 -1.8 -1.8 -1.8 -1.8 -1.8 -1.8 -1.8 -1.8 -1.8 -1.8 -1.8 -1.8 -1.8 -1.8 -1.8 -1.8 -1.8 -1.8 -1.8 -1.8 -1.8 -1.8 -1.8 -1.8 -1.8 -1.8 -1.8 -1.8 -1.8 -1.8
325 324 324.3 331 328.3 322.4 311.9 301.1 291.5 262.1 247.2 228.1 224.7 222.6 217.5 209.3 203.7 191.4 177.8 162.6 147.6 133.4 120.1 115 110.9 105.9 100.1 94.3 88.9 77.6 64.5 56.8 52.6 47.4 40.6 33.1 27.2 25.6 21.8 19.5 17.8 9.1 1.1 -1.8 -1.8 -1.8 -1.8 -1.8 -1.8 -1.8 -1.8 -1.8 -1.8 -1.8 -1.8 -1.8 -1.8 -1.8 -1.8 -1.8 -1.8 -1.8 -1.8 -1.8 -1.8 -1.8 -1.8 -1.8 -1.8 -1.8 -1.8 -1.8 -1.8 -1.8 -1.8 -1.8 -1.8 -1.8 -1.8 -1.8 -1.8 -1.8 -1.8
320.4 321.8 323.7 329.2 328.8 316.4 305.8 294.2 276.1 254 251.6 245.3 237.4 235.1 230.3 225.3 212.7 198.8 179.3 162.9 146 130.6 124 113.8 111.6 107.7 99.9 92.2 84.6 74 63.2 55.7 46.1 42.5 36.7 32.1 29.3 24.3 21.3 17.8 9.3 2 -1.8 -1.8 -1.8 -1.8 -1.8 -1.8 -1.8 -1.8 -1.8 -1.8 -1.8 -1.8 -1.8 -1.8 -1.8 -1.8 -1.8 -1.8 -1.8 -1.8 -1.8 -1.8 -1.8 -1.8 -1.8 -1.8 -1.8 -1.8 -1.8 -1.8 -1.8 -1.8 -1.8 -1.8 -1.8 -1.8 -1.8 -1.8 -1.8 -1.8 -1.8
321.1 319.1 319.9 323.8 324.8 313.9 301.8 279.3 280.3 276.5 271.9 258.7 249.1 247.5 241.1 237.3 223.9 204.8 179.8 160.6 145.7 132.9 123.9 119.1 112.3 105.3 95.4 89.6 80.5 70.7 63.7 57.9 48.3 39.5 34.5 29.2 26.6 24.6 21.8 20 8 -1.8 -1.8 -1.8 -1.8 -1.8 -1.8 -1.8 -1.8 -1.8 -1.8 -1.8 -1.8 -1.8 -1.8 -1.8 -1.8 -1.8 -1.8 -1.8 -1.8 -1.8 -1.8 -1.8 -1.8 -1.8 -1.8 -1.8 -1.8 -1.8 -1.8 -1.8 -1.8 -1.8 -1.8 -1.8 -1.8 -1.8 -1.8 -1.8 -1.8 -1.8 -1.8
321.9 319.4 319.6 324.8 320.5 316.3 312.8 303.4 297.1 292.1 288.2 269.6 260.3 259.7 253 248.6 233.8 206.9 175.4 157.2 141.1 130.4 126.1 118.7 110.8 97.3 94.5 84.6 78.9 71.2 65.8 59 48.9 39.5 35.3 29.7 27.8 24.8 20.9 13.4 -1.8 -1.8 -1.8 -1.8 -1.8 -1.8 -1.8 -1.8 -1.8 -1.8 -1.8 -1.8 -1.8 -1.8 -1.8 -1.8 -1.8 -1.8 -1.8 -1.8 -1.8 -1.8 -1.8 -1.8 -1.8 -1.8 -1.8 -1.8 -1.8 -1.8 -1.8 -1.8 -1.8 -1.8 -1.8 -1.8 -1.8 -1.8 -1.8 -1.8 -1.8 -1.8 -1.8
322.3 320 320 319.4 318.2 320.9 313.8 307.3 301.8 304.7 298.6 290 275.9 265.9 265.9 261.9 242.4 209 175.4 157.4 140.1 140.9 133.9 122.9 115.3 104.2 97 89.1 81.5 72.9 68.7 60.6 51.9 44.2 38.6 35.1 31.3 25.2 21.5 12.4 -1.8 -1.8 -1.8 -1.8 -1.8 -1.8 -1.8 -1.8 -1.8 -1.8 -1.8 -1.8 -1.8 -1.8 -1.8 -1.8 -1.8 -1.8 -1.8 -1.8 -1.8 -1.8 -1.8 -1.8 -1.8 -1.8 -1.8 -1.8 -1.8 -1.8 -1.8 -1.8 -1.8 -1.8 -1.8 -1.8 -1.8 -1.8 -1.8 -1.8 -1.8 -1.8 -1.8
330.9 321.7 321 319.3 318.5 324.2 316.9 314.7 312.7 309.8 303.9 295 292.2 279.2 267.6 268.6 247.6 208.6 176.9 167.3 145.9 147.3 137.7 129.8 120.6 110.4 97.8 91.5 85.6 76.2 71.6 66.7 59.5 48.8 43.7 39.9 35.3 30.6 21.5 12 -1.8 -1.8 -1.8 -1.8 -1.8 -1.8 -1.8 -1.8 -1.8 -1.8 -1.8 -1.8 -1.8 -1.8 -1.8 -1.8 -1.8 -1.8 -1.8 -1.8 -1.8 -1.8 -1.8 -1.8 -1.8 -1.8 -1.8 -1.8 -1.8 -1.8 -1.8 -1.8 -1.8 -1.8 -1.8 -1.8 -1.8 -1.8 -1.8 -1.8 -1.8 -1.8 -1.8
347.6 329.8 324.5 325.7 326.3 333.7 331.7 317.8 317.4 315.8 307.7 301.9 302.1 280.8 265.3 256.8 236.8 206.6 177 165.6 154.1 152.9 146.3 137.5 127.5 116.9 100.3 94.5 90.3 85 79.2 74.7 65 56.7 51.1 45.3 38.7 31.5 22.6 10.7 -1.8 -1.8 -1.8 -1.8 -1.8 -1.8 -1.8 -1.8 -1.8 -1.8 -1.8 -1.8 -1.8 -1.8 -1.8 -1.8 -1.8 -1.8 -1.8 -1.8 -1.8 -1.8 -1.8 -1.8 -1.8 -1.8 -1.8 -1.8 -1.8 -1.8 -1.8 -1.8 -1.8 -1.8 -1.8 -1.8 -1.8 -1.8 -1.8 -1.8 -1.8 -1.8 -1.8
368.4 346.8 333.2 328.9 329.6 329.6 340.3 345.1 338.6 333.3 328.7 322.6 313.3 282.3 262.6 239.1 213.4 196.5 179.4 161.3 164.5 156.8 149.8 140.7 129.6 119.6 110.9 103.6 99.8 90.7 87.4 78.3 71 62.2 54.5 49.8 42.6 33.4 23.7 -1.8 -1.8 -1.8 -1.8 -1.8 -1.8 -1.8 -1.8 -1.8 -1.8 -1.8 -1.8 -1.8 -1.8 -1.8 -1.8 -1.8 -1.8 -1.8 -1.8 -1.8 -1.8 -1.8 -1.8 -1.8 -1.8 -1.8 -1.8 -1.8 -1.8 -1.8 -1.8 -1.8 -1.8 -1.8 -1.8 -1.8 -1.8 -1.8 -1.8 -1.8 -1.8 -1.8 -1.8
395.7 372.8 348.5 338.6 337.9 335.9 341.6 347.8 353.2 354.8 344.3 344.9 310.5 277 253.8 231.1 212.4 192.5 182.2 168.9 167.9 160.1 151.7 142.9 135.7 126.1 119.8 107.7 102 98.1 92 84.4 74.6 66.1 58.8 54.7 46 34.1 23.2 -1.8 -1.8 -1.8 -1.8 -1.8 -1.8 -1.8 -1.8 -1.8 -1.8 -1.8 -1.8 -1.8 -1.8 -1.8 -1.8 -1.8 -1.8 -1.8 -1.8 -1.8 -1.8 -1.8 -1.8 -1.8 -1.8 -1.8 -1.8 -1.8 -1.8 -1.8 -1.8 -1.8 -1.8 -1.8 -1.8 -1.8 -1.8 -1.8 -1.8 -1.8 -1.8 -1.8 -1.8
400.1 394.1 370.8 348.5 341.7 340.9 344.4 349 353.8 357.8 349.6 330.8 298.8 262.4 238.8 223.5 206.6 190.7 183.8 176.5 167 162.8 158.9 151.3 141.6 133.5 122.9 115.5 108.3 103.6 96.3 89.1 78.9 70.2 65.4 58.5 48.7 31.7 22 -1.8 -1.8 -1.8 -1.8 -1.8 -1.8 -1.8 -1.8 -1.8 -1.8 -1.8 -1.8 -1.8 -1.8 -1.8 -1.8 -1.8 -1.8 -1.8 -1.8 -1.8 -1.8 -1.8 -1.8 -1.8 -1.8 -1.8 -1.8 -1.8 -1.8 -1.8 -1.8 -1.8 -1.8 -1.8 -1.8 -1.8 -1.8 -1.8 -1.8 -1.8 -1.8 -1.8 -1.8
410.4 391.2 383 355.5 342.4 339.8 342 346 350.1 350 343.7 305.6 271.3 248.3 235.2 218.9 203.2 195.2 178.9 181.3 177.3 171.8 166.4 160.2 149.8 140.8 126.4 118 111.9 107.9 99.8 91.4 82.2 71.9 65.9 58.7 47.9 29.5 19.2 -1.8 -1.8 -1.8 -1.8 -1.8 -1.8 -1.8 -1.8 -1.8 -1.8 -1.8 -1.8 -1.8 -1.8 -1.8 -1.8 -1.8 -1.8 -1.8 -1.8 -1.8 -1.8 -1.8 -1.8 -1.8 -1.8 -1.8 -1.8 -1.8 -1.8 -1.8 -1.8 -1.8 -1.8 -1.8 -1.8 -1.8 -1.8 -1.8 -1.8 -1.8 -1.8 -1.8 -1.8
411.5 388.5 378.4 354.8 341.1 337.8 339.8 349.4 349.1 338.4 314 295.9 258.7 239.7 229.7 213.9 204 189.9 189.7 186.9 186.8 179.5 172.5 166.2 157.9 148.4 132.8 122.6 113.6 107.8 99.3 91 82 73.2 66.7 60.2 46.5 26.3 16.6 -1.8 -1.8 -1.8 -1.8 -1.8 -1.8 -1.8 -1.8 -1.8 -1.8 -1.8 -1.8 -1.8 -1.8 -1.8 -1.8 -1.8 -1.8 -1.8 -1.8 -1.8 -1.8 -1.8 -1.8 -1.8 -1.8 -1.8 -1.8 -1.8 -1.8 -1.8 -1.8 -1.8 -1.8 -1.8 -1.8 -1.8 -1.8 -1.8 -1.8 -1.8 -1.8 -1.8 -1.8
407 383.8 379.8 348.8 336.6 332.2 335.9 337.9 338.4 313.5 302 283 255.2 232 219.4 211.9 204.9 204.2 195.1 192.2 192.3 183.2 177 170.2 165.1 153.8 140.5 127 114.7 107.5 96.9 87.7 78.8 74.1 67.1 58.5 36.7 24.9 13.8 -1.8 -1.8 -1.8 -1.8 -1.8 -1.8 -1.8 -1.8 -1.8 -1.8 -1.8 -1.8 -1.8 -1.8 -1.8 -1.8 -1.8 -1.8 -1.8 -1.8 -1.8 -1.8 -1.8 -1.8 -1.8 -1.8 -1.8 -1.8 -1.8 -1.8 -1.8 -1.8 -1.8 -1.8 -1.8 -1.8 -1.8 -1.8 -1.8 -1.8 -1.8 -1.8 -1.8 -1.8
398.4 376.6 375.7 346.7 333 325.2 327.8 328.8 324.3 299.4 287.3 264.9 247.8 222.4 216.1 213.7 214.2 213.9 210.9 202.9 197 189.6 179.2 171.5 164.8 157.1 146.8 128 116.3 104.6 95 87 80.4 74.1 69.8 58.5 35.1 25.2 -1.8 -1.8 -1.8 -1.8 -1.8 -1.8 -1.8 -1.8 -1.8 -1.8 -1.8 -1.8 -1.8 -1.8 -1.8 -1.8 -1.8 -1.8 -1.8 -1.8 -1.8 -1.8 -1.8 -1.8 -1.8 -1.8 -1.8 -1.8 -1.8 -1.8 -1.8 -1.8 -1.8 -1.8 -1.8 -1.8 -1.8 -1.8 -1.8 -1.8 -1.8 -1.8 -1.8 -1.8 -1.8
387.1 369.6 359.2 337.5 325.9 319 314.4 305.5 298.7 288.4 275.5 256.8 236.6 220.4 218.6 217.4 220 228.6 219 210.6 205.8 194.7 181.2 171.1 163.5 154.5 141.3 128 114.8 102.2 91.8 85.9 79.9 74.2 69.7 55.9 32.6 21.3 -1.8 -1.8 -1.8 -1.8 -1.8 -1.8 -1.8 -1.8 -1.8 -1.8 -1.8 -1.8 -1.8 -1.8 -1.8 -1.8 -1.8 -1.8 -1.8 -1.8 -1.8 -1.8 -1.8 -1.8 -1.8 -1.8 -1.8 -1.8 -1.8 -1.8 -1.8 -1.8 -1.8 -1.8 -1.8 -1.8 -1.8 -1.8 -1.8 -1.8 -1.8 -1.8 -1.8 -1.8 -1.8
377.4 361.1 347.1 331.3 320.9 314.4 305.8 298.5 297 283 268.9 255.2 236.4 221.7 221.1 220.3 223.3 231 230.5 222.9 228.9 197.7 178.9 166.4 156.2 144.9 135.4 126.6 115.8 103.1 91.7 86.9 80.7 74.6 70.1 55.8 31.2 18.4 -1.8 -1.8 -1.8 -1.8 -1.8 -1.8 -1.8 -1.8 -1.8 -1.8 -1.8 -1.8 -1.8 -1.8 -1.8 -1.8 -1.8 -1.8 -1.8 -1.8 -1.8 -1.8 -1.8 -1.8 -1.8 -1.8 -1.8 -1.8 -1.8 -1.8 -1.8 -1.8 -1.8 -1.8 -1.8 -1.8 -1.8 -1.8 -1.8 -1.8 -1.8 -1.8 -1.8 -1.8 -1.8
374.2 358.3 347.1 334.6 324.9 312.1 306.5 299.2 298 290.2 268.4 255.4 244.4 231.4 225.3 222.4 226.4 232.5 240.8 240.8 248 216 182.3 160.1 148.2 139.1 133.8 124.9 114.9 105.3 94 88.9 80.4 79.7 72.6 57.4 33.7 20.6 -1.8 -1.8 -1.8 -1.8 -1.8 -1.8 -1.8 -1.8 -1.8 -1.8 -1.8 -1.8 -1.8 -1.8 -1.8 -1.8 -1.8 -1.8 -1.8 -1.8 -1.8 -1.8 -1.8 -1.8 -1.8 -1.8 -1.8 -1.8 -1.8 -1.8 -1.8 -1.8 -1.8 -1.8 -1.8 -1.8 -1.8 -1.8 -1.8 -1.8 -1.8 -1.8 -1.8 -1.8 -1.8
378.8 363 349.7 339.7 327.8 316.6 310.3 305.5 300 291 278.8 265.3 253.4 238.7 230.4 228.6 232 235 244 261.2 263.3 233.8 188.4 158.5 148.9 143.9 137.3 130.2 121.9 110.2 99.6 89.2 85 82.5 72.1 61.6 35.5 20.1 -1.8 -1.8 -1.8 -1.8 -1.8 -1.8 -1.8 -1.8 -1.8 -1.8 -1.8 -1.8 -1.8 -1.8 -1.8 -1.8 -1.8 -1.8 -1.8 -1.8 -1.8 -1.8 -1.8 -1.8 -1.8 -1.8 -1.8 -1.8 -1.8 -1.8 -1.8 -1.8 -1.8 -1.8 -1.8 -1.8 -1.8 -1.8 -1.8 -1.8 -1.8 -1.8 -1.8 -1.8 -1.8
388.1 368.9 355.2 344.1 331.3 324.4 318.1 320.2 315 309.1 294 282.2 274.7 263.3 245.3 236.9 239.8 240.8 252.3 270.8 267.9 233.5 194.5 168.6 155.6 149.2 145.7 137.7 129.5 118.2 104.9 92.7 88.1 80.4 71.6 64.6 42.5 23.3 -1.8 -1.8 -1.8 -1.8 -1.8 -1.8 -1.8 -1.8 -1.8 -1.8 -1.8 -1.8 -1.8 -1.8 -1.8 -1.8 -1.8 -1.8 -1.8 -1.8 -1.8 -1.8 -1.8 -1.8 -1.8 -1.8 -1.8 -1.8 -1.8 -1.8 -1.8 -1.8 -1.8 -1.8 -1.8 -1.8 -1.8 -1.8 -1.8 -1.8 -1.8 -1.8 -1.8 -1.8 -1.8
392.5 373.4 361.3 353.1 342.7 336.2 328.7 324 322.8 325.7 318.2 303.1 306.2 307.6 268 250.3 246.6 250.2 257.6 275.3 285.3 238.6 201 177.6 166.4 155.7 156.5 146.1 136.5 124.8 110.5 98.6 90.1 79.9 72.7 66.4 44.2 26.5 -1.8 -1.8 -1.8 -1.8 -1.8 -1.8 -1.8 -1.8 -1.8 -1.8 -1.8 -1.8 -1.8 -1.8 -1.8 -1.8 -1.8 -1.8 -1.8 -1.8 -1.8 -1.8 -1.8 -1.8 -1.8 -1.8 -1.8 -1.8 -1.8 -1.8 -1.8 -1.8 -1.8 -1.8 -1.8 -1.8 -1.8 -1.8 -1.8 -1.8 -1.8 -1.8 -1.8 -1.8 -1.8
