UK/data/nx/nx97_OST50GRID_20230518/NX97.asc
ncols 200
nrows 200
xllcorner 290000
yllcorner 570000
cellsize 50
[rows 152 to 189 of 200, columns 86 to 171 of 200]
106.2 100.7 93.9 87.8 75.5 57 43.6 25.3 15.1 9.6 8.1 8.6 9.1 8.8 8.5 8.3 8 8 8.1 8.2 8.1 7.6 6.8 6.8 8.2 10.4 14.1 18.5 23.4 27.2 32.7 36.7 40.5 40 38.8 37 34 28.7 25.4 23.2 21.3 21.3 19.2 16.8 15.2 13.4 11.6 8.7 8 7.5 6.5 6.2 6.1 6 -2.1 6.7 -2.1 -2.1 -2.1 5 5.2 5.6 5.8 -2.1 -2.1 3.2 4.4 5.2 5.9 6.4 7.8 8.1 8.7 8.9 9.2 9.5 10.8 11.8 13.4 14.3 15 15.4 18.2 18.4 17.5 21.5
119 118.7 120 114.6 106.9 80.8 59.5 42.3 25.2 15.5 11 8.5 8.9 8.6 8.4 8.4 8.4 8.6 8.8 8.9 8.8 8.2 8 6.9 8.1 8.1 11.7 16 21.2 25.8 29 34.5 38.9 40.5 40.1 38.3 35.5 31.5 27 23.1 20 19.5 17.8 16.1 14.6 12.8 11.6 8.8 8.7 7.3 6.3 6.8 6.5 6.8 7.2 -2.1 -2.1 5.4 4.8 5 5.1 5.4 5 -2.1 -2.1 3.6 5.1 5 5.5 6 6.8 7.9 8.7 8.5 9.6 9.9 11 12.3 14 14.6 15.3 16.2 16.1 16.2 17.1 20.6
137.2 140.3 140.5 135.6 125.4 112.4 84.1 62.6 43.8 26.2 15 12 9.2 8.9 8.9 9 8.7 8.4 9.3 9.5 9.4 9.2 8.9 8 7.9 7.8 7.8 13.3 19 21.9 25 30.4 36.4 40.8 40.8 39.8 36.7 33.4 29.1 23.8 19.9 18.4 17.4 16 14.7 13.1 10.7 8.6 7.7 6.7 6.3 6.5 7.1 6.8 6.8 6.3 -2.1 5.7 5.1 5.3 5.8 5.2 -2.1 -2.1 -2.1 5 5.5 5.3 5.6 5.7 6 6.4 8.1 8.9 9.6 10 11 13 14.1 14.5 15.3 15.7 15.9 16.6 17.6 21
142.3 148.9 152.7 143.2 139.2 124.4 98.7 79.7 56.4 40.1 24.4 14.4 10.4 9.5 9.5 9.3 9 8.6 9.6 10 10.4 10.3 9.7 8.7 7.8 7 7.9 10 15 18.2 21.1 25.8 30.9 36.3 40.4 40.1 37.3 34.3 31.2 26.6 21.5 19.3 17.1 16 14.7 13.1 11.4 9.6 7.9 7.1 6.3 6.5 6.7 6.5 6.3 5.5 5.4 -2.1 4.8 3.1 5.3 -2.1 -2.1 -2.1 -2.1 -2.1 5.9 5.4 5.1 5.4 6.1 6.5 8.1 8.5 8.9 9.6 10.8 13.1 14.4 14.2 14.2 14.7 14.9 16.7 18.5 22.5
145.2 148.6 149.9 155.2 150.6 136.6 111.4 94.6 73.5 51.6 36.9 22.8 12.7 10 10 9.7 9.3 8.9 9.1 10.5 11.1 11.3 10.6 9.7 8.5 7.6 6.3 8.2 9.6 14.1 17.4 20.1 25 30.9 35.9 38 37.7 34.8 31.9 28.6 23.7 19.9 17.5 15.6 14.5 13.2 12 10.2 8.1 7.3 6.4 6.4 6.8 6.1 6 5.6 5.6 5.5 5.3 5.4 5.4 4.9 4.7 -2.1 -2.1 -2.1 6.4 6 5.3 5.7 5.7 6.1 7 7.5 8.3 9.5 10.9 12.8 13.9 14.4 13.7 14 15.1 16.8 19 21
141.6 141.5 149.6 151.5 155.9 142.6 126 108.1 94.5 70.6 47.5 34.1 18.8 12.9 10.7 10 9.7 9.2 8.8 10.3 11.4 12.1 11.4 10.7 9.6 8.9 8.2 5.9 7.5 9.6 13.2 15.6 18.4 23.7 30 34.3 35.7 35.2 32.4 29.7 25.3 20.6 17.1 15.3 14.1 12.9 11.5 9.7 7.6 6.8 6.6 6.5 6.8 5.8 5.7 5.9 5.8 5.3 5.1 5.1 5.1 4.5 5.3 4.8 -2.1 -2.1 5.3 5.6 5.2 5.6 5.2 6.3 6.5 6.6 7.8 9.1 10.4 11.4 12.5 13.4 13.3 13.8 14.8 16.3 19.2 20.8
132.9 134.3 137 141.6 147.2 137.3 129.8 117.8 101 82.1 63.7 40.4 25.6 16.7 12.2 10.6 10.4 10 9.4 10 11.2 11.7 11.5 10.8 10.1 10.2 8.6 7.9 6 7.6 8.3 11.6 14 17 23 29.6 33.7 35.5 32.6 29.9 27 22 17.8 15.3 13.8 12.7 10.9 9.2 7.4 6.2 6.5 6.7 6.5 5.6 5.7 5.9 5.9 5 5 5 4.8 4.4 5.2 4.7 -2.1 -2.1 4.8 4.9 4.8 5.6 5.6 5.6 6.4 6.6 7.1 7.7 8.8 9.9 11 12.1 12.8 13.9 15 16 18.2 19.8
127.6 132.5 137.7 144.1 156.2 158.9 149.8 123 105.5 86.8 69.5 50.6 34.2 23.8 13.2 10.9 9.9 9.2 9.5 10.2 10.4 11 11.4 10.9 10.7 11.7 9.1 8.7 7.5 6.1 7.5 8.8 10.5 13.4 17 24.6 29.9 33.1 32.5 30.1 26.5 22.4 19.1 15.9 13.6 12.7 11.3 9.1 7 6.3 6.7 6.5 6.2 5.6 5.6 5.6 5.8 5.1 5.2 5.1 4.7 4.2 5.1 4.9 -2.1 -2.1 -2.1 5.7 4.7 5.4 5.3 5.3 6.2 5.9 6.4 6.3 7.4 8.5 9.6 10.9 11.9 13.5 14.4 15.4 16.6 19.1
123.2 126 139.3 154.8 164.8 160.4 149.3 127.2 103.8 87.5 70.3 53.9 39.9 28.3 14 10.9 10.4 9.8 9.7 10.4 9.5 10.1 10.4 9.6 9.8 10.1 10.3 9.6 7.8 7.9 7 7.4 7.9 8.1 11.4 16.4 23.7 27.5 29 28.3 25.6 22.3 19.5 16.3 13.3 12 11.1 9.7 6.8 6.5 6.5 6.7 5.7 5.6 5.6 5.5 5.7 5.5 5.3 5 4.6 4.1 4.8 5 -2.1 -2.1 -2.1 5.9 4.7 5 4.8 5.2 5.8 5.6 5.5 4.9 6 7.7 8.7 9.7 10.7 11.7 13.4 14 14.8 18.1
122 123.3 141.4 155.3 164.9 161.7 147.9 124.6 105.5 87.1 72.2 59.2 45.7 32.3 17.7 13 10.4 10 9.9 10 9.9 9.7 9.2 9.8 9.3 9.6 9.7 9.6 9.1 8.4 8.2 6 8 7.8 8.1 13.2 16.7 22.7 25.6 26.5 25.2 22.5 20 16.7 13.7 11.8 10.7 8.8 7.1 6.8 6.4 5.9 5.7 5.8 5.6 5.5 5.4 5.4 5.4 5.1 5.2 4.8 4.8 4.8 5 -2.1 -2.1 -2.1 4.6 4.6 4.6 4.7 4.8 4.5 4.4 5.1 5.9 6.9 8 9 10.1 11.6 13.4 13.7 14.2 16.5
114.5 121.6 131 145.7 148.3 148.7 140 124.7 106.8 89.9 73.9 62 48.9 36.1 26.4 19.9 13.5 11.8 11.7 11.1 10.1 10.2 9.7 9.5 9.1 9.4 9.5 9.2 8.7 8.4 8.1 7.6 7.9 7.7 8.9 10.8 14.2 18.6 22.5 25.2 24.8 23.1 20.4 16.7 14.3 12.4 10.5 8.6 7.4 7 6.3 5.7 5.3 5.7 5.6 5.5 5.4 5.3 5.4 6.3 6 5.6 5.2 4.6 3.9 4.7 -2.1 -2.1 -2.1 4.6 4.6 4.8 4.6 4.6 4.6 5.1 5.3 6.3 7.4 8.4 9.7 11.5 12.9 12 13.2 15.7
108.7 113.4 117.6 131.7 136.1 145.2 140.2 129.1 111.4 93.8 79 68.5 60.1 50.8 38.2 36.9 27.2 14.7 13.4 12.4 11.5 10.5 9.7 9.1 8.9 9.2 9.2 8.8 8.4 8.2 7.9 7.4 7.5 7.9 8.6 9.2 12.1 15.3 18.4 21.5 23.3 23.1 20.6 16.6 14.9 13 10.5 8.8 7.8 7.1 6.2 5.4 5.5 5.6 5.6 5.5 5.3 5.2 5.5 6.1 6.3 6 5.7 5.3 5 4.7 -2.1 -2.1 -2.1 4.6 4.6 4.7 4.6 4.7 4.8 5.2 5.3 5.7 6.8 7.9 9.7 11.1 12.1 11.3 12.6 15.1
97.3 101 107.5 115.7 129.6 139.3 140.5 141 123.6 99.7 89.4 77.8 75 70.6 48.9 47.3 44.7 34 21.5 13.2 11.7 10.1 9.3 8.8 8.7 9 8.8 8.4 8 7.7 7.5 7.2 6.9 8.1 8.6 9.2 10 12.8 15.5 18.2 20.8 21.9 20.5 17.1 15.4 13.5 11 9.1 8.1 7.1 6.2 5.4 5.5 5.6 5.6 5.6 5.6 5.1 5.3 5.8 6.2 5.9 5.6 5.3 5.1 4.7 4.5 -2.1 -2.1 -2.1 4.7 4.6 4.8 4.9 5 5.2 5.4 5.5 6.2 7.7 8.8 10.1 11 12.4 13.4 14
87.9 90.8 98 109.6 115.1 128.7 132.9 138.3 134 110.6 97.6 86.9 79.3 71.1 59.6 55.7 61.4 49.5 33.4 17.9 12.3 9.9 8.9 8.5 8.3 8.7 8.4 8 7.6 7.3 7.3 6.9 6.7 7.4 8.4 7.8 9.2 10.6 13.3 15.5 17.8 18.7 18.7 16.6 15.5 13.3 11 9.3 8.2 7.1 6.1 5.4 5.4 5.5 5.7 5.6 5.6 5.4 5.2 6.2 6.1 5.8 5.5 5.3 5 4.4 4.7 4.5 -2.1 -2.1 -2.1 4.7 4.8 4.9 5 5.1 5.2 5.4 5.6 6.7 8.1 9.3 10.1 11.8 12.9 13.4
93.5 79.4 86.6 98.4 107.6 112.5 119 123.5 126.1 130.3 122.2 111.7 93.9 79.2 72.2 60.9 59.5 62.7 46.1 29.3 14.7 11.4 9.2 8.9 9.1 8.6 8.3 7.6 7.1 6.5 6.5 6.6 6.9 6.7 5.6 7 8.3 9.7 11 13.2 14.8 15.7 16.3 15.7 14.8 12.4 11.6 9.8 8.3 7.2 6.1 5.3 5.3 5.4 5.7 5.6 5.6 5.2 5.7 6.2 6 5.7 5.5 5.2 4.7 3.9 4.7 -2.1 -1.1 -2.1 -2.1 -2.1 4.7 4.8 4.8 4.7 4.9 5 4.9 6.4 7.6 8.5 9.5 10.5 12.1 13
97.8 84.2 71.8 83.5 92.5 99.8 102.7 111.3 119.1 127.5 128.7 121.1 104.1 87.1 80.1 66.2 59.9 58.6 48.7 37.3 26.8 14.2 11.4 9.9 9.6 8.7 7.8 7.3 6.8 6.4 6.4 6.4 7.1 6.7 5.4 6.7 8 9.8 11.1 11.3 13.3 14.4 14.2 13.7 13.5 13.4 12 10.2 8.4 7.3 6.2 5.3 5.1 5.2 5.7 5.7 5.3 5.7 5.8 5.4 5.8 5.6 5.4 4.9 4.2 -2.1 -2.1 -2.1 4.9 4.3 -2.1 -2.1 -2.1 4.7 4.7 4.6 4.7 4.7 4.7 6.3 6.8 7.5 8.6 9.3 10.8 12.4
102.8 90.1 77.1 68.9 78 84.9 90.7 98.3 103.5 107.6 108.9 109.9 100.8 91.7 82.8 72.9 61.3 54.8 52 41.3 30.6 20.6 13.2 11.1 10.2 9 8.6 8 7.3 6.3 6.3 6.3 7.3 7.7 8.2 6.5 8.5 9.8 10.9 11.9 12.7 13.6 13.9 13.8 13.7 13.2 12 10.4 8.7 6.6 5.8 5.4 5.8 5.5 5.1 5.6 5.4 5.4 5.4 4.8 4.6 5.1 4.8 -2.1 -2.1 -2.1 5.1 4.8 5.1 4.9 1.3 -2.1 -2.1 -2.1 4.7 4.5 4.7 4.7 4.7 4.7 5.5 6.3 7.1 8 9.4 10.7
107.8 93.7 81.3 68.9 65.2 70.9 76.2 81.2 87.1 90.4 91.8 93.6 91.2 87.8 82.6 74.4 64.6 54.7 47.8 40.3 32.5 20.3 13.1 11.4 10.2 9.8 9.2 8.5 7.8 6.4 6.9 7.6 7.4 7.7 8.1 6.7 8.3 9.4 10.5 11.6 12.5 13 14 14 13.9 13.8 12.8 11.4 9.7 6.6 5.6 5.5 5.7 5.5 5.4 5.3 5.6 5.4 5.2 5 5.1 5.1 4.9 5.2 -2.1 4.7 5.1 5.1 4.8 5 4.7 -2.1 -2.1 -2.1 -2.1 -2.1 4.7 4.8 4.4 4.4 4.7 5.1 5.6 6.8 7.7 9
108.3 95.9 82.7 73 61.4 58.6 61.9 65.7 70.2 73.1 76.2 77.3 75.7 74.5 71 67.9 61.5 54.4 44.6 38.4 30.1 18.7 11.7 10.2 9.6 9.1 8.5 8.3 7 7.7 8.2 8.1 7.6 7.6 8 7.2 8.2 9.3 10.4 10.6 11.4 12.1 13.2 13.4 13.6 13.6 12.8 12.2 10.5 8.8 6.1 5.6 5.6 5.5 5.4 5.3 5.2 4.8 5.1 5.1 5.1 5 4.4 4.8 -2.1 -2.1 -2.1 5 5.1 4.6 5.1 3.1 0.1 -2.1 -2.1 -2.1 -2.1 4.7 4.5 4.9 4.7 4.7 4.7 5.3 6.1 7.3
105.8 97.1 85.3 75.2 65.1 53.9 51.8 54.5 56.2 57.3 59.8 60.4 59.1 58.5 58.1 57 55.2 51.7 43.5 34.8 27.3 17.3 10.8 9.4 8.9 8.3 7.5 7.8 7.8 8.9 9.1 8.2 7.8 7.5 7.6 5.6 8.2 8.4 8.7 9.6 10.4 11.2 12.3 13 13.1 13.1 13.1 12 11.2 10.2 7.2 5.9 5.6 5.5 5.4 5.4 5.3 5.3 5.1 5 5 4.9 5 -2.1 -2.1 -2.1 -2.1 4.8 5.3 5 4.7 4.7 2.5 0.3 -2.1 -2.1 -2.1 -2.1 4.6 4.7 4.7 4.7 4.7 4.7 -2.1 5.6
105.4 97.5 89.1 79.4 68.9 58.4 50.1 42.7 41.9 44.5 45.9 45.8 46.9 45.2 44.8 45 45.2 42.6 37 29.6 21.4 14.3 10.4 9.1 8.7 8 7.5 8.1 8 8.5 9 8.3 8.2 7.4 7.8 7.8 7.3 7.6 7.9 9.9 10.3 10.4 11.6 12.3 12.7 12.7 12.7 12.4 11.4 11.5 9 5.8 5.6 5.5 5.3 4.9 4.8 4.8 5.2 5 4.9 4.9 4.7 -2.1 -2.1 -2.1 -2.1 -2.1 -2.1 5.3 5.3 4.8 4.7 3 1.6 -2.1 -2.1 -2.1 -2.1 -2.1 4.7 4.5 4.6 4.7 -2.1 4.6
108.1 99.5 90.8 82.8 73.9 62.3 54.8 46.4 39.8 33.9 34.8 36.2 36.7 34.5 33.4 33.7 33.5 31.3 27.9 23 18.5 12.1 11 9.7 9 8.5 8.2 8.1 7.9 7 8.9 9.2 9 7.8 7.5 7.9 7.2 7.3 8.2 10 10.4 10.8 11.6 12.2 12.1 12.3 12.4 12 11.8 11.9 10.4 7 6.5 5.6 5.3 5.4 5.3 5.3 5.5 5.4 5.3 5.5 5.6 -2.1 -2.1 -2.1 -2.1 -2.1 -2.1 5.1 4.9 4.9 4.7 5.3 4.7 2.4 -2.1 -2.1 -2.1 -2.1 -2.1 4.6 4.7 4.7 4.6 -2.1
110 101.8 94.4 89.7 82.2 67.4 56.3 49.1 43.4 39.8 32.9 29.1 30.1 29.4 26.7 25.1 23.7 21.4 19.1 16.1 13.9 12.4 11.1 10.2 9 8.5 8.1 7.9 7.8 7.7 9.3 9.1 8.8 8.3 8.6 4.7 6 8.2 9.4 10.6 11.3 11.8 12.1 12.2 12.1 12 12.1 11.9 11.7 11.9 11.4 9.4 6.7 5.8 5.7 5.8 5.8 5.8 5.9 5.8 6 6.2 6.1 5.4 -2.1 -2.1 -2.1 -2.1 4.9 5.1 5.2 5.3 4.6 5.1 5.3 4.7 -2.1 -2.1 -2.1 -2.1 -2.1 -2.1 4.7 4.7 4.7 -2.1
110.4 104.2 99 91.4 82.6 71.4 59.9 49.7 44.8 40.7 37 30.3 25 20.8 18.4 18.1 17.2 15.1 15.5 14.6 13.9 11.9 10.8 10.1 9.3 8.6 8.1 7.8 7.5 8.2 8.7 9.1 8.7 8.4 6.3 5.2 6.1 7.8 9.6 11 11.2 11.4 11.7 11.9 11.8 11.6 11.5 11.5 11.5 11.7 11.3 10 8.6 6 5.8 6 6.1 6.2 6.3 6.5 6.7 6.9 -2.1 -2.1 4.8 5.4 5.8 5.7 5.5 4.9 6.2 5.5 5 4.9 4.9 4.9 4.7 -2.1 -2.1 -2.1 -2.1 -2.1 -2.1 4.7 4.7 4.9
114.6 106.8 98.9 90.8 82.4 74.3 63.8 53.5 48.9 44.6 38.7 34.3 29.5 25.7 22.7 20.2 19.5 18.2 17.3 16.2 13.9 12.1 8.5 10.5 9.8 8.9 8.2 7.7 8.1 8.4 8.8 9 8.3 7.6 6.7 6 5.7 6.7 8.7 9.2 9.9 10.3 10.7 11.6 11.6 11.1 11 10.6 10.7 10.7 11.2 9.9 8.9 6.4 5.8 5.3 5.5 5.6 5.3 6.3 6.6 -2.1 -2.1 4.9 4.7 5 5.3 5.7 5.9 6.1 6 6 6.1 6.4 6.4 6.3 6.6 3.8 -2.1 -2.1 -2.1 -2.1 -2.1 -2.1 4.8 4.8
113.8 103.1 96.8 88.7 81.2 73.4 64.5 54.9 48.6 45 42.5 37.5 33.4 27.5 23.9 23.7 21.7 20.3 18.8 17.7 15.8 13.3 11.2 10.4 9.7 9.1 8.4 8.2 8.3 8.6 8.9 8.7 7.9 8.1 7.7 7.1 6.4 5.6 6.5 7 7.3 8.7 10.1 11.6 11.5 10 8.7 8.8 9.5 9.8 10.6 10 9 6.7 6.2 5.6 5.1 -2.1 -2.1 5.4 5.4 -2.1 5.2 5.1 5.4 4.9 5.1 5.4 5 5.2 5.5 5.1 4.9 4.6 5.6 5.7 4.7 5.1 4.7 -2.1 -2.1 -2.1 -2.1 -2.1 4.7 4.7
114 105.2 96.2 88.7 80.7 72.7 64 56.7 50 44.9 41.5 40.9 38.2 36.3 34.2 31.4 24.1 20.7 19.8 19.6 18.2 15.5 13.4 10.7 10 8.9 6.5 8.6 8.5 8.7 8.6 8.4 8.2 8.8 8.8 8.2 7.6 6.6 5.5 8.3 5.8 7.5 8.7 9.9 10.3 9.5 8.3 7.8 7.8 8.2 9.2 9.5 8 6.3 6.1 5.5 5 -2.1 -2.1 4.8 5.1 -2.1 -2.1 5.5 5.6 5.5 5.4 4.7 5.3 5.5 5.4 5.2 4.8 4.6 5.9 5.9 5.4 5.8 6.6 3.6 4.1 -2.1 -2.1 -2.1 -2.1 4.7
104.1 97.9 91.5 85.5 79.1 72.1 64 57.7 53.3 48.3 43.6 42.7 41.5 40.9 41 41 38.4 29.6 23.6 21.5 20.2 17.9 15.5 12.1 10.5 9.9 9.4 8.5 8.5 8.4 8.3 8.8 9 9.4 9.8 9.4 8.9 7.4 7.6 9.5 6.9 8.4 8.2 8 8.6 8 7.9 7.8 7.8 7.8 9 9.1 8.7 6.8 5.9 5.4 5.2 5.1 -2.1 -2.1 -2.1 -2.1 -2.1 5.8 5 5.6 5.1 5.1 5.3 5 5.6 5.6 4.5 5.4 4.6 6.4 5.5 5.5 4.3 4.5 4.8 -2.1 -2.1 -2.1 -2.1 -2.1
93.3 86 81.2 79.3 73.2 69.6 64.6 59.4 56.1 52.2 47.8 47.4 48.9 48.2 48.3 48 46.5 44.5 38.8 32.2 27.9 25 20 14.3 11.6 11.2 9.6 8.5 8.3 8.2 9.2 9.9 10.4 10.3 10.6 10.2 9.6 7.4 8.3 6.2 8.2 6.8 6.3 7.5 7.9 8 8.3 7.2 9.1 7.9 7.8 8.5 8.9 7.7 5.9 5.5 5.6 4.9 5.7 5.9 5.6 -2.1 -2.1 5.4 5.6 5.2 5.3 5.2 4.8 6.1 5.6 5.1 4.9 5 4.8 5.8 6.2 6.2 6.2 5.7 5.9 4.3 -2.1 -2.1 -2.1 -2.1
90.9 87.1 80.1 75.7 73.7 70.6 66.2 62.6 58.5 55.2 55.5 54.5 55.5 55.6 54.9 53.5 51.7 51.1 48.1 46.7 42.6 38.1 32.4 24.7 14.4 10.5 9.7 9.5 9.3 9.5 10.8 9.7 9.9 10 10.6 10 8.7 7.7 8.4 5.9 7.3 5 7.7 6.2 8.9 6 7.5 7.8 6.8 7.9 8.6 8.9 8.3 6.9 6 5.3 5.4 5.4 5.4 4.9 5.5 5.8 5.1 5.2 5.3 5.1 5.3 5.4 5 5.2 5.5 4.9 5.1 4.9 5.3 5.7 5.9 5.9 5.8 5.9 5.9 4.7 -2.1 -2.1 -2.1 -2.1
87.9 84.3 80.6 78.5 74.8 72.7 70.7 68.5 65.8 61.3 62 59.9 64.5 62.7 61.5 58.2 59.6 57 56.9 55.5 53.6 51 46.7 41.8 23.9 13.1 11.6 10.5 9.2 9.3 10.3 10.1 10 10.1 10.1 9.9 8.7 7.9 8.2 7 8.4 8 7.6 7.1 9.7 7.4 6.3 9.2 8.5 6.2 8.5 6.7 4.6 4.3 6.2 6.2 5.3 5.1 5.4 5.5 5.7 5.1 6.2 5.4 5.3 5.1 5.2 4.9 4.9 4.9 5.8 5.4 5.2 5.2 4.8 4.7 4.7 4.8 5 5.4 5.3 5 4.9 -2.1 -2.1 -2.1
92 88.1 85.9 84.1 81.3 78.5 76.6 75.7 72.6 69.3 69.3 66.3 67.6 66.9 66.4 66.8 64.8 65.2 64.9 62.5 61.1 59.9 55.8 53 34.7 17.4 11.3 9.9 10.8 10.3 10.4 10.2 9.2 10 10.5 10.4 9.2 7.7 7 8.3 8.4 8.4 8 7.4 8.5 6.2 8.8 9.2 9.5 9 5.5 5.3 8.7 8.4 8 8.2 7.6 5.4 5.2 5.5 5.5 5.6 5.5 5.3 5.3 5.1 5 5 5 4.9 5.3 4.7 6.2 4.6 4.5 5 4.9 4.6 4.8 4.9 5 4.7 4.9 -2.1 -2.1 -2.1
95.1 94.5 93 92.2 89.5 86.9 85.5 83.5 80.5 79 78.4 76.1 72 69 68.9 69.9 71.1 71.4 71.6 69.7 66.1 63.2 58.8 53.2 46.1 30.5 15 10.3 9.6 8.9 8.6 8.2 8.2 8.4 9.2 9.4 8.7 7.2 7.3 8.4 8.7 8.8 8.5 7.6 8.9 7.2 9.7 9.6 9.9 9.8 8.3 7.7 8.7 9 8.9 8.8 8.5 5.9 5.4 5.5 5.2 5.2 5.4 5.2 5.2 5.2 5 4.9 4.9 5 5.1 4.9 5.1 5.2 4.7 4.8 5 4.9 4.9 4.8 4.8 4.8 4.7 -2.1 -2.1 -2.1
98.6 99.4 100.4 99.8 98.2 95.9 94.7 93.5 89.3 86.8 87.2 84.8 81.9 77.3 73.2 74.8 75.9 75.5 76.4 75.6 72.5 69.3 65.6 56.8 48.1 39 24.1 10.9 9.2 9.6 9.3 8.3 8.2 8.3 8.3 7.7 7.7 7.9 7.4 7.6 8.4 9.3 9.1 10.3 10.4 10.1 9.7 9.7 9.8 10.3 9.8 7.9 8.5 8.7 8.9 9.1 9 8.5 6.1 5.7 5 5.5 5.3 5.3 4.9 5.1 5 4.9 4.9 5.1 5.2 5.1 5 4.7 4.6 4.6 5.1 5.1 5.1 5 5.2 4.6 4.8 5 -2.1 -2.1
104.4 104.4 105.2 107.1 106.6 106.7 105.3 104.2 99.3 95.9 96 94.8 92.1 87.8 82.7 80.3 78.6 79.8 78.5 76.3 74 71.7 69.8 62.1 52.7 44.1 34.5 18.6 9.7 10.5 10.2 8.5 8.5 7.9 7.4 7.5 7.6 7.8 7.8 7.8 7.9 8.7 9.1 9.7 9.8 10 9.8 9.8 9.5 9.8 9.3 7.3 9.2 9.1 8.8 8.7 8.8 8.9 9.2 7.3 7.3 5.7 5.1 5.2 4.8 5 4.9 4.9 5.2 4.9 5 5 4.9 4.8 4.4 5.4 5.1 4.9 5.1 4.9 4.9 4.9 5.1 5.3 -2.1 -2.1
111.4 111.6 111.8 112.5 114.7 115.8 114 112.9 106.9 104.7 105.2 106 98.9 95.2 89.7 88.5 87.5 82.8 78.4 76.1 73.2 70.3 70.4 66.3 59.3 51 37.7 26.3 11.9 9.9 9.7 8.7 8.2 8.3 7.4 7.5 8.1 8.8 9 8.6 8.3 8.8 9.2 9.6 10 10.2 9.9 9.7 10.6 10 9.3 8 8.7 9.3 8.6 9 8.7 8.8 8.6 8.5 8.1 7.4 5.1 5.2 5.3 5.2 4.7 5 5.2 4.8 4.9 5.1 4.9 4.9 5.3 5.4 4.8 4.6 4.9 4.8 5.3 5 5.3 4.3 5.1 -2.1
116.1 116.4 116.8 117.8 119.6 120.8 120.8 119.9 117.2 114.5 118.5 115.8 109.7 103.6 94.9 92.2 87.9 83.2 78.7 74.6 72.3 68.3 66.4 65.3 61.2 54.1 44.9 31.8 16.1 11 10.7 9.9 9 8.8 8.2 8.7 8.9 9.9 10.5 10 9.4 10.3 10.5 10.8 10.3 10.3 10.3 10.2 11.3 10.2 9.7 8.6 9 8.8 8.6 8.9 8.7 9 8.5 8.5 8.5 9 7.9 5.6 5.1 5.2 5.9 4.9 5.7 5 5 5 5 5.1 4.9 5.4 5.1 5.8 4.5 4.6 5.1 4.4 5.2 5 5 4.9
119.8 120.1 122.4 122.7 124.2 124.8 125.7 127.1 125.9 120.7 120.8 118.9 110.7 103.5 97 92.3 87 80.7 77.5 75.2 74.5 71.5 64.8 59.7 59 56.6 48.4 36.9 26.6 13.9 13.3 11.7 9.8 9 8.2 9 9.4 10.2 10.8 10.4 10 10.6 11.3 11.5 10.8 11.3 10.9 11.4 11.1 10.6 10.4 10.1 9.8 9.6 8.5 9.3 9 9 8.7 8.8 8.8 9 8.7 8.6 7.9 6.3 6.9 6.5 6 5.4 5.2 5.1 5.2 5.4 5.4 5.2 5.9 5.9 5.6 5.1 5 4.9 5.2 4.9 5.1 4.7
