WholeMapElevations/data/nd/nd12_OST50GRID_20230518/ND12.asc
ncols 200
nrows 200
xllcorner 310000
yllcorner 920000
cellsize 50
[rows 74 to 110 of 200, columns 0 to 82 of 200]
236.7 230.2 223.4 215.6 211 206.4 202.3 199.1 198.2 198.6 198.8 195.8 192.2 187.6 180.1 171.6 163.8 156.9 148.2 140.6 136.1 134.9 129.2 123.7 98.9 65.5 65.8 67.8 71.4 96.3 115.4 136.2 156.9 172.1 188.1 197.8 204.5 212.9 221.2 227.7 233.2 223.9 217 213.2 209.9 204 200.7 198.1 197.2 191.6 186.9 181.8 178.7 176.2 172.3 169.9 168.7 167.3 163.3 158.4 153.6 149.3 145.4 140.8 137 132.4 130.9 129.6 127.8 126.3 125.6 122.3 123.8 126 128 131.3 132.4 132.7 130.9 127.4 124.4 121 114.7
229.1 222.2 215.1 207.3 204.2 200.8 196.2 194 193.3 194.5 193.1 192 189.4 184.1 178.7 168.2 163.5 158.8 149.2 138.2 137.1 134.8 134.4 115.3 90.3 63.4 65.5 67.1 73.5 102.5 119.8 143.7 161.8 173.5 184.4 197.2 206 212 217.3 223.2 224.1 222.8 220.6 215.7 211.1 206.1 203.2 200.7 198 192.8 189.7 184.4 178.2 174.7 171 168.4 168.9 166.1 163 159 151.9 147.7 144.3 140.4 136.3 132.2 129.2 128.3 126.9 124.2 123.7 119.3 122.3 124.4 126.4 128.8 131.9 133.5 130.8 126.7 122.7 119.6 114.8
220.3 213.4 205.5 200.2 197.9 196 191.7 189.1 188.2 190.1 188.9 188.5 186.4 183.1 175.8 167.1 164.9 156 147.1 138.1 136.3 134 129.5 117.5 89.6 65.7 63.9 65.1 83.3 106.3 131.4 151.1 163 175.1 186.4 201 208.1 212.1 216.6 222.9 224.9 223.5 221.2 218.7 215 209.1 204.2 200.4 198.7 194.7 190.4 185.8 178.2 173.4 169.7 167.1 166 166 163 159.3 151.8 147.6 142.4 138.6 134.3 131.4 128.6 126.4 125.2 122.6 121.6 120.8 121.3 123.3 125.3 127.9 131.1 131.7 129.7 125.7 121.7 118 112.7
214.2 208.8 203.4 197.3 193.8 191.5 187.4 182.6 182.1 183.2 184.6 184.3 184.3 180 170.9 160.9 153.8 148.2 141.5 137.2 135.8 130.7 124.9 113.9 98.1 64.8 64.1 64.2 85.1 117.2 139.7 156.8 167 177.9 187.2 201 210 215.9 221.3 227.8 230.4 227.2 223.1 219.4 215.3 208.5 205.7 201.1 200 197.5 191.2 185.6 179.4 173.5 168.6 166.8 164.2 161.9 160 156 150.7 145.5 140.8 136.6 132.5 130.4 128.6 125.2 123 121.2 119.9 117.2 120.3 122.2 124.1 127 130.4 130.5 128.5 124.5 120.6 116.7 110.7
210.2 205.9 203.4 198 191.1 187.8 185 177.2 175.3 178 180.1 180.7 177.2 168.7 159.2 152.8 147.2 140.9 136.8 134.9 132.6 129 127.9 109 96.2 64.1 63 64.9 90.9 109.3 137 161.1 171.1 178.8 189.5 201.4 209.6 217.5 226.6 231.8 233.3 232 227.6 222.5 216.6 209.1 205.8 203.3 197 197.9 192.4 186.1 178.9 173.7 168.6 167.7 164.2 158.1 155.2 152 147.7 143.3 138.8 135.1 132.2 128.6 127.6 125.5 122.6 120.2 119.3 116.7 119 121.2 123.1 125.4 129.2 129.2 127.3 123.7 120.2 115.7 109.8
206.3 203.1 200.6 196 190.1 184.8 176.8 171 168.5 170.3 169.5 168.4 166.9 159.3 155.6 151.2 145.1 139 134.8 130.7 125.7 124.8 123.9 116.5 99.2 61.5 62.3 65.8 92.1 112.3 140.8 164 172.4 180.7 191 201.3 212.1 222.5 230.3 234.8 235.4 234 230.1 224.8 220.2 212.3 208 204.4 201.2 193.6 190 181.7 176.3 172.4 168.3 167.6 163.8 157.6 154.8 150.3 146.3 141.4 136.8 133.9 131.5 128.7 126 124.8 122.8 119.1 117.2 115.6 116.8 120.5 122.3 124.6 127.9 128 127 124.2 120.1 114.5 102.3
200.7 199.4 197.8 194.2 190.2 180.1 172.5 167.1 161.2 159.4 158.7 158 156.9 154.2 152.9 151.1 144.1 139.2 135.1 130.5 124.5 117.5 110.9 110.4 98.6 63.4 61.9 65.8 94.3 111.7 140 161.4 172 181.7 191.8 202 213.6 224.8 232.7 236.6 237.5 236 233.2 227.9 222.5 216 210.8 205.3 203.6 201.3 190.6 184.8 177.4 173.6 168.9 166.4 162.8 159.2 157.1 153.8 148.7 141.4 136.2 133.2 129.5 126.3 123.9 122.7 120.8 118.7 116.2 114.2 115.2 119.4 122.1 124.6 126.6 125.9 124.3 121.1 117 112.3 104.9
198.3 197.1 196.2 194.1 190.8 184.3 170.5 166.2 161.4 148.6 152.5 148.5 148.9 151.6 150.3 145.3 137.5 136.4 133.6 128 121.1 114.9 108.3 101.8 94.1 62.7 61.4 61.3 97 117 136.9 160.4 171.8 180.2 191.7 202.9 216.3 229.7 234.9 237.5 240.9 238.7 235.9 230.8 225.1 218.1 211 206.3 201.8 197.6 191 186 178.3 172.4 167.9 164.5 162 161.5 159.4 153.1 150.4 144.6 136.8 131.8 127.3 126.3 123.7 120.7 118.8 117.5 114.6 112.3 114.7 118.1 121 123.3 125.3 123.6 120.8 118.3 113.7 74.9 -1.2
195.3 194.7 193.9 192.3 189.5 183.1 172.3 164.8 160.7 153.9 144 140.6 142.6 143.5 141.8 139.2 134.2 131.5 129.1 121 116.3 110.1 103.1 95.5 80.2 61.8 61.5 60.5 97.8 121.8 140.5 156.2 171.4 180.6 191.7 205.1 221.4 233.9 236.5 239.4 243.7 242.6 238.1 234.1 228.1 221.6 214.4 205.6 201.5 195.6 189.5 187.3 183.4 173.8 168.9 165.8 163.1 158.3 157.2 153.6 149.3 144.5 139 133 127.3 124.8 122.9 119.5 117.6 116 111.5 109.6 113.3 116.7 119.9 122 123.4 122.2 119.4 115 109.7 102.6 -1.2
191.4 191.2 189.7 188.2 183.1 176.7 170.1 165.3 160.6 154.6 148 138.3 129.6 131.9 132 128.7 127.2 124.8 122.7 115.9 111.8 104.7 97.5 80.5 71.1 61 60.8 72.8 101.9 126.1 145.2 158.6 169.7 181.5 195.8 210.3 225.8 236.2 238.4 242.9 249.3 247 243.5 239.8 229.5 223.6 215.2 205.2 202 196.1 191.9 187.2 183.5 176.8 170.6 166.3 161.3 156.6 155.6 153.6 149 144.2 139.4 135.2 128.6 123.5 121.8 119.2 116.7 114.5 111.3 106.8 111.5 115 118.4 119.8 120.8 120.6 117 111.6 106.8 101.3 -1.2
187.2 186.8 186.6 184.6 182.2 179 175.6 172.6 163.2 155.4 147.8 140 132.1 116.6 119.2 117 115 115.3 116.3 112.3 107.5 101.6 84.3 65.3 61.4 60.4 60.8 93 110.8 132.7 148.6 159.2 172.3 183.2 198 212.7 227.9 235.4 239.1 247.4 255.7 252.8 246.9 240.2 235.4 228.7 218.4 208.4 203.5 199 193.3 188.9 184.3 178.7 173.4 166.5 159 156.9 154.9 153.8 149.9 144.9 140.8 135.4 129.6 124.1 119.7 118.1 115.6 113.3 110.8 104.6 109.4 112.8 116.3 118.4 119.4 118.1 113.6 108.3 103.4 88.7 -1.2
184 184.6 185.2 183.5 182.8 181.6 176.2 168 162.2 156.2 147.9 139.8 130.5 125.5 118.1 106.1 107.4 109.5 109.9 107.7 104 96.5 65.4 60.5 58.5 67.6 92.1 111 125.3 141.6 152.1 162.1 174.3 185.9 201.4 215.2 226.5 235.6 240.9 249.7 258.6 257.6 251.1 243.3 234.4 227.8 220.9 209.2 203.7 200.6 195.8 192.1 183.3 178.4 173.3 165.5 159.5 157.8 155.2 152.6 151.3 145.1 141.1 136.9 130.8 124.8 119.2 116.1 114.4 111.7 108.8 106.5 105.2 110 113.4 116.2 116.8 114.5 110.2 105.7 99.6 -1.2 -1.2
183.1 183.3 183.8 182.8 182 180.8 175.7 166.4 159.2 152.9 144.3 136.2 127.6 122.4 115.1 110.6 103.7 101.4 105.8 103 100 93.1 60.7 58.1 62.9 84.8 101.5 119.6 132.4 141.9 152.7 163.6 175.2 188.6 202.9 216.7 226.2 235 242.1 252.1 259.4 260 253.8 245.2 236.6 226.9 221.3 213 204.5 198.7 196.9 193.2 186.1 178.7 172 166.3 160.1 158.2 156.1 152.8 149.1 145.7 140.9 137.6 131.5 126.1 120.8 115.1 113.5 110.6 107.8 104.8 100 107.3 110.8 114.2 113.5 110.9 107.3 2.5 4.9 64.4 -1.2
181.3 182.7 182.6 181.1 179.6 178.2 173.1 166 157.6 151.6 146.2 135.8 126 118.9 113.4 111.8 110.6 99.4 90.8 96.6 99.1 90.1 56.5 59.7 67.7 90.1 106.3 124 136.3 147.4 158.4 167.8 177.7 189.8 202.3 216.3 226.6 233.3 241.7 252 263 262.4 257.4 249.8 240.7 230.1 220.7 215.9 208.8 202.1 195.5 193.4 185.9 180.3 175.7 168.7 160.4 156.6 155.2 153.3 150.4 146.2 141.7 137.5 131.7 127.7 122.7 116.2 112.6 109.6 106.7 103.3 97.5 103.3 106.5 108.6 108.9 107.7 62.8 1.3 -1.2 -1.2 -1.2
180.9 181.3 181 179.7 178.1 175.5 171.2 164.4 157.1 151.9 145.5 136.9 126.4 117.2 114.3 113 109 99.3 84.1 84.3 92.1 80.8 58.1 59.4 68.4 89.6 111.5 126.9 139.7 151.6 160.6 168.6 180 190.2 202.5 215.4 225.2 232.6 241.3 250.9 265.1 266 261.1 253.6 244.6 235.1 226 221 212.9 204.6 198.9 194.1 186.6 181.4 178.1 171.7 160.7 156.9 154.2 151.7 148.5 145 140.9 136.7 131.6 127.7 123.7 118.2 112.2 108.9 106.4 102.1 96.3 97.4 101.7 103.5 104 102.1 71.4 -1.2 -1.2 -1.2 -1.2
177.2 180.1 177.9 177.7 175.5 172.7 169.9 165.4 160.2 154.2 146.8 138.5 127.2 117.5 114 113.1 107.2 89.4 60.9 62.1 68.3 63.9 57 59.1 73.5 92.1 110.9 129.5 142.5 152.8 160.6 170.6 179.5 190.6 201 214.9 223.7 231 238.8 250.6 266.8 269.7 264.1 256.3 248.3 239.2 229.2 224.4 217.2 210 200.4 191 188.7 184.8 182.2 173.6 162.2 156.6 153.8 155.6 152.8 145 140.9 138.7 134.3 127.2 122.7 118.8 112.1 107.5 103.8 100.1 94.3 87.4 95.9 98.4 98.7 97.3 -1.2 -1.2 -1.2 -1.2 -1.2
172.8 174.6 175 173.9 173.5 171.5 170 168.3 162.6 155.5 146.5 136 126.3 119.2 113.7 111 101.6 64.3 54 55.2 55.6 57.7 56.2 61.2 82.9 100.6 114.1 131.4 141.6 151.7 161 170.9 180.8 189.7 201.7 212.7 222.4 229.6 238.1 249.1 268.8 272 267 258.9 250.5 241 233.2 225 219.9 212.9 202 198.1 195.7 186.5 184.5 179.7 167.9 160.6 153.3 153.7 148.3 144.1 141.6 138.2 133.3 126.8 123.4 118.8 113.5 106.8 102.7 99 94.6 89.1 88.7 92.7 93.5 92.1 -1.2 -1.2 -1.2 -1.2 -1.2
167.5 171.4 171.9 171.4 172.1 172.1 170.4 168.8 163.6 156.6 146.5 135.2 126.2 119.5 113.9 106.3 83.9 52.5 56.7 60.7 63.6 68.7 68 83.3 99.2 113.5 126.1 134.3 141.9 153.7 163.5 171.9 179.7 189.2 199.6 210.3 220.6 227.9 237.1 248.7 268.3 272.6 269.6 261.4 252.4 245.3 235.1 227 220.6 211.4 206.6 198.3 195.8 193.1 189.3 179.1 173 166.4 155.3 150.7 147 144.9 141.7 137.4 133.5 127.1 122.9 118.2 113.3 108 102.4 97.8 93.1 89.1 80.7 86.8 88.7 84.7 -1.2 -1.2 -1.2 -1.2 -1.2
160 165.7 168 169.9 171.1 172.6 170.9 169.3 164.6 156.2 146.1 134.8 126.4 119.7 114 101.4 77.9 52.7 60.1 62.9 73.5 90.8 96.7 108.1 115.6 122.4 128.8 136 142.1 153.4 163.6 171.8 179.2 189.6 198.8 208.5 218.1 226.5 236.6 251.4 266.4 271.3 269.2 263.3 255.7 248.6 237.3 226.6 220.6 215.8 212.9 206.7 202.3 196.5 193 181.1 177.5 166.1 161.6 153.4 148.3 147.3 143 136.7 131.6 127.1 122.6 117.6 113.1 108.2 102.9 97.4 92 79.6 20.5 71 -1.2 -1.2 -1.2 -1.2 -1.2 -1.2 -1.2
145.5 158.7 163.3 167.1 169.8 174.2 172.1 172.4 164.8 153.9 144.2 134.7 127.4 120.8 111.6 99.3 75.5 53 57.5 60 80.7 96.9 108.3 115.1 118.8 124.7 129.9 137.1 143.1 151.9 162.8 170 180.3 188.6 198.1 206.4 215.5 225 234.6 249.3 263 268.7 267.7 263.8 257.2 249.8 240 229.1 228.1 221.7 217.6 210.2 206.3 201.5 192.1 184.7 175.8 168.4 161.4 152 150.8 147.5 145.1 139.6 132.3 127.8 123.4 118.7 113.4 108.5 102.6 97.6 82.4 56.6 1.7 -1.2 -1.2 -1.2 -1.2 -1.2 -1.2 -1.2 -1.2
129.7 145.8 158.1 165.7 169.6 170.7 171.3 168.1 160.9 155 144.3 136.7 127.7 119.8 110.2 96.9 71.8 52.8 55.2 58.3 83.4 101.2 108.3 116.4 119.6 125 130.1 135.4 143.3 151.3 160.6 169.7 180.1 188.7 196.7 203.9 214.2 223.6 233.5 246.6 259.1 264.8 265.4 263.4 257.8 250.7 241.4 236.7 231.8 227.7 220.6 214.8 208.3 200.9 192.8 184.9 176 171.6 165.5 154.9 149.1 145.5 143.1 139 134.7 128.3 124 119.1 114.2 108.8 103 96.5 70.9 28.5 1.3 -1.2 -1.2 -1.2 -1.2 -1.2 -1.2 -1.2 -1.2
112.2 138.3 153.3 163.9 169.3 167.5 166.6 163.7 159.5 157.2 145.2 136.5 127.6 118.5 106.9 93.8 72.5 51.3 55.9 58.3 80 94 104.2 111.2 120.2 125.8 129.9 135.2 142 149 157.8 168.9 178.3 186.3 193 201.8 211.3 221.7 232.1 241.6 255.2 261.5 263.3 261.5 257.2 251.2 243.6 242.5 240.6 237.9 221.4 216.9 207.2 204.2 195.3 188.4 177.8 171.3 165.8 153.7 148.1 145.3 142.4 139 135.3 128.8 124 119 113.9 108.6 102.7 81.8 56.3 7.9 1.1 -1.2 -1.2 -1.2 -1.2 -1.2 -1.2 -1.2 -1.2
101 130.6 148 162.9 169.5 167.5 162.8 159.2 156.7 151.9 144 134.6 125.9 115.9 103.4 89.3 77.1 52 56.4 59.4 67.6 76.3 85.1 105.1 117.5 125.2 129.8 135.7 142.1 148.6 157 164.6 175.6 183.7 189.8 200.3 208.6 216.8 227.1 237.9 251.8 258.5 260.6 258.7 255.5 248.3 245.8 246.3 245.9 244.9 237.5 223.6 212.2 201.8 196.5 188.8 180 171.6 165.4 157.2 147.6 145.6 142.1 138.1 133.4 129.2 123.6 118.6 113.5 108.3 102.4 95 56.6 3.2 0.7 -1.2 -1.2 -1.2 -1.2 -1.2 -1.2 -1.2 -1.2
74.2 119.1 143.5 153.2 159 159.9 157.4 152.2 151.7 146.5 139.1 130.7 123.9 113.3 101.4 87.5 75.3 55.9 56.5 59.6 62.7 79.7 92 93.8 102.5 119.6 128.5 135.1 142.5 150.2 156.1 162.3 172.7 180 187.8 197.4 205.8 213.2 221.5 233.2 246.5 253.9 256 255 250 245.7 245.9 248.1 248.6 246.6 240.6 231.2 218.8 206.7 194.6 187.6 180.2 172.8 166.6 159.4 149.1 146.4 142.7 138.7 134.8 130 123.8 118.2 113 107.9 102 92.6 61.2 6.8 0.7 -1.2 -1.2 -1.2 -1.2 -1.2 -1.2 -1.2 -1.2
75.4 111.8 139.6 147.6 150.6 151.6 149.8 144.6 143.9 141.2 134.4 126.9 121.1 112.5 100.7 86.8 73.4 60.8 54.4 57.2 59.8 92.3 107.5 111.2 116.8 119.6 127.4 135.2 142 150.7 156.7 162.5 171.1 178.8 187.6 194.5 202.7 209.4 215.6 225.6 238.1 246.4 249.7 247.6 244.6 245.2 247 248.6 251.1 248.1 242.2 234.7 227.4 216.5 196.2 187 178.8 170.2 166.1 161.7 154.1 147.4 142.6 137.3 134.6 130.9 125.1 118.4 112.9 107.7 103.2 96.6 63.3 7.6 -1.2 -1.2 -1.2 -1.2 -1.2 -1.2 -1.2 -1.2 -1.2
73.9 109.6 133.4 141.9 144.7 145.7 142 137.1 134.2 132.5 131.5 126 121.2 111 96.1 80.3 62.2 59.9 46.2 55.3 63.9 101 119 128.5 129.1 131.6 129.6 138.7 143.9 152.1 158.5 164 169.9 178.9 185.9 193.5 198.9 205.3 211.7 219.2 229.5 236.8 239.2 241.8 243.2 245 246.5 248 249.3 248.2 242.9 236 227.7 219.3 201.5 189.3 180.7 173.6 165.2 161.6 155.7 148.6 142.6 137.7 134.1 130.3 125.6 119.4 112.9 108.2 103.6 97.4 63.1 4.8 -1.2 -1.2 -1.2 -1.2 -1.2 -1.2 -1.2 -1.2 -1.2
69.3 97 121.9 132 136.9 137.1 134.2 130 125.8 123.8 122.4 122.7 118 107.9 92.8 60.7 58.9 55.7 48.7 50.6 81.1 114.2 126.6 133.6 135 137.6 139.7 141.7 148.8 154.2 159.3 164.1 171.7 178.2 185.7 190.9 196.1 202.4 209.3 217 224.4 231.6 236.5 240.2 243.6 246.6 249.3 251.3 252.4 251.1 244.8 235.8 228 219.2 204.4 195.4 184.5 175.9 167.7 163 155.8 150.8 145.8 141.9 134.6 130.2 125.1 119.3 113.1 107.5 101.7 94 4.3 -1.2 -1.2 -1.2 -1.2 -1.2 -1.2 -1.2 -1.2 -1.2 -1.2
77.6 80 109.6 120 127.6 128.7 128.6 124.3 118.6 114.8 114.6 114.4 112.9 103.7 88.7 55.3 48.8 48.4 44.1 66.6 102.5 123.8 134.3 137.2 139.2 143.8 146 149.8 150.6 156 161.1 166.2 171.2 176.6 183.4 189.9 195.3 201.6 208 214.6 223.8 229.9 235.1 239.2 244.6 248.3 252.5 256 255.7 250.8 244.6 236.4 228.3 218.3 205.4 198.4 190.2 180.1 169.9 164.6 158.9 151.3 148.2 143 136.9 130.8 125.9 120.3 113.6 107.1 101.6 78.7 3.7 -1.2 -1.2 -1.2 -1.2 -1.2 -1.2 -1.2 -1.2 -1.2 -1.2
81.1 65.8 93.8 114.2 118.1 119 120.2 120.1 113.8 107.5 104.4 104.7 102.6 95.7 78.4 47.1 47.3 45.2 69.3 92.2 118.5 133.7 139.9 142.6 142.7 146.5 151.5 156.3 157.5 161.8 164.6 169.2 172.9 180.7 186.6 188.6 194.2 199.2 207.1 211.9 221 226.9 233.6 239.2 244.3 250.1 255.4 259.2 256 250.2 244.4 237.2 228.3 216.2 203.9 198.6 191.2 184.2 171.6 164.9 161.8 152.4 148.7 142.5 138.1 132.3 126.4 120.9 114.1 106.5 101.5 69.2 1.3 -1.2 -1.2 -1.2 -1.2 -1.2 -1.2 -1.2 -1.2 -1.2 -1.2
79.1 62.7 76.7 97.8 106.2 111.2 114.6 114.4 113.2 106.9 95.8 93.5 91.4 87.2 69.1 45.8 46.7 54.8 78.1 104.9 125.9 136.7 142.6 145.1 146.1 151.3 157.9 162.1 163.1 167.3 168.6 170.4 174.3 180.4 185.5 187.5 193.1 198.3 203.2 209.5 217.4 223.8 229.9 237.8 245 251 256.8 259.9 254.8 247.9 242.9 236.6 226.6 212.1 205.8 199.1 190 182.8 174.2 166.8 160.4 153.8 148.8 143.2 137.3 131.3 125.4 120 112.7 106.4 80.9 4.4 -1.2 -1.2 -1.2 -1.2 -1.2 -1.2 -1.2 -1.2 -1.2 -1.2 -1.2
99.7 76.4 60.7 74.6 87 101 109.2 116.4 111.2 105.7 88.1 82.1 74.4 70.8 52.4 44.7 52.2 58 84 107.7 128.8 139.9 144.8 145.6 148.4 154.6 160.6 164.8 167 171.1 172.8 172.2 175.2 180.4 186 188.2 190 194.6 199.8 206.9 214.4 220.3 226.7 234.1 243.4 250.4 257.1 259.2 251.9 245.8 240 233.4 221.5 210.1 204.6 197.3 188.9 182.3 175.1 167.6 162.2 154.7 148.8 142.6 136.6 130.2 124.4 118.5 111.9 104.1 28.4 1.2 -1.2 -1.2 -1.2 -1.2 -1.2 -1.2 -1.2 -1.2 -1.2 -1.2 -1.2
108 82.6 67 61.5 64.5 89.2 100.8 98.6 91.4 82.5 69.7 59.4 56.7 55.8 50 46.1 56.9 63.1 86.7 110.4 132.4 144.5 146.6 148.8 151.8 158.7 163.4 167.8 170.1 172.1 173.8 173.6 177.5 181.8 186.4 188.2 190.7 194.3 198.5 203.3 209 216.4 223.7 230.9 241.2 250.2 256.1 256.8 250.4 243.5 236 226.2 215.4 207.8 201.2 192.9 185.9 179.8 173.7 167.7 162.5 155.8 148 142.5 135.5 128 121.6 115.7 106.2 48.5 1.8 -1.2 -1.2 -1.2 -1.2 -1.2 -1.2 -1.2 -1.2 -1.2 -1.2 -1.2 -1.2
113.1 102 92.5 81.1 56.9 64.4 80.9 88.2 78.8 56.2 53.7 53.8 54.2 49.8 48.1 43.3 66.8 76 95.5 121.4 137.2 143.2 147 149.5 155.1 162.2 166.3 172.4 175 174.3 174.7 174.7 179.8 184.9 186.8 188.3 191.7 195.9 199.1 201.5 205.8 211.2 218.4 225.5 236.7 246.1 253 253.4 247 237.7 229.5 219.5 209.9 203.3 199 190.5 183 178.4 173.9 167.6 161.3 155.3 148.8 142.3 135.7 128.2 122.6 73.1 30 3.7 0.4 -1.2 -1.2 -1.2 -1.2 -1.2 -1.2 -1.2 -1.2 -1.2 -1.2 -1.2 -1.2
115.5 103.2 90.9 77.6 51 49.3 51.8 55.2 43.6 39.5 41.4 43 49.7 46.7 46.7 49.1 78.1 90.3 109.8 131.5 142.7 149.3 150 153.4 158.4 164.7 171 175.4 174 174.5 175.2 176.7 180.8 184.4 189.2 190.7 193.2 195.9 198.6 201.3 205.4 210.7 214.6 220.3 229.1 238.8 245.6 247.2 242.5 235.6 226.6 217.1 207.5 201.3 196.6 188.8 182.1 176.6 172.1 167.3 160.4 154.9 149.1 142.3 136.2 127.8 121.2 114.9 43.9 1.3 -1.2 -1.2 -1.2 -1.2 -1.2 -1.2 -1.2 -1.2 -1.2 -1.2 -1.2 -1.2 -1.2
113.5 93.3 69.6 59.8 43.1 44.7 41.4 39.1 44.5 44.8 45.5 45.8 47.4 48.6 51.6 69.9 93.1 108.9 124.9 143.2 148.9 153.2 154.7 158 160.9 167.2 173.3 174.7 173.4 174.6 175.2 179.6 181.9 184.6 189.8 192.7 192.9 195.7 198.2 200.9 204.4 208.8 211.8 215.3 221.3 229 234.6 238.6 238.7 233.7 226.1 217.4 207.7 200.3 195.6 188.9 182.2 176 170.3 166 159.9 153.2 146.9 142 135.1 127.8 120.7 103.8 4.9 1.5 -1.2 -1.2 -1.2 -1.2 -1.2 -1.2 -1.2 -1.2 -1.2 -1.2 -1.2 -1.2 -1.2
89.9 66.5 56.6 49.9 40.4 39.6 38.2 41.8 44.7 51.8 63.3 73.9 83 87.9 92.9 104 118.8 131 141.3 147.1 154 157.5 157.4 158.6 161.1 167 171.1 173 171.9 173.1 174.3 177.5 181.2 184.6 187.5 191.5 191.9 194.2 196.3 199.7 203.3 205.4 206.2 208.2 212.2 218.5 222.5 227.3 233.7 232.2 222.9 212.9 203.6 198.3 192.7 188.5 182.8 175.6 169.6 164.3 158.3 152.6 147.5 142.3 134.3 126.2 120.7 100.4 1.3 -1.2 -1.2 -1.2 -1.2 -1.2 -1.2 -1.2 -1.2 -1.2 -1.2 -1.2 -1.2 -1.2 -1.2
77.2 57.3 47.1 37.7 39.8 53.8 57 59.9 69.4 78.9 84.5 93.5 102.1 108.4 111 123.5 134 142 146.5 151.4 158 158.8 158 158.7 160.6 167.2 168.5 170 170.4 171.8 173.9 177.1 180.7 183.5 185.7 186.7 188.4 190.7 194.1 197.3 201.9 203.5 203.4 203.1 205.8 209.6 213.6 216.4 218.3 227.5 221.3 211 200.4 194.4 189.2 185.7 181.6 176 169.8 164 158.1 153.3 148.3 142.6 134.9 126.6 120.3 44.7 0.8 -1.2 -1.2 -1.2 -1.2 -1.2 -1.2 -1.2 -1.2 -1.2 -1.2 -1.2 -1.2 -1.2 -1.2
