WholeMapElevations/data/sd/sd84_OST50GRID_20230518/SD84.asc
ncols 200
nrows 200
xllcorner 380000
yllcorner 440000
cellsize 50
[rows 140 to 174 of 200, columns 0 to 77 of 200]
295.2 296.6 298.9 299.3 300.3 301.8 301.4 302.2 303.1 302.2 302.5 300.9 300.5 300.1 299.5 296.2 292.9 285.4 271 261.4 249.6 257.2 276.3 284 287.3 286.9 288.4 289.1 287.4 289.1 290.7 293.6 296 298.4 306.2 312.5 314.9 313.8 313.4 313.1 314.1 316.8 319.1 323.6 329.4 336.9 340.5 341.1 340.3 340.7 343.5 344.2 340.1 336.6 337.5 337.7 336.9 334.8 329.6 325.5 324.5 328.1 328.6 330.8 334.8 337.7 339.1 341.9 343.4 342.6 340.3 339.6 343.9 349.6 355.2 364 374.4 382.8
303.7 305.9 307.4 308 310.3 311 309.2 308.4 308.1 307.7 306.1 306 305.1 304.1 302.2 299 295.7 290.3 281.3 268.2 251.8 256.1 272.7 280.3 285.9 287.7 288.9 290.9 291.7 290.9 290.1 293 295.2 297.6 301.8 307.7 311 310.5 310.5 310.7 311.5 313.2 315.8 321.5 329.2 333.6 338.3 339.9 338.3 338.2 340.7 342.9 339.6 333.5 334 334.8 333.4 332.6 328.8 324.1 320.2 321.7 325.3 328.5 332 337.3 338.5 339 340.8 339.9 338.6 339 342.4 347.5 355.3 364.9 378.6 384.6
313 314.6 317 317.4 317.2 316.2 315.2 314.7 313.2 311.8 310.1 308 305.2 301.7 298.7 296.1 291.3 288 281.8 273.9 261 254.2 269.8 277 282.9 286.8 289.1 292.2 293.8 295.4 294.6 293.8 297.7 302.3 302.2 305.1 308.3 309.6 310 310.7 311.2 312.1 314.2 319.5 326.6 330 335.9 338.6 336.5 335.7 337.6 339.4 337 331.1 330 331 329.6 329 326.4 321.4 318.4 316.2 321.1 326 330 334.8 335.3 335.2 338.5 337.4 336.7 336.2 341.6 348.8 356.3 367 380.5 384.9
321.6 322.6 322.9 323.5 323.4 321.9 320.3 318.5 316.8 314.7 313.5 311 307.8 303.8 296.8 291.3 287.5 284.6 280.3 273.9 265.1 253.3 268 273.4 279.5 285.3 289.1 293.2 295.2 298.1 300.5 299.1 301.2 305.4 305 304.2 305.7 308.3 309.5 310.5 311.2 311.9 314.3 318.1 322 325.5 331.1 335.2 334 333.5 334.8 334.7 334.2 329 326.4 327.3 326.3 325.3 323.7 318.3 315 312 317.8 321.6 326.3 330 331.5 332.4 335.6 335.6 335.1 335.7 340.2 346.7 357.4 369.3 378 384.6
328.4 329.3 328.6 328.1 327.4 325.6 324.8 322.7 320.7 318.9 317.9 315.4 313.3 310 304.4 294.5 285.6 281.4 278.6 274.2 268.9 260.4 265.1 271.2 277.6 283.6 289.4 292.4 295.9 298.8 302.3 302.4 304.8 308.9 308.4 307.7 308.2 309.2 309.3 310.4 311.3 312.1 315.3 317 319.5 321.3 324.8 329.9 332.3 331.7 332.1 332.5 331.3 326.5 323.5 323.8 323.5 321.8 319.8 316.4 312.2 308.9 311.8 316.9 322 324.9 327.1 329.3 332.2 333.5 326.4 334.9 338.6 346.5 356.3 365.7 375.4 383.1
334.4 333.7 332.8 332.7 331 330.6 329.8 328.6 326.9 325.3 323.3 321.3 318.5 314.4 308.4 299.5 289.7 282.7 277.7 273.8 270 265 266.6 271.4 276.3 281.8 286.7 292.1 297.1 300.3 303 306.3 307.1 311.7 313.2 312.9 312.2 312.2 312.3 311.2 311.5 312.3 315.8 316.5 319 319.9 322.8 325 327.4 329 329.7 330.2 328.9 324.2 321.5 320.9 321 318.9 316.5 313.8 310.1 307.8 307.7 312.4 316.8 319.1 321.7 325.6 328.3 329.8 322.4 332.2 337.2 344.4 355.6 365.8 373.1 380.1
337.8 337.5 338.1 338.1 336.1 336.3 334.9 333.6 331.8 329.5 327.4 324.1 320.4 315.6 308.9 302.6 296.6 288.5 280.3 275.8 271.8 264.9 266.4 269.3 275.2 282.8 290.4 294.3 296.4 299.4 303 307.5 309.7 314.4 318.4 318.8 316.8 317 317.5 314.2 311.8 312.5 314.7 317 318.9 318.9 319.6 320.8 323.1 325.5 326.5 327.7 326.4 323.2 319.5 318.3 317.9 316.1 313.5 310.4 307 304.5 304.8 308.9 312.3 314.7 319.6 322.8 324.2 324.9 326.9 331.7 336.2 342.6 351.9 359.2 370.1 377.5
343.4 343.4 343 342.4 342.1 341.9 341.3 339.9 337.3 334.8 332.5 329.4 324.1 317.5 311.1 304.7 299 294.4 284.6 277.6 272.8 269.5 271.4 275.3 281.6 286.5 293.9 298.3 298.5 301 304.4 309.6 312.5 316.7 322.3 323.8 322.8 322.2 321.7 318.4 315.1 313.9 314.9 316.8 318.5 317.7 317.3 318.2 318.9 320.8 322.6 324.3 324.6 322.3 318.7 316.2 314.9 313 310.4 307.7 304.7 301.2 302 304.8 308.9 311.8 315.9 318.6 316.3 322.1 327.8 330.2 333.2 338.1 345.7 352.3 360.9 367.2
349 348.4 348.5 349.1 348 346.8 345.5 343.8 341.6 339.1 335.8 331.7 326.6 321.4 314.7 308.8 302.1 297 287.2 279.7 274.9 276.1 276.9 283.1 289.7 292.2 296.6 301.5 302.6 306.3 309.1 311.2 315.7 320.1 325.4 328 327.7 325.7 325.9 323.1 317.3 314 313.4 314.8 317.5 317.3 315.6 315.4 315.6 316.1 318.4 321.6 323.4 321.7 318.7 315.5 312.9 309.2 307.3 305.4 301.5 296.4 298.1 301.7 304.3 308.1 311.5 308.8 315.3 322.6 326.8 328.3 329.5 333.2 338.2 344.8 352.2 357.8
355.4 355.1 354.6 354.4 354.2 351.8 351.4 348.8 346 344.1 339.7 334.6 328.6 323.1 314.8 310.9 305.2 298 288.6 283.8 280.7 281.2 284.3 292 296.6 298.8 300.4 304.9 307 311 314.4 315.4 319.4 322.5 327.2 330.4 329.7 328.2 327.4 325.7 320.4 315 311.5 312.8 312.8 314.6 311.9 311.2 311.2 311.2 313.9 317.4 320.4 320.9 317.9 314.7 311.1 308.2 303.5 302.4 300.2 296.2 294.5 298.5 302 304.7 302.9 310.3 316.6 319.7 323.8 325.5 325.3 328.3 331.3 337.5 345.4 350.5
360.9 360.6 360 360 359.9 358 356.3 354.8 351.8 348.3 344.7 337.9 331.9 326.4 318 311.7 306.8 300.9 295.4 287.3 286.1 291.1 296.7 301.6 304.7 304.9 306.3 309 310.9 315.6 318.9 319.6 322.4 325 327.9 328.8 328.4 326.7 325.7 325.1 320.4 314.6 310.4 308.2 310.4 309 308.1 307.7 307.1 307.7 308.6 313.2 317 318.4 316.8 313.4 309.8 306.7 303.1 299.7 296.5 293.7 292.9 296 298.3 297.8 302.5 308 314 316.7 318.7 321.7 321.7 323 326.1 330.8 338 346.2
367.7 367.5 367.2 367.5 367.6 366.6 364.5 362.7 360.2 356.2 351.6 344.3 338.2 331 322.3 315.9 310.5 305.9 298.8 291.2 294.9 303.3 308 310.7 312.2 312.5 311.1 313.5 315.8 318.5 321.4 322.6 324.3 327.1 329 328.4 326.4 325.4 323.7 322.3 320.1 316.1 311.5 306.3 306.8 307.5 305 303.8 304.4 305.2 304.7 308.5 313.3 315.6 314.7 310.9 308.2 305 303.3 299.6 295.7 292.2 290 293.2 294.1 297.9 302.7 307.2 310.8 313.4 316.2 318.2 316.5 319.7 321.9 326.6 333 343.8
375.2 375.8 375.6 375 375.6 374.3 373 371.5 368.8 364.4 359.7 353.5 347.9 338.2 331 326.7 319.6 310.7 304.7 297.9 307.6 313.9 315.8 317.3 319.3 319.2 316.6 316.7 319.5 321.1 323.7 324.3 325.8 327.6 329.5 329.1 326.7 322.7 321.6 321.2 318.8 316.2 312 307.1 303.6 304.1 302.7 300.2 301.6 302.3 302.3 304.3 309.1 312 312 309.1 306.2 303.8 301.6 298.1 295.2 291.6 288.2 289.9 292.1 296.8 300.4 304.2 307 311.3 313.7 314.2 313.7 315.1 317.5 323.1 332.3 342.2
384.2 385 385.4 386.3 386.2 385.8 384.5 383.2 380.2 377.8 372.4 365 358.8 348.8 336.2 328.8 324 316.7 308 301.7 314 321.2 323 324.3 325.7 326.3 324 321.4 322.1 323.6 325.9 325.9 327.1 329.7 328.9 328.2 326.5 322.5 319.7 319.8 318.3 315.7 312.3 307.6 302.5 299.5 300 298.6 298.8 300.4 300.2 301.2 304.6 307.8 309.6 307.7 303.5 301.5 299 297 294 290.1 287.4 288.1 291.4 294.5 297.9 301.2 304.8 308.9 311.3 311.5 310.4 310.8 315.8 322.9 332.2 340.6
394.7 397 397.4 397.9 398.1 397.8 399.4 397.9 394.8 391.9 385.8 379.8 370.5 365.6 351 336.5 327.7 321.9 312.3 309.9 318 325 330 331.5 331.2 332.2 329.8 328.1 325.7 326.2 328 328.3 329.2 329.6 328.8 327.5 325.9 322.8 319.1 317.4 316.1 314.7 311.7 307.4 302.1 297.1 297 296.8 296.9 297.6 299.6 300.1 301.2 303.8 305.9 304.6 300.3 298.8 295.7 293.9 291 289.2 286.4 286.2 289.2 292.1 294 298.1 302.4 305.8 308 308.5 307.8 311 315.8 321.9 330.4 336.3
409.5 410.6 413.3 412.9 413.5 414 415.6 415.1 410.9 408.7 402.1 396.3 388.3 378.9 367 350.9 337.6 332.8 322.4 317.4 320.6 328.1 333.3 337.5 338.8 337.2 336 333.7 331.8 329.8 330 330.4 330.3 329.7 329.5 328.7 327.8 324.8 321.1 317.9 315 311.2 308 303.6 298.7 296 293.2 294.7 294.2 295.8 298.2 299.4 299.8 300.6 302.4 302.2 299.1 296.1 292.3 290.7 288.7 287.3 284.3 283.3 286.6 288.4 292.2 295.4 299.3 302.5 304.3 304.4 305.2 307.9 314.9 320.7 327.1 330.5
429.2 432.5 433.7 433.2 432.5 435.4 436.7 436.5 433.2 429.6 423.7 419.4 407.8 400.6 383.9 373.5 361.1 352.6 342.9 330.2 327.7 330.6 335.1 340.9 345.4 343.4 340.7 338.7 337.9 334.9 332.5 331.8 331.8 330.3 329.8 329 327.8 326.3 323.2 319.3 315.9 312.8 309.9 305.3 300.4 296 289.4 292.5 292.1 293.7 295.8 298.1 298.5 299.4 300.1 299.4 297.3 293 290.4 288.2 287.1 285 285.9 281.3 282.9 286.8 289.6 292.9 296.2 298.6 300.4 299.9 302.1 306.8 314.4 319 324.2 324.3
452.2 454.5 457.5 459.4 459 462.2 462 460.4 458.4 452.7 443 437.6 427.1 415 402.9 391.9 378 366 357.4 343.9 335.6 334.1 338.5 343.4 350.5 348.5 345.7 342.5 341.9 340.1 335.1 333.2 331.6 330.5 328.7 327.8 326.9 326.6 324.3 320.5 316.3 312.5 308.7 303.6 299.9 295.7 290.8 288.7 290.4 291 293.5 296.3 297.9 298.5 298.8 298 295.7 292.2 289 285.9 285 283.7 284.6 279.2 280.8 284.5 287 290.5 293.4 296.4 296.4 298.2 299.5 308 314.6 318.3 320 319.2
482.8 487.2 490.5 492.5 493.3 493.4 494.6 492.4 488.5 480.3 463.5 455.2 441.4 435.1 424 409.3 395.4 378.7 368.5 356.6 344.1 337.4 340.1 345.4 353.8 354.4 350.1 346.6 344.8 342.8 339.2 335.1 332.6 330.1 328.4 326.4 325.2 325 323.8 320.9 316.6 313.2 308.8 302.5 295.7 292.8 289.7 286.2 288.3 288.1 289.9 293 295.1 296.6 297.8 297.2 294.5 291.3 288.5 285.2 283.7 283.8 282.8 277.8 279.4 282.6 284.8 287.7 290.6 293.6 292.8 297.5 302.9 310 314.4 317.2 316.3 315.2
511 512.1 514 516 516.5 518.9 520.2 519.6 515.6 503.4 484.9 469.9 457 455.2 443 426.1 408.8 391.2 376.2 363.3 350.8 344.2 341.4 346.4 354.9 360 353.7 348.8 347.3 344.8 339.3 335.3 331.9 329.5 328.1 327 324.3 322.3 321.7 320 317.2 313.1 308.5 304.1 298.7 291 286.4 281.7 285.1 285.1 286.6 289 292.2 294.1 295.2 295.7 293.8 291.1 287.9 284.7 280.8 281.8 280.6 274.9 277.6 280.9 283.6 285.9 286.3 290.6 295 299.6 307.3 312.7 316.4 316.1 312.6 310.7
521.2 521.8 523.6 525 526.4 527.4 528.2 528.5 527.9 524.2 514.3 498.7 481.3 471.9 459.8 440.1 419.6 400.9 381.6 368.6 356.1 349.2 346.4 347.9 355.6 361.2 356.7 351.4 347.5 344.6 340 336 332.7 329.7 327.9 326.4 325.2 322 320 318.3 316.8 312.7 308.1 303.2 298.2 292.9 284.6 279.9 281.1 282.5 283.8 285.5 289.1 291.1 292.6 293.3 291.9 289.2 286.5 283.5 280.2 278.7 276.6 273.8 279.7 281.1 281.8 283.8 285.7 290.9 296.5 303.8 309.8 315.3 318.1 315.4 310.3 305.3
524.6 525.7 527.1 528.3 529.5 530.9 532.2 532.9 534.1 534.5 533 524.1 507.6 491.3 474.9 451.9 428 406.9 384.3 369.4 360.5 356.8 351.7 348.1 353.9 359.5 357.6 351.2 346.5 343.6 339.3 335.9 332.6 329.3 326.3 324.2 322.8 320.4 318.3 314.4 314.7 311.9 307.2 302.3 297 291.6 286.4 279.5 277 279.5 281.1 281.9 284.5 288.1 289.1 289.8 288.8 286.7 283.9 281.3 278.3 273.4 270.9 277.3 279 279.5 281.6 282.2 285.7 289.9 296.2 304.2 309.6 314.3 316.3 313.6 308.5 301.9
525.8 526.4 527.8 528.9 530.3 531.9 533.6 535.4 537.1 538.6 540.1 539.1 529.3 504.6 481.2 457.5 431.1 407.5 385.9 372.1 365.3 361 355.4 350.5 352.2 357.6 356 350.1 345.4 341.7 338.2 334.4 330.6 329 326.3 323.6 320.5 317.1 316.6 313.9 309.9 309 305.1 300.1 295.4 290.1 285.1 279.6 273.1 277 278.2 278.4 280.8 283.6 286 286 285 282.9 280.3 278.1 275.3 270.3 273 275.5 277 279.2 280.4 281.2 284.2 289.4 297.9 303.4 308.5 311 311.1 308.5 303.9 297.2
525 525.3 527.6 528.8 530.2 532.7 534.7 536.7 539.1 540.6 542.4 543.6 534.9 504.4 478.5 452.3 427.4 404.2 385.8 374.7 366.8 362.5 356.8 351.9 350.3 354.5 354.3 347.4 342.3 338.5 335.2 332.3 328.8 327.3 325.6 323.1 320.9 316.3 311.5 310.7 308.2 302.9 301.3 297.1 292.7 287.8 282.3 277.8 269.8 273.1 275.1 275.9 276.8 279.4 281.6 282 280.8 278.7 275.5 273.3 271.4 268.3 270.5 271 274.9 276.3 277.9 281 285.4 291.3 297.4 302 306.5 307.4 305.6 303.3 298.5 292.4
522.8 523.7 525.5 527.6 530.6 532.7 534.6 537.2 539.5 541.6 543.5 544 532.5 500.3 474.3 447.5 422.4 401.8 386.3 375 368.4 363.1 355.9 351.5 348.3 350.3 350.7 346.7 340.4 336.4 332 329.1 325.9 324.2 323.5 321.8 320.3 317.1 312.5 307 303.5 299.7 294.8 292.7 288.8 284 278.7 274.6 270 269.4 272.4 273.3 272.5 275.2 277.6 277.3 275.8 274 271.3 269.5 267.9 264.8 267.7 270.3 270.4 275.4 279 281.9 285.9 290.6 295.6 300.7 304.3 302.4 300 296.3 291.2 285.2
519.5 520.8 526 528.2 530.1 533.6 534.2 536.8 539.1 542 543.8 544.6 528.2 496.1 468.7 442.7 417.2 397.9 383.2 375 367.9 362.4 355.1 351.1 347.1 347.1 347.5 343.9 337.3 332.6 329.4 325.6 322.5 322 321.3 320 318.4 316 311.7 307.6 301 296 291 288.1 284.4 279.2 275.1 271.7 269.3 266.4 268.8 270 270.4 271.6 272.9 272.4 270.8 269.5 267.3 265.9 265.7 262.3 265.3 269.1 272.4 275.9 279 281.8 285.5 289 293.7 297.4 300.8 299.7 294.7 289.7 282.7 277.7
516.6 519.2 522 528.1 530.6 534 536.2 539.3 542 542.8 544.8 545 520.8 490 464.2 437.7 413 392.9 380.7 372.5 365.6 361 354 349.3 346.2 344.8 344.6 341.4 334.6 330.1 325.7 322.7 320.1 317.7 317.7 316.9 315.3 313.9 310.2 305.9 300.8 295.4 289.2 282.8 280.3 277.4 273.7 272.2 268.1 263.8 265.7 267.2 267.5 267.6 268.1 268.1 266.3 264.3 263 263.4 262.4 260.8 267.3 269.7 272 274.8 278.8 281.5 285.1 288.7 292 293.9 295.7 294.1 289.5 280.5 275.7 271.5
514.3 519.2 523.7 527.3 530.4 534.3 537.1 540.1 543.6 544.4 546.4 540.2 509.3 480.2 455.2 431 407.8 389.1 376.1 369 362.8 358.5 351.5 347.7 344.3 342.4 341.7 339.5 334.1 326.6 323.1 317.8 316.2 313.8 313.1 312.4 311.5 310.3 307.2 303.4 299.4 294.1 288.8 286.4 278.5 272.4 272.3 270.4 267.3 265 263.1 264.4 264.2 264.1 263.5 263.5 262.8 260.8 261.2 261.2 258.2 265 268 271.1 273.4 277.4 279.7 282.9 285.5 289.8 293 293.1 291.5 285.9 276.9 268.9 265.9 262.5
513.5 518.9 523.9 527.6 531.4 535.5 537.9 541.8 545.8 546.5 547.9 532.4 500.8 472.4 447 423.4 402.3 383.2 371.3 363.9 359.3 354.4 348 345.6 343.2 340.6 339.3 337 333 324.5 320.9 316.7 310.2 308 306.9 306.8 306.5 305.5 303.3 299.9 295.6 291.4 286.5 284.6 280.1 273.9 268.7 267 265.5 263.7 260.3 261.2 261.1 261 258.2 258.2 258.2 258.2 258.2 258.2 262.4 266 269.7 273.4 277 281.3 283.4 284.9 287.3 292.7 295.7 295.4 292.1 287.1 278.9 269.7 263.5 252.5
515 519.6 524.6 529.1 533.7 537.2 540.9 544.4 548.4 549.9 549 522.1 493.4 466 437.3 415.5 395.7 379.9 367.7 359.5 354.2 349.2 343.8 342.6 340.4 338.1 336.1 335.5 331.9 324.9 319 313.8 308.4 301.6 299.9 300.5 301.1 299.1 298.2 295.3 291.4 288 283.3 281.2 277.9 273.3 267.7 262 261.7 260.2 257.8 258.4 257.7 257.3 258.2 258.2 258.2 258.2 258.2 258.8 264.1 267.9 272.5 277.7 282.1 286 287.8 288.8 292.3 297.4 299.5 298.4 293.4 288.7 281.3 273.7 266.7 258.1
515.8 520.3 525.7 530.6 535.9 540 544 548.3 552.2 552.8 544.8 514 485.1 458 429.7 406.4 389.5 374.6 363.4 355.2 349.4 344.1 340.2 338.6 337.3 335.9 333.6 332.1 329.6 324.1 315.6 311.8 305.5 298.9 292.4 294.2 293.9 293.7 293 290.5 286.8 284.2 281.3 276.1 274.9 270.7 266.1 261.7 257.5 257.3 255.7 255.1 254.4 251.8 258.2 258.2 258.2 258.2 258.2 262.4 266 271.1 278.2 284.8 290.4 293.7 296.4 297.4 298.7 302 302.1 300.6 296.7 291.9 283.8 275.2 270.4 265.1
516.3 521 525.9 532.3 537.6 542 545.5 551.1 554.7 555.4 533.3 503.5 476 449 421.4 398.7 383.1 370.5 359.5 351.8 345.4 340.3 335.7 334.1 333.7 332.2 330.5 328 326.3 321 315.1 309.7 303.2 294 287.5 286.4 288.5 288.1 287.1 284.9 282.3 280.3 277.1 272.5 270.1 266.9 263.1 258.8 256.1 254.2 252.5 252.4 249.6 249.1 258.2 258.2 258.2 258.2 262.3 266.5 273.9 282.9 288.9 294.3 298.4 301.7 303.8 304.3 303.9 305.3 304.4 302.1 300.9 296 285.2 275.7 272.6 270.2
516.1 520.7 526.8 533.7 538.3 543.6 548.1 551.6 555.4 555.7 526.7 495.7 465.1 438 414.6 391.3 375.5 364.8 355.6 348.6 341.4 336.1 330.5 328.5 328.7 327.8 326.6 323.5 321.8 318.3 313.4 306.4 299.9 292.3 284 279.6 283.6 283.4 281.8 279.6 277.3 275.1 272.2 267.7 264.2 262.1 258.4 255.5 253.7 251.9 251.3 250 247.6 248.9 255.6 258.2 258.2 262.3 266 274.6 284.3 293.7 299.3 303.3 307.4 310.4 311.9 311.2 309.2 309.9 309.4 306.9 304.8 300.7 288.8 284.2 279.9 277.2
515.3 519.7 526.1 532.7 537.5 541.6 546.9 550.5 553.9 554.1 523 491.7 461.9 433.9 407.8 389.3 373.3 361 351.3 343.4 337.9 330.4 325.2 322.7 322.2 322.8 321.9 319.5 316.8 314.6 311 306.1 299.2 290.2 285.8 279.9 277.2 279 276.2 274.4 271.2 268.1 265.9 261.8 258 256.4 253.5 252 249.8 249.3 248.7 247.6 247.3 252.2 256.5 259.2 262.2 265.8 274.8 284.9 295.4 303.2 309.6 313.8 316.7 318.9 318.6 318.3 315.4 317.1 316.3 314.6 312.1 306.2 300.4 295.3 291.7 287.1
513.8 518.3 523.8 529.9 534.8 539.8 545.6 547.4 550.8 550.1 514.7 487.1 458.1 430.2 405 386.1 369.2 357.8 347.2 341.2 332.8 326.5 319.7 316.3 316 316.7 316.5 315.5 310.4 309.6 307.6 304 298.6 291.3 285.9 280 274.9 275 272.6 269.1 265.6 261.7 259.4 255.9 253.2 251.2 249.6 247.7 247.3 247.3 247.3 247.3 247.3 254.4 258.9 263.1 267.9 274.2 284.1 295.7 305.3 313.4 319.2 321.6 323.3 323.7 323.3 322.5 321.4 322.2 321.8 320.2 315.2 311 307.5 304.5 300.5 293.6
