WholeMapElevations/data/sx/sx73_OST50GRID_20230518/SX73.asc
ncols 200
nrows 200
xllcorner 270000
yllcorner 30000
cellsize 50
[rows 0 to 37 of 200, columns 0 to 83 of 200]
106 101.1 97.2 93.6 89.2 85.5 83.7 82.7 83 84.7 85.1 85.2 85.1 88.5 92.7 97.9 100.4 100.6 99 95.5 91.8 87.1 82.8 78 74.6 71.4 68.3 66.6 66.8 69.4 70.7 69.4 68.8 69.2 72.2 75.7 78.6 81.1 83.3 83.8 81.7 78.7 75.4 72 68.6 68.6 70.8 74.6 75.5 72.9 67.9 62 56.8 51.9 51.4 48 46.6 46.1 44.6 43.3 41.2 38.5 36 34.2 33.1 33.8 36 40.7 43.9 44.9 43.4 37.8 30.4 25 31.3 36.9 39.1 40 40.6 37.4 31.9 28.1 28.1 35.8
111.9 108.8 106.2 103.7 100 97.5 95.9 94.3 95.4 95.4 95 95.2 95.1 95.7 98.1 100.7 103.4 104.7 103.6 102 99 95.3 91.6 86.8 82.3 79.3 76.6 75.2 76.1 77.9 79 78.2 77.8 77.1 78.2 80.1 80.9 81.1 84.2 85.9 85.8 83.6 81.2 78.7 77.4 74.5 78.5 80 77.6 73.6 67.4 60.5 54.1 48.5 43.2 38.5 35.4 35 35.3 35.5 34.5 32.8 29.9 27.9 26.9 26.3 28.5 35.2 38 40.6 40.3 35.6 27.4 18.6 19.2 25.7 31.4 33.9 34.8 32.4 27 19.3 20.7 30.4
114.3 114 112.9 112 110.3 109.2 107.8 106.4 107.1 106.9 106.7 105.5 104.5 103.6 105.4 104.7 107.9 107.5 108.5 108.4 106.5 103.5 100.3 95.7 93.2 90.9 89.1 88.2 87.8 87.7 87.3 86.8 85.4 85.4 84.6 82.7 77.5 79.5 85.7 87.9 88 88.1 87.4 86.7 85.6 85.9 87.3 86.1 83.4 79.3 74.4 69.2 63.5 55.4 48.5 41.1 36.8 30 26 25.2 25.4 25.3 23.2 19.4 18.1 17.5 26.5 30.3 30.8 34.9 35.9 33.6 27.1 18.5 10.3 13.7 22.8 27.6 29.1 28.2 23 15 16.2 26.1
114.9 115.6 115.8 115.1 114.6 113.9 113.4 113.3 113.5 114.3 114.4 113.3 112.3 111.4 110.5 107.9 108.1 109.4 109.5 110.1 110.4 109.7 107 104.8 103.4 103 100.8 98.8 96.5 94.6 92.8 90.6 88.1 87.3 84.7 80.3 69.5 68.3 78 83.6 87.3 88.8 89.5 90.3 90.1 90.8 91.5 90.9 88.1 86.6 84.3 80.5 72.5 66.4 58.8 50.2 44.9 38.3 32.5 25.7 22.3 15.9 14 12.3 12 10.9 16.5 19.3 20.7 26.8 29.9 29.3 26.2 20.5 11.1 4.3 12.8 20.5 22 22.7 16.6 6.9 14.2 24.1
113.9 115.2 115.9 115.7 115 114.3 114.1 112.8 112.7 113.2 112.6 113.1 112.7 110.4 109.2 108.8 108.1 108.7 108.9 109.4 111.2 111.9 111.1 109.1 108.5 107 104.4 101.2 97.7 93.8 90.5 87 84.1 80 80 75.2 62.2 59 65.3 75.6 83.2 85.8 87.2 87.6 88.4 90.5 92.5 92.4 93.5 92.1 89.9 86.3 80.8 75.3 69.3 63 59.1 53.2 46.5 38.6 29.1 18.3 17.6 19.6 17.7 14.3 9 7.7 8.6 14.1 19.3 21.2 21.1 19 14.1 1.7 1.7 12 13.5 17.1 1.6 7.5 15.6 30
111 113.4 114.6 115.2 114.2 112.5 110.6 110.3 109.7 109.3 110.4 110.5 110.3 108.6 106.1 105 104.8 104.2 103.9 106.2 110.3 112 111.3 110.8 110.1 107.8 103.3 96.4 90.8 86.1 82.8 76.2 71 68.6 71.2 69.3 59.5 50.4 53.3 63 77 79.3 80.6 81.5 82.7 85.5 88.9 92.2 93.8 93.7 92.5 89.7 87.3 82.8 77.8 72.2 65.5 55.3 44.5 32.1 24.8 24.1 25.3 30.9 29.5 24.8 19.3 12.3 6.1 3 1.9 9.6 10.9 6.7 5.3 1.6 1.7 1.7 8.9 10.2 1.7 10.1 23.1 32.5
106.1 109.9 112.2 113 111.7 108.9 105.9 102.3 102.6 102.3 104.2 105.1 105.3 103.1 99.8 97.2 97 94.3 95.7 104.7 108.8 110.5 110.9 110.7 110 108.5 104.3 97 89.8 81.6 74.1 66.7 61.6 58.1 56.5 53.4 50.1 46.9 44.8 50.3 66 69 65.9 61.7 64.9 73.3 82.8 88.7 90.8 91 92 92.3 91.3 87.8 82.9 76.1 66.5 54.8 41 31.5 32.4 35 39.9 42.8 42.9 36 30.3 25.9 22.2 13.4 2.7 1.6 1.7 1.7 1.7 1.7 1.7 1.7 1.7 1.6 1.7 1.6 13.1 26.6
104.1 108 109.7 110.1 108.3 103.7 101.5 98.5 95.1 94.4 95 96.7 96.6 94.5 90.6 90 89.8 87.3 96.8 104.8 108.1 109.2 109.3 109.2 108.8 108 107.1 102.7 93.7 85.3 75.7 70.2 64.3 58.9 55.2 51.5 48.7 45.5 40.5 41.3 57.2 56 48.1 50.2 56 66.4 80.4 84.9 83.1 85.1 88.2 90.8 91.7 89.4 86.1 79.8 70.3 55.1 42 41.8 45.6 49 55.4 57.5 55.8 49.7 41 31.6 26.1 18.1 10.4 3.7 7.6 9.2 6.8 3.1 2.8 1.7 1.6 1.7 1.7 1.7 1.1 10.1
100.1 105 108.7 110.3 108.8 103.3 98.1 92.7 88.4 86.2 84.3 85.2 88.1 84.5 81.2 85.2 82.5 85.1 96.4 102.5 106.2 107.1 106 106.5 106.9 107.1 105.9 103.7 96.6 89.6 86.5 82.4 76.5 70 65.8 62.7 60.4 58 49.2 38 47 47.4 40 51.3 61.7 72 81.5 79.7 70.3 69.3 79.4 85.7 87.3 86.1 85.8 81.5 74.6 63.6 51.1 54.1 60.3 65.1 68.5 67.3 61.9 53.5 43 29.8 21 16.4 13.6 12.4 17.1 20.1 20.8 18.5 12.5 8.8 7.1 2.5 1.6 0.5 -0.3 1
98 101.9 106.1 109 109.4 107.9 104 96.3 89 84.3 81.5 79 77.9 76.2 76.4 78 78 82.6 93.6 100.4 103.5 104.1 102.6 101.6 102.9 103.8 104.6 104.2 101.2 98.2 96 93.4 89.9 84.9 81.3 78.3 74.7 68.2 55.6 41.9 34.3 35.8 34.1 46.4 62.2 74.2 78.4 74 61.7 62.4 76.2 79.8 80.7 80.6 81.7 82.6 80.8 75.9 64.6 66.2 74.7 77.3 77.1 73.5 65.8 53.9 42.4 32 25.6 24.9 25.4 26.3 28.8 31.6 32.8 31.8 25.7 19.3 14.2 7.3 2.5 0.4 -1.6 0.1
97 100.2 102.8 105.9 108.1 108.2 106.6 103.2 99.1 94.5 89 82.2 77.6 74.8 72.1 72.4 75.2 82.3 91.8 97 99.3 99.4 97.8 96 96.7 97.6 102.9 104.1 104 102.9 101.1 98.1 96.5 93.9 90.4 86.8 82.9 76.3 65 52 41.6 33.7 28.1 30.6 49.2 68.4 72.6 66.1 54 60.6 69.5 69.1 68.7 70.5 74.4 80.6 84.2 82.2 77.5 79.5 84 84.5 83.2 79.4 72.5 63.2 49 41.4 37.2 37.1 42 46.5 46.1 45.3 44.1 42.1 38.8 31.1 22.3 10.7 2.6 1.3 -1.6 -1.6
95.6 98.3 101.3 103.5 105.9 106.5 104.8 102.2 99.1 94.9 91.8 86 79.6 75.9 71.2 69.8 72.9 81 88.7 92.1 93.2 93.3 92.8 90.6 93.5 98.8 100.9 104.4 104.5 103.8 101.5 97.5 93.4 89.8 86.4 83.4 79.7 77.5 71.6 63.7 56.8 48.3 34.3 25.9 40.8 58.6 66.4 57.4 47.8 58.2 61.6 59.7 58 61 71.7 80.2 87.2 86.9 86.1 86 86.1 85.3 84.4 81.7 77.6 71.7 65.3 58.7 56.8 56.6 57.7 58 55.6 53.1 49.6 44.3 39.9 34.3 25.3 11.4 2.9 2.7 -1.6 -1.6
97.8 98.6 100.1 102.2 103.2 102.4 99.4 96.3 92.3 87.9 85.5 81.1 76.6 73.3 70.8 67.8 70.2 81.2 86.8 88.1 87.3 85 83.7 89.9 97.3 101.2 103.3 103.4 104.3 104 102.5 98.2 92.3 85.2 76 72.6 67.8 63.5 55.1 52.7 48.8 45.6 35.4 25.6 29.7 45.8 59.2 49.2 41.3 52.9 54.2 50.6 53.8 64.1 75 84.1 87.3 87.6 87.2 85.9 83.5 80.7 80.6 80.8 80.5 79.7 77.1 73.8 70.1 66.1 62.1 58.8 53.5 48.6 45 39.6 33.2 26.6 16.6 4 2.8 1.6 -1.6 -1.6
102.3 102.2 102.5 103.6 104 103.4 100.7 97.9 92.9 89.1 85.7 83.9 81.6 77.8 72 67.9 66.7 75.3 83.1 83.7 80.5 79.4 84.3 91.6 96.1 98.4 100.1 100.8 101.4 101.8 100 96.8 93.4 87.1 78.5 67.6 59.8 50.1 45.3 40.8 36.3 33.3 29.8 26 22.8 36.5 48.5 37.6 37.7 46.1 44.8 45.3 53.8 64.1 75.7 82.5 83.6 83.4 83.5 81.7 78.2 74.8 74.6 77.3 81.1 82.8 81.7 77.6 71.6 66.8 60 49.5 39.2 35.6 37.6 29.3 19.6 9.9 3.2 2.1 1.7 1.7 1.6 -1.6
105 105.4 105.5 105.8 106.4 106.3 104.2 101.3 99.7 97.8 94 90.8 88.6 85.8 78.8 69.6 65.7 67.6 77.5 77.9 74.8 81.8 86.2 90.4 92.5 93.1 94.3 95.4 98.8 99.3 97.4 94.3 90.3 87.3 82.2 76.9 68.6 55.5 53.9 52.2 47 45 43.4 38.8 23.1 29 35.9 29.7 33.2 37.4 42 49.4 58.1 67.9 76.4 78.7 75.8 75.1 77.3 75.7 72 66.8 66.9 72.5 78.7 82.6 81.6 77.3 71.4 61.1 51.9 39.1 29.7 23.7 21.2 15.1 7.4 3 1.6 3.4 2.9 2.9 3 -1.6
104.3 106 106.7 106.6 106.4 105.6 103.7 100 98 97.5 99.2 99.5 95.9 91.5 85.3 76.4 66.7 63.2 67.4 70.4 72.2 77.1 81.7 84.8 86.9 85.8 87.4 93.1 97.2 94.9 91.6 87.4 82.4 77.8 77.6 72.7 62.6 64.9 71.1 66.5 61.6 59.5 56.7 49.5 29.9 22 25.2 29.8 37.7 41.9 48.6 59.6 69.1 74.7 75.6 73.5 66.7 67.9 71 68.5 64.3 59.9 66.4 72.3 78.2 82.8 79.9 75.5 69.3 63.8 55.4 45.3 32.6 21.7 14.6 10.4 6.6 6.8 7.8 13.2 14.7 9.8 3.1 -1.6
104.1 105.9 107 106.4 105 103.1 100.1 96.9 93.5 92.9 95 97 98.7 97.1 90.9 80.7 69.8 63.8 62.6 66.3 68.5 73.5 77.2 78.5 79.2 82.2 90.1 97 97.2 94.5 93.1 90 85.6 77.1 72.2 69.1 70 79.2 79.4 75.2 68.6 61.4 56.8 50.8 37.8 19.2 25.5 39.4 45.9 50.8 58.5 65.4 69.6 72.1 72.1 68.9 61.2 57.5 62.7 58.2 54.3 61.6 71 77.7 83.3 84.9 81.9 75 72.7 60.9 49.2 40.1 29.4 23.2 19.5 15.8 11.9 13 16 18 16.5 8.9 2 -1.6
105 106.5 107.2 106.1 103.9 101.5 99.7 97 92.9 88.9 90.4 93.4 93 91.1 88.7 83.4 74.2 65.1 61 62.5 65.8 69.3 70.3 73.2 79.6 88.8 95.5 98.4 98.3 98.5 97 94.2 90.8 88.1 84.2 78.4 81.4 83.6 80.4 74.2 68.2 57.4 49.9 45.6 33.1 21.5 18.2 22.3 33.7 43.7 57.8 63.9 66.6 69.2 70.4 68.9 62.2 53.1 48.5 46.3 57.1 69.6 78.3 85.4 88.6 87.6 88.3 86.6 80.6 65.6 46.5 39.1 35.3 33.2 32.6 32.8 33.8 30.4 27.5 22.5 9.5 2.5 -1.6 -1.6
108.4 109 108.6 107.5 106 104.6 103.2 100.8 96.9 90.1 86.5 88.1 86.4 83.7 78.9 75.1 72 64.4 60.7 60 62.7 64.9 69.8 74.7 81.9 88.7 95.6 99.4 101.1 102.7 100.5 97.9 96.4 94.7 92.5 90.2 87.1 83.4 78.3 71.9 64.3 52.7 42.8 36.2 31.9 28.9 24.1 15.3 19.2 39 51.5 57.5 61.7 65.5 68.5 66.5 62.1 53.2 40 47.4 58.5 66.5 75.7 79.7 83 85.6 86 83.2 77.9 65 55.5 53.9 53.8 50.2 48.2 46.2 43.7 35.1 23 10.6 3.4 2.7 -1.6 -1.6
111.3 111.5 111 109.9 108.9 107.4 105.5 102.1 97.3 91.2 83.9 80.4 79.6 75.2 70.1 68.4 67.3 65.6 63 60.3 59.9 65.6 72 77.2 82.7 86.6 93 99 102.5 103.3 101.6 100.5 100.4 98.9 96.6 93.6 89.5 84.2 78.2 71.8 65.7 57.5 49.1 47 44.1 46.5 39.5 20.8 14.4 29.4 36.6 45.2 54.2 59.5 61.3 60.3 58 51.5 35.6 40.8 55.5 63.6 68.9 73.1 77 79.7 81.2 79.9 74.5 67.6 69.4 69.5 66.1 66.8 63.8 58.2 50 37.6 18.8 11.6 8.4 3 -1.6 -1.6
115.1 114.4 113.7 112.8 111.9 109.8 107.3 104.4 100.1 95.2 88.2 80.8 77.7 79.4 77.9 77.2 77.8 76.8 70.4 63 58.9 58.7 63.2 80.1 89 91.1 93 95.5 98.1 98.7 98 98.9 100.3 99.8 99 96.4 93.8 87.7 81.5 75.3 70.5 66 62.4 59.5 57.1 51.2 36.8 21.8 13.3 13.3 18.8 27.2 39.9 49.8 51.8 51.8 50.9 47.9 29.8 34.8 46.9 54 61.4 66.8 72.6 78.9 81.6 81.2 79 77.3 78.9 78.3 76.5 72.7 67.2 60.7 47.6 32.7 26.4 24.4 15.3 6.2 2.7 -1.6
119 117.9 116.7 116 114.8 112.8 110.1 106 100.6 95.1 89.2 86.3 82 88.6 88.5 87 84.7 82.6 78.8 74 64.6 58.4 57.6 66.5 81.5 90.8 91 91.9 92.8 93.6 93.3 96.4 99.6 101.8 103.8 104.2 104.4 100.3 91.5 83.8 79.3 75.9 72.2 69.4 65 58.7 43.2 31.5 22.7 14.5 10.2 14.6 24.3 37.2 39.9 39.4 39.5 32.5 26.6 36.6 40.9 50.8 55.9 66.1 74.1 79.1 84 85.2 83.8 85.2 85.3 82.7 80.2 75.4 67.6 60 41.4 38.9 37.6 37.5 36.4 22.4 -1.6 -1.6
122.9 121.7 120.8 119.6 117.9 115.6 111.5 106.8 103.3 99.7 97.2 96.2 89.5 95.5 97 95.4 93.1 89.9 86.1 83.2 73.6 63.8 57.4 58 65.9 81.3 85.7 86.9 87.5 87.3 89.3 94.3 98 100.9 104.5 107.5 109.1 110.2 106.5 99.4 93.5 89.4 82.3 78 74.1 69.5 62.8 53.3 44.8 30.9 12.2 8.1 13.7 27.2 21.2 18.3 20.8 24.3 33.8 45 51.3 58.5 60.7 65.9 74.2 79.9 86.7 89 89.7 86.7 87.6 86.6 82.7 77.7 68.5 61 52.5 51.1 50.7 44.9 35.2 22 -1.6 -1.6
125.3 124.3 123.4 122.4 121.1 118.3 114.4 111.3 109.8 107.7 105 101.2 96 101.2 104 102.8 100.1 96 92.8 87.4 81.1 72.6 64.6 56.2 56.7 68.4 78.7 80.9 81.9 80 88.1 92.7 95.4 98.2 101.1 104.1 106.6 108.2 108.9 108 108.1 103.5 99 89.5 81.5 78 74.3 66.9 57.2 46.8 26.7 11.2 7.3 10.6 12.8 19.6 27.6 32.8 43.7 55.6 62.4 67.7 69.6 72.6 79.6 85.5 91.8 93.8 92.5 94 93.3 91.2 86.6 81 76.3 69.5 63.8 58.6 47.6 33.9 20.2 -1.6 -1.6 -1.6
126.1 125.6 125 124 122.7 120.7 117.9 117 115.5 113 109.1 102.6 105 108.2 108.1 106.3 102.7 98.9 95.1 90.6 85 77.4 69.6 61.2 54.2 55 65.8 72.3 76.4 76 84.7 88.9 92.4 96 99.1 101.9 104.5 105.8 105.1 103 99.1 95 88.9 82.4 77.8 73.3 68.5 67.9 64.6 51.3 31.7 12.5 7.4 12.8 21.5 30.5 38.7 47 55.8 64.8 73.5 79.3 83 83.1 87.9 93.1 97.7 100.4 102.1 100.9 97.8 93.7 89.6 84.4 79.4 74.1 67.7 55.4 35.4 19.9 3.8 -1.6 -1.6 -1.6
126.8 126.6 126.4 125.7 124.2 122.8 121.4 119.6 118.8 116.7 112.2 109.9 114.3 115.3 112.7 109 104.6 101.2 97.6 92.8 87.4 80.6 72.1 65.6 59 52.5 52.4 61.4 68.7 70.2 78.1 83.1 88.2 93 96.6 99.4 101.8 103.3 103.1 101.5 97.2 91.8 85.7 78.9 70.9 61.5 51.6 53.6 51.5 43.2 31.7 16.7 7.6 14 27.8 39.5 46.6 56.8 67 78.1 87.7 94.7 96.5 99.1 102.2 103.7 105.4 106.7 107.5 104.9 101.9 98.7 93.7 87.4 81 75.6 69 46.6 25.7 -1.6 -1.6 -1.6 -1.6 -1.6
126.9 126.8 126.7 126.7 126.6 125.7 124.6 122.9 121.8 119.6 117.1 115.9 119.3 119 116.5 112.8 107.6 103.9 98.9 93.4 86.5 78.2 68.8 61.3 58 54.6 51.2 49.4 55.3 63.3 68.4 76.4 83.5 88.2 91.9 95.3 97.8 99.3 101.2 103.1 99.8 93.4 86.6 79.1 69.9 59.4 43 34 34.1 28.4 19.5 8.1 6.7 11.9 31.7 46.3 58.8 71.4 80.7 90.4 97.8 103.5 108.9 111.7 111.5 110.1 112.7 112.5 112.1 109.2 106.6 101.5 95 88.3 80.8 69.1 50.8 32.6 15.2 -1.6 -1.6 -1.6 -1.6 -1.6
126.2 126.4 126.8 126.9 126.8 127.1 126.8 126 125 123 120.8 120.5 121.6 122 120.5 116.9 111.6 105.9 99.4 92.5 85.6 72.4 64.2 61.9 61.1 63.4 59.7 49 50.1 54.8 56.7 68.7 77.9 82.6 86.2 89.4 92.2 94.7 97.2 100.2 100.6 98 93.8 82.3 71.7 61.4 43.8 30.6 23.5 16.5 15 12.5 6.9 5.8 12.6 27.2 43 56.3 71.1 84.6 94.6 100.8 106.7 111.7 114 115.3 117.1 115.7 113.3 111 106.2 97.9 86.2 79.1 72.1 57.5 34.4 16.7 -1.6 -1.6 -1.6 -1.6 -1.6 -1.6
125.2 125.5 126.4 126.7 126.9 127.3 127.5 127.4 126.7 126 124.5 123.7 123.9 123.8 122.6 118.9 113.5 106.3 98 88.6 78.5 68.7 69.9 70.2 71.9 73.1 66.4 55.2 48.1 48.6 49.2 53.4 63.3 73.8 79.3 83 85.8 89 93.6 96.2 97.3 95.2 90.5 83.3 72.8 60 41.8 36.6 31.7 27.8 25.5 19.3 11.1 5.5 4.1 13 29.9 41.7 52.2 67.6 81.7 91.4 99.3 107.6 113.1 114.4 114.7 113 109.5 104.3 95.7 82.7 69 60.6 51 35.1 -1.6 -1.6 -1.6 -1.6 -1.6 -1.6 -1.6 -1.6
124 124.3 125.1 125.6 126 126.8 127.5 127.6 127.8 127.7 127 126.1 125.7 123.7 122.2 118.5 112.7 106.2 96.7 83.1 74.6 74.9 78.7 83.3 82.3 80.3 74.2 61.3 53.5 50.8 47.1 45.8 50.4 59.4 70.9 75.8 79.8 83.1 88.7 94.7 97.8 94.8 89.8 84.1 74.5 60.4 52.3 53.4 49.1 42.3 38.9 33.8 20.2 11.5 6.3 3.5 14.6 27.8 38.1 46.9 60.9 75.8 87.4 95.5 102.2 106.8 108.7 107.3 102.7 95.3 80.1 63.5 52.4 40 26.9 -1.6 -1.6 -1.6 -1.6 -1.6 -1.6 -1.6 -1.6 -1.6
119.4 121.1 122.2 123.3 124.5 125.7 126.8 127.4 128.1 127.8 127.6 127.1 125.2 123.2 119.5 114.2 109.6 99.7 90.7 82.1 81.4 83.9 90 95.4 93.5 86 78.9 70.8 62.9 61.1 52.8 46 44 48.1 58.1 64.3 70.8 78.3 84.7 91.2 95.5 95.9 92.2 88.2 82 74.3 69.7 68 61.8 55.2 51.9 48.8 36.3 21.3 9.7 3.9 4.3 16.5 24.7 33 41.8 52.9 64.8 77.2 84.4 90.7 97 96 91.2 78.1 59.3 46.5 36.4 26.8 -1.6 -1.6 -1.6 -1.6 -1.6 -1.6 -1.6 -1.6 -1.6 1.6
110.9 112.9 115.5 120.1 122.6 124 125.3 126.2 127.1 127.6 127.6 127.2 126.3 122.8 117.4 110.5 99.7 97.7 93.1 90.5 91.5 93.3 100 103.7 101.6 93.3 84.7 78.4 72.9 68.5 62.8 52.7 47.7 42.8 45.9 56.5 63.1 70.3 79.1 86.7 91.7 96.2 95.9 92 87.4 82.9 79.1 78.3 74.9 70 65.6 63.4 52.9 36.5 16.5 6.7 3.3 3.3 10.6 20.4 30 37.9 46.6 58.7 69.5 77.1 84.5 84.7 78.1 58.4 43.7 33.2 26.2 17.6 -1.6 -1.6 -1.6 -1.6 -1.6 -1.6 -1.6 -1.6 0.6 9.9
109.5 101.2 107.8 116.3 119.8 120.9 122.6 124 125.4 126.7 127.3 127.4 127 124.3 118.5 112.8 105.4 105.7 104.2 103.5 105.8 108.9 112.5 111.2 107.2 101.4 92.7 85.6 79.6 75.5 70.7 63.3 54.9 47.9 41.8 44.4 56.4 61.6 69.1 79.2 86.2 92.5 97.8 96.3 90.8 87.3 86.1 85.5 85.5 84.5 83.5 78.2 66.2 47.6 28.7 11.6 3.8 2.3 3 7.7 17.8 27.7 38.2 50.4 62.8 69.6 75.8 74.1 64 45.6 33.1 23.5 1.5 0.3 -1.6 -1.6 -1.6 -1.6 -1.6 -1.6 -1.6 -1.6 1.3 16.4
98.7 95.3 101.8 104 108.1 113 117.3 120.1 122.3 124.5 126.1 127.2 127.5 125.6 122.1 116.4 113.7 115.4 114.9 114.7 115 116.8 117.4 114.8 110.8 104.6 98.1 91.7 85.8 80.5 74.9 68.4 56.6 47.2 42.8 40.5 43.1 48.9 58.9 71.2 78 84.2 91.3 95.2 92.6 91.5 91.2 92.2 91.9 91.5 91.4 88.7 77.4 56.9 39 22.9 9.4 2.7 2.1 3.4 7.9 17.6 29.5 40.1 50.9 64.1 73 71.7 57.1 36.5 20 -1.6 -1.6 -1.6 -1.6 -1.6 -1.6 -1.6 -1.6 -1.6 -1.6 -1.6 8.5 26.9
90.7 89.9 94.8 96.5 98.9 103.9 109.3 114.8 118.7 121.6 124.7 126.9 127.2 126.7 124.8 121.7 121.7 122 122 122.8 122.1 121 118.9 115.5 110.4 105.1 99 91.9 84.5 80.9 73.5 63.9 57.9 53.4 49.3 45.9 41.1 39.8 46.6 59.3 68.1 74.1 82.2 88.5 92 94.6 97 95.8 94.5 93 91 86.7 79.8 69.1 48.7 33 19 7.6 2.9 2.5 2.1 7.5 21.6 36.3 49.3 60.6 69.1 67 48 25.1 -1.6 -1.6 -1.6 -1.6 -1.6 -1.6 -1.6 -1.6 -1.6 -1.6 -1.6 1.7 14.3 30.3
82.1 83.3 88.5 91.8 94.4 98.6 103.2 109.7 116.6 121.3 125.1 127 127.7 127.7 127 126.5 126 126.9 127.6 127.7 126.8 124.8 120.6 115.5 109.2 102.5 95.4 91.3 86.3 79.3 74.2 69.4 67.9 66.6 59.4 55.2 50.5 40.9 36.4 40.4 45.2 54.3 68.4 81.9 87.3 91 93.8 94.6 94.5 93.6 92.8 91.3 83.5 76.3 61.7 48 30.5 15.4 5 2.1 2.3 3.8 8.6 31.8 45.3 55 62.6 58.6 35.8 -1.6 -1.6 -1.6 -1.6 -1.6 -1.6 -1.6 -1.6 -1.6 -1.6 -1.6 0.1 1.7 8.8 27.3
75.6 80.1 84.4 88.9 95.3 101.2 106.3 111.4 118.2 122.2 125.2 127.2 128.2 128.5 128.3 128.5 128.6 128.7 129.1 129 128.3 126.2 122.9 117.2 110.8 105.1 99.8 94.1 88.9 84.5 81.1 78.5 76.6 73.9 69.7 64.9 58.8 50.9 44.7 41.3 35 38 52.2 67.5 79.9 86.8 90.9 93.3 93.5 93.4 92.1 89.4 85.5 79.8 73.2 63.2 47.7 26.4 11.1 3.1 1.8 1.6 1.7 1.7 28.2 42.8 46.4 44.4 23.4 -1.6 -1.6 -1.6 -1.6 -1.6 -1.6 -1.6 -1.6 -1.6 -1.6 0.2 1.3 1.7 3.6 13.5
76.8 82.8 88.9 93.9 100.7 108.4 114.3 117.8 120.3 123.3 125.8 127.4 128.2 128.8 128.9 129.1 129.3 129.5 129.7 129.3 128.6 126.8 124.6 122.2 119.2 115.2 108.5 100.4 93.6 90.5 87.7 85.9 83.7 81.3 79.4 75.9 69.8 60.9 52.8 49.3 43.1 35.1 35.7 50.3 64.7 77.9 87.9 91.5 93.7 93.9 92.4 90.2 87 83.2 76.7 69.9 59.6 41.3 27.3 15.1 1.7 1.7 0.9 0.9 10.6 26.2 32.1 25.6 2 -1.6 -1.6 -1.6 -1.6 -1.6 -1.6 -1.6 -1.6 -1.6 -1.6 2.3 12.8 1.7 2.8 5.7
