WholeMapElevations/data/nt/nt43_OST50GRID_20230518/NT43.asc
ncols 200
nrows 200
xllcorner 340000
yllcorner 630000
cellsize 50
[rows 35 to 69 of 200, columns 0 to 77 of 200]
380.8 387.9 393.4 386.9 373.1 358.7 347.6 337.6 329.7 322.4 319.4 316.3 313.6 310.5 309.5 308.7 307.2 300.7 298.5 297.3 296.8 294.9 291.7 289.5 287 285.6 282.8 279.6 277.5 274.9 271 267.4 264.6 261.2 256.9 252.4 249.2 246 242.1 236.8 229 223.9 221 219.1 215.9 213.9 213.8 220.6 235.9 245.2 252.6 259.1 263.1 263.3 263.1 261.5 263.8 268.7 273.9 279.7 286.9 297.6 312.1 321.3 325.1 329.3 329.7 331.9 334.5 336.7 338.2 344.1 351.4 357.7 361.8 365.9 369.6 362.4
379.7 386.9 386.7 387.6 371.4 359.3 345.9 335.5 325.8 322.4 319.4 316.2 313.4 310.9 310.4 308.8 306.3 304.9 303.4 301.9 300.7 300.9 298.9 296.7 293.1 291.7 289.7 286.2 283.7 280.8 277.8 272.7 268.3 264.3 260 254.6 250 246.4 242.4 235.3 227.4 223.3 221.5 220 212.2 213.8 213.9 230.7 243.4 251.1 254.4 260 261.6 259.3 256.6 255.6 259 262.9 268.5 274.9 282.8 297.4 308.5 314.8 322.1 323 323.2 324 324.6 325.5 328.8 334.5 341 347 354.6 361.2 361.2 357.2
382.3 392.6 393.9 384.5 374.4 357.9 344.6 334.9 327.4 324.5 321.5 320 318.1 317.3 316 314.3 312.7 310.9 309 307.1 306.1 308.1 306.5 303.9 300.1 297.7 296.6 295.3 292.5 288.6 284.1 277.4 271.2 265.8 261.3 255.8 250.4 245.7 240.8 232.4 226 222.1 218.8 217.5 213.4 211.3 223.5 240.5 248.7 254 257.7 259.9 259.4 256 252.7 252.4 254.9 259 264.4 271.8 283.2 296.7 301.4 310.4 316.3 317 317.3 317.2 316.8 316.7 318.5 321.6 327.4 338.8 347.3 351.8 352.9 354
390.5 398.1 392.5 386.6 372 356 344.6 335.2 330.6 328 327.3 326.7 326.1 326.1 326 322.1 319.7 317 314.6 312.5 312.4 313.4 314.6 314 311.6 309 305.9 302.7 298.5 294.1 286.6 278.4 270.6 263.2 258.5 253.8 247.1 241.4 236.1 229.4 224.7 220 215.1 213.1 211 210.7 230.7 243.9 249.9 255 258.4 258.3 256.5 252.5 249.1 248.7 250.7 254.3 258.9 269.9 283.4 290.6 298.5 306.6 309.2 309.6 310.3 310.4 309.1 307.7 308.4 314.1 320 329.4 339.8 343 346.9 349.4
392 394.6 392.7 379.5 366.3 353.9 346.6 341.2 337.6 337.2 333.8 333.9 336.1 337.5 334.2 329.6 326.4 321.4 318.8 318 317.9 319.2 320.6 321.2 320.6 317 312.9 307 301.2 292.6 282.7 274.4 267.3 260.6 255.4 250.6 244.9 238.4 233.2 227.7 222.8 218.1 211.5 209.2 209.2 218.1 236.8 247.1 253 255.9 257.6 255.9 253.5 249.9 245.6 244.6 246.1 249 256.3 269.5 279.6 288.2 295.6 301 302.8 302.5 302.4 301.6 299.7 297.5 299.2 305.5 312.9 324.3 332.1 336.4 343.4 340.8
387.1 391.6 388.4 375.6 363.6 355.9 351 346.3 344.8 343.3 341.4 343.5 347.6 346.5 342.6 338.6 333.4 328.9 327.5 324.8 325.4 326.5 327.2 327 324.1 319.7 314.6 306.8 296.7 287.1 278.2 269.6 265.1 259.4 254.2 249.3 243.3 238.2 232.6 227.7 222.3 215.7 209.9 208.4 208.1 224.2 241.5 250.8 255.1 256 255.5 252.6 250.6 247.4 242.9 240.8 241.3 246.2 255.6 265 274.2 282.7 289.9 294.2 296.2 295 294.5 292.9 290 286.9 290.4 297.3 309.4 319.3 326.6 338.2 342.2 337.5
384.1 389.5 385 375.1 366.5 359.4 356.2 354.2 353.9 352.4 352.5 357 359.5 357.1 353.4 346.1 343.6 338.3 333.8 329.3 331.7 333.3 332.6 331.5 328.7 321.6 311.3 299.9 288.6 281.2 272.4 267.6 263.8 258.7 253.5 249 242.7 237.5 231.2 226.7 220.3 212.6 208.6 207.7 214.5 228.2 241.9 251.3 253.6 254.1 251.7 248 244.5 242.8 240 236.9 237.8 242.6 250.5 259.6 268.7 276.9 282.1 286.4 288.1 286.6 285.3 283 279 278.1 283.2 291.9 304 312.4 323.4 339.6 339.1 332.8
373.6 379.3 379.6 372.8 370.2 370 367.1 363.4 362.7 361.1 363.4 367.3 369.8 369.1 363.4 358.3 354.3 350.5 342.9 335.5 336.2 335 335.4 332.1 324 314.6 304.7 293.1 283.1 274.6 269.9 265.9 261.6 257.1 252.4 247.1 241.7 235.8 229.8 224.9 218 211.3 207.3 207 214.7 227.2 244.7 247.2 248.5 248.9 245.5 241 238 237.7 236.2 232.7 234.3 238.4 245 252.7 260.4 266.2 271.8 275.8 277.2 274.8 274.8 271.5 271.1 270.2 277.4 287.2 298.4 307.9 323.1 338.5 335.9 326.4
358.4 363.1 366.3 371.9 376.5 375.8 374 371.9 369.2 368.6 370.8 374.5 376.9 374.4 372.4 370.8 364.8 361.7 353.4 341.6 341.7 335.1 332.9 322.7 313.5 308 298.7 287.8 278.3 272.7 268.6 265.9 260.9 256.4 251.6 246.8 241.1 234.7 228.9 223.9 217 212.8 206.9 206.2 210.9 228.5 236.3 237.7 239.9 239.7 235.8 233.3 231.9 231.5 230.9 229.4 229.8 233 239.2 243.8 249.7 255.2 259.6 262.7 263.2 265.1 266.4 264.4 263.1 264.8 272.6 284.8 293.6 305.2 324.8 340.1 334.1 326.7
338.9 345.6 362.5 372.7 379.8 382.1 380.6 377.3 376.4 378 379.7 383.4 383.2 381.1 380.4 377.8 371.4 368.9 358.4 347.3 339.6 332.4 325.6 317.9 313.3 303.4 292.3 283.3 277.4 273.8 269.3 266 260.9 255.8 251 246.2 240.1 234 229.1 223.6 218.5 214.8 208.3 204.7 204.4 222.1 227.3 229.7 231.5 229.3 226.3 224.8 224.3 224.6 223.9 222.5 223.4 227.9 231.7 236.4 241.9 246.7 250.5 250.9 253.6 255.4 256.5 257.6 256.8 260.5 268.1 280.1 290.9 304.9 328 336.9 331.7 328
323.6 340.5 356.2 370 379.9 381.6 379.6 379.3 382.1 383.1 385.2 386.8 384.4 382.7 383.4 379.8 373.8 366.8 356.1 347.4 336.5 328.5 322.8 318.7 309.4 297.9 289.1 284.6 282 278.4 273.5 268.3 262.6 257.3 250.4 243.9 238.1 233.5 228.6 225 220.4 217.6 214.4 206.1 203.9 215.1 220.1 222.7 221 217.8 217.2 216.1 215.9 216.5 216.4 216.6 217.6 219.8 225.7 232.3 236.7 242 243.4 243.4 245.4 247.5 248.3 248.6 250.8 256.7 265.1 276.6 290.9 306.4 325.3 333.4 334.8 334.3
317 335.1 353 365.9 372.1 372.1 373.9 377.7 382 383.5 382.2 380.9 379.4 381.1 380.5 376.6 370.7 363.9 355.3 345.6 338.9 332.3 327.2 319.4 305.4 294.8 292.3 291.9 287.6 284.6 280.5 273.7 266.3 260.1 252.7 245.2 237.6 232.9 229.3 226.4 222.9 220.2 216.8 213.2 206.4 202.6 210.9 211.1 211.8 211 209.7 208.9 208.8 210 211 211.8 211.8 214.2 220.6 226.4 230.6 234.7 236.7 237.5 238 239.2 239.8 240 244.4 252.5 261.8 274.5 291.3 307.8 322.3 332.8 341.9 335.9
312.2 332.6 346.5 357.5 359.5 364 369.5 374.8 379.2 376.5 374.7 373.2 370.9 371.2 370.3 369.1 366.6 360.7 353.1 344.3 341.6 336.4 329.5 320.6 307.5 299.8 298 298.1 297.6 292.9 287.1 280.6 273.3 264.5 256.4 248.6 240.4 234.6 231 228.1 225.3 222.5 219.2 215.5 210.4 203.3 201.6 201.4 203.1 204.1 203.8 204 204 204.9 206.3 206.2 205.6 205.8 213.2 218.4 221.1 224.4 229.3 230 229.9 233.3 232.8 232.3 238.1 248.7 260.4 276.2 293.7 307.3 320.9 334.9 339.2 328.5
308.3 323 338.9 344.8 348.3 356.3 364.5 368.9 369.7 366.9 364.6 365.8 363.3 359.7 358.6 361.7 361.4 358.4 353.5 348 345.5 342.7 335.3 324.6 313.6 307 308.8 308.8 306 299.5 293.8 288.1 279.5 271.3 262.2 253 244.2 237.9 233.8 230.3 227.3 224.8 221.6 218.1 213.6 206.3 200.7 199.3 198.6 198.6 197.2 199.5 200.3 200.8 201.3 201.5 199.6 198.8 202 208 211.7 216 220.6 221.8 224 227.1 224.8 226.5 235.5 249.4 262.4 280.5 295.6 305.6 318 332.7 329 321.7
298.9 310.8 324.9 331.7 343.4 351.2 356.3 357.2 357.8 356.5 357.6 358.2 354.1 347.9 346.7 351.6 353.6 353.1 350.7 350.6 349.9 346.5 338.2 328.8 320.8 319 318.5 313.4 313.3 308.9 300.8 294.6 287.6 279.3 269.9 259.7 249.4 241.4 236.4 232.6 229.5 226.5 223.1 219.7 215.2 211.4 206.8 202 198.7 198.4 197.1 196.2 195.6 194.6 194.2 196.5 194.4 193.4 195 197.7 201.8 207.2 211.2 211.4 213.5 215.1 215.3 219.5 232.5 248.2 262.5 279.9 292.6 307.2 317.8 323.9 323 316
292.3 305.3 317.3 329 341.1 345.7 346.5 344.8 345.6 348.7 349.3 345.4 338.6 333.1 335.2 339.9 343.9 341.9 345.6 347.8 351.2 348.5 342.8 335.7 330.8 328.2 325.9 323.3 320.8 314.7 308.4 304.7 296.7 287.7 275.4 264.8 254.4 244.5 239.5 234.9 231 226.6 224.3 220.2 216.6 213.4 209.4 206.7 203.9 200.7 196.9 195.4 194.6 194.8 193.4 192.1 190.8 190.2 189.8 188.8 189.4 194.2 198.7 199.9 201.7 205 207.7 213.1 227.9 245.2 260.9 278.2 289.5 309.3 317.2 315.9 310.6 306.8
291.2 300.4 314.5 331.2 337.5 336.2 333.1 332.5 336.9 339.1 335.8 330 322.2 320.9 324.3 330 330.1 330.7 336.2 342 346.6 345.5 342.8 338.7 335 331.1 331.2 330.8 325.1 321.1 320.7 318.3 307.9 295.4 282.3 269.2 256.1 248.3 242.1 237.5 233 227.6 224.8 221.8 217.7 214.7 212.3 210.9 209.7 207.6 204.2 203.8 202.4 198.8 195.4 192.9 191.1 190.2 189.4 188.5 187.6 187.3 186.8 191.9 196.4 199.9 201.3 211.1 223.6 236.5 253.7 271.7 284.3 300 305.8 306.9 302.7 297
292 302.1 315.7 324.8 325.4 321.6 319.3 325.5 327.5 325.4 321.4 315.9 311.4 311.4 311.6 314.3 315 317.7 322.9 330.4 336 338 337.9 335 332.7 334 338.6 337.3 335.2 335.1 333.3 326.6 315 299.8 287 272.6 260 251.3 245.6 240 235.7 231.4 227.9 224.7 220.5 217.7 215.8 214.2 212.9 212.3 208.9 207.6 206.2 204.8 202 196.5 194.2 191.2 188.4 187.9 187.3 187.4 185.9 184.6 186.7 193.8 194.8 199.1 212.7 229.5 242.2 258.8 275.6 286.2 292.5 292.9 295 293.3
291.5 306.6 316.3 317.1 314.4 311.3 314.5 313.5 312.9 311.4 308.1 302.7 300 299.8 299.4 300.3 302.3 304.1 309.8 319.7 323.3 325.4 326 327.8 329 337 343.9 346.5 342.8 341 339.9 334.4 319.4 303.4 288.4 274.8 264 254.5 248.6 243.1 238.7 234.5 230.7 227.2 224.3 221.2 219.3 217.5 216.6 215.6 212.8 211.3 209.9 209.1 206.5 202.1 198.3 195.2 193.1 188.8 187.1 187.2 185.6 184.5 183.9 183.9 185.8 188 190.9 208.7 224.7 240.2 253.9 267.7 274.4 283.5 286.2 285
292.2 306.9 311.5 314.1 310.5 309.2 305.9 301.5 300.9 299.1 294.7 289.6 288.9 288.5 289.4 287.6 286.8 291.8 299.7 306.9 310.5 312.9 314.8 318.3 326.3 335.9 346.6 351 351.9 350.9 350.2 336.1 318.4 303.4 287.1 275.2 264.9 259.4 253.8 247.3 242.8 238.6 235.5 231.9 228.2 225.6 223.4 221.7 220.5 219.1 217.1 215.1 214.5 213.4 210.9 207.3 203.5 200.1 199.6 198.2 197.2 194.8 194.3 191.6 185.6 182.2 181.4 181.5 181.5 187.4 204.7 226.5 235.6 253.1 264.1 271.9 273.9 272.8
288.6 296.8 303.9 306.4 306.1 304.6 300.1 294.6 290.7 286.9 281.7 278.1 277.3 278.7 278.3 276.7 276 278.2 285.6 292.6 296.2 299.3 303.7 310.7 321.9 335.6 345.5 351.2 354.1 355.2 346.8 330 313.4 297.7 283.9 274.7 269 262.5 255.9 249.8 247.1 243.4 239.1 235.2 234 232.4 229.8 227.3 225.2 223.1 221.5 220.3 219.3 217.5 215.6 212.8 210.2 208.3 208.9 207.9 206 202.2 200.1 200.4 199.2 194.5 185.9 182.5 180.9 179.5 186.7 203.6 224.1 235.3 247.6 257.9 259.7 257.1
281.5 293.5 297.6 302.9 305.1 303.3 295.9 289.7 284 280 273.3 268.1 268 268.9 268.8 268.4 267.8 267.2 272.1 277.5 282.3 287.3 295.9 307.7 320.2 330.7 339.4 345.2 351.4 349.2 334.2 317.6 303.7 292.1 281.7 275.5 268.8 260.8 256.4 254.1 250.5 246.5 242.9 240.9 239.3 236.7 234.2 232.7 231.4 230.8 232 230.1 228.2 226.2 224.7 223.3 220.5 219 218.5 217.4 215.1 211.7 210.1 209.7 206.8 202.4 197.1 189 183.2 180.1 179 187 199.5 219.2 237.8 243 244 238.3
275.3 287.3 294.9 301.9 302.9 299.8 292.1 284.2 279.1 275.2 268.5 263.8 260.3 258.9 258.5 258.4 256.3 255.6 259.2 264.4 270.8 278.2 290 301.6 312 320.9 329.8 340.7 345.4 331.4 316.5 300.4 293.1 284.7 278.5 273.5 264.2 260.1 258.6 256.3 253.6 249.7 245.4 241.9 240 240.4 240.5 239.4 240.8 241.3 241.8 240.5 239.2 238.4 237.1 235.4 233.4 229.9 229.5 228.6 225.8 222.3 219.5 218.8 215.8 210.9 203.6 195 189.4 183.5 178.2 179.1 190.8 208.4 226.9 230.4 230.1 231
259.6 275.3 287.3 293.2 294.3 290.2 281.2 278.6 273.2 267.9 263.5 259.7 255.6 251.7 248.9 246.9 245.4 245.4 248.5 253.5 260.4 268.3 280.7 293.5 300.7 314.5 327.3 330.4 318.4 308 295.5 285.7 280.5 277.7 274 267.3 259.4 259.3 258.3 258 253.6 249 242.6 242.3 243.2 244.1 245.6 248.8 250.8 251.8 252 252 251.7 250.8 250.2 251.5 247.2 241.9 241.1 238.2 234.1 231.1 229.3 227.4 224.7 218 208.4 202.9 194.9 188.3 178.9 177.4 179.8 202.9 215.8 220.3 220.8 221.2
245.8 260.9 273.2 280.6 281.9 274.9 272.9 273 267.7 263.6 260.3 255.9 251 246.6 243.1 239.5 237.8 234.6 237.5 243.4 250.3 257.8 272.5 283.1 297.7 313.7 316 299.4 296.2 289 279.9 276.1 274.4 275.8 268.5 259.4 254.7 254.1 254.4 252.2 248 242.2 240.5 244.4 247.5 250.2 254.3 258 259.9 261.3 261.2 260.9 262.5 264.4 264.6 263.5 258.6 253.7 250.4 246.1 242.3 238.3 237.3 235.3 231.5 222.3 215.4 208.8 201 193.4 187.1 177.4 175.7 188 201.4 209.6 211.8 212
233.4 249.3 257.3 262.6 263.4 267.9 273.8 273 267.1 262.3 258.1 251.3 246.5 241.5 237 233.9 229.4 226.3 228.6 234.9 241.8 250.7 263.5 277.8 293.1 296.6 283.3 281.4 283.3 272.6 270.2 267.9 268.8 265 258 251.9 248.7 247.8 247.7 243.3 236.7 236.9 241.2 246.3 249.3 254.7 259.8 264.8 267.6 268.8 270 272.2 276.1 276.2 275.2 276.1 271.6 267.1 263.7 259.3 250 246 245.2 242.9 234.6 226.7 220.2 212.9 204.7 197.1 191.8 187.1 176 175 183 195.3 199.1 200
219 233.8 238.4 240.3 247.2 256.8 264.1 260.6 259.4 259 254.2 245.6 240 234.9 229.4 227.2 222.2 219.1 221.2 227.6 234.6 243.3 258.5 272.6 276.6 268.9 265.6 269.2 264 260.2 262 262.8 261.1 255.4 251 246.9 242.7 242 239.4 234.1 232 234.6 241 246.5 249.7 254.7 260.3 266.4 272.2 274.1 278.1 283.1 286.1 285.7 289.9 287.5 286.5 283.2 279.2 272.9 262.2 256.9 254.5 245.9 236.4 231.3 226.8 217.9 209.2 200.8 195.2 190.2 185.6 176.8 173.5 174.6 184.3 189.6
205.4 217.7 220.1 221.5 231 240.9 241.9 241.4 244.9 245.1 241.8 236.5 231.8 226.7 223.4 220.1 216 212.7 213.5 217.2 225.6 236.2 251.9 260.9 255.8 250.1 252.5 248.3 248.3 250.8 254.5 255.2 253.7 249 246.3 242.1 237.3 234.5 228.4 226.2 226.2 229 237 242.9 247.6 250 254.2 261 266.4 273.7 283.4 290.8 292.6 297.8 300.8 303.6 304.2 301.8 298 291.4 279.9 270.3 257.8 247.9 243.6 239.1 231.1 221.2 211.7 203.8 197.8 193.2 188.6 183.6 176.7 171.8 172.3 183
194.7 203.7 204.9 206.5 212.9 217.5 219.7 224.9 228.5 229.7 227.2 225.5 224.6 220 217.1 212.9 209.7 206.4 207.4 210.2 215.9 228.6 235.5 239.3 237.1 244.5 237.7 233.7 238.4 244 246.2 246.4 244.3 244 241.1 234.6 230.5 225.9 222 221.5 221.3 223.9 228.6 234.7 240 243.9 245.5 246.9 253.2 265.3 279 289.7 296.6 305.8 314.1 318.8 319.8 315.9 308.7 304.5 295.6 283.5 269.2 259.7 254 248.5 236.3 227.1 215.2 205.3 200.2 195.6 191.2 185.3 181.2 171.1 170.4 173.9
185.2 186.7 190.2 197.7 200.9 200.7 205 209.5 210.9 212 212 213.9 214.7 212.4 209.9 205.7 203.1 199.7 201 205.4 210.8 216.6 220 221.8 228.1 228.3 223.2 222.3 229.4 230 234.8 234.4 238.4 238.7 231.3 225.4 221.8 217 217.4 217 216.6 219.7 222.6 226.6 231 232.9 234.4 237.6 242.9 255.3 270.3 281.3 291.9 305.9 317.1 325.3 328.9 324.1 317.1 311.3 302.3 292.7 284.1 273.9 261.3 250.7 240.5 229.4 219 210.1 202.4 197.9 193.6 187.6 182.6 176.1 169 168.8
168.8 174.8 181.4 187.2 190.5 190.5 195.6 197.3 199.6 200.6 199.1 201.1 201.9 203 201.8 197.6 195.2 194.1 195.3 200 205.9 211 212.7 213.3 217.2 215 210.3 213.9 214.6 217 223.8 224.5 227.3 223.7 217.6 211.1 211.8 211.6 212.4 212.1 213.4 216.6 219.5 219.2 221.9 224.1 226.2 229.9 236.8 246.1 258.3 272.5 285.7 302.1 313.3 321.7 328.3 325.5 318 311.5 304.5 298.6 290.4 278.5 267.8 255.7 243.4 231.9 221.2 212.6 206 200.2 195 189.7 184.3 178.9 172.7 168.2
155.2 164 170 176.9 177.5 181.8 187.8 187.7 189.6 191.2 190.6 190.7 192.6 193.1 192 190 188.2 188.6 189.8 194.1 198.9 201.5 201.9 204.5 204.4 200.2 201.6 204 203.9 206.5 211.9 211.8 209.3 206.2 201.2 203 206 206.5 207 207.4 210.4 213.5 214.5 214.2 215.1 217.9 221.7 224.1 231.6 241.1 250.7 262.6 278.1 295.1 307.7 316.9 322 320.4 316.6 307.8 299.9 295 287.6 276.1 265 254.7 240.8 230.8 221.7 216.1 209.9 204.1 196.1 191.2 186.6 179.2 174.1 166.8
142.3 151.1 159.9 163.9 167.5 171 175.6 178.1 179.7 180.9 181.9 181 181.4 180.3 180.5 180.6 183.7 184 183.8 187.6 188.3 189.5 191.9 192.9 190.5 189.8 191.3 193.1 194.5 196 197.8 197.4 192.5 190.8 194.5 199.2 199.6 199.7 200.6 201.2 206.8 209.6 209.4 207.3 210.2 213.3 216.2 218.2 227.1 237.4 247.1 259.6 273.1 287.6 300.8 310.4 314.7 313.2 306.2 300.4 292.7 289.6 279.7 270.8 259.5 247.4 236.7 230.1 224.2 218.1 212.2 205.8 199.3 194 188 180.2 175.1 169.6
131.4 144.2 146.7 150.5 158.5 163.7 166 167.3 167.3 168.5 169.5 169.1 171.2 171.3 172.3 173.5 178.4 178.8 178.3 180.1 178.7 179.8 182.4 181 180.9 181 182.5 184 184.3 185.2 186.4 183.9 181.2 182.2 186.6 188.6 188 188.4 189.8 197.8 202.7 204.3 203.7 201.3 203.8 206.8 208.8 212.6 223.4 235.2 244.1 258.1 271.7 285.3 293.5 300 306 302.7 297.3 288.3 285.4 280 269.2 261.2 249.1 239.8 234.1 227.2 221.5 216 212.2 206.7 201.6 196.5 191.2 184.4 177.4 172.8
123.9 131 139.6 139.7 147.9 153.3 158.1 157 157.9 159.4 159.7 161.6 164 164.1 166.4 168.8 173.1 174.7 171.7 171.7 171.9 171.6 172.7 174 174.3 174.1 174 173.9 174.2 175.4 173.4 170.9 170.6 172.9 174.8 176.5 177.6 173.7 185.4 195.8 198.3 198.6 196.7 194.4 195.9 199.3 201.4 207.8 220.2 234.5 244.9 258 272.9 282.9 290 292.4 295.1 291.2 284.4 278.6 274.1 266.5 258.5 248.7 241.1 235.1 229.1 223.2 218.9 215.2 211.3 207.4 203.1 198.3 193.3 187.9 181.1 175
