UK/data/tq/tq01_OST50GRID_20230518/TQ01.asc
ncols 200
nrows 200
xllcorner 500000
yllcorner 110000
cellsize 50
[rows 160 to 199 of 200, columns 90 to 179 of 200]
114.7 122.1 127.8 131.9 134.3 134.5 135.6 135 134.6 132 126.5 129 142.5 149 152.8 154.2 154.1 153 150.1 147 139.8 136 145.7 149.6 151.7 151.7 150.2 145.9 142.3 141.8 147.5 151 152.2 152.9 153.6 151.6 149 143.7 141.8 143.1 143.3 143.5 142 140.9 141.6 147.2 153.2 158.1 162.5 166.3 168.7 169.9 170.8 171.1 172 173.2 174.2 176 176.2 176.7 175.4 173.8 172.1 168.9 166.9 164.8 162.6 159.4 157.4 163.8 169.6 172.1 171.6 168.6 165.8 161.8 167.9 172.1 175.2 177.6 180.2 182.5 185.7 188.5 190 189.7 190.2 188.9 189.5 191.2
117.4 124 127.6 130.2 130.6 130.7 130.7 130 127.3 121.5 117 131.3 142.8 148.3 150.4 151.6 150.7 149.1 146.5 142 135.4 132.7 142.2 145.9 148.4 149.1 147.9 145.5 139.2 140.4 145.3 147.8 148.9 149.6 149.4 147.7 145.2 141.2 136.4 137.5 137.6 137.2 136.1 140 144.8 150.6 156.3 159.6 162.7 164.8 166.5 167.3 167.6 167.5 167.4 168.1 170.4 171.9 172 172 171.2 169.6 167.8 164.3 161.9 159.6 157.5 154.3 155.9 163.8 168.2 169.4 167.4 164.5 159 158.8 164.8 167.9 170.7 173 174.9 177.5 182.7 186.2 190.4 192 192.3 193 194 195
117.6 122.2 125.1 125.8 126.1 125.3 124.4 120.2 116.7 109.4 119.9 134.7 142.4 146.2 148.1 147.8 147.3 145 141.6 136.6 129.2 130.1 138.5 142.1 144.5 146 146 143.8 138.6 136.6 141.7 143.8 144.9 145.3 145 143.1 141.1 137.8 133.3 133 132.6 134.8 139.5 143.5 148.5 153.6 156.8 159.3 161.4 162.8 163.5 163.9 164 163 161.6 164.1 166.4 168.4 168.5 168 166.6 165 163.1 159.7 157.2 155 152 150.9 156.6 163.5 166.4 166.9 164.7 161.8 154.8 156.4 161 164.2 165.7 167.2 169.2 173.3 179.3 184.7 188.8 191.8 194.2 195.6 195.6 196.3
114.6 118.6 120.6 120.7 120.7 119.2 116.5 110.4 104.1 109.9 124.8 136.7 142 143.1 144.7 144.4 143.2 140.9 137.6 131.3 122.5 129.6 134.8 138.4 140.8 142.9 143.1 141.8 137.5 133.5 137.9 139.7 140.9 141.2 140.8 138.8 136.8 133.6 131 129.6 132.2 138.2 143.6 147.8 151.3 154.2 156.1 157.8 158.6 159.5 159.9 159.4 159 158.4 156.2 159.5 162.5 164.9 164.8 164.3 161.8 160.4 158.3 156 152.5 150.9 146.9 149.6 157.7 162 164.7 163.7 162.2 158.1 150 152.8 157.7 159.6 160.4 161.1 163.1 170.7 177.9 183.1 187.7 190.6 192.8 194.5 194.9 196
109.7 113.3 115.6 116 114.8 111.9 104.8 97.9 102.6 117.8 131.5 137.3 138.8 139.9 141 140.6 138.3 136.5 133.1 126.4 117 126.6 131.2 134.6 137 139.6 140.1 139.6 136.1 131.6 133.8 135.7 136.9 136.9 136.6 134.6 132.5 129 128 129.1 135.2 140.9 145.2 148.5 151.1 152.6 154.2 154.9 155.5 155.9 155.2 154.8 154.4 154 150.9 155.3 159.5 161.5 161.4 159.4 157.6 154.9 152.9 150.8 147.6 145.9 143.6 150.3 157.9 161.3 162 160.9 158.2 152.4 146.8 149.7 153.6 154.9 155.3 155.4 159.5 168.7 176.5 181.8 185.8 188.4 190.6 192 192.4 193.1
101.6 106.9 109.6 110.1 107.7 101.1 91.1 95.5 110.5 125.7 132.6 135.7 136.6 137.4 137.7 136.3 134.6 132.8 128.5 121.3 113.3 122.2 126.9 130.7 133.2 135.5 136.7 136.2 135.6 131 128.7 132 132.6 132.5 132.4 130.4 127.6 124.8 125.4 131.2 137.3 142.2 145.1 146.9 148.7 150.4 151.2 151.8 152.4 152.2 151.6 150.8 150.3 149.9 147.4 152.5 156.7 157.6 158 156.3 153.6 150.6 148.8 145.9 142.6 140 143.6 151.9 156 158.9 159.2 157.4 156 149.2 143 145.7 149.3 150.1 149.8 149.9 160.1 170.1 175 179.8 182.8 185.3 186.9 188.3 188.7 189.6
84.9 93.9 101.6 102.6 97 86.7 88.4 103.6 118.9 128.2 131.7 133.3 133.7 133.8 133.2 132.3 130.7 129 124.7 117.3 108.3 117 122.5 126.8 129.5 131.8 132.9 133.7 132.9 131.1 126.5 126.8 127.9 128.5 127.9 126.1 122.3 122.9 127.2 132.4 137.7 141.2 143.5 144.8 146.2 147.4 148.2 148.6 148.4 148.1 147.5 146.9 146.4 145.7 144.3 150.1 153.9 154.8 154.7 152 149.6 145.3 143.8 141.5 138.3 138.3 145.5 152.4 155.3 155.9 154.9 154.1 151.4 147 139.8 140.8 144.2 144.3 144.4 152.8 162.7 169.2 174.3 177.5 179.7 181.1 182.4 183.5 183.9 184
66.9 76.3 87 90.2 82.8 81.8 97.2 109.9 123.3 127.3 129.1 130.3 130 129 128.9 128.7 127.1 124.5 120.4 113.1 104.6 112.2 118.7 123.1 125.8 127.7 128.6 130 130.5 129.8 126 123.4 123.2 123.7 123.7 122.1 121.1 123.7 128.3 133.5 136.9 139.9 141.2 142.5 143.2 143.4 143.4 143.7 143.8 143.8 143.5 142.9 142.3 141 141.9 147.4 150.1 150.8 149.9 147.8 144.1 141.1 139 136.9 135 139 146.8 151.3 153.2 152.5 151.2 148.9 145.6 143.4 138.1 135.3 138.7 137.9 143 154.4 162.9 168.5 172.5 174 174.9 176.2 177.7 178.4 178.6 178.7
60.9 63.6 69.8 73.9 75.7 90.8 106.2 118.7 122.9 125.9 127.2 127 125.5 124.7 124.7 124.7 123.5 119.9 116.5 111.1 102.1 107.9 115.3 119.4 121.8 124 125.7 127.1 127.6 127.5 125.3 123.4 120.2 119.8 120 118.1 120 125 129.6 133.2 135.5 136.8 138.1 138.7 139.4 140 140 139.5 139.6 139.5 139.3 138.8 137.8 136 139.9 144.4 147.2 148.2 146.8 143.9 140.8 137.5 134.3 132.2 133.3 140.7 146.8 149.1 148.6 147.6 146.4 143.2 141.1 139.6 135.1 131.6 132.8 137.1 147.3 157.2 163.5 168.1 170 169.9 169.4 171 173 173.3 174.1 172.4
74.9 72 71.1 75.6 87.9 102.4 114.9 119.7 122.1 123.6 123.7 122.9 121.4 120.4 120.4 120.5 119.4 116.5 113.1 108.3 99 106.2 112.1 115.2 117.5 119.9 121.4 123.9 124.8 125.3 125.4 124.2 121 118.3 116.8 116.3 120.2 125.2 128.6 131 132.5 133.2 134.2 135.1 135.9 136.5 136.2 135.7 136.2 136.2 135.1 135 133.8 133.3 137 141.6 144.3 145.2 143.4 139.6 136.4 133 130.4 130 135.3 142.6 145.6 146.7 146.2 143.5 141.9 138.7 136.5 134.6 131.6 129 132.6 142.3 151.5 158.4 163.4 165.6 165.8 164 164 165.9 168.4 169.8 169.8 167.2
92.2 90.3 91.4 94.7 103 112.8 117 119.7 120.3 120.9 119.9 118.3 116.8 116 117 117.6 115.4 112.8 108.8 104.7 95.8 103.9 108.7 111 113.3 115.6 117.7 119.9 122.1 123.1 123.1 122.1 120.5 117.6 115 116.2 120.1 123.9 127 128.8 129.6 130 130.6 131.7 132.6 132.8 131.4 132 131.3 131.4 131.5 131.1 129.7 131 135.2 139.4 141.6 142.2 139.4 135.8 131.8 128.4 126.8 130.8 138 142.5 143.5 143.2 140.9 138.7 136 132.8 131.2 127.6 125.9 128.5 137.1 148.2 155 159.4 162.5 162.7 160.8 158.2 157 161.4 164.7 165.4 164.7 161.9
106.8 107.2 108.6 110.7 113.1 115.4 117.8 119 119.1 119.2 116.8 114.3 112.1 112.1 114.1 114.3 112.1 109.3 105.4 100.4 91.9 101.3 104.6 106.8 109.1 111.3 114.2 117.2 119.4 120.5 120.9 120.2 118.8 115.9 113.1 114.9 119.5 122.1 125 126.1 125.9 126.2 126.9 127.4 127.9 128.4 128.2 127.9 127.3 127.4 127.7 127.6 126.2 129.7 133.4 137.4 139.3 139.3 136.2 132.3 127.5 125.3 126.4 133.7 139 141.2 140.8 139.5 137.5 134.8 131 127.3 124.5 123.5 126.7 133.7 143.2 150.5 155.2 158.4 160.5 159.3 155.3 150.9 152.5 157.6 161.3 162.1 160.6 156.9
109.8 111.3 113 113.9 115.6 116.6 117.1 118.2 117.5 115.9 113.8 111.2 107.6 108.3 111.1 110.9 109.1 106.2 101.4 96.1 89 97.7 100.5 102.5 104.8 107.2 110.4 113.6 116.7 117.5 118.4 117.9 116.5 113.7 111.3 113.7 116.7 119.6 122.5 122.9 122.6 122.4 123.7 123.6 124 124.5 124.4 123.9 123.4 123.6 123.9 124.3 123.8 128.1 132.7 136 137.7 137.5 133.5 128.9 123.5 122.8 128.5 134.7 137.6 138.7 137.7 135.8 133.2 130 125.1 122 120.8 124.4 130.5 138.1 145.5 151 155.3 157.2 157.5 155.1 150.5 144.2 149.3 154.7 158 159 157 152.5
108.6 110.2 111.9 113.2 115.2 116.3 116.6 116.7 114.4 112.9 110.7 106.7 102.2 105.7 107 107.2 106.1 103.2 97.9 92.6 85.4 93.3 96.5 98.5 100.5 103.4 107.1 110.8 113.8 115.2 115.7 115.8 113.7 110.9 109.9 112 114.9 117.7 120.1 119.4 118.9 119.2 120.6 120.6 120.4 120.6 120.6 120.2 120.5 120.7 120.7 120.7 121.8 126.2 131.3 134.5 137.1 135.7 131.4 126.3 120.5 122.8 130.1 134.4 135.5 135.9 134.3 132.5 128.6 124.6 120.7 118 119.4 125.2 132.3 139.9 146 151.5 154.9 155.9 154.9 151.6 144.3 139.4 146.6 151.4 154.8 155.9 153.6 148.7
107 108.7 109.8 111.3 114.4 114.3 114.5 113.7 111.7 110 107.2 103.1 97.1 102.8 104.5 105.6 103.3 100.2 96.2 89.9 83.5 88.1 91.6 93.4 98.2 102.1 105.8 108.4 110.8 112.4 113.1 113.7 111.3 109.5 108.7 111.2 113.8 116.7 117.4 117 116.2 116.2 117.5 117.5 117.3 117.1 117.2 117.5 117.8 118 118.1 118.7 120.8 125.9 130.5 134.2 135.3 133.8 130.1 123.8 118.7 122.8 129.4 131.8 132.8 132.9 130.7 128.1 124.4 121 117.3 116.3 119.9 125.1 133.1 140.5 146.4 151.1 153.3 154.1 151.8 148.4 138.4 137.8 143.6 148.2 151.5 152.8 151 145.8
105.4 106.6 107.7 109.6 112 112.3 111.6 110.2 109 106.7 103.5 99.4 92.9 99.2 101.9 102.2 100.3 97.3 94.1 89.2 80.6 84.1 86.8 92.4 96.8 100.6 103 105.5 107.9 110.4 110.9 111.4 110.7 108.9 107.4 110.1 112.8 114.8 114.8 114.5 113.6 113.3 114.4 114.5 114.2 113.9 114.5 114.8 115 115.3 116.1 118.1 121.3 126.2 130.7 133.6 134.4 132.6 128.7 122.8 116.7 121.1 127.2 129.8 130.2 129.6 127.7 125.3 121.4 117.2 114 115.8 120 125.2 133.3 140.2 146.4 150.6 153 152.5 149.7 144.3 134.7 134.3 139.9 144.8 148 149.7 148.7 143
104 105.2 106.3 106.6 109.2 109.1 108.7 107.6 106 103.1 99.9 95.6 90 95.3 98.5 99.4 98.1 95 91.6 87.1 79.1 79 86.1 90.8 94.4 97.1 99.5 102.1 104.5 107 108.5 108.7 108.9 107.2 106.1 108.8 111.2 112.2 112.1 112 110.9 110.5 111.4 111.5 111.3 111.3 111.8 112.3 112.5 113.7 114.8 117.1 122.7 127.7 131.2 132.8 133.1 131.1 127.5 121.6 115.1 118.5 124.1 127.1 127.3 126.6 124.7 121.4 117.9 114.2 112 114 118.1 125.7 133 139.9 145.7 149.8 151.6 150.8 147.3 141.2 130.3 130.3 136.6 141.4 144.3 146.2 146.3 142.1
102.8 103.9 104.2 104.5 105 105.3 105.1 104.8 102.8 99.6 96.4 91.7 87.1 92.7 95.5 96.4 95.5 92.8 89.1 84.7 77.1 77.1 85 88.4 91.2 93.3 95.7 98.3 100.9 103.4 106.3 107 106.4 106.3 104.9 107.3 108.9 109.3 109 108.7 107.9 107.7 108.1 108.8 108.5 108.6 109.2 109.7 110.7 112.3 114.6 119.1 124.4 128.6 131.2 132.1 131.6 128.9 125.8 120.8 114.6 114.6 121.4 124.4 124.6 123.6 121.5 118.7 115.8 111.8 110 112.8 116.8 125.3 132.1 139.1 144.9 148.8 150.1 148.8 145.1 139.7 127.7 126.6 133.2 137.7 140.7 143.3 143.8 142.1
101.8 102.2 102.6 103.1 101.5 102.1 102.3 101.5 99.4 96.5 92.4 88 82.2 89.2 92 93 92.7 90.2 86.6 82.6 74.9 75.6 82.1 85.1 87.7 89.6 92 94.5 97.1 100.5 103.9 105.3 106.3 105.6 103.6 104.6 106.4 106.2 105.9 105.5 105.2 105.4 105.5 105.6 105.9 106.4 107.5 108.6 110.9 113.6 117.3 122.1 126.5 129.1 130.7 131.2 129.1 127 124.1 119.9 114.3 112 118.5 120.9 121.1 120.7 118.4 116.2 113.2 109.8 108.2 110.9 115.8 124.6 131.7 139 143.9 147.1 147.9 146.6 143.2 137.8 125.3 122.5 130 134 137 139.9 141.5 141.3
102.2 103.3 102.7 100.6 98 99.2 99.5 98.3 96.9 94.2 90.2 84.8 78.7 85.8 88.3 89.2 89.1 87.4 84.4 79.9 72.7 73.7 78.9 81.8 83.9 85.8 88.2 91 94.3 97.7 101 102.8 104.3 105.1 103.2 102.1 103.3 104.2 103.9 103.5 102.8 102.8 102.9 103.4 104.6 105.8 109 112.2 114.3 117.1 121 124.3 127.3 128.8 129 128.8 127.5 125.4 122.7 119.2 112.9 109.5 115.2 117.8 117.6 117.5 115.5 113.2 110.9 108.4 106.5 108.9 115.7 123.8 131 138.3 142.4 145.3 145.4 144.2 140.7 136 125.1 118.2 126.3 130.3 133.4 136.1 138.5 139
101.2 101.9 100.9 98.2 95.3 96 96.1 96.6 95.2 92 87.9 82.8 76.5 82.5 84.7 85.9 85.1 83.6 81.4 77.6 69.8 70.6 75.4 78.2 80.1 82.1 84.8 88.2 91.5 94.9 98.5 101.7 104.7 105.8 103.2 101.6 100.8 102 101.9 101.4 100.4 100.7 101.3 103 105.9 109.1 112.4 115 117.7 120.8 122.8 125.3 126.5 126.8 127 126.3 125.4 123 120.5 117.6 112 107.5 111.4 114.6 114.1 114.2 112.7 110.3 108.4 106 105.2 108.5 115.6 123.8 131.6 136.4 140.7 142.5 142.5 141.4 138.1 134.8 125.1 116 121 126.1 129.4 131.9 134.9 135.9
99.1 99.4 97.8 95.2 93.2 93.5 93.7 94 93.2 90.6 86.3 80.7 73.7 77.7 81.4 82.1 81.3 80.2 78 74.4 67.1 67.8 72.1 74.9 76.9 78.8 81.9 85.2 88.8 93.4 98.3 101.8 105 105.7 104.4 101.3 99.5 99.3 99.4 99.7 99.1 100.1 102.5 105.7 108.5 110.9 113.6 116.6 118.5 120.5 122.5 123.8 124.4 124.4 124.1 123.6 122.7 120.7 118.2 115.7 110.3 105.8 108 111.3 111.4 110.8 109.7 107.3 105.9 103.6 104 107.7 115.5 122.7 130.7 135.2 138.5 140.3 139.7 138.5 135.4 132 126.1 113.2 114.9 121.3 125 128.3 130.9 133.2
97.7 97.5 95.3 92.2 88.7 88.9 91 91.6 91.2 88.8 84.9 79.4 71.5 74.3 76.3 77.4 77.7 76.7 74.6 71.3 64.5 64.3 69.3 72.1 73.6 75.5 79 83.4 87.9 92.9 97.9 101.6 104.4 105.2 105 101.8 98.9 97.4 97.6 97.8 99.1 101.7 104.9 106.8 109.6 111.9 114 116.1 117.9 119.3 120.9 121.9 121.5 121.3 120.9 120.5 119.7 118.5 116.1 112.9 108.6 104.3 104.5 107.3 108.1 107.1 105.9 104.7 102.9 101.6 102.9 107.5 115.9 122.7 129.5 133.9 136.2 137.3 136.5 136 134 130.1 125.9 116.2 109.8 116.1 120.1 123.7 126.5 128.4
96.5 95.3 93.2 89.8 85.1 85.5 88.1 90 89.1 87.1 83 78.5 70.1 69.1 72.1 73.1 73.2 72.6 71.1 67.9 62.1 63.3 68.7 70.4 70.5 73.3 77.6 82.3 87.5 92.4 97.2 101.7 104.3 104.9 103.7 101 98.1 96.5 95.9 97.9 100.4 103.4 104.5 106 108.5 110.5 112.7 114.4 116 117.5 118.3 118.7 118.4 118 117.5 117 116.3 115.5 114 111.6 107.5 103.2 101.5 103 103.6 103.4 102.8 101.5 99.7 99.7 101.9 107.7 115.3 123.5 129.5 132.6 134.8 133.2 133.4 132.6 131.2 128 124.1 119.6 109.6 106.9 115 118.3 122.8 125.5
94.3 92.8 90.4 87.3 81.3 83.2 85.8 87.9 87.6 85.7 83.1 79.2 70.9 63.9 68.7 69.1 68.5 68 67 63.9 59.7 62.7 67.2 68.4 68.5 72.2 76.5 81.4 87.4 92.4 97.4 102 104.1 104.7 102.3 99.8 97.4 96 94.6 98.4 101 102.8 104 105.1 106.6 108.3 110.3 112.4 113.5 114.2 114.9 115.3 114.7 114 113.3 112.6 113.1 112.8 112.2 110 107 102.8 100.7 99.5 100.1 100.4 99.7 98.3 97.9 98.6 102.5 107.6 115.5 123.5 127.3 130.2 131.9 129.6 128.3 128 127.3 125.8 122.8 119 111.9 104.3 108.2 113.6 118.1 122.4
92.2 89.8 87.4 83.8 78.4 78.9 82.6 86 86.1 84.6 82.3 78.7 72.4 63.1 61 64.3 64.2 64.3 63.2 59.8 57.5 61.8 64.1 65.7 68.6 72.3 77.4 81.2 87 92.4 97.6 102.2 104.5 104.7 102.6 100.4 97.8 94.5 94.4 98.4 100.6 101.7 102.7 102.9 104 106 108 109.9 110.2 111.3 111.5 111.3 110.5 109.8 109.2 108.6 110 110.1 109.8 109 106.7 102.9 100.2 97.7 96.9 97.5 96.6 96.4 96.6 98.1 102 108 116.2 122 126.7 128.2 128.2 126.4 123.7 124.4 124.3 122.7 120.3 116.7 112.4 105.4 101.8 109.5 114.2 118.6
89 86.8 84.1 80.8 76.1 74.7 79.7 83 84.4 83.3 81.6 78.2 74.4 65.4 58.2 59.3 60.7 60.5 59.5 56.7 55.7 58.8 61.6 63.6 66.9 70.9 75.8 80.5 87.6 94 99.2 102.7 105 104.6 103 100.8 97.4 93.5 94.2 98.1 99.3 99.9 100.1 100.1 101.6 103.7 105.7 107 107.3 107.4 107.5 107.3 106.3 105.6 105 105.8 107 107.9 107.7 107.5 106.2 103 100.1 97.5 95.3 94.6 94.1 94.6 95.2 97.7 101.7 108.6 117 122.4 126 126.2 125.4 122.4 119.6 120.3 120.2 118.7 117 113.6 109.7 103.8 99.4 105 110.3 114.8
85.8 83.7 81 78 74.3 71 77.1 80.6 82.6 82.3 80.7 77.3 73.4 68.2 60.4 54.2 56.2 56.4 56 52.7 53.8 57.8 60 63.3 66.7 71.2 75 82.8 89.1 95.1 100.9 104.2 105.5 105.4 102.6 99.7 95.1 92.3 94.1 97.5 97.9 98.2 97.4 97.3 99 101.2 103.2 104.2 104 103.8 103.7 103.2 102.1 101.4 101.4 102.9 104.3 105.4 106 105.9 105 103 100.3 97.2 94.7 92.9 92.4 92.8 94 97.2 101.7 108.3 117.2 122.7 124.4 124.4 121.1 117.7 116.1 116.5 116.5 114.9 113.1 109.7 106 101.6 97.8 100.6 107.4 112.4
82.4 80 77.2 74.7 71.7 67.6 73.5 78.4 81.3 80.9 79.6 76.1 72 67.8 62.5 55.2 50.9 53.3 50.7 52.6 59.7 61.8 62.8 65.4 68.4 72.6 76.8 84 91.4 97.7 103.3 106.3 107.1 106.5 103 99.1 93.8 91.6 93.7 96.2 96.4 96.2 95.3 94.9 96.5 98.6 100.3 100.8 100.2 99.6 99.4 98.7 98.2 97.7 97.7 98.9 101 102.2 103 103.5 102.8 101.3 99.4 96.4 94.1 92.2 91 90.8 93.5 96.9 101.4 109.9 118.2 122.7 122.8 121.4 117.7 112.7 112.5 112.5 112.4 111.1 108.4 104.9 101.5 97.9 96.3 99.7 106.2 112.9
78.7 77 74.7 71.6 68.2 64.8 72 76.7 79.4 79.5 78.2 75.5 71.4 66.9 62.2 56.1 48.7 48.6 50.9 56.9 61.1 64.1 66 66.9 69.5 73.3 78.1 85.2 94.7 101.1 105.5 107.9 108.3 107.5 103.3 99 93.3 91.2 92.7 94.4 94.4 94.1 93.2 93.4 94.5 95.8 97.5 98.1 97.3 96.3 95.4 95.1 95.1 94.8 94.8 96.7 98.2 99.3 100.6 100.7 99.9 99 98.5 95.8 93.6 91.5 89.8 89.5 93.1 97 103.7 111.5 119.1 121.2 121.8 118.7 113.4 108.4 108.6 109.4 108.7 106.3 104 100.7 97.2 95.5 96.1 101.5 108.3 114.6
74.7 73.1 70.5 68.2 65 62.4 70.2 75.1 77.8 78.4 77.3 74.7 70.8 66 61 55.1 47.6 48.6 55.1 59 61.2 63.3 65.1 67.4 69.9 73.3 78.7 88.8 97.7 103.8 107.8 109.6 110.3 108 104.5 99.1 93.5 90.8 91.5 92.2 92.4 92 91.1 91.9 92.8 94.1 95.2 95 93.9 93 92 91.6 91.6 91.6 92.3 93.8 95.3 96.5 97.6 97.9 97.5 98 96.6 95.3 92.3 91 88.9 89 93.2 97.5 104.3 113.2 119.4 122.1 121.3 115.5 109.2 103.5 104.2 105.8 104 102.5 99.7 96.6 93.8 93.8 97.2 104.2 109 114.9
70.8 68.8 66.2 63.6 60.8 60.4 68.6 73.3 75.5 76.1 75.1 72.8 69.8 65.6 60.6 54.2 46.8 48.6 54.4 56.7 58.9 61 63.6 66.4 69.9 74.7 83.6 93.5 101.8 106.3 109.5 111.5 110.6 108.7 105.1 99.6 94.5 90.1 89.4 90 90.4 89.8 89.4 90.3 91.3 92.4 93.2 92.7 91.6 90.5 89.2 88.2 88.1 88.7 90.6 91.6 92.7 93.7 95.3 96.5 96.8 96 94.7 93 90.5 88.5 87.2 88.8 93.3 97.9 105.6 115.6 121.9 123.6 120.4 114.2 106.1 98.7 99.1 100.8 100.5 98.2 95 92.5 91.4 93.5 99 104.5 109.4 114.3
66.9 64.6 61.9 59.3 56.9 59.7 67.1 71.7 73.2 73.9 72.9 70.9 67.5 64.2 59.9 52.8 45.3 46.5 51.9 53.9 55.5 57.8 61.6 66 70.7 76.3 88.3 98.2 104.8 108.5 110.9 112.1 110.8 108.6 105.2 100.8 95.8 91 88 87.5 87.4 87.5 87.9 88.6 89.4 90.5 91.2 90.7 89.6 88.6 86.8 85.3 85.5 87.3 89 89.7 90.3 90.7 92.8 94 94.7 94.7 93.4 91.1 89.3 87.5 86.4 89.3 94.1 100 108.2 119.2 126.1 127.8 124.8 116.5 106.3 95.9 94.7 95 96 94.5 91.7 89.8 90.5 95.4 99.8 103.4 107.1 111.9
63 60.3 57.8 55.3 54.1 60 65.5 70.5 71.9 71.7 70.7 69.1 66.2 62.3 58.8 52.1 45.2 43.5 48 50 52 55.5 60.2 65.7 71.3 82.4 93 100.5 106.8 110 111.5 111.5 110 107.6 104.4 100.1 95 90.5 88.1 86.8 85.9 85.5 85.5 85.8 86.6 88.2 89 89.3 88.4 87.5 85.8 83.8 83.7 85.6 86.3 86.9 87.5 88.5 90.8 91.1 92 92.8 92 89.8 87.8 86.6 86.6 90.4 95.7 101.8 109.4 125.3 132.9 134.1 131.2 123.6 110.9 96.2 92.8 91.3 91.1 91.1 88.8 88 90.6 95.2 98.3 100.5 104.1 109.9
59.3 56.4 53.8 51.8 52.2 58.9 65.4 69.2 70.3 69.5 68.5 66.4 64 61 57.8 52.4 46.3 41.6 43.4 46.3 50.3 55.2 60.6 65.8 73.3 88.4 97.1 103.7 108.2 111.2 112.6 111.5 109.4 106.9 103.7 101.4 97.6 93.9 90.8 88.4 86.4 85 84.2 83.4 83.7 86 86.9 87.2 86.8 85.3 83.3 81.5 82.6 84 84 83.8 84.8 86.6 89.2 90 90.2 90.5 90.6 88.5 85.9 85 86.1 90.9 96.8 106.2 119.7 132.7 140.1 142.8 139.8 132.1 121.5 105.7 93.6 91.2 89.8 87.2 85.5 87.7 91.1 93.8 95.1 97.5 102.3 110.2
55.8 52.9 50 49.4 53.4 61.4 66.1 67.9 68.5 67.4 65.9 63.7 61.6 59 55.1 51 45.5 39.8 40.5 45.5 50.9 55.4 60.9 67.4 80.6 92.9 100.4 105.8 110.3 112.7 113.4 112.4 110.5 109.3 108.3 107.6 105.1 102.1 98.4 94.3 90.9 88.4 87 83.7 82.7 83.2 83.9 84.2 84.4 83.5 81.7 80.8 80.6 81.6 82.2 81.7 82.6 84.1 87.4 88.8 89.2 89.4 89.3 86.8 84.5 84 87.1 91.9 100.6 111.8 127.4 139.8 147.5 150.3 148.4 142.5 133 118.4 102.8 91.1 88.3 85.9 84.6 87.4 89.3 91.1 92.3 94.6 99.8 112.2
52.4 49.2 46.8 48 55.3 61.6 65.2 66.4 66.5 65.5 63.5 61.3 59.2 56.7 53.4 49.2 44.5 40.3 39.8 45.7 51.4 56 61.9 73.7 87.2 96.2 103.6 109.4 112 113.1 113.4 113.5 112.9 113.1 113.9 114.8 113.1 111.3 108.7 105.3 103.1 96.1 90.7 86.2 82.4 81.6 81.3 81.9 82.2 81.8 80.6 78.9 78.5 79.6 79.6 79.7 81 82.7 85.5 87.1 88.1 88.3 88.1 85.3 82.8 84.3 88.1 93.5 103.6 118.8 135.4 145.8 152.6 155.4 154 148.6 139.5 127.8 109 92 87.5 85.2 83.1 86 87.4 88.7 89.8 93.4 101.4 114.3
49.1 45.8 45.7 50.2 57.7 61.6 64.1 64.7 64.4 63.4 61.4 58.8 56.8 53.6 51 47.6 42.5 38.2 40.6 46.5 51.5 56.3 64.9 79.5 91.7 100.1 106.6 110.7 113 113.2 112.8 112.6 115.1 116.4 119.1 121.2 121.4 122 120.9 117.8 114.5 107.9 98.9 89.8 84.2 81.1 80.3 79.7 79.1 79.2 77.9 77.5 76.5 77.3 77.7 78.1 79.5 81.5 83.9 85.5 86.7 87 86.8 83.7 81.7 83.4 88 95.8 108.6 125.5 141.1 150.4 156.7 159 157.9 152.3 143.5 131.8 111.7 93.1 87.1 84.6 82 84.1 84.7 86 88.7 93.7 104.5 115.6
45.8 43.4 45.9 51.9 57.7 61.2 62.8 63 62.6 60.9 59.2 56.7 54.9 51.2 48.2 44.5 40.8 36.7 40.4 47 52.1 58.6 69.9 86.4 96.9 103.5 109.6 112 113 112.7 111.8 112 114.4 118.8 123 126.2 128.2 129.4 129.2 128.1 125 117.2 107.7 95.3 86.7 83 80.4 79.2 78.4 77.6 77.5 76.3 75 75.1 75.2 76.4 78.7 81 83.1 84.5 85.3 85.6 84.7 82.8 81.1 83.3 89.5 99.9 115.8 133 145 153.8 160.1 163.3 160.6 153.8 144.8 133.1 112.8 94.1 86.6 83.2 80.3 81.6 82.6 85.5 89.1 95.5 106.3 115.8
42.4 41.7 46.9 52.7 58.2 59 59.8 60.6 59.9 58.9 57.1 55 52.4 49.6 45.4 41.8 37.6 36.1 40.9 46.9 52.7 60.7 76.7 90.7 99.8 106.3 110.9 112.1 112 110.7 110.2 109.8 114.9 120 124.1 128.2 130.8 132.9 133.7 133 130.3 124.8 113.6 99.9 91.3 86.6 83.8 81.8 80.3 79.9 79.3 77.8 75.8 75.3 74.9 76 77.5 79.5 80.9 82 83.4 83.4 82.2 80.8 80 83.5 90.4 104.2 122 137.6 148.5 157.1 163.9 166.3 163 154.2 144.2 132.9 112.8 94.5 86.5 81.9 78.9 80 81.9 85.8 90.7 97.7 106.9 115.6
