WholeMapElevations/data/sk/sk39_OST50GRID_20230518/SK39.asc
ncols 200
nrows 200
xllcorner 430000
yllcorner 390000
cellsize 50
[rows 144 to 179 of 200, columns 0 to 79 of 200]
173.2 171.6 173.2 174.1 176.4 180.3 183.5 184.7 184.2 181 176.1 173.5 169.2 163.2 155 144.2 139.1 132.7 125.2 117.8 111.2 105.9 102 95.6 89.4 83.3 82.1 80.5 90.3 104.5 116.4 125.8 132.9 136 141.1 146.3 150.2 155.5 165 168.4 171.2 174.1 170.9 172.8 177.4 178.8 181.3 184.2 185.7 186.7 184.3 178.3 173.4 167.4 161.9 156.4 158.7 167 183.8 195.1 191.5 185.9 181.4 179.5 180.7 189.9 188.8 187.2 182.3 176.7 171 164.9 160.9 155.5 152.7 150.8 146.6 143.9 138.9 136.5
178.2 177.1 178.2 179.6 180.9 185.5 189.5 191.5 190.2 185.5 180.3 177.9 173.7 167 160.2 151.5 143.2 136.4 129.9 122.5 115.9 110.8 105.5 99.4 92.5 86.9 82.7 77.4 81.1 90.4 105.1 117.2 125.7 129.9 135.9 141.9 146.1 151.8 158.4 164.5 169.2 172.8 170.1 168.4 173.5 176.1 176.7 179.7 182.5 183.5 182.1 174.8 169.2 164.4 159.2 154.9 151.9 157.5 173.4 192.6 189.4 184.7 179.3 176.2 176.6 181.3 185.8 185.6 180.3 174.2 169.3 163.5 155.1 155 153.2 151.4 146.5 143.9 140.6 137.8
183.3 182.3 183 184.7 186.3 189 193.9 197.4 196 193.4 188.1 183.9 182.4 177.5 169.3 162 155 145.2 136.3 128.9 121.3 115.4 109.6 102.2 96 90 85.4 81.1 79.7 81.8 90.3 105 118.8 123.8 130.3 135.6 141.2 146.9 152.7 160.9 167.3 170.2 169.2 166.1 168.6 172.6 173 175.3 178.8 179.3 178.7 173.1 166 161.7 156.5 152.4 148.6 151 161.7 187.5 186.8 183.2 177.9 172.7 172.9 174.1 179.3 180.3 177.7 172.8 165.9 161.4 155.5 155.1 149.5 149.4 145.2 141.6 138.2 137.4
190 188.7 191 191.9 194 196 202.8 208.9 204.7 206.2 201.6 191.4 190.2 187.9 182.8 174.6 166.1 156.3 145.7 137.6 127.3 120.5 112.5 107.1 101.8 95.5 89.5 82.2 77.4 79.3 81.3 92.9 107.6 117.3 124 129.9 135.7 141.5 148.1 155.2 163.7 166.8 164.8 162.1 161.8 166.9 169.5 171 174.4 175 173.6 171.4 165 160.6 156.2 150 145.9 147.2 154 176.1 183.4 179.2 175.7 169.7 168.4 168.5 172.6 174.8 173.2 168.9 164 159.1 151.9 151.6 147.6 147.5 143.1 140.2 137.3 135.5
199.9 199.2 199.1 201.7 207.8 215.4 217.9 214.4 211.1 209.2 205.5 198.4 196.8 193.6 188.5 182 176.2 168.2 154.2 147 137.4 126.8 118.9 114.9 108.6 102.1 95.3 87.7 78 77.7 79.5 81.4 99.6 106.8 116.1 123.2 129.2 135 142 150.4 155.4 159.5 160.3 158.8 156.7 159.6 162.3 164.2 168.7 169.4 168.3 167.2 162.9 158.5 152.5 146.3 143.3 143 150.1 176.3 179.5 174.8 172.1 167.2 165.1 165.3 167.5 169 169.1 165.4 160.8 154.1 149.4 148 146.5 143.9 140.7 139.7 136.8 134.3
214 207.7 218.5 221.1 223.5 223.1 220.1 216.9 214.3 210.8 207 203.1 198.1 195.2 190.3 183.4 178.1 173.6 156.1 155.6 148.7 139.2 129.2 121.6 116.6 109.4 101.6 94 85.7 81.5 75.4 80.2 91.4 101.6 107.6 114.7 122 129.4 137 143.7 151 154.8 154.8 153.9 152.5 151.1 153.8 156.1 161.1 163.2 163 161.8 160.2 155.6 148.6 143.3 139.4 138.3 145.4 164 175.6 171.4 167 163.6 162.9 162.7 162.8 164.4 164.8 162.6 157.6 152.6 147.9 143.7 144.4 140.1 138.9 137 135 134.8
233.5 227.5 227.1 229.1 227.4 225.1 222.2 219.3 216.1 212.4 208.5 204.5 200.5 196.4 190.6 185.7 180.5 175.8 171.5 155.3 152.4 151 143.7 135 126.1 118.9 111.5 101.8 92.5 84 78.8 75.2 85.4 95.1 102.8 108.1 115.2 124.7 131.1 135.2 145.3 150.3 150.8 149 147.6 145.3 143.1 146.9 152.7 156.2 157.7 156.4 155.4 151.1 147.4 140.9 136.6 134.6 139.5 153.5 170.4 168.3 162 159.4 160.1 159.9 158.8 160.1 162.5 159.1 154.9 149.2 144.4 141.2 139.5 137 136.7 135.4 134.9 134.9
237.8 236.1 234.2 232.2 230.1 227.5 224.7 221.8 218 214.3 210.7 206.2 202.2 197.6 193 188 183.5 178.1 173.3 166.9 153.1 154.2 150.8 145.5 135.9 127.2 120.6 109.6 98.5 88.3 80.1 72.7 81.1 88.6 95.1 102.3 109 120 126.5 128.1 137.8 142.5 142.9 142.3 141.1 137.6 134.3 137.1 144.4 147.1 150.5 150.3 148.7 147.6 145.2 138.9 133.5 131.1 133.9 144 163.5 166.4 157 155.2 155.6 155.4 155.8 158.2 158.9 156.4 152.1 147.2 142 136.6 138 136.3 134.6 135.5 135.3 135.2
239.7 237.8 235.7 233.7 232 229.7 227.3 224.7 221.4 218.3 214.2 208.7 204.5 198.6 194.3 189.7 185.7 180.7 175.8 170.5 165.7 159.6 154.4 150.2 144.4 134.9 127.2 115.8 104.3 92.8 83 77.3 74.2 81.4 87.8 95.9 102.6 111.5 122.5 125.1 127.6 129.9 131.3 129.7 130.6 129.3 127 128.8 134.4 138 140.6 145 143.7 143.3 143 136.6 130.5 129.8 131 140.8 158.6 162 156.6 151.8 151.5 152.2 153.2 156.7 156.2 151.5 146.6 143.3 138.5 134.6 134 133.8 132.5 135.2 135.6 135.5
241.4 239.4 237.3 235.2 233.8 231.5 229.2 226.6 224.7 221.9 217 211.2 206.3 200 195.1 190.8 187.8 183.4 178.7 173.9 168.7 163.5 156.9 151.4 145.3 140.2 132.5 121 109.5 98 84.9 78.4 76.4 76.7 82.9 89 96.5 102.8 113.1 117.6 120.2 122 121.2 120.1 120.5 121 119.3 122.3 128.3 129.3 133.5 138.9 138.8 136.7 138.7 133.4 129 128.9 130.1 136 155.7 159.9 153.7 148.1 148.1 149.1 150 155.3 153.1 149.2 144.3 140.2 136.5 133.2 133 131.3 129.9 133.2 135.6 135.9
243.5 241.8 239 236.9 235.6 232.9 230.9 228.4 226.8 224.7 220 215.7 208.4 202.2 196.5 193.1 189.6 184.7 180.5 175.1 170.6 165.2 159 152.8 146.7 141.8 135.1 127.4 116.1 101.8 87.5 80.8 77.3 74.4 79.2 82.2 89.2 95.8 100.7 112.9 113 112.3 111.6 112.3 112.5 112.6 113.1 120.1 121.6 124.7 127.2 132.6 133.8 131.4 129.5 129.9 125.7 126.1 128.7 134 153 157.5 150.5 144.6 144.8 145.5 148.7 151.9 151.3 147.7 142 137.3 132.9 129.8 130.3 128.7 128.2 134.5 135.9 136.3
244.7 243.2 242.5 237.6 236.3 235.2 232.8 230.4 228.9 226.6 223.2 219.2 213.3 205.2 199.7 194.7 189.8 185.1 181.8 177.4 171.5 166.3 160.4 154.3 148.2 142.1 135.4 128.9 121.1 108.9 91.6 82.1 77.3 77.6 77.3 79.4 85 91.4 96.8 100.6 101.7 105.6 105.3 107 107.9 107.7 108.4 114.9 114.5 117.4 122.7 123.4 125.7 124.3 122.2 118.7 116.6 121.3 125.9 135 150.7 153.5 148.2 141.8 140.7 141.2 145.6 150.7 148.6 145.6 140.7 134.2 128.7 125.6 127.9 126 126.3 132.3 139.1 139
244.6 242.8 242.4 240 238 236.6 234.8 233 229.9 228.3 225.5 221.4 217 208.5 201.8 196.1 190 185.3 181.6 177.3 174 167.7 161.3 155.5 149.3 142.9 136.4 130 121.8 111.4 97 84.5 76.2 77.3 77.6 77.8 80.7 85.5 90.3 97.8 105.8 98.5 101.5 102.7 103.6 102.8 103.1 107.6 107.6 112.3 119.9 118.3 117.6 117.8 115.1 112.9 113.1 114.2 122.1 137.1 145.3 148.2 144.7 138.2 137.5 137.4 139.5 144.6 144.8 142.8 138.8 132.8 128.4 125.1 122.1 123.2 123.7 127.6 131.1 134.7
248.4 245.2 243.7 241.6 240.9 239.8 237.7 235.3 231.8 229 227 223.7 218.8 211.9 203.5 196.9 190.5 185.9 182 178.3 174.2 168.7 163.7 157.3 150.4 143.5 137.3 130.8 121.6 112.2 103.2 91.4 81.9 77.1 77.3 77.5 77.8 81.2 86.2 90.4 90.8 90.8 90.9 98 99.6 98.5 97.9 99.7 102.5 104.3 107.2 107.1 108.9 109.6 109.2 108 108.3 122.4 132.4 132.6 136.7 143.5 143.1 136 134.8 134.1 134.9 138.3 139.8 139 136.1 132.2 127.5 123.7 120 118.8 122 123.5 125.2 126.8
251.2 248.8 246.8 245.6 245.6 242.1 240.7 236.9 233.7 230.5 227.8 224.9 221.6 216.4 206.2 201 192.6 187.9 183.5 178.8 174.3 168.8 164.5 158.5 151.6 144.3 137.8 131.5 123 114.4 106.3 98.5 90.7 84.5 73 72.6 77.3 77.8 80.9 90.5 90.5 90.5 90.6 90.8 90.9 90.9 90.9 94.7 96.4 97.8 101.1 101.3 97.9 101.9 103.1 106.8 108.9 133 132.1 127.7 130.3 134.6 135 133 131.8 130 129.6 129.7 132.6 134 133.3 130.2 126.1 122.5 118.3 117.6 119.7 119.4 122.9 121.7
254.8 253 251.1 250 246.7 246.4 243.9 240.7 235.5 232 229.4 227.4 222.6 217.7 212.8 204.4 196.4 190.1 185.2 179.1 174.4 168.7 164.4 159.3 152.7 145.9 138.9 132.4 124.4 117 109.6 102.2 97 90.8 84.4 77.2 72.3 75.8 76.9 81.9 90 90.5 90.8 90.8 90.8 90.7 90.8 88.5 88.3 91.7 93.4 97.1 97.1 96.9 97.2 99.5 106.9 125.3 128 124.4 125.6 128.7 133.8 132 129.8 125.8 125.4 124.6 125.4 126.7 127.4 127.5 124.7 121 117.3 115.1 116.3 118.2 117.6 118.6
258.1 257 255.3 253.7 251.9 249.7 246.1 242.8 239.3 234.3 230.9 227.1 222.7 219.8 214.2 208.1 201.9 194.9 186.9 180 174.5 168.9 163.5 159.1 152.9 146.2 139.7 133.6 125.2 117.9 111.2 105.7 101.5 95.2 89 84.2 78.8 70.9 75.7 77.1 82.6 82.2 88.7 88.7 90.6 90.6 90.3 88.4 88.3 87.4 88.4 87.8 92.4 96.2 96.3 95.7 102.6 119.5 123.3 120.3 120.4 127.3 137.7 134 128.7 123.9 120.2 119.5 119.9 120.3 120.8 121.7 122.3 119.8 116.3 114 112.4 112.6 115.2 114.1
262.5 260.2 259.3 256.8 254.6 252.2 248.9 245.3 242.1 238.3 234.1 230.1 226.3 222.9 218.8 214 207.2 199.8 192.3 184.2 177.5 171.2 164.7 158.2 152 146.5 140 133.1 125.6 118.7 113.5 108.6 103.2 97.9 91.7 87.3 83.6 77.8 71.1 73.8 75.9 81.5 82.1 82.5 82.2 85.3 86.9 85.4 88.6 88.6 88.6 87.7 87.6 87.8 88.7 92.6 95.9 112.2 116.5 117 117.2 122.1 134.2 132.8 130 124.1 118.4 114.3 115.9 115.4 115.6 115.9 118.8 118 115.1 113.3 112.2 110.2 111 109.9
266.8 264.3 263 260.7 258.3 255.4 252.2 247.8 244.6 241 237.7 232.4 228.3 225.7 221.6 217.4 212.6 206.5 199.1 190.9 182.8 176.6 167.6 160.6 152.8 146.1 139.8 133.4 127.5 122 116.5 110.8 105.3 99.9 94.2 89.1 86 81.7 79.1 71.5 74 74 76.2 80.9 82.3 83 81.8 82.7 83.8 88.7 88.7 83.7 87.6 86.9 87.3 93.4 93.5 102.6 107.2 110.7 112.9 113.8 118.9 129.6 127.9 123.9 117.5 110 111.9 113.3 110.3 111.3 115.4 114.7 113.3 112.6 111.2 109.3 106.6 107
271.7 269.1 267.1 265.9 263 260.8 257.8 252.4 248.6 244 239.9 234.6 231.7 227.8 223.7 219.8 215.1 210.3 205.7 197.5 189.6 181.5 172.9 164.4 156 149.6 143.2 136 129.4 123.7 117.6 111.8 105.9 100.4 95.3 91.6 87.3 83.8 81.2 79 72.4 73.3 74.5 74.4 80.1 81.6 80.6 80.6 79.7 79.6 82.1 81.8 82.9 84 84.9 84.2 92.7 92.6 99.5 102.6 106 108.1 110.5 114.8 122.7 121.1 116.1 105.2 106.4 113.6 110.3 107.9 109.9 109.4 109.9 110.4 110.1 109.6 105.3 103.7
278.3 275.6 274.1 272.7 270.4 266.8 263.8 258.7 252.4 248 244 238.3 234.3 230 225.9 222.2 217.5 213 209.1 204.2 197.8 188.5 179.6 171 161.2 152.5 146.6 139.5 132 125.9 119.8 113.6 107.6 101 96.2 92.1 89.6 85.2 83 80.9 77.8 74.1 71.3 73.3 72.9 74.4 74.2 74.4 75.2 77.5 77.7 80.8 81.2 80.9 80.5 78 77.8 87.6 91.8 92.9 99.6 101.6 104.2 106.7 113 117.1 108.6 101.2 100.9 112 110.7 107.1 105.9 106.6 107.2 108.6 108.4 108.4 106.6 104.3
280.7 277.3 277.1 275.9 273.5 271.3 268.9 264.3 257.5 253.2 248.9 243.5 237.5 232.9 228.4 224.4 220.2 214.8 209.7 206.1 201.8 195.3 187 178.1 168.6 158.4 150.4 142.6 135 128.8 121 115.3 108.5 102.6 98.4 94.5 91.4 88.1 85 83.5 80.4 77.9 75.6 69.2 70.7 71.2 73.5 74.1 74.4 74.9 76 77.6 77.4 78.4 77.6 77.3 76.9 78.4 81.5 94.7 90.7 96.9 97.8 101.7 103.3 105 100.8 96.8 96.7 110.2 108.3 107.2 104.4 104.1 105.2 106.3 106.9 107.9 106.9 104.8
281.4 278.4 276.9 275.7 274.5 273.2 271.3 268.2 263.1 258.5 252.2 248.2 242.5 236.6 231.5 227.2 222.5 217.9 213.4 208.7 204.2 199.4 193.1 184.5 176.3 165.5 157.7 150.3 141.6 133.8 124.5 119.3 111.7 107.1 103 99.6 95 91.2 88.8 84.7 81.7 85 85.1 79.2 76.9 68.6 69.8 72.5 73.6 73.4 74.2 71.4 71.4 78.6 77.5 75.6 75.4 78.2 75.4 79.1 91 90.5 88.8 96.5 98.1 96.4 92.9 91.9 92.7 104.1 105.4 106.5 103.6 101.8 102.7 104.2 104.3 105.1 105.3 104.8
279.6 276.9 275.1 274.5 273.5 272.1 271 269.6 267.1 265.4 263.7 254.9 246.4 240.8 234.9 229.7 225 220.3 214.8 210.2 205.6 201.3 196.3 189.3 181.7 174 164.9 157.1 148.5 140.2 133.5 124.8 117 112.1 110.3 105.7 98.3 93.3 89.2 88.8 89.7 90.6 90.2 85.7 79.4 74.4 73.1 72.3 71.4 66.7 68.5 71.5 71.4 69.7 70.3 69.1 66.8 73.8 75.4 74.5 78.8 89.4 89.5 89.9 91.8 90.5 88.9 88 89.2 97 100.7 103.9 98.6 98.9 100.9 101.1 100.9 100.6 100.7 101.1
277.5 275.8 273.4 272.3 271.5 270.9 269.5 268 267.4 266.5 264.1 258.1 250.1 243.4 239.3 234 227.4 222.4 217.4 211.9 207.1 202.7 197.7 191.7 186.1 179 171.2 164.5 158.2 149.4 140.3 131 123.2 120.5 115 108 101.6 101.1 97.4 98.4 96 95.4 95.1 92.9 86.5 78.8 75.2 74 73.1 71.1 70.9 70.7 70.4 70.2 70.1 68.8 68.6 66.8 76.6 71.3 71 73.4 88.3 88.9 89.4 88.5 87.6 86.1 87 90.5 91.1 92.2 97.2 101 101.4 101.4 99.6 98.2 97.9 98.1
274.5 273 271.2 269.8 268.8 268.6 267.1 266 265.3 265.2 263.2 258.9 252.5 245.5 241.8 236.1 230.2 225.1 220.3 214.8 209.4 203.6 198.6 193.2 188.6 183.2 177 171 164.1 156.4 146.6 137.4 130.3 121.3 115.9 113.6 104.2 101.2 101.2 106.1 102.6 98.6 97.2 94.6 87.8 83.3 79.4 75.6 75.7 73.2 71.1 70.6 70.2 69.7 69.2 68.9 68.2 66.5 70.1 70.2 70.2 68.8 67.7 87.3 88.4 86.9 88.4 84.7 84.3 87.2 87.7 89.1 99.8 104 103 102.1 99.6 98.1 96.6 95.9
272.8 270.5 268.9 267.6 267 266.1 265.1 264.2 263.3 262.9 261.1 257.5 251.7 247.3 242 237.9 233 227.6 222.4 217.2 211.4 205.3 200.4 194.6 190 185.5 180.9 175.8 168.8 161.6 152 143 132.9 125.2 115.5 114.2 113.2 103.8 111.4 109.1 106.4 103.2 98.5 94.8 91.2 86.2 83.5 82.2 78.8 76.9 74.1 71.4 70 69.5 69 68.4 63.9 69.2 69.4 69.4 69 67.9 67.6 75.6 88.1 87.7 83.1 87.6 82 83.6 86.8 87.7 92.7 106.5 104.7 102.5 100.8 98.9 97.5 94.5
272.3 270.6 268.6 265.9 265.2 264.3 263.4 262.5 261.6 260.7 258.6 256.2 251.3 245.9 241.3 237.5 233.6 229.5 224.4 219.1 214.2 208.7 203.1 197.2 191.4 186 181.8 176.9 170.9 164.9 156.9 148.1 136.6 124.8 122.3 115.3 114.1 116.5 115.1 112.5 107.5 104.1 99.2 95.9 92.2 89 85.7 83.5 82.5 80.1 76.6 72.4 70.2 69.3 68.9 67.5 69 68.8 68.6 68.7 68 68.2 67.9 67.9 84 87.9 78 78.1 84.8 83.4 89.4 89.2 89 108.4 106.9 105.3 103 100.8 97.6 95.4
271.9 270.8 269.3 266.3 264.6 262.6 261 260.1 259.2 258 255.6 253.3 249.5 244.8 240.6 237.3 233.6 229.7 225 220.6 216.1 210.9 205.6 199.9 194.1 187.9 184 178.6 172.6 166.2 159.2 151 142.1 132.2 125.1 121.5 120.4 119 116.5 114.1 109.2 104.9 99.6 97 93.8 90.7 88.1 86 83.7 82 78.4 73.3 71.2 69.6 69 67.5 68.1 68.7 68.5 68.4 67.5 67.8 68.1 68.2 70.3 81.6 74.4 76.3 79.2 83.2 83.4 89.8 89.8 110.6 109 107 104.6 102.6 99.3 95.6
270 269.3 268.5 267.1 264.4 263 260.9 257.8 256.1 254.8 253.3 250.7 247.5 243.9 240.4 237.1 233.6 229.7 226.2 222.2 217.8 212.8 207.5 202.3 196.7 189.9 185.6 179.7 172.6 166.5 159.5 153.5 145.9 140.3 129.9 125.6 122.6 120.8 119.8 117 109.8 106.6 100.6 98.6 96.3 93.2 90.8 89.6 87.1 83.5 78.9 74.8 72.3 70.2 69 68.8 63.4 68.6 68.6 68.5 68.5 67.3 67.7 67.2 67.6 72.2 72.5 75 78.8 80.8 90.3 90.9 91.2 112.7 110.9 108.8 106.2 104.3 102.4 98.9
267.7 267.1 265.8 265.5 263.9 262.8 261.3 259.4 256.5 252.6 250.9 248.6 245.6 243.5 240.2 236.9 232 227.7 226 222.5 218.7 214.1 208.9 203.7 198.6 192.5 187.4 181.6 176 169.1 163.7 156.2 152.5 149.8 136.9 129.8 126.7 122.8 121.3 117.1 112.7 110 105.4 102.2 99.7 96 92.9 89.6 87 85 81.4 77 73.7 71.9 76.1 76.8 71.5 68.4 68 67.8 68.2 67.5 67.3 67.4 67.6 67.8 71 72.9 76.5 78.8 86.5 92.4 91.9 106.5 112 110.6 108 106.9 104.4 100.9
256.6 259.9 264.5 263.7 261.7 260.2 259.9 258.5 256.4 252.4 249.3 245.5 244.6 243.1 239.8 233.2 225.9 224.6 224.1 222.2 218.3 213.7 209 204.6 200.2 195.4 190.5 183.9 178.6 173.2 167.4 164.5 160.1 156.9 149.7 137.3 130.9 127.4 123 119 118.3 114.4 110.9 105.3 102.4 99.2 94.7 89.9 86.8 86 80.3 78.6 75.7 75.1 77.1 76.7 76.3 63.5 65.6 67.1 67.1 67.1 67.7 67.5 67.6 67.7 68.9 70.9 76.1 80.5 85.5 97.8 97.4 104.1 112.3 112.5 110.3 108 103.8 98.6
249.7 251.4 258.4 261.9 258.8 256.9 256 255.3 254.5 252.2 248.6 244.1 242.6 241.3 238.3 234 227 224.1 222.9 222.1 219.2 214.9 211 206.4 202 197.9 193.5 189.1 185.2 182.1 178.5 173.8 167.9 161 152.6 145.8 142.1 139.8 132.9 124.9 120.9 115.8 112.3 107 102.4 97.9 94.3 96.5 99.8 99.1 92.7 79.9 77.6 77 76.8 76 75.3 64.8 66.9 66.5 66.7 67.2 67.8 66.9 66.9 66.9 66.9 69.1 76.1 81.1 87.9 85.9 98.3 101.9 106.9 111 111.4 106.5 100.6 94.5
243.5 245.6 249.9 253.3 253.3 252.4 251.9 251.7 251.9 251.8 249.4 243.7 241.5 239.9 237.3 233.8 225.6 223.4 221.1 221 220.4 217.8 213.6 207.7 203.8 199.7 196.4 193.3 189 186.2 182.8 178.4 171.4 166.2 160.1 153.1 146.7 145.5 134.2 128.7 122.1 117.4 112.7 108.3 103.1 99.3 107.6 110.3 105.7 99.9 94 83.4 77.5 76.8 76.1 75.4 75.2 75.4 65.5 66.3 66.6 67.1 67.4 67.3 67.1 66.1 65.8 65.5 72.8 79.5 86.2 91.1 98.8 100.7 103.1 105.9 105.3 100.6 94.7 90.6
241.8 242.2 246.7 247.4 248.7 248.6 247.6 248.8 249.1 248.8 247.5 244.3 242.1 241.2 237.9 234.3 232.1 228.4 226.9 221.9 219.1 216.3 214 208.5 205.7 202.8 200.1 195.9 191.6 188.1 184.6 179.1 174.5 169.7 164.2 158.6 153 146.3 138.6 132.3 123.7 118.8 114.7 113.3 108 117.7 117.7 113.7 108.7 101.6 94.2 80.3 78.6 76 75.3 74.7 74.1 73.5 63.9 65.8 66.2 66.2 65.8 66.6 65.4 65.3 65.4 65.4 65.7 73.5 81 88.4 84.8 96.9 98.8 100.6 99.5 95.1 89.9 85.4
235.2 239.5 241.6 243.1 245.9 246.2 247.2 247.9 248.8 247.9 247.9 245.9 244.3 242 238.5 235.3 233.8 231.1 228.6 225.4 222.4 218.3 215.2 211.6 208.1 205.5 201.8 197.7 193.7 190.4 187 182.7 178.6 173.3 168.3 161 154.9 149.3 140.6 133.1 126.2 119.7 117.1 125.8 125 123.5 119.9 113.6 109.2 103.6 96.2 81.7 79.7 77.3 75.3 74.5 74.2 73.8 72.5 65.4 65.1 64.8 64.5 64.7 64.9 65.1 65.4 65 65.3 66.5 76.6 81.5 85.9 94.6 95.5 96.5 94.1 90.1 84.3 81.7
