UK/data/se/se49_OST50GRID_20230518/SE49.asc
ncols 200
nrows 200
xllcorner 440000
yllcorner 490000
cellsize 50
[rows 35 to 69 of 200, columns 80 to 159 of 200]
79.7 79.4 79.1 79.3 82.2 80.5 81.4 82.3 82 82.6 82.2 82.7 82.9 86.2 91.3 100.7 108.6 121 135.8 150.1 163.1 170.4 178.4 187.5 194.5 202.2 214.2 227.5 240.9 253 256.5 250.5 245.6 240.6 237.1 235 227.5 215.7 202.9 192.6 180.6 168.8 175.6 186.6 188.7 190.1 191.2 194.2 195.9 195.8 196.3 199.8 204.5 211.9 219.5 225.1 227.6 231.6 233.8 237.9 242.8 245.5 244.6 249.4 255.1 257.5 260.8 262.3 263.4 264.3 265.6 267.3 268.9 270.6 272.4 273 270 265.5 259.8 262.4
81.6 80.7 80.5 80.5 83.7 81.8 84.2 85.1 83.2 82.9 83.2 84.6 83.7 87.9 93.9 106.1 117.1 130.7 142.2 149.1 157.5 167.9 176.9 187.3 193.9 201.7 212.2 231.4 240.8 255.9 255.3 250.1 242.5 238.2 234.8 231.9 221.3 211 202.5 185.8 176.6 168.3 176.1 181.3 181.5 182.6 186.4 190.3 191.3 195.6 192.6 197.1 204.4 217.7 224.7 228.2 230.2 234 235.6 239.1 244.4 246.6 247.7 250.2 255.2 258.8 261.8 263.5 264.9 265.8 267.8 269.4 270.9 272.5 273.3 273.5 271.5 267.9 264.8 262.8
85.7 83.9 82.1 82 85.5 83 84.8 85.1 84.3 83.8 84.7 84.5 85.6 88.9 98.5 109.7 124.2 140.6 145.8 154.9 163.5 168.1 176 187.9 194.5 202.8 214 231.8 241.3 255.3 256 251.5 240.9 235.6 231.5 225.7 213.2 205.7 197.6 177.2 170.6 167.4 168.4 171.4 171.1 175.5 180.5 183.5 190.3 193.5 193.1 198.4 207 220.7 226.7 229.9 232.3 235.4 238.2 240.6 243.1 249.4 252.4 254 256.3 259.5 262.7 265.2 266.2 267.2 269.3 272.2 273.4 274.7 275.7 274.9 273.4 270.2 266.8 263.4
89.6 86.6 83.7 83.9 87.3 86.6 85.2 86 85 84.9 85.6 85.5 87.5 92.2 102 112.2 127.3 148.5 153.6 158.4 164.8 170.5 177.7 189.9 195.5 204.2 216.4 232.4 247.2 253.5 254.1 251 240 233 226.7 220 208.4 200.5 189 173.2 168.5 162.1 165.6 166.4 178 180.4 186.2 188.5 191.6 198.4 199.7 203.8 211.4 222 227.7 230.2 233.3 237.2 240 243 247.5 251.9 254.9 253.7 257.3 260.1 263.8 266.2 267.3 268.9 271.8 274.3 275.4 276.9 277.8 276.3 274.9 271.9 269.2 267.9
91.8 89.7 86.6 86 89 86.9 85.9 86 86.2 86.8 85.8 86.9 89.7 95.7 103.9 115.5 131.7 149.1 155.2 161 167.2 169.5 179.3 189.3 195.4 205.3 218.5 232.7 248.9 251.5 251.5 247.2 238.6 231.9 222 214 204.2 196.6 180.9 165.2 164.2 159.1 168.8 176 180.8 187.5 193.3 197.4 196.8 200.2 204.5 211.2 218 223.3 227.8 231.3 234.1 237.5 240.7 243.4 247.7 253.2 255.9 257.6 258.1 260.7 264.9 267.1 269.5 271.6 273.8 277 278.2 279.4 279.8 278.5 276.9 274.4 272.1 270.1
92.4 91.5 89.4 87.5 90.8 85.9 85.8 86.3 89 89.4 87.8 88.7 92 97.9 110.6 125.9 138.2 146.6 153.5 160.4 167.4 170.2 181 190.2 196.3 206.8 219.2 231.6 248.4 248.7 246.3 242.4 235.5 228.1 217.8 207.9 199.3 186.7 171.5 161.2 160.5 164.3 169.9 175.4 185.4 191.9 195.3 197.5 202 203.7 207.8 215.1 220.4 225 229.3 232.5 235.1 237.5 240.5 243.5 246.1 251.5 254.1 258.3 260.2 261.9 265.8 269.3 271.3 274.7 276.6 280.6 282.7 284.2 283 280.4 278.6 276.9 274.5 272.2
93.7 92.1 92.1 90.3 92.4 87.2 87.8 89.1 91 90.7 88 88.5 96.3 109.7 123.7 136.2 143.7 150.6 157.7 163.7 168.9 172.4 181.7 187.9 196.6 208.6 220.5 232.2 246.7 247.9 244.3 234.9 230.5 222.1 212.2 201.9 194.4 179.6 167.5 159.4 159 162.7 173.6 179.1 189.9 191.7 195.7 200.6 208.4 211.5 212.9 216.9 221.7 226.2 230.9 234 236.9 238.3 240.9 244.2 247.1 250.1 254.5 259.8 262.9 264.3 267.6 271.5 273.1 277.1 279.1 281.7 283.5 285.2 285.6 282.7 280.7 278.7 276.8 274.9
98.3 99.7 100 96.4 94.2 90 90.3 91.9 93.4 91.7 89.4 92.4 108.9 123.5 133.1 141.1 148.8 154.8 159.4 165.1 169.9 174.6 182.6 187.9 198.8 209.9 222.6 235.6 247.6 246.3 241 232 223.1 215.9 205.1 195.9 190.6 174.8 165.3 163.4 159.4 163.7 177.1 180 189.8 191.6 198 203.7 210.7 215.4 218.1 219.3 223.5 229 232.7 235.6 238.7 240.4 243.3 245.1 248.2 251.8 255.4 259.6 263.1 267.2 271.3 273.6 275.4 278 280 282 283.3 284.2 285.4 285.1 283.2 281.2 278.6 277.3
100.6 101.1 101.9 102.3 95.9 94.2 94.6 94.6 92.3 90.9 90.7 99.6 118.2 133.2 138.9 146.4 152.1 157.7 161 166.2 171.2 175.1 180.8 188.2 196 210.2 224.7 241.7 247 244.1 237.4 229.3 216.2 208.4 199.5 190.9 187.4 170.7 166.4 162 160.4 171.1 180 182.1 189.3 191.7 196.9 203.2 210.8 215.2 220.7 222 225.4 231 234.1 237.5 240.1 242.7 245.4 247.9 249.7 253.1 256.4 260.4 263.8 268.6 273.4 275.6 277.1 278.5 279.8 281.1 282.2 283.4 285 285.8 285.2 282.6 280.5 279
101 101.5 102.8 103.4 97.7 99.3 98.9 95.6 92.7 92.8 94.4 108 120.8 135.4 143.7 149 156 159.6 162.6 166.6 172 174.4 178.6 184.7 194.4 206.5 219.7 236.6 230.5 226.4 223.1 218.1 210.6 207 197.7 188.5 183.9 172.8 165.6 159.3 157.8 165 176.3 183 189.4 191.7 196 202.7 210.5 215.5 222.7 225.2 228.5 233.6 237 240.2 243 245.4 247.8 250.5 252.6 255 257.3 260.6 264.2 268.6 273.5 275.9 277.1 278.3 279.1 279.9 281 282.3 283.7 285.7 286.3 283.6 282.1 281
102.3 102.5 103.9 104 99.3 101.4 100.3 98.2 94.1 94.6 100.1 109.4 121.4 139.9 148.7 153.1 156.9 160.4 163.8 167.6 170.3 172.9 177.6 181.9 192 202 211.6 222.3 220.3 218.3 213.6 210.1 205 203.5 195.8 188.7 186.7 181.6 166.2 156.6 157.1 164.4 172.1 178.8 187.5 191.3 195.9 201.9 209.1 215.8 221.7 228.1 231.4 236.2 240.2 243.2 245.2 247.7 250 252.5 254 256.3 259.2 261.6 264.6 268.2 271.7 274.4 276.5 276.9 276.8 277.8 278.7 280.5 282.4 284.3 285.9 286.6 284.7 282.8
102.2 102.7 104.7 104 100.9 102.1 100.6 97.8 95.9 96 102.1 108.7 121.2 140 150.9 155.2 158.7 161.6 164.7 167.6 170.5 171.6 173.8 178.1 187.8 197.6 205 208.4 209.8 207.7 203.1 198.6 197.9 199.1 191.7 189.1 189.2 187.5 175 160.1 151.3 159.1 165.4 173.9 179.4 189.8 195.6 201 206.5 214.5 223.4 228.7 234.6 238.9 242.5 245.6 247.6 249.6 252.3 254.3 255.7 257.6 260.3 262.2 264 266.7 269.5 271.9 273.9 274.7 274.1 275 276.6 278.6 280.7 282.5 285.1 286.9 285.6 284.9
100.3 102.1 104.4 104.8 102.6 100.9 98.6 96.4 97.6 100.1 102.7 107.8 118.7 139.3 150.4 155.2 158.9 161.3 163.6 165.8 168.9 171 172 175.6 183.5 190.4 195.9 197.3 197.1 197.7 195.8 189.6 191.2 190.8 189.8 189.5 189.8 188.7 183.6 168.4 154.6 152.6 160.2 166.8 172.9 183.5 194.9 200.1 207.1 214.9 225.4 231.5 236.9 240.7 245.3 248.6 250.5 252.3 254 256 257.3 258.7 261 262.7 264.3 266 267.8 269.8 271 272.3 272.4 274 275.5 276.9 278.8 280.8 283.6 285.9 287.3 287.4
98.9 100.4 103 104.8 103.9 102.9 100 99.9 99.4 101 102.3 108 119.1 135.2 149 153.9 156.9 158.9 161.3 163.3 166.7 170 170.9 171.3 178.7 185.3 186.1 187.6 187.1 190.2 191 186.4 185.2 185 187.3 190.1 190.1 188.9 188.7 171.4 157.8 150.2 157.3 162 169.6 181.3 196.3 201.5 209.1 217.4 226.7 234.2 239.3 244.3 249.5 251.9 253.8 255.2 256.1 257 258.4 259.8 260.5 261.8 263.5 265 266.6 268 268.9 269.8 271.5 273.2 274.5 275.9 277.4 279.3 282.1 284.7 287 288.6
98.4 99.1 101.6 103.5 104.8 105.1 105.8 103 103 105.1 104.7 109.1 117.8 132.5 142.7 144.8 151 154.5 157.3 159.6 163 167.1 168.9 168.4 172.4 179 180.3 181.1 181 189.6 190.6 186.6 182.8 179.4 188.6 190 189.8 188.7 188.3 175.5 154.3 150.4 156.5 160.7 165.1 182.8 195.2 203.8 210.6 218.2 226 234.2 240.2 250.2 253.5 255 255.9 256.8 257.6 258 259.4 260.3 260.1 260.6 262.1 263.6 265 266.2 267 267.9 269.8 271.5 272.9 274.5 276.7 278.3 280.6 283.2 285.9 288.5
98.1 98 100.4 104.4 105.1 104.1 102.7 103.2 106.2 107.7 107.1 107.7 115.4 124.4 137.3 145.8 149.5 151.2 153.2 156.1 159.1 162.3 164 164.7 167.2 172.3 174.9 175.9 177.6 184.8 189.2 186.3 181.3 179.6 186.7 188.2 186.8 188.3 186.4 181.2 157.8 149.4 154.3 157.9 166.8 182.8 195.1 206.7 213.4 219.7 227 235.4 241.7 251.4 255.2 256.5 257.4 258.4 259 259 260.2 259.8 259.2 259.7 260.3 261.8 262.6 264 264.5 266.1 268 269.8 271.6 273.6 275.6 278 280 282.3 285 287.2
97.1 97.4 99.9 105.7 105.3 102.5 106.4 109 109.5 110.2 109.3 110.7 113.4 117.6 124.8 133.4 141.1 147 152.2 154.4 157.2 159.8 160.7 163.5 165.9 168.7 169.1 169.1 171.3 177.4 179.7 179.3 176.9 175.5 180.8 185.3 183.4 186.7 184.1 175.2 156.2 147.9 152.7 158.4 166.1 181.5 194 208 215.7 222.7 229.7 236.3 243.2 251.5 255.7 258 259 259.8 260.3 260 259.4 257.9 258.1 257.5 258.3 259.3 260.4 261.6 262.5 264.1 265.9 267.7 270.4 272.5 274.5 277.2 279.2 281.6 284 287.5
97.1 97.5 100.4 106.6 104 103.2 107.4 110.9 111.6 111.7 113 113.3 114.9 118.5 121.1 134.4 140.5 145.7 149.8 153.2 156.2 158.2 160 162.2 164 165.1 165.6 164.9 167.6 171.3 174.5 176.8 173.6 169.6 177.1 180.4 179 181.6 180.8 175 161.6 146.5 153.2 158.6 165.9 179.7 193.8 206.7 218.4 223.9 233.3 240 245.4 254.3 255.5 257.6 259.8 260.2 260.3 259.1 256.6 255.9 254.4 253.5 254.8 255.4 254.4 256.3 259.5 261.3 263.1 266.3 268.9 271.1 273.3 276.3 278.5 280.4 282.9 286.4
98.1 101.6 104.2 106.2 105.4 104 105.9 111.4 113.6 113.3 115.2 118 124.4 127.1 127.5 132.2 140.5 145.6 150.8 154.4 156 156 158.8 161.3 162.5 162.1 161.9 163.2 166.2 167.5 170.2 172.8 169.8 168.2 173.2 172 171.5 174.3 174.3 171.4 168.1 146.3 146 152.1 165.1 177 195.3 205.6 218.5 224.2 232.6 241.5 247.6 253.9 253.7 254.9 256.5 256.2 254.1 249.9 247.5 246.1 243.6 245.6 249.1 250.5 251.4 253.9 256.3 258 261.2 264.4 267.5 269.7 271.8 274.7 277.8 279.8 281.8 285
101.3 106.2 107.4 105.9 104.9 103.7 105.3 109.6 113.4 115.7 117.8 120.8 125.6 129.7 133.3 138.2 142.9 147.9 151.9 155.3 155.8 153.2 154.7 157.3 158.3 159.3 161.5 163.1 162.7 160 163.9 166.8 163.5 166.5 171.9 171 162.1 167.3 168.2 169.8 166.9 144.4 148.3 154.4 162.9 172.4 193.3 204.9 219.3 224 229.8 239.2 245.2 248.1 248.7 249.9 249 247.2 243.1 236.9 233.8 233.1 232.9 235.8 240.1 244.6 247.2 251.3 252.6 255.4 259.2 262.4 265.6 267.9 270.2 273.9 276.4 278.8 280.8 283.9
105.2 108.1 107.3 101.9 104.1 103.4 105.1 108.7 109.9 112.8 114.8 123.3 127.8 132.2 139.3 143.6 147.3 151.6 153.5 156.1 154.6 151.3 151.7 154 156.2 158.3 162.1 162.7 160.9 158.5 160.1 160.5 159.4 163.7 165.8 165.4 161.7 166.2 167.8 171 161.4 144.5 144.8 152 160.2 170.1 185 202.5 210.3 220.1 226.4 233.1 237.1 239.1 242.6 241.5 241.1 237.1 229.9 223.7 218.6 215.6 216.7 219.2 226.8 231.8 238.7 242.7 247.3 253.1 257 260.2 263.3 265.4 267.6 271.2 275.4 277 279 280.9
107.9 107.4 104.9 101.5 103.7 104.6 104.9 105.6 108.8 112.9 114.2 119.7 130.4 133 140.9 145.8 149.7 151.5 155.3 154.8 149.9 149.2 150.6 153.4 155.8 159.1 163 163.2 161 158.1 159.4 159.6 156.5 159.4 160.1 159.6 160.7 164.6 167.2 171.8 166.2 150.5 141.3 145 158.4 167.4 178.3 194.6 203.4 209.8 219 227 230.8 232.7 231.8 229.8 230.8 224.9 216.9 212.3 208 206.5 206.3 207.8 211.6 219.5 230.5 235 244.2 250.5 254.9 258.6 261.5 263.4 265.3 268.5 273.1 275.4 276.4 277.8
105.6 107.4 103.6 101.1 102.8 103.6 104.1 103.3 106.3 110.7 112.7 117.2 124.6 130.1 139.1 145.9 149.7 152.3 155.2 150.7 142.7 146.2 149.8 153 154.9 158.3 163.5 162.6 154.5 156.5 157.6 155.2 156 159.7 161.2 161.1 160.2 162.2 168.3 169.2 169 154.9 139 143 157.9 168.3 174.2 184.9 194.4 201.8 208.9 219.2 223.4 226.2 226.9 227.3 220.7 215.3 209.8 204.4 200.8 197.6 192.5 204.3 204.3 208 219.9 232.5 242.4 248.6 253.6 257.5 259.3 260 262.6 265.3 270.2 272.9 273.9 275.1
109.3 107.4 104.8 100.8 101.5 101.9 104.3 103.6 104.9 108.6 111 112.9 118.5 124.5 134.4 144.1 147.8 150.3 148.3 146.2 139.7 143.8 150 153 154 156 160.4 156 145.2 153.3 151.8 149.1 155.2 154.3 160.6 162.3 161.2 164.1 169.2 169.6 167.9 158.4 139.5 142.1 155.4 162.8 168.4 176.2 184.1 194.7 200.4 206.8 212 216.8 219.7 221.6 217.7 210.8 202.6 195.1 188.4 189.1 202.4 210.3 219.8 222.8 214.2 229.9 241.3 248 252.4 255.4 256.5 257.1 259.1 262.3 266.2 269 270.2 272.7
109.1 107.4 103.3 99.5 100.5 101 102.7 103.5 104.7 106.3 109.1 112 115 119.8 125.9 134.7 142.9 139.2 141.1 139.9 134.9 139.1 144.7 146.9 145.2 143.7 144.6 144.9 139.5 148.9 142.9 143.2 147.3 149.9 156.8 159.9 161.7 164 166.1 168 168.7 157.2 144.5 138.4 150.4 159 170.7 179.7 181.3 187.6 193.3 198.9 203.2 206.4 208.6 212.9 209.3 201.2 190.8 182.3 188.2 201.6 214.7 224.4 230.8 234.2 233.3 226.9 238.6 245 250 251.2 250 251.9 254.5 258.5 260.5 264.2 265.8 269.3
106.4 105.4 99.9 99.3 100 101.2 100.7 101.8 103 104.4 108 112.2 113.7 117.2 121.7 124.1 128.8 130.8 129 128.6 129.8 132.6 134.5 136.9 135.6 133.3 134.7 135.2 136 138.5 139 141.3 145 149.1 152.2 155.6 159.9 161.2 163.2 163.4 164.4 149.8 141.8 136.1 150.9 162.4 170.2 183.2 187.4 187.2 190.6 194 197.1 201.8 202.4 203.4 200 186.6 176.6 180.3 197.4 208 221.6 231.2 236.9 239.6 240.6 240.4 235.4 242.6 246 248 251.7 254.9 256.5 257.4 260.9 264.7 267.6 271.7
96.6 97.7 97.5 98.2 98.6 100.3 98.2 100.7 103.1 103.9 105.7 108.9 111.8 115.7 118.4 120.7 121.8 123.7 124.8 125.7 126.5 127.5 127.9 127.6 127.1 127 128.2 132.6 135.5 135.2 135.7 137.4 143 147.8 149.7 153.7 155.6 156.1 158.3 160.2 161.6 148.8 137.3 133.3 148.1 159.3 168 185 186.8 188.3 190.2 191.5 193.7 199.9 200.6 200.2 190 181.2 176.7 182.2 200.2 210.2 224.1 232.9 239.5 242.8 245.4 246.2 245.7 246.8 248.4 251.4 255.5 257.7 259.3 260.7 263.3 267 270.4 273.5
102.9 96.2 96.9 97.1 98.1 96.8 99.4 98.5 100.4 103.2 104.7 106.7 109.8 113.8 115.4 118.7 121 121.5 123.6 125.2 126.5 126.4 124.6 122.2 124.5 124.1 127.5 131.5 136.2 133.8 132.7 134.9 140.5 145.7 149.5 151.6 153.8 154.1 155.4 155.2 144.6 139.3 131.7 136.6 145.2 158.2 167.9 183 184.9 187 188.2 189.3 190.7 192.7 194.6 188.3 182 169.1 173.4 183 200.6 210 222.7 231.8 240.3 245 248.4 249.6 249.7 250.7 251.7 254.2 256.8 258.8 261 263.1 264.9 268.5 271.8 274.6
101.4 101.5 93.9 96.5 97 98.5 99.4 99.4 100.7 100.6 99.1 104.9 106.8 110.5 113.9 115.8 117.6 119.9 122.2 123 122.7 124.2 122.4 120 120.6 121.5 125.7 133.3 134.1 131.1 131.6 132.3 137.9 141.8 147.1 148.6 148.3 150.9 149.5 139.8 134.6 131.4 132.6 140.1 144.7 159.8 169.7 178 178.2 180.3 184.9 186.8 188.4 190.2 191.2 182.2 171.6 166.9 178.6 184.7 201.1 210.7 222.6 232 241.7 246.7 250.2 251.7 252.7 253.8 255 256.7 258.2 259.8 262.3 264.3 266.2 268.7 271.4 274.2
99.7 102 103 104.3 102.9 101.1 100.3 100.3 102.7 102.9 101.2 102.8 105.5 108.1 110.4 113.4 115.1 117.3 119 118.8 121.2 122.1 120 118.4 118.8 120.7 123.1 129 130.7 129.4 131.8 131.5 133.2 134.9 140.3 146.3 147.6 148.7 138.4 133.2 130.1 133.5 138.7 144.8 156.2 163.9 168 168.8 170.8 176.2 182 183.9 186.8 188.1 189 178.4 165.8 166.8 176.3 185.8 200.9 211.3 225.3 234.1 244.4 250.1 252.2 254 255.2 256.2 257.3 258.6 259.6 260.7 263.2 265.2 267 268.3 269.5 272.3
100 102.4 102.8 106.2 108.3 105 102.7 103.1 102.7 102.3 102.6 100.1 105.8 107.7 109.1 111.2 112.8 114.3 115.2 114.5 114.9 118.1 116.9 117.1 118.2 120.3 122.1 122.4 124.5 126.6 129 129.5 131.1 132.7 136.2 140.4 144.2 142.8 133.9 131.4 130.3 138.2 143.3 150.9 155.9 160 163.8 166.2 166.8 169.1 176.6 181.2 185.4 186.9 187.4 174.4 161.9 163.3 175.1 189 201.4 214.8 228 237.2 248 253.8 255.6 256.4 257.1 258.2 259.6 259.9 260.4 261.6 263.4 265 266.6 267.4 268.1 268.6
100.3 101.3 103.3 109.4 113 109.9 105.3 104.2 103.9 104.4 104.3 101 106.4 108.4 109.8 110 110.3 110.7 111.1 111.9 112.4 108.6 110.7 115.8 117.2 119.2 120.9 121.3 122.9 122.8 126.6 128.4 130.6 132.6 134.5 134.5 137.5 133.7 128 132.9 137.1 144.5 150.1 151.8 154.8 156.9 158.9 160.1 162 164.8 172.3 179.4 183.6 186.2 186.2 169.8 158.7 165.3 179 195.6 206.3 219.7 231.6 241.4 252.1 256.4 258.4 258.8 259.5 259.9 260.3 260.7 260.8 261.2 262.7 263.7 265 265.8 265.8 266.5
100.5 101.6 103.1 110.9 113.9 110.8 105.3 104.7 105 105.5 104.6 103.4 101.7 104.3 104 105.9 110 110.1 110.8 109.2 111.4 112.7 114.1 115.2 116.7 118.1 115.5 115.8 116.5 114.7 114.3 122.4 126.1 128.2 128.6 127.4 124.8 128.9 132.5 135.9 141.2 147.7 149.2 152.9 154.9 158.1 158 157.3 158.1 162.4 169 177.4 181.7 185.7 176.9 164.1 158.6 171 189.9 200 211.3 223 233.8 244.2 255.3 259 260.3 260.4 261.6 260.5 260 260.4 260.2 260.6 261.3 262.3 263.3 263.7 263.8 265.2
101.1 101.3 102.7 108.3 109.7 107.8 105.4 104.8 105.5 105.9 107 105.4 105.4 103.8 106.7 105.9 108.4 109.1 107.1 110.4 112.9 113.5 114.9 114.7 112.1 116.7 117 118.2 119.4 120.4 121.4 120.7 119.2 123.7 123.4 124.2 124.5 129.3 133.3 136.9 138.5 144.3 151.5 153.3 154.2 156.3 157.7 158 159.1 161.1 166.3 174.1 180.9 184.7 173.9 158.9 165.6 181.1 194.9 204.9 214.1 222.9 234.6 244.5 253.4 259.5 261.1 261.7 262 261.5 259.5 258.9 258.7 259.4 259.3 259.6 261 261.3 261.4 263
102 101.8 102.6 104 104.6 104.1 104.2 105.3 106.3 109.3 110.1 109.8 106.4 106.6 107.4 107.8 109.3 109.4 107.7 113.1 114.1 113.4 114.6 115.1 115.9 116.8 117.5 118.1 119.5 120.3 122.2 125.6 128.1 130.6 134.3 135.2 127.9 127.2 130.7 132.3 132.8 132.9 142 153 149.1 151.1 149.3 155.1 159.5 162.7 166.4 170.3 169.2 170.8 167.6 156.5 163.3 188 195.4 206.2 214.7 222.6 231.8 245 250.7 258.6 261.2 262 261.6 260.6 258.4 257.1 256.9 256.9 257 257 258.7 258.8 258.8 260.8
