WholeMapElevations/data/nc/nc31_OST50GRID_20230518/NC31.asc
ncols 200
nrows 200
xllcorner 230000
yllcorner 910000
cellsize 50
[rows 70 to 104 of 200, columns 0 to 77 of 200]
370.6 358.9 350.7 341.7 338.2 330.8 315.6 305.1 298.2 297.8 298.8 276 266.2 256.8 257.7 251.9 246.9 242.5 239.6 239.6 248.6 245.6 250.6 251.9 254.5 259.9 270.4 278.8 288.1 300.2 314 332.3 349.6 371.7 391.9 424.1 471.3 500.1 525.3 534.2 526.4 525.3 502.1 459.1 420.3 402.6 390.2 390.2 390.2 390.2 390.2 390.2 390.2 390.2 390.2 403.8 414.9 421.9 434.3 446.1 463.2 490.6 534.1 559.9 584.3 607.5 631.2 655.2 672.5 686.7 698.4 709.3 707.1 701.9 691.1 670.4 647 629.4
374.4 363.9 352.8 346.4 340.7 329.8 319.9 308.5 300 302.9 300.3 278.7 265.5 252.9 252.6 248.6 244.7 243.4 241.5 236.6 237.9 237.4 239.7 244.7 252.2 255.9 266.4 277.1 282.3 290.9 304.7 323.9 341.2 363.1 380.3 402.5 443 477.5 502.9 499.3 488.6 484.8 480.9 455.9 416 406.3 390.2 390.2 390.2 390.2 390.2 390.2 390.2 390.2 395.5 404.3 414.1 420.1 431.4 441.5 457.9 472.9 511.2 539.8 567.5 592.8 613.5 639 661.9 679.3 695.2 711.2 714.2 708.6 698.1 688.3 674.3 663.4
379.3 366.3 359.1 356 345.5 338.5 322.7 309.9 301.6 304.9 301.3 271.7 259.4 252.2 249 246 243.5 242.5 242.5 238.7 236 235.6 235.4 239.5 244 251.2 258.3 265.6 275.9 288.2 295.8 310.7 331 349 369 390.2 416.5 451 477.7 469.4 461.1 461.1 459.5 443.4 410.7 397.7 394.9 390.2 390.2 390.2 390.2 390.2 397.2 401.1 402.3 407.9 412.1 417.7 424.5 432.8 449.4 462 489.9 513.9 541.3 567 591.5 616.5 639.1 661 684.5 700.6 707.7 707 703.9 696 689.7 681.6
383.5 369.7 361.5 356.8 350.9 339.7 323.3 310.8 301.2 294.9 289.2 274.6 260.1 255 258.8 247.5 244.7 243.7 239.7 238.5 238.5 235.4 234.1 235.4 240.2 245.3 252.5 262 271.5 279.8 287.5 298 317.2 336.7 353.2 374.1 395.7 414.2 453.1 445.8 440.4 440 436.3 401.4 387.3 389.3 389.7 391.7 398.2 401.2 398.2 399.2 404.8 405.1 406.3 409.2 410.5 411.8 416.5 419.7 431.8 438.7 456.6 478.6 514.4 537.4 563.2 591.9 611.7 636.4 662.5 678.4 693.6 699 698.5 695.9 690.4 683.9
385.1 374.5 364.5 356.8 350.1 341.4 331.9 312 303.8 294.8 286.1 280.6 264.6 258.8 256.6 249.5 246.8 245.5 243.3 241.4 240.4 236.6 235.8 234.9 236.5 240.5 248 259.7 265.6 274.5 282.9 289.4 300.3 316.7 337.8 362.5 377.6 392.9 398.2 416.3 422.3 397.1 401.7 380.8 374.9 375.1 386 398.9 396.7 399.7 402.6 406 407.9 411.5 413.6 411 409.1 411.2 408.6 411.2 413.8 427.1 436.8 458.7 488.3 509.3 531.3 560 583.2 607.5 629 646 663.9 691.1 697.4 691.4 686.2 685.8
382.5 371.5 362.3 349.7 341.2 337 332.5 325.2 314.6 302.4 290.3 279.6 266.2 259 254.1 251.3 249.1 245.8 244.7 244.1 238.8 237.3 234.8 233.7 232.4 236.8 240.1 255.4 261.5 267.5 275.8 281.5 292.4 304.8 324.4 346.3 363.9 374.6 383.1 378.8 372.9 366.4 357 351.1 356.2 368.9 381.2 394.6 399.4 399 404.6 408.1 411 411.2 413.3 411.8 408.6 405.9 406.7 406.2 401.9 406.2 418.1 439.1 456.7 478.5 501.3 531.9 549.5 574.1 594 615.7 638.5 660 680.1 683.3 681.8 684.1
376.1 363.9 359.8 361.7 356.1 348.3 342.3 335.7 322.7 304.7 296.2 286.5 271.5 259.6 256.5 249.2 247.3 245.7 250.6 251 240.3 236.9 234.6 235.1 232.3 232.9 235.7 247.1 255.9 263.8 268.9 277.4 283.7 296.2 311.8 332.1 349.6 356.7 353.1 353.2 348 338.9 335.9 338.9 347.9 357.1 374.2 389.8 394.8 396.7 404.7 408.5 411.4 410.9 410.1 410.2 405.7 400.9 398.5 397.1 393.9 397.7 403.1 412.2 437.3 449 466.7 495.3 517.5 542.9 563.4 585.2 610.6 626.1 642.7 662.2 671.6 674.5
376.7 376.8 375.5 371.8 366.5 359.3 351.3 342 330.5 315.1 300.2 286 277.9 261.8 252.7 246.7 246.8 246.7 251.4 251.6 240.7 237.6 237.3 237 231.6 230.2 237.5 243 250 257.8 266.2 272.3 275.4 283.2 299.2 316.8 340.2 348.4 345.7 341.5 341.4 327.8 328.1 336.9 347 353.4 368.1 385 393 397.7 405 408.9 410.1 408.9 406.5 407.1 403.1 399.5 392.5 390.3 388.2 388.6 394.4 396.7 406.3 424.6 442.6 464.2 488.7 511.9 534.5 556.1 575.8 594.1 611.7 629.6 641.5 655.6
390.8 392.4 393.3 392 381.4 370.1 360.3 354.1 343.4 328.9 306.3 291.6 277.6 264 255.1 247.1 244.2 246.2 251.8 246.7 243.3 239.5 237.4 236.7 232.5 230.1 235.1 240.3 244.6 252.7 258.1 266 266.4 275.3 286 300 320 336.1 331.3 331.3 327 323.4 324.8 333.5 348.2 354.2 367.3 378.2 388.5 394.7 399.9 400 402.8 404.9 405.5 404.6 402.4 398.4 395.7 387.9 382 382.4 385.1 388.4 393.3 412.5 418.4 437.8 458.9 480.6 505.9 524.4 544.7 566.8 581.3 594.9 613.3 634.6
409.8 418.2 430 419.4 405.8 391.8 380.7 367.7 360.9 343.6 317.8 298.3 278.5 265.6 255.6 246.4 243.4 242.2 244.2 244.8 239.2 238.7 236.4 238.8 232.1 226.9 233.1 236.8 239.8 249.7 254 258 260.3 265.9 277.2 289.8 301.6 311.7 316.8 323.9 320.6 325.6 327.9 333.1 342.3 353.5 361.6 377.7 382.8 390.5 393.7 395.3 399.1 400.2 402.8 401.4 400.3 397.5 392.3 388 379.7 374.7 374.4 381.4 382.9 392.3 400.5 418 432.6 451.8 474.9 493.3 516.8 535.5 546.9 565.2 585.4 606.2
447.5 456.3 463.7 450.3 435.1 419.9 406.3 394.6 381.7 368.8 342.6 314.3 288.8 269 258.4 250.7 242.5 241.7 239.3 237.5 237.2 237.2 236.5 233.8 231.9 228.1 228.6 234.7 238 244.5 248.3 251.6 255 257.3 267.6 276.7 288.3 295.2 300.7 308.6 320.3 329.7 332.3 333.5 340 350.7 360.6 372 374.2 383.7 385.2 386.5 388.6 394 395.4 397.4 395.8 392.9 388.9 384.3 379.1 374.6 373.1 374.1 377.4 381.9 386.9 399 412.3 427.5 442 465.4 489 505.9 518.2 535.4 556.6 576.5
477.2 496.9 504.7 486.6 468 456.3 433.1 423.9 411.2 395.9 380.8 355.8 314.6 279.5 260.1 248.3 241.6 242.9 239 236.4 236.4 235.6 235.3 232.6 231.5 227 223.8 232.3 235.3 239.7 244.4 246.7 251.5 252.6 259.2 269.6 276.6 289.8 291.4 301.6 315.6 326.9 334.3 336.2 343.1 348.3 351.5 363.7 368.3 374.8 379.8 383.5 386.9 391 392.9 391.8 388.2 386.2 384.7 381.9 378.6 376.9 372.7 373.5 373.8 379.2 380.4 389 396.8 412 424.8 442.1 456.9 474.7 486.3 508.5 527.7 548.5
514.2 532.2 533.1 521.2 500.8 477.3 462.8 451.2 444.5 420 403 365.6 331.9 304.7 265.6 247.9 243.1 242.8 239.2 236.2 236.7 235.4 233.5 232.8 229.7 228.1 225.9 225 229.1 236.3 240.6 243.9 247.7 246.9 255 265.4 269.7 280.6 285.8 295.1 309.3 325.3 331.7 339 340.1 343.9 353 359.1 364 373.4 374.5 380.7 384.1 386.8 392 389.5 387.4 382.3 383.2 379.7 377.3 374.2 372.7 372.5 373.7 371.7 378.8 382.8 393.6 405.7 413.2 424 434.8 448.6 463.9 482.4 498.9 521.2
552.4 552.6 541 529.5 516.7 503.7 487 472.3 457.9 438.1 412.7 378.4 334 319.8 281.1 257.3 248.7 243.3 241.8 240.6 236.7 235.2 234.2 231.7 229.5 228.9 225.5 222.8 223.5 231.9 239.8 241.6 243.8 244.3 249.8 260.1 265.5 273 282.2 290.3 306.9 321.1 333.5 328 331.1 338.3 345.7 356.2 362.7 370.4 372.2 377.9 383.9 385 384.4 386.4 383.9 380.2 378.6 378.6 378.3 375.9 372.8 372.4 371 368 372.7 381.6 388.2 397.3 404 411.3 417.7 430.5 442.4 456 471.9 491.4
560 554.1 549 540.4 531.1 523.5 509.5 489.5 470.3 443.9 414.2 378.4 333.5 307.8 279.8 264.3 257.1 250.7 247.7 249.3 244.1 241 237.5 233.1 228.9 228.1 226.9 222.1 219.7 228 237.6 241.2 241.6 240.6 245 254.2 258.3 265.2 277 287.7 291.6 308.5 319.8 325.8 328 332.5 338.9 351.9 357.2 359.9 364.4 371.6 377 381.7 382.9 383.5 380.6 378.7 378.3 380.9 377.9 376.5 370.8 370.1 367.2 365.9 368 376.5 382.7 389.8 394.9 398.2 405 413.6 424.9 438.1 454.7 468.8
580.1 569.6 560.5 551.5 539.7 532.5 520.8 505 489.6 465.9 428.9 383.5 348.3 312.1 288.2 269.2 264.4 256.2 255.9 257.2 249.8 245.6 244.1 234.7 229.5 227.7 225.6 223.9 220.3 223 231.9 237.5 239.8 236.6 241.8 245.3 257.2 263 267.3 278.1 282.5 296.4 302 309.1 315.9 323.8 336.3 345.5 356.2 355.1 360.7 367.2 376.1 381.1 380.5 380.2 379.7 379 377.7 377.3 376.6 377.6 372.2 366.1 366.1 362.2 364.8 368.9 374.6 380.1 385.3 388.4 394.8 403.2 411.5 423.5 436.3 452.1
595.4 586.6 569 556.2 544 532.5 521.3 509.3 499.8 486.3 451.8 404.4 371.9 340.2 301.5 280.8 269.2 266.3 265.3 261.4 251.5 251.8 245 239.1 230.8 229.3 225.8 222.6 220 218.8 229.7 232.6 236.3 235 236.6 245.3 252.1 261.2 260 264.5 271.4 277.1 283.2 290 297.3 311.9 327.5 337.8 343.8 349.1 357.8 364.6 371 377.9 379.3 380.4 381.3 378.7 378.9 379 375.2 372.2 366.4 361.3 357.3 355.7 356.9 360.8 362.9 367.1 373.4 377.7 383.4 390.7 399.5 410.1 420.7 433.2
606.1 586.1 569.8 553 536.8 529.1 509.8 499.6 493.1 488 465.8 425.5 394.8 345.6 323.4 295.4 280 271.7 275.2 267.6 258.2 253.5 245.8 238 234.4 232.4 226.7 223.1 220.3 218.4 226.2 229.7 231.5 229.1 235.3 240.5 243.3 253.4 256.3 249.4 259.6 261.4 267.3 274.3 284.8 303.6 320.7 332 338.6 340.4 344.9 354.2 363.3 372.3 377.6 380.2 382.5 381.6 378.7 381.1 377.8 370.8 361.4 353.2 349.9 343.8 342.8 347.3 351.2 354.3 361.2 365.4 372.8 378.4 386.7 397.3 407.8 417
603.7 576.8 562 534 520.6 516.2 503.2 489.8 479.2 473.3 449.8 425 413.5 375.8 343.6 305.3 293.5 285.5 281.9 279.8 269.1 264 255.2 245.1 239.6 234.9 228.1 224.2 220.6 216.3 225.6 228 229 227 231.1 238.5 239.9 239.5 244.5 241.5 243.5 251.4 251.2 259.2 275 288.1 307 323.4 332.6 332.8 338.6 344 356.4 368.5 375.8 381.2 384.4 383.3 378.8 379.1 379.5 373.1 362 344.1 337.4 333.3 330.3 333.3 335.5 339.4 341.9 351 357.6 366.4 373.1 384.2 395.3 407
593.1 571 549.3 522.8 505.9 498 488.3 480.8 464.2 455.3 439.4 423.5 407.3 387.1 360.3 318.4 303.7 296.4 292.3 286.5 279.4 270.2 258.9 249.2 245.2 235.9 230.4 225.6 219.9 214 223.7 226.4 222.6 224.8 229.4 237.3 237.4 235.3 235.5 236.9 233.5 238.1 241.6 249.5 261.6 276.3 292.4 314.7 325.7 328.4 335.9 339.6 346.7 362 372.8 379.1 383 383.5 381.5 378.8 379.9 373.1 362.6 339 325.3 321.6 311.7 316.5 323.4 327.9 328.7 334.8 343.1 353.3 361.2 371.6 380.7 391.7
587.5 553.9 542.2 518.7 499.1 489.4 478.3 457.9 443.4 435.8 429.6 417.8 400 378.3 357 335.8 313.5 301.3 299.2 286 274.6 267.1 260 250.6 243.9 240.9 230.8 223.7 220.1 214.6 219.6 222.6 219.2 214 222.3 232.8 231.5 232.4 231.8 235.7 228.7 239 241.4 243.4 252 263.5 285.3 301.3 309.9 318.6 326.8 330.6 342.8 356.5 370.5 379.9 381.3 383.1 383.1 379.4 374.3 373.1 363.3 336.5 318.6 309 302.9 306.5 313.9 313.7 312.9 320.4 325.5 337.2 350 360.5 366.6 375.3
567.3 544.1 529.2 507.6 494.9 486.4 469 452.2 437.1 421.2 417.6 409.5 394.2 376.7 355.2 335.2 321.5 307.3 298 288.3 280.1 273.1 265.5 262.1 251.9 244.5 234.7 226 219.9 214.2 217.3 215.7 214.2 213.5 216.1 221.4 224.6 228.2 224.6 228.2 223.5 238.7 244.6 239.4 242.9 252.4 273.1 282.1 295.6 304.5 309.8 318.3 333.6 348.1 365.5 376.8 381.8 383.7 383.7 378.8 372.3 368 346.4 326 306.2 298.6 296.3 296.4 296.9 297.7 300.7 305.6 313.3 323.2 335.8 344.4 354.6 360.6
555.5 542.9 529.9 510.3 491.5 481.2 471.6 453.3 433 423.6 405.9 403.5 391.6 378.6 354.1 330.6 320.6 311.7 308.7 296.9 289.1 283.7 276.6 268.8 258.6 250.5 238.3 229.3 220.8 216.6 211.8 211.1 210.3 208.6 209.6 213 217 220.5 219.5 221.6 219.6 234.2 246.2 239.2 232.5 246.9 260.5 265.3 277.1 291.5 297.3 309.6 323.2 335.4 350 365.2 381.2 387 387 380.1 371.4 352.8 329.1 309.7 297.8 288.3 284.6 287.6 285.6 287 289.5 294.4 301.9 312.5 326.7 335.4 344.9 351.1
543.8 530.8 525.2 514.4 495.1 476.1 467.9 458.1 435.1 423.4 405.6 393.6 378.5 371.9 359.2 349.6 337.5 330.3 323.2 313.1 304.7 295 286.1 277.2 269.6 258 254.7 238 221.4 217.2 213 208 206.1 206.9 206.4 207.9 208.9 212.8 214.1 217.8 217.5 226.3 236.5 231.3 229.9 235.5 247.4 256 266.1 276.7 286.9 300.4 311.2 326.8 340.9 358 377.3 388.9 391.4 386.3 360.1 337 318.7 300.1 290.2 283 280.3 276.4 275.3 277.9 280.4 285.8 289.5 305.1 319.3 325 336.3 344.5
537.8 523.9 512.1 507.7 494.4 487.7 465.8 456.7 443 428.1 418.3 399.6 386.8 382.1 374.6 366.1 354.3 349 340.5 328 318.4 304.5 295.8 282 269.9 260.3 257.5 238.9 225.3 218.7 211.9 208.7 206.5 204.6 205.5 208.6 205.9 206.1 207.8 212.7 214.8 219.6 225.1 226.6 227.8 229.6 236.2 245.4 257.6 266.5 276.6 291.3 303.5 318.8 334.3 352.4 375.3 389.1 397.1 392 360.8 333.7 311.1 292.7 286.5 278.9 276.2 275.4 270.8 273 273.8 279.3 288.4 302.8 306.6 319.1 329 336.4
536.6 523.2 512.8 504 488.4 479.6 474.5 468.8 459.8 434.6 430.7 423.4 403.5 395.1 388.9 384.2 376.2 361.4 355.4 354.4 337.7 316.7 305.2 290.8 280.2 268.7 254.9 241 229.3 218.7 211.1 208.9 207.2 205.3 203.7 208.7 204.3 204.9 206.5 209.3 210.4 211.6 216.9 219.3 218.1 226.6 231.6 237.8 249.1 254.3 269.2 282.4 295.6 310.4 324.9 348.9 374.9 394 404.2 404.7 370.8 332.7 305 290.9 283.3 277.5 273.1 270 266.9 270.4 270.5 277.1 284.5 293.2 298 309.2 319.4 327.8
537.1 520.6 510.5 510.6 495.6 484.8 478.2 468.9 461.1 448.2 449.5 437.1 424.1 414 401.5 393.2 386.2 374.3 360.8 358.3 351.1 330.2 315.8 304.4 287.5 271.4 257.9 247.8 233.1 222 215.3 209.9 206.2 207.5 203.4 204.9 204.3 204.9 207.9 207 206.3 207 209.5 214.1 213.4 218.5 223.6 229.6 236.9 244.8 260.2 273 287.2 302.1 318.2 342.7 373.4 396.8 400.2 407.5 386.5 334.1 301.6 283.8 280.4 276 270.7 270.6 267 263.5 264.7 275.5 281.5 283.7 291.2 299.9 312 320.8
535.1 528.4 512.3 507.9 501.4 493.1 487.9 479.8 471.6 464.6 460 452.2 441.9 435.5 426.8 417.2 406.9 392.8 377.9 364.6 352.1 336.5 322.3 312.9 299.4 285.5 267.4 251.3 239.3 231 213.7 210 208.2 205.5 203 203.6 203.2 209.1 207.3 207.2 204.1 205.2 207.5 205.7 206.5 211.8 217.5 220.6 227.5 236.2 251 265.1 278.6 293.1 310.7 336.1 370.6 391.5 392.3 400.8 395.2 329.7 293.5 272.9 273.8 272.1 267.1 265 261.7 261.6 260.3 263.9 266.8 275.2 284.1 294 305.6 312.2
527.2 519.6 518.9 516 510.9 502.4 498.3 491 485.1 478.3 472.6 464.2 454.1 450.5 445.7 438 428.8 412.5 394.6 378.5 363.6 348 334.5 321.5 311.2 299 282.8 258.4 240.2 228.3 216.2 209 205.5 203.3 202.6 201.6 204.5 205.7 205.3 204.5 202.8 202.9 203.4 203 203.5 206.8 208.7 212.2 216.6 228.5 243.1 258 270.6 284.8 303.7 331 368.6 384.6 383.1 391.3 379.5 325.7 285 268.7 265.6 266.6 265.8 266.6 261.6 260.3 258.9 262.9 264.9 271.5 279.5 291 299.8 304.9
529.5 527.3 525.3 519 515.1 507.1 500.1 494.5 491.4 489 481 474 466.9 460 451.8 443.7 438.3 427.2 412.2 393.7 376.1 363.7 349 339.1 323.5 314.7 301.4 265.8 245 227.6 216.8 207.6 204.2 202 201 207.1 205.3 206.7 205.3 204 201.5 205.5 202.8 204 200 201.3 202.9 206.8 210.2 220.6 237.3 253 266.5 277.5 294.2 325.1 369.2 373.3 375.2 381.9 357.4 305.6 276.5 264.9 261.8 264.7 267 267.4 263.3 258.9 257.9 261.4 265.9 269.6 275.8 283.5 293.6 297.4
537 534.6 529 522.1 517.9 512.8 506 503.2 501.7 501.5 495.8 487.5 481.1 472.2 463.4 452.8 441.9 432.5 422.4 407.7 393.7 378 363.3 346.1 343.7 340 324.1 300.6 257.5 233.6 221.7 211.8 204.9 203.2 201.6 203 202.6 203.4 204.7 203.1 200.3 201.3 199.2 199.5 198.9 199.3 201.4 204 204.7 212.9 230.1 246.3 261 272.2 286.2 317.9 349.9 360.4 368.9 366.3 328.5 296.4 272.8 260.7 258.4 263.2 265.2 258.3 258.3 258.3 256.7 260.5 265.3 269.2 273.6 276.7 284.6 291.2
546 540.9 534.7 529 525.2 523 516.7 509.2 511.7 514.6 521 514.9 509.5 506.2 497.1 469.6 450 441.4 434.7 425.2 410.3 395 377.7 369.2 358.1 352.3 320.1 292.7 264.8 245.9 228.6 216 205.9 201.2 201.2 201.3 200.6 201.2 202.2 200.4 199.6 197.8 197.2 197.3 197.6 198.5 200.1 201.4 200.8 205.6 224 240.9 256.6 268.1 280.1 305.7 333.4 345.7 359.4 343.2 310.4 289.4 273.1 261.1 258.3 258.3 258.3 258.3 258.3 258.3 258.3 261.7 265 266 267.8 271.1 276.4 282.4
546.8 541.7 539 538.7 537.7 535.2 533.4 538.1 537.7 541.9 546.3 543.6 539.4 533.5 529.7 516.6 468.3 453.2 444.7 431.8 420.4 411.3 401.3 384.9 370.3 356.3 332.3 305.7 276.8 258.9 247.4 223.9 208.9 202.8 200.2 199.2 200.3 200.7 199.8 198.7 197.9 197.7 197.3 196.7 196.9 198.2 198.1 199 198.9 201.4 218.6 235.2 250.8 263.7 274.4 297.2 321.8 335.5 353 336.2 306.1 286.1 271 261.9 258.3 258.3 258.3 258.3 258.3 258.3 258.3 261.2 262.6 263.1 264.6 267.8 271.1 275.9
553.8 552.3 551 552.1 556.1 556.1 560.2 561.8 558.1 557 561.4 561.4 556.2 553 545.6 523 488.2 466 457 445 439.5 427.2 412.6 397.9 386.1 370.7 340 316.8 289.2 278.2 250.5 230.4 216.6 205.9 203.4 201 198.8 199.3 198.8 198.5 197.7 196.5 198 197.5 196.2 197 195.5 197.7 197.7 200.4 212.5 230.2 244.3 258.9 270.9 293.1 312.9 331.3 348.2 340.9 311.3 297.2 280.1 264.9 258.5 258.3 258.3 258.3 258.3 258.3 258.3 258.5 260 261.3 262.4 265.7 268.1 271.7
562.8 561 561.1 562.3 565.3 566.7 567.1 568.5 567.1 568.2 574.4 572.9 571.6 567.5 561.7 547.9 512.1 491.8 469.8 460.5 454.2 444.2 427.5 413.1 401.1 388 362.3 320.7 308.8 280 250.4 236.3 222.5 214.3 206 202.8 200.4 199.3 199.3 197.3 197.1 197.2 198.1 197.2 195.9 196.5 195.8 196.6 196.9 198.7 208.6 225.6 238 253.5 267.9 288.5 310.8 322.4 343.5 367 331.9 307.6 295.5 272.5 264.1 258.3 258.3 258.3 258.3 258.3 258.3 258.3 259.8 260.3 263.9 264.5 266.5 269.9
