WholeMapElevations/data/no/no17_OST50GRID_20230518/NO17.asc
ncols 200
nrows 200
xllcorner 310000
yllcorner 770000
cellsize 50
[rows 140 to 174 of 200, columns 78 to 155 of 200]
747.8 770.1 775.6 780.1 781.9 780.9 773.1 771.9 766.4 756.4 748.3 741.8 733.5 724.4 712.3 700.9 684.7 676.9 671.6 667.9 671.5 676.8 688.8 702.1 718.7 734.1 745.4 756.3 761.9 762.4 758.7 749.3 739.5 730.5 722.2 711.8 699.2 684.2 657.7 639.6 620.4 608 596.5 584.7 572.9 564.4 560.9 567.7 569 568 571.7 573.1 575.1 575.4 576.6 576.6 584.6 590.7 594.6 596.1 600.3 603.4 604.8 605.6 607.7 606.2 604.8 605 599.5 591.7 584.6 568.7 570.9 570.2 569.3 568.2 563.9 562.1
732.7 754.2 758.8 762.3 764.6 763.6 752.6 744.9 743.3 732 728.1 719.9 712.9 705.3 693.9 683.9 672.1 663.1 656.6 654.3 657.8 668.3 682.8 698.2 714.8 731.7 745.3 757.4 763.8 764 757.6 750 741.6 733.2 722.4 711.6 702 685.6 665.2 644.8 626.3 612.5 598.5 585.5 575.9 569.8 562.4 557.9 562.4 562.5 565.1 566 567.8 564.8 566.3 565.2 571.7 575.9 579.4 582.9 587 589.8 592.7 593.2 592 594.4 600.5 599.9 592.8 583.9 573.1 565.2 561.6 559 558.3 555.7 555.4 552.1
719.5 738.4 746.4 750.8 753.1 749.3 737.9 728.9 719 713.1 706.4 700 696 687.2 675.2 667.9 657.2 650.6 645.1 644.1 648.2 659.3 675.3 696.8 710.2 726.3 741 753.9 758.1 757.4 753.8 747 740.4 731.2 720.3 711 698.4 683.2 666.7 645.5 629.7 614.4 602.8 592.2 584.2 575.7 568.2 557.6 554.7 557 562.8 561 561.2 561.5 563.1 561.1 557.7 561.3 565.7 568.4 573.2 574.1 580.5 580.3 580.9 587 592.8 586.9 578.2 571.7 564.6 558.9 551.4 547.8 545.6 546.9 546.5 543.5
711.3 731.1 740.8 746 749.4 745.7 729.4 715.3 706.2 697.6 689.2 685.8 680.9 672.2 661.8 654 644.2 640.3 634.6 634.7 640.4 653.3 673.3 695.1 708.9 719.8 733.3 742.7 748.9 752 748.4 742.8 736.6 727.5 716.4 704.3 692.6 680.3 665.6 647.7 633.9 620.6 607.5 599.2 590.6 580.1 565.1 558.9 554.5 553 555.4 558.1 556.2 554.6 553 549 551.4 548.7 553.9 560.4 561.5 561.5 566.2 567 569.6 575.2 574.7 571.7 568.1 563.5 557.1 554.1 545.6 540.3 538.5 536.7 536.7 534.6
715.3 728.2 741.3 746.3 751.5 745.2 726.9 709.7 693.2 683.2 676.4 672.5 666.5 657.2 648 640.2 634 630.3 624.3 621 632.5 644.9 664.7 685.2 704.1 713.4 721.7 730.9 739.4 741.3 738.8 737 731.3 720.5 710 700.3 686.6 673.2 661.3 647.1 634.7 623.9 613.2 604.2 594.6 583.6 573.2 564.4 560.2 551.1 549.2 556.1 547.5 547.7 547.4 544.7 543 544.1 540.3 541.9 546.3 546.1 547.5 550 556.9 559.9 559 557.4 557.5 557.1 553.5 543.3 539.5 534.8 532 527.9 525.3 521.4
722.1 736.4 746.2 749.9 751.5 743.9 723.8 707.1 686.7 672.8 665.6 660.2 653.1 643.9 637.8 630.3 623.4 617.9 613.9 612.5 622.2 633.6 650.3 669.2 687.8 698.3 704 719.6 726 727.7 729.5 729.6 722.9 715 705.5 691.9 677.9 665.7 657.1 648.7 639.5 628 617.4 609.9 601 592.7 583.8 573.4 566.9 558.5 551.5 547.7 543.8 543.8 540.1 538.4 537.3 534.8 534.2 534.4 533.1 532.8 534.6 537.6 536.5 540.2 542.2 547.8 549.5 541.2 541 541.9 532.8 533.2 523.6 523.2 516.9 513.3
733.9 744.4 749.8 751.4 750.8 744.8 724.5 705.8 685 667.4 656.3 650 641 632.5 626.1 617.9 613.2 609.1 604.7 601.7 612.2 625.5 636.6 650.1 660.8 675.7 688.3 702.3 710.8 713.9 717.1 717.1 715.1 709.4 696.8 684.4 675.4 664.8 657.1 650 642.4 636.8 627.1 619 607.4 602.5 594.3 585.6 579.3 573.4 570.9 567.9 563.2 558.2 555 550.9 548.9 540.8 534.6 531.5 529.3 527.6 522.2 522.9 526.8 527.2 528.1 531.7 535.4 537.6 538.9 534.6 530.6 521.9 518 517.1 513.9 507.5
744.2 751.3 751.6 751.7 751.3 745.4 728.2 712.5 685.6 666.1 652.4 640.2 631.4 622.6 613.9 607.9 603.1 599.1 595.9 591.2 603.4 615.5 625.2 632.1 642 656.3 669.7 681.4 692.5 699.7 703.8 705.8 705 701.7 692.9 682.8 673.8 666.1 658.3 652.1 650.4 647.9 640.8 632.1 623.9 615 605.7 600.7 593 588.4 583.6 581.6 577.5 574.5 570.4 568.5 562.5 556.5 554.4 549.7 544.3 538.7 530.5 522.3 517.7 513.9 513.5 518.2 518 520.7 525.3 527.1 523.3 518.8 513.9 507.6 506.4 503.9
751.9 759.1 752.1 750.6 749.5 745.5 733.3 716.7 691.6 670.2 651.7 637.8 626.6 616.2 605.5 598.9 594.5 591 586 587.6 596.8 606.6 611 619.9 627.4 639.9 654.6 665.6 673.4 684.8 691.7 696.2 696.9 696.3 689.6 680.4 672.5 666.9 663.2 664.1 662.8 659.1 653.9 647.7 637.7 628.3 616.9 608.8 603.7 601.1 598.8 600.6 599.1 594.3 589.1 583.7 578.6 574.3 568.9 564.1 560 554.3 547.6 543.6 538.3 528.8 520.9 512.2 507.5 508.7 503.2 501.8 510 507.5 502.2 502.5 498.7 493.8
747.6 751.9 749.4 748.9 751.7 747.9 738.4 725.5 701.8 677.2 653.4 637.9 623.5 612.4 599.1 590.2 586.5 583.4 574.5 582 589.4 594.3 601 607.4 615.3 623.6 637.5 648.4 657.8 670.1 680.4 685.7 690.7 688.2 683.5 675.5 669 666.5 672.7 673.8 671.8 666.8 661 655.8 649.9 639.4 631.5 620.2 616.1 615 617.8 622 622 618.4 608.9 602 597.2 593.5 586.6 582.3 576.8 566.6 562.8 557.2 551.7 545.8 539 532.7 525.6 520.5 517.9 507.5 497.6 495.8 494.7 490.3 488.5 485.3
733.4 744.4 741.2 748.2 755 750.5 746 736.4 708.3 681.8 660 640.8 621.9 607.3 594.3 584.8 578.8 572.4 567.5 575.7 581.1 587 591.3 598.2 601.9 609.1 617.8 630.5 642.5 655.4 664.6 676.4 683 681.2 676.3 669.1 660.3 672.5 681 680.3 678.6 673.6 669.3 664 658.6 649.4 642.2 632.5 629.5 631 633.6 636.2 635.9 632.5 628.7 621.4 618.2 613.2 607 604.3 596.6 586.2 579.8 572.5 566 559.1 554.1 547.8 542.9 537.8 533.7 525.7 517.2 512.2 507.9 505.4 499.3 493.7
719.5 729.7 732 743.7 744.6 748.9 747.7 736.3 711.9 685.1 655.9 639.5 620.8 601.8 590.6 575.3 570 565.8 562.9 569.8 574 579.4 585.5 589 593.6 600.2 607.6 615.7 625.6 636.6 649 659.9 669.1 671.4 667 659.4 664.9 680 687.9 688.2 683.7 680.6 676.4 671.6 666.2 659.3 650.3 646.3 642.5 644 646.5 647.8 648.3 646.9 646 642.8 638.6 634.8 629.8 626.9 618.2 611.6 605.3 596.8 587.9 579.4 572.1 565.9 557.6 551.9 547.2 538.6 531.7 523.8 514.9 510 504.1 501.3
705.8 707.3 715.5 726.7 732.4 739.4 738.9 724.8 706.6 683.9 658.1 636 615.7 599.3 585.8 574.2 566.8 560.3 559.7 563.4 568.9 574.2 579.4 583.8 588.2 594.5 600.5 607.7 616.2 625.5 636.3 646.4 655.7 656.7 652.9 657.4 672.1 688.9 694.8 692.7 690.2 687.7 682.7 680.3 675.3 669.3 661.5 657.2 654.5 654.9 658.2 659 660.5 661.1 661.3 659.8 658.9 656.6 651.8 646.2 641.4 637.6 630.6 621 612.4 604.1 598.2 591.2 583.6 573.5 562.2 553 544.1 534.5 527.3 520.1 513.3 506.4
691.3 691.1 698 709.8 716 723.1 724.6 717.9 701.8 679.2 652.5 627.8 611.7 596.1 581.3 571.5 564.5 558.6 556.9 558.9 564 570.1 573.9 579.1 583.7 588.4 595 602 609.4 616.4 627.8 634.8 639.5 637.1 649.4 665.8 682.4 695.2 700.2 698.5 696.8 694.9 691.5 687.7 682.8 677.7 674.2 668.8 668 669.4 670.7 671.5 674.1 675.6 676.1 677.3 678.2 675.3 671.2 666.4 662.3 658 652.2 645.8 637.7 630.1 624.1 619.1 611.4 600.2 586.7 572.2 559.4 546.5 537.1 527.7 521 514.1
680.9 680.4 680.4 687.4 696.6 701 703.7 699.5 687.1 668.4 644.4 623 607.2 591.8 577.5 570.4 561.7 557 550.8 554.8 560.8 565.2 568.5 573.4 578.9 583.2 589.4 596.3 602.5 608.3 614.5 620 621.3 640 656.9 675.7 689.8 701 704.6 703.2 702.2 700.9 697.4 694.3 690.2 685.5 683.3 681.4 680.2 679.8 681.5 684 685.8 687.1 690.5 692.6 692.6 690.8 688.2 684.5 680.3 675.3 670.6 664.8 658.3 652.3 646.3 641.8 634 623.2 608.6 591.8 575.6 558.1 545.8 533.8 528 520.8
677.9 668.4 665.7 665.1 671.6 682.2 685.7 680.1 670.3 654.7 635.6 614.6 601.8 587 576.3 569.9 561.4 555.2 549.3 552.4 556.6 559.5 563.1 568.5 573.8 578.4 584.2 590.7 595.5 600.6 603.1 613.7 631.4 647.5 666.3 682.3 697.5 704.8 707.8 708.1 706.8 706.1 703.1 700.1 696.6 694.2 692.7 691 691.4 691.8 693.5 694.3 697.2 701 703.7 704.5 705.2 704.6 703.1 698.1 692.5 687.7 681.5 674.9 668.6 662.1 656.1 650 642.4 632.2 620.7 604.9 587.5 569.3 556.3 544.1 536.5 528.6
672.3 657.1 650.6 647.4 653.1 663.4 667.6 661.1 652.2 638 623.5 608.7 597.4 583.5 574.9 568.3 559.7 553.8 548.7 548.4 550.4 554.4 559 563.9 568.8 574 578.7 583.9 586.4 592.5 608.6 625.2 641.2 655.1 673.6 687.1 698.9 704.9 708.3 711.5 713.1 711 709.5 706.2 703.4 702.8 703.2 702.2 702.4 703.6 704.3 705.4 709.1 712.4 714.8 716.8 718.1 717 713.2 705.9 700 693 685 677.9 671.1 663.8 657 650.1 643.2 633 621.9 609.2 593.2 577.4 564.1 552.3 542.8 533.3
669.1 651.7 634.7 632.1 635.4 642.4 645.4 641.8 632.7 623.4 613.9 601.1 592.9 578 572.5 564.3 557.2 553.3 548.2 541.5 546.7 550.9 555.6 560.4 565.3 569.9 574.2 579.2 587.8 601.3 616.4 630.6 645.7 661.3 678 688.7 698.4 705.3 711.3 714 715.5 716.1 716.5 714.4 712.3 712.2 713.3 713.7 715.2 716.5 717.3 718.1 719.7 722.5 725.2 726.1 725.5 722.6 716 709.6 701.3 691.7 683.9 676 667.9 660.4 653.2 646.5 638.4 628.3 616.9 606.4 591.8 579.3 567.4 555.5 545.5 535.9
672 650.3 634.1 616.3 617.2 622.1 623.5 622.1 617 608.2 603.3 593.7 583.6 573.7 567.8 560.8 552.7 550.8 546.5 539.5 544.7 548.2 552 557 561.7 566.3 572.9 579.6 588.5 604.6 619 631.8 645.9 664.8 678.2 688.3 697.7 706.4 713.5 716.1 718.4 721.1 722.2 722.3 722.2 722.5 722.8 723.7 725.2 726.2 727.8 729.6 730.8 733.2 732.3 731.5 728.3 722.3 715.8 707.7 697.2 687.6 678.7 669 661 652.9 645.8 637.7 629.4 620.5 608.8 598.4 583.7 574.3 565.1 555 546.1 537.5
673.6 652.1 630.8 611.7 601.6 600.9 605.6 604.4 599.5 598.4 593.4 587.2 573.4 565.6 562.1 554.5 549.9 548.5 544.1 536.2 541.4 544.5 548.8 554.4 560.9 564.9 570.9 578.2 592.1 603.2 615.5 632.9 647.8 662.5 676.8 687.3 698.3 707 714.3 719.4 721.4 725 726.4 728.9 729.1 729.5 730.2 732.6 734.9 737.1 738.7 740.3 740.1 739.4 736.3 732.3 725.7 719.5 711.4 701.7 690.4 680.7 670.5 659 650.1 641.8 633.5 625.9 617.3 610 601.4 590.6 575.3 567.2 559.1 552.3 546.7 537.4
673.9 645.8 627.1 606.6 591.5 586.2 583.3 586 584.1 584.1 583.8 579.3 566.6 561.9 555.6 549.2 547.1 546.4 541.9 536.8 538.6 543.4 547.7 552.8 558.1 562.6 570.3 579.4 590.2 601.3 614.9 629.7 648.2 661.6 675.1 684.6 697.2 707.4 715.3 720.4 724.7 729.5 732.7 734 734.8 735.7 737.8 739.9 743.6 746.8 748.3 748.3 747 743.8 737.8 731 723.3 714.3 703.2 693.1 681.5 670.9 657.1 645.8 634.5 626.1 618.4 611.6 605.8 600 592.2 580.1 568.8 562.7 557 550.9 544.1 540.4
666.8 644.1 620.9 601.7 589.8 577.9 569.8 573.2 569.7 565.7 570.5 569.2 561.8 555.3 548 546.4 545.3 543.9 539.7 533.5 538.1 542 545.9 550.1 555.2 560.9 569 578.9 587.6 599.1 612.8 628 644 658.2 670.5 680.7 695.8 707.3 716.3 723.3 728.6 733.1 737.3 739.1 739.6 741 743.6 747.9 752 753.7 753.7 753.1 749.4 743.1 735.3 726.3 718.1 708.5 697.8 683.2 668.3 654.9 642.6 631.3 623.9 615.4 610.2 603.9 598.3 592.3 583.1 572.5 565.1 560.1 555.7 547.7 547.3 546.2
658.8 635.2 609.8 594.7 582.7 569.4 555.2 559.5 556.7 555.7 561.8 555.5 554.2 548.1 543.2 543.3 542.8 541.1 537.2 527.8 534.2 539.6 544.7 549.1 553.8 559.9 568.4 577.9 586.8 598.5 610.8 624.6 638.9 654.3 667.8 677.5 695.1 708.4 717.3 725.2 731.3 736.2 741.2 743.3 744.7 746.4 750.4 753.8 755 755.5 754.3 751.4 746.6 740 730.8 721 712.3 702.6 685 670.6 655.8 644.5 634 625.4 616.4 610.8 603.1 597.7 591.2 584.4 575.8 565.3 560.3 559.7 555.3 557 556.3 555.4
647.1 620.1 602.7 590.2 574.1 563.7 551.3 544.5 538.1 544.1 549.5 543.7 542.5 538.6 538.3 539.3 539.5 537.9 534 527 532.3 537.2 542.4 548.2 552.7 559.8 567.7 575.3 586.9 598.7 609.6 623 637.1 651.4 665.6 676 695.2 708.9 718.3 726.2 734 740.4 745.3 748.2 748.1 749.4 751.8 752.3 752.2 751.5 749.1 745.3 739.6 732.2 724.4 715 706.2 695.6 679 663.3 650.1 638.8 628.6 619.3 611.9 604 598.3 591.9 586.3 578.6 568 567.9 567.2 565.1 569.8 572.8 573.5 571.9
629.5 608.4 595.5 578.2 568.6 558.2 544.4 530.7 526.7 535.7 537.3 535.2 532.5 529.9 532.5 535.6 535.6 533.8 530.7 523.9 530.5 535.3 540.7 546.1 552 559.1 566.8 573.5 586.4 599.2 609.7 623.7 635.9 650.3 664 681.2 694.8 709.1 720.1 730 738.7 746.2 749.7 750.7 747.9 747.4 746.8 745.3 743.9 741.3 737.4 733 728.9 723.3 715.8 708.4 700 689.8 677.2 663.4 649.8 637.2 626.2 617 608.9 599.7 593.8 587.3 583.8 576.1 568.8 570.8 572.5 579.5 584.9 588.9 589.7 587.9
619.1 597.9 588 571.4 560.1 553.5 540.9 530 518.5 521.3 526.9 525.4 520.9 526 528.8 530.8 531.8 531.1 528 520.4 527.9 533.6 539.8 545.4 551.3 558.8 566.3 572.9 586.3 600.2 612.1 624.6 636.4 651.2 665.3 682.6 696.9 710.4 723.8 736.9 745.4 748.8 749.6 747.5 742.6 739.1 736.5 733.4 729.2 725.3 721.5 717.8 713.2 709.2 705 700.8 694.7 687.7 678.3 667.4 654.2 642.4 631.1 621.5 610.3 598.8 591.1 584.7 578 572.7 574.7 577.4 586.3 592.1 597.4 603.9 603.8 601.4
618.1 595.6 583.1 564.2 553 545.5 531.2 521.7 512.3 511.5 516.1 513.8 509.8 522.1 523.5 525.2 529.1 530.3 528.5 518 525.6 533.3 539.2 544.7 550.6 557.8 565.9 574.2 586.9 599.1 612.8 626.2 637.1 652.2 668.2 684.3 699.6 715.9 731.6 741.3 745.7 746.8 743.6 739.5 732 727.2 721.5 715.2 708.3 705.4 700.9 698.5 696.5 695.2 694.1 692.8 691.1 687 680.1 670.1 659.1 647.7 635.9 625.1 609.7 597.6 591.4 584.1 577.2 577.3 578.7 588.9 596.4 602.2 607.9 612.1 614 613.1
624.5 595.4 576.8 558.2 545.5 536 524.7 512.2 509.3 505.5 502.8 502.5 499.3 514.1 515.4 518.4 525.6 527.5 525.1 515.8 524.9 532.3 537.4 542.9 549.8 557.7 565.8 576.9 587.5 600.4 614.3 627.6 639.6 652.7 669.3 686.1 706 721.9 733.3 740.3 743.5 740.6 735.4 728.1 718.3 710.1 698 690.4 683.5 679.6 675.2 675.2 677.2 680 682.6 686.2 687 685.6 680.1 672.1 661.9 650.9 639.4 625.9 610.3 598.5 590.8 584.9 579.2 582.4 588.6 597.3 604.2 611.4 615.8 620.9 623.2 624.2
625.7 600.7 578 559.6 535.2 528 521.4 511.5 507.1 502.4 498.3 497 496.9 499.2 506.9 511.2 521.1 523.5 520.7 515.4 524.6 531.1 537.2 543 549.1 557.6 567.5 578.8 588.2 601.9 615.1 629.4 642.4 656 672.3 692.3 709 723 733 738.4 738.1 733.7 726.5 717.4 703.1 687.8 675.4 667.2 660.7 656.4 653.7 652.9 656.6 662.9 669.9 676.6 680.5 682.8 679 671.7 662.4 652.2 639.4 626 611 601 592.7 586.2 584.4 591.1 597.6 604 612.5 619 623.3 628.6 631.1 630.7
631.8 603 580.4 557.4 537 529.8 519.3 511.6 505.2 498.9 492.6 492.5 494.1 497 503.5 508.1 517.6 518.3 511.2 516.6 524.5 530.2 535.6 542.7 549.7 560.1 570.4 580.6 590.1 603.8 616.5 631.7 645.2 658.2 676.4 693.8 707.8 721 730.4 734.1 731.7 726 716.6 701.8 683.2 666.7 654.4 645.6 642 637.8 635.6 634.1 635.8 642.2 656.2 666.3 673.4 677.2 674.8 669.7 661.8 650.6 637.3 625.3 611.1 601.4 594.5 588.3 591.9 598.8 606 612.9 619.5 625.4 631.1 635.8 637.6 638
635.4 606.5 581.9 557.8 538.2 529.7 521 509.2 503.7 498.8 491.8 488.4 488.5 495.2 500.2 506 512.3 512.4 503.7 515.9 522.1 529.3 535.7 542.9 551.2 562.8 573.4 583.2 593.6 606.4 620.6 634.2 646.1 661.7 677.7 694 707.6 718.6 726.1 727.5 724.8 716.1 703.6 684.5 665.3 648.2 636.8 627.9 623.7 620.5 618.9 618.4 620.5 627.6 643.3 655.9 664.7 669.3 668.9 665.1 657.5 646.6 634.5 622.7 611.6 602.9 593.1 595.5 601 607.7 614.4 621.2 626.3 632.5 638.6 642.8 645.3 645.3
631.5 602.5 579.6 560 542.5 530 516.4 507.2 499.8 494.1 487.1 485.6 485.8 491.5 495.6 502.2 506.3 502.9 505.5 518.2 525.3 531.2 538.3 545.7 555.1 567 576.6 588.4 598.3 608.8 623.2 636.9 648 663.8 678.6 692.4 704.7 715.9 721.6 720.4 714.2 702.8 689.6 668.2 648 633.1 622.6 612 608.2 605.3 604.2 604.4 607.8 618.3 632.1 645.7 655.5 660 660.6 656.9 650 642 630.5 621.6 612 604.8 595.9 606 610.4 616.6 622.2 628.9 635 640.6 646.4 649.2 652.3 650.1
625.1 596.4 572.3 556.3 542.9 527.9 515.6 505.6 497 491.4 484.4 482.6 483 486.1 493.1 496.8 500.6 494.9 508.9 518 526.5 533.9 542 550.2 561.4 571.8 582.5 593.2 602.6 614.5 625.5 640 651.2 666.9 679.2 691.4 703 711.7 715.4 712.2 704 692.3 676.8 654.9 634.2 619.4 608.6 599 594 590.7 589 590.6 596.6 608.5 621.5 635 643.1 647.1 647.4 645 641.7 634.8 627.3 620.1 613 604.7 609.8 615.1 619.2 624.7 630.5 636.3 642.1 649.7 653.4 657.7 659.1 656.8
617.3 582.7 564 548 539.3 526.8 517 505.5 495.1 489 484.6 479.8 481 484.9 490 491.7 488.1 500 510.2 519.3 528 537.2 546 556.2 568.2 576.2 587.5 597.8 608.8 619 632.1 644.9 656.9 669.6 680.9 691.5 701.1 707.1 707 702.7 693.4 680.2 661.9 640 621.6 607.9 595.9 587 580.1 578.2 577.1 578 585.5 598.7 611.1 622.1 627.6 630.2 631.9 631.8 630.6 625.7 622.1 617.3 611.3 609.1 618.2 623.3 628.2 633.6 639 645.2 650.8 656.3 661.7 665.1 667.3 664.3
609.8 575.1 557.3 547.5 536.7 525.4 516.3 506.4 495.3 486.9 479.9 476.5 479 486.5 484.3 482.7 494.4 502.9 511.6 521.6 531.3 542 552.1 562.7 574.1 585.6 595.5 604.1 614.7 624.8 637.8 649.6 661.1 674.5 683.1 693.3 700.2 702.8 701 694.2 682.7 663.6 644.3 625.9 610.9 598 586.5 577.8 570.4 566.8 565.9 567.6 573.3 585.3 596.4 605.1 607.6 609 614 616.1 615.8 613.1 611.1 605.9 602 614.1 624.5 631 636.9 642.7 648.4 653.1 660 664.4 670.3 674.4 675.3 674.7
