WholeMapElevations/data/nr/nr34_OST50GRID_20230518/NR34.asc
ncols 200
nrows 200
xllcorner 130000
yllcorner 640000
cellsize 50
[rows 0 to 38 of 200, columns 88 to 175 of 200]
23.4 29.3 30.9 31.3 30.3 30.9 31.2 30.7 33.7 35.3 37.5 39.2 41.2 42.7 43.8 44.4 45.1 46.9 49.1 51.9 53.4 53.8 54.7 55.2 56.1 57.7 60.3 62.6 65.1 67 68.4 69.6 70.1 72 74.1 77.9 82.5 84.3 87.8 90.4 95.1 99.2 103.1 105.9 109.8 113.3 117.2 123 127.3 133.3 136.8 142.6 146.1 152.2 155.9 161.4 171.5 179.3 186.9 190.8 192 192 191.3 188 186.3 186.1 186.3 186.9 188.4 190.1 192.5 197.3 203 209.9 218.3 226.2 230.9 235 237.1 238.1 236.4 233.7 233.8 234.1 236.3 235.7 234.4 237.9
22.5 24.3 30.8 29.3 29.8 30 29.6 31.9 32.7 34.5 36.2 37.9 39.9 41.8 43.5 44.5 45.7 46.5 47.3 49.5 51.1 53.2 55.1 56.6 57.3 58.4 59.1 59.7 61.5 63.9 67.2 70.2 72.5 73.3 74.4 76.5 78.3 81.3 84.7 88.9 94 97.4 100.8 104.9 109.1 113.9 115.6 118.3 123.2 128.2 136.6 142 147.6 153.8 160.5 168.5 175.7 181.3 188.1 195.6 199.6 201.8 202.9 199.5 193.6 187.8 186.3 188.5 191 192.9 196.1 199.4 204.8 210 218.3 230.1 240.5 247.1 252.2 254.1 252.5 246.9 245.1 241 239.5 240 241.4 241.8
21.6 22.5 28.2 28 28.3 28.9 30.2 31.9 33 34.5 35.8 35.9 38.1 40.2 40.6 42.1 44.2 46.3 47.5 48.8 49.9 51.6 53.3 55.7 58.4 59.3 59 59.6 60.8 62.7 65.5 67.3 71.4 74.6 77.4 77.9 82.6 83.6 84.1 87.3 90.1 93.9 98 101.7 103.8 109.7 114.4 118.6 124.6 132 136.6 140.5 147.2 154.3 163 174.2 182.4 188.5 193.6 197 203.9 205.1 206.6 204.2 202.8 197.1 194.3 195.3 196.9 199.9 201.2 209.5 213.7 217.7 219.7 228.8 239 250.6 260.7 267.2 268.3 266.3 261.9 252.8 248.8 249.1 248.6 250.7
20.9 21.9 24 22.8 26 28.1 30.4 31.7 33.3 34.6 35.7 36.7 37.9 39 39.9 40.6 41.3 43.7 46.2 48.3 50.1 51.9 53.6 56.2 58.5 58.4 58.5 60.1 61.9 63.6 63.8 65.4 67.6 71.3 74.1 75.9 80.6 84.7 88.1 90.3 92.1 91.5 94.3 98.4 102.1 107.6 109.5 115.9 121.1 125.2 134 141.1 148.4 155.1 162.6 172.1 181.6 191.2 197.9 200.4 206.1 208.9 211.1 212.5 211.8 213.2 217.3 222.9 225.7 220.4 212.4 213.3 217.7 220.4 223.6 228.6 238 249.5 258.9 266.2 271.6 271.9 270.2 272.6 267.6 262.9 260.8 260.9
20.1 21.4 21.9 25.9 28.1 29.2 31.3 31.5 32.7 34.2 35.5 36.6 37.8 39.2 39.8 40.3 40.9 41.6 43.3 46.1 49 51.1 53.2 54.8 56.4 58 59.4 61.4 61.9 63.4 64.9 65.8 67.4 69 70.3 73.1 77.2 81.8 87.5 91.1 93.9 95.9 96 96.2 99 103.7 106.8 110.5 116.3 121.7 127.1 135.5 145.4 157.3 164.1 169.9 177.1 188.1 196.6 206 212 216.6 219.9 223 228.3 235.1 240 241.1 239 234.4 228.8 223.2 227.8 231.2 232.6 230.7 232.7 244.2 251.8 259.3 264.1 268.8 267.8 267.9 270.4 270 267.3 267.7
20.4 21.1 20.3 25.7 29.9 30.9 31.7 32.7 33.8 34.3 36 36.8 38.3 39.8 40.4 40.5 41 41 42.2 43.9 46.5 49.1 51.4 53.2 55.4 58.1 60.2 61.5 61.4 62.7 65 66.8 69.3 71 73.1 75 75.6 78 83.1 86.7 88.6 90.6 94.1 96.7 99.1 100.6 100.7 104.2 109.7 114.8 122.2 130.4 140.8 152.1 160.1 168.9 174.4 180.3 190.7 203.1 213.9 220 226.5 232.4 239.7 244.7 245.6 242.5 240.7 238.1 235.9 233.4 237.2 241.5 242.7 242.3 243.8 246.3 246.7 259.9 262.8 263.2 263.8 265.4 267 268.9 270.4 270.2
19.5 19.8 21.8 25 31.5 32.7 33.5 33.7 34 35.3 36.8 37.3 38.9 40.4 41 41.2 42 42.4 42.5 43.4 44.9 47.2 49.5 51.8 53.5 56.2 59.3 60.7 61.5 63.3 64.9 66.6 68.8 71 72.8 75.9 78.8 79.3 78.3 79.7 83.5 87.6 90.9 94.7 97.2 96.1 97.9 99.3 103.2 110 118.2 124.4 132.7 141.6 155.3 169.9 176.8 181.2 185.5 195.7 211.7 222 230.7 236.1 239.3 243.1 244.8 243.6 238.6 237.5 237.4 237.3 238.3 247.9 254.3 255.1 251.7 252.9 252.9 253.1 260 259.3 259.1 259 263.9 270.6 272.1 274.1
18.3 19.5 21.7 24 30.4 33.8 35.9 36.5 36.7 37 37.8 38.1 39.3 41 42.2 43.1 43.9 44.3 43.7 43.3 44.6 46.5 48.8 51 51.8 54.3 56.4 58.5 61.2 63.9 64 65.8 67.2 68 70.2 73.6 76.7 79.3 81.5 80.2 80.9 82.3 85.9 88.1 90.7 94.2 96.1 97.1 98.7 101 110.4 119.1 128.5 142.1 152.6 159.9 173.6 185 185.1 189.3 199.2 219.7 233.4 235.9 235.9 237.9 236.4 237.6 235.9 236.3 236.2 237.1 238.3 242.2 249.8 257.9 261.3 255 251.4 250.5 251.7 252.6 252.1 251.1 255.2 262.9 270.1 275.1
17 18.6 20.9 23.2 26.7 30.6 34.5 37.5 39.1 40.7 40.6 41 41.6 42.5 43.6 45 45.7 45.7 45.2 44.7 45.1 45.9 48 50.1 51.5 53.5 55.7 57.4 59.8 62.1 63.1 64.1 65 66.3 67.9 70 73.4 76 79.2 81.2 84.2 83.6 84.6 86.5 87.1 89.2 92.8 95.7 98.1 101.2 103.8 113.8 123.3 134.2 146.9 159.6 167.2 168.8 173.7 182.1 192 201.5 218.7 224.6 226.2 228.1 229.3 232 232.2 230.8 236.2 239.8 242.2 245.1 249 251.9 255.7 250.5 246.9 247 247.3 247.4 246.8 247.2 250.4 254.2 260.1 270.3
17.6 18.3 20.6 22.4 25.2 27.7 31 34.6 38.2 40.4 43 44.6 45.5 46.5 46.2 47.1 47.6 47.9 48.6 48.4 47.5 47.1 47.5 49.2 50.8 53.5 55.7 57.1 58.6 58.6 61.1 63 64.4 65.8 67.4 67.9 69.9 72 73.9 78.6 82.8 85.7 88.4 89.9 90.4 92.5 95.5 101.2 104 108.4 115.6 116.6 117.1 122.8 136.5 148.2 159.7 163.5 171.3 182 187.4 194.9 198.8 201.7 208.6 213.6 220.1 223.5 228.1 231 235.7 239.2 243.3 248.8 252.5 256.7 255.6 247.8 246.1 245.7 245.3 245.7 245.2 245.7 246.1 251.2 260.2 265.7
17.3 18.4 19.9 22.2 24.8 26.3 27.8 30.2 34.4 38.3 41.8 45 47.6 49.2 50.7 50.8 51.9 51.7 52.6 51.9 51 49.9 48.5 48.9 49.7 52.3 53.8 55.8 56.7 57.9 60.9 62.9 64.7 66.2 66.7 66 68.9 70.3 70.1 73.7 77.8 80.8 82.9 84.1 88.5 94 95 99.5 106.9 113.8 121.5 122.1 126.8 131 135 139.2 150.1 158.1 166.4 178.8 188.5 186.5 194.4 202.8 211.5 223.8 230.1 233.6 236.4 239.1 240.2 240.5 243.1 249.9 253.4 255 254.6 249.3 245.6 245.3 245.8 248.4 248.3 249.5 247.9 246.2 246.1 259.5
16.7 17.9 19.7 22 23.9 25.9 26.8 28.1 30.5 32.7 37 41.2 45.9 49.5 51.9 53.2 55 55.4 55.7 55.3 54.3 53 51 49.7 50.3 51 52.4 53.2 54.1 55.2 57.2 60.3 60.4 62.2 63.3 64.7 65.6 66.9 67.7 69.5 72.8 75 74.9 76.6 81.7 90.1 97.4 103.6 109.7 115.4 118.8 123.6 130.3 138.3 143.5 145.2 145.2 150.9 160.2 168.4 169.9 184.1 193 197.8 204.7 214.7 224.9 233.8 235.8 242.3 246.1 243.8 244.9 251 257.8 257.9 253.2 246.3 243.8 244.3 245.4 247.2 250.3 252.6 254.2 249.4 251.3 256.2
16.1 18.1 19.7 21.7 23.6 25.7 26.5 26.9 28.6 30.8 33 35.7 39.7 44.3 48.8 51.7 54.1 56.9 58.1 58 57.4 56.1 54.1 51.9 50.9 50.7 50.8 51.5 53.1 53.1 54.3 56.6 56.3 57.2 58.7 61.5 65.1 68.3 69.4 71 73.8 75.3 78.2 82.9 83.4 82.9 89.2 99.3 106.6 115 122.5 125.6 131.6 137.2 142.5 146.2 148.1 148.4 152.1 156.5 168.2 180.6 189.6 199.9 205.1 206.3 217.5 226 230.2 236.1 240.9 244.9 246 251.5 260.7 263.7 257.6 249.5 244.3 243.2 243.6 246.3 251.6 253.4 256.3 254.4 252.3 255.4
16 18.2 19.7 21.2 22.7 25 25.3 26.1 26.9 28.8 30.8 31.6 36.3 39.5 43.5 47.7 51.2 54.6 57.1 59 59.1 58.7 57.4 54.7 52.7 51.6 50.7 51.2 52.7 52.8 52.7 53.1 53.7 55.8 59 60 60.8 62.6 66.6 70 74 77.6 83.6 87.1 89.7 93.4 95.4 93.8 99.5 110 122.9 133.6 134.3 134.3 140.9 143.6 149.1 151.9 153.9 158.9 167.5 175.1 183.9 195.4 204.2 207.1 209.4 220.6 228.8 232.7 238.8 243.2 244.9 248.7 252.4 257.6 259.1 256.5 248 242 242 244 245.5 254.9 256.9 254.4 250.8 249.2
15.8 17.8 19 20.3 21.9 24.2 25.3 25.6 26.4 28.2 29.9 30.4 33.3 35 38.1 42.3 46.2 49.7 53.1 55.5 57.5 58.4 58 57 54.9 53.2 51.5 51.7 52.4 52.2 50.9 51.1 53.2 54.1 54.9 55.4 56.7 59.2 63.7 68.2 73.2 78.8 84.4 89 96.6 98.6 102.4 106.1 106.2 104.5 111.9 125.8 129.5 131.6 134 138.8 142.9 150.4 155.5 155.9 165.2 174.8 182.1 191.4 200.1 206.7 208.3 213.7 225.3 231.3 237 241.2 242.8 246.8 249.1 250.1 253 252.7 249.1 242 244.1 245 241.6 243 255.5 256.1 249.3 242.4
15.5 17.1 18.4 19.8 21.1 23.4 25.4 25.7 26 27.4 28.4 28.8 32.3 33.7 35.6 37.9 41.1 44.8 48.2 50.6 52.5 55.4 56.2 56.3 55.3 53.3 51.6 49.7 49.7 50 49.6 50.1 50.7 50.7 51.6 52.5 54.6 55.9 60.8 65.7 71.1 76.6 80.2 91 97.7 103 108.9 111.4 116.2 118.1 114.6 114.1 122.9 127.7 130.2 134 143 148.8 154.1 158.9 163.5 169.9 179.6 184.6 191.3 201.1 205.9 205.8 215 223 229.8 232.3 237 242.9 248.1 247.8 247.9 247.6 245.9 243.2 244.4 246.8 242.1 235.3 240.9 244.9 239.7 233.7
16 16.9 18.5 19.3 20.7 22.2 25.4 26 26.3 27.2 27.3 27.8 31.4 32.4 33.2 35.3 37.2 40.3 42.8 45.3 47.6 49.2 50.9 51.5 52.1 51.5 49.2 46.8 47.1 46.7 46.1 48.5 49.9 47.9 47.8 49.2 50.3 54.6 58.4 62 65.5 73.4 82.2 88.2 93.9 101 108.1 113.5 114.1 114.2 110.5 115.8 114.2 129.5 129.7 130.9 136 146 153.7 157.5 164.6 169 169.5 179.1 183.9 190.5 195.9 201 207.2 214.8 220.4 229.3 236 238.6 242.4 245.7 241.4 245.2 245.3 245 243.6 244.4 241.6 229.5 232.3 236.8 232.6 226.4
16.4 17.6 19.7 20.4 21.7 21.7 24.7 25.8 26.6 27.1 27.2 27.4 29 31.8 32.1 33.8 34.7 35.5 38 40.5 41.9 43.6 45.2 45 45.2 44.8 43.6 44.3 44 43.9 43.4 42.8 45.6 44.7 45 46.1 47.5 52.6 57 63.4 69.5 76.1 79.4 86.9 92.8 98.2 102 106.5 104.6 106.5 106.8 111.5 111.4 115.1 128.9 133.8 135.6 140.8 149.2 158.2 162.4 166.8 169.5 171.9 177.5 182.8 190.9 196.5 202 205.7 210.5 214.6 220.2 227.3 235 237.4 238.6 244.5 247.6 249.5 249.7 244.1 237.2 224.7 222.3 224.7 225.3 213.9
16.4 18.8 20.7 21.4 21.6 21.8 24 25.1 26.1 26.9 27 27.6 28.9 30.6 31.7 33.5 33.8 33.7 34.1 35 36.4 37.9 39.5 39.3 39.4 39.8 40 40.5 41.1 41.1 40.6 41.2 41.9 43.1 44.3 45.9 46.4 47.4 48.8 55.7 66.7 74.6 83.5 88.2 92.8 98.2 98.9 103.4 107.1 107.1 106.8 108 110.4 112.7 114.3 128.3 137.3 141.1 145.2 154.3 162.5 164.4 164.5 168.4 177.1 185.2 193.5 202.5 201.5 202 205.6 207.6 211.1 216.1 225.4 232.7 238.5 245.5 250.1 253.3 251.7 245.4 233.6 223.7 217.2 212.9 209.5 208.1
17.8 19 20.3 20.6 20.7 21.8 23.4 25 25.6 26.1 26.6 27 28 29.9 30.7 32.3 32.9 31.9 30.9 32.2 32.4 33.8 34.9 36.6 37.2 37.8 37.6 37.8 37.9 38.8 39.6 40.2 41.2 42.4 43.4 45.9 48.7 51.6 54.3 50.6 61.6 69.2 79.2 89 93.9 99.2 102.1 106.7 108.9 109.5 106.8 107.4 110.2 113.6 115 117.6 128.7 139.5 150.4 151.5 157.8 160.1 160.7 164.2 166.7 177.7 196.4 207.3 207.1 206.8 203.2 205.3 208.7 215.9 224.2 233.1 241.2 247.1 253.4 258 256.1 246.4 233 222.6 215.9 212.8 210.9 207.7
16.7 17.8 18.7 19.8 20.8 21.8 22.9 24.2 25.2 26.2 26.8 27 26.9 27.5 29.5 31.3 30.6 28.7 31.5 32.2 30 32.2 33.5 35 35.8 35.6 35.9 36.9 37.6 38.2 40.2 42 42.9 44.2 46.4 49.2 52.8 56.2 60 64.5 70.2 75.2 73.8 80.1 92.3 99.9 103.5 107.6 109.7 109.2 106.8 106.5 108.7 115.2 118.4 121.2 120.4 127.6 136.1 143.3 147.1 156.2 165.8 165 170.5 167.7 180.4 200.8 206.8 208.4 207.4 205.9 208.4 213.8 218.2 224.1 236.7 243.2 247 254.8 257.4 249 231.4 224.8 219.3 215.8 213.2 209.8
14.9 16.5 17.2 18.2 18.8 20.1 21.6 23.2 24.8 26 26.4 26.6 26.3 26.7 27.7 28.1 28.5 30.3 32.4 32 32.3 31.5 32.2 32.7 33.7 34.5 35 36.7 38.9 40.1 41.4 43.1 44.2 45.2 46.9 49.9 53.3 57.3 63.5 73.4 78.4 82.6 85.4 86.8 85.7 94.7 101.9 105.2 107.8 107.1 103.4 110.1 112.7 114.1 119.8 120.5 124.1 120.8 127.1 135.3 143.6 153.7 172.1 170.7 163.6 163.6 164.2 184.1 194.4 200.5 209.7 207.1 210.4 212.9 216.4 224.1 233.1 237.5 241.7 248.2 252.9 251.1 242 231.1 225.6 222.2 216.9 214.7
13.5 15.6 16.6 17.5 18.1 19 20.8 22.9 24.5 25.3 26 25.7 25.4 26 26.7 27.6 28 28.5 30.7 33.1 33.2 33.1 33.1 32.9 33.8 33.3 35.3 36.9 38.7 40.1 41.5 43.1 44.9 46.5 48.4 49.2 52.3 61.6 69.1 75.6 83.8 87.5 91.7 91 92.5 94.3 96.4 100.7 102.9 102.8 99.3 107 112.6 115.3 117.2 117.7 117.5 110.3 120.4 130.6 142.5 152.1 164.1 170.1 170.5 163.6 163.6 165.9 182.3 188.7 197.8 203.3 208.5 213.5 215.5 223.8 229.5 234.2 239.5 242.5 248.8 249.2 245.2 237.1 231.1 228.8 226 220.1
12.9 14.4 16 17.5 17.7 18.3 20.6 21.6 23.9 25.2 25.4 25.3 25 25.6 26.5 27.7 28 28.2 30.3 33.3 34.6 34.7 34.9 34.9 36 36.4 36.3 37.7 41.2 42.3 43.6 44.8 48.1 50.2 50.9 53 56.3 59.2 72.3 79.5 85.1 91 94.9 96.4 97 96.4 95 94 95.3 96.3 97.6 101.3 109.6 115.9 119.1 112 104.9 104.8 111.4 126 137.4 150.6 154.8 164.6 169.8 173.3 167 163.6 176.6 195.2 198.3 200.8 206.4 207.7 209.5 220 225.9 231 233.4 238.9 243.1 247.5 245.6 242.2 236.2 231.9 225.8 217.2
12.4 13.4 14.6 16.1 17.1 17.5 19.7 22 24.2 24.6 24.8 25.1 24.5 26 26.6 27.2 27.7 28.2 29.3 32.6 36.2 37.8 37.9 39.1 39.6 40.7 41.1 41.3 43.1 45 47 50.6 53.9 55 58.6 63.3 65.5 68.7 71.5 77.4 81 92.3 99.1 100.8 99.6 99.2 100.2 97.3 98.5 97.9 98.2 100.7 103 107.7 109.9 107.4 102.3 102.3 104.2 122.1 135.4 147.4 153.5 156.9 172.5 173.6 169.3 168.5 173.7 194.6 199.3 200.4 198.4 200.7 200.2 210.9 219 223.3 227.7 234.2 236.5 240.4 243.5 242.9 238 231.7 227.8 219.5
13.2 13.5 14.4 15.3 15.7 16.9 17.7 19.7 23.7 25.5 24.8 24.3 24.5 26.1 26 26.3 26.7 27.9 29.7 32.4 33.7 37.4 41.4 42.8 44.4 45.4 46.4 46.5 49.6 51.1 53.1 56 59 64.1 69.3 71.8 74.4 78.3 78 78.8 80 84.9 95.4 101.8 103 102 102.6 101 100.7 98 101.7 104.2 106.9 108.8 108.1 102.3 102.3 102.3 106.1 120.6 134.6 144.8 151.6 154.4 162.5 170.8 172.8 167.9 169.9 182.9 191.8 196.2 197.4 194.6 199.3 200.6 206.7 214.6 225 230 233.7 237.4 240.4 242.7 241.3 236.9 232.4 222.4
13 12.9 14 13.9 14.4 16.1 16.8 18.7 22.1 24.8 24.1 23.2 25.5 25.8 26.1 25.7 26.8 28.3 30.3 35.1 34.7 36.4 38 43.2 47.4 50 51.4 54.2 56.7 59.5 61.1 63.9 66.6 68 73.9 78.4 81.2 83.3 83.4 83.2 81.9 83.2 88.3 94.7 100.7 103 104.9 105 102.2 99.4 100.5 104.6 108 111.4 109.9 102.3 102.3 102.3 102.3 118.5 134 139.5 145.6 149.1 148.1 160.7 168.4 164.1 164.4 168.8 173.8 185.6 188.6 189 191.2 197.1 201.5 214.6 220.7 228.2 230.3 234 237.3 239.4 239.2 234.8 231.6 223.1
13.8 12.5 13 13.3 13.7 14.1 15.5 17.3 20.4 23.9 23.9 23.1 24.9 25.2 26 28.1 32 30.5 29.6 30.9 34.9 38.5 40.4 42.7 46.1 50.5 54 59.2 63.6 66.7 69.1 72.2 76.5 79 78.1 81.5 85.5 88.8 88.5 87 85.5 84.8 88 92.1 98.4 103.6 107.9 108.7 109 104.1 98.6 98.6 105.2 111.8 115.1 102.3 102.3 102.3 102.3 112 126.7 136.6 133.7 135.5 139.4 143.8 147 147.2 151.6 156.7 168.9 171.5 179.5 183.8 187.2 198.5 207.2 213.2 220.1 226.4 225.9 227.3 234 234.2 230.8 228.2 226.1 217
14.1 13.2 13.5 13.7 14.3 14.7 15.2 16.7 20 22.5 23.3 20.5 24 25.1 28.4 31.9 34.6 36.1 33.3 31.6 30.2 35.1 39.4 43.7 47.5 50.1 54.2 60.2 65.9 71.4 76.1 80.3 82.2 85 87.6 89.6 88.9 91.3 92.9 93.5 90 88.9 91.5 94.1 98 101.9 107.3 110.7 109.5 105.6 98.6 98.6 99.1 112.1 107.9 103.2 102.3 102.3 102.3 108.5 120.9 127.1 128.1 128.2 131 133.6 142.6 148.1 151.2 160 173.2 179 181.1 186.9 192 196.6 207.2 211.5 216.2 217.1 217.3 220.9 221.3 225.2 227.5 222.2 214.4 204.5
14.4 14.4 14.1 14.2 14.7 14.8 15 16.2 18.2 19.7 18.7 22.5 26 26.6 29.5 31.9 32.8 34.1 34.8 34.6 36.6 34.2 37 41.9 48.1 53.9 58.2 60.6 65.6 71.8 78.6 85.7 92.2 92.2 94.6 94.1 94.7 95.7 96.3 97.3 94.2 92.5 95.3 97.8 99.2 100.9 103.6 107.4 110.6 106.4 98.6 98.6 98.6 98.6 99.7 104.8 107.3 102.3 102.3 102.3 102.3 112.8 118.9 121.4 125.1 132.5 139.3 146.6 154.1 162.2 174.5 181.2 187.9 194 195.9 195.5 198.1 208.1 208.4 214.1 215.1 213.8 211 214.6 215.2 213.6 203.8 197
14.7 14.8 14.2 14.4 14.6 14.7 14.9 16.2 16.7 18.9 20.8 24.9 26.7 27.3 29.1 31.3 31.7 32.4 33.1 37.4 41.2 37.3 35.1 38 46.2 53.4 59.5 65 68.9 72.7 78.3 84.4 91.6 102.8 104.1 103 99.8 98.4 99.2 99.1 99.3 98 98.8 101.3 102.9 103 103.4 104.9 106.8 104.6 98.6 98.6 98.6 98.6 104.4 108.3 107.7 105.2 102.4 102.3 102.3 109.2 113.7 119.3 127.9 134.6 144.5 151.9 159 165 173.3 179.8 186.4 194.4 200.3 199.6 197.5 205.7 211.6 211.3 213.5 214.7 207.8 200 203.8 208.5 201.2 195
15.5 15.1 14.5 14.6 14.6 14.7 14.7 15.8 16.3 18.3 22 24.6 25.4 26.2 28 29.9 30.7 31 35.5 39.6 42 42.6 36.2 38.3 42.3 49.1 55.4 64.5 73 79 81.4 86.2 91.1 95.8 109.8 114.6 111.2 107.9 104.9 103.1 102.3 102.2 101.1 101.9 107 107.6 107.5 106.1 105.9 103.7 98.6 98.6 98.6 98.6 98.6 101.3 103.2 103.6 102.8 103.9 102.3 105.5 118.5 124.5 125.6 133 146 153.7 160.1 165.6 174 182 186.2 190.1 195.1 199.9 200.7 198.1 209.3 209.7 211.2 210.9 206.1 198.6 198.1 203.4 201.8 201.7
15.9 15.2 14.8 14.9 15 15.1 15.4 15.5 16.3 19.6 21.9 24.2 25.3 26.2 27.1 28.7 28.8 30.4 35.5 40.1 38.4 36.5 32.9 40 40.5 45.3 49.4 58.6 70.3 80.2 89.3 93.1 95 96.7 100.7 112.6 114.6 116.8 114.1 108.5 105.6 104.9 105.7 107 106.3 111.9 111.7 110.1 105.9 101.3 98.6 98.6 98.6 98.6 98.6 98.6 100.9 102.6 103.2 102.2 102.9 110 118.2 127.8 135.4 138.3 144.3 151.4 166.1 170 174.1 184.9 188.8 187.3 190.3 196.5 200.6 197.8 198.3 200.2 206.2 207.9 207.5 202.9 194.7 197.1 199 201.3
16 15.3 15.2 15.3 15.4 15.6 15.1 15.3 16.5 18 20.1 23 24.7 25.8 26.4 27.6 27.9 28.6 35 35.5 30.1 28.7 29.7 35.9 39.4 41.8 45.4 52 61.8 73.9 85.4 96.2 105.4 106.8 103 106.3 115.6 122.2 123.4 121.5 116.3 109.4 110.3 110.3 108.4 109.4 115.2 116.2 112 107.8 101.4 100.5 99.6 99.3 98.6 102.9 104 103.3 103.8 104.4 107.2 114.2 122.5 131.6 138.2 145.7 152.1 159.5 172.4 176.3 180.7 177.1 183.7 193.5 193.5 197.5 200.1 197.8 197.8 197.8 197.8 206.8 210.7 206.5 196.1 191.8 191.3 194.2
16.7 16.2 15.9 15.8 15.9 15.7 15.4 15.9 17.4 18.9 20.2 21.3 23.7 24.1 24.3 27.2 27.7 28.8 33.1 28.9 28.3 28.5 30.9 33.3 41 45 47.5 48.4 56 66.7 78.7 94.1 105.4 111.8 115.8 112.1 112.2 118.2 125.8 127.8 127.8 120.7 114.5 114.2 114.2 113.9 113.3 114.3 113.7 111.7 104.8 103 102.8 105.8 105.9 105.7 109.5 113.3 114.3 114.6 116.7 121.5 125.4 133.3 136.4 143.2 152.6 163.4 168.4 173.3 181.2 183.9 195.7 202.3 196.7 202 204.4 206.8 200.9 197.8 199.9 200.9 205.8 205.5 193.2 189.5 190.1 188.9
17.5 17.1 16.8 17.1 16.9 16.8 16.9 16.6 18 19.3 20.6 21.5 23.6 23.8 23.9 26 28.5 30.6 29.6 27.6 28 28.6 32.5 37.6 37.1 43.3 48.2 51.2 53.3 59.7 70.6 83.9 96.8 112.6 115.2 122.2 120.3 115.8 121.6 127.2 129.3 127.3 122.7 120.1 120.1 119.1 118.6 116.6 114.9 112.3 108.5 107 108 110.6 109.8 110.6 114.3 119.4 124.2 129.3 124 130.5 136.6 133.9 137.9 141.8 154.7 161.3 157.9 171.8 175.4 182.1 186.9 203.4 208.9 210.6 214.6 218 215.8 211 201.4 206.8 198.9 198.6 186.3 183.6 186.9 186.9
18.3 18 17.6 17.2 17.1 17.6 17.5 17 18.4 19.8 20.8 21.6 23.2 23.3 23.4 25.3 27.2 28.7 28.2 27.2 28.3 29.7 31.7 30.8 30.9 35.6 45.9 52.4 55.5 57.6 64.3 78.5 87.8 102.3 111 117.4 122.7 121.9 120.1 123.7 129 130.2 127.9 125.7 124.9 123.5 122.1 119.6 117.2 113.9 115 116.2 115.5 117 118.2 117.4 118.9 123.7 126.2 129.1 128.3 133.4 138.2 130.5 128.1 135.2 142.2 144.4 155.2 168.3 184.4 187.1 189.7 191.8 207.4 212 212.5 218.6 220.8 216.4 207 198.2 201.1 185.3 181.1 180.7 181.6 181.8
18.7 18.6 18.4 18 17.9 17.9 18 17.7 18.7 20.1 20.6 21.9 22.7 22.9 23 24.3 26 26 26.1 26.6 27 28.8 29.6 29.8 30.1 31.5 39.5 43.2 47.6 53 59.4 68.6 81.9 95.7 103.7 119.1 119.9 127.9 126.8 124 125.2 131.3 131.7 130.3 128.6 126.4 126.3 125.9 122.4 117.9 116 118.5 119.7 120.7 120.5 121.4 126.5 127.9 130 129.8 129.9 128 132.1 126.4 124 123.7 132 139.3 150.5 180.5 187.1 188.6 188.8 183.1 189 203.6 211 209.2 216.1 214.5 210.3 200.7 191.8 186.8 174.5 172.6 171.8 172.5
19 18.4 18.7 18.8 18.8 19.1 19.2 19.2 19 20 20.6 22.1 22.2 22.5 22.8 24.3 25.7 25.9 26.1 26.5 26.5 28.2 29.8 30.1 30 30.8 35.2 37.7 43 52 61.5 63.9 71.5 87.5 102.3 113.3 118.5 123.4 130.8 128.1 124.5 127.3 130.3 130.7 131.8 130.3 127.2 124.6 124.5 120.9 118.9 119.3 119.8 120.6 122.6 122.9 125.7 127.2 128.7 125.8 123.1 120.3 127.3 125.7 118.1 122.2 125.2 145.6 154.2 168.3 172 175.2 169.3 171.4 178.8 187.8 196.3 198.3 201 207.2 206.2 200.2 187.4 180.6 171.1 169.2 169.7 170.1
