WholeMapElevations/data/sp/sp08_OST50GRID_20230518/SP08.asc
ncols 200
nrows 200
xllcorner 400000
yllcorner 280000
cellsize 50
[rows 140 to 174 of 200, columns 0 to 77 of 200]
178.3 176.5 175.3 173.9 173.1 173.7 174.2 174 173.7 173.4 174 174.8 175.5 176.5 177.5 176.9 174.8 172.8 172.7 172.6 172 171.4 169.9 166.6 164 162.8 162.1 160.4 157.6 154.1 151.9 151.4 151.6 151.3 151.1 151.1 151.1 150.6 151.1 152 152.8 153.8 153 151.8 150.1 148.5 147 145.5 143.8 142 140.1 138.2 137.1 136.7 136.9 136.9 137.9 138.8 138.4 136.9 136.1 136.6 138 138.5 138.3 137.7 138.3 138.1 138.4 139 138.7 137.7 136.7 136.4 136.6 136.7 136.4 135.6
179.2 178.4 177.2 175.7 175.1 175.9 176.7 176.4 176 175.7 175.3 176 176.6 177 176.8 176.3 173.5 171.3 170.6 170.4 170 168.9 167.8 165.6 162.3 160.3 158.9 156.4 154.2 152.3 151.2 150 149.7 149.4 149.3 149.3 149.3 149.1 148.5 149.6 151.1 152.1 151.6 150.5 148.4 146.7 145.2 143.9 142.3 140.4 138.6 137.6 137.5 137.5 138.1 139.2 140.2 140.2 138.8 137.4 136.8 138.6 140.2 140.5 140.1 139.7 140.4 141.5 142.4 143 142.4 141.4 140.4 140.1 140 140 139.7 138.9
181.4 180.6 179.4 177.8 177.3 178.1 178.9 178.6 178.1 177.4 176.4 176 176 175.6 174.8 173.8 172.1 169.7 167.7 167.5 166.9 165.8 164.9 163.7 161.2 158.2 155.8 153.7 152.1 150.7 150.7 150.6 149.3 148.7 147.9 148 147.8 147.3 145.9 146.1 147.8 148.3 148 147.3 146.6 144.9 143.6 142.3 140.8 139.7 139.1 139 139.3 140.2 140.8 141.6 141.3 140.1 138.6 138.1 138 139.5 141.6 142.6 142.5 142.4 143.2 144.5 145.8 146.7 145.9 145.1 144.2 143.8 143.5 143.3 143 141.9
183.5 182.6 181.7 180.5 179.9 180.1 180.6 180.2 179.4 178.2 177.2 176.2 174.5 172.9 172.1 171.2 170.2 167.4 164.7 164.5 163.8 163 162.2 161 159.5 156.8 154.4 152.4 151 150.7 151.8 151.6 150 148.7 148 147 146.8 146.5 145.2 144.9 144.9 144.4 143.8 143.9 144 143.4 142.2 141.5 140.8 140.4 140.8 141.7 142.6 143.4 143.2 142.2 141.1 140 138.8 138.7 139.2 140.5 142.8 144.9 145.5 145.4 145.7 147.2 148.8 149.8 149.5 148.7 147.9 147.3 146.4 146 145.3 144
185.4 183.5 182.8 181.9 181.1 180.5 180.9 180.7 179.6 178.3 176.8 174.9 173 170.6 168.9 168.5 167.4 164.6 162.2 161.5 161.1 160.2 159.4 158.2 156.8 155.5 153.2 151.5 150.4 151.2 152.2 151.9 151.1 150.2 149.2 148.3 147.3 146.5 145.8 144.6 143.9 143.1 142.1 142.2 142.2 142.4 142.3 141.6 142.2 142.9 143.8 145.4 147.3 147.6 145.8 143.5 141.7 140.5 140.9 141.5 141.2 141.9 144.2 147 149.1 148.7 148.8 150 151.5 152.5 152.4 151.6 150.7 150.2 149.2 148.3 146.6 144.7
184.8 183.9 183.6 182.9 182 180.7 179.6 178.8 177.7 176.3 174.7 173.7 171.5 168.6 166.7 165.5 164.1 161.7 160 158.7 158.5 157.5 156.6 155.5 154.6 154 152.5 151 151 151.9 153.7 153.8 152.9 152.1 151.1 150 149.1 148.1 147.2 145.9 144.7 143.9 143.1 142.5 142 142.5 142.8 143.8 145.4 147.2 148.4 150.1 151.4 150.4 147.4 143.8 142.3 143.8 145.1 145.1 143.9 143.5 145.2 148.6 151.4 151.7 152.4 153.1 154.3 154.8 154.6 153.8 152.6 151.8 150.4 148.7 146.3 144
184.7 184 183.5 183 182.2 180.3 178 176.1 174.4 172.9 171.9 171.8 169.9 166.9 164.5 162.8 161.3 159.4 158.2 157.2 156.6 155.6 154.5 153.6 152.4 152.5 152 152.2 152.7 153.8 154.9 155.7 154.8 154.2 153.4 152 150.8 149.8 148.8 147.6 146.3 145.8 145.3 145.3 145.7 145.8 146.2 147.7 149.6 151.9 153.6 154.4 153.7 151 146.4 143.4 145.1 148.6 149.6 149.1 146.5 144.6 146.8 150.4 153.4 154.7 155.4 156.1 156.7 156.8 156.2 154.9 153.3 151.9 150 147.7 145.4 142.9
184.7 183.8 182.5 182.2 181.7 180.1 177.6 174.4 171.8 170.1 169.1 167.9 166.6 164.5 162.7 161.3 159.7 158.6 157.6 156.7 155.6 154.7 153.7 152.8 152.2 152.4 153.3 154 154.8 156 156.7 157.1 156.8 156.4 155.6 154.2 152.8 151.5 150.1 148.9 148.5 149 150.6 151.8 153.1 152.7 151.6 152 153.8 155.9 156.9 156 153.3 149.7 146 146 149.5 152.3 153 151.9 148.8 146.2 148.3 152.3 155 156.7 157.5 158.2 158.3 158 156.6 155 153.1 150.8 148.5 146.4 144.4 142.3
184.8 183.3 181.5 180.9 180.3 179.2 176.7 173.4 170 167.9 166.2 165.1 163.9 162.8 161.7 160.3 159.8 159.3 158.6 157.9 156.5 154.6 153.5 152.9 153.9 154.6 155.4 156.9 158.4 158.9 158.3 158.7 159.2 158.7 157.9 156.6 155.3 153.4 151.8 150.9 152.4 156.1 158.6 159.2 159.8 158.5 156.7 156.2 157.3 158.3 158 155.6 152.4 148.6 146.8 148.5 152.4 155.1 155.9 154.2 151.2 148.5 149.6 153.2 155.7 157.3 158.3 159.1 159.3 158.2 156.8 154.4 152.4 150 147.6 145.4 143.4 142
182 181.2 179.6 179.2 178.8 177.7 175.4 172.4 169.7 167.4 165.3 164.7 164.1 163.4 162.3 161.3 160.8 160.3 159.5 158.2 156.9 155.1 153.6 154.1 155.9 157.5 159 160.9 162 161.9 161 161.1 161.4 161.7 161 159.4 157.4 155.5 153.8 154.3 157.8 162.5 164 164 163.6 162.3 160.9 159.9 159.9 159.6 157.7 154.7 151.3 148.8 149.2 151.9 155.5 158 158.5 156.7 154 151.5 151.4 152.4 154.7 157.5 158.6 159.5 159.5 158.3 156.6 154.2 151.8 149.4 147.2 145.1 143.3 143.1
180.1 179 177.9 177.3 176.2 174.8 172.9 170.9 169.1 167.5 166.6 166.6 166.9 166 164.2 162.8 161.9 160.8 159.9 158.4 156.8 155.8 154.7 155.6 157.2 159.3 161.7 163.6 164.8 164.2 163.5 163.2 163.7 164.5 164.2 162.9 160.6 157.9 158.1 160.7 164.1 166.7 167.6 166.8 166.5 165.7 163.8 161.7 159.9 158.4 156.3 154 151 151 153 155.7 158.7 161 161.1 159.3 157 155.6 154.9 155 156.2 158.2 159.2 160 159.8 158.1 155.9 153.5 151.2 148.9 146.6 144.5 144.4 144.6
179.1 177.8 176.6 174.6 173 171.6 170.4 169.5 168.7 168.9 169.3 170 169.9 168.2 166.2 164 162.2 160.9 159.5 158.2 156.7 156.1 156 156.5 158.3 160.3 162.8 165.1 167.1 166.9 166.1 165.3 166.1 167 167.7 166.9 165.1 163 164.5 167.7 168.8 170.2 170.2 168.6 167.7 166.1 163.8 161.1 158.4 156.2 154.9 154.1 153.3 154.5 156.8 158.8 161.6 164 164.9 163.2 161.1 160 159.1 159 159.8 160.1 160.7 160.8 160.2 157.8 155.3 153 150.7 148.4 146.3 145.5 145.6 146
177.8 176.3 174.7 173.2 172 170.9 170.3 170.1 170.8 172.1 173.1 173 171.8 169.4 166.4 164.2 162.4 161.4 160.3 159 157.4 156.1 156.4 157 158.8 161.1 163.8 166.7 169 169.4 168.6 168.3 169.4 170.6 172.1 171.5 169.8 168.5 169.9 171.8 172.2 172.4 171.3 169.6 167.6 165.5 162.6 159.8 157.1 155.5 154.7 155 156.4 157.8 159.1 161.4 164.2 166.4 167.7 166.8 165.4 164.5 163.7 162.6 163.1 163.1 163.5 162.4 160.7 158.7 156 153.3 151 149 148.3 148.2 148.1 148.4
176.6 174.8 174.4 174.6 174.6 173.5 172.5 172.8 174 175.6 176.2 174.8 172.2 169.1 166.3 164.4 163.2 162.3 161.2 159.8 157.9 156.7 156.9 157.6 159.4 161.6 164.3 167.5 170.7 171.8 171.2 171.9 173.1 174.3 176 176.2 174.1 172.7 173.8 174.1 173.7 172.7 171.1 169.1 167.1 164.8 162.2 160.1 157.8 157.3 157 157.7 159.2 160.2 161.2 163 164.6 165.6 166 166.3 166.3 167 166.2 165.1 164.9 165.8 165.2 163.5 161.4 158.9 156.4 153.8 151.9 150.8 151 151.4 151.5 152.1
176.3 175.3 176.6 177.9 178 177.2 176 176 177.1 177.8 176.6 174 171.1 168.2 167.1 165.6 164.5 163.2 161.3 159.6 157.8 156.7 157.4 158.7 160.4 162.4 165 168.5 172.4 174.2 174.7 175.6 176.4 177.9 179 179.1 177.7 176.5 175.9 174.9 173.5 172 170.1 168 166.1 164.1 161.7 160.4 160.5 160.2 159.7 159.8 160.6 161.2 161.8 162.4 162.8 163.1 163.1 164.1 165.4 165.8 164.9 163.8 163.5 164.4 164.4 163.7 161.6 158.8 156.9 156.1 155 154.3 154.8 155.1 155.2 155.7
176.4 177.1 179.2 180.8 181.2 180.6 179.6 179.4 179 178.2 175.5 172.9 170.3 169.6 168.5 166.9 165.4 163.3 161.2 159.6 157.8 156.7 158 159.7 162 164.6 167.2 169.9 173.5 176.7 177.7 178.6 179.4 179.9 180.1 179.7 178.8 177.4 175.8 174.3 172.8 170.7 168.8 166.8 164.8 163.3 162.4 162.2 162.8 162.5 161.6 161 160.9 160.8 160 159.3 159.4 159.1 158.9 160.3 161.8 162.3 161.7 160.4 160.5 161.8 162.9 162.8 162.2 160.4 158.6 157.5 157 157.7 158.8 159 158.6 158.4
177.2 178.7 180.9 182.6 183.7 183.8 182.9 181.9 180.3 177.6 174.8 172.7 171.6 170.9 169.7 168 165.5 163.4 161.3 159.6 157.9 157.1 158.4 161.2 164 167 169.6 172.2 175.6 178.9 179.9 180.5 180.7 180.5 180.2 179.5 178.4 177.1 175.5 173.5 171.7 169.2 167.5 165.7 164.7 164.2 164 163.9 164.4 163.6 162.3 160.4 158.9 158 156.2 155.3 155.2 155 155.1 156.3 157.6 158 157.8 156.9 157.5 159.8 161.8 163.3 163.4 163.3 161.8 160.2 159.7 160.7 161.9 161.6 161 159.9
177.9 179.7 181.9 183.9 185.9 186.5 185.4 183.4 180.7 177.6 175.1 173.8 173.4 172.6 170.8 168.8 165.9 163.6 161.5 159.8 158.4 157.6 158.8 161.9 164.8 167.6 170.8 174 177.8 180.6 181.6 181.4 181 180.6 179.7 178.9 177.7 176.1 174.5 172.8 170.5 167.8 166.5 166 166.2 166 165.7 165.6 164.7 163.4 161.3 158.3 156.1 153.9 152.6 151.8 151.4 150.9 151.4 152.6 154.1 154.5 153.8 153.8 155.5 158.1 160.8 163.6 165.6 165.8 164.9 164 163.8 164 163.8 162.8 161.5 160.1
179.1 180.7 182.9 185 187.1 187.8 186.3 183.6 180.9 178.4 176.5 176.1 175 173.4 171.7 169.5 166.6 163.8 161.7 160.4 159.4 158.1 159.2 161.6 164.3 167.4 171.1 175.5 179.3 181.3 181.8 181.4 180.9 180.4 179.4 178.4 176.7 175.1 173.5 171.9 169.7 168.6 168.1 167.8 168 167.7 167.4 166.1 164.4 161.8 158.7 155.7 153.6 152.3 151.8 151.2 150.6 149.5 149 149.6 150.5 150.8 150.6 151.3 153.1 156.2 160.1 163.7 166.4 167.7 167.5 166.6 166.1 165.5 164.5 162.8 161.6 160.4
181.1 182.4 184.3 186.9 189 188.5 186 183.5 181 179.8 179.3 178.1 175.9 174.1 171.8 169.7 166.9 164.3 162.4 161.8 161.2 159.1 159.7 161.5 164.2 167.5 171.4 175.7 179.7 181 181.7 181.2 180.8 180.2 179.2 178 176.6 175 173.5 172.4 171.3 170.3 169.5 169.2 168.7 168.3 167.2 165.7 162.5 159.2 156.2 154.2 153.9 154 153.8 153 151.9 150.3 147.6 146.4 146.4 148 148.2 149 150.9 154.1 158.4 162.4 166.1 168.7 169.1 168 166.5 165.8 164.5 163.2 162.4 161.7
183.2 185 187.4 190 190.5 188.6 186.1 183.9 182.6 182 181.6 180 177 174.2 171.8 169.6 167.3 165.5 163.9 163.6 162.1 159.9 159.4 161.5 164.1 167.3 171.6 175.8 179.3 180.7 181.5 181.1 180.6 180 179 178.6 178.2 176.9 175.4 174.2 173 172 171 169.8 168.5 166.7 165.7 163.5 160.2 156.8 155.2 155.9 157.2 157.7 156.9 155.3 154 151.4 149.4 147.9 147.1 146.1 146.3 147.3 149 151.3 155 159.6 163.5 167 168.6 168.2 167.1 166 164.8 164.1 163.4 162.9
186 188 190.3 192.2 191.9 189.9 187.6 186.2 185.1 183.8 182.4 180.3 177.3 174.3 171.9 169.4 168.2 167.1 166.3 165.3 163.6 161.4 160 161.2 163.5 166.4 170 174.1 177.9 180.2 181.4 181.2 180.7 180.2 180.1 180 179.5 178.2 176.8 175.3 173.8 173.1 171.3 169.8 167.5 164.9 162.4 160.1 157.3 156.4 157.5 159.1 160.3 160.2 159.1 157.2 154.8 152.6 151.2 149.6 147.9 146 145.3 145.7 147.7 149.8 152.9 157.2 161.5 164.8 166.2 166.5 165.9 165.6 165.3 164.4 164.1 164
189.2 191.1 192.6 193.9 193.2 191.6 190.1 188.6 186.4 184.3 182.1 180.2 177.5 174.5 172 169.8 169.6 169.5 168.6 167.2 164.8 162.3 160.4 161.2 163.1 165.6 168.7 172.3 176 179.3 181.2 181.4 180.9 180.6 180.4 180.3 179.9 178.5 177 175.8 174.5 172.8 171.1 168.4 165.2 162.2 159.5 158 157.8 158.6 160.1 161.7 162.1 161.6 159.6 157.5 155.3 154 152.8 151.1 148.4 146 145.3 145 146.5 148.7 151.2 155 159.1 162.1 162.8 163.3 164 164.6 165.2 164.8 164.2 163.9
192.3 194 195.3 195.6 194.4 193 191.8 189.9 186.5 183.6 181.6 179.6 177.4 175.4 173.5 172.2 171.8 171.7 171.2 169 166.3 163 161.1 161.7 163.5 165.6 168.2 171.3 174.8 178.7 180.9 181.5 180.9 180.3 180 179.9 178.6 177.2 175.7 174.5 173.3 171.6 169.2 165.6 162.4 160 159.1 159.9 160.2 160.8 162.5 163.5 163.4 162.1 160.1 158.7 157.2 155.8 153.8 151.8 149 146.4 145.1 144.6 145.6 146.9 149.1 152.5 156.3 158.8 159.6 160.2 160.9 162.1 163.1 163.3 162.7 162.7
194.8 196.4 197.2 196.8 195.5 194.2 192.8 190.6 186.8 183.8 181.9 180.3 179.3 177.7 176.4 175.1 174.5 173.9 173.1 170 166.7 163.5 161.9 162.9 164.6 166.6 169 171.8 175.8 178.9 181 181.4 180.2 179.2 178.4 177.6 176.4 175 173.5 172.1 171.1 169.4 166.3 162.8 160.6 160.6 161.9 162.6 162.7 163.2 164.4 165.1 164.6 163 161.9 160.8 159.4 157.6 154.7 152.3 149.4 147.3 145.6 144.7 144.2 145.2 147.1 150.1 153.2 155.2 156.2 157.2 157.8 159 160.2 160.5 160.7 160.5
196.7 197.9 198.4 197.8 196.6 195.2 193.8 191.4 188 185.5 184 182.5 181.9 180.6 179.1 177.5 176.1 174.6 172.6 169.1 165.6 163 163 165.1 167.1 169.6 172 174.5 177.6 179.8 180.8 180.6 179.1 177.2 175.6 174.6 173.4 172.1 170.6 169.2 167.9 166.5 163.6 161.4 161.2 163.2 164.9 165.6 165.4 165.7 166.5 166.2 165.7 164.6 163.6 162.5 161.3 159.5 156.8 154.2 151.4 148.8 146.5 144.4 143.2 143.5 145 147.4 149.5 151.6 152.4 153.5 154.3 155.9 157.2 157.6 157.5 156.9
198.8 199.4 199.4 198.5 197.4 196.3 194.6 192.2 189.8 187.8 186 184.8 183.9 182.3 180.1 177.4 175.2 173.7 171.5 168 165.4 163.6 165.7 168.7 171.7 174.2 177.4 180.4 180.4 180.8 180.5 178.9 176.7 174.7 172.5 171.5 170.4 169.1 167.7 166.2 164.8 163.4 162.2 162 163.6 166.5 168.4 168.4 167.5 168 168.7 168.3 168 166.5 165.2 164.1 162.8 161.3 159.1 157 153.8 150.8 148.1 145.8 143.4 142.5 142.9 144 145.4 147.5 148.8 149.7 151.2 152.4 154.1 154 153.7 152.8
200.5 200.5 199.8 198.9 197.9 196.8 195.7 193.7 191.8 189.8 186.8 185.7 184.4 181.3 178.7 175.3 173.7 172.9 169.5 166.3 164.9 165.8 168.2 172.1 176.6 179.1 181.2 182.4 181.3 180.1 179 176.7 174.4 172.4 170.4 169.5 168.6 167.2 165.6 165 164.6 163.4 163 163.6 166.2 169.4 171.9 170.6 169.7 170.2 170.8 170.4 170.1 168.8 167.3 165.7 163.9 162 160.2 157.9 155.2 152.3 149.6 146.9 144.2 142.6 141.6 142.3 142.7 144.2 146.1 147.1 148.5 149.8 151.3 150.7 149.8 148.7
201.7 201 200.2 199.2 197.9 196.8 195.6 194.1 191.1 189.5 187.3 183.8 185.7 180 176.4 173.7 172.7 170.3 167 165.6 166.2 168.2 171.2 174.6 177.6 180.5 181.5 181.5 181.4 179.1 176.6 174.8 173.1 171.5 169.9 168.4 167.5 166.5 166.6 167.7 167.4 165.9 165.6 167.3 169.4 172.4 173.9 172.8 171.8 172.5 172.9 172.4 171.8 170.6 168.6 166.5 164.5 162.1 160 157.6 154.9 152 148.9 146.5 144.2 142.5 141.2 140.3 140.8 141.7 143 144.6 145.9 147.2 148.1 147.3 146.1 145.2
202.5 201.5 200.3 199.4 198.3 196.5 194.6 192.4 189.5 186.1 183.8 183.8 183.8 186.2 179.6 173.7 171.1 168.2 167.2 167.6 168.9 170.4 173 176.6 178.3 179.9 180.1 179.5 178.4 176.9 175.4 174 172.5 170.6 169.2 168.7 168.1 168.4 169 170.5 170.5 168.8 168.9 170.6 174.1 176.2 175.7 175.2 174.4 174.5 174.4 174.2 173 171 168.8 166.2 163.9 161.4 158.9 156.5 154 151.1 148.1 146 144.4 142.6 141.1 139.9 139.1 140 140.9 142 143.4 144.7 145 144.5 143.6 142.5
202.6 201.7 200.6 199.4 197.2 193.6 190.7 188.1 183.9 183.8 183.8 183.8 183.8 183.8 186.3 180.2 173.1 170.1 169.6 170.5 171.8 172.7 174.9 177.6 178.6 179 178.7 177.8 175.9 175 173.7 172.4 170.9 170.2 170.1 169.6 169.4 170.1 171.5 173 173.5 171.8 171.3 174.3 177 177.7 177.6 176.9 176.3 176 174.9 173.8 172 170.7 168.7 165.9 162.8 159.6 156.6 154 151.8 150 147.8 146.9 145.1 142.9 141.4 139.9 138.6 138.3 139.1 140.2 141.1 142.3 142.1 141.6 141 139.9
202.2 201.2 200 197.8 193.9 189.5 185.7 183.8 183.8 183.8 183.8 183.8 183.8 183.8 183.8 186.2 180.3 172.7 172.3 173.3 174.6 175.2 176.7 178 178.8 178.2 177 176.2 174.6 173.7 172.9 172.1 171.8 171.9 172.3 171.1 170.8 171.8 173.4 175.3 177.4 176.1 174.2 177.1 178.9 179.1 178.7 177.6 176.5 174.8 173.1 170.8 168.7 167.5 165.7 163.5 160.7 157.5 154.7 152.4 150.9 150.2 149.8 149.2 147.5 145.1 142.5 140.3 139.1 138.1 137.3 136.9 137.8 139.4 139.3 138.8 138.2 137.4
200.8 199.7 197.9 195.5 191.5 185.9 183.8 183.8 183.8 183.8 183.8 183.8 183.8 183.8 183.8 183.8 186.1 178.9 175.1 176 177.1 177.6 178.1 178.7 178.4 177.4 176.5 175.7 175.1 174.4 174.3 173.3 173.9 174.6 174.9 173.1 172.8 173.8 176.6 179.1 180.9 179.3 177.4 179 180.5 179.9 179.3 177.8 176 172.6 170.4 168.3 166.1 164.1 162.3 160.4 158.2 155.7 153.9 152.9 152.1 151.8 151.2 150.5 149.1 147 144.1 141.2 139.9 138.3 136.6 135.4 134.2 136.7 136.5 136.2 135.8 135.5
198.9 197.6 196.1 193.5 189.7 183.8 183.8 183.8 183.8 183.8 183.8 183.8 183.8 183.8 183.8 183.8 183.8 186.2 179 179.3 180 179.8 179.8 179.7 178.4 177.5 176.6 176.1 175.7 175.9 176.4 175.5 176.4 177.1 176.9 175.6 175.6 177.1 180.4 182.6 183.2 182.1 180.3 180.6 181.2 180.8 179.4 177.6 175 171.3 168.5 166.2 164.2 162 160.3 158.9 157.5 155.8 154.3 153.2 152.2 152.3 151.6 150.9 149.6 147.4 144.2 141.8 140.1 138.3 136.6 136 135.7 135.2 135.1 134.3 133.9 134
196.9 195.6 194.1 191.8 186.9 183.8 183.8 183.8 183.8 183.8 183.8 183.8 183.8 183.8 183.8 183.8 183.8 183.8 186.2 181.5 183 182.8 181.9 180.2 179.2 178.5 179 179.4 179.1 179.6 179.5 178.2 178.9 179.7 179.5 178.3 178.5 180.9 184 185.2 185.2 184.5 182.9 182.3 181.9 180.7 179 177.3 174.3 171.8 169.7 167.9 165.8 163.7 162.3 160.5 158.1 156.2 154 152.5 150.9 151.2 151.2 150.1 148.6 146.2 143.4 141.6 139.4 137.6 136.5 135.9 135.3 133.8 133.7 133.7 133.7 131.2
