UK/data/no/no11_OST50GRID_20230518/NO11.asc
ncols 200
nrows 200
xllcorner 310000
yllcorner 710000
cellsize 50
[rows 35 to 69 of 200, columns 0 to 78 of 200]
34.1 33.8 33.4 34.7 35.6 37.5 40 41.6 43.4 44.2 45 45.2 45.4 44.9 44.3 44.6 43.9 42.7 41 39.7 38.1 36.7 35.2 33.7 31.2 29.7 28.8 27.2 24 20.6 16.9 14.6 14.5 16.1 15.1 13.3 13.6 13.4 13.2 13.1 13.4 14.1 14.2 14.2 14.2 14 13.4 12.9 12.5 12 10.9 10.9 10.4 10.3 10.1 9.7 9.7 9.2 9.5 10.2 10.1 10 10.1 11.6 10.7 9 5.3 5.5 6.8 -0.5 6.8 7.9 6 5.6 5.8 15.6 7.1 6.6 9.8
39.6 36.4 35.2 35 34.9 35.5 37.2 38.5 41.6 43 43.5 43.5 43.7 43.6 42.8 42.5 41.5 39.7 39 37.9 35.7 34.2 33.2 31.9 29.6 29.2 28.8 29.1 25.7 22.4 18.7 15.9 15.8 17 16.1 14.4 13.4 13.4 13.5 13.6 12.9 14 14.1 14.2 14.1 14.1 13.8 13.2 12.8 12.4 11.5 10.8 10.4 10.3 10 9.7 9.9 10.3 9.7 9.4 9.3 10.2 10.2 10.5 10.2 9.6 5.1 6.1 7 6.5 4.2 8.6 9.4 8.9 9.3 15.5 9.8 9.8 9.9
44.5 41 38.5 37.3 36.2 35.9 35.7 36.4 37.8 39.6 41.1 41.5 41.9 41 41.1 40.1 38.7 37.9 37.1 35.7 32.3 32 30.9 29.8 29 28.6 28.3 27.7 26.1 23.1 19.9 16.9 16.2 17.9 17.3 15.4 13.4 13.2 13.1 13 13.1 13.6 14 14.1 14 14 13.9 13.6 13.2 13 12.4 11.7 11.1 10.6 9.6 9.6 10.1 10.4 9.5 10.1 9.9 9.8 9.2 10.7 10.4 6.8 5.4 5.7 8.3 7.1 5.3 6.2 9.1 9.3 9.7 15.6 9.5 10 10.2
48.4 45.4 42.5 39 37.7 37.1 36.8 36.4 36.5 36.7 37.6 38.7 39.2 38.6 38.2 37.6 37 36.4 35.6 33.9 31.1 30.5 29.5 28.7 27.5 27.1 26.5 25 24.4 21.6 19.2 17.6 17.2 18.2 17.5 16.3 14.4 13 12.9 13.4 13.3 13.5 13.8 14 14 13.8 13.7 14 13.7 13.3 12.3 12.2 11.6 11 9.5 9.4 10.3 10.1 10.1 10 10.3 9.8 10.3 10.2 11.2 8.2 6.9 6.6 7.7 7 6 4.9 8.9 9.6 9.7 15.7 9.5 11 11
51.9 50.9 47.5 43.2 41.2 39.4 38.1 37.8 37.8 36.6 36.8 36.4 36.8 36.7 36.5 36.3 35.6 34.8 33.9 32.1 29.7 29.2 28.4 27.6 26.1 25.6 24.4 22.5 21.3 19.8 18.3 17.3 17.8 17.5 17.4 16.5 14.8 13.2 13.1 12.9 12.8 13.7 13.9 13.7 14.1 13.9 13.4 14.5 13.8 13 13.2 12.4 12.1 11.3 10.8 10.3 10.3 10.2 10.1 10.3 10.6 10.5 10.4 12.3 11.6 8.9 8 8.8 6 7.4 7.3 4.3 6.9 9.5 10.1 15.8 9.7 9.8 10.3
55.5 55.4 55.2 52.6 44 41.9 40.1 38.4 38.1 37.5 38.6 38.2 37 35.8 34.2 34.5 33.9 33.1 32.1 30.2 28.8 27.7 27.2 26.5 24.7 24.2 22.2 20.8 20 19.1 18.9 18.1 17.8 17.8 17.2 16 14.5 13.9 13.3 13.6 13.1 13.5 13.9 13.5 13.8 14.1 14.1 13.6 13.7 13.5 13.8 13.5 12.9 12 11.5 11 10.2 10.3 10.3 10.6 10.9 11.1 10.7 11 10.1 10.6 8.7 5.5 5.7 7.9 8.1 5.6 5.2 7.3 9.7 15.7 9.5 10.2 10
58.7 56.4 55 53.4 49.5 44.2 40.9 39.1 38.6 37.7 37 36.9 36.8 36.7 36.3 34.6 31.3 30.3 30.2 28.5 25.7 25.7 24.7 23.5 22.6 21 20.7 20.2 19 18.5 18.3 17.6 17.9 18.2 17.7 16.5 15.2 14.2 13.4 12.4 12.8 13.1 13.3 13.4 13.5 13.6 13.6 13.8 13.8 13.9 13.2 13 13.2 12.7 12.3 11.2 10.6 10 10.5 10.7 11 10.7 10.4 10.3 5.9 9.2 9.8 6.5 6.1 7.5 6.8 6.7 5.6 7.5 9.3 15.8 10.3 10.6 10
62.6 59.4 57.4 56 54.4 49.8 45 41.3 39.1 38.1 37.3 37 36.8 36.9 36 34.8 33 31 28.3 25.8 24.3 24.1 23.3 22 20.4 18.3 19.9 19.7 18 17.6 17.5 16.8 17.3 17.8 17.6 17.1 15.8 15.2 14.3 13.6 12.8 13.2 13.3 13.4 13.5 13.6 13.4 13.2 13.9 13.2 13.2 13.1 13.3 13.3 13.2 12.3 11.7 10.9 10.4 10.3 10.5 10.2 10.1 5.9 9.1 9.9 10.7 9.2 7 6.5 6.4 7 6.5 9.7 12.8 16 10.7 9.8 10.2
62.6 60.7 59.1 57.9 57 54.4 53.1 47.1 42.5 38.2 37.7 37.1 36.7 37.2 36.3 34 33.8 31.7 29.7 27.5 25.7 23.6 21.5 21.3 19.9 17.8 15 15.7 15.7 16 15.8 16 15.8 16.8 17.7 17.5 16.9 16.3 15.9 14 12.5 13.2 13.3 13.4 13.4 13.5 13.2 13 13.3 13.3 12.8 12.6 13.3 12.9 11.9 12.9 11.9 11.4 10.4 10.1 10.9 10.7 10.5 7.1 9.8 10.1 10.6 10.7 7.4 6.9 6.5 6.7 6.8 10.3 15.4 15.4 9.9 10.1 10.3
64 63.5 63.1 60.9 60.3 59 60.7 59 42.7 44.1 38.4 37.7 37.2 37.2 35.3 35.1 35.1 31.7 29.5 27.6 25.4 23.4 20.9 19.8 19.5 17.6 15.2 12.8 13.1 13.9 14.1 14.3 14.1 15 17.2 17.5 17.4 17 16.2 15.2 14.2 12.7 13 13.3 13.4 13.3 13.2 13.1 13.3 13.8 13.8 13.7 13.3 11.2 10.5 10.5 12.3 11.3 10.2 10.4 10.3 10.5 9.8 7.2 10.6 10.9 10.2 10.4 10.2 8.7 7 6.8 9.9 9.9 14.2 14.9 10.1 10.2 10
66.7 65.7 65.3 63.9 63.3 62.2 62.6 65.7 64.9 58.4 47.3 39.3 38.2 35.4 33.5 31.4 30 29.6 28.7 27.3 25.3 23.8 22.3 20.4 18.8 16.6 14.9 12.5 11.1 11.2 11.9 11.5 12 13.4 15.9 17.2 16.5 17.1 16.7 16.6 15.9 14.5 12.8 12.2 12.7 13 13.1 12.9 12 12.8 12.9 12.4 11.6 10.3 10.3 10.5 12.4 11.6 10.7 10.4 11 10.2 6.4 10.9 11 10.8 10.4 10 10.2 10.3 9.9 9.4 10 10.7 16.2 14.2 10.2 10.3 10.1
67 66.7 66.7 66.1 65.1 64.5 63.1 66.7 66.8 65.2 61.3 48 39.3 37.2 35.9 34.3 31.9 28.5 25.6 24.8 23 22.1 20.9 19.1 17.3 15.7 13.8 13.2 12.2 12.2 10.9 10.2 10.4 13.5 15.9 16.7 16.3 16.5 16.5 16.5 16.5 16.4 15.2 13.6 12.2 12.4 12.4 12.1 12.5 13.2 13.3 12 10.4 10.2 10.1 10.1 10.6 10.9 10.7 10.1 9.3 8.4 7.8 10.2 10.7 10.2 10.7 10.6 10 10.2 10.4 9.9 10.1 10 17 13.6 10.2 10.4 10.4
66.2 64.9 64.7 64.4 63.4 63 62 61.1 60 58 57 56.4 48.5 42.6 38.1 35.8 33.4 31.6 27.4 23.9 21.5 19.9 18.6 18.5 18.1 15.9 14.9 14.4 13.6 13 11.8 10.5 10.5 13.6 15.4 16.2 16.5 16.4 16.4 16.4 16.5 16.6 16.2 15.8 14.7 12.9 13.4 13 13.2 13.9 14.2 12.7 10.5 10.2 9.8 9.8 9.9 9.5 8.6 7.5 6.6 8.2 10.7 11 11.2 10.5 10.9 10 9.8 10.4 10.5 10.6 9.8 10.1 17.3 13.1 10.2 10.3 10.4
70.5 68.6 66.5 64.7 63.1 61.4 60.8 59.9 60.5 61.2 61.4 60.9 57.2 49.4 42.3 37.2 34.4 32.1 29.6 27.1 24.3 23.4 21.8 20.8 18.6 17.2 14.8 14.1 13.5 12.2 10.9 10.5 9.8 11.4 14.1 15.1 16.2 16.3 16.3 16.4 16.6 16.9 16.5 16.1 15.2 15.2 15.7 15.1 13.8 14 13.8 12.8 10.6 9.9 9.1 6.7 7.8 8.7 10.2 10.9 9.9 9.9 10.8 11.2 11.3 10.7 10.8 10.8 10.3 10.1 10.4 10.5 10.1 12.5 10.3 11.4 10.3 10.3 10.2
75.7 71.9 69.8 68.2 66.6 64.2 62.4 61.1 61.5 61.6 61.3 60.3 57.6 53.6 48 40.2 36.3 33 30.9 28.9 26.2 24.3 22 19.9 17.6 16 14.2 13.2 11.6 10.6 10.1 9.3 9 10.6 11.2 12.7 15.3 16.4 16.5 17 17 17 16.6 16.3 16.4 16.3 15.9 15.6 14.2 12.2 10.2 10.5 10.2 8.5 8.8 10.4 10.7 11 11.8 12.4 11 11.2 10.8 10.9 10.8 11.2 10.5 10.5 10.3 10.2 10.2 9.8 9.4 13.6 18 10.1 9.8 10.2 10.4
78.4 77.3 73.5 71.7 69 67 64.5 63.6 65.9 66.8 64.1 59.3 54.5 51.9 47.9 42.7 38.2 34.5 31.6 29 27 24.9 21.6 19.1 17.1 15.5 13.9 12.1 11.8 10 9.5 9.1 9.2 9.4 8.9 11 15 16.3 16.7 17 17.1 17 16.7 16.4 16.5 16.2 15.6 15.1 14.8 11.6 10.3 9.2 9.7 9.3 10.5 10.6 10.8 11 12.3 13.2 12.4 12 11.4 11.3 10.8 10.5 10 10.1 9.9 9.7 9.6 9.8 9.9 14.7 17.1 10 10.2 10.3 10.7
77.6 78.8 79.5 75.9 71.7 68.7 65.5 63.1 63.2 62 58.7 56.6 56.6 51.7 47.3 42.5 38.7 35.1 31.4 29 27.4 25.2 22.6 20.6 18.8 16.8 14.6 12.5 11.4 10.3 9.8 9.7 9.3 9.5 10.2 11.5 13.6 16 16.7 16.9 17.1 17.1 16.7 16.5 16.4 15.8 15.3 14.9 11.9 10.6 9.6 7.4 8.9 9.5 10.3 10.9 10.9 10.6 11.2 11.4 11.3 11.3 10.7 10.8 10.3 10.9 12.6 11.2 11.1 10.1 10.3 10.4 9.9 16.2 14.6 9.8 10 10.1 10.3
78 78.8 78.9 77.5 74.9 72.1 68.4 64.7 62.8 59.9 56.4 55.4 55.7 51 47.5 41.7 38.4 35.5 31.7 29.5 27.4 24.9 22.8 21.1 19.9 16.7 14.6 12.5 11.7 10.6 9.6 9.6 9.3 9.6 8.9 9.7 12 14.6 16.4 16.9 17 17 16.6 16.6 15.8 15 13.5 11.5 10.7 9.5 7.9 9.4 10.2 10.5 10.8 10.8 9.9 11 12 11.6 12.2 12.3 11.5 11.8 11.7 11.3 11.6 10.8 10.3 10.7 10.6 10.3 10 18.4 15.3 9.9 9.9 9.9 9.9
77.9 78.8 79.4 83.1 74.6 72.6 69.8 66.6 62.8 59 55.6 53.8 51.7 47.7 44.7 40 36.5 33.1 30.5 29.3 28.5 26 23.5 20.9 19.7 16.6 14.6 12.8 11.5 10.5 9.7 9.6 8.9 9.2 8.8 9.1 10.3 12.4 14.8 16.2 16.9 16.9 16.6 16 15.3 13.8 12.6 10.9 9.5 8.4 9.7 10.3 10.7 10.6 10.8 11.8 11.5 12.2 12.7 9.6 10.4 13.3 12.7 12.4 12.2 12.2 11 10.6 10.7 11.1 10.9 10.5 9.8 18.9 11.4 10.2 9.8 9.5 10
80.9 80.9 80.6 83.2 77.4 74.4 71.3 67.9 63.7 60.1 56.6 53.3 49.3 45 41.6 38.2 34.2 31.2 29.2 28.3 27.5 25.4 23.5 21.1 18.7 16.9 14.4 11.9 11 10 9.4 9.2 9.4 9.1 8.9 8.8 9.4 10.5 12.9 14.5 15.7 16.5 16.1 15.1 14.2 12.2 10.4 9.4 8.4 8.9 9.9 10 10.7 10.8 10.5 11.4 11.8 11.3 10.7 10.2 10.1 13.7 13.3 13.1 12.6 12.1 11.4 11 11.4 11.7 11.5 11 10.3 19 10.1 9.1 9.6 10.1 9.9
90.2 84 83 84.2 79.5 75.8 72.3 68.9 65.1 61.2 57.5 54 50 45.3 41 37.1 32.8 29.3 27.3 25.2 23.7 22.2 20.5 18.9 16.5 15.3 13.3 11.8 10.5 9.9 9.8 9 8.9 8.9 9.2 9.2 9.3 10.3 10 12.3 13.8 15.6 15.9 15.6 12.6 10.4 9.1 8.1 9.3 10 10.4 10.5 10.6 10.3 11 10.8 11.2 11.8 10.3 10.3 11.9 13 12.9 13.4 13.1 11.9 11.4 11.5 11.9 12.1 11.7 11.3 13.3 19.4 10.1 9.5 10.3 10 9.9
104.9 102.7 95.9 96.2 84.3 78.1 72.9 68.9 65.5 61.4 57.3 54.1 50.1 45.7 41.5 36.8 33.5 30.1 26.3 23.6 21.2 19.5 18.5 16.3 14.7 13.3 12.3 11.3 10.8 10.3 9.6 9.5 9.5 9.6 9.7 9.8 9.7 9.9 9.4 10.2 11.5 11.6 14 14.2 12.5 10 8.7 8.3 9.3 10.3 10.4 9.8 10.4 10.1 10.6 10.9 11.3 11.2 11.3 10.5 11.2 12.8 13.2 12.5 12.8 13 12.2 12 12.4 12.8 14.9 14.9 17.7 18.6 9.6 9.7 10.2 10 9.9
105.5 103.4 99.9 98.4 97.5 89.2 82 74.7 67.8 61.2 57 53.3 49.6 45.6 41.3 36.5 32.9 30.1 26.8 24.4 22.6 19.9 16.8 15.2 13.7 12.9 12.1 11.5 10.9 10.5 10.3 9.8 10.1 10.6 11.4 10.7 9.7 10.1 9.6 9.5 10.4 10.8 12.1 11.7 10.9 10.3 9.9 8.6 9.8 10 9.9 9.9 10 10.1 10.6 10.6 11.4 11.5 11.8 11.4 11.2 13.4 13.7 12.4 12.4 13.5 13 12.6 13.6 14.5 15.5 13 20.3 13.8 10.9 10.2 10 10.3 10
101.3 102 98.6 97 94.3 91.3 85.6 80.7 74.9 69.3 62 55.6 48.9 44.3 39.6 36.3 33.3 30.1 27.1 23.4 21.4 19.3 16.8 14.9 13.4 12.4 12.3 11.7 11.2 10.7 10.4 11.1 12 14.5 14 10.9 10.6 9.7 9.8 9.7 9.3 9.9 9.5 10.5 10 9.5 9 9.2 9.8 9.8 10 10 10.1 10.2 10.7 10.6 10.7 11 11.6 12.2 12.6 12.7 12.9 12.4 13.5 13.7 13.9 13.3 13.7 14.5 15.3 14.8 20.5 15.4 11.6 10.3 10 10.4 10.3
98.5 98.4 98.1 96.8 93.7 87.3 83 78.5 73.6 68.4 64 59.1 54 48.8 41.1 36.2 32.8 29.6 26.6 22.9 20.4 19.8 17.6 15 13.7 13.3 12.4 11.9 11.6 11.7 13.1 13.9 14.4 14 12 10.2 10 10 9.8 10 9.9 9.5 9.2 9.2 9 9.3 9 9.4 9.7 9.9 10.1 10.2 10.2 10.3 10.6 10.6 10.9 11.2 11.5 11.9 12.5 12.6 13.2 13.8 15.5 15.4 14.8 14.1 14 14.8 15.5 15.7 20.8 15.3 13.7 10.3 10.3 10.3 10.4
92.5 92.2 102.8 103.7 102.9 91.4 82.8 76.8 72 66.6 61.3 56.6 52.7 48.6 42.8 36.6 33.1 29.7 26.3 21.4 19.4 17.4 15.9 14.9 14.2 13.6 13.1 13.7 13.3 13.9 14.5 14.2 11.9 11.3 10.7 10.2 11.2 11.5 10.9 10.3 10.5 10 10.3 10.6 9.8 9.6 9.9 10.5 10.5 10.2 10.3 10.3 10.5 10.8 10.6 10.9 11.3 11.7 13.3 13.5 13.3 13.2 14 15.6 16 15.6 15.3 15 14.3 15 15.4 15.9 19.4 13.5 12.9 10.5 10.4 10.4 10.3
86.8 90.5 101.7 100.8 97.9 93.4 88.3 82 73.5 67.9 62.4 58.1 53.1 48.7 43.3 37.4 33.7 30.1 26.6 22.3 18.5 17.4 16.8 15.6 14.9 14.2 14.8 15.5 14.8 14.7 13.3 12.3 12.2 11 11.2 11.4 13.1 13 12.1 11.2 10.4 10.9 11.3 11.6 11.3 10 11.7 13.2 12.7 12.7 12.4 11.4 11.8 11.7 11.3 11.9 12 13 14.8 15.3 15.4 14.9 15.5 16 15.9 15.7 15.4 15.2 15 15.1 15.2 20.9 13.4 15.1 11.6 10.3 10.3 10.8 10.6
82.4 84.1 85.9 88.3 87.8 85.1 83.8 76.4 72.5 69.4 64.6 60.1 55.3 50.8 44.7 38.8 34.4 30.8 27.4 23.7 20.5 18.6 17.6 16.2 15.5 14.8 15.3 15.4 13.8 12.6 12.3 11.9 11.2 11.1 11.2 12.1 13.4 13.9 13 11.7 11.1 11.9 13.3 13.1 12.8 11.1 12.3 14.7 16.2 15.8 15.8 13.5 13.4 14.2 15 16.5 14.2 13.6 15.8 16.1 16 15.9 15.7 16 15.9 15.8 15.5 15.3 15.2 15 14.1 22.8 14.4 12.5 10.8 11.7 14.3 11.5 10.5
79.6 83.2 84.4 85.2 85.8 81.6 74.7 69.1 68.6 69.1 63.3 58.5 54.1 49.6 45.3 39.2 35.7 32.8 29.8 24.5 22.9 19.4 18.1 16.9 16 15.3 15.4 14.7 13.7 13 12.2 12.1 11.6 11.3 11.1 13 13.6 13.2 12.7 12.2 12.2 13.2 14.9 15.6 15 12 13.4 17.2 17.5 17.4 16.7 15.6 16.6 16.5 17.1 17 15.7 14.3 15.5 15.8 15.8 15.8 15.9 15.9 15.8 15.8 15.7 15.6 15.5 15.2 14.3 23 12.4 11.1 12.4 14.5 14.9 10.3 10.7
76.5 79.1 79.7 81.2 83.7 78.9 73.2 68.4 66.9 65.7 61.8 57 51.4 46 43.2 39.6 37.2 33.9 31.1 27.4 22 19.6 18.5 17.7 16.1 15.5 14.7 14.3 13.2 12.6 12 12.3 12.4 12.5 12.6 12.8 13.6 13.8 13.1 13.1 13.7 14.5 16.6 17.5 16.6 12.6 16.5 18.4 18.1 18.7 17.8 17.2 17.6 17.3 16.8 16.7 16 14.9 15.3 15.2 15.4 15.5 15.6 15.6 15.4 15.4 15.6 15.8 15.5 14.3 15.1 22.8 11.4 11.4 13.6 12.8 11.2 11.2 12
72.5 74.5 74 73.6 76.4 76.5 70.6 67.2 63.6 59.3 55.9 53.8 49.9 47.1 44.2 40.8 38 35.5 32.2 25.8 19.5 19.5 18.2 18 16.2 15.7 15 14 13.5 13.6 12.7 13 13.2 13.4 13.5 13.6 13.9 14.5 15.3 14.9 15.6 16.4 18 18.1 16.5 14.3 17.2 18.9 19.3 19.6 19.8 19.1 18.5 17.2 16.6 16.5 16.1 16 16.3 15.9 15.8 15.6 15.4 15.3 15.2 15.1 14.9 15.6 15.1 13.6 17.6 19.5 12.3 13.9 12.7 11.2 12.8 14.1 14.6
66.4 68.7 66.3 63.5 66.8 65.3 62.8 59.5 54.5 52.4 51.2 51.6 50.3 48.6 46.5 42 38.8 37.1 30.2 21.6 25.5 24.1 20 19.1 17.7 16.3 15 14.6 13.7 13.1 13.4 13.7 13.9 14.2 14.4 14.2 14.5 15 16.2 18 18.2 18.4 19.3 20.2 19.7 18.8 19.4 20.6 22.3 23.8 26.3 25 23.5 21.1 19.2 17.9 16.9 17.4 17.1 16.7 16.5 16.3 16 15.2 15 14.8 15.4 13.5 13.1 12.9 22 17.8 14.2 12.6 11.5 12.8 14.1 14.5 14.7
59 59.2 55.7 55.3 53.3 53.5 51.3 49.2 49.9 49 49.5 50.4 49.5 48.3 47 42.6 39.7 35.5 24.7 32.9 30.1 28.1 24.2 21.4 18.6 17.2 16.3 15.3 15 13.9 14.1 14.4 14.7 14.9 15.2 14.9 15.2 15.6 17.1 19.3 20.4 20.7 21.9 22.9 23.8 24.4 25.1 25.6 27.2 30.2 32.7 31.4 30 27.1 24.2 22.6 20.3 18.4 17.9 17.5 17.2 17.1 16.6 15.8 15 14.6 15.1 15.4 15.1 13.6 24.6 15.8 14.2 12 12.3 13.8 13.7 13.7 14.2
53.4 53.7 51.9 51.7 51.7 50.7 48.4 45.3 44.2 43.6 44.9 46.9 45.9 45.4 44.4 42.1 38.2 26.1 36.3 36.9 32.7 29.4 27.2 24 21.5 19.8 18 16.4 16.1 15.6 15.4 15.6 15.8 16.1 16.4 15.9 16.3 16.2 18.2 21 22.2 24.3 25.3 26.3 27.7 29.3 30.5 31.5 33.3 36.4 39.1 37.8 36.3 33.2 30.3 27.7 25.7 23.3 20.8 20 18.4 18.2 17.1 16.6 16.2 15.7 16.4 16.9 16.1 15.4 25.7 16.1 14 12.7 13.3 14.4 14 13.4 13.1
47.6 47.9 48.7 50.2 50.4 49.4 47.7 45 43.3 42.3 39.8 42.9 42.5 42.2 41 39.9 33.8 33.4 39 38.9 35.7 31.4 29.2 26.4 24.1 22.2 20.8 18.8 16.4 17.6 17.2 17.1 17.1 17.3 17.8 18.2 17.2 16.7 19.2 22.5 24.5 26.4 28 29.6 31.8 34.6 37.9 40.6 42.4 43.8 45.5 44.4 42.8 39.6 36.4 32.6 29.5 27.4 25.6 23.8 21.4 20.3 19.1 18.2 17.5 17 17.1 17.5 17.3 17.8 26.2 16.1 13.9 12.9 14.6 14.7 14.2 13.8 13.5
