WholeMapElevations/data/ng/ng82_OST50GRID_20230518/NG82.asc
ncols 200
nrows 200
xllcorner 180000
yllcorner 820000
cellsize 50
[rows 148 to 184 of 200, columns 83 to 165 of 200]
156.3 158.3 157.9 155.3 158 164.7 172.6 184.9 204 241.3 271.7 288.1 321.1 330.9 350.3 363.3 368 371.4 381.3 381 380.1 368.6 382 378.2 377.9 379.7 380.4 388.5 396.1 396.9 394.8 388 384.6 382.3 375 390 394.4 390.5 397.8 403.9 411.8 421.7 415.7 412 429.4 411.6 396.9 392.6 399.8 408.2 413 420.9 432.8 438.3 444.9 451.1 453.5 462.2 459.3 467.8 461.7 464.7 456.1 455.8 458.7 457.3 454.6 450.7 447 445.7 442.6 431.4 415.4 397.3 377.3 372.8 366.9 354.1 339.8 313.5 289 259.8 238.9
170.3 172.1 175.4 172.3 167.3 171 180.1 190.6 213.4 251.2 281.4 314.1 350 362.6 369.9 372.5 378.3 389 391.7 399.1 391.4 385.8 387.6 390.2 393.8 395.1 403.4 405.6 402.8 402.3 405.6 398.2 397.2 396.5 402.1 403.5 408.1 400.7 396.6 411.4 422.3 430.5 436.3 438.5 446.3 444.4 428 414.3 415.1 419.9 425.8 436.4 439.2 449.4 457.1 468 478.9 479.3 475.7 478 477.8 474.3 464.5 472.2 467.8 464.6 463.4 456.7 452.4 447.1 451.8 452.3 440.4 407.7 385.9 366.5 344.6 328.6 318.4 296 274.6 255.9 240.4
188.2 189.2 190.6 185.2 181.3 176.5 183.9 198.8 223.6 256.5 295.1 320.6 338.4 361.3 377.9 381.6 384.9 389.3 391.6 387 385.1 383.7 386.2 395.5 400.2 403.5 401.8 406.7 409.2 421.4 428 424.4 419.6 421.8 422.3 422.3 427.1 414.1 418.6 417.6 425.1 434.5 436.7 440.9 441.9 437.6 433.3 433.8 432.3 445.4 449.7 455.9 469.5 480.9 481 476.7 491.2 487.3 484 488.5 490.9 487.4 482.3 481.2 479.7 470.5 466.3 462.4 453 455.1 461.3 461.4 451.6 435.3 407.4 377.8 350.5 323.5 298.1 281 264.8 254.4 238.2
203.4 208 206.8 205.1 201.2 197 189.8 202.8 225 256.3 293.4 315 340.4 359.6 373.1 384.3 383.9 376.7 372.2 371.8 376.7 380.6 382.7 386.7 389.4 395.5 400.1 409.3 422 424.8 430.2 426.4 427.9 429.4 434.4 443.2 448.8 447.2 442.1 457 459.9 461.5 462.4 455 448.1 445.2 449.9 459.4 461.3 467.3 470.2 467.1 472 479.6 481.7 487.7 487.7 484 484 487.6 490.9 495.4 492 485.9 483.1 475.9 473.6 473.2 472.1 467.6 472.1 471.1 463.7 450.8 429.4 396.2 366.6 327.2 300.6 275.8 260 244.2 230
209.5 220.6 223.6 223.8 222.6 216.2 207.5 198.9 220.1 244.2 280.1 310.5 337.9 353.8 365.7 375.1 373.1 364.7 362 364.5 377.9 381.5 379.4 382.3 393.3 398.4 413.4 420.5 424.9 426.8 428.6 425.6 426.7 432.1 438.3 456.6 462.2 468.7 463.3 471.4 476.7 482 487.3 480.3 479.9 477.7 482.5 496.3 501.4 503.4 499.9 499.1 488.3 484.9 481.9 483.9 484 484 484 495.6 499.4 500 491.6 485.4 480 479.1 472.4 471.5 474.4 478.3 478.1 471.9 467.5 451 445.6 421.1 384 354.2 324.4 291.3 266.6 250.9 244.2
220.3 224.4 232.5 241.5 252.5 253.7 236.6 229.1 225.1 237.4 272.8 314.1 338.9 342.6 349.5 355.2 353.2 353.8 353.8 360.6 366.1 369.4 377.4 383.7 400.3 407.8 409.8 412.8 420 427 424.7 424.1 424.9 438.8 445.6 453.9 457.8 468 470.7 479.1 480.4 484.8 493.2 496.3 500.3 516 513.1 524.3 531.3 541.1 539.2 532.3 521.7 522.5 520.2 512.1 497.6 485.8 488.5 502.6 494.5 494.9 495.8 489 478.1 480.6 472.6 472.1 474.9 476.7 471.3 468.8 455.4 443.5 429.3 420.2 404.2 373.9 337.5 300.7 273.3 265.8 247.7
224.5 234 252.9 272.1 299.4 292.6 273.7 267.1 258.5 253.9 283.4 303.4 324.3 331.9 336.6 336.1 342.3 343.8 345.4 368.3 361.1 367 372.7 383.1 401.6 400.2 400.8 405.8 407.4 416 419 414.2 419.1 426.1 438.7 442.3 451.8 458 473.6 483.6 490.8 498.5 507.3 517.9 517.5 520.2 524.3 541.2 547.1 551.2 552.2 549.7 543.8 543.2 539.1 532.5 518.8 517.9 509 502.9 492.2 486.1 481.8 478.1 477 472.4 468.1 463.4 462.5 462.2 458.4 452.5 439.9 431.1 419.8 399.8 383.2 355.7 331.3 311 293.8 280.3 271.3
225.1 241.8 268.6 293.8 309.2 319 322 321.3 303.5 289.8 300.3 301.8 299.6 327 326 334.4 334.9 335.3 347.3 357.4 359.8 366.5 370.1 381.3 393.9 395.8 396.9 397.2 402.7 407 407.9 409 416.6 423.4 431.3 438.7 453 467.4 476.8 490.9 498.4 501.1 514.3 523 534.1 536.6 547.4 556.3 561.2 568.3 572 562.2 562.4 562 561.1 545.7 542.3 542.2 535.1 534 521.5 498.2 490.2 493.5 485 480.5 473.6 465.7 460.2 454.2 451.2 436.8 432.8 430.1 418.5 392.6 387.7 372.2 356.2 334.6 318.9 305.1 302.1
236.2 254.6 277.8 317.6 349.3 351.2 356 356.9 352.3 341.2 334.3 330.4 338.3 344.1 343.8 334.4 333.9 337.2 342 350.3 359.9 368.5 369.4 379.8 390.3 393.6 391.1 398.6 411.2 403.7 404.4 408.6 417 423.6 433.1 440.8 455.9 467 473.6 491.9 500.2 502.9 508.1 531.9 544.8 556.6 558.8 565.1 567.7 573.9 574 563.3 569.2 566.8 568 576.6 572.5 565.6 561.3 554.5 548.3 540.2 528.9 519.5 518.9 512.2 498.8 495.8 490.8 478.9 458 459.2 458 468.9 462.2 442.3 427.2 401.9 380.5 358.8 343.6 333.7 331.7
249.9 266.5 311.5 343.4 356.2 368 374.4 371.2 371.2 366 356.6 354.1 347.4 345.3 342.4 351.6 349.3 346.6 343.9 344.1 352.1 363 368.3 377 387.3 389.3 388.8 393.7 398.4 397 411.7 410.7 412 423.7 442.5 458.6 469.5 469.2 477.4 487.6 494.9 496.8 512.3 530.1 544.9 554.1 564.4 566.4 568.2 566.7 563.2 563 568.4 571 567.1 571.5 581.9 579 576.5 569 568.4 565.4 555.5 546.1 540.3 527.6 517.9 499.2 492 487.2 477.3 472.7 474.4 473.8 471.2 466.5 450.4 431.3 404.5 386.1 375.3 367.1 357.8
258.2 285.4 335 345.4 360.9 371.1 379.5 380.1 374.4 373.4 369.3 361.4 353.9 348.5 353.7 354.7 355.6 354 349.8 353.8 360 362.3 364.8 366.7 379.1 384.6 384.5 385.7 388.8 393.9 400.8 401.9 411.4 423.4 444.3 463.1 471.3 479.7 478.1 485.6 496.1 513.3 526.8 545.5 553.3 565.4 568.3 568.4 572.4 567.4 565.7 563.6 571.9 570.3 567.1 567.1 584.6 588.4 585.6 579.7 573.2 567.8 558.2 547.1 537.5 533.3 522.4 499 497.2 487.8 487.9 489.1 483.9 475.7 474.2 468.2 455.5 439.8 430.4 415.7 418.4 409.4 401.6
267.7 305.8 334.7 348.7 357.9 365.7 370.9 375.6 376.3 376.6 370 363.3 358.7 356.7 356.3 364.9 354.7 353.7 359.7 365.8 366.7 365.3 370.4 373.2 371.1 379 381.9 383.5 386.2 391.2 393.3 399.7 409.1 423 442.2 460.1 479.1 486.7 484.4 492.9 527.4 540.8 557.5 567.5 574.9 583 578.1 571.3 568.9 568.8 563.9 564.6 579.7 570.8 567.1 577.6 598.4 588.9 586.2 574.4 565 557.5 544.2 533.1 532.1 525.6 511.2 519 510.2 495.6 484.8 490.3 488.9 478.7 476.7 471.1 457.1 450.1 449 442.8 439 431.7 422.4
291.2 312.1 338 350.8 360.6 374 375.2 374.8 375.8 375.7 371.7 374.1 366 364.9 367.4 362.1 364.2 364.4 368.6 373.5 370.1 374.4 377.1 373.5 373.6 373.1 376.1 378.5 387.1 394 408.6 413.3 407.9 424.5 441.7 457.4 475 488.8 493.8 512.3 540.5 548.9 551.5 560 565.9 572.8 574 569.2 568.9 567 563.7 568.2 569.4 567.1 572.5 592.3 594.3 598.5 593.5 580.5 567.7 560.7 557.8 543.6 540.8 534.3 532.9 526.3 508.4 500 493.4 482 477.1 477.4 469.8 466.5 460.8 459.7 460.3 459.7 452.8 446.2 439.8
321.2 339.5 340.3 348.7 358.2 365.8 368.3 370.1 376.3 375.4 378 375.6 371.3 376.3 372.4 371.8 374 376.6 377.4 379.3 378.4 378.1 381.5 376.1 383.7 384.7 379.9 381.1 390.4 401.7 412.9 421 413.5 426.5 440.5 461.4 475.7 505 521 537.5 547.9 550.7 547.5 556.7 566.8 568.3 575.4 574.3 571.7 572.1 570.4 574.3 573.3 581.8 592.4 594.2 586.4 585.3 586.6 579.8 580 574.6 569.6 556.6 549.4 549.3 546.5 532.7 526.9 519.2 501.9 491 483.8 472.8 471 470.8 463.9 469.8 467.4 464.7 451.6 443.9 438
327.8 337.6 343.4 352.5 363.5 364.1 366.7 371.1 375.6 385.4 384.2 379 381.9 382.3 387.1 390.8 392.6 386.8 385 382.6 378.3 382.1 392 402.3 394.6 388.5 383.8 383.8 398.9 409.2 420.8 421.8 418.7 423.9 446.9 468.1 496.8 520.6 535.8 543.6 545.2 544.4 545.2 557.7 573 570 578.2 587.1 590 583 580.6 575.4 585.2 592.2 591.7 587.1 583 590.8 594.7 587.2 583.6 571.9 561.1 553.4 557.7 552.2 541.7 536.9 522.7 513.7 515.8 505.8 485.8 478.9 478.4 476 475.9 469.5 462.6 455.1 446.1 445.5 440.6
326.1 341.9 361.3 368 358.1 357.6 362.9 365.2 379.2 382.8 381.5 387.1 395.1 399.6 403.4 402.1 399.7 398.3 393 386.2 382.2 390.1 400.6 407.1 399.1 390.5 391 400.4 394.9 416.5 419.2 423.1 423.2 429.2 455.3 493.7 511.2 528.4 530.9 535.8 533.2 530.9 532.4 542.3 564.4 569.6 587.4 586.5 581.1 577.3 578.5 581.6 589.8 587.9 597.3 598.2 581 588.9 588 583.1 572.2 561.4 555.7 556.8 552.8 546.6 541.2 534.8 520.2 512.9 509.9 497.4 488.5 485.7 481.9 482.6 477.9 465.9 467.4 452.6 446.3 451.9 461
334.3 348.1 362.9 360 354.9 353.2 353.3 359.3 375 377.7 380.1 395.2 405.6 409.2 408.7 407.8 401.8 399.9 397.6 390.2 401 397.7 401.3 402.7 397.2 398.3 406.5 414.1 417.6 413.4 418.8 423.4 427.3 441.1 481.6 488.8 517.7 521.9 527.3 522.1 520.5 516.8 525.2 541 556.9 573 581 575.8 579.2 579.7 574.3 572.1 577.8 587.3 588.1 583.6 577.7 580.8 580.5 576.7 570.1 559.1 560.5 554.8 548.9 544.8 539 526.4 515 504.7 496.9 502.1 494.6 488.7 487.4 488.5 477.1 465.1 459.2 455 462.4 477.7 475.1
335.8 344.9 350.3 354.4 351.4 348.3 354.2 354.8 361.7 370.4 385.2 404.6 405.6 407.1 403.7 401.8 398.2 397.7 393.6 390.5 397.3 405.7 405 407.5 407.2 409.6 414.2 418.6 418.3 414.1 418 425.1 437.7 457 477.8 492.3 501 510.3 517 505.7 506.6 510.7 525.2 545.5 557.6 562.5 555.2 560.1 572.1 567.7 566.2 564.1 573.5 587.2 581.1 577 573.1 564 570.3 565.1 567 559.8 554.3 542.1 540.3 534.1 531.2 516.6 512.5 521.9 517.4 512.4 502.4 489.9 494.9 493.4 485.9 483.1 473.1 473.1 483.7 487.2 479.8
334.6 345.6 346.6 347.5 347.1 347.7 347.8 347.8 347.8 356.8 380.1 386 396.3 394.2 393.8 392.3 395.7 395.9 388.2 386.4 390.6 402.9 408.1 415.5 415.6 414.6 413.9 414 419.4 417.9 424 428.8 451.7 458.9 472.6 478.8 492.1 496.2 503.3 492.5 512.8 517.7 545.6 545 545.9 546.8 544.2 555 562.1 560.5 560.6 562.1 567.8 577.5 573.5 568.6 565.3 552.4 553.3 564.3 556.4 553.6 544 530.5 526.1 522.2 520.1 524.9 534.5 531.3 522.3 512.2 501.9 495.3 495.4 491.4 500 491.9 480 480.9 484.7 484.7 479.3
344.6 348.5 346.3 346.2 348.5 349 350.5 347.8 347.8 347.8 370.4 373.7 379.2 380.2 387.8 385.1 392.5 386.3 384.7 387.4 396.1 404.6 411.8 414.8 414.6 412.8 412.3 413.3 425 431 454.7 452.6 456.3 458 467.4 469.3 474.8 487.4 485 484.7 510.2 523.6 526.8 530.3 526.2 531.7 542.3 551.9 552.7 561 558.9 562.3 569.5 565.2 563.1 558.6 549.5 542.5 551 547.2 544.3 536.8 525.6 522.6 521.8 530.3 534.8 535.9 536 528.7 522.1 506.8 499.3 491.3 495.2 507.3 500.1 491 488 482.1 490.1 483.4 476.2
355.6 353.6 353.2 351.6 349.8 351.5 352.7 355.2 347.8 355.9 362.7 364.5 365.6 370.3 376.5 379.9 380.1 383.9 384.8 389.3 395.6 401.9 408 411.1 413.2 411.2 413.2 426.7 445.5 455.7 461.6 461.9 458.6 460.6 465.8 464.8 469.2 472.7 475.7 488.7 502.3 503.6 505.6 512.2 515.9 526.7 548.4 570.8 573.3 573.6 566 578.1 576.8 574.6 566.8 558.6 546.2 541.9 541.2 540.2 536.8 532.1 522.8 525.5 542.2 545.3 543.9 544.4 535.9 523.3 509.4 496.7 493.6 495.9 502.9 505.5 499.2 494.3 488.9 486.9 485.9 480.1 469.6
350.3 349.3 347.9 351.1 350.7 356.2 350.9 350.6 353.2 357.3 358.1 361.8 360 363.9 370.8 374.8 382.2 385.6 390.9 396.7 400 407.1 407.3 408 409.1 411.6 422.9 447.3 460.1 469.6 474.2 470.7 469.5 462.4 465.1 468.9 474.6 483.4 480.9 490.5 494.3 499.5 513.8 517.4 525.5 562.7 574.5 570.6 573.4 574 572.1 573.9 573.7 567.7 563.8 547.3 537.8 549.2 535 529.4 529 524.6 541.5 546.1 544.7 545.7 539.8 532.6 524 515.4 505.6 496.1 492.9 502.4 507 502.2 503.6 498.1 491.3 485.8 485.2 475.2 462.9
340.5 340.4 341.9 342.5 343.2 347.3 349 349.4 349.1 353.1 354 361.4 364 366.7 372.2 379.6 387.5 392.5 403.8 403 407 408.8 409.5 409.7 413.2 428.3 449.8 466.4 464.5 470.9 471.4 477.1 472.4 465.5 467.3 476.4 482 487.7 480 492.2 501.6 508.8 514.8 523 545.4 551.4 562.5 564 566.8 561.8 564.7 565.2 564.1 559.5 549.6 528.9 532.1 542.7 529.1 526.5 528.6 542.3 543 541.9 541.3 537.4 531.4 523.8 519.3 512.8 498.2 490.9 498 507.8 500.8 506.6 501.4 492.7 487.4 483.8 482.9 469.6 458.6
330 333.7 335.3 337.6 337.9 340.2 346.1 343.7 347.2 354.8 359.7 367.2 370.1 373.8 376.5 381.1 392 405 411.5 417.9 412.8 413.2 417.7 427.5 440 460.6 463 468.7 469.1 469.1 470.3 469.2 488.8 492.9 498.4 493.2 486.9 481.4 482 492.1 504.5 509.6 522.2 524.6 540.1 545 549.1 551 558.4 555.1 553.1 554.2 551.2 543.2 536 528.4 528.6 531.9 526.4 537.6 534 542.8 542.5 537.4 527.4 523.9 519.7 514.7 511.7 497.8 495.4 486.7 503.8 501.8 503.4 504.1 495.5 488.9 485.9 480 472.5 467.2 455.1
326.1 328.6 331.1 335.9 338.8 332 334.4 343.5 351.1 358.5 366.6 373.1 378.2 382.5 382.5 393.4 398.5 411.3 426.5 426.2 422.3 437.5 446.1 457.7 462.5 473.4 482.1 475 473.3 468.9 468.9 489 498.5 500.7 499.5 499.2 493 491.5 485 493.9 503.5 507.5 517.4 535.8 550.4 552.2 557.1 553.5 551.1 549 551 550.1 538.1 536.2 531.2 520.3 524.3 523 534.9 534.3 539.7 538.1 535.8 529.7 520 511.7 505.4 504 496.7 485.1 480.9 484.4 494.7 492 501.6 501.1 491.9 481.4 481.4 474.5 470 460.5 451.5
328.7 331 332.5 328 328.4 329.9 335.7 344.2 355 364.3 371.8 380.5 387.5 387.5 391 398.4 401.7 406.3 421.2 430.6 436.2 444.4 454.2 460.8 470.6 477.8 485.8 487.4 481.1 483.8 489.4 501.6 500.3 506.6 516.6 513 505.6 506.6 497 503.7 506.8 506.5 517.8 534.6 541.4 539.8 543.5 547.5 544 540.9 541.1 533.8 535.1 532.6 521.9 512.3 517.1 537.4 543.2 534.3 539.5 535 527.6 518.7 505.8 493.1 487.7 487.3 485.9 479.9 475.2 479 478.8 492.6 495.1 490.1 484.8 475.4 473.7 470.5 464.6 449.4 446.5
331.1 326.2 325.3 324.7 328.1 336.3 339.8 355.9 373.3 382.5 386.1 394.7 397.6 401 401.3 405.3 404.8 403.2 415.1 427.1 443.5 462.5 465.4 488.6 501.1 508.9 506.4 501.4 500.7 501.1 512.9 518.1 520.4 531.6 530.6 529.4 522.5 515.1 513.3 521.9 526.5 524.8 530.6 527.8 526.2 530.5 539.9 542.1 537.8 537.1 531.8 531.8 534.3 529.7 514.5 510.9 521.4 531.5 534.6 538.9 534 526.4 512.9 503.9 491.8 481.6 480.5 477.1 477.5 474.1 473 472.9 478.1 485.9 485.4 480.7 475.4 474.7 469.9 461.2 453.2 438.1 431.4
325 319.6 322.7 327.7 334.6 341.5 345.9 360.4 373.1 385.4 399.7 398.8 401.9 408.1 411 409 399.1 405 420 457.7 475.6 487.7 490.3 504.6 508.3 511.8 523.2 526.7 535 524.5 530 534.2 530.9 537 540 539.3 537.1 530.7 529.6 533.4 537.4 538.2 534.3 538 537.2 537.3 536.1 535.3 530.1 525.2 519.8 527.6 528.1 523.3 511.9 515.9 518.3 529.8 538.6 537.7 525.6 514.7 506.7 491 481.4 471.2 469.8 474.6 472.6 465.9 465.3 471.4 476.3 485.6 487 479.6 475.6 474.3 471.4 458.5 440.3 425.8 420
317.6 325.3 326 335.2 337.8 340.7 348.7 359.3 367.9 378.9 388.5 395.4 398.7 407.5 403.8 399.5 395.7 410.9 431.4 464.2 484.1 496.1 502.3 514.3 519.9 522.9 528 535.5 537.6 535.3 530.1 535.4 545.2 536.4 529.9 535 535.7 532.1 521.4 529.7 535 528.7 533.5 525.9 524.6 528 529.9 527.8 520.8 513 508.9 509.7 510.5 510 513.2 519 517.3 523.6 531.5 529 519.5 507.6 494.8 478.4 466.3 461 465.7 468.5 464.4 459 465.8 467.6 475.5 479.9 475 478.2 476.4 475.2 461.8 446.5 432 418.7 412.4
316.1 321.6 329.4 332.8 343.5 353.9 351.6 355.8 359.4 368.5 381.2 387.6 386.4 391.7 389.7 389.8 408.4 420.8 448.9 471.8 481.3 495.7 503.5 513.3 521.3 526 519.7 518.1 525.8 529.5 518.1 525.1 534.3 531.3 516 517.4 521.1 514.9 509.8 510.2 513.9 510.6 510.7 517.3 513 508.4 517.1 519 510.4 500.8 497.5 492.7 498.9 513.3 513.5 517.5 517.6 528.7 527.7 524.2 514.6 497.7 481.8 465.8 457.4 453.8 453.5 454.5 454.1 457.1 463.9 463.7 470.2 471.1 463.9 474.9 475 465.2 456.7 436 422.8 411.6 405.1
312.2 317.9 323.8 330.2 346.1 350.5 358.8 357.6 355.2 363 364.8 369.3 371.6 374 374.7 396.1 415 435 444.4 468.4 478.4 488.3 509.5 510.8 508.9 498.9 498.3 497.8 494.9 495.9 492.7 491.7 501.8 504.8 498.7 491.7 492.3 494.7 497.6 491.3 492.6 494.6 492 492.4 496.3 494 489.6 492.2 487.2 482 475.2 485.6 512.9 515.6 517.7 516.3 520.9 520.7 512.5 504 493.1 485.7 477.1 464.6 452.1 446.4 445.2 447.7 444.2 452.7 457.6 461.1 458.5 459.4 463.9 465 463.2 456.4 442 425.5 415.6 408.3 401.2
304.9 308.9 316.4 327.1 335.1 339.8 348 353.3 349.6 345.6 352.1 355.1 356.7 358.1 365 376.3 401.6 435.9 453.3 461.3 463.3 476.2 494.6 500.4 499.4 494.1 480.6 473.4 474.9 467.5 467.2 460.8 468.4 467.5 461.2 459.5 464.1 467.1 467.1 467.1 468.3 472.2 471.2 471.3 474.8 482.7 478 468 463.5 457.3 460.3 483.5 509.3 512.2 506.9 500.9 496.8 494.6 488.7 479.4 475.3 476.6 468.2 458.9 445.1 441.4 441.3 443.3 442.9 454.2 455.8 457 446.1 447.4 453.7 452.1 459.9 443.8 428.8 417.9 409.5 405.5 404.3
291 295.5 306.5 317.8 324 324.6 329.1 334.3 333.3 330.5 325.2 328.8 337.4 343.2 352.1 363.5 383.2 397.8 415.8 433.9 441.1 453.9 466.4 474.3 462.4 470.4 465.4 458.2 443.1 436.2 432.3 432.3 437.3 442.9 435.9 435.2 435.8 441 445.3 442 447.5 454.2 450.2 453 446 456.9 452.3 443.7 431.1 436.2 457.8 489.1 502 499.4 489.3 479.7 477.1 465.4 460.3 463.6 458.6 453.3 447.7 444.6 435.2 433.9 434.4 429.2 441.5 448.3 450.5 447.7 437 438.7 443.8 450.8 443.7 426.9 425.1 416.9 411.8 406 406.4
274.8 279.9 286.7 298.8 303.8 309.3 311.5 310.1 305.7 305.4 303.4 303.4 317 332.7 342.8 356.1 369.8 404.2 414.4 425.5 428 439.1 441.5 447 441.7 440.7 441.3 432.3 415.8 411.4 408.8 409.2 411.7 415.8 407.2 409.7 410.1 417.2 421.2 421 421.7 428 429.2 435.1 426.8 427 422.1 416.4 400.6 437.1 468.7 477.1 480.6 475.4 471 458.2 448.9 449.5 446.2 441.5 443.1 443.7 436.3 431.5 427.8 425.6 425.6 419.1 431.3 440.5 440.2 439 433.6 434.8 436.9 434.9 425.6 421.6 417.7 410.7 409.6 403.7 404.2
254 261.4 260.1 273 281.7 289 288.5 290.7 284 277.8 280.8 278.5 287.9 318.1 333.8 338.9 361.3 367.8 390.9 405.9 415.7 424.8 423.7 421.2 418.1 414.7 412.8 403.4 395.7 389.6 381.6 378.3 387.5 387.1 391.8 393.3 391.1 394.5 397.7 398.6 397.7 403.2 414.8 418.1 408.6 399.4 393.1 379.1 419.6 449.6 459.3 460.6 462.1 455.7 447.6 439.6 435.8 437.3 436.2 430.6 428.8 427.1 424 425.1 421.8 417.2 416.4 418.2 423.8 424.6 427.5 424.1 422.8 418.5 415.3 420.7 420.1 417.9 412.2 405.7 404 398.8 400.6
237.5 241 243.9 253.4 261.8 265.4 261.9 259.4 259.6 252.3 255.1 254 263.5 295.3 304.4 304.2 326.6 351.3 354.6 374.9 388.2 392.8 390.2 387.1 386.6 379.1 383.3 372.3 363.7 357.5 347.9 343 351.1 358.5 359.1 366.1 373.3 374.7 381.2 384.4 379.6 381.7 390 392.6 385.3 369.3 352.5 401.2 432.8 447 448.9 446 446.8 440.5 427.9 425.9 426.8 430.5 427.3 423.7 423 421.3 420.1 417.3 409.6 406.6 407.3 408.1 413.9 412.8 413.4 412.9 410.6 398.8 403.4 405.8 414.8 414.7 406.6 399.1 397.7 397.1 388.3
223.4 226.6 227 230.6 244 248.1 242.9 234.5 228.5 231.6 234.7 234.8 233.9 265.9 269.5 271 283.5 316 323.5 331.9 350.3 350.5 359.3 354.5 347.5 350.5 346.6 337.4 336.2 325.4 317.1 314.8 317.8 323.5 331.2 339.9 341.9 349.9 358.9 363 357.6 355.5 360.3 368.8 361 332.2 377.8 397 410.5 423.7 436.4 439.8 429.6 420.8 419.6 416.8 417.6 418.5 417.4 418 417.3 419.8 414.5 409.1 400.8 396 392.8 401 401.3 402.2 399.3 395.1 394.4 382.7 393.6 408.4 407.9 412.3 402.3 394.6 392.2 389.1 384
