WholeMapElevations/data/nb/nb12_OST50GRID_20230518/NB12.asc
ncols 200
nrows 200
xllcorner 110000
yllcorner 920000
cellsize 50
[rows 148 to 184 of 200, columns 84 to 167 of 200]
24.1 17.8 14.2 23.6 27.1 32.2 36.2 41 45.5 51.5 56.7 58.1 63.6 68.7 73.4 78.9 87.2 98.6 113.1 129.9 146.4 154 157.5 172 183.5 190.3 195.6 202.9 205.6 201.6 197.1 193.5 191.7 184.9 180.1 178.2 173.5 167.2 157.1 150.1 139.7 126.4 120.7 112.3 105.3 97.2 88.2 78.1 73.2 65.5 65 64.4 65.2 66.9 65.6 63.7 61.1 63.9 69.5 68.5 67.8 68.3 70.7 72.9 67.6 60.5 59.9 59.5 58.5 56.6 53.7 52.5 48.9 48.3 45.6 45.5 43.7 43.1 41.9 42.2 41.2 40.3 40.2 40
23 19.2 14.4 20.9 25.7 31.6 34.7 39.3 43.8 50 53.6 57 61.9 67.2 72.1 76.8 84.7 94.1 111.9 128.2 144.6 151.3 155.6 167.4 174.5 179.8 185 187.1 191.1 190 185.6 181.7 180.8 176.6 171.6 169.4 163.5 159.1 151 143.3 137 127.2 118.9 108.9 104.9 98.1 85.8 78.4 69.5 65.4 62 61.4 60.9 62.1 64.7 62.1 59.8 56.4 60.3 62 63.6 65.4 66.3 63.9 62.3 59.8 59.2 60.6 60.7 58.1 56.2 53.1 50.1 46.7 45.6 45.4 43 43.1 42.3 42.7 41.7 41.4 40.5 39.5
24.9 20.4 15.4 18.8 22.9 29.1 31 36.8 42.3 48.7 52.2 54.5 59.9 64.2 68.4 73.6 81.8 90.2 106.3 121.7 136.5 146.5 152.4 159.9 166.7 168.9 172.3 174.1 176.1 176.6 172.5 170.2 169.2 165.9 163.2 160.3 157.4 149.9 145.1 142 135.6 127.7 118 106.9 103.6 94.2 84.5 73.3 67.4 64.2 62.6 58.9 56.9 56.8 59.7 61.1 57.5 54 53.6 57.1 59 60.4 63.7 61.1 59.6 58.8 58.6 59.4 61.8 61.4 59.2 56 51.5 48 45.2 44 44.3 44 42.9 43.2 42.5 41.9 41 40.2
24.6 21.4 15.4 17.2 22.8 27.2 32.5 34.9 39.8 45.7 49.8 52.3 56.7 61 64.7 71.5 78.8 86.8 96.9 112.9 127.4 138.2 144.1 149.3 156.1 158.3 161.5 162.9 162.1 163.4 161.2 160 159.2 156.3 153.1 152.1 150.2 145.2 139.8 135.8 129.4 121.9 114.7 103 98.3 90.2 79.2 70.7 64.6 62.9 61.3 56.5 52.4 51.9 51.7 52 50.6 48.9 49 51.1 54.1 57 57.9 57.7 58.4 57.7 58.4 59.3 61.4 63.7 63.2 58.4 54.2 50.9 48.6 45.9 44.5 45.2 44.1 44.5 43.5 43.5 42.2 41.3
29.8 21.9 20.5 16.1 21.6 26 30.2 32.8 36.7 40.8 47.4 50.2 54.5 58.8 62.1 67.8 74.3 82.8 92.3 104.9 115.8 128.4 133 139.5 144.8 148.1 152.5 151.6 152.2 151 150.4 151.2 150 147.6 146.8 144.2 141.6 138.2 134.5 130.7 125 115.4 109.1 102.4 92.8 86.8 78.5 73.5 65.6 60.7 64.2 58 52.7 50 48.9 48.2 48.3 47.2 48.9 48.9 49.6 52.8 54.6 55.4 57.9 57.9 58.4 59.1 61.6 65.1 63.4 60.7 57.3 54 51 48 46.2 45.8 46.7 45.6 45.6 45.7 44.4 42.8
36.2 28.1 22.1 16.6 21.7 24.1 28.1 31 35.6 39.2 42.8 47.9 52.2 56.1 59.5 64.3 71.1 78 86.8 97.3 108.7 117.7 124.9 130.2 136.9 139.8 140.9 141.2 141 140.3 141.4 140.8 141.1 139.9 138.2 136.1 133.1 129.8 127.7 123.8 117.7 111.1 104.7 100.3 91 83.7 78.3 72.6 66.6 60.9 57.5 55.4 51.6 49.7 49.2 46.4 46.3 47.9 47.9 48.6 48.2 49.4 52 54.1 56.2 58.8 58.4 59.5 62.5 63.2 62.3 60.4 60 57.7 51.8 48.2 47.8 48.4 49.5 48.3 47.4 48.4 45.8 44.2
36.9 29.5 24.3 17.1 18.2 22.7 27.9 30.1 32.8 37.4 40.8 45.5 49.4 53.5 57.1 61.1 67.2 73.8 81.7 91.4 100.2 108.4 116.9 121.5 127.3 131.4 131.2 131.9 132.6 132.1 130.8 131.1 131.9 130.8 130.3 129.3 125.4 123.8 119.8 116.3 113.6 107 102 96.7 91.2 80.9 78.6 73.8 64.9 62.5 58.4 55.2 51.8 49.4 47.8 45.2 45.4 45.2 46.9 46.5 46.6 47.8 49.8 51.6 53.5 56.1 57.2 61 62.7 62.3 61.8 62.2 62.1 58.2 51.1 48.7 49.5 51.7 52 49.9 50.6 49.7 46.2 44.9
41.2 33.2 29.1 21.5 17.7 21.4 26.9 29.1 31.5 35 38.8 43.2 48.2 51.8 55.5 58.4 64.2 69 75.4 84.6 92.2 99.8 106.7 113.1 116.2 121.2 121.6 122.6 122.7 121.4 121.6 121.8 123.3 122.8 120.5 119.6 117.9 116.6 114.3 111.2 107.3 104.6 98.9 94 90.2 81 80.4 72.8 64.8 61.4 58.8 55.8 52.4 49.6 47.2 45.6 44.5 42.3 43.2 43.9 44 45.2 46.4 49.1 50.8 53.2 56.1 61.7 63.9 62.2 60.9 61.4 62.5 55.7 49.5 48.7 49.8 54.9 54.8 51.2 50.1 48.4 46.2 45.3
46.2 43.8 35.1 27.6 17.3 21.1 26 28.5 30.6 33.7 36.6 40 45 50.2 53.2 55.3 59.2 64.3 71.3 80 87.2 93 98.5 104.2 107.2 110.8 113 112.3 112.9 113.1 114.2 112.7 114.2 113.1 112.5 111.1 110.7 107.5 107.4 106.4 101.5 97.4 93.2 86.6 86.3 83.6 82.2 73.6 64.8 61.7 60 57.4 54.1 51.7 48.4 46 44.2 41.5 42.1 42.7 43.5 41.8 44.8 47 49.4 53.8 56.8 63.7 65.9 62.3 59.7 57.5 56.8 52.6 49 48.7 49.1 57 56.4 51.9 49.3 47.6 46.7 45.3
48.7 48.3 40.4 28.3 18.4 21.4 26.3 28.9 30.8 32 34.3 37.4 41.9 48.3 51.1 53.1 55.3 58.3 66.8 73.2 80.1 83.8 89.2 97.1 100.9 104.9 106.8 104.9 105.4 105.7 104.1 102.6 105.5 105.2 105.8 105 103.7 103.9 101.6 101.7 97.2 92.3 87.6 83.7 82.6 82.9 86.6 75 66.4 62.7 61.5 61 56.9 53 49.4 47.7 46.6 42.6 42.1 43.5 42.7 42.5 45.1 46.2 49.1 51.6 54.9 61.2 64.6 61.4 57.8 55.2 52.9 50.8 49.5 48.7 49.2 62.1 56.5 52.1 49.9 49.7 47.3 46.5
44.6 49.6 40.8 31.2 24.1 18.4 25.8 27.8 30.1 31.1 33.3 35.4 40.4 45 49.3 51.4 53.5 55.4 60 66.4 71.8 76.7 82.4 87.9 93.8 96.3 96.1 96.1 96 98 97.1 94.7 97.2 98 97.6 97.9 96.8 96.6 92.9 93.8 91.4 88.1 86.1 80.1 77.7 78.8 80.3 76.6 67.7 62.5 62.3 58.9 57.8 52.4 50.4 50.7 47.1 43.5 41.6 42.2 41.7 43.3 45.5 45.5 48 49.6 53.7 60.4 61.1 57.7 54.8 53.4 51.1 50.3 50.1 48.8 48.7 55.9 55.8 51.5 50.8 49.3 47.5 45.9
42.5 43.9 43.7 36.8 26.7 17.6 22.8 25.5 28.8 30.9 32.3 33.6 37.8 42.2 46.6 50.6 51.6 53.7 56.3 62.8 67.1 69.9 76.2 79.5 84.9 86.9 88.9 89.1 89.4 88.8 88.7 89.9 90.1 92.5 91.2 90.9 90.3 89.5 87.1 84.8 83.2 80 76 74.6 71.6 72.2 78.7 76.2 67.5 59.8 60.9 57 54.5 49.8 48.5 49 44.6 42.4 40.8 37.8 39.6 43.3 44.7 44.8 46.2 47.2 53.8 54.8 53.9 51.8 50.6 50.2 50.2 50 50.4 51.4 48.7 49 52.4 50.8 51 49.9 47.3 44.5
40 41.1 41.4 37.6 26.9 20.4 23.5 25.6 27.6 29.4 30.8 32.3 35.2 40.1 43.9 48.4 50.2 50.6 52.5 56.8 62.9 65.7 69.8 74.5 77 78.6 81.4 81.8 82.2 82.7 82.3 82.5 85 84.7 83.9 84.9 85.4 83.8 81.8 79.1 75.7 73.5 70 65.6 63.7 64.1 67.1 65.5 56.8 53.3 61.4 51.8 49.3 45.7 43.8 44.1 41.1 38.8 36.8 38.1 40 42.8 43.9 44.2 44.8 45.1 50.1 52.5 50.6 49.8 49.1 49.3 48.9 49 51.3 53.8 50.6 48.4 48.7 49.1 48.4 48.3 46.5 44.1
39.7 38.9 39.6 37.3 28.2 22.3 20.8 23.1 24.3 26.8 30.5 31.6 34.2 38.2 41.9 46.5 48.5 48.2 49 52.8 57.1 62.4 65.4 67.6 68.4 70.4 73.7 75.2 76.1 76.8 76.2 77.3 78.3 78.8 79 79.4 82 78.9 75.9 73.4 70 69.3 64.9 62 60.6 60.4 57.5 55.6 49.5 47.9 46.7 46.5 44.1 42.8 40.9 39.6 38.2 33.6 33.6 35.6 40.8 43.7 44 43.6 43.2 41.7 45.9 48.3 49.2 48.6 48.2 47.3 46.8 47.9 51.3 55.1 52.3 48.7 47 47.3 47.7 46.4 44.9 44.4
38.2 39.4 42.7 36.3 34 23.6 19.3 21.9 22.9 24.6 28.1 30.7 32.7 36.8 41.2 43.7 46.3 46 45.7 50.1 54.2 58.6 60.6 63.1 64.7 65.7 67.8 69.8 70.5 70.3 70.9 72.7 73.6 74.1 74.9 74.5 72.8 71.2 69 67.1 63.1 61.6 58.4 55 52.4 51.9 49.6 48.4 46.1 44.7 43.5 41.2 41.3 40.2 39.8 37.8 33.6 33.6 33.6 37.8 41.9 45.4 43.9 42.4 41.4 39.8 40.8 46.3 47.6 47.6 47.7 46.5 46.3 46.8 48.9 51.9 52.2 46.8 44.7 45 44.5 43.5 43.4 44.1
41 36.9 37 35.8 31.1 26.7 19.3 21.5 21.9 23.5 26.5 30.5 32.1 35.4 39.2 42.2 43.1 43.4 42.9 47.2 51.9 55.1 56.7 59.4 60.8 60.7 64.2 65.3 66.1 66 66.7 67.1 68 70.3 70.6 69.4 67 64.7 61.5 60.2 56.8 54.3 52.3 49.9 47.3 47.2 43.6 42.1 40.7 42.8 42.7 37.8 38.8 39.2 38.8 34 33.6 33.6 33.6 33.6 42.4 46.4 42.7 41 39.6 37.5 38.9 43.1 47.4 48.1 47.6 46.8 46.1 47.8 48 48.4 48.5 46.1 43.3 40.7 39.9 41.1 40.8 36.7
42.4 36.9 39 35.2 32.2 26.8 19.1 21.3 22.2 22.9 24.1 28.3 30.2 33 36.5 38.8 40.2 41 41.8 44.6 49.2 51.3 53.3 55.4 56.8 57.3 60.8 61.2 60.9 62.4 62.7 63.9 63.1 65.1 64.8 63.8 61.7 60.4 59.2 56.7 50.9 46.1 44.7 44 41.6 37.9 38.8 36.4 38.7 43.1 42.5 36.1 33.6 33.6 33.7 33.6 33.6 33.6 33.6 33.6 40.7 41.2 42 41.2 39 33.6 33.6 39.3 43.9 46.8 46.7 45 46 47.9 48.9 48.5 48.1 46.4 43 39.6 36.6 35.2 35.2 35.2
44.5 41.7 37.7 38.2 33.8 28.5 23.3 21.4 22.6 23.2 24.1 26.2 27.7 32.3 33.8 35.8 37.9 39.3 40.8 42 46 47.9 51 52.7 53.3 53.6 55.2 56.2 56.9 57.8 58.8 59.2 58.3 61.6 59.3 58.5 58.9 58 56.9 53.3 46.5 43.2 42 40.2 39.2 33.6 33.6 33.6 33.6 34.2 41.4 35.3 33.6 33.6 36 33.6 33.6 33.6 33.6 33.6 33.6 38 40.3 41.2 38.3 33.6 33.6 39.6 40.5 41.4 44.4 44 46.5 48.5 49.4 48.8 47.7 44.7 41.8 39.6 35.2 35.2 35.2 35.2
38.7 43.1 38.7 38.4 37.6 34.2 27.8 21.6 23.1 24.7 26.9 27.6 26.4 31.8 32.4 34.1 36.1 37.9 40.1 41.3 42.9 45.4 48.9 50.1 50.9 51 51.1 51.8 53.3 54.4 54.7 54.4 53.8 53.8 54 54.6 55.4 55.1 53.6 50.2 43.2 41 38.7 36.1 33.6 33.6 33.6 33.6 33.6 33.6 33.6 33.6 33.6 33.6 33.6 33.6 33.6 33.6 33.6 33.6 33.6 33.6 33.6 38.9 36.7 33.6 33.7 38.9 40.6 40.8 40.9 42.6 46.1 49.1 50.6 48 46.7 42.7 41.4 40.1 35.2 35.2 35.2 35.2
34.8 39.3 37.2 38.6 43.1 39.4 35.1 24 22.5 26.8 28.5 28.2 27.4 28.6 31 32.7 34.6 37.6 39.1 39.8 41.9 43.9 46.8 48.1 48.9 49.4 49.1 49.7 51.6 52.8 52.4 51.7 50.9 50.3 51 50.3 50.7 50.3 47.7 44.8 42.2 40.5 38.3 37.2 33.6 33.6 33.6 33.6 33.6 34.1 33.6 33.6 33.6 33.6 33.6 33.6 33.6 33.6 33.6 33.6 33.6 33.6 33.6 33.6 33.6 33.6 33.6 33.6 39.3 38.8 40 41.3 43.2 45.2 47 45.1 43.7 42.8 40.3 39.3 35.2 35.2 35.2 35.2
24.6 30.3 33.2 37.4 46.1 45 40.7 30.8 21.6 23.9 26.6 28.7 27.7 28 29.4 31.5 32.1 36.4 37.7 39.2 40.3 42.7 44.6 47.3 47.4 47.4 47.9 47.8 49.5 51.3 50.9 49.6 48.7 47.9 47 46.7 46 46 44.3 43.5 43.4 41.4 40.1 39.9 36.3 33.6 33.6 33.6 33.6 33.6 33.6 33.6 33.6 33.6 33.6 33.6 33.6 33.6 33.6 33.6 33.6 33.6 33.6 33.6 33.6 33.6 33.6 33.6 39.4 40.6 40.3 40.2 42.9 44.2 44.2 43.4 43.2 42.7 40.5 37.8 35.2 35.2 35.2 35.2
24.6 24.6 30.2 33.4 37.1 47.4 45.1 37.7 26.9 22.2 24.9 26.9 28.7 27.6 28.3 29.3 30.5 32.2 35 38.7 40 42.3 44.7 46.3 47.3 47.5 47.1 46.4 47.2 50.4 48.2 48 47.4 46 45.6 45.3 44.8 44 43.3 43.8 43.3 41.7 43.1 43.5 41.7 39.1 33.6 33.6 33.6 33.6 33.6 33.6 33.6 33.6 33.6 33.6 33.6 33.6 33.6 33.6 33.6 33.6 33.6 33.6 33.6 33.6 33.6 33.6 35.5 37.8 39.3 38.5 40.8 42.4 43.5 43.4 43.6 43.3 41.7 40.3 40.1 35.2 35.2 35.2
24.6 24.6 24.6 30.7 33.3 42.6 45.4 42.2 30.2 23.3 24.4 25.9 26.8 28.9 29.6 30.3 31.1 31.6 33.2 38.2 39.3 40.7 43.5 45 46.9 47 46.6 45.4 45.1 48.1 46.8 47 46.5 45.7 45.3 44.6 43.9 43.1 43 42.6 42.4 42.8 44.4 47.1 45 42.1 38.4 33.6 33.6 33.6 33.6 33.6 33.6 33.6 33.6 33.6 33.6 33.6 33.6 33.6 33.6 33.6 33.6 33.6 33.6 33.6 33.6 33.6 33.6 33.6 37.5 33.6 39.1 41 43.1 44.1 43.5 43.5 42.6 41.7 41.4 41.3 41.8 40.5
24.6 24.6 24.6 28.1 32.3 39 42.7 43.7 31.3 24.1 25.3 26.1 27.9 29.4 30.2 32.4 32.9 32.9 33.3 36.6 38.5 40.3 42.9 44.3 46.2 47.4 46.1 44.9 45.3 43.8 45.6 46.3 46.2 45.4 44.9 43.9 43.7 42.8 43.6 45.8 43.8 43.9 46 50.6 49.8 46.5 42.4 41 35.1 33.6 33.6 33.6 33.6 33.6 33.6 33.6 33.6 33.6 33.6 33.6 33.6 33.6 33.6 33.6 33.6 33.6 33.6 33.6 33.6 33.6 33.6 33.6 33.6 39.3 43.9 44.4 44.5 45 43.5 42.8 42.2 42.1 42.6 42.6
29.8 28.8 25.8 30.6 32.8 34.7 37.7 39.7 31 24.8 25.8 26.5 28 29.7 32.3 32.7 34.1 34.2 35 35.5 37.7 38.9 42.4 44.2 45.5 46.6 44.6 43.3 43 42 45.6 46.3 45.6 45.2 44.5 43.6 43.2 43.2 44.3 46.7 46.9 46.7 49.4 51.7 51.9 50.4 48.2 44.5 42.2 37.4 33.6 33.6 33.6 33.6 33.6 33.6 33.6 33.6 35.7 33.6 33.6 33.6 33.6 33.6 33.6 33.6 33.6 33.6 33.6 33.6 33.6 33.6 33.6 33.6 40.6 44.1 44.6 46.5 45.4 44.5 44.1 42.9 42.7 42.1
31.8 29.9 28.9 31.3 33.4 34.5 35.5 34.7 31.4 26.6 27.1 26.5 28.1 29.7 31.7 34 35.1 35 36.7 40.2 37.2 38.4 40.8 43.7 45.9 44.9 42.5 39.9 40.5 39.7 43 44.6 45.3 45.5 44.6 43.8 44.4 44.2 45.2 47.7 49.5 49.8 53.7 55.4 59.8 58.7 54.7 51.1 48.1 43.2 38.8 33.6 33.6 33.6 33.6 33.6 33.6 36.4 39.8 37.8 34.1 33.6 33.6 33.6 33.6 33.6 33.6 33.6 33.6 33.6 33.6 34.6 33.6 33.6 37.7 44.7 43.4 48.8 48 46.3 44.6 43 41.9 41.6
32.5 30.2 30.4 31.4 33.3 38.1 37.7 34.9 31.6 28.9 25.9 27.3 28.1 30.8 32 34.2 35.6 36.1 36.3 36.7 37.1 38.5 40.1 42.2 46.5 43.3 39.5 38.2 38.2 38.2 38.2 42 44.5 45.5 45.3 44.6 45.1 45.6 46.1 49.6 52.1 53.9 58.6 63.2 64.6 65.4 62.7 58.4 54.8 52.3 47.8 41.8 39.6 39.7 34 33.6 34.4 38.6 38.5 33.6 33.6 33.6 33.6 33.6 33.6 33.6 33.6 33.6 33.6 33.6 33.6 33.6 33.6 33.6 33.6 38.5 39.9 42.8 46.4 45.6 45.2 42.8 42.2 40.9
32.9 31 30.7 31.9 33.6 37.5 37.6 36.3 33.3 31.4 25.2 27.2 27.9 30.7 32.7 34.4 36.5 36.5 36.4 37.3 37.9 38.4 39.3 41 43.4 41 38.9 38.2 38.2 38.2 38.2 41 44 45.3 46.3 45.8 45.8 46.4 49.2 51.7 55.6 59.4 64.4 71.4 73.6 78.6 74.4 70.1 68.2 63.3 56.1 50.6 46.1 49 42.9 39.7 38.5 37.7 37.2 34.3 33.6 33.6 33.6 38.4 33.6 33.6 33.6 33.6 33.6 33.6 33.6 33.6 33.6 33.6 33.6 33.6 38.9 42.3 44.8 45.5 43.5 42.8 43.2 41.8
34.8 31.7 31.4 32.1 33.2 36.4 36.9 36.5 34.1 30.7 28 27.9 28.1 32.2 32.1 34.5 36 36.4 37.8 38 37 38.2 38.2 39.5 40.8 40.2 39.2 38.2 38.2 40.6 38.2 42.2 45 47.1 48.2 47.4 49.3 51.1 52.8 56.9 62.2 64.7 71.6 78.4 83.1 85.7 86.9 80.2 76 70.6 64.7 59.1 53.4 52.7 47.8 42.8 40.4 40.1 40.4 40.5 38.7 39.2 41.2 40.8 39.2 34.2 33.6 33.6 33.6 33.6 33.6 33.6 33.6 33.6 33.6 38 40.6 44 47.3 45 42.8 43.3 43.6 42.6
34.7 33.2 32.2 32.8 33.3 36.1 37.9 38.1 36.6 33.8 32.8 26.8 28.7 28.4 30.9 33.3 35.4 36.4 37.6 38.5 36.5 38 38.4 38.8 39.9 40.2 39.6 38.2 40.6 41.9 42.2 43 46.1 49.7 51 50.9 53.2 56.6 59.8 65 67.3 71.6 77.1 80.6 85.5 86.2 85.9 86.6 83 76 73.9 68.7 64.9 61.6 55.2 48.8 43.8 42.8 42.7 42.6 42.1 43.5 43 42.1 41.2 39.6 33.6 33.6 33.6 33.6 33.6 33.6 33.6 33.6 33.6 40 44.7 44.7 47 43.4 41.4 45.1 45.7 45.4
38.1 34.8 32.7 32.8 33.5 35 40.4 44.9 45.8 41.9 39.4 31.1 28.8 29.5 30.7 32.5 34.4 35.3 35.7 36.5 38 37.4 39 40.2 40.1 40 40 40.8 41.5 42.7 44.6 45.7 47.4 51.8 53.7 53.8 56.2 60.3 66.4 68.8 72.7 79.7 85.5 90.8 87.7 91.6 103.1 99.7 93.7 92 85.1 77.1 75.3 68.5 60.9 55 50.1 46.6 45.7 44.5 44.7 45.2 44.2 43.4 42.6 40.9 35.5 33.6 40.8 39.1 33.6 33.6 33.6 33.6 33.6 35.1 41.7 42.4 43.3 43.7 41.4 41.4 48.4 51.8
45.3 40 34.7 34.7 35 37.7 44.3 52.5 55.9 50.9 49 40.7 29.3 29.7 30.8 30.7 33.5 34.4 34.7 37.5 36.4 35.6 38.4 39.4 40 40.1 40.8 41.2 43.1 43.6 46 47.8 51.5 52.5 56.2 57.9 64 68.4 72.8 75.6 78.4 84.6 93.9 101.9 103.6 101.8 112.6 113.4 106.4 99.4 92.7 85 77 71.6 67 63.5 57.8 54.1 52.9 47.7 46.5 47 46 44.3 43.1 41 38.5 38.1 41.8 39.9 33.6 33.6 33.6 33.6 33.6 33.6 33.6 39.5 41.5 44.9 42.1 42.7 47.2 47.7
53 45 42.2 43.3 42.8 42.2 49.9 53.9 59.3 59.9 55.9 47.6 33.3 29.6 30.6 32.6 32.4 34.1 35.9 38 37.1 35.6 35.6 35.6 38.5 39 39.9 40.7 43 44.7 47.2 49.9 54.6 55.8 57 61.5 68.2 75.5 80.2 81.3 85.3 91.8 97.4 106.8 110.8 116.9 126.6 122.7 115.6 107.1 97.2 90.6 84.6 81.2 77.7 74.2 66 61.8 58.3 56.1 51 51.3 48.9 46 44.3 42.5 40.9 41.4 42.1 38.8 33.6 33.6 33.6 33.6 33.6 33.6 33.6 39.3 41.7 43.7 42.3 42.3 46.8 48
63.6 52.9 52.1 53.3 48.8 47.1 57 60.5 59 68.8 61.5 56.7 42.9 32.5 30.2 32.5 33.5 34.9 36 38.4 39.6 35.6 35.6 35.6 38.9 38.7 39.1 40.5 43.7 46 48 51.9 58.1 57.7 56.7 60.5 72.1 78.6 85.3 87.1 89.9 98.1 102.1 113.5 122.4 129.7 130.4 124.2 115.6 108.6 103.3 101.4 95.3 94.2 91.1 81.1 74.4 69.5 62 60.3 55.3 54.8 53.2 49.6 47 45.2 44.8 44.2 45.8 40 33.6 33.6 33.6 33.6 33.6 33.6 33.6 39.2 40.3 42 45 46.1 51.4 50
74.3 66.1 66.8 66 57.5 52.6 61.9 67 63.4 67.2 68.1 59.3 45.5 33.7 32.4 29.7 33.6 35.6 36.7 37.6 38.7 35.6 35.6 35.6 41.4 40.5 40.6 42.4 45 46.9 48.8 52.2 58.4 60.4 57.7 59.7 71 78.4 84.3 89.8 93.6 103 112.3 124.8 131 139.7 139.6 130.1 120.7 110.7 105.5 103.6 103.7 104.1 100.6 91.9 78.6 72.2 69 67.5 61 57.3 55.4 54.2 51.5 49.2 46.5 46.8 46.6 42.6 38.5 33.6 33.6 33.6 33.6 33.6 34.8 38.5 38.9 43.7 48.7 59.7 58.8 53.1
89.4 91.7 87.5 78.1 72.4 63.2 68.2 78 69.7 73.8 77.7 65.8 52.1 35.8 34.7 32.4 33.8 36.3 37.1 37.8 38.7 38.6 35.6 35.6 40.4 42.4 44.2 45 46.5 48.8 50 52.3 56.8 59.3 58.1 60.7 68.2 79 85.6 92.2 98.9 107.2 123 130.8 139.7 142.7 143.3 137.8 128.3 120.5 110.8 107.8 106.5 108.1 104.9 93.9 82.4 76.9 72.3 70.4 67.9 62.2 57.7 59 56.1 50.7 48.7 50.4 48.2 44.6 41 33.6 33.6 33.6 33.6 33.6 33.6 34.8 40 51.9 53.5 57.3 58.7 55.7
122.7 128.9 113.4 111.3 93.5 80.7 72.6 80.9 75.5 81 86.1 73.4 62.5 45 36.6 35.5 33.1 35.8 37.7 38.4 39.4 39.2 35.6 35.6 35.6 42.9 46.3 48.2 49 52.2 54 56.4 57.2 58.9 59.2 61.9 69.1 77.1 88.6 93.1 100.8 109.5 120.8 135 140.1 141.3 147.7 144.2 134.1 127 119.6 111.7 109.8 108.4 102.8 97.3 83.5 78.6 76.8 72.2 72.2 67.2 59.7 59.4 57 49.3 52.9 55.7 51.5 45.2 40.5 33.6 33.6 33.6 33.6 33.6 33.6 33.6 40.2 51.8 55.7 57.8 59.5 61.2
