WholeMapElevations/data/nn/nn87_OST50GRID_20230518/NN87.asc
ncols 200
nrows 200
xllcorner 280000
yllcorner 770000
cellsize 50
[rows 105 to 139 of 200, columns 0 to 77 of 200]
505.8 504.8 505.2 503.7 501.8 499.6 499.1 498.5 498.1 497.4 496.4 489.2 497.5 507.3 517.8 528.9 535.3 539.4 541.5 542.1 542.1 540.5 537.8 532.8 529.5 526.3 524.4 524.2 524.3 525 525.5 527.1 529.3 531.8 535.4 538.1 540.5 540.2 538.9 536.7 534 529.2 525.3 520.8 516.1 511.2 505.9 501.7 495.4 489.5 481.9 474.7 467.4 460.9 454.9 448.2 444.2 439.5 435.2 430.7 422.9 421.9 432.4 443.9 454.5 467 480.4 490.3 498.5 505.1 512.3 518.6 522.9 528 532.4 537.1 540.8 546
502.6 501 500.9 497.7 496.2 495 494.2 494.5 493.6 490.7 485.4 493.5 504.4 514.1 525.5 533.5 537.6 541 541.6 542.2 541.4 539.9 536.6 532 527.7 524.9 523.1 521.6 522 523.1 522.8 524.9 527.8 530.7 534.4 537.7 539.9 540.2 539 536.2 532.9 528.5 524.6 520 514.4 509.2 505.1 499.9 493.2 486.4 477.7 470.6 463.2 455.9 449.1 443.9 440.7 436.9 433.2 426.4 421 422.2 437.8 449.3 460.7 476.1 486.8 496.2 503.3 509.9 515.4 520 523.7 528.1 531.8 535.5 538.7 541.9
498.7 495.3 495.2 492.7 491.5 490.7 491.2 491 485.1 481.5 493.5 501.7 511.6 522.9 531.8 537.1 540.2 542 542.9 542.4 541 539.3 535.8 531.3 526.8 523.8 521.8 520.5 520 520.5 519.6 522.9 526.1 529.8 533.7 537.2 539.5 540.1 538.8 537 533.8 529.3 523.3 518.6 513.3 507.8 503.9 499 490.8 484.7 474.7 466.5 458.8 451.3 444.8 440.7 438.5 434.7 430.3 421.8 420.4 431.2 443 454.4 468.3 481.4 490.8 500.5 506.9 513 518.2 522.7 525.2 528.6 531.4 534 536.8 538.8
494.2 491.8 490.1 488.7 487.5 487.9 487.3 482.7 478 486.7 499.5 508.6 520.7 529.8 536.1 540.3 542.4 542.8 543.3 542.4 540.6 538.6 535 530.5 527.2 523.7 520.6 518.7 517.7 517.8 518.6 521 524.3 528.1 532.7 536.8 539.1 540.1 539.8 537.6 534.2 529.1 523.5 518.4 512.8 507.1 501.6 496.1 489.2 479.7 471.8 462.9 454.5 447.7 441.7 436.7 435.5 432 423.1 417.9 426.1 439.4 449 461.6 475 484.9 495.2 503.1 509.8 514.8 519 525.4 527.5 529.2 531.3 532.8 534.8 536.9
489.9 487.8 485.2 484.7 483.9 484.6 479.2 474.6 487.9 496.4 506 517.4 527.3 534.7 540 542.5 543.6 543.6 543.6 542.6 540.2 537.3 534.3 529.7 526.7 524.9 521.6 517.4 516.8 516.4 516.3 519.3 521.9 525.9 531.2 535.6 538.3 540.4 540.2 539.2 535 529.4 523.1 517.6 512 506.4 501.1 496.1 487.6 477 468.2 458.6 448.6 441.9 436.7 433.4 430.5 424.6 420 419.1 434.7 445.4 457 468.4 478.2 488.4 497.7 505.5 510.7 515.8 521.3 526.6 527.7 528.7 529.4 530.5 532.2 534.1
485.3 483.7 481.7 480.8 481.4 478.8 472.4 483.4 494.2 503.7 512.6 524 531.9 538 542.3 544.2 544.5 544.4 543.5 542.4 539.8 536.5 533.4 529.4 525.9 523.9 521.2 517.5 515.1 515.1 514.1 517.1 520.2 524.3 529.2 534 537.1 539.9 540.9 540.4 536.3 530.1 522.8 517.4 512 506 499.4 491.3 482.7 474.8 465.1 456.6 446.3 437.6 432.9 431.5 426.6 420.5 417.1 429.9 441.2 452.1 462.1 475 482.1 490.8 499.4 505.6 511.4 516.4 522 526 525.8 525.6 526.4 527.5 529.6 529.4
481.5 480.2 478.5 477.5 477.2 467.7 478.7 491 500.8 510.5 519.3 528.1 535 540.3 544 544.7 544.9 544.4 543.5 542.1 539.7 535.8 532 527.5 523.9 522.5 519.8 516.4 514.4 513.1 510.2 514.9 518.6 522.9 526.8 532.1 535.6 538.8 542.2 541.3 538.2 531.3 523 517.6 512.6 506.1 498.1 489.2 480.1 471.8 462.6 451.6 443.3 434.8 430.8 428.6 420.1 416.8 425 437 447.9 460 470.3 479 487.1 495 503.7 507.3 511.9 516.3 521.5 524.3 523.4 523.6 523.8 524.9 525.8 524.7
478.2 477.6 475.8 465.6 465.1 475.5 487.2 496.7 506 514.4 523.3 530.1 536.7 541.5 543.9 544.4 544.8 544.2 542.5 540.7 538 533.7 529.7 525.6 522 520.4 517.4 514.4 513.3 511.1 508.6 513.7 516.9 521.4 525.2 530.4 534.7 537 541.9 542 539.6 533.8 523.9 518.7 512.6 505.9 499 489.2 480 470.7 459.3 446.7 439.2 430.7 426.7 425.4 416.4 416.1 432.3 442.4 452.4 465.9 475.6 482.5 489.8 497.6 506.5 508 512.7 516.9 520.2 523.1 521.8 521.5 521.5 521.7 521.4 520.5
475.2 474.5 462.1 462.5 471.6 483.3 492.3 501.4 509.8 517.8 525.7 531.2 537.1 541.3 542.8 543.2 543.4 542.9 541 538.8 536.2 532.2 527.7 523.9 520.2 517.4 514.7 512.4 511.3 509.9 506.8 512.5 514.4 518.9 522.8 527.1 532.3 534.8 538.4 540.3 537.6 531.6 523.2 518.3 512 505.7 499.6 488.8 478.7 470.3 459.9 446.6 435.3 426.6 423.7 419.1 414.6 425.7 437.1 445.4 457.6 469.7 478.6 485.5 492.4 499.8 506.3 507.3 511.2 514.1 516.7 520.6 519.2 519.1 518.9 517.9 517.1 516.1
471.8 468.6 460.2 469.5 481 489 496.6 504.8 512.9 519.9 526.9 531.9 536.5 540 541.6 541.7 541.6 541.2 539.6 537.5 534.6 530.7 526.2 522.2 518.5 516.1 512.9 510.2 509.3 508.2 508 510.6 512.2 516.1 520.2 524.4 529.3 532.2 534.8 535.7 532.3 527.3 521.7 516.2 510.9 505.8 500 490.5 478.8 470.1 461.2 440.4 430.5 422.7 420.5 414.6 415.9 430.8 440.9 451.5 462.9 471.3 479 486.5 494.3 502.3 505.5 505.3 507.9 511.2 513.3 516.4 516.4 516.1 514.7 512.8 511.6 510.3
464.4 456.4 462.5 477.2 485.2 493.4 500.1 507.3 515.1 521.1 527.2 532 536.3 539.5 540.3 539.9 539.9 539.2 538.2 536.3 532.9 528.7 525.3 521.1 517.1 514.5 510.7 508.3 506.2 502.2 505.6 508.7 510.2 512.6 517.3 521.5 527.2 530.8 531.3 530.6 527.7 522.2 518.2 514.7 510.9 505.8 499.9 490.8 479.7 468.6 458.7 441.4 427.5 421.5 416.9 412 423.8 433.4 444.7 453.8 464 473.6 480.9 487.6 495.1 502.3 503.9 503.7 505.3 507.4 509.5 511.9 511.3 509.4 508.8 508.2 506.6 496.5
453.6 458.3 474.4 481.6 489.2 496.2 502.3 508.9 515.6 521.8 527.7 532.4 535.3 538 538.7 539 539.2 539 537.7 534.3 531.2 527.5 523.5 519.5 516.6 513.2 510 507.3 503.1 498.8 504.8 506.3 507.8 509.6 513.6 518.9 523.5 529.2 526.1 524.5 522.9 519.9 518 514.7 511.5 506.5 500.3 490.2 479.8 469.1 458.6 444.4 429.3 420 415 414.3 424.6 434.3 441.9 452.8 463.9 472.3 481.2 488.5 495 501.8 501.5 501.4 502.7 504 505.9 507 505.5 503.7 503.6 503.2 494.3 502.7
460.4 471.6 478.5 485.1 492 498.1 503.9 510 516.3 522.1 527.3 531.6 534.6 536.5 538 538.4 538.5 538.3 536.7 533.1 529.4 525 521.6 518.4 515.6 512.4 509.8 506.3 502.2 497.6 502.5 504.4 505.7 507.1 510.4 515.3 519.6 522.9 521.3 521.5 522.6 521.2 519 515.6 511.7 506.9 500.7 491.7 481.9 473.4 460.5 446.2 429.6 419.4 411.8 415 424.3 433.5 441 451 463.8 471.9 480 486.6 492.6 498.9 499 499 499.4 500.7 502.5 503.1 501.2 499.7 497.9 490.3 501.1 510.7
469.6 475.2 481.5 487.8 493.9 500.1 505.9 510.6 516.9 522.7 527 530.6 533.3 534.9 535.9 537 537 536.8 534.7 530.5 526.4 522.9 519.8 517.2 514.7 511.5 508.3 504.4 500.4 494.7 500.2 502.2 502.7 503.6 507.4 512.3 515.3 517.1 518.3 519.5 521.6 522.2 520.5 516.6 512.4 507.5 500.6 492.8 483.1 472.7 461.9 447.7 430 419 409.5 414.4 423.4 432.9 440.9 450.8 463.3 470.2 477 482.5 490.1 494.8 496.2 496.9 497.5 497.9 498.8 499.5 497.7 495.8 489.3 489.9 504.6 516.4
473.5 479.1 484.2 489.9 495.1 501.5 506.6 511.5 516.7 522.3 526.3 529.8 531 533.5 534.8 535.5 535.2 534.2 531.8 527.6 523.9 520.9 518.8 516.8 514.1 511.3 507.1 503 499.3 488 496.5 498.6 499.6 500.4 503.8 508.9 512.2 513.4 515.2 517 518.6 521.5 521.6 517.7 513.7 507.5 500.1 490.1 482.1 472 462.2 449.7 434.2 421.3 409 412.3 421.2 430.2 439.8 447.8 458.8 466 473.3 478.1 486.8 490.9 493.1 494.2 494.3 494.6 495 495.3 494 491.8 480.5 497.3 508.7 522.2
477.4 483.1 487.2 491.9 496.5 501.5 507.3 512.4 516.6 521.7 525.8 528.7 531.8 533.3 534.2 534.1 533.8 532.1 529.4 525.3 522.2 519.4 517.8 515.9 513.7 510.2 505.4 499.6 496.2 492.6 491.7 494.8 496.3 497.4 499.8 504.8 508.3 509.9 511.8 514.4 515.6 518.4 520.5 517.3 513.7 507.2 498.3 491.9 484.3 475.8 464.7 451.4 438.4 423.1 409.2 410.6 419.3 427.3 437.4 444.2 453.9 462.3 468.8 475 481.9 485.9 488.4 489.9 490.5 490.2 490.9 490.5 488.4 482.9 485 499.9 514.6 528.1
481.1 486.6 489.6 493.1 497.6 502.1 508 512.3 517.5 521 525.7 528.7 531.4 533.7 534.7 534.5 532.7 530 527.2 524.6 521.8 518.9 516.5 514.1 511.4 508.4 504.3 498.5 492.3 488.1 487 490.8 492.4 494 496.8 500.2 504 505.7 508.3 511.2 513.1 514.7 516.5 514.1 510.1 505 497.6 490.9 483.8 476.6 465.9 453 438.4 425.1 413.3 410.4 417.7 424.3 434.3 441.4 448.8 457.6 464.7 471.1 478 481.5 483.7 485 485.5 486.3 486.1 485 481.2 474.6 491.7 504.9 520 535.9
484.3 488.4 490.6 494.3 498.7 503.2 508.2 512.7 517.4 521.3 524.5 528.1 531.7 534 535.6 535.7 534.3 532.3 529.4 526.9 523.9 521.2 518.1 515.1 512.1 508.7 503.4 496.6 491.9 485.2 474.1 485.4 488.4 491.1 494 496.6 499.6 501.8 504.4 506.9 509.9 512.5 514.1 511.6 509.2 505.3 499.1 493.2 486.8 476.8 466.2 453.3 440.5 427.6 417.9 407.9 414.9 421.6 431.6 438.1 444.1 451.8 460.5 467.2 473.7 476.7 479 480.3 481.3 481.9 480.5 477.9 469 483.3 496.3 510.7 527.4 542.3
485.9 489.2 492.2 495 499.4 503.8 508.1 513.2 517.7 521.4 525 528.9 532.8 535.6 537.4 537.4 536.5 534.6 532.6 529.5 526.8 523.7 520.2 517 512.6 508.2 501.5 494.2 490.3 486.6 479.7 478.2 484.3 487.3 491.2 494 495.6 497.1 499.4 502 505.6 508.7 509.9 510 509.5 505.9 500.5 493.8 486.6 477.7 466.4 456 441.7 430.4 420.4 406.3 412.2 419.3 427.2 433.1 437.8 447.3 455.7 462.6 469.5 471.4 474.4 476.8 477.3 476.5 474.2 467.8 473.6 488.8 500.4 516.8 533.5 548.9
487 489.5 492.7 495.4 499.7 503.8 508 513.2 517.6 522 525.9 529.6 533.5 536.9 538.5 538.5 538.3 537.3 534.4 531.4 528.8 527 523.3 519.4 513.4 507.9 500.9 493.8 488.6 484.7 481 472.1 479.3 482.7 486.1 490.1 491.5 492.4 494.3 497.8 500.7 504 506.6 507.9 506.8 505.2 502 493.9 486.9 479.1 467.7 456.4 444.1 432.7 421.8 407.5 408.7 416.7 422.4 428.3 432 440.5 451.1 458.3 464.3 467.9 470.7 472.3 471.2 470 464.2 463.9 480 491.9 505.6 522 539.4 552.9
487.2 489.8 492.8 495.9 499.3 503.2 508.4 513.8 517.3 521.8 526.5 530.4 534.5 537.9 539.8 540.4 539.9 539 536.3 533.2 530.4 528.4 526.2 520.7 514.5 507.9 500.5 493.3 488.4 484 477.1 467.7 474.2 478.1 480.9 484.1 486.5 487.1 490.1 492.4 495.8 499.3 502 504.2 505.1 504.3 502.4 495.6 486.8 479.3 470.3 456.8 445.5 434.9 424.9 410.5 406.2 413.9 418.5 423.8 427.1 435.9 446.7 453.3 459.9 463.3 466.5 466.7 465.7 461.6 457.9 470.4 482.6 495.6 510.7 528.4 544.5 555.4
487 489.3 491.7 495.7 498.9 503.5 509.2 514 518.8 522.3 526.4 531.5 535.1 537.7 539.9 542.1 541.5 539.6 536.9 534.6 531.9 529.4 527.3 521.5 515.6 508.3 499.1 492 487.1 481.9 476 471.2 463.1 473.2 475.4 477.8 481 483.7 486.7 487.9 490.4 493.6 495.9 498.9 501.5 501.3 499.2 494.4 485.6 476.1 468.3 458.6 448.4 437.2 427.2 418.3 404.4 409.3 416.1 420.1 424.4 432.8 442.9 450.3 456.4 458.4 461.2 462.1 459.9 454.2 460.8 474.9 485.4 499.6 516 533.4 548.3 557.2
486 487.6 491.2 494.9 498.7 503.8 509.3 513.8 518.3 522.9 527 531.7 535.9 538.9 541.5 543.1 542.7 541.5 537.9 535.6 533.3 530.2 527.1 522.3 516.1 509.7 501.2 493 488.4 484.3 475.4 470.8 463.2 466.5 469.8 470.4 476.6 480.5 482.7 482.3 484.2 485.6 488.1 492.4 496.2 497.7 496.4 489.8 482.3 474.8 466.6 456.4 445.1 435.8 427.6 420 405.7 404.8 412.4 417 422.6 430.7 440.2 447.5 453.1 455.7 457.2 456.6 450.2 457.8 468.3 477.4 489.4 505.3 521.8 537.8 550.7 558.9
485.3 487.5 490.5 493.8 498.5 503.8 509.2 513.7 518.6 523.5 528.3 532.9 537.4 540.6 543.2 544 544 542.8 538.5 536.3 534.1 530.8 526.9 522.2 516.5 510.4 500.2 496.6 492.5 486.3 477.7 471.6 466.1 457.5 462.6 466.3 471.4 476.1 477.1 476.9 477 479 481 483.3 487.2 488.8 490 485.4 480.8 471.7 464.5 453.9 442.4 435 428 420.3 409.3 403.1 406.7 415.6 421.1 427.7 437.5 443.8 449.2 452.2 452.9 445.7 459.9 464.3 471.2 480.3 494 510.1 525.8 541.4 554 561.2
483.6 486.2 489.2 493.5 498.6 503.9 508.1 514.1 519 524.2 529.6 534.2 538.2 542.1 544.2 545.1 544.6 542.8 539.1 536.9 535.1 530.9 527.2 523 517.3 511.5 506.1 500.6 494.9 488.3 481.1 472.8 467.6 460.5 454.8 460 465.7 468.7 471.4 472.9 473.4 473.9 473.8 475.6 478 480.7 482.2 481.5 477.6 470.8 463.7 454 444.6 436.2 428.3 421.3 413.4 402.3 403.1 411.8 418.5 425.3 433 439.9 444.4 442.1 444.3 454.8 460.1 465.8 474 484.7 498.5 513.5 528.7 543.9 555.3 562.3
483.4 485.8 488.5 492.7 498.7 503.7 508.6 514.4 519.8 525 530.5 535.1 538.8 542.5 545.1 545.9 544.8 542 538.8 537.6 535.4 531.8 528.8 524.8 520.5 514.7 509.1 503.3 497.5 490.2 483 475.5 468.3 464.1 458.5 449.3 458.9 463.3 466.3 468.6 469.1 469.9 470.6 472.4 474.2 473.2 474 475.2 473.5 468.8 459.7 452.2 442.4 436.7 429.5 420.8 417.5 402 401 406.8 415.7 421.9 429 431.4 434.2 446.9 451.6 455.6 459.7 466.7 476.5 488.2 501.6 516.2 531.2 545.6 555 561.7
482.8 485.4 488.6 493.2 499.1 504.1 509.1 514.7 520.3 525.8 531.4 536.1 539.6 543 545.6 546.1 544.1 541 539.2 537.1 534.8 532 530.3 526.6 522.9 517.7 512.2 506.7 500.7 494.1 486.9 478.4 471 466.3 461 453.5 449.6 456.2 460.4 463.6 466.1 466.9 467.7 469.7 470.9 469.9 468.3 467 465.3 464.1 456.6 447.8 441.7 437.5 427.7 419.8 417.8 400 400.8 402.4 412.7 416.2 418.5 431.9 438.9 445.7 450.7 455.6 461.7 468.6 479.1 490.6 503.9 518.7 533.2 545.4 555.4 562.3
481.8 484.2 487.7 493.7 499.1 504.3 509.5 515.1 520.8 526.2 531.7 536.8 540.1 542.6 545 544.9 543.1 541.3 539.4 537.3 535.6 533.5 531.1 528 524.8 520.5 514.1 509.3 503.5 498 490.8 482.7 475.1 467.1 463 457.9 446 448.5 452.7 457.7 460.9 462.9 464 466.5 466.7 465 466.6 461.6 460.8 458.5 452.8 445 439.2 434.4 425.8 418.9 416.2 401 399.2 401.4 407.8 417.7 421.9 433 438.7 444.3 450.3 458.3 464.5 471.1 481.4 492.7 504.6 518.7 531.4 543.9 554.9 563.6
480.6 483.2 488.3 493.7 499 504.4 509.7 515.2 521.1 526.6 531.7 536.5 540 542.5 543.2 543 542.1 541.2 539.8 537.9 536 533.9 531.9 529.4 525.9 522.8 517.6 511.7 506.2 499.9 494.7 488.3 479.8 472.1 464.8 459.9 452.2 441 446.2 450.2 453.9 456.6 458.4 459.8 460.7 458.7 459.2 457.7 454.4 452.5 448.7 442.2 436.9 433.3 425.6 418.9 417.5 400.2 399.4 398.5 408 416.7 424 431.8 438.4 443.5 451.1 459.6 466.5 474 482.5 493.8 505.2 518 529.3 541 552.6 563
479.2 483 488.5 493.7 499.1 504.5 510 515.5 520.9 525.6 529.9 534.9 538.7 541.3 541.9 542.1 541.8 541.1 538.9 537.5 536 534 532.1 529.5 527.7 524.9 520.4 515.2 509.5 504.1 498.6 493 485.6 476.8 468.7 462.1 455.3 447.6 439.2 443.2 445.2 449.8 451.2 451.9 452.4 452 452.5 451.1 446.8 444.4 441.5 437.7 435.4 431.6 424.5 417.9 417.1 399.2 398.1 396.1 407.4 414.2 422.4 429.9 436.2 444.2 452.9 460.9 468.9 476.5 485.1 495 506.3 517 527.2 538.3 548.9 560.1
478.6 484 488.5 493.6 499 504.5 509.9 515.2 520.5 525.1 528.9 533.2 537.6 539.9 539.9 539.8 539.5 538.9 537.8 536.3 535.9 534.1 532.1 530.7 528.8 526.1 523.5 519.1 513.7 507.2 501.1 495.5 489.4 483.3 474.3 466.5 459.9 452.5 445.3 436.7 438.2 441.2 443.4 444.5 445.3 446.8 445.9 443.9 440.8 438 436.9 434.8 432.6 428 421.5 417.9 417 397.3 396.9 395.5 404.3 413.6 421.6 429.2 438.4 446.7 454.6 462.4 470.7 478.7 487.4 497.5 507.1 516.8 525.1 535.7 546.3 555
479 483.5 487.7 493.5 499.1 504.7 509.9 515.1 520 524 527.4 531.4 535 537.3 537.7 537.5 536.9 536.4 535.6 535.1 534.6 534 532.2 531.1 529.6 528 525.7 522 516.5 509.7 503.5 497 491.1 485.7 480.5 472.9 466.6 456.7 449.4 441.9 431.5 433.6 436.8 438.3 439 440.1 440 439.2 436.5 433.8 432.7 432.5 429.2 424.4 418.9 417.1 412.2 396.2 396.3 393.8 404 413.7 422 431.8 440.2 449 456.7 464.3 472.6 480.8 490.1 499 508.2 516.6 524.2 533.4 543.9 550.8
477.7 482.3 486.9 493 499.5 504.8 509.9 514.5 519.1 522.4 525.7 529.4 531.7 534.4 535.4 535.3 534.9 534.2 533.6 533.7 533.2 532.9 532.5 531.8 530.3 528.8 527.2 525.4 519.1 512 505.4 499 493.4 488.3 483.3 477.9 471 463.2 454.1 446.9 437.9 430.8 426.6 433 433.6 433.9 435.2 435 433.4 430.8 428.2 427.1 426.1 420 416.8 416.4 414.8 395.8 395 395.5 403.5 416.7 425.8 434.1 442.9 450.7 457.9 466.1 474.7 483.2 492.3 500.6 508.6 516.1 524 531.5 541.4 547.3
476.4 481.5 487 493.6 499.7 505 510.2 514.4 518.2 520.9 524 526.7 529.3 531.1 532.3 532.5 532.2 532 532 532.2 532 532 532 531.4 530.9 529.4 527.4 525.6 520.9 513.7 507 501.4 495.8 489.1 485 479.3 473.2 466.5 458.5 449.3 442.6 433.2 426.5 427.8 428.9 429.6 430.1 430 429 427.3 424.7 423.4 422.1 417.3 416.5 415.1 413.9 396.6 394.6 397 411.6 422 428.4 436.6 445.4 452.9 460.1 468.8 477.8 486.2 493.7 501.8 509.4 516.6 524.2 529.3 538.5 545.8
474.6 480.2 486.3 493.2 499.5 504.8 510.1 514.4 517.9 520.2 523.2 526.3 527.7 528 528.9 529.3 529.3 529.3 529.2 529.7 530.5 531 530.8 530.7 530.3 528.5 525.9 523.4 520.4 513.9 506.7 501.1 495.2 489.3 484.2 479.2 473.9 468.3 461.5 452.5 444.6 436.5 428.1 420.8 424.5 425.6 425.6 424.8 424.2 422.9 421.9 418.7 417.4 417 416.4 414.8 411.6 395.6 392.9 398.1 416.4 424.8 432.2 440.3 447.9 455.3 462.7 471.4 480.6 488.4 495.1 502.1 510.4 517.7 521.5 527.2 535.3 544.7
