UK/data/sn/sn67_OST50GRID_20230518/SN67.asc
ncols 200
nrows 200
xllcorner 260000
yllcorner 270000
cellsize 50
[rows 0 to 35 of 200, columns 82 to 163 of 200]
20.4 20.7 21.3 20.7 20.8 21 21 20.7 20.7 20.2 19.8 20.5 20.3 20.4 20.4 20.8 22.2 22.5 22.5 22.3 22.6 23.2 23.5 23.4 23.5 23.5 23.4 22.6 23.6 23.9 28.1 25.6 25.8 28.1 28.6 30.3 32.3 33.1 33.6 34.2 35.1 35.6 36.2 37 37.9 39.7 41.5 45.9 54.9 70.7 77 82.1 90.1 98.8 114.2 136.7 158.1 166.7 174.3 180.9 188.1 194.4 203 207.5 210.6 211.6 212.7 213 212.4 212 213.1 213.1 212.7 212 208.5 206.5 207 208.7 213.1 218.3 227.2 233.4
21.4 21.7 22.3 21.9 20.8 21.1 21.5 20.7 20.5 20.7 20.1 19.8 20.2 20.3 20.5 21.1 21.7 22.3 21.4 22.3 22.2 22.6 23.2 23.6 23.7 23.5 22.8 23.5 23.5 23.3 28.7 29.1 30 30.6 31.1 31.9 32.4 33.2 33.7 34.3 34.9 35.8 36.8 37.6 38.5 40.9 43.9 48.9 59.4 75.9 84.6 89.9 95.9 106 122.1 140.7 162.7 170.9 177.3 182.6 187.9 192.2 198 200.8 200.7 201.6 203.1 203.7 203.5 203.7 205.3 207.1 205.4 204.6 201.8 200.6 201.2 205.6 208.7 213 222.4 229.5
21.4 22 22.4 22.2 21.6 21.2 21.3 20.9 20.4 20.6 21.1 20.8 20.8 20 20.5 20.9 21.5 22 19.8 21.4 22.3 22.4 23.4 23.7 23.5 23.3 22.7 23.8 23.7 23.6 24 29.6 30.1 30.9 31.6 32.2 32.7 33.3 33.8 34.3 35 36.1 37.1 38.2 39.6 42.2 46.2 52.5 64.5 82.8 94.9 100.8 105.3 116.9 132 144.8 163.9 175 178.4 181.5 179.9 181.5 186.8 186.5 186.9 188.6 191.1 192.6 194.6 195.8 197 197.6 197.3 196.7 194.5 195.8 198.3 202.4 205 211.6 219.7 224.7
22.5 22.2 22.5 22.6 22.7 22.2 21.3 21.5 20.4 20.7 20.3 20.8 20.9 19.8 18 17.9 17.9 18.4 18.4 19.5 21 22.6 23.5 23.6 23.5 22.6 23.6 23.8 23.7 23.5 24.9 29.7 30.2 30.9 31.6 32.2 32.7 33.2 33.8 34.3 35.1 36.1 37.1 38.7 41.9 44.4 48.8 56.5 70 89.8 104.3 116 118.3 124.2 134.9 147.2 166.9 173.3 170.1 164.5 160.8 160.2 164.5 165.5 168.1 170.6 173.8 177.6 182.4 185.3 188.2 189.1 189.8 189.5 191.6 194 196.8 200.2 202 209.9 215.3 216.5
24.7 22.6 22.4 22.6 22.8 22.8 22 21.4 20.9 20.4 20.3 21.1 21.7 21.7 21.4 18.4 20.4 20.4 19.5 20.2 18.7 23.1 23.7 23.1 23.1 23.8 23.6 23.7 23.7 23.3 29.2 29.8 30.2 30.8 31.5 32 32.6 33 33.7 34.3 35.1 36 36.9 39.4 45.1 48 52.1 62.1 75.9 92.9 107.4 117.9 121.4 126.5 135.3 149.7 160.9 160.7 152.9 142.9 140.4 141 145 147.8 150.2 153.7 161.9 168 170 175.7 176.6 183.2 185.1 189.6 191.5 193.4 196.1 197.2 200.3 205.6 207.2 204
35.7 29.6 25.2 22.7 22.8 22.9 22.8 22 21.4 20.7 20.9 21.5 21.6 21.3 21.7 21.6 21.4 21.6 21.5 20.5 18.4 22.5 24 23.2 24.1 24.4 24.3 25.9 26.5 27 28.2 29.8 30.2 30.7 31.4 31.9 32.4 32.7 33.6 34.3 35.1 35.8 36.7 39.7 47.6 49.5 54.8 66.1 79.7 96.9 111.7 120.6 127.8 130.7 137.3 145.6 145.1 141 134.2 127.5 129.2 137.5 145.5 151.8 157.3 163 167.9 173.9 176.3 178.7 183.4 187.2 188.1 191.5 191.7 192.4 195.5 193.9 195.4 198.3 194.7 187.9
45.4 41.9 40.1 38.3 31.8 30.7 26.8 27.7 26 23.4 22.8 22.6 22.8 23.2 23.8 23.2 23.1 22.5 22.7 21.4 19.6 19 22.7 23.5 24.8 24.3 24.7 24.6 22.5 24.9 26.9 28.6 30.4 30.7 31.2 31.8 32.2 32.4 33.6 34.4 35.1 35.9 36.9 38.6 43.6 47.1 54.5 66.7 80.5 98 111.7 122.2 127.7 130 131.4 126.4 123.7 120.6 118.6 121 130.4 142 152.8 161.1 166.8 173.3 177.6 179.8 182.8 184.5 188.8 189.2 190.4 191.6 191.7 192.1 192.1 189 189.2 190.6 181.2 164.3
59.8 60.6 59.7 56.1 52.5 50.7 46.7 41.2 40.7 38.5 33.4 26.3 24.6 24.6 24.9 25.4 24.9 25.5 26.6 25.6 22.9 18.5 20.6 23.7 24.9 24.8 24 19.8 21.5 20.8 20.7 20.7 30 30.9 31.3 31.6 32 32.6 33.6 34.5 35.4 36.4 37.5 38.8 40.9 44.7 51.9 63.8 77.3 92.8 104.2 114.1 118.8 118 112.3 104.7 104.2 110.1 118.9 125.6 132.8 145.6 159.2 167.3 173.4 179.4 180.5 182.6 185.3 187.7 191.2 190.1 190.1 191.4 192.7 190.8 189.2 183 178.9 176.2 160.5 143
79 80.6 83.7 74.4 73.1 73.5 69.7 63.9 59.2 62.9 59.8 48.9 40.3 33.5 33.4 33.2 36.1 37.2 36.3 37.6 35.1 26 18.9 22.2 24.6 22.8 20.9 21.3 22.1 22.7 23 23.3 22.4 30.7 31 31.5 32 32.7 33.5 34.4 35.6 37 38.1 39.6 42.2 44.6 48.8 58.7 70.6 83.5 91.3 97.1 98.2 94.9 84 102.8 111.1 119 129.2 133.4 139.1 150.5 163.1 168.1 173.8 178.5 179.5 181.3 184.4 188.7 190.2 189.5 191.6 192.7 191.4 187.1 181.4 172.2 165.7 155 137.2 123
93.5 94 98 92.4 93.4 97.4 94.3 87.5 83.8 84.7 90.4 83.1 74.8 63 50.8 48.8 53 56.6 54.5 53.4 50.9 39.7 23.6 20.6 20.9 19.8 21.7 22.5 23 23.3 23.5 23.5 21 30.6 30.8 31.5 32 32.5 33.4 34.3 35.5 36.8 38.3 40.6 42.6 44.1 47.1 51.8 60.4 68.5 74.6 80.5 79.6 79.3 96.7 104.1 111.4 121.3 140.3 147.7 147.8 153.9 160.3 164.9 171 174.8 176.1 180.4 184.8 187 187.3 186.6 188.7 186.1 184 175.3 164.4 155.8 147.4 135.3 117.3 103.2
107.6 105.3 106.3 105.1 108.7 113.9 113.4 110.8 107.3 105.5 105.5 104.7 97.2 85 72.9 67 68.3 69.2 69.8 68.3 67.6 51.3 33.8 20.5 20.2 21.9 22.5 22.7 22.9 23.2 23.8 23.5 21.3 30.8 31.5 31.8 31.9 32.3 33.3 34.3 35.3 36.6 38.5 44.3 45.4 45 46.3 49 52.7 58.1 63.2 69 65.3 79 88.5 98.7 109.4 122.3 140.2 152.1 155.4 159 162.5 167 169.7 172.7 175.5 179 183.7 183.7 181.9 181.1 178.9 176.3 174 157.2 146.7 139.6 132.8 116.6 99.3 86.1
118.1 116.1 116 117.5 120.4 124.5 126.4 125.6 122 123.4 121.7 116.4 108.3 97.6 89 84.8 86 84.5 82.4 81 77.5 60.6 42.9 25.5 21.6 21.9 22 22.6 23 23.4 21.3 21.3 28.6 30.6 31.1 31.7 31.8 32.2 33.2 34.2 35.2 36.7 38.8 46.4 47.3 46.1 46.4 48.7 50.9 53.5 56.9 58.4 63.3 72.1 81.6 95.5 109.7 124.3 141.9 153.9 158 160.7 162.9 167.9 168 170.2 175.8 179.6 177.9 176.6 169.9 167 162.8 157.5 147.3 132.6 127.5 127.7 116.5 100.4 82.5 69.4
129.1 127.3 127.2 130 132 136.1 140.7 141.9 136.5 134.6 132.8 126.8 119.2 108.1 102.2 96.6 95.6 95.3 92.2 86.8 72.8 58.6 44.4 30.9 27 22.8 22.4 22.9 23.2 22.7 23.4 23.3 26.9 29.3 29.6 30.7 31.7 32.3 33 34 35.6 37 39.5 42.4 44.8 45.3 46.3 47.7 49.9 52.3 54.8 59.9 68.8 79.1 88.5 100.8 114.9 129.9 145.3 155.4 160 161.2 163.2 166.2 166.8 166.8 171.6 174.2 168.2 158.7 148.1 142.2 137.2 128 117.3 108.9 107.7 111 98.5 85.1 68 57.5
138.2 137.8 136.3 142.6 144.6 150.1 153.5 154.7 155.4 147.7 141.6 135.4 128.4 118.4 113.6 109.4 107.9 105.2 96.7 78.7 66 58.5 51.2 41.6 33.8 25.9 22.4 23.5 23.9 22.1 23.7 24.7 22.8 27.9 28.6 29.7 30.7 31.8 32.9 34.3 36.6 40.3 40.3 40.8 43.1 44.1 45.3 47 49.1 51.2 55 61.3 69.8 81 93 108.9 123.6 137.6 150.8 161.7 163.2 162 164.7 167.5 164.8 164 165.6 160.7 148.2 135 123.9 116.5 109.9 101 92.1 85.4 87.4 89.8 80.8 66.5 51.8 39.9
145.1 146.4 145.8 149.9 153.9 160.9 164.8 162 158.8 154.5 149.3 143 136.9 129.3 131 124.2 120.6 112.3 90.8 75.6 69.9 67 63.4 51.7 43.1 28.1 25 23.6 23.4 24.3 23.8 24.3 22.7 27.2 27.9 28.6 29.7 30.9 32.3 33.9 37.8 40.2 40.3 40.3 42.9 43 44.2 46.3 48.4 51.3 55.6 63.1 70.5 82.7 97.8 116.5 134.1 144.1 154.5 162.4 161.5 161.9 165.2 165.5 159.8 157.2 152.7 136.5 122.9 109.9 100.7 93.5 86.4 77.2 70.1 69.5 73.6 73.5 62.4 47 36.8 35.6
148.3 148.6 149.8 154.4 160.6 168.3 170.5 169.4 163.9 156.9 153.3 149.4 144.5 135.7 135.1 133.5 130.3 111.6 90.4 84.3 83.2 81.5 75.3 66.8 66 44.5 27.9 24.7 24.2 24.9 21.5 24.4 23.5 26.9 27.8 28.3 28.4 29.5 30.8 32.6 35.7 38.8 40.4 40.5 42.4 42 43.3 45.1 47.8 51.9 56.6 64.1 73 87.4 102.8 125.2 138.3 145.9 153.6 159.1 161 161.3 162.5 153.9 143.8 137.8 127.5 111.6 98.5 87.7 80.3 73 65.9 58.3 54.2 55.5 60 54.2 44.5 33.7 35.6 35.3
149.4 150.8 153.5 159.6 166.8 172.3 175.3 173.2 170 163.5 159 155.3 149.5 143.9 140.1 141.7 132.9 114.6 96.5 97.5 99.8 100.1 91.9 81.1 84.5 67.6 47.9 28.4 23.7 24.5 24.5 21.5 23.2 27 27.3 28.6 28.8 28.5 29.2 30.9 34.3 36.7 38.6 39.8 39.9 39.5 42.1 43.7 47 52.4 56.8 63.2 72.9 89.2 104.9 126.3 136.5 144.5 152.8 157.9 159.5 160.4 151.8 134.4 119.7 109.7 98.9 87.6 77.5 70.1 64 58.8 49.9 41.3 39 39.2 41.8 39.6 33.7 36.5 33.7 35.5
150.1 152 158.5 169.1 175.2 177.2 178.6 176.7 174.6 171.1 168.6 161.6 156.5 151.8 148 148.9 138.3 125.5 112.5 113.4 115.6 112.2 104.6 96.6 97.1 90.6 69.7 42.7 28.1 24.6 23.9 24 23.9 23.9 22.8 28.7 29.1 29 28.7 29 31.1 32.9 33.8 34.3 40.8 38 40.9 42.2 45 50.5 56.3 63.2 71.8 82.8 97.7 121.3 131.1 142.6 153.3 157.3 155 143.1 129.9 113.4 99.7 86.9 78.2 70.6 64.2 59.2 54.3 46.8 39.9 38 37.3 37.3 38 35 36.1 36.8 37 33.7
150.2 154.6 163.1 175 177.6 178.9 180.2 180.2 178.1 175.8 174.5 169.3 163.3 157.5 153.7 154.3 147.6 140.7 131.6 126.4 126.8 121.2 113 109 109.4 107.6 93.7 68 44 28.6 24.5 24.7 24.2 24.6 24 27.4 28.1 28.1 28.3 27.5 29.2 30.4 31.3 31.6 38.5 41.9 40.3 40.2 43.2 49.3 54.3 60.7 72.7 80.1 93.9 111.4 121.2 134.6 146.6 151.2 139 121.7 107.2 92.6 80.1 72.2 66.2 62.1 57.6 53.6 47 40.2 37.4 37.1 37.4 37.8 36.1 33.7 37.9 38 38.4 39.2
151.1 157.4 168.3 174.1 176.1 178.5 180.1 181.8 181.5 180.8 178.5 173.7 169.4 164.4 157.4 156.8 154.6 150.6 144.7 136.8 136.5 130.7 119.9 121.9 124.1 123.1 115.4 90.4 66.3 42.4 27.6 24.1 24 24.5 24.7 21.9 27 27.5 28.6 27.6 28.1 29.4 30.1 30.2 30.9 32 32.8 34.3 38.3 45.4 49.4 57.2 67.1 74.7 85 97.1 105.6 120.6 137.1 135.3 117.8 101 86.9 74.8 68.1 63.4 59.7 56 51 45.8 40.3 37.5 36.6 37 37.4 37.4 35.5 36.6 37.6 37.6 38.1 38.8
151.9 160.2 169.7 174.1 176.6 179.6 182.1 184.1 184.2 183.8 180.9 177.4 174.3 169.6 162.5 159 159 157.5 155.3 146.7 146.2 138 129 134 135.6 134.8 132.1 111.2 86.4 64 37.1 25.4 24.1 24.6 25.1 24.7 21.9 28.2 28.4 27.8 27.8 28.4 29.1 29.1 29.2 28.9 29.8 31.6 32.9 39.7 43.9 57 65.2 61.1 69.4 80.9 90.7 109.5 126.6 113.3 98.6 82.7 70.3 63.4 59.3 55.7 52.6 49 43.3 38.5 36.4 36.1 36.3 36.9 37.3 35.3 33.7 36.9 37.3 37.8 38.5 39
152.4 162.3 168.9 174.1 177.7 181.1 184.4 185.4 185.9 184.7 181.4 178.9 176.6 173.2 166.6 163.2 164.1 162.2 160.3 157.2 154.1 144.2 140.5 145.8 147.7 148.8 144.4 129.6 105.8 80.5 59.5 35 25.9 24.7 24.7 25 24.1 25 28.1 28 28.1 28.6 28.2 28.8 28.7 28.4 28.1 29 31.3 33.1 36.3 41.4 43.6 47 55.3 66 81.4 104.4 105.6 92.5 77.9 66 58 53.9 49.8 45 41.2 39.2 37.5 35.6 35.6 35.6 36 36.6 35.7 33.7 37.1 38.9 40.4 40.6 40.9 41.4
149.6 159.6 166.7 171.6 176.8 180.2 184.1 184.8 184.4 182.6 180.2 178.4 176.8 175.5 171.3 167.5 169.8 167.7 165.2 164.1 158.9 149.7 154 156.5 158.2 158.3 153.9 144.5 128 105.5 82.2 58.4 34.6 26.9 24.7 25 22.9 23.2 24.7 27.1 28.5 28.6 27.5 28 28.5 27.4 26.5 26.3 26.8 26.9 28.1 24.2 28.8 35.2 43.5 57.3 75.2 95 86.2 72.9 62.1 52.7 48 42 38.4 36.3 35.1 35.3 35.1 29.5 33.5 31.8 35.6 35.3 34.8 36.6 37.2 40.8 40.5 40.8 41 41.4
145.1 153.9 159.6 166.6 171.3 176.8 180.2 181.3 179.9 178 176.5 175.2 174.4 173.2 170.1 169.7 171.9 172.1 169 166 162.8 159.9 161.1 162.7 164.4 165.5 163.5 157.1 146.4 129.5 103.9 78.8 54.1 35.8 27.5 26.4 25.6 22.2 25.2 25.1 25.3 22.5 24.1 25.4 25.7 25.9 26.5 26.2 26.4 26.5 27.1 27 27 27.4 36.6 49.8 62.9 72.8 67.2 55.7 45.1 38.8 37.4 36.8 32.2 32 38.1 38.1 38.6 37.9 37.6 36.1 33.7 33.7 35.5 36.7 39.2 40.6 40.7 41.4 41.5 41.5
141.1 146.8 151.7 159.5 166.8 170.1 173.6 174 172.5 171.7 171.1 169.7 170.1 169.7 169.1 168.4 170.1 170.7 169 166.6 163.6 162.3 164.5 167.3 168.3 169.1 169.6 167.6 158.2 150.7 127.4 97.1 73.2 54 40.5 29.6 27.6 24.4 24.9 22.2 24.5 25.3 26.5 26.5 27 26.8 26.6 26.4 27.3 27.7 24.2 26.4 25.8 27.3 30.9 42.6 46.8 49.2 46 37.4 36 36.3 36.1 33.1 28.2 37.7 38.1 38.5 38.5 38.5 38.9 38.5 34.4 35.1 35.3 36.7 39.5 40.5 40.7 41.4 41.8 41.8
134.8 137.3 142.4 149.5 157.2 159.9 162.2 161.5 161.5 163.4 163.8 163.5 164.2 165.3 164 164.7 167.5 168 167.2 165.6 164.1 164.2 167 169.4 173.8 173.8 173 172 165 160.4 147.7 118.5 92.9 77.3 61.4 43.3 32.7 28.2 25.6 25.9 26.5 26.5 26.4 27.1 27.5 27.7 27.8 27.4 27.2 27.7 27.3 25.8 25.8 25.8 25.4 34.5 35.4 35.2 34.7 34.8 34.3 34.2 34 30.8 30.1 36.5 38.4 38.6 38.4 38.6 39 39.3 39.5 40 39.3 39.7 39.8 40.2 41 42.3 43.9 47.5
128.3 131.6 137.4 143 147.7 149.3 149.9 148.8 152.7 156 157.5 158.8 159.9 160.2 160.7 162.7 165 165.2 164.6 164 164.7 164.9 168.3 170.5 175.2 175.5 174.8 174.3 169.2 165.1 158.9 142.5 122.2 102.7 85 63.4 48.4 35.6 29.1 26.7 26.5 26.4 26.7 27.2 27.9 27.9 28 27.2 27.4 25.8 25.8 25.8 25.8 27.1 32.2 32.2 33.6 33.8 33.9 33.4 34 33.7 31.2 29.8 31.9 37.2 38.4 38.6 38.7 39.3 40.1 40.4 41 41.1 39.9 40.3 41.5 42.3 43.2 45.1 48.7 60.7
121.8 126.7 132.2 136.6 139.6 141.6 141.6 145 148.1 151 152.8 154.5 156.3 157.1 158.3 160.9 162.3 162.2 162.2 163.1 164.3 165.4 168.4 170.4 174.1 174.9 174.6 174.2 171.1 168.6 165.8 158.2 143.6 122.8 107.9 90.8 72.2 56.4 40.2 31.4 27.1 27 27.2 27.4 28.3 24.2 25.7 27.5 27.3 25.8 25.8 25.8 25.8 25.8 31.5 32.1 32.2 32.9 33.8 33.5 33.5 30.5 30.6 29.7 36.5 38 38.7 39.3 39.8 40.3 41.1 41.5 41.9 42 42.9 45.5 47.6 48.3 50.4 53 58.4 69.7
114.8 119.5 125.5 129.8 132.5 134.8 138.6 141.7 143.8 145.7 147.6 149.9 153.6 157 158.8 159.7 160.8 161.8 162.6 163 164.3 165.7 168.2 170.1 173.4 175.3 174.8 173.4 171.8 170.7 169.2 163.2 153.1 136.1 119.8 104.5 90.1 74.6 57.3 48.3 36.2 29.3 27.4 27.6 24.2 27.7 27.6 26 26 26.5 26.5 25.8 27.9 25.8 30.8 31.8 31.3 30.7 33.4 33.3 31.5 30.1 30 26.8 38 35.3 40.1 40.6 40.9 41 41.8 42.1 42.7 43.2 45.9 50.2 54 54.7 57.2 61.9 68.9 74.2
109.6 113.4 117.9 122.4 127.8 132.6 135.7 137.9 142 145.6 149.2 152.2 154.7 156.8 160.2 162 162.5 163.6 163.8 163.3 163.9 165.6 167.7 169.5 173.4 175.8 174.9 174 173.6 169 170.6 166.3 159.4 144.5 128.6 113 100.3 89.7 76.6 68.7 57.1 36.9 29.9 27.8 24.6 25.3 27.5 26.5 26 26 26.4 27.7 28.4 27.2 31.7 30.9 27.2 27.2 29.6 33.4 29.8 29.4 29.5 35.6 39.5 40.9 41.8 42.5 42.5 42.1 42.4 43.3 44.4 47.9 51.7 56.2 59.9 69.5 75.8 82.4 89 94.2
105.8 110 113.8 117.6 122.5 125.2 131.6 136.6 142.5 146.6 149.9 153 155.5 157 159.9 161.6 162.9 163.4 163.6 163.6 164.4 165.9 167.7 169.9 172.8 176 176.3 175.4 174.7 172.9 171.3 169.2 163.4 154 138.8 122.3 109.9 101.9 91.6 82.3 74.4 58.4 44.2 35.2 25.8 26.7 27.5 27.1 26 28.1 28.4 28.8 29.4 29 30.2 29.7 27.2 27.2 28.4 29.5 29.7 29.8 27.2 39 41.4 42.8 43.6 44.3 44.5 44.4 44.9 46.8 48.7 52.6 59.3 68.5 80.8 90.5 98.9 107 115.1 120.6
101.8 106.2 110.7 111.7 115.4 124.1 130.1 135.8 140.5 145 149.4 153 155.4 157.9 160.1 161.1 162 162.7 163.3 164 164.9 167.3 169.5 170.4 173.1 176.1 177.8 177.7 177.2 177.5 174.9 172 167.8 160.1 149.1 135 120.5 108.8 98.6 89.3 81.6 69.5 55.8 46.7 35.8 28.2 24.6 28.7 27.2 27.2 27.3 29 28.5 28 27.2 27.2 27.2 28.9 29.2 29.5 29.4 29.5 26.2 41 43.9 44.8 45.7 46.6 47.3 47.4 48.8 50.4 53.7 60.7 71.1 82.9 96.6 110.1 121.1 132.7 144.6 148.1
99.3 102 106.1 108.5 113.3 120.2 127.1 133.5 138.4 143.2 147.2 151.4 154 156.7 159.8 161.1 161.3 162 163.8 164.9 165.5 167.8 168.9 170 172.3 177.1 180.2 179.5 180.4 179 175.4 173.4 171.1 167.7 157.9 147.4 135.8 123.4 106.8 96.7 86.9 74.6 61.5 51.2 38.6 37 29.3 27.5 28.1 27.2 27.2 27.2 27.2 27.2 27.2 27.2 26.2 28.4 29 26.2 29.6 28.7 37.6 43.9 46.6 47 48 49 49.6 50.6 52.4 55.3 61 70.6 82.2 97.1 113.8 130.3 143.2 157.8 166.5 169.2
99.1 101.2 102.9 106.1 110.7 116.8 124.5 131.8 136.5 141.2 146.3 150 152.6 155.8 157.3 160.1 161 161.8 163 164.9 165.7 167.7 169 169.7 171.3 174.8 177.8 179.2 179 178.4 176.3 175.4 173.2 171.5 164.4 154.6 146.9 137.3 117.9 102.7 87 75.9 62.7 51.8 51 43.8 37.2 34.4 26.7 28 27.6 27.2 27.2 27.2 27.2 26.1 27.9 28.9 28.4 29.1 26.2 37.6 43.8 46 47.7 49 50.1 51.3 52.5 53.3 55.1 59.3 67.6 78.6 91.9 108.8 130.3 150.9 160.4 174.2 184.8 186.5
96.6 99.4 101 103.7 107.7 113.4 122.3 129.3 133.1 138.3 144.9 147.7 150.4 152.6 155.1 157.7 159.6 160.9 161.6 163.2 163.9 165.1 167.6 168.9 170.1 170.9 173.6 174.5 175.1 173.7 174.4 175.3 173.8 172.1 165.6 158.8 152.6 143.1 126.4 108.3 91.7 77.4 67.2 62.2 55.2 48.7 42.7 37.7 36.6 28.1 28.2 28.3 28.4 28.3 28.3 27.8 27.9 28.4 29.9 44.8 45.7 45.6 45.7 47.8 50.2 51.4 52.8 54.3 55.6 56.3 58.7 63.5 72.6 83.5 97.5 116 138.9 159.8 168.4 181 190.8 194
96.3 97 98.6 101.1 104.5 110.5 117.7 123.4 128.3 133.9 140.3 144.6 148 150 151.9 153 155.2 156.8 157.7 160.1 160.8 162.5 164.9 167 167.3 168.5 170.4 173.1 172.5 171.9 172.3 174.7 174.7 174 169.9 162.8 158.3 143.4 120.1 104.4 87.8 84.1 78.9 67.3 59.3 54.4 52 48.4 43.1 39.7 31 27.5 25.7 25.8 32.8 34.7 29.9 28.9 43 48.6 50.9 50 48.3 49.8 54 54.9 56.2 57.4 58.7 60.2 64.4 71.5 79.6 90.9 105 120.1 136.1 153.5 162.3 168.5 175.8 182.1
