WholeMapElevations/data/nn/nn19_OST50GRID_20230518/NN19.asc
ncols 200
nrows 200
xllcorner 210000
yllcorner 790000
cellsize 50
[rows 70 to 104 of 200, columns 78 to 155 of 200]
358.4 362.7 371.2 379.7 390.5 398.8 402.4 411.1 418.4 420 421.9 421.4 420.3 419.2 418.1 415.7 413.9 403.1 399.1 391 385.2 380.2 372.9 368.6 365.4 368.5 371.9 375.9 382 391.5 410.8 422.9 434.2 448.8 453.2 458.3 465.9 473.8 487.9 493.6 500.9 511.4 515.9 526.9 540.2 547.3 551.7 557.8 560.4 560.7 562.3 564.1 567.2 566.1 561.8 553.6 545.5 538.7 533.1 526.8 517 503.5 493.5 484.5 473.1 466.1 456.9 447.5 438.8 435.3 422.9 411.8 403.4 395 392.6 382.5 389.4 389.3
367.7 375.4 382.3 389.9 398.8 404.8 408.2 414.5 421.7 420.5 421.8 421.6 422.9 417.4 415.4 410.9 407.6 399.7 393.9 387.4 383.5 375.7 371.4 367.4 370.3 372 377.3 382 390.6 404.9 414.7 428.4 438.4 451.2 457.2 465.1 475.3 479.6 488.4 496.5 503.2 512 523.8 533.6 540.7 546.3 549.4 555.8 561.4 565 567.2 568.8 570.2 567.5 561.6 559.1 553.2 546.5 539.3 531.2 516.7 503.2 490.9 478.7 469.7 461.6 455.5 447.5 441.7 436.1 424.6 415.4 409.4 405.2 399.9 394.2 396.5 398.3
378.8 385.2 394.1 399.9 406.9 408 414 417.7 423.3 425.1 426.4 427.3 423.2 420.2 413.9 408.5 402.9 399.5 393.9 389.4 384.4 374.7 369.9 369.4 373.5 374.7 380.9 388.5 398.1 412.6 420.4 433.3 440 448.9 458.4 467.7 477.3 487.5 492.1 497.5 505.3 516.5 527.9 535.9 542.2 545.4 548.7 556 562.6 567.2 571.6 576.7 580.1 577.9 574.5 568.1 566 559.4 548.3 536.6 523.7 505.4 490.9 480 469 459.9 453.2 449.4 442.3 432.6 424.4 415.8 413.1 408.9 403.1 400.6 403.1 402
389.9 392.7 400.7 403.8 414.4 418 419.8 421.2 424.9 425.1 425.4 426.7 421.5 417.8 412 407.2 404.6 403.2 402.4 389.7 380.5 374.2 371.4 372.1 374.7 380.7 385.6 394.5 400.7 413 422.5 433.1 443.2 448.7 459.9 469.3 477.4 484.5 494.2 501.1 509.9 521.6 529.6 536.1 543 549.1 555.3 562.1 563.5 567.6 575.5 584 587.1 592.1 591 584.9 593.3 587 566.6 547.5 531.2 512.3 494.5 483.6 473.9 460.9 457.4 457.8 447.4 440.1 430.1 419.9 413.2 407.9 404.7 405.7 408 408.6
395 402.7 404.2 409.1 413.7 417.5 421.4 425.7 428.4 427 426.7 423.2 420.3 415.7 414.2 410.9 411.1 409.6 404.4 390.9 381.5 374.8 375.7 376.8 384.7 388.9 391.9 396.8 406.6 413.6 425.1 432.5 443.5 455.5 461.6 471 476.1 486.2 491.3 499.2 515 525 532.6 538.2 545.7 552 561.3 562.7 565.6 574.5 580.3 588.2 597.2 607.4 602.5 605.1 619.2 612.8 583.4 563.9 545.9 527.5 503.1 485.9 472.9 464.6 461.6 459.8 451.6 443.9 435.4 429.1 418.8 410.1 407.8 407.8 412.4 417.4
397.8 403.8 409.8 413.8 415.9 419.1 423.4 426.3 428.4 429 426.5 424 418.9 415.3 414.2 410 407.6 407.8 399.3 390.8 382.6 381.7 380.9 383.7 391.5 393.2 397.3 402.1 391.9 414.9 425 434 443.8 454.2 460.7 468.7 473.7 481 489.5 503.4 515.2 526.6 535.9 537.6 543.3 552.4 558.7 563.8 573.3 578.5 586.4 601.3 615.1 620.9 616.2 624.3 633 630.1 604.5 586.1 571.8 542.5 514 498.5 482.9 473.5 467.2 461.4 453.4 443.5 435.3 431.2 427.3 416.2 415.5 413.6 415.7 421.8
405.3 412.3 419.5 426.1 424.8 421.8 424.4 431.2 436 431.4 428.2 424.3 420.2 414.9 410.9 405.5 401.6 400.1 394.7 389.4 384.9 385.6 389.5 395.7 401.8 401.5 404.2 407 412.7 410.9 421.7 432.5 442.5 451.7 461.1 464.1 471.4 480.7 494 504.5 516.1 527.3 531.9 538 547.9 554.9 561 570.8 576.1 584.1 599.1 613.8 624.4 631.8 632.6 638.9 641.6 636.8 629.1 607.3 594.2 562.6 531.7 507.5 489.8 479.4 472.5 464.1 457.4 449.6 437.8 434.1 427.1 427.1 426.4 420.9 422.4 428.2
417.2 424 432.1 433.7 430.9 425.9 426.7 432.7 434.5 433 429.5 426.3 422 415.1 410.6 402.3 396.7 395 393.6 390.7 390.6 392.9 396.3 403.2 408.9 408.9 410 411.5 415.8 424 427.4 429.2 439.4 450.5 457.3 464.8 471.4 481.8 494.1 505 514.4 524.3 529.3 540.2 548.1 561.2 570.4 574 578 591.9 607.3 619.9 627.3 633.5 639 645.5 647.5 645.4 637.4 630.7 625 587.6 551.3 520.7 498.8 489.7 477.7 469.2 461.5 453 446.3 439.9 435 435.4 433.7 428.1 426.6 433.2
424.7 434.7 441.2 443.6 434.8 431.3 432.8 437 438.1 434.8 429.1 425.5 421 417.1 411.6 408.2 399.7 396.3 392.4 395.7 397.8 402.9 404.7 409.1 413.5 414 415 422.6 424.4 429.5 433.2 438 433.8 445.6 456.2 463.9 469.7 478.5 488.8 498.1 508.7 519.6 528.6 534.9 549.5 561.8 568.1 577.6 586.1 598.6 611.5 622.6 629.3 635.1 642.6 649.8 657.1 653.4 646.5 644.2 639.8 606.7 566.9 534.9 508.2 496.2 484.3 474.9 465.2 460.9 457 451.3 444.9 440.2 438.5 438.8 437.5 444.5
432.3 440.7 444 441.9 439.2 437.9 441.6 439.2 443.9 439.9 434.9 429.1 419.9 416.8 412.4 409.4 406.2 397.3 394.2 397.1 403.5 405.7 410.9 420.4 425.1 422.8 426 431.2 434.8 436 437.7 441.5 440.4 441.7 453.6 463 468.1 474.7 485.2 495.5 508.3 515.3 525.3 539.2 549.2 559.5 568.5 579.6 590 600.5 611.3 618.5 627.4 634.6 642.7 649.7 656.6 655.4 658.1 652.7 643.4 615.3 575.5 541.7 519.1 501.3 490.4 481.3 472.7 470 466.8 461.6 456 451.5 447.6 447.1 442.2 451.9
437.2 446.5 446.1 447.2 443.6 448.5 453 450.1 445.3 442.8 440.3 435.7 428.6 419.3 413.5 408.6 406 400.6 400.6 402.2 407.5 413.2 423.1 426.1 430.5 429.8 437.6 440.6 442.4 442.9 447 446.9 447.7 442.3 447.6 458.7 463.4 471.5 483.6 491.6 501.3 511.9 521.1 536.2 548.6 557.9 566.1 579.1 587.5 598.2 607.8 615.9 625.1 632 639.4 647.2 649.9 649 648.9 650.5 643 617.6 573.8 544.3 524.5 504.2 495.9 487.2 482 479.9 477.6 474.5 465.4 462.3 462.6 460.5 456.8 454
444.6 451.3 452.7 454.7 455.4 459.1 466.4 461 455.9 450 446.6 439.8 431.2 425.8 417.7 408.9 404.4 403.5 406.2 412.7 415.3 422.7 430.7 433.8 438.3 445.4 446.1 448 449.8 450.6 452.4 453.9 453.3 452.9 442.6 454.9 462.6 472.6 478.7 488.6 498 509.7 522.2 532.1 546.7 554.8 564.6 575.6 584.5 593.9 602.7 611.8 618.6 626.8 632.8 638.4 645.2 641.9 643.7 643.1 635.5 612.7 582.9 551.5 527.4 510.3 500.3 493.3 490.4 488.5 486.2 485.2 479.1 476.1 472.5 468.6 462 461.1
454.1 456.9 460.5 462.6 462.4 468 471.3 465.4 462.1 454 448.7 443.3 434.9 428.1 418.4 410.9 407.3 408.6 412.4 416.9 422.7 430.1 438.5 443.8 445.4 450.6 455 456.3 459.3 462.4 463.1 463.5 461.2 456.8 456.9 449.5 456.3 467.4 478.3 484.8 493.7 503.9 516.5 528.5 540.4 550.2 561 570.1 579 588.7 597.1 604.6 612.4 619 624.2 631.1 638.2 638.1 636.2 631.4 625 618.6 580.9 556.3 533.8 514.1 503.5 501.4 501.1 498.8 496.8 495.9 497.2 493.3 484.9 475.7 467.6 467
462.5 463.8 467.2 466.4 471.2 474.7 476.8 473.5 466.3 458.6 451.4 444.8 440.8 432.5 424.4 412.6 413.7 416.4 421 427.7 427.9 437.3 445.3 454.2 456.4 459.3 462.3 462.9 467.7 469.4 469.4 470.3 468.8 467.3 466 463.2 461.8 462 474 483 491.9 504.1 512 523.4 535.4 546.3 554.2 564.6 573.1 581.7 590.1 596.7 604.1 612.9 618 625.4 633 632.7 624.7 615.7 609.9 601.6 580.2 557.6 536.3 522.7 511.1 510.7 512.9 512.1 510.9 511.9 512.4 508.7 496.8 483.5 476.7 472.1
469.3 469 468.8 471.7 474.1 478 479.7 476.6 468.3 459 453.3 448 442.3 434.9 426.7 423.7 426.1 429.5 435.2 436.6 441.1 442 445.4 457.3 467.1 469.4 471.2 471.1 471.9 473.7 474.5 475.7 475 474.1 474.9 473.8 468.9 468.4 467 479.1 489.5 499.8 510.7 518.2 528.6 539 549.3 558 565.8 573.6 581.1 589.3 596.6 603.1 610.7 616.8 618.4 619.7 612 603.4 591.9 577.8 568.5 552.8 540.4 526.6 524 524.5 526.4 526.8 523.8 520.7 522.8 518.5 507.7 496 487.3 479.4
473.7 475.1 473.5 476.9 476.5 478.9 480 476.7 466.6 459.2 449 443.2 440.5 433.5 430.4 430.5 435.4 443.3 444.1 451.1 454.3 456.2 461 460.4 466.8 472.2 478.2 482.8 483.9 481.1 479.7 483.3 483.5 480.9 481.2 481.3 478 476.3 472.7 473.8 482.8 497.5 506.1 517.1 524 532.7 541.6 550 558.4 565.5 574.5 580.1 586.6 593.9 599.1 605.1 605.8 603.2 598.4 589.2 576 564.8 554.9 543.1 539.3 536.2 533.5 535.3 538.9 540.5 540.6 537.1 533 530.8 520.7 512.7 501.8 491.7
480.4 479.6 477.4 478.9 477.6 477.2 476.3 469.4 463.8 455.9 450 444.3 438.1 435.3 433.9 435 440.3 451.2 457.2 458.5 465.8 469.1 472.4 474.1 482.2 482.9 485.4 489.1 491.1 490.3 489.5 489.8 490.9 488.5 488.9 486.8 485 482.2 477.8 485.2 489 486.9 505.6 512 520.4 527.4 533.4 540.6 547.6 556.4 565 572.4 579.2 583.5 586.9 590.3 593.5 590.9 583.7 573 563.2 556 547.2 544.5 551.5 550.1 549.6 545.9 549.1 550.8 554.9 547.3 544 541.4 531.7 521.5 513.9 500.9
483.5 481.3 479.8 479.2 477.8 477.6 473.3 466.7 459 453.5 452.2 445.1 435.7 436.9 438.1 444.5 446.7 462.6 466.2 470.9 473.8 480.3 483.9 488.6 493.6 496.7 499.9 495.4 497.3 498.8 499.4 498.1 493.3 495.3 495.2 495.4 492.4 492.1 489.1 490.1 494.6 495.8 492.3 506.3 514.1 520.9 529.1 534.8 541.7 548.3 556.4 562.6 568.9 572.1 575.7 579 578.5 575.5 567.1 557.5 555.6 550 548.5 552.1 560.9 565.6 565.2 566.3 561.1 562.4 568.7 566.6 563.1 559.5 553.6 548.4 527.8 522.1
483.7 485.7 484 480.4 475.8 473.4 467.7 462.8 458.2 454.1 449.3 442.8 443.7 442.6 444.9 457.5 463.7 466.8 470.9 478.5 482.7 490.7 494.2 500 504.6 508.3 509.4 509.1 510.3 508 508.6 505.2 501.9 505.2 504.5 501.2 499.9 499.9 498.7 497.7 498.7 501.6 498.8 499.6 505.7 515.1 522.5 529.3 535.9 541.9 548.7 554 560.7 565.9 568.3 569.4 567.3 563.5 561.1 560.5 554.8 558.3 558.9 563.3 567.2 571.6 576.8 576.6 577.9 582.1 586.7 588.9 585.4 590.5 578.9 572.4 564.6 554.8
484 482.5 482.5 478 472.9 466.1 462.8 459.3 455.9 452.9 449.3 440.8 448.3 453.9 458.4 463.4 473.5 479.7 485.9 488.8 493 497.2 503.6 509.1 513.8 515.3 515.5 518.5 519.6 520.9 519.2 515.5 511.6 509.8 510.3 511.3 510.4 506.7 502.7 507.1 505.5 504.6 499.2 505.3 509.3 514.5 519.7 523.6 532.4 536.1 541.8 546.2 552.4 558.6 558.1 558.4 556.7 558.2 558.9 557.2 560.9 566.9 570.1 578 582.8 586.1 587.3 592.4 600.2 600.1 604.1 613.2 621.6 629.2 626.4 605.5 589.3 584.1
483.1 481.3 480.4 476.5 470.4 466.6 460.3 455.9 453.3 449.5 445.7 447.4 455.9 461 465.6 475.2 479.5 486.6 489.4 496.1 500.4 508.3 511.4 517.5 522.6 522.9 524.9 526.5 528.6 529.3 527.2 524.7 520.7 518.9 516.3 514.6 515 511.1 509.2 508.8 506.8 505.8 505.9 507.8 511.1 519.6 525.1 528.3 529.7 533.9 536.8 543 545.2 548.3 551.9 553.3 552.5 554.3 557.2 563.2 577.9 583.7 590.4 597.7 605.4 619.2 624.9 625.9 632.7 634.8 641.4 646.8 656.1 657.5 641.2 634.2 623.2 620.3
482.5 479.4 476 473.5 466.9 460.4 457.3 453.4 449.7 445.9 446.4 451.6 459.5 469.4 474 484.2 490.5 493.4 496 505.5 513.2 518.9 521.4 523.5 527.4 529.8 533.6 535.2 539.1 538.4 536.2 533 530 529.5 527.1 524.8 521.1 518.4 514.2 512.7 511.2 510 509.1 508.3 514.8 520.8 524.1 530.2 530.3 532.3 535.3 538.5 541.2 544.5 548.1 550 552.2 554.9 561.2 571.8 583.8 596 606.2 619.1 633.4 651.7 658.3 672 680.5 679.1 675.7 686.6 680.7 676.2 664.3 653 656.1 646.1
481.2 477 472.3 466.3 461 457.3 457.3 455.4 451 448.1 451.7 456.2 465.2 473.6 480.8 486.9 493.3 499.8 508.2 514.5 521.8 528 531.2 534.9 536.1 538.8 544.3 542.2 545.4 541.6 541.3 534.9 537.9 538.1 536.3 532 531.1 523.7 520 518.8 517.9 517.8 517.9 515.9 516.1 520.9 524.5 526.1 528.3 532.7 538 540.1 541.4 545.3 547.2 554.1 559.1 562.8 571.1 584.5 601.7 615.6 632.9 645.4 666.1 668.4 684.4 699.7 707.1 700.6 698.6 707.1 706.3 701.5 684.3 666.5 673.6 669.1
474.6 473.3 467.7 463.5 459.2 455.4 454.6 452.4 452.9 451.4 456.1 458.4 463.7 473.2 485.5 493.9 498.5 505.5 515.4 520.4 529.5 533.1 538.7 544.6 545.8 547.8 551.1 549.8 553.2 551.2 546.8 540.9 544 544.5 543.4 539 536.5 535.2 529.1 529.7 531.8 533.5 534.8 533.4 531.7 529.7 530.1 531.1 536.5 536.5 539.5 545.3 545.4 551 555.6 559.2 563.5 570.2 583.3 598.3 619.6 638 663.4 678.8 685.2 696.5 718 736.6 742.5 737 736.3 735.8 738.4 725.6 705 698.3 696.5 688.9
472.5 470.4 463.4 461.1 459.5 456.2 454.9 454.3 453.9 454.6 459 463.4 466.5 470.5 478.3 492 505 511.2 521.4 527.9 534.5 538.3 543.6 549.9 553.2 555.8 559.5 558.3 558.4 559.1 555.1 547.2 551.7 550 547.9 547.3 544 540.3 544.3 543.4 547.2 546.7 544.7 541.2 536.1 537.6 533.9 540 540.8 546.4 547.3 550.1 553.2 557.3 561.8 566.2 571 581.6 598 615.4 637.7 661.6 682.1 698.7 713.3 725.4 745 753.9 769.9 779.5 790.3 775.1 768.5 750.3 727.7 732.8 729.3 717.4
467.6 466 461.6 459.7 458.7 459.7 461.8 461.6 457.7 462.7 465.7 467.7 471.7 479.4 487.7 497.4 507.6 517.3 525.7 532.5 540 545.6 549.8 555.4 557.7 561.5 562.8 564.1 564.4 565.4 560 556 557.9 558.6 556.9 553.9 549.6 552 551.6 553.9 560.2 558.8 555.1 551.6 551.2 544.3 544 542.2 545.3 551.8 557 562.4 567.6 569.2 573.8 580.3 584.4 592.4 616.9 633.4 654.4 676.4 694.8 718.4 736.7 749.3 765.3 777.6 789.5 799.3 809.6 808.1 790.4 773.1 761.8 768.9 760.2 748.8
465.9 463.9 464.2 461.7 461.6 463.6 463 464.6 462.8 468.8 472.5 474.8 480.9 488.2 497.6 506.1 511.5 521.4 528.4 538.5 544.9 550.9 554.2 557.9 562.8 568.2 569 570.5 571 571.3 569.1 563.3 563.7 564.9 561.7 555.8 557.1 562.4 562.9 563.2 568.9 570.3 562.6 560.4 562.6 555.8 553.6 553.5 554.5 562.6 567.1 573.8 579.9 583.8 587.3 594.7 606.4 617.2 632.4 652.2 669.9 684.1 706 728.9 747.8 759.7 774.7 791.1 806.4 816.8 820 818.1 818.3 811.5 798.8 799.5 792.6 778.1
464.7 463.4 462.4 462.6 466.4 466.1 464.9 469.3 468.9 472 478.4 484.8 490.4 501.1 505.3 515.4 522.2 529.5 537.3 542.7 551.6 555.7 560.7 564.3 567.4 572 572.3 574.3 576.8 576.5 576.6 569.7 574.2 572 567.1 562.3 568.1 571.8 570 569.3 570 573.4 569.2 571 568.6 566.5 564.6 567 570.9 574.2 579.9 585.9 590.6 595.5 603.7 617.3 625.4 641.1 649.7 660.6 674.4 692.8 711.2 731.8 750 761.4 780.6 797 812.4 820.4 823.9 824.5 820.4 810.2 803 805.6 800.4 795.2
468.8 468.9 465.7 465.3 468.8 471.4 473.2 473 476.3 479.9 484.2 493.6 499.5 509.5 517 522.1 531.5 538.7 544 549.6 554.9 560.2 565.5 571.5 572.5 576.2 575.3 578.1 580.8 584.3 586.4 582.8 585 581.8 574.5 571.1 574.7 577.3 578.8 577.2 580.7 584.1 575.4 577.7 578.6 574.4 580.6 581.1 580.4 584.3 586.7 591.5 600.4 611.5 620.4 635.3 640.6 652.3 661.8 678.3 693 703.9 714 734.9 751.1 760.4 775.8 792 802.3 809.7 814.1 809.4 807.7 802.7 801.4 803 803.3 799.8
474.5 473.9 471.4 471.1 471.9 475.9 479.4 479.5 483.8 486.2 490.6 498.7 508.2 516.5 525.3 532.6 537.9 544.3 550.5 556.2 560.3 565.1 571.1 576.1 576.7 580 581 580.6 585.2 590.1 591.1 592 593.4 589.2 582.8 581.1 585.4 585.8 583.6 586.6 589.1 588.8 585.1 582.2 585.9 585.5 594.2 595.5 592.2 592.4 596.4 603.2 610.9 623 635.5 646.2 654.5 666.5 674.3 688.1 702.2 714.6 729.8 739.7 753.5 764.1 773.1 786.8 792.5 797.5 796 790 792 791.6 788.9 789.8 789.1 788.6
476.8 481.5 479.6 479.2 482.6 483.8 484.5 488.9 492.1 494.5 498.7 507.8 512 523.4 530.5 539 544.2 550 556.8 561 566.1 572.1 574.8 579.2 581.2 583.7 588.1 588.7 590.9 594.5 597 598.7 603 599.1 592.6 589.4 593.1 590.5 601.2 609.6 604.8 593.7 592.8 595 594.4 594.2 600.7 603 599.7 597.9 604.3 613 621.3 634.5 644.1 653.5 664.2 675.8 688.7 697 712.6 728.5 739.4 747.1 761.6 769.8 778.6 785.3 789.7 792.2 785.1 781.8 781.3 778.1 775.1 774.9 772.2 771.5
485.6 489.2 490.6 491.6 495.5 496.2 497 499.4 501 502.4 507.4 515.5 522.4 531.7 539.3 545.6 551.5 558.1 562.5 567.3 572.2 578.6 582 588.5 590.5 590.6 593.8 596.3 599.3 604.3 603.9 606.1 607.6 605.7 603 603.3 605.3 602.5 613 622.6 617.2 613.8 607.4 608.7 603.8 601.5 606 610.4 612.8 611.5 610.2 620.5 631.4 644.5 654.4 659.8 673 682.5 698 707.1 724.7 737.8 743.6 755.6 762 768.9 776.9 779 782.3 780.4 774 772.3 770.3 767.7 762 761.4 759.7 757.2
492.3 501.7 507.3 508.4 508.6 513.3 509.3 511.8 517.4 515.9 514 525.7 530.9 536.8 545.8 553.6 559.4 564.8 569.7 574.5 578.9 584.9 591.1 595.8 600.9 597.2 599.8 598.9 606.4 607.5 608.4 609 611.3 613.9 618.7 615.6 613.7 620.3 625.5 625.9 623 615.5 619.7 620.9 618.1 614 617.6 617.9 620.4 620.9 629.3 639.6 646.8 654.3 663 669 677.1 690.8 704.6 717.1 731.8 741 749.4 755.5 760.5 764.1 768.2 771.8 769.2 766.5 760.9 758.4 756.5 752.5 750.2 747.8 746.4 743.5
503.4 517 523.5 524.3 523.4 522.7 520.5 522.8 530.5 529.5 525.2 530.6 537.6 545.3 551.9 559.4 565.7 571.4 577.6 583.4 587.1 592 598.8 604.5 608.2 607.3 609.8 610.8 611.8 612.8 615.1 616.7 620 623.5 624 623.9 625 634.4 632 627.5 624.8 628 627.4 630.2 628.2 628.2 630.6 634 633 642.5 642.9 647.3 652.2 661.2 667 677.1 684 691.7 704.2 718 729.9 739.6 749.3 752 752.2 755.9 760.3 760.4 757.8 752.6 747.6 744.7 741.3 737.1 735.7 733.9 732.8 729.4
515.6 529.6 541.3 540.2 539.6 536.1 536.4 536.6 539.8 541.4 538.7 537.5 543.2 550 558.1 564.7 571.2 578.5 585.1 590.8 593.6 598.2 605.8 610.6 613.4 615.8 617.5 618.9 621.5 627 627.1 625.6 629 632.9 633 634.7 639.9 643.2 639.1 636.8 635.4 633.9 639.1 639.5 639.5 639.3 648.4 649.9 649.8 648.9 651.3 650.1 658.2 670 672.5 679.6 682.8 697.2 702.8 711.6 723.4 735 744.2 742.3 741.7 745.7 747.6 748.9 740.7 735 731 728.3 725 722.8 720.5 719.3 718.2 715
