WholeMapElevations/data/ss/ss81_OST50GRID_20230518/SS81.asc
ncols 200
nrows 200
xllcorner 280000
yllcorner 110000
cellsize 50
[rows 35 to 69 of 200, columns 0 to 77 of 200]
211.3 208 205.2 202.3 197.3 191.1 185.6 181.8 178.8 176.1 176.7 175.5 176.7 176.8 175.1 174 173.1 171.6 168.7 161.8 169.7 171.8 171 168.5 161.5 157.9 168.8 173.4 176.4 179.9 184.1 188.7 193 196.9 199.5 202.1 204.9 207.9 210.9 213 214 214 212.2 209.8 207.4 204 199.1 194.5 194.9 198.8 201.6 205.1 209 211.9 213.8 214.3 214.2 212.6 210.3 208 205.9 204.1 202.8 202.4 200.9 199.8 199.2 198.5 195.9 190.7 184.5 181.2 186.1 192.8 196.1 198.1 200.8 204.3
213.9 211.3 209.1 205.7 202.6 198.4 194.8 190.5 186.7 181 179.3 175.5 174.8 171 169.9 167.9 166.4 162.9 162.5 161.7 163.1 166.1 166.8 165.7 158.8 158.8 167.6 171.1 174.3 178.4 182.7 186.3 189.4 193.7 197.3 200.2 203.5 208 211.8 213.5 214 213.3 211 208.7 205.2 201.9 198.5 195.2 191.7 196.5 199.2 202.8 206.5 210.1 212.4 213.4 213 211.4 208.8 206.1 204.4 202.6 199 199 198.2 197.1 196.5 196.4 195.1 191.7 185.8 179.2 184.1 189.7 192.3 194.9 197.5 201
216.9 215 212.7 209 205.5 203 199.6 196.6 193.3 189 187.1 184.2 182.2 181.5 181 178.4 175.7 172.9 168.9 164.5 160.2 158.3 160.9 162.2 157.4 161 165.5 169.1 173 176.2 179.7 183.5 187.5 190 193.7 197.7 202.7 208.8 212.7 213.9 213.8 212 209.9 206.7 202.8 200.9 197 192.9 189.1 193.3 196.3 200.4 204 207.6 209.8 211.9 211.9 210.5 207.8 204.7 202.3 199.6 195 193.6 193.7 192.8 193.2 193.8 194.5 193.3 188.2 179.3 180.5 181.4 183.2 189.5 194.3 196.9
217.5 216.4 214.2 212 209.2 206.4 204.2 200.4 197 194.3 192.2 190.1 187.6 187.7 184.9 184 181.5 178.4 174.8 168.2 165 161 158.7 156.3 156.7 159.4 163.1 164.4 166.8 170.5 174.1 179.8 182.9 186.5 191.4 195.8 202.3 209 212.6 213.6 213 211.2 208.2 204.9 201.3 198.1 194.8 190.9 187.9 193.2 196.8 200.4 203.2 205.9 208.9 210.8 211.4 210.3 207.3 204.1 199.9 197 196.3 194.8 192.2 189.3 185.5 189.2 192.1 192.8 190.1 180.7 178.8 188.5 192 192.8 191.9 193.2
215.4 214 212.5 210.7 208.7 206.9 205.1 203 201.3 199.6 197.3 195.2 193.6 192.3 189.7 186.5 184.2 181 177.5 173.9 170.1 166.1 161.6 157.1 156.9 162.7 166.7 169.8 173.4 177.4 180.8 183.3 184.1 187 192.6 197.2 202.9 209 212.8 213.4 212.5 210.4 207.3 203.2 200.1 196.9 192.8 189.1 187.8 193.1 196.2 199.1 202.8 206 208.5 210.4 210.7 208.8 206.7 204.5 202.8 201.6 199.9 199.4 197.4 194.8 192.5 189.2 182.1 187.2 188.2 178.2 179.1 189.9 194.3 196.4 197.1 196.7
212 210.5 209 207.6 206 205 204.7 204.1 203.2 202.6 201.1 199.2 197.2 194.7 191.6 188.2 185.5 182.7 179.1 174.7 170.6 166.4 162.2 156.7 156.7 162.8 165.7 168.4 172.5 177.1 181.4 185.4 189.3 191.2 196.1 200.2 205.2 209.6 212.2 213.4 212.1 208.9 205.5 201.7 197.8 193.5 190.4 187.6 185.6 191.6 195.2 199.2 201.5 204.3 207 209 209.9 209.5 208.5 207.4 206.5 205.2 204.6 203.9 202.2 200.7 198.5 195.4 189.9 182.1 179.8 176.5 182.5 191.7 196.7 199.1 200.6 202
207 206.1 203.8 201.4 202.1 202.3 202.2 203.8 204.9 203.7 203.3 200.9 198.4 195.1 190.3 186.1 181.8 176.8 174.1 170.3 167.1 164.3 160.4 155.9 155.9 161.7 165.8 170.1 173.8 177.5 181 185.3 189.6 193.1 197 201.1 205 208.9 212.4 213.3 212.6 209.7 207 203.7 199.7 195.7 191.4 186.2 184.6 190.9 195.9 197.7 200.9 203.6 206.3 208.4 210 210.9 210.8 210 209.1 208 206.9 205.6 203.4 201.7 198.9 195.9 191.7 186.3 178.5 174.8 185.7 192.9 197.7 200.6 202.5 204.1
207 204.8 202.5 200 196.2 195.8 200.9 202.6 203.3 203 202.3 201.2 199.1 196.7 196 193.7 189.5 185.8 182.4 178.3 174.1 170 164 155.1 155.6 161.7 165.7 171.1 175.6 178.9 182.7 186.2 189.1 191.9 196 199.3 204 209.1 211.5 213.2 213.9 211.7 209.1 204.8 201.1 197 192 185.4 183.8 190.3 194.3 198.3 201 203.7 206.3 208.3 210.2 211.9 212.1 211.6 210.4 209 207.2 205.4 203.1 199.7 196.2 192.5 188.8 182.4 174.7 180.1 189.8 194.1 197.1 200.1 202.9 204.5
207.5 205.3 203 201.3 199.2 193.6 195.4 199.8 201.2 200.9 200.8 200.5 199.6 199.1 197.5 195.6 193.2 190.6 187.1 183.7 179.5 173.7 167.2 157.4 155.1 159.5 165 170.6 175.9 179.3 182.4 184.9 187.2 189.8 193.4 197.4 201.6 206.5 211.3 213.7 215.7 214.4 210.6 205.9 201.9 197.7 192.1 183 183.3 189.6 194.2 197 199.2 202.8 205 207.3 209.4 210.5 211.1 210.9 209.8 208.1 205.9 204.1 201.5 196.8 192.1 188 183.4 175.9 175.1 185.9 190 192.8 195.5 197.5 200.6 202.4
205.7 203.9 202 199.8 197.4 193 192.9 196.3 198.2 197.6 197.9 198.1 197.5 198 196.7 195 192.9 191.5 187.8 185 181 175.8 170.3 159.9 154.8 157.6 164.4 170.2 174 176.7 179.6 182.3 184.2 186.7 190.9 194.4 199.8 204.4 208.4 211.7 214.7 213.9 210.5 206.3 202.5 197.8 190.4 180.8 183 188.3 192.7 196 198.3 200.7 202.6 205 207.5 208.7 209.4 209.5 208.3 206.3 203.5 201 199 196.3 192.6 186.8 179.1 171.5 176.1 183.2 186.1 189.4 192.2 193.8 196.7 198.2
202.3 199.1 197.4 195.7 194.4 190.4 190.1 194.8 194 193.5 193.3 194.2 194 193.2 192.5 190.8 189.1 187.2 184.4 183 180.5 176.7 170.2 161 154.2 156 163.5 167.5 170.5 172.6 175.4 177.9 180.1 183.3 188.7 193.2 197.8 201.9 205.8 209.5 211.6 211.2 208.4 204.5 200.5 196.6 190.5 180.4 181 186.8 189.8 192.6 194.9 196 199 202.1 204.8 207.2 207.8 208.1 207.1 204 201.2 196.8 194.2 192.6 190.6 186.8 179.5 171.7 173.3 178.2 179.7 182.5 185.2 188.2 189.7 191.1
201.4 198.4 197.2 195.2 192.8 189.8 183.7 187.9 190.6 188.8 188.8 189 188.9 184.1 186.2 185.6 184.9 183.7 180.8 179.4 177.2 174.4 169.9 162.5 153.6 154 162.6 163.8 164.4 165.8 168.7 169.9 176.9 181.9 186.7 190.1 192.4 196.8 201.6 207.1 209.7 208.4 204.3 200.3 195.1 190.9 187.1 178.9 179.6 184.6 187.2 189.4 191.3 192.7 194.8 198.8 202.8 205.4 206.4 206.4 204.9 203 200.5 196 192.1 188 186.1 183.4 179.6 172 170.9 177.6 181.7 185.1 187.4 188.4 192.6 196.2
206.7 204.3 201.9 199.7 198.2 194.2 189.3 185.4 179.3 180 181.3 182 180.1 180.2 180.6 180.6 179.8 176.9 174.6 174.2 173.2 170.3 167 160.8 154 152.7 156.7 161 165.5 168.7 170.6 171.6 173.6 179.7 182.5 185.8 192.2 198.7 204.1 207.9 208.6 207.4 203.8 198.9 194.3 188.1 183.6 177.7 176.5 181.9 183.7 185 186.5 189.8 193.9 197.7 202 203.7 205.2 204.8 204 201.3 198.4 195 191.2 186.6 182.3 179.2 176.7 170.8 170.2 177.3 180.8 184.3 187.5 190 193 197.1
211 208.7 206.1 203.5 201.7 199.9 196.1 192.8 189.2 185.8 181.8 177.3 174.6 170.6 170.5 172.6 171 169.1 165.5 166.9 166.5 165.3 162.5 158.3 152.7 153.1 161.1 167.2 172.8 176.9 178.4 178.9 180 181.9 184 190 197.4 203.9 207.9 208.8 207.9 206.1 202.8 199 193.7 188.1 183.3 177.7 174.6 178.4 179 185.2 188.1 191.5 194.6 198.5 200.7 202.4 203.3 202.9 202 199.5 196.9 193.2 189.4 186.1 182.4 178.2 172.8 170.2 170.2 174.8 178.1 180.8 184.7 188.8 192.5 196
213 210.8 208.5 205.9 204.7 202.6 200.4 198 195.5 193.3 190.4 187.7 183.7 179.8 176.8 173.9 172 168.9 166.2 163.9 159.6 156.1 154.8 152.3 150.9 153.6 164 173.6 179.7 183.2 185.5 187.2 188.2 189 189.1 193.7 199.8 204.7 207.8 207.8 206.9 204.7 201.8 197.8 193.8 188.5 183.5 178.9 172.7 174.3 180.3 184.3 188.4 191.9 195.8 198.5 199.6 200.2 200.3 200 198.4 196.1 192.7 190.4 187.5 184.9 182.2 178.7 174.6 168.2 168.6 173.5 178.9 182.7 185.9 189.5 194.7 197.4
213.6 211.1 208.8 207.2 205.5 203.9 201.6 199.5 198 196.6 194.6 192.3 189.8 187.4 184.7 182.3 179.9 177.3 174.7 171.2 168.2 164.5 161.3 154.8 152.2 156.8 167.6 176.6 182.9 186.7 189.8 192 193.2 194.1 195.3 197 200.7 203.9 205.9 206.3 205.4 202.7 199.3 195.6 191.6 188 184.4 179.8 174 175.8 180.9 185.4 189.3 192.6 195.9 197 197.7 196.7 196.1 195.7 194.2 191.5 188.7 185.3 182.3 179.8 177.8 176.4 172.9 167.7 169 175.4 182 188.2 193.9 197.2 200 202.1
211.4 209.4 207.1 205.4 204.1 202.2 200.5 199.3 198.1 197.2 195.4 194.5 192.7 190.5 188.3 186.2 183.2 180.7 176.8 173.4 169.4 164.4 159.6 153.7 151.2 159.9 169.4 178.1 184.8 189 192.1 194.3 195.6 196.4 197.2 197.9 200.3 202.8 204.7 204.5 203.6 200 194.4 191.6 188.2 186 182.3 178.7 173 175 180.4 184.9 189.4 193.5 195.1 195.5 194.7 192.9 191.2 191.2 189.3 186.9 183.5 179.7 176.8 174.9 172.9 171.1 168 167.1 170.7 178.1 184.5 190.3 196.7 201.3 204.5 206.6
208.3 205.9 203.7 201.7 199.8 197.9 197.5 196.7 196.1 195.4 194.9 192.7 193.6 192 190.4 188.8 185.7 182.1 178.4 174.1 168.6 161.7 156.7 152.2 151.9 162.5 173.1 180.7 186 189.8 193.2 194.8 195.4 195.3 196 198.1 200 202.2 204.2 204.4 203.3 199.9 195.3 190.8 185.8 181.8 178.3 174.6 170.1 174.8 181.8 186.3 190.4 193.6 195 194.2 191.6 189.4 187.8 186.7 184.7 181.7 177.5 174.4 172.2 171.1 169.9 168 164.9 168 173.3 178.3 183.7 190.3 197.3 202.5 206.1 208.1
204.7 201.4 198.7 196.1 194.8 193.7 193.5 192.6 192.1 191.4 190.4 189.9 191.1 190.9 190 187.8 184.7 180.7 176.6 171.3 165.7 158.6 152.9 150.4 156.8 166.3 174.6 181.5 186.3 189.9 192.3 193.4 193.5 193.5 195.2 197.5 199.9 202.2 204 204.4 203.5 201 198 193.8 188.2 182.2 179.5 175.2 169.5 180.1 185.8 188.7 192.9 194.6 194.5 192.7 189.7 186 184.3 183 180 175.6 172.5 169.9 167.7 166.6 163.8 164.2 165.3 172.7 177.4 182.5 188 193.5 198.6 203.3 206.1 208.1
200.8 197.4 195.6 193.3 191.8 190.5 189.2 188 187.3 186.7 186.5 187.1 188.3 188.6 187.9 185.8 181.9 177.4 172.6 167.2 161.3 156 150.7 153.1 161.7 169.4 175.2 181.3 185.4 188.6 190.3 191.5 191 192.2 194.7 197.2 199.5 201.5 203.2 203.8 203.3 200.9 198.2 193.1 187 180.7 175.8 169.2 172.4 181.6 187.3 190.9 193.3 193.9 193.8 191.5 188 184.2 178.9 177 176.4 171.5 167.4 163.9 161.9 164.6 167.4 171.9 175.7 178.6 183.9 188.4 193.7 198.5 202 204.9 206.1 206.8
198.6 195.3 193.2 191 189.4 186.8 184.4 183.8 182.8 181.5 181.7 181.6 184.8 185.6 185.4 183.6 179.3 173.9 169 163.6 157.6 153.3 149.1 155.6 162.3 169.2 174.8 180.4 184.4 186.7 188.1 188.7 187.8 189.8 192.5 194.8 197.7 199.8 202.3 203.6 203.4 201.7 198.7 192.8 187.4 182.3 176.1 166.4 174.5 181.5 186.7 190.3 192.5 192.9 192.2 189.8 187 183.3 180.2 172.8 171.5 166.1 160.6 164.9 169.9 173 177.8 182.5 185.1 184.7 191.4 195.1 199.2 202.3 203.7 205.7 206.4 206.1
196.8 194 191.1 188.5 183.9 181 180.8 179.4 177.1 174.3 175.7 177.5 179.8 181.5 181.9 181.3 179.1 174.8 169.3 163.5 157.5 151.3 148.9 156.9 164.8 169.8 174.7 178.7 181.7 184 185.1 185.6 184.8 187.3 189.8 192.1 195.7 199.2 201.7 202.9 203.1 202.2 199.8 195.9 191.6 184.9 175.2 165.1 178.4 183.2 187.1 189.8 191.2 191.2 190 188 185.3 182.5 179.1 170.3 164 159.5 165 172.6 176.6 180.9 185.4 188.8 190.9 191.2 195.1 199.5 202.3 204.3 205.4 205.8 205.5 204.7
198 194.3 192.8 190.1 188.3 187.3 185.5 184.2 182.8 180.1 175.7 170.6 169.5 173.1 177.3 177.4 176.8 174.2 170.5 164.3 158.1 151.4 150.1 157.9 163.6 168.1 172 174.4 176.6 178.5 179.9 180.5 179.4 183 186.2 190.8 194.9 198.8 200.6 201.5 201.6 201.4 200.5 197.9 193.4 186.7 171.7 165.7 179.3 183 187.4 188.9 189.8 188.7 187 184.2 180.9 178.5 175.1 167.5 158.6 166.8 176.4 180.6 182.8 187.3 191.3 193.8 195.9 197.9 198.8 201.6 203.7 205.2 205.8 205.1 204.4 202.6
201 197.9 195.7 193.5 191.5 191 189.4 188.3 186.8 184.1 180.1 177.5 172.7 165 167.4 171.7 172.7 172.3 169.9 165.4 157.8 150.5 148.5 157.4 161.9 165.5 168.2 169.7 172 172.8 173.3 176.1 180.3 184 187.9 191.5 195.2 198 199.6 199.7 200 200.1 199 197.2 193.3 185.2 170.8 166.6 179.4 184.1 186.1 186.7 186.2 184.9 182.5 179.4 175.7 172.9 169.8 160.6 165.3 176.7 182.5 186.2 189.1 192.9 195.7 198.1 200.2 201.4 202.6 203.6 204.6 205.7 205.8 204.8 203.4 201.3
202.3 200.7 198.7 197 195.3 193.8 192.1 190.3 188.7 186.8 184.3 182.2 178.1 171.9 166.3 161.6 165.4 167.2 166.4 162.9 157.5 149.7 148.7 155 157.5 158 161.2 162.7 164.3 170.3 175.2 179.7 183.3 186.3 189.4 192.7 195.8 197.2 197.8 197.4 197.3 197.3 196.6 194.9 191.4 185.4 173.1 162.1 179.2 180.7 181.6 181.4 180.2 178.1 175.5 171.7 169.9 168 163 158.4 169.4 179 184.6 188.2 191.4 194.1 197.1 199.4 201.8 203.2 204.3 205 205.4 206 206.4 205.2 203.8 200.6
202.2 201.1 199.3 197.5 195.5 193.8 192.1 190 188.1 186.1 184.1 182.3 179.7 176.2 172.7 167.1 161.3 158 160.4 158 154.9 149.5 147.3 150.6 156.3 160.7 165.7 168.6 169.6 171.1 176.9 181.3 184.2 186.8 190.3 193 194.5 195.2 195.3 194.1 193.6 193.6 193.7 191.8 190 184.3 174.8 163.1 162.4 173.3 174.5 175.1 172.9 170.2 167.7 166 164.3 161.7 157.2 164.5 174.7 179.3 183.2 186.5 189.7 192.3 194.8 197.8 200.7 202.3 203.5 204.3 205.2 205.6 205.5 205 203.6 201.7
200.4 199.4 197.8 196 193.6 191.4 189.7 187.6 185.9 184.1 181.9 180.6 179.2 177.5 175.2 171 166.4 161.6 158.1 154.4 151.1 147.8 146.9 152.5 158.1 162.7 167.7 170.7 173.9 176.3 179.2 181.4 184.1 186.7 189.4 191.5 193.2 193.5 193.1 192.3 191.4 191.6 191.6 190.6 187.9 183.7 177.2 167.2 156.9 164.3 166.4 167.8 166.8 164.7 162 160.1 157.3 155.6 163.4 171.7 175.4 177.1 179.5 181.9 184.8 186.6 190 194.5 197.6 199.1 199.9 201.2 202.4 203 203.1 202.4 201.6 200.8
197.9 196.7 195.1 193.5 190.3 188.4 186.7 184.8 183.3 180.6 178.2 177.8 176.9 176.5 176 173.7 170.7 166.6 164.7 162.2 157.8 151.3 146.8 150.9 157.2 163.8 168.3 171.5 173.8 177.7 180.2 182.6 184.9 187.5 189.7 191.3 192.1 191.8 191.2 190.3 189.4 188.9 188.6 187.8 184.7 182.6 178.3 172.2 163.3 156 161.7 163.2 162.2 158.5 153.3 156 162 167 169.8 170.9 172.4 173.4 174.6 176.7 179.5 181.5 185.6 190.7 193.6 194.9 195.9 196.9 198.5 199.2 199.8 199.4 199.4 199.5
195.6 194 191.9 189.9 187.3 185.4 183.6 182.2 180.6 178.7 175.8 174.1 174 174.9 175.6 174.4 172.9 171.5 169.3 166.1 160.1 153.2 147.1 148.3 155.2 162.7 167.4 170.6 174.2 176.2 179.6 183.7 185.8 188 189.9 191 190.8 190.3 189 186.6 184.1 185.7 185.4 183.5 181.3 179.8 177.9 176.8 172.4 163.8 153.6 156 154.8 154.3 162.7 167.5 167 166.7 167.2 167.4 167.6 168.7 169.5 171.4 174.6 177.8 181.5 185.4 188.1 188.7 189.9 190.7 191.7 193.4 194.6 194.9 196.3 196.1
193.8 192 189 186.2 184 182.1 180.7 179.1 176.7 175.7 173.6 170.8 170.6 172.7 173.6 173.4 173.5 172.7 171.1 168.3 163.3 153.2 146.3 147.5 153.3 160.2 164.8 169 173.7 176.8 180.4 183.5 186.2 187.9 188.7 188.9 188.6 187.6 185.5 181.7 178.9 180.3 179.9 178.7 177.7 176.1 177.3 176.6 174.6 170.3 164.2 157 151.3 161.6 164.2 164 163 162.7 162.3 162.3 162.8 163.1 164.4 166.4 169.3 174 177.5 179.6 181.3 182.2 182.5 184.6 186.1 186.9 189.1 190.5 190.7 191.4
192.2 190.9 187.6 184.4 181.7 179.6 177.8 175.3 172.8 170.5 168 167.2 167.2 168.7 169.9 170.8 171.2 171 170.5 168.6 164.8 154.1 144.5 148.4 158.8 165.6 169.1 173.2 176.5 179.6 182.2 184 185.4 185.7 186.2 186.3 185.9 184.4 179.9 177.8 174.8 176.3 176.4 175.3 174.8 173.7 174.7 174.3 173.3 171.2 167.7 158 150 156.2 159.4 159.3 158.1 158.1 157.2 155.6 154.3 155.3 156.7 157.5 161.2 165.2 168.8 171.7 173.2 174.8 176.7 178.8 179.7 181.5 183.1 184.5 185.2 185.9
191.3 189.8 186.5 183.2 180.5 177.5 174.1 173 172.6 169.8 169.2 168.1 162 160 162.7 165.2 165.8 165.5 165.2 164.7 162.7 152.9 145.3 147 161.2 166.7 171.6 175.2 178.3 180.6 182.4 183.5 183.6 183.6 183.3 183.4 182.9 181.5 179.1 174.3 170.9 173.4 173.8 172.7 171.6 171.8 171.2 170.7 168.8 167.4 164.5 156 150.5 153.7 155.1 154.7 152.2 152 151.9 155.3 156.7 156.8 152.2 156.1 154.7 156.8 160.5 162.4 165 166.6 170.5 173.1 173.6 175.8 177.6 178.2 178.9 178.9
190.9 189.2 186.4 183 179.7 177.1 173.7 175.3 175.5 174.4 171.4 170.5 168.5 166.7 163 161.1 157.3 153.8 151.4 152.5 152.3 148.3 144.3 146.4 157.1 164 169.2 173.6 176.8 178.8 180.4 181.3 181.3 180.7 180.7 181.1 180.7 179.5 177.8 174.7 170.2 170.4 168.8 169.4 166.7 165.8 165.9 165 162.7 159.4 157.4 153.2 149.9 149.5 150.8 151.2 155.2 157.5 161.5 165.7 168.9 170.7 170.3 165.1 160.6 155.2 154 156 157.2 158.3 163 166.7 168.1 169.7 171 170.7 171 171.5
190.8 188.9 186.6 183.8 180.4 178.5 178.2 177.7 176.9 175.5 174.7 173.1 171.5 170.6 169.8 168.8 166.8 164.2 160.9 158.8 156.2 148.4 144.8 144.7 150.8 155.8 164.6 169.9 173.8 175.5 177.2 177.6 177.3 175.9 175.6 177 177.3 176.6 174.8 171.7 166.7 162.9 164.2 162.8 161.9 160.2 159 157.6 150.8 150.2 149.8 149.8 148.4 153.4 155.6 158.1 161.5 165.5 169.9 172.6 174.4 175.2 174.8 170.8 166.2 161.6 163.7 163.3 161.8 157.7 156.4 158 159.2 160.1 160.5 161.5 164.1 164.8
191 189 186.7 184 182.4 181.4 180.5 179.8 178.9 180.4 178.9 177.3 175.5 175.3 174.6 174 173.2 170.5 168.2 164.9 160.3 153.7 145.4 144.4 144 152.2 159.4 166.6 170.3 172.2 173.3 173.8 172.4 170.9 170.3 172.6 173.1 172.5 170.5 167.1 162.7 155.9 158.3 157.1 155.4 153.4 149 147.7 146.2 148.5 148.8 149.9 155.1 161.8 165.4 169.4 173.7 176.3 178.5 180.1 180.7 180.5 178.9 175.4 168.1 169.8 171.5 173.1 173.1 170.5 163.4 160.2 159.7 158.5 160.1 162.3 160.8 159.7
