WholeMapElevations/data/sj/sj96_OST50GRID_20230518/SJ96.asc
ncols 200
nrows 200
xllcorner 390000
yllcorner 360000
cellsize 50
[rows 140 to 174 of 200, columns 78 to 155 of 200]
181.6 185.9 194.9 193.2 183.1 180.6 181.1 185.5 184.5 188 187.7 185 187.4 190 187.9 187.6 190.8 192.3 193.9 196.9 200.4 207.5 215.2 226.7 233.4 240.7 246.6 249.2 253.4 261.8 269.7 271.8 266.4 266.4 261.7 258.9 255.7 251.9 235 252.1 255.9 259.1 258 255.7 254.3 253 252.6 253.8 255 256.3 257.6 258.4 254.9 261.7 262.8 264.4 265.1 265.7 267.2 270.8 275.3 281 282.6 283 284.3 281.9 279 276.4 274.1 271.4 268.5 263.7 261 259.7 258.1 255.7 252.3 249
177 179.6 187.4 185 176.8 177.2 179.3 181.6 186.3 188.5 185.3 185.1 190.1 195.8 195.7 192.4 193.5 194.2 195.9 199.9 204.7 211.1 218.6 228.8 234.9 242.4 249.4 252.8 257 262 269.6 274.7 272.4 268.3 262 258.4 255.9 252.1 242.6 254.1 258.4 261 260 258.5 257.5 256.5 256 257.6 258.8 259.6 260.9 261.9 259.5 257.6 266 268.2 269.6 270.5 272.4 276.4 283 289.4 291.7 291.5 291.6 290.3 286.1 282 278.1 274.2 270.9 267.7 266.3 264.7 262.6 259.4 255.7 251.4
175 173.6 177.5 176.5 174.7 184.3 184.7 182.7 183.5 190.1 185.5 187.3 194.7 198.5 197.2 195.7 201.1 203.5 202.8 204.6 209.9 214.9 220.4 229.5 236.1 243.2 250.4 253.9 258.2 262.7 268.5 276.5 274.9 269.5 262.4 258.1 256 250.8 256.4 244.9 260.1 262.3 262 261.4 259.9 259 259.2 261.6 262.7 263.6 264.1 265.6 266.5 266.2 262.3 271.6 274 275.3 277.4 284.7 293.4 298.7 301.1 301.4 301.1 297.8 293.4 287.7 282.6 277.7 274.2 271.9 271.1 269.2 267.8 264.3 259.3 255
171.5 170.6 172.8 173.2 178.6 186.2 184.3 181.8 183 185.9 188.1 190.8 193.5 194.8 196.3 202.1 207.4 209.7 210.1 212 216.9 221.6 226.7 233.2 237.6 243.7 249.1 253.7 258.3 263.1 266.9 272.8 273.7 270.1 264.7 260.7 257.9 256.9 259.6 259.7 252.2 262.6 263.3 263.7 262.4 262.8 263.2 265.2 267.1 268.2 271.6 271.2 271.1 272.3 268.3 270.5 278 280.3 284.7 293.5 302.1 305.4 307.4 307.5 307.1 304.6 301.7 294.6 287 283.1 278.7 276.8 275.3 273.7 271 267.9 263 258.3
167.5 169.2 171.1 175 188 185.5 178.1 178.3 178.6 180.6 187.6 192.7 193 195.4 198.5 205.3 209.2 212.1 216.4 219.7 224.5 228.8 232.6 237 241.1 245.9 249.5 253.8 258.1 261.9 264.5 268.5 270.5 269.3 266.2 262.8 259.9 258.8 260.7 261.3 262.9 263.3 265.1 265.8 265.3 265.7 266.7 268.4 271.1 274.9 282.5 281.6 277.3 274.2 272.8 270.3 279.3 284.5 289.8 300.7 307.5 311.1 313.3 312.3 311.3 309.9 305.4 298.8 292.3 288 283.7 280.1 278.1 275.8 272.6 270 266.4 261.7
165.5 166.9 167.7 176.4 183.9 183.6 175.3 181.4 187.9 185 185.3 193.1 194 196.8 204.9 208.7 211.3 214.7 218.5 224 227.9 231.8 235.6 240.1 243.3 247.2 250.2 254.6 257.5 259.8 261.9 264 266.9 267.2 265.1 263.7 261.9 260.7 262.9 264.3 265.6 265.1 264 267.2 268 268.3 269.2 271.7 275.2 279.7 284.6 289.1 285.2 282.8 280.6 274.4 283.9 288.2 293.4 303.7 308.7 312.6 315.2 315 314 313 310.6 303.7 298.1 293.1 287.8 283.8 280.9 277.2 273.9 270.6 267.1 263
163.2 164.1 167 173 178.8 176.5 173 184.4 188.8 189.4 186 185.1 193.4 197.9 204.6 208.5 212.1 217.3 219.5 223.2 227 230.2 236.2 240.6 244.6 246.8 250.3 253.4 254.8 256.1 257.2 258.7 261.5 264.5 264.3 263.6 262.6 263.1 264.1 265.1 267.2 268.9 266.2 267.9 270.4 270.8 271.9 274.2 278.7 283.4 287.5 291.1 293.6 290.5 287.1 278.6 286.6 291.8 295.8 302.7 308.4 313.4 317.4 317.3 316.4 315.6 314.4 309.2 304.4 299.2 293.9 288 282.9 278.8 274.5 270.7 267.4 263.5
163.8 165.5 174.7 168.2 168.6 174.5 182.2 186.5 187.1 186.6 186.9 189.6 191.3 196.6 199.4 201.1 209.7 216.1 219.4 221.4 224.6 229.2 235.8 240.5 242.5 245.3 249.5 250.6 251 251.3 251.8 253.5 257.3 260.3 262.4 263.5 264.1 264.8 265.9 266.7 268 270.9 270.2 267.6 271.8 273.4 274.7 276.9 281.1 286.1 290.2 294.8 298.2 296 293.6 280.4 289.5 295 300.2 304.6 308.2 311.7 317.4 319 318.5 317.8 316.7 313.7 308.9 304.1 298.3 292.3 285.8 280.7 275.5 271.5 268.7 264.5
164.3 177.9 179.9 176.3 177.3 181 183.1 184.3 186 184.2 191.5 193.2 192.2 194.9 200.4 198.1 204.4 211.7 216.7 218.1 221.5 226 233.6 238.5 240.8 244.2 245.2 246.6 246.4 245.8 247.3 250.7 253.3 256.6 260.6 263.9 265.9 266.9 268 268.4 269.5 272.7 273.9 271.9 269.4 274.1 277.1 279.5 283.5 289.4 293.6 297.6 303.3 303.3 299.5 287.2 293.3 299.5 304.8 309.6 314.2 318.5 319.5 322.2 321.4 320.4 319.4 317.2 312 308 302.4 297.6 290.8 283.3 277.4 273.2 269.3 265.5
162.5 167.3 173.9 177.2 176.3 176.9 180.7 183.5 185.9 192.1 194.3 196.1 196.5 196.9 198.1 201.6 199.9 202.8 209.1 212.6 216 223.9 230.9 235.8 239.6 240 241 241.6 242.3 242.9 244.3 246.7 249.9 254.6 260.6 264.4 267.3 269.5 270.1 270.6 271.7 275.5 276.6 276.8 275.7 272.8 277.2 281.5 286.2 292 297.7 303 307 307.9 302.8 292.9 299.6 304.2 309.1 316.2 320.4 323.1 325.2 325.8 325.3 323.4 322.6 320.7 316.4 311.7 307.8 303 296.6 288.3 279.6 274.5 270.4 266.3
162.5 165.3 171.7 173.6 173 180.2 182.3 184.3 191.6 197.7 199 198.4 200.3 203.2 205.1 204.4 203 202.4 203.4 207.5 212.3 217.1 224.3 229.1 231.3 232.2 232.7 234.9 237.4 241.1 241.5 243.3 247.5 252.1 258.6 263.9 268 271.3 272.7 272.6 274.1 278.1 279.4 279.8 278.5 275.1 278 283.1 288.2 294.4 300.9 307.2 310.9 312.1 305.5 295.9 302.1 309.8 315.5 321.8 330.2 332.3 332.1 329.9 329 326.9 326.2 324.2 320.4 315.6 311.2 306.9 300.7 292.7 284.4 277 271.8 267.4
162.2 164.8 167.4 170.8 178.4 182.6 180.5 190.5 197.9 199.3 200.1 200.5 206.5 211.2 213.6 212.7 213.1 211.3 210.7 210.4 208.5 210.2 213.7 214.8 217.4 219 223.1 228 234.7 236.4 237.6 240.9 246.7 250.3 254.8 259.6 264.7 268.8 271.5 273.4 277.5 280.5 281.8 282.2 282.1 277.8 279.3 284.7 290.6 296.8 303.3 310.7 314.6 315.5 309.5 299.9 303.4 313.4 318.9 327.7 336.6 338.3 339.1 337.4 333.5 331.4 331.3 328.7 324.2 319.9 315.4 310.9 304.6 296.8 287.7 280.4 273.5 268.6
162.4 163.5 165.8 175.8 177.9 179.8 183.8 192.9 196.4 206.4 215.2 217.3 215.3 217.8 219 220.1 220.8 220.9 219.1 215.3 212.7 217.8 220.4 220 223.1 225.5 228.1 227 226 229.1 236.1 241.6 245.5 248.8 252.9 256.2 260.1 264.4 268.8 273.6 276.9 281.2 283.5 284.8 284.6 280.1 280.9 287 293.3 299.4 305.3 312.8 317.4 318.7 315.9 308 311.4 318.3 323.9 334.2 342.4 345.1 344.8 343.8 339 336.9 336.1 333.3 328.7 324.2 319.9 315.1 308.7 300.2 291 283 275.6 269.6
160.1 161.6 164.3 174.3 179.5 190.1 192.9 197.9 207.6 217.1 226.6 232.6 233.4 232.6 231.2 228.2 226.3 228.7 226.3 220.5 219.4 219.1 221.8 224.2 225.7 229.3 231.7 233.7 234.4 233.1 235.8 236.3 244.3 247.8 250.2 253.7 257.1 262.6 268.1 272.5 276.9 282.3 285.3 286.6 285.9 282.9 284.4 289.2 295.3 301.7 307.7 315.1 321.6 322.5 321.1 314.7 319.8 323.2 329.7 339.9 347.4 350.3 351 347.8 343.6 341.4 341.1 337.2 333.3 329.3 323.4 318.6 312.4 303.4 293.4 285.2 278.1 271.2
158.9 161.5 166.7 173.8 186.1 192.4 195.3 205.6 210.4 218.4 227.4 235 241.9 246.3 248.4 247.2 245.1 238.8 233.8 228 225 225.1 226.3 228.5 227.7 231.9 234.7 236 234.1 236.9 240 241.3 237.8 245.2 249 254 259.6 264.5 269.1 272.4 277.7 283.5 286.5 288.8 289.6 284.9 285 291.3 297.1 303.4 311.8 318.2 325.8 326.1 324.5 321.6 325.5 328.7 333.1 343.9 351.9 355.3 355 350.8 347.2 345.1 344.5 340.6 337.8 333.8 327.5 321.5 314.7 306.5 297 287 279.2 272.8
158 160.1 164.6 171.5 181.1 187.2 193.8 206 213.1 219.9 228.3 234.8 240.9 247.7 253.9 255.6 255.8 253.5 246.6 237.5 232.4 235.9 233.3 232.6 232.4 234.9 236.3 236.6 237.7 239.2 242.1 243.4 245 243 249.1 254.1 259.8 265.3 270.3 273.2 279.4 284.8 287.4 290.1 291.4 289.4 286.6 293.8 299 305 313.1 319.8 328.6 329.4 328.1 328.1 330.6 333.2 337.9 348.9 356.4 359.8 359.7 354.5 349.8 347.1 344.9 341.7 338.8 334.9 329.5 323.5 317 310 301.5 290.6 281.2 273.8
157.3 160.3 166 171.3 176.9 186.5 199.1 204.8 213 220.9 227.7 232 237.6 242.8 248.5 252.8 257 256.5 254.9 251.4 246.2 249.6 249.4 247.2 237.5 239.6 242.1 242.1 241.4 241.6 243.7 244.9 246.9 246.5 246.6 253.1 259 265.2 270.1 274.3 281.1 286.1 288.8 291.3 293.1 293.1 289 293.8 300.6 306.2 314.7 322.5 329 331.2 331.9 332.2 334.2 336.9 342.1 353.1 359.9 364.2 363.6 357.2 351.2 347.4 344.1 341 337.9 335 330.5 324.9 319 312.5 304.2 292.8 282.5 275.3
157.3 161.9 167.5 178.3 178.2 192.3 205 208.8 211.3 216.7 226.3 229.9 233.6 238.8 244.4 248.9 251.5 253.7 256.7 255.5 253.5 254.3 257.2 257.7 251.4 245.3 249.5 255.1 251 248.8 247.2 246.9 248.5 249.9 249.7 255.8 261.4 266.5 270.8 275.6 282.5 287.1 290.2 292.4 294.4 294.1 290.6 295.5 301.3 307.4 315.3 323.3 328.4 331.4 333.7 335.5 338.1 340.7 346.4 356.3 363.1 366.9 366.3 359.2 352.5 347.1 344 340.7 337.4 334.2 331 325.9 320.2 313.2 302.6 294.1 283.3 276.2
157.4 162.4 175.2 174.1 177.9 193.4 206.1 211.8 213.1 219.6 222.4 224.4 227.9 234.4 241.4 246.5 248.6 251.4 255.9 255.7 255.4 255.4 259.7 262.4 262 254.7 252.8 258.9 264.8 260.6 255 251.6 251 252.8 254.4 255.4 262.5 267 272.8 278.1 284.2 287.7 290.3 293 294.9 295.5 292.2 295.5 302 307.8 315.1 322.8 327.8 331.3 334.4 337.9 340.8 344 348.4 358.7 365.9 369.6 368 360.2 352.6 346.6 343.1 339.9 336.7 333.8 330.4 326.4 320.7 313.8 305.6 295.6 285.6 277.8
161 173.6 178.6 179.2 182.6 199.9 208 213.9 215.7 217.5 218.8 220.7 226.7 234.3 240.7 245.9 248.2 250.4 254.6 255.4 255.6 256.2 259.2 263.8 267.6 265.3 257.1 258.9 264.8 269.5 265 257.8 255.6 256.2 258.3 260.6 260.4 266.7 273.1 280 283.2 286.5 289.6 292.5 295 296.3 295.4 298.8 304.2 309.9 316.9 322.7 327.6 331.8 335.2 338.9 342.6 345.9 350.9 361.1 367.8 371.4 369.9 361.3 353.8 348.3 343 338.4 335.2 332.3 329.5 326.9 321.8 314.5 307 297.7 287.7 280.2
165.8 169.8 173.4 176.5 188.9 202.7 209.9 214.1 215.2 216.2 218.1 220.7 227.8 233.7 239.5 244.2 247.9 251.5 254 254.6 255.1 256.1 258.9 263.9 268.3 270.5 266.9 260.9 264.9 270.9 273.8 271.2 262.9 260.5 262.3 266 265.5 266 273.4 277.1 280.1 285.8 288.9 291.9 294.8 297 297.6 300.9 305.6 310.6 316.8 322.4 328.1 332.1 335.6 339.8 344.3 348.1 353.3 362.1 369.3 372.2 371.3 363.2 354.9 350.2 344.2 338.3 333.6 330.7 327.7 325.4 321.1 314.9 307.7 299.3 290.6 282.9
168.8 181.4 188.2 178.9 191.8 201.4 209.3 212.6 213.8 215 217 220.6 228.6 235.2 239.9 243.8 247.2 252.6 254.1 254.3 254.5 254.8 258.5 263.5 270.8 271.3 270.6 267.7 268.5 271.7 274.3 275.2 270.1 265.2 266.8 270.3 270.8 272.8 271.4 270.5 278.6 285.3 288.8 291.7 294.2 295.9 294.7 298.8 305.6 311 317.3 322.3 327.7 332.4 335.8 340.5 345.9 350.7 355.3 363.8 369.2 373 372.5 365.3 356.3 351.3 345.3 340.2 334.8 329.5 325.9 323.9 320.6 315.4 308.9 301.5 293.2 284.3
170.1 187.5 195.3 194.8 190.6 194.3 206 211.5 213.5 215 216.9 221.3 229.5 235.1 239 243 247.3 253.1 253.8 254 254.2 254.9 257.9 262.1 267.7 272.7 272.7 272.4 271.6 272.9 275 275.4 272.3 270 270.4 272.8 275.9 276.5 279.1 280.5 281.8 282.1 289.1 290.7 291.4 292 295.1 299 305.8 311.2 316.1 321.3 327.7 332.5 336.1 341.5 346.7 351.6 356.7 365.2 372 375.1 374.6 368.4 357.7 350.9 346.2 340.4 335.5 329.3 324.6 321.6 319.1 314.7 309.4 302.7 294.5 286.7
167.4 188.9 196.2 202.6 203.2 205.3 209.4 212.6 213.6 215.3 217.3 225.5 230.4 234 238.4 243.1 249.3 252.2 252.8 253.3 253.8 254.7 257.2 261.5 268.6 276.8 276 275.4 274.2 274.3 275.2 275.3 273.7 273.1 273.6 275.9 278.5 279.7 282.2 283.8 285.7 283.5 283 284.4 287.7 293.8 298.1 302.2 307.6 312 316.4 321.3 329 333.1 336.9 341.7 347.7 352.3 358.8 368 373.5 377.4 376.3 371.1 361.2 352.7 347.6 342 336.1 329.9 324.5 320.2 317.1 313.8 308.8 302.6 294.9 287.7
168.8 186.4 197.3 204.2 208.1 208.1 211.9 212.6 213.1 215.2 219.1 225.6 229.5 232.9 237.2 243 249.7 251.3 251.9 252.3 252.9 254.1 256.9 260.9 269.2 275.8 278.1 277.4 276.5 275.2 275.3 275.6 275.9 275.9 276.4 278.2 280 281.6 283.6 286.1 287.9 289.1 289.7 290.8 292.2 296.8 300.1 303.8 308.4 316.9 318.2 320.5 329.2 335.1 338.2 343.6 349.1 354 360.9 370.1 376 379.2 378.1 372.2 363.8 354.2 348.1 342.3 336.5 330.9 325.8 321.7 317.1 312.7 308.3 303 295.5 288.3
174.4 184.7 193.4 200.2 204.1 207.2 209.4 210.1 211.5 215.6 220.8 224.1 226.7 230.6 235.7 241.7 248.7 249.8 250.4 250.9 251.7 253.9 256.4 260.1 268.7 275 279.4 278.7 277.6 274.9 275.7 275.7 276.5 276.9 277.9 279.2 281.4 282.7 284.2 287.2 288.9 290.7 292.1 293.3 294.9 297.7 300.9 304.3 308.3 312.9 318 323.2 332.7 336.7 340 345.2 351 356.1 363 371.6 377 380 379.5 374 366.2 356.3 349.1 342.8 337.5 332.3 327.6 323.2 318.9 314.5 309.7 304 296.2 288.8
174.2 180.8 178.3 182 184.9 195.2 201.7 207.2 212 215.9 218.3 220.8 223.9 228.5 234 241.5 246 247.8 248.8 249.2 250.5 253.2 256.2 260.7 267.8 277.8 279.6 278.8 277.9 276.6 275.4 275.7 276.1 276.8 278.1 279.5 281.6 283.1 284.7 286.8 289.2 291 292.9 294.2 295.5 297.8 300.5 303.7 308.1 312.7 318 320.4 335 338.4 341.5 345.9 353.2 357.8 365.8 372.2 376.4 379 378.8 374.8 366.6 357.4 350.1 343.4 338.2 333.6 329.2 325.3 320.8 316.1 311.3 304.5 296.5 288.3
172.1 176.8 185 195.7 205.5 203.8 200.5 196.2 212 214.8 216.6 218.5 221.9 226.6 232.4 239.4 244.1 245.9 247 247.2 249.4 252.1 254.9 260.4 267.2 274.5 278.5 278.4 277.8 276.1 274.7 274.9 275.9 276.8 278.2 279.7 281.1 282.6 284.3 286.7 289.3 291.2 293.1 293.4 293.1 296.2 299.8 303.8 307.1 312.3 318.1 321.9 335.8 339 342.2 347 353.9 358.6 368.7 373.9 376.6 378.5 378.4 372.7 364.9 356.6 350.1 344 338.6 334.6 331 327.3 322.8 318 313.1 305.3 295.2 287.6
172.5 177.9 184.7 195.5 207.4 212.6 212 207.6 197.2 201.4 207.7 216.8 220.2 224.2 230.2 234.7 240.4 242.1 243.8 244.5 248.4 251.6 255.4 259.4 266 272.3 276.3 277.1 276.6 275.3 273.8 274.4 275.5 276.7 277.9 279.2 280.6 282.2 284 286 288.4 290.2 290.1 287.9 291.8 295.7 299.5 303.2 306.4 311.4 317.6 323.2 336.7 339.4 342.6 347.4 355.2 359.2 369.1 374.3 377.3 379.8 381.4 373.9 363.1 357.6 351.2 345.4 340 335.5 332.3 329.2 325.3 320 314.4 305.5 294.6 286.4
176.4 182.3 186.2 190 205.3 213.9 217.6 214.6 211.9 214.7 213.2 212.1 219.3 222.3 224.9 230 234.8 238 239.9 242.7 246.9 251.4 255 258.5 264 270.4 274.4 276.1 274.7 273.5 272.7 274 275.1 276.5 277.7 278.9 280.5 282.1 283.8 285.6 288.2 289.5 287.4 285 291.6 295 298.2 301.7 305.4 309.8 316.5 325.1 331.5 339.7 342.7 348.2 354.9 359.4 368.5 374.1 377.6 381.4 383.3 375.5 365.2 359.8 353.3 346.8 340.6 336.3 332.4 328.9 325.3 321 314.4 304.6 293.8 285.1
179.3 183.3 184.2 190 200.3 211.1 220 220.9 216.8 218 219.6 216.2 214.5 219.2 222.8 226.2 230.5 233.9 237.8 241.6 245.9 250.4 253.8 258 262.5 267.2 270.7 272.7 271.8 270.9 271.5 272.9 274.9 276.3 277.5 278.7 280.3 281.8 283.5 285.2 287.1 288.7 286.4 281.5 288.7 293.2 296.6 300.1 303.7 308.6 314.8 323.5 328.4 339.3 342.5 347.4 354.6 359 366.6 373.1 377.9 381.6 381.5 375.2 366.2 361.6 355.4 347.7 341.7 337.3 333 328.4 324.1 319.6 312.8 302.8 293.6 283.2
178.3 182.3 184.4 188.5 194.2 206.4 222.3 224.9 223 220.6 221.7 221.9 220.2 220.6 223.2 227.1 230.2 235.4 238.2 241.5 245.2 249.6 252.9 256.6 261 264.9 268.4 269.3 269 269.4 270.9 272.7 274.3 275.9 277.1 278.4 279.6 281.4 282.7 284.4 286.3 287.6 284.7 278.7 284.2 289.7 295.3 298.8 303.2 307.4 314.6 322.9 332.2 338 342.3 346.7 353.6 358.6 366.5 372.4 376.7 379.7 380.1 375.4 368.7 364.2 358.5 350.1 343.6 338.9 334.3 331.9 325.8 318.7 310 298.9 289.1 278.3
177.6 181 183.4 188.6 194.7 200.5 216.8 228.5 230.1 226.2 224.2 223.6 222.9 217.7 225 227.6 231.9 235.7 238.9 242.8 245 248.4 252.2 254.7 259.9 263.5 265.8 265.6 266.1 268.6 270.9 272.7 274.2 275.1 276.2 277.3 279.2 280.9 282.2 283.6 285.2 285.8 280.8 272.5 279.4 288.3 293.7 297.7 302.2 307.6 314 323.4 333.4 337.6 341.8 346 353.3 358.3 364.4 370.1 373.4 376.9 378.5 374 369.1 365.8 359.9 351.2 345.2 340.4 335.4 331.5 324.5 315.5 305.6 296.5 287.7 273.9
175.9 178.2 181 187 192.5 198.5 212.3 223.9 233.6 232.4 228.7 226.4 225.4 222.4 220.6 225.6 228.3 233.6 237.6 241.1 244.2 247.2 250 253.7 257.3 260.5 262.1 261.6 265.9 268.8 272.6 274.1 274.9 275.1 275.4 277.2 279 280.3 281.7 282.9 283.1 282 273.1 273.9 281.5 287.6 292.7 296.6 301.1 306.2 312.4 322.3 331.9 336.8 341.5 346.1 353.6 358.9 363.4 367.6 371.2 374 376.5 371.9 366.3 362.5 359.2 352.8 346.3 341.3 336.1 330.1 322.9 313.1 303.9 295.4 286.7 272.1
173.5 173.1 178.6 185.2 190.5 197.2 208.8 224 231.1 236.5 233.4 231.5 229.1 226 223.5 224.4 227 228.9 233.2 238.8 241.4 244.1 247.2 250.8 253.9 256.7 258.3 261.2 265.8 270.6 276.1 277.2 275.7 275.3 275.6 277 278.5 279.9 280.3 279.5 279.6 274.2 267.8 278.7 284.2 287.8 291.3 293.4 298.7 303.6 312.2 320.8 330.8 336.3 341.2 345.7 353.9 358.5 363.4 367.1 370.1 372.6 372.5 368.1 363.9 361.7 361.6 358.1 348 342.1 337 331 322.2 311.4 302.8 293.9 286 272.5
