UK/data/nm/nm67_OST50GRID_20230518/NM67.asc
ncols 200
nrows 200
xllcorner 160000
yllcorner 770000
cellsize 50
[rows 74 to 110 of 200, columns 82 to 163 of 200]
-1.7 -1.7 -1.7 -1.7 -1.7 4.5 22.8 56.1 88.7 139.2 144.3 128.8 109.1 104.2 109.6 140.4 158.5 147.4 147.2 149.3 139.3 114.4 135.3 127.2 109.1 121.4 122.7 124.5 117.9 113.5 113.1 121.8 120.7 130.2 139.2 169.3 218.1 221.2 223.6 222.5 206.6 192.1 183.1 174.7 168.9 168.1 154.6 151.2 151.3 144 129.4 119.1 101.3 99.6 89.3 74 68.5 54.7 44.1 38.8 39.9 62 86.1 97 97.3 105.2 108.7 105.7 121.2 121.5 139 158.3 158.9 168.6 187.2 206.7 223.9 242.1 261.6 276.1 267.1 269.2
-1.7 -1.7 0.9 2.4 1.8 6.8 25.1 62.3 95.2 137.3 151.8 142.9 117.6 106.6 112.4 137.9 161 142.2 155.4 155 143.9 126.5 144.4 129.7 117.9 114.2 121.7 127.2 118.5 116.4 113.6 121.9 122.4 123.5 134.7 161.1 208.6 220 223.6 215.9 201.6 191.6 181.2 170.7 165.3 160.6 151.6 146.8 145 136.5 124.1 114.6 98.1 92.9 85.9 71.1 59.9 50.5 42.9 39.6 40.5 60.9 91.8 96.9 106.2 103 100.9 102.2 112.4 125.3 139.4 156.3 163.7 165.4 187.4 198.7 210 230.1 252 268 275.3 279
-1.7 0.5 2.5 5.6 4.3 17 26.7 66.1 105.5 144 156.6 150.6 129.3 109.9 123.7 156.3 164.1 143.9 163.1 158.5 139.6 138 144.4 136.2 127.2 114.4 121.7 124.1 120.1 120.9 116.9 122.9 125.7 118.3 131.6 147.5 175.2 194.8 202.6 202.6 197.2 191.9 178 169.4 166 157.5 150.7 143.7 141.4 135 126.8 114.1 102.6 91.7 81.9 67.7 56.8 45.9 42.5 40.7 43.8 64.9 91.8 103.9 106 115.8 101.6 101.1 111.3 119.3 134.3 151.8 166.2 167.6 182 196.7 207.9 230.6 251.7 268.4 277.1 282.4
-1.7 -1.7 2.6 3.9 8.2 25 52.3 78.7 113.2 144.1 161.9 156 135.1 116.4 137.6 156.1 168.2 156.6 162.5 164.4 141.2 145.1 149 141 132 119.5 121.3 124.8 117.4 123.4 120.3 118.3 121.4 113.6 122.9 133.5 152.7 169.7 185.7 192.9 192.4 187.6 180.2 172.2 169 164.6 152.2 142.6 142.2 141.6 131 123 112.5 98.6 81.4 64.5 52.6 46.7 45.3 41.9 60.8 83.5 96.6 106.2 110.1 112.9 108.8 100.7 103.8 115.1 130 146.5 165 171.1 179 188.8 204.6 217.6 245 268 282.2 285.5
-1.7 -1.7 0.6 7.7 18.2 38.7 82.9 101.8 122.1 135.4 164.7 163.2 138.3 121.4 150 149.8 168.9 172.6 173.8 164 146.2 141.7 144.5 138.7 129.8 117.6 119.4 120.7 113.6 117.7 118.8 113.6 113.6 113.6 113.6 127.8 147.6 158.2 178.5 192.2 195.1 188.2 182.1 173.1 170.3 170.1 160.2 145.1 140.3 134.3 128.2 125.5 110.6 96.6 79.1 64.7 53.3 50.6 51.3 43.6 74.9 96.8 100 109.3 120.9 120.8 110.1 102.6 102.6 103.7 122.9 142.4 160.2 173.3 176.9 186.9 202.2 214.7 238.4 259.7 282.4 281.4
-1.7 -1.7 -1.7 5.8 28.8 46.3 93.8 111.7 134.7 143.8 162.1 158.5 139.6 126.2 152.3 148.8 160.8 172.4 176.3 159.2 137.9 133.1 143.3 131.6 122.9 116.2 116.6 113.6 113.6 113.6 113.6 113.6 113.6 113.6 113.6 129.8 138.2 155.9 176.3 193 198.4 190.9 184.7 173.1 170.2 165.7 160.5 144.8 140.3 138 132.2 124.9 108.3 94.9 77.6 68.1 61.7 55.8 57.6 49.9 84.7 99.1 100.4 109.4 124 122.9 112.3 106.7 101.8 106 111 134.2 159.9 172.9 177.9 194.8 203.4 219.5 229.5 249.6 274 276.8
-1.7 -1.7 -1.7 4.1 28.7 46.9 106.6 123.7 138.7 148 162.4 151.6 138.8 136.4 155 151 154.1 164.6 163.5 143.3 132.7 132.7 134.9 135.4 126.6 121.9 115.7 113.6 113.6 113.6 113.6 113.6 113.6 113.6 117.8 127.4 140.6 153.4 166.8 192.9 199.4 193.6 185.3 176.7 163.9 157.8 153.8 145.1 149.2 145.9 138 125.6 112.3 95.6 81.1 73.5 68.5 60.3 58.9 59.3 84.1 104 103.3 113.3 122.9 117.9 124.9 108.5 102.8 111.1 108.3 121.9 145 171.4 175 193.3 202.3 218.4 236.9 246.3 259.2 266.4
-1.7 -1.7 -1.7 5 21.6 49.4 105.7 128.8 135 143.2 145.5 144 134.7 147.8 153.8 149 153.4 172.4 166.4 145.3 135.6 132.7 134.9 137.4 136.5 129.7 121.2 113.6 113.6 113.6 113.6 113.6 113.6 113.6 117.9 122.7 129.6 139.6 163.5 192.2 198.9 192.1 183.5 176.7 158.9 157.6 149 152 154.8 153.7 142.8 131.7 117.2 100.8 99.8 86.7 71.2 62.3 61.6 66.4 84.6 92.9 101.2 113.1 115.4 115.9 128.2 114.6 106.2 109.2 111.1 121.8 128.6 149.4 168.5 182.5 201.8 215.2 231.2 248.8 257.6 261.6
-1.7 -1.7 1 6.5 18.8 58.2 92.4 114.7 123.6 135 145.7 143.2 133.1 160.3 157.9 150 169.6 175.7 172.5 149.4 137.1 132.7 136.9 137.4 137.3 138.4 125.3 113.6 113.6 113.6 113.6 113.6 113.6 113.6 117 120.4 125.5 133 159.4 179.8 188 184.9 178.1 178.6 169.9 157.7 154.7 157.9 162.7 158.1 146.9 135.5 128.1 114.4 110.4 95 74.8 65.1 61.4 73.4 92.9 104.2 108.3 97.6 109.4 112.6 123.3 113.9 107.5 110.6 110.6 124.2 126.3 142.2 159.5 180 190.5 206 224.9 244.6 252.6 259.1
-1.7 -1.7 11.2 19.7 25.6 57.8 93 110.2 119.1 137.2 141.9 133.6 130.4 167.6 160.7 158.2 174.6 179.5 169.8 146.4 139.5 132.7 147.3 140.2 135.8 130.6 124.9 113.6 113.6 113.6 113.6 113.6 113.6 113.6 113.6 118.4 122.9 131.8 154.8 176.8 193.6 196.7 179.6 182.1 174 161.1 160.9 165.8 171.8 170.6 150.2 143.3 133.8 118.4 113.3 103.5 79.5 71.2 70.6 78.9 97.8 109.9 121.9 110.4 98.5 110.3 116.8 115.9 110.3 112 110.8 129.5 130.2 139.5 155.7 175.4 193 199.5 214.2 238.7 256.7 268.9
-1.7 -1.7 8.8 26.1 49.9 62.3 102.4 118 121.7 130.2 143 131.1 127.6 158.8 171.9 172.1 179.2 179.3 169.4 147.2 145.5 140.9 149.5 142.2 130.4 125.5 117.6 113.6 113.6 113.6 118.6 113.6 113.6 113.6 117.7 121.5 124.5 133.5 165.5 198 210 198.9 198.2 188.3 178.2 178.5 171.1 172 181.4 173 151.7 147.4 135.8 119.3 116.7 101.1 84.6 78.5 75.7 83.1 98.9 105.9 126.4 132.4 100.3 103.4 115.2 115.2 114.3 112 113.5 126.1 137 137 155.1 173.9 188.5 202.8 216.4 227.3 246.2 263.9
-1.7 0.5 14.4 44.7 60.7 86.7 104.4 122 125.6 127 134.3 127 124.1 146.7 177.7 175.8 184.2 174.4 166.4 148.5 148.7 147.7 154 143.9 125.5 116.8 113.6 113.6 113.6 113.6 117 113.6 113.6 113.6 129.5 130.4 128.9 137.3 168.7 211.6 216.5 203.8 203.4 185 182.1 183.6 178.1 179.8 182.7 173.6 160.8 152.5 141.6 122.7 120.8 105.1 88.4 81.8 82.5 82 99.8 106.4 132 136 123.5 101.4 109.2 114.1 117.2 114.4 119.1 129.9 140.1 141 159.3 164.8 184.1 199.4 218.5 221 241.1 253
4.2 12.5 40.9 41 69 105.2 120.5 126.5 140.2 133.8 134 123.5 120.3 126.3 164.4 176.5 182.4 178.1 164.9 149.6 153.1 147.5 160 149.6 138.4 130 113.6 113.6 113.6 113.6 115.8 113.6 113.6 120.4 136.5 141.9 133 140.6 169 210.2 221.8 209 205.6 189.2 186.4 186.3 186.9 183.9 179.8 169.7 164 162.7 150.3 126.3 127.5 108 91.1 83.5 83.4 86.6 103.3 104.7 126.1 135.3 132.3 114.9 101.8 110.7 117.2 114.8 114.8 132.3 141.1 150.5 160.7 163 177.8 192.7 209 220.1 242.3 258.5
7.9 22.1 39.6 48.1 71.7 114.1 122.4 138.1 144.1 140.1 131.5 125.7 120.8 121.5 141.6 174 175.1 172.7 163.4 150.1 150.6 143.4 155.7 152.6 141.5 137.5 118.5 115.8 113.6 113.6 113.6 113.6 118 129.1 146.7 145.7 134.4 141.7 173.6 210.9 229.9 212.9 205.8 192 191.6 190.1 196.1 184.8 174.3 169.3 166.9 166.1 150.6 132.1 132.8 111.1 96.4 85.5 78.3 82.1 103.7 106.6 116.7 135 135 122.8 112.4 107.5 117 115 122 133.4 138.7 160.2 173.4 165.6 173.4 189.4 202.2 217.1 238.5 257.6
7.6 25.6 35.9 54.4 92.4 104.7 116.2 132.2 149.8 137.4 123.5 127.7 122.3 119 127.6 159.9 163.4 160.4 157.4 145.9 146.3 138.4 144.3 153.2 140 134.8 122.1 121.4 120.6 120 113.6 113.6 117.7 131.7 141.8 146.1 139.6 143.3 174.1 217.5 230.7 222 211.3 196.4 201.5 195.8 195.2 187.6 178.1 173.3 167.4 165.7 149.6 140.3 137.6 118.3 100.1 84.8 79 89.6 106.6 113.1 129.5 144.3 135.5 122.8 118.2 104.7 112.6 115.4 123.3 129 139.4 164.9 178.8 173 178.2 187.1 202.1 215.1 234.1 253
3.9 13 33 43.4 80.6 89.5 94.2 111.3 117.6 124 112.7 129.3 126.5 118.5 129.3 151.2 158.2 156.8 148.2 136 131.8 132.2 133.7 144.1 135.2 124.4 120.6 118.8 119.6 126.4 121.7 127.9 119.5 118.8 123.9 130.9 143.1 153.3 171.4 215.7 237 224.4 212.6 200.1 201.9 198.1 195.2 191.7 178.4 176.6 175 164.4 158 143.7 134.4 120.1 100.4 82.1 79.7 93.6 108.8 122.2 131.2 150.4 143.5 130.7 125.3 125.7 106.9 111.4 118.8 126.2 140.9 156.8 178.3 177.3 181.9 188.3 201.8 211 225.5 243.3
1.4 2.2 22.2 25.7 42.7 52.6 68.1 81.5 96.4 93.3 98.8 128.4 135 118.2 123.3 152.5 157.8 156.6 152 134.6 130.7 128.7 129.4 131.1 126.2 121.6 117.6 117.9 118 123.5 130.2 126.6 120.7 117.6 127.2 142.4 151.2 154.3 165.1 196 222.4 224.8 219.4 203.5 207.3 201.7 198.1 196.2 180.1 180.6 181.8 170.6 166.2 150.9 136.6 121 99 87.3 83.4 96.4 113.9 133.1 135.9 149.1 144.5 138.4 131.8 138.9 123.4 115.6 121.6 122.5 127.4 144.2 164 176.5 180 187.4 197 201.6 213.6 234.1
0.3 1.2 1.8 2.4 15.4 27.2 29 49.2 88.7 88.7 89.9 112.2 127.7 119.2 124.1 145 154.4 155.4 150.1 139.9 132 127.4 127.4 137.4 129.5 121.6 117.8 117.7 118.2 122.8 128.8 130.6 118 117.7 133.7 142.4 151.8 152.6 154.6 170.1 198.3 215.6 213.5 204.2 202.6 199.6 197.7 195.8 181.7 178.4 179.6 171.1 162.4 148.5 139.4 122.4 104.8 99.5 95.4 104.7 117.1 134.8 141.7 141.3 140.6 142.1 134.7 144 133.9 119.8 122.7 125.1 132.2 139.7 150.6 158.5 169 179.7 191.5 194.7 203 224.1
-1.7 -0.2 0.5 1.1 2.4 2.4 13.1 33.6 57.6 70.6 65 93.4 113.3 115.1 120.8 130.6 156.3 144.8 148.5 143 135.3 134 121.6 127 122.2 126.8 115.6 117 123.4 131.8 134.3 133.7 120.6 132.1 143.3 143.9 144.6 142.8 156 160.4 178.6 204.8 209.3 205.4 204.2 205.1 204.7 199.9 186.6 191.2 178.2 161.5 154.7 148.7 136.8 133.8 119.1 113.2 109.8 116.3 128.5 134.8 142.2 141.5 139.3 139.5 132.9 146.8 141.4 128 136.3 129.9 136.1 142 151.3 155.3 161 172.4 177.2 183.1 195.6 215.3
-1.7 -1.7 -0.8 0.2 2.1 2.4 2.4 7.6 21.1 28.6 34.1 69.1 89.5 103.9 103.1 104.8 128.1 139.6 147 144.7 139.1 133.3 119.7 119.4 116.4 126.4 120.9 113.3 122.8 139 138.1 132.4 129.6 146.1 151.5 133.9 132.2 143.3 149.6 153.2 162.9 201.3 215.1 218.7 211.2 210 212.9 206.9 201.3 198.8 181.8 165.4 166.8 154.5 144.8 139.1 125.4 121.9 128 132.4 144.2 145.1 148 142.1 138.9 134.5 128.5 137.9 145.8 137.3 145 144.7 145.9 154.3 148.8 156 165.8 176.7 193.8 182.7 188.3 200.5
-1.7 -1.7 -1.7 -1.7 1.7 4.1 2.4 0.7 2 7.2 17.7 47.8 62 73.8 58.7 60.8 89 114.6 143.9 145.5 142.3 134.3 114.6 116.5 104.1 123.7 125.7 110.8 116.3 129.2 133.2 128.3 131 147.4 145.2 129 131.8 135.9 142.2 144.5 155.2 195 227.9 223.5 218.8 218.5 220.4 208.3 198.7 195.2 175.8 174.2 171.5 157 147.9 143.4 135.3 124.3 137.5 148 158.2 153.2 159 144.7 137.7 131.5 125.9 135.5 141.5 140.6 145.3 149.4 155.7 165.7 159.7 159.6 172.8 174.6 192.4 192.8 198.1 209.9
-1.7 -1.7 -1.7 -1.7 4 2.4 -1.7 -1.7 -1.7 -1.7 -1.7 -1.7 29.2 46.5 38 35.5 56.3 86.9 131 141.5 139.9 132 114 109.8 104.4 110.1 116.5 108.7 107.8 119.8 125.4 121.7 119.1 132.7 138.8 128.4 129.7 142 140.1 144.6 155.4 186.7 207.2 214.1 214.8 216 215.2 210.9 198.9 181.9 177.4 175.4 177.2 162.1 151.9 154.9 150.9 131.7 145.7 157.7 167.4 161.4 163.9 149.5 138.5 131.7 124.5 130.2 141 139.9 140.4 143.1 152 162.1 161.2 161.4 174.7 180.9 190.8 196 201 209
-1.7 -1.7 -1.7 -1.7 2 2.2 -1.7 -1.7 -1.7 -1.7 -1.7 -1.7 -1.7 -1.7 -1.7 12 28.7 51.2 87.4 115.2 127.3 121.9 116.5 99.3 98.4 97.7 108.5 98.3 104.4 114.5 117.6 110.7 108.9 122.3 128.8 126.4 130.6 145.4 140.3 142.9 153.5 182.1 205.4 209.5 209 209.8 207 202.6 197.1 183.5 182.5 182.4 174.4 164.4 155 158.5 155.1 138.7 160.9 169.4 177.2 169.3 168.4 156.8 141.1 133.5 123.7 131.3 139.9 139.2 139.7 140.4 150.9 161.7 160.7 160.1 170.9 176.2 192.6 194.2 193 197.5
-1.7 -1.7 -1.7 -1.7 -1.4 -0.4 -1.7 -1.7 -1.7 -1.7 -1.7 -1.7 -1.7 -1.7 -1.7 -1.7 -1.7 -1.7 49.7 86.7 108 109.5 105.4 89.4 84.6 85.6 94 93.4 100.1 105.5 104.8 105.3 104 116.2 124 123.8 131.8 138.8 139.8 141.9 145.1 175.9 202.1 211.1 208.4 210.9 194.9 192.8 189 177.4 175.4 176.2 170.3 172.3 157.8 158.6 150.7 139.6 170.1 175.5 181.9 173.5 166.4 158.8 141.4 127 122.1 123.1 133.7 136.7 139.9 143.5 161.3 163.4 158.8 155.7 170.4 176.7 189.5 192.5 189 195.8
-1.7 -1.7 -1.7 -1.7 -1.7 -1.7 -1.7 -1.7 -1.7 -1.7 7.7 14.9 -1.7 -1.7 -1.7 -1.7 -1.7 -1.7 19.8 53.7 76.2 91.4 94.5 77.6 73.6 72.8 73.2 83 92.1 98 95.1 97.9 97.8 105.5 118.7 120.5 129.7 129 128.5 136.7 140.8 166.4 197.4 198.8 203.3 200.6 187.8 186.9 181.5 172.6 168.6 167.4 167.4 172 158.3 153.7 137.9 137.4 167.1 180.3 184.7 175.7 164.9 160.2 142.5 124.1 114.9 114.2 125.1 136.4 147.7 153 162.1 165.8 155.4 153 166.8 169.3 184.7 184 182.7 186.1
3.8 -1.7 -1.7 -1.7 -1.7 -1.7 -1.7 -1.7 -1.7 11.6 20.7 17.7 5 -1.7 -1.7 -1.7 -1.7 -1.7 -1.7 20.8 38.8 59.8 72.7 61 58 63.5 62 65.4 78.9 90.5 89.3 90.3 90.7 94.2 106.3 113.3 123 122.7 120.5 125.4 136.7 143.1 185.9 184.7 193.4 195.2 181.9 172.8 167.1 164.8 161.3 160 168 163.8 157 148.5 132.1 135.9 166 178.3 176.6 170.6 161.1 156.8 144.9 126.8 118.4 114.2 117.8 131.3 146.5 155.9 156.6 160.3 154.2 146.6 148.9 157.9 171.1 179.9 180.1 181.9
19.2 6.3 -1.7 -1.7 -1.7 -1.7 -1.7 1.9 10.4 37 36.9 18.8 -1.7 -1.7 -1.7 -1.7 -1.7 -1.7 -1.7 -1.7 -1.7 19.6 32.2 41.5 27.7 34.3 42.7 48.9 64.7 79.2 79.3 82 81.1 79.9 88.9 91.2 102.9 111.7 104.1 112.5 123.4 127.9 155.6 169.7 175.8 184.7 176.2 158.5 163.8 158.8 157.8 150 157.3 154.3 148.7 139.8 131.1 124.5 153.7 172.7 177 173.3 160.4 159 147.3 132 115.5 114.2 123.9 125.2 143.2 153.5 161.9 163.9 152.1 142.9 145.4 142.3 157.5 175.2 173.8 179.7
37.7 34.4 12.6 -1.7 -1.7 -1.7 -1.7 6.9 16.1 24.4 32.9 18.9 11.9 -1.7 -1.7 -1.7 -1.7 -1.7 -1.7 -1.7 -1.7 -1.7 -1.7 -1.7 -1.7 5.7 15.4 31 50.2 62.2 70.1 69.6 70.5 64.9 68.7 68.9 72.9 90.7 84.1 94.8 108.5 117.8 120.6 135.6 151 161.6 165 146 160.7 150.5 157.7 144.3 143.3 138.1 131.4 131.1 124.1 114.4 135.5 159.5 172.2 172.5 160.3 159.7 146.2 132.6 119.4 114.2 122.3 122.1 135.3 152.1 153.7 146.1 141.6 134.2 129.1 133 140.6 153.6 161 166.5
56.6 44.2 14 -1.7 -1.7 13.4 21.8 28.8 19.8 21.7 25.7 22.1 20.7 9.9 2.9 -1.7 -1.7 -1.7 -1.7 -1.7 -1.7 -1.7 -1.7 -1.7 -1.7 -1.7 -1.7 2.7 22.5 34.2 42.1 47 52.8 51.5 49.5 48.4 47.6 47.1 49.5 62.4 73 79.1 76.6 87.7 100.2 118.1 137.7 137.6 157.5 144.6 151 134.9 125.3 120.1 112 110.3 113.5 103.8 109 139.3 161.3 163.2 153.6 153.9 147.9 127.3 114.2 114.2 114.2 118.7 120.6 134.3 135.2 136.3 135 129.3 129.7 128.2 129.8 140.8 145.9 155.9
54.5 29.9 15.4 3.3 4.9 32.2 42.2 57.1 42.3 25.8 30.1 21.2 30.2 27 13.4 27 -1.7 -1.7 -1.7 -1.7 -1.7 -1.7 -1.7 -1.7 -1.7 -1.7 -1.7 -1.7 7.4 22.1 32.5 36.7 31.5 38.1 37.5 34.8 33.2 27.5 28.5 37.1 39.9 44.5 47.4 46.9 52.7 71.1 91.3 112.7 127.9 128.4 127 117.3 105.9 95.4 85.2 83.8 87.7 91.9 87.6 112.3 144.4 148.5 143.8 138.6 133.7 117.8 114.2 114.3 126.2 122.5 126.7 129.6 123.4 121 112.6 109.6 109.7 112.2 115.3 124.2 125.5 128
60.3 32.3 22.5 26.9 31.2 56.5 74.8 76.2 63.8 43.8 32.1 24.8 24.5 40.9 22.6 36.2 32.4 -1.7 -1.7 -1.7 -1.7 -1.7 -1.7 -1.7 -1.7 -1.7 -1.7 -1.7 -1.7 10.6 21.8 36.7 28.1 28.3 27.5 23.2 23.1 16.3 17.4 15.5 15.3 20.9 23 21 30 48 77.7 109.1 113.4 114.5 115.4 107.9 102.8 92.9 77.3 70.1 71.7 82.2 80.5 107.7 150.4 161.2 163 139.7 138.4 121.4 123.1 122.6 139.4 150.4 141.4 134.7 127.4 123.2 112.6 103.3 103.6 105.1 106.8 110.2 112.5 123.2
67.1 51.8 44.5 73.4 69.3 71.7 99 98.7 67.6 63.7 45.4 50.8 49.4 45.8 30.7 32.4 31.8 10.5 -1.7 -1.7 -1.7 -1.7 -1.7 -1.7 -1.7 -1.7 -1.7 -1.7 -1.7 -1.7 -1.7 19.2 18.4 17.6 18.3 16.8 8.4 5.7 7 9 9.8 13.1 16.3 11.2 15.8 38.5 64.1 91.4 98 103.4 103.9 97.8 93.3 84.4 70.4 64.8 66.3 76.6 78.7 98.9 134.4 157.7 166.2 142.3 140.1 120.8 116.3 111.8 123 131.8 138.1 128.3 122.2 118.3 108.6 105.2 113.8 122.3 118.4 121.6 120.4 122
80.8 63.1 67.7 94.1 82.4 75.9 91.5 103.8 88.6 91.1 76.9 79.9 72 57.4 46.8 59.2 60.9 33.8 -1.7 -1.7 -1.7 -1.7 -1.7 -1.7 -1.7 -1.7 -1.7 -1.7 -1.7 -1.7 -1.7 -1.7 -1.7 5.1 13.5 8.8 4.4 1.6 4.8 3.7 6.6 9.6 9.8 6.5 10.3 25.5 51 63.8 75.9 85.1 92.2 87.3 79.3 77.4 71.7 59.2 64.6 73.2 73 92.9 112.6 155.6 157.7 139.7 138.7 120.7 106.9 107.9 118.5 123.6 128.1 129.5 124.2 123.6 98.9 107.7 110.7 129.8 137.3 139.6 139.8 135.6
87.3 75.2 89.3 97.8 99 90.4 112 119.7 126.8 119.1 103.1 98.7 89 77.8 75.2 103.1 99 51 15.7 -1.7 -1.7 -1.7 -1.7 -1.7 -1.7 -1.7 -1.7 -1.7 -1.7 -1.7 -1.7 -1.7 -1.7 -1.7 -1.7 -1.7 -1.7 -1.7 -1.7 2.4 3.1 7 4.3 4.3 11.6 34.2 64.1 83 91.4 89.7 81.7 77.4 70.5 67.1 65.9 60.1 63.1 69 66.8 70.6 89.2 128.7 150.2 136 133.7 117.4 107 101.3 119 122.2 127.1 128.7 125.6 111.1 93.8 102.3 108.7 125.2 143.1 148.2 148.6 153.6
87.5 90.9 87.4 90.3 97.5 96.9 119.7 133.3 133.8 137.7 142.6 132.1 98.5 98.6 106.1 122 136.1 85.5 39.3 26.4 -1.7 -1.7 -1.7 -1.7 -1.7 -1.7 -1.7 -1.7 -1.7 -1.7 -1.7 -1.7 -1.7 -1.7 -1.7 -1.7 -1.7 -1.7 -1.7 -1.7 11.1 7.5 5.2 2.9 12.1 41.4 59.9 78.5 83.2 82.2 79.5 66 61.2 59.5 65 53.7 55.8 55.3 60.1 61.5 72.9 92.2 132.8 122 128.6 113.4 94.3 88.8 104.2 113 112.8 127.4 122.6 100.8 89.5 98.4 108.9 124.7 142.7 151.7 155.3 159.9
102.6 102.9 98.8 105.1 102.1 106.2 126.9 142.4 149.6 156.1 149.5 143.7 129 125.9 137.9 145.5 139.8 125.1 79.7 68.1 57.9 43.2 17.1 -1.7 10.8 15.7 -1.7 -1.7 -1.7 -1.7 -1.7 -1.7 -1.7 -1.7 -1.7 -1.7 -1.7 -1.7 -1.7 -1.7 9 6.8 2.4 2.3 11.4 44 60.2 68.3 66 61 62.6 57.9 53.6 53.1 55.6 46 51.6 44.6 46.7 57.1 58.5 76 91.5 103.5 105.9 106.3 86 73.6 92.2 105 109.3 114.6 125.1 94.6 88.1 93 107.8 125.9 143.8 148.2 153.7 161
118.8 118.4 101.8 104.2 105.8 109.4 120.5 146.2 169.2 183.4 177.6 168.1 152 158.5 156.9 167 156.5 156 137.8 107.7 93.8 76.5 66.2 47.1 39.8 34.2 32.3 19.5 -1.7 -1.7 -1.7 -1.7 -1.7 -1.7 -1.7 -1.7 -1.7 -1.7 -1.7 -1.7 -1.7 -1.7 2.2 2.4 11 41.5 55.3 58.9 58.8 48.5 51.2 45.9 40.6 42.3 39.8 37.9 39.4 39.6 38.7 42.4 43.3 48.5 65.8 81.3 89.7 94.7 81.8 68.9 67.8 79.3 93.7 97.6 110.8 90.3 75.3 85.4 101.4 120.7 140 144.9 150 158.2
