UK/data/sk/sk26_OST50GRID_20230518/SK26.asc
ncols 200
nrows 200
xllcorner 420000
yllcorner 360000
cellsize 50
[rows 35 to 69 of 200, columns 0 to 77 of 200]
220.7 215.4 211 207.7 204.1 200.6 197.5 194.5 192.6 190.7 189 182.9 184 185.8 189.9 192.4 193.6 196.1 196.7 193.7 190.9 186.6 181.1 176.5 170.1 174.7 175.9 173.2 170.3 161.1 154.1 150.7 138.6 128.4 122.7 120.3 119.9 119.7 119.5 119.5 119.7 119.2 119.6 118.9 117.9 117.9 119.2 118.6 118.4 118.3 118.3 118.2 118.6 118.8 118.3 118.6 120.5 125.5 131.5 142.4 149.8 154.4 160.7 162.9 168.8 179.2 192.4 204.4 221.9 239.1 252.9 264.6 275.4 285 287.7 287.8 286.3 284.5
227.7 220.4 214.7 211.1 207 203.4 199.9 197.1 193.8 191.5 188.4 186 190 191.2 188.6 190.9 191.9 193.2 194 194.1 188.3 188.3 177.8 177.3 179.2 178.7 177.6 176.7 172.5 169.2 162.2 155.5 142 134.6 122.9 120.3 120.8 120.1 119.5 119.1 119.2 118.8 119.1 119 119 118.1 118 118.6 118.4 118.2 118 117.8 118.8 118.8 118 118 118.6 121.4 126.9 138.5 137.5 145.7 152.4 157.6 163 174.2 180.3 192.3 201.2 214.1 224.6 236.1 249.5 265.4 283 289.4 289.5 288.3
235.4 226.2 218.7 213.7 209.9 205.8 203.4 199.3 195.7 192.1 188.6 189.5 191.4 190.2 188.4 189.3 191.1 191.8 192 191.3 189.4 185.6 184 183.5 183.1 181.5 179.5 177.5 175.8 171.9 167.5 159.5 150.5 144.9 127.2 124.2 121.4 119.7 119.9 119.8 119.2 119.1 118.7 118.1 118 119.2 119.1 118.7 118.4 118 117.8 117.5 117.3 118 118 117.6 118.2 118.6 122.4 127.5 131.4 141.8 148.1 152.4 155.6 167.2 173.9 179.5 188.5 195.7 202.6 214.2 225.5 242.3 260.6 276.5 288.6 290
244 234.7 222.7 216.9 212.4 207.9 205 200.9 196.1 193 193 193.1 193.2 191.9 189.9 190 191.1 191.8 191.7 190.9 189.2 187.5 186.1 185.9 185.2 183.3 181.3 179.6 177.3 173.6 169.7 164.7 160.1 150.2 140.7 127.6 126.2 125.1 121.9 119.3 119.2 118.8 118.7 118.4 118.8 118 117.2 117.2 118 117.8 117.7 117.3 117.2 117.3 117.2 117.2 117.5 118.3 120.6 125.4 134.3 135.6 143.3 145.7 150 155.1 165.1 172.1 176.8 185.3 192.3 199.6 208.1 219.5 236.9 255.2 271 282.3
252.3 243.7 233.5 222.6 216.7 211.2 205 200.7 198.9 198.9 197.3 195.3 194.2 193.2 191.5 192.3 192.6 192.4 192.8 191.8 190.6 189 188.5 187.5 186.2 185.1 183.3 180.9 178.4 176.1 173.5 170.3 165.6 151.7 142.9 136.9 133 129.1 123.1 119.3 118.8 118.8 118.5 118.8 118.8 117.9 118.6 117.2 117.8 117.3 117.4 117.2 116.8 117.1 117.2 117.2 117.6 118.3 119 124.2 136.8 132.5 136.8 140.4 144.3 148.6 154.5 163.8 170.6 176.4 184.2 188.8 197.5 206.4 220.6 235.3 252.3 267.7
257.5 251.3 242.4 231.7 223.5 213.4 206.5 204.7 204.3 202.5 199.4 197.3 196 194.9 193.8 193.9 194.3 193.5 193.4 193.1 192.1 190.4 189.2 189.1 187.4 186.1 184.8 183 181.1 178.3 175.7 172.4 169.5 163.9 146.6 140.2 136.3 135 125.6 120.1 118.7 118.5 118.6 118.1 118.5 118.1 118.8 117.2 117.2 117.4 117.3 117 116.6 116.7 117 117.1 117.4 118 120 123 132.1 131.1 134.4 137.4 137.5 143.2 148.3 157.5 163.4 168.6 176.3 183.1 190.4 196.7 207.4 213.6 227 246
260.5 255.3 249.6 241 226.1 217.4 215.7 210.6 208 205.2 200.8 198.6 197.7 196.6 195.9 196.5 195.1 194.8 194.6 193.7 192.8 192.4 189.7 189 188.4 187 185.7 184.3 182.1 180.4 177.5 174.3 170.9 166.7 156.4 146.3 142.6 139.3 129.5 125.5 119.6 118.5 118.4 118 118.4 118.6 117.2 117.6 116.9 117.3 116.6 117 116.7 116.4 116.4 116.8 117.6 118.2 119.1 121.2 129.2 127.6 131.1 132 137 141.3 144.1 148.1 157.3 164.3 171.3 174.6 180.1 187.6 192.2 202.7 213.1 223.9
262.3 257.8 249.8 234.2 231.7 232.7 227.1 218.3 212.5 207.3 202.9 200.9 199.5 198.9 197.7 197.6 196.8 196.2 195.2 194.3 193.4 192.4 191.1 190.3 189.3 187.5 186.6 185.2 183.8 180.9 178.7 176.1 173 170.9 166.3 158.3 150.2 145.3 139.8 131.4 124.5 120 118.6 118.1 117.4 117 116.7 117 118 117.3 116.7 116.5 116.6 116.1 116.5 116.7 117.6 118.7 119.1 120.9 124.3 124.6 127 131.4 134.7 136 137.9 141.1 148.6 156 163 164.5 172 180.1 187.6 193.1 199.7 208.4
260.9 250.6 239.9 246.4 247.8 244.7 236.3 229.4 219.5 210.1 205 203.8 202.5 200.7 199.6 198.9 198 197 196.1 195.1 194.4 192 191.5 190.5 189.5 188.2 187.1 185.7 184.3 182.4 180.1 177.6 175.1 172.4 168.7 166.7 162.8 158.5 151.7 144.7 134.6 125.6 121.7 118.7 117.8 116.7 116.1 120.5 117.4 116.7 116.5 116 116.3 116.3 116.5 117 118.3 118.5 121.4 121 127.2 127.2 125.7 128.7 129.6 134.9 139.6 143.2 146.3 149.7 151.8 158.8 164.1 172.8 180.1 183.7 190.5 197.4
253.4 256.1 257.5 258.4 256.1 252.8 248.3 239 227.3 215.2 209.7 207.7 204.8 201.7 200.6 200.2 198.9 197.9 197 195.7 193.1 192.3 191.6 189.6 189 188.2 187.2 185.9 185 182.8 180.9 179.2 176.9 173.7 172.1 169.9 167.5 164.6 160.6 153.6 143.1 131.4 127.8 121.8 119.2 117.3 117.6 117.7 117.1 116.5 116.3 116.1 117.1 115.9 116.3 116.9 117.8 121.5 128.3 131.2 128.4 126.1 124.2 125.8 130 135.5 138.7 142.2 144.2 145.7 145.5 149.4 157.7 163.9 170.2 175.5 183.1 191.2
264.9 263.4 263 261.9 260.2 257.5 252.5 246.9 235.1 220.9 214.9 209.6 206.4 203.9 202 200.9 200.4 198.8 197.8 196 194.9 192.4 190.6 189.1 189.1 187.7 187.1 185.7 184.8 183.3 182.4 180 177.3 175.3 173.4 170.2 168.3 165.7 163 158.1 139.9 133.6 128.9 123 119 117.8 116.5 117 116.8 115.1 115.1 116.3 115.8 115.6 115.8 116.6 117.7 122.5 134 138.5 136.2 129.6 128.6 128.6 129.8 131.4 129.5 139.5 142.3 140.4 143.2 147.3 151.6 156.2 164.5 169.9 177.1 183.6
269.5 268.7 266.2 264.7 261.9 258.8 254.4 249.1 239.8 225 220.7 215.1 209.4 206 203.8 202.2 201 199.1 197.4 195.7 195.1 191.4 190.8 188.9 187.1 186.7 187.1 185.5 184.3 183.5 181.9 180.2 178.4 175.9 172.9 170 166.9 164.8 160.4 156.7 150 138.3 130.2 124.1 118.6 118 117.6 116 115.4 116 115.4 116.8 115.6 114.9 115.2 116.2 117.3 120.4 132.6 146.1 138.1 139.3 134.2 133.1 133 135.5 135.8 136.3 136 135.3 140 141.4 142.9 151.1 159.8 165.5 171.2 179
274.2 272.5 269.7 266.8 263.1 260 255.7 250.2 238.3 241 233.6 224 215.3 208.7 205.8 203.6 201.7 199.8 197.5 195.9 193 191.2 188.1 185.7 184.9 183.9 184.3 183.6 183.3 182.2 181 179.7 177.7 175.1 173 169.3 165.4 160.3 155.4 144.3 141.9 135.5 127.8 122.4 120.3 118.7 116.5 117 115.9 115.2 115.2 116.1 115.4 115.1 114.5 115.2 115.9 119.8 127.9 149 137.4 144.8 144.2 146.2 146.2 142.1 141.7 141.3 140.2 138.1 136.4 139.5 149.5 152.1 153.4 157.9 162.3 168.8
278.2 275.4 272.5 269.1 265.4 260.5 254.8 249.2 248.4 249.4 245.1 235.8 224.1 213.4 208.4 205.3 202.5 200.7 198.8 196 193.3 191.9 187.8 184.6 182.5 181.9 181 181.6 181.4 181.1 179.6 178.2 176.5 173.3 170.3 165.3 159.1 150.5 139.3 138.7 132.8 130.5 127.4 125.6 125.3 119.7 116.9 116.7 116.8 116.3 115 115.1 114.3 114.3 114.4 114.7 114.8 117.5 124.3 146.2 145.4 153.2 154.2 158.9 150.1 149 147.7 147.4 147 143 141.8 140.9 143.4 143 148.3 153.9 158 163.5
279.4 276.8 274 271.1 267.8 264.8 259.5 255.4 254.3 254 250.9 244.8 235 224.5 213.4 207.8 204.3 202 199.2 196.8 193.5 190.7 188.1 185.4 182.9 179.7 178.1 177.8 178.4 178.4 177.9 176.2 173.4 170 164.1 155.4 146.7 140.7 136.8 136.3 135.3 136.5 140.2 143.3 139.3 128.9 117.3 116.5 116.3 116 115.8 115.2 115.6 114.9 114.4 115.1 114.2 116.7 123.4 135.9 147.7 161.1 163.6 168.4 162.8 161.2 159.4 154.2 153.2 153.3 149.1 147 147.8 148.5 147.2 145.3 151.5 158.6
281.1 278.8 275.5 272.5 270 267.6 263.8 261.3 259 257 253.8 249.2 242.4 234.8 225.2 214.5 208.7 202.5 198.6 195.1 192 189.2 187.3 184.6 182.2 179.6 176.6 168.9 172.8 173.8 173.2 170.5 164.8 159.9 152.5 146.9 145.8 147.5 149.8 155.3 155.6 155.3 152.8 149.8 142.6 134.2 123.6 116.6 116.1 116.2 115.7 115.2 115.2 114.8 114.6 114.1 113.8 116 124.1 131.7 147.1 163.8 174.1 182.4 180.6 173.3 172.7 168.3 165.5 163.4 159.3 154.5 152.5 154 150.2 149.2 148.2 154.6
281.7 279.7 276.6 274.1 271.4 269.2 266.3 263.9 262 259.9 256.9 252.6 248.7 242.8 235.8 223.9 214.7 202.8 194.9 190 186.6 183.6 180.5 180 177.9 175.9 175.3 171.6 165.9 166.7 165.9 161.2 157.2 154.8 152.6 156.3 161.2 163.2 162.9 163.1 161.6 160.2 156.9 152 144.5 136 127.8 118.9 116.1 116.2 115.6 115 114.8 114.8 114.4 114.4 113.8 115.6 124.7 133 143 158.1 167.1 175.6 187.2 186.1 176.3 179.7 172.2 173.4 168.9 163.9 158.9 156.7 156.1 152.2 151.2 152.9
281.8 279.6 277 274.8 272.2 269.2 267.3 265.1 263.7 262.4 259.1 255.3 251 246.2 240.5 232.2 215.2 201.9 195.2 188.6 184.2 180.6 177.5 174.2 172.4 170.2 167.9 165.4 161.3 159.5 157.9 157.5 159.4 164.6 167.1 168 167.7 167.8 167 166.2 164.3 162.2 158.7 154 146.9 139.4 129.5 121.1 116.2 115.4 115.3 114.8 114.9 114.3 114.7 114.6 114.5 115.7 123.7 132.4 139.9 154.1 165.9 170.9 182.6 191.2 193.3 185.4 181 180.9 181.9 177.1 166 162.6 163.6 156.5 153 151.3
279.7 278.6 275.9 273.7 271.7 269.5 267.1 264.2 261.7 262.1 259.2 256.8 253 248.6 241.3 228.1 225.5 219 205.6 196.7 188.6 182.8 179.6 179 176.2 175.6 173.8 169.3 166.5 169.8 170.9 172.2 172.1 171.2 172.6 172.1 172 170.9 169.3 167 165.2 163.2 160.2 156.1 150.2 142.9 133.4 123.7 119 115.7 115.5 114.7 114.6 114.6 114.5 114.1 113.9 117.8 124.3 130.2 137.9 148.5 159.5 168.7 177.8 188.6 192.1 194.6 196.2 198.5 197.3 189.7 173.8 175.6 169.2 163.8 160.4 155.9
276.6 276 273.6 271.3 269.4 266.9 265.2 263.1 260.4 259.9 256.9 253.8 249.7 244.6 238.9 238.4 233.9 227.3 218.8 207.4 191.5 187.6 187.5 186.5 184.1 182.5 181 178.3 177.1 176.3 176.2 177.1 177.3 176.8 176.2 175.4 174.2 172.7 170.4 168.2 165.5 162.8 160.4 157.8 152.6 144 134.8 125.8 121.9 116.1 115.2 115.8 114.5 114.7 114.4 114.2 114.2 114.2 123.9 129.4 136.4 142.9 154.8 166.6 177.7 185.4 189.3 192.2 195.1 198.2 201.3 203.4 197.8 194.2 186.4 178.6 169.7 160.2
278.2 275.6 274.2 272.6 271 268.6 265.9 262.6 260.5 259 257.1 255.7 253.5 249.7 246.3 241.4 236.7 227.8 217.4 202.4 202.5 200.8 196.5 193.4 189.4 187 184.9 183.2 182 180.7 180.6 180.5 180.2 179.2 178.2 177.1 175.2 173.2 170.8 168.5 166 163.4 161 157.9 153.1 145.2 135.5 127.6 123.4 116.9 115.1 114.6 114.6 114.5 114.3 114.1 114.8 113.5 121.3 126.6 134.2 140 150.6 163.2 172.3 180.9 184.9 188.9 192.8 196.1 199.5 202.5 205.2 206.2 204.2 188 181.5 169.3
276.9 275.4 274.3 273.2 271.1 268.7 266.5 263.9 261.1 259.5 261 258.2 255.1 251.4 247.2 241.5 234.6 223.9 213.1 207.9 216.8 211.3 204.1 197.7 194.3 191.1 188.8 186.9 184.9 184.1 183.2 182 181.2 180 178.9 177.7 175.7 173.2 170.8 168.7 166.1 163.8 160.9 157.1 152.1 145.8 134.2 130.7 126.4 120.5 114.9 114.5 114.7 114.2 113.9 113.6 114.2 113.8 115.1 121.8 129.3 136.4 149.4 161.4 167.8 176.1 181.6 186 189.6 193.2 196.6 199.9 202.9 205.3 206.8 205.4 190.3 178.5
277.8 275.6 272.2 269.7 268.4 267 265.4 263.3 260.6 256.6 257.3 258 255.5 252 246 238.4 227.4 216.7 216.5 220.8 224 221.4 213.6 206.2 200.4 195.7 192.5 189.2 187.3 185.7 184 182.8 181 179.7 178.5 176.9 175.1 173.1 170.6 168.3 166.1 163.6 160.8 157.9 153.4 141.6 137.2 133 127.3 121.3 115.3 114.4 114 114.1 113.3 113.4 113.5 114.1 113.7 118.9 124.8 133.3 143.4 156.9 166.2 172.7 178 182.7 186 189.9 193.7 196.8 199.5 201.7 204.7 206.2 196.4 182.3
280.1 278.2 275.4 271.8 269.4 267.3 264.5 262.3 260.2 258.6 251.2 250.9 252 247.9 238.5 228.1 232.4 233.6 237.2 238.1 235.5 232.8 224.6 214.3 207.4 201.4 195.7 192.2 189.1 186.7 184.8 182.3 179.7 178 177 175.4 174.4 171.9 170.1 167.7 165.3 163 160.4 158.1 154 142.7 138 133.8 127.1 123.2 117.4 114.6 114 114.4 113.1 113 113.1 113.7 113.6 116.6 123.5 132.4 136.6 147 160.1 170.2 175.2 180.3 182.6 186 189.9 192.9 195.3 197.8 200.7 203.6 205.2 188.6
280.6 278.9 276.5 273.8 270.8 267.7 265.6 263.4 261.1 258.3 254.8 248.7 244.7 241.5 241.9 243.9 248.8 251.2 251.1 248 244.4 237 229.4 220.9 214.7 207.4 199 194.3 190.2 187.3 184.8 182 178.6 176.3 174 172.7 172.1 171.4 169.4 166.8 164.3 161.6 159.6 157.2 154.1 145.2 137.7 132.8 127.5 122.5 117 115.6 114.7 113.9 113.5 112.9 113.5 112.8 113.5 114.3 121.2 128.8 134.2 144.8 155.9 163.1 173.1 177.2 180.5 183.1 186.3 189 191.4 194 196.9 200.2 202.9 203.4
279.5 277.8 275.6 272.8 270.3 267.4 265 262.4 260.7 259 257.9 256.3 254.6 252.6 253.4 255.7 256.6 257.7 256.7 253.8 249.9 242.7 236.5 229.4 220.8 211.5 201.5 195.6 191.6 188.2 185.3 182.8 180.3 177.9 174.6 170.7 168.9 168.6 167.3 164.7 161.3 158 155.5 153 149 144.1 137.4 130.7 124.4 120.4 117.9 116.4 115 114 113.4 112.6 113 112.8 112.2 113.1 121.3 128.5 133.3 142 154 160.5 170.3 174 176.9 180.5 183.1 185.2 187.5 190.5 193.6 196.4 199.6 201.5
278.5 276 273.8 270.9 268.6 266.1 263.8 261.5 259.3 258.2 258 258 258.1 257.6 257.9 258.4 259.5 260 259.4 257.2 254.2 250.3 245.8 241.4 228.7 217.2 206.1 198.1 193.2 189.9 187.2 184.6 182.1 179.6 176.4 172.3 166.5 160.6 160.1 157.6 152.6 150.1 148.5 143.7 138.8 134.1 130.1 125.8 122.6 120.7 118.9 117.1 115.8 114.9 114.5 114 113 112.5 113 113 118.3 125.4 136.2 138 149.2 157.8 166.6 171 174.4 177.1 179.8 181.5 184.4 187.2 190.7 192.9 195.2 198.2
275.8 273 270.6 268.2 265.5 262.8 261 259.3 257.9 256.8 256.5 256.4 256.4 256.7 257.1 257.8 258.8 259.7 260.4 258.7 256.3 252.6 249 243.7 237.1 226.6 213.2 203.2 195.8 191.9 188.9 186 183.5 181 178.2 174.7 170 162.8 155 150.5 148.8 145.1 139.4 138.1 135.2 131.9 129.7 128.1 124.2 121.9 118.8 117.6 115.8 114.7 113.6 113.7 112.9 112.5 111.9 111.9 115.8 122.8 129.7 134.4 147 154.7 164.4 168.6 171.7 173.9 176.1 178.4 181.4 184.5 186.7 188.9 191 193.6
271.2 268.6 266.3 264 261.5 258.9 257.5 256.4 255.3 254.3 254 254 254.1 254.7 255.6 255.9 257.2 257.9 258.3 256.9 255 252.8 248.8 244.6 239 232.4 224.9 210.9 202.5 195.2 191.2 187.7 184.9 182.2 179.1 174.8 168.5 161.4 159.4 160.2 159.4 156.8 154.3 151.3 149.9 147.6 142.3 138.8 132.5 128.8 123.7 119.4 117.1 114.7 113.3 113 112.8 112.3 112.7 112.2 112.5 118.6 125.2 132.3 142.4 154.8 162.5 165.9 168.6 170.4 172.4 175.6 178 180.7 183 185.1 186.1 189.7
265.7 263.8 261 259.3 256.9 255.1 253.6 252.8 252.5 251.7 251.7 251.6 252 253.1 253.5 254.6 254.5 255.3 256.1 255.1 253.5 251 247 243.2 239.1 234.4 228.9 222.1 209.6 200 195.8 191.2 187.2 183.9 179.2 172.4 166.9 166.3 168.3 168.8 167.1 164.1 162 159.7 157 153.8 151.5 148.3 142.4 136 129.6 124 120.4 116.2 113.5 113.1 113.2 112.2 112.4 111.5 111 115.3 121.2 126.8 132.3 145 155 162.2 164.7 166.3 170 172.9 175 177.2 178.6 180.9 182.5 185.8
260.2 258 255.6 253.7 251.7 250.4 249.4 249.1 248.3 247.9 248.1 248.3 249.4 250.8 252 252.4 253 253.1 253.5 252.3 250.8 248.6 245.1 242.1 239 234.2 229.6 224.5 217.1 209.4 202 196 190.8 184.9 178.5 172.9 177.2 177.7 176.1 174 172 169.5 167.4 165.1 162.2 159.5 156.5 152.9 150.5 143.6 137 132.7 125.9 119 114.7 113.1 112.9 112.8 111.7 112.2 112.3 111.9 115.6 117.4 127.4 136.6 145.7 151.4 157.4 164.8 167.8 170.2 172 173.5 173.1 175.3 178.4 180.8
254.2 252.4 250.5 248.7 246.9 246.3 245.3 244.7 243.8 244.9 245.2 246 247.6 248.2 249.1 249.6 250.1 250.6 250.7 249 247.6 245.2 243.1 240 237.5 233.6 229.6 225 217.8 210.8 204.4 198.4 192.7 187.4 179.5 183.3 189.1 186.7 182 178.1 175.7 174.1 171.4 168.9 166.2 163.8 160.9 157.4 153.6 150.4 143.2 138.1 133.1 126.2 117.5 114.9 113.8 112.9 111.1 111.3 111.6 110.6 111.4 114.7 119.9 127.3 134.9 140.5 152.3 161.8 164.1 167.5 168.9 170.1 172.3 171.4 174.9 177.1
248.4 247.3 245.4 243.6 242.5 241.6 241.4 239.9 240.8 241.7 243 244.3 245.8 246.6 246.5 247.2 247.5 247.7 246.7 245.5 244.5 242.6 239.9 237.9 235.8 232.4 228.8 223.6 216.4 210.8 204.8 199.3 194.3 188.2 183.4 191.9 194.9 192.3 187.2 182.3 179.6 176.9 174.2 171.4 169.2 166.6 164.1 161.5 158 154.1 151.4 148.6 143.6 134 121.5 116.9 115.4 113.4 111.2 111 111.7 111.7 110.7 111.6 115.8 120.6 127.8 135.6 148.7 156.7 160.9 163.1 164.9 165.3 166.4 167.6 169.2 173.2
242.1 241.3 240.7 237.2 237 236.7 237.2 236.2 237.8 238.8 240.8 243 244.2 244.2 244.1 244.5 244.6 244.5 244.2 243 241.3 239.5 237.2 235.1 232.8 230.4 226.5 222.3 216.4 210.5 205.5 199.7 193.7 190.2 186.3 193.7 197.4 196 192.2 188 184.6 181.5 177.7 174.6 171.1 168.3 166.4 164 161.3 157.6 153.9 150.2 143.3 132 124.9 121.8 119.2 115.5 111.1 110.9 110.3 111.2 110.2 110.7 112.1 116.6 120.7 129.3 138.5 149.2 155.1 157.7 159.6 160.3 160.2 162.9 166.4 169.6
236 236.2 234.3 232.4 231.6 232 233.3 232.7 234.1 237 240.4 241.9 242.4 242.2 241.9 242.4 242.3 242.3 241 240 238.2 235.9 233.7 231.7 229.4 227.4 224.3 220.1 215 209.4 204.2 199.3 194.7 190.9 189.2 196.1 200 199.3 197.1 194.3 191 187.8 182.5 177.8 173.8 169.9 167.8 165.3 162.9 159.3 155.2 149.6 140 132.3 137.1 135.8 128.1 121.5 115.8 111.7 110.6 110.3 110.5 109.7 110.7 112 114.8 121.4 131 140.6 148 151 152.6 152.8 153.8 156.9 163.5 167.3
