WholeMapElevations/data/sj/sj05_OST50GRID_20230518/SJ05.asc
ncols 200
nrows 200
xllcorner 300000
yllcorner 350000
cellsize 50
[rows 70 to 104 of 200, columns 0 to 77 of 200]
443.1 450.5 455 458.7 468.5 476.6 482.4 483.9 485.5 485.2 483.9 482.7 481 478.5 476.1 473.5 470.2 467.3 464.2 459.4 453.9 448.2 446.3 446.8 447.4 446.9 439.6 438.3 432.2 425.1 418.1 411.8 407.8 403 397.9 394.3 392.9 390.6 388.1 386.3 385.3 385.7 388.9 392.4 395.4 396.2 393.8 396.3 399.2 400.1 394.3 397.8 391.3 380.4 379.5 380.1 378.4 369 362.2 357.4 355.2 349.4 342.4 334.5 327.4 320.9 311.4 300.1 284.6 273.4 260.9 251.3 242.4 236.1 229.1 227 229.1 236.1
450.9 456.9 460.3 464.5 475.3 482.9 486 487.4 488.2 487 485.4 482.4 479.9 477.9 475.7 472.5 469 466.2 462.9 457.3 450.5 449.7 449.8 449.7 449.7 448.6 442.7 436.6 430.5 423.1 417 412.9 408.1 402.9 399.1 397.2 396.9 394.4 391.2 388 385.2 384.1 386.1 390.4 393.5 392.5 389.9 389.7 391.6 395.5 389.1 391.7 378.4 371.1 369.6 373.1 367.3 357.5 350.3 348 343.7 336.6 328.9 321.5 313.5 304 288.8 274.2 264.6 254.9 246 233.1 231.1 231.8 237.6 240.6 243.7 246.1
458.1 460.8 463.5 471.1 481.1 486.4 488.7 490.3 490.1 487.9 485.9 481.6 478.6 475.6 473.4 470.2 467 464 459.7 454.2 453.6 451.3 450.9 450.9 449.9 446.2 440.4 434.4 428.3 422.6 418 414.1 408.3 404.3 401.8 400.6 399.8 397.3 393.3 389.8 386.3 381.6 383 386.4 388.1 386.7 385.4 385.5 387.5 386 381.3 379.9 375.3 365.3 360.5 354.5 351.6 344 340.6 335.9 330.6 321.5 314.3 305.6 294.8 280.9 268 257.8 250 236.3 235.7 235 241.2 244.5 246.5 248.8 253.2 257.1
457.5 460.7 467.6 475.1 484.6 490.3 491.1 492.1 492.7 488.5 486.3 480.9 477.4 472.9 470.1 467.5 464.6 461.9 458.3 459.2 458.4 454.6 452.2 450.8 446.7 443.2 438.4 432.9 427.7 423.2 418.7 413.5 408.5 406.7 405.2 404.1 402.8 399.4 395.5 391.5 388.3 385.1 379.7 381.1 380.9 379.6 378.5 380.3 379.6 377.3 372.4 369.1 367.3 355.9 350.8 345.1 341.7 336.1 327.2 320.5 314.2 306.8 295.8 282.6 271.5 261.4 252.1 244 238.1 236.7 237.7 245.4 249.4 253.7 257.8 263 266.4 268.2
456.1 461.6 468.9 477.2 485.9 494.3 494.2 494.8 494.5 490.5 485.5 480.1 475.5 470.2 466.3 465.1 463.1 461.2 460.5 460.9 459.8 455.5 451.2 447.5 443.7 440.2 435.8 431.2 427.2 422.6 419.7 415 413.1 411.2 410.3 408.7 404.2 399.9 396.1 392.4 390.2 388.3 386 377.2 374.1 373.6 372.8 372.4 370.8 366.4 363.2 359.1 356.3 352.5 343.2 335.2 327.3 321.5 310.3 305.9 296 285.6 274.7 266.4 256.6 248.4 242.2 240 237.8 246.7 251.2 255.1 262.2 270.8 275.1 277.6 278.3 280.1
457.6 465.6 474.1 481.6 489.5 496.4 497.1 497.8 495.7 491.5 485 479.2 473.4 467.9 465.4 464.6 463 462.9 462.4 460.3 457.4 452.3 446.8 443.6 441.3 438 434.9 430.9 427.3 424.5 421.8 417.9 416.3 415.3 414.8 408.4 403.7 399.3 396.6 392.2 390.6 387.4 383 375.9 369.1 364.4 364.1 361.4 357.2 355.5 353.7 352.4 353.4 350.2 337.9 326.2 317.4 311 302.5 288.6 279.7 271.7 264.6 257.9 249.6 243 241.4 241.6 249.6 256 261.5 269.8 281.3 284.5 285.6 287.8 289.8 292.9
462.6 470.3 479.3 486.5 494.7 497.9 498.5 499.3 496.4 491.3 483.2 476.3 471.6 467.3 466.2 466 464.2 464.1 461.2 457.9 453.3 446.9 443.2 441.1 440 438 434.3 430.3 427.6 424.8 422.3 420.1 418.3 417.4 411.9 406.1 402.5 399.1 396.7 391.9 389 385.9 378.3 373.2 367.7 363.2 358.3 356.7 353.3 351 349 349.4 348.7 343.6 331.4 321.4 312 303.1 292.6 280.7 273.5 266.1 261 255.8 245.6 244.2 247.1 253.1 259.1 268.9 277.7 289.7 296.5 297.4 298.7 301.4 303.7 304.2
468.7 476.3 485.6 492.8 497.6 498.2 497.8 496.5 493.4 486.9 481.4 476.3 471.6 470.1 468.7 467.7 464.2 463 458.4 453.7 447.7 443.5 441.6 441.4 440.3 436.6 433.4 430 426.9 424.9 422.3 420.9 419.8 414.8 410.7 406.4 401.3 397.7 395 389.4 386.2 380.9 375 365.1 360.7 349.7 350.9 350.2 350.1 348.5 347.1 345 342.9 337.4 330 318.1 310.1 292.5 281.7 276.7 272.4 267.4 261.2 254.1 246.6 248.3 256.7 267.6 273.1 282.1 293.5 301.7 308.2 309.6 312.4 313.7 314.8 315.9
474.2 484.6 490.3 496.5 499.8 500.6 499.2 496.9 492.1 487.2 482.5 477.8 475.2 473.8 471.8 468.8 464.1 461.1 456.1 450.6 445.7 442.9 442.1 441.3 439 435.3 432.1 428.7 425.9 424 422.6 419.6 417.4 411.9 408.3 403.6 399 395.5 391.5 385.7 380.6 375.5 364.5 355 352.1 345.1 341 345.1 346.4 347.5 346.3 342.2 337.2 330 326 316.1 300.2 285.2 278.1 275.4 271.8 266.5 257.3 248 250.6 258.1 266 282.3 287.5 294.6 302.9 311.3 314.5 318.1 320.5 322.3 323.4 324.4
482.7 490.8 496.2 499.9 502.1 502.8 499.7 496.8 489.9 486 482.9 479.8 477.5 476.2 473.1 469.4 463.5 458.9 453.2 447.6 444.6 443.7 442.4 440.7 437 433.2 430.5 427.5 425.3 423 421.9 418.2 414.1 410.2 404.8 400 396.7 392.3 388.6 381.7 375.1 366.9 357.7 347.2 344.2 329.8 320.5 333.1 338 343 342 337.5 329.2 322.8 317.5 305.3 292.2 279.5 275.6 273.5 268.6 262.6 250.8 253.4 262.5 273.8 285.7 293.7 301.5 308.3 313.3 317.5 322 324 327 329.4 331.6 332.9
488.8 496.1 501 502.9 503.3 503.8 501.8 494.8 490 487.6 485.1 483.5 480.9 478.2 474.5 470.7 463.7 456 450.5 447 445.3 444 442.4 438.1 434.2 430.6 427 424.9 423.3 422.1 419.1 416.4 412.9 408 400.3 397.7 395.7 390.8 385.3 376.7 368.4 359.7 350.1 341.8 340.7 327.5 309.7 320.3 325.6 329.5 331.1 326.7 322 315.7 302.3 294 283.1 273.7 272.5 270 263.3 252.8 252.1 264.1 275.8 287.2 296.4 306.9 312.7 316.8 321.8 325.6 328.4 331.4 333.3 336.9 338.6 339.4
496.6 500.2 506.7 507.7 506.3 505.2 500.3 494.5 492.4 488.5 487.3 484.1 481.6 478.8 474.6 469.6 461.1 453.4 450.5 447.8 446 443.6 440.7 436.5 431.7 427.4 424.8 423.5 422.1 420.1 417.4 412.9 410.4 407 399.8 396.8 394.7 390.2 383.3 371.8 360.5 351.2 342 333.1 324.8 315.9 306.7 298.2 307.2 313.8 309.7 309.4 306.4 299 291.8 280.8 269.2 264.1 263.4 262.2 255.1 253.3 266.4 280.4 290.1 309.7 317.7 321.2 326.6 331 329.9 332 334.9 337.8 340.5 343.2 343.6 343.7
502.5 506.4 511.4 510.9 509.7 505.9 496.8 491.9 490.7 486.8 485.9 483.8 479.9 475.7 471.4 467 460.2 453.6 450.6 447.4 445.4 441.8 438.4 434.4 430.3 427.1 424.2 422.7 420.8 417.6 414.7 412.1 409.7 406.6 402.3 398 390.3 386.3 378.1 363.4 353.7 343.4 333.4 323.9 311.7 305.4 297.6 287 290 289.8 289.5 291.2 291 284.5 278.8 268.1 263.9 261.5 259.9 257.1 255.1 269 279.9 295.2 309.8 328 341 337.4 339.9 342.8 342.3 338.7 341.2 343.4 344.8 346.7 348.4 348
506.2 509.4 511.2 511 505.9 497.5 493.1 489.9 486.2 485.8 486.4 482.6 477.4 471.6 467 463 458.1 453.3 449.3 446.8 443.5 439.6 436.2 432.3 428.7 425.8 422.8 421.3 417.8 415.1 413.4 409.9 408 405.4 401.8 397.2 390.6 381.9 372.3 357.8 344.3 335 324.5 315.1 299.9 304.9 304.3 297.7 291.2 281.7 276.9 275.7 272 271.9 275.1 274.5 271 266.3 257.9 258.8 266.6 277.2 294 311.8 329.4 345.9 361.3 355.3 353.3 354.2 354.2 350 347.3 348.9 350.7 352.1 352.4 351.4
510.1 510.9 508.9 506.1 500.7 496.7 492.2 486.5 483.4 484.1 483.5 479.9 473.1 469.1 464.7 460.8 456.7 452.7 448.6 444.7 441 436.9 433.3 429.2 425.8 423.4 421.1 417.7 414.3 413.4 411.1 409.2 407.1 404.8 399.4 393.1 385.8 377.1 366.6 352 337.4 323.1 311.1 302.8 311.5 315.2 312.4 307.8 304.1 297.5 296.8 292.1 289.7 288.5 288.4 279.5 272.4 260.3 262.5 265.3 276.5 295.3 311.8 329.2 346.7 363.2 365.7 362.1 364.7 363.8 361.4 358.5 356 354.4 356.4 355.9 355.4 354.3
514.9 511.5 506.9 501.7 498 494.5 489.7 484.1 480.5 480.2 477.5 473.4 470 466.6 462.8 459 454.4 449 446.2 442.1 437.8 433.6 429.7 425.7 423.2 420.3 418.5 416.2 413.8 409.8 408.9 408.1 405.4 401.3 394.2 385.4 377.9 370.3 359 340.6 322.6 311 317.8 319.7 322.1 324.9 321.4 316.6 313.4 308.7 310.1 307.7 304.9 300.2 291.4 280.4 272.7 261.8 267.2 275.7 292.6 310.5 328.7 345.5 363.2 367 369.3 370.3 371.4 372.8 369.7 366.8 363.1 362.2 359.9 359.3 358.4 355.3
515.3 511.7 506.5 500.8 495.2 490.8 484.7 480.1 476.9 473.7 472.1 469.9 467.4 464.7 460.8 456.2 451.1 447.6 442.4 438.6 434.5 430.4 426.1 422.6 419.5 417.1 415.8 413.4 412.3 409.1 407.1 405.3 401.8 396.1 389 380.2 371.8 362.3 346.7 323.2 319.6 327.6 331.1 333.7 336.8 335.3 331.5 325 320.3 315.2 317.5 313.9 308.5 299.8 288.8 279.5 265.8 266.9 274.2 287.9 306.1 324.2 345.3 360.4 371.7 376.5 377.7 377.6 378.6 379.4 375.5 372.5 368 364.5 361.8 360.7 359.1 358
514.3 511.5 505.1 498.6 493.8 488.1 482.5 477.5 473.3 470 469.4 466.8 464.4 461.3 455 452 447.2 443.4 439.2 434.7 430.6 426.8 422.1 419.3 416 412.3 410.9 410.2 409.5 407.7 405.7 401.5 396.8 390.4 384.6 376.5 366.8 347.9 330.9 339.6 341.9 346.1 351.5 353 348.8 348 342.4 335.4 329.4 324.7 319.2 312.9 306.8 301.1 289.7 278.1 267.2 272.3 288.6 305.4 323.1 341.2 357.2 372.3 378.8 384.2 384.4 384.9 385.2 383.5 380.7 375.9 372.1 367.7 364.6 363.2 361.5 360.5
513.9 507.1 501.5 495.3 489.9 483.8 479.8 476.1 472.1 467.8 467.2 463.7 460.8 457.3 452.2 447.2 443.5 438.6 435.2 431.3 426.8 422.9 418.7 416.1 413.2 410.9 410 407.4 406.5 403.6 400.6 397 391.2 384.7 376.4 366.6 350.3 347.2 363 369.2 369.9 369 366.3 361.5 359.1 356.1 352.7 343.9 339.5 332 323.3 317.9 312.1 304.9 290 275.5 268.6 286.2 302.7 322.9 341.1 359.2 374.6 383.6 387.5 391.2 391.8 392.2 390.7 388.4 384.5 380.4 376.5 371.3 369.5 366.5 364 363
510.5 502.3 495.4 489.4 485.5 481.9 477.4 473 469.4 465.6 461.9 459.2 455.6 451.1 446.1 442.8 438.5 433.8 430.4 426.2 423.3 419.5 415.9 413.8 411.7 409.5 406.9 404.5 402.9 398.6 393.7 389.3 382.1 367.2 361 356.8 362.2 374.6 379.2 378.6 376.9 374.2 371.3 368.6 365.8 362.2 357.5 353.5 349.7 340.1 332 324.7 315.4 306.2 288.5 271.4 275.1 297.7 318.5 338.5 358.5 377 389.1 390.6 395 396.3 398.2 397.9 397.4 392.7 388.9 385 381 376.2 373.2 370.6 367.6 364.9
507.8 500.3 491.8 487.1 483 478.9 474.7 471 467 462.9 457.2 453.2 450.7 445.3 440.6 436.4 434 427.7 424.8 420.7 417.4 415.2 412.4 410.2 408.2 406.9 402.8 399.9 397.4 392.9 386.4 381.2 378.3 379.4 388.1 386.5 383.3 383.7 385.2 384.9 383 379.8 376.1 374.5 372.1 368.6 363.9 360.8 356.1 349.9 341.9 330.3 315.2 306.9 284.6 271.8 288.2 307.6 329.3 350.9 372.3 386.7 393.5 397.2 396.9 399.5 400.5 401.5 400.7 397.9 393.1 389.3 385.3 381.7 377.6 374.1 371.5 367.1
507.5 495.5 490.5 485.4 480.3 475.7 471.9 468.4 464.3 459.8 455.1 450 446 440.1 435.6 430.4 428 422.4 418.8 417 413.2 411.3 409.8 408 405.4 402 397.8 393.3 391.7 385.6 380.5 378.2 387 390.8 392.6 391.1 389.1 388.7 389.7 390.5 389 385 383.5 381.7 377.6 373.1 369.8 366.9 361.2 353.5 343.3 329.7 316.4 301.3 280 283.4 300.5 319.5 341.6 363 377.5 386.5 392.9 395.4 396.5 398.4 400.7 403.1 403 400.5 395.7 392.2 388.3 385.5 381.1 377.5 372.9 368.6
500.6 494.1 489.4 484.7 480.5 475.9 470.6 466.6 462.7 455.3 450.3 445.9 441.5 434.7 429.7 424.7 420.5 417.9 414.7 412.8 410.9 408.1 406.3 403.4 399.3 393.1 389.3 385.6 383.1 384.5 388.1 389 390.6 397.6 396.2 396.6 395.3 395.8 394.9 395.7 394.8 392.6 390.4 387.1 380.8 376.9 375.1 371.2 363.2 355.2 345.8 329.2 307.8 285.3 288.5 301.4 312.9 330.3 353.4 367 378.1 385.6 392.6 395.3 396.2 398.6 401.8 403.5 404 401.1 398.5 394.5 390.4 387.5 383.5 379 374.6 370.3
497.5 492.4 488 483.8 479.7 474.9 470.2 467 461 453.2 447.5 441.7 437.1 432.1 424 420.4 416.4 413.2 411.3 408.2 405.8 405 402.2 397.9 393.2 391 391.3 390.8 392.6 392.3 395.5 395.2 395.5 402.2 401.3 402 402.7 402.7 401.1 401.7 399.6 398.7 395.1 389.1 383.4 380.3 378.9 372.4 364.1 356.1 344.6 327.6 298.2 288.8 305.7 315 325.3 339.3 357.3 370.5 378.7 384.3 389.8 393 396.4 400.2 403.7 405.1 404.7 403.9 401 396.5 392.4 388.9 386.3 381.6 377 371.1
498 492.4 487.4 483.2 478.5 474.5 470.1 464.1 457.6 449.8 444.4 436 432.9 427.5 422.6 416.6 412.4 408.8 406.5 404.3 402.3 400.3 397.3 395.3 395.7 396.1 397.6 397.7 397.3 396.7 400.8 401.1 400 405.9 406.4 407.4 408.3 408.4 405.8 404.1 404.6 401.1 396 389.9 385.4 384 379.7 371.2 362.9 353.2 344 324.2 296.5 305.7 317 325.1 336.4 345 358.8 370.3 379.7 384.2 388.7 393.6 397.2 400.9 403.3 404.5 405.4 404.3 403.4 398.9 394.5 392 389.6 384.4 379.2 369.6
496.9 493 486.9 483.2 479 473.9 467.7 460.7 452.6 446 441.5 434.8 429.4 423.8 417.7 411.5 409.1 406.8 404.2 402.8 400.4 398.5 399.7 400.9 400.6 401.8 402.6 402.2 402 401 403.9 404.4 402.4 407.5 411.2 409.8 410.9 410.6 407.8 406.1 402.9 399.9 395.1 390.2 387.7 386.9 379.6 371.5 364.8 354.6 343.8 333.6 307.2 310.9 329 333.8 343.6 351.4 359.6 371.9 380.1 384.7 389.4 393.2 397 398.7 400.5 403.3 404.9 403.9 402.2 398.5 395.7 395 390.3 383.8 376.5 369.2
494.9 490.4 486.3 484 477.9 471 463.6 454.3 448 443.4 437.7 432.3 426 420.5 414.9 411.4 406.4 405.2 402.6 402 402.2 404.6 406.6 406 405.7 406 407.7 409.1 409.1 406.7 406.5 406 403.8 407.8 412.9 410.8 411 409.8 407 402 398 393.6 390.9 389.4 389.4 385.6 379.2 372.3 365 354.9 344.8 340.1 305.5 318.1 337.1 342.1 349.7 357.8 365.8 373.3 379.9 385 388.4 391.2 393.4 394.8 397.1 400 402.7 402.7 401.1 397.4 396.3 395.3 390.4 382.6 375.8 368.6
492.4 488.8 485 480.5 472.7 465.2 456.8 450.6 444.3 439.3 434.7 429.2 423.2 416.4 412.3 409.3 406.5 406.4 405.1 407 409 412.4 414.4 412.9 412.4 411.8 412.2 413.6 414.3 412 409.2 408.4 408.2 409.3 408.8 409.6 409.1 406.3 401.7 395.9 391.2 387.7 384.3 385.8 384.9 384.1 376.8 370.4 362.8 353.3 345.7 340.5 311.1 325.8 340.8 346.5 352.4 360.1 366.8 374.7 379.4 384.6 385.9 387.1 388.6 390 393.2 396.3 398.7 398.4 397.8 396.2 394.2 392.5 388.9 381.2 374.2 368.5
492.1 487.1 482.1 475.5 465.1 457.9 451.7 447 441.6 435.9 430.9 427.2 421.4 416.3 411.2 409.6 412.5 412.3 413.9 414.7 415.6 417.5 420.3 419.4 419.1 418.2 418.5 418.7 418.4 415 412.4 411.9 411 411.8 410.2 408.6 406.2 402.1 395.9 388.7 384.7 381.3 378.5 378.9 378.3 376.5 371.6 366.3 359.9 352.5 344.9 336.9 332 336.9 344.9 350.5 356 362.5 367.8 374 377.5 380.5 382.2 382.6 384.9 386.4 388.8 392.4 393.5 394.1 394.7 394.6 393.2 390.4 384.9 378.5 372 366.1
487.6 482.5 477 468 459.8 452.4 445.5 443.2 438.7 433.4 431.3 425.2 421.8 418.2 413.2 416.3 418.2 420.8 422.4 422.1 421.9 424.5 425.3 425.2 425 424.9 423.9 422.5 419.7 417.4 416 414.3 413.9 412.9 410.3 407.6 403.1 398 392.7 383.3 379.2 376.3 372.9 372.8 371.8 370 365.7 360.5 356.5 351.3 341.8 336.3 328.7 341.6 348.6 354.4 359.8 365 369.1 372.2 374.2 376.4 379 380 381.8 382.7 385.2 388.5 389.6 390.9 391.7 392.3 391.7 386.2 380.7 374.9 369.6 363.6
481.6 475.2 468.5 460.8 452.6 445.9 441.6 436.5 434 431.5 427.8 424.1 422.6 419.2 419.7 422.5 426.1 428.7 430.8 428.4 429.3 429.7 429.5 429.6 429.8 428.8 427.4 425 422.3 419.6 417.8 416.2 414 411.9 409.2 405.2 400.1 394.5 386.8 377.5 374.3 371.9 369.8 368.8 365.6 363.8 360.5 356.5 353.4 346.5 341.1 337.2 320 345.4 350.4 355.1 359.4 363.6 367.3 370.4 372.4 374.4 376.3 377.7 378.2 379.5 382.4 385.9 387.3 388.6 389.4 389 386 381 375.1 370.1 366.4 360.3
474.1 467.8 461.1 453.4 443.6 438.1 436.8 433.4 431.5 429.8 426.8 423 420.2 418.7 422 424.5 429.2 433.8 433.7 433.3 433.5 433.6 433.7 432.6 432.5 432.2 430.1 427.5 424.8 421.7 417.9 415.1 413.2 411.2 406.9 401.8 396.5 388.2 379.2 373.7 371.6 369.9 367.5 366.5 364.9 359.8 355.9 351.1 348.9 344.1 343 336.8 329.4 348.3 350.3 353.2 357.7 361.8 365.9 368.3 370.1 372 374.1 375.6 376.1 377.3 379.9 383.3 384.6 385.6 386 383.2 379 375 368.9 367.4 362.2 353
462.6 457.7 452.2 444.1 437.7 430.2 429.3 428 429.4 429.3 427.5 421.6 420.9 420 421.5 427.4 432 434.7 437.8 438.4 437.6 437.2 436.5 435.2 436.6 435 432.6 428.5 424.6 420.5 416.3 413.8 411.6 407.7 403.1 398.8 392 381 373.7 373.1 373.6 374.3 373.4 372 367.7 362 358.2 356.6 353 348.7 344.5 340.5 335.4 348.9 349.3 352.6 355.9 360.2 363.8 365.8 367.6 369.5 371.8 373.5 374.1 376.1 377.5 380.6 381.8 380.8 380.1 377.4 374.6 369.4 367.3 362.7 354.5 347.6
455.9 450.9 444.3 437.3 430.5 425.2 423.1 422.3 424.4 425 426.6 427.1 422.5 423.8 425.4 430.2 433.7 437.3 440.5 440.5 440.4 439.7 438.2 438.3 437.3 434.4 431.5 427.5 423.5 419.2 415 412 408.7 403.1 396.7 391.4 381.4 376.4 378.3 379.3 380.9 382.5 384.1 378.5 371.1 366.2 362.7 359.7 355.5 349.2 345.7 340.5 329.7 345.7 347.6 350.1 353.7 358.1 361.1 363.8 365.2 367.4 369.7 371.5 372.7 374.8 377.1 379.9 379.8 377.8 375.8 372.8 368.8 367.6 366.6 359.5 353.2 347.5
449.5 443.8 436.6 432.4 426.6 422.4 419.8 420 420.8 421.2 422.6 424.2 423.3 426.8 428 430.7 434.8 438.4 441.7 441.7 442.3 441 439.7 438.2 434.9 432 429 425.9 422.1 417.8 413.5 408.3 402.5 395.7 389.3 384.1 385.1 385 386.4 387.8 388.9 388.3 389.7 383 375 370 366 362 356.4 351.4 346.3 344.2 341.9 331.4 343.1 346.5 350.5 354.7 358.6 360.1 363.5 367.4 369.1 369.6 371.1 372.7 373.7 376.4 376.7 374.4 371.8 369.1 367.6 365.3 361.4 358 354.8 350.8
