WholeMapElevations/data/nc/nc25_OST50GRID_20230518/NC25.asc
ncols 200
nrows 200
xllcorner 220000
yllcorner 950000
cellsize 50
[rows 0 to 36 of 200, columns 82 to 163 of 200]
165.1 164.4 167.9 163.7 154.5 152.8 154.9 157.7 158.2 156.8 153.8 146 138.7 137.7 137.8 140.2 142.9 147.8 149.3 153.3 150.5 149.8 149 148.5 147.3 145.6 141.5 132.5 126.1 123.2 119.7 119.5 124.1 125.7 129.3 135.1 140.4 147.8 155.9 155.8 155.6 154.5 145.2 148 144.2 130.3 127.4 124 112.9 108.7 111.1 114 115.6 118 116.2 111.6 109.5 107.3 105.2 103.8 104.3 105.6 105 105.9 109.1 115.3 121.8 126.8 127 127.9 127.1 125.9 125.3 124 122.9 123.9 124.9 124.6 125.1 125.7 128.1 128.9
175.3 183.6 185.8 172.7 164.3 158.4 158.1 158.5 158.5 158.2 152.8 149.7 144.5 145.8 145.4 146 144.8 148.7 156.5 160.9 161.4 161.6 157.8 152.4 151.5 149.9 146.4 140.2 132.8 127.5 121.2 126.9 131.4 128.4 132.5 138.7 151.3 158 160.3 160.4 159.3 153.3 154.2 154.2 151.4 138.4 131 126.2 118.4 114.1 115.9 121.8 124.8 125.8 121.9 119.2 116.6 115.8 116.3 124.5 121.7 115.1 114.1 117.5 116.7 122 131 137.8 134.3 131.4 128.9 128.6 128.7 128.7 129.4 128.5 128.7 128.2 128.5 130.1 132.1 133.6
203.2 205.4 199 182 176.8 168 162.1 159.8 158.5 155.7 151.6 149.5 146.7 146.4 149.1 154.1 152 151.8 155.2 164.5 167.5 169.3 167.1 163 156 152.8 149.3 143.3 138.2 133.4 126.4 132.6 134.4 137 136.5 140.4 148.8 157.5 161 163.8 164.3 162.1 161.6 159.7 158.5 149.6 136.8 134.9 135.4 129.2 130.7 129.2 129.9 131.2 130.4 127.2 135.6 146.2 148.9 142.4 129.7 123.7 124.6 128 124.2 119.7 132.4 147.8 141 135.2 133.5 133.8 135 138 138.5 139.6 138.5 137.5 137.4 137.5 139.7 140.2
223.2 220.7 203.6 185.9 180.5 175.9 168.9 164.1 158.3 156.4 151.8 149.4 150.1 151.2 148.7 150.4 153 153.6 159.1 166.3 176.5 177.8 173.9 171 161 155.7 152.3 146.1 142.2 135.9 138 139.6 140.2 138.7 141 144.9 155.7 156.9 160.1 162.5 166.3 168.9 167.7 163 160.9 154 147.9 147.8 145.1 150.8 153.5 150.1 148.2 145.1 146.8 159.4 158.7 158.5 156.5 144 139.4 138.4 135.2 142.7 134.6 131.8 127.7 135.4 138 136.6 136.9 142.2 150.3 145.8 146.7 147 147.4 148.4 146.2 145.5 146 146.4
228.5 217.8 197.4 186.8 181.3 175.3 170.8 165.2 159.4 155.4 153 150.7 151 151.6 150.6 149.1 149.1 152.5 158.3 168.7 173.7 177.2 178.1 171.7 168.8 161.9 153 148.6 145.1 136.6 144.9 146.3 152.3 150.9 146.3 150.6 158.1 159.2 160.1 161.3 166.2 170.5 171.4 168.4 165.4 159.8 158.2 155.3 151.5 158.4 161.2 159.2 158.9 165.4 169.4 170.8 169.9 163.7 153.6 155.1 148.5 143.9 141.9 143.1 147.4 150.6 136.5 129.2 135.2 136.7 140.6 146.9 155.4 152.5 153.5 154.7 153.6 154.4 154.7 154.8 155.6 155.1
235.1 215.1 198.5 187.5 180 175.2 169.1 163.2 159.2 155.6 152.9 152.5 153 152.2 149.7 149.7 150.6 152.2 157.1 165.1 170 173.7 171.8 169.9 168 164.7 157.9 152.8 145.8 147.2 149.7 153.3 154.4 151 150.6 157.7 159.9 160 160.8 161.8 163.2 169.2 172.4 174.2 174 174.3 169.9 163.6 159.2 158.1 161.2 169.8 176.1 172.9 172.9 171.9 169.6 165.2 165.3 160.9 151.8 150.6 149.6 144.9 146.4 153.8 149.1 138.7 132.3 136.4 138.4 149.8 159.5 161.6 158.2 160.1 157.3 158.6 160.5 164.7 163.9 162.7
234.2 218.9 205.3 191 182.9 175.3 168.9 162.3 159.2 157.1 156.3 155.6 154.4 153.6 153.1 151.4 151.9 152.3 156.3 165.1 167 167.6 166.1 165.8 166.7 163.5 160.6 152.5 140.7 146 151.5 154.6 154.7 150.2 149.1 154.3 156.6 160.1 161.4 162.5 164.1 168.1 173.2 173.6 175.1 175.7 171 159.4 157.4 165.9 173.3 176.3 172.3 175.7 177.4 171.8 172.2 171.7 167.5 161.8 155.4 155.9 154.3 149.6 149.5 151.1 152.2 142.4 138.7 137.1 142.4 149 157.5 161.3 160.9 161.1 160 161.5 166.9 170.3 169.2 166.5
233.5 219.8 208.6 197.7 189.1 179.6 170.2 167.1 165.9 164.1 164.8 162.7 163.1 159.3 159.2 157.4 154.4 154.4 158.3 161.4 163.7 162.4 162.2 163.3 163 161.6 158.6 144.4 138.6 138.1 145.2 150.1 151.6 151.4 149.1 148.7 151.4 154.1 159.7 162.4 163.7 167.9 172.1 171 169.8 165.8 160.7 160 160.6 162.6 170 171.7 177.3 179.7 177.6 182.2 177.4 173.2 169.8 164.3 158.6 158.7 156.7 157.1 154.4 151.7 149.8 146.6 143.4 139.4 141.1 149.2 152.9 154.7 157.5 161.9 162.1 167.6 173.1 178.9 178.6 177.9
235.3 224.5 211.1 200 195.9 187.9 180.7 177 174.6 175.8 179.5 176.3 175.7 175.7 176.5 170.5 163.2 160.8 160.7 162.6 163 162.3 162.5 161.3 157.8 151.7 146.9 138.6 138.6 138.6 139.4 145.1 150.2 153.4 152.5 148.7 148.7 151.5 154.8 158.5 162.3 167.4 169 166.7 166.3 164 159.2 164.8 164.9 165.5 170 175.7 180.8 181.5 191.8 187.1 183.3 173.5 168.7 164.1 163.1 160.9 165.3 162.7 158.6 157.1 154.5 147.2 150.7 147.6 150.5 155 157.1 156.2 154.3 160.7 164 169.7 176.3 182.1 184.6 188.1
238.2 229.2 214.7 201.6 197.7 196.7 196 194.8 192.4 193.6 197.1 196.9 197.6 195.6 195.5 189.4 181.2 172.9 170.6 165.9 166.3 166.5 160.4 153 144.3 140.4 138.6 138.6 138.6 138.6 140.4 142.8 147.3 150.8 151.2 148.9 148.7 148.7 154.9 158.4 162.5 164.9 167.9 164.2 162.9 160.1 163.9 170.2 170 172 172.9 181.9 190.7 201 198.3 189.3 180.3 173.6 168.7 166.4 167.5 165.3 169.5 167.6 162.5 162.4 163.4 150.8 150.3 153.6 156.2 159.2 163 161.3 157.7 158.2 168 172.5 179.8 186.5 187.4 188.8
238.4 232 219.6 206.8 202 202.2 203.6 207.3 211 219.8 220.5 222.3 220.7 219.4 218.5 203 198.1 187.2 181.7 175.8 172.6 168.8 160.3 149.9 140.4 138.6 138.6 138.6 140.4 144.4 145.6 145.4 144.8 146.8 148.8 148.9 148.7 155 164.2 171.6 167.8 168.7 168.5 158.7 158.7 158.7 165.1 170 169.9 174.4 177 184.5 199.9 206.2 199.4 190.5 180.9 175.4 174.9 167.8 165.6 168.9 170.7 168.9 167.1 167 164.2 156.2 155.4 159.5 162 163.9 165.5 162.5 161.1 164.6 170.3 177.3 181.8 185.6 188.8 191.5
236.1 230 219.9 211.1 205.9 204 206.2 209 223.2 238.6 243.7 244.1 239.2 236 233.4 225.3 211.3 199 191.3 184.9 178.7 171.4 159.7 146 139.5 138.6 137.9 145.9 151.9 152.4 160.2 162.4 161.7 155.2 155.6 161 162.2 167.1 172.4 171 174.3 168.6 162 158.7 158.7 158.7 167.4 168.6 170.1 176.4 191.4 201.2 207.5 202.3 196.4 191.2 181.5 179.9 180.1 177.9 178.9 177.5 173.8 172.8 173.5 170.4 170.1 165.5 160.4 162.2 167 171.3 174.1 166.6 167.6 173.3 174.2 180.9 187.4 192.9 198.3 200.8
230.6 224.4 219.3 212.4 207.5 206.8 207.7 211.3 227.8 246.4 261.7 264.6 262.8 255.2 242.6 236.5 230.5 219.2 212.6 200.5 191 176.6 158.9 146.4 141.8 141 146.8 156.3 157.6 166 174 173.2 162.2 161.5 156.7 158.6 160.6 170 180.4 172.5 164.1 158.7 158.7 158.7 158.7 158.7 171.2 172.1 173.6 182.5 191.5 204.4 220.7 210.5 199.3 190 184.7 184 184.2 188.7 189.5 187.3 181.5 178.8 176.6 176 172.7 171.5 168.1 173.3 175.5 177.5 172.4 168.7 178.3 184.2 190.8 192.2 194 201.9 207.3 209.1
219.8 218 213.8 213.1 209.2 209 209.8 213.2 225.3 247.5 265.4 267.3 266.7 259.5 248.9 240.9 235.8 230.1 224.5 214.9 201.9 183.6 165.5 155.2 156.1 158.1 161.4 164.3 170 179.5 180 167.3 165.1 160.1 158.1 158.6 163.4 169.7 178.4 174.2 165 158.8 160.7 158.9 158.7 163.6 174.1 188.8 199.8 198.7 201 202.3 208 209.1 199.2 192.2 190.4 193.3 194.4 198.4 199.4 192.8 185.3 182.4 179.8 178.5 177.3 174.5 173.6 178.1 180.1 180.7 174.1 173.1 186.3 195.7 202.4 200.8 208.5 209.9 209.5 210
213.7 212.8 211.4 209.8 208.1 207.8 208.3 211 218.1 235.5 253.2 259.5 258.4 250.7 243.6 239.5 237.8 233.3 226.2 219.6 209.6 196.3 177.6 174.6 170.2 169.7 174.5 171 172.1 176.5 173 174.5 172.8 164.5 169.7 172.2 176.6 177.9 181.8 173.5 164 166 168.1 169.9 163.3 168.4 179.8 204.1 207.3 214.1 214.7 212.6 210.9 208.2 198.9 195 202.1 202.3 200.7 205.7 203.5 195.3 188.7 185.5 183.4 181.7 180.3 178.6 177.6 180.2 183.1 183.4 176.3 183.7 197.7 203.4 209.1 211.8 214 212.1 212.8 212.4
210.2 210.1 209.5 208.1 206.6 206.4 206.1 206.6 211.3 223.1 230.8 241.1 242.7 240.6 237.4 237.3 235.6 230.3 225.3 221 212.9 204.6 191.7 182.1 181.7 180.5 179.2 174.5 172.5 183.5 191.3 184.3 177.4 172.2 173.9 178 174.2 175.9 171.2 173 166.2 170.2 170.1 170.7 172.2 188.7 192 204.8 209.3 220.2 224.7 223 218.4 210.8 202.4 201.1 203.5 206.2 205.4 206.6 204.4 198.4 193.1 191.8 189.6 187.1 183.3 179.5 179.8 183.2 188.1 186.5 182.2 194.8 203.5 207.2 211 216.3 217 214.6 213.5 213
205.5 207.6 206.8 204.9 203.6 202.1 201.7 202.2 204.7 208.4 215 220.1 224.3 227.6 232.1 233.5 231.8 227 222.6 218.8 213.4 207.6 200.2 192.5 187.9 186.5 186.6 180 174.3 178.5 180.4 180.8 179.3 174.3 172.9 174.6 174 172.5 171.3 166.5 165.1 168.6 174 181.2 188.2 198.3 195.5 213 229.3 234.9 235.8 234.6 229.1 220.5 207 204 205.9 211.2 214.8 218.6 214.5 203.2 200.1 198.6 193.7 191.5 187.8 182 182.8 187.8 191.3 189.2 186.8 198.1 203.9 209.7 212.2 216.9 214.3 213.1 212.4 212.9
199.3 200.2 200 198.9 196.6 195 192.6 192 193.7 194.5 201.2 205.5 212.3 219.8 225.2 227.4 226.4 221.7 217.4 213.8 211.9 207.9 202.7 200.1 193.4 190.4 187.3 179.6 180.4 183.9 183.6 183.9 184.1 179.2 177.9 185.9 185.8 185.9 181.1 177.6 171.6 179.3 190 189.7 201.4 209.9 206 224.3 229.9 234.8 242.3 242.7 236 224 213.3 210.9 208.1 212.9 222.5 225.1 218.8 213.1 207.7 203.5 199.6 197.9 189.6 191.9 192 190.5 194.3 188.3 189.6 197.8 203.4 208.7 212.1 213.5 212.2 211.8 208.3 210.6
192.9 194.3 193.7 192.8 188.5 185.3 183.5 179.2 181 184.5 190.5 197.5 202.7 210 215.9 219.4 217.4 211.2 206.3 205.4 206.5 205.6 203 200 196.1 192.5 186.2 187.3 190.8 194.8 200.1 196.6 194.9 188 187.2 191.8 192.8 189.5 186.5 182.1 183 195.4 196.7 211.3 206.4 209.8 212.2 223.4 236 241.7 241.9 237.6 233.9 225.2 219 212.9 216.3 220.9 220.1 221.9 221 222.1 217.7 212.7 205.1 201.7 202.2 203.4 203.7 202.3 196.2 185.6 193.2 199.2 203 209.3 211.2 210.9 210.4 208.3 208.5 214.8
188.1 187.3 186.9 184.6 181.4 177 173.6 170.7 171 177.9 184.8 189.8 195 201 205.1 208.1 204.6 195.7 195.5 193.9 194.2 197 197.8 196.3 191.7 186.7 183.8 189.2 196.2 200.7 205.7 208.6 200.5 197 197.1 201.5 194.3 190.6 195.5 191.1 189.4 203.2 215.6 226.3 223.8 214.3 229.1 245.6 242.4 250 255.5 249.8 239.4 232.3 222.1 218.9 222.5 227.2 229.5 223.3 221.6 220.5 217.8 213.8 206.5 203.9 208.6 212.1 213.9 209.9 199.5 187.9 196.5 205.2 205.9 206.4 207.5 207.6 208.1 210.5 213.3 215.6
181.8 178.5 176.3 174 168.3 166 164.2 161.1 163.5 166.8 176.8 180.8 183.4 189.6 193.4 193 185.3 177.7 177 181.5 184.3 187.4 189.8 190.4 189.9 187.8 185.5 189.9 197.6 203.6 211.1 214.4 207.1 202.4 200.5 204.6 201 198.2 198.6 196.8 200.1 214 220.5 227.3 236 230.1 239.7 245.7 253.6 268.7 267.5 264.6 245.4 233.1 229.5 232.2 237.5 232.2 237.7 228.5 222.5 219.2 217.2 212.6 208.4 208.8 212.2 215.8 218.4 215.2 198 190.4 194.7 201 206.9 207.7 205.3 204.3 203 207.7 208.4 212.3
173.9 171.5 163.1 157.2 156.1 156.8 156.5 153 155.8 161.8 164.5 169.2 174.4 178.9 180.7 178.1 169.7 169.7 173.1 177.3 183 186.3 189.9 192.3 190.5 188.8 187.6 193 201.4 207.8 210.1 210.8 209.6 207.2 205 209.1 209.5 211.8 211.1 203 207.7 227.3 244.4 241.9 242.4 262.2 266.6 273.5 272.2 272.7 280 269.1 251.9 244.2 239.5 245.7 245.3 240.4 232.1 228.9 222.8 220.5 218.8 215.6 216.1 217.3 218.4 220.1 221.4 216.3 199.4 197.8 193.9 198.6 200.5 202.9 198.4 196.1 198.9 202.4 208.1 221.5
163.6 159.2 152.8 147.1 146 146.6 146.8 149.1 154.2 160.6 164.4 163.7 167.3 168.8 170.4 165.6 162.8 169.4 174.8 181.8 186.3 189.2 193.2 193.2 192.5 190.2 191.4 195.7 202.9 212.2 216.9 215.9 212.7 213.1 214 216.9 217.6 224.1 213.7 213.1 220.9 237.2 260.8 277.7 270.7 271.5 291 297 296.5 288.7 284.7 272.1 264.2 248.6 252.1 257.5 251 245.2 246.2 233.4 228.8 224.9 222.6 223.7 223.3 224.8 225 225.7 225.3 213.9 207.1 208.3 196.9 196.4 196.3 196.9 196.7 199.6 206.9 212 219.6 236.1
149.1 145 141.5 140.8 142.6 144.3 145.6 148.9 152.1 155.6 158 156.6 152.6 148.8 153.9 154.4 162.5 171.8 178.9 183.3 187.1 191 198.4 195.7 195.5 192.8 194.9 201.5 204.8 214 220.6 226.7 225.6 222 226.7 229.3 224.9 219.1 213 222.1 227 246 266.3 283.6 282.2 285.7 299.7 313.1 314.4 307.9 297.9 283 279.7 266.1 274 267.6 265.3 256.5 252.4 241.3 231.2 228.3 228.6 228.6 230.1 231.2 230.6 231.2 226 215.3 210.5 207.8 199.6 197.4 197.7 200.1 204.6 208.7 212.4 216.1 226.1 245.8
134.2 135.7 136.6 138.4 143.7 145 145.6 145.1 145.9 146.2 145.3 146.7 143.3 144 146.9 151.2 166 174.1 180.4 186.2 187 190.9 194.4 196.8 199 195.3 198.8 204.7 208.6 214.6 222.3 234.4 235.6 232.2 232.8 235 231.7 222.1 220.8 228.8 246.4 253.5 273 292 287.8 292.9 318.1 329.1 332 328.5 310.5 298.5 289.1 282.6 279.2 279.3 272.6 266.1 260.6 248 236.9 235.9 236.7 237.8 237.7 238.8 237.2 234.4 230.2 219.7 218.5 215.7 211.1 205.6 203.5 204.4 206.1 215.5 221.3 223.1 227.3 247.3
130.8 132.9 134 141.2 142.4 139.5 139.1 140.3 140.1 140.8 142.4 142 141.1 142.3 146 151.3 166.3 176.3 181.4 186.3 188.4 191.3 194 200.2 206.5 201.5 201.6 208.7 215.9 227.5 236.8 239.2 244.6 243.7 241.1 243.5 241.3 234.3 231 241.1 249.2 255.3 267.4 285.8 290.6 311.7 315.1 331 341.9 337 323.8 309.7 300 302.7 288.4 286.4 281.3 271.8 267.6 245.8 242.2 242.3 243.7 248.2 245.8 248 250.8 242.8 231.6 225.2 226.5 223.9 222 220.5 218.7 214.2 212.6 216 219.7 231.8 241.6 254
126.5 129.8 133.2 137.2 136 133.2 135.5 136.5 136.9 137.4 138.2 138.2 139.6 144 146.7 152.6 164.7 176 185.4 185.3 192 193.3 194.7 201.4 209.6 212.2 205.4 216.3 225.6 236.3 242 249.9 257.1 260.4 251.1 254.6 244.4 240.4 237.8 241.2 248.4 255.4 265.1 274.9 292.4 318.1 324.5 329.3 343.8 344.6 338.5 319.6 311.4 315.4 300.3 295.3 289.5 277.3 266.6 260.6 250.8 250.3 255.1 256.1 251.2 254.2 262.7 248.3 237.2 231.5 230.7 228.8 226.4 226.3 225.5 223.5 222.4 224.1 234.1 240.6 257.5 266.4
120 123.3 122.5 123.8 124.5 125.3 127.8 129.8 132.7 134.5 135 136.2 138.1 142.6 147.2 155.8 167.8 172.7 178.8 182.5 190.8 192.7 194.4 201.9 204.7 207.8 207.9 213 225.3 236.7 249.8 259.2 262.4 263.3 258.4 252.8 239.3 238.9 238.9 239.1 242.5 253 263 275.8 291.1 315.2 331.1 343.2 351.9 353.3 343.4 331.2 324.6 318.1 310.6 302.3 294.1 280.4 270.4 267.5 258.5 258.8 260.5 262.8 260.7 261.7 259.8 247.6 241.9 238.6 233.7 234.2 239.8 242.8 244.7 251.1 252.3 251.9 255.7 257.1 265.1 267.9
106.8 110.1 113 113.8 118.4 121.6 125.9 131.2 135.3 137.6 137.2 138.2 139.7 144 148.5 154.5 166.5 174.9 181.1 184.2 187.6 189.7 199.3 204.1 205.7 206.5 208.3 213.6 221.5 233.9 249.5 258.2 266.7 264.8 256.5 245.2 238.9 238.9 238.9 238.5 241.6 251.8 263.4 279.1 298.1 308.6 332 347.2 351 355.7 348.1 332.9 334.3 324.4 314.6 304.1 293.4 281.7 278.6 272.9 269.3 270.9 273.2 271 271.3 266.9 261.5 253.2 247 240.2 238.9 238.9 244.2 258.9 274.6 272.2 270.6 265.4 268 274.3 272.9 273.8
101 103.5 109.3 116.4 121.4 124 128.6 134.8 138.7 140.1 139.3 139.8 143.7 147.2 152.7 158.1 170.7 174.1 175.9 181.5 186 188.7 193.7 201.7 203.5 207.9 211.1 220 227.2 231.3 238.9 254.9 260 255.1 249.7 239.3 237.9 240.7 248.2 257.1 259.9 257.2 265.5 288.7 301.5 319.6 333.9 344.4 348.1 346.7 338.6 331.9 333.8 324 312.4 302.1 290 289 288.5 280.5 281.4 280.1 281.4 282.3 276.6 268.8 263.8 257.2 251.9 250.2 244.3 245.3 248.3 257.9 275.2 287.8 287.7 287.2 278.7 285.3 287.2 285.1
101 105.9 111.1 117 123.5 126.6 129.8 136.6 141.1 140.7 140.1 141.3 146.2 151.5 157.1 162 173.3 178.1 180.7 187.8 188.9 196.7 198 199.1 203.1 209.4 215.2 222.6 233.9 242.2 241.3 244.5 248.3 248.2 241.5 238.4 237.9 247.2 270.6 288.2 291.6 294.2 283.3 290 309.6 324.7 329.3 331.6 340.1 342.4 329.5 328.2 328.2 320.6 311.8 297.2 290.6 296.4 296 290.7 291.2 292.5 292.4 293.1 285.1 271.7 264.3 257.7 256.8 254.3 251.8 250.2 257.2 263.2 273.3 279.2 288.8 291.8 292.6 296 294.1 291.3
103.1 110.7 116.8 123.5 128.6 130.3 132.5 132.1 138.3 139.8 140.4 141.8 143.6 151.1 158.2 166 176 177.9 187.6 188.8 188.8 197.1 200 201.6 205.4 211.8 221.6 229.8 232 238.9 242.5 245.8 244.7 241.3 238.5 237.9 237.9 259.4 295.7 329.1 342.9 337.2 318.3 309.5 323.5 337.3 338.4 332.8 329.1 328.3 325.1 321.8 319.1 316.4 309.6 298.6 300.3 300.3 299.6 298.1 298.6 299.5 298.3 294.3 287.6 274.7 267.8 263.3 260.2 258.7 262.2 261.5 270.9 281.9 291.9 299.6 304.6 301.2 306.8 303.8 298.6 295.7
105.5 114.5 119.5 126.2 129.5 133 135.6 136.9 136.1 138 138.9 143.4 142.1 148.2 154.8 167.9 176.3 178.9 186.5 191.4 191.3 196 204.4 205.9 208.5 212.3 221.7 225.6 231.6 236.9 245 249.7 248.8 238.8 237.9 238.2 244.7 270 309.6 346.3 356.8 355.5 348.4 332.1 331.6 338.2 341.3 334.5 325.4 319.7 317.3 314.6 310 307.4 303.5 300.1 302.3 298.9 296.6 298.7 301 301.1 299.7 295.1 285.8 278.6 278.7 273.6 268.2 265.7 272.3 275.5 286.2 300.5 307.5 311.1 308.7 306.7 309.4 306.1 303.5 302.6
108.3 110 124 130.1 132.8 133.7 140.3 146.7 140.2 141.8 139 139.8 140.2 142.8 155.8 167.4 172.7 182.6 191.6 194.1 196.5 195.5 200.9 204.5 210.8 212.7 220 224.9 233.6 239.9 245.2 248.2 245.6 240.6 239 246.6 259 274.4 312.3 343.5 352 349.3 349.8 350.4 348.3 343.4 340.5 331.4 318 313.6 311.4 312.6 305.9 303.2 300.9 302.1 302.2 302.2 299.7 306.3 303.8 301.9 302 296.8 291.2 285.8 291 289.4 287.5 288.6 286.2 291.1 300 309.6 313.4 312.8 312.5 315.7 309.8 307 305.7 306.5
111.7 112.6 120.4 129.9 132.4 136.4 143.4 146.2 142.5 141.3 141.9 138.8 141 145.9 157.5 177.2 183.5 187.8 192.9 194.2 201.5 200.2 201.3 203.5 210.6 212.6 221 227.1 234.8 241.6 244.4 249.2 245.1 244.9 254.5 267.1 284.6 309.9 333.3 338.7 341 345 345.8 347.5 347.5 344.1 337.1 327 313.8 307.3 303.6 303.9 303.6 302.5 302.6 307.7 314.5 308.1 306.3 307.8 308.1 304.6 301.4 298.7 296.4 292.3 300.7 299.2 299.6 303.1 303.9 309.9 311.8 317.8 324.7 321.5 322.5 322.1 320.2 311.5 306.7 304.9
115.3 119.5 124.8 129.7 132 137.1 144.6 144.9 143.6 142.9 142.9 140 141 148.6 166.4 168.9 186.1 196.6 196.3 197.5 198.6 202.5 204.5 208.4 209.7 215.4 224.6 230.3 236.8 241.7 245.9 247.1 246.6 265.1 281.2 293.2 320.3 349.5 352.4 347.9 342.5 345.8 343.5 342.8 340.7 338 330.9 323.2 311.3 303.5 299.5 299.9 301.7 305 314.4 327.6 332.9 330.5 325 314.4 311.9 306.5 302.2 300.1 298.5 297.5 302.8 305.5 304.6 309.2 312.8 315 323.1 327.6 330.1 327.1 326.2 326.7 324 316.6 310.9 303.5
119.3 120.5 123.4 133.3 134.5 135.5 142.2 143.2 144.9 145.2 144.1 140.3 143.7 149.3 161.2 169.8 182.8 201.7 200.4 205.7 201.4 205.3 210.2 217.6 217.3 218.6 229.9 234.5 240.3 244.6 247.7 249 246.5 279.1 296.6 318.5 347.6 355.7 354.4 347.4 342.4 343.2 342 339.9 334.5 330.2 326.1 319.1 307.9 300 298 298.3 302.9 314.9 326.1 341.8 345.6 344.3 335.8 328.2 317.4 310.3 306.3 303.2 300.1 301.6 306.8 309.7 309.4 311.9 314.5 318.6 326.4 331.1 331.5 328 327 330.9 324.3 315.6 310.1 304.1
