UK/data/sn/sn99_OST50GRID_20230518/SN99.asc
ncols 200
nrows 200
xllcorner 290000
yllcorner 290000
cellsize 50
[rows 105 to 139 of 200, columns 0 to 77 of 200]
430.8 429.2 427.9 426.9 424.7 424.3 422.8 423.5 423.5 422.6 421.8 418.7 418.7 419.6 420.6 421.1 421.4 422.1 423.6 424.7 428.2 433.5 435.3 436.8 438.5 441.4 443.3 445.1 446.6 448.9 449.2 449.6 450.1 452.4 455.8 453.7 445.8 436.7 430.2 426.4 425.9 425.4 424.9 426.5 428.6 429.9 431.3 433.1 434.2 435.2 436.7 438 437.3 437.4 437.5 436.8 437.3 438 440.2 442.4 442.6 442.1 440.9 441.6 442.5 439.1 435.8 432.5 428.5 423.7 413.5 405.9 401.7 398.2 394.6 391.1 381.3 376.3
430.6 429.1 427.9 426.5 425.5 424.2 422.8 420.9 420.7 420.7 419.7 418.9 418 418.6 419.2 420.2 420.3 419.5 420.1 421.2 422.7 425.4 428.7 431.8 436 438 439.6 441.4 443.4 445.9 447.6 448 449.9 452.4 453.6 449.7 440.7 434 428.2 429.9 431 430.2 432.8 433.1 432.5 432.9 434.3 436.6 438.5 439.3 440.5 441.3 441.4 442.8 442.5 441.3 439.8 440.3 441.1 443.5 444.3 443.7 442.1 443.3 442.7 439.6 436.2 433.5 428.9 425.8 418.1 408.1 403 399 396.1 392.8 382.8 378.2
430.9 429.3 428.8 427.3 425.2 423.8 422.8 422.7 420.8 419 419.1 418.3 418.2 418 418.4 419 419.3 418.7 419 419.6 421.1 424.4 427.4 430 433.7 436 438.1 439.5 442.2 444 445.4 448 449.4 452.8 453.1 447.2 437.1 431 431.4 433.7 435 436.7 439.3 438.7 437 437.2 437.1 438.9 440 440.9 442 443.3 444.7 445.9 445.8 444.5 442.8 442.3 443.2 444.8 445.9 444.3 442.9 442.8 442.1 439.1 436 433.9 429.9 426.6 420.2 411.5 405.4 400.8 397.4 393.8 389.4 381.5
431.2 430.1 429.5 427.8 425.6 424.5 424 424.2 421.9 420.1 418.8 418.3 417.6 416.7 417.3 418.1 418.6 418 417.9 419 420.9 424.6 427 430.1 432.8 434.7 436.7 438.2 440.8 442.8 445.6 447.8 449.8 451.7 450.5 440.1 431.3 428.3 431.2 435.5 437.4 439.6 444.8 443.6 440.6 439.2 438.2 439.9 441 442 443.3 444.4 446 448 449.6 449.9 448 447.5 447.4 447.4 446.9 446.1 444.3 442.3 440.8 438.6 435.8 433.6 430.1 427.2 422.4 415.1 408.2 403.8 399.9 395.5 390.5 384
433.4 430.9 430.7 429.1 426.8 425.1 425.2 425 424.2 423.7 419.8 418.6 418 416.7 416.3 417.1 417.6 417.3 416.6 417.3 421.7 425 427.1 428.8 431.2 433 435.5 437.4 440.5 442.7 446.9 448.5 449.3 449.2 444.6 433.7 427.6 427.1 432 436.7 438.4 439.7 445 445.6 441.8 439.7 439.7 440.8 442 443.1 444.5 445.4 447.1 450.6 451.7 451.5 450.5 449.7 449.7 448.8 448 446.7 444.7 442 439.1 438.3 435.8 433 429.7 426.9 420.2 415.8 411.7 406.3 402.3 397.7 392.2 385.1
433.5 432.5 432.5 431.9 429.5 426.7 426.3 425.3 427 424.8 422.5 419.9 418.3 417.5 416.4 416.3 416.6 415.9 416.2 416 421.3 424.5 425.6 426.9 428.6 432 434.2 436.5 439.7 442.5 444.6 446.9 448 446.4 441 431 425.4 427.8 432.4 434.6 438 440.2 443.5 446.9 445.8 444.6 444.6 445 443.9 444.7 445.8 446.8 449.2 451.6 453.2 452.4 451.5 451.5 451 450.5 448.6 447 444 441 438.3 435.5 434.3 431.5 428.1 423.9 419.5 415.8 411.8 406.9 403.3 399.9 396.2 387.7
434.1 434.2 433.9 432.7 430.8 429.4 431.8 430.6 430.1 427.9 425.5 422.9 420.4 418.8 417.7 417.8 417.3 417.5 416.1 413.9 420.2 423.4 424.4 425.2 426.6 429.7 432.5 435.1 437.6 440.3 444.2 445.5 446.7 445.2 436.1 427 424.4 428.3 430.6 433 437.9 440.3 442.8 446.3 447.2 447.4 448 448.4 449.6 449.4 447.8 448.7 453.3 455 453.2 450.2 451 452.1 451.3 450.7 449.4 447.7 444.4 441 438.4 435.5 432.3 429.3 426 420.9 417.4 414.7 410.7 405.9 403 400 396.6 390.1
435.6 435.5 434.2 433.4 431.7 434.7 436.6 436.7 435 431.9 430.3 426 423.4 421.5 421 420.5 419.6 418.7 417.9 415.5 413.4 421.8 422.6 423.5 425.1 427.3 430.1 433.3 436.1 441.9 445.8 444.9 444.7 441.3 431.6 423.7 421.3 426.1 427.9 430 434.1 438.7 441.5 444.2 446 447.1 449.2 449.6 448.5 447.8 448.8 450.6 453.1 453 447.9 445.4 449.3 449.9 450 450.9 450.7 448.5 444.8 441.4 438.8 435.8 432.7 428.4 423.4 417.3 413.5 410.3 406.5 404.2 402.2 398.7 392.8 388.6
435.3 435 433.7 433.9 432.8 439.9 442.7 443.4 441.1 437.4 432.2 430.1 428.3 426.2 425 424.6 424.4 422.7 420.9 417.3 409.4 419.7 421 422.6 422.9 423 431.2 435.4 439.1 443 443.8 443.7 441.5 435.4 426.2 420.2 420.5 424 425.3 428.8 431.2 438 441.1 443.7 446.5 447.5 448.4 447.9 447.2 447 447.6 447.3 447.1 443.5 439.9 439.6 442.9 443.4 446.3 449.2 447 443.6 437.5 434.7 434.1 431.6 428.4 423.8 419 414.5 410.6 407.5 405 402.6 400.6 397.6 392.6 387.3
435.5 434.5 434.4 434.1 434.1 437.2 449.5 447.7 446.1 441.6 436 432 430.3 428.4 427.4 426.3 424.4 421.9 418.8 413.7 406.9 417 418.9 415.7 420.7 426.6 435.2 438.8 442.6 444.8 442.9 440.2 435.4 427.9 421.8 418.4 419.2 420.1 421.8 428.1 432.5 437 440.3 444.1 445.9 445.9 447.1 446.9 445.7 444.4 443.5 441.3 440 438.2 436.2 435.1 435.4 437 441.6 439.9 436 433 427.8 424.9 423.7 421.9 420 417.2 414.7 411.8 407.8 405.1 402.6 400.2 398.5 397 394.1 388
435.1 434.1 435.3 436.5 437.7 449.5 456.3 452.9 449.6 445.7 438.7 433.7 430.1 425.6 423.7 422.5 420.6 417.6 414.2 408.1 405.7 412.9 410.1 417.3 423.3 430.7 436.8 439.6 441 443 440.3 436 428.5 422.4 417.8 417.1 418.3 418.9 421.9 427.9 431.8 436 439.3 441.9 443.2 445.1 446 445.7 443.5 441.6 439.5 439.1 437.4 435.7 434.2 432.5 431.5 432.2 432.5 428.8 426.7 424.8 422.5 420.2 418.5 417 414.9 413.4 411.1 407.2 404.4 402.1 400.3 397.9 396.9 395.5 392.1 387.4
434.1 434.5 437.2 438.8 440.5 444.3 454.9 453.6 447.9 442.5 436.2 430.7 425.3 420.6 418.4 417.4 415.9 412.9 409.9 405.4 405.6 407.7 414.4 419.9 426.2 431.7 436.1 439.1 439.4 438.3 435.8 429 420.9 416.8 416.1 417.3 418.3 419.4 423.7 426.7 430.6 435.9 439.7 441 441.8 444.8 444.8 441.9 441.9 440.2 438.5 438.5 436.6 435.2 433.5 431.7 429.7 427.9 426.1 425 424.1 422.7 419.8 417.1 415.1 413.8 412.7 410.6 408.5 404.3 401.1 398.8 397 395.9 395.3 393.6 389.1 386.8
430.9 433.5 437.8 441.1 445 443.5 444 444.3 440.6 436.2 430.9 426.1 420.6 416.5 414.4 413.4 412.1 410.2 408.1 402.8 404.7 408.1 413.8 418.9 425.2 431.1 434.9 438 437.4 435.7 432 424 417.1 415.6 416.7 417.8 418.8 420.9 423.4 425.4 431.6 438 440.3 440.5 441.9 443.4 441.3 439.7 439.5 438.8 437.1 436 435.1 434.9 434.4 433.5 431.5 429.4 427.6 425.1 423.1 420.5 418 414.9 413.1 412 410.4 407.6 405.8 401.5 398.7 396.3 395.4 394 393.5 391.8 388.7 386.1
427 430.6 437.7 442.5 447.3 448.4 443.9 440.2 437 432.4 427.3 421.7 416.8 414.4 412.4 411.8 411.3 410.2 407.2 402.8 404.8 407.3 411.1 418.5 424.3 425.6 437.1 435.6 433.7 428.9 425.3 417.2 414.9 415.8 417.4 419.5 421.1 423.1 425.6 428.2 434.6 437.7 439.4 439.1 439.5 439.1 436.3 437.8 437.9 436.9 435.8 436.3 436.1 435.8 434.7 434 432.5 430.7 428.2 425.6 422.3 418.8 415.4 412.4 411.3 409.8 407.7 404.1 401.4 398.2 395.7 393.5 393.1 391.9 391.4 389.6 387.5 385
423.2 425.9 431.4 437.3 441.4 442.7 441.3 434.1 432.5 428.3 423.4 419.1 414.2 411.3 411.9 410.5 409.4 408.8 405.7 403.6 405.7 409.7 414.8 419.2 421.4 426 427.3 428.6 424 421.4 417.3 413.4 415.8 416.7 418.3 420.7 423 425 427.2 429.8 435.9 438.2 441.2 441.4 439.6 433.5 433.6 436.1 436 434.3 435.9 437.2 437.7 438.2 435.8 434.1 431.7 429.1 426.6 423.7 420.3 415.1 411.7 409 408.5 406.9 404.8 401.2 397.6 395 392.9 391.2 390.1 389.7 389.2 387.2 385.4 384.2
421.4 421.7 424.2 427.7 429.3 428.7 425.7 423.8 424.3 417.5 414.4 411.9 409 408.3 409 408.8 407.6 405.9 402.4 403.8 407.4 409.2 411.7 413.6 416.2 418.5 420.7 421.5 420.7 418 413.2 414.6 415.7 417.1 419.2 421.3 423.8 426.3 428 432.2 436.5 438.4 439.6 436.9 433.8 428.6 429.2 430.1 429 431.6 435.7 438.3 439.2 436.7 433.9 431.9 429 426.4 423.4 420.5 417.6 412.5 410.2 407.3 405.1 402.6 402.2 400.5 396.9 394.8 392.6 390.1 389 387.6 386.9 384.9 382.6 381.1
419 420.6 421.3 419.5 418.1 416.8 415.6 412.8 410.1 407.3 406.1 405.9 406 406.8 407.5 407.2 406.1 404 398.5 404.7 406.8 407.7 409 410.5 414 413.4 415.5 417 416.9 414.8 411.7 414.7 415.2 416.7 418.7 422.6 426.7 427.9 429.7 432 435.4 437.9 434.3 429.9 425.3 424 424 424.2 426.4 428.5 434.2 437.2 433.7 431.1 428.8 425.9 423.2 421.8 420.3 418.6 415.9 412.3 409.6 407.5 405 402.6 400 397.9 395.8 394.2 392.1 390.8 389.5 388 386.5 386.4 384.9 381.5
418.4 420.2 420.3 418.2 415.3 413.3 411.6 409 406.5 404.3 403.1 403.2 404.3 405.3 406.1 406.6 405.3 403.3 397.3 404.8 405.9 406.3 407.1 408.1 409.8 411.6 412.9 414.5 414.4 411.6 410.8 413.5 414.8 416.4 419.9 427.8 430.9 430.4 431.2 433.2 435 432.9 427.9 425 420.2 420.6 421.8 423.4 423.9 425.4 430.2 428.3 424.9 423.1 421.5 420.8 420.1 420.3 419.8 418.1 416.5 412.2 409.1 407 405.2 402.7 400.2 398.5 396 394.1 392.6 391.1 390 388.9 387.9 387.1 385.6 384
418.1 420.2 419.6 417.9 416.1 411.7 410.4 408.4 405.6 403.5 402.4 402.3 403.5 404.7 406 405.8 404.6 402.5 395.9 402.7 404.1 404.6 405.7 406.5 408.7 410 411.2 412.2 411.8 409.5 410.3 412.3 413.7 417.5 422.2 430.4 430.8 430.5 430.7 433.2 434.6 431.8 427 422 418 417 420.7 421.9 420.8 418.6 415.6 414.8 415.9 417.8 418.9 419.3 420.7 420.6 419.4 417.9 416.2 413.2 408.7 406.4 404.6 401.9 399.5 397.9 395.7 394.3 392.8 391.5 390.4 389.5 388.6 387.6 385.9 384.2
419 421.1 419.5 417.8 416 412.1 409.9 406.6 404.7 402.7 400.8 401.8 402.9 404 405 404.9 403.5 402 394.7 399.8 402.3 403 403.9 404.6 406.3 408.2 409.2 410.1 409.5 408.9 409.9 413.1 415.8 419.4 425 429 425.3 425.9 434 441 438.6 433.2 429.2 424.4 419.1 413.6 418.6 416.1 412 409.7 410.3 412.9 414.6 416 416.8 418.9 420.4 419.7 418.5 416.8 414.6 411.1 407 404.8 403.2 400.6 398.6 397.1 396 394.5 392.9 391.7 390.8 390 389 388 386.6 384.7
418.4 419.3 418 416.6 414.9 412.2 409.7 407.1 404.3 401.7 400.1 400.9 402 403.4 403.6 403.8 402.2 401 395 397 400.8 401.5 402.2 404 405.3 406.4 407 407.1 406.1 408.9 409.2 411.9 415 419.9 424.9 421.9 422.3 431.1 444.9 447.8 439.6 432.7 427.1 424 419.5 414 409.1 406.8 405.7 407 409.2 413.1 413.9 415.2 416 418.8 418.9 418.6 418.1 415.8 413 408 405.5 402.3 400.6 398.5 396.5 395.9 394.5 394 392.7 391.5 390.8 390 389.1 388.4 387.1 384.6
414.8 418.5 417.4 416.5 415.4 413.8 411.9 408.5 405.5 402.3 400.2 399.8 400.6 401 401.5 400.7 399.3 398.5 395.4 392.7 398.7 400 401.4 402.2 402.7 401.5 401.1 400.5 403.2 406.9 408 409.8 413 418.5 420.3 421.3 423.2 438.9 447.5 447.6 438 430.7 424.1 419.4 413.6 408.8 403.6 402.7 404.7 406.7 411.7 412.8 413.2 413.5 413.5 415.7 414.9 415.7 413.9 411.5 408.4 403.5 403.1 397.6 397.1 395.9 395.5 394.7 393.8 392.4 391.4 391.1 390.8 390.1 389.4 388.4 386.1 386.9
407.8 415.6 417.8 418.4 417.1 413.9 410.9 408.5 406.3 403.4 400.3 397.3 397.3 397.2 397 394 394.4 394.3 389.9 393.2 396.7 398.9 400.1 399.7 398.2 397.7 397.6 398.2 400.8 405 406.3 407.4 412.1 415.5 420.4 423.4 430.9 442.7 448.2 440.8 433.3 425.1 417.6 411.9 407.1 403.1 400.9 401.7 404.4 408.9 409.8 409.9 411.1 411.1 410.5 411.1 405.7 410.2 406.6 406 403.9 401.3 397.6 396.3 395.5 395.2 393.8 393.2 392.3 391.2 390.9 390.3 390 389.8 389.2 388.2 388.8 388.3
402.4 411 413.8 416.3 416.3 413.4 409.3 407.4 403.7 400.6 397.4 395.7 394.3 394.2 391.9 390.3 390.4 388.9 389.5 383.4 391 396.6 398.3 394.5 394.1 395.1 395.5 394.2 398.2 401.7 403.8 405.8 406.8 411.7 419.9 428.4 436.6 445.2 443.2 434.6 427.9 421.2 414.6 407.5 402.4 400.5 398.5 400.9 405.1 406.1 404.5 404.7 405.1 404.7 403.5 402.5 398.3 400.9 400.9 400.5 399.2 396.2 395.6 395 393.9 393.5 392.7 391.8 390.8 390.3 389.8 389.2 389.3 389.5 390.9 391.3 390.7 389.7
397.5 405 409.3 411.7 412.1 410.7 409.6 406.1 403.2 400.3 397.4 396.2 393.9 393.4 392.5 394.1 394.2 394.1 392.2 392.2 375.6 392.7 394 391.7 389.9 392 393 394.5 396.5 398.6 402 401.5 402.6 407.8 423.3 432.9 440.3 444.7 436.2 428.9 422.7 416.8 411 404.5 400.3 397.4 395 398.7 399.7 399.1 397.6 397.8 396.7 395.4 394.9 392.3 385.9 394.2 397.1 398.1 394 394 395.2 394.7 393.8 393.2 392.4 391.7 391.6 390.7 390.4 390.2 390.9 391.9 393.4 393.3 392.2 391.2
391.4 394.3 399.9 404.6 405.9 406 406.3 404.9 403.7 402.1 401.6 401 399.2 397.6 395.6 394.7 393.1 390.8 388.7 388.4 387.3 384.4 388.6 388.2 385.9 387.5 390.9 393.1 394.8 396 397.7 399.1 401.5 408.2 425.3 437 440.5 436.6 431.6 425.4 418.8 412.6 406.1 401.7 398.9 395.2 393.4 393.4 395.2 393.8 393.2 392.2 390.7 388.5 382.4 378.7 382.5 391.1 394.3 392.8 392.5 393.2 393.7 394.1 394.2 393.1 392.7 392.1 391.6 391.8 391.6 392.1 393 394.2 395.5 395.6 394.5 394
389.4 392 394.1 396.6 397.3 398 398.5 399.5 399.3 398.2 396.4 394.4 393.4 392.4 389.1 387.8 386.6 385.2 384.4 384.6 375.6 375.5 386.5 385.1 382.6 385.6 390.5 392.3 393.2 393.4 396.1 397.8 401.8 411.4 421 435.6 435.4 430.2 426.9 421.5 414.6 409.8 404.6 401.4 396.7 392.7 391.5 386.6 388.6 386.9 385.1 381 377.7 375.2 373.7 376 383.3 390.7 391.9 391.7 391.8 392.2 393.5 394.6 395.3 394.1 394 393.6 393 392.9 394.1 395.3 396.4 397.2 398 397.9 398.3 398.9
388.6 390.6 392.1 393.3 393.6 394.1 394.8 395.9 396.1 395.8 393.6 392.2 391.2 390.9 389 386.4 383.7 381.2 381.9 381.9 370.6 374.4 381.2 380.7 374 383.9 386.6 389.9 391.2 393.1 396.1 398.7 402.8 411.9 423.1 434.3 430.5 428.7 424.8 419.8 412.7 408.1 402.1 398 391 387.5 387.3 386.6 380.5 381 378.3 375.2 372.9 370.9 368.9 374 383.6 387.3 390.1 389.4 390.8 391.2 393.5 395.1 395.7 396.4 397.4 399 400.3 400.9 401 401.7 402.8 402.3 401.4 401 401.5 401.4
387.5 388.9 390.2 390.5 390.9 391.6 392.4 393 394.5 394.3 392.3 389.6 388.1 386.1 384.2 381.8 379.7 379.6 378.9 375.4 367.9 370.9 376.4 372.7 378.3 380.7 380 381.6 386.1 392 394.8 402.3 408.6 414.2 429.7 435.6 431.1 428.6 424.2 417.5 409.4 403.1 393.9 393.4 390 382.3 380.7 379.1 377.5 375.1 372.6 370.6 369.5 367.2 366.6 371.4 378.8 384.6 384.7 387.6 389.2 390.9 396 397.9 397.8 397.7 401.6 408.7 409.2 408 406.4 405.9 405.7 405.3 405.6 405 403.7 403.2
386.2 387.5 388.8 389.1 388.9 389.4 390.4 391.5 392.6 392.4 390.9 388.1 386.2 383.8 381.8 379.3 376.9 376 375 370.6 363.2 364.3 374 367.7 376.7 375.4 375.3 380.9 386.5 392.1 395.9 401.6 411.3 422.6 438.9 439.4 432.8 425.5 417.9 410.2 404.2 401.7 389 380.8 379.1 376.5 374.1 372 371.8 368.4 367.8 367.6 365.3 362.1 361.5 364.3 371.5 378.4 385.9 387.7 389.8 395.4 400 401.2 401.4 406.4 410.3 415.9 414.8 413.2 411.7 409.8 408.8 408 407.8 407 406 403.8
384.2 385 386.6 387.9 388.9 389.9 389.7 390.1 390.6 390.5 389.6 386.9 385.3 382.8 379.7 377.3 375.3 374.2 373.2 372 367.1 366.4 369.8 361.7 368.5 370.8 374.3 381.3 384.3 390 397.4 409.9 425.2 433.8 434.4 432.7 425.1 417.2 410.3 408.4 405.2 399.8 395.8 380.8 374 370.9 369.9 367.1 367.8 363.8 363 360.7 359.1 358.8 354.2 358.1 362.2 377.8 384.2 384.5 385.5 393.6 399.5 402.5 408.4 416 420.9 421.7 419.1 416 412.6 410.6 409.8 409.1 408.4 407.4 406.1 405.9
384.3 384.4 385.8 387 387.3 388.2 388.7 389.7 389.8 389.5 388.6 386.3 384.4 382.6 378.9 376.5 374.6 373.3 371.8 370.3 367.7 355.1 356.3 355.7 365.8 368.2 370.8 374.3 374.8 384.3 399 413.8 425.4 427.6 424.9 421.6 415.7 412.6 410.8 408.4 405.7 403.3 400.9 391 372.9 368.9 365.7 361.7 359.5 359.2 355.6 355.8 356.4 349.3 348.6 351.4 352.6 368.8 376.9 380.8 385.5 394.2 401.3 405.7 411.5 424.5 425.6 423.5 420.3 415.7 412.2 410.6 409.7 408.8 408.1 407.2 406.6 407.1
383.4 383.5 385 386 386.5 387 387.7 388.2 388 387.6 386.3 384.9 383.7 381.7 379.1 377.9 374.9 371.9 370.9 369.1 367.3 363.5 349.9 358.2 362.2 364.8 366.9 367.1 371.8 386.2 396.3 406.5 414.3 417.7 417 414.9 411.2 410.2 409.9 408.6 407.3 405.8 404 401 383.6 367.3 360.2 360.5 354.8 354.5 349.4 352 349.4 343.5 343.1 345.4 347.3 362.5 375.8 382.9 390.6 400.3 406.7 409.1 419.2 426.9 425 421.1 418.3 413.7 411.5 409.5 409 408.1 407.5 406.8 407.2 412.2
383.9 382.8 382.4 384.6 384.9 384.8 385 385.9 385.6 385.6 383.9 384 384 382.7 380.4 377.9 375.9 372.2 369.9 368.3 367.1 364.4 345.7 345.1 357.5 359.6 360.6 363.1 369.6 383.8 392.9 404.4 411 413.8 413.4 410.4 404.5 406.3 408.1 410.3 410.3 407.6 404.2 399.8 391.6 371.6 357.8 356 351.6 350.9 348.1 346.1 346.5 337.9 341.2 340.7 347.3 362 378.8 390.6 397.8 405.1 408.5 409.9 417.7 421.4 419.5 416.7 414 411 409.2 408.6 408.5 407.8 407.6 407.3 416.5 416.3
383.9 383.1 382.4 382.5 382.6 382.6 382.5 381.6 383 383.6 383.5 384.7 386.3 385.4 382.9 379.1 376 373.6 371.6 369.6 366.9 360.4 340.5 340.9 349.2 354 354.6 357.8 365.6 381.3 391.8 400 405.4 407.2 402.7 394.2 395.4 400.8 407.6 410.7 409.3 405.2 399.2 392.8 383.1 361.4 353.4 350.5 349.3 345.6 342.7 342.1 341.3 334.4 335.1 338.8 350.4 371.2 386.3 393.6 399.3 402.8 406.9 412.9 418.3 418.3 415.5 412.4 410.5 409.6 409.8 409.7 408.2 408 407.6 411.1 426.7 429.4
