WholeMapElevations/data/ng/ng95_OST50GRID_20230518/NG95.asc
ncols 200
nrows 200
xllcorner 190000
yllcorner 850000
cellsize 50
[rows 35 to 69 of 200, columns 0 to 79 of 200]
582.7 584.3 589.8 596.9 593.9 575 571.5 577.5 582.4 592.4 607.8 616.7 628.4 641.7 650.1 663.4 674.2 682.4 691.2 686.8 667.8 646.6 640.4 653.7 655.9 679.6 711 709.3 739.5 729.8 735.3 771.1 771.1 726.8 707.9 665.8 645.4 634.5 598.9 578.8 559.5 538.4 528.1 528.1 528.1 531.7 536.4 563.5 585.1 614 656 719.5 767.9 806 840.9 842.2 804.4 777.4 746 735.9 735.6 741.5 761.3 794.9 863.2 896.4 898.2 900.7 927.1 936.3 922.8 889.3 852.8 804.1 735.7 690.4 680.4 699.7 748.2 811.7
651.4 646.9 647.6 647 638.3 623.7 605.5 602.5 607.5 611.1 616.6 620.3 632.1 641.4 654.2 670.6 690.9 709.4 724.9 733.8 717.8 708.5 700.6 699.8 689.7 715.9 754.6 773.3 795.8 809.4 804.4 796.6 812.6 784.7 786 734.6 733.4 659.7 615.4 591.1 569.8 545.3 530 528.1 528.1 528.1 537.1 565.5 589.7 621.3 668.7 727.1 777 816.4 855.9 897.1 849 833.1 782.5 770.4 782.6 799.6 815 820.8 909.9 948.4 938.2 937.8 947.1 948 943.9 910.9 876.9 853.8 803.2 762.6 747.1 737.1 783.6 832
697.8 696.8 698.3 696.4 680.9 667.1 651.5 635.7 628.6 624.5 626 631.4 638.9 645.3 662.8 683.1 711.5 734.4 755.4 772.8 778.2 744.9 728.2 714.5 718.7 761.7 796.9 816.7 835.3 864.6 857.2 850.3 856.9 840.6 841.1 795.9 757.8 672.8 635.2 603.1 578 552 539.1 534.6 528.1 528.1 545.1 572.5 602.8 635.6 671.6 726.1 773 816.8 865.2 910 910.9 919.6 864.9 847.2 865.9 884.9 895.1 846 931.6 968.3 971.1 950.3 917.9 910.5 911.4 897 862 835.1 848.8 828.7 803.6 801.1 812.7 852.4
709.3 709.6 712.5 718.8 719.6 707.6 694.6 681.4 668.1 658 653.1 654.4 656.2 668.5 674.7 691.7 723.7 755 781.1 804.4 815.1 771.3 744 738 751.9 809.2 836.5 862.7 873.4 896.7 904.6 880.1 845.8 815.7 801.1 778.2 733.5 672.7 637.5 608.3 587.7 561.4 542.8 536.8 532 533.8 552 579.8 610.1 643.2 679.5 718.3 761.5 818.3 866.2 918.9 958.9 985.4 978.5 957.2 947.1 938.3 924.9 910.3 940.9 972.8 946.1 921.3 903.8 868.9 874.1 864.6 847 790.1 834.3 849.6 839.6 842.7 833 846.5
711.9 714.4 720.8 724.9 731.2 735 737.4 731.5 717.6 704.2 686 681.6 686.1 683 685.8 706.3 738.4 772.1 802.8 830.4 849.2 799 766.8 763.8 778.7 830.5 867.7 900.3 921.7 915.8 870.7 834.7 785.6 750.2 724.5 713.3 695.6 662 635.1 615.8 597.7 580.8 561.6 542.2 537.5 547.4 566.3 589.7 616.6 647.3 682.5 725.1 777.7 826.4 879.6 927.2 969.6 1007.2 1022.3 998.8 983.5 966.2 952.4 942.6 932.5 940.7 927.9 897.1 875.4 828.9 828.1 822.4 806.3 745.5 791.5 796.9 793.5 807.3 806.6 816.8
715.9 721.5 727.6 733.5 739.1 745.6 754.4 762.4 757.8 727.8 702.6 695.5 693.9 692 706.2 723.6 761.1 794.8 825.1 855.5 860.2 814.8 792.6 792.7 804.2 844.5 896.3 930.9 936.2 875.1 821.2 787.8 737.2 709.5 694.9 684.5 678.2 651.3 635.6 618.8 612.9 588.2 585.9 563.8 548.5 559.5 575.6 599.9 626.7 653.3 685.6 727.3 784.3 828.2 877.5 937.2 974.8 1013.9 1052.6 1021.3 986.1 956.6 936.1 911 895.6 908.4 897.8 853 830.2 799.7 772.8 766.1 713.5 695.5 736.7 733.2 744.3 761.9 767.2 774.9
718.8 725.4 731.9 738.4 745.3 752.1 760.9 769.7 777.3 753.1 726.1 712.6 704.7 710.3 729.3 753.2 787.8 820.7 852.8 880.8 863.8 832.4 819.7 823.6 834.2 865.2 923.4 939.6 890 830.3 786.2 750.5 720.8 695.6 676.4 675.2 673.6 650.5 633.2 623.8 622.2 615.4 608.1 597 569.2 574.4 591.4 610.8 636.6 665.7 694.8 729.8 778 816.6 874.9 928.8 969 1006.3 1046.1 1005.8 970.3 938.1 916.9 888.9 872.2 840.5 828.2 814.3 778 755.6 703 680.5 661.7 653.7 671.3 686.6 697.4 717.3 720.7 741.1
720.8 728.6 734.6 741.6 748.7 756.2 765 774.4 783.1 767.5 752.4 736.3 732.4 742.4 765.4 785.5 817.7 856.3 886.1 907.2 889.9 860.5 851.3 859.3 871.8 913.9 910.1 880.3 842.6 798.9 770.6 745 719.5 692.9 676 671.3 670.1 654.8 636.9 629.2 631.7 635.5 617.2 607.7 588.7 598.2 615.4 628.8 647.5 679.7 709.3 737.9 771.2 811 864 916 961.8 998.5 1019.6 994.5 957.8 923.9 905.4 881.3 853.7 813.7 793.9 773.1 743.9 705.6 676.4 645.3 626.6 620.7 639.1 649.8 661.3 674.1 677.6 684.7
723.9 731.2 736.8 743.7 750.8 759.1 768.3 778.2 787.7 792.4 781.2 776.3 779 785.7 801.7 825.3 848.2 885.8 914.9 932.5 919.5 895.2 895.2 905.9 930.4 922.7 870 838.3 811.5 787.2 779 763.3 737.1 703.8 679.4 675.1 671.3 650.8 638.1 643 655.6 659.1 651.4 613.9 606 615.8 625 634 655.4 688.3 716.5 747.2 777.2 815.5 870.6 899.2 954.1 976.1 993.2 988 956.1 930 910 877.4 835 788.8 761.3 747.1 733 697.9 654.6 615.4 596.1 588.1 597.3 615.3 629.9 638.1 644 645.1
725.4 732.4 737.5 744.4 753.2 762.9 772.9 782.9 791.7 801.6 813 822.4 826.7 834.1 851 866.6 874.7 908.6 928 944.1 946.4 937.7 925.6 964.1 987.8 920.4 864.6 834.3 810.7 797.2 793 785 770.9 740.1 704 687.9 674.8 661.3 650.9 654.4 669 686.4 673.2 627.1 617.4 614.9 626.7 642 667.6 697.6 729.4 761 790.5 837 901.1 952.2 939.9 942 957.5 969.4 970.1 956.4 933.7 896.6 839.5 782.3 750.6 739.5 734.9 702 653.8 599.8 573.9 556.9 569.1 582.1 593.8 604.6 616.9 616.1
725.6 732.2 738 746.1 755.3 765.7 778.2 789.1 797.6 806.5 818.7 831.2 842.6 853.6 865.4 878 893.9 912.8 929.7 946.6 965.1 974.2 963.1 996.2 991.3 924 880.2 852.3 829.9 819.9 821.2 823.6 824.6 783.5 738.4 717.6 693.4 677.3 670.5 675.5 699.9 710 693.3 649.2 637 628.1 633.5 649.7 673.5 706.7 744.7 779.9 812.9 859.6 930.9 924.2 905.8 904.6 919.4 935 945.3 961.5 957.9 935.7 868.7 796.3 763.3 743.1 737 701.8 640.2 590.1 559.1 530.1 520.7 531.1 553.1 559.4 580 572.7
723.6 729.9 736.3 746.4 756.4 768.3 782.3 784.2 799.2 813 821.9 833.3 844.2 854.7 866.2 878.5 894.2 909.6 926 944.7 970.3 993.4 1004.4 1014.7 1003.7 950.7 905.1 877.8 859.2 850.1 855.9 896.9 911.3 861.8 826.1 792.8 762.5 726.4 703.4 706.2 728.7 765 734.9 680.5 661 658.2 663.9 678.3 698.4 744.2 771 826.3 853 902.8 914.9 894.5 871.8 866.6 881 895.4 912.6 933.2 928.6 885.1 848.5 808.1 774.1 748.7 717.4 692.1 641.8 586.2 542.9 506.5 500.2 490.7 501.4 526.4 550.1 539.2
718.5 725.5 733 744.1 753.9 766.6 768 751.5 770.9 803.4 811.4 828.9 841.5 851.6 863.7 876.5 890.1 898.6 912.7 935.1 958.9 976.1 976.3 982.7 991.3 972.8 942.1 912.2 892.2 884.5 896.8 935.6 940.3 901.2 890.6 856.4 828.1 782.6 768.6 740.7 763.8 836.1 779.3 708.2 695.3 693.7 709.3 736.7 750.1 777.4 842.5 871 923.7 925.5 889.6 861.7 842.3 826.5 841.7 863.3 873.9 843.5 825.2 805.1 781.4 767.6 744.1 724.9 695.5 657 627.5 585.9 531 491.9 480.3 474.3 472.9 483.7 497.4 492.1
706.5 716.9 722.3 736.2 746.7 750.6 732.9 716.6 731.6 765.4 783 807.6 820.2 840.4 854.9 868.8 870.3 868.5 895.4 921.5 943.6 954.1 941.7 943 960.6 963.8 982.9 961.2 931.3 929.1 945.6 958.7 953.6 947 934.9 902.3 872.7 851.2 829.3 782.6 806.1 874.3 796.5 744.2 743.7 748 786.1 813.4 818.6 832.4 879.4 897.8 894.3 888.4 861.3 818.4 806.1 785 809.1 818.6 793.1 775.4 766.6 751.3 733.9 716.4 699.2 667 650.3 630.9 600.6 568.5 530.2 479.3 465.3 459.6 450.8 460.1 466.6 459.5
690.6 701.2 709.5 722.4 731.5 722.3 698.2 680.5 700.8 729.9 749.8 758.1 800.1 813.9 837.4 849.7 839.7 853.3 883.7 910.3 926.3 934.4 912 907.6 923.3 930.4 954.4 966.9 957.4 946.2 941.9 931.5 926 926 926.7 922.7 917.5 911.6 890.1 835.2 856.9 890 838.5 790 823.8 827.1 886.5 895.7 900.9 901.9 855.7 853.5 895.5 830.8 821.4 790.7 762.2 750.2 771.6 765 742.8 728.4 716.9 705.9 690.6 667.4 648.4 629.3 620 599.1 569.5 542.1 517.2 476.1 447.5 430.7 427.9 431.5 446.5 443.3
680.4 693.5 702.6 711.4 714.4 691.2 669.6 645.3 658.2 690.1 695.1 750.1 761.9 785.7 815.8 817.4 815.8 846.8 877.9 901.4 911.9 911.1 889.3 872.9 881 904.6 932.3 936.3 934.1 910.5 912.6 899.3 893.1 898.1 902.8 898.8 894.7 890.5 888.2 883.9 886.6 888.2 862 834.1 879.8 877 920.1 886.7 881.5 855 825.2 800.8 819.7 789.6 780.2 749.9 714.8 714.3 724.3 714.7 700.8 685.5 671.9 655.8 639.7 624.3 610.2 591.1 577.3 563.5 542.6 509.4 491.7 468 433.7 421.4 409.9 409.1 420.7 422.6
690.8 700.6 704.3 701.1 683.3 659.4 638.4 611.2 617.1 636.9 686 729.5 727.5 763.4 782.8 780.7 804.7 843.5 876.8 892.6 892.5 882.7 860.9 838.8 848.2 880.7 892.4 895.3 899.7 873.8 875.2 866.6 858.9 866.5 872.7 868.9 864.2 861.6 860.6 862.4 867.8 874.8 884.8 872 880.3 867.9 889.5 844.4 858.8 805.7 787.3 769.2 772.3 752.6 727.9 692.5 672.4 677.2 685.1 670.7 654.9 645.9 633.1 618.4 603.4 590 574.4 558.6 542.8 525.4 502.8 485.4 465.6 443.7 422.3 400.9 392.9 394.4 414.2 418.9
688.5 691.9 687.7 671.9 651 624 601 577.3 588.7 612.2 643.1 685.2 714.6 741.6 742.6 765.6 805.7 848.2 873.6 879.1 861.7 851.9 833.1 809.3 816 841.1 847.3 848.4 860.6 843.4 838.5 831.3 822.1 836 839.9 839.2 834.8 834.6 838.3 845.1 853.6 863 875.8 887.5 883.7 824 827.4 804.5 805.3 774 742.2 736.4 724.7 706.6 676 641 633.5 640.3 645.8 627.2 612 603.5 592.2 583.8 571.1 558.9 537.9 519.7 505.1 492 479.7 453.5 432.3 417.9 405.9 383.1 378.3 388.9 398.4 400.8
649.6 659.9 656.1 638.2 618.6 590.9 561.6 545 560 581.9 609.1 631.7 680.9 693 716.8 760.1 799.9 845.7 858.4 863.6 829.9 813.1 802.5 782 782.8 799.8 802.4 804.1 812.7 799.8 796.2 792.4 785.3 800 805 809 810 813 821.8 831.6 840.3 850.3 847.5 870.8 848.6 818 761 780.3 750.6 741.2 709.6 684 669.2 658.8 634.6 574.8 589.2 588.2 591.6 581.5 569.2 561.8 556.3 539 527.5 512.6 500.9 487.1 470.3 451.4 435.2 425.5 406.1 389.5 380.2 363.1 370.8 372.5 369.7 364.5
611.9 629 628.7 602.9 590.1 564.7 525.4 517.2 528.9 550.1 576.4 622.6 650.2 658 710.8 749.3 787.8 814.9 861.1 825.3 793.4 773.8 764.3 756.1 742.9 758.7 762.4 760.6 757 751.7 754.3 752 749.9 763 767.8 777.5 784.1 791 804.4 817.9 809.6 802.3 832.3 820.3 785 803.7 749.3 726.2 698.5 687.6 664.1 639.7 618.2 606.8 583.2 550.5 543 544.6 546.8 538.9 530.7 515.5 507.5 493.2 482.6 468.9 454.2 442.8 433.1 412.3 396.5 381.7 366.6 351.7 344.7 334.9 342.5 344.3 338.7 332.7
568.6 594.3 600.5 571.3 561 534.6 498.9 488.5 498.8 520 554 582.9 606.6 655.7 701.4 743.1 776.7 763.8 833.2 786.8 751.3 731.5 724.3 720.9 711.7 720.1 721.8 720.7 714.8 709.2 713.1 711.7 715 724.9 729.9 739.3 749.4 767.6 783.5 784.6 759.7 771.7 791.3 792.2 736.7 744.7 705.7 661.8 653.3 641.6 622.3 592.5 578.6 559.9 534.6 513.8 500.2 509.7 519.3 508.1 489.3 468.2 460.7 452.2 436.5 422.7 411.3 397.2 389.5 375.2 364.1 346.4 332.4 317.1 315.7 302 320 317.7 312.4 305
522.1 541.9 549.3 547.7 521.3 505.3 469.6 458.9 470.8 494.5 522.1 570.5 586.7 631.2 681.2 723.5 738.3 730.7 797.9 758.2 716.8 698.4 688.2 684 682 681.3 679.6 678 675.6 670.3 673.6 674 680.5 687.1 693.3 701.1 712 730.2 748.1 741.1 707.3 730.4 734.2 736 709 669.5 653.8 632.2 605.6 598.1 573.1 553.8 542.2 520.7 501.3 481.4 461.2 463.7 476.3 472.4 446.2 436.5 421.9 406.6 382.5 356.7 348.5 343.2 335.8 338 331.7 308.6 292.7 285.2 290.5 278.1 298.5 297.2 290.4 282.5
485.4 491 501.3 511.6 480.2 471.3 438.6 429 441.5 465.5 501.2 533.4 578.9 629.4 661.3 683.6 688.1 709.4 750.7 745.7 697.7 674.3 660.4 648.1 648.9 643.8 639.3 637 634.4 629.4 628.2 627.2 635.4 643.1 650.7 659.3 669.5 688.2 706.5 680.6 677.1 672.7 659.4 658.8 645.2 627.8 607.7 593.4 564.8 557.1 536.8 524 505.3 488.3 472.8 454.7 419.7 425.7 427.7 427.3 409.4 389.6 365.8 346.6 330.8 320.2 317.8 316.8 308 295.6 283 271.6 256.6 258.9 254.3 247.7 254 270.8 268.6 261.9
451.6 457.9 463.8 468.5 448.9 430.6 403.7 401 418.6 450.2 480.6 523.1 555.4 598.2 621.1 635.9 632.2 696.6 710.4 723.5 698.4 663.6 640.7 626 624.8 617.6 607 601.9 596.4 599.5 593.8 598.9 604.6 610.4 616 622.3 630 640.2 644.1 627.6 625.5 620.9 615.7 604.7 595.2 585.8 567 554.5 538.3 509.2 500.4 482.4 471.8 463.1 448 423.8 375.2 388.9 397.3 387.7 356.5 339.8 329.9 312 294.8 286 272.6 270.6 263.2 259.2 254.5 235.7 222.5 235.7 218.3 218.7 219.9 218.7 238.3 243.1
420.7 431.2 442.1 438.1 422.8 393 370.5 377.1 400.2 426.2 458.5 502.2 528.3 551.1 573.7 592.4 609.3 640.1 666.4 684.8 695.9 668.5 630.5 611.3 605 595.6 583.5 575.3 574.8 574.5 570.1 561.3 569 571.7 574.6 576.7 584.4 591.4 593 593.5 585.7 579 572 563.3 553.8 539.6 526.6 519.5 506.5 487.8 469.7 450.7 448.8 435.5 418.6 393.3 347.3 347 342 329.9 315.6 299.6 290.1 274.7 265.1 253.2 242.2 230.1 222.9 210.9 195.9 185 187.8 196.5 185.7 191.3 196.2 192.8 192.6 206.1
379.4 387.7 396.9 403.3 382.1 360.4 340.7 351.9 376.4 397.4 431.6 477.9 501.8 518.8 540.9 552.8 577.6 595.1 616.9 636 665.7 663 632.9 604.8 592.2 582.8 571.3 560.8 560.4 550.7 543.8 541.1 538.8 540.2 544.2 552.6 549.1 548.8 549.4 548 545.3 542.5 531.9 527.8 518.8 506 492.3 485.4 475.3 456.5 446.7 432 419.8 402 382.2 363.6 327.2 316.2 311.8 294.5 281.1 271.4 257.8 244.5 226.7 209.5 195.2 185.7 180.8 173.2 162.4 155.5 154.3 163 165.8 168.7 173.3 167.1 167.8 173.7
360.7 368.5 371.2 374.7 343.4 324.3 313.6 325.2 350.8 373 405.3 450.5 470.3 489.8 511 527.4 542.9 564.7 585.5 594.6 610.2 626.9 614.8 604.3 592.1 573.4 562.9 552.6 542.7 532 521 523.6 519.2 517 514.3 516.3 513.6 509.2 513 516.2 505.8 502.2 496.9 493.8 484.9 478.4 459.8 450.7 434.3 429.7 418.2 400.8 382.4 363.7 341.3 316.1 301.6 278.7 282.4 270.5 251.4 238.3 223.1 203.5 186 178 169.1 157.6 153.3 147.9 139.1 133.2 133.7 135.6 145.1 142.7 150.6 141.9 141 143.7
330.9 337.4 336.5 331.9 303.4 297 290.8 297 325.7 348 387.5 418.8 435.9 461.5 478.5 507.2 523.9 536.3 557.2 563.9 577 589.4 593.5 600.5 596.6 580.3 558 546.4 532 514.6 506.7 501.4 500.2 494.8 495.4 489.4 480.4 483 488.9 491.2 483.2 473.8 467.7 462 447.6 436.6 427.2 417.2 413.7 401.1 387.7 365.3 344.7 322 305.5 295.4 276.2 243.6 248.3 243.8 226.6 211.1 194 171.4 160 153 140.6 131.9 131.4 122.1 116.5 109.5 114.9 118.6 121.1 116.6 119.4 120.2 121.8 122.4
288 303.6 301.1 286.4 269.1 274.6 273.8 266.8 297.3 328.8 360.5 383 404.3 433 465 491.2 505.9 524.1 538.7 550.4 556.2 580.4 590.3 589.6 594.2 594.9 572.3 552.5 528.9 501.9 485.4 480.3 481.6 481.1 470.5 461.9 454.1 461.5 469.2 466.2 458 441.4 436.2 423.6 416.7 402.9 402.8 390.4 382.3 367.8 346.2 326 304 289 282 262 246.6 222.9 214.4 208.5 197.5 179.1 163.8 147.6 137.4 126.9 118.6 114.3 103.3 96.3 92.5 89.9 97.1 100.2 98.2 98.5 97.7 101.3 104.2 107.4
255.4 268.2 271.4 251.4 245.8 252.6 242.4 245.6 280 313 334.8 353.9 379 404.6 445.2 481.2 496.8 506.9 529.5 542.7 543.7 568.1 579.4 587 594.4 597.4 594.2 573.7 541.2 500.7 473.9 462.7 456.4 451.1 442.4 436.2 437.6 442 445.8 445.2 433.8 401.2 404 397.4 382.2 375.6 368.5 362.2 338.5 325.6 299.8 287.2 276.4 259.3 240.1 229.6 220.8 204.4 188.7 181.6 167 151 137.9 125.2 105.9 93.3 85.7 83 79 74.4 76.6 77.1 81.1 82.6 82.1 85.5 85.5 89.4 93.7 96.7
243.4 250.7 249 227.2 224.7 233.7 216.9 225.3 258.8 283.6 305.3 329.9 350.9 381.2 422.3 454.9 470.9 480.2 497.5 509.2 522.1 529.7 563.7 578.5 585.5 589.5 589.3 574.9 551.3 511.1 472.5 448.9 432.4 422.5 419.1 417.2 421.9 426.1 423.9 409.6 392.3 375.3 363.3 361.9 343.7 344.4 330.1 323.1 306.2 284.9 271.4 257.7 241.4 231.4 217.9 208.1 196.3 176.7 162.9 155.5 142 124.3 115.7 91.4 72.3 65.3 62 61.4 62.6 62.8 64.5 66.7 69.9 69.9 71 73.9 76.4 81.5 83.4 85.1
223.6 234.7 229.2 206.5 202.2 211.2 198.4 207.2 235.2 258.8 278.4 299.8 333.8 362 388.7 410.8 429.9 450 462.1 477.5 490.1 495.7 512.6 542.5 557.9 558.9 558.8 548.6 536.7 520 473.2 441 412.7 404.8 400.7 408.6 410.2 403.4 392.4 369.9 359.3 344.7 329.3 314.1 304.6 309.2 295.1 272.2 267.9 260.2 244.2 229.2 220.2 210.6 199 184.2 173.7 154 136.1 133.7 118.6 106.7 88 68.5 60.1 59.4 57.8 56.6 56.2 57.5 59 61.4 62.7 61.8 62.4 64.2 66.1 71.9 72.2 72.7
186 192.3 202.3 187 181 186.3 185 184.1 212.4 234 253.4 271 305.3 339.2 362.1 380.1 399.2 418.4 437.5 452.2 463.2 472.2 484.5 516 534.2 538.3 535.6 529 527.2 504.4 465.6 426.1 397.2 384.2 387.6 388.1 381.9 362.6 349.3 342.1 325 314.8 297.5 273 272.4 267.7 257.6 247.4 243.1 230.1 219.8 210.6 199.7 189.1 178.4 161.9 144 125.4 124.7 117.9 103.7 85.4 67.8 59.5 56.1 56.9 55.5 55.2 55.3 56 57.3 58.1 58.6 57.9 59.2 60.3 61.8 63.7 63.4 63.8
146.3 157.6 172.7 171.4 160 161.2 162.4 169 191.4 209.7 226.4 240.9 272.2 310.8 332.7 358.2 380.7 396.7 418.1 433.9 449.1 452 463.8 493 514.1 521.2 520 516.5 508.1 486.7 448.3 407.8 380.2 362 375.1 362.1 343.2 331.9 325.3 312.9 301.9 285.7 270.3 247.6 246.8 243.5 236.4 230.3 215.2 202.3 196.9 189 175.5 166.7 153.1 135.2 121.6 106.9 107.2 101.1 86.2 69.8 59.2 56.2 55.1 55.3 54.8 54.6 54.7 55 55.6 55.8 56.7 57.1 57.6 58.1 59.5 60.5 61 61.7
116.8 131.8 142.9 141.9 138.2 140.4 147 151 168.2 186.4 199.9 219.7 245.6 273.7 304.6 332.6 361.5 379.8 394.2 412.1 426.7 434.3 443.4 454.5 487.8 496.1 497.8 491.6 477.8 455.9 421.4 383.8 358.4 350.2 356.4 338.6 316.4 306.8 300.4 288.1 273.9 261.8 235.5 222.9 230.1 227.8 222.7 209.4 192.9 180.1 172.6 160.4 154.3 140.6 127.2 113 100.3 90.3 89.6 85.4 76.3 65.4 58 55 54.2 55 53.5 53.9 53.4 54 54.9 55.3 56.4 56 56.4 56.7 57.4 58.2 59.5 59
