UK/data/nc/nc76_OST50GRID_20230518/NC76.asc
ncols 200
nrows 200
xllcorner 270000
yllcorner 960000
cellsize 50
[rows 111 to 147 of 200, columns 0 to 82 of 200]
-1.7 -1.7 -1.7 -1.7 -1.7 -1.7 -1.7 -1.7 -1.7 -1.7 -1.7 -1.7 -1.7 -1.7 -1.7 -1.7 -1.7 -1.7 -1.7 -1.7 -1.7 -1.7 -1.7 -1.7 -1.7 -1.7 37.9 54.7 66.7 78.2 89.8 96.4 93.2 85.2 79 87.9 89.1 85.1 78 52.2 -1.7 -1.7 -1.7 -1.7 -1.7 -1.7 -1.7 -1.7 -1.7 -1.7 -1.7 -1.7 -1.7 -1.7 -1.7 -1.7 -1.7 -1.7 -1.7 -1.7 -1.7 -1.7 -1.7 -1.7 -1.7 -1.7 -1.7 -1.7 -1.7 -1.7 -1.7 -1.7 -1.7 -1.7 -1.7 -1.7 -1.7 -1.7 -1.7 -1.7 -1.7 -1.7 -1.7
-1.7 -1.7 -1.7 -1.7 -1.7 -1.7 -1.7 -1.7 -1.7 -1.7 -1.7 -1.7 -1.7 -1.7 -1.7 -1.7 -1.7 -1.7 -1.7 -1.7 -1.7 -1.7 -1.7 -1.7 -1.7 -1.7 -1.7 49 60.6 70.5 77.4 90.6 100.1 98.9 82.2 85.1 88 88.4 79.1 38.8 -1.7 -1.7 -1.7 31 -1.7 -1.7 -1.7 -1.7 -1.7 -1.7 -1.7 -1.7 -1.7 -1.7 -1.7 -1.7 -1.7 -1.7 -1.7 -1.7 -1.7 -1.7 -1.7 -1.7 -1.7 -1.7 -1.7 -1.7 -1.7 -1.7 -1.7 -1.7 -1.7 -1.7 -1.7 -1.7 -1.7 -1.7 -1.7 -1.7 -1.7 -1.7 16.8
-1.7 -1.7 -1.7 -1.7 -1.7 -1.7 -1.7 -1.7 -1.7 -1.7 -1.7 -1.7 -1.7 -1.7 -1.7 -1.7 -1.7 -1.7 -1.7 -1.7 -1.7 -1.7 -1.7 -1.7 -1.7 -1.7 -1.7 44.4 58.7 71.4 74.6 94.5 108.3 103.3 95.6 82.4 85.5 87.7 80 50.3 47.5 9.3 68.8 51.2 33.1 -1.7 -1.7 -1.7 -1.7 -1.7 -1.7 -1.7 -1.7 -1.7 -1.7 -1.7 -1.7 -1.7 -1.7 -1.7 -1.7 -1.7 -1.7 -1.7 -1.7 -1.7 -1.7 -1.7 -1.7 -1.7 -1.7 -1.7 -1.7 -1.7 -1.7 -1.7 -1.7 -1.7 -1.7 -1.7 -1.7 -1.7 15.3
-1.7 -1.7 -1.7 -1.7 -1.7 -1.7 -1.7 -1.7 -1.7 -1.7 -1.7 -1.7 -1.7 -1.7 -1.7 -1.7 -1.7 -1.7 -1.7 -1.7 -1.7 -1.7 -1.7 -1.7 -1.7 -1.7 4.9 45.1 51.4 59 84.4 98 108.8 108.8 98.1 88.4 82.7 82.5 76 63.2 72.8 75.1 78.3 67.1 41.9 -1.7 -1.7 -1.7 -1.7 -1.7 -1.7 -1.7 -1.7 -1.7 -1.7 -1.7 -1.7 -1.7 -1.7 -1.7 -1.7 -1.7 -1.7 -1.7 -1.7 -1.7 -1.7 -1.7 -1.7 -1.7 -1.7 -1.7 -1.7 -1.7 -1.7 -1.7 -1.7 -1.7 -1.7 -1.7 -1.7 -1.7 -1.7
-1.7 -1.7 -1.7 -1.7 -1.7 -1.7 -1.7 -1.7 -1.7 -1.7 -1.7 -1.7 -1.7 -1.7 -1.7 -1.7 -1.7 -1.7 -1.7 -1.7 -1.7 -1.7 -1.7 -1.7 -1.7 -1.7 22.2 37.9 51.6 60 81.3 96.9 102.9 104.4 98.3 90.9 81.9 78.8 71 76.4 79 75.8 80 78.8 56.1 -1.7 -1.7 -1.7 -1.7 -1.7 -1.7 -1.7 -1.7 -1.7 -1.7 -1.7 -1.7 -1.7 -1.7 -1.7 -1.7 -1.7 -1.7 -1.7 -1.7 -1.7 -1.7 -1.7 -1.7 -1.7 -1.7 -1.7 -1.7 -1.7 -1.7 -1.7 -1.7 -1.7 -1.7 -1.7 -1.7 -1.7 23.5
-1.7 -1.7 -1.7 -1.7 -1.7 -1.7 -1.7 -1.7 -1.7 -1.7 -1.7 -1.7 -1.7 -1.7 -1.7 -1.7 -1.7 -1.7 -1.7 -1.7 -1.7 -1.7 -1.7 -1.7 -1.7 -1.7 -1.7 -1.7 37.1 55.3 70.8 84.8 97.4 98 97.9 85.6 82.5 74.9 72 84.4 80.2 79 81.6 83.8 66.1 2.3 -1.7 -1.7 -1.7 -1.7 -1.7 -1.7 -1.7 -1.7 -1.7 -1.7 -1.7 -1.7 -1.7 -1.7 -1.7 -1.7 -1.7 -1.7 -1.7 -1.7 -1.7 -1.7 -1.7 -1.7 -1.7 -1.7 -1.7 -1.7 -1.7 -1.7 -1.7 -1.7 -1.7 -1.7 -1.7 14.6 7.2
-1.7 -1.7 -1.7 -1.7 -1.7 -1.7 -1.7 -1.7 -1.7 -1.7 -1.7 -1.7 -1.7 -1.7 -1.7 -1.7 -1.7 -1.7 -1.7 -1.7 -1.7 -1.7 -1.7 -1.7 -1.7 -1.7 -1.7 40.6 41.7 45.2 55.9 79.3 91.9 89.1 79.9 77 75.3 74 74.3 79.2 87.1 77.1 77 74.4 70.2 17.9 51.9 46.1 40.2 2.1 -1.7 -1.7 -1.7 -1.7 -1.7 -1.7 -1.7 -1.7 -1.7 -1.7 -1.7 -1.7 -1.7 -1.7 -1.7 -1.7 -1.7 -1.7 -1.7 -1.7 -1.7 -1.7 -1.7 -1.7 -1.7 -1.7 -1.7 -1.7 -1.7 -1.7 -1.7 13.4 2.3
-1.7 -1.7 -1.7 -1.7 -1.7 -1.7 -1.7 -1.7 -1.7 -1.7 -1.7 -1.7 -1.7 -1.7 -1.7 -1.7 -1.7 -1.7 -1.7 -1.7 -1.7 -1.7 -1.7 -1.7 -1.7 -1.7 -1.7 36.4 48.2 57.6 56.9 67.2 81.1 78.3 75.3 73.6 74.4 73.8 76.4 79.1 80.4 75.9 72.2 69.7 68.2 66.3 66.6 56.2 47.8 32.2 2.2 -1.7 -1.7 -1.7 -1.7 -1.7 -1.7 -1.5 33 -1.7 -1.7 -1.7 -1.7 -1.7 -1.7 -1.7 -1.7 -1.7 -1.7 -1.7 -1.7 -1.7 -1.7 -1.7 -1.7 -1.7 -1.7 -1.7 -1.7 -1.7 -1.7 3.1 10.5
-1.7 -1.7 -1.7 -1.7 -1.7 -1.7 -1.7 -1.7 -1.7 -1.7 -1.7 -1.7 -1.7 -1.7 -1.7 -1.7 -1.7 -1.7 -1.7 -1.7 -1.7 -1.7 -1.7 -1.7 -1.7 -1.7 -1.7 -1.7 51.4 53.8 57.5 60.3 63.7 69.1 70.8 73.2 74.3 76.3 78 78.2 77.1 76.5 73 70.3 69.8 72.1 73.9 63.4 55.2 45.8 1.6 -1.7 -1.7 -1.7 -1.7 -1.7 -1.7 2.3 10.3 28.9 -1.7 -1.7 -1.7 -1.7 -1.7 -1.7 -1.7 -1.7 -1.7 -1.7 -1.7 -1.7 -1.7 -1.7 -1.7 -1.7 -1.7 -1.7 -1.7 -1.7 -1.7 -1.7 1.6
-1.7 -1.7 -1.7 -1.7 -1.7 -1.7 -1.7 -1.7 -1.7 -1.7 -1.7 -1.7 -1.7 -1.7 -1.7 -1.7 -1.7 -1.7 -1.7 -1.7 -1.7 -1.7 -1.7 -1.7 -1.7 -1.7 -1.7 -1.7 41.2 55 56.4 66.8 77.7 78.7 78.3 80.8 80 81.5 80.2 78.4 77.2 78.9 76.6 76.1 73.2 74.6 77.4 72.2 63.2 56.7 34.2 -1.7 -1.7 -1.7 60.2 62.5 60.8 65.6 58.7 45.2 2.2 -1.7 -1.7 -1.7 -1.7 -1.7 -1.7 -1.7 -1.7 -1.7 -1.7 -1.7 -1.7 -1.7 -1.7 -1.7 -1.7 -1.7 -1.7 -1.7 -1.7 -1.7 20.4
-1.7 -1.7 -1.7 -1.7 -1.7 -1.7 -1.7 -1.7 -1.7 -1.7 -1.7 -1.7 -1.7 -1.7 -1.7 -1.7 -1.7 -1.7 -1.7 -1.7 -1.7 -1.7 -1.7 -1.7 -1.7 -1.7 -1.7 -1.7 -1.7 48 61.5 63.5 70 77.9 79.7 83.1 82.6 82.5 80.4 77.8 76.9 78.9 77.3 78.3 78.7 79.8 87 78.9 77.5 65 54.1 1.9 1.6 29.8 62.4 63.6 66.5 66.8 64.5 55.9 33.7 6 -1.7 -1.7 -1.7 -1.7 -1.7 -1.7 -1.7 -1.7 -1.7 -1.7 -1.7 -1.7 -1.7 1.7 13.4 2.6 -1.7 -1.7 -1.7 -1.7 21.2
-1.7 -1.7 -1.7 -1.7 -1.7 -1.7 -1.7 -1.7 -1.7 -1.7 -1.7 -1.7 -1.7 -1.7 -1.7 -1.7 -1.7 -1.7 -1.7 -1.7 -1.7 -1.7 -1.7 -1.7 -1.7 -1.7 -1.7 -1.7 -1.7 33.2 57.4 63.2 68.4 73.1 78.4 82.3 82.1 81.3 78.5 76.3 76.4 76.9 78 83.4 82.8 87.2 95.6 89.8 86.3 74 61.2 38.2 43.4 59.1 66.3 65.4 66 67.2 67.6 63.9 43.6 22.8 -1.7 -1.7 -1.7 -1.7 -1.7 -1.7 -1.7 -1.7 -1.7 18.7 5.6 2.3 5 2 30.7 27.3 17.2 -1.7 -1.7 -1.7 3.5
-1.7 -1.7 -1.7 -1.7 -1.7 -1.7 -1.7 -1.7 -1.7 -1.7 -1.7 -1.7 -1.7 -1.7 -1.7 -1.7 -1.7 -1.7 -1.7 -1.7 -1.7 -1.7 -1.7 -1.7 -1.7 -1.7 -1.7 -1.7 38.2 -1.7 46.1 59.1 67 73.5 77.2 80.6 79.8 78.7 77.3 75.9 76.6 77.9 80.2 89.3 89.6 88.3 93.7 93.5 91.8 79.6 63 56.8 54.4 58.5 71.4 66.4 65.1 67 68.1 59.9 6.4 0.2 -1.7 -1.7 -1.7 -1.7 -1.7 -1.7 -1.7 -1.7 -1.7 37.9 32.6 23.3 18.4 7.7 43.1 39.5 28.3 2.3 -1.7 19.7 25.2
-1.7 -1.7 -1.7 -1.7 -1.7 -1.7 -1.7 -1.7 -1.7 -1.7 -1.7 -1.7 -1.7 -1.7 -1.7 -1.7 -1.7 -1.7 -1.7 -1.7 -1.7 -1.7 -1.7 -1.7 -1.7 -1.7 -1.7 -1.7 -1.7 40.8 48.5 48.9 61.6 68.9 72.3 74.7 75.4 74.1 72.6 77.4 78.2 78.6 79.8 85.2 95.1 88 98.4 93 88.8 78.4 65.7 59.7 55.9 56.6 59.3 60.4 63.2 66.6 68.3 65.3 32.5 1.8 -1.7 17.2 -1.7 -1.7 -1.7 -1.7 -1.7 -1.7 -1.7 42.4 43.9 34.8 29.4 27.2 45.4 48 36.3 25.8 2.6 23.7 25.8
-1.7 -1.7 -1.7 -1.7 -1.7 -1.7 -1.7 -1.7 -1.7 -1.7 -1.7 -1.7 -1.7 -1.7 -1.7 -1.7 -1.7 -1.7 -1.7 -1.7 -1.7 -1.7 -1.7 -1.7 -1.7 -1.7 -1.7 -1.7 -1.7 -1.7 54.3 53.7 50.3 57.3 64.5 67.3 67.5 70 73.4 79.8 79.1 79.4 80.8 83.6 89.6 89.9 94 90.6 77.5 73.1 64.5 58.6 56.9 57 57.5 58.4 60.6 65.2 67.2 64.5 54.6 39.7 28.5 -1.7 -1.7 -1.7 -1.7 -1.7 -1.7 -1.7 -1.7 31.7 50.3 43.1 37.6 31.2 36.5 54.5 46.8 40.7 25.1 27.1 27.3
-1.7 -1.7 -1.7 -1.7 -1.7 -1.7 -1.7 -1.7 -1.7 -1.7 -1.7 -1.7 -1.7 -1.7 -1.7 -1.7 -1.7 -1.7 -1.7 -1.7 -1.7 -1.7 -1.7 -1.7 -1.7 -1.7 -1.7 0.1 -1.7 -1.7 55.6 57.1 56.8 52.9 55.9 57.8 69.4 74.3 77.4 80.5 81.1 81.7 81.9 84.1 89.3 95.8 94.4 90.1 80.3 71.8 65 58.6 56.9 56.9 59.8 61.3 60.7 62.9 64.2 61.5 52.8 39.9 22.1 1.4 28.5 21.6 -1.7 -1.7 -1.7 -1.7 -1.7 1.2 52.9 51.3 44.9 37.7 40.5 57 54.7 46.2 36.1 29.1 29.1
-1.7 -1.7 -1.7 -1.7 -1.7 -1.7 -1.7 -1.7 -1.7 -1.7 -1.7 -1.7 -1.7 -1.7 -1.7 -1.7 -1.7 -1.7 -1.7 -1.7 -1.7 -1.7 -1.7 -1.7 -1.7 -1.7 -1.7 -1.7 0.6 -1.7 49.1 54.7 57.1 57.5 55.9 57.5 64.2 73.7 79.2 84 84.7 84.9 84.5 89.5 98.4 98.4 99 95.1 85.8 74.9 70.8 59.9 57.8 58.9 72.4 69.9 65 61.9 60.8 56.1 49.4 40.8 31.7 30.7 33.4 28.7 3 -1.7 -1.7 -1.7 -1.7 3 48.7 58.1 55.8 47 44.5 56.2 63.2 55.1 51.5 34.8 35
-1.7 -1.7 -1.7 -1.7 -1.7 -1.7 -1.7 -1.7 -1.7 -1.7 -1.7 -1.7 -1.7 -1.7 -1.7 -1.7 -1.7 -1.7 -1.7 -1.7 -1.7 -1.7 -1.7 -1.7 -1.7 -1.7 -1.7 -1.7 1.4 5.4 38.3 51.5 51.8 48.1 56 59.9 65.7 72.1 84.3 91.7 87 87.5 84.6 90.8 102 100.5 100.1 97.3 90.6 82 78.8 65.7 62.8 64.7 76 78.9 66 63.6 58 50.5 45.8 38.9 36 34.9 37.7 32.7 19.2 1.2 -1.7 30.1 3 6.1 44.2 65 63.4 64.3 49.5 56.7 67.7 64.4 59.4 48.1 38.6
-1.7 -1.7 -1.7 -1.7 -1.7 -1.7 -1.7 -1.7 -1.7 -1.7 -1.7 -1.7 -1.7 -1.7 -1.7 -1.7 -1.7 -0.1 -1.7 -1.7 -1.7 -1.7 -1.7 -1.7 -1.7 -1.7 -1.7 1.9 3.9 22.3 36.8 37.9 40.9 53 55.2 59.2 63.9 70.3 78.6 85.7 84 83.1 83.5 89.3 95.5 103.2 103.4 103 92.4 85.3 79.6 73 72.2 71.8 79.2 80.9 70.6 66.5 59.8 49.3 45.2 43.3 40.7 41.9 40.9 40.6 30.7 4.1 -1.7 34.5 23.7 14 34.1 56.5 70.7 66.7 57.3 58.7 73 72.8 65.7 58.8 44.9
-1.7 -1.7 -1.7 -1.7 -1.7 -1.7 -1.7 -1.7 -1.7 -1.7 -1.7 -1.7 -1.7 -1.7 -1.7 -1.7 27.1 30.9 -1.7 -1.7 -1.7 22.2 10.9 -1.7 -1.7 -1.7 3.9 3.7 14.5 31.7 36.3 32 37.5 51.3 57.9 59.2 61.9 72.6 78.6 81.5 83 81.9 83 88.3 95.6 99.9 102.4 103.8 99.9 88.4 81.6 79.2 79 75.6 81.3 83.5 74 68.4 61.4 48.2 46.4 44.2 45 44.4 46.9 49.8 47.5 16.8 -1.7 32.8 31.1 17.5 28.6 57.6 74.3 75.9 65 62.8 71.8 79.2 77.4 71.5 56.6
-1.7 -1.7 -1.7 -1.7 -1.7 -1.7 -1.7 -1.7 -1.7 -1.7 -1.7 -1.7 -1.7 -1.7 -1.7 -1.7 -1.7 2 34.2 -1.7 -1.7 38.4 30.3 -1.7 27.9 25 18.1 16.3 30.5 32.5 36 35.5 29.9 38.4 52.5 60.6 61.5 72.5 80.8 79.3 78.9 79.3 81.8 83.8 95.9 99 102.1 104.4 103.7 96.1 89.6 85.2 83.1 79.4 79.6 77.8 75.5 71.7 65.1 53.7 48.7 45.7 44.9 44.6 49.3 55.7 51.7 20 20 37.6 30.2 19.9 29.1 54 70.3 85.4 80.8 66.3 71.5 84.5 84.6 86.3 69
-1.7 -1.7 -1.7 -1.7 -1.7 -1.7 -1.7 -1.7 -1.7 -1.7 -1.7 -1.7 -1.7 -1.7 -1.7 -1.7 -1.7 2.9 42.6 42.6 41.5 41.3 41.6 42.2 39.5 37.2 29.5 17.5 25.6 30.9 34.3 28.7 28.8 31.7 40.7 58.6 58.5 70.3 83.8 80.9 78.3 78.4 79.7 82.7 88.6 96.2 103.6 105.7 106.2 101.2 95.7 89.8 92.7 92.3 84.7 78.4 78.4 80.9 74.1 71.2 51.6 46 45.3 45.4 48.5 54.8 53.2 24.6 16.4 34.5 25.4 26 30.4 47.8 66.2 86.1 84.7 70.6 72.3 85.8 94.9 93.4 85.2
-1.7 -1.7 -1.7 -1.7 -1.7 -1.7 -1.7 -1.7 -1.7 -1.7 -1.7 -1.7 -1.7 -1.7 -1.7 -1.7 -1.7 -1.7 6.7 35.5 37 43.8 55.1 57.8 51.9 47.3 38 25.8 18.2 21.3 24.8 27.8 31.7 31.6 37.4 49.1 53.1 62.6 78.8 73.7 73.6 79.3 80.8 81.5 85.5 93 103.7 108 108.8 106 102.3 105.9 98.7 90.9 86.3 79.3 84.9 93.4 86 77 57.4 46.1 45.9 46.5 50.7 53.1 56.4 37.6 13.5 17.6 16.9 24.8 37.2 45.4 64.9 78 88.4 81.7 74.8 78.3 95.4 102.9 97.3
-1.7 -1.7 -1.7 -1.7 -1.7 -1.7 -1.7 -1.7 -1.7 -1.7 -1.7 -1.7 -1.7 -1.7 -1.7 -1.7 -1.7 -1.7 0.6 1.8 -1.7 -1.7 50.7 54.7 59.7 53.6 44 29.4 20.7 21.4 26 30 34 40.5 43.6 49.4 48.7 53.5 70.8 66.5 68.3 76.6 77.3 78.2 85.6 90.1 99.4 109.4 110.7 110.2 109.7 109.5 106.4 97.6 90.9 82.1 84.5 93.8 95.5 79.9 60 49 46.9 49.5 59.2 61 57.4 50.9 25.6 15.5 16.6 22.6 38.3 44.9 60.4 71.3 87.7 90.2 78.9 81.2 99.1 106.3 101.1
-1.7 -1.7 -1.7 -1.7 -1.7 -1.7 -1.7 -1.7 -1.7 -1.7 -1.7 -1.7 -1.7 -1.7 -1.7 -1.7 -1.7 -1.7 -1.7 -1.7 -1.7 -1.7 -1.7 49.7 57.5 54 45.2 29.2 23 20.9 32.1 36.8 38.6 49.7 53.9 48.7 46.1 46.4 62.1 62.5 65.6 74.4 72.8 77.2 83.4 88.9 96.8 107.2 112.9 113.4 113.8 113.5 110.5 104.8 96.9 86.9 83.9 89.9 95.4 83.4 63.5 55.4 52.4 52.3 60 63.9 56.6 46.2 27.7 30.8 16.6 21.4 36.9 45.6 59.4 73.6 81.4 90.4 82.7 82.7 99.1 109.2 107.9
-1.7 -1.7 -1.7 -1.7 -1.7 -1.7 -1.7 -1.7 -1.7 -1.7 -1.7 -1.7 -1.7 -1.7 -1.7 -1.7 -1.7 -1.7 -1.7 -1.7 -1.7 -1.7 -1.7 28.6 50 49.7 44.7 29.5 24 20.9 34.4 49.1 49.9 50.3 53.4 50.1 44.2 43.7 48.5 56.9 58.8 64.1 66.7 72.7 82.8 89.3 94.8 104.8 113.5 117.1 115.8 117.8 112.8 109.1 99.9 94.1 87.1 93.7 94.8 87.5 71.7 60.9 56.4 55.1 55.4 58.7 54.7 43.3 25.1 28.4 17.5 20.5 31.3 43.6 60.4 72.1 81 87 87.4 84.9 92.4 110.8 112.7
-1.7 -1.7 -1.7 -1.7 -1.7 -1.7 -1.7 -1.7 -1.7 -1.7 -1.7 -1.7 -1.7 -1.7 -1.7 -1.7 -1.7 -1.7 -1.7 -1.7 -1.7 -1.7 -1.7 38.6 43.6 46.8 45.6 32.7 23.7 22 31.1 50 55.5 57.7 48.2 44.5 41.4 38.8 45.7 52.5 55.2 58.9 63.3 68.1 79.3 92.9 96.1 101 113.1 119.7 116.9 115.9 112.4 110.2 109.8 104.5 89.5 89.9 93.1 90.7 75.6 64.8 60.5 57.6 55.3 57.3 62.8 43.5 22.8 20.3 17.8 22.6 27.7 42.3 56.7 68.4 82.1 93.1 96.5 93.4 92 107.2 116.4
-1.7 -1.7 -1.7 -1.7 -1.7 -1.7 -1.7 -1.7 -1.7 -1.7 -1.7 -1.7 -1.7 -1.7 -1.7 -1.7 -1.7 -1.7 -1.7 -1.7 -1.7 -1.7 -1.7 1.9 36.5 41.4 43 36.1 24.9 22.5 25.1 30.9 37.8 46 45.7 43.3 41.6 37.5 38.6 48.1 50.8 56.6 65.5 67.2 72.2 77.8 90.1 99.1 107.4 120.1 119.6 113.5 109.3 107.9 104.6 105.5 91.4 88.2 91.3 91.3 84.4 69.4 62.1 58 57.3 58.1 60.6 47.2 22.9 19.2 18.9 22.3 33.3 45.6 52.5 66.6 76.4 96.9 101.9 97.4 92.8 97.4 116.2
-1.7 -1.7 -1.7 -1.7 -1.7 -1.7 -1.7 -1.7 -1.7 -1.7 -1.7 -1.7 -1.7 -1.7 -1.7 -1.7 -1.7 -1.7 -1.7 -1.7 -1.7 -1.7 -1.7 1.3 26.1 33.9 36.7 34.3 25.9 24.4 27.3 38.2 37.1 33.8 36 37.7 39.7 36.6 36.3 42.4 48.1 51.6 56.6 61.1 67.6 72.2 82.4 92.4 102.6 112 120.7 114.4 105.5 110.2 105 94.9 86.3 83.7 86.7 88.1 85.9 73.8 74.3 66.4 72.5 64.6 61.5 47 28 20.2 19.6 19.5 23.4 37.5 54.7 70.4 72.4 88 96.5 100.2 94.1 94.3 110.4
-1.7 -1.7 -1.7 -1.7 -1.7 -1.7 -1.7 -1.7 -1.7 -1.7 -1.7 -1.7 -1.7 -1.7 -1.7 -1.7 -1.7 -1.7 -1.7 -1.7 -1.7 -1.7 -1.7 -1.7 1.8 23.1 28.2 25.8 24 23.3 31.1 39.9 41.6 36.6 35.2 37.2 34.6 35.6 35.8 37.3 42 46.3 52.6 55.9 61 66.9 74 83.7 95.8 106.2 114 110.8 105.2 102.7 96 87.9 82.8 78.9 79.4 83.1 86.4 84.8 85.7 75.9 69 61.8 53.3 47.8 30.2 22.2 21.1 20.8 20.2 24.2 47.6 74.5 72.1 75.7 90 99.2 100.7 94.5 98.3
47.8 40.2 -1.7 -1.7 -1.7 -1.7 -1.7 -1.7 -1.7 -1.7 -1.7 -1.7 -1.7 -1.7 -1.7 -1.7 -1.7 -1.7 -1.7 -1.7 -1.7 -1.7 -1.7 -1.7 -1.7 8.6 17.9 20.7 22.8 25 31.9 39.6 38.6 37.5 38 41.2 38.4 38.3 35.7 36 37.9 41.4 46.6 51.3 56 61 65.4 76.4 90.9 98.7 106.8 105.8 105.6 98.5 87.7 82.5 80.7 77.3 76.8 78.1 81.3 83.3 80.6 69.7 61.3 55.6 46.8 40.3 32.1 23.6 21.7 22.2 21.8 20.8 30 56.2 69.5 70.7 79.9 93.3 96.6 95.8 95
63.2 55.4 -1.7 42 40 -1.7 -1.7 -1.7 -1.7 -1.7 -1.7 -1.7 -1.7 -1.7 -1.7 -1.7 -1.7 -1.7 -1.7 -1.7 -1.7 -1.7 -1.7 -1.7 -1.7 -1.7 2.8 17.8 18.8 22.4 30 38 42.3 40.9 47.8 42.8 42 39.7 37.5 36.5 36.9 38.9 41.2 46.4 52.2 57.1 61.4 68.3 84.2 93.1 97.6 97.7 96.8 96.7 87.6 79.4 77.6 77 76.6 76.5 77.3 75.8 71 63.7 56.7 50.4 43 40.6 39.8 26.6 22.5 21.7 21.1 21 21.1 31 53.1 60.4 64.7 76 87.4 92.9 94.5
66 71.8 78.3 75.9 68.1 61.4 -1.7 -1.7 12.3 4.9 2.7 -1.7 -1.7 -1.7 -1.7 -1.7 -1.7 -1.7 -1.7 -1.7 -1.7 -1.7 -1.7 -1.7 -1.7 -1 1.1 2.3 17.1 19.2 23.6 37.8 43.4 53.4 50.3 48.7 47.4 49.1 43.2 39.7 39 41.1 44.4 46.6 49.9 53.4 56.5 61.9 73.8 84.3 90.1 90.5 89.4 90.3 83.6 79.2 78 77.1 76.7 76.9 79.6 79.9 75.6 67.2 58.2 56.2 55 48 45.4 41.6 30.3 21.8 21.4 22.2 21.7 24.3 42.5 48.5 54.1 63.4 73.4 80.1 85.8
75.1 78.2 80.1 80.7 76.5 65.9 54.7 26.4 33.9 22.4 8.5 6.2 -1.7 -1.7 -1.7 -1.7 -1.7 -1.7 -1.7 -1.7 -1.7 -1.7 -1.7 -1.7 -1.7 -0.7 0.7 1.7 2.3 7.3 26.9 45.5 57.9 59.7 55.5 59.2 58.1 62.8 58.9 47.7 48.6 54.3 56.8 55.8 56.7 54.9 56.3 58.9 64 75 84.6 85.8 86.5 84.6 81.8 82 80.6 78.7 81.1 78.6 86 93 89.6 85.5 66.7 64 79.9 70.6 53.8 49.7 44.5 34.4 26.7 23 21.8 23 32.6 39.4 42.2 48.1 62.4 70 75.9
86 79.5 81.6 84.6 75.5 68.4 57.2 50.6 35.2 26.3 15.7 4.5 -1.7 -1.7 -1.7 -1.7 -1.7 -1.7 -1.7 -1.7 -1.7 -1.7 -1.7 -1.7 -1.7 -0.8 0.2 1.2 2.2 2.4 27.4 45.7 57.2 60.8 60.1 66.7 72.2 69.4 64.5 61.6 65 68.3 73.1 72.3 75.5 67.3 63.3 63.5 63.5 73.4 88.6 89.7 91.5 98.6 99 91.7 104.1 89.5 94.6 90.3 91.1 100.5 97.8 93.2 79.9 84.3 101.3 95.2 78.5 70.3 54.6 50.3 33.8 27.9 22.6 23.8 28 31.4 33.2 36.8 48.6 60.7 66.4
92.7 85.4 82.9 82.6 78.6 73.5 61.8 54.3 42.1 31.4 22.5 20.2 12.3 -1.7 -1.7 -1.7 -1.7 -1.7 -1.7 -0.7 -1.7 -1.7 -1.7 -1.7 -1.7 -0.7 0.1 0.8 1.7 3.2 25.9 44.7 51.9 59.8 67 68.8 72.9 70.9 68.7 63.4 69.7 80.3 83.5 82.5 89 86.5 82 77 70.1 88 99.7 108.4 101.1 99.5 109.2 111.2 118.9 115.8 105.8 99.7 94.4 110.1 110.3 107.6 103.3 95.1 107.7 112.6 96.7 90.5 67.5 51.1 38.3 27.7 23 24.6 29.2 33.6 34.3 35 39.4 50.3 52.8
88.2 93 86 90.2 88.5 79 66 53.3 46 30.4 24 21.8 17.2 -1.7 -1.7 -1.7 32 -1.7 -1.7 24.7 -1.7 -1.7 -1.7 -1.7 -1.7 -0.4 0.4 1.2 1.9 10.3 22.1 40.2 48.1 57.7 71.4 70.7 78.4 71.3 70.5 72.4 79.6 84.2 85.4 87.9 90.8 90.1 89.8 87.8 87.4 93.8 102.8 108.9 106.3 105.9 107.5 112.7 115.3 118.3 109 110 111.3 117.1 120.3 113.7 109.9 105.4 110.4 115.8 104.2 97.9 75 50.4 37.6 27.6 24.6 25.7 34.1 35 42.1 41.4 45.1 46.7 47.6
