UK/data/sy/sy67_OST50GRID_20230518/SY67.asc
ncols 200
nrows 200
xllcorner 360000
yllcorner 70000
cellsize 50
[rows 0 to 36 of 200, columns 85 to 169 of 200]
41 45.1 44.2 42.6 39.2 36 32.4 30.9 29.3 28.6 27.5 26.2 23.8 21.3 20.1 19.1 18.9 17.2 15.5 14 13 12.3 10.8 9.5 8.6 7.5 8.1 7.6 6.7 7.1 6.1 5.7 5.5 5.8 5.5 5.7 5.5 5.2 7.6 8.6 8.8 8.7 8.1 6.4 5.4 1.8 3.8 5.5 6.4 5.7 3.9 8.9 12 14.7 16 15.6 11.6 8 3.6 1.8 1.4 0.9 0 0.3 0.4 -0.2 1.3 1.6 2.8 2.9 7.3 4.2 2.1 1.7 2.9 1.6 2 1.5 4.5 5.9 3.1 -0.6 -0.6 -0.6 -0.6
37.4 44.3 44.7 38.7 38.1 31.9 29.7 27.6 26.3 25.3 24.8 23.2 21.6 19.1 17.8 17.1 16.8 15.7 14.5 14 12.3 10.8 10.2 8.9 8.2 10.3 9.8 7.4 7.4 11.2 8.5 6.8 6.5 7.1 7.6 7.3 8.1 8.7 10.8 11.5 10.4 9.7 8.8 6.6 3.9 2.2 6 9.1 8.7 7.8 5.1 10 12.1 14.4 16.4 16.9 15.5 12 7.3 3.4 2 1.3 1.2 0.9 0.9 0.8 1.3 1.1 1.9 2.8 2 1.8 1.3 1.4 1.6 1.7 1.8 1.5 4.6 4.8 1 -0.6 -0.6 -0.6 -0.6
34.4 40.7 43.5 36.8 32.8 31.6 30.3 27.5 25.5 24.3 22.2 20.7 19.7 17.1 15.7 15 14.8 14.1 13.1 12.2 11.2 10.5 9.4 9.6 11.9 14.7 14 13.7 13.1 12.7 11.1 9.5 8.3 8.4 10.5 10.3 12.4 13.8 15.1 14.4 12 10.5 8.4 5.8 2.3 6.5 9.9 11.6 10.8 8.6 7.8 11.4 11 14.4 16.2 16.6 16.5 14.3 11.2 6.4 2.9 1.3 1.3 1.3 1.3 1.2 1.2 1.3 1.7 2.6 2.9 1.6 1.3 1.6 1.9 1.5 1.2 1.9 4.6 2.5 0.3 -0.6 -0.6 -0.6 -0.6
38.4 47.5 37.3 30.4 32.3 32.1 31.3 30.3 29.3 26.2 24.1 21.5 19.8 17.7 14.2 15.8 13.8 14.7 13.5 12.6 11.8 11.6 12.6 14.3 16.2 16.4 14.7 14.8 14.2 13.8 12.2 11.8 11.4 10 13.1 15.1 17.2 18.7 17.8 16.3 14.2 10.7 7.7 5.2 3.8 8.5 12.4 12.9 11 9 8 9.1 11.8 14.3 16.1 17.1 16.7 15.2 12.2 8 3.3 1.3 1.3 1.3 1.3 1.1 -0.2 1.3 2 2.5 2.9 2.9 2.1 1.4 1.4 1.1 2.3 2.7 4.1 1 -0.6 -0.6 -0.6 -0.6 -0.6
44.6 54.1 37 32.1 35 42 38.4 36.1 33.4 30.2 26.8 24.1 21.9 19.9 18.3 15.5 15.8 15 15.1 14.3 14.2 13.8 15.3 15.6 16.8 16.9 16.8 15.8 15.4 15 15 14.9 14 12.2 16.4 19.2 21.1 20.1 19 16.6 13.8 10.4 7.4 8 6.7 8.5 11.8 13.3 12.8 11.4 9.1 9.7 11.7 12.9 14.3 15.4 15.1 14.5 12.4 9.3 5 1.3 1.3 1.3 1.3 1.3 0.1 1.3 1.3 2 2.9 2.9 2.4 1.9 1 1.3 2.4 3.7 2.4 -0.6 -0.6 -0.6 -0.6 -0.6 -0.6
49.7 56.6 35.3 35.1 48.9 46.5 42.4 38.8 35.9 32.9 28.6 26.1 23.5 21.9 15.3 15.8 16 17 17.6 16.5 16.9 16.5 15.6 16.2 17 17.2 17.4 16.8 16.4 17.1 17.5 17.7 16.9 17.5 19.8 23.4 24.1 21.9 18.9 15.8 11.9 9.5 9.7 10.7 7.2 8.3 11.3 13.6 14.7 13.7 11.4 9.7 11.8 13.8 14.7 15.1 14.1 13.1 12.5 9.3 4.8 2.1 1.3 1.4 1.3 1.3 1 1 1.3 2.1 2.7 2.7 2.4 2.3 1.5 2.2 2.5 3.7 0.9 -0.6 -0.6 -0.6 -0.6 -0.6 -0.6
50.2 51.2 34.8 43.7 49.9 47.2 43.7 39.6 36.3 32.5 28.8 26 25.1 23.7 24.7 23.3 24.8 20.9 22.1 21.2 20.9 18.9 18.8 19.3 18.1 18.3 18 17.6 18 18.9 19.7 19.4 19.4 22.4 23.5 26.2 25.1 22.5 19.1 14.6 12.2 9.9 10.8 10.9 7.7 8.6 11.1 13.5 16.1 15.7 13.1 11.8 12.7 14.3 15.6 15.4 13.2 12.6 10.6 7.1 4.2 2.4 1.3 1 1.3 1.3 1.3 1.3 1.3 1.4 2.4 2.8 2.5 2.4 2.8 1.9 2.9 3.1 0.4 -0.6 -0.6 -0.6 -0.6 -0.6 -0.6
45.1 45.5 45.5 46.4 46.3 42.8 40.2 38.3 34.7 31.7 30.3 28.9 30.6 27.5 25.2 24.5 25.2 23.7 23.1 23.7 23.3 21.3 21.3 20.5 19.4 18.5 18.3 18 18.6 19.3 20 21.3 22.3 22.7 24.3 25.9 25.3 23.2 17.4 15.2 12.8 10.2 11.2 10.2 8.9 8.9 11.3 13.7 16 16.7 13.7 13.2 13.8 15.6 16.8 16.1 14.2 12 9.4 7.1 4.1 1.7 1.3 1.3 1.6 1.3 1.3 1.3 1.5 1.3 2.4 2.9 2.5 2.2 2.2 2.8 3.7 1.6 -0.6 -0.6 -0.6 -0.6 -0.6 -0.6 -0.6
37.7 39.9 39.8 42.7 41.1 39.9 37.5 36.1 34.1 31.6 31 29.7 27.9 28 26.3 26 24.5 24.2 24.3 24.4 24.3 23.7 21.5 21.4 19.7 18.2 17.9 17.5 17.9 18.5 20 20.8 21.6 22.2 24 25.4 24.4 22.2 19.2 16 13.5 11 10.7 9.8 8.8 10.2 11.4 13.4 16.3 18.1 15.2 14.9 15.9 17.4 17.4 17 15.6 13.7 10.5 8.3 5.1 3.5 2.3 1.3 1.3 1.3 1.3 1.3 1.3 1.6 2.5 2.9 1.7 1.3 1.6 1.8 3.8 0.9 -0.6 -0.6 -0.6 -0.6 -0.6 -0.6 -0.6
30.6 32.4 32.7 34.2 36.3 37.1 35.7 33.1 32.3 31.5 31.1 30.5 29.2 28.2 27.3 26.9 25.2 25.2 25.7 24.8 25.1 24.4 23.2 22 20.1 18.3 18.2 17 17.3 18.1 19.3 19.9 20.6 23.2 23.5 24.4 24.6 23.2 20.5 16 13.1 11.7 10.2 10.3 11.5 12.5 13.6 15.8 17.7 20 19.9 17.9 17.9 17.7 17.9 18.2 16.8 15.1 12.2 9 7 4.9 2.4 2.5 1.3 1.3 1.3 1.3 1.3 4.2 2.8 2.8 1.8 1.6 1.8 2.6 3.7 0.5 -0.6 -0.6 -0.6 -0.6 -0.6 -0.6 -0.6
24.5 25.2 26.5 30.1 31.4 31.5 31.2 29.9 30.1 30.2 31 31.1 30.1 28.9 27.9 26.9 25.9 26.1 25.9 25.6 25.3 24.1 22.5 22 20.9 20.1 18.9 17.6 17.3 18 18.8 19.4 19.9 20.8 23.2 24.4 24.3 24.6 23.2 18.6 14.9 12.3 11 12.3 14.4 16.9 18.1 20.6 21.8 22 20.1 17.5 17.5 16.7 17.4 17.6 17.7 16.4 13.8 10.7 8 6.4 7.5 3.5 3.2 1.3 1.3 1.3 2.3 1.9 2.1 2.6 2.2 1.7 2 2.8 3.1 0.3 -0.6 -0.6 -0.6 -0.6 -0.6 -0.6 -0.6
17.8 21 23.1 24.5 25.7 26.4 27.1 26.4 26.7 26.6 28.9 29.8 29.1 27.7 26.3 25.4 25.6 24.6 24.7 24.8 23.7 23.4 23.3 21.4 20.7 19.2 19.4 18.2 17.2 18 18.6 19.2 19.9 21 22.6 24.2 24.4 25.2 23.7 21.3 17 13.9 13.1 14.8 18.9 21.7 23.6 24.2 23 21.6 19.7 16.4 15.2 15.2 17.1 18.2 18.7 17 14.6 12.2 9.1 8.3 9.6 10.8 9.7 3.5 1.3 1.3 1.3 1.2 1.4 2.9 2 2.1 1.5 2.8 1.1 0.2 -0.6 -0.6 -0.6 -0.6 -0.6 -0.6 -0.6
15.9 18 19.2 20.8 21.6 22.3 23 22.7 23.4 23.6 25 26.8 26.9 28.5 25.9 24 24.4 23.1 23.1 23.8 23.4 24 22 21.7 20 19.1 17.9 17.9 18.2 17.8 18.5 19 20.1 21.1 23.1 24.1 24.6 25.2 25.9 23.7 21.1 17.4 18.6 21.5 23.2 24.6 24 23.1 22 20.8 17.7 15.5 13.6 14.9 17.9 19.1 19 18.2 14.9 12.6 11.3 8.5 10.6 11.4 10.4 9.3 3.7 1.9 1.3 1.3 1.2 1.5 2 2.3 1.6 3.6 1 0.2 -0.6 -0.6 -0.6 -0.6 -0.6 -0.6 -0.6
13.8 15.3 16.4 17.8 19.9 19.2 20.3 17.9 19.3 20.7 19.7 22.5 23 23.7 23.7 23 21.6 21.8 21.9 22.5 23 21.8 21.2 20.3 19.5 18.2 17.4 16.8 17.8 17.9 18.8 20.2 21.4 22.8 23.7 24.2 24.4 25.3 25.6 25.7 23.8 22.2 22.9 24.6 23.9 23 23.2 20.7 20 18.9 16.3 13.8 12.6 14.6 17.6 19.2 18.9 17.9 16.3 13.3 11.1 7.5 9.1 9.8 10.4 8.6 4.9 5.2 1.3 1.3 1.7 1.9 2.6 3 2.9 3.3 1 0.2 -0.6 -0.6 -0.6 -0.6 -0.6 -0.6 -0.6
11.4 13.2 14.6 16 17.1 17.9 17.3 16 16.3 17.2 17.7 19.5 18.6 21 21.1 20.7 20.3 20.1 20.8 21.1 21.1 21.2 20.7 19.8 18.5 17.2 17.2 16.9 17.4 17.9 19.5 21.4 22.1 23.5 24.7 23.8 25.3 24.2 24.5 25 24.7 23.4 24.2 23.3 21.8 20.7 19.3 18.2 16.9 15.6 13.3 11.1 12.6 15.2 18.8 19.4 18.7 16.7 15.9 13.7 11.4 8 7.2 8.6 9.5 8.1 6.1 2.5 1.3 1.3 1.6 2.1 2.1 3 4.2 3.7 1 0.3 -0.6 -0.6 -0.6 -0.6 -0.6 -0.6 -0.6
10.2 11.8 12.7 13.5 14.2 14.7 15.9 14 15.1 15.7 16.5 17.6 16.7 16.4 17.5 20 19.6 19.5 19.4 19.2 20.3 20 21 20.4 18.5 17.2 17.3 17.4 18.1 18.4 21 21.8 22.8 24.3 25.7 24 24.9 23.7 23.7 24.3 24 23.7 23.1 21.6 19.9 17.7 16 15.1 13.8 12.7 10.4 10.1 13.2 14.4 18.1 17.9 17.7 16.7 14.7 13.1 10.1 7.1 7.2 7.2 8.7 8.6 6.6 4.2 -0.6 -0.6 -0.6 1.9 2.2 3.2 4.3 3.2 1.2 0.4 -0.6 -0.6 -0.6 -0.6 -0.6 -0.6 -0.6
8.9 9.3 9.9 10.6 11.4 12 13.3 12.5 10.6 12.9 15.1 15.1 13.3 13.7 14.9 17.1 18.9 18.7 18.5 18.5 18.6 19.7 20.7 19.9 18.6 17.2 18.5 18.1 19.5 20.5 21.7 23 24.2 25.1 24.6 23.8 23.1 22.4 22.4 22.7 22.5 21.7 19.7 18.1 16.4 15.5 12.7 11.6 10.9 9.5 8.2 9.8 12.4 13.8 16 17.1 16.6 16.1 14.3 11.7 9.3 7.3 5.5 7 8.9 9.2 8.2 3.3 -0.6 -0.6 -0.6 2.1 2.9 3.2 3.8 4 1.8 0.5 -0.1 -0.6 -0.6 -0.6 -0.6 -0.6 -0.6
7.1 7.3 7.9 8.4 9 10 10.7 10 9.8 12.8 12.9 13.1 11.8 11.2 13.1 16.1 18.2 18.9 18.5 17.7 17.8 18.9 19 19 17.2 17.1 17.5 18.7 20.6 21.6 22.5 24.1 25.4 24.9 24.4 23.4 22.9 21.5 20.2 20.1 20.5 19.1 17.6 15.5 13.7 11.6 10.3 9.2 7.1 6 6.4 8 10.3 12.3 14.1 16.3 15.5 14.2 12.2 10.1 8.4 5.9 5 7.1 8.1 8.8 6 -0.6 -0.6 -0.6 -0.6 1.9 2.6 3.2 3.8 4.4 2.7 0.7 0.1 -0.6 -0.6 -0.6 -0.6 -0.6 -0.6
5.3 5.2 5.8 6.4 7.5 10.1 9.5 8.7 9 9.2 10.7 9.5 8.9 10.2 12.4 16.1 18.8 19.6 18.5 17.4 16.9 18.3 17.7 16.9 16.4 17.3 18.5 21 21 22 23.6 24.5 24.4 24 23.5 22.9 21.8 20.4 18.8 18 18 17.3 15.6 12.9 10.2 9.2 6.3 5.3 2.8 2.7 3.9 5.9 7.5 10.4 12.6 14.1 13.1 11.9 10.7 8.9 6.1 4 5.4 8.7 8.1 9.1 5.1 -0.6 -0.6 -0.6 -0.6 2.4 2.9 3.4 3.8 4.3 3.1 0.9 0.3 -0.6 -0.6 -0.6 -0.6 -0.6 -0.6
-0.6 1 3.4 5.9 8.3 9.1 8.9 8.3 7.5 6.2 6.2 7.3 8.8 11 14.1 17.7 20.3 19.8 18.6 16.9 16.3 17.3 17.1 16.8 16.7 17.4 18.7 20.9 21.5 22.7 23.1 23.2 23.1 22.6 22 21.3 20.5 18.9 16.8 16.3 15.7 15.5 13.5 10.9 8.4 5.9 4.5 1.9 2.7 1.8 2.4 3.5 5.2 8.5 11 12.4 12.6 12.1 8.3 6.3 4.6 3 7.7 7.1 7.9 7.4 4.9 -0.6 -0.6 -0.6 -0.6 2.6 3.1 3.6 4.1 4.6 4.1 1.7 0.6 0.1 -0.6 -0.6 -0.6 -0.6 -0.6
-0.6 0.4 2.4 5 7.5 9.5 8.8 7.2 6.7 5.2 5 7.1 10.1 14.6 17.8 21.1 20.7 19.4 18.1 16.6 15.5 15.8 15.5 15 15.4 17.5 18.7 19.8 20.7 21.5 21.8 21.9 20.4 20.4 20.2 19.5 18.4 17.5 15.2 14.2 13.3 12.5 11.7 9.5 7 3.8 3.9 5.8 6.9 4.9 2.7 2.3 4.4 7.2 10.3 10.8 9.5 8.6 6.6 4.8 2.4 2.4 7.4 5.7 7.2 5.2 4.1 -0.6 -0.6 -0.6 -0.6 2.9 3.3 3.8 4.1 4.3 4.1 2.1 0.9 0.4 0 -0.6 -0.6 -0.6 1.9
-0.6 0.5 1.6 5 7.5 8.7 7.2 6.4 6.2 4.7 6 8.4 12.3 17.3 21.1 21.9 20.5 18.9 17.1 15.7 15.1 15.1 14.9 14.5 14.3 15.9 18.5 18.9 19.6 19.8 19.6 18.3 17.4 17 17.7 17.8 16.1 16.1 15.1 12.7 11 10.2 9.8 7.5 4.9 3.8 7.3 9.1 9.3 6.4 3.1 3.2 3.3 6.4 8.3 8.5 8.3 6.3 3.9 2.3 2.7 3.4 2.2 4.4 5.2 2.8 -0.6 -0.6 -0.6 -0.6 2.6 3 3.4 3.5 3.7 4.2 3.6 2.6 1.7 0.9 0.7 0.8 1.8 2 2.5
0.8 -0.3 2.4 4.3 6.3 7.3 7.9 6 4.9 4.7 6.9 10.6 15.6 19.9 21.8 21 19.6 17.8 15.8 15.7 14.5 14.4 14.2 13.9 13.7 14.8 16 16.7 17.3 17.1 16.7 15.8 14.7 14.3 14.6 14.4 13.5 12.6 11.8 10.5 8.6 7.5 7.1 4.4 3.9 6.7 10.3 11.1 9.2 7.3 4 2.3 2.1 5.3 6.4 6.2 5.9 4.4 2.8 2.9 3.1 9.2 2.6 3.3 3.2 2.6 -0.6 -0.6 -0.6 -0.6 2.2 2.8 2.9 3.1 3.3 4.2 3.4 3.9 3.6 1 2.1 3 2.4 -0.6 -0.6
5 4.6 5.6 5.1 6.1 7.5 4.1 3.2 3.9 5.2 9.1 14.2 18.4 20.3 20.8 19.7 18.4 16.6 14.6 14.1 14.6 14.4 13.7 13.3 13.2 13.5 14.6 14.8 15 14.8 14.9 14.1 12.3 12.2 12.7 11.9 10.9 11.2 10.2 8.3 6.4 5.7 4.7 5.9 6.4 8.9 9.7 9.8 8.5 6.8 3.8 2.4 2.5 1.4 4.9 4.9 3.3 2.9 2.8 3 3.4 13.5 3 2.1 2.5 2.9 -0.6 -0.6 -0.6 -0.6 2.3 2.3 2.3 2.7 3.2 3.9 4 3.9 2.9 -0.6 -0.6 -0.6 -0.6 -0.6 -0.6
9.1 8.4 6.9 7.7 8.5 8.5 3.5 1.1 5.4 7.5 12 16.6 19.2 19.7 19.7 18.2 16.6 14.9 13.7 13.6 14 14.9 14.7 14.6 13.2 13.2 13.5 13.1 13.1 12.9 12.1 11.4 10.5 10.1 10.1 9.9 10.5 10.7 9.3 6.5 7.1 7.4 8.8 8.7 8.8 9.3 7.5 7.8 7 5.7 2.6 2.6 2.9 3.1 2.9 2.8 3.5 2.9 2.7 2.5 3.2 14.6 2.4 2.2 2.2 2.6 -0.6 -0.6 -0.6 -0.6 -0.6 2.5 3.5 2.4 2.6 2.9 2.8 2.8 -0.6 -0.6 -0.6 -0.6 -0.6 -0.6 -0.6
12.5 13.3 10.9 10.9 10 7.9 3.5 2.4 6.2 10.3 13.9 16.4 17.8 18.3 18 16.4 14.8 13.6 13.4 13.2 13.7 14.9 14.7 14.7 14.1 12.9 13.4 12.2 13 11.5 12.3 11.3 11.4 10.5 9.5 9.3 8.1 8.4 9.1 8.9 8.8 9.6 9.6 8.7 8.8 7.4 6.2 5.2 4.2 3.4 2.2 2.8 3 3.1 3 3.5 3.3 2.9 2.7 2.8 3.4 15.4 2.6 2.1 2.3 2.5 -0.6 -0.6 -0.6 -0.6 -0.6 -0.6 -0.6 -0.6 -0.6 -0.6 -0.6 -0.6 -0.6 -0.6 -0.6 -0.6 -0.6 12.8 15.5
13 12.9 12.7 10.9 9.2 6.8 1.7 1 6.5 9.6 12.9 15.8 15.6 15.4 15.6 14.7 13.3 13.1 13.6 14.1 14.1 14.6 15.8 15.3 14.5 14.3 13.3 12.8 12.5 11.7 12.4 12.2 12.2 12.4 11 9.5 8.4 8.8 9.2 9.7 9.1 10.2 8.8 8.1 6.4 4.9 4.4 3.6 2.8 2.7 2.9 3.8 3 3.1 3.3 3 3.4 2.9 3.3 3.3 3.4 16.8 2.9 2.3 2.2 3 3.6 2.4 -0.6 -0.6 -0.6 -0.6 -0.6 -0.6 -0.6 -0.6 -0.6 -0.6 -0.6 3.8 11.4 14.8 16.8 19.3 19.9
10.7 10.9 10.5 9.3 7.1 3.7 1 1 5.8 8.9 12.8 13.7 13.8 13.8 13.8 13.8 14.3 13.2 14 14.3 14.6 16 15.5 16.1 16 15.2 15.3 14.7 14.5 13.7 12.9 13.2 13.1 12.7 12.3 10.3 9.1 10.1 9.4 9.1 8.9 8.6 7.4 6.5 5.2 3.3 3.3 4.3 4.9 5.7 7.3 8.8 8.4 5.8 6 7.3 9.2 7 4.5 5.9 6.3 15.5 3.7 4.1 6.2 9.1 8.5 12.2 11.7 10.2 13.1 13.5 16.9 12.3 8.3 -0.6 -0.6 -0.6 9.2 10.9 12.9 17 19.7 20.8 15.3
0.9 7.8 7.2 6.4 5 1 1 1.3 7.4 9.7 13 13.1 13.2 12.8 12.9 13.3 11.7 12.3 13.3 14 16.1 16.9 16.6 17 16.6 16.4 15.8 17 16.5 14.8 14.1 13.4 12.5 13 13 11.8 10.1 11 11 10.7 9.3 8 7.2 6.1 5.4 5.9 4.3 6.6 8.9 11.3 15.7 16.7 13.7 10.5 12.4 13.7 15 13 7.4 9 16.6 15.7 10.5 12.6 13.6 13.8 15 17.4 17.8 18.8 19.1 19.1 18.1 15.9 13.4 3 2.7 4.7 9.2 9.9 13.3 17.7 18.6 14 -0.6
0.1 0.7 2.8 2.6 0.8 1 1 0.9 9.7 11.5 12.9 14.3 13.8 12.7 12.3 11.6 10.9 13.1 13.9 16.2 16.5 17.4 17.8 18.3 18.4 19 18 17.6 16.8 15.5 14.7 15.1 13.8 13 13.5 13 12.8 12.5 11.8 12.2 11.4 11.1 9.1 8.3 7.8 7.4 7 8.5 11.9 18.6 23.1 23.1 20.6 20.4 20.6 22 21 16.3 10.9 16.7 21.1 20.7 20.6 21.4 19.3 18.9 20.2 19.2 18.9 19.8 19.1 18.5 16.6 15.2 13.3 5.7 2 3.1 8.9 12.9 13.9 10.9 5.4 1 -0.6
-0.6 -0.6 -0.6 0.4 0.3 0.5 0.7 1 9.6 12.1 13.2 14.1 13.5 13 11.7 10.1 11.4 12.6 14.5 16.3 17.1 18.1 18.6 19 19.4 19.5 19.7 18.5 17.2 15.3 14.9 15 15.4 15 14.8 14.4 15.3 15.4 16.2 16.3 15.6 15.2 13.9 13 10.7 9.4 9.7 11 16.1 22.3 27.3 27.9 29.4 29.8 29.5 28.9 26.9 19.8 19.5 25.7 29.2 29.5 23.1 28.7 27.6 23.9 22.9 20.7 18.5 17.3 16.5 16.3 13.9 12.6 11.7 4.5 3.8 9.3 11.1 12.8 4.8 -0.6 -0.6 -0.6 -0.6
-0.6 -0.6 -0.6 -0.6 -0.2 0 0.5 0.9 7.8 11.5 12.2 12.8 13.1 11.8 9.7 8.2 10 12.3 14.1 15.5 15.7 16.4 17 17.5 17.4 17.3 17.5 17.9 17.2 16.2 15.9 15.9 16.4 17.1 19.1 19 19.5 20.8 22.1 22.8 25.8 21.3 19.7 17.1 15.2 12.2 11.6 13.8 19 25.1 31.2 34.3 35.5 36.1 35 33.5 29.6 23.9 28.1 32.9 33.7 34.5 31.5 31.4 30.7 29.9 26.1 22.4 17.7 15.2 12.7 13 11.2 9.7 8.3 4.6 5.1 8.8 11.8 -0.6 -0.6 -0.6 -0.6 -0.6 -0.6
-0.6 -0.6 -0.6 -0.6 -0.4 -0.1 0.3 0.7 0.5 10.5 9.5 11.9 12 11.7 9.2 6.3 8.2 11.1 11.6 11.5 9.5 10.2 10.6 11.4 13 14.2 16.5 17.4 18.7 18.7 19.1 19 19.9 21.6 21.9 22.9 24.3 28.2 30.1 30.9 31.6 28.3 24.9 22.1 18.2 14.8 14.3 17.8 23.1 29.9 36.3 41.9 42.1 41.1 40 36.8 30.8 29.6 32.6 37.9 38.5 36.6 33.3 32 32.5 30.4 26.5 23.4 18.8 14.6 11.6 10.1 8.9 7.3 6.6 4.6 5.7 5.5 -0.6 -0.6 -0.6 -0.6 -0.6 -0.6 -0.6
-0.6 -0.6 -0.6 -0.6 -0.4 -0.1 0.2 0.6 0.8 1 3.8 5.3 5.3 6.2 8.6 5 6.6 6.2 6.8 7.5 7.4 7.4 8.8 11.4 14 16.6 18.6 20 21 21.9 22.1 22.6 23.1 23.5 27.6 28.5 30.6 32 33.2 33.7 34.4 32 29.3 25.2 18.9 17.1 17.8 24.4 28.6 34 40.8 43 43.7 42.4 40.2 39.2 37.4 37.4 41.2 40.8 39.7 36.2 33.8 24.7 30.3 28.3 24.1 21.9 18 15.2 13 11.3 11.1 8.7 8.2 6.8 7.5 13.6 -0.6 -0.6 -0.6 -0.6 -0.6 -0.6 -0.6
-0.6 -0.6 -0.6 -0.6 -0.4 -0.1 0.2 0.5 0.7 0.7 0.7 0.7 0.7 0.7 0.9 3.3 3.3 3.6 3.6 4.3 5.4 9.2 11.2 13.7 18.4 21.8 24.2 24.1 24.4 25.4 26.8 28 30.2 30.6 31.7 33.5 36 37 36.7 38.5 37.2 33.7 31.6 26.6 21.3 21.8 27.2 30.3 35.9 42.2 46.2 46.6 46.1 44.2 42.6 43.2 44.4 44.1 43.9 43.1 40.4 39.1 35.7 33.2 29.7 26.3 23.8 21.5 19.1 18.4 19.5 17.7 16.5 15.8 11.9 10.6 12.8 18.5 14.6 -0.6 -0.6 -0.6 -0.6 -0.6 -0.6
-0.6 -0.6 -0.6 -0.6 -0.5 -0.1 0.2 0.3 0.4 0.5 0.5 0.2 0 0.1 0.5 1 2.9 4 5.8 6.6 9.8 12.9 16.2 18.6 22.4 26.5 29.1 29 29.2 29.5 31.8 33.7 35.9 37.5 35.8 39.8 40.4 39.6 39 37.3 35.8 32.9 29.4 26.9 26.1 29.4 34.8 39.6 46.5 48.3 48.9 49 48.1 46.8 46.3 46.3 47.3 47.7 47.4 46.5 44.1 42.7 39.1 37.6 25.6 30.5 29 26.3 24.8 24.7 25.8 24.7 24.1 21.8 19 16.3 21.1 23.1 25.6 -0.6 -0.6 -0.6 -0.6 -0.6 -0.6
-0.6 -0.6 -0.6 -0.6 -0.5 -0.1 0 0.1 0.1 0.2 0.3 -0.1 -0.6 -0.2 0.4 0.9 4.3 6.8 8.4 10.5 13.4 17.4 21 24.6 27.9 31.9 33.8 34.9 34.2 34.8 38.3 40 42.2 44.1 43.5 45.1 46.6 44.5 42.4 39.8 37 36.7 31.3 32.1 34.1 39.1 46.5 49.8 50.2 51.9 50 50.2 48.3 47.5 47.1 47.8 48.6 48.8 48.4 48.3 47.7 47.1 44.2 41.2 31.1 35.9 33.1 31.3 30.7 29.6 28.6 27.5 25.9 23.4 21.5 22.3 24.9 25.3 22.2 4.2 -0.6 -0.6 -0.6 -0.6 -0.6
