WholeMapElevations/data/sd/sd54_OST50GRID_20230518/SD54.asc
ncols 200
nrows 200
xllcorner 350000
yllcorner 440000
cellsize 50
[rows 35 to 69 of 200, columns 0 to 79 of 200]
22.8 23.4 23.3 34.7 37.1 39.2 41.7 44.7 48.1 51.2 53.5 57.5 60.5 64.1 69.4 73 78.4 83.9 93.8 103.6 113.1 122.8 130.8 138.6 145.3 146.8 142.4 132.2 126.6 116.5 105.8 101.4 97.4 99.6 96.8 99.6 110.1 110.9 113.2 112 104.7 100.9 95.8 95.2 97.5 108.1 116.2 126.1 134.6 153.4 161.9 168.6 168.3 168.6 174.7 187.7 186.6 186.6 186.6 186.6 186.6 186.6 186.6 186.6 186.6 186.6 186.7 190.7 189.2 188.1 185.5 183.4 188 191.2 192.6 190.3 190.8 189.1 186.2 184
22.4 22.6 28.9 31.4 37.6 38.9 42.1 45.2 48.3 52.4 57.2 58.1 58.9 63.6 68.8 72.1 77.5 85.5 91.7 101.1 112.8 122.7 130.6 138.2 143.2 144.4 134.9 128.7 114.2 105.8 101.2 97.7 93.6 86.8 84 84.4 86.9 89.4 90.6 89.4 88.8 93.4 109.4 123.5 128.1 137.8 146.7 132.3 143.6 157.8 169.1 177.7 173.7 174.3 176.6 181.7 186.6 186.6 186.6 186.6 186.6 186.6 186.6 186.6 186.6 191.4 192.3 193.1 195.5 191.5 187.6 182.3 184.5 188 189.5 188.7 185.7 184 182.1 181.9
23.1 23 22.7 28.8 37 38.9 41.9 44.7 48.5 54 58.6 59.6 60.8 64 67.7 72.2 77.4 85.7 89.4 98.3 109.6 119.2 126.7 133.9 131.1 122.2 115.5 105.4 97.3 90.4 85.4 82.7 76.4 77.8 79.5 80.7 82.7 85.2 87.4 96.4 111.8 125.3 137.7 149.3 150.4 156.9 161.5 155.9 154.1 168.1 170.4 179.7 183.6 185.2 184 186.3 187.1 186.6 188.3 190.4 190.3 186.5 186.6 187.8 192.5 198.1 200.5 204.1 202.4 196.8 189.3 182 182 184.9 185.4 185.5 182.9 179.7 176.5 175.4
22.6 22.1 22.9 23.9 36.2 38.8 41.1 44.6 48.7 54.1 58.1 59.4 60.5 63.6 67 72 75.8 83.2 88.5 96.7 105 113.1 118.1 116 98.1 87.7 77.9 74.5 81.4 73.4 75.7 85.9 91.5 96.2 96.7 97.7 96.7 93.2 100.6 117.5 137.1 148.4 158.8 162.8 163.8 165.1 167.8 171.5 171.4 173.5 175.6 185.4 188.2 188.7 188.6 189.6 192.2 192.2 192.1 193.9 192.6 191.8 191.5 192.8 198.2 204.4 208.8 209.7 207.9 202.1 193.1 184.1 180.3 181.6 182.3 181.3 178.7 175.2 174.7 174.6
22.3 22.7 23.1 29.3 34.9 38.7 40.5 43.8 47.5 54.7 56.7 59.4 60.6 63.7 66.2 71.8 76 81.6 86.1 93.5 101.7 107.9 111.8 104.3 81.4 70.7 68.8 70.4 71.3 83.6 97.6 106 110.3 116.8 120.1 123.3 126.5 122.9 131.1 140.3 153.9 163 166.5 169.3 172.3 175.6 177.3 179.4 178.2 179.2 181.9 190.2 188.2 188.2 188.2 189.9 194.5 197.4 199.7 197.9 198.9 195.9 196.9 204 207.7 211 212.4 213.6 211.4 206.4 197.9 184.8 179.1 177.8 178.8 177.6 174.6 172.7 173.1 178.6
22.6 23 22.7 25.4 35 38.4 39.8 43.4 48.5 53.7 57.3 59.8 60.8 62.4 65.5 70.4 76.2 79.9 81.9 89.9 96.6 104.5 103.9 86.5 68.3 66.8 68.4 75 90 105.3 118 123.8 129.1 135.1 139.2 142.5 146.8 148.9 154.3 158.8 162.3 164.8 169.1 174.5 177.9 180.4 181.9 182.8 183.5 183.9 188.2 188.2 188.2 188.2 188.2 188.5 195.9 202.3 204.4 204.6 202.4 201.6 202.3 205.7 212.7 214.3 213.7 215.4 215 209.8 199.3 187.2 179 176.3 176 171.3 168.6 172 178.5 180
22.7 22.4 22.4 27.7 32.9 37.9 38.4 41.9 48.1 53.3 57.5 59.9 60.5 62.1 64.3 68.9 73.5 78.6 81.8 86.7 90.7 92.7 81.6 69.2 64.8 67.1 82.7 94.2 109.9 117.5 124.8 130.6 135.1 141.7 144.5 147.7 151.8 154.3 156.3 161 164.7 166.6 169.9 175.8 179.9 182.8 183.5 186 188.2 188.2 188.2 188.2 188.2 188.2 188.2 188.2 195 204.2 206.2 206.4 204.3 202.7 203 207.3 213.8 217.3 215.4 216.1 215.5 211 200.9 183.1 176.7 174 172.9 166.9 170.2 176 177.5 179.5
22.5 22.2 23.3 25.2 30.4 37.6 38 42.2 47.2 52.7 56.4 58.9 60.3 60.7 63.1 66.8 71.3 74.6 77.8 76.7 79.4 77 62.7 62.3 66.9 86.2 98.3 105.6 113.3 119.4 125.9 132.5 133.8 140.3 143.1 147.9 152.5 155.1 157 161.4 165 167.3 170.1 175.1 179.7 182 188.2 188.2 188.2 188.2 188.2 188.2 188.2 188.2 188.2 188.2 192.8 202.5 205.4 206 206 203.8 204 208.3 215.7 216.7 214.7 215.3 213.6 209.2 200.2 180.9 175.3 171.3 171.2 167.7 170.2 174.9 176.9 178.2
22 22.2 22.6 23.7 29.3 37 40 40.9 47.2 51.5 55.5 58 58.9 59.8 62.1 66.1 70.5 74.1 72.1 65.1 61.4 60.1 60.7 66.3 86.1 105.4 109.2 112.4 115.9 122.6 129.3 134.1 130.9 136.5 142.2 148.3 152 154 157 161.6 165.8 168 170.1 175 178.5 181.7 189 188.2 188.2 188.2 188.2 188.2 188.2 188.2 188.2 188.2 191.6 200.9 204.9 206.4 209.2 207.4 204.8 208.8 214.3 213.9 213.2 212.7 211.3 205.6 194 178.8 172.7 169.8 166 164.3 172.2 173.8 176.1 177.4
22 21.8 22 28.4 29.2 36.6 37.9 43.7 48.1 51.9 54.8 57.5 58.7 60 63.2 67.4 70.6 74.8 70.5 65.1 58.2 58.7 61.6 78.6 99.3 108.5 114.9 119 122.3 127 130.6 129 128.1 135.6 140.9 146.8 150.1 152 155.9 160.9 166.4 168.8 169.7 172.8 176.8 180.8 184.3 188.2 188.2 188.2 188.2 188.2 188.2 188.2 188.2 188.2 192.4 200.1 205.4 206.7 211.5 210.9 208.3 209.4 212.9 212.9 211.9 212.5 211.2 202.5 187.4 176 170.6 168.4 164.5 167.5 171.2 172.7 175.5 177.5
22 21.3 22.5 31.4 33.7 37.6 36.6 44.9 49.3 52.7 55.3 56.8 58.7 60.7 64.6 68 72.1 75.8 67.9 57.8 57.5 57.3 61.7 83.1 100.9 107.5 114.9 120 123.5 126.8 126.2 124.6 128.8 134.4 139.5 144.7 148.1 149.7 154.2 159.6 165.6 168.6 168.5 170 174.3 177.7 179.7 186.6 188 188 188 188 188 188 189.9 188.7 193.5 199.4 204.7 207.2 209.1 213.3 211 212.7 213.4 212.7 212.9 213.2 212.5 200 182.5 172.6 162.6 162.1 163.9 167.5 170.1 172.2 175.5 177.7
21.6 21.2 23.6 32.6 35.1 33.8 36 45.6 49.6 51.9 53.8 56.1 58.5 61.5 65.1 68 72 75.5 66.9 56.7 55.6 56.2 63.4 78.7 96.3 104.9 111.3 116.4 119.6 123.3 122.1 122.9 127.2 132.2 136.8 141.5 144.8 147.2 151.7 156.8 164 167.4 167.3 168.2 170.8 172.7 174.2 177.4 188 188 188 188 188 188 189.6 191.8 194.6 199.1 203.1 206.1 207.6 211.7 212.5 214.3 215.6 214.5 217 215.6 211.3 199.1 180.5 168.8 159.6 161.9 167.5 167.5 168.7 173 176.8 179
21.4 21.8 26.7 31.8 33.8 35.3 35.6 44 48.8 51.6 54.2 55.6 58.8 61.9 64.7 67.4 71.1 72.9 66.8 53.8 54.7 54.7 60.6 77.1 93.8 103.1 108.3 112.4 117.5 121.7 120.5 122.5 126.3 131.3 135.4 139 141.6 145.6 151 156.7 162.4 166.1 166.9 167.6 169.3 175 179.8 181.6 184 188 188 188 188 188 190.8 193.8 197 199.8 202.1 204.9 207 210.5 214.1 214.6 215.5 215.7 218.2 217.1 209.5 197.2 179.8 170 161.2 159.9 160.8 168.4 168.5 173.1 175.5 175.7
21.4 21.1 25.1 29.5 33 32.7 35.3 41 47.3 50.5 53.3 55 58.4 60.7 63.4 66.3 69.6 72.2 71.1 53.8 52.7 53.5 60 76.5 93.9 101.8 105.6 111.2 116.7 120.1 118.8 123.1 126.3 131.2 134.8 137.7 140.3 144.5 150.8 156.3 161.6 164.3 165.4 166.2 167.8 173.4 179.6 183.4 183.1 188.1 188 188 188 188 192.4 195.3 197.7 199.2 202 204.4 205.9 211.2 215.3 214.5 214.8 215.3 216.4 217.2 209.7 194.4 178.8 170.1 163.7 155.6 160.3 165.8 168.8 170.4 174.1 175.7
21.2 22.1 30.9 30.7 31.5 29.7 35.3 37.9 45.7 49.6 52.4 54.9 57.5 59.8 62.3 65.2 68.8 69.6 68.6 51.7 51.3 54.5 68 80 91.9 98.3 101.1 105.7 112.4 114.6 119.8 125.6 125.4 129.4 131.7 133.8 138 141.2 147.5 152.6 160 163.9 164.9 165.1 165.8 171.2 176.9 180.2 182.7 183.2 188 188 188 188 191.8 194.3 196.6 198.8 202.8 204.3 206.4 209.3 216.3 215.8 215.5 215.6 215.6 216 209.3 193.1 178 169.6 163.9 157.2 163.5 166.7 171.2 173.3 175.3 176.9
20.6 25 31.1 33.4 32.8 29.5 35.7 34.7 44.5 48.6 51.5 54.5 56 57.9 60.5 62.7 64.1 62.7 58.7 49.9 50.2 58.2 75.3 75.2 83.5 87.9 95.8 99.6 100 113.3 118.5 121 123.7 126.7 128.4 131.5 137.2 143.5 149.3 155.6 162 163.8 165.4 164 163.8 168.9 172.9 177.1 179.3 181.7 189.6 188 188 190 190.6 193.8 197.4 198.8 201.6 204.5 206.5 209.2 215 217.3 216.5 214.9 214.1 214.3 207.8 192.4 176.7 166.8 159.1 156.7 163.5 168.7 170.6 173.3 176.3 178.1
24 25.7 30.5 32.3 31.9 31.3 32.7 34.4 43.1 47.4 50.3 52.7 53.2 55.1 56.4 55.2 53.9 50 47.8 48 48.9 65.3 77.2 83.3 83.5 82.5 85.6 95.2 106.7 113.1 117 118.9 121.1 124 127.3 131.6 137.4 143.7 149.1 156.5 163.7 166.4 166.6 164.7 163 166.4 170.3 175.1 178 180 182.7 184.7 186.6 187.4 189.2 192.9 198.5 199.6 199.1 202 205.1 208.9 212.3 216.7 215.6 213.4 212 211.2 205.4 192.5 176.4 163.9 155.8 155.6 166 170.6 173.4 176.7 178.3 179.6
20.5 21.4 29.2 31.3 30 29.6 32.3 34.1 42.3 46.3 50.2 50.6 50.3 48.5 44.3 44.1 44 46.1 46.6 47.3 52.8 69.9 78.6 84.2 88 82.7 82.7 96.2 107.4 112.5 114 115.7 119.8 123.2 127 131.3 137.3 143.1 148.9 156.8 166.7 170.5 169.4 166.7 163.3 164 168.8 173.5 176.9 179 181.8 183.7 185.8 187.1 187.9 189.8 192.9 195.7 196.5 199.1 201.9 207.4 211.7 214.8 214.5 211.9 210.5 209.3 203.1 191.7 175.4 159.9 151.5 160.9 169.7 172.2 175.3 179 180.4 181.5
21 23.7 26.7 30.5 31.3 32.4 31.5 33.9 40 44.9 48 46.3 40.6 40.1 41.3 42.5 43.1 43.9 44.6 50.6 64.2 73.4 79.7 83.3 86 75.8 83.2 92.1 97.3 106.9 113.4 116.7 118.8 123 125.7 131 136.5 141.9 148 156.2 167.9 172.7 171.9 168.3 165.4 161.7 166.9 171.3 175.2 178.1 181 182.5 183.8 186.4 186.7 187 188.6 190.8 194.2 196.1 199.6 203.7 209.7 212.4 212.5 209.7 208.7 207.3 201.9 188.7 174.4 159.4 152.6 153.7 168.6 171.6 175.5 179.4 182.3 183.3
20.7 22.5 28.6 31 31.2 32.3 30.5 33.4 37.3 39.4 41.3 37.8 38.9 38.1 38.8 50.7 47 43.5 46.7 52.2 65.8 74.7 78.7 76.8 72.9 77.2 88.4 98.3 104.5 110.3 112.2 115.7 118.3 122 125.5 130.4 135.5 141.2 147.1 155.6 167.5 171.2 172.4 169.7 166.8 161.4 162.3 169.2 173.5 175.6 179.5 181.7 183.7 185.7 187.3 186.1 185.4 188.3 191.7 194.2 197.2 201.4 207 210.2 209.9 206.8 207.4 209.8 203.1 188.9 171.8 157.8 152 153.9 167.9 170.2 174.8 178.1 181.1 184
20.7 22.4 28.7 31 31.5 31.4 29.6 32.4 34.8 36.5 36.2 37.3 37.5 45.8 52.3 56 59.7 55.9 47.7 52.9 61.9 72 77.1 66.7 76.5 88.5 96.5 102 106.2 110.6 112.8 115.2 118 121.5 124.8 130.2 134.2 140.3 146 154.6 164.9 169.4 170.6 169.1 166.7 161.6 160 164.7 173.4 177.9 179.6 181 182.7 184.4 185.9 184.9 184.5 186.9 190.4 193.6 196 200.3 203.7 206.8 206.5 204.4 204.6 208.3 202.5 187 170.7 156.4 151 154.6 166.7 168.8 173.1 176.6 179.3 182.6
21.5 22.1 26.5 30.9 31.7 31.9 29.4 33 33 34.9 36.1 35 45.8 50.7 53.7 58 60.6 60 52.7 51.6 57.3 69.7 73.3 64.9 78.9 92.1 98.4 103.2 105.6 109.7 112.1 114.5 117.3 120.5 125.3 129.8 135.3 140.5 145.4 153 162.9 166.2 168.3 166.9 164.3 159.8 158.2 163.5 172 177.3 178.9 179.9 181.3 182.8 184.1 183.4 184.1 186.5 190.1 193.5 196.2 198.7 201.1 203.8 203.2 202 200.9 204.6 197.8 188.7 172.6 155.7 147.6 157.5 166.3 168 171.9 174.8 178.1 180.3
22.2 22.4 26.4 30.9 31.2 31.5 31.4 32.4 32.6 32.8 34.7 43.6 46.8 49.9 54.3 57.3 59.9 61.5 59 53.3 55.2 58.9 61.7 67.1 79 90.2 98.6 102.9 105.1 108.6 111.1 113.5 116.6 120.1 124.8 129.1 134.4 140 145.5 152.3 161.1 163.6 165.6 165.2 162 157.9 156.7 162.2 170.3 174.8 175.2 176.6 179.1 179.5 182.7 184.9 185.3 186.8 190.4 193.7 195.8 196.9 198.5 201.2 201.4 200 199.4 200.2 194.8 187.3 173.9 159.9 148.4 156.5 167.6 167.5 169.7 172 177 179.7
23 23.3 24.1 30.8 31.4 29.8 30.6 31.7 32.6 40.4 41.1 45.4 47.4 49.5 53.4 56.8 59.9 62.4 60 53.8 55.3 62.7 66.5 67.9 80.2 89.1 96 101.5 104.5 107.8 110.3 112.9 115.8 119.1 123.7 128.4 133.4 139 143.3 150.5 157.2 160.8 162.3 161.9 159.7 156.2 155.5 159.6 166.5 170.9 172.2 173.3 175.5 179.9 183.2 185.6 187.2 188.4 191 194 195.3 195.9 197.1 198.5 199.7 199.5 197.2 196.8 192.8 186.7 174.2 165.2 145.2 159.4 166.8 166.1 168.7 171.7 176.8 179.3
23.3 23.9 25.1 28.5 29.1 32.2 29.8 30.7 32.4 35.1 40.3 44.8 47.6 50.3 53.2 56.6 60 61 56.6 52 57.5 68.8 62.7 68 81.2 88.4 95.8 100.6 104.4 107.5 110.6 111.5 114.5 118 122.7 127.4 132.4 136.7 140.9 148.1 153.1 157.2 158.6 158.4 156.1 153.2 153.2 158 162.1 165.6 165.9 171.7 175.3 178.6 182.6 186.1 187.9 188.9 192.4 194.4 195.1 194.8 195.8 196.5 197.4 198.1 195.7 193.4 190.6 185 176 155.6 146.8 154.3 166.9 166.6 168.4 171.2 175.5 179.2
23.8 24.7 25.3 26.2 27.9 28.1 29 30.3 32.7 33.7 39 43.6 47.6 49.8 52.6 56.6 59.1 57.9 51.5 52.3 61.7 64.9 59.2 65.4 81.1 89 93.9 98.7 103.4 106 111.1 110.3 112.6 116.2 121.3 126.8 130.5 134.4 138.4 143.6 147.6 152.8 155.4 155.4 153.9 151.2 153 155.7 159.6 161.2 164.2 171 175.1 177.9 181.9 185.8 187.4 189.1 191.7 193.7 195 194.8 194.2 194.1 194.4 195 194 190.3 187.3 183.1 175.3 153.9 145.7 147.7 166.1 166.1 167.6 169.7 175 179.6
23.2 24.1 25.1 27.5 27.2 28.2 30.3 30.2 31.3 32.3 38.5 42.9 46.5 49.5 52.2 55.4 57.7 53.5 49.3 53 56.8 56.2 56.7 68.4 80.8 87.4 92.6 96.3 101.7 105.7 109.7 108.5 111.3 115 119.9 124.8 129 132.3 136 138.8 142.5 147.6 151.5 152.2 151.8 149.9 151 152.9 156.6 158.9 164.3 170.3 172.6 176 180.1 185.1 187.1 187.8 189.3 192.8 194.2 194.4 192.8 191.7 191.6 192.2 192.3 189.8 186 178.4 173.7 156.9 145.4 144.1 161.4 166.2 163.5 168.3 172.8 175.2
22.8 23.5 24.6 26.8 27.4 28.6 29.2 30.3 31 32.3 37.8 41.9 44.8 47.9 52.4 55.4 55.6 51 48.4 52.7 53 54.3 59.2 71.3 80.5 85.9 90.6 94.6 100.1 105.2 106.7 106.4 110.4 114.1 118.2 122.1 126.1 130 133.2 136.3 139.3 142.8 146.8 148.5 148.9 144.6 151.2 152.8 153.8 158.8 164 168 171.1 173.7 178.1 183.4 185.3 186.4 187 189.7 191.8 192.4 190.3 188.2 188.5 189.1 190.8 189.1 183.9 179 173.8 166 144 142.8 154.8 163.8 161.8 164 171.3 175.6
22.1 22.8 23.8 25.3 26.1 27.8 29 29.4 31 32.5 37 40.9 44.4 48.1 51.6 54.7 56.5 51.4 48.1 49.6 51.7 60.1 66.8 73.4 80.1 85.9 90.3 93.5 98.9 104.2 103.9 105.1 109.1 113.4 117.5 120.5 124 128.1 131.1 133.9 136.1 139.3 142.5 144.5 143 146.9 150.8 149.8 152.6 158 162.8 166.9 170.2 171.9 176.1 179.3 182.9 184.2 184.3 185.5 188.1 188.3 187.2 185.8 185.4 186.3 188 188.6 183.3 177.3 173.3 168.4 154 141.9 142.1 153.7 161.4 165.1 170.7 176.9
21.5 22 23.5 24.3 25.1 27.3 27.2 28.6 30.8 32.8 36.2 39.4 43.5 47.1 50.5 55.6 58.1 54.7 47 48.8 53.7 58.2 67.3 74 80.5 85.9 91 93 96 103.5 102.2 104.5 108.9 112.5 115.4 118.8 122.4 125.8 128.7 130.8 133.2 136.2 136.4 136.1 140.5 146.7 149.1 151 151.7 156.6 161.5 166 169.3 170.8 174 176.7 179.5 180.7 183.4 183.8 185.3 185.2 184.1 183.4 182.2 182.5 184.4 186.1 181.5 176.1 172.5 168.6 164.1 148.3 140.3 148.8 154.9 162.3 169.2 175.6
20.6 21.2 22.7 23.5 26.1 27 26.7 28.9 30.2 33.7 35.4 38.9 42.6 46.2 51.3 56.2 59.4 54.2 46.5 46.8 52.7 54.5 64.5 72.7 80.8 86.6 91.5 93 92.9 100.1 100.9 103.8 107.3 111.1 114 117.3 120.7 123.9 126.2 123.1 126.3 132.8 137.1 141.3 143.4 146.9 147.7 150.2 151.7 156.1 160.3 164.5 168.3 169.8 172.7 174.4 176.5 179.4 182.4 184.5 184 183.6 182.4 181.3 178.5 178.6 180.2 182.3 180.4 174.8 171 167.7 166.3 157.7 141.1 144.2 155.2 165.2 171.5 176.8
19.9 21 21.8 24.4 27 27.2 27.4 28.9 30.7 32.1 34.4 38.5 42.6 46.4 50.3 55.7 58.2 49.7 45 45.5 49.1 52.6 64.2 72.2 80.1 87.1 91.6 92 91.8 98.7 100.3 103.4 105.8 109.8 112.7 115.3 119.2 122.4 114.2 126 129.7 133.7 137.3 140.5 141.5 144 147.2 148.9 151.3 154.7 158.2 161.7 166.4 167.9 171.4 172.7 175.3 179.6 183.9 187.3 186.3 184.3 183.9 181.1 176.7 173.7 175.5 178.4 178.2 173 169.4 166.9 159.7 150.6 139.7 143.4 157.7 165.9 172.8 178.3
19.8 20.3 22.1 26.3 26.3 27 26.6 28.4 30 32.7 34.4 37.8 41.8 45.6 50.2 52 52.4 47.2 44.2 44.6 51.1 58.7 68 72.6 79.3 85.4 89.8 89.5 92.9 98.3 99.2 100.5 104.6 108.1 111.3 114 117.7 118.6 120.4 126 129.2 132.7 135.3 138.6 140.7 144 146.3 148 149.7 152.7 156.2 159.2 163.3 166.3 169.2 171.4 175 179.3 184.3 188.8 189.1 187.5 187.1 182.8 179.3 173.7 171.9 173.6 175 171.3 167.7 164 156.1 144.3 136.6 149.3 162.1 168.4 173.3 180.8
19.4 20.2 20.7 24.6 25.7 26.3 27.1 27.7 29.9 33.1 34.7 36.9 41.3 45.4 48.8 51.5 50.5 45.8 43.1 45.7 56.9 67.3 70.8 73.8 78.9 83.3 86.4 88 91.7 98 97.3 97.2 101.4 105.3 108.6 110.8 112.4 110.3 119.4 124.5 127.7 131 134.7 137.3 140.1 143.2 144.8 145.3 148.6 151 154.5 157 160.4 164.9 168.2 172 176.3 180.8 184.8 189 192.2 188.2 187.3 184.6 179.3 173.7 168.8 170 171.8 169.8 164.8 158 151.5 141.7 136.7 153.3 164.5 169.3 174.9 181.8
19.2 19.9 19.8 22.1 25 26.6 27.5 28.4 31.2 32.9 34.8 36.5 40.6 43.8 47.9 49.7 48 43.7 43.1 46.5 57.3 67.8 71 73.3 77.1 81.9 85.6 89.2 88.4 95.5 90.7 86.8 89.4 94.8 100.1 104.5 110.3 117.2 120.1 123.8 127 129.5 133.5 136.2 139.2 141 143.1 143.3 147.6 150.3 153.4 157 160.1 163.4 168.1 172.7 177 181.8 186.4 189.4 192.2 192 188.6 182.3 178.2 172.8 166.9 167.4 168.5 168.1 159.7 152.6 148.7 143.1 135.6 152.5 165.2 168.9 174.5 181.6
