WholeMapElevations/data/sh/sh63_OST50GRID_20230518/SH63.asc
ncols 200
nrows 200
xllcorner 260000
yllcorner 330000
cellsize 50
[rows 72 to 107 of 200, columns 80 to 159 of 200]
287.6 291.7 304.8 306.8 311.4 297.7 296.8 298.5 275.4 257.9 236.8 228.4 225.9 224.8 217.7 212.3 208.2 217.6 216.4 220.6 218 216.5 216.4 219.9 226.9 223.5 220.5 220.8 229 238.5 243.8 254.6 266.5 278.4 289.5 294.1 298.5 306.9 316 323 324.3 323.4 321.5 324.4 322.1 313.5 300 290.2 287.9 295.7 308.5 325.4 333.8 338.1 343.1 348.7 355.4 370.7 367.7 382.1 409.3 414.8 416 413.6 411.8 415 415.1 419.8 410.4 402.6 378.2 353.9 333.7 323.8 314.8 306.4 302 299 297.8 285.9
306.5 311.6 319 322.2 320.5 305.9 297.8 291.3 271.8 254.4 234.7 240.3 235.4 232.6 226.8 224.3 222.2 218.9 221.9 229.6 224.7 223.2 225 229.4 223.2 222.1 222.5 225.4 235.1 249.4 263.7 276.3 289.3 291.7 299.8 304.8 309.8 319.1 328.3 332.3 333.6 332 332.3 331 326.3 319 312.7 299.9 294.3 295.5 302 316.9 340.7 345.8 352 356.5 360.4 377 374.9 382.7 396.9 408.4 416 413.6 417.2 425.6 423.9 418.2 412.1 388.2 366.8 345.7 331.3 317.8 310.9 303 298.8 296.1 289.6 282.1
316.3 321.8 329.2 325.7 314.6 311.1 300.7 293.3 270.9 257.5 240.7 246.8 243.7 235 236.3 237.8 234.8 236.8 231.3 240.5 232.3 233.4 236.2 234.6 224.5 223.7 226.6 235.9 252.6 269.5 280.4 291.1 303.5 306 310.5 318.6 325.2 334.6 343.8 345.3 343.8 347.7 342.6 335.6 335.2 327 316.8 309.9 302.8 297.7 301.4 307.9 326.5 341.4 350.2 361.5 368.6 384.6 389.6 379.9 388.3 401.9 411.4 417.3 425.1 427.9 425.3 412.9 400.7 379.7 359.1 341.7 323.3 311.5 306 300.3 292.7 290.6 285.4 279.1
325.6 329.9 329.4 324.1 316.8 316.9 301.3 286.2 273.1 262.7 249.6 253.1 250.7 240.5 249.6 251.2 248.4 250.6 253.4 240.8 243.9 248.2 246.7 233.5 231.4 236 242.9 246.8 258.6 279.1 294.1 306.8 315.9 318.9 324.5 336.1 346.9 353.2 362.5 361.6 362.3 364.2 360.2 342.7 345.3 332.9 322.6 314.5 309.5 302.9 299.7 302.1 319.7 334.6 347.9 365.9 375.9 388 391 383.7 389.6 409.9 418.3 425.8 424.5 426.6 418.1 405.7 388.2 369.6 354.4 334.8 318.2 308.7 304.5 298.6 292.4 289.1 288.2 282.9
333.2 332.5 331.4 326.4 324.1 322 305.3 288.9 275.1 262.7 258.8 257 255.3 255.8 258.8 263 265.1 267.4 275.3 265.7 254.1 261.3 252.3 248.2 244.8 252.3 256.9 261.9 263 281 289.9 311.7 325 324.8 334.2 347.1 364.5 372.2 383.6 380.8 380 381.5 373.8 361.2 353 338.1 328.6 321.4 311 302.3 300.4 299.3 312.4 329.6 338.3 356.8 369.1 384.3 388 390.3 390.4 403.2 418.6 420.2 422.3 419.7 408.5 392.5 373.8 361.1 346 329.3 317.3 309.7 303.3 299 291.7 288.3 286 284.8
332.5 332.2 335.8 330.1 328.4 320.8 309.2 289.2 279.1 267.7 266.1 260.4 263.9 263.4 269.4 273 275 281.3 293.4 285.2 274.7 262.9 260.6 263.2 259.4 264.1 269.5 274.6 277.3 279.9 291.6 305.5 321.2 331.2 343.1 356.1 374.7 382.6 390.6 388.3 387.9 389.3 385.2 374.9 358.3 345.5 336.9 327.1 317 305.7 302.9 300.9 302.8 322.8 330.4 343.9 359.6 373.1 383 393.4 395.9 398.4 404.6 411.6 412.8 410.9 394.5 379.3 367 351.3 337.3 326.3 319.6 308.4 303.1 297.9 293.3 291 286.3 285.7
332.9 332.5 340.8 335.9 333 322.1 302.5 289.9 278.5 274.6 271.9 261.4 269.3 274.7 277.2 280.5 286.3 291.4 303.7 300.9 290.1 279.1 281.2 281.4 277.4 275.9 286 292.8 292.8 289.4 294.6 317.2 325.5 337.9 347.8 363.9 378.1 389.2 398.2 395.7 395.5 395.5 392.2 377.8 360.3 350.1 343.4 335.1 324.1 313.6 308.1 304.6 304.6 311.8 327.9 333.5 343.9 360.8 372.7 385 390.8 390.3 391.3 395.4 397.9 396.6 379.9 371.2 367.1 353.8 341.2 331 321.4 312.1 301.5 299.3 297.9 293.9 288.1 285.8
332.1 332.3 342.2 341 331.8 319.8 306.1 299.5 284.9 278.9 278.2 269.9 277.8 282.6 284.8 290.4 295.2 301.7 307.6 308.1 288.4 304.9 304.1 297.9 291.3 295.7 306.3 309.1 309.5 303.3 316.1 334.6 338 345.8 359.7 378.6 385.5 396.6 399.9 403.6 401.7 402.8 399.7 380 362.3 357 348.8 343.4 336.9 323.1 313 309.8 307.3 307.2 318.8 325.5 336.5 353.8 364.5 374.6 384.1 385.6 386.5 389.3 393.9 391.4 380.9 373.7 366.5 356.5 342.9 335 324.3 311.9 301.9 304.2 300.1 298.6 290.6 286.1
322.4 327.4 341.7 347.9 335.6 320.4 323.6 311 298.5 287.7 281.1 283.4 287.1 289.5 293.1 299.1 303.7 312.7 316.6 303.7 302 314.1 317 311.1 306.6 307.4 324.5 326.3 319.3 324 333.6 350.8 355.6 364.7 389.8 396.7 399.4 405 415.5 418.2 413.3 410.2 408.1 382.7 369.8 363.6 363.9 355.3 346.2 333.9 320.1 313.7 313.8 309.1 312.8 321.6 326.5 338.1 354.6 364.4 374.2 383.7 388.4 388.7 393.3 387.7 380.6 374.7 367 356.9 344.1 335.7 325.1 314.7 302.9 311.1 302.9 304 303.3 289.9
311.7 317.2 326.1 334.7 332.3 331.8 330.4 317.4 303.4 300.2 290.4 294.5 296.9 296.6 301.9 306.2 309.7 323.5 321.5 309.4 314.8 322.2 323.7 322.3 323.7 319.1 337.6 331 331.4 338.4 350.8 361.6 367.5 392.6 411.1 414.8 411.9 412.3 421.9 424.9 421.8 419.3 410.7 391.6 381.4 383.1 372.4 363.8 352.7 338.1 324.3 320.8 320.8 320.4 318.4 315 316.9 330.7 343.3 358 373.7 390.1 397.5 394.7 393.8 390 383.2 377 367.7 355.4 342.5 334.1 328.8 320.6 308.1 312.7 311.3 309 304.9 293.5
317.9 321.1 322.9 328.3 324.9 334.7 333.8 317.1 305.7 302.3 302 303.3 308.3 306.5 311.6 311.9 316 323.1 309.6 333.3 336 337.6 333.4 359.8 352.2 335.3 334.5 336.5 343.9 356.3 361.3 370.9 377.3 400.5 430 435.6 433.2 424.2 427.1 431.3 433 428.8 416.8 405.6 400.1 393 387.6 374.5 361.4 347.4 334.9 328.4 324.5 326.9 322.2 323.1 329.2 327 340.4 363 375.6 389.3 406.2 405.3 400.1 391.1 383.4 378.3 371.3 354 342.6 335.8 329.5 325.7 319.1 314.9 314.9 312 303.6 298.4
325.6 323.2 327.8 324.6 326.7 336.6 334.6 319.4 315.8 310.4 310.5 311.4 315 313.4 316.9 320 322.4 311 327.5 341.3 347.8 346.6 352.2 360.8 353.2 345.5 342.5 344.2 354 366 373.3 381.1 394.1 410.2 430.5 440.1 439.7 438.4 435.3 438.4 441.5 432.5 430.6 427 419.4 408.9 398.4 389.9 373.5 359.2 339.6 335.9 332.7 330.1 331 330.2 333.6 330.2 337.2 358.8 381.6 396.6 408.2 410.3 403.9 394.3 386.9 380.8 360.6 349.6 340 333.7 330.3 330.4 328.4 319.5 322.6 320.1 310 304
328.5 334.5 326.9 325.4 327.1 335.7 329.8 325.1 322.8 316.5 319.8 322.8 331.6 326.4 324.3 327.9 322.5 327.4 339.5 351.7 358 356.4 358.2 359.1 359.3 359.1 352.9 352.1 365.7 374.7 387.4 388.8 405.5 425.5 431.3 443.8 444.8 447 447.9 443.4 445.6 455.1 453.7 446.3 443.8 427.5 415.7 401.1 388.5 366 354.9 344.6 338.6 336.9 337 332.9 338.2 339 340.2 373 390.4 401.9 413.5 419.5 412.1 396.1 387.7 366.1 357.1 352.9 349.9 341.4 346.6 343.7 337.1 336.4 329.4 330.8 315.4 308.4
330 327.9 328 326.5 327.8 329.5 329.6 333.4 334.8 326.8 326.4 330.8 338 335.6 333.8 330.6 324.4 341.7 352.8 364.2 361.8 363.3 364 367.1 370.5 368.4 369.6 358 373.1 388.4 397.2 395.6 413.8 433.3 436.2 444.8 452.5 454.3 452.5 456.5 458.7 467.4 469.6 469.8 458.5 443.7 429.8 414.7 403 384.9 368.2 357.5 347.4 345 341.2 341.6 339.4 347.2 352.4 377.3 386.6 393.6 403 409.2 409.8 399.7 386.2 379.9 380.7 384.3 379.5 367.3 358.9 360.6 352.7 353.1 335.3 331 317.9 311.2
331.8 327.6 327.3 326.8 336.6 331.4 329.8 344 344.7 336.1 335.2 341.4 344.7 345.2 345.3 336.3 337.8 351.5 363.5 364.5 366 369.1 366.6 377.4 380.1 385 384.1 384.2 377.8 394.9 403.3 411 424.1 437.1 439.7 447 456.2 458.7 464.6 458.9 462.9 472.9 478.8 479.4 472.6 455.1 443.8 428.3 417.9 393.6 382 373 360.5 349 345.5 347 342.2 351.6 360.4 370.3 375.5 381.2 388.3 400.9 414.4 408.5 409.9 419.3 415.2 400.7 400 385 378.4 374.4 363.9 365.7 343.9 329.9 317.7 313.9
344.9 330.6 327.4 332 339.4 341.6 341.2 354.3 355.9 349.8 344.6 350.8 350.7 350.7 350.9 341.5 358.5 360.7 371.2 368.6 370.7 371.6 371.5 380.6 390.2 397.6 402.9 399.4 392.1 395.1 407.3 423.4 429.8 443.3 443.8 450.9 460.3 465.4 468.6 470.6 482.3 482.6 488.3 487.7 481.7 467.5 454.3 436.6 424.9 403.5 391.4 379.8 367.7 359.1 351.9 347.3 351.1 356.9 360.2 364.7 371.2 379.5 392.9 416 425 426.6 424.5 447.4 437.4 429.5 415.3 407 393.9 384.5 380.3 369.9 348.4 336.2 322.2 313.9
364.5 351.7 334.1 337.6 337.9 350.3 359.4 372.9 364.8 358.7 351.4 360.1 353.9 357.6 354.5 352.5 371.9 375 370.7 374.8 374.2 377.3 378.3 381.4 394.6 406.7 415 415.3 411.7 403.6 417.2 427.9 445.3 446 448.5 456.5 462.7 468 468.7 488 494.3 492.8 491.7 497.3 493.9 482.1 468.6 450.1 434.2 416.2 399.8 389 382 371.2 365 357.8 360 359 358.4 367.2 377.7 385.8 402.9 423.4 439.9 445.1 429.6 450.1 453.8 438 427.6 421.4 406.1 391.3 382.1 365.9 353.3 335.7 327.1 314.6
374.8 367.3 349.1 338.3 345.2 362.8 369.6 383.1 378 368.9 360.4 365.8 358.9 356 355 368.4 374.3 375.1 372.9 379.8 378.4 384.2 386.2 390.3 394.4 416.2 424.7 428.5 422.9 417.4 423.7 432.9 447 450 454.2 457 463.7 459.9 482.2 498.2 504 502.1 498.4 502.6 500 497.6 484.3 462.3 449.3 430.5 413.5 404.8 397.8 386.5 377.6 374.6 366.1 361.3 364.1 371.9 383.7 396.8 432.3 446.4 463.7 459.4 444.5 440.5 451.2 442 435.3 430.8 416.3 398 381.6 378.4 371.7 347.6 344.9 325.5
383.6 376.1 357.5 346.3 360.5 373.2 373.6 384.1 379.3 380.6 369.8 372.7 364.1 357.9 362 376.4 379.6 375 375.1 385.8 388 392.5 393.8 400.5 406.7 421.4 432.4 437.2 437.9 431.4 426.4 432.7 444.6 454.9 458.2 462.7 457.2 465.4 494.1 505.7 507.6 509 506.1 512.3 512.7 503.2 492.2 480.4 467.3 457.4 448.2 435.9 419.7 402.1 394.3 387.6 386.4 380.1 378 382.7 400.6 417.6 453.1 480.7 494.3 485.1 463.3 446.6 452.7 446.3 441.5 434.6 422.4 408.1 393.5 387.4 380.8 372 357.6 354.2
389.4 383.4 366.1 366.6 379.9 382.5 382.6 386.9 386.8 380.7 372.4 372.4 370.7 362.9 376.6 380.3 385.1 383.3 377 390.5 392.3 400.7 405.7 411.8 417.3 428.2 437.5 448.1 450.6 444 439 436.1 444.4 455.8 456.6 454.3 465.9 478.5 503.2 510.4 514 512.1 511.4 516.2 520.3 513.8 498.2 495.7 484.2 473.2 465.1 461.9 447.9 448 439.2 446 425.2 418.2 411.8 402.9 436.8 453.6 490.4 509.1 512.7 511.9 483 465.5 454.1 450.1 446.6 437.1 427.1 423.4 410.2 406 404.5 389.4 359.4 357.7
398.9 390.5 376.5 388.2 391.6 389.6 384.7 392.5 389.5 375.8 378.8 374.8 366.7 369 381.2 388.4 390.3 390.1 382.4 393 398.2 405.6 414.1 424.1 428.8 433.2 443.1 454.9 457.7 454 448.1 448 442.8 452.5 453.5 453.8 474.1 497 505.7 514.8 518.5 514.2 515.6 518.3 520.3 514.4 508.2 502.1 495.2 502.3 510.5 506.7 502.1 505.1 505.9 494.2 467.4 460.7 445.1 439.6 467.2 491.9 510.7 520.3 528.8 525.6 502.3 477.7 464.4 450.7 440.4 435.4 440.5 431.4 420.6 411.6 414.6 397 363.6 359.2
408.9 392.6 390 399.3 402.7 397.1 394 395.2 392.3 387.9 385.7 376.4 366.6 373.7 382.8 389.8 395.5 385.6 386.3 398 401.6 407 416.6 433.4 441.9 444.3 448.8 461.2 460 455.3 452.7 455.6 446.3 450.9 453.3 460 479.8 501.5 511.7 516 516.8 518.2 527.9 529 520.1 517.5 509.5 509.7 528.9 527.2 520.5 531 529 525 526 518.5 514.6 507.5 488.2 470.6 483 510.8 518.6 525.3 534.1 529.2 508.5 482.7 469.3 449.7 440.7 443 445.3 434.5 427.5 421.5 416.9 403 370 368.1
408.1 393.6 399.9 409.9 411.3 398.7 397.5 404.4 393.4 392.2 388.3 375 372.7 379.7 386.5 389.6 386.3 384.9 393.4 400.4 404.7 411.2 419.4 433.9 446.4 455.9 460.8 457.9 456 453.8 453.1 454.7 456.3 453 456.9 465.9 481 503 513.9 515.7 523.2 526.3 535.1 533.1 522.5 516.8 527.2 541.6 544.5 544.4 534.1 541.6 540.2 540.3 534.7 532.2 526.7 521.1 516.2 493.7 493.5 519.8 521.7 532.6 534.3 527 507.1 481.5 464.4 455.3 449.3 444.5 442.6 437 433.6 429.7 419.6 407.8 391.7 372.9
401.8 396 408.5 415.9 413.4 399.8 407.4 406.6 397.4 392.1 385.2 378.5 377.3 380.2 384.8 381.3 382.8 381.3 397.6 401.1 408.5 414.8 423 431.6 443.5 461.6 467.5 454.1 454.1 453.9 461 464.7 467.8 469.2 463.6 464.8 479.1 503.2 512.3 514.5 529.2 530.4 536.4 533.4 535.8 531.1 545.9 557.5 556 561.5 561.4 550.3 550.1 548.7 544.3 539.9 537.7 528.7 526.6 527 508.1 521.2 521.5 528.1 527.2 514.9 498.4 478.6 469.3 455 449.7 443.8 443.6 441.3 439.8 430.4 424.5 409.4 406.8 386.4
404.6 399.1 412.4 414.7 401.4 400.3 399.1 398.7 400 391.6 386.7 379.1 379.6 380.3 377.8 376.7 376.8 386.1 401.1 404.3 415.2 420.4 428.4 437.4 442 451.7 461.4 467.6 468.8 457.7 461.9 460.5 475.8 484.3 479.7 478.5 477.5 492.8 505.9 517.5 524.3 527.4 527.1 536.8 553.8 546.4 558.4 564.4 567.1 567.8 565.3 561.6 554.8 553.8 550.1 551.2 544.8 532.8 532.9 537.1 524.2 505.8 515.2 512.1 512.6 507.7 487.5 472.2 465.1 458.6 449.2 445.5 446.1 446.9 435.9 432.2 427.2 415.6 410 383.8
402.1 396.2 402.3 403.5 404.7 401.1 398.9 398.1 396.6 397.7 387.6 379.3 378.1 379.9 376.8 376.2 375.9 390.6 401.9 416.9 432.1 448.3 454.9 461.7 458 457.3 465 475.1 481.9 473.8 471.5 461.4 475.9 494.9 494 488.4 488 496.7 507.1 515.4 524.5 521 530.4 549.1 564 563.4 566.6 570.2 570 571.6 569.7 565.9 560.5 556.2 554.8 555.7 547.4 536.3 536.1 542.4 518.3 499 496.6 498.7 504 492.1 480.9 468.8 458.7 454.6 450.7 449.5 454.3 444.3 438.3 437.8 434.5 423.7 405.7 391.7
396.2 396.2 396.2 412.1 411.6 405.8 398.8 398.6 401.6 400.3 386.8 385.8 377.4 376.2 377.3 377 376 393.6 406.7 422.9 452.5 460.1 470.1 472.8 476.7 474.1 483.6 490.7 492.1 488.6 484.2 480.9 493.8 499.2 505.4 506.9 512.7 505.2 513.2 517.2 519.8 520.6 535.1 553.9 570.5 572.3 571.6 575.6 575.5 571.7 571 566.4 562.4 559.9 555 551.5 539.9 530.8 523.4 509.1 501.5 492.1 487.8 490.4 484.5 479.1 476.4 465.1 456.2 449.7 449.5 452.4 455.3 447.7 442.8 438.7 436.1 426.2 398.1 391.1
396.2 396.2 397.9 412.3 413.1 400.5 401.5 403.3 409 402.2 381.7 379.9 376.7 376.5 375.8 375.7 388 396.7 408.5 426.3 451.3 459.8 470.9 478.8 485.2 488.2 493 499.8 500.7 502.2 496.3 496.7 501.6 514.3 513.1 514.6 525 520.3 514 518.4 523.1 532.5 539 556 573.6 572 573.5 573.9 572.6 570.6 564.4 561 555.1 551.1 536 527.3 515.7 506.6 495.4 492.5 488.3 481.9 478.5 473.3 475.4 475.6 471.9 459.4 450.2 449.9 450.3 453 452.8 445.8 443.9 437.8 432.8 422.2 399.4 390.6
396.2 399.1 404.5 408.7 407.6 393.6 408.1 410.2 406.6 391.3 385.8 384.1 378.6 374.1 373.2 380.5 401.6 411.3 416.7 426.7 449.4 467.1 476.8 486.2 492.5 494.7 496 499.1 498.5 498.8 500 505.7 525.6 530.9 527.2 528.2 530.5 532.5 523.5 527.2 535 542.3 563.7 566.8 570.3 572.1 572.4 567.8 564.2 556.3 555 550.7 530.6 519.3 510.4 502.4 497 490.4 487.3 484.1 479 475.5 468.8 465.7 467.9 471.8 463.7 451.1 450.6 451.8 449.3 448.3 446.7 444.8 439.5 435.5 423.1 407.7 401 394.5
397.6 399.5 402.6 406.7 394.3 392.4 407.5 406.9 402.5 397.6 390.4 382.5 377.7 372.9 373 386.9 408.5 415.8 424.8 434.9 448 468.2 478.4 486.5 494.1 499.8 499.6 496.6 496.6 496.6 510.9 537.6 546.9 543.5 535 537 538.8 542.5 538.3 533.1 545.8 554.5 585.1 586 579.3 562 558.5 551.5 539.9 531.3 524.5 517 504.5 496.7 494.5 488.3 482.6 482.8 477.4 474.9 467.3 464.4 462.1 461.7 457.1 461.6 454.1 451.4 448.7 441.4 438.5 441.3 440.2 432.4 430.7 422.3 412.6 405.5 407.5 401.2
394 398.2 400.6 391 390.4 397.6 397.2 394.6 399.1 390.6 383.8 378 373.5 372.5 372.7 394.9 413.1 417.4 428.1 442.5 458.8 472.1 476.3 487.7 493.4 498.2 496.6 496.6 496.6 496.6 519.5 552.1 558.7 555.2 544.7 549.4 551.5 556.1 555.4 546.6 560.3 574.4 599.2 608 586.7 567 548.6 535.8 526.5 517.3 510.9 503.4 496.3 492.2 485 476.3 474.5 473.7 465.3 463.2 460.7 458 455.7 452.9 453.5 443.3 445.7 446.8 441.9 438.5 433 428.5 423.6 419.3 417.3 413.9 410.4 409.1 419.5 401.5
393.5 395.6 395.8 389.9 390.3 397.3 391.7 393 389.2 382.7 378 373.8 372 374 375.2 398.1 412.6 422.2 432 449.6 463.3 475.8 487.8 492.8 494.4 504.2 500.6 498.2 496.8 500.6 521.2 545.4 562.1 571.6 561.7 560.9 564.3 564 565.1 565.3 565.8 597.6 604.6 612.4 602.6 568.3 546.7 534.9 526.2 513 501.5 489.3 483.3 479.6 472.7 463.2 460.7 458.6 456.8 452.8 447 447.6 444.9 443.5 440.9 436.8 439.8 438.3 432.9 429.9 423.2 422.1 419.7 418.3 416.4 414.9 421.2 421.6 418.8 409.3
394.8 397.4 388.8 390.4 391.5 393.6 389.3 385 382.2 377.1 373.2 371.2 373.2 374.2 379.6 401.2 411.1 424.6 436.8 452.4 463.6 474.9 490.1 503.1 511.2 513.7 503.9 503.1 500.4 503.6 521 526.4 558.7 592.4 578.4 569.5 573.7 571.1 570.7 573.7 577.5 586.5 612.6 607.6 601.7 565.5 547.3 530.2 519.7 503.3 488.9 477.3 467 461 454.5 451.6 453.2 448.8 449 440.6 437.7 433.7 432.3 433.2 429.8 431.7 424.2 421.5 421.8 424.7 430 420.8 420.6 420.4 422.9 421.6 425.3 425.2 416.4 398.3
392.3 388.2 387.8 395 386.6 384.6 380.2 378.7 376.2 372.9 369.9 370.1 374.1 378.8 391.5 400.6 418.6 427.5 440.8 453.7 462.1 472.5 495 509.6 516.1 515.8 518 505.5 504.2 505.2 516.8 535.8 583.8 604.6 598.7 587.6 583.4 583.6 577 579 581.7 588.6 585.2 599.5 582.9 562.6 540.8 527 509.8 490.6 476.6 476.8 467 459.4 452.4 451.5 443.9 439.1 431.4 431.3 426.7 425.2 419.8 420.4 418.2 414.4 415.1 416.3 424.4 430 438.7 431.2 432.8 428.9 421.8 428 420.5 422 410.9 390.4
384.8 384.1 392.5 385.9 377.9 375.8 374.3 372.9 370 367.7 368.6 371.3 372.9 379.8 395.5 409.1 420 427.7 440.3 450.2 461.1 473 493.4 505.7 516.3 523.3 523.7 524.2 509.6 508.2 518.1 558.5 595.1 611.1 609 597.7 597 594.3 590.5 582.3 586.1 589.7 586.7 576.5 566.9 550.7 538.9 519.2 490.2 482.1 479.7 472.7 458.7 451.8 446.9 439.7 435.8 424.4 422.8 420.1 416.6 412.3 411.5 412 412.8 412.8 413.3 414.6 424.1 432.4 434.5 432.4 431.8 425.7 420.3 417 414.6 411.3 396.8 384.6
381.1 382.9 383.2 374.1 372 370.8 370.2 367.7 366.4 371.7 376.3 373.4 373.7 381.7 399.4 410.2 422.6 428.9 438.5 447.6 455.7 473.4 493.3 504.5 513.5 525.4 529.8 530.5 525.5 516.1 539.7 581.7 591.7 602.8 604.9 612 615.2 606.4 601.3 594 586.5 580.9 575.1 566.4 555.3 540.4 526.8 507.6 487.4 484.1 475.7 463.4 455.8 440.3 427 420.9 417.5 419.1 414.1 412.6 411.5 408.2 409.6 412.4 414.5 414.2 413.5 418.4 426.3 433.1 431.7 431.5 433.3 426.8 417.4 410.3 403 393.6 387.4 381.1
