WholeMapElevations/data/sd/sd95_OST50GRID_20230518/SD95.asc
ncols 200
nrows 200
xllcorner 390000
yllcorner 450000
cellsize 50
[rows 105 to 139 of 200, columns 78 to 155 of 200]
114.7 115.7 113 109.9 107.6 107.7 106 106.4 106.9 107.5 111.4 115.5 118 116.9 114.3 116.5 124.6 133.7 143.5 150.1 147.7 141.8 136.3 135.8 149.4 153.6 145.6 157 164.7 171 178.3 188.5 198.8 205.8 215.8 228.3 239 251.8 263.9 271.4 290.2 300.5 304.7 302.2 282.4 281.7 283 285.1 283.7 282.7 283.1 281.3 278 273.6 269.1 264.9 258.7 257 254.8 251.4 247.6 243.9 237.9 234.2 230 224.9 222.1 217.5 212 205.7 197.8 191.1 185.8 180.7 175.8 171.9 167.7 164.2
109.9 110.4 113.7 110.4 107.7 107.5 105.9 106.7 106.3 109.2 115.4 117.9 118.1 114.4 111 113.1 120 128.7 137.3 144.8 149.3 146.7 139.3 132.1 139.6 141.9 146.3 155.4 160.1 165.6 171.8 182.7 193.3 202.2 211.7 225.7 233.4 244.2 256.8 267 278.4 298.7 302.3 301.8 291.1 282 281.5 281.4 281.9 279.9 278.3 277.6 276.6 274.1 270.6 265.7 260.5 256.2 252.4 249.6 246.9 242 237 232.3 227.2 222.7 217.9 215.4 210.2 205.6 199.4 193.1 186.9 181.5 176.4 172.1 167.7 163.9
109.1 110 112.8 110.5 107.5 106.4 106.6 106.7 106.5 108.8 115.5 118.7 117.8 113.8 109.5 110.5 114.4 123.1 131 139.1 143.9 142.7 138.8 131.6 134.4 134.4 149.3 148.6 160 164.4 169.5 176.5 186.6 195.7 204.3 212.7 228.1 235.6 247.4 259 271.5 287.6 303.6 302.2 299 285.9 282.8 280.2 278.8 278.4 276.5 274.2 272.9 271.4 269.8 266.7 262.6 257.2 253.2 249.3 244.9 238.1 234.1 228.8 225.4 220.1 215.8 211.4 207.4 204.2 200.3 194.3 188.7 182 177.9 174.2 169.8 164.5
107.5 107.5 108.4 109.3 108.1 108.1 108.1 105.9 105.8 108.2 114 115.3 116.5 113.7 109.4 108.2 111.4 118.8 125.7 133.1 137.4 136.7 135.4 130.7 130.2 135.6 146.4 154.4 159.6 163.8 168.1 172.5 180.7 187.2 195.6 203.1 218.8 229.4 237.9 249.2 261.3 274.1 293.5 302.1 295.1 287.3 283.9 281 277.8 275.8 274 273.7 271.1 268.7 266.9 265.1 263 259.8 256.7 252.5 247.9 242.6 236.6 230.5 225 218.3 214.8 208.4 205.4 201 198.3 193.8 189 184.6 179.3 174.8 171 167.5
107.1 106.9 106.7 106.6 106.3 106.1 106.2 105.7 108.1 106.6 112 114.2 113.4 112.8 108.9 107.4 109.3 115.4 123.9 129.2 130.6 131.5 131.4 131.3 127.4 132.4 140.6 149.6 158.6 163 169.2 168 173 178.5 188.8 194.7 205.4 219.5 231.2 237.9 247.6 260.6 273.4 293.9 299.8 287.8 282 279.2 278.7 275.8 271.4 268.9 268.1 267.2 264.9 263 261.2 259.1 256.9 254.4 249.8 245.3 240.1 233.3 226.3 220.1 216.7 210.8 205.2 199.9 195 191.4 187.1 183 178.5 175.1 172.1 169.2
106.8 106.6 106.4 106.1 106.1 106.7 105 108.3 105.5 108 108 111.2 113.7 112.5 108.8 107.4 107.4 110.6 120.2 127.3 128.8 126.7 126.4 126.6 124.8 130 136.2 145.3 155.3 160.1 162 163.8 166.4 172.4 180.4 186 195.5 205.9 219.8 230.4 236.9 247.2 257.7 273.4 292 289.9 279.2 276.2 276.9 277.9 273.8 267.9 263.9 262.4 261.3 259.9 259.1 257.8 256.6 254.8 252 247.9 243.3 237.1 228.8 221.4 216.7 211 204.9 199.8 195.1 189.7 184.4 181.3 177.2 174.6 171.9 169.4
106.4 106.5 106.3 106.2 105.6 105.2 105.3 105.4 105.2 104.9 106.4 108.4 110.5 111.8 109.7 107.4 106.6 107.9 113.2 120.6 126.8 127.3 123.9 123.2 124.5 128.3 136.3 144.7 152.5 157.4 158.9 160.2 161.2 166.5 173.4 179.3 188.7 196.4 209 222.8 229.4 235.9 243.8 255.7 271.7 288.8 278 274 274.2 274.9 272.7 270.5 265.7 260.7 257 255.4 255.2 254.8 254.4 253.8 251.9 249.1 244.6 238.7 231.1 224.5 219 213.2 207.2 201.8 195.4 190.1 184.4 178.7 174.2 172 169.8 167.6
107.3 105.7 106 105.7 105.3 105.2 105.2 105.1 105.1 104.5 104.7 106.4 108.4 110.2 109.1 107.6 106.3 107.4 109.3 113.6 120 124.6 123.9 120.7 122.5 127.6 134.8 145 149.9 154.2 156 156.8 158.7 161.6 165.6 172.9 181.2 189.5 199 207.7 218.6 227.6 234.8 241 253.9 269.5 279.3 271.3 271.1 270.5 269.3 267.1 265 260.5 256.4 252.8 250.9 250.1 250 250.1 249.6 247.8 244.1 238.6 231.9 226.4 220.6 214.6 208.1 202.1 196.4 190.1 184.8 180.2 175.9 171.8 168.8 166.3
107.1 105.3 105.5 104.8 104.6 104.6 105.2 104.8 104.5 104.3 104.5 105.1 106.3 107.5 108.9 107.9 106.3 107.4 108.3 110.4 113.7 119 121.1 117.1 121.4 126.5 134.3 144.5 152.2 152.3 152.3 152.1 156 157.8 160.2 166.1 174.2 183.3 191.8 196.1 205.9 215.9 226.7 232.8 238.8 249.5 258.8 269.7 266.9 266.4 264.4 262.7 259.7 257.4 253.7 250.7 248.4 246.2 245.5 245.7 245.3 244.1 241.3 236.8 231.5 226.6 221.1 215.2 208 202.2 196 191.1 185.7 180.8 177.2 174.2 169.1 166.3
106.7 105.6 105.2 104.7 104.5 104.2 104.6 104.7 104.2 104 104.1 104.5 104.7 105.2 106.2 107.5 106.2 107.2 108.6 110 110.8 113.1 115.2 117.6 120.2 124.2 132.9 144.3 151.7 153.1 148.9 151.1 152.9 155 156.7 162.9 168.3 175.6 183.9 191.2 196.6 204.7 215.9 224.8 232.5 238.3 245.4 251.7 264.9 260.2 259.4 258.2 255.7 252.6 249.6 246.2 243.9 241.5 241.1 241.3 240.2 239.4 237.9 234.9 230.7 225.9 220.8 215.4 209.9 204.1 197.9 193 187.5 182.9 179.9 175.6 171.2 167.7
105.7 105.2 104.8 104.9 104.5 105.2 104.8 104 104 104.2 104.3 104.1 104.7 104.7 104.7 105.6 105.8 107.2 108.5 109.8 112.3 117.2 121.3 121.1 119.7 122.2 129.5 139.8 149.4 152.4 147.3 149.5 149.9 151.5 157.3 161.2 165.7 171.1 177.7 183.7 191.8 197.5 201.9 217.2 225 231.7 236.7 240.2 248 251.1 252.6 252.7 250.9 248.6 245.6 242.1 238.3 236.5 234.9 234.7 234.5 233.9 233.8 230.9 228.3 224.7 220.6 216.7 211.3 206.8 201.8 195.5 190.9 186.2 181.6 176.9 171.9 167.9
105.3 105.2 104.6 104.2 104.4 103.3 103.7 104.1 103.6 103.9 104.1 103.8 104.5 105.1 105.8 104.9 105.1 106.3 107.3 110.1 115.9 121.9 124.5 123.6 121.4 122.3 125.6 133.6 143 149.5 145.8 145.6 150.1 152.1 155.6 158.6 163.5 168.9 172.8 178.2 184.7 189.2 196.9 209.1 217.2 224.7 230.2 233 236.1 238.9 243.3 244.9 246 244.5 242.1 237.3 234.2 232.2 230 229.4 229.9 229.1 227.7 226.1 225 222.6 219.8 216.5 212.7 208.6 204.5 199.1 194.7 189.2 184.1 178.3 173.5 169.1
104.6 104.4 104 103.5 103.1 103.6 103.6 103.7 103.6 103.7 103.8 103.3 103.8 103.5 104.7 104.7 105 105.9 107.4 111.5 117.5 123.8 127.3 126.1 124.3 126.3 125.7 125.9 134.4 142.5 145.5 144.8 147.8 149.8 152.2 155 160.7 165.5 170.1 173.4 177.7 182.9 189.3 200.5 209.8 215.9 220.5 226.1 229.4 231.4 232.4 234.6 239 239 237.8 234.5 231.1 228 226.8 226 226.3 225.5 224.5 222.7 221.1 219.2 217.7 215.6 213.4 210.1 207 203.6 198.9 193.8 189.3 182.2 175.8 171.3
104.3 104.3 104.3 103.5 103.5 103.8 103.2 102 103.3 103.2 102.8 103.5 103.2 102.6 103.6 104.3 104.7 105.6 108.1 111.7 115.5 121.3 126.4 127.4 125.2 126.1 126.3 123.7 125.7 136.4 142.5 144.6 144.5 145.2 147.6 150 154.7 159.9 165.8 170 173.2 176.9 182.6 190.7 200 205.9 211.2 216.3 221 225.7 226 226.7 227.7 230.3 233 230.2 228.2 226.6 224.6 222.9 224.5 224.3 222.9 221.6 219.2 216.6 215 213.2 211.7 210.5 208 205.1 201.8 197.1 191.8 186.1 181.2 174.8
104.5 104.4 104.3 104.6 104.1 103.7 103.3 103.3 103.5 102.8 102.7 102.9 102.9 102.3 102.7 103.7 105 105.2 107.3 111.2 114.9 116.8 120.7 123.3 124 121 118.9 118.2 122.9 132.6 137.6 140.7 141 138.8 139.4 144.7 148.5 153.3 163.3 167 167.6 171.7 176.1 183 188.8 195.3 197.1 202.5 213.6 217.5 219.8 221.6 221.8 221.8 222.8 224.5 224.4 223.8 222.4 219.6 222.3 222.7 221.7 220.3 217.3 214.9 212.7 210.8 209.6 208.1 207.2 205.5 202.4 199.5 195.3 190 184.8 179.5
104.9 104.6 104.7 103.6 104 103.7 103.2 103.6 101.3 102.7 102.7 102.4 102.8 102.2 102.3 103.1 103.2 104.7 108.6 112.9 114.7 115.4 116.8 117.8 118.9 116 115.5 122.3 130.9 133.1 134 135.3 136.4 135.6 135.7 139.2 141.2 149.9 156.5 159.9 163.5 165.2 169.9 177.2 182.4 183.2 186.3 192.9 201.9 209.5 211.3 212.9 215 215.4 216.6 217.9 218 217.8 217.3 210.3 218.9 220 219.3 217.6 215.8 213.5 211.8 209.6 207.9 206.6 205.3 204 202.3 200.5 197.8 194.1 188.1 181.3
104.5 104.5 103.4 103.3 103.8 103.5 103.5 102.7 102.6 101.5 102.8 102.1 102.5 102 102.2 102.1 102.7 104.3 108.2 113.9 117.4 117.8 116.7 115.6 114.9 112.9 115.7 126 136.4 140.7 138.9 134.4 131.9 131.2 131.1 134.3 135.6 143.1 147 151.8 157.9 161.2 165.9 171 175.2 175.2 181.4 183.6 181 195.9 202.2 204.7 206.7 206.9 208.7 209.9 210.9 211.6 196.5 209.2 215.1 216.8 217.7 216.8 214.7 213 210.3 208.7 207.9 206.7 205.1 203.1 201.6 198.9 197.7 194.4 189.5 184.7
103.8 104.4 103.7 103.6 103.4 103 102.7 102.8 102.5 102.7 101.6 102.2 102.2 102.4 101.9 102.2 102.3 102.6 105.8 110.7 115.2 118.2 118.8 117.2 114.4 111.8 114.8 124 131.8 139.8 141.2 138.5 133.6 127.9 127.6 129.2 131.3 135.7 140.4 148.8 150.7 156.9 160.9 163.8 168 170.4 174.8 176.5 185.5 189 196.7 197.5 199.1 199.2 200.8 200.9 204.5 189.5 195.4 206.4 210.7 213.7 215.9 215.8 214.4 212.5 210.8 209.7 208.7 207.5 205.8 204 202.7 200.9 199 197.8 194.7 190.7
104.8 104.6 103.7 103.6 102.9 102.7 102.6 102.6 102.4 102.5 101.6 100.7 101.4 100.9 101.9 101.6 102.1 102.2 104.7 107.8 110.2 113.3 115.4 117.2 116.7 112.3 112.4 118.6 124.4 130.8 135.9 135.2 132.6 130.1 126.2 124.9 126.6 130.7 135.6 141 146.6 150.8 155.3 156.4 150.8 161.4 165.9 176.5 177.4 185.4 190.1 191 191.2 189.8 193.5 188.7 189.4 182.8 195.2 202.6 206.5 209.9 212.4 212.7 212.3 210.8 210.2 209.7 209.2 209.3 207.1 205.7 203.9 202.7 201.4 200.4 198 194.8
104.6 104.1 103.6 103.1 103.4 102.8 102.4 102.8 102.2 101.8 102.1 101.6 101.6 101.9 101.9 101.6 101.3 101.1 103.7 105.6 107.1 108.8 110 111.7 113.4 112.8 110.2 112.6 117.3 121.9 127.8 130.9 129.8 127.8 126.3 123.2 124 126 129.6 133.7 138.5 143 148.8 150.6 152.4 158.9 166 172.4 173.8 178.7 182.1 182.3 187.5 184.3 182.6 177.8 173.4 185.8 196.5 200.6 201.4 203.9 205.8 207.2 208.1 207.9 208.4 208.5 208.6 208 207.6 206.2 204.9 203 202.1 201.4 200.2 197.8
104.3 104.2 103.6 103.1 103 102.6 102.7 102.3 102.2 102.3 102.5 101.8 101 101.6 101.5 101.3 100.7 100.9 101 104.8 105.7 106.2 107.1 107.5 108.5 108.8 108.6 110.3 111.5 113.8 118.3 122.9 125.6 125.3 124 122.2 121.8 122.8 125.8 129.1 132.2 135.4 137.7 143.2 146.8 158 163.6 166.7 168 172.3 174.2 176.6 179.4 178.2 173.4 168 177 189.3 194.2 196.2 198.1 199.3 199.8 200.6 202.1 203.3 205.2 206.6 206.9 207.6 207.6 207.6 206 203.5 202.8 201.5 200.7 198.8
104.6 104.1 104 103.4 103 102.6 102 102.2 102 101.9 101.7 102.2 101.2 100.4 102 100.8 100.9 100.5 100.3 104.3 104.7 105.2 106.2 106.5 107.3 106.8 106.7 107.7 108.7 110.5 112.7 115.6 119.5 121.7 120.8 118 117.7 121 123.2 125 127.7 130 130.7 131.1 133.7 140.7 147.8 155.9 161.1 167 168.6 170.4 172.5 173.3 165.1 170.5 175.1 184.1 188.5 190.9 193.3 194.9 195.3 195.7 196.9 198.9 200.2 202.8 204.5 205.6 206.4 206.7 205.8 203.8 203.2 201.7 201 199.5
104.1 104 103.9 103.5 103.3 102.5 102 101.8 101.8 101.6 102.3 102 101.3 101 101.9 100.4 100.1 100.6 100.7 103.2 104.7 103.3 104.6 106.2 105.2 106.4 107.1 108.6 110.3 110.4 110.5 112.1 114.2 115 113.7 120.3 121.2 119.8 120.4 122.6 124.4 126.5 127.3 136.1 145.9 149.5 154.3 141.6 145.9 149.6 157.2 166.7 167.2 166.4 161.5 168.8 170.8 176.5 181.4 184.2 187.3 189.2 191.4 192.2 192.3 193.5 195.1 197.6 199.5 201 202.7 203.7 203.7 202.6 201.7 201.6 200.8 199.4
103.8 103.6 103.4 103.1 102.8 102.6 102.3 101.1 101.5 101.2 101.6 100.9 101 100.8 99.7 101.7 100.9 100.8 100.9 102.2 103 104.7 104.9 105.4 106.1 106.9 107.4 111.5 115 115.6 114.7 113.3 115.9 122.3 128.4 131.4 130.1 126.6 123.7 126.1 124.9 126.8 129.9 133.6 140.1 149.7 157.6 159.5 157.6 158.7 150 152.3 154.2 157.1 165.9 167.4 167.8 170.8 174.7 177.9 181.2 183.4 185.9 188.4 188 187.8 190.1 191.9 194.4 196 197.6 198.7 199 199 199.4 200 199.4 198.6
104.4 103.9 103.5 103.4 102.8 102.5 102.2 101.5 101.4 101.3 101.4 101 101.1 101.2 100.9 100.5 100.6 100.4 100.3 101.3 102.1 102.7 106 107.3 107.1 106.1 105.8 109.7 114.1 116.4 116.8 116.7 118 127.2 134.4 140.5 140.5 136.2 130.6 126.1 123.8 124.5 129.7 133.9 136.6 144.7 152.3 161 163.6 164 164.9 165.5 165.5 165.3 166.3 165.9 165.5 166.7 169.1 171.9 174.6 178 180.8 183.5 184.4 182.9 185.2 187.1 189.4 191.3 192.7 193.3 193.2 193 194.3 195 195.8 196.9
103.5 103.2 102.9 102.8 102.3 101.8 101.7 101.5 101.2 101.2 100.8 100.5 100.5 100.6 100.9 99.7 100.8 100 100.2 100.1 100.8 100.5 104.8 108.1 107.5 106.8 104.5 105.6 109 112.2 114.6 116.8 117.3 120.7 127.5 135 141.3 142.9 139.4 135.1 129.9 125.1 123.1 130.5 139.2 143 146.7 152.8 157.3 160.1 163.5 167.1 169.5 171.5 171.4 170.3 167.5 165 164.1 166.7 169.1 172 175.4 178.3 180.7 177.5 179.9 182.1 186.6 187.5 189.1 190 189.9 188.8 190 191.2 191.5 192.6
105.9 103.6 102.6 102.4 102.2 102.1 101.7 101.4 101.1 101 100.9 100.3 100.8 101 101.1 100.6 100.8 100.1 100.2 99.9 100.4 100.1 101.7 105.6 106.6 106.1 105.6 104.2 104.9 106.5 109.2 111.8 114.5 115.6 118.8 124.8 132.9 137.7 140 139 134.9 129.9 120.7 124.6 133.6 139 142.9 144.9 150.5 153.7 160.5 165.5 168.4 171.4 173.3 174 172.7 170 167.3 162.1 163.5 166.9 168.9 171.9 174.4 169.4 179.3 182.5 183.2 183.5 184.3 185.3 185.8 186.5 188.4 188.5 189.5 189.8
108 103.9 102.6 102.4 102.3 102.1 101.8 101.3 101 100.9 101.3 100.7 100.6 100.4 99.2 99.8 101.1 99.9 100.1 99.7 100.1 99.9 100.6 102.7 104.8 104.8 103.4 101.9 102.1 103.3 104.8 105.3 107.6 109.5 112 116.2 123.7 130.2 133.6 134.2 132.6 129.6 122.1 119.5 125.9 129.1 134.2 139.7 144.2 149.8 155.1 159.7 163.2 166.1 168.6 170.8 171.6 169.5 166.6 164.8 161.5 159.6 161.5 162.9 162.3 170.3 175 178.5 179.2 178.9 178.9 179.3 179.2 182.1 184.6 186.5 186.8 186.7
113.5 106.1 103.1 102.8 102.4 102 101.4 101.1 101.1 100.7 101 100.4 100.3 100 99.5 99.5 100 99.8 99.3 99.3 99.7 100 100 101.2 101.1 101.5 101.2 100.5 100.9 100.5 100.9 102.2 103.3 105 107.2 110.1 114.5 121.9 127.4 128.7 126.8 124.6 121 116.6 121.3 123.2 126.2 131.6 140 144.9 149.2 152.6 155.4 157.7 159.7 163.2 165.1 164.8 163.5 162.3 161.1 158.6 153.4 156.1 157.8 164 168.2 171.4 174.3 174 174.4 175.1 174.8 176.1 178.8 180.4 181.8 182.4
110.8 109.7 105.1 103 102.6 102 102 103 101.7 100.8 100.6 100.4 100.4 100.2 99.2 100 99.7 100.4 99.6 99.4 99.3 99.2 98.8 99.8 99.5 99.5 100.1 100.5 100.3 99.5 99 99.3 99.8 101.5 104.8 106.2 111.9 116.4 120.5 121.6 122 120.3 117.6 115.4 115.6 119 120.6 125.9 133.7 139.2 145.3 148.8 150.9 150.9 151.6 153.4 154.8 157.1 156.8 156.6 156.9 156.6 155.2 146.5 155.1 159.4 161.8 164.1 167.4 168.2 167 169.2 171.9 172.7 174.6 175.5 176.3 176.5
107.9 105.1 105.1 112.1 103.9 102.8 102.8 103.7 104.5 105.2 102.8 99.7 100.1 100.2 99 98.6 99.4 99.8 99.6 98.8 99.4 98.8 98.5 99.5 99.4 99.1 99.3 99.7 99.7 101.1 99.3 98.8 99 99.2 100.7 104.8 109.2 117.3 121.3 120.3 118.4 116.8 115.3 114.4 114.6 116.3 118 120.1 126 135.1 142.4 149.2 151.9 149.6 144.6 145.5 145.4 147.1 148.1 149.5 150.4 150 146.8 145.6 150 154.7 157.5 158.4 160.1 163 162.5 164 168.4 170.7 171.5 171.5 172.2 172.4
112 110.7 108.4 106.1 109.4 111.4 110.4 106.5 105.2 105 105.2 104.4 100 99.8 99.9 99.6 98.8 100.7 99.3 99.6 99.5 99 98.8 99.3 99.1 99.6 100.2 100.6 103.4 104.9 102.8 100.8 99.1 99.2 99.4 102.9 106.5 112.2 121.6 125.8 123 117.6 113.3 112.7 114.3 115.6 117 118.2 121.2 129.6 136.2 144.2 148.7 146.3 142 137 136.6 137.2 139.3 141.3 140.4 136.7 147.2 152.1 153.8 153.3 154.6 154.9 156.1 157.7 158.8 162.8 166.8 169.3 169.5 168.9 168.1 168.3
125.3 122.6 116.5 109 119.5 121.3 119.1 111.7 112.7 105.9 104.1 103.2 102.5 99.6 99.9 99.4 99.3 99.1 99.5 99.2 99 98.8 99.4 98.7 99.2 98.9 98.7 98.9 101.6 104.1 104.7 102.6 101.6 100.7 99.4 100.9 103.5 107.1 114.4 121.5 123.7 120 112.9 113.6 118.4 121.3 121.2 120.2 120.4 125.7 130.3 135.9 139 138.9 134.5 132.6 131.6 131.1 132.4 130.9 136.1 144.8 149.3 151.8 152.7 152.2 152.9 153.1 153.8 154 154.3 158.5 163.4 166 166.8 166.3 166.7 165.9
141.1 135.4 129.3 121.5 127.5 128.7 128.5 127.3 122 114.9 110.4 104.9 101.6 100 99.7 99.7 99.6 99.3 99.6 97.4 98.8 98.8 99.1 98.5 98.9 98.7 98.7 98.3 98.7 100.3 102.7 102.5 102.8 102.2 101.6 99.4 100.8 103.5 106.6 112.4 115.8 115.4 110.6 115.7 125.8 129.2 128.9 127.8 125.2 123.8 126.1 128.7 130.1 129.9 127.9 127.8 127.3 128 128.4 125.4 132.7 139.6 147.1 151.2 153.4 153.4 152.4 151.5 151.3 151.4 152.1 153.4 156.4 159.7 162.5 164.9 166.5 165.3
147.4 144.3 138.6 130.3 123.6 132.1 134.6 134.6 131.4 126.4 119.9 112.8 109.3 101.6 99.3 99.5 99.1 98.8 98.7 99.1 99.2 98.5 98.6 98.8 98.1 98.8 98.5 98.1 98.3 98.2 98 100.2 102.8 102.5 102.7 101.2 100.3 100.4 103.8 106.8 109.6 110.2 107.2 112.4 122.1 129.5 133.1 132.8 128.6 122.6 121.4 121.6 122.1 122 121.3 121.4 121.5 122 122.5 125.4 128.6 133.3 139.5 144.2 147.1 147.8 149.1 148.4 150.2 147.7 151 151.3 152.9 155.6 161.1 164.9 167.6 167.8
