WholeMapElevations/data/nh/nh81_OST50GRID_20230518/NH81.asc
ncols 200
nrows 200
xllcorner 280000
yllcorner 810000
cellsize 50
[rows 0 to 34 of 200, columns 0 to 77 of 200]
622.9 629.5 633.1 635.9 632.7 627.1 623.2 617.9 610.7 608.3 606.8 605.3 603 599.9 595.9 592.4 588.8 585.2 579.7 573.6 566 558.5 554.3 554 556.2 557.9 561.7 566.7 573.4 575.9 572.6 564.1 551.5 539.9 523.7 509.1 498.1 491.1 486.1 485.4 481.9 476.9 469.6 463.1 457.8 454.5 447.9 444.3 441 437.9 433.7 429.7 427.3 426.9 426.5 424.9 421.2 421.8 420.2 418.4 415.9 410.5 399.8 388.2 379.5 371.5 362.9 355.5 350.5 346.9 345.2 343.6 342.8 342 341.4 340.9 340.2 339.3
622.1 628.1 631.6 633.8 633 629.5 624 618.3 612.9 610.5 609.5 608 605.5 602.4 597.5 592.1 588.4 585.1 579 572.3 565.8 558.6 556.3 559 561.4 561.2 563.3 567.1 574.9 574.6 567.1 555.4 542.8 528.8 511.3 498.6 490.6 482.3 478.2 474.1 470.5 464.1 460.3 457.7 455.6 448.1 442.4 438.8 435.5 432.3 427.8 424.6 423.1 423.5 424.2 422.5 422.6 425.1 424 422.3 420.1 413 399.9 387.2 377.7 369.1 360.5 353.8 348.6 345.7 344 343.1 342.3 341.6 340.8 340 339.2 337.9
618.1 624.4 626.9 629.2 627.8 625.2 619.6 613.3 610.2 608.3 607.8 606.9 605.2 601.7 595.9 591.3 588.3 584.1 576.2 570.6 563.5 562.3 561.3 562.2 562.9 563.1 565.1 569.4 572 566.5 558 545.9 532.3 516.4 502.4 492.3 483.7 474.2 470.4 467.7 462.4 458.4 456.7 456.2 453.5 444.5 438 434.4 430.6 426.8 422.6 419.9 420 420.5 420.7 420.2 421.6 424.5 426.4 426.9 423.4 410 397.1 386.4 375.5 366.1 357.3 351.2 347 344.1 342.6 342.2 341.4 340.6 339.8 338.8 338.2 336.2
613 618.3 620 620.6 619.9 617.3 611.9 607.1 604.9 602.4 602.1 601.9 601.3 599.6 594.3 590.3 586.7 580.7 573.6 572 569 565.8 563.6 563.4 563.5 563.8 565.2 565.7 563.1 557.2 548.1 535.1 520.7 505.9 495.3 486.9 477.8 465.2 465.4 466.1 461.2 456.4 453 452.7 443.6 437.8 433.2 427.9 423.5 420.4 417.4 417.2 416.1 416.4 416.3 417.3 419.9 424 426.1 425.7 420.3 405.4 393 384.6 372.8 362.2 354.1 348.6 344.6 341.8 341.4 341 340.5 339.7 338.7 337.4 337 335
606.8 610.6 610.8 610.5 609.3 606.7 602.1 598.8 596.7 594.1 593.3 594.9 594.7 595.7 591.8 587.9 581.7 579.5 577.8 576 571.6 568.4 564.3 564.3 563.9 564 563.2 562.1 557.7 549.9 538.7 524.7 508.9 499.4 491.9 484.2 475 465.4 461.7 460.4 457.4 450.1 445.2 440 435.5 431.1 425.8 421.2 418 415.1 413.4 413.4 411.5 410.8 411.7 413.5 417.2 421 423.3 420.6 412.9 397.6 387.8 381.3 367.7 357.9 351 345.4 341.7 340.1 340.1 339.9 339.5 338.7 337.7 336.5 335.6 333.7
599.1 602.6 602.3 600.1 598.2 595.5 592.1 588.7 586 584.9 586.5 590.3 590.8 591.1 589.1 586.7 585.4 582.7 580.3 577.9 575.3 571.5 567.7 565.6 564.1 563.7 561.6 558.3 551.1 541.4 526.6 510.5 504.8 499.1 489.9 482.6 473.9 465.7 461.3 456.9 451.3 445.6 441.6 436.2 429.9 425 419.9 415.7 412.2 410.2 408.7 408 406.6 405.7 405.9 407.3 409.1 415.2 416.3 412.6 403 390.5 383.2 373.8 363.6 354.4 347.7 342.3 340 339.5 339.4 338.8 338.3 337.6 337 335.3 333.4 332.7
590.2 592.5 592 590.1 588 585.7 583 578.9 578.1 579.4 582 587.5 590.6 594.2 594.2 592.3 589.7 586.5 584 581.5 579.1 575.4 571 567.7 565.6 563.3 559.4 553.6 545.1 530.4 516.1 509.5 503.9 497 488.7 482.2 473.7 466.5 460.6 454.1 448.5 443 436.3 430.8 426.4 420.4 415.5 411.1 408 405.8 404.1 402.5 401.9 401.4 401.1 401.7 400.9 406.1 407 404.2 394.3 385.5 377.3 368.7 359.2 350.8 344 340 339.4 338.9 338.6 337.7 337 336.4 335.4 333.5 332.3 331.9
578.7 580.7 580.1 579.9 578.4 576.1 573.1 569.7 571 575.1 579 585.1 591.3 596.8 597.2 595.7 592.5 590.6 587.9 585.5 583.8 581.6 577.4 571.5 566 561.7 556.1 548.4 537.4 523.5 514 508.6 503.3 496.5 488.8 480.9 472.6 465.7 459.2 451.5 445.2 438.4 431.9 426.6 421.5 416.7 412.4 407 404.4 402 399.8 398.4 398.1 398 395.7 394.4 393.2 396.6 396.8 393.4 386.1 376.1 369.7 362.3 354.2 345.2 340.5 339.4 338.8 338.3 337.5 336.4 335.7 335 333.7 332.1 331.5 331.4
566.7 568.6 569.3 569 567.8 566 563.7 563.7 564.3 569.9 576.7 584.2 592.3 598.5 600.4 599.3 598.5 596 593.8 591.5 589.4 586.9 582.4 575.7 569.1 560.5 554.6 543.7 532.2 524.1 516.2 509.1 502.7 495.2 487.4 480 470.6 463.8 455.6 448.9 442.6 435.1 428.2 422.8 418 413.1 408 403.1 399.7 398.1 395.9 393.7 393 390.5 389.6 388.5 385.3 383.3 382.5 379.3 373.7 369.1 362.4 356 349.1 341.3 339.6 338.4 337.8 337.2 336.3 335.2 334.3 333.4 332.3 331.3 330.8 330.5
557.2 558.5 558.5 558.4 558.2 557.9 557.1 558.7 562.2 565.9 573.4 584.2 592.6 598.5 602.5 604 603.5 602 598.5 597.8 594.1 592 586.9 580.6 572.5 562.2 552 540 533.1 525.9 518.3 511 504 496.1 487.2 478.7 469.2 460.9 453.2 447.1 439.2 431.7 425.7 420 415.1 409 404.5 399.9 396.5 394.1 391.3 388.8 387.8 385.4 384.1 382.3 378.1 374.8 372.3 369.5 367.4 361.2 356.5 350.6 344.5 340 338.5 337.7 337.2 336.7 335.8 334.7 333.8 332.4 331.6 330.6 330.2 328.4
549.9 551 551.5 551.1 552.1 552.7 553.1 555.3 559.6 563.1 571.3 582.2 592.3 598.8 604.4 606.7 606.8 605.5 603.5 602.5 600.6 596 590.1 584 576 565.7 552.1 542.8 536.1 528.9 523.4 516.6 508.3 497.4 488.9 476.9 466.9 458.1 451.5 445.4 437.2 429.2 422.9 417.9 412.9 407.3 401.5 396.4 392.9 389.9 386.8 383.9 382 380.9 379.4 376.3 372.6 370.4 368 364 359.8 355 350.7 345.2 340.9 338.6 337.4 337.1 336.7 336.2 335.2 334.2 333.3 331.6 330.7 329.8 329.1 326
542.6 543.5 544.5 544.9 546.4 548 548.5 553.2 556.8 562.1 570.4 581.2 591.6 599.2 604.6 607.4 608 606.6 605.9 605.2 603.4 598.2 592.3 585.8 577.6 566.1 554.5 547.6 541 533.8 529.2 522.9 513.6 500.2 490.8 477 465.8 458 450.4 444.2 437.8 431.6 422.3 415.4 410.1 405.7 400.9 396.2 392.6 389.1 385.9 379.9 374.8 367.3 368 370.9 367.8 365.1 361.7 357.8 355.1 350.6 345 340.9 338.5 337.2 336.6 336.6 336.1 335.4 334.4 333.5 332.5 330.9 329.8 329.8 326.6 326.6
536.5 537.7 539.2 540.6 541.7 543.1 546.4 549.9 553.9 560.2 568.6 579.6 590.4 597.9 601.9 605.2 605.4 604.3 603.7 603.9 602.3 598.7 593.4 585.9 576.8 566 558.6 551.7 544.1 538.2 532.6 524.4 513.5 501.1 489.7 474.3 464.7 457.9 449 443.9 434 427.2 421.9 415.6 410.1 405.4 401.4 397.8 394.2 390.1 386 382.2 379 374.5 369 359.6 362.1 359.8 356.6 353 349.2 343.8 340.8 337.3 336.8 335.8 335.2 334.9 334.7 334.8 334 332.9 331.8 330.2 329.5 328.9 327.6 327.5
530.7 531.8 534.5 536 537.4 538 543 547.7 552.2 557.9 567.8 577.6 586.9 593.6 597.7 601 600.9 600.5 600.9 601 599.6 596.4 591.6 584.8 576.7 569.5 563.6 555.7 545.7 539.4 533.7 524.6 512.2 499 485.3 471.7 464.7 456 446.1 440.8 431 426.1 421.3 415.5 409.7 406.5 403.2 399.5 395 390 385.1 380.8 377.2 372.9 367.7 362.9 356.6 351.1 351.4 347.2 343 339.9 337.8 336.5 335.2 334.6 333.5 333.3 334.1 333.8 333.3 332.1 330.6 330.2 329.4 328.7 328.1 328.1
528 527.3 530.1 532.1 532.1 536.2 540.3 544.8 549.5 555.5 565.3 574.8 583.3 589.3 593.4 595.8 597.3 597.4 597.1 598 596.9 594.3 589.9 585.7 580.1 573.9 567 557.9 548.2 540 531.1 521.6 506.8 494.1 480.5 470.4 464.4 453.4 443.5 436.6 431 427.3 422.7 421.5 413.3 408.2 404.1 400 394.6 389.4 384.1 379.2 374.1 369.1 364.7 360.1 355.2 347.4 343.9 341.5 339.3 337.5 336.8 335.9 334.8 334.8 334 333.6 333.3 332.5 333.1 333.1 331.4 329.7 329.1 327.4 329.6 329.5
524.6 524.9 527 527.4 529.8 533.3 537.5 541.7 546.9 552.8 562.7 573 581.9 587 589 590.9 591.9 592.6 592.9 594.7 594.8 593.1 590.8 588 582.6 576.3 569.1 559.6 549.1 540.5 528.1 512.9 502.5 486.3 475.1 468 462.2 450.6 442.7 436.3 432 428.6 424.8 420.5 417.5 409.5 404.3 398.9 392.1 386.6 382.1 376.6 371.2 366.2 360.1 354.5 349.4 344.8 341 339.6 338.9 336.8 335.6 333.9 335.2 335.4 335.6 334 333.5 334.8 333.4 331.4 330.9 330.4 329.9 327.4 332.4 332.6
520.7 520.6 522.4 523.1 526.4 531.1 535.2 539 544.4 550.2 560.2 570.9 580.4 585 586 586.4 585.3 587.4 590.5 592.7 594.6 594.3 594.1 591.7 587.4 580.9 572.2 560.5 547.5 536.9 522 509.2 492.3 481.5 470.7 464.2 455.5 448.7 442.7 439.4 433.4 429 425.9 421.2 416.6 410.1 403.2 396.8 389.5 384.6 380.6 375.5 368.7 362.6 356.9 350.6 345.8 341 338.9 338.1 337.2 336.1 334.5 335.2 335.5 336.8 336.6 335.9 335.8 336 333.1 331.7 331.3 330.9 330.6 330.8 333 332.7
517 517.3 516.6 520.8 523.6 527.8 532.6 537.2 541.8 548.1 557.7 569.3 578.7 582.8 582.9 581 581.3 582 586.2 591.4 594.8 597.1 598.2 596.6 592.7 585.7 575.5 562.6 547.1 534.1 519.7 504.8 488.6 479.8 471.8 460.5 453.3 448.7 441.2 436.3 432.7 431 428 420.7 415.1 409.2 402.1 395.4 388.1 382.6 377.5 372.1 365.6 358.8 352.2 345.7 340.4 338.2 337.9 337.4 336.8 335.9 335.7 338 338.5 338.5 337.8 337 336.7 335.6 332.5 331.9 331.3 331.3 330.7 336.1 334.6 333.3
514.7 515.4 514.4 518 520.8 524.6 529 533.8 539 545.7 554.5 566.1 575.5 578.7 578.6 577.4 577.4 579.5 584.2 589.7 594.9 599 601.2 602 598.3 590.2 576.8 563.3 549.1 532.1 515.2 502.7 490.3 479.6 468.1 456.4 452.2 447.5 441.7 439.4 435.1 433.8 429.2 422.5 414.9 409.1 401 394.2 386.8 381.3 375.3 369 363.2 354.7 346.3 340 337.8 337.8 337.7 336.9 336.2 336.1 338.2 341 341.4 341 339.7 338 337.3 334.5 332.8 332 331.2 330.6 329.4 337.2 339.1 336.6
512.8 512.6 510 514.2 518.1 521.7 525.6 531.4 536.8 543.2 551.7 562.1 570.3 572.5 573 573.4 572.8 576.7 582.2 589.4 595.1 601.3 605.1 606.9 601.3 589.9 575 563.8 550 531 514.5 503 491.1 479 465.5 457.4 454 451.6 448.1 444.3 437.1 433 428.1 421.6 415 408.2 399.5 392 385.4 378.1 371.9 365.7 358.3 349.9 342.2 337.6 336.9 337.6 337 336.2 336.4 339.2 341.4 344.2 344 343 341.3 338.9 337.6 334.3 332.7 331.5 330.9 330.6 339.7 341.9 337.3 336.4
510.1 509.4 507 510.9 514.8 518.9 523.2 529.1 534.8 540.9 548.7 556.7 563.8 565.6 566.8 567.3 568.5 572.8 579.8 589 596.4 605 610.6 610.5 601.3 589.7 575.2 562.7 546.6 530.6 515.8 503.3 488.7 478.3 463.1 461.5 456.6 454.5 450.1 446.9 440.4 434.3 427.3 421.8 415.4 405.4 397.3 390.1 383.4 376 368.7 361.6 353.9 346.8 339.8 338 336.4 337.1 336.5 336 339.8 342.7 344.1 345 344.9 344.4 343.5 339.3 333.6 333.2 332.4 331.6 331.7 337.2 344.1 343.9 340.2 339
506.2 505.8 503.9 507 510.8 515.7 520 526 531.4 537.4 545 551.4 556.2 558.4 560.1 562.3 565.1 569.4 576.8 587.2 597.7 610.6 618.2 615 602 588.1 573.8 560.1 543.8 530.8 516.3 501.8 486.4 477 466.4 464.1 458.4 456.3 454.3 451 443.2 436.1 429.7 421.3 413 404 394.7 387.2 379.6 372.1 364.6 356.9 350.3 343.6 339.1 338 336.9 336.3 336.3 339.8 344.2 345.6 346.8 347.3 347.2 344.6 341.9 334.4 333.4 333.1 332 333 344.4 344.8 345.5 342.7 341.8 342.4
502.7 501.8 500.4 504.9 508.4 512.2 517.2 522.8 529.3 534.7 541 545.9 548.7 551.8 554.3 557.7 561.5 565.4 574.1 585.2 597.9 614.4 620.2 615.7 604.2 587.5 573.9 558 543.3 528.6 516 499 487.3 479.6 468.3 464.5 461.6 457.1 457.9 454.3 444.6 435.6 426.8 419.6 411 402.3 392.5 383.6 376.2 369.1 361.9 353.8 346.2 340.3 338.7 337.6 336.8 336.2 340.2 344.2 347 348.4 349 348.9 346.8 343.3 334.9 335.1 334.2 333.3 332.7 338.3 344.3 342.3 343.7 343.7 343.7 345.8
504.8 501.6 497.9 500 505.8 509.1 514.2 520 526.5 531.8 538 541 543.7 546.3 549.1 553 557 562 571.6 583.5 595.2 608.3 615.7 611.2 602.9 589.7 573.9 554.5 539.5 526.6 511.4 495.8 487.5 482.6 474.4 468.1 463.1 458.1 455.6 455.8 446.9 435.3 424.7 417 409.2 398.6 390 381.7 373.8 367.1 358.9 351.8 343.8 339.7 338.2 337.3 336.6 337.5 342.7 345.5 348.4 349.3 349.7 349.4 345.5 338 335.6 335.3 334.5 332.5 337.3 342.8 342.7 344 346.1 348.6 352.7 352.1
503.1 500.8 496 498.6 502.2 507.3 511.8 517 522.6 528 532.5 536.7 538.9 541.5 544.1 548.2 552.2 558.3 568 580.4 591.1 601.8 607.6 605 595.4 580.6 564.4 552.2 533.1 519.3 505.1 492.9 490.2 486 479.1 470.3 464.3 458.3 455.9 451.6 441.6 431.8 423.4 413.4 404.5 395.8 387.4 378.8 372.3 365.8 358.2 350.7 344.9 339.2 338.1 337.7 337.8 340.9 345.2 347.2 349.2 350.3 349 345.5 336.8 335.9 335.3 334.9 333.4 336.9 343.4 345.1 345.5 347.2 350 356.9 355.1 358.1
503 500.1 496.7 497.1 499.7 503.2 509.2 514.3 518.7 523.6 528.1 531.4 534.3 536.3 539.5 543.4 547.3 551.8 562.4 575.9 587.7 594.3 598 595.4 583.8 570.5 556.9 540.5 526 515.1 503 494.8 492.2 488.5 483 473.3 467.4 459.5 454.3 446 434.4 427.8 418.2 408 398.9 392.9 385.5 377.7 370.9 364.4 357.5 351.9 345.9 339.3 338.7 338.9 340.2 343.6 347.7 348.6 349.4 348.7 344.8 335.2 335.2 335.3 334.7 333.6 337.4 341.7 347.8 351.1 354.7 353.8 356 356.4 365 368.8
502.1 499.4 495.6 496.2 498.9 501.5 506.4 511.1 513.9 518.9 523.1 526.1 528.3 530.9 534.8 538.4 542.5 547.7 557.9 570.2 581 585.6 586.5 581.8 575 564.8 546.9 534.2 527.7 515.4 503 498 494 489.3 486.9 476.9 470.2 462.7 452.8 441.8 431.5 421.8 413.1 404 397 391.6 384 378.6 370.8 365 358.8 353.8 345.8 341.8 339.9 342.2 342 343.5 347.5 348.7 344.7 336.2 336.3 337.2 337.5 335.4 337.5 340.1 341.8 347.3 351.5 356.5 358.8 360.8 364.6 369.9 373.7 377
500.7 497.9 495.7 494.1 497.9 500.2 502.3 506.5 511.3 514.7 517.4 520.6 522.3 525.9 529.8 533.9 538.5 543 551.7 564.1 573.1 577.9 580.9 577 569.5 558.5 546.5 536.1 525.6 513.4 503.2 495.5 490.8 485.3 481.6 475.1 467.8 461.8 446.5 437.4 426.7 417.1 407 401.6 395.6 389.2 383.4 378.2 372.1 366.6 360.5 354.6 347.9 344.6 343.2 343.5 344.2 346.2 348.8 343.3 337.7 336.6 337.9 339.7 342.3 342.1 341.5 342.6 347.3 352.7 358.6 362.5 368 371.6 375.3 378.3 383.4 385.9
499.5 497.1 494.2 494.3 496.3 498.1 500.1 503 507.1 509.5 512.7 515.3 517.9 522.1 525.8 529.7 534.6 537.8 546 556 564.5 570.9 573.6 573.2 569.7 559.8 550.8 536.6 521.5 510.2 502.6 495.1 490.3 481.1 474.2 474 464.1 451.2 441.4 432 421.2 413.4 407.5 401 394.9 388.4 383.2 378.4 372.9 366.4 361.5 355.5 350.4 347.2 345.9 345.5 346 347 345.3 340.2 338 339 344.1 343.6 347.5 344.7 348.8 352.6 354.3 361.1 367.4 369.2 370.2 381.5 384.9 388.8 394.3 394.3
499.2 496.5 493.8 488 494.2 495.8 498.2 500.2 502.7 505.5 508.5 510.2 513.6 517.2 523.1 526.9 530.8 535.5 541.4 547.5 554.7 565.6 574.7 576.9 571.1 562.6 552.8 536 518.5 507.4 498.4 494.8 486.9 478.2 468.9 464 454.4 445.4 437.1 426.1 419.3 412.3 406.9 399.6 393.1 388 383.5 378.8 373.1 365.6 360.6 356.9 351.6 348.6 348.1 347.7 347.8 345.9 343.5 339.7 337.9 343.9 345.1 345.7 346.4 351.5 356 358.1 363.5 371.1 371.3 375.9 382.4 390.1 394.7 400.3 404 402.7
498.5 495.9 493.2 486.9 491.7 493.4 496 498.3 500.5 502.8 504.9 506.9 511.4 516.3 520.4 524 528 532.1 537.8 544.5 551.9 563.5 576.4 579.8 570.6 559.3 550.1 532.5 518.7 506.6 496.6 490.7 481.6 470.2 462 451.6 444 437.4 431.2 423.8 417 411.6 405.4 399.2 392.5 388.6 383.6 380 374.8 369.1 364.1 360.8 354.1 349.7 348.6 348.4 348.1 345.1 340.8 339.1 338.4 343.5 345.3 347.8 349.9 358.6 364 368.3 373.6 376.9 376.7 387.2 395.1 400.5 406.2 413.3 415.9 413.5
497.8 495.3 493 487.4 490.2 491.8 493.7 496.3 498.1 499.1 502.4 505.4 509.4 514.1 517.9 521.3 525.7 528.6 534.1 543.2 553.5 563.2 572.9 574.2 565.6 559.2 547.4 531.6 515 503.4 489.7 477.8 469.9 465.8 456.4 448.3 443.7 437.4 428.8 420.9 415.4 410.5 403.3 398.3 393.7 389.7 387 381.5 375.3 370.1 366.1 361.7 356.7 351.8 350.1 348.4 346.1 342.7 340.4 339.1 338.5 344 347.9 351.8 358.3 364.3 368.5 376.5 380.4 381.5 389.5 400.7 408.4 415.6 420.8 427.1 426.6 424.6
497.5 495.3 493.5 491 484 490 491.9 493.9 495.1 497.1 500.8 503.1 506.6 510.7 515.4 519 522.3 525.6 530.6 541.7 550.5 559.8 566.1 566.3 563.1 555 543.9 532.1 512.3 495.9 486.8 479.2 472.2 465.5 457.4 446.7 442 434.5 426.6 419 412.5 407.9 402.8 398.1 395 392.5 388.2 382.4 377.3 373 368.6 362.8 357.4 353 349.6 346.6 344.1 341.4 340.4 338.7 339.7 346.5 350.3 358.2 366.5 369.1 373.1 382.4 388.3 394.3 407 416.2 426.3 433.5 440.7 443.7 441.1 436.3
496.7 494.9 493.4 491.8 488 487.1 489.9 490.9 493.1 496.6 499.3 500.9 504.3 509.1 513.8 517.7 519.9 522.7 525.4 536.8 545.9 553.3 558.3 561.5 560.7 551.7 541.1 529 511.6 497 480.5 473.2 469.7 467 454 445 438.3 431.9 424.6 416.9 410 406.7 403.4 400.4 398.2 394.4 389.9 384.3 378.7 374.6 369.6 364.9 359.6 354.8 348.3 345.4 342.5 341.2 341 338.9 344.2 349.7 357.1 366.3 374.2 380.4 385.7 394.6 401.7 411.9 423.5 433.9 444.1 452.8 459.6 460.3 453.8 448.3
497.2 495.2 493.5 491.8 489.5 482.7 487.4 487.8 492.1 495.2 497.1 499.6 503.5 508.1 512.7 516.3 517.8 519.4 522.1 532 539.8 543.4 548.5 553.4 554.1 546 533.1 519.9 501.6 498.7 485.5 471.5 467 459 447.7 443.3 436.7 429.1 421.2 415.3 409.7 407.7 405.8 403.5 400.2 397.4 391.3 385 378.8 374.8 370.2 365.7 359.9 352 346.7 343.5 342.9 341.9 338.9 340.3 343.5 354.9 364.7 374.6 384.2 391.4 397 403.9 414.6 426 439.5 447.9 460.9 468.8 475.9 472.7 465.9 460.3
