UK/data/sx/sx67_OST50GRID_20230518/SX67.asc
ncols 200
nrows 200
xllcorner 260000
yllcorner 70000
cellsize 50
[rows 35 to 69 of 200, columns 78 to 155 of 200]
355.6 358.6 363 367.2 372.9 376.6 380.1 381.9 382.9 383.5 383.4 384 386.3 389 392.3 394.1 395.1 394.5 392 388.7 384.2 378 370.8 362.1 355.4 355.2 358.1 359.5 359.7 358.1 352.8 347.1 338.8 328.1 317.6 316 319 328.8 337.5 341 339.6 335.2 331.8 330.3 329 327.7 327.6 327 325.5 325.3 326.9 333.2 336.8 337 336.8 337.9 338.1 337.3 336.6 335.2 333.2 333.1 333.7 336 337.4 338.9 338.8 339.7 341.5 343 344.8 346.9 350.5 353.7 355.5 357.2 359.4 361.4
358.5 363.5 368.1 373.2 378.1 381.6 385.2 387.1 388.4 389.1 389.5 389.4 389.2 392.1 394.5 396.6 397.4 396.3 393.7 390.4 385.8 379.3 370.9 361.3 358.3 359.2 361.8 363.9 364.1 362.9 360.9 356.8 353 348.1 341.5 332.4 317.4 321.4 335.7 341 342.7 339.8 336.2 333.6 331.3 327.7 325.3 325.3 324.3 325.6 330.4 336.6 340.4 342.2 341 341.2 341.7 341.6 338.1 332.9 331.7 332.1 332.8 333.9 334.3 335.7 337.3 340.1 342.2 343.3 344.7 347.8 351.3 353.6 354.3 355.1 357.1 359.4
362.2 367.1 371.9 377.1 381.9 386.1 389.6 391.8 393.5 394.7 395.4 394.3 393.9 395.5 397.1 398.6 398.4 397 394.1 390.4 385.6 378.6 370.3 362 360.7 362.1 364.6 366.7 368 368 366.8 363.3 358.4 352.6 345.2 328.9 314.9 321.5 335.8 341.6 343.6 342.6 339.4 336.2 332.3 328 324.7 324.2 324.2 326.6 333.5 338.9 342.7 345.1 345.7 345.2 345.4 344.5 341.2 335.7 331.4 331.6 332.3 333.1 333.8 334.6 338 342.5 344.5 346.6 346.9 347.3 350.4 351.8 352.1 352.6 354.9 357.2
365.1 369.7 374.6 379.2 384.4 388.9 393.3 396.2 398.3 400.3 400.7 400.7 399.7 399.8 400.3 400.9 400 398 394.5 390.3 384.5 377.9 370.7 364.3 363.5 363.8 365.7 368.9 371.3 372.1 370.9 367 361 352.6 339 314 319.2 329 338 341.5 343.1 342.1 339 336.4 332.4 327.3 324.1 323.5 324.1 328.7 334.4 340.1 344.3 346.9 348.3 348.7 348.2 346.1 342.5 337.2 331.8 331 331 332 332.6 333.9 339.4 343.9 346.5 348.8 349.8 348.8 348.7 349 349.6 350.1 352.6 355.2
367.2 371.9 376.6 381.6 386.9 391.7 396.4 399.3 402.2 404.2 405 405.4 404.9 404.9 404.8 404.4 403.6 400.5 395.2 389.7 383.4 377 372 367.4 366.1 365.6 366.9 370.3 373.1 374.2 372.6 369.5 362.3 353.3 338.5 313.2 321.1 330.6 336.9 340.5 341.3 339.9 337.4 334.1 330 326.5 323 323 324.2 328.5 334.8 341.1 345.7 348.4 350.5 351.4 350.5 348 344.3 339.3 333.1 330.2 330.2 330.8 331.6 335.7 340.6 344.8 347.5 350.3 351.7 350.4 349 347.6 347.3 348.2 351.2 354.3
369.3 374.7 378.3 383.7 389.9 394.8 398.8 402.4 405.5 407.8 409.1 409.4 409.9 409.3 408.8 408 406.4 402.6 396 389 381.1 376.6 372.8 369.6 368.3 367.6 368 370.9 373.1 374 372.8 369.9 364.2 355.3 341 315.6 319.9 327.6 333.1 337.9 338.3 337.7 334.8 331.5 328.2 325.5 322.4 322.8 324.8 329.1 335 341.5 346.2 349.6 351.6 352.3 351.5 349.8 346.4 341.3 334.8 330.2 329.5 329.7 331.9 336.2 341.9 345.6 348.8 351.7 353 351.6 348.9 347 345.6 346.9 350.6 352.9
370.7 376 380.9 385.5 392.7 397.5 401.8 405.4 408.7 410.8 412.4 413.1 413.3 412.6 411.7 410.3 408.2 402.7 396.2 388.3 380.9 377.1 373.9 371.9 370.6 369.6 369.7 370.5 373.3 373.7 372.3 369.2 364.3 357.1 345.2 321.2 316.1 322 329.6 334.3 335 334.8 333.5 331.5 327.7 323.7 321.7 323.3 325.9 330.1 335.9 341.7 346.6 349.6 351.7 352.2 351.5 350 347.5 343.3 336.8 329.2 329 329.8 333.2 339.6 343.6 347.2 350.6 353 353.4 351.6 348.1 345.8 344.4 344.6 348.7 350.1
373.2 378.4 383.5 389.4 395.3 400.5 404.8 408.4 411.1 413 414.4 414.9 415 414 413 411.4 409.3 403.2 396.4 388.7 382.8 378.1 375.2 373.6 372 371.2 370 369.3 372 372.6 371.1 367.9 363.4 357.2 346 329.2 313.4 319 326.3 330.3 331 332 332.2 331.2 327.2 321.9 322.3 323.4 329.1 333 337.1 341.2 345.8 349.1 350.8 350.7 350 349 347 343.1 335.5 327.7 328.6 330.8 338 343.2 347.1 350.3 353.3 355.3 354.3 351.5 348.4 345.1 343.4 342.4 345.8 347.7
376.5 382.5 387.9 392.9 398.2 403.7 407.7 411.4 413.8 415 415.9 415.9 415.3 413.9 412.5 411.1 408.4 403.5 397.4 390.5 384.7 379.3 375.3 373.3 371.6 370.3 369.4 367.9 369.3 370.1 368.8 366 361.2 355 345.9 329.5 312.1 318.9 323.4 326.5 326.4 328.1 329.4 328.9 327.8 322.1 322.1 327.4 334.6 338.6 340.1 340.5 344.1 347 348.2 348.2 347.6 347 345.9 342.6 333.8 327.5 329.1 334.4 341.2 345.8 349.7 353.9 356.4 357.3 356.1 352.1 348.8 345.2 342.7 340.9 341.9 344.6
378.9 384.1 390.6 395.6 401.2 406.3 410.5 414.2 416.2 416.9 416.4 415.9 414.4 412.7 411.5 408.9 406.7 402.9 398.2 393.8 386.5 379.7 374.1 370.5 369.2 368.4 367.4 366.1 365.8 366.6 365.8 362.7 358.9 351.9 343.6 331.9 310.9 318 320.2 321.6 322.3 324.3 324.7 324.7 323.9 319.3 325.7 333.5 338.6 342.9 344.4 343.1 343.2 343.5 343.9 344.9 345.8 345.4 343.9 340.3 331.5 327 328.7 337.3 343.1 347.3 351.3 354.9 357.4 358.6 357.6 353.9 350.3 347.5 344.2 340.1 338.5 340.5
380.6 386.3 392.6 398.3 402.4 408.1 412.3 415.9 418 418.8 417.5 415.4 413.2 410.7 408.9 406.9 405 401.6 397.5 392.6 385.4 378.2 371.6 367 364.8 364.5 363.7 362.3 360.2 362 361.7 360.1 356.2 350.4 343.3 332 311.2 313.6 314.9 315.9 317.4 320.4 320.2 316.1 317.5 322.8 330.9 337.5 342.2 346 347.9 346.8 343.6 341.5 340.4 341.4 342.6 342.9 341 336.8 332 327 327 337.1 343 347.1 350.8 354.5 356.8 357.9 356.9 354.7 351.7 349.7 344.8 339.6 337.7 336.3
381.7 387 393.4 399.5 403.3 409 413.3 416.7 419.2 419.7 418.8 416.9 414 411 408.1 405 402.3 398.6 394 388.4 381.4 373.7 368 364.2 361.4 358.3 357.8 355.8 354.3 355 356 354.8 351.6 347.4 340.8 331.4 317.9 312.2 313.3 314.3 315 315.9 315.1 315.9 319.5 327 334.3 340.7 345.1 348.8 350.9 348.4 344.3 340.7 338.5 338.5 339.1 339.7 338 334.8 331.4 326.5 327.1 335.8 341 344.5 348.9 353 354.8 355.8 354.7 353.5 352.1 350.2 346 340.8 337.9 334.7
382.5 386.9 393.2 399.4 404.5 409.1 413.4 416.9 419.6 420.3 420.2 418.3 415.2 411.3 408.6 404.9 400.9 395.1 389.2 383.2 377.4 375 371.7 368.6 362.4 354.2 349.7 347.4 346.4 347.1 348.8 348.3 346.2 342.1 336 326 313.3 310.1 312.5 313.9 314.5 314.1 314.7 316.5 323.2 330.4 337.4 343.6 347.8 351.4 352.7 350.4 346.1 340.9 337.4 335.8 336.2 335.9 334.5 332.7 329.7 326.1 326.6 332.8 338.1 342.1 346.5 350.3 352.3 352.3 351.4 351.2 350.9 350.2 347.8 343.7 342.1 337.2
383 387.3 392.8 399 404.2 408.8 413 416.4 418.7 419.8 419.5 418.1 415.6 412.7 409.8 406.1 403.1 399.6 395.3 391.9 386.7 383 378.9 373.5 367 358.8 349 342.5 339.2 338.3 340.3 340.8 338.4 334.2 328 320.8 309.4 311.5 312.5 313.3 313.8 314 314.6 319.4 327.3 333.5 340 346.2 350.3 353.7 354.6 352.1 346 340.5 337.4 335.1 333.9 333.4 332 330.9 327.9 325.9 326 329.7 335.2 339.6 343.7 346.8 348.8 348.9 348.4 348.1 348.9 349.7 348.7 347.4 344.5 338.9
383.9 387.4 392.5 398 402.7 407.4 411.1 414.5 416.8 418.1 418.1 417.4 415.3 413.1 410.8 407.2 404.7 402.4 399.3 396.4 392.1 387.5 381.1 374.8 369 362.1 355 348.6 341.1 334.7 332.5 332.3 329.9 325.8 321.1 316 309 310.9 311.8 312.5 312.3 313 317.1 323 330.1 337.1 342.4 348.8 352.6 355 355.1 351.8 345.6 339.4 336.5 334.3 332.9 331.8 330.8 329.5 327.2 325.7 325.2 328 333.5 337.4 341.5 344.4 346 346.1 345.4 346.3 348.3 349.4 350.5 350.1 348 344.1
384.5 387.6 391.9 396.2 400.6 405.1 408.9 412.1 414.5 415.8 415.7 415.6 414.2 412.5 410.9 407.9 405.9 404 401.5 398.7 393.8 388.6 382.8 375.3 368.1 361.7 355.4 349.3 342.3 332.9 329.2 326.1 323.3 320.1 315.2 310 310.6 309.9 310.5 310.9 311.5 317.4 322.3 328 333.7 339.8 345.7 350.7 354.2 356.1 354.9 351.2 345.3 340.2 335.6 333.9 332.3 330.9 330 329.6 327.5 325.7 324.8 325.4 330.7 335.2 339 341.4 342.6 342.9 343 345.1 347.6 350.1 351.6 352.4 352.3 349.3
384.4 387.1 390.1 393.9 398.6 402.6 405.8 408.8 411.6 413 413.3 413.3 411.8 410.3 409.5 408.2 406.7 404.9 402.3 398.1 393.4 388.5 382.4 375.1 367 358.6 351.1 345.6 339.4 334.5 330.5 327.4 322.7 319.4 314.9 313.7 310.7 308.7 309.1 310.6 318.4 324.8 329.2 332.3 336.7 342.5 347.6 352.2 355.2 356.8 356 352.5 346 340 335.6 333.8 331.9 330.4 329.1 329.9 328.2 325.7 324.5 324.8 327.3 333.1 336.7 338.6 338.4 339.9 341.8 344.2 347 350.5 353.1 354.1 354.8 353
383.4 385.9 388.9 391.7 395.7 399.7 403 405.8 408.6 409.9 410.3 410.3 409.3 408.2 407.4 407.3 406.5 405.3 401.7 396.3 392.7 387.3 381.4 374.6 367.2 357.3 342.7 337.1 333.9 331.4 326.4 325.8 322.6 317.8 314.8 314.3 311.9 309.3 308 309.3 322.3 329.6 334.2 337 340.6 345.4 350.4 354.1 356.8 357.7 356.3 351.7 345.1 339.8 336.1 333.8 332 330.3 328.7 327.8 327.9 326.2 324.7 324.4 325.5 330.3 333.3 333.3 336.2 339.8 341.9 344.4 348.2 352 354.2 355.8 355.8 354.6
381.7 384 387 389.7 392.7 396.8 399.9 402.8 405 406.5 406.9 407.1 406.4 405.8 405.3 405.4 406 405.3 402.7 397.2 392.8 388.4 381 372.9 365.2 355.5 342.7 333.9 327.5 325.9 323.9 322 318.7 314.9 313.6 312 310.3 309.3 309.4 309.8 324.3 332.7 338.5 342.5 347.8 351.7 354.6 357.8 359.2 358.8 355.9 350.3 344.3 340.1 336.8 334.4 332.2 330.7 329 327.9 326.2 325.5 324.8 324.1 323.9 326.4 328.9 332.5 337.1 340.5 344.2 348.1 351.6 354.5 355.8 356.4 356.2 355.2
380.7 381.8 384.7 387.4 389.9 392.9 396.3 399.1 401.2 402.6 403 403 402.7 402.1 402.4 403.8 404.6 404.8 403.8 401.1 395.9 389 382.3 373.9 364.6 356.1 346.9 337.3 327.2 320.5 318.9 317.1 314.5 312.7 310.6 309.9 308.9 308.7 308.6 315.3 327.5 335 341.4 347 352.1 355.9 359 360.8 361 359.6 355.5 349.5 344.5 341.1 338.3 335.2 333.1 331.3 329.8 327.9 326.2 325.5 324.8 324.2 323.5 325.5 330.6 336.3 340 343.5 346.7 350.2 353.3 355.4 356.3 356.2 355.6 354.3
379.2 379.5 382 384.4 386.9 389.5 392.5 395.4 397.2 398.7 398.8 398.5 398.7 399.1 399.7 402 403.2 405.1 405.2 403.4 399 392.6 385.3 377.5 368.2 358 348 336.7 326.5 319.8 316 314.6 313.8 312.4 310.3 308.8 308.2 307.8 306.8 318.2 328.7 336.2 343.4 349.4 354.8 358.8 361.7 363.1 362.4 361.2 356 351.1 346.4 341.8 338.7 336.4 333.7 331.5 329.4 327.8 326.3 325.1 324.3 324.1 323 324.6 331 336.4 340.3 344.2 348.1 351.8 353.8 355.2 355.6 355 353.8 352.7
377.8 377.6 378.9 381.3 383.8 386.3 389.3 391.2 392.4 393.5 394.1 395.2 395.3 395.9 397.5 400.8 403.8 406.2 406.8 406 402.3 396.9 390.1 382.2 372.7 359.8 345.2 334.5 325.5 320.8 317.2 314.8 313.1 314.5 310.9 308.3 307.6 307.2 309.1 319.8 328.6 337 344.5 350.8 356 360.1 363.3 365 365.1 362.7 357.9 353 348.2 343.1 338.4 336.1 333.9 331.4 330 328 326.9 325.3 324.2 323.2 322.7 322.5 329 334.3 339 343.6 347.7 351.5 353.4 354.2 354.3 353.7 351.7 350.6
376.8 375.6 375.9 378.2 380.7 383.2 384.2 386.2 387.1 387.7 389.2 390.8 392.3 395.3 397.7 401.3 404.7 407.4 408.1 407.3 405.3 399.7 393.1 385.6 377.6 362.7 345.3 333.6 325.8 318.4 315.7 313.2 311.9 311.6 311.3 307.8 307.4 308.1 316.4 324.8 332.2 339.5 345.8 352 357.2 361.8 364.7 366.6 366.8 364.9 360.9 356.2 350.5 345 338.7 335.8 334.2 332.2 330.5 329 327.4 325.8 324.5 323.3 322.1 322.3 327.1 332 337.7 342.8 346.8 350.3 352.1 352.7 352.1 351.4 349 348.6
376.3 374.6 374 374.7 377.2 379.4 381 382.1 383.6 384.9 387 388.6 390.9 394.6 397.7 401.2 405.2 407.9 409.2 408.7 405.9 400.7 394.7 387.1 377.9 362.2 342 327.3 319.9 315.1 312.6 311.4 310.1 309 308.5 307 307.6 312.5 321.4 328.7 336 342.3 347.7 352.7 358.1 363.3 366.2 367.7 368.3 366.8 363.7 358.9 353.2 347.1 341 337.7 335.5 333.4 331.2 329 327.5 326 324.2 322.7 321.9 321.8 326.4 332 337.4 341.9 345.1 348.3 349.6 350 349.3 347.8 345.4 347.2
375.7 373.8 372.6 371.6 373 375.9 377.7 379.3 380.8 383.3 385.5 387.8 390.3 394.1 397.1 400.7 404.8 408.3 409.8 408.9 405.6 400.8 394.2 385.9 375.8 355.6 335.4 321.8 316 313.3 312.7 311.9 310.6 310.6 308.5 305.9 308.7 316.7 322.3 330.3 338.2 344.1 349.1 354.1 358.6 363.3 366.6 368.4 369 368 365.4 361.2 355.4 349 344.6 339.4 337.1 335 331.9 329.4 328.1 326.1 324.2 322.9 321.9 320.8 327.7 333.4 338.1 341.4 343.9 345.3 346.3 346.5 345.9 343.2 342.1 344.8
374.2 371.9 370.3 371.9 373.7 376.1 378.5 380.3 382.6 383.9 385.4 387.7 390.1 393.4 396.5 400.1 404.3 407.1 408.5 407.9 405 400.3 393.6 385.2 372.8 351 334.1 322.6 315.3 316.5 318.1 318.6 315.8 314.2 310.5 304.5 309.2 314.5 319.7 329.3 338.7 345.2 350.6 355.6 359.9 363.7 366.8 368.8 369.4 368.8 366.2 362.3 357 351.6 346.5 341.6 338.7 335.9 333.3 330.7 329 326.9 325.2 322.4 321.6 320.6 328.6 334.3 338.3 340.6 341.3 341.5 341.6 341.7 341.1 338.4 338 340.9
372.4 369 369.2 371.6 374.9 378 381.7 384.3 384.9 387.4 388.1 388.9 390.5 393.2 396 399.6 403.5 406.4 407.8 406.8 403.5 398.8 393 384.4 372.6 349.6 333.1 319.8 316.8 320.9 326.5 324.2 323.1 319.2 313 305.6 306.6 309.9 317.3 328.7 339 346 352.1 357.1 361 364.2 367.5 369.6 370 369.8 367.3 363.3 357.9 353.2 348.4 343.5 340 337.5 334.9 332.7 330.7 328.7 326.4 323.8 320.8 321.1 328.5 333.7 337.3 338.9 339 338.2 337.1 336.2 335.7 334.3 332.7 337
369.2 366.5 369 372.8 376.5 380.4 384.4 387.5 389.7 390.9 391.4 392.6 392.9 394.1 396.7 399.7 403.3 405.3 405.7 404.8 401.6 397 390.8 382.1 367.8 347.4 331.6 322.4 321 324.3 332.5 330.7 328.9 325.7 322.1 314 303.8 306.6 314.3 328.4 338.9 346.6 353 358.5 362.5 366.2 369.3 370.9 371.5 371.5 369.1 364.9 360.2 355.3 350.9 346.3 342.3 339 337.1 334.8 332.5 329.7 326.8 324.6 321.1 319.7 327.1 330.5 334.3 336.1 335.9 334.9 333.7 331.9 331.5 329.3 329.9 333.4
364.1 365.6 370.2 374.3 378.2 382.3 386.7 390.4 393.4 395.2 396 396.4 396.8 396.9 398.4 400.8 402.9 403.7 403.7 401.5 398.4 393.7 387 377.9 359.4 342.2 330.5 321.8 324.6 330.7 333.6 334.2 333.9 331.4 327.8 322.8 312.9 304.5 309 324.9 337.6 345.9 353.2 358.9 364 368 371.1 373 373.5 373.5 371 367.1 362.5 357.9 353.2 348.4 344.5 342 340.5 337.6 334 330.2 327.2 324.8 320.9 319.4 325.1 327.4 329.2 331.4 332 331.1 329.4 327 326.9 326.3 328.3 331.6
363.1 367 371 375 379.4 384.4 389.1 393.4 396.5 399.3 401.4 401.2 401.1 400.2 400.9 401.9 402.4 402 400.7 398.2 394.6 388.9 381.2 367.5 349.5 336.1 326 325.1 326.8 333.9 336 335.3 332.8 329.7 327 323.5 316.1 301.8 304.9 319.1 334.2 343.9 352.3 358.9 364.3 368.9 372.1 374.4 375.4 374.9 372.8 369.1 364.7 360.2 354.9 350.5 348 346.3 343.8 339.6 335.3 331.1 327.5 324.5 322.5 318.4 319.7 320.5 322.2 324.4 326.3 326.1 325.7 323.3 322.9 324.2 326.8 330.2
364.4 368.4 372.6 376.7 381.6 386.4 391.5 395.7 399.8 403.1 405.7 407.2 406.9 405.3 404.1 402.8 400.7 399.4 397.4 393.9 388.5 381.6 373.1 355.8 342.8 330.3 326.2 328.4 331.1 337.2 338.1 337.6 335 332.3 329.8 326.7 323.2 309.6 303.7 314.5 329.8 341.1 350.6 358.1 364.2 369.2 372.9 375.1 376.7 376.1 374.2 370.9 366.5 362.1 356.9 353.7 351 349.2 345.7 341.9 336.9 331.9 327.9 325 323.5 319.2 318.3 317.4 316.4 316 316.3 319.4 320.9 319.7 320.7 322.7 325.8 329.7
365.8 369.9 374 378.1 382.8 388 393.4 398.2 402.2 406.3 410.5 412.2 411.7 410.1 407.1 402.8 399.1 395.5 392.3 387.8 381.5 374.2 359.6 348.6 335.4 327.7 329.2 332.2 335.9 341.4 342.1 340.8 338.6 336 333.3 330.4 327.6 318.9 302.2 308.2 324.3 338.6 348.3 356.6 363.3 368.6 372.3 374.8 376.3 376.5 375.1 372.7 368.1 363.5 359.6 356.7 354.3 351.9 348.4 344.9 339.8 332.4 328.2 326.9 325.4 324.5 326.1 327.9 327.4 322.2 314.9 316 316.2 317.7 319.9 323.6 326.2 330.2
367.2 371 374.9 379.4 384.2 389.7 395.1 401.6 406.5 411.9 416.4 416.8 416.3 413.4 408.7 402.8 396.4 390.8 385.8 380.8 371.4 358.8 349.8 341 331.8 329.6 333.9 338.1 342.9 345.1 346.1 345.7 342 338.9 335.3 332.2 328.1 320.3 301.5 304.8 317.1 333.1 345 354 361 366.8 370.5 373.6 374.9 375.8 375.5 374.2 371.4 366.8 363 361.1 358.3 356.3 352.4 348.2 342.3 336.1 330.4 328.8 328.4 327.9 331.4 333.5 333.2 328.1 315.2 315.3 315.5 316.7 319.3 324.1 325.7 329
368.8 372 376.3 380.9 385.2 391.2 397.4 404.8 410.1 415.8 421 421.2 419.6 415.3 410.1 402.3 394 385.8 379.7 371.9 360.1 348.8 343.1 339.1 332.8 332.2 336.3 342 346.6 349.2 350.1 349.6 346.2 342.8 339.3 336.2 332 327.3 309.8 302.2 309.8 325 340.3 351 358.2 363.5 367.8 371.1 373.1 374.6 375 375.2 374.2 371.1 368 366.1 363.3 360.3 356.8 351.2 345.6 340.2 333.7 332 331.4 331.5 334.1 337 336.5 331.9 321.3 314.3 315.4 317.2 318 322.7 324.4 327.1
369.7 373.3 377.7 382.1 386.2 393 398.9 405.1 413 419.1 424.5 425.7 422.5 416.9 410 401.6 392.1 382.4 370.8 364.3 355.3 347.8 340.5 336.9 333.4 336.1 338.7 343.8 348.5 351.7 353.3 353.7 352.3 348.8 345.1 341.5 337.6 331.4 324.8 304.8 304 317.8 333.6 346.6 353.9 360.1 364.6 367.7 370.6 372.7 374.4 375 375.5 374.6 373.4 371.2 368.4 364.8 360.8 355.5 348.7 343.5 337.7 334.6 334.5 335.3 337.5 340 339.8 335.8 326.1 315.3 314.3 317.7 319.7 316 319.6 324.7
