WholeMapElevations/data/no/no18_OST50GRID_20230518/NO18.asc
ncols 200
nrows 200
xllcorner 310000
yllcorner 780000
cellsize 50
[rows 35 to 69 of 200, columns 78 to 155 of 200]
621.6 609.9 594.2 580.4 571.3 557.2 547.4 539.1 526.5 520.8 517 513.7 509.7 503.9 497.5 486.5 477.5 466.8 456 443.8 430.9 419.1 408.8 394.8 388.6 385.8 380.1 375.1 370.3 368 361.6 362.6 364.3 366.1 367.5 371.5 383.6 386.4 386.7 389.9 397.2 404.1 407.4 414.5 429.2 442.3 452.3 463.6 474.7 483.6 486.2 486.4 487.6 486.2 488.8 496.3 508.8 520.6 533.6 545.7 557.2 568.3 582.2 595 606.5 615.8 622.9 631.3 640.2 648 655.6 662.1 670 677.3 684.6 690.7 695.6 698.5
612.6 603.4 591.4 580.7 563.5 554.4 550.1 532.5 536.3 531.6 526.7 523.3 518.4 511.6 502.3 490.3 478.7 468.3 453.9 440.7 427.7 415.3 403.9 393.7 389.8 388.8 380.1 371.3 367.8 364.6 363.6 366.6 370.3 373.5 371.9 372.4 383.9 386.8 388.4 389.8 393.1 396 400 403.1 418.1 431.9 444 450.6 460 465.8 471.8 474.2 475.8 475.3 483.8 494.1 506.1 518.6 530.4 542.8 554.2 566.2 578 589.2 598.7 607.7 612.9 622.6 632.2 641.5 649 656.9 664.5 673 680.7 687.4 693.6 695.9
609.9 598.3 591.3 579.2 559 559.8 558.4 551.7 549.6 544.6 539.3 536.9 530.2 519.8 507.5 492.7 478.4 465.3 449.7 436.4 424.3 409.6 400.3 393.4 391.7 391.1 380.9 369 364.3 367.5 370.2 371.3 376.2 376.9 382.9 378.9 375.4 385.3 391.9 394.1 397.4 398.3 398.4 398.1 405.1 419.1 431.7 437.8 446 451.8 455.7 460.6 460.9 472.3 480.8 490.5 502.3 514.9 526.3 539.2 550.2 563 574.6 582.4 591.4 599.4 605.5 614.2 624.2 634 643.2 652.3 660.3 669.1 677 684.9 691.1 694.4
609.9 602.5 591.3 584.7 579.1 575 570.7 566.4 561.7 561 555.5 548.3 536.8 520.2 503.5 486.8 472.1 457.9 445.7 429.9 419 405.1 395 391.3 391.1 392.3 379.2 366.8 367.8 369.4 376.1 380 384.3 390.2 387.5 390.2 386.2 378.6 390.8 396.8 397.4 398.5 394.4 394.3 400.5 407.7 419.4 427.8 434.1 437.6 443.6 443.6 457.5 466.5 478.6 488.6 500 512.6 524 535.4 546.4 556.8 567.1 576.5 584.6 591.8 599.7 607.6 618.4 626.5 636.2 647.2 656.3 665.3 674.2 681.7 688.2 691.4
621.5 610.7 603.9 600 592.2 588.9 584.3 581 576.9 572.5 563.5 554.3 536.9 516.3 497.1 480.1 465.6 451.1 439.9 425.7 413 402.1 391.9 387.8 387 387.9 372.6 366.1 368.4 382.8 382.4 383.9 391.3 398.6 399.7 396.3 395.8 388.8 381.9 376.7 390 392.1 391.6 392.5 395.1 400.1 408 416.9 422.1 425.7 431.2 441 451 460.8 472.3 484.8 498.9 511.8 522.1 532.4 543.7 553.8 564.1 572.3 579.3 586.8 595.4 602.7 612.7 623.6 631.9 642.3 653.8 662 671.2 679.1 683.8 686.1
627.8 621.2 616.4 610.6 605.2 600.8 597.5 595 587.3 578.2 564.3 550.9 530.4 508 488.1 472.1 459.8 446 433.6 421.3 410.1 397.1 388.4 384.7 382.6 377.6 369.1 366.5 371.2 381.6 386 389.9 398.7 405 412.8 406.1 404.1 398.1 394 386.5 387.2 382.9 386.8 389.6 393.7 396.1 401.7 404.7 412.7 417 422.5 433.5 443.3 453.6 466.5 480.2 496.2 507.5 516.9 526.7 540.9 552.4 561.3 569.4 576.4 583.8 590.4 597.2 608.4 617.5 629.4 639.6 652.4 660.6 669.2 675.1 678.3 679.6
634.4 630.1 627.2 624.8 619.5 613 607.1 599.2 588.4 575 558.9 539.4 518.2 497.2 481.7 466.3 453.9 439.2 428.6 417.7 406.2 396.9 389.2 386 378.4 374.5 369.7 366.8 377 386.3 394.3 398.9 402.1 412.4 418 412.8 408.9 404.1 395.6 394 393.2 386 387.3 389.7 393.5 397.2 400.1 401.4 406.1 409.5 415.8 424.1 435.8 448.1 460.9 470.4 489.9 506.7 520.8 532.8 543.2 554.4 562.6 569.8 576.8 582.7 588.5 595.2 606.9 619.1 631.4 640 648.9 655.9 664.9 670.5 672.6 672.4
645.1 642.1 639.1 634.4 624.6 615 605.4 594.6 581.6 566.1 546.4 523.9 503.8 489.1 475 458.1 453 439.2 426.8 413.4 404.1 395.9 393.5 388.2 382.3 374.4 368.7 367.4 386.9 388.9 394.6 400.2 405.6 416.1 421.8 418.4 415.5 407 403.9 399.9 396.7 394.6 394.4 389.5 393 395.5 398.4 399.9 401 403.5 409 416.5 423.9 440.8 456.6 471.8 488.5 504.4 521.1 539.8 551 561.6 568.3 575.6 584.3 586.8 591.5 599.9 611.6 622.8 634.4 642.8 650.7 657 663.9 669 665.5 663.5
653.9 648.6 642 630.6 618.1 607.6 596.2 583.4 569.1 551.4 531 509.2 494.3 483.6 466.1 454.3 441.1 431.2 426.3 413.9 403.7 395.2 389.4 386.6 384.1 370.6 369.6 377.8 385.2 391.6 398.4 409.6 417.7 427.8 434 430.4 422.3 415.2 408.8 409.1 403.4 401.6 401.3 401.6 400.6 402.8 399.6 399.7 401.3 402.9 402.9 411.9 424.6 442 455.4 470.9 493 510.9 531.6 554 566.6 573.5 582 590.8 597.5 599.5 604.2 607.8 619.7 631.5 639.3 645.1 654 662.4 667.3 667.2 662.4 656.8
653.2 643.9 632.7 618.2 606 594.5 581.6 566.8 550.6 532.8 514.7 497.4 489.3 477.1 461.5 452.7 446.6 438.1 425.8 415.5 402 393.9 386.2 383.8 380.8 368.8 372.2 379.5 382.7 391.5 401.6 414 424 440.5 453 446 431.7 422.2 417.1 414.2 410.5 408.1 407.3 408.1 408.4 407.1 408.1 407.8 405.6 409.5 404.5 408.8 421 441.5 455 474 495.6 518.9 546.6 575.4 594.3 596.1 604.5 608.5 614.9 618.5 620.9 625.8 631.1 641.8 648 654.6 663.6 671.4 671.5 668.7 660.9 653.9
645.1 633.1 619.5 603.8 590.4 577.2 562.1 547 531 515.7 505.2 493.5 481.1 468.5 458.5 457.7 447.1 436.2 422.8 411.5 400.7 392.8 387.6 382.2 375.2 369.4 373.3 384.7 385.3 393.5 406.5 421.2 434.8 458.6 478.5 464.5 447.1 436 427.5 423.2 417 416.2 418.5 416.6 421.2 423.1 417.6 415.2 413.4 412 412.9 410.3 419.7 439.4 451.3 468.5 492 517.9 553.6 590 623.7 639.3 632.7 634.7 636.3 640.2 644.1 644.4 645.5 651.8 659.2 670.3 678.5 681.7 680.9 671.6 659.9 648
630.5 616.2 601.2 585.3 572.2 558.7 547.8 534.1 520.3 510.4 500.3 489.7 476.9 466.5 460.7 455.7 447.2 435.3 419.6 411 398 390.6 386.7 381 373.5 371.1 377.2 385.1 387.2 397.7 414.2 429.4 449.8 479.9 497.5 487 481.3 455.1 441.9 436 431.7 433.5 432.6 431 434.4 433.9 430.9 423.7 420.3 419.5 414.2 409 415.8 434 448 464.4 486 516.3 550 585.6 619.1 646 668.4 653.9 656.1 659.4 661.9 663.3 661.3 666.3 680.1 690.1 699.1 696.9 694.3 680.2 657.5 641.8
612.5 598.9 584.9 571.4 558.5 545.4 534.6 524.3 514.3 505.7 496.3 485.9 476.1 469.8 464.4 458.3 447 431.7 418 409.5 396.7 386.9 383.8 380.9 370.9 373.1 381.5 387.8 395.8 405.3 418.2 441.2 465.5 495.8 509.9 508.7 497.9 477.6 463.8 452.6 450.9 451.9 448 444.6 444.2 444.3 440.3 437.3 426.3 419.4 412.7 412.4 419.4 425.5 444.3 460.6 480.3 512.1 546.1 580.9 615.2 648.3 669.3 670.3 680.3 679.1 678.2 678.5 679.3 695.6 707.4 713 721.5 718.7 710.6 682.8 653.7 643.4
598.4 586.7 572.1 558.8 548.4 538.9 529.9 521.9 513.9 505.9 494.5 491.2 478.7 471.1 467.3 456.5 444.3 432 416.9 403.8 392.6 383.3 379.2 376 370.9 374.1 380.9 387.5 400.9 412.9 430.9 456.9 479.1 512.6 525.4 522 520.4 519.1 503.4 489.6 477.1 472.4 460.8 457.1 462.9 456.2 448.8 442.6 432.3 420.4 414.1 416.7 420.8 427.3 438.9 457.9 479.4 510 542.2 575.7 611.9 647.7 668.4 684.3 705.5 700.7 695.8 697.9 704.7 720.3 732 742.3 752.4 755.2 731.8 678.8 654.8 644
587.3 575.3 564.7 552.9 544 535.1 527.6 521.2 512.6 509.2 502.1 491.3 485.9 475.8 465.1 455.3 447.7 437.7 423.1 403.5 392.1 386.1 380.1 375.2 371.8 374.7 383.3 391.5 407.3 420.8 442.7 465.8 497.3 521.9 539.5 540 546.8 544.4 528.8 518.4 500.3 486.5 476.2 475.5 476.5 471.5 454.2 444.7 433.1 418.9 413.4 419.3 422.7 428.8 438.8 455.7 478.6 508.4 541.6 576.3 611.7 643.5 669.7 690.2 709.5 719.6 716.8 730.1 729.9 746.5 757.1 766.8 771.7 765.4 727.5 682.6 665.4 644.2
586.2 576.3 563.7 554 544.1 535.3 528.6 524.6 519.8 513.8 505.8 497.1 488.1 480.1 472.6 463 449 437.2 422.5 408.5 395.8 384 381.4 374.7 371.8 375.2 387.1 398.3 414.9 431.7 451.9 481.4 508.5 534.4 541.9 553.9 558.4 555.7 545.2 536.3 520.1 509.2 497.5 496.5 486.5 478.1 460.2 446.4 432.5 418.6 416.9 423.8 428.6 433.2 442.6 459.8 481.6 509.2 540.9 576 612.1 644.4 671.1 687.8 707.8 715.7 724 735.5 743.4 752.2 762.6 770.2 772.4 755.7 722.6 700.8 668.8 652.2
589.3 576.3 563.8 554.4 547.7 541.5 536.4 531.5 525.5 519.6 515.4 508.2 498.1 487.2 473.5 461.9 449.1 436.1 422.1 405.9 394.2 385.5 379.7 375.7 372.3 375.9 390.6 403.1 420.1 437.5 461.9 495.7 515.9 538.5 554.1 563.5 567.7 561.5 552.8 543.6 532.7 521.6 513.9 507 494.7 479.2 461.2 444.6 426.8 418.2 421.9 425.8 432.1 440.5 453.3 467.9 485.1 512.9 545.1 577.4 614.4 645.4 670.3 685.1 702.2 711 719.6 731.4 741.4 750 760.8 768.1 765.4 751.5 726.1 707.8 680 661.4
592.2 579.8 568.9 561.3 557.1 553 545.8 540.3 534.7 528.3 526.4 519.4 504.1 488.1 473 461 447.6 434.3 421 409.9 397 384.8 376.7 376.1 372.8 378 389.8 405.4 424.4 444.9 472.3 500.6 521.6 541.4 556.6 565.7 569.6 564.1 552.8 546 535.7 525.4 514.3 505.3 493.1 477.1 457.2 435.6 421.6 417.6 427.9 432.9 438 446.6 461 473.1 490 519 549.1 582.1 618.2 646.9 668.8 684.3 696.6 705.2 713.3 723.1 734.3 745.2 754.1 757.6 758.2 755.4 735.4 712.4 699.2 676.2
598.7 586.9 576.7 570.1 566.4 562.1 554.1 550.4 548.6 548.8 543.8 534.6 509 487.7 474.1 458.2 444.4 431.2 419.6 410.7 396.5 381.3 377.2 376.4 372.6 378.1 393.1 410.6 430.4 449.9 484.3 505 525.6 544 558.6 570.9 572.1 566.2 554.7 545.1 533.5 520.8 508.7 497.7 483.2 467.1 449.6 429.6 422 428.5 434.4 439.2 448.3 453.7 467.1 479.9 495.5 521.7 553.6 591.5 622.3 647.8 664.4 677 686.6 695.7 704.4 714.6 725.2 734.5 741.4 745.7 750.6 753 747.6 739.7 721.7 689.9
605.1 596.7 587 580.3 575.7 572 568.9 567.1 569.6 571.4 561.5 534.3 506.7 484.7 470.6 454.3 441.3 428.9 416.1 404.4 389.7 381 377.4 376 372.8 381.4 399.9 419.9 438.1 455.9 488.3 513 531.9 550.8 570 578.9 576.3 568.1 555 543 530 516.3 503.3 487.6 471.1 458.2 439.9 426.7 422.9 431.4 440.4 451.4 460.6 468.9 478.4 487.8 504.7 529.5 562.3 596.5 623.2 641.5 656.7 666.6 676.5 686.3 693.9 703.4 713.1 720.1 727 735.8 742.7 745.6 753.1 750.7 732.2 700
610.9 602.8 598.1 592.5 590.1 587.9 585.3 591 596.2 591 567.9 539.4 509 482.6 466.6 452.2 437.3 424 413.4 398.9 385.1 378.5 377.5 375.9 377.5 385.4 405.5 427.6 448.1 467.3 494.5 519.6 542.9 560 576.7 581.6 576.6 565.5 552.3 538.8 524.8 511.6 494.8 477.6 464.8 451.3 431 426 429.2 435.4 447.8 458 464.6 477.5 485.1 501.8 513.1 538.9 566.6 597.7 618.9 633.7 644.4 654.5 663.9 673.6 683.4 691.4 699.4 706.7 718.1 731 733.8 742.5 752.1 755.1 735.8 695.5
620.3 614.9 610.5 606.7 605.3 609.3 612.2 617.8 610.4 594.3 569.2 536 505 476.5 462.8 447.7 435.1 423.4 411.3 394.3 383.3 378.4 377.3 373.5 379.7 390.7 412.9 433.8 454.2 471.9 499.3 529.8 550 565.4 579.6 581.2 572.3 560.9 548.6 535.5 521.1 502.8 487.5 472.2 460.5 443.6 428.2 430.8 434.3 442 452.5 467 472.7 483.5 490.8 506.4 522.1 548.2 574.5 595.3 611 624.2 633.7 642.5 650.5 661 671.4 680.2 688.4 698.8 712.9 723.2 727.8 740.5 750.5 749.8 730.7 711.9
634.7 631 625.5 625.3 632.3 638.2 638 626.2 611.2 588.9 564.2 539.6 503.2 473.7 459 447.2 434.3 421.9 408.5 390.4 381.4 378.7 376.1 376.9 381.6 397.3 419.2 439.4 460.4 478.1 503.1 534.1 554.5 569.7 579 576 568.3 558.4 545.7 531 516.6 498.8 483.4 469.5 455.4 438.2 434.8 433 436.9 449.4 463.4 470.8 479.6 489 500.6 517.4 531.9 551 574.6 590.8 601.6 613.9 622.2 629.4 638.8 647.9 660 671.1 683.1 695.8 707.9 716.7 726.3 739.2 748.7 749.1 752.7 723.7
652.4 655.5 653.5 660.1 662.7 660.7 646.2 625.1 603.2 581.2 560.1 538.7 500.2 470.6 458.5 443.4 431.8 420.3 407.5 395.1 381 378.8 374.7 378.1 388.5 401.6 422.6 444.1 464.4 482.1 506.9 534.8 555.4 568.8 575.3 573.5 566.7 555.3 542.1 527.2 511.5 495 480.8 468.4 448.9 440.3 437 434.9 443.3 456.4 468.4 481.7 490.2 495.7 507.3 524.5 534.6 551.9 572.6 584.5 592.6 603.9 610.3 619.6 631.2 640.2 652.1 666.9 681 692.7 703.3 715.3 726.6 742.7 753.1 760.2 764.5 731.8
684.5 691.9 689.5 686.9 679 663.5 643.1 618 596.9 574.2 549.1 526.3 493.8 467.9 453.5 440.1 429.3 419.1 406.1 392.6 383.2 377.8 374.8 380.5 389.7 408.1 428 448 468 487 511.3 533.7 555.1 567 572.9 570.3 562.9 552.2 538.6 524.3 509.1 494.4 479.9 467.2 451.9 442.7 438.1 438.8 450 462.9 473.7 485.3 499.7 508.4 518.5 529.7 538.7 551.6 567.8 579 586.9 596.8 603.6 615 626.6 638.1 649.9 665.5 677.8 691 699.9 719 731.1 749.3 761.6 770.2 769.3 742.1
718.9 713.6 710 698.8 682.8 661.3 637.8 612 587.8 568.8 537.6 510.9 486.1 464.7 450.4 438.2 427.5 416.1 402 390.8 380.1 376.7 378.6 384.9 395.4 412.8 434.3 452.3 471 492.8 515.2 536.4 554.8 567.9 572.4 567.4 559.4 549.1 537 523.2 507.9 492.5 478.2 467.1 455.7 447.5 439.8 440.2 451.7 467.2 483.3 499.1 511.2 516.4 526.4 533.7 544 553 564 575.1 586 594.6 603.6 614 626.1 638.3 650.4 665.3 676.1 689.3 705.1 721.5 740.1 758.1 768.7 780.7 773.3 749.6
737.2 727 716.1 699 678 658.5 632.9 604.8 578.6 557.7 527.4 500.3 478.6 461.5 449.9 436.4 423.4 410 393 384.8 377.7 375.7 381.9 391.7 402.8 422.5 441.3 460.5 478.2 498.9 518.7 541.9 556.9 570.2 572.1 566.9 557.8 547.9 535.1 522.7 506.8 490.4 478.2 465.6 456.4 450.6 442.2 439.8 451.8 476.6 496.2 504.5 515 520.1 528.2 536.4 547.1 556.2 565.1 574.6 585.6 594 603.5 615.5 626.4 639.2 651.7 664.5 677.4 696.3 717.2 734.6 752.7 767.4 783.6 790.2 777 754.7
740.6 728.2 713.2 694.9 675.5 652.2 625.3 595.2 567.8 547 515.7 492.8 474.4 457.4 444.7 430.1 415.9 398.2 385.8 382.1 375.7 379.3 385.8 393.9 412.3 434.3 452.5 468.3 484.3 498.9 526 546.2 561.4 573.2 574.1 567.7 558.7 547.3 533.7 520.3 505 492.5 479.8 467.4 459 453.9 446.1 436.8 450 472 494.1 506.9 515.1 523.5 531.5 539.2 550 557.8 564.4 573.2 584.3 595 605.1 616.7 628.4 640.1 654.1 667.1 687 706.4 726.2 741.7 758.9 779.6 792.9 791.9 778.5 757.8
736.2 722.5 706.3 687 667.4 641.2 613.2 583.1 557 537 509.6 488.9 468.3 454.4 438.3 423.1 407.6 389.8 385.8 375.7 379 379.5 385.2 397.2 417.7 439.8 457.7 470.5 487.1 510.2 531.6 550.9 567.6 576.1 576.3 568.9 558.5 548.8 533.1 519.9 508 494.8 481.9 470.9 462.1 457.8 447.8 439.9 450.4 468.7 490.9 506.8 515.8 523.9 532.1 540.2 548.1 556.9 562.8 573.8 584.5 595.6 606.2 617.6 629.3 641.8 656.2 674.5 692.9 713.5 733.7 749.9 768.8 785.9 792 788.1 777 763
729.1 714.7 696.1 678.1 656.7 629.3 600.9 571.8 548.2 527.5 507.2 480.8 462.9 446.2 432.4 418.2 398.2 390.1 379.4 378.1 378.7 380.9 386 403.5 422.9 442.9 459 473.8 492.4 518 539.6 558.5 574.5 580.1 579.2 573.6 560.6 549.1 535.7 523.9 510.9 498.6 486.5 476 468.7 459.3 448 440.5 447 460 483.9 499.6 510.2 520.9 530.3 535.2 543.4 556.6 560.7 574.5 585.9 596.1 606.8 618.2 630.7 644.7 662.8 684.8 701.4 721.5 737.7 758.6 771.8 784.2 786.7 783.4 771.3 756.6
726.2 705.6 684.7 665 643.8 616.9 592.4 567.6 540.7 516.3 497.4 475.9 458.3 444.4 429.6 411.7 395.6 383.5 376.1 380.2 382 383.8 391 407.7 424.8 442.7 460.1 478.7 500.5 521.6 548.8 565.4 580.1 584 584 577.9 563.9 551.6 540.4 527.9 515.8 503 491 477.5 470.1 459.1 448.8 444.2 447.8 456.4 476.1 495.5 506.3 516.3 526.1 530.7 539.4 550.1 557.2 570.9 585.7 598.1 609.8 619.5 631.7 650.5 671.5 690.7 707.1 723.8 740.5 758.8 768.4 779.3 784 776 762.1 741.1
719.2 698.4 676.2 653.4 631.2 608.3 583.5 555.5 531.9 508.7 490 469.7 454.6 439.1 424.8 406.3 389.9 381.3 376.6 380.7 384.2 391.4 407.3 420.9 430.3 446 465.8 487.1 513.9 538.7 560.6 575.4 585.4 589.8 589.1 580.2 566.1 554 544.2 532.6 520.6 506 493.5 482.8 472.9 458 449.5 446 448.1 455.5 471.9 489.2 505.2 513.6 521.1 526 535 545.6 555.9 568.9 583 599.6 612.2 621.5 636.4 656.3 677 693.3 708.1 723.9 737.6 752.2 761.9 774.9 774.2 769 756.7 726.5
707.2 689.1 667 642.1 620.7 599.8 571.5 541.4 518.6 496.3 481.7 461.5 445.7 432.2 417.1 400 386.7 379.7 378.8 381.4 387.3 399.4 415.6 430.7 441 455.2 475.9 494.1 526 553.4 568.6 582.6 591.8 594.7 591.3 582.4 570.9 557.2 545.1 535.6 525.1 511.9 497.7 485.7 473.2 457.2 450.9 447.8 445.9 453.2 467.3 486 498.8 509.7 517 523.1 531.9 544.4 552.9 567.1 585.1 602 613.3 622.3 639.1 656.3 674.6 690 704.8 719.4 732.1 746.9 756.2 767.2 765.7 760.1 745.9 720.9
697.4 680.5 656.5 631.3 609.7 586.2 559.4 528.3 501.7 486.4 472.2 453.5 436.1 423 407.1 395.4 387.4 381 380.5 382.4 391.9 396.8 418.7 431.3 446.2 462.7 479.5 513.2 542.9 563.6 573.6 590.4 596.2 597.2 593 587.1 575.1 559.7 546.9 537.4 526.4 514.1 500.3 485.2 472.4 459.8 452.5 450.3 448.1 453.5 461.9 479.1 493.1 502.9 513.7 522.9 531.5 540.7 549.4 563.4 580.5 601.2 612.5 623.5 637.5 653.5 670 684.6 699.2 712 725.7 739.6 748.6 755.9 757.1 751.8 732.8 710.2
687.6 668.5 643.6 618.1 596.1 570.5 541.9 512.9 493.8 477.5 461.4 449.4 434.4 418.6 403.9 389.5 384.1 379.4 381 383.8 393.3 399.8 415.3 429.5 447.3 466.3 492.8 521.3 548 564.3 580.3 592.8 598.5 599.1 595.6 587.1 577.4 561 548.3 538.3 528.6 514.7 499.6 481.1 469.4 458.7 453.5 452.4 450.8 451 457.3 473.7 489 502.8 514.5 525.8 534.6 542.3 552.9 569 582 596.7 609.5 621.7 634.6 648.2 663.7 678 691.7 705.1 719 730.2 739.9 747.8 748 742 715.7 702.3
