UK/data/so/so42_OST50GRID_20230518/SO42.asc
ncols 200
nrows 200
xllcorner 340000
yllcorner 220000
cellsize 50
[rows 72 to 107 of 200, columns 80 to 159 of 200]
221.3 230.2 242.9 257 253.9 241.4 229 216.6 203.8 193.9 186.3 179 173.2 168.3 162.3 161.9 166.1 169.7 170.5 168.7 167.8 169 169.6 168.2 167.4 165.5 163.5 160.9 158.5 155.4 152.9 150 146.7 142.2 138.8 135.2 131.2 132.8 134.4 134.4 133.9 131.7 129.7 128.7 126 124.1 122.6 120.3 124 123.7 122.5 120.3 118.1 115.6 115.7 115.9 115.8 117 117.6 117.5 117.3 117.8 118.4 119.8 119.9 119 118 118.3 115 112.3 110 112.3 116.7 123 132.6 142.7 150 152.9 153.3 152.9
227.5 235.4 250.8 263.6 255.9 243 231.2 218.9 202.4 191.7 183.9 178 172.5 167.7 162.6 157 162.2 164.8 165.7 164.2 164.3 165.3 165.9 165.4 166.7 164.8 162.6 160.2 157.3 154.7 151.7 148.2 145.1 142.4 139.7 137.2 134.5 131.8 129.4 130.2 131.7 129.8 127.7 126.7 125.3 124.2 122.4 120.6 120.5 119.1 118.8 116.3 118 118.2 118.1 118.7 118.6 118.8 119.4 120.6 120 121.5 122.2 123.2 124.4 123.5 122.3 121.9 119.1 115.4 111.6 108.6 113.6 120.8 131 138.9 144.3 146.7 146.6 146
230.9 240.1 256.7 264.6 256 244.8 233.8 218.5 204.3 193.3 183.5 176.6 171.3 167.1 162.4 155.6 157.5 159.7 161.5 160.5 158.6 160.9 161.9 162.2 162.8 162.2 160.6 158.5 155.2 152.9 149.8 147.3 143.8 140.9 138.7 137.5 135.9 134.5 131.8 128.4 127.7 128 126.5 125.3 124 122.8 120.8 120.3 121 120.4 119.9 118.1 119.8 119.8 120.2 120.1 120.4 121 122.1 124 124.6 126.4 127.1 127.5 128.1 129.5 128.6 127.5 124.7 119.7 116 111.7 110.8 117.8 128.1 134.1 137.4 137.9 137.2 142.3
234.8 247.3 264.3 263.3 253.6 246.1 233.9 222.5 206 195.5 184.3 176.8 170.7 166.2 162 157.3 151.4 152.1 156.6 156.8 155.9 156 156.8 156.8 158.9 158.6 156.9 155.8 153 150.1 147.9 146.1 142.6 140.1 137.2 136.4 134.5 133.6 131.4 128.4 126.2 125.1 124.2 123.2 122 121.9 122.1 122.3 121.5 121.3 118.6 120.2 121.3 121.2 121.3 121.5 122.8 123.5 125.3 127.6 128.7 130.1 131.4 132.9 133.4 134 131.8 130.9 126.6 121 118.5 114 108.1 115.5 124.3 127.9 129.1 128.8 134.3 144
239.2 255.2 266 260.3 250.8 246.1 233.6 220.8 207.9 194.8 184.4 177.4 170.6 166.4 162.6 158.5 156.2 152.8 149.5 152.8 151.8 151.8 153.4 153.7 154.7 154.2 152.9 151.5 148.8 147.6 143.4 143.4 141.1 138.4 136.9 133.1 131.9 130.8 128.5 126.9 124.8 124.1 123.7 124 123.4 123.9 123.4 123.3 122.8 121.3 122.2 122.2 122.7 122.7 122.8 124.4 125.5 126.1 129.1 131 132.8 134.9 136.5 138.7 139.6 139.7 140 135.6 129.6 124.3 120 114.7 109.9 111.7 120.2 120.4 120.1 124.8 133.4 140
248.7 261.3 267.9 257.5 249.2 242.4 234.5 225.9 208.1 198.6 185.8 179 172.8 167.6 162.8 159.1 157.4 154 151.1 147.2 148.6 147.6 148.4 148.9 148.5 147.8 144 143.6 140.6 140.1 136.9 138 137.4 136.7 134 131.9 130.4 128.4 127 125.7 126.4 126.4 126.3 126.6 126.4 126.1 125.1 124.4 122.4 123.3 123.7 123.5 123.9 124.8 125.1 126 128.3 130.5 132.5 134.6 136.8 140.9 141.9 144.9 147.1 148.6 150.4 149 138.9 129.7 121.9 113.9 110.6 107.1 113.9 114.1 114.2 120.1 124.2 129.5
261.3 268.9 269.1 259.9 250.6 238.7 232.1 223.5 212.1 201.1 186.1 180.1 173.8 168.9 164.8 161.3 157.5 154.8 151.8 148.6 144.8 142.3 141.8 144.1 140.7 136.1 136.4 135.2 136.4 131.7 130.6 130.8 129.2 130.1 131 128.7 128.8 129.3 128.7 128.7 128.7 128.8 129.4 129.2 127.8 126.5 125.2 124.4 126 124.9 125.3 125.2 125.8 127.6 127.3 129.7 132.5 135.1 138 139.1 141.5 144.5 147.3 150.6 155.9 166.3 164.4 158.5 150.7 140.1 129.2 123.7 120.1 115.1 107.2 107 106.2 107.3 105.5 109.1
268.5 276.5 267.9 261.4 252.8 245.2 233.6 222.5 212.2 201.5 188.8 181.8 176.4 172.8 168.8 164.7 161 156.5 153 149.7 147.9 144.4 145.4 141.2 140.4 142.2 140.2 138.4 137.3 136.9 135.6 134.4 133.3 130.8 128.8 131.3 131.7 132.7 132.3 132.2 132.3 132.6 131.8 130.1 128.6 126.6 125.2 126.5 126.6 127.5 127.5 127.4 128.5 130.1 131.6 132.6 136.1 138.7 140.7 144.2 146.6 149.9 154 160.9 172.8 173.5 169.8 161.7 154.2 148.2 141 134.5 132.4 130.3 126.8 123.6 119.7 115.2 111.2 107.2
274.3 277.5 270.1 261.9 255.4 248.8 240.2 226.7 216.5 205.2 192.5 182.3 179.7 175.4 171.1 166.7 162.5 158.8 154.7 151.8 149.5 148 144.6 144.7 145.1 143.7 141.8 140.1 138.2 136.3 135.7 134.5 133 133.3 133.2 133.3 136 137.3 136.9 136.1 135.5 134.3 132.4 130.1 128.5 126.4 128.8 129.6 129.4 130.5 129.9 131.3 131.6 133.8 136.1 137.5 139.9 142.9 146.5 149.7 153.4 157.3 167.7 175.4 178 174.9 169.2 161.9 156.3 152.5 147.6 143.6 140.8 137.8 133.8 130.3 125.6 120.9 113.9 108.2
281.6 278.5 273 268.1 261.3 252.7 245.6 235.2 226.6 212.2 198.5 188.3 183.4 178.2 172.7 167.6 164.5 161.2 157.5 154.5 151.7 149.3 147.2 146.7 147 145.2 142.9 140.2 140.5 137.9 136.9 136.4 136.4 136.9 137.4 138.9 138.7 138.6 138.9 137.6 136.8 134.6 131.7 129.3 126.4 131.5 131.8 130.7 132.9 133.2 134.7 134.6 136 138.7 139.9 142.2 145 148.5 152.8 156.8 161.1 172.4 180.4 181.1 177.5 172.4 167.4 161.8 156.8 153.6 150.8 147.8 143.6 140.2 135.3 131.8 125.9 118.6 109.3 104.6
286.7 284.9 278.3 271.3 265.5 258.7 253.9 243.6 234.6 223.1 206.5 196.2 189.3 182.4 175.8 171 166.8 163.4 159.7 156.7 153.1 150.8 150 149 148.7 146.8 146.1 144.4 140.8 140.4 138.2 140.7 140.7 141.4 141.8 141.4 141.1 140 138.7 136.2 134.4 132.8 128.9 130.8 132.9 134.4 134.6 135.2 135.2 136.3 137.4 139.2 139.8 142.7 144.3 147.3 150.9 155.5 160.1 166.4 176.5 181.8 183.4 180.4 175.3 169.3 162.8 157.5 153.1 149.5 148.3 146 141.8 138.7 134.6 130.8 123.9 114.3 104.4 109.2
292.8 290.5 284 277.9 271.1 263.9 259.2 251.8 240.1 228.8 218.2 204.1 196.8 187.1 180.9 175.5 171.3 164.9 161.1 157.8 154.9 153 152.3 151.4 148.9 150.4 149.5 145.5 143.2 141.7 141 143.2 144.4 144.7 143.8 142.8 141.2 139.2 136.7 135.7 133.1 132.8 133.1 133.7 136.6 137.8 138.9 139 138.5 139.5 141.7 142.8 144.6 146.8 148.5 152.9 157.4 164.3 172 181.8 188.3 188 184.1 179.2 173.4 165.9 159.4 153.3 147.5 144.4 143.3 141.1 137.8 133.9 130.1 128.3 122.3 108.1 104.3 111.2
298 296.1 291.6 287 279 271.9 264.6 255.6 247.3 238.2 228.1 210.4 202.5 195.2 190.5 181.8 174.7 169.8 163.2 159.1 157.3 155.6 154.2 151.9 152.4 154 151.9 149 146.3 143.9 144.3 144.9 147.1 146.4 143.6 141.6 140.1 138.8 137.5 136.6 136.8 136.2 137.1 137.9 140.1 141.2 143.1 144 144.3 144.2 145.8 147.7 149.5 151 154.8 159.1 164.5 174.5 185.5 194.5 193.6 189.2 183.7 177.4 170.9 163.4 156.4 149.5 143.4 139.7 137.6 133.5 130.6 127.9 124.4 122.5 119.4 108.1 102.9 112.7
304.8 304.1 298.8 293.9 287.6 278.9 271.4 266.5 260 251 240.9 222.9 206 203.5 195.9 187 181.4 169.5 165.4 165.8 161.9 158.7 154.9 156.4 155.5 157 155.4 152.5 149.3 148.5 148 148.3 149.7 148.5 147 144.1 141.6 140 139.7 139.6 139.6 139.5 139.7 142.3 144.3 145.4 145.6 147.5 149 149.9 151.3 152.4 154.6 157 160.3 165.2 173.6 186.2 194.4 197.1 193.5 187.9 182.2 176.3 171.2 163.9 156.1 148.9 142.8 136.9 130.2 125.4 122.8 119.8 116 114.3 116.5 110.7 101.9 113.1
315.1 314.6 309.6 304.4 299.1 289.6 282.7 276.1 268.8 258.9 252.8 236 219.1 206.2 201.4 189.4 184.9 173.9 171.3 170.4 164 158.2 161 160.7 159.3 161.6 160 156.2 155.8 153.7 153.1 152.2 152.5 152 149.4 145 143.1 141.9 141.5 141.7 142.7 142.9 144.9 146.4 149 147.1 150 153.1 154 154.7 156.3 158.2 160.2 163.6 168.2 175.1 187.3 195.7 199.5 197 191.7 183.3 179.8 174.5 168.5 162.8 156 149.4 143.6 137.9 132 126.5 120.7 115.3 115.4 112.4 112.2 107.1 99.8 117.8
327.1 324.5 318.7 313.8 306 298.1 291.8 281.6 271.8 266.1 257.7 241.7 231.6 215.2 203.9 196.6 188.4 182.9 178.6 172.8 165.3 163.5 166.3 167.4 165.2 166.7 164.9 162 161.1 160 159.3 158.4 156 153.1 150.6 146.6 144.4 143.1 143.5 144.6 144.8 147.2 150.3 151.5 152.5 154.8 156.2 158.1 159.4 161.5 163.5 166.1 169.7 174.9 182 191 198.1 199.3 198.8 194 189.1 183.7 177.7 171.4 166.1 160.5 155.1 148.9 143.6 138.8 132.5 126.1 120.7 114.8 109.4 106.4 104.7 102.2 110.5 124.9
333.1 328.8 323.4 317.8 311.5 305.1 298.6 287.8 275.4 267.9 260.5 250.5 238.2 226.8 210.5 200.1 193.2 185.2 181.7 175.2 164.5 168.4 170.4 171.9 172.5 172.6 171.3 169.2 168.5 168.2 166.6 163.6 159.5 155.3 151.4 148.5 146.6 145.8 146.9 148.1 148.3 150.7 154.2 156.5 157.6 158.1 160.9 163.4 166.1 169.2 171.1 177.4 186 193.9 200.6 203.9 203.7 199.9 196.4 192.4 187.1 181.9 176.1 169.5 165 159.3 154.3 147.7 142.7 137.4 130.8 124 118.5 114.7 110.7 104.6 100.9 104 115.1 126.8
336.6 331 325.6 319.9 316.1 311.9 304.9 294.5 284 268.4 262.4 255.6 247 234.6 221.2 208.3 197.5 189.7 183.9 174.7 169.2 173.5 175 176 178.2 179.9 181.2 180.8 177.3 175.2 170.3 166.8 162.3 158.2 155.2 152 149.7 148 150.2 152.4 154.3 155.8 158.9 161 163.2 163.7 166.3 169.4 173.1 175.7 185.4 199.4 204.6 207.8 209 206.8 200.8 194.6 191.8 188.9 184.8 180.3 174.5 168.2 162.1 157.6 153.3 148.7 143.4 136.2 129.2 124.8 123.1 120 113.8 104.6 100.4 102.5 112 122.5
336.3 330.8 326.1 321.3 317.8 311.9 306.7 298.1 288.4 278 267.7 254.5 251.1 242.6 229.9 207.9 198.2 192 186 174.7 175.6 179.1 181.7 182.6 185.8 188.9 192.8 192.3 187.2 180 174.9 168.9 167 163.5 160.4 156.7 152.8 150.7 155.1 157.7 160.7 163.5 166.3 167.1 169.6 170.5 172.6 176.3 178.9 190.7 205.4 210 214.1 212.3 208.5 204 197.4 189.9 185.8 184.6 181.3 176.7 170.7 165.7 159.4 154.5 150 146.5 141.6 135.6 131.1 128 125.3 120.8 115.9 109.4 101.9 99.5 106.9 120.8
334.2 327.6 324.6 320.7 316.8 311.6 305.2 299 291.9 284.5 277.9 268.4 258.6 248.6 225.8 212.8 203.4 193.1 187.1 175.4 181.8 184.7 186.7 188.7 192.6 200 205.1 204.6 201.5 191.1 181.4 176.3 172.2 168.4 164.3 159.2 154.8 156.3 159.9 163.5 168.2 175.5 180.5 178.8 180.2 180.5 180.9 185.1 198.8 208.9 213.4 217.2 214.7 210.5 206.2 200 193.8 186.6 181.7 178.9 175.7 172.2 167.6 162.6 158.5 154.1 149.9 145.6 140.9 136.5 134.1 130.2 125.9 121 115.2 109.7 104.6 99.8 105.6 122.2
330.8 325.7 321.7 317.6 313.5 308.6 303.1 297.2 291.4 285.9 277.7 267.7 257.3 248.1 230.9 219.1 205.1 194.3 188.1 181.5 187.3 188.9 192.6 196 202.7 209.1 217.4 224.7 218.3 205.8 189.9 181.3 177.2 171.6 165.9 161.2 159.1 161.9 166.1 172.7 182.3 190.3 199.5 199.6 194.7 193.3 197.2 204.1 210 216.6 217.3 215.2 212.1 207.6 202.7 196.8 189.7 183.1 178.8 174.4 170.1 167.2 163 158.3 153.4 150 147.1 143.5 138.7 134.3 134.1 129.5 125.6 120.4 113.4 106.5 102.3 98.7 110.4 122.3
327.7 322.3 316.5 312.7 309.3 304.2 299.2 294.2 288.8 283.1 275.3 260.8 250.6 244.7 233.4 221.5 203.5 195.3 189.1 189.3 193.5 195.5 200 205.7 212.1 219.1 231.7 234.8 227.6 214.5 196.8 187.7 181 174.2 165.9 165.1 162.7 168.2 173.1 180.5 189.7 201 211.9 217.4 217.5 217.8 218.1 218.3 217.6 217.3 214.8 211.3 208.9 204.2 198.7 193.1 187.8 180.9 175 170.1 164.4 160.1 157 153.4 149.3 145.1 142.1 139.6 134.8 134.2 131.3 129.1 127.3 121.7 112.1 103.4 99.2 100.8 112.7 119
323 317.7 311.8 307.3 304 299 294.1 290.5 285 277.7 269.4 260.1 247.6 238.9 229 218.8 208.7 196.2 190.7 195.9 199.7 204.5 207.2 211.7 217.9 231.9 239.8 241.9 233.5 222.2 205.1 194.8 187.9 180.6 173.8 170.9 169.7 173.9 180.3 187.9 196.6 208.9 223 230.1 231.6 228.5 225.7 221.2 216.9 213.5 210.3 207.2 203.1 199.3 194.2 190 185.2 178.6 173.1 167.1 161.2 156.1 150.6 147.7 145.5 142 139.2 136.4 132.9 132.6 130.3 129.3 126.9 121 112.4 102.4 98 101.7 109.8 114.5
317.4 314.3 308.4 303.4 298.7 294.6 290.3 286 281.3 275.4 264.7 255.6 244.6 235.7 226.6 214.9 205.8 202.4 201.1 202.9 206 210.3 215.8 222.7 231 242.1 246.7 252.8 242.2 230.5 212.5 201.1 191.9 187.2 182.2 179.3 177.6 179.3 186.6 194.1 204.3 218.5 227.7 233.8 233.6 229.8 225 219.2 213.9 211.2 207.9 203.7 199.4 195.9 191.4 186.3 182 176.5 171.9 166.2 159.9 153.7 146.5 142.1 137.8 136.3 134.1 131.6 130.5 129.5 128.4 127.6 125.5 121.9 114.8 102.9 97.1 99.2 103.9 109.9
321.7 315.4 308.2 302 297.5 289.6 285.9 280.6 275 269.5 260.7 250.3 246.6 244 240.9 234.2 222.1 211.1 207.8 208.8 212.3 217.8 224 231.6 242.2 249.3 259.2 262.4 254.8 242.3 230.3 220.4 209 202.3 200.4 196.8 190.3 187.8 193.7 200.2 214.2 223.9 231.6 236.2 233.3 228.7 223.3 217.8 211.9 207.4 204.4 199.7 195.1 192.7 188.7 184.7 180 175 170.4 165.4 159.3 152.2 146.4 141.1 136.9 132 129.8 127.7 125.5 124.5 123.9 124 122.5 120.2 114.5 108.7 100.2 96.4 96.4 103.1
326 318.3 311 305.9 301 295.6 289.5 284.3 278.6 271.2 266.4 263.8 263.5 263.5 260.9 251.3 235.8 219.1 215.6 215.5 221.2 226.5 233.8 244.2 252.3 263.7 269.2 266.1 258.9 250.3 240.6 231.3 223.8 218.2 213.3 208.2 201.5 198.9 202.1 210.7 222.2 230.8 238.4 236.6 232.6 226.9 221.3 215.6 210.7 205.2 197.6 196.4 191.4 187.5 184.1 181.9 178.1 175.1 170.4 165.2 160.2 155.5 148.7 145.1 141.1 138.3 134.2 130.5 126.6 123.8 122.7 119.3 116.5 115.1 112.8 113.1 107.8 102.1 97.3 95.6
328.9 321.9 315.4 311 305.7 299.9 294.4 289 284.7 280.7 278.2 275 278.1 275.8 267.8 256.6 242.7 229.6 224.5 228.7 234.3 239.7 247.7 257.2 265.2 275.9 273.4 269.5 261.5 253.8 246.8 238.1 234.3 228.7 223.8 217.4 210.3 209.7 212.7 222.3 228.8 236.2 238.4 236.1 231 225.3 220.4 215.4 210 204.3 196.6 193.9 187.9 183.8 179.9 177.2 176 173.6 169.6 165.4 160.8 156.3 152 148.6 145.7 141.7 137 132.9 129.2 128.6 127.7 124.5 118.9 113.9 110.8 110.7 110.6 109 104.7 99.8
329.9 323.8 319.3 315.1 309.2 303.3 297.8 294.7 292.7 290.8 288.3 286.8 285.5 280.2 271.9 260 251.6 240.6 239.9 244.7 249.7 256.9 261.8 267.6 277.7 280.1 276.1 271.3 265.2 257.8 250.9 244.6 241.2 235.3 229.7 222.8 219.3 221.6 227.1 230 234.5 236.6 235.1 233.3 228.6 223.4 218.3 213.5 208.2 202.6 197.1 189.6 185.5 179.9 175.4 173 171.8 170.3 168.1 164.7 160.6 157.3 154.2 151 146.9 142.9 137.8 132.8 131.1 130.5 128.7 125.2 121.3 117 113.1 108.6 106.1 105.8 104.1 101.6
328.3 324.8 321.4 318.4 311.5 305.7 301.7 300.2 299.8 298.1 296 292.6 287.7 281.7 275.1 265.9 258.9 252 253.7 257.6 263.9 268.6 273 281.1 283.9 281.7 277.8 273 268.8 261.6 255.2 252.6 248.6 243.2 235.9 233.1 232.5 232.8 234.9 235.1 236.8 235.9 232.4 229.9 225.1 220.7 216.1 211.4 206.2 200.6 195.4 189.3 183.9 178 172.9 167.6 167.6 166.2 164.7 162.4 158 155.8 153.6 149.9 145.7 141.7 135.5 131.7 130.6 130.5 128.4 125 120.2 119.4 116 111 106.8 104 101.4 98.9
320.8 318.7 316.4 315.1 311.7 308.7 305.3 303.4 301.5 298.2 295.4 292 287.4 281.4 274.4 269.8 264 261.7 263.3 267.4 274.1 277.4 283.9 287.7 285.6 283.6 280.6 275.8 272.1 268.5 263.6 258.2 253 247.8 244.3 241.6 240.4 239.3 238.7 237.9 235.6 231.7 227.8 225 221.5 217.3 213.9 209.3 204.6 199.3 193.7 187.9 183.6 177.9 172.2 166.6 161.5 161.9 160.6 158.9 155.5 154.5 150.5 147.8 142.6 138.2 134.8 131.4 129.3 128.9 126.2 123.4 119.3 117 114.1 109.6 106 104 101.3 97.8
310.3 309.3 308.7 307.5 306.5 307.6 306.4 302.8 299.3 294.6 292.1 288.4 284.2 279.5 273.9 268.8 264.9 264.6 266.8 273.8 279.1 279.9 285.8 286.2 283.9 282.6 280.6 277.7 274.6 270.4 265.2 259.9 253.8 252.1 248.8 246.1 245 243.5 241.6 238.9 233.4 228.5 223.5 220.2 216.9 214.1 211.3 206.8 203 197.9 192.2 186.6 181.9 175.7 170.9 166.2 158.9 155.3 155.4 154.1 152.4 151.4 147.5 142.2 137.7 134.7 132 128.5 126.9 126.6 124.2 120.4 115.4 111.7 109.1 106.5 103.3 103.1 101.3 98.8
299.8 299.4 297.9 299.2 299.9 301.5 300.8 299.7 296.4 291.3 288 284.8 280.4 276.5 271.7 266.1 263.8 263.6 265.4 267 273.8 275.7 280.9 282.4 282.1 280.7 280 278 273.9 269.3 265.2 260.9 258.6 255.9 253 250 247.3 244.9 241.6 236.4 231 225.3 218.6 215.6 212 209.9 207.7 203.6 201.7 195.5 190.2 185.2 180 174 168.5 163.5 157.6 151.7 150.3 148.9 147.4 146.7 141.6 136.8 134.2 130 125.8 124.1 122.4 121.9 119 115.4 111.8 110.8 110.6 109.6 109.3 109.7 106.2 102.5
290.2 288.9 287.3 289.5 290.5 293.5 293.1 293.4 293.4 288.8 284.2 280.2 276 272.3 268.4 262.6 260.3 258.8 260.9 262.8 267.7 269.5 274.5 277.3 277.7 277.4 276.8 275.7 272.9 268.4 266.3 263.1 261 258.3 254.3 250.7 247.6 243.9 239.3 234.1 228.2 222 215.6 210.8 207.7 206.6 204.6 200.6 198.8 194 189.1 184 177.9 172.5 167 161.7 156.3 151 145.8 142.2 140.2 137.3 135 130.1 127.6 126.3 125 122.9 120.7 119.4 117.4 117.1 118.1 119.4 119.7 119.2 114.8 110.8 105.1 102.4
283.2 281.3 278.5 278.1 280.1 282 286 284.3 287.1 285.1 280.1 275 270.1 266.9 263.7 259.2 254.3 253 253.8 256.1 261 262.7 268.1 271 273.5 273.5 271.7 272.3 270.1 268.4 264.4 262 260.2 257.2 253.7 249.6 245.4 241.7 236 230 225 218.9 213 209 204.4 201.3 199.9 199 197.6 194.4 188.3 183.5 178.8 174.5 169.7 165 159.9 154.4 149.7 145.4 142 140.3 139.4 139.4 138.5 134.5 130.1 128.2 128.1 126.9 125.9 126.4 127.8 128.1 125 120 111.8 101.1 95.5 93.7
274.3 273.1 270.1 269.1 269.7 273.4 275.7 278.2 280.8 280.2 275.3 270.3 264.6 261.7 259 255 250.3 246.7 246 249.2 253.7 257.1 262.3 266.6 268.5 269.2 269 268 266.8 263.8 260.1 259 257.4 254.4 251.1 247.4 242.6 237.3 232.5 226.9 222.3 216.3 209.3 204.6 199.7 196.8 196 194.5 194 191.3 187.6 185 181.3 177.2 173 169.8 165.4 160.7 156.8 154.9 151.8 150.2 149 148 144.5 137.6 136.2 136.3 134.5 133.6 133.1 134.1 133.8 130.2 122.8 116.7 102.5 89.2 87 88.8
254.8 254.9 257.7 260.2 260.9 264.1 266.9 270.1 271.9 273.6 269.8 265.6 260.9 255.3 252.8 250.1 245 239.6 238.5 241.8 246.8 251.7 256.7 260.4 263 263.4 263.2 261.2 261.3 259.2 255.6 254.6 252.8 250.1 246.9 242.8 238.1 233.4 228.9 223.6 219.5 209.6 209.4 203.2 196.7 191.8 190.6 190.2 190.6 189.4 186.6 184.9 183 179.3 175.6 172.9 169.3 167.2 163.8 161.5 159.1 155.6 154.1 151.9 144.3 143.3 142.8 141 139.2 138.1 137.3 136.8 133.6 129 121.7 113.8 95.3 85.5 90.7 97.1
