UK/data/nh/nh08_OST50GRID_20230518/NH08.asc
ncols 200
nrows 200
xllcorner 200000
yllcorner 880000
cellsize 50
[rows 70 to 104 of 200, columns 0 to 78 of 200]
201.4 216.2 213.4 208 201.9 195.8 199.2 215.3 220.2 225.4 217.3 197.3 192.9 192.9 192.9 192.9 192.9 192.9 194.6 206.2 210.1 209.8 218.2 231.5 238.7 240.9 245.1 258.4 269.4 268.6 269.8 270.9 271 269 268.3 272.1 275.2 272.9 268.8 262.7 256.2 250.3 242.2 238.4 238.2 237.6 245.3 257.7 258.6 251.7 242.8 243.3 251.5 266.7 280.8 295.7 303.4 319.7 340.2 351.6 358.5 366.3 372.1 383.1 395 405.6 410.8 419.1 424 426.6 429.7 437.5 443.1 448.3 448.2 447 445.6 442.9 439.5
187 203.1 200 194.2 192.9 192.9 211.7 208.9 213.1 227.7 214.1 200.9 192.9 192.9 192.9 192.9 192.9 192.9 192.9 192.9 198.9 204.5 211.9 226.9 229 234.2 252 258.5 264.2 264 263.2 264.4 264.2 264.9 265.3 267.6 269.5 270.8 265.8 260.8 253.8 247.5 241 239.3 240.5 243.2 249.8 260 260.2 260.2 244.7 242.9 245.9 261.3 274.5 292.6 301 316.2 332.2 345.9 353 362.3 370 379.8 390.8 402.2 406.5 413 420 425.4 428.9 437.8 444.4 451 450.9 450.3 448.8 445.6 441.7
184.8 202.6 192.6 192.9 192.9 191.9 198.5 195.2 205.7 216.3 206.3 198 192.9 192.9 192.9 192.9 192.9 192.9 192.9 192.9 192.9 201.8 210.1 219.6 224.1 241 254.3 254.1 257.8 258.5 257.2 257.3 259.4 261.1 263.2 265.5 264.9 266 264.7 261.1 255.6 249.4 244.1 240.9 243.8 246.4 252.7 259 262.5 260.3 247.9 244.5 245.1 252.8 271 290.3 292.4 311.2 330.4 339.7 347.3 358.3 368.8 376.1 389.4 400.4 403.7 410.4 420 427.2 431.2 438.6 447.3 452.6 454.6 454.2 451.9 448.7 443.7
199.2 200.6 193.8 199.6 195.3 194.7 192.9 193.2 200.6 201.9 200.8 193.6 192.9 192.9 192.9 192.9 192.9 192.9 192.9 192.9 192.9 197 204 212.8 216.2 246.4 249.9 249.6 253.1 252.2 253.2 255.2 258.3 257.5 258.5 263.7 262 261.8 264 261.8 259.2 253.4 246.5 242.2 249.1 253.3 255.7 258.4 260.1 260 256.4 248.1 245.5 249.6 269.9 283.9 285.8 306.4 325.7 336 343 359 368.9 373.2 384.8 393.4 400 406 420.7 428.3 434.2 441.4 450.9 456.2 459.1 458.5 455.8 451.1 446.5
197.1 189.1 201.8 212.1 207.6 203.1 195 193.6 195.7 200.1 196.3 192.9 192.9 192.9 192.9 192.9 192.9 192.9 192.9 192.9 192.9 192.9 196.1 202.9 214.3 240.6 244.6 246.2 247.3 249.1 251.8 251.9 253.1 253 251.7 254.5 256.6 259.1 259.5 255.3 258.1 254.4 247.6 246.6 256.5 255.9 257 258.8 263 260 258.3 252.1 247.6 248.2 262.7 275.8 280.1 298.9 312.3 323.4 337.1 353.6 365.4 369.8 380.9 388.3 394.8 401.6 420.1 430.8 436.9 444.2 453.6 459.3 463.2 462.9 459.7 455.2 449.9
186.4 183.1 200.4 235.5 236.2 217.3 200.9 194.6 198.4 199.6 192.9 192.9 192.9 192.9 192.9 192.9 192.9 192.9 192.9 192.9 192.9 192.9 192.9 192.9 215 231.1 238.9 243.4 245.6 249 248.9 248.5 248.2 248 246.8 247.4 250.4 252.8 255.1 252.2 251.5 248.5 247.1 251.6 262.6 257.4 256 259.7 270.9 263.2 262 258.7 252.6 248.8 253.7 266.5 277.2 286.3 297.9 312.4 328.7 347.5 358 367 377.7 387.4 392.9 397.7 415.2 430.4 439.1 447.2 457.1 462.5 467.5 467 463.8 459.8 455.2
181.1 180.7 203.9 231.2 229.7 217 199.9 194.7 201.2 192.9 192.9 192.9 192.9 192.9 192.9 192.9 192.9 192.9 192.9 192.9 192.9 192.9 192.9 192.9 205.2 216.4 227.7 237.3 244.9 249.4 248.4 245.8 244.5 243.8 244 244.3 245.6 249.1 249.7 249.1 247 246.1 247 251.6 259.9 258.3 258.8 269.9 274.1 270 266.1 263.9 259.6 251.2 251.2 258 272.4 284.6 295.1 312.8 331.9 352.1 358 365.6 377.3 384 390.8 395.6 410.4 426.9 438.8 448.9 460.6 466.6 470.9 471.9 469.6 464.9 462.1
177.9 180.9 208.2 217.6 220.8 212.1 197.4 192.9 192.9 192.9 192.9 192.9 192.9 192.9 192.9 192.9 192.9 192.9 192.9 192.9 192.9 192.9 192.9 192.9 192.9 202.4 210.6 233.8 241.5 244.4 244.5 243.1 243.3 242.9 242.8 243 242.9 244.3 247 246.8 241.4 241.3 244.2 258.2 259.5 261 271.1 270.9 271.4 270.8 267.5 267.1 263.1 258.6 249.6 250.4 268.9 284.2 295.9 311.3 334.2 354.7 359.8 365.8 376.5 382.3 386.7 390.9 402.6 421.5 435.8 447.4 460.8 470.9 475.1 476.6 475.1 471.3 467.6
176.4 178.8 201.1 216.6 219.3 209.4 195 192.9 192.9 192.9 192.9 192.9 192.9 192.9 192.9 192.9 192.9 192.9 192.9 192.9 192.9 192.9 192.9 192.9 192.9 192.9 203.4 221.4 235.3 239.8 241.6 241 241.1 241.7 240.4 238.7 238.3 238.5 237.4 238 233.8 234 238.9 257.6 260.3 268.5 270.3 272.4 271.2 269.8 267.6 266.3 263.4 262.2 250.4 244.6 256.2 278 295.6 309.9 329.6 353.2 359 364.9 374.5 381.3 385.8 386.1 393.3 407.5 427.4 443.8 459.8 472.7 478.5 481.1 481.3 477.5 475.2
181.6 183.9 196.4 207.2 202.7 201.6 192.9 192.9 192.9 192.9 192.9 192.9 192.9 192.9 192.9 192.9 192.9 192.9 192.9 192.9 192.9 192.9 194.5 192.9 192.9 192.9 192.9 211.2 227.6 232.5 240.6 240.7 238.1 237.7 236.9 234.7 232.3 230.5 230.5 230.5 229.9 229.3 237.4 253.1 261.3 265 266.9 274.4 272.3 267.6 267.2 265.6 261 258.1 251.5 243.7 245.2 265.8 292.5 304.1 325.7 346.2 354.6 361.8 371.9 380 382 381.5 385.7 395.7 416.3 439.6 456.5 471.8 479.7 483.8 485.5 481.7 479.4
178.3 185 195 204 195 192.9 192.9 193.1 200.6 192.9 199.9 192.9 192.9 192.9 192.9 192.9 193.1 192.9 192.9 192.9 192.9 192.9 197 192.9 192.9 192.9 192.9 198.7 218.4 230 233.4 234.5 229.7 229.4 229.9 229.2 227.5 224.3 224.3 224.3 226.8 226.7 237.2 249 259.1 264.6 266.3 268 272.6 264.6 267.4 266 259.6 254.8 250.3 242 241.9 254.8 276.1 294.4 315.4 334.7 347.1 358.7 369 379 379.9 379.9 384.1 393.1 410.8 434.4 452.2 472.1 482.3 485.9 489.2 485.6 483.4
179.8 188.4 204.7 210.5 209.8 193.1 192.9 194.4 216.8 201.5 197.9 192.9 192.9 192.9 197.8 200.7 206.7 204.1 198.7 192.9 192.9 195.3 198.4 192.9 192.9 192.9 192.9 200.5 212.3 223.3 226.9 231.1 228.1 224.3 224.3 227.4 224.3 224.3 224.3 224.3 224.3 224.3 232.7 248.7 260.7 264.1 266.2 266.4 265.3 263.7 262.5 258.9 255.1 251.3 246.2 241 240.3 243.7 263 284 303 324.9 344.7 357.2 366.6 375 377 377.7 381 389.3 402.1 421.7 444.2 468.9 482.9 488.4 492.8 489.2 485.4
184.6 192.3 210.1 216 218.1 199.4 194.2 200.9 214.6 203.9 192.9 192.9 192.9 197.9 210.4 212.9 210.6 210.4 206.8 198 193 192.9 192.9 192.9 192.9 193.3 196.6 199.4 213.1 220.9 224.5 232 224.3 224.3 224.3 224.3 224.3 224.3 224.3 224.3 224.3 224.3 229.3 252.7 263 264.7 265.7 265.9 265.2 264.4 261.9 256.5 251.8 247.4 241.9 239 241 244.4 254.9 267.3 297.8 321.8 342.9 357.3 367.2 374.8 376.5 377.7 382.6 388.4 395.2 412.4 435.6 464.1 480.6 490.4 495.3 491.8 488.4
193.2 205.7 215.3 227.2 220 204.1 204.1 206.6 205.4 203.3 202.1 192.9 192.9 208.4 223 225 225.9 220.1 209.3 201.6 201.2 203.4 204.6 193.3 195.6 196.7 207.3 200.9 212.3 225.5 226.7 229.8 228.1 224.3 224.3 224.3 224.3 224.3 224.3 224.3 224.3 224.3 224.3 258.6 261.9 265.5 266.5 266.5 265.6 264.8 262.5 257.1 251.9 245.1 239.8 240.1 241.8 244.4 249.9 262.1 291.3 317.2 337.7 355.1 368.6 377.8 380.1 381.9 386.9 390 397.4 412.5 432.6 462.2 481.8 489.4 495.1 495 491.3
197.4 212 213.9 227.9 214.3 206.4 203.7 203.5 204.7 211.2 209 204.3 201 216.5 233.3 238 231.9 224.4 212 206 216.3 221.2 216.9 203.5 209 213.3 219 221 217.4 221.1 225.4 226.2 224.3 224.3 224.3 224.3 224.3 224.3 224.3 224.3 224.3 224.3 224.3 255.4 261.7 269.6 267.2 268.1 267.2 265.3 262.9 258.3 252.8 245.7 238.9 239.3 239.6 243.1 249.9 263.1 280 311.4 327.1 351.1 370.1 378.1 380.5 386.2 392.6 395.2 400.9 415.3 436 461.5 481.9 488.6 496.6 496 495.2
187.8 208.6 224 219.3 204.8 204.6 202.9 202.6 204.9 210.9 221.5 221 213.9 224.5 239.4 242 233 221.5 215.5 221.6 235.7 237 233.3 216.5 225.1 232.1 234.4 248.4 228 222.7 227.5 229.3 228.2 231.8 234.5 229 224.3 224.3 224.3 224.3 224.3 224.3 224.3 251.1 261 267.6 268.6 267.5 267.3 267.1 265.2 260.3 256 249.4 240.4 236.8 239.2 243.1 250.1 260.5 272.5 295.3 315.1 343.9 369.9 377.5 382.3 392.7 396.2 399.5 404.8 419.8 436.8 457.6 476.8 488.6 500 500.2 498.4
177.5 198.8 215.8 201.4 196.7 198.6 200.9 202 216.1 230 234.6 225 224.3 229.5 230.9 235.1 228.1 222.7 228.6 235.4 249.8 255.7 251.4 233.1 237 251.9 257.7 245.6 242.3 239.6 244.8 248.2 244.1 239.4 238.6 228.1 224.3 224.3 224.3 224.3 224.3 224.3 224.3 246.6 257.2 258.1 260.4 264.9 265.9 267.1 267.7 264 258.7 251.5 243 238.4 237.9 242.3 250.7 260.8 270.5 286 307.9 338.1 369.6 380.7 386.2 394 402.1 406 412.6 427.1 439.9 456.6 477.2 492.7 505.2 505.6 508.7
173 194 201.6 189.7 189.6 195.7 196.5 206.2 226.2 236.2 243 236.2 229 232.8 226.1 225.2 225.2 228.9 236.7 248.2 268.4 270.8 248.6 243.4 253.9 268.9 269.8 271.4 258.9 262.8 260.1 262.9 249.4 238.9 229 224.3 224.3 224.3 224.3 224.3 224.3 224.3 224.3 235 247.3 251.7 252.9 258 264.4 263 262.9 264.3 259.9 253.7 244 238.6 237.3 239.7 248.8 260 271.9 279 298 326.7 362.5 380.6 389.8 396.3 407.5 413.2 421 436.1 447 463.4 480.8 494.7 509.7 514.5 517.6
161 184.1 182.2 178.7 185.3 192.6 203.2 215.3 226.9 236.4 250.3 244.9 232.7 233.3 225.2 225.2 237 243.6 246.5 254.5 277.7 272.9 253.2 251.4 263.1 274.1 285.9 284.7 279.2 264.4 268.8 262.1 249 231.9 224.3 224.3 227.7 224.3 224.3 224.3 224.3 224.3 224.3 225.7 240.2 239.5 240.5 247.5 254.5 258.3 261.5 258.1 255.6 251.3 244.1 238 238.2 239.2 246.5 260.1 273.6 281 291.7 313 342.3 375.8 393.8 399.8 411.7 418.8 426.6 439.3 457.2 470.8 491.7 502.9 516 523.8 531.2
149.8 164.9 168 173.9 184.8 199.8 209.5 218.4 224.6 234 249.2 235.2 223.7 226 226 232.7 241.3 243.8 243.9 259 273.8 263.6 253.1 259.6 263.9 271 283.3 289 282 262.4 259.4 259.6 246.6 235.9 237.2 238.1 240.8 235.7 230.4 230.3 224.3 224.3 224.3 224.3 227.4 226.3 229 232.4 241.2 247.7 252.9 253.4 252.4 251.9 241.4 235 237.9 238.7 247.1 259.6 273.9 284.6 291.2 305 326.8 360.2 393.9 402.9 415.5 424.6 431.9 447.2 461.4 476.4 500.7 513.3 523.2 534 542.5
133.7 144.6 150.6 162.4 178.8 193.2 213.7 221 228.6 231.1 234.5 223.2 220.3 213.9 217.8 226.4 239.4 236.2 239.4 255.5 257 249.8 247.2 256.9 263.4 269.3 277.6 279.6 269.1 260.3 261.3 271.6 249.2 239.6 261.7 282.8 293 271.4 265.6 241.6 238.1 227.9 224.3 224.3 224.3 224.3 224.3 224.3 229.5 234.8 238.1 242.6 245.1 243.2 240.1 235.2 238.7 241.2 248.2 259.7 273.8 286.9 295.3 299.8 318 348.4 385.1 404.6 415.6 427.2 437.7 451.8 468.4 486.6 510.2 516.3 528.1 545.1 554
117 127.7 132.4 145.3 159.5 174.8 208.5 214.1 217.4 219.1 222.1 215.9 212.7 212.1 217.8 220.8 225.4 229.8 240.4 246.2 244 243.1 244.4 261.1 275.8 271.1 271 269.8 271.1 281.5 286.9 284 255.9 247.1 282.9 313.5 318.2 294 281.5 252.2 246.8 224.8 224.3 224.3 224.3 224.3 224.3 224.3 224.3 226.7 229.4 231.2 231.2 233.4 233.9 233.1 237.2 241.2 245.5 258.7 272.3 285.2 294.1 301.9 311.1 335.9 372.8 402.5 413.4 424.1 440.8 458.3 475.8 492.8 511 525.8 537.1 563.5 581.6
101.5 109.5 118.4 127 141.1 152.3 183.4 193.8 203.9 209.9 204.8 204.4 205.7 207.9 216 217.6 212.9 222.9 231.9 234.3 228.2 236.5 245.3 263.6 266 263.9 265.5 277.6 294.5 299.2 298.4 267.7 258.4 257.2 286.3 319.6 316.9 302.9 280.1 254.3 239.7 225.6 224.3 224.3 224.3 224.3 224.3 224.3 224.3 224.3 224.3 224.3 224.3 224.3 224.3 226.3 231.3 238.7 243.8 253 266.6 279.3 289.6 295.1 303.7 325.1 359.8 395.7 407.6 422 441.3 461.1 485.1 491.7 507.9 530.6 554.8 581.7 606.3
89 97.9 103.7 112.9 123.4 137.9 160.7 173.4 184.7 184.3 188.5 190.7 193.3 200.1 206.8 210.2 206.5 204 216 214.3 214.6 228.5 238.4 259.5 258.3 253.1 255.1 277.3 290.9 289.7 270.8 265.2 265.9 291.6 317.5 318.5 317.4 301.5 278.9 255 239.3 233.2 224.3 224.3 224.3 224.3 224.3 224.3 224.3 224.3 224.3 224.3 224.3 224.3 224.3 224.3 224.3 229.7 240.2 250 260.9 274.6 285.4 286.8 299.3 314.7 342.1 378.3 402.5 419.2 439.6 454.4 487.9 495 506.4 532.9 570.9 599.2 627.9
84.2 84.2 94.3 102.1 111.1 124.1 141.1 151.9 158 163.3 169.3 174.3 177.7 185 190.7 195.1 190.9 193.5 195.8 201.3 209.7 223.1 233.4 246 247.7 239.6 243.3 256.8 261.4 258.1 254.3 261.8 283.5 301.2 325.6 313.3 302.3 300 274 259.6 252.1 244.5 233.2 224.8 224.3 224.3 224.3 224.3 224.3 224.3 224.3 224.3 224.3 224.3 224.3 224.3 224.3 224.3 234.4 248 257.7 268.5 278.9 283.5 293.9 308.6 330.5 361.4 395.7 411.1 436.8 455.9 485.4 493.9 505.1 534.5 570 615.4 644.3
90.3 85.7 84.2 90.1 97.7 108.7 121 127.8 135.9 143.4 149.9 156.3 161.9 168.6 173.6 180.6 181.6 187 189.1 193.4 200.7 222.4 227.2 233.7 233.9 226.9 230.2 231.3 233.2 239.7 249.3 272.3 307.5 324.3 310.7 314.8 293.3 285.2 278.6 279.4 272 260.2 244.3 234.1 225.9 224.3 224.3 224.3 233.6 234.6 228.9 224.3 224.3 224.3 224.3 224.3 224.3 224.3 227.1 241.3 255.5 265.5 274.3 280.6 289.8 305.5 324.6 346.3 384.6 407.4 429.5 456.4 482.5 492.5 506 533.1 569.3 611.4 653.3
93.4 92.7 88.9 84.2 89.6 98.2 102.1 108 116.4 123.4 133.1 139.5 146.8 152.7 157 164.7 170.5 175 184.9 189.3 195.2 208.5 216.4 220.5 211.9 215.1 215.2 207.4 218 229.9 241.9 294.7 304.1 315.1 321 297.8 285.5 280.4 296.2 284.6 280.1 266.4 246 235.2 240.6 227.9 230.1 234.2 242.6 242.7 241.5 229.7 224.3 224.3 224.3 224.3 224.3 224.3 224.3 233.5 248.6 259.5 269 277.8 285.8 301.6 321.7 341 371.5 404.3 421.8 448.2 474.6 489.9 499.1 529.2 564.4 611.3 672.2
96.1 94 94.2 93.3 89.4 84.2 93.4 97 101.1 107.2 116.4 123.2 130.3 135.4 142.5 147.9 154.2 159.3 173.4 183.4 180.1 190.2 199.8 200.4 196.2 197.8 198.2 195.5 207.6 218.7 236.8 283 292.7 303.7 311.4 285.8 276 279.8 294.5 290.2 276.7 260.1 246.7 240.3 256.3 238.8 246.3 253.7 255.1 258.5 257.9 253.3 228.9 224.3 224.3 224.3 224.3 224.3 224.3 226.8 239.3 253.3 263.9 274.2 282.7 296.4 317.5 342.6 363.2 394.4 414.1 437.4 461.2 479.6 493.4 518.4 558.1 599.2 661.8
103.6 97.9 96.9 95.9 93.3 89.6 84.2 85.1 91.7 97.5 105.3 110.7 113.1 120.2 127.2 133.5 139.9 146.1 155.5 164.2 169 170.6 180.9 178.8 178.2 179.7 184.9 181.1 193.5 205.2 233.6 259.4 274.7 283.9 278.3 268.6 267.8 275.2 280.2 276.9 271.3 260.3 259.4 262.7 262.5 256.5 271.9 262.1 268.9 268.6 270.7 256.8 246.7 236.3 224.3 224.3 224.3 224.3 224.3 228.1 238.8 252.6 265.5 274.2 280.1 293 313.5 335.9 356.1 376.9 401.4 424.1 442.8 462.8 482.9 511 548.1 585.7 636.4
110.9 107.1 103.8 100.2 96.2 91.4 88.3 85.6 85.6 90.3 96 98.3 102.8 107.6 116.9 123.9 127.9 139.1 140.6 143.4 149.1 153.9 156.4 160.6 160.9 162.8 166.8 168 177.2 196.1 223.3 241.7 246.8 257.2 248.9 248.1 254.4 260.6 261.5 262.4 263.8 261.8 275.5 273.3 271.9 281.3 284.7 272.5 276.5 277.4 273.8 267.1 257.4 247.9 231.9 226.5 224.3 224.3 224.3 234.1 246.5 253.9 264.2 276 281 297.3 311.6 329.2 344 361.5 383.2 405 422.3 440.8 471.6 497.6 529.8 571.5 616.9
111.9 110.2 108.1 102.7 99.2 94.3 92.2 84.8 84.8 84.8 87.2 91.6 95.3 99.4 107.9 112.8 118.8 126.1 125.7 127.2 134.5 137.7 139.6 140.9 148 144.9 148.6 153 162 186.3 202.2 221.1 223 222.9 229 233.7 241 248 246.9 262.9 268.5 267.1 278.4 281.4 287.7 299 297.2 283.9 286.4 283.2 274.4 264.1 255.4 247.9 238.8 237.2 236.9 229.7 234.3 238.3 249.4 263.1 263.5 276 289.5 308 320.9 325.5 340.1 353.1 367.2 385.5 401 424.6 455.4 478.4 514.8 554.5 589.6
108.5 110.8 107.1 104.6 105.5 95.5 86.8 84.8 84.8 84.8 84.8 85.3 91.2 93.2 97.3 100.1 110.2 111.8 112.2 114.2 116.7 121.5 125.1 127.3 129.4 132.9 136 139.1 146.7 165.5 179.9 191.1 194.8 201.3 209.6 221.1 228.3 230.8 241.8 256.7 266.6 277.1 279.8 283.9 303.5 304.9 304 303.9 291.5 281.7 263.5 256.6 251.9 243.2 239.2 238.3 234 230.4 230.8 237.6 256 270.1 270.5 282.7 296.7 317.4 326.4 329.2 333.3 347.4 360.3 374.4 391.5 413.7 442.1 459.4 492.8 534.7 564.2
101.6 101.9 98.7 95.8 93.6 90.3 85.9 84.8 84.8 84.8 84.8 84.8 84.8 86.1 90.4 95.1 96.7 98.1 100.9 102.4 108.5 109.7 113.1 113.7 115.3 118.4 124.4 126.9 133.1 144.6 158.6 173.2 175.2 182.5 192.1 199.2 208.2 219.9 234.6 258.4 255.8 263.9 274.8 282.7 304.3 305.1 314.9 314.5 284.9 267.1 253.2 248.8 244.6 236.4 234.6 233.4 223.8 223.2 226.6 234.6 268.4 291.6 292.9 294.3 304.8 324.3 325.6 329.7 332.6 344.3 357 367.3 383.9 408.6 431.9 453.9 480.7 512 544.9
97.9 93.1 91.9 93 94.9 93.1 93.3 84.8 84.8 84.8 84.8 84.8 84.8 84.8 84.8 85.7 90.9 91.6 92.7 93.8 95.9 97 100.3 103.2 108.7 111.5 117.6 119.1 121.5 129 143.1 155.7 162 163.2 168.6 177.7 194.3 212 216.5 231.4 244.3 243.7 269.2 274.5 286.9 291.5 308.8 302.3 278.9 257.4 251.3 245 238.3 230.9 227 221.6 218.1 218.6 223.8 241.2 290.7 292.4 300.4 299.3 316.5 324.2 324.6 327.2 329.5 343.5 356.7 363.2 374.5 404.2 428.5 448.5 466.6 490.7 528.3
93.5 92.5 93.1 97.1 97.4 96.3 96.6 93.2 84.8 84.8 84.8 84.8 84.8 84.8 84.8 84.8 84.8 86.3 85.9 87 90.3 92.7 96.7 102 105 108.2 112.6 116.5 116.3 121.1 130.3 135.6 140.8 144.3 150.3 159.5 170.8 192.9 201.9 209.8 218.1 236.3 248.3 260 257.6 281.2 294.7 290.1 259.7 255.2 249.4 242.8 231.9 224.2 219.9 216.5 214.5 214.6 234.5 278.9 289 292.7 296.5 299.1 317.1 322.7 322.4 322.6 327.5 340.6 350.8 357.1 369.4 392.5 419.6 446.6 453.6 475.7 512.6
