UK/data/nt/nt41_OST50GRID_20230518/NT41.asc
ncols 200
nrows 200
xllcorner 340000
yllcorner 610000
cellsize 50
[rows 70 to 104 of 200, columns 0 to 77 of 200]
342.2 341.2 340.6 340.8 339.4 339.4 343 342.5 338.3 332.3 323.8 318.2 314.5 316.4 324.5 329.5 329.8 326.2 328.3 332.7 331.6 330.8 329.8 326.6 328.2 324.7 322.8 321.4 315.2 308.1 301 295.2 294.3 295.4 294.9 293.8 295.4 298.5 307.4 308.6 308.4 307.4 304.7 299.1 291.9 285.8 279.8 274.8 269.1 264.1 253.1 247.4 255.1 259.6 265.2 271.2 278.3 288.6 299.5 308.9 312.9 318.2 322.4 330.4 329.6 327.2 324 321.6 323.8 328.5 334 335.6 337.1 335.8 336.4 346.7 345.6 342.2
341.4 340.5 338.3 336.4 335.3 335 337.7 339.4 335.1 329.9 324.7 319 314.9 317.1 319.8 324.4 324.1 321.4 323.1 324.5 325 324.4 321.6 321 321.1 320.4 319 314.9 307.8 300.6 292.5 291.2 293.5 294.7 293.7 292.4 294.6 301.7 307 311.1 308.9 306.2 302.8 297.5 295.5 293.5 289.4 278.8 268.9 260.9 247.8 254.2 257.7 260.9 264.4 269.2 276.2 287.7 294.9 304.1 310.5 316.1 322 327.4 328.1 327.5 326.2 325.1 327.1 330.5 333.6 340 341.3 336.4 337.8 344.4 342.9 338
341.7 338.1 334.7 333.2 331.9 330.9 335.1 333.1 329.9 326.1 321.2 317.6 312.1 319.3 319 319.1 319.2 320.2 320.2 320.5 321 319.5 316.4 320.2 320.1 319.6 312.9 305.6 300.4 295.3 290.8 291.2 293 291.3 289.9 289.5 291 295.7 299.3 300.3 301 296.4 296.9 296.4 296.4 290.9 287.2 281.3 266.7 248.9 249.1 256.6 259.2 261.6 264.5 269.5 279.4 282.7 290.2 297.6 306.5 312.5 320.1 324.6 327.3 330.8 332.8 330.7 330.4 332.2 338.2 342.7 342.9 336.9 339.4 340.9 336.5 330.4
339.7 334.8 330.9 328.9 327.4 327.9 331.3 328.7 325.6 322.6 320.2 317 309.9 317.9 319.6 320.2 320.5 319.8 317.6 318.6 317.2 313.4 312 315.6 317.4 311.9 306.2 299.7 294.3 291.7 289.9 290.2 289.4 287.4 287.7 287.4 287.9 288.2 287.3 286.1 283 283.2 287.6 290.3 288.4 286.7 281.1 271.3 256.3 249 253.3 257.3 260.2 262.2 264.9 270.8 276.3 280.1 287.7 295.7 304.3 311.6 317.4 325.3 330.8 333.4 331.4 330.6 331.6 334.7 339.1 344.2 342.4 336.5 334.7 329.3 324.2 315.7
338.4 333.3 328.1 325.6 324.4 324.7 327.4 324.9 322.6 321.6 319.6 316.7 310.8 315.7 318.4 316.5 316.5 314.1 313.1 313.1 313.1 314.4 310.3 310.7 309.4 305.2 300.5 295.1 292 289.5 287.9 287.2 284.9 284.5 284.9 285.4 285.9 284.9 282.9 280.4 276.3 271.6 267.9 271.7 278.5 272.8 269 260.2 249.4 249.4 253.5 257.1 260 262.2 265.3 270.2 274.9 278.1 283.1 289.4 299 308.1 315.5 323.8 329.5 328.4 328.4 330.5 334.5 338.1 342.3 345.6 339.2 332.1 326.8 319.1 312.9 306.2
336.5 330.2 324.8 323.2 320.5 322.7 322 321.7 321.3 321.3 319.9 317.4 308.7 312.6 313.8 311.8 311.1 308.6 306.4 307.3 308.1 308.2 310.1 306.5 302.4 301.1 295.2 295.2 291.8 285.9 286.2 284.7 282 281.9 282.6 283.7 282.6 280.5 279.2 276.5 269.2 262.3 258 254.9 258 260.2 255.5 249.9 249.8 253.9 251.9 254.3 258.9 261.9 265.8 269.7 272.7 275.4 279.5 283.9 293.8 303 309.9 316.3 321.4 324.6 326.7 332.9 337.9 341.7 344.5 338.7 331.3 324.3 317.3 310.5 305 300
333.5 326.8 321.1 319.8 317 319.4 318 319.1 320.4 320.6 321.2 319.1 313.6 301.6 309.8 307.3 305.3 304.1 301.2 303.3 303 303.3 305.7 305.8 302.7 301.6 296.9 293.2 288.9 285 283.1 282 279.8 279.6 280.1 281 277.6 273.9 271.7 272.3 265.8 260.2 251.8 251.2 250.9 250.7 250.3 249.4 255.7 257.6 258.1 254.5 258.3 261.5 265.5 269.2 270.9 273.8 277.2 281.5 286.2 294.2 298.5 308.7 318 323.1 328.3 334.8 339.7 343.3 338.1 331.5 325.1 317.5 310 304.8 299.7 295
330 322.1 317.1 315.3 315 316 315.7 319.8 321 321.4 321.3 320 312 299.4 304.4 302.8 302 298.9 296.5 297.8 298 297.8 300.9 302.6 302.6 298.7 293.5 290 287.5 286.5 286.3 285.1 280.7 277.8 277.1 277.4 272.7 269.1 267 265.7 262.4 253.6 251.9 251.7 251.4 250.6 250.1 256.1 258.4 261.3 261.6 261.9 259.3 260.7 264.1 267 269.4 272.3 275.7 279.1 284 289 297.9 308.2 317.2 323.1 330 334.6 338.7 336.3 330.6 325 317.3 310.7 304.9 299.7 295.1 291.1
323.7 316.6 313.1 310 310.9 313.2 314.6 318.9 319.9 319.1 317.9 316 309.1 303.7 292.6 297.9 296 293.1 292.7 292.1 291.7 291.8 296.5 298.5 296.7 293.3 291.7 289.3 292.4 291.2 288.2 284.4 280.8 277.2 272.3 272.3 269.4 265.9 263.6 262.3 256.4 252.6 252.5 252.3 253.1 253.8 249.8 259.3 264.8 264.6 266.2 264.8 261.4 260.4 261.9 265 268.3 271.7 274.8 278.7 283.2 291.6 299.9 306.6 316.7 323.2 330 334.3 332 329.5 323.7 316.6 309.9 304.1 299.4 294.6 289.3 284.7
317.6 309.5 307.1 305.2 306.5 307.3 310.2 315.3 316 313.7 312.1 307.7 304.4 302 298.5 287.1 290.6 287.4 286.3 286.3 286.5 285.3 291.5 290.9 291.3 292.8 292.8 293.5 294.7 291.9 286.7 285 281.4 276.5 272.1 266.8 265.5 263.1 261.4 260 252.9 252.9 260.1 255.6 256.5 260.4 263.7 268.5 269.8 269.5 269.7 268.2 268 268 266 268.3 274 275.9 277.3 277.9 282.8 291.9 296.8 303.9 313.7 324.7 328 328.2 326.7 320.8 315.5 308.2 302.9 299.3 294.4 289.5 286 283.7
309.4 302.6 300.3 301.4 302.7 302.1 304.5 308.1 307 305.7 304.1 302.8 303.2 300.8 295.7 293.6 283.9 282.1 281.9 282.1 281.2 281.2 284.4 286.9 287.3 288.5 292.3 292.9 292.8 289.7 288.9 286.3 280.8 273.6 268.8 262.6 261.8 259.1 254.8 253.8 259.3 262.4 264.6 266 263.4 265.2 268.2 271.1 274.9 273.2 272 271.3 272.3 273.6 274.9 279.6 283.5 287.2 286 284.1 286.6 290.1 293.8 299.1 310.3 319.7 321.5 322.1 317.4 311.1 307.4 303.2 299.5 295 291.5 288.3 286.2 284.3
303 299.6 297.1 298.4 295.9 298.5 298.2 300.1 298.3 299.7 301.3 301.5 299.6 295.3 289.3 282.8 275.7 276.1 277.7 276.7 276.5 274.9 276.2 278.7 280.1 283.5 289.6 290.6 291.1 289.1 288.6 284.8 274.9 265.7 259.9 258.8 258.3 254.7 259.2 262.8 269.4 276.8 279.4 280.9 278.2 275.9 275.5 274.5 276.4 277 275.1 274.7 277.4 281.6 283.6 288.4 293.2 291.1 289.5 294 291.7 290.7 293 296.7 304.8 309.8 310.5 310.1 308.9 303.4 302.3 298 294.7 291.8 290.5 289.5 288.4 287.4
300.9 296.9 293.6 295.8 292.6 293.7 291.6 293.4 293.7 297.2 298.6 297.3 292.1 286.2 280.2 274 266.1 271.9 273.9 271.7 270.7 267.4 264.2 264.6 269.7 277.6 283.6 285.2 287.3 289.9 286.8 279.6 267.4 256.1 255.2 255.2 254.2 261.3 263.8 270.1 275.5 287.1 295.1 298.7 296.8 292.2 287.6 282.9 281.6 281.6 281.4 283.1 286 290.4 292 294.9 295.9 293.4 291.9 293.5 292.8 292.4 293.2 295.3 299.3 303.5 302.5 302.1 298.2 298.6 294.2 293.7 292.3 291.5 292.2 292.3 290.9 290.4
295.5 292.1 288.5 290.1 290.5 284.8 285.8 287.3 289 291.7 292.6 287.1 283.6 280.1 273.6 267.7 264.8 264.5 268.9 265.4 264.5 261.6 258.6 258.7 262.3 270 275.8 278.4 284.3 283.6 279.5 270.2 259 255.5 255.7 256.2 261.3 264.1 269.6 276 288.1 300.1 305.6 307.1 306.9 304.4 299.7 294.4 291.1 289.6 290.1 291.3 294.9 295.6 296.7 297.4 296.6 296.2 294.6 294.6 293.7 291.3 290.6 292.1 294.6 296 296.1 295.3 294.1 294.2 290.9 290.8 291.1 292.2 293.3 294.2 293.4 294.1
290.9 289.1 285.6 283.1 285.1 283.3 281.7 280.5 282 283.8 282 276.8 277.2 271.6 267.2 262.7 263.2 262.7 262.4 261.8 260.1 259.1 258.8 258.6 258.6 264 265.9 268.2 273.2 272.9 271.4 263.1 255.3 255.8 255.9 257.5 263.9 267.1 275 287.7 299.5 306.8 310.5 311.2 311.9 309.4 305 299.4 297.3 296.6 298.6 297.9 299.6 298.8 300.3 297.5 295.8 293.1 293 292.1 290.1 287.4 285.3 286.3 290.4 292.6 292.8 293.6 292.9 291.7 289.7 289.2 290.4 291.9 294.2 297 296.8 294.7
286.5 285.2 281.9 277.9 276 276 273.9 273.4 275.6 275.6 273.7 266.7 268.6 261.4 261.3 261 261.1 261.5 260.6 259.8 259 258.8 258.7 258.4 258.4 259.7 257.2 257.1 258.3 265.9 262 257.1 255.6 256.2 256.8 259.9 268.3 272.2 283.2 298.6 305.7 311.3 314.4 315.6 315 311.7 307.2 302.2 300.1 299.5 300.7 300.7 294.6 295.1 294.6 295.6 291.5 294 292.6 290.5 286.8 284.6 281.9 283.2 287.3 290.3 291.7 292.2 292 289.4 286.9 288 289.6 289.5 292.3 295.4 293.5 293.8
273.4 278.8 275.1 273.8 273.4 273.4 273.4 274.8 263.9 261.6 262.2 261.7 261.4 260 260.7 260.4 260.5 260.5 259.9 259.4 258.4 258.3 258.3 258.2 258.2 258.3 260.7 263.3 262.2 257.5 256.7 256.7 260.1 256.7 257.7 261.6 266.1 276.9 291.7 304 310.2 313.5 316 317 314.8 311.9 308.2 303.7 300.8 299.2 297.9 292.7 289.5 288.7 288.9 288 288.6 290.4 287 283.5 282.8 279.5 280.8 284.2 287.6 289.9 290 289.1 289.2 286 285.7 285.2 284.4 285.5 286.4 289.1 289.8 286.9
273.4 273.4 273.4 273.4 273.4 273.4 277.6 279.6 277.2 274.1 271.6 270.6 269.9 266.5 262.2 260.4 259.9 259.7 258.5 259.3 258.4 258.5 258.6 258.4 258.3 258.6 260.9 265.7 266.6 265.2 264.8 265 265.4 262.5 258.9 263.9 268.7 278.8 294.2 306 311 315.5 315.4 316.4 316.1 312.7 311.1 306.7 301.5 296.5 290.4 284.5 281.1 280 280 282.3 283.6 281.1 277 275.3 275.9 276.7 280.3 283.8 286.3 287.3 287.4 286.6 286.5 284.1 283 281.8 279.8 277.7 277.4 278 277.3 266.8
273.4 273.4 273.4 273.4 273.1 275.4 279.7 283.8 282.9 280.8 278.2 275.5 273.1 266.8 264.7 261.3 260.5 260.4 260.2 259.6 259.6 259.1 258.8 258.6 258.6 259.2 262 266.4 269.1 270.6 269.3 269.6 268.7 267 262.2 266.2 270.9 277.3 289.9 300 306.7 312.8 314.4 315.1 314.6 314.4 310.2 304.5 297.8 289 281.7 279 275.7 271.7 272.5 275 275.9 272.4 271.7 271 272 274.5 278.5 280.4 282.6 282.9 283.9 283.6 284 280.6 279.6 277.1 274 270.4 265.9 260.6 256.6 257.6
273.4 273.4 273.4 273.4 273.8 275.9 279.9 285 287 285.5 283 279.7 275.2 268.7 266.8 263.1 263.5 263.2 262.8 261.9 263.2 262.9 260.8 258.9 258.9 260.1 264.5 269.3 271.7 273.4 273.9 272.8 271.8 270.4 268.5 267.1 271.6 276.6 285.7 294 304.5 312.1 313.2 315 313.7 313.6 304.9 297.3 288.9 281.8 273.6 273.9 268.3 267.8 267.6 269.1 271.3 271.8 268.8 266.8 267.9 270.1 273.7 275.8 278.4 280 281.3 283.1 282.1 280.9 277.7 274.2 271.1 265 259.6 255.9 251.4 251.6
273.4 273.4 273.4 273.4 274.6 276.8 280.4 285 288.4 287.9 286.4 282.8 277.7 272.8 268 266.6 269.3 267.7 265.8 265.5 267.7 267.5 265.1 263.7 261.7 262.2 268.2 271.9 274.1 275.5 275.8 276.9 275.5 273.9 272.9 268.5 273.3 278.6 284.4 293.5 308.3 312.5 314 312.6 310.4 305.7 298.2 291.7 283 273.7 268.6 266.8 264.4 265.3 266.2 269.2 271.8 270.1 265.7 261.5 261.7 262 264.6 269.3 274.2 276.9 278.8 281.9 282.9 281.8 278.6 275.8 273 264.9 257.5 251.2 247.6 243.9
273.4 273.4 273.4 273.4 274.8 276.9 279.8 282.7 287.2 290.1 288.2 284.5 280.2 276.5 272.3 274.3 272.6 272.3 268.8 270.8 272.9 272.8 273.7 274.9 270.6 269.9 273.5 275.1 277.5 279.4 281.1 281.5 279.4 278.8 277.3 272.3 274.9 279.4 286 295.2 304.9 308.5 309.6 309.5 305.2 299.6 292.1 282.6 274.9 267.9 265.5 263.5 261.9 263.7 267.6 270.2 270.4 267.4 262.9 259.3 256.6 257.3 260.6 264.2 268 274.7 279.8 285.1 285.5 284.9 283.7 280.6 275.4 271.1 261.6 253.7 245.9 243.7
273.4 273.4 273.4 273.4 273 275.7 278.8 281.8 285.2 289.8 288.1 285.8 284 281.4 278.9 276.5 275.6 275.3 275.5 276.8 279.9 285.5 287.6 288 284.7 282.1 280.3 279.9 280.6 282.8 287.6 288.1 285.4 284.3 281.3 274.6 276.5 281.1 287.3 293.9 303 303.1 305.3 301.3 296.1 290.1 283.3 275.5 267.8 263.4 262.6 260.6 261 263.8 266.9 268.5 268.3 264.7 261 257.5 254.3 256.5 259.1 261.9 268.9 281.1 282.4 290.7 291.4 289.8 287.9 285.1 276.4 270.3 261.1 253.6 247.6 243.5
273.4 273.4 273.4 273.4 273.4 275.3 277.9 280.9 284.7 289.1 290.8 289.6 287.4 283.6 281.9 280.7 279.6 279.1 281.6 282.6 289.2 299.2 305.2 303.9 299.4 293.2 287.9 287.3 287.7 287.6 290.3 293.8 290.6 288.3 284.6 277.1 276.5 283 288.9 292.4 295.8 299.6 299.2 295.4 290.4 283 274 269 264.2 261.1 258.9 256.5 258.2 262.1 265.1 266.8 265.8 263.1 259.3 256 253.5 256.9 257.2 259.7 277.2 282.7 287.8 294.2 293 292.1 290.4 283.1 273.8 266.3 260 255.1 249.2 244.8
273.4 273.4 273.4 273.4 273.4 274.9 277.5 279.9 284.5 288.9 293.6 290.8 287.7 285.1 285.2 284.2 284.3 285.5 287.2 289.2 302.5 309.9 314.6 315.3 313.1 308.9 303.3 295 293.5 293.1 294.4 296 292.2 289.5 286 282.1 284.3 289.5 289.4 292.3 296.2 297.8 295.2 289 282.7 276.8 271.1 266.1 260.4 257.2 256.3 258 258.6 261.4 264 264.3 262.3 260.2 257.9 255.1 252.9 253.5 254.7 260 278.6 282.1 289.6 287.3 295.3 289.8 286 278.8 270.2 266 260.4 256.2 251.7 248.3
273.4 273.4 273.4 273.4 273.4 276 278.7 281.3 282.7 287.7 294.5 291 288 287.9 288.1 287.8 287.6 289 290.9 296.4 307.5 316.6 320.4 327.9 326.8 321.2 314.1 307.5 300.8 298.8 299.6 295.6 292.2 289.6 286.1 284.2 292.5 289.2 290.8 294.8 296.1 294 288.7 283.1 276.2 270.7 266 259.7 256 258 258 258 256.5 260.4 261.7 261.7 259.8 257.9 255.9 253.6 251.5 250.4 252.4 265.3 275.4 286.2 284.7 289.7 289.8 283.7 277.2 274.3 270.3 265.9 262.1 256.8 253.1 248.9
273.4 273.4 273.4 273.4 273.4 277.8 279.7 281.9 284.6 289.3 294.4 289 291.2 290.4 290.7 290.4 291.2 292.6 295 301.3 314.9 321.2 331.2 334.2 332.3 326.2 320.1 313.6 307.1 303.5 300 296.6 293.8 289.6 287.8 290 292.6 290.6 292.9 292.1 290 288.5 282.4 274.9 270.3 265.3 260.5 257.7 256.2 258 258 258 256.7 257.6 259.7 259 257.1 255.3 252.4 249.7 250.8 248.4 249.9 266.7 272.7 277.5 282.7 278.9 281.8 278.4 278.3 276 270.7 266.6 262 258.1 254 248.4
273.4 273.4 273.4 273.4 279.2 283.6 286 289 292 294.5 292.9 291.6 294.1 293.2 294.7 293.7 294.3 296.4 299 309.6 320.5 328.2 334.8 335.7 333.1 328.8 325.6 318.5 310.3 304.5 301 297.6 292.9 294.3 297.7 296.7 294.9 294.9 293.5 289.3 285.5 280.6 274.8 272.3 267.9 264.1 263.9 262.2 260.3 257.5 255 258 256.7 258.1 257.6 257.1 252.8 253.6 246.8 246.2 246.1 247.7 248.3 265.3 267.8 269.9 266.8 272.2 271.1 273.4 275.9 273.8 271.4 269.5 266.5 259.4 254.5 250.5
273.4 273.4 273.4 278.3 284.6 289 292.8 296.4 297.4 298.9 296.9 297 297.2 296.7 298.2 299 299 301.4 305.4 315.7 321.2 327.9 333.7 334.1 332.6 332.1 327.8 319.6 312.3 305.8 300.9 297 295.5 298.9 297.7 297.7 298.7 296.6 288.2 283.5 279.5 276.4 275.5 273.9 270.6 270.8 269.1 265.9 264.2 262.4 260.4 260.2 260.2 260.4 259.8 259.5 256.4 251.3 245.3 238.9 244.1 247.6 244.8 259.7 262.4 257 261.2 256.5 259.7 263.5 270 274.1 273.2 270.8 266.6 263.6 256.2 251.4
273.4 273.6 276.3 283.4 287.3 290.4 298.6 302 303.8 303.3 301.3 301.5 299.6 299.6 301.6 302.5 304.6 308.3 313.7 317.7 322 325.6 328.4 330.8 332.7 327.8 323.8 318.5 311.1 307.1 301.7 297.7 298.3 297.6 298.5 300.1 297.1 290.7 281.1 279 278.7 278.7 275.8 275.5 278.4 279.3 278.8 276.2 273.8 269.6 265.8 263.5 264 263.2 261 260.3 258.1 250.1 243.6 234 241.3 245.4 236.5 250.6 249.5 246.8 246.8 251.3 256.7 261.3 268.5 274.3 274 272.1 269.6 260.6 253.3 252.4
274.8 278.3 279 283.9 287.6 299.2 305.7 308.3 307.3 308.6 307.5 304.9 303.5 302.3 304.4 306.8 312.5 317.8 320.9 320.8 319.7 322.1 326.9 327.7 326.7 327.9 325 320.2 314.8 309 304.2 300.7 301.4 299.7 297.6 294.6 288.9 283.7 273.9 274.5 277.1 278.1 278.5 280.8 286.1 286.1 284.7 283 281.4 279 273.5 268.6 267.2 265.6 261 258.1 252.6 247.5 241.4 233.5 235.6 233 232.7 235.6 235.3 237.1 242.5 247.2 248.9 259.2 264.8 270.3 273.7 272.8 266.2 256.9 256.6 258.8
279.3 280.8 281 285.1 294.7 302.9 308.4 308.6 312.4 313.6 310.7 307.4 305.3 301 306.9 315.2 321.5 324.2 326.2 326.8 322.9 327 328.1 332.5 331.2 329.9 325.7 321.7 317.4 311.4 307 304.1 303.1 298.8 292 289.6 283.4 275.5 267.6 270.4 275 277.7 282.4 286.1 290.6 290.2 291.1 289.7 287.2 285.4 280.1 273 270.5 265.4 259.7 254.6 249.6 245.9 241 235.3 229.4 219.8 221.9 224.8 228.9 234.3 237.8 240.9 246 253.1 259.4 265.1 269.7 266.8 259.3 261.4 266.5 266.1
282.7 284.3 287.2 294.3 305.3 310.4 313 317.1 317.3 313.5 308.4 302.4 299.7 299.7 308.9 315.7 322.2 326.8 331 330.5 326.1 330.1 331.7 337.4 336.7 332.4 328.9 325.6 321.9 314.4 307 304.3 297.7 294.5 285.5 280.1 274.4 264.9 264.7 268.4 274.2 282.6 284 286.5 290.5 295.4 295.4 294.6 293.8 290.2 281.9 275.5 268.9 262.6 257.1 252.4 248.1 243.2 238.3 233.6 229.1 224.8 215.3 218.1 222.1 224.9 229.9 235.7 238 243.6 253.5 262 264.2 262.6 263.2 269.5 269.4 270.4
286.4 288.4 295.6 308.4 312.7 315.5 318.9 318.9 316.4 312.4 306.4 302 300.5 300.7 307.9 316.6 327.9 331.9 333.9 331.4 329.6 331.8 333.8 334 335.5 333.6 331.4 329.6 322.1 314.9 302.2 294.7 295.1 289.2 279.9 276.9 268.6 260.2 263.7 267.2 275.4 283 285 290.4 295.5 299.4 300.8 298.5 294.9 289.2 280.8 273 266.3 260.1 254.2 249 244 240.2 234.8 230.6 227.4 223.9 219.1 210.6 213.5 218 225.4 227 231.8 241.1 251.2 256.3 255.9 257.1 266 271.6 273.3 270.3
296.6 300.6 304.3 310.3 316.3 319.2 320.3 319.8 318.4 315 309.5 305.2 304.5 304.8 312.8 324.5 335.2 336.2 335.4 335 334.4 333 335.7 335.9 337.3 335.4 331.7 326.4 315.1 302.8 296.1 290.8 287.3 284.3 278.6 271.5 263.2 258.5 261.2 265.4 274.7 279.4 283.4 290.9 297.6 300.1 298.8 296.8 291.6 285.6 276.7 270.9 263.3 254.4 248.9 244.3 240.3 234.8 231.3 226.9 224.3 221 217.9 215.6 208 215.6 218.3 220.7 229 238.7 246.1 248.5 255.3 262.5 269.4 272.1 272.1 267.5
