UK/data/nm/nm86_OST50GRID_20230518/NM86.asc
ncols 200
nrows 200
xllcorner 180000
yllcorner 760000
cellsize 50
[rows 105 to 139 of 200, columns 0 to 78 of 200]
332 319.9 311 302.1 293.4 286.9 284 279.9 281.1 279.1 278.2 276.7 273.5 270.9 264.8 263.3 263.2 262.7 262.3 260.6 252 247.6 240.9 236 232.2 225.7 217.6 209 202.2 200 200.2 196.9 196.3 188.8 179.6 172.7 166.9 164.1 157.8 154.7 149.6 146.3 144.7 139.2 134.7 127 121.6 124.1 135.6 149.8 144.1 136.2 150.4 154.4 161.5 163.4 164.9 164.1 168.8 170.1 178.7 183 187.8 178.7 173 168.3 167.3 169.8 171 169 167.2 164.8 172.8 184.6 183.5 186.8 189 184.1 172.3
328.4 318 307 296.8 289.7 282.5 270.9 271.7 274.1 271.1 271.3 269 265.4 261.3 258 255.5 256.2 255.8 254.1 250 246.3 242.7 235.4 230.8 227.4 222 214.8 209.9 204 198.3 193.5 188.7 185.2 182 175.8 170.3 168.2 161.1 154.8 149.8 145.2 143.4 140.7 132.6 126.4 120.4 114.3 121.9 138.1 146.4 136.2 138.8 146.9 151.8 156.7 159.2 167.3 159.4 156.4 160.5 167.7 170.4 174.9 172.3 169.6 168.9 168.7 168.2 168.3 167.5 168.6 167.9 164.3 170.6 176 175.3 174 171.3 165.6
326 317.4 305.3 294.6 285.8 275.7 264.9 265.2 263.5 260.9 261.8 261.2 258.6 257.9 259.1 255.6 252.5 251.2 249.8 243.6 241.2 236.2 230.6 227.1 224.8 218.9 217.3 211.7 208.1 203.2 195.9 188.6 185.5 180.2 175 173.6 168.5 163.9 156.6 148.4 141.2 136.9 131 127 120.9 113.3 112.1 117.5 128.7 128.1 127.4 129 141.4 142.9 145.4 150.3 155.5 153.2 151 151.6 152.4 155.1 160.9 169 173.1 172.9 180.8 178 177.2 171.2 172.8 174.7 166.3 160.4 160.8 158.5 159.2 155.9 148.1
323.1 315.5 304.9 291.2 278.9 268.8 262.4 252.2 250.2 253.1 252.3 252.3 257.1 259.4 258 254.9 251 249.4 249.4 243.9 237.5 233.7 228.9 225.1 221.7 217.8 220.1 216.1 213.3 210 204.1 197.7 191.3 185.9 182.4 176.2 172.7 167.8 158.2 148.2 142.6 138.6 135.6 128.5 124.1 116.6 110.9 110.3 115.3 112.9 116.4 119 124 130.9 136.7 141 142.6 147.4 149.3 153.3 154.6 159.8 164 173.5 170.1 167.2 168.8 168.9 173.8 174.4 172 174.2 164.4 157 149.2 143.3 148.1 133.3 124.7
319.6 311.6 301.5 290.7 274.5 264.9 254 247.9 247.2 246.6 251.7 253 255.8 258 258.3 257.2 252.4 251.1 248.2 244.4 234.4 231 229 225.2 220.2 224.5 225.3 225.4 224.8 220 213.9 206.7 199.9 189.4 179.4 176 170.5 161.1 155.1 145.1 136.9 131.6 126 124.4 122.5 117 112.7 106.8 107.7 109.3 112.4 113.6 116.5 123.1 129.8 136.8 144 146.8 147.7 148.1 152.7 157.9 158.2 157.9 156.9 157.2 154 154.2 167 170.5 168.8 173.3 167.6 159 154.2 145.7 132.4 117.7 105
317 308.1 299.9 287 271 259 251.6 246.7 245.7 246.7 252.1 255.6 257 258.8 260 259.1 255.6 253.6 252.6 248 237.6 230.9 229.7 223.1 221.9 227.1 232 235.9 234.9 228.1 215.4 203.1 192 180.6 172.1 171.5 165.3 157.4 153.5 144.5 132.5 128.1 122.1 118.7 118.2 117.5 113.5 108.4 103.9 107.2 108.4 110 113.9 125.4 137.6 138.9 137 140.1 142.9 147.3 154.9 152.6 147.4 146 141.8 144 144 149.3 158.9 156.8 151 156.4 157.7 151.7 151.1 140.2 123 103.1 94.8
316.5 306.7 295 283 270.5 258.2 250 246.1 244.3 247.2 255.8 257.2 259.9 265.6 270.5 267.3 263.5 259.3 260 252.8 238.7 227.2 223.4 220.3 219.8 227.3 237.6 236.5 233.8 218.8 205.3 193.3 182.1 170.2 163.6 160.7 157.9 153 147.4 138.8 130.1 123.9 124.4 118.7 115.1 111.2 108.1 104.4 104.7 105.7 104.6 109.4 117.3 124.2 133 133.6 131.2 133.1 142 146.3 145.9 145.2 143.7 140.5 133.5 128.7 137 145.5 151.8 142 130.3 141.3 149.4 145.5 136.7 122.9 106.8 92.5 81.7
311.4 303.9 290.4 281.8 271.5 259.3 251.3 246.4 246.2 252.3 259 262.7 264.7 268.4 268.2 264.3 259.1 255.9 252.7 246.4 234.3 222 220.1 216.6 220.3 222.9 228.9 235.3 225.8 212.8 199.2 187.2 173.8 162.3 154.6 153.1 153.3 153.2 144.8 135.6 127.7 120.2 117.3 108.4 106.5 103.8 99.8 97.8 103.6 106.8 98.7 104.2 110.7 115.3 121.4 126.4 132.6 133.3 137.4 140.8 140.9 139.5 141.3 139.2 131.8 123 133 142.8 137.9 120.6 112.5 127.5 131 130.8 114.6 96.5 90 80.4 74.1
311.8 300 290.7 281.4 270.7 260.6 252.5 248.2 244.7 245.7 255.6 262.4 268.3 269 265.7 262.4 255.4 250.2 239.2 235.5 232.5 221 214.4 207.7 212 219.7 224.7 218.8 211.2 202.5 191.6 180.1 166.4 157.7 150.1 147.2 152.9 153.7 142.7 131.2 122.2 115 110.6 104.2 97.6 95.1 91.3 96.3 94.2 93.5 94.3 98.9 102.8 104.9 111.8 120.2 126.9 129.6 130.4 132.1 130.6 132.7 135.2 132 125.9 116.8 122.7 125.1 115.3 108.2 98 92.8 102.9 101.9 93.5 75.9 73.4 68.5 64.6
315.3 304.9 295.5 285.7 274.6 265.2 253.4 246.3 243.9 247.1 259.3 263.1 268.2 269.9 262.6 253.1 247 236.9 232.4 230.1 228.8 219.8 209.1 202.3 206.7 214 214.1 206.2 201 193.1 182.3 171 158.1 151.2 149.8 144.3 150.3 142 131.4 119.4 114.4 110.2 103.5 94.8 89.2 86.1 89.3 90.4 92.1 90.9 90.9 94.7 99.4 102.4 107.4 113.8 116.5 118.2 117.9 118.5 119.5 120.1 124.3 120.9 117.2 108.7 103 107.8 97.3 99.7 96 81.5 73.7 70.9 74.3 68 59.7 59.2 54.8
315.7 308.3 297 291 281.7 270.5 262.1 250.4 243.9 246.8 255.8 260 268.7 266.6 257.3 246.5 238 230.6 227.5 223.5 219.8 212.1 204.7 198 201.7 209.5 204 194 188.3 180 171.9 159.5 148 146.1 140.2 132.5 128.8 122.5 117.5 113.6 109.4 102.5 93.4 90 84.6 83.2 86.8 88.5 91.5 89.4 91.5 96.9 99.1 102.2 103.9 105.3 106.1 107.1 109.3 109.7 110.8 113.4 115.1 117.2 113.9 104.5 94.1 94 86.6 94.7 88.4 75.8 56.9 53.9 54.9 53.7 50.4 47.8 45.2
313.1 307.7 299.1 293.1 285.5 270.8 260.1 248 241.6 240.2 244.1 254.9 257 253.2 248.5 240.3 233 227.1 228.8 220.2 212.9 207 198.8 190.9 193.6 194.6 192.6 183.8 175.1 168.8 160.1 153.9 141.7 134.6 130.3 122 115.6 113.3 111.5 107.7 102.4 97.7 93.3 87.4 82.5 80.4 83.4 84.9 87.6 85.7 90.7 96.4 102.5 100.5 100.5 99.1 98.4 98.6 101.4 104.1 106.9 110.9 112.3 112.9 105 93.9 79.4 81.6 82.3 72.7 65.8 54.9 46.1 43.5 43.3 42 41.8 41.2 39.1
310 303.6 300.3 296.7 283.8 270.5 257.3 248.5 242.5 238 238.5 243.6 246.2 243.9 241.2 235.1 228.9 223.9 219.4 216.2 207 202.3 194.6 185.6 184.3 188.1 183 182 173.2 164.1 152.9 144.2 132.1 125.6 118.4 115 108.8 114.3 111.7 104.4 101.4 96.7 88.6 81.7 78.3 79.8 80.2 83.6 81.8 88.8 91.7 94.7 99.9 98.7 97 96.4 98 101.5 99.9 101.9 104 106.1 105.8 106.2 98 83.6 67.8 68.9 67.8 57.3 51.6 48.1 44.7 38.9 37.3 35.9 34.5 33.2 32.7
304.8 297.6 294.5 290 280.8 272.6 263 250.1 241 233.8 229.1 235 238.7 234.4 230.3 223.9 221.7 221.2 217.6 205.6 199.8 192.7 185.5 179 177.4 176.3 177.9 180.7 164.4 157.2 146 134.2 126.7 120.9 115.9 108.7 105.7 105.3 102.3 104.6 102.7 93.1 83.7 77.2 76.4 76.3 76.5 81.4 84.2 91.6 94.6 95.9 95.8 94.6 93.5 95.4 93.6 94.2 93.8 94.7 95.7 95.6 95.2 94.8 91.2 75.4 58.8 54.8 53.8 49.7 45.4 42 38.9 36.6 34.2 32.6 31.3 28.3 29.2
300.6 294.2 291.4 282.4 279.2 273.9 264.7 255.9 245.3 230 221.9 226.8 229.6 228.6 224.2 214.7 210.7 209 205.5 199.7 198.3 180.7 175.7 167.7 166 167.9 175.6 166.1 152.6 144.6 133.3 128.4 121.2 116.2 112.1 105.2 99.2 98.1 101.1 102.5 98.1 91.3 81.5 75.3 73.8 74.9 78 82.7 84.9 89.4 93.4 94.1 92.9 91 88.6 86.5 85.6 87.1 87.4 87 88.5 89.4 89.9 88.9 80.3 67.2 50.3 44.8 42.7 40.9 39 36.3 34.1 32.8 30.9 29.5 27.9 25.1 26.6
295.3 291.4 283.7 278.9 276.4 271.9 262.9 256.7 246 238.5 223.3 212.4 216.8 219.2 213.7 206.5 200.1 200 195.2 187.6 182 172.6 160.8 154.3 153.4 158.3 156.5 152.8 135.5 128.3 124.7 121.7 116.2 110.3 106.3 97.3 96 95.3 98 98.2 93.8 86.1 81.2 74.1 76.7 78.3 79.4 80.4 83.2 87.2 91.2 92.4 90.5 88.2 86.4 83.4 81.2 82.4 84.9 85 84.1 83.7 84.5 87.8 67.3 56 40.4 35 35.7 34.7 33 32 31.5 30.7 29.8 25.7 26.4 27.8 29
290.1 287 279.6 276.8 275.4 265.1 257.1 249.1 242 233.7 221 213.3 204.5 200 195.1 190.5 190.1 187.9 180.4 175.4 174.3 171.8 157.7 143.2 140.5 140 140 132.5 125.6 121.4 119.5 114.7 111.4 106.4 98.7 98.1 96.2 96.3 97.2 93.8 90.7 86.5 81.3 71.7 73.9 76.8 78.9 83.2 87.1 90.3 95.2 96.1 93.5 89.8 86.8 83.8 81.9 78.3 77.1 79.9 78.4 77.2 77.1 67.5 53 43.5 33.8 30.7 30.5 29.4 28.7 29.3 29.2 28.6 27.1 25.9 26.5 27.8 29.6
281.5 278.1 275.7 273.3 272.4 263.8 256 244.3 231.8 224.4 218.2 209.4 201.4 193.7 179.6 177.5 170.4 168.9 162.8 165.2 166.8 161.2 151.5 138.4 134.1 129.7 128.3 121 117.3 117.7 111.1 106.3 103 101.5 101.4 100.2 99.5 99.9 97.6 92.6 87.1 83.6 77.7 71.7 71 75.1 79.1 82.9 93 94 98 99.3 96.2 88.8 85 83.2 81.5 78.1 73.3 67.2 70.1 69.2 63.2 56.8 48.1 37.7 30.6 27.4 26.3 26.2 26.3 26.8 27.6 26 24.9 24.5 28.1 30.4 34.3
272.8 270.7 270.6 269.3 264.9 258.8 248.9 240.9 228.9 217.4 210 205.8 194.3 187.1 179.5 170.6 164.1 160 151.7 152.8 154.6 152.8 141.2 130.9 121.1 117.7 114.9 113.3 109.2 105.1 102.9 105 106 103.8 101.6 97.9 97.4 94.4 92.5 88.9 82.8 79.6 74.4 69.4 65.9 74 79.7 83.2 90.4 94.8 100.6 99.4 93.7 88.5 84.3 80.2 76.5 73.2 66.3 61.3 63.1 60.9 55.6 44.8 41.7 31.7 27.9 25.2 24.2 24.3 24.5 25.3 25.5 25 24.4 29.4 32.1 36.6 44.3
264.4 262.8 266.3 264 261.8 251.1 239 230.2 221.8 211 193.7 191.4 184.6 176.6 171.3 165.5 156.6 155 150.5 143.3 140.9 136.8 133.7 127.9 117.1 108.1 108.1 107 103.9 99.6 105.8 109 104.1 100.7 99.3 95.2 92.1 91.7 90.1 85.7 80.3 76 72.7 70.1 66.9 74.1 80.3 84.4 88.8 94.1 100.4 97.4 90.1 84.7 82.5 79.7 68 63.9 62.1 57.1 55.5 52.6 42.1 36.1 30.6 27.9 24.4 23.2 22.7 22.4 22.9 23.2 21.3 23.6 27.9 34.6 38.6 46.2 53.5
255.2 257.8 258.5 258.1 255.8 246.6 233.1 221.9 212.6 199.4 188 175.7 170.1 167.7 165 160.5 157.5 155 146.9 141.5 138.9 138.6 138.1 133.5 125.2 111.9 101.2 98.4 96.9 98.2 101.4 98.1 98.7 98.1 100.1 92.3 90.2 87.8 88.4 83.8 78.3 73.3 70.8 66.6 68.6 73.6 80 83.7 91.3 93.9 97.3 90.9 84.4 80.3 79.1 75.1 65.9 59.4 51.3 49 44.6 44.4 34.8 29.4 26 23.6 22.4 20.7 19.4 20.1 19.7 21.2 21.5 25.7 32 38.9 48.3 58.1 67.6
246.7 249 253.1 253.8 247.1 239.4 223.4 214.1 199.7 192.9 184.4 172.1 162.3 158.7 158.2 155.6 148.9 144 142.2 140.1 137.8 131 131.3 129.3 120.5 111.4 102.8 99.6 94.1 96.7 94.9 94.6 94.6 96.2 95.1 88.7 85.9 85.8 86.8 82.8 75.2 69.2 67.3 65.7 68.4 73.8 79.6 82.9 89.7 90.1 90.6 81.4 75.9 72.4 72.6 68.7 63.5 58.1 50.1 41.6 34.7 32.8 31.4 27.3 23.6 22.1 20.6 18.9 16.9 18.3 19.7 21.4 24.6 29.5 37.4 47.1 66.2 84.4 89.2
238.9 237.5 245.1 243.5 236.1 227.6 215.2 200.2 189.7 181.9 173.9 166.5 159.2 153.9 148.4 148.1 148.7 147.5 148.9 146.9 142.2 129.2 123.9 120.4 113.2 105.3 104.6 101.9 96.9 92.8 93.2 92.8 89.8 88.4 86.5 84 83.9 84.2 86.9 82.1 71.8 65.4 61.3 64.9 68 70.1 75.4 81.3 83.8 80.6 78.2 71.8 66.3 64.8 67 63.5 59.9 56.4 47.6 37 30.7 25.8 24.5 22.5 20.7 19 17.4 16.9 18.7 20 21.6 24.3 27.5 35.3 43.7 54.3 63.8 81.2 89
230.4 218.7 218 235.3 229.1 213.6 204.7 190.1 181.2 171.4 166.3 161.4 155.6 151.3 149.9 147.4 146.3 145.2 144.4 141.5 137 131.6 123.3 115.2 113.1 109.8 103.6 99.3 93.4 90.8 90 91.7 85.8 84.1 81.1 80.4 83.1 81.3 83.6 76.7 66.7 59.8 60.8 64.7 67.1 65.9 67.6 71.7 77.1 70 65.4 62.6 58.1 56.1 59.4 56 54.1 51.4 40.9 31.1 26.3 23.1 20.5 21.3 17.7 19.4 18.1 18.1 19.9 20.1 23 25.8 31 42.5 53.5 63 70.2 79.5 84.6
224.8 221.8 216.7 209.8 210.2 203.6 195.2 179.5 167.8 163.7 161.5 158.7 163.5 153.5 149.4 146.1 143.8 143.5 142 137.3 133 128.5 123.5 122.4 117.6 110.1 102.2 95.8 89.6 87.4 86.2 84.7 85 81.8 77.6 76.1 79 81.2 80.9 71.9 59.9 54.8 58.2 62.9 61 61.5 60.6 63.6 60.6 59.6 54.4 52.9 48.6 44.6 45.8 48.3 47.2 39.1 36.5 30.6 24.1 20.8 18.2 16.1 18.5 19.8 22.6 21.2 21.2 20.4 24 28.2 35.1 43 52.7 61.4 69.8 78.6 90
223.7 212.8 209 198.5 189.5 184.2 181.1 173 162.8 159.4 160.3 165.8 163.8 153.5 145.7 143.8 142.7 142.5 141.1 137.8 128.8 125.7 126 126.4 118.9 110 102.7 93 88.2 83.2 83.3 78.8 80.4 77.8 75.6 71 73.9 72.9 69.1 59 50.9 55.8 55.4 57.4 56.8 54 53.6 51.9 53.7 48.6 47.5 44.3 41.8 38.2 38.8 36.3 36.1 30.5 28.8 24.3 21.9 17.7 16.3 17.9 19.3 20.3 21.3 22.5 23.9 21.9 23.7 31.5 39.9 48.9 57 67 75 89 101
214.9 213.6 203.5 187.1 179.6 178.2 175.7 165.6 167.6 167.2 167.7 166.1 161.9 156.1 153.5 149.4 145.7 145.1 149 142.7 131.5 128.9 125.9 121.3 116.5 107.6 101.8 92.2 86.9 83.7 76.6 78.1 75.9 73 72.7 69 67.5 62.9 58.4 54.4 47.9 51.4 54.2 53.6 53.3 48.2 47.1 45.6 46.8 40.7 39.5 38.2 33.2 28.3 29.2 28.8 25.5 23.6 22.7 21.1 19.9 15.6 16.6 18 19.7 20.7 21.6 23.6 25.7 25.4 28.2 34.4 43.1 51.3 61.1 71.4 84.9 104.7 113.9
207.3 201.5 190 184 177.6 177.7 184.4 179.8 175.8 173.3 172 166 163 158.7 156.3 156.3 154 147.8 145.4 140.9 134.1 128.2 122.5 118.7 112.7 106.6 97 89.4 84.9 81.6 77.5 72.5 69.2 68.8 67 64.3 58.5 57.2 50.9 48.5 42.9 46.9 49.6 48.5 45.3 40.6 40.1 37.7 34.9 33.5 31.4 29.2 26.5 25.6 26.3 22.6 20.4 20.7 20.1 20.2 19 15.5 15.9 17.9 20 21.1 23.1 25.3 28.4 29.1 30.7 39.1 48.1 57.3 69.8 82 95.6 113 125.1
198.9 188.9 181.6 181.9 183.4 185 187 183.8 181.3 180.2 175.3 165.6 161.3 158.7 158.3 156 151.9 147.9 144.6 139.2 136.5 126.5 120.3 115.7 110 100.9 93.9 87.7 83.8 81.2 78.9 73 67.6 60.8 62.1 57 52.9 52.2 48.9 44.4 35.9 45.4 45 40.2 38.7 35.9 33.6 33.3 31.9 30 27.8 26.9 26.7 24.3 23.1 18.7 20.8 22.9 21.2 21.7 17.4 15.2 16 19.5 20.7 22.4 25.6 30.1 34.1 36.7 36.6 44.8 56.8 65.9 80.5 92.8 108.1 130.1 146.7
186.3 178.9 180.1 188 187.3 186.1 184.2 182.6 183.9 181.1 177.4 169.7 162.4 160.7 160.2 154.8 150.3 145.3 142.6 137.4 134.8 125.3 119.4 115.6 111.5 101.8 94.1 87.5 81.8 79.9 75.9 72.9 68.5 63 51.8 52.8 48.3 46.8 46.2 41.7 32.9 36.8 36.8 33.4 31.7 31.2 30 30 29 26 24.1 22.8 22.8 18.5 18.2 17.6 19.8 21.5 21 20.3 18.7 15.2 18.2 19.4 20.9 25.1 28.7 33.5 39.1 43.9 47.9 53.6 64.2 76.2 92.1 110.2 134.2 157.8 166.9
177.7 172.2 191.5 191.4 188.5 186.7 183.9 180.8 177.4 176.4 175 170.5 167 165.5 165.9 157.9 150 145.8 138.3 133.5 128.8 123.9 118.2 114.7 108.7 99.2 92.9 83.9 78 75.8 72.4 68.5 64.2 57.2 52.3 41.3 43.3 43.4 41.3 36.9 29.4 27.3 29.7 30 27.1 28.3 27.3 25.5 23.7 21.3 19.7 18.9 16.7 16 15.9 16 19.9 19.8 19.7 19.5 18.8 14.2 16.6 18.6 21.9 26.8 31.6 39.6 47.3 54.3 61.8 65.5 77.2 95.7 110.2 126.8 150.7 173.6 187.1
168.6 175.6 183.9 186.6 189.1 186.5 183.5 178 174.7 174.1 174.1 170.6 170.6 167.9 165 158 153.3 143.5 136.9 129.4 124.5 120.4 116.6 112.2 105.2 97.7 90.9 80.8 73.9 69.2 67.3 62.8 55.9 49.7 46.8 41.8 33.7 33.2 34.4 29.7 25.7 22.5 25 24.7 24.2 23.1 23.2 21.4 20.1 18.8 17.5 16.1 15.1 14.9 14.4 15.1 17.8 18.8 19 18.5 14.5 13.9 19.1 22.7 23.9 30.1 39.1 48.8 57.8 66.5 75.1 85.1 99.3 110.2 129.1 154.5 166.7 186.9 201.1
173.1 179.3 182.9 184.9 184.5 183.2 181.1 176.9 171.5 169.8 169.3 166.6 168.3 168.5 165.9 157.8 152.9 146.3 134.6 130.6 123.8 118.6 112.1 107.6 100.9 97 90 78.3 72.6 65.5 61.7 56.3 49.5 41.8 40.5 37.4 32.4 24.5 26.5 21.1 21 17.5 20.1 19.8 21.4 19.9 18.4 18.4 19.1 18.4 16.7 14.7 14.2 13.9 14.1 14.3 15.5 17.2 17.8 17.8 14.3 18.5 23.9 27.5 31 39.6 54.6 66.4 76.2 85.1 96.4 106.1 118.9 132 144 170 195.5 206.4 213.5
174.1 178.8 182.5 183.9 182.9 180.9 178.8 177 170.6 166.4 163.2 164.4 164.3 162.3 161.2 156 154.4 146.1 139 128.5 118.4 112.8 109.7 102.7 97.5 92.1 88.1 75.3 70.1 63.4 57 50.5 43.6 38.1 32.4 28.7 24.8 21.5 21.6 17.1 16.4 14.7 15.8 16.2 18.9 19.2 17 17.8 19 17.2 17.1 13.9 13.6 13.7 13.2 12.2 13.3 13.6 14.9 14.1 17.4 24.6 29.4 36.7 43.1 57.2 74 87.2 96.4 106.8 122.5 128.4 138.9 152 165.1 178.8 207.1 217.2 229.3
171.5 176.8 180.2 181.5 179.7 178 175.6 174.8 170.6 164.6 161.7 161.2 161.1 158.3 157.3 153 146.2 142.1 137.4 125.9 115.9 108.2 104.4 98.9 95.8 90.2 83.6 73.6 66.9 57.4 48.6 42.3 38.5 30.9 27.5 22.9 19.7 14.8 14.2 15.2 15.3 13.8 15.2 14.6 16.1 16.4 16.1 15.3 19.4 17.4 13.2 13.2 12.9 12.7 12.8 14 15.4 17 19.5 20.9 28 37.1 46.4 53.5 62.7 75.5 90 102.3 115 125.9 138.9 145.7 154.9 169.9 184.3 199.7 211 221.8 233.9
