WholeMapElevations/data/sx/sx19_OST50GRID_20230518/SX19.asc
ncols 200
nrows 200
xllcorner 210000
yllcorner 90000
cellsize 50
[rows 36 to 71 of 200, columns 80 to 159 of 200]
-2.1 -2.1 -2.1 -2.1 -2.1 -2.1 -2.1 -2.1 -2.1 -2.1 -2.1 -2.1 -2.1 -2.1 -2.1 -2.1 -2.1 -2.1 -2.1 -2.1 -2.1 -2.1 -2.1 -2.1 -2.1 -2.1 -0.3 1.3 14 67.2 89.4 95.1 118.5 122.7 123.9 124 123.8 124.1 122.8 120 113.9 101.3 93.1 108.1 115.5 116.5 114.5 104.3 90.5 100.7 107.9 114.7 122.3 127.4 130.8 134 135.3 134.2 130.9 126.8 127.6 125.9 124.8 124.6 123.7 122.7 123.7 122.2 122 121.5 122 120.9 117.9 111 116.9 117 114.5 104.9 86 61.8
-2.1 -2.1 -2.1 -2.1 -2.1 -2.1 -2.1 -2.1 -2.1 -2.1 -2.1 -2.1 -2.1 -2.1 -2.1 -2.1 -2.1 -2.1 -2.1 -2.1 -2.1 -2.1 -2.1 -2.1 -2.1 -2.1 -0.3 1.2 2.7 80.8 107.1 114.3 119.3 123.7 126 127 127.6 127.3 125.9 122.6 117.3 114.1 98.9 106.8 114.9 119 117.2 111.8 104.2 97.4 96.1 104.3 112.8 116.2 125.7 131.5 134.1 135 134.7 134 132.9 133.1 132.9 130.9 130.7 130 129.3 128.7 128.3 128.2 127.2 126.4 124.1 122.2 123.6 123.2 119.2 111.1 93.7 69.5
-2.1 -2.1 -2.1 -2.1 -2.1 -2.1 -2.1 -2.1 -2.1 -2.1 -2.1 -2.1 -2.1 -2.1 -2.1 -2.1 -2.1 -2.1 -2.1 -2.1 -2.1 -2.1 -2.1 -2.1 -2.1 -0.6 0.5 1.5 2.7 48.6 107.8 113.9 118.9 122.4 126.5 129.1 129.7 129.7 128.3 125.8 122.5 118.1 110.2 103.8 112.3 117.7 119 117.8 115.7 111.3 100.1 102.5 98.2 108.9 119.4 126.3 133.2 136.4 137.6 138.8 138.9 139.4 139.3 138 137 136.4 135.6 134.5 132.9 132.3 131.9 131.2 129.6 129.8 129.5 127.8 124.2 117.9 101.5 76.3
-2.1 -2.1 -2.1 -2.1 -2.1 -2.1 -2.1 -2.1 -2.1 -2.1 -2.1 -2.1 -2.1 -2.1 -2.1 -2.1 -2.1 -2.1 -2.1 -2.1 -2.1 -2.1 -2.1 -2.1 -0.9 0.1 1.5 2.6 24.7 76.8 96.1 104.1 111.1 118 123 127.1 130.1 131.1 130.5 128.9 126 121.6 114.2 107.7 115.4 119.6 121.2 121.7 120.6 115.3 107.6 113.8 108.2 106.7 110.9 120.6 128 133.5 137.6 140.7 142.4 142.9 143.1 142.5 141.3 140.6 139.8 138.3 137.7 136.2 136 135.5 134.5 133.6 132.8 131.2 127.6 121.7 103.4 77.6
-2.1 -2.1 -2.1 -2.1 -2.1 -2.1 -2.1 -2.1 -2.1 -2.1 -2.1 -2.1 -2.1 -2.1 -2.1 -2.1 -2.1 -2.1 -2.1 -2.1 -2.1 -1.1 -0.6 0 0.5 1.1 2.5 49.6 55 73.3 87.6 90.6 98.6 106.9 114.5 121.5 127.2 130.5 131.4 130.6 128.6 123.3 119 112.2 120.4 124.3 125.7 125.7 124.8 119.9 113.4 118.4 117.9 117.4 108.2 114.7 123.2 130.2 137.3 142.1 144.9 146.3 146.5 145.7 145.5 144.7 144 142.1 141.1 140.1 140.7 140 139.2 137.8 136.8 134.5 130.2 120 100.3 73.7
-2.1 -2.1 -2.1 -2.1 -2.1 -2.1 -2.1 -2.1 -2.1 -2.1 -2.1 -2.1 -2.1 -2.1 -2.1 -2.1 -2.1 -2.1 -2.1 -2.1 -2.1 -0.1 0.9 1.4 1.9 2.4 12.3 63.7 82.9 91.3 101.2 103.9 105.8 108 110.6 118.2 125.3 130.5 132.7 131.8 130.5 127.7 121 120.5 125.4 128.4 129.3 129.3 128 123.4 122 122 122.6 122.7 115 123.2 126 129.8 138.3 144.4 147.9 149.9 150 150.3 149.9 149.9 149 148.4 147.2 147.5 146.3 146 145.1 143.1 139.6 136.3 130.4 113.3 91.4 61.1
-2.1 -2.1 -2.1 -2.1 -2.1 -2.1 -2.1 -2.1 -2.1 -2.1 -2.1 -2.1 -2.1 -0.3 -0.8 -0.9 -2.1 -2.1 -2.1 -2.1 0 1.1 2 4.8 16.6 16.1 34.5 67.8 98.8 104.2 109.4 113 115.3 117.6 118.3 119.3 125.7 130.2 133.2 132.3 131.1 128.3 125.4 126.8 130.1 132.5 133.6 132.9 131.3 127.4 126.8 126.5 126.1 125.7 118.6 126.1 131.6 135.5 140.7 144.8 149.2 153.3 156.1 156.6 156.1 155.9 156.1 154.7 153.1 152.3 152.4 150.5 148.2 144.4 139.2 133.9 121.9 101.6 80 58.5
-2.1 -2.1 -2.1 -2.1 -2.1 -2.1 -2.1 0.3 1.2 1.9 2.4 2.5 2.5 2.2 1.4 1 0.7 1 0.7 0.7 1.5 2.4 44 44.9 42 40.5 60.7 76 104.7 109.3 114 117.5 120.6 122.6 124.3 126.8 129.4 132.5 133.4 133.2 132.5 131.2 131 131.9 133.8 135.4 136.4 136.2 134.2 131.1 131.7 129.5 129.2 127.7 124 124.6 131.4 137.9 142.8 146.7 151.3 156.9 159.7 162.3 163.2 162.8 161.2 159.7 157.2 155.3 153.7 151.4 146.6 141.7 134.7 123.6 107.2 87.8 62.1 61.4
-2.1 -2.1 -2.1 -2.1 -2.1 -2.1 1.1 2.6 12.2 21.4 29.7 36.2 29.5 12.7 5 2.6 1.4 1.5 2.7 2.5 3.7 21.1 58.5 76.5 72.2 69.2 83 100.8 107.3 111.7 115.8 118.9 121.4 125.6 128.9 131.3 133.5 135.1 136.2 136.4 136.5 135.5 135.8 136.5 138.1 138.8 138.9 138.9 137.3 135.5 136.5 135.3 134.1 131.1 125.1 123.6 130.5 136.8 143.7 147.3 152.7 157.9 162.5 165 165.7 164 161.7 158.6 155.2 152.9 150.2 147.2 142.8 133.1 118.7 104.2 89.4 73.9 59.4 66.8
-2.1 -2.1 -2.1 -2.1 -2.1 1.5 3.6 36.6 44.3 54.5 56.7 54.9 45.7 39.7 33.4 30.4 21.6 20.7 18.6 17.7 27.2 34.3 89.8 109.7 104.1 100.2 107.4 105.7 104.3 105.4 109.9 114.7 118.7 125.1 128.4 132.6 135.7 137.5 138 139 139.8 140.1 140.8 141.5 142.8 142.7 141.7 141 140 139.9 140 138.9 137.3 134.4 131.1 129.1 130.2 137.2 142.7 147.2 150.9 156.2 161.3 163.7 163.7 161.2 158.6 153.9 147.3 142.9 141.4 138.6 133.9 115.5 97.7 82.6 71.5 62.4 65.1 70.9
-2.1 -2.1 -2.1 -2.1 1.4 11.7 47.9 71.9 78 77.9 94.5 89.4 84.9 76.7 65.5 56.5 56.8 49 50.6 49.3 47 59.4 101.6 104.4 107.5 108.7 108 104.1 99.1 98.2 100.8 104.3 115.7 122.6 127.4 131.4 135.4 137.6 138 138.6 140.9 142.7 143.6 145.7 146.2 146 145.6 144.9 143.4 142.9 142.7 141.9 141.1 138.9 137.3 137.4 136.2 137.6 142.5 147.1 150.6 153.1 158.2 160.4 160.2 157.8 155 148.8 139.7 132.8 129.2 126.8 118.2 100.4 83.9 67.6 76.8 65 73.3 84
-2.1 -2.1 0.7 1.2 2.7 32 67.6 73.2 78.3 84.6 92 93.9 99 97.7 86.5 81.2 78.8 73 69.8 70.9 70.9 74.9 83.7 91.5 96.6 99.2 99.3 97.1 91.5 86.1 92 100.3 107.6 114 120.4 125.3 128.9 132 133 133.5 136.4 140.6 143.9 146.3 146.1 146.3 146.6 146.6 146.1 145.5 144.4 143.8 143.2 142.3 141.9 141.3 140.9 142.1 145.5 147.5 150 152.2 155 156.5 155.7 153.1 149.7 143.7 136.6 128.2 115.7 112.3 105.8 85.5 72.6 84.6 93.1 69.6 72.6 90.2
-2.1 -2.1 -2.1 -2.1 17.1 2.8 43.6 48.2 53.7 59.8 65.6 68.9 74.1 79.2 75.1 68.3 58.2 49.7 45.6 49.2 49.4 50.3 56.7 67.6 75.9 80.9 84.6 80.5 75 75.3 86.2 92.5 98.5 106.3 111.6 117.5 121.5 122.7 122.3 124.7 129.2 134.2 140.1 144.3 146.9 148.1 148 147.7 147.3 146.9 145.8 144.5 144.2 144.4 144 144.7 144.9 144.7 146.7 148.4 149.9 151.4 152.6 152.4 151.8 148.8 143.6 137.4 131.9 125.8 116.2 98.6 86.9 73.4 87 101.4 95.3 76.8 66.1 87.9
-2.1 -2.1 -2.1 -2.1 2.5 17.5 22.9 25.8 30.6 35.5 39.9 43.4 47 50.6 51.2 46.9 38.6 43 52.8 51.8 56.4 59 58.4 55.2 53.2 57.9 57.8 57.1 61.7 65 68.7 75.7 85.6 96 103.1 110.6 115.3 116.1 116.1 118.4 122.5 127.9 134.8 140.1 144.3 146.2 146.6 147 147.2 145.8 145.1 144.2 145.3 145.4 145.9 146.5 147.7 148.5 149.4 149.5 150.4 150.6 150.7 149.7 148 143.9 137 128.7 122.3 119.6 113.6 95.7 81.8 83 97.5 101.6 96.9 80.7 66.3 78.5
-2.1 -2.1 0.3 1.4 2.7 22.8 31 28.8 28.2 26.4 30.9 33.9 36.3 34.3 35.8 39.3 47.8 61.1 64.9 59.6 68.8 71.8 75.2 76.2 73 62.8 64.3 65.1 67.7 66.3 64.9 64.4 70.8 79.3 90.5 101.8 106.1 105.2 105.8 110.3 117.4 123 130.3 136.9 142.2 144.1 144 143.8 143.4 142.5 141.7 142 143 144.6 146.3 148 149.2 150 150.2 149.6 149.8 149.7 148.6 147 143.3 138.7 132.9 127.8 116.2 104.9 99 86.7 78.6 96.9 107.2 103.8 96.7 84.3 72.2 68.4
-2.1 2 9.4 2.9 2.7 42.9 51.5 53 51.7 47.4 50.4 59.2 54 55.2 55.6 61.2 69.4 76.5 72.8 62.1 70.6 76.9 81 82.6 81 73.8 74.3 76.6 76 73.7 76.5 74.9 69.6 68.6 79.5 88 88.2 94.4 106.4 114.1 118.9 124.3 131.9 137.9 142.3 143.8 142.7 141.3 138.2 137.4 137.7 139 142 144.4 146.6 147.9 148.2 148.5 148 146.6 144 142.4 139.9 138.5 136 135.8 133.4 129.5 122 109.7 97.9 85.4 88.8 110.6 113.8 107 98.6 94.5 84.6 72
0.3 2.7 2.7 38.4 35 48.9 78.8 77.8 73.8 68.7 69.8 70.8 75.6 76.1 81.2 87.8 89.5 84.3 79.4 68.4 74.1 80.8 86 87.4 85.3 79.9 76.4 80.9 79.8 78.3 78.6 81.3 79.6 75 70.9 78.3 88.3 99 109.6 117.4 124.5 131.2 137.7 142.7 144.6 144.5 142.9 139.3 134.6 134.7 138.4 140.6 143.4 145.8 147.5 148.4 148.2 147.2 143.3 140.2 135.9 132 129 127.4 124.4 124.3 124.2 124.7 121.4 112.1 95.1 88.4 102.2 115.2 115.2 109.4 104.7 98.4 90.6 79.8
15.9 2.7 16.2 63.4 65.5 70 101.3 100.3 95.9 93 92.2 83.5 86.4 94.4 98.2 98.9 97.2 91.2 85 76.5 79.4 83.3 88.5 90.3 87.7 82.6 81.8 87 87.2 85.6 84 84.5 84 83.2 71.5 78.7 86.4 95.5 105.8 115.2 123.8 132.3 138.3 142.1 143.4 143.1 141.9 138.7 132.5 136.3 140.7 143.3 144.2 146.4 147.8 148.9 148.6 146.8 143 139.2 133.6 129.2 120.4 116 111.3 109 108.6 107.4 104.7 97.2 90.6 103.5 111.8 116.7 117 113.4 108.5 102.7 97.9 91.4
43 45.6 59.5 85.3 90.6 90.5 112.3 112 110.9 109.7 111.4 111.7 110.7 113.2 111.7 108 105 100.1 94 80.9 86.9 89.3 92.4 93.2 90.7 83.5 89.5 92.4 92.5 91 89.1 88.5 88.4 85.3 77.6 80.2 88.7 96.2 104.4 112.9 122.5 129.8 135.6 138.9 140.4 140.4 139.2 136.1 127.6 134.2 139.8 143 144.4 146.4 147.8 149.7 149.7 148.4 147.1 143.9 138.7 132.1 124.4 122.9 120 116 110.8 100.8 99.7 97.5 98.2 110.6 114.9 118.8 120.9 118.6 114.5 108.7 103 97.2
79 81.1 88.2 112.5 107.8 107.7 120 120 119.7 120.5 121.7 122.5 122.7 121.5 119.6 117.1 113.4 108.9 98.1 92.8 97.5 98.1 98.3 98 94.2 87.9 96.8 100.1 100.7 98.2 96.2 95.4 94.1 90.4 86.2 75.2 89.8 100.9 108.9 115.9 123.3 128.6 133.2 135.6 137.1 137.2 135.7 132.6 120.7 131.7 136.8 139.2 144.1 146.5 147.9 149.1 149.7 149.1 147.7 145.2 140.6 135.7 131.9 129.6 126.3 121.3 114.1 105.6 109.5 108.3 102.2 109.2 117.2 121.2 123.1 122.7 118.7 111.7 106.8 94.3
98.4 101.8 105.3 108.7 112.4 116.5 121.2 124.3 127 128.7 128.8 128.3 127.6 126.9 124.9 122.6 119.2 114.6 100.5 101.5 105.5 105.9 106.1 104.2 98.6 92.4 101.5 106 107.2 106.8 105.6 104.6 102.1 101.1 98 87.7 78.4 96.6 109.6 117.1 123.9 128.7 131.3 133.2 134.3 133.6 130.9 126.6 121 129.2 132.2 137.8 143 146 147.5 148.7 149 148.8 148.2 147.1 144.9 141.6 137.9 134.2 130 124.9 114.4 114.3 116.7 113.9 107.5 115.6 120.7 124.5 125.3 123.2 119.3 113.6 108.1 93.2
39.8 55.5 82.6 90 97.1 103.7 113 121.3 126.1 129.5 131.8 132 131.1 129.7 128.3 125.8 118.8 112.8 106.4 108.5 110.8 111 111 108.6 101.9 95.1 105.4 109.6 111.5 111.8 111.3 110.8 109.3 109.2 106.6 98.1 84.5 87.4 101.4 112.4 120.9 125.6 127.3 131.1 131.8 129.7 125 115 122.5 125.2 130.8 136.2 141.2 143.8 146.4 147.8 148.2 149 148.4 147.2 145.7 142.6 138.6 133 128.7 117.3 115.7 121.2 121.5 117.8 111.5 118.3 123.6 126.1 125.9 124.3 118.9 115.3 110 86.8
1.4 2.4 17.5 64.7 75.3 87.5 101.5 109.8 115.2 122.5 128.6 131.8 132.9 131.8 129.9 127.3 124.1 121 117.8 115.8 115.4 114.9 114.4 111.2 105.4 98.4 105.7 111.3 114.1 114.9 115.1 115.2 114.7 114.1 111.8 106.1 95 83.3 96.2 108 115.6 117.2 121.6 126.6 127.3 123.1 114.8 118.4 126.1 130.7 135.4 138.7 141.3 143.2 145.1 146.5 147.1 147.7 147.9 147.3 145.4 141.9 137.9 129.7 126.7 127.6 128.7 127.1 124.8 117 115.8 118.7 123.7 126.5 125 119.6 112.8 107.3 103 84.7
0.1 0.8 1.8 21.1 48.6 66.8 84.6 95.6 101 112.1 121 127.2 130.4 131.1 131.2 130.2 128.5 125.9 125.1 123.5 122 120.7 118.2 114.2 109.5 102.9 104.3 109.6 113.1 116.4 117.9 118.8 118.1 117.1 114.8 108.8 101.1 87.4 90 100.9 104.8 107 115.3 119.3 119.7 111 117.3 125.7 129.8 131.5 136.1 138.6 140.5 141.9 143.4 144.8 146 147 147.4 147.7 147.1 145.3 142 139.5 138.6 137.7 135.7 132.1 128.2 120 121.5 121.9 122.4 124.4 121.3 113.7 111 106.7 99.5 86.3
-1.2 0 1.1 2.4 8.3 44.4 63.6 75.3 86.7 101.6 113.3 122.2 127.7 131.2 133 132.7 132.1 130.7 129.1 127.8 126.1 124.9 122.6 118.6 113.2 108.5 105.3 108.8 112.3 115.8 118.1 119.4 119.1 119.3 118.2 112.4 105.8 97.4 90.1 86.5 92.1 97.2 107.2 112.5 108.4 107.6 117.9 123.5 125.7 131.1 132.5 134.6 137 138.8 139.9 140.7 143.5 145.5 147.1 148 148.3 148.3 147.1 146.2 144.4 144.2 142.1 138.6 132.9 125.1 127.9 128.1 126 127.5 125.1 122.8 121.9 117.4 109.4 87.4
-2.1 0.1 1.5 2.7 -0.2 14.3 40.4 50.2 69.7 88 101.3 111.1 118.7 125.3 129.4 132 132.2 132.3 131.1 129.7 128.4 126.7 124.2 121.6 117 112.3 108.4 108.4 112 114.7 117.1 118.6 120.7 121.2 120.3 116.4 111 104.9 102.6 96.6 97.6 94.2 93.1 96.4 98.4 106.4 110.4 114.9 117.7 121.7 123.6 126.8 129.3 130.8 132.4 135.4 138.8 142.1 145.8 147.9 148.9 149.7 150.1 150.3 149.7 148.5 146.3 142.5 137.9 131.3 133.7 134.7 132.6 131.6 132.9 129.4 127 120.4 110 90.2
-1.1 0.5 1.9 1.6 -2.1 7.3 14.3 33.5 50.2 66.3 80 92.5 102.9 111.6 118.8 124.1 125.8 126.9 127.5 128 128 126.8 125.4 122.5 118.7 114.2 110.7 109.4 111.1 113.6 115.6 117.2 119.7 120.7 120.7 118.5 115.5 111.4 107 103.8 105.8 105.6 104 102.7 104.6 105.4 105 108.5 112.7 112.2 112.8 117.5 120.4 122.5 124 127.2 131.6 137.2 141.6 144.8 147.3 150 151.3 152.6 152.9 152.2 149.7 145 141.1 137.1 138.9 139.1 137.6 137.6 135.5 132.6 130 121.9 114.8 97.7
0.9 1.2 2.3 1 -2.1 7.4 10.1 15.3 27.9 42.7 55.1 66.8 77.7 87.7 96.7 104 109 112.5 115.4 117 119.6 121.2 122 120.1 116.1 113.9 111.6 110.4 111.5 113.4 114.8 116.2 117.6 119.3 119.9 119.5 117.8 115.3 110.4 109.8 113.2 114.6 112.4 112.5 112.1 113.2 113 115.6 118.9 121 122.5 123.2 125.2 126.3 127.9 128.6 130 130.7 133.6 137.7 142.3 146.4 149.5 151.8 154 154.2 152.9 149.3 145.5 142.9 143.1 143.2 142.4 140.8 137.4 133.6 127.4 121.3 119 105.9
15.3 13 8.7 14.1 14.8 9.6 7.5 9.3 13.1 20.3 27.2 40.3 51 60.3 69.4 78.3 83.9 91.1 94.6 96.6 97.2 105.4 111.7 112.2 115 113.2 111.7 111.6 112.1 112.8 113.2 113.4 112.9 114.5 116.9 118.6 118.3 116.7 113.9 115.5 117.8 119.4 121.5 120.9 119.4 120.7 120.2 119.6 123.6 126.3 128.6 130.9 132.8 134 134.9 135.5 136.3 137.2 137.9 138.6 140.2 142.1 146.8 150.8 153.7 154.9 155 152.5 149.7 148 148.2 147.6 145.8 145.4 141 136.2 129.6 120.6 110.8 103.8
36.6 32 22.8 16.1 15.9 14.4 15.7 12.6 10.6 10.5 13 21.9 26.4 31.9 38.9 49.1 59.7 64.8 67.9 72 76.6 81.7 87.9 94.6 106.5 109.9 110.3 111.1 111.7 112.7 112 106.9 106 114 115.9 116.6 117.5 116.6 116.7 117.9 119.7 124 125.6 125.3 125.1 125.7 125 125.6 128.4 130.8 133 135.7 138 139 139.4 139.7 139.9 141.6 142.7 142.3 143.7 145.1 147.3 150.3 153.9 156 156.8 156.2 153.8 152.2 153.2 153.5 151.9 149.9 146.9 143.3 136.4 130 123.6 116.1
40.3 47.6 36.1 19.1 17.1 13.3 24.1 25.7 17.2 16.9 13.1 13.5 15.9 20 21.8 25.8 30.6 39.5 42.1 46.5 52.9 58.8 67.4 76.6 87.4 93.5 98 100.2 101.9 106.8 104.2 98 102.7 115.8 119 119.9 119.9 119.9 121.1 121.4 122.8 125.7 127.1 127.1 127.5 127.5 127.7 129 131 133 134.6 136.7 138.6 139.2 140.3 141.2 143.4 145.4 147 147.9 148.7 149.6 150.4 151.6 154.6 157 158.3 158.2 158.7 158.2 158.7 157.6 157.2 155 151.4 147 142.6 137.3 132 125.5
59.3 60.9 49.6 29.3 18.9 17.1 29.1 42.1 37.4 30.2 20.9 17.7 16.8 16.1 17.1 18.8 21.9 22.2 22.4 24.3 26.1 27.5 39 52.3 62.2 69.9 78.8 86.8 89.2 89.6 85.1 84.4 105.2 115.3 119.7 121.6 122.6 123.4 123.5 123.3 120 117.8 121 122.4 125.1 126.1 128.2 131.1 133.3 134.2 135.8 137.4 138.2 138.3 139.5 141.9 144.5 147 149.1 150.2 151.9 153 153.6 153.8 155.8 158.4 159.9 160.4 161.5 162.4 163.1 162.7 161.9 159.3 155.1 150.3 146 141.6 137.1 131.6
61.9 63.7 53.2 32.8 20.7 18.4 27.5 46.7 51.7 51.5 45.5 40 33.8 25.4 20 17.5 20.1 23.3 26.7 25.2 22.5 25.3 25.6 29.3 37.4 47.4 57.1 62.5 65.9 62.4 74.1 90 103.9 112.5 118.3 121.9 123.2 123.9 123.5 120.1 114.1 111.7 112.1 112.3 115.7 119.5 123.9 129 130.9 133 134.6 134.7 135.5 134.2 134.2 138.2 143.3 145.5 149.7 152.9 154.6 155.9 156.4 156.6 157.7 160.1 161.1 162.4 162.7 163.5 164.2 164.2 163.3 161.7 158.8 153.8 148.9 143.6 138.8 132.5
59.5 47.7 39 30.5 22.8 20.8 25.7 30.6 51.6 56.7 54.8 51.8 49.6 44.3 38.4 32.4 34.5 36.8 38.8 40.2 35.9 30.9 28.6 27.9 28.4 32.9 39.2 43.4 51.6 66.1 81.7 96.8 103.3 109.8 114.7 118.9 121.4 122.2 121.6 117.9 111.3 101.8 100 102.5 106.2 110.3 114.3 117.7 121.4 125.1 126.9 128.1 127.1 121.6 126.1 132.4 140 146.1 150.8 154.9 157.6 158.6 159.2 159.4 159.8 161.1 162.3 163.6 164 164.5 164.5 163.9 163.3 161.5 159 154.9 149.9 143.7 138.2 127.8
60.3 52.3 48.9 39.4 26.1 23.3 23.5 39.2 56.3 63.8 64.2 62.3 60 57.4 55.3 53 50.4 51.5 50.1 51.7 49.8 45.9 37.7 33.1 28.7 29.6 33.2 35.9 43.1 61.5 81.9 93.4 100 104.9 108.8 112.2 116 119 118.2 113.6 106 94.7 89.3 92.3 94.1 97.9 100.3 102.3 104.5 109.6 114 117.8 117.5 110.6 120.9 129.7 138.1 144.7 150 155.1 158.9 161.1 161.1 161 161.1 162.6 163.2 164.3 164.9 164.2 164.1 163.6 162.9 161.4 157.1 151.4 147.3 142.1 135.5 123
73.8 70.5 64.4 57.1 34.7 24.4 25.2 43.6 59.7 69.3 73.5 74.1 71.1 69.3 69.4 68 67.5 64.4 63.4 62.5 61.3 59.7 55.3 46.8 37.6 33.1 30.9 32.9 34.4 42.7 62.5 79.8 90.5 96.2 100 107.4 113.5 117.1 117 112.7 104.8 94.6 79.4 81.6 81.3 81.6 81.2 83.5 86.8 91 96.8 101.6 99.6 105.7 119.6 127.7 135.8 142.8 148.8 154.2 158 160.2 161.1 160.7 160.2 161.2 162.3 162.9 164.8 164.1 163.1 161.8 161.4 160.6 157.1 151.6 145.8 134.7 129.3 126.4
