WholeMapElevations/data/sh/sh90_OST50GRID_20230518/SH90.asc
ncols 200
nrows 200
xllcorner 290000
yllcorner 300000
cellsize 50
[rows 140 to 174 of 200, columns 78 to 155 of 200]
356 357.7 355.1 350.4 344.6 336.3 331.2 329.3 328.7 330 330 331.5 335.2 339.9 344.7 350.1 356 366.3 373.9 378.4 379.7 379 378.7 377.2 375.9 375.3 374.7 373.6 371.5 369.5 367.9 367.3 368.1 370.1 372.2 374.3 378 379.5 381.3 398.2 408.1 410.8 408 406.2 405 406.8 408.4 407.1 407.6 408.7 408 407.1 407.6 410.2 409.6 407.7 404.7 401.9 399.6 396.8 393.7 388.9 385.8 381.4 379.4 378.9 377.6 376.2 374.9 373.3 371.1 369.9 369.4 368.8 368 355.2 369 372.3
354 354.7 352 347.5 342.6 336.7 331.7 330.3 330.8 330.9 330.9 334.3 340.8 346.5 350.2 354.7 364.9 374.2 377.9 378.6 379.7 378.4 376 374.6 373.3 372.9 372.7 371.3 369.4 369.2 368.7 368.7 369.6 371.9 374.5 381.6 383.8 384.7 391.1 407.2 409.8 409.2 408.1 407.6 406.4 406.6 407.6 406 404.3 403.6 402.6 401.8 401.1 402.1 402.8 400.5 398.9 396.1 393.7 390.4 386.5 380.8 377.2 375.7 375.5 374.8 373.7 372.7 371.8 370.4 369.1 368.3 367.4 367.3 363.5 371.7 374.6 378.9
351.2 349.7 347.2 344.3 341.7 334.8 332.9 333.4 333.6 332.8 334.2 340.5 348.3 350.9 353.5 361 370.6 375 376.9 379.1 379.3 373 372.5 371.5 369.8 369.9 368.6 367.7 368.6 369.6 370.4 370.7 371.1 373.2 380.1 385.6 387.4 391.2 399.9 408.7 409.5 410.7 412 411.1 409.5 409.1 409 406.8 404.7 403.1 401.8 400 398.9 395.2 395.3 391.2 388.2 385.2 381.7 380.5 379.9 377.7 376.8 374 373 372.3 371.5 370.4 370 369.1 367.6 366.6 366 363 370.7 374.6 381.7 384
347.7 345.6 341.3 339.7 337.7 333.2 335.7 336.6 336.7 335.5 337 345.2 348.6 350.5 354.5 365.1 367.1 373 377.7 379.2 372.8 368.4 368.3 366.8 366.4 366.9 365.7 365.6 367.4 369.4 369.8 370.7 372.7 375.9 386.6 390.1 392.2 396.8 408.2 412.2 411.7 414.8 413.7 413.8 413.5 411.6 410.7 408.2 405.3 402.4 400.3 398.5 396.9 393.4 390.6 386.7 387.9 387.5 387.2 384.6 383.3 383.2 380.9 376.1 374.7 370.9 370.2 368.6 368.2 367.6 366.7 365.9 364.2 366.5 372.7 377.8 383.8 384.6
344.3 339.3 335.8 335.7 333.6 335 337.5 338.5 338.5 338.5 341.1 345.1 347.7 349.1 355 359 366 374.8 377.9 373.3 365.7 364.1 363.5 361.9 362.9 363.1 363.2 364.9 366.1 367.7 369.2 371.8 375 381.1 389.4 392.8 396.8 409.2 416.9 415.5 414.9 416.7 416.1 416.2 414.8 412.9 410.4 406 402.8 400.5 399.1 397.4 395 390.6 391.2 391.1 391.1 389.7 389.6 388.8 387.5 385.7 384 379.5 377 373.2 367.8 367.9 367.1 366.4 365.8 365.3 366.3 372.9 378.8 380.5 379.1 379.3
344.9 336 334 333.4 335.2 337.8 339.2 339.5 341.1 342.5 341.8 345.5 346.5 348.9 352.3 358 366.4 370.2 369.2 363.8 359.6 358.8 357.7 355.6 356.9 357.7 361.6 363.2 364.8 366.7 369.2 372.7 378.6 386.9 392 396.1 409.3 416.6 419.3 418.5 420.3 420 418.2 415.4 414.7 411.7 407.7 404.1 401.3 397.9 396.5 395.5 393.6 394.1 393.8 395.9 398.6 399.3 399.2 392.9 390.3 388.1 384.7 381.3 378.4 374.8 368.9 367.5 366.2 365.5 364.7 365 367.5 373.6 377.3 377.3 378.6 378.3
342.3 335.8 333.2 334.1 335.8 338.3 338.9 340 342.5 344.4 344.7 344.9 346 347.2 350.1 356.5 364 363.1 359.9 354.3 353.1 353.1 352.3 353.2 354 356.8 358.7 360 363.9 366.5 369.1 374.6 382.8 389.8 395.5 404.9 418.6 424.1 423.2 423.4 423 420.2 417.5 414.9 413.5 409.5 406.6 404.2 400.9 398.5 396 395.1 395.5 396.3 396.3 399.9 401.2 402.9 402.8 401.5 393.1 390.6 387.3 384.1 381 377.9 372.4 367.7 366.5 365.9 365.9 366.9 367.4 374.1 377.8 378 378.7 376.7
337.5 334.2 332.5 333.8 335.1 338.3 339.6 340.2 343.4 346.1 346.2 346.9 347.2 348.6 351 359.5 359.8 356.2 348.6 347.4 348.3 348.6 349.2 351.2 352.8 355.3 356 359.9 363.8 368.2 372.7 379.1 386.9 393.4 400.7 417.3 426.5 427.9 425.2 424.7 421 418.1 417.1 415.2 412.4 409.2 406.9 404 400.7 399.4 397.5 397.3 399.2 400.6 400.8 403.4 405.2 405.7 405.7 405.1 399.1 394.2 391.8 391.3 384.2 381.4 377.7 373.8 368.6 368.2 367.6 368.3 370.7 375.7 378.1 379.5 377 374.9
333.8 331.6 331.5 333.1 334.9 337.2 338.9 341.2 344.7 348.6 350.9 350.5 350.4 352.7 353.9 353.9 350.3 342.8 342.2 343.2 345.4 347 348.2 349.3 350.6 352.6 356 359.6 363.9 370.3 377.2 383.6 390.3 396.5 409.5 425.9 430.7 427 424.9 422.1 418.5 417 418.8 418.4 416.9 415.1 412 409.2 406.4 403.5 401.3 400.7 404.9 406.5 408.1 408.7 409.4 409.6 410 409.6 405.8 399.8 396.8 395 387.7 385.1 381.6 378.3 375.5 369.9 369.4 369.8 373.3 376.5 378.4 378.6 377 375
330.2 328.4 328.7 330.7 333.5 335.7 339.3 346.9 350.8 352.5 352.5 353.5 355.6 356.4 353.2 346.6 338.6 337 338.7 342.4 344.1 342.8 346 349.2 352 353.8 356.2 359.5 363.9 369.6 377.8 386.4 393.8 399.7 419.3 428.9 426.9 424.1 423.1 419.5 417.4 418.4 423.4 423.4 423.9 420.9 416.3 414.1 410 407 404.5 403.5 407.5 409.2 410.8 412.3 413.4 413.2 413 412.6 409.3 403.6 400.4 399.4 395.6 390.5 385 381.8 379.1 376 370.9 371.3 373.9 378.3 378.8 378.9 376.8 375
327.8 327.4 327.5 329.5 331.6 335.1 344.8 352 353.4 354.2 355.3 356.4 355.8 350.8 344.3 336.3 333.2 333.9 339.1 339.1 339.6 345 347.2 351.4 355.7 356.4 357.9 359.5 363.7 369.2 377.4 387.5 394 408.4 424.7 427 423.4 420.3 417.9 415.9 417.6 424.2 427.2 427.7 425.5 423 418.5 416.9 412.7 409.3 406.5 405.1 409.3 411.7 413.4 414.9 415.8 416.1 415.6 415 411.7 407.2 405.2 405.1 400.2 396.3 389.8 384.6 381.8 377.1 376.8 373.9 376.5 380.4 380.8 378.3 377 375.3
326.2 324.9 324.8 327 331 343.5 350.4 354.1 353.1 355.8 355.8 353.7 350.3 340.7 333.3 330.3 330 331.9 337 338.7 342.5 346.4 352.6 356.6 359 359.8 360.8 361.6 364.1 369.8 377.6 385.5 399.4 419.7 426.3 424.6 419.9 414 411.7 415.9 421.3 423.1 426.2 428.6 427.3 424.7 420.9 418.9 415.2 411.9 409 407.3 412 414.2 416 417.4 418.3 418.4 417.9 417.8 415.5 413 411.8 409.6 406.3 402.9 394 388.6 384.9 380.7 381 377.2 379.6 381.5 380.7 378.7 377.3 374.8
323.6 322.3 323.1 326.5 340.2 347.6 349.6 349.6 350.8 353 351.3 345.6 334.8 329.2 328.7 325.5 326.6 329.6 334.9 338.7 346.3 351.5 355.2 358.9 360.3 361.9 363.3 364.1 366 371.2 377.3 387.8 408.6 417.1 419.1 414.8 409 406.2 408.2 411.3 415.8 423.3 430.9 428.9 429.3 428 424.8 421.6 418.7 415.7 413.4 411.5 414 416 418.2 419.7 420.5 421 421.5 421.6 419.6 417.8 415.2 412.1 408.4 404.7 397.4 392.3 388.5 385.2 384.2 380.8 383.4 382.5 381.5 379.9 376.8 375
318.8 319 323 331 341.3 344.5 346.2 347.8 349.4 348.8 342.4 331.6 327.7 326.7 325.7 324.3 329.1 331.8 334.5 341.6 350.8 356.1 357.9 358.7 358.5 359.9 362.1 364.2 367.4 372.4 377.4 392.4 403.7 407.9 402.8 401.9 401.7 403.2 405.2 409.8 417.8 424.4 429.2 429.5 435 432.4 431.4 427.5 423.6 420.1 418.2 415.1 415.3 417.9 420.6 422.4 424.1 424.5 424.6 424 421.4 419.4 417.1 413.8 410.2 406.6 403.9 395.7 391.3 388.3 387.4 385 385.9 385 383.1 380 377.9 376.4
315.9 319.1 327.3 337.7 341.3 343.5 344.5 345 337.7 336.6 331.6 326.6 324.9 324.9 323.8 325.8 328.5 331.8 337.3 349.7 354.2 355.2 355.7 355.1 356.3 358 360.3 363 366.5 372.5 377.5 384.5 388 390.9 397.2 402 404.1 404.9 407.9 417.2 423.4 429.5 431.2 436.7 439.9 437.3 433.6 430.4 426.3 421.8 418.4 416.4 416 417.5 419.2 420.8 422.3 424 423.6 422.7 421.5 420 417.9 414.5 411.5 408.4 405.7 398.6 394.1 391.2 390.2 387.7 387.3 386.3 384.1 382.5 381.6 380.1
312.5 318.3 323.4 337.2 340.4 342.7 343.6 339.3 333.3 331.4 327.4 323.5 323.5 323.2 319.5 325.8 329.6 335.7 347.7 350.9 352.2 352.3 351.2 352.4 354.5 356.4 358.8 361.4 368 370.8 375.4 379.2 382.6 388.2 393.7 403.7 407.6 408.6 413.6 418.3 421.8 424.9 428.1 437.6 438.3 434.5 430.6 426.7 423.4 420.7 418.7 417.6 416.9 417.2 418.4 420.4 422.5 422.6 421.9 421.1 420 418.8 417.7 414.8 412.3 409.8 406.8 400.7 397.5 395.2 393.4 390.4 390.3 389.3 387.3 385.6 383.7 381.5
313.6 321.5 329.8 335.1 337.8 338.9 331.9 326.5 326.9 328.2 325.2 321.9 322 322.3 322.4 325.9 336.7 343.7 345.8 347.2 348.5 348.2 348.4 349.6 352.1 354.1 356.9 363.9 369.6 371.6 374.4 379.7 384.5 390.1 400 410.4 414.7 415.7 415.1 413.6 415.4 419.7 425.2 428.6 429.6 430.3 431.1 429.8 427.5 425 422.9 421.4 420.1 418.9 418.8 420.6 421.8 420.8 420 419.2 418.1 416.9 415.9 414.5 412.6 410.7 407.9 403.3 400.5 399 396.6 393.9 393.8 392.4 389.7 386.8 384.1 381.8
316 326.9 331.4 335.3 328.6 325.6 321.7 321.9 323 323.7 321.3 319.6 321.2 319.3 322.7 330.1 336.6 340.3 342.8 342.1 342.1 344.3 345.1 347.6 348.7 353.8 359.2 368.8 372.4 376.7 381.7 387.6 393.1 399 406.5 408.7 408.2 408.2 407.6 407.9 409 411.2 413.9 421 427 430.6 432.3 431.6 430 427.1 424.7 422.6 421.2 420 419.4 419.8 420.1 419.2 417.7 416.6 415.1 414.3 413.6 413.7 413.1 412 409 405.9 403.3 401.3 399 396.4 394.6 391.4 389.1 386.7 384.1 381.5
325 330.7 333.4 329.6 320.6 319.1 318.6 319.3 319.1 317.8 317.2 317.6 319.7 314.8 322.5 330.2 335 337 338.6 339.2 339.6 340.9 342.6 343.1 350 356.5 361.4 367.3 374 379.6 384.2 389.4 397.7 403.9 405.5 405.1 404.5 403.6 402.8 402.1 403.3 404.9 407.7 412.7 421 426.1 428.3 428.7 427.2 424.8 422.7 420.9 419.8 418.8 417.4 416.8 416.9 416.2 414.8 414.1 411.3 410.6 410.8 412.4 412.3 410.6 408.3 405.2 401.5 399.7 396.9 394.5 392.5 390 388.3 386.4 382.2 376.3
327.5 331.4 330.5 318.3 312.7 313.2 314.7 315.8 315.4 314.6 315 315.7 317.3 311.9 321.9 328.2 331.1 331.4 333.2 333.8 334.7 335.2 337.5 343.9 352 355.3 357.5 364.8 371.3 377.4 383.7 392.6 400.1 402.4 401.7 400.7 399.8 398.9 397.4 397.1 397.3 398.8 401 402.9 406.2 412.4 419.6 421.6 419.9 418.7 418.3 418.3 417.7 416.3 414.9 413.7 412.5 411.6 411.4 408.9 405.7 406.7 408 409.9 409.6 408.2 404.9 400.3 397.4 396.1 394 392.2 390.6 388.9 386 381.6 372.7 361.1
324.8 330.1 320.5 311.3 308.1 310 311.1 311.6 311 312 312.4 313.4 314.7 313.6 314.7 319.4 325 326.5 328.1 329.8 332 333.9 337.8 344.7 352.8 353.8 356.4 367.7 380.8 389.5 396.8 399.8 400.7 399.7 398.2 395.6 393.3 391.2 390.7 391.2 392.3 393.8 396 398.7 402 408.2 410.6 413.2 416.1 416.4 417.2 416.2 415.5 414.1 412.3 409.6 407.8 405.8 403.2 400.6 399.3 397.9 400.3 403.4 404.7 399.6 395.2 389.3 387.5 390.1 388.1 388.4 388.3 385.1 378.3 371.2 357.6 351.3
322.7 320.4 309.6 304.8 305.1 306.6 307.4 307 307.5 309.1 311.1 311.5 312.6 303.8 315.8 318.2 320.7 322 324.4 328.4 331.2 333.4 337 344.8 349.7 350.7 356 372.3 383.7 392.8 398 398.9 395.3 393.4 390.7 389.3 387.2 385.9 385.8 387 387.7 389.9 392.9 396.2 399.7 404.1 409.8 413.2 414.8 415.7 415 413.5 409.5 407.3 406.5 404.8 401.1 399.8 397.1 394.8 388.9 386.1 385 385.6 386.2 383.5 380.7 376.7 378.6 378.5 382.2 384.4 381.2 375.7 368.8 356.8 348.7 339.5
313.2 309.9 304 300.7 300.5 302.6 304.4 305 305.2 306.6 306.3 304.9 300 311.5 314.7 316.2 315.8 321.7 326.9 328.6 331 331.7 334.5 341.4 343.7 350.1 363.3 374.1 381.3 386.7 390.3 388.8 386.9 385 383.2 381.6 380.3 381 384 384 386.2 388.3 391.7 395.2 400.9 405.4 406 406.4 406.5 406.5 405.3 405.8 404.5 403.1 403 402 399.3 392 391.7 389.3 383.1 377.7 374.7 369 367.6 368.3 368.5 368.4 369.4 374.5 377.8 375.5 371.1 365.7 358.5 348.1 340.1 331
299.8 301.3 298.2 296.9 296.4 298.5 301 303.4 303.2 297.4 296.5 299.2 306.6 312.4 313.4 315.5 317.7 322.3 326.3 327.2 328.6 329.9 331.5 334.6 338.1 350 356.7 362.7 368.7 375.6 379 379.4 378.9 378.8 377.5 376.7 376.9 377.6 379.6 381.6 384.7 386.8 389.1 393.5 395.9 396.1 396.5 397.7 397.2 397.6 399.5 401.1 400.9 401 401.1 400.3 397.7 389.2 379 378.1 373.3 365.8 365.7 362.3 360 358.2 360.1 362 366.5 370.8 369.9 366.1 362.3 356.4 348 339.6 330.8 321.8
293.7 296.2 295.5 294.7 293.7 296.1 299.4 297.6 295.6 291.5 294.8 303.4 309.2 311.3 312.5 314.6 317.6 319.3 322.3 324.7 326.6 328.3 330.2 332.4 333.2 334.1 340.4 347.6 354.6 361.7 367.3 368.8 370.7 373.8 372.9 372.2 372.2 373.2 379.1 381.6 383.6 384.8 385.4 386.6 387.8 388.4 389.1 390.4 391.6 393.5 395.3 397.3 398.7 399.7 399.2 396.3 390.8 385.8 369.5 366.7 364.9 359.2 359 357.3 354.1 353.2 353.9 358.4 364.3 363.9 361.1 358.6 352.9 346.3 337.2 330.2 323.4 317.8
291.9 293.6 293.4 294.5 293.9 292.7 291.9 285.8 285.6 296.1 302.5 298.3 307.7 310.8 312 314.4 316.7 319.3 321.8 323.8 325.1 326.4 327.7 329.7 331.2 333.2 335.8 338.3 341.6 346 350.9 354.1 357.5 362.7 365.5 365.6 367.3 375 379.4 379.5 379.2 380.8 380.6 381.2 382.6 383.9 384.6 385.7 386.8 388.4 391 394.2 396.4 397.8 396.3 390.2 383.2 376.9 372.4 365.5 356.1 354.6 353.2 353 351.2 347.3 351.4 357.1 359.1 356.5 353.4 350.1 344.8 337.1 327.9 322.1 317.7 311.6
290.6 292.1 292.6 293.8 290 281.1 287.2 291.2 293.9 299.1 302.6 302 299.5 303.1 305.7 312 314 315.8 321.2 321.5 322.2 322.8 324.2 327.8 330.5 332.2 334.7 336.6 338.3 341.4 345.2 348.5 353.5 356.4 356.9 363.9 369.4 373.6 374.6 373.9 372.9 374.4 376.6 378 378.8 379.3 379.5 381.5 381.5 383.3 386.9 389.5 391.1 393.7 389 381.7 374.5 368.4 362.8 359.3 353.4 350.6 349.6 348.8 348.8 341.9 345.9 349.5 350.4 350.5 347.9 342.5 334.6 325.8 320 316.3 311.7 306.5
290 291.8 292.2 292.9 277.5 286.2 295 296.2 297.1 299.6 302.9 305.2 305.1 307.1 309.5 307 313.2 313.3 317.1 319.8 321.5 320.6 324.8 327.2 330.7 333.2 335.5 337.3 339 340.9 344.3 347.1 351.6 354.5 359.2 365.6 369.3 369.8 368.9 368.3 368.2 369.4 371.5 374.3 375.7 374.2 373.7 374.3 374.6 375.7 379.9 383.6 384.3 383.3 378.9 373.3 367.4 362.7 357.5 352.7 350.2 347.3 346.2 345.1 344.2 340.4 343.3 347 349.6 349 343.4 334.9 326 318.9 314.4 310.6 305.8 303
289 291.4 291 287 276.8 288.5 296.6 296.4 297.8 299.7 302.8 306.3 308.3 310.2 312.8 314.7 317.1 318.9 320.9 322.3 323.7 324.9 326.1 325.3 330.5 332.9 336 338.8 340.4 343 346.7 349.3 352 354 359.8 366.7 368.2 367.3 365.5 364 363.7 364.6 365.3 366.3 367.6 368.5 367.8 368.8 369.4 367.7 372 372.8 372.2 368.7 366.3 365 361.5 355.6 351.2 348.4 346.3 344.7 343.7 341.3 341 334.9 335.9 345.1 346.4 343.2 335.8 326 319.4 314.1 308.9 304 300.1 298.7
289.2 291.5 285.2 275.3 280.8 292.5 296.4 296.9 298.4 300.5 303.3 306.9 310 311.6 314.1 316.4 318.3 320.3 321.5 323.3 325.1 326.7 328.3 330.1 331.4 330.7 335 338.7 341 343.5 346.1 348.2 350.1 352.7 358.3 361.9 361.6 360.7 360.7 360.6 361.4 362.7 363.2 363.7 364.3 364.5 363.8 362.3 363.6 362.5 361.9 361.5 359.6 356.2 356.7 357.3 354.8 351.5 347.7 344.7 343.6 341.2 340.4 339.9 337.4 335.7 325.2 334.1 335.9 332.7 327.8 321.3 314.2 308.8 303.7 299.2 297.2 293.7
292.2 294.1 278.8 275 287.2 292.3 295.3 295.8 298.2 303.4 307.4 309.1 310.7 313 315.6 317.6 320.6 321.9 322.7 324.3 325.7 328.3 330.8 332.7 334.1 334.9 335.7 336.6 338.5 342.2 344.6 347.7 350.3 351.9 354 356.1 357.3 358.9 359.8 360.4 361.8 362.3 362.5 362.5 361.9 361.5 360.8 360.2 359.9 358.9 356.2 356.3 352.7 349.9 348.8 348.8 348.9 346.3 343.4 341.3 339.4 337.9 337.7 336.5 332.8 332.1 327.2 323.8 325.9 321.8 316.5 313.3 307.9 303 298.4 295.7 292.4 289.9
294.8 294.7 271.7 277 289.4 291 292.9 296.4 302.3 306.9 309.8 311.8 313.3 314.5 317.9 322.9 328.2 324.7 324.5 327.1 329.7 335 335.7 337.6 338.4 337.3 338.5 339.3 341 340.7 344.7 349.5 351.7 354.4 356.5 358.4 359.5 360.4 361.4 362.7 363.5 364.5 363.4 362.7 361.7 358.2 356.2 356 357.3 354.8 351.5 349.9 347.7 345.5 344.1 343.7 343.3 341 340.4 338.4 336.9 335.6 335.2 332.3 331 330 326.1 321 309 307.3 304.5 301.8 299.3 296.5 294.3 291.8 288.8 286.2
293.3 286.3 267.6 279.4 288.3 288.3 292.6 301.6 309.1 310.5 312.2 314.7 318.2 323.4 327.9 332.4 334.1 329.4 329.3 333.8 337.7 341.7 342.7 343 344 343.4 342.3 345.8 346.6 342.6 345 347.5 350.5 353.6 356.7 359.2 360.3 361.2 362.1 363.1 364 364.3 363.6 363.1 360.8 357.6 354.9 352.6 352.1 350 348.5 347.1 345.8 343.6 341.2 339 337.8 334.8 336.7 336.8 332.8 333.5 332.5 329.3 327.6 326.4 322.3 318 310.2 301.2 296.1 292.6 292.2 290.4 287.9 287.2 284.4 282.3
289.4 285.6 266.1 277.8 286.6 288.9 293 304.8 310.9 312.5 314.5 319.7 326.1 329 332 336.6 339.2 338.5 338.9 340.7 342.8 346.8 347.9 348.9 349.1 347.7 348.2 349.7 348.8 345.9 347.5 349.3 354.6 357.1 358.4 359.4 360.4 361.4 362.9 363.6 364.4 364.7 363.8 361.7 358.9 355.9 353.2 351.5 349.3 348 346.2 344.6 343.2 341.2 339 336.3 334.2 332.5 333.2 334.7 330.8 331.8 330.7 326.6 321.5 316.6 316.8 313.8 309.4 300.2 294.5 289.5 284.8 283 283.4 283.2 277.9 279.2
285.1 282.5 263.8 278.1 284.4 286.4 291.9 299.4 308 314.4 318.8 324.5 329 333.2 337.3 341.3 344.2 345.9 346.8 348.5 350.2 351.5 353.5 353.2 351.6 350.5 350.5 350.1 351.6 348.7 346.4 355 356.7 357.8 358.5 359.1 360.3 362 363.6 363.1 363.5 364.4 363.8 360.3 356.3 353.4 351.2 349.4 347.8 345.3 343.8 342 340.4 339.2 336.7 334.7 332.1 330.7 330.7 331.3 330.4 325.8 328 324.3 320.5 313 306.9 309.5 304.7 300.9 293.3 288.6 285 280.1 275.6 277.3 273.3 278.7
