UK/data/nt/nt60_OST50GRID_20230518/NT60.asc
ncols 200
nrows 200
xllcorner 360000
yllcorner 600000
cellsize 50
[rows 105 to 139 of 200, columns 0 to 77 of 200]
280.4 275.2 261.9 263.9 273.6 285.3 292.1 296.8 296.3 295.6 294.5 294 292.6 293.1 294.2 293.1 289.9 292.3 294.8 295.9 297.3 302.2 306.4 308.2 308.7 310.7 311.6 311.5 311.2 310.3 308.3 307.1 303.7 298.1 294.1 290.5 289.2 287.7 282.7 276.6 271.3 265.4 261.2 253.9 249.1 241.2 237.1 245.6 249.1 252 255.3 257.5 260.7 265.9 267.6 269.7 269.7 265.8 266.4 272.5 279.9 290.8 299.9 310 320 327.4 333.6 340.7 347 356.5 363.7 368.2 368.4 368.5 366.8 363.2 359.9 355.8
278.7 260.8 259.7 264.2 278.1 290.9 298.5 300 298.5 295.8 294.5 294.5 294.8 295.6 296 295.4 294.1 292.8 294.3 295.3 296.7 300.5 304.1 306.9 307.4 311 311.8 312.4 312.2 310.4 308.1 307 304 298.9 295.9 291.8 290.3 287.9 285.1 278.5 271.6 268.5 262.5 254.4 248.6 238.7 242.9 249.2 251.5 254.1 256.9 259.7 263.3 267.9 271.2 272.8 273.1 269.3 265.6 271.8 281 290.6 298.2 308.2 317.5 325.5 333.1 340.4 346.4 354.6 363 367.6 368.6 368.4 367.2 364.6 361.1 356.4
258.2 258.1 258.4 266.7 282.7 294.9 299.1 299.2 297.9 296.9 295 294.8 295.8 297 297.9 298.4 298.5 298.1 296.5 294.4 296.4 300.4 303 307.1 309.1 312.1 312.3 312.3 312.1 310.3 308.2 305.6 303 299.9 295.7 291.1 290 290.9 289.2 283 277 271.8 262.7 255.2 251.9 239.6 247.6 251 253.7 256.5 259.6 262.8 266.3 270.6 274.7 276.7 277 274.3 267.4 275.9 284.4 291.9 299.1 307.1 316.6 326.1 334.6 340.3 345.7 352.3 360.7 366.7 368.5 368.3 367.2 365.8 362.6 357.9
256.8 255.1 260.1 271.4 287 295.9 299.8 299.8 299.8 299.7 297.4 298.3 298.2 298.4 299.5 300.6 300.3 299.8 297.9 297.7 301.9 303.8 304.7 307.9 310.7 312.3 312.3 312.3 312.1 310.3 308.4 305.6 302.9 299.2 295.3 290.7 290.9 291.4 290.1 286.2 279.9 272.6 258.9 254.4 242.1 241.7 248.5 252.5 255.6 259.4 262.7 265.9 269.5 274.5 278.5 280.7 280.3 277.6 269.8 279 288 294.9 302 310 320.1 329.3 337.1 343.1 347 351.7 359.1 363.9 367.1 367.4 367.4 366.6 363.6 358.8
254 256.4 261.7 273.9 289.3 295.6 297.2 300 304.7 302.4 301.9 303 303.9 303.8 302.3 303.7 302.7 299.2 298.1 300 302.4 306.6 305.7 305.9 308.6 311.1 311.9 312.2 311.5 310.1 307.7 304.8 301.9 298.3 294.4 290.5 290.7 291.2 288.7 285.4 279.8 272.8 257.8 249.5 239.1 243.9 253.1 253.9 258.2 262 265.4 268.8 273 278.6 283.5 284.7 284.3 282 272.9 280.1 289.3 296.5 303.1 312.6 322.6 330.3 338.3 344.2 349.1 353.1 357.6 361.7 364.6 368.1 367.9 367.1 366 361.9
258 255.3 262.7 276 288.4 295.5 299.5 303.3 302.7 304.8 305.7 306.7 307.2 307.6 305.5 305.8 301.3 297.7 298.5 299.7 298.9 302.6 304.1 302.4 304.8 306.3 307.9 308.8 307.7 307.3 305.9 303.2 298.7 295.3 291.9 290.4 290.6 287.2 280.7 281.1 277.6 271.9 262.1 244.5 239.7 242.2 254 255.5 260.3 263.8 267.4 271.8 276.6 281.7 287.2 289.2 288 285 279.6 278.2 286.8 294.8 302.1 311.9 321.5 329.7 336.6 342.5 346.6 350.3 355.4 359.8 364 368.2 368.4 368.6 368.8 363.8
260 257 265.4 277.3 287 294.8 298 302.4 298.5 304.7 304.1 303.4 305.6 308.2 307.4 305.1 302.2 299 297.7 298.6 298 298.1 299.2 301.4 303.5 305.8 307.1 308.2 307.4 306.7 304.6 302.1 298.6 295 291.6 289 284.8 282.3 276.7 274.8 271.9 269.1 261.5 247.1 240.7 244.3 253.1 256.6 260.9 265.6 269.2 274.1 279.7 285.5 290.6 292.2 291.2 287.7 285.4 282.2 282.9 292.3 300.6 308.6 317.5 326.2 333.1 338.6 345 350.4 355.7 359.8 365.3 368.5 370.9 371.4 370.3 365.3
265.1 259.7 265.7 275.8 284.8 293.8 298.2 302.7 305 306.6 308 306.5 307.1 308.9 308.1 305.4 302.9 300.4 298 297.4 297.4 297.7 298.4 301.7 303.8 305.7 307.1 308.2 306.8 305.7 303.7 300.9 297.7 294.2 290.8 287.5 284.1 279.1 273.7 268 265.2 264.2 260.1 246.6 244.9 246.1 252.3 257.1 261.7 266.8 271.8 276.5 281.3 287.5 292.7 293.8 293.7 291.4 291.2 291.8 289.6 288.3 294.7 301.2 307.8 320.5 329.1 336.8 343.9 350.4 355.6 360.5 366.2 370.1 373.8 374 370.9 365.3
270 265 262 275.1 285 293.9 298.3 302.2 304.9 307 308 308.5 309.4 310.3 308.4 305.7 303.1 300.4 298.9 297.7 297.4 297.4 298.1 301.8 304 306.3 307.1 308.1 306.7 305.6 302.7 298.2 296.6 293.2 290.4 287.3 282.8 277.3 271.9 266.4 262.3 259.3 257.2 246.4 249.2 250.6 248.6 255.3 262.7 266.7 272 277.4 282.7 288.2 292.4 295.9 296.8 295.2 296.8 299.2 297.9 293.4 300.3 306.7 313.7 320.5 325.7 334 341.8 348.9 355.6 362.3 366.6 370.3 373.5 374.2 371.5 365.8
275.2 272.3 269.5 280.8 285.8 293.5 299.1 302.4 304.7 306.9 311.2 311.6 311.6 312.3 308.7 305.5 302.8 300.4 299.8 298.8 298.9 299.7 301.4 303.2 305.3 307.6 308.4 308.2 307.3 305.4 302.5 298.3 295.5 292.3 289.4 285.7 280.7 275.6 270.2 264.7 260.7 256.9 253.2 249.8 257.6 257.1 254.6 251.9 258.3 266.4 271.3 276.7 283.2 288.3 293.8 298.2 299.2 300 300.8 305.2 304.5 299.3 302.9 311.5 319.3 327.1 333.3 338.1 340.7 345.3 353.7 359.6 365.4 370.6 373.3 375.2 372.7 368.1
280.6 276.4 267.4 282.4 287.5 294.9 303 305 306.6 310.2 313.8 314.3 314.2 313.6 309.9 306.4 302.8 300.4 300.6 300 299.8 301.6 303.3 304.1 305.6 307.8 308.5 308.2 307.3 305.4 301.4 297.4 294.3 291.4 288.1 283.8 278.9 273.5 268.3 263.2 258.7 253.7 247.1 254 258.4 259.4 259.2 257.4 253.3 260 270.1 275.5 280.7 287.8 295.3 300.6 303.3 305.1 306.1 310.6 310.4 307.4 306.9 311.9 320.9 330.2 337.8 344.2 348.7 352.4 355.6 361.3 366.9 371.5 374.6 377.1 374.7 372.3
284.1 280.7 271.8 280.8 289.5 297.2 302.5 306.2 309 311.8 315.3 316.1 316.5 314.8 311.5 308.5 305.4 301.1 302.4 301.6 302.1 303.5 304.8 306.2 306.3 308 308.3 308.1 306.5 303.6 299.7 295.7 292.9 290.1 287.7 283.6 279.3 274.1 268.2 262.5 257.5 252.5 248.5 256.4 259.6 260.7 261.4 260.9 257.8 259.9 268.5 273.3 279.1 286.6 294.7 300.3 303.4 309.1 311 314.4 317 314.5 314.1 317.9 321.9 329.3 337.2 346.7 352.6 355.8 359.5 362.2 367.4 372.9 377.2 379.9 378.4 376.2
286.8 284.2 278.1 281.9 292.6 299.7 305.3 309.3 311.7 314.3 317.5 319.1 317.9 315.8 313.6 311.1 308.8 304.9 303.5 306.5 306.1 306.5 307.9 308.4 306.1 308.5 308.8 307.3 304.3 301.5 298 294.1 291.4 289.1 286.3 283.2 278.7 272.3 265.8 259.7 253.3 248.9 253.6 258.3 260.6 262.1 263.5 263.1 259 262.1 266.6 273.1 277.6 283.4 292.7 298.4 304.1 311.2 315 318.8 321.2 319.9 320.7 326.1 328.8 332.9 336.8 347.3 353.5 360.7 366.2 370.6 372.9 373 379.3 382.4 383.2 381.7
288.2 286.5 280.9 281 291.3 300.5 306.2 310 314.7 317.8 320.4 321.5 319.4 315.4 313.1 311.7 310.3 307.8 305.9 308 308.8 309.3 309.4 307.7 307.1 307.1 306.8 305.5 302.8 299.6 296.2 292.8 290.9 288.7 285.8 280.2 275.3 268.9 262.5 256.7 250.9 251.3 255.4 259.7 261.1 262.7 264.9 265.4 263.1 263.4 269.3 273.6 278.2 281.6 289.1 297.1 304.6 312 316.6 320.1 325.2 326.2 325.6 330.5 335.4 339.4 342.3 347.5 354.5 362.8 370.9 376.7 380.4 380.4 382.2 385.3 387.8 386.5
291.4 289 283.8 280.3 291.1 298.5 306.3 310.2 315.3 319.4 322.5 321.7 317.8 314.9 313 312.4 311.7 309.9 307.9 308.3 311.8 311.9 310.3 308.9 308.3 305.8 305.3 303.3 300.1 296.9 293.9 290.8 288.3 287.2 283.8 278.1 271.3 265.1 259.3 253.6 250.8 252.4 253.4 259.4 262.1 264.4 266.1 267.2 266.4 265.6 270.8 277 282.1 286.4 289.9 291.8 301.8 310 315.3 319.4 326.5 330.7 332.1 333.4 336.2 340.9 346.3 351.2 354.6 363.3 374 381.1 385.1 387.1 388.7 388.4 391.9 390
297.1 295.3 287.8 282.8 289.4 297.5 304.6 310.6 316 320.1 322.6 319.8 318.4 315.5 313.3 312.3 311.5 310.2 309.4 310.9 312.6 312.3 311.9 309.9 308.7 305.5 302.3 300.8 297.6 293.7 291.8 289.9 285.7 283.5 279.7 274.4 268.9 262.1 255.7 252.3 255.1 258.4 256.7 259.3 263.4 266.2 267.9 269.7 270.1 270.5 270 278.2 284 289.7 294.2 296.2 300.5 305.4 313.6 320.6 326 331.6 336.2 338.9 340.8 343.3 347.7 355 360.1 364.4 374.7 383.1 388.3 391 395.2 395 395.1 395.2
302.7 301.3 295.3 286.4 285.7 294.2 301.8 309.5 316.1 319.1 322.2 321.7 319.9 317.1 314.2 312.2 311.6 311 311.3 312.5 313.7 313.2 312.7 312 310 304.7 300 296.5 293.3 291.6 289.6 286.5 281.8 277.2 273.6 269.9 265.3 260.9 255.1 257.5 260 261.6 261.2 260.9 265 268 270.3 272.2 273 274.3 272.6 277.6 284.6 291.6 296.2 301.8 306.5 312.1 318.7 322.2 326.6 330.2 336.7 341.1 344.7 349.4 353.6 358.4 364.6 369 375.2 383.9 392.2 398.3 402.7 401.2 400.1 398.9
308.4 305.2 298.4 293.3 284.9 288.6 297.6 306 311.7 318.5 321.1 321.8 320.7 317.3 313.8 313.3 313.1 312.7 313.2 313.5 314.6 314.5 313.8 312.6 309.8 305.3 299 294.5 290.8 287.2 285.5 281.2 275.1 269.7 267.1 264.3 260.6 256.2 258 261.5 263.3 264.4 263.7 260.4 266.1 269.9 272.8 274.9 276.2 277.5 277.9 278 283.7 291.3 297.2 304.5 310.7 316.5 323.1 326 332.4 337.5 341.3 348.2 354.1 360.2 364.5 367 368.1 374.2 380.1 387.5 396.8 404.2 409.4 407.7 407.9 407.6
311.1 308.4 301.7 296.5 291.9 286.6 291.5 301.3 307.4 314.8 318.2 319.5 319.8 316.6 313.4 314 314.1 313.9 314.1 314.4 315.1 316.1 314.1 311.7 308.9 303.4 298.8 295.9 291.3 286.2 279.3 275.3 273.3 271.7 269.8 267.3 263.7 257.7 261.2 263.8 265.2 266.2 267.1 262.4 268.8 272.4 275.7 278.3 279.4 280.7 283 284.3 283.7 290 297 305.1 311.4 318.4 325.8 333.9 341.8 347.3 350.9 354.9 361.5 367.5 372.1 376.1 379.2 381.6 391.2 399.6 406.6 412.5 415.2 414.5 414.7 418.1
310.4 310.1 305.6 299.6 294.6 287.3 292.4 297.8 304.2 309.1 313.1 316.2 317 316.8 315.9 315.6 315.1 314.9 315.1 315.4 315.8 316.7 314.3 310.6 307 304.4 299.4 295.2 291.7 286.7 281.3 278 276.9 273.1 269 264.8 261.6 260.4 264.6 266.6 267.5 268.3 269.3 264.7 270.2 275 278.6 281.4 283.5 285.5 287.6 289.4 287.8 291 298.4 307.2 317.6 325 332.2 340.5 348.9 355.6 358.5 362.2 367 373.1 378.9 383.9 387.9 394.1 404.2 412.8 414.9 420.2 425.9 427.5 427.2 430.8
312.9 312.4 308.9 304 297.1 289.1 293.7 297.7 302.4 306.6 310.6 313.8 315.5 317.3 317.1 316.2 316.1 315.9 316.3 316.5 316.8 317.1 314.1 311.2 309.5 306.3 300.2 295.3 292.5 289.3 286.9 282.3 275.8 273 271.5 269.5 263.7 262.4 267.6 269.8 270.9 271.7 271.6 268.3 272.9 278.3 281.9 284.2 288.1 292.6 292.6 294.5 293.6 292.6 300.6 309.5 320.5 330.7 337.4 344.2 354.1 359.8 362.4 366.8 372 377.5 382.3 387.5 393.4 398.1 413.9 420.4 422.9 426 431.1 436.6 439.6 440.7
315.6 314.9 310.5 306.5 299 292 292.1 299.5 304.1 308.2 311.4 314.1 316.9 318.6 317.5 317.2 317.1 316.9 317.6 317.8 318.1 317.9 315.3 313.9 311.6 307.6 300.7 298.6 296.2 293 289.2 283.3 278 277.9 275.1 270.8 261.9 266 270.9 273.1 274.2 274.8 273.7 269.1 278.3 282.9 285.5 288.4 294.2 299.4 299.6 300.8 302.5 301.4 307.3 316.5 324.1 333 338.8 345 352.2 359.6 364.9 369.2 374.7 379.9 387.3 393.1 398.4 404.2 418.7 426 429.8 434.4 439.3 443.4 448.7 450.1
318.7 317.2 313.2 308 300.8 294.5 291.3 301.4 309.5 313.3 314.1 315.7 318.7 319.4 318.3 318 317.9 317.8 318.7 319.3 319.6 319 317.8 315.8 312.9 308.7 302.5 301.5 298.8 294.3 288.7 282.9 283.2 280.2 276.3 270.8 264.1 270 274.8 277.2 277.9 277.3 274.3 275.8 282.9 286.5 289.1 294.5 301.6 304.2 306.5 306 310.4 312.5 315.8 321.8 330.5 336 340.8 348.6 355.4 362.4 366.2 371.1 375 382.6 391.8 397.9 403.3 409.5 426.7 431.6 437.3 440.7 446 448.9 454.2 458.5
321.9 319.3 314.3 310.3 302.1 300.3 294.8 298.9 313.1 317.5 318.9 320.1 321.3 321.1 319 318.8 318.6 318.7 319.6 320.4 321 320 319 317.2 314.8 310.7 304.8 303 299.8 294.7 288.9 289.1 286.9 282.1 277.4 271.9 266.1 273.9 278 281 281.4 281.3 275.9 281.3 287.1 290.3 292.4 300.2 306.6 309.1 310.6 314.7 316.9 322.8 328.9 333.7 338.8 342.3 344 350.2 358.1 365.4 368.4 372.4 377.3 386.2 396.8 403.5 407.7 415.1 433.2 439.3 444.5 449.8 453.7 456.3 461.1 465.4
324.1 319.6 317.5 316 310.4 304.9 300.2 301.4 305.8 318.6 320.7 321.6 322.4 321.6 320 319.7 319.5 319.9 320.5 321.5 322.2 321.5 320.2 319.2 316.2 313 307 305.3 300.3 293.8 294 293 288.9 283.5 279 272 269.7 277.3 281.9 284.5 285.3 284.4 281.9 281.1 290.2 292.9 296.7 304 310 314 315.9 322.5 326.8 333.5 339.5 343.3 347.1 349.5 353.1 356.6 360.8 366.7 373 379.1 383.7 393.1 403.1 409.6 414.5 429 438.9 444.8 451.4 455.4 459.6 464.6 471.9 474.6
325.7 324 323.5 321.4 317.5 309 304.3 305.2 299.4 312.5 319.9 319.7 320.5 322 322.8 321.9 321.5 320.7 321.5 322.7 323.4 322.7 321.7 321.1 318.6 314.5 309.3 306.2 300.6 299.3 298.1 295.2 290.8 286.6 280.7 274.5 270.6 279.8 284.7 287.4 288.8 288.6 286.9 285.1 287.7 292.8 298.8 305.9 311.9 317.6 323.7 329.1 336.8 342.9 347.8 351 353 355.6 358.7 362 365.3 371.9 379.8 388.2 394.7 399.6 409.6 417.5 423.7 428.5 434.5 449.9 458.4 463.4 468.2 474.7 483.9 488.4
327.5 328.9 328.1 325.3 321.5 312.6 308.1 308 300.8 312 318.7 319.5 320.4 321.9 323.3 323.1 324.2 324 323 323.9 324.5 323.8 323.3 321.8 318.9 314.9 310 307.4 306 303.6 300.6 297.9 292.9 288.4 282.9 276.9 271.1 281.4 285.9 289.3 291.3 291.5 291 290.3 288.3 292.5 298.8 306.1 313.6 320.5 328.8 335.3 343.6 350.4 354.8 357.6 359.5 362.3 362.1 367.7 371.6 378.4 387.6 397.8 404.2 407.1 415.3 422.1 426 431.4 437.4 458.2 466.3 472.2 478.5 490.1 495.7 497.7
330.2 331.6 330.7 327.6 321.4 309.9 311.5 309.9 304.4 312.4 318.9 319.7 320.5 321.4 322.7 325.5 328.3 328.1 327.7 327.1 325.7 324.7 324.1 321.1 318.3 314.4 312.7 311.1 309.8 306.8 303 301 295.2 290.5 284.6 279.2 270.9 281.4 286.5 292 294.2 294.6 294.8 295.5 293.9 294.7 295.4 302.3 312.6 321.7 330.9 338.1 347.4 354.6 358.4 362.8 362.8 366.1 368.6 372.4 378.7 386.3 396.6 406.5 413.3 417.4 425.3 429.6 433 437.1 438.3 444.3 469.9 482.2 489.1 497.4 502.1 503.4
332.2 333.7 332.5 328.9 319.7 315.2 315.3 313.6 307.1 312.7 319.1 319.6 319.5 320.1 321.6 324 328.4 327.7 326.6 327.8 327.5 326.2 323.8 320.3 319 319 317.2 315 312.2 308.4 307.2 303.6 297.3 292.6 287 281.5 274.6 282.9 288.6 294.6 297.2 298.6 298.8 299.3 299.7 301.6 303.9 304.6 306.2 319 329.8 339.4 348.2 357 362.2 367 367.3 370.6 378.1 379 386.6 394.5 406 415.8 423.7 428.5 435 442.5 441.5 443.1 444.1 447.3 464 488.7 496.4 502.1 504.6 508.5
338.8 334.5 332.3 325.4 319.8 321.1 319.6 316.7 312.7 308.1 312 315.1 314.4 314.3 316.6 319.6 323.8 326 326.5 326.4 328.6 327.1 323.2 322.6 322.9 320.8 320.2 318.3 315.4 313.7 309.4 304.2 301 295.5 289.5 281.8 276.1 283.9 290.3 296.1 299.2 301.5 302.7 303.4 304 307.6 309.3 311.3 312.1 312.8 326.2 337 347 357.4 365 369.8 373.3 374.4 382.8 388.9 393.1 401.9 414.9 424.9 433.9 437.1 443.8 451.1 448.3 448.8 450 452.6 465 498.5 503.6 506.7 508.1 511.4
344.7 337.8 333.1 326.3 327.1 325.7 323.1 319.2 315.2 311 308.2 312.8 312.2 311.7 314.4 315.6 320.9 322.8 324.9 326.8 327.6 328.4 325.7 323.9 324.2 323.2 324.4 323.9 321.6 317.8 313.2 308.6 304.3 297.5 293 285.6 277.8 286 291.5 297 301.8 305.6 307.4 309 309.2 313.5 315.9 317.9 321.7 321.9 322.4 334.4 344.6 356 365.8 372.6 377.5 382 388.4 396 401.9 411 422.5 434.3 441.9 443.2 451.9 457.7 456.3 453.9 454.4 457.3 471.9 500.2 508.1 510.3 512.4 513.4
348.3 341.4 336.5 332.1 331.7 329 325.7 322.3 316.7 312.6 311 312.6 312.7 313.8 315.4 316.8 318.7 320.5 321.1 322.9 326.8 332 330.4 324.4 325.4 325.1 327.6 328.5 325.7 320.5 315.6 312.7 307.2 300.6 296.3 289 280.2 288.6 294.4 300.5 305.1 309.3 311.7 313.8 316.1 318.6 323.3 325.2 329.4 330.5 324.6 335.7 347.5 358.5 367.7 377.4 384.3 390.1 394.4 403.3 412.3 420.2 431.6 442.8 448.9 451.4 457.4 459.3 459.2 462.6 462.1 462.1 478.7 502.1 511.5 512.9 515.4 516
350.2 340.3 339.6 338.3 335 331.2 327.9 323.9 319.6 315.4 315.2 315.3 316.5 317.6 318.2 318.8 319.9 321.5 321.6 323.3 329.9 335.7 333.5 329.8 327.7 328.1 329.7 331.8 329 323.9 320.3 316.9 309.7 303.9 297.8 288.3 282.3 290.7 296.8 303 307.9 312.4 316.1 320.3 323.7 324.8 330.3 333.3 337.4 338.8 337 336.3 349 362.1 372.8 382.3 389.4 396.4 401.7 410.1 418.7 429.4 441.5 449.1 456.4 460 465.2 468.1 472.1 473.8 470.3 474.4 500.7 511.6 515.2 516.4 518.5 517.5
348.1 347 345.6 342.5 338.2 333.9 329.7 323.7 320.5 318.6 318.6 319.3 320.3 321.4 322.1 322.6 322.8 323 323.5 326 332.9 339.6 337.3 333 330.6 331.7 332 334.7 334.2 330.5 325.7 319.5 312.4 305.8 298 286.8 286.1 293 300.4 306.7 311.7 315.8 320 325 331.2 334.9 337 342 345.7 345.9 345.6 340.9 352.6 363.4 375.2 385.9 395.2 403 409.7 415.4 424.8 437.1 452.3 459.7 464.2 471.2 478 479.2 477.7 493.2 496.7 497.2 511.5 515.7 518.1 518.6 519.8 517.8
353.5 352.9 350.7 346.6 341.6 336.4 331.1 325.4 324.6 321.7 322.3 323.1 324 324.8 325.5 326.2 325.8 325.2 325.3 331 338.9 343.5 340.5 335.8 333.8 334.4 334.3 337.2 337 334.2 329 321.3 314.3 308.4 299.3 287.5 289.8 297.5 302.3 309 313.4 317.5 323.7 330.3 340 343.2 345.6 348.8 351.1 351.3 354.4 357.1 358.3 370.4 378.5 389.1 399.3 409.2 417.2 424.3 431.8 443.1 462.4 469.9 476.6 490.1 501.1 500.3 499.7 506.7 512 514.7 516.2 518.5 518.3 517.3 517.3 514.5
