UK/data/sn/sn56_OST50GRID_20230518/SN56.asc
ncols 200
nrows 200
xllcorner 250000
yllcorner 260000
cellsize 50
[rows 35 to 69 of 200, columns 78 to 155 of 200]
132.1 131.3 129.8 128.9 127.5 125.9 124.5 123.8 123.1 122.7 122.4 122.4 122.4 122.4 122.1 122.3 122.5 122.1 121.7 122.4 124.1 124.3 125.1 125.3 125.4 124.7 124.4 123.2 122.3 122 122.1 122.7 122.2 122.8 122.8 122.6 122.5 121.1 119 112.1 108.6 106.4 107.7 105.3 85.7 114.6 124.6 129.7 132.9 134.1 136.2 137.7 139.9 143.2 147.9 152.8 157.6 162.5 166.3 169.6 172.5 175.2 178.2 180.2 181.1 181.5 182.8 183.9 184.9 185.2 185.3 185.3 184.9 184.2 183.6 183.5 184 183.9
132.9 132.6 132.3 130.7 129 127.4 125.8 125.1 124.7 124.5 124.2 124 124 124.7 125 125.2 125.9 126.1 125.5 125.6 126.3 127.3 126.6 126.9 127.5 127.3 127.5 126.8 126 126 126.3 127.2 127.2 127 127.1 126.2 125.5 123.8 121 117.8 114 115.6 119.6 121.2 103.1 133 133.9 136.9 138.8 140.4 142.5 144.6 146.4 148.5 152.2 156.7 161.3 164.5 168.2 171.2 173.2 176.3 178.9 181.3 183.1 184.5 185.4 187 188.2 188.9 189.1 189.3 189.2 188.6 188.5 188.4 188.7 188.9
134.1 133.3 132.6 131.5 130.1 128.4 127.2 126.8 126.6 126.4 126.8 126.7 126.9 127.4 127.9 128.9 129.5 129.9 129.5 128.8 129.4 128.9 128.1 128.6 129.1 129.7 129.5 128.6 128.6 129.3 129.9 130.6 130.5 130.8 130.7 129.4 128.3 126.4 122.9 120.5 116.6 119.9 124.9 127.4 110.9 106.7 136.8 141.7 143.9 145.4 146.9 148.7 150.7 152.7 155.7 159.6 163.4 166.4 169.5 171.2 172.6 176.7 179.2 181.6 183.7 185.8 187.7 189.6 191.4 192.4 193.2 193.4 193.7 193.5 193.4 193.8 193.8 193.7
135.2 134.4 133.4 132.2 130.7 128.8 128.7 128.8 128.6 128.7 129.1 129.6 130 130.6 131.5 132.6 132.9 133.4 132.9 132.1 131.8 131.8 131.5 130.5 130.7 131.7 131.1 131.1 131.8 132.4 132.4 133 133.2 133.4 133.2 132.1 130.6 128.8 126.8 124 121.1 125.7 129 133.6 130.9 111.9 138.4 143.9 147.4 149.5 151.2 152.8 154.5 156 158.7 162 165.1 168.1 171 173.3 175.1 178.2 180.8 183.2 185.6 187.7 189.5 191.2 193 194.8 196.2 197 198 198.4 198.7 199 199 198.3
134.9 134.8 133.8 132.9 131.7 131 131.6 131.4 131.2 131.6 132.3 133.1 133.7 134.7 135.5 136.2 136.3 136.2 135.4 135.3 134.7 134.3 134 134 133.2 134.1 134 134.1 134.6 134.4 134.5 135.4 135.8 136 135.4 134.3 132.5 130.5 128.8 128 126.8 130.8 133 137.2 137.8 126.3 135.5 142.8 149.4 153.2 154.8 156.4 157 157.9 161.6 163.9 166.6 169.7 172.3 174.6 176.9 179.5 182 184.5 186.7 188.9 190.9 192.7 194.6 196.2 197.6 199 200.3 201.4 202.2 202.3 202.3 202
135 134.9 134.5 133.8 133.7 133.3 133.7 134.4 134.9 135.3 136.1 136.8 137.6 138.5 139.1 139 139.1 139.2 139.2 138.9 138.4 137.4 137.1 136.5 136.2 136.9 136.7 136.6 137 136.9 136.6 137.4 139.2 139.5 138.4 136.2 135 134.6 133.7 133.7 134.4 137 137 140.2 141.6 137.2 129 141 149.9 154.9 156.5 157.9 159.2 160.3 163.1 165.3 167.8 170.7 173.1 175.5 177.9 180.4 182.9 185.2 187.5 189.3 191.1 193 195 197.1 198.9 200.3 201.8 203.4 204.3 204.2 204.2 204.2
135 135 134.6 133.9 135.3 135.7 136.3 137.3 138.3 139.3 139.9 140.3 141.2 141.8 141.6 141.5 141.6 141.6 141.4 142.2 142.4 142.3 141.9 141.4 140.5 140.3 140.2 140.2 140.3 140.4 139.9 139.5 140.7 144 141.7 138.9 137.8 136.4 136.6 136.4 138.6 141.4 140.7 141.7 142.5 142.7 124.4 136.7 148.2 154.2 157.3 156.8 159.1 161.6 164.2 166.3 168.7 171.2 173.6 176.1 178.1 179.9 182.3 184.6 186.7 188.8 190.8 192.9 195.3 197.5 199.5 201.5 203.1 204.6 205.3 205.6 205.9 206.1
136.1 136.1 136.6 136.9 137.9 138.7 139.4 140.5 141.5 142 142.5 143 143.7 143.9 144 143.9 143.8 143.7 143.6 144.5 145.4 145.6 145.1 145 144.5 144.1 143.7 143.7 143.3 143 143 143.5 142.5 143.3 144.4 144.4 141.1 140.1 139.6 139.7 142.4 142.5 142.1 143.8 143.9 141.7 132.2 130 139.9 146.7 150.8 153.5 157.4 160.4 163.6 166.5 168.9 171.2 173.6 175.6 177.5 178.8 181 183.2 185.2 187.4 189.4 191.9 194.4 197.1 199.2 201.2 203.4 205 205.3 205.6 205.9 206.1
137.2 137 137.7 138.4 139.5 140.9 141.7 142.7 143.5 142.7 143.3 144.1 145.1 145.4 145.3 145.3 145.2 145.2 146 147 147.9 148.7 148.6 148.5 148.3 147.9 147.3 146.3 145.9 145.6 145.6 145.6 145.8 145.1 145.2 145.6 143.8 143.4 143.2 144.6 145.2 142.8 144 146.9 146.6 144 141.8 130.6 128.9 131.1 140 147.6 153.5 158.4 163.2 165.9 168.3 170.5 172.7 174.6 176.3 177.6 179.1 181 183.1 185.3 187.8 190.8 193.5 196.2 198.9 200.9 202.5 203.6 204.6 205.3 205.2 204.9
137.3 137 137.4 138.1 139.3 140.7 141.9 142.7 143.3 142.8 143 144 145.1 146 146.4 146.5 146.8 147.2 148.1 148.8 149.5 149.3 149.9 150.1 150.8 150.7 150.2 149.7 148.6 148.2 148.1 147.9 148.3 148.8 146.7 145.8 146.7 146.2 146.5 146.8 146.8 144.6 144.5 148.2 148.4 146.7 144.3 142.5 142.1 143.3 138.9 130.8 142.1 155.5 161.3 164.3 166.7 169 170.5 172.3 173.4 174.4 176.2 178.2 180.5 182.7 185.1 187.6 190.2 192.9 195.4 197.4 199.4 201 202.1 202.7 203.2 203.3
136.8 136.7 137.2 137.6 138.5 139.6 140.7 141.6 142.1 142.2 142.5 143.5 144.5 145.2 145.9 146.6 147.7 149 149.7 149.9 149.8 149.6 150 150.9 152 152.4 152 151.5 151.1 150.6 150.4 151 151.2 151.5 151.2 149.7 148.9 149.1 148.9 149.2 148.3 145 144.2 146.5 147.4 146.5 146.2 145.8 146.1 147.2 147.7 148.8 135.4 149.3 159.3 161 162.9 165.4 167.1 168.3 169.8 171.3 172.9 174.8 177 179.3 181.6 184 186.9 189.7 191.9 194.1 196.2 198 199.2 200.2 200.7 201.2
136.8 136.7 137 137.2 137.5 138.5 139.4 140.4 141.2 141.6 142.2 143 143.7 144.4 145.1 146.2 147.5 148.8 149.7 149.8 149.8 149.8 150.3 151.4 152.5 153.2 153.5 153 152.8 152.8 153.6 154.1 154.2 154.1 153.7 153.1 152.1 151.6 151.1 150.9 149.2 147.5 146.3 145.6 146.2 145.9 146 145.4 146.3 148 150.3 152.2 150.7 145.7 141.8 149.9 159.2 160.7 162.5 163 164.8 167.8 169.5 171.9 174.4 176.9 179.3 181.7 184 186.6 189.2 191.4 193.2 195.1 196.3 197.4 198.1 198.9
136.9 136.9 136.9 137.1 137.5 138.2 139.2 140 140.7 141.2 141.8 142.3 142.9 143.2 143.5 144.4 145.7 147 148 149 149.5 149.9 150.8 151.7 152.7 154 154.4 154.6 154.3 154.6 155.4 156.7 156.9 156.8 156.3 155.7 154.8 153.5 152.7 151.8 150.5 149.3 147.1 146.5 145.9 145.7 145.8 146.6 148.2 150.6 152.9 154.6 155.6 156.8 158.1 142.9 141.4 148.6 157 159.4 160.2 164 167.2 169.6 172.9 175.2 177.4 179.7 182.1 183.9 186.5 188.6 190.5 192.4 193.5 194.6 195.4 197.2
137.3 137.4 137.3 137 137.5 137.8 138.9 139.4 139.4 140 140.6 141 141.3 141.5 142 142.8 143.9 145.2 146.1 147.1 148.4 149.5 151 151.9 152.9 154.4 155.7 156.2 155.8 155.8 156.5 157.8 158.9 159 158.9 158.3 157.3 156 154.4 152.1 150.5 148.9 147 146.1 145.8 145.8 146.9 148 150.7 153.3 155.7 157.2 158.6 159.3 159.5 159.2 158.9 158 151.7 151.5 150.4 162.5 165.8 168.6 171.5 173.7 176.1 178.1 180.3 182 183.8 185.9 187.9 189.7 190.8 191.9 193.9 195.9
136.1 136.6 136.1 136 136.3 136.8 137.7 137.9 137.9 138.2 138.7 139.1 139.5 140.1 140.6 141.2 142.1 143.2 144.1 145 146.4 148 149.6 151.3 153.2 154.7 156 156.8 157.3 157.3 157.6 158.9 159.9 160.7 160.9 160 158.9 156.7 153.8 152.1 150 148.4 146.8 146 146.3 147.2 149.6 152.5 155.5 157.8 159.9 161.3 162.6 163.4 163.3 162.9 162.6 162.2 161.2 159.1 156.3 156.3 162.9 167.6 170 172.4 174.7 176.6 178.5 180 181.1 183.5 185.1 187.1 188.3 190.4 192.4 194.7
133 133.7 132.8 132.3 132.3 132.8 133.3 133.7 134.4 135.5 136.6 137.9 138.4 139 139.5 140.2 140.9 141.3 142.2 143.1 144.6 146.2 147.8 149.6 151.3 153.1 155.5 156.8 157.2 157.8 158.4 159.2 159.8 160.5 160.5 159.6 158 155 152.2 150.9 149.1 147.3 146.1 146.5 148.1 150 154.2 158 160.7 162.9 164.7 166.2 167.3 168 167.6 167.1 166.3 166 165.7 164.6 162.4 159.5 158.9 165 168.9 171.2 173.6 175.5 176.4 177.1 178.3 180.2 181.9 184.7 186.8 189 191.6 194.6
128 128.5 127.9 127.2 127.1 127.8 128.6 129.8 131.3 132.8 134.4 136 137.2 138.2 139.2 140 140.8 141.3 141.1 141.2 142.8 144.3 146 147.6 149.2 150.8 153.2 155.3 156 156.3 157.5 157.2 156.9 156.8 156.8 156 154 152.2 150.5 149.1 147.8 146.6 146.3 147.2 150.4 153.6 157 160.7 163.7 166.1 168.7 170.8 171.9 172.1 171.7 171.1 170.1 169.7 169.6 169 167.1 164 159.8 162 165.7 170.1 172.5 174.5 175.3 175.8 175.7 177.1 180.2 183.7 186.3 188.7 191.6 194.5
121.4 121.9 121.6 120.7 120.8 122.6 123.9 125.9 127.5 129.7 132.1 137 135.4 136.8 139 140.1 140.7 140.8 140.1 139.9 140.8 142.4 144 145.6 147.1 148.4 150.8 151.9 152.7 153.2 153.4 153.1 152.7 152.7 152.1 151 149.6 149.1 148.3 146.9 146.1 146.7 146.9 148.2 151.3 155.7 159.6 163.4 166.8 169.3 172.3 174.3 175.2 175.5 175.2 174.5 173.8 173.6 173.4 172.5 171.3 169.4 166.3 164.6 164.1 164.6 169 170.7 171.1 171.7 173 175.3 180.2 183.5 186 188.5 191.1 194.4
113.1 113 113.4 112.4 113.8 116 117 118.5 121.2 123.5 126.4 125.8 131.6 134.9 138 139.7 139.6 139.2 138.4 138.3 138.7 139.8 141.6 143 144.1 145.3 146.6 147.7 147.9 148 148.5 148.5 148.5 148.1 147.4 146.7 145.8 145.5 144.9 145.2 145.6 146.2 147.2 148.9 152 156.8 162.2 166.2 169.6 172.6 174.9 177.4 178.1 178.2 178.2 177.8 177.5 177.7 177.6 177 175.9 173.8 171.7 170.7 170 169.4 169 169.1 170.9 172.3 173.3 173.8 176.2 181.4 183.6 186.9 190.9 194.2
99.3 96.7 95.4 98.3 101.6 104.4 106.6 109.8 113.1 116.1 118.6 122.7 125.1 129.7 134.6 136.7 136.6 136 136.1 136.9 135.2 137.2 138.2 139.1 140.2 141.7 142.4 142.6 141.9 142.9 143.3 143.6 143.4 141.4 140.8 139.9 140.9 140.6 142.2 143.8 144.9 146.3 147.6 149.2 152.8 157.9 162.9 167.6 170.6 173.3 176.1 179.2 180.5 180.5 180.5 180.7 180.9 181.2 181.7 181.7 180.8 178.7 176.7 175.2 174.6 173.7 172.6 172.8 173.9 175.2 176.5 178.5 179.9 179 180.8 187.4 190.8 194
91.5 92.8 94.3 95.1 96.2 96.6 97.3 99.6 104 107.8 111.4 114.2 118.4 122.8 127.3 129.1 129.7 130.4 130.2 130.9 134.7 134.7 134.9 135.1 136.4 137.3 136.5 137.1 136.6 135.8 134 133.3 135.1 137.2 138.6 139.8 140.4 141.7 142.3 143.8 145.4 146.6 147.9 150.2 153.6 157.5 162.5 166.9 170.5 174.3 177.5 179.5 181.4 182.5 182.6 183.2 183.7 185 185.5 185.8 185.4 183.9 181.8 179.6 178.9 177.7 176.4 176.2 176.8 177.9 179.2 180.9 183.7 183.6 179.3 184.2 188.5 191.7
98.4 99.4 100.4 101.6 103 103.3 103.1 102.9 103.1 103.8 104.4 106.6 109.3 113.4 117.1 118.6 120.5 122.2 124.3 125.5 128.5 129.2 129.9 129.2 129 129.2 127.2 128.7 130.7 132.5 135.3 137.8 141 143.1 142.8 143.6 144.7 145.4 145.6 146.3 145.8 146.3 148 149.7 153 157 161.3 165.2 169.1 173.1 176.3 178.4 181 183.1 185.2 186 186.7 188.6 189.3 189.8 189.5 188.7 187 184.3 183.4 182.6 181 180.8 181 180.8 182 182.9 184.3 184.8 184.4 182 186.3 190.5
108.4 109.9 111.1 111.6 111.9 111.7 111.3 111.7 110.4 110.4 109.8 108.6 107.5 104.3 108.3 110.8 113.2 114.4 117.4 122.3 122 120.9 122.2 124.2 126.3 128 127.7 131.5 133.8 136 138 140.5 143 145.4 146.6 149 150.1 151.3 151.7 151.6 152.2 153.2 152.1 150.7 152.2 156.1 159.1 163.3 167.4 171.6 175.6 178.8 181.4 183.9 186.8 188.5 189.7 191.8 192.9 193.4 193 192.4 191.1 189.3 188.6 188.3 186.5 186.4 185.1 184.7 185.4 186.1 187.2 187.1 187.4 187.4 185.9 188.7
117.9 118.3 119.5 119.4 119.5 119.9 119.8 120.1 119.2 119 119.2 119 117.9 117 116.7 116.8 116.6 116.6 116.3 114.6 117.8 119.8 122.6 125.7 129.1 131 132.7 135.6 138.5 142.4 143.3 144.7 146.5 148.5 150.4 154.4 158.2 158.5 158.3 158.2 159.5 160.3 159.2 156.8 154.9 155.8 158.1 159.2 165.8 170.6 174.8 178.4 181.7 184.5 187.2 190.5 192 193.9 195.1 195.8 195.9 195.7 194.5 194.2 194 193.9 193.3 193.6 192 191.8 192.1 193.4 193 190.9 191.6 192 190.4 189.4
127.8 127.7 128.5 128.6 128.4 128.6 128.8 128.4 128.3 127.9 127.4 126.9 126.8 126 125.2 125.3 125.2 124.3 123 121.9 122.3 124.7 127.3 130 132.7 134.9 136.3 136.4 141.1 144.9 147.7 148.7 150.7 152.3 155.7 159.7 162.3 163.2 164 164.5 165 164.8 164.1 162.1 159.3 159.5 160.1 159.1 161.3 168 172.7 177.5 181.1 184.5 188.2 191.8 193.8 196.2 196.6 197.2 198.2 197.9 197.3 196.8 196.6 196.6 196.8 197.4 197.8 198.2 198.6 199.2 198.8 197.9 197.5 196.8 195.3 193.4
134.8 135.5 135.5 135.8 136.5 137.1 137.5 138.3 138 137.7 137 136.2 135.7 134.4 133.5 133.4 133.1 132.1 130.6 129.7 130.2 131.4 133.1 134.9 137.6 139.5 140.5 141.3 142.2 146.2 149.1 151.2 153 155.5 159 162.7 165.1 166.3 167.7 169 169.5 169 168.2 165.9 163.3 163.3 164.2 163.9 161.5 165.4 171.3 176 181.3 186.5 190.5 194.1 198.5 199.2 199 199.4 199.6 199.7 199.5 199.3 199.2 199 199.8 200.6 201.1 201.6 202.8 203.9 204.4 204.7 204.3 202.5 200.2 199.2
136.8 138.6 141.1 142.2 142.9 143.5 143.9 145 144.5 144.4 144.9 145.1 144.3 144 143.8 142.9 141.4 139.9 139.1 138.3 138 138.9 139.7 140.2 141.3 142.7 144.6 144.6 144.5 147.2 150.7 153.2 155.9 159.1 163 165.9 167.8 169.2 171.2 172.8 173.1 172.8 171 168.8 166.8 166.2 167.1 168.4 167.1 163.5 170.7 177.4 184 189.8 194.8 198.9 202.7 202 201.1 201.2 201.3 201.3 201.2 201.1 200.9 201 201.3 203.1 204.3 205.1 206.6 207.2 207.6 207.6 207.2 206.4 205.1 203.4
138.9 141.7 145.4 147.2 147.8 148.2 147.7 148.2 149 150.1 150.9 151.3 151.5 151.3 151.1 151.1 150.3 148.4 146.4 146.6 146.3 146.3 146 146.2 146.6 147.1 147.5 147.9 147.4 147.4 152.6 156.3 159.1 162.6 165.8 168.5 170.6 172.5 174.4 176.4 176.4 175.9 173.7 171 169 167.9 169.2 171.5 172.2 162.4 168.6 177.8 187.6 193.2 197.6 201.9 203.6 203.8 203.2 202.9 203 203 203 202.9 202.7 203 203.3 204.4 206.2 208.4 210.4 211 211.1 210.6 209.7 209 208 206.6
143.3 147.1 149.7 151.5 152.3 151.6 151 150.8 152 153.9 155.7 156.7 157 157.1 157.2 157.2 156.5 155.8 153.8 154.4 153.6 152.7 152.1 152.2 152.5 151.7 151.4 151.1 150.7 150.4 153 157.4 160.5 163.7 167.1 170.1 173 175.1 177.2 179.1 179.2 178.6 175.7 173 170.9 170.2 171.7 174.4 175.1 171.5 163.8 176.3 190 194.9 199.1 202.3 204.7 205.2 204.9 204.7 204.6 204.7 204.7 204.6 204.7 205.1 205.4 205.7 207.7 211.7 214.1 215 215.2 214.6 213.4 212.1 210.9 210
146.6 150.3 153.6 155.2 155.5 156.1 156.7 155.6 154.8 157.7 159.7 161 161.5 161.6 161.7 161.4 160.5 160.6 160.3 160.5 160.5 160.2 159.4 158.8 158.3 157.3 155.2 154.4 153.9 153.7 152.9 157.4 162.4 166.1 169.9 173.1 175.8 177.7 179.5 181.1 181.8 181.1 177.9 174.9 173.7 174.2 174.6 176.4 177.7 176.1 167.7 171.7 187.5 195.1 198.9 201.8 203.6 205.3 205.7 206 205.8 206 206.2 206.4 206.8 207.1 207.5 207.5 208.9 211.4 214.2 216.5 218.7 218.6 217.3 216 214.5 213.1
147.7 151.5 155.4 156.3 156.4 157.7 159.8 159.9 160 162 163.6 163.9 164.8 165.2 164.6 165.3 165.2 166.1 166.2 166.1 166 165.6 164.9 165.1 164.2 162.6 160.7 158.7 158.3 157.9 157 157.1 162.6 167.3 171.9 175.2 177.4 178.8 180.8 182.4 183.1 181.6 178.9 177.1 176.9 177.3 177.2 178.2 179.5 180.6 178.2 170.2 175.7 190.3 197.1 200.5 202.3 204 205.4 206.5 207.1 207.2 207.3 207.9 209 209.4 208.9 208.9 209.8 210.6 212.8 215.4 218 220.4 220.6 219.5 217.8 216
151.3 154.2 157.8 157.4 157.2 159 162 163.3 164.1 165.6 166.5 165.9 165.8 167.3 167.6 168.7 169.9 170.5 170.7 170.7 170.8 170.5 168.8 167.7 168.2 167.7 166.6 164.6 163 162.1 161.2 159.6 161.1 167.1 171.7 174.6 177.4 179.2 180.9 182.2 183.2 182.1 180.8 180.5 181 180.8 180.3 180.2 181.7 183.8 184.2 172.8 173 176.9 193 197.3 200.3 201.8 204 205.8 207.1 207.8 208.2 209.2 210.2 210.2 210.4 210 210.8 211.2 212.3 214.3 216.3 218.5 219.9 219.9 218.6 217.2
156.6 159.6 161.5 160 159.7 160.5 164.2 166.2 168.2 169.1 167.5 166.9 167.6 170.2 171 172.6 173.5 174.3 174.8 175.2 175.4 174.4 172.7 171 171.8 172.4 171.5 170.2 168.5 167.1 166.2 164.9 163.1 164.5 169.8 173.2 176 178.2 180.4 181.7 182.9 182.7 183.1 183.6 183.9 184.3 184.4 183.9 185.1 186.7 186.7 185.3 181.2 172.2 178.9 190.8 195.7 198.9 202 204.6 206.4 207.5 208.4 209.4 210.4 210.7 211 211.1 211.4 211.9 212.7 214.2 215.6 217.4 218.8 219.3 219.1 217.6
162.6 164.4 165.9 165.1 166.6 168.4 168.9 170.1 172.3 172.2 169.6 168.9 170.9 175.1 175.6 176.5 177.5 178.3 178.7 179 179.5 176.4 175.7 176.3 176.4 176.3 176.1 175.1 173.9 172.4 171.3 170.2 168.2 166 168.5 171.8 174.9 177.4 180.2 181.9 183.5 184.3 185.4 185.9 186.5 187.3 187.7 188 188.7 189.6 190.2 189.8 189.5 186.3 182.8 179.8 184.4 193.4 199.8 203 205.1 206.8 207.7 209.2 210.3 211.2 211.6 212 212.3 212.6 213.2 214.6 215.9 216.9 218.1 219.3 219.3 219.1
162.9 166.6 168.8 170.7 173.2 174.3 173.4 174.5 177.1 177.4 177 175.9 176.3 180.2 180.4 180.7 181.2 181.7 182 182.3 183.4 181.7 179 180 179.8 179.8 179.7 179.7 178.7 177.7 176.4 174.5 172.7 170.7 169.4 171.1 174.7 177.8 180.6 182.5 184 185.5 186.4 187.4 188.2 189.7 190.9 191.3 191.7 191.9 193.8 195.5 195.8 192.7 189.5 188.2 180.4 186.1 196.1 200.4 203.1 204.5 206.4 208 209.6 211.4 212.5 212.6 213.1 213.5 214 214.8 216.1 217.6 218.9 220 220.3 221.4
