WholeMapElevations/data/nh/nh78_OST50GRID_20230518/NH78.asc
ncols 200
nrows 200
xllcorner 270000
yllcorner 880000
cellsize 50
[rows 0 to 38 of 200, columns 0 to 87 of 200]
114.9 115.9 116.4 116 115.7 115.3 117.8 118.3 112.9 105.8 100.9 94.6 89.9 84.2 79.5 73.2 69.5 65.4 64.3 60.4 52.8 49 56.2 59.8 61.2 59.1 60.1 64.4 68.7 71.9 73.1 75 75.3 75.3 75.9 77.4 79 79.2 79.2 79.7 80 79.5 78.3 76.1 75.9 76.4 75.1 74.3 72.8 71.4 70.5 70.4 67.6 67.6 69.1 70.5 69.6 69.1 68.3 66.3 66.1 65.2 63.3 62.2 61.6 60.6 60.1 59.5 58 56.7 56.1 55.2 53.9 52.5 51.3 49.6 47.1 44.9 43.6 42.7 43.1 44.3 43.5 43.1 43.8 41.7 39.1 39.6
113.4 114.9 115.9 115.9 115.2 113.4 111.7 111.6 106.9 97.3 94.1 89.1 84.5 80.5 76 72.1 67.9 63.9 60.1 57 48.1 45.1 52 54.7 55.6 53.7 55.6 58.5 61.9 65.4 66.9 69.2 70.8 71.4 71.1 73.4 75.6 76.6 77.4 77.7 78 78 77.4 76.5 75.9 76.3 76.2 75.1 74.4 72.8 71.1 70.4 68.6 67.6 67.6 67.6 67.1 67.3 66.8 65.5 65.4 65 63.7 62.5 61.3 60.5 60 58.9 57.4 56 55.2 54.3 53 52.3 51.6 50.3 49.5 47 45.3 44.1 43.2 41.9 41.2 42.3 42.7 41.7 39.1 39.2
113.9 115.5 116.3 115.7 115 112.5 109.6 105.5 99.7 91.7 87 83.7 80.7 76 71 67.7 64.7 61.2 57.8 53.8 36.9 44.1 52.7 54.7 51.3 49 47.6 48.2 50.5 54.5 56.9 59.9 65.2 67.8 67.1 68.6 70.9 72.9 74.1 74.6 75.1 75.4 75.2 75.1 74.8 74.4 74.1 73.9 73.3 72.4 71.4 70.3 70 69.5 69.3 67.9 67.5 66.1 64.3 63.7 64 64.2 63.6 62.7 62.2 61.1 59.9 58.4 56.9 55.8 55.1 53.9 52.9 52.3 51.2 49.7 49.5 47.6 46.3 45.8 44.5 42.6 40.5 39.6 40 40.8 38.7 38.8
116.2 117.9 117.8 117.3 116.2 114.7 108.3 101.6 93.1 82.5 78.8 78.3 75.8 71.7 68 63.4 59.9 58.3 54.3 50.2 28.6 41.9 48.2 48.7 46.6 45 41.8 40.7 43.5 44.2 46.8 51.7 59.7 65.4 65.8 66.6 67.7 69.3 70.2 70.8 71.2 71.6 71.5 71.4 71.7 71.8 71.5 71.1 70.5 69.7 69.3 68.7 69 68.8 68.7 68.6 68.1 66.8 65.5 63.7 62.1 61.9 61.9 61.4 61.3 60.5 59.4 58.6 57 55.6 54.9 53.7 52.6 52.3 51.2 50 48.9 48.2 46.8 45.3 43.5 42 40.8 39.2 37.8 38.1 38.9 36.9
117.9 119.9 120.4 119.9 119.1 116.6 109.8 101.2 92.3 80.7 69.7 68.3 70.4 66.7 63.7 59.3 57.2 55.6 51.2 48.4 34.3 34.7 41.1 42.3 42 39.2 35.8 34.5 32.3 33.3 36.3 43.5 51.1 59.2 61.5 63.5 64.9 65.6 66.3 67 67.4 67.8 67.9 68 68.1 68.6 68.7 68.1 67.6 67 66.4 65.8 66.2 66.5 66.9 66.7 65.7 65.1 64.8 65.1 64.5 62.6 61 59.9 58.6 58.1 56.1 56.3 55.9 55.3 54.9 53.5 52.1 51.8 50.7 49.7 48.7 47.7 46.7 45.4 43.4 42.8 41.7 40.4 39 36.9 40.9 36.6
117.1 120 121.9 122.2 121.4 119.8 113.9 103.8 92.1 83.1 74.9 65.3 58.6 61.6 59.3 55.6 54 51 47.2 45.4 37.2 29.7 36.3 39.6 38.9 37.3 33.6 30.6 29.6 26.8 29.5 36 42 48.2 53.3 56.4 58.8 61.1 63.3 62.9 63.8 64.9 64.9 64.5 64.5 65.1 65.3 65.1 64.8 64.2 63.6 63.1 63.4 63.8 64.1 64 63.4 62.9 62.6 62.3 62.3 62.4 61.4 59.9 59.6 59 57.1 54.2 54.5 54.3 53.7 52.1 51.5 50.7 49.3 48.3 47.2 46.1 45.5 45.2 43.1 42.7 42.5 41.5 39.9 36.6 39.7 38
113.1 117.9 121 122.8 123.4 122.5 117.3 106.4 93.6 84.2 77.7 71.4 57.9 52.7 52.9 51.7 50.3 46 42 41.3 38 31.9 33.9 35.6 34.9 33.9 32.2 29.4 27.7 26 25.9 28.9 34.8 38.7 44.7 47.3 49.5 52.7 56.1 55.9 57 58.6 60.1 60.8 60.6 61.5 61.8 61.6 61.3 61.1 60.9 60.5 60.6 61 61.2 60.8 60.4 60 59.3 59.4 59.2 58.9 58.7 58.4 57.9 57.5 56.9 53.8 54 53.6 52.2 51 50.4 49.1 48.1 47.1 46.1 45.2 44.5 43.8 41.6 41.6 41.7 40.7 39.5 36.8 38 38.9
108.5 113 116.7 120.8 124.3 124.1 117.5 107.8 93.9 84.7 76.9 70.3 61.6 53.9 46.2 44.6 42.6 39.4 37.6 37.6 36.1 29.6 27.9 30.4 30.5 29.1 29.4 27.9 27.5 24.5 24.4 24.8 27.6 30.6 34.5 37 40.1 42.7 46.6 48.2 49.1 50.5 52.5 54.3 55.4 56.2 57 56.9 57 56.9 56.6 57.2 57.9 58 58 57.5 57.2 56.8 56.6 57.1 56.7 56.3 56.1 55.6 55.2 54.9 54.3 50 52.8 51 50.3 49.6 48.6 47.5 46.3 45.9 45.2 44.3 43.5 41.8 40.7 40.6 39.9 39.5 38.3 35.9 34.9 35.5
103.8 108.6 112.1 116.8 120.6 120.6 113.6 102.5 90.9 82.2 71.6 64.3 61.1 52.5 44.1 39.8 37.4 34 31.2 33 31.9 30.1 26.8 23.9 24 24.8 25.3 24.4 23.7 22.6 23.3 23 22.9 23.5 25.2 27.5 31.6 33.7 36.4 39.1 41.2 42.9 44.4 46.7 48.8 50 50.7 50.9 52.2 52.3 52.1 53.3 53.5 53.8 53.8 54.4 54.3 54.1 54.7 55.1 54.6 54 53.3 52.9 52.3 51.7 51.2 49.5 48.3 48 47.6 47 46.6 45.9 44.6 44.1 43.7 42.9 41.6 39.8 39.1 38.5 37.8 37.9 36.9 35.9 32.9 34.6
98.7 104.7 110.6 115.7 115.8 110.8 102.3 91.5 84.1 75.6 67.6 62.4 57.8 48.3 41.5 39 35.8 31.8 29.3 27.7 26.9 27.1 26.3 24.5 23.4 20.8 21.6 21.4 21.1 21.6 22 22.1 21.1 20.6 20.2 19.8 22.2 25.9 28.2 30.4 33 35.7 39.1 40.9 42.9 44.2 45 46.5 47.9 48 48.2 49.2 50.1 49.7 49.5 50.2 50.6 51.8 52.3 52.6 52.6 52.3 51.8 51.1 50.7 50.1 48.8 47.2 45.7 44.9 44.9 44.1 43.8 43.3 42.5 42.1 41.4 40.4 39 37.4 36.8 36.1 35.4 35.4 35 33.9 31.8 34.4
92.2 98.9 103.3 107.3 105 98.5 90.1 80.7 75.5 68.5 63.6 60.9 56.2 49.6 38.7 36.8 33.6 29.6 29.2 27.2 25.4 24.5 23.9 23.4 22.7 21.9 20.5 18.6 20 20.9 21.4 21.4 20.8 19.4 18.3 18.1 17.9 18.7 20.4 22.4 25 28.7 34.5 35.5 38.6 40.7 42.6 44.2 45 44.6 45.6 46.7 47.9 47.5 47.6 48.7 49.7 50.2 49.7 49.4 49.5 49.3 49.2 48.9 49.1 48.3 47.1 45.8 44.1 43 41.8 41.3 40.9 40 38.9 38.2 38.6 37.5 36.4 34.8 34.4 34.4 33.1 33.7 33 32.5 31.3 33.2
83.6 89.2 92.7 95 91.8 86.1 76.9 70.3 66.3 60.3 58.2 53.2 49.9 45.4 41.8 40.7 33.7 30 27.3 25.8 23.9 23.4 22.5 21.6 21.2 20.7 19.6 18.4 18.3 20 20.4 20.3 19.8 18.6 16.7 15.9 16.2 14.8 14.9 15.2 17.6 20.1 24.4 28 33.3 36.7 38.5 40.9 41.9 42.2 43.7 45.8 47.3 46.5 47.1 48.5 50.2 49 48.2 48.5 47.7 47.4 46.9 47.1 47.3 46.6 45.4 44.2 42.4 40.6 38.1 37.9 37.9 36.9 35.8 34.7 34.6 35.3 34.6 32.2 31.9 32.2 33.3 32 31.5 30.3 29.4 31.1
73.2 76.7 81.2 82.2 78.2 72.5 63.9 59.7 57.1 53.2 49.7 47.4 46.3 44.2 44 38.2 35 31.2 28.2 25.5 23.4 22.2 21.1 20 19.6 19.1 18.5 17 17.1 17.9 18.9 18.7 18.5 17.9 17.1 15.1 12.7 11.8 10.8 10.3 10.7 12 15.5 18.6 24.2 26.9 31.2 35.6 36.7 38.4 40.6 43.1 44.2 44.5 45.4 47 47.7 47.8 46.6 46.7 45.9 45.9 46 45.6 45.5 44.6 43.5 42.3 40.7 38.9 36.6 34.9 34.9 34.3 33.2 32.8 32.4 32.3 30.8 29.9 29.1 29.3 30.1 28.8 29.7 28 27.1 28.3
57 57.3 61.2 64.2 62.2 58.5 52 50.4 47.9 46.4 44.5 44.3 43.5 41.8 41.4 36.2 34.9 32.7 31.1 27.9 25.5 23.6 21.6 19.7 18.6 17.5 16.9 16.5 15.5 14.6 16.6 16.8 16.9 16.5 15 12.8 10.9 9.8 8.8 8.2 7.4 6.7 7.6 9.5 13.2 16.6 21.3 26.5 29.9 33 35.7 39.7 40.2 41.1 42.5 43.8 44.8 44.3 43.5 43.5 42.1 42.9 43.6 43.7 43.3 42.3 41 39.9 38.3 36.3 34.2 32 32.2 32.1 31.6 31.4 31.2 31.3 29.4 27.7 26 26.3 28.4 28.5 27.3 26.5 25.2 25.4
45.1 49.5 52.7 54.2 54.6 48.5 41.6 40 39 39.9 40.6 40.4 39.4 38 36.4 35.9 33.4 32.6 32.2 29.9 27.5 25.8 23.8 21.9 20.3 18.5 17.4 16 15.5 14.5 13.2 13.8 14.2 12.2 11.6 10.7 9.8 8.6 7.5 6.8 6.5 6.2 5.9 5.9 7 7.9 13 17.5 20.5 24.2 28.7 32 32.8 35.7 37.4 39.3 39.9 39.5 39.6 39.3 38.5 39.2 38.7 39 39.3 39.3 38.4 37.5 36 34.1 32.4 30.3 29.8 30.5 29.7 29.2 29.1 28.9 27.7 27.1 25 24.6 27.3 27.5 26.2 24.7 23.7 23.7
39.8 45.5 49.4 45.6 46.8 41.7 36.3 34.1 34.1 35.6 36.4 35.9 35 35.1 34.2 34 32.7 31.8 33.1 32.7 28.5 27.5 26.8 25 23 20.6 19.1 17.1 15.5 14.2 13.3 12.7 12.5 11.6 10.7 9.8 9.1 7.9 7.2 6.5 6.4 5.9 5.8 5.7 6 5.8 7.2 11.1 13.9 16.5 19 20.8 24.1 28.8 31.9 32 32.7 33.4 33.9 34.6 34.8 34.3 33.8 33.9 34 34.1 33.8 33.9 33 31.4 29.5 27.5 27.3 28.5 28.7 27.8 26.6 26.4 25.8 25.9 24.6 23.3 26.9 26.3 26.9 25.6 23.3 23
31.4 35 37.7 35.8 36.5 31.6 28.9 27.4 28 31.7 31.9 31.2 31.7 31.8 32.2 32.2 31 31.1 32 29.9 28.4 27.1 26.6 25.4 23.8 21.9 20.2 18.1 16.8 15.5 13.4 12.3 11.6 11.2 10.3 9.5 8.5 7.5 7.1 7.1 7.3 7.4 5.6 5.5 5.1 5 4.8 6.9 7.4 9.6 12.6 14.4 16.9 19.6 22.7 24 24.6 25.9 26.7 27.6 28.8 29.4 28.9 28.6 28.6 28.1 27.8 27.8 28.2 27.5 26.6 25.1 24.1 25.1 25.1 24.7 24 25.2 24.7 24.4 23.1 21.6 23.4 24 26.5 26.5 23 22
28.4 27 24.4 23.3 23.2 21.9 21 20.5 22.2 25.5 26.3 27.5 28.8 30.2 31.1 30.5 29.5 29 28.5 28.5 27.5 26.7 26.2 25.6 23.5 21.9 20.4 19 17.8 16.7 14.5 13 11.6 10.4 9.8 9.6 8.9 7.6 6.8 6.8 6.3 6 5.5 5 4.7 4.5 4.5 4.5 3.8 5.9 7.9 9 10.8 13.1 15.3 16.6 17.5 18.5 19.7 20.5 22.1 23 23.1 22.7 22.5 22.2 21.9 21.7 21.8 22.4 22.1 21.6 20.9 21.8 21.3 20.9 20.2 21.4 21.8 22 19.9 18.5 19.4 20.5 22.3 22.6 20.9 20.9
25.7 25.8 23.2 21.4 20.8 20.5 20.2 20 19.8 20.2 21.8 24 25.6 27.4 28.5 28.2 28.5 28.7 28.7 28 27.2 26.4 25.6 24.8 23.8 22.4 20.9 19.8 19.1 17.5 15.8 14.3 12.9 11.1 10.1 9.7 8.9 7.9 6.9 6.2 5.8 5.4 5.2 4.9 4.3 4 4.1 4 4.6 4.4 5.1 4.8 4.6 5.7 6.2 7.9 9.6 9.8 9.9 10.7 12.6 14.5 14.5 15.2 16 16.1 16.3 16.4 16.1 16.6 17.2 17.2 18.3 18.6 18.4 18.2 17.2 16.9 17.3 16.2 14.6 14.6 15.8 17.4 18.4 19.3 19.9 19.7
24.9 24.2 22.5 21.2 20.9 20.6 20.3 20.1 19.8 19.6 19.8 20.9 23.3 25.3 26.4 26.8 27 28.2 28.4 28.3 28 27.2 25.8 24.9 24.3 22.8 21.3 21.1 20.3 18.6 17.1 15.7 14.2 12.1 10 9.4 8.6 7.8 7 6.4 6 5.9 5.8 5.5 4.8 3.6 3.6 3.6 3.7 4.1 4.3 4.1 3.7 3.3 3.9 1.6 2.8 3.5 2 4.3 4.6 3.8 4.9 6.2 7.8 9.4 9.6 10 10.6 10.8 10.2 11.6 18.3 17.9 17.2 14.9 12.6 12.4 12.6 11.5 10.4 11.3 12.6 13.6 16.2 18.3 18.7 18.1
24.6 22.9 21.9 21.4 21 20.7 20.6 20.4 19.8 19.3 19.4 19.3 21.5 23.2 24.6 25.5 25.7 26.7 27.7 28 28 27.3 25.7 25.3 25 22.1 21.5 22 21.3 20.1 18.7 17.3 15.9 13.9 11.1 9.8 9.1 8.4 7.6 6.8 6.2 6.1 6.1 6.1 5.7 4.4 3.6 3.6 3.7 3.7 3.9 4 3.4 3.1 4.1 2.7 1 1 1 1 2.4 1 2 3.8 3.3 6.3 7 5.5 6.5 6.2 5.3 5.9 6.3 6.9 7.4 7.1 8 7.9 7.7 8.1 7.9 8.1 8.7 9.3 10.7 14.9 17.9 16.8
23.6 22.7 22.2 21.7 21.1 20.9 20.5 20.5 20 19.4 18.9 19.3 19.7 21.2 21.5 22.5 20.8 24.1 25.6 26.5 26.6 26.3 24.6 24.7 23.7 22.1 21.5 21 20.3 19.8 19 18.3 17.3 15.5 13 11.2 10.1 9.4 8.6 7.8 6.8 6.3 6.3 6.2 6.2 5.3 3.5 4.4 3.8 3.3 3.5 3.7 3.5 3.5 4.7 4.6 4.3 4.2 1 1 1 1 1 1 1 1 1 3.8 3.9 4.5 4.4 5.2 5.9 6.2 6.3 6.6 6.6 6.3 6.3 6.7 6.7 6.7 6.8 7.1 6.8 7.9 11.9 13.8
22.5 22.2 22.1 21.6 21.2 20.7 20.3 20.3 19.9 17.4 18.2 18.9 18.8 19.1 19.2 19.3 19.3 20 21.7 23.6 24.7 24.6 24 23.3 22.5 22.1 22 20.9 20.1 19.8 19.2 18.7 17.8 16.1 15 13.2 11.4 10.3 9.6 9.2 7.3 6.4 6.2 6.3 6.3 6.2 4.4 5.4 5.5 3.3 3.4 3.6 3.5 3.9 5.3 5.7 5.4 4.5 3.8 4.1 1 1 1 2.5 1 1 1 1 1 1 5.5 6 6.3 6.3 6.4 6.3 5.8 5.3 5.2 6.6 6.6 6.4 6.3 6.4 6.2 6.2 6.6 6.6
21.3 21.7 22 21.6 21.2 20.7 20.1 19.9 19.7 19.1 18.9 18.7 18.5 18.3 18.6 18.8 18.6 17.9 18.3 19.9 20.9 21.3 21.7 20.8 20.1 20.5 20.4 19.8 19.9 19.6 18.7 17.9 17.4 17 16.7 15.2 13.2 11.2 11.1 10.4 8.3 6.7 6.5 6.2 6.5 6.7 6.5 5.6 5.6 3.7 3.3 3.4 3.4 4.5 5.8 6.2 5.9 5.2 4.3 3.3 3 2.4 1 1 1 1 1 1 1 1.5 6.5 6.5 6.4 6.4 6.2 5.7 5.2 4.7 4.8 6.2 6.6 6.2 6.2 6.2 6.1 6 5.8 5.1
20.7 20.5 22 21.6 21.2 20.5 20 19.8 19.6 19 18.6 18.5 18.3 17.9 18.2 18.3 18.1 17.8 17 17.2 17.2 17.7 18.2 17.7 17.4 18.1 17.8 17.7 18.1 18.1 17.3 16.6 15.7 15.8 16.2 15.7 13.9 11.6 11.1 11 8.9 7.1 6.7 6.3 6.4 6.7 6.3 5.9 6.2 5.8 5.7 5 4.3 5.8 6 6.1 5.5 4.9 4.4 3.5 3.1 3 2.1 1 2 2.3 2.4 1 1 5.6 6.6 6.6 6.5 6.4 6.3 6.1 6 5.4 4.5 4.9 5.6 6.1 6.1 6.1 6 5.8 5.6 4.8
19.8 19.9 21.5 21.7 21.1 20.2 19.9 19.7 19.6 18.8 18.3 18.2 18.1 17.7 17.7 17.8 17.7 17.5 15.3 12.9 13.2 14.2 14.5 14.5 15.3 15.3 14.8 15.2 15.7 16.1 15.7 14.8 13.9 13.7 14 14.1 13.6 11.9 11.2 10.2 8.5 7.5 6.9 6.1 6.4 6.7 6.7 6.7 6.2 6 5.9 5.8 5.8 5.9 6 5.6 5 4.5 4.1 3.7 3 2.9 2.9 3.6 2.3 0.3 0.6 -1.5 1.2 4 6.3 6.6 6.5 6.4 6.2 6.1 5.9 5.8 5.7 5.5 5.9 5.9 5.9 5.9 5.9 5.7 5.3 5.6
16.4 22.3 21.8 21.3 20.8 19.8 19.8 19.6 19.4 18.6 18 18.1 17.7 17.7 14.4 17.3 16.8 14.9 10.2 8.1 9.2 10.4 10.8 10 11.9 12.4 12.6 13.1 13.4 13.5 13.4 13 12 11.6 11.7 11.6 11.8 11.5 10.5 9.2 8.1 7.3 6.5 6.3 6.4 6.6 7.7 7.8 6.4 6.3 6.1 5.8 5.8 5.9 5.8 5.2 4.7 4.2 3.9 3.5 3 2.8 2.6 3.5 2.1 -0.3 -1.5 -1.5 0.1 2.1 6.2 6.2 6.5 6.3 6.2 6 5.9 5.7 5.6 4.5 4.5 5.2 5.5 5.7 5.8 5.2 4.6 3.7
2.1 11.8 19.2 21.1 20.5 19.5 19.7 19.6 19.2 18.6 18.5 17.9 17.1 15.3 10.6 9.8 8 2.2 2 2.1 2.5 5.6 7 8 9 10.1 10.7 11.3 11.7 11.7 12 11 10.1 9.5 9.3 9.1 9.3 9.7 9.3 8.3 7.5 6.8 6.5 6.6 6.6 7.1 8.4 12 9.2 6.6 6 5.7 5.8 5.8 5.4 4.8 4.3 3.9 3.6 3.3 2.9 2.6 2.6 2.5 1.7 0.6 -1.5 -1.5 -1.5 1.1 5.1 5.9 6.2 6.3 6.1 6 5.8 5.7 5 4.3 4.7 4.2 4.7 4.9 4.8 4.6 3.6 3.2
-1.5 -1.5 2.5 6.1 7.5 12.8 19.6 19.6 19.2 19.1 19.1 18.2 17.8 10.2 8.7 5.5 1.9 1.4 1.2 1.3 1.6 2 4.2 6 7.4 7.5 8.2 9.3 11.1 11 10.6 10.1 9 8.5 8.3 8.1 8 7.9 7.8 7.5 7 6.6 6.6 6.7 6.7 7.4 10.2 16.3 16.9 12.6 7.4 5.9 5.8 5.6 5 4.4 3.9 3.6 3.3 3 2.6 2.8 2.1 1.9 1.1 0.3 -0.3 -0.9 -1.5 -1.5 2.3 4.9 6 6.1 6.1 5.9 5.7 5.4 4.5 4.7 3.1 2.9 3.7 3.8 3.7 3.8 3.3 2.9
-1.5 -1.5 -1.5 -1.5 1.6 3 6.1 7.2 9.3 13.1 11.9 8 5.4 6.5 5.7 1.9 0.9 0.6 0.4 0.6 0.9 1.4 2.1 4.8 6.5 7.3 7.1 7.9 10.6 12.3 13.2 11.3 9 8.3 8.1 7.9 7.7 7.6 7.3 7.1 6.8 6.6 6.6 6.6 6.6 7.1 10.9 17.9 18.9 18.6 16.9 12 6.5 5.2 4.6 4.1 3.6 3.3 2.9 2.7 2.7 2.5 2.2 1.8 1.2 0.6 0 -0.6 -1.2 -1.5 -1.5 3.5 5.8 5.9 6.1 5.8 5.5 5.3 4.5 3.6 1.7 2.1 3.5 3.9 3.9 3.8 3.5 4.5
-1.5 -1.5 -1.5 -1.5 -1.5 -1.5 -1.5 1.2 -1.5 -1.5 -1.5 -1.5 -1.5 -1.5 -1.5 0.5 -0.2 -0.3 -0.4 -0.1 0.3 0.9 1.7 4.4 5.9 7 7.4 8.6 11.8 16.5 18 16.7 10.5 8.3 7.9 7.6 7.4 7.2 7 6.8 6.7 6.7 6.7 6.7 6.7 6.8 9.5 16.9 19.3 19.1 18.2 17.5 15.5 7.2 5 4.2 3.5 2.9 2.7 2.7 2.2 2.1 1.9 1.6 1.4 0.9 0.3 -0.3 -0.9 -1.5 -1.5 2.9 5.5 6 6.1 5.9 5.2 4.1 3.1 2.1 1.9 3 4.2 4.4 4.4 4.4 5.1 5.9
-1.5 -1.5 -1.5 -1.5 -1.5 -1.5 -1.5 -1.5 -1.5 -1.5 -1.5 -1.5 -1.5 -1.5 -1.5 -1.5 -1.5 -1.5 -1.5 -0.7 -0.2 0.5 1.3 2.1 5.7 7.3 8.4 12.5 16.2 19.1 18.2 17.6 16.2 10.2 8.4 7.7 7.1 6.9 6.7 6.9 6.8 6.8 6.8 6.7 6.7 7 9.6 16.9 19.4 18.9 14.2 12.6 17.9 16.2 7.3 4.7 3.5 2.3 2 2.9 2.1 1.8 1.6 1.4 1.1 0.8 0.5 -0.1 -0.7 -1.3 -1.5 -1.5 5 6.1 6 5.2 4.3 3.5 1.9 1.6 2.8 3.9 7.6 8.3 6.9 5.9 6.5 8.5
-1.5 -1.5 -1.5 -1.5 -1.5 -1.5 -1.5 -1.5 -1.5 -1.5 -1.5 -1.5 -1.5 -1.5 -1.5 -1.5 -1.5 -1.5 -1.5 -1.5 -0.7 0.1 0.9 1.8 5.6 7.5 10.9 18 18.7 18.3 18.1 17.7 16.9 13 8.8 7.8 6.9 6.7 7 7 6.9 6.8 6.8 6.8 6.8 7.4 10.7 16.2 18.8 18.4 14 15 17.9 18.2 15.5 6.3 3.8 2.6 3.1 2.1 1.8 1.5 1.3 1.1 0.9 0.6 0.3 0 -0.5 -1.1 -1.5 -1.5 5.1 6.1 5.7 4.5 3.8 2.6 1.5 2.5 3.5 5.1 12.6 13.8 11.1 8.4 9.4 13.9
-1.5 -1.5 -1.5 -1.5 -1.5 -1.5 -1.5 -1.5 -1.5 -1.5 -1.5 -1.5 -1.5 -1.5 -1.5 -1.5 -1.5 -1.5 -1.5 -1.5 -1.5 -0.4 0.6 1.6 3.6 7.1 12.9 19.9 14.9 12.8 14.1 14.2 14.1 13.9 10.1 7.9 6.9 7.1 7.1 7 6.9 6.9 6.9 6.9 6.9 7.2 10.8 16.1 18.4 19 11.9 17.6 17.7 17.3 17.9 14.3 5.9 3 2.3 1.8 1.4 1.2 1 0.8 0.6 0.4 0.1 -0.2 -0.5 -0.9 -1.5 -1.5 5.2 5 4.4 3.8 3.1 1.4 2.3 3 4.5 7.9 13.8 17.4 17.3 13.9 12.9 14.4
-1.5 -1.5 -1.5 -1.5 -1.5 -1.5 -1.5 -1.5 -1.5 -1.5 -1.5 -1.5 -1.5 -1.5 -1.5 -1.5 -1.5 -1.5 -1.5 -1.5 -1.5 -0.7 0.4 1.5 4 6.6 15 17.2 11.5 10.5 10.8 10.2 10.9 13.9 12.7 8.4 6.9 7 7 7 6.9 6.9 6.9 6.9 6.9 7.1 8.6 11.3 15.1 11.3 9.9 17.2 17.6 15.7 15.2 14.1 8.3 3.3 2.3 1.5 1.1 0.8 0.7 0.5 0.3 0.1 -0.1 -0.4 -0.7 -1 -1.5 -1.5 4.3 3.8 3.3 3.1 1.5 2.9 3.8 5.2 6.9 9.8 15.1 19.8 21.2 16.7 15.2 14.8
-1.5 -1.5 -1.5 -1.5 -1.5 -1.5 -1.5 -1.5 -1.5 -1.5 -1.5 -1.5 -1.5 -1.5 -1.5 -1.5 -1.5 -1.5 -1.5 -1.5 -1.5 -1.5 -0.1 1.4 4.1 9.6 20 17.8 12.2 15 16.4 17.7 16.4 16.7 17 9 6.8 6.8 6.9 6.9 6.9 6.9 6.9 6.9 6.9 7 7.9 11.1 12.7 9.2 9.1 11.7 11.9 8.9 8.6 9.4 7.7 2.9 2.2 1.4 0.8 0.4 0.3 0.2 0 -0.2 -0.4 -0.6 -0.9 -1.2 -1.5 1.9 1.6 3.5 3.4 1.5 2.8 5.7 9 8.4 8.1 11.4 16.7 21.1 18.9 18 16.6 15.9
-1.5 -1.5 -1.5 -1.5 -1.5 -1.5 -1.5 -1.5 -1.5 -1.5 -1.5 -1.5 -1.5 -1.5 -1.5 -1.5 -1.5 -1.5 -1.5 -1.5 -1.5 -1.5 0.2 1.8 9.8 17.7 19.8 18.5 12.1 8.8 10.3 12.4 14.3 15.2 16.7 7.5 6.8 6.7 6.7 6.8 6.9 6.9 6.9 6.9 6.9 6.9 10.7 14.7 10.9 7.3 6.7 7.4 7 6.7 7.2 8.4 9.2 3.5 2.1 1.3 0.6 0.1 -0.1 -0.2 -0.4 -0.5 -0.7 -0.9 -1.1 -1.5 -1.5 1.8 1.2 3.2 3.4 1.2 6.5 11.3 13 11.9 11.6 14.3 19.4 18.9 16.1 15.8 15.7 15.8
-1.5 -1.5 -1.5 -1.5 -1.5 -1.5 -1.5 -1.5 -1.5 -1.5 -1.5 -1.5 -1.5 -1.5 -1.5 -1.5 -1.5 -1.5 -1.5 -1.5 -1.5 -1.5 0.3 4 15.9 12.4 12.8 13.4 10 7.4 8.1 9.9 14.3 14 8.8 7.3 6.8 6.7 6.9 7 7 6.9 6.8 6.9 6.9 7 8.4 8.6 7.4 6.9 6.5 6.9 7.1 7.2 7.3 9.6 9.3 5.9 2 1.2 0.5 -0.2 -0.6 -0.6 -0.7 -0.9 -1 -1.2 -1.5 -1.5 0.6 2.2 1.2 1.2 1.2 6.3 11.6 15.6 15.2 14.2 16.3 18.8 21.2 18.7 16.1 16 18 18.7
-1.5 -1.5 -1.5 -1.5 -1.5 -1.5 -1.5 -1.5 -1.5 -1.5 -1.5 -1.5 -1.5 -1.5 -1.5 -1.5 -1.5 -1.5 -1.5 -1.5 -1.5 -1.5 0.7 10.7 16.6 10.9 9 8.6 7.2 7.1 7.7 8.4 11.8 8.2 7.8 7.5 7.6 9 7.1 7.1 7 6.9 6.8 6.9 6.9 7 7 7.1 7.2 7.8 7.3 7.3 7.7 8.3 9.4 10.4 9.2 7.2 2.1 1.2 0.4 -0.4 -1 -1.1 -1.1 -1.2 -1.5 -1.5 -1.5 0 1.4 2.6 2.5 6.9 9.9 15 19.1 18.4 16.6 18.3 19.4 21.2 21.1 18.5 16.9 18.4 19.8 20.1
