WholeMapElevations/data/nh/nh22_OST50GRID_20230518/NH22.asc
ncols 200
nrows 200
xllcorner 220000
yllcorner 820000
cellsize 50
[rows 35 to 69 of 200, columns 78 to 155 of 200]
629.4 629.6 631.5 633.5 636.3 638.2 639.9 641.5 642.8 644.2 644.8 645.3 646.2 646.8 648.7 651.1 654.9 658.3 664.2 670.5 674.3 669.4 655.9 633.9 607.2 581.4 561.5 543.1 526.2 514.1 507.1 498.1 490.6 491.4 490.5 484 480.2 478.3 460.8 472.4 474 481.4 497.2 514.2 531.1 538.9 533.7 529.8 542 541.2 521.8 509.3 481.8 443.5 413.5 398.3 385.5 369.3 354.6 345.3 336.5 329.2 318.5 304.4 292.7 281.2 265 259.2 254.3 252.4 250.1 249.8 239 224.1 209.6 204.1 205.8 197
625.8 626.3 628.7 630.8 633.3 635.8 638.2 640.6 642.8 644.3 645.5 646.9 648.1 649.6 653.3 657.7 661.5 667 674.2 680 682.3 675.7 661.2 637.5 611.5 589.1 564.6 544.4 529 517.1 507.4 495.1 490 487.4 486.6 478.8 470 469.2 467.5 453.3 461.4 476.3 489.7 504.3 518 522.5 519.1 508.3 505.3 514.5 517.1 511 483.1 442.2 410.6 393 381.8 364.2 350 338.3 328.4 320.8 310.2 298.5 285.8 271.1 262.1 258.5 257.5 253.2 261.9 251.7 233.8 216.9 205.2 201 197.6 195.2
625.3 625.3 627.3 629.4 631.5 634.2 637.2 639.2 641.3 643.2 644.9 646.7 649.1 652.4 655.6 660.3 666.4 673.5 680.9 686.8 689.9 680.9 665.4 641.7 613.8 586.3 563.1 545.3 530.3 517.8 506 492.7 485.8 477.5 479.4 474.5 465.7 461.1 459.2 444.3 458.6 470.9 481.1 488.1 496.3 503.3 501.1 494.7 482.2 481 486.9 492.9 475.2 444.9 402.4 381.3 368.7 355.8 340.6 330 322.3 308.7 297.7 288.9 278 265.2 261.7 259.7 259.2 260 250.1 235 219.1 208.2 201.1 197.6 194.5 191.2
625.7 625 626.7 628.8 629.8 632 634.2 636.5 638.9 640.2 641.9 644.6 646.9 650.2 653.8 659.8 668.9 677 683.4 690.9 692 680.7 663 636.6 609.1 587.2 569.8 553.6 536.5 519.9 506.4 493.4 483.4 466.2 469.9 463.9 455.1 443.7 440.1 440.9 455.2 466.6 475.7 475.9 471.2 473.9 480.1 476.4 461.3 453.6 458.7 460.5 449.7 428.5 388.3 364.9 351.5 342.1 331.4 320.8 307.8 299.4 289.4 279.1 271.1 265.8 262.6 261 260.8 250.5 236.8 223.8 208.2 201.5 198.2 195.3 191.2 196
625.9 620.9 624.4 625.4 626.6 628.4 629.6 630.9 633.3 635.4 637.6 640.4 643.1 646.9 651.4 657.5 665.7 674.2 682.4 691 687.7 673.1 652.5 629.5 608 592.1 577.3 560 540.7 520.9 503.3 489.9 477.2 461.1 453.5 452.5 444.4 432.1 420.5 429.8 446.5 456.7 472.1 478.1 466.1 448.9 457.9 449.3 438.6 432.2 424.3 423.8 413.6 388.6 368.1 350.6 337.8 326.9 321.3 314.4 305.3 297.8 290 279.5 268.1 264.5 265.6 270.6 261.8 256.1 239 224.8 206.4 193.7 192.1 191.2 196.9 196.1
623.7 620.9 620.2 620.5 620.4 622 624.1 625.4 626.7 629.3 631.6 634.7 637.9 641.5 646.7 653.8 661.3 669.4 679.3 684.3 675.6 659.4 639.1 620.9 600.6 587.6 573.8 553.5 538.1 516.1 495.7 482.3 469.9 452.6 443.2 432.3 429.5 423.8 406 419.1 429 441.4 448.2 451.4 447.7 425.6 418.8 413.1 412.8 402.6 396.7 393.6 384.3 369.5 353.2 339.9 332.2 326.4 319.1 310.7 304.3 301.1 297.8 288.8 275.7 270.8 279.8 264 256.1 248.6 242.7 224.5 201.6 196.9 197.8 197.2 197.1 203.5
618.9 616.1 612 613.8 613.9 614.1 616.1 617.1 618.9 621.1 623.2 627.2 631.6 635.1 639.8 647.9 656.2 664.6 672.5 668.8 655.6 637.2 616.7 597.3 586.1 572.6 558.1 542.4 526.1 507.2 489.5 476.7 463.3 449.4 437.7 425.6 413.8 409.6 394.9 403.6 411.5 419.2 428.6 423.6 415.7 403.2 391.2 382.8 391.4 374.9 369.2 366.8 363.1 352.8 342.9 335.5 330.3 322.9 317 312.2 311.8 313.4 312.9 297.8 284.9 288.1 281.2 256.7 245.7 243.4 234 212.5 194.7 198.6 197.9 198 206.9 223.6
615.3 612.6 610.4 607.4 608.8 608.9 608.5 610.8 611.4 612.1 614.3 619 623.5 626.9 629.6 638.3 647.3 657.9 660.8 652.4 637.7 615 599.7 581.6 566 553 546.1 536.2 517.6 499.6 481.7 470.5 458.1 446.1 433.8 423 407 389.7 394.6 388.7 401.6 402.5 403.8 401.2 393.8 384.3 372.5 363.2 360.7 356.6 352.7 345.7 340.8 335.4 327.7 322.3 321.7 318.1 313.2 311 309.3 308.2 304.8 292.9 313.4 293.3 268.7 251.1 244.3 245.5 223.9 204.2 195 199.2 199.7 207.5 222.6 238.7
613.6 608.5 605.9 599.8 602.7 603.1 603.4 603.6 604.3 604.5 605.9 609 611.3 615.1 618 625.8 636.2 646.9 643.5 630.6 612 591.1 577.2 563.8 551.5 541.9 534.8 521.1 500.6 488.5 476.4 468.2 452.9 439.3 428.4 418.5 401.4 384.3 372 371.2 382.7 386.7 389.2 394.3 395.6 385.3 368.6 355.2 343.2 339.3 338.5 336.5 338.7 332.7 322.3 318.1 316.6 313.8 309.2 304.9 303.2 300.1 300.7 317.5 302.6 283.5 254.6 248 242.7 243.9 217.3 199 198.4 200.2 205.7 222 236.9 253.4
612.7 608.5 603.3 600.8 592.9 594.9 596.7 596.9 597.8 596.7 596.8 597.1 597.1 598.8 603.9 612 622.3 626.5 621.1 611.7 584.9 567.5 555.7 543.9 531.7 521.4 516.7 493.4 479 468.6 459.9 450.7 440 428.8 418.4 405 391 377 362.4 364.8 365.4 369.9 373.2 375 382.3 381.3 375.1 359.9 345.3 336.4 332.5 325.6 323.9 322.4 321.2 311.1 307.6 305.9 304.1 299.1 300.4 302.3 309.8 293.8 279.5 266.9 249.3 239.6 239.3 221.6 206.5 195.2 200 205.4 220.7 241.8 258 263
612.8 609.1 605.4 600.3 593.5 580.2 579.2 588.7 593 590.6 588.3 587.1 583.3 584.9 589.4 598.4 603.7 601.5 597.6 582.6 561.2 549.5 539.4 524 509.2 499.3 483 464.9 453.1 444.5 438.3 430.4 420.9 411.3 400.2 387.6 374.6 366 356.5 354.9 352.9 351.2 352.4 356.6 358.8 361.4 355.5 352.5 356.9 348.3 338.1 331.2 332.2 332.7 321.1 313.6 310.4 307.7 301.4 298.8 298.8 309 298.9 278.9 264.8 254.7 250.3 232.5 235.1 216.8 202.6 195.8 204.3 219.4 244.9 265.9 276.8 275.4
616.4 611.4 605.3 597.5 591.2 579.6 562.2 573.6 586.6 583.8 578.1 576.4 573.2 573.7 573.9 580.8 582.9 578.2 565.3 556.5 542.3 527.1 516.3 498.6 489.9 479.2 460.3 444.4 432.4 424.7 417.8 410.4 401 391.3 379 369.1 360.9 357.1 352.5 341.9 341.1 336.4 335.9 336.2 339.4 339.8 338.3 338.3 337.1 333.7 331.8 333.5 332.8 329.8 327.8 319.9 306.6 298 292.9 288.5 288.2 285.5 272.5 257.9 244.4 239 230 229.5 219.8 209.4 197.2 203.8 218.7 242.9 267.1 282.3 292.6 280.2
622.9 618.7 610.6 600.7 591.8 582.6 565.6 545.9 576.1 575.3 569.5 563.7 562.3 562.5 561.9 559.2 552.3 542.6 533.1 528.6 517.2 496.5 485 475.5 464.6 449.6 435.9 423.8 415.6 408.6 399.2 390.8 380.6 370.5 363.2 356.5 352.3 349.1 346.9 341.9 334.8 326.5 325.1 314.4 310.4 307.2 309.5 313.9 311.1 310 306.9 308.5 308.5 304.1 299.8 294.8 286.8 281.1 273.6 267.3 263.7 256 246 238.7 232 228.7 217.1 225.5 214.6 206.1 197.2 217.9 242.4 267.6 287.7 298.9 293.4 286.4
634.1 627.5 618.3 605.3 591.4 574.3 552.1 538.7 566.5 567.4 561.7 554.8 550.5 550 545.3 542.2 539.1 521.6 512.7 505.1 493.6 480.9 467 454.4 441.6 429.8 418.6 409.4 401.7 392.8 382.8 373.3 365.2 358.2 352.9 347.6 344.5 344.2 342.8 338.3 335.5 340.1 341.1 338.5 333.6 335.8 325.7 308.6 296 279.2 275.7 277.5 279.3 272.6 270 265.1 262.5 255.3 247.9 244.8 242.1 235.7 233.5 228.3 225.1 217.1 217.1 217.1 217.1 197.1 213.7 241 265.8 286 304.1 302.8 297.2 311.6
635.1 628.3 616.6 602.4 585.2 563.3 537.8 528.2 556.3 557.8 549 541 533.9 528.5 521.2 521.1 514.5 497.6 493.5 481 472.9 464.1 449 435.5 424.1 413.8 406.8 395.8 386.3 377.3 368.7 360.7 355.1 351.3 348.1 345.8 343.3 341.2 340.1 340.8 343.5 349.9 353 350.8 345.5 339.8 325.8 321.4 312.6 305.2 296.3 289.7 285.8 278.7 269.7 259.9 249.7 242.5 236.1 232.7 238 228 217.1 217.1 217.1 217.1 217.1 217.1 217.1 217.1 228.5 258.9 284.1 301.2 305 304.8 311.4 323.8
625.3 619.8 605.6 591.1 577.4 553.2 529.2 509.2 540.8 539.4 532.3 524.3 517 513.2 504.2 497.9 489.6 478 465.5 456.7 449.1 439.1 429.1 420.6 416.7 418.8 411.9 393.5 376 365.8 357.2 350.2 347.5 343.8 341.7 339.4 338.8 337.3 334.5 335.7 341.5 346.6 346.2 344.3 343.5 343.8 339.6 333.4 327.4 317.6 307.4 304.7 298.9 292.1 279.7 267.3 257.7 249.1 244.4 241.1 227.4 217.1 217.1 217.1 217.1 217.1 217.1 217.1 217.1 223 253.9 281.3 301.7 304.2 303.2 314.3 324.1 335.5
607.3 598.7 589.4 579.1 563.1 537.9 518.6 494.8 521.4 519.8 513.9 505.8 497.6 493.8 487.9 476.4 465.6 455.9 444.7 439 430.7 438.9 442.2 445.8 442.6 443 417.1 390.8 370 359.2 350.7 343.2 339 332.7 332.6 331.5 329.9 329.1 326.8 326.5 329.2 331.7 331.2 329.4 328.5 329.6 328.9 325 323.8 322.7 319.3 313.2 303.1 290.2 282.5 270.6 271.8 269 278.2 272.7 246.9 230.7 229.6 226.5 226.9 217.1 217.1 217.1 221.4 254.2 280.4 299.4 308.1 301.3 307 320.8 335 357
594.5 589.9 581.6 566.2 547 525.1 499.9 487.9 500 499.4 493.8 484.5 477.7 474.6 466 457 445.8 436.5 438.2 447 450 462.6 469.3 460 452.1 440.5 410.5 381.3 362.6 351.3 342.8 334.6 326 322.9 322.2 319.7 317.3 315.2 315.3 315.1 315.6 315.5 315 315.7 319.7 322.1 320 316.1 312.6 309.9 309.4 306.5 300.6 295.5 286.9 280.4 282.9 289.8 288.6 281.4 262.2 228.5 217.1 217.1 217.1 217.1 217.1 230.3 253.9 282.6 292 303.3 301.1 300.6 314.6 335.7 359.8 383.4
574.9 566.8 554 538.7 521.8 505.6 489.1 468.7 477.8 476.7 474 466.1 461.3 456.3 450.2 440 442 449.5 448 437.4 432.9 433.8 435.8 431.8 426.3 406.7 384.6 367.8 350.5 340.8 331.3 321 312.6 312.6 309.5 306.9 307 305.8 300.5 300.8 301 299.4 299.5 301.3 305.4 312.6 318.2 320.8 314.6 306.8 301.2 299.7 295.8 291 280 270.9 273.5 275.4 275.2 270.5 241.7 223.3 217.1 217.1 217.1 217.1 229.7 249.2 273.4 289.7 298.2 300 302.1 316.6 335.1 355.8 376 399.8
547.9 539.6 528 513.1 499.8 488.3 477.2 457.6 457.9 460.1 456 449.2 443.7 442.6 438 437 439.8 432.9 418.6 408 401 399.2 400.1 395.1 386.7 374 356.6 342.5 333.3 327.6 314 303.3 301.2 299.9 297.8 294.9 290.1 287.9 283.6 284.1 283.7 281.6 280.7 281.6 286 292.2 301.2 310.4 312.4 300.8 289.7 292.9 293.6 293.3 269.7 259.5 254.1 258.7 258.8 258.8 225.9 217.1 217.1 217.1 217.1 224.1 244.9 263.7 280.7 293.2 300.1 300 317.1 334.3 353 374.2 401.5 420.4
523.6 516.7 506.6 496.3 483.5 471.6 464 454.7 430 445.2 441.2 437.8 432.5 429.1 424.4 418.4 411.4 403.2 392.4 383.7 379.2 376.3 371.8 365.2 355.1 348.4 339.1 325.2 312.3 303.4 296.4 293.6 290.4 288.1 284.6 280.1 276.8 272.7 267.8 265.3 265.5 264 263.1 262.1 263.4 266.4 271 280.8 288.9 282.6 273.7 281.2 288 278.7 258 255.9 245.4 238.4 231.3 220.5 217.1 217.1 217.1 217.1 217.1 237.8 257.6 276.1 290.6 301.9 301.3 313.1 331.2 350.4 370.2 398.6 421.1 436.7
505.1 495.8 488.7 479.2 466.5 455.9 445.6 436.4 413.1 428.7 424.1 418.5 413.4 409.6 404.1 395.3 386.2 378 370.6 365.6 361.2 355.6 348.8 341.9 335.1 329.5 323.6 314.2 296.1 288.5 291.8 288.4 284.2 276.4 275.7 268.9 262.9 255.4 247.5 245.9 247.9 248.6 248.1 247.8 243.9 242.2 243.7 246.6 248 250 249.8 254.2 264.6 252 238 242.4 236.6 221.8 217.1 217.1 217.1 217.1 217.1 217.1 230.4 251.5 271.2 288.6 300.9 306.9 314.1 333.4 355.3 372.2 397 422.2 436.6 440.8
482.9 474.8 466.1 456.4 444.8 433.5 425.6 418.7 404.1 408.6 403.2 399.8 396.2 390.3 384.2 374.7 367.2 359.7 353.8 347.4 342 335.7 328 321.7 317.4 311.6 305.5 297.3 283.6 280.6 286.8 289.4 275.5 276.8 256.6 252.7 246.8 235.3 230.4 231.9 236.2 234.8 235.8 233.5 229.1 229.3 230.7 230.7 230.4 227.7 228 225.1 228.6 217.1 217.1 217.1 217.1 217.1 217.1 217.1 217.1 217.1 217.1 222.2 247 266.8 288.9 303.9 313.3 313.8 333.7 352.4 370.2 390 413.7 430.7 439.7 432.4
467.7 458.4 445.7 435.7 426.5 416.7 408.3 399.4 395.1 385.2 383.2 380.3 375.1 369.8 362.8 355.8 350 345 339.1 332.5 324.5 318.4 313 308.8 304.6 298.4 291.4 285.7 279.2 273.3 267.9 265 263 260.5 250.1 237.5 221.5 217.1 219.2 225.8 228.8 229.6 229.6 228.2 227.1 217.1 217.1 217.1 217.1 217.1 217.1 217.1 217.1 217.1 217.1 217.1 217.1 217.1 217.1 217.1 217.1 217.1 217.1 243.7 261.6 282.6 303 314.1 322.3 335.8 354.7 371.2 394.1 418.6 429.8 439.2 434 424
450.7 439.2 429 419.5 409.4 400.1 392.4 383.9 379.6 374.1 366.4 362.2 360.6 355.2 348.1 342.5 338.7 332.5 326.5 319.3 311.4 308.5 305.6 302.4 299 298.9 302.1 296.2 278.8 271.5 267.2 258.6 255 252.1 246.5 217.1 217.1 217.1 217.1 217.1 227.1 221.7 217.1 217.1 218.3 217.1 217.1 217.1 217.1 217.1 217.1 217.1 217.1 217.1 217.1 217.1 217.1 217.1 217.1 217.1 217.1 217.1 243.9 261.8 279.5 298.2 315.9 321.3 333.7 349 377.4 399.6 425.2 433.8 441 439.4 436.4 432.6
430.9 421 413.2 403.3 391 382.8 376.6 370.2 366.8 361 356.5 353.9 350.4 346.9 341.1 337.2 334.5 329.1 322.7 310.1 305.5 303.3 301.7 298.6 295.8 296.9 297.8 295.6 278.7 273.2 268.4 260 252.9 248.7 236.6 217.1 217.1 217.1 217.1 217.1 217.1 217.1 217.1 224 224.9 219.6 217.1 217.1 217.1 217.1 217.1 217.1 217.1 217.1 217.1 217.1 217.1 217.1 217.1 217.1 217.1 240.9 262.6 281.5 300.1 316.5 326.3 336.7 353 375 394.7 416.7 435.1 446.5 447.1 442.6 439.7 427.2
412.6 405.1 395.6 385.5 375 367.4 360.9 356 353.7 349.9 346.8 344.8 340.2 334.5 330.8 328.2 325.6 320.7 311.5 303.6 301 299.1 296.7 293 289.9 290.5 287.9 282 272.3 264.5 264.3 258.4 242.3 229 217.1 217.1 217.1 217.1 217.1 217.1 217.1 217.1 217.1 227.5 229.3 218.5 218.5 217.1 217.1 217.1 217.1 217.1 217.1 217.1 217.1 217.1 217.1 217.1 217.1 227 240 258.5 279.9 298.9 314.3 326.9 339.2 353.2 375.8 392.2 408.7 432.6 444.8 449.4 448.1 445.4 436.9 428.9
395.7 389.9 381.1 371.6 363.6 354.5 350.2 344.7 340.7 338.7 333.6 328.2 325.3 320.3 314.7 312.2 310.3 305 297.6 293.8 293.3 290.1 285.9 282.8 280.3 278.1 273.5 264 256.9 255.5 256.4 248 218.1 217.1 217.1 217.1 217.1 217.1 217.1 217.1 217.1 217.1 217.1 217.1 217.1 217.1 217.1 217.1 217.1 217.1 224.8 217.1 224.5 227.4 217.1 217.1 217.1 222.4 234.8 246.5 260.4 278.4 298.5 310.1 324.6 337.9 352.1 375.2 395 407.8 421.7 426.2 437.7 444.2 447 439.9 433.1 428.5
385.9 378.2 368.6 361.4 353 350.6 343.8 341.2 333.5 318.7 315.9 311.5 305.1 297.8 294.8 289.5 290.6 286.7 281.2 279.6 279.3 277.2 273.7 270.7 268.1 262.8 256.6 248.2 235.8 233.7 228 235.2 217.1 217.1 217.1 217.1 217.1 217.1 217.1 217.1 217.1 234.3 233.6 235 227.6 217.1 217.1 217.1 217.1 217.1 224.5 231.9 237.4 240.6 235.8 233 235.3 242.2 254.8 264.2 279.4 295 311 324.2 336.4 350.5 365.8 384.6 397.8 407.7 412.6 416.9 428.2 435.9 439.6 428.8 425.9 415.6
373.9 369.3 360.7 354.1 351.5 344.3 336.5 329.3 324.1 319.1 320.8 318.6 317.2 311 302 293.5 289.6 288.5 280 275 270.5 265.8 262.1 260.5 252.8 245.2 241.9 234.6 224.9 217.1 217.1 217.1 217.1 217.1 217.1 217.1 217.1 217.1 217.1 228.1 238.9 226.6 217.1 217.1 217.1 217.1 217.1 217.1 217.1 227.3 235.8 245.2 253.7 258.8 260 258.2 260.9 264.8 272.7 281.3 296.3 310.2 325.1 339.2 351.3 365.2 378 390.6 401.9 409.9 416.2 420.1 428.2 432.1 425.4 423.1 415.9 409.3
365.1 357.6 351.9 349.4 345.8 340.7 328.6 327.6 332.6 336 336.2 324.8 314.2 307.1 302.6 296.9 293 289.7 288.7 289.6 289.6 280.6 274 266.3 251.4 237.4 223.8 217.1 217.1 217.1 217.1 217.1 217.1 217.1 217.1 217.1 217.1 219.6 240.4 241.6 231.1 217.1 217.1 217.1 217.1 217.1 217.1 231 239.1 243.7 253.3 262.1 274.1 275.7 278.1 281.7 281 283.4 285 296.9 311.6 323.9 336.7 351.5 365.6 378.2 391.9 397.1 403.1 414 422.1 426.5 425.5 422.5 420 422.2 416.7 411.6
353 347.8 345.6 342.6 338.7 333 330.7 334.4 337.7 337.5 332.3 324.6 312 305.4 303.3 298.9 295.1 292.4 289.1 286.9 281.7 273.5 262.4 258.5 249.5 236.3 218.4 217.1 217.1 217.1 217.1 217.1 217.1 231.7 233 228.9 234.3 254.4 261.5 244.4 225.6 217.1 217.1 217.1 224.4 226.6 230.5 238.4 250.8 259.6 266 273.9 281.2 287.6 288.1 291 293.8 295.5 296.7 310.2 318.9 331.4 346.8 368.8 381.8 394.9 402 407 418.5 420 425.3 426.5 421.5 421 408.2 410.1 405.8 396.3
341.9 340.3 336.8 334.2 332.6 330.6 331.6 329.2 323.9 319 313.1 306.7 301.2 298.2 295.1 289.6 282.7 276.5 271.6 268.8 261.9 246.2 237.1 227.8 217.1 217.1 217.1 217.1 217.1 217.1 217.1 217.1 218.3 230.9 237.2 243.3 235.1 232.5 227 217.1 217.1 217.1 219.8 226.6 237.5 244.3 252.1 257.3 264.5 271.4 278.1 285.2 289.2 290.2 291.1 293.3 293.7 295.8 301.7 315.4 328.7 343.5 363.5 389.5 405.3 412.1 418.1 432.3 432 428.6 429.7 431.7 426.4 412 405.6 405.4 395.6 384.6
330.3 329.3 326.8 323.4 322.8 316.5 315.3 311.6 306.4 299.4 292.1 285.9 282 277.3 271.4 262.8 253.5 248.4 248.5 249.4 243.8 224.6 217.1 217.1 217.1 217.1 217.1 217.1 217.1 217.1 217.1 217.1 225.7 241 245.3 217.1 217.1 217.1 217.1 217.1 217.1 228.5 233.2 240.7 248.8 257.8 268.2 274.3 283.9 291 298.3 301.9 306.6 308.7 315.8 315.5 315.4 318.2 321.7 331.5 350.1 364.2 386.9 410.7 424.1 441.1 442.4 438.7 432.3 430.3 430.9 432.3 422.4 411.9 406.6 403.5 391.5 382.9
299 301.6 308 307.2 305.9 299.2 295.3 291.4 285.1 275.8 266.7 259.2 253.4 246.8 239.1 232.6 227.3 225.4 217.1 217.1 217.1 217.1 217.1 217.1 217.1 217.1 217.1 217.1 217.1 217.1 228.7 230.7 217.1 222 217.1 217.1 217.1 217.1 225.7 234.7 247.8 262.7 258.9 257.6 265.4 272.5 283.4 294.9 310 331 341.3 341.7 337.5 342.3 346.8 354.9 352.6 351.5 361.2 373.4 385.9 401.7 412.8 432.8 442.8 441.5 438 430.3 429.6 430.8 421.7 415.2 415.8 407.6 390.9 384 378.2 369.4
