UK/data/ss/ss93_OST50GRID_20230518/SS93.asc
ncols 200
nrows 200
xllcorner 290000
yllcorner 130000
cellsize 50
[rows 0 to 34 of 200, columns 0 to 77 of 200]
345.6 342.8 339.3 336.2 334.4 331.1 326.8 321.5 314.3 307.7 297.8 295.7 290.3 275.2 262.4 252.2 241.6 241.9 246.3 250.5 254.6 257.2 256.4 253.7 247.6 237.7 225.2 213.3 203.6 194.6 183.6 181.7 180.5 177.6 174.5 173 173.4 176.8 177.5 176.2 170.3 161.5 171.7 192.3 210.1 221.2 228.8 230.9 227.6 219.3 209.8 201.4 191.6 185.5 180.9 178.6 170.4 154.1 148.4 148.3 141.6 137.2 135.6 131.6 125.6 127.4 139.8 148.1 154.4 161.3 168.1 170.3 167.7 150.5 129.2 116.8 121.7 141.9
346.3 343.6 341.8 340 337.5 334.4 330.8 325.7 320.6 316.8 311.7 306.2 300 293.7 283.7 270.4 253.9 263.5 266.6 268 270.9 271.4 271.3 269.7 265.3 258.5 247.1 235.3 225.1 213.7 202.5 194.6 184.3 183.4 183.5 188.3 192.9 193.3 192.4 190.3 184.6 169.9 158.9 171.9 190.3 205.5 216.1 222.4 216 206.6 194.9 185.4 176.2 171.1 167.6 168.6 163.2 151.4 137.5 132.7 131.1 134.9 135.4 135.9 139.5 146 159 166.8 173.5 177.9 181.8 182 178.6 160.8 139.5 120.4 119.8 130.4
346.8 344.8 343.8 342.3 340 337.5 333.8 329.3 324.9 320.4 315.3 309.6 304 297.6 289 277.2 266.1 278.8 284.1 287.7 291.1 294 295.2 293.7 289.3 282.7 272.5 259.9 245.7 231.8 213.7 196.7 193.3 197.4 201.8 205 208.1 208.9 204.8 199.8 193.6 182.2 165.9 157.6 172.5 188.9 205.8 207.5 202.1 191.8 179.4 170.2 161.7 156.9 153.9 150.7 149.5 138 134.3 143.2 154.9 157.2 158 161.2 165.4 160.4 177.2 183.9 190.6 194.1 194.8 193.6 189.9 178.2 151.8 134.1 118.8 121.9
347.3 346.5 346 344.3 341.8 338.6 334.8 330.5 325.9 321.5 316.7 311.6 305.7 300.3 293 278.1 285.3 296.3 303.2 307.5 310.2 311.3 310.2 309 305.7 301.3 295.2 286.6 270.1 245.2 217.9 209.1 210.4 216.5 219.8 222.1 221.5 220.8 216.8 209.2 201.5 191.9 180.1 165.3 156.2 172.3 186.8 195.2 186.3 177.3 165.3 157.8 151.6 146.2 139.6 138.1 138.9 146.3 153.8 164.2 172.7 176.4 181.6 188.9 189.2 183 191.9 203.1 206.7 208.5 207.9 204.6 199.2 191.1 164.8 148.2 134.3 120.5
347.8 347.2 346.4 345.2 342.9 339.5 334.8 330.3 325.7 320.9 316 310.7 305.3 299.5 293 296.8 305.1 311.3 315.5 318.7 320.8 321 319.9 317.4 313.2 310 304.6 297.6 279.9 250.1 225 228.9 231.7 238.4 242.5 242.6 238.6 235.7 230.5 222.2 216 205.3 192.7 176.1 159.4 154.8 164.6 169 169.6 164.4 155 144.5 142.5 141.5 147 154.3 159.4 165 175 182.6 195.5 202.2 206 209.6 211.2 192.9 211.4 219.2 223.4 225.8 223 217.7 211.7 201.7 187.9 167 148.5 136.8
346.7 346.3 345.8 344.8 342.7 340.3 335.9 331.3 326.7 322.7 317.8 312.2 307.3 305.2 306.5 311.1 315.7 320.2 323.7 326.2 327.3 326.9 325.3 322.8 319.1 315.1 309.7 301.7 287.6 258.2 247.2 253.9 252.7 260.6 261.6 262.9 261 257.9 252.2 244 232.2 224 209.9 193.4 174.7 159.3 151.4 150.6 149.1 146.6 147.3 151.2 155.1 159.3 165.8 174.1 180.4 190 199.7 208.6 219.2 232.9 236.9 237.2 233.2 219.9 233.6 238.8 240.7 240 236 229.4 221.9 214.1 204.4 187.5 167.7 153.7
344.5 344.5 344.3 344.1 342.9 341.1 338.2 333.8 329.8 325.2 320 315.9 313 313.3 314.9 317.5 321.7 326.7 330 332.6 333.1 332.3 330.4 327.7 324 318.7 312.6 304.3 292.2 269.2 261.1 268.4 277 282.6 284.9 284.5 284.2 280.6 274.8 265.7 253.1 243 229.9 212.1 192 169.3 165.3 164.1 162.5 162.6 164.1 167.6 172 177 187.4 196.2 208.3 213.7 225.7 239.1 247.4 253.5 258.3 256.9 254 244.9 251 252.9 252.8 250.5 246.2 240.1 233.3 224.7 216.7 206.1 193.3 174.3
340.7 341.7 341.8 342.3 342 340.9 339.2 336.1 331.7 327.7 323.2 319.6 317.7 317.3 318.5 322.4 328 332.6 335.9 338.6 338.9 336.7 334.8 332.6 328.7 322.9 315.8 306.9 296.5 272.3 274.4 280.5 287.6 291.8 294 293.8 292.8 290.1 285.7 279.6 272.4 264.4 248.5 220.2 192.8 167 181 186.5 185.8 184 186 190.3 191.8 201.3 212.4 219.8 234.5 246.2 256.9 261.3 267.6 269.6 268 266.7 265.1 262.9 263.2 263 261.9 258.7 254.3 248.6 242.6 235.8 226.3 221.7 214.2 200.2
336.8 337.8 338.9 339.7 339.6 339.2 338.3 334.8 331.2 327.8 323.9 320.1 318.7 319 321.9 327.9 333.8 337.8 340.6 341.1 339.1 336.9 334.5 332.2 328.5 322.7 316.4 308.8 299.3 288.3 282.7 288.6 293.9 298 300.3 300.4 298.8 295.5 291.3 285.7 279 271.2 253.4 221 194.5 174.3 198 215.3 211 211.3 213.6 215.6 220.6 224.7 232.2 249.5 262.1 268.9 274.3 276.9 277.9 277.6 276.4 275.1 273.4 272.1 271.6 269.9 268.2 264.6 260.3 256 250.5 244.7 238.6 233.7 227.5 220.9
329.7 332 334 335.4 335.4 335.8 335.3 332.6 330 326.6 323.3 320.2 317.9 319 323.3 330 334.7 336.1 337 335.8 334.3 332.4 330.9 328.9 325.5 320.1 314.2 307.2 299.8 293.5 291.6 293 298.2 302.1 303.3 304.7 302.7 298.9 294.9 289 282 271.4 258.1 228.8 201.6 185.4 216.2 232.6 239.1 241.5 243.3 246 249.9 254.9 266.4 275.3 280.9 284.3 285.9 286.5 286.1 285 284 282.6 281 279.4 278.1 275.6 273.4 270 265.7 261.3 256.6 251.8 246.9 242.1 237.6 232
318.6 323.7 327.2 330.1 331.5 331.6 331.7 330.5 327.9 324.9 321.7 318.1 314.6 314.9 319.8 325.9 329.5 329.9 330.9 329.4 328.6 326.7 325 322.5 319.6 315 309.9 304 299.2 295.8 294.4 295.3 298.9 303.1 306 304.9 303 299.9 295.2 290.3 282.7 273.6 260.7 238.5 206.7 200.1 227.4 244.8 250.3 253.2 256.7 260.6 266.7 273.3 280.7 286.2 290.4 292.9 294.2 293.9 293.4 292.1 291.2 289.3 287.4 286 284.3 281.4 278.8 274.7 270.4 266 261.8 257.6 253.9 250.3 246.6 242.4
304.6 311.1 316.2 320 323.6 327.1 327.8 327.9 325.8 322.9 319.4 315.6 308.4 309.2 314.2 319.2 321.4 322.1 322.7 321.5 320.2 319.4 317.5 315.4 312.7 309.3 304.9 300.2 296.6 295 294.2 293.2 296.4 300.5 302.6 303 302 299 294.9 289.3 282.4 273.2 261.5 244.3 217.3 208 235.8 251.5 257 261.6 265.8 271.4 277.4 284.1 290.2 294.6 298.3 300.5 300.9 300.2 299.1 297.6 295.8 293.6 291.5 290.3 289.6 286.6 282.8 277.8 273.8 269.2 266.3 263.5 260.4 257.8 253.5 249.1
288.9 296.6 303.3 309.3 319 323.8 324.3 324.3 322.4 319.6 316.9 314.1 310 300.1 306.7 312 313.9 314.5 314.1 313.1 312.5 311.5 310.1 308 306.2 302.9 299.2 295.5 293.6 291.1 289.4 288.1 291.8 296.1 298.6 298.8 298.2 295.9 292.4 287.3 281 272.8 261.3 244.3 231.9 218.6 238.8 253.8 261.5 267.8 273.1 279.7 286.7 293.7 297.8 301.6 303.2 304.1 303.7 303.5 300.9 298 293.8 291.1 288.4 285.9 286.7 284 280.3 276.3 271.9 268.2 264.4 263 260.7 257.5 253.5 249.4
275.8 281.8 289.5 306.8 314.6 317.4 317.1 317.7 316.3 315.5 314.3 312.5 309.5 303.9 297.1 304.7 305.9 306.3 306.2 306.2 304.7 303.8 302.8 301.6 300.4 297.3 293.7 290.8 288.3 285.1 283.2 281.7 286.5 291.6 294.5 295.4 294.8 293 291 286.6 281.6 272.9 263.4 256.5 252.3 227.9 241.4 255.6 264.5 271.6 277.8 285.6 293.1 298.4 301.9 304.5 304.9 304.1 303.1 300.7 298.8 294.9 290 286.4 281.6 278.4 277.7 274.8 271.9 268.1 263.7 260 257.2 254.6 252.6 250.4 246.3 242.7
276.9 287.3 299.2 306.7 309 308.7 308.5 308.9 310.3 310.5 309.6 308.6 305.7 301.8 288.1 297.3 298.4 299.4 299.5 299.5 298.4 297.3 296.2 295.7 294.3 292.3 289.4 285.7 282.4 278 275.4 275.5 282.6 289 291.8 292.2 292 291.1 290.1 286.9 282 275.4 268.4 265.2 260.9 248.1 239.6 253.5 265.1 273.8 279.9 288.6 295.6 299.8 303.3 304.9 304.1 304.7 302.6 300.2 296.6 291.8 286.3 280.2 274.5 270.1 264.9 262.7 259.8 256 252.3 249.7 247 245 243.1 240.4 237.8 234.9
281.3 286.9 292.5 297.9 298.4 297.8 298.1 300.3 302.9 303.7 304.1 303.4 301.8 298 284.1 289.6 290.3 292.2 292.6 292.9 291.8 290.6 289.7 289.6 288.4 287.3 285.1 282 278.8 274.2 263.6 270.6 279.7 285.8 288 287.5 287.4 288.7 289.4 287.2 284.3 278.6 275.1 271.5 267.8 261 239.4 251.2 264 273.8 280.9 288.7 295.5 300.5 304.6 306.7 303.7 301.9 300 297.2 292.8 288.7 282.7 276.8 271.7 263.9 257 246.5 243.2 241.5 239.1 237.1 235.3 233.3 231.3 229 225.2 222.1
265.1 270.4 275.1 281.3 284.2 284.8 288 291.4 294.4 298.2 299.8 299.6 298 294.5 284.7 279 281.8 284.8 286.1 286.6 284.4 282.8 281 283.3 282 280.6 279.7 277.8 274.9 270.5 257.5 267.8 277.4 282.2 282.9 282.2 284.5 286.3 288.1 288.2 285.3 283.8 279.9 276.3 273 268.9 252.2 250.1 263.7 274.9 282.2 288.1 293.6 298.9 303.3 303.5 301.4 298.7 296.2 292.3 289.4 283.7 278.7 272.3 266.5 258.1 247.1 238.5 225.9 227.9 225.6 223.1 220.7 217 213.7 210 204.3 200.9
247.7 253 256.3 260.2 264.8 268.5 275.4 283.2 290.1 294 294.9 294.6 292.9 289.3 282.5 271.4 273.8 278.9 280.9 280.3 277.8 276.4 275.2 276.4 274.7 272.6 272.4 271.3 269.4 264.5 253 265.9 274.8 278.2 278.9 276.8 279.9 283.6 284.5 285.2 286.7 286.4 283.6 280.5 278.2 274.2 267 251 264.7 274.6 281.8 286.2 290.5 294.8 298.9 299.5 298.1 296.1 292.2 288.1 283.5 278.2 272.9 266.4 256.4 243.6 232 221.2 215.8 209.9 209 205.2 203.7 201.9 198.2 193.8 184.1 178.8
242.7 241.4 242.3 244.2 247.9 251 264.2 275.1 282.2 286.3 288.7 288.5 286.5 282.3 275.9 261.9 266.6 273.3 274.4 274.1 272.4 267.8 267.8 269.4 267.6 264.9 263.4 263.6 262.7 257.8 251.3 263.7 270.5 273.3 274.9 270.8 274.6 278.2 280.3 281.4 283.5 285.2 284.7 284.2 282.8 278.1 270.6 256.1 264.3 272.6 277.5 281.5 286.6 291.4 295.5 297.3 295.9 293 288.4 283 276.1 271.4 263.6 251.5 238.7 225.5 221.9 220.3 220.5 216.3 210.9 205.7 202.2 197.6 193.3 190.3 185.9 189.3
253.4 245.3 239.5 239.7 239.5 240.5 248.5 261.2 271.2 277.1 280.4 280.8 279.6 276.9 270.7 254.6 262.8 267.5 267.9 267.4 266.2 261.9 259.8 261.7 259.5 255.9 254.9 255.7 255 250 247.8 258.2 263.8 265.9 264 263 266.1 271 273.7 277 280.7 283.2 283.4 283.1 281.8 279.1 274.3 265.1 265.4 271.4 277.1 283 289.6 295.3 297.7 298.2 297 292.4 285.9 280.5 270.9 259.6 248 244.3 243.4 245.2 249.5 247.9 247.2 241.3 234 229.3 225.7 221.7 220.5 210 203.4 214
265 259.4 253.9 246.5 242.5 237.8 237.7 244 255.2 266.9 270.8 273.2 272.3 269.6 264.7 254 257.3 261.3 261.4 261.8 260.1 256.6 252.3 252.1 251.4 247.4 246.7 247.8 246.3 239.9 244.9 253.3 256.3 258 257.6 253.8 259.8 265.3 270.6 274.7 278.7 281.1 282.7 284 282.6 281.4 280.2 271.6 274.5 278.7 284.3 290 294.2 297.8 300.4 300.3 298.9 295.2 290.5 284 268.4 262.1 255.4 264.6 265.7 266.2 267.8 269.5 269.4 266.2 262 257.1 252.1 245.3 236.7 220.9 225.1 220.9
271.9 267.2 262.2 257.9 253 247.6 240.1 236.2 238.1 254.3 262.6 264.5 263.6 260.7 256.5 248 251.6 255.2 256.9 256.5 254.5 251.5 247.6 245.1 243.4 240.6 238.4 239 237.8 234.7 242.1 247.2 248.7 250.5 250.2 249.6 256.6 262.5 266.8 271.4 275.6 279.3 282.8 285.7 286.8 286.4 283.9 279.4 280.4 283.7 288.2 293.5 297.7 301.1 302.5 301.8 300.3 297.9 293.6 289.3 275.9 281.2 269.6 282.5 284 283.5 275.6 280.3 277.2 275.9 270.2 264.4 259.3 251.8 241.2 233.1 229.2 213.7
271 266.9 261.9 258.1 254.8 251.7 248.4 240.9 235.4 241 253.8 256.2 254.3 251.4 247.1 241.8 248.3 253.2 251.9 250.9 250.1 246.7 243.6 240.5 236.9 234 232.3 231.3 229.9 233.8 238.3 240.6 240.8 241.9 241.9 246.8 253.2 258.7 263.2 267.6 272.5 278.3 283.3 287.2 288.5 288 286.8 285 283.7 287.1 290.3 294.2 298 301.2 302.7 303.2 301.5 299.7 296.7 293.5 291.6 291 289 291.6 292 291.7 290.3 288.4 286.2 282.6 277.2 271.1 263.9 256.5 246.8 238.5 229.4 206.7
266 260.6 254.6 248.8 245.1 241.7 238.4 236 234.4 234.8 247.1 250.5 248.5 244.5 237.4 243.1 247.7 250.1 251.1 248.7 247.6 245.8 243 239.6 236 232.9 229.1 225.6 230 231 232.4 232 232.3 234.2 237.4 242 248.3 252.3 257.9 262.3 267.4 280.9 282.7 286.7 287.9 287.8 287.2 286.4 286.8 288.4 295.7 299.7 301.1 302.1 302.9 304.2 303.6 302.5 301.7 299.5 299 298.3 296.3 297.3 298.7 297 294.8 292.7 290.1 286.4 281.1 275.7 269.7 262.7 254.8 242.7 220.7 201.9
253 248.9 244.7 241.5 237.1 238.4 241.2 241.3 236.5 233.9 235.7 242.6 239.9 237.3 234.4 239.2 241.5 242.9 243.9 243.8 244.2 243.3 241.4 239.2 236.2 235 232.3 223.2 222.5 221.5 220.9 224 226 230 234 239.9 245.3 250.6 256.7 262.3 271.2 278 283.4 285.9 288.1 287.5 287.4 289.1 291.8 294.4 300 302.9 303.2 303.7 305.5 306.3 307.6 307.1 306 305.8 305.3 303.8 302.4 302.4 302.6 300.7 298.6 296.5 293.2 288.9 284.3 279.2 274.1 267.7 259.5 240.7 219.1 198.6
245.5 243.8 242.6 248.1 253 257.2 258.6 255.6 250 237.8 232.6 233.1 231.6 231.3 230.2 230.4 232.1 234.7 238 238.6 238.8 237.6 236.2 233.4 228.3 224.2 222.7 221.8 220.4 220.4 219.7 220.6 223 227.4 234.3 243.8 255.3 266.3 273.4 277.8 283.4 286.6 288.3 288.7 287.9 287.3 287.2 289.2 291.6 295 298.5 302.4 303.8 305.6 307.5 309.2 310.2 311.1 311.5 311 310.8 309.2 307.5 306 304 303.8 301.6 298.7 295.7 291.4 286.9 281.8 276.1 269.6 252.5 232.4 214.6 195.1
249.2 256.3 261.4 267.5 270 269.6 267.3 263 257.6 249.7 237.2 231.9 231.3 230.8 230.2 229.6 228.4 227.7 227.7 226.8 226 225.7 224.8 224.3 225.3 228.9 230.7 231.3 229.6 223.7 219.3 219.7 221.6 229.4 239.8 253.8 268 273.3 276.2 279.9 285.7 288.8 290.3 288.9 286.1 285 288.6 291.5 294.1 297 300.7 302.9 307.1 309.6 311.7 313.6 314.3 315.6 316.7 316.8 315.7 314 312.7 310.9 310.4 309.3 305.9 300.5 298.2 293.5 288.5 282.6 274.5 258.7 239 223.1 209.7 190.1
260.3 269.6 274.7 275.8 275 273 270.3 266.1 261.4 254.8 246.7 239 234.8 233.6 234.7 235.7 234.6 232.7 232 229.3 230.8 231.6 233.4 233.4 236.5 235.2 233.7 235.1 230.7 226.9 219.6 219.2 220.1 233 247.5 259.5 267.5 271.6 274.9 277.4 280.5 282.9 282.9 280.3 275.5 287 293.5 295.7 298.6 302.2 305.7 310.2 313 316.3 318.5 319.1 319 320 320.5 320.8 320 317.8 316.9 315.9 314.7 311.8 308.9 305.2 301.5 297.5 289.7 283.1 271.5 248.3 224.7 213.2 203.2 185.6
258.8 274.4 276.1 275.3 274.8 275.1 274 270.4 265.5 258.5 249.1 239.2 239.8 243.1 244.3 243.8 242.7 242.3 242.4 241.2 244.1 245.5 247.7 247.2 246.3 245.2 243.2 239.6 234.1 227.3 217.5 218.5 218.6 236.5 254.1 267 271.1 273.4 275.4 276.5 276.3 274.7 272 266.1 271.8 277.3 283.6 289 294.7 299.6 304.4 308.2 310.7 315.4 318.7 321.5 322.5 323.9 324.6 324.7 323.9 322.8 321.5 320.3 318.7 316.1 312.8 309.2 304.1 298.1 290.2 282 269.6 246.1 223.4 209.2 196.2 183.5
256.9 271.5 273.5 275.2 277.3 277.8 275.4 271.4 265.7 256.8 246.6 247.9 247.9 248.4 253.9 257.7 257.4 257.3 256.1 255.7 254.4 254.2 253.6 252.2 250.3 247.9 244.6 240.8 235.1 231.6 228.3 221.4 217.7 230.9 258.3 269.1 267.2 268.1 270.6 273.4 274.7 270.1 261.2 256.3 258.5 262.2 269.8 276.4 282.7 289.1 294.6 300.7 306.8 312.4 317.3 321.1 324.7 328.3 328.7 328.8 327.7 326.4 325.4 324.4 322.7 320.2 317 312.5 306.9 300.1 287.7 281 269.5 247.8 227.5 212.4 198.2 183
256.2 265.3 271 273.9 277.3 276 273.6 268.7 261.9 255.7 256.7 259.2 260 264.5 266.3 270.1 270.2 268.4 266.6 264.1 261.4 260.7 257.5 254.6 252.2 249.6 246.1 241.8 238.5 235.2 231.2 224.6 217.8 221.6 253.9 257.4 255.3 256.5 260 263.4 263.4 259.6 251.8 250.9 255.5 264.5 273 282.5 289.6 295.9 301.4 307.4 313 317.5 320 324.4 329.4 332.7 333.8 332.6 331.3 330.6 330.1 328.4 326.4 324.4 320.8 315.8 309.2 301.4 288.7 275.1 265.5 252.2 232.5 216.1 198.9 183.4
257.5 259.8 266.1 271.9 275.5 275.3 274.5 269.6 269.2 268.9 272.7 273.6 272.7 274.2 277.8 280.1 280.4 277.5 272.8 268.8 265 261.4 258 255.5 254.3 250.4 247.4 244.4 240.5 236.7 232.7 225.7 218.4 217.9 244.8 244.5 243 244.9 250.1 250.7 249.3 245.9 246.8 253.6 263.1 270.8 277.1 286.3 293.1 299.5 305.3 311.5 317.6 322.4 325.3 328.3 331.4 334.1 336.1 335.8 335.9 335.3 334.8 333 331.5 328.4 324.6 319.1 312.7 302.8 286 261 248.5 240.6 228 214.5 193.1 185.2
259.9 263.6 269.4 275.1 277.2 279.4 280.6 281.1 280.4 280.5 280.8 280.2 278.9 279.1 281.7 284.5 286.7 282.3 276 270 264.8 259.5 255.6 253.7 251.3 249.9 247.1 243.8 240.6 237.3 232.2 225.1 216.6 216 232.4 227.7 229 230.7 233.2 236.4 239.1 245.7 256 263.9 269.3 276.5 282.8 290 298.2 305.3 310.6 316.4 322.3 326.3 329.3 332.1 335.4 337.6 339.4 340.8 340.6 340.6 340.6 338.9 337.4 333.8 329.8 323.2 316.4 306.4 286.9 253.5 237.7 223.1 211.9 202.4 189.6 190.5
268.2 272.9 281.5 285.7 288.8 289.7 289.7 289.1 288 286.9 285.4 284.5 283.2 282.2 283.3 283.6 283.4 279.7 273.9 268.1 261.7 256.3 251.9 248 245.1 244 242 239.6 237.3 232.9 228.8 223 215.7 216.3 219.8 225.4 231.3 234.9 236.4 242.5 248.8 256.4 263.4 271 277 282.6 289.4 295.9 302.6 310.3 316.4 322.4 326.5 330.4 333.9 336.8 339.8 343 344.6 345.9 346.8 346.8 346.9 345.2 343.2 339.1 333.7 327.3 319.5 310.3 285.8 263 249.9 240.8 221.2 202.4 196.9 195.1
280.7 289.1 292.2 294.9 295.4 295.2 294.3 293.4 293 292.5 290.5 287.9 285.7 285.8 286.7 286.7 284.5 279 273 265.9 258.9 253.1 247.1 242 238.6 236.9 235 232.8 227.9 227.8 224 218.5 214.7 215.9 223.6 229.9 235.1 239.4 242 246.9 254.6 262 269.3 276.1 282.5 288.4 294.7 301.5 306.9 313.5 319.9 325.5 330.7 334.6 338.1 341.4 344.4 347.3 349.7 351 352.4 353 353 351.1 348.2 343.6 337.9 331.4 323.1 313.6 301.6 288.3 268.3 244.4 222.6 203.1 206.8 201.2
