WholeMapElevations/data/nb/nb02_OST50GRID_20230518/NB02.asc
ncols 200
nrows 200
xllcorner 100000
yllcorner 920000
cellsize 50
[rows 0 to 34 of 200, columns 0 to 77 of 200]
-1.8 1.1 -1.8 -1.8 -1.8 32.5 38.2 41.5 43.3 34.1 34.3 34.9 40.2 44.9 49.1 51.3 52.3 51.8 52.3 57.4 60.2 58.4 58.9 63.8 62.6 63.6 67.2 68.3 72.1 76.1 77.1 80.4 80.9 81.9 71.3 66.4 70 71.8 72.5 66.4 66.4 68.5 71.6 75.7 77.3 78.9 76.3 77.4 78.7 78.9 82.4 79.8 77.2 67.8 60.3 72.1 72.5 80.8 82.9 85.1 84 87.2 94.1 97 97.1 96.3 95.9 97.1 99 96.9 93.5 84 69.3 53 42.4 43.5 48.7 48
-1.8 35.8 42.7 33.4 31.8 41.6 47.7 49.1 43.4 35.1 34.8 34.9 41.7 42.1 48.1 48.5 52.6 53 50 51.7 52.8 54.3 59.5 65.2 62.4 68.6 70.7 69.5 72.3 76.4 73 72.4 74.8 79.2 66.4 66.4 66.4 66.4 66.4 66.4 66.4 66.4 70.3 76.5 81.2 86 77.6 74 78.6 79.6 83.1 80.4 73.4 62.2 63.9 73 84.5 88.6 89 89.5 84.6 91.7 93.4 93.9 96 96.3 97.2 97.7 101.1 100.4 94.6 88.2 77.1 57.5 48.3 45.7 48 46.3
-1.8 39.2 28.9 9.8 36.6 49 47.2 43.8 39.4 36.3 37.7 37.4 42 43.3 44 46.6 46.2 51.1 50.5 51.7 53.1 57.9 62.3 62.1 68.7 76.7 75.3 73.8 70.8 74.7 74.7 70.9 70.4 66.4 66.4 66.4 66.4 70 72.3 70.8 69.4 70.4 79 79.8 78.9 79.2 77.6 73.5 76.7 79.4 80.6 75.7 65.2 60.2 76 79 86.7 90.6 92.4 88.6 87.9 92.7 93.7 96.4 95.4 97.7 98.4 98.7 100.8 101.6 99.9 93.4 80.6 62.7 53.2 48 53.5 56.9
22.1 38.8 -1.8 -1.8 41.6 43.2 39.3 37.2 38 44.5 47.6 44.7 46.8 48.5 48.3 50.1 51.9 52.9 54.8 53.1 55.1 60.2 61.2 64.9 70.6 72 73.8 69.4 67.8 66.5 66.9 68.4 68.6 68.9 67.5 66.4 66.4 66.4 66.4 67.1 72 75.4 76.7 78 83 84.1 83.4 79.5 72.4 75.9 77.1 65.2 60.9 66.3 74.6 85.1 86.8 88.7 90.1 89.9 92 94.7 95.6 95.4 99.5 102.6 100.7 97.4 99 99.9 96.9 87.6 80.1 67.6 58.8 51.3 58.3 65.6
-1.8 -1.8 -1.8 -1.8 1.9 27.1 37.7 38.3 45.2 54.6 57.3 56.7 55.8 57.7 62 60.4 56.3 52.3 52.2 52.9 55.8 52.4 57.6 58.6 56.4 59.9 57.2 59.6 63.3 65.7 66.8 68.8 67.1 66.4 68.4 66.4 66.4 66.4 69.6 69.7 71.4 73 81.3 82.2 82 86.4 83.2 81.2 71 69.8 65.7 61.8 62.9 68.4 74.7 83.9 86.7 90.6 90.4 92.3 94.1 94 94.8 97.2 100 97.1 96.2 96.3 98.3 96.9 92.1 85.9 78.7 69 61.3 54.6 62.4 64.8
-1.8 -1.8 -1.8 -1.8 7.9 42.2 47.2 51.2 53.1 58.1 63.6 60.2 61.9 62.5 67 64.9 61.5 55.2 53.4 54.6 52.4 52.4 52.4 52.4 52.4 52.4 52.4 57.9 61.9 65.7 67.2 68.5 68.9 66.4 66.4 66.4 67.7 66.4 68.9 70.3 70.4 70.8 73.1 73.7 75.7 80.3 77.9 78.3 70.9 67.2 61.7 63.1 67.1 71.8 77.4 86.7 90.2 91.5 90.1 89 91.4 94 92.6 92.7 94.4 95.2 93.7 94.9 96 96.8 92.3 85.2 80.2 71.8 63.4 57.7 63.1 67.4
-1.8 -1.8 -1.8 -1.8 47.9 54.4 60.4 59 60.1 62.8 64.4 62.7 63 64.3 66.6 64.2 61.3 54.7 53.9 55.7 52.4 52.4 52.4 52.4 52.4 52.4 52.4 56.6 64 65.4 67.5 69.7 69.2 70.9 71.8 69.1 66.4 66.4 69.5 69.8 70.4 70.2 68.4 69.4 72 70.8 73 69.8 69.7 61.6 60.9 73.7 72.2 76.3 76 85.6 90.8 89.5 87.5 88.2 89.7 89.5 89.6 90.5 92.6 92.1 90.9 93.1 92.6 93 89.1 86.9 85.5 79 69.7 62.5 66.7 79.1
-1.8 -1.8 -1.8 0.9 49.3 60.4 67.5 71.4 65.5 64.6 64.1 63.6 64.4 65.3 66.8 67.1 62.9 53.6 56.3 52.4 52.4 52.4 52.4 52.4 52.4 52.4 52.4 62.4 67 68.8 71.9 70.6 71.4 70.2 74.1 70.3 68.3 68.4 67.7 71.5 69.9 66.1 66.1 66.2 65.6 66 60.8 60.1 60.1 60.1 69 74 74 73.4 78.7 84.6 84.2 84.8 84.4 85.6 86.9 84.9 82.2 85.3 87.3 88.1 90.9 90.4 90.2 90.3 91.2 88 85 79 71.5 67.9 67.8 85.6
-1.8 -1.8 -1.8 59 62.7 65.2 67.8 70.1 67.3 66.9 66 67.8 69.3 66.9 66.1 62.6 59.4 52.4 52.4 52.4 52.4 52.4 55.3 57 57.7 52.4 60.5 67.9 68.1 75.4 75.4 73.3 72.7 70.7 73.3 71.8 66.9 66.9 67 64.3 62.9 66.7 68.4 67.4 64.2 60.1 60.1 60.1 60.1 60.1 65.9 71.1 75 79.6 81 84 80.4 80.4 80.4 80.4 80.4 80.4 80.4 80.4 80.4 82.3 90 90.7 90.9 89.5 94.1 97.2 95.9 90.5 70.6 70.9 75.4 92.5
-1.8 65.4 62.9 65.4 66.5 67.4 68.9 71.7 70.5 68.4 68.6 68.6 67.6 64.7 61.2 58.8 53 52.4 52.4 52.4 52.4 59.3 63.4 62.5 58.2 61.1 67 67.3 72 75.4 74 73.3 73.6 66.6 73.5 67.9 66.2 62.9 62.9 62.9 62.9 68.1 69.7 69.5 63 60.1 60.1 60.1 60.1 60.1 70 76.6 82.4 81.2 80.6 80.4 80.4 80.4 80.4 82 80.5 81.9 80.4 80.4 80.4 80.4 85.1 88.8 90.9 93.8 95.2 100.2 97.6 92 71.7 71.6 83.6 95.5
51.9 63 68.3 69.6 69.9 70.7 70.8 70.6 69.5 68.5 68.8 68.9 70.6 67.7 66.7 63.2 57.5 52.4 53.1 55.4 57.7 64.1 66.3 59.3 61.2 67.8 69.5 69 71.3 75 76.8 66.6 66.6 66.6 70.7 68.3 67.5 68.5 66.9 62.9 66.7 64.6 63.2 62.4 60.1 60.1 60.1 60.1 60.1 66.3 74.6 84.4 91.3 80.5 83 82.7 84.4 80.4 80.4 80.4 80.4 80.4 80.4 80.4 80.4 83.9 84 86.4 90.2 94.2 94.4 97.2 95.6 91 71 79.1 90.9 93.7
62.9 65.6 69.7 71.5 71.8 71.6 71.6 70.9 70.4 70 70.2 71.2 73.1 74.8 75.2 67.5 60.8 59.4 60.6 62.6 59.3 66.7 64.8 61.5 63.1 66.8 65.4 66.8 73 76.3 66.6 73.4 75.3 66.7 73.5 70.3 69 67.4 68 66.4 66.8 60.1 60.1 60.1 60.1 60.1 60.1 60.1 61.1 69.9 77.1 81.4 83.2 87.8 102.6 100.8 88 86 80.4 80.4 80.4 80.4 80.4 80.4 80.4 80.4 83.6 84.8 89.5 91.8 94.8 92.1 91.5 89 72.3 83.8 91.9 93.7
62 67.2 72.3 73.4 73.2 72.8 73.1 72.2 72.1 71.3 73.1 71.7 71.1 72.1 70.4 60.5 63.7 65.5 66 65 63.7 68.1 63 63.5 61.1 60.1 60.1 67.9 72.8 67 74.1 84 88 82.1 75.1 73 68.1 64.3 63.3 63.6 61.2 60.1 60.1 60.1 60.1 60.1 60.1 60.1 64.2 68.6 74.6 80.6 95.3 107.3 113.9 104 95.8 94.1 90.6 80.8 80.4 80.4 80.4 80.4 80.7 85 83.9 84.4 86.6 88.9 91.2 87.6 89.1 76.7 72.5 86 87.4 91
60.2 66.9 71.4 73.8 74.6 74.1 73.3 73.4 73.6 73.8 73.1 71.5 70.2 65 64.3 61.5 63.7 64.4 65 64 66.7 64.1 60.1 60.1 60.1 60.1 60.1 69.2 69.5 70.3 78.9 84.7 87.1 83 77 72.8 64.5 63.7 67 68.1 66.8 64.1 60.1 60.1 60.1 60.1 60.1 65.4 69 77.2 84 103.3 113.6 120.7 115.9 108.8 108.2 107.5 96.7 88.5 81.7 80.4 83.4 91.2 88.5 85.5 87 85.8 84.9 84.3 83.1 78.2 74.9 78.4 73.4 74.8 81.5 87.9
62.8 67.7 71.2 73.2 73.7 73.5 73 72.8 74.9 76.2 72 70.2 69.5 63 62.1 62.1 62.9 63.1 63 62.4 63.2 60.1 60.1 60.1 60.1 60.1 60.1 68.9 71.3 71.7 78.6 79.7 79.7 79.3 72.1 66.1 60.4 60.4 60.4 67.6 64.9 60.5 60.1 60.1 60.1 64.9 70.7 76.2 83.4 87.8 107 118.2 124 121.9 124.6 117.3 123.9 126.7 114.3 97.7 89.2 89.1 91.3 95.5 90.1 89.2 88.7 86.4 86 84.8 81 77.7 88.4 83.1 75.1 73.5 76.9 81.9
66.5 70 71.3 72.1 70.9 69.8 69.8 69.8 73.8 76.2 71.9 64.4 64.7 64.1 65.1 65.9 64 63.8 63.6 62.1 63.8 62.2 60.1 60.1 61.4 63.3 62.5 69.1 70.8 70.8 71.3 73.7 81.9 74.3 66.9 65 62.8 64.1 67.4 71.5 68.1 60.1 60.1 60.1 66.7 73.8 71.4 83.5 93 106.4 105.8 115 119.1 124.6 137.5 140.5 148.8 139.9 129.6 115.4 100.6 100.2 96.1 98.9 103.1 103.5 99.8 88.8 86.2 82.7 80.4 86.9 85.4 82.5 75.4 74.2 75.2 81.4
66.9 69.7 71.1 72.3 69.8 69.8 69.8 69.8 70.6 70.6 66.5 69.6 71.8 70.4 70 67.3 64.1 63.5 63.8 65.7 66.2 66.9 65.8 65.2 60.1 60.1 63.2 69.8 73.3 78.7 74.1 74.9 76.4 74.7 66.3 65.1 69 74.8 74.5 67.7 60.4 60.1 60.1 60.1 60.1 69.9 68 77.2 94.9 98 105.2 116.3 129.7 144.5 152.8 161.4 161.4 152 140 130.2 113.6 109.9 101.5 108 109.3 109.7 104.9 95.3 91.2 92.6 90.3 86.3 85 86.6 74.1 74.7 76 80
70.7 72.8 75.1 75 72.7 73.7 74.2 71.9 72.2 71.4 72.3 75.6 76.1 75.7 76.5 67.2 64.8 64.6 64.1 67.2 67.7 68.7 70.7 72.7 74.7 73.8 76.3 79.6 79.3 78 77.9 75.4 82.2 69.4 66.5 68.9 73.1 79.5 80.2 70.8 60.1 60.1 60.1 60.1 68.2 64.5 68.8 79.6 88.8 99.2 110 129.1 144.6 153.9 159.4 174.2 170.2 159.1 153.2 134.8 120.8 114.7 110.4 111.3 109.3 108.1 104.1 99.5 93.4 91 88.6 87.3 87 84 73.8 75.4 78.2 78.3
74.2 76.2 76.7 75.9 74.7 76.6 78.9 74.7 75 76.1 75.9 78.9 79.9 76.7 74 71.3 69.4 68.1 66.8 72.2 77.5 79.1 76.3 79.9 75.4 76.4 84.1 92 82.5 81 82.5 76.6 78.5 79 77.6 83.6 77.7 81.9 81.9 64.2 60.1 60.1 66.9 72.6 71.3 70.4 76.7 91.7 107.9 116.1 125.8 138.2 147.1 154.5 165.7 172.1 175.2 174.9 159.4 143.7 128.8 119.9 116 113.3 112.5 110.1 109.3 102.3 93.3 92.7 90.6 86.8 84.7 81.9 75.3 74.5 77.6 79.4
74.4 75.9 76.4 75.8 75.3 76.2 77.2 74.5 78.3 77.9 77.5 79.4 79.2 77.3 75.7 76.4 72 67.8 68.8 71.5 79.2 83.2 82.7 84 83.5 86.8 90.8 96.4 86.8 88.6 91 83.9 80.9 80.8 80 83.7 77.8 74.7 67.7 61.9 60.1 69.3 77.5 77.9 79.8 80.2 92 103.5 120.3 133.5 146 156.3 158.2 166.1 178.3 193.4 190.4 182.9 164.5 151.9 135.6 127.2 123.2 121.9 119.9 111.8 108 101.6 98.9 96.1 89.1 86.7 83.9 80.9 74.9 73.5 76.1 81.5
72 74.2 75.8 77 74.8 75.2 75.7 76.4 79 79.3 79.5 79.4 80 78.4 76.5 77 71.6 68.2 71.6 74 78.3 86.6 91.4 94.3 87.5 90.1 99.2 103.5 93.7 92.2 94.1 90.9 88.2 80.9 85.4 87.8 79.2 76.2 66.5 68.6 78.9 80.6 83.8 89.5 83.3 93.6 108.9 122.9 133.6 146.8 162.4 168.7 171.2 178.9 194.1 203.1 198.8 184.4 178.1 166.4 148.1 141.9 130.6 126.3 120.3 115.4 108.6 101.6 98 92.8 90.2 88.3 83.5 76.6 74.9 74.6 74 79.1
68.4 71.1 74.5 74.7 74.6 75.5 75.5 76 78.2 79.6 80.1 80.8 81 79.2 76.9 75.8 70.7 69.5 76.1 81.9 79.3 87.6 92.7 97.4 95.8 101.7 104.8 105.8 100.4 97.8 101.1 97 91.6 86.2 87.5 91.4 90.1 82.7 75.2 76.1 85.2 92.8 94.8 87.2 90 105.2 125.6 140.1 154.2 164.4 172.7 178.4 182 198 203.6 207.8 195.8 190.8 185.1 171.1 155.2 149.9 138.8 132.3 124 117.3 104 98.7 94.2 91.8 92 89 84.8 77.7 75.8 76.5 76 76
62 66.2 68.8 71.9 74 75.3 75.7 76 77.3 79.3 79.8 80.9 80.5 79.8 76.8 72.7 70.6 69.8 74.2 79.4 78.2 86 95.5 108.3 104.5 108.1 112.3 109.2 104.5 102.7 97.7 100.8 107.5 100.7 99.9 93.8 91.7 86.2 86.1 84.5 83.3 88.3 88 96.1 101.6 115.6 135.3 152.1 165.8 173.1 184.7 185.7 192.2 209.4 209.9 210.4 197.8 194 188.5 175.9 165.6 153.4 142.3 131 119 108.6 104.7 101.6 95.7 92 89.9 86.4 83.1 77.8 76.5 76.2 76 75.1
56.9 60.1 64.1 68.1 71.3 73.4 75.9 76.5 77.4 78.4 79.2 79.3 79.8 75.5 74.2 74.3 73.8 73 73.7 72.7 73.4 78.4 92 106.3 108.7 103.1 100.2 100.1 104.9 114.8 115.7 116.7 119.7 117 104.5 102.5 96.1 94.4 91.1 88.3 86.7 85.7 87.3 103 115.5 135.1 156.3 168.7 183.9 194.3 194.9 190 197.4 209.1 209.3 203.3 198.3 191 183.6 172.6 162.7 151.4 137.5 124.2 113.7 111.7 108.4 102.4 97.3 93.1 92.6 88.4 85.1 80.3 77.3 76.3 77.3 75.3
54 55.3 57.5 63.1 67.8 71.5 73.9 76.1 78.4 79.2 79.6 79.8 80.3 81.5 78.9 79.9 77.1 76.6 76.1 73.6 73.7 79.4 87.1 95.3 102.9 108 106.9 108.5 118.8 124.8 130.2 123.8 122.4 114.3 110.1 104.2 97.6 97.6 96.9 95.5 93.2 93.4 94.1 103.4 118.1 141.1 154.2 175.9 188 194.8 192.8 192.9 198.8 203.1 200.2 198.8 192.3 187.6 178.8 170.5 161.4 149.5 135.3 119.2 115 113 107.8 103.8 99.2 95 94.6 88.7 84.7 82.2 82.4 76.7 80.2 77.2
51.4 51.9 54.5 59.5 65 67.8 71.7 73.9 75.6 75.4 80 80.5 80.8 82.4 81.2 82.1 80.9 82.3 78.1 77.3 78.8 84.5 93.6 103.7 113.9 120.9 125 124.1 121.7 129.6 133.2 127.6 123 114.1 108.9 103.1 99.2 97.8 99 97.2 97.1 99.5 106.7 110.9 120.4 133.5 144.6 155 166.5 182.2 186.5 194.4 196 196 193.8 187.9 183.8 175.9 169.4 161 150.5 137.5 129.3 122.5 118 114.4 109.1 105.1 101.7 98.5 93.4 89.1 85.1 82.5 81.5 81.3 82 79.5
43.4 45.9 50.5 52.9 54 55.3 64.3 67.5 71.6 75.2 78.7 79.9 83.3 84.2 83.9 82.8 82.4 81.4 80.6 80.8 83.4 89.4 97.3 107.1 119.6 123.8 125.8 130.1 129.1 127.6 132.6 131.8 128 115.5 109.4 103.9 102.8 101.6 101.5 99.2 100.8 109.9 115.1 119.6 131.1 133.8 140.8 154.5 161.7 164.7 171.2 188.3 186.1 186.3 176.5 173 169.9 162.4 157.5 150.7 143.8 138.1 131.1 124.6 119.1 115 110.9 107.5 103.6 97.5 92.1 89 85.8 83.4 79.6 79.5 79 81.8
46.8 49.6 53.2 57.2 62.8 63.9 65.3 66.5 70 73.7 76.3 80.2 81.6 82.4 83 82.9 84 83.7 84.4 84.8 90.6 94.7 101.9 106.1 110.8 116.2 123 127.7 128.5 127.2 124 123.8 121.2 113.3 109.3 106.2 108 104.8 102 102.3 108.3 120.8 130.9 139 136.6 139.2 147.7 148.5 152.8 155.9 165.6 176.7 179.7 177.7 169.9 165 158.7 149.2 156 146.3 141.8 135.1 129.9 124.4 118.9 114.3 110.9 109.2 100.5 97.2 91.2 89.2 89 82.5 80.1 80.5 81.5 81.9
47.4 50.9 54.7 56.1 60.5 63 64.8 67.1 70.4 71.9 74.3 78.2 81.2 82 82.9 84 84.9 85.1 86 88.6 95.5 99.3 103.6 106.8 112.7 116.7 120.1 124 124.8 123.8 123.5 123.4 122.3 112.9 111.1 108.9 113.8 108.3 103.6 105.8 116.5 144.1 144.5 140.8 141.5 144.9 158.1 163.4 160.9 156.1 160.1 164.5 170.4 174.6 171.9 157.4 147.5 145.6 145 139.5 135.5 130.6 128.4 120.9 119.3 112.3 107.6 101.6 97.6 93.3 90.7 89.5 89.2 82.6 83.2 85.4 83.1 82.1
50.5 53.1 56.2 59.2 60.9 63.2 66.5 69.4 70.1 70.4 73.6 77.2 79.7 82.3 84 85.3 86 87 89 91.9 95.5 100.6 104.3 109.2 115.2 119 122.1 122.7 122.4 123.1 123.7 123.2 119.2 114.3 112 110.8 110.9 108.4 106.4 110.7 129.5 150.3 154.5 151.1 148.6 148.4 161.2 159.8 154.5 164.8 162.1 157.8 152.1 155.7 158.2 145.9 148.1 143.9 138.4 132 127.1 124 119.7 121 115.3 107.9 102 98.8 94 92.2 91.5 90 86.8 84.6 86.1 84.5 84 82.6
52.8 55.1 58 61.4 63.6 65.3 66.3 67.9 69.1 71.2 73.7 77.6 79.9 81.8 85.3 85.9 87.6 89.2 91.8 93.7 96.5 100.2 103.7 108.9 114 117.6 119.2 118.5 117.9 121.5 121.5 118.1 115.4 113.8 112.1 111.7 112.5 115.5 112.9 117.5 138 151.3 155.8 156.4 163.5 161.7 158.8 155.3 156.7 159.8 155.6 153.7 147.2 135.5 132.9 136.7 132.6 134 128.5 123.2 118.2 115.2 113.1 111.3 109 104.7 100.5 98.6 93.7 91 91.1 92.8 92.7 87.2 87 87 84.1 82.2
54.6 56.8 59.8 62.7 63.8 65.2 66.7 67.8 68.5 71.9 75 77.2 79.8 83.4 84.7 86.9 89 90.8 92.3 95.3 98.6 100.8 104.6 111 113.5 116.9 119.1 121 121.1 121.4 121.7 119.7 117.9 116.4 117.8 119.6 118.8 120.7 120.5 127 143.6 157.5 157 158.9 163.4 160.4 155.1 154.5 149.9 142.5 145.1 140.1 133.6 128.6 127.7 123 125.7 124.6 117.6 113.1 111.6 110.5 107.3 104.4 100.8 97.7 96 95.6 94 94.1 93.9 93.7 92.4 88 87.4 86.6 82.8 82.2
55.2 56.6 60.6 62.2 62.9 64.3 66.2 67.5 69 71.5 74.8 77.8 79.9 82.4 84.9 87.6 90.1 93 95.4 97.3 100.7 102.6 106.1 109.9 113.8 118 119 122.7 122.3 124 124.3 126.4 125.5 126.4 129.3 128.6 125.6 127.6 131.7 139.7 151.8 157.7 153.3 152.7 151 151.5 148.7 141.3 129.5 127.8 126.7 125.8 122.1 122 122.3 124.3 119.2 112.5 111.2 107.3 105.7 103.2 102.8 101.3 99 96.7 94.5 95.5 95.9 95.4 95.1 95 93.7 88.8 86.7 84.7 82.7 85
52.8 56.2 60.5 61.1 62.9 65.6 67.4 68.4 69.8 70.5 72.9 77.2 80.2 84 86 88.2 92 94.2 96.9 100.2 103 105.2 107.6 112.5 117.9 120.5 122.1 122.6 125.6 132.6 134.1 134.3 133.7 133 132.8 132.1 130.3 131.6 133.9 140.9 150.8 147.8 140.6 135.3 133.6 135.6 130.4 124.1 125.4 122.9 120 113.5 117 115.6 118.4 115.9 114.2 108.5 107.9 105.5 104.1 104 102.9 101.2 96.7 96.7 95.4 96.2 95.5 96.2 97.5 96.5 94.4 88 85.6 86.2 84.9 84
53.8 55.5 57.9 60.4 63.7 66.6 67.7 69.9 71.3 72.3 73.3 75.5 79.4 82.9 85.8 89.6 93.3 95.3 98.4 100.9 105.3 108.9 112.7 116.6 120.6 124.3 126.9 126.9 131.4 135.9 139.4 139.1 138.7 138.8 139.4 141.2 140.6 136.9 136.7 140.4 142 136.5 134.2 129.3 128.3 125.7 118.4 119.1 116 112.2 110.6 112.2 110.6 109.3 109.8 111.6 111.8 106.2 104.3 104.1 102.6 102.1 102 99.1 92.6 92.6 92.6 94.9 96.8 98.2 98.7 99.7 97 87.5 83.7 83.1 86.1 90.4
