WholeMapElevations/data/nt/nt12_OST50GRID_20230518/NT12.asc
ncols 200
nrows 200
xllcorner 310000
yllcorner 620000
cellsize 50
[rows 105 to 139 of 200, columns 0 to 77 of 200]
246.3 239.1 239.4 239.4 239.1 239 241.7 246.2 261.2 274.3 286.2 296.5 301.3 295.8 297 292.5 287.3 283 276.4 276.3 271.9 285.4 304.3 318.8 333.7 355 375.9 392.8 395.9 390.2 384.1 377 374.8 378.3 383.6 390.2 404.5 422.7 440.2 453.3 454.4 445.2 429.6 409.6 386.3 360.3 345.8 331.3 331.8 341.5 358.9 372.7 386.8 396.5 406.3 412.3 416.9 430.7 443.7 454.6 465.5 477.1 490 503.6 516.5 528.4 543 557.9 569.8 577.7 581.8 584.3 586.8 590.7 594.5 593.9 600 618.4
240.9 240.8 240.7 240.3 239.7 239.3 245.8 257 271.3 287.8 298.2 310 316.2 315 310 302.9 298.2 292.2 284.8 281.6 274.6 277.5 289 301.7 318.6 336.8 360.3 380.3 390.9 395.2 397.1 395.3 395.3 397.9 402.4 411.5 422.5 433.3 444.2 453.6 454.5 443.8 428.4 408.1 386.1 363.9 349.3 340.4 332.1 341.9 359.4 379.5 388.9 405.2 412 418.3 429.2 440 449 458.7 467.6 477.1 488.5 500.5 514 528.4 541 554.8 566.5 575.7 581.9 586.5 590.4 596.2 603.1 609.7 612.5 618.9
241.6 241 240.5 240.1 238.9 244.7 254.6 266.3 281.8 298.2 312.9 326.1 332.3 330.8 326.5 318.5 310.9 304 295.1 288.9 285.7 279.8 281.4 293.7 310.5 328.1 347.7 368.2 384.5 395.8 402.8 408.7 413 417.4 424 432 440.5 446.1 451.3 453 450.1 439.7 425.8 406.7 384.9 362.8 356.1 343.9 335 340.9 362 382.4 393.2 408.9 415.8 425.6 438.5 446.7 452.1 460.3 469.5 479 489.3 500.1 515 527.3 538.6 553 564.2 573.7 579.9 585.6 592.7 600.3 608.2 617 625.7 632.9
243.5 242 241.5 240.7 244.9 250.4 262.1 277 292.6 309.7 326.7 341.3 351.6 349.3 345.2 337 326.4 316.5 307.2 299.9 293.7 287.7 278.7 288.8 299.4 320.3 339.1 361.5 381.2 395 406 415.9 423.4 429.9 437.8 446.1 454.2 457 456 452.4 445.1 435.2 421 399.3 386.6 374.9 364.1 350.7 338.1 342.1 359.2 381.4 398.5 411.5 421.5 432.3 442.1 450.3 455.2 461.9 472.4 483.7 493.2 505.5 516.2 526.8 539.3 551.1 561.2 571.4 580 587.1 595.4 603.8 612.3 624.1 633.9 643.6
244.7 247.9 241.7 240.4 248.5 256.3 272 287.6 304.8 322.1 339.5 353.9 365 368 365.3 357.2 346.4 334.4 322.2 311.7 305.5 296.5 289.4 283.5 294.7 310.2 332.2 355.1 376.8 392.9 406.3 419.4 430.9 438.1 445.5 453.3 460.3 461.6 458.9 451.5 441.6 430.2 422.1 415.5 405.1 388.8 372.6 357.1 341.5 340.1 357.9 377.2 399.5 411.8 423 432 443.8 450.7 457 465.6 474.8 487.9 499.2 509.5 519.8 529.5 541.4 550.7 559.8 570.7 579.6 587.7 597.8 607.5 617.4 629.4 639.5 651.2
243.8 243 241.5 241.2 253.2 265.2 281.6 298.4 316.5 334 350.7 364.8 375.5 381.5 382.3 376.4 366.4 353.6 338.4 325.7 315 305.5 297 287.7 289.3 304.3 323.8 347.7 370.2 388.9 403 417.1 434.1 443 450.5 458 462.6 462.3 459.4 451.5 443.5 438.5 433.3 427.7 417.8 402.6 383.6 365.1 350.3 340.4 356.1 370.9 390.3 410.2 423 433 442.9 452.6 458.5 469.7 478.5 490.5 504 513.1 524.2 534.9 544.3 552.8 561 571.6 580.4 588.8 598.9 610.3 621.6 633.1 645.7 659.5
244.7 243.7 242 241.8 256.8 273.4 290.3 308 329 345.6 360.4 373.2 382.9 389.2 393.3 391 383.6 372 356.6 340.2 327.2 315.5 304.3 294.1 287.4 299.5 317.1 337.6 361.2 382.7 398.5 413.8 430.6 443.9 453.3 460.6 464.1 463.5 459.8 455.3 449.1 445.6 442 439.9 433 415.7 395.6 374.8 359 342.3 353.2 365.9 385.1 404.4 420.3 433.1 443.3 454.4 461.4 471.9 483.1 493.8 507.7 517.6 528.4 537.6 547.3 555.9 564.8 574.1 582.1 591.2 601.2 612.5 621.4 639 652.1 666.6
245.3 244.3 241.9 248.8 262.9 278.9 297.3 318.2 337 353 368.1 379.2 388.4 395.2 399.5 401.2 398 389.3 374 356.2 340.2 326.2 312.2 300.1 289.5 299.6 312.6 330.9 352.7 375.2 392.4 408 425.5 439.4 450.5 458.8 463.3 463.4 460.1 456.4 454.5 451.4 450.1 450.3 443.5 429.1 407.5 386.2 367.3 346.7 349.1 360.7 378.3 397.3 415.3 431.1 444.9 456.4 465.4 474.9 486.3 497.3 510.6 519.9 531.9 540.9 550 559.9 567.4 575.5 583.1 593.6 604.6 617.2 629.3 642.9 658.1 672.4
242.8 244 245.1 255.6 265.9 282.4 302 323.8 343.3 359.7 374.1 385.3 393.7 400.2 405.4 409.2 407.9 402 389.2 371.5 352.9 335.8 317.6 305.3 293.5 297.9 309.2 325.9 347.2 366.6 384.8 401.5 418 430.8 443 452.3 458.4 461.4 460.5 459.3 458.4 456.7 457.1 460.1 457.6 444.1 420.1 398.2 375.9 359.6 347.8 357 369.2 390.8 409.1 425.4 442.2 455.6 467 477 488 499 510.7 522.2 534.5 543.9 553 561.8 569.3 576.6 585.7 596.8 608.2 620.9 634.1 646.3 662.4 676.8
243.6 247.4 251.3 257.2 267.5 283.4 305 327.4 347 363.6 377.8 388.1 397 404.7 410.4 414.5 416.1 410.9 400.4 384.6 366.5 347.7 325.8 311.1 301.4 298.6 308.3 322.4 342.5 360.6 376.9 393.2 407.3 419.7 431.1 440.4 448.1 454.9 460.3 460.7 460.1 459.7 461.4 465.2 467.3 457.5 436.5 409.9 388.9 368.3 347.8 352.5 362 382.2 402.7 420.3 437.3 450.9 463.3 473.7 486.9 497.6 508.4 523 535.2 544.9 553.9 562.7 571.3 579.4 589.7 599.6 611.2 623.9 637.5 649.5 666.8 680.1
245.6 249.6 253.2 258.2 267.8 283.9 306.7 328.9 349.5 366.3 378.2 388.2 397.6 406.3 413.2 417.7 420.9 416.6 408 396.2 379.7 359.8 335.6 316.7 302.1 298.6 305.7 317.9 335.2 352.4 367.7 379 391.2 401.7 412.9 424.1 432.9 443.7 452.2 459.8 461.1 461.1 465.1 469 472.8 466.6 450.3 423.9 400 378.4 362.2 351.9 359 371.9 392.2 412.5 430.3 444.1 458.8 469.3 481.3 493.3 504.6 519.9 533.2 544.8 554.6 563.8 572.9 581.9 590.6 601.4 610.9 625.4 639.3 651.9 668.3 684
248.4 249.7 254.8 259.5 269 283.6 307.2 328.9 349.6 366.5 378 388.4 397.8 407.2 414 419.8 423 419.9 412.9 404.3 390.8 370.1 343.5 321 304.9 313.4 304.1 314.6 325.6 339.1 348.5 358.4 368.7 378.3 390.6 402.4 414.1 425.8 438.4 449.9 455.9 458.1 461.1 465.9 470.7 470.8 460.3 437.7 412.8 389.9 373 354.6 355.8 365.4 380.4 402.3 422.1 438.4 452.1 462.8 473.8 484.9 496.2 513.2 528.6 542.2 554.1 562.9 572.7 581.6 591.3 602.4 614.7 627.1 640.3 654 670.3 685.1
249.1 249.7 255 261.2 268.2 281.3 304.6 325.4 346.5 361.3 377.1 388.4 397.2 405.3 413.2 419 421.8 420.5 415.4 407.7 392.5 370.2 343.8 320.7 313.2 322.7 321.7 314.9 315.9 323.5 327.3 333.4 342.3 353.8 366.4 377.5 391.4 405.6 419.6 433.6 445.2 451 455.7 460.6 466.4 470.7 467 450 426 404.2 384.2 367.3 356.8 361.7 374.3 390.4 412.1 430.4 444.7 455.7 466.7 476.5 487.4 506.3 522.2 537.7 549.6 560.3 570.5 580.1 589.9 602.2 613.7 626.4 640.9 653.9 669.4 683.9
245.4 250.4 253.5 260.2 266.9 277.8 295.8 317.4 338.1 356.8 374.4 386 395.6 403.4 411.1 416.2 418.7 418.3 414.1 406.2 389.2 365.4 339.3 313.8 324.1 331.2 334.4 335.5 335.1 335.7 340.8 342.8 339.4 337.8 342.2 351.7 364.5 381.6 400.2 416.6 431.4 440.9 447.1 453.5 460.2 466.5 467.4 459.9 437.9 415.4 394 376.1 363.3 358.4 370.6 384 399.9 420.1 436.2 448.2 459.9 471.7 483.4 499.3 515.6 530.5 542.8 553.5 565.1 575.4 585.9 598.6 611.6 624.3 639.6 652.2 667.5 682
256.4 250.2 252.1 257.8 263.7 275.1 288 308.7 330.5 352.7 370.9 382.6 392.5 400.9 407 412.7 415.3 414.9 410.3 401.6 386.4 360.9 334.8 316.6 331.4 340.3 345.6 349.3 352.3 355.6 359.8 362.3 362.4 360.1 356.9 355.9 351.4 364 380.9 398.4 414.3 427.5 437.2 444.6 452.4 459.2 462 459.2 446 427.3 403.3 385.2 368.1 364.2 365.9 378.8 392.2 410.3 424.1 438.5 452.8 465 477.8 488 507.5 521.7 535.2 545.6 556 566.7 577.3 590.9 606 620.4 635.2 649 662.1 675.7
261.5 253.7 250.7 254 263.6 271.5 283.2 300.8 322.8 345.3 363.9 377.8 387.9 395.4 402.5 407.6 410.1 410.2 406 396.6 381.2 356 331.9 324.2 338.1 347.4 354.7 360.3 364.8 370.5 375.8 380.4 382.2 380.8 377.2 375.4 370.8 356.4 372.8 385.1 402 417.4 426.8 435.9 444.1 451.8 456.6 456.1 450.5 439.4 417.1 396.3 381.9 373.8 364.6 373.7 386.6 400 416.3 431.3 445.5 457.8 470.8 484.8 498.9 513.2 526.6 538.2 548.3 558 570.8 582.7 595.5 612 627.5 642.4 656 670.3
267.3 261.8 255.7 251.5 261.3 268.9 278.5 293.6 314.9 336.4 355.3 369.5 379.8 388 394.8 399.6 404.2 404.5 400.5 391.9 377.2 354.5 329.8 328.6 341.9 351.9 360.2 367.3 373.9 380 386.5 393.5 398.1 399.2 396.9 391.9 386.3 373.1 366.6 383.9 395.9 409.7 419.1 428.1 437.1 446.6 451.7 454.5 452.8 446 429 407.6 394.1 381.4 369.2 368.7 380.2 393.3 408.1 421.6 437.4 451 464.5 477.8 491.1 504.5 516.3 529.9 539.3 548.9 564.9 575 586.7 602.6 616.7 632.3 648.3 663.7
273.4 266.1 259.8 255.3 256 266.6 275.2 289.2 307.4 328.9 346.8 361.8 371.4 379.6 385.3 391.1 396.8 398.2 395 387.1 373.7 353.6 330.5 330.7 344.7 354.4 364.1 372.9 380.5 388 395.7 403.9 410.9 412.9 411.6 407.3 398.5 385.1 364.8 381.9 391.8 403.5 413.4 422.9 432.8 442.5 448.6 453 454 451.7 441.2 422.1 408.3 393.3 378.4 369.8 376.4 386.9 399.6 412.5 426.9 440.9 455.1 470.2 483.5 495 505.6 520.5 530.6 541.4 556 566.9 579.2 592.2 607.1 623.4 639.3 656
277.3 269.7 264.1 261.3 253.8 261.5 271.1 284.3 298.6 318.4 338.1 353.7 362.5 371.1 376.8 382.5 388.3 392.2 390.4 383.4 371.8 353.6 335.2 329.9 343.8 356 366.3 376.6 385.3 393 401.7 412.5 419.4 423.2 422.2 419.4 410.5 396.4 376.3 379.6 389.7 399.5 409.7 418.8 429.2 439.5 447.4 451.8 457.1 456.9 452.6 436.5 422.3 405.4 390.3 378.4 375.4 384.4 394.1 405.1 418.1 429.3 444.6 459.5 473.8 486.8 497.2 510.9 522.6 532.4 545.6 557.3 570.6 585.6 602.7 618.7 635.1 653.9
279.4 271.8 266.5 262 258.1 254.3 266.9 278.8 292.5 308.7 329.3 343.9 355.9 364.1 371.3 378 384.2 384.8 384.1 380.2 370.3 355 338.4 329.4 344.6 355.5 366.4 377.2 387.1 397 407.1 417.1 425.7 429.8 430.3 427.5 419.9 406.2 390 373.6 387.2 397.6 407 417.5 427.5 436.9 445.8 454 459.8 461.9 460.5 453.1 438.8 421.4 402.9 387.7 375.3 383.5 390.5 400.1 413.9 427.9 439.8 453 467 477.4 489.8 501.8 515.3 530.4 542.7 557 571 585.5 600.8 618.7 635.9 653
284.5 274 268.3 264.4 261.9 255.7 262.1 272.7 285.1 299.7 318.8 334.7 347.7 356.3 364.1 371.3 377.7 379.5 378.3 375.4 368.5 357.2 341.8 332 344.2 355 366 377 388.9 399.5 410.3 420.5 429.1 434.3 436.7 433.8 427.3 414.9 399.3 385.1 379.2 395.3 405.4 416.2 426.5 435.7 444.4 453 462.3 467.6 469.2 466.2 453.8 436.3 418.1 398.5 383.6 383.7 391.2 400.9 415.2 430.3 445.2 458.9 471.8 485.2 496 508 520.4 532.4 546.1 560.1 574.1 589.5 604.6 620.9 637.6 655.7
288.9 278 269.8 266.3 263.8 262.9 257.2 270.1 278.2 291.2 309.9 324.7 338.7 346.9 355.4 363.5 370.8 375.3 373.8 369.3 365.5 357.9 344.8 336.1 343.9 354.2 365.2 376.5 389.3 401.5 412.3 422.7 431.1 437 439.4 439.1 433 422.2 408.2 395.8 385.1 391.6 403 413.8 425.1 434.6 443.4 453.5 463.5 471.7 477.6 478.6 467.9 454.6 433.6 413.8 393.9 380.4 391.5 400.5 414.1 429.4 444.4 457.6 472.6 485.2 495.9 506.5 520.4 533.2 546.9 562.3 579.6 593.2 608.2 625.9 640.9 658.3
297.3 283.5 273.3 268.2 265.5 265.1 256.5 263.9 273.1 284.2 298.8 316.7 331.3 342.2 350.4 358.2 364.7 369.4 371 368.8 365 359 347.5 339.8 343.1 353.8 364.6 375.9 388.9 401.7 413.3 423.3 431.8 437.1 441.5 442.1 438.2 427.7 414.6 402.8 393 386.8 399 410.4 421.8 433.5 443.9 454 464.4 474.4 482 486.7 484.6 467.3 447.4 426.7 404.3 386.5 391.6 400.3 413.3 429.6 442.8 454.7 469.4 482.1 492 502.6 518 535.5 551.9 568.2 583.6 598.8 614.1 630 644.2 662.8
305.6 290.6 278.4 272 266.6 265.4 263.8 259.4 268.4 278 290.7 307.1 323.8 334.9 345.6 353.7 360.2 365 368.6 367.8 364.7 359.7 349.6 341.5 343.2 353.8 364.4 374.8 387.8 400.8 412.7 422.9 430.2 437.5 441.3 443.2 441 432.5 420.4 409.2 400.3 393.5 391.7 406.3 418.5 431.2 444.2 454.7 465.1 475.4 485.6 492.2 495.6 481.2 462.7 443.5 418 394.2 392.1 402 412.3 428.8 443.9 456.3 468.2 477.9 489.9 503.4 522.5 538.6 554.4 570.1 584.2 600.9 616.5 633.2 647.1 664.4
314 298.8 286.3 276.5 270.5 267.1 263.7 255.9 266.3 272.6 283.5 299 315.8 327.9 340.7 349.8 356.5 362.3 366.4 366.9 365.3 359.7 350.8 342.9 342.6 353.2 363.5 373.7 386.6 399.6 412.4 422.7 430.7 437.9 442.2 444.2 442.6 435.8 425.1 415 407.4 400.2 396.5 400.6 413.9 428.2 441.1 453.1 465 478.2 489.6 496.3 503.9 497.2 475.7 456.3 427 401.3 390.8 404.2 415.9 427.2 442.9 457.9 467.4 478.5 492.8 508.3 522.7 539.9 556.2 571.3 585.8 602.3 619.2 635.2 649.6 668.4
322.4 307.6 294 282.8 274.7 270.1 265.4 261.2 259.2 269.3 277.8 291.2 308.1 323.6 336.5 346.2 353.9 359.8 364.4 365.2 363.6 361.9 355.3 348.7 341.8 352.9 362.8 372.5 385.5 398.4 411.1 422.4 430.7 437.9 442 444.3 443.4 438.6 430.3 421.8 414.6 408.8 404.1 399.3 407 421 436.8 450.5 463.7 477.1 490.4 501.1 508.9 505.5 482.3 456.5 429.9 407.2 393.7 405.3 415.7 427.3 443.1 456.3 466.3 480.9 494.8 510.1 524.5 541.8 556.6 571.2 587 603.4 619.7 635.7 652.3 670.8
331.6 316.8 302 289.6 279.3 272.9 267.6 262.9 259.2 266.7 273.4 283.9 301.4 318.7 332.4 343 350.6 357.9 362.4 364.2 363 362.1 357.7 351.8 345.9 351.9 361.3 371.5 384.2 397.9 410.8 422 430.3 437 442 444 443.9 440 434.5 428.2 422.2 415.8 410.9 406.7 403.5 411.8 427.7 443.8 458.3 472.9 486.6 499.5 507.3 507.4 488.6 460.9 436 412.2 394.8 402 412.6 426.8 441.1 455.5 467 481.4 495.9 510.2 525.9 543.5 558.3 573.2 583.3 602.4 619.8 634.1 652.7 673.9
340.3 325.5 312.2 300 285.5 276.3 269.6 264.3 261.9 259.6 269 277.6 294.6 311.8 327.1 338.7 347.6 354.5 360.2 362.4 363 361.9 360.4 356.2 351.2 351.4 360.6 370.8 382.6 396.5 410.2 421.3 429.7 437.4 442.2 445.6 446.3 442.3 438.2 432.5 427.2 423.4 419.6 416.2 412.2 408 416.5 432 448 464.5 479.5 493 503.3 507.6 495.9 468.6 441.2 419.7 401.7 400.8 410.8 424.1 440 452.7 467.1 480.9 495.9 510.6 525.2 544.3 559.6 573.2 583.4 600.6 618.5 634.1 650.3 672.4
346.7 332.8 322.2 309.5 294.1 281.8 273.1 267.1 263.2 260.6 264.9 273.6 285.6 303.3 321.1 333.3 342.6 350 356.2 360.2 361.5 362.4 361.7 359.2 355.7 350.2 360.3 370 381.2 394.1 407.8 418.8 428.5 436 441.4 444.9 447.1 444.7 441.2 436.9 433.1 430.5 428.3 426.7 422.2 417.6 414.7 422.1 436.7 453.3 469.4 485.4 498.8 507.8 501 475.4 448.4 427 410.4 399.4 407.1 420.6 434.4 451.7 465.9 480.7 494.8 507.6 523.7 541.8 555.3 571.7 585.4 600 617.2 631.3 647.3 670
353 340 330.6 319.5 304.5 289.3 278.8 271.2 266.3 263.6 262.1 269.1 278.9 295.1 312.3 327.6 337.7 345.5 352.2 357.3 360.3 362.6 363.2 361.7 358.9 356.5 360.2 369.1 380.2 390.9 403.7 415.6 425.4 433.5 438.5 442.3 445.5 446.8 444.4 440.7 438 436.2 435.7 434.7 432.8 429.2 425.7 419.7 427.7 441.9 459.5 475 493.7 506.2 507 485.3 459.3 434.7 417.7 403.2 405.8 414.1 428.5 443.2 459.4 478.3 492.8 507.4 521.4 539.3 552.9 570.7 585.3 596.7 613.8 628.2 644.4 664.7
355.8 348.2 339.7 329.2 315 299.7 285.6 275.9 269.5 264.8 263.3 264.4 275.5 287 304.2 322 332.6 341.2 348.3 353.4 359.4 363.4 365.4 364.6 362.1 360.2 358.6 366.8 376.9 387.3 399.7 411.2 420.9 428.4 434.9 439.1 442.8 446.4 446.9 444.2 442.2 442 442.5 442 442.7 440.4 436.8 432.4 427.3 434.3 449.7 467.2 487.1 504.1 510.3 496.5 471.4 447.3 426.9 411.9 403.7 409.1 421.1 434.4 451.3 468.3 487 504.4 520.9 535.3 551.6 567.9 581.8 594.6 609.6 625.3 640.2 659
364.7 357.9 350.1 339.6 325.8 309.4 292.8 280.6 272.3 268 264.1 263.7 274.5 285 298.6 316.2 328.5 336.6 344.4 351 357 361 365.7 367.1 366.9 365.5 364.2 362.7 371.5 382.1 393.6 405.1 414.9 422.4 429.5 435 439.2 443.6 446.7 447.7 447.1 447.6 448.1 449.3 450.9 450.7 448 443.9 439.9 432.7 444.6 462 479.7 499 511.9 507.8 485.6 461.6 438.4 420.3 405.7 407.7 416.5 427.6 444 461.4 476.5 496.4 516.7 532.9 547.7 563.2 579.5 591.3 606 620.6 636.3 651.8
373.6 367.4 360.3 351.1 336.9 317.7 301.4 285.7 274.9 269.2 264.7 261.9 272.3 283.9 292.5 309.5 322.9 333 341.1 348.1 354.1 359.7 363.7 367.9 370.2 370.6 370.5 368 366.2 374.5 385.9 397.7 407.5 415.2 423.1 430.1 436.4 442 445.9 449.6 451.3 452.9 454.9 456.8 460.2 460.5 459 454.2 449.5 443.1 440.9 455.4 473.8 492.9 510.5 515.5 501.3 476.9 453.8 430.9 413.5 406.4 411.8 420.8 435.1 449.9 465.8 486.4 509.3 528.7 543.8 561.2 576 588.4 601.9 614.6 630.1 642.5
382.4 376.8 370.5 361.9 347.7 327.7 309.7 292.7 278.2 268.7 264.7 261.3 268.3 280.2 291.7 305.1 318.6 328.2 337.8 345.8 353.7 360.8 365.3 370.6 375 377.1 376.5 375.2 373.4 369.4 378.4 390.5 400.5 409.5 418.1 426.5 433.9 440.4 445.6 450.2 455.3 458.7 460.7 464 468.7 472 470.1 465.3 461.2 451.5 441.8 452.2 471.1 488.5 507.5 521.1 515.7 492.8 470.1 446.3 424.6 412.4 410 416 424.3 438.5 455.7 477 501.5 523.6 541.6 556.6 570.5 582.1 593.5 609 620.9 634
392.2 386.6 380.3 371.8 359.6 342.6 318.6 300.2 283.1 272.3 264.7 266.1 265.9 278.8 289.4 300.6 315.5 325 334.4 343.1 353.1 360.9 368.3 373.7 378.5 382.3 382.9 382.5 380.6 377.9 375 385.1 394.7 404.3 413.8 422.3 430.9 438.5 446.3 452.3 459.1 463.4 466.2 471 475.7 480.5 484.3 479.9 473.6 462.5 450.9 449.7 466.9 485.5 503.7 521.2 525.2 509.3 486.5 463.1 439 422.7 411.5 412.6 417.9 428.3 442.8 464.3 488.4 512.1 534.2 549.2 562.5 574.1 586.2 599.3 611.5 621.2
