UK/data/sn/sn90_OST50GRID_20230518/SN90.asc
ncols 200
nrows 200
xllcorner 290000
yllcorner 200000
cellsize 50
[rows 35 to 69 of 200, columns 0 to 77 of 200]
85 103.3 130 132.1 138.1 140.3 142.2 141.5 141.6 143.1 146.5 148 150.6 152.7 154.6 154.1 153.2 148.5 141.1 129.1 140.5 144.9 145.5 146.5 148.3 146.5 135.2 125.8 116.1 106.3 97.2 90.9 87.4 86.9 106.8 126.9 143 160.3 169.4 176.4 187.1 194.3 205.5 221.9 235 244.9 255.2 261.9 266.4 271.7 276.3 278.8 281 284.5 288 292.5 295.7 298.6 301.2 303.4 306.2 308.4 310.3 312.4 314.1 316.2 318.1 319.7 320 319.7 317.4 315.2 313 304.4 309.5 308.7 309 309.8
85.5 96.3 130.3 130.8 134.1 135.8 137.4 138 137.8 142.7 147.4 150.4 152.7 153.4 152.9 150.9 148.8 146.5 139.6 121.2 137 141.4 141.6 141.6 126.9 109.5 97.6 96.2 95.1 91 89.6 93 113.5 128.3 139 152.7 166.2 166.5 167.5 177.7 195.5 208.6 221.8 233.2 240.4 245.8 252.1 258.8 263.9 270.3 272.3 274 277.9 281.6 284.2 288.9 293.8 296.7 300.7 305.7 309 312 315.4 316 316.1 316.7 317.7 318.2 317.8 316.6 314.4 311.8 309.9 306 303.3 304.7 305.2 306.7
84.5 90.3 128 128.7 130.8 132.2 133.7 136.7 139.9 144.9 148 150.1 150.2 149 147.8 146.1 143.4 142.7 134 114.2 132.8 137.2 130.7 113.9 96.3 92.3 91.3 86.6 87.7 114.5 130.7 144.1 154.4 157.4 160.4 158 155.8 166 179.7 196.9 210.4 219.7 225.5 228.9 234.8 241.3 249.3 257.7 264.5 269 265.1 273.9 278.1 280.8 286.5 291.6 295.6 299.4 303 306.2 309 311.6 313.7 316.2 315.9 315.9 315 314.9 314.2 312.4 310.2 307.9 305.2 303.1 297.7 300.8 300.2 300.4
83.7 86.5 126 127 129.8 132.4 135.5 138.8 142.4 145.3 146.4 145.3 143.1 141.7 142.5 141.4 138.5 136.5 126.2 100.4 119.4 113.3 97.5 92.1 89.2 86.8 91.3 123.3 143.8 146.4 146.7 150.5 143.1 150 152.5 162.3 169.8 178.9 190.8 199.9 206.7 211.7 215.8 221.8 229.5 238.6 249.3 256.7 252.6 258.4 269 273.3 277.6 282.3 286.8 290.8 294.4 297.5 300 302.7 304.8 306.5 308.7 311.2 313.5 312.5 311.6 311.1 309.6 308.1 305.7 303.3 301.1 299.2 296.8 296.7 294.5 292.9
79.3 96.7 120.8 127.9 131.4 135.2 139.2 143.2 143.4 142.9 141.3 138.7 135 133.4 133.8 130.7 119.7 109.2 98 92.4 93.4 90.8 89.2 86.7 82.4 97.1 130.3 140.1 142.3 135.7 113.8 134.4 118.9 132 161.2 167.6 175 182.9 186.7 191.7 196.6 201.6 208.2 215.1 223 231.9 240 236.6 253.6 261.5 266.7 271.9 276.4 280.4 284.5 287.8 290.6 293.1 295.5 297.5 299.2 300.8 302.5 304.3 306.8 307.8 306.9 307.8 306.1 303.2 300.7 299.1 296.9 295.6 294 291.4 290.7 288.8
86.4 123.1 127.2 128.4 132.1 137.7 140.7 142 139.4 136.5 134 132.4 129.9 126.6 110.4 97.2 87.7 87.8 88.7 89.1 88.5 87.3 82.9 90.4 111.3 134.3 138 122.2 98.1 124.8 140.7 149.7 133.3 128.1 156.3 165.1 171.3 173.9 175.5 180.8 180 180.4 193.8 206.9 218.8 229.6 231.3 245.3 253 259.3 264.5 269.4 273.9 277.9 280.7 283.3 286.3 288.5 290.2 291.7 293.2 294.6 295.3 296.3 298.9 299.7 301.5 299.8 300.9 296.9 296.3 294.9 293.3 292.3 290.8 289.2 288.5 287.5
114.4 121.2 123.5 125 129 133.2 133.3 134 131.9 130 129 128.5 120.7 94.3 85.4 85.8 86.3 86.1 80.5 78.7 85.3 86 88.7 93.7 114.9 97.4 91.8 101.5 108.1 118.6 145.8 154.1 149.5 128.1 137.8 149.3 156.4 155.2 162 176.3 190.9 198.4 205.1 212.5 220 229.1 236.5 243.5 250.8 257.3 261.9 266.7 271.4 275.1 277.6 280.1 282 283.7 284.8 286 286.9 287.7 288.5 289.2 290.3 290.9 292.7 293.2 293.4 291.7 290.5 290.8 289.6 288.7 288 286.2 285.1 283.3
111.9 116.9 118.7 120.2 120.5 124.2 123.9 125.1 124.2 124.3 122.4 117.1 96.2 83.7 82.7 77.9 84.3 85.7 85.5 87.7 96.5 89.9 84.9 85.6 89.1 103.3 114 118.6 125.6 143.2 156.3 158.2 159.4 155.4 130.8 132.8 152.6 163.5 182.4 188.7 193.9 198.9 205.3 211.9 218.8 226.5 234.2 241.1 249 256.6 260.4 264.6 269 271.9 274 275.7 277.7 278.5 278.6 279.1 279.5 280.9 281.9 282.1 282.8 284.1 285.1 284.7 284.5 284.6 284.8 285 285 284.7 284.1 283.7 282.7 280.8
79.8 110.5 112.9 113.1 112.2 113 113.1 113.1 116.1 114.8 104 84.5 76 81.6 83.8 85.8 88.2 87.9 89.3 93.9 108.5 96.7 90.7 101.9 109.9 113.9 118.1 122.2 141.6 160.5 164.1 165.1 165.1 164.8 162.6 137.2 149.6 158.2 179.5 189.7 194.9 199.3 204.8 211.5 218.3 226.7 235.1 242.7 249 254.8 259 262.6 266 268.4 270 271.6 272.7 273.3 272.8 272.3 272.3 274.3 275 275.3 275.8 277.5 277.9 277.9 277.8 277.7 278.2 278.9 278.8 278.6 279.2 277.9 277 276.5
91.8 102.5 104.6 104.2 101.6 101.1 102.5 101.4 105.1 92.8 81.4 80.1 81.6 83.9 85.8 87.9 90.7 92.4 95.5 108.4 120.1 119.2 109.5 111.4 115 120 130.4 134.6 165.2 169.2 171 170.5 170.4 170.9 170.3 151.1 133.8 151.9 174.9 185 194.3 199.2 204.6 211.9 219 226.8 234.6 241.2 246.5 251.3 255.4 259.2 262.4 265.3 267.1 268.1 268.3 268.5 268.5 268.1 268.1 268.8 269.1 269.7 270.7 271.3 271.4 271.4 271.1 270.8 270.7 271.7 271.6 272.4 272.3 271.7 270.8 270
97.9 78.5 96.1 97.1 97.8 96.7 97.6 85.4 80.6 80.3 80 76.2 82 83.3 85.3 89 92.9 101.2 113.3 120.9 129 131.6 131.6 130.7 127.4 135.1 144.9 150.6 158.7 170.5 173.5 174.3 175.3 175.2 174.2 158.5 141.9 153 172 181.2 192.4 199.2 205.4 210.7 216.9 224 230.5 236.3 240.9 246.6 250.8 255.1 258.8 261.5 261.8 263.1 264.5 264.9 265.5 265.2 265.4 265.6 264.8 265.1 265.3 263.9 263.9 263.6 263.8 263.2 263.9 264 264.4 265.9 266.2 264.3 263.7 263.1
91.8 79.7 79.5 85.7 88 81.8 79.6 79.6 78.6 75 79.2 97.5 85.7 85.3 92.3 96.6 99.9 116.4 131.6 133.4 136 138.7 142.9 143.8 145.8 148.6 150.5 153.3 157.4 161.3 165.2 170.7 176.7 178.6 180.1 173.1 140.7 155.3 169.3 181.4 187.9 199.7 204.8 209 214 218.7 223.9 229.2 233.4 239.1 243.7 249.3 253.5 254.8 255 256.8 258.4 259.9 261 261.2 260.9 260 258.9 257.9 258 256 255.8 256.1 255.6 255.9 256.9 256.4 257.8 257.6 260.7 256.8 256.7 256.6
81.7 79 71.6 78.4 77.6 78.7 73.7 76.9 77.5 79.9 85 102.9 108.9 100.5 106.7 113.1 119.8 125.7 130 133.3 136.2 137.4 141.5 147 151.3 156.9 162.8 161.3 161.2 161.5 158.5 162.7 165.2 171.8 179.7 181.5 145.8 149.5 162.6 176.6 181.1 191.9 202.1 205.1 208.5 211.5 215.8 220.8 226.2 233.2 238.5 243.3 246.5 248.1 248.7 250.5 251.7 253.1 254.5 254.7 254.7 254.4 253.2 252.1 251.1 250.4 249.5 249.6 250.6 251.6 252.3 252.8 253 252.5 252.1 251.9 251.5 250.9
78.7 78.1 76.1 75.7 77.2 77.7 74.1 76.9 87.5 95.8 102.7 108.9 113.7 116.8 120.7 123.3 127.9 132.5 135.2 136.5 149 151.3 157.3 163 167.8 177.7 188.8 190.8 191.4 191.4 183.8 175.8 171.9 165.7 168.4 175.6 179.1 142.9 154.4 172.1 178.1 184.7 199.3 200.7 202.7 205.5 210 215.5 221 227.4 232.8 236.2 238.6 239.6 242.5 243.6 244.7 246.1 247.8 248.4 249.3 249.4 249.3 248.5 247.7 247.3 246.6 246.3 247 247.9 248.7 248.9 248.1 246.7 246.4 246.1 245.4 245.4
77.7 77.9 77.1 71 76 74.6 73.9 75 96.5 107.3 110.2 112.6 119.7 125.8 132.9 137.2 143.1 149.2 153.3 145.3 160.8 165.7 172.5 177.7 184.3 189.8 192.6 194.2 195.5 196.3 196.5 195.9 196.1 189.8 178.5 170.3 172.8 163.6 145.4 159.1 170.2 180.3 192.6 197.6 198.6 201 204.1 209.3 213.6 219.6 224.7 227.9 230.4 232.2 233.6 235.4 235.8 237.9 240.1 241.3 242.8 244.3 244.4 244.5 243.6 243.1 243.1 243 243.5 244.2 244.6 244.4 242.7 241.5 240.6 240.2 240 240.6
77 76.9 76.9 73.8 70.7 72.7 71.9 76.3 96.3 98.2 110.6 122.1 130.6 137.4 143.4 151.2 159.1 166.1 171 163.1 168.2 178.7 183.8 186.6 189 192.4 195.4 198.2 200.1 201.5 201.9 202.3 202 202.2 200.7 189.6 174.8 173.6 163.2 142.9 157.6 173 188.1 192.4 194.7 195.5 198.7 202.6 206.4 210.1 213.8 218.3 221.4 223.1 224.6 226.2 228.3 229.8 232.2 235.1 237.2 239 239.9 239.9 239.4 238.6 238.2 238.5 239.4 240.3 240.2 238.9 237.4 236.3 235.4 235.5 235.2 234.7
75.9 84.4 89.8 81.2 72 69.1 76.3 90.9 101.7 112 121.2 128 137.9 146.9 154.1 161.4 167.1 171.8 175.1 177.4 174.5 182.3 185.4 189.5 194.1 197.8 201.1 204.7 207.3 209.4 208.7 209.3 209 208 205.6 203.1 198.7 180.5 174.8 165 148.4 151.8 161.9 180.7 190.7 190.4 192.7 196.1 199.4 202.5 205.8 210.5 213.8 215.8 217.5 219.4 221.4 223 225.3 227.9 230.7 232.8 234.3 234.9 234.1 232.7 233.2 234.3 235.4 236.3 235.7 234.2 232.7 231.3 230.9 230.8 229.8 228.4
83.9 78.3 73.5 71.6 71.9 78.7 89.3 100.7 111.5 121 127.8 137.1 147.1 155.9 162.1 166.9 171.6 175.9 178.5 180.8 182.4 185.6 191.1 196.1 199.7 203.7 206.9 212.6 215.5 214.2 212.2 212 211.1 210.3 208.5 205.8 203.1 199.7 184 175.9 170.2 154.4 144.5 160.6 172.6 185 189.8 191.6 194.8 196.9 199.5 204.1 208.2 210.2 211.1 213.3 213.5 216 218.5 221.2 224.3 226.4 228.3 229.4 230 229 229.1 230.1 231.2 231.6 230.8 229.4 227.7 226.1 226.3 225 223.7 222.5
75.1 74.1 71.1 72.2 88 90.2 100.5 111.5 121.2 130.8 138.8 147.3 156.8 162.7 166.8 171.2 175.9 179.8 182.6 185.5 188.4 186.2 196.6 200.4 203.4 207.4 212.1 216.1 217.1 216.9 215.4 214.3 213.2 211.7 210.2 208.3 206.2 203.5 200.2 187.3 177.2 175.5 156.3 147.5 162.7 184 187.9 189 190.7 193 196.6 198.1 201.4 199.7 205 206.4 207 209.2 211.6 214.1 216.7 219.7 222.4 225.5 226.1 225.3 225.9 226.1 226.1 226 225.2 223.5 221.8 220.6 220.6 218.9 217.8 217.1
71.5 70.9 71.3 76.2 90.3 100.7 116.5 124.5 134 141.5 149.8 157.7 164.6 168.6 172.4 175.8 179.9 183.9 189.4 192.3 195.6 196.4 192.3 201.7 205.1 208.5 213 216.1 217.9 218.1 217 215.9 215.3 214.3 212.2 210.9 210.2 208.3 205.3 200.4 191.8 178.2 178.7 160.4 150.6 156.9 175.7 183.3 186 190.1 192.5 192.2 192 199.5 200.6 202.5 202.9 204.1 206.3 208.6 212.3 215.6 219.6 223.2 222.1 220.2 222 222.6 221.2 220.5 219.2 217.8 216.3 216.1 214.7 214.9 214.9 214.9
70.2 70.9 79.4 89.4 101.4 116.3 126.4 137.4 143.2 152.1 158.5 165.7 171.6 177 183 186.8 191.1 195.6 199.4 201 201.4 201.2 199.5 198.7 202.8 206.6 211.4 215.6 217.4 217 216.1 216.9 217.3 216.7 215.5 214.6 214.1 212.5 210.6 206.8 202.8 199 182.5 181.2 165.1 155.5 150.1 156.8 168.3 179.6 183.5 186.8 196.1 198.4 199.4 200.3 200.1 199.5 200.4 204.2 207.7 211.6 214.4 215.7 215.3 212.1 217 215.4 214.3 213.7 213 211.3 209 211.9 214.9 214.9 214.9 214.9
70.6 85.1 90.1 101.6 117.8 128.3 134.1 145.4 152.7 157.6 169.1 176.8 188.1 195.1 199.1 200.7 204.5 208.5 210.3 210.6 209.7 207.9 206.2 205.2 205.3 203.6 209.1 212.5 215 214.6 214.3 216.9 218.4 218.9 218.7 216.1 215.3 215 213.7 211.9 208.4 204.3 200.4 191 182.2 184.4 166.6 162.6 158.9 157.5 160.8 179.9 188.6 196.5 198.6 198.6 197.6 197 197.8 200.1 203.2 205 206.1 206.9 207.2 203.7 205.5 206.7 206.4 205.9 205.5 205.7 205.6 214.1 214.9 214.9 214.9 214.9
84.2 90.5 106 120.6 132.3 139.7 145.3 153.6 164.4 174.7 186.6 196.1 202.2 205.5 206.9 209 212.1 213.9 215.1 216.2 215.6 214.8 212.4 210.5 209.5 209.6 209.7 210.7 213 212.9 213.1 216.8 219.5 220.5 220.3 218.5 217.6 217.1 216.2 215.9 213 209.4 205.7 202.3 198 185.6 183.6 185.9 173.1 166.8 160.3 164.6 182.7 193.2 195.7 196.5 196.4 196.1 196 197.3 198.2 198.1 198.5 200.1 199.9 197.6 197.1 199.5 202.2 204.5 205.8 207 206 214.3 214.9 214.9 214.9 214.9
93.3 110.7 124.7 131.2 138.7 146.1 157 171.5 182.6 192.5 198.7 205.1 209.3 210.6 212.4 215.6 217.5 218.9 220.3 221.1 220.2 219 217.2 215.7 214.9 215.1 216.6 217.6 217.1 215.3 213.5 217.3 219.9 220.9 221.3 221.8 220.9 220.5 220.1 219.8 218.7 216.5 213.2 206.8 205.9 203.8 197.9 185.8 185.5 186.3 174.4 163 177.4 193 195.5 195.8 196.5 195.9 194.1 193.9 193.3 192.5 193 194.8 194.8 195.6 194.4 199.6 203.7 205.3 206.4 206.1 205.1 211.9 214.9 214.9 214.9 214.9
113.4 129 137.3 144.1 152.4 163.3 174.6 183.6 191.5 199.3 204.9 210.4 214.3 216.6 219.2 221.1 222.9 224.1 224.1 223.7 222.8 222 221.9 221.7 222.2 222.5 223.4 223.1 221.1 217.8 216.2 217.8 219.8 220.8 222.1 223.8 224.6 225.1 225.6 225.7 224.9 222.7 219.3 212.2 209.1 207.4 203.2 196.7 193.3 188.5 187.6 184.5 183.2 191.2 194.3 194.9 196.4 195.5 191.5 190.2 188.8 188.2 190.9 192.4 191.1 194.8 196.5 200.2 204 207.6 210.1 209.2 207.8 203.4 212.8 213.1 214.9 214.9
131.1 138.9 148.2 159.7 168.7 176.2 184.3 190.8 196.7 202.9 208.6 213.6 217.8 220.8 223.4 224.4 225.4 226.1 225.5 225.2 225.5 225.9 226.2 226.4 225.9 226.2 225.4 224 221.2 218.6 217.5 218.6 220 221.9 224.2 225.8 227.5 228.3 229.6 230 228.7 226.2 223.3 217.9 211.1 210.3 208.1 203.3 196.9 193.2 193 190.3 189.1 190.8 192.8 194.1 195.4 194.1 187 183.3 186.6 189.4 190.9 191.9 193.3 194.8 197.6 200.3 203.4 206.7 210.5 212.6 212 203.7 199.7 200 200.3 201.4
144.8 156.5 165.3 172.1 178.1 183.6 188.4 194.8 201.1 206.9 211.1 215.7 219.4 221.9 224 225.4 226.2 227 227.2 227.8 228 228.2 228 227.4 226.4 224.8 223.3 221.7 220 219.5 219.5 220.3 221.8 223.8 225.6 226.8 227.6 228.8 230.1 229.8 229.3 227.1 224.4 219.2 212 211.8 211.4 208.5 202.6 197.1 195 182.5 180.6 193 192 192.5 194.5 194.6 186.9 188 189.1 191.1 192.4 189.7 192.3 195.5 197.9 200 203.3 206.8 210.3 213 213.9 208.2 199.2 199 199.8 200.4
158.9 167.2 172.9 178.1 183.4 189.3 194.5 199.1 205.2 209.4 212 216 218.9 221.7 224.2 225.9 226.6 227.3 228.1 228.4 228.9 228.5 227.2 227.1 225.9 224.3 223.2 223 223.4 222.7 222.8 223.1 223.5 224.7 225.7 226.3 226.9 227.4 228.2 228.7 228.8 226.5 224.1 219 213.1 211.3 210.3 209.3 206.3 202.7 200 189.2 165.1 174 178.7 185.1 192.4 194.7 196.2 190.1 191.2 193.4 194.4 193.3 193.3 194.1 193.7 197.4 200.2 204.9 208.3 212.3 215.7 207.4 197.7 199.5 199.8 199.9
158.2 170.5 177.8 184 189.5 194.3 198.5 202.5 205.8 209.7 212 215.5 218.4 221.2 223.6 225.1 226.5 227.1 228.4 229.2 229.8 229 228.2 229.4 228.6 225.6 225 225.3 225 224.3 224.2 224.4 224.3 224.7 225.4 226.2 226.9 227.4 228.5 229.2 228.5 226.4 223.2 219.7 214.7 210.8 209.7 208.7 206.9 205.6 203.8 199.1 175.8 173.7 181 183.7 186.8 188 189.4 190 197.7 197.9 199.2 199.3 198.5 195.6 195.9 195.6 196.2 198.9 202.9 208.2 210.3 202 198.3 199.3 199.4 199.2
171.5 176.2 180.9 181.9 190.4 195 199.1 202.5 205.8 209.1 211.7 215 217.4 220.4 223 224.8 226.1 228 229.7 230.8 230.7 231.2 230.5 229.8 228 227.2 226.4 225.3 225.4 224.8 224.9 225 224.8 224.6 225.2 224.8 224.5 225.2 225.9 225.9 224.4 222.1 220.7 217.7 213.3 210.6 208.6 206.6 202.9 201.4 200.5 195.7 176.7 181.3 187.5 189.9 192.4 193.6 194.3 195.7 199.4 198.5 199.8 202.9 204.1 202.6 202 197.6 195.9 195.9 196.7 197.3 198.9 197.2 198.1 198.8 198.6 199.5
176.7 180.6 185.9 188.8 192.7 196.4 199.2 200.8 205.4 208.7 211.5 214.2 216 218.9 221.4 224.1 225.7 227.2 228.8 230.2 231 231.9 232.6 231.1 230.2 229.1 228 227.3 227 226.4 225.2 224.5 224.1 222.6 221.4 220.6 220.5 219.1 219 218.8 217.4 215.8 213.9 212.5 210.1 207.9 205.3 203.2 201.1 198.9 193.6 175.8 181.9 189.2 193.9 197.1 201.5 201.2 197.6 195.5 201.6 204 205.4 204.7 201.5 203.6 206.8 204.5 197.6 196.9 196 196 196.6 196.9 198 197.1 198.8 199.3
181 185.8 190 193.8 197.2 200.3 202.8 205.4 208.1 209.9 211.7 213.4 215.2 216.8 219.2 221.5 223.8 225.8 227.6 228.9 229.9 231.2 231.5 231.1 230.9 230.3 230.6 229.8 229 228.2 226.8 226.1 225 223.7 221.4 219 217.4 215.9 214.3 213.6 211.7 210.6 209.4 208.2 206.4 204.4 201.9 201.2 199.6 195.8 179.8 183.8 190.2 196 198.1 201.3 204.9 202.7 201.1 198.9 201.5 204 205.9 207.5 208.2 208.8 204.2 203.7 202.8 200.8 198.5 197.4 198 199.4 198.7 199.9 199.2 197.5
188.7 192.1 197 200.5 202.9 205.4 208.2 211.1 213 215.1 217.7 219.4 220.5 221 221.3 222.9 224.4 225.1 226.6 226.8 226.8 227.2 227.8 227.8 227.1 227 226.8 226.1 225.3 225.6 225.8 224.7 224.3 224 221.6 218.7 217.2 214.8 212.8 210.8 208.9 206 204.6 203.5 201.7 198.3 196.2 193.9 189.9 180.6 190 193.1 196.5 199.3 201.3 203 205.1 204.8 204.1 202.6 202.8 204.9 204.5 205.8 209.2 209.6 210.5 209.3 207.9 205.5 204.3 204.7 201 201.1 200.8 200.8 200 200
195.3 200 204.6 207.5 209.6 211.5 214 216.3 218 220.4 223.4 225.8 227.8 229.5 229.5 229.6 229.1 227 225.6 226.2 226.5 226.2 225.8 224.4 223.4 222.7 222.3 221.8 221.9 221.6 221.9 222.1 222.2 222.2 220.5 217.1 215.8 212.4 210.7 209.4 207.5 205.9 204 191.6 187.1 186.1 184.6 192.4 194.4 185 193.9 196.6 200.1 202.6 204.7 207.1 206.4 205.7 207.9 205 206 205.5 205.1 208 209.8 209.9 210.2 209.3 208.3 208.3 208.4 207 207.4 208.2 208.9 202.5 200.8 201.1
202.3 206.8 210.3 213.7 216.2 218.3 220 221.6 223.7 226.9 232.3 234.6 236.1 237.2 237.4 236.8 235 231.7 228.8 226.2 226 225.5 224.2 222.3 220.1 219.4 219.4 218.5 218.1 218 217.8 217.3 215.5 215.6 213.3 210.5 210.7 210.5 209.6 209.8 209.8 206.3 204.3 192.1 197.2 200.8 199.5 198.3 194.3 192.5 195.7 199 202.8 206.2 210 210.5 209.9 209.2 209.7 209.7 207.5 206.6 206.5 209.4 209.7 209.8 210 213.8 210.8 209.3 208.6 208 207.9 208.1 208.9 204.8 201.6 201.5
