UK/data/nn/nn35_OST50GRID_20230518/NN35.asc
ncols 200
nrows 200
xllcorner 230000
yllcorner 750000
cellsize 50
[rows 0 to 34 of 200, columns 78 to 155 of 200]
327.9 320.6 329.3 324.3 327 323.2 320.6 320.6 329.6 339.8 338.9 340.7 342.8 344.5 348.8 353.1 353.5 355.9 356.7 358.9 362.5 366.4 365.8 365.8 363.4 361.2 369.7 364.8 360.2 359.5 358.6 361.9 362.4 360.1 361.2 359.3 358 355.3 355.1 351.8 351.3 351.9 352.9 356 355.5 357.3 358 356.6 361.2 357.6 357.9 360.9 364 364.4 367.2 370.2 372.9 375.2 377.7 382 385.2 387.5 387.9 390.8 391.3 391.7 392.8 396.5 395.2 393.6 393.8 399.8 396.4 393.7 387.5 384.4 380.6 382.6
320.6 334.1 332.5 331.8 329 325.7 320.6 325.1 331.8 340.7 346.7 347.1 347 350.7 349.8 351 353.9 358.4 361.3 363.4 365.9 367.9 367.7 365.8 363.5 363.7 367.4 367.3 364.9 359.2 359.8 361.6 360.2 357.6 360.1 355.9 353.9 353.2 353.9 352.7 352.4 353.7 356.6 355.3 357 356.8 359.9 360.9 359.8 359.8 363.6 368.8 366.7 374.3 375.2 375.1 377.9 381.8 382.7 385 389.2 393.3 394.7 395.5 395.6 396.7 396.7 400.5 401.4 401.8 403.1 405.5 406.6 402.6 393.9 390.7 393.1 388.5
323.7 328.7 333.3 330.7 327.5 323.2 323.5 335.9 338.3 346.6 348.5 348 356.8 356.3 354.2 356.5 357.5 361.3 367.9 367.1 369.6 369.4 368.7 367.4 363.9 364.4 364.8 365.8 365 361.5 358.8 357 359 356.3 356.2 354.3 354.3 354 355.2 355.5 359.1 354 357.1 357.1 356.2 361.2 360.5 362.7 365.6 362.1 369.3 374.1 369.9 377.4 382.7 383.5 385 385.9 387.2 391.2 399.8 403.4 404.4 405.6 404.9 403.4 404.1 411.8 410.1 408.1 414.8 409.8 410.8 411.1 399.9 397.5 395.3 394.2
329.4 327.9 327.8 328.3 327 327.6 333.3 339.9 343 345.9 350.4 350.4 353.4 356.1 357 357.4 361.7 366.3 368.7 373.1 369.3 373.2 372.3 369.1 366.5 366.4 366.6 366.2 365 365.7 370.7 360.3 367 363.5 358.6 356.9 355.1 354.4 356.7 362.6 363.2 362.9 358.3 359.9 360.7 370.4 367.6 367.7 367.2 367.4 370.3 372.8 372.9 374.1 381.3 385.3 388.6 390.6 391.8 398.2 406.3 406.1 407.6 409.6 412.5 411.2 408.9 415.8 414.6 416.6 420 413.8 414.8 412.7 407.8 403.1 400 398.6
336.1 333 331.8 330.6 327.6 328.5 335.7 344.7 343.2 348.7 350.5 353.2 355.5 366.7 362.5 362.2 363.8 368.4 372.1 374.6 371.8 373.3 373.6 371.5 369.4 368.8 369.6 368.2 366.5 366.4 366.5 369.1 365.8 364 359.8 360.8 357.7 358.2 358.7 362.6 366 364.8 362 363.3 365.9 369.8 372.5 372.9 369.6 370.5 373.4 375.1 375.9 380.2 386.8 395.9 394.9 398.3 399.3 402.7 407 410.8 414.6 414.4 417.1 418.8 416.4 418.3 419 419 418.4 419.2 419.5 420 413.4 408.7 404.7 401.8
336.1 332.6 329.6 331.7 331.3 335.8 347.8 350.5 345.1 348.4 354.9 357.9 362.5 366.6 367.7 366.7 368.4 372.8 377.3 376.4 374.7 376.7 376 375.9 376.2 374.6 372.3 371.2 369.6 367.1 366.3 369.1 367.3 363.3 370.7 373.8 367.1 365.8 365.4 367.5 368.7 369.7 369.9 370.9 373.7 375 372.7 374.3 373.3 375.3 377.4 381.3 384 389.2 394.1 398.2 405.7 409.2 407.1 410.3 417.3 418.3 422 425.1 427.4 428.9 426 426.3 429.2 428.1 426 427.3 427.8 424.8 420.4 418 412.3 406.9
334.4 331.4 331.3 332.5 335.1 340.3 347.9 351.1 349.9 357.4 361.1 361.5 365.3 366.6 368.8 371 372.4 379.2 380.6 379.8 379.3 380.8 380.3 377.9 377.5 377 377.2 375.9 374.6 372.8 372.8 369.5 367.8 366.9 366.5 367.9 370.9 371 371.5 371.5 370.8 370.9 369.9 369.5 368.8 370.7 373.6 375.9 378.1 380.7 383.6 386.8 395.2 400.7 396.7 407.3 409 409.8 410.9 417.9 424.9 423.9 427.2 431.1 431.8 430.8 431.3 432.4 436.8 437.1 434.5 433.4 432.1 427.5 423.4 418.9 416 413.1
333.4 333.6 332.9 337.8 345.2 344.9 345.3 348.6 354.3 357.2 362.4 365.9 368.6 370.3 374.2 372.7 378.7 384.8 385.8 383.9 383.3 386.6 386.5 387.6 381.1 381.1 380.8 382.5 379 375.5 376.8 373.9 372.1 370.9 373.6 373.2 383.8 375 372.6 373.5 374.2 373.6 376.4 374.5 374.6 375.2 378.6 379.4 383 386.2 388.4 398.3 395.1 402.7 403.8 409.9 411.9 413.7 418.3 425.4 429.9 429.4 432.8 433.8 435.9 437.9 442.6 442.5 442.4 443 440.8 438.5 436.3 433.7 430.2 425.4 421.1 416.1
334 334.4 337.3 341.3 344.3 345.3 348.9 351.9 358.1 362.8 364.3 366.5 371.1 373.2 375.2 378.1 382.1 386.7 386.3 386.8 387.5 388.1 387.3 387.1 385.2 384 383.5 382.1 382.4 380.5 378.6 378.3 376.7 376 375.3 375.8 377.2 376.8 375.3 377.7 378 378.7 380 380.9 380.1 381.8 382.6 382.6 384.6 386.9 391.2 396.3 405.5 404.2 409 413.9 417.1 418 426 432.7 437.1 438.2 437 439.8 441.6 444.4 447.7 445.6 447.5 449.9 446.9 447.6 444.3 439.6 435.4 430.4 426.5 420.1
338.8 338.5 336.5 339.3 341.1 346.7 355.3 358.8 359.9 365.1 367.6 368.5 372.4 376.7 383.4 381.1 388.2 387.5 389.7 390.9 392 390.8 389.8 389.2 388.4 389.2 389.4 387.3 385.5 386.2 383.7 382.6 378.6 377.1 378.6 379.6 378.8 381.4 378.6 381.3 382.8 379.6 383.6 381.7 382.3 383.5 387.1 390 388 390.9 394 398.5 405.2 407 412.6 417.3 420.4 422.5 429.8 437.8 441.9 442 442.4 446.6 448.7 449.4 451 450.1 451.1 453.8 455 450.6 448.4 445.5 439.8 437.1 433.2 426.1
340.9 338.6 339.9 342.7 344.3 349.7 358.7 361.3 363.2 367.3 370.3 372.5 372.7 377.3 380 387.4 391.8 395.5 393.6 393.5 397.9 398.4 393.9 394.6 395.2 395.1 393.2 391.5 388.5 386.3 385.8 384.1 383.5 384.1 384.4 384.4 385.2 382.5 382.1 384.5 385 384.5 383.1 383.9 386.5 385.5 390 392 393 396.4 401.3 410.8 410.7 411.7 417.6 420.8 425.1 433.9 440.8 442.2 443 448.5 451 451 453.3 455.4 459.5 457.9 457.2 457 458.5 459.7 453.4 447.9 445.5 442.2 435.7 430.5
343.2 339.8 343.6 345.8 348.8 358.5 360.4 364.1 367.6 370.7 378.9 374.2 375.7 379.2 388.3 394 396.2 397.3 397.5 397.8 398.1 399.2 399.5 400.6 400.3 396.8 394.9 391.7 389 388.6 388 388.4 387.3 386.3 389.5 387.9 389 385.2 385.6 389.2 384.1 386.7 387.9 388.8 390.2 390.2 392.3 396.1 399 401.9 406.3 413.1 419.7 416.6 422.1 426 429.4 435.4 444.6 445 450.7 453.1 451.9 455.1 459.2 459.4 461.2 465.5 464.2 463.9 465.8 463.7 459.5 452.6 446.9 443.7 443.4 438.1
345.3 339.9 345.1 347.3 355.2 362.2 362.7 368.3 373.2 379.2 383.5 379.9 380.8 390.3 396.4 400 402.8 401.2 400.8 400.5 400.4 402 402.1 403.9 400.8 398.1 397.1 395.5 393.5 393 394.1 395.7 392.4 390.9 393 393.4 391.5 387.8 387.8 388.4 386.1 389.5 394.3 391.5 396.6 395.1 399.1 401 404.9 407.9 410.8 417 426 423.8 427.7 437.1 437.4 440.7 447.7 451.7 455.4 456.6 457.2 459.6 461.7 463.6 469.8 470.3 471.4 470.2 469.9 465.3 459.6 455.1 452.9 451.7 445.8 437.6
340.2 343.9 348 354.7 361.8 365.5 367.1 370.2 374.6 378.8 382.2 385.2 385.4 391.2 396.2 402.8 406 408.9 403.8 404.8 406.3 407.1 407 407.6 407.3 403 401.5 398.4 400.3 399.9 400.1 398.3 395 396 395.9 396.4 394 392.1 392.2 388.4 388.6 397.8 397.8 396.6 399.4 403.9 408.1 408.4 411 413.2 418.1 423 430 434 434 444 450 451 454.2 456 459.1 463.3 464.9 465.2 466.5 468.4 475.3 475.8 475.4 475.5 472.1 470.6 470.3 466.9 462.3 455.4 448.3 443.8
343.9 346.5 349.1 357.7 359.4 364.1 371.2 373.3 377.1 382.4 388.3 385.1 391.9 399.6 408.3 409.2 413.9 412.6 411.1 412.8 412.2 412.6 410.4 413.5 411.1 408.3 404.6 403 403.7 404 401.6 399.5 396.4 398.2 399.4 398.9 397.8 395.6 392.7 393.3 394.2 395.5 399.6 401.7 406.8 416.1 412.3 413.4 414.9 420.4 422.5 426.7 430.8 433.1 440.2 451.2 453.2 457.8 460.3 461.9 463.9 468.8 472.6 473.8 474.4 478.2 479.9 482.5 481.1 482.3 479.7 477.8 474 473.6 468.3 459.2 454.3 451.6
350.1 351.9 351.9 359.8 363.2 370.3 378.5 378.7 382.8 392.6 396.3 390.7 397 404 409.1 415.1 416.9 414.8 417.7 418.3 418.2 415 419.2 417.5 416.9 411.5 406.8 405 404.1 403.8 403.2 400.4 400.3 402.8 404.3 403.1 402.2 400.9 395.6 399 399.7 402.1 404.7 410.1 420.3 419.5 417.4 419.3 419.9 422.7 426.4 429.6 434.6 438.3 445 451.8 457 463.7 465.3 466.6 469.3 473.8 478.5 479.5 483.7 485.1 485.8 486.7 488.7 490.6 484.3 482.5 480.9 476 472 466.6 464.4 460.6
352.4 356.7 358.5 363.2 367.6 379.4 379.5 381.1 386.4 395 397.5 401 407.7 411.1 415.2 419.2 419.6 423 426.7 426.4 425.1 422 422.8 421.7 418.1 414.8 410.4 406.9 405.5 405.1 404.4 405.3 406.6 411.7 409.5 405.8 403.9 400.8 401.2 403.5 403.1 405 408.7 420.6 424.7 425.3 423.3 424.3 425 427.2 432 435.6 440.3 446 449.9 454.6 465.6 469.8 470.9 475.9 479.2 481.5 488.4 488.5 489.5 490.3 490.8 492.7 493.5 494.1 489.7 486.7 488.5 482.2 477.7 474 468.7 464
354.2 357.1 360.3 366.1 371.9 382.4 384.4 387.4 388.9 398.2 398.4 406.5 411.1 416.7 422.5 423.4 426.7 432 432.7 432.6 432.9 431.9 429 425.4 421.4 418 413.2 410.3 410.2 409.4 410.4 411.9 417 417.3 412.5 407.6 405.8 403.2 403.9 407.6 410.8 410.5 418.1 421.5 428.4 429.2 428.4 429.2 432.1 435.4 439.1 443.5 449.1 456.1 455.1 459.6 468.2 472.9 477.8 483.7 485.5 488.9 493.6 497.6 497.7 497.9 498.2 496.2 500.2 498.1 496.6 492.2 489.6 484.7 482.9 475.6 469 465.4
357.9 359.7 364.2 374.7 374.6 383.2 388.3 392.1 393.9 400.4 403.2 411.9 420.2 422.4 426.6 431.3 436 439.5 440.4 438 438.3 437.2 435 432.5 426.6 422.3 418.5 415.6 415.6 414.9 417.6 416.4 416.1 414.2 411.8 409.8 405.1 406.8 408.4 410.4 413 419.1 420.6 426.3 433.2 433.7 433.8 435.1 437.4 442.3 442.8 447.2 456.6 464.4 467 469.9 473.4 478.1 483.5 489.1 491.5 496.7 501.9 503.9 505 503.8 505.7 504.4 505.4 505.1 500.9 497 494 491.7 486.1 479.6 475.5 469.6
356.4 359.9 370.1 377.5 379.4 385 391.6 396.7 400.1 403.7 409.6 414.6 421.8 428.3 432.3 435.9 439.5 445 444.8 445.3 443.6 443.5 439.4 436 432.3 426.6 422.8 424.2 420.3 420.9 421.3 419.5 417 416 412.4 410.5 410.4 412 413.5 413 416.1 421.2 426.1 428 434.6 436.9 437.7 437.7 442.3 446.5 451.4 456.8 464.7 468.2 477.7 475.3 482.7 485.6 489.9 495.2 497.7 502 506.1 507.6 508.9 509.4 508.7 511.6 513.3 512.1 510.3 504.3 496.8 492.7 488.6 482.8 476.4 471.2
362.1 362.3 374.2 381.8 386.5 387.2 397.2 401 405.6 410.8 417.9 420.4 428.9 433.5 439.3 443.2 449.6 451.1 452.9 451.1 451.2 448.5 444.8 439.9 435.6 431.2 435.6 426.9 425.5 425.5 424 421.5 418.8 415.4 413.1 412.9 414.2 414.4 415.8 416.8 419 425.2 428.4 432.5 437.1 440.8 441.6 445.2 451.3 454.7 460 465.2 468.3 471.8 476.9 482.9 486.9 491.4 497.4 501.5 504.9 508.8 513.1 516.6 515.6 517.4 518.1 519.6 516.9 515.5 514.2 511 501.6 493.6 488.2 482.9 477.5 469.1
371.7 365.1 376.4 384.7 389.8 393.1 402.7 405 408.5 410.9 418.6 426.1 435.7 438 443.6 450.9 457.4 459 460.8 461.6 460.6 454.8 449.8 442.8 438.8 435.1 431.8 429.4 427.6 429.8 426.3 424.2 420.5 418.2 415.3 415.6 417.3 419.6 419.9 422.5 423.5 427.8 434.2 439 440.2 443.6 446.2 451.2 455.8 461.6 466.6 471.2 476.1 480.1 483.9 490.1 495.1 498.6 504.6 509.6 511.8 516.5 520.7 523 525.4 526.7 526.4 525.9 522.7 518.9 515.5 509 504.3 497.3 489.9 484.1 479.5 473.8
374.8 377.1 381.8 385.5 388.8 394.3 404.7 404.6 411.4 422.1 423.8 435.6 442.3 445.1 450.5 456.7 462.7 465.2 467.7 468 467.7 460.9 453.1 448.5 444.5 442.2 437.8 434.5 431.7 431.6 430.6 425.9 424.9 424 422.4 419.9 421.6 422.4 427.7 427.2 428.1 431.1 437 440.6 445.3 449.7 448.5 455.3 460.6 467.4 472.2 475.4 480.1 485.9 491.3 497.3 500.3 506 512.1 516.5 521.5 524.5 525.9 530.4 532.5 532.3 531.9 530.4 530.6 524.5 519.7 518.3 509.5 503.9 494.5 488.1 482.9 476.2
370.8 381.4 387.5 390 391.4 392.2 398.3 406.4 417.5 427.7 431.6 439 448 451.8 458.6 464.5 468.4 472.2 474.2 473.7 472.7 466.1 461.4 456.6 450.6 445.6 444.6 441.6 438.8 436.1 432.2 428.8 427.9 426.2 425.9 422.8 425.4 425.9 428.5 431 431.3 436 440 442.4 445.9 451.5 459.2 462.2 466.6 471.4 477.3 482.6 487.4 492.2 499.1 505.2 510.3 514.9 520 524.5 529.6 532 535 536.7 538 537.9 539.1 538.1 538.1 532.4 526.7 520.4 514.8 507.4 498.8 491.1 485.8 480.5
371.3 382.6 392.3 389.7 387.8 393.7 404.4 411.5 424 432.2 439.7 446.1 454.5 461.1 467.4 473 475.4 478.8 480.5 483.4 477.9 473 469 461.9 454.6 453.9 456.8 450.7 444.1 438.7 436.4 433.1 431.9 427.6 426.2 424.3 426.5 428.5 431.6 432.3 437.9 439.4 442.2 445.4 450.2 455.1 463.1 468 473.4 476.9 483.6 489 495.1 500.4 506.8 512.5 518.5 521.9 527.8 532.3 535.7 538.9 541.4 542.5 543.3 544.4 544 541.7 540.1 536.6 527.7 522.4 518.8 508.9 500.4 495.8 488.9 484.4
376.1 387.7 385.2 384.7 391.7 399.8 408.7 419.5 428.5 436.1 444.5 452.4 462 466.9 475 481.6 484.1 487.8 490.3 490.8 487.5 482.7 475.9 468.9 462.9 457 453.4 446.2 442.7 440.3 437.5 434.6 432.8 430.2 426.5 425.5 427.4 428.7 434.7 436.8 438.4 440.1 444.6 449.9 459.1 461.8 470.6 476.3 480.4 485.6 490.1 495.7 501.5 508.4 512.9 519.7 524.6 529.6 535 538.8 543.6 544.7 547.1 548.1 549.2 548.3 547.6 543.3 541.1 537.9 530.3 524.2 517.9 511 504.1 497.5 491.6 486
381.1 383.3 383.8 391 398.1 408.5 416.3 427.2 436.8 443.8 451.9 462.7 471.5 477.5 483.6 489.3 492.9 497.7 500.7 503.3 496.4 489.6 482.6 473.1 471.4 461.9 453.4 445 440.1 438.2 436.2 433.8 432.2 429.9 427.9 426.9 430.7 430.5 435.8 437.9 441.6 444 450 454.3 464.2 468.4 475.6 480.6 486.9 492.1 496.9 502.8 508.6 515 520.4 525.9 531.4 536.8 542 545.9 548.8 550.9 553.7 554.7 554.7 550.8 546.7 545.8 541.6 536.6 532.2 528.3 522.1 514.2 508.2 500.1 492.4 489
377.6 384.1 391.1 400.3 409.3 417.8 425.7 437.7 443.6 454.2 460.7 472.1 479.4 487.3 492.9 497.6 502.7 508.3 515.7 513.6 505.8 496.3 485.2 476.3 472.1 457.2 447.7 442.9 438.3 435.4 433.4 432.3 430.9 433.2 431.7 428.3 431.2 435.7 436.5 443.3 444.7 448 453.8 459.6 470.9 474.4 482.9 488 494.9 500 505.5 511.7 516 522 527.9 533.7 537.7 543.5 547.7 551.1 555.5 557.8 558.8 559.3 555.1 552.8 551.2 547 542 535.4 533.2 528.1 523.2 515.9 506.7 499.6 494.1 491.9
383 391.2 401 410.6 419.7 427.5 437.8 445.6 454.5 462 470 478.8 489.3 496.8 504.2 508.7 513.9 520.7 523.8 520.6 513.7 499.4 492.3 481.2 464.1 455.2 452.9 445 442.9 438.6 435.9 434.2 432.8 434.2 432.8 430.1 432.7 439.8 438.2 444.4 448.4 453.3 463.9 466.3 475.1 479.9 489.1 495.3 500.8 506.3 512.5 518.7 524.1 529 534.8 541 545 550.5 554.8 559.5 563.2 564.8 563.6 560.4 557.1 553.7 551.4 546.4 538.9 533.4 531.3 528.3 521.7 515.2 506.5 501 497.1 491.6
390.6 400.4 410.7 419.7 427.1 434.7 448.8 457.1 465.6 470.9 481.5 490.8 499.3 508.8 516.2 527.4 532.5 529 530.1 528.5 512.2 496.4 489.5 479.1 466.8 455.3 453.2 448.2 444 441.3 439.1 434 431.8 432.6 433.3 433.5 436.2 443.3 447.8 448.4 451.7 459.1 467.9 474.4 478.3 486.5 494.5 500.6 506.6 512.8 519 524.7 531.4 536.1 541.5 547.5 552.4 557.2 561.2 566.2 568.4 568.3 568.4 565.2 561.9 555.5 548.7 541 533.4 528.2 528.2 521.4 517.8 511.8 506 501.1 495.8 490.9
400.2 409.1 420 427.2 435 445.1 457.2 466.6 476.4 484.8 493 502.7 515.6 524.9 533.8 539.4 537.7 534.8 535.4 528.7 508.9 495.8 481.5 470.7 461.7 456.5 454.5 449 446.6 441.8 437.2 435.2 434.3 433.5 436.9 437.3 440.6 449.7 452.1 454.8 461.2 466.9 474.2 480.6 487.1 493.4 500.1 507 513.5 519.8 525.2 532.6 538.9 543 548.5 552.8 557.6 563.7 568.2 572.1 573.6 575 574.7 570.5 562.6 557.7 549.9 539.8 531.5 528.3 526.5 524.3 515 512.8 506.9 502.3 497.3 493.3
408.4 419.2 425.9 437 446.7 456.4 466.7 476.9 489.1 495.8 505.3 518.4 527.2 537.7 540.2 544.9 539.6 539.9 534.9 521 505.6 489.7 477.2 471 461.3 459.8 456 449.6 447.4 442.2 440.3 437.8 438.3 438.5 440.2 442 447 450.5 457.4 458.6 466 472.6 477.6 484.9 491.3 497.9 505.7 512.9 520.3 525.7 532.3 538.5 543.6 549.4 554.7 559.9 565.2 571.1 575.9 579.6 581.4 584.6 581 573.1 564.9 556.6 550.1 543.8 533.9 528.6 526.7 523.4 514.6 513.1 509 505.3 500.1 497.4
418.1 431.1 438 447 459.2 472 478.2 489.6 501.2 510.2 520.7 531 540.6 548.3 548.6 546.2 545.6 538.2 528.4 514.4 497.9 486.4 478.6 469.1 463.9 460.7 457.8 452.3 447.7 444.6 442.7 441.7 442.4 443.8 446.2 450.4 451.5 455.9 461.8 464.1 471.8 478.9 482.7 489.4 498.1 504 509.7 519.3 525.8 532.5 537.8 544.4 548.7 554.1 559.5 566.6 572.7 578.1 582.3 587.5 591.5 593.5 583.9 574.8 563 562.7 552.5 545.4 534.9 529.7 526.4 524.3 519.7 513.5 511.1 504.3 499.9 500.5
428.9 438.2 450.7 460.9 471 478.5 489.7 501.9 513 523.1 535.6 543.9 550.3 551.3 549.1 548.1 539 532.8 518.7 507.4 496.2 485.5 476.6 468.1 465.5 460.2 458.2 454 450.1 447.5 446.3 446.4 447.4 449.4 452.6 453.3 457.9 461.3 466.3 469.3 476.8 482.8 487.2 496.9 502.4 508.7 516.5 524.9 532.2 537.2 542.3 548.4 553.9 559.4 566 573 578.6 583.5 589.5 594.3 598.1 597 590.3 577.7 568.2 563.5 553.1 543.9 535 527.4 523.1 517.1 515.5 515.9 510 506.4 504.3 503
439.9 451.4 460.9 472.2 480.7 491.9 503.7 516.4 525.6 537.8 547.5 553.3 555.8 552.7 548.1 546.2 538.8 525 514 502.1 490.9 482.2 475.5 470.6 464.9 463.6 461.1 455.7 452.2 451.1 451.4 450.3 452.7 453.1 455.1 458.8 463.8 468.5 468.8 475.8 482.3 487.8 495.2 500.1 508.5 516.1 522.9 530.3 535.9 541.9 547.7 553.6 560.5 566.5 573.4 579.5 584.3 590.4 595.8 600 602.4 597.9 585.2 575.5 568.8 559.5 551 540 533.8 525 520.6 519.1 516 515.1 515.5 511.3 509.1 509.6
