UK/data/nr/nr56_OST50GRID_20230518/NR56.asc
ncols 200
nrows 200
xllcorner 150000
yllcorner 660000
cellsize 50
[rows 38 to 75 of 200, columns 0 to 84 of 200]
382.9 376 376.2 383.8 398.1 393.3 385.9 360.9 346.6 335.5 314.9 296.5 293.9 293.6 299.6 291.7 280 273 262.5 251.3 244.4 247.1 245 245.8 236.8 215.5 189.5 175 170.8 165.9 158.7 153.1 149.8 145 142.3 136.5 121 111.2 98.1 86.7 79.7 74.1 68 58.9 61 60.4 57.8 58.9 56.5 59.7 49.5 38.9 25 21.8 19.6 16.1 10.2 5.2 4.6 1.2 -0.1 -0.1 -0.1 -0.1 -0.1 -0.1 -0.1 -0.1 -0.1 -0.1 -0.1 -0.1 -0.1 -0.1 -0.1 -0.1 -0.1 -0.1 -0.1 -0.1 -0.1 -0.1 -0.1 -0.1 -0.1
388.3 381.9 392.2 399.8 398.9 390.3 376.2 351.5 335.5 313.7 299.3 293.3 290.2 294.9 288.2 280.4 275.7 266.9 254.5 243.2 239.6 241.1 247.1 239.6 227.6 202.3 187.8 178.8 173.4 166.7 157.3 153.7 149.3 142.7 135.8 126.8 117.4 107.1 93 82.6 77.3 73 64.5 71 70.2 72.3 69.8 68.2 70.5 60.7 51.9 42.9 29.1 22.8 18.7 13.8 8.3 4.8 2.3 -0.1 -0.1 -0.1 -0.1 -0.1 -0.1 -0.1 -0.1 -0.1 -0.1 -0.1 -0.1 -0.1 -0.1 -0.1 -0.1 -0.1 -0.1 -0.1 -0.1 -0.1 -0.1 -0.1 -0.1 -0.1 -0.1
389.4 401.2 402.7 398 383.9 375.9 359.8 335.1 316.4 303.9 295 290.7 289.1 288.5 278.6 275.3 266.5 257.8 247.9 239.8 240.6 240.2 237.8 226.7 214.3 203.3 190.7 183.5 174.6 164.9 158.9 155 146.3 141.5 132.4 122.3 112.4 100.5 89.1 81 78 78.3 80.3 79.7 76.3 75.7 75.1 79.1 71 63 54.8 46.9 36 24.8 17.3 12.1 6.8 4.2 1.6 -0.1 -0.1 -0.1 -0.1 -0.1 -0.1 -0.1 -0.1 -0.1 -0.1 -0.1 -0.1 -0.1 -0.1 -0.1 -0.1 -0.1 -0.1 -0.1 -0.1 -0.1 -0.1 -0.1 -0.1 -0.1 -0.1
397.9 399.9 386.8 387.5 368.4 358.9 333.4 317.4 306 299.6 288.8 285 286.1 277.6 271.4 266.6 259.9 252.7 241.7 241 239.3 238.9 234.6 226.6 217.2 203.7 192.3 181.8 177.4 171.7 159.3 150 148.1 138 129.8 118.9 107.7 97.8 84.4 84 82.8 84.1 85.3 84.1 83.6 81.3 87.3 84.8 75.7 65.4 57.8 49.8 38.1 25.5 18.2 11.6 7.3 4 0.9 -0.1 -0.1 -0.1 -0.1 -0.1 -0.1 -0.1 -0.1 -0.1 -0.1 -0.1 -0.1 -0.1 -0.1 -0.1 -0.1 -0.1 -0.1 -0.1 -0.1 -0.1 -0.1 -0.1 -0.1 -0.1 -0.1
391.8 379.1 369.3 363.6 357.5 335.3 318.1 302.8 294.6 289.5 283.8 284.2 280.3 272.2 269.7 261.3 256.4 243.7 240.7 240 241.3 237.5 235.4 228.7 221 204.9 197.1 189.3 180.7 173.2 168.4 159.1 148.2 137.3 126 115.6 104.2 90 92.3 88.1 88 89.8 90.2 86.8 88.8 92.8 90.8 84.9 80.6 68 60.5 52.2 37.8 24.5 17.7 10.9 5.7 2 -0.1 -0.1 -0.1 -0.1 -0.1 -0.1 -0.1 -0.1 -0.1 -0.1 -0.1 -0.1 -0.1 -0.1 -0.1 -0.1 -0.1 -0.1 -0.1 -0.1 -0.1 -0.1 -0.1 -0.1 -0.1 -0.1 -0.1
367.1 368.2 362.8 358.2 344.8 325 309.9 295.1 291.6 285.6 283.2 281.4 275.3 266.4 262.4 254.7 248.7 241.5 245.6 250.8 239.9 241 238.3 231.4 218.7 204.6 196.6 194.4 192.1 180.6 171.7 157.1 145.9 136 124.6 113.6 97.3 93.4 92.6 90.3 96.3 98 91.7 91.4 93.4 99.3 93.5 87 77.6 69.8 60.5 49.2 38.8 24.2 17.2 9.9 4.3 0.8 -0.1 -0.1 -0.1 -0.1 -0.1 -0.1 -0.1 -0.1 -0.1 -0.1 -0.1 -0.1 -0.1 -0.1 -0.1 -0.1 -0.1 -0.1 -0.1 -0.1 -0.1 -0.1 6.6 3 -0.1 -0.1 -0.1
355.3 356.7 361.4 354.1 335.2 320.6 303.6 297.4 290.7 285.8 283.9 277.8 272.6 265.7 257.7 252.7 245.8 245.2 259.3 249 244.6 247.5 238.5 231.8 215.3 203.4 194.1 186.8 181.2 175.3 167.9 156.8 143.7 131.6 124.1 108.2 98.1 96.8 94.2 94.4 99.2 96.7 93 93.6 96.5 95.6 91.8 85.4 78.9 69.9 58.9 48 36.5 24.1 16.8 9.4 3.6 0.5 -0.1 -0.1 -0.1 -0.1 -0.1 -0.1 -0.1 -0.1 -0.1 -0.1 -0.1 -0.1 -0.1 -0.1 -0.1 -0.1 -0.1 -0.1 -0.1 -0.1 8.1 16.3 14.8 -0.1 -0.1 -0.1 -0.1
350.4 352.2 348 342.6 330.1 311 303.6 297 285.5 280.1 277.4 272.7 276.5 266 258.1 251.7 248 255.8 259.3 252.4 250.2 242.6 233.9 222.5 213.2 207.1 192.4 180.4 172.8 168.7 160.6 148.8 137.4 129.3 122.5 108.4 99.5 97.5 97.4 97.5 97.2 94.9 93.8 94.5 96.3 94 90.3 85.3 78 66.8 55.1 46.4 35.1 25 17.6 5.6 1 -0.1 -0.1 -0.1 -0.1 -0.1 -0.1 -0.1 -0.1 -0.1 -0.1 -0.1 -0.1 -0.1 -0.1 -0.1 -0.1 -0.1 -0.1 -0.1 0.7 4.7 15.5 16.5 -0.1 -0.1 -0.1 -0.1 -0.1
347.7 341.6 331.2 324.5 314.5 305 299.7 290.3 281.5 276.9 270.1 267.5 270.9 269.3 258.5 251.3 247.7 263.2 257 252.9 246.9 231 225.2 218.3 217.9 209.8 197.9 184.9 173.9 159.6 148.1 140 133.6 127.3 119.8 109.7 101.4 101.2 101.7 97.5 96.3 95.5 94.7 98.3 97.2 91.6 88.5 91.5 76.1 63.6 54.3 45.5 36.2 23.9 17.3 6.6 0.7 -0.1 -0.1 -0.1 -0.1 -0.1 -0.1 -0.1 -0.1 -0.1 -0.1 -0.1 -0.1 -0.1 -0.1 -0.1 -0.1 -0.1 -0.1 -0.1 3.6 14.4 15.2 7.6 -0.1 -0.1 -0.1 -0.1 -0.1
345.8 328.3 318 307.3 298.7 298.9 294.8 284.8 280.3 274.4 270.5 266.5 264.8 264.3 253.1 251.2 258.5 257.1 252 240.2 232.8 220 214.6 213.7 211.9 203.2 194.4 181.3 167.8 152.8 140.9 134.3 129.3 124.2 116.3 108.4 104.7 103.8 99.4 97.3 95.3 94.1 95.4 99.4 95.9 91.3 99.4 88 72.9 60.1 53.2 45.1 30.8 21.2 15.3 3.3 -0.1 -0.1 -0.1 -0.1 -0.1 -0.1 -0.1 -0.1 -0.1 -0.1 -0.1 -0.1 -0.1 -0.1 -0.1 -0.1 -0.1 -0.1 -0.1 -0.1 13.3 13.4 13.6 -0.1 -0.1 -0.1 -0.1 -0.1 -0.1
329.4 315.3 299.4 293.6 290.4 288.4 285.5 280.3 278.8 274.3 269.4 263.5 261.5 251.9 244.3 249.1 252.3 239.8 238.7 230.5 223.5 213.6 204.5 200.8 199.1 193 185.3 169.8 160.9 148.9 136.3 131.3 125.8 120.4 115.1 109.1 106.1 103.8 99.9 97.7 95.3 93.2 95.7 94.6 93.6 101.4 97.4 82.9 68.9 57 51.4 41.6 30.3 20.4 6.9 0.9 -0.1 -0.1 -0.1 -0.1 -0.1 -0.1 -0.1 -0.1 -0.1 -0.1 -0.1 -0.1 -0.1 -0.1 -0.1 -0.1 -0.1 -0.1 -0.1 4.7 13.8 12.1 6.2 -0.1 -0.1 -0.1 -0.1 -0.1 -0.1
312.4 302.1 292.7 284.6 281.9 279.3 276 276.3 277.6 276 260.9 258.3 255.3 246 239.8 244 239.1 229.4 221.7 217.9 212.3 204 197.6 194.3 190.4 182.5 174.8 158.2 149.6 139.4 132.9 128.5 123.8 118.8 115.1 111.6 107.9 104.4 100.9 96 92.2 91.2 93.4 96.6 110.1 100.8 88.7 75.9 63.4 56 48.9 41.4 28.6 14.1 3.7 0.9 -0.1 -0.1 -0.1 -0.1 -0.1 -0.1 -0.1 -0.1 -0.1 -0.1 -0.1 -0.1 -0.1 -0.1 -0.1 -0.1 -0.1 -0.1 -0.1 15.6 13.4 7.3 -0.1 -0.1 -0.1 -0.1 -0.1 -0.1 -0.1
296.5 290.2 277.7 274.7 270.6 267.1 268.9 271.1 274.4 268.6 258.1 253.5 248.1 237.3 231.1 233.1 231.6 222.8 216.6 210.8 200.5 197 188.1 188.6 185.7 173.3 163.5 153.8 138.3 135.3 130.5 125.5 121.7 118.3 115.6 113 109.3 104.4 98.3 92.9 89 89.5 92 106.3 101.2 89.5 80.9 70.9 62 54.1 46.8 37.4 24.5 9.7 2.6 -0.1 -0.1 -0.1 -0.1 -0.1 -0.1 -0.1 -0.1 -0.1 -0.1 -0.1 -0.1 -0.1 -0.1 -0.1 -0.1 -0.1 -0.1 -0.1 15.4 21.7 8.6 3 -0.1 -0.1 -0.1 -0.1 -0.1 -0.1 -0.1
279.8 276.8 273.3 270.4 265.6 262.2 262.3 264.2 268.4 259.5 251.8 243.4 236.4 229.3 224.1 223.3 226.1 215.8 210.7 204.7 187.9 182.6 179.3 178.5 176.9 166.9 151.7 140.1 129.7 127.5 125.8 121.8 119.1 117.7 115.3 112.8 109.2 102 95.9 90.2 87.4 88.1 98.8 97.6 88.9 82.7 74 66.5 59.1 51.1 42.6 36.2 22.9 5.4 0.9 -0.1 -0.1 -0.1 -0.1 -0.1 -0.1 -0.1 -0.1 -0.1 -0.1 -0.1 -0.1 -0.1 -0.1 -0.1 -0.1 -0.1 -0.1 5.9 24.2 14 3.7 -0.1 -0.1 -0.1 -0.1 -0.1 -0.1 -0.1 -0.1
269.2 266.1 269.7 265.9 261.2 257.9 258.8 258.5 260.4 253.4 246.1 238 233.8 228.6 221.3 218.1 216.6 212.9 204.8 192.1 181.6 179 177.9 170.8 163.2 151 138.8 126.7 124.9 122.7 120.4 118.2 117.3 117.6 116.1 113.6 108.3 99 89.3 86.1 84.8 86.4 91 87.7 83.2 76 70.4 62.8 55.1 47.2 38.8 31.4 18.6 5.4 -0.1 -0.1 -0.1 -0.1 -0.1 -0.1 -0.1 -0.1 -0.1 -0.1 -0.1 -0.1 -0.1 -0.1 -0.1 -0.1 -0.1 -0.1 -0.1 6.9 18.4 5.2 -0.1 -0.1 -0.1 -0.1 -0.1 -0.1 -0.1 -0.1 -0.1
257.8 258.7 259 258.3 255.4 254.1 256.1 255.8 253.2 248.7 243.6 241.4 234.6 229.5 220.9 214 215.2 205.7 196.6 187.2 181.8 176.2 169 157.9 148.2 134.6 123 120.4 118.6 117.5 117.5 117.1 117.1 117.8 118.2 113.7 104.5 93 86 82.8 81.5 82.9 84.2 81.1 74.9 71.2 67.5 60.2 51.4 43.9 34.9 21.2 14.7 6.2 -0.1 -0.1 -0.1 -0.1 -0.1 -0.1 -0.1 -0.1 -0.1 -0.1 -0.1 -0.1 -0.1 -0.1 -0.1 -0.1 -0.1 -0.1 -0.1 13.9 12.3 -0.1 -0.1 -0.1 -0.1 -0.1 -0.1 -0.1 -0.1 -0.1 -0.1
245.2 248.3 249.4 250.9 250.8 253.9 256.1 255.2 253.5 248.5 245.6 242.5 239.2 232.6 220.3 214.1 213.6 199.8 187.8 182.7 180 171.4 161.2 145.1 135.3 123.3 117 114.8 114.5 114.8 115 115.2 116.7 118.4 118.9 106 96.3 87.6 84.2 80.5 78.1 79 80.6 71.5 69.7 69 61.8 54.8 48 39.8 24.8 17.7 15 5.2 -0.1 -0.1 -0.1 -0.1 -0.1 -0.1 -0.1 -0.1 -0.1 -0.1 -0.1 -0.1 -0.1 -0.1 -0.1 -0.1 -0.1 -0.1 -0.1 17.5 5.5 -0.1 -0.1 -0.1 -0.1 -0.1 -0.1 -0.1 -0.1 -0.1 -0.1
235.7 239.2 245.6 247.1 250.3 255.2 257.3 254.6 252.3 246.5 246 242.2 239.2 227.5 220.2 215.3 205.6 191.9 183.4 180.4 176.8 164.3 145.9 136.9 128.1 120.8 114.5 111.9 112.2 112.5 112.7 112.8 114.4 115.6 110.3 100.4 90.3 84.5 80.8 77.3 73.3 72.1 69.8 67.2 67.3 65.4 58.4 51 44.5 33.1 26 18.7 14 3.3 -0.1 -0.1 -0.1 -0.1 -0.1 -0.1 -0.1 -0.1 -0.1 -0.1 -0.1 -0.1 -0.1 -0.1 -0.1 -0.1 -0.1 -0.1 -0.1 12.9 0.6 -0.1 -0.1 -0.1 -0.1 -0.1 -0.1 -0.1 -0.1 -0.1 -0.1
234 234 235.6 239.4 246.7 256.1 258.4 255.7 252.8 248.8 243.7 239.9 236 225.3 216.3 211.2 201.3 186.3 183.4 173.3 167.3 150.3 138.7 132 123.7 115.8 112 108.9 109.9 110.1 110.5 110.5 111.3 112.5 103.8 95.9 83.5 80.2 76.9 73.6 69 74.5 67.3 64.7 64.8 62 54.7 46.8 37.2 30.3 24.6 19.5 12.7 2.8 -0.1 -0.1 -0.1 -0.1 -0.1 -0.1 -0.1 -0.1 -0.1 -0.1 -0.1 -0.1 -0.1 -0.1 -0.1 -0.1 -0.1 -0.1 5 1.3 -0.1 -0.1 -0.1 -0.1 -0.1 -0.1 -0.1 -0.1 -0.1 -0.1 -0.1
236.1 236.8 236.8 233.5 237.5 249.2 254 257.5 260.4 254.2 239.4 236.7 236.2 222.8 212.9 203.9 194.9 187 177.6 167.4 153.2 140.1 128.4 119.9 115.1 111.6 109.7 105.8 107.3 107.8 108.4 108.1 108.8 104.8 96.4 86 77 72.7 70.4 67.5 68 68 65.4 64 60.5 57.8 50.4 40.8 33 26.7 22.7 19.2 13.4 5.3 -0.1 -0.1 -0.1 -0.1 -0.1 -0.1 -0.1 -0.1 -0.1 -0.1 -0.1 -0.1 -0.1 -0.1 -0.1 -0.1 -0.1 -0.1 -0.1 -0.1 -0.1 -0.1 -0.1 -0.1 -0.1 -0.1 -0.1 -0.1 -0.1 -0.1 -0.1
253.6 242.9 240.5 238.7 231.9 243.1 248.9 245.8 242.2 239.4 235.2 232.2 228.1 220.8 209.7 189.7 186.8 182.2 175.2 160.9 144.9 134.9 131.6 129.7 125 114.9 108.3 104.5 104.7 105.5 106.7 104.7 103.3 99.7 86.2 77.1 69.5 65.8 64.9 64 69.9 64.9 63.1 58.3 57.7 54.7 46.6 37.6 28.7 19.9 14.9 14.4 11.8 5.2 -0.1 -0.1 -0.1 -0.1 -0.1 -0.1 -0.1 -0.1 -0.1 -0.1 -0.1 -0.1 -0.1 -0.1 -0.1 -0.1 -0.1 0.9 -0.1 -0.1 -0.1 -0.1 -0.1 -0.1 -0.1 -0.1 -0.1 -0.1 -0.1 -0.1 -0.1
261.4 253 242.5 240.8 230.6 229.5 238.2 235.7 230.6 229.3 226 222.2 216.5 208.9 187.3 183.3 183.1 177.7 164.4 154.4 152.4 145.8 136.9 131.2 123.8 113.4 110 106.7 102 101.9 102.1 100.1 96.5 89.8 78.1 67.5 61.8 62.5 62.5 65.1 64.8 64.1 62.4 56.2 53.7 49.5 42.9 32.7 28.2 24.6 21.6 17.4 11.5 9.2 3.9 -0.1 -0.1 -0.1 -0.1 -0.1 -0.1 -0.1 -0.1 -0.1 -0.1 -0.1 -0.1 -0.1 -0.1 -0.1 -0.1 -0.1 -0.1 -0.1 -0.1 -0.1 -0.1 -0.1 -0.1 -0.1 -0.1 -0.1 -0.1 -0.1 -0.1
260.7 252.4 242.6 239.2 234.8 226.3 228 226.2 223.8 213.5 208.7 209.6 197.7 181 177 177 173.9 164.7 166.5 164 154.8 148 139.5 129.8 118.2 114.4 111 111.6 105.2 101.6 93.4 94.9 91.2 84.2 68.1 60.8 60.8 60.8 60.8 62.5 63 61.7 60.7 54 53.9 45 29.7 36.1 32.9 32 33.3 20.9 15.7 11.8 8.3 3.3 1.3 2.3 -0.1 -0.1 -0.1 -0.1 -0.1 -0.1 -0.1 -0.1 -0.1 -0.1 -0.1 -0.1 -0.1 -0.1 -0.1 -0.1 -0.1 -0.1 -0.1 -0.1 -0.1 -0.1 -0.1 -0.1 -0.1 -0.1 -0.1
262.8 257.6 248.3 239.2 232.1 232.9 233.2 202.9 210.6 207 197.8 197 184.5 177.7 175.2 171.9 171.4 175.1 171.7 162 154.8 147.3 135.9 125.5 119.6 116.1 116.2 109.6 104 100.8 95.9 90.8 86.4 72.8 60.8 60.8 60.8 60.8 60.5 60.2 60.8 61 55.2 52 42.1 33 43 40.2 39.9 44.7 36.6 28.9 22.2 13.7 5.7 8.9 4.4 4.5 2.2 -0.1 -0.1 -0.1 -0.1 -0.1 -0.1 -0.1 -0.1 -0.1 -0.1 -0.1 -0.1 -0.1 -0.1 -0.1 -0.1 -0.1 -0.1 -0.1 -0.1 -0.1 -0.1 -0.1 -0.1 -0.1 -0.1
267.5 262.2 243.5 240.5 237.5 235.2 221.5 202.5 183.8 189.6 184.8 182.1 181.4 176 172.9 174.5 173.6 171.8 166.9 160.4 151.1 140.7 129.8 125.6 121.3 121.2 115.7 103.8 101 96.8 91.6 86.9 69.5 63.5 60.8 60.8 60.8 62 61.7 62 59.8 57.9 52 44.9 40.2 47.5 47.4 46.9 51.8 45.6 40.4 31.9 21.5 11.3 17.6 16.7 15.4 16.1 3 -0.1 -0.1 -0.1 -0.1 -0.1 -0.1 -0.1 -0.1 -0.1 -0.1 -0.1 -0.1 -0.1 -0.1 -0.1 -0.1 -0.1 -0.1 -0.1 -0.1 -0.1 -0.1 -0.1 -0.1 -0.1 -0.1
260.5 247.2 243.5 242 235.7 229.7 209.4 193.8 182.9 178.5 171.6 161.2 164.8 169.3 170.5 169.6 166.9 163.9 159.9 152.3 142.8 130.9 126.2 123.5 122 118.1 106 100.3 97.2 91.9 85.1 75.8 66 63.6 61.4 60.9 64.8 63.7 65 62.3 57.7 50 48.6 37.8 53.9 57.6 51.2 56.2 53 48.3 41.7 31.6 21.7 21.6 24.7 24.7 25.1 21.9 7.6 -0.1 -0.1 -0.1 -0.1 -0.1 -0.1 -0.1 -0.1 -0.1 -0.1 -0.1 -0.1 -0.1 -0.1 -0.1 -0.1 -0.1 -0.1 -0.1 -0.1 -0.1 -0.1 -0.1 -0.1 -0.1 -0.1
249.4 247.5 244.8 242.8 230.2 219.9 205.7 197.9 189.2 183.5 175.7 167.3 148.3 137.5 159.3 158.5 157 153.4 148.4 144.6 135.9 128.9 124.6 120.8 116.2 107.8 99.5 95.5 91.8 85.6 75.2 67.1 66 64.4 63.4 65.5 64.9 63.9 63.8 60.2 61.7 54.3 44 51.6 58.2 57.9 52.5 56.8 52 46.3 40.6 31.1 19.6 29.6 32.4 33.6 31.7 23.9 11.2 -0.1 -0.1 -0.1 -0.1 -0.1 -0.1 -0.1 -0.1 -0.1 -0.1 -0.1 -0.1 -0.1 -0.1 -0.1 -0.1 -0.1 -0.1 -0.1 -0.1 -0.1 -0.1 -0.1 -0.1 -0.1 -0.1
253.2 248.6 241.4 233.1 223.3 210.3 204.5 197.1 192.6 185.7 177.9 166.5 155.6 138 134.6 143.9 145.2 142.3 143 135.9 126.4 124.5 120.8 114.1 105.9 100.9 94.6 90.5 85.3 76.4 67.5 66.6 65.9 64.8 65.4 65.3 64 63.1 61.7 59.9 60.1 51.4 51 56.7 57.6 55.3 55.2 54.8 50.3 44.9 39.6 30.5 24.9 38.3 42.5 44 35.1 28.4 19.6 5.1 1.6 1.1 2.8 -0.1 -0.1 -0.1 -0.1 -0.1 -0.1 -0.1 -0.1 -0.1 -0.1 -0.1 -0.1 -0.1 -0.1 -0.1 -0.1 -0.1 -0.1 -0.1 -0.1 -0.1 -0.1
255.7 243.9 238.9 225 210.6 203.7 199.2 194.2 187.8 180.8 173.9 166 157.3 145.5 128.5 136.3 136.9 131.9 133.6 126.8 121.8 119.2 113.4 105.4 99.2 94.4 89.7 83.2 75.8 68.7 66.9 65.6 65.5 65.5 65.5 63.4 62.2 61.6 60.6 59.4 56.2 48.7 53.8 57 55.8 55.2 55.4 51.5 48.1 46.8 38.6 31.3 36.4 45 46.4 43.3 41.2 36.7 33.5 18.5 12.7 11.2 -0.1 -0.1 -0.1 -0.1 -0.1 -0.1 -0.1 -0.1 -0.1 -0.1 -0.1 -0.1 -0.1 -0.1 -0.1 -0.1 -0.1 -0.1 -0.1 -0.1 -0.1 -0.1 -0.1
248.8 233.5 225.7 213.7 207.2 201.4 197 192.3 188 184.4 176.8 167.3 157.4 149.2 140.7 113.9 131 126.6 122.3 114 115 111.1 104.3 98.8 94 88.1 82.1 74.5 67.1 65.4 65.6 65.3 65.3 65.2 64.4 61.5 60.3 59.6 59.4 57.2 51.5 52.5 54.8 55.6 54.4 54.5 54.1 50.3 50.2 49.6 39.5 27.3 45.4 49.8 50 48.7 47.7 42.7 41.6 38.2 26 19 -0.1 -0.1 -0.1 -0.1 -0.1 -0.1 -0.1 -0.1 -0.1 -0.1 -0.1 -0.1 -0.1 -0.1 -0.1 -0.1 -0.1 -0.1 -0.1 -0.1 -0.1 -0.1 -0.1
234.4 224.9 217.6 212.4 207.6 201.7 197.6 195.6 190.1 182.8 172.6 167 155.3 143.4 136.7 128.7 103.1 119.3 116.4 110.5 105.1 103.5 97.9 92.9 86.1 79.6 73.4 68 65.8 64.2 63.6 63.5 64.9 65.2 62 59.9 58.8 58.8 58.4 53 51.7 52.1 53.8 54.3 53.2 52.9 52.1 51.8 51.4 45.4 37.3 39.7 49.7 51.2 53 53.8 51.7 50.8 50.8 55.2 27.2 9.6 -0.1 -0.1 -0.1 -0.1 -0.1 -0.1 -0.1 -0.1 -0.1 -0.1 -0.1 -0.1 -0.1 -0.1 -0.1 -0.1 -0.1 -0.1 -0.1 -0.1 -0.1 -0.1 -0.1
231.1 222.8 220.3 220.8 209.1 205.2 201.8 191.5 181.6 177.2 170.3 161.9 153.1 142.9 135 127.8 120 100.3 99.4 94.1 99.5 97.2 91.7 86 78 73.3 68.1 66.3 65.7 65.3 63 61.6 63.6 62.2 59.6 58.5 58 57.7 54.5 53.1 53.8 52.9 53.9 53.4 52.3 51.2 50.4 50.4 49.2 38.2 40.1 49.3 53.3 55.7 55.9 54.4 52.8 55.1 50.2 40.5 23.5 9 -0.1 -0.1 -0.1 -0.1 -0.1 -0.1 -0.1 -0.1 -0.1 -0.1 -0.1 -0.1 -0.1 -0.1 -0.1 -0.1 -0.1 -0.1 -0.1 -0.1 -0.1 -0.1 -0.1
240.1 226.6 226.8 222.8 211.8 201.8 190.4 183.6 180.7 174.4 166.3 159.6 151.1 141 132.4 126.3 119.1 112.7 106.5 99.2 92.4 88.3 84.3 78.4 71.6 70.2 67.4 66.8 65.7 64.3 62.7 61.5 60.3 59.4 57.6 57.7 55.6 55.1 53.9 54.4 54.4 53.2 52.8 52.4 51.6 50.7 49.7 47.7 44.2 39.3 49.7 53 56.4 58.2 58.6 57.6 52.4 52.9 44 32.8 26.3 21.6 11.7 -0.1 -0.1 -0.1 -0.1 -0.1 -0.1 -0.1 -0.1 -0.1 -0.1 -0.1 -0.1 -0.1 -0.1 -0.1 -0.1 -0.1 -0.1 -0.1 -0.1 -0.1 -0.1
242.8 231 223.9 216.5 211.3 205.4 194.1 183.4 176 169.7 163.5 153.9 144.4 138.3 133.2 124.7 116.2 110.1 103.3 95.6 83.8 80.4 75.9 74.2 71.3 72 67.2 65.4 65.4 64.2 61.5 60.4 59.7 58 57.8 56.9 55.2 53.9 53.4 53.3 53.8 52.2 51.5 51.1 50.8 50.2 48.8 46.1 40.9 49.3 52.9 56 59 60 65.6 56.7 50.6 46 39 35 31.6 24.9 14.5 5.8 -0.1 -0.1 -0.1 -0.1 -0.1 -0.1 -0.1 -0.1 -0.1 -0.1 -0.1 -0.1 -0.1 -0.1 -0.1 -0.1 -0.1 -0.1 -0.1 -0.1 -0.1
237.5 232 228.4 219 212.3 206.5 197 185.5 171.3 163.7 154.4 147.7 143.1 135.1 128.5 122.8 114 107.2 100 92.9 85.7 79.6 76.1 73.5 74.7 72 66.3 65.5 65.3 64.8 62.8 61 60.3 58.4 56.2 54.7 54.5 54.3 52.7 52 52.1 51.7 50.1 49.9 49.6 48.2 45 42.9 47.5 52.6 55.8 59.1 62.7 65.2 61.2 49.7 47.3 41.2 41 42.7 36.9 23.9 11.5 -0.1 -0.1 -0.1 -0.1 -0.1 -0.1 -0.1 -0.1 -0.1 -0.1 -0.1 -0.1 -0.1 -0.1 -0.1 -0.1 -0.1 -0.1 -0.1 -0.1 -0.1 -0.1
236.4 229.3 221.2 211 205.9 198.9 185 175.3 168.3 156.4 153.1 148.2 140.2 133.1 126.3 115.7 108 103.4 98.1 91.3 84.7 78.6 75 76.7 77.3 70.5 67.5 67.8 67.1 66.9 63.8 62.6 61.5 58 56.1 55.4 54.3 52.9 52.3 50.8 50.2 49.8 49.2 48.2 47.6 44.8 43.4 44.3 50.9 54.8 58.1 62.2 69.4 68.5 53.3 45.7 43.3 42.4 43.8 46 36 22 9.5 -0.1 -0.1 -0.1 -0.1 -0.1 -0.1 -0.1 -0.1 -0.1 -0.1 -0.1 -0.1 -0.1 -0.1 -0.1 -0.1 -0.1 -0.1 -0.1 -0.1 -0.1 -0.1
240.4 229.1 215.4 206.6 201.1 192.1 183.7 173.8 162.4 155.1 153.4 145.4 136.1 128.3 121.4 109.8 102.1 98.3 94.6 89.9 84.4 77.5 79.2 80.7 76.3 69.7 71 71.9 68.1 67.4 65.4 64.5 61.9 57.4 56.1 55.7 55 53.2 52.2 50.1 49.5 48.5 48.4 45.7 45.3 44.4 44.7 47.7 53.8 56.4 58.8 66.7 70.5 56.9 45.9 43.1 42.9 44.5 50.4 42.5 32.4 21.7 7.3 -0.1 -0.1 -0.1 -0.1 -0.1 -0.1 -0.1 -0.1 -0.1 -0.1 -0.1 -0.1 -0.1 -0.1 -0.1 -0.1 -0.1 -0.1 -0.1 -0.1 -0.1 -0.1
234.7 229.5 220.6 213.9 205.2 194.5 180.4 172.6 161.5 153.6 144.1 135.5 129.5 123.2 116.3 103.2 98.3 94.1 90.2 85.2 80.3 80 85.3 89.6 78.2 72.5 75.5 74.2 71.1 68.9 66.6 63.8 60.4 57 56.1 55.5 54.8 53.2 52.3 51.5 50.6 50.1 48.4 47 45.6 45.4 45 49.2 54 55.8 58.2 65.8 59.4 46.9 43.3 41.7 42.3 47.9 46.5 42.1 34.6 19.7 6.9 -0.1 -0.1 -0.1 -0.1 -0.1 -0.1 -0.1 -0.1 -0.1 -0.1 -0.1 -0.1 -0.1 -0.1 -0.1 -0.1 -0.1 -0.1 -0.1 -0.1 -0.1 -0.1
