WholeMapElevations/data/no/no77_OST50GRID_20230518/NO77.asc
ncols 200
nrows 200
xllcorner 370000
yllcorner 770000
cellsize 50
[rows 152 to 189 of 200, columns 0 to 85 of 200]
49.9 49.1 48.9 48.2 47.5 47.4 47.8 48 47.7 47.9 48.3 48.1 48.9 49 48.9 48.5 48.6 48.9 49.3 49.6 49.7 49.9 49.2 49.7 50.4 51.3 53 54.4 56.2 56.4 55.7 56.7 57.9 58.6 59.1 59.4 59.2 59.1 59.1 60.8 61.2 60.8 61 62.1 63.9 66 68 67.7 69.1 69.8 70.1 72.4 74.6 76.4 78.8 81.9 83.7 85.5 84.6 86.1 90 91.4 93.9 96.5 97.9 100.7 102.6 104 105.3 109.3 112.5 115.1 117.9 121.3 123.8 126.1 130.6 134.3 138.7 142.2 145.1 146.9 149.7 150.6 152 155.5
48.8 48.5 48.3 47.8 47.1 46.7 47.1 48 47.7 47.9 48.3 48.7 48.4 48.3 48.3 48.3 48.3 48.6 48.9 49.3 49.6 48.8 50 50.7 51.9 53.1 54.1 56.1 58.6 59.1 56.4 57.6 59.3 59.8 60.2 60.4 60.3 60.2 60.2 61.5 63 63 62.9 63.2 64.5 68.6 70.1 70.8 71.3 72.8 72.3 72.4 75.1 77.6 80.5 83.3 84.6 86.2 87.8 87.5 88.7 92.2 94 97 99.2 102.2 104.2 106.6 108 110.2 114.1 116.7 119.3 122.2 126.2 129 133.9 137.4 142.9 145.6 148.1 150.4 152.2 153 155 159.1
48.6 47.9 47.7 47.3 46.6 46.8 47.2 47.4 47.7 47.9 48.3 48.4 47.8 48 48 48.3 48.3 48.9 49.2 49.6 49 50.6 53 54.1 55.3 56.2 57.1 59.1 60.3 60.3 58.7 57.9 60.6 60.9 61.3 61.5 61.3 61.3 61.6 62 64.1 64.5 64.8 65.4 65.5 70.5 71 71.9 72.6 74.6 73.8 74.7 76.2 78.4 81.2 83.2 85.3 87.5 89.5 90.6 91.3 90 93.9 97.6 99.5 102.7 105.8 108.2 110.8 111.7 115.2 118.3 121 124.4 129.3 132.8 138.6 141.6 146.4 148.9 150.9 152.6 155.1 156.4 158.6 163
48.9 47.8 47.1 46.8 46.7 47 47.3 47.9 47.8 47.9 48 47.9 49 48.8 48.4 48.8 47.8 49.3 49.1 51.1 52.6 53.4 54.4 56.3 57.4 58.8 60 61.2 61.8 61.6 60.4 58.7 61.9 62.2 62.4 62.5 62.6 62.8 63.3 63.8 64.5 66.2 66.7 69 71.1 70.3 72.4 74.5 76.1 75.6 75.7 76.5 77.1 78.9 79.3 82.9 85.8 88 90.3 92.4 93.6 93.1 94.9 96.3 98.5 100.8 106.7 110.1 110.9 114.8 117.3 120.5 124.4 127.2 131.2 137.3 142.3 144.6 148.7 150.6 152.2 154.1 157.5 159.4 163.1 168.2
48.3 47.6 46.8 46.5 46.8 47 47.5 47.9 48 47.8 48.2 48.7 48.6 47.1 47.1 48.5 49.6 49.7 50.8 53.6 55.1 56.6 57.4 58.5 60.2 61.3 62.1 62.7 63.3 63.2 61.9 60.7 63 63.7 63.7 63.9 64.1 64.5 65.1 65.8 66.6 67.4 70.4 69.2 71.4 75.5 76 77.4 77.4 77.2 77.6 78.4 79.2 80.3 80.7 84.2 86.3 88.5 91.1 93.1 94 94.9 96.1 99 101.9 104.4 105.3 105.7 112.2 116.1 118.4 121.3 126.4 130.1 133.8 140.2 143.7 146.9 148.5 151.8 153.5 155.7 159.8 161.8 167.3 173.4
48.4 47.7 47 46.1 46.8 47.3 47.1 47.8 48.1 48.6 48.1 48.9 48.8 48.9 49.6 50.6 50.9 51.4 53.6 56.1 57.6 59.1 60.3 59.9 62 63 63.6 64.2 64.8 64.7 63.5 60 63.4 65.1 65.2 65.4 65.7 66.4 67 67.7 68.6 71.1 71.7 71.8 75 77.2 78.3 79.3 79 78.8 79.5 80.1 80.5 83.7 84 83 87.9 89.4 91.3 92.8 94.1 95.4 97.4 99.9 103.2 106.4 109.3 112.1 109.3 111.5 118.5 124.1 126.8 131.4 136.7 141.6 145.1 147 148.6 151.6 154.8 157.3 161.3 164.9 171.5 177.9
48.2 47.8 47.3 47 47.4 46.3 48.2 49 49.7 50 50.3 50.8 51 51.4 51.4 52.1 52.5 54 56.5 58.5 60 61.4 62.7 63.2 63.6 64.7 65.3 65.7 66.1 66.2 65.3 62.5 63 66 66.3 66.5 67.2 67.7 68.5 69.3 71.5 71.9 72.1 73.5 77.8 78.7 79.7 80.7 81.1 80.8 80.9 81.6 81.2 85 86.4 87.9 87.3 90.8 91.9 93.2 94.6 96.3 98.7 101.7 104.7 107 109.3 112.6 116.4 119.7 123 121.9 127.7 133.6 137.5 142.9 145.4 147.9 149.4 151.7 154.1 158.4 162.4 168.8 175.8 182.5
47.2 46.7 46.4 46.9 47.5 48.4 50 50.8 51.4 51.8 51.9 52.2 52.9 54.3 53.5 53.7 54.7 55.7 58 61 62.4 63.7 64.9 65.6 66 66.4 66.8 67.3 67.6 67.7 67.6 69 67 67 67.4 67.8 68.5 69.3 69.5 72.4 73.4 75.3 73.4 78.8 79 80.1 81.1 82.2 83.2 82.9 82.6 82.5 82 86.2 88 89.4 88 90.4 92.3 93.8 95.7 97.6 99.7 102.7 106.1 109.3 112.2 113.7 117.3 122.4 125.7 128.9 126.2 134.8 141.6 144.6 145.6 148.9 150.3 152.8 155.3 159.2 163.1 171.5 179.4 186.8
46.6 46.7 45.9 47.3 47 49.1 50.6 52.2 53.4 53.7 53.7 53.9 55.3 54.7 54.8 55.5 56.6 57.8 60 63.2 64.6 65.8 66.7 67 67.4 67.8 67.8 68.3 69.1 69.8 69.7 69.5 68.5 66.3 68.4 69.1 69.8 70.5 73.6 74.1 74.9 77.1 78.3 79.7 80.4 81.6 82.6 83.6 84.6 85 84.7 85.5 83.4 84.2 88.9 90.2 90.8 90.9 93.1 95.1 97.1 99 101 103.8 107.2 110.6 113.7 116.6 120.4 122.3 128.3 132.2 135.5 129.6 142.7 145.3 147.3 149.8 150.9 153.8 156.3 160.2 166.2 174.4 182.3 190.3
46.6 46.7 47.2 46.7 47.7 49.6 51.5 53.3 55.1 55.6 56 56.3 56 56.4 56.2 57.3 58.4 60.3 62.1 64.7 66.8 67.9 68.1 68.3 68.7 68.9 69.7 70.3 71 70.8 70.6 70.5 70.4 69.8 71.6 70.6 70.6 74.4 75.4 76 76.7 78.5 79.5 80.5 81.8 83 84 85 86 87 87.4 86.2 88.5 87.6 89.4 91.5 92.4 93.4 94.1 95.8 97.8 100.4 102.3 104.9 108.3 111.7 115.1 118.6 122.8 127.5 130.3 134.5 138.6 141.6 131.5 143.8 148.3 149.8 150.9 153.7 156.8 160.6 169.4 178.2 186 195
47.1 47 46.4 49.4 51.4 53 54.2 55.8 56.1 56.6 57.5 57.3 58.8 57.8 58.1 59.1 60.5 62.9 64.3 66.7 68.1 69 69.3 69.7 70 70.8 71.5 72.2 72.1 71.8 71.6 71.5 71.4 71.2 71 70.4 74.1 74.6 77.2 77.8 78.7 79.9 80.6 81.3 82.1 84.5 85.4 86.4 87.4 89.3 89 87.9 90.2 88.9 90 91.8 93.7 94.6 96.3 97.1 99.5 101.9 103.8 106.5 109.5 112.9 117.5 121.6 126.1 130.4 134.5 138 139.4 144.4 137.1 146.4 149.8 150.3 150.9 153.5 156.9 164.3 172.1 180.3 189.7 199.6
46.6 45.4 47.6 50.9 53.7 55.3 56.4 57.1 57.5 57.4 58.6 58.7 60.2 60.3 59.9 61.3 62.5 64.7 66.5 67.9 69.3 70.1 70.5 71.2 72.5 73 73.8 74.6 73.7 73.2 73.6 73.7 73.4 72.4 70.8 74.7 75.2 75.3 78.4 79.1 79.9 80.7 81.3 82 83.5 85.3 86.2 87.2 88.3 90.3 90.9 91.6 91.8 89.8 93 93.4 94.7 96.1 98 100.7 101.6 103.5 105.5 108 111.7 114.2 117.9 123.1 128.7 133.7 138.4 142.4 144.8 147.4 144.1 142.7 146.6 149.9 151.7 154.6 159.8 166.3 172.9 182.2 193.9 204.4
46.5 47 50.4 54 55.8 56.5 57.3 58.1 58.8 59.5 58.8 58.5 58.9 60.6 61.2 63.1 64.7 66.5 67.5 68.8 70.3 71.6 72.4 73.1 73.8 74.9 76.5 76.5 75.1 74.9 75.1 75.4 76 71.4 73.1 76.1 76.7 76.7 79 80.3 80.4 81.2 81.9 83 85.2 86.4 87 88 89.3 91 90.6 93.5 93.5 89.1 94.3 95.2 96.3 98.5 100.4 102.4 103.9 105.5 107.4 110.8 113.4 115.7 119.9 124.8 132.3 137.9 143.3 148 149.5 149.4 149 149.2 149.3 151.6 153.2 156.8 162.1 168.4 176.4 185.7 197 208
46.9 50.4 54 55.9 56.6 57.2 57.9 58.7 59.3 58.9 59.3 59.8 60.2 61.3 62.6 64 66.3 67.8 68.6 69.5 71 72.7 74 74.7 75.6 76.6 77.3 78.2 77.9 76.2 76 76.1 71.4 76.6 76.2 73.7 77.2 78.2 79.5 81.1 81.2 82.7 83.9 85.1 86.4 87.6 88.1 88.7 90.3 91.8 91.3 94.3 94.3 91.2 96.1 98 98.7 101.3 103.2 104 105.7 108.3 109.9 111.7 114.7 117.9 122.2 128.3 135.3 142.5 148 152.4 153.1 151 150.7 150.8 152.7 153.2 155.9 159.2 164.5 170.1 178.3 188.2 198.8 208.2
50.8 53.6 55 56.2 57.1 57.8 58.5 59.1 59 59.3 60 60.8 61.4 63.1 64.9 65.7 66.6 68.4 69.8 70.7 72 73.5 75.1 76.4 77.1 77.3 77.5 78.4 78.6 77.4 77.4 71.4 77.8 77.9 77.4 76.8 75.7 78.4 79.5 81.5 82 84.4 85 85.9 87.2 88.7 89.8 90.8 91.8 93.2 94.7 95.5 96 96.1 97 100.1 101 103.1 104.9 106.7 108.3 109.9 111.2 113.6 116.7 120.4 124.9 130.8 139.3 146.3 152.7 155.7 155.2 152 152.3 154.2 155.3 156.7 159.4 162.3 167 173.1 181.9 191.3 202.1 212.6
52.5 54.3 55.6 55.9 57 58.1 58.8 58.9 59.3 60 60.6 61.5 62.7 64.2 65.7 66.8 68.2 68.9 70.3 72.7 73 74.6 76.2 77.6 77.8 78 78.1 78.5 79 78.6 72.2 78.6 78.3 78.3 77.5 76.5 79 78.4 81.1 83.5 84.2 85.3 86.1 87 88 89.5 91.1 92.3 93.3 92.7 95.4 96.3 97.1 97.9 96.7 101.9 103.3 104.9 106.4 107.3 108.7 110.9 113 115.8 118.9 123 127.4 134.5 142.2 149.7 155 156 155.1 154.5 155.8 157.7 158.9 160.4 162.7 165.4 169.8 176.7 184.8 192.5 203.8 215.9
51.5 54.2 55.5 55.6 56.7 58.1 59 58.9 59.8 60 60.2 61.2 63.2 64.7 65.4 66.6 67.9 69.2 70.6 72.4 73.3 75 76.7 78 78.1 78.3 78.5 79.3 79.6 74.7 80.3 80.1 79.7 79.1 78.7 77.9 80.6 78.3 79.3 83.6 86 86.4 87.2 88.1 89 90.3 91.7 92.5 93.6 94.9 96.2 97.2 98.2 99.9 101.5 100.2 105.6 106.4 107.5 108.5 110.7 112.9 115.1 117.9 121.2 125.5 130 136.9 145 151.9 156.9 158.2 159.8 159.2 158.6 161.3 162.6 163.8 165.1 169.1 173.8 179.1 186.1 194.8 205.3 218.7
51.8 53.2 54.2 55.8 56.2 58.2 59 58.4 59.9 60.6 60.8 61.3 63.6 64.5 65.2 66.4 67.7 69 70.3 72 73.7 75.4 77 78.1 78.2 78.8 79.3 80.4 75.3 80.8 79.3 81.4 81.1 80.1 79.9 79.7 81.2 81.6 81.2 81.5 86 87.4 88 88.8 89.8 91.4 92.1 92.7 92.9 95.7 96.9 98.3 100.2 101.5 102.9 103.9 104.3 107.1 108.5 110.2 112.4 114.7 116.9 120.4 123.9 128.1 133 140.4 147.9 155.4 159.6 162 163.7 164.4 162.7 163.8 166.2 167.8 169.7 172.9 177.4 183.2 189.5 198 209.9 224.1
49.9 52 52.8 54.6 56 57.5 58.7 58.4 59.8 60.6 61.4 61.5 62.9 63.9 65 66.2 67.5 68.8 70.5 72.1 74.2 75.8 76.7 77.5 78.8 79.5 80.1 76.1 81.3 81 82.4 82.7 82.5 81.5 81.3 81.1 81 84.3 84 83.8 86.6 88.2 90 89.6 91.4 92.5 92.7 92.8 94.3 96.1 97.5 99.6 101.9 103.8 105.6 106.8 102.8 105.5 109.3 111.5 113.8 116.1 119 122.5 126.8 130.1 136.3 144 151.4 159 163.5 165.8 167.5 168.5 168.7 169.4 170.2 171.8 174.5 177 181.9 187.2 193.8 202.7 215.6 228.4
51.1 50.5 51.8 53.5 55.4 56.6 57.1 58.4 58.7 60.1 60.6 62.9 63.8 64.8 65.6 67.2 67.7 68.9 71.2 71.9 73.6 74.7 75.8 77.5 78.7 79.8 77.4 81.4 81.4 82.5 84.6 84.2 84.2 83.7 83.1 83.6 83.5 85.1 86.3 86.4 88 86.7 88.9 90.8 91.4 91.9 92.3 92.5 94.9 96.7 99 101.1 103.2 105.4 107.1 107.8 108.2 105.3 108.8 112.9 115.3 118 121.3 124.8 128.7 133 139.8 147.7 155.2 162.8 167.4 169.7 171.2 172.3 173.1 173.8 174.5 177.5 179.9 183.2 186.7 191.7 198 207.4 220 231.5
51.9 52.1 52.3 52.7 54.5 56.4 57.1 57.4 58.8 60 60.3 62.9 63.9 65.3 67.1 67 68.3 69.4 70.7 72 73.2 74.7 76.4 77.1 78.9 78.7 81.9 82.1 82.7 83.7 85 85.1 84.5 86.1 86.1 85.6 85.2 85.6 88.5 89.3 89.7 90.1 88.8 89.8 91.5 92.2 92.4 93.9 96.1 98.9 101.4 103.5 105.4 107 108.3 109 110.5 110.6 107.1 114.6 117 120.4 123.7 127.1 130.9 136.4 143 150.2 159.1 166.7 169.8 171.6 174.4 175.5 177.6 178.7 179.3 182.7 185 187.6 191.5 196 201.8 213 224.8 235
53 53.7 54.5 54.9 54.2 54.5 55.6 57 57.7 59.6 60 62.7 63.9 64.9 66.8 67.3 69.1 70.5 71.6 72.4 74 75.7 77.1 78.2 79.5 82.3 83.1 83.4 85.5 86.8 86.3 86 86.6 86.6 88 87.7 87 87.6 88.3 89.6 91.3 91.2 88.6 90.6 91.9 92.6 93.2 94.8 97.5 100.3 102.9 105 106.7 108.3 109.6 111.8 112.5 114.1 113.6 112.9 118.7 122.4 126.1 129.4 134.8 140.9 146.5 153.1 161.2 167.4 170.5 173.6 177 179.2 181.8 183.6 186.2 188.4 190.5 192.4 195.6 200.5 207 218 230.2 238.3
52.3 54.2 55.2 57.7 57.9 56.8 56.6 57.2 58.2 58.2 59.8 62.6 64.1 64.9 66.4 67.2 69.6 71 72.1 73 74.6 76.4 78 79.3 80 82.4 83.8 84.9 86.3 87.7 87.9 88.2 88.8 89.1 89.1 89.2 88.6 88.5 88.8 90.7 92.6 91.9 88.8 90.7 92.7 93.5 94.8 96.1 98.9 101.4 103.7 105.9 107.8 109.5 111.4 113 114.7 116.3 117.5 117.8 117.9 122.5 128.1 133.4 138.9 145 149.2 155.6 162.2 168 171.4 175.4 179.2 183.1 185.7 186.6 189 191.9 194.3 196.7 199.9 205.3 212 223 231.9 240.4
53.3 54.3 55.1 57.2 58.7 58.3 58.4 57.9 59.2 60.3 60.5 60.7 63.9 65.6 67.6 68 69.5 71.5 72 73.7 75.4 76.7 78.3 79.8 81.3 84 85 86.3 87.1 87.9 89.5 90 90.3 90.2 90.4 90.6 90.1 90 90.4 91.1 92.7 91.5 89.7 91.4 93.5 94.4 97.3 97.6 99.8 102.1 104.4 106.6 108.8 111.1 113.7 115.6 117.3 118.9 120.5 121.2 121.9 125.6 131.3 137 142.3 147.1 151.7 157.8 162.8 167 171.4 177.2 183.9 185.9 187.4 188.3 192.1 195.2 197.6 200.4 204.3 208.6 215.7 225.8 232.2 236.7
55.4 55.5 55.6 56.2 57.7 58.7 58.9 59 60.1 61.2 62.1 61.3 62.2 65.9 69.4 70.2 70.6 71.3 72.5 74.3 76.2 75.3 79.7 81 82.5 83.8 85.9 87.1 88.9 89.3 90.6 91.2 91.9 92.3 92.5 92.1 91.6 91.6 92.3 92.6 93.8 93.3 91.9 92 94.3 97.2 98.6 99.7 101.9 103.3 105.9 108.5 110.7 112.8 115.5 118.1 119.9 121.5 123.1 124.1 125.2 128.8 134.3 139.9 144.2 148.9 153.8 157.7 161.8 166 172 180 182.9 184.5 186.9 189.8 195.1 198.4 200.9 204.8 209 212.9 216.4 228.7 233.4 235.1
56.8 57.2 57.5 58.1 58.4 58.5 59.4 60 61.1 62.3 64.1 65.3 63.9 65.8 69.7 71.4 71.8 72.3 73.7 75.3 74.5 78.4 80.6 82.1 83.9 85.6 86.8 87.7 88.7 89.8 92 92.7 93.4 93.7 93.6 93.6 93.1 93.5 93.8 94 95 94.1 94.3 95.4 95.4 98 99.9 101.8 104 105.6 108 110.6 112.8 114.4 117 120.9 123.5 125.1 126.8 128.2 126.6 132.9 137.2 142.5 146.2 150 153.9 157.6 161.5 166.4 172.6 177.3 180.1 183.6 187.9 192.2 197.2 201.7 205.5 209.7 213.8 218 225.1 230.9 233.5 233.9
57.6 59.3 59.9 60.6 60.6 60.5 60.4 61.2 62.5 64.3 66.4 67.4 68.5 64.6 68.7 71.2 72.6 73.3 74.8 76.5 77.9 78.6 80.9 83.4 85 86.6 88.1 89.1 90 91.6 93.6 94.3 94.9 94.8 94.8 94.8 94.7 95 95.2 95.5 96 96.2 96.3 95.9 95.1 98.4 101.7 103.5 104.9 106.6 109 111.6 114.3 118.1 121.7 124.7 127.4 129.5 131.1 132.3 129.4 137.2 141.3 144.3 148 150.3 153.9 157.7 161.5 165.4 170.2 174.2 179.3 184.2 189.2 195.2 200.4 205.8 210.6 214.8 218.9 226.1 232.5 235.6 236.6 235.5
58 59.8 60.5 61 62.2 62.7 62.6 63 64.5 66.6 68.7 70.1 71.6 66.1 69.9 70.9 72.4 74.3 75.1 76.9 79.1 80.9 81.5 84.1 86.1 87.1 88.2 89.8 91.6 93.2 94.5 95.3 95.9 96.3 96.5 96.7 96.9 97.1 97.5 97.6 97.3 97.5 97.1 97.9 97.1 98.3 102.7 104.2 105.8 107.7 110.2 113.5 116.7 120.7 124.7 128.4 131.2 133.6 135.6 137.2 137.1 139.5 144.6 146.9 149.9 151.2 154.3 158.2 162.5 166.3 169.9 174 179.2 184.9 190.7 196.8 203.3 209.7 215.8 220.3 224.9 234.1 238.5 240.2 238.2 235.9
59 60.4 61 61.4 62.8 63.9 64.7 64.8 66.2 68.3 70.7 71.8 74.7 74.9 69.6 72.8 73.5 75.3 76.6 77.8 79.1 81.9 83.1 84.5 85.9 87.9 89.5 90.1 92.3 94 95.1 96.1 96.8 97.3 97.9 98.4 98.3 98.5 98.8 98.7 98.6 98.3 98.9 99.5 99.7 99.5 101.6 104.9 106.8 108.8 111.7 116.1 119.2 122.8 126.9 130.9 135.2 138.5 140.6 142.1 141 136.6 146.3 147.7 149.7 151.6 155.2 159.3 163.3 167.1 170.4 174.1 179.4 184.9 192 198.3 206.6 214.7 220.8 226 231.4 239.8 241.9 239.2 236.5 236.2
60 61.5 62 61.9 63.2 64.6 65.4 66.3 67.7 69.5 71.7 72.1 72.4 75.1 68.9 73.4 74.7 75.4 76.4 78.6 80 81.3 84 84.6 86.3 88.3 89.9 91.5 93.4 94.7 95.8 96.8 97.7 98.3 98.9 97.7 98.5 99.2 99.5 99.4 99.5 100.2 101.3 101.8 102.4 102.4 102.5 105 108.4 110.3 113.3 117.9 121.3 125.2 129.7 135.1 139.5 142.8 144.5 145.8 146.2 139.6 140.3 142.6 144.6 152 156.6 160.5 164.2 167.5 170.8 174.2 179.4 184.9 191.5 200.8 210.4 219.1 225.5 230.4 235.6 242.6 241.6 239.2 238 235.5
61.1 62.8 64.2 64.2 65 66.1 66.7 67.8 68.9 70.9 73 73.3 73.2 74.6 75.4 73.5 75 77.3 78.2 78.7 80.4 82.6 84.3 86.3 87.4 88.4 90.5 91.8 94.1 96.4 96.7 97.6 98.5 99.1 99.3 98.7 99.5 100.3 100.7 100.6 102.5 103 103.7 104.5 105.1 105.1 103.9 105.2 109.8 112.4 116 118.9 122.1 127.1 133.6 139.4 143.2 145.8 147.3 148.4 148.6 146.3 149.2 151.7 154.2 156.4 160.6 163.4 165.6 167.8 171 174.6 179.4 184.8 192.1 202.5 213 222.5 229 234 240.6 245.3 244.2 239.1 235.6 232.3
62.6 64.3 65.9 68 69.2 68.7 69.3 69.9 70.5 72.2 74 73.7 74.5 75.4 75.8 75.3 73 77 80 81.3 81.2 82.1 84.7 85.8 88 89.7 91.7 91.9 94 96.1 97.8 98.6 99.1 98.7 99.6 99.7 100.6 101.4 101.6 104.1 104.6 105.2 106 107.2 107.8 107.8 107.9 106.8 110.6 114.3 116.5 120 123 128.5 135.5 140.7 142.6 144.9 146.6 147.6 148.2 149.1 151.5 154.1 156.8 160.5 162.9 165.3 167.2 169.4 171.7 175.1 179.5 185.2 193.4 204.5 215.4 224.6 231.3 237.2 243.1 245.2 241.4 236.1 231.3 227.4
65.7 66.7 68.2 70.7 71 71.2 71.8 72.5 73.1 72.7 73.8 75.4 75.9 76 76 75.3 73.5 72.8 75.5 78.8 81.6 82.7 84.4 85.6 86.8 88.3 90.3 91.4 93.2 95.5 98 98.2 98.5 99 99.9 100.6 101.6 102.2 105.3 106.1 106.8 107.3 108.3 109.4 110.5 110.6 110.7 111.1 112.8 115 117.2 120.4 123.8 128.7 134 139.2 140.6 141.8 144.4 145.8 148.1 151.8 154 156.4 160.1 163.8 165.5 168.1 169.1 171 174.1 176.8 180 187.1 195.5 206.3 217.2 226.8 234.7 241.8 246.5 242.4 235.3 229.4 224.8 220.4
66.5 68.3 71.1 72.1 72.7 73.3 74 74.9 75.7 75.8 74.6 76.2 77.5 78 76.4 77.1 77.9 78.9 79.5 76.5 79.9 82.7 83.3 84.3 85.8 87.7 90.1 91.1 92.1 95.8 96.9 98.2 99.5 99.8 100.6 99.9 102.7 105.4 107.4 108.5 108.9 109.5 110.6 111.8 113 113.6 113.7 114 113.1 113.3 116.2 119.6 122.4 126.1 131 133.9 137.4 138.6 141.3 144 147.9 151.8 155.7 159.7 163.4 166.1 168.3 170.6 171.8 173.2 175.4 178.6 183.3 189.9 198.4 208.5 220.8 228.9 236.8 243.9 241.4 234.9 228.8 222.6 218.8 218
66.8 70.2 73.1 74.2 74.7 75.3 76 76.7 77.5 77.7 76.2 76.3 77.1 75 77.6 78.1 79 80 80.8 80.9 77.9 81.2 83.5 84.3 85.5 87.9 89.8 91 92.8 95 96.1 97.6 99 100.4 100.8 101.5 104.9 106.7 109.2 111 111.1 111.8 113 114.2 115.5 116.1 116.6 116.9 116.2 115 112.9 116.9 120.8 124.2 127.9 130.9 133.8 137.7 141.7 145 150.5 154.3 158.3 163.2 166.7 168.9 171.1 173.1 174.3 176.7 179 182.7 187.4 192.9 201.7 213.8 223.8 233.5 240.6 241.9 236.5 230.6 223.3 219.1 217.1 216.2
68 72.1 74.3 76.1 76.8 77.4 78.1 78.7 79 78.7 78.9 80.2 76.7 78.4 79.2 79.9 80.1 81.1 82.9 82.2 80.4 79.5 84 86.1 86.8 87.7 89.5 91.4 93.9 95.4 95.8 97.5 99.4 100.7 101.7 103.7 105.6 108.2 110.5 112.9 114.1 114.7 115.5 116.7 118 118.6 119.2 119.4 118.5 117.7 118.3 117.9 121.1 124.3 127.8 131.4 134.7 137.2 142.2 147.7 152.8 157 162.2 166.5 169.5 171.7 174 175.7 178.2 180.8 183.4 187 191.3 198.3 209.4 219.5 229.4 236.6 240 237.4 232.9 226.4 221.6 217.7 215.9 215.3
70.8 72.8 75.4 77.7 78.8 79.2 79.4 79.6 79.8 79.6 81.2 80.1 79 79.3 79.9 81.1 82.3 83.2 83.1 83.4 83 81.9 83.5 86.6 87.9 89.2 90 91.9 94 96.1 97.3 98 99.1 100.7 102.6 104.8 107.7 110.4 112.8 115.3 116.7 118.1 119.1 119.9 120.6 120.9 121 121.2 121.5 121.4 122.2 122.8 123.3 126.3 129.4 132.4 135.8 139.3 144.1 149.7 154.8 159.7 165 169 172 175 177.1 180.1 182.5 184.9 187.8 191.8 197.1 205.3 215.5 225.9 233.7 239.6 240.2 235.2 229.6 224.7 220.5 216.8 215.1 214.5
73.5 74.3 76.1 78.4 79.2 79.9 80.3 80.5 80.6 80.5 81.6 79.5 80 80.4 80.8 81.8 83.1 83.6 84.3 84.5 85.2 85.7 84.9 84.1 87.3 90.6 92.1 92.4 94.2 96 97.1 98 99.5 101 103.7 107 109.8 112.6 115.1 118 119.6 120.7 122.5 123.3 123.7 124 124.3 124.4 124.5 125.3 126.1 126.7 127.3 128.6 131.4 134.9 137.3 141.1 146.3 151.4 156 162.1 166.9 171.1 174.2 177.7 181.7 184.7 187.8 190.9 194.8 198.2 203.3 211.4 223.5 232.9 240.1 243.7 240.3 234.3 229.1 223.9 219.4 215.8 214.2 213.7
