UK/data/sn/sn83_OST50GRID_20230518/SN83.asc
ncols 200
nrows 200
xllcorner 280000
yllcorner 230000
cellsize 50
[rows 0 to 34 of 200, columns 78 to 155 of 200]
169.5 167.1 180.2 193.2 209.7 225.6 241.2 257.2 272.6 285.9 295.6 306.2 312.1 316.1 316.5 309.7 300.8 280.2 259.7 238.8 248.3 260.2 280.1 299.2 310.2 314.4 316.3 317.7 316.7 313.6 303.9 287.5 273 260.6 254.8 275.8 283.2 293.8 300.3 304.6 308 317.5 325.9 325.1 315.3 304 293.6 288.9 289.6 291.7 290.4 284.7 278.8 270.6 267.6 266.4 266.1 267.2 269.6 272 273.6 274.5 275.2 275.4 274.8 272.6 269.8 267.5 267.1 265 264.4 264.5 267.7 274.7 284.9 296.6 309.8 310.8
184.4 179.4 172.6 178.6 190.9 206.5 229.7 249.1 265.9 278.1 287.1 296.3 300.5 305.6 304.2 296.6 288.4 271.3 248.8 236.7 249.7 264.8 285.3 303.6 308.6 310.1 308.3 308 303.2 292.1 281.3 261.3 246.3 259.6 278 293.3 299.5 308 308.3 312.9 322.2 327.4 329.9 322.3 311.3 302.3 292.3 288.1 283.6 285.3 283.7 278.8 273 268.9 267.3 266.8 267 268.6 270.9 272.9 274.4 276.3 277.5 277.4 276.9 276.2 274.7 272.3 271.2 271 276.6 279.1 286.3 293.6 301.5 311 318.5 323.4
199.7 197.6 186.4 176.5 174.3 191 210.7 230.4 249.2 260.7 269.2 274.3 276.7 279.3 276.4 271.6 264.3 253.2 230.2 236.7 250.7 268.6 291.1 302.6 304.4 300.5 285.2 284.8 274 265.1 254.8 243.1 265.6 286.6 296.6 303.8 309.8 315 318.9 325.5 329.8 331.1 328.3 317.3 307.1 298.5 290 287.4 283.6 279 277.4 274.4 271.1 268.6 267.6 267.5 268.1 269.3 271.6 273.6 275.5 277.3 278.8 278.7 278.7 279.1 278.9 278 278.3 280.5 288.4 297.1 302 306 314.9 322.3 327.5 329
219.4 218 208.7 200.4 188.9 173.7 188.3 207 224 239.3 246.2 250.8 253.5 252.6 250.4 247.6 245 232.6 220.5 240.5 258.9 276 293 299.6 296.8 293.7 282.7 261.2 249.5 238.1 247.5 266.5 289.2 296.8 303.7 308.2 313.3 318.3 324.5 330.3 332.4 330.8 323.3 311 300.6 293.8 289 286.5 281.7 278.3 275.1 272.4 270.3 269.8 268.9 269.6 269.9 269.7 272.2 274.2 276.3 277.9 279 279.6 280.4 281.7 282.9 283.7 286 292.5 301.1 307.1 310 315.6 324.8 329.3 331.8 331.3
230.8 238.4 233.1 223.3 216.2 204.3 183.5 182.2 197.1 214.7 228.2 228.6 231.4 231.3 229.5 227.7 226.6 215.3 226 247.6 266.1 280.9 292.4 292.8 288.3 283.3 269 252.3 234.2 244.3 259.2 279.3 290.9 295.6 303.3 308.5 312.6 317.3 323.3 329.2 326.8 324.3 316 303.9 293.8 288.8 287.5 284.3 279.1 276.2 274.2 272.3 270.3 270 270.9 271.9 271.5 270.6 272 274.6 276.6 277.6 278.5 279.3 280.6 282.6 285.5 288.8 295.4 303.2 309 313.6 316.1 325.8 331.2 334.2 335 333.2
241.4 252.4 257.3 258.1 247.2 236.3 219.4 195.1 178.8 192 215.7 221.2 216.6 212 209.7 210.1 206.3 212.2 234.1 252.4 266.7 282.4 284.1 277.9 269.8 260.3 251.2 235.2 234.5 261.1 272.8 275.2 285.1 294.2 302.2 304.7 308.7 316.7 324.3 324.4 321.1 313.6 305.1 299 290.8 286.3 283.6 281.1 276.8 274.9 273.3 271.7 270.4 271.4 273.4 273.8 273 271.9 271.7 273.7 275.3 276.5 277.4 278.5 279.7 282.8 288.3 296.2 304.8 310.3 315.4 319.6 327 332 335.1 336.7 336.3 333.8
250 255.7 255 254.1 252.9 248.5 223.5 201.9 184.2 188.2 208.6 208.3 201.6 196.6 195.3 197.8 196 212 230.9 247.5 262.9 269.7 263.1 256.7 247.7 237.3 229.1 228 254.2 275.1 284 288.3 287.5 294.1 299.3 302.9 311.3 317.8 320.8 319.6 317.7 306.7 297.9 292.9 286.2 283.7 282.3 277.5 275.3 274.2 273.7 273.4 273.2 273.7 275.4 275.8 274.7 274 273.6 273.1 274.6 275.6 276.6 278 282.1 289 296.8 304.8 311.1 316.1 320.5 325.6 333.1 335.4 337.8 337.7 336.3 333.1
261.6 259.1 256 254 252.9 235.7 211.1 195.7 184.2 182.6 185.9 191.3 186.9 188.4 192.4 197.7 195.2 198.1 211.4 229.7 246.1 247.9 240.9 232.7 221.5 221.9 228.7 245.5 266 278.2 285.9 289.2 289.2 292.8 297.6 305.2 313.2 316.4 317.7 316.7 309.4 298.6 293.3 290.4 287.1 286.4 282.9 279.2 276 275.4 275.6 276.6 277.1 277.6 278.3 279.9 278.4 275.6 274.5 275 275.9 277 278.7 282.2 289.8 297.8 304.8 310.2 315.3 320.8 327 330.1 336.3 338.1 338.2 337 334.5 330.6
265.7 261.9 257.7 253.4 242.8 220.8 205.3 218.7 210.3 195 193.6 193.8 198.2 205.7 213.7 221.3 220.8 213.5 202.2 206.4 217 219.7 215.4 215.7 228 239.7 244.6 263.4 274 283.2 287.4 290 293.2 298.3 303.8 310.5 314.3 316.5 314.8 310.3 302.5 296.4 295.5 292.7 288.3 285.3 284.2 283.1 278.3 277.2 278.3 279.8 280.8 281.5 282.2 282.5 280.1 277.1 277.4 278.8 280 281 284.2 290.6 297.5 303.2 308.5 313.7 318.7 325.3 326.6 332.3 338.9 338.2 336.8 335.2 330.8 327.2
265 260.9 255.3 249.9 235 208.9 222.9 231.3 231.2 226.6 221.1 221.1 227 234.7 241.7 247.5 247.5 239.8 226.2 213.5 206.8 217.2 228.6 239.3 251.3 260.8 256.8 271.1 281.9 286.4 288.7 291.8 297.3 303.1 308.3 312.6 315.5 316 312.8 307.5 301.7 298.7 296.5 290.5 291.4 290.3 288.8 286.7 281.8 280.5 282.3 283.9 285.5 285.6 285.7 285.3 281.3 281.5 283.1 284 284.8 286 290.2 296.3 301.3 306.4 311.4 316.1 324.3 324.3 324.3 336.2 337.9 334.8 332.4 330.8 328 324.4
263.3 258.7 251.5 246.2 229.1 226.9 239.6 248 254 256.7 255.4 256.8 260.9 265.1 267.9 268 265.7 261.1 248.4 229.9 219.8 236.3 254.5 264.3 275.3 280.9 273.8 270.9 279.2 288.1 290.1 295.7 301.5 307.1 312 315.7 316.7 314.7 311.1 306.7 301.6 297.6 296.4 297.2 296.9 295.4 292.5 287.3 285.5 287.8 289.7 290.8 291.4 290.4 289.7 287.8 283.7 288.1 289.5 290 290.8 292.6 296 299.5 304.5 309.5 313.8 320.7 328.9 324.3 336.2 336.4 335.9 332 329.8 328.5 325.1 322.4
261.8 255.5 248.6 242.4 237.8 246.1 254.4 265 274.7 283.1 287.6 289.2 290.4 287.3 280.9 276 269.7 262.9 254 236.4 233.9 242.4 267.7 284.1 290.1 292 289.9 289.6 286.3 288.1 293.8 299.9 305.7 311.1 315.8 317.9 316.4 313.5 310.3 306.8 301.1 298.5 302.7 304.2 303.1 299.9 294.1 294.2 294.9 297.8 298.8 298.9 297 295.7 294.6 292.8 288.2 294.7 295.8 296.2 296.8 298 300.7 303.4 307.7 312 317.9 323.9 328.2 333.1 334.4 334.8 333.6 329.3 328.4 327.3 324.2 321
260 255 249.6 250.1 255.3 261.4 268.6 277.8 288.8 300.5 311.7 313.2 310.6 306.6 296.9 281.8 271.1 259 247.3 243.9 251 249.9 270.6 290.4 294.7 296.3 297.5 298.2 297.1 296.8 300.7 304.3 309.1 314.1 318.6 318.9 316.2 313.6 311.2 307.7 303.5 306.3 309.8 310.2 307.1 302.4 299.9 302.3 305.5 307.2 307.2 304.7 302.3 300.6 299 296.6 289.7 298.2 300.6 301.8 302.5 304.1 305.1 307.2 311 316 321 325.2 328.1 331.4 333 332.3 329.8 328 328.4 327.1 323.6 320.5
260.9 256 253.2 261.2 269.7 275.8 283.2 290.8 300.8 312.3 320.4 318.7 315.8 311.2 300.1 282.2 268.9 258.6 254.8 258.6 264.5 261 267.5 290.8 296.1 300.8 303.9 306 305.2 304.7 307.5 308.4 310.4 316.5 320.2 319.9 318 315.4 312.4 309.5 308.4 311.1 313.6 315.3 308.8 306 307.1 312.9 316.1 317.8 314.5 309 305.9 303.6 301.9 301 293.9 302.5 305 306.6 307.9 308.7 309 309.8 313 318 322.6 326.2 327.6 329.8 330 328.6 327.6 328.2 328.3 327.1 323.4 321
262.1 259.7 262.2 270.7 281.9 289.6 297.1 304.5 313.2 322.1 325.6 321.5 317.3 310.4 295.9 274.9 269.7 268.6 268.6 272.3 275 272 271.3 290.4 298 304.4 309.8 311.9 312 312 312.4 313 314.2 319.1 322 321.9 320 317.7 314.9 312.2 313.8 316.9 320.3 319 315.9 313 317.7 323.8 327.8 324.6 319.4 312.1 308 306 304.8 302.6 301.7 306.1 309.9 311.7 313.4 313 311.6 311.5 314.8 319.2 322.9 325.6 325.6 325.5 325.3 325.9 327.5 328 328.1 326.3 324.1 323.2
267.2 267.5 271.4 281.6 291.8 301.4 309.9 317.6 322.7 324.3 323.5 321.5 315.8 307 290.4 275.9 277.5 279.4 281.7 283.2 283.3 279.4 282.4 294.7 301.3 308 313.9 315.6 315.6 316.4 317.2 317.9 319.5 322.5 323.2 322.7 321.6 319.9 317.3 315.9 318 321.7 326.7 327.9 326.6 323.4 329.4 336.4 330.7 325.8 320.9 313 309 307.1 304.2 300 302.6 306.4 311.6 315.6 317.6 316 313.4 313.6 316.7 320.3 322.3 322.9 322.6 322.7 323.2 324.3 326.5 327.2 328.1 327 327.1 324.9
274.7 275.8 280.1 290.1 300.6 310.6 318.6 322.4 324.7 324.6 322.1 317.7 310.2 299.9 288.4 284 287.7 288.9 289.9 289.4 287.6 284.7 294.1 300.6 306 312.2 317.1 318.9 319.7 319.9 319.9 321.4 322.9 323.8 324 323.5 322.8 321.5 320.2 319.2 321.1 326.7 334.3 337.5 336.8 335.4 340.8 337.2 327.7 324.6 317 311.5 308.2 305.2 301.6 300.9 302.1 304.5 309.1 313.3 315.9 315.8 314.9 316.3 319 320.8 320.9 321.1 321.3 321.6 321.5 322.8 325.1 327.7 329.6 328.7 328.9 328.6
280.4 282.2 287 296.6 306.1 316 321.9 325 327.1 327 323.6 318.4 310 300.1 291.2 294.6 298.2 297.2 294.3 292.5 289.5 295.7 301.1 305.2 311.1 316.4 320.2 322.6 322.5 322.4 322.3 323.3 324.5 324.8 325.1 324.8 324.1 323.6 322.6 323.5 326.7 336.2 344.1 346.3 344.7 345.1 342.5 333.1 325.6 322.9 314.2 309.8 307.2 304.2 305.1 306 307.1 305.3 306.9 310.5 313.5 315 316.8 319.2 320.7 320.6 320.4 320.2 320.1 319.1 319.8 322.6 325.4 329 331.5 329.1 329.6 329
285.4 287.8 293.6 302.4 311.4 319.2 324.4 327.8 329.5 329.3 324.7 318.6 310 300.2 295.3 300.4 304.1 301.3 297.5 293.8 294.4 299.3 304 309.1 315.5 319.1 321.4 323.3 324.7 324.6 324.2 324.7 325.7 326 326.8 327.1 327.1 327.2 327.9 332.5 337 343.5 350.4 351.1 347.4 348.1 337.2 328.3 326.9 323.5 315 311.2 307.6 307.3 308.7 310.4 309.8 307.9 313.9 314.1 314.8 317.1 320.3 321.8 321.3 320 319.9 318.9 317.9 317.6 319.2 322.5 324.7 328.3 329.2 328.5 328.6 327.3
287 291.7 298.5 308.2 317 323.8 330.9 332.2 334.4 333.8 325.3 317.3 308.8 301.3 300.2 304 304.7 299.6 294.6 293.6 297.1 301.2 306.1 312.4 320.3 323.7 322.4 320.2 322.8 322 322.5 325.1 326.8 327.6 328.3 329.7 330.5 333 337.7 344.1 348.2 350.5 351.7 349.9 345.1 339.8 328.9 325.6 328.8 329.7 323.1 317.3 313.6 312.7 313.5 315.3 312.8 316 320.1 318.3 320.1 323.6 323.4 322.9 321.7 319.9 318.7 317.4 316.8 317.3 318.6 320.4 323.2 325.3 324.9 325.5 325.4 325.9
285.2 293 302.4 313.8 322.4 330.1 336.5 337.3 338.4 330.2 321 314.8 307.7 303.8 304.5 303.7 296.3 290.4 288.1 294.4 298.6 303.1 307.5 315.7 324.6 322.7 315.2 310.1 307.3 306 309 313 321.2 326.5 328.9 330.9 335.7 342.3 349.5 354.4 355.2 352.3 346.7 340.2 333.1 326.5 321.9 323.1 325.5 327.6 326.6 324.6 322.7 320.2 320.2 319.9 316.6 319.1 322.9 324 325.9 325.9 325 324 322.5 320.5 318.4 315.6 317.2 317.4 316.3 317.1 319.9 320.1 320.3 321.8 321.5 323.6
285.1 294.7 307.2 318.5 326.8 336.7 341.3 341.9 339 324.4 316.1 309.7 305.2 302.8 301.2 298.4 289.1 282.3 283.2 293.5 299.9 304.4 309.1 316.3 313.1 304.4 298.9 298.7 300 302.3 304.7 307.3 311 316.9 325.7 334.5 345.6 354.8 360.8 362.5 360.5 352.2 344.6 335.4 324.9 318 317.8 318.2 320.3 322.2 323.3 324.9 324.5 323.3 323.6 324.5 320.9 323.7 325.7 328.4 328.9 328 327.5 326.2 323.8 320.8 316.6 314.5 316.7 314.9 313.2 314 315.5 314.9 316 317 317.6 319
286.4 297.4 311.4 323.3 335.4 342.4 346 343.3 331.3 322 317.7 312.6 305.6 299.5 294.9 288.1 281.7 279.9 281.8 287.6 300 304.8 308.1 303.2 295.1 292.2 293.6 295.7 297.6 300.2 304.6 307.6 310.1 315.1 325.7 340.9 353.7 364.8 368.1 368.3 359.1 349 340.6 326.1 314.1 311.6 312.2 313.3 314.6 316.3 318.5 320.7 322.5 323.4 322.4 320.8 323.4 325.5 328.2 330 330.7 330.4 328.6 326.8 322.2 318.8 312.5 313.8 313.8 312.2 310 310.3 310.5 309.9 310.8 311.7 314.2 314
289.3 301.3 315.4 328.1 339.4 346.3 347.5 346.4 334.1 326.3 324.4 320 308.5 297.8 290 283.1 280.2 278.6 278.3 282.2 298.5 299.6 292 288.5 288.9 289.7 291.5 293.1 296.8 301.4 306.2 309.6 315.4 320.5 325.4 343.5 362.5 370.3 372.7 367.9 355.3 342.4 328 312.4 305.3 304.1 304.3 305.7 307.8 310.7 313.9 316.6 318.6 320.5 319.3 320.7 324.5 328.2 328.2 329.3 330.5 329.7 328 323.1 319.6 313.8 309.9 310.9 310.3 308.5 305.3 305.1 305.5 303.9 301.3 305.8 309 309.3
292 306 319.9 334.4 343.5 348.4 350.9 348.1 334 324.6 322 316.7 303.7 296.1 289.7 284 278.3 276 274.1 276.2 280.7 283.2 284.9 286.9 288.4 288.7 291.5 294 296.8 301.8 308.9 317.3 329.5 338.9 344.9 356.4 369.9 375.3 375.2 365.8 350.3 331.5 314.2 303.6 297.5 294.6 295.5 297.1 300.2 303.8 307.7 311 313.7 314.6 316.9 321.5 326.1 326.4 327.2 327.2 326.8 326.4 323.4 318.9 315.1 308.2 308.1 308.1 306.7 306.3 309.2 309.9 310.2 309.5 306.4 301.4 301.6 303.3
293.2 309.5 326.4 339.1 349 352.9 353.1 341.3 330.5 319.4 313.5 307.3 301.1 294.7 288.3 279.7 274.5 273 272 272.3 275.8 280.2 282.9 285.6 287.1 287.7 290.5 292.5 299.9 308.5 319.2 334.9 349.3 358.5 363.9 371.4 378.2 374.4 366.1 352.8 337.5 324.1 316 309.2 292.8 284.3 285.2 287.2 291.2 294.2 296.7 300 303.6 310.6 314.9 321.3 322 324.6 325.8 324.7 324.2 321.3 315.1 312.3 308.3 306.9 306.7 306.2 306.7 309 311 313.1 314 313.5 310 304.9 302.4 300.9
296.2 315.3 331.1 343.6 350.7 351 342.6 324.1 315.2 308.1 306.3 301.8 298.7 292.6 283.5 274.5 270.9 270.9 270.6 270.8 273 277.4 281 284.2 286.5 288.7 291.5 296.5 308.1 320.6 337.9 351.7 361.7 370 377.5 384.5 381.3 370.7 358.9 345.8 338.1 333 325.9 314 293.9 276.4 275 277.5 280.6 283.4 284.3 287 291.9 303 310.3 318.8 325.1 326.9 327 324.9 321.9 318.7 312.7 310.2 307.9 307.3 306.6 306.8 308.7 310.8 312.8 315 317.4 316.5 313.4 308.3 305.9 303.6
302.2 318.9 335 346.5 349 340.4 328.5 306.8 298.3 300.5 297.8 293.9 291.9 286 277.7 268.9 267.1 267.9 269 270.6 272.8 276.2 279.5 283 285.4 289.8 294.2 302.6 316.1 334.5 351.8 363.9 372.4 380.3 387 385.2 376.2 367.4 358.2 350.1 344.8 340.3 325 302 283.4 270.3 265.6 267.7 270.1 272.1 273.2 277 285.9 298.7 314 325.5 330.7 330 328.9 326.2 323 315.9 312.4 309.9 308 307.4 307.3 307.9 309.8 312.6 314.6 318.3 321.1 318.6 314.5 310.6 308.8 305.8
307.3 323.4 338.9 346 340 327.4 304.1 291.2 292.4 294.4 288.8 281.9 278.8 272.5 265.8 262.9 262.9 264.6 267.7 270.5 273.1 275.8 278.9 281.9 285.7 289.7 294.6 306.2 322.7 344.1 363.3 375.1 382.1 387 381 372.8 367 363.2 356.5 351.5 337.1 316.9 298 279.8 269.2 261.8 259.5 260.8 262.7 265.4 272.7 289.3 302.8 316.3 327.6 331.8 333.6 332.8 330.7 328 322.6 316.4 312.1 310 308.4 307.9 308.2 309.4 312.5 314.7 316.4 322 323.7 321.6 316.6 312.5 310.7 307.5
311 326.5 340 346.7 335.2 309.1 287.2 284.6 285.4 285.3 280 271.8 265.6 258 255.7 259 262.1 264.3 267.2 270 272.9 275.7 278.3 280.6 284.4 288.5 293.3 304.8 323.4 345.3 368.3 378.5 381.5 372.5 365.3 358.2 355 353.1 351.2 331.6 315.2 299.4 277.8 264.8 259.5 256.3 254.7 257.4 262.2 272.5 288.8 303.9 318.1 327.6 333.1 335.6 336.1 334.5 332.3 328.8 321 315.1 311.5 309.5 309.3 309.2 311 316.4 318.7 319 321.2 326.2 326.9 323.8 318.5 316 312.5 305.8
315.4 328.8 338.4 335.9 321.6 295.5 280.4 277.5 276.1 275.3 271.7 264.4 256.3 250.3 254.3 259.1 262.2 264.4 266.9 269.5 272.2 275.2 277.9 280.4 283.9 288.7 294.1 303.2 320.7 344.8 363.7 368.5 365.4 361.2 352.5 343.5 338.2 342.1 326.9 315.6 300.8 280 263.3 254.8 252.4 251 254.2 266.2 277.8 288.3 306.3 319.6 328.2 333.9 337.2 338.4 337.9 335.8 332.9 327.5 318.4 313.1 310.9 312 311.2 313.3 318.1 321.5 323.5 325.2 326.8 330.6 329.4 323.6 319.9 317.3 309.5 311.7
320 330.4 333.9 325.2 309.9 284.3 275.5 272.7 270.5 268.7 265.3 259.2 251.8 251.3 256.3 259.7 261 262.7 265.6 268.4 271.2 274.8 278 282 287.3 292.5 296.1 302.8 316.7 334.8 342.6 349.6 356 356.4 349.6 333.4 325.5 315.8 309.7 298.1 280.9 264 251.6 248.3 247.5 250 265.7 280.2 294.3 306.1 318.2 326.3 333.7 338.2 340.1 340.5 338.9 336.1 331.8 323.9 316.8 313.3 313.1 314.6 313.9 320.1 323.9 326.2 328.8 330.1 332.3 333.2 330.1 324.7 320.9 314.7 312.6 316.7
325.4 332.2 328.6 313.1 294.1 277 271.2 267.9 265.6 262.5 258.9 253.2 249.4 253.6 257 258.7 259.9 261.2 263.8 266.4 270.1 274.3 278.1 283.1 290.4 295.8 302.6 305.9 311.5 318.6 332.9 347.1 355.4 361.2 356.5 338.8 314.2 297.7 290.6 278.3 264.4 252.8 246.8 244.8 245.8 256.3 275.7 291.6 305.1 317.5 325.5 332.1 337.2 341.4 342.8 342.1 339.2 335.8 329.2 321.5 318.3 314.5 314.7 316.3 318.8 324.2 327.5 331 332.1 332.7 334.4 334.2 329.1 325.1 320.8 310.6 320.1 321.7
331.5 334.7 323 302.6 281.6 273.7 268.9 264.9 260.6 256.9 253.6 245.8 246.9 252.8 255.8 257.4 259 260.4 263.2 265.3 268.3 272.5 278.8 284.5 291.7 301 310.9 316.6 325.5 338.1 352.1 360.3 368.6 371.5 362.6 343.4 313.9 290.3 278.8 267 258.1 249.3 245.4 242.6 246.3 256 271.3 292.6 311.5 323.6 331.3 336.5 340.2 343 343.8 341.5 338.2 334.1 327 324.1 319.6 315.6 316.7 319.2 326.5 328.8 331.3 334.2 334.1 334.4 334.4 333.1 328.4 324.8 316.6 320.6 325.9 328.2
336.4 336.3 322.5 297.7 278 272.1 267.4 262.9 259.5 254.5 248.9 242 245.8 251 253.8 255.9 257.4 259.7 262 264.9 267.3 271.4 277.9 285.2 292.8 305 317.1 328.2 341.4 355.4 365.8 373 381.7 376.8 365.4 351.8 331.4 304 277.2 261.9 252.9 246.8 243.4 241.7 246.5 252 264.4 286.4 313.1 327.7 334.6 339.5 341.9 344.2 343 341.4 338.5 332.4 328.9 324.4 318.3 319.1 323.5 327.7 329.5 331.9 334.6 335.4 335 334.7 334.3 332.8 327.3 323.2 315.5 325 328 333.2
