UK/data/nx/nx99_OST50GRID_20230518/NX99.asc
ncols 200
nrows 200
xllcorner 290000
yllcorner 590000
cellsize 50
[rows 140 to 174 of 200, columns 79 to 157 of 200]
316 316.4 315 313.3 309.6 307.4 305.3 302.5 300 297 293.9 291.1 291.3 289.4 289.3 290.2 292.7 293.7 297.5 300.4 303.5 302.5 297.3 295 291.9 290.7 290.8 290.3 289.7 288.7 286.7 285.7 281.4 275 269 260.7 251.8 244.4 235.3 226.7 218.5 208.1 198.2 194.7 193.8 196.1 200.2 208.9 218.2 223.2 231.4 234.1 236.5 238.1 237.3 235.2 235.5 237.6 242.7 247.7 249.6 250.9 250.4 244.5 235.4 226.1 223.3 216.4 209.8 206 214 221.7 229.6 233.8 236.2 234.6 233.3 232 230.1
312.6 310.5 308.5 308.4 309.6 307.9 305.5 303.4 300.9 298.1 295.8 294 293.3 292 292.4 294.5 297.7 299.9 301.4 305.4 309.7 310.7 304.1 301.1 296.6 294.2 292 290.3 288 287.1 283.5 279.1 277.4 274.1 267.9 260.4 252.5 245.6 237.3 229.5 221.8 211.2 201.7 198.3 194.9 192.4 196.1 200.8 208.6 217.6 221 225.3 229 232.2 231.8 231.1 232.4 233.7 240.4 248.2 251.3 252.5 253.6 249.6 242.6 233.4 225 218.9 212.8 204.1 210.9 217.7 225.5 231 233.8 232.8 229.9 227.8 224.3
303.7 305.2 306.7 307.4 309.4 307.6 306.3 304.8 302.4 301.1 298.9 296.9 295.2 295 296.4 303.4 307.6 307.2 305.3 310.2 312.5 313.1 309.9 304.4 299.7 294.3 291.6 290.2 287.1 284.8 282.1 276.8 274.9 273.3 266.4 260.2 253.5 247.2 240.3 230.6 221.7 214.5 205.9 201.1 196.8 194.7 191.6 195.2 201.5 208.8 211.4 215.8 221.4 223.9 227.6 227.4 227.5 228.6 232.8 243.8 252.2 252.9 249.7 249.1 245.6 239.1 229.6 221.6 214.9 205.6 206.9 218.2 222.7 227.5 232.3 231.1 228.5 225 221.2
301.1 303.9 305.5 306 307.3 307.9 306.3 304.8 304.4 303.2 301.4 299.3 298.4 305.6 309 311.2 314.2 313.9 310.3 311.1 313.1 313.3 311.1 304.2 301.3 295.5 290.4 287.8 285.1 281.5 277.5 274.4 271.2 268 265.5 260.9 253.9 244.8 238.9 234.3 223.9 218 210.8 203.1 199.1 196.3 192.6 189.3 191.9 197.7 205.8 210.5 215.4 218.8 222.7 224.6 224.3 224.9 228.8 236.7 245.9 248.6 248.8 247.8 245.4 240.5 231.8 224 215.1 203.4 205.1 219.5 225 228 231 229.3 226 221.6 216.9
301 301.9 304.5 305.3 306.5 307.4 306.2 306.9 308.2 307.1 305.7 306.1 310.7 319.6 322.2 320.1 318.1 316.4 313.2 310.4 311.3 310.9 310.2 306.7 301.7 295.5 289.7 286.2 283.2 279.5 277.4 272.4 270.2 266.8 264 260.9 257.5 247.8 242.4 234.7 227.1 221.2 213.3 205.4 199.7 195.2 191.5 190 188.9 192.9 200.5 204.8 209.6 210.9 215.1 217.5 220.3 218.6 220.2 227.9 236.8 243.3 246.1 245.3 241.3 233.8 224.8 216.7 209.3 198.7 209.2 221.9 233.9 237.7 237.8 233.7 229.3 224.6 219.4
302.2 302.8 303.7 305.1 306.4 307.9 309.9 314 315.1 315.3 314.4 316.3 317.5 322.8 323.8 321.5 318.7 317.3 312.6 310.4 309.6 309.5 307.5 304.9 301.1 294.7 288.8 283.7 279.2 277.1 275.4 271.6 269.4 267.4 264.9 262.5 258.6 248.8 241.7 231.5 223.7 215.9 214.5 211.5 208.6 202.2 198.3 195.9 192.8 186.2 192.3 198.2 202 202 206.2 211.2 212.9 213.8 214.4 218.9 228.7 236.2 240.7 242.6 238 228.1 218.2 209.3 200.6 198.8 217.4 229.9 241 245.9 244.5 240.8 234.1 226.5 220.4
303.1 305.1 306.7 307.9 308.9 310.8 316.6 321 322.7 322.3 321.5 317.7 319 320.2 321 318.3 315.8 313 311.3 307.2 308.6 307 304.7 303.4 299.7 295 290.6 289.9 284.8 278.1 273 267.6 264.4 265.8 256.1 260.6 257.2 250.4 246.4 239.1 233.1 227.8 219.4 217.5 215.3 212.9 209.4 207.2 203.6 194.8 187.2 186.8 193.8 193.6 198.6 204.7 206.4 208.8 208.6 212.3 218.9 227.7 232.2 233.6 230.1 222.3 211.2 205.7 195.2 212.9 227.1 242.1 248.3 251 250.5 248 243.9 234.8 222.6
306 308.1 310.8 312.3 314.4 317.8 324.9 332.6 334.6 329.4 322.7 318.8 314.8 315.9 316.3 314.7 310.4 309 305.2 304.8 306.8 307 305.2 303 300.4 299.3 300.3 299.7 293.9 283.9 275.2 270.8 267.2 263.3 266.5 265.5 263.3 256.5 249.1 245.3 237.2 230.8 225.3 223.9 221.6 218.9 218.4 217.2 213.9 207.4 196.9 191.1 182.8 190.8 195.8 196.8 198.6 202.4 204.7 206.9 211.1 216.9 223.7 224.6 224.7 218 207.2 191.3 201.2 222.3 242.2 253.7 257.6 257.1 255.5 253.2 249.5 242.8 235.1
313.7 315.6 319.1 321.6 321.2 325.8 332.8 339.3 338.4 333.4 325.2 319.1 312.6 309.4 311.5 309.8 306.7 304.8 301.5 298.6 301.6 303.8 304.2 305.7 305.1 303.7 305.1 304.9 301.8 293 280.4 270.8 266.2 267.8 268.2 267 264.5 263.2 254.4 247.8 240.9 236 231.5 230 229.8 226.7 225.2 224.3 223 217.4 208.4 199.2 193.8 182.2 182.8 190.8 193.1 196.2 198.4 202.8 205.5 210.8 215 217.6 220.3 212.6 201.3 192.7 206.2 229.7 247.6 259.1 262.5 260.6 260 257.5 254.1 249.3 244.9
323.3 323.6 327.6 330.8 332.4 334.8 339.6 341.6 339.8 333.3 324.8 316.5 310 306 304.4 304.7 302.3 299.9 297.2 295.2 293.8 296.9 302.5 306.3 309.3 308.7 307.8 307.2 304.7 298.4 288.4 275.9 272.2 271.9 271.3 270.6 268.6 267.2 264.7 256.8 250.4 244.3 238.5 236.7 234 233.3 231.5 229.9 227.7 222.3 215.2 207.6 198.3 193.4 189.4 179.1 187.5 191.2 190.8 193.8 196.6 202.9 208.6 211.6 214 210.7 197.2 192.8 210.1 233.4 250.3 262.2 264.9 264.1 262.9 261.9 259.9 255.5 252.3
328.2 331.5 335.5 340.4 342.9 342.8 341.3 341.7 339.9 334.4 324.3 319.1 310.7 303.8 301.5 297.5 296.9 294.8 292.1 290.2 288.9 290.2 295.1 303.7 309.7 313.1 313.3 311 307 301.2 293 284.8 281.4 282 280.7 278.4 276.6 273.1 271.7 265.2 259.2 254 245 241.2 237.9 235.7 234.9 232.8 231.3 227.2 220.4 214.6 207.5 199.2 193.5 185.8 175.6 182.8 186.1 187.9 191.4 193 197.2 203.7 206.8 204.7 191.6 192.6 208.9 229.5 246 259.8 266.5 267.6 266.5 264.2 263.5 262.2 260.8
333.2 338.2 343.6 347.7 347.3 345.1 343.7 340.5 339.2 335.3 327 318.1 310.7 301.9 297.8 294.8 292.2 290.6 287.7 286.8 284.7 287 292.1 300.7 307.7 313.5 316.1 315.5 310.1 303.6 297.3 289.8 286.8 286.7 286.2 284.1 281.9 278.3 275.1 271.1 264.1 259.3 251.9 244.2 240.9 239.2 238.3 233.8 230.7 227.6 223.2 220.1 213.2 203.3 199.2 191.2 183.1 174.6 175.8 183.1 185.5 190 194 191.1 196.9 197 187.8 191.4 204.3 224.2 242.7 255.4 264.2 267.7 268.7 268.9 272.2 272.7 272.5
337.2 343.2 347.9 349.3 348.3 346.9 346.3 343.2 339 333.1 327.1 316.8 308.4 300.5 297.5 292.5 288.7 285.9 283.6 282.9 281.4 281.9 288.9 297.3 304.2 310.7 315.1 315.8 312.7 306.3 300.5 295.6 291.4 290.6 289.5 288.3 285.9 282.5 277.8 273 267.8 263.1 254.9 248.7 245.7 241.8 237 232.8 229.7 231 230.1 227.9 223.1 218 211.2 203.3 188.6 180.7 171.3 174.5 177.5 182.6 187.2 189.6 188.9 194.7 187.2 188 200.1 216.4 235.6 247.5 258.1 264.7 271.7 278.4 280.8 281.6 282.5
345.4 347.4 346.1 347.1 347.9 347.1 346.9 344.9 338.7 329.5 321 313.9 305.6 300.2 297.1 290.8 286.7 282.2 280.8 277.3 277.4 278.1 282.8 292.3 299.5 305.5 310.9 314.3 313.1 308.5 303.3 298.6 295.1 292.9 291.5 290.2 288.3 285.7 281.7 275.2 269.9 264.5 258.9 252.5 245.8 240.2 237.9 237.6 237.2 237 235.8 232.8 229.2 223.8 216.5 207.8 199.9 187.2 178.5 170.4 169.5 170.9 179.7 183.6 182.4 187.3 179.8 187.4 194.5 207.9 226.5 240.5 250.6 261.1 271.1 283.4 291.9 293.1 293.9
349.3 347.3 340.8 341.9 343 342.2 342.3 342.2 337.3 326.9 317.8 312.4 303.8 297.8 293 288.5 284 279.4 275.6 274 274 276.7 279 286.5 294.1 300.6 305.6 310.1 311.6 309.2 305.1 301.5 297.5 295.4 292.5 290.8 289.3 287.1 283.6 277.7 271.3 267.1 259.8 254.4 246.6 243.7 243.7 245.5 246.8 244.3 241.4 240 233.8 228.5 221.4 214.8 206.9 199.1 189.2 173.5 170.7 166.5 168.8 178.1 179.2 178.9 173.4 186.9 192.8 200.8 217.9 232.4 244 254.8 267.1 282.6 297.5 307.2 309.1
337.1 337.8 336.6 334.3 335 334.2 333.4 334 331.3 324 314.9 308.9 300.6 296.9 293.2 286.1 282 277.4 271.7 270.7 270.8 274.8 275.5 282.8 289.3 295.4 300.3 304.8 308.3 308.9 305.5 302.3 299.1 295.9 293 291.4 289.5 287.7 284.1 280.3 274.3 268.8 264.2 257.2 250.4 249.4 253.1 257.3 258.3 258.2 252.1 246.1 239.6 233.1 226 219.5 213 203.8 197.3 181.7 171.7 166.9 166.4 169.1 174.9 172.3 170.8 179.6 189 197.1 208.3 226.4 236.6 248.7 261.9 280.2 296.7 307.9 316.3
326.3 327.8 328.2 327.7 325.7 324.2 324.3 322.9 321.8 318.9 313.4 305.4 300.5 297.7 294.1 288.7 280.9 275.5 270 267.6 267.9 271 273.5 278 284.8 290.7 295.2 299.6 303.5 306.1 306.5 303.7 300.1 296.9 293.5 290.7 289.2 287.7 284.8 281.1 275.6 271.2 264.8 257.6 253.1 254.4 259 263.5 267 267.6 261.9 252.2 244.8 237.7 231.8 221.8 214.5 207.6 200.7 192.4 177.4 169.4 165.6 164.5 166.9 171.2 169.2 172.6 184.6 194.2 203.9 219.9 231.6 243.1 255.5 274 293 303.4 314.6
318.7 318.2 319.9 320.7 318 315.3 315.7 314.7 314.1 312.3 308.7 303.3 300 296.6 293.3 288.1 281.5 274.5 268 266.5 265.6 268 270.8 274 280.4 286.8 290.6 294.8 299.2 302.9 305 304 300.5 297.1 294 291.3 289.3 287.5 284.8 280.3 275.9 271.8 265.2 260.5 259.8 260.4 266 270.9 270.1 266.3 264.4 255.9 248.4 240 232.4 226.8 218.7 207 204.5 196.9 183.8 173.2 168.1 165.6 162.7 164.6 168.4 167.1 175.9 190.3 201.9 213.7 224.7 235 249.5 269.6 286.6 297.8 307.3
315.2 319.4 314 312.2 310.9 308.7 308 307 305.5 303.5 300.2 300.4 297.8 294.6 292 288.1 281.9 275.1 269 266.7 264.1 264.9 267.4 270.4 275.9 282.8 288.3 291.5 295.9 299.4 301.9 301.9 299.5 297.1 294 291.3 289.4 286.7 285 281.7 278.4 273.5 267.8 262.5 261.3 265.3 268 271.5 266.4 267.9 262.5 258.3 249.4 243.7 235.7 227.3 219.4 213.4 203.9 197.4 190 179.3 172.2 164.2 161.4 161.9 163.6 164.5 172.5 184.7 198.9 209.1 219.1 228.6 245.3 265.7 281.4 292 299.4
315.3 313.8 312.5 304.1 301.1 301.8 301.9 300.3 298.1 296.1 297.4 298.6 295.4 292.4 289.6 287.1 282.3 275.2 269.8 266.5 263.4 263 265 267.7 272.1 279.6 285.6 288.5 293 296.3 299 300.8 300.5 296.7 293.4 291 289 287.2 285.5 283 280.3 276.8 271 263.9 262.5 266.8 266.2 267.9 266.7 267.3 262.9 256.9 251.5 245.5 238.1 228.5 221.4 213.2 204.2 197.5 189.6 184.7 177.1 167.1 161.8 161.5 160.7 163.7 170.3 180.4 194.1 205.4 216 224.8 241.1 260.7 271.8 284.3 291
310 309.4 306.3 301.4 297.3 298.1 296.8 294.5 292.1 290.2 293.3 294 292.4 290.3 288.2 285.8 282.7 276.7 272.7 266.1 264.4 261.6 262.9 264.5 269.9 275.5 282.1 285.9 292.1 293.3 296.5 299.2 299.8 297 293.6 290.6 289.1 287 285.7 284.1 281.2 281.8 274.6 266.9 263.7 262.2 262.4 265.7 263.3 265.7 260.5 257.6 251.6 241.8 236.8 229 222.5 213.6 206.5 198.9 190.9 181.5 177.1 170.2 163.6 159.9 160.9 161.4 164.8 177.7 190.4 204 212.4 220.6 234.6 248.4 262.2 274.6 282.9
307.2 304.1 300.4 299.5 294.7 290.8 290.6 287.8 286.4 286.3 289.3 289.4 288.6 287.4 286.8 284.7 281.9 278.7 274.9 266.8 265.3 261.9 261.1 261.6 266.4 271.1 277.4 282 289.6 291.1 293.4 296.6 298.2 297 294.9 292 289.1 287.5 286.4 284.8 282.9 282.6 278.7 271.5 263.5 259.8 258.3 259.5 260 262.6 259.8 255.4 250 245.1 239 232.3 223.9 215.8 206.4 199.4 193.3 185.6 179.6 168.7 165.4 159.5 158.6 160.6 163.5 171.2 182.9 199.9 209.8 217.7 227.3 238.5 255.3 265.9 275.2
301.1 299.7 295.1 292.6 290 285.2 284 283.7 283.3 283.7 285.2 285.3 284.6 284 286.3 284.6 281.9 279.2 276 270.1 263.2 261.4 259.6 259.9 264.3 268.8 274 279 286.8 288.6 290.5 293.7 295.3 294.9 293.5 291.8 288.9 287.6 287.1 285.4 284.2 284.7 281.2 276.5 268.1 261.6 259.5 254.6 252.3 253.4 256.9 254.5 249.6 243.3 237.7 231.5 225 215.8 208.2 200.5 193.7 189.7 178.9 169.7 165.9 162.7 158.2 157.7 160.5 170.2 178.2 195.7 207.9 216 224.5 233.4 245.8 259.5 267.6
293.8 295.7 292.2 288.4 286 283.9 279.9 280 279.2 284.2 281.5 281.9 281.3 280 282 283.2 282.2 280 277.1 273.9 266.3 261.1 260.1 259.2 260.5 266 272.3 277.3 284.3 286.5 288.6 291.2 293 293.6 293 290.9 288.8 287.4 286.9 285.4 284.6 285.1 285.1 281 275 268.1 260.2 255.4 252.6 242.6 240.5 241.7 244.4 240.4 239.1 232.7 224.3 217 209.3 201.9 194.7 189.5 182.2 172.6 166.4 162.6 158 156.7 159.1 167.4 176.9 191.6 202.6 213.4 221.5 229.3 239.1 250 259.2
287 288.8 289.1 285.1 281.4 279 276.9 279.5 278.5 277.2 279.2 278.9 278 277.2 277.7 280.9 280.8 279.4 277.3 274.6 270.8 263.1 259.6 258.4 259.7 264.6 269.6 274.7 281.1 284.2 286.5 286.7 290.3 291 291.1 289.7 288 287 287.3 286.2 284.5 286.2 287.5 285.1 278.6 272.3 263.7 257.6 252.7 248.6 240.9 237.9 235.7 234.5 235.1 233.4 226.2 218.7 209.6 202.3 194.3 189.4 183.1 173.8 166.2 164.6 159.5 156.8 157 162 173.4 187.2 196 209 217.4 224.7 232.4 240.3 251.1
280.8 282.8 283.4 282.4 277.1 274 273 275.5 276 274.9 275.1 275.1 275.9 274.9 275.6 276.7 277.7 277.4 276.4 274.6 271.1 265.1 261.3 259.3 257.7 260.6 266.7 271.3 276.3 282.3 283.7 286 287 288.7 289.2 287.5 286.3 286.4 286.8 286.1 285 284.8 286.6 287.2 281.6 275.3 267.3 260.5 254.2 248.1 240.9 238.4 237.2 235.4 224.5 227.4 223.7 217.8 209.5 198.4 192.5 185.4 181.9 176.2 166.2 166 160.5 156.4 155.7 157.5 170 181.6 191.3 202.2 213.1 220.1 229.9 241.8 252.6
271.5 275.2 276.9 275.8 272.7 269.9 272 274.9 274.2 273.6 271.1 270.9 270.2 271.2 271.4 273.4 274.1 274.4 273.6 272.7 270.8 266.2 263.4 259.9 257.8 256.9 262.7 268.6 274.3 280.9 280.8 283.4 285.5 286.2 287.1 286.8 285.4 286 285.9 286 285 282.9 283.2 283.7 283.5 277.3 270.3 263.1 256.2 249 240.8 233.7 235.7 235.5 231.5 217.4 214.7 210.6 207.3 197.8 191 185.2 178.2 172.3 167.2 164.1 159.2 156.6 155.7 157 165.1 177.1 188.8 202.1 211.1 220.4 232 247 256.4
263.8 265.2 267.7 268.1 268.3 268.2 272.2 274.5 273.8 272.1 271 266.4 264.6 265.2 267 268.6 269.1 269.5 271.3 270.7 269.5 266.1 263.3 261.9 258.4 255.9 258.5 264.7 270.5 275.5 279.2 282.1 283.3 283.4 283.4 284.7 284.7 285.6 285.1 285.6 285.5 284.3 281.6 281.2 280.8 280.1 272.1 264.9 258.2 254 245.7 237 230.2 234.5 231.6 222.7 214.7 209.1 202.8 195.1 182.9 176.7 172.1 175.3 168.5 162.6 158.5 156.2 154.9 156.5 163.3 173.7 186 200.1 208.2 219.1 234.7 251.4 260.9
259.1 257.8 259.1 262.2 265.5 269 272.4 274.8 274.6 271.3 268.8 266.6 264.1 260.9 261 264.4 264.5 264.8 265.9 267.8 267 265.2 262.1 260.1 258.4 255.1 256.9 260.4 265.6 272.6 276.3 281 280.3 281.7 281.1 281.8 283.6 284.4 284.1 285.1 285.3 284.5 283.2 281.5 279.8 277.5 274.8 267 263.2 256.1 247.7 245.3 239.2 232.6 226.3 221.7 216.1 203.3 198.1 198.6 189.3 186.4 181.1 170.8 166.3 162.3 159.7 157.2 154.3 155 162.1 171.4 181.9 195.8 207.1 219.8 233.6 249.5 256.1
259.4 259.4 258.9 260.7 263.8 269.5 274.7 276.5 274.2 272.3 268.3 265.4 263.1 260 259.5 258.8 262.6 262.3 263.5 265 266 265.1 262.2 257.9 256.4 254 255.2 259 261.4 266.6 273.4 276.5 279.7 281.7 280.6 281.3 282.9 283.5 283.2 284.4 286.4 287.7 288.4 284.7 280.8 278.6 273.9 268.6 264.1 257.9 254.1 254.6 251.3 244.3 238.6 233.3 228.7 221.3 206.9 200 186.4 180.9 179.2 178.5 170.4 163.3 159.1 156.4 154.7 153.1 161.8 171.1 179 191.8 206.2 217.9 229.2 243.5 251
259.5 258.5 259.2 259.4 261.9 266.1 273.7 276.8 275.9 272.4 268.7 265.2 262.5 259.7 258.8 258.7 255.9 257.9 260.9 262 262.3 263.2 261.9 257.3 254.9 252.4 254.4 257.6 259.7 261.6 267.5 273.1 275.8 279.3 279.8 280 279.6 280.2 280.5 284.2 289.5 291.8 294.4 291.9 285 278.4 275.6 271.3 266 263.1 262.1 261.9 261.6 256.4 249.8 243.1 237.3 231 222 206.8 197.3 187.5 175.7 170.7 164.3 161.5 160.5 155.7 153.2 152.6 159.2 169.5 177.1 188.9 200.7 212.6 225.5 240.7 241.3
260.3 258.6 258.2 260.2 260.1 264.5 270.3 273.8 275.8 273.1 268.7 264.7 262.4 259.5 259 257.4 255.2 257 258.7 259 259.9 259.9 260.6 257.2 254.5 251 253.3 256.4 258 259.3 263.5 267.6 272.4 277.2 279.3 279.7 277.8 277.9 284.8 289.9 294 296.5 298.8 298.9 290.5 281.7 275.9 271.4 270.2 271 269.9 270.1 268 263.7 257.3 249 243 235.1 226.8 217.2 207.8 198.8 184.9 175.7 167.3 164.8 159.8 155 151.2 151.2 157.9 167 175.6 185.8 199.3 209.2 219.6 233.7 233.7
261.1 258.2 258.7 260 259.6 260.6 265.7 269 270.8 270.6 268 263.9 261.7 258.9 257.6 255.5 254.4 255.8 256.4 256.3 257 257.3 257.4 256.7 253.7 250.6 250.3 253.5 257.4 257.9 260.3 261.8 268.6 274.1 276.3 276.8 279.2 279.1 281.5 295.1 297.7 297.6 298.5 298.4 295.1 286.6 278.7 273.9 274.2 275.5 276.5 274.2 271.2 268.5 264.8 255.3 247.8 241.1 231.3 221.4 214.5 205.9 192.1 179.8 171.2 165 162.1 154.5 150.9 150.4 161.5 166.2 171.7 183.4 194.8 206 215.6 229.2 227.4
261 259.7 257 259.4 258.5 258.2 260.2 263.5 263.3 264.9 266.6 263.7 261.1 258.1 256.1 254 248.7 254 253.8 253.8 253.8 255.3 254.7 253.1 251.9 250 248.1 250.3 253.9 257 256.1 257.7 262.6 268.2 272.4 275.3 281.9 282.1 290.8 299.1 300.9 302.1 300 296.7 294.5 290.5 280.3 275.4 276.5 279.2 280 276.2 273.4 270 265 257.7 253.7 243.9 235.2 226.6 223.9 212.7 195.7 180.9 176 167.9 161.2 154.9 151.3 150 161 165.5 171.6 184.2 195.4 204.4 212.8 220.3 219.6
259.8 260 258.6 257.2 257.5 257.2 258.2 259.2 260 261.3 264.7 257.4 250.2 248.7 247.1 245.8 244.5 245.6 249.3 251.1 251.1 252.1 251.5 251.1 250 248.4 246.3 247.6 250.4 252.8 255.1 254.6 257.6 262.4 267 272.8 279.6 295.9 297.8 302 304.2 303.6 298.8 296.1 293.6 289.5 281.8 278.4 280.1 279.7 281.2 277.8 273.1 268.5 263.4 257 253.6 243.2 237 226.9 224.2 217.8 206.2 192 179.9 173.3 164.6 159.2 151.7 148.9 153.1 164.8 170.9 184 196.1 204.3 210.4 215.7 215.2
