WholeMapElevations/data/tr/tr13_OST50GRID_20230518/TR13.asc
ncols 200
nrows 200
xllcorner 610000
yllcorner 130000
cellsize 50
[rows 39 to 77 of 200, columns 0 to 87 of 200]
68.4 67.7 67.3 67.1 67.3 67.6 67.7 67.6 68.1 68.6 68.9 68.7 68.8 69.4 71.8 73.5 73.6 73.1 71.7 69.3 66.8 64.6 64.9 65.2 65.6 66.3 66.2 66.3 67.2 68.6 71 73.2 73.9 74.2 73.9 73.5 73 72.1 69.8 71.3 74.5 76.6 77.9 79.2 80.3 81.1 81.6 82.2 82.6 82.7 82.6 82.3 82.1 81.7 80.9 80 79.2 78.4 76.8 75.6 76.7 79.3 82.6 84.1 85.4 88 90.2 88.6 89.3 87.5 87.6 87.5 86.3 85.8 85.7 85.5 85.4 85.3 85.5 85.1 84.6 84.2 85 85.2 85.5 86.3 87.6 89.4
68.8 68.2 67.9 67.3 67.1 67.4 67.6 67.8 67.9 68.7 68.6 68.3 68 68.6 70.3 71.5 71.4 70.8 69.6 68.2 65.9 64.2 64.3 64.5 65.2 66.4 66.7 67.1 67.2 68.7 71.1 72.5 72.8 72.8 72.4 71.9 71.4 70.3 70.1 72.3 75.4 76.8 77.8 78.9 79.9 80.6 81.3 81.7 82 82.2 81.7 81.5 81.2 80.7 79.9 79.2 78.4 77.9 77 75.9 75.7 77.5 81 83.7 85.7 87.9 89.7 90 89.6 89.8 91.1 89.8 86.8 86.4 86.2 85.9 85.6 85.7 86.2 85.8 85.6 85.5 85.9 85.7 85.9 86.6 87.6 88.9
68.5 67.9 67.8 67.1 66.5 66.6 66.6 66.4 66.6 68.4 68.2 67.9 67.5 67.2 67.9 69.2 69.1 68.2 67 66.1 65.3 63.8 63.5 64.7 66.4 67.7 68.3 67.8 67.8 68.6 70.5 70.8 71.1 71.4 71.2 70.7 69.8 68.9 71.4 74.1 75.8 76.6 77.5 78.3 79 79.7 80.4 80.8 80.9 81 80.8 80.6 80.4 80 79.1 78.4 78 77.5 77 76.1 75.3 75.8 78.8 81.7 83.9 86.1 88.5 89.3 89.1 91.4 93.5 91.1 87.9 87.4 87.2 86.9 86.5 86.6 87 87.2 87.2 87 86.9 86.4 86.3 86.8 87.8 88.8
66.4 67.4 66.9 67.1 66.4 65.8 66 65.8 66.3 67.5 67.9 67.4 66.9 67.1 67.1 67.1 67.4 66.5 65.8 65.2 64.6 63.2 63.4 65.3 67.2 68.2 68.4 67.9 67.9 68.4 69.3 69.5 69.7 70.1 69.8 69.4 68.6 69.7 73.3 74.6 75.2 75.8 76.5 77.1 77.8 78.6 79.4 80.1 80.2 80.3 80 79.7 79.4 79 78.4 77.8 77.5 77.1 76.6 75.9 75 75 77 79.5 81.4 83.4 85.9 88.5 89.6 90.4 92.8 90.5 89 88.4 88.1 87.7 87.4 87.5 88.1 88.4 88.3 88.3 88.2 87.7 87.2 87.5 88 88.9
64.2 65.6 66.5 66.6 66.9 67.2 66.9 66.8 66.6 67.1 67.5 67.1 66.8 66 66 66 66 65.4 64.8 64.2 63.5 63.1 63.7 65.6 67.5 68.3 68.6 67.5 67.4 67.6 68.2 68.4 68.7 69.1 68.6 67.3 68 71.5 72.8 73.4 73.9 74.3 74.8 75.9 77 77.5 78.3 79.1 79.5 79.5 79.1 78.9 78.5 78.1 77.7 77.2 76.9 76.6 76.3 75.6 74.7 74.8 75.5 77.5 79.6 81.4 83.8 86.5 88.8 90 91.8 91.4 90.4 89.5 89 88.6 88.2 88.6 89.2 89.5 89.5 89.4 89.5 89.5 89 88.4 88.7 88.9
65.8 65.8 64.6 64.5 64.6 64.7 65.1 67.3 67.5 68.2 68.8 69.4 69.3 67.2 68.4 67.8 67.2 66.5 65.7 65.6 65.5 65.1 64.5 65 65.7 66.6 66.6 66.6 66.5 66.8 67.2 67.5 67.8 67.9 67.6 66.5 69 70.7 71.8 72.3 72.5 72.5 74.1 75.7 76.6 77.1 77.5 78 78.8 78.6 78.2 77.9 77.5 77.2 76.9 76.8 76.5 76.2 76 75.3 74.3 74.5 74.8 76.4 78.1 79.7 82 84.2 86.5 89.4 91.7 92.4 91.6 90.9 90.4 89.8 89.5 89.8 90.3 90.6 90.5 90.4 90.5 90.9 90.9 89.8 89.5 89.7
64.1 64.6 63.7 61.3 60.3 61.1 62 63.8 64.7 64.8 65.5 66.8 66.3 62.7 65.2 68 69.6 70.3 70.6 70.6 70.6 70.5 70.1 69.6 69.1 68.6 68.4 68.3 68.1 67.9 67.6 67.4 67.6 67.6 67.2 67.3 68.2 69.7 70.3 70.8 71.1 72.9 74.4 75.8 76.2 76.9 77.3 77.7 78.1 77.8 77.4 77 76.7 76.3 76.4 76.4 76.1 75.9 75.2 74.5 73.8 74.1 74.7 76.3 77.6 78.9 80 81.7 84.2 87.6 90.7 92.2 92.8 92.3 91.8 91.4 91.2 91.6 92 92.1 91.8 91.6 91.7 92.3 92 91.1 90.9 90.9
62.9 63.2 62.2 59.9 58.8 59.3 59.9 61.3 63.3 67.5 69 67.8 65.7 62.8 65.7 66.1 67.8 67.8 67.8 67.5 64.2 62.5 62.6 62.8 62.9 63 63 63.4 66 66.5 65.4 65.8 65.5 65.7 66.6 68.2 68.8 69 69.4 69.8 71.4 73.3 74.5 75.7 76.2 76.6 76.9 77.2 77.6 76.9 76.5 76.1 75.7 75.5 76 76 75.8 75.1 74.4 74 73.2 73.8 74.6 75.7 77 78 78.8 80.3 82.2 85.5 88.6 91 93.7 94.3 93.8 93.6 93.6 93.8 94.2 94 93.4 93.3 93.3 93.6 93.1 92.4 92.1 91.8
60.7 60.1 59.3 58 59.2 58.9 58.6 59.5 62.3 65.3 67.8 68 66.1 61.7 61.2 61.7 62 62.3 62.4 65 66.4 67.3 67.8 66 67.4 66.1 65.4 64.6 63.7 65.3 64.6 64.7 65.4 66.1 65.9 66 68.9 71.6 73.3 72.3 73.1 70.2 70.3 70.3 71.2 75.2 75.9 76.9 76.8 76.1 75.6 75.2 74.8 75 75.6 75.6 74.9 74.2 73.6 73.2 73.2 73.8 74.6 75.4 76.5 77 77.8 79.1 81.1 83.4 86.6 89.8 92.6 95.3 95.9 95.9 96 96 96.4 96 94.9 94.9 94.8 94.6 94 93.3 92.9 92.6
57.5 57.5 58.4 60.2 62.2 60.6 58.8 58.9 59.4 62.2 65 65.3 62.9 61.1 62 62.9 63.6 62.5 62.2 62.6 63.1 64.2 64.2 64.1 65.3 67.7 67.7 67.8 66.4 65.6 66.4 66.9 67.8 67.9 68.3 68.5 70.8 75 77.5 76.2 75.7 76 75.2 74.8 75.5 70.9 71 71.5 72.1 75.3 74.7 74.3 73.9 74.5 75.1 74.7 74 73.3 72.8 72.9 73.2 73.7 74.6 75.4 75.6 75.9 76.8 78.5 80.3 82.3 84.5 87.4 91.9 96.2 97.9 97.9 97.8 98 98.5 97.2 95.5 95.5 95.5 95 94.6 94.1 93.6 93.3
58.5 59.8 61.8 64 64.9 64 61.5 59.4 58.9 60.7 62.9 63.1 61.2 61.7 63.3 65.8 66.9 66 64.8 65.3 65.8 65.8 65.7 65.7 65.3 63.9 63.1 62.9 63.8 67.1 67.8 67.6 67.6 68.4 69.3 70.4 72.2 74.7 77 78.1 78.4 78.6 77.6 77.1 76.5 75.8 76.2 76 75.4 72.9 72.1 72.3 72.6 73.7 74 73.6 73 72.7 73.1 73.6 73.7 73.7 74.4 75 75.1 75.3 76.5 77.7 79.4 80.7 82.5 84.2 91.2 95 97.5 99 99.3 99.5 99.1 97.3 96 95.8 95.9 95.5 95 95 94.5 94.1
60.3 63.2 65.4 66.9 67.2 66.7 65.3 62.5 59.3 59.7 61.1 61 60.6 63.3 65.5 65.5 67.2 67.9 67.8 67.6 67.1 67.1 67.2 67.2 66.6 65.4 63.4 62.7 62.9 64.6 65.6 65.5 65.9 66.4 67.8 67.9 68.2 68.4 69.9 73.2 75.6 76.4 77 77.6 77.7 77.8 77.5 76.7 75.3 74.9 73.7 73.6 73.9 74.2 73.1 73.1 73.1 73.3 73.3 77.4 79.2 73.7 74 74.5 74.7 75.1 76.7 77.5 78.4 79.3 80.4 82.6 89.5 92.5 95.1 97.1 98.7 99 97.6 95.6 96.2 96.2 96.4 95.9 95.9 95.9 95.6 95.2
61.7 64.8 67.4 69.3 69.3 69.2 67.9 66.2 61.2 59.9 60.1 60.5 63 65.1 66.5 67 67.8 69.3 69.9 69.1 68.3 68.3 68.3 68.1 67.2 65.6 63.7 63 63.8 65.5 65.9 65.7 66.2 67.1 67.3 68.1 69.2 70.7 71 69.5 68.8 68.8 71.2 73.5 74.3 75.7 76.8 76.3 75.1 75 74 72.8 72.8 72.8 72.4 73 73 72.8 73.9 73.9 74.3 74.8 75.4 75.6 74.7 74.9 75.8 77.3 78.6 79.3 81.2 86.6 86.9 87.9 90.1 93.2 95.2 96.1 95.2 94.8 96 96.7 96.8 96.8 96.8 96.8 96.7 96.3
61.6 65.4 69.5 71.3 72.2 71.7 70.4 69 64.7 60.3 60.3 62.9 64.7 66.1 67.5 68.5 68.4 69.5 70.1 70.1 69.5 69.4 69 68.4 67.2 65.4 63.4 63.2 65.1 66.3 66.4 66.3 66.9 67.4 68.1 69.3 70.9 71.2 71.6 72.1 72.8 72.3 72.1 70.8 70.2 69 70 72.1 73 73.2 72.4 71.7 71.8 71.8 73.2 73.5 73.4 72.7 73 74.2 76.3 73.8 73.5 75.4 76.2 76.5 77 77.2 77.5 78.4 86.6 81.5 82.3 83.4 87.2 88.7 89.9 90.6 91.9 94.2 96.2 96.9 97.1 97.6 97.8 97.8 97.5 97.4
63.6 67.3 71 73.4 74.1 74.1 73.4 71.6 68.9 64.2 61.3 63.8 66 67.3 68.6 69.4 69.5 71.3 71.3 70.9 70.1 69.5 68.9 68.1 66.4 64.6 63.5 65.2 66.1 67.2 67 66.9 67.5 68.3 69.4 70.6 71.6 71.7 72.2 72.9 73 72.7 72 71.2 71.6 71.7 71.2 71.4 71.4 70.4 69.6 70.9 71.8 71.9 74.7 74.5 74.5 74.9 73.7 73.4 74.8 75 75.1 74.7 74.5 75.2 75.1 76.4 81.7 80.3 84.2 78.9 79.2 79.9 80.4 80.8 81.2 82 83.5 84 88.2 92.7 96.9 97.4 98 98 97.6 98.2
67 70.7 73.3 75.2 76.2 76.6 76 74.2 72 66.4 63.2 63.6 65.7 68 69.5 70.4 70.8 71.9 71.5 70.7 70 69.3 68.5 67.3 65.4 63.9 65.7 67 67.5 67.7 67.7 67.7 68.5 69.4 70.4 70.8 71 72.1 72.7 72.6 72.5 71.7 70.9 70.1 70.3 70.1 69.9 70 70 70.6 72 73.6 72.9 72.2 70.8 70.9 76.1 75.7 74.6 74 76.5 75.9 75.6 75.1 75.3 76 75.7 75.9 76.7 76.9 83.5 83.7 83.6 83 86.4 86.3 85.5 84.4 83.1 83.1 83.1 83.2 83.4 84 84.7 89.2 94.9 98.2
70 72.8 74.9 76.7 78.3 78.6 78 76.7 74.1 68.7 64.5 64.8 65.7 67.9 69.8 71 72 71.9 70.9 70.3 69.5 68.7 67.8 66.1 64.2 66 68.3 69.4 69.6 69 69.1 69 69.6 70.3 70.8 71 71.5 71.9 71.9 71.8 71.5 70.3 69.2 69 69.4 69.5 69.6 69.6 70.3 72 73.8 74.8 76.2 77.2 76.5 75.6 75.6 72.9 72.7 72.2 73.3 76 77.7 75.8 76.2 75.9 75.8 76.8 77 77.1 80.5 83.4 81.8 84.3 82.5 82.5 84.3 90.2 89.3 88.8 90.8 88.8 87.8 91.8 92.1 87.9 86.1 86.5
70.9 74.1 76.2 78 79.8 79.9 79.4 78 76.1 71.9 68.2 66.9 66.3 68.1 69.9 70.9 71.7 71.8 70.6 69 68.9 68 66.8 64.9 64.7 68 70.3 71.8 71.7 71.1 70.4 70.3 69.9 69.9 69.7 70.4 71 71.3 71.2 71 70.2 69.4 68.6 69.7 70.4 71.2 70.3 70.3 72.2 73.7 74.8 75.2 76.2 76.8 76.4 75.8 76.2 76.7 77.1 78.3 78.4 75.8 73.6 73.4 73.4 73.8 76.9 78.4 77.7 78.6 81.2 79.3 79.3 84.3 81.2 82.2 84.9 87.1 85.1 85.3 88.4 86.3 85 89.6 93.7 93.5 91.9 94.4
72.2 74.9 76.8 78.7 80.1 80.7 80.4 79.3 77.5 75.5 72.3 68.9 67.4 69.3 70.3 71.3 72.4 72.7 71 69.5 68.5 67.3 65.7 64.7 66.2 69 70.4 71.3 71.9 71.6 70.7 69.7 69.1 68.9 68.6 69.3 70 70.5 70.5 69.9 69.2 68.8 68.8 70.6 71.2 71.8 71.3 71.8 73.3 74.1 74.5 75.1 75.1 75.9 75.8 75.4 76.5 77.8 78.8 81 81.7 81.6 81 79.4 78.8 78 74.7 74.4 74.3 74.6 76.6 79.6 79.5 84.3 82.9 82.4 82.6 82.3 79.5 81 83.8 83.9 83.1 87.9 90.6 88.4 87.9 94.4
73.5 75.5 77.4 79.3 80.8 81.2 81 80.1 78.7 76.7 74.3 71.1 70.9 72.1 73.2 73.1 73.9 73.7 72.1 70.5 69 67.5 65.3 65.1 66.2 67.5 68.7 69.4 69.9 69.8 69.1 68.5 68.3 68.1 67.9 68.3 69.7 70 69.9 69.6 69 68.9 69.9 71.3 71.4 71.8 72.3 72.6 73.4 73.8 74.2 74.5 74.5 74.6 74.9 75.3 75.9 77.2 80.1 83.2 84.4 84.3 82 80.2 79.2 78.6 77.9 77.5 77.5 77.5 77.4 74.9 74.6 74.4 75.4 78 79.5 79.3 78.6 79.7 81.1 82.1 81.9 84 85.4 83.6 85.4 94
74.2 76.4 78.3 79.9 81.5 81.7 81.3 80.6 79.6 77.2 75.1 73.3 73.6 74.8 76 75.5 75.4 74.7 72.9 70.9 69.4 67.9 66.2 64.8 65.2 65.9 66.6 67.3 67.8 68.1 67.4 66.7 66.8 67 67.2 67.1 68 68.8 68.8 68.8 68.7 68.8 70.2 70.4 70.8 71.5 72.2 72.7 73.1 73.4 73.8 73.8 73.8 73.8 74 75.1 77 79.5 82.1 84.3 85.7 85.7 82.2 79.4 79.2 78.5 77.8 77.5 77.7 78.1 78.6 78.8 78.5 81.1 83 77.5 74.6 73.9 73.6 75.5 78.4 80.4 80.1 80 81.8 81 82.8 85.3
74.9 77.4 79.1 80.6 81.4 82 81.7 81.1 80.2 78.2 76.4 75 76.2 77.7 78.9 77.1 76 74.6 72.7 71 69.5 68.2 66.7 65.4 65.6 65.8 66 65.8 65.8 66.1 66.4 66.8 69 70.8 70.9 69.1 68.1 67.8 68.1 68 68.4 69.2 69.4 69.8 70.2 70.7 71.1 71.6 72.2 72.8 73.1 73 73 72.9 74.4 76.2 78.5 81.3 83.1 84.7 86.2 86.5 84 80 79.1 78.4 78.3 78.7 78.7 79.1 79.7 80.4 81.4 83.6 83.9 81.8 76.9 73.4 76.1 72.8 73.7 78.5 84 81.5 77.5 78 78.9 79.3
76.2 78.3 79.8 80.9 81.8 82.3 82 81.4 80.6 79.2 78.3 77.1 77.5 79.4 80.4 79.2 76.6 74.6 72.8 71 69.5 68 67 66.6 67.4 67.8 67.8 67.4 66.5 66.5 68.6 70 71.1 72.1 72.9 72.4 70.1 68.6 68.4 68.4 68.6 68.6 68.8 69.3 69.6 70.4 70.6 70.8 71.3 71.6 72 71.9 71.9 73.3 75.1 77.2 79.8 82.2 83.2 84.8 86.4 86.7 83.8 80.2 79.3 78.9 80 79.7 79.7 80 80.8 81.6 83.5 83.6 82.2 78.7 74.3 70.2 70.9 70.9 73.9 84.4 90.8 80.3 74 71.7 72.3 73
76.9 78.7 80.1 81.3 81.8 82.2 82.1 81.8 81.1 79.9 79.3 78.3 78.1 79.6 80.1 79.8 77.5 75.2 73.4 70.7 69.2 68.6 68.6 67.5 68.2 68.8 69.1 68.9 68 67.7 68.6 70.5 71.7 72.5 73.1 73.1 71.1 69.7 69.5 69.8 70.1 70.3 70 69.8 69.7 70.6 70.6 70.6 70.6 70.3 70.7 71.2 72.1 74 76.1 77.7 80.2 81.8 83.4 84.9 86.4 86.7 83.3 80.6 79.8 80 81.7 80.4 79.9 80.3 81 81.6 82.4 82 78.8 74.3 71.1 67.8 68.7 70 75.5 84.6 88.9 83.1 77.3 75.2 73.5 75.1
76.5 78.7 79.9 80.6 81.3 81.9 81.8 81.8 81.5 80.7 80.1 79.5 79.7 79.9 80.7 80.1 78 75.8 73.9 71.5 69.8 70.7 70.4 69 68.6 69.5 69.8 69.8 69.2 68.2 68 69.9 71.7 72.5 73 72.1 70.7 69.9 70.1 71.2 71.5 71.9 71.7 71.4 71.2 70.6 70.6 70.6 70.6 70.2 70.4 71.3 72.7 74.3 75.9 77.5 79.4 81.6 83.7 85.2 86.6 87.2 87.7 84.3 80.8 81 82.2 80.7 79.9 79.1 80.7 81 78.9 78.9 77 73.2 69.7 67.5 65.7 67.6 75.2 80 81.8 79.2 78.7 78.8 79.5 77.9
75.6 77.8 78.9 79.8 80.2 80.7 81 81.2 81.2 81 81.2 81.4 81.7 81.5 81.5 80.5 78.7 76.6 74.7 74.1 73.5 73 72.4 70.6 69.9 70.3 70.2 70.1 69.5 69 68.8 69.5 71.1 72.4 72.7 71.6 69.5 69.8 71.5 72.2 72.9 73.3 73.1 72.6 71.6 70.4 70.6 70.6 70.7 70.9 70.8 72.3 74.4 75.8 76.8 79 80.7 82.3 84.2 85.9 87.5 89 90.9 87.5 82.1 82.3 82.3 80.8 80.2 79.1 78.7 79.2 74.1 74.6 73.9 71.4 68.9 66.5 64.8 67.5 72 75.3 76.4 78 80.1 81.2 80.7 78.9
73.7 75.8 77 77.9 78.6 79.1 79.8 80.4 81.4 82.1 83.1 83.3 83.8 83.5 82.7 81.6 80.1 78.2 76.7 75.9 75.4 76.4 75.1 73.7 72.9 72.5 71.7 70.9 70.8 70.7 70.6 70.4 70.7 72.2 72 70.5 69.6 71.2 72.9 73.8 74.4 74.6 74.1 73.3 72.7 71.5 70.8 70.7 71.1 71.5 72 73.9 76 77 77.8 79.4 81.1 82.9 84.8 86.8 88.4 91.4 91.9 87.9 83.2 83.1 82 80.9 80.8 78.5 74.1 75.1 72.3 70.5 71.4 70.3 68.4 65.8 64.2 65.1 68.5 71.5 74.4 77.8 80.2 80.2 78.3 76.6
71.6 73.1 74.3 75.2 75.9 77.3 78.8 80.6 82.3 84 85 86 86.5 86.1 84.7 83 81.4 80 78.7 77.8 77.2 79.7 78.4 76.7 75.3 73.7 73.3 72.7 72.4 72.3 72.3 71.4 70.8 71.2 71.1 70.1 70.9 72.4 74.1 74.3 75.7 75.6 74.7 73.9 73.5 72.9 72.1 71.9 72.1 72.6 73.1 74 75.5 77.1 78.4 79.7 81.2 83.1 84.9 87.5 90.1 92.3 89.8 86.6 84 82.6 81.9 81.8 78.7 75.9 73.7 69.4 67.9 67.7 68.4 68.4 67.5 65.5 63.2 62.4 66.4 68.9 73.9 76.8 77.8 76.6 74.8 73.3
69.7 70.9 71.7 72.6 74.1 77.2 79.7 81.6 83.6 85.4 86.9 88.2 88.9 87.8 86.1 84.8 83.8 81.9 80.7 79.7 79.3 79.9 79 78.6 78.1 77.6 75.9 75.3 75.6 75.6 74.2 72.7 72.5 72 71.5 70.7 71.9 73.8 74.9 75.4 75.2 76.1 75.2 74.4 74.3 73.8 73.4 73.4 73.6 73.9 73.8 73.4 75 76.6 76.8 79 81.2 83.3 85.3 88 90.7 91.4 88.9 84.4 83.7 83 81.6 77.8 72.6 70.8 69.7 69 67.7 65.4 66.6 66 65.3 63.8 62.5 60.8 62.8 65.5 71.2 74.5 75.7 73.8 71.7 70.7
67.6 68.8 69.6 71 74.1 77.4 80.8 82.8 84.8 86.6 88.3 89.8 90.5 89.9 88.5 87.5 85.7 83.9 82.6 81.6 81.5 81.8 81.2 80.9 80.7 79.9 78.8 78.3 78.5 77.3 75.1 74 73.7 73.1 72.6 71.5 73.4 75.2 75.7 76.3 76.7 76.9 75.4 75 75 74.8 74.8 74.8 74.8 75.1 74.5 74.1 74.8 76.4 77.3 78.9 81 83.5 86 88.7 91.3 89.9 87.4 81.5 80.9 77 75.2 72.5 71.2 68.9 68.1 68.8 67.1 64.6 64.1 64.2 64 63.4 63.7 62.8 59.7 61.5 67.1 72.3 73.1 71 68.4 67.3
66 67.9 68.4 70.2 73.4 77.2 81.1 83.6 85.9 87.5 89.1 90.4 91.7 91.6 90.7 89.1 87.3 85.7 84.2 83.3 83.4 83.6 83.2 83.2 81.9 81.5 81.4 81.4 80.6 78.1 75.9 75.5 75.4 74.6 74.1 72.9 74.8 76.2 76.8 76.8 77 78.4 77.3 76.6 75.6 75.2 74.5 75.4 75.7 75.4 75.3 75.3 76.3 77.1 77.9 79.2 80.9 83.1 86.4 88.8 90 88.2 79.2 75.2 75.4 74.5 72.1 70.8 69.2 68.1 67.3 66.9 67.1 66.2 65.5 67.3 68.8 67.8 65.8 64.7 63.5 59.1 62.4 66.8 67.9 67 64.5 63.6
68.1 67.7 66.8 69.4 72.2 76.9 81.3 83.8 85.8 87.7 89.4 91 92.1 92.4 91.9 90.5 88.9 87.7 86.5 85.3 85.3 85.3 85.3 85.5 86 84 83 82.9 81.4 79.7 78 78 77.9 76.8 75.6 73.8 73.8 76.5 76.3 76.6 77 79.6 79.6 78.6 77.4 76.9 75.6 76.3 76.7 77.1 76.6 76.5 77.6 78.1 79.4 80.5 81.2 82.9 85.9 88.1 89.7 85.1 77.6 79.5 76.6 74.7 73.2 71.1 69.4 69.1 69.8 70 69.6 68.4 66.1 69.1 71.9 69 66.2 64.8 63.5 61.5 58.3 62.2 64.1 63.1 60.7 64
71 69.1 67.4 67.9 70.9 75.5 80.3 83.2 84.7 86.8 89.1 90.7 92.1 92.8 92.6 91.9 90.4 88.9 87.8 87.1 86.7 86.8 86.8 87.3 87.7 85.2 84.3 85.9 85.5 83.1 80.6 80.1 80.2 78.6 76.1 74.6 74.1 76.7 77.5 77.3 77.8 79.2 80 78.9 78.6 77.8 76.9 76.8 77.6 77.7 77.7 77.8 78.9 79.3 80.4 82.2 82.8 84 85.5 87.3 89.6 90 89.7 89.5 81.8 77.4 74.7 73 73 71.4 71.6 70.8 69.4 68.2 66.6 69.8 70.9 68.7 66.2 64.5 63.1 63.3 61.6 58.3 59.8 61.4 59.7 63
72.8 71.1 68.6 69 69.5 73.8 78.3 80.7 82.8 86.1 88.4 90.3 92 92.9 93.2 93.3 91.9 90.4 89.5 88.7 88.3 88.4 88.5 88.6 88.3 86.4 85.7 89.2 87.9 86.2 83.8 82.4 81.3 78.8 76.4 74.5 74.5 77.1 78.5 79.2 80.3 81 80.9 79.7 79.5 79.1 78.2 77.8 78.5 78 78.4 79.6 80.8 81.6 81.5 82.4 83.7 85.6 87.5 89 89.5 89.7 90.5 87.8 82.4 80.7 79.4 80 78.6 73.9 71.2 70 68.8 67.8 66.9 69.3 69.6 67.9 66.2 64.8 64.8 63 62.1 61.2 59.8 56.5 56.5 58.8
74.3 73.1 71.3 67.9 69.9 73.4 75.7 77.6 80.1 84.5 87.6 89.6 91.7 93 93.8 94.6 93.3 92.8 92.2 91.5 90.6 90.2 90.3 90 88.9 88.1 90.1 90.3 89.4 88.1 85.7 83.1 80.9 78.5 76.3 74.2 74.5 77.7 79 80.2 80.9 81.5 81.8 80.6 80.2 79.6 79.2 79.4 80.2 79.9 78.6 80.7 82.2 82.5 82.4 82.9 84.7 86.6 88.4 89.9 90.2 88.9 87.5 81 81.3 79.9 79.6 81.5 81.1 77 71.7 69.2 68.6 67.9 68.7 69.6 69.4 67.7 66.9 66.4 65.6 63.8 64.1 64.3 62.9 58.8 56.5 61.6
75.4 74.8 72.5 67.9 70.2 72.6 74.2 75.9 79 83.1 87 89.4 92 93.9 95 96.1 95.9 95.4 94.9 94.2 93.1 93 92.5 92.7 92.7 91.3 91.6 91.1 90.3 89 86.1 83.2 80.5 78.3 77 75.1 73.7 76.2 78.7 80.1 81.3 81.9 82.3 81.3 80.7 80.1 80.7 81.8 82.5 81.8 80.4 80.7 81.6 82.2 82.7 83.4 85.1 87.2 89.3 90.9 91.2 88.9 83.1 81.5 78.5 76.7 75.9 78.3 77.8 75.4 72.7 68.9 69.5 70 70.2 70.6 70.3 69.3 69.6 69.1 66.1 65.8 67.2 68.7 66.5 61.6 56.5 55.8
76.7 75.8 74.3 71.1 71.2 73.9 74.8 76.6 78.6 82.5 86.8 90 92.4 95 96.6 98.1 98.6 98.4 98.4 96.1 94.8 94.6 94.4 94.4 93 91.6 92.3 91.9 90.8 89 86.5 83.6 82.3 81.1 79.3 77 74.5 74.3 77.6 79.3 80.6 81.4 81.7 80.9 80.7 81.4 81.9 82.6 83.5 83.6 82.4 82 82.3 82.4 83.7 84.1 85.2 87.3 88.4 90.5 91.3 90.5 84.7 79.4 76.5 76 74.8 75.3 72 71.2 70.9 71.4 72.2 71.9 71.3 71.3 71.4 72 70.8 68.5 68.6 70.5 71.7 72.1 66.4 61.1 61.7 65.1
76.8 77.9 77.1 76.8 77.4 77 76.8 77.9 80.4 84.2 87.8 91 93.9 96.3 98.2 99.6 100.6 100.5 99.5 98 96 96.1 95.9 95.9 95.2 94.5 93.5 92.7 91.6 89.7 87.2 86.2 86.6 85.5 80.9 77.9 75.9 74.9 75 77 80 81.2 81.9 80.6 80.6 81.2 82.3 83.2 83.9 84.1 84.3 84.4 83.9 83.3 83.8 84.8 85.9 86.6 87.7 90.2 90.9 85.9 80.6 77.2 76 75.5 75.6 74.7 72.9 71.9 71.8 72.3 73.1 72.8 72.1 72.6 72.9 71.9 68.7 69.2 72.3 77.1 80.6 75.7 67.3 62 64.8 65.1
77.3 79.6 81.1 81.1 83.1 83 80.5 79.4 81.6 85.5 89.3 92.8 95.1 96.9 98.5 99.3 100.2 100.7 100.5 99 98.3 97.7 97.5 97 96.4 95.7 94.8 93.9 92.6 91.2 91 90.9 89.2 87.3 82.7 78.9 77.2 76.5 76.1 75.3 77.2 80.6 80.8 79.7 80.1 81.4 82.3 83.2 84.2 84.6 84.5 84.7 85 84.4 84.5 85.7 87.2 88.6 88.8 91.3 90.5 81.5 79.5 78.3 77.1 76.2 75.5 74.9 73.5 73 73 73.5 72.3 72 71.7 72.2 71.4 70.3 71.5 73.6 78.8 88.7 91 84.7 71.5 70.1 68.1 63.4
