UK/data/hu/hu47_OST50GRID_20230518/HU47.asc
ncols 200
nrows 200
xllcorner 440000
yllcorner 1170000
cellsize 50
[rows 84 to 125 of 200, columns 0 to 94 of 200]
3.5 3.5 6.3 7.1 9.3 7 6.9 7.3 8.6 9.7 10.9 11 12.4 14.6 19.6 23.4 26.5 30.1 33.1 35 36.9 36.9 37.7 42.5 45.1 48.5 54.2 60.3 65.4 71.9 78.6 85.5 91.9 96.2 98.8 101.2 104.2 109.1 112.5 114 113.6 108.3 104.7 99.1 94.1 90.6 91.2 88.5 85 76 67 61.3 60.6 54.7 49.7 44.2 40.5 33.9 31.5 35.4 38.4 36.8 36.4 36.3 34.7 34.1 31.8 25.8 21.1 19 16.9 14 9.1 3.6 -1 -1 -1 -1 -1 -1 -1 -1 -1 -1 -1 -1 -1 -1 -1 5.2 7.2 7.9 8 5.8 6.4
3.5 3.5 3.5 4.1 6.6 8.1 8 8.9 9.7 10.4 12.1 17.8 16.3 16.1 19.6 24 26.8 30.2 34.6 36.7 38.2 40.4 41.9 43.7 44.7 49.4 53.5 57.6 62.8 68.4 74 80.9 87.7 92.3 95.1 98.2 100.7 105.3 113.6 113.6 113 109.3 105.4 101.9 95.2 92.5 93.6 91.8 87.6 80.7 71.4 65.2 62 57.4 50.4 46 39.9 38.5 35 38.8 41.2 39.5 40.2 40 39 38.1 35.2 28.6 24.6 22.1 18.7 14.8 9.9 4.6 -1 -1 -1 -1 -1 -1 -1 -1 -1 -1 -1 -1 -1 8 10.5 12.9 13.5 12.7 12.2 10.8 9
3.5 3.5 3.5 4 7.4 7.8 8.2 10 10.9 11.6 11.7 15.8 17.7 20.4 21 26.5 28.8 32.3 36.5 38.9 39.7 41.6 45.3 47.1 47.4 48.3 52.4 56.2 61.3 65.7 70.6 76.5 83.4 88.3 91.3 95.1 97.5 101.5 107.7 113.7 113.8 109.9 106.7 102.6 96.8 93.4 92.2 88.8 84.8 79.6 74.1 68.3 62.4 58 52.9 47 45.2 42.9 41.3 40.9 43.6 43.1 44.1 44.3 43.7 42.6 39.5 33.3 28.5 26.6 21.3 16.4 9.9 6.2 -1 -1 -1 -1 -1 -1 -1 -1 -1 -1 -1 -1 7.2 12.5 17.2 22.5 21.2 19.6 20.9 20.4 17.4
3.5 3.5 3.5 7.3 7.1 7.6 9.4 10.1 13.3 15.6 16.7 17.5 19.9 23.3 25.9 27.8 31.3 33.5 35.2 40.4 42.8 44.6 48.3 50.9 50.4 51.5 50.1 55.1 60.8 64.2 67.2 72.3 80.2 84.7 87.8 90.8 92.8 96.7 102.1 107.4 114.1 111.7 105.6 101.9 98.5 93.7 91.7 85.2 81.7 78.1 74.1 68.4 62.6 59.2 54.2 48.5 50.3 48 46.3 43.3 47.4 47.8 48 48.2 48.1 46.2 43.1 38.2 32.2 29.7 25.1 17.9 10.2 6.1 -1 -1 -1 -1 -1 -1 -1 -1 -1 -1 -1 5.3 10.6 16.7 23.8 27.9 27.5 28.1 30.5 27.6 26
3.5 3.5 6.4 7.7 8 8 9.2 10 9.5 15.8 20.8 22.6 22.3 25.6 27.7 30.6 30.7 34 38.8 42.3 45.5 47.7 52 53 54.3 54.8 55.1 55.7 60.3 63.5 66.5 71 75.3 80.7 84.1 86.4 87.9 91.3 96.4 100.8 107.5 112.3 107.7 102.4 98.1 92.7 89 82 77.8 74.4 70.9 66.8 64 58.3 56.4 55 55.6 53.8 50.5 48.3 50.3 51.4 50.5 51.1 50.5 48.7 45.3 39.5 32.6 29.9 25.3 20.2 11.8 -1 -1 -1 -1 -1 -1 -1 -1 -1 -1 -1 8.3 11.2 16.8 22.5 28 31.6 33.1 33 36.8 30.4 28
3.5 3.5 7.8 7.7 8 8.6 8.2 10.1 9.8 18.6 18.6 20.3 27.8 26.6 28.8 33.2 34.5 37.8 40.5 45.6 45.3 46.2 53.9 55.8 56.8 57.7 58.1 58.7 61.6 62.4 66.7 69.1 72.2 77.6 80.5 83.1 84.7 87.2 90.3 95.9 100.7 107.6 107.2 102.8 96 90.7 85.2 76.1 72.9 71.3 67.7 65.6 65.5 63.1 60 59.4 58.4 58.3 53.9 54.2 53.3 52.9 53.5 53.6 52.1 50.4 45.3 40.2 33.6 29.6 25.8 20.8 13 -1 -1 -1 -1 -1 -1 -1 -1 -1 -1 5 10.1 14 19.3 25.9 32.9 37.3 36.6 36.5 39.4 35.4 29.6
2.3 5.5 5.8 7.6 8.2 8.8 8.9 9.6 18.1 18 18.3 25.4 28.3 28.1 30.8 34.7 38.4 39.3 42.3 45.4 45 46.1 55.9 57.9 60.4 60.7 61.6 61.1 63.6 65.8 67.2 68.6 70.8 73.9 78 80.8 82.3 84.6 87.1 91.3 95.5 101.4 103.3 102.8 95.3 88.7 79.9 73.8 68.5 65.9 65.6 65.6 67.7 66.6 64.5 63.9 61.1 59.7 57.9 58.6 57.4 55.6 56.5 54.9 53.7 51.7 45.9 39.7 34.7 30.4 26.1 19.1 13.6 -1 -1 -1 -1 -1 -1 -1 -1 -1 -1 9.4 13.7 18.1 23.5 30.2 37.1 42.2 43.3 42.9 41.2 35.5 34.3
4.2 5.6 6.3 7.6 8.3 8.9 9.5 12.9 18.6 18 20.1 27.5 28.3 32.6 35.9 37.4 42.3 42.8 44.4 47.9 45.8 48.4 57.3 61 63.8 64 63.9 63.9 66.4 68.5 69.5 70.3 72 74.1 77.3 79.7 81.2 82.8 84.8 87.6 91.3 94.8 99.2 100.8 95.5 88.9 79.6 71.2 65.6 65.6 65.6 65.6 69.3 69.1 67.2 68 65.3 62.4 62.3 62.5 59.4 58.8 58.7 56.4 54.4 52.1 47.2 40 36.1 31.8 25.9 19.2 12 -1 -1 -1 -1 -1 -1 -1 -1 -1 8.2 12.8 18.8 22.1 25.9 34.2 40.5 46.8 50.3 47.2 44.1 42.1 43
4.7 3.3 4.4 7.4 8.5 9.1 9.7 18.7 18.8 18.7 25.9 28.1 31.5 31.2 38.9 42.3 46.4 45 48.4 50.7 53.9 56.9 59.6 62.1 64.9 66.3 65.9 66.7 69.5 71.6 71.7 72.4 73.6 75.5 78 79.3 80.7 82.2 83.2 84.3 87.1 90.6 94.2 95.8 94.8 90 81.9 70.6 65.6 65.6 65.6 65.6 68.1 70.8 70.7 71.1 70.1 66.4 65.3 66.2 62.1 60.5 59.8 59.1 56.1 52.3 47.6 40.4 35.7 30.7 24.3 17.9 8.7 -1 -1 -1 -1 -1 -1 -1 -1 10.1 13.3 18 20.9 25.3 30.5 36.9 44.6 50.6 55.8 54.4 52.6 50.8 47.9
4.6 5.1 8.1 7.3 10 9.4 17.7 18.4 18.2 23.7 28.4 29.7 29.9 33.8 43.6 48.4 49.1 49.9 51.3 53.5 57.8 58.5 61.3 62.9 65.8 67.1 68 69.4 71.7 74.6 75.8 76.8 78.3 79 80.5 79.8 80.6 81.4 82.2 81.9 84.4 86.9 88.8 89.6 91.6 89.7 82.9 74.7 65.6 65.6 65.6 65.6 66 71.2 71.8 71.9 72.7 69.8 68.6 69.8 66.9 64.1 60.8 59.8 57.5 52.8 48.6 41.3 33.6 27.6 21.3 15.3 5 -0.3 -1 -1 -1 -1 -1 -1 11.1 15.8 18.1 22.5 24.7 30 32.4 38.4 48.3 54.7 58 59.9 60.5 58.2 54.1
4.2 5.8 10 11.6 11.7 12.7 17.3 18 18.4 25.5 28.4 30.2 33.9 36.6 48.6 52.2 53.5 52.8 56.6 59.4 61.4 62.5 63.3 66.2 68 70.1 72.2 72 73.3 76.1 78.4 79.5 82.1 85.9 82.8 81.4 80.8 80.4 80.7 81 81.1 83 83.9 85.4 86.5 87.7 84 77.9 65.6 65.6 65.6 65.6 67.9 72.6 73.9 73.4 73.7 73.6 71.7 71.4 70.7 66.8 63.3 61.6 58.4 55 48 40.9 34.1 26.9 20.6 12.4 3.9 0.1 -1 -1 -1 -1 -1 10.3 15.7 20.3 23 24.2 28.2 34 37.6 41.3 50 58.9 63.3 65.9 65.9 61.9 58
4.6 6.2 11.1 11.7 14 18.9 20.9 18.2 26.6 27.9 31.8 30.4 34.9 51.8 54.4 52.1 54.8 59 61.6 63.5 66.2 68.4 67.8 70.6 72 75.2 75.8 75.2 75.8 78.1 79.2 81 85.6 88.9 87.4 82.3 80.8 79.3 79.1 78.7 79.2 78.5 80.3 81 82.7 84.2 84.3 79.2 68.7 65.6 65.6 65.6 70.5 75.5 77.7 76.8 77.3 76.7 75.8 72.9 71.6 67.8 64.9 62.7 59.2 54 47.5 41 34.9 25.8 19.7 11.6 1.2 0.4 0 -0.1 0 2.6 10.6 14.5 18.9 23.6 25.2 28 32.4 39.8 43.7 46.5 53 61.6 68.2 71 68.9 64 59.8
4.4 6.1 11 11.2 15.4 24 24.2 25.9 22.9 29.8 30.8 32.6 44.5 55.1 56.2 57.3 60.1 61.5 66.8 67.6 70 74.2 71.8 74.3 75.7 79 77.8 76.6 76.7 78 79.8 81.8 86.9 89.5 88.4 83.7 81.1 78.7 77.5 76.7 76.9 76 77.5 78.3 79.6 80.8 82.4 79.9 72.1 65.6 65.6 65.6 71.5 76 80 80 78.7 79.1 77.2 74.2 71.8 68.6 66.6 64.3 58.4 53.6 46.9 41.1 33.2 24.8 17.7 10.5 5.2 0.8 0.7 0.7 6.9 10.9 14.7 19.1 22.6 26.2 28.2 31 37.8 44.8 48.3 53.1 57.4 63.8 70.7 72.5 69.8 65.1 59.8
4.4 4.4 10.9 11.5 14.3 28.7 31.8 44.8 33.4 31 44.7 54.8 57.6 60.3 59.7 61 63.3 65 69.6 71.5 72.6 75.5 75.3 75.5 77.6 80.9 77.9 76.4 76.7 78.1 80.4 82.2 86.1 87.2 85.5 83 80.9 78.4 76.7 75.3 73.2 73.4 74.8 75.9 76.9 78.2 79.4 78.2 72.7 67.8 66.1 67.1 70.9 75.2 78.3 81.3 79.8 79.4 77.7 75 71.7 69.6 66.7 63.2 56.6 51.3 44.6 37.3 28.9 22.5 17 10.9 6.4 2.3 -1 5.7 10.2 15.7 18.9 23.8 27.9 32 35.2 39.3 43.7 49 54.9 61 63 66.5 72.1 71.5 69.7 67 61.2
4.5 4.2 12 11.8 12.4 34.8 41.6 49.8 54.1 52.9 55.4 57.4 58.6 59.7 61 63.6 66 67.8 69.8 71.5 73.8 75.6 76 78.1 78.6 80.7 77.6 76.5 76.9 77 78.5 80.9 83.9 84.2 83.9 81.4 79.6 77.6 75.9 74.4 72.6 70.3 71.8 72.5 74.7 75.4 76.2 75.5 71.9 69 67.9 68.9 69.9 73.6 75.6 77.5 79.5 79.4 76.2 73.8 71.6 68.7 65.6 60.7 54.4 47.1 42.7 35.6 27.5 19.5 14.8 11.1 7.4 6.3 -1 9.5 14.4 18.9 24.2 30 36.1 40.6 46.2 48 49.6 55.1 60.6 67.9 67.8 69 72.5 71.1 69 66 61.5
3.9 4 11.4 11.5 12.3 35.5 42.1 49.8 56.4 57.5 59.2 59.7 60.3 60.1 62.8 65.3 67.3 70.6 70 71 72.6 75.3 76.5 78 79.3 79.4 77.2 76.1 74.5 76.2 77.6 79.4 80.6 83 83.2 79.4 77.7 75.6 75.1 73.1 70.9 69.5 69 69 70.7 72 72.5 72.9 71 68.6 67.8 68.7 69.3 72.2 73.2 75 76.3 76.3 75.3 73.2 71.3 67.3 63.9 58.9 50.2 44 37.7 31.8 24.3 17.6 13.9 9.4 7 -1 -1 12.1 18 24.4 29.6 35.5 44 50 54.1 56.9 57.6 62.1 67.3 72.7 71.2 70.7 72.9 73.7 71.2 65.9 61.1
4.5 6.1 11.6 11.3 13.3 35.1 41.1 48.9 55.4 57.6 60.2 62.3 61.4 61.6 63.3 64.6 67.8 70 69.3 69.5 70.7 73.1 74.8 76.5 77.7 76.4 75 75 73.7 75.9 77.2 78.5 80.3 81.9 81.6 78.4 76.4 74.6 73.9 72.2 69.9 68.8 63.5 64.3 66.5 67.7 68.5 69.4 70 68.2 66.3 68 68.7 68.5 70.5 70.8 72.3 73.8 73.6 71 67.4 64.8 59.2 53.5 46.7 41.4 34.6 28.2 21.5 16.5 12.6 9.1 4.5 9.3 10.6 15.1 21.6 28.1 34.3 40.7 50.9 58.8 60.1 63.4 66.6 67.7 71.8 73.6 72 71.8 73 74.1 71.7 65.2 61.5
-1 4.7 11.5 11.4 12.6 32.6 39 46.7 52.8 56.2 60 62.6 63.6 63.6 62.4 62.2 65.6 66.9 65.8 65.9 67.1 69.6 71.6 73.6 73.2 72.9 72 73.3 75.2 75.9 76.7 78 79.4 79.5 78.9 78.8 76 74.2 73 71.2 68.1 65.5 62.4 61.3 63.1 62.9 63.8 65.4 65.9 66 64.1 65.3 65.9 65.1 67.1 67.8 70.1 70.8 69.9 67.5 63 58.5 54.3 48.4 42.7 37.8 31.2 24.5 19.4 14.1 10 9.1 6.8 10.2 11.4 17 23.5 30.2 40 48.8 58.8 62.7 66.6 69.6 71.7 74.9 75.9 74.5 72.6 71.7 73.5 70.8 66.7 64.1 62.8
-1 5.1 11.6 11.4 19 29.6 37.7 45.2 49.3 54 56.9 59.7 62.4 63.2 60.1 59.9 62 62.5 61.7 61.8 62.8 65.6 67.2 68 68.7 69.3 70.7 72.8 76 77.3 77.6 78.1 79.1 78.8 78.3 77.3 75.9 75.1 73.2 69.5 66 64.1 60.1 58.7 59.3 60.4 60.7 60.4 60.8 60.2 58.4 58.7 59.4 61.2 62.7 64.3 66.8 66.9 64.5 62.4 58.7 54.5 49.8 44.3 38.4 35.1 29.1 21.3 15.7 12.2 8.8 6.9 9.5 10.7 12.7 19 25.7 33.1 44.4 55.6 67.6 71.2 73.3 76 77.5 80.1 81.2 82.8 76.2 72 71.4 68.1 65.9 63.9 63.1
-1 6.3 11.7 18 21.9 27.4 34.5 41.4 46 52 54.7 57.3 59.8 60.3 57 56.5 57.8 58.1 58 58.7 60.5 61.4 62.7 64.8 65.7 66.1 70.2 73.2 76.9 79.2 78.6 79.1 78.8 78.1 77.2 75.9 73.6 72.4 71.6 67.1 64.6 62.8 59.7 55.4 57.3 56.8 56.9 56.3 54.2 51.8 51.6 51.7 54.9 56.8 57.7 60.4 61.7 61.4 60 58.1 54.9 49.3 43 37.7 35.8 31.6 25.7 19 14.1 9.9 7.5 10.3 11 13.2 14.6 21.5 30 38.8 52.2 64.7 72.9 77.3 79.8 81.8 83.5 84.7 83.9 83 76.1 70.9 70.1 67.3 63.9 62.4 62.4
-1 6 11.4 15.8 21 26.3 32.2 37.2 42 48.1 51 54.4 55.8 54.2 51.7 50.8 52.2 53.5 54.6 55.8 56.5 57.6 61.1 62.1 62.5 65.4 69.5 72.1 75.8 79.3 79.1 79.2 79.8 79.1 77.2 74.5 71.9 70.1 67.4 65.2 63.3 60.7 57.5 53.3 54.4 54.2 51.6 51.6 51.6 51.6 51.6 51.6 51.5 54.5 54.6 55.9 56.3 56.3 55.6 53.8 50.5 46 41.3 36.6 31.9 27.2 21.6 17.1 13.8 12.5 13.5 13.3 14.6 16.5 17.1 25.8 33.6 42.9 56.6 68.3 76 80.4 83.6 86.2 87.5 87.6 84 80.7 73 70.7 70.1 68 63.9 61.8 61.9
-1 -1 6.2 14.2 19 24.3 30.3 34.4 39.2 43.2 47.7 49.6 49.6 46.7 45.5 45.7 46.7 47.7 49.1 51.1 51.9 54.4 56.7 58.2 60.9 63.1 67.5 69.8 73.6 75.6 76.9 78.5 80.5 81.1 81.4 77.9 74.1 70.1 66 62.5 60.8 58.1 54.2 51.6 51.6 51.8 51.6 51.6 51.6 51.6 51.6 51.6 51.9 53.4 53.2 53.4 54.1 53.5 52.4 50.4 47.6 46 42.2 36.1 29.8 23.2 19.9 15.2 13.7 15.9 16.5 16.9 16.8 20.4 22.9 28 37.2 47.1 60 71.2 78 81.6 85.8 88.6 89.6 89.1 85.7 77.4 71.9 70.2 69.4 67.5 64.8 62.2 61.5
-1 -1 3.6 11.1 16.9 21.2 25.2 29.8 33 36.8 39.1 41.6 41.1 39.4 39.2 40.2 40.1 41.5 44.2 45.8 47.2 49.9 51.9 55.4 58.8 61.8 63.7 66.4 70.5 72.9 74.3 76.2 79 81.5 82.5 79.8 76.3 73.2 66 62.2 57.2 55 51.6 51.6 51.6 52.4 51.6 51.6 51.6 51.6 51.6 55 54 54.4 53.6 52 53 51 49.5 47.8 46.1 45.3 42.4 36.8 30.6 23.7 18.4 18.4 20.1 19.8 21 21.4 21.6 24.9 27.3 31.2 39.2 50 59.6 70.6 77 80.6 85.7 88.4 90.7 88.4 83.4 75.4 70.9 69.1 67.1 65.1 64.5 65.3 63.6
-1 -1 -1 6.2 11.9 16.5 19.3 24.6 28.5 32.2 35.3 36.7 35.6 34.4 35.4 35 35.8 37.1 39.7 41.3 43.2 45.5 48.7 54.3 57.5 59.9 61.6 62.7 65.2 68.5 71.2 74.7 76.6 80.3 82.4 82.7 78.6 74.5 68 61.6 56.9 51.8 51.6 51.6 51.6 51.6 51.6 51.6 51.6 51.6 52.2 56.8 55.8 55.3 54.1 52.6 52.1 49.6 48.4 46.6 44.5 43.9 41.4 36.4 30.3 24.2 18.2 22.5 23.2 24.4 24.7 25 26.4 28.3 30.8 34.4 42.5 50.5 60.5 66.8 72.4 76.2 84.8 87.5 88.8 85.8 80.6 74.2 69.9 67.3 64.6 62.7 62.1 62.9 61.1
-1 -1 -1 -1 5.9 11.8 15.3 18.3 23.4 27.2 30.5 31 30.3 30.4 31.7 31.3 31.9 33 35.5 37.5 40 43.8 46.7 52.2 55.6 57.9 60 59.8 62.4 63.7 66.9 70 73.8 77.7 79.8 81.4 78.6 75.1 69.6 64 58.6 51.6 51.6 51.6 51.6 51.6 51.6 51.6 51.6 51.6 53.9 56.6 55.8 55.3 55.1 53.4 51.3 49.3 46.9 43.9 41.5 40.2 38.1 32.9 28.7 23.8 23.5 24.5 26.2 27.2 28.2 28.1 30.6 33.9 37.9 38.9 44.8 52.5 60.2 65 68.8 73.5 83.6 88.7 87.7 82.9 76.8 72.4 67.8 64.8 61.8 59.6 57.3 56.9 58.9
-1 -1 -1 -1 -1 5.5 11.3 14 17.4 21.2 24 25.4 26.7 26.1 26.6 26.9 28.1 29.1 29.8 34.5 36.4 39.8 43.6 49.4 52.4 53.9 56.3 57.9 59.1 60.2 61.6 64 69.1 72.6 75.5 77.1 76.4 72.8 69.4 65.5 58.8 53 52.1 54.2 53.8 51.4 51.6 51.6 51.6 51.6 55.5 55.1 53.2 53.2 53.3 53.7 50.9 49 46.3 42.7 38.8 35.1 34.7 30.4 27.4 23.4 25.6 26.5 27.8 31 32.2 32.7 35.6 39.7 42.5 45.8 49.8 55.1 60.4 63.9 67.4 74.2 81 88.7 85.9 78.6 73.2 68.6 63.3 58.6 55.7 53.4 51.4 53.3 54.4
-1 -1 -1 -1 -1 -1 6.6 11.1 13.7 16.4 19.5 20.2 20.5 22.5 23.1 23.2 24.5 24.7 26.4 29.6 31.7 35.4 39.3 43.4 46.6 49.9 52.7 54.9 55.2 55.4 55.3 57.4 62.2 67.1 70.7 72.7 72.2 70.2 68.4 65.1 59 54.9 54.7 55.4 56.1 56 51.8 51.6 51.6 51.6 54.1 54.8 53.2 53.2 57.3 54.4 52.3 48.7 44.6 42.1 38.8 35.2 32 27.8 26.2 26.9 26.8 28.5 29.7 33.4 34.6 37.1 41.2 45.4 49.1 51.5 54.8 57.8 60.9 64.9 69.3 75.9 81.1 83.2 81.4 75.9 68.8 63.5 57.9 52.5 49.6 48.7 46.6 48.6 48.5
-1 -1 -1 -1 -1 -1 -1 6.8 9.1 13 14.9 16.2 17.6 18.3 18.5 18.7 20.4 20.6 23.7 25.2 26.8 30.3 33.3 37.1 41.1 46.3 48.7 51 50.6 50.4 50 51.1 55.1 60.7 64.6 66.8 67.4 69.2 67.1 63.6 59 56.3 55.8 55.9 56.2 53.5 51.6 51.6 51.6 51.6 54 55.5 55.9 55.9 57.1 55.4 52.7 47.8 43.7 40.5 38.1 36.1 33.6 31.9 29.6 28.5 29.3 32.2 33.4 36.8 38.8 42.4 46.1 49.1 52.5 56.3 60 63.1 65.3 71.2 74.1 77.2 78.3 80 77.9 73 65.6 59.7 53.1 48.8 46.1 44 42.4 41.7 39.6
-1 -1 -1 -1 -1 -1 -1 -1 6.5 6.4 10.4 12.1 13.7 14.8 15.2 15.3 16.7 17.4 19 20.5 21.9 25.3 28.4 32.1 37.3 41.4 43.4 44.7 44.1 44.3 46 46.3 50.3 54.7 58.7 61.3 65 66.8 66.2 63.5 59.2 57.3 56.9 57.1 56.5 54.7 51.6 51.6 51.6 51.6 55.3 56.8 58.4 57.3 57.7 57.4 53.5 48.5 42.4 39.5 39.3 38.7 35 32.9 31.3 31.1 31.8 33.7 37 40.1 44 47.4 51.8 53.7 56.1 60.5 64.5 67.7 71.4 72 74.5 75.7 77.5 76.9 74.3 68.6 63 55.4 48.1 42.7 40.1 38.7 38.7 37.7 33.3
-1 -1 -1 -1 -1 -1 -1 -1 -1 -1 5.8 8.1 9.3 10.9 11.7 11.9 12.7 14 15.7 18.2 19.1 20.9 24.5 29.1 32.7 35.9 37.2 37.6 38.9 39.8 41.8 43.9 46.1 50.3 54.2 57.2 61.4 65.8 65.9 63.6 60.3 58.2 58.6 57.6 56.8 56.6 51.6 51.6 51.6 52.7 54.7 56.1 57.3 58.1 59.2 57.3 53.6 48.2 42.2 40.7 40.8 39.6 35.4 33.8 32.4 33.8 32.5 36.3 40.7 43 46.7 52.4 56.7 58.1 59.3 63.8 67.5 71 71.4 72.1 75.4 75.5 74.6 73 68.8 64 57.9 51 41.5 36.9 32.5 33.6 33.3 30.9 27.3
-1 -1 -1 -1 -1 -1 -1 -1 -1 -1 -1 4.7 4.9 7 7.6 8.4 9.6 11.6 12.9 13.3 15.1 17.1 21.3 25.2 28.1 30.5 31.6 32.4 34.4 36.9 39.4 41.2 43.1 46 49.6 53.6 58.1 63 63.7 61.7 58.9 58.9 59 58.8 58.5 57.1 54.7 55.4 51.6 53.4 55.5 56.5 57 59.4 58.9 57 53.5 47.7 42.7 40.6 41.3 39.2 35.6 34.1 33.6 34.2 34.5 38.5 43.6 46.7 50.2 55.4 58.9 61.3 63.3 66.1 69.3 72 72.5 72 73.4 70.2 69.6 66.8 62 56.3 50.5 43 36.2 31.1 29.1 28.6 27 21 17.2
-1 -1 -1 -1 -1 -1 -1 -1 -1 -1 -1 -1 4 3.3 4.4 5.5 6.7 8.5 9.5 12.2 14.9 15.6 18.5 22.1 24.9 26.9 27.8 29.5 31.1 34.8 37 39.2 42 44.4 46.5 50.5 55.1 58.6 59.5 59.3 59.6 59.7 60 60.4 59.5 56.7 56 55.2 53.7 53.8 55.1 57.8 56.6 56.8 57.4 54.9 52.4 46.8 42.9 42.4 40.1 37.5 35.3 34.1 34.2 34.3 34.5 38.6 43.6 46.5 50.5 56 60.8 62.5 63.2 65.7 68.9 69.9 70.8 70.8 67.7 64.6 63 60.4 56.2 50.5 44.9 38.4 30.4 27.1 24.9 23.5 18.4 12.6 -1
-1 -1 -1 -1 -1 -1 -1 -1 -1 -1 -1 -1 -1 -1 1.3 3.3 5.6 7.6 7.7 10.6 11.6 14.1 16.7 18.7 22.4 23.7 24.3 25.2 28.2 31.9 36.2 38.3 41.2 44.8 47.5 49 51.5 54.8 56.7 57.9 58.9 59.4 59.8 60.1 59.6 59.6 57.3 55.9 53.3 53.8 56.6 55.3 53.9 53.3 53.7 52.3 49.8 45.2 44.3 43.7 40.3 37.7 35.6 35.3 34.9 34.5 34.8 37.3 43.7 45.9 50 55.2 60.1 62.6 63.5 65.3 66.9 66.5 65.7 63.2 60 57.3 55.2 53.3 49.9 45.9 40 34.9 28.7 24.2 21.2 18.3 11 -1 -1
-1 -1 -1 -1 -1 -1 -1 -1 -1 -1 -1 -1 -1 -1 -1 -1 2.7 4.1 5.5 9.2 11.4 13.5 15.2 17.1 19.7 21.7 22 25.8 29.2 33.1 37.1 38.3 40.3 44.2 48 49.8 51.4 53.6 54.6 55.5 57.7 58.2 59.3 60.1 59.6 58.8 57.1 54.3 53.3 51.6 53.3 53.8 52.4 52.5 51.8 48.9 46.3 44.4 43.5 42.2 39.4 37.8 37.2 37 35.7 35.3 35.9 38.4 41.7 45.7 49.2 53.2 57 60.1 61.7 63 63.6 63.1 62.3 57.6 53.1 48.2 46.8 43.9 41.8 36.2 31.2 27.6 23.1 18.1 11 -1 -1 -1 -1
-1 -1 -1 -1 -1 -1 -1 -1 -1 -1 -1 -1 -1 -1 -1 -1 -1 4.5 6.7 7.2 10 12 14.6 16.5 17 20.2 21.6 24.7 28.9 33.4 36.6 38.1 39.9 44.4 48.9 50.3 51.1 51.7 52.9 54.1 55.6 57.8 59.2 59.5 61.9 60.8 58.2 55.4 53.4 52.4 49.9 51.6 51.9 50.9 49.7 46.7 44.1 44 43.1 41.8 39.5 38.1 38.4 37.7 36.6 36.6 37 39.1 41.3 43.8 47.2 49.7 53.5 56.6 58.2 59.3 59.7 61 59 54 49.2 41.3 38.7 36.1 32.9 28 21.9 19.5 15.9 10.1 -1 -1 -1 -1 -1
-1 -1 -1 -1 -1 -1 -1 -1 -1 -1 -1 -1 -1 -1 -1 -1 -1 4.3 6.6 6.7 9.7 10.1 13 13.3 17.3 18.8 20.6 23.4 27.9 32.7 36.2 37.9 39.9 43.2 48 49.7 49.8 50.3 50.8 52 53.8 56.3 58.3 60 62.2 62.5 59.9 56.4 53 51.8 50.8 49 49.8 48.8 46 45.7 43.9 43.4 43.6 42.5 39.7 38.2 37.7 38.2 37.5 38.1 38.6 40 41.6 43.2 45.1 47.3 48.8 50.4 51.2 50.5 53.8 55 52.3 46.7 39.3 32.2 28.6 26 20.2 18 14.2 10.7 -1 -1 -1 -1 -1 -1 -1
-1 -1 -1 -1 -1 -1 -1 -1 -1 -1 -1 -1 -1 -1 -1 -1 -1 5 6 8.9 10.1 11.5 11.9 14.4 16.7 17.9 20.4 22.6 27.2 31.7 34.5 36.9 39.2 42.7 46.9 48.1 48 47.2 49.2 50.5 51.8 53.3 56.8 58.6 61.9 62.8 60.3 58.5 54.4 51.5 50 48.8 47.6 46.8 45.5 44.4 44.6 43.8 42.6 40.6 39.1 38.3 36.6 37.8 37.6 37.4 38.9 40 41.4 41.9 42.2 43.9 45.9 44.9 45.9 46.9 47.7 48 42.7 36.2 30.1 26.6 19 18.3 17.3 9.8 -1 -1 -1 -1 -1 -1 -1 -1 -1
-1 -1 -1 -1 -1 -1 -1 -1 -1 -1 -1 -1 -1 -1 -1 -1 -1 4.7 6.7 8.1 9.1 10.5 11.3 14 15.1 16.4 18.9 21.8 26.3 29.5 32.5 34.8 38.6 42.1 44.5 45.8 44.8 44.7 46.3 47.9 49.3 51.2 53.4 56.6 59.8 60.8 59.4 59.4 55.3 52.2 49.5 47.8 46 46.1 44.7 44.6 44.6 43.5 44.1 43.1 40.3 37.9 37.6 36.1 37.1 37.3 39.3 40.5 40.4 39.9 38.9 39.3 39.2 40.5 41.9 39.8 37.6 37.1 33.9 26.6 21 18.8 16.1 9.7 -1 -1 -1 -1 -1 -1 -1 -1 -1 -1 -1
-1 -1 -1 -1 -1 -1 -1 -1 -1 -1 -1 -1 -1 -1 -1 -1 -1 3.7 5.5 6.9 7.8 8.2 10.2 13.2 14.7 14.9 18.3 20.7 24.1 27.3 30.3 33.3 37.2 40.3 42.4 42.5 42.2 42.7 43.9 45 46.5 48.5 51 54.1 56.6 57.7 57.9 56 54.4 51.1 48.5 46.6 45.8 45.7 45.1 44.9 44.3 44.5 44.3 43.2 41.4 40.6 39.2 37.7 34.6 36.8 37.5 37.8 38 37 35 32.9 32.5 34.2 32.9 32.6 32.2 32.1 27.1 20.3 18 8.6 0.8 0.1 -1 -1 -1 -1 -1 -1 -1 -1 -1 -1 -1
-1 -1 -1 -1 -1 -1 -1 -1 -1 -1 -1 -1 -1 -1 -1 -1 0.1 4.1 0.4 2.8 5.3 7.5 9.3 11.8 12.2 15.1 16.6 17.1 21.9 25.1 27.1 30 34.4 39.5 40.3 39.8 39.7 40.4 42.1 43.3 43.8 46.3 48.7 51 52.7 54.2 54.5 53 51.5 49.5 48 47.2 45.4 45.5 45.5 45 45 45.2 44.7 44.1 43.3 44.6 41.6 37.8 36.4 32.2 32.2 33.9 33.4 32.9 29.3 27.5 26 25.8 25.9 27 24 24.7 17.8 12.6 5.1 -1 -0.2 -0.8 -1 -1 -1 -1 -1 -1 -1 -1 -1 -1 -1
-1 -1 -1 -1 -1 -1 -1 -1 -1 -1 -1 -1 -1 -1 -1 -1 -1 0.7 2.2 -1 4.9 5.1 6.7 8.7 10.6 11.9 14.8 18.6 19.4 19.9 25 26.7 30.7 34.8 36.5 36.3 36.7 37.5 38.3 39.3 40.9 43 45 46.5 49 50.9 51.4 49.6 48.8 49.2 47.9 47.3 45.5 45.5 45.5 45.5 46.4 45.6 44.4 43.8 43.8 44.2 41.7 37.3 33.3 27.4 25.4 24 24.7 24.4 22.9 18.3 19.3 19.5 19.5 18.5 14.8 10 7.4 0.6 -1 -0.6 -1 -1 -1 -1 -1 -1 -1 -1 -1 -1 -1 -1 -1
5.7 -1 -1 -1 -1 -1 -1 -1 -1 -1 -1 -1 -1 -1 -1 -1 -0.4 0.7 2 -1 -1 4.1 4.8 6.7 6.3 7.7 11.3 16.1 17.8 20.7 23.1 22.6 23.4 28.4 30.2 31.3 32.8 33.3 34 36 37.3 39.1 40.6 42.4 45.4 46.6 46.3 46.8 47.8 46.8 46.3 45.6 45.5 44.8 45.4 46.9 48.9 48.8 46.5 44.9 43.6 41.9 39.8 36.8 31.4 27.2 22.5 19.5 17 17 15.8 12.4 12.4 10.9 10.6 10.6 8.6 5.1 3 -1 -0.2 0.2 0.1 0.1 -0.1 -1 -1 -1 -1 -1 -1 -1 -1 -1 -1
