UK/data/sh/sh32_OST50GRID_20230518/SH32.asc
ncols 200
nrows 200
xllcorner 230000
yllcorner 320000
cellsize 50
[rows 74 to 110 of 200, columns 0 to 84 of 200]
31.5 30.2 29.4 20.7 21.3 28.8 34.9 35.9 35.1 32.9 33.9 37.7 46.6 50.8 55.3 58 55.5 52.5 53.1 55.8 56.6 56.4 53.7 49.7 48.7 48.9 49 47.2 47.1 46.7 41.3 38.3 37.7 38.3 39 40.4 43.5 46.5 46.7 43.4 38.2 31.8 28.5 26 25.1 28 33.3 37.1 44 39.2 28.5 -1.3 -1.3 -1.3 -1.3 -1.3 -1.3 -1.3 -1.3 -1.3 -1.3 -1.3 -1.3 -1.3 -1.3 -1.3 -1.3 -1.3 -1.3 -1.3 -1.3 -1.3 -1.3 -1.3 -1.3 -1.3 -1.3 -1.3 -1.3 -1.3 -1.3 -1.3 -1.3 -1.3 -1.3
19 19.6 20.6 20 21.9 27.9 34.3 35.6 36.6 35.6 35.2 38.9 44.5 55.3 60.3 61.4 59.8 56.9 58.4 61.8 61.8 60.3 58.9 53.2 51 50 50.8 53.2 55.4 51.2 48 44.6 43.5 45.4 45.6 49 49.3 49.9 48.4 45.5 40.9 35.9 32 28.4 29.9 29.6 31.1 36.8 42.6 40.1 32.4 20.7 -1.3 -1.3 -1.3 -1.3 -1.3 -1.3 -1.3 -1.3 -1.3 -1.3 -1.3 -1.3 -1.3 -1.3 -1.3 -1.3 -1.3 -1.3 -1.3 -1.3 -1.3 -1.3 -1.3 -1.3 -1.3 -1.3 -1.3 -1.3 -1.3 -1.3 -1.3 -1.3 -1.3
19 19.3 20.2 21.9 25.6 28.4 33.3 35.6 37.2 37.3 36.9 39.5 43.8 49.4 62.6 65.3 67 64 64.4 66.1 66.2 62.4 60.3 58.2 56.6 55.3 55.2 54.5 55.3 53.8 52.5 48.5 48.6 50.9 50.7 53.7 53.9 54 50.1 45.4 40.7 37.2 33.2 31.9 31.6 32.9 34.5 36.6 42.4 46.5 39.3 27.5 -1.3 -1.3 -1.3 -1.3 -1.3 -1.3 -1.3 -1.3 -1.3 -1.3 -1.3 -1.3 -1.3 -1.3 -1.3 -1.3 -1.3 -1.3 -1.3 -1.3 -1.3 -1.3 -1.3 -1.3 -1.3 -1.3 -1.3 -1.3 -1.3 -1.3 -1.3 -1.3 -1.3
28.4 23.7 22.7 24.2 25 29.7 32.9 36 37.9 39.2 38.9 40.1 43.2 47.9 52.7 59.7 67.7 65.4 68.1 71.9 69.8 65.3 60 58.1 56.7 57.8 60.9 60.9 59.8 56.4 55.8 53.1 53 54.2 54.9 55.3 56.3 56 50.8 44.3 40.9 37.6 35 34.9 35.6 37.8 39.1 40.2 45.2 49.4 43.3 34.9 -1.3 -1.3 -1.3 -1.3 -1.3 -1.3 -1.3 -1.3 -1.3 -1.3 -1.3 -1.3 -1.3 -1.3 -1.3 -1.3 -1.3 -1.3 -1.3 -1.3 -1.3 -1.3 -1.3 -1.3 -1.3 -1.3 -1.3 -1.3 -1.3 17.7 15.9 -1.3 -1.3
35.4 33.5 29.6 27.8 26.9 31.4 34.7 37 39.5 41.7 43.5 43.4 42.3 46.3 50.9 56.2 59.9 61.7 61.9 63.2 68.7 66.6 62.7 59.6 59 59.6 61.3 63.7 63.1 59.1 57.5 55.7 56.4 58.8 59.3 59.7 58.8 56.1 50.5 44.7 41.9 39.1 38.7 38.2 38.9 41 43.1 45 46.1 50.5 45.4 38 15.3 -1.3 -1.3 -1.3 -1.3 -1.3 -1.3 -1.3 -1.3 -1.3 -1.3 -1.3 -1.3 -1.3 -1.3 -1.3 -1.3 -1.3 -1.3 -1.3 -1.3 -1.3 -1.3 -1.3 -1.3 -1.3 -1.3 -1.3 25.9 25.9 21.6 -1.3 -1.3
38.9 36.9 33.3 30.1 28.5 32.9 36.6 38.5 40.8 42.9 45.4 47 47.4 46.8 48.1 53 57 58.5 58.8 60.1 61.2 62 63.1 64.2 63.2 62.4 64.5 67.6 66.5 62.3 59.7 57.8 60.4 63.3 63.5 62.3 60.5 58.3 52.2 46.8 43.9 44.1 45.6 44.6 44.1 44.5 45.5 47.3 47 46.4 44.7 42 30.5 -1.3 -1.3 -1.3 -1.3 -1.3 -1.3 -1.3 -1.3 -1.3 -1.3 -1.3 -1.3 -1.3 -1.3 -1.3 -1.3 -1.3 -1.3 -1.3 -1.3 -1.3 -1.3 -1.3 -1.3 -1.3 -1.3 8.7 30.7 32.3 26.7 16.4 -1.3
41.5 38.9 36.9 34.6 30.9 34.3 38.7 40.3 42.1 45.3 48.6 50.5 52.4 52.3 52.9 54.3 53.8 55.1 56.1 57.5 60.2 60.8 61.6 62 63.3 67.4 67.4 69.8 68.9 64.8 61.4 60.3 63.1 67 67.5 64.6 61.5 57.9 54.2 50.4 48.3 50.1 50 48.8 47.6 47 48.4 49.4 48.7 46.3 45.7 44.6 38.1 19.1 -1.3 -1.3 -1.3 -1.3 -1.3 -1.3 -1.3 -1.3 -1.3 -1.3 -1.3 -1.3 -1.3 -1.3 -1.3 -1.3 -1.3 -1.3 -1.3 -1.3 -1.3 -1.3 -1.3 -1.3 -1.3 26.7 35.6 32.7 29 22.4 -1.3
45.3 42.5 40.5 38.4 33.7 34.6 39.1 42.5 44.3 48 52.3 55 57.9 59.2 60 60.9 59.6 57.6 57.6 59 60.9 61.9 61.4 61 62.7 62.6 65.6 70.8 69.6 65.6 63 63.6 65.6 67.7 69.3 65.9 61.5 58.3 55.6 54.1 52.7 53.4 53.7 51.7 50.6 49.7 50.4 52.5 54.8 52.3 47.3 45.7 41.2 25.3 -1.3 -1.3 -1.3 -1.3 -1.3 -1.3 -1.3 -1.3 -1.3 -1.3 -1.3 -1.3 -1.3 -1.3 -1.3 -1.3 -1.3 -1.3 -1.3 -1.3 -1.3 -1.3 -1.3 -1.3 -1.3 -1.3 28.3 30.8 28.3 25.9 21.8
49.9 46.3 44.1 41.4 37.1 38.1 40.2 43.7 47 50.7 56.1 60.1 62.7 64.3 64.6 65.4 64.3 63.4 62.8 61.9 62.8 64.1 62.9 62.4 61.9 62.7 63.8 65.7 69.3 64.9 63.9 66.4 67.9 67.6 66.6 65 62.3 60.8 58.8 56.9 55.8 55.8 56 54.1 54.3 53.1 54.6 55.7 57.4 56.2 51.2 46.9 41.4 27.2 -1.3 -1.3 -1.3 -1.3 -1.3 -1.3 -1.3 -1.3 -1.3 -1.3 -1.3 -1.3 -1.3 -1.3 -1.3 -1.3 -1.3 -1.3 -1.3 -1.3 -1.3 -1.3 -1.3 -1.3 -1.3 -1.3 -1.3 25.8 26.8 26.7 27.1
54.3 50.6 47.2 44.4 40.8 39.6 42.2 45.5 49.2 52.6 59.5 64.1 67.6 69.3 68.6 68.8 68.1 67.4 66.7 65.5 65.8 66.5 66.1 65.6 63.9 62.5 62.7 64 65.7 66 66.3 67.9 70 69.3 68.1 67.1 63.8 62.6 61.1 59.2 57 56.7 57 56.4 56.8 56.9 56.6 57.3 58.3 55.9 53.8 49.8 43.4 29.7 -1.3 -1.3 -1.3 -1.3 -1.3 -1.3 -1.3 -1.3 -1.3 -1.3 -1.3 -1.3 -1.3 -1.3 -1.3 -1.3 -1.3 -1.3 -1.3 -1.3 -1.3 -1.3 -1.3 -1.3 -1.3 -1.3 -1.3 -1.3 22.5 26.4 29.9
57.6 54.6 50.3 46.7 42.6 42.8 45.5 48 50.5 54.1 61.8 67.2 71 72.7 73.3 73.4 72.1 70.4 68.7 67.2 67.2 67.7 67.9 66.7 65.6 63.5 62.5 63.3 65.8 66.8 69 72.1 71.8 70.8 70.3 69.1 66.6 64.1 62.6 59.6 57.7 57.3 57.7 58.7 60 60.1 59.2 58.4 58.1 55.5 55 51.8 45.7 29.4 -1.3 -1.3 -1.3 -1.3 -1.3 -1.3 -1.3 -1.3 -1.3 -1.3 -1.3 -1.3 -1.3 -1.3 -1.3 -1.3 -1.3 -1.3 -1.3 -1.3 -1.3 -1.3 -1.3 -1.3 -1.3 -1.3 -1.3 -1.3 -1.3 26.3 29.4
61.8 57.1 53.6 49.9 46 46.5 48.1 50.6 52.9 55.1 63.5 70.6 74.7 77.3 77.4 76.9 76.8 75.3 73 70.4 69 68.4 68.3 67.7 66.2 64.4 63.6 63.7 66.1 69.4 71.9 73.7 72.7 72 71.8 72.4 70.2 67.1 64.6 60.9 59 58.4 59 62.8 65.1 64.6 62.6 60.6 58 55 54.8 52.6 44.4 20.5 -1.3 -1.3 -1.3 -1.3 -1.3 -1.3 -1.3 -1.3 -1.3 -1.3 -1.3 -1.3 -1.3 -1.3 -1.3 -1.3 -1.3 -1.3 -1.3 -1.3 -1.3 -1.3 -1.3 -1.3 -1.3 -1.3 -1.3 -1.3 -1.3 -1.3 1.4
64.7 59.8 56.8 52 51 50.8 51 53.3 56.1 58.1 61.6 66.7 69.4 74.1 78.7 79.7 79.8 78.3 76.5 74.6 72.6 70.7 69.2 68.4 67 65.5 64.5 65.1 66.9 69.6 73 74.1 75.4 74.6 74.3 74.2 72.4 70 66.1 62.5 60.6 60.6 61.7 65.6 67.4 66.2 64.1 60.8 57.3 54.4 53.4 51.9 41.3 -1.3 -1.3 -1.3 -1.3 -1.3 -1.3 -1.3 -1.3 -1.3 -1.3 -1.3 -1.3 -1.3 -1.3 -1.3 -1.3 -1.3 -1.3 -1.3 -1.3 -1.3 -1.3 -1.3 -1.3 -1.3 -1.3 -1.3 -1.3 -1.3 -1.3 -1.3 -1.3
66.8 62.6 59.1 55.3 55.3 55.3 55.2 55.7 58.8 61.2 63.8 66.6 68.5 69 72 77.6 80.1 80.4 79.7 77.7 74.3 72.4 70.3 69.8 68.9 67 65.5 65.5 66.7 69.9 73.4 75.2 76.4 76.7 76.3 77.9 78 73.9 68.2 63.5 61.9 61.9 64 68.3 68.5 67.4 66 62.2 58.4 53.2 51.7 48.9 33.2 -1.3 -1.3 -1.3 -1.3 -1.3 -1.3 -1.3 -1.3 -1.3 -1.3 -1.3 -1.3 -1.3 -1.3 -1.3 -1.3 -1.3 -1.3 -1.3 -1.3 -1.3 -1.3 -1.3 -1.3 -1.3 -1.3 -1.3 -1.3 -1.3 -1.3 -1.3 -1.3
69.3 64 60.6 58.8 58.6 60.2 59 57.7 60.8 62.9 65.9 69.6 69.8 68.9 68.8 71.5 78.6 82.5 82.4 82.7 79.2 76.2 72.5 70.1 68.7 67.8 67.5 66 67.3 69.7 72 74.4 76.1 76.9 78.2 80.4 81.9 76.7 70.2 64.2 62.9 63.3 65.1 68.6 71.3 70.6 67.5 63.1 58 52.6 43.4 33.1 21.9 -1.3 -1.3 -1.3 -1.3 -1.3 -1.3 -1.3 -1.3 -1.3 -1.3 -1.3 -1.3 -1.3 -1.3 -1.3 -1.3 -1.3 -1.3 -1.3 -1.3 -1.3 -1.3 -1.3 -1.3 -1.3 -1.3 -1.3 -1.3 -1.3 -1.3 -1.3 -1.3
70.6 67.4 62.9 61.4 61.7 62.5 61.7 60.1 61.9 64.9 67.3 70.4 72.4 71.5 69.9 69.7 74.1 81.6 85.3 85.1 82.3 78.6 74.8 70.8 69.4 68.3 69 69.5 69 69.5 71.5 73.6 75.9 78.7 79.4 81.3 84.2 79.3 73.9 64.4 63.8 64.6 68.9 74 74.6 73.7 70.6 64.5 57.8 50.9 35.9 -1.3 -1.3 -1.3 -1.3 -1.3 -1.3 -1.3 -1.3 -1.3 -1.3 -1.3 -1.3 -1.3 -1.3 -1.3 -1.3 -1.3 -1.3 11.8 -1.3 -1.3 -1.3 -1.3 -1.3 -1.3 -1.3 -1.3 -1.3 -1.3 -1.3 -1.3 -1.3 -1.3 -1.3
71.8 68.9 67.5 65.8 64.9 64.7 64 63.1 62.6 65.7 68.8 70.4 72.7 73.2 72.3 70.6 71.4 78.9 85.6 86.7 85.9 81.7 76.3 73.4 69.5 69.5 70 71 69.9 70.3 72 74.6 76.7 81.1 81.4 82.2 86.7 81.5 76.2 65.1 64.4 66.6 70.9 74.9 76.8 75.9 72.3 64.6 59.6 49.1 -1.3 -1.3 -1.3 -1.3 -1.3 -1.3 -1.3 -1.3 -1.3 -1.3 -1.3 -1.3 -1.3 -1.3 -1.3 -1.3 -1.3 -1.3 -1.3 20.3 -1.3 -1.3 -1.3 -1.3 -1.3 -1.3 -1.3 -1.3 -1.3 -1.3 -1.3 -1.3 -1.3 -1.3 -1.3
72.7 70.6 69.7 69.7 69.1 68.9 67.6 67.1 65.6 65 66.8 70.2 72.5 73.1 72.3 72.1 72.6 74.2 82.9 86.1 85.3 83.1 79.9 75.3 70.3 69.7 71.1 71.8 71 71.4 73.3 75.7 77.7 80.3 80.6 81.2 83 81.5 76.1 65.1 64.6 68.2 71.9 75.9 77.9 76.6 73.3 66.1 59.5 46 -1.3 -1.3 -1.3 -1.3 -1.3 -1.3 -1.3 -1.3 -1.3 -1.3 -1.3 -1.3 -1.3 -1.3 -1.3 -1.3 -1.3 -1.3 -1.3 27 -1.3 -1.3 -1.3 -1.3 -1.3 -1.3 -1.3 -1.3 -1.3 -1.3 -1.3 -1.3 -1.3 -1.3 -1.3
74.5 72.5 72.2 72.5 73.3 73.7 71.5 70.7 68.9 67.8 66.8 68.1 70.9 72 72.5 72.1 71.8 72.1 78.4 84 84.9 83.8 82.2 78.1 71.5 68.9 72.1 73.4 72.3 72.2 73.8 75.9 77.5 79.6 78.8 78.7 79.2 79.4 74.5 65.2 65.4 66.4 70.9 75.7 77 75.5 73.1 66.8 58.7 44.4 -1.3 -1.3 -1.3 -1.3 -1.3 -1.3 -1.3 -1.3 -1.3 -1.3 -1.3 -1.3 -1.3 -1.3 -1.3 -1.3 -1.3 -1.3 17.7 34.4 19.5 -1.3 -1.3 -1.3 -1.3 -1.3 -1.3 -1.3 -1.3 -1.3 -1.3 -1.3 -1.3 -1.3 -1.3
75.8 75 75 75.2 76.1 77.8 76.5 75.6 73.4 71.5 69.7 68.4 68.6 69.6 72 71.8 71.5 71.2 71.9 77.2 82.4 85.6 83.9 80.4 73.3 69 72.7 73.3 73.5 72.9 73.8 76.1 77.8 80 79 77.8 76.8 75 72.2 64.5 65.2 66.7 71.1 74.2 74.1 73 70.8 65.3 56.4 44.3 -1.3 -1.3 -1.3 -1.3 -1.3 -1.3 -1.3 -1.3 -1.3 -1.3 -1.3 -1.3 -1.3 -1.3 -1.3 -1.3 -1.3 -1.3 26.4 36.4 25 -1.3 -1.3 -1.3 -1.3 -1.3 -1.3 -1.3 -1.3 -1.3 -1.3 -1.3 -1.3 -1.3 -1.3
78.5 77.9 78 78.6 80.1 81.4 80.7 80 78 76.3 74.3 73.6 73.8 70.6 69.9 71.5 71.3 71.7 70.6 71.7 80.4 85.6 84.9 81.5 75.5 68.1 71.4 73.6 74.9 74.5 74.7 76.3 78.7 79.3 78.4 76.7 74.6 72.6 67.4 63.7 65.5 67.4 70.3 70.5 70.1 69.3 66.8 61.7 53.3 37.4 -1.3 -1.3 -1.3 -1.3 -1.3 -1.3 -1.3 -1.3 -1.3 -1.3 -1.3 -1.3 -1.3 -1.3 -1.3 -1.3 -1.3 -1.3 30.9 38.4 27.1 -1.3 -1.3 -1.3 -1.3 -1.3 -1.3 -1.3 -1.3 -1.3 -1.3 -1.3 -1.3 -1.3 -1.3
80.2 80.9 81.5 83 84.5 85.4 85.2 84.2 82.6 81.4 79.4 78 76.4 77.2 70.3 70.6 72 70.3 70.5 71 74.9 82.5 84.4 82.6 77.7 68.7 66.8 71.8 76 76.7 76.9 78 78.9 78.6 78.8 78.3 75.5 72.6 66.4 62.4 63.1 66.6 68 68 67.7 67 63.2 58.5 47.2 22.5 -1.3 -1.3 -1.3 -1.3 -1.3 -1.3 -1.3 -1.3 -1.3 -1.3 -1.3 -1.3 -1.3 -1.3 -1.3 -1.3 -1.3 -1.3 30.1 39.9 27.6 -1.3 -1.3 -1.3 -1.3 -1.3 -1.3 -1.3 -1.3 -1.3 -1.3 -1.3 -1.3 -1.3 -1.3
79.9 83.2 84.4 86.4 88.3 89.6 90.4 90 88.3 86.2 83.7 83.8 84.7 82.4 77.9 69.9 71 70.1 70.2 71 70.1 80.4 81.5 80 77.6 73.7 64.4 68.2 73.3 76.2 76.9 77.6 78 78.9 77.9 77.9 76.5 72.9 66.4 62.4 61.9 62.4 65.5 66.8 68.4 67.9 62.7 57.2 39.8 -1.3 -1.3 -1.3 -1.3 -1.3 -1.3 -1.3 -1.3 -1.3 -1.3 -1.3 -1.3 -1.3 -1.3 -1.3 -1.3 -1.3 -1.3 -1.3 29.9 42.1 23.8 -1.3 -1.3 -1.3 -1.3 -1.3 -1.3 -1.3 -1.3 -1.3 -1.3 -1.3 -1.3 -1.3 -1.3
83.9 85.4 86.7 87.7 88.8 89.9 91.4 92.3 91.5 90 88.8 87.9 87.4 85.9 83.5 70.8 68.4 70.4 64.3 68.3 65 79.6 79.8 77.2 72.8 70.1 63.8 58.6 71.2 74.9 75.7 75.8 76.1 77.9 76.1 77.2 75.7 71.5 68 62.5 60.3 59.8 62.3 66.4 67.7 66.8 63.9 57.5 36.6 -1.3 -1.3 -1.3 -1.3 -1.3 -1.3 -1.3 -1.3 -1.3 -1.3 -1.3 -1.3 -1.3 -1.3 -1.3 -1.3 -1.3 -1.3 -1.3 28.1 37.4 21.2 -1.3 -1.3 -1.3 -1.3 -1.3 -1.3 -1.3 -1.3 -1.3 -1.3 -1.3 -1.3 -1.3 -1.3
87.7 88.9 90.9 90.9 90.1 89.6 90.9 92.4 92.9 92.3 91 88.9 87.3 85.7 83.6 76.2 71.2 65.8 58.5 58 58.9 76.6 80.4 73.5 67.2 65.6 60.5 56.7 68.7 71.3 73.7 73.8 73.4 72.5 73.8 75.2 73.5 70.2 66.4 61.6 58.7 58.3 61.5 65.5 66.8 66.8 65.2 57.4 37.3 -1.3 -1.3 -1.3 -1.3 -1.3 -1.3 -1.3 -1.3 -1.3 -1.3 -1.3 -1.3 -1.3 -1.3 -1.3 -1.3 -1.3 -1.3 -1.3 -1.3 30.3 24.1 -1.3 -1.3 -1.3 -1.3 -1.3 -1.3 -1.3 -1.3 -1.3 -1.3 -1.3 -1.3 -1.3 -1.3
93.9 94.3 94.9 94 93 91.6 91.3 92.4 93.6 92.8 91.5 89.3 87.5 85.9 84.9 82.4 79.8 77.5 72.9 60.4 50.5 63.9 66.9 63.6 59.5 50.5 40 46.4 62.3 66.3 69.6 65.4 63.9 64.3 68.8 72.9 71.2 67 63.4 58.7 57.1 57.2 59.7 64.9 66.8 66 63.2 54 29.6 -1.3 -1.3 -1.3 -1.3 -1.3 -1.3 -1.3 -1.3 -1.3 -1.3 -1.3 -1.3 -1.3 -1.3 -1.3 -1.3 -1.3 -1.3 -1.3 -1.3 16.3 29.4 -1.3 -1.3 -1.3 -1.3 -1.3 -1.3 -1.3 -1.3 -1.3 -1.3 -1.3 -1.3 -1.3 -1.3
95.1 95.9 96.3 94.3 92.6 92 92.7 94.3 94.6 94.4 93.6 91.7 90.2 87.7 86.2 84.6 79.8 78.7 75.8 69.7 50.6 46.2 46.7 43.7 43.2 39.1 28.3 29.1 36.3 39.4 40.6 41.7 42.4 47.5 57.2 65.5 69 66.2 60.9 57.1 55 55.3 57.8 62 64.4 63.5 59.7 49.4 21.5 -1.3 -1.3 -1.3 -1.3 -1.3 -1.3 -1.3 -1.3 -1.3 -1.3 -1.3 -1.3 -1.3 -1.3 -1.3 -1.3 -1.3 -1.3 -1.3 -1.3 -1.3 28.8 -1.3 -1.3 -1.3 -1.3 -1.3 -1.3 -1.3 -1.3 -1.3 -1.3 -1.3 -1.3 -1.3 -1.3
95.9 95.5 95 93.9 93.3 93.1 94.1 95.9 96.9 96.9 96.4 94.6 92.3 90.6 89 87.3 80 77.3 75.1 67.1 52.1 42.9 34.8 30.8 28.3 26 24.1 24.5 27.2 30.1 29.3 28.2 18.7 23.5 41.1 58.6 66.9 65.9 60.7 56.3 54 52.4 54.7 57.6 60.4 60.3 57.2 47.5 19.5 -1.3 -1.3 -1.3 -1.3 -1.3 -1.3 -1.3 -1.3 -1.3 -1.3 -1.3 -1.3 -1.3 -1.3 -1.3 -1.3 -1.3 -1.3 -1.3 -1.3 -1.3 19.8 -1.3 -1.3 -1.3 -1.3 -1.3 -1.3 -1.3 -1.3 -1.3 -1.3 -1.3 -1.3 -1.3 -1.3
96.4 96 96.2 94.6 94 94.4 95.5 96.8 98.3 99.9 99.4 97.8 95.1 93.3 90.4 87.6 80.8 73.9 70.6 58.3 47.1 34.1 17.5 3.8 4.8 4.6 3.9 3.4 3.1 2.8 2.4 2.4 2.4 2.4 3.7 50.6 67.4 64.6 60.7 56.5 52.9 50.1 51.1 53.4 56.2 55.1 52.3 43.4 19.3 -1.3 -1.3 -1.3 -1.3 -1.3 -1.3 -1.3 -1.3 -1.3 -1.3 -1.3 -1.3 -1.3 -1.3 -1.3 -1.3 -1.3 -1.3 -1.3 -1.3 -1.3 -1.3 -1.3 -1.3 -1.3 -1.3 -1.3 -1.3 -1.3 -1.3 -1.3 -1.3 -1.3 -1.3 -1.3 -1.3
97.6 98 98.2 96.5 95.4 95.9 96 96.9 98.6 101.4 102.1 100.2 97.9 96.6 93.3 82.2 56.2 47 8.6 4.2 3.8 2 1.6 0.9 1.4 1.6 1.6 1.6 1.6 1.6 1.6 1.5 1.1 1.2 1.6 43.2 65.8 65.9 62.6 59.5 53 47.8 45.4 45.2 42.6 40.6 36.7 34.2 10.7 -1.3 -1.3 -1.3 -1.3 -1.3 -1.3 -1.3 -1.3 -1.3 -1.3 -1.3 -1.3 -1.3 -1.3 -1.3 -1.3 -1.3 -1.3 -1.3 -1.3 -1.3 -1.3 -1.3 -1.3 -1.3 -1.3 -1.3 -1.3 -1.3 -1.3 -1.3 -1.3 -1.3 -1.3 -1.3 -1.3
99.7 99.8 100.3 99.1 97.3 96.4 95.8 96.5 98.2 101.2 102.7 97.4 61.9 60.1 37.7 26.3 19.9 6.6 0.5 0.2 -1.3 -1.3 -1.3 -1.3 -1.3 -1.3 -1.3 -0.2 -0.1 0 0.1 0.2 0.1 0.2 0.8 13 49.8 67.1 64.9 62.4 56.5 47.1 42.6 35.8 27.9 -1.3 -1.3 -1.3 -1.3 -1.3 -1.3 -1.3 -1.3 -1.3 -1.3 -1.3 -1.3 -1.3 -1.3 -1.3 -1.3 -1.3 -1.3 -1.3 -1.3 -1.3 -1.3 -1.3 -1.3 -1.3 -1.3 -1.3 -1.3 -1.3 -1.3 -1.3 -1.3 -1.3 -1.3 -1.3 -1.3 -1.3 -1.3 -1.3 -1.3
101.5 101.7 101 99.9 97.6 96.6 95.8 96.9 81 72 57.4 41.2 20 3.1 2 0.8 -1.3 -1.3 -1.3 -1.3 -1.3 -1.3 -1.3 -1.3 -1.3 -1.3 -1.3 -1.3 -1.3 -1.3 -1.3 -1.3 -1.3 -1.3 -0.1 0.9 34.5 63.4 65.4 63.4 60.3 52 45.3 38.3 26.8 -1.3 -1.3 -1.3 -1.3 -1.3 -1.3 -1.3 -1.3 -1.3 -1.3 -1.3 -1.3 -1.3 -1.3 -1.3 -1.3 -1.3 -1.3 -1.3 -1.3 -1.3 -1.3 -1.3 -1.3 -1.3 -1.3 -1.3 -1.3 -1.3 -1.3 -1.3 -1.3 -1.3 -1.3 -1.3 -1.3 -1.3 -1.3 -1.3 -1.3
101.7 101.9 100.7 99.2 97.3 96.2 96.1 97.8 75.2 50 2.4 1 0.4 -1.3 -1.3 -1.3 -1.3 -1.3 -1.3 -1.3 -1.3 -1.3 -1.3 -1.3 -1.3 -1.3 -1.3 -1.3 -1.3 -1.3 -1.3 -1.3 -1.3 -1.3 -1.3 -1.3 -1.3 16.5 64.6 63.5 61.8 54.5 47.3 35.7 23.1 -1.3 -1.3 -1.3 -1.3 -1.3 -1.3 -1.3 -1.3 -1.3 -1.3 -1.3 -1.3 -1.3 -1.3 -1.3 -1.3 -1.3 -1.3 -1.3 -1.3 -1.3 -1.3 -1.3 -1.3 -1.3 -1.3 -1.3 -1.3 -1.3 -1.3 -1.3 -1.3 -1.3 -1.3 -1.3 -1.3 -1.3 -1.3 -1.3 -1.3
101.9 101.8 100.2 98.5 97 95.9 93.3 89.7 63.8 1.8 0.1 -1.3 -1.3 -1.3 -1.3 -1.3 -1.3 -1.3 -1.3 -1.3 -1.3 -1.3 -1.3 -1.3 -1.3 -1.3 -1.3 -1.3 -1.3 -1.3 -1.3 -1.3 -1.3 -1.3 -1.3 -1.3 -1.3 -1.3 -1.3 61.6 62.8 58 44.3 33.6 20.5 -1.3 -1.3 -1.3 -1.3 -1.3 -1.3 -1.3 -1.3 -1.3 -1.3 -1.3 -1.3 -1.3 -1.3 -1.3 -1.3 -1.3 -1.3 -1.3 -1.3 -1.3 -1.3 -1.3 -1.3 -1.3 -1.3 -1.3 -1.3 -1.3 -1.3 -1.3 -1.3 -1.3 -1.3 -1.3 -1.3 -1.3 -1.3 -1.3 -1.3
100.5 100.7 99.6 98.1 96.7 95.4 83.4 63.8 41.3 -1.3 -1.3 -1.3 -1.3 -1.3 -1.3 -1.3 -1.3 -1.3 -1.3 -1.3 -1.3 -1.3 -1.3 -1.3 -1.3 -1.3 -1.3 -1.3 -1.3 -1.3 -1.3 -1.3 -1.3 -1.3 -1.3 -1.3 -1.3 -1.3 -1.3 -1.3 61.1 59 35.6 -1.3 -1.3 -1.3 -1.3 -1.3 -1.3 -1.3 -1.3 -1.3 -1.3 -1.3 -1.3 -1.3 -1.3 -1.3 -1.3 -1.3 -1.3 -1.3 -1.3 -1.3 -1.3 -1.3 -1.3 -1.3 -1.3 -1.3 -1.3 -1.3 -1.3 -1.3 -1.3 -1.3 -1.3 -1.3 -1.3 -1.3 -1.3 -1.3 -1.3 -1.3 -1.3
98.7 98.8 97.6 97.1 94.1 73.6 53.8 33.1 1 -1.3 -1.3 -1.3 -1.3 -1.3 -1.3 -1.3 -1.3 -1.3 -1.3 -1.3 -1.3 -1.3 -1.3 -1.3 -1.3 -1.3 -1.3 -1.3 -1.3 -1.3 -1.3 -1.3 -1.3 -1.3 -1.3 -1.3 -1.3 -1.3 -1.3 -1.3 44.9 48.8 24.5 -1.3 -1.3 -1.3 -1.3 -1.3 -1.3 -1.3 -1.3 -1.3 -1.3 -1.3 -1.3 -1.3 -1.3 -1.3 -1.3 -1.3 -1.3 -1.3 -1.3 -1.3 -1.3 -1.3 -1.3 -1.3 -1.3 -1.3 -1.3 -1.3 -1.3 -1.3 -1.3 -1.3 -1.3 -1.3 -1.3 -1.3 -1.3 -1.3 -1.3 -1.3 -1.3
96.2 96.4 95.1 94 75 53.4 45.8 0.7 -1.3 -1.3 -1.3 -1.3 -1.3 -1.3 -1.3 -1.3 -1.3 -1.3 -1.3 -1.3 -1.3 -1.3 -1.3 -1.3 -1.3 -1.3 -1.3 -1.3 -1.3 -1.3 -1.3 -1.3 -1.3 -1.3 -1.3 -1.3 -1.3 -1.3 -1.3 -1.3 -1.3 39 14.5 -1.3 -1.3 -1.3 -1.3 -1.3 -1.3 -1.3 -1.3 -1.3 -1.3 -1.3 -1.3 -1.3 -1.3 -1.3 -1.3 -1.3 -1.3 -1.3 -1.3 -1.3 -1.3 -1.3 -1.3 -1.3 -1.3 -1.3 -1.3 -1.3 -1.3 -1.3 -1.3 -1.3 -1.3 -1.3 -1.3 -1.3 -1.3 -1.3 -1.3 -1.3 -1.3
