WholeMapElevations/data/sd/sd66_OST50GRID_20230518/SD66.asc
ncols 200
nrows 200
xllcorner 360000
yllcorner 460000
cellsize 50
[rows 0 to 34 of 200, columns 0 to 77 of 200]
90 89.5 89.6 91.1 95 98 96.2 92.1 92.1 90.1 84 79.4 73.6 69 63.3 55.5 57.3 56 52.1 48.9 45.5 44.6 39.5 41 42.2 42.5 43.2 43.8 44.3 44.1 44.6 44.9 45.4 45.7 41 41 46.3 47.1 47.1 47.2 47.5 48.1 49 49.5 49.4 49.7 50.8 54.5 61.3 62.8 63.2 62.8 61.9 65.2 52.6 52.4 54.5 50.4 52 53.2 51 53.8 54.3 53.1 54.6 54.8 55.6 56 58.7 61.6 71.8 76.6 80.2 82.4 84.5 88 92.8 95.6
89.8 87 87.2 89.7 93.6 95 91.7 90.3 93.6 90.2 84 78.8 73.2 70.1 61.8 62.7 63.1 60.8 57.8 56.1 54.8 44.8 37.9 41.9 42.7 42.9 43.8 44.3 45.2 45.5 45.9 46.6 47.1 47 45.7 46.9 46.7 47.1 46.8 47.2 47.7 48.2 49 50 50.5 51.1 55.6 64.6 67.7 68.9 69.6 69.9 70.4 71 72.1 62.7 53.1 52.5 53 56 53.4 54.2 54.3 54.5 52.3 52.4 53.5 53.3 56.2 56.5 58.6 70.1 74.3 76.2 77.6 81.8 86.1 90.3
89.4 86.9 84.9 88.3 91.2 90.4 87.5 91.2 89.6 86.1 81.9 77.2 72.2 68 63.4 68.7 69.7 67.1 64.9 63.3 62 41.8 38.3 43.1 43.7 42.8 43.6 45 45.4 47.5 47.6 44.8 54.7 57.9 59.3 58.5 60.6 61 64 66.6 62.2 57.5 54.1 56.3 53.4 62 66 69.9 73.2 75.2 75.9 78.1 77.9 77.1 78.3 75 63.6 53.4 53.7 53.5 54.7 55.6 56.6 56.2 55.6 55.7 54.8 54.5 56.1 56.6 56.6 57.3 67.8 70.8 73.3 76.5 80.4 83.6
88.2 85.6 83.2 87 87.5 85.3 85.2 85.3 82.5 81.8 79.1 74.8 71.3 67.8 68 72.5 71.6 68 66.6 65.2 62.9 43.5 35.8 41.6 42 43.1 43.5 44.2 46 44.9 49.9 55.4 59 63.1 65.3 65.5 67.4 69.3 70.5 71.9 71.3 69.8 68.5 68.3 61 64.2 69.9 74.2 78 78.6 77.7 79.2 80.6 81.7 83.3 79.6 75.3 68 66 60.1 65 57.8 54.5 55.4 56.3 57.3 55.7 55.8 55.2 55.8 57.4 57.3 58.6 60.6 65 66.6 71.5 76.8
85.9 82.8 80.8 84.4 83.1 79.8 82 79.9 75.8 75.1 74 71.6 67.6 66.2 68.4 69.4 66.9 63.2 62.1 61.5 61 42.1 35.8 40.8 41.1 42.9 43.5 44.5 47.4 47.3 52.1 60.1 62.9 65.7 68.5 70.5 71.1 73.1 74.8 75.2 73.7 73.2 72.7 72.9 67.2 58.5 65.4 70.8 74 75 75 77.1 81.2 83.9 87 84.5 80.5 76.9 71.3 66.1 71.2 73.3 69.4 57.2 55.7 55.8 55.5 54.6 58.4 56.6 56.5 56.7 58.1 59 59.6 60.2 62.3 67.8
84.6 80.9 79.9 80.4 77.5 73.8 76.1 72.9 71.1 69.1 68.1 65.6 63.3 63.6 63.5 64.1 62.5 60.7 58.7 56.6 55.6 41.8 40.1 40.3 42.8 42.5 43.9 45 46.3 47.6 54.1 62.4 65.4 68.1 71.1 74.5 76.2 77.6 78.2 76.8 74.9 75.9 76 76.2 74.8 73.6 68.9 67.7 68 71.3 72.3 76.4 80.9 85.5 89.5 91 87.3 81.7 74.9 69.5 76.1 77.1 74.6 71.9 65.6 58.2 57.7 54.6 57.7 57 57 58.8 56 57.5 58.5 59.2 61.1 62
83 79.1 77.1 76.2 73.2 69.3 69.9 68.1 66 65 63.1 61.3 58.7 59.5 59.1 60.3 59.2 57.6 54.1 50.3 46.7 41.6 40.3 39.7 42.5 42.5 44.1 46.4 46.9 48.9 56.7 63.8 67.9 70.8 74.7 78.3 80.4 81.5 79.9 77.2 77.7 79.8 80.9 81.1 81.5 81 79.1 75.6 73.9 72.2 71.7 78 80.8 83.8 87.5 88.9 86.3 81.7 77 74.6 79.9 78.1 73.4 69.7 66 60.2 58.1 58 58.3 57.5 57.5 57.7 57.8 58.4 60.2 59.1 60.1 60.5
82.7 79.4 70.8 72.2 69.6 65.5 65.5 64.2 62.9 62.3 59.8 57.4 54.7 54.7 55.4 54.5 53.5 51.7 45.9 43.3 42.3 41.1 40.4 39 41.8 42.7 45.7 47 48.5 51.9 59.4 65 70.9 75.4 79.2 82.3 82.8 82.7 80.5 77.5 81.3 84.4 87.4 87.8 86.8 85.4 82.9 81.2 78.7 76.3 74.3 80.3 81.3 81.8 83.3 83.8 82.4 80 77.8 78.1 82.9 78.8 72.9 69.9 66.8 65.5 62 59.1 59.5 54.6 54.6 57.7 57.9 58.6 59.1 59.5 61 61.2
84.8 80.4 77.5 72.4 61.4 60.2 61.1 61.3 60.2 59.1 56.4 49.9 50.6 51.4 50.2 47.9 47 42.7 41.6 41.9 41.4 39.8 39.7 39.1 41.2 46.2 46.5 47.5 49.4 53.8 61.1 67.6 73.8 78.9 82.6 82.6 81.3 81.3 80 79.4 85.9 90.6 93.5 94.5 93 90.3 87.8 86.8 83.6 81.2 76.1 77.6 78.9 79.1 79.5 79.4 80.3 81.8 82.1 81.2 85.3 83.5 79.4 76.1 75 73.5 72.1 64.5 62 60.8 59.5 59 57.7 56.5 57.4 58.4 58.4 59.4
87.2 82 77.8 72.9 64.6 59.7 58.4 58.5 57.6 54.6 51 46.7 46.9 46.4 44.4 42.4 41.9 41.5 41.2 41.8 41.2 41.2 38.3 38.4 40.3 44.5 45.4 48.2 50.4 53.3 56.8 64.3 70.5 75.5 80.5 79.3 78 76.9 76.1 83.1 91.1 95 97.8 97.3 96.3 93.6 92.2 91.2 88.9 85.7 82.2 78 77.9 78.5 79.9 80.1 83.4 84.8 85.3 84.9 86.6 87 84.9 82.3 80.7 79.7 78.4 73.2 65.6 66.4 65.9 63.2 61 59.9 58.2 59.3 60.1 59.8
87.2 82.4 77.2 71.9 63.5 57 57.4 57.3 55 50 45.7 44.1 43.1 42.1 41 40.2 40.1 40.2 40.8 41 40.6 40.5 37.9 40.9 39.8 44.8 46.8 50.6 58.6 64.3 66.4 63.8 64.6 69.3 72.9 72.7 72.2 74.7 81.9 89.6 94.6 97.2 96.1 95.9 95 94.4 94.1 95.4 93.6 90.4 86.7 83.2 81.6 81.8 81.8 84 82.6 85.1 85.9 86.7 87.5 89 88.9 87.4 86.2 85.1 83 77.7 68.7 74.8 72 67.7 63.9 63.9 58.9 59.5 59.9 59.5
85.1 80.9 75.8 69.3 62.1 54.9 51.4 54.5 52.5 46.8 43 41.4 40.1 39.4 39.2 39.2 39.5 39.6 40.2 40.1 40.2 39.6 34.2 39.6 40 44.7 48.1 54.2 63.7 71 75.5 76.8 75.7 69.1 66.1 69.5 73.6 76.3 81.2 88.2 93.4 94.5 93.7 93.7 93.3 92.6 93.9 96.3 96 93.6 91 90.3 88.2 86.8 85.3 87.6 85.2 82.6 84 85.3 87.2 88.3 88.6 87.9 87.7 86.4 84.5 80 74.4 81 77.3 72 67.1 67.1 68.1 64.8 60.8 65.7
76.9 75.2 70.2 63.9 60.6 54.5 44.5 50.2 49.1 44.2 41.6 37.7 36.6 36.2 36.4 36.5 36.9 37.8 39.1 38.6 38.9 34.2 37.9 38.1 39.6 45.6 50.4 61.6 72.2 76.8 82.1 84.1 82.6 81.3 74.2 81.2 82.2 86.8 89 85.2 89.5 91.5 90.4 92.2 92.6 92.3 92.7 94.6 93 93.1 92.6 94.4 94.8 93.4 91.9 90.2 87 82.8 82.1 83.2 84.9 86.6 84.9 84.2 84.2 84.1 83.2 79 81.1 81.9 77.2 71.5 68.4 69.2 69.9 68.9 68.5 77
71.2 67.2 62.6 59.3 54.7 50 42.2 45.5 42.2 36.6 35.3 35.3 35.7 36.1 36.3 36.6 37 37.7 38 40.3 34.8 39.1 37.5 37.8 40 49.2 58.2 66.7 76.2 83.8 88.4 90.5 90.7 88.6 86.4 89.6 91.6 93.6 94.4 91.7 91.5 92.6 93.8 94.7 94.9 93.9 92.9 92.7 90.4 89.7 90.7 94 96.8 97.2 97.2 94.6 90.4 85.3 82.7 83 82.4 83.2 83.4 82.3 81.8 82.2 82.9 83.3 84 81.2 74.9 70.8 71.5 74 73.4 71.8 71.1 76.9
63 58.6 54.2 51.5 48.5 42.4 36.1 34.3 34.4 34.7 34.6 35.4 35.8 35.9 36.3 36.8 37 37.5 37.8 35.3 39.2 37.5 38 39 48.9 53.3 62.7 69.5 77.1 84.4 90.1 91.2 91.7 91.7 94 97.6 98.4 97.6 97.9 95.9 96.4 96.8 97.8 98.2 97.4 95.6 93.9 91.9 92 90.7 91.5 94.6 97.6 98.2 99.6 99.4 96.5 93.6 90.8 89.8 86.8 82.7 82.3 83.4 84.7 84.9 85.6 85.4 84.1 80.7 76.1 77.1 78.9 79.9 79.1 77 73 74
52.7 50 48.5 44.7 34.3 33.1 33.5 33.9 33.9 34.9 35.1 35 35.5 35.5 35.8 35.5 35.4 35.9 34.5 38.1 38.4 38.5 40.2 46.5 52.6 57.2 63.4 68.5 74.6 80 87.4 88.7 92.2 95.1 99.3 101.6 103 101 99.7 99.6 100.8 103.1 103.7 101.3 99.5 97.3 95.9 94.5 95 95.4 93.8 94.9 97.8 98.5 100.4 100.1 99.2 100 98.3 95.2 90.7 84.5 82.9 84 85.8 86.1 86.4 85.5 84.5 83.9 84.4 86.1 85.9 84.3 84.3 81.9 77.9 78.2
48 45 37.1 32.4 33 33 33.9 34.1 34.6 34.4 34.6 35.5 35.6 34.1 33.9 35.4 36.4 38.1 40.2 46.8 38.5 42.1 49.7 48.6 53.6 57.6 61.6 66.6 71.1 77 84.1 88.4 92.6 97.1 100.5 103.1 103.6 102.4 101 101.8 104.8 106.4 104.5 103.4 101 100.8 100.2 99.1 98.6 96.4 94.6 94.1 97.5 99.6 100.4 100.6 99.9 102.6 103.1 99.7 94 86.6 84.5 86 85.8 87.4 87.7 89.4 89.3 89.1 90.5 90.4 88.8 88 87.3 85 84.5 84.9
41.2 32.7 32.8 33 32.8 32.9 32.7 34.3 34.6 34.9 35.2 34.9 34.3 34.3 36.2 36.4 38.3 41.8 46.1 51.8 53.6 52.9 52.1 51.3 53.5 56.7 59.7 62.5 66.1 72.5 81.8 87.8 93.1 97.5 100.6 102.2 102.1 101.5 101.6 104.3 106.8 106.5 104.2 102.7 104.6 105.1 104.8 102.9 100.2 96.5 93.6 94.1 95.9 99 99.5 100.8 101.8 103.6 102.7 100.2 97.4 92.4 90.3 88.4 88.4 89 90 92.2 92.3 93.7 95.2 93.5 91.4 91.4 89.9 88.5 88.2 90.4
30.8 32.3 32.2 30.4 31.1 33 33.5 33.4 32.1 32.9 34.9 35.4 33.9 36.1 36.4 37.6 41.2 44.3 50.8 54.9 55.2 54.4 53.8 54.5 55.7 56.9 56.2 58.2 66.4 74.2 81.2 87.2 92.5 96.3 97.9 98.5 99.2 99.1 102.2 106.2 108.9 108.2 105.8 107.1 109.9 110 108.1 105 101 96.5 93.6 95.4 98.2 99 99 100 102.4 105.1 104.7 99.9 97.5 96.5 96.2 93.9 92.9 92.7 93.3 94.8 96.3 98 99 96.4 94.7 94.9 94.8 94.5 91.9 90.9
31.3 31.3 31.7 32.2 32.4 33.1 33.5 34.1 32.8 33.8 34.5 32.3 35.7 37.1 38.7 41.1 42.8 47.6 53.5 56.8 56.8 55 56.6 65.3 67.5 67.2 70.9 73.6 71.3 72.2 80.7 86.8 91.6 92.4 94.4 95.3 96.5 97.9 101.8 105.6 108.8 109 109.7 112.5 114.1 111.9 108 103.6 99.6 94.6 93.7 94.8 97.1 98.8 98.5 101 104.2 106.4 105.7 102.5 101.3 100.2 100.4 99.4 96.5 93.6 94 97.6 99.9 101.2 100.5 98.5 96.8 95.9 96.3 95.2 93 91.7
31.6 32.2 32.5 32.7 32.5 33 33.5 34.6 35.9 36.3 37.1 36.3 37.1 37.2 38.3 42 44.2 49.8 54.5 56.9 57.5 57.3 63.9 72.1 76 78.6 76.3 81.3 82.8 83.7 86.6 91 94.1 96.1 95.8 95.7 96.5 96.7 99.4 103.4 105.9 108.1 112.1 115.6 114.8 110.4 105.7 101.5 97.3 95.6 94.1 94.6 95.7 96.3 97.1 100.1 102.3 103.7 101.7 100.5 101.8 100.5 98.9 97.9 96.6 94.7 95.1 97.7 99 98.3 98.1 98.6 98.5 99.2 99.4 98.3 97.3 94.5
31.8 32.7 33 32.8 32.9 33.4 35.3 35.6 35.8 36 35.9 37 38 40.3 41.2 41.8 46 50.9 54.5 56.6 58 64.5 70.5 77.6 82.9 85.1 82.2 84.8 85.7 87.9 91.8 95.8 97.5 99.5 100.1 98.8 98.7 97.5 98.2 100.3 104.7 107.2 112.2 114.7 112.8 108.3 104.4 101.4 98.2 97 97 96.9 97.2 94.8 94.2 95.1 98.5 99.6 98 98 97.8 98.4 103.3 104.6 101.7 98.4 96.6 96.6 97 101.9 102.9 103.1 103.6 104 102.6 101.9 100.5 98
32.4 32.7 33 33.6 33.6 33.7 34.2 36.1 36.2 36.2 36.2 36.1 39.2 40.3 41.1 43.3 47.7 51.3 53.3 54.7 59.1 66.8 73.1 79.4 86.4 87.4 85.1 86.7 88.2 91.4 95.7 99.9 102.3 104.1 104.1 101.8 101 100.3 97.5 98.1 102 106.8 110.9 112.3 111.9 108.9 107.3 107.5 105.7 103.3 101.4 101.5 100.9 97.8 92.3 92.9 95.3 90.2 97.4 100.2 102.1 105.2 108.5 109.7 108.1 106.9 104.4 100.3 105.4 110.3 111.7 110.9 110.4 107.9 104.2 103.3 101.2 99.7
33 33.1 33 33.5 34 34.2 34.3 36.3 36.9 36.9 36.7 37 38.5 39.9 40.7 44.4 47.7 49.7 51.3 53.1 61 67.5 74.5 82.8 88.2 87.5 86.3 87.7 90 93.7 99.1 104.4 107.1 108.7 107.6 106.1 104.4 102.6 99.9 98.3 99.9 104.9 108.3 110.3 112.7 111 113.2 114.2 111.7 108.1 106.7 106.8 105.5 102.4 95.3 87.6 87.8 96 100 101.9 103.6 107 110.3 110.9 110.9 110.6 107.4 105.6 109.8 112.6 112.8 113.9 113.5 109.9 105.9 104.4 104 102.7
33.3 33.3 33.3 33.7 34.6 34.7 34.8 37.1 37.1 36.8 37 37.6 38.1 39.7 41.2 44.3 47.1 48.1 49.5 52 61.8 68.1 75.2 82 86.7 86 86.2 88.8 91.5 96.4 101.9 105.9 108.6 109.8 109.3 109.2 106.9 104.7 103.3 101.4 100.9 102.6 105.7 107.1 109.4 110.8 116.5 117.2 113.6 111.9 110.9 109.4 105.9 100.1 89 86.6 92.8 97.7 100.7 100.6 102.6 101.9 103.1 104.9 106.4 105.9 104.6 104.6 107.9 107.5 109.6 113 113.2 110.8 107.9 107.7 106.2 103.6
32.9 32.9 34 33.8 34.2 35.1 36.1 37.1 36.8 36.8 37.3 38 38.4 39.6 41.1 43.7 44.9 45.9 48.2 53.5 62.4 68.5 74.8 80.2 83.8 83.1 86.6 89.2 92.7 97.9 102.8 106.4 107.5 109 109.5 109.7 108.6 106.5 105.1 104.5 104.5 103.9 103.7 105 105.6 112.9 117.1 115.9 113 113.1 112.3 107.9 100.6 89.2 82.9 93.3 95.5 97.2 99 96.9 96.6 95.3 96.5 97.4 98 99.2 98.4 100.1 100.1 100 102.5 106.5 109.4 109.4 109.2 110.2 106.8 101.8
33.8 33.2 34.5 34.3 35.1 35.4 37.2 37.3 37.1 37.7 38 38.7 38.7 40 40.9 42.2 42.9 44.1 49.3 58.3 63.8 68.5 72.9 77.9 79.4 81.5 85 88 92.3 97.4 101.8 103.8 104.9 107.2 108.7 109.1 108.7 108.1 106.6 106.7 107 103 99.9 100.7 104 110 110.4 109.8 109.2 111.1 109.5 102.5 94.9 82.2 81.6 81.9 86.5 89.8 92.7 91.5 89.3 85.9 88.6 90.4 91.9 91.6 91.1 91.5 93.3 94.5 96.2 97.6 101.2 106 107.9 106.6 101.2 97.1
34.1 33.8 34.8 35.6 35.7 35.6 35.9 37 37.8 38.7 39.7 39 40.5 40.7 41 41.4 41.8 45.1 51.5 59.3 63.4 66.7 68.8 71.9 73.3 77.3 80.4 83.9 88.8 93.7 96.6 98.1 99.5 102 104 104.5 106.8 107 106.1 107.7 106.3 101.4 97.9 97.2 101.2 104.3 103.6 103 105.6 106.1 104.6 88.7 81.5 83.4 89.2 84.2 82.2 82.5 84.9 84.4 83.5 84.4 84.4 84.4 85.1 85.5 86.1 86.7 87.6 87.7 87.2 89.3 93.6 96 101.9 100.3 98.5 95.2
34.9 34.4 35.6 35.7 35.7 36 35.8 37 38.3 39.1 39.6 42.7 44.3 42.1 41.3 41.3 43.5 46.2 52 57.6 61.5 63.7 64.5 64.9 67.9 71.8 74.8 79.1 83.4 87.9 88.3 88.7 91.1 93.3 95.3 97.2 99.6 100.8 103.8 104.7 102.3 97.3 96 95.9 98.1 98.7 98.3 101.2 103 98.7 85.2 84 93.6 99.9 99.8 92.8 88.1 85.5 82.4 82.5 88.1 92.3 92.8 91.2 86.3 85.2 85.1 85.1 85.9 85.4 85.8 86.4 86.7 88.2 93.9 88.9 89.9 94.3
35.1 35.6 35.5 35.6 36.6 36.4 36.7 36.8 38.4 39.2 39.8 44.7 45.8 42.8 41.7 42.2 43.4 45.7 50.6 55.9 59 61.9 66.2 61.2 63.1 66.2 69.2 74.6 79.2 80.6 79.6 82.4 83.8 85.6 87.2 88.2 91.5 94.3 98.4 100.3 97.6 94.9 93.9 92.7 93.9 94 93.9 98.5 98.9 97.8 91.5 82.3 100.1 103.4 103.7 101.5 98.6 94.4 87.6 85.9 93.7 97.5 99.3 98.7 95.3 91.7 89.4 88.3 88 91.6 96.2 99.7 96.3 87.3 87.9 89.9 98.1 106
36 36.1 36.1 37.1 37 36.6 36.8 37.4 39.4 39.5 39.8 43.4 43.4 41.2 41.9 42.8 44.3 44.9 47.9 53.9 57.7 64.5 67.1 61.6 59.2 61 64.1 70.2 74.4 74.1 78.1 83.3 79.2 78.3 80.3 82.6 85.7 89 94 95.5 93.4 92.3 89.8 88.5 88.9 88.9 91.3 94.7 94.5 86.8 76.2 91.3 103.1 106.3 107.1 108.4 104.8 99.9 96.1 95.8 99.4 102.4 102.9 101.6 100.6 99.9 98.1 95.7 98.2 101.9 104.2 104.3 104.4 102.4 99.2 99 105.4 109.1
31.7 36.6 36.9 37.6 37 37.2 37.7 38.9 40.4 40.2 40.6 40.8 41.5 41.1 42.7 48.4 51.7 47.8 47.9 50.5 55.8 64.8 63.9 56.8 56.7 57.6 59.7 64.7 68.9 70.7 80.2 79 74 72.2 73.3 77.3 79.6 85.5 89.5 89.2 88.7 87.6 85.3 83.8 84.7 85.3 88.8 90.6 87.3 73.7 84.1 95.9 102.7 105.9 108 111.7 110.5 107.3 102.2 102.1 104.7 106.4 105.9 104 104.5 104.3 103.5 102.8 103.8 106 108 107.9 108 106.9 99.3 103.7 107.7 109.8
33.3 37.2 37.1 37.9 37.6 37.8 37.8 40.4 40.6 40.6 41 41.1 41 42.3 52.1 59.8 63.7 59.2 49.9 49.1 51.5 54.2 54.6 56.1 57.8 59.3 60.5 60.8 66.2 72 79.4 73.8 70.1 76.2 75.8 72.8 76.6 82.4 85 84.8 84.7 83.3 81 80.5 81.2 83.6 87.5 88 75.6 80.8 90.7 95.9 99.1 101.8 105.4 110.4 111.6 108.2 104.6 106.1 108.1 108.6 107.1 107.5 108.3 107.6 107.1 105.8 106.5 108.3 109.5 108.2 108.3 105.6 97.1 105.6 108 108.5
35.9 37.8 37.8 38.5 38.5 38.9 38.5 41.1 40.9 41.1 41.4 41.7 42.6 49.2 57.7 65.5 68.1 65.5 58.2 50.7 52.5 52.4 54.5 56.3 63.6 69.3 66 62 66 72.7 74.8 69 75.4 82.5 79.7 73.3 74.4 80 82.8 82.6 81.6 79.7 78 77.5 78.5 82.9 86.3 85 72.2 78.7 85.9 91.1 94.4 96.7 101.4 106 106.8 104.4 103.4 106.8 108.4 108.4 107.7 110.1 110.4 109.3 107.3 105.8 106.5 107.9 108.3 107.8 106.5 101.6 98.3 104.9 106.5 106
36.8 37.5 38.3 39 39.2 38.5 39.1 40.5 41.4 41.8 42 42.5 45.8 52.7 60.1 66.7 67.6 67.6 67.8 67.7 65.8 61.3 60.3 68.6 76.2 74.5 67.9 62.9 67.2 71.5 69 68.5 77.2 84.1 81.4 76.2 72.5 77.3 81.1 81.1 82.3 81.8 78.9 75.4 77.4 81 83.6 79.5 71.3 73.2 78.8 84.9 89.4 91.9 97.7 100.8 100.8 99 100.6 104.2 105.6 106.1 107.6 110.9 109.4 106.8 103.9 102.6 103 104.6 105.2 105 102.7 97.9 98.6 102.5 103.6 103
