WholeMapElevations/data/st/st10_OST50GRID_20230518/ST10.asc
ncols 200
nrows 200
xllcorner 310000
yllcorner 100000
cellsize 50
[rows 35 to 69 of 200, columns 78 to 155 of 200]
248.8 248 246.9 245.6 244.7 243.6 242.3 240.9 239.4 236.1 226.5 221.7 219.6 220.4 217 211.5 205.8 198.5 190.9 186.7 194.2 197.6 200.6 200.6 201.8 195.4 186 182.3 185.9 194.3 198.6 201.8 208.5 215.4 226 237.6 242.3 244.8 246.5 247.8 248.8 249.8 250.4 250.4 250.4 250.5 251 251.4 250.9 250.5 249.7 248.6 247.6 246.4 245 243.1 241 238.5 236 233.7 231.1 225.7 218 218 216.3 210.9 203 199.1 195.8 192.5 188.9 185.8 180.5 184.7 186.9 188.4 192.4 197.6
248.7 247.5 247 245.4 243.8 242.5 240.8 239.3 237.7 232.3 224.2 220.2 218.1 214.3 212.9 208.7 199.9 192.9 188 191.4 200.1 202 202.3 203.1 202.7 200.9 189.7 184.6 185.3 190.3 195.8 201.3 208.6 217.2 228.7 239.2 242.8 245.5 247 248.5 249.5 250.4 251 251.1 251.2 251.3 251.6 251.6 251.1 250.4 249.4 248.4 247.5 246.3 244.8 242.5 240.5 238.1 235.9 233.5 230.9 228.5 228 228.4 227.1 223.4 217.8 211.8 204.7 200.9 196.2 191 184.3 181.3 182.9 187.8 193.7 197.7
249 247.8 246.1 245.1 242.7 241.5 239.8 238 235.8 232.6 222.6 217.7 214.1 212.7 209.9 205.2 195.1 189.3 192.7 199.1 205.8 204.9 206.1 206.5 205.8 202.9 195.9 186.9 187.1 195 201.2 205.8 209.8 217.8 230.3 239 243.4 246.1 247.6 249.1 250.1 250.9 251.6 251.7 251.9 252 252.1 251.7 251 250.3 249.3 248.3 247.4 246.3 245 242.7 240.4 238.2 235.9 233.9 232.1 230.7 231 230.1 229 228.1 225.8 223.1 218.7 211.4 201.3 195.5 186.4 177.7 182.5 189.2 194.7 199.1
248.8 247.5 245.2 244.5 242.6 240.5 239 237.1 234.3 225.4 218.6 217.7 213.9 211.7 207.5 200.4 193 193.5 201.4 207.3 208.8 209.9 210.7 210.9 207.5 205.4 198.4 187.7 188.3 195.9 205.1 211.2 214.7 218.1 227.6 237.5 243.8 246.8 248.2 249.7 250.6 251.4 252.2 252.3 252.5 252.6 252.5 251.6 250.8 250.1 249.2 248.5 247.4 246.3 245.2 242.9 240.7 238.6 236.5 235.2 233.4 232.2 231.9 231 229.9 228.3 226.1 223.3 219.7 215.3 204.7 196.8 186.2 177.2 180.9 187.4 194.2 199.9
248.2 246.4 244.3 243.8 241.9 239.8 238.2 234.4 224.9 220.7 217.2 210.6 210 206.7 201 195 197.1 202.1 207.3 211.1 211.5 216.1 217.8 212.8 208.7 205.7 197.2 187 190.1 197.7 206.3 214.4 220.8 225.6 227.7 231.2 242.8 247.4 249 250.1 251 251.9 252.7 252.8 252.8 252.8 252.5 251.7 250.8 250 249.2 248.5 247.4 246.3 245.3 243.1 241.1 238.9 237.2 235.5 234.2 233 232 230.6 229.3 227 224.7 221.8 218.8 214.8 203.1 196.1 186.2 176.7 178.4 184.4 193.5 200.8
247.4 244.9 244.2 241.9 240 238.2 235.2 224.6 221.6 217.7 215.9 206.7 200.7 194.8 194.3 201.9 207.9 211.9 216.1 223.7 226.2 226.3 223.8 213.4 208.5 206 200.7 187.8 192.7 203.3 209.6 216.1 222.2 230.9 239 241.1 244.9 247.3 249.7 250.6 251.5 252.5 253.3 253.4 253.1 253.1 252.5 251.7 250.9 250.1 249.7 248.8 247.6 246.3 245.3 243.4 241.5 239.5 237.8 235.8 233.4 232 230.5 229.8 227.8 225.2 222.9 220.1 216.6 208.6 200.4 194.8 185.2 174.8 177 184.4 193.3 201
245.3 244.1 242.9 240.9 238.2 229.1 226 221.8 219.4 214.8 210.5 198 201.5 202.9 201.1 210.7 215 220.2 227.4 229.8 229.8 228.6 225.1 209.3 209.9 206.8 203 190.4 193.9 205.6 212.9 222 228.6 235.5 242.6 246.1 247.9 249.5 250.5 251.3 252.2 253.2 253.8 254.1 254 253.5 252.7 251.9 251.2 250.4 250 248.9 247.8 246.6 245.4 243.8 241.9 239.9 237.9 235.7 233.1 230.9 229 228.3 225.7 222.6 219.2 215 210.6 202.9 196.1 188.7 180.4 173 177.1 183.8 192.3 200.8
245.6 243.8 241 239.1 230.3 227.8 224.3 218.5 214.5 209.7 198.1 204.9 209.5 210.6 212.4 217 221.9 229.4 232.5 233.2 231.8 229.7 221.5 212.6 210.3 207.5 203.7 193 195 206.4 212.3 220.1 229.7 238.2 245.3 247.7 249.3 250.6 251.4 252.2 253 253.9 254.3 254.6 254.6 253.8 253 252.2 251.4 250.7 250.2 249.1 248 246.8 245.6 243.9 242.1 240.3 238 235.7 233 230 226.7 224.7 221.8 217.1 211.8 207 202.4 195.9 187.2 182 175.8 172 176.8 182.8 190.8 199.1
245.3 243.3 240.9 236.1 228.7 225.9 219.8 214.7 206.5 199.8 205.4 212.7 214.3 215.8 217.8 222.5 229.1 234.4 235.4 235.1 233 230.1 218.9 212 209.3 208.4 202.6 194.1 196.3 206.2 212.8 219.8 230.6 241.7 246.3 249.1 250.7 251.5 252.3 253 253.8 254.6 254.8 255.1 254.8 254.2 253.3 252.5 251.7 251 250.4 249.3 248.2 247 245.9 244.1 242.3 240.7 238.1 235.4 232.3 228.5 222.9 213.5 213.1 207 204.4 200.3 194.5 188.5 183.5 178.2 172.7 170.4 175.5 182.1 189.3 197.4
244.6 242.3 239.7 227.7 226.2 223.1 216.2 208.3 199.6 201.3 213.2 220.7 218.5 221.9 222 228.7 235.7 237.1 237.3 235.8 233.6 230.3 218.9 211.6 209.8 206.6 201 197.3 198.9 206.8 213.9 220.1 230.3 242.3 247.5 250.1 251.6 252.4 253.2 254 254.7 255 255.3 255.2 254.9 254.5 253.7 252.9 252.1 251.3 250.7 249.6 248.4 247.3 246.1 244.3 242.3 240.3 237.5 235.1 231.7 227.8 218.4 205.5 201.7 198.2 194.5 192.3 187.4 182.4 177.7 173.6 170.6 167.6 174.8 182.5 188.7 195.9
243.1 240.5 237.5 225.8 224.1 221.6 211.5 200.3 204.7 216.9 223.3 222.3 226.1 225.3 225.7 235.4 239.1 239.3 238.7 236.9 234 228.7 216.6 213.7 208.6 207.1 202.7 202.1 203.9 209.3 217.7 222.4 232.5 243.8 249 250.9 252.5 253.4 254.2 254.9 255.3 255.5 255.6 255.3 255 254.7 254 253.3 252.4 251.5 250.3 249.2 248.3 247.4 246.3 244.4 242.2 240 237.1 234.4 230.9 223.2 211.3 201.1 194.4 190.9 186.6 182.2 182.4 180 176 170.8 169.2 167.1 174.6 181.4 186.5 193.6
241.6 238.7 228.6 223.4 221.2 215.7 204.3 205.3 211.7 221 222.1 225.1 228.8 228.3 229 240.1 241.2 241.1 239.6 237.3 234.3 228.1 220.7 214.7 206.5 207.9 203.2 205.2 209.3 212.8 219.8 226.7 237.3 245.1 249.6 251.9 253.4 254.3 255.1 255.5 255.8 255.9 255.6 255.4 254.6 254.1 253.7 253.3 252.3 251 249.9 248.9 247.9 246.9 245.8 243.9 241.8 239.6 236.3 232.8 223.3 210.1 201.2 196.6 191.7 191.7 193.3 193.1 193.8 191.2 183.9 178.1 172.7 166.7 172.5 177.7 182.2 189.7
239.7 235.3 224.5 216.9 212.6 205.7 202.9 210 220.2 230.5 230.8 230 231.9 235.3 241.4 243.5 243.1 241.9 240.2 237.7 234.8 228.7 220.6 215.3 208.7 209 205.4 205.6 215.1 216.1 221 226.9 236.6 245.4 250.4 252.5 254 255.2 255.6 256 256.3 256 255.7 255 254.1 253.6 253.1 252.6 251.6 250.6 249.5 248.5 247.4 246.4 244.7 243.1 241 238.4 234.9 224.8 211.5 203.4 199.1 201.5 201.4 205.4 208.1 209.8 209.2 205.1 193.2 183.1 176.8 169 168.5 173.2 179.2 187.6
236.4 229.9 220.1 213.5 206.8 205.2 211.6 223 233 236.2 239.1 241.1 242.5 243.9 244.9 245.1 244.2 242.6 240.8 238.3 235.5 230.7 221.9 216.6 210.6 208.8 204.7 208.5 218.7 221.5 224 229.6 238.7 246.8 251.1 253.2 254.5 255.6 256.2 256.5 256.3 256 255.4 254.5 253.6 253 252.5 251.7 250.8 249.6 248.4 247.3 245.8 244.8 241 236.1 232.3 230.5 224 213.7 203.7 205.7 210.4 214.7 217.3 220.2 219.6 217.2 213.9 207.1 196.3 186 178.5 169.8 164.7 169.1 176.4 185.2
223.7 221.3 216.5 210.4 209.4 216.7 225.4 235.3 238.4 241.1 243 244.4 245.1 245.6 245.7 245.3 244.8 243.4 241.4 238.8 236.3 233.1 223 217.3 211.6 210 204.6 214 222.1 224.6 225.5 230.4 240.3 248.1 251.7 253.8 255 256 256.5 256.6 256.3 255.8 254.9 254 253 252.3 251.7 250.9 249.9 248.5 246.8 244.7 241.6 234.9 228.4 222.8 219.5 217.5 214.4 214.6 217 221.6 224.3 225.4 224.7 222.7 220.2 217.1 213.3 205.7 197.1 187.2 180.5 171.3 164.2 165.2 174.1 182.9
221.7 219.8 215.1 207.8 217.9 228.8 237.1 240 242.6 244 245.4 246.2 246.3 246.8 246.1 245.6 244.9 243.3 241.1 239.1 236.7 233.4 224 216.7 210.9 209.9 206.9 217.5 224.4 227 227.6 231.3 239.5 248.9 252.3 254.5 255.6 256.3 256.7 256.5 256.3 255.3 254.4 253.5 252.5 251.6 250.9 249.9 248.8 247.6 245.8 242.8 240.4 236.1 234.6 232 226.5 226.4 229.3 232 232.2 231.5 229.4 228 225.6 222.8 219.9 215.8 210.9 203.5 195.5 186.9 180.5 172.8 164.2 162.8 170.6 179.6
220.7 215.5 209.7 219.8 230.7 238.5 241.2 243.9 245.6 246.5 247.1 247.4 247.6 247.4 246.6 246 244.9 243.3 241.2 239 236.9 233.4 227.3 216.9 211 209.8 209.5 221 226.6 229.3 232.3 235.4 242.3 250.2 253.7 255.1 255.7 256.4 256.5 256.2 255.8 255 254 253.1 252.2 251.3 250.8 249.9 249 248.1 247.5 246.8 245.5 244.2 242.9 239.3 236.5 237.8 237.1 235.8 234.6 233.2 231 228.2 225.5 222.5 218.7 214.6 207.8 200.4 193.2 185.8 179.1 172 163.8 161.9 168.5 177.5
216.8 213.6 219.1 233 239.7 242.4 244.9 246.1 247.1 247.9 247.8 248.2 248.2 247.7 247 246.2 244.8 243.2 241.1 239 237.1 234.1 229.1 216.6 210.1 208.5 211.5 221.5 228.2 232 236.6 240.9 247.4 252.1 254.6 255.4 256.2 257.1 256.5 255.7 255.4 254.6 253.7 252.8 252 251.5 251.3 250.8 249.9 249 248.4 248 247.1 246 244.9 243.7 242.1 240 238.5 237.2 235.4 233.7 231.1 228 225.3 221.5 217 212.4 204.5 196.6 190 182.4 176.3 170.4 163.2 160.6 167.6 175.5
213.7 219.4 231.8 239.8 242.9 245.6 247.1 248 248.3 248.5 248.5 248.5 248.2 247.6 246.9 245.8 244.4 242.9 240.9 238.9 237 233.9 225.3 214.4 209.8 209.5 216.2 223.4 229.6 234 238.5 243.7 250 253.4 255.1 256 256.9 257.1 256.4 255.7 255 254.3 253.7 253.2 252.7 252.2 252 251.6 250.8 249.9 249.4 249 248.3 247.2 246 244.8 243.5 241.6 239.5 238.2 236.1 233.2 230.4 227.8 224.3 220 214.5 207.3 200.1 192.4 185.1 178.3 172.8 167.3 160.8 161.8 170.6 177.7
220.5 229.9 239 242.5 245.9 247.7 248.7 248.6 248.7 248.9 248.6 248.2 247.7 247.1 246.4 245.1 243.7 242.2 240.2 238.1 235.4 227.8 217.9 212.1 208 213.5 221.1 228.4 232.1 236.8 241.2 246.5 251.8 254.6 255.9 256.8 257.7 257.1 256.4 255.7 255.2 254.8 254.4 253.9 253.4 253 252.8 252.3 251.7 250.8 250.4 249.7 248.9 248.2 247.1 245.8 244.6 243.2 241 239.1 236.6 233.6 230 226.6 223.3 215.6 207.8 198.3 194.7 187.2 180.4 174.8 169.5 163 158.5 162.1 166.5 175.5
234.4 239.2 242.6 245.7 248.1 249.2 249.8 249.5 249.3 248.7 248.1 247.6 247.1 246.6 245.7 244.4 243 241.5 239.4 237.4 231 220.6 212.7 209.6 210 216.3 226.1 231.4 235.3 239.7 244.1 249.4 253 255.4 256.6 257.6 257.8 257.1 256.5 256.2 255.8 255.3 255 254.6 254.1 253.7 253.5 253 252.4 251.8 251.1 250.4 249.6 248.9 248 246.9 245.5 244 241.8 239.5 237.1 233.9 230.3 226.5 220.8 211.5 198.7 190.7 189.2 183.1 175.4 169.7 164.3 157.3 162.8 168.4 172.6 177
239.4 243.1 245.4 247.8 249.7 250.3 250.2 249.4 248.8 248.2 247.4 246.8 246.3 245.6 244.6 243.3 242.1 240.7 238.7 234.3 225.3 214.9 210.1 211.8 214.2 223.1 230 233.6 237.6 241.9 246.3 250.6 253.9 256.2 257.5 258.4 257.8 257.4 257.1 256.8 256.3 255.9 255.6 255.3 254.8 254.4 254.3 253.8 253.1 252.5 251.7 251 250.3 249.6 248.8 247.4 245.9 244 241.8 239.5 236.8 233.6 229.4 224.3 215.4 205.1 194.3 186.2 182.8 176.1 169.6 163.3 158 160.7 169.1 173.6 177.7 182.7
243.4 246.4 248.7 250.1 250.7 251.1 250.4 249.4 248.4 247.6 246.7 245.9 245.3 244.3 243.4 242.1 240.7 239.5 235.7 227.8 218.1 212.8 212.9 217 223.8 231.6 235 236.7 239.9 244.1 249.4 252.9 255.7 257 258.1 258.7 258.4 258.1 257.7 257.3 256.9 256.4 256.1 255.8 255.5 255.2 255 254.3 253.6 253 252.3 251.6 250.9 249.7 248.6 247.6 246.3 244 241.8 239 235.9 232.4 227.6 219.7 208.8 198.7 189.7 183.9 176.8 169.5 162.5 158 156.5 162 170 173.7 178.3 185.1
246.4 248.1 250.4 251.6 251.9 251.3 250.5 249.5 248.6 247 245.2 244.3 243.4 242.3 241.4 240.5 239.2 236.4 230.4 221.2 216.2 212.3 218.1 223.9 231.3 236.3 238.4 240.8 243.6 247.2 252.5 255.2 256.7 257.7 258.8 258.8 259 258.7 258.4 257.9 257.4 256.9 256.6 256.3 256.1 255.9 255.5 254.5 253.8 253.2 252.6 251.5 250.3 249.2 248.1 247.1 246 243.6 241 238.1 234.6 230.4 224.9 217.1 202.7 193.3 187.2 180 171.9 163.7 157.3 154.9 160.8 165.4 170.1 175.2 179.7 185.6
248.8 249.9 252.9 252.8 252 251.4 250.6 249.7 248.1 246 244 242.6 241.6 240.2 238.9 237.1 234.3 229.7 223.2 219 214.2 218.4 224.7 230.9 235.8 239.1 242.1 244.9 247.8 252.4 254.7 256.7 257.8 258.8 259.3 259.3 259.3 259.3 258.9 258.4 257.9 257.5 257.1 256.8 256.8 256.2 255.4 254.5 253.5 252.6 251.9 250.9 249.8 248.7 247.7 246.6 244.9 242.7 239.8 236.9 232.6 227.9 220.9 207.9 197.5 191.8 185.4 177.6 168.3 159 152.6 158.4 165 169.2 172.2 178.3 184 189.6
250.4 253.3 254.4 254.4 253 251.4 250.7 249.3 247.2 245.2 243.2 241.7 239.7 237.7 234.6 230.5 227.7 224.3 219.4 214.8 216.8 224.5 231.3 237.5 239.7 241.8 245.4 248.2 251.8 254.7 256.5 258.2 259 259.8 259.8 259.8 259.8 259.6 259.2 258.9 258.5 258 257.6 257.1 256.3 255.7 255.1 254.2 253.1 251.9 250.4 249.6 247.8 247.9 246.4 244.5 243.4 241 237.8 233.3 228.3 222.5 215.8 203.5 193.5 185.6 179.8 174.1 167.5 158.4 152.7 158.5 163.5 168.2 173.3 179 185.3 191
253.7 254.9 255.1 254.7 253.5 252.1 250 248.7 246.7 244.7 242.8 241.5 237.7 232.4 226.2 224 220.7 217.1 214.2 216.8 225.5 233.8 237.9 240.3 242.5 245.1 248.4 251.7 255 256.9 258.3 259.4 260.1 260.2 260.2 260.2 260.2 259.7 259.2 258.9 258.5 258.2 257.3 256.6 255.8 254.9 253.8 252.7 251.5 249.9 248 247.1 245.3 245.1 243 241.1 238.4 236.8 234.2 229.8 224.8 219 210.3 199 190.8 181.9 172.9 165.6 162.6 155.3 153.5 156.4 161.8 167.3 173.1 179.5 185.8 191.8
254.4 255.8 255.7 254.5 253.6 252.2 250.6 248.9 246.7 244.5 242.6 241.6 235.7 225.6 221.5 222.8 221.7 218.3 217.2 224.6 235 237.9 240.6 243.1 245.4 248.4 252 255.1 257.2 258.5 259.8 260.3 260.7 260.6 260.6 260.6 260.3 259.8 259.3 258.9 258.5 257.8 256.8 255.9 254.8 253.4 252.4 250.9 248.8 246.9 244.1 241.8 239.5 237.6 233 229.9 226.7 226.2 228 225.8 220.9 214.8 208.2 199.3 188.3 181 172.4 164 156.7 151.7 153.2 157.6 162.7 168.7 174.2 180.5 186.8 193
256 256.9 256.3 255.3 254.1 252.4 250.1 248.8 246.7 244.6 242.4 239.4 234 224 227.6 231.2 227.9 222.4 223.3 231.4 237.6 240.3 242.8 245.9 248.4 252 255.1 257.1 258.8 260 260.7 261.2 261.2 261.1 261 260.9 260.4 259.9 259.4 258.9 258.2 257.4 256.4 255.3 253.6 252.1 250.4 247.8 243.9 238.2 234.7 227.6 223.6 225.3 219.2 218.3 216.4 217.3 221.8 220.5 216.8 212.2 205.1 197.5 188.2 179 172.7 164.5 155.5 149.9 155.5 160 163.9 169 174.3 181.1 187.4 193.9
257.4 257.3 256.6 256 254.7 252.5 250.1 248.5 246.6 244.4 242.2 238.9 231.1 227.8 236.1 238.6 234 225.2 228.5 235.6 239.4 242 244.5 247.5 251.2 254.5 256.8 258.8 260.1 261.1 261.6 261.9 261.8 261.6 261.5 260.9 260.2 259.7 259.1 258.6 257.8 257 255.8 254.2 251.6 249.7 245.9 242.6 234.3 225.9 220.5 214.8 213.3 213.1 211 208.7 207.9 209.1 214.3 215.1 211.1 205.4 199.2 191.7 183.8 176.1 170.3 162.3 152.9 150.8 157.2 162.9 166.5 171.9 176.2 181.9 188.1 194.2
258.3 257.6 256.9 256.2 254.3 252.6 250.7 248.2 246.4 244.2 241.3 238.5 227.9 234.6 240.3 239.9 235.8 224.7 233.3 237.7 241 243.9 246.3 249.7 253.3 256.6 258.6 260.1 261.2 261.9 262.4 262.5 262.3 262.2 261.5 260.9 260.2 259.4 258.9 258.3 257.5 256.1 254.9 253.4 250.5 245.8 240.1 234.1 226.9 217.2 212 207.8 204.9 204 202.1 200.2 198.9 200 200.7 197.7 197 193.4 187.8 182 177.1 171.6 166.9 160.1 151.3 150.4 158.2 163.4 168.6 173.5 178.7 184.8 190.9 196.9
258.9 258.6 257.4 256.2 254.5 252 249.8 247.9 246.2 244 241.1 234.9 232 240.5 240.9 239.9 235.8 230.1 237.2 240.3 243.1 245.7 248.3 251.5 255 258.2 260 261.2 262.3 262.7 263.2 263 262.8 262.2 261.5 260.9 260.2 259.5 258.7 257.7 256.3 255 254 252.5 250.5 246.6 240.7 232.9 224.4 216.1 208.8 202.1 197.6 195.6 193.8 192.8 191.8 192.2 191 190.3 188 184.9 178.3 173.3 169.1 167.2 164.3 157.8 150.2 149.8 156.6 162.1 168 173.9 179.6 185.8 192 198.1
259.7 259.5 257.9 255.7 254 251.5 249.6 247.1 245.8 243.7 240.4 232.5 238.6 242.1 241.9 240 233.6 235.9 240.1 242.8 244.7 247.7 250.8 253.9 257 259.4 261.2 262.3 263 263.3 263.6 263.5 262.8 262.2 261.5 260.9 260.2 259.4 257.6 256.8 255.3 253.9 251.6 251.9 250.1 247.6 244.7 237.6 227.5 216.1 209.1 202.6 196 189.5 186.5 185.7 184.9 184.6 182.5 184.6 180.6 175.4 170.4 167.1 164.7 162.9 160.2 155.4 148.6 149.2 156.8 162.4 169.1 175.8 181.9 187.8 193.4 199.7
260.5 259.8 258.2 255.9 253.7 251.1 249.1 247.5 245.2 243 238 238 242.5 242.3 241.9 239.9 235.5 240 242.5 244.8 247 249.4 252.5 255.7 258.4 260.5 262.3 263.3 263.5 263.8 263.9 263.6 262.8 262.1 261.5 260.1 258.7 257.8 256.8 255 252.7 250.1 244.6 247.1 248 247 244.8 237.9 219.8 211 207 201.7 195.6 182.8 181.8 178.7 177.6 177 177.3 180.4 176.7 172.1 166.3 164.6 160.9 158 155.8 151.7 146.4 152 159.5 165.2 171.3 178 184 189.8 195.6 201.4
261.2 259.9 258.1 255.7 253.5 251.4 248.5 246.2 244.4 241.7 237.7 242.2 243.9 243.3 241.5 238.1 239.8 242.2 244.4 246.6 248.8 251.6 254.6 257.2 259.4 261.6 263.3 264 264.1 264.2 264.2 263.7 262.8 262 260.9 259.3 257.5 255.4 253.4 250.4 245.1 235.1 232 236.5 240.2 241.2 238.7 230.7 215.7 209 203 198.1 191.8 187.8 183.3 178.7 172.4 171.3 174.3 174.7 173.8 170.1 163.1 159.2 156.6 154.2 150.7 146.6 146.4 153.8 159.9 167 173.2 178.9 183.5 190.4 197.1 203.1
