WholeMapElevations/data/sx/sx89_OST50GRID_20230518/SX89.asc
ncols 200
nrows 200
xllcorner 280000
yllcorner 90000
cellsize 50
[rows 140 to 174 of 200, columns 79 to 157 of 200]
149.6 148.2 145.1 142 141.9 142.9 145.6 149.5 151.8 152.5 147.9 141.8 135.9 131.1 127.7 125.7 124.4 118.2 111.1 103.9 103 97.6 97.1 95.1 93.7 94.8 92.5 92.7 92.3 92.8 90.4 86.3 81.2 78.2 76.3 76.4 78.8 76.7 75.7 74 74.4 72.5 71.5 71 70.6 70.5 69.8 70.5 70.4 68.6 65.5 64.9 65.5 69.5 74.9 77.9 82.2 84.8 84.5 80.9 80.7 77.6 81.3 85.6 88.5 89.2 88.3 90.7 93 93.6 91.8 85.4 81.5 91.1 94.2 93.1 89.9 85.8 80.3
154.9 151.6 148.2 146.9 146.7 147.1 149.4 153.8 157.7 157.5 153.1 148.1 140.9 135.3 131.4 127.3 121.3 120.1 120.7 116.6 107.9 98.9 97.1 97.1 92.2 90.6 91.8 89.6 89.5 89.4 88.6 86.9 85.6 83.5 82.5 82 81.7 80.6 81.1 80.9 81 79.9 79.9 79.3 81.5 82.2 82.7 82.3 79.2 76 73.6 67.6 64 63 65.4 69.5 73.2 75.9 77.5 75.7 73.9 70.8 75.6 79.3 81.9 82.3 79.7 83.3 85.2 86.1 85.2 79.3 77 87 88.2 87 84.8 82.3 78.9
158.3 155.3 153.9 153.1 153.1 153.5 155.3 159.2 163.7 163.3 159.8 154.9 148.1 144 138.6 129.6 123.6 119 115 115.4 117.7 116.4 110.4 107.6 101.3 98.4 103.1 101.5 100.9 100.5 97.9 97.4 94 83.2 92.7 93.8 90.4 92.6 94.6 93.2 91.1 89 89 88.8 89 88.7 87.5 86 83 79.8 77.4 73.5 68.9 64.8 62.5 62.7 65.6 67.3 69.3 69 65 64.9 68.7 71.4 73.5 73.3 72.9 75.8 77.3 77.6 77.5 71.9 73.3 81.5 80.8 79.5 77.2 74.7 74.5
163.5 161.8 160.9 161.7 163.6 166.5 166.4 167.8 170.9 170.4 167.1 161.7 155.5 146.3 134.8 120.1 119.4 116 113.2 112.5 112.9 116.8 116.9 113 111.3 109.3 108.8 109.6 109.3 106.1 103.4 99 94 90.6 95.8 97.7 98 98.1 96.9 94.1 90.8 87.5 85.1 83.4 82.5 82.4 81.5 80.3 78.5 74.5 72 67.8 65.5 63.8 62.6 61.9 60.8 60.6 60.7 61.6 61.6 61.8 62.6 62.4 63.3 64.2 64.2 65.9 68.4 68.7 68.6 64.4 69.1 73.1 72.4 70.9 68.8 65.8 67.3
173.6 172.7 172.4 173.3 175.5 178.2 178.6 178.5 179.6 177.5 173.3 166.5 155.4 140.4 124.9 126.8 130.1 126.3 122.9 120.5 121.6 123.5 121.6 114.7 112.9 111.5 112.4 109.7 106.1 104.5 103.1 101.7 100.1 98.4 96.6 94.3 95.2 96.4 96.9 94.9 93 91.8 90.2 88.3 83.9 79.1 77 75.8 76.2 77 76.2 74.2 70.1 68 67.6 66.8 62.2 61.4 61.1 60.7 63.4 59.5 59 57.4 59.1 58.7 58.1 59 58.7 58.7 59.1 57.7 58.7 62 61.1 61.1 59.1 57.2 58.5
182.5 182.3 182.9 183.4 185.3 186.4 186.9 186.7 185.3 180.7 170.9 160.1 142.3 131.9 129.9 141.4 144.3 138.8 134 130.3 130.9 129.6 123 120.8 121.1 119.6 119.7 117 112.5 108.2 107.4 106 105 105.9 105.1 101.5 100.9 99.3 95.8 93.5 89.9 86.5 82.6 78.5 77.2 74.3 72.7 71.8 71.2 71.8 71.9 72 75.5 74.7 74.3 70.1 66.3 63.9 62.3 65 68.4 62.2 62.6 59.4 57.2 57.5 56.2 55.3 54.3 53.8 53.7 53.2 53.6 53.3 52.1 51.6 51.5 50.7 50.5
188.9 189.7 190.3 190.5 191.7 193 194 194.7 192.3 187.5 179.4 160.5 141.2 132.4 142.6 154.7 154.9 151.7 146.5 142.1 137 130.1 126.7 130.3 128.7 125.4 124.2 122.2 121.1 117.9 116.5 115 112.7 112.4 110.6 106.9 103.6 100.6 97.2 93.2 90.6 86.6 82.1 75.9 75.6 77.6 77.8 76 76.3 79.5 76.6 75.3 77.9 74.2 71.5 74 74.8 70.7 64.8 68.5 71.8 71.3 69.5 67.7 67.1 65.8 64 61.8 62 61.9 61.9 59.9 55.6 55.3 54.9 55 55.7 54.2 53.5
188.2 190 191.5 192.4 194 195.8 199 200.8 198 188.4 173 159.5 145.5 148 152.2 162.5 165.1 160 152.8 143.9 136.2 131.7 134.9 138.3 135.3 130.7 130.5 129.4 127.7 125.5 123.7 122.1 120.3 117.3 113.8 110.8 106.9 101.5 97 93.2 89.2 83.8 79.6 81.3 87.8 89.5 86.6 81.3 81.4 83.2 78.7 78.4 81.4 77.4 75.9 73.3 70.9 72.2 74.9 72.8 77.7 80.5 79.6 76.8 76.5 75.9 74.1 72.8 71.6 70.6 69.6 66.9 55.9 64.5 66.7 66.5 65.3 62.8 61.9
180.1 184.6 188.2 188.6 189.2 191.5 196 198.4 196.7 184.4 175.8 168.5 158.4 166.2 163.2 167.5 167.2 158 149.4 142.1 144.4 143.6 144.1 145.4 143 138 137.5 135.3 133.3 131.5 127.9 127.5 124.4 119.3 114.1 108.8 103.8 96.9 88.3 84.4 82.8 85.7 86.2 90.4 96.3 96.5 89.6 89.3 87.2 84.9 80.4 78.3 83.9 83.3 82.3 78.5 73.9 73.9 69.4 73.4 75.8 83.2 86.5 86.2 84.5 81.3 77.4 74.3 72.5 70.2 68.4 62.7 58.8 69.8 74.3 74.8 73.5 70 68.8
166.3 172.3 176.5 179.6 185.8 194 200.4 202.4 201 194.8 189.8 179.1 177 179 174.3 174.3 167 159.8 159 156 157.8 155 152.8 150.3 147.7 144.1 139 135.6 130.2 128.8 127.4 124.9 121.8 115 105.5 98.4 89.9 84.9 92.6 95.9 93.6 98.2 98.3 98.9 102.1 101.1 97.5 95.8 92.6 88.3 80.6 83.6 89.8 90.7 88.6 82.4 77.8 77.1 72.4 76.4 80.1 76.9 80.8 87.7 84.2 79.5 77.1 75.2 68.8 63.5 61.4 60.9 64.3 70.5 77.1 80.5 80.5 78.6 78.4
172.3 175.8 179.6 185 194.5 202.3 206.2 206.7 204.9 201.8 196.7 191.3 188.4 188.8 186.9 182.3 174.5 172.6 171.6 170.7 169.2 164.8 158.7 153.6 148.9 140.2 133.4 126.7 122.4 118.3 115.8 115.5 112.5 103.3 93.4 87.6 92.2 103.1 111.3 111.6 103.6 108.1 109.4 107.8 107.5 106.3 103.8 100.6 96 87.6 84.7 90.8 97.2 98.5 95.7 87.3 86.5 83.3 76.3 81.5 85.2 86.3 82.2 78 81.3 82.1 80.7 77.5 73.1 65.6 64.8 68.5 72.4 77.6 83.7 86.3 86.3 85 83
183.3 186.6 190.7 195.2 202.3 207.9 209.7 208 205.1 200.8 196.4 192.5 190.2 191.3 192.1 189.5 188.5 186.1 184.3 182.2 178.9 172.3 166.1 158.8 152 144.4 137.3 132.2 123.4 114.1 108.4 101.7 99 96.2 90.1 96.2 104.6 115.5 123.5 123 113.6 119.7 120.8 118 115.1 110.9 105.4 99.6 93.1 91.8 93.9 98.7 103.8 103.2 99.8 94.8 92.5 85.1 80.2 87.1 88.7 88.9 88.4 86.2 79.8 80.4 78.3 71.7 68.1 69.4 73.6 78.3 82.6 85.9 87.4 87.8 87.4 86.2 83.9
193.6 196.2 200 203.8 206.3 210 206.7 204.3 198.7 193.7 185.3 182.3 180.2 189.1 194.6 196.9 197.1 195.5 193.6 190.7 180.9 180.8 172.8 166.5 156.9 149.7 137.5 123.4 112.2 108.5 112.5 114.7 114.3 110.6 96.9 105.6 115.3 124.7 132.8 134.2 125.9 131.1 129.5 124.8 117.1 105.1 98.3 98.1 100.8 102.4 103.9 106.5 108.6 107.4 104 100.3 93.2 83.4 87.9 92.7 89.5 86 83 81.3 78.1 77 79.7 79.6 77.8 81.2 84.7 86.8 87.6 86.6 85.6 83.5 81.6 79.6 77
199.5 201.7 204.1 204.8 205.2 204.9 203 200.9 196.3 190 182.3 170.2 175.6 187.4 194.7 197 197.5 197.1 196.1 194.2 184.5 180.7 180.6 168.2 158.5 146.1 129.6 116.3 116.1 124 127.3 125.6 117.2 112.6 103.6 115.1 127.9 135.4 143.5 145 139.2 139.8 135.7 127.8 116.6 108 108.9 108.5 109.3 113.5 115 114.6 113 109.6 105.8 101.3 90.8 95.6 98.1 96.2 89.9 88 86.1 85.9 84.3 82.7 84.7 87.7 82.2 79.6 79.8 82 82.7 81 79.7 76.3 74.8 72.2 70.6
199.4 200.3 200.4 199.5 197.9 196.2 194.5 192.1 190.1 185.1 175.2 164.3 168.9 181.9 190.8 193.3 192.5 192.5 192.4 192.8 189.9 180.7 171.3 157.4 143.4 132.8 121.9 117.6 128.4 135.5 132.9 119.8 125.1 126.5 114.7 121.4 139.7 147.6 153.2 153.3 150.7 147.7 140.3 127.1 118.2 122.5 125.1 122.9 121.6 122.9 122.4 120 116.9 113.4 109.8 105.8 105.3 107.9 105.2 101.5 98.8 96.2 93.4 95.5 96 96.4 97.4 96.7 90.2 80.4 77 77 77.6 76.2 74.4 72.8 71.7 70.6 69.3
194.2 194.7 194.3 191.5 187.7 185.8 184.4 181.4 180.5 175.6 164.9 158.4 166.4 178.8 185.4 186.3 185.2 184.2 185.4 185.1 188.8 182 180.4 166.8 157.2 143.2 124.7 126.3 136.7 143.5 135.2 132.7 139.6 139.9 127.4 127.9 147.5 157.8 162 162.4 159.7 154.2 141.1 126.2 128.5 134.5 138.3 137.1 133.8 131.7 128.3 126.4 124.2 120.9 120.4 119.4 119.3 114.7 112.1 111.7 107.4 105 103.7 106.1 108.3 108.1 105.2 97.1 79.8 77.3 81.5 80.2 78.7 71.6 75.9 76.7 72.4 78 80.1
185.9 186.5 186 182 174 174.7 173.5 170 170.5 167.3 154.7 157.1 170 176 178.7 178.2 176.1 175 179.4 183.2 187.6 183.3 182 171.5 159.9 143.8 129.6 134.2 145.5 148.2 137.3 140.7 149.6 150.9 141.2 135.4 153.7 165 170.3 169.2 164.1 154.5 137.7 134.2 141.1 146.6 149.1 146.5 142.3 139.2 133.2 130.9 129.2 128.5 126.9 129.7 126.8 118.9 124.1 122.5 118.2 116.7 115.8 117.5 117 112.1 102.5 88.5 75.3 88.8 93.3 94.3 88.9 78 89.9 92.3 83.9 90.2 92.7
173.4 175.8 175.2 172.1 162.6 163.1 162 158.1 160.1 157.8 148 155.8 162.5 166.3 168.6 167.7 166.2 165.6 172.3 178.7 182.8 181.8 180.1 169.2 154.7 151.6 136.6 141.1 154.5 152.1 144.1 143.2 154.6 158.7 154.6 148.4 157 168.6 173.6 169.9 161.2 148.2 139.4 144.2 153.4 157 155.8 152.5 147.7 139.7 135.8 134.3 133.1 132.6 133.6 135.6 129.6 129.1 133.3 130.9 129.3 128.2 126.3 123.5 119.2 109.7 97.7 82.6 85.6 97.2 101.9 101.7 91.5 86.1 100 103.6 95.4 102.3 102.6
161.8 165.5 165 161.7 153.4 154 150.5 147.6 149.2 148.8 142.3 149.1 151.7 154.7 156.1 155.9 155.2 157.1 163.1 171.7 178.5 180.6 178 170.1 165.6 159.6 140.7 147.3 159.4 154.4 153 151 155.3 164.1 163.6 161.8 163.9 170.5 174.6 169.3 159.8 149.5 147.3 154.3 162 163.9 161.3 156.7 149.3 139.4 137.7 136.2 135.3 139.9 143.3 142 136.6 139.2 142.2 141.1 138.9 135.9 132.3 126.2 117.9 106 90.3 81.5 94.7 106.5 111.8 110 102.2 96 109 113.2 109.5 114.2 109.3
151.1 155.5 155.8 152.6 145.6 144.4 141.6 139.2 140.8 141.4 137.1 140.9 141.2 144.2 147.1 150.8 157.7 163.1 167.8 168.9 174.1 179.5 180.6 176.7 170.3 158 147.9 156.3 165.9 164.4 165.7 165.6 166 171.5 174 172.4 172.4 179.6 180.8 176.9 170.4 161.1 159.2 165.4 172.1 172 166.4 158.1 147.3 140.2 136.8 140.4 143.2 149.2 152.8 152.4 148.6 147.4 149.8 147.3 142.8 137.9 132.2 125.8 116.1 100.8 84.5 95.4 107.6 120.4 125 122.9 117 106.1 117.9 125.1 123.6 124.8 117.3
144.3 147.1 147.3 144.1 139 135.7 133.7 129.8 130.7 131.6 138.6 145.4 149.9 154.3 156.4 157.6 161.6 168.9 175 176.4 177.6 181.7 181.6 176 165.2 154.5 159.4 165.8 171.8 174 174.1 174.1 175.6 178.4 180.4 181.3 183 186.4 188.2 185.5 181.3 174.9 173.4 179.4 181.8 178.4 167.7 152.4 144.5 140.3 141.7 149.5 155.9 159.7 161.6 161.2 158.4 154.6 150.4 144.7 138.1 132.6 127.6 120.9 108.7 91.9 94 110.1 123.6 132.6 136 135 130.7 120.6 126.4 134.9 135.5 133.8 127
142.3 139.9 142 137.7 133.3 126.8 127.2 133.3 135.9 134.2 139 148.6 157.5 162.8 166.3 168 170.6 174 182.9 184.3 186.6 186.4 184 178.5 165.7 161.1 166.3 173 178.7 181.3 180.6 179.4 178.8 179.8 180 181.2 183.2 186.9 190.2 190.6 188.9 186.4 185.8 189.2 189.4 182.1 169.8 161 152.1 142.8 149 160.5 166.8 169.2 170 168.2 163.3 156.7 149.1 139.4 132.5 125.2 118.1 110.1 96.1 89.9 99.5 114.7 128.2 138.1 143.9 144.5 141.8 137.5 138.8 142.6 143.5 142 139.6
141 133.9 136.8 132 125.3 130.5 137.1 141.5 143.8 144.2 141.6 139.7 155.1 167.7 174.5 177.3 181.2 185.3 189.9 192.3 193.4 190.7 185.5 177.7 170.5 171.2 172 179.8 185.2 185.3 183 180.6 177.5 174.8 173.9 174 176.3 180.1 184.8 188.2 192.1 193.1 193.6 196.4 195.8 190.2 184 174.2 164.1 148.7 158 166.2 173.2 177.1 174.5 169.2 162.5 154.8 147.3 136.1 125.8 117.1 108.7 99 91.5 104.1 104.9 109.7 123.4 137.4 147.9 151.1 150.2 147.6 147.9 149.2 149.6 149.3 148.3
141.2 132.6 127.5 123.5 125.7 137.2 143.6 148.1 151.4 153.4 153.5 146.6 147.8 165 175.6 182.4 186.9 191.8 196.3 199.1 199.8 197.1 190.5 187.3 185.3 181.7 183.8 187.1 186.5 183.5 180.5 177.5 174.6 170 162.9 161.3 161.9 168.9 176.6 182.8 188.5 193.6 196.6 199.5 200.1 196.7 191.7 182.6 169.9 156.2 166.7 170.1 176.4 174.2 169.4 163 155.9 147.9 139.3 128.6 118.4 108.8 99.4 96.9 106.6 112.9 114.3 112.4 120.2 134.4 146.7 153.7 152.7 150.7 149 149.8 150.9 151 149.8
132.8 125.4 119.3 120.5 130.3 140.9 148.6 155 159 161.4 161.1 154.9 148.5 162.4 174.6 182 187.7 192.8 197.9 202.4 204.4 203.3 199.7 197.5 193.8 188.6 188.1 188.4 185.8 180.9 176.2 172.8 169.7 164.6 157.2 149.2 150.3 156.8 167.1 175.3 182.1 188.2 192.7 196.1 198.1 197 193.4 186.7 173 168.1 171.3 174.3 172.9 167.6 161.1 154 146.9 139.4 131 122.3 111.2 101.1 100.9 112.8 120 123.5 122 120.3 124.9 134.1 144.3 150.9 150.3 146.3 143.8 145.5 146.7 147.4 146
123.8 116.3 117.7 124 133.7 142.9 149.8 156.1 161.7 165 164.4 156.2 150.6 162.6 171.1 178.4 184.3 189.8 194.5 198.7 201.8 203 201 197.7 193.7 189.6 188.2 187.1 184.2 177.3 168 165.5 163.2 157.1 145.3 155 161.5 157.7 159.6 168.9 175.1 180.3 185.6 189.5 192.4 192.7 190.6 184.2 176.5 176 177 173.4 167.6 159.6 151.3 145.8 140 132.7 122.9 116.3 105.2 100.7 116 125.7 131.9 134.3 130.9 129 134.8 140.3 145 147.6 147.4 144.1 136.4 137 139.1 138.7 137.2
116.7 120.5 126.2 127 131.5 137.7 145.7 151.5 157.5 163.5 166.2 162.5 156.1 153.8 163.9 170.7 178.1 184.6 189.7 193.7 196.3 197.8 196.6 193.4 187.7 182.8 182.1 182.6 181.4 175.2 165.7 157.8 156.2 147.8 148.4 160.6 168 165.9 161.5 160.3 165.9 170.6 175.4 180.3 186.2 189.9 188.4 186.2 184.4 181 177.2 169.4 160.7 151.6 141.8 134.1 131.8 126.9 116.9 106.1 100.8 113 121.7 133.6 141.7 143.6 139.8 138.3 144 148.5 145.6 142.3 139.9 138 131.6 127.4 128.5 125.9 123.7
114.5 121 130.1 132.1 129.9 133.4 137.6 143.1 151.6 162.6 168.6 169.1 165.1 161.4 159.9 162.2 168.9 178.7 184.3 188 190.6 192.5 191.9 186.9 179 171.6 172.8 173.9 174.4 170.5 163.4 154.7 149.5 140.9 150.5 163.2 171.8 172.7 170.3 168.3 169.1 172.1 174.7 178.7 185.3 190.2 191.3 190.7 186.7 180.8 172.7 162.2 152.1 137.9 132.1 124 118.3 114.9 104.6 104 121.8 131.8 123 135.3 146.9 152 149.8 149.3 152.5 148.1 147.2 136.5 129.6 125.8 121.6 116.8 116.9 112.6 108.4
114.3 118.5 126 131.4 137.1 142.8 143.9 146.9 154.3 164.3 171.2 174 172.5 169.5 168.4 169 168.5 170 175.2 177.7 183 188 186.1 178.9 172.1 164.4 161.9 163.3 164.4 164.5 159.3 151.8 143.9 143.9 153.6 162.3 167.3 170.4 172.2 173 175.3 179.4 182.8 181.5 184.3 190.7 194.2 192.1 186.3 177.6 169.6 160.2 145.6 147.9 145 132.8 112.7 109.5 119.3 127.9 136.6 143.1 136.2 138.2 150.3 159.9 160.8 159.2 158.1 152.3 143 131 127.7 123.5 118.1 112.4 106.7 103.8 102.9
112 115.5 125.9 135.5 143.4 149.1 151.2 150.7 154.3 163.4 169.9 172.8 174.8 175.8 176.9 177 175.3 174.3 176.9 181.6 186.5 189.9 185.8 177.1 167.3 160.2 156.5 154.2 154.2 156.2 152.3 144.8 135.7 144.8 151.2 155.8 157.3 159.1 163.7 168.1 173.9 179.9 185.9 188.9 191.1 195.4 197.5 194.4 186.9 175.4 164.4 161.3 157.9 157.5 149 135.6 114.4 123.1 136.3 144 151.4 155.7 149.8 147 157.2 167 168.4 166.4 161.7 153.4 145.9 140.9 138.8 133.1 126.8 123.4 120.2 120.1 117.1
107.7 117.8 133.1 143.5 152 156.7 158.6 156.9 156.8 159 164.2 167.3 171.1 177.3 181.6 184.4 185 184.8 182.7 185.5 187.4 186.3 182.2 177.2 171.5 165.7 158 151.5 146.1 147 145.3 138.9 132.7 139.3 144 144.9 147.4 151.1 154.6 160.1 166.5 174.2 184.2 192.3 196.2 200.3 202.2 197.9 191.8 184.1 177.7 173.6 169.1 160.5 146.3 123.6 121.3 131.2 142.8 153.8 162.3 164.7 160.9 159.1 164.4 168.7 168.6 166.4 162 157.8 152.7 147.9 143.6 138.6 135.1 131.5 132 132.9 132
109.6 123.7 140.1 148.5 155 158.2 159 158.6 158.4 157.7 161.3 166 168.7 175.7 182.6 188.2 189.3 188.4 184.5 183.3 180.2 177.2 172.4 170.2 167.6 165.1 160 153.8 143.8 140.5 138.2 132.5 129.7 136.4 143.1 146.8 151 156.3 158.7 162.7 167.7 173.8 183 193.3 199.3 201.9 201.6 196.8 192.1 187.9 182.9 176.8 168 156.5 133 123.6 130.9 137.5 147 159.5 168.1 168.8 165.7 163.8 163.5 163 162 159.5 155.5 151.5 147.5 144.5 142.9 142.6 140.1 139.5 140.3 140.3 138
118.8 133.2 140.7 146 149.3 150 150.2 152.8 154.6 158.4 163.5 168.8 174 179.4 185.1 188.6 192.2 191.1 188.1 181.1 174.6 169.2 164 158.3 157.7 159.2 157.6 152.1 146.5 140.7 134.5 128.3 126.6 134.3 142.2 147.7 153 157 162.4 165.7 170.3 176.5 183.6 192.6 197.8 196.1 193.5 189.3 184.3 181.3 178 171.7 163.3 147 123 132.5 138.6 145.5 154.2 164.7 167 162.8 158.9 155.8 153.2 151.8 152.1 150.4 146.8 142.9 139.9 137.6 136.8 137.7 139.5 140.6 141.9 141.8 139.7
124.1 127 131.6 133.8 136 136.6 138.6 142.1 147.6 151.2 157.8 164.4 173.6 185.4 193.4 195.3 195.7 195.4 192.6 189.3 183.5 177.8 170.9 163 151.6 153 154.9 151 145.1 139.1 133.1 125.5 123.1 130.9 138.6 144.4 149.7 152.9 158.6 162.1 166.5 173.9 185.3 189.1 191.6 188 183.7 178.6 174.3 170.7 168.2 164.2 155.8 132.8 131.8 141.3 145.1 153.6 161.1 165.9 161.8 154.8 148.2 143.2 140.2 138.8 141.2 141.5 139.5 134.9 131.9 129.5 128.9 130.4 132 134.5 136.5 137.3 136.1
110.5 113 117.3 119.7 122.7 126.7 133.2 139.8 147.9 155.2 163.2 170.9 183.6 195.7 199.8 198.4 194.6 190.2 186.7 183.9 182.7 179.8 172.5 163.2 150.1 145 149.2 144.8 139.9 133.9 126.1 120.1 120.9 124.8 130.1 135 140.6 144.4 150 154.6 159.3 164.2 173.7 184.2 186.9 182.4 175.2 169.4 163.2 157.1 156 153.3 142.9 128.6 141.8 150.4 153.3 159.6 165 161.5 155.2 147.5 140.7 133.6 127.7 125 128.2 130.5 133.6 130.9 123.2 123.4 119.9 121.8 123.2 126.8 129.7 130.6 130.4
