UK/data/sk/sk09_OST50GRID_20230518/SK09.asc
ncols 200
nrows 200
xllcorner 400000
yllcorner 390000
cellsize 50
[rows 140 to 174 of 200, columns 78 to 155 of 200]
231.3 236.8 242.6 247.1 253.2 260.1 266.6 273.7 268.3 262.1 252.8 239.4 226.7 219 212.2 212 216.4 220.8 227.2 230.4 238.9 249.6 260.8 274.2 286.6 300.4 313.1 320 319.8 316.8 320.7 325.7 329.2 332.4 333.8 334.6 335.5 334.4 335.2 335.3 335.3 336 331.5 320.2 305.4 302.4 291.3 313 322.1 327.9 331.2 320.7 310.8 329.8 339.9 347.3 354.9 363.4 371 377.4 385.2 391 395.1 399.7 408.4 418 427.4 437.8 444.7 445.7 448.2 452.4 453.4 456 460 463.7 467.8 474.5
232.1 236.9 242.4 248.7 256.1 262.6 267.6 271.3 269.2 263.9 254.5 239 226.7 219.8 214.1 218.6 220.8 226.2 232.7 237 244 252.8 263.6 276.7 290.1 302.8 316.2 324.4 323.3 323.5 327.3 331.9 335.9 338.4 340.8 342.2 342.5 341.7 343 342.6 343.2 343.6 340.5 333.8 321 310.2 308 303.6 320.8 329.7 334.4 334.7 322.9 314.2 332.3 345.1 355.2 364.2 372.5 380 386.8 394.7 398.2 400.3 409.9 419.4 430.8 440 446.8 450.2 452.9 455.2 456.7 457.7 461.9 465 470.2 476.5
233.6 238.8 244.8 252 259 264.4 269.6 273.7 272.2 265 256.4 242.8 232.7 224.5 218.8 222.5 227.4 231.8 237.3 242.9 250.7 258.6 267.4 279.6 294.5 307.6 318.2 325.6 327.3 329.1 333.6 337.9 341.8 344.8 347.5 348.8 349 349.5 350.2 350.1 350.8 351.2 349 343.1 336.7 323.6 320.7 315.2 313.1 330 337 340.7 339.7 336.7 326.8 331.9 349.2 361.7 371.1 379.5 386.8 393.8 399.3 403.9 411.3 420.8 433.1 442.8 449.2 452.7 455.3 457.8 459.5 459.9 463.4 466.4 471.7 477.7
235.4 240.6 247.9 254.2 261 266.8 271.8 276 278.9 265.2 256.8 244.1 234.5 228.6 225 227.7 232.2 236.5 242 247.4 255.4 264.7 274 285.8 298.9 311.3 320.5 325.9 328.8 333.6 338 342.8 346.9 350.4 353.1 354.9 356.2 356.5 357.5 357.6 358.2 357.9 356.1 351.6 348.5 343.6 332.8 331.7 319.7 324.2 338 343.9 347.8 349.3 348.1 341.9 331.5 350.1 362.7 372.3 379.6 385.9 391.6 401.1 409.8 420.3 433.4 444.3 451.1 455 457.6 460 461.6 462.4 464.7 467.9 473.1 478.9
233.8 241 248.8 255.7 263.1 269.2 274.1 278.4 279.1 263.5 254.1 243.5 236.2 231.9 230.6 232.6 237.2 241.3 247 252.8 260.1 270.3 280.9 293.5 306.1 314.3 320.1 324.6 329.8 336.3 341.9 346.6 351.4 355.6 358.3 361 362.6 363.7 364.4 364.6 364.9 363.5 361.8 360.5 358.3 353.8 348 342.9 337 324 334.2 346.1 352.5 357.7 361 359.7 352.6 338.8 346.5 356.6 363.6 370.7 382.7 397.1 409.3 420.2 430.7 442.5 450.6 455.4 458.2 460.9 462.7 464.3 465.9 469.2 474.5 481.1
232.2 239.4 247.4 256.4 264.8 271.2 276.4 280.3 273 259.3 250.7 242.3 236.7 234.3 234.1 237 240.9 245.7 251.6 258 266.4 276.8 287.6 298.6 307.9 312.2 318.1 324.8 331.6 338.8 345.2 351.3 356.2 360.1 364.2 366.3 367.9 369.8 370.7 371.4 370.7 370.5 369.8 368.9 367.4 363.6 359.7 353.3 348.9 342.9 325.6 345.3 355 362.6 368.2 370.3 368.1 363.6 354.8 345.1 351.3 356.6 370.1 384.1 401.5 417.5 428 438.8 448.6 455 458.6 461.3 463.2 465.6 467.6 470.6 475.9 485.7
228.2 236.8 245.2 254.2 261.6 261.2 267.4 263.7 257.6 250.2 244.5 238.7 236.3 235.6 236.6 240.8 245 249.6 256 263.4 272.2 282.2 291 296.6 300.8 310.2 318.2 326 333.5 340.7 348.8 353.6 359.2 364.1 368.7 371.3 372.4 375.3 376.2 377.5 377.3 378.1 377.7 377 376 373.4 371.1 364.7 359.9 354.7 346.3 336.5 355.3 365.1 372.8 378.7 380.8 378.9 376.2 371.1 364.9 370.9 368.8 371.4 387.2 404.4 422.2 432.9 444.3 452.2 457.9 461.4 464.1 466.5 469.4 472.4 478.8 486.9
225.7 233.4 241.1 247.6 250.7 249.5 248.8 246.6 244.5 242.1 237.6 235.4 235.1 236.7 239 242.5 247.3 252.7 259.9 268.2 275.6 283.5 287.8 293.3 303.2 312.3 319.4 327.7 335.2 343.2 350.1 357.2 362.4 367.3 372.3 375.8 378.8 380.5 381.8 383.2 384.3 385.4 385.4 384.6 383.4 382.6 381.6 377.2 372 365.2 361.3 354.3 349.9 366.2 376 383.3 388.4 390.5 390 388.6 386.3 388.7 387.6 382.1 371.2 387.7 400.3 418.4 430.4 445.4 454.4 459.4 463.6 466.7 469.9 473.7 479.9 487.2
226.1 232.7 240.1 245.2 241.8 238 236 236.2 235.4 234.1 231.7 232 234.1 236.2 239.6 243.9 249.7 256.6 263.2 269.3 276.2 281.3 286.9 295.8 304.2 312.5 320.8 329.4 338.1 345.5 352.4 359.6 365.5 370.2 375.6 380.6 383.7 386.3 389.3 389.2 390.9 392.7 393.4 392.7 391.1 391 390.7 388.1 384.4 376.7 373.2 368.3 354.6 364.9 377.5 385.7 392.6 396.7 398.9 399.3 399 401.7 404.5 401.3 392.6 383.5 382.5 397 408.4 424.6 436.9 453.9 460.6 465.8 469.8 473.6 480.5 486.8
223.9 228.4 232.3 235.5 229 226.3 225.7 225.9 226.1 225.6 225.8 228.6 232.3 236.2 240.2 245.3 251.6 258.4 263.3 269 273.7 279.8 287.2 295.2 303.2 312 321.9 331 340.3 348.1 354.6 362.1 367.8 373.3 379.5 384.6 388.9 392.3 394.3 395.9 398 400.2 401.2 400.7 399.7 399.6 399.7 398.3 393.5 389.9 384.4 380.2 374.1 355.4 376.9 386.3 393 399.1 403.6 406.5 406.8 408.9 413.6 414.7 414.2 408.1 399.4 394 390.6 397.8 416.3 439.5 456.7 463.5 468.3 472.8 479.4 484.8
205.5 209.8 214.8 215.6 217.5 217.4 217.6 217.7 218.6 219.4 221.5 228.1 233.7 236.2 240.5 246.1 252.8 258.8 262.9 265.5 272.1 280.7 289.2 297.3 305.4 313.3 322.3 333.2 342 349.4 356.5 362.9 369.4 376.2 382.4 387.8 392.9 397 399.9 402.6 404.7 407.4 408.7 409.3 408.9 408.6 408.6 407.4 404.2 401.2 392.4 390.5 386.6 378.4 365.9 381.2 391.6 397.5 403 407.7 409.2 413.7 419.2 421.7 422.7 423.4 424.4 420.7 418.2 417.9 411.2 416.4 442.5 456.4 465.4 468.3 470.8 474.6
187.4 193.2 202 205.1 208.7 210.6 211.2 211.9 212.8 214.6 218.7 227 232.8 234 238.3 244.6 250.8 255.6 253.2 260.7 269.3 279.1 285.4 293.5 303.1 313 321.9 333 342.5 350.1 357.2 364.4 372.2 378.3 384.3 389.7 396.3 401.1 405.4 408.5 411.8 414.6 416.4 417.4 417.1 416.2 416.4 415.7 413 410.7 404 399.8 396.6 391.5 389.3 388 384.6 386.5 397.3 400.3 404.6 411.6 418.5 424.8 428 431 434.1 435.9 441.8 446 443.6 432 416.8 438.7 447.6 449.5 443.9 446.2
188.6 189.5 189.1 197.9 200.4 204.9 206.5 204.2 207.6 211.2 214.6 218.9 223.3 225.5 228.8 234.9 241.4 246 255.2 266.1 274.6 281.9 289.7 298.6 306.6 316.2 326.3 335.9 344 350.9 358.5 365.6 372.5 379.7 385.4 392.2 399.7 405.2 409.3 414.6 418.8 421.9 423.9 425.1 425.4 424.5 425.3 423.8 420.6 418.5 416.1 408.8 405.7 399.9 402.4 403.2 404 404.5 403.9 405.3 406.9 407.4 412 418.9 426.1 432.7 437.4 442.4 448.4 453.1 454.4 456.3 446.3 440.6 444.7 452.6 465.9 477.6
200.8 198.6 196.2 193.7 193.9 196.8 198.8 202.4 202.7 206.3 209.5 212.3 217.2 218.2 220.7 224.2 228.7 243.4 256 266.5 276.3 283.4 292.3 303.3 311.6 320.9 331.4 339.9 346.7 353.7 361.2 368.9 375.9 383 388.4 396 403.1 408.4 413.2 418.6 425.3 428.3 431 432.8 433 433.5 433.5 431.7 429.6 427 424.6 419.7 414.1 411.6 415.7 415.4 416 416 416.2 417.9 420.5 421.8 420.5 422.9 424.3 426.2 437.8 445.3 451.8 455.7 459.1 463.2 467.2 470.6 474.4 480.7 486.1 490.3
214.2 208.3 205.8 203 199.3 197.5 202.9 205.5 207.7 210.4 214 217.1 222.4 227.8 231.6 235.8 234.9 234.1 250.3 264 273.7 283.7 294.3 305 314.3 324 334.2 342.1 349.9 356.7 363.7 371.3 378.9 385.9 392.1 399.3 406.3 411.6 416.4 422.5 429.3 433.5 436.9 438.8 439 439.7 440.6 439.4 436.6 434.9 434.4 433.9 429 423.6 428.7 428.3 429.2 428 427.2 429.6 434.1 437.3 437.4 435.1 437.1 438.4 436.1 446.8 453.7 458.2 463 468.6 473.1 478.3 483.3 487.5 491.5 495.5
232.6 221.1 213.7 209.5 207.9 205.7 200.3 207.2 210.5 215.2 218.6 221.5 226.7 232.9 236.8 241.4 246.7 245.5 236.6 258 272.4 283.9 294.7 305.2 315.2 324.8 333.5 341.8 349.9 357.7 364.9 372.7 380.5 386.4 392.5 400.4 408.1 414.3 419.2 424.8 432.4 437.7 442.2 444.2 444.5 445.7 446.2 445.8 443.9 443.7 443.5 444.2 442.8 434.6 440.4 443.7 445.1 444.5 444.9 444.5 446.1 448.1 448.4 446.9 446.8 446.5 445.8 446 455.9 461.4 466.9 472.4 478.3 483.9 488.3 492.2 496 499.8
243.2 237.4 223.5 216.1 212.6 210.2 205.2 203.1 211.4 217.6 221.7 226.3 231.1 235.4 241.2 246.1 251.8 257.2 250.6 244.9 266.4 281.4 292.7 303 312.1 321.7 327.9 337.8 346.9 355 362.2 370.7 378.2 384.6 391 399.8 408.5 413.9 420.3 425.8 434.3 441.1 446 448.9 450.2 451.1 451.3 451.3 451.7 451.8 452.1 452.6 452.9 450.8 456.2 458.3 459 459.5 458.7 459.5 459 457.9 458.4 456.8 456.2 454.7 453.6 454.4 456.7 466.1 471.9 477.2 484.4 489.1 493.2 497.3 500.6 504.9
248.8 251.4 236.5 224 219.1 215.4 213.6 210 209.4 215.4 221.5 227.5 233.5 238.7 243.9 250.4 257.6 263.2 264.3 252.2 253.6 269.8 283.3 293.9 300.5 307.6 317.8 326.4 337.6 344.4 356.7 366.6 373.6 379.6 386.5 395.1 402.7 410.5 417 424 433.6 442.7 448.2 451.7 453.8 455.1 455.2 456.1 459.1 459.3 459.9 461.5 461.3 461.4 464 466.3 468.7 469.9 469.7 470.2 468.8 468.6 468.5 466.6 465.2 463.9 462.2 464.8 467.1 472.6 478.8 484.6 489.6 494.5 498.5 502 505.5 509.9
252.8 258.3 252.6 236.1 227.4 222.5 219.7 216.7 213.4 207.5 219.3 227 233.4 239.4 246.4 255.2 261.4 266.4 269.6 268.7 248.5 248.6 268.8 280.8 291.7 301.6 312.9 323.8 333.6 342.1 352.8 363.1 371.5 378 384.6 392.8 400.2 406.3 411.2 418.3 429.5 439.3 446.1 451.1 454.8 457 458.9 461.8 464.6 466.4 467.1 468.7 469 468.6 469.8 472.3 474.6 476.7 476.3 477.2 476.7 476.8 476.8 476 475.4 473.8 471.9 473 475.8 478.8 484.2 489.8 495 499.6 503.1 506.8 511.4 515.8
256.4 262.8 266.6 251.5 238.4 231.9 228.4 223.5 219.7 212.2 214.4 222.4 229.7 237.9 246.7 256 263.2 268.7 273.7 276.4 271.7 255.7 266.6 280.6 290.6 300.8 311.1 321 330 339.2 349.6 359.8 368.8 376 383.2 390.1 397 403.2 409.3 414.6 420.8 430.3 439.6 447.5 453.7 456.7 461.1 465.9 469 471.2 473.7 474.8 475.9 475.7 475.9 478.1 480.1 482.2 481 482.1 482.6 485 485.9 485.6 484.9 482.7 479.3 481.3 483.4 485.1 490.8 495.9 500 503.1 507.8 512.9 516.4 519.1
260.8 267.4 273 272 252.8 241.5 237.1 233.8 227.4 220.2 221 221.6 224.5 236.3 245.6 253.8 262.4 271 278.4 283.4 283.4 274.5 261.1 281 291.2 300 308.4 315.4 324.4 335.2 346 356.3 365 372.1 379.2 385.9 392.4 398.2 404.4 410.7 417.7 424.1 433.3 442.9 450.3 457 462.7 467.8 471.7 475.4 478 479.7 481.7 482.6 483.4 484.7 487.2 488.3 487.5 490.1 491.6 495.3 496.3 494.3 493.5 491.4 486.8 487.1 491.1 494.4 497.2 500.3 504.4 508.4 513.6 517.5 519.5 521.1
264.9 271.8 278.7 283.5 272.5 258.8 248 243.5 236.9 227 225.7 225.7 231.7 237.3 242.8 253.8 263.4 273.8 281.3 287.2 290.1 286.2 274.7 265 281.3 291.7 299.8 308.3 318.5 329.5 339.9 350.2 359.4 367.4 374.7 380.3 386.8 392.9 399.2 404.2 411.8 417.3 426.6 438 446.5 454.6 462.1 468.1 473.7 477.6 480.8 483.8 485.6 488.1 489.9 492.1 494.8 495.4 495.8 497.8 500.7 504.1 504.9 504.1 502.1 500.3 494.7 494.8 498.5 502.4 503.4 506 509.7 513.6 518 520.2 521.7 521.6
269.2 276.7 283.9 289.5 291.5 275.7 261.6 253.1 244.9 235.2 230.1 231.9 237.8 246.2 249.6 251.7 265.7 274.5 282.8 290.2 295 293.8 291.4 287.1 279.6 272.6 285.1 297.8 308.7 319.6 330.1 340.4 348.5 357.6 365.8 371.1 377.5 384.4 390.5 397.5 405.8 413.4 422.7 430.4 440.2 449.5 456.6 465.7 473.5 480 484.1 488.7 491.7 494.8 496.5 498.8 501.6 503.1 503.4 506.7 509.3 511.4 512.5 510.9 509.2 506.7 504 504.4 505.5 509.7 510.2 511.6 514.7 518.2 520.8 522.4 522.7 522
273.6 280.3 288.2 294 299.9 292.9 274.6 261.5 251.7 243.9 235.3 240 241.9 251.6 259 262.7 262.1 272.1 281.6 290.6 297.7 299.3 300.4 301.7 302.5 298.7 294 282.7 294.4 306.1 317.4 328.6 336.5 343.3 350.7 357.2 364.9 373 381.4 390.1 399.7 408.7 418.2 427 435.6 443 452.6 461.8 472.9 481.4 488 493.9 497.9 501.2 503 504.9 508.1 510.4 510.8 513.2 515.4 518.2 519.2 516.6 513.3 511.5 511.1 512.6 513.5 515.3 515.8 517.2 519.2 521.4 522.6 523.2 523 521.1
277.4 283.9 291.9 299.9 305.1 303.4 278.8 268 259.5 252.8 241.7 249.1 254.7 248.9 265.2 272.9 277.1 280.2 281.3 287.8 297 303.1 308.2 311.6 314.8 316.2 314.7 310.2 301 292.4 293.9 309.5 314.9 318.9 323.9 334.6 347 359.7 371.4 383.4 393.3 402.8 414.6 425.1 434.7 442.6 449.5 456.6 471.3 482.4 491.3 497.9 503.6 506.4 508.8 511.6 513.7 516.4 516.4 518.4 521 523.7 524.7 523.8 518.1 515.8 515.6 517 519 519.2 519.4 519.5 522 522.9 523.8 523.7 522.8 520.8
281 288.1 295.3 303.5 310.6 307.5 285.7 275.1 267.3 262 253.4 259.1 264.2 256.6 270.7 280.2 286.3 289.7 292 291.4 298.5 308.6 315.6 320.2 323.9 327.3 329 329 326.6 319.3 308.6 312.2 314.2 316.9 324.6 326.8 326.1 347.1 362.9 370.9 380.2 395.3 410.3 421.5 431.8 442.4 451.7 460 469.8 480.2 492.4 501.3 507.6 511.4 514.3 516.8 519.2 520.9 521.6 521.8 524.3 526.6 528.5 528.3 523 519.3 518.1 519.9 522.8 523 522.5 523 523.8 523.9 524.1 523.9 522.2 520
284.9 292.3 299.5 307.9 314.7 318.2 296.5 283.7 276.4 269.7 260.6 266 272.7 273 272.4 285.2 292.3 297.1 300.1 302 304.9 314.5 322.7 329.2 332.3 337.1 340.8 341.8 342 341.4 323 336.2 339.5 339.2 346.8 352.2 355.1 338.2 366.6 380.1 390.7 401.3 412.6 421.5 431.5 442.3 450.1 461 470.6 480 492.3 503.3 510.7 515.5 518.1 520.7 523.1 524.7 526.1 526.6 527.9 529.5 531.2 531.1 526.7 522.7 521 522.8 525.2 525.7 524.7 523.8 524 523.7 524.5 523.2 520.8 518.1
289.1 296 303.7 312.3 319.9 325.7 309.9 293.6 285.4 279 267.7 273.1 281.4 285.5 267.3 288.5 298.9 305.5 310.4 312.5 314 316.9 326.4 335.5 341.4 345.6 350.6 352.9 354.1 352.8 333.2 353.5 359.1 357.9 362.9 369 371.9 359.6 363 386 396.7 406.9 416.9 426.5 436.8 445.7 454.4 463 472 481 491.8 503.5 512.3 517.9 521.6 524.2 526.6 528.6 529.6 530.7 531.3 532.4 533.2 532.6 528.4 525.6 524.1 526 527.7 527.7 527 525.6 525.2 524.3 523.8 521.8 518.5 515.6
294.1 300.5 308.1 314.9 323.5 331.4 325 305.9 295.3 288.4 281.6 286.1 291 296.2 294.8 289 303.5 314.3 322 324.6 324.6 328.6 332.3 340.8 349 354.5 359.6 362.8 364.8 363.3 352.3 361 368.6 369.1 375.4 379.4 382.4 381 356.8 389.3 401.6 411.7 421.9 431.5 440.6 449.8 459.1 466.8 475.3 484.8 495.5 506.7 515.2 520.9 524.3 527.2 529.3 531.3 532.8 533.8 534.2 534.7 534.3 532.3 528.6 526.9 527 527.6 529.2 528.6 527.9 526.4 525 523.3 522.1 519.5 515.7 512.2
298.7 304.9 312.6 319.9 327.1 334 340.7 323.7 305.4 298.4 296.6 304.2 305.6 306.7 304.2 289.5 310.8 320.7 331.4 338.2 338.4 342.6 341.4 348.2 355.6 362.4 366.9 370.8 372.8 371.8 366.8 366.3 377.4 380.4 384.8 390.4 393.1 394.3 381.8 387.9 406 416.2 425.5 436.4 445.7 455.1 463.1 471.1 479.7 489 498.7 509.6 518.2 524.2 527.1 529.4 531.4 533.4 534.6 535.4 535.4 535.3 532.9 529.5 526.9 524.8 527.1 529.2 529.7 528.8 527 525.3 523.4 521.4 519.8 516.8 512.3 509.2
303.5 310 316.8 323.5 330.6 338.2 345 343.7 319.5 310.2 308.1 316.2 320.4 318.6 299.3 309.2 320.2 330.7 339.5 348.3 351.9 355.2 353.4 356.2 364.1 370.3 374.4 377.8 379.1 378.2 369.2 374.8 384.8 389.9 393.4 400.2 402.9 404.1 402.5 387.4 412 421.6 431.6 440.7 449.7 457.9 467.5 474.7 484 492.3 500.9 511.3 520.1 526 529.4 531.4 533.4 534.4 534.9 535.6 535.2 532.9 529.6 525.8 524.6 525 526.7 529.2 529 527.6 524.6 522.9 521.7 519.7 516.9 513 509.4 505.6
308.2 314.4 321.3 327.9 334.6 343.9 349.6 358.6 337.9 322.8 319.3 327.6 333 330.2 317.9 324.5 332.1 341.2 348.2 355.9 362.3 365.4 365.3 365.7 372.1 378.2 382.5 385.2 386.5 385.9 374.8 384.7 389.3 396.9 402.9 406.8 411.3 413.2 413.8 406.4 417.1 427.9 436.1 445.4 453.4 462.6 471.5 478.8 487.5 495 503.6 512.7 522.2 528.1 531 533.4 534.6 535.2 534.9 534.6 533.3 529.1 525.1 523.6 523.2 523.8 525.7 526.6 526.5 524.8 522.2 520.2 518.9 515.6 512.8 509.3 505.5 502.3
314.6 318.6 324.7 332.2 339.9 348.6 356.2 361.4 353.5 336.9 334.2 337.3 344.8 339 325.6 338.2 343.9 350.3 357.8 364.2 370.4 374.6 375 377.5 380.9 385.6 389.7 393 394.1 393.3 377.8 392.8 393 402.4 408.6 413.8 418.4 420.9 422.6 420.2 418.6 433.7 441.5 450.2 457.1 467 475 482.6 490.1 497.8 507.4 516.5 525.5 530 532.8 534.3 534.9 535.2 534.3 532.7 529.5 525.1 522.2 520.9 521.2 521.7 523.1 523.3 522.7 521.1 519.1 516.5 514.5 511.7 507.9 505.3 501.7 498.1
320.8 325.5 330 335.5 343.9 352.3 359 365.4 369 351.6 347.9 348.4 354.9 342.1 329.4 348.7 353.9 360.5 366.6 373.6 378.5 383.7 386.8 390 393.3 394.8 397.3 399.9 401.7 399.8 392.2 401.8 405.1 407.7 413.6 419.5 423.1 428 430.4 430.7 428.3 437.4 447.4 454.7 463.4 470.6 477.6 484.8 493 502.3 511.6 519.9 527.1 531.1 533.5 534.4 534.6 534 532.5 529.9 524.7 520.8 519.7 518.7 517.7 520.1 519.9 519.6 519.4 516.6 514.6 512.2 509.3 506.9 503.7 500.4 497 493.6
325.7 331.2 334.9 340.6 347.9 354.8 362 368.5 370.2 365.6 360.1 360.4 361.9 345.7 343.5 352.2 365.1 369.4 376.2 382.9 388.3 393.5 397.9 401.1 404.8 405.8 407.8 408.6 408.8 407.7 404.8 407.4 412.7 416.9 419.4 424 429.1 432.9 436.8 438.8 440.1 436.9 450.7 459.2 466.7 474.6 482.2 489.4 497.5 507.3 516.3 523.3 527.4 530.3 532.5 533.3 532.6 531.6 529.9 525.4 520.4 518.5 517.4 516.3 514.9 516.2 515.7 515.2 513.9 511.9 509.2 506.8 504.4 501.4 498.5 495.2 492.1 488.4
