WholeMapElevations/data/tr/tr06_OST50GRID_20230518/TR06.asc
ncols 200
nrows 200
xllcorner 600000
yllcorner 160000
cellsize 50
[rows 42 to 83 of 200, columns 0 to 93 of 200]
1.7 1.4 1 0.9 0.8 0.2 1.9 1.9 1.5 0.4 0.4 1.6 1.6 1.7 1.8 1.8 0.9 1.8 0.9 1.5 1.7 1.6 1.1 1.3 1.5 1.7 1.8 1.7 1.6 0.9 1.6 1.8 0.8 1.7 1.9 2 2 1.8 1.6 1.6 2.3 1.8 2 2.2 2.1 2.5 3.4 3.5 3.4 4 4.1 3.9 3.8 3.6 3.2 3.1 3.8 4.7 5.5 6.4 6.7 6.9 6.9 6.4 6.1 5.6 5 4.8 4.1 3.3 2.7 2.3 2.1 2.2 2.2 2.2 2 2.5 2.7 2.2 2 1.7 1.5 1.8 1 1.2 1.5 1.4 1.3 1.1 2.7 2.8 2.6 2.5
1.7 1.5 1.3 1.2 1.1 0.2 0.8 1.8 0.8 2.3 1 1.6 1.8 1.9 1.6 1.2 1.9 1.9 1.9 1.8 1.7 1.5 1.3 1.4 1.6 1.8 1.7 1.6 1.5 1.7 1.8 1.8 1.5 1.6 1.8 2 2 1.8 1.8 1.8 1.3 1.9 1.7 2.5 2.5 3.3 3.9 4.6 5.4 5.5 5.3 5.2 4.9 4.4 3.9 4.1 4.8 5.5 5.9 6 6.2 6.4 6.3 6.1 5.8 5.1 4.5 4 3.3 2.8 2.1 2.3 4 3.8 2 3.3 2 1.4 1.9 1.5 1.6 1.3 1.6 1.4 1.2 1.5 1.5 1.6 1.4 2.4 2.6 2.6 2.6 2.5
1.6 1.7 1.5 1.3 0.8 0.2 0.2 0.5 2.9 2 2.1 0.4 1.7 0.9 0.9 1.8 1.8 1.8 1.9 1.8 1.7 1.6 1.5 1.7 1.8 1.7 1.4 1.2 2 1.9 1.9 1.8 1.7 1.8 1.9 2.3 2.3 2.1 2.4 1.5 2.6 2.7 3.3 4 4 4.6 5.7 6.6 6.9 6.8 6.6 6 5.6 5.2 4.7 5.1 5.6 5.6 5.6 5.5 5.7 5.9 5.7 5.8 5.3 4.6 4 3.3 1.8 2.3 2.7 2.4 1.7 1.5 1.9 1.4 2.4 2.4 1.4 1.6 1.8 1.6 1.8 1.6 1.3 1.6 2 1.4 4 2.7 2.6 2.5 2.5 2.4
1.7 1.7 0.9 0.5 0.5 2.6 2.3 2.5 2.9 2.2 1.8 0.4 0.7 2.4 1.7 1.7 1.8 1.9 2 1.8 1.7 1.6 1.9 1.7 1.8 1.4 1.3 1.7 1.7 2.1 2 1.8 2 2.1 2.1 2.8 3.1 3.2 3.3 3.8 4.4 5.6 6 6.2 6.3 6.2 7.4 7.6 7.4 7.8 7.1 6.7 6.3 5.9 5.4 5.3 5.3 5.3 5.4 5.3 5.2 5.3 5.6 5.4 4.8 4.1 3.5 2.1 2.3 4.4 6 1.2 2.1 2.8 2.1 2.2 1.7 2.3 2.3 1.9 2.1 2.2 1.6 1.3 1.9 1.5 1.7 2.8 2.8 2.6 2.6 2.5 2.4 2.4
1.7 1.6 1.2 0.2 1.2 3 2.9 2.5 2.3 1.9 1.9 1.8 1.5 2.1 0.8 1.7 1.8 1.9 1.9 1.9 1.6 1.8 2 1.5 1.7 1.6 1.6 1.9 1.3 1.9 2 2.7 2.8 3.5 4.2 5.6 5.9 6.2 6.2 6.4 7.2 8.6 8.9 8.8 8.2 7.6 8.2 8.6 8.6 8.3 7.9 7.3 6.8 6.3 5.8 5.4 5.2 5.1 5.1 5.1 4.7 5.6 5.7 5.3 4.4 3.7 2.8 2.3 2 2.2 1.8 2.1 2.2 2.4 2.2 2.4 1.6 1.6 0.9 1.3 1.9 1.2 2.1 1.3 1.9 2.2 2.6 2.5 2.7 2.6 2.5 2.4 2.3 2.3
1.7 1.4 0.2 0.7 3.2 2.8 2.4 2 1.9 1.9 1.9 1.8 1.8 1.8 0.7 1.7 1.8 2 2 1.7 1.7 1.9 2 1.9 1.7 2 1.8 2.1 2.9 3.5 4.4 4.9 5.7 6.6 8.6 10.6 10.7 11 10.6 10.1 10.3 11.2 11.1 10.3 9 8.7 8.9 9.3 8.9 8.8 8.2 7.7 7.2 6.7 6.2 5.7 5.5 5.2 5 4.8 4.9 5.6 5.7 5.4 4.7 3.9 2.7 1.9 3.9 1.2 1.7 3.3 3.3 2.8 2.8 2.5 2.1 2.2 2.3 2.2 1.6 1.7 1.6 1.7 3.5 2.5 2.6 2.5 2.6 2.5 2.4 2.3 2.2 2.3
1.1 0.2 1.5 2.9 1.8 1.6 1.9 2.3 1.9 1.9 1.9 1.9 1.8 1.6 1.2 1.3 1.2 1.6 1.8 1.7 1.8 2 2.1 1.9 1.9 2.4 2.5 3 3.9 5.3 7.8 10.4 12 13 14.3 15.6 15.4 14.3 13.8 13.4 12.7 12.6 12.1 11 9.8 9.7 9.7 9.7 9.6 9.2 8.7 8.2 7.7 7.2 6.6 5.9 5.5 5.2 4.9 4.6 5.1 5.5 5.7 5.5 5 3.9 2.6 3.9 3.3 3.3 3.3 3.3 3.3 3.3 2.8 2.6 2.5 1.9 1.6 1.9 2.1 2.1 2 2.9 2.6 2.6 2.4 2.5 2.5 2.4 2.3 2.2 2.3 2.3
1.3 0.8 3.6 1.9 1.9 2.1 2.5 2 1.9 1.9 1.9 1.8 1.6 1.5 1.2 1.4 1.2 1.6 1.4 1.8 1.9 1.8 2 1.8 2.3 2.8 2.8 4 5.5 7.3 12.3 17.3 18.2 18.2 18.6 19.2 18.4 17.4 16.4 15.6 14.2 13.1 12.7 11.5 10.9 10.6 10.2 10.2 10.1 10 9.5 8.9 8.3 7.6 6.9 5.9 5 4.7 3.8 3.2 5.6 5.6 5.6 5.2 4.5 3.2 2.5 3.5 3.3 3.3 3.3 3.3 3.3 3.3 3.3 2.2 2.4 1.9 2 2.2 2.1 2.1 2.4 2.6 2.5 2.4 2.5 2.4 2.4 2.4 2.3 2.3 2.1 1.8
1.6 1.3 1.8 2.9 2.3 1.9 2.8 1.9 1.9 1.9 1.8 1.9 1.8 1.6 1.5 1.2 1.5 1.8 1.8 1.6 1.2 1.9 1.9 2 2.7 3.3 3.9 4.9 6.5 10.4 15.6 20.7 21.8 21.9 22 21.4 20.7 19.4 18.4 16.8 15.1 13.6 13.7 12.5 12.6 12.5 12.1 11.9 11.2 10 9.9 9.2 8.6 7.8 6.9 6 5 4.3 3.3 3.3 5 5.2 5.2 4.5 3.7 2.6 3.8 3.3 3.3 3.3 3.3 3.3 3.3 3.3 3.3 2 2.2 2.1 2 2.1 2 1.2 1.9 2.9 2.6 2.3 2.3 2.3 2.3 2.3 2.2 1.8 1.5 1.2
1.9 2.2 2.6 2.9 2.9 2.9 1.9 1.9 1.8 1.7 1.6 1.9 2 1.9 1.7 1.4 1.8 1.9 1.8 1.4 2 1.5 2 2.1 2.3 3.7 5.7 6.9 9.5 14.5 19.9 22.9 23.8 24 24.1 23.3 22.1 20.8 19.5 17.7 16.1 14.6 14.5 14.3 13.8 14.1 13.4 12.7 11.9 11.1 10.6 9.6 8.8 7.9 7 6 4.9 3.9 3.3 2.5 4.5 4.7 4.9 3.9 2.8 2.1 2 3 4.6 3.3 3.3 3.3 3.3 3.3 3.3 3.3 1.3 1.2 1.4 1.2 1.6 1.4 3.6 2.8 2.5 2.4 2.3 2.3 2.3 2 1.7 1.3 0.9 0.6
2 2.5 2.7 3 2.7 2.6 2.8 2.2 1.5 1.1 1.4 1.9 1.9 2 1.3 1.7 2 1.9 1.9 1.7 1.9 2 1.9 1.8 2.9 4.1 6.3 8.6 13.2 18.9 23.2 23.9 24.2 24.6 24.6 24.5 23.1 21.8 20.5 19.1 17.3 15.9 15.7 15.7 15.7 15.2 14.1 13.1 12.3 11.2 10.5 9.4 8.4 7.4 7.1 6.4 5.4 4.6 3 2.2 2.8 3.9 4.2 3.1 3 2.5 2.2 3.3 4 3.3 3.3 3.3 3.3 3.3 3.3 3.3 3.3 3.1 1.4 1.9 2.2 1.6 2.6 2.5 2.4 2.4 2.3 2.2 2.1 1.9 1.5 1.1 0.7 0.3
1.7 2.4 2.3 1.9 2.6 1.7 2.2 1.9 1.2 1.4 1.8 1.8 1.8 2 2.1 2 2 2 1.9 2 1.7 2 2.3 2.3 3.4 4.6 7.4 10.9 15.4 21.9 24.7 24.3 23.8 23.9 23.5 23.7 23.8 22.7 21.5 20.2 18.7 17.5 17.2 17.3 17.2 16.7 15.1 13.6 12.9 11.6 10.8 9.5 8.9 8.1 7.8 6.7 6.3 5 2.9 2.9 2.6 3.4 2.8 2.3 2.2 1.7 1.4 2.2 2.1 1.2 3.3 3.3 3.3 3.3 3.3 3.3 3.3 3.3 1.7 1.3 1.2 1.9 2.8 2.6 2.4 2.3 2.2 2 1.8 1.6 1.4 1 0.6 0.2
1.6 1.7 1.7 1.7 1.2 1.4 1.7 2.2 1.8 1.8 1.9 1.3 1.9 1.7 2 2.1 1.9 1.9 1.9 2 2.1 1.3 2.2 3.1 3.9 5.2 7.7 11.5 17.3 23.1 24.6 23.3 22.5 22.1 21.8 22.6 23.4 23.1 22 20.9 20.1 19.3 19 18.9 18.8 17.6 16 14 12.5 11.3 10.9 10.3 9.4 9 8.2 7.1 6 4.9 2.9 3.4 2.3 1.8 1.7 2.4 2.5 2.2 2.3 3 1.4 1.4 1.3 1.5 3.3 3.3 3.3 3.3 3.3 1.7 1.7 3.2 2.8 2.9 2.5 2.5 2.3 2.1 2 1.8 1.6 1.4 1.2 1 0.5 0.1
1.6 1.6 1.6 1.6 1.4 1.3 1.7 1.9 1.8 1.8 1.8 1.8 1.9 1.6 2.2 1.9 1.6 1.8 1.9 2 2.1 2.1 2.4 3.2 4.4 6 8.2 13 18.7 22.9 23.5 22.5 21.3 20.6 20.5 21.1 22.3 23.1 22.7 21.6 21 21.1 20.8 20.6 19.9 18.2 16.1 14 12.5 11.3 12.8 13 9.5 9.2 8 6.7 5.6 4.5 3.1 2.7 2.3 2.3 2.3 2 2.3 2.4 1.9 1.8 1.7 1.6 1.6 1.3 1.2 1.6 3.3 3.3 2.9 2 2.7 2.7 2.8 2.6 2.4 2.3 2.1 1.9 1.7 1.5 1.4 1.2 1 0.8 0.5 0
1.4 1.4 1.6 1.6 1.4 1.5 1.9 1.9 1.8 1.8 1.8 1.9 1.1 1.1 3.1 2.5 1.9 1.6 1.9 2 2.1 2.2 3.3 4.3 5.8 7.3 9.4 13.3 19.2 23.1 23.6 22.4 21.2 20.3 20 20.2 21.2 22 22.7 22.2 22 21.9 22 21.9 20.3 18.1 16 13.9 12.3 11.6 11.4 11.1 9.8 9.3 7.9 6.5 5.1 4.1 2.7 2.4 2.2 2.2 2.1 2 1.9 1.9 1.9 2 2 1.9 1.8 1.7 1.7 1.3 1.2 3.3 1.4 2.8 2.5 2.6 2.6 2.5 2.3 2.1 1.9 1.7 1.5 1.3 1.1 1 0.8 0.6 0.4 0
1.2 1.3 1.6 1.5 1.4 1.7 2 1.9 1.8 1.7 1.7 1.8 1.9 1.9 1.5 2.4 1.6 1.4 1.9 2 2 2.4 3.9 5.7 8.6 10.7 12.9 16.8 21.9 23.5 23.6 22.5 21.4 20.4 19.8 19.4 19.9 20.3 21.1 21.9 22 21.9 22.2 21.4 19.7 17.4 15.5 13.6 12.2 11.9 11.6 11.1 10.3 9.3 7.9 6.4 5.1 3.7 2.5 2.6 2.4 2.5 2.5 2.1 2.1 2 2 2 2.1 2.3 2.4 2.3 2.1 1.9 1.8 1.2 3.3 2.8 2.6 2.5 2.7 2.7 2.2 1.9 1.7 1.5 1.3 1.1 0.9 0.7 0.5 0.4 0.2 -0.1
1.1 1.3 1.6 1.4 1.6 1.8 1.9 1.9 1.8 1.7 1.8 2.2 2.1 2.2 1.7 2 2 3.4 1.9 2 2.2 3.1 5.5 8.2 13.2 16.8 18.9 21.3 24 25.1 24.6 23.3 22 20.8 20.1 19.4 18.9 18.7 19.6 20.2 20.3 20.9 21.3 20.4 18.1 16.1 14.3 12.5 11.7 11.5 11.8 11.1 10.1 9.1 7.9 6.6 5.2 3.6 2.6 2.6 2.8 3.1 2.3 2.3 2.2 2 2 2.1 2.2 2.4 2.5 2.4 2.2 1.8 1.5 2.4 2.9 2.7 2.5 2.4 2.2 2.1 2 1.7 1.5 1.3 1.1 0.9 0.7 0.5 0.3 0.1 -0.1 -0.2
1.3 1.4 1.5 1.4 1.7 1.9 1.9 1.7 1.7 1.7 1.9 2.7 1.6 1.5 1.6 1.6 1.7 2.6 1.9 2.3 2.8 2.5 5.8 9.6 16.2 21 23.2 24.3 25.5 25.6 25.2 24 22.9 21.7 20.8 20 19.1 18.5 18.1 18.4 18.7 19.3 19.8 18.6 16.9 14.7 12.9 11.4 10.5 10.8 11 10.7 9.9 8.9 7.8 6.6 5.3 3.4 3 3.6 4 3.4 2.8 2.7 2.2 2.1 2 2.1 2.3 2.4 2.5 2.2 2.4 1.5 2.2 2.6 2.7 2.5 2.3 2.3 2.2 1.9 1.7 1.5 1.3 1.1 0.9 0.7 0.5 0.3 0.1 -0.1 -0.3 -0.5
1.6 1.7 1.5 1.3 1.2 1.8 1.8 1.3 1.7 1.7 1.9 2.2 2 1.6 1.7 1.7 1.8 1.8 1.9 1.8 2.1 2.5 5.3 9.2 15.8 21.6 24.3 25.1 25.4 25.7 25.3 24 22.8 22.3 21.9 20.9 19.7 18.9 17.7 16.6 16.8 17.5 18.1 17.4 15.8 13.9 12 10.5 10.1 10.6 11.1 10.8 9.9 8.8 7.7 6.2 4.4 2.5 4.1 4.7 4.3 3.6 2.7 2.6 2.3 2.4 2 2.2 2.3 2.5 2.2 1.9 1.8 2.2 3.4 2.7 2.5 2.3 2.3 2.2 2 1.7 1.5 1.3 1.1 0.9 0.7 0.5 0.3 0.1 -0.1 -0.3 -0.5 -0.7
1.8 1.7 1.4 1.4 1.7 1.7 1.5 1.3 1.6 1.8 1.5 2 1.8 1.7 1.7 1.8 2 2 1.9 1.5 2.1 3 5.4 7.9 12.9 18.6 22.9 24.5 24.8 25 24.4 23.7 23.2 22.8 22.6 21.6 20.4 19.1 17.9 16.6 15.4 15.5 16.3 16.7 14.9 13.1 11.4 9.7 9.7 10.2 10.7 10.8 9.7 8.4 7.1 5.2 2.6 4.3 5.3 5.1 4.6 3.7 2.2 2.8 1.5 1.8 1.8 2.3 2.4 2.5 2.1 2 2.1 2.3 3 2.6 2.3 2.3 2.2 2 1.8 1.5 1.3 1 0.9 0.7 0.5 0.3 0.1 -0.1 -0.3 -0.5 -0.7 -0.9
1.3 1.5 1.4 1.4 1.6 1.6 1.2 1.7 1.7 2 1.9 1.8 1.8 1.8 1.8 2 2.1 2.1 2.1 2.5 2.5 3.1 4.7 6.8 9.7 14.5 19.4 22.7 24.3 24.1 23.6 23.1 22.8 22.7 22.6 21.8 20.4 18.8 17.2 15.8 14.6 14.3 14.6 14.9 13.7 11.7 10.2 8.9 8.5 9.2 9.8 10.2 9 7.6 5.8 3.7 5.1 6 6 5.3 4.7 3.8 2.5 1.7 1.4 2 2.2 2.4 2.4 2.5 2.1 1.6 1.2 3.8 2.8 2.4 2.4 2.5 2 1.8 1.5 1.3 1.1 0.8 0.6 0.4 0.3 0 -0.2 -0.4 -0.5 -0.7 -0.9 -1.1
3.3 2.1 1.8 1.3 1.5 1.5 1.6 1.9 2.1 2 1.9 1.8 1.8 1.2 1.6 1.6 2.2 2.2 2.3 2.9 3.2 3.9 4.7 6.2 8.2 11.9 18.2 21.4 23.7 23.5 23 22.5 22.2 21.8 21.9 21.3 20 18.4 16.8 15.3 13.9 13.2 13.5 12.9 12 10.3 9 8.1 7.3 7.6 8.6 8.6 6.8 5.6 4.6 5.4 6.6 6.6 6.2 5.5 4.8 3.8 2.1 2.5 2.2 1.9 2 1.4 1.7 2.3 2.3 1.3 2.2 2.9 2.4 2.4 2.3 2.2 1.9 1.6 1.3 1.1 0.9 0.6 0.4 0.2 0 -0.2 -0.4 -0.6 -0.8 -0.9 -1.1 -1.3
2.5 2.9 3.5 3.1 2.7 3.4 1.5 2 2 1.9 1.8 1.7 1.9 1.8 1.6 2.1 2.3 3.5 4 4.7 5.2 5.7 6.8 8.5 12.1 16 19.9 22.7 23.2 22.9 22.5 22 21.3 20.8 20.8 20.8 19.6 18.3 16.8 15.2 13.6 12.5 11.9 11.3 10.2 9 8.6 8.2 7.8 7.5 7.3 6.7 6.9 7 7 6.9 7.4 7.1 6.3 5.6 4.8 3.4 2.6 2.3 2.2 2.2 2.2 2.4 2.2 1.9 1.4 1.6 2.9 2.6 2.7 2.3 2.3 2.1 1.7 1.4 1.1 0.9 0.7 0.4 0.2 0 -0.2 -0.4 -0.6 -0.8 -1 -1.2 -1.4 -1.5
2.4 3 2.8 2.5 2.7 2.7 1.3 1.7 2 1.9 1.8 1.8 1.9 1.8 1.9 2.2 2.5 3.6 4.9 7.3 8.4 9.4 10.9 13.5 17.5 20.7 22.9 23.5 23.7 23.5 22.5 21.8 20.8 19.8 19.7 19.7 19.1 17.9 16.7 15.1 13.5 12.2 11.2 10.7 10.1 10.2 9.8 9.4 9.3 9.2 8.8 8.6 8.9 8.8 8.4 8.1 7.7 7.3 6.4 5.6 4.7 3.3 2.4 2.3 1.2 3.9 3.9 2.2 2.1 1.7 1.7 3.3 2.8 2.5 2.6 2.5 2.3 2 1.6 1.2 0.9 0.7 0.4 0.2 0 -0.3 -0.5 -0.7 -0.8 -1 -1.2 -1.4 -1.6 -1.8
2.3 2.3 2.4 2.8 2.3 2.4 2.7 3.3 1.6 1.5 1.7 1.9 1.8 1.7 1.7 2 2.2 1.8 6.3 9.9 12.9 15.7 17 18.8 21.8 23.9 24.5 24 24.3 23.7 23 21.7 20.5 19.5 18.7 18.6 17.9 17 15.8 14.2 13.1 12.3 11.4 11.4 11.7 11.8 11.6 11.3 11 10.8 10.3 10 10.1 9.4 9 8.7 7.9 7.2 6.5 5.5 4.6 3.5 2.3 2.3 2.1 3.4 5.9 1.4 1.8 1.2 2.4 2.7 2.5 2.4 2.3 2.3 2.2 1.8 1.4 1 0.7 0.4 0.2 0 -0.2 -0.5 -0.7 -0.9 -1.1 -1.3 -1.4 -1.8 -1.8 -1.8
2.3 2.3 2.3 2.4 2.3 2.3 2.3 2.9 3.1 4 1.6 1.8 1.6 1.6 1.7 1.8 2 1.9 6 11.2 16.6 20.3 22.4 24.2 25 25.4 25.2 24.6 24.5 23.9 23 21.7 20.2 19.2 18.2 17.3 16.7 16.1 14.9 14.1 13.3 12.6 12.6 12.8 13 13.4 13.1 12.7 12.4 12.2 11.8 11.4 10.7 9.9 9.6 8.9 8.2 7.2 5.9 5 4 2.5 2.2 1.8 2 2.4 2.8 1.4 1.1 2.3 2.8 2.8 2.3 2.2 2.7 2.3 1.9 1.7 1.3 0.9 0.5 0.2 0 -0.2 -0.5 -0.7 -0.9 -1.1 -1.3 -1.5 -1.8 -1.8 -1.8 -1.8
2.4 2.4 2.3 2.3 2.3 2.3 2.3 2.5 3 2.8 2.7 4.5 1.4 1.5 1.6 1.6 2.5 2.1 4.4 11.1 18.1 21.9 24.5 25.9 26.4 26.3 26.1 25.3 24.6 23.7 22.6 21.3 20.1 19 18.1 17.3 16.4 15.7 15.1 14.3 14.2 14.2 14.1 14.3 14.5 14.8 14.3 13.8 13.5 13.2 12.6 11.9 11.2 10.5 9.9 9.1 7.9 6.7 5.4 4.3 3.4 2.4 2.4 1.8 1.9 2.1 1.8 1.1 1.1 3.7 2.8 2.8 2.8 2.7 2.3 1.9 1.4 1.2 1.1 0.8 0.4 0 -0.3 -0.5 -0.7 -1 -1.1 -1.4 -1.6 -1.8 -1.8 -1.8 -1.8 -1.8
2.5 2.5 2.4 2.3 2.3 2.3 2.3 2.2 2.5 2.7 2.8 2.6 2.7 4.1 1.3 1.9 2.1 2.1 3.5 9.5 17 21.5 24.8 24.4 27.6 26.4 24.6 25.7 24.5 23.5 22.2 21 20 19.1 18.3 17.4 16.6 15.9 15.7 15.8 15.8 15.8 15.8 15.7 15.8 15.4 15 14.7 14.5 14.4 13.4 12.3 11.7 11 9.8 8.6 7.4 6.2 4.9 3.5 2.7 2 2 1.8 1.9 2 1.4 1.1 2.4 2.8 2.3 2.2 2.4 2.5 1.9 1.4 0.9 0.7 0.6 0.4 0.2 -0.1 -0.5 -0.8 -1 -1.2 -1.4 -1.8 -1.8 -1.8 -1.8 -1.8 -1.8 -1.8
2.6 2.6 2.5 2.4 2.3 2.9 2.9 2.8 2.6 2.5 2.7 2.7 2.6 2.9 2.8 4.4 1.7 1.8 2.5 8.6 18.5 21.3 25.8 24.4 27.9 26.9 26.1 25.8 24.3 23.1 22 21 20 19.1 18.4 17.6 16.8 16.5 16.9 17.4 17.4 17.1 16.7 16.6 16.7 16.2 15.8 15.3 15.1 14.7 13.6 12.6 11.9 10.9 9.5 8.2 6.9 5.7 4.4 3.2 2.7 2 2 2 2.5 1.6 1.1 2.2 2.6 2.3 2.3 2.3 2.3 1.7 1.3 0.9 0.4 0.2 0 -0.1 -0.3 -0.5 -0.7 -1 -1.3 -1.5 -1.8 -1.8 -1.8 -1.8 -1.8 -1.8 -1.8 -1.8
2.7 2.6 2.5 2.4 2.3 2.3 2.5 2.6 2.7 2.4 2.3 2.7 2.9 3 2.8 2.6 2.6 4.5 1.6 8.8 16.8 22.8 24.4 24.4 27.9 26.7 25.8 25 24.1 23.1 22.1 21.1 20.1 19.2 18.4 17.7 17.2 17.6 18.1 18.8 18.4 18 17.6 17.6 17.6 16.9 16.5 16.2 15.7 15 13.7 12.8 11.9 10.8 9.6 8.2 6.9 5.5 4.6 3.8 3.1 2.5 2.5 2.4 2.2 1.5 1.3 2.4 2.2 2.3 2.3 2.2 1.7 1.1 0.6 0.3 0 -0.5 -0.6 -0.6 -0.7 -0.9 -1.1 -1.3 -1.6 -1.8 -1.8 -1.8 -1.8 -1.8 -1.8 -1.8 -1.8 -1.8
2.7 2.6 2.5 2.4 2.3 2.3 2.6 2.5 2.9 2.8 2.5 2.3 2.8 3 3 3 2.6 3 3 7.3 15.5 23.4 24.4 24.4 27.5 26.5 25.5 24.7 24.1 23.2 22.2 21.2 20.2 19.5 19 18.4 18.5 18.8 19.1 19.4 19.1 18.9 18.5 18.5 18.3 17.7 17.3 17 15.9 14.8 13.6 12.6 11.5 10.4 9.5 8.1 7.2 6.5 5.5 4.3 3.2 3.7 4.3 2.1 1.8 1.1 4.2 2.3 2.2 2.3 1.9 1.3 0.8 0.4 -0.1 -0.4 -0.7 -1 -1.2 -1.2 -1.3 -1.4 -1.8 -1.8 -1.8 -1.8 -1.8 -1.8 -1.8 -1.8 -1.8 -1.8 -1.8 -1.8
2 2.3 2.5 2.4 2.3 2.3 2.3 2.7 2.8 2.4 2.3 2.3 2.7 2.7 2.9 2.7 2.9 2.8 2.8 7.2 15.5 23.5 24.4 24.4 27.4 26.5 25.5 24.5 23.8 23.2 22.3 21.3 20.4 19.7 19.7 19.2 19.1 20.2 20.2 19.5 19.5 19.2 19 18.7 18.1 18.2 17.5 16.5 15.2 14 12.9 12.4 11.2 10.1 9.5 8.9 8.2 7.6 6.4 5.1 3.9 2.8 2.3 1.5 1.1 4 2 1.9 1.8 1.5 1 0.4 -0.1 -0.5 -0.8 -1.1 -1.8 -1.8 -1.8 -1.8 -1.8 -1.8 -1.8 -1.8 -1.8 -1.8 -1.8 -1.8 -1.8 -1.8 -1.8 -1.8 -1.8 -1.8
1 1.3 1.7 2 2.3 2.4 2.3 2.3 2.3 2.2 2.5 2.8 2.9 2.5 2.4 3 3.1 2.9 2.9 8.2 16.6 23.6 24.4 24.4 27.4 26.4 25.5 24.5 23.5 22.8 22.1 21.5 20.7 19.9 20.2 20.4 21.2 19.7 20.2 19.5 19.4 19.4 19.2 19.5 16.8 17.4 16.7 15.7 14.4 13.3 12.3 12.1 11 10.6 10.2 9.7 9.2 8.5 7.2 6 4.7 2.9 2.3 1.1 3.4 1.9 1.3 1 0.8 0.6 0.1 -0.6 -1 -1.8 -1.8 -1.8 -1.8 -1.8 -1.8 -1.8 -1.8 -1.8 -1.8 -1.8 -1.8 -1.8 -1.8 -1.8 -1.8 -1.8 -1.8 -1.8 -1.8 -1.8
0 0.3 0.7 1 1.7 2.4 2.3 2.3 2.3 2.4 2.7 2 2.6 2.3 2.3 2.3 3 2.9 2.8 7.5 15.9 24.4 24.4 24.4 27.2 26.2 25.3 24.3 23.2 21.5 20.6 19.7 19.4 19.2 20.5 20 21.1 20.2 19.6 19.4 18.9 18.9 18.8 19.1 17.6 16.5 15.3 14.3 13.2 12.9 11.9 12 11.6 11.3 10.9 10.4 9.6 9.3 8 6.8 5.5 4.3 2.1 2.6 1.9 1.3 0.7 0.2 -0.1 -0.3 -0.9 -1.8 -1.8 -1.8 -1.8 -1.8 -1.8 -1.8 -1.8 -1.8 -1.8 -1.8 -1.8 -1.8 -1.8 -1.8 -1.8 -1.8 -1.8 -1.8 -1.8 -1.8 -1.8 -1.8
-1 -0.7 -0.4 0.2 0.8 1.7 1.9 2.2 2.3 2.1 2.3 2.3 2.4 2.7 2.6 2.9 2.3 2.8 2.9 3.9 12.8 23 27.4 27.8 27 26 25 23.9 22.8 20.9 19.1 18 17.8 17.5 17.2 18.5 18.3 17.4 16.7 16.9 17.3 17.9 18.4 18.2 17.4 15.7 14 12.6 11.8 11.5 11.4 11.8 12 12 11.5 10.8 9.9 9.4 8.1 7.3 5 2.7 2.4 2 1.4 0.7 0.1 -0.4 -0.9 -1.8 -1.8 -1.8 -1.8 -1.8 -1.8 -1.8 -1.8 -1.8 -1.8 -1.8 -1.8 -1.8 -1.8 -1.8 -1.8 -1.8 -1.8 -1.8 -1.8 -1.8 -1.8 -1.8 -1.8 -1.8
-1.8 -1.8 -1.8 -0.9 -0.3 0.5 1.4 1.8 1.3 1 1.5 2.2 2.8 2.9 2.7 2.6 2.8 2.9 2.5 2.6 7 16.3 24.2 27.4 26.6 26 25.2 23.7 21.7 19.5 17.8 16.3 15.8 16 16.1 16 15.6 14.9 14.2 14.8 16.5 17.6 17.9 17.8 16.2 14.5 12.8 11 10.3 10.7 11.5 11.7 11.9 12 11.6 11.1 10.2 9.6 7.4 6.8 2.5 2.1 1.7 1.3 0.9 0.2 -0.4 -1 -1.8 -1.8 -1.8 -1.8 -1.8 -1.8 -1.8 -1.8 -1.8 -1.8 -1.8 -1.8 -1.8 -1.8 -1.8 -1.8 -1.8 -1.8 -1.8 -1.8 -1.8 -1.8 -1.8 -1.8 -1.8 -1.8
-1.8 -1.8 -1.8 -1.8 -1.8 -1.8 -0.5 0.2 -0.2 0 0.6 1.3 1.9 3 2.9 2.9 3 2.9 2.9 2.8 2.7 7.9 14.9 24.5 26.3 25.7 24.5 22.3 19.9 18 16.5 14.7 13.9 13.8 13.9 13.8 12.7 12.5 12.4 13.3 15.2 16.8 17.5 16.9 15.2 13 11.2 9.6 9.1 9.5 9.9 10.9 10.9 11.1 10.6 10.1 9.7 8.7 7.5 2.9 1.8 1.4 1 0.7 0.2 -0.2 -0.9 -1.8 -1.8 -1.8 -1.8 -1.8 -1.8 -1.8 -1.8 -1.8 -1.8 -1.8 -1.8 -1.8 -1.8 -1.8 -1.8 -1.8 -1.8 -1.8 -1.8 -1.8 -1.8 -1.8 -1.8 -1.8 -1.8 -1.8
-1.8 -1.8 -1.8 -1.8 -1.8 -1.8 -1.8 -1.8 -1.8 -1 -0.4 0.2 1 1.9 2.5 3 2.8 2.4 2.4 2.6 2.7 3.4 8 12.9 16.3 20.4 22.7 20.4 18.4 16.6 15.4 13.7 12.3 12.1 12 11.7 11.1 10.8 10.4 11.3 13.7 15.9 16.1 15.8 14 12 9.8 8.8 7.3 7.2 7.7 8.6 9.1 9.3 9.5 8.8 8.1 7.4 2 1.6 1.2 0.7 0.3 -0.1 -0.4 -0.8 -1.8 -1.8 -1.8 -1.8 -1.8 -1.8 -1.8 -1.8 -1.8 -1.8 -1.8 -1.8 -1.8 -1.8 -1.8 -1.8 -1.8 -1.8 -1.8 -1.8 -1.8 -1.8 -1.8 -1.8 -1.8 -1.8 -1.8 -1.8
-1.8 -1.8 -1.8 -1.8 -1.8 -1.8 -1.8 -1.8 -1.8 -1.8 -1.8 -1.8 -0.5 0.3 1 1.8 2.8 1.8 2.4 2.5 2.6 2.9 2.7 6.2 7.8 11.1 14.3 18.1 16.6 15.1 13.5 12.3 9.9 10.4 10.6 9.3 8.2 7.5 7 8.1 8.5 8.3 7.9 7.5 7 7.1 7 6.5 5.4 4.9 4.8 4.8 4.6 3.6 3.1 3.3 2.4 1.9 1.4 0.9 0.5 0.1 -0.4 -0.8 -1.1 -1.8 -1.8 -1.8 -1.8 -1.8 -1.8 -1.8 -1.8 -1.8 -1.8 -1.8 -1.8 -1.8 -1.8 -1.8 -1.8 -1.8 -1.8 -1.8 -1.8 -1.8 -1.8 -1.8 -1.8 -1.8 -1.8 -1.8 -1.8 -1.8
-1.8 -1.8 -1.8 -1.8 -1.8 -1.8 -1.8 -1.8 -1.8 -1.8 -1.8 -1.8 -1.8 -1.8 -0.4 0.3 0.9 1.6 2.3 2.3 2.5 2.6 2.9 2.7 2.5 5.5 6.9 9.4 12.9 11.7 10.8 9.1 5.5 5.6 5.6 4.7 3.6 3.3 3.3 3.6 3.2 2.8 2.9 2.6 2.8 2.9 2.8 2.9 3.1 3 3.2 2.9 3 2.8 2.9 2 1.5 1.1 0.7 0.2 -0.2 -0.6 -1.1 -1.8 -1.8 -1.8 -1.8 -1.8 -1.8 -1.8 -1.8 -1.8 -1.8 -1.8 -1.8 -1.8 -1.8 -1.8 -1.8 -1.8 -1.8 -1.8 -1.8 -1.8 -1.8 -1.8 -1.8 -1.8 -1.8 -1.8 -1.8 -1.8 -1.8 -1.8
-1.8 -1.8 -1.8 -1.8 -1.8 -1.8 -1.8 -1.8 -1.8 -1.8 -1.8 -1.8 -1.8 -1.8 -1.8 -1.8 -1.8 -0.1 0.7 1.3 2.1 2 2 2.6 2.4 2.7 2.7 2.6 2.7 4.3 3.8 3.3 3.5 3.2 2.9 2.9 2.9 2.6 3 3.1 2.8 2.7 2.8 2.5 2.9 3.1 2.9 2.9 2.6 3 3.2 2.6 2.3 2.1 1.6 1.1 0.7 0.2 -0.1 -0.5 -0.9 -1.8 -1.8 -1.8 -1.8 -1.8 -1.8 -1.8 -1.8 -1.8 -1.8 -1.8 -1.8 -1.8 -1.8 -1.8 -1.8 -1.8 -1.8 -1.8 -1.8 -1.8 -1.8 -1.8 -1.8 -1.8 -1.8 -1.8 -1.8 -1.8 -1.8 -1.8 -1.8 -1.6
-1.8 -1.8 -1.8 -1.8 -1.8 -1.8 -1.8 -1.8 -1.8 -1.8 -1.8 -1.8 -1.8 -1.8 -1.8 -1.8 -1.8 -1.8 -1.8 -1.8 0.4 1.3 1.9 1.7 2.2 2.9 2.8 2.6 2.5 2.6 2.7 2.7 2.9 3 3.6 2.7 3.4 3 3.1 2.8 2.7 2.8 2.9 2.4 2.8 4.3 2.8 3 2.3 2.6 2.2 2.1 1.6 1.1 0.7 0.2 -0.1 -0.6 -1 -1.8 -1.8 -1.8 -1.8 -1.8 -1.8 -1.8 -1.8 -1.8 -1.8 -1.8 -1.8 -1.8 -1.8 -1.8 -1.8 -1.8 -1.8 -1.8 -1.8 -1.8 -1.8 -1.8 -1.8 -1.8 -1.8 -1.8 -1.8 -1.8 -1.8 -1.8 -1.8 -1.8 -1.6 -1.4
