WholeMapElevations/data/sn/sn75_OST50GRID_20230518/SN75.asc
ncols 200
nrows 200
xllcorner 270000
yllcorner 250000
cellsize 50
[rows 35 to 69 of 200, columns 78 to 155 of 200]
465.2 461.5 460 460 461.4 462.2 463 461.6 460.3 458.8 456.8 452.5 447.6 442.5 440.4 440.8 441.9 446.7 448.2 450.6 450.4 450.3 449.6 448.1 445.6 443.8 441.2 437.6 434.7 440 443.6 440.7 437.3 432.2 428.5 426.9 424.4 418.6 411.2 403.6 393 388.5 389.1 389.7 390.3 390.2 392.8 397.8 405 411.3 418.3 438.9 464.8 472.8 471.7 470.5 467.3 466.9 463.5 464.6 470.5 467.1 467 467.4 468.5 470.2 472.9 474.2 475.3 477.1 478.3 478.3 478 476.2 474.4 473 470.9 467.3
458.7 458.3 457.9 458.8 461 462.8 464.1 463.8 462.5 461.3 459.3 455.1 449.8 444.7 441.3 441.4 443.1 447.4 455.2 459.3 458.2 458.4 463.6 459.7 456.7 452.1 447.7 447.4 454.7 454.8 452.6 450 445 439.5 436.5 432.6 428.4 422.1 414 405.3 396.6 390.4 387.7 388.6 389 388.3 392.4 398.3 405.3 411.6 424.9 444.7 467.4 468.7 467.4 467.5 463.6 463.5 463.8 471.6 469.1 466.7 465 464.9 467.7 471.6 474.2 475.9 478.6 480.1 480.6 481.9 484.6 477.9 474.5 472.9 470.5 468.4
453.7 455 456.1 458.7 460.5 462.1 463.9 465 464.1 464 462.8 459.1 452.8 446.4 442.4 442.4 446.6 451 458.3 464.4 464.9 468.6 471.1 465.2 458.7 455.2 452.5 455.1 461.4 458.5 454 451.1 447.1 444.3 441.2 434.7 429 421.9 414.6 406.9 399.1 392.4 387.5 387.5 387.8 387.3 394.1 400.2 405.6 418.4 433.4 451.6 464 460.4 461.9 462.9 462.5 462.4 471.6 473.8 469.4 464.9 461.6 463.7 468.5 473.2 475.8 478.3 481.6 483.7 486.7 488.3 489.3 484.1 479 473 470.8 469.1
449.8 451.8 454.9 457.7 459.4 460.2 462.4 465 465.2 465.5 465.6 464.7 457.3 448.9 444.8 448.6 451.4 453.8 459.6 464.9 466.4 471 472.9 463.1 458.5 456.3 456.6 458.3 459.7 455.6 452.7 449.8 447 444.2 441.3 437.2 432.4 427.1 419.5 411.3 401.3 395.1 388.4 386.8 386.9 388.9 393.9 399.1 412.6 425.9 439.3 451.4 456.3 456.7 456.9 458.9 461.3 467.9 474 472.4 465.3 460.4 459.1 466 471 474.9 477.9 482 484.5 487.8 491.2 493.2 492.2 490.9 484.5 473.8 471.5 469.7
444.4 449.5 453.7 455 456.3 457.7 461 464.5 463.2 462.9 464.5 463.6 457.6 450.9 448.8 449.9 453.1 456.4 460.3 463.1 466.2 470.4 467.3 461.4 459.5 458.3 458.5 458.9 458.2 455 453.4 451.3 449.1 447.6 446.9 445.3 442.1 434.6 424.9 413.3 404.6 397 389.5 385.4 386 390.7 395.2 406.4 419.6 431.6 439.2 446.5 448.9 450.9 454.5 459 463.5 466.3 466.5 463.1 458.7 454.9 461.2 467.4 473.5 476.9 480.9 484.7 487.8 490.8 494 496.7 497.1 495 487.7 476 471.6 469.1
440.2 444.5 448.7 451.8 451.3 453.7 456.6 460.7 457.3 458.2 461.5 459.4 455.9 452.4 452.7 453 454.8 457.8 460.2 461.9 463.6 466.1 465.3 465.5 461.1 459.4 459.4 459.6 458.6 457 456.3 456.6 457.5 459.8 456.5 451 445.2 436 422 414.2 406.1 398 391.3 385.8 383.2 391.1 400 412.8 424.2 431.3 438.2 439.5 440.6 442.5 446.8 453.2 455.5 454.8 455.3 454.6 450 456.8 462.8 470.8 475.6 480 483.8 487.4 490.9 493.8 496.8 500.7 500.9 496 487 478.9 472.3 470.5
425.6 435.3 438.7 438 439 441.2 444.8 448.1 450.5 453.1 455.5 453.4 451.8 453.6 455.9 455.7 456.8 459 461.1 462.2 463.5 464.1 465 464.7 461.5 460.9 460.4 460.7 460.3 460.9 463.2 465.6 467.6 464 457.2 450.4 442.4 431.6 423.2 417.1 408.6 398.6 391.7 385.6 385.1 390.9 403.8 415 424.2 426.2 433.4 434.8 436.4 437.7 440.1 444.2 446.2 449.8 451 447.6 452.6 457.9 467.1 474.1 479.8 484.7 488.9 492.7 496 499.3 502.7 503.8 500.2 494.1 486.3 478.6 475.8 474.7
418.4 425.8 429.2 429.6 432.2 433.7 434.3 438.2 444.2 446.5 445.3 443.6 446.5 452.2 455.7 456.3 457.5 460 462.9 464.4 464.6 464.3 464.6 464.1 466.8 466 463.9 464.9 466.4 468.6 473.1 474.3 469 462.4 455.6 447.4 438 430.9 425.6 419.2 408.9 400.4 393.6 387.3 383 390.2 403 413.7 417.5 427.8 430.8 431.8 432.9 432.4 433.5 438.4 442.9 447.5 442.7 447.2 453 460.3 469.8 477 483.9 489 492.4 495.7 498.8 500.7 503 501.9 499.7 496.7 490.6 489 491.8 491.4
415.1 419.8 422.8 424.5 428.5 432.5 433.2 435.8 437.2 434.4 435.2 439.2 446.1 453.3 456.8 457.3 461.6 470.4 470.8 466.7 465.6 465.4 466.3 468 471.3 471.8 470.2 471.1 476.7 479.5 479.9 475.7 469.4 460.9 452 443.9 435.6 431 426.9 419.3 412.3 404.1 398.3 389.5 380.8 391.8 403.3 408.5 417.7 423.1 423.8 428.2 427.2 427.6 431.3 436.5 442.4 441.5 440.1 446.2 453.9 464.4 472.2 479.1 485.8 490.4 494.2 497.3 499.7 502.1 502.9 502.9 501.1 500 500 501.7 501.3 498.6
411.8 416.3 419 422.5 427.3 430.8 431.9 434 430.9 431.7 433.8 438.1 446.5 451.7 452.7 457.3 464.2 469.6 468.9 465.9 466.3 467 468.6 473.6 479.3 478.9 477.2 480.6 485.8 484.4 481.5 474.3 468.1 458.4 448.8 441.4 435.6 431.9 427.3 422.9 417.4 410.1 405.7 394.2 380.8 389.8 392.3 402.7 407.3 405.2 411.1 413.9 422.7 426.8 431.4 435.7 439.1 435.1 439.3 447 458.9 467.2 474.2 481.4 487.5 492.6 496.1 498.9 500.9 502.4 503.2 503.5 503.5 503.9 504.4 504.5 502.1 496.1
407.3 412.9 418.1 423.2 428.7 429.8 429.8 430 430.8 431.4 432.7 434.9 440.6 444.6 449.3 455.4 461.9 465 465.8 465.6 466.9 468.3 472 477.3 481.9 482.1 483.6 485.7 486.4 481.5 475.7 469.4 464.4 456.4 448.5 440.1 436.2 432.6 428.8 421.8 415.2 412.6 408.7 396.2 380.5 377.8 386 390.9 390 398.1 401.5 410.3 417.7 423.4 427 432.5 430.4 433.9 440.4 452.2 461.5 468.2 474.7 481.9 488.5 494.4 497.8 499.3 500.8 501.7 503 503.5 503.3 503.4 503.4 501.3 495.7 489.2
402 405.3 412.8 421.2 427.5 428 425.3 429.2 431.3 431.8 431.8 433.3 436.8 442.3 448.1 454.4 458.6 462.2 464.8 465.4 467.4 469.9 475.4 479.8 482.7 483.5 484.4 485.3 481 473.3 469.5 466.1 462.5 456.4 445 437.5 433.7 430.9 424.3 416.5 414.3 412 405.1 392.1 380.9 374.4 376 380.4 386.8 391.9 399.4 406.6 414.1 419.5 422.7 425.8 429.3 435.4 443.3 454.5 461.8 468.4 475 481.3 487.7 494.2 496.6 497.2 498.9 500.5 501.5 501.1 500.6 499.8 497.6 493.8 486.1 480.4
406.1 411.8 416.9 419.4 422.9 427.6 431.1 434.3 435.1 435 434.1 435.8 439.7 444.1 448.5 453.4 456.2 460.5 464 466.7 468.9 473.1 481.7 483.6 484 481.7 483.3 478.5 472.4 468.5 465.9 463.1 457 447.5 437.7 433.5 430.7 424.9 416.1 407.9 404 396.5 397.2 388.6 378.4 373.6 373.4 376.8 382.4 389 396.6 403.7 410.1 411 420.3 423.4 428.8 434.1 443.2 452.1 460.1 467.5 473.6 479.6 486.3 490.8 493 495.2 496.9 496.4 497.1 495.6 494.7 492.8 489 482.2 475.3 471.3
410.1 417 424 428.8 431.9 435 437.3 439.1 439.4 438.1 438.6 440.7 443.9 447 450.6 454.1 457.7 461.2 464.8 467.7 470.4 475.5 480.2 481.8 480.4 479.5 475.6 471.5 467.4 464.1 462.4 456.4 445.2 437.4 432.5 429.9 424.9 413.7 415 414.6 411.6 407.3 399 386.1 377.4 373.4 370.7 374.3 379.7 386.7 395.5 404.3 410.5 418.1 419.4 420.1 425.2 431.5 438.7 447.2 455.9 463.6 470.5 477.2 483 488 491.2 493.1 494.5 492.6 490.6 489 486 482.7 477 470 464.7 459
414.8 422.3 429.7 434.9 438.2 439.6 441.9 443.3 442.5 440.8 441.8 444.1 447.3 449.9 451.9 454.4 457.9 462.2 465.4 467.8 471.6 475.1 479.2 479.3 477.2 474.5 470.7 467.6 462.9 459.2 454.3 442.8 435 431.9 430.3 427.6 415.7 422 422.3 419.5 412.9 401.3 392.1 380 374.8 372.4 370.4 372.3 379.7 385.5 391.2 398.4 406.8 410.2 411.3 413.5 418.5 424.9 433.6 442.9 451.6 459.3 466 472.4 478.2 482.1 485.5 487.5 487.3 485.4 483.8 481.1 477.1 470.3 463.8 457.1 450.3 442.7
420.5 427.7 434.8 439.9 443 444.7 444.7 445 443.8 442.2 443.7 446 448.6 450.8 452.3 453.8 457.8 462.9 465.7 468.8 472.2 475 477.8 477.4 477.3 470.7 466.6 462.1 456.4 450.3 439.3 432.8 430.4 429.2 429.2 419.8 426.2 428 425.5 418.9 407.6 396.5 384.2 376.3 373.8 371.8 369.9 369.8 377.8 383 385.4 391.2 399.6 402.7 408.5 410.6 410.3 416.3 427.1 437.1 446.5 453.7 460.3 465.7 470.9 475.3 479.2 481.1 481.8 480.7 478.4 475.1 465.7 455.6 449 440.9 430.1 422.3
427.2 433.7 439.7 444.3 448.1 450.1 449 446.5 445.1 443.7 444.9 446.5 448.6 449.9 451 453.6 457.9 464.3 467.3 470.6 473.7 475.4 477.2 477.1 474.6 468.5 463.1 458.1 452.6 442.2 434.4 430.9 428 425.7 423.2 427.6 431.7 431.1 427.3 417.7 406.1 392.2 380.9 375.9 373.3 370.8 369.2 369.1 376.5 379.4 385 394.9 400.1 404.7 408.9 407.9 402.5 409.3 420.6 431 440 447.8 453.9 459.5 464.7 468.9 472.7 474.4 474 472.2 470.5 465 457 445.2 432.3 423.9 414.3 408.8
430.5 436.1 441.1 445.9 451.1 454.3 451.5 448.5 446.6 446 446.3 447.2 447.7 448.6 449.5 453 457.7 463.6 471 473.5 474.4 476.2 476.9 475.7 472.7 468.1 462.8 458 450.9 440.4 432.8 429.8 426.5 424.8 427.4 430.6 430.5 429 423.7 416 402.5 388.9 381.7 377.1 373.8 371.1 367.8 371.9 374.8 373.3 385.3 391.8 395.8 400.2 402.2 397.2 394 401.2 412.7 423.2 434.3 442.1 447.9 453.5 458.5 462.4 464.6 465.4 465.3 463.9 461.7 456.1 447.9 436.4 420.3 409.8 401.7 399.3
430.2 435.5 440.7 445.8 450.4 452.7 451.8 450.6 451.8 450.4 449 447.4 446.7 446.8 448.1 451.3 455.7 462.8 469.3 472.3 474.3 475.5 475.7 474.5 472 468 463.9 458.9 450.2 440.2 435.7 429.7 427.2 428.1 429.6 431.4 430.6 429.2 424.2 415.7 403.9 390.2 382.9 378.1 375 371.3 367.3 369.1 370.4 373 380.3 385.2 383.3 381.2 381.4 384.3 387.5 391.8 400.3 414.5 427.6 435.9 441.8 447.4 451.8 454.4 455.9 456.5 456.7 455.3 451.8 442.7 431.6 420.1 407.2 396.5 392.9 395.5
429.4 434.9 440.1 444.8 449.2 451 451.3 453.6 457.3 455.2 450 446.9 445 445 446.9 450.1 456.8 463.9 468.9 472.9 474.6 475.2 475.1 473 470.9 467 462.7 455 447.2 441.1 434.7 430.2 429.7 431 431.9 433.3 436.7 437.1 435.3 432.1 419.4 397.7 390.6 380.8 376.1 372.8 368 367.2 367.3 367.8 372 370.5 367 370.9 376.2 380.6 383.7 385.6 391.1 406.4 419.6 428 434.9 440.4 445.2 447.7 448.3 449.1 448.3 444.9 435.9 423.3 413.6 402.6 392.7 387.3 388.6 400.2
430 435.4 440.2 445 448.6 449.9 451.2 454.1 456.3 450.7 446.2 445 443.2 444.7 446.5 451 460.6 467.5 473.3 475.6 477.9 478.5 476.2 474.1 471.1 468 463.3 452.6 445.6 440.3 435.1 433 432.3 433.7 435.8 441.4 445.5 448.5 445.3 439.2 423.2 409.7 400 386.9 377.3 373.6 372.5 365.7 365.9 365.6 365.1 364.8 364.2 365.6 370.9 376.4 379.1 377.5 385 399.1 413.8 422.9 429.4 435 439.1 440.8 441.4 440.2 436.5 426.6 415.4 404.6 393.5 386 381.2 386.3 394.3 405.7
433.3 437.6 442.4 447.1 451.3 450.7 450 449.5 447.8 442.8 442.3 442.4 442.7 444.4 446.2 451.1 461.8 468.1 474.6 478 482 481.1 477.7 475.4 471.7 468.2 460.5 450 445.8 442.2 437.1 435.7 435.1 436.5 440.9 445.5 447.7 449.8 448.4 443.4 428 415.9 404 391.8 381.8 378.2 379 377.8 372.6 365.8 365.7 365.7 364.4 363.4 365.6 360.8 363.7 369.3 377.3 391.4 408.1 417 424 427.7 430.5 431.6 430.4 426.5 415.5 403.3 393.7 385.7 379.6 376.5 384.7 391.7 400.6 411.3
436.9 441.1 445.5 450.2 452.4 448.2 447.2 446.8 441.8 440.1 440.1 440.1 442.1 445 446.7 451 458 464.1 469.8 475.6 479.5 478.2 474.9 472.7 468.8 463.7 457 449.9 447.8 445.2 439.2 438.3 441.1 448.3 450.8 452.7 455.2 455.7 454 443.5 425.5 414.5 400.9 394.6 390.3 388.5 391.4 393.7 385.4 373.8 372.3 367.6 370.4 370.9 370.7 369.6 367.3 361.6 368.8 382.3 399.4 411.5 418 419.4 417.3 414.6 413.1 404.5 393 383.2 377.9 375.7 372.6 381.5 390.4 398.1 406 416.1
440 443.7 447.6 451.7 447.6 442.1 440.1 440.1 440.1 440.1 440.1 438.5 442 444.8 447.4 450.3 454.4 461.2 467.1 471.1 473 472.8 470.4 467.5 463.2 459.1 453.8 450.6 448.8 444.8 442.8 444.3 449.9 455.3 457.1 460.9 460.4 459.3 451.5 433.3 418.8 407.4 404.7 401.4 399.4 400.5 402.7 401.4 379.1 375.2 371.7 372.3 373.3 372.6 371.7 370.9 368.6 363.6 360.7 375.3 393.1 406.7 409.9 407.7 403.5 399.1 395.2 384.3 375.8 373.4 371.9 369.8 377.5 386.6 391.7 403.4 413.8 421.6
443.9 445.6 447.9 447.3 445 439.8 440.1 440.1 440.1 440.1 440.1 440.1 443.3 445.5 447.9 450.3 453.5 458.7 465.3 469.8 470.9 469.2 466 462 459.2 455.3 453 450.1 450.5 448.1 446.2 450.3 458.6 464.1 468.2 465 465.1 459.1 441.4 423.3 414 411.3 409.9 407.4 407.2 408.4 407.1 391.4 378.7 372.6 373.1 374.9 374.2 373.5 372.7 371.7 369.3 362.9 358.3 370.5 386.7 395.9 397.6 395.2 387.7 384.3 380.3 373 369.2 366.7 366.2 374.1 384.4 394.1 402.5 405.7 418.6 426.3
446.6 447.2 447.2 444.1 440.2 440.1 440.1 440.1 440.1 440.1 440.1 439.7 443.2 446 448.3 450.7 452.9 456.2 461.5 466.2 466.7 463.8 461 458.2 456.4 455 452.8 454.2 454.1 454 458.4 465.4 469.5 473.3 474.9 470.2 468.3 458.2 437.1 423.2 416.7 414.8 413.4 412.1 413.3 411.2 401.1 382.6 377.2 377.1 376.3 377.5 376.4 375.1 373.2 371.3 369 366.5 357.1 363.3 374.7 379.5 381.4 377.5 373.6 372 369.3 366.7 363.7 361 370.4 379.2 387.7 397.3 406.9 414.9 421.1 429.3
449.6 448.9 446.6 443.9 440.1 440.1 440.1 440.1 440.1 440.1 440.1 440.1 443.6 446.1 448.5 450.6 452.4 455 458.6 461.3 461.6 460.7 458.9 456.9 455.4 454.6 455.5 457.1 460.2 464.8 473.1 479.9 482.4 484.8 477.3 472.8 470 452.1 437.2 426.1 422 419.4 416.9 415.4 412.8 406.9 386.9 381.7 385.5 383.9 383.3 383.9 380.3 377.9 375.8 372 368.6 366.7 360.8 356.7 360.6 368 372.9 371.5 366.7 364.7 363.1 361.6 358 369.4 375.3 383.6 392 400.7 410.3 418.3 427.8 436.8
452 451.3 448.4 444.7 440.1 440.1 440.1 440.1 440.1 440.1 440.1 440.6 443.8 446.2 448.5 450.5 452.2 453.7 455.9 457.4 458.6 458.7 458.6 456.5 455.6 456.1 458.6 460.7 466.1 472.4 483.2 486.5 487.4 484.8 482.1 476.1 466.6 453.5 438.5 429.9 429.8 424.6 419.5 418.8 416.6 404.7 396.3 398.4 395.2 393.1 392.5 390.5 385.7 382.9 379.2 374.6 370.3 365.3 359.5 355.1 356.3 362 366.2 364.3 361.2 360.2 359.5 357 363.7 369.7 377.1 386.2 396.2 407.3 417.5 428.8 438.5 446.9
454.9 455.1 452.5 447.3 440.4 440.1 440.1 440.1 440.1 440.1 440.1 440.8 444 446.5 448.4 450.4 451.4 452.5 454 455.4 456.5 457 456.9 456.5 456.2 457.7 460.6 464 470.6 478.5 484.6 489.6 484.4 482.3 479.8 477.1 464.7 449.1 438.8 434.3 430.7 427.2 424 424.6 417.7 406.4 408.7 407.1 403.9 401.1 399.8 396.3 392.4 388.4 383.1 377.5 373 369.3 365.9 353.6 354.5 354.4 356.5 357.2 356.8 356.8 356 353.9 360.4 366.3 377.3 389.5 401.8 415.2 427.5 439.6 449.4 455.5
460.7 462.1 459 453.1 442.7 440.1 440.1 440.1 440.1 440.1 440.1 441 444 446.4 448.3 450.1 450.9 451.3 451.9 453.5 454.4 455.2 455.4 455 455.1 456.7 460 467.7 475.8 479.8 484.7 488 485.5 486.3 482.3 474.4 461.6 450.5 439.4 435 433.8 430 430.9 428.1 419.2 417.3 416.6 414.8 412.8 411.9 409 404.7 400.8 396.3 389.1 385.6 380.4 373 367.2 362.5 354.4 354.1 353.1 352.3 351.7 351.7 351.7 353.5 356.5 364.2 377.3 391.4 406.9 421.6 435.5 447.4 456.4 463.2
462.6 462.6 456.7 449.6 442.1 440.1 440.1 440.1 440.1 440.1 440.1 441.7 444.8 446.3 448.2 449.3 449.7 450.2 450.6 451.5 452.3 453.1 454.2 453.9 454 455.8 459.7 468.9 475.1 482.6 487.5 486.8 485.3 485.2 477.7 468.9 461.3 449.2 440.4 437.5 434.5 434.3 435.1 428.3 424.8 425.8 426 423.8 420.3 418.6 415.7 411.7 408.4 402.4 398.9 400.4 393.8 383.7 372.8 365.2 360.6 355 353.2 352.3 351.9 351.4 351.6 350.4 352.7 359.6 373.8 388.7 406.5 423 436.8 449.6 460.3 467.7
460.2 457.5 450.4 445.5 442.5 441.2 440.1 440.1 440.5 440.1 439.2 442.7 444.9 446.4 447.7 448.2 448.6 449 449.4 449.9 450.2 451.8 453.5 453.1 453.3 456.7 467.8 475.4 480.7 486.6 486 484.9 481.7 478.9 469.5 465.7 457.9 447.1 441.8 438.4 437.7 442 438 431.6 433.9 434.1 432.4 430.5 427.3 425.7 422.1 418.5 415.7 411.1 413.1 409.4 401.9 392.3 380.7 370.8 365.4 358.9 354.2 353.4 353.9 352.9 350.5 350.1 349.7 352 366.2 383.4 401.5 419.9 436.3 449.3 459.5 467.8
456 452.2 446.9 444.4 444 444.4 443.7 443.6 443.4 441.6 438.9 441.5 443.7 445.2 446.5 447 447.4 447.8 448 448 448.3 450.3 451.4 450.9 453.3 461.8 467.9 470.9 478.7 478.6 477.3 477.8 479 470.6 466.3 460.4 447.3 444.2 442.2 441.1 446.4 448.6 436.8 438 440.7 440.4 437.9 434.4 432.5 431.1 427.5 423.9 419.7 418.6 417.6 412 402.2 394.4 386.3 378.2 370.4 364.6 361.3 355.6 353.7 353.6 353.5 348.4 348.6 348.5 358.8 378 395.4 415.6 436.1 450.3 462.9 475
453 448.5 446 444.8 445 446.5 446.5 446.1 445 443.5 440.7 439.3 441.3 443 444.5 445.5 446 446.5 445.8 446 446.3 447.4 447.9 449.6 453.2 461.6 466.6 472.8 474.7 475.5 476.8 478.9 471.2 463.2 459.8 450.8 446.5 444.9 443.9 449.9 455.3 446.6 444.1 446.3 447.1 445.7 441.2 439.9 437.9 434.4 430.9 427.4 423.5 422.9 419.5 412.9 405.9 399.4 391.7 383.2 372.6 367.5 364.5 357.2 353.8 353.6 353.6 353.6 353.4 349.2 354.9 371.5 388.5 408.7 430 449.6 465.9 474.6
453.3 448.3 446.4 445.7 446.1 446.8 446.6 446 445 443.9 442.4 438.8 438.8 440.8 442.5 443.7 444.2 443.9 443.4 443.7 444.1 444.5 446.5 450 454.8 459.5 465.2 472 474.4 474.4 474.7 472.1 466.6 459.4 454.5 449.5 448.3 448.7 452.7 460 454.5 452.2 454.5 455.5 454.4 452.4 447.4 442.9 439.9 436.6 433.2 429.7 427.3 425.7 421.7 415.9 409.9 402.8 395 383.6 374 371 366.5 362.4 355.8 353.6 353.6 353.6 353.3 349.6 348.4 361.2 376.6 397.5 418.9 437.3 452.9 464.1
