WholeMapElevations/data/sh/sh95_OST50GRID_20230518/SH95.asc
ncols 200
nrows 200
xllcorner 290000
yllcorner 350000
cellsize 50
[rows 70 to 104 of 200, columns 78 to 155 of 200]
383.6 388.1 392.5 397.5 403.4 409.2 417.9 424.6 430.6 435 440.2 443 443.5 444.5 446.7 447.8 449.7 451.9 451.3 450.1 449.6 447.4 445.6 444.7 440.5 436.5 432.7 430.5 426.2 424.5 424.9 423.3 423.6 424.4 423.9 423.9 423 420.3 418.5 417 414 412.5 409.3 407.3 405.8 405.7 405.3 404.9 402.6 400.5 398.7 397.8 397.8 397.4 397.2 400.5 402.9 403 404.9 399.9 392.7 387 379.9 376.8 376.8 376.8 376.8 376.8 381.4 382.6 386.8 387.2 386 383.2 378.7 376.8 376.8 376.8
384.8 390 396.8 401.2 407.3 416.9 424.8 431.7 434.8 442.3 444.9 445.8 447.4 448.7 449.6 450.3 452.1 451.9 450.1 448.3 446.3 444 442.8 440.6 436.6 431.3 428.9 426.4 423.8 421.8 421.6 421.1 421.9 422.7 423.3 422.7 421.5 418.8 417.1 415.5 413.3 412.3 409.2 407.1 407.2 406.7 405.7 405.4 403.5 401.2 398.7 396.7 394.9 394.3 395.1 396.8 396.3 397.2 399.6 399.2 392.9 386.9 378.4 376.8 376.8 376.8 376.8 376.8 381.2 380.5 380.6 383.1 382 376.9 376.8 376.8 376.8 376.8
391.3 396.6 403.8 408.7 415.9 424.1 431.7 436.3 442.1 448.5 449.4 449.3 450.8 451.4 451.2 451.9 453.2 450.8 448.9 446.9 444.9 442 438.3 434.8 430.8 428.6 424.8 422 420.9 420.8 419.8 419.9 420.9 422 422.1 420.4 418.5 416.5 414.3 413.1 411.2 409.7 407.6 407.1 406.5 406.1 406.3 406 404.2 402.3 400 397.7 393.9 391 390.6 392.4 390.5 389.8 394.1 392.1 389.9 385.4 380.8 376.8 376.8 376.8 376.8 376.8 377.3 377.4 377.6 376.8 376.8 376.8 376.8 376.8 376.8 376.8
399.3 403.7 410.4 417.3 425.5 432 435.4 440.2 447.5 452.2 453.3 453.1 452.8 452.3 451.9 452.2 451.2 449.2 447.2 445.4 442 438.9 434.3 429 426 423.2 422.1 419.1 419.8 419.5 419.8 419.6 419.2 419.2 419 417.2 415.7 413.7 411 409.1 408 407.2 406.6 406.1 406.4 406.7 406.3 406.1 403.7 401.7 398.7 395.7 393.1 390.2 385.9 386.7 386.1 385.4 386.3 385.7 384.3 381.8 380 378.1 376.8 376.8 376.8 376.8 376.8 376.8 376.8 376.8 376.8 376.8 376.8 376.8 376.8 376.8
404.4 410.7 416 425.2 433.1 437.9 439.2 443 450 452.6 454.5 454.6 453.2 451.2 450.6 450 449.7 448 444.5 441.1 437.4 434.8 430.5 426.9 422.3 420 418.6 417.1 419.5 419.2 418.8 419.2 418.1 417.5 416.5 414.4 412.5 409.9 409.2 405.9 405.1 406.4 405.5 405.2 405 405.5 405.5 404.6 403.4 401.2 399.1 395.4 392.2 388.7 384.5 380.9 382 381.6 380 378.3 379.5 380.6 380.7 379.8 378.8 376.8 376.8 376.8 376.8 376.8 376.8 376.8 376.8 376.8 376.8 376.8 376.8 376.8
410.4 417.5 421.3 430.6 438.1 441.6 443 445.2 448.2 451.5 451.5 450.7 448.7 449.3 448.5 447.2 446 443.3 440.9 436.6 432.7 430.5 427.6 423.5 418.3 418.1 417.9 416.4 418.5 419.1 418.7 418.3 417.4 416.8 415 411.9 410.8 410.6 410.6 409.2 403.9 402.8 402.9 403.7 403.2 403.9 404.7 403 403.2 401.6 399.3 395.7 391.6 389 380.8 377.5 378.8 377.8 376.8 376.8 376.8 378.6 380.5 380.6 378.9 376.8 376.8 376.8 376.8 376.8 376.8 376.8 376.8 376.8 376.8 376.8 376.8 376.8
418 422.2 426.2 432.3 439.7 443.9 444 445.4 445.8 446.4 448 446.1 445.4 444.1 442.6 440.8 438.8 437.1 435.5 431.7 428.2 427.6 425.9 419.7 416.9 417.2 417 416.4 418.1 418.7 418.7 418.3 417.3 415.4 414.6 413.7 413.5 413.5 411.8 408.6 405.4 401.4 400.3 401 401.5 401.9 402.1 403.1 402.9 401.5 399.2 395.7 391.8 388.1 382.7 379.4 376.8 376.8 376.8 376.8 376.8 377.4 378.9 380.6 379.9 377.5 376.8 376.8 376.8 376.8 376.8 376.8 376.8 376.8 376.8 376.8 376.8 376.8
422.6 425.7 430 435.3 440.5 443.3 444.5 444.7 445 443.7 443.1 440.9 439.4 437 435.5 433.6 431.7 428.5 425.6 423.1 423.7 422.6 419.6 417.2 416.4 416.2 416.4 415 417.1 418.2 418.6 418.1 417.2 417.3 416.2 416.2 417.7 417.7 414.2 408.7 405.9 401.8 398.6 399.2 400.4 401.7 401.6 401.2 400.5 399.8 398.3 395 388.5 384.7 382.7 380.6 376.8 376.8 376.8 376.8 376.8 376.8 377.4 379.5 378.2 376.8 376.8 376.8 376.8 376.8 376.8 376.8 376.8 376.8 376.8 376.8 376.8 376.8
423.1 427.9 432 436.3 439.2 441.8 443.4 443.3 442.2 441.7 439.1 435.9 432.8 432 429.4 427.5 425.4 423.4 421.2 419.6 420.3 417.6 415.6 416 415.8 415 416.1 414.7 417.2 418.1 418.2 418.5 418.2 418.2 417.7 418.3 420.3 419.4 415.8 409.2 406.3 402.3 398.7 398.4 398.1 399.8 398.9 399.4 400.2 399.4 396.6 392.4 387.1 383.7 381.1 379 376.8 376.8 376.8 376.8 376.8 376.8 376.8 376.8 376.8 376.8 376.8 376.8 376.8 376.8 376.8 376.8 376.8 376.8 376.8 376.8 376.8 376.8
424 427.3 433.7 437.3 439.1 440.4 440.6 439.5 438.1 436.5 433.6 429.8 428.2 425.7 423.4 420.9 419.9 418.3 415.1 414.6 414.5 414.3 414.4 414.9 414.5 413.5 414.6 415.9 417.4 418 418.6 419 418.7 419.3 419.5 420.8 421.2 419.9 417.4 412.6 405.9 402 398.2 396.1 395.8 397.3 397.2 397.5 399.2 397.7 393.9 389 385.6 382.6 383.4 378.2 376.8 376.8 376.8 376.8 376.8 376.8 376.8 376.8 376.8 376.8 376.8 376.8 376.8 376.8 376.8 376.8 376.8 376.8 376.8 376.8 376.8 376.8
424 427.9 433.7 437.5 438.4 437.7 436.6 434.4 431.4 429.4 425.8 424.4 422.9 419.6 414.7 413.4 414.7 412.7 410.9 411.1 412.4 413 413.2 412.9 412.1 414.5 416.3 417.1 417.8 418.4 419 419.3 419.6 420.2 420.8 422 421.8 421.1 418.9 413.7 407.4 402.1 397.3 393 391.7 394.3 395.1 394.1 394.4 393.7 390 387.5 384.6 382.2 380.6 376.8 376.8 376.8 376.8 376.8 376.8 376.8 376.8 376.8 376.8 376.8 376.8 376.8 376.8 376.8 376.8 376.8 376.8 376.8 376.8 376.8 376.8 376.8
423.4 427.4 433.3 435 434.2 432.8 430.5 427.3 423.8 423.6 420.2 418.3 416.2 411.8 410 409.5 408.9 409.4 407.8 409 410.3 410.5 409.6 411.6 414.8 415.2 417 417.7 418.3 418.8 419 419.9 420.3 420.8 421.7 423.1 423.4 421.9 419.8 414.7 410 402.8 396.3 391.2 388.7 391 393 393.2 388.7 387.8 386.2 383.1 383.5 382.6 379 376.8 376.8 376.8 376.8 376.8 376.8 376.8 376.8 376.8 376.8 376.8 376.8 376.8 376.8 376.8 376.8 376.8 376.8 376.8 376.8 376.8 376.8 376.8
421.3 423.7 427.7 429.3 427.2 427 424.6 421.3 420.2 418.4 414.5 410.2 407.4 407.1 406.4 406.7 406.3 404.9 405.7 407 406.8 407.1 410.9 414 415.4 415.9 417.5 417.6 418.7 419 419.3 419.9 421.1 421.4 422.5 423.4 423.6 422 419.8 414.6 411.7 407.3 398.3 391.9 388 387.3 386.9 388.9 386.8 381.9 380.5 378.8 376.8 376.8 376.8 376.8 379.3 376.8 376.8 376.8 376.8 376.8 376.8 376.8 376.8 376.8 376.8 376.8 376.8 376.8 376.8 376.8 376.8 376.8 376.8 376.8 376.8 376.8
419.2 421.1 423.1 423.4 422 421.1 417.9 416.4 414.9 412.4 408.9 405.3 403.6 403.3 403.7 404.4 404 402.6 403.1 405.4 407.5 409.6 410.9 414.5 416.7 417.6 417.9 418.3 419 419.5 419.9 420.6 421.6 422.4 422.9 422.7 422.5 420.6 417.4 412.4 412 408.4 403.7 396.6 387.3 384.1 387.8 388.8 383.8 380.9 380 378.1 376.8 376.8 376.8 379.8 379.2 376.8 376.8 376.8 376.8 376.8 376.8 376.8 376.8 376.8 376.8 376.8 376.8 376.8 376.8 376.8 376.8 376.8 376.8 376.8 376.8 376.8
415.3 418 419.4 417.8 417 414.6 413 411.2 409 405 401 398.9 399.5 400.3 400.7 400.8 400.5 404.2 407.5 408.4 409.9 411.1 413.6 415.3 416.3 418.2 418.7 418.6 419.2 419.9 419.7 420.9 421.6 421.6 422.2 421.6 420.7 418 416.2 411.3 409.7 405 403.7 397.3 385.9 382.8 381.3 384.3 382 378.2 377.2 376.9 376.8 376.8 378.6 379 376.8 376.8 376.8 376.8 376.8 376.8 376.8 376.8 376.8 376.8 376.8 376.8 376.8 376.8 376.8 376.8 376.8 376.8 376.8 376.8 376.8 376.8
413.1 412.3 413.3 411.3 412.4 411.3 409 405.1 400.9 397.5 396.4 395.4 396.2 397 397.8 398.3 402.9 406.8 409.7 411 410.9 413.9 415.1 417.6 418.4 418.9 419.5 419 419.6 419.9 420.2 421.3 421.8 421.2 421.2 419.9 418.3 415.8 414.4 409.9 407.3 404.1 401.5 397.4 387.4 381.8 376.8 376.8 376.9 376.8 376.8 376.9 376.8 376.8 376.8 376.8 376.8 376.8 376.8 376.8 376.8 376.8 376.8 376.8 376.8 376.8 376.8 376.8 376.8 376.8 376.8 376.8 376.8 376.8 376.8 376.8 376.8 376.8
409.3 407.5 407.1 409.3 409.3 407.5 405.2 400.1 395.7 392.8 392.3 392.2 394.1 394.6 395.1 400.4 404.8 409 411.1 411.6 412.7 415 416.4 417.8 419.4 418.7 419.3 420.1 420.6 420.8 420.8 420.6 420.9 420.7 420 418.1 415.6 413.7 411.4 409.7 404.3 401.5 398.9 392.4 388.4 384.4 380 376.8 376.8 376.8 376.8 376.8 376.8 376.8 376.8 376.8 376.8 376.8 376.8 376.8 376.8 376.8 376.8 376.8 376.8 376.8 376.8 376.8 376.8 376.8 376.8 376.8 376.8 376.8 376.8 376.8 376.8 376.8
404.2 403.4 403.5 407.6 405.9 402.7 398.7 393.1 390.2 388.1 388.1 388.6 390.2 391.2 398.2 401.8 405.9 409.5 411.3 412.7 413.6 415.3 417.1 418.5 420 420.4 421.3 420.7 421.5 421.4 421 420.5 420.2 419.8 417.6 416.2 413.6 412.2 410.2 406.1 405.1 398.9 395.9 394.1 395.1 390.6 384.5 378.3 376.8 376.8 376.8 376.8 376.8 376.8 376.8 376.8 376.8 376.8 376.8 376.8 376.8 376.8 376.8 376.8 376.8 376.8 376.8 376.8 376.8 376.8 376.8 376.8 376.8 376.8 376.8 376.8 376.8 376.8
395.8 396.5 395.9 398.4 398.4 398.3 390.3 386.5 383.6 383.2 384.7 387.1 388.3 393.2 398.2 402.3 405.9 409 412 413.3 414.8 416.5 418.1 419.5 420.8 422.5 422.2 422.2 422.6 421.8 420.4 420 419.2 418 416.3 413.6 411.8 411 408.4 403.6 400.4 404.2 402.3 401.3 399.5 394.5 390.2 385.7 381.5 376.8 376.8 376.8 376.8 376.8 376.8 376.8 376.8 376.8 376.8 376.8 376.8 376.8 376.8 376.8 376.8 376.8 376.8 376.8 376.8 376.8 376.8 376.8 376.8 376.8 376.8 376.8 376.8 376.8
388.4 389.3 387.1 385.8 389.9 388.4 380.8 380.2 381 386.3 390 390.8 391.3 394.5 399.1 402.7 405.3 408.1 411.6 413 415.1 417.6 418.9 420.3 421.7 422.7 424.2 423.9 423.1 422 421 419.7 418 417.5 415.9 414 411.3 409.2 405.5 406.5 407.1 409 408.9 405.6 403.3 400.4 396.8 392.8 390 384.4 376.8 376.8 376.8 376.8 376.8 376.8 376.8 376.8 376.8 376.8 376.8 376.8 376.8 376.8 376.8 376.8 376.8 376.8 376.8 376.8 376.8 376.8 376.8 376.8 376.8 376.8 376.8 376.8
382.3 378.7 377.5 378.2 380.1 378.2 378.8 379.8 384.1 388.5 391.7 394.1 394.6 395.4 399.2 402 404.6 406.8 409.3 412.9 416.8 419.1 420.1 421.2 422.8 425.3 425.7 424.7 423.7 422.7 421.2 419.9 417.8 416.3 415 412.9 410.4 409 409.1 410.9 411.9 414.2 414.3 412.5 408.8 404.8 402.2 398.9 397.3 393.5 388.7 380.9 376.8 376.8 376.8 376.8 376.8 376.8 376.8 376.8 376.8 376.8 376.8 376.8 376.8 376.8 376.8 376.8 376.8 376.8 376.8 376.8 376.8 376.8 376.8 376.8 376.8 376.8
377 376.7 376.6 376.7 377 377.1 377.9 381.9 384.7 390 392.8 395.7 396.3 396.9 398.7 401.5 403.7 407 410.3 413.5 416.6 420.3 421 422.4 424.3 425.7 426.3 425.3 424.4 423.6 423.1 422.1 420 416.9 415.2 412.8 411.2 411.9 412.1 413.6 416.4 419 418.4 415.9 411.5 408.6 406.7 403.5 402.4 399.1 394.4 386.9 379.4 376.8 376.8 376.8 376.8 376.8 376.8 376.8 376.8 376.8 376.8 376.8 376.8 376.8 376.8 376.8 376.8 376.8 376.8 376.8 376.8 376.8 376.8 376.8 376.8 376.8
375.9 375.6 375.5 375.4 375.3 377.5 381.8 384.4 387.2 391.8 394.3 395.3 396 396.8 399.5 400.7 403.5 406.7 411.2 414 416.5 419.4 421.4 423.1 424.8 426 426.4 426 425.1 424.6 424.2 422.8 420.8 418 415.3 414 414.2 414.5 415.2 416.8 419.7 421.2 420.3 416.5 414.3 413.3 411.3 407.9 405.6 402.3 397.5 390.1 381.9 376.8 376.8 376.8 376.8 376.8 376.8 376.8 376.8 376.8 376.8 376.8 376.8 376.8 376.8 376.8 376.8 376.8 376.8 376.8 376.8 376.8 376.8 376.8 376.8 376.8
375.3 374.9 374.5 375.8 376.9 380.2 383.7 386.9 388.5 390.9 393.9 394.6 395.4 397 399.2 400.9 403.7 408.2 411.4 413.5 417.1 419.7 421.2 422.8 424.9 425.5 425.8 426.1 426.1 426.1 425 423.2 421.3 419.1 417.8 417.6 417.7 417.9 418.4 420.3 421.2 421.2 420.5 420.5 417.5 416.4 413.8 410.7 407.7 404.9 399.4 393.4 385.9 378.1 376.8 376.8 376.8 376.8 376.8 376.8 376.8 376.8 376.8 376.8 376.8 376.8 376.8 376.8 376.8 376.8 376.8 376.8 376.8 376.8 376.8 376.8 376.8 376.8
373.6 373.2 375.9 376.7 378.4 382 385.3 387.9 389.4 390.7 392.7 393.9 395.5 396.6 398.8 400.8 404.2 406.4 410.9 413.8 416.4 419.8 421.1 422 424.4 424.7 425 425.5 426.8 426.5 425.5 423.7 422 420.5 420.4 421 420.6 420.8 420.6 421.8 422.6 422.8 421.5 421.4 420 418.1 415.3 412.5 410.3 406 401.4 394.7 390.4 387.1 380 376.8 376.8 376.8 376.8 376.8 376.8 376.8 376.8 376.8 376.8 376.8 376.8 376.8 376.8 376.8 376.8 376.8 376.8 376.8 376.8 376.8 376.8 376.8
372.8 375.7 376.5 377.3 380.8 383.6 386.5 388.3 390.3 391.6 393.3 394.6 395.1 396.3 398.5 399.4 401.6 407.5 410.9 413.3 415.5 419.2 420 420.9 422.2 423.8 424.8 425.7 426.4 426.7 426.4 425.4 423.9 422.7 422.9 424.6 423.5 423.1 422.7 422.8 423.3 423.8 422.6 422.8 421.4 421 418 415.3 412.5 407.6 403 400.5 396.1 391.7 385.9 381.3 376.8 376.8 376.8 376.8 376.8 376.8 376.8 376.8 376.8 376.8 376.8 376.8 376.8 376.8 376.8 376.8 376.8 376.8 376.8 376.8 376.8 376.8
372.8 375.9 378.3 378.9 382.8 384.7 386.8 388.8 391.2 392.6 393.7 394 395.3 396.2 396.6 399.1 401.9 407.2 410.7 413.7 415.1 416.8 416.9 419.5 420.5 423.1 424.4 425.1 425.7 426.2 426.9 426.9 426.1 426.1 427.8 427.6 426.9 425.6 424.7 424.5 424.4 424 424.4 423.6 422 419.8 418.4 416.2 412.8 408.5 406.2 403.6 399.2 395.4 390.7 386.3 382.6 377.7 376.8 376.8 377.5 376.8 376.8 376.8 376.8 376.8 376.8 376.8 376.8 376.8 376.8 376.8 376.8 376.8 376.8 376.8 376.8 376.8
373.9 375.3 378.4 382 383.7 385.1 386.8 389.4 392 393.2 393.7 394 394.1 396.7 398 399.8 401.2 408.2 410.8 413.3 415 415 415.9 416.8 420 421.8 423.3 424.9 425.3 426.2 427.1 426.7 426.2 429.7 431 431 430.2 428.7 427.2 426 425.6 424.8 425.4 423.8 421.6 420.3 418.1 415.3 413.7 411.8 409 404.8 401.2 397.8 394.3 391.9 388.2 382.5 382.7 380.7 379.8 377.3 376.8 376.8 376.8 376.8 376.8 376.8 376.8 376.8 376.8 376.8 376.8 376.8 376.8 376.8 376.8 376.8
374.8 376.4 379.3 382.6 385.2 386.8 389.2 389.5 392.7 392.9 393.4 393.7 394.9 395.7 396.3 398.3 403 408.8 411.6 412.2 413.5 414.4 415.1 417.6 419.9 421.9 423.5 425 426.2 426.1 426.9 426.6 430.4 433.4 433.9 434.3 433.2 431.4 429.6 427.5 426.6 425.2 424.6 423.3 421.6 419.9 419 417 415.6 413.3 410.9 406.4 404.7 400 397.4 393.8 390.1 387.5 387.2 385.9 381.6 377.1 376.8 376.8 376.8 376.8 376.8 376.8 376.8 376.8 376.8 376.8 376.8 376.8 376.8 376.8 376.8 376.8
376.1 377.3 379.5 382.4 385 387.6 389.4 391.4 391 392.1 392.8 393.4 392.6 394.2 395.1 397 403.1 406.8 409.5 411.8 412.5 412.8 414.9 417 419.6 421.9 423.5 424.9 426.3 426.5 427.2 432 434.9 437.1 437.9 437.8 436.4 434.6 432.3 429.3 429.3 427.7 424.7 423.8 423.1 421.5 420.3 418.3 416 414.1 411.5 409 405.4 403 399.7 395.7 390.3 388.9 387.1 385.5 382.2 376.9 376.8 376.8 376.8 376.8 376.8 376.8 376.8 376.8 376.8 376.8 376.8 376.8 376.8 376.8 376.8 379
377.8 378.6 379.9 382.7 385.2 387.8 389.3 388.9 389.8 390.9 391.6 390.9 392.3 393.3 394.2 397 402.8 406.7 409.4 411.2 411.9 412.3 414.1 416.7 419.1 421.5 423.5 424.8 426.2 429.1 431.5 435 437.9 439.6 440.9 440.4 439.3 437 434.8 432.7 431.5 430.3 428.8 426.7 424.7 422.1 420.1 418.7 416.4 413.6 411.4 409.1 407.2 403.4 400.8 395.4 391 388.8 386.9 384.7 380.3 376.8 376.8 376.8 376.8 376.8 376.8 376.8 376.8 376.8 376.8 376.8 376.8 376.8 376.8 376.8 376.8 378.8
377.7 379.1 380.6 383.3 386.1 387 388 388.4 388.9 388.6 388.9 391 391.3 391.1 392.2 392.7 396.8 405.5 408.8 410.5 411 412.7 415.1 418.2 419.1 422.2 423.9 426.1 428.4 431.2 433.6 437.2 440 441.3 442.2 441.8 441.1 439.6 438 436.4 434.7 432.8 431.1 429.3 426.8 423.5 420.5 417.5 414.1 412.5 410.1 409 405.1 403 400.1 395.5 392 388.4 385.8 383.4 378.9 376.8 376.8 376.8 376.8 376.8 376.8 376.8 376.8 376.8 376.8 376.8 376.8 376.8 376.8 376.8 376.8 376.8
378.2 379.9 381.3 383.4 385.1 386.1 387.5 387 387.6 388.1 388.9 390 388.5 388.6 389.6 389.8 392.8 398.9 404.2 406.4 408.2 413.7 417.1 419.9 420.6 423.3 424.1 426.9 430.1 434 436.4 438.8 440.8 442 442.2 441.6 440.7 441.3 440.3 438.7 436.9 434.9 433.1 431.3 428.3 424.9 421.4 417.9 414.6 412.8 410.3 408 403.6 401.5 396.9 394.1 390.3 387.4 383.9 381.3 376.8 376.8 376.8 376.8 376.8 376.8 376.8 376.8 376.8 376.8 376.8 376.8 376.8 376.8 376.8 376.8 376.8 376.8
378.6 380.3 382.1 383.9 385.3 386.6 387.3 387.1 386.7 387.9 388.8 387.5 387.3 386.7 386.2 387.1 389.1 394.3 397.8 403.6 410.3 416.1 420.7 422.2 423.4 425.1 427.3 428.4 432.9 435.6 438.5 439.9 441.6 442 441.7 442.2 442 442.4 442 440.9 439.1 437 435.1 433.1 429.8 426.5 423 419.3 415.5 412 409.4 406.9 402.7 400.6 395.6 392 389.1 385 381.8 377.3 376.8 376.8 376.8 376.8 376.8 376.8 376.8 376.8 376.8 376.8 376.8 376.8 376.8 376.8 376.8 376.8 376.8 376.8
380.3 382.3 384 384.8 386.1 387.7 387.7 386.9 386.1 389.5 388.1 385.6 381 380.2 380.9 386 388.7 393.1 401 406.7 412.1 417.4 422.9 423.9 425.2 426.4 428.1 429.6 433.9 437.5 440.1 440.6 442 441.1 442.8 443.9 443.4 443.4 443.3 442.6 441.2 439.1 437.4 434.3 431.3 428 424.5 420.8 417 413.3 410.1 409.1 404.4 400.3 396 392.1 387.1 383.4 377.8 376.8 376.8 376.8 376.8 376.8 376.8 376.8 376.8 376.8 376.8 376.8 376.8 376.8 376.8 376.8 376.8 376.8 376.8 376.8
