WholeMapElevations/data/sd/sd82_OST50GRID_20230518/SD82.asc
ncols 200
nrows 200
xllcorner 380000
yllcorner 420000
cellsize 50
[rows 140 to 174 of 200, columns 0 to 77 of 200]
268.2 265.8 260.5 253.5 245.6 240 233.9 227.8 222.3 219.5 216.9 214.1 211.1 208.7 207.6 205.4 203 199.9 195 188.9 178.6 177.5 170.8 171.4 172.9 178.1 177.1 181.5 183 185.9 188.3 189.5 192.5 193.7 192.1 195.9 197.9 201.2 203.1 204 204.1 205.2 206.6 208.6 208.5 209.3 210.3 212.9 216.4 217.7 220.1 226.6 234.2 238.3 242.1 245.9 247.5 252.7 256.2 264.1 282.5 295.6 302.7 310.8 311.1 309 303.4 281.1 251.8 233.5 207.1 210.8 217.3 224.1 231.3 235.3 238.8 243.4
262.1 257.6 252.2 245.4 239.8 234.2 227.3 221.3 217.1 214.6 212 211 208.7 205.3 204.3 203.5 201.8 199.8 194 186.1 181.3 176.1 170.6 164.5 170.7 172.4 176.8 179.7 182.4 185.3 186.2 186.9 185.1 185 186.1 189.3 190.3 196.1 200.4 204.5 207.2 209.7 211.8 211 212.7 211.8 210.8 213.1 214.3 216.2 217.3 222.3 226.5 229.4 238.1 239.2 241.8 248.3 252.3 256.5 270.6 288.5 300.9 307.8 308.6 307.4 302.4 277.8 249.2 222.4 204.7 210.2 213.2 220.7 227.9 234.7 238.4 242.6
249.2 244.1 239.5 237.3 232.3 225.2 219.7 215.5 212.6 209.8 208.2 206.5 205.5 202.8 200.4 198.1 197.4 195.2 192.4 181.3 180.4 181.7 173.1 168.3 169.7 169.8 169.2 169.6 172.7 172.8 175.9 175.8 176.7 179.9 178.6 179.6 179.6 184.6 187.8 193.8 202.3 204.1 206.6 210.7 212.2 212.4 212.4 211.1 211.3 214.7 215.8 218.1 220.7 224.1 229.4 235.5 237.1 241.2 248.5 252.3 257.4 276.5 292 302.5 309.3 307.9 302.3 276 249.3 234.2 206.6 207.2 211.8 217.8 226.9 233.8 236.9 241.7
237.8 236.5 234.6 226.2 222.6 217.7 214.2 211.2 207.8 205.6 203.9 202.4 200.7 199.3 196.6 194 191.7 190 187.3 178.5 175.4 174.5 170.5 167.7 168.4 169 168.2 168.1 168.1 167.9 168.3 169.1 169.4 170.1 170.4 171.1 172.5 176.1 178.1 182.7 192.2 194.6 197.2 201.3 209.9 212 210.6 209.9 211.6 215.6 216.4 217.4 218.8 221.8 224.1 229.1 234 237.5 242.7 249.3 253.5 262.3 281.1 296 304.8 308.1 302.4 277.9 249.7 233.3 207.2 206.5 208.2 214.6 226.6 232.8 235.8 240
228 221.7 220.8 218.5 214.4 211.8 208.8 206.3 204.2 201.3 199.5 198.2 195.8 193.5 192 189.1 187.1 185.8 181.9 176.7 170.6 168.2 166.6 167.2 168.6 166.8 167.4 167.5 167.5 167.7 168.9 169 169.8 170.4 171.1 170.9 172.4 172.8 173.7 175.9 182.6 190.8 194 196.7 203.7 208.2 209.8 207.8 209.5 214 217.9 218.6 218.3 221.9 223.6 225 228.3 233.4 240.9 250.2 253.5 258.2 268.4 282.1 296.7 305.4 300.1 278.2 253.9 233.8 207.8 205.6 206.2 208.6 219.5 228.6 234.1 239.7
215.2 215.6 212.7 210.9 208.9 207.1 205.4 202.2 200.2 196.7 193.5 191 190.4 188.9 187.6 185.8 181.5 179.8 176 172.5 168.4 166.6 166.3 166.3 166.6 167.3 167.4 168 168.9 169.2 169.2 168.7 169.6 170.4 170.5 170.9 171.5 172.1 172.9 174.1 176.2 177.1 182.6 190.5 199.3 200.7 201.8 205 205.2 210.1 213.3 219 221.2 224.2 225.8 223.1 224 228.6 234 244.7 251 255.9 260.8 268.9 279.8 292.4 293.2 279.4 260.2 237.9 210.4 206.7 205 204.5 209.9 224 232.4 237.5
207.3 208.3 207.4 206 204.1 202.2 199.6 196.8 193.9 191.7 188.5 186.6 185.9 185.4 183 182 177.3 173.8 170.5 168.2 166.2 166 166.4 165.8 166.2 165.4 167.8 165.2 163.1 168.2 164.3 169.8 168 165.5 170.5 170.8 170.8 170.7 172.6 173.6 174.1 174.9 175.8 177.1 186.4 193.3 198 201.2 203.3 206.6 209.8 216.3 221.1 223.1 223.6 222.4 223.3 224.9 231.9 239.9 246.1 252.2 257.2 261.1 268 275.7 279 277.2 259.5 238.1 217.6 213.3 208.8 204.4 201.4 217.9 229.3 234.3
201 201.6 202.1 201.6 198.6 195.7 192.6 188.2 186.2 184.9 183 182.1 181.9 181.2 177.6 175.1 171.9 169.5 167.8 166.1 165.1 165.8 162 160.9 165.8 166.6 168.1 170.2 175.6 176.1 175.6 174 172.2 171.5 172.5 172.9 173.9 175.7 170.1 174.5 174.7 174.6 175.5 175.7 178.5 182 188.8 196.3 204.4 206.1 208.6 212.5 219 222.7 221.9 220.3 223 226.1 231 238 243.6 249.1 254.6 258.2 260.9 264.6 267.1 266.2 257.7 237 222.4 217.2 216.5 205.6 204 211.3 226.2 232.2
195.2 195.3 194.9 193.3 190.5 187 183.7 182.2 180.9 180.1 179.5 178.5 176.9 174.6 171.8 166.9 164.3 164.8 166 165.5 160.9 165.7 165.9 166.6 167.6 169.7 177.8 185.1 188.9 188.6 187.4 185.9 187 185.5 184 182.1 176.6 180.5 176.5 173.7 172.9 174.8 175.5 176.4 177.1 179.3 180.8 188.9 202.2 204.7 209.5 211.6 212.9 212.2 218.7 217.1 222 227.6 231.1 234 239.9 245.6 251.7 254.8 257.4 259 259.4 259.5 257 239.8 231.7 222.7 216.4 212.3 203.9 209.2 223.5 230.5
189 188.4 187.4 186.2 184.2 181.2 177 174.9 173 170.2 164.3 162.9 163.2 163.2 163.5 163.6 163.6 163.2 162.9 164.7 164.6 165 166.7 168.6 180.3 187.7 191.7 194 195.4 197.7 198.1 200.9 203.3 204.5 205.8 203.1 197 190 186.3 184.1 177.1 176.6 176.6 176 172.7 177.3 179 181.5 189.9 200.8 206.2 209.9 206.1 203.8 211.1 215.8 218 223.4 228.4 231.2 234.8 241.6 249 250.9 252.8 254.8 256.9 255.4 255.3 239 231.4 226.2 218.3 210.4 204.3 206.3 221.5 229.4
177.7 177.4 177.6 178.6 176.4 172 167.9 165.6 164.6 163.5 161.6 161.4 161.5 161.5 161.5 162.6 162.7 164.5 164.8 164.5 164.4 164.4 175.3 185.8 190.5 194.1 195.1 199.4 201.6 204.4 206.4 209.7 211.7 214.9 216.2 208.8 206.1 200.9 197.2 194 188.9 182.2 176.2 176.4 176.9 176.3 178.4 178.8 186.6 194.4 200.9 203 201.5 206.8 208.6 214.9 214.9 217.9 223 227.9 230.9 237.2 243.4 247.1 249 250.8 252.3 253.2 250.7 239.7 232.3 228 223.9 212 205.4 202.8 218.8 228.1
183.2 182.8 180.7 174 170.8 163.9 164.8 164.2 160.9 161.2 160.8 161.6 161.4 161.2 162.7 163.4 163.5 164 163.7 166.5 171.5 177.4 184.3 190.6 194.1 196.8 199.1 203.9 206.9 210.1 214.8 218.9 225.1 226.6 219.3 222.6 215.8 209.8 204.9 205.2 197.9 192.4 187.2 176.3 176.2 176.4 172.8 178.8 180 188.8 192.9 196 203.4 210.5 213.9 214.4 215.1 216.9 219.8 224.4 227.1 232.7 238 242 245.4 247.9 248.9 249.8 247.8 241.1 236.5 228.3 225 218 206.6 202.9 216.6 225.1
183.4 182.8 174.6 169 165.5 164.8 163.2 160.7 160.3 160.7 161.2 161.7 161.1 162.5 161.9 161.9 163.1 163.6 166.3 174.1 180.7 184.1 188.5 192.5 196.7 200.7 204.8 209 214.5 218.6 220.7 228.9 234.9 241.7 245.8 231.4 220.6 214.5 210.7 209.6 208.5 208.8 203 195.4 195.4 190.8 181.5 174.3 179.9 182 182.7 187.8 197.7 206.4 211 214.6 215.1 216.1 218.4 219.8 222.6 227.1 232 235.4 238.6 241.6 244.8 246.5 244.9 239.2 235.1 228.3 220.5 215.3 205 201.5 218 227.1
182.3 179 170 165.5 161.3 164.3 163.6 160.6 159.4 160.5 160.9 161.1 161.1 161.8 161.6 162.2 162.5 159.8 169.6 177.8 183.2 188.5 191.5 195.5 199.5 205.1 209.5 215.2 219.9 226.3 230.5 236.9 244.1 252.8 258.4 257.1 250.4 243.8 230.1 223.6 216.7 211.1 208.3 208 205 201.6 193.6 184.9 173.7 180.5 180.6 181.6 186.1 194.9 200.5 208 214.3 216.2 218 219.3 220.3 223.4 227.1 231.4 233.7 236.3 237.1 238.9 240.5 235.4 231.9 225.2 217.4 210.4 204.2 207.1 218.6 228.7
181 172.1 166.4 162.2 161.8 162.3 160.6 159.1 158.9 157 156.2 156.3 158.9 160.5 161.6 162.2 158.1 172.8 174.8 180 185.8 190.6 194.5 199.5 203.2 207.5 213.6 219.7 225.5 231.6 238.4 245.6 252 258.6 262.8 262.9 259.2 258.4 255.6 249.3 242.5 237.3 225.6 215.5 208.6 210.2 207.2 203.6 191.4 180.8 181.4 181 181 181.1 183.1 193.3 211.5 216.6 217.9 219.9 221.2 222.4 225.2 228.8 232 233.1 233.6 232.7 232.8 229.2 222.1 216 210.1 203.7 199.3 207.4 216.6 225.4
175.8 168.9 166.3 160.5 157 154.3 154.3 158.7 159.4 160.4 173.2 173.8 173.3 169.1 158.1 160.6 174.3 177.9 179.6 184 190.1 193.9 198.5 201.6 206 211.1 217.6 222.6 227.7 238.8 246 253.2 260.4 265.1 270.9 271.7 270.5 272.3 272.4 261.9 253.8 245.4 236.1 227.6 220.8 221.2 219.9 216.6 202 182.9 178.7 178.9 178.9 181.7 182.4 184.6 206.6 214.2 218.9 220.6 225.6 227.2 225.9 229.6 231.7 232.4 230.2 227.1 223.4 218.6 208.2 204.1 203.4 198.4 201.4 206.6 213.9 221
170.5 169.2 163.6 157.3 160.3 161.7 160.7 163.4 160.4 173.2 175.3 179.4 179 180.2 180.7 180.2 182 181 186.6 188.6 193.5 197.1 200.6 205.1 209.9 215.6 221.9 227.4 236 245.1 253.5 261.9 268.6 273.4 279.4 283.4 287.5 289.2 282 268.1 257 249.7 242.4 239.8 232.5 229.4 223.7 213 201.5 192.7 175.5 176.5 181.4 182.6 182.7 181.9 202.6 213 218.8 220.6 226.2 228.1 228.4 230.1 230.8 231.4 228.2 224.5 219.9 209.3 200.3 200.4 200.5 192.9 203.6 207.7 211.8 221.9
170.5 168.4 161 153.4 161 161.4 162.9 161.9 176.9 180.1 181 180.6 181.3 184 185.4 185.4 187.6 187.3 191.3 192.7 197.3 200.6 204.9 209.1 214.8 221.4 228 234.6 243.8 252.5 261.3 270.1 277.3 279.9 287.5 293.7 298.6 304.1 289.9 275.8 261.5 255.8 244.4 232.9 220.9 219.2 212 209 202.5 198.7 189.9 184.4 183.2 182.8 183 181.8 200.6 211.7 219.8 220.6 224.5 227 228.6 230.1 229.5 229.2 225.4 222.2 211.3 197.6 195.6 196.5 200.3 203.5 206.5 210 212.6 223.6
167.9 164.4 158.4 155.6 160.5 161 161.5 168.1 173.2 180.3 180.6 182.5 185.8 191.5 192.3 191 192.6 193.6 195.8 200.2 202.5 205.6 209.9 214.3 220.5 227.1 234.3 242.4 250.9 258.2 269 277.2 282.4 289.4 299.9 315.9 318.2 309.3 295 283.2 267.1 261.6 253.5 241.7 231.6 225.6 216.6 214.7 210.4 206.9 201.4 191.9 184.6 183.8 183.6 183.6 198 208.6 217.3 220.9 223.5 225.2 226.1 224.2 221.9 226 218.6 209.7 199 192.1 195.3 196.1 201.8 208.7 215.7 220.6 224.5 228.5
161.7 158.3 156 158.6 157.7 157.8 160.2 164.4 172.7 178.9 181.3 186.7 192.2 199.2 198.9 196.7 197.2 197.6 199.9 204.8 207.8 210.7 214.7 219.7 225.7 232 239.3 248.9 256.4 266.6 275.7 282.8 288 296 319 328.5 323.3 314.3 303.4 291.1 278 265.3 261.1 252.6 246.2 237.2 226.1 219.1 221.5 216.6 210 197.7 190.3 184.7 182.4 185.2 192.5 202.7 210.9 217.5 221.7 221.7 218 215.9 213.5 211.2 208.3 202.2 194 195.3 195.7 199.4 206.9 213.4 216.6 220.3 225.8 230.9
161.6 158.3 152.5 157.2 157.4 158.3 159.1 164.7 171.3 178.7 183.5 188.8 194.4 200.8 200.9 200.7 201.6 202.1 203.2 208.3 213.7 218 220.5 225.7 231.5 237.6 245.2 253.6 261.3 273.4 281.2 287 295 307.4 330.3 327.8 326.7 319.1 309.2 294.2 284.2 273.9 267.1 260 254.9 249.6 240.1 228.4 225 227.3 218.9 206.5 198.9 190.9 180.4 186 186.7 189.5 203.6 210.9 213.7 210.4 204.1 200.8 197.6 196.7 194.5 193.3 192.9 193 195.1 204.1 207.8 214.3 219.7 223.3 228.9 233.3
161.5 155 157.2 157.1 157.6 158 159 167.1 175.7 181.1 185.4 189.5 194.3 200.3 202.5 203.9 205 206.7 208.4 213.4 217.1 221.5 225.8 230.6 236.4 242.4 250.5 258.5 268.1 277.4 284.6 290.6 298.9 316.7 333.4 332.5 330.1 325.7 316.4 305.4 292.8 286.7 278.3 273.3 269.4 262.1 258.3 244.8 230.9 226 224.8 215.9 209.3 200 192.4 180.2 185.6 186.6 191.7 199.9 198.8 196.5 189.3 186.3 185.9 191.1 192.2 192.1 192.6 189.3 203.7 205.4 208.5 214.8 221.1 225.6 232.1 236.1
157.9 152.5 156.7 156.5 158.2 159.8 163.2 171.9 178.5 183.1 186.6 190.4 194.4 198.5 203.4 206.4 208.1 210 211.8 216.6 220.4 226.1 230.3 234.2 239.5 246.2 254.8 262.3 272.9 281 287.3 295.3 302.9 323.6 339.4 334.6 332.2 329.3 322.8 314.6 306.9 295 286.6 283.2 281.3 273.4 262.1 261.8 247.9 231.3 224.9 217.4 209.1 204.8 194.6 190.6 186.1 187.7 187.8 188.1 188.3 185.9 189.2 190.1 190.9 191.4 190 190.6 193.1 194.2 197.6 204.5 205.7 213.7 223.3 229.3 233.8 238.3
155.9 156.6 156.2 157.2 158.8 162.6 165.7 168.4 173 177.4 183.3 190.9 194.6 199.1 205.1 209.2 211.8 212.9 215 219.4 224.1 228.9 233.6 237.2 243 249.5 257.8 266.3 277 283.6 291.8 298.3 313 340.4 342.4 338.5 334.5 331.7 328.2 322.3 317.6 312.8 308.4 296.4 295 286.2 275.8 263.4 261.7 244.5 229.9 222.9 210.2 205.1 203.1 197.1 190.3 182.1 188.4 188.3 187.2 192.3 189.6 189.8 191.3 192.3 192.2 192.6 193.7 195.4 196.5 199.4 204.1 214.9 225.2 229.3 233.4 239.5
155.2 155.1 155.6 157 161.5 165.9 173.3 172.7 169.9 174.5 178.3 184.6 194.1 200.9 205.5 209.8 213.6 216 218.3 222.7 226.4 230.5 235.1 238.7 246.2 252.5 261.5 270 279.3 286.7 297.5 306.2 331.6 346.7 343.7 341 338.9 334.5 331.9 326.9 324.8 320.8 313 312.4 312.1 292.8 288.7 274.1 265.3 259 242.3 234 223.9 214.4 209.5 203.4 196.4 192.9 185.5 186.7 192.9 192.6 190.8 190.4 192.4 192.1 194.4 191.7 194.1 195 195.7 198.8 201 219.8 221 228.6 235.6 239.5
154.9 155.4 155 158.3 164.9 172.2 177.1 182.3 174.9 176.1 178.5 179.7 182.9 195.1 205.4 210.4 214.6 217.6 221 225.2 227.7 231.9 235.8 241.6 248.6 256.2 264.3 274.4 282.6 291.6 300.7 319 344.3 348.8 345.5 342.8 340.6 336.6 334.3 331.6 332.4 329.5 314.3 316.3 316.9 316.4 295.4 281 270.8 265.9 254.6 240.1 228.9 220.9 214.6 207.3 199.8 203.1 191.2 187.3 188.8 188.9 192.7 194.3 200 202.5 204 202 193.2 194.5 198.6 198.7 197.5 198 200.5 199.4 228.1 235.3
152.9 155.2 154.9 163.5 167.6 175.8 181.1 184.6 185.6 182.3 184.4 189.4 192.8 187.5 194 208.3 215.6 219.3 223.5 226.8 230.5 235 238.7 244.8 252.5 259.3 269.6 277 284.8 295.1 305.4 331.2 347.2 351.3 349.3 340.1 340 342 338.3 335.5 335.4 333.9 331.5 315 317.3 316.8 312.9 291 279.4 273 258 243.3 235.3 229.9 223.1 217.7 211.6 211.8 206.3 194.6 194.2 213.1 206.4 202.6 202.8 212.9 223.8 219.5 196.9 196.4 197.6 199.2 199.2 211.8 217 209.5 202.6 225.5
154.4 155 155.5 165.1 171.1 178.2 181.6 186.9 191.1 188.2 188.7 191.7 197.6 197.5 194.7 198.3 212.9 217.9 224.7 230.2 233.6 237.1 241.7 248.4 254.4 262.3 271.7 279.5 287.8 297.9 309.6 337.5 349.2 352.1 350.7 343.2 343.3 340.9 340.5 339.3 337.8 336.5 336.5 334.5 313.5 311.3 315.6 308.6 288.5 275.2 265.9 251.7 245.4 241.7 237.6 227.7 225.6 224 224.2 216.7 221.9 226.4 223.2 224.8 232.4 238 233.4 224.1 194.7 200.6 201.5 200.4 202.4 211.1 229.7 230 213.6 203.5
155.8 153.7 156 164 172.3 180.3 183.5 189 194 198.6 200.8 203.4 201.6 206.6 203.9 204.4 207.1 216.8 222.8 227.1 232.7 238.3 242.8 249.5 255.8 263.1 273.1 281.9 289.7 301 313 344.9 352.7 353.8 353.3 349.9 346 344.4 343.2 342.6 341.8 340.8 339.4 338.1 335.3 330.3 321.6 314.9 298.2 286.2 273 262.2 257.2 252.5 247.1 241.9 237.7 234.5 234.9 234.9 237.7 234.9 237.8 241.9 243.8 238.7 232.6 220.9 204.6 205.1 204.1 205.2 208.8 213.7 229 236.4 239.2 239.7
156.5 152.1 157.2 164.2 174.8 182.1 187.3 191.9 197.8 209.1 216.8 218.5 216.5 214.2 209.8 214.8 207.9 215.7 217.5 225.4 232.1 239.6 245.9 251.3 258.2 266.1 274.3 283.2 291.5 301.4 319.5 347.5 354.5 356.2 356.3 352.7 350.7 349 346.8 345.1 344.4 343.8 342.3 341.1 338.3 335.2 327.5 320.1 307.9 295.3 288 275.9 268.2 262.8 261.9 258.3 254.2 253.3 251.9 246.7 248.1 247.2 245.2 248.4 245.9 235.4 228.5 214.6 209 210.1 208.5 210.1 211.3 217.9 228.4 237 240.1 241.6
154.8 151.4 157.2 163 176.4 185.2 190.8 198 209.4 221.8 228.3 228.8 226.2 216 212.8 217.9 211.4 222 223.4 225.2 232.9 239.8 247.8 252.9 259.9 267.6 275.8 284.8 293.1 305.5 326.2 344.9 356.2 358.5 358.1 357.1 355.3 353.2 350.5 348.5 347.1 347.1 345.2 342.9 340.6 338 332.6 326 318.3 305 297.6 293.1 287.3 284.5 280.8 279.3 279.2 277.6 275.9 272.4 267.6 260.9 252.7 248.9 243 233.9 225.7 216.8 211.8 215.1 217.6 216.4 219.4 226.5 232.7 239.1 242.6 243.6
148.8 154.6 156.7 161.3 179 189.7 199.4 210.4 226 238 240.2 238.5 236.8 224.6 218.1 219.9 218.6 218.2 224.9 225.4 231.5 240.1 249.8 255.9 263 270 277.3 287.4 296 308.1 330.8 350.1 357.6 360.7 359.9 361 359.3 356.5 354.1 352 351 350.1 347.8 346.2 343.6 340.5 336.8 334.7 328.4 321.3 312 304.4 302.5 303.3 300.3 298.4 297.8 297.7 298.4 293.6 286 278.9 267.5 258.3 245.4 235.2 225.8 219.7 214.2 211.4 219.8 223.9 227.6 235.5 239.4 243.8 245.7 246.5
153.2 152.8 153.9 162.8 183.2 194.3 208.2 226.4 237.1 246.9 250.7 245.2 239.6 234.3 222.8 222.7 224.4 224.6 224.7 227.1 233.5 239.1 249.4 258.1 263.5 273.3 280.7 288.4 297.9 312.9 331.3 348.5 358.3 362.3 362.4 363.1 362.4 360.4 357.9 354.8 353.6 352.8 350.7 349.2 346.6 344.1 342 339.9 337.4 329.6 324.8 322 317.2 314.8 314 313.8 313.2 313.1 310.8 304.5 296.7 286.6 276.2 259.4 246.6 235.4 229.2 223.2 218.3 214.5 219.3 225.8 231.3 236 242.7 249 254.1 253.8
153.8 152.8 154.5 167.9 187.6 198.9 216.4 231.8 246.2 256.4 262.9 255.8 249.2 244.8 231.6 228.2 231.2 235.8 226.7 228.1 236.1 238 246.6 255.1 263.2 274.8 283.1 291.6 298.7 313.6 330.2 353.6 358.2 358.1 364 363.7 364.7 366.9 361.1 357.9 356.8 355.9 354.2 352.6 351 349.2 347.3 345 341.8 339.8 335.5 333.8 331 327.2 323.5 322.8 322.1 320.7 318.3 312.1 302.7 291.7 277.9 258.3 245.5 237.3 233.3 224.7 225.6 221.8 219.5 227.9 232.2 238.3 244.2 250.1 255 258.7
151.9 152.3 157.1 177.5 191.6 203.9 224.6 244 256.3 266 273.4 268.9 262.4 255.6 244 233.7 239.3 245.3 235.3 233.6 235.1 241.1 247.8 255.4 263.5 276.4 283.1 294.2 300.1 315.7 330.7 363 356.6 348.9 363.9 365.7 366.1 366.5 367.5 361.6 360.4 359.5 357.8 355.7 354.4 355.5 352.9 350.5 347.5 346.2 344 341.3 340.5 338.6 334.1 330.5 328.7 324.8 321.5 316.1 305.8 294.7 273.3 261.4 245.7 238 231.9 229.7 229.3 222.7 224.1 230.8 236.1 241 245.8 250.3 255 258.5
