WholeMapElevations/data/sn/sn94_OST50GRID_20230518/SN94.asc
ncols 200
nrows 200
xllcorner 290000
yllcorner 240000
cellsize 50
[rows 35 to 69 of 200, columns 78 to 155 of 200]
197.4 194.1 192.8 191.3 187.5 182.7 180.3 175.1 167.8 165.5 161.2 167.9 181.7 196.8 203.6 202.2 199.2 201.1 202.1 204 205.9 208.1 210.8 212.3 212.5 212.1 212.5 212.8 212.4 210.6 208.7 207.9 209.6 213.2 217.3 220.5 223.5 225.1 226.1 229.5 235.4 240.3 242.8 246.6 252.2 259.1 266.7 272.9 278.3 281.9 285.2 283.1 269.3 248.7 229.1 213.3 205.3 198.9 196.2 204.6 212.4 215.2 211.8 203.9 217.7 236.3 255.9 272.5 280.7 286.2 289.8 286.2 281.8 282 286.4 296 310.1 323.3
196.7 194.2 194.4 193.2 178.5 185.2 182.1 176.8 171 166.4 165.1 161.2 168 182.9 198.4 202.8 204.7 206.7 208.3 209.7 211.8 214.3 216.7 218 218 217 216.4 216.2 214.1 212.8 211.1 209.4 210.4 213.5 218.3 222.5 225.4 227.8 230.1 234.9 240.7 244.7 250.5 256.9 265 271.4 278.1 284.3 289.6 292.7 293.6 285.7 266.8 245.4 225.6 211.9 202.7 195.8 203 211.4 219.8 223.7 222 215.5 214.4 230.9 253.2 270.2 279.9 286.8 293.1 294.5 296 304.6 319.1 330.1 339.7 343.6
197.8 195.9 194.9 183.8 190.4 188 183.5 178.5 179.4 170.1 166.9 165 161.2 167.7 181.7 198.7 207.8 212.3 214.7 215.8 217.8 220.2 221.9 222.7 221.3 222.5 221 219.3 216.4 215.1 213.9 212.2 211.1 214.4 219.2 223.8 227.2 231.1 235.2 240.2 245.8 253.3 260.7 269.3 277 284 290.1 295.8 300.6 301.9 298.2 281.7 260.1 238.1 220.2 209.1 198.6 201.1 208.3 217.6 227.4 233.7 232.7 226.9 218.9 226.1 246.3 266.7 281 293.4 302.7 312 324.6 337.4 341.2 346.3 351.7 355.8
200.3 196.7 192.5 185.3 192 188.6 183.4 183.5 182.6 179 171.3 167.1 165.5 161.2 167.7 182.5 205.2 219 220.4 221.8 223.9 225.5 226.1 225.2 225.2 225.9 224.3 221.2 218.9 217.4 216.3 214.6 213.3 217 221.8 226.2 231.1 235.8 240.9 246.5 253.5 263.8 272.8 281.4 289 296 302.5 307.7 310.7 309.6 297.4 275 252.1 230.6 215.1 205.5 200.9 205.8 214.2 224.6 234.8 241.3 243.5 237.6 228 225.2 244.8 266.5 289.2 308.1 325.2 340.4 353.4 354.4 354.6 358.2 365.2 373.2
198.7 194.4 179.4 190.6 190.7 187.8 186.3 187.3 184.7 181 177 170.1 167.5 165.9 163.5 167.7 191.9 215.2 225.7 226.2 227.6 228.9 229 228.3 228 228.4 226.4 223.1 221 219.6 217.2 214.9 215.6 220.1 225.1 230.1 235.8 241.5 248.3 253.8 265.3 275.9 285 293.5 301 308.2 314.1 318.6 320.4 314.4 293.9 268.9 244.4 225.6 212.8 204.5 205.6 210.7 220.2 231.8 243 252 255.4 248.8 235.8 228.4 239.9 266.7 296.8 321.1 345.4 360.6 364.4 365.2 367.6 375.4 381.7 386.8
195.6 189.2 187.8 189.9 188.8 188.4 190.9 190.6 186.6 180.9 175.7 171.7 169.1 166.2 163.5 167.7 179.9 206.2 223.2 226.9 229.9 231.5 231.7 231.3 230.9 230.5 228.5 225.8 222.8 219.4 216.5 216.4 219.4 224.4 229.7 235.1 241.4 249.4 256.6 266.9 278.1 288.2 297.3 305.8 313.5 320.2 325.6 329.2 328.1 312 288.2 263.4 240.6 221.7 211.1 205 209.6 217.1 228 239.9 252.6 262.8 267.1 257.8 243.9 232.3 236.6 261.2 293.4 321.2 346.2 361.7 370.3 374.4 379.3 387.7 394.1 399.3
191.4 182.6 189.9 191.6 190.6 193.3 195.2 192.5 187.4 182.4 177.5 175.3 172.2 166.7 163.5 167.7 173 202 220.5 224.6 227.7 229.6 229.7 230.6 231.4 230.7 229.7 227.5 223.9 219 216.2 218.6 223.2 228.5 233.8 240.8 248.9 257.7 267.9 278.8 290 300.2 310.2 318.5 325.5 331.8 336.6 338.3 328.5 305.7 280.8 256 234.1 219.9 211.1 207.9 215.1 224.8 235.8 249.6 263.3 275 275.8 261.8 251.7 240.8 239 257.2 292.5 326.2 350.7 362.5 372 382.8 391 398.6 402.9 406.7
189.3 184.7 192.2 192.5 193.6 198.3 197 193.5 189.4 184.2 178.4 175.7 172.5 166.2 163.5 167.7 168.6 197.3 215.3 218.8 221.5 223.6 226.2 228.9 230 230.1 229.4 226.7 222.8 218.7 217.8 222.7 227 232.1 238.8 247.4 256.4 267.3 278.9 290.7 302.6 313.4 322.8 330.6 337.6 343 346.8 344.8 324.5 299.6 273.6 248.4 229.1 219.7 212.2 212.5 221.6 232.8 245.9 261.5 277.2 288 278.1 268.3 264.9 257.3 258.4 265.9 296.1 333 357.2 373.6 385.3 395.2 401.9 406.4 410.2 413.6
186.7 185.7 189.4 191.6 197.7 200.9 196.4 192.4 188.8 184 176.9 171.6 166.6 166.2 163.5 168.6 173 193.9 208.3 212.1 215.1 218.8 224.5 228.5 229.2 229.3 228.2 224.7 221 218.5 221.9 225.7 230.5 236.6 245 254.4 265.9 277.8 291 303.5 315.2 326 334.9 342.9 349.7 353.9 355.8 344.1 317.6 289.3 264.8 242.4 228 220.7 215.2 219.4 229.8 242.3 258.3 276.3 296.4 298.3 285.8 289.7 290 289.5 295.2 299.6 317.4 340.8 366.8 385.4 396.7 403.2 407.4 412.4 417.6 421.4
179.9 181.2 184.5 193.4 199.2 196.3 191.3 186.4 179.9 176.4 171 166.6 166.2 163.5 167.1 170.1 175.4 187.3 201.2 207.8 212.5 218 224.4 227.1 227.6 227.5 225.5 222.5 220.2 221.8 225.4 229.1 234.8 242.3 252.1 263.4 275.2 288.9 303 316.2 328 338.3 346.9 355 361.1 364.3 361.5 338.7 309.6 281.3 257.9 238.2 227.2 221.5 221.2 227.7 240.2 255.8 274.2 296.4 316.1 313.6 311.4 322 321.8 325.2 332.1 337.3 346.1 358.4 374.3 392.8 402.4 408.5 413.8 420.3 425.2 429.1
176.4 175 178.2 184.1 182.8 177.7 172.3 168.3 167.2 168.3 166.5 166.6 163.5 165.4 168.8 174.7 181.9 190.6 200.7 206.3 211.5 217.2 222.3 225.1 227.1 226.4 223.9 221 221.3 225 228.3 233.3 240.9 250 260.3 271.8 286.5 301.3 315.8 328.9 340.1 350.2 359.3 366.7 370.8 371.6 360.8 332.4 303.1 276.1 253 234.8 225.7 222.9 225.5 236.6 252.2 272.1 294.6 317.3 334.4 333 337.1 343.3 345.6 349.8 355.8 363.1 368.8 375.6 386.5 398.2 407.5 414.7 421.6 427.1 431.1 434.7
169.9 169.7 168.4 167.3 167.8 167.4 167.2 166.7 164.2 163.6 163.5 163.5 165.5 168.7 173.5 180.7 185.8 192.4 200.2 206 211.6 216.4 220.8 226 229.5 227.8 224.8 223.1 224.2 227.5 232.6 239.1 247.8 257.5 268.6 282.7 298.6 314.2 328.7 341.2 352.1 362.6 371.6 378.2 378.4 374 357.8 328.4 299.4 272.6 250.3 234.4 226.2 226.8 232.4 248.3 267.4 289.9 316.1 341.6 348.6 352.8 356.3 359 364.8 370.4 375.1 379.5 384.6 391.7 400.8 408.2 416.2 423.7 428.1 431.2 435.2 439.1
168.8 168.6 168.5 168 167.6 167.8 163.7 167.2 166.3 166.8 166.8 168 169.6 174.2 178.8 184 189.7 197.1 202.8 207.5 211.5 216.4 222.2 229.1 230.8 228.9 227.4 226.2 227.6 231.7 238 245.2 254.1 265 278.7 295 311.5 327 341.2 354 364.7 375.5 382.7 385.1 382.1 373.7 355.5 325.7 296.9 270.1 249 237 231.9 234.7 245.5 265.6 287.4 313.4 342.4 355.7 360 366.1 371.2 377.1 381.5 384.3 386.4 390.4 397.4 405.8 413.9 421.4 426.3 430 432.4 436.1 439 441.7
168.6 168.4 168.3 166.3 163.9 167.6 167.9 168.2 168.1 167.4 169.6 172.8 172.9 178.1 183 188.2 192.9 198.4 204 207.4 212.4 217.9 224 228.5 229.9 230.2 229.9 229.7 231.4 236.5 244 251.8 261.6 274.2 290 306.8 323.5 339.8 354.3 367.2 378.7 385 389.9 389.5 382.7 371.9 353.8 323.9 295.6 270.1 250 238.7 238.6 247.1 265.8 285.6 310.8 342.3 360.6 365.8 370.8 378.4 383.7 388.3 391.5 393.3 396.4 402.8 409.9 418 425.4 430.2 433.3 436.9 441.7 443.9 443.8 443.3
167.9 165.1 167.1 169.2 170.3 171.3 173.6 174.6 174.3 175.9 179.6 181.1 178.1 177.8 185.1 190.7 193.9 198.4 205.7 208.3 212.7 217.7 222.3 225 226.8 228.7 230.4 231.9 234.3 240.5 249.3 258.7 270.3 285.2 301.5 317.6 335.2 353.5 369.2 380.5 385.4 392.7 391.8 386.8 380.8 372.3 354.6 325.4 296.1 269.6 252.4 241.7 241.4 261.7 286.5 307.9 336.9 361.8 369.5 375.8 381.3 386.4 391.2 396.2 400.1 402.7 407 413.8 421.1 428.3 433.9 438.9 444.6 448.1 449.9 450.3 448.4 445.9
166.9 169.2 173 174.5 175.6 180.2 183.3 183.1 181.4 184.3 186.8 185.8 182.7 181.3 185.5 191.2 193.7 196.2 200.1 205.8 209.3 213.7 218.8 222.3 224.7 227.2 231.1 233.3 235.8 244.5 255.1 266.8 280.5 296.5 312.5 329 348.1 367.1 380.6 384.4 390.6 390.2 387.8 386.5 383 373.8 355.5 327.1 297.4 271.6 255 245.6 245.8 274 304.2 331.8 360.5 373.4 378.5 385.2 390.8 394.2 399.4 404.9 407.9 410.6 414.6 420.9 428.9 436.3 442.9 449.2 453.9 456.8 457.8 456.1 453.3 448.5
173.3 177.3 178.5 180.8 184.2 187 187.2 187.9 186.9 189.8 190.5 189.1 187.5 187.9 190.3 193.6 196.1 197.9 200.5 203.6 206.9 208.5 214.4 219.6 222.9 226.8 230.7 232.2 238.6 250 261.6 274.8 290.2 306.4 324.9 343.1 363.3 377.5 382.3 386.1 386.8 386.4 387 389.6 385.5 373.7 354.1 326.2 297.8 273.3 259.5 249.9 250.1 279.8 314.9 349.3 374 381.4 386.8 395.6 400.9 404 408.8 412.2 414.4 416.6 418.6 423.9 432.9 440.8 448.6 457 462.1 463.7 463.7 460.8 455.8 449.4
178.1 181.4 183.1 186.4 188.7 190 190.7 191.7 192 193.1 193 191.4 190.1 191.3 193.7 197.5 199.9 202.7 205.9 209.2 213.9 216.6 218.5 220.2 220 223.8 228.6 233.2 243.4 255.6 267.9 282.9 298.8 317.4 338.1 361.3 377.2 380.7 381.3 381.3 381.5 384.3 389.7 393.7 384.5 371.3 352.6 325.5 297.1 274.6 262.5 252.2 255.7 285.6 324.1 360.1 382.7 391.1 400.3 406.6 410.3 413.2 415.4 417 418.4 419.2 421.6 425.6 433.6 442.1 452 460.5 465.7 466.1 464.1 461.1 455.4 448.2
178 184.6 186.7 189.2 192 193.3 194.8 195.4 195.6 195.6 195 193.4 192.3 193.6 196.4 200.3 204.3 207.4 210.8 214 219.3 222.8 224.4 225.8 226 224.3 230.8 236.5 247.6 260.2 273.4 288.1 306.3 327.9 351.6 360.2 365.7 370.4 373.4 376.4 380.5 388.1 395.7 391 381.9 370.1 352.3 324.6 298.1 277.1 264.9 254.4 265.4 298.3 341.1 377.1 393.6 404 413.1 417.5 420.3 422.6 422.6 422.2 421.4 420.2 420.6 424.3 431.2 440 449.7 457.2 461.4 462.9 461.4 458.2 453 445.7
180.3 185.3 188.7 191.4 194.3 197.1 199 199.2 198.2 198 197.1 195.1 193 196.1 200 204.2 207.8 211.7 214.3 217.6 221.4 224.8 226.8 229.2 230.6 231.2 229.9 237.9 250.5 263.3 274.1 285.5 299.9 315.7 328.6 337 348.5 362.2 371 377.2 386.7 398.3 395.8 388.5 380.3 371.4 352.4 324.8 297.7 279.2 264 263.7 281.2 322.3 359.9 393.4 404 415.9 423.4 427.1 429.7 431.9 431.6 428.6 424.9 420.9 418.5 420.5 426.2 434.4 443.5 450.2 453.3 455.2 455.9 454.8 451.1 444.3
182.3 186.5 190.3 192.9 196.3 199.9 201.9 201.5 200.9 200.5 199.9 198 194.3 195.1 202.1 207.5 211.6 215.3 217.8 221.5 225.1 226.8 230.5 233.3 234.2 234.9 237.4 236.9 246.6 257 265 273 280.7 291.5 302.7 319.6 339.8 354.5 367 384.5 396.7 397.1 393 388.1 382.3 373.5 353.7 325.5 298.1 282.9 267.3 275.7 304.8 346.8 385.4 401.1 412.6 424.4 431.7 435.2 437.9 439.9 438.7 435.4 431.3 424.5 417.4 413.4 418.9 428.5 434.9 439.7 443.3 445.2 446.8 449.3 448.4 444.2
184.4 189.4 192 194 197.1 200.9 202.9 203.3 202.8 202.6 202.3 201.8 199.9 197.1 198.9 208 213.7 217.7 221.4 225.3 228.3 231.3 234.5 237 238.7 239.7 241.5 246.1 247.8 249.7 255.4 260.8 268.5 277 288.3 304.2 325.7 343.5 363.3 381.6 387.6 389.2 390.5 389.9 386.3 378.3 356.8 329.1 305.6 287.6 276.1 297.2 330.6 377 401.3 415.6 427.2 435.6 441.5 444 445 446.4 445.9 440.9 436.1 430.6 420.4 410.4 407.7 416 424.6 428.6 432 435.1 439.1 442.9 443.7 440.4
186.1 189 192.8 195 197.9 201.2 203.5 204.7 204.8 204.7 204.9 205.5 205.2 204.3 202.4 201.8 209.5 219.2 225.6 229.3 232.9 236.1 238.7 242 243.4 244.8 250.3 257 260.2 262.7 266 271.1 276 279.3 283.9 296.5 313.1 331.6 350.9 366.3 374.4 382.3 389.4 393.7 392.8 387.3 363.2 333.1 310.1 291.4 289.5 318.4 360.8 400.4 414.6 426.9 437 444.8 450.4 452 452.1 452.1 451.8 447 439.2 432.4 422.8 412.1 403.7 403.2 411.1 417.5 421 426.8 432.5 435.1 436.3 435.3
190.3 187.6 189.6 193.6 197.1 200.3 202.7 205 205.8 206.8 207.5 208.6 209.4 210.1 210.1 206.8 203.1 213.3 224.7 231.6 236 239.5 243.5 246.2 246.7 248 255.9 266.8 275.2 281.2 284.1 290.7 298.2 302.6 305.1 309.6 315.6 324.7 340 354.8 366.4 380.6 394.2 399.8 399.6 396.2 368.9 337.9 314.4 294.8 303.5 347.3 396.7 413.7 422.9 433.6 443.2 451.1 457.2 458.7 457.2 456 452.9 447.4 439.4 433.6 424.3 414.2 405.5 398.1 400.5 406.2 412.4 421.1 426.2 430.4 433.9 433.9
193 187.7 185.9 191.5 196.5 200.1 202.9 205.6 208.2 209.4 210.1 211.1 213.4 215 215.7 215 209.2 207.4 216.1 226.3 233.9 239.7 242.7 245.4 247.3 249.4 255.7 267.1 279.8 291.8 301 308 318 328.1 335 337.7 341.3 344.8 351.7 364.6 380.2 395.2 403.5 406.1 407.4 406.6 381 347.3 321.5 304.9 327 375.7 411.2 419.8 429.5 440.1 449.4 457.4 463.5 463.2 459.3 455 450.8 447.3 442.3 433.6 424.7 415.1 408.9 398.5 393.7 396.6 402.9 411.1 418.9 427.6 430.9 430.3
194.6 189.7 187 191.6 197.1 200.7 203.9 207.2 211.1 212 212.8 215 218 220.9 222.8 224.2 221 211.7 209.6 218.1 224.8 230.2 234.6 238.6 242 244.5 248.8 254.9 264.1 272.8 283 293.4 308.5 324.5 343.9 360.5 372.4 376.4 382 389.8 398.2 404.1 409.1 412.8 416.7 417.1 404.3 367.2 336.4 319 359.3 402.9 415.8 423.4 435.7 448 458.2 463.5 464.6 462.2 457.2 451.2 446 441.8 440.2 436.5 428.9 419.6 412.7 403.6 393.6 389.1 394.8 401.3 411.1 420.8 422.8 422.2
195.6 191.9 188.3 192.1 198.8 202.7 205.8 209.9 213.1 214.5 216.4 219.2 222.7 226.5 229.6 230.7 232.1 230.8 223 217 222.3 227.3 231.4 234.7 238.3 242.4 246.4 249.2 254.8 260.2 265 273.8 286.2 302.4 325.8 350.4 371.8 386.7 395.4 401.3 405.6 409.9 415.5 421.8 424.7 426 423.2 394.9 360.1 341.9 373.7 406.8 416.9 426.4 439 450.3 456.7 458.5 458.4 457.9 453.2 447.8 444.6 445 444.2 440.4 432.6 424.2 418.4 410.3 398.2 390.3 384.2 391.3 403.7 411 413.2 412.5
195.5 192.3 189 193.4 199.7 203.4 206.9 210 212.9 215.9 219 222.4 226.1 230.6 234.7 237.6 239.5 241.6 240.5 231.5 222.9 226.4 231.6 236.9 243 249.8 259.2 262.5 265.1 266.9 270.6 275.4 278 292.6 313.1 337.4 368.6 389.3 399.7 406.3 411.7 417 423.8 428.2 431.1 432.6 432.9 421.9 387.3 376.1 393.9 411.7 421 429.3 440 446.2 448.7 450.3 451.3 451.3 449.3 446.3 445.6 447.2 446.8 443 437.3 430.6 422.9 414.9 403.8 392.4 379.3 381.6 390 399 402.3 402.9
196.6 192.6 191.1 199.1 205.4 207.7 210.1 211.9 214.3 217.1 220.5 223.9 228.4 234.3 238.7 243 246.4 250.2 252.4 247.6 234.8 225.8 232.5 242.9 250.7 264.6 280.4 289.1 293.2 294.2 294.9 297.7 304.6 311.9 326.7 343.1 363.3 392.3 407.1 415.6 421.4 426.7 431.6 435.2 438.3 440.4 440.2 435.8 412.5 416.8 420.9 422.9 427.6 431.9 437 439.5 441.4 443.1 446.1 448.8 447.7 446.8 447.9 450.1 449.2 445.3 441.1 435.8 427.7 418.1 408.8 398.4 383.8 373.9 378 384.4 391.8 394.2
197.2 192.9 196.7 206.3 209.1 212.1 213.9 215.2 217.1 219.8 222.5 225.6 230.6 236.9 242.2 247.6 252.3 258.9 263.6 262.4 248 233.3 231.5 245.6 257.4 279.8 300.7 313.4 319.7 324.1 329 331.7 335.7 340.8 355.9 374.4 387.4 398.9 415.8 424.2 429.7 435.4 439.6 442.7 445.7 447.7 447.1 444.5 435.6 436.4 438.4 435.7 433.8 433.9 433.9 434.6 435.4 438.5 443.8 446.3 446.2 447.2 449.3 449.7 447.6 443.8 438.9 433.9 428.8 421.1 412 403.2 392.1 378.3 371.8 371.8 378.3 383.5
195.8 196.1 204.9 211.4 214.4 216.7 216.8 217.4 219.6 221.8 223.9 227 232.9 238.9 245 252.2 260.7 268.4 275.8 276.9 263.1 247 238.8 245.4 261.3 286.4 313.4 332 341.2 352.9 361 366.3 371.8 377.1 388.7 397.6 403.1 411.4 422.3 430.3 437 442.7 446.9 450 453.2 454.8 454.4 453.1 450 447.9 448.3 445.5 440.1 434.9 432.7 431.3 431.3 434.8 440.6 443.3 443.1 443.1 444.2 444 441.9 439.2 435.1 431 426.3 420.9 414.4 405.8 398 386.8 375.8 367.5 364.1 369.2
197.2 200.3 209.7 215.1 217.9 219.6 219.2 219.6 221.3 223.2 225.4 229 234.6 242.3 251 261.6 270.2 278.8 287.9 292.5 278.1 260.1 246 252.8 261.3 286.3 319.3 343.4 357.2 370.1 377 384.5 392.5 399.1 404.9 409.7 415 422.8 430.2 436.9 443.3 448.5 453.1 457.1 459.7 460.5 460.7 459.4 457 455.6 454.2 451.7 445.8 438.2 432 427.9 425.5 428.7 438.1 440 439.9 439.2 438.8 438.4 436.5 433.8 430.3 426.6 422.8 417.6 411.8 405.2 398.7 392.8 384.3 374.3 364.1 358.1
200.2 204.6 213.2 218.1 220.7 221.5 221.1 220.9 222.6 225.1 227.7 231.3 237.9 247.9 259.6 270.9 280.7 291 301.9 308.9 294.4 272.3 253.7 264.5 278 289.3 322.4 352.5 368.7 379.6 388.3 396.9 404.6 409 414.4 419.2 425.7 433.6 438.1 443.8 448.8 454.3 459.3 462.3 463.8 464.9 465.3 463.7 461.5 459.5 457.4 454 449.5 441.7 433 426.3 421.5 421.1 430 433.7 434.6 434.2 433.8 432.9 431.3 429 425.4 422.1 417.3 413.2 407 402.2 397.8 392.5 386.6 380.3 371.9 363.4
204.1 203.7 213.8 220.2 222.9 223.7 222.8 222.9 225.4 228.6 231.3 235.5 243.7 254.8 267.8 280.2 292.9 304.8 317.6 323 310.6 286.7 265.9 271.7 300.1 322.1 332.8 357.9 378.4 388.8 397.1 405.2 410.6 416.7 422.6 427.9 434.8 440.5 443.8 449.1 455.1 459.9 462.7 464.8 467 468.2 467.5 465.6 463.5 461.3 459.4 456.1 450.7 445.3 439 430.3 422.4 416.8 419.1 423.5 426 427.1 428.6 427.9 426.7 424.7 421.1 417.2 412.1 407.9 404.3 400.1 395.4 390.5 385.1 379.5 373.2 366.3
209.2 202.2 212.3 221.7 225.1 226.7 226.3 225.5 228.3 231.6 235.7 241.1 250.3 262.3 277.4 291.7 305.5 320.5 336.8 333.4 322.4 305.3 283 279.1 309.5 338.4 356.3 368 385.5 396.3 404.9 411.8 417.8 424.5 429.4 434.3 440.6 444.8 448 454.4 461.2 464 465.3 467.2 469.5 470.3 468.7 466.2 463.7 462.5 461.3 458.2 454.9 450.6 445.2 438.3 430.4 421.5 414.3 413.6 416.3 420 422.6 422.8 421.8 418.8 415.1 412.1 408.2 405.4 402.1 399 395 389.9 383.1 376.9 370.6 362.4
