UK/data/sy/sy69_OST50GRID_20230518/SY69.asc
ncols 200
nrows 200
xllcorner 360000
yllcorner 90000
cellsize 50
[rows 144 to 179 of 200, columns 81 to 161 of 200]
95.6 99.8 97.9 91.9 87.9 91.6 102.4 109.1 114.6 119.3 122.6 125.2 126.2 126.3 124.2 123.1 125.9 129.2 129.6 127.7 124.8 121.8 118 115.8 112 108 103.8 100.5 97.4 94.4 90.8 85.6 81.6 85.4 92.1 97.7 99.4 99 97.1 95.6 93 90.2 86.4 82.4 76.3 69.3 65 64.7 64 64.7 64 64.2 64.1 64 63.6 63.2 62.9 63 62.7 62.4 62.4 62.9 63 65 67 68.7 71.6 73.7 74.5 75.9 77.9 79.9 80 78.4 75.5 69.7 65.6 64.8 64.7 64.9 69.7
105.7 105.9 102.6 96.5 90.3 89.4 99.3 106.9 112.4 117 119.7 125.4 129.5 130.8 130.7 130.7 132.8 132.6 131.7 128.8 124.1 118.5 112.7 109.2 105.6 101.7 97.9 94.8 92.2 90 87.2 85.7 90.8 97.1 100.3 101.4 100.5 98.9 96.2 94.2 92 90.2 87.6 84.8 82.4 78.1 73.3 67.3 64 64.3 64 64.2 64 63.9 63.3 63 62.6 62.7 62.9 62.4 62.3 62.4 62.2 63 64.1 66.4 68 70.3 71 72.8 75.7 78.4 78.1 76.1 73 68.5 64.8 64.8 63.9 65.6 72.2
110.8 109.7 106.5 100.2 93.8 89.5 97.7 104.8 109.1 113.9 119.2 126.1 131.8 134.7 136.1 137.1 136.8 135.7 134 128.9 123 115.6 110.8 106.4 103.1 100.8 98.6 97.9 93.3 92 89.7 92.2 96.7 102 103.8 103 101.6 99 96.1 93.3 90.3 87.7 86 84 83.3 80.9 77.1 73 69.3 66.1 63.9 64.2 63.6 63.7 63.1 62.9 62.9 62.2 62.3 62.4 62.1 62.2 62.2 62.6 63.2 62.8 62.6 64.2 67.8 69.5 72.4 75.1 74.4 72.6 68.7 65 64.5 64.6 64.5 68.7 75.6
114.7 112.4 109 104 97.8 92 94.2 101.1 104.9 111.6 119.3 126.5 134.4 138.7 141 141.5 141.6 140.1 136.8 131.6 128.2 126.8 124.1 119.6 118.6 117 115 110.1 101.7 99 98.1 98.7 102 105 105.1 104.2 102.2 99.7 96.6 94 90.4 86.8 83.9 81.1 80 78.6 76.7 73.3 70.1 68.3 64.4 64.3 63.5 63.9 63.1 62.9 62.9 62.8 62.5 62.2 62.3 62.1 62.3 62.5 61.7 61.8 61.9 62.2 64 66.4 70.2 72.1 72.7 70.8 67.1 64.5 64.7 64.6 64.4 71.3 75.1
117.4 115.2 111.5 107.6 101.8 95.4 92.8 96.5 102.7 110.4 121.2 130.3 137.5 141.8 144.3 145.1 144.4 142.6 140.1 136.7 135.1 133.6 131.8 130.2 129.4 127.6 125.6 122.1 116.2 110.2 109.1 107.9 107.5 108.2 106.4 104.4 101.5 99.1 96.5 93.8 91 87.4 83.7 79.6 76.7 75 73.2 71.7 68.4 65.4 68.3 64.6 64.2 63.1 63.2 63 62.9 62.6 62.4 62.9 62.3 62.1 62.2 62.3 62.2 61.6 61.5 61.6 61.7 64.1 66 68.2 68.4 67.7 65.4 63.7 63.8 63.7 66.1 73.5 80.7
119.4 116.7 113.1 108.8 103.4 97.4 92.8 95.2 101 109.7 122 132.2 139.1 143.7 146.3 146.4 145.5 143.5 141.3 139 137.4 135.5 134.7 133.3 134.4 132.9 130.6 126.7 123.4 118.7 113.9 112.7 112.4 111 108 105 102.1 98.3 94.2 91.7 89.8 87.3 83.6 79.3 75.4 71.4 70.3 68.7 65.9 64.8 64.4 64.4 67 64.9 62.5 61.6 61.8 62.9 62.4 62.1 62.3 62.1 62.2 62.3 61.9 61.5 61.5 61.4 61.3 61.4 62.9 65 64.8 63.9 63.1 62.7 62.9 63.5 68.4 75.7 80.4
120.6 117.6 114.1 109.3 103.8 98.1 93.6 94.5 100.1 108.8 121.8 133.4 139.9 143.9 146.3 145.7 144.4 141.6 139.9 138.4 135.6 135.2 135.3 135.4 135.6 133.7 132.8 130.7 127.5 123.7 119.7 116.5 113.5 110.7 107.6 104.5 100.9 96.9 93 89.2 87.6 85.3 82.4 78.1 74 69.8 67.8 66.3 65.4 65.1 66 66.5 67 68.5 67.6 66.8 65.2 62.5 62.3 62.4 62.2 62.1 62.2 62.3 61.6 61.6 61.6 61.5 61.3 62.1 62.2 62.7 63.3 63.2 62.5 63.1 63.3 64.9 70.7 76.5 80.6
120.3 117.2 113.4 108.8 102.2 96.1 94.7 95.5 99.6 108.5 122.4 132.7 139.4 142.3 143.5 142.8 141.6 138 136.7 134.3 132.4 131.6 131.5 132.7 133 133.2 132.5 131.3 128.6 125.1 121.3 118 113.8 109.2 105.3 101.8 98.2 94.6 90.6 87.7 85.5 82.8 79.6 75.9 71.7 68.2 66.4 66.5 66.8 68.9 69.3 72.6 72 71 69.6 68.1 67.4 65.3 63.1 62 62.2 62 62.1 62.1 61.5 61.6 61.7 61.6 61.4 61.8 61.7 61.8 62.1 62.2 62.2 62.8 63 66.2 72.7 77.8 79.6
118.9 115.1 111 106.3 100 99.2 99.3 96.5 99.5 109.5 124.8 132.5 137.8 139.8 139.8 139.5 136.3 133.5 131.6 130.1 126.4 125.6 126.5 128.4 129.5 130.6 130.5 129.6 127.6 124.5 120.7 116.1 112.1 107.8 103.1 99.1 95.5 92 88.2 85.6 82.6 80.3 76.8 73 69 66.8 66.6 68.1 72.4 73.7 80 78.9 77.3 76.7 74.4 72.3 68.2 67.4 66 64.6 61.9 62 62 62.1 61.5 61.9 61.5 61.7 61.1 61.6 62.6 61.7 61.5 61.9 62.7 63.5 64.3 68.7 74.8 77.3 78.6
116.8 112.2 107.8 102.6 100.1 103 103 98.4 101.4 112.7 125 132.1 135.4 136.2 135.8 134 130.5 127.6 124.1 121.9 119.7 119.1 121 123.2 124.8 125.3 126.4 126.5 124.1 122 118.9 114.6 110.3 106.4 101.7 97 92.8 89.3 85.7 83.4 80 77.4 74.6 71.1 67.7 66.8 68.3 73.7 78.6 82.3 84.3 84.8 84.6 83.6 81 78.5 75.1 71 68.5 67 64.4 62.8 62.2 61.4 61.3 61.4 61.2 61 61.2 61.3 62.3 61.1 61.7 61.9 62.6 63.7 65.9 70.7 73 76.8 77.7
116.1 110.9 105.6 101.9 104.3 107.3 105.1 100.3 103.5 116 126.4 130.8 133.3 133.5 131.7 127.9 124.7 121.4 117.4 113.8 112.6 113.3 115.8 118.2 119.2 120.6 121.9 120.9 119.7 117.6 115.8 112.3 107.7 104.6 100.4 95.7 90.9 87.3 84.1 80.8 77.9 75.2 72.5 69.8 68.5 68.5 73 78 82.5 85.6 87.3 88.8 89.7 90.1 88.5 85.2 81.1 77.2 73.6 67.9 67.2 65.4 62.6 61.3 61.3 61.5 61.2 61 61.2 60.8 62.3 61.7 61.9 62.2 62.6 63.2 65.8 70.3 72.9 74.7 76.5
115.9 110.3 104.7 104.4 108.4 109 106 101.2 106.5 119.2 126.5 129.8 131.3 131.1 127.7 124.1 118.2 116.7 112.8 107.4 106.8 108.4 110.9 112.8 113.7 115 116.5 116 115.1 113.7 111.3 108.8 105.6 102 98.2 93.6 89.3 86.9 83.5 80 76.7 73.7 70.8 69.4 69 71.5 75 79.7 83.6 86.2 89 91.2 92.7 93.5 93.3 92.9 89.7 85.5 80.5 74.4 67 67 64.1 61.7 60.8 61.5 61.3 61 60.5 60.8 62.3 61.8 61.3 62.4 62.5 63.1 66.9 69 70.8 72.5 73.9
113 109.2 105.1 109.5 110.6 109.1 105.2 103.5 111.1 122.4 127.3 129.1 129.2 128.2 125.5 121.6 116.9 112.1 108.2 103.8 102.4 105.1 106.3 107.4 108.3 110 111.8 112 109.8 108.4 106.9 104.6 101.9 99.3 95.3 91.3 87.6 85.1 82.5 79 75.5 72.9 70.7 70.1 70.2 71.3 74.5 78.6 82.1 85.2 88.7 92.1 94.5 96.4 97 96.6 95.8 92.8 88.6 82.6 76.3 65.7 66.6 62.2 60.9 61.5 60.8 60.2 60.8 60.9 61.3 61.8 61.3 61.3 61.7 63.5 64.7 66.5 68.6 69.9 71.3
109.8 106.8 110.4 112.8 112.2 108.1 104.8 107.2 115 122.1 126.3 127.4 127.4 125.2 121 119.7 116.8 112.4 108.2 103.4 99.1 101.5 102.7 102.5 103.8 105.5 107 107.2 105.5 103 101.9 100.3 97.8 95.5 92.6 89 85.6 82.4 79.2 76.6 73.7 72.6 70.9 73.7 73 72.2 74.5 77.9 82.1 86.1 89.5 92.7 95.6 97.5 99.4 100.1 99.1 97.7 96.4 90.9 86.3 79.7 65.5 64.7 61.5 61 60.9 60.9 60.3 60.4 61.3 61.1 60.9 61.7 61.4 62.7 63 64 66.3 67.1 68.7
108.4 112.3 114.5 114.1 112.2 107.6 108.3 112.3 117.2 122.8 124.2 124.4 123.4 121 120.6 117.8 115.9 112.6 109.1 104.8 100.3 95.3 96.1 97.2 99.4 101.3 101.9 101.9 101.2 98.6 96.4 95.9 94 91.7 89.5 86.4 83.5 80.3 77.1 73.2 72 71.9 74.6 77 74.9 74.4 77.3 79.2 83.5 87.6 90.9 94.3 97.7 100 101.4 102.9 102.9 101.4 99.2 96.6 91.8 86 78 65.7 63.4 60.4 60.9 60.8 60.6 60.1 61.3 61.3 61.5 61.4 61.6 61.6 62.3 61.8 62.7 64.1 65.3
113.7 116 116.7 115.3 111.3 109.3 113.4 117 120.2 123.2 123.6 123.1 120.9 117.6 115.4 114.1 112.7 111 108.4 105.1 100.4 94.7 92.6 94.3 95.4 97.5 98.5 98.3 97.3 95 92.1 90.9 89.9 87.7 86 83.6 80.7 77.5 73.8 71.3 71.6 76.2 80.3 79.2 75.7 76.7 81 83.2 84.3 89.3 92.8 96.3 99.6 102.4 104.4 105.9 105.9 104.5 102.3 99.4 95.2 90 83.5 76 66.2 60.3 60.7 60.4 60.7 59.7 61.1 61.4 61.1 60.7 60.2 60.5 60.6 61 61 61.3 61.9
118 118.7 117.4 114.6 109.9 112.6 116.6 119.6 121.6 122.7 122 121.2 118.7 114.9 111.6 110.2 109.6 109 106.8 104 99.7 94.6 90.2 89.5 92.1 93.8 93.9 94.1 93.3 91.7 89.1 87.4 86 84.6 82.9 80.5 77.6 74.4 71.9 72.5 77.6 81.2 82.1 80.2 76.8 79.3 83.4 86.1 87.5 91 94.7 98.2 101.5 104.8 106.9 108.4 107.9 107 104 100.5 96.6 91.3 85.3 78.7 71.9 64.1 59 59.6 60.1 60.5 59.7 60.9 60.4 59.8 59.7 60 60 60 60 60.2 60.4
121 120.8 118 113.5 112.4 116.4 119.5 121.1 121.9 121.5 120.7 119.4 116.4 113.4 110.6 108.2 107.7 107 104.8 102.4 99.1 94.4 90.3 87.1 88.1 89.2 89.4 89.5 89.4 88.1 86.6 84.8 82.5 81.4 79.3 77.5 74.3 72.5 73.6 77.8 82.6 83.7 83.1 79.9 78.3 82 85.6 89.1 90.9 92.8 96.6 100 103.4 106.7 108.9 108.9 108.4 106.3 103.8 100.3 96.7 92.9 86.7 80.6 75.3 69.9 58.9 60.6 60.5 59.9 60.2 59.4 59.1 59.4 59.4 59.6 59.8 59.9 59.6 59.5 59.6
122.2 121.3 118.1 114.7 115.8 119 119.8 121.4 121.2 120.2 119 116.5 114.6 112.4 110 106.6 105.6 103.2 101.6 99.6 97 93.2 89.1 85.3 84.4 83.9 83.9 84.1 84.7 84.7 83.5 81.4 79 77.3 75.3 74.4 73.4 76 80.2 84.1 85 85.4 83.7 80.6 81.7 85.3 89.9 93.4 95.3 97.6 99.7 101.6 104.6 106.8 108 108.4 106.9 104 100.2 98.4 96.2 93.4 88.5 84.9 81.4 76.4 58.7 60.4 60 60.4 59.5 59.9 61.2 59.7 59.9 59.7 59.9 59.6 59.3 59 59.1
122.4 120.6 117.3 118.1 120 120.5 121.2 121.1 120 118.7 115.9 113.2 112.1 110.7 108.6 105.9 103.7 98.6 98.3 96.8 93.8 89.7 86.4 84.3 84 82.8 81.2 80 79.8 80.2 79.7 78.9 75.8 74.8 74.9 76.5 78.8 83.7 87.5 88.3 87.3 87.6 83.3 83.1 87.4 90.5 94.7 98.4 99.9 102.4 103.1 103.4 105.1 105.4 106.6 104.3 101.6 99.8 96.8 93.9 93.2 91.9 90.4 88 85 81.2 68.3 62.1 60.5 60.1 59.3 59.7 60.5 60.8 60.5 59.8 59.5 59.2 58.9 58.8 58.5
121.7 119.8 119.6 121.5 121.2 121.7 121.5 120.4 118.4 115.6 113.3 110 109.2 108.5 106.6 104.6 101.3 97 93.8 92.5 89.5 86.7 87.9 89.4 89.4 87.7 85 82.2 79.3 77.9 76.8 76.5 75.9 77.5 81.6 85.1 88.4 92.5 93.8 92 90.5 87.8 84 88.9 93.3 97.4 100.8 103.2 104.1 105.1 105.8 105.4 103.8 103.2 102.5 98.9 98.7 94.8 90.8 87.9 87 88.2 87.6 87 85.4 82.5 77.4 60.1 64.2 59.7 59.7 59.5 59.4 59.6 59.6 59.1 59 59 59.5 59.1 59.1
123 121 122.1 123.3 122.8 121.4 120.4 118.8 116.2 113.1 109.3 107.4 105.8 105.8 104.3 101.7 99.2 95.4 92.1 89.6 89.5 91.7 93.2 93.3 91.7 89 85.9 82.5 78.8 77.7 78.1 79.9 84.5 87.6 91.4 92.9 98 98.4 98.7 96.9 93.7 87.2 90.3 95.5 99.8 103.2 104.8 106.6 106.1 107.1 106.6 104.9 102.9 100.2 97.7 94.5 90.5 87.4 84.4 81.6 81.6 82.6 83.3 83.8 83 81.2 77.6 64.3 60.4 65.2 59.8 59.3 59.2 59.3 60.3 60 59.5 58.9 58.6 58.4 58.8
126 124.3 124.8 123.4 122 120.6 119.3 116.6 113.7 110.5 106.7 103.4 102.3 101.6 99.9 97.3 94.1 92.4 92.7 93.6 95.6 96.4 95.5 93.6 90.7 87.3 83.5 80.9 78.4 79.3 84 90.2 95.4 98.6 101 102.3 103.1 102.8 101.8 99.6 93.5 89.4 96.9 101.9 104.7 107 107.2 108.6 107.4 106.4 104 102.9 98.9 95.3 92.4 88.2 83.6 80 77.5 76.5 74.4 74.5 75 76.6 77.4 77.5 75.8 72 58.9 59.1 65.5 59.6 59.6 59.8 59.2 58.7 59.4 59.2 58.3 58.1 58.3
126.5 126.7 126.6 124.3 122.5 121.1 118.2 114.2 111.1 107.1 104 101.7 100.3 98.7 97.9 97.1 95.7 96.8 97.6 97.9 98.8 97.4 95.4 92.2 88.4 84.5 80.7 79.2 80.8 85.7 94.5 101.3 104.8 106 106.8 106.9 106.1 104.8 102.3 98.6 90.1 97.5 102.1 106.5 108.5 110.2 110.5 108.6 106.7 104.3 101.1 97.5 93.1 89.8 87.2 84.7 82.9 81.6 81.3 78.2 76.5 74 71.1 69.5 69.9 70.8 71.1 69.7 60.9 58.9 59 65.5 59.5 59.2 58.8 58.6 58.5 59.6 58.2 58.7 58.6
129 128.5 128.1 125.3 123.4 121.2 118 114.7 111.4 107.4 106.3 106.2 104.6 103 101.9 101.3 100.9 101.4 101.3 101.3 99.9 97.2 93.9 89.7 85.5 81.6 80.3 82.1 88.1 96.3 105.5 108.4 109.8 110.7 110.4 109.3 106.7 104.2 100.3 94.7 96.2 101.1 105.7 109.8 111.9 110.4 110 107.6 105.3 101.5 98.1 96.7 94.9 93.7 92.6 91.3 90.2 88.5 87.9 86.3 84.7 82.3 77.5 72.4 67.4 64.9 66.1 63 59.5 59.3 59.1 59.9 65.5 58.9 58.9 58.5 58.4 58.3 58.1 59.3 58.7
131 130.5 128.3 126.5 124.5 122.1 119.2 116.4 112.1 110.7 110.2 109.7 108.5 107.2 106 105.2 106 105 104 102.4 100 95.2 91.4 87.3 82.9 82 85.8 92 100 105.7 110.6 112.8 113.9 114.3 113 110.8 105.5 100.5 97.4 95.8 100.1 104.8 109 112.6 113.6 111.8 109.5 106.8 104.1 102.3 101.9 101.7 101.1 100 98.8 98.1 96.6 95.2 93.9 92.7 90 86.8 82.2 77.3 70.4 64.8 62.5 61.1 60.6 60.4 60.9 58.6 58.4 62.6 61 58.6 58.5 58.3 58.2 58.1 58.9
132.2 131.5 129.7 127.7 125.4 123.2 120.4 117.3 114.6 113.5 112.8 111.3 110.8 110.8 110.3 109.2 108.7 107.3 105.5 103.3 98.5 93.7 89.6 84.6 81.9 86.9 93.3 100.3 107.4 111.3 114.2 116 116.9 116.9 114.9 109.2 103.2 103.7 103.4 100.7 103.8 108.7 112.8 114.5 114 112.6 110.7 108.6 107.7 106.7 105.9 105.2 104.3 103.3 102.1 101.6 100.4 99 96.9 94.8 91.6 86.9 81.7 74.1 67.9 63.7 64.2 64.6 65 60.5 59.3 58.4 58.6 58.4 59.8 65.8 57.1 58.6 57.8 58.9 57.3
132.7 131.4 129.2 127.7 125.6 123.5 121.4 119.1 117.6 116 114.2 112.5 111.9 112.5 112.4 111.2 109.7 107.9 105.7 103 98.1 93.7 88.4 83.8 84.3 90.7 98 103.9 109.9 114.2 117.3 118.8 119.3 118.5 115.3 107.6 109.8 110.2 109.7 108.1 107.5 113 116.4 117.7 116.1 114.8 112.6 110.8 109.9 108.9 108.6 107.5 105.6 104.4 104.1 102.8 101 99.2 96.7 93.3 89.1 83.4 75.4 68.1 64.7 63.7 65 62.9 71.2 80.2 79.4 75.1 77.5 74.2 61.6 59.2 65.7 58.7 58.3 58 57.3
131.3 129.5 128.3 126.8 124.8 123.2 121.7 119.9 118.4 117 115.6 113.9 112.9 113.7 113.1 111.4 109.9 107.6 105.3 101.8 97.9 92.9 87.6 83.8 87.2 93.9 100.4 105.1 110.2 115.4 119.2 121.6 121.4 120.2 115.2 112.4 114.6 115.8 114.7 115.8 114.2 117.3 119.9 119.9 118.3 116.7 114.6 112.9 112 111.1 110.3 108.6 106.9 105.1 103.6 101.6 100 97.2 94.4 89.9 84.3 75.6 69.3 65.9 65.8 65.7 67.7 72.9 78.4 85.7 89.3 91.5 89.3 84 73.4 65.5 62.4 61.9 68.1 58.4 58.1
129.1 126.9 126.2 125.1 122.8 121.6 120.4 119.7 119 117.8 116.5 115.3 114 113.8 112.3 111 109.3 106.8 104 100.5 96.8 91.3 85.9 82.8 87.8 92.7 99 105.9 111.3 116.7 120.6 123.1 123.6 120.9 116.7 117.4 119.5 120.7 120.7 120.8 121.6 122.5 123 122.8 121 118.7 116.6 115 114.1 112.7 110.3 108.2 106.5 104.8 102.6 100.1 96.7 93.5 89.4 84.6 76.7 70.9 67.3 67 67.8 77.2 79.6 79.2 85 90.7 94.8 96.3 94.8 91.1 85.5 78.3 70.7 67.9 64.9 63.4 68.2
127 124.1 123.4 122.6 121.4 119 117.9 117.2 117.5 117.1 116.2 115.2 113.8 112.8 111.4 109.9 107.9 104.8 101.4 98.4 94.8 89.6 86 83.6 88.2 92.8 97.2 104.5 110.8 116.7 122.1 125.2 125.2 122.1 120.4 120.5 122.5 123.5 124.7 124.9 124.4 124.4 124.2 123.9 122.7 121.5 118.5 116.6 114.7 112.6 109.8 107.4 105.1 103.3 100.6 95.8 91.6 87.4 83.8 78 71.6 69.1 69 75.5 86 88.5 88.6 90 93.7 96 98.2 101.1 101.4 96.9 93.5 89.3 85 80.3 77.9 78 72.2
124.8 120.9 119.5 119.2 118 116.1 114.5 114 114.6 114.7 114 112.7 110.4 109.8 108.9 106.8 104.6 102.1 98.7 95.6 92.6 87.7 85.8 85 86.4 91.7 97.1 104 110.4 116.6 122.8 126.5 127.2 124.8 124.5 124.2 125.4 126.2 126.8 126.4 125.9 125.6 124.9 124.2 123.2 121.7 119.4 116.5 114.1 111.7 109.4 107 104 101.2 97.2 92.5 86.4 81.4 77.5 72.4 71.4 73.3 80.8 88 93.6 96.6 97.3 97.6 98.4 100 104 105 102.6 101.9 98.9 96.4 93.4 89.5 87.9 87.9 87.1
122.3 118.3 116.4 115.8 114.5 112.8 110.5 110.7 111.3 112 111.4 110.1 107 106.2 105.2 103.2 101 98.7 95.7 92.3 89.4 87.1 86.5 88.2 87.2 89.5 96 102.6 110 117.7 124.1 127.8 129.2 128.3 127.4 126.5 126.5 127.5 127 126.4 125.2 124.9 124.4 123.6 122.3 120.6 117.9 115.6 113.4 110.6 107.1 103.9 100.7 96.8 92.8 88.1 82.2 77 73.5 73.1 77.1 84.5 91.3 95.9 100.8 102.2 102.5 102 101.7 103.4 104.5 105.1 104.9 103.5 102.7 100.5 98.2 96.1 93.7 94.4 93.2
119.6 116.3 112.7 112.2 111.4 108.6 106.8 107.9 107.4 108.3 108 107.1 103.8 102.3 101.1 99.5 97.1 94.4 91.4 89.4 87.1 88.8 92.5 91 90.2 89 93.6 100.8 109.1 117.4 124.6 128.7 130.2 129.7 128.2 127.5 127.4 126.4 126.1 123.8 123 122.5 122.1 121.9 120.9 118.3 116.4 114.4 111.5 108.6 104 100.6 97.1 93.2 87.9 83.2 77.4 75.4 76 77.7 84.6 91.6 97.5 102.1 103.9 105.3 105.9 105.8 105.8 106.1 105.7 104.9 104.6 104.1 103.6 102 101.4 99.8 98.8 97.6 95.5
117.9 114.8 111.7 108.2 107.6 105 103.6 103.5 102.7 103.9 104.2 103.1 100.8 99.2 97.6 95.5 92.9 90.1 88.7 88.5 89.8 94.9 96.1 94.3 93.1 91.9 92.5 99.2 108.3 117.3 123.8 127.9 130.5 130.7 129.4 128.1 126.7 123.3 122.7 120.8 119.8 118.8 119.9 119.8 117.7 115.8 113.7 111.2 108.9 105.5 102.1 96.3 92.8 89 83.9 79.2 78.2 82 88 87.4 89.1 95.6 102.3 105 106.8 107.6 107.8 107.1 107 106.6 105.9 104.9 104.4 104.1 103.5 102.6 101.8 100.6 99 96.9 96.2
114.4 112.7 109.3 106.3 103.9 101.5 99.8 98.3 98.1 97.7 98.5 97.7 97.4 95.3 93.4 90.8 90.6 91.3 91.9 91.1 94.2 98.8 97.5 95.3 93.6 91.9 93.2 98.3 106.4 115.1 121.8 126 129.6 130.5 128.3 126.2 123.8 122 120.1 117.7 116.6 115 116.7 116.7 115 113 110.5 108.1 105.2 102 98.9 94.1 89.1 82.4 81.8 81.5 87.8 96.4 96.5 96.1 96.1 98.5 103.6 106.6 108.6 108.7 108.6 108.1 107.5 106.4 105.9 104.9 103.9 103.1 102.2 101.6 100.4 99.3 98 96 94.5
