UK/data/sj/sj14_OST50GRID_20230518/SJ14.asc
ncols 200
nrows 200
xllcorner 310000
yllcorner 340000
cellsize 50
[rows 105 to 139 of 200, columns 78 to 155 of 200]
340.8 334.6 329.6 325 320.4 315.8 309.7 303.9 298.2 291.1 282.2 273.9 271.9 286.6 299 311.4 319.6 325.1 338.5 354.1 373 382.8 387.3 390.7 391.5 387.8 384.2 376.6 366.8 350.9 334.9 312.3 289.3 267.2 255.6 247.4 244.9 243.9 241.8 233.3 248.7 257.7 271.9 293.2 316.4 322.8 324.7 322.8 319.8 315.4 309 304.7 295.4 283.9 265.1 276.6 290.7 291.3 285.2 274.8 260.4 242.7 227.8 206.7 189.8 180.6 172.1 166.6 162.8 159.5 149.5 136 145.4 153.4 153.8 148.2 143.8 133.9
334.4 326.9 323.1 321.9 318.5 313.6 308 302.3 297.2 290.1 280 273.6 266.2 267 277.6 285 293.2 301.1 313 343.3 370.6 383.4 387.9 386.8 389.2 387.1 383.8 377.9 369.8 361.2 348.5 332.5 309.1 286.2 266.9 254.4 240.6 232.2 232.4 232.9 246.1 253.1 263.9 283.5 303.5 315.8 319.8 317.3 313.8 310.8 307.1 302.8 297.3 287.3 286.8 302.6 309.4 304.2 298.5 291.9 280 266.1 248.6 226.5 204.3 187.9 175.6 169.3 163.9 159.3 154.5 148.2 133.6 135.1 141.3 138.3 135.4 130.8
323.8 318.4 316.5 317.3 318.6 315 306.9 300.4 295.8 288.8 282.6 276.1 267.5 259.1 268.6 274.4 283.5 301.6 323.6 347.7 368.3 378.5 381.9 383.9 385.3 383.5 380 375.9 370.1 362.3 353.3 341.2 327.3 303.3 279.1 259 244.2 227.2 223.4 232.4 240 249.5 259 278.5 300.9 323.1 322.8 319 314.8 312.1 309 307.9 306.1 305.7 309.1 316 318.9 317.1 311.2 303.7 293.5 282.5 264.3 242.5 218.2 197.6 181.6 172.8 168.2 163.4 154.4 147.8 142.5 136.4 130.8 122.5 119.1 122
311 308.2 305.9 307.7 312.4 311.9 307.3 301.2 297.9 293.6 287.8 277.8 263 255.5 265.5 278.7 296.6 320 341.1 358 369.6 377 380.5 381 382.8 381.2 376.3 369.9 364.5 355.7 347.5 337.3 325.5 308.4 285.2 262.5 241.5 225 218.8 229.1 235.2 242.6 253.7 275.5 301.1 327.6 329.1 326 324.1 324.2 325.5 326.1 325 325.7 329.5 329.3 331.9 329.8 324.1 317.2 307.3 296.7 284.6 260.1 233.4 209.6 187.2 177.2 171.6 167.6 158.2 149.1 145.2 140.9 134.4 132.2 128.2 106.5
298.5 296.5 293.4 294.7 298.4 303 304.4 300.7 297.7 295.2 291.3 272 257 252.3 262.8 284.6 305.7 326 345.1 360.1 371 378.8 381.6 381.2 379.6 377.7 370.6 364.9 360.1 349.1 343.7 337.2 325.2 311.5 290.7 264.3 237.5 221.5 214 224.6 229.7 238.7 249.8 270.8 301.4 330.5 342.3 341.6 340.8 343.1 345.7 345.6 344.8 343.5 344.3 339.7 342 340.2 335.3 331.3 323.9 312 301.8 284.5 247.4 222.2 199.1 184.3 176.1 171.7 165.4 156.5 150 144.5 137.4 127.8 107.5 101.8
286.8 285.1 282.5 282.5 286.2 288.7 290.8 294.2 290.4 287.7 280.5 262.6 251.4 249.5 259.6 281 307.7 326.6 346.4 364.2 372.3 378.2 384.1 382.8 377.6 375.2 367.6 358.9 351.2 342.6 334.3 328.5 319.5 307.3 288.3 265.5 236.1 219.2 211.8 219.5 226.9 235.2 244.8 265.3 295.3 329.4 344.4 351.6 352.8 357.8 363.3 360.8 358.8 357 357.2 350.9 350.4 350.4 348.5 343.7 336.7 327.6 313.5 300.1 265.1 239.5 217.3 203.2 188.2 174.9 165.9 157.2 150.2 138.6 121.6 106.8 101.6 106.2
276 274.6 274.5 274.8 274.2 276.2 275.4 275.3 275.7 273.7 267.5 252.8 244.1 250.9 259.7 278.1 302.7 326.1 343.9 360.5 368.7 381.3 384.4 381.1 376.3 371.6 367.1 356.1 348.6 339.5 330.6 318.2 307 294.9 275.9 255.3 234.9 220 205.9 214.7 223.7 230.3 240 256.8 283.7 315.9 336.3 347.3 349.9 347 354.1 358.5 361.2 357.8 354.6 348.8 349.6 347.8 343.9 344.3 337.2 328.1 307.6 293.6 280.1 255 233.8 215.8 195.2 175.4 162.9 152.9 137.7 119.3 108.6 102.4 105.7 111.6
266.2 266.2 266.5 267.7 269 269.5 268.4 264.2 259.7 254.9 251.8 242.7 241.4 249.4 258.5 272 299 324.7 345.8 363.1 367.4 366.3 367 367.7 364.3 361.7 360.3 356.2 349.6 341.1 329.9 317.8 305.1 291.7 268 244.9 230.3 220 208 212.1 219.9 227.1 236.9 248.4 272.1 299.4 330.1 342.8 352 344.8 347.7 352.6 354.5 345.2 343.8 339 334.9 334.3 330.9 330.3 323.4 309.9 290.6 272.5 253.7 229.7 207.3 188.7 173 158.3 146.7 141.3 121.7 109.1 104.8 102.4 114.8 125.3
258.9 258.7 260.4 261.5 263.9 264 261.8 257.3 248.2 240.9 239.7 232.7 240 248.5 257.6 268.1 293.3 315 340.8 360.6 366.3 371.1 369.5 364.8 359.8 355.2 350.8 346.6 339 332.1 322.7 311 297.1 280.4 259.8 239.7 227.6 220.1 212.9 200.3 212.2 221.7 229.4 243.7 263.7 291.9 323.1 337.3 336.6 342.1 334.3 334.9 338.8 333.2 330.7 327.4 321.6 319.8 318.7 313.7 298.8 281.9 266.5 251.3 235.1 210.8 195.7 176.3 157.8 143.6 136.8 127.3 109.5 105.1 102.5 115.9 128.1 134.5
253.5 254.8 255.2 257.1 260.9 263.4 261.5 252.7 242.1 234.2 229.7 226.7 238.5 247.1 257.3 267.2 279.7 303.4 330.7 349.2 357.5 362.4 366.4 364.8 361 356.7 355.2 350.4 346.1 341.5 333.8 323.4 310.3 295.7 275.8 259.2 237.6 217.9 207.6 194.2 206.7 216.4 225.7 233.1 254.2 279.1 310.3 333 333.1 330.5 330.2 325.2 324 327 324.2 317.5 311.4 310.3 310.8 302.8 289.5 280.3 268.1 255.7 241.8 212.7 194.5 173 146.2 131.6 119.5 110.1 107.1 103.1 115 129.2 136.2 141.6
248.6 249.5 250.6 252.6 256.8 260 259.2 251.9 240.8 226.2 221.1 227.8 237.4 245.1 253 264.6 284.5 301.3 325.1 342.4 349.5 354.4 355.8 356.8 355.7 354 350.9 348.3 345.3 341.9 335.6 331 323.8 312.2 298.1 279.1 251.8 229.3 212.5 199 194.8 207.4 216 224.1 242.4 268.2 293.8 323.4 327.7 325.4 323.1 321.1 320.4 320.1 322.1 318.8 311.7 307.1 305.1 300.6 294.4 284.2 273.8 256.6 236.4 213.3 187.8 166.9 144.7 123.7 112.2 105.2 103.6 113.8 130.4 135.6 141.2 147.9
247.9 244.6 243.1 245.3 247.4 249.8 253.5 246.9 232.3 221.5 216.9 229.1 237.4 243.7 253.8 275.2 296.7 320.4 332.9 343.7 352.1 355.6 358.4 359.2 358.9 357.7 355.2 349.5 344.7 339.9 334.2 328.8 323.1 313.1 301 284.3 262.6 235.6 217.4 201.8 190 198.4 209.1 215.8 231.5 255.7 281.9 310.7 318.6 318.2 317 316.6 317.1 316.8 317 318.3 313.1 310 306.1 301.4 296 287.7 274.2 258.8 230.9 206.8 179.3 156.7 134.9 113.2 107.1 104.3 112.5 129 134.3 139.4 145.5 153.6
255.8 248.6 243.3 238.1 233.6 234.1 240.2 230.1 222.1 216.9 216.3 228.3 236.4 249 267.7 290.7 311.4 329.2 340.5 352.3 360.8 365.3 365.7 363.4 365.6 362.6 357.6 351.8 347.6 342 335.6 327.9 318.7 312.3 300.8 289.4 266.2 236.9 216.8 205.1 188.5 190.8 202.9 210 220.5 244.3 270.1 292.7 304.5 306.1 308 310.8 312.5 317.5 317.2 314.7 313.5 310.6 305.6 302.9 296.5 287.5 270.6 255.4 233.5 205.9 174.6 148 124.5 108.4 104.6 106.4 124.6 130.8 135.9 142.6 149.3 162.9
279.4 267.9 254.9 248.2 233.8 211.2 218.1 216.8 207.7 214.1 226.4 233.7 242.8 259.4 279.9 300.8 316.9 331.9 340.4 349.3 357.4 360.3 358.1 352.3 349.6 356.7 351.6 343.6 338.2 335.5 331.8 321.2 311.4 302 290.2 278.3 263.4 239.3 217.1 203.3 188.3 185.9 197 205.1 211.6 228.9 253.5 276.1 295.4 300.4 299.5 298.1 304.4 309.1 310.6 310.6 308.8 310 308.5 302.9 301 293.6 282.1 264.1 242.6 206.4 171.1 141.6 115.8 107.5 104.2 119.6 126.1 132.6 138.2 145 156.9 178.6
298.7 284.7 269.8 256 241.7 223.8 202.5 199.1 211.6 229.3 239.6 249.5 257 272.2 292.3 312.7 325.6 336.9 341.3 336.8 333.4 333.1 335.4 335.9 338.6 342.1 340.4 333.6 332.4 330.2 325.5 314.8 306.6 299.4 287.8 273.8 262.4 242 217 202 186.6 180.3 191.2 199.8 203.9 214.6 235.5 258.5 280.8 289.7 289.3 282.5 294.2 307.4 313.3 313.8 312.3 315.1 313.9 306.3 303.7 295.6 287.2 262.9 235.7 202 166.3 138.5 112.1 106.8 104.2 122.2 128.3 133.7 141 148.2 167.8 192.2
299.3 287.1 274.2 258.4 240.2 222.1 199.8 197.9 216.1 232.5 243.8 256.4 267.2 279.7 299.8 317.9 324.2 322.5 321.7 323.7 327.2 323 318.9 319 319.9 328.2 330.1 322.6 320.6 323.3 319.4 310.4 302.3 295.8 286 274.6 263.2 249 220.6 202.8 190.1 173.8 183.1 192.1 197.3 203.5 216.4 240.3 262.6 274.2 271.6 263.3 280.6 297.3 304.9 307.8 308.1 309.6 311 307 301.3 293.3 273.1 240.2 214.6 188.5 159 132.8 110.2 104.2 111.6 124.5 129.9 133.9 141.1 152.2 176.9 197.3
295.9 280.3 265.2 244.8 230.6 212.9 192.9 197.5 215.2 229.7 238.6 249.2 265.8 282.4 300.3 311.3 314.1 315 309.6 307.4 309.2 311.5 312.5 311.3 309.5 309.8 317.4 317.2 316.4 314.7 309.7 306.1 304.2 299.1 293.3 283.4 273.7 260.1 236 219 198.8 180.5 174.4 182.8 188 196.8 204 222.4 241 249 248 246.8 262.1 281.1 291.9 296.6 300 301.2 300.7 299 294.8 269 241.7 215.5 193 170.9 146.8 126.3 109.3 104.2 116.2 122.7 128.2 133.8 140.4 156.5 180.4 202.3
287.5 272.3 253.4 238 221.2 207.8 187.4 196.9 209.5 219.2 228.1 246 267.7 279.7 286.1 293.9 296.5 298 298 297.7 298.1 299.4 301.3 302.6 305.4 303.4 303.5 311.6 310.2 306.6 303.1 299.4 291.6 286.2 283.3 283.3 275.4 258.6 242 223.1 206.6 187.6 161.2 171.1 173.2 178.6 187.4 204.8 220.4 229.7 240.1 235.8 247.6 264.8 274.9 284.5 291 294.8 296 290.9 272.9 250.1 226.7 204.4 180.4 158.6 137.9 123.9 106.8 104.2 117.2 120.8 127.7 132.8 139 152.3 178 200.1
279.9 262.8 244.7 227.3 213 203.1 183.9 192.2 201.7 210.1 223.6 244.6 262.4 270.6 269 269.5 274.8 280.2 285.9 291 293.7 294.3 294.7 294.6 293.7 293 289.7 291.3 292.2 289.9 289.4 288 284.2 283.5 277.2 269.7 262.1 254.4 239.3 229 217.4 198.5 178.6 160.9 156.8 165.2 176.5 188.7 201.1 208.9 213.6 222.7 238.4 254 267.8 273.3 276 276.3 279 277.4 274.7 266.5 233.9 205.3 177.2 153.6 139.2 127.4 104.9 105.3 115.9 119.7 124.9 130.2 135 140.7 164.6 187.6
275.8 259.8 240.8 219.9 203.1 196.8 180.6 185.3 193.7 200.6 219.9 242.2 253.4 256.3 252.1 253.9 258.6 266.2 273.7 277.2 277.8 276 278.1 280.2 281.3 279.4 275.7 276.6 275.9 274.7 274.5 274.6 276.2 275.8 275.5 270.8 259.9 249.1 229.5 220.5 211.7 200.1 188.5 175 160.7 147.7 163.9 179.2 188.1 194.8 203.9 213.4 235.5 250.2 254.3 261.3 265.8 266.7 266.7 268.4 270.2 263 235.9 201 173.3 162 149.1 126 105 107.7 114.4 118.1 120.9 127.8 131.4 135.4 148.2 167.7
266 254 239 215.1 195.9 184.8 175.9 178.9 184.3 192.8 213.5 228.9 233.6 231.5 233.1 240.6 247.8 256.6 266.6 275.4 273.9 271.2 267.7 264 260.2 256.9 253.9 249.8 247.9 248.8 251.8 256.5 258 263.8 265.9 261.6 254.1 236.8 219.1 203.3 194.3 186.8 174.1 167.5 164 140.2 154.3 170.4 177.7 187 199.6 208.4 228.5 241.4 246.6 249.8 253.1 255.1 257.3 257.7 256.5 253 233 201 180.1 170.3 153.1 129.5 108 104.8 112.7 116.3 118.1 121.6 126.7 134 138.6 154.6
265.9 256.5 240.9 216.6 193.5 179.5 172.1 174.5 177.4 188.6 200.1 209.9 214.6 216.1 222.2 230.3 239.3 249.8 265.6 277.4 277.2 274.1 270.2 265.7 260 253.5 247 239.8 230.7 224.3 223.8 229 230.4 235.7 239.3 228 207.7 192.2 183.4 174.3 163.2 155 147.3 143.8 142.6 129.7 145.2 160.2 167.7 178.3 189.6 196.1 215.5 229.3 237.1 241.4 244.8 247 248.4 251.2 251.4 245.8 235.7 211.1 188.9 179.2 162.5 136.4 114.7 104.6 111 115.1 117.2 119.3 122.9 131.1 136.3 141.3
259.9 249.8 238 219.9 193.7 179.7 166.6 169.9 169.9 176 185.5 193.7 198.9 204.5 216.5 226 238.1 254 269.9 280.8 285.1 285.3 283 280.3 271.4 257.4 247.1 237.5 227.9 218.8 206.2 204.5 205.1 204.3 204 195.6 182.8 170.1 158.3 147 134.5 125.2 122.3 120.9 121.1 122.8 138.4 147 156.4 165.2 175.6 190.9 204.9 216.1 227.4 232.9 235.9 241.5 242.4 243.4 248.2 246.3 238.9 227.3 200.3 188 169.6 142.9 120.6 108.6 104.6 108.6 114 118.7 120 125.4 133.5 137.5
248.2 241.1 230.4 211.7 195 182.8 168.2 161.8 160.3 166.8 173.8 181.3 192.6 202.4 217.1 235.2 252.4 265.3 273.5 285.4 292.4 292.6 290.9 284.4 276.6 270 260.9 241.4 231.9 222.5 204.1 191.5 184.5 181.9 178.9 172.3 160 148.7 138.2 128.6 120.1 114.9 114.5 114.5 114.5 114.5 120.8 132.8 144.4 151.8 157.7 168.9 183.4 198.3 212 223.2 227.4 230.4 235.6 237.8 239.2 241.2 238.9 228.8 205.6 194 176.6 149.1 131.3 111.5 109.1 108.1 106.6 104.6 104.6 104.6 119.3 133.6
234.6 233.5 221.4 203.7 191.8 183.4 173.9 166.4 155.7 160.4 173.5 185.9 201.1 220 235.7 250.3 268.1 283.8 287.2 284.7 291.5 297.7 296.6 294 284.1 270 260.2 248.6 231 225.6 205.5 192.2 182.6 169.4 157.2 149.6 139.9 127.7 117.9 114.5 117.3 119.7 123.7 124.9 122 118.8 117.9 114.5 128.2 138.3 146.3 151.9 162.9 175.1 188.7 196.1 204.4 213.5 219.4 225.8 230.7 236.2 236 226.7 210.4 197 185.4 163.9 140.8 123 110.7 109.5 109.1 109 109.1 109.4 104.6 112.5
220 215.6 206 196.6 185.7 178.3 170.6 163.7 153.7 163.9 181.7 200.3 217.1 238.1 254.1 268 279.7 284.1 283.8 280.1 272 276.5 279.3 278.3 271.6 260.5 252.2 237.9 225.2 211.7 199.8 182.7 170.1 157.4 147 134.9 124.3 120.4 115.3 118.9 120.8 127 125.9 125.3 124 123.2 119.3 117.3 114.5 122.9 133.2 140.6 148.9 155 162.2 170.3 180.8 188.6 199.3 209.4 215.8 221.7 226.1 225.9 219.5 207.8 191.2 170.5 148.6 130.8 116.1 111.1 110.3 109.9 109.8 110.5 109.9 104.6
207.8 200.4 197 187.1 176.3 170.8 165.8 160.3 150.5 162.2 186.8 208.6 231.4 239.6 245.7 252.8 257 265.4 270.3 268.4 257.9 250 249 249.9 244.9 237.1 230.1 220.9 215.4 206.5 187 166 153.8 147.4 139.3 130.5 122.2 118 119 119.7 122.1 119.3 119.9 122.3 123.3 123.3 123 119.9 118.1 115 120.1 130.1 139.8 147.1 151.1 156.3 162.1 167.8 180.6 193.7 205.5 213.1 217.4 219.3 217.4 213.7 209.3 187 161.5 140.5 128.5 115.1 111.4 110.7 110.6 110.8 110.7 109.9
184.8 186.5 178.5 171.1 167.7 165.7 162.3 153.7 148.4 163.6 182.4 208.1 220.5 227.8 228 231.2 240.9 251.5 256.9 253.3 247.5 238.7 225.5 218.8 218.1 222 220.1 210.6 210.4 204.5 178.3 156 146.9 142.3 133 124 120.4 115.3 119.9 123.3 122 121.4 121.6 124.6 124.6 123.6 122.8 122.1 119.8 118.6 116.2 115.9 130.1 139.7 145.8 148.9 153.7 159.2 169 181.2 191.7 201.9 209.3 214.3 219.8 219.9 218 199.9 176.1 154.2 137.5 128.3 115 111.6 111.1 111 110.9 110.9
163.2 163.2 165.1 166 164.9 160.9 159 150.1 145.9 162.2 169.6 190.4 208.2 216.2 211.4 207 212.9 226.5 238.9 244.7 251.7 248.9 234.5 211.3 195.5 191.6 191.9 192 192.2 183.9 165.2 147.1 140.4 135.6 131.2 120.9 119.1 115.3 120.7 121.7 124.8 126.9 128.6 122 122.1 122.7 121.3 122.2 122.8 120.2 118.4 117.2 115.9 130 142.8 145.8 147.4 152.5 157.9 167.3 178.2 191.6 201.4 208.2 216.8 221.3 222.5 208.8 192.3 167.1 150.8 139.2 128.3 116.3 112.7 111.6 111.9 112.1
145.1 147.3 150.5 152.4 153.7 154.3 151.7 144.2 141.8 153.8 154.9 161.9 179.7 185.1 193.8 191.9 184.3 195.2 203.4 217.5 225.7 236 234 214.7 195 173.7 166.5 166.8 170.9 174.9 151.1 144.7 138.2 137.3 133 120.6 115.3 119.1 127.6 125.8 133.7 135.8 135.8 130.6 125.2 130.6 131.5 121.6 121.1 123.4 119.1 118.1 117.6 115.9 133.4 143.7 145.3 147.2 150.9 156.5 165 176.6 190.3 201 210.7 217.9 220.8 214.5 200.4 182.2 168.1 149.5 140.6 130.2 120.5 112.4 111.8 112.5
135.2 137.6 138 139.3 141.7 144.1 144.7 140.3 137.7 145.3 146.5 144.6 146.5 152.8 154.6 156.1 155.8 164.6 174.6 183.9 195.2 207.4 212.3 208.2 197.7 173.7 156.9 153 152.5 150.5 147.7 141 137.7 137.3 129.3 120.2 116.9 125.5 136.3 141.8 146.9 155.3 154.8 152.6 148.6 137.5 140.7 140.3 123.4 121 119.9 118.6 118 116.5 120.6 137.1 142.6 144.6 146.6 151.6 157.7 163.2 175.6 191.9 203.2 209.9 212.2 214.9 210.5 200.9 187.7 173.1 162.1 146.1 129.7 119.3 112.7 112.5
120.1 125.3 132.8 133.3 133.7 138.5 139.2 137.8 134.6 140.8 139.7 143 142.8 143.3 142 136.4 136.4 141.4 145.6 154.8 163.6 172.8 183.9 200.4 198.2 175.8 160.2 147.3 145.2 146.9 148.1 142.6 136.4 135.1 124.5 120.1 116.9 131 144.1 148.2 160.2 179.1 176.7 171.5 163.8 152.5 148.3 149.4 143.3 127.9 124.8 122.2 119 117 115.9 126.9 135 140.2 144 147.5 152.5 153.1 158.9 173 184.9 195.4 206.2 212.6 212.4 208 206.9 194.9 186.4 170.5 146 131.3 120.9 112.8
125 122.6 120.1 127.9 129.7 133.9 133.4 135.4 135.6 136.2 134.8 135.7 139.1 140.3 140.1 135.6 128.1 136 138.4 139.1 140.3 141.5 151.2 160.2 174.1 169.4 159.7 145.8 138.9 140.3 142.7 141.9 136.2 131.8 124.4 119.3 119.3 135.5 146.8 153.6 175.2 198.5 194.3 187.9 183.8 176.9 164.3 161.6 157.6 146.5 139.6 133.4 126.1 119.9 116.6 115.9 125.7 134.7 138.9 143.3 147.3 149 149.5 154.3 161.7 173.1 186.1 195.9 203.5 207.4 208.4 203.6 196.4 187.3 166.4 144 135.5 119.4
124.4 124.8 125.1 120.1 122.9 126.8 131.9 130.9 133 131.4 128.9 130.1 137.1 133.7 133.4 129.6 126.3 137.3 133.1 123 121.8 121.1 118.2 123 133.5 151.1 148.5 138 135.9 136.9 139.7 139.8 135.2 125.9 121.5 116.9 126.6 139.4 152.4 164 189.2 209.7 212.7 207.8 203.7 186.3 177.2 173.8 169.9 165.7 147.6 140.8 133.9 127.7 122.3 117.4 114.3 114.3 121 132.9 144.4 149.8 147.9 150.7 155.6 159.7 166.1 176.9 185.2 193.7 198.1 201.9 193.2 186 175.1 157.8 144 138.2
124 124.2 124.1 124.2 120.4 120.3 126 128.7 127.2 126.4 125 124 124.1 124.1 125.1 123.5 124.6 127.6 121.4 121.3 121.3 118.2 121.9 127.6 118.2 119.2 128.3 131.4 135.7 142.3 138.9 132.4 126.9 121.6 118.6 117.9 133 143.8 155.2 172.4 200.9 221 226 222.4 217.8 213 208 195 195.5 186.8 174 170.3 153.5 144.5 134 125.6 118.2 115 114.3 114.3 126.2 140.3 148.4 148.9 152.9 156.6 161.7 166.5 171.6 180.6 192.9 196.9 191.7 181.3 170.5 156.4 148.9 143.8
