UK/data/nn/nn70_OST50GRID_20230518/NN70.asc
ncols 200
nrows 200
xllcorner 270000
yllcorner 700000
cellsize 50
[rows 0 to 34 of 200, columns 0 to 78 of 200]
402.3 404.3 406.4 409.7 412.5 414.7 416.5 418.2 419.2 420.6 420.9 421.3 420.5 419.1 415.9 412.5 409.6 406.7 404.5 402.6 400.6 398.7 396.7 393.1 388.9 385.3 380 378.1 384.8 387.5 390.3 393.7 395.5 397.4 399.1 401.1 402.8 404.8 405.4 405.8 407.1 408.3 409.5 410.4 411.7 413.2 414.6 413.5 412.3 417.9 422.4 426.2 429.8 434.1 437 438.4 440.1 442.7 444.2 448.6 452.1 454.8 457.4 460.5 464.2 468.6 471.7 475.9 479.8 483.3 485.2 484.4 481.9 477.5 473.7 469.5 465.1 461.4 457.2
398.2 401.2 404 407.7 410.5 412.6 414.1 415.8 418.1 419.7 419.8 420.3 419.3 417.6 415.2 411.8 408.6 405.7 402.7 400.3 398.2 396.1 393.7 390.7 387.4 384.3 380.8 374 381.4 384.4 388 390.2 391.9 395.1 396.6 397.9 398.9 400.9 401.7 402 403 403.9 404.7 405.8 406.9 408 409.2 409 408.7 414.1 418.2 422.3 426.1 429.4 431.8 434.1 436.4 439.1 440.9 445.2 447.9 451.7 453.7 455.4 458.6 461.3 464.3 467.5 470.9 472.9 473.8 473.5 471.1 467.7 463.5 459.3 455.9 452.9 449.1
393.7 397.9 401.8 404.1 407 409.8 413 415.1 417.1 418.6 419.4 419.4 418.6 416.9 414.1 411.2 407.9 404.7 402 398.5 395.9 394.4 393.3 390.7 386.3 382.7 379.7 367.2 379.1 382.1 384.3 385.4 389.1 391.6 393.3 394.4 395.3 397 398.1 398.6 399.5 400.1 401.3 402.1 403.2 404.3 404.5 403.3 406.5 410.6 414.8 419.1 421.6 424.5 426.8 429.9 432.1 435.5 437.3 441.1 443.8 446.2 448.8 450.7 452.4 453.8 455.5 458.2 460.7 462 461.8 460.8 459.2 456.2 452.1 448.2 445.6 443.2 440.5
390.3 394.6 397.6 401 404.3 408 411.2 414 415.8 417.3 418.6 418.7 417.9 416.2 413.7 410.5 407.7 404.6 400.7 397.4 395 393 391.8 390.2 386.3 381.7 377.7 364.8 374.1 378.6 380.1 382.3 385.1 387.4 389.7 390.3 391.9 392.4 394.1 395.5 396.3 397.7 398.1 399.3 400.2 400.5 400.6 398.7 403.7 407 410.3 414.6 417 419.3 421.3 424 427.1 431.1 432.6 437.1 439.5 440.8 442.4 444.3 444.4 446.9 446.7 447.9 449.9 451.5 450.8 449.3 447.8 444.7 441.3 438.1 435 432.5 430
384.4 388.8 393.9 398.6 402.7 406.5 409.5 411.9 414.2 416 416.9 417.1 416.1 414.5 412.3 409.1 405.6 403.2 399.3 396.3 393.3 391.4 390.1 388 384.7 379.8 375.6 367.7 367.5 374.8 377.2 379.4 381.6 383.4 385 385.9 387.8 388 390.1 391.8 392.7 394.6 395.1 395.9 396.9 397.4 396.9 396.8 400.5 403.5 406.6 409.3 412 414.7 416.3 418.5 422 423.6 428.8 432.1 434.3 435.6 436.8 438.6 439.9 440.7 439.5 437.6 439.8 440.4 438.7 437.5 436.3 433.4 429.9 427.8 424.4 422.4 419.6
379.4 384.2 389.6 393.9 398.5 403 406.7 409.1 411.2 413.3 414.5 414.6 414.1 412.7 410.4 407.8 404.7 401.7 397.6 394.3 391.6 389.4 387.7 386.1 382.7 378.4 373.3 365.4 363.3 371.2 373.1 376.2 377.3 379.1 380.7 381.9 383 384.3 386.4 387.8 389.6 391 391.5 392.2 393.1 394 391.1 395.3 397.7 399.9 401.7 404 406.2 409.4 410.7 412.8 414 419.9 423.8 427.1 427.9 429.3 430.5 431.6 432.1 432.1 431.1 429.1 426.8 427.6 427.4 425.2 424.2 422.9 420 416.7 413.8 412.6 410.2
374.6 378.8 383.8 388.4 393.2 397.8 401.9 405 407.3 409.4 411.1 411.9 411.1 410.2 408.1 406 403.1 399.9 396 392.6 390 386.9 384.6 383.2 380.6 376.9 371.7 366.1 354.5 366.4 369.9 372 372.3 373.8 375.7 377.8 378.3 380 381.7 383.4 386.1 387 387.4 388.3 389.2 389.5 388.5 391.3 393.6 395.5 397.4 399.1 400.8 403.3 403.2 404.8 410.4 414.7 416.9 419.5 421 422.8 422 421.9 421.7 421.7 421.1 420.9 420.1 417 415.8 414.8 412.6 411.5 410.1 407.7 404.7 402.8 401
369.8 373.6 377.9 382.5 387 391.7 396.1 399.7 402.5 404.8 406.6 408 407.7 407 405.3 403.6 401 397.8 394.5 391.5 388 384.2 381.2 380.2 377.7 374.1 369.7 364.5 353.8 359.8 365.8 368.1 369.1 369.3 371.3 372.7 374 375.6 377.5 379.2 381.7 382.8 383.2 384.3 384.8 384.1 385.9 388.2 389.7 391.5 393.4 395 395.8 397.6 397.7 402.2 405.3 408.2 410 411.8 413.8 414.8 413.5 413.7 412.8 412.1 411.3 410.2 409.4 408.6 406.8 405.9 403.9 402.4 401.1 398.9 397.1 395.1 394.1
364.8 368.1 372.8 376.5 380.6 385.3 390.1 394.2 397.2 399.8 401.8 403.2 403.6 403.1 401.9 400.5 398.6 395.5 392.7 389.8 386.5 382.6 379 377.2 374.7 370.8 366.9 362.5 354.1 355.7 362.2 364.2 365.2 365.6 367 367.7 369.1 370.7 373 374.8 377.3 378.2 379.2 380.3 380.7 378.8 382.2 384.4 385.7 387.6 389.4 390.7 391.8 392.9 393.3 394.9 398.9 401 402.6 404.4 405.6 406.1 405.3 406.2 405.3 404.1 402.3 397.3 397.8 399.7 399.4 397.8 395.9 394.3 392.7 390.7 389.2 388.3 387.5
359.1 360.8 366.2 370.6 374.6 379.4 384.4 388.3 392.1 394.5 396.2 397.8 398.8 398.8 397.8 396.9 395 392.6 389.5 387.1 384.2 380.7 377.4 374 371 367.3 363.9 360.1 353.1 348.7 357.7 359.8 360.7 362 363.6 363.5 365.2 367 368 370.8 373.1 374.5 375.5 376.4 376.7 374.6 378.6 380.6 381.9 383.7 385.8 387.3 387.9 388.7 391 388.4 392.5 394.1 396.1 396.9 397.2 397.3 396.8 398.4 397 395.7 393.6 391.5 388.1 392.6 392.2 390.1 389 387 385.2 383.3 382.8 381.7 380.1
352.9 354.5 359.3 363.6 368.1 372.9 377.7 382.3 386.1 389 390.7 392.2 393.2 393 392.7 392.4 390.8 388.9 386.3 383.9 381.6 378 374.9 371.1 367.7 364.2 360.8 357.4 353.4 342.6 352.8 355 356.8 358.3 359.8 359.7 361 363 364.3 367 368.4 369.7 370.9 372.3 372.8 370.3 375.2 376.7 378.6 379.4 381.8 383.4 384.2 384.6 385.1 384.9 386.8 388.6 390.1 390.9 390.3 389.9 389.1 390 389.5 388 386.4 385.4 383.4 386.1 385.5 384.6 383.4 380.2 378.2 377.5 376.7 375 373.5
346.2 349.2 352 356.3 361.6 366.6 371.8 375.8 379.3 382.7 385.4 387.1 388.1 387.7 387.4 386.7 385.7 384 382.7 379.9 378 375.1 371.4 368.5 364.7 360.3 357.5 354.4 351.5 339.3 346.8 350.8 352.6 354 355.2 356.1 358 359.1 361.4 363.3 364.4 366.2 367.5 368.4 368.4 368.5 371.5 373.2 374.4 375.7 377.8 379.4 380.3 380.7 380.7 381 382.5 383.6 384.8 385 384.1 382.6 381.5 382 381.7 380 378.8 378 377.6 380 380 378.5 377.8 374.7 372.3 371.4 370 368.4 367.1
339.6 343.5 346.1 349.9 355 360.1 365.4 368.7 371.8 375.4 378.6 381.2 382.5 382.6 382.3 381.7 381.3 380 378.3 375.9 374.1 371.6 368.4 365.1 361.6 356.7 353.4 351.4 348.7 342.6 339.6 346.7 348 350.1 351.6 353.6 355 355.6 358.2 359.3 360.8 362.5 364.3 365.1 364.5 364.6 366.9 368 369.5 371.2 373.2 375 376 376.9 377.1 376.8 377.4 378.1 378.7 379 377.8 376.3 375.2 374.7 374.2 373.9 372.6 371.7 370.9 372.9 373.1 371.4 372.1 370.1 368 366.4 365.6 364 362.8
334 337.1 340.6 342.8 347.8 353 358.1 361.6 365 368.1 371.3 374.2 376.3 377.1 376.9 376.7 376.4 375.3 373.8 372 369.9 367.6 364.9 361 357.7 354.3 350.3 347.3 345.1 339.5 334.7 342.7 344.2 346.3 349.2 350.6 352 352.7 354.4 356.2 358 359.9 361.5 362 361.4 360.6 362.6 363.4 365 366.9 369 370.4 371.8 372.8 373.6 373.2 372.7 373.2 373.8 373 371.9 371.2 368.9 368.8 368.3 367.6 366.7 366.2 366 365 365.3 364.5 364.1 363.9 363.4 361.8 361 359.8 357.9
329.2 332.4 334.6 336.9 340.7 344.6 350.4 355.3 358.8 361.4 364.5 366.8 369.2 371.4 371.6 371.3 370.9 370.6 369.7 367.8 365.5 363.8 360.9 357.2 353.6 350.7 348.4 345.2 340.9 332.6 336.8 339.8 341.3 344.2 346.7 348.3 349.3 350.2 351.3 353.2 355.2 357.2 359 359.2 358.5 357.9 359 359.8 361.4 363.2 364.5 365.7 367.6 368.9 369.7 369.2 368.6 369.1 369.4 368.8 368 367 365.9 364.5 364.4 363.4 361.8 361 361 360.9 360.2 359 358.1 357.8 357.1 356 357 356.5 354.6
324 326.6 328 331.1 333.5 335.9 341.9 347.1 351.4 354.6 357.5 359.5 362 364.7 365.6 365.6 365 364.6 363.8 362.9 361.3 359 356.5 353.5 350.1 347.4 344.7 341.8 338 324.1 335.9 337.5 340.3 342.7 344.6 346.3 346.9 347 348.7 350.5 352.3 354.5 356.5 356.9 356.4 354.8 355.9 356.2 357.9 359.4 360.5 362.3 363.3 364.5 365.6 365.5 364.6 365.3 365.1 364.7 363.9 363.1 362.3 360.8 360.4 359.7 358.4 356.7 356.5 356.1 355.1 354.5 353.6 352.7 352.3 351.1 351.8 351.8 351.2
319.1 320.1 321.3 323.9 326.5 329.7 333.4 337.3 341.9 347 350.1 352.6 354.9 357.2 358.6 358.8 358.8 358.4 358.5 357.6 356.3 354.9 352.8 349.8 346.7 343.9 341.5 338.4 334.3 320 333.8 337.2 339.5 341.1 342.4 343.9 344.3 344.5 345.9 347.6 349.8 352.1 353.9 354.4 352.9 352.1 352.7 353.2 354.1 355.5 357.2 358.6 359.4 360.3 361.3 361.5 361 361.4 361.3 360.3 359.8 359.8 359.1 357.4 356 355.3 354.6 353.5 351.9 351.2 350.5 350.2 349.5 348.3 347.6 347.2 346.5 345.9 345.1
313.7 314.9 316 317.9 319.7 322.5 324.5 329 333.8 337.6 341.4 344.3 346.9 349.1 351 351.8 352.6 352.3 353 352.7 351.5 349.9 347.8 345.6 343.2 340.8 338.3 336 332.9 317 332.5 336.2 338.1 339.5 340.7 341.1 341 341.8 343.1 344.4 346.1 348.8 351.3 352 349.8 350.1 350.4 350.2 351 352.1 353.8 355 355.8 356.7 357 356.5 356.4 357.4 357.3 356.2 355.8 355.9 355.7 354.9 353.2 352.2 351.3 350.1 348.4 347.5 347.1 346.4 345.7 344.4 343.5 341.7 342.2 341.9 340.8
308.6 310 310.7 311.5 313.1 314.7 318.2 321.1 323.7 326.8 330.8 334.7 337.5 340.4 343 344.5 345.1 345.7 346.2 346.5 346.2 345.1 343.1 341.4 339.7 337.2 335.1 333.6 330.1 314.8 331.1 334.4 336.1 337.5 338.3 338.8 337.9 339.3 340.8 341.8 342.9 345.7 348.6 349.6 348.1 346.5 347.7 347.2 347.8 348.7 349.9 351 352.7 353.5 353.5 353.2 352.8 353.6 353.5 352.6 351.9 352 351.9 351.2 349.9 349.1 348.2 346.8 345.5 344 343.7 343 342 341.2 340.4 338.7 338.1 337.7 336.1
302.5 305.9 306.3 306.5 307.3 309.2 311.3 313.1 314.8 317.2 321.5 324.8 328.9 331.6 333.9 336.2 337.3 338.6 339.6 339.6 339.3 339.4 338.5 337 335.3 333.5 331.7 330.2 326.5 311.9 328.2 331.7 333.7 334.9 335.7 336.2 335.5 337.1 338.3 339.3 340.5 342.6 345.1 346 346.2 343.7 343.8 344.7 344.5 344.6 345.5 347.2 349.1 350.4 350.2 349.9 349.7 350 349.6 349 347.8 348.5 348.3 347.6 346.1 345.1 344.8 343.9 342.1 340.8 340.1 339.6 338.7 337.9 336.8 335.3 333.7 333.1 331.5
298.7 301.5 302.5 302.2 302.6 304.1 305.9 307.5 309.4 311.8 314.3 316.9 321.1 323.2 325.2 326.4 327.7 329.8 331.1 331.7 332.1 333.4 333 331.4 329.4 328.7 327.9 326.5 320.8 308.8 324.2 328.6 330.5 332 332.6 332.8 332.8 334.1 335.3 336.4 337.4 339.5 341.1 342.1 342.7 341.9 340.6 342.1 341.4 341.2 341.8 342.5 344.2 346.1 346.4 347.2 346 346.7 346 345.6 344.6 344.5 344.3 344.4 342.9 341.2 341 340.3 338.4 336.8 335.5 335.5 335.2 334.4 332.9 331.4 329.5 328.6 326.9
296 296.9 299 298.4 299.3 300.1 301.5 303.6 305.5 307.4 308.7 310.1 312.7 315.3 316.9 318.1 318.3 320.9 322.7 322.9 324.5 326.2 325.5 325 323.5 323.1 322.6 321.6 318.4 305.9 321.1 325.5 327.3 329.1 329.8 329.9 330 331.5 332.2 333.5 334.5 336.2 337.2 338.5 339.2 339.4 337.6 339.4 339.3 338.3 338.4 338.8 339.5 341.2 342.7 344 342.5 343 342.6 341.9 341.1 340.7 340.6 340.3 340 339 337.4 336.8 336.3 335.6 334.6 333 330.8 329.5 328.5 326.7 325.8 323 321.4
293.6 293.8 294.9 295 296.5 297.3 298.1 299.6 301.4 302.9 303.9 305.2 307.3 309.3 309.9 311 312.2 313.2 315.1 315.8 317.2 318.4 317.9 317.4 316.7 316.4 316.9 316.3 314.2 303.2 318.4 321.9 324.1 325.8 327.1 326.9 327.5 328.9 329.9 330.9 331.6 332.7 334.5 335.7 336.7 336.9 335.7 335.8 337.3 336.2 335.6 335.7 335.8 336.4 338.1 339.4 339 339.7 339.5 338.6 337.8 337.7 336.9 336.2 335.8 335 333.9 333.8 332.7 332 331.3 330.5 329.7 329 327.3 325.2 323.3 321.3 319.4
291.8 290.5 290.5 292.4 293.8 293.8 294.7 295.8 296.9 298.1 298.8 300.6 302.5 303 303.8 304.8 305.8 307 307.8 308.9 310 311.4 311.6 310 310.1 310.4 310.9 310.8 309.1 299.1 315.3 318 320.4 322.2 323.4 323.1 324.4 325.8 327.1 328 328.9 330.3 331.9 332.9 333.8 334.2 333.3 333.7 334.7 334.5 333.6 333.4 332.9 332.7 333.5 334.6 334.8 335.9 336.4 336.4 334.8 334.3 333.6 332.3 331.6 330.4 329.8 330.6 329.3 328 327.4 326.8 325.6 324.4 323.3 322.1 320.7 318.8 317.1
290.5 287 287.3 290.3 290.8 291.3 291.8 292.2 292.7 293.5 294.6 295.9 297.1 298.1 299.3 299.5 299.7 302.2 303 303.4 304.4 305.2 305.9 304.9 304.1 304.2 304.5 304.9 301.9 305.4 311.8 314.1 316.4 318.3 319.6 319.3 321.2 322.5 323.8 324.8 325.6 327.3 328.8 329.7 330.6 331 330.4 331.8 332.8 332.6 332.2 331.1 330.7 330 329.4 330.6 330.4 331.8 332.3 332.4 331.1 330.3 329.4 328.4 327.4 326.9 326.1 325.4 324.4 323.8 323 322.8 322.7 321.5 320.1 319 317.8 316.2 314.8
289.1 285 284.5 287.2 288.7 288.9 289 289.1 289.6 290.4 290.9 291.6 292.7 294 294.6 294.3 294.9 297.3 299.4 300 300 300.5 300.7 300.7 299.5 299 299.9 300.1 291.9 302.5 308 310.1 312.5 314.9 316.3 315.8 317.9 319.2 320.4 321.1 322.4 324.2 325.5 326.7 327.4 327.8 327.4 328.9 330 330.2 330.1 329.4 328.5 327.5 326.1 326.5 326.1 327.4 328.2 328.4 327.5 327.2 326.5 325.7 324.8 323.6 322.3 321.7 321.5 321.1 319.7 318.7 318.1 316.9 315.7 315.2 314.2 313.3 311.9
289 284.2 282.2 282.8 285.2 285.7 286.3 286.1 286.6 287.3 287.7 288.2 289 290.7 290.8 289.9 290.7 293.4 296.1 297.4 297.5 296.4 295.3 296.6 296.5 294.7 294.9 295.7 287.5 301.9 304.8 306.6 308.9 311.1 312.7 313 315 316.1 316.8 317.5 319.2 320.9 322.2 323.5 324.4 324.6 324.2 325.3 326.6 327.1 327.5 327.5 325.8 325.7 323.3 322.2 321.9 323.3 324 324.4 324 323.8 323.6 322.1 321.1 320.7 318.8 319.2 319 318.2 317.4 315.9 316 313.8 312.5 312.3 311.7 310.8 309.5
286.1 285.9 282.2 280.3 281.3 281.5 283.5 284.1 285.1 284.8 285.1 285.1 285.9 287.7 288.7 287.2 286.8 289.7 292.5 293.5 294.3 295 293.4 292 292.3 292 290.5 290.2 290.8 298.9 301 303.1 305 307.1 308 310.6 311.9 313 313.5 315.1 316.7 317.7 318.8 320.1 320.8 321.1 320.3 321.9 323 323.3 323.7 323.8 322.7 321.3 319.7 318.7 319 319.9 320.4 320.9 320.9 320.7 320.4 319.4 318.2 317.8 316.9 316 316.1 316 314.9 313.8 312.7 311 310 310.3 309.3 308.6 307.2
282.8 285.1 281.5 277.4 278.3 278.9 279.4 280.9 283.4 284.2 282.7 282.5 282 285.1 287.4 286.8 284.9 286.2 289.2 289.7 289.5 290.4 290.9 289.9 288.6 288.8 288.2 283.3 292.8 295.3 297.4 299.7 301.3 302.4 304.8 307.1 308.7 309.9 310.9 312.6 313.7 314.8 315.9 316.7 317.2 317.5 316.5 318.5 319.4 319.4 319.5 319.4 318.9 318 317.1 315.6 315.8 316.7 317.4 317.7 318.1 318.3 318.2 317.3 316.5 315.7 315 312.8 314.1 314.3 312.8 312.2 310.9 309.3 308.7 308.4 307.6 306.3 305.3
281 282.2 278.4 275.6 274 274.5 274.7 276.7 281.2 283.8 282 280.5 279.8 281 285.4 285.1 283.8 284.4 286.2 286.7 285.7 284.8 284.9 285.9 286.5 285.6 283.1 285.5 290.2 292.3 294.3 296.2 297.6 298.2 301.3 303.5 305.5 306.8 308.7 310.2 311 312.1 312.7 313.5 313.8 314.3 313.1 315.1 315.6 315.4 315.2 315.1 315.2 314.9 314.5 313.4 313.1 314.3 315 315.4 315.4 315.9 315.5 314.8 314.5 314.2 312.4 310.8 310.8 310.7 309.8 308.8 308.2 307.6 307.3 306.8 306 304.9 303.6
278.8 277.6 274.2 272.6 270.9 270.3 270.5 272.4 275.6 279.9 282.1 279.8 278.5 277.8 281.7 283.5 282.3 281.1 282 283 282.6 282.2 280.8 280.2 281.6 282 276.1 284.5 287.2 288.7 290.8 292.4 293 295 297.6 299.7 302.1 303.8 305.8 307.3 308.4 309.4 309.8 310.1 310.1 310.3 309.3 311.7 312.3 312.1 312 312.2 312.2 312.2 311.9 310.9 310.7 311.8 312.9 313.2 313.3 313.4 313.3 312.4 312 312.4 311.5 310.1 309.4 308.9 308.3 307.2 306.2 305.7 305.2 305.2 304.4 303.4 302.4
274.1 271.1 269 269.3 267.5 266.2 266.5 266.8 269.1 273.9 279.1 278.5 277.9 276.1 276.8 279.6 279.8 279.6 277.8 278.2 279.2 278.9 279.5 277.9 276.8 277.3 269.5 281.7 284.3 285.4 286.9 289 288.2 290.1 293 296 298 300.6 302.5 304 305.7 306.4 306.8 306.9 307 306.9 305.6 308.1 309.1 309.2 309.3 309.5 309.6 309.6 309.3 308.4 308.2 309 309.9 310.5 310.6 310.7 310.8 310.5 309.9 310.3 309.8 308.8 307.9 307 306.7 306 305 304.4 304.3 304 303 302 301.1
269.4 266.1 264.9 264.9 265.3 262.7 263.5 263.1 264 267.7 274.1 276.3 276 274.4 273.5 275.1 276.2 276.1 275 274.4 275.4 275.7 275.8 275.2 274.2 273.9 267.7 275.7 279.5 281.1 283.2 285.5 284.7 286.2 289.5 291.8 293.9 296.6 298.5 301 302.7 303.7 303.9 304 303.9 304 302.6 305 305.6 306.1 306.7 306.8 306.8 306.7 306.5 305.8 305.8 306.5 307.3 307.8 308.2 308.6 309 308.6 307.8 307.7 307.3 306.9 306.2 305.1 304.4 303.8 302.9 302.7 302.6 302.4 301.8 301 300.2
265.7 263.9 263 261.7 261 261.5 259.6 259.8 260 263.3 269.8 273.2 273.4 272.2 271.1 270.8 272.4 272.5 271.2 269.9 270.8 271.7 272.5 272.6 271.9 271.1 266.5 270.6 272.3 276.5 279.8 281.9 281.9 283.5 285.2 287.1 289.8 292.5 294.7 297.7 299.4 300.3 300.8 300.7 300.5 300.2 299.3 301.7 302.1 302.6 303.3 304.1 304 303.9 303.8 303.6 303.4 304.1 304.7 305.2 305.7 306.2 306.6 305.9 305.3 305.1 304.9 304.5 304.1 303.5 302.4 301.7 301.1 300.9 301 300.9 300.2 299.7 299.1
260.3 261.2 260.8 259 258.3 257.6 256 256.1 257.2 262.1 266.1 268.9 269.7 269.3 268.7 268.1 267.3 268.1 267.7 266.5 265 267.4 268.2 269.2 268.7 267.9 263.8 268 268.8 271.6 275.6 277.6 279.3 279.8 280.6 282.6 285 287.3 290.3 292.9 295.5 296.5 297.2 296.9 296.5 295.9 296.7 298.1 298.6 299.3 300.2 301.1 301.3 301 301 300.7 300.5 301.2 301.9 302.4 303 303.5 304 303.5 302.9 302.6 302.3 302.2 301.9 301.5 300.7 299.9 299.2 299.2 299.3 299.2 298.7 298.4 298.3
