WholeMapElevations/data/nn/nn99_OST50GRID_20230518/NN99.asc
ncols 200
nrows 200
xllcorner 290000
yllcorner 790000
cellsize 50
[rows 68 to 101 of 200, columns 0 to 77 of 200]
940.5 936 931.4 929.1 926.9 922.3 922.3 920.8 918.8 918 916.7 914.8 913 908.5 905 899.3 895.3 891.8 897.7 893.8 895.5 885.1 880.8 881.3 872.3 868 866.8 862.5 864.1 859.8 851.2 850.5 858.2 854 851.4 858.2 862.5 863.5 868.3 870.6 878.1 882.3 887.1 900 905.5 905.3 913.6 917 921.4 922.1 922.6 926.3 927.7 928.6 930.5 932.3 931.7 932.1 932.1 931.7 935.7 939.1 941.9 943.4 945.6 947.9 948 947.2 945.3 943.2 941.7 941.3 940.9 942.5 944.5 944.8 946.7 951.4
939.9 935.9 932.8 927.1 925 923.5 921.6 918.9 916.9 915.5 914.4 913.6 911.4 908.7 904.9 901 900.3 897.6 899.7 899.3 897 895.9 886.9 884.7 874.6 872 870.9 870 867.8 863.9 866 862.8 862.1 859.3 852.5 857.2 866.6 865.1 867.7 876.5 882 884.8 893.4 898.9 899.2 907.5 916.9 919.3 919.4 922.9 924.6 924.2 925 924.8 925.2 926.3 927.1 926.6 927.1 929.1 933.9 936.8 938.4 938.7 939.5 940.6 940.6 939.3 938 935.9 934.5 933.7 933.8 936 936.8 936.8 940.8 948.4
939.8 936.4 932.7 928.9 925.2 923.5 922.9 921 918.6 915.1 913.4 911.7 909.2 907.3 905.7 904.6 904.6 901.6 899.3 900.3 902.4 897.9 891.1 888.3 880.1 879.9 877.9 873.1 869.8 869 871.7 870.9 868.1 862.6 853.8 859.7 867.8 871 870.9 877.7 884.6 893.6 898 893.5 905.4 910.8 918.5 921.9 921.4 922.3 923.3 921.9 921.9 921.9 920.9 921.3 921.9 921.5 923.8 927.7 932.2 934.5 934.9 935 934 933.9 932.8 931.8 929.4 929 928.1 927.8 929.3 929.8 929.3 932.3 937.6 947
940.5 936.9 932.5 928.4 925.1 924.8 923 922 920.2 915.7 912.7 910.6 908.2 907.1 905.8 904.8 906 907.3 903.2 903.4 904 900.2 897.9 890.5 882.4 883.9 875.1 874.1 876.9 875.1 875 874.3 870.8 861.8 855.1 864.5 868.1 871.1 872.5 878 887.3 895.1 891.3 900.2 908.9 917.6 926 925.7 924.8 923.1 922.7 920.6 918.3 917.5 917.2 917.1 917.8 919.3 923.4 928.7 933.8 933.2 931.6 929.4 928.4 928.4 927.1 926.1 925 924.4 924.3 924.3 923.9 922.8 925.7 930.1 936.4 946.3
940.2 936.7 932.3 930.2 928.6 928.2 925.9 923.3 920.2 916.7 914.1 911.3 908.7 905.8 905.9 904.8 904.7 907.8 904 903.6 907.1 903.9 898.5 891.3 886.8 881.5 876.5 874.3 876.7 877.2 872.5 872.2 869.6 860.7 856.3 866.6 864.9 868.7 873.9 882.6 889 896.2 892.2 903.8 920.1 923.7 927 926.2 926.7 923.3 921.6 919.5 916.7 914.5 914 913.6 914.9 917.1 922.2 927.8 933.6 932.2 928.5 926.5 924.6 922.8 922.3 921.9 920.7 918.8 919.4 918 916.8 917.2 923.2 928.8 935.3 942.7
941.6 937.6 934.7 932.4 929.8 930.2 928.3 924.2 920.3 917.9 915.3 911.7 907.4 904.3 904.3 904.2 904 902.4 904.4 901.8 905 901.3 897.5 890.9 884.9 881.2 879 880.4 878.1 881.1 872.4 867.2 867.7 860.2 858.7 868.5 867.3 872.7 873.6 884 889.4 898.3 895.2 906.6 923.8 927 928.6 925.1 924.4 922.8 920.1 917 916 912.4 911.3 911.4 912.6 915.6 920.6 925.5 931 927.5 924.6 922.3 920.3 919.8 919.1 917.8 916 914 911.2 911.2 910.9 915.7 920.9 927 932.6 938.4
942.6 939.1 936.8 934.9 933.1 931.7 929.3 926.6 920.3 918.5 916 912.2 908.3 904.3 904.2 902.4 901.9 902.1 904.9 904.3 902.2 902.7 899.7 894.7 891.1 886.5 878.6 883.4 883 878.5 872.9 870.2 869.7 863.9 862.6 865.2 865.8 867.4 877.8 879.4 889.7 898.2 899.6 906 920.6 927.7 927.8 924.6 921.9 920.7 918.1 915.4 912.9 910 909.3 909.7 910.6 914.1 918.7 924.2 925.4 922.1 919.5 916.3 916.4 914.5 914.2 911.9 908.6 907 906.2 906.9 910.1 914.1 920.4 927 933 939.3
943.9 939.5 937.8 936.1 935.4 933.5 930.8 927.7 922.3 919.5 916.4 912.5 909.5 905.6 903.9 901.2 900.5 903.5 902.4 903.8 905.9 903.4 900.9 894.7 890 886 882 881.1 881.2 877.9 872.6 873.9 867.2 866.9 865.2 864.4 864 865.6 875.9 883 885.5 894.1 904.1 909.8 917.6 924 923.5 921.8 919.1 918.1 914.6 914.1 910.9 907.3 907.7 908.2 909.1 912 916.3 919.2 918.4 914.8 911.8 912 909.2 908.8 906 899.7 901.2 900.5 900.8 904 909.4 914.8 920.9 925.5 931 934.6
943.3 939.7 938.5 937.9 936.6 934.8 931.8 928.2 922.9 921.2 918.8 915.3 911.2 906.4 903.7 901.9 898.7 898.7 898.1 902.3 905.2 901 898.8 893.6 893.1 889.6 884.5 883.3 884.5 880.1 878.1 873.4 869.3 865.9 862.7 863.3 863.1 866.6 875.7 880.4 885.6 887.9 902.2 905.9 913.1 917.8 920.2 917.4 916.2 914.4 911.5 908.9 906.7 905.2 906.1 906.4 907.7 910 911 911.8 910.4 906 904.2 901.4 900.5 900.1 896.7 894.6 894.4 896 898 903.2 909.8 915.8 921.3 925.1 928.7 932
941.4 940.6 939.9 938.3 937 935 932.6 928.7 925.2 922.3 919.9 915.1 911.3 907.4 904.9 900.7 897.9 897 896.1 899.4 900.7 900.3 900 899.1 897.8 890.3 889.7 885.5 885.1 881.3 872.7 870.4 870.5 863.8 862.7 862.7 863.9 867.7 873.8 876.1 883.2 887 895.2 905.4 909.1 912.8 914.6 913.4 911.7 909.9 907.6 904 903.1 903.2 903.7 904.8 906.7 906.3 905.2 902.9 900.7 898.4 898.3 900.6 895.2 894.2 891.1 890.9 891.7 892.9 896.6 901.5 909.8 915.7 920.3 924.5 927.2 927.9
939.5 940.6 940.6 939 937.3 935.4 933.1 929.7 927.2 925.1 921.9 915.5 913.1 908.3 905.1 901.6 898 898.1 895.3 896.5 897.1 900.8 904.4 902.7 899.9 896.5 891 891 887.9 882.1 877.6 873.6 866.1 862.7 862.7 862.8 863.2 866.9 868.4 873.2 879.5 882.1 889.9 897.2 903.9 908.4 908.9 908.4 906.6 901.5 902.2 899.5 900.9 900.6 899.4 902.8 901.7 901.1 899.1 896.1 894.8 894.1 892.5 891.8 890.7 888.8 889.4 889.8 890.5 892 894.1 898.8 907.8 910.2 917.7 921.6 923.5 923.7
938.3 940 940.9 939.1 936.6 934.9 933.9 932.4 930.9 928.9 924.3 918.7 916.2 911.5 908.2 903.9 898.6 896.9 895.2 894.6 895.8 898.6 902.2 901.1 901.6 903.3 897.4 890.7 887.5 881.5 875.9 866.7 862.7 862.7 862.7 864.4 863.8 865.4 868.2 870.9 875.1 881 887.8 894.7 900.4 901.4 901.2 901.2 899.5 897.1 895.4 896.6 897.1 897.6 897.9 899 894.6 894.5 891.8 892.3 890.8 889.6 890.8 888.8 888.3 887.6 888.5 889.4 890.4 891.7 892.9 900.1 901.8 905.8 911.9 916 918.1 918.1
939.3 940.5 940.7 939.3 936.8 935.7 935.8 934.7 933.7 931.2 927 921.7 917.9 914.4 913.4 906.4 904.1 899.3 897.2 893.9 893.6 893.8 898.6 900.6 904.7 903.8 898.8 892 887.6 880.9 877.7 870.1 862.9 862.7 862.8 865.1 862.9 863.4 864.7 867.5 871.3 877.6 883.1 889.4 892.7 894.4 894.5 892.4 893.8 891.5 891.3 893.8 894.5 893.6 894.1 893.7 890.5 890.5 889.7 890.1 887.9 888.6 887.8 887.9 887.2 887.2 887.8 888.7 890.6 892.1 893.6 895.1 897.1 903.7 907.5 907.9 908.3 908.5
938.9 940.1 940.4 940.1 938.3 937 937.2 937.2 936.4 933.8 930.3 925.8 920.9 917.7 915.5 911.5 909.5 904.8 901.1 896.4 892.6 891 893.7 898.7 903.6 904.3 901.1 897.1 892.8 883.1 877.2 867.5 862.6 862.7 863.5 863.2 862.8 863.2 865.3 868.2 873.8 876.4 880.4 885.9 887.9 888.8 889 887.2 887.3 887.6 888.7 891.3 891.2 890.2 889.5 887.9 888.3 888.1 888.9 887.2 886.4 887.2 888.2 888.5 888.2 888 888.4 888.7 890.5 892.4 894.9 895 899.7 903.8 903.6 903.5 903.2 900
938.1 939.8 940.8 941.4 939.8 937.9 938.5 939.5 938.3 937.1 934 930.7 926.4 921.8 918.1 914.6 913.5 910.9 902.8 899 895.3 890.9 887.2 895.9 902.3 904.4 903.7 899.6 894.8 885 877.8 868.8 865 863.7 863.3 864.2 864.5 864.5 866.2 868.7 873 877.2 877.7 880.4 882.6 883.1 884.4 884.4 884.5 885 886.4 888 888.4 887.1 886.8 885.9 886.1 886.6 884.8 885.6 886.8 888 889.7 891.3 890.8 892.1 892.8 894.1 895.6 897.8 899.5 900 897.2 897.7 901.2 900.9 896.6 893.9
939.2 940.9 942.4 943.2 941.5 939.6 939.3 940.7 941.1 940.1 938.3 936.6 932.2 925.3 921.9 918 916.5 914.9 906.7 902.4 896.6 893.3 886.1 891 898.4 904.1 902.1 899.6 894.3 887.4 880 873.4 867.4 863.9 865.3 866.9 868 868.8 867.4 871.8 874.6 878.8 880.4 881.3 878.8 879.3 878 880.9 881.6 881.2 881.6 882.9 884.3 884.5 885.1 882.1 885.1 887.9 888.9 890.1 891.8 892.2 893.1 896 898.3 900.8 902.8 903.9 905.1 906.5 907.2 907.4 904.9 902.4 897.3 895.3 889.2 885.9
940.4 941.9 943.6 945.1 944.2 942 941.5 943.6 943.9 943.1 942.2 941.3 936.8 928.6 922.3 920.9 921.4 916.6 911.3 905.9 900.1 895.1 886.7 885.4 893.2 900.9 899.6 896.9 892.5 888.1 880.7 875.2 869 865.2 867.2 868.4 869.9 869.4 872.3 874.2 878.2 882.8 883.4 879.8 879.7 877.2 876.3 876 878.5 878 878.9 880.3 881.8 881.8 881.1 884.2 888.7 892.7 895.3 896.5 898.8 898.5 900.1 903.5 907.4 909.8 912.8 914.7 916.1 917.4 917.8 917.7 915.9 911.4 903.9 894.3 886.1 882.1
941.5 943.3 945.1 946.8 947.8 945.7 945.6 946.8 946.5 946 944.8 942.9 939.4 931.7 925.7 922.2 923.9 920.1 915.4 907.9 902.1 894.7 886.3 879.9 889.5 895 896.1 893.3 890.1 886.3 881.8 875.7 868.9 868.7 869.9 870.5 870.5 874 878 877.5 881.9 888.1 888.3 884.5 881.3 876.8 875.4 875.8 876.1 876.2 877.1 878.3 879.8 880.2 881.5 886.1 892.5 897 902.1 905.6 904.9 907.5 910.5 914.6 918.3 922.1 924.2 927.5 930.6 931.2 933.2 932.2 927.9 923.2 914.2 903.5 891.6 882.6
942.5 944.7 946.8 948.4 949.6 950.4 949.5 949.4 948.9 948.5 946.9 944.2 940.5 932.9 930 922 924 920.2 916.9 911.2 903.2 894.5 885.1 875 883.9 889.8 891 890.4 887.8 884.6 880.3 874.8 870.8 872.6 873.3 873.8 876.4 881.7 884.7 884.6 888 889.9 892.3 890.1 885.7 880 877.6 876.1 875.6 875.6 876.4 877.3 878.5 880.2 880 888.3 895.4 903.1 908.5 909.2 915.3 920 923 930.6 938.4 942.1 942.7 946.9 950.6 952.9 952.2 947.6 943.2 936.2 925.7 914.9 901.9 890.7
943.8 946.3 948.7 949.9 950.9 951.9 951.1 951.3 951.7 950.1 947.7 945.7 941.3 937.8 932.9 924.5 922.1 918.6 915.3 908.5 900.1 892.2 884.3 871.8 876.4 882.9 884.9 885.6 883.8 881.9 877.7 871.9 874.6 876.3 878.1 880.4 882.9 891.4 893.4 893.4 895 896.8 898 894.6 889.1 883.9 880.9 877.4 875.4 875.4 876 877 877.7 878.7 880.7 889.5 900.2 909.3 917.8 920.6 929.7 934.3 941.6 953.3 963.1 966.5 964.2 969.5 971.6 970.1 968.2 962.6 955.8 946.7 937.9 925.5 913.8 899.5
945.1 947.7 949.5 950 951.1 952.2 952.5 952 951.7 950.7 948.4 946.6 940.8 937.5 933.2 926.6 919.7 915.8 909.6 903.7 896.9 889.8 883.8 872.9 868 878.1 877.3 879.7 878 876.6 875 873.4 875.3 877.4 880.9 885.9 891.2 897.7 899.8 902.2 901.8 901.5 904.1 898.6 892.8 887.4 883.6 879.4 875.7 875.3 875.3 876.3 876.8 879.5 884.9 892.4 903.3 913.5 924.2 931.6 941.5 948 960.8 974.3 978.2 979.8 978.9 982.8 983.3 983.4 979.9 975.3 967.5 957.9 947.7 937 923.9 909.7
946.2 948.8 949.9 950.3 951.1 952.2 951.3 949.9 949.3 949.4 946.5 943.1 939.8 935.7 931.3 924.9 918.8 913.8 905.5 898.2 891.4 887.2 880.4 871.5 856.5 870 871.1 872.1 873 873.6 872.1 873.5 875.9 879.1 883.3 889.8 896 902 905.5 907.2 906.5 907.6 907.7 902.7 896.8 891 887.6 881.5 876.4 875.2 875.4 875.4 877.1 882.3 889.4 897.1 907.4 919.6 928.9 937.1 951.3 960.6 976.5 984.5 988.3 989.7 989.1 989.1 990.1 993.1 990.7 988.2 982 971.4 959.3 946.3 933.5 919.7
945.4 947.2 949.2 950.4 951.2 951.1 949.2 947.4 947.4 947.8 943.6 938.3 935.2 930.9 927.6 922.5 918.1 911.5 904.3 895.6 888.2 882.3 875.5 867.8 856.2 861.1 864.8 864.4 867.4 867.8 862.6 873.5 878.9 881.5 886 893 899 904.7 907.2 908.6 911.4 913 910.8 905.2 900.5 895.8 892.3 885.7 879.2 877 875.5 875.4 878.7 883.8 894.4 903.8 914.4 923.8 932.4 943.4 955.7 971.3 984.5 992.3 996.6 997.6 997.4 994.7 996.9 1003.6 1004.6 1001.4 997.8 986 975.6 963.5 947.7 934
943 944.4 946.7 949 948.8 948 946 944.3 944.5 944.4 939.6 933 930 926.8 924.5 921.6 917 910.9 899.8 890.6 886.3 880.9 876.6 869.5 859.8 848.7 857.1 855.2 857.9 854.3 865 874.6 880.6 883.4 889.6 895.7 900.6 904.6 907.6 910 913.5 914.3 911.5 907.1 902.7 899.2 894.7 889.1 882.8 877.8 872.9 875.9 880.7 887.3 896.7 908.5 919.4 926.8 936 947.2 959.9 974.5 987.6 994.9 1001.4 1004 1005.3 1002.8 1005.9 1014.7 1015.4 1016.1 1009.9 1004.9 994.7 985.2 977.4 961.6
940.3 941.6 943.7 946.8 947.1 945.9 943 940.9 937.5 934.9 932.2 928.4 926.7 924.9 922.9 920.5 915 907.2 899.4 899.4 894.1 886.1 878.3 872.8 864.7 841.1 847.1 844.9 845.8 852.4 866.7 875.1 880.5 884.8 893.5 897.4 902.1 905.6 908.6 912.1 914.5 915 913.1 909.1 905.3 900.7 895 889.6 884.1 875.9 874.7 878.6 885.1 891.5 900.3 909.5 920.3 928.6 937.8 949.2 961.4 975 986.7 995.6 1003.2 1007.5 1010.8 1012.3 1014.7 1020.4 1025.6 1025.3 1024.5 1023.5 1022.6 1013.5 1001.9 984.3
938.5 941.1 943.3 944.9 945.8 944.8 941.2 937 931.3 930.4 928.6 925.8 925 923.2 921.9 917.7 910.8 910.7 909.8 906.5 901 893.6 883.8 876.5 868.9 856.3 833.7 836.6 834.3 849.8 865.6 872.9 880.9 888 897.8 900.1 903.7 907.3 910.5 912.8 915.2 916.5 915.4 911.5 906.3 900.6 895.5 889 881.4 868.8 877.5 881.2 887.5 894.9 902.6 910.8 919.2 928.1 937.4 946.2 961.3 974.9 985.8 995.3 1002.6 1009.3 1013.4 1017.7 1019.8 1026.1 1033.2 1037.8 1036 1038.6 1036.7 1029.6 1016.1 999.3
937.6 940.5 942.4 944 944.4 941.9 939.1 933.8 929.7 927.7 926.5 924.8 923.2 921.1 917.8 915 917.9 916.8 915.5 912.2 908.5 901.4 891.4 883.6 874.7 863.4 846.2 825.3 828.3 844.9 862.6 872.9 880.9 889.9 897.2 901.8 906.1 908.3 910.5 912.8 915.4 917 916.3 912.9 908 902.7 895.3 887.3 878.5 873.4 879.5 886 891.4 897.2 903.2 910.7 919.2 927.3 934.6 945.9 959.9 972.7 984.5 993.6 1002 1009.8 1015.9 1020.4 1025.2 1031.2 1040.3 1046.4 1048 1048.7 1045.2 1036.3 1024.6 1007.9
936.4 939.4 941.6 942.3 942.4 941.2 939 934.8 930.8 927.7 925.6 924.9 923.4 919.9 919.6 920 920.6 920.2 919.6 916.8 914 908.1 899.2 891.3 883.3 873.2 858.9 834.8 819.9 837.1 856 870 881 889.8 896.3 901.9 906.5 908.5 911.2 913.8 916 917.1 916.6 912.7 908.4 905.6 895.8 887.2 875.5 872.5 883.1 890.5 896.6 901.4 905.7 909.4 917.2 926.4 934.4 946 955.9 968.8 981.3 991.4 1001.4 1009.9 1016.4 1022.8 1028.6 1035 1046.5 1052.3 1055.3 1054.8 1050.3 1040.5 1029.3 1015.8
936.1 938.2 939.6 939.8 940.1 940.2 938.3 935.8 931.5 928.9 926.7 924.6 924.4 922.9 922.8 921.3 922.5 922.6 923 921.8 918.3 913.4 906.9 900.1 891.6 884.6 866.9 845.5 821.4 823.8 842.1 858.4 870.7 882.7 894.3 900.6 905.5 908.8 912.1 915.1 915.8 915.3 913.6 911.8 907 902 893.3 884.5 861.2 875.5 886.8 894.4 900.6 906.6 911.1 915.8 917.7 924.8 933.5 942.9 952.4 964.2 978.1 988.7 998.7 1008.6 1015.3 1023.4 1033.1 1041.9 1049 1057.1 1060.2 1058.9 1053.4 1044.5 1033.7 1021.2
934.6 937.3 937.8 937.2 937.7 937.7 937.9 936 933.6 930.5 927.3 925.1 924.2 924.3 924.5 922.7 924.3 925.9 927.4 927.3 923.6 919.5 912.4 908 903.4 893 876.6 855.5 834.4 812.3 819.7 832.9 845.6 868.3 890.9 898.8 903.8 908.9 911.6 914.1 914.7 914.1 911.5 909.8 904.3 897.6 889.3 879.3 854.2 876.1 888.7 898.1 905.2 911.4 917.8 923.4 925.7 924.9 931.8 941.7 950.7 959.7 972.3 984.8 996.3 1007.6 1016 1024.4 1035.9 1045.6 1053.2 1058.8 1062.3 1060.3 1055.7 1047.2 1038.2 1027.9
933.2 935.2 935.1 935.2 935.4 935.8 936.2 934.9 933.6 932.4 928.3 925.6 924.9 926.2 926.2 924.8 924.6 927.9 931 931.6 928.1 922.9 917.8 912.1 906.7 900.8 888.1 866.8 844.6 828.8 808.8 811.7 830 854.9 881.7 897.1 903.1 907.5 910.1 912 913.2 912.6 908.6 903 897.6 890.5 883.3 872.8 854.5 877.9 890.7 901.8 908.9 916 924.7 930.7 933.5 934.1 931.9 940.2 946.7 955.5 964.4 979 992.9 1004.8 1015.4 1026.3 1037.5 1048.4 1055.3 1058.9 1062.2 1060.5 1057.1 1049.7 1042.1 1032.6
932 933.1 933 934 934.7 934.2 934.4 934.7 934.3 933.1 930 926.4 926.2 928.5 927.6 925.4 924.9 928.4 932.2 934.6 931.4 925.3 919.1 913.8 909 903.6 896.4 881.8 860.4 842.6 824.2 799.5 818.3 845.3 872.3 894.1 902.3 905.9 908 909 908.7 906.2 900.2 894.7 889.6 880.6 874.7 861.4 853.1 878 893.4 903.3 912.1 921.6 930.9 937.3 940 942.2 941.7 941.4 946.1 952.9 960.2 972.3 986.8 1001 1013.2 1026.3 1039.2 1049.6 1056.8 1061.3 1060.7 1060.9 1057.9 1052.1 1045.7 1037.1
928.4 932.2 932.6 931.3 932.3 932.5 932.8 933.7 933.7 933.1 930.1 927 928.3 930 929.8 927 923 928 931.7 933.8 930.7 926 919.8 915.1 911.1 906.1 900.3 892.2 878.6 853.6 831.2 802.6 807.8 833.5 861.7 888.8 898.9 901.5 901.1 899.5 896.1 890.3 884.9 879.7 875.4 866.1 861.2 834.2 859.3 880 894.6 905.6 915.9 926.5 936.4 945.5 948.7 950.1 949.7 947.9 948.8 953.2 957.2 965.2 978.7 994.8 1011.6 1027.4 1040.2 1050.1 1057.5 1061.5 1063.3 1063.2 1059 1055.9 1051.2 1046.5
928.7 930.6 930.4 930.1 930.7 931.7 932 932.8 933.4 933.2 931 928.6 929.6 930.3 930.8 929.2 924.8 925.5 928.5 930 927.2 922.6 917.4 915.2 912 907.9 903.2 895.9 887.8 867.7 838.3 808.8 793.7 820.5 849.4 875.7 887.2 892.1 887.3 873.3 863.5 852.8 849.3 848.8 842.5 838.4 832.5 841.7 868.9 882.4 894.5 907.2 919.3 930 942.4 951.7 957.1 958.1 957.7 955.5 955.7 955.3 957.6 963.3 973.4 989.4 1008.4 1026.1 1039.6 1049.8 1058 1062.3 1064.8 1065.5 1062.9 1059.6 1056.4 1051.3
