UK/data/so/so36_OST50GRID_20230518/SO36.asc
ncols 200
nrows 200
xllcorner 330000
yllcorner 260000
cellsize 50
[rows 0 to 34 of 200, columns 0 to 77 of 200]
392 393.9 395.7 397.3 399.5 401 404.2 407.9 411.8 414.6 415.4 413.9 409.5 402 393.9 382.9 367.7 355.3 349 345.5 341.4 337.6 336.9 344.1 350.7 357.2 363 368.7 374.7 380.2 386.7 392.4 392.1 390.8 389.3 387.8 386 385.3 385.5 383.9 382.2 379 374.6 368.5 361.8 353.6 348.8 343.3 337.4 327.7 319 311.4 303 297.3 294.7 292.3 288.9 281.7 275.2 271.8 272.2 271.1 268.7 265.5 261.7 256.6 253.8 264.5 274.2 280.4 283.4 285.2 285.3 281.1 274.2 266.7 258.6 251.8
392.2 393.7 395.4 398.5 401.5 403.9 407.1 410.8 414.2 415.9 415.4 411.8 405.5 395.5 385.6 370.8 356 346.7 342.6 341 335.9 328.9 337.1 346.6 354.9 361.1 367.6 373.9 377.5 381.1 385.6 390.4 392.3 392 391.1 389.6 389 389 389.4 388.1 384.7 380 376.3 371 365.4 359.5 354.8 349 342.1 334.2 324 315.8 307.5 298.6 290.8 285.4 281.4 280.1 279.6 281.6 283.5 282.1 277.8 274.2 268.8 262.1 256.3 254.5 263.6 268.3 269.6 271 273.5 272.7 267.6 260.9 254.5 249.4
382.8 387.2 395.5 398.4 401 405 409.4 413.3 414.9 414.1 410.3 405.2 398.3 386.4 374.2 359.2 345.8 338.8 335.5 335.1 331 324.3 336 348 354.1 358.3 365.7 372.7 378.7 384.1 389 391.3 392.9 392.8 392.8 392.6 392.5 392.7 392 389.7 386.3 381.7 377 373.9 370 364.5 358.2 351.8 344.7 337 326.9 319.2 309.3 298.8 290.3 287.2 292.9 292 289.2 291.9 292.6 288.4 283.9 281.4 276.2 270.1 261 253.8 251.8 258 259.8 260.6 261.1 265.2 260.2 254.2 248.6 244.7
375.6 389 395.1 397 400.1 405.7 409 411.1 410.1 406.7 402.3 397.4 388.9 376.5 363.3 348.3 336.9 331.5 328.1 327.3 322.2 325.9 335.5 339.8 345 351.1 357.6 364.5 371.9 380.6 386.4 390.6 393.4 394.5 395.1 395.5 395.6 395 393.5 390.7 387 383.3 380.2 377.6 373.3 366.8 360.3 353.5 345.3 338 327.5 315.5 303.7 297.9 295.6 298 302.1 298 296.1 298.4 297.3 293.8 290 287.6 284.1 278.1 270 259.4 249.9 244.9 246.8 249.2 249.6 249.3 250 245.8 242.1 238.3
379.3 386.5 390.1 394.2 400.1 403.7 404.3 403.5 400.9 397.5 392.9 386.3 377.7 365.9 352.9 339.1 328.5 323.3 319.5 317.3 312.5 322 328.3 332.8 341.8 347.8 355 363.1 367.9 375.1 382.6 388.5 393.9 396 397.3 397.5 397.4 396.8 395 391.7 387.7 384.5 383.6 379.3 373.2 367.2 361.1 352.9 344.4 332.2 321.5 313 311 311.6 310 310.6 309.9 307.1 305.5 303.6 300.9 298.6 295.7 292.4 288.7 283.3 277.5 267.9 258.9 250.2 243.5 241.3 239.5 237.2 237.2 236.3 233.1 230.8
373.1 377.3 382.7 390.8 399.1 397.8 397 394.6 391.3 386.3 381.3 374.7 365.6 353.8 341.4 328.9 320.4 315.1 311.5 309 312.3 320.6 327.4 336.1 344.7 354.1 362 369.6 376 381.7 386.6 390.2 394.1 396.5 398.1 398.5 398 396.7 395.4 393.5 389.3 388.2 386.7 380.5 374.1 367.8 361 352.5 346.5 337.9 333 323.4 324.1 323.8 321.4 318.9 316.5 313.3 310.5 307.3 305 302.6 298.9 294.8 290 282.4 276.3 266.3 254.9 250.9 251.1 247.9 243.4 238.1 236 232.6 229.4 228.6
364 366 376.4 385.3 390.7 390.6 387.8 384.7 380.2 375.3 369.1 361.9 351.8 340.6 330 319.3 312.6 307.4 303.1 308.6 315.1 324.4 333.5 340.3 349.4 358.6 367.3 374.1 379.2 384.3 388.7 392.4 395.4 397.1 397.7 398.2 398.3 397.1 395.6 393.5 391.7 391.1 388 381.6 374.7 367.9 363 359.2 354.5 348.1 339.6 338.3 335.3 332 328.6 325.3 321.6 317.7 314.2 310.2 308.5 304.1 299.1 293.7 288 281 270 264.8 265.7 263.5 260.2 256.5 250.6 244.4 238.5 236.8 233.9 231.3
350.9 357.8 369 375.1 378.4 378.4 376.4 372.4 367.8 362 356.1 347.8 336.6 326.4 318.4 310.1 304.8 298.6 303.5 313.1 322.6 332 338.9 348.9 356.8 363 367.3 373.2 379.4 385.3 390.3 393.8 396.8 398.6 397.9 398 398.3 397.2 395.9 394.7 393.2 392.2 388.2 383.2 377.5 372.4 369.3 366 360.8 354.9 347.6 347.6 343.8 339.6 335 330.6 326.1 321.8 317 312.2 307.7 303 296.5 289.6 283.2 274.8 273.7 276.2 273.4 268.5 264.1 257.3 251.1 244.5 241.8 238 238.9 234.3
343.4 354.8 360.9 364.1 365.5 365.2 362.3 358.1 353.8 348.4 342.8 334.4 322.5 311.3 304.7 299.6 294.8 296.7 305.1 313.7 325.7 337.3 346.5 353.2 361.5 367 371.1 376.3 381.4 386.6 391.5 395.4 397.9 398.7 397.7 397.9 397.4 396.4 396.5 396.5 395.1 394 391.2 385.8 380.8 376.4 373.6 370.8 366.1 357.4 355.9 355.3 350.4 344.8 340.1 335.6 330.5 324.6 319.4 314.4 309.3 303.4 295.4 284.1 281.1 282 284.8 282.5 277.2 270.8 263.9 258.1 254.4 249.6 245.1 245.8 244.6 232
340.1 349 352.5 353.5 352.7 350.6 347.1 343.4 339.5 335.2 330.6 322.9 309.2 297.9 292.2 285 293.1 299.1 306.2 316.4 327.8 338.8 349.6 355.1 358.2 364.6 370.8 375.6 380.3 385.2 389.7 393.6 396.3 396.8 397.2 397.5 396.6 397.3 398.4 398.2 397.4 395.9 393.3 388.3 383.5 379.4 378 374.5 367.8 364.2 363 360.9 355.2 349.8 344.8 340.3 334.2 329.8 322.9 317.3 311.2 304.7 296.4 288.7 293.6 293.8 291.4 285.6 278.7 271.1 268.6 265.6 260.9 254 250.1 251.9 239.2 231.1
331.1 340.6 345.2 344.8 342.4 337.9 333.9 329.8 325.5 322.1 318.9 311.6 296.4 287.3 281.3 289.1 294.2 302.3 313.8 324.2 332.5 338.2 345.6 350.4 354.1 359.7 365.9 373.5 380.2 385.6 389.9 393.3 394.5 394.7 395.5 396.1 397 398.7 399.5 399.4 399.5 396.7 395.1 391.5 386.2 383.3 382.5 378 372.1 370.3 369 363.7 357.8 353.2 348.2 343 339.2 333.8 324.7 317.8 312.2 305.6 297.8 299.4 300.2 298 293.2 287.1 280.8 278.3 277.4 272.5 265.5 256.3 256.4 246.7 234.3 238
318.2 328.4 337.1 335.8 333.4 327.9 322.1 316.3 311.2 307.8 304.3 295.5 284.8 277.2 283 289.8 298.9 311.9 319.7 324.3 327.9 332.1 338.8 344.3 350.9 358.7 367.1 373.3 379.3 384.8 388.4 390.5 391.9 392.5 393.9 395.3 397.2 399.5 400.2 399.5 398.3 396.7 394.4 391 388.3 387 384.9 379.2 377.2 376.7 371.3 364.8 359.3 354.2 349.3 344.8 340.4 332.8 324.6 317 311.1 304.7 301.1 304.7 303.2 300.2 295 291.1 287.4 284.9 281.6 276.2 267.3 259.6 256.9 240.6 235.1 247.7
308.9 315.4 327.5 328.5 324.8 317.9 312.7 305.6 296.1 291.8 288.2 282.3 275.9 275.4 287.1 297.2 302.2 310.4 314.8 316.8 319.2 324.1 331.5 340.4 347.8 355.7 364.8 373.6 380 385 386.6 387.1 388.2 389.8 391.8 394.8 397.1 400 400.8 398.1 395.7 393.6 392.1 390.1 388.1 388.2 385.2 381.7 381.4 378 371.4 364.3 358.4 353.3 349.2 344.2 337.8 329.8 323.2 318.1 311.9 308.6 309 308.3 306.9 304.9 300.9 297.2 292.6 288.6 283.3 277.2 269.6 263.2 253.2 236.6 243.2 257.8
311.1 303.8 315.2 317.1 312 309.7 307.9 300.9 290.2 281.9 278.7 274.9 268.7 279.1 292.3 294.8 297.5 302.2 304.3 306.9 311.9 318.4 329.2 337.9 345.6 355.7 365.2 374 379.5 382.4 383.5 383 384 389.2 392.3 395.2 397.6 400.1 400.4 396.7 394.2 392.2 390.4 388 387.7 388.6 387.4 386 382.8 378.1 371.4 365.7 362.1 355.8 350.8 346 339.3 333.8 328.2 320.9 315.5 314.5 314.2 311.5 309.7 306.6 303.8 300.1 295.2 290.3 284.1 277.2 271.8 264.7 249.8 239.4 250.3 262
316.5 302.5 299.9 303 302.3 303.6 304.3 300.1 290.5 280.9 271.8 269.2 265 277.5 283.2 284.5 288.8 291.6 293.9 298.8 305.4 315.7 326.5 334.2 341.6 352.7 362.6 370.7 375.2 376.7 378.4 378.9 383.6 388.7 392.8 395.6 397.8 399.4 398.5 395.4 392.7 391 388.8 385.9 385 386.3 386.3 383.6 379.9 374 372 369.8 364.1 358.4 353.6 349.2 342.3 337.2 330.4 323.5 320.4 317.8 314.6 311.2 307.8 304.4 300.9 298.7 294.2 289.3 283.3 278.1 274.2 268 247.8 242.2 262.6 277.2
310.5 299.2 291.7 293.3 295.4 298.6 302.6 302.7 294.3 282.9 270.4 265.3 264.3 270.2 273.6 277.7 283.2 289.6 297.3 302.6 308 312.1 322 330.9 339.4 349.1 357.1 363.3 367.5 369.5 375 381.6 386 389.3 392.7 395.7 397 397.3 396.5 394 391.1 389.2 386.6 383.1 379.9 381.2 381.1 377.3 373.5 370.9 369.9 367.4 362 356.8 353.2 349.3 344.5 337.9 331.1 328.3 325.1 320.9 315.5 311.2 306.6 302 298.1 295 291.6 284.7 278.5 275.7 273.3 264.7 244.7 249.5 273.8 289.7
299.9 294.2 288.7 286.3 290.2 294.8 302 303.7 297.3 286 272.3 262.8 262.3 266 274.8 283.9 292.3 300.9 308.3 315.4 318.4 320.9 322.7 329.1 336.6 342.9 347.8 355.1 365 372.4 379.7 384.6 388.2 390.2 392.3 394.2 394.6 394.4 393.1 392 391.2 389.3 384.2 377.5 372 374.4 373.3 371.5 367.6 362.2 359.6 358.6 360.2 354 351.1 346.5 342.2 335.3 331 330.1 327.4 322.6 316.8 311.3 306.3 301.5 295 288.7 284.7 277 272.8 267.8 264.8 251.6 243.5 260.7 285.6 299
291.4 286.7 284.1 282.9 287.8 295 303.6 305.3 298 285.4 273.5 263.4 258.2 267 277.6 289 300.2 311.6 322.3 330.3 334.9 334.4 331.6 333.9 338.6 343.5 350.6 358.5 370.3 379 383.6 386.4 389.1 391.2 390.9 392.4 392.3 391.2 390 390.2 389.4 386 379.2 372.8 365 362.3 363.5 364.4 361.9 354.9 350.9 347.6 349.7 349.6 345.3 342.3 337.8 334 330.4 326.7 323.2 320.1 316 311.2 306.3 301.5 294.3 287.1 278 272 267.1 258.6 247.1 245.5 252.6 271.2 293.1 306.7
281.7 280.3 278.1 282.2 289.4 298.2 307.2 306.6 298.1 287.8 275.3 263.7 255.1 264.5 278.5 290.5 303.9 315.9 327 336.5 345.3 349.4 351.3 350.2 350.6 354 360.3 363.7 370 382.2 387.4 389.3 390.6 391.5 390.3 390.7 389.1 388 387.7 385.4 382.6 379.1 373.1 367.9 360.9 348.6 349.2 353.1 354.1 347.1 344.3 339.8 340 341.5 338.7 335.2 331.3 328.4 324.8 321.9 318.5 315.7 313.8 309.3 304.2 299.7 293 284.2 275.8 266.2 265.2 250.3 250.5 258.5 259.8 266.1 285.4 294.8
274.7 273.9 276.7 285 296.8 306.2 309.4 302.9 294 283 272.2 262 252.3 266.3 279.7 293.4 307.3 321.3 331.8 342.6 351.5 356.9 360.6 363.2 365.8 367.7 371.9 376.2 378.4 381.8 385.7 389.3 391.2 390.9 389.2 387.3 386.7 385.2 384.5 380.7 375.2 371.3 367.8 361.3 353.8 344 338.7 338.4 341.4 339.2 335.8 334.3 331.3 332.4 328.3 326.9 323.6 319.3 316.6 312.4 310.5 308.9 309.7 304.4 300 295.2 289.7 281.9 272.7 264.1 252.8 254.3 263.3 276.9 281.4 277.6 280.6 285.5
268.2 270.7 279.4 289.4 300.4 308.1 304.6 295.7 285.8 275.9 267.9 259.3 251.6 265.1 278.8 293.1 307.8 320.8 332.9 344.3 352.8 359.8 362.9 365.6 368.4 369.8 372.9 377.4 379.7 383.6 387.1 390.4 391 390.5 388.2 386 382.9 381.5 378 375.6 370.7 359.3 354.5 349.8 342.1 335.4 328 326.2 328.2 328.6 325.7 327.7 323 324.5 320.5 317 313.6 309.4 309.7 305.8 302.2 302.7 304.6 299 293.1 289.1 282.2 275.8 266.2 256.5 255.3 265.4 282.6 295.7 305.9 305.5 305.2 310.4
264.4 272.1 279.9 290.8 298.8 303.5 301 292.3 281.8 272.3 263.7 255.6 249.1 261.3 274.1 287.9 304.1 316.5 327 339.1 348.5 355.4 359.7 362.4 364.8 367.4 370.5 374.8 378.2 382.9 387 390.3 391 390.5 388.4 386.7 385.5 378.6 375.2 367.7 364 360 355.7 348.9 340 333.5 327.5 323.4 316.6 315.9 313.5 315.7 313.2 315.7 313.2 307.7 304.1 300.6 300.3 297.1 293.4 294.6 296.5 294.5 287.2 281.5 274.7 266.4 257.4 256.4 267.1 287.1 300.4 312.3 320.1 325.7 332.9 336.6
261.7 270.2 279.2 288.2 294.9 299.2 296.6 288.8 280 270.3 260.6 250.9 246.7 255.7 267.5 281.7 296.7 308.2 318 330.2 341.8 349.1 353.6 357.1 360.8 364 366.5 370.9 375.7 379.4 383 387 390.1 390.8 389.9 388.6 387.1 384.6 380.5 375.5 372.5 369.8 365.5 359.6 351.1 343 338.5 334.9 327.1 319.3 312.2 304.4 300.3 304.2 306.9 302.8 297.5 293.8 291.1 287.7 284.7 284.6 287.5 286.9 283.5 276.5 266.8 260.1 257 270.9 288.8 302.4 312 321.7 329.8 335.6 341.3 345.3
255.1 265.7 276.6 282.7 291.3 294.5 292 284.7 276.9 268.2 257.8 247.8 244.6 251.7 261.1 273.3 287 299.1 309.5 322.1 334 342.6 347.3 351 355.6 360.4 362.1 367.3 372.5 378.3 382.3 385.5 388.4 390.2 391.2 390 389 387.7 384.5 381.3 378.5 375.7 372.2 367.5 359.8 355.7 352.8 346.5 337.7 329.7 321.3 312.3 304.6 298.6 295.7 295.6 292.3 288.2 284.6 281.2 278.4 276.6 277.2 277.4 276.4 268.7 260.8 259.5 269.8 286 301 313.6 321.1 329.4 337.4 342.3 347.8 351.9
255.7 259.1 267.6 277 285.2 287.8 286.8 279.1 271.1 263.2 255.7 244.7 242.1 248.3 256.2 266.6 280 291.3 301 313 325 334.9 340.1 343 349.1 355 358.1 362.6 368.5 375.3 381.5 384.5 387.2 390.7 392.4 392.5 391.6 390.4 388.1 385.6 383.2 381.7 378.9 374.9 368.5 364.4 359.5 351.6 344.1 335.6 326.4 318 308.7 301.8 296.8 292.8 287.3 281 277.8 276.4 274.5 270.3 267.6 267.3 265.2 262 264.4 269.5 283.6 301.7 312.1 319.6 326.4 334.5 343.2 349.3 354.3 358.9
254.7 253.2 261.8 270.3 279.4 281.3 281.5 273.3 264.6 257.6 250.8 243.8 238.6 246.1 253.9 263.8 274.8 282.7 292.4 303.7 316 325.4 329 331.7 339.1 345.8 351.6 356.8 364.5 373.8 380.5 383.8 387 390.6 394 395.1 394.7 393.4 391.1 390.5 388.3 386.9 383.9 379.8 374.7 369.6 363.8 357.4 349.9 342.1 334.6 324.9 315.7 310 306.4 301.7 295.7 289.7 286 281.1 278.1 275.6 274 271.7 271.4 272.5 274.3 279.2 296.8 311.5 318.7 324.5 330.8 337.5 346 353.7 359.3 365.1
251.1 248.7 256.4 264.6 272.3 273.9 274.2 267 258.3 251.3 244.5 236.9 237.2 244.8 253.5 263.2 269.9 274.4 284.6 294.4 305 313.7 316.4 320.9 328.5 333.7 345 354.5 364.1 372.7 378.1 381.5 388.1 392.8 395.8 397.5 397.8 396.4 394.7 394.3 392.3 389.5 385.7 381.4 377.9 374.4 367.9 360.2 353.3 347 340 333 326.4 320.8 317.1 311.5 306.3 300.5 296.5 291.8 287.3 284.1 280.5 280.1 279.7 282.2 286.8 294.6 307.8 315.2 321.8 326.5 334 341.2 347.1 353.9 361.7 369.5
249.7 243.1 249.7 255.8 263.2 266.7 266.7 261.2 252.8 245.4 238 233.7 238.2 244 252.8 259.6 265.3 271.7 278 285.5 294.5 299.9 301.7 310.9 320.3 333.4 344.7 353.2 362.6 370.2 375.4 379.7 386.6 392 395 397.7 401 399.7 398 396.5 392.9 389.1 385.3 380.7 376.9 373.8 369.5 362.3 356.7 350.7 345.4 339.9 335 330.7 327.3 323.7 318.6 313.5 310.1 305.8 300.7 297.3 294.5 293.1 288.8 294.2 302.6 308.8 315 319 323.1 327.6 335.7 342.9 349.4 355.8 360.1 365.5
249.1 240.8 242.8 246.5 252.9 257.8 261 256.8 247.7 240.1 234 233.7 244.4 246.6 248.9 253.4 258 265.3 270.9 276.3 282.8 295.3 303.6 310.6 319 332.8 343.8 353.1 360.9 366.7 373 378 383.8 389.2 391.9 395.4 401 401.6 401 397.7 393 387.3 382.5 377.3 372.2 368 364.2 359.3 353.6 350.1 347.2 344.7 341.7 338.5 335.1 330.7 325.6 321.1 316.8 311.5 306.9 304.9 302.2 295.6 301.3 303.7 312.8 315.9 317.6 319.7 324.5 328.8 337.3 343.5 350 356.5 359.3 360.4
242.1 238.8 235.7 239.7 244.8 250.1 254.9 252 243.6 235.8 230.7 233 242.6 251.8 254.2 256 260.5 266.2 272.7 280.7 293.5 304.9 318.6 329.7 332.1 337.2 344.3 349.6 358.8 364.6 370.6 376.7 380.3 384.1 388.3 393.5 397.7 399.5 398.5 395.7 390.1 384.4 377.7 372.2 366.5 361.6 357.2 353.1 348.6 344.9 342.2 340.9 340.1 338.7 334 328.3 323.4 319.5 316 310.2 305.4 301.8 298 293.4 308.2 313 314.5 315.5 315.8 319.5 325.1 330.6 338.8 344.4 349 351.9 354.5 355.3
249.2 243.1 238.6 233.9 237.5 243 247.5 247 239.8 232.3 228.9 230.5 238.9 251.6 259.8 266.5 273.4 278.7 286.7 294.3 301.4 312.2 324.3 334.9 340.2 346.3 352.2 356.8 360.3 364.5 369.6 375 378.5 382.4 385.6 390.1 394.3 396.3 395.6 393.4 388.8 381.7 374.6 367.4 360.7 355.4 350.2 346 340.6 337 337.9 337.2 336.5 333.1 327.2 321.9 317.1 313.9 309.7 304.6 300.3 295.7 291.2 295.2 306.1 313.2 314.2 313.7 313.7 317.2 322.5 329.1 335.7 341.6 345.8 347.8 349 349
256.4 250.2 241.2 235.4 229 234.5 239.7 240.9 237.4 229.6 226 229 236.7 247.1 255.4 262.9 272.7 280.9 290.9 301.1 305.6 317.2 328.4 336.7 343.7 350.4 354.4 359.7 365.3 367.4 370 375.5 378.7 380.6 383.9 387.5 389.7 390.8 389.8 388 384.6 378.4 371.6 363.6 354.6 348.7 344 336.6 335.2 334 333.1 334.4 335.2 331.7 324.1 315.8 309.6 305.2 301.8 298.1 294.2 287.8 282.8 293.4 300.7 309.4 313.3 313.6 312.9 313.7 316.7 323.6 330.6 335 338.3 340.2 342.9 342.4
261.9 255.1 246 236.4 230.8 225.1 232.5 235.8 234 227.8 222.8 227.5 235 242 249.7 258.7 269.1 280.6 292.1 303.7 313.9 324.1 332.8 338.7 346.2 351.5 356.1 361.1 364.3 368.3 369.9 374.3 376.7 379 381.1 382.9 384.3 385.3 385.9 384.7 380.2 374.1 367.8 359.9 351.4 340.2 335.4 328.3 329.9 326 327.1 329.5 330 328.8 321.4 312.4 304.1 297.8 294.5 291 287.6 278.3 281.8 291.9 299.8 303 307.4 309.6 310.6 311.7 313.2 317.5 322.9 327.5 330.4 333 334.5 335
266.9 260.1 250.2 239.8 232 225.8 225.7 229.4 230 224.9 221.1 226.1 232.4 238.2 245.6 255.6 267.7 279.3 291.3 303.6 315.3 324.6 331.5 337.7 345.5 350.5 354.5 357.1 360.4 365.3 367.3 369.2 372.3 374.4 376.3 378.3 380.3 382.8 385.3 384.4 378.8 370.6 363 354.8 345.4 334.9 323 314.1 315.4 318.5 323.8 324.4 326.5 323 315.1 308.3 302.1 295.2 286.9 285.2 281.3 270.7 277.8 289.8 294.7 297.2 300.1 299.8 302.4 308.3 309.6 312.9 316.5 320.7 324.3 326 325.8 325.9
271.1 263.8 254.6 243 232.9 226.6 220.8 224.2 224.5 222.8 220.1 223.4 229.3 235.6 242.5 253 264.8 275.7 287.8 300 312.1 319.1 326 333.3 340.5 345.3 348.3 351.9 356.5 360.7 361.6 362.5 367.1 368.3 370.6 374.3 377.7 380.7 381.9 379.6 374.5 368.9 362.3 355 345.8 335.1 324.2 309.3 302.6 312 323.6 319.8 317.3 316.5 310.5 304 298.5 291.1 285.7 278.9 276.9 265 272.9 281.8 283.8 287.4 290.6 286.7 293.5 301.3 306.9 311.2 312.4 315.6 318 318.8 317.4 316.7
