WholeMapElevations/data/nj/nj22_OST50GRID_20230518/NJ22.asc
ncols 200
nrows 200
xllcorner 320000
yllcorner 820000
cellsize 50
[rows 35 to 69 of 200, columns 0 to 77 of 200]
292.4 284.3 274 264.7 254.6 245.5 240.9 239 223.7 224.2 224.5 225.1 227.1 236.6 246 254.4 260.2 266.8 269.4 275.3 282.6 290.5 298.7 303.8 308.9 313.9 316.3 316.7 317.9 316.2 315.7 315.1 313.5 311.9 311.2 310.9 311.1 309.6 310.7 312.4 313.9 316.2 322.2 327.5 330.6 333.1 335.4 338.8 341 344.5 347.8 350.4 353.2 355.1 355.3 354.6 352 351.2 350.2 350 350.3 350.5 351 351.2 351.4 350.7 348.6 346.6 343.8 339.5 335.9 347.4 359.7 369.9 379 387.5 397 407.5
302.9 294 283.3 270.7 259.4 250.2 245.6 241.2 223.8 224.6 223.9 224.5 225.2 229.2 242.6 249.4 257.5 262.9 268.9 276.4 284.3 292.4 298.6 303.8 311.1 316.2 315.2 315.2 315.3 314.3 312.5 309.9 308.3 306 303.2 301.4 300.5 300.1 300.5 300.9 303.9 307.9 312.6 317 322.4 325 328.4 332.2 335.6 341 345 348.5 352.2 355.6 357.4 355.9 355.1 354.3 354.2 353.6 353.6 353.2 353.6 354 354.1 353.8 351.8 349.9 348.3 344.3 341.1 342.4 358.4 368.9 378.7 388.4 397.4 408.8
309.6 301.2 289.9 274.9 264.2 255.2 249.2 242.2 229.2 224.8 225 224.1 224.7 226.3 238.7 251.4 257.4 261.9 271.4 279.8 287.5 293.1 299.3 306.7 311.2 312.1 311.4 312.2 310.9 308.4 307.1 304.5 301.4 298.1 293.7 294.3 293.7 295 295.8 296.6 298.1 302 305.1 308.3 312.9 315.9 320.1 325.7 330.5 335.8 341 344.8 349.8 352.8 354.4 354.3 356.7 356.1 355.6 355 355.2 355.7 356.1 356.6 357.2 357.2 356.3 353.9 352.9 348.9 347.9 350.5 350.7 365.1 375.6 385.9 395 406.2
314.1 306 294.8 281.3 266 256.1 249.8 243.6 238.3 226 226 226.1 225 226.4 234.5 246.6 255 262.9 273.3 282.7 286.9 292.3 299.1 306.3 308 307.6 307.9 307.3 305.4 301.5 298.6 295.2 290.5 286.5 286.3 288.9 286.1 289.3 292.6 296 296.5 298.8 302.6 304.5 304.5 310 313.3 318.6 322.6 328.4 327.2 338.3 344.3 348 351.1 352.1 354.2 355 355 355.5 357 357.9 358.7 359.8 361.3 363.2 362.7 361.7 358.9 355.2 354.5 359.9 358.6 360.3 366 375.9 388.6 399.5
317 308.7 296.9 282.5 267.4 258 252.2 245.7 241.2 231.9 227.1 226.9 227.3 226.7 225.1 241 250.9 263 271.7 279.2 285.3 293.6 300.5 302.3 303.8 304 302.1 300.2 296.1 293 288.6 284.3 283.3 281.9 279.9 290 292.1 294.1 297.2 299.2 302.6 306.5 310.4 311.2 313.1 314.6 315.4 313.8 318.6 322.6 324.9 333.9 337.3 342.4 346.1 348.2 350.6 352.9 354.3 355.9 357.7 359.6 361.9 364.1 366.1 368.7 369.9 368.7 366.7 361.3 359.3 367.2 367.4 368.5 374.6 379.6 384 389.8
314.3 308.2 298.4 284.7 268.6 260.4 253.4 248.1 243.6 241 228 227.6 227.5 227 226.4 236.9 251.5 262.8 271.3 279.4 289.6 295.2 296.3 299.6 301.6 299.5 296.7 292.7 287.6 284 280.5 279.7 278.3 282.7 286.9 293.1 294 296 303.3 308.9 311.8 314.4 316 318 320.1 321.2 320.5 320.5 319 318.8 322.7 326.5 331 336.7 341.5 344.1 346.9 349.3 352.3 355.7 358.5 361.6 365.2 368 371.2 374.5 376.9 376.4 373.1 368.3 362.5 374.7 377 376.6 381.7 388.7 395.3 403.6
311.7 306.5 297.1 285.3 270.8 262.2 255.6 250.4 245.4 237.3 230.9 228.1 227.6 227.3 226.4 231.6 250.3 263 271.5 280.3 286.8 292.2 293.8 296.2 297.8 294.3 289.3 285.1 280 277.6 275.7 274.8 277.4 284.3 289.1 295.8 297.8 303.1 310.5 314.8 318.3 321.2 323.3 324.9 327.1 327.2 325.4 324.1 323.6 323.9 324.2 323.8 327.9 331.9 335.9 339.7 343.6 346.6 350.7 355 359.8 363.4 367.7 372.4 376.2 380.3 382.9 383.1 380.7 376.4 370.7 379.3 385.8 387.2 389.1 398.2 406.5 413.7
308.2 302.4 295.3 282.5 273.1 264.1 258.1 252.6 246.8 241.6 238.1 228 227.6 227.6 225.8 233.8 246.9 258.4 268.6 276.1 282.7 286.8 288.5 291.9 291.8 287.5 283 276.3 272.1 272.8 270.5 273.9 279.7 286.1 291.9 298.9 304 309.9 314.4 318.8 323.3 326.2 329.1 331.8 332.3 330.8 329 328.4 328.1 328 328.6 328.8 329.1 329.8 332.9 336 340 344.3 350.3 355.4 360.2 364.8 370.3 375.7 381.5 385.6 388.5 388.5 387.2 384 379.7 381.2 392.1 395.9 400.8 406.7 416.2 425
308.6 300.3 293 282.4 274.4 267.9 261.8 255.7 248.6 243.2 240.3 232.9 228.7 228.2 227.5 240.9 245.7 254.5 265.3 273.7 280.4 281.9 284 285.1 282.7 279.1 274.3 267.2 262.4 266 272.4 275 281.5 287.3 295 301.5 306.1 311.4 317.2 322.5 328.1 333.1 335.6 337.5 336.4 334.6 333.3 332.7 332.7 332.6 332.5 332.6 332.8 332.3 331.8 334.8 338.2 343.3 349.1 354.4 359.5 364.9 371.2 377.5 385.9 389.4 392.3 394.4 394.1 391.7 388.9 384.2 395.5 402.7 410.2 417.7 425.4 434.3
309.3 299.6 291.1 283.4 276.2 270.9 263.3 257.8 249.9 244.3 241.4 240.8 228.3 228.6 228.7 239.6 244.7 252.6 259.4 268 273.7 277.1 278.2 277.4 271.3 267.9 259.5 261.7 268.7 272.7 275.1 277.7 281.7 288.3 296.4 302.6 308 313.4 319.6 325.3 332.2 337.7 340.5 341.6 340.5 339.5 338.3 337.1 336.8 336.6 336.6 336.5 336.4 335.9 335.4 336.1 338.1 342.3 347.7 352.7 357.8 362.9 369.6 379.5 386 392.6 398.2 400.6 402.1 400.1 397.5 391.2 400.1 410.6 418.6 426.8 436.1 445.8
308.4 300.2 291.1 283.7 278.1 271.8 264.6 257.4 250.1 245.5 243 238 229 229.1 229 239.6 243.4 251.4 252.9 258.4 263.6 267.7 268.7 262.2 260.1 255.2 262.8 266.5 269.8 273.2 277.4 282.7 279.5 290.9 296.8 302.9 308.1 314 320.7 327.9 334.7 339.8 343.6 345.4 345.1 344.6 343.9 342.6 342.9 341 340.2 339.8 339.7 339.6 339.2 339.2 339.5 343.1 347.7 352.6 358.1 363.9 372.2 382.5 390.3 397.9 405.4 408.7 409.9 409.3 406.5 399.5 405.7 416.6 427.6 437.9 447.7 457.3
315.9 303.8 294.8 286.6 281.3 274.2 267.9 260.7 252.9 246.9 242.6 235.9 229 229.4 229.5 231.6 241 244.1 247.2 243.1 251.3 252.7 247.4 249.1 257.6 261.3 265.3 269.1 272.2 276.2 282.6 290.1 289.5 286.4 298.5 302.4 308.3 313.6 320.7 328.6 335.4 340.4 345.6 347.8 348.7 348.4 347.6 348.7 349.5 346.3 344.5 343.8 344.2 344.4 344.1 343.1 342.6 344.2 347.8 353.8 360.6 367.9 375.9 386.6 396.3 403.9 410.2 416.3 419.6 420.2 417.2 411 411.7 426.5 438.9 449.1 458.8 468.8
319.4 306.6 298.4 290.2 282.6 276.4 269.8 264 256.1 249.3 244.5 244 229.9 229.9 229.7 230.2 230.2 243.2 242.2 247.4 251.4 254.8 259.1 261.8 263.9 265.9 268.9 273.3 277.5 286.2 294.5 298.1 298.1 298.1 296.5 301.5 307.7 312.4 318.6 328.3 334.8 340.3 346.2 349.6 351.5 352 352.6 354 354.6 351.6 349.9 349.4 349.6 349.9 349.8 349.1 348.3 347.7 350.7 356.8 364.2 371.3 380.1 391.6 400.4 409.5 415.3 425.1 429.3 430.6 428.2 425.7 428 436.4 449.9 461.2 471.2 483.8
319.7 309.5 302.6 295.1 287.2 277.9 271.8 265.8 258.7 251.9 247.5 246.8 231.8 230.5 230.8 230.5 230.1 242.9 246.3 252.9 257.5 260.5 264 266.2 268.6 270.7 273.4 277.9 285.2 295.9 303.6 305.9 306.1 303.6 302.6 301.7 305.9 310.1 317 325.4 331.6 338.9 345.7 349.7 354.4 354.3 355.6 357.5 357.7 357 356.7 356 355.6 356.3 356.7 355.5 353.9 353.1 354.9 360 367.3 374.3 382.3 395.3 406.6 416.2 424.5 432.7 437.3 440.4 441.1 444.6 445.2 448.3 461.2 472.3 485.5 500.2
321.9 313.5 305.6 299.5 291.1 280.8 274 269.5 261.8 254.1 250.6 247.7 233.3 230.7 230.7 230.8 230.7 241.6 247.6 253.7 259.7 263.4 267.8 270.5 273.1 275.4 279.1 287.5 295.1 304.1 308.2 312 312.5 308.9 306.8 306.3 306.1 309 315 321.3 328.7 336.6 342.7 347.8 353.5 355.3 357.4 359.8 362.2 365.3 363.6 362.6 362.2 363.3 363.3 361.7 359.9 360.4 360.5 362.6 369 376.5 385.4 400.9 412.2 422.5 431.8 439.2 445.1 450.3 455.2 461.8 465.7 467.8 473.3 485.2 500 517.5
327.3 318.4 309.6 302.9 291.6 283.4 276.1 269.8 263.8 258.3 253.2 249.1 241.3 231.5 231.1 229.4 231.6 241.7 246.4 253.4 261.9 267.3 269 272.9 277.3 282.4 288.3 298.2 305.6 311.4 316.5 318.9 318.2 316.4 312.2 311.1 310.8 312.2 314 318.8 325.2 332.2 338.7 345.1 351.4 354.4 358.5 362.5 367.2 370.4 368.9 369.8 370.1 370.6 369.3 367.4 366.3 366.8 367.7 367.3 371.8 380.4 390.3 405.1 416.5 427.3 437.1 445.3 453.3 461.3 467.6 473.7 477.8 480.4 487.8 501.3 512 528.5
330.5 321.5 312.3 304 292.7 284 277.7 274 268.5 261.9 255.8 251 248.3 235.2 231.7 231.8 230.1 233.2 246.1 254 263.4 269.3 270.7 275.7 282.7 289.1 296.3 305.5 311.8 316.5 320.1 324.2 324.2 322.5 319.1 317.3 316.6 317.2 318 319.7 324.3 330.5 336.6 342.8 348.5 353.4 359.5 365.2 370.7 373.7 375.9 376.7 376.7 376.9 376.4 374.9 375 375.5 375.9 375.3 376.3 384.8 396.6 410 421 432 441.9 451.5 461 471 478.1 484 487.8 493.6 503 512.3 524.2 540.4
334.3 325.9 315.9 305.6 294.6 288.9 283.7 278.8 272.1 266 259.6 253.9 249.6 245.6 232.4 232.5 230.9 232.1 242.8 251.9 259.3 265.8 272.3 277.5 285.3 291.3 298.9 309 315.9 322.3 326.5 329.6 330.2 328 326.9 324.9 323.1 323.3 323.5 325.3 327.6 331.3 336.9 342.4 347.9 354.1 361.2 367 372.6 377 381.3 382.2 384 383.9 383.3 383.4 383.1 383.8 384.4 385 383.8 389.3 401.5 413.4 424.1 435.6 444.7 457.4 468.7 479.8 486 490.7 496.9 509 517.1 524.7 536.5 548.5
335.1 327.3 316.6 307.9 299.1 293.3 288.2 282.9 278.2 272.7 266.1 257.3 252.2 246.8 232.4 231.3 232.2 232.7 239.7 246.2 254 263.6 273.1 280 286.2 292.5 303 312.6 321.7 327.8 331.6 334.9 335.1 336.3 335.2 333 328.9 328.9 329.3 330.6 332.5 335.2 339.2 343.7 349.1 355.9 362.6 368.3 374.3 379.8 385.2 389 391.7 390.6 390.8 392.1 392.2 392.5 393.4 394 393.1 395.8 405.2 417.2 427.8 439.2 451.3 462.4 475 486 492.3 498.1 504.4 516 524.6 536.4 543.2 555.5
336.3 329.1 319.7 310.4 302.7 296.8 291.7 286.8 284.6 278.7 271.9 260.7 253 246.8 236.1 232.5 232.8 233.3 233.6 241.8 250.6 261.4 272 280.3 286 295.4 304.7 314.7 325.2 330.7 335.2 338.9 341 343.2 343.5 340.5 336.9 334.5 334.4 335.1 337.2 339.4 343.3 347 351.7 357.9 364 370.1 376.3 382.9 389.2 393.9 397.2 397.5 399.2 401.3 402.1 401.6 402 403 402.7 401.9 409 422 433.1 444.3 455.4 465.3 478.8 488.2 497.2 502.9 510.9 523.8 533.3 542.9 551.6 563
340.1 332 323.5 315.4 308 301.8 296.5 291.9 288.2 282.3 274.9 266.5 256.8 249.1 238.8 233.6 232.1 233.6 233.8 241.3 248.8 259.3 270.3 278.9 285.9 296.2 304.2 314.8 326.3 332 336.7 341.3 346 349.7 349.9 347.2 344.8 342.1 340.7 341.6 342.6 344 347 350.5 354.1 359.5 366 372.7 379.5 388.3 394.8 399.6 402.6 404.1 406.8 409.1 409.9 409.7 409.9 411.4 412.6 412.4 416.4 427.6 437.4 447.4 456.8 468 481.3 490 498.3 506.1 516.6 528 538.3 547.1 556.7 568.4
344.8 336.7 328.3 322.7 316.6 310.1 303.6 298 293.4 287.9 281.3 272.3 262.8 253.3 240 233.9 233.7 232.7 233.7 234.3 245.9 256.6 268.2 277 285.7 295 302.1 313 322.7 330.2 336.8 342.5 349 353.9 355.5 353.7 351.4 349.4 348.7 348 348.2 348.9 350.7 353.1 356.6 362.4 368.2 376 384.2 393.4 399.3 403.6 406.7 411.7 415.1 417.6 418.1 417.7 418 420.3 421.9 423 425.8 433.1 441.1 450.8 459.4 470.7 481.9 490 497.9 508.5 518.7 528.5 538.5 550.3 561.4 568.1
351.5 343.1 335.6 330.7 325.4 319.5 312 305.3 300.3 293.6 286.2 277.9 268.2 258.9 243.7 234.6 234.2 234 234.1 233.3 243.9 253.4 265.8 275.1 283.6 291.6 301 309.5 319.2 327.6 336.4 343.7 350.6 356.9 359.8 359.1 356.8 356.5 354.7 354.9 355.8 355.2 355.7 357.2 361.1 366.7 372.8 380.9 390 397.9 403.4 407.2 413.2 418.5 423.4 426.3 425.9 425.5 426.2 427.7 428.3 429.7 431.2 435.6 443.9 453 461.7 472.4 480.9 489 497.4 508.7 519.5 530.2 543 552.3 563 567.8
362.9 353.5 343.9 338 332.7 328.7 323.4 324.4 314.9 301.4 293.7 284.6 274.4 262.6 245.7 236.3 234.2 234.2 234.3 234.5 235.9 251.2 262 271.3 280.3 288.6 296.5 305.9 315.7 326.1 335.2 343.7 351.9 359.1 363.9 363.7 362.2 362.5 360.8 361.6 362.9 364.1 362.9 363.5 367.2 372.6 378.1 386.7 394.1 400.9 406 410.5 418 425.2 430.1 433 433.7 432.7 432.6 433.2 433.6 433.6 434.4 438 445.5 454.6 463.2 471.7 479.3 487.8 496.4 508.4 523.1 532.1 543.9 552.7 562.9 567.1
372.1 360.2 353.6 346.2 340.2 335.9 334.1 333.2 323.8 309.8 299.9 289.8 278.7 265.8 249.3 237.4 234.4 234.6 234.7 234.9 235 244.3 256 266.8 276 284.1 292.9 301.5 311.8 323.2 333.4 342.8 351.7 360 365.4 366.9 366.6 366.8 367.2 369 370 369.4 368.5 370.3 372.2 376.9 383.9 392 396.6 403.9 408.3 414.1 422.8 429.4 435 438.4 437.2 435.4 435.2 435.2 434.6 434.4 434.9 437.3 445.4 454.6 462.2 470.7 477.9 486.4 495.6 511.2 525.1 534.9 546 552.5 560.4 565.6
379.5 365.6 361.2 353.8 347.9 342.5 340.3 338.3 330.7 320 307.5 294.3 280.8 268.4 254.7 238.9 235 234.9 235 235.1 235.4 241.3 254.2 263.7 274 281.2 288.4 298 307.8 320.7 331.9 341.4 351.2 359.3 365.4 367.9 369.9 370.7 371.9 373.9 375 373.9 373 374.6 376.1 380.9 388.3 394.5 399.7 404.3 409.2 418.4 426.2 432.3 436.7 437.4 434.4 433.2 432.8 432.7 431.8 431.5 433 435.5 443 451.2 458.9 468.4 478.1 487.1 498 513.8 527.7 540.8 546.2 552 558.8 563.6
383.7 379.5 369.2 362.4 356.7 352.7 347.2 349.9 338.4 329.3 317.7 299.4 286.2 270.8 256.3 242.8 237.8 235.2 235.3 235.3 235.3 237.8 250.7 261.6 270.3 278.4 286.4 296.2 306.3 318.5 330.5 340.8 349.8 357.6 363 366.4 369.7 371.9 375.8 376.4 378.4 376.1 375.8 377.6 379.1 384 390.3 396 399.5 404.3 410.6 419.4 426.6 431.9 432.7 431.6 428.7 428.4 427.9 427.1 425.7 424.5 427.5 432.3 439.4 447.5 456 467 480.4 491.5 505.8 520.1 533.6 543.1 548.5 552.8 558.2 562.7
392.2 386.4 379.1 371.8 365.7 362.8 358.6 355.5 344.7 335.7 325.6 314.6 299 280.9 261.6 245.4 237.6 235.4 235.9 236.3 235.6 235.6 248.6 261.6 269 275.9 283.9 293.6 306.3 316.9 329 339.2 347.7 354 359.4 363.1 366.5 370.3 375.7 380.6 378.9 377.5 378.3 378.9 380.9 385.7 392.1 395.6 398.2 403 410.9 417.5 424.9 427.5 426.6 423.8 420.4 420.4 419.7 417.7 414.3 413.5 420.1 429.4 437.5 444.8 454.2 468.5 482.8 496.2 514.2 530.6 539.4 546.2 551.3 554.3 558.7 562.2
398.1 392.7 387.3 380.7 376.1 371.4 367.4 363.3 351.9 341.5 330.5 319.5 306.6 288.9 268.3 251.7 237.5 236.2 236.4 236.7 236.2 236.1 248.5 259.2 266.8 273.7 281.9 292.8 305.8 316.4 328 337.2 344.8 350.3 354.3 357.9 362.3 367.4 372.8 377.2 378 377.5 378.6 378.8 381.2 385.9 389.6 392.4 395.7 401.8 409.1 415.6 420.6 420.6 417.3 413.4 410.2 409.3 407.9 406.6 403.6 413 421.6 428.9 435.9 442.7 452.4 469.2 483.9 502.9 519 536 545.7 550.3 554.1 556.6 560.2 561
402 396.9 394 392.1 388.8 383.2 376.9 370.6 359.8 347.5 334.6 322.9 310.2 291.6 271.5 254.7 243 237.4 237.3 237.4 234.7 236.6 239.1 253.8 263.8 271.9 281.8 293.2 306.8 315.8 327 335.7 340.8 344.1 347.8 352.4 358.1 363.6 368.6 372 374.5 375 376.6 377 378.3 382.3 385.2 387.4 392.1 399.2 405.7 412 414.6 412.6 408.2 401.9 396.5 395.2 393.6 393 402.3 412.5 420.6 427.3 433.8 441.6 453.2 470.3 486.6 505.8 523 540.6 550.2 554.6 557.7 559.4 560.3 560.1
401.5 398.7 396.9 398.1 396.3 391.9 384.3 375.4 365.2 352.1 334.6 324.5 312.1 296.6 273.4 254.8 246.1 243.8 245.4 244.7 239 235.4 237.8 241 258.1 268.2 278.3 293.7 307.6 315.1 324.2 332.1 335.8 338.4 340.8 346.6 352.6 358.5 363.9 366.7 369 371.4 372.5 373.2 374.8 376.1 378.3 382.1 388.8 395.5 401.8 407.6 407.6 404.4 397.9 389.5 384.2 381.4 385.7 396.6 404 411.7 419.1 426.5 432.2 441.8 457 470.7 489 508.3 524.6 540.2 551.9 559.8 562.8 563 561.3 558.2
399 396.8 397.8 400.3 400.7 396.4 387.7 378.2 366 353.8 336.6 325.4 311.8 296 276.8 258.5 251.5 251.6 255 254.6 253.5 246.4 239.6 235.1 241.9 258 269.9 287.2 304.2 313.3 321.3 327.8 330.9 331.6 333.2 340.9 347.3 353.3 358.5 362.1 364.4 366.1 367.5 368.3 368.8 370.4 373 379.3 386.9 392.7 398 403.3 401.4 396.4 386.4 377.6 373.2 379 387.5 394.7 402.2 409.3 417.4 424.7 431.9 443.3 456.8 471.4 488.9 506.8 523.3 539.1 553.6 562.1 565.8 565.5 562 556.9
394.4 393.5 395.5 398.2 398.6 395.5 386.9 376.9 366 354.1 338.7 324.5 310.8 293.8 278.9 265.1 258.2 260 261.7 261.1 258.8 255 241.2 238.6 236 244.5 258.8 266.2 291 307.7 317.2 322.3 323.6 324.7 328.7 335.5 341.9 347.5 352.3 356.5 358.7 360.2 360.8 362.1 362 366.6 370.8 378 384.6 390.9 396.4 398.8 395.8 389 376.7 368.7 367.6 372.1 378.4 385.7 394.6 404.8 414.1 423.1 431.5 442.6 454.7 470.9 487.7 504.7 523 536 553 561.6 565.3 565.6 562.7 556.2
386.8 386.8 388.8 392.8 393.3 389.5 382.7 373.2 363.7 353.4 340.5 323.4 308.4 293.1 282.8 273.3 268.2 268.9 267.6 266.1 265.7 262.4 252.8 243.3 239.2 237.3 245.3 253.2 282.7 301.6 312.4 315.2 315.3 314.3 324.4 331.3 336.8 343.3 347.9 351.8 353 354.1 354.4 354.7 356.2 362.2 369.2 375.8 382.6 388.1 392.4 392.8 389.8 377.9 368.8 361.1 366.7 375.8 383.6 391.4 399.3 404.1 409.1 417.9 429.4 440.4 455 470.1 486.6 503.4 519.3 533.6 546.7 558 562.7 563.9 561.6 554.8
378.6 379.4 381.5 384.1 385.7 382.3 375.8 368.8 360.4 351.8 340.2 324.2 307.7 292 284.8 280.8 276.3 272.5 270.3 265.8 270.3 268.8 261.2 247.3 242.9 240.2 238 250.3 274.2 295.2 306 306.4 305.1 304.3 318.5 328.7 333.4 339.4 344 347.1 347.9 348.4 346.2 347 352.5 360.5 367.1 373.7 380.3 385.5 386.7 385.9 381.2 369.5 363.7 353 367.1 376.9 385.1 395.5 405.3 413.7 421.4 428 433.1 438.8 453.2 470.8 485.8 499.5 514.6 529.1 540.4 552.2 559.2 561.9 559.4 551.7
