UK/data/ss/ss54_OST50GRID_20230518/SS54.asc
ncols 200
nrows 200
xllcorner 250000
yllcorner 140000
cellsize 50
[rows 140 to 174 of 200, columns 0 to 77 of 200]
126.7 135.9 147 150 152 154.4 155.6 156.4 156.9 158.7 160.5 162.4 164.4 166.1 167.4 168.2 169.3 170.4 171 171.8 173.8 175.5 176.7 177.9 179.3 181.8 184.5 187 189.1 191 193.7 195.8 197.7 200.3 202.5 203.1 203.3 203.7 203.5 202 199.5 192.5 197.2 204.8 208.1 211 213.1 215.2 217.3 219.1 220.6 222.5 224.3 226.2 227.5 228.8 228.8 229.6 228.9 228.5 228.2 227.6 226.5 225.7 227.7 228.8 230.1 229.3 228 227 226.2 225.9 226.5 226.6 226.2 225.7 224.8 223.7
129.8 141.8 148.6 149.5 151.2 153.3 153.4 153.9 155.4 156.7 158.8 160.6 162.2 163.4 165.1 166.1 167.2 168.3 169.7 170.7 172.6 174.3 175.7 177.7 180.1 182.7 184.5 186.5 188.3 190.3 192.4 194.8 197.4 199.8 201.4 202.2 202.6 202.6 201.7 198.8 193.1 190.1 199.6 202.4 206 208.7 211 213.5 215.8 217.5 219.5 221.3 223.1 224.5 226 226.7 226.8 227.1 226.5 225.9 224.9 223.6 222.1 222.2 223.7 225.1 225.5 224.9 223.4 222.5 221.7 221.9 222.6 223.2 223.1 223.1 222.3 221.8
133 140.5 144.1 146.7 148.5 149.7 150.5 150.5 152 153.5 155.7 158 159.7 160.7 161.7 163.4 164.7 165.6 167.4 169 170.5 172.1 174 176.2 178.7 181.3 183.3 184.8 186.1 188.3 190.8 193.2 195.6 197.9 199.9 201 201.8 202.3 202 200.2 190.3 189.2 195 198.2 201.1 205.4 209.3 212.3 215.3 217.1 218.5 220 222.4 224 224.9 225.2 225.1 224.9 224.2 223.1 221.7 219.3 217.1 218.3 219.3 220.5 221 220 217.5 218.5 217.3 216.4 218.7 219.4 220 220.3 220 219.3
131.9 136.2 139.3 141.3 142.9 144.3 145.6 147.8 147.1 149.5 151 153.5 155.5 157.3 158.6 159.9 162.2 163.5 164.8 165.7 167.5 169.4 171.5 173.9 176.3 178.3 180 181 183.3 185.5 188.2 191.2 193.5 195.8 198.1 199.7 200.9 201.9 201.6 200.8 182.9 189.6 193 199.2 203.4 206.4 209.1 212.3 215 216.8 217.8 219.3 220.8 222.4 223.9 223.4 223.4 222.3 221 219.5 218 215.1 212.2 213 215.6 217 217.4 216.7 215.6 214.4 211.6 212.3 214.6 215.8 216.6 217.1 217.1 216.5
129.3 132.7 135.2 136.3 138.3 139.2 140.7 141.9 143.1 144.6 146 148 149.5 151 152.8 154.8 156.7 158.8 160.6 161.7 162.6 165.5 168 170.2 172.9 174.3 175.9 177.6 180.2 183.4 185.7 189.1 191.4 193.9 196.4 198.3 199.8 201.4 201.5 193.9 178.3 195.4 201.4 204.2 206.5 209.1 211.2 213.5 215.2 216 217.3 219.1 219.9 221 222.3 221.9 220.8 219.1 217.5 215.5 214.2 211.1 209.6 210.6 212.4 213.6 214.1 213.7 211.8 209.3 208.8 208.2 207.1 208.6 209.7 211.8 213.2 213.5
126.2 128.3 130.5 131 132.5 134.6 135.4 138.1 138.6 139.9 141.6 142.6 144.3 145.7 147.2 148.9 151 152.4 154.5 155.2 157.1 159.4 161.9 165 167.6 169.9 171.7 173.8 176.9 180.1 183.5 186.8 189.7 192.4 195.1 197.4 199 200.4 200.1 180.2 183.3 197.5 203.7 206.5 208.5 210.8 213 214.8 215.4 215.1 216.1 217.7 219 220 220.2 219.5 217.9 216.2 214.1 212.6 210.5 208.9 206.3 206.6 207.6 208.7 209.8 209.6 208.8 207.3 201.4 202.8 202.4 204.8 207.8 208.9 210.2 209.4
123.4 124.1 125.6 126.8 129.3 129.4 131.2 132.9 132.3 135.7 136.8 138.5 138.9 139.7 141.5 142.8 145.1 146.9 147.7 148.5 150.5 153.4 156 158.6 161.1 163.7 166 169.4 173.3 177.5 181.3 184.9 188.4 191.5 194.6 196.4 198.2 198.9 191.6 174 190 201.5 205.2 207.7 209.5 211.5 213.4 214.1 214.1 213.8 214.5 215.9 216.8 217.5 217.7 216.9 215.5 213.8 211.4 209.7 208.6 207.3 204.5 201 202.5 204.4 206.2 206.7 205.6 197.1 203.1 205.3 206.6 207.4 210 211.6 212.6 211.3
120.1 121.2 121.4 122.6 123.6 125.2 126.3 126 128.7 130.5 132.5 133.5 134.8 135.8 136.3 138.1 139.4 140 142.1 143 145.7 147.1 149.3 151.4 154.2 157.2 159.8 164.4 169.5 174.5 179.3 183.3 187 190.5 193.5 195.4 197 198.6 177 182.2 199.4 204.1 206.3 208.5 210 211.6 212.9 213 212.6 212.4 213 213.3 214.1 214.3 214.1 213.7 212.5 210.8 208.8 207.6 206.7 205.9 203.3 200 196.1 200.4 202.4 202.9 194.4 202 205.5 207.3 208.5 210.2 211.1 212.3 213.4 211.9
115.6 117.1 118.1 119 119.2 120.1 121.6 122.6 124 125.5 125.5 128.4 129.2 130.1 131.3 132 134 135.2 136.3 137.8 140.1 141.9 143.9 145.2 147.5 150 155.7 160.9 167 171.8 177.8 180.9 185.1 188 191.4 194.1 195.7 190.4 169.4 188.6 200.2 205 207.5 209 210.4 210.7 211.4 210.8 210.4 210.1 210.7 211.3 211.9 211.6 211.5 210.9 209.7 207.8 205.8 204.7 204.7 204.7 202.9 200.3 195.3 194.2 192 190.3 200.9 206.4 207.9 209.8 211.8 213 214.2 215 215.3 212
118.1 115.4 114.2 116.1 116.3 115.5 117.4 119.4 120.4 121.6 122.2 124.3 125.5 126.2 126.2 126.8 128.5 129.7 131.2 133.2 135.4 137 138.3 140.3 142.6 147 152.4 157.8 163.6 168.3 172.8 178.1 182.1 185.4 188.8 191 193.4 184.3 167.4 181.8 198.5 204.6 207.7 209.2 209.8 209.7 209.6 209 208.7 208.3 207.9 208.2 208.9 208.8 209.3 207.9 206.8 204.9 202.7 200.8 201.9 202.8 202 200.2 191.7 188.1 191.9 202.5 205.9 208.3 211.1 213.6 215.6 216.7 217.9 218.5 217.9 213.6
119.2 118.6 115.4 112.3 113.7 113.3 115.1 115.5 116.7 118.4 119 120.4 120.1 121.4 122.2 122.8 124.1 125.6 126.8 128.6 130.9 133.2 134.9 135.7 140.3 145.4 149.6 154.9 159.1 164.4 168.7 172.6 177.4 181.1 184.3 187.3 189.1 187.3 166.2 176.6 195.2 202.8 206.1 207.7 208.2 207.6 207.1 206.7 205.7 205.4 204.7 205.7 205.8 206.5 206.5 206.1 204.4 202.7 201 198.1 197.6 200 200.4 198.9 187.1 192.4 201.5 205.3 207.5 210.2 213.4 216.3 218.1 219.9 220.7 221.2 220.9 215.2
123.5 121.6 119.8 116.8 115.3 113.3 113.3 111.7 112.8 114.2 115.2 116.3 116.5 117.2 118.2 119.3 120 121.3 123.3 125.4 127.5 129.2 131.4 133.5 137.6 142.1 146.8 151.7 155.5 161.1 165 168.2 172.4 175.6 178.9 181 182 177.4 164.8 175.4 189.7 196.1 200.1 202.3 203.2 204 204.2 203.7 202.8 201.5 201 201.7 203 204.5 204.4 204.2 202.8 201.1 199.2 195.4 193.6 197.3 198 196.6 182.1 197.7 203.4 206.3 209.3 212.3 215.9 217.8 220 221.1 222.2 222.6 221.7 216.8
129 125.7 122.9 121.1 118.6 116.4 114.6 112.8 110 110.7 111.6 113.1 113.7 113.9 115 116.4 117.7 119.1 120.7 122.9 124.7 126.7 129.4 131.4 134.8 139 143.3 148.1 152.6 157.5 161 164.9 167.9 170.6 172.4 174.3 173.9 164.3 163.8 175 184.3 187.4 192.4 194.7 197.6 198.7 199.7 199.8 199.2 197.3 196.7 198.4 200.7 201.9 202.6 202.5 201.3 199.5 196.9 191.7 190 193.8 195.3 186.6 190 199.6 203.9 207.3 210.5 213.1 216.2 219.1 221.5 222.1 222.5 222.4 221.6 218
132.9 131.3 129 124.9 122.9 120.3 117.3 115.3 110.2 108.3 108.4 109.6 110.9 111.3 112.6 114 115.4 117.6 118.7 120.9 122.8 125.2 127.3 130.2 132.6 135.5 139.2 143.4 148.2 154 158.5 160.7 164.1 166.7 168.9 168.6 163.7 158.6 166.4 173 179.1 183 186.1 187.4 190.2 191.7 192.1 192.1 191.4 191.4 191.1 194.9 197.3 197.9 200 200.4 199.8 197.7 194.8 189.6 185.4 190.1 189.6 179.1 195 199.8 203.5 206.9 209.9 213.2 216.3 219.1 221.1 221.9 222.2 221.9 221.4 219.2
142.5 139.4 136.6 131.6 128.4 124.3 121.7 118.1 115.2 112.1 108.2 108.2 108.8 109.5 111 112.7 115.7 118 120.6 122.7 124.4 126.6 128.1 129.4 131.5 133.8 137.3 140.7 144.6 149.8 154.9 156.6 161.6 163.2 164.8 164.7 159 158.9 165.8 170.6 175.6 178.5 181.6 186.6 185 185.4 185.8 185.4 185.7 186 188.4 191.2 193.8 195 196.8 197.1 196.4 195 192.5 188.3 181.9 185.9 180.7 183.6 195 198.6 202.4 205.8 209.3 211.9 214.7 217.7 219.7 221.5 222.2 222 221.1 219.5
156.2 153.9 149.7 144.7 138.3 132.2 126.8 121.2 117 114.3 110.8 107.3 107.3 110.2 114.3 116.5 119 121.1 123.7 125.4 127.2 129.3 131.1 132.6 134.1 136 137.5 141 144.2 148.2 152.1 156.6 158.9 160.6 162.5 161.5 156.2 158.5 163.2 168.3 171.1 173.7 176.4 178.3 179.2 179.7 179.9 180.2 180.1 182.6 184.9 188 190.6 192.4 193.6 193 191.4 189.5 184.3 175.6 171.3 172.3 170.7 185.5 193.2 196.1 199.8 203.4 207.3 211 213.9 216.8 219.4 220.9 221.4 221.6 221.3 220.2
171.5 170.9 169.3 165.3 157.9 150.5 142.2 134 127.5 118.9 113.1 108.7 107 108.7 112.7 116.8 120.7 123.8 126.9 128.5 131.6 134.3 136 137.8 140 141.4 143.2 145.1 147.2 149.5 152.8 156 158.4 160 160.7 159.9 155.8 155.4 160.2 164.1 166.6 168.9 171.2 172.3 173.8 174.6 174.8 175.5 176.8 178.9 181.2 184.8 186.6 188.6 189.5 188.7 187.3 178.5 166 160.7 163 167.8 176.8 185.5 190 193.5 196.5 201.4 205.2 208.4 212.3 214.9 217.7 219.5 220.5 220.7 220.6 220.2
183.1 182.8 182.1 180.5 177.4 172 162.5 152.5 143.7 134.2 125.4 112.8 108.9 107.8 109.1 114.5 119.3 125 129.3 132.9 136.3 139.3 140.9 142.6 145.4 145.5 147.6 149.5 152.5 152.4 153 155.6 158.5 159.7 159.9 158.1 154.7 150.4 155 159.4 162.2 164.3 166.5 167.8 169 169.9 171.1 172 173.7 176.7 178.4 181.7 183.2 185.6 185.9 183.8 179.7 163 156.3 163.9 171.2 176.5 179.8 183.5 187.1 190 194 197.8 202.5 206 210 212.6 215.2 217.2 219.2 219.5 219.6 219.6
188.7 190.3 190.8 190 188.9 186.1 181.6 173.9 162.9 153.6 143.8 125.7 112 107.6 107.3 111.1 118.1 124.2 130.7 135.3 138.8 142.7 145.1 147.1 149.8 150.8 152.8 154.9 155.2 157.7 157 156.1 157.9 158.5 159.8 156.6 153.5 147.7 153.2 155.5 158.1 160 162.1 163.9 165.2 166.7 168.2 169.9 171.8 174.8 177.6 180 182.6 184.4 183.7 180.3 169 153.4 163.4 169.6 172.3 175.3 178.1 181.3 184.1 187.1 190.9 194.9 199 203.2 206.7 209.8 213.1 215.3 217 217.6 218.1 218.2
192.3 193.2 194.1 193.4 191.7 190.5 188.4 184.8 181.1 173.6 160 143.7 124 109.9 106.6 107.9 114.3 121.9 131.7 138 142.4 146.5 148.5 150.3 153.2 154.6 156.6 157.8 159.5 160.1 159.2 158.1 159.1 157.4 157.1 153.9 149.5 148.5 151.1 152.9 154.9 157.2 159.3 161.4 163.1 164.8 167 168.8 171.4 174.1 177 179.8 182.6 182.9 181.4 175.8 158.8 153.3 161.9 166.7 169.8 172.7 175.4 178.4 181.6 185.2 188.4 192.5 196.6 199.8 204.2 208 210.7 213.2 215.6 217.3 216.9 217.3
195.6 197.7 199.5 199.4 197.3 195.3 193.4 190.7 186.7 181.4 176.9 160.1 142.1 120.9 105.9 106.5 112.9 121.5 135.2 143.7 147.7 151.1 152.7 154.3 156.6 158.4 160.5 161.5 162.9 162.1 161 158.6 156.9 153.4 150 146.9 147.1 149.5 152.5 155 156.6 157.6 158.3 160 161.4 164 166.7 169.4 172.1 175.2 178.1 180.2 181.1 180.6 177.7 164.3 148.9 152.8 158.9 162.7 166 169 172.5 175.1 178.5 182.3 186.2 189.1 193.9 198.6 202.9 207.2 210.5 213.1 215.3 217.2 218.1 218.7
201.4 203.8 204.5 203.9 201.8 199.1 196.5 193.4 189.9 185.6 180.4 174.2 157.8 133.5 107.4 104.4 109.4 120.3 137.9 149.7 154.9 157.2 158.8 160.2 162.2 163 166.8 166 165.9 164.5 162.2 158.3 154.5 148.9 146.9 145.5 147.3 151.7 155.1 158.1 160.7 161.9 162.8 164.1 166.6 168.4 170.8 172.8 175.1 177.1 178.3 179.1 179.7 179.3 172.5 154.2 146.2 150.4 154.5 158.1 162.2 165.3 169.8 173.2 177 180 183 188.7 193.1 198.2 202.5 206.1 209.6 212.4 214.9 217 218.3 219.3
204.9 207.2 207 205.1 202.1 198.9 195.6 191.1 187.8 184.2 180.5 175.5 158.6 132.6 108.6 103.7 108.3 124.1 147.5 160.4 164.8 167.5 168.9 170.9 171.4 169.6 169.8 170.4 169.8 166.6 161.9 156.7 149.9 143.8 143.4 148.6 152.2 155.3 157 160.5 163.1 165.9 168.1 169.7 171.1 172.7 174.5 176.7 178.9 179.8 179.5 180.4 180.6 180.7 169.6 148.3 144.3 150.8 156.5 162.1 164.8 167.8 170.1 173.3 178 181.6 185.4 189.4 194 198.3 202 205.5 208.3 211.3 214.1 216.2 217.4 218.4
206.2 206.5 205.2 202.4 199 195.2 191.4 187.7 183.1 179 172.5 158.8 146 125.8 106.3 103.2 113.5 132.1 156.7 167.9 173.1 175.6 177.9 179 179.8 176.6 176.5 174.3 172.5 168.7 161 151.9 143.4 145.1 149 152.6 157.4 159.6 162.1 164.1 166.5 169.7 172.3 173.7 174.9 175.4 176 177.5 179 178.6 178.2 178.6 178.3 176.2 163.6 143.5 145.7 158 167.7 171.5 172.5 171.3 174.9 178.7 181.6 185.1 188.8 192.6 196.5 199 201.5 204 206.6 209.6 213 215.6 217 218.7
205.3 203.6 201.5 198.6 194.2 190 185 180.3 174.9 163.9 153.1 141.3 124.1 106.2 104.2 108.5 121.6 141.7 164.2 174.5 179.3 181.5 183.4 184.5 185.6 185.8 184.5 180.9 175.9 168 154 143.3 143.9 147.7 152 155.5 161.1 164.3 165.1 167.5 170.6 174 175.7 177.5 178.3 178.7 178.8 177.8 177.4 176.6 174.7 173.3 171.8 165.9 153.1 139 152.1 166.7 175.4 178.1 177.9 177.8 179 180.9 183.1 186.8 190.2 193.1 196.1 198.3 199.3 202.8 205.9 209.5 212.9 215.4 217.5 218.5
200.5 198.9 196.6 192.9 189.2 184.2 177.1 169.8 157.8 147.5 135.8 119.8 104.3 103.8 105.4 115.3 129.9 152.4 167.6 176.2 180.3 182.8 184.5 187.3 188.9 189.4 188.6 186.1 180.7 164.1 145 140.6 147.5 152.8 161.3 164.4 166.3 168.6 170.4 173.1 176 178.6 180.8 181.8 181.7 181.4 180.5 179 176 172.7 169.2 160.7 156.4 148.1 139.3 143.2 154.8 165.3 170.3 173.7 175.1 176.1 176.3 177.4 178.7 181.8 185.1 188.5 191.1 193.1 196 199.6 203.3 206.7 210.3 213.4 216.1 217.4
195.8 193.5 190.8 187.6 182.7 177.5 169.3 152.9 143 131.6 116.5 102.8 98.2 102.6 111 118.5 131.5 149.4 161 170.5 176.9 180.6 184.2 187.6 190.2 191.1 190.8 188.4 179.6 156.3 140.3 143 153.3 165 172.6 175.1 176.1 176.4 176.7 178.6 181.4 183.4 185.4 186.4 186.1 184.5 181.2 179.3 174.6 167.6 158.1 142.4 138.3 136.2 137.5 140.7 144.3 153.7 157.3 159.4 161.5 163.5 165.4 167.2 171.1 175.6 179.6 182.9 184.5 186.1 190.5 195.8 200.1 204.4 207.9 211.8 214.4 215.3
189 186.8 184.1 179.9 174.8 168.8 155.7 139.8 129 114 101.2 98.8 101.9 112.8 122.9 132.8 135.4 142.9 151 161.6 170.7 177.4 182.3 187.1 190.2 192.6 193 190.4 180.2 153.8 138.1 145.3 163.7 175.1 179.4 182.8 184.9 186.1 186.3 186.8 187.7 188.4 189.4 190.4 190 188.2 184.4 178.9 172.4 159.2 143.4 135 132.1 140.5 148.9 153.4 150.6 150.4 150.5 153.3 155.6 158.4 160.4 161.4 164.5 168.1 171.8 174.8 178 182.6 187.6 192.5 197.2 202.3 207.2 210.8 213.3 214.3
180.8 178.2 175.4 171.3 167.1 157.7 143 128.8 109.6 99.2 98.3 103.5 112.9 127.3 142.4 149.7 152.9 157.3 161.3 164.7 169.5 176.1 181.1 185.8 189.7 191.8 191.5 189.8 177.4 149.6 136.6 151.2 168.5 178.1 183.1 186.2 188.7 190.6 192.1 193.7 194.4 194.6 194.4 193.7 192 189.4 186.4 180.9 169.1 149.4 133.5 131.6 139.3 148.3 158.7 165 167 165.6 164.1 163.6 164.5 166.8 167.2 168.2 169.6 170.2 172.3 175.9 181.1 185.9 191.2 195.2 198.4 203.6 208.4 211.1 213.2 214.1
174.2 171 167.7 161.6 157.7 146.2 131.2 113.5 96.2 98.5 102.6 112.4 127.9 138.6 150.2 158.7 163.3 169.8 174.2 178 180.4 182.2 184.7 187.6 189.8 191.7 190.7 186.9 173.1 149.7 136.3 142.6 154.8 170.2 181.3 186.4 190.1 192.6 194.7 196.6 197.1 197.9 197.7 197.3 195 190.9 185.7 180.4 164.4 143.6 130.1 130.2 145.1 158.3 170 176 179.5 181.4 181.8 180.9 182.5 182.4 184.9 185.6 186.4 186.6 185.3 187.3 191.8 193 198.1 202.4 204.6 207.1 211.2 214.2 215.1 215.1
165.5 161.5 156.7 153.4 146.5 135 122.8 100.3 96.1 101.6 111.1 128 137 145 157 164.3 169.5 174.4 179.9 183.6 187.2 189.4 190.1 190.8 192.1 192.7 191.1 187.1 178.7 156.7 140.9 134.5 139.4 151.5 169.3 182.9 187.6 191.5 194.3 196.6 197.3 197.8 197.8 197.4 196 191.3 184.7 177.1 157.1 135.7 128.4 137.5 153.2 168.3 178.2 184.1 188.1 190.5 191.6 193.4 195.5 197.9 200.6 202 203.4 204 200.8 199.4 205.3 205.3 208.9 213.2 214.7 215 217.6 218.3 219.4 218.8
157.2 150.5 143.8 138.1 132.5 123.4 107.5 94.7 97.9 109.1 123.9 132.9 141.1 151.8 162.4 168.5 173.4 178.2 183.6 188.4 191.5 193.4 194.3 195.1 195.7 195.9 193.5 188.4 180.2 166.8 151.9 140.3 133.3 136 153 171.7 181 186.8 191.1 193.8 194.9 194.8 194 193.1 190.7 187.3 183.7 176.4 157.6 134.2 127.1 143.4 163.2 177.9 185.5 191 195.9 198.2 199.9 202.2 204.5 206.9 209.8 211.9 212.9 213.8 214.1 210.3 214.2 216.5 218.5 222.9 224.6 224.3 224.2 225.6 225.3 224.3
137.9 130.1 127 122.1 113.3 101.1 94.2 96 102.5 114.2 126.4 136 147.3 156.3 163.8 170.2 175.4 180 186.2 190.6 193.5 195.6 196.5 196.5 196.8 197.2 195.5 191.8 188.2 182.7 168 152.2 139.4 131.7 139.9 158.2 172.3 182.6 188.1 190.1 189.5 188.5 186.7 185 183.2 180.8 178.2 175.2 160 135.6 125.8 147.5 172.3 182 190.9 197.2 200.6 202.5 205 207.1 209.5 211.9 213.9 215.6 217.8 219 219.9 221 221.9 222.8 224.5 227.2 228.2 228.2 228.6 228.8 228.6 226.9
121.6 114.2 107.9 97.8 92.7 92.1 92.3 98.6 108.2 120.3 131.3 140.6 149.9 159 166.5 172.5 178.4 183.6 188.8 192.3 195 197.1 197.9 197.6 198 198.1 197.4 195.5 192.7 190.1 181.9 163.8 149 135.8 129.7 145.6 160.9 174.7 183.3 184.4 184.2 181.4 179 176.2 173.4 172.7 173 171 156.8 132.8 125.8 150.4 173.8 184.1 192.1 197.7 200.5 202.5 204.4 206.9 209 212.7 215.7 218.7 221.4 224.2 225.4 226.7 227.7 229 229.8 230.6 231 231.8 231.6 231.3 230.4 228.8
102.1 91.1 86.4 88.6 89.7 93.1 97.8 107 117.8 128.8 138.7 146.6 155.5 163.4 169.9 175.3 182 186.1 190.7 194.1 196.4 197.7 198.1 197.8 198.7 199.3 199.2 198.2 196 193.1 189 173.9 160.8 145 129.9 132.3 146.6 161.9 170.6 172.2 168.6 166.2 163.6 164.9 165.7 166.6 167.7 165.3 147.9 125.7 126.4 150 170.8 180.5 189.2 193.3 197.1 199.6 201.7 204.3 207.7 211.6 215.8 220.2 223.4 226.6 228.5 230 231.5 232.7 234 234.1 234.6 233.9 233.9 233.1 232 229.1
