UK/data/nh/nh80_OST50GRID_20230518/NH80.asc
ncols 200
nrows 200
xllcorner 280000
yllcorner 800000
cellsize 50
[rows 105 to 139 of 200, columns 78 to 155 of 200]
239.6 241.4 242.2 242.2 238.8 241.9 245.2 245.8 248.1 252.9 252.6 251 247.5 246 246.3 246.2 247.1 241.7 237.5 237.2 237.1 232.6 239.5 254.5 250.8 249.1 249.6 250.2 251.8 253.9 255.7 257.3 259.2 261.4 263.6 265.7 267 268 269.1 270 269.3 268.4 268.1 268.3 267.4 267 266.3 267.1 269.2 269.3 266.1 260.9 260.5 260 259.5 259 259.1 259.5 260.1 260.3 260.6 262 262.8 263.9 265.2 267.2 269.2 270.9 272.2 273.8 275.8 277.2 279.6 282.1 284.5 287.1 290.2 293.3
239.3 241.1 241.9 242.3 239.9 242.3 245.8 252 251.9 253.7 252.9 252.4 251.2 251.4 253.5 253.3 254.2 249.1 243.1 239.2 238.6 234.3 237.8 251 250.7 250.6 249.7 249.7 251.3 253.9 256 258.5 260.8 262.6 264.8 266.2 267.4 268.3 269 268.7 268 267.2 267.2 268.1 269.4 268.6 264.8 265.8 267 269.2 267.5 261.8 259.9 259.4 258.9 258.7 258.6 258.8 259.6 259.9 261.3 261.5 263.3 264.5 266 266.8 268.2 270.5 272.5 274.1 275.5 278 280.5 283 285.4 288.2 291.5 294.9
240.1 240.7 241.3 242.1 241.1 242 245.4 253.1 253.9 253.6 253.6 253.2 253.8 255.5 256.2 255.2 255.6 256.3 250.2 245.6 242.7 240.7 236.8 240.9 248 251.4 249.2 249.6 250.1 253.5 257.1 259.5 261.9 264.2 265.9 266.8 267.8 268.8 268.8 268.8 268.9 267.1 266.1 265 265 266.8 263.4 264.6 267 267.1 264.2 259.3 258.8 259 258.7 258.5 258.5 258.8 259.4 259.4 258.9 262.1 263.8 265.1 266.8 267.6 268.7 270.5 272.5 274.2 276.9 279 281.5 283.8 286.3 289.1 292.7 296.5
237.6 240 241.5 242.1 241.3 241.9 244.7 250.9 253.3 254.6 254.4 253.4 257.8 258.8 258.9 258.1 259 258.7 257.7 253.8 249.5 245.4 233.3 240.8 246.2 253.5 253 254.1 252.1 254.6 256.9 260.2 262.5 265.5 266.2 267.3 268.3 269 268.9 268.4 268.1 268.1 266.3 266.1 262.7 265.3 262.1 261.3 266.4 262.8 259.1 258.2 258.4 258.7 258.5 258.5 258.8 258.8 259.4 259.5 259.9 262.2 263.8 265.8 267.5 268.4 269.2 270.3 272 274.7 277 279.8 282.3 284.7 287.2 290 294.1 298.2
229.7 239 240.7 241.9 241.5 243.5 246.8 251.2 255.5 256.8 256.7 255.9 260.3 259.1 261.1 262.9 264 264.1 263.7 260.2 255.6 249.8 238 238.4 246.8 254.1 257.5 257.8 256.8 257.4 259 260.6 263.1 265.4 265.4 265.7 266.5 266.9 267.2 266.8 266 265.5 266.2 270.5 263.7 264.9 261.7 259.1 257.8 257.7 257.7 257.9 258 258.2 258.2 258.5 258.3 259 259.5 259.7 259.9 261.2 263.1 265.5 267.8 268.8 270 271.1 272.3 275.1 278 280.9 283.6 286.1 288.4 291.5 295.8 300.4
236.4 236.9 240.3 241.4 242 244.9 249.4 253.2 255.7 258.1 256.9 258.9 259.8 262.3 264.2 266 268.2 269.7 269.9 266.2 261.3 256 247.1 234.6 243.9 253.8 256.8 256.1 257.5 260.2 260.6 261 262.5 264.6 264.9 263 262.6 263.2 262.9 262.7 262.8 262.5 263.1 266.8 267.2 262.3 261.2 258.5 256.5 257.1 257.3 257.5 257.7 257.9 258.2 258.1 258.6 259.4 260.5 260.9 260.9 261.2 262.9 265.4 268.1 269.9 271.8 272.6 274.4 276.6 279.6 282.4 285.1 287.6 290.5 293.7 298.4 303.2
238 235.5 241.1 242.6 243.3 247.2 251.8 254.5 254.8 258.1 259.2 262.1 264.1 265.8 267.3 268.9 270.3 272.4 273.1 271.1 266.7 260.6 253.3 234 235.7 251.4 255.9 257.1 257 259.4 260.4 261.8 263.3 264.8 265.3 263.9 261.3 260.5 260 259.6 259.6 259.7 260.3 261.1 263.6 264.9 261.4 258.4 257.2 257.2 257.4 257.5 257.7 257.4 257.7 258 258.7 261 262.4 262.9 262.3 263.6 265 266.4 269 271.7 273.8 275.6 277.4 279.1 282.1 284.9 287.8 291.1 294.6 298 301.8 306.5
239.3 236.9 242.9 243.9 244.9 248.3 252.1 253.8 255.2 259.2 261.6 265.1 267.7 269.2 271 272.1 273.3 274.1 275.2 274.4 269.4 264.3 256.5 243.9 235 243.2 256 258.5 259.4 260 260.9 262.2 263.6 265.1 265.2 264.8 262.7 259.9 258.5 258 257.9 257.8 257.7 258.4 259.4 261.4 260.4 259.3 257.6 257.3 257.1 257.3 257.4 257.6 257.5 257.9 258.9 261.1 264 265.4 265.6 266.1 267.4 269.3 271.3 274 276.9 278.8 280.3 282.2 285.1 288.3 291.1 294.5 298.4 302.4 306.1 309.9
236.8 238.7 243.8 244.9 245.9 249.2 253.1 255.2 256.7 261.6 263.7 268.2 272.2 274.3 275.4 276.1 276.4 276.8 276.4 274 270.8 265.3 259.5 249.3 241.8 246.5 256.3 260.3 260.8 261.2 261.6 262.5 264 265.5 265.6 265.4 264 261 258.4 257.9 257.4 257.2 256.9 257.4 257.3 258.4 258.2 259.1 258.6 257.4 257.4 256.7 257.2 257.5 257.4 258 259.1 261.3 264.5 267.6 268.8 269.9 271.1 273.1 274.5 276.6 278.9 280.7 282.5 285.5 289.4 292.2 295 298.5 303.3 307.4 309.6 312.9
236.5 241.7 245.5 245.9 247.2 250.7 254.2 256.1 258.6 262.3 266.2 272.2 277.3 279.6 280.2 280 279.3 277.8 276.9 275.3 271.2 266 260.6 255.3 244.5 244 255.2 263.3 263.3 263.2 263.3 263.2 264.6 265.8 266.3 266 265.3 262 259.3 258.2 257.8 256.5 256.6 257.1 257 256.8 256.7 256.6 257.6 256.9 256.8 256.9 257.2 257.5 258.3 258.4 259.1 262 266 268.7 271 272.4 273.4 274.8 276.5 278.3 280.3 282.3 285.5 289.7 293.5 296.3 299.1 303.1 307.9 312.6 315 317.1
235.4 244.9 247.7 247 248.9 253.2 256.3 257.7 261.6 265.4 270.8 276.9 281.7 284.2 284.7 285 283.5 280.5 278.5 276.6 271.8 266.7 261.1 255 246.3 237.7 260.8 264.7 266.2 264.4 263.8 264.2 265.5 266.5 266.5 266.2 265.9 262.8 257.7 257.1 257.3 256.4 256.5 256.7 256.7 256.7 256.6 256.3 256.4 256.7 257.2 257.3 257.5 257.6 257.9 258.3 260.6 264.2 267.8 270.5 273 274.2 275.3 275.6 277.3 279.5 282 285.5 290.1 294.7 297.9 300.8 303.8 308.2 312.3 317.5 320 322.5
236.7 247.2 249.2 249.6 250.5 254.6 257.4 261.2 265.5 270.2 275.6 281.6 285.6 287.9 287.9 287.2 285.5 277.8 276.5 275.5 271.3 267.3 261.7 255.8 247.5 240.2 263.2 266.6 267.2 265.6 264.2 264.6 265.9 266.2 265.8 265.6 263.8 260.5 256.5 255.8 255.8 256.5 256.5 256.6 256.5 256.5 256.5 256.1 256.5 256.8 257.2 257.5 257.5 257.6 258.5 260.2 263.9 267.8 270.8 272.7 274.9 276.1 277.3 277.5 277.7 281.5 283.8 290.1 295.6 299.5 302.4 305.3 309.1 313.3 317.1 321.2 325.1 328.5
239.4 250 251.3 249.5 251.3 255.5 259.1 264.6 269.6 274.8 280.2 285.3 289.1 290.2 288.8 287.5 285.6 277.8 276.3 273.7 271.3 266.9 262.7 257.2 250 239.2 265 266.8 267.2 265.8 264.1 263.9 264.5 264.9 264.8 263.5 260.6 257.3 255.7 255.6 255.6 256 255.9 256.3 256.3 256.3 255.7 256.5 256.8 257.2 257.3 257.5 257.8 258.4 260.6 264.3 268.3 271.6 273.7 275.7 275.7 276.6 278.8 282.4 283.2 283.9 287.4 294.7 301.5 303.8 306.7 309.4 313.5 318.8 322.4 326.2 330.4 334.6
241.4 250.7 253.6 252 253.9 257.7 261.8 267.4 273.1 278.6 283.8 288.5 291.5 290.1 288.2 285.6 282.3 279.2 275.5 273.2 271.3 266.5 262.3 257.9 250.8 241.8 266.5 266.2 266.5 267.9 264.1 262.8 263.2 263.7 263.4 262.2 258.8 255.9 255.6 255.5 255.6 255.6 255.8 255.9 256 255.9 256.2 256.4 256.6 257.6 257.6 257.8 258.1 258.9 263.2 267.7 272 274.1 276.1 276.1 275.8 275.6 278.6 282.1 285.2 286.1 290.6 298.8 303.5 306.7 309.8 312.9 318 323.4 327.7 331.5 336 343.3
247.4 252 254.8 256.9 258.8 259.5 263.9 269.9 275.9 282 287 291.6 293.2 292.6 289.3 286.2 283.1 282.9 280.3 276.3 272.5 267.3 262.8 258.7 251 241.4 263.8 263.8 265.7 265.7 263.1 262.1 262.4 262.8 262.5 261.3 257.8 255.8 255.8 255.6 255.6 255.6 255.7 255.8 255.8 255.8 255.8 256.1 256.4 257.4 258 258.3 258.4 258.6 262.9 269.2 273.9 276.9 276.9 276.5 276.6 276.5 279.1 282.6 285.5 285.2 290 298.4 304.2 307.7 312 317.2 322.7 327.9 332.7 338.4 348.2 357.3
252.6 255.5 258.5 259.4 259.5 260.5 267.5 273.6 279.8 286 291.3 293.5 295.2 295.2 292.3 290.4 288.3 286.8 287.2 285.2 276.3 269.9 265.1 260.6 254.7 242.2 260.9 261.8 264.7 263.4 262.1 261.5 261.6 262 263.8 260.9 258 255.6 255.6 255.7 255.6 255.4 255.2 255.6 256.1 256.1 256.1 256 256.7 257.5 258.6 258.6 258.6 258.9 262.9 269.1 275.3 279.1 280 279.9 280 280.9 282.5 284.4 286.3 287.4 290.2 295.7 301.6 308.2 313.8 320.7 329.2 334.4 341.6 352.6 362.6 371.6
254 255.4 259 260 260.7 263.5 271.4 277.8 284 289.9 293.6 295.9 297.6 297.2 296.5 295.5 291.3 292.3 289.6 286.7 279.1 272.7 267.9 262.6 257.6 250.2 247.6 259.6 261.2 262.6 262.1 261.3 259.2 259.3 259.6 259.7 256.2 255.4 255.4 255.6 254.9 254.5 255 256 257 256.2 256.1 256.1 257 258.5 258.7 259 259.1 260.4 264.6 270.4 275.8 280 283.4 282.2 282 283.5 285.2 286.7 288.2 289.7 293.5 297.4 301.4 306.8 314.6 325.5 335.5 343.3 353.5 365.7 375.2 386
255.7 256.3 258.8 261.2 262.8 269.3 275.9 281.9 288.2 293.1 296.3 298.7 300.2 299.7 298.5 298 296.4 296.7 293.1 289 281.9 275.3 269.5 264.3 260.3 258.4 246.9 244.9 245.1 249.2 260 259.8 260.2 259.4 258.8 258.6 256 255.5 255.3 255.2 254 254.4 254.7 255.4 257.3 256.7 256.1 256.6 257.7 259.2 260.1 259.9 261 263.6 267.7 273.9 280.6 284.5 284.3 282.4 282.3 284.9 287.4 289.4 290.9 294.8 298.9 302.3 305.5 309.3 317.4 329.1 342.1 353.4 366.3 379.5 391.3 405.8
256.8 258.8 261.8 264.1 268.3 274.4 280.4 286.1 291.6 296 299 301 302.8 305.1 305.2 303.4 303 301 295.4 288.7 282.1 276.4 270.5 265 261.6 259 250 248.4 249.6 247.4 246.5 259.9 262.1 260.6 257.2 255.6 255.2 255.3 255.5 254.6 254.1 254.5 254.9 255.7 256.8 256.5 256.1 257.1 258.6 260.7 262.2 262.7 265 267.9 274.4 281.6 287.3 286.9 285.2 282.5 283.8 286.8 289.6 292 296.9 301.2 304.8 307.4 307.7 317.4 328.7 340.3 351.3 366.1 382.1 397.2 414.8 430.3
258.7 262.4 264.5 268.4 273.7 279 284.8 290.5 295 298.9 301.1 303.1 305.6 308.1 309.7 307.2 304.5 299.9 293 286.4 281.1 276.5 270.3 266.4 261.9 260.1 252.2 248.2 250.1 247.5 246.9 248.9 262.7 263.7 257.5 255.6 255.3 254.9 255 255 253.8 254.7 255.2 256 257.7 257.2 256.4 257.8 259.6 261.5 263.3 266 268.4 273.9 281.9 288.3 288.6 288.2 287.1 285.4 286.9 289.8 292.7 297.8 302.7 307.1 308.3 309.1 316.8 327.6 340.6 353.7 368.1 387 404 421.2 437.4 448.8
261.7 264.8 268.7 273.7 279.1 284.2 289.2 294.8 299 301.2 303.1 305.4 308.2 310.6 310.9 307.7 302.5 295.7 288.8 283.6 279.5 274.9 269.2 266.1 262 261.4 254.7 249 252.8 253 247.4 249.6 250.6 264.4 260.9 258.3 255.3 254.9 254.7 252.9 253.9 254.9 255.5 256.1 257.2 256.4 257.7 259.3 261.2 263.2 265.7 268.7 272.4 278.6 286.5 288.5 288.5 288.7 288.6 288.9 290.5 293.2 298.5 303.7 308.7 310.9 313 318.6 328.7 341.2 356.3 371.8 389.4 410.3 429 448.3 466 474.2
265.8 269.5 274.2 279.3 284.6 289.7 294.2 299.1 301.5 303.4 305.5 308.6 311.6 313.2 310.6 306.2 299.2 291.9 286.2 281.8 277.6 273 268.5 266 263.5 260.7 259.5 262.1 262.8 248.8 248.5 250 250.5 260.2 259.2 258.2 255.4 254.8 253.9 254.3 254.7 255.6 256 256.5 257 256.3 258.3 261 262.8 264.9 268 271.5 275.8 281.7 286.3 287.6 288.1 288.8 290.4 292.1 294.1 298.2 303.3 307.9 313.9 315.9 318.9 330.9 342.8 358.8 376.1 393.7 412.9 434.4 457.2 477 491.3 502.3
270.5 274.7 279.5 284.3 289.9 294.6 299 301.7 304 305.7 307.8 310.9 314.2 313.1 308.9 302.8 295.4 288.8 284.3 279.9 276.1 271.8 268.4 266.5 262.2 261.4 263 269.3 249.3 249.5 250 250.3 251.6 254.5 255.8 256.9 255.4 253.5 253.8 254.9 255.6 256.2 256.5 256.8 257.2 258 260.2 262 263.5 266.5 270.1 273.9 277.9 283.1 285 285.9 286.9 289.3 292.6 294.8 298.1 302.7 307.5 310.7 318.5 319 328.9 346 362.7 380.6 400.6 419.7 438.7 459.4 485.9 506.8 519 523
273.9 279.2 284.2 289.2 293.8 298 301.2 303.9 306.1 307.7 309.6 312 312.6 310.3 305.8 299.5 293.3 286 281.5 277.5 274.5 271.1 268.4 265.4 263.3 261.2 263.3 251.4 250 250.1 250.5 251.2 252.8 257.5 257.6 257.6 258.4 258 256.5 255.8 256.5 256.7 256.7 256.8 259.7 261.3 263.5 264.3 265.6 268.9 272.7 276.3 279.3 282.7 284.5 286.2 288.2 292 295.5 298.7 302.5 306.6 310.5 322.6 321.9 326 342.7 365 385.3 404.4 426.9 447.1 470.1 492.2 513.8 531.1 538.6 541.7
277.8 283.1 287.9 292.5 296.7 299.9 303 305.7 307.2 308.6 310.3 311.1 310.1 307.5 302.5 298.1 290.6 284.2 279.1 276 273 270.6 268.5 264.6 262.3 260.1 254 249.9 250.1 251.8 251.6 252.4 253.7 254.4 259.3 257.3 259 258.8 257.6 256.8 256.7 256.3 258 261.2 263.2 265.3 267.9 269.1 270.4 273.5 276.6 280.2 282.3 284 286 287.9 291.3 295.2 299 302.6 306.7 310.8 316.2 323.9 325.7 340.4 364.5 387.6 410.3 431.2 454.9 481.9 506.4 530.2 542.2 551 555.5 557.1
281.9 286.5 290.9 294.9 298.1 301.4 304.7 306.8 308.1 309.1 309.4 308.7 307.7 304.6 299.2 294.3 287.1 280.2 277.2 274.4 272.1 270.3 267.6 264.2 261.1 252.2 251.3 251.3 251 251.9 252.6 253.8 253.9 255 259.3 259.5 258.5 259.5 258.8 257.1 257.9 260.1 259.2 263 266.1 269.5 272.4 274.4 276.4 277.6 279.7 282.3 284.6 286.2 288.4 290.7 294.8 298.8 302.7 306.8 311.8 316 325.3 330.5 333.4 358.8 384.9 412.9 438.2 462.9 488 519.8 546.3 557.6 562.3 566.8 569.6 563.1
285.1 289.5 293 296.6 299.5 302.3 305.3 307.5 308.6 308.3 307.7 306.4 304.8 302.1 296.9 291.6 286.9 282.5 278 273.5 271.8 269.8 266.6 263.8 252.1 251.5 251.6 251.3 251.7 253.6 253.1 253.9 254.3 255.6 259.6 259.6 259.1 259.6 259 259 259.3 260.1 259 264.5 269.2 273.4 276.9 280.3 282.8 283.1 281.6 284.3 286.9 289.3 291.8 293.9 297.6 301.8 306.4 310.8 316.4 323.4 331.4 335.3 351 377.3 408.6 442.5 472.9 503.3 527.1 553.6 573 579.4 581.8 582.4 578.5 570.5
288.2 292.2 295.4 298 300.9 302.8 304.8 306.8 307.8 307.5 306.4 304.9 302.6 299.3 295.9 291.2 286.4 284.9 283.3 274.8 268.9 265.8 264.3 254.8 252 252 251.5 251 254.1 254.3 254.4 254.7 254.7 255.7 260 260 259.7 259.7 259.4 260 260.1 258.7 258.2 264.5 271.4 277 281.5 285 288.1 285.8 283.7 286.4 289.2 291.9 294.6 297.3 300.2 304.5 309.5 314.4 323.4 332 337.6 344.7 368.8 397.6 427.2 469.8 501.3 536.4 564.3 584.2 592.7 598.5 596.8 594.9 587.8 577.8
290.8 294.4 297.4 299.7 301.4 302.5 303.8 305.6 306.5 306.7 305.3 303.2 300.4 297.5 293.6 288.7 285 282.4 277.4 267.8 264.6 263.3 258 252.8 252.8 252.7 252.8 252 255.2 255.1 255.1 255.1 254.7 254.4 260 260.7 260.3 260.2 260.1 259.4 259.4 258.3 258.1 265.9 272.8 279 284.5 288.6 290 287.2 285.9 288.5 291.3 294.1 297 300.2 302.8 308.7 314.5 322.3 329.4 338 342.3 353.7 381.8 414.8 451 488.5 522.4 557.6 586.9 601.9 610.9 615.4 611.9 607.2 599.2 586.6
291.6 294.5 297.9 299.8 300.8 301.8 302.8 304.1 304.5 304.5 303.4 301 298.2 294.7 289.7 285.5 281 275.5 269.5 265.7 264.3 256.7 255 253.5 253.1 252.7 253.3 253.3 255.8 255.7 255.6 255.6 255.4 255.2 255.9 259.7 260.5 260.6 260.3 259.8 259.4 259 263.1 268.7 273.9 279.6 285.1 290.2 290.7 287.9 288.1 290.6 293.3 296.4 299.2 302.2 305.9 311.3 319 331.2 339.2 344.8 347.5 369.2 397.8 432.1 471.2 507.3 542.6 579.5 601 615.3 623.1 627.5 623.5 618.5 611.6 596
292.3 295.2 298.1 299.2 300.1 300.8 301.7 301.7 301.6 301.5 300.7 298.8 296.3 292 289 281.7 275.8 269.7 266.1 265.4 264.1 255.8 255.2 254.4 253.2 253.3 253.7 253.9 255.9 256 256.1 255.6 255.5 255.8 260.4 260.5 260.6 260.7 260.6 260.5 261.3 262.8 266.6 271.6 276.5 280.3 284.7 288.5 288.7 288.9 290.4 292.7 295.4 299 303.7 306.8 310.6 315.1 324.7 337.6 347.2 348.8 359.6 379.9 413.1 452.1 487.7 528 566.3 594.2 614.4 628.4 637.1 638.7 631.8 625.9 613.9 597.5
293 295.8 297.2 297.6 297.8 298.9 299.4 299.1 298.7 298.2 297.4 295.9 298.2 292.2 290.1 282.5 273.5 267.3 266.7 258.4 257.9 256.2 255.4 254.7 254.1 254.3 253.7 256.4 256.4 256.4 256.1 256 255.5 256.8 261.3 261.1 261 260.8 260.5 260.5 262.6 265.1 269.1 274.8 279.8 282.8 285.6 287.7 289.6 291 292.4 293.7 295.7 300.6 306.9 312.2 315.6 317.8 331.6 341.9 350.9 354.2 366.3 390.6 426.5 462.6 504.2 550.1 584.2 606.8 625.9 639.6 649.3 649.4 640.1 630.4 615.6 599.3
293.6 295.4 295.4 295.1 295.7 296.1 296.5 296.6 296.3 296 294.2 292.1 292.3 291.9 289.3 281.9 269.5 268.1 268.3 257.3 256.7 256.4 255.7 255.3 254.6 254.5 254.5 254.1 256.7 256.7 257.2 256.7 256.2 255.5 261.3 261.3 261.2 261.3 261 262.6 265.4 268.1 272.7 278.2 283.1 286.2 287.7 290.1 292 293.5 294.7 295.1 295.8 300.5 306.9 313.2 318 326.9 339.4 347.6 356.2 366.4 376 402 439.3 478.2 516.6 547.2 581.3 617 635.6 650.6 660.6 658.7 646.2 634.2 618.6 602.5
293.7 292.9 292.5 292.2 292.6 293.1 293.5 293.9 294.6 294.2 291.3 291.6 289.4 289.2 288.6 276.2 269 269 269 267.8 260.4 256.6 256.1 255.6 255 254.2 254.8 255.1 257.3 257.7 257.6 257.1 256.6 256.3 259.8 261.6 261.7 261.8 262 265.8 268.6 271.5 276 281.1 287.2 290.2 291.5 292.3 293.6 294.9 295.8 296.2 296.4 300.8 308.4 315.2 326 334.6 347.7 356.3 362.1 374.2 390.4 414.2 452.6 495.6 539.4 576.1 602.9 625.8 644.7 659.1 668.3 665.1 653.3 639.3 623.8 608.5
291.7 289.6 288.8 289.1 289.6 290 290.4 291.4 293.5 289.8 288.9 289.7 288.6 288.7 288 272.7 269.8 269.3 269.5 268.3 266.7 257 256.6 256.1 255.8 254.4 253.7 253.7 258 258 257.7 257.6 256.9 256.7 261.6 261.8 261.8 262 263 267.1 271.4 274.9 279.2 285.8 292 293.4 293 293.7 294.5 295.2 296.1 297.6 298 304 311.4 319.5 331.4 342.4 354.4 362.9 374.6 388.2 403.7 432.1 469.9 496 541.6 580.2 613.2 635.2 652.3 667.3 673.5 669.1 659.3 644.7 628.2 612.9
