UK/data/sm/sm82_OST50GRID_20230518/SM82.asc
ncols 200
nrows 200
xllcorner 180000
yllcorner 220000
cellsize 50
[rows 0 to 36 of 200, columns 84 to 167 of 200]
121.3 121.3 120.7 120 119.3 118.3 116.9 115.7 114.7 114.4 114.2 114.6 115 115.3 115.5 115.4 115.4 115.7 116 116 115.5 114.9 114.5 114.1 112.6 110.6 106.7 104.7 105.9 107.9 109.3 114.5 116.9 119.1 120.7 122.6 124.1 125.8 127.6 129.2 130.4 131.4 132.2 132.7 133.1 133.5 133.8 133.9 134.1 134 133.6 133.1 132.7 132.6 132.5 132.4 132.4 132.4 132.3 132.7 133 133.3 133.8 134.4 134.7 135 135.2 134.8 134.5 134.9 134.1 134.9 136.3 137.2 137.9 138.4 138.9 139.4 140.2 141.6 142.3 142.8 142.8 142.8
120 119.9 119.7 118.7 117.9 117.3 116 115 114.5 114.1 114 114.3 114.8 115.3 115.9 116.1 116.4 116.5 116.7 116.7 116.5 116.4 116 115 113.7 111.5 108.2 104.7 107.6 110 112 115.1 117.9 120.1 121.8 123 124.3 126 127.2 127.9 129.2 130.4 131 131.4 131.8 132.1 132.3 132.6 132.6 132.4 132 131.5 131.1 131 130.9 130.7 130.4 130.3 130.6 131.4 131.2 132.2 132.8 133.3 133.8 134 134.2 133.1 132.8 133 131.7 133.4 134.5 135.5 136.3 136.9 137.4 137.9 138.8 139.5 140.3 141.1 141.4 141.7
118.8 118.6 118.4 117.9 117 116 115.7 114.9 114.2 113.6 113.8 114 114.5 115.2 115.9 116.5 116.9 117.2 117.4 117.4 117.2 117.2 116.9 115.8 114.8 112.5 109.9 106.8 109.4 112.8 115.1 117.2 118.9 120.8 122.3 123.4 124.5 125.9 126.7 127.5 128.6 129.2 129.7 130 130.3 130.6 130.6 130.6 130.6 130.4 130.1 129.8 129.5 129.3 129.1 128.8 128.3 128.4 128.8 129.2 129.6 130.6 131.1 131.6 132 131.9 131.8 131.1 130.7 129.7 129.8 131.2 133.5 134 134.6 134.9 135.1 135.6 136.9 138.1 138.6 139.3 139.7 139.9
117.2 117 116.9 116.7 116.2 115.4 114.7 113.9 113.7 113.3 113.5 113.7 114.4 115.3 116 116.6 117.1 117.5 117.9 118.2 118.2 118.2 117.9 116.9 115.8 113.2 110.4 108 109.9 113.3 115.6 117.6 120.1 121.5 122.8 123.9 124.6 125.3 126.1 126.9 127.4 127.6 127.9 128.4 128.6 128.6 128.5 128.5 128.5 128.3 128.1 127.8 127.4 127.2 127.2 126.8 126.3 126.1 126.2 127.1 127.9 128.6 129.2 129.8 130.2 130.1 129.9 129.3 128.6 127.9 129.2 130.6 131.2 132.1 133 133.1 133.1 133.4 134.9 135.7 136.8 137.3 137.8 138
115.6 115.4 115.3 115.1 115.2 114.2 113.9 113.6 113.1 112.8 113.1 113.8 114.1 114.7 115.9 116.8 117.1 117.3 117.8 118.6 119.2 119.2 119 117.9 116.8 114.6 112.6 108.9 110.7 113.2 115.6 117.5 120.1 121.7 123.1 123.5 124.6 125.4 125.9 125.9 126 126.1 126.1 126.5 126.9 126.8 126.5 126.4 126.4 126.2 126 125.8 125.2 124.9 124.5 124.1 123.9 123.5 124.1 124.9 125.8 126.4 127.1 127.7 128.2 128.3 127.9 127.4 126.8 126.7 128.5 129.2 130.1 130.8 131.3 131.2 130.4 131 132.5 133.1 134.3 134.9 135.4 135.7
114.3 114 113.7 113.5 114 113.3 113 112.7 112.4 111.8 112.5 113.3 113.3 113.8 115 116 116.7 117.2 118 118.7 119.5 120.2 119.8 118.9 117.8 115.7 113.8 111.1 110.7 113.5 115.2 117.2 119.4 121.9 123.4 124.3 125.5 125.8 125.7 125.4 124.7 124.7 124.8 125.2 125 125.3 125.2 124.9 124.4 124 123.8 123.6 123.1 122.7 122.5 122.3 122.4 121.9 122.3 122.9 123.4 124.3 124.9 125.4 125.5 125.6 125.6 125.5 124.9 124.1 125.9 126.8 127.6 128.5 129.1 128 128.3 128.7 129.5 130.3 131.9 132.3 132.8 133.6
113.9 113.8 113.4 113 112.7 112.4 112 111.7 111.4 111.3 112.1 112.3 112.7 113.2 113.6 115.4 116.3 117 117.9 118.8 119.7 120.2 120.2 119.7 118.6 117.3 115.4 112.6 111.6 112.9 113.5 116.4 118.6 121 123.3 124.1 124.5 125.3 125.2 124.1 123.6 123.6 123.4 123.1 123.8 123.8 123.7 123.4 122.8 122.3 121.7 121.4 120.9 120.7 120.6 120.5 120.4 120.2 120.6 120.4 120.8 121.7 122.3 122.6 122.6 122.8 122.8 122.7 122.6 122.6 123.9 124.5 125 125.6 126.4 127.9 128.7 129.2 130 130.9 131.5 132.2 133 133.8
113.4 113.6 113.2 112.8 112.5 112.2 111.9 111.7 111.2 110.7 111 111.5 112 113 113.1 114.5 115.5 116.7 117.7 118.6 119.1 119.7 120.2 120.1 119.2 117.8 115.4 112.8 111.4 112.7 114.5 116.3 119.4 121.2 121.7 122.9 123.5 124.3 124.1 122.9 122.4 122 121.7 121.5 121.5 121.7 122.1 121.7 121.1 120.5 120 119.6 119.3 119.1 119 118.9 118.7 118.5 118.2 118.1 118.5 119.1 119.4 119.7 119.9 120.5 120.4 121.5 122 122.7 123.5 123.9 124.7 125.7 126.4 127.7 129.6 130.6 131.4 132.3 133.3 134.1 134.8 135.5
113.2 113.1 113.2 113.2 112.8 112.2 112 111.6 111.1 110.5 109.4 111.1 111.4 111 112.2 112.9 114.7 116 117.1 117.9 118.3 119 120 120.4 119.4 118.2 116.8 114.8 113 112.7 114.4 117.2 119.5 120.4 121.4 122.9 123.2 123.1 122.6 121.9 120.9 120.6 120.3 120.3 120.2 120.1 120.6 120 119.3 118.8 118.2 118 117.7 117.5 117.3 117.1 117.1 117.6 116.3 116.7 117.4 118.1 119 119.8 120.5 121.2 121.6 121.4 122.5 123.1 124 124.7 125.2 126.4 127.5 129.4 130.6 131.9 133 134.1 135.2 136 136.6 137.2
112.6 112.5 112.6 112.9 112.9 112.5 112 111.4 110.8 110.2 109.6 111.3 110.9 111.4 112.2 112.6 114.2 115.1 116.3 116.9 117.6 118.4 119.6 120.3 120.6 119.5 118 116.8 114.9 113.8 114.7 117.9 119.6 120.8 121.7 122.4 122.2 122 121.7 121.3 120 119.2 119 119.1 118.9 118.7 119.1 118.9 117.6 117 116.6 116.3 116.5 117.1 116.5 115.9 115.9 116.1 116.5 115 117.6 118.8 119.2 119.9 120.9 122 122.4 122.7 123.1 124.5 125.1 125.8 126.9 127.9 129 129.8 131.4 132.7 134 135.2 136.5 137.6 138.2 138.7
112.7 112.9 113.1 112.9 112.6 112.3 111.8 111.2 110.6 109.9 109.5 110 110.5 111.2 111.7 113.1 113.6 114.3 115.8 116.6 116.9 118.6 119.2 120.8 121.1 120.6 119.6 118.4 116.8 115.3 116.1 118.2 119.7 120.7 121.5 122 121.7 121.5 120.9 120.2 119.1 118 117.8 117.8 117.5 117.4 117.6 117.7 117.1 116.2 115.5 115.4 114.7 115.2 115 115.5 114.9 114.4 116.4 117.1 117.7 118.7 120.5 121.8 123.1 124 124.1 123.9 124.2 124.9 125.6 126.3 127.2 128.1 129 130.5 131.9 133.2 134.9 136.4 137.5 138.1 138.8 139.4
112.4 112.5 112.7 112.7 112.4 112.1 111.8 110.9 109.9 109.6 109.1 109.8 110.7 110.9 111.5 112.7 113.6 115 115.5 116.2 116.5 117.4 118.7 120.9 120.9 121.2 120.5 119.6 118.7 116.8 117.7 118.2 119.6 120.5 121.5 121.6 121.5 121 120.3 118.8 117.8 117.3 116.9 116.8 115.6 116.3 116.6 116.7 116.4 115.6 115.2 115 114.2 113.7 113.4 114.2 115 115.7 116.5 117.7 119 120.6 122.2 123.7 124.7 125.2 125.2 125.1 124.5 124.7 125.1 125.9 126.8 127.8 129.2 130.5 131.8 133.4 135.5 136.8 137.7 138.4 139 139.6
111.6 112.1 112.3 112.4 112.2 111.9 111.6 110.5 109.1 108.7 107.9 108.6 109.4 110.8 111.6 112.9 113.7 114.4 114.8 116.2 117.7 118.1 119.7 120.7 120.8 121.3 120.9 120.2 119.8 118.5 119 119.4 119.7 120.7 121.5 121.7 120.7 120 119.2 118 116.6 116.7 116 116.2 115.5 115.5 115.5 115.6 115.2 114.6 114.2 113.9 113.1 113.1 113.8 113.6 114.8 115.6 116.2 117.6 119.8 122.1 123.7 125.2 125.8 126.3 126.4 125.5 124.9 124.1 124.4 125.7 126.3 127.2 129.2 130.4 131.5 133.5 135.3 136.7 137.6 138.4 139.1 139.7
110.7 111.2 111.6 111.9 112.1 111.6 111 109.9 108.6 107.2 107 107.3 109.3 110.8 111.8 113 114.8 114.7 115.3 116.5 118.3 118.8 119.3 120.6 121.5 121.6 121.6 121 120.2 120.2 120 120.3 120.8 121.2 121.5 121.5 120.7 119.7 118.3 116.9 116 115.6 115.4 114.9 114.5 114.4 113.8 113.6 113.5 113.5 113.3 112.6 112.5 112.5 112.6 113.8 114.8 116.5 116.9 118.6 120.8 123 125.1 126.7 127.4 127.4 127.1 126 124.1 122.6 123 123.8 124.6 126.5 128.8 129.8 131.1 132.9 134.6 135.9 136.9 137.7 138.4 139.1
109.4 110.2 110.8 111.2 111.6 111.2 111 109.1 107.7 106.4 106.3 107.9 109.9 111 112.2 113.6 114.6 115.7 116.3 117.3 118.4 119.2 120.5 121.9 122.3 122.9 122.9 122.4 123.3 122.1 121.7 121.1 121.4 121.7 122.6 122.3 120.8 119.3 117.3 115.6 114.8 115.6 115.6 115.2 114.1 113.1 112.7 112.5 112.3 112.4 112.3 112.4 113.2 113 113.5 114.3 115.3 116.2 118.6 119.8 122 124.2 126.3 128.3 128.4 128.5 127.7 126.1 124.4 121.7 121 122.5 123.7 125.8 127.4 128.8 130.1 131.6 133.2 134.8 135.5 136.5 137.2 137.9
108 108.9 109.7 110.4 110.8 110.8 110.5 108.9 106.6 105 105.8 108.4 109.8 111.3 112.9 114.4 115.5 116.6 117.3 118.4 119.9 121.6 122.5 123.5 124.1 124.7 125 125.5 125.3 124.2 123.7 123.9 122.8 123.6 124.6 124 122.6 121 118.4 116.2 114.3 114 114 113.5 112.4 111.8 111.2 111.1 111.1 110.4 111.6 112.5 113.3 113 113.6 114.5 116 117.6 119 121 123.3 125.7 126.9 128.3 128.7 128.7 128 126.5 124.1 121.7 120.5 120.3 122 123.6 126.1 128.1 128.7 130 131.5 133.1 134.2 135 135.8 136.4
106.6 107.7 108.9 109.5 110 110.4 109.5 108.3 106 104.6 105 108.7 110.7 112.2 113.6 115.1 116.2 117.3 118.6 119.7 121.4 122.5 124.2 125.2 126 126.8 126.7 127.2 127.2 127.8 126.8 127.3 127.9 128.2 127.6 126.7 125.5 123 120.3 118.1 116 113.8 113.3 112.9 111.6 111.2 110.5 110.1 110.9 111.2 112.2 112.8 113.7 113.2 114.1 115.7 117.6 119.2 121.3 123.3 124.5 126.5 127.6 128.7 129.1 128.9 128 126.4 124.1 122.1 120.3 119.1 120.7 122.2 124.3 126.8 127.7 128 129.6 131 131.4 132.1 133.3 134.2
105.7 107 108.1 108.5 109 109.5 109.2 108 105.8 103.9 104.4 108 110.7 112.1 113.6 114.8 116.4 117.7 119.1 120.6 122 123.3 125 126.2 127.2 127.8 128.3 128.7 129 129.4 128.8 129.6 129.9 129.9 129.5 129 127.7 124.3 122.2 120 117.9 116.4 115 113.7 111.4 110.3 110.3 110.8 110.3 111.6 112.3 113.5 114.1 114.5 115.7 117.5 119.2 120.6 122.4 124.4 126 127.3 128.3 129.1 129.4 129.1 128.1 126.2 123.6 121.7 119.8 118.3 119.9 121.9 123.8 125.2 125.7 125.7 126.9 128 129 127.1 130 130.9
105.1 106.2 107.1 107.6 108.2 108.8 108.7 107.6 106.2 103.6 103.4 106.6 109.3 111.3 112.5 114.3 116.1 117.5 119 120.7 122.8 124.5 125.9 127.3 128.1 128.6 128.8 129.2 129.5 130 130.6 130.9 131 130.9 130.9 130.2 129.3 127.1 123.4 121.1 118.6 117.1 115.7 114.5 112.7 110 109.7 110.3 110.2 111.6 112 113.2 114.3 115.9 117.7 119.3 120.5 121.8 123.4 125.3 127 128 128.9 129.6 129.7 129.2 128 126.2 123.6 121.8 118.9 117.4 118.5 120.9 122.5 123.9 123.5 123.9 124.2 124.7 125.4 125.6 126.3 126.7
103.9 105.4 106.3 107 107.6 108.2 108 107.2 106.1 104.6 102.4 104.7 107.9 109.9 111.8 114.3 115.8 117.1 118.2 121.1 122.9 124.7 126.8 128.3 128.9 129.4 129.2 129.6 130 130.5 131.1 131.5 131.5 131.3 131.3 130.5 129.7 128.9 125.9 122.9 119.7 117.8 116.4 114.9 112.8 109.5 109.8 109.2 110 111.2 111.9 113.8 116.8 118.1 119.8 120.5 121.7 122.9 124.8 126 127.8 129.3 130 130.3 129.4 128.9 127.6 125.8 123.8 121.6 120 117.6 117.4 120.1 121.6 122.8 122.5 122.3 122.2 122.4 123.5 124.3 124.9 124.8
102.9 104.4 105.4 106.2 106.9 107.6 107.5 106.8 106 104.5 102.7 101.9 106.4 108.8 111.9 114.1 115.4 116.7 117.5 119.5 122.7 125.7 127.6 129 129.6 129.7 129.5 129.3 129.4 130.2 130.7 131.2 130.7 130.8 131 131.2 130.5 128.7 126.5 123.7 120.6 117.9 116.1 114.5 112.9 109.6 108.7 109 110 111.1 112.7 115.4 117.4 119.5 121 121.5 122.5 123.7 125.1 126.6 128.5 130.1 130.9 130.7 130.2 129.1 127.1 124.8 122.8 121.6 120.1 117.8 116 119 120.6 121.3 121.3 121 120.3 120.9 121.2 122 121.5 123.6
101.9 103.4 104.3 105.2 106 106.8 106.6 106.6 105.9 105.1 102.2 100.7 105.6 108.4 111.6 113.5 115 115.9 115.8 119.5 122.8 125.9 127.7 128.9 129.6 129.7 129.3 128.3 128.8 129.1 129.8 130 130 130.4 130.6 131.3 130.5 128.7 126.5 124 121.2 118.2 115.7 113.3 111.9 108.5 107.3 108.7 111 113.8 116.8 118.3 119.6 120.2 121.6 123.6 123.1 123.9 125.1 126.9 128.9 130.1 131 130.8 129.9 128.3 126.5 123.6 121.8 120.4 119.5 117.8 115 115.7 117.8 118.8 119.1 119.3 118.6 118.6 118.3 118.7 120.2 120.4
101.3 102.4 103.3 104.1 105 105.7 106.1 106 105.7 103.7 99.7 101.1 104.1 107 109.9 112 113.5 113.9 115 117.7 122.4 125.1 127.1 128.4 125.7 129.1 128.8 128 126.8 127.9 128.9 128.8 129.2 129.9 130.4 130.5 129.9 128.7 126.7 124.3 121.6 118.7 115.5 112.6 109.8 107.1 107 110.1 112.8 116.2 118.5 120.4 121.4 122.2 122.4 123.2 123.4 123.8 124.9 127 128.1 129.2 129.7 129.5 128.5 127.1 125.1 122.7 121.1 119.7 119.1 117.9 115.2 113.3 115.2 116.5 116.9 116.6 116.2 116 116.4 116.4 117.4 118.1
101.1 101.4 102.3 103.2 104 104.8 105.4 105.9 105 100.9 98.1 99.5 102.5 105.1 108.1 109.6 111.5 112.1 113.1 118.7 122.8 124.6 126.2 127.9 128.5 128.4 127.9 127.2 126.6 126.6 127.1 128 128.4 128.9 129.6 130 129.9 128.6 126.7 124.3 121.9 119.2 116.1 112.4 109.2 105.8 107.9 110.4 113.8 117.3 119.7 121.7 122.8 123.8 123.7 123.2 123.5 123.3 124.4 125.7 126.6 127.7 128 127.7 126.6 125.5 123.7 122 120.1 119.1 118 117.3 116 113.4 112.7 114.2 114.8 114.9 114.7 113.8 114.5 114.8 115.5 115.8
99.9 100.8 101.9 102.8 103.5 104.3 105.4 105.8 104.3 99.4 96 96.9 99.8 101.3 104.4 107 109.3 110.7 112.6 117.5 121.2 123.3 124.8 125.8 126.9 127 126.5 125.8 124.8 124.8 125.5 126.7 127.5 127.7 128.6 129.5 129.3 128.1 126 124 121.6 119.2 116.3 112.6 108.7 105.5 107.3 110.8 113.8 117 120.1 121.7 122.8 123 122.8 122.3 122.1 122.6 123.1 124.3 125 125.5 125.8 125.7 124.8 123 122.1 120.8 119.4 118 116.6 116.1 115.2 113.6 112.9 112.2 113 113.2 112.9 111.7 112.4 112.9 113.1 113.7
98.8 100.1 101.5 102.4 102.9 103.6 104.8 104.9 102.3 96.9 94.2 94.8 96.9 99.6 103 105.5 108 108.9 113 117.2 120.3 121.6 123 123.5 124.3 125 124.9 124 123 123 124.3 125.8 126.7 126.8 127.8 128.6 128.6 127.3 125.4 123 120.8 118.2 115.2 111.4 107.6 104.3 106.9 110.8 113.4 116.3 118.8 120.5 121.2 121.6 121.5 120.9 120.6 120.7 121.5 122.2 122.7 123.1 123.4 123.5 123 121.4 120.7 119.3 117.9 116.7 115.5 114.8 114.3 113.2 111.7 110.6 111.5 111.6 111.1 110.8 111 110.9 111 111.6
98.4 99.6 100.9 101.7 102.2 103 103.1 102.6 100.7 96.7 93.1 93.2 95.9 98.8 102.1 105 106.5 109.4 112.6 116.1 118.6 120 120.8 121.6 122.2 122.3 122.7 121.9 121.1 122 123.9 125.4 126.1 126.4 127 127.5 127.6 125.7 124 121.5 119.1 116.9 113.8 111.3 107.7 104.3 106 109.8 112.4 114.6 116.7 118.3 119.4 119.2 118.8 118.7 118.4 118.2 118.9 119.5 119.8 119.9 120 120.3 119.4 119.7 118.4 117.5 116.5 115.4 114.5 113.8 113 112.5 111.8 110.3 109.2 108.9 109.8 109.4 109.4 108.5 109.3 109.4
98 99.2 100.2 100.5 101 101.3 101.1 100.9 99.5 96 91.9 91.9 95.5 98.8 100.4 103 106.4 109.3 112 115.3 116.5 117.2 117.7 118.7 119.5 119.7 120 119.5 119.6 121.3 123.2 124.8 125.3 125.2 125.7 125.7 125.5 124.1 122.5 120.3 118.1 115.5 113 110.8 108.3 104.2 104.9 108.4 110.9 112.6 114.1 115.8 116.9 116.9 116.2 115.8 115.4 115.1 116 116.4 116.4 116.7 116.9 117.3 117.5 116.9 116.4 115.5 114.9 114.1 113.3 112.8 112.3 111.4 111.4 110.6 108.6 108.2 107.9 107.9 107.9 107.9 108.3 107.7
98.2 98.8 98.6 99.1 99.6 99.7 99.5 99.4 98.4 95.3 90.4 90 92.9 96.3 101.7 104 106.6 108.8 110.8 113.2 113.8 114.1 114.8 116.1 117.2 117.2 117.3 117.3 118.4 120.6 122.7 123.8 123.9 123.9 123.6 123.5 122.9 121.6 120.2 118.4 116.3 114.7 112.8 110.7 107 104.2 104.3 105.3 108.2 109.7 111.7 113.3 114.3 114.3 114.3 112.8 112.4 112.8 113.6 114.1 114.1 114.1 115.1 114.2 115.1 115 114.8 114.4 114.1 113.3 113.2 112.5 112.4 111.9 110.7 109.5 108.6 107.8 107.3 106.6 106.4 106.5 107.3 106.7
97 97.2 96.9 97.6 97.9 98 98.2 98.4 97.5 94.3 89.2 88 93.6 97.2 101.3 103.7 106.1 107.2 109.3 111 111.9 111.9 112 114 115.1 115.5 115.2 116.2 118.2 119.2 120.1 121.1 121.5 121.5 121 120.2 120 118.6 117.5 116.2 114.6 113.1 111.6 110.5 108.4 104 102.3 103.6 105.4 106.2 108.3 109.4 110.5 111.2 110.5 109.9 109.7 110.5 111.7 112.2 112.3 112.5 113.4 113.2 113.3 113.5 113.5 113.3 113.1 113.1 113.9 113.5 112.1 111.4 110.7 109.2 108.8 108.1 106.9 106.2 105.7 105.9 106.2 106.2
95.9 95.8 95.7 96.2 96.7 97 97.3 97.5 96.1 93.2 88.9 86.7 91.6 95 98.6 101 103.2 104.8 106.9 108.4 110.1 110.2 110.6 112.9 113.9 113.3 113.6 115.5 116.3 117.3 118.2 118.2 118 118.4 117.4 116.6 116.1 115.6 114.3 113.2 112.8 110.4 110.1 109.7 108.1 104.4 103.3 102.1 103.1 103.8 104.5 105.7 106.6 107.4 107.2 107.3 107.8 108.9 110 110.4 110.6 110.9 111.9 111.7 112.2 112.4 112.1 112.1 112.2 112.6 112.8 112.5 112.2 111.6 110.8 110 110.1 109.8 108.3 106.6 105.4 105.4 105.4 105.5
94.6 95.1 95.3 96.1 96.5 96.5 96.5 96.6 94.4 91.1 86.5 86 89.6 92.5 95.5 98.3 100.6 101.9 104 105.5 106.9 108.4 109.8 111.9 112.7 111.8 112.4 113.7 114.2 114.6 115.4 116 115 114.8 113.8 113 112.3 111.7 110.5 110.3 109.7 108.2 107.4 108.1 107.2 105.9 103.3 102.7 101.7 100.9 101.9 102.1 103 103.8 104.3 105.1 105.8 106.7 107.6 108.1 108.3 109.3 108.6 110.1 111 111.4 111.3 111.4 111.6 112.3 112.2 112.6 112.5 111.8 111.3 111.2 110.9 110.2 108.6 106.2 105.1 104.9 104.9 105
93.5 94 94.9 95.9 96.6 96.4 96 95.1 91.8 88 85.5 84.7 87.9 90.5 93.1 95.7 97.9 99.3 101 102.6 104 107.2 109.8 110.9 110.8 111.1 110.9 111.6 111.9 112.1 112.5 112.9 111.9 111 109.8 108.9 108.4 107.8 107.2 106.8 106.3 105.7 105.6 105.5 106.4 107.1 104.8 104 102.5 101.8 101.4 100.9 100.4 100.7 102 102.9 103.6 104.2 105.1 105.8 106.5 107.5 107.3 108.7 109.2 109.7 110.3 111 111.4 112 112.1 112.1 112.7 112.2 112 111.8 110.9 110.1 108.3 105.7 104.3 103.8 104.8 105.7
92.5 92.9 93.5 95.9 96.3 96 95.2 94 91.3 85.7 84.1 83.8 86.7 88.8 91.6 94.3 96.3 97.4 99.1 100.9 103.8 107.4 109.2 109.1 109.6 109 107.9 108.5 109.4 109.4 109.2 109.4 108.5 107.1 106.4 106 105.2 104.4 104.2 104.2 103.7 103.5 103.6 104 104.4 104.7 105.6 105.4 104.5 103.4 103.6 102.1 101.5 98.8 99.2 100.4 100.8 102.4 104 104.8 106 106.8 107.4 108.2 109 109.6 110.4 111.3 111.9 112.4 112.2 112.3 112.4 112.9 112.2 111.5 110.7 109.2 107.7 105.5 104.5 103.8 105 104.9
91.3 92.1 93.3 94.5 94.6 94.4 93.4 92.1 89.4 86 83.7 83.5 85.1 87.7 90.3 93.4 95 96.4 98.8 101.4 104.3 106.8 107.7 107.8 108.1 107 105.2 105.5 105.8 105.7 105.7 106.2 105.5 104.2 103.8 103 102.5 101.8 101.3 101.3 101.8 102.4 102.8 103.2 103.8 105.2 105.3 105.6 105.6 105.7 105.5 104.7 103.8 102.5 98.9 99 100.1 102.3 103.7 105.5 106.5 107.5 108.6 109.3 110 110.8 111.1 112 112.6 113 112.8 112.5 112.3 112.8 111.7 110.9 109.7 108.2 106.9 104.9 103.5 103.2 104.4 105.2
90.8 91.5 92 93 93 92.7 92.1 90.9 88.9 86.1 83.2 82.2 84.6 87.2 89.7 93.5 94.4 96.5 100.1 102.3 103.5 105.1 106.1 106.3 106 104.7 103 102.2 102.6 102.9 102.5 102.2 101.7 100.7 100.1 100.1 99.6 99.7 98.8 99 99.5 100.5 101.6 102.4 103.3 104.5 104.9 105.1 105.7 106.3 106.2 105.4 104.3 102.8 98.4 99 100.2 102.2 104.3 106.3 106.9 108.6 109.9 110.7 111.5 112.3 112.5 112.6 112.6 113.2 113.2 112.8 112 111 111.4 110 108.5 107 105.1 104.2 102.9 103.9 104 104.1
89.6 90.4 91.2 91.7 91.6 91 90.3 89.6 87.7 85.2 81.6 81.7 84.3 86.7 89.5 93 94.8 96.7 99.2 100.8 101.9 102.8 103.8 104.1 103.3 102.4 100.8 99.4 99.3 99.4 98.9 98.5 98 96.1 97.3 97.3 97.4 97 97.3 96.7 97 98.2 99.3 100.4 102.6 103.8 104.7 105.1 105.6 105.7 105.8 105.4 104.3 103 98.9 99.2 99.8 101.9 103.9 106.1 107.9 109.1 110.7 111.5 112.2 112.9 113 113.3 112.8 112.6 112.6 112.1 111.3 110.3 109.4 108.3 106.9 104.9 103.2 102.7 102.7 102.9 104.1 104.1
