UK/data/nx/nx96_OST50GRID_20230518/NX96.asc
ncols 200
nrows 200
xllcorner 290000
yllcorner 560000
cellsize 50
[rows 144 to 179 of 200, columns 0 to 80 of 200]
187.8 194 201.2 206.8 212.3 220.5 227.8 236.5 245.3 252.6 261 273.4 286.5 298.8 310.8 321.7 329.7 338 346.2 351.6 364.9 375.1 380.7 381.8 384.6 388.2 389.4 387.9 386.3 383.1 379.3 375.2 367.2 358.3 349.1 339.5 330.3 321 312.5 306.7 303.2 303.9 306.5 307.7 308.8 307.6 306.6 302.6 297.9 295.6 295.4 294.6 295.1 298.3 301.8 307.1 315.6 325.2 337.1 349.3 358.2 365.7 370.7 375.8 383.1 390.9 400.1 404.3 406.6 407 404.7 401.2 396.9 392.5 388.7 381.9 374.2 365.9 354.9 342.6 331
183.1 189.8 198.1 204.5 211.1 218.4 226.1 233.3 242.3 249.3 255.4 267 279.7 293.6 307.7 318.2 326.9 335.6 344.2 351.4 356.7 366.7 375.3 377 377.2 379.9 382.1 381 378.6 379.3 376.8 371.4 363.8 354.4 345.4 336.5 327.8 318.5 309 302.2 298.5 296.1 298.7 300.9 301.6 301.6 301.6 297.5 292.9 291.1 290.8 290.7 292.8 295.9 299.9 305.9 313.7 322.3 333.5 344.6 355.2 362.6 369.1 374.2 378.5 387.6 397.1 401.8 404.2 405.9 405.3 402.9 398.3 394 388.7 380.9 373.5 365.1 354.9 341.8 330.6
178.2 185.2 194.3 202.9 209.6 216.8 222.9 229.4 238.6 246.9 253.3 261.5 276.1 289.9 303.6 315.2 324.8 334.1 341 348.7 353.3 357.6 366.9 369.6 371.7 371.5 372.6 374 371.4 372.2 373.3 368.3 359.8 350.8 341.3 332.4 324.2 315.9 305.6 298.5 293.6 290.1 292 293.6 294.4 294 293.9 291.4 287.5 286.4 286 287.3 290.3 293.8 298 304 311.1 322.1 331.1 340 351.2 359.2 366 371.2 376 383.1 392.3 397.6 400 401.6 402.7 402.5 398.1 394.1 388.6 380.9 372.6 363.4 354.5 342.4 329.4
173.5 179.9 189.9 197.8 206.3 213.9 218.9 225.5 233.5 242.7 250.1 258.1 271.1 284.1 298.6 310.1 321.7 330.9 337.8 344.9 350.7 352.3 357.8 361.7 364.9 365.4 364.8 364 364.4 365.5 366.2 363.1 354.9 345.8 336.8 328.6 321.2 313.8 301.2 295.1 289.5 284.5 286.1 287.3 288 287.5 287 285.5 283.2 282.6 283.4 285.2 287.8 291.4 296.4 305 311.8 320.8 329.7 337.6 346.6 355.3 362.7 367.5 371.5 377.1 385.4 391.7 395 397.1 398.5 398.1 397 393.2 387.9 380.7 371.5 361.1 352.7 341 330.5
168.4 175.2 184.2 192.6 202.1 209.4 215 221 229.5 237 244.7 252.3 262.8 277.3 292.4 305.4 317 327.4 334.5 341.1 346.7 349.8 350.1 353.7 357.6 359 359.3 359.5 354.7 358 358.4 355.7 349.5 342.1 333.9 325.7 318.5 310 298.5 292.8 287.7 282.9 282 281.8 282.2 282.5 282.3 281.3 279.3 279.9 281.4 283.1 285.5 289.9 297.1 304.7 311.5 318.1 328.2 335.8 343.6 351.2 356.3 362 365.6 369.9 377 382.8 388.4 391.3 391.1 393.6 394.3 391.8 386.6 379.7 371.3 360.1 350.7 340.9 330.7
164.7 170.7 178.8 187.4 198 205.5 211.2 216.5 223 230.7 238.2 245.1 254.1 268.8 285.6 299.7 311.5 322.1 330.4 337.1 342 346.3 346.9 341.5 347.8 351.5 352.3 351.1 348 347.7 350.2 347.7 343.2 336.9 329.5 322.5 315.5 306.6 297.5 292.5 286.9 281.9 277.5 277.1 277.4 277.6 277.4 276.9 276.3 277.4 279.6 283.8 287.9 292.7 297.6 304.1 310.3 316.5 325.8 333.6 340.9 348 353.6 358.8 361.7 363.9 367.9 373.9 379.4 382.5 384.3 387.8 391.8 390.7 386.5 380.2 372.4 361.2 352.5 343.8 333.5
161.6 166.7 173.1 180.7 190.4 199.7 206.2 211.7 215.6 223.1 230.7 238.5 247.2 260 277.9 292.8 305.2 317.9 327.3 333 337.3 341 342.3 339.6 338.9 341.8 342.8 341.2 342.3 342.9 341.2 339.3 335.8 330.3 324.7 319.9 313.1 304.6 295.8 290 285.1 281.2 275.6 272.3 272.5 272.8 271.7 271.7 273.9 275.1 278.8 283.8 288 292.1 297.3 302.6 308.4 314.1 321.7 329.6 336.1 343.4 352 356.5 359.1 359.6 360.6 364.5 368.4 373.5 379.9 384.8 389.2 389.7 387.2 382.3 374.1 364 353.6 346.4 337
157.1 161.9 166.4 172.5 181.4 189.9 197 202.8 207.3 213.7 220.9 229.4 240.5 253.6 270.5 284.7 298.5 311.4 320.3 327.8 332.6 336.2 336.9 333.8 329.4 329.6 331.3 330.5 332 333.5 332.4 329.7 329.2 325.9 319.8 315.5 310.1 301.5 293.1 287.6 283.9 279.9 273.5 269 267.9 268.1 267.5 268.4 270.4 273.3 278.5 284.3 288.3 291.9 296.5 300.8 305.5 310.5 315.9 323.3 330.9 337.3 346 352.8 354.2 353.3 352.4 354.6 359.3 365.3 373.7 379.1 383.5 387.5 387.2 383.3 376.9 367.6 356.5 350.9 343.9
155.2 157.6 160.1 164 171.4 179.4 187 193 198.4 204.1 210.1 219.6 231.6 245.9 262.4 276.3 287.7 300.4 311.5 319.7 326 329.6 329.7 326.8 322.1 316.3 316 317.5 320.3 322.4 326.8 322.9 321.5 318.6 314.1 310.7 305.8 298.8 291.7 285.8 281 278 273.2 267.6 266 264.7 264.4 267.8 272 276.7 280.6 284.6 288.8 291.7 294.5 297.5 301.3 305.8 310.5 316.5 323.5 330.8 338.1 345.3 348.2 344.7 343 344.4 348.9 357.1 366.7 374.5 380.3 384.8 387 384.7 379.6 373.5 365.6 360.5 353.8
147.9 151.7 155 158.1 161.6 167.8 176.5 183.5 188.6 193.6 200.3 208.1 222 235.3 250.5 263.9 276.7 289.7 300.9 310.9 317 320.5 321.8 319.3 315.4 311.5 304.4 306.3 308.5 313.2 313.1 313.2 312.6 307.4 305.3 303.4 299.9 294.9 288.7 282.3 278.6 275.6 271.2 265.8 264.2 262 264.7 268.1 272.9 277.5 281.4 285.2 288.8 290.4 293.1 296.1 298.4 302.9 307.4 311.3 317.4 323.4 329.7 335.4 337 336.1 335.1 336 337.1 350.4 362.4 371.3 379.1 384.3 387.6 386.1 384.3 378.4 373.1 368.2 362
146.9 146.1 149.6 153.5 154 157 164.2 173 178.4 183.9 190.2 196.9 207.9 221.9 236.7 250.9 264.9 279.4 290.7 300.9 306.9 310.8 312.9 313.1 310.1 307.1 300 298.4 296.6 298.5 299.6 300 300.6 297.6 295.5 294.9 292.4 288.9 284.5 278.6 275.1 271.4 267.1 263.8 260.3 261.4 264.4 268.5 273.1 277.8 281.9 285.5 288.9 289.9 291.3 293.6 295.8 299 302.7 306.9 311.8 316.4 321.1 326.6 327.3 326.8 327.7 332 338.6 349.3 363 374.2 380.8 385.7 388.5 389.4 387.5 383.7 379.1 374.6 369.5
148 140.7 143.8 148.2 147.7 148.7 152.4 161.2 168 173.8 178.7 185.6 193.1 207.5 224.8 236.7 248.7 265.8 280.2 288.6 293.9 298.9 302.2 303.6 301.8 299.3 297.2 285.8 286.1 287.6 288.5 289.1 288.7 287.7 285 284.5 283.4 281.6 278.8 273.1 270 267.8 264.3 261.9 259.2 258.9 263.3 267.6 272.4 277.4 281.4 285.4 288.5 289.7 289.9 291.8 293.7 296.4 299.1 302.2 306.9 311.7 315.7 317.7 319.4 320.3 323.5 331.1 341.3 352.6 364.8 375.2 381.5 386.4 389.5 391.6 390.5 389.2 385 380.9 375.8
149.2 140.2 138.9 141 141.4 142.1 144.4 149.3 156.2 162.8 168.3 174 181.3 191.1 207.5 223.8 232.4 245.1 260.6 272.5 281.5 286.9 291.4 293.4 292.7 291.3 287.5 284.1 275 277.2 275.3 275.7 278.5 282.1 275.4 275.3 275.2 273.4 271.8 268.9 266.4 264.3 262.4 259.8 256.9 257.2 261.8 267.1 272 276.8 280.8 284.7 287.9 289.1 289.5 290.1 291.8 294.3 296.8 299.3 303 306.9 310 312.2 312.8 316.6 323.3 331.4 343.4 355 366.2 376.1 382 386.3 390.3 392.7 394.5 393.8 390.9 387 382.1
153 141.2 133.8 136.1 136.7 137.5 138.6 140.6 144.6 151.4 156.6 162 169.2 175.1 189.8 206.2 216.8 228.7 237.7 250.1 264 272.5 277.7 282.9 282.6 281.4 279 275.3 272.3 267.9 261.2 263.2 264.3 265.3 264.3 265.6 267.2 265.8 264.8 264.7 262.9 261.2 259.7 257.2 254.8 254.9 261 266.5 271.7 276.2 280.1 284 287.4 288 288.6 289.3 290.6 292 294.4 296.6 299.5 301.7 304.5 305.9 308.9 316.4 324.4 332.5 345.3 356.5 368.5 377.1 384.2 389.1 392.8 395.6 397.9 398.6 397.2 393.1 387.6
158.1 145 133.3 130.9 131.3 131.8 133 134.5 137.4 138.8 144.2 150.2 157.6 166.8 174.8 189 200.5 210.5 218.8 228.2 240.1 252.7 258.5 263.4 269.2 271.1 267.8 266.2 263.5 261.1 258.8 251.6 251.7 251.9 252.8 255.2 258.6 259.1 259.3 259.2 258.8 257.9 256.5 254.6 251.8 253.5 260.5 266.8 271.4 275.6 279.4 283.2 286.3 287.1 287.9 288.6 289.6 290.9 291.9 293.5 295.8 297.6 298.9 300.1 308.8 316.1 325.4 333.7 345.1 357.4 369 378 386.1 391.8 397.1 400.1 402.4 403.7 402.9 399.4 393.4
163.8 150.2 138.9 130.7 128 128.1 129.1 129.6 130.3 131.1 133.8 140.4 147.6 154.9 162.3 172.6 183.7 193.2 202.8 212.2 222.6 231.4 241.2 247.9 253 256.5 256.2 255.2 253.8 249.9 247.5 238.1 239.5 240.8 242.7 246.1 251.2 254 254.5 254.5 254.7 254.9 253.6 252 248.4 251.7 258.2 265.3 270.8 275 278.7 282.3 285.2 286 286.9 287.7 288.4 289.4 289.7 290.4 291.5 292 291.8 300.8 308.7 316.5 325 334 345.4 357.2 368.2 378.9 387.9 395.3 401 404.9 407 408.8 407.3 404.5 399
170.3 155.1 143.7 131.1 127.2 126.2 125.9 127.1 127.5 127.4 129.1 131.4 137.9 144.1 151.1 157.9 167.4 178.3 188.4 196.6 206 212.8 222.1 230.3 236 240.6 243.2 244 242.1 240 235.7 230.9 231.1 233.9 235.6 239.9 244.7 248.3 249.7 249.9 250.5 251.4 249.9 248.2 243.1 250.9 257.7 263.6 269.4 273.6 277.4 281 283.6 285.1 286 286.7 287.2 287.6 287.8 287.9 286.6 283.5 292.4 299 306.3 315.2 325.2 334.5 345.4 356.1 367 378.6 389.6 397.5 404 409.7 412.8 414.1 412 408.1 403
176.6 160.4 146.4 133 126.6 124.6 123.9 124.1 124.9 125.1 125.2 126.4 127.6 135.4 141.4 148 155.5 166.2 175.6 183.9 191.1 197.7 204.8 212.9 220.7 227.4 230.4 231.9 232.6 232.1 229.1 225.4 224.6 226.8 228 233.2 238.4 241.8 244.1 246.1 247.1 247.8 246.1 243.4 241.1 249.9 255.9 261.4 267 271.8 275.7 279.6 282 283.9 285.1 285.5 285.6 285.5 285.3 283.8 281.4 282.1 288.3 296.6 304 314.1 324.6 333.9 343.9 354.4 365.4 378.5 390.2 399.1 406.5 413 417.4 419.2 416.4 412 405.7
182.9 165.6 151.3 138.6 127.6 124.6 122.9 121.8 121.5 121.9 122.7 123.7 125 129 133.2 138.9 148.3 155.8 165.8 173.8 180.2 187.3 194.3 199.5 205.2 213.5 218.3 220.8 222.8 222.5 221.6 220.1 218.3 219.6 221.5 226.9 232.5 236.7 239.5 242.1 243.7 244.1 241.9 233.6 240.5 247.4 253.2 258.8 264.5 269.7 273.7 277.5 280.2 282.2 283.3 283.6 283.7 283.1 282.2 279.3 276.8 279.5 284.3 291.8 300.5 311.7 322.8 332.5 343.1 353.3 364.6 377.9 390.4 399.6 407.9 416.1 420.5 422.5 421.4 416.3 409.9
190.2 173.6 158.5 146 134.1 126.3 122.7 121.2 120.6 120.2 121.6 122.3 123.8 127.1 127.1 131.2 141.6 147.3 156.5 164.4 171 176.9 184.7 190 194.9 199.5 206.4 211.7 213.5 214.5 214.4 214.1 214 214.9 215.8 221.5 227.4 231.6 234.7 237.4 239.8 239.9 234.8 232.4 237.2 243.7 250.1 255.6 261.2 266.5 270.8 275 277.6 279.7 280.8 280.9 280.9 280.2 278.2 274.3 273.2 275.7 280.2 287.8 296.7 307.5 318.8 330.8 342.3 353.3 364 377.6 390.6 400.7 410 417.2 423.2 425.5 424.9 420.4 413.5
199.1 181.9 166.9 153.6 141.6 131 125.7 120.7 119.7 119.3 119.1 121.5 121.2 123 124.4 126.2 133.7 140.9 148.3 157.4 164.7 169.6 176.6 183.7 188.5 192.5 197.2 202.4 204.8 206.5 206.9 207.8 208.9 210.1 211.6 215.5 221.7 225.9 229.5 233 235.2 234.2 224.3 229.4 233.3 239.8 246.4 252.3 257.9 263.2 267.6 271.5 274.3 276.6 278.2 278.2 277.9 276.3 273.7 269.1 268.7 270.2 276.1 283.5 292.8 304.2 315.9 328.2 342.2 353.2 366 379.1 391.8 402.4 412.1 420.3 425.7 428.8 427.5 423.5 417.3
208.9 191.5 175.3 161.2 148.2 138.3 129.8 123.2 119.8 118.5 117.9 119.1 120.7 121.6 122.7 124 127 134 139.6 149.2 156.2 163 170 177.2 183.3 188.2 191.9 195.5 198 199.2 200.1 201.5 202.9 204.1 205.8 209.9 215.4 220 223.8 227.4 230 229.2 222.9 224.5 230.6 236 241.8 248 254.3 259.6 264 267.4 270.6 273.4 274.5 275.4 274.4 272.6 268.9 262.7 262.4 264.6 272.3 279.9 288.7 300.3 312.4 326.4 340.9 355.2 368.3 382 394.7 405.4 414.6 423.5 428.9 431 430.2 425.6 420.3
226.4 201.7 185.2 168.1 154.8 143.8 135.2 128 122.8 118.8 117.4 116.2 118.8 121.2 119.3 121.5 123.2 128.7 135.4 139.8 147.3 156.3 164.3 171.2 178 184.2 188.8 192.5 194.2 193.9 193.2 195.2 196.3 197.5 199.7 203.6 209.8 214 217.5 221.4 224.5 225.4 218.6 219.1 225.7 230.6 235.7 242.6 249.1 254.8 259.3 262.9 266.5 268.9 270.9 271.8 270.9 269 264.4 258.6 254.5 259.4 267.4 276.2 284.3 296 308.7 323.9 339.5 354.9 370.3 384.9 397.8 409.7 418.8 427 432.5 434.4 432 428.3 423.8
245.4 218.7 193.9 176.7 161.9 150.4 140.6 133.1 126.8 121.8 117.8 115.7 116.8 122.3 120.3 117.2 119.4 123.7 130.5 135.7 137.9 146.7 156.4 165.5 173.5 180.3 185 188.4 190.3 190.2 189.2 188 189.6 190.7 193 197.4 202.9 207.7 211.2 214.8 218.5 220.8 218.9 214.2 220.6 224.4 229.2 236.1 242.7 248.4 254 257.7 261.1 263.4 265.5 266.9 267 265 261.4 254.6 246.4 255.3 262.3 271.9 280.7 292.2 305.3 321.4 338.4 354.3 371 386.1 399.5 412.9 422.3 430.3 435.6 437.2 435.4 431.4 428
259.3 237.7 214 186.4 170.9 157.1 146.1 137.7 130.1 125.7 120.4 115.9 115 121.2 124 118.9 116.9 119.3 125.6 130.3 133.6 138.8 148.5 159.6 169.4 176.9 181.4 184.9 186.4 186.6 186.1 185.5 185.5 184.1 184.4 189.7 195.1 200.6 204.3 208.1 211.9 214.5 213.6 210.4 215.5 219.1 223.1 229.4 235.7 240.8 245.9 251.2 255.2 257.8 260.1 261.7 262 260.2 257.4 251.2 244.2 250.5 258.5 267.5 276.9 288.6 302.5 318.8 337 353.4 370.1 386 400.5 414.2 425.7 432.7 437.5 439.8 438.5 435.5 432.6
273 255.4 233.9 209.4 184.8 164.9 152.9 142.9 134.1 127.3 122.4 117.6 114.4 119.2 123.5 121.5 115.3 118.4 122.1 125.1 129.7 135.6 142.7 154.8 164.6 172.9 178.5 182 182.5 182.8 182.3 181.5 179.4 176.9 175.6 181.3 187.6 193.7 197.7 201.3 204.6 207.4 208.1 207.4 209.4 212.9 216.8 221.8 227.8 232.8 237.8 243.6 248.3 251.2 253 255 255.5 254.2 252.3 247.4 242.3 246.1 255 264.6 273.9 285.1 299.9 316.8 335.3 352.4 369.2 385.3 399.5 414.1 425 434 439.8 442 442.2 439.5 437.3
278.1 269.7 252.1 228.2 202.6 182 163.5 151 140 131 124.5 119.5 114.3 117.3 121.6 120.6 115.8 116.1 119.2 121 125.5 129.9 138 149.4 160 168.7 175.5 178.6 179.1 179.7 179.1 177.8 175.3 172.6 169.5 172.9 180.1 187.5 191.8 193.9 197.2 199.9 201.2 200 203.6 205.9 209.9 214.1 219.9 224.9 229.8 235.1 240.5 243.2 245 247.2 248.3 247.1 245.7 241.3 236.5 244 252.8 262.6 271.7 283.4 299.2 316.9 334.7 352 368.8 383.8 397.4 411.9 425.4 433 439.3 443.2 444.5 443.8 441.8
288.4 278.4 265.6 245.3 220.4 199.7 181.4 163.7 148.5 136 126.9 120.5 115.1 114.4 119.6 121.6 118.5 112.2 116 119.5 121 124.1 132.8 141.7 155.7 164.1 170.4 174 175.4 176.5 175.3 172.5 170.1 167.4 165.9 167.5 174 180.1 185.5 186.9 189.4 192 191.8 189.9 196.5 199.2 202.1 206.8 212 217.4 222.9 227.4 233.2 236.9 238 238.9 241.3 241 239.4 235.8 227.6 240.7 249.9 260.7 271.2 284 300.5 317.6 334.8 350.8 366.6 381.7 395.2 408.5 421.2 430.8 437.1 442.2 446.3 448 446.6
285.8 281.7 272.4 257.8 234.2 213.3 194.8 177.3 160.5 145.4 131.4 123.6 117.2 111.8 115.5 119.5 120.8 115 111.4 114.2 117.1 120.7 127.1 135 149.8 158 164.8 168.4 170.7 171.8 171 167.7 163.7 162.6 161.2 161.7 167.5 174 178.1 180.2 181.9 183.2 182 179.9 188 190.4 193.3 199.3 204.5 209.9 214.8 221.1 226 229.2 231.5 232.6 232.6 234.2 233.3 229.3 224.8 239.5 249.1 259.6 271.1 287.2 303.5 318.1 334.1 349 362.9 377.4 391.3 404.2 416.8 426.6 434.1 441.4 446.3 448.8 450.8
278.4 278.6 278.6 270.7 249.5 226.7 206.3 188.1 172 155.2 139 127.3 119.3 113 111.8 115.8 118.3 117.9 110.5 108.8 112.4 116.6 121.7 128.9 141.6 151.1 159.4 163.5 166.1 167 166.1 163.3 160.6 160.1 157.7 156.5 161.8 166.1 171.3 173.6 176.9 176.7 171.5 177.6 181.5 183.8 187 191.5 196.7 202.3 207.7 214.2 219 222.4 224.1 223.9 226.9 228.8 227.8 223.6 226.2 238.5 247.4 258.3 272.8 288.5 303.5 317.4 331 344.5 358.2 371.4 384.5 396.8 409.7 419.9 428.1 437.1 442.8 447.9 451.9
267.9 273.2 273.4 272.4 261.2 238.1 215.9 197.6 182.9 164.5 148.3 131.9 121.3 115.1 110.1 111.4 115.3 116.5 114.6 107.8 108.2 112.2 117.5 122.9 131.7 144.8 153.8 158 160.9 162.7 161.5 160.9 158.5 156.4 154.8 153.4 156.7 160.1 165.1 168.6 171.1 172.5 168.9 165 175.3 178.2 181.1 185.7 191.9 197.5 202.9 207.4 211.5 215.5 216.4 217 220.3 222.8 222 210.8 225.4 236 247 260 273.1 288.9 302.3 315.1 326.9 340 352.4 364.5 377.5 387.8 399.3 410.8 421 429.4 436.9 443.8 450.8
252.1 261.2 263.5 266.3 257 242.3 219.9 202 187.5 171.9 155.6 139.2 124.3 116.3 112.2 108.1 110.7 114.7 115.9 111 104.4 108.6 113.4 117.8 121.2 136.1 145.5 151.9 155.9 158.2 158.1 157.6 155.2 152.5 151.4 151.1 153 154.9 158.3 162.6 165.4 165.9 164.6 157.6 168.3 171.6 174.8 179.4 184.8 191.4 198.1 202.3 205.9 208.8 207.9 210.9 214.9 216 213.2 214.5 222.2 231.9 247.1 261.9 274.7 287.1 299.4 311 321.6 333 345.4 357.4 368.3 378.2 388.4 401.4 411.6 420.1 428.3 437.5 446.3
230.7 239.7 246 248.7 247.6 238.7 221.4 201.5 190.1 175.7 161.2 144.3 130 119.1 112.3 109.1 106.9 112.2 114.5 113.4 107.3 103.9 109.6 111.6 114.2 125.3 135.1 142.5 148.3 152.2 153.6 153.6 152.6 149.2 147.4 146.4 146.4 149.7 153.7 156.3 159.4 161.2 158.5 150 161 165.5 169.2 173.3 178.1 183.6 191.4 197.4 201.5 202.4 202 206.6 209.6 209.2 202.4 217.2 221.5 229.8 245.2 259.5 272.8 284.9 295.9 306.5 315.1 325.5 337.4 349.2 358.6 368.7 379 390.3 401.8 409.8 418.8 429.8 440.8
221.6 225.3 231.2 236.6 237.3 231.9 221.6 204.1 187.6 177.4 163 149.5 133.8 122.4 112.6 107.4 105.6 109.1 112.2 112.7 110.5 102.9 104 108.5 112.1 116.8 124.4 133.1 141.1 145.3 146.8 148 147.5 146.2 144.1 142.7 143.2 145.6 149.9 151.6 154.2 155.1 155.5 148.1 153.7 159.9 164.2 168.4 173.5 178.5 185.7 192.1 196.2 197.6 199.3 202.6 204 199.8 208.3 214.9 219.9 227.7 242.8 256.2 269.5 281.7 290.7 299.6 308.4 318.1 328.5 340.6 349.7 359.2 369.9 380.7 392.1 401.8 411.3 422.8 434.1
216.4 215 216.3 224 228.5 226.2 220.1 207.3 185.2 175.1 164.4 150.7 138.4 124.4 115.5 107.8 104.4 107.3 110.3 111 109.8 105.8 99.1 102.6 107.9 110.2 113.9 123.9 133 137.4 140.2 141.4 142.4 140.6 139.1 138.5 138.8 140.9 143.7 147.2 148.9 152.6 150.1 140.5 145.3 154.8 159.2 163.2 168.9 175.1 181.2 186.4 190.4 193.5 195.5 195.2 187.7 203.2 209.6 212.9 216.9 224.4 239.5 251.9 264.5 275.5 285.1 293.8 302 311.8 321.7 331.7 341.2 350.8 361.1 371.7 382.6 393.4 406 416.8 428.9
209.1 207.9 207.9 212.8 220.5 223.9 223.6 209 186.6 171.5 161.8 151.6 138.8 128.6 120.4 112.2 103 105 109.5 110 109.1 108.1 101 97.2 101.6 105.7 107.4 112.5 121.3 128.9 133.9 135.6 136.4 135.3 135.6 133.3 134.3 137.2 138.3 141 143.5 147.1 147.7 138.2 141.5 149.8 153.9 158 163.7 169.9 176.1 180.6 184.8 188.2 189 181.8 195.2 203.3 207.5 211 215.3 221.2 232.7 247.3 258.7 269 278.7 287.4 295.9 305.7 315.5 324.9 333.5 342.7 352.8 363.5 375.3 387.6 400.3 411.9 425
