UK/data/sd/sd93_OST50GRID_20230518/SD93.asc
ncols 200
nrows 200
xllcorner 390000
yllcorner 430000
cellsize 50
[rows 0 to 34 of 200, columns 78 to 155 of 200]
284 289 293 298.7 304 305 307.8 312.1 315.6 320.3 322.8 325.8 324.7 325.7 327.1 328.2 330.5 333.2 336 337.6 341.7 343.9 345.7 346.6 347.5 347.5 349.5 349.6 351.7 354 355.7 357 356.6 356.1 356.8 357.1 355.6 354 356.1 357.2 358.6 360.2 363 363.3 366.2 369.7 372.4 375.9 376.8 376.4 379.6 383 385 387.2 389.6 392.1 392.7 396.1 401 403.4 405.4 408.9 410.1 414.8 417.5 418.9 422.3 424.9 424.7 429.8 432.1 434.2 436 438 439.4 440.3 441.1 440.2
288.3 291.7 296 302 305.9 308 310.6 313.5 317.3 322.5 326.4 327 328 328.6 332.5 335 337.8 337.4 338.3 340.3 342.9 344.8 346.2 348.4 349.1 350 351.3 353.3 353.5 356.3 358.8 360.2 359.6 361.2 362.3 363.2 363.1 361.5 362.3 363.5 364.7 365.7 366.8 367.9 369.7 372.2 375.4 377.4 379 380.1 382.4 386.1 388 391.2 393.5 395.6 396 399.8 402.1 404.9 407.3 410.4 412.1 415.9 417.8 420.7 423 426.3 428.6 430.7 433.3 435.1 437.2 438.7 439.8 439.6 438.6 437.5
290.2 294 299 303.7 307.1 311 313.7 317.1 320.1 325 327.7 329.4 330.4 332.8 336.5 336.8 339.8 341.8 341.5 342.9 343.4 346.5 348.6 350 351.4 352.7 353 354.9 354.8 358.7 361.1 363.3 364.7 364.2 366.2 368.3 368.6 369 368.3 368.6 368.9 372.1 372.4 372.8 374.2 376.8 378 380.4 383.1 384 383.9 387.7 391 393.5 396.4 399.2 401 402.9 404.2 407.8 410.1 412 415.1 416.4 420.7 422.7 425.6 428.4 430.1 432.5 434.7 435.8 437.5 438.8 439.6 439.4 437.9 435.2
291.3 295.2 301.1 305.1 309.8 312.6 315.2 320.3 323.9 326.8 328.6 331.6 332.1 334.4 338.7 339.6 340.1 342.2 344.4 346.5 347.2 348.6 350.9 351.9 353.1 355 356.2 358.8 360.8 361.3 363.1 364.6 367 369.2 371.7 372.2 373 373.6 374.2 374.6 375.4 377.4 378.3 378.3 378.3 380.6 382.4 384 385.7 386.6 387.5 390 392 395.5 398.3 401.2 403.2 404.7 408.3 409.9 412.4 415.2 417.3 420.2 422.4 424.5 428.2 430.4 432.2 434 435.8 436.8 438 438.8 438.8 438.5 435.4 433.5
291.4 297.4 302.8 306.9 311.1 314.2 316 319.3 323.2 326.6 328.8 332.6 334.2 337.4 339.8 341.2 343 343.8 345.4 347.8 350.3 352.2 353.2 354.4 355.9 357.5 359.9 362 365.2 364.5 366.8 368.9 370.2 372 374.3 375.9 376.5 378.5 379.5 379.3 381.7 382.7 384.1 385.1 384 385.2 386.4 386.8 387.6 388.1 390.2 392.1 394.8 396.4 400 403.2 406.2 408.7 410.8 412.9 415.2 418.7 421 423.3 426.1 428.2 430.4 432.5 433.8 435.2 436.8 438 438.5 438.1 436.7 434.4 433.1 430.5
291.4 295.3 301 306.3 309.1 311.6 314 318.7 322.3 326.1 329.8 332.9 336.4 338.8 341.2 343.6 346.4 348.2 350 351.5 352.8 354.9 356 357.8 360.6 361.9 363.3 365.9 367.8 367.9 370.1 371.8 373.2 374.1 376.6 379.1 381 382.1 384.2 385.1 386.5 387.6 388.9 389.5 388.6 387.9 389.4 390.8 390.6 392.3 392.9 394.8 396.7 399.2 399.8 404.6 407.2 409.9 413.6 416.9 418 420.7 424.4 426.9 428.9 431.2 432.8 434.9 436.2 437.8 438.3 438.4 437.5 434.9 433.6 432.2 430.2 428.6
292 291.4 296.9 297.6 305.7 310.7 313.7 316.9 322.4 326.9 328.7 332.9 336.9 339.8 341.8 346.2 348.7 350.9 352.4 353.1 355.1 357 359.3 362.4 364.7 366.3 368.2 369.6 370.6 372.3 373.3 374.8 376.1 376.6 378.4 380.8 383.7 385.4 387.4 389.6 390.2 391.7 392.7 392.9 392.9 392.5 393.9 394.7 394.5 395.1 396.6 398.6 400.9 403.1 404.7 406.1 408.7 412.3 417.2 420.1 423.3 425.7 428 429.2 431.6 433.8 434.7 437.1 438.5 438.5 438 437.4 435.5 433.5 431.3 429.8 428 425.2
291.6 294.6 300.4 305.8 308.5 313.7 317.5 320.6 321.2 326 329.7 334.5 338.4 341.5 344.2 346.5 349.6 352.2 354.2 356.3 358 360.7 363.6 365.1 367.6 369.6 371.3 371.8 374.6 377.1 377.9 378.6 378.7 379.2 380.1 382.7 386.1 389.3 391.1 392.2 394 394.1 395.3 395.9 397.8 398 397.3 398.1 398 398.7 400.4 402.2 404.6 406.7 409.1 409.3 411.6 415.6 419.8 424 426.1 429 431.2 433.4 435.5 436.5 437.7 438.7 438.9 437.5 436.5 435.1 432.9 431.3 429.1 428 425.3 421.5
290.3 293.4 299.9 306 312 316.5 320.3 323.9 325.2 327.7 329.8 335.7 339.5 342.8 345.2 347.7 350.6 352.7 355.4 359 360.5 362.3 364.6 367.6 369.8 372.5 374.5 376.7 377.5 379.7 381 381.8 382.2 382.8 383.1 385.7 388.5 391.2 393.6 395.3 395.7 397.4 398.2 399 401 402.4 402.3 401.9 401.4 402.7 404.8 407 409.3 410.8 412.5 414.3 415.9 418.9 422 425.2 429.2 432 434.3 436.2 437.3 439.3 439.9 439.3 438 436.5 433.6 432.2 431.2 429.3 427.5 424.7 422.6 419.6
290.8 293.8 300.7 307.7 314 320 322.7 326.2 328.4 331.7 334.5 336.1 338.5 342.6 346.8 349 350.2 353.4 357.1 360.5 362.4 364.4 367 369.6 372.1 374.3 376.9 379.3 380.5 381.5 382.8 384.4 385.6 387.6 388.3 389.4 390.6 391.5 395.9 397.1 398 400 400.5 402 403.7 405.7 404.9 404.7 404.1 405.9 408.1 410 412.7 415 417.4 418.7 420.4 421.4 423.6 427.9 431.5 434.8 436.8 438.6 440.1 441.1 440.6 438.9 437.1 434.1 432.4 431.8 429 427.5 425.1 422.1 419.4 417.5
292.7 296.3 301.3 310.2 315.5 321.3 327 329.9 332.6 334.9 337.5 340.5 342.7 344.3 344.2 349.3 352.3 355.3 357.4 360.3 363.7 366.2 368.6 371.4 374.2 376.3 378.6 380.8 382.2 383.4 385.6 387.2 389.5 391.6 392.7 393.2 394.3 396.1 397.7 399.2 400.7 402 402.7 403.3 406.5 408.9 409.3 408.8 409.5 409.4 413.1 415.6 418 420.3 421.9 423.5 423.8 424.8 426.9 428.9 431.3 435.9 438.5 440.3 441.6 440.9 439.8 436.5 433.7 431.7 430.9 429.8 427.1 426.4 423.1 420.9 418.3 415.8
295.2 298.7 307.7 313.4 319.5 324.7 329.9 333.9 337 338.7 340.5 341.8 345.6 346.2 349.1 349.7 354.3 356.8 358.4 361.4 363.6 366.5 369.3 372 374.6 377.6 379.5 382 384 386 387.8 389.8 391.7 393.1 394.8 396.7 397.8 399 400 400.9 403 403.9 404 404.2 408.8 411.5 413.3 414.1 415.4 415.8 417.7 419.8 422.2 424.3 425.2 425.2 425.2 425.7 426.9 429.6 432.9 436.2 439.8 442.7 443 440.4 436.5 434 431.8 431.2 429.8 428.7 426 424.4 422.1 419.5 416.4 415.8
297.1 304.9 314.4 318.6 323.9 328.1 332.4 337.5 340.9 342.4 343.7 347 350 352 352.4 354 350.9 356.9 359.4 362.1 364.2 367.2 370.2 372.6 375.1 377.6 380.6 383.1 385.7 387.7 389.5 391.9 393.8 395.1 397.1 398.5 399.9 400.7 402.2 403.6 405 405.2 405.5 406.2 405.8 413.7 416.7 418.9 420.7 421.6 421.2 422.4 423.2 423.6 423.3 423.6 424.2 425.3 426.8 430 432.6 436.2 439.2 441.4 438.5 435.8 433 431.7 430.2 429.5 427.9 426.8 424.1 422.8 419.8 419.7 418.2 416.3
300.6 308.1 312.2 318.5 324 328.7 333.9 339.2 342.2 344.8 347.3 350.1 352.2 353.1 354 354.9 356.4 356 360.1 363 364.8 367.5 369.8 372.5 374.7 377.9 380.3 383.4 386.4 388.7 390.8 393.3 395.8 397.1 399.5 401 401.8 403 404.4 405.7 406.9 407.9 409.8 410.2 404.5 408.1 416.5 418.4 420.6 420.4 418 419.8 419.9 419.3 419.9 421.7 421.9 424 426.8 428.9 430.1 434.3 437.3 435.6 432.5 431.2 429.7 429.4 428.7 427.8 427.2 425.6 424.8 422.9 421.1 419.7 417.8 416.8
298 301 306.3 311.3 316 326.7 334.5 340.3 342.8 345.3 347.4 349.8 350.6 352.5 353.6 354.9 357.1 358 359.8 361.7 365 366 369.6 371.8 374.6 377.6 381.9 384.8 388.2 389.7 391.6 394.3 397.3 399.2 400.7 403.1 404.5 406.2 407.3 408 409.4 410.6 412.2 413 412.2 397.1 408.5 412.4 414.7 414.5 412.1 414.4 415 416.8 418.1 418.6 420.3 422.1 424.1 425.4 423.9 426 428.1 428 426.4 426.6 426.4 426.2 426.2 425.9 426.9 425.8 424.5 423.8 422.1 421.2 419 417.7
293.8 296.5 301.3 306.8 315.1 327.2 334.4 340.4 342.6 345.4 347.9 350.3 351.5 353.5 354.3 355.1 357.3 358.2 360.2 361.5 363.7 366.8 369.1 371.6 374.7 379 382.3 385.2 389.6 391.3 393.8 395.9 398.2 400.8 403 405.2 407.3 409 410.7 411.1 411.8 412.1 411.1 412.5 412.4 406.7 391.2 400.2 407.1 407.7 407.5 408.9 412.3 414 414.1 415.1 414 416.2 417.2 417.9 416.9 417.2 418.8 420.6 420.1 421.2 421.7 422.6 423.3 425.1 425.8 426.8 426.2 425.2 424 421.7 420.4 418.5
276.8 284.4 288.6 298.6 310.6 323.1 332.9 338 341.9 344.7 347.9 350.3 352.3 354.8 356 356.6 357.6 358.7 360.1 361.5 364.3 366.4 369 372.4 375.9 379.1 382.5 386 390.3 393.3 396.1 397.6 400 402.4 404 406.8 408.7 410.7 412.5 412.4 412.5 411 406.1 407.1 408 406.8 390.5 387.4 398.4 400.3 403.2 405.8 407.5 408 407.2 406.6 405.8 406.8 408.1 409.2 409.4 410.4 412.9 415 415.7 415.7 418.2 420.3 422.3 424 425 426.4 427.2 426.3 424.6 422.7 420.9 419.3
264.7 271.5 274.1 282.8 293.9 308.8 329.6 337.3 341.1 344.9 347.2 350 352.4 354.6 355.6 357.4 358.4 357.7 358.1 360.6 363.2 365.6 369.3 372.3 374.3 378.3 381.9 385.4 391 394.3 396.8 399 401.3 403.2 404.7 407.3 407.8 410 411 412.2 411.2 409.2 402.6 394.3 396.5 395.7 386 380.1 388.3 394.2 397.1 397.4 398.6 399.9 398.4 397.8 396.4 397.7 399.2 402.1 404.5 405.2 406.2 407.9 409.7 412 414.4 417.5 420.4 422.7 424.3 425.3 426.3 426.7 425.6 423.9 421.5 419
256.7 261.2 267.4 270.9 276.8 296.6 315.3 331.9 338.1 342.6 346.2 349 351.4 352.6 353.7 355.4 355.1 354 356.1 359 361.8 364.4 366.9 369.8 372.7 375.9 379.7 383.9 389.3 392.9 396 398.1 400.1 402.5 404.9 405.7 407.2 408.6 408.5 403.3 397.2 393.4 387.7 382.3 382.7 380.8 378.6 375 379.5 386.5 389.8 390.1 389.2 389.7 390.3 390.3 391 392 393.4 394.6 397 398.8 400.9 402.9 405.3 408.2 410.9 414.1 417.9 420.9 422.6 423.6 424.9 426.5 426.4 424.5 423 420.2
253.1 257 260.4 258.9 269.3 285.2 296.8 310.2 320.5 329.8 333.2 346.5 347.9 348.6 349.2 346.2 348.9 351.4 353.7 354.3 358.6 361.3 362.7 365.9 370.2 373.5 376.9 381.4 386.2 390.3 393.5 396.4 399.1 400.6 401.6 402.8 404.2 403.9 396.5 391.1 385 378.5 377.3 375.6 375.6 375.4 374.2 371.5 373.8 376.2 379 381.6 382.9 384.2 385.1 385 385.7 387.6 389 391.2 393.5 395.1 397.3 399.7 401.6 403.9 407.3 409.6 413 417.1 420 421 423.4 426.1 427.4 425.6 423.9 420.4
247.7 251.1 248.5 252.8 263.7 274.9 282.9 291.4 293.8 300.4 315.9 325 333 335.1 336.4 340.3 344.9 347.3 348.9 349.1 346.7 346.5 348.6 358.9 363.3 368.9 373.8 379.7 384.2 388.3 391.6 394.6 397 398.3 399 399.8 398.5 393.7 385.5 379.2 375.1 371 369.2 370.7 370.1 370.7 370.1 368.8 370.1 371.5 373.4 375.2 377.7 379 380.5 381.5 382.3 384 386 388.3 390.9 393 395.2 396.9 398.1 400.1 403 404.7 407.4 410.4 414.7 419.1 422.6 426.3 427.4 426 424.2 421.7
239.7 240.2 244.7 251.5 256.5 262.9 269.8 276.7 286.5 293.3 296.7 300.7 306.2 315.5 313.8 319.7 323.7 329.8 329.3 333.5 331.5 331.7 334 338.8 344 354.2 358.1 361 380.6 384.9 388.4 391.8 394.3 395.9 397.1 394.4 386.7 379.7 375.7 371.8 367.8 366.4 366.1 367 368.2 368.6 368.1 367.3 367.4 368.7 370.8 371.8 372.6 374.7 376.3 378.3 379.5 382.1 383.8 386 387.8 390.3 391.6 393.5 395.7 397.2 398.8 400.9 402.7 405.5 409.5 413.4 418 423 425.6 424.8 423.5 421.7
233.1 239 244 248.7 253.1 257 262.1 266.8 274.9 279.5 283.3 289.2 290.9 293.4 299.6 309.1 310.8 317.9 316.7 318.8 319.4 319.6 320.9 328.2 334.7 341.3 350.3 354.9 357.1 375.4 386.4 389 391.6 393.2 392.9 386.1 376.7 371.7 369.3 365.1 362.8 363.6 363.9 364.4 365.4 365.7 366 365.4 365.8 367.6 368.3 368.9 370 372 373.7 375.3 378.1 380.4 382 383.5 385.9 387.6 388.9 390.1 392.1 393.7 395.8 397.3 398.4 400.5 402.5 406.6 411.4 416.3 419.6 421.4 422.8 420.8
229.8 234.8 239.3 243.5 246.4 250.3 257.1 261.4 267.5 272.4 275.7 277.3 280.6 282.6 286 292.9 296.1 303 304.5 306.9 307.5 307.7 311.9 319.5 325 330.4 339.9 346.5 350.4 356.6 375.2 385.7 388 389.6 388.1 376.5 368.7 366.8 363.6 360.7 360.3 360.1 361.5 362.3 364 364.3 364.3 363.4 363.3 364.7 365 366.1 367.8 370.1 371.9 373.3 375.1 378 380 382 382.9 383.4 385.6 386.8 389.2 391.3 392.4 393.6 395.2 396.4 397.6 398.7 402.9 408.7 411.6 416.2 415.8 415.9
235.1 233.5 235.8 236.4 241.2 246.7 249.8 252 258.3 264.9 268.8 269.3 272.2 277.4 280.3 285.5 288.3 292.7 295 298.3 299.5 299.7 305.1 314 322.9 328.3 332.4 339.3 344 351.5 356.5 375.8 381.3 383.3 378.2 368.7 363.6 360.9 359.1 358.2 357.7 358.2 359.4 360.6 362.2 362.1 361.6 361.4 361.5 360.8 361.8 362.9 366.2 368.3 369.6 371.7 373.5 375.7 377.6 378.7 380 381.9 382.3 383.6 386 388.1 389.9 390.8 390.8 391.9 392.7 393.3 395.9 399.2 404.3 409.6 410.7 412.8
238.9 239.8 240.8 242.7 239.8 246.7 242.2 248.5 253.3 255 257.1 257.5 264.7 270 273.7 276.9 285.3 290.1 292.7 293 294.5 297.2 299.8 305.2 313.9 319.5 327.8 331.5 335.7 342.2 350 363 370.9 375.3 369.8 361.9 358.9 356.8 355.2 355.5 356.5 356.2 356.4 358.8 360.6 360 360.2 360.1 358 361.3 362.8 364.2 366.1 367.3 367.4 370 371.7 373.4 373.9 375.7 378 378.4 380.2 381 383.2 385.6 386.5 387.5 387.4 387.5 388.1 388.2 388.6 390.2 394.8 401.7 405.7 409.4
241.7 242 243.2 244.6 246.8 244.2 249.3 252.8 254.9 259 260.2 260.7 259.1 261.4 263.1 266.4 275.2 285.6 289.2 293.4 295 296.3 299.2 303 307.1 313 320.1 325.3 331.3 335.2 344.8 355.3 362.6 368.3 363.6 357.3 353.8 352.8 352.8 352.5 354.3 353.9 354.5 357.4 359 358.4 358.6 358.6 358.4 361.4 363.2 364.3 365.5 366.1 364.6 367.3 369.1 369.9 370.8 371.9 374.2 375.5 376.6 378 380.4 382.1 383.4 382.9 382.6 382.9 381.7 382.6 383.1 384.9 388.3 393 396.2 400.3
242.7 243.6 244.1 246.6 248.5 250.1 249.2 250.4 252.9 258 262 264.2 266.3 266.6 271 272.5 271.5 270.3 282.5 288 289 287.7 297.8 302.4 303.6 308.1 308.7 317.3 324.5 327.8 338.3 348.8 355.9 363.8 359.8 353 350.3 349.7 350.1 350.2 351.9 352.1 353.4 356.2 357.5 356.5 357.3 354.4 357.4 359.8 361.9 363.2 363.4 362.5 361.6 364.9 366.6 368 369.1 370 371.5 372.7 372.9 375.4 377.6 378.8 379.2 379.2 377.3 377 375.3 375.3 374.9 377.4 380.7 384.6 388.1 388.8
238.3 241.7 243.7 246.3 248.9 253.7 255.4 255.6 256 255.9 258.4 261.7 264.4 269 272 279.2 281.9 285 279.3 280.4 286.8 287.1 284 291.1 301.1 303.6 307.8 310.8 316.5 323.1 331.2 341.3 349.9 358 355.9 350.6 347.2 345.8 344.5 347.5 349.3 349.7 351.3 354.3 355.1 354.5 356.7 355 355.7 357.1 360.1 360.3 360.6 359.9 358.7 360.8 364.1 366.1 366.4 367.3 368.8 370.8 371.1 373.2 375.2 375.2 375.1 374.4 373.2 370.7 368.5 368.9 368.7 372 374.8 377.5 379.5 382.3
239.1 243.1 245.2 247.3 251.3 251.3 254.7 256.8 259.2 259.7 261.4 266.8 274.2 279.5 282.3 279.9 285 288.4 289.8 293 296.4 293.2 291.1 289.5 289.2 293 303.8 312.1 315.6 319.8 328.4 334.7 345.3 349.7 349.2 347.8 343.9 342.6 344.5 346 347.9 348.6 350.1 352.5 353.5 353.1 354.9 354.7 352.6 356.6 355.6 357.3 357.8 357.7 356.1 358 359.8 362.5 364.1 364.8 366.3 367.6 369.6 371.8 373.7 373.1 371.4 370.2 367.9 363.9 361.4 362.1 361.5 365.5 369.3 370.7 372.3 375.8
231.3 245.1 249.8 253.3 254.2 255.2 256.4 257.7 261.4 263.3 266.2 271.1 278.8 283.8 286 286.6 286.3 289.6 293.9 299.5 300.4 300.8 297.2 296.9 295.1 294 293.1 303.8 314.8 320.4 327.2 333.2 343.4 346.2 346.6 342.3 340.3 338.5 341.4 344.8 346 347.7 349.8 350.8 351.2 351.4 353 351 349.5 354.4 354.4 354.5 353.9 353.9 352.6 353.9 356.9 359.1 361.6 362.6 364.4 366.5 367.9 369.5 371.4 372.1 368.9 366.7 364.3 359.3 353.4 354.8 358.6 362.5 363.2 366.9 369.3 370.9
244.7 234.6 249.7 255.2 258.3 264.2 266.5 264.8 268.1 268.3 270.6 272.6 281.3 285.8 288.1 289.3 290.2 290.5 292.7 296.3 301.7 306.8 306 306.2 305.2 299.5 298.1 299.4 311.6 318.5 326 332.7 340.5 342.9 341.8 339.7 338.9 336 339.6 342.6 344 345.8 346.8 348.1 350.3 349.3 348.6 348.4 347.1 351.9 352.3 351.3 351 349.5 349 351.1 354.1 355.8 358.2 359.9 362.3 364.1 365.7 367.4 368.8 369.1 367.8 363.3 359.9 355.5 347.5 347.6 356 351.9 358.8 361.5 364.8 366.6
250.1 238.1 247.5 256.6 263.3 270.3 272.5 271.9 270.1 272.2 276.8 282.9 285 282.5 286.6 288.4 290.8 294.3 295.6 298 300.5 303.2 307.8 311 310.8 306.5 307.4 300 310 320 326.9 332.8 336.3 338.6 339.6 337.8 335.4 336.5 338.1 340.8 342.2 343.2 344.4 345.8 348.9 345.3 344.2 347.1 345.7 349.5 350.3 346.7 346.7 344.6 344.8 348 350.4 352.6 355.2 356.6 359.5 360.8 362.7 364.5 365 365.4 364.4 360.3 357.6 353.2 347.6 346 351.8 348.5 351.1 357.2 361.4 362.3
253.1 238 252.8 260.2 265.6 271.4 275.7 275.3 272 275.5 282.1 286.9 286.5 287.6 289.9 292.1 293.5 297 303.7 309 311.9 315 314.9 314.3 315.6 312.3 311.4 306.5 306.6 319.6 325.6 331 336.4 337.8 336 331.7 329.7 332.5 336.9 339.3 341 342.3 342.7 342.9 345.4 342.6 342.5 341.8 343 346.7 347 344.8 342 338.6 340.5 344.6 347.1 348.6 351.3 353.1 356.2 357.7 358.3 360.1 360.7 360.6 360.4 358.4 355.2 351.3 345.6 338.5 346.2 342.4 349.1 352.8 356.1 355.3
257.3 243.7 255.7 261.2 266.5 272.5 277.5 279.2 276.5 283.1 288.5 289.9 289.7 292.1 295.1 296.8 300.2 303.3 310 314.8 320.8 324.5 326 324.9 320.4 321.7 321.9 312.6 307.9 308.2 317.7 322.9 325 326.5 325.8 330.7 335.1 337.2 338.9 339.9 340.7 341.3 341.7 341.1 340.9 339.7 338.3 339.7 337.8 342.7 340.8 338.9 334.7 336 337.4 340.4 342.7 344.2 347.4 349 351.7 353.6 354.4 355.1 355.2 356 355.9 354.7 352.6 349.2 345 337.9 340.2 340.2 344.6 347.1 349.9 347.7
