WholeMapElevations/data/nn/nn26_OST50GRID_20230518/NN26.asc
ncols 200
nrows 200
xllcorner 220000
yllcorner 760000
cellsize 50
[rows 35 to 69 of 200, columns 78 to 155 of 200]
531.4 551.2 569.8 590.4 608.8 619.8 624.3 627.9 625.6 592.1 563.3 540.3 525 501.1 477.7 456.6 439.3 430.9 426.4 415.4 413.3 413.2 413.3 410.2 400.2 401.6 402.6 406.6 408.6 411.1 399.1 415.5 422.7 419.9 417.3 407.5 400.3 396 388.5 380.2 369.6 364.1 362.2 358.2 353.7 350.8 347.4 347.6 344.8 347.5 341.1 338.4 337.9 337.9 336.7 337.6 337.1 336.4 336.5 335.9 336.3 335.8 335.3 335.1 334.7 334.6 335.1 335.6 333.2 337.2 332.9 335.1 333.4 331.7 330.4 329.7 331.8 333.1
540.7 561.6 583.4 604.5 623.8 633.6 639.3 646 639.4 602.2 562.9 545 518.6 495.5 467.7 451.4 441.6 433.7 428.2 419 421.9 419.9 416.2 409.7 410.7 412.3 410.5 410.8 413.8 417.7 399.2 423.8 426.7 426.2 415.7 407.9 404.7 398.6 391 378.4 373.6 368.2 364.3 362 358.6 353.9 350.7 346.7 345.1 345 343.7 339.8 337.7 337.2 337.7 337.3 337.3 336.5 336.2 336.5 335.6 335.3 335.5 335.6 335.5 335.4 334.4 335 336.5 337.8 336.6 334.2 333.4 333.4 333.1 334.7 347 351.1
547.8 569.3 595.1 617.8 636 650 657.7 662 649.3 617.8 588.6 551.7 523.9 491.8 474.1 456.6 447.9 436.1 431.9 426.2 425.5 423.2 418 418.4 422.5 423.5 419.7 413.4 419.1 420.4 414.4 427.2 429.9 426.8 420.9 413.8 409.1 399.6 389.4 386.6 382.7 377.2 370.3 366.7 361 357.8 352.7 346.3 347.5 347.2 341.1 339.4 338.2 337.3 336.4 336.6 336.7 335.8 336.5 336.3 336.3 335.2 335.4 336 336.8 335.9 336.2 335.8 337.8 341.9 341.9 339.9 340.9 338.6 345 350.2 362.9 367.1
553.5 578.5 606.5 627 644.9 659.5 669.5 675.1 655.4 626.3 608.5 561.5 532 504.6 480.9 462.6 450.7 446.8 440.1 434 431.2 425.1 424.5 426.1 431.5 431.3 424.7 420.8 419.3 424.9 426.5 427.3 430.6 425.8 424.9 418.1 410.9 399.1 390.8 392.5 388.8 387.1 383 371 364.2 356.4 354.5 347.6 349.5 344.5 344.8 344.3 340.4 337 336.1 336.8 336.4 336.7 336.1 336.4 335.5 337.2 337.7 338.7 339.8 339.8 343 343 343.4 348.4 348.5 346.3 342.3 346.2 356.5 367.4 373.9 376.6
560.2 586.5 612.7 632.7 649.6 664.9 674.9 679.1 649.9 632.6 606.8 582.7 557 516.5 480.7 470 460.9 456 450.7 442.7 437.3 431.8 432.7 436.1 441.9 436.2 426.7 425.6 426.1 430.1 430.7 436.1 434.5 430.3 428.5 419.1 410.1 404.9 397.6 396.9 395.9 390.6 387.9 378 367.2 358.6 358.5 350.4 349.4 349.6 346.3 344.3 342.3 338.9 336.3 335.6 336.4 335.9 336 335.4 336.6 339.6 341.8 343.3 347.4 352.4 355.4 354.6 352.3 353.7 351.2 348.4 350.7 356.6 370.6 377.9 380 377.8
567.5 592.2 616.5 635.6 653.9 668 677.1 668.4 650.9 643.7 605 589.9 563.1 518.3 491.6 479.2 477 467.5 458.9 451.4 441 440.9 444 444 444.5 436.9 433.2 432.4 435.1 436.6 435 437.7 437.7 433.5 430.6 421.3 418.3 409.2 404.5 399 397.2 396.9 388.1 376.7 367 362.2 359.1 354.6 353.1 350.2 347.2 346.1 344.5 338.6 336.6 335.7 335.6 336 337.8 338.3 339.4 342.7 346 349.7 355.7 362.3 365.2 367.2 362 362.4 362.3 360.4 362.7 370 380.6 382.6 381 375
571.5 597.1 621.6 643.4 658.6 670.7 670.3 655.9 657.4 638.2 612.3 585.8 564 528.3 502.1 494.3 488.7 479.4 475.3 456 455.4 454.2 452.2 447.6 444.8 442 437.8 439.9 441.3 444.8 439.7 436.1 440.3 437.8 433.1 424.7 424.6 418.6 411.3 402.3 400.7 399.8 387.4 379 369.7 368.3 364.7 359.2 358.1 354.4 349.8 347.1 344.3 338.9 338.1 336.3 336.4 339 341.1 344.3 347 354.5 355.5 358.9 365.5 371.5 373.9 373 377.4 372.5 370.9 374.7 377.9 386.2 388.9 388 383.8 375.2
578.5 605.8 631.1 648.6 661.6 670.4 659.7 661.8 655.5 638.3 617.2 591.1 565.8 537.4 515.7 509.3 500.3 494.6 479.7 469 474.9 470.2 463 456.4 447.3 446.1 446.5 447.1 451.6 452.8 443.2 440.1 446.1 444.9 434.8 432.4 424.9 428.2 412.9 406 401.5 396.8 386.4 377.1 374.4 368.8 366.5 366.7 361.5 353.1 351.7 347.5 342.2 337.7 337 336.7 339.8 344.8 348.2 352.4 355 361.3 370.7 370.2 375.8 381.3 383.4 385.5 384.9 378.9 387.3 391.5 402.2 398.2 397.8 392.5 384.5 382.7
587.3 615.4 637.5 651.8 663.7 660.6 661.8 665.3 652.8 643.5 614.6 582.9 568.6 546.2 535.4 520.7 516.2 502 486.6 489.9 492.6 485.7 473.1 465.9 454.1 452.8 451 454.6 454.4 447.9 448.3 446 456.8 443.9 442.8 436.1 427.8 431.4 423.8 411.3 403.5 394.7 386 382.5 377.4 373.7 368.9 364.5 360.6 357.9 352.7 350.9 342.8 339.1 339 342.1 342.9 348.2 352.6 359.4 362.1 373.8 377.5 380 394.3 393.4 393.9 388.6 386.7 392.2 404.2 412.4 413.5 409.4 404.8 394.1 393 395.4
597.8 623.1 641.4 655.4 660 663.6 665.9 657.2 651.6 643 605.3 583.8 568.2 553.8 549.3 537.9 527.2 507.2 502.6 505.2 504.9 494.4 476.6 467.3 464.3 460 458.6 457.9 454.1 454.5 456.1 452.2 459.5 454.7 446.3 441.8 430.6 433.5 434.1 412.2 404.7 397.3 391.7 388.1 381.6 379.3 372.2 370 368.5 360.4 355.3 351.1 340.8 339.4 342.6 349.2 352.3 353.7 361.4 367.9 373.1 378.5 383.1 393.9 399.6 405.3 405.2 395.7 404.4 419.3 429.7 429.2 426 412.2 401.1 402.6 401.8 405.7
607.7 627.9 647.9 657.1 660.3 665.1 665.4 661.7 653.9 625.4 600.1 583.2 572.1 561.5 555.5 546.9 532.8 519.9 517.9 518.6 509.4 498.8 483.4 474.5 469.8 466.7 466.5 458.9 463 466.6 462.2 459 467.1 459.5 452.2 444 433.3 435.6 433 413.1 406.7 399.5 398.4 390 383.4 386.5 385 375.9 368.3 360.9 355 345.7 342.3 343.2 346.5 352.7 359.2 360.7 371 380.3 382.3 386.9 394.5 403.8 406 406.8 405.3 410.6 423.8 440.3 442.1 440 424.3 411 410.7 413.2 413.2 419.8
615.1 635.1 653 658 664.7 672.4 669.1 660 642.4 624.8 603.9 587.9 579.1 563.8 557.5 550.1 540 535 530.1 532 517.5 507.5 505.4 482.2 478.5 473.4 467.2 465.4 474 478.2 475.9 466.7 468.4 463 449.7 441.6 435.1 433.7 426.9 412.6 406.5 414.1 397.3 390.9 399.8 386.5 382.9 376 365.3 360.2 351.1 344.6 346.7 347.5 351.2 356.8 364.3 371.5 377.2 383.4 390.7 399.3 406.3 407.3 410.9 411.8 415.5 427.6 441.3 451.7 451.3 436.3 425 424.5 423.9 424.7 431 435.2
622.6 643.9 657.6 666.1 673.2 678.4 672.6 649.1 638 621.3 601.8 594.7 583.8 572.4 565.5 555.9 550.8 547.3 541.1 533.5 520.8 515.2 505.6 488.8 483.9 473.3 472.9 477.3 484.5 494 481 477.4 472.6 469.6 455.2 443.1 437.9 431.5 423.5 415.3 409.9 418.8 398 403.2 392.7 386.5 383.7 375.7 363.4 357.7 346.7 348.3 351.1 353.5 358 363.5 370.3 380 388 392.4 397.7 409.1 415.5 419.8 418.1 418.5 425.7 441.7 454.3 452.7 446.9 435.6 436.7 435.8 436.9 441.2 446 449.8
633.6 653.6 664.8 671.9 671.8 667.8 657.6 648 632.7 618 608.7 596 588.1 580.4 569.6 561.4 562.5 557.7 547.1 542 527.7 519.8 507.8 493.6 481.8 475.5 481 487 486.8 496 485 486.8 475.3 475.3 464.1 452.9 439.9 428.5 425.7 416.6 412 414.9 403.9 406.3 393.7 390 380.5 367.6 360.4 360.2 348.8 351.4 355.2 359.1 365.2 373.7 382.9 390.2 399.6 403.3 412.3 419 422.6 426.4 425.2 431.1 438.7 445 452.3 456.6 451.1 441.1 444.9 446.7 453.3 454.7 457.1 462.6
646.3 659.5 665 670 663.4 662.7 649.5 645.1 623.7 620.2 610.3 603.5 595.3 583.9 575.9 574.8 570.3 562.9 557.9 545.6 535.4 521 509.6 492 479.4 485.7 491 494.5 499.3 494.1 490.2 490.6 481.9 486.1 477.5 455.7 446.2 429.1 421.9 414.9 412.9 418 410.4 400.3 396.6 391.1 373.7 366.3 358.6 353.1 354 359 363.4 369.6 374.6 385.3 394.2 401.5 407.3 416.8 426 430.8 432.4 433.9 433.4 439 452 453 451.5 451.1 451.7 453.2 456.5 459.7 466.1 465 474.3 474.4
654.4 660.2 665.7 663 659.3 654.9 642.7 633.1 622.1 620.7 615 609.5 602.7 591.9 586.1 581.9 574.6 569.1 563.8 547.5 538.8 519.2 508.4 491.4 494.2 494 497.3 503.4 500.4 497.1 499.5 499.7 491.7 485 478.3 459.4 444.6 429.8 421 418.2 414.4 415.6 400.4 398.5 396.3 381.6 372.2 361.7 355.3 355.8 359.3 364 369.2 375.5 386.2 395.5 405.1 409.8 419.1 429.3 437.1 441.1 441.9 437.5 442.2 450.2 457.8 458 455.8 457.4 460 464.9 469.8 474.2 476.8 479.7 482.9 483.9
662.1 664 667.3 661.5 655.8 645.1 642.5 635.3 618.8 618.8 616.6 615.3 608 593.8 593.3 589.4 578.5 574.9 567 553.3 536.8 519.8 505.2 492.7 498.2 504.3 506.8 503.8 503 504.2 503.2 505.7 496.1 488.5 480.3 462.5 441.3 431.2 421.4 417.9 414.8 407.8 396.7 393.8 393.2 377.2 365.6 359.7 355.7 359.6 361.7 368.8 376.2 383.5 393.4 404.9 411.9 419.4 430.6 441.4 446.7 449.9 444.1 445.8 451.4 460.3 463.2 465 464.3 468.2 471.6 475.8 479.7 485.1 487.7 492.2 494.1 496.4
672.8 669.5 666.6 661.6 651.6 643.7 636.4 629.8 618.2 615.3 614.3 614.1 604.8 602.2 599.5 594 581.3 575.9 566.7 554.2 536.8 519.4 505.9 501.6 501.3 510.7 510 514 509.3 512.5 503.6 503.6 505.1 490.1 478.6 458.9 443.7 432.7 423.1 418.3 414 401.1 393.8 390.3 382.2 373.2 360.3 356.7 359 360.5 366.1 372.4 381.8 392.4 403.9 410.8 419 429.3 440.6 449.9 456.7 447.5 448.7 454.7 460.3 465.4 469 470.6 473.8 480.3 483.2 485.9 491.2 495.9 500.9 499.2 499.3 496.6
679.1 674.6 663.2 652.2 645.8 639.9 635.2 628.2 620.8 614.6 612.8 608.9 606.6 601.7 599 588.5 577.7 574.4 569.7 549 534 519.8 510.1 503.5 509.7 516.8 525.2 525.6 513.3 514 511 507.4 503.5 494.1 477.4 457.6 446.4 433.5 424.8 418 410.9 398.2 391.2 381 375 366.7 358.5 356.3 358.7 363 370.4 379.1 388.9 401 410 418.2 427.5 439.8 448.9 453.2 452.5 452.1 458.4 461.3 466.1 470.7 475.1 479.1 484 490 494.5 499.1 503.8 507.9 509.1 509.7 504.8 503.5
690.3 688.9 673.4 657 645.6 638.8 633.4 625.7 622.5 618.2 610.1 605.4 603 599.8 599.4 574.5 567.3 558.6 550.6 538.8 526.5 521.1 514.4 513.8 518.8 523.2 530 529 521.4 517.6 517.7 511.2 505.6 497.9 473.8 457.3 445.5 437.3 428.9 417 405 395.9 385.7 376.7 367.8 362.5 357.6 358 360.4 367.6 373.8 385.3 395.6 409.1 417.1 425.2 438.8 443.6 451.2 453.1 453.5 456.7 464.7 469.5 470.7 478.3 484.2 488.1 493.5 498.6 503.4 509.8 516.6 523 528.4 522.2 516.9 507
709.3 703.5 689.6 671.8 651.1 642.2 637.1 625.4 621.3 618.2 613.4 607.7 603.6 606 601.2 589.1 569.4 563.3 556 537.5 532 521.7 521.2 526.2 531.9 531.1 535.8 535.9 527.8 526.9 519.9 511.1 507.1 495.4 473.8 455.5 447.2 437.9 424 414.1 403.2 389.6 380.9 368.3 365.2 363.2 359.3 359.4 361.9 369.5 378.9 388.4 401.5 412.5 421.3 431.9 448.5 451.5 454.2 453.5 454.9 461.7 470.3 472.7 480 488 494.1 498.3 506.6 508.5 515.9 524 530.5 540.1 535.9 544.1 522.9 510.7
723.5 712.1 697.4 678.7 650.3 642.3 630.7 624.3 619.9 616.4 612.5 608.9 604.1 608.1 602.9 589.9 572.3 572.5 557.1 539.2 532.2 527 529 537.6 542.5 533.5 540 538.7 531.2 528.9 520.3 512.2 510.1 491.9 471.4 452.9 448.3 435.5 428.3 413 403 390.6 375.1 368 365.3 360.5 359.3 360.4 366.4 374.2 383 393.5 406.9 416.1 423.9 441.4 449.6 454 453.5 455 459.8 467.6 474 483 490.7 500 504.8 512.7 515.9 522.2 530.2 536.6 547.7 551.9 552.3 547.6 520.6 510.3
737 719.9 699.4 676.9 649.1 635.8 631.7 625.9 622.6 619.6 612.7 602.1 603 601.2 597.1 587.1 577.5 572.5 550.1 540.3 531.1 533.5 536.5 537.8 543.7 540.3 545.5 540.1 540.7 533.4 520.8 511.2 507.4 487.8 465.1 454.4 448.7 440.2 420.8 410.7 397.4 386.9 377.6 365.1 360.9 359.4 362.7 362.8 366.9 376.5 386 399.6 409.3 417.1 431.3 444.1 447.9 453.3 456.1 459.2 466.4 472.7 482.1 495.1 501.9 510.3 519 524.8 525.3 536.5 543.2 553.3 559.8 558.6 558.1 541.3 524.7 506
745.3 723 692.6 670.8 652 634.3 632.1 628.3 626.2 621.5 610.7 603.6 599.8 594 594.5 581.9 577.1 560.8 545.5 537.5 538 539.2 540.7 538.4 542.7 545.6 543.9 544.2 545.4 535.8 521.7 509.9 501 478.5 462.4 456.7 444.6 427.3 417.8 402 390.6 384.4 369.8 364.3 360.4 359.9 363.3 366.5 372.6 379.4 392.7 405.3 412 420 444.3 443.8 450.4 455.3 459.4 464.1 470.4 481.5 492.6 502.1 511.8 519.4 530.2 534.7 537.9 548.2 559.6 566.7 564.9 571.4 560.3 543 523.4 498.1
745.6 712.5 686.2 663.1 645.5 638.5 632.7 633.3 630.4 624.4 608.1 605.3 593.5 584.9 586.1 572.7 568.8 552.7 541.5 541 539.3 542.4 543 542.7 543.9 552.1 545.5 548.2 547.3 539.3 520.4 505.9 497.3 472.9 464.1 462.4 437.5 419.2 407.2 398.6 388.7 375.5 365.5 362.8 360.9 360.3 361.9 367.3 375.1 383.2 400.5 405.8 412.7 429.8 440.8 447.9 453.7 459.5 464.1 472.1 480 491.1 504.3 514.1 523.1 528.3 539.2 544.1 551.6 557 567.7 570.5 576.2 572 556.3 542.3 515.2 494.1
743.8 709.5 679.4 659.4 647.8 640.1 632.8 623.9 623.9 619.7 608.8 599.2 587.4 578.5 571.2 568.2 557.4 551.2 542.6 543.3 545.8 546 548.7 543.8 550.7 549 549.5 553.1 549.7 538.9 519 501.7 488.2 471.8 463.2 453.9 429.6 415.2 404.5 393.6 381.9 368.1 364.1 362.1 360.8 362.9 362.8 368.1 376 392.6 403 407.6 418.9 433.6 440.4 447.9 451.3 459.1 470.8 482.6 490.7 504 515.2 523.8 531.1 538.2 548 555.9 563.2 570.3 572.8 579.7 579.5 562.8 550.8 529.1 504.2 484.2
741.1 709.8 678.6 659.3 648.6 641.6 638.1 631.1 610 609.4 606 593.6 586 578.8 572.4 564.5 560.1 550 543.9 548.2 550.7 552.7 548.9 548 554.7 552.1 552.1 556.7 547.9 537 515.9 499.8 483.4 472.8 465 443.5 425 413 402.7 386.7 382 372.9 367.7 363.3 362.3 362.6 363.1 368.7 377.7 391.1 399 407 422.9 431.7 441.1 445.7 451.1 460.5 477.2 490.8 502.3 514.9 525.7 533.6 541.1 549.1 556.7 566.2 567.7 575.7 578.9 579.3 574.5 558.2 539 513.8 494.6 476.2
753.3 726.7 697.4 669.7 656.8 638 633.6 623.3 607.7 600.9 600.4 588.6 585.7 577.7 573.8 566 555.5 549.3 550.9 553.3 552.2 547.2 549.3 552.5 553.8 553.3 552.8 556.1 544.5 532.1 513.1 495.1 483.8 469.9 459.1 437.7 424 413.9 401.7 384.6 377.3 374.2 369.7 364.9 363.6 363.3 363.3 368.2 379.1 386.2 394.8 408.2 420.7 428.9 436.4 443.2 456.3 472.9 489.6 500.3 514.7 525.8 536.5 544.7 553.1 561.9 564.4 571.5 575.1 583.9 581.1 580.6 568.1 549.8 529.7 504.8 485.2 466.9
762.9 732.9 708.3 687.2 668.2 637.6 630.1 621.9 601.7 592.7 595.1 584 580.7 572.2 570.2 562.3 554.4 554.8 557.9 554.9 554.2 548.1 549.8 551 555.6 557.4 553.5 547.8 540.9 530.7 508.8 493.3 482.7 466.1 449 431.4 424.9 412.7 399.6 386.3 378.7 377.3 373.7 368.3 367.4 365 363.8 366.3 376.2 383.9 394.3 406.9 419 422.9 433.7 443.3 464.3 481.6 496.1 511.2 526.3 537.2 546.6 553.4 562.8 566.4 572.4 578.7 586.7 586.1 584.4 579.3 564.1 541.4 518.5 495.1 475.6 460.8
754.6 740.8 721.8 692.2 659.4 631.1 623.5 618.2 600 587.7 583.8 582.3 573.9 571.3 564.8 563.6 559.9 560.6 566.4 554.5 550.7 552.7 557.1 556.8 555.9 556.5 555.3 546.6 537.8 523.4 508.1 494.8 479.6 460.9 446.1 437.2 423.4 411.3 395.6 385.5 381.6 377.3 373.5 371.1 366 365.3 365.1 368.2 373.8 382 394.4 397.7 414.7 422.6 433.1 454.7 474.3 488.3 503.9 522.5 536.7 547.7 558.1 564.1 570.4 579.9 582 581.3 593.8 592.3 594.7 584.1 564 539.5 511.4 487.7 469.7 452.9
759.4 747.8 724.4 686.9 653.3 626.1 618.8 611.7 602.1 591.8 579.8 578.9 572.5 567.8 571.3 564.1 564.2 562.9 560.7 552.4 551.4 557.2 561 556.4 556.2 555.5 553.4 545.9 536.6 517.9 507.1 492.7 479 464.1 446.3 431.9 419.9 411.3 397.3 388.2 380.8 378.1 375.7 371.7 367.4 363.5 361.3 363.9 371.1 378.2 387.2 404.7 413.9 423 443.4 464 482.8 499.9 520 534.1 547.1 559.3 565.5 575.1 583 588.2 589.4 591.4 598.2 599.8 597.5 579.7 556.3 537.5 506.5 479.4 462 444
764 746.7 710.8 681.5 656.5 633.3 617 611.6 595.6 588.6 578.7 573.4 571.9 572.7 569.1 567.6 567.2 566.9 559.2 552.6 554.7 559.2 557.9 560.6 553.9 555.5 551.6 545.7 533.8 517.4 505.3 494.1 485.8 458.5 445.1 427.2 421.2 406.8 398.8 391.1 385.2 379.6 376.1 371.1 367.6 361.4 359.7 366.5 368.3 372.1 387.9 403.4 413.8 428.7 451.6 471.5 491.9 510.7 529.4 544.5 556.7 568 576.9 581.2 593.8 592.3 599.5 601 608.4 602.1 593.3 571.2 548.4 525 494.2 473 450.3 434.3
762.7 733.1 705.3 680.7 657.8 645 617.6 604.8 605.1 593 579.2 572.9 574.4 570.6 571.4 568.6 565.1 564.8 563.7 553.2 557.4 559.2 556.1 556.1 553.7 555 552.3 542.7 530 514.8 504.8 496.3 470.6 456.5 437.6 427 420.2 407.7 399.7 393.2 385.6 380.4 375 371.2 365.3 357 357.9 362.7 368.1 373.6 383.2 396.3 412.9 433.3 456.1 473.7 500 521.7 538.2 555.3 568.1 574.5 584.3 585.7 596.4 600 606.5 609.5 616.1 600.3 585.3 563.1 536.3 512.8 487.7 469.4 444.3 428.5
748.5 722.6 701.9 680 661.3 640.4 614.1 613.4 602 591.3 576.6 574 574.2 574.5 570.5 569.1 565.6 562.1 556.2 550.9 554.5 559.4 563.3 556.1 551.5 545.4 549.6 537.7 525.1 511.2 503.7 489.5 466.6 451 435.5 429.2 419.5 408.5 399 394.5 386.4 379 375.9 370.8 361.8 354.6 356.9 360.6 366.8 380.5 387.9 400.3 422.6 448.8 471.5 486.3 511 529.9 548 564.1 574.3 584.6 589.1 596.6 603.4 608.9 615.3 615 615.3 601.5 577.6 554.2 528.3 505.1 478.9 458.8 438.9 422.1
729.9 707.1 688.1 676.3 655.3 631.2 617.2 604.7 594.7 585.4 578.5 575.8 575.5 575 572.1 569.7 563.2 559.9 556.1 549.2 556.9 559.9 559.8 550.3 550.4 544 544.5 532.2 521 512.3 505.1 478.6 460.2 444.5 435.1 424.2 417.8 406.1 399.2 395.1 386.4 379.9 375.6 368.9 358.2 354.5 354 357.8 367.8 379.9 393.6 407.9 434.7 454.6 475.2 499.6 521.1 540.4 556.2 572 579.3 589.4 597.1 601.3 609.5 615.8 613.8 617.4 611.6 597.3 586.2 561.8 536.1 499.5 475.5 457.1 440.3 422.2
