UK/data/nm/nm99_OST50GRID_20230518/NM99.asc
ncols 200
nrows 200
xllcorner 190000
yllcorner 790000
cellsize 50
[rows 70 to 104 of 200, columns 0 to 77 of 200]
849.6 850.8 860.9 868.8 868.2 877.6 886.6 887.7 875 882.1 873.3 857.7 844.3 828.6 791.2 768.4 757.5 755.7 745.2 732.1 718.1 705.2 689.6 688.1 678.7 672.3 671.5 671.3 673.4 670.4 678.7 678.7 680.1 680.5 673.2 676.5 650 650.2 649 652.1 663.8 675.4 684.9 691.6 691 667.7 629.4 601.3 571.8 543.3 515.6 491.7 462.7 464.4 441.9 443.5 457.5 475.9 497 522.1 547.9 581.5 610.3 635.3 662.5 689.8 713.4 734 750.1 768 765.4 754.6 730.6 707.3 672.1 653.1 631.3 610.1
811.8 806.7 822.5 826.8 812.6 829.1 853 852.1 864.5 848.2 829.8 836.2 851.2 841.9 818.1 802.2 793 775.8 759.2 743.2 727.5 714.6 712.9 709.3 704.2 703.1 703.9 709 707.5 707.4 705.1 705.1 703.3 706.9 701.1 683.4 678.6 674.4 680.7 682.5 699.5 710.1 723.3 722.1 704.4 669.6 642.9 607.6 570.1 553.6 515.9 495.3 474.8 461.9 450.1 450 469.5 491 511.7 542 568.5 597 630.1 655.1 676.5 705.4 736.7 749.1 763.5 776.6 773.1 753.9 732.3 705 676 669.3 640.1 611
771.5 765.8 779.5 768.4 773.5 790.1 801.5 821.8 824 806.5 812.4 837.7 863.1 878.3 871.7 855.5 840 812.2 793.5 775.1 753.7 734.3 740.6 742.8 740.9 740.3 744.7 746.8 742.1 744 734.2 733 732.8 723.2 715.5 710.7 705 706.4 709 715.8 725.4 741.3 752.6 746.7 712.4 681.4 664.6 621.8 575.6 549.9 520.9 497.9 497.6 472.9 452.7 462.6 480.6 501.1 526.5 557 584.3 620.8 649.6 672.5 695.1 726 756.7 771.7 783.3 790 783.6 760.2 736.6 711.1 696 663.6 644.2 626.1
735.9 729.2 731.8 729.3 739.1 764.2 768.5 776.9 777 815.2 833.9 859.6 885.5 890.5 900.1 887.8 863.9 837.9 806.4 786.7 786.5 769 774.9 778.7 778 785.1 785.9 797 799.4 789.9 773.7 759.6 758 739.5 739.7 730.2 740.9 746.6 741.9 749.1 753.7 772.9 771.2 754.5 717.6 688.7 653.8 613 578.5 547 533 516.3 512 478.9 461.1 473.2 495.6 516.8 543 573.1 606.2 640.7 666.4 693 719.8 752.3 780.2 797.4 808.7 812.1 797 764.9 747.5 741.9 726.8 696.9 679.1 651.2
697.3 694.8 690.5 697.7 711.3 723.1 731.3 764.7 800.3 831.9 854.9 882.2 894.7 900.2 897.6 901.6 870.1 852.1 828.1 814 806.3 793.8 809.5 814 813.1 828.5 846.1 840.1 835.8 832.8 806.5 789.4 776.5 767.5 764.9 763.9 776.6 773.4 771.9 774.2 786.7 793.1 774.9 732.3 709.7 686.5 671.1 644.5 603.4 570.4 540.6 528.9 508.2 494.3 473.8 482.1 507.5 534 560.2 589.5 618.8 654.3 687.4 717.7 744.9 778.3 799.2 818.3 830.4 835.1 821.7 792.7 780.3 764.8 732.8 713.2 687.1 665.8
674.3 669.8 670.3 676.5 681.4 686.2 723.3 769.2 798.3 830.6 865.2 887.1 894.8 913.5 922.2 924.2 906 881.4 854.4 847.6 853.3 863.5 850.5 856.8 867.6 873.6 875.7 874.9 877.4 863.8 831.7 813.3 808.1 802.3 796.5 795.3 799.2 802.4 802 802.9 812.2 796 771.7 750.3 728.7 701.9 686.8 655.4 622.9 584.8 570.5 540.8 519.7 502.1 480.8 494.3 509.3 541.4 569.9 603.2 633.7 667.9 704.7 735.2 770.6 799.9 823.2 841.6 852.7 857.2 852.6 826.5 799.6 775.2 750.1 728.5 704 679.2
643.8 646.5 658.3 658.9 664.8 675.7 703.7 763.6 789 830.4 862.6 895.3 918 934.5 948.3 947.8 935.1 916.9 907.9 915.9 915.6 901 891.4 897.7 910.2 928.2 918 916 905.9 890.2 869.9 839 829.9 825.1 819.1 824 834.7 833.5 835.3 837.5 823.6 804.5 786.4 763.6 745.2 722.3 696.7 663.7 631.6 617.8 572.1 550.4 528.7 506.5 492.6 514.2 529.1 556.8 585.2 612.6 643.5 684.1 719.9 752.5 785.3 817.1 842.3 863 872.3 881.6 884.8 882 855.2 800.2 770.8 742.7 721.4 690.3
625.1 629.5 633.4 647.2 654.6 663.5 676.2 716.5 769.1 829.1 871.1 898.8 914.9 931.8 958.1 980.3 994.1 985.5 958.2 993.1 966 943.6 962.5 950.4 960.7 967.3 949.5 940.7 942.8 924.8 897.4 879.1 865.4 853.1 845.9 850.3 857.2 864.4 860.2 864.4 831.4 818.4 794.4 780.6 761.4 736.4 706.4 678 650.4 622.4 594.6 566.7 556.9 515.7 506.7 524.7 547.9 573.7 599.3 631.4 658.6 697.1 733.6 766.9 799.9 830 857.8 871.9 891 907.1 914.4 911.6 895.2 863.1 822.9 763 738 708.8
606 618.6 645 641.1 646.1 658.3 666.6 685.8 741.5 813.5 862.6 881.7 879 913.7 966.3 973.5 980.7 970.4 997.4 1005.5 998.1 990.8 971.8 959.6 956.7 953 935.8 922.1 935.3 945.8 923.7 899 876.8 877.2 868.8 881.2 887.4 886.9 891.9 866.1 838.3 822.9 803.4 796.2 766.3 743.2 715 683.9 657.6 635.2 616.9 593.1 558.8 526.6 523.7 543.8 565.2 591 619.1 645.9 677.9 715.5 754.1 786.7 816.7 841.7 866.2 893.7 913.2 925.6 912.6 895.1 886.9 873.7 851.3 800.5 762.9 735.5
591.2 608.5 640.2 637.9 637.8 654.4 650.7 676.4 726.2 789.8 828.7 836.4 837.1 888.7 926.1 942.9 932.7 928.4 939.2 973 973.6 960 945 932.4 926.5 915.6 908.1 893 904 923.7 952.4 919 893.8 896.7 895.6 908.6 913.7 919.2 900.3 874.3 849.6 828.1 814.9 797.2 772.2 750.4 727.1 703.1 679.3 655 629.6 590.7 560.2 535.6 536.3 557.3 578.1 607.1 630.8 665.8 700.8 733.9 774.3 811.6 833.4 856.2 883.9 909.4 926.5 901.1 879.7 868.3 857.1 849.7 841.4 823.4 803.9 792.1
574.5 584.2 613.3 629.5 635.6 640.2 640.8 659.5 712.5 757.9 788.2 802.8 822.5 864.1 873.4 892.6 895.5 877.5 895.3 922.9 930.3 923.2 900.2 901 892.5 890 886 861.1 870 896.8 926.4 953.6 934.9 920.4 930.5 939.6 946.8 932.7 904.3 876.4 860.6 844.5 826.6 806.6 784 760.2 741.2 719.6 700.7 660.7 631.3 592.2 566.6 551.1 556.3 573 595 621.6 646.2 680 720.1 756.2 797.7 831.7 855.1 874.9 903.4 926.1 921.1 890.4 862.3 844.9 829.1 816.8 807.4 797.9 788.6 786.7
558.6 567.7 590.5 609.7 623.7 631.8 630.3 644.5 694.8 728.7 746.1 759.7 805.3 827.7 833 832.6 839.6 840.9 837.9 857.7 884 879 862.4 868.4 858.3 855.5 844.3 829.9 836.7 855.9 883.5 928.5 955.3 953.4 954.2 964.7 960.8 937.5 907 885.3 871.3 848.9 835.8 827.9 806.9 784.5 758.8 732 711.2 684.6 632.5 599.9 578.1 572.1 574.4 591.3 609 633.1 664.2 698.1 736 786.2 829.4 856.1 879.4 902.1 924.4 940.7 915.2 881.4 853.7 826.1 813.1 796.6 776.2 772.4 770 765.1
542.2 556.2 571.6 603.4 613.2 621.3 622.7 630.6 663.8 695.5 715.7 724.2 781.7 813.3 822.2 806 805.1 807.5 798.7 807.4 811.7 825.4 810.9 818.7 814.5 813.7 805.7 796.2 796.4 820.7 850.3 881.5 924.8 952.7 961.1 964.1 954.2 940.3 917.7 898.3 878.2 869.5 859 854.7 817.1 792.8 764.5 738.3 713.2 693.9 649.2 619.2 602.7 609.3 598.3 611.2 623 647.5 676.5 712.8 760.1 814.1 859.3 886.3 904.9 926 945.3 925.7 903 872.8 840.9 811.1 784.8 767.5 754.6 745.3 750.3 752.8
529.2 544 553.5 577.3 586.9 606.6 613 623 639.2 672.5 674.7 703.3 734.3 776 787.3 789.9 774.1 773.6 768.3 753.7 754.7 759.8 766.7 765.3 770 769.1 764.1 766.3 755.1 780 818.3 843 885.9 914.7 923.6 917.5 924.2 925.2 922.4 918.5 922.3 907.9 898.8 865.9 839 811.1 778.4 747.8 724 701.6 681 652.3 647.3 649.2 633.1 630.7 640.3 671 695.7 740.1 788 837.6 878 906.6 930 944.3 941.3 909.4 885.4 857.3 821.9 796.3 766.5 742.2 732.3 729.6 732.2 735.9
508.4 522.7 533.4 549 574.8 590 608.7 614.4 626.8 641.3 659.6 679.2 701 715.5 753.5 751.7 749.7 736.1 728.3 721.7 728.1 719.2 716.6 713.4 719.4 718.3 721.6 728.1 719.4 744.9 779.2 810.1 847.4 857.2 874.2 884 879.5 888.8 883.6 889 899.9 901 896.2 888.7 859.5 830.3 787.5 758.5 737.7 719.4 702 682.1 681.3 673.4 655.3 653.5 672.5 690.3 717.3 773.8 798.1 829.3 863 885 901.6 920.7 926.6 896.2 869.9 842.5 814.9 790.1 761.2 736.4 731.6 728.4 726.2 725.4
495.8 506.5 517.1 537.5 553.7 576.6 591 605.1 620.8 623.2 637.3 665 682.9 696.7 731.2 731.6 722.4 711.6 702.9 690.2 685.7 688.2 682.6 678.3 680.4 690.9 688.9 692.5 686.7 690.5 721.6 755.8 781 805.2 832.8 842.4 840.9 838.6 840.1 846.4 847.2 854.4 864.2 870.3 869.2 849.8 816.2 782.5 756.8 737.2 722.5 715.6 707 696.9 684.9 685.5 695.4 715 755.6 763.4 780.7 800.6 826.4 855.1 881.7 898.9 929.4 894.1 864.1 840.3 812 784.8 759.7 740.1 732.8 724.2 721.5 713.6
490.5 498.2 508.7 521.3 540.9 572.1 595.2 599.3 622.4 616 619.2 631.7 644.5 678.3 687.3 679.1 665.1 657.3 651.3 644.7 638.8 646.6 654.2 665.1 655.7 668.9 664.6 658 651.9 655.3 680.6 717.1 724.1 760.8 778 791.6 793.1 794.8 799.5 798.3 804 817 819.7 828.4 838.5 845.7 840.7 814.9 785.2 769.7 774.2 749.8 743.5 736.1 723.8 715.6 729.8 741.2 742.8 749.2 757.9 776 799 827.8 853.5 880.4 916.1 900.3 869.1 852.6 814.3 784.8 763 744.7 728.8 720.7 708.7 704.6
483.4 488.7 501.4 519.1 533.3 553.9 577.9 606.2 618.2 616.4 604 612.7 615.2 612.1 617.2 628.9 622 620.9 615.2 610.4 603.3 608.8 616.5 610.7 612.7 629.3 638.6 639 633.2 613.1 627.4 647.8 699.7 712.2 719.5 733.6 750.1 757.5 755.4 753 766 767.1 781.7 782.4 789.5 810.9 816.2 813.1 806 820.1 825.2 797 788.9 770.8 753.5 734.2 733.1 730.3 728.7 734.7 744 758.7 777.4 808.8 830.8 864.2 901.3 908.1 870.4 843.4 813.8 789.9 764.8 747.2 732 717 704.6 692.4
474.5 485 503.5 523.6 538 556.5 588.1 605.5 609.3 608 596.5 584.6 587.6 592.9 594.1 587.5 582.7 577.8 577.9 583.6 584.1 582 589.4 589 581.3 582.5 575.2 578.6 588.8 578.5 584.3 624.2 642.7 665.3 675.2 689.1 691.6 714.4 712.5 712.3 727.5 737.3 739.7 740.5 752.8 769.8 785 786.4 790.1 807.5 813 806.8 809.8 787.8 753.3 730 724.6 719.9 723.7 723.3 733.6 744.9 764.7 783.8 816.7 853.3 887.9 914 878.5 846 824.4 801.1 775.2 755.2 737.4 718 700.5 687.2
471.7 487.7 504 525.3 561 567.7 594.1 596.8 600.1 603.5 587.6 567.8 544.9 540.1 546.1 555.2 563.3 550.5 541.6 550.9 555.1 553.8 554.4 545.7 548.3 545.2 538.3 540.6 542 552.9 558.5 572.9 600 616.8 631.5 638.6 656.9 660 676.8 676.3 696.9 705.6 714.3 717.5 727.8 744.5 755.3 760.2 779.8 795.9 800.4 795.2 792.7 778.3 748.9 730.3 718.4 717.9 717.5 715.2 723.8 732.2 747.2 773.1 802 836.2 875.4 920.4 909.1 865.7 836.5 803.6 771.7 755.8 730.1 713.1 694.2 679.4
476 489.8 510.1 542.7 557.9 567.4 588.5 589.8 582.8 585.9 574.5 557.4 536.2 517.1 510.7 515.3 519.9 509.9 508.8 537.8 545.8 551.5 548.6 518.7 514.1 512.9 509.6 514.8 509.6 516.5 525.3 537.2 549.2 571.5 579.3 609 608.2 623.8 628.3 648 659.6 675.4 674 689.6 699.7 714.9 720.8 741.4 759.2 768.3 774.8 787.1 788.3 772.3 749.9 729 723 713.8 710 701.9 708.9 718.7 737.5 763.8 788.2 814.8 863.9 908.4 901.4 858.4 823.3 793.4 767.2 741.3 716.8 697.5 682.9 667.6
483.2 492.7 515.3 549.9 579.3 573.8 589.8 590 585 575 560 537.5 519.6 498 485.8 490.8 497.7 481 483.7 491.8 511.8 497.5 513.1 526.3 510.1 491 481.5 480.4 482.8 481.4 488.1 506.3 512.2 525.4 535 549.8 575.1 580.8 591 613.6 628.2 646.2 652.7 656.6 669.7 678.6 686.6 707.3 727.1 737.7 750.9 766.1 767.9 767.9 748.3 724.4 717.1 705.8 690.2 687.5 694.2 705.3 718.8 747.5 771.5 804.1 855.5 887.8 877 840.2 805.7 769.3 745.4 721.2 703.7 686.3 674.3 658.2
488.6 504.3 524.2 555.5 588.3 583 580.4 584.4 582.4 570.4 552.3 533.3 512.5 490.6 477.2 465 460.7 451.7 449.7 449.2 469.6 465.3 472.1 472.6 466.1 460.4 462.1 462.9 466.5 459.9 457.3 474.3 481.7 489.9 502.3 515 524.4 545.9 545.1 567.3 590 604.2 624 606.7 633.6 645.4 663.7 681.4 702.3 720.4 743.1 752.2 755.8 756.4 737.4 711.1 701.2 695.6 681.8 677 680.8 690.4 701.5 730.8 755.4 792.2 843.5 865.2 844.8 809.3 777 750.6 723.6 704 691 675.5 662.6 647.9
494.1 514.1 541.2 550.6 582.8 581.3 569 566.4 570.4 561.9 542.8 529.8 505.9 491.9 469.9 456.2 446.9 438.7 428.8 421.5 423.5 424.9 425.6 429.1 424.7 424.2 435.5 438.1 437.5 439.7 438.1 440.1 451.2 456.8 470.6 479.4 488.9 493.3 512.7 521.6 543.6 560.1 568.6 576 597.5 621.7 643.7 670.2 685.2 692.2 713.3 734.4 734.3 722.6 712.7 694.7 688.6 672.5 663.1 660.6 664.4 676.3 697.4 722.5 752 790.6 828.6 844.5 824.5 790.8 759.3 733.8 706.8 684.9 669.2 658.5 645.6 634.5
512.8 532.8 543.3 549.9 568.8 578.4 562.8 551.6 543.5 534.5 522.2 508.8 500.5 482.4 467.8 449.3 437.4 427.9 422 408 397.9 393 387.8 394.4 395.6 402.9 405.9 412.7 411.8 418.3 422.2 436 435.1 434.8 436.6 445 456.5 466.5 480.3 488.4 505.5 521.5 529.9 541.7 575.2 603 625.7 639.9 642.7 661 692.1 707 709.2 700.5 683.9 668.4 665 657.4 647.6 642.2 654.6 666.5 690.4 719.2 749.6 784.3 823.6 828.1 812.8 781.3 747.6 715.8 691.9 673.8 655 642 635.3 624.4
526.1 549.1 558.3 563 563.2 563.6 561.6 546.6 538.8 517 490.9 481.3 465.8 445.1 435.6 432.6 414.3 403.3 408 402.1 392.2 386.7 383.5 370.7 374 378.4 380.5 388.4 392.2 391.8 409 414.1 420.7 418.7 416.6 413.8 425.6 439.7 450.3 461.7 470.3 482.5 485.1 519.6 546.7 564.8 604 607.2 615.3 637.6 661.1 673.5 679.9 671.1 648.6 645.9 645.6 643 636.2 630.5 642.6 655.2 679 715.9 740.8 780.6 819 820.9 804.4 773.2 735.8 708.7 684.9 663.4 643.4 632.1 617.7 613.2
546.5 562.2 567.2 569 552.4 535.8 536.3 538.4 531.5 512.9 494.3 476.3 452 428.1 414 397.8 389.5 386.1 401.1 396.5 376.3 366.6 364.4 359.3 350.2 358.4 358.4 364.2 383.8 373.1 380.8 390.3 391.2 389.4 404.5 403.3 404 407.3 416.2 430.4 441.3 449.6 460.7 488.8 517 536 562.2 576.1 594.2 613.6 619.5 627.5 631.7 635.4 623.7 620.1 616.7 614.1 616.6 611.7 627.1 641.5 669.2 706.4 734.1 769.6 801.8 807 795 762.8 727.5 699.6 681.6 652.2 634.9 616.8 605 600.6
554.5 562.2 554.4 544.7 522.2 502.7 497.3 496.1 494.3 489.7 486.4 457.7 448.6 431.4 411.4 389.7 372.7 380 382.7 372.6 364 346.1 344.4 349.8 345.4 339.6 348.7 341.3 349 358.7 368.8 366.9 364.1 370.1 382.7 391.2 386.9 387.4 384.4 389.3 411.7 419.7 438.2 463.9 486.7 497.8 524.4 553.9 573.3 596 599.6 597 601.2 601.4 598.8 597.3 596.9 593.2 590.1 595 606.7 635.3 659.6 687.9 719.3 748 777 791.9 776.3 751.2 713.3 687.4 663.6 642.7 623 604.5 593.3 576.7
553.5 551.6 537.7 521.8 504.6 485.8 466.6 450.8 436.9 435.8 457.2 443.9 436.4 410.2 390 379.1 361.5 359.3 371.4 366 349.1 331.2 326.8 338.1 329.8 326 330.6 333.5 333.9 344.2 349.8 342.4 337.7 340.3 354.4 363.5 367.7 386 374.7 379.3 387.7 398.3 410.6 429.5 451.3 478.4 507.4 535.9 549.3 566.8 573.1 579.2 578.2 579 569 571.4 576.2 572.4 568.1 577.4 587.9 616.5 646.4 667 698 723.4 747.3 767.2 753.1 721.6 697.9 671.1 650.4 629.3 611.6 594.4 579.1 565.9
537.7 527.2 519.7 497.6 470.3 457.7 448.9 434.2 403.6 388.2 404.5 394 378 378 362.7 354.6 355.8 358 343.5 336.2 321.9 321.4 321.9 322.9 316.9 318.6 315.3 316.1 322.9 331.6 331.5 328.3 324.9 319.8 338.3 346.4 360 363.6 357.9 373.3 371 381.9 397.7 410.1 422.6 454.9 485.9 499.3 523.5 534.9 544 547.8 556.9 550.4 547.4 547.7 553.9 548.9 542.9 555 575.2 597.9 627.7 644.9 672.7 708.6 721.2 736.6 721.9 706.4 678.4 655.8 633.1 609.5 592.7 578.8 567.9 551.1
515.3 490.8 481.2 458.9 438.2 414.7 400.2 383.9 369.3 359.2 362.1 376.4 364.2 351.8 366.5 348.8 344.3 348.3 327.7 312.7 308 308.8 310.7 324.5 315 308.8 308.3 306.9 312.9 325.9 325.2 309.6 303.7 306.2 315.1 328.4 339.3 344.1 339.6 344.8 350.3 366 384.1 392.6 406.2 427.4 458.7 471.5 492.4 503.1 522.2 524.7 528.4 526.5 526.5 528.2 528.6 531.1 530.2 538.7 560.7 583.7 610.5 625.1 651.8 678.5 701.1 708.7 698 682.6 661.8 639.5 616.1 594.3 578.1 563.4 551.1 540.4
486.4 473.5 447.2 420.4 413 399.9 377.3 354 353.7 340 335.7 330.3 319.1 323.5 326.4 325.2 316.3 311.7 309.1 307.7 306.4 306.5 309.9 311.5 317.9 311.3 306.2 300.7 305.2 309.9 312.9 289.8 292.6 296 299.1 310.6 320.3 326.4 330.1 324.7 336.5 338 358.1 364.2 400 409.5 426.7 441.5 460.5 483.8 492.9 498.4 497.6 500.1 501.3 504.1 511.9 519.1 516.4 530.1 543.2 569.3 590.9 604.6 627.8 648.5 676.2 682.5 668.1 655.6 636.8 618.9 593.5 576.5 564.2 550.6 537.6 525
444.9 430 409.1 402.4 389.6 355.6 334.8 324.5 314.2 316.1 329.3 309.4 299.1 308.1 312.1 307.9 304.5 304.8 302.5 302.9 304.4 320.9 323.2 312.2 308.2 310.6 312.2 308.3 295.2 291.3 288.5 286.4 285.2 289.5 290 298.5 309 311.4 318.1 311.9 312.5 318.6 328.1 347 372.6 395.5 416.5 416.9 434.7 451.4 458.9 468.7 470.8 471 484 493 504.1 506.2 500.4 515.4 534.1 557.3 575.5 589.7 606.4 627.5 643.8 648.4 641.9 626.2 611.6 601.1 574.9 560.4 548.8 533 521.1 509.4
414.9 390.5 377 366.3 350.4 339.7 322.1 299.9 293 293.3 295.2 291.4 288.9 295.4 295.9 299.1 302 312.9 311.2 303.9 316.9 328.3 326.9 324.6 314.5 312.7 307.2 303.3 319.7 308.6 292 285.3 284 282.4 281.9 287.9 300.1 300.4 298.3 297.8 293.8 297.6 305 319 338.6 361.8 381.3 389.3 407.9 414.7 426.7 432.1 447.9 450.3 463.1 466.4 485.3 484.2 487.1 494.2 518.3 541.9 555.8 570 584.2 595.5 611.8 614.2 606.3 597.9 582.6 568.5 550.2 542.1 534.2 515.7 498.6 489.6
394.9 375.6 352.9 333 324.3 310.9 294 283.2 281 285.6 279.7 276.2 279.9 286.3 297.7 312.4 323 341.1 348 326.1 340.5 340.8 341 344 335.5 315.4 311.8 320.5 343.1 319.8 303 288.7 284.1 281.7 278 280.9 288.2 287.3 287.5 288.2 285.1 285.5 290.2 296.5 314.2 340.7 354.1 368.7 383 388.6 399.9 403 407.9 418.6 432.2 441.7 458 461.7 464.2 478.7 499.6 521.6 540.7 549.3 559.4 572.3 584.4 583.6 575.1 565.5 554.6 543 526.4 523 517.1 500.4 479.7 480.8
