UK/data/nn/nn80_OST50GRID_20230518/NN80.asc
ncols 200
nrows 200
xllcorner 280000
yllcorner 700000
cellsize 50
[rows 35 to 69 of 200, columns 78 to 155 of 200]
102.5 102.9 102.8 102.7 102.5 102.3 102.1 102.2 102.2 102.4 102.8 103.4 103.7 103.3 103 103.2 101.5 101.5 103.3 107.7 107.8 105.9 107.2 111.4 115.1 113.2 113.9 120.8 115.6 120.6 122.2 123.4 124.9 126.9 128.5 128.1 129 131.5 131.5 131.2 132.3 131.8 130.8 130.8 132.4 134 134.3 134.4 135.1 136.3 136.5 136 141.8 142.5 143.2 145.5 146.3 147.2 146.9 149.6 151.2 150.8 150.2 151.2 150 151.3 152.1 151.6 152.9 153.7 152.2 152.5 151.9 144.5 149.2 152.2 153 154.7
101.7 103 102.5 102.4 102.3 102.1 101.9 101.9 102 102 102.6 103.3 103.3 100.2 101.6 101.6 101.6 101.9 109.9 109.9 108.2 113.5 113.1 115.7 119.4 116.2 118.6 122.2 122.3 122 125.2 126.5 128.3 131.2 132.8 132.7 133.5 133.6 134.1 133.4 133.6 132.4 135.3 135.5 137.2 137.6 137.7 138.2 138.5 139 140.1 138.7 141.8 146.5 146.6 148.4 149 150.3 151.8 152.7 153.8 153.6 152 151.8 151.8 153.5 154.2 153.3 155.8 155.2 153.6 152.7 147.2 151.5 154.1 156.4 156.5 157.8
102.5 102.5 102.1 102.1 102 101.9 101.7 101.7 101.8 101.9 102.1 100.2 103.3 101.6 101.7 101.8 104 110.6 116.3 109.6 114.6 119.2 119.1 120.2 119.9 119 122.3 124.7 121.3 126.6 128.1 133 131.4 132.6 132.8 133.7 134.6 136.1 137.9 136.8 135.9 135.8 139.4 140.2 141.6 141.4 141.2 142 142.9 142.6 142.5 142.3 144.4 147.3 150.9 152.4 152 151.9 153.2 155.8 156.3 156 154.2 154 155.2 155.5 155.8 155.9 158.1 156.9 154.6 148.6 150.8 154.9 156.6 159.2 159.3 159.6
101.9 101.9 101.8 101.7 101.7 101.6 101.5 101.6 101.8 100.9 103.8 101.5 101.6 101.7 102.4 104.9 113.9 119.2 115.2 115.5 116.8 122.8 125.2 122.1 122.9 124.6 125.2 129.6 129.5 132.3 132.4 132.6 133.9 134.2 134.6 135.8 137 138.3 140.1 141.2 140 139.3 143 145 145.3 145.1 144.9 145.5 146.9 146.2 145.7 145.4 147.4 151.2 155 156.4 156.1 155.2 156.4 158.4 159 157.1 156.2 157.3 158 157.8 158.6 159.2 160.1 159.6 155.1 153.5 158.7 158.4 160 161.6 163 164.1
101.7 101.7 101.7 100.7 101.4 101.6 101.8 100.8 102.7 101.5 101.6 101.8 101.9 101.8 104.7 109.8 119.7 119 116.1 118 120.6 121.4 124 124 125.9 127.3 129.7 133.4 134.1 133.7 135.8 136.3 135.2 134.7 135.2 137.1 139.1 141.9 143.1 144 144.1 144 146.7 147.2 147.9 148.4 148.3 149.3 150.8 150.8 149.7 150.6 151.6 154.4 158.5 160.5 160.5 159.4 160.8 160.9 161.7 159.3 160.5 161.1 161.1 161.1 162.3 162.4 162.2 159 153.8 160 161.1 163.1 164.7 166.5 168.2 168.8
101.5 101.8 101.7 99.6 99.6 103.3 101.7 101.5 102.4 102.5 102.3 103.1 104.1 104.5 111.7 114.2 117 118.6 120.2 121.8 125.2 125.6 126 127.3 129.5 130.6 132.9 135.3 129.6 134.5 136.2 137.8 137.8 139 139.4 140.7 142 144.8 147.1 147.4 147.4 148 150.7 150.9 151.5 152 152.5 153.6 155 154.9 155.2 156.2 157.2 157.3 162.9 164.5 164.4 164 164.5 163.2 164.7 163.4 164.2 164.3 164.3 164.5 165 165.1 161.1 154 161.3 162.3 165.1 169.1 170.1 171.5 171.7 172
99.9 100.3 102.1 103 101.1 101.6 101.8 103.1 104.2 105.1 105.5 106.6 108.5 112.2 116 118.4 119.8 122.6 124.2 126 128.6 128 128.8 130 131.8 133.2 136.2 136.4 135.2 135.5 138.8 139.9 141 143.4 143.5 144.4 145.6 146.3 148.7 147.9 150.2 152.6 155.3 155.8 156.3 157 157.5 158.2 159.9 160.1 160.6 161.8 162.3 163.6 164.9 168.2 168.5 168.6 167.5 167.1 166.3 167.3 167.4 167.2 167.3 167.2 165.2 160.7 160.5 162.1 164.1 167 170.6 173.4 174.4 174.6 175.1 175.4
103.3 101.2 102.2 102.8 104.2 104.2 104.7 107.3 108.2 108.4 109.2 112.4 117.3 114.5 119.1 122.5 122.3 125.9 127 129.8 131.7 133.2 132.7 133.2 135.9 136.6 139.2 140.9 140.5 136.6 139.7 142.4 145.1 148.4 147.6 148 149.1 149.8 150.5 154 154 153.1 158.7 159.5 159.9 160.6 161.7 162.8 164.7 164.7 165.7 167.1 166.7 168 168.4 170.8 170.8 171.8 171.9 170.8 169.4 170.6 170.3 170 168.8 167.4 159.7 163.7 164.1 166.2 169.9 173.3 176.4 177.4 177.5 178.5 177.5 177.3
102.9 107.5 107.8 105.5 108.1 112.4 110.9 114.4 114.5 113.8 118.2 118.5 121 122.6 122.8 124.8 125.4 129.6 129.9 131.3 133.7 135.1 134.7 136.3 137.8 139 141.9 142.3 141.1 142.1 143.7 145.8 148.5 150.9 151.3 153.4 153.5 155.2 156.6 157 158.5 158.6 160.6 162.3 163.5 164.2 165.7 167.2 168.8 169.7 172.2 172.7 172.5 172.5 172.7 173.5 174.1 175.3 175.2 173.8 174 173.7 172.3 170.7 166.4 160.9 165.3 167.8 171 173.9 177.1 180.2 182 183 183 182.6 181.5 180.3
105.4 109.8 113.9 107.7 116.2 121.2 119.5 121.7 120.5 119 120.2 121.8 124.5 125.3 125.2 128 129.5 132.3 131.8 134.1 134.6 136.5 137.8 137.5 138.5 140 142.2 144 142.5 144.2 147.6 150.2 152 153.2 155.1 156 158.3 160.1 160.8 161.3 163.9 163.2 164 165.4 167.1 168.6 170.4 172.4 174.3 176.1 176.6 177.1 177.5 178.6 178 176.4 177.1 177.6 177 176.2 175.3 174.4 171.6 166.7 161 167.8 171.2 174.7 179 181.2 183.5 183.8 185.5 186.5 186.2 185.4 184.9 184
109.2 109.5 114.8 111.5 113.7 119.2 123.4 122 121.4 121.6 121.6 125 126.8 127 127.3 130.6 133.2 135.6 135.7 137.2 138.4 138.3 138.9 139.1 140.1 142.5 144.4 146.1 145.1 146.5 151.2 153.3 155.7 156.5 158.4 158.3 160.6 163.1 163.1 165.5 167.2 168.3 168.5 170.2 171.6 173 174.8 176.6 178.5 180.9 180.9 181.3 182 183.2 183.5 180.8 179.8 178.5 177.5 177.1 176 173.7 167.5 163.6 169.4 174 179 182.5 185.4 187.6 189.3 189.3 189 189.9 189.1 188.3 187.7 187
115.2 114.5 117.6 117 115.6 120 120.2 121.8 123.3 124.9 124.7 127.4 130 130.2 132.5 132.1 133.9 137.1 138.6 138.9 139.3 141.2 141.9 140.8 142.4 145.2 145.9 147.9 147.8 150.2 154.8 156.5 158.8 159.7 161.6 161.1 163.9 166.6 167 169.5 171.8 173.5 173.3 174.8 176 177.5 179.2 181 182.7 185.5 185.4 185.6 186.5 186.4 185.3 185.3 181.9 180.7 179.5 178.3 176.6 169.9 166.4 171.1 176.6 182.7 185.9 188.7 190.7 192.2 193.1 193.1 193.4 193.4 192.2 191 189.8 188.6
116.9 122.7 122.8 121.6 119.2 121.9 122.6 125.4 125.9 128.1 129.5 130.1 132.5 134.2 135.2 136.3 138.6 138.9 139 140.6 141.3 143.4 144.1 142.6 145.9 147.2 147.2 150.4 148.8 152.7 156.3 161.5 163.4 162.8 163.5 164.4 167.3 170.1 172.4 174.7 176.3 177.7 177.7 179.2 180.5 181.9 183.7 185.4 187.1 190 190.7 189.9 189.2 188.4 188.7 186.1 184.8 183.6 182 179.5 175.8 167.2 172.6 177.3 183.5 188.5 191.6 194.2 195.3 196 196.8 197.1 196.5 195.2 193.5 192.3 191.1 189.7
119.8 124 124.4 125.1 123.2 122.7 125 129.4 128.5 130.3 131.8 132.6 133.8 135.2 137.6 138.1 139.3 139.6 141.7 142.7 145.2 146.5 145.2 145.9 149.9 149.3 151.9 152.7 151.2 158.3 157.2 164.5 165.6 166.5 169.5 171.7 173.2 174.8 176.8 178.5 180.5 181.8 181.6 183 184.9 186.4 187.9 189.3 191.7 193.3 193.7 193.7 193 192 190.3 188.3 186.6 184.8 182.6 179.9 172.7 172.8 179.1 184.1 189.1 193.9 195.6 197.3 198.7 198.3 199.9 199.5 198.3 197.1 195.3 193.5 192.2 190.3
123.2 123.2 125.1 125.9 124.9 125.7 128 131.2 132.2 132.6 134.1 135.5 136.4 137.8 137.9 138 140.2 141.7 142.8 146.2 148.9 146.5 149.9 149.3 152.6 154.7 156.3 156.6 159.9 163.9 163.7 163.2 170 172.2 175.1 176.1 177 179.8 181.6 182.1 184.3 185.3 185 186.4 188.3 189.3 190.8 192.2 193.8 195.2 196.2 196.5 195.1 193.1 190.8 187.9 186.2 184.8 181.7 177.3 170.9 178.9 184.4 189.6 194.5 197.8 201.3 201.1 201.9 202.2 201.8 200.6 200.4 198.7 196.9 194.8 192.7 190.8
126.8 125.5 126.3 126.9 128.4 129.3 130.8 133.5 133.7 135.8 137.3 137.8 138.1 138.8 141.2 142.4 145.2 145.8 147.1 151 151.3 151.1 152.6 152.7 155.7 159.5 159.6 160.3 166.5 167.7 169.5 169.6 173.2 177.4 179.3 180.9 181.9 184.3 185.5 185.7 187.5 188.7 188.2 189.8 191.3 191.8 192.9 194.4 196.2 197.6 197.7 197.6 196 193.9 190 187.4 181.2 177.8 173.9 173.1 183.3 186.4 190.2 195.9 198.8 201.6 204.6 205.5 205.1 204.1 202.9 201.4 199.7 198.7 197.9 195.2 193 191.2
127.2 128.5 128.1 127.4 132.2 132.7 133.9 134.9 135.5 137.6 138.6 138.4 139.7 142 145 146.1 149.5 146.8 152.1 151.4 155.1 155 156.4 158.2 161.1 162.1 160.6 166.2 169.1 171.8 172.4 171.6 179.4 181.4 183.1 184.9 186.6 187.9 189 189.4 190 192.2 191.4 193.2 193.8 194.4 195.1 196.6 198.4 199.1 198.6 197.7 196.7 193.5 187.9 178.2 184.3 182.1 180.5 183.2 188.3 191.4 195.8 201.2 203.1 205.9 207.9 208.1 207 205.5 203.9 203 201.7 199.5 198 195.4 193 190.6
129.4 130.4 129.2 130.5 133.6 134.2 135.3 136.2 138.4 139.4 141.2 141.6 140.2 146.9 146.7 151 151 151.7 153.2 155.9 157.1 158.5 161.1 164.7 164.6 166.1 165 171 173.7 175.6 175.3 178.3 183.8 184.4 185.3 188 189.9 191.3 192.4 192.8 192.8 195.5 194.7 195.8 196.3 196.9 197.6 198.8 200.5 200.2 200 197.5 196.1 190.4 178.9 184.9 184 184.6 187.4 189.5 194 196.4 200.7 206.1 207.5 209.6 211.9 209.9 208.4 206.8 205.2 203.6 202.3 200 197.1 194.1 191.6 189.5
131.1 131.2 130.7 133.4 135.2 135.9 136.7 139 139.3 140.1 142 145.6 144.4 148.3 152.1 153.5 152.6 156.4 155.4 159.7 160.3 163.2 166.7 166.9 170.5 168.7 171.3 174.4 177.2 179.2 179.9 180.2 185.6 188.7 189.3 191.5 193.2 194.8 195.3 196.5 197.5 198 198.4 198.3 198.9 199.4 200.1 200.7 201.6 201.3 200.4 196.6 194.3 189.5 180.1 185.5 190.6 190.7 193.5 195 201.1 201.4 204.2 208.8 209.6 211.4 212.5 211.2 209.7 208.1 206.2 204.1 201.1 197.7 195.4 192.3 189.9 186.7
133 132.4 133.3 134.5 136.2 137 138.3 139.7 140.5 142.8 146.7 146.5 147.7 151.9 153.4 155.3 156.8 159 161.8 164.2 165.9 169.4 169.2 172.4 171.3 173.2 174.2 177.5 181 184.5 184.6 183.9 190.3 192.8 193.7 194.9 196.5 198.2 199.5 200.8 200.1 200.6 202 200.5 200.7 202 202.4 202.1 202 200.9 199.2 196.6 193.2 188.5 181.3 189.8 193.2 194.5 197.5 199.4 206.5 207.9 209.2 210.9 212 212.4 213.1 211.8 210.3 208.2 206.1 203.6 197.3 188.9 182.8 180.1 179.4 175.5
134.1 132.9 135 136.6 137.1 139.8 139.4 140.6 144.2 145.5 149.3 149.4 154.1 155.3 158 159.9 162.7 162.5 166.2 167.6 168.9 171.2 173.6 175 177.3 179.4 179.2 183.8 186.1 188.3 189.6 190.2 194.1 196.4 197.6 198 200.1 201.8 203.1 203.1 202.7 203.4 203.4 202.2 201.9 203.4 203.2 203 202.4 201 199.2 197.9 192.2 183.3 192.1 192.6 196.9 197.8 200.2 204.6 208.3 210.3 212.5 212.4 212.6 212.8 212.8 211.9 210.1 208.1 205.1 200 191.4 182.1 185.9 184 175 177.7
134.6 135.4 136.4 137.1 138.5 141.5 141.8 143.4 148.5 149.9 151.1 153.4 157.5 159 162.6 164.4 164.6 167.7 170.3 171.2 173.8 175.5 177 178.2 182.7 181.4 186 187.5 190.1 192.1 192.8 194.8 197.5 200 201.2 201.2 203.2 205.3 205.7 205.3 205.2 205.3 205.3 204.5 203.9 203.8 203.7 203.8 202.9 201.7 200.3 196 186.9 188.6 194.8 197.8 200.4 201.9 206.5 209.9 211 214 214 213.5 213.1 214.2 213.4 211 210 207.2 202 193.7 185.2 187 191 189 173.4 188.9
135.8 136.4 138.2 139.4 139.9 142.8 145.9 147.6 150.5 153.2 152.6 159.2 161.7 163.6 165.7 167.2 169.3 172.2 173.4 173.7 177.1 179.7 177.9 183.6 185.6 185.9 189.9 193.4 193.6 195.7 197.7 199.1 200.8 202.7 203.6 204.5 205.9 207.3 206.9 207.4 206.1 206 206 206.2 206.2 206 205.8 204.6 202.5 201.2 197.6 188.7 189 194.4 196.7 199.6 202.4 207.2 211.2 211.8 214.7 215.3 215.2 214.8 214.4 214.5 213.4 211.8 210 204.9 195.6 189.8 185.5 191.9 190.7 180 182.6 192.4
137.2 138.1 139.8 142.1 142.6 145.6 150.4 151.4 153.4 155.5 158 162 164.8 166.8 169.9 171.6 173.6 175.6 176.8 176.9 181.8 180.1 183.8 187.5 187.8 191.1 194.8 196.5 197.9 200.3 201.2 202.2 203.5 205.7 206 207.7 209.3 209.4 209.3 210 207.8 206.7 206.7 208.2 208.2 207.7 206.7 205.8 203.8 198.5 191.3 188.6 198.3 197.9 201.6 205.1 207.6 211.6 213.5 214.8 216 216.7 216.4 215.8 214.9 213.8 211.4 209.1 204.9 197.4 191.7 193.1 194.8 193 178.1 191 194.6 195
138.7 139.5 140.7 145.6 145.3 150.2 153.3 156.4 158.7 161.3 162.9 165.8 168.3 170.4 173.3 175.2 176.6 179.1 179.7 181.9 181.6 185.9 189.4 189.3 192 194.4 197.2 199.5 202.5 203.4 204.4 205.4 206.5 208.5 209.2 210.5 211.6 211.5 211.8 211 209.6 208.3 207.9 208.2 208.3 209.1 206 206 202.6 198.1 190.4 199.6 202.7 202.5 204.6 208.8 213.3 213.9 214.8 215.2 216.8 217.2 215.4 213.9 214 210.7 207.7 201.1 196.7 196.5 199.3 197.2 197.4 193.9 192.8 196.4 197.8 198.4
140.3 141.1 144 148.4 149.2 153.8 156.1 159 163.6 164.9 164.7 170.2 170.9 173.4 177 178.6 179.9 182.8 182 184.8 187.4 191 191.2 194 196.6 198 200.4 204.2 205.6 206.5 207.5 208.5 209.9 211.1 211.7 212.6 212.7 213 212.7 212.3 212.3 211.6 211.4 211.5 211.2 209 208.7 204.4 199.4 196.5 198.2 203.6 206.2 207.1 209.8 214 215.9 216.9 218.1 217.8 218.3 216.5 213.4 208 204.6 202.6 200.7 206 205.3 203.7 203.8 200.1 199 188.3 197.3 201.5 200.5 202.8
142.1 145.5 146.2 150.2 153 155.4 160.4 160.5 164.5 167.6 168.7 173.8 174.2 176.5 180.2 181.5 184.7 186.4 186.7 187.7 191.9 194 194.6 199 200.7 201.8 205.4 207.4 208.5 209.6 210.5 211.5 213 213.5 214.7 215.8 215.9 214.3 214 213.4 213.9 215 213.6 212.2 210 210.2 206.4 203.3 203.1 192.8 205.6 207.9 210.9 214.5 214.8 217.2 218.7 220.3 220.3 219.7 216.1 213.4 210.3 212 213 211.6 210.6 211.3 210.6 209.2 206.4 202.9 200 188.9 199.8 201.5 203.8 207.2
143.8 148.6 149.3 151.9 156.1 159.3 162.5 164 166.6 169.2 173.3 176.3 178.2 179.2 183.8 183.6 187.5 189.9 191.7 190.1 195.4 195.8 198.5 201.3 203.7 204.9 208.8 210.5 211.3 212.5 213.6 214.7 215.6 216.8 218.1 219.3 218.2 217.6 217.7 217.7 215.4 215.7 216.4 214.1 212.5 210.3 206.5 207 202.5 201.4 211.1 214.4 215.4 219.2 219.3 220 220.6 220.8 220.6 219.1 214.6 213.6 215.5 215.8 216.3 216.5 215.5 214.8 212.3 209.3 206.9 204.5 194 196.5 199.7 203.1 206.9 210.8
145.4 151.2 151 156 158.5 164.4 166.4 166.2 169.5 173.2 176.7 178.6 181.4 183.8 186.9 186.3 190 193.6 194.7 192.6 198.2 198.3 201.4 205.3 207.1 207.9 211.9 214.7 214 215.2 216.4 218.1 219.3 220.5 221.5 221.6 219.6 220.3 220.3 218.8 218.3 216.1 215.3 214.1 213.1 208.8 209.2 198.8 202.6 209.4 215.9 218.3 220.7 221.8 221.7 221.9 222 221.1 219.7 215.7 215.5 218.7 219.3 219.5 219.7 219.3 217.6 214.4 212.8 209.4 207.5 204.7 189.3 201.6 203.3 207.2 210.4 211.2
146.2 152.4 155.5 159.1 161.4 167.6 169.2 170.4 172.1 175.1 179 181.9 184.3 188.3 190.8 190.2 193.1 197 196.4 197.5 198.4 203 204.4 207.7 210 213.7 215.6 215.9 216.8 218.4 219.9 221.7 222.5 223.1 223.7 222.6 222.3 221.2 220.6 220 219.3 216.5 216 214.1 210.7 211.6 210.6 201.6 211.7 214.9 219.3 222.8 224.1 224 223.9 223 222.7 220.4 216.5 217.9 220.7 221.8 222 222 221.1 220.1 217.8 215.4 212.4 209.8 206.2 197.9 200 204.9 206.8 210 212.6 212.8
150.5 154.9 158.6 162.5 162.7 168.6 172.9 174.4 179.2 178.9 183.5 186.4 187.3 192.8 194.3 193.5 198.3 200.1 197.4 200.8 203.2 205.4 209 210.9 214.9 216.6 218 219.2 220.1 221.2 223 223.8 224.3 225.2 224.9 226 225.2 223.9 223.1 222.7 220.7 219.7 220.7 215.6 214 213.8 200.5 210.1 214.6 218.9 221.1 225.6 226 225.6 223.8 221.5 219.5 219.2 220.4 222.8 223.9 223.4 222.8 222.6 221.5 219.1 217.4 214.7 211.4 206.3 194.9 203.3 204.8 208.5 210.9 214 215.1 216.1
152.7 156.3 160.5 165.5 168.5 170.5 173.9 179.6 182.5 182.8 187.5 188.9 190.7 195.1 198.1 199.3 201.6 200.7 201.1 205.4 206.8 209.2 211.7 214.5 218.8 220.4 221.6 222.2 223.3 224.6 225.5 226.3 227.3 227.5 227.5 227.4 227.5 226.6 225.5 224.7 222 220.6 218 216.5 214.6 204.5 214 215.9 218.9 222.2 225.2 225 226.7 224.6 222.9 222.4 224.2 225.2 225.7 226 225.2 224.3 223.7 222.3 221.7 219.3 216.8 213.7 209.2 197.5 203.4 206 208.6 213.5 216.2 219.2 221.3 220.5
155.2 160.1 163.1 168.3 170.3 174.6 179 182.5 184.9 186.5 191.2 191.4 195.2 197.4 198.6 203.6 203.5 204.4 205.4 208.9 210.3 212.6 215.7 218.7 221.7 224 224.6 225.2 226.6 228 228.9 229.4 229.6 229.5 229.4 229.4 229.4 228.4 227.3 224.5 224.2 219.8 217.6 212.6 206.2 218.6 218.9 219.7 222.8 225.4 227 227.4 227.1 225.6 225.8 225.9 227.9 229.6 228.1 228.4 225.3 223.2 222.4 221.5 219.4 217.7 215.3 211.1 201.2 203.6 205.6 208.4 214.4 219.4 222.7 225.5 227.6 227
158 164.1 166.4 170.4 174.9 179.2 181.4 185.3 189 187.6 194.1 194.7 200.1 200 203.6 206.9 207.9 208.7 210.9 212 214 215.9 219.3 222.4 225.2 226.8 227.8 228.4 230 231.3 231.5 231.8 232 231.9 231.7 231.4 230.4 229.8 228.1 225.9 223.8 218.7 209.2 216.7 220.4 222.2 224 224.1 225.5 228.1 230 230.6 229.4 230.2 229.3 230 231.2 231.4 229.7 229.2 227.2 223.2 222.1 221.1 218.5 216.4 211.2 211.2 198.2 207.2 210.3 212.6 220.2 225.1 228.7 231.5 232.7 232.1
162.2 165.7 170.7 172.8 179.7 179.9 185 188 190.7 190.6 197.3 197.7 202.7 202.5 207.9 208.1 212.6 211.4 214.8 216.2 219 221.1 223.1 226.1 228 229.9 230.5 232.8 233.5 233.6 233.8 234.1 234.1 233.5 233 232.4 230.8 229.8 228.3 225.9 221.8 209.9 220.3 224.3 226 226.7 227.9 228.2 229.9 231.6 232.9 233.5 232.7 232.9 233.7 234.3 234.8 232.9 231.4 230.6 229 225.1 221.8 220.7 218.4 215.6 214.9 210.1 204.2 212.1 215.9 218.7 226.8 230.9 233 235.3 236.6 237.3
