WholeMapElevations/data/so/so48_OST50GRID_20230518/SO48.asc
ncols 200
nrows 200
xllcorner 340000
yllcorner 280000
cellsize 50
[rows 140 to 174 of 200, columns 0 to 77 of 200]
250.8 254.6 257.5 257.4 254.3 250.3 245.2 238.4 230.1 215.3 201.8 197.7 194.5 190.9 189 186.6 184.9 184.6 183 180.7 178.4 177.4 176.4 175.1 172.7 169.7 166.6 164.9 165.1 161.4 157.9 155 153.1 151.4 149.8 148.3 148.3 147.3 146.7 145.7 144.8 144.4 142.7 140.6 138.4 137.6 136.5 134.9 132.8 130 129.5 126.9 123.3 122.8 122.3 122.1 122 122.1 121.7 121 121.4 121.1 120.7 122 120.6 120.8 120.4 120.2 120.1 119.8 118.1 116.9 116.7 116.2 112.1 120.2 121.7 123.1
245.9 249.5 252.2 253 250.7 246.6 241.5 233.9 221.5 206.6 198.2 195.2 192.2 189.1 185.7 183 180.9 181.4 180.6 179 176.7 174.4 173.8 172.8 170.5 167.5 164.3 161.3 161.4 159.7 156.7 154.9 153.4 151.5 149.1 146.9 146 145.8 146.8 146.7 146.1 145.2 143.8 143 141.9 140.5 138.5 138.3 137.4 134.8 133 127.8 124.5 123 122.4 122.2 121.5 121.3 121.3 121.1 120.8 120.4 120.5 122.3 119.5 120.3 120 120.2 119.7 119.5 118.6 117.2 116.6 116.3 115.8 119.6 122.1 123.2
240.9 244 246.2 247 245.5 241.8 235.8 225.7 211.2 200.3 195 192 189.3 187.4 185.1 181.3 178.8 177.3 176.6 176.2 175.1 172.8 170.4 169.6 167.7 165.5 162.4 159.2 157.8 157.6 156.3 155.6 154.1 151.5 148.6 146.6 144.9 145.2 147.4 147.7 147.6 146.3 144.7 144.1 144 142.9 140.7 138.6 137.7 135.6 133.8 132.4 127.8 124 122.4 121.9 121.8 122.1 121.5 121 120.7 120.6 120.1 121.4 118.8 119.7 120.7 120.4 119.6 119.5 119 117.2 116.5 118 115.8 119.1 121.8 123.3
234.7 238 239.9 239.9 238.8 235.6 228.5 217.6 203.5 196.3 192.1 189.2 186.2 184.2 183.2 181.1 178.3 175.7 173 172.7 172 170.1 168 166.4 164.4 162.2 159.9 157.3 154.9 153.8 153.8 154.2 154.3 149.6 147.5 146.4 144.5 145.5 147.5 148 147.4 146.4 144.8 144.2 143.7 143.2 141.4 140 137.8 136.6 135.4 133.9 131.1 125.9 124.7 122.8 122.8 122.4 122.1 121.7 121.2 120.7 119.9 120.1 118.7 119 119.8 120.1 119.3 119.5 118.5 118.2 116.7 116.8 115.9 118.4 121.7 122.5
229.7 232.3 232.7 232.6 231.6 227.1 221.3 208.1 197.5 192.5 189.2 185.9 183.4 180.9 178.3 178.4 177.6 174.8 171.9 169.6 168.7 167.5 166.2 163.8 161.8 160.9 158.1 155.8 153.3 151.7 150 150.1 150.4 148.9 147.5 145.9 144.1 142.8 145 146.1 145.5 145.1 143.9 142.5 141.6 140.5 139.3 138 136.6 136.5 135.7 134.3 130.5 127.3 125.5 123.3 123.3 122.5 121.9 121.5 121 120.3 119.9 119.5 118.7 119.5 119.5 120.1 119.4 119.2 118.8 118.3 116.6 115.9 115.1 117.2 120.4 122.4
224.8 225.4 225.6 224.3 222.8 219.5 213.4 198.9 192.5 188.5 185.6 182.6 180 178.6 174.7 173.9 174.2 173.1 170.5 167.9 166 164.3 163.7 162.1 159.4 158.2 156.5 153.8 152.1 150.1 147.7 145.9 144.8 143.8 142.4 142.7 141.7 141 141.5 142.2 141.3 140.6 140.2 138.7 138.5 137.6 136.3 134.9 134 134.7 133.8 131.7 128.5 125.9 123.9 124 124.4 123.1 122.2 121.9 120.9 120.8 120 119.3 121.3 119.5 119.1 119.3 119.9 119.5 119.1 119.1 117.8 112.5 114.6 116.8 118.3 121.7
218.7 219.4 218.6 216.5 213.6 210.2 203.2 192.2 187.6 184.7 182.3 180.3 177.9 176.1 174.2 170.8 169.6 170.5 168.8 166.7 165.1 163.1 160.9 159.1 156.8 154.7 153.1 151.3 149.4 147.7 146.1 144.1 142.5 142.1 141.3 140.8 141 139.8 138.6 138.4 138 137.2 136.3 136.1 135.8 134.9 132.7 131.5 130.7 131.6 130.8 128.5 125.9 124.5 126.3 132.3 131.9 130.4 127.9 123.3 120.7 120.3 119.5 119.3 124.4 119.2 119.6 119.4 119.5 119.6 119.5 118.2 112.3 114.3 115.5 116.6 117.7 118.8
213.6 212.6 211.3 209.7 207.4 202.8 194.8 188 184.3 182 180.3 178.2 176.6 174.1 173.5 173.4 169.6 167.2 167.9 166.2 165 162.7 161.4 160.1 157.6 155.8 154.2 152.7 149.9 147.5 144.9 143.6 144.3 143.6 142.7 140.5 141 139.7 138.4 137.2 135.5 134.2 133.2 132.7 132.2 131.5 129.7 129.2 128.2 127.3 126.5 126.4 125.6 127 132.7 134.3 133.8 133.6 132.1 129 124.7 122.1 120.7 120.5 124.6 119.5 119.2 119.5 118.9 118.7 118.5 114.9 113 114.3 116.1 117.2 118 119.5
208.5 207.8 206.4 203.7 201.1 196.2 188.4 184 181.7 179.2 177.5 176.5 174.4 172.8 170.8 169.4 167.6 164.9 167.4 166.7 164.5 163.7 162.9 161.4 160.2 157.7 154.2 152.8 148.9 145.3 145.1 144.4 145.2 147.9 146.1 142 139.8 141.5 140.7 139 137.2 136.2 136.5 135.8 132.1 131.1 129.3 129 127.9 127.5 127 127.1 128.2 131.4 133.5 133.7 132.6 131.8 130.9 129.6 129.3 127.4 126 124.9 122.4 119.6 119.2 119.3 118.8 118 118.8 115.9 112.1 115.1 115.1 116.8 118.4 126.4
202.9 203.1 201.9 199.1 195.8 190.8 185.4 181.7 179.1 176.8 174.9 174 172.9 171.3 170.3 169.5 168.1 165.5 162.8 164.4 164.1 163.4 164.7 162.6 161.1 157.8 154.1 149.6 146.5 145 150.6 154.9 153.6 151.2 147.8 144 139.3 139.9 140.2 140.6 138.9 136.6 134.2 133 132 131.3 130.5 130.7 130 131.7 132.2 131.2 130.5 132.6 133.9 133.4 131.9 130.7 129.1 128.8 128.4 127.6 127.5 126.2 125.5 122.7 119.7 119.5 119 118 117.4 117.3 117.4 113.7 112.2 114.4 116.5 128.7
197.5 197.6 196.2 194.2 190.7 187.9 183.1 179.4 176.7 174.4 172.6 171.2 170.1 169.3 168.4 167.6 166.7 165 161.5 161.3 160.8 161.1 162.2 162.5 160.7 157.3 151.2 146.6 145.8 151.5 155.5 156.2 154.7 151.3 148.1 144.3 140.4 138.2 138.6 138.6 137.4 136.2 134.1 133.8 132.6 132.6 132.5 132.4 132.5 132.6 133.6 134.8 134.7 134.3 133.5 132.6 131.2 129.8 128.2 128.3 127.5 127.1 125.9 126.1 124.5 122.9 120.4 119.3 119.4 118.2 118.1 116.5 116.6 116.4 115.8 112.4 113.3 129.5
192.3 193.3 190.9 188.4 187.2 184.3 179.5 175.5 174.3 171.9 170.2 168.4 168 167.3 166.5 165.3 164.4 163.2 160.6 158.7 158.1 158 158.2 156.6 155.9 152.6 147 146.2 146.5 150.4 154.7 156.2 153.6 150.9 148.3 144.9 142.2 139.8 138 137.1 135.6 135.7 134 134.2 134.9 135.2 135.6 135.9 136.5 137.8 138.7 139.9 138.8 137.3 135.6 133.5 131.9 130.1 128.5 127.7 126.6 125.2 123.7 123.7 122.9 122.6 122.1 122.7 121.1 119.9 118.6 117 116 116.2 115.8 115.2 115.2 129.3
187.3 188.3 185.7 183.9 183.2 181 178 174.5 172.4 169.9 167.1 166.3 165.8 165.3 164.5 163.2 162 161.1 159.4 156.7 154.8 154.6 153.1 151.9 151 147.7 147 146.8 147.1 150.1 154.8 156.6 154.5 152 148.7 145.7 143.2 140.8 138.9 137.4 137.3 137.4 136.8 137.4 138.8 139.3 140.1 140.9 142.3 145.3 151 149.9 146.1 141.5 139 137 135.4 131.8 130 128.4 126.5 125.6 124.9 124.3 124.4 126 126.1 124.6 123.8 123.5 121.3 116.8 116.1 115.8 114.9 115 112.5 127
183.8 182.4 180.5 179.5 179.1 177.8 176.4 173.6 171.6 169.4 167 164.6 163.3 163.1 163.1 161.4 159.8 158.5 157.2 156.3 154.2 152 150.3 149.5 148.4 147.9 147.4 148 148.3 152.2 156.6 156.7 155.7 152.2 148.8 145.4 142.7 140.6 139.3 139.5 140.2 140.5 140 142 145.5 148.3 150.2 152.9 156.2 158.9 159.4 157.1 153.5 149.5 145.4 142.3 139.1 135.7 132.4 130 128 127.2 126.9 127.1 127.3 127.6 127.2 127.5 127.2 124.3 123.4 120 116.1 115.2 113.8 113.7 114.1 124.4
179.3 176.2 176 175.8 176.4 175.8 174.4 172.6 170.9 169.2 167 165.1 163.8 161.2 160.1 161.1 159.1 157.8 155.6 153.5 152.8 150.7 149.9 150.3 151.7 152.3 152.4 151.5 152.8 156.2 158.1 156.8 154.5 150.8 147.5 144.2 142.2 141.4 141.9 142.1 143.2 144.1 143.8 149.4 157.6 162.2 164.5 167.7 168 168.5 166.5 163.5 160.5 157.4 154.1 150.8 145.9 140.4 136.4 133.5 131.2 130.3 130.4 130.7 130.6 128.9 127.9 127.6 130 125.3 124.5 122.8 117.6 115.6 114.6 113.9 112.4 123.4
176.9 173.4 172.5 172.5 173.3 173.1 171.9 170.5 169.2 167.9 167 164.9 163.8 162.1 159.5 158 157.2 156.8 155.2 152.9 151.4 151.2 151.4 154 155.5 156.9 158 158.2 158.4 159.9 159.4 156.2 152.6 148.7 145.6 143.6 143.7 144.3 144.5 144.5 146.1 147.5 149.4 161.7 172 176.5 177 177.3 175.7 173.5 170.1 167.7 165.5 163.3 160.5 155.6 151.3 145.6 140.2 136.8 134.8 134.3 134.2 133.3 132.1 129.9 129.3 127.4 126.2 124.9 123.9 123 119.8 116.3 114.2 114 113.4 118.1
175.3 171.9 169.7 169.5 170.1 170.3 169.6 168.3 167.2 166.2 165.8 164.8 163.3 162.1 160.5 158.4 156.9 155 154.7 152.7 152.1 153.1 154.5 156.4 158.1 159.6 160.6 162.1 161.7 161.2 159.2 155.8 150.9 147.1 145.5 145.3 146.6 147.7 147.4 147.7 150.6 152.6 163.2 174.9 183.1 185.3 184.1 182.1 178.6 174.6 171.7 170.3 167.8 164.9 162.4 158.1 153.2 148.3 143.7 139.7 137.9 136.5 134.9 133.2 131.8 130.2 126.7 126.6 126.1 125.7 124.2 123.6 121.8 116.5 114.5 114.4 113.8 114.1
172.8 170.1 167.5 166.6 167.1 167.6 167.3 166.1 165.1 164.5 164.3 163.5 163.2 162.5 161.2 159.4 157.9 157.7 155.6 152.2 151.7 152.7 157.9 159.1 159.9 161.3 163.2 164.3 164.4 162.7 159.3 154.8 149.9 148.9 151.2 152.9 151.3 151.1 151.3 152.4 157.3 162.8 176.1 185.7 190 189.9 187.4 181.5 176.7 173 170 169.3 165.9 162.1 158.8 155.2 150.5 147.3 143.2 141.3 139.5 137.4 135.3 133.8 132.7 131.4 127.9 128.7 127.3 126.7 125.2 123.2 121.5 117.8 114.3 114.2 114.5 113.8
169.4 168.3 165.7 164.9 165 165.5 165 164 163.6 162.9 162.6 162.4 162.3 161.8 161.1 160.2 158.1 157.9 154.7 151.8 154.4 160.2 159.9 160.6 160.8 162.7 164.2 165.8 166 163.8 159.4 153.3 151.8 154.1 160.1 161.9 157.5 154.4 154.1 156.9 162.9 174.7 185.8 192.2 193.6 190.7 183.6 177.9 173.3 169.7 166 161.7 158.5 154.1 152.1 150.2 146.1 142.9 140.6 139.6 138.5 137.5 135.9 134.7 133.6 132.5 127.5 131.4 130.2 128.6 125.8 123.8 122.9 119.7 114.7 114 113.9 112.2
166.3 165 163.8 163.5 163.1 163.3 162.8 162.5 162.2 161.5 161.2 161.3 161.3 161.8 161 160.5 159 157.8 152.9 151 158.9 161.3 160.8 160.8 161.8 163.5 163.6 164.7 164 161.9 157.3 155.4 157.3 160.8 171.8 171.5 165 156.9 157.3 160.8 167.8 183.8 192.8 195.8 194 187.5 180.5 174.8 168.8 164.5 161.3 160 161 162.3 158.9 153.8 148.9 143.1 139.8 137.7 138.3 138.1 137.3 135.5 134.5 133.5 130.9 132.8 131.6 130 127.5 124.3 122.9 119.8 115.3 113.5 112.6 112
164.7 163.8 163.2 161.8 161.1 161.4 161.4 161.3 159.8 159.4 160.2 160.8 161.2 161.6 161.4 160.4 159.9 158.1 154.3 154.3 159.5 160.3 160.2 159.8 161.4 162.9 162.6 162.5 163 162.2 162.3 162.3 164.8 169.7 177.6 181.2 172.6 162.1 160.8 165.1 179.2 191.2 197.9 198.9 194.6 186.5 180.3 173.8 167.7 169 170.6 171.1 169.1 165.3 158.1 153.2 148.4 144.2 139.5 136.4 135.3 136.1 136.7 137.1 136.2 134.9 133.5 132.1 130.3 128.6 126.2 124.4 122.8 120.1 116.3 113.5 113 112.2
163.2 162.2 161.2 160 159 158.8 159.2 159.3 158.5 158.4 159.6 161.2 161.6 161.8 161.4 161.8 161 159.7 154.7 155 157.8 158.6 158.9 159.4 160.9 162.4 164.6 168.5 171.4 170.6 169.3 169.8 173.8 179.8 188.9 193.3 179.2 166.3 165.6 175.9 189 197.8 200.5 199.9 193.5 186.7 180.5 174.7 176.7 179.3 178.4 174.6 169.9 163.3 157.1 152.4 147.7 143.9 140.5 135.7 133.9 133.3 133.7 134.5 134 133.2 131.9 130.1 127.7 126.1 124.9 124 122.3 119.1 116.4 113.3 112.7 112
160.9 161 159.9 158.8 157.7 156.9 158.1 158 156.7 158.1 158.8 160.4 162 162.1 162.8 162.1 160.3 159.4 153.8 152.6 157 159 161.6 161.3 162.3 165.7 169.9 173 174.6 175 175.8 176.9 182.8 192.1 201.6 201.8 186.4 171.6 176.9 188.1 198.1 202.3 200.4 196.4 191.2 184.7 181.2 182.9 186.2 184.4 180.3 174 168.1 162.5 156.3 152.3 147.3 142.7 139.2 136.6 133.9 132.9 131.8 131.7 131.7 131.1 130.2 127.4 126.5 124.9 124.2 123.3 121.1 118 115.9 115.9 112.6 113.8
158.5 158.6 158.3 157.6 155.6 154.9 156.1 155.6 155.3 157 159.2 160.2 161.9 162.4 162.4 161.3 159.3 154.4 152.6 154.5 159.1 162.3 164.7 166.4 168.5 171.6 172.8 173.8 176.2 176.3 177.7 184.1 192.2 202 208.3 203.7 189.9 177.6 188.5 197.7 204.5 207.1 201.8 195.6 188.5 188.7 190.7 191.3 189.3 184.6 179.1 173 167.6 161.9 156.5 150.9 146.3 141.8 138.3 136.2 134.8 132.6 130.7 129.8 129.6 129.5 128.2 126.8 125.4 124.3 123.8 122.7 120.8 117.2 115 113.9 116.1 114.7
155.9 156 156.1 155.6 154.7 153.3 153.5 153.6 154.8 157 159 159 160.4 161.4 161.3 160.6 157 151.9 150.9 155.8 161.2 164.4 166 168.1 169.7 171.7 171.9 173.6 177 178.3 181.7 191.6 200.7 210.6 208.5 203 190 186 197.2 204.7 210.7 208 202.6 197.2 193 194.5 195.8 193.6 188.7 183.5 177.7 172.1 165.7 159.8 154.2 149.2 144.3 140.6 138.2 136.5 135 132.9 131.1 129.6 127.6 127.7 126.9 126.5 125.1 124.4 123.7 123.2 121.8 115.9 114.8 112.6 111.8 113.9
154.8 153.5 153.5 152.8 152 151.9 151.8 152 154.9 157 158 157.6 158.7 159.4 160 158.5 153.7 151.4 150.7 153.1 161.4 165.4 167.3 168.1 169.2 172.3 173.5 175.7 179.9 181.3 186.8 199.7 209.1 211.3 206.7 200.2 188.5 195.2 203.1 209.7 209.7 205.4 201.8 197.3 194.6 194.9 195.2 191.9 187.6 181.5 175.4 169.2 162.9 157.1 151.4 146.6 143.9 141.4 140.3 138.4 136 133.5 131.4 129.8 128.3 126.8 125.6 125.3 124.6 123.1 123.2 123 121.2 115.9 113.6 111.3 112.5 114.7
152.1 152.4 150.8 150.6 150.5 149.6 148.9 150.5 153.6 154.7 155.6 156.1 156 157 157.5 153.1 153.8 150.8 151.8 154.5 159.7 162.4 164 167.3 169.7 171.9 173.8 177.2 181.6 185.1 197 208.5 212.4 209.7 205.2 199.7 197.2 201.9 207.5 209.5 207.7 204.3 200.3 195.9 192.4 192.1 191.4 186.9 182.4 176.4 170.8 165.3 158.9 153.3 149 146.8 146 144.7 143.5 140.4 137.8 135.2 132.8 131.2 129.1 127.5 125.1 122.6 122.6 121.2 121.8 124.9 119.4 115.7 113 111 112.6 114.1
150.9 150.7 149.8 149.1 149.2 148.6 148.2 148.5 151 152.6 153.4 154.5 154.1 154.2 152.3 153.8 151.5 150.8 153.2 155.4 158.2 160.8 161.5 165.1 167.9 170.5 174.1 179 184.1 194.9 206.8 212.8 210.9 208.4 203.6 197.6 201.4 205.9 208 209.1 207.7 204.6 199.3 193.1 188.1 185.6 184.7 180.6 175.7 170.2 164.7 159.5 155.2 152.1 150.4 150.1 150.4 148.6 145.4 142.2 139.4 136.9 134.8 132.8 130.5 128.2 126 124 121.3 120.2 121.2 118.4 117.5 114.9 112.5 111.8 108.5 112.7
149.1 149.3 148.8 148.2 147.2 147 147.3 147.3 149.9 151.7 152.7 153.8 153.6 151.4 152.1 150.4 150.2 152.2 154.8 156.6 158.9 159.2 160.1 163 166.4 170.6 175.8 181 194 204.9 210.9 212.1 209.3 207.5 204.9 202.1 203.8 207.5 208.2 208.1 206.7 203.4 198 189.9 184.1 180.5 180.1 175.3 170.9 168.3 164.2 162.1 158.1 155.6 155.2 155.8 153.9 151.2 147.7 145.2 141.7 139.6 137.6 135.3 133 130.8 127.7 125.8 123 120.1 121.3 121.1 116.5 114 111.4 111.9 102.9 112
147.9 147.9 147.1 146.3 147.5 145.2 145.6 146.8 149.1 151.6 152.3 153.9 150.5 150.4 150.4 150.3 150.9 154.9 158.4 160.8 159.6 159.3 161.7 164.7 168.5 174 182.4 193.6 202.1 207.1 209.5 210.2 209.2 207.2 204.3 203.4 205.2 207.5 208.4 208 206.7 204.1 199.1 191.4 186.3 183.7 183 178.2 176 170.9 167.9 165.2 161.3 159.9 160.2 160.1 157.4 154 150.6 147.4 144.4 142.5 140.6 138.2 135.4 132.5 129.2 126.6 124.5 121.3 121.5 121.2 116.5 112.5 109.8 110.3 110.3 112.3
146.6 146.2 145.8 145.6 145.5 144.3 145.9 147.1 147.9 150.6 151.7 150.7 152.5 149.8 149.7 151.6 153.2 158.2 162.6 165.2 163.2 161.8 166.2 167.3 173.7 182.9 193.5 201 206 207.8 208.9 208.4 207 205.8 203.7 203.4 204.1 206.9 207.2 206.6 205.1 202.9 197.9 189.2 185.5 184.5 183.3 180.3 176.4 173.9 171.9 169.2 166.2 165.6 165.5 164.1 161.3 157.7 154 150.5 147.9 145.5 143.5 140.3 137 133.4 130.4 127.4 124.8 121.3 121.5 120.3 112.6 112 110 110.8 110.6 112.3
144.5 143.7 143.1 142.9 142.8 143.3 144.7 145.4 146.9 147.9 150.3 150.1 149.5 150.4 150.8 152.3 155.8 162.5 165.5 165 164.6 167.5 169.6 173.5 183.2 192.8 199.2 204.8 207.1 207.4 207.9 206.3 204.6 203.2 201.9 200.9 202.3 204.2 204.3 204 203.5 201.5 196.5 188.5 188.1 186.8 186.5 183.7 180.1 178.7 176.9 174.5 171.4 170.6 170.5 168.6 165.2 161.4 157.6 154.3 151.5 149 146.3 142.4 138.8 135 131.5 127.1 124.5 121.1 120.4 119.9 113.2 111.5 109.9 110.4 111 113
141.9 141 140.8 141.4 141.8 142.3 143.2 143.9 143.3 146.1 147.3 147.7 148.3 150.3 152.7 154.4 157.6 161.9 164.4 164.9 165.3 171.3 175 181.1 190.2 197.5 202.9 205.3 206.2 207 205.8 203.8 202.7 201.4 200.5 198.5 199.1 201.3 202.8 203.3 201.9 200.5 196.4 192.9 193.1 192.1 190.3 188.9 187.1 185.1 182.5 179.9 176.9 175.9 175.9 173.2 169.2 165.1 161.5 158.5 155.3 152.7 149.2 145.4 141.8 138.1 133.9 129.6 123.7 120.2 119.5 119.2 111.8 112 110.7 107 109.5 113
139.1 139.7 140.2 140.7 141.2 141.8 142.1 143.1 142.7 144.8 146.3 147.8 148.4 151 154.2 157 159.1 162.6 165.4 168.7 171.4 173.9 181 187.7 194.4 199 203.5 205 205.3 205.5 203.9 201.6 200 199.6 198.8 197.9 196.7 198.7 200.9 202.2 203.6 203.1 199.2 199 198.1 196.9 196.4 194.5 193.4 193 190.5 186.8 184.1 183.2 181.6 177.3 173.3 169.8 166.6 163.8 160.2 156.7 154.4 149.7 145.5 141.2 135.9 130.2 124.8 121.9 118.8 118.3 113.3 111.2 110.7 104.5 110 112
139.4 140.4 141.2 141.7 141.8 141.9 143 142.2 143.1 143.8 145.5 148.3 148.6 151.4 154.7 157.2 159.5 162.7 165.5 167.9 174.5 179.1 184.8 191 195.9 200.2 202.6 203.7 204.2 203 200.9 198.5 196.2 195.3 194.2 193.2 195 197.9 200.9 202.9 204.6 204.4 203.4 205.1 204.6 205.3 204.8 203 202 201.4 197.4 193.2 190.9 190.4 187.9 184.1 179.6 176 172.5 169 165.5 162.7 159.3 154.3 150.3 147 139.8 132.9 125.5 120.4 118.1 117.1 114.1 111.2 110.9 110.4 102.9 111.6
