WholeMapElevations/data/sj/sj04_OST50GRID_20230518/SJ04.asc
ncols 200
nrows 200
xllcorner 300000
yllcorner 340000
cellsize 50
[rows 105 to 139 of 200, columns 0 to 77 of 200]
256.4 246.8 233.5 215.1 208.1 203.7 197.9 195.9 193.1 192.6 192.5 189.7 187 183.9 180.1 175.6 175.1 174.1 172.8 171.4 172.2 171.4 171.8 173.1 173.2 170.7 172 173.2 181.6 186.1 187.7 191.8 194.5 194.2 193.5 190.8 191.6 199.2 219.5 224 223.7 220.1 213.7 201.9 185.7 175.8 171.7 184.3 200 213.8 214.4 212.1 214.5 223.1 236.4 252.7 261.5 263 259.2 259.2 268.2 262.3 266.6 273 274 275 273.4 268.5 260.2 257.7 256.6 252.9 250.3 244.9 242.1 233.3 226.2 236.7
246.3 238.3 223.7 209.4 202.1 198.4 194.8 191.5 190.5 189.2 188.4 184 178.4 175.7 174.2 175.5 175.2 174.6 174.9 176.4 177.9 179.9 181.4 179.8 178.3 176 173.3 171.2 171.9 177.9 178.4 180.8 184.6 186 185.9 187.8 193.7 209.5 221.1 222.1 222.1 216.1 211 202.5 187.8 177.5 173.3 170.7 193.6 208.1 208.9 208.8 213.9 229.4 243.6 253.9 257.7 255.6 253.6 252.4 259.8 252.9 251.5 260.3 267.1 272.2 265.5 261.6 255.5 253.3 249.1 245.7 237.7 234.3 228.9 221.5 220.1 223.3
242 230.9 216.2 203.5 197.2 195.5 193.2 191.3 189.8 183.3 182.2 179 176.7 176 174.4 175.9 175.6 176.6 180.2 182.5 185.2 185.6 184.2 182.1 178.7 176.5 174.6 172.8 171.4 170.7 174.5 171 176.6 180.7 181.8 186.8 196.9 210.1 214.6 217.4 217 208.1 202 197 188.1 179 174.8 170.5 181.7 198.7 201.9 207.4 214.4 229.4 242.4 248.6 249.1 246.7 243.6 245.4 244.6 240.3 238.9 250.3 263.3 262.4 258.7 257.3 247.9 243.5 238.7 230.3 223.2 222.4 217.2 209.8 209.1 212.2
238.1 223 207.6 198.6 197 194.7 190.2 185.3 178.6 176.3 178.5 176.3 175.2 173.7 175.3 178.5 180.3 183.8 187.4 189.9 191.5 188.2 184.7 181.4 178.5 177.9 175.8 174.4 173 172 170.5 171.3 170.8 171.3 179.2 188 193.7 199.3 202.8 200.8 201.7 198.6 196.7 195 192.8 183 174.9 173 176.6 192.8 202.9 210.8 214.2 224.3 240.9 242.4 239.7 237 235.7 231.4 230.1 228.6 229 242.5 254.2 253.8 253.1 248.3 240.5 231.5 225.5 216.4 210 208.6 205.3 199.7 197.7 200.9
223.3 214.7 201.8 198.8 193.1 184.6 179.3 178.1 179 178.6 177.2 176.1 175.3 177.2 183.5 188.4 190.9 195.8 201.6 199 194.9 190 186.4 183 180.9 179.1 177 176.8 175.5 173.5 173.2 171.1 171.2 169.2 177.4 186.3 187.2 187.9 185.9 184.4 189.5 194.7 196.8 194.4 191 185 174.8 170.5 175.1 193.7 206.4 214 215.7 220.6 227.8 231.7 233.3 232.9 234.8 230.1 225.3 220.4 218.8 228.2 240.9 250.8 245.6 237.1 228.9 218.5 209.6 204.7 199.1 195.6 197.1 192.6 191.1 192.4
206.4 202.9 195.7 188 181.6 176.6 179.9 180.7 179.3 178.2 178.1 175.8 178.2 185.7 190.4 195.1 199.7 204.6 206.1 205.4 200 194.5 189.5 185.7 183.3 182.1 178.9 177.9 176.3 175.4 176.6 173.9 170.8 168.5 173.4 178.5 177.7 170.5 166 167.6 183.5 191.6 194.3 192.6 188.4 181.2 172.2 169 169.9 186.2 207 215.4 219 219.5 223.7 228.1 234.1 238.1 238.3 231.9 226.9 220.8 216.7 215.4 226 232.2 227.4 218 208.7 201.9 201.9 198.2 193.7 188.9 187.1 187.4 187.8 186.1
199 191.6 185.4 179.4 182.4 186.6 184.9 180.6 178.6 178.4 178.8 181.7 186.5 191.8 199.8 205.9 212.3 214.6 213.9 210.1 206.9 201.6 196.5 192.4 188.2 185.6 183.6 182.2 179.5 177.6 177.6 175.2 172.2 169.1 169.5 173.2 173.4 167.9 167.5 166.6 172.1 177.7 188.8 190.3 183 174.2 168.6 168.8 168.3 180.7 207.9 216.6 219.7 221.5 225.4 231.9 237.8 241.2 236.2 230.1 224.3 219.4 214 209.4 210.2 212.5 208.6 200.1 192.2 192.6 195.1 193.2 187.1 185.3 184 184.4 184.9 184.3
185.4 180.1 180.5 187.9 190.7 188.5 184.2 180.5 178.8 179.8 182.5 187.3 192.8 202.7 214 224.9 226 223.2 218.9 216.2 211.8 207.7 205.8 201.2 196.4 191.9 188.7 186 181.3 180.1 177.4 175.5 173.4 170.8 168.1 170.5 167.8 167.7 177.3 170.5 165.1 167 173.6 178.4 173 168.2 166.5 167.2 167.9 175.2 207.3 215.1 216.7 218.6 226.5 230.9 232.4 230.1 226.4 220 213.8 210.5 206.7 201.5 201.9 199 194.3 189.4 188.3 188.1 187.3 185.3 183.4 183 182.3 182.1 182 182.5
181.3 187.9 193 197.5 196 189.5 182.1 179.8 181.3 184.1 187.8 192.7 200.3 213.9 229.3 235.5 232.5 229.5 227.5 224.7 219.4 216.6 213.1 209.7 208.1 203 196.6 189.2 183 181.7 177 174.2 173 171.1 168.7 168.4 167.8 175.8 182.8 175 167.6 164.1 166.8 168.8 165.8 164.3 170.1 165.5 166.2 176.5 209.9 209.5 210.5 214.4 220.8 221.2 221.6 218.5 216 210.6 207.4 202.9 199.2 196 193.8 191.6 189.2 187.4 186 186.5 185.1 184.2 184.6 185.4 185.5 184.9 184.3 183.7
191.1 197.3 205.5 202.9 196.2 189.5 181.7 181.2 183.1 188 192 197.5 210.1 222.3 232.7 236.5 234.5 233.2 233.3 229.4 226.3 224.6 222.1 217.9 216.9 209.6 201.5 191.6 186.3 184.7 179.5 176.2 176.8 177.4 177.7 178.8 185.7 186.4 183.8 177.2 171.1 165.3 164.8 161.7 163.1 178.1 191.3 186.4 184.5 200.9 202.3 202.4 204.5 210.2 211.1 210 211.4 208.2 206.8 204.5 200.8 196.6 193.6 193.4 194.1 193.3 191.3 191.1 187.2 185.8 185.9 189 192.6 194 193.2 190.9 189.1 186.2
200.7 206.3 209.6 204.8 197.4 189.4 181.4 183.5 187.2 192.1 198.4 204.3 216 225.6 232.7 235.5 236.4 236.1 237.8 236.1 233.9 232.3 230.3 227.5 219.9 212.5 203.4 197.4 193.9 189.6 181.5 180.8 186.2 184.2 184.9 189.1 188.8 185.4 181 176.1 171.6 167.6 166.7 164.4 165.4 182.7 189 193.7 195.7 196.3 196.2 195.8 198.8 200.6 200.4 201.5 201.2 200.6 199.2 194.1 193.9 195.6 198.1 204.4 205.5 202.5 199.5 196.9 193.6 192.4 194.4 197 198.2 198.3 196.1 192.7 190.2 186.6
212.7 219 212.4 206.1 196.7 189.2 182.6 186.4 192 197.8 203.8 210.6 220.2 227.8 233.9 236.9 240.4 242.6 241.7 241.8 240.9 239 238 231.5 221.7 216.3 211.2 204.9 202 197 186.9 192.1 198 195.9 193.8 195.4 189.3 183.9 180.5 179.2 175.9 169.5 165.2 162.9 168.3 178.3 183.6 187.8 190.5 187.9 187.7 187.8 191.4 192.6 190.6 191.1 190.3 189.9 189.9 190.6 199 205.2 209.9 211.5 210.2 207.8 204.5 201.5 200.3 200.3 200.5 200.7 197.5 193.4 189.1 186.6 184.6 182.3
221.9 220 213.8 205.8 196.1 187.2 184.5 188.9 196.4 203.6 207.7 215.6 223.7 230.4 236.2 241.3 244.8 246 245 247.7 247.2 246.3 240.9 234.9 231.4 231 226.1 218.6 210.9 198.3 195.6 205.6 205.1 202.3 200.5 196.6 190.7 184.8 182.5 181.2 178.4 169.9 167.1 163.9 163.7 172 176.3 176.9 173.7 172.6 178.5 179.6 180 182.6 182.4 182.9 181.4 178.4 182.3 192.3 204 211.1 212.6 210.7 208.5 206.2 202.7 199.6 198 195.6 193.8 191 188.1 185.6 182.9 179.8 177.8 174.8
222.1 217.4 213.1 206.4 194.9 185.9 187.2 194 202.1 205.7 210.6 220.5 230.3 241.5 245.8 249.3 250.5 251.7 253.3 252.7 252 247.9 246.4 247.1 248 245.3 238.8 230.3 219.8 204 206.8 210.8 208 202.7 200.5 196.4 191.5 186.9 184.1 180.3 176.4 170.9 167.5 163.3 160.6 165.7 168.6 168.9 167.5 167.1 170.4 170.6 164.3 159.6 157.7 168.1 167.8 167.3 175.3 186.5 196.8 200.8 200.6 197.6 196.3 194.9 191.8 188.9 187.7 184.8 184 182 180 178.2 176.6 173.7 170.5 166.8
219.6 215.7 211.3 204.5 192.1 185.9 192.2 198.4 204.2 207.6 213.2 225.5 242 249.9 252.6 254.6 256.7 259.5 260.3 257.3 254.1 255.3 258.2 261.5 259.8 255.7 248.5 239.1 228.1 211.8 213.3 210 205.3 201.5 198.2 195.4 191.6 187.7 182.1 177.1 173.5 170.3 169.2 164.8 159.8 162.2 163.4 162.4 162.7 160.8 159.3 155.2 155.1 156.6 156.4 154.6 158.2 159.4 164.6 174.7 183.6 186 187.2 185 183.6 182.2 180.6 179.2 177.4 174.8 174.8 173.2 172 169 168.2 167 165.6 164.8
220.3 214.5 208.8 199.4 189.8 188.5 195.1 201.7 205.1 210.6 217.5 233.3 250.5 255.6 257.5 260.7 264 264.4 263.4 261.7 261.3 265.4 268.6 269.5 265.9 263.8 257 246.8 237.2 218.8 211 207.2 203.1 200.1 196.6 194 191 185.6 179.7 175 173.6 174.2 172.4 168.8 164.4 159.5 160.9 160.3 158.7 155.1 157.6 159.8 160 158.9 158.9 158 154.9 156.3 157.2 162.9 170.8 173.1 175 176.2 175.6 173.8 171.9 170.2 166.4 165.3 166 164.5 165.9 166 165.9 165 162.4 159.8
222.6 214.4 205.7 197 187.9 190.1 195.8 203.1 209.5 214.4 223.7 239.6 255.4 260.6 263.1 263.4 266.6 269.5 270 270.2 274.4 275.3 274 273 269.9 266.7 260.8 253 239.2 222.5 212.7 208.3 206.9 204 200.1 193.8 187.8 180.8 178 177.2 177.3 176.1 173.7 171.8 169.3 167.8 165.5 163.4 162 162.6 162.8 163.5 163.1 163 161.9 162.6 156.7 153.6 156.1 157.1 159.8 163.4 162.2 162 161.4 161.4 153.5 152.7 158.3 161.1 161.7 161.9 163.3 164.7 163.4 158.8 152.3 151.2
222.9 213.1 202.1 191.6 187 190.5 197 204 211.1 218.4 228.3 243.3 257.9 264.3 264 264.2 267.5 272.2 277 282.9 285.8 283.9 281.4 278.8 273.8 268.4 261.6 253.1 241.2 227.2 217.1 214.7 215.4 208.1 203.6 193.5 184.4 182.4 183.9 182.8 180.9 177.8 176.5 175.3 177 178.2 178.6 175.9 170.5 169.6 168.7 168.2 167.3 166.5 165.4 164.1 162.9 156.5 154 156.2 156.6 155.7 155.3 154.8 154.1 153.9 153.4 153 152.2 160.2 161.1 160 160 158.6 152.6 152 151.5 151.4
223 212.5 199.2 189.8 187.8 191.7 198.2 204.9 214.5 223.3 232.5 246.7 257.6 260.6 262.5 265.4 270.4 276.2 288.9 294.7 292.3 289.6 286.8 280.4 272.8 264.9 255.9 248.2 242.3 232.3 221.5 215.1 211.8 206.1 199 190 191.1 196.6 193.1 189.2 186.8 185.8 183.7 182.3 185.6 185.6 186.5 188.1 185.2 179.3 172.4 171.5 169.8 167.4 165.5 164.3 163.1 160.8 154.2 154.3 156.1 155.8 155.6 155.3 154.6 153.6 153.7 153.3 152.3 156.1 156.3 154.4 150.9 150.4 150.4 150 149.8 149.5
221.7 210.8 195.1 187.7 190.4 196.5 204.4 210 217.3 225.3 233.8 250.9 257.7 262.3 265 268.8 275.9 284.3 298 298.5 296 293.4 286.1 277.5 267.9 258.8 249.9 243.4 239 233.7 222.9 217 208.2 201 194.1 197.3 203.2 205.5 203.6 197.6 196.8 196.1 194.8 192.8 194.8 194.9 195.4 194.6 189.2 181.6 176.3 175 169.2 166.5 165.1 163.8 162.2 159.9 158.6 152.3 154.3 155.9 155.5 155.6 155 153.9 153.5 152.4 152 152.2 151.1 150.9 150.7 151.2 150.1 149.9 149.4 149.1
212 200.3 191.4 187.6 193.6 199.7 204.7 210.8 216 224.5 235.9 245.9 254.4 261.6 265.1 273.3 284.2 292.8 298.9 300.8 297.5 291.2 283.4 273.4 260.9 249.8 245.9 239.2 236.2 229.8 223.4 215.1 205.2 200.4 201.2 206.7 210.3 212.6 212 206.8 206.8 205.4 205.2 203.3 202.8 203.6 203 197.6 189 184.8 181.4 176.6 168.9 166 164.7 163.1 160.5 159.4 158.8 154.2 152.8 154.9 155.1 155.1 154.8 153.5 152.2 152.1 152.1 152.1 150.7 150.7 151 150.1 150.3 149.8 149.1 148.8
198.3 190 188.7 188 192 198.5 204.6 210.8 217.8 225.8 233.8 242.7 249.6 256.9 265.8 280.3 295.4 302.8 304.7 301.1 292.9 287 278.7 263.6 253.8 247.7 241.5 235 231.8 228 219 208.1 202.4 207.6 211 213.2 217.1 221.5 223.1 221 217.3 217.4 215.8 215 213.6 212.5 207.8 198.8 196.3 192.4 187.2 178.4 169.1 166.2 165.1 164.2 161.3 160.2 158.7 156.1 151.2 153.5 154.1 153.2 153.2 152.3 151.9 152.5 151.7 150.4 151.6 151.4 151 150.7 150.2 149.6 148.8 148.5
192.8 189.6 189.2 188.1 192.4 200.4 206 212.4 218.2 226.5 234.2 239 246.3 255.1 269.4 288 300.5 303.8 305.7 297.2 286.7 280.1 266.4 259.8 254.7 248 239.1 231.2 227.2 220.2 213.3 205.2 211.4 217.3 219.4 223 227.8 233.1 232.7 232.7 228.9 226.7 225.4 224.3 223 218.9 210.3 204.3 205 199.9 190.8 180 172.6 167.9 165.6 164.1 163.9 160.3 159.2 157.2 153.6 151 154.1 153.7 153.8 151.9 150.7 151.6 152 152.2 153.4 149.2 150.4 150.2 149.6 149.2 148.5 147.3
190.5 189.9 190 188.8 195.1 199.9 204.2 210.2 216.7 224.7 230 237.1 243.6 253.4 272.3 290.1 298 309 298.8 288.5 279.9 269.9 261 256.2 252.3 245.9 235.2 226.9 224 220.2 214.3 212.3 220.6 223.8 227.3 235.1 242.6 243.5 243.7 242.9 240.9 238.6 237.5 233.7 227.9 219 213.3 213.4 210.7 203.3 192.1 183.5 175.1 170.7 167.9 165.5 165.2 163.7 159.4 158.3 155.1 151.2 152.9 152.9 151.6 150 153 152 151.4 152.5 151.9 150.3 147.9 148.1 148.2 147.2 151.2 150.5
191 190.4 190.2 190.2 195.3 199.6 204.9 209.8 214.7 220.6 229.3 238.5 246.8 256.3 275.1 288.2 303.5 304.7 296.3 282.2 276.3 268.5 262.7 256 248.9 240.8 230.3 221.9 219.3 216.5 217.2 227.1 230.9 236.3 244 250.6 252.6 253 252.1 251.2 250.6 248.6 245.3 241.4 228.6 225.4 223.9 219.2 213.8 207.5 198.7 189.5 180.5 176.3 171.7 169.6 167.4 165.7 161.2 159.8 158.7 152.8 151.5 151.3 155.7 155.3 155.2 153.3 154 153.9 153.9 153.6 154.2 155.2 157 159.8 162.2 157.6
191.7 190.7 190.1 190.2 192.7 197.9 203.2 208.1 213 221.9 233.7 243.4 250.9 259 278 294.2 306 300.4 295.6 288.2 276.7 270.4 264.3 254.9 244.6 236.5 227.3 220.1 217.1 219.3 227.8 237.2 244.5 253.1 256.4 260.3 261.7 261.4 260.4 260 257.6 254.5 250.1 240.4 239.3 235.8 230.1 224.3 218.3 212.2 204.6 196.7 188.4 183.9 178.4 173.4 170.2 167.1 166.6 167.8 166.7 170.2 172.2 171.1 168.7 166.1 163 160.1 157.1 157.3 160.1 162 166.8 169.1 168 168.8 166.2 163.4
192.4 191.4 191.1 190.4 189.8 191.8 197.2 204.4 215.7 228 239.9 248 258 271 285 301.5 304.2 302.6 301.1 297.6 282 271.9 259.6 249.4 239.3 231.7 224.4 219.4 222 228.6 239.1 251.6 258.3 264.7 265.2 268.9 269.9 269.4 267.9 264.1 260.6 255.2 250.2 250.7 248.9 243.7 239.1 234.5 227.8 220.2 208.8 200.1 192.4 185.9 181.1 177.2 173.5 171.9 174.5 177 180.6 181.8 180.4 177.6 173.5 169.5 166.9 165.3 166.8 169 170.6 175 176 175.8 174.5 175 170 165.1
193.6 196.1 195.6 191.1 190.1 190.6 196.8 208.9 221.2 236.2 243.7 254.2 269.6 277.7 291.6 302.6 308.5 309.1 307.6 301.4 286.3 270.3 258.1 247.5 236.7 227.6 225.4 231.3 239.7 248.5 255.2 261.5 267.7 271.2 276.1 277.7 277.3 274.2 271.8 266.7 258.5 258.1 257 255.8 254.4 251.7 247.7 244.3 238 226.9 214.5 203.3 194.4 188.9 185.1 183.8 182.2 182 183.8 187.8 189.1 186 183.4 179.3 175.5 170.4 170.2 171.6 176.9 180.8 178.6 178.9 179.8 178.7 177.8 174.5 168.9 164.5
199.7 202 199.1 192.8 189.8 191.3 202.8 217.1 225.4 236.2 248.5 266.5 277.3 293.8 301.1 308 314.1 316.9 312.5 302.5 290.6 271.5 258.3 246.5 235.7 229.8 239.5 250.6 259 261.7 266 273 277.2 279.7 283.6 283.9 281.5 276.9 269.6 265.2 265.1 264.6 263.3 261.2 258.8 257.5 254.5 250.4 243.8 235.4 218.2 208.1 202.1 196.7 193.7 189.9 191.8 192.4 193.4 193.1 190.7 187.1 183.7 179.5 175.8 172.8 171.3 173.2 179.5 179.7 181.8 181.3 179.6 178 175.2 170.5 165.9 160.7
202.8 202.2 199.3 190.1 190.9 194.1 204.3 218.1 230.4 241.6 262.3 280.6 289.3 297.5 305.3 315.1 320.9 319.2 310.4 301 285.7 272.6 260.5 246.4 235.5 237.8 253.4 261.2 266.4 271.4 277.9 283.5 283.8 286.7 288.7 286.1 279.7 272.9 271.1 270.1 269.3 268.6 266.8 264.5 263 262.5 258.3 251.4 244.8 237.1 228.2 222.8 216.2 204.6 199.8 195.3 195.4 194.8 193.8 191.2 187.7 184.6 181.7 178.1 174.9 172 173.8 172.7 173.7 176 177 175 173.9 171.4 168.8 166 165 158.8
203.6 201.7 194.5 191.4 191.3 193.8 206.1 222.8 238 257.4 278.1 289.7 294.5 297.7 309.9 320.9 320.4 312.8 308 297.5 285.4 272.1 260.3 248.2 239.1 250.5 258.9 265.7 274 281.2 283.8 287.5 287.4 292.2 287.8 279.2 276.5 275.5 274.2 273.9 272.9 271.4 269.5 267.8 266.6 263.3 256.2 249.6 244.2 239.4 235.6 229.7 224.5 214.7 204.1 199.7 195.3 194.1 190.9 188.4 185.5 181.1 177.9 174.4 173.6 173.6 172.5 172.8 171.9 170.5 169.6 169 167.9 166.3 165.6 164.2 163.6 158.2
204.2 198.8 193.9 191.1 191.4 193.9 207.5 223.5 249.1 268.5 282.9 291.9 297.8 301.8 313.5 322 316.3 309.5 305.2 292.8 278.2 266.1 255.5 246.3 253.5 261.9 267.2 273.7 281.2 285.8 287.6 289.7 291.5 288.6 282.1 282.1 280.8 278.5 276.1 276.1 275.1 273 270.8 268.9 265.2 259 252.8 247.9 243 241.6 237.7 231.8 224.8 217.8 210.1 200.9 196.1 193.4 186.1 182.1 180.3 176.9 174.9 173.6 173.6 173.7 174.5 173.1 171.5 169.3 168.1 167.3 165.7 165.4 163.1 162.8 162.1 157.5
204.3 200 195.9 191.3 191.5 193 203.1 228.2 257.6 270.6 282.3 291.9 304.6 314.9 315.6 315.2 307.4 300.8 291.4 281.3 269.2 258.1 254.2 260 267.1 273.8 277.1 281.3 286.1 287.9 288.6 288.9 289 286.2 286.9 284.1 282.7 280.3 277.9 276.8 276.4 274 270.2 265.9 258.9 251.8 247.6 241.9 240.4 236.7 232.8 227.7 222.7 216.9 210.7 203.9 204.1 198.6 192.1 182.2 179.2 175 173.6 173.4 173.8 174.1 173.7 171.5 170.2 169.8 168 168.3 164.8 163.1 162.9 162.6 159 157.7
206.5 204.5 199.9 194.1 191.7 192.8 203.8 228.7 258.8 268.9 281.8 300.6 322.1 319.7 316.8 312.3 300 285.8 277.9 270.5 262.1 259.3 264.1 274.3 281.8 284.5 286.2 287.5 287.7 286.3 285.3 285.1 288.1 290.1 288 285.8 283.5 280.6 277.9 277.4 275.9 270.8 266.2 257.9 250.8 245.9 240.5 235.6 233.7 230.2 227.9 222.1 216.9 215.1 215.2 212.4 207 199.2 191.5 181.8 178.5 175.3 174.1 174.1 174.4 173.7 172 171 170.1 169.2 168.2 166.8 165.1 164.1 163.8 162.8 159.1 165.1
212.9 211.1 205.6 200 194.3 192.8 205.8 230.6 256.9 268.1 282.9 313.7 322.9 314.4 310.5 304 290.7 279.9 268 262.2 262.1 269.6 283.7 287.3 289.9 291.6 291.9 289.6 287.4 286.1 286.9 291.7 292.6 290.5 288.9 285.9 282.4 279.3 277.5 276 271.2 264.3 256.8 250.1 244.8 239.2 232.7 227.8 226 222.9 223.7 224.4 223.4 221.1 216.4 212.8 206.1 197 185.6 181 179.5 178.6 176.3 175.4 174.4 173.3 172.2 170.9 170.3 169.5 168.5 168.1 168.4 167.4 164.3 159.9 165.2 170.4
