WholeMapElevations/data/nm/nm89_OST50GRID_20230518/NM89.asc
ncols 200
nrows 200
xllcorner 180000
yllcorner 790000
cellsize 50
[rows 148 to 184 of 200, columns 84 to 167 of 200]
643 648.1 656.3 660.7 656.1 667.5 680.6 690.2 680.6 670.8 661.2 657.3 630.6 609.3 595 585.8 571.9 555 542.3 536.5 531.3 522.5 519.7 518.9 529.3 543.8 557.5 559 563.2 574.2 593.6 621.3 636.5 646.6 660.2 663.8 680.8 664.9 650.5 624 607.2 582.8 567.5 569.8 556.7 544.8 524.1 505.4 484.7 470.6 461.7 450 439 430.3 416.7 404.6 395.7 377.9 369.2 362.5 360.8 360.1 356.2 356.2 359.9 360.1 362.7 347.6 341.1 343.1 348.9 333 336.6 348.5 351.7 334.8 329.1 329.3 307.8 298.4 305.4 320.8 320.2 334.9
650 651 668.2 672.2 675.9 678.1 690.9 701.5 701.5 696.7 687 669.3 657.1 635.6 618.7 605.1 598.5 578.2 561.6 549.4 544.2 546 539.6 540.7 544.3 573.1 583.6 587.3 587.6 600.3 603.5 630.1 644 644.2 661 663.3 670 639.1 628.4 603.8 577.4 564.2 548.7 533.7 519.8 507.1 494.6 482.8 462.8 448.3 430.2 419.2 410.6 396.1 382.9 369.9 365.4 363 358.4 345.4 330.9 325.3 319.1 329.3 316 316.9 305.4 306.1 305.6 298.4 296.4 303.5 306.1 313.9 309.9 294.6 278.8 264.1 261.9 250.7 250.9 265.6 271.8 276.6
649.5 657.3 672.3 687.6 692.1 693.2 703.9 710.5 719.2 721 706.3 692.6 684.8 668.7 647.2 627.7 615.5 597.6 586.8 576.6 574.9 567.3 561.8 569.9 577.2 576.7 597.7 610.1 615.2 621.6 621 640.4 645.6 655 664.2 659.4 642.6 616.3 600.5 563.3 546 532.3 526 510.2 493.5 482.7 468.1 461.9 446.6 432.1 410 400.9 384.7 369 356.7 340.4 330.5 327.3 322.5 323.5 319.1 300.7 292.3 282.2 278.3 270.4 269.3 273.9 270.4 265.1 262.3 256.7 264.5 278.8 267.5 249.7 238.4 229.4 220 217.6 218.1 225.6 231.6 235.5
648.5 660.4 681.8 700.4 714.3 712.9 708.4 716.1 718.5 725.8 717.2 706.7 703.8 690.9 675.8 659.3 638.6 626.4 614.1 608.8 600.2 594.9 597.2 612.3 612.4 608.5 610.9 619.4 639.4 645.2 636.8 646.2 657.8 670.2 664.7 655.5 618.2 595.2 568 541.7 523.9 508.5 498.3 482.2 467.6 459.5 446.7 433.8 423.4 412.5 395.9 375.9 364.4 347.3 335 316.2 306.6 299.6 299 292.5 287 272 256 251.4 247.1 243.1 247.5 244.5 240.4 231.7 226.3 227.7 242.7 251.7 237.8 222.4 206.8 201 203.1 198.8 194.7 196.8 198.5 201
658.2 670.4 689.6 710.8 714 716.4 710.4 722.7 724.5 721.5 716.9 716.4 712.6 709.9 703.6 685.8 669.7 652.9 642.6 642.8 631.7 644.1 645.3 644.8 635.4 645.6 642.7 639.1 645.9 648.2 645.9 650 655.3 659.1 661.7 634.6 604.1 578 553.4 526.9 502.9 488.5 474.9 452.7 440.6 433.8 422.6 409.2 398.6 380.3 365.7 355 340.4 326.1 308.1 293.1 284.6 274.6 275.6 279.5 267.6 248.4 231.4 224.6 224.5 222.9 214.9 213.5 211.8 214.1 205.8 215.6 226 228.6 211.3 190.6 179.1 181.8 178.9 178.9 178.4 177.6 177.7 178.1
667 671.1 693.5 712.5 720.2 712.3 704.5 708.6 706.7 705.2 702.5 708.4 709.2 699.5 693.6 687.7 688.9 686.5 678.8 669.1 669.3 672.5 671.2 673.3 664 669.8 662.6 661.1 654 655 651.9 655.7 659.9 663.3 652 624.8 602.1 570.3 533.4 505.3 486.7 464.4 443.9 424.9 412.1 401.9 390.1 381.2 376 358.3 337.5 324.4 318.5 308.6 295.6 282.4 268.9 256.1 255.4 257.4 243.1 226.9 218.8 210.3 205.6 208.1 195.3 198.7 191.8 199.5 207.6 226.2 208.9 195.9 172.7 164.3 172.8 159.7 162 163.8 164.4 176.8 189.9 191.1
663.1 670.7 700.2 708.7 702.8 683.6 672.3 677.3 687.3 682.4 671.6 681.9 685.4 680.5 678.6 673.8 678.1 699 699.1 683.4 680.8 678.9 692.1 694.5 684 678.6 667.3 660.8 658.5 660.7 662.4 656.5 660.3 647.6 632 612.4 587.9 557.3 527.6 502.9 474.6 447.7 424.8 407.4 390.3 379.9 367.5 360.7 349.4 327.4 306.1 297.3 307.5 297.9 283.2 268.1 255.3 242.3 233.9 225.4 219.6 216.1 210.8 198.8 195.7 181.5 162.4 162 169 164.6 187.3 179.1 178.3 160.4 146.1 139.9 147.2 150 150.2 152.5 155.3 158.7 196.2 202.7
641.7 643.8 645.1 656.5 654.9 642.3 646.1 651.2 656.8 653.8 652.3 664.6 672.9 666.7 660.7 661.7 668.6 680.1 701.3 687 677.8 669.6 678.6 681.3 679.7 669.4 659.4 664 657.8 648.7 649.7 658.6 642.2 630.6 628.1 612.8 567.6 530.1 504.5 486.7 458.4 432.3 412.3 390.9 375.6 365.1 343.8 330.2 311.7 295.8 276.3 269.3 275.3 260 251.5 254.7 240.5 232.1 227.1 219.5 213.1 207 205.3 190.9 177.5 161.5 137.9 131.3 132.3 133.3 153 161.5 147.9 128.3 123.3 129.6 149.9 152.4 148.8 151.7 163.3 185.7 209 214.3
602 613.6 614.4 619 615.8 616.6 629.9 630.9 629.2 630.9 628.7 640.7 643 653.2 649.5 651.6 653.7 660.1 674.9 662.9 658 648.9 646.6 653.2 647.1 640.6 646.3 640.9 629.6 628.4 631.4 625.8 623.8 619.4 608.2 570.7 536.5 505.9 477.5 466.3 442.8 411.9 393.3 372.6 352.1 335.3 320.5 302 280.1 267.7 249.2 236 233.3 240.3 230.4 229.2 226.3 223.6 215.6 206.9 199 201.8 192.4 174.7 150 142.6 118.1 108.3 104.9 105.8 124.1 133.8 126 115.4 125.6 138.9 147.5 162.3 157.8 160.4 179.5 206.4 226.8 230.3
579.8 579.8 582.1 590.9 599.2 592.6 605.8 609.7 610.9 615.1 616.6 618.4 626.1 639.9 639 644.7 645.5 652.6 658.6 648.4 644.1 637.8 644.1 637.5 634.8 631.8 627.7 616 601.7 595.9 595.6 592.3 586 577.2 558.3 534.8 511.6 480.1 452.1 432.1 415.1 396.9 380.5 358.7 333 312.9 299.3 283.7 263.7 243.4 224.6 212.9 202.2 204.5 204.6 216.6 219.2 206.9 192.7 184.9 189.6 183.5 167.5 145.1 136.2 125.8 98.8 92.2 90.4 99.6 122.5 124.8 111.2 145 176.4 178.9 172.7 170.4 187.4 186.9 194 220.9 241.5 248.4
569.2 554.4 557.9 565.2 579.1 573.1 581.6 581.9 579.2 590.7 593.7 603.1 608.6 616.8 629.2 632.2 633.6 643.7 638.4 624.4 623.9 621 625 611.2 614.6 604.9 595.3 586.6 572.9 571.6 570.5 563.9 557.7 547.9 528.8 503.8 476.1 449 425.4 406 395.7 382 364.4 338.6 317 288.1 275 256.2 232.4 219.1 205 191.9 182.3 182.1 196.8 193.5 195 179.6 161.6 161.1 167 159.7 147.4 124.5 119.3 100.8 80.8 76.6 81.2 95.5 115.5 105.3 141.4 174.2 213 216.3 206.7 209.8 223 211.9 210.1 242.1 267.5 277.5
550.1 541.1 532.5 545.2 558.8 564.1 562.5 570.1 558.7 561.9 575 575.4 585.9 588.4 607.6 616 619.2 616.3 613.8 603.7 595.8 596.2 599.1 597.9 597.7 594.7 575.7 573.9 558.6 559.9 556.8 556.1 544.9 521.5 502.3 475.9 447 423 401 382.3 365.6 352.1 333.5 308.4 290.1 272.4 256.3 234.9 213.6 197.1 185.8 176.6 163 162 158.5 155.1 155.7 155.3 137.5 144.6 154.2 143.4 122.4 110.2 95.7 78.6 63.7 65.1 81 98.3 106.2 135.6 163.2 203.1 220.3 256.6 240.1 248.7 247.5 238.1 232.9 263.4 303.4 312
529.6 519.9 511.2 525 543.2 540.4 542.5 545.6 541.8 544.5 549.5 554.5 565.2 573.7 592.1 601.1 608.9 604.2 590.3 578.3 580.5 586.6 580.2 581.3 581.7 574.8 565.4 555.5 545.4 542.7 540.1 532.8 520 498.7 479.3 457.5 426.5 399.3 379.7 358.9 347.3 326.8 301.6 280.6 266.4 243.7 229.1 212.5 197.1 185.3 165.3 155.6 144.9 146.5 146.7 138.1 134.2 128 111.5 122.4 130.3 118.8 111.8 88.9 73.3 62.7 64.3 80.2 111 128.8 141.2 157.5 192.4 230.1 284.5 278.1 265.4 294.1 287.5 267.9 271.5 276.9 294.3 319.2
509 496.7 480.9 490.5 514.5 515.3 520.8 518.5 524.1 537.1 546.4 547 558.5 565.7 573.7 578.5 580.6 586.9 584.3 565.2 547.5 548.9 552.4 552.9 571.2 567.2 555.2 540.5 532.9 521.9 527.6 513.8 499.7 474.9 452.9 434.4 392.1 385.3 361.4 333.6 315.5 298.2 281.3 259.2 242.1 226 212.8 198.6 183.8 162.1 148.9 137.9 129 125.5 129.4 122.2 124.7 110.8 92 99.2 109.1 100.9 85.3 72.8 61.5 57.7 83.2 102.1 132.2 177.6 185.5 189.2 209.8 281.8 304.3 291.5 294.5 329.2 312.2 337.8 322.9 314 323.6 329.1
485.8 471.8 453.6 460.3 482.4 490.5 489.4 499 506.9 520.4 537.9 536.6 541 547.2 557.8 568.2 565.1 561.4 560.6 548 535.3 537.7 521.5 526.5 542.4 552.2 524.2 514.1 508.2 502.2 501.7 487.8 468.2 438.6 411 385.3 363.9 346.1 330.1 313.4 295.5 274.5 258.8 241 226.9 209.9 201.1 188 163.6 144.6 127.7 121.3 127 107 112.6 102.4 103.3 97.6 84.3 77.1 97.2 83.4 63.5 61.5 52.9 85.8 105.8 136.1 163 205.2 222.1 229.2 237.8 299.6 330.7 325.9 340.8 354.5 368.4 377.7 374.5 365.2 359.6 358.2
464.1 452.1 436.6 431.8 448 466.4 475.8 479 481.9 493.8 508.3 506.5 517.2 521.6 543.1 550.2 553.7 540 544.1 545.9 531.7 515.8 510.5 503.5 508 517.5 499.3 487 478.5 462.9 459.1 448.6 430.4 412.2 392.4 375.5 353 326.1 309.1 296.3 277.1 258.7 242.1 224.1 203.9 192.9 184.3 163.2 140.9 122.4 112.6 104.8 96.9 83.5 91.7 84.6 89.4 83.1 69.2 63.3 82.4 75.2 48.1 56.8 71.3 94.6 121.4 153.1 188.9 234.5 249.6 255.1 274.9 327.4 344.9 361.9 369.3 375.7 402.5 407.5 401.7 393.5 388.9 379.2
442.7 428.6 418.4 403.5 417.9 434.5 458.8 460.4 461.3 468.3 480.8 485.5 495.5 516.8 532.7 535.1 528.7 532.3 523.7 525 513.3 505.6 504.1 499.5 494.2 489.1 478.2 463.7 459.7 448 441.9 435.1 422.8 405.9 388.6 369.7 336.3 315.5 289 275 261.2 248.4 233.3 203.3 186.5 171.8 160.1 141.6 121 104 91.3 87.7 78.4 63.1 67.5 77.2 82.5 73.3 49.8 66 77.9 55.5 56.6 69.8 92.4 114.9 151 175.8 227.2 261 275.6 299 332.2 341.7 360.9 386.4 388 398.3 426.1 420.7 425.7 422.3 412.8 424.4
423.1 411.3 399.6 388.3 393.1 403.4 432.8 438.3 438.4 449.8 457.7 463.4 477.2 493 507.2 515.7 520.4 499.6 504.4 510.8 497.8 490 497.7 488.2 483.1 478.3 469.5 455.8 446.7 440.9 422.9 416.8 407.3 384.9 368.1 341.7 319.9 298.4 275.1 258.6 240.3 228.2 207.5 183.6 164.5 151.4 134.3 119 102.1 91.9 82.2 66.1 52.6 51.3 56.1 67.9 73.8 61.5 40.7 43.1 47.2 46.2 60.9 81.6 114.2 133.1 173.4 218 257.7 286.3 302.1 332 348.2 359.5 379 393.1 411.1 422.9 434.3 440.6 450.1 450.7 456.4 448.9
404.3 396 381.4 370.2 375.8 385.6 402.2 413.8 423.5 424.8 433.8 447 463.1 486.2 491.5 499.6 504.6 495.1 475.4 471.8 474.5 470.2 460.7 459.3 457.2 448.9 448.2 440.3 441.7 430.9 405.8 397.1 380.8 365 350.8 332.4 310.3 286.2 261.4 235.3 221.3 202.6 185 165.3 150.3 129.8 112 95.5 84.6 79.2 74.4 45.9 38.9 45.1 49.7 58.2 63.2 53.9 33.7 37.8 48.8 66.3 78.9 103.5 133.8 151.4 205.4 256.8 293.8 317.6 327.2 330.1 355.3 371.1 396.4 410.2 426.8 444.7 457.9 471.9 473.6 475.9 466.4 459
387.8 380.2 358.7 349.2 352.2 364.7 381.8 394.4 398.9 405.4 420.5 427.1 447.7 471.8 480.4 475.8 481.8 488 465.6 449.8 439 437.9 428.3 427.8 420.3 429.9 422.3 419.4 417 401.5 384.1 375.5 372.2 359.7 338.5 323 301.1 281.1 258.3 230.5 211.4 194.1 169.1 154.5 138.4 117.3 101 79.9 67.8 67.4 51.5 27.1 25.5 32.1 38 43.9 46.7 42.5 30.1 45 56.7 70.7 89.8 110.2 134.4 165.2 218.6 284.4 314.1 330.9 347 350.5 371.6 394.3 421.2 435.8 450.1 456.9 472.5 489.7 492.6 501 496.7 486.6
367.8 359.5 338 333.6 334.6 347.8 359.5 365.6 379.8 384.7 394.4 409.6 436.5 449.7 456.5 440.5 449.6 458.8 439.1 420.1 413.4 391.8 390.8 381.6 391.8 387.1 383.8 381.1 388.1 384.3 369.8 360.5 346.1 335.3 319.3 300 280.7 262.6 243 223.6 203.3 180.3 160.2 141.7 122.9 107.4 86.2 66.6 52.7 47.8 32 21.8 22.9 24.2 25.2 27.1 40.2 35.8 32.7 48.7 70.7 80.6 103.4 120.5 155.2 182.1 220.5 278.5 328.2 348.8 365.7 379.3 397 421.4 445.2 459.5 474.8 472.6 499.5 509.3 526.1 518 502.3 502.5
342.3 329.5 315.1 318.9 322.3 335.5 340.1 351.3 358.5 366.6 377.3 385.4 410.2 420.9 420.8 415.4 415.9 415.7 399 389.9 373.5 362.5 347.7 347.1 350.7 349.3 351.2 369.3 375.6 359.9 343.7 347.2 322.5 308.9 305.2 280.4 268.1 256.4 235.9 213.4 193.2 172.5 152.8 134.3 105.3 87.5 74 54.3 43 33.8 25 20 20.7 20.4 22.9 26.3 42.6 24.3 37 52.4 72.4 87.7 116.9 140.4 178.2 187.3 241.3 282.5 334.5 362.4 383.9 406.6 420.9 439.9 457.4 481.7 494.2 499.9 510.4 521.2 526.2 530.9 528 515.7
310.9 296.9 291.3 306.8 301.9 317.9 316.1 321.4 332.5 347.4 354.1 360.9 375.1 386.8 387 371.8 376.5 380.1 358.5 348.6 342.2 342.3 322.2 311 324.1 320.2 328 336.2 346.3 331.1 324 320.2 291 299.9 278.6 275.6 263.2 240.9 219.5 204.9 180.6 162.1 145.9 122.1 97.4 74.4 57.4 43.2 35.7 27.7 21.4 18.8 18.9 19.4 21.2 19.9 22.4 28.5 41.2 57.1 74.7 98.1 133.5 159.6 184.7 214.3 261 294.7 345.1 372.3 405.7 431.2 446.5 455.8 475.7 499.1 520.8 524.2 531.5 543.7 548.7 562.3 562.9 548.3
278.8 272.3 262.2 280.1 276.9 290.9 296.2 301.1 312 328.7 321.7 331.7 335.3 352.8 358 337.1 335.9 337.5 328.4 307.2 312.5 311.8 302.7 283.3 289.8 295.6 296.7 307 319.9 321.4 294.4 289 263 263.8 256.1 241.8 228.3 215.4 203.1 193.5 169.2 147.6 133.5 104.6 83.2 66.8 50.4 38.3 31.9 28.5 19.5 17.4 18 18.6 19.8 24.8 25.2 28.6 48.5 71.8 91.6 118.7 161.2 208.3 231.2 249.6 277.6 311.2 343.4 382.8 411.9 440.5 448.1 471.8 494.7 511.5 523.2 538.3 545.5 549.7 565.1 561.4 566.5 572.5
246.2 247.5 241.6 236.9 252.7 256.1 274.1 279.1 284.6 296.4 287.4 292.5 308.7 315.7 322.2 317.1 305.1 290.8 284.9 282 286.8 291.5 284.4 265.1 271.3 279.7 289.2 297.2 304.4 284.5 255.3 249 240.5 221.5 222.7 214.7 201.1 175.6 176.6 169.4 147.6 133.3 115 84.7 63.8 51.8 39.6 31.1 24.7 19.3 15.1 15.7 16.3 19 20.8 25.6 31.2 38.5 56.5 89.6 120.9 166.3 190.3 228.4 263.6 293 307.7 328.6 371.6 412.1 416.9 434.7 455.3 481.8 480.7 502.7 515.1 525 529.9 541.3 548.8 560.9 573.6 568.9
225.1 226 216.5 204.9 224.3 230.8 238.9 240.1 254 263.2 262.5 272.6 287 294.8 291.3 275.7 267.6 267 264.1 272.2 271.1 287 277.5 250.5 241.1 258.1 258.6 261.1 258 246.3 234.3 224 209.8 190.1 185 163.7 148.2 139.1 133.9 127.9 117.7 114.8 83.8 60.2 43.2 37.3 29.3 21.9 19.4 17.4 15.1 18.2 17.6 20.4 23.4 30.8 36.1 48.2 75.1 115.7 167.3 228.3 250 260.7 291.8 321.6 342.7 363.9 379.7 411.2 429.8 433 439.9 448.6 479.1 496.1 497.7 490.5 490.1 499.9 531 536.8 553.5 559.9
205.3 204 194.8 187.3 191.4 200.7 194.1 194.4 220.7 237.5 239.9 244.3 259 265.1 251 249.5 256.8 252.3 246.2 242.9 250.9 246.9 246.1 233.1 212.5 223 230.4 238 228.9 211.5 212.8 200.3 179.5 161.2 155.3 134.7 118.7 108.5 102.3 94.6 87.6 75.4 58.3 40 28 22 20 17.6 16.9 14.2 13.1 17.1 17.5 20.9 25.7 38 49.5 68.4 112.4 164.1 204.8 252.6 286.9 305.8 316.1 344.7 364.2 391.4 404.1 405.5 408.6 405.3 410.5 429.6 452.8 461.5 459.4 458.7 461.8 469.9 491.3 540 563.2 572.4
189.7 182.8 172.9 168.4 165.2 165.1 169.1 172.7 193.3 201.9 211.4 215.5 225.6 227.9 243.1 247.2 238.5 232.4 219.2 223.8 213.7 213.4 214 209 207.7 183.3 192.2 207.3 215.6 184.6 189.3 181.2 159.2 134.3 112.7 101.5 93.2 85.5 77 71.4 59.2 47.7 38.1 28 17.9 16.4 16.2 15.9 14.5 13.6 13.8 15.8 17 21.3 34.9 50.9 70.8 109.4 152.6 206.4 241.8 278.4 319.6 336.5 358.4 367.3 383.5 381.8 381.7 378.3 377 374.1 387.5 400.2 412 416.6 421.6 426.8 443.4 453.7 472.6 509.2 538.8 556.7
169.1 159.8 155.7 154 151.5 152.4 148 144.9 152.6 176.7 185.9 191.9 196 216.2 243.3 232.2 222 209.4 188.3 196.2 197.2 191.6 187.5 187 175.1 163.9 162.7 174.5 189.7 162.2 151.3 129.7 112.6 101.5 88.2 73.5 67.5 63.1 60.4 55.5 40 25.1 27.6 23.2 15.4 14.5 15 14 12 12.3 13.3 14.8 17.7 29.8 47 62.8 101.8 133.5 184.6 232.7 280.3 316.8 339 354 359.5 356.1 352.4 349.1 348.3 352.2 344.4 350.2 359.5 364.3 378.3 388.7 398.2 396.2 441.2 459.9 447.6 460.3 487.9 525.3
150.7 139.2 130.8 134.9 133.8 136.2 131.4 123.9 129.5 150.5 164.2 168.5 192.2 204.6 218.3 216.3 193.1 183.6 165.8 169.9 168.8 176.3 171.1 163.9 155.6 154.4 141.7 142.4 143.7 126.9 111 98.7 86 74.4 59.2 54.7 49 47.9 44.5 39.5 33.9 20.9 20.3 17 14.4 13.3 13.4 13.9 11.7 12.2 12.7 14.2 21.3 39.2 50.7 77.2 123.7 156.4 193.9 248.1 286.2 301.4 303.6 329.3 331.2 328.7 334.4 314.4 309.5 308.5 319.8 322.6 327.6 348.4 362.1 361.9 375 372.3 372.2 409.7 420.2 434.2 448.8 488.4
127.8 113.3 116.9 115.3 118.6 117.3 114.5 109.3 110.6 129.6 149.4 168.7 180.3 190.9 196.7 182.1 170.7 162.4 145.9 136.7 146 142.4 144.8 140.6 144 136.4 131 128 110.5 107.3 99.7 79.3 68.3 60.7 44.2 35.8 36.4 37.4 34.6 30.3 28.6 17.7 15.7 14.3 12.6 11.4 11 11.6 11.8 11.1 12.1 16.6 28.7 43.4 65.8 97.3 143.5 171.8 211.7 239.9 259 260.8 290 289.4 299.6 292.2 286.8 270.9 274.1 287.7 300.5 301 303.8 321 339.3 343.2 341.3 343.6 346.7 366.6 387 400.3 414.4 431.1
104.8 95.3 99.5 90 95.2 96.8 94 83.2 89.2 119.2 131.9 154.7 164.1 177.3 179.7 162.2 153.8 143.5 130.2 119.1 120.5 128.9 120.9 114.4 119.8 121.5 117.4 96.8 93.5 89 78.9 63.4 48.4 41.3 31.3 25.6 28 30.7 27.5 20.2 18.5 16.2 15 14.4 14 11 10.5 10.6 10.5 11.2 24.7 28.9 38.3 57.7 85.3 117.3 151 187.5 215.6 221 224.1 243 246.4 247.7 246.5 246.2 240.5 248.2 263.5 276.2 281.5 275.6 280.4 290.1 307.6 315.7 327.2 336.4 329.9 342 354 369.9 377.9 395.4
77.7 76.1 73.1 72.8 74.7 72.9 71.4 70.1 87.7 105.5 127.4 141.4 161.6 170.2 156.5 146.1 130.5 130.4 114.9 107.3 102.8 107.8 105.8 97.3 94.8 94.6 94.5 82.7 71.9 65.4 56.8 44.9 34.8 22.7 19.3 17.6 15.8 16.5 15.3 14 14.4 14 13.9 13.9 13.8 10.7 10.3 10 11 23.3 35.2 42.6 53.9 71.3 96.4 134.4 170.8 194.8 203.1 194 198.5 210.7 218.7 216.5 216 220.6 237.2 242.3 254 267.2 267.8 262.8 264.4 274.9 287.3 300.4 300.2 306.9 315.8 323.6 329.2 342.1 354.4 363.3
60.5 56.2 52.8 49.6 61.5 61 53.3 66.7 81.5 90.1 116 121.7 142.3 141.8 138.5 123.7 115.4 111.6 103.1 96.3 90.2 86.1 88.9 79.9 78.3 75.2 72.3 69 56 56.5 43.7 34.3 21.5 13.6 9.2 9.7 10.8 10.8 10.6 11.4 12.1 11.8 12.2 12.2 10.3 10 9.6 9.5 14.1 35.2 48.1 55.3 68.6 92.3 124.4 158.4 169.7 175.6 176.4 182.7 177.6 181.1 186.3 192.6 205.3 223.5 239.2 239.6 243.9 252.2 258.6 256.7 257.2 267.5 286 283 292.2 289.3 298.8 311.3 316.2 320.1 327.4 347.3
42.9 36.8 31.8 33.3 36.4 37.8 52.7 65.5 72.8 76.9 86.3 100.9 116.3 118.4 123.1 112.2 106.8 102.9 93.1 87.6 77.7 68.8 70.4 63.5 55.9 56.4 56.7 54.1 45.7 48.4 36.8 23.1 11 9.2 9.2 9.2 9.2 9.2 9.2 11.1 11.1 11.2 9.2 11.2 9.6 9.8 9.4 11.9 24.7 39.7 53.9 65.8 82.7 107.6 128.9 141.8 147.2 153 149.8 146.9 146.1 166.5 184.7 204.5 218.4 237.2 234.1 236.2 246.3 261.8 259.9 253.1 256.3 259.7 263.8 272 276.5 284.1 296.1 294.6 297.9 302.7 307.9 321.3
17.7 17.1 20.3 29.2 32.1 41.5 51 58 56.5 58.9 69.9 90.2 100.8 103.8 99.8 98.3 107.5 90.8 80.1 72.2 57.9 42.5 43 44 37.7 31.6 27.1 31.4 29.3 31.3 19.9 10.2 9.2 9.2 9.2 9.2 9.2 9.2 9.2 9.3 9.2 9.2 9.2 9.2 9.5 9.4 11.2 15.1 28.9 41.1 53.8 69.2 87.2 100.9 117.8 122 124.5 120.1 134.5 146.9 159.7 184.3 207.7 219.8 228 228.9 230.4 232.1 236.9 244.4 248.3 252 259.5 267.1 272.8 267.3 271.8 279.7 281.2 283.7 289.1 290.1 295.7 304.4
11.6 12.8 17.4 23.3 34.7 39.8 43 49.7 60.1 63.9 65.6 66.8 83.1 93 85.9 81.2 86.5 78.3 69.6 63.9 50.1 29 23.3 19.8 16 17.3 16.1 21.7 17 13.6 9.6 9.2 9.2 9.2 9.2 9.2 9.2 11.2 9.2 9.2 9.2 9.2 9.2 9.2 9.2 9.2 9.4 13.4 25.9 35.8 55.4 64.3 76.4 82 86.5 105 121.6 140.4 149.2 164 182.9 204.5 221.4 239.1 250.1 254.5 250.2 252.1 260.3 267.5 265.7 271.6 276.8 283.1 279 274.6 277 277.4 282.1 283.8 284.2 288.7 291.3 297.1
