WholeMapElevations/data/nn/nn36_OST50GRID_20230518/NN36.asc
ncols 200
nrows 200
xllcorner 230000
yllcorner 760000
cellsize 50
[rows 105 to 139 of 200, columns 78 to 155 of 200]
809.5 784.2 745.6 723.4 698 682.7 663.7 643.4 626.7 610.8 604 591.2 578 568.4 561.2 560.2 551 544.2 543.6 539.1 536.7 528.7 525.5 518.4 512.1 513 514.4 514.2 518.3 515.1 512.6 508.2 505 500.5 496.6 491.3 481.7 474 468.7 462.7 458.2 452.8 447.8 441.3 435.8 430.3 424.7 420.3 416.9 412.2 409.7 406.3 402.3 400.6 399.8 399.8 396.2 393.9 392.4 390.9 392.1 391 390.3 394.4 392.2 391.6 390.6 390.8 392.1 395.2 395.8 396.1 399.1 398.2 401.7 403.3 403 405.7
794 762.7 732.8 713.5 697.3 674.9 656.1 644.2 627 607.8 595.7 584.4 577.6 568.2 563.6 557.3 554 549.4 547.3 539.6 533.1 527.6 521.3 517.9 513.3 513.6 513.7 514.7 516.4 515.4 510.5 506.9 505.1 501.7 497.3 489.6 481.9 476.4 471.4 466.3 460.9 452.8 446.8 442.6 438 430.5 424.9 422.9 415.9 411.8 408.8 404.2 404.7 402 400 400.8 396.5 394.8 392.8 390.4 389.8 389.1 389 391.4 391 390 392.9 393 391.4 394 395 396.1 398.6 398.6 399.4 400.3 401.2 401.4
773 742.7 727.6 707.7 690.1 674.6 659.4 640.7 623 612.7 602.4 584.7 575.8 565.7 558.6 553.9 555.1 546.6 540.3 535.7 532.1 525.6 517.9 516.7 513.1 511.7 512.8 514.2 516.6 515.2 508.5 504.7 505.1 501.5 494.1 488.1 481.2 474.9 471.4 464.3 457.9 450.5 448.4 441.4 434.4 430.7 426.4 419.5 414.4 410.3 408 407.1 408.4 404.5 401.5 398 398.3 392.7 393.6 392.2 389.8 389 388.6 389.9 390.1 389.8 393 393 392.1 392.1 392.8 395.7 398.4 403.2 398.7 398.9 398.6 399
764.9 739.3 716 699.8 685.7 669.3 652 636.1 625.2 614.3 601.3 585.2 572.6 564.1 558.7 553.7 544.7 537.2 533.9 532.7 529.1 524 518.2 512.3 509.4 510 509.2 511.6 513 510.7 504.6 503.1 500.5 497.8 493.7 486.6 478.7 472.3 469.4 461.5 454.3 451.5 445.4 438.3 432.7 428.7 422.7 417.1 412.2 410.9 411.9 411.4 409 405.8 401.4 398.3 396.1 392.8 393.7 391.9 389.5 389.8 388.5 388.9 388.5 388.9 389.7 391.6 391.9 392.3 391.2 391.4 394 399.3 398.1 396.6 396.4 396.7
760.4 737.4 713.3 699.4 683.7 670.4 657.7 642.1 625.2 616.3 598.2 583.3 569.5 560.5 552.8 546.4 540.1 532.8 532.8 529.2 527.8 520.9 514.5 511.7 505.7 505.1 506.9 507.1 508.1 506 504.5 502.4 499.7 494.1 488.7 481.4 474.7 469.4 465.3 460.6 457 452.1 445 439.9 435 428.1 421.7 419 416.6 416.7 415.1 411.9 410.5 405.5 400.9 396.5 396.4 395.5 393.8 394.4 396.6 392.8 391.1 388.7 389.5 391.6 391.1 389.1 390.1 387.9 389 391.8 391.4 393.2 395.3 395.2 395.1 397.2
741.5 725.2 708.1 693.9 682.6 674.6 658.6 645.6 620.8 604.7 592.7 575.5 564.8 552.7 548.9 542.2 533.1 527.9 524.4 521.6 518.6 517.1 512.6 508.1 502.8 503.7 502.1 504.5 507.7 503.8 502 502.8 493.9 489.4 483.3 477.7 472.8 470.6 464.5 460.9 457.2 449.4 445.7 442 434.7 427.9 424.6 425.1 422.3 417.6 412.2 408.5 408.5 404.6 401.6 399.6 400.1 399 399.9 396.5 394.3 392.5 390.3 390.2 392.5 387.9 386.2 387.8 387.3 387.6 389.9 388.4 389 389.6 391.9 393.9 397.5 396.7
734 716.6 703.9 691.6 683.8 669.7 656.9 639.8 616.8 598.2 581.1 571.3 560.5 551.8 545.4 539 534.8 524.1 521.6 519.6 515.8 513.9 507.9 504.1 500.2 500.8 501.5 502.4 503.5 503.6 500.8 494.8 491.1 486.2 481.5 476.1 474.4 470.6 464.8 458.7 454.1 452.1 445.8 439.7 437.4 433.5 430.9 426 418.2 415.4 410.7 408.6 406.5 406.3 405.4 402.2 400.3 399.3 398.7 398.6 394.6 394.7 395.9 392.8 391 388.7 387.7 387.1 388.5 391.7 389.3 388.8 388.8 393.2 395.2 398.1 398.9 398.4
727.4 712.7 698.6 688.4 680.2 665.9 651.8 633.5 612.4 593.7 582.1 569.5 558.8 550.7 545.1 534.5 527.4 522.1 519.1 513.3 513.8 512.4 509.1 504.1 499 498 496.4 498.1 497.9 494.4 491.3 489.9 488.5 484.2 479.3 474 470.7 468.9 463.4 457.1 452.1 448 444.2 441 437.7 432.7 426.5 420.4 415.9 412.5 411.3 409.7 408.8 407.2 405.3 402.9 400.4 399.7 397.1 397.4 394.7 392.1 391.9 387.5 388 389.7 387.9 388.5 395.1 388.6 388.4 389 389 395.3 396.1 397.7 398 399
723.3 710.3 695.8 685.9 675.5 658.6 640.9 624.2 603.5 585.5 571.2 559.7 549.7 548.4 545.3 529.8 521.7 521.4 514.7 509.7 511 509.8 505.9 501.8 498.4 492.5 493.3 494.4 491.7 489.7 490.7 489 485.8 478.8 476.7 470.2 467.1 462.1 456.9 453.3 448.8 446.7 444 441.7 435.4 429.7 425.1 421.6 418.7 416 412.9 412.9 409.1 407.2 406.2 403.9 403.7 398 395.7 398.7 391.3 388.7 389.3 386.8 387.2 390.7 388.2 388.1 387.8 388.6 389.5 389.2 389.6 392 393.9 397.7 398.4 398.4
720.6 708.9 694.3 682.1 676.6 653 625.6 601.4 585.2 572.8 565.2 554 545.9 545.7 546.1 534.2 521 518.1 510.9 509.1 507.1 502.6 500.6 500.3 495.1 493.1 489 487.7 486.8 485.9 485.5 487.9 481.6 476.5 473.3 467.3 460.6 458.1 456.9 454.6 449.7 449 443.4 437.4 434.4 429.4 427.2 423.5 420.6 416.3 413.6 411.6 409.2 408.4 403.9 403.4 403.1 398.8 395.6 390.6 387.5 387.3 391.8 391.5 387.9 389.3 389 387.8 387.9 389.7 393.5 391.2 391.1 391.9 393.9 398.9 397.7 398.4
724.5 713.9 702 690.3 679.8 645.8 619.3 591.6 571.6 557.7 549.5 543.5 540.6 541.4 538.6 523.3 519.1 516.7 509.1 505.4 506.1 500.3 497.1 494.4 492.3 488.6 485.7 485.7 484 483.7 479.8 480.4 480.3 476 467.4 463.2 459.7 456.8 456.5 453.1 449.5 444.4 439.4 437.2 438.2 429.8 428.9 424.8 421.2 417.2 413.3 411.1 409.2 406.7 404.2 402.4 400.2 395.6 393.9 389.9 387.8 387.5 387.6 387.7 386.8 387.7 388.1 387.2 388.9 390.1 391.4 390.8 391.3 393 393.3 393.5 395.5 396.1
734.3 715.4 702 683 658.3 625.1 596.4 568.2 552.7 544.2 542 538.1 534.9 534.4 526.4 518.5 515.6 513 509.8 505.4 497.8 496.5 496.2 491.1 487.4 484.7 485.3 483.8 481 478.3 477.1 475.3 471.1 469.1 466.1 461.3 458.2 456.9 452.4 448.6 444 441.2 439.5 435.3 432 429.2 426.3 426.2 422.7 419.2 413.3 411.5 407.3 404.3 401.8 399 397.5 393.1 391.7 390.4 387.2 386.8 386.8 386.8 387.3 386.6 387.2 387.6 388.3 389.7 391 392.5 391.1 392.5 391.1 394.3 393 392.7
729 705.8 683.6 662 632.2 601.2 579.9 553.1 542.5 536.4 531 530.4 529 528.4 523.4 519.5 515.6 514.2 512.2 504.3 498.8 496.7 495.4 491.6 484.3 483.5 483.1 482.6 478.6 478.8 473.7 471.2 467.5 465.8 465.6 458.9 456 455.8 448.6 447.3 446.3 440.8 437.8 435 431.2 428.6 424.1 423.4 420.1 417.3 414.9 409.5 405.8 402.1 399.9 396.7 396.3 392.7 391.2 388.8 386.5 388.2 387.1 386.7 388.8 387.3 386.6 387.1 388.6 390.1 391.2 392.9 392.3 390.9 391 390.6 390.6 391.3
717.1 688.3 665.3 640.2 614.6 585.7 565.5 545.6 538.1 528.9 523.1 526.6 523.6 524.8 523 519.4 514.4 514.9 510.8 503.8 498.1 496.7 495.4 491.8 483.1 480.2 478.4 481.4 479.3 476 472.6 469.3 468 462.9 461.6 456.4 449.5 446.3 444.6 444.2 441.4 440.2 438 435.1 432.9 428.3 425.8 421.6 418.8 416.9 413.7 411.4 404 399.1 396.2 394.5 393.4 390.5 388.5 388.7 386.2 389.3 389.5 394.5 390.8 387.9 388.3 388.4 389.2 390.5 389.5 390.7 390.9 390.5 390 388.9 388.2 387.5
714 684.1 662.2 639 603.5 574.7 553.1 540.3 530.1 517.7 519 518 517.8 516.5 519.3 515.8 512.4 511.1 510.6 500.8 494 490.7 489.8 487.1 483.3 480 478.5 482 477.5 476.4 470.7 467.4 458.1 453.8 451.5 447.4 443.8 442.1 441 440.4 439.3 439.6 438.6 434.1 431.2 427.4 421.9 419.1 417.5 413.6 410.1 406.6 409 404.3 398.4 394.6 392.5 391.8 389.9 394.3 387.9 386.5 386.7 387 388 388.5 389 388.8 390.4 390.2 390.3 389.9 390.6 389.9 391.3 389.9 388.1 388.4
717.9 684.2 649.3 621 599.8 562.2 547.1 536.2 524.9 515.8 516.4 516.3 516.2 514.9 515.1 513.9 512 511.7 506.5 496 493.6 493.4 490.4 487 482.6 479.5 477.4 476.5 477.3 477.8 470.3 463.5 454.7 449.3 446.7 442.4 440.1 439.2 439.6 439.1 438.2 437.2 433.5 429.8 427.2 423.4 421 419.3 412.4 409.8 407.2 402.8 400 397.4 396 394.7 392.4 391 389.3 387.9 388.3 387.3 386.3 386 385.5 385.8 386.7 388.4 387 387.2 390.5 391.7 390.6 387.4 386.9 390.9 389.2 387.4
710.2 674.7 649.3 607.6 578 556.5 544.1 532.6 521.1 513.4 513.3 512.4 515 516.5 514.1 513.7 512.3 507.4 498.5 494.8 494.1 493.2 490 485.8 482.2 477.9 474.3 475.8 477.6 472.5 469.9 459.5 452.5 449.2 441.8 439.4 438.3 436.4 435.1 438.6 433.2 430.3 428.7 430.5 425.1 418.5 416.4 412.2 409.2 406.1 402.9 400 397.6 396.2 392.9 392.1 391.4 390.8 389.6 389.2 388.5 388 389.2 388 387.2 385.8 385.1 386.5 385.3 386 386 385.7 387.6 386.7 386.3 387.6 387.8 387.7
700.1 678 635.8 603.9 578.9 556.4 540.4 532.1 521.7 509.1 509.3 509.8 512.8 513.8 515.9 513.5 512.1 503.7 498.6 495.9 493.9 491.1 487.1 486.2 484.1 478.9 475.9 473.2 476 474.9 469.9 458 451.2 446.4 440.9 437.3 436.7 435.3 430.6 430.8 427.7 426.2 425.7 423.4 423.8 418 411.2 409.4 409.2 404.9 401.2 397.7 397.3 397.3 395.6 395.9 393.8 392.4 392.6 390.6 393.4 395.6 388.8 388.7 390.9 387.6 384.2 384.4 384.6 385.2 386.9 385.3 386.2 387.8 387.3 386.2 386.3 386.6
685.7 659.6 633 607.6 583.2 558.4 536.4 522.8 510.6 508.7 508.9 509 510 511.3 515.7 515.6 512.2 506.7 497.4 496 494.9 488.2 485.4 482.1 477.4 475.4 472.5 472 473.3 471.5 462.5 454.2 448 443 438.9 435.2 433.4 428 425.4 424.9 424.7 420.4 418.4 415.7 416.3 412.2 410.3 407.9 407.1 404.9 402.5 400.5 400.2 398.9 398.2 399 397.2 395.2 395.3 391.5 391.5 390 393 387.7 388.3 386.1 386.3 386.4 385.2 383.7 384.9 384.9 385.2 386.3 386.1 385.3 385.2 386.8
677.8 650.1 635.8 610.3 587.5 562 532.1 521.1 513.3 509.3 509 509.2 508.8 509.5 511.8 508.7 505.4 502.3 497.4 498 489.8 488.3 483.2 478.6 474.9 473.3 472.1 469.3 471.5 464.3 456.9 449 446.6 441 435.2 432.4 430.7 430.3 428 424.7 421 416.3 413.3 412.2 408.7 408.7 409.1 407.1 406.5 412.2 408.9 404.9 400.4 399.5 399.2 399.3 397.1 397.3 399.6 393.2 391.7 387.8 390.2 387.3 386.8 386.4 385 386.9 387.7 385.4 383.8 383.9 385.1 386 386.3 385.7 385.3 387
664.7 648 629.7 611.8 583.3 554.1 535.4 525.4 516.3 511.3 510.2 511.5 508.7 509.4 507.4 506.2 505.3 501.7 499.3 493.7 490.2 484.7 481.4 476.2 473.7 473.3 469.2 470.5 466.5 462.3 458.3 451.1 447.5 445.1 436.4 431.5 429.8 426.5 422.3 420.4 423.1 416.5 411.4 410.6 408.3 407.2 408.1 406.9 407.7 405.7 405.8 403.4 401.1 402.2 399.6 397.2 397.5 396 398.5 393.5 389.9 386.8 388 387.3 386.5 386 387.5 384.6 384.9 385.5 385.1 385.2 383.1 384.5 387.5 387.4 384.7 386.1
661.5 641.3 622.7 601.8 570.4 552.7 540.2 531.4 519.1 513.6 512.5 510.6 508.9 507.2 507.3 506.2 509.3 501.9 497.8 492 488.6 484.5 479.8 481.2 476.3 473.8 470 466.6 465.4 461.6 456.8 450.2 445.8 442.3 433.6 429.5 425.7 420.1 419.1 415.5 415.3 415.8 411.5 409.8 408.2 411.1 407.1 405.5 405.7 404.8 406.1 402 401.4 400 398.5 398.6 396.9 395.7 392 394.7 389.2 386.5 387 386.5 386.8 385.3 385.6 387.6 384.9 385.5 384.8 385.3 385.2 384.7 383.4 387.1 390.2 385.1
643.7 629 608.9 585.6 570.3 555.5 539.4 528.9 519.4 516.5 512.9 511 509.5 508.8 510.1 507.3 507.5 500.7 496.6 489.7 486.2 483.4 486.1 478.7 473.8 473 467.6 463.3 462.5 460.7 454.4 448.3 444.3 437.2 431 425.6 418.9 416.9 415 413.3 412.4 411.8 409.9 408.1 406.4 406.3 403.3 401.7 403.1 401.6 402.2 402.3 401.4 398.7 397.3 395 391.7 389.1 386.6 387.7 386.5 386 385.6 386.2 385.4 385 385.2 384.9 384 384.6 383.5 384.6 384 388.5 381.4 382.7 385.3 385.9
624.6 609.7 590.2 579.9 568.8 559.8 542.8 530.8 527.3 519.3 515.8 513.3 510.6 509.3 506.6 505 501.4 498.1 497.4 495.4 490.7 485.5 480.4 475.6 474.4 471.9 464.3 460.5 460.8 456.6 449.6 443.9 439.6 430.5 424 419 415 413.7 409.8 409.8 408.1 407.4 407.4 404.7 403.8 402.6 402.5 400.9 401.4 401.8 402.6 402.2 398.7 396.9 394 392.6 391.4 388.3 387 386.7 387.2 386.9 385.5 385.7 385.7 386.6 388.6 389.7 383.8 383.5 383.6 383.2 382 384.7 384.1 383.2 384.3 385.8
607.9 596.6 587.5 581.2 572.7 562.7 550.9 534.6 529.6 522.7 520.4 515.3 511.2 509.7 507.8 505.2 504.4 501 496.2 493.1 487.6 482.5 477.2 475.1 474.2 468 461.5 456.5 458.1 453.4 449.6 440.1 430.8 424.1 418 413.7 408.9 407.3 406 405.4 404.3 406.4 407.4 402.6 401.7 400.5 399.3 399.3 401.1 401.9 401.1 399.7 396.4 395.5 394.4 390.9 388.3 387.6 385.6 385.7 386.5 386.9 386.4 385.6 386.8 385.2 385.9 386.7 383.6 384.8 383.9 383.4 381.9 380.1 381.1 382.1 383.2 384.4
595.7 587.2 584.8 576.4 564.9 554.3 546.3 536.7 528.6 528 524.3 517.9 514.5 510.3 507 505.9 503.6 502.4 494.6 490.8 486.1 479.1 476.3 473.3 471.3 462.4 456 453.5 455.2 451.2 443.3 433.8 425 420.1 414.7 408.3 406.3 407.1 402.9 402.9 404.7 404.3 403.5 400.3 400.2 400.7 403.3 399.3 400 400.4 399.1 398.4 396.2 395 392.7 389.4 386.6 385.2 384.8 385.8 386 386.4 386.4 385 384.1 383.4 382.5 382.2 381.3 380.8 384 385 380.6 382.8 383.4 383 382.9 383.7
583.9 582.7 576.7 570.4 559.8 553.4 545.4 542.8 536.6 534.6 526.6 521 515.8 509.6 503.8 500.6 500.7 497.1 492.1 485.7 481.1 476.5 473.4 470.2 465.2 461.1 451.1 448.2 448.3 441.9 432.3 426.7 421.4 414.8 412.5 406.2 404.2 402.1 399.3 400.2 397.8 397.5 399 399.7 400.2 398.9 402.6 398.9 399 399.4 400.6 396.4 394 394.4 393.3 394.6 386.8 386.2 385.3 386 385.8 386.3 386.4 386 384.8 384 381.7 381.6 381.1 381.2 381.3 379.6 379.3 381.8 382.6 383.3 382.9 384.2
579.7 577.4 575.1 569.7 566.1 560.6 554.7 546.7 537.3 533 529 521.8 515.1 509.5 503.1 498.2 496.5 491.9 490.2 484.6 477.1 472.6 466.4 465.4 459.1 457.2 444.3 440.8 434.9 433.5 426.5 419.4 415.1 411.4 409.5 410.7 401.2 397.1 395.4 395.6 395.8 396.3 396.7 398.2 399.2 396.3 396 395.5 398.8 397.5 398 397 394.3 392.1 390.2 389.1 387.3 386.1 385.9 385.3 386.1 385.1 386 388 382.8 381.6 380.7 380.2 380.5 380.8 381.5 380.3 381.8 381.3 382.5 383.5 383.3 383.2
576.1 574.7 572.8 569.6 568.6 565 557.2 549.4 543.2 534.4 531.4 528.1 513.4 508 503.5 497.7 495.2 490.9 486.6 481.5 476.2 463.9 460.6 456.7 449.3 445.5 439.7 435.6 428.4 423.8 418 415 413.2 406.3 402.4 401.7 398.5 395.3 393.1 397.1 394.8 402.7 399.2 396.5 397.2 394.6 394.5 398 397.6 396.6 393.6 393.5 392.4 389.9 389 387.7 387 386.2 385.7 384.8 384.6 384.5 384.9 383.2 382.3 381.2 380.9 379.6 379.2 379.5 379 382.2 384.1 383.3 383.4 384 383.9 383.1
574.2 572.7 571.1 573.3 569.4 564.4 555.1 548.1 540.5 536.2 533.5 527.6 518.3 508 499.2 494.7 493 485.9 479.4 472.9 470 457.9 452 448.8 441.1 440.2 434.4 427.5 425.5 417.1 413.4 409.8 405.2 401.8 399.5 396.2 393 392.6 392.6 393.6 390.9 393.2 392.8 393.3 393.5 396.2 394.4 396 392.7 391.7 390.8 390.9 390.3 388.8 388.1 387.2 386.8 385.6 385.5 386.9 386.7 383.1 384 382.1 381.5 380.5 379.1 379.3 377.5 378.2 379.3 382.1 383.1 382.7 384.4 384.6 384.5 383.5
575.5 571.2 572.6 570.3 564.2 559.8 556.7 552.2 546.4 537.5 529.7 520.5 512.1 504.7 497 492.2 492.9 478.4 473.8 468 458.1 450.1 443.9 440.7 432.5 431.1 430.9 422.9 418.9 412.5 407.7 404.4 401.2 398.6 396 393.7 391.2 390.4 389.8 389.7 389.6 390.7 391.9 394.2 392.3 392 391.5 393.8 391.6 390.6 390.6 390.1 389.2 388.1 387 386.8 386.8 387.1 386.6 386 384.6 381.5 384.2 381 379.8 379.6 378.7 378 378.8 379 380.9 382 383.9 384.4 384.7 384.4 385 383.9
576.9 575.5 576.1 569.7 562 558.4 556.5 550.8 543.5 535.2 527 518.7 507.1 500.3 492.8 488.3 482.6 474.5 469.3 464.9 450.4 441.5 437.8 433.9 426.1 421.8 419.9 415.4 411 408.1 406.4 403.4 399.7 398.6 395.5 396.3 391.1 389.8 389.1 389.1 389.5 390.8 392.3 395.5 393.6 394.3 393.4 390.8 389.2 389.6 389 389.1 388.2 387.5 386.9 388.4 386.1 384.9 384.5 384.9 382.7 383.5 379.7 379.1 379.7 378.4 377.8 378.1 379.1 378.9 380.6 382.4 382.7 384.1 384.1 384.1 384.6 383.9
581.4 575.4 569.8 569.4 566.2 567.4 559.7 553.3 551.6 545.2 535.9 518.1 508 502 494.6 486.9 476.7 468 462.6 454.6 444.4 437.9 432.2 424.6 419.2 415.7 413.5 410.1 407.1 403.6 399.6 398.8 396.5 394.7 390.4 398.9 390.9 388.6 389 389.4 389.8 398 394.6 393.3 392.8 392.6 390.9 389 388.4 387 389.9 393.5 388 387.2 386.7 387.8 386.5 384.1 383.7 382 381.4 381.2 378.7 378 378.4 378.4 377.6 379.1 379.1 379.4 380.8 381.8 384.2 386.2 385.2 385.3 386.4 384.8
577.9 572.2 570 569.6 569.3 567.1 564.4 559.5 549.5 541.4 531.4 518.1 511.3 503.1 495.9 487.8 476.1 461.7 451.7 444.1 438.9 433.5 425.8 419 412.6 409.4 406.4 403.6 400.3 399.2 394.4 393.8 392.2 391.2 389.1 388.1 387.9 388.7 390.2 389.4 390.1 391.2 394.9 390.7 394 390.4 389.3 387.8 386.2 387.9 390.4 388.9 387.8 386.9 386.5 386.4 384.7 384.6 383.2 381.3 381.1 379.5 378.1 378 378.3 377.8 377.1 380.3 379.3 380.2 382.3 382.4 386 384.6 384.4 382.9 383.1 388.1
579.5 576.2 571.3 570.7 567.2 565.1 559.5 549.5 542.6 533.7 525.9 520.3 512.9 507.9 490 479.9 465.1 450.3 441.9 435 432.3 428.3 418.5 411.5 405.8 401 398.4 396.2 394.1 392.1 390.7 388.9 388.6 388.7 387.8 386.5 387.9 388.8 390.6 389.2 388.5 389.2 389.4 389.3 389.8 387.7 387.2 386.2 384.6 387.3 387.6 388 387.1 387.3 387.2 386.7 385.5 383.9 384.3 383.4 383.1 381.7 380.4 380.1 380.4 382.5 377.2 377.7 377.7 379.7 380.4 382.2 383.1 382.4 382.1 381.2 380.3 379
