WholeMapElevations/data/nn/nn22_OST50GRID_20230518/NN22.asc
ncols 200
nrows 200
xllcorner 220000
yllcorner 720000
cellsize 50
[rows 35 to 69 of 200, columns 0 to 77 of 200]
55.7 57.3 60 65.4 66.5 69.2 73.2 76.1 81.6 84.2 88.1 89.5 94 101.3 109.9 113.3 121.1 126.4 133.3 140.5 150.3 160.6 167.3 178.7 192.5 205 216.1 235.5 251.9 271.6 294.2 304.5 322.5 342.9 357.2 372.2 387.2 401.8 423.6 440 452.7 461 468.8 481.6 494 510.4 521.2 530.6 536.6 544.4 550.4 556.2 556.7 555.8 545 537 525.4 513.9 500.1 486.5 481.1 477.3 470.4 463.1 455.9 447.3 431.6 414.3 397.3 381.8 357.5 328.6 311 294.1 277.2 261.6 249.5 236.6
58.4 60.9 63.2 64.2 64.1 67.3 71.5 74.2 79.1 87.4 87.1 90.1 95 102 110.2 114.1 120 127.3 134 141.1 153.4 165.1 172.8 182.7 197 209.4 223.1 241.9 263.7 278.2 294.9 309.7 329.8 343.4 359.6 371.9 386.2 409.5 422 434.6 437.1 445.3 452.8 470.3 481.4 493.3 502.3 512.5 526.5 533.4 538.8 544.2 544.5 540 537.4 529.9 512.2 493.5 480.2 472.2 462.2 456.3 449.1 441.4 433.6 421.2 406.9 391.8 375.2 353.4 331.7 308.6 293.1 278.7 259.2 247.4 236 225.1
58.8 61.2 63 62.7 64.5 68.9 71.8 74.3 75.6 81.5 84.6 91.2 97.7 105.4 113.2 115.4 121.8 129.8 138.8 150.2 163.9 171.8 175.1 185.5 196.1 209.1 225.7 246.3 262.2 279.8 296.6 312.4 327.6 341.2 351.9 369.8 386 395.3 398.6 411.4 421.6 426 437 455.2 462.3 473.9 484.3 493.3 509.1 515.1 521.4 526.2 524.3 522.7 524.2 519 500.9 480.4 463.1 451.6 445.2 437.5 430 418.8 408.3 400.2 391.7 366.8 348.9 330.3 309.9 293.5 277.4 259.3 245.9 233.2 222.5 219
59.1 61.1 62.6 64.1 65.4 67.9 70 74.5 79.1 80.2 89.1 94.9 99.5 105.1 109.8 116.6 124.4 132.6 148.6 160.5 165.4 175.3 186.4 190.9 198.4 211.6 230.1 247.8 264.1 278.7 297.5 311.4 321.6 336.8 347 356.9 368.3 377.4 381.4 392.1 402.5 412.3 421.1 431 444.9 453.3 462.3 474.6 484.4 493 496.2 496.9 499 504 507 502.1 478.9 458.4 442.9 432 426.1 418.2 409.7 399.7 381.8 374.2 356.1 342.5 326.2 311.3 296.1 277.1 261.3 243.9 234.6 226.2 217.2 210.6
67.4 60.1 62.1 63.4 64.1 71.9 70.5 74 75.7 85.2 94.5 94.5 97.9 102.6 109.7 119.2 131 140.9 151.4 159.6 173.5 186.4 189.9 189.7 200.7 220 236.5 252.7 267.8 282.5 293.4 304.9 312.4 324.2 334.8 343.4 352.5 359.6 366.9 376.4 385.4 394.4 402.8 416.5 430.8 440.5 444.2 451.3 460.8 460.5 461.3 468.2 471.8 472.5 474 470.5 459 441.1 425.5 412 406 394.3 389.5 384.9 368.5 353.4 342.4 325.2 306.8 295 279.5 259.3 245.4 233.4 223.2 217.5 212.6 209
62.8 62.2 61.9 63.1 63.6 67.2 71.2 75.4 80 85.2 92.7 94.8 100.4 107.8 117 126.7 135.5 144.3 152.6 163.7 174.6 179.7 185.4 192.3 209.8 225.7 239.1 252.3 264.3 275.4 282.8 292.8 302.5 317.4 325.4 331.8 337 343.6 353.5 362 370.6 377.3 390.1 401 411.4 419.9 425.1 434.8 446.2 441.8 436.5 447.4 456.3 458.4 453.6 447.4 437.4 419.3 403.2 392.3 380.9 375.7 370.1 365 347.3 333.9 320.1 304.4 291.7 274.2 262.3 251.8 233 223.9 216.1 209.4 204.4 202.3
69.3 61.8 60.9 68.3 68.2 70.9 71.1 81.3 85.1 90.5 90.8 101.2 106.1 112 120.3 126.1 137.7 147.1 157.4 161.5 164.3 171.7 184.7 200.1 210.3 226.2 233.1 245.4 251.5 257.5 273.8 287.1 296.5 306.2 313 320.3 326 332.9 343.6 351.4 354.3 360.5 367 376.6 382.5 388.1 398.5 397 401.8 411.6 421.4 430.9 437.4 435.7 431.1 425.7 413.9 392.1 378.2 369.7 361.2 353.7 345.6 335.8 321.2 310.9 294.5 286.3 273.1 258.8 247.5 233.3 220.6 213.2 209.5 203.4 198.9 196.5
66.7 61.6 62.8 67.3 72.4 75.9 75.7 76.7 78.7 83.4 85.7 98.3 111.6 113.8 119.5 128 138.5 145.9 148.4 151.8 160.6 176.2 188 197.3 206.7 218.8 228.1 239.4 244.1 250.4 264.1 273.3 284 292.1 302.8 307.3 311.6 320.7 329.4 333 332.6 339.7 346.6 356.2 357 360.9 367.2 375.9 385.2 389.6 397.1 406.7 408.3 407.6 404 397.4 382.2 363.8 357.1 346.6 344.6 325.8 319.8 308.2 300.2 291.3 275.3 270 256.3 243.9 235.7 223.4 216.1 209.1 203.9 204.3 191.2 187.8
61.8 63 64.7 68.2 73.1 75.4 78 80.9 81.7 83.2 86.8 90.6 98.8 107.6 118.5 125 132.1 137.3 142.8 151.7 163.3 172.6 181.2 191.5 203.6 214.6 223.7 229.6 236.4 242.2 249.3 258.3 265.2 276.5 289.7 297.7 294.8 304.1 313.1 313.4 313.7 318.2 326.1 329.2 333 343 350.4 360.3 369.2 366.1 370.9 376.3 377.5 379.7 378 363.6 349.3 343 334.7 326.7 318.3 315.7 297.4 295.2 279.6 272.3 260.6 251 241.6 231.3 224.1 218.6 209.5 201 199.4 191.7 187.5 185.3
61.8 64.1 67.4 69.7 71 77.1 79.8 81.6 82.2 81.6 83.6 90 97.1 101.2 108.1 116.8 122.1 132.4 137.5 146.4 156 166 176.2 189.8 200.6 207.9 211.4 215.7 216.1 224.2 235.9 242.3 252.4 253.7 266.4 275.1 273.9 279.7 295.5 291.1 301.9 303 307.9 310.7 321.3 327.5 334.5 338.1 340.7 339.8 345.5 350.6 353.4 351.8 345.9 332.9 326.4 321 312.9 305.9 296.1 292.5 285.1 279.6 267.2 255.5 245.7 240.1 228.8 219.1 213.9 208 205.1 201.2 190.1 188.2 184.9 185.5
60.7 64.3 68.6 70.7 74.5 78.2 80 79.6 79.5 81.1 85.4 90.6 95.3 105.8 107.5 113.9 118.8 121.7 130.7 138.6 144.2 159.1 168.7 181.3 187.8 189.2 192.8 196.1 199.1 207.4 217 225.5 235.2 243.8 248.2 248.6 259.3 265.8 269.3 278.5 285.1 288 290.1 301.7 308.1 313.6 316.1 317.3 319.7 320.4 323.6 326.6 327.2 323.6 318 314.5 304.9 304.2 294.3 287.9 277.5 275.6 268 263.1 252.6 241.8 234.8 224.6 218.8 211 205.1 201.5 197.5 191.6 189.9 185 184.7 185
60.8 64.1 67.3 71.7 77.4 78.9 79.5 78.4 79.3 81.5 85.5 89.7 93.1 97.6 100.1 104.2 112.3 114.2 121.3 124 138.4 149.2 160.9 167.6 173.6 175.6 175.4 181.9 191.6 201.2 207.9 213.9 216.9 229.2 231.3 236.4 241.7 248.4 256.7 262.3 268.4 276 278.9 284.1 288.7 294.9 297.6 298.7 299.9 298 302 307.2 304.8 298.8 296.5 294.1 285 281.5 278.8 264.9 258.2 257.7 250.8 241.7 239.6 230 221.4 216 209.2 203.2 199.5 197.1 193.2 187.9 187.1 184 184.4 184.7
61.9 64.7 64.6 69.8 74.3 78.3 78.7 78.5 80.9 83.9 86.3 88.9 93.4 94.8 100 103.3 109.2 109.6 112.4 120.9 135.5 144.8 151.2 157.7 162.5 165.5 167.9 176.9 185.7 191.9 197.4 201.5 204.3 217.2 224.4 229.5 230.2 238.8 244.9 251.2 254.7 261.7 264.6 269.4 272.4 275.6 276.9 279.3 283.8 281.7 284.9 285.4 282.3 279.3 275.9 271.8 267.1 266.9 261.6 254.5 244.1 243.9 236.7 231.1 223.5 217.8 210.6 205.3 201.7 197.1 194 192.2 189.1 186.3 183.4 183.9 183.7 183.5
65.4 73.9 66.1 73.8 73.2 75.2 79.5 83.2 87.8 92.6 94 97.2 100.6 102.9 103.8 103 105.6 106.3 108.2 119.8 129.8 139.5 142.4 151.8 158.6 162.3 164.3 168.9 175.1 178.2 185.2 189.1 200.6 208.6 222.3 225.4 225.7 229.3 235.8 240.8 242.1 248 251.3 254.1 257.5 260.4 261.3 265.4 268.8 270.9 269.9 271.3 266.9 264.3 260.4 257.2 251.3 251.2 245.4 238.5 232.1 226 224.5 217.9 210.7 206.7 203.4 199.2 196.1 193.7 190.2 192.2 186.3 183.1 183.8 183.6 185 186.2
64.1 69.9 76.4 70.8 78.2 85.3 84.5 86.9 91.7 94.7 95.5 100.2 103.4 106.8 111 112.7 109.5 113.7 115.4 115.3 126.7 131.3 132.6 140.5 149.4 156.7 161.6 163.6 164.6 169.3 182.6 189.6 195.7 199.8 208 213.4 218.5 219.4 225.9 231.4 232.6 232.9 237 242.2 244.8 247 250.1 252.6 252.3 252.3 251.2 255.2 253.1 250.5 245.1 241.9 241.1 234.7 232.1 224.5 218.5 213.7 211.6 206.7 203.3 199.5 197.1 193.1 189.4 188.5 188.3 185.2 181.2 182.9 183.4 183.6 187 187.6
70.8 72.7 76.5 82.7 81.8 82.6 83.7 84.4 87.4 92.1 93.9 96.1 99 107 111 115.4 117 117.4 122.7 118 120.8 128.1 137.7 141.6 141.9 145.1 152.8 157.5 163.9 168.5 173.9 184.7 186.8 190.2 195.2 206.2 210.1 209.7 214.8 219.6 216.8 221.8 224.5 231.1 233 234.1 240 240.1 238.8 237.1 235 240.1 239.4 237.4 232.3 228.5 232.2 226.2 225.8 212.3 207.2 204.7 199.6 197 193.5 193 188.6 186.6 184.4 182.6 182.9 181.4 182.4 182.9 183.9 187.3 188.6 189.8
68.8 75.2 77.1 79.1 74.8 77.9 78.3 81.2 83.7 90.1 92.9 94.2 95.7 101.8 104.7 110.6 118.7 123.6 121.6 122.1 120.5 133.9 137.9 134.7 136.1 138.2 145.5 154.6 160.4 165.7 168.2 174.4 179.5 185.8 185.8 195.5 198.9 204.5 210.5 210.5 210.1 213 215.3 221.6 223.9 225.1 228 227.8 225.8 226.2 225.6 223 224.9 224.4 222.3 217.9 219.3 212.5 203.2 203 196.6 194.4 193.2 191.7 190.5 186.9 183.9 180.7 186.5 181.5 180.3 182.1 182.1 183.7 185.3 187.6 190.5 196.7
66.7 69.5 70.5 70.9 73.4 74.6 74.3 77.7 83 86.7 89.8 96 98.7 103.1 104.5 108.7 113 122.5 123.2 121.7 120.3 124.4 127.2 130.3 135.3 142.1 143.2 147.2 154.9 160.2 164.8 167.8 174.8 178.4 179.1 185.9 191.9 197 201.4 201.4 202.1 203.1 205.6 211.5 210.5 214.5 217.6 217.3 217.7 218 217.1 214 216.7 213.8 211.5 209.6 210.4 201.2 196 191.5 191.2 188.4 185.8 185 182.6 180.4 180.4 180.2 180.9 181.8 181.2 181.7 186 188 187.1 189.7 193.9 201.1
61.9 64.7 64.6 66.7 69.5 73.2 76.3 83.7 86.4 95 98.1 96.9 102.9 102.7 104.5 107.6 111.2 116.3 122.8 121.4 121.6 122.7 124.9 127.9 132.7 138.8 141.9 145 151.6 154.3 158.4 163.6 174.3 171.5 175.2 178.8 184.2 190.3 193 192.3 193.8 196 197.3 200 202 206.4 208.5 207.2 206.9 210.1 205.1 206.2 207 205.2 202.7 202.7 201.3 192.9 188.9 187.3 187.6 179.2 179.3 178.2 178.8 180.4 179 180.4 180.2 181.2 182.6 186.2 193.5 193.2 193.7 192.5 205.9 206.8
58.2 60.5 62.2 62.5 62 62.3 64.6 64.8 75.2 82.3 86.2 89.8 94.3 99.5 104.1 103.7 108.4 113.3 119.6 120.4 126.4 128.6 132.7 135.8 138.4 141.5 147.9 147.9 151.4 154.8 159.6 161.8 163.9 165.5 171.5 174.7 179 182.9 185.3 186.8 188.8 189.7 190.1 192 195.3 198.7 200.4 200.7 198.3 201 200.1 199 199.1 200.3 198.7 197 206.6 190.7 186 183 178.2 178.2 178.3 179.4 179.3 179.3 182.1 183.6 183 184.1 188 190.7 195.3 195.8 201.5 197.4 204.8 209.6
57 63.4 62.8 66.7 68.6 71.1 72.1 73.3 75.8 75.5 78.3 72 89.8 95 99 101.7 106 110.8 116.8 117.7 123.3 124.8 128.8 133.2 136.9 139.9 141.4 146.4 148 153.4 157.1 158.9 160.4 161.4 164.5 169 176.8 178.9 180.6 182.8 181.3 182.5 184.2 186.3 190 193.9 194.3 194.2 194.9 195.4 195.8 193.4 194.5 192.3 189.2 196.4 189.3 185.7 184 180.3 178.2 179 183 183.2 185.7 186.5 187 185.7 187.3 190 192.1 193.3 196.5 201.6 205.5 206.4 208 217.5
67.6 61.1 63 62.6 68.7 71.4 74.5 76.3 78.8 80.3 81 85.2 75.7 92.2 94 99 101.9 108.8 113.6 120.9 123.7 125.7 129.2 134.7 137.4 142.3 146.9 146.1 147.3 153.8 156.1 157.6 159 162 161.4 164 167.9 170 173.7 174.1 176 177.9 178.5 179.4 181.8 187.5 189.7 190 190.9 192.1 190.8 188.4 185.9 187.4 185 184.8 183.5 183.9 181.7 177 178.2 181.4 183.4 185 187 190.6 198.8 194.1 192 198.9 197.5 201.8 209.9 216 224.6 232.4 224.9 227.1
80.1 80.1 71.8 66.4 66.3 70.8 73.5 77.5 79.4 80.5 82.8 86.2 86.3 82 90.6 96.2 101.4 107.7 117.2 118.8 124.1 129.4 133.8 137 140.1 141.8 145.2 147 147.6 150.4 152.8 155.2 154.3 166.2 156.7 159.2 161.5 162.7 166.2 170.2 173.9 175.9 175 173.2 174.1 178.4 179.8 181.5 182.9 185.4 185.5 186 183 181.7 181 181.4 179.7 181.4 182.2 176.7 181.3 182.6 184 191.9 188.9 192.5 198.1 197.4 203.9 213.3 217 220.6 218.8 227.3 230 239.3 237.4 242.7
75.2 76 74.6 75 71.7 70.7 73.9 77.3 79.2 81.7 85.1 88.9 89.4 80.9 84.9 82.5 98.9 106.4 113.4 117.2 122.4 127.3 134 139.5 140.3 138.9 139.9 142.2 143.9 144.4 145.8 146.5 148.3 152 150.9 154.2 153.9 147.4 153.6 164.3 170.1 172.5 173.1 170.3 171.7 172.6 173.6 175.7 175.7 176.5 177.9 178.3 177.6 177 177.6 176.7 176.9 176.6 178.3 178.9 181.7 184.1 190.9 195.6 197.1 201 207.4 203.8 212.6 217.3 227.6 233 234.7 238.2 241.3 245.8 250.5 260.2
74.3 77.4 78.5 78.7 77.8 71 70.5 75.6 83.1 83.4 86.5 89.7 91.1 91.2 92.5 90.8 83.6 106 108.3 112.7 117.1 122.7 126.4 128 126.1 123.7 121.2 126.2 125 122.9 123.4 123.9 121.5 122.7 134.4 137.2 134.1 136 134.4 149 157.2 161.1 168.8 167 168.2 166 161.9 157.2 154.1 154.9 159.5 165.6 169.2 169.9 175.8 177.5 178.8 181.1 181 182.8 185 192.3 201.9 211.5 202.5 212.2 215.8 219.5 214.6 225.1 230.4 239.9 241.5 247.7 251.1 255 259.7 271.2
78 78.8 81.2 84.8 83.9 81.2 77.9 74 87.9 84 87.2 90.9 91.2 94.3 94.6 96.2 94.9 86.4 89 93.3 103 100.1 100.6 106.7 118.7 123.7 128 129.3 132.3 140.5 141.7 145.5 146.2 148.1 143.8 144.3 150.9 155.3 156.5 135.6 146.2 144.5 156.2 147.9 158.9 167.7 171.6 173.2 171.9 173.6 174.7 174.8 176.4 181.2 180.2 183.9 194.6 188.8 191.2 191.5 195 202.6 210 218.2 213.9 220.4 223.5 233.1 231.9 229.3 238.4 243.8 247.9 253.3 257 262.3 274.3 282.5
81.3 81.2 83.7 90 89.4 87.3 88.8 77 86.2 90.4 92 92.5 92.8 96.6 98.3 98.9 100.5 101.1 101.5 103.9 109.7 115.6 120.2 127 130.3 132.9 138.3 141 144.9 147.3 149.6 152.5 156.3 162.4 162 163 164.5 169.7 170.8 168.9 171.5 171.2 167.9 170.9 167.2 164.9 168.2 173.3 175.1 178.7 181 184.6 185.2 193.2 187.6 193.4 199.8 203.5 201.8 202.9 208.2 209.5 216.3 223.6 216.7 228.2 235.1 235.1 237.4 238.7 244.1 250.6 255.4 258.4 266.7 280.8 286.2 298.9
85.6 85.9 88.6 92.4 95 97.6 92.8 79.2 88.3 91.9 95.7 96.7 97.2 98.9 100.1 100.7 104.6 110.2 113.1 116.9 115.4 116.4 122.2 127.4 132 136.6 138.5 144.6 146.6 149.8 154.6 164 165.8 165.9 170.2 174.1 178.6 180.6 182.3 180.3 185.5 184.9 184.7 189.2 185.7 182.9 182.2 183 181.5 182.1 186.7 191.4 196.5 204 202.1 199 210.5 217.4 213.8 217.2 215.4 222.8 216.5 222.8 231.3 236.8 235.1 236.1 244 248.2 253.5 258.4 264.9 267.9 279 290.6 303.4 316.8
88.8 89.8 97.1 96.9 101.7 106 94.7 82.9 89 94.7 98.8 100.7 102.9 100.4 102.1 103.6 107.1 112.8 116.8 121.3 124.4 129.7 129.1 131.4 134.4 139 142.5 145.9 150.5 153.2 156.9 163.8 170 174 177.5 180.8 184.2 187 190.6 192.5 195.3 195.2 195.7 195.2 196.2 195.7 197.4 194.1 193 190 196.1 197.6 205.4 203.1 214.5 213.9 214.8 223.3 223.5 227.5 234.7 232.8 231.2 231.6 235.5 244 242.7 242.6 249.7 256.8 262.9 268.9 276.4 282.4 290.7 304.1 322.9 338.1
89.5 90.2 92.1 94.2 95.4 96.2 96.6 92.4 90.6 99.7 100.8 102.1 104.8 107.7 106.4 109 111.3 115.2 120.5 122.7 128.4 135.5 139.3 146.1 148.8 149.6 153 158 156.4 156.1 159.2 163.4 169.5 173.6 176.9 180.9 186.8 191.9 193.6 196.5 199.7 203.8 204.6 204.3 207.3 207.8 207 209.3 206.1 201.9 213.4 207.6 214.1 211.5 217.6 222.3 231.6 233.6 236.7 235.2 244.9 240.9 239.5 242.7 243.1 249.7 251.8 257.4 262.5 268.3 275.7 281.2 290.8 302.6 316.1 335.5 352.4 361.1
88.7 90.3 92.4 93.9 94.8 95.2 95.8 91.3 94.8 100 102.6 103.4 106.1 112.5 111.5 113 117.2 121.6 124.8 131.9 133.5 140.1 147.2 150.8 159.4 167.3 168.6 169.6 165 161.4 162.1 168.4 169.4 173.4 175.7 182.7 186.6 189.6 191.5 195.6 200.6 204.5 206.3 209.5 217.2 218 218.1 217 218.6 212.9 216.2 219.8 224.2 226.9 230.9 233.3 235 237.3 247.4 249.2 251.4 257.2 249.5 251.7 252.8 258 263.3 269.2 275.3 279.8 289 299.2 309.4 329 343.4 354.4 365.6 370.3
95 97.6 96.9 96.9 95 95.7 95.7 95.9 93.8 98.1 102.4 104.6 108.7 112.3 118.6 120 125.1 132.1 133.6 135.5 140.7 143.4 151 158 162.8 167.2 169.2 172.9 172.1 166.5 167.5 169.4 177 180.7 180.1 184.3 189.1 192.4 194.7 197.7 198.2 203.5 208 214 218.5 220.9 220.8 222.3 222.1 221.4 220.9 226.4 231.5 235.7 239.5 244 248 249.3 246.9 253.4 259.6 266 261.8 259.7 263.9 269.2 275.5 278.9 288.2 295.2 305.8 318.4 331.7 345.3 358.7 370.3 376.6 385.3
95.7 98.3 98.4 100 98.8 97.1 97.3 98.5 97.8 93.3 101.6 106.4 113.1 119.3 122.8 130.1 132.4 135.9 146.9 137.3 143.3 147.3 150.1 158 162.4 166.1 167.4 170.5 171.6 171.9 172 172.1 178.3 184 190.9 196.4 197.3 199.2 204.1 206.7 211.9 209.8 213.4 218.2 221.6 223.5 225.9 227.1 228.8 228.6 232 233.7 241 244.7 249.1 254.2 258.2 257.7 257.2 260 260.9 264 265 268.9 273.5 279 285.8 291.3 299.6 311 324.4 339.7 349.7 360.7 375.5 383.6 390.1 398.8
105 102.5 102.7 103.4 106 103 103.6 103.7 103.3 104.4 101.8 106.1 111.1 117.7 122.3 131.2 133.3 137.3 141.2 140.7 142.1 147.4 150.6 153.1 156.3 159.8 162.7 165.9 169.9 176.3 173.2 177.6 182.1 191.5 197.3 200.4 206 210.2 215 214.7 220.3 217.1 224 229 231.2 231.7 234 237.4 241.1 240.2 242.2 246.4 251.2 252.4 255.5 260.6 265.7 269.6 268.6 268.1 270.4 272.5 274.5 280.9 285.3 291 299.3 308.6 314.4 328.5 341.8 353 363.8 375.3 387.2 396.1 406.4 418.5
109 104.3 106.2 104.7 104.8 108 102.9 103.9 107.9 110 107.2 106.4 110.5 115.2 119.6 123.3 127.9 132.7 137 137.7 142.2 144.4 147.5 149.7 153.8 160.1 163.6 164.8 168.4 173.8 178 181.1 191 198.6 207.2 215.8 223.3 226.5 229.6 228.2 229.9 227.2 236.9 240.5 241.1 239.8 246.1 251.1 255.8 258.1 261.6 262.6 265.4 267.3 270.3 276.5 276.6 282.5 283.6 282.1 282 285.5 291.3 295.6 302.3 310.1 316.8 327.5 339.6 348.7 359.7 371.2 383.9 397.2 406.8 418.7 432 446.6
