WholeMapElevations/data/nx/nx66_OST50GRID_20230518/NX66.asc
ncols 200
nrows 200
xllcorner 260000
yllcorner 560000
cellsize 50
[rows 72 to 107 of 200, columns 0 to 79 of 200]
132.8 134 135.9 137.5 141.3 144.7 148.2 154.7 160.7 165.8 170.8 178.5 186.4 194.9 202.8 210.5 216.7 221.7 227.6 232.9 237 238.2 235.7 229.2 224.9 219.4 213.3 207.4 199.5 193.5 187.3 180.9 171.7 164.2 158 154 148.1 146.1 145.3 143.8 146.4 148.4 149.6 151 152.5 154.6 156.3 161.7 166 168.1 171.5 172.4 173.6 173.9 174.3 174.3 177.3 177.7 177.4 175.9 175 174.8 173.2 171.8 172.8 175.2 174.9 178.3 181.9 185.3 187.8 188.4 190 192.8 194.4 194 195.7 196.8 197.3 201.7
134.3 136.5 136.7 137.8 141 144.5 149.4 155.4 160.6 166.1 173.3 180.5 188.1 198 206.4 214 220.4 226.1 231.7 237.8 237.2 237 235.1 233.4 229.3 223.6 216.2 209.3 201.8 195.9 189.4 182.1 173.4 164.9 159.9 154.1 150.8 148.6 146.2 146.3 148.3 149.3 150.9 151.7 153.2 154.7 155.9 161.5 163.8 167.4 170.6 172.1 173.4 174.4 175.1 176.8 185.5 182.8 181.6 179.6 178.8 179.1 176.9 177.4 178.9 179.3 180.1 183.4 186.9 190.3 193.7 194.9 196.8 198.2 197.4 198.6 202.3 204.2 202.9 204.7
134.6 136.9 137.1 138.4 141.3 144.8 150.4 155.9 160.7 167.2 175.2 181.8 189.8 199.8 208.5 217.1 223.8 229.8 234.1 237.3 238.9 240.8 239.9 239.4 235.1 226.8 217.4 211.2 203.8 197.8 191.7 183.8 175.9 167.2 159.5 156.6 153.9 150 148.2 147.8 148.2 149.7 151.6 152.1 153.2 154.8 156.4 163.2 164.6 166.7 169.5 171.2 173.4 175.5 176.8 182.4 187.8 189.3 188.3 187.3 184.3 186 182.3 181.2 186.2 185.3 186.5 188.9 191.4 194.4 198.4 201.2 202.9 205 206 206.3 206.4 206.6 206.8 210.2
137.6 136.8 137.8 139.2 141.5 145.1 151 156.4 162 169.7 176.3 182.5 191 201.3 210.1 217.1 227.1 233.1 237.5 240.8 246.8 248.8 247.3 243.9 236.2 227.6 219.2 212.3 204.9 199.1 193 185.3 176.9 169.6 163.6 158.5 154.8 150.6 148.6 148 148.1 149.7 151 152.2 153.5 155.1 158.6 160.8 163.8 165.8 168.3 170.4 173.1 176.5 180.6 188.4 192.8 194.3 191.1 190.8 188.8 191.2 192.3 188.5 192.8 190.4 190.6 193.7 196.8 198.2 203 207 209.3 210.9 211.6 211.4 210 209.5 210.6 212.8
138.8 138 137.9 139.3 141.6 144.6 150.1 156.2 163.5 170.2 176.2 182.6 191.8 201.7 211.7 220.3 228.6 237 241.6 248.7 253.2 253.3 250.3 244.2 238.8 230.8 222.7 214.6 206 199.9 193.9 186.6 178.2 170.6 163.6 158.9 154.4 150.7 149.4 148.8 148.4 150 151.4 152.9 154.2 155.9 158.2 159.9 162.5 165.2 167.1 169.9 172.8 178.8 183.9 193.5 197 195.7 195.4 196.6 198 199.2 200.4 196.3 196.7 195.6 194.6 199.3 200.6 204.2 208.3 211.8 214.2 215.8 216.8 216.3 213.4 212.1 213.4 214.9
139.7 138.8 138.3 139.5 141.4 144.3 150 156.8 163.6 169.7 177.2 184.6 194.1 204.1 216 223 230.8 238.4 247.1 252.7 255.7 254.9 251.6 247.5 240.7 233.2 223.8 216.3 207.5 201.1 195.4 187.6 179.6 171.9 164.6 159.6 155 151.6 150.4 149.2 148.7 149.8 152.3 154 155.6 157.1 157.4 159.5 162.4 164.4 167.5 169.7 173.1 178.8 186.3 195.4 199.1 201 201.2 205.8 205.7 207.5 206.1 200.4 197.9 198.5 200.1 205.5 207.5 209.1 212.7 216.2 218.7 220.4 221 219.1 215.5 213.6 215.3 216.6
138.9 139.6 138.9 139.7 141.7 146.6 152.2 157.6 163.9 171.1 178.9 185.4 194.4 205.9 216.4 226.4 232.6 244 251.9 255.3 256.7 257 254.5 247.6 240 232.6 226.1 216.5 208.6 202.3 196.9 188.5 181 172.8 166.1 160.2 156.6 153.6 150.4 150 150 150.8 152.9 156.2 157.4 157.4 157.8 159 161.2 165.1 167.9 170.4 173.7 180.8 186.9 196.6 202.9 205.9 207.5 212.7 214 213.7 209.3 204.8 202.2 204.3 207.9 210.1 211.9 213.4 217 220.2 222.7 224.2 223.9 221.5 218 213.7 217 218.4
139.3 140.6 140.3 140.9 143 148.3 152.6 158.5 164.9 171.5 178.5 184.6 194.2 205.6 216.8 227.4 237.5 246.1 252.8 255.9 259.6 260.9 254.1 246.8 240.4 235.1 226.2 216 209 203.4 197.4 189 181.8 174.5 167.2 161.9 156.4 153.3 150.2 150.4 151.9 152.6 153.5 155.2 157.7 156.2 159.2 159.6 161.1 164.2 167.4 171.8 175.4 179.8 188 201.2 207.2 210.5 212.5 217.6 219.6 215.7 212.2 208.4 206.4 210.3 212.8 215.2 215.5 218 220.8 224 225.8 227.1 226.9 225.4 222.3 215 214.2 218.6
139.4 140.9 141.2 140.9 144.7 149.4 153 158.4 164.2 170.4 176.2 183.3 192.4 203.5 215.2 227.1 237.6 246.5 251.6 259.4 261.6 259.8 253.9 245.3 239.4 232.4 224.9 217.1 208.8 203.6 197.1 189.3 182.6 175.1 167.7 161 156.1 152.4 149 151.9 152.9 154 154.5 155.5 153.8 154.2 159.7 159.9 161 163.6 166.8 172.6 179.8 183.8 193.3 203.3 208.3 213.8 217.2 220.5 221.4 217.8 214.4 213.8 212.9 214 216.7 219.5 219.7 222.1 224.5 227 227.9 228.8 229.8 226.5 221.6 213.8 212.9 216
139.7 141.3 141.5 141.4 145.1 149.4 153 158.1 162.5 168.3 174.8 183.3 191.1 201.3 213.9 223.5 233.9 245 255 259.1 260.4 260.6 252.2 245 236.9 231.5 225.6 217 208.8 203.6 197 189.5 183.2 175.1 167.8 161.8 156.5 152.9 150.9 148.9 153 153.8 154.9 154.1 152.4 152.6 154.1 156.6 160.4 164.3 167.6 175.3 183 187 197.4 205.2 209.4 219.4 220.5 221.4 221.4 221.5 222.5 218.5 217.5 219 222.1 225.5 223 226.6 228.3 230.2 230.7 229.9 228.9 226.3 222.4 214 208.4 213.3
140.7 141.8 142.2 142.6 143.8 147.6 152.3 156.9 161.2 166.8 173.6 179.8 188.3 199.6 210.7 219.8 231.2 244.7 253.3 258.3 260.2 259.6 251.4 243.6 235.4 229 222.8 214.7 209 203.7 196.5 189.5 182.8 174.8 168.1 162.2 156.6 153.4 151.5 150.5 150.5 152.6 153.4 152.2 151.4 152.3 154.4 156.4 158.6 165.1 170.8 177.2 183.7 188.4 197.2 207.6 214 219.8 223.4 222.7 222.3 226.7 224.8 225.7 222.6 224.5 226.5 228.9 228.8 229.9 232.2 233.6 234.8 230.7 227.4 225.5 219.2 209.8 204.3 210.6
142.1 142.8 143.2 143.4 143.6 145.3 149.7 157.5 161.7 165.1 170.6 176.3 185.2 195.7 205.3 217.2 229.3 241.9 251.3 255.3 259.2 258.2 249.1 239.5 232.5 226.3 220.7 215.6 209.6 202.8 196.1 189.5 182.2 174.6 168.5 162.6 156.9 153.8 152.1 151 150.7 150.7 150.9 151.2 151.2 152.1 154.4 156.6 158.6 166.5 173.4 178.7 185 191.3 197.8 209.6 217.9 222.9 224.7 225.5 225.9 227.6 229.2 231.9 229 229.8 231.4 234 233.5 234.7 235.8 235.3 237.7 233.7 226.1 222.9 217.6 208.3 202.7 204.9
143 143.6 143.7 143.9 144.1 144.5 148.6 153.9 159.2 162.1 167 174.2 182.7 192.6 203.2 215.2 225.9 237.2 246.3 250.7 253.5 252.5 244.1 234 228 223.8 218.5 213.5 208.6 202.8 195.6 189.1 181.9 173.7 168.4 163.3 158 154 152.4 152.6 151.2 150.6 151 151.9 152.2 151.8 153.4 156.4 160 168.6 176.6 181.2 188.7 191.7 200.6 212.7 220.5 224.1 224.5 227.8 230 232.7 234.3 236.2 238.4 236.2 239.1 238.4 239.7 240.6 239.3 237.8 235.6 229.6 224 220.2 214.1 212.4 205.5 200.1
143.8 144.1 144.1 144.3 144.6 144.9 146.9 152.4 155.5 159.3 164.9 172 179.5 189.3 202.1 211.9 222.5 233.4 242.2 244.7 247.4 244.6 238.6 230.3 224.9 221.2 217.2 212.6 207.4 201.6 195 188.1 180.7 173.7 168.9 165.1 159.5 154.9 153.5 152.9 151.4 150.6 151.4 152.3 152.9 152.9 153.1 155.7 163 170.6 177.2 184.7 193 194.8 206.5 213.8 221.8 225.9 231.2 233.3 237.4 240.2 242.7 245.1 248.7 242.9 244.7 242.9 243 244.1 241.6 237.4 232.4 226.2 222.3 220.2 221.3 217.1 208.4 199.4
144.1 144.4 144.6 144.8 144.9 145 145.7 149.5 153.1 157.6 163 169.1 176.6 188.9 199.8 211.9 220.5 229.6 235.8 238.5 239.6 237.3 232.4 227.8 223 219.4 215.9 210.9 204.9 200.1 195.1 187.3 181.3 174.5 169.6 165.1 159.7 155.3 153.6 153.1 152.1 150.8 151.1 151.8 152.2 152.6 153.3 155.2 161.6 169.6 179.3 188.6 197.7 201.7 209.8 216.3 224.8 232.4 235.6 238.7 242.3 248.6 249.2 254.1 257.6 250.8 248 246 245.7 245.8 243.8 238.6 231.3 225.4 221.9 222 222.6 216.1 210.8 199.4
144.4 144.4 144.2 144.2 144.3 144.3 144.7 148.1 151.2 156.1 160.9 166.2 175.4 186.3 198.7 209.5 216.9 223.2 228.9 231.7 232.8 230.8 226.9 223.8 221.8 218.2 214.6 209.3 203.7 199.5 193.7 188.1 181.3 175 169.2 165.1 160.3 155.5 153.2 152.6 152.1 150.6 150.8 152.4 152.5 152.6 153.6 156.5 164.7 172.6 181.4 190 199 205.5 214.2 221.1 229.3 236 242.3 243.5 250.1 256.7 258.3 261.4 261.5 255.8 251.1 249.5 248.2 246.9 244.4 239.7 233.8 226.9 223.5 223.9 219.7 215.1 211.2 201.7
144.4 144.2 144 143.8 143.8 143.2 143.9 145.9 149.7 154.4 159.5 165.9 175.1 185.3 195.7 205.6 210.7 215.9 221.2 224.9 226 225.2 223.4 220.7 219.2 218.1 213 207.8 203.9 199.1 193.4 188.1 181.8 175.4 169.4 165.3 160.1 155.3 152.8 151.8 151.7 151.8 150.7 151.5 152.8 152.6 154 157.3 166.3 175.5 184.7 192.5 200.2 205.7 214.2 227 234.4 242.3 250.7 251.6 256.5 262.6 262.6 267 269.1 262.5 256.6 253.1 249.1 245.7 244 242.2 239.3 231.7 227.4 224.3 221 216.9 210.9 206.7
144.2 144 143.8 143.6 143.3 142.6 142.9 145 148.8 153.6 158.3 165.2 173.4 182.6 192.6 199.7 205.1 210.3 214.5 218.4 220.6 220.7 219.6 217.8 217.1 215.6 211.8 207.7 204.6 198.6 193.6 188.7 182.7 175.9 169.7 165.4 160.3 155.4 153.6 152.7 152.6 152.2 151 151.2 151.8 152.7 154.1 156.7 167.5 176.9 185.1 192.7 200.6 205.1 216.8 228.2 239.9 249.7 255.5 256.7 262 268.9 270.1 271.9 272.5 269.7 259.8 254.6 250 246.9 245.4 246.2 246 240 232.4 228.5 223.4 220.2 211.5 208.4
143.8 143.7 143.5 143.2 143 142.4 142.5 144.6 148.8 152.6 157.3 163.4 171 180.1 187 194.7 200.4 205.4 209.6 212.9 215 216.1 215.9 214.5 215.6 215.9 212 208.1 205.1 199.4 193.5 188.2 181.4 176.4 171.6 166.7 162.1 157.5 154.5 153.2 152.5 151.9 151.3 151.2 151.7 152.6 154.7 159.3 168.6 178.2 186 193.5 195.9 206 219.3 232.7 244.4 253.2 261.7 261.5 267.8 274.4 274.5 275.7 275.8 270.2 261.5 255.8 251.2 249.8 250.5 248.1 244.3 240.3 234.4 229.8 225.3 221.3 215 210.5
143.2 143.1 142.9 142.8 142.6 142 142.4 143.4 147.4 151.3 155.3 161.1 169.3 176.9 183.9 190.6 195.5 201.1 204.9 207.4 209.3 210.5 210.3 211.3 214.1 214.7 211.2 208 207 201.5 193.1 187.2 182 178.4 174.2 168.8 164.6 159.6 155.7 153.4 152.1 151.9 151.7 151.2 151.1 152.1 154.3 160.9 170.1 178 185.9 192.8 196.8 211.3 222.5 236.1 247.5 258.9 263.9 265.2 272.9 277.3 277.1 278.7 275.4 272.6 263.8 257.8 256 256.8 258.4 252.5 246.7 241.3 235.8 230.2 226.4 222.9 218.6 213.7
142.7 142.4 142.2 142.3 142.2 141.3 142 143 146 150.3 154.4 160.5 166.2 173 180 186.4 191.5 196 199.3 202.3 204 205 205.5 208.7 212.3 211.1 209 208.1 207.2 202.3 193.9 188.5 183.6 180.6 176 171.1 167 161.8 157.1 154.6 153.2 152.4 152 151.2 151.2 152.1 154.7 161.5 170.2 178.3 185.4 192.4 198.1 213.9 223.2 236.8 250.7 264.4 266.3 269.5 272.8 277.6 282.1 281.7 277.5 271.8 266.4 264.8 264 261.4 258.5 253.8 248.8 242.2 236.5 231 227.7 226.5 221.2 213.4
142.2 141.7 141 142.1 141.8 140.5 141.5 142.5 145.4 149.6 153.9 159.2 164.7 170.2 175.8 180.6 185.9 191.7 196.8 197.5 198.4 200 201.3 204.2 208.4 208.1 208.1 207.3 205.6 201.5 195 189.7 186.8 183.1 178.9 173.6 169.8 164.4 159.4 155.8 154.3 153.1 152.3 151.5 151.5 152.4 155.6 160.7 167.1 177.2 187.5 191 197.6 210.9 224.2 239.2 251.3 264.4 268.2 271.4 276 281.2 287 283.5 278.2 274.1 272.3 269.7 267.4 264.3 260.2 255.4 250.3 243.5 237 231.6 231.7 229.3 219.4 216.2
141.4 140.7 141.1 141.8 141.5 140.4 141 142.7 145.6 148.4 153 158.5 163.2 168 173.1 177 182.1 188.9 195.9 194.2 194.1 196.1 197.3 201.3 205 206.3 206.3 206.1 203.9 201.2 195.8 192.3 189.3 185.7 182.7 178 172.2 167.7 161.5 156.2 154.1 153.1 152.6 151.8 151.6 152.2 155.5 159 168.1 178.4 187.3 189.4 198.3 207.6 222.9 238.8 253.3 263.3 270.2 275.7 280.8 284.2 285.8 282.1 283 278.4 275.8 272.4 268.8 265.7 261.7 257 252.1 244.4 238.7 234.1 232.9 228.9 223.8 222
140.8 140.2 140.8 141.2 141 140.5 140.6 143.5 145.7 147.4 151.6 157 162.3 166 170.8 175.2 180.8 188.7 192.4 190.4 189.9 192.5 194.2 198.3 201.7 204.1 203.7 203.9 202.8 200.5 197.2 195 192.2 188.3 185.5 180.5 174.3 169.3 162.9 157.4 154.8 153.3 152.6 151.9 151.5 151.8 154.4 160.9 170.9 180.5 185.2 188.7 195 206.3 223.5 240.4 253.2 263.1 274.2 278.4 280.3 288.5 288.4 286.8 283.3 280.8 278.1 274.1 270 266.4 262.1 257.4 254.7 249.8 240.1 235.5 233.7 233 230.1 224.2
140 139.6 139.9 139.9 140.1 140 140.4 143.4 146 147.3 148.8 155.4 161.3 164.4 168.7 173.1 179.7 187.3 188.8 187.6 187.2 189.3 191.6 194.5 198.5 200.5 202 202 201.9 200.2 198.5 199.2 197.4 193.7 189 182.7 175.2 170.8 164.9 159.9 156 154.1 152.5 151.8 151.8 151.8 154.2 160.6 171.3 177.9 184.6 189.9 197.6 208.4 220 239.4 254.1 266.2 273 277.3 282.1 289.1 287.3 286 284.1 282.3 279.9 275.2 270.2 264.6 260.6 258.4 258.3 252.4 242.4 240.1 240.3 239.2 235.1 227.5
139.3 139 139.2 139.5 139.7 140 140.4 142.9 145.3 146.3 148.3 153.5 159.1 163.4 167.9 172.8 179.8 185.4 185.8 184.6 185.2 187.5 189.7 192.9 195.8 198.6 200.7 201.3 201.2 200.4 200.5 203.7 202.7 199.5 193.5 186.8 180.8 174.7 169.2 162.8 156.5 153.8 152.4 151.9 151.6 152 153.9 163.6 171.8 179 185.6 193.6 202.4 213.2 219.6 240.9 254.7 264.1 270.5 278.6 283.9 283.3 284.3 284.8 283.4 281.1 279 274 269.1 263.4 259.9 264.1 258.2 251.2 244.7 242.4 244.9 242.9 237.6 232.2
138.5 138.6 138.3 139.5 139.7 140.2 140.7 141.2 142.9 145 148.2 153 157.5 161.1 166 172.7 179.2 183.3 183.7 182.5 183.8 186.8 189 192.7 195.8 198.7 201 203.5 203.7 204.1 205.8 207.7 206.3 203.8 197.5 190.5 186.2 178.9 171.6 164.6 157.4 153.9 153 152 150.8 152.5 155.6 165.1 172 181.1 189.4 197.8 206.5 214.1 223.2 240.5 251.9 261.4 272 277.6 280.1 283.4 283.8 282.6 281.4 280.1 278.2 273.8 269.4 265.1 261.1 259.5 255.7 249.2 243.5 243.6 245.4 242.7 238.2 233.6
138.3 138.8 139.5 140.1 140.9 140.7 141 141.3 142 144.4 149 151.8 155 159 166 172.1 177.6 180.7 180.7 181.1 183.2 186.3 188.8 192.9 197.1 200.3 203.7 206.6 208 209.3 211.3 212.8 210.7 207.8 201.1 195.1 189.4 181.7 173.5 166.2 159 154.4 153.4 152.2 151.1 152.6 155.2 163.1 171.9 183.1 192.4 202.2 214.1 220.5 229.8 241.5 252.2 260.5 267.8 275.3 281.1 281.9 281.8 281.1 280.7 279.9 278.1 274.4 270 265.6 260.9 256.3 251.5 245.9 242.1 243.7 243.8 240.1 237.6 231.7
139.4 140.1 140.8 141.5 141.8 141.1 141.2 141.3 142 144.4 150.2 152.4 154.3 158.1 166.4 171.8 176.6 177.2 176.9 179.7 182.4 186.3 189.6 194.8 198.6 202.1 207 211.3 212.8 214.4 216.8 217.9 216 210.5 205 200.7 192.7 183.8 175.4 167.2 159.1 154.3 153.1 152.2 152 152.4 155.6 162.5 172.3 185.1 192.2 205.2 216 223.4 235.4 242.8 250.6 257.4 267.4 273.4 277.3 278.6 279.2 279.4 278.8 277.8 278 274.8 270.6 265.5 259.4 253.6 247.4 241.9 241.5 243.2 240.8 236.8 233.3 225.2
140.7 141.3 142 142.6 142.2 141.5 141.7 141.8 142.5 144.4 150.4 151.7 154.6 160 166.1 169.7 173.5 173.4 175.9 179.4 182.9 188 192.2 197.4 201.1 205.2 212.1 214.9 217.4 219.6 222 222.8 220.3 214.3 208.3 202.9 196.9 187.6 177.1 167.3 159.7 154.4 153.2 152.4 152.1 152.5 155.1 161.5 175.2 185.7 193.6 207.3 217.1 226.1 238.1 243 251.2 258 262.9 267.8 272.3 275.2 275.7 276.4 275.6 275.1 276.7 274.9 269.9 264 256.8 250.2 243.2 237.7 237.6 240.8 236.7 232.2 224.9 222.7
141.7 142.2 142.8 142.9 142.1 142 142.2 142.6 143.4 145 149.8 151.1 155.1 160.8 165.2 167 169.2 171.9 177.7 181.8 185.1 189.2 195.3 200.3 204.6 210.7 216.6 219.6 222.2 224.7 227.9 227.3 224.7 218.2 210 204.6 197.8 188.5 178.1 168.3 160.5 154.6 153 152.6 151.6 152.9 154.6 159.5 173.4 184.8 197.4 210.1 218.5 227.5 238.2 249.4 253.9 255.7 258.6 264.3 266.2 269.7 270.4 272.4 271.6 271.8 272.3 269.9 266.2 259.5 253.3 245.9 238.3 232.7 232.6 237.5 231.7 223.8 223.1 222.5
142.9 143.2 144.8 143.2 142.4 142.3 142.5 143.7 144.9 146.5 150.2 152.5 155.5 160.1 163 164.2 169.4 176 180.8 185.1 188.1 191.3 200.6 205.5 210.3 216.5 221.7 225.2 228.5 230.2 232.2 231.3 228.2 221.3 212.4 206 198.1 189.2 180.3 168.5 160.2 154.3 152.8 152.4 152.3 153.2 154.4 161.6 176 186.4 200 209.7 219.4 231 241.5 248.4 253.6 253.6 255.3 259.5 258.4 261.7 263.7 268.3 268.3 268.6 267.9 266 263 256.1 249 241.2 232.5 227.4 227.1 231.3 223 222.6 222.8 221.4
144 145.7 147.7 144.1 142.6 143 143.9 145.8 147.5 148.4 149.7 153.7 154.7 161.9 161.9 167.2 174.1 178.5 183.6 187.5 191.4 195.4 204.7 209.4 217.5 223 227.3 231 234.3 235.8 236.7 235.1 232.1 225.2 214.6 207 199.1 189.4 180.2 168.6 160.6 154.2 152.8 151.4 152.3 153.4 154.9 164.9 177.9 187.7 198.6 212.2 222.5 232.9 242.8 251.4 254.4 247 248.4 249.5 251 256.5 261.5 264.7 265.5 264.2 263.2 261.5 258.6 252 245.9 237.4 230.8 223.9 223.3 224 222.8 223.1 223 222
145.5 149.3 148.2 144.1 143.4 144.5 145.9 147.6 149.7 151.3 151 151.3 155.6 161.7 163.8 171.2 176.5 181.4 187.7 192.9 194.3 199.3 207.3 213.6 221.4 226.8 230.9 236.2 238.8 240 240.8 238.8 235.1 227.5 217.4 208.9 199.1 188.4 178.7 169.3 162 154.5 152.8 152.4 152.3 153.4 156.2 166.6 180.5 190.2 201 214.2 224.2 234.3 245.5 253.3 250.8 243.4 243.1 245.4 250.4 256 258.5 261.5 260.6 259.3 258.6 256.4 253.7 247.9 241.9 236.9 225.2 220.6 219.9 221.3 221.3 222.9 222.3 220.6
148.4 151.1 146.4 145 145.4 147.2 149 150.1 152 154 155.9 155.5 155.4 158.9 163.7 172.3 179.7 186.6 192.1 199.1 200.7 204.2 211.9 217.8 224.6 230 235.6 241.1 243.8 246.1 245.9 243.7 237.7 229.8 219.9 209.6 200.9 190.6 180.8 171.8 163.8 154.1 152.4 152.2 152.9 152.9 156.8 168 180.8 190.9 202.4 213.3 224.4 236.4 245.3 251.9 248.6 242.6 242.6 251 254.2 255.7 256.8 256.6 255.3 254.2 254.1 249 248.4 243.9 236.8 229.8 224 219.9 218.5 219.5 222.5 222.4 218.2 217.1
151 151.5 148.5 147.5 149.3 152 153.7 154.2 155.1 157.4 159.6 159.5 158.6 158.4 164 173.1 183.1 189.6 196.5 203.6 206.5 209.2 216.5 222.8 228.9 234.2 239.4 245.1 250.8 252.7 252.7 249.1 242.8 234.4 223.6 214.2 202.7 192.4 182.8 173.5 161.9 153.1 153.5 153.1 153.1 152.9 157.9 164.5 176.8 189.7 200.5 212.7 224 233 241.3 249.8 253.8 245.2 246.7 255.6 252 251.9 251.7 249.7 248.7 249.4 250.1 243.5 240.4 236.8 231.4 226.7 222.2 218.5 216.8 217.8 219.1 217.6 215.6 214.5
