WholeMapElevations/data/nh/nh03_OST50GRID_20230518/NH03.asc
ncols 200
nrows 200
xllcorner 200000
yllcorner 830000
cellsize 50
[rows 140 to 174 of 200, columns 0 to 77 of 200]
304.7 315.4 324.2 334.2 343.4 354.4 363.7 373.8 387.7 401.8 414.3 435.2 466.6 496.7 529.2 552.5 576.9 602.6 623.7 647.8 683.4 700.7 707.6 703.6 697 680.4 664.4 643.1 619.7 610.8 590.9 574.7 559.8 553.9 548.6 548.1 544.3 536.8 537.4 538.3 538.3 540.6 544.6 545.1 551.8 563.8 577.2 591.4 578.8 573.7 562.1 567.4 573.4 574.4 578.5 588.6 592.7 603.5 611.2 610 610.8 610.3 621.3 628.5 624.7 622.5 620.7 607.8 596.5 572.2 544.3 511.9 491 471.9 457.3 449.2 441.5 435.7
296.6 306.8 317.2 326.8 336.9 347 355.3 364.3 382.7 392.6 407.2 428.2 448.4 478.2 510.6 537.1 566.9 595.4 618.9 647.4 673.6 702 715.6 718.2 712.8 691.3 669.4 646.8 632.3 615.3 599 587.3 573.3 564.2 554.2 551.5 548.5 547.9 554 562 567.9 580.3 589.4 598.3 598.3 599.8 601.8 602.4 602.6 590 578 593.3 598.5 605.2 600.9 599.9 601.5 602.6 604.8 609.9 614.1 628.9 643.4 644.1 634.1 629.8 619.6 608.3 598.4 580.2 550.1 516.1 497.6 481 463.7 452.1 444.2 437
287.1 296.8 307.9 319.6 329.1 337.3 349.9 361.6 373.1 383.6 402.4 419.4 437.3 468.6 493.9 525.4 556.1 587.6 615.2 644.4 678 703.8 714.4 723.6 722.8 708.5 682.6 664.3 651.2 628.7 618.5 610 594.1 579.7 562.9 557 558.7 564 571.7 582.5 594 606.1 616.2 621.6 620.9 621.3 620.3 622 612.5 610 593 614.9 621.8 629.5 626.5 622.1 620.4 624.8 628.9 617.2 617.6 630.2 642.5 641.6 635.2 628.9 623 618.6 607.5 585.3 552.6 528.3 507.6 492 483.1 458.8 447.9 438.5
281.4 291.6 299 310.6 321 329.7 337.9 348.9 363.9 376.7 396.2 409.7 426.5 453.4 477.5 508.5 545.3 579.5 612.7 644.3 681.9 703.6 720.9 722.1 729.3 730.3 704.5 682.8 668.5 659.3 644.9 621 601.7 591.6 575.5 578.5 572.8 578.9 592.1 605.5 620.9 635.6 641.3 640.1 643 643.7 638.9 634.7 623.7 622.7 623.3 634.3 641.4 646.9 649 641.6 648.2 653.3 649.4 632.1 625.8 622.1 631.6 639.7 638.3 635.5 630.4 625.5 623.1 606.6 566.5 532.5 514.1 503 485.4 460.6 450.3 441.7
271.5 285.2 293.9 302.4 311.7 320.1 328.5 345.3 362.5 367.8 390.3 402.4 418.8 443.9 471.8 501.7 537 573.4 607.1 642.1 674.5 705.3 720.2 733.6 741.6 746.4 729.7 711.4 690.9 673.4 656 648.5 629.8 608.6 598.6 593 592.1 596.7 614.1 629.8 637.3 644.5 648.4 649.7 656.9 651.7 647.4 645.4 640.2 639.1 636.8 640.3 650 664 676.3 667.9 661.5 657.7 653.7 642.2 632.1 625.5 624.2 630.9 633.4 629.2 626.8 621.4 629.2 616.1 584.2 545.4 522.9 505.8 480.4 463.1 455.2 445.5
266.2 276.4 286.9 293.5 301.6 310.6 324.8 342.3 350.6 361.3 383 396.2 412.4 438.7 466.3 503.5 533.7 570.6 607.6 639.3 672 702.4 725 742.8 751.1 756.6 741.7 725.1 710.8 686 673.8 660.7 642.6 624.8 613.6 612.7 608.9 609.6 621 628.8 634 639.6 646.5 650.7 656.4 662.6 663.7 655.2 651.4 645 644.2 651.3 664.9 674.1 675.5 667.5 662.1 662.9 653.2 644.6 634 628.4 627.7 628 629.8 630 625.1 621.6 626.6 625.5 598.6 564.8 538.6 510.7 484.4 470.6 461.6 451.2
255.7 266.2 277.4 286.6 294.8 304.8 318.8 331.4 345.4 360 376.7 388.4 405.5 428.2 461.7 497.6 530.9 571.6 607.1 642.2 680.7 703.7 729.5 745.6 754.2 762.4 749.6 737 719.9 705.8 680.3 661.8 648.9 639.7 630.3 626.8 621.8 617.3 622.5 628.3 632.6 638.8 647.4 658.4 662 661.3 663.1 656.8 651.8 643.9 645.6 653.5 659.2 663.1 668.2 669.7 664.2 661.3 652.8 645 640.3 635.5 638.6 631.9 630.1 626.9 624.2 622.2 622.2 619.5 609.4 601.2 570.3 527.4 501.4 482.4 467.7 457.3
247.8 256.8 269.6 279.1 291.2 298.2 307.6 326.3 339.6 352.4 366.4 382.4 399.8 424.8 456.3 494 531.3 571.9 606.8 642.4 674 704.7 728 746.7 756.4 761.7 758.5 752 731.3 712.5 686.8 671.6 665.7 648.8 633.5 627.2 623.5 620 624.3 631.4 634.9 638.9 645.3 651.3 656.1 660.6 659.4 654 651.3 645 646.9 653 659.2 665.5 670.2 676.6 671.4 665.2 662.4 656.9 657.7 652.1 651.1 639.2 638.4 630 626.8 631.7 620 616.4 611.2 604.6 584 552.1 524.1 498.1 475.7 463.7
241.5 250.4 260.2 274 284.4 286.3 301 315.8 329.3 345.9 356.5 371.5 395 423.3 455.6 490.2 526.7 566.3 600.1 634.3 675.7 707.7 733.9 756 765.5 771.9 777.3 777.1 748.2 724.2 705.2 687.2 666.1 652.5 639 630.2 627.4 622.8 624.9 632 635.1 640 645.6 651.9 656.3 663 661.9 660 655.4 650.9 657.8 666.7 670.4 677.3 681.1 688.1 687 684.4 687.7 680.6 673.4 675.4 672.1 654.6 641.5 641.8 631.6 637.6 624.2 609.2 596 588.9 575.4 549.4 531.8 515.3 488.3 469.9
230.8 243.7 256.3 265.6 267.8 280.4 291.2 308.3 324.2 339.2 353 370.5 395 422.5 453.8 491 527.7 561.6 597.9 641.1 679.2 711.7 741 771.4 788.3 794.5 800.2 805.4 785.2 763.8 744.8 717.5 688.5 660 641.9 634.2 631.6 631.3 629 633.6 638 644.4 652 658.7 664.4 671.6 668.5 667.6 666.4 668 675.6 685.6 692.6 707.1 720.7 719.9 724.2 717.8 712.8 706.2 683.6 685.2 672.5 657.7 643.4 638.1 635.9 632.1 628.4 637.5 610.9 574.3 562.7 551.7 523.1 506.7 487.3 473.3
227.9 237.4 248.4 253 262 273.7 288.9 303.7 318.8 337.2 350.2 371 391.6 420.4 453.6 487.4 517.9 555.3 599.8 648.1 682.4 716.3 749.2 779.2 796.2 811.4 818.7 817.9 817.2 807.2 781.9 753 721.1 694.3 659.9 645.7 633.4 633.6 635.7 640.9 648.4 654.3 664.5 678.2 689.5 693.3 686.4 688.1 691.3 696.1 715.7 717.5 730.1 744.6 750.7 746.9 750.5 736 721.4 713.7 687 679.2 666 653.9 642 635.7 639.4 628.6 627.5 637.6 628.4 584.6 546.5 528.8 514.2 499.9 486.1 475.6
220.6 230.3 240.1 246.7 263 270.2 282.3 298.8 314.9 333.2 347.7 366.4 388.6 414.8 444.5 477.4 514.3 554.5 602.5 647.2 681 717.3 749.3 777.8 797 829.5 831.4 836.6 835.2 821.8 806.7 779.6 755 730.5 698.3 678 657.2 656.5 647.2 652.9 664.4 675.5 699 717.6 717.8 722.5 710.7 713 718.2 727.5 738 748.6 758.5 770.3 773.9 765.4 753.2 732.6 712.2 707.3 690.2 670.7 658.1 649.8 643.1 636.7 631.9 625.8 624 627 612.6 567.4 539.7 519.2 506.2 494.2 488.5 478.6
216.1 223.9 231.3 240.6 252 267 278.4 294.6 310.8 327 343.3 359.7 380.5 409.7 440.7 473.4 512.6 549.7 591.5 634 674.5 713.5 744.1 770.9 795.4 824.8 829.8 843.5 842.4 831.2 817.4 792.5 767.1 745.2 725.1 691.9 679.7 674.6 663.1 669.8 682.8 697.1 713.1 724.2 738.8 739.5 739.9 745.2 744.2 755.8 767.1 771.3 780.5 782 787.3 784 770.3 738.9 703.6 694.7 679.2 661.3 652.3 645.4 639.9 633.2 628 625.1 623.8 625.4 613.7 593.4 549.8 517.4 504.5 502.2 489.1 481.2
213.6 219.6 227.1 234.8 247 264.1 276.8 287 301.2 318 336.5 352.5 376.9 407.1 439 468.7 508.4 543 587.3 634.9 679.4 715.1 742.4 763.2 795.9 822.2 835.5 847.2 842.3 833.6 823.1 805.1 778.6 754.4 732.5 716 708 698.8 681.2 688.8 696.1 708.3 726.3 751.2 761.9 756 763.9 769.2 774.7 783.1 788.5 795.6 795.9 799.1 793.2 783.3 765.9 741.2 704.4 688.6 680.2 672 656.6 647 638.7 636.6 631.2 626 626.3 624.6 604.1 585.8 561.5 525.8 509.7 501.8 491.8 479.3
218.6 217.9 223 231.2 243.3 262.8 275.2 283.7 295 313.3 331.3 352.6 376.9 409.6 439.3 472.1 502 541.5 582.3 634.9 678.9 712.1 743.7 767.1 804.4 823.5 840.4 853 844.6 837.9 830 815.9 793.6 770 748.7 730.1 724.7 714.5 700.4 711.6 715 733.1 764 775.6 781 780.6 790.7 791.5 795.7 802.7 807.1 807.8 806.3 805.9 796 787.4 757.1 731.7 711 703.2 689.3 676.5 658.6 650.1 647.2 659.4 650.8 636.8 625.8 616 597.5 572.5 549.6 523.5 509.4 499.7 488.6 476.5
221.9 220.1 222.8 230 241.2 255.7 269.4 282.4 296.2 310.1 329.3 353.6 376.7 404 432.8 464.1 498.2 537.7 585.6 628.2 664.7 705.7 740.3 768.5 803.3 825.8 845.6 847.5 841.9 838.6 834.6 824 809.9 793 776.4 761.9 744.3 730 717 723.8 740 760.8 775.8 786.8 791.3 795.8 803.9 811.1 814.3 824.5 823.6 824.5 816.4 813.4 807.1 794.6 769.6 740.6 719.9 697.9 686.1 671.4 661.1 651.7 650.5 655.2 646.3 635.1 624.5 610.5 584.7 561.2 541.6 524.1 512.4 500.2 485.6 476.6
230.3 224.2 223.7 229.6 237.9 250.8 264.9 279.1 293.7 310 327.7 347.6 372.6 400.9 428.6 461.9 494.7 532.6 579.6 619.4 659.9 702.7 733.9 763.6 798.6 820.5 840.6 841.8 838.4 837.6 835.8 829.2 820.7 810.6 797.3 786.8 772.4 761.2 743.4 748.1 761.9 771.7 783.8 792 799.8 807.4 814.2 824.9 833 833.4 834.7 836.4 833.4 828.6 820.1 811.8 777.1 747.1 725.2 691.8 688.2 675.3 663.8 654.8 650.1 647.6 645.8 633.8 619.8 606 582.7 558.1 541.1 523.2 508 494.9 483.9 476
246.2 231.4 226.3 230.3 237 247.9 262.8 275.8 292.5 307.8 328.9 345.5 368.2 393.1 421.3 457.8 490.9 526.6 566.9 612.3 653.8 685.1 718.7 753.4 791.5 819.5 832.1 836 834.8 835.7 833.9 832.8 826.3 818.1 807 796 786.6 776.9 769.9 778.4 781 786.9 792.3 798.6 807.5 814.8 827.8 836.1 835.6 838.7 842.2 847.4 841.6 837.8 830 810.8 780.1 747.8 714.7 688 678.4 671.6 663.1 660.2 650.6 645.6 640.2 632.5 624.7 610 594.3 571.2 550.1 533.1 509.6 494.9 480.4 474.6
258.6 238.5 231.2 231.5 238.1 246.4 257.5 273.5 288.3 304.9 322 342.6 367.3 393.1 420.1 453.3 481.1 525.6 566.5 604 629.6 664.8 703.3 740.2 782.2 810.5 821.5 828.3 827.7 830.3 831.4 833.2 830.2 821.6 812 803.6 793.9 788.1 786 791.1 796.6 802.5 808 817.2 825 835.9 846.2 845.7 846.4 845.3 847.4 852.1 853.2 844.9 830.9 807.2 776.7 746.5 708.3 686.2 674.3 665.6 662.9 661.2 655 650.9 652.5 649.4 645.2 636.7 617.3 591.3 564.1 541.5 512.1 493.9 479.3 471.3
267.4 246.1 236.7 231.9 238.7 247.4 258 270.2 284.4 302.7 321.8 340.6 367 391.7 415.3 443.8 473.5 519.6 550.9 581.3 618.9 655.5 687.8 724.8 768.3 797.1 809.8 814.3 818.9 820.3 825.2 830.4 828.8 823.6 819 811.3 804.3 801.6 800.3 805.4 809.8 814.1 821.6 829.5 839.8 847 848.5 851.9 852 851.2 853.3 853.8 855 852.6 848.5 814.4 779.9 753.4 720.5 701.4 673.7 668 662 659.7 656.6 660.4 666.8 664.3 659.8 654.9 631.4 592.7 560.6 535.5 509.3 491.4 477 467.3
272.9 255.5 245.4 238.7 239.5 245.1 256.5 268.8 281.7 298.7 317.8 336.8 361.4 386.9 410.1 436.3 463.4 501.9 544.3 574.9 610.1 636.6 666.2 703.4 749.9 780.8 797.1 802.5 810.3 814.6 819.8 825.9 826.8 828.9 825.6 820.9 817.1 817.4 813.9 815.6 818.9 823.7 831.7 837.2 847 851.1 853.6 856.9 855.8 854.1 858.2 860.9 864.6 860.8 849.5 822.8 784.9 754.3 727 698 679.5 672.1 663.1 662.7 663.2 671.9 676.8 670.8 652.5 642.2 617.5 588.4 551.9 525.1 505 487.3 473.2 463.8
281.9 267.2 251.5 245 238 246.3 255.7 267.2 280.7 295.9 316 336 357.6 383 404.2 427.6 455.3 491.7 531.7 561.1 586.9 614.5 643.9 683.9 725.9 759.3 781.8 793.4 802 809.1 813.3 820.7 826.4 829 828.1 827.1 825.9 823.2 822.5 824.5 826.3 831.3 837.6 844 850 855.4 859.8 861.1 860 858.2 856.4 853.9 854.9 847.1 839.8 828.2 810.5 765.2 738.2 710.2 687.6 677.5 672 671.8 669.5 672.7 675.9 657.9 638 620.3 602.8 577.8 547.9 525.5 496.8 480.2 467.3 459.1
286.6 270 257.4 248.7 245.7 245.1 255.9 266.9 280.2 295 314 331.6 354.7 375.1 395.6 419.7 447.2 478.7 508.1 539.1 569.2 598.7 625.8 663.3 699.8 735.6 765.7 782.8 791.3 802.2 805.8 814.4 822.1 822.6 826 829 825.1 824.2 829.1 830.8 832.1 835.9 842.5 848.9 853.7 858.4 860.5 859.6 858.1 856.1 853.4 849.5 843.3 836.9 828.5 799.6 796.7 783.4 760.5 731.1 695.4 682 678.2 672.9 667.4 666.4 659.9 637.8 618.4 597.3 582.3 559.5 535.5 512.5 493.2 473.1 460.7 453.9
286.7 274.1 261.9 255.2 252.4 249.7 259.3 270.1 283.5 297.5 313 332.9 353.5 372.6 391.4 413.4 436.4 469.1 499.5 526.8 550.8 580 609.6 643.7 677 711.3 741.3 768.1 782.9 796.3 802.1 808.7 817.6 817.3 817.8 820.4 823.3 826.4 828.3 829.2 833.5 841 849 855.3 856.4 856.8 858.6 856.9 855.6 849.8 845.7 840.7 835.4 829.8 819.3 768.4 742 732 707.5 704 686.3 684 678.6 667.2 663.2 650.4 636.7 615 596.2 578.8 557.3 541.6 518.6 498.7 480.1 467 454.2 448.1
289.6 277.6 268.5 265.1 260.2 254.3 263.6 274.3 285.2 298 312.9 330.9 349.7 369 386.7 407.8 430.7 460.2 487.6 509.3 535.6 570.1 592.5 623.3 652.8 681.4 712.5 747.9 774.2 790.5 797.2 803.4 813.3 811.6 811.7 813.7 819.4 824.3 825.5 827.8 835.9 846 855.1 859.9 861 858.8 858.6 856.5 851.4 843.1 835.1 827.8 822.2 816.2 804.7 752.8 713.8 692.9 668.1 655 645.9 655.8 657.8 649.4 639.4 624.2 615.5 590.8 573.9 558.9 540.3 523.2 504.7 486.1 471.3 459.6 449 443.9
292.2 281.6 276.9 273.3 267.7 262.9 267.9 278.4 287.9 299.3 313.4 330.5 349.3 366.1 383.8 405.4 427.2 447.8 476 501 522.3 549.9 571.5 600.6 627.8 653.5 687.2 720.7 762.3 784.7 789.5 797.1 803.3 805.5 804.1 803.9 810.2 817 822.6 829 839.5 852.8 862.7 865.3 864.2 858.9 856 851.3 843.4 833.4 826.4 818.3 811.3 800.8 774.4 736.4 694.5 673.1 651 629.5 621.9 625.3 628 621.4 611.5 597.8 587.1 569.3 552.5 541.1 524 508.5 494.6 478.8 466.1 455 446 438.9
294.8 288.1 284.5 279.1 276.8 269.1 273 281.2 291.4 303.8 321.3 333.1 349 364.8 380.1 399.8 420.3 441.1 467.5 488.4 509.5 533.9 553.8 575.9 600.6 628.6 666.8 712.5 758 776.5 783.7 789 796.5 800.3 799.5 801.8 809.7 814.2 821.7 828.2 837 848.4 857.1 863.4 860.1 853.7 848.3 841.7 833.8 827 821.2 811.9 803.8 797 765.5 719.9 693 661.2 632.5 617.1 612.5 612.5 606.6 598.7 590.7 574.5 563.2 550.3 537.8 525.6 513.5 500 486.1 474.2 461.1 449.5 440.1 436.3
295.9 294.8 291.3 283.9 280.1 276.7 279.2 287.4 294.6 306.2 317.3 333.4 350 363.2 377.5 394.1 412.7 433.2 455.7 474.7 494.2 515.9 533.2 559.1 581.4 610.6 643 679.8 721.5 760.9 775 782.2 788.3 795.2 792.6 797 803.4 809 816.9 826.4 834.6 845.4 853.9 857 853.8 847.5 842.2 832.9 824.8 818.7 812.7 803.8 795.4 788.8 756.9 717.1 687.6 649.8 611.8 601.1 598.9 596.7 589.5 580.7 569.9 556.9 546.5 533.4 523.1 512 501.5 491.2 481.2 469.4 457.7 445.6 436.3 431.3
296.2 300.6 293.6 288.5 285.2 284.4 286.3 294.9 304.2 311.3 318.4 332 348.8 364.8 378 390.2 406.4 425.1 449.3 465.1 481.8 502.4 519.7 540.8 561.5 588.1 617.6 658.1 699 739.3 764.2 772.7 779.4 782.5 780.7 788.8 795 803.1 812.6 823.4 827.5 835.5 841.6 848.7 845.2 837 831 823.2 816.6 808.9 802.1 792.6 786.5 778.6 762.9 720.4 679.3 636.3 596.2 585.6 582.3 577 569.9 558.5 548.5 539.2 530.3 519.9 512.2 503.7 495.1 484.9 473 464.3 451.8 441.3 433.8 426.5
304.4 302.7 298.2 297.3 294.6 294 296.2 303.3 314.2 319.2 324.9 333.3 348.1 362.7 378 388.2 399.9 417 435 454.9 470 485.9 499 521.4 541.6 566.8 590.6 630.8 677.4 713.4 742.8 760.3 768.8 773.3 773.1 784 790.6 796 804.4 813.3 820.9 823.3 827.3 833.3 832.4 826.6 818.6 812.1 805.6 797.8 791 782.5 776.4 769.9 760 725.3 686.5 636.5 591.6 576.7 567 557.5 548.7 539.7 530.9 523.1 517.6 509.2 501.1 493.2 487.8 480 467.8 457.5 445.8 436.8 431.4 421.4
308.7 308.1 306.9 308.9 307.1 304.7 306.3 314.9 325.4 330.1 334 339.5 347.2 358.5 374.5 386.2 395.7 408.6 425.3 443.1 458.9 470.2 482.6 501.4 521.1 542.9 567.2 604 640.3 674.6 714.1 745.4 759.8 763.1 768.7 781.5 783.8 783.3 790.4 796.9 801.8 808.9 816.3 820.3 818.8 815.9 808.6 802.1 796 788.5 781.2 774.5 767.7 760.2 752.9 725.6 688 647.1 598.4 571 555.9 538.7 532.4 524.5 518.4 512.5 505.9 499.4 492.5 487 482 473.8 464.2 453.2 440.9 432.8 423.7 414.8
319.7 317.9 321.4 328.1 321.6 317.7 319.2 326.9 339.4 344.6 344.5 347.9 351.9 359.9 371.9 380.7 389.9 400.9 412.3 428.4 443.6 456.5 470 484 497.5 517.8 540.9 574.1 611.5 653.2 691.5 722.4 741.8 749.1 762.5 767.1 769.4 772.2 776.8 779.9 783.7 793.2 798.1 803.8 806.4 802.8 796.9 792.4 786.2 778.9 771.8 765.4 759.9 754.1 747.6 725.2 686.9 653.6 605.4 572.7 555.3 537.6 523.7 512.6 508.8 503.5 497.9 493.5 487.9 483.4 477.3 470 461.6 452.7 442.2 431.9 420.5 407.6
333.1 330.5 340.8 348.9 338.8 335.3 336.1 345.2 352.3 355.8 356.6 359.4 362.3 368.7 378 386 386.9 393.4 399.3 412.4 427.7 443.4 457.3 468.8 478.5 501.7 530.3 566.7 601.1 643.8 688.2 725.5 742.4 749.5 758.5 761.6 760 759.3 760.5 764.4 769.1 780.5 785.1 791.1 791.7 786.5 783 780.5 775.1 768.4 762 756.1 750.1 744.9 741 728.2 690 647.1 616.6 594.1 570.8 549.3 529.6 513.6 505.4 495.5 492.5 487.3 482.4 477.3 472.5 466.2 460.7 452.9 444.7 436.6 426.9 413.4
344.2 344.8 353.1 358.2 356.8 355.1 355.4 361 365.3 369.7 372.3 372.5 376.5 379.8 384.8 389.7 391.7 390.7 395.4 403.1 415.9 431.1 443.3 454.5 471.4 494.5 521.6 556.1 592.4 642.9 684.1 717.3 736.8 747.9 750.7 758 754.4 752.5 751 755.6 755 761.8 770.3 775 776.1 771.8 769.2 767 763.8 758.6 752.1 747.2 743.4 737.5 736.2 731.9 702.1 661.3 633.3 613.5 595.4 573.1 545.5 522.5 507.1 498.3 490.6 482.8 477.1 474.4 469.8 464.8 459.3 455.9 447.9 444.5 432.7 418.4
359.8 359.7 366.2 372 381.3 384.3 381.1 381.9 381 386.8 393.4 388.8 391.9 391.1 393.4 396.2 398.1 395.5 395.4 401.8 409.6 422.8 434.2 446.1 465 486 513.9 550.7 590.9 634.1 672.8 707 722 734.9 742.9 748.5 743.6 739.8 738.8 739.8 744.3 758.8 766 764.7 760.8 758.8 756.7 755.8 754.8 750.2 744.3 740.1 737.1 733.6 729.4 727.7 728.9 710.6 658.7 639.7 618.6 601.7 577.1 537 510.5 497.7 488 478.1 471.3 467.3 464.8 461.4 457.7 454 447.4 442.8 435.1 423.3
