UK/data/sn/sn77_OST50GRID_20230518/SN77.asc
ncols 200
nrows 200
xllcorner 270000
yllcorner 270000
cellsize 50
[rows 105 to 139 of 200, columns 0 to 77 of 200]
194 198.6 203.5 211.9 223.7 234.9 243.1 247.9 254.7 259.7 271.3 272 259.5 262.4 257.5 258.3 272.1 271.5 269.6 260.6 252 239.3 224.9 212.1 206.1 212 222.8 245.1 267.9 280.8 287.6 294.9 300.4 303.1 306.1 310.1 310.9 307.5 307.4 305.9 304.6 308.2 309.7 302.5 292.4 276.4 267.2 261 258.8 263.8 269.4 272.3 273.5 276.6 273.9 271.4 269.5 269.1 269.8 272.1 275.7 275.2 278.6 281.5 279.8 277.9 272.6 262.7 257.5 245.5 236.7 235.8 233.2 235.5 237 238.5 240.4 244.2
213.2 215.1 218.4 230.4 245.9 257.9 264.9 270.7 270.1 269.7 272.9 270.2 263.1 264.8 252.5 252.5 265 263.3 257.9 250.4 239.7 227.7 214.9 201.2 204.4 209 218.7 238.6 257.8 275 281 289.2 293.9 296.2 297.5 301.5 300.8 300.4 300.4 301.7 304.8 311.6 310.6 301.8 291.8 280.1 265 260.2 255.4 260 264.4 265 266.1 266 267.2 268.5 269.1 269.1 268.7 274.9 287.2 282 290.9 292.6 287.1 286 280.9 270.1 268.4 254 236.4 234.5 233.2 234.3 234.9 236.3 240.4 245.2
227.3 227.9 234.3 248.3 262.1 271.7 276.1 271.2 268.9 265.3 266.6 259.7 251.1 254.6 234.5 239.8 246 242.6 235.6 229.9 221.6 210.4 201.6 196.2 200.9 205.2 218.7 236.7 256.2 275.1 283 291.7 295.4 294.3 293.1 294.5 296 297.5 298.3 298.9 300.7 303.7 299.1 290 283 269 260.5 257.5 252 255.5 258.7 260.2 266.2 270.2 272.1 271.2 269.1 269.5 274.5 285.6 287.5 288.1 297.1 297.3 291.9 294.2 290.1 282.4 278.1 263.1 241.6 234.7 233.5 233.4 234.7 235.7 241.3 244.5
230.2 234.6 245.7 257.9 267.1 273.7 273.6 269.5 259.6 256.8 252.4 243.5 234.8 225.9 193.6 215.3 220 214.9 209.5 206.1 200.9 191.9 186.7 192.3 197.6 208.6 225.8 246.3 266.1 277.6 287.6 297.5 297.1 294.3 292.9 293 294.2 300.2 300.1 296.6 296.6 296.5 287.8 276.4 271.3 261.2 257.9 254.2 249.9 252.5 256.8 261.6 269.1 276.2 279.9 278.1 274.1 273.7 278 288.7 290.3 290.6 297.8 300.4 298.7 306.2 297.5 295.8 290.3 275.5 247.3 235.5 234.6 232.2 233.1 235.4 239.9 243.5
226.8 235.3 243.6 251.5 258.6 262.9 260.4 253 241.9 237.3 231.8 224.6 214.4 205.6 166.1 196.1 197.3 192 186.6 185.8 182.4 181 182.4 192.1 204.2 213.4 231.6 253.9 268.8 275.5 287.8 291.4 292.4 292.9 293 291.5 298 299.5 295.8 291.8 288 282.8 272.9 263.2 258.3 253.8 253.1 250.3 248.2 250.6 256.5 262.4 273.2 283.4 287.4 286.3 283.1 280.4 284.6 302.3 298.4 293.6 299.2 302.9 311.9 315.7 304.9 302.7 297.3 279 254.5 237.1 235 232.3 231.9 234.2 239.5 240.9
212.6 221 230.3 237.5 243.9 245.9 240.6 231.6 222.2 215.4 209.4 201.8 194.1 185.4 151.5 178.3 177.6 173.3 172.3 171.4 173 176.3 185.2 191.8 198.5 208.6 231.7 258.5 265.2 274.2 286.1 286 288.1 289.5 290.8 283.8 286.3 289.2 284.8 280.2 273.2 266.9 256.9 254.1 253.4 249.8 247.6 247.3 252.4 255 257.3 265.2 279.9 298.2 293 290 287.6 287.3 299.6 309.8 301.4 296.8 299.3 304.3 316.2 313.9 310.5 310.5 298.9 280.7 261.7 245.5 235.8 233.7 232.9 234.5 236.6 239.4
195.8 204.1 212.3 217.9 220.8 221.2 218.3 209.2 198.4 192.4 187.5 182 176 167.4 147 160 161.3 161.3 164.2 166.6 167.5 173.6 178.6 184.3 193.2 207.8 225 250.9 259 270.9 278.2 277.8 277.2 277.7 274.1 268.9 269.3 273.7 270.4 265.8 254.2 248 248.5 250.2 246.9 243.6 243.2 247.1 252 253.8 255.9 268.1 285.2 299.3 296.3 293 290.7 290.7 310.3 316.2 305.5 300.3 301.6 303.3 310.9 311.7 312.2 307.7 295.4 283 262.8 251.4 240.4 235.5 234.3 229.7 236 236.8
179.5 184.2 191.4 196.2 195.3 194.9 195 184.5 174 169.6 166.1 161.4 154.5 148.6 147.8 151.2 153.7 157.2 161.6 163.2 166.2 170.1 173.8 180.8 193.6 206.1 220 237.7 248.2 260.8 268.4 266.9 266.7 262.8 263 258 259.5 261.3 258.7 251.4 246 242.9 243.8 244.2 242.8 243.1 243 248.5 251.7 250 255.8 268.1 287.3 294.2 293.3 291.5 291.4 296.1 311.2 312.5 307.8 304.9 308.7 304.6 308.8 311.3 308.1 300.8 291.2 275 259.7 252.8 242.5 238.7 236.5 232.5 232.9 233.7
158.4 163.4 169.9 172.7 174.2 175.8 171.3 159.4 151.3 148.2 146.1 143.6 141.6 143.1 144.9 147.5 149.1 153.5 157.3 156.3 161.4 165.1 170.3 176.9 186.5 196.3 210.8 226.1 234 243.1 244.2 244.6 245.4 247.8 251.2 245.6 246.4 248.7 249.1 244.9 241.5 240.4 240.6 241.1 239.9 239.3 241.1 246 248.6 247.3 258.1 277 287.9 290.7 291.1 291.4 292 301.8 315.9 313.5 306.8 308.6 305.3 304.2 305.8 310.5 307.2 300.4 291 273.7 264.5 256.1 246.9 246.9 239.3 234.2 229.1 232.3
142.1 146 149.2 150.9 151.7 153.4 146.9 139.9 137.6 138.1 138.5 139.2 139 140.8 142.6 144.9 145.7 148.7 151.5 153.5 155.5 160.1 166.2 171 177.4 185.7 196.9 209.7 219.9 228.4 230.2 228.6 229.3 230.1 233.7 236 240.6 246.6 246.9 244.2 245.9 249.3 247.1 239.4 238.7 238.1 236.1 239.3 242.1 247.9 261 281.8 286.8 288.8 291 293.2 297 308.4 321.7 308.3 303.6 305.2 303.1 305.9 305.3 308.2 304.9 301.6 287.8 274.1 267.8 256.6 254.5 252.9 244.4 236.2 235.5 239
130.7 130.9 131.4 131.6 132.4 133.7 130.8 133.5 134.9 135.6 136.6 138.3 140.4 144.4 146.4 148.6 148.9 151.1 150 152.7 157.9 159.9 164 168.4 175.8 179.8 186.4 197.5 209.8 220 216.4 213.3 211.4 218.3 226 231.5 244 254.6 254.9 253.1 262.4 261.5 254.4 245.5 238.1 237.2 237.1 236.6 242.5 247.3 259.3 283.1 283.9 286.7 290.1 295.8 305.9 317.8 320.6 303.8 302.1 304.4 300.9 303.5 308.5 305.7 307.5 297.1 284.6 274.3 268.6 260.3 258.8 254.6 250.8 239.3 239 241.9
125.9 127.1 128.1 128.9 130.1 131.3 133 133.9 135.6 138.4 140 142 145.2 149.8 152.6 153.4 155 158.1 160.8 152.4 161.9 164.6 169.2 171.4 175.9 178.4 183.4 189.6 200.4 206.5 201.5 200.7 207.7 225.7 229.4 232 247.7 264.2 262 263 277.3 267.5 259.2 251.4 244.9 241.1 238.3 234.9 238.5 242.8 257 274.8 279.1 283.6 290.4 300.1 317.7 322.8 319.7 303.9 302 298.3 297.1 298.9 306.8 302.6 303.7 291.2 282.3 275.7 268.8 264.7 263.7 254.7 249.7 242.7 241.9 241.9
129.8 133.3 135.8 138 141.7 143.5 141.2 140.2 147.8 146.8 148.7 149.5 151.9 155.7 159.8 161 163.4 169.2 169.2 159.8 155.8 160.6 166.6 172.8 176.3 177.5 181.5 185.2 194 192.9 190.8 200.8 207.6 223 225 232.6 249.5 258.4 262.5 268.3 283.7 270.4 260.1 254.2 247.5 241.4 236.1 232.9 236.1 241.4 253.3 266.4 270.9 278.1 289.4 309.6 324.6 319.5 310.6 302.3 299.7 292.7 290.8 294.9 296.6 299 293.5 288.3 283.1 277.6 271.7 266.6 262.3 253.3 248.4 243 240.8 238.8
138.5 142.9 148.5 153.5 161.7 162.8 156.6 152.2 153.7 155.4 157.6 159.8 162 165.1 168.3 174.6 177.4 186.2 184.4 180.8 178 176.3 175.9 175.7 176.7 177.6 173.4 180.9 184.9 182.8 184.3 198.8 206.4 217.6 223.5 234.2 243.8 249.4 258.4 263.5 286.3 274.4 263.6 255.8 249.9 244.4 236.3 233.1 240.3 241.2 256.1 263.9 267 271.7 289.7 313.6 319.1 314.6 303.1 300.5 294 287.9 287.6 289.2 291.3 289.5 288.7 286.5 283.8 279.5 272.8 267.3 259.5 254.7 247.4 239.9 237.8 235.8
162.4 165.8 171.8 178.2 184.2 185.2 181.1 176.3 172.8 170.9 169 173.3 180.6 184.4 190 190.9 194.4 200.2 205.5 205.4 202.3 199.1 193.9 191.4 187.6 186.9 186.8 187.2 186.2 187.1 194.8 189.7 202 209.6 216.7 223.4 233.8 244.1 251 256.8 271.2 278.8 270 257.7 251.9 246.3 238.8 231.1 235.7 244 260.9 262.5 262.8 268.4 287.8 310.4 310.7 307.8 299.1 296.9 286.3 284.1 281.4 282.1 287 285.3 284.4 282.1 280.7 276.8 270.7 264.2 258.1 251.9 243.9 236.2 233.9 232.7
192 192.6 197.3 204.4 211.4 213.6 210.1 206.2 201.3 197.5 193.7 195.6 202.1 210.6 205.3 208.7 216.7 224.4 228.9 228 226.4 224 220.4 215.3 211 211.5 207.1 202.6 200.4 197.3 202.7 203.8 203.1 209.8 214.8 219.1 230.2 244.3 248.9 255.5 266.9 281.2 274.1 258.5 251.9 246.1 240.5 229.1 236.4 245.4 256.5 256.4 256.7 262.1 278.6 296.8 300.1 301 293.7 289 284.1 278.7 275.1 273.7 276.6 281 278.1 279.7 277.5 270.6 263.7 259.5 253.6 246.3 238.3 233 229.6 228.5
220.4 220.1 224.8 231.8 243.7 248.2 247.3 242.9 234.5 232.2 225.7 225.7 232.2 229.2 218.7 229.1 237.3 246 249.2 250 249.3 247.5 243.7 237.9 236.3 233.4 231.1 225.2 218.9 214 212.1 210.4 209.7 215.9 219.3 222.1 231.4 243.4 247.2 256.2 264.7 268.5 275.2 260.3 251.6 245.6 241 230.1 236.5 242.6 245 244.1 247.2 257.8 273.5 294.8 298.3 299.9 294.6 286.4 283 274.3 270.8 268.5 268.5 270.1 271.7 272.2 268.3 261.6 256.6 252.4 247.9 239.5 231.9 230.6 226.1 222.9
245.6 248.5 254.1 263.3 278.3 279.4 279.8 274.4 264.3 263.1 257.5 252.1 252.1 238.7 244.8 249.9 254.4 260.3 265 269 268.7 267.5 262.5 256 252.7 245.1 244.7 236.8 234.6 229.9 224.2 220.3 213.3 220.7 222.8 222.6 227.2 233.4 238.4 252.4 256.5 255.5 256 250 249.2 243.6 238.8 229.7 233.1 237.5 236 234.7 239.1 249.7 266.5 286.1 290.6 296.9 294.6 287.1 282 271.3 266.6 264.2 262.7 262 262.9 263.3 258.4 253.8 251.2 244.6 240.5 231.4 228.8 229.4 217.4 215.3
274 276.8 287.5 296.6 297.5 295.9 293.6 288.7 283 280.1 276.9 272.5 269.5 261.6 262.1 263 266 269.3 274.4 277.9 278.3 278.6 273.9 267.1 264.1 256.9 249.7 243.4 240.8 234.3 232 227.7 222.5 217.1 219 220.5 223.9 225.9 229.8 237.2 238.7 242.8 242.1 242.2 244 241 235.7 227.3 227.4 229.3 226.4 227 231.8 242.9 255.8 270.7 285.2 294.2 296.7 288 283.6 266.7 262.6 259.6 255.4 253.1 252.5 251.5 247.9 246.8 242 239.5 232.3 227.2 227.6 218.3 209.9 208.6
294.8 296 298.1 298.6 297.6 295.5 295.5 290.9 287 285.2 284.3 281.7 278.1 274.3 273.1 274.5 276.3 278.4 283.5 286.5 288.4 289.4 284.2 277.6 272.1 264 255.3 246.6 243.9 240.1 237.8 233.7 230.2 223.3 220.9 220.3 220.4 222.2 223.2 224.3 225.9 228.3 232 239.2 239.9 237.7 232.2 226 223.6 224.2 224.3 227.3 230.7 243.2 256.7 268.1 276.6 292.3 299 290.8 287.9 267.2 259.7 256.2 252.2 248.5 244.3 241.3 241.4 240.8 235.5 231.6 226.5 224.5 225 210 208.1 225.4
291.6 291.7 290.9 292.2 289.8 290.5 288.1 289.7 288.6 288.8 287.2 284.9 283.9 281.3 282 285 286.3 288.5 292.6 295.5 298.7 298.8 295.3 288.5 282 272.1 260.1 251.2 249.1 245.1 241.2 238.3 237.6 229.9 224.9 222.9 221.5 220.9 221.6 222.2 222.1 222.3 226.9 233.9 233.4 230.4 227.9 224.5 223 223.2 228.3 230.2 230.7 237.8 255.2 260.4 274.1 294.9 298.3 298.9 295.3 274.4 262.9 254.8 251.2 244.9 238.4 236.6 234.3 231.7 230.8 227.2 219.6 218.8 215.6 206.6 212.7 228.3
283 282.7 282.6 281.7 281.6 283.7 281.8 287 289.2 289.3 288.3 288.5 288.8 288.3 289.3 291.2 294 298.9 301.4 304.3 306.8 305.4 301.3 297.4 291.7 279.3 268.2 262.5 257.3 251.5 246 240.5 237 232.7 228.3 225.7 224.3 222.8 222.4 221.6 221.2 221.8 222.2 225.4 225.4 225.7 224.2 221.9 221.4 222.4 224.8 224.9 224.8 233.4 243.4 251.9 271.7 289.7 293.5 307.3 300.5 283.4 273.7 258.7 253.8 242.8 236.1 232.8 229.5 225.8 225 221.6 214.4 212.9 205 211.2 226.7 230.9
271.3 271.1 271.7 272.6 274.8 276.4 278.1 282.2 286.2 287.2 288.1 291.5 293.1 294.5 294.9 296.3 300.9 307.1 309.6 311.3 311.8 310.3 308.1 306.5 298.3 285.2 276.9 273.3 269.5 264.2 257.7 250.5 242.5 237.5 233.1 230.7 227.7 225.5 223.8 222.7 221.8 221.3 222.4 223.7 223.3 223.1 221.9 220.7 220.2 219.8 219.8 219.3 218.7 225.9 234.8 247.1 266.8 281.1 284.1 305.7 302.7 288.2 283.4 265 256.1 244.8 235.1 230.5 228 223 218.8 215.8 208.5 203.9 204.7 222.5 228.2 233.2
265.7 268 269.8 271.2 274 273.6 276 279.2 280.8 282.6 287.5 293.5 296.5 298 299.5 301.4 309.4 314.4 318.3 318.9 319.6 316.1 314.9 312.5 303.6 294.2 286.6 284.2 279 274.7 270.3 261.3 247.7 245.1 239.6 236.3 232.7 229.5 226.6 224.2 222.9 222.3 222.6 223.8 221.8 221 220 219.3 219.2 219.1 218.7 218.5 218.3 221.2 229.5 243.9 262.3 271.3 278.7 301.8 304.9 291.2 286 269.3 261.4 251.7 240.1 230.9 227.4 224.3 223.4 217.5 206.5 199.8 211.2 225.5 231.2 235.3
274 277 275.2 276.2 277 276.9 278.1 279.4 280.8 282.7 289.3 295 297.6 299.9 301.1 305.6 314.2 320.7 322.8 324.3 323.4 319.9 318.3 313.5 308.6 301.7 296.9 291.8 287.3 283.5 279.3 271.7 264.9 255.8 249.3 243.1 237.3 233.2 230.3 226.6 225.1 224.1 224.5 223.9 222.5 221.3 220 218.8 218 218.6 218 217.5 217.8 218.8 225.6 240.4 256.6 261 275 307.5 303.5 292.7 286.8 270.2 264.9 257.1 245.2 236.1 228.3 225.9 228.5 221.3 213 199.3 215.9 227.6 232.7 236.8
283 285.6 286.6 286.2 283.8 283.2 288.4 290 288.3 290.9 297 301.5 303.4 303.5 304.6 306.7 311 323 325.9 326.7 327.2 321.8 318.2 316.5 313.3 309.4 304.7 299.5 294.1 289.7 284 281.3 277.6 268.1 261.2 253.9 244.7 238.2 234.1 230 227.9 226.4 227.3 226.7 225.1 223.8 222.4 220.8 219.4 218 216.6 216 218.3 220.1 225.4 237.7 249.8 246.9 263.4 295.4 295.1 289.3 282.5 271.8 263.8 258.3 245.9 239 231.1 229.6 227.3 221.6 203.7 208.8 222.5 228.2 233.4 237.2
292.2 293.1 294.5 296.1 295.1 295.3 298.7 300.1 299.5 302.6 307.6 310 309.8 309 310.2 312.2 313.4 323.5 326.8 326.8 327.9 323.1 321.7 317.6 313.7 313.1 311.4 306.2 300.2 294.4 289.8 293.1 287.1 278.9 277.6 266.2 256 247.9 241.2 235.8 231.8 232.4 237.3 233.6 229.7 227 225 224 222.7 219.8 218.1 215.9 216.5 220 225.3 236 234.9 233.6 248.9 276.6 282.1 279.6 275.4 266.9 260.7 255.2 248.4 242.9 231.2 230.3 224.5 219.7 195.8 211.9 221.8 228.2 233.4 236.8
299.4 299.7 301.4 302.5 303.2 306.3 308.9 309.3 309.5 315.3 318.8 319.9 320 318.9 317.5 317.1 317 322.4 326.2 326.6 326.8 329.5 326 319.4 313.7 313.4 310.4 308 303.4 297 301.4 304.2 299.8 295.8 291 279.9 268.3 260.4 248.5 245.4 239.6 242.6 248.1 244.1 240.3 236.8 234.2 229.8 228.1 225.2 221 218.5 215.7 213.7 216.6 221.3 220.7 224.1 237.9 263.1 263.3 262.9 258.2 262.1 257.8 254.8 247.7 238.3 231.2 230.4 222.3 216.9 193.9 207.9 222.7 228.3 231.1 233
302.5 303.8 304.9 306.2 309.2 311.8 314.8 316 318.6 323.2 326.8 328.2 328.3 327.6 324.1 321.3 323.4 327.7 327.8 328.7 335.6 334.4 327.1 318.5 313.1 310.6 310 306.1 302.5 305.6 306.1 305.5 303.6 312.4 304 294.1 279.4 266.8 259.4 256.1 251.2 253.5 257.8 255.6 255.3 252.5 249.5 244.1 243.7 234.8 225.7 223.1 221.6 217.5 212.9 211.6 211.9 216.9 229.1 237 246.3 247.6 243.7 256.7 249.1 245.2 238.7 231.9 229.5 226.2 220.2 200.5 197.8 210.3 221.5 224.4 225.4 227
306 307 308.3 310.1 312.2 314.5 316.5 319.2 323.7 329 332.5 333.9 333.6 332.4 330.6 325.6 327.1 328.4 327.5 331.5 336.1 333.4 329.5 319.1 314.6 309.5 307 304.6 307 310.4 307.5 306 316.3 315 313.3 302.5 287.8 274.2 269.9 267.1 264.4 266.3 269.3 267.6 271.3 268.5 262.8 256.9 259 251.6 238.1 229 225.6 223.8 218.3 212.8 209.1 210.5 215.3 222 230.2 232.5 232.7 237.8 243.4 240 234.6 231.3 230.4 226.8 217.5 189.2 206.8 213.1 216.4 217.9 219.1 220.7
309.4 308.5 309.7 311.4 313.5 315.7 318.1 321.4 327.6 333.1 336.7 338.4 337.6 334.9 331.6 329.2 325.1 325.1 327.8 333.1 334.7 334.6 329.9 322.8 318.7 309.1 305.8 304.5 306.1 306.5 305.1 307.2 320 315.5 313.8 305.4 294.4 284.2 280.5 276 277.4 276.6 280.1 282.3 283.2 282.9 276.2 267.3 269.2 263.5 251.1 237.8 230.2 226.1 222.6 214.6 209.1 207.8 211.8 217.4 221.1 221.7 222.5 225.1 233.7 234.5 229 228.3 230.3 225.7 214.9 183.1 203.9 207.6 209.7 211.8 213.8 215.4
307.8 308.9 310.2 311.3 313.4 316.1 319 323.7 329.4 334.8 338.8 340.2 338.5 333.3 330.9 329.1 326.4 327.7 328.9 335.6 333 333 330.1 330.5 325.7 312.8 306.5 305.5 305.8 305.2 305.1 310.6 312.2 313.2 305.8 300.6 293.9 290.2 287.2 283.9 286.7 285.6 281.4 289.7 293.1 294.2 288.5 280.8 285.7 277 262.1 244.7 233.9 228.3 224.6 215.4 211.1 207.4 210.4 212.2 213.8 211.6 209.7 214.3 220.5 223.9 224.6 226.8 231 223.7 208.4 184.9 199.8 203.3 204.4 206.9 208.7 211.5
303 304.7 306.2 308.7 312 315.5 319.7 324.6 329 333.4 337 337.4 334.2 331 329.6 327.6 328.6 327.1 333.8 334.4 334.6 331.2 335.3 334 323.3 314.5 308.6 309.5 306.5 305 306.3 307.2 300.2 298 289.7 289.7 292.1 289.6 288.2 286.8 289.1 286.9 286.7 293.9 298.5 300.2 296.3 294.3 297.2 290.8 272.1 253.9 239.1 229.5 223.2 216.5 212.4 209.3 204.1 206.8 207.4 203.7 201.8 206.6 212.9 217.6 220.8 224.7 223.7 217.1 202.8 177.7 194.8 198.3 199.6 202.3 205.1 208.1
295.6 297.6 299.8 303.8 308.6 313.7 318.2 322.5 326.4 330 331.3 331.4 329.5 329.5 328.7 327.6 327.4 324.8 332.8 329.7 330.4 329.8 336.7 332.2 323.9 313.9 312.2 315.4 306.7 304.4 304.8 294.2 290 287.5 286.5 287.5 288.8 287.8 285.8 289.1 287.2 285.3 286.8 296.3 300.2 299.3 301.7 306.2 305.5 295.8 279.7 262.5 247.8 232.9 222.8 217.1 215.4 213.5 208.7 202.5 202 198.3 197.6 201.1 207.3 211.5 217.2 218.6 218.9 206.7 196.9 184.1 192.8 194 194.7 197.1 201 204.4
286.9 289.7 292.1 296.3 302.9 309.1 314.7 319.6 323.1 325.4 325.9 325.6 327.2 329 328.7 328.6 325.3 321.7 324.6 324.4 325.2 330.1 332.8 328 320.7 315.7 319.5 313.6 306.8 302.9 294.3 288.4 286.9 284.7 283.4 284.8 286.5 283.1 283.1 285.7 282.7 281.7 290.4 295.5 297.1 298 303 312.3 310.1 298.3 287.5 274.8 261.2 245.3 227.6 220.1 218 214.5 209.9 205.4 202.8 197.5 194.3 196 200.8 205.7 210.6 210.3 207.6 195.1 173.2 185.7 187.8 188.9 190.1 191.9 196.3 200.5
