WholeMapElevations/data/nm/nm87_OST50GRID_20230518/NM87.asc
ncols 200
nrows 200
xllcorner 180000
yllcorner 770000
cellsize 50
[rows 0 to 35 of 200, columns 0 to 80 of 200]
475.9 478.5 462.3 460.1 460.2 457.1 458.5 466.7 481.3 494.2 527 545.2 561.3 580.2 605.2 618.4 624.4 617.6 612.2 595.1 568.6 539.4 528.4 516.6 506.2 497.3 488.6 482 473.2 465.9 454.2 448.1 441.1 428.4 417.1 402.2 393 387.9 376.5 364.6 358.7 352.8 356.2 352 357.8 359.6 366.6 371.4 384.8 394.5 412.5 425.8 435.7 456.9 466.6 474.6 482.7 494.8 500.8 511.6 526.2 537.7 517.2 475.8 445.2 402.6 371.4 342.9 316.1 289.6 269.1 261.7 282.8 308.1 328.1 353.8 378.4 391.6 415.4 412.7 398
491.7 495.6 474.7 470.7 471 465.8 469.5 487 504.7 517.2 538.1 559.2 575.6 604.5 619.6 630.4 633.7 624.2 606.8 583.6 555.1 528.9 513.4 500.3 487.4 479.3 471.2 464.2 459.9 454.3 442.7 437.5 430.9 422.1 410.6 403.2 392.1 382.2 371.6 361.1 356.8 354.6 356.2 358.2 359.8 361.3 368.2 373.6 388.2 401 420.1 432.7 445.4 462.9 474.5 489.6 502.6 512.8 516.3 533.8 552 549.4 517.2 478 441.9 403.3 372.2 345.9 317.3 292.3 272.2 264 282.7 305.6 326.1 350 370.8 391.9 419.9 421.4 415.7
506.1 511.1 488.6 479.8 483 474.4 479 496.1 513.1 534.8 560.9 579.6 594.5 611 632.4 638.5 642.7 622.8 591.9 569.1 547.8 526.4 505.5 488.9 476.1 466.3 458.5 451.7 446.8 443.4 434.2 425.4 418.2 412.1 404.6 395.7 386.2 374.7 366.7 359.3 356 362.5 362.8 365.4 368.9 371.5 371.5 382.6 395.3 413.1 420.1 430 450.1 469.2 487.2 506.5 521.1 528.6 541.7 551.3 569 561.6 518.7 476.7 438.9 406.4 373.6 348.7 327.1 303.8 288.5 274.4 285.3 307.5 324.6 344.6 369.5 392.3 421 428.1 431.4
519 518.5 498.4 487.5 487.6 485.6 492.1 503.9 521.4 550.2 574.8 599.4 612.7 630.4 639.7 637.9 627.9 607.6 585.3 560.9 543.6 516.9 500.8 485.4 467.3 453.6 447.3 443.4 437.5 433.1 422.5 420.8 414.8 406.7 398.2 389.2 379.3 371.2 363 359.5 357.5 366.5 369.5 372.2 375.3 374.9 386.2 392.7 400.8 421.3 429.6 442.4 457.8 472.9 501.8 517.9 532.9 540.3 556.1 565.2 581.6 559.6 517.2 481 438.1 408.5 378.5 357.7 335 317.8 304.2 284 287.6 306 324.1 340.4 365.6 392.7 414.3 428.6 443.1
525.4 522.2 505.8 498.1 497.5 495.6 502.8 517 531.7 564.8 589 618.8 638.1 648.2 660.2 659.9 638.3 614.1 596.9 570 542.7 513.7 501 489.5 464.7 449.6 438.9 433.4 430.2 423.8 415.6 408 405.7 400.6 396.5 386.1 377.4 365.9 361.5 359.4 357.7 369.6 375.1 379.6 378.2 381.3 386.6 404 416.3 424.6 438.3 451.4 474.6 491.9 517.9 531.6 542.4 558.2 569.8 585.4 587.9 554.1 515.6 474.8 438.1 407.8 383.4 367 344.4 329.1 309.1 292.7 286.6 304.9 324.6 338.8 361.6 391.1 409.7 430.3 452.2
523.1 520.5 513.2 506.4 506 506.7 515.9 527.9 549.9 576.9 604.3 625.8 658.8 669.7 676.2 675.4 655.1 624.1 597.1 571.4 544.9 511.8 501 488.9 465.7 446.3 434.6 426.5 421.2 413.7 408 400.5 400.6 393.5 387.9 382.1 375.6 364.9 361.9 360 362 364.3 368.8 373.6 378.2 386.7 394.3 410.5 422.6 435.8 449.3 474.6 494.9 511.2 532.6 544.7 566.8 577.6 586.6 595.7 584.1 550.1 508.7 466.2 435.5 413 392.1 373.3 354.1 339.3 319.4 301.1 291.9 304 322.9 336.4 357.3 388.3 406.9 434.5 457.6
525.7 524.6 520.6 516.8 518.1 516.4 529.9 541.4 565.8 599.8 622 650 677.9 686.9 695.7 695.7 675.2 637.2 607.2 571.9 542.8 515.5 498.9 482.6 464.3 443.3 432 420.8 414.1 409 403.2 392.3 391.6 386.1 384.3 375.7 367.8 359.7 357.6 357.6 358.3 362.3 365.8 376.3 382.5 389.8 400.1 415.7 431.5 448 462.9 487.1 509.6 524.3 553 560.9 574.2 598.3 604.4 607.7 574.7 531.5 496.6 465.2 439.2 419.9 399.6 380.9 363.5 350.3 330.1 314 299.3 299.9 315.6 330.1 354.2 377.5 406.7 428.7 456.6
527.8 528 528.4 527.4 531.9 526.1 538.4 555.2 585 619.8 647.5 676.8 692.2 701.9 706.8 708 691.4 651 616.9 586.5 553.9 530.6 501.6 486.4 460.7 442.5 429.5 417.7 406.7 398 392 385.7 381.9 378.3 375 369.8 362.9 359.3 357.6 357.6 357.6 369.6 370 379.4 388.9 394.6 403 420.1 440.6 454.9 478.2 498.3 518.8 539.2 562.6 576.6 585.3 606.9 615 599.4 555.7 524.7 502.9 473.8 444.1 422.9 407.7 386.3 374.3 357.3 339.7 324.8 307.1 301.6 313.6 329.7 350 372 399.6 421.2 453.2
532.5 534.4 536.8 539.5 545.7 541.4 554 570.6 598.2 631.8 665.1 694.3 710.2 716.9 723 722.1 708.3 671.9 633.5 602.5 570.7 550.9 509.6 491.8 463.9 440.5 424.5 413.2 401.1 390.8 384.4 380.6 378.1 373.3 369.7 366 360.6 359.4 358.7 357.8 360 368.1 378.1 385.2 396.8 401 408.5 429.9 447 465.6 482.7 501.5 532.6 557.2 572 589.8 600.1 613 619.1 590.5 550.7 520.2 503.3 479.9 447.6 429.6 413.3 394.5 377.4 361.4 349.1 335 313.7 306.7 313.9 329.4 346.3 367.1 391.6 417.2 442.5
537.7 541.3 546.7 549.7 554.7 556.6 566.8 589.4 615 645 685.8 713.9 727.2 735.8 737.2 736.5 721.9 692.7 657.5 618.5 587.4 562.3 520.4 492.1 460.6 438.4 417.5 403.1 395.3 385.4 380.1 375.3 374.3 371.7 369.5 366.9 361 359.3 359.1 360.9 360.9 370.5 383.3 393.8 400.4 412.3 423.1 439.9 456.4 473.1 496.1 517.6 534.5 561.7 584.4 600.9 612.7 616.5 621.8 613.3 546.5 518.5 501.5 477.8 452.1 436.8 420.3 400 386 372.1 353.4 337 319.2 312.6 315 326.4 340.7 360.7 384.8 409.8 437.6
547.7 550.5 564.2 568.5 568.1 572 583.2 618.1 645 683.3 710.3 724.4 733.5 742.7 751.5 742.1 729.3 706.8 678.7 640.3 605.4 565.4 521.8 490.4 461.7 438 415.1 401.6 391.2 382.4 374.7 373.3 372.7 371.1 368.6 363.7 361.1 359.6 363.5 365.7 365.6 379.3 392.4 400.7 413 423.2 435.9 449.4 468 497 520.3 543.4 558.8 572.7 587.8 597.9 603.1 616.2 628.6 596.5 549.2 520.4 500.3 482.8 458.2 440.8 427.7 407.8 393.2 375.7 359.3 339.8 326.4 320.3 316 324.6 338.5 355.1 378.8 402.6 430.7
563.2 561.3 570 580.5 585 588.9 607.1 635.1 674.8 699.6 718.9 729 739.6 738.3 746.5 746.7 734.2 714.1 688.7 648.8 611.3 568.1 530.5 495.8 462.5 438.2 415.7 402.1 388.3 379.1 374.1 369.3 369.2 367.8 368.1 363.1 360 361.2 368.8 370.5 370.3 389.9 404.1 415.1 426.6 436.3 444.8 463.6 482.2 507 528.1 548.4 573.4 587.6 593.2 596.8 610.1 612.2 620.6 576.9 549.9 522.7 497.7 485.8 462.6 451.2 432.1 413.5 396.9 380.9 361.9 343.9 333.6 327.4 320.7 323.9 331.7 350.4 368.8 395.9 424
587.3 582.9 587 592.7 592.6 596.9 617.5 656.6 688.6 711.1 723.2 723 724.1 729.9 728.7 731.2 734.8 722.3 694.4 647.8 603.4 567.5 529 492.6 460.7 439.4 418.2 402 386.4 376.3 371.9 362.6 364.9 364.9 363.9 361.9 360.1 361.4 373.1 376.5 382.5 397.6 411.3 422.7 434.5 446.2 457.3 472.6 497.1 518.7 537.6 558.8 580.4 595.7 597.1 604.7 622.2 624.7 609.4 568.7 550.2 525.2 506.3 493.3 476.9 460.7 437.1 417.7 399.6 381.9 368.6 351.2 343.5 331.4 323.1 326.2 331.4 347.9 365.1 387.7 415.8
629.7 620 612.4 605.1 603.4 605.2 620.1 667.6 691.9 709.6 708.7 702.8 705.6 708.8 710.8 712 713.2 710 689.2 645.7 598.6 557.1 518.8 483.4 457.3 439 419.4 402.8 385.2 374.8 368.6 363 362.8 362.5 361.1 360.1 361.2 363 375.3 380 390.4 397.5 417 429.6 435.3 452.9 465.8 478.2 505 526.4 546.1 566.5 585.3 594.3 612.8 615.5 632.6 628.7 606.6 574 557.7 528.1 513.8 501.4 490.5 468.5 443.1 420.7 404.3 388.1 375.2 359.2 356.8 346.1 330.2 327.1 334.5 345.2 363.2 380.6 406.3
662.4 646.8 643.1 625.3 610.1 609.4 644.5 677.9 690.3 690.2 687.3 685.3 683.6 683.6 688.5 688 683.5 674 647.7 615.6 581.6 548.1 511.1 475.4 454.6 435.3 419.5 399.7 385.2 372.3 363.6 359.9 359.3 362 360.7 360.6 361.4 366 376.1 381.7 387.8 401.9 416.6 429.8 445.7 460.3 474.9 492.6 512.3 533.8 552.3 571.8 587.5 600.8 626.9 646 646.7 636.6 609.3 578.8 565.1 539.3 518.2 508 497.3 477.5 450.2 423.3 406.8 391.3 374.7 377.3 370.9 355 336.3 331.8 335.2 344.4 363.1 381.1 405.5
688.2 674.4 658 637.2 619.1 618.7 656.6 668.7 671.5 667.1 665.7 664.7 662.4 661.1 658.4 653.3 642.3 626.6 603.8 580.4 558.7 532.9 503.5 468.6 450.3 429.8 416.5 399.3 380.2 369.4 361.3 359.3 357.7 358.5 359.8 358.6 360.9 367.9 374.8 385.6 395.5 410.6 419.9 436.3 449.3 466 485.6 501.1 524.9 546.3 566.8 583.1 595 606.6 633.1 653.1 658.3 644.2 603.4 571.6 556.7 537.4 525.6 511.6 502.1 479.2 450.2 424.7 406.6 396.9 395.7 395.8 376.6 359.3 339.9 337.5 338.7 344.5 360.3 383.2 405.9
700.2 687.9 669.4 643.2 627.9 624.9 648.4 649 645.2 641.9 639.8 639.3 639.6 637 631.6 621.6 608.4 591.7 573 555.4 539.2 517.7 494.7 463.2 446.9 426.5 410.4 395.6 379.5 368 360.1 358.4 358.6 356 357.1 358.4 360.6 368.7 381.3 390.9 398.8 415.3 422.2 442.6 458.7 476.4 494.7 515.2 541.8 562.2 578.8 592.3 606.5 620.7 639 656.6 666.5 645.4 607 570.5 550.9 533.8 519 506.8 494.1 471 441.1 424.5 417.7 413.6 406 398.9 382 360.2 343.2 339.6 341.9 346.6 360.8 379.3 402.3
716.3 697.3 667.7 645.3 630.2 637.6 633.2 630 624.7 619.1 614.3 613.9 618.8 617.5 613.3 596.9 585 571.5 556 542.4 525.2 511.2 488.3 459 440.4 424.7 410.6 394.9 375.9 368.6 362.8 358.6 356.2 355.9 355.6 357.3 358 368 380.6 389.9 401.2 416.1 427.7 440.5 457.9 478.5 498.2 522.8 557 580.3 584.1 600.9 616.4 634.5 658.4 676.9 679 653.2 616.1 586.1 556.4 532.2 522 508 486.9 457.5 451.8 440.6 433.4 426 418.6 400.2 382.6 361.1 352.7 345.7 344.1 349.8 362.7 377.1 398.8
732.5 703.5 687.1 655.4 639.9 650.7 632.9 627.6 617.1 605.9 598.7 592 596.5 593.1 586.6 580 570.8 559.2 544.4 535.2 515.8 506.8 481.9 452.9 436.7 420.8 405.6 389.5 373 368.6 359 356.7 355.7 355.6 355.3 355.7 357.4 367.7 377.5 387.9 400.4 413.3 426.8 445.3 468.8 489.1 514.8 539.2 568.3 585.1 600.3 617.5 627.7 654.8 674.7 692.5 700.5 664.3 625.3 600.8 572 548.4 530.1 519 505.1 494.5 476.7 460.9 456.9 438.7 419.3 404.1 382 363.3 355.9 353.1 350.6 349.4 361.6 377.8 396.9
742.5 720.9 699.5 673.6 663.9 664.4 650.8 627.6 610.7 601.9 590.8 585.4 579.8 571.2 565.8 561.3 555.6 547.5 537.4 527.3 510.4 505.3 479.9 449.8 432 418 399.1 387.3 375.4 363.7 360.4 356.6 355.1 354.9 354.9 355.7 357.9 365.1 375.3 386.1 398.7 415.8 428.7 453.6 474 495.9 522.2 547.6 573.8 594.2 615.4 630.4 652.8 673.3 686.8 705.9 698.5 662.3 631.5 602.7 584.7 570.5 556 537.5 526.3 511 492.9 477.8 484.3 453.6 429.1 408.8 390.5 374.1 365.2 359.3 359.2 355.8 361.9 375.9 395.3
761.1 731.5 714 690.4 687.7 681.9 664.2 635.2 611.7 600 590.8 579.2 577.6 567.9 557.3 540.5 514.1 516.8 512.7 514.8 502.5 492.8 473.6 444.3 430.4 415.7 395.6 382.1 371 363.6 357.3 355.2 357.6 354.6 354.6 355.8 358.8 367.1 378.7 389 404.6 418 437.8 457.5 477.3 498.7 525.2 552 581 604 625.3 646.4 667.9 683.3 701.9 722.9 698.6 663.7 637.9 616.2 605.8 583.3 576.5 566.9 547.7 521 501.1 492.9 491.4 461.7 440.8 423.4 401.4 382.3 373.4 366.9 367.9 365.9 362.9 377.2 391.8
781.1 749.5 732.7 715.9 710.3 699.4 679 644.3 621.5 596.8 586.8 579 574.2 567.9 565.1 523.4 477.9 473.8 474.9 461.8 457.8 470.4 475.1 444.4 424.7 412 393.4 380.4 368 359.9 356.9 355.8 355.6 354.6 354.5 357 361.1 368.6 381 396.6 410.5 423.3 441.2 455.2 478.1 505.2 531.8 554.2 584 611.5 631.3 650.8 672.3 695.4 714.1 736.8 717.3 680.8 649.8 626.7 612.7 602.9 598.8 587.7 569.9 552.5 528 515.6 505.1 479.9 460.6 436.3 413.5 395.4 387.8 380.3 379.5 375.1 380.5 377.5 388.8
783.8 769.5 750.4 737.9 728 716.6 690.4 663.8 640 611.3 589.9 580 576.7 573.6 566.1 553.7 520.4 462.1 431.1 427.2 428.3 440.8 461.6 446.7 426.6 411.3 392.8 384.6 374.2 358.7 356.2 355.2 355.6 355.7 355.8 358.4 363.1 369 387.3 404.7 415.9 424.8 437.9 462.5 489.5 511.7 534.4 565.3 589.7 617.1 638.8 660.8 683.7 704.3 727 754.2 751.8 709.7 680.3 658.5 638.7 640.5 625.8 614.1 596.5 577.8 554.1 546.1 520.7 497.7 477.7 451.8 432.2 416.9 415.4 397.9 390.8 388.7 392.5 386.3 387.2
762.8 774.7 767.1 755.7 744.8 726.1 707 686.2 665.3 634.6 604.9 587.9 580.8 578.2 575 569.8 541.9 486.2 415.2 388.9 398.4 408 426.2 423.8 410.8 397.6 386.4 379.5 367.3 358.7 353 352.5 353.1 360 356.9 360.7 363.1 370.2 382.2 397.9 410 428.5 447.6 470.1 496.6 515.7 538.5 563.4 592.3 618.9 641.9 666.5 690.8 712.9 738.1 755.8 779.6 763.6 724.4 693.3 671.3 670.3 658.5 644.2 621.7 605.8 588.1 571.9 549.5 523.8 499.2 476.9 455.4 443.4 438.4 424.7 412.1 408 406.6 399.6 394.3
734.2 751.8 749.9 754.9 760.6 743.9 725.6 708.8 687.9 660.7 632.2 607.3 598.6 589.6 586.5 582.5 571.8 497.5 416.6 379.7 359.3 370.5 381.9 382.6 378.4 377.8 371.4 366.3 358.1 352.5 346.6 349.3 350.6 352.7 357.4 362.6 365.4 367.5 377.8 394.5 414.4 431.5 450.8 478.7 499.4 518.2 540.2 568.3 591.7 619.7 648.4 670.3 690.7 715.9 739.8 758.2 773 778.7 766.8 735 711.6 694.9 692.6 673.5 652.9 637.5 615.4 596.1 569 541.7 515.2 497.9 481.3 466.2 460.3 449.9 430.9 426.3 420.8 409.9 407.9
704.7 718.6 717.5 688.9 726 733.3 722.9 723.9 706.9 682.7 658.3 628.9 608.8 601.1 587 574.3 563.8 517.2 440.2 395 347.7 335.6 341.4 344 345.7 346.2 347 348.4 344.8 340.1 335 339 342.7 349 355.1 361.9 364.2 368 380.8 400 417.9 434.9 457.5 476.9 495.7 520.4 551.7 577.6 596.5 626.5 654.7 678.6 699.8 723.5 738.8 754.8 761.7 770.8 770.7 765.1 747.3 728.6 718.8 697.8 667.8 639.3 613.5 587.5 563 538.5 514.3 502.1 492.1 483 483.7 466.5 453.7 445.9 435 427.7 420.9
672.8 687.3 691.4 653 658.3 674.2 666.4 684.6 698.4 641.3 631.4 593.6 580.4 555.1 538.6 515.3 501.4 471.5 436.8 405.1 359.7 317.2 308.6 310.7 310.6 313.1 319.4 326.3 324.6 321.1 315.2 323.1 332.3 337.6 348 356.1 361.3 365.2 379.2 400 418.8 432.2 452.4 475.1 505.9 527.9 556 582.1 609.5 634.5 664.6 682.7 700.6 719.1 733.2 741.2 752.9 755.9 759.7 760.2 753.3 736.5 714.1 685.9 659.9 634.6 606.2 578.9 551.1 525.7 507.1 498.6 491.9 490.4 495.4 486.5 476 465.1 456 450 443.3
640.8 659.2 668 631.2 595.7 619.2 610.9 615.7 647.4 637.1 573.9 546.7 528.8 512.2 491.4 466.4 446.7 418.4 396.9 383.2 372.5 336.4 291.5 276.5 274.7 282.3 291.7 298.2 299.1 297.3 289.4 296.3 313 317.6 328.9 343.8 352.9 359 374.9 396 413.9 436.1 452.9 480.9 511.5 538.1 566.9 589.6 614.4 642.1 671 679.4 696.9 707.8 719.7 728.8 734.8 739.5 743.7 750.3 737.2 716.8 694.1 667.8 646.2 623.5 594.1 565.2 537.9 515.6 501.9 493.4 487.1 497.9 506.3 505.4 496 483.8 476.3 469.7 467.8
602.7 621.5 631.6 610 566.8 555.5 549.2 563.2 578.7 578 554 500.3 482 461.3 440.1 419.6 406.7 373.1 354.6 346 329.9 324.9 299.1 274.8 254.6 252.1 264.4 272.3 274.5 273.2 262 267.3 279.2 294.4 301.9 317.5 321 346.9 363.4 378.7 406.5 433 451.2 479.6 522.2 546 569.8 592 618.9 644.3 664.7 680.7 685.9 695.5 702 711.1 718.9 727.1 733.9 731.4 711.7 692.8 673.6 650.7 629.2 606 576.6 550.3 525 504.3 491.3 481.7 484.4 499.2 510.9 516 515.4 506.4 498.7 497.6 492.7
567.8 580.2 593.6 585 538.4 504.6 502.2 513.3 522.4 515.6 503.8 485 436.7 412.1 390.4 374.4 353.6 329.3 316.1 306 297.1 283 268 254.3 244.4 228.5 234 240.1 243.5 238.4 233.3 242.3 251.5 262.7 273.9 289.2 301 319 333.1 358.6 391.2 424.4 450.6 475.6 512.7 543.8 569.4 596.8 621.9 639.8 657.5 656.2 663.8 672.9 683.7 694.1 705.7 715.8 722.5 702.9 684.7 667.1 648.4 628.3 609.5 585.6 558.2 530 508.9 491.3 479.3 472 481.8 499.2 510.5 524.4 529.8 530.1 527.6 526 526.6
535.3 548.2 555.4 544.2 511.3 479 466.4 462.5 451.3 444.3 439.6 437.9 410.1 367.4 354 326.9 306.4 293.4 281.8 274 259.5 247.7 239 227.6 220.7 209.8 213.1 212.9 211 209.1 211.2 216.9 221.3 234.3 244.8 258.9 282.3 288.9 302.7 331.7 370.1 397.1 432.6 462.4 496.4 529.8 564 589.6 612.3 615.4 616.9 621.7 635.6 651.3 662.9 678.1 695.1 705.1 691.4 674.1 657.7 640.4 622.6 605 585.4 561.1 536.6 511.3 491.7 478.3 466.6 463.3 475.6 492.9 512.4 529.6 542.1 549.4 561.1 561.9 557.7
509.1 518.2 524 512.1 485.9 449.5 432.2 411 407.3 396.8 390.9 389 363 336.4 316.1 291.7 275.5 263.5 251.3 240 228.7 217.4 212.7 206.3 203.1 190.1 189.9 189.4 187.8 186.5 187.9 190.3 196.9 204.5 217.4 229.9 255.8 255 279.2 307.5 338.8 375.8 409 451.4 480.4 505.3 518.8 543.7 556.3 572.9 578.9 587.8 606.8 624.6 644.8 662.9 677.5 674.7 659.4 647.8 629.9 613.7 595.8 578.5 560.3 537 514.8 492.4 475.9 465.8 454.1 457.1 471.5 491 514.2 533.5 550.9 567.3 583.5 597.8 597.5
488.1 494.6 496 490 458.8 425.3 403.7 383.9 368.7 362.3 361.2 346.1 328.6 305.4 279.9 265.1 247.8 233.6 220.8 210.7 201.1 191.7 190.2 185.1 173.2 172.9 166.1 167.9 168 167.8 167.9 166.5 169.4 183.8 192 207.1 217.6 233 257.3 282.8 309.3 353.4 384.5 415 455.1 480.2 477.8 489.5 525.5 531.1 535.5 555.5 573.7 607.4 634 646.9 644.2 637.2 628.6 617.7 601.6 585.6 567.7 549.4 530.1 510.6 492.4 474.1 461.7 450.7 447.6 458.6 473.4 491.1 516.1 536 558.1 578.4 600.8 618.5 632.8
467.9 466 461.4 451.4 432.1 401.7 382.3 352.3 333.6 330.4 317 300.1 293.1 272.5 258.9 241.3 223.5 205.3 190.9 184.9 177 171.9 164.6 161.3 154 151.3 149.9 151.1 152.9 149 151 146.5 151.7 161.3 173 176.9 191.4 212.9 231.5 259.8 283.7 317.9 350.6 380.5 410.3 438.7 438 450.7 479.6 494 498.2 528.5 569.3 598.2 617.3 609.7 597.3 604.4 597.7 585.9 569.7 554.7 537.1 518.8 502.8 484.8 468.9 453.3 446.4 435.6 446.6 459.5 475.3 493.9 518.6 537.7 562.1 585.2 610.2 627.6 649.5
444.1 439.2 424.2 415.7 390.8 379.4 374.2 330.5 303.9 291 282.3 269.1 257.1 239.2 226.2 210.3 198.6 184.5 170.9 162.3 157.6 150.3 143.6 142.6 139.9 133.2 132.5 132.5 135.6 133.6 134.2 132.1 133.9 143.4 148.4 157.2 171.5 186.6 210.9 234 256.8 287 320.8 348.3 361.4 383 398.4 418 434.6 444.3 487.8 531.3 559.5 580.7 577.8 572.5 571.9 570.3 561.7 551.4 536.8 522.9 503.2 487.5 474 459.6 443.9 434.8 429.7 428.5 445.2 460.7 478.6 498 520.9 541.2 564.9 588.9 613.3 632.6 657.7
430.3 414.3 394 382.3 363.7 350.8 327.6 301.8 284.7 270.4 251.8 241.6 228.1 212.7 201.3 190.5 177.9 164.1 154.9 144.8 136.5 131.3 131.6 130.6 130.8 131.4 121.8 119.7 121.4 120.8 121.2 121 120.5 124.1 134.2 142 147.4 167.5 186.8 207.9 228 251 279.1 300 323.5 345.4 361.4 379.8 419.5 461.8 477.5 506.1 532.2 550.6 545.9 549.4 546.1 536.5 524.8 514.5 503 485.7 471.7 458.1 444.6 432.7 422.6 414.2 409.3 424.8 442.1 461.5 481.3 501.6 521.5 539.9 564.2 586.9 606.7 629.3 656.6
