WholeMapElevations/data/se/se58_OST50GRID_20230518/SE58.asc
ncols 200
nrows 200
xllcorner 450000
yllcorner 480000
cellsize 50
[rows 70 to 104 of 200, columns 0 to 78 of 200]
153.4 158.2 164.8 170.7 180.9 190.1 197.8 204.6 212.1 223.1 245.3 258.3 270.2 294.2 303.5 308.6 309.9 309.8 308.6 307.6 305.9 303.9 301.8 299.6 297.5 295.3 292.8 291 288.9 287.1 286.2 283.5 279.3 277.2 279.5 278.9 277.9 276.2 274.9 273.5 272.3 271.1 269.3 266.6 256.5 227.9 218.5 223 230.4 239.4 249.3 258.4 260.2 259.1 258.4 257.2 255.9 254.7 253.6 252.5 251.5 250.4 249.3 248.3 246 245 243.3 241 237.9 234.3 230.9 223.5 212.6 205.1 201.9 202.5 203.1 205.8 206.4
151.1 153.1 158.2 164.8 172.7 180.5 189.5 199.6 207.4 214.9 229.6 253.1 261.7 286.3 300.8 307.9 309.1 308.7 308.3 307.3 305.6 303.8 302 299.8 297.4 295.1 292.9 290.4 287.6 286.2 284 280.9 278.5 281.1 280.8 279.7 278.6 277.2 275.8 274.5 273.2 271.6 269.1 264.8 243.9 234.6 244.5 251.1 258.7 264.9 264.5 263.8 262.9 261.8 260.8 259.3 258 256.7 255.4 254.4 253.5 252.5 251.2 250.2 248.1 247.1 246.3 244.2 242.6 240.7 237.2 233.7 230.7 228.1 222.9 221.5 221.6 222.4 224.6
155.8 157.2 161.8 167.2 171.8 177.6 183.5 196.3 205.9 213.9 227.9 248.8 261.6 276.1 297.2 307.5 308.3 307.9 307.3 306.8 305.2 303.3 301.3 299 296.6 294.3 291.8 288.2 285.1 283.4 281.5 282.1 283 282.4 281 279.7 278.6 277.1 275.8 274.4 272.9 271.4 269.2 265.3 240.7 257.6 265.8 267.2 267.5 267.3 266.6 265.6 264.6 263.7 262.7 261.3 260 258.4 256.8 255.8 254.7 253.3 252.4 251.6 250.4 248.9 247.2 245.5 243.7 241.8 240.4 238.7 237 235.2 232.1 228.4 225.8 225.2 225.9
159.8 159.5 165.4 170.9 177.8 183.1 186.9 197.5 208 216 233.4 250.5 262.6 275.1 300.1 308.9 309.4 308.1 306.7 305.1 303.8 301.8 299.3 297.7 295.7 292.3 289.5 288.1 287.5 286.4 284.9 285 283.9 283.1 281.2 279.5 278.1 276.5 275.2 272.8 272.1 270.4 268.1 264.7 254.9 267.1 268.7 268.4 268.2 268.1 267.3 266.5 265.9 264.9 263.8 262.5 260.9 259.3 257.7 256.5 254.8 253.5 252.3 251.4 250.3 249 247.3 245.7 244.1 242.5 241 239.2 237.5 236.3 235.6 233.7 233.7 233.4 233.2
159 164 168.7 173.2 180.9 186 194.6 202.1 211.8 221.7 234.8 255.2 263.6 277.5 294.3 310 310.5 309.1 307.2 304.6 302.7 300.9 298.2 295.4 293 291.4 291.6 290.6 289.2 288.1 287 286.6 285.1 283.7 281.5 279.3 276.5 275.3 273.7 270.9 267.9 264.7 260.6 261 267.4 268.9 268.3 268.6 268.6 268.1 267.2 266.2 265.4 264.4 263.6 262.6 261.2 259.7 258.2 256.6 255 253.8 252.6 251.3 249.9 248.2 246.4 244.8 243.2 241.7 240.1 238.7 237.7 236.5 235.2 234.2 233.1 232.2 232.7
163.1 167.6 175.4 177.1 180.3 188.3 198.1 207.9 217.2 221.3 233.4 255.6 268.6 280.9 304.9 312 311.8 310.3 308 306.4 305.3 304.2 300.6 297.5 296.5 295.5 294.3 292.4 290.3 288.8 288.2 287.2 285.6 283.7 281.8 279.3 275.3 272.1 269.2 270 271 269.7 269.8 269.1 269.5 269.1 268.2 267.4 267.3 267.3 266.8 265.8 264.7 263.4 262.4 261.7 260.6 259.3 257.9 256.6 255.3 253.8 252.3 250.8 249.2 247.4 245.6 243.9 242.3 240.9 239.4 237.6 236.2 235.1 234.2 233.4 232.4 231.4 231.1
158.5 171.7 177 183.4 185.7 194.8 203.3 213.1 226 223.4 232.4 250.7 272.6 284 305.9 313.7 313.8 312.1 310.1 308.2 307.9 306 302.8 299.7 299.3 297.9 295.5 293.6 290.9 288.8 288.6 287.2 285.5 283 281.1 277.3 273.9 275 275.1 274.9 274.6 273.4 271.9 271.5 271 269.6 267.8 265.5 264.8 265 264.9 263.7 263.4 262.3 261.2 260.6 259.1 258.6 257.3 255.9 254.5 253.1 251.6 250 248.1 246.4 244.7 243 241.5 240.1 238.7 237.1 235.3 233.5 232.3 232 231 230.1 230
165.4 170.8 181.2 188.2 198.3 199.7 205.6 214.4 230.1 227.7 231 244.6 268.6 288.9 309 316.1 315.6 314.3 312.4 310.7 309.1 307.6 305 302.8 300.9 300 296.3 293.3 290.4 288.9 287.5 286.3 284.1 281.3 278.9 278.3 278.3 277.7 277.1 276.8 275.2 274.7 272.9 271.5 270.4 268.8 266 259.3 259.3 260.2 261.5 262.1 261.2 259.2 258.7 258.4 257.8 256.8 255.7 254.6 253.6 252.3 250.8 249 247.1 245.4 243.7 242.1 241.1 239.8 238.1 236.9 235.5 234.1 231.9 229.8 228 227.6 227.4
175.3 175.5 177.1 187.1 197.2 204 211.5 220.7 230.2 229.8 234.5 242.2 265.1 288.4 311.5 318 316.7 315.3 313.7 311.7 310.7 308.5 306.7 305.6 303.1 300.9 298.3 295.3 292 288.9 286.9 285.1 282.5 281.6 282 281.1 280 279.1 278.3 277.1 275.6 274.4 272.2 270.5 268.7 268.3 268 267.4 265.6 263.5 261.6 259.8 257.6 256.2 254.5 253.8 254 254.6 253.3 252.4 251.4 250 248.6 247.2 246.4 244.8 243.2 241.5 239.6 237.9 236.5 235.5 234.1 232.6 230.8 229 226.9 224.9 225.3
188.6 194 193.7 198 201.9 210.5 217.3 227.6 235.2 231.5 240.6 246.1 265.8 286.9 319.2 319.7 318.5 317.1 315.3 313.4 311.7 310.2 308.7 307.6 304.5 302.3 299.6 297.3 293.6 291.3 289.3 287.5 284.5 285.2 284.5 283 281.3 280.2 279.5 277.7 275.8 274.1 271.5 269.8 269.4 270.1 269.3 267.8 266 265.3 264.2 262.9 261.5 260.3 258.3 253.7 250.7 249.8 250.1 249 247.8 247.7 246.2 245.2 244.3 242.7 240.9 239.3 237.8 235.6 233.6 232.6 231.5 230.5 229.1 227.5 225.9 224.4 222.3
207 217 215.5 217.8 220 218.5 223.4 231.3 232.8 237.9 249.1 253.4 272.5 295.1 323.6 321.4 320.4 319 317 315.1 313.6 312.1 310.7 308.7 305.6 302.6 300.3 298.7 296.2 294.1 291.9 288.2 287.2 288.2 286 284.8 283.4 282 280.8 278.9 276.1 274.1 271.4 270.4 270.5 270.2 270.2 268 266.3 265.4 264.7 264.5 262.2 260.6 258.8 255.7 250.4 248.1 244.5 244.2 244.2 244.3 243 242.6 241.4 240.8 239.2 237.7 236.2 233.1 230.7 229.9 229.4 227.8 226.7 225.5 224.2 222.3 219.2
217 227.8 227.3 228.1 228.4 227.4 231.5 237.3 241.1 249.2 257.4 262.7 285.8 314.1 325 323.5 322.3 320.8 318.8 316.9 315.5 314 311.9 309.1 305.6 303.6 302 300.3 298.2 295.9 292.6 290.7 290 289.6 288.2 286.5 284.7 282.8 281.4 278.6 276 273.9 272.9 272.6 272.5 271.8 270.2 268.3 266.6 265.4 264.1 263.5 261.1 259 256.8 253.6 251 249.6 246 240.9 238.8 239.3 239.9 239.5 238.5 237.2 235.8 234.7 233.5 232.7 229.9 227.9 227.7 226.4 225 223.1 222 219.8 217.1
226.7 233.3 234.2 235.2 236.3 236.6 239.3 245.1 251.1 256 264 276.3 291.6 325.1 326.3 325 323.6 322.3 320.5 318.4 316.8 314.5 312 309.7 308.1 306.5 304.7 302.3 300.2 296.8 293.7 293.3 292.3 291.2 289.4 287.7 285.8 283.8 281.9 278.9 276.8 274.9 273.8 273.3 272.6 271.2 269.8 267.9 266.5 265 263.7 262.3 259.5 256.9 254.8 251.6 250.3 248.4 245.7 243 239 234 235.3 235.7 235.2 233.8 232 230.8 230.9 228.7 227.5 224.9 223.9 223.9 222.5 221.1 219.9 218.1 215.3
234.5 236.6 238.9 240.7 242.1 243.6 246.6 252.6 259.1 270.5 282.7 295 307.5 328.6 327.2 325.8 324.5 323.4 321.6 319.8 317.8 315.8 313.8 312.3 310.8 309.1 306.7 304.3 301.5 298.3 297.5 296.3 294.4 292.2 290.4 288.1 286.5 284.4 282.5 280.4 277.9 275.8 274 272.5 270.9 269.4 268.6 267.4 265.8 264.1 262.5 260.8 257.7 255.1 252.6 250.8 249.1 247.4 244.8 242.1 238.7 235.2 230.3 231.6 231.3 230.3 228.6 226 226.4 225.1 224.2 222.2 220.2 220.4 219.8 218.5 217.2 215.7 213.8
236.5 239 245 246 247 247.6 253.1 261 270.7 281.3 295.9 311.6 329.2 329.6 328.2 326.5 325.3 324.5 322.5 320.4 318.5 317.1 316.1 314.7 312.8 310.4 308.3 305.4 302.2 301.1 299.9 298 295.4 293.1 291.4 288.9 286.9 284.9 283 280.8 278.5 276.1 273.5 271.4 269.3 267.8 266.8 265.7 264.4 262.5 261.1 259.7 256.5 253.9 252.2 250.6 248.3 245.3 243.1 239.8 236 232.2 228.2 225.3 226 225.9 223.4 221.4 220.6 219.6 218.7 217.7 215.9 215.1 214.3 212.3 211.8 210.1 208.8
234.9 238.4 245 248.1 250.6 252.7 257.9 268 282.8 292.6 304 321 330.5 330.2 328.8 327.1 326.2 324.5 323.5 321.5 318.5 318.9 318.2 316.7 313.8 311.3 308.6 306.1 304.9 303.9 302.1 299.1 296.3 293.8 291.3 289 286.7 284.4 282.3 280.7 277.2 275.8 274 272.6 270.4 268.9 266.7 263.7 263.1 261 260.5 258.2 255.5 253.4 251.4 250.2 247.5 243.2 238.1 233.9 234.6 232.3 231.5 228.9 225.2 223.6 221.5 220.9 219.9 219.7 217.5 215.1 212.5 211.7 211.6 211.3 209.8 207.6 205
227 236.4 241.6 247.4 251.3 254 260.4 267.5 283.6 299.7 314.4 328 330.7 330.6 329.3 327.8 326.1 324.4 323.5 322.3 320.3 320 318.9 317.6 314.8 312.1 309.9 308.6 307.2 305.7 303.6 300.5 297 294.5 292.5 289.4 287.4 284.3 283.1 280.1 278.6 277.5 276.2 273.7 271.8 268.6 266 263.8 259.4 258.7 257.3 255.2 252.8 251.9 250.1 246.8 242.6 238.2 239.5 240.2 239.3 237.3 235.5 233.6 231 229.1 228.2 226.8 224.8 223.7 222 220 218.4 217.1 216.7 215.8 214.2 212 210.1
215.4 231.9 238.4 242.6 247.1 250.4 258.1 267.1 282.8 299.1 315.1 328.1 331.3 330.4 329.4 327.9 325.8 324.3 323.4 322.5 321.6 320.7 317.7 316.6 314.5 313 312.4 310.9 308.9 306.5 304.5 301.5 298.5 295.8 293.6 290.5 288 284.9 283 279.5 278 276.1 274.9 272.5 269.6 267.2 264.9 262.4 259.7 256.8 253.1 251.1 248.3 246 244.6 244.2 245.3 246.1 245.7 244.2 241.5 238.7 237 235.4 232.7 231.5 230.2 228.7 226.3 224.5 222.3 220.3 218.5 217.3 216.2 215.2 213.9 212.6 210.9
204.1 220.1 233 235.7 239.4 243.7 253 265.5 279 292 305.8 321.5 328.5 329 328.4 327.2 325.6 324.1 322.4 322.6 321.7 320.7 318.3 316.2 314 313.8 313.3 312 309.8 307.7 305.7 302.6 299.9 297.2 294.3 291.4 288.5 286 282.7 279.7 276.7 273.4 270.5 267.9 265.3 263.1 261.1 259.4 255.4 253.1 252.2 252.7 252.6 251.9 250.7 249.2 249 248.1 246.4 245.3 242.7 240 238.3 236.4 234.1 232.7 231.2 229.3 226.3 223.7 222 220.1 217.6 215.9 214.6 213 212.2 211.3 210.3
189 205.1 223.1 230.1 237.3 238.6 244 257 269.8 283.1 295.4 308.2 324.2 326.7 326.3 325.8 324.4 323.3 323 322.1 321.7 321.1 319 316.6 315.7 314.9 313.5 312.3 310.6 308.3 305.9 303.8 300.8 297.7 294.9 291.7 288.9 286.1 282.7 279.3 275.8 273.7 273 270.5 268.3 266 263.4 259 259.5 259 259.5 259 258 255.8 253.4 251.5 249.6 248.2 247 244.9 242.5 240.1 238.7 236.8 235.3 233.8 231.9 229.4 226.5 224.8 222.8 219.6 217.4 215.4 213.3 211.2 209.9 209.1 208.2
177.5 192.9 215.4 234.8 243.2 239 242.7 251.1 264.9 278.8 292.6 302.1 309.7 322.3 324.1 324 323.5 322.9 323.1 322.8 322.5 321.7 320.7 319.3 317.7 317 315.3 313.3 310.9 308.6 306.3 303.9 300.8 298 295.1 290.3 287.3 285.5 282.1 278.9 278.4 278.2 276.5 274.6 272 268.9 263.5 264.8 265.4 264.6 263.4 261.8 260.1 257.7 255.8 253.6 251.4 248.4 246.1 243.3 241 239 237.7 237.4 236.6 234.5 231.8 230.1 227.5 224.6 222.9 220.9 217.8 216 213.9 211.6 209.4 207.8 206.7
175.3 190.9 212.9 234.2 242 238.9 236.5 246.9 260.9 273.6 285.3 295.1 300.2 310.4 320.1 322.2 322.1 322.9 323.4 323.4 323.5 322.9 321.9 320.7 319.1 317.2 315.8 313.5 311.1 308.8 306.5 304.2 300.3 298.1 295.6 291.9 289.7 287.7 283.8 282.6 282 279.9 278.3 276.5 273.4 270.2 266.5 269.1 268.6 267.7 266.3 264.1 262.1 259.2 256.3 254.7 252.2 249.3 245.4 242.6 240.2 238.5 236.2 234.7 235 233.4 230.7 229.6 227.7 225.7 223.8 221.4 218.6 216.8 214.8 212.1 210.8 209.7 208
177 187.8 206.8 233.9 240 238.6 233.7 242.1 254.2 264.6 273.5 283 293.4 298.5 311.9 317.4 319.4 321.8 323.5 324.1 323.6 322.6 321.7 320.9 319.5 317.9 315.6 313.7 311.4 309 306.7 304.8 301.7 299 296.5 293.7 290.8 288 285.6 285.6 283.9 281.5 279.3 277.2 274.4 270 271 272 271 269.6 267.8 265.6 263.5 260.6 257.1 254.1 251 248.1 246.4 243.9 242.6 240.7 238.4 235.2 230.9 230.5 228.3 228.1 226.7 225 222.7 220.7 217.8 215.9 214 212.4 211.2 210 208.6
172.4 186.1 193.4 225.4 236.9 236.2 231 236.7 243.7 252.1 260.9 271.6 283.7 292.3 300.7 313.5 317 320.3 322 322.5 323.3 321.8 321 320.3 319.3 318.1 315.9 314.3 311.8 309.2 306.4 304.9 301.9 299.4 296.9 294.2 291 288.9 289.2 287.8 285.8 283.8 282.2 279.2 275.7 272.3 274.4 273.8 272.1 270.7 268.7 265.7 263.2 260.6 256.9 253.2 251.4 250.6 248.8 246.9 243.4 241.1 238.7 235.7 232.1 228.7 225.6 225.1 225.2 224.5 222.5 220.4 216.6 215.2 213.2 211.2 210.2 207.6 207.9
160 176.1 184.8 207.7 231.7 231.6 226.7 233.7 239.2 240.3 248.4 256.7 266.3 283.2 291.8 306.8 313.9 317.9 319.8 321.6 321.8 321.3 320.7 320.3 318.9 318 315.9 313.5 311.4 309.2 306 303.8 302.2 299.2 297.3 295 294 292.3 290.9 288.5 286.7 284.5 282.6 280.1 275.3 275.8 276.7 275.4 272.2 271.4 268.7 265.2 262.2 259.1 256.4 255 254.2 252.6 249.9 248.1 244.8 241.9 239.7 237.5 234.9 232.1 228.8 224.9 220.9 220.1 218.6 214.7 213.1 212.3 211.2 209.8 207.5 204.4 205.2
154.6 169.4 179.8 196.9 225 225.7 223.1 227.6 235.3 237.9 239 242.6 253.6 271.2 282.5 297.5 310.9 315.3 317.7 319.2 320 320.1 320 319.3 319.1 317.2 315.8 313.4 311.1 309.1 306.9 304.2 302.1 299.9 298.7 297.6 295.6 293.5 292 289.5 287 284.8 281.8 278.7 278.2 278.8 277.5 275.6 273.4 271.2 268.4 264.9 260.9 260.6 258.9 256.7 255.4 253.7 250.7 248.7 246.2 243.6 241.3 238.6 236.5 234.4 231.7 228.9 225.3 224.1 221.4 218.7 212.9 198.5 200.7 201.1 197.6 187.2 181.6
149.2 164.4 177.7 187.9 208.2 215.6 213.2 222.2 228.4 233.6 232.1 239.4 245.1 262.3 277.9 288.5 306.7 310.4 314 316.1 317 318.7 318.6 318.4 318.5 317.4 316.2 314.3 312.2 310 307.7 305.5 302.6 301 300.4 298.3 296.2 294.2 291.8 288.5 285 282.8 281.8 282.2 280.8 279.2 277.6 275.5 272.3 269.7 266.5 265.1 264.3 263.2 260.9 259.1 257.1 254.8 252.6 250.1 247.5 244.7 242.5 239.7 237.4 234.8 232.7 230.3 227.6 224.9 223.4 219.9 216.1 211.6 196.8 197.2 195.2 190.4 184.2
146 160.4 170.9 181.7 187.3 190.2 198.2 212.4 218.3 221.3 224.5 233.1 239.6 251.6 267.7 283.4 296.5 305.8 309.6 313.9 315.6 317.5 318.2 318.7 318.4 317.7 316.5 314.7 312.8 310.7 308.6 306.4 304.3 301.8 300.7 298 295.1 291.8 289.2 288.1 287.2 286.8 285.6 284.5 282.3 280 278.2 275.7 272.6 269.3 268.6 267.8 266.7 264.8 262.8 260.5 258.2 256 253.5 250.7 247.8 245.2 242.6 240.2 237.7 235.2 233.2 230.8 228.3 225.8 222.5 218.7 213 201.3 212 212.3 209.9 207.9 204.1
139.3 153.8 164.2 173.3 176.2 178.5 182.6 195.5 204.7 209.6 216.6 225.6 230.5 245.9 260.7 274.2 286.6 300.1 305.3 310.7 314.4 316.4 318 318.1 318.2 317.6 316.1 314.7 313.2 311.3 308.9 306.4 303.7 302.4 299.2 296.8 294.9 293.6 292.3 290.6 290.3 289.1 287.4 285.6 283.1 280.7 278.9 276.7 273.7 272.1 271.4 270.4 268.4 266 263.3 261.6 259.8 257.1 254.3 251.4 248.7 246.3 243.7 241.3 238.8 235.8 233.6 230.9 228.1 225 221.3 216.3 205.9 213.4 214.4 213.3 210.5 206.8 201.8
132.5 147.2 159.4 161.2 160 161.3 169.5 181.4 191 201.3 214.6 221.9 229.5 240.6 253.7 268.5 278.2 293.7 303.1 309.4 313.7 316.1 317.2 317.4 317.4 316.4 315.9 314.7 313.3 311.4 309.1 307 305 303.3 300.4 298 296.5 295.7 294.2 292.7 292 290.6 288.2 286 283.7 281.6 279.6 277.4 275.4 273.8 272.4 271 269.1 266.5 264.1 262.3 260 257.7 255 251.9 249.6 247.3 244.4 241.5 238.8 236.4 233.7 230.6 227.2 223.4 218.8 212.4 212.3 216.3 215.4 212.7 209 204.2 192.7
128.7 146.4 151.8 151.7 151.6 155.3 168.1 178 183.9 197.7 210.9 221.2 227.4 231.5 242.4 257.9 270.8 285 299.9 307.2 311.7 314.8 316.2 316.9 316.6 316.4 315.1 315.3 314.1 312.6 310.8 307.9 305.7 304.1 301.7 299.8 298.4 297.2 295.6 294.2 293 291.1 289.1 286.9 284.6 282.6 280.3 278.2 276.5 274.8 272.8 271.3 268.8 266.2 263.7 261.1 258.7 256 253.9 250.9 248.2 245.4 242.9 240.3 237.6 234.9 231.6 228.1 224.7 220.2 212.4 214.7 217.6 217.9 215.2 211.3 205.5 191.8 178.1
128.2 145.7 147.4 146.1 146.1 151.8 163.3 173.1 174.8 187.1 207.9 218.1 221.5 224.2 230.1 245.8 262.5 277.4 292.7 304.1 309.9 313.7 315 315.7 315.6 315.4 315.7 315.4 314.8 313.4 311.7 308.8 306.9 305.6 303.2 301.6 300.1 298.8 297.4 295.5 293.2 291.4 288.8 286.7 284.5 282.3 280.7 278.6 276.4 274 271.8 268.7 266.7 263.9 260.1 256.8 253.8 251 248.1 245.6 243.3 241.4 239.3 236.6 233.3 230.9 227.6 224.5 218.5 215.1 220 221 220.5 217.5 213.4 204.8 189.9 193 205.4
137.1 144 143.6 140.6 141 148.1 155 161.4 162.7 178.5 199.8 211 210.4 216.2 222.3 236.6 253.6 271.7 284.2 297.7 307 311.6 314.1 313.8 314.5 315.3 315.8 315.5 315.1 313.8 311.7 310 308.3 306.6 304.1 302.3 300.5 299 297.4 295.4 293.5 291.4 288.6 286.5 284.3 282.2 280.1 277.3 274.7 271.8 269.2 265.9 263.8 261.9 260 258.1 255.8 253.6 250.4 246.9 242.7 239 235.5 231.5 227.7 224.9 222.6 218.9 221.8 224.4 224.8 223.4 220.4 215.6 207.9 195.1 202.4 211.2 213.5
138.2 142.7 140 137.3 137.9 142.5 150.1 153.9 157.1 168.8 190.4 197.8 203.3 214.4 216.1 230.2 246.2 258.8 273.6 288.5 300.9 309 311.9 312.9 314.1 315.3 315.7 315.3 314.9 312.8 311.6 309.8 307.6 305.4 304 301.2 299.2 298 296.2 294.6 292.7 290.1 288.3 285.7 283 280.5 278.2 275.7 272.6 270.3 269 267.7 266.1 264.1 261.7 259 256.7 253.5 250.8 247.5 244.8 241.3 237.9 233.7 227.8 224.5 225.9 227.7 228.4 228.3 225.9 222.3 217.1 209.6 200.2 211.2 216.5 216.1 214.4
132.3 135.4 135.9 134.6 134.3 138.2 149.8 147.2 151.2 160.8 178.2 188.4 198.6 211.8 216.2 221.7 234.6 249.7 263.5 278.6 291.6 303.7 307.4 310.2 312.8 314.4 315.1 314.6 314.4 312.4 310.9 309.5 307.4 305.4 303.9 302.1 299.3 296.7 294.5 291.7 289.5 288.1 286.1 283.6 281 278.7 276.2 274.5 273 271.3 269.7 268 266.1 263.4 260.8 257.4 254.7 251.4 248.6 244.6 241 236.7 234.3 230.8 231.2 233.3 233 232.9 231.6 229.1 224.7 218.1 208.7 207.8 217.4 219.9 218.7 216.4 214.1
