UK/data/nh/nh11_OST50GRID_20230518/NH11.asc
ncols 200
nrows 200
xllcorner 210000
yllcorner 810000
cellsize 50
[rows 105 to 139 of 200, columns 78 to 155 of 200]
896.4 911.9 915.2 916.9 903.9 901.9 901.7 880.1 856.1 832.6 815.3 799.3 782.3 771.3 757.9 749.3 740.7 732.9 732 734.7 737.5 741.2 745.1 749.5 754.6 756.1 754.8 757.8 759.5 760.1 755.3 753.6 753.6 749.3 743.7 731.3 724.9 718.5 718.4 714.4 708.6 701.6 694.5 690 686.1 678.7 671.1 663.9 655.6 646.2 630.5 618.1 603 593 583.4 567.6 548.7 527.9 507.9 487.8 466.6 444.1 424.4 411 397.9 385.3 371.5 364.2 354.6 346 337.7 334.3 330.9 327.7 324.7 324.6 314.5 311.6
864.8 879.3 888.3 876 869.9 872.3 875.5 886 866.1 837.4 818.2 804.1 791.7 772.9 752.4 741 730.6 722.5 720.4 722.4 726.5 729.1 730.2 732.3 732.4 729.7 727.3 726.3 726 726 728.2 727.1 726.4 719.8 715.2 702.5 697.4 691.7 688.7 686.7 676.6 670.9 669.5 668.5 664.8 660 653.9 649.4 645 637.1 630.2 624.1 615.7 602.6 588.3 574.8 551.9 530 505.3 483.2 464 441.9 427.8 410.9 398.1 385.2 371.5 360.3 355.5 345.9 338 335.1 332.6 323.1 320.6 313.9 309.3 304.8
843 851.8 858.4 843.9 841.9 839 833.8 832.3 840.6 836.7 826 810 790.3 768.6 750.4 736.5 725 714.9 711.2 711.5 713.5 714.2 713.6 713.5 707.6 704.1 703.2 699.7 698.4 697.7 693.2 691.3 686.8 682.5 679.6 676.5 667.8 661.7 655.1 650.6 648.7 648.1 646.9 645.1 642.6 639.6 635.6 632.5 630.4 627.3 622.7 617.1 605.2 590.5 572 557.8 540 520.1 496.4 479.8 459.1 440.4 419.5 399.8 387.6 376.1 364.6 354.3 350.3 348.7 341.7 333.2 327.1 323.5 317.5 312.6 306.5 304
826.1 822.8 824.1 818.9 820.2 825.3 807.5 797.3 800.7 803.8 802.2 799.2 776.9 758.7 742.3 731.1 720.6 708.5 703.2 702.2 699.9 699 696.9 695.7 690.2 685.1 682.4 678.3 676.1 671.1 666.7 663.4 659.8 655.5 650.5 644.8 640.6 636.6 633.6 631.5 630.1 628.1 625.2 622.4 621 620 619.3 618 614.4 610.7 606.1 600.4 587.9 567.6 547.5 535 525.5 497.7 477.4 461.5 444.4 423.1 403.1 387.4 375.9 370.5 359.7 351.6 346.8 341.5 337.8 335.9 330.1 321.9 314.8 307.9 309.1 315.4
785.8 790.9 794.8 796.4 803.8 799.6 795.2 789.7 782.6 772.1 765.4 760.7 752.4 739 728.1 717.5 708 697.8 690.4 686.3 681 678.4 674 670.4 665.8 659.9 656.1 657.1 650.7 644.3 642.5 640.1 637.3 632.8 628.5 622.8 616.9 615.8 613.2 611.3 607 605.7 601.1 600.6 602.1 602.1 599.1 594.8 591.6 588.4 584.3 574.8 560.4 539.1 524.4 509.6 498.1 476.8 455.2 440.3 426.9 406.3 391.4 377.6 368.4 363.4 354.9 346.1 340.4 338.2 335.6 334.6 333.2 326.6 308.7 317.8 325.4 326.8
771.9 767.5 764 775.9 785.2 784.9 788.1 781.2 767.7 752.5 732.6 735.2 720.1 710.2 702.9 695.3 682.6 676.8 665.5 657.6 655.8 650.7 642.3 637.1 633.4 629.2 630.1 626.6 621.8 619.9 619.8 615.7 611.2 609.3 603.7 599.1 595.5 589.9 590 588.4 584.7 580.8 581.1 579 576 574.9 572 567.4 561.9 557.1 550.2 541.9 526.7 509.9 495.2 477.4 469.9 455.8 436.5 421.9 411.5 395.3 378.8 370 359.7 353.4 349.7 341.9 340 334.9 334.1 330.5 333.7 316.6 319.4 326.9 328.5 328
747.3 742.6 749.3 763.6 768.3 767.6 760.6 742.3 727.8 713.6 703.9 702.6 697.1 687.1 679.3 665.7 654.2 643.6 636.5 628 622.2 618.2 613.3 608 606.1 604.4 603 600.9 598.8 597.7 594.6 592.8 586.3 585.8 581.7 576.5 572.7 566.5 565 562.8 561 558.5 554.4 549.8 548.3 545.3 539.4 534.6 527.9 520.4 511.7 501.5 489 475.8 466.5 452.1 441.6 431.8 415.8 403.9 393.9 379.7 365.1 357.8 347.8 344.9 343.2 342 338.4 334.6 328.2 324.1 325 317.4 325.4 329.8 329.8 330.1
719.6 716.7 732.1 743 739.2 731 713.8 701.4 688.3 682.7 682.1 681.8 671 665 656.8 644.1 630.5 613.7 610.2 601.1 591.2 590.9 588.2 584.4 585.7 584.2 581.9 580.6 579 576.9 572 568.2 565.6 562.5 556.7 552.4 549.9 544.9 543 537.7 534.1 530.4 524.5 521.5 516.9 512 504.9 499.3 493.9 489.6 479.8 471.6 462.7 453.1 441.5 427.7 417.1 406 394.6 385.6 376.5 364.5 352.9 346.2 341.2 339.7 339 334.9 333.8 328.6 326.8 322.4 331.8 330.9 340.4 339.5 336.1 335.6
694.1 706.1 714.8 713.6 709.4 698 672.5 664.8 655.7 651.6 654.7 655.2 646.1 635.5 631.8 619.3 606.9 594.6 585.5 585.3 582.2 573 573.1 568.7 566.7 565.8 561.5 558.9 554.8 558.2 550.1 545.4 544.3 540 535.4 529.2 528.2 522.5 519.9 515.7 509.2 504.8 500.8 496.3 489 483.2 475.4 470 465.5 462.1 453.7 445.2 436.1 426.2 416.7 405.6 395.4 385.7 378.3 369.2 359.4 352.9 345.9 343.4 334.1 331.3 330.4 329.9 327.9 326.3 325.6 333.6 340.2 343.2 343.1 342.5 342.1 342
670.3 680.7 682.2 684.3 680.6 659 643.9 633.1 634.8 629.3 629 628 621 609.3 603.7 591.5 587.2 581.6 572.4 576.2 575 566.9 558.2 551.8 549 545.7 544 540 539.3 536.8 530 522.7 520.8 515.4 515.9 509.1 507.1 500.9 498.4 494.4 489.8 482.8 476.4 469.8 465.8 463.3 452.3 443.5 437.7 434.1 428.2 418 410 402.1 393.2 385.7 377.2 371.8 363.4 358.1 351.7 349.2 340.1 335.7 333.8 333.8 332.4 330.9 329.6 335.1 334.9 340.3 346 350.2 351.4 350.8 349.4 349.7
636.1 641 640 645.1 637.6 625.1 616.4 610 615.1 613.1 613.3 609.9 601.8 595.1 583.5 576.4 573.5 569.5 567.3 562.9 555.1 551.6 543.9 534.8 531.1 527.9 525.5 525.3 520.7 518.1 513.8 509.3 501.1 497.7 493.8 483 484.4 479.1 475.9 472.1 468.5 462.5 453.9 448.4 443.2 439.2 430.9 423 418.8 413.7 410.3 401.6 390.9 384.2 377.7 372.3 365.6 361.9 357.3 348.4 345.1 340.5 334.8 334.4 332.7 334 333.3 331.6 334.5 339.8 346 351.3 356.6 360.2 362.4 362.5 361.2 359.5
594.6 596.3 601.1 602.8 604.1 598.7 593.6 591.9 593.3 594.6 592.8 592.7 588.4 578.5 571.2 567.9 563.2 556.4 549.3 544.5 537.7 534.3 527.2 521.9 512.7 512.8 510.3 505 503.2 499.5 498.7 490.9 477.6 475.8 472.5 461 460.3 459.5 453.2 449.4 447.7 443.7 437.4 428.3 423.2 416.1 412.1 405.3 401.2 399.2 393.8 388.1 378.8 374.2 367.9 364 359.8 356.7 348.3 344.8 343 340 339.1 339 338.2 339.2 340.9 339 342.9 345.4 353.5 361.6 371.5 372.3 372.9 373.4 372.3 371.3
576.3 579.7 581 583.6 584.2 582.7 578.9 575.2 577.1 574.2 571.2 568.2 562.2 557.4 557.4 552.5 544 537.9 530.2 521.4 519 514.4 507.2 499.6 497 489.5 489.2 482.8 480 477 475.3 468 462.5 455 445.1 443.1 438.8 437.9 432.9 430.1 429.6 425.5 422.2 414.6 408.2 402.8 398.1 395.1 391 386.9 383.9 376.3 369.6 362.8 358.3 355.1 351.6 350.1 358.8 349.8 350.8 349.7 345.9 346.2 346 347.1 347.1 346 352.4 357.8 364.9 370.6 377.9 383.2 383.8 384.3 382.3 385.1
563.7 561.3 567.1 569.3 569.7 569.2 567.2 560.8 556.2 557.8 554.1 544.6 538 536.3 534.4 529.2 522.4 515.7 511.1 504.6 502.1 496.8 489.6 482.9 477 471.7 468.2 464.1 459.9 457.6 453.8 447 440.4 431.8 429.2 423.8 420.6 417.4 415.8 414.2 409 407.2 406.1 401.9 394.2 391.6 387.9 385.9 380.3 378.6 373.7 369 363.1 357.9 355.8 356.7 360.2 359.8 361.2 356.7 358.8 355.7 355.9 356 355.4 356.8 355.1 357.1 363.4 371.2 380.1 381.3 384.2 392.4 396.1 395.9 398.5 400
571.9 564.7 557.1 554.4 556.1 555.4 550 544.8 541.3 536.9 530 525.3 520.4 514.6 513.4 507.7 503 496 489.9 484.9 478.6 476.7 472.2 465.5 460.4 455.7 450.2 447.1 446.4 442.7 438 433.6 431 421 414.6 411.1 406.4 401.1 401.1 397.8 395.3 391.8 390.4 388.7 384.5 381.7 378 376.9 374.3 369.5 366.2 363.5 361.3 365.6 367.3 366.2 370.7 367.5 368.8 364.6 363.2 366.5 365.5 365.6 368.3 369.9 367.9 369.9 376.6 385.9 389.9 392.5 398.3 401.3 408.2 407.7 409.4 415.6
581.4 576 570.7 562.2 550.9 540.4 533.1 529.3 525.2 519.5 513.2 506.4 499.7 495.3 491.8 485.8 480.8 476.8 471.8 469.1 466.7 459.7 455.1 450.3 447.5 445.4 440.3 438.6 438.1 434.3 428.7 428.1 422.2 416 409.4 404.9 399.1 396.6 393.1 391.6 388.7 385.8 377 376.9 374.1 373.2 370.8 370.1 368.7 372.5 373.6 371.7 374.7 376.4 379.6 376.7 376.9 377.4 375.2 375.2 375.2 374.9 376.8 377.2 378.5 380.1 382.1 387.8 394.9 400.5 403 401.7 408.5 413.3 416.6 417.9 421.9 426.8
596.5 595.5 589 574.8 563.2 550.8 536.8 523.5 511.6 508.9 499.1 491 485 479.6 474.4 468.2 464.5 462 457.5 454.6 454.5 448.9 445.2 442.4 439.6 440.3 437.8 435.9 434.4 431.4 427.3 425.6 413.6 408.6 404.2 395.6 394.2 391.1 387.5 387.3 383.9 380.5 382.8 378.6 380 379.6 379.8 378.9 379.7 383.1 385.5 391.4 392.3 394.9 390.8 388.8 387.1 385.9 387.2 383.8 383.6 388.4 391.1 391.3 392.3 396.5 398.2 403.8 406.9 409.5 414 414.2 420.7 423 423.8 429.3 432.2 431.9
637.2 634.6 627.1 604 585.5 563 543.2 521.6 509.6 500.6 488.7 481.6 474 468.9 462.6 457 453.7 450.3 450.8 446.8 446.1 443.9 440.5 439.7 437.8 438.2 438 429.6 422.9 423.6 420.2 413.7 407.1 406 399.7 395.8 391.9 393.9 389.9 385 389.6 388.6 384.7 384.8 384 384.9 390 397.4 400.8 406.9 411.9 416 413.5 414.7 413.7 406.6 396.1 410.1 401.9 401.5 406.4 410.6 413 410.9 411.5 411.9 411.4 412 413.3 418.2 422.5 428.7 431 431.3 432.6 434.4 438.5 439.5
652.4 644.3 632.8 623.6 611.6 587.1 553.6 524.3 508.9 496.6 487.8 476.3 469.6 468.3 461.3 456.6 453.1 449 445 443.3 442 441.1 440 434.3 431.5 431.5 429.8 435.4 431.8 433.7 431.2 421.4 417.5 407.9 410.5 402.4 402.7 400.9 399.7 399.3 401.5 399 396.2 398.7 399.9 407.1 415.3 422.7 428.8 431.5 436.2 437.1 437.6 435 430 421.5 410.8 417.2 417.2 417 428.7 428.5 428.4 426.9 426.1 424.8 422.8 423.8 426.4 429.4 433.7 437.8 437.3 440 439.6 440.5 442 443.3
675.8 673.6 669.9 665.7 653.8 623.5 566.4 542.6 514.3 498.8 489.6 482.8 475.8 472.4 470.4 465.1 462.2 456.4 451.9 446.3 440.1 438.9 438.6 433.6 435.5 438.9 439.8 444.2 444.4 441.7 430.2 428.2 426.2 423.2 421.2 418.8 417.8 419.7 419.3 420.8 422.7 422.1 421.5 423.5 427.3 431.9 436.2 440 443.4 448.8 449.8 446.8 447.1 444.5 439.2 421.8 431.1 432.9 416.1 434 437.4 438 438.1 437.1 432.9 431.1 430.1 430.7 437.9 437.5 440.8 441.6 443.1 446.2 442.9 443.9 445.5 446.2
707 710.9 712.7 704.9 692.3 664.5 628.2 577.1 514 496.4 486.1 478.9 475.6 472.2 467.3 462.5 457.8 450.6 446.6 445.3 440.7 439 439.2 442.7 445.8 445.2 449.9 457.2 458.9 455.5 449.6 445 435.1 434.4 433.1 432.9 433.5 435.7 437.1 438.2 439.4 443.8 443.4 444.9 446.7 450 453 454.7 456.8 460.9 456.9 449.5 447.8 448.4 445.8 438.8 441.2 435.9 428.4 435.6 436.8 439.6 443.8 446.4 443.4 442 438.4 439.2 441.3 443.6 445.2 444.4 444.7 445.2 446.2 449.1 449.5 449.4
730.9 722.3 718.1 712.5 684.5 656.3 624.9 595 544.1 497.6 480 471.4 468.1 465.7 461.7 462.1 457.4 454.3 450.7 447.4 448 450 453.4 457.9 462.8 461.7 458.9 460.5 461.3 457.4 456.4 462.5 454.4 449.6 451.1 451.3 455.4 456.4 454.7 456.2 459.4 462.4 462.7 464.3 465.1 466.3 469.3 470.2 466.8 465.6 457.5 453.9 454.3 453.5 449.7 441.2 445.7 439.7 434.1 435.8 437.2 437.9 440.8 445.5 446.7 451 450.1 445.9 446.3 450 449.6 448.2 447.7 452.3 454.2 453.2 454.4 454.6
763.2 757.3 728.6 700 676.4 646 610.2 584.2 562.5 506.2 481 469.9 464.9 466.7 465.5 465.4 462.3 460 457.9 458.6 461.5 464.8 468.3 472.5 473.1 474 470.9 470.7 472.1 471.6 467.6 478.7 476 473.6 471.4 479 481.3 484.3 488.7 483.3 485.7 489.6 490 488.2 487.1 486 483.1 483 475.5 465.8 462 460.9 456.1 451.7 448.7 448.2 457.2 448.6 438 441.3 445.6 444.2 444.8 444.1 447 448.4 458.7 455 454.2 452.7 453.6 453.5 455.6 457.9 459.1 458.2 460.7 459.3
796.7 777.8 745.7 698.2 665.3 632.6 598 563.3 550.5 524.6 493.4 473.2 467.4 469.1 467.6 469.1 469.6 468.3 469.9 470.1 473 476.4 480.5 480.7 478.5 481.9 485.8 487.7 486.3 486.8 489.6 492.9 498.1 495.2 494.4 498.5 502 503.4 509.3 513.9 514.1 517.4 518.1 514.5 512.3 512.5 512 504.9 489.8 477.3 468.6 466.1 457.6 452.2 450.6 453.7 454.4 448.2 448.6 447.8 451.3 448.4 452.3 454 457 457.8 460.3 465.1 459.7 457.5 459.4 463.1 464.5 464.1 462.5 463.6 463.9 463.3
808.7 781.2 742.5 692.2 676 624.1 586.2 556.4 537.9 521.7 496 475.1 470.6 474.2 477.3 477 477.5 477.8 478.7 482.9 486 489.1 488.8 494.6 495.7 500.5 501.2 501.5 500.7 503.8 504.3 503.9 509 510.2 513 511 513.5 518.4 523.2 527 529.8 534.9 539.8 539 530.4 524.4 530.1 525 500.9 487.1 474.1 465.4 460.5 454.3 451.2 451.6 452.2 453.8 455.6 455.3 455.1 454.4 457.3 459 464.1 466.6 464.8 466.4 469.3 467 468.2 469.9 468.7 468.4 468.2 467 466.1 466.4
803.4 753.9 731.2 678.4 661.3 619 579.3 551 526.4 510 492.1 479.6 477.1 485.2 487.6 488.3 489.5 490.7 492.8 495.8 500 502.3 506.7 512 514.9 515.7 514.8 511.2 509.1 511.9 512.3 515.3 517.5 516.7 518.2 520.8 527 529.9 533.7 540.3 554.1 556.3 561.4 566.6 556.1 549 556.2 540.2 508.7 493.6 480.3 471.2 462.6 459.4 456.3 453.6 453.4 455.3 457.6 457.3 458.2 457 460.1 463.4 468.4 471.7 470.3 472 476.3 477.1 475.6 477.5 476.7 475.1 474.2 472.2 470.5 471.3
793.3 746.9 703.5 679 649.5 642 609.8 569.6 527.3 506.4 494.4 487.8 492.9 496.5 499.7 501.5 504.5 506.4 509.9 513.4 516.5 529.3 536.1 538.8 540.1 540.9 537.9 533 529.4 530 529.8 534.5 531.7 527.6 526.6 533.7 539.8 543.3 549 559.8 570.4 582.3 588.9 583.4 575.7 569 566.7 552 518.2 496.7 483.2 466.8 465.1 462.8 460.3 459 455.8 457.6 458 460.1 461.7 459.9 467.3 468.1 473.2 474.7 476.8 475.9 478.2 484.3 485 487.4 488.3 485 479.7 479.7 476.6 479.2
776.5 742.7 703.6 672.1 646.1 625.7 600.6 572.3 542.5 520.2 503 497.4 502.1 509.2 512.8 515.8 519.5 524.4 530.8 537.9 546.3 558.2 567.8 565.7 564 562.4 563.4 559.5 556 552.8 548.5 544.5 541.5 541 540.2 545.7 551 557.4 572.1 587.6 604.6 619.8 616.8 608.2 598.2 583.8 572 546.6 524.1 504.4 487.5 473.8 466.9 468.7 466 464 461.5 460.8 461.8 464.3 463.8 468 471.6 473.1 476.1 478.4 480.2 481.1 484.3 486.2 490 492.2 490.6 489.6 487.9 485.6 482.1 485.8
817.5 787.6 730.3 685.6 682.6 647.7 605.9 566.1 538.8 518 507 506.4 514.7 519.9 524.1 529.6 535.7 543.7 557.3 565.1 575.8 586.7 590.8 597.7 595.2 598.4 597 583.9 576.4 570.9 567.5 558.5 555.3 553.1 556.7 562.4 571.1 581.7 597.3 620.1 654.8 671.5 664.5 662.2 649.5 623.7 605.5 575.6 541.7 516.4 499.3 477.5 472.1 472.5 469.6 467.1 465.9 465.5 467.6 469.4 468.5 472.6 474.4 477.1 478.7 479.5 483.4 485.7 487.9 490.5 494.4 495.3 491.2 490.8 489.3 489.4 486.9 490.9
863.7 826 775 747.1 737.2 700.9 630.7 586.9 557.4 527.9 519 517.9 523.3 530.8 536.9 542.9 549.7 565.9 580.1 592.6 606.7 626.6 633.1 638.7 636.7 648 637.9 633.3 632.8 625.2 632.1 610.3 577.3 575.5 574.2 581.1 592.3 606.9 628 655.3 683.8 710.3 712.4 701.4 655.7 620.1 592.6 569.5 544 518 504.2 482 477.7 474.4 470.6 468.7 467.6 467.9 470.4 471.4 472.8 473.9 475 478.4 481.4 482.2 485.4 488.9 490.5 492.8 495.7 498 497 496.6 494.7 498.1 495.9 496.2
886.8 858 817.8 802 786 724.7 652.6 619.1 592 555.5 541.8 537.9 535.8 539.8 547 557.1 575.5 593.1 612 632.9 650.5 671.7 679.2 690.9 696.7 702.9 713.9 711.8 700.6 680.6 659.9 629.4 614.8 613.4 625.1 627 623.3 632.2 650.7 683 708.2 712.8 707.1 673 635.2 607.8 586.4 556.6 534.1 513.1 497.1 484.1 479.8 475.8 472.2 471.1 468.4 471.2 473.1 473.6 474.7 474.8 476.8 480.7 485.7 486.2 489.9 493.9 495.7 496.9 499.1 501.3 502.2 502.5 502.3 503.7 500.9 504.5
876.3 844.2 807.5 787.1 767.9 730.2 691.1 679.1 646.6 596.3 569.9 555.5 550.5 558 569.9 581.2 600.8 621 647.6 670.1 690.2 716.6 729.8 734.7 747.2 756.1 760.2 745.5 730.2 706.9 689.4 665.6 676.3 672.5 650.8 665.8 655.7 666.7 682.9 707.6 715.2 716.6 701.6 674.5 633.1 599.1 579.4 552.3 523.9 510.8 495.5 488.2 479.9 476.6 474.7 471.4 471.7 473.9 475.6 475.9 476.9 477.6 481.6 486.4 492.5 495 497.5 499.8 500.2 504.3 506.1 507.5 508.6 506.3 506.5 508.4 513.4 516.4
870.4 840 797.8 762.6 744.8 731.3 728 721.5 697 633.6 603.7 586.9 570.6 577.4 590.2 603.6 629.9 668.7 705.3 720.7 744 770.3 782.1 789 788.1 771.7 753 731.2 721.2 709.5 698.8 691.4 683.3 674.7 676.9 683.1 691.5 697.7 713.7 717.1 710.9 705.1 689.5 659.2 626 590 565.4 547.1 523.9 507.2 494 486.8 480.4 476.7 474.7 471.7 471.9 474.2 476.3 478 478.7 481.9 489 495.2 497.4 501.8 504.8 506.6 511.2 512.4 513.6 514.2 514.7 514.9 519 520.9 523.8 527
851.9 824.4 791.1 758.2 741.2 732.4 726.2 716 712.8 668 638.6 611.5 597.9 608.9 622.7 645.4 677.4 714.2 738.6 767.8 797.4 808.2 811.2 805 784.2 758.3 738.3 730.5 730.5 705.7 703 686.3 676.2 676.2 680.4 682.1 686.7 702.4 720.9 722.1 701.9 687.4 666.4 650.2 633.1 591.7 560.1 537.2 518.7 505.6 494.6 486.1 480 476.9 473.9 473.2 473.2 477.6 479.3 481.9 485.8 490.9 497.7 500.4 503.3 509.1 512.8 518.8 520.7 524.9 527 526.5 526.5 526.9 529.3 531.8 534.1 542.9
856.7 806.5 774.4 748.8 732.8 726.4 707.4 696.3 690 678.1 645.2 625.6 624.3 652.4 674.8 697.6 720 736.1 761 787.5 802.8 813.4 812.9 803 774.7 755.3 742.4 732.1 723.2 711.2 701.7 699.4 689.6 683.1 686.9 683.9 692.6 710.7 729.8 728 706.7 672 643 631.4 612.2 596.2 574.4 538.7 517.8 504.3 494.3 486.8 480.6 476.4 475.8 476.1 477.6 482.6 484.6 489.7 493.5 498.5 502.3 506 511.4 518.4 522.4 526.6 530.7 533.9 534.8 537.2 541.1 544.8 556.3 555.3 554.1 562.1
