UK/data/ss/ss19_OST50GRID_20230518/SS19.asc
ncols 200
nrows 200
xllcorner 210000
yllcorner 190000
cellsize 50
[rows 0 to 37 of 200, columns 0 to 83 of 200]
45.4 43.8 45 46.7 45.5 44.2 41.8 38.4 35.2 33 30.8 30.3 28.6 27.5 29.8 29.5 30.3 30.5 30 25.6 19.4 12.4 11.1 17.7 11.7 16.4 23.6 24.9 24.8 23.3 21.4 16.4 19.2 20.5 20.8 20.5 21.4 21.9 21.7 22.5 23.2 24.1 24.1 23.6 22.9 22.1 14 5.7 5.5 5.3 5.4 5.3 5.7 6 8.2 7.7 7.7 9.2 12.4 13.9 15.2 2.8 2 5.8 3.6 1.5 0.1 -1.6 -2.5 -2.5 -2.5 -2.5 -2.5 -2.5 -2.5 -2.5 -2.5 -2.5 -2.5 -2.5 -2.5 -2.5 -2.5 -2.5
49 46.9 47.8 49.3 49 46.1 43.4 40.2 37.3 34.9 33.7 32.8 31.6 30.9 31.5 30.6 29.2 28.4 27 19.1 14.9 23.5 28.3 20.8 20.5 25.5 26.6 27.1 27.1 26.4 24.7 21.8 20.9 22 22.4 21.9 21.8 20.8 19.7 18.6 17.8 18.6 19.5 18.9 17.3 16.1 14.5 7.6 6.5 6.1 5.3 5.4 4.5 4.9 10 11.7 13.6 13.9 13.4 15.5 5.9 2.1 1.2 0.4 2.2 0.2 -1.5 -2.5 -2.5 -2.5 -2.5 -2.5 -2.5 -2.5 -2.5 -2.5 -2.5 -2.5 -2.5 -2.5 -2.5 -2.5 -2.5 -2.5
59.4 52.5 56.6 56.9 54.3 52 49.1 44.4 41.2 39.3 38.2 37 34.9 33.7 33.6 30.5 28.4 25.6 21.3 18 22.9 26.6 26 21.7 24.1 28 29.4 29.9 29.8 29.1 27.2 26 25.2 24.5 24 23.1 21.6 20.1 18 15.7 13.9 12.8 11.7 10.6 9.7 9.3 10.8 12.4 8.2 7.2 5.8 4.3 4.9 5.3 13 15.9 10.4 13.2 15.8 6.6 2.2 1.3 0.5 -0.4 -1.2 -2.5 -2.5 -2.5 -2.5 -2.5 -2.5 -2.5 -2.5 -2.5 -2.5 -2.5 -2.5 -2.5 -2.5 -2.5 -2.5 -2.5 -2.5 -2.5
72.2 59.2 66.8 71.5 69.1 65.7 61.2 53.4 48 44.9 42.6 41.4 38.8 37.2 35.8 32.3 28.5 24.5 21.6 21.6 23.6 25.9 24.3 23.7 27.5 30.4 32.1 32.6 32.8 31.5 30.6 29.6 28.2 27.1 25.3 23.8 21.7 19.5 16.9 14.2 10.8 9.1 8 7.4 6.8 6.1 6.7 9.8 10.6 6.1 10 4.8 4.9 7.3 17.5 9.8 10.8 15.7 7.1 2.2 1.4 0.5 -0.3 -1.2 -2.5 -2.5 -2.5 -2.5 -2.5 -2.5 -2.5 -2.5 -2.5 -2.5 -2.5 -2.5 -2.5 -2.5 -2.5 -2.5 -2.5 -2.5 -2.5 -2.5
80.2 67 75.4 79.6 79.8 76.6 73.9 62.1 64.6 57.5 49.1 45.5 43.7 42.2 39.6 36.4 32.1 28.8 26.3 25.3 27.1 28.6 27.9 26.9 29.7 32.3 34.3 35.4 35.8 34.9 32.8 31.8 29.4 27.8 25.5 23.9 21.8 19.2 15.3 12.6 9 7.1 5.8 5.3 5.6 5.7 6.3 5.8 5.1 5.7 7.9 5.9 5.1 6.1 7.2 22.7 14.9 7.2 2.3 1.5 0.6 -0.3 -1.1 -1.9 -2.5 -2.5 -2.5 -2.5 -2.5 -2.5 -2.5 -2.5 -2.5 -2.5 -2.5 -2.5 -2.5 -2.5 -2.5 -2.5 -2.5 -2.5 -2.5 -2.5
83.1 73.9 79 83.2 84.1 84.3 82.4 79.9 77 71.5 62.2 55.5 53.3 50.2 46.9 43.5 38.8 35.3 33.6 31.6 31.4 33.2 32.8 32.3 33 36.1 37.7 38.9 39.3 37.7 35.8 33.3 30.7 27.1 24.4 22.2 21.6 19.4 14.2 10.9 7.8 6 5.2 5.3 5.6 6 6.1 4.8 4.4 6 7.7 7.8 6 15.4 22.8 14.6 7.7 2.4 1.6 0.8 -0.1 -0.9 -1.9 -2.5 -2.5 -2.5 -2.5 -2.5 -2.5 -2.5 -2.5 -2.5 -2.5 -2.5 -2.5 -2.5 -2.5 -2.5 -2.5 -2.5 -2.5 -2.5 -2.5 -2.5
81 78.3 79.8 82.2 83.8 84.9 86.6 87 85.7 81.7 77.1 72.8 71.9 64.2 57 53.7 50.5 47.7 45.7 43.6 39.8 39.2 39.2 38.8 38.2 40.6 41.6 43.1 43.4 41.5 39 35.8 31 27.9 22.1 18.5 16.2 14.1 10.1 9.4 5.7 5.2 5.2 5.3 5.5 5.9 6.1 6.3 6.1 7 6.1 8.9 12.7 10.5 13.8 9.1 2.6 1.8 0.9 0.1 -0.7 -1.6 -2.5 -2.5 -2.5 -2.5 -2.5 -2.5 -2.5 -2.5 -2.5 -2.5 -2.5 -2.5 -2.5 -2.5 -2.5 -2.5 -2.5 -2.5 -2.5 -2.5 -2.5 -2.5
78.1 76.4 77.1 79 79.8 81.3 84 87.8 89.6 88.9 87 84.3 82.7 78.3 69 67 65.3 65.5 62.3 54.1 51.3 49.2 49 46.8 47.3 49 48.8 49.8 49.5 47.3 45.5 42.2 35.4 29.8 23.8 17.8 13.8 10.6 7.9 7.4 5.3 5.3 5.3 5.3 5.5 5.8 6.4 5.7 5.9 7.6 9.8 9.7 8.8 11.3 7.8 2.7 2 1.2 0.3 -0.5 -1.4 -2.5 -2.5 -2.5 -2.5 -2.5 -2.5 -2.5 -2.5 -2.5 -2.5 -2.5 -2.5 -2.5 -2.5 -2.5 -2.5 -2.5 -2.5 -2.5 -2.5 -2.5 -2.5 -2.5
74.6 72.7 73.5 75.3 75.2 75.5 76.7 80.5 87.2 89.7 89.6 90 89.5 87 83.2 82.5 78 80.5 80.2 74 68 60.9 62.5 59.3 58.5 60.6 61 60.5 59.8 58.7 56.4 52.3 46.3 39.6 33.3 25.5 15.7 11 8 6.6 5.6 5.4 5.4 5.5 5.8 6 5.6 5.8 6 7.8 8.3 11.4 9.1 11.3 3.6 2.1 1.3 0.6 -0.2 -1.1 -2.5 -2.5 -2.5 -2.5 -2.5 -2.5 -2.5 -2.5 -2.5 -2.5 -2.5 -2.5 -2.5 -2.5 -2.5 -2.5 -2.5 -2.5 -2.5 -2.5 -2.5 -2.5 -2.5 -2.5
72.7 70 69.5 71.1 69.9 67.9 68.7 66.1 79.5 83.7 85.9 90.1 91.1 90.7 90.7 90.1 88.6 87.5 85.5 82.1 80.2 72.3 73 73.3 74.2 73.3 72.5 71.2 68.6 66.6 63.5 60.4 54.8 49.2 45.2 32.5 17.9 11.2 8.3 6.3 5.5 5.6 5.5 5.5 5.9 7 5.9 5.6 6.7 9.2 9.3 6.1 13.1 4.5 2.3 1.5 0.8 0 -0.8 -1.6 -2.5 -2.5 -2.5 -2.5 -2.5 -2.5 -2.5 -2.5 -2.5 -2.5 -2.5 -2.5 -2.5 -2.5 -2.5 -2.5 -2.5 -2.5 -2.5 -2.5 -2.5 -2.5 -2.5 -2.5
67.7 65.5 62.5 65.3 62.7 59 60.4 59.6 67.5 68.2 77 82 85.3 88.9 91 91.4 90.4 90.5 88.7 85.6 80.6 80.3 79.9 79.7 80.1 79.9 79.3 77.6 74.9 71.7 67.7 63.4 58.7 52.2 43.7 29.2 16.5 11.7 8.3 6.6 5.7 5.7 5.7 5.7 5.5 6.1 5.9 5.9 7 9.9 12 10.9 5.6 2.6 1.7 0.9 0.1 -0.6 -1.4 -2.5 -2.5 -2.5 -2.5 -2.5 -2.5 -2.5 -2.5 -2.5 -2.5 -2.5 -2.5 -2.5 -2.5 -2.5 -2.5 -2.5 -2.5 -2.5 -2.5 -2.5 -2.5 -2.5 -2.5 -2.5
60.3 58.7 55.3 58.2 56.3 46.6 48.5 48.8 48 60.8 68 71.5 75.8 81.7 85.7 87.8 88.8 89.4 87.9 85.5 84.2 84.1 83.3 82.3 82.8 82.6 81.1 79.4 75.8 72.3 67.7 61 50.9 46.2 38.4 26.9 14.8 11.1 7.8 6 5.7 5.7 5.7 6.1 7.3 7.6 6.6 8.7 8.4 9 10.7 8.1 2.8 2.1 1.2 0.3 -0.5 -1.3 -2.5 -2.5 -2.5 -2.5 -2.5 -2.5 -2.5 -2.5 -2.5 -2.5 -2.5 -2.5 -2.5 -2.5 -2.5 -2.5 -2.5 -2.5 -2.5 -2.5 -2.5 -2.5 -2.5 -2.5 -2.5 -2.5
50.3 51.8 50.1 46.8 46.1 39.5 39.5 39.1 45.8 52 57.1 57.3 65.8 73.6 80.7 82.4 84.2 84.1 84 83.3 82.7 82.6 82.3 82.4 81.7 80.8 79.5 77.9 75.9 72.6 68.2 61.6 48.6 38.6 37.2 23.2 14 10.3 6.4 5.8 5.9 5.8 5.3 5.8 6.8 6.3 7.6 11 9.9 7.2 12.5 3.7 2.3 1.5 0.8 -0.1 -1 -2.5 -2.5 -2.5 -2.5 -2.5 -2.5 -2.5 -2.5 -2.5 -2.5 -2.5 -2.5 -2.5 -2.5 -2.5 -2.5 -2.5 -2.5 -2.5 -2.5 -2.5 -2.5 -2.5 -2.5 -2.5 -2.5 -2.5
39.9 41.6 40.4 36 33 30.3 30.3 32.3 39 44.4 45.4 49 59.1 69.3 75.1 78.2 79.5 79.1 79.5 79.6 79.3 79 78.7 79 78 76.7 75.5 73.8 72.1 70.5 68.8 64.5 53.4 44.3 28.3 18.9 14.2 10 6.4 5.8 5.7 5.9 5.6 6.8 7.5 6.6 9.6 11.9 7.9 11.5 4.2 2.5 1.7 1 0.2 -0.6 -1.4 -2.5 -2.5 -2.5 -2.5 -2.5 -2.5 -2.5 -2.5 -2.5 -2.5 -2.5 -2.5 -2.5 -2.5 -2.5 -2.5 -2.5 -2.5 -2.5 -2.5 -2.5 -2.5 -2.5 -2.5 -2.5 -2.5 -2.5
33.4 33.6 32.4 28.7 26.3 25.3 25 27.3 31.4 34.5 36.4 47.3 56.4 64.8 70.8 74 74.8 74.1 74.7 75.5 74.6 73.7 74 74.9 74.5 73 70.3 67.2 66.2 66.2 65.5 64.2 58 43.9 26.6 18.6 14.2 9.4 6.4 6.1 5.7 5.9 6.4 6.5 6.4 6.9 9.2 7.7 7.5 4.7 2.7 1.9 1.2 0.4 -0.3 -1.1 -1.9 -2.5 -2.5 -2.5 -2.5 -2.5 -2.5 -2.5 -2.5 -2.5 -2.5 -2.5 -2.5 -2.5 -2.5 -2.5 -2.5 -2.5 -2.5 -2.5 -2.5 -2.5 -2.5 -2.5 -2.5 -2.5 -2.5 -2.5
27.6 27.4 25 22 21.1 20.1 20.6 22.1 24.8 28.4 35.9 43.1 52.2 58.8 65.1 69.3 69.2 67.1 68.2 68.4 68.2 67.7 68.3 70 70.6 68.8 65.3 60.5 58.9 59.2 60 59.8 56.2 42.2 31.8 17.3 12.5 8.8 6.4 5.7 5.7 5.4 6.3 6.7 6.6 8.2 7.3 8.3 3.7 3 2.1 1.3 0.6 -0.1 -0.9 -1.6 -2.5 -2.5 -2.5 -2.5 -2.5 -2.5 -2.5 -2.5 -2.5 -2.5 -2.5 -2.5 -2.5 -2.5 -2.5 -2.5 -2.5 -2.5 -2.5 -2.5 -2.5 -2.5 -2.5 -2.5 -2.5 -2.5 -2.5 -2.5
20.4 22.1 18 17.2 16.3 16.5 16.7 18.1 20.9 25.5 32 38.5 45.1 53 59.6 63.7 64.4 60.1 61 61 61.1 60.9 60.6 63.5 65 63.5 58 51.7 49.3 50.4 52.9 54.8 51.8 41.2 24.5 15.5 10.3 7.5 6.3 5.4 5.3 5.4 6.2 7.5 7.2 8.7 10 9.5 3.3 2.3 1.6 0.8 0 -0.8 -1.5 -2.5 -2.5 -2.5 -2.5 -2.5 -2.5 -2.5 -2.5 -2.5 -2.5 -2.5 -2.5 -2.5 -2.5 -2.5 -2.5 -2.5 -2.5 -2.5 -2.5 -2.5 -2.5 -2.5 -2.5 -2.5 -2.5 -2.5 -2.5 -2.5
16.4 15.9 21.9 15.5 16.4 15.1 16.3 15.5 17.5 20.9 25.5 33.8 41.1 46.7 52.9 56.4 56.6 53.6 52.8 54.4 52.9 50.7 52.1 54.6 57.3 56.7 52.3 45.7 38.8 39.1 42.2 46.2 47.4 40.1 22.1 12.7 8.4 7.3 6.6 5.3 5.2 6.1 6.9 9.2 7 6.4 6.9 4.1 2.6 1.8 1 0.2 -0.6 -1.3 -2.5 -2.5 -2.5 -2.5 -2.5 -2.5 -2.5 -2.5 -2.5 -2.5 -2.5 -2.5 -2.5 -2.5 -2.5 -2.5 -2.5 -2.5 -2.5 -2.5 -2.5 -2.5 -2.5 -2.5 -2.5 -2.5 -2.5 -2.5 -2.5 -2.5
16.8 16.8 21 23.1 21.2 19 13.6 13.1 14.2 16.6 22.9 31.5 37.5 40.8 45.5 48.2 47.7 46.4 44.6 43.7 41.4 38.4 41.7 43.2 44.8 46.7 41.8 32.2 26.7 26.5 28.3 33 33.3 24.9 16.5 9.6 7.6 6.7 6 4.9 5.3 6.7 7.7 7.9 6.9 6.8 3.7 3 2.1 1.2 0.4 -0.4 -1.2 -1.9 -2.5 -2.5 -2.5 -2.5 -2.5 -2.5 -2.5 -2.5 -2.5 -2.5 -2.5 -2.5 -2.5 -2.5 -2.5 -2.5 -2.5 -2.5 -2.5 -2.5 -2.5 -2.5 -2.5 -2.5 -2.5 -2.5 -2.5 -2.5 -2.5 -2.5
20.8 20.2 23.8 24.7 24.3 21.7 19.5 13.3 12.5 13.8 16.5 26 32.5 34.5 35 35.9 35.5 34.1 28.6 29.7 29.1 29.7 30.5 30.9 29.8 31 25 20.1 19.6 19 18.6 18.1 18.1 15 11.1 7.8 6.2 5.5 4.8 4.5 5.1 6.8 5.2 10.6 8.9 8.6 3.3 2.4 1.5 0.7 -0.2 -1 -1.8 -2.5 -2.5 -2.5 -2.5 -2.5 -2.5 -2.5 -2.5 -2.5 -2.5 -2.5 -2.5 -2.5 -2.5 -2.5 -2.5 -2.5 -2.5 -2.5 -2.5 -2.5 -2.5 -2.5 -2.5 -2.5 -2.5 -2.5 -2.5 -2.5 -2.5 -2.5
22.6 23.1 25.5 25.1 24.3 22.7 21.6 19.7 10.9 11.4 13.5 17.8 26.3 27.6 27.7 26.5 23 22.8 22.3 21.8 20.6 21.1 21.1 21.1 19.9 17 14.8 14.4 14.1 13.6 12.9 12.2 10.8 9.5 7.7 6.5 5.4 5.2 4.5 4.6 5.2 7.2 8.7 8.7 8.9 3.7 2.8 1.9 1 0.1 -0.7 -1.6 -2.5 -2.5 -2.5 -2.5 -2.5 -2.5 -2.5 -2.5 -2.5 -2.5 -2.5 -2.5 -2.5 -2.5 -2.5 -2.5 -2.5 -2.5 -2.5 -2.5 -2.5 -2.5 -2.5 -2.5 -2.5 -2.5 -2.5 -2.5 -2.5 -2.5 -2.5 -2.5
26.1 26 26.7 25.6 24 21.7 18.8 20.1 11.8 10.5 11 12.6 23 23.5 21.3 20.2 18.8 18.5 17.8 16.4 15.5 15.3 15.2 14.3 13.5 12.4 10.9 10.5 10.2 9.7 8.9 8.1 7.2 7.2 6.7 6.3 4.9 4.5 4.2 4.6 5.1 6.6 8 6.6 8.1 3.5 2.3 1.4 0.5 -0.4 -1.2 -2.5 -2.5 -2.5 -2.5 -2.5 -2.5 -2.5 -2.5 -2.5 -2.5 -2.5 -2.5 -2.5 -2.5 -2.5 -2.5 -2.5 -2.5 -2.5 -2.5 -2.5 -2.5 -2.5 -2.5 -2.5 -2.5 -2.5 -2.5 -2.5 -2.5 -2.5 -2.5 -2.5
29.3 29.1 28.9 28.1 26.4 23.6 20.1 17.9 20.3 18.4 11.9 9.1 14.6 20.4 16.6 14.4 14.3 14.1 11.8 11.6 11 10.2 10.7 9.5 8.9 8.4 7.5 6.9 6.6 6.4 6.3 6.3 6.5 5.4 5.2 5.7 5.2 4.2 4.2 4.7 5.4 8.1 10.1 5.9 5.3 2.7 1.8 0.9 0.1 -0.8 -1.7 -2.5 -2.5 -2.5 -2.5 -2.5 -2.5 -2.5 -2.5 -2.5 -2.5 -2.5 -2.5 -2.5 -2.5 -2.5 -2.5 -2.5 -2.5 -2.5 -2.5 -2.5 -2.5 -2.5 -2.5 -2.5 -2.5 -2.5 -2.5 -2.5 -2.5 -2.5 -2.5 -2.5
32 32.8 32.8 33.1 32 28.4 24.2 21.3 23.8 23 18.6 9.7 9.8 9.6 8.8 8.3 8.3 7.8 7.8 7.6 7.1 5.9 5.5 6.1 6 5.5 6.3 6.5 6.7 6.6 6.3 6.2 6 5.5 5.3 5.5 4.9 4.1 4.9 4.8 6.1 5.9 7.9 6.4 3.9 2.4 1.5 0.5 -0.4 -1.3 -2.5 -2.5 -2.5 -2.5 -2.5 -2.5 -2.5 -2.5 -2.5 -2.5 -2.5 -2.5 -2.5 -2.5 -2.5 -2.5 -2.5 -2.5 -2.5 -2.5 -2.5 -2.5 -2.5 -2.5 -2.5 -2.5 -2.5 -2.5 -2.5 -2.5 -2.5 -2.5 -2.5 -2.5
35 36 36.7 36.5 35.3 32.2 29.1 27 26.6 26.9 23.5 19.3 10.3 9.3 9.7 12.1 13.4 9.7 11.1 8 6.8 6.1 6.3 6.4 5.5 5.8 5.8 6.4 7.3 5.9 5.5 5.6 5.8 6.1 5.4 5.1 4.6 4.6 5.3 5.2 5.8 8.2 7.9 6.7 3.3 2.2 1.3 0.3 -0.7 -1.7 -2.5 -2.5 -2.5 -2.5 -2.5 -2.5 -2.5 -2.5 -2.5 -2.5 -2.5 -2.5 -2.5 -2.5 -2.5 -2.5 -2.5 -2.5 -2.5 -2.5 -2.5 -2.5 -2.5 -2.5 -2.5 -2.5 -2.5 -2.5 -2.5 -2.5 -2.5 -2.5 -2.5 -2.5
37.5 38.6 38.7 38.5 37.2 34.9 32.6 30.3 28.9 29.3 25.2 19.7 20.2 18.9 17.9 18.2 17.3 16.2 14.9 14.1 13.7 13.4 13.2 12.1 11.2 8.8 6.3 6.4 7.4 6.5 5.6 5.3 5.4 5.6 5.2 4.6 4 4.9 5.7 5.5 6.2 8.1 8.6 5.3 2.8 1.8 0.9 0 -1 -2.5 -2.5 -2.5 -2.5 -2.5 -2.5 -2.5 -2.5 -2.5 -2.5 -2.5 -2.5 -2.5 -2.5 -2.5 -2.5 -2.5 -2.5 -2.5 -2.5 -2.5 -2.5 -2.5 -2.5 -2.5 -2.5 -2.5 -2.5 -2.5 -2.5 -2.5 -2.5 -2.5 -2.5 -2.5
40.4 40.7 41 40.4 39.6 37.6 35.2 32.4 31.5 31.2 27.7 27.4 31.7 29.5 28.8 25.7 21.8 21.1 19.6 18.6 16.7 16.9 18.7 17.6 15.9 16.2 15.4 14.5 14.6 12.3 9.1 7 6.6 6.1 5.9 6.3 5.6 5.9 6 6.7 8.2 8.4 6.3 4.1 2.8 1.7 0.7 -0.3 -1.3 -2.5 -2.5 -2.5 -2.5 -2.5 -2.5 -2.5 -2.5 -2.5 -2.5 -2.5 -2.5 -2.5 -2.5 -2.5 -2.5 -2.5 -2.5 -2.5 -2.5 -2.5 -2.5 -2.5 -2.5 -2.5 -2.5 -2.5 -2.5 -2.5 -2.5 -2.5 -2.5 -2.5 -2.5 -2.5
43 43.7 44.2 43.5 42.9 40.4 37.3 34.3 30.7 32.6 30 31.7 34.5 35.5 34.5 31.6 29.6 28.3 24.7 22.3 20.4 19.5 22.4 23 22.1 21.8 21.3 20.6 20 19.9 19 16.6 13.2 14.8 14.5 15.2 12.1 10 9.5 9.1 10.2 11.7 12.1 5.2 2.9 1.8 0.7 -0.4 -1.4 -2.5 -2.5 -2.5 -2.5 -2.5 -2.5 -2.5 -2.5 -2.5 -2.5 -2.5 -2.5 -2.5 -2.5 -2.5 -2.5 -2.5 -2.5 -2.5 -2.5 -2.5 -2.5 -2.5 -2.5 -2.5 -2.5 -2.5 -2.5 -2.5 -2.5 -2.5 -2.5 -2.5 -2.5 -2.5
48.1 48.4 47.8 47 46.2 43.9 -2.5 24.6 2.9 27.2 2.9 26.9 34.5 36.5 36 35.4 34.4 33.1 30.5 28 25.3 23.7 25.1 29.2 29.3 27.1 26.2 25.1 24.5 25 24.2 22.5 21.5 22.6 27 25.1 22.3 19.5 18.6 17 15.7 15 17.5 8.4 2.8 2.5 1.4 0.4 -0.8 -2.5 -2.5 -2.5 -2.5 -2.5 -2.5 -2.5 -2.5 -2.5 -2.5 -2.5 -2.5 -2.5 -2.5 -2.5 -2.5 -2.5 -2.5 -2.5 -2.5 -2.5 -2.5 -2.5 -2.5 -2.5 -2.5 -2.5 -2.5 -2.5 -2.5 -2.5 -2.5 -2.5 -2.5 -2.5
38.8 55.4 53.3 48.9 37.7 -2.5 -2.5 -2.5 -2.5 -2.5 -2.5 -2.5 -2.5 24.9 36.7 37.1 37.1 36.1 35.2 33.6 31.1 28.6 28.8 31.2 31.8 31.7 31.1 30 29.5 28.8 28.6 29.4 29.6 28.8 32 29.8 29 26.6 25.1 25 25.5 25.2 26 23.7 12.8 8.2 2.3 1.4 0.3 -2.5 -2.5 -2.5 -2.5 -2.5 -2.5 -2.5 -2.5 -2.5 -2.5 -2.5 -2.5 -2.5 -2.5 -2.5 -2.5 -2.5 -2.5 -2.5 -2.5 -2.5 -2.5 -2.5 -2.5 -2.5 -2.5 -2.5 -2.5 -2.5 -2.5 -2.5 -2.5 -2.5 -2.5 -2.5
-2.5 40.8 48.4 30.1 -2.5 -2.5 -2.5 -2.5 -2.5 -2.5 -2.5 -2.5 -2.5 -2.5 -2.5 39.3 39.5 39.1 38.1 38.2 35.4 33 32.3 33.8 34.1 33.5 33 33.9 33.9 33.5 32.8 33.5 34.3 33.2 32.4 32.3 32.3 31.1 29.8 29.7 31.3 32.3 33.3 35 34.4 31.2 12.6 11.1 2.5 -2.5 -2.5 -2.5 -2.5 -2.5 -2.5 -2.5 -2.5 -2.5 -2.5 -2.5 -2.5 -2.5 -2.5 -2.5 -2.5 -2.5 -2.5 -2.5 -2.5 -2.5 -2.5 -2.5 -2.5 -2.5 -2.5 -2.5 -2.5 -2.5 -2.5 -2.5 -2.5 -2.5 -2.5 -2.5
-2.5 -2.5 -0.2 -2.5 -2.5 -2.5 -2.5 -2.5 -2.5 -2.5 -2.5 -2.5 -2.5 -2.5 -2.5 -2.5 41.1 41.2 38.8 38.6 35.4 22.8 31.5 35.2 35.4 34.1 34 34.4 34.8 35.2 35.1 35.5 35.8 34.2 33.7 33.7 33.8 33 33.2 32.9 33.9 34.6 34.3 35.8 35.8 34.7 30.3 31.7 9.5 2.5 -2.5 -2.5 -2.5 -2.5 -2.5 -2.5 -2.5 -2.5 -2.5 -2.5 -2.5 -2.5 -2.5 -2.5 -2.5 -2.5 -2.5 -2.5 -2.5 -2.5 -2.5 -2.5 -2.5 -2.5 -2.5 -2.5 -2.5 -2.5 -2.5 -2.5 -2.5 -2.5 -2.5 -2.5
-2.5 -2.5 -2.5 -2.5 -2.5 -2.5 -2.5 -2.5 -2.5 -2.5 -2.5 -2.5 -2.5 -2.5 -2.5 -2.5 -2.5 41.4 -2.5 -2.5 -2.5 -2.5 -2.5 15.8 18.7 33.1 32.3 32.1 34.8 34.8 29 34.2 31.9 29.5 30.1 33 34.5 35.3 34.5 34.9 35.2 31.8 27.7 22.1 32.5 32.3 31.8 32.8 33.4 32.1 1.2 -2.5 -2.5 -2.5 -2.5 -2.5 -2.5 -2.5 -2.5 -2.5 -2.5 -2.5 -2.5 -2.5 -2.5 -2.5 -2.5 -2.5 -2.5 -2.5 -2.5 -2.5 -2.5 -2.5 -2.5 -2.5 -2.5 -2.5 -2.5 -2.5 -2.5 -2.5 -2.5 -2.5
-2.5 -2.5 -2.5 -2.5 -2.5 -2.5 -2.5 -2.5 -2.5 -2.5 -2.5 -2.5 -2.5 -2.5 -2.5 -2.5 -2.5 0.4 -2.5 -2.5 -2.5 -2.5 -2.5 -2.5 -2.5 -2.5 -2.5 -2.5 -2.5 14.4 -2.5 -2.5 -2.5 -2.5 -2.5 15.7 34.1 34.7 32.2 29.5 5.3 -2.5 -2.5 -2.5 -2.5 -2.5 -2.5 -2.5 26.7 30.1 6 -2.5 -2.5 -2.5 -2.5 -2.5 -2.5 -2.5 -2.5 -2.5 -2.5 -2.5 -2.5 -2.5 -2.5 -2.5 -2.5 -2.5 -2.5 -2.5 -2.5 -2.5 -2.5 -2.5 -2.5 -2.5 -2.5 -2.5 -2.5 -2.5 -2.5 -2.5 -2.5 -2.5
-2.5 -2.5 -2.5 -2.5 -2.5 -2.5 -2.5 -2.5 -2.5 -2.5 -2.5 -2.5 -2.5 -2.5 -2.5 -2.5 -2.5 -2.5 -2.5 -2.5 -2.5 -2.5 -2.5 -2.5 -2.5 -2.5 -2.5 -2.5 -2.5 -2.5 -2.5 -2.5 -2.5 -2.5 -2.5 -2.5 -2.5 -2.5 -2.5 -2.5 -2.5 -2.5 -2.5 -2.5 -2.5 -2.5 -2.5 -2.5 -2.5 -2.5 31.3 -2.5 -2.5 -2.5 -2.5 -2.5 -2.5 -2.5 -2.5 -2.5 -2.5 -2.5 -2.5 -2.5 -2.5 -2.5 -2.5 -2.5 -2.5 -2.5 -2.5 -2.5 -2.5 -2.5 -2.5 -2.5 -2.5 -2.5 -2.5 -2.5 -2.5 -2.5 -2.5 -2.5
-2.5 -2.5 -2.5 -2.5 -2.5 -2.5 -2.5 -2.5 -2.5 -2.5 -2.5 -2.5 -2.5 -2.5 -2.5 -2.5 -2.5 -2.5 -2.5 -2.5 -2.5 -2.5 -2.5 -2.5 -2.5 -2.5 -2.5 -2.5 -2.5 -2.5 -2.5 -2.5 -2.5 -2.5 -2.5 -2.5 -2.5 -2.5 -2.5 -2.5 -2.5 -2.5 -2.5 -2.5 -2.5 -2.5 -2.5 -2.5 -2.5 -2.5 -2.5 -2.5 -2.5 -2.5 -2.5 -2.5 -2.5 -2.5 -2.5 -2.5 -2.5 -2.5 -2.5 -2.5 -2.5 -2.5 -2.5 -2.5 -2.5 -2.5 -2.5 -2.5 -2.5 -2.5 -2.5 -2.5 -2.5 -2.5 -2.5 -2.5 -2.5 -2.5 -2.5 -2.5
-2.5 -2.5 -2.5 -2.5 -2.5 -2.5 -2.5 -2.5 -2.5 -2.5 -2.5 -2.5 -2.5 -2.5 -2.5 -2.5 -2.5 -2.5 -2.5 -2.5 -2.5 -2.5 -2.5 -2.5 -2.5 -2.5 -2.5 -2.5 -2.5 -2.5 -2.5 -2.5 -2.5 -2.5 -2.5 -2.5 -2.5 -2.5 -2.5 -2.5 -2.5 -2.5 -2.5 -2.5 -2.5 -2.5 -2.5 -2.5 -2.5 -2.5 -2.5 -2.5 -2.5 -2.5 -2.5 -2.5 -2.5 -2.5 -2.5 -2.5 -2.5 -2.5 -2.5 -2.5 -2.5 -2.5 -2.5 -2.5 -2.5 -2.5 -2.5 -2.5 -2.5 -2.5 -2.5 -2.5 -2.5 -2.5 -2.5 -2.5 -2.5 -2.5 -2.5 -2.5
-2.5 -2.5 -2.5 -2.5 -2.5 -2.5 -2.5 -2.5 -2.5 -2.5 -2.5 -2.5 -2.5 -2.5 -2.5 -2.5 -2.5 -2.5 -2.5 -2.5 -2.5 -2.5 -2.5 -2.5 -2.5 -2.5 -2.5 -2.5 -2.5 -2.5 -2.5 -2.5 -2.5 -2.5 -2.5 -2.5 -2.5 -2.5 -2.5 -2.5 -2.5 -2.5 -2.5 -2.5 -2.5 -2.5 -2.5 -2.5 -2.5 -2.5 -2.5 -2.5 -2.5 -2.5 -2.5 -2.5 -2.5 -2.5 -2.5 -2.5 -2.5 -2.5 -2.5 -2.5 -2.5 -2.5 -2.5 -2.5 -2.5 -2.5 -2.5 -2.5 -2.5 -2.5 -2.5 -2.5 -2.5 -2.5 -2.5 -2.5 -2.5 -2.5 -2.5 -2.5
