WholeMapElevations/data/nn/nn10_OST50GRID_20230518/NN10.asc
ncols 200
nrows 200
xllcorner 210000
yllcorner 700000
cellsize 50
[rows 140 to 174 of 200, columns 0 to 78 of 200]
277.9 280.8 281.5 276 269.7 262.9 255.6 251.2 243.9 236.6 229.1 223.8 215.9 208.5 198.5 185.6 188.9 192.1 200 213.1 228.8 246.1 264 279.8 294.5 310.3 326 338.1 349.1 360.4 368.5 373.2 376.3 386.9 390.8 397.8 407.2 416.8 421.5 426.5 431 436 441.5 444.9 447.4 445.9 436 435.7 431 418.1 401.1 377.3 361.4 344.2 329.1 315.9 302 288.8 269.3 250 231.1 208.2 197 176.2 148.9 160.1 172.2 183.6 194 202.2 210.6 220.6 234.7 246.6 256.5 265.3 280.3 287.2 299.6
270.9 271.1 266.8 260.6 254.6 247.8 244.2 239.9 232.9 226.4 221.4 214.5 208.2 202 192.1 184.8 188.6 194 205.2 225.5 243.5 257.3 272.2 290.3 303.9 317.4 330 342.6 355.4 362.9 372.1 378.9 382.4 389.5 395 401.3 408.4 416.2 419.5 425.6 431.7 436.6 444.6 444.2 443.7 438.5 427.5 416.7 406.4 389.3 370.7 353.1 346 330.9 317.6 305.3 290.2 272.3 255.3 236.9 215.4 199 185.9 165.5 151.4 160.5 171.5 182.9 192.4 202.2 208.9 217.7 232.8 248 252.6 263.4 275.3 285.3 292.6
260.3 257.8 250.9 244.2 239.4 236.8 232.5 228.3 220.2 217 213.6 208.1 199.5 193.7 177.4 185.4 189.4 195.9 207.9 226.9 249.9 265.6 284.4 298.1 313.8 326 338 350.2 361.2 368.2 373.7 380.8 386.9 394.2 398.3 403.9 408.3 413.1 418.6 424.9 432.3 437.6 439.5 435.6 431.7 420.4 405.5 394.6 383.7 367.1 354.2 341.5 328.5 317 303.5 287.6 273.7 254.5 238.6 217.8 203.4 188.6 173.4 155.6 150.1 158.3 169.5 179.6 190.4 199.1 205.5 213 227.4 239.1 250 261.1 266.8 273.8 278.9
244.2 238.1 232.7 228.4 225.7 224.1 220.5 215.9 210.1 208 205.1 199.5 194.2 189.1 177.9 183.3 190.2 197.3 217.2 237 252.8 271.7 286.3 303.8 319.2 333.4 344.7 355.1 364 371.2 379.5 385.6 394.8 396.5 400.5 404 408.5 413.4 419.8 425.7 432.5 436.7 437.3 427.5 412 398.4 389 379.7 370.2 355.4 341.1 327.6 314.4 302.4 285.3 268.7 252.3 236.9 220.9 205.9 192.8 176.4 162.1 148.5 148.7 156.5 165.1 177.2 189.5 196.8 201.4 210.3 222.4 231.2 240.7 248.5 255.5 262.8 264.5
224.8 221.4 217.5 215.3 213.5 211 207.5 203.8 201.1 200.1 197 191.1 187 176.6 158.2 181.3 190.4 204.1 221.4 241.9 265.9 279.8 297.1 309.6 322.9 335.7 349.6 360.5 368.2 375.6 383.9 394.1 397.3 399.9 402.3 407.3 411.5 416.6 421.3 427.5 431.6 435.4 428.5 411.6 396 384.4 373.7 365 354.8 342.2 325.4 313.9 302.8 284.8 269.3 253.3 239.6 223.4 211.2 191.5 180.5 166.2 154.1 144.3 145 153.3 161.1 169.9 182.4 185.3 196.4 208 219 226.7 231.4 236.8 242.7 246.8 248.9
209.6 205.7 202.9 202.8 200.7 199.1 196.9 194.1 194.2 194.1 189.6 179.6 176.7 166.9 158 177.2 191.3 211.1 227.2 246.3 268.9 286.1 304.4 317.5 330.3 344 355.3 363.4 370.5 380.4 389.6 395.8 400.1 403.6 405.6 414.2 416.9 420.4 423.3 427.3 426.1 421.3 407.4 392.3 382.6 370.3 359.1 347.5 331.7 325.8 312.1 299.4 282.8 265 249.1 233.3 222.1 209.7 191.4 183.9 168.1 155.7 143.8 131.2 142.4 150.6 161 169.8 177.4 185.2 194 206.2 214.7 217.9 225.1 227.1 230.5 229.8 232.2
192.2 191 189.6 189 188.8 188.1 186.2 188 187.8 188.7 180.1 171.7 159.6 142.8 168.5 181.3 201.8 219.9 239.3 257.7 275.5 288.5 305.5 322.4 335.2 348.3 358.6 367.4 375.7 383.8 394 400.2 402.3 404.9 413.5 419.3 422.6 423 422.7 422 420 406.3 391.2 378.7 366.2 355.1 343.7 328.6 315.3 308 294.1 281.6 263.1 246.6 231 218 205.8 194 180 168.9 154.5 143.6 131.7 132.9 139.6 150.6 158.9 167.5 175.8 182.2 191.1 197.2 204.1 207.5 211.6 211 206.2 204.7 212.9
177.2 177 177.5 177.6 177.8 177.9 182.4 184 180.9 176.6 169.5 155.4 135.6 155.6 174.6 195.7 209.1 222.9 242.9 259.2 278.6 297 312.6 327.1 341.5 351.7 362.3 372.5 380.8 389.2 397 400.9 403.7 410.1 418.7 424.5 429.1 424 420.5 414.5 404.3 389.4 378.2 365 349.8 339.5 328.1 315.1 304.4 292.2 276.2 259.7 241.6 229.6 216.4 202 189.7 176.9 171.9 156.8 143.4 132.8 124.6 129.3 136.8 144.4 154 164.8 172.7 177.2 181.1 188.1 191.6 197 193.8 187.8 180.5 183.5 193.5
163.2 164.7 165.7 166.6 166.9 168.4 174.5 177.1 171 163 155 134.4 135.4 156 174.9 193.6 215.1 233 247.8 260.6 280.4 301.4 317.6 332.1 344.6 354.8 366.4 374.9 383.9 392.1 399.1 402 410.3 415.7 422.6 428.4 429.4 419.3 414.7 401.5 382.1 368.9 358.8 349.1 335 321.4 310.8 297.5 285.1 272.3 259.5 236.8 224 212.9 198.6 188 173.6 166.5 156 144.2 132.9 124.4 125.1 128.1 134.3 140.1 144.2 154.7 164.7 172.2 174.7 177.7 180.5 181 169.1 167.3 166.9 168.1 172.7
150.4 152.6 154.2 156.7 156.3 161.1 167.5 166.6 159.3 150.5 136.8 126.9 144.6 161.7 180.8 198.1 216.5 233.3 251.7 271.5 287.5 302.6 319 335.1 347.6 358.2 367.8 378.7 385 394.7 399.7 405.7 415.2 421.3 427.3 429.1 421.1 408.5 395 381.4 365.6 353.4 338.6 328.4 318.6 304.3 291.8 278.9 265.8 252.1 232.2 217.5 206.7 195.5 181.6 168.5 161.2 152.5 142.4 132.4 124.5 114.3 121.4 125.5 130.3 136.3 140.3 149.9 155.3 164.4 167.7 168.5 170.8 166.9 154.7 154.7 156.9 156.3 156.1
138 139.4 143.2 148.8 145.8 152.4 155.6 155.2 148.5 134.6 119 135.3 154.1 168.5 191.4 207.5 224.7 243.3 259.8 276 292.1 309.2 323.9 338.2 350.7 362.1 372.2 379 387.7 396 400.1 412.5 419.4 426.9 429.6 424.6 401 387.3 375 361.7 348.2 337.5 324 311.6 298.5 285.5 272.7 259.3 246.2 232.9 217.7 202.7 190.9 178.6 165.8 156.9 146.9 137.6 132.6 124.9 116.5 113.8 117.4 121.7 127.1 132.9 137.1 141.4 146 150 155.8 155.5 152.4 146.3 143.2 143.7 139.4 140.8 135.7
126.9 129 133.5 140.3 138.8 140.8 144.2 141.8 131.4 120.7 114 142.5 158.2 171.6 192 213.9 230.4 249.4 265.1 281.6 298.6 313.6 326.5 340.7 353.1 364.9 372.7 379.9 388.6 394.7 405.1 416.3 421.5 424.2 419.9 406 377.7 367.7 353.6 341.1 329.7 317.1 307.4 295.1 282.8 268.9 254.9 241.6 229.1 217.2 204 189.4 175.2 161.8 150.2 141.4 131.3 123.8 120 115.9 109.9 109.8 113.2 119.4 122.9 128 130.8 134.6 136.1 141.1 144.1 137.9 134.9 130.6 132.1 133.4 134.4 140.9 145.4
117.1 119.4 126.1 128.6 128 132.4 130.7 127.9 117.8 110.2 122.5 145.9 161.1 181.1 195.7 214.8 234.6 251.6 267.7 284.3 300 314.3 328.5 342.2 354.1 363.5 369.4 376.3 384.9 395.7 407.5 414.2 411.3 406.4 393.7 366.2 357.3 344.8 334.8 323.5 311.9 301.6 289.7 277.8 264.5 250.7 238.3 225.3 210.8 198.1 187.2 171.7 158.6 145.3 133 127.1 119.4 112.2 108.1 105.4 108.1 109.3 111 114.9 118.4 121.8 119.7 122.1 124.6 123.1 124.9 126.3 129.8 131.9 139.3 143.2 150.1 153.8 155.3
111.2 113 117 117.5 119.5 121.8 119.4 115.3 101.5 103.9 128.6 147.8 165.1 184.5 204.2 221.2 237.6 254.9 269.7 287.4 303.2 315.2 329.1 342.6 353.1 359.3 365.2 374 384.2 394 401.6 396.9 391.6 376.5 355.4 343 335.4 324.7 314.9 305.7 291.9 279.6 271.4 259.7 246.8 233.9 219.7 208.1 192.8 181.6 168.7 154.9 141.9 131.7 118.4 109.6 106.8 102.2 104.6 110.9 114.8 119.6 121.5 119.4 115.8 125.8 130.7 132.7 131.9 127.6 130.4 138.9 137.6 145.1 148.3 151.5 158.1 165 171.4
100.7 107 107.8 109.2 111.6 110.4 108.9 100.8 88.8 118.1 137.2 155 173.7 191.7 208.7 226.8 242.4 258.2 274.2 289.1 303.9 317.3 329.8 341.6 348.7 353.7 360.3 370.7 379.9 386.8 379.3 363.4 356.2 342.3 329.5 322.2 316 304.2 293.6 283.2 272.9 260.9 251.6 241.3 227.7 216.9 202.8 190.1 176.6 163 151.3 137.2 127.1 114.5 108.9 103 100.5 105 108.5 110.9 114.9 120.6 127.6 130.6 131.8 136.2 139.3 144 147.5 145.1 144.3 144.7 153.6 156.1 158.6 164.4 172.7 178.9 186.4
94.4 97.8 101.3 101.8 101.7 102.9 94.3 82 111.5 128.2 145.2 162 177.8 194.7 210.9 229.8 245.8 260.6 276.1 290.6 304.2 315.1 327 335.7 341.2 347.6 354.3 360.4 362 357.9 345.9 332.3 324.2 314.7 305.6 300 293.3 286 273.1 263.2 255 245.5 232.6 220.9 210.9 197.3 186.3 171.1 156.9 147.4 132 120.6 110.8 105.5 98.4 101.9 105.4 107.5 111.6 116.8 124.3 131.9 138.4 143.8 144.8 147.5 153.4 156.4 158.1 157.6 157.3 156.4 166.9 164.8 173 182.6 189.5 200.1 212.2
86 89.9 90.3 93.4 96.1 88.9 76.9 100 118.2 133 150.3 166.7 184.6 201.3 215.9 232.8 247.2 260.8 275.5 289.1 298.7 309.1 320.2 327.1 333.1 338.1 341.9 345.9 333.9 323.3 315.6 305.6 294.5 292.6 285.7 278.8 266.4 262.2 253.6 243.6 231.5 225 217 204.8 192.9 180.6 167.9 155.5 143.2 127.7 115.6 104.5 100.1 96.8 99.9 104.1 109.4 114.6 123.1 131.2 138 143.4 150.7 154.3 155.9 161.2 168.3 174.4 173.3 173.7 174.2 177 181.2 180.7 195.7 198.9 212.9 223 228.7
79.3 84.2 85.4 87.2 85.9 71.7 94.7 109.3 122.3 135.2 153.8 168.9 185.5 201.3 216.8 233.8 248.1 261.4 274.1 283.5 292.5 303 311.3 316.6 321.5 324 321.6 316.9 305.5 294.6 284.3 276.3 272.3 269.2 263.5 253.9 244.9 238.3 231.2 220 216 204.2 196.8 188.2 175 164.2 150.1 140.1 128.6 115.3 102 96.8 97.2 99.6 101.8 111.5 118.9 127.1 134.1 141.7 147.9 158 163.6 164.8 168.9 174.9 183.8 189.2 191.5 193 186.7 196.7 199.9 200.7 212.6 221.6 230.3 240.8 250.3
71.7 77.4 80.4 80.1 64.4 85.6 100.5 114.4 130.8 146.2 160.6 171.7 187.9 205.2 218.6 232.8 247 258.4 269.3 276.3 287.1 295.9 302 306.4 307.9 307 295.9 289.8 281.5 271.8 263 255.3 250.5 244.9 237.6 231.4 224.1 216.2 209.6 201.4 194.9 183.9 172.2 168.6 156.9 148.8 137.7 131.5 120.9 106.2 94.2 96.3 99.9 105.3 112.9 120.6 125.2 133.8 142.4 150.9 159.9 170.7 177.7 179.9 183 193.2 196.9 203.1 208.9 211.3 211.6 214.9 214.4 221.7 230.6 244.7 247.4 259.2 265.9
69.4 72.5 75.7 65.3 75.9 90.4 102.5 115.9 130.5 147 161.1 173.6 186.9 202.1 218.3 232.1 243.2 252.5 263.6 270 280.6 286.3 289.9 292.4 288.4 283.9 272.7 264.3 256.8 249.4 238.9 231.9 227.7 220.1 216.7 211.6 206.6 199.4 191.8 183.9 176.9 168 157.5 148.9 142.9 139.3 129.3 122.4 113.5 98.9 93.2 97.4 103.6 111.6 119.6 129.3 136.3 143.4 154.9 161.4 170.1 180.3 186.3 190.5 200.2 208.8 213 219.3 226.7 228.7 228.8 231.1 227.9 235.1 249.5 257.4 264.9 276.3 282.4
62.1 65.6 59.7 67.3 82.5 91.5 105.1 117.3 130.3 145.7 161 174.4 187.9 200 216.4 229.2 236.7 246.5 257.5 263.7 269.4 275.3 273.6 271.1 267 259.2 252.6 243.5 233.8 224.3 214.6 212.4 208.1 199.8 197.3 192.8 183.3 181.1 174.6 169.5 161.1 150.8 141.9 137 133.1 130 117.7 113.3 107.1 95.7 93.9 103.2 111.5 116.6 126.8 137.8 147.9 152.2 166.5 173.1 183.4 192.1 197.8 204.2 211.6 220.4 228.2 240.1 246.2 244.9 234.4 249.4 256.6 259 268.9 278 286 293.3 300.6
54.8 47.1 61.3 78.6 86 95.5 107.6 118.3 131.3 145.6 161.9 176.4 186.6 199.3 213.4 223 230.6 239.9 249.1 256.6 259.6 257.4 252.4 249.1 245.5 236.8 231.3 222.8 212.6 200 193.7 191 187.1 181.6 177.2 174 163.1 161.6 153.1 147.6 143.9 138.6 129.5 126.3 125.6 119.6 114.5 103.6 99.3 90.9 101.7 111.7 118.4 124.3 136.4 144.4 158.5 163.1 176.2 183.8 195.1 203.4 211.8 218.9 225.1 232.3 245 257.2 260.1 260.1 257 267.4 275.2 282.3 290.1 296.7 303.6 316.2 322.5
44.8 54.6 63.6 80.4 87.9 95.4 105.9 118.7 136.2 149 160.3 174.2 181.9 196 206.6 214 222.6 232.1 239.7 245.7 245.9 242.3 236.5 234.4 228.6 217.8 210.9 201 189.2 181.6 174 170.8 166 159.9 153.9 151.1 144.8 141.7 140.5 131.6 127.6 123.4 116.3 113.9 111.9 110.2 105.7 93 92.1 100.1 107.7 118.5 125.3 136 145.5 152.7 165.7 176.2 183.7 192.5 202.7 212.9 224.8 232.6 237.5 250.1 258.7 269.5 276.1 270.9 273.7 282 291.4 300.6 310.7 314.5 321.5 328.7 337.7
50.8 54.4 62.3 74.3 82.5 92.7 105.7 117.5 130.1 140 151.9 162.9 177.3 191 198.5 209.7 219 224.5 229 231.2 229.2 229.5 227.1 222.4 208.9 200.9 192.1 180.5 171.4 163.2 152.8 148.9 144 140.2 132.3 130 127.5 122.9 123.2 118.7 114.3 110.8 107.1 103.4 101.7 100.2 88.1 92.9 97.5 106.8 110.6 126.7 133 142 153 160.5 176.3 190 199.9 204.6 214.6 226.4 235.2 243.6 254.4 265 272.3 282.5 288.4 285.8 291 298.3 305.6 319.2 330.4 333.4 339 346.5 354.6
48.9 56.3 63.8 72.2 82.3 92.3 104.4 115 126.1 138 148.2 159.2 172.1 184.9 193.8 203.5 212.8 215.5 218 214.5 212.3 212.3 205 201.5 189.7 181 169.9 160.2 152 143.7 134.1 127.6 123.7 119.7 115 111.4 107.2 103.4 104.8 103 101.3 97.9 95.5 93.7 90.1 88.1 91.2 96.8 102.4 108.5 113.8 122.4 133.5 147.7 158.6 169.5 183.8 193.1 203.5 215.6 226.4 238.3 246.4 254.8 266.5 277.3 284.3 290.1 296.6 300.8 303.5 310.9 321.8 334.4 344.9 354.5 357.9 365.2 372.9
48.8 56 66 72.7 81.6 92.8 102.5 112.3 123.6 132.9 144.7 156.2 168.5 180.2 188.4 194.9 200.1 201.7 202.4 199.5 198 196.5 188.9 182.4 170.8 160.2 148 139.3 130.3 124.8 116.4 109.8 105.9 102.6 97.6 96.6 95.4 93.2 91 88.6 89.2 87.2 87.2 83.1 80.5 89.3 93.4 98.3 104.3 112.4 121 134.4 140.6 153.4 163.8 178.6 195.4 198.9 207.3 217.2 228.8 237.6 246.5 260.8 269.6 282.6 289.6 299.6 303.5 309.5 317.8 325.8 335.7 349 358.6 364.2 374 380.9 386.6
47.4 51.1 62.3 71.3 81.4 89.6 99.9 110.3 122.8 134.1 142.7 152.8 162.6 171.6 177.6 182.6 185.1 185.8 185.4 188 184.7 180.6 174 161.6 149.7 139 129.8 121.8 115.2 107.3 100.7 93.3 89.4 89.4 86.9 80.2 80 80.7 79.6 75.4 77 79.1 79.1 82.3 86.5 93.4 99.6 104.4 110.8 119.8 128.5 142.2 149.8 158.9 172.2 181.9 197 208.1 218.5 228 238.7 247.3 256.2 269.1 279.1 289.6 296.7 308.2 312.5 320.1 330.4 338.1 350.6 360.2 366.2 377.5 385.8 393.4 399.8
46.8 50.4 60.6 72.7 80.9 87.2 96.1 106.7 121.3 131.7 139.8 148.4 158.4 164.6 169.5 173.6 175.7 176.6 174.9 174.9 171.7 164.3 155.4 145.9 132.6 121 114.4 107.1 99.8 89.4 82.3 82.3 79.9 73.4 73.7 74.8 75.3 77.5 74.6 77.1 78 84.7 88.3 91.4 93.1 96.7 101.1 112.9 122.1 131.6 136.8 144.1 158 168.1 179.3 191.3 203.3 214.7 226 235.2 243.6 252.3 262.8 273.2 285 295.3 306.3 314.6 320 331 338.5 347.8 357 366.5 374.9 387.4 396.2 406.4 416.2
46.7 50.1 57.7 65.9 75.4 84 92.8 102.6 112.9 123.4 136.2 146.4 154.2 158.3 160.9 165.2 163.8 167.1 167 163.3 157.9 150.7 140.8 128.5 115.4 100.1 101.9 93.5 82.4 76 74.5 73 72.4 75.9 77.3 71.7 72.8 73.9 87.1 89.7 89.4 92.6 91.7 88.1 96.9 100.7 107 114.4 129.4 140.5 143.9 152.4 167.1 177 185.5 194.6 208.1 220.6 232.1 239.5 246.7 255.9 264.9 276.1 287.6 297.2 308.3 317.7 326.7 336.1 346.4 355.5 364.8 375 386.5 400.5 410.7 420.8 433
45.2 48.3 53.8 61.8 69.3 78.7 89.6 98.3 106.2 114.8 124.5 136.4 147.4 153.5 150.7 152.2 153 153.4 155.7 154.1 145.1 134.7 122.3 110.6 101.7 89.8 84.2 78.7 70.8 69.3 68.5 72.6 73.7 77.8 82.5 85.7 90.5 95 97.2 98.2 99.1 103 102.7 101.2 93.2 107.1 111.3 118.8 130.9 139.9 146.5 151.6 167.2 177 190.8 195.9 209.2 224.1 232.8 240.9 249.9 258 269.6 278.4 289.8 300 313.4 319.7 330 340.7 351.1 363.4 374.7 386.6 398 408.9 416.6 428.1 441.4
44.8 46.5 52.5 62.2 69.9 77 84.6 92.4 101.1 109.4 120.3 128.5 133.5 138.2 140.8 141.7 143.8 139.8 141.7 136.7 128.8 116.9 104.6 97.6 94.5 77.7 68.8 68.1 70.4 73.4 76 80.6 83.3 88.1 92.5 95.6 103.2 106.4 109.7 113 113 113.3 113.5 113.8 111.7 101.6 122.5 129.2 135.3 138.6 146.9 158.6 167.8 175.9 187.9 196 208.1 223.4 233.7 243 251.6 261.9 273.7 282.3 293.7 304.2 311.7 319.6 333.1 342.7 353.3 365.9 379.4 391.5 405.9 415.9 424.2 434.2 444.5
45.8 46.9 51.2 57.4 65.6 75.9 86.2 93 99.6 106.8 114.9 122.9 127.7 132.3 135.9 133.9 133.8 129.7 128.9 126.2 112.4 102.2 93.2 86 79.6 68.5 68.8 70.3 72.7 75.6 78.8 84.9 93.2 103.1 108 112.3 117 121.4 124.4 126.8 129.8 127.5 127 125.5 123.2 120 111.2 130.8 142.1 145.2 154.4 158.4 167.3 178.5 192.3 201.3 210.7 220.8 231.8 241.2 252.8 261.2 271.4 281.7 291.3 301.2 311.6 322.8 331.2 342 355.6 371.5 384.9 396.9 408.8 421.1 429.6 440.4 446
44.8 46.6 48.4 54.1 62.9 72.4 83.8 91.9 95.9 101.1 108.8 117.4 124.7 126 126 123.8 123.1 119.4 116.1 107.7 98.5 91 85.9 84.1 71.4 65.7 68.5 72.4 75.8 79.7 87.3 95.2 103.9 114.1 122.9 128.2 132.1 136 139.2 141.6 143.2 142.7 142.6 142.1 138.2 133.8 122.9 121.2 136.7 148.8 160.2 161.5 172.5 186.6 194.4 203.9 213.2 220.8 229.7 240.6 250.7 261 271.5 280.7 288.5 298.1 308.3 317.4 330.3 344.7 359.1 373.6 386.7 397.1 410.3 421.1 431.5 442.7 454.3
43.1 44.5 46.1 49.1 57.7 67.4 76.4 85.3 92.9 96.8 101 105.6 113.5 122.4 120.4 114 110.8 108.7 100.2 95.5 88 82 77.4 76.4 67.5 63.7 70.3 75.4 79.4 87.9 96.8 106.7 116 125.3 133.5 140.1 145.7 150.2 153.9 156.7 158 158.5 160.6 159 153.7 147.5 137.5 130.4 128.8 148.1 161.3 172.7 176.4 183.7 193.4 201.5 208.1 218.7 226.4 238.1 247.6 257 263.9 277.1 280.9 294.4 304.6 316.3 329.9 346.3 358.5 373.5 386.6 400 412 423 438.1 450.2 457.6
41.9 42.5 44 48.1 55.4 63.1 69.1 75.6 84.8 90.7 96.5 102.9 106.3 111.7 110.1 105.5 102.1 94.4 92.8 86.8 82 74.4 71 67.8 65 67.8 74.9 82.9 89.3 96.8 106.9 118.4 127.9 137.3 144.6 150.8 157.3 163.2 167.1 171 173.3 173.8 173.9 173.8 168.6 163.1 155.8 142.2 124.7 139.9 155.2 167.6 176.1 185.6 194.5 201 204.1 214 228.4 238.5 246 253.6 263.1 274.4 282.9 291.9 302.8 312.8 327.5 344.7 356.5 372.6 386.7 399.1 411 421.6 435.8 446.6 459.4
