UK/data/su/su06_OST50GRID_20230518/SU06.asc
ncols 200
nrows 200
xllcorner 400000
yllcorner 160000
cellsize 50
[rows 0 to 34 of 200, columns 0 to 77 of 200]
91 89.1 87.6 86.6 85.4 85.3 85.4 85.2 85.1 84.2 83.2 81.9 78.8 74.7 79.5 80.6 79.8 79.3 78.4 78.7 79 79 79.7 80.1 80.5 81 81.6 81.6 81.8 81.8 82 83.5 85.9 87.8 88.5 89.1 89.6 90.4 90.8 90.8 91.2 90.6 90.8 91 90.6 90.6 90.4 90.4 90.4 92.2 92.3 93.5 94.7 95.6 96.4 97.2 97.7 99 100.1 103.6 106 108 110.2 111.6 112.7 114 114.1 114.9 115.1 115.8 117 118.5 120.6 122.8 124.7 126.6 127 127.5
90.5 88.7 87 85.6 84.2 83.5 83.8 84.1 83.7 81.3 81.9 80 76.4 75.6 78.2 78.9 78.4 79.3 80.4 80.6 80.9 81.2 81.5 81.8 82.3 83.1 85.2 87.1 87.5 86.1 84 83.1 83.8 86.2 87 87.4 88.2 89.3 89.2 88.8 88.9 88.7 88.9 89 88.8 90.1 90.4 90.4 90.4 91.9 92.8 93.1 94.6 95.4 96.5 97.3 98.5 99.9 102.4 105 107.4 109.6 111.8 114.3 115.7 116.9 117.7 118.1 118.5 119.2 120.1 121.6 123.2 125.9 127.8 129.6 130.3 130.9
90.3 88.3 86.5 84.7 83.2 82.1 82.1 82.4 82.1 81.1 80.4 78.8 75.7 76.7 77.3 77.9 78.9 79.9 81 81.9 82.5 82.9 83 83.3 83.5 84.6 87.1 88.5 88.7 88.1 87.4 85.7 84.2 84.1 85.1 86 87.2 88.1 88 87.6 87.1 87.3 88.1 87.7 88.7 89.8 90.3 90.4 91.3 92.3 93 93.7 94.5 95.2 96.4 97.2 98.7 100.6 103.4 107 110.2 113.3 115.7 117.9 119 120 120.7 121.2 122 122.7 123.6 124.8 126.1 129 131.1 132.5 133.4 134.3
90 88 85.9 84.2 82.7 81.6 80.9 80.3 80.4 79.8 78.3 77.9 75.7 76.3 78.2 78.7 79.4 80.5 81.4 82.4 83.5 83.7 83.8 84.5 84.4 84.8 87.1 88.4 89 88.9 88.4 88.1 86.2 85.4 84.8 85.2 86.3 86.8 86.7 86.4 86.7 86.9 87.9 88.5 88.2 89.2 89.7 90.2 90.8 91.6 92.2 93 94 94.9 96.6 98 99.3 101.4 104.8 108.6 112.5 116.1 118.1 119.9 121.1 122 123.2 124.6 125.7 126.5 127.3 128.5 129.9 132.6 135 136.9 137.8 138.9
89.6 87.5 85.4 83.7 82.5 81.3 80.3 79.4 78.5 77.9 77.7 77.8 75.3 76.5 78 79.4 80.1 81 82.2 83.7 84.9 85 84.9 85.6 85.6 85.5 86.7 87.4 88.2 88.7 88.9 88.1 87.4 87.1 86.4 85.7 85.4 85.5 86.3 86.6 86.8 87.2 87.7 87.9 88.2 88.8 89.3 90 90.3 90.7 91.4 92.4 93.4 94.4 96.4 98.9 100.6 103.3 106.5 110.3 114.3 117.4 119.7 121.5 123.1 123.9 125.3 126.8 128.2 129.6 131 132.7 134.5 136.3 139.4 141.9 142.8 143.9
89.2 87 84.9 83.3 82.4 81.7 80.4 79.5 78.6 76.9 76.3 76.4 76.9 77.1 77.8 78.8 79.9 81.7 83.4 85.4 86.6 86.6 86.8 86.8 86.7 86.6 86.6 86.7 87.5 87.9 88.3 88.4 88.1 87.9 87.7 87.4 86.4 87 87 86.9 86.9 87.2 87.4 87.4 87.7 88.4 89 89.6 90.1 90.4 90.8 91.8 92.8 93.9 95.9 98.2 100.5 104 107.9 112.1 115.9 118.7 121.4 123.3 124.9 126 127.5 128.9 130.3 131.8 133.8 136.1 138.5 140.9 144 146.9 147.9 149
88 86.2 84 84.1 83.3 82.6 81.7 80.5 79.3 77.5 76.2 75.8 77.4 77.9 78.5 79.5 79.8 81.4 83.1 85.3 87.1 87.1 86.8 86.8 86.6 86.6 86.5 86.6 87 87.3 87.9 88.5 88.9 88.8 88.4 87.9 88 88 87.3 86.6 86.6 86.8 87.1 87.3 87.6 88 88.7 89.3 89.9 90.2 90.9 91.9 93 94 95.7 98.8 100.4 103.8 108.2 113.1 117 119.9 122.8 125.1 127.3 128.6 129.9 131.2 132.5 134 137.4 140.2 142.9 145.8 149.3 151.2 152.9 154.1
88.2 86.7 85.2 84.8 84.2 83.1 82.3 81.1 79.9 78.1 76.7 75.5 77.3 77.7 78.2 78.8 79.5 80.8 82.4 85 86.8 86.6 86.1 85.6 85.6 85.8 85.8 86.3 86.7 87 87.4 88 88.5 88.8 88.9 89.3 89 88.8 88.4 88.2 88.2 88.2 88.1 88.1 87.9 88 88.5 89 89.6 90.1 91 91.8 93 94.2 95.2 97.7 100.2 103.7 108.5 113.4 117.8 120.7 123.8 127.2 129 130.8 132.4 133.7 134.9 137.1 141.2 144.4 147.8 150.8 153.3 155 156.7 158
89.7 88.2 86.7 85.9 84.7 83.9 82.8 81.7 80.2 78.4 77.6 76.9 77.1 77.2 77.9 78.3 79.3 80.4 82.1 84.7 85.8 85.5 85.2 84.6 84.7 84.9 85.1 86 86.5 86.7 86.9 87.5 88.1 88.7 88.8 89.6 89.9 90.1 90 89.8 89.8 89.6 89.5 89.3 88.6 88.4 88.5 89 89.6 90.3 91.1 91.9 92.8 93.6 95.7 98 100.3 104 108.8 113.7 118.5 121.6 125 128.1 130.4 132.2 134.1 135.9 137.9 140.6 144.8 148.4 151.2 154 156.3 159.1 162.6 164.7
91.1 89.6 88.1 87.2 85.3 84.5 83.4 81.9 80 78.3 76.9 76.6 77 77.8 78.4 78.2 80.3 81 81.7 83.9 84.7 84.4 84.1 84 84.2 84.4 84.9 85.7 86.1 86.3 86.6 87 87.7 88.5 89 89.7 90.3 90.6 90.8 90.8 91 91.1 90.9 90.4 89.5 88.8 88.9 89.4 90 90.6 91.3 92.2 93 94.2 95.6 97.7 100.7 104.3 109.1 114 118.7 122.8 126.1 129 131.4 133.5 135 137 140.6 144.1 148 151.3 154.3 157 160.7 164.5 167.9 171.7
92.4 91.6 90.6 87.7 86.9 85 83.8 81.9 80 78.4 76.8 76.6 77.5 78.2 78.5 78.9 79 79 81.5 83.2 83.5 83.2 83.7 83.8 84 84.2 84.7 85 85.4 85.7 85.9 86.4 87.1 87.9 88.4 89.3 90.2 90.8 91 91.3 91.3 91.5 91.6 91.2 90.1 89.3 89.5 89.7 90.2 90.8 91.6 92.5 93.3 94.6 95.9 97.6 100.6 104.5 109.4 114.7 119.6 123.7 127.3 129.9 132.3 134.3 135.6 138.7 142.7 147.1 151 153.6 156.9 159.8 163.8 169 174.8 180.5
92.9 92.1 90.9 89.5 87.8 85 83.8 82.1 80.2 79 76.7 77.4 77.9 78.2 78.4 79.1 81.3 81.2 80.8 81.9 82 82.6 83.2 83.6 83.8 83.6 83.4 83.6 84.6 85 85.3 85.8 86.5 87.1 88 88.9 89.8 90.7 90.6 91.1 91.6 91.8 91.9 91.6 90.6 90 90.2 90.4 90.6 91.3 92 92.8 93.7 95 96.4 97.9 100.9 104.6 109.2 114.5 119 123.4 127.4 130.2 132.3 133.7 135.9 139 143.7 148.3 152.3 155 158.4 162.8 167.3 174.3 183.4 190.3
93.3 91.9 90.8 88.1 86.6 84.7 83.6 82 80.3 78.6 79 77.6 77.7 77.9 78.2 79.7 80.9 81.4 81.4 79 81.4 81.9 82.5 82.8 83.2 82.6 82.1 83.4 83.2 83.8 84.5 85.3 86 86.7 87.2 88 88.9 89.3 90 90.7 91.2 91.7 91.7 91.4 90.5 90.6 90.8 90.9 91.1 91.7 92.4 93.1 94.1 95.6 97.1 98.7 101.1 104.8 108.5 113.6 118.4 123 127 129.6 131.7 132.9 135.7 139.5 144.1 148.7 152.6 156.3 160 164.1 168.9 177.9 191 197
92.9 91.2 90.2 87.5 85 83.7 82.1 80.9 79.4 80 79.5 78.3 77.7 77.7 78.1 79.5 80.9 81.7 81.7 81.8 81.6 80 81.5 82.3 81.1 83.1 83.6 83.7 81.5 83.3 84.4 85 85.7 86.3 86.7 87.2 88.1 88.7 89.4 90.1 90.7 91.3 91.4 91.1 90.7 90.7 91.3 91.5 91.8 92.3 92.9 93.6 94.5 95.7 97.2 99.6 101.2 104 107.8 112.5 117.2 121.8 125.7 128.5 130.5 132.3 134.9 139.2 144.3 148.7 152.6 156.2 159.8 163.9 168.2 175.6 190.1 196.4
91.4 89.5 88.3 86.8 85.2 83.2 82.1 80.5 80.7 81.1 80.6 79.5 79.2 78 78.3 79.7 80.9 81.8 82.1 82.6 83 82.3 82.9 82.9 83 83.2 83.7 84.2 84.3 82.3 84.1 84.7 85 86.1 86.4 86.8 87.2 88.1 88.8 89.5 90.1 90.4 90.8 90.8 90.7 90.7 91.3 91.8 92.4 92.9 93.4 94.3 95.2 96.2 97.3 100 101.4 103.9 107.2 111.5 115.8 120.5 124.4 127.2 129.4 131.2 133.8 137.8 142.9 147.6 151.7 155.3 158.6 162.7 166.4 171 179.6 189.9
89.9 88.2 86.6 85.9 84.7 82.8 81.8 80.8 81.2 81.7 82 82 81.7 78.6 79.2 79.8 80.9 81.7 82.5 83 83.4 83.5 83.3 83.4 83.5 83.6 83.9 84.4 84.8 84.6 81.7 82.9 84.2 86.1 86.7 87.5 87.9 88 88.4 89 89.3 89.6 89.9 90 90.4 90.8 91.2 91.7 92.4 93.2 93.8 94.7 95.7 96.6 97.7 100.1 101.9 104.1 107.3 110.8 115 119.2 123.1 126 128.1 130.1 132.7 136.4 141.4 145.9 149.7 153.8 157.5 161 164 167 172.3 178.8
89.3 87.6 85.8 85.2 83.9 82.4 81.5 81.5 81.3 81.8 82.3 82.8 82.8 79.9 78.6 80.1 80.5 81.3 82.1 82.8 83.1 83.4 83.7 83.8 83.9 84.1 84.3 84.6 85 84.9 85.9 85.2 85.5 86.2 86.8 87.5 87.7 87.8 88.2 88.6 89 89.5 89.7 90 90.4 90.9 91.3 92.1 92.9 93.5 93.9 94.7 95.5 96.5 98.5 100.2 101.9 104.3 107.3 110.5 113.9 117.6 121.1 124.5 126.7 128.9 131.6 135 139.5 144.3 148.2 151.6 155.4 158.4 161.5 164.4 167.6 170.2
88.7 87 85.2 84.5 83.2 82.4 82.5 82.5 82.4 82.2 82.5 82.9 82.5 80.6 79.4 78 80.8 81.5 82.1 82.6 83.3 83.6 84 84.2 84.4 84.5 84.7 84.9 85.2 85.4 85.9 86.6 85.9 84.2 87 87.3 87.6 87.8 88.6 89 89.4 89.7 89.9 90.1 90.4 90.9 91.5 92.4 93.2 93.4 94.1 94.8 95.6 96.4 98.5 100.2 101.8 104.5 107.6 110.6 113.5 116.9 120.2 123.3 125.3 127.7 130.8 134 137.8 142.7 146.1 149.6 152.9 156 159.1 162.2 164.3 166.2
87.7 86.3 84.8 84.2 83.5 83 82.8 83.1 83.3 83.1 82.6 82.4 82.2 80.5 79 81.4 81 81.3 81.9 82.4 83.3 83.9 84.2 84.6 84.8 85 85.2 85.3 85.5 85.5 85.9 86.7 86.4 84.9 86.9 87.3 87.6 88 88.9 89.3 89.7 89.9 90.1 90.3 90.5 91.1 91.6 92.3 93 93.4 94.2 94.9 95.7 96.4 97.7 99.5 101.5 105 108.8 112.5 115.1 117.7 120.1 122.8 125.7 127.5 130.7 133.6 137.2 141.2 145.1 148.9 151.4 154.6 157.7 160.3 161.9 161.8
88.1 86.5 85.6 85 84.2 83.5 83 83.2 83.1 82.6 81.8 81.7 81.5 80.5 80.5 81.5 81.3 81.1 81.6 82.1 82.9 83.9 84.4 84.9 85.5 85.6 85.8 86 86 86 86.1 86.9 86.7 86 86.8 87.1 87.6 88.3 89.2 89.6 89.9 90.1 90.2 90.5 90.8 91.4 91.8 92.2 92.8 93.5 94.2 95 95.7 96.6 98.2 100 103 106.9 110.7 114.2 116.9 119.3 121.7 124.2 126.4 128 130.5 133.2 136.7 141.1 144.5 147.7 150.1 153.1 156 158 159.4 159.1
88.8 87.1 86.3 85.5 84.2 83.6 83.3 82.7 82.4 81.8 81 80.9 80.9 78.7 81.3 81.6 81.5 81.3 81.4 81.9 82.5 83.5 84.5 85.2 85.7 86.3 86.4 86.5 86.5 86.6 86.6 86.6 86.8 86.4 84.5 84.8 86.4 88.6 89.5 89.9 90.1 90.3 90.5 91 91.2 91.7 92 92.4 93.2 93.6 94.3 95 96 97.1 98.8 101 104.7 108.8 112.7 116.2 118.8 121.1 123.4 125.7 127.2 128.8 130.5 133.3 137.4 141.5 144.9 147 149.5 151.6 154.1 156.1 156.7 156
89.4 87.8 86.6 85.4 84.2 83.7 83 82.5 81.9 81.4 80.2 80.4 80.7 80.7 81.5 81.8 81.7 81.6 81.6 81.8 82.1 83 83.9 84.9 85.6 86.2 86.3 86.1 85.9 86.2 86.6 86.7 86.9 87.2 87.7 87.8 88.1 86.6 88.6 90 90.3 90.5 91 91.6 91.6 91.9 92.4 92.8 93.5 93.7 94.4 95.5 96.6 97.7 99.7 102.2 106.3 110.4 114.5 118.1 120.9 122.9 124.9 126.5 128.1 129.5 131.7 135.6 139.8 142.7 145.2 146.7 149.2 150.9 152.2 153.2 152.8 150.8
89.6 88 86.6 85.4 84.2 83.6 82.8 82.3 82 81.8 80.7 80.8 80.5 80.7 81.5 81.8 81.9 81.9 81.9 81.9 82.3 82.4 83.3 84.3 84.9 85.4 85.1 85 85.7 86.4 86.8 86.8 87 87.5 87.9 88.1 88.6 88.5 86.5 89.6 89.8 90.8 90.9 91.4 91.6 92 92.5 93 93.3 93.7 94.5 95.6 96.8 98 100.8 103.8 107.9 112.1 116.2 119.3 121.6 123.6 125.1 126.5 128.2 130.1 133.5 137.6 141.5 144 145.2 146.7 148.2 148.2 148.2 147.1 145 142
89.4 88.1 86.6 85.4 84.2 83.4 82.7 82.7 82.7 82.6 82.3 81.2 80.8 81.1 81.7 81.8 81.7 81.7 81.8 82.4 82.5 82.6 82.8 83.5 83.8 83.8 84.2 84.8 85.4 86.2 86.6 86.9 87.2 87.6 88 87.9 88.4 89.1 88.3 85.8 89.4 90.9 90.7 91.2 91.5 91.9 91.9 91.9 91.8 93.3 94.3 95.5 96.4 97.6 100.7 104.4 108.7 113 117 119.8 121.7 123.6 125 126.4 128 130.3 134.2 138.8 142.1 143.9 144.4 144.8 145 144.1 142.1 138.7 130.2 125.7
87.6 87 85.9 84.9 84.1 83.3 83.2 83.2 83.2 82.9 82.8 82.2 81.3 81.4 81.7 81.6 81.6 81.8 82.3 82.7 82.8 82.9 83 83.3 83.5 83.8 84.2 84.7 85.2 86 86.2 86.1 87.3 87.7 87.7 87.7 88.3 89.1 89.4 88.6 88.8 89 89.5 88.5 89.6 90.4 89.3 86.9 90.2 90.9 92.7 94.3 94.4 96.3 99.3 103.9 108.4 112.5 116.2 119.5 121.4 123.1 124.3 125.5 126.8 128.8 132.1 136.8 140.2 141.2 140.6 140.6 139 137 133 124.3 122.3 127.2
86.4 85.8 85.2 84.6 84 83.6 83.6 83.7 83.5 83 82.7 82.4 82.1 81.7 81.5 82.1 82 81.9 82.8 83 83.1 83.2 83.4 83.5 83.8 84.1 84.5 85 85.5 86.1 86.8 86.7 86.7 87.8 87.3 87.5 88.1 88.8 89.2 89.2 89.3 89.8 89.1 87.2 89.9 90.8 92.4 93 92.1 90.4 87.2 86.9 88.9 93.1 95.9 102.8 107.9 111.6 114.9 117.8 119.9 121.5 123 124.2 125.4 126.5 129.1 130.6 133 133.4 133 132.5 129.7 124.7 121.3 121.4 132.8 140.2
85.7 85.1 84.5 84 84 84 84.1 84.1 83.6 82.9 82.4 82.1 82 82 82.3 82.2 82.1 82.3 83.1 83.4 83.6 83.7 83.8 83.9 84.2 84.5 84.9 85.4 85.9 86.4 87.1 87.5 87.6 88.2 88.3 88.9 89.9 90.7 91.3 92.2 93.1 93.4 94.4 92.2 94.7 95.1 96 96.8 96.5 96.2 94.8 95.4 96.4 95.3 92.4 94.8 99.2 106.1 112.9 115.9 117.6 119.2 120.4 122.2 123.3 124.5 125 124.9 125.3 125.3 124.2 122.2 120.3 118.2 119.6 129.4 137.7 139.1
85 84.6 84.5 84.4 84.4 84.5 84.5 84.2 83.5 83 82.8 82.7 82.6 82.8 82.6 82.5 82.4 82.9 83.4 83.7 84 84.1 84.2 84.4 84.7 85 85.4 85.9 86.4 86.9 87.2 88.4 88.8 89.1 89.8 90.4 91.3 93 93.5 94.3 95.8 96.5 97.3 95.8 98.7 99 99.7 100.4 100.2 100.2 100.4 99.7 100.6 100.7 98.6 96.2 91.6 96.1 94.6 101.6 113.5 115.3 117 119.4 120.8 121.6 121.7 121.5 120.5 118.9 117.3 115.9 115 116.3 117.5 119.5 122.1 124.3
85.1 84.9 84.9 84.9 84.9 84.9 84.9 84.2 83.9 83.6 83.4 83.2 83.2 83 83 82.9 83.1 83.4 83.7 84 84.3 84.6 85.3 84.9 85.1 85.5 85.9 86.4 86.9 87.4 87.6 88.4 89.5 91 91.7 92.4 93.9 94.7 95.5 97 99 99.8 100.7 100.4 103.3 103.5 103.4 104.5 104.6 104.2 104.3 104.5 105 104.3 102.6 100.1 94.3 100.7 99.3 94.6 95.2 104.2 107 112.1 115.4 116.9 116.9 115.8 114.3 111.5 111.7 115 117.5 117.2 117.3 119.5 121.5 121.3
85.3 85.2 85.2 85.3 85.3 85.3 85.1 84.8 84.4 84.2 84.1 83.9 83.8 83.7 83.6 83.5 83.6 83.7 84 84.3 84.6 85 85.4 85.9 86.1 86.2 86.3 86.9 87.4 87.9 88.5 89.3 90.4 92.4 93.9 95.2 96.9 98.1 99.5 101.1 102.9 103.9 105.6 106.4 107.2 107.6 107.2 108.6 108.9 108.9 108.5 108 107.9 106 104.5 98.5 102.2 105.2 110.1 111.8 105.6 94.6 99.6 95.1 101.5 104.2 104.9 105.3 106.2 111.1 120.1 126.9 134.4 133.4 126.7 123.5 128.3 135.5
85.5 85.5 85.6 85.6 85.7 85.8 85.5 85.2 85.1 84.9 84.7 84.6 84.4 84.3 84.3 84.2 84.2 84.3 84.4 84.6 84.9 85.3 85.6 86.1 86.8 87.1 87 87.3 88 89.2 90.4 91.5 92.6 95.5 97.2 99.2 101.3 103.4 104.7 106 108 109 109.7 111 111.6 112.3 112.7 112.6 111.2 111.6 111 110.5 109.3 107.9 103.6 98.7 107.1 110.7 112.9 114.8 115 114.5 114.5 106.5 104.2 106.7 107.1 109.9 115.1 115.6 125.9 137.7 140.8 140.9 131.2 126.1 134.9 142.6
85.9 85.9 86 86.1 86.1 86.1 85.8 85.8 85.8 85.6 85.4 85.2 85.1 85 84.9 84.8 84.8 84.9 85 85.1 85.3 85.6 85.9 86.7 87.6 88.2 88.4 88.3 88.9 90.6 92.8 94.1 95.8 98.9 100.3 104 106.1 108.6 110.1 111.5 112.9 113.9 114.5 115.3 115.4 116.1 116 116.4 114.4 113.4 113.1 111.9 110.6 105.1 99 105.1 109.4 113 115.9 117.8 116.8 116.5 116.1 111.9 113.3 116 119 120.9 120.7 115 123.3 138.1 143.9 144 132 130.2 143.9 146.4
86.3 86.4 86.4 86.5 86.6 86.5 86.3 86.4 86.5 86.4 86.2 86 85.7 85.6 85.5 85.5 85.4 85.5 85.6 85.6 85.8 86.4 87 87.7 88.5 89.1 89.4 89.6 90.3 91.9 94.1 96.4 99.8 102.9 106.7 108.8 111.3 113.8 115.7 117.3 118.2 118.6 119 119.1 119.2 119.2 119.2 119 118.2 116.9 112.7 110.8 104.4 101.7 105 108.9 113.4 116 118 119.3 118.8 118.8 117.5 113 117.8 121.2 124.6 128.9 129.7 117 120.7 134.8 146.6 146.5 135.4 135.5 149.1 155.7
86.7 86.8 86.9 86.9 87 86.8 86.9 87 87.1 87.2 87 86.6 86.3 86.2 86.2 86.1 86.4 86.3 86.3 86.4 86.6 87.1 87.9 88.6 89.4 90 90.3 90.7 91.6 93.7 96.2 100 104.4 108 112 114.1 116.8 118.9 122 120.8 122.7 122.5 122.6 122.7 122.6 122.1 121.9 121.1 119.8 118 114.6 105.2 100.6 104 108.9 113.6 116 117.8 119.7 120.6 120.6 119.8 117.1 115.4 122.1 127.1 133.5 136.9 135.9 120.9 119.4 133.5 148.9 149.9 141.2 143.8 157.7 162.5
87.2 87.2 87.3 87.3 87.4 87.4 87.5 87.6 87.7 87.8 87.6 87.3 87 86.8 86.9 87.3 87.7 87.8 87.7 87.6 87.4 88.1 88.9 89.6 90.3 90.8 91.2 91.7 93.4 96.4 100.3 104.7 109.4 114.3 116.9 112 121.7 123.3 124.2 125.9 125.2 125.9 125.9 125.5 125 124 123 120.9 115.7 110.9 107.2 104.9 109.2 110.4 112 115 117.9 119.5 121.3 122.5 122.3 120.5 117.5 119.9 126.2 133.6 139 140.7 138.5 123.6 119.7 132.4 149.8 153.6 147.2 152 162.4 168.5
