UK/data/nc/nc03_OST50GRID_20230518/NC03.asc
ncols 200
nrows 200
xllcorner 200000
yllcorner 930000
cellsize 50
[rows 114 to 151 of 200, columns 0 to 83 of 200]
-1.9 -1.9 -1.9 -1.9 -1.9 -1.9 -1.9 -1.9 -1.9 -1.9 -1.9 -1.9 -1.9 -1.9 -1.9 -1.9 -1.9 -1.9 1.2 78.6 89.5 97.9 107.5 115.1 118.3 118.4 119.4 120.4 120.9 122.1 118 116.8 119.5 122 122.2 115.5 113.5 111.2 109 102.9 98.9 97 96.7 95.3 95.6 95.9 63.2 11.5 1.2 -1.9 -1.9 -1.9 -1.9 -1.9 -1.9 -1.9 -1.9 -1.9 -1.9 -1.9 -1.9 -1.9 -1.9 -1.9 -1.9 -1.9 -1.9 -1.9 -1.9 -1.9 -1.9 -1.9 -1.9 -1.9 -1.9 -1.9 -1.9 -1.9 -1.9 -1.9 -1.9 -1.9 -1.9 -1.9
-1.9 -1.9 -1.9 -1.9 -1.9 -1.9 -1.9 -1.9 -1.9 -1.9 -1.9 -1.9 -1.9 -1.9 -1.9 5.8 28 0.9 70.7 80.7 95.1 107.5 115 118.3 120.5 121.1 123.4 123.2 124.4 120.7 115.4 112.6 117.8 120.7 115.8 112.5 110.5 110.2 109.1 106.3 98.8 96.9 97 97.2 95.7 93.4 89.7 68.8 2.3 0.2 -1.9 -1.9 -1.9 -0.9 -1.9 -1.9 -1.9 1 4.7 41.5 -1.9 -1.9 -1.9 -1.9 -1.9 -1.9 -1.9 -1.9 -1.9 -1.9 -1.9 -1.9 -1.9 -1.9 -1.9 -1.9 -1.9 -1.9 -1.9 -1.9 -1.9 -1.9 -1.9 -1.9
-1.9 -1.9 -1.9 -1.9 -1.9 -1.9 -1.9 -1.9 -1.9 -1.9 -1.9 -1.9 -1.9 -1.9 -1.9 7 36.5 57.7 69.5 87.4 100.8 111.2 115.8 121.3 122.3 122.5 126.3 128 129 121 112.6 111.8 110.9 112 112.2 110.8 110.3 110.1 109.5 108.4 99.6 97.4 97 95.3 93.1 89.6 83.4 65.5 13.9 1 -0.5 -0.3 0.4 1.3 1.6 2.1 5.4 19 63.1 70.5 48.1 12.3 48.6 15.1 -1.9 -1.9 -1.9 -1.9 -1.9 -1.9 -1.9 -1.9 -1.9 -1.9 -1.9 -1.9 -1.9 -1.9 -1.9 -1.9 -1.9 -1.9 -1.9 -1.9
-1.9 -1.9 -1.9 -1.9 -1.9 -1.9 -1.9 -1.9 -1.9 -1.9 -1.9 -1.9 -1.9 -1.9 -1.9 11.1 41.3 57.5 68.7 84.6 99.1 109.8 115.7 121.3 125.6 125.3 130.8 130.9 129.4 121.8 113.5 111.2 110.4 110.7 111.5 110.4 110.8 110.5 112.2 109.3 102.1 98.9 97.1 93.2 89.3 83.9 79.3 68.1 27.1 2.2 1.6 1.6 2.2 18.1 44.8 37.6 69.7 67.5 70.8 72.2 74.4 76.2 69 49.9 8.6 -1.9 -1.9 -1.9 -1.9 -1.9 -1.9 -1.9 -1.9 -1.9 -1.9 -1.9 -1.9 -1.9 -1.9 -1.9 -1.9 -1.9 -1.9 0.7
-1.9 -1.9 -1.9 -1.9 -1.9 -1.9 -1.9 -1.9 -1.9 -1.9 -1.9 -1.9 -1.9 -1.9 -1.9 3.5 43.9 62.5 71.1 83.1 95.5 105.1 112 120.2 124.6 124.3 130.3 131.2 129.8 120 112.7 110.6 110.1 110 110.7 110.4 113.3 115.7 115.8 112.7 104.7 100.4 97.8 91.6 85 79.2 75.4 66.5 61.6 63.7 37.5 59.9 61.1 64.7 68.9 71.9 70.3 69.5 73.5 75 74.1 74.3 69.1 62 57.4 2.1 -1.9 -1.9 -1.9 -1.9 -1.9 -1.9 2.3 2.2 -1.9 -1.9 -1.9 -1.9 -1.9 -1.9 -1.9 -1.9 2.6 2.3
-1.9 -1.9 -1.9 -1.9 -1.9 -1.9 -1.9 -1.9 -1.9 -1.9 -1.9 -1.9 -1.9 -1.9 -1.9 3.6 49.3 64 72 84.8 96.8 105.6 109.8 111.5 114.9 125.4 129.6 131.2 128.2 118.2 113.4 111.5 110 109.4 111.1 113.8 114.6 115.3 115.9 112.1 105.8 98.6 93.1 86.9 81.7 76.9 74.5 74.4 75.5 74.6 74.1 70.9 64.9 62.8 64.4 68.2 68.2 69.1 72.2 74.9 73.8 70.2 66.1 61.4 58.3 51.9 5.1 1.6 -1.9 -1.9 -1.9 -1.9 4.4 5.3 -1.9 -1.9 -1.9 -1.9 -1.9 -1.9 -1.9 0.5 2.6 8.2
-1.9 -1.9 -1.9 -1.9 -1.9 -1.9 -1.9 -1.9 -1.9 -1.9 -1.9 -1.9 -1.9 -1.9 -1.9 5.2 36.6 62.5 72.4 84.2 96.9 104.2 107.1 110.7 118 124.3 129 130.1 128.4 117.2 114.1 110.9 110.2 108.1 109.3 111.3 110.1 109.9 109.7 106.3 102.3 93.6 85.2 79.1 75.8 73.9 71.3 74.2 74.6 74.1 73.9 70.7 62.5 60.5 61.1 64.2 64.8 67.4 70.3 73.6 71.8 68.1 61.7 58.8 54.3 47 42.9 19 2.4 -1.9 -1.9 15.2 14.1 24.7 21 18.2 -1.9 -1.9 -1.9 -1.9 -1.9 4 10.8 9.4
-1.9 -1.9 -1.9 -1.9 -1.9 -1.9 -1.9 -1.9 -1.9 -1.9 -1.9 -1.9 -1.9 -1.9 -1.9 -0.9 12.9 56.3 72.4 84.9 97.3 99.7 106.2 110.7 118.2 124.9 126.9 124.8 120.9 115 113.7 111.1 109.9 105.6 103.1 104.2 102.3 99.7 98 95.8 92.4 83.7 77.4 74.3 72.3 70 70.2 73.7 73.4 71.5 70.1 67.2 60.4 58.1 57.9 58.1 60.2 63.6 66.2 67.5 65.2 62.8 59.8 56.6 52.7 46.4 42.3 40.4 37.3 31 28.5 24.8 22.7 27.1 30.2 31.1 30.1 28.5 25.1 18.8 18.9 15.7 14.6 14.6
-1.9 -1.9 -1.9 -1.9 -1.9 -1.9 -1.9 -1.9 -1.9 -1.9 -1.9 -1.9 -1.9 -1.9 -1.9 -1.9 1.8 30.5 68.4 81.7 91.5 101.1 106.3 110 115.1 121.4 123.5 122.3 118.5 112.4 112.8 112 110.4 106.9 101.3 96.8 96.1 92.9 91.3 89.2 83.4 77.5 73.4 70.5 68.8 67.4 68.4 69.8 68.5 66.6 64.1 61.9 58.4 56.5 54.1 54.4 56.6 59.3 59.7 60.4 60.3 58.3 57.7 57.6 55 47.3 43.9 39.3 36.6 32.3 33 31.4 29.7 35.4 35.1 33.9 33.1 29.3 25.2 20.2 16.8 13.5 11.5 -1.9
-1.9 -1.9 -1.9 -1.9 -1.9 -1.9 -1.9 -1.9 -1.9 -1.9 -1.9 -1.9 -1.9 -1.9 -1.9 -1.9 0.7 28.8 72.6 84.6 93.6 102.9 108.2 113.3 117.6 115.9 117.4 114.4 110 108.6 109.1 107.1 107.1 105 97.5 88.9 87.1 84.7 83.7 81.9 77.9 73.8 71.6 68.2 66.4 65.4 65.5 65.7 65.4 65 62.4 58.6 56.2 55.1 53.2 53.1 55 54.4 56.9 59.1 57.7 55.4 59.3 60.9 57.3 49.8 43.2 38.3 35.6 33.2 35 36.4 40.8 40.6 37.3 35.3 29.1 25.8 21 16.9 13.7 8.5 0.8 -1.9
-1.9 -1.9 -1.9 -1.9 -1.9 -1.9 -1.9 -1.9 -1.9 -1.9 -1.9 -1.9 -1.9 -1.9 -1.9 -1.9 2.4 40 77.1 87.8 93 97.8 104.8 112 114.9 116.8 111.1 106.5 99.7 98.9 100.2 100.8 99 97 89.9 86.4 85.4 84.2 83 80.9 79.1 75.3 70.4 67 64.2 63.5 64.1 63.6 64 63.1 61.1 58.2 55.7 53.9 52.6 53.3 54.7 54.6 53 56.4 56.1 53.9 58.9 57.5 54.2 47.4 42.6 39.8 36.5 34.8 35.3 40.1 43 40.5 37.4 30.8 24.5 20.1 17.4 14.7 10.5 3.3 1.7 -1.9
-1.9 -1.9 -1.9 -1.9 -1.9 -1.9 -1.9 -1.9 -1.9 -1.9 -1.9 -1.9 -1.9 -1.9 -1.9 -1.9 54.6 70.3 77.3 84.5 88.1 92 97.8 103.3 104.2 107.2 99 96.2 91.5 91.3 92.7 93.6 94.3 89.9 87 85.2 84.5 83.4 83.7 81.2 78.6 74.9 69.5 64.8 62.5 62.1 62.5 61 60.3 59.1 58.5 56.1 55.1 53.8 52.2 52.1 54.8 54.8 54.7 54.5 54.1 52.3 52.6 52.3 49.9 46.1 42.5 40.2 35.4 36.3 37.6 42.2 38.5 33.7 26.6 22.3 18.9 16.5 12.7 10.1 9.2 2.2 -1.9 -1.9
-1.9 -1.9 -1.9 -1.9 -1.9 -1.9 -1.9 -1.9 -1.9 -1.9 -1.9 -1.9 -1.9 -1.9 -1.9 20.1 61 71.6 75.2 77.3 81.6 90 95.9 91.8 94.1 91.3 90.4 90 90 90 90.2 90.2 89.9 87.8 87 85.1 83.7 83.3 82.6 81.4 77.4 72.2 66.2 61.9 60 59.7 59.3 58 57.3 57.8 56.8 56 55 53.3 52.3 51.5 54.8 54.6 53.7 52.1 51.2 50.5 51.7 50.6 47.7 43.8 38.8 37 35.3 34.3 37.7 35.7 31.3 26 21.5 18.3 15.4 12.3 9.5 7.7 5.8 0.4 -1.9 -1.9
-1.9 -1.9 -1.9 -1.9 -1.9 -1.9 -1.9 -1.9 -1.9 -1.9 -1.9 -1.9 -1.9 -1.9 2 29.7 63.4 71.7 71.7 73.4 76.4 81.2 89.1 86.7 93.4 96.1 95.5 93.7 93.6 92.7 90.3 90 89.9 88 87.6 85.3 84.3 83.4 82.1 81.2 75.5 69.4 63.5 59.1 57.5 57.6 56.1 56.4 56.9 58 57.9 56.9 56.4 55.1 52.8 51.5 51.3 50.8 51.1 51.6 50.5 49.5 49.5 48.8 46.8 39.4 35.9 34.8 33.9 33.6 33.1 31.5 27.9 24.6 19.1 16.3 14.2 11.6 8.9 7.9 4.3 0.4 -1.9 -1.9
-1.9 -1.9 -1.9 -1.9 -1.9 -1.9 -1.9 -1.9 -1.9 -1.9 -1.9 -1.9 -1.9 -1.9 -1.9 27.7 60.5 69.9 70.6 68.4 66.6 72.8 84.9 89.5 89.4 95.3 98.4 101.3 96.9 94.3 91 90 89.9 88.6 87.5 85.9 85 84.2 82.5 79.5 71.5 66.3 60.9 56.5 55.2 56.1 55.3 56.2 56.3 56.8 56.7 58 58.9 56.6 52.1 51.6 51.4 51.2 51 51.2 50.5 49.5 49.2 49.3 45.5 38.1 35.5 34.3 34 32.1 31.6 30.6 25.3 20.7 16.8 13.4 11.4 9.8 8.5 7.4 2 0.2 -1.9 -1.9
-1.9 -1.9 -1.9 -1.9 -1.9 -1.9 -1.9 -1.9 -1.9 -1.9 -1.9 -1.9 -1.9 -1.9 1.7 33.9 55.9 64.2 53.4 66.2 71.8 79.3 82.5 85 93 99.2 106.3 103.4 102.4 99.9 97.3 95.9 91.4 91.5 90 88.1 87.6 87.7 83.6 77.9 70 63.9 59.8 54.4 54.8 54.8 54.6 56 56.8 59.9 58.9 59.2 58.7 56.4 52.8 52.7 51.6 51.2 51.2 51.2 51.4 50.4 49.4 49.2 43.7 37.4 35.1 34.2 34.2 32.9 30.4 27.6 22.4 17.5 13.8 11.9 10.5 9.4 8.3 8.1 1.7 0.2 -1.9 -1.9
-1.9 -1.9 -1.9 -1.9 -1.9 -1.9 -1.9 -1.9 -1.9 -1.9 -1.9 -1.9 -1.9 -1.9 -1.9 1.7 33.5 60.8 67.7 67.5 76 86 85.7 87.8 89.1 92.2 99.9 105.1 104.4 103.8 100.3 99.7 99.5 95.7 93.4 89.9 88.6 88.1 84.4 78.2 73.5 65.1 57 54.8 54.8 54.8 54.8 54.9 56.1 58.7 60.7 61.7 59.7 59.8 58.9 57.5 56.7 54.8 54.9 53.8 51.6 50.9 49.6 46.9 41.6 37.1 34.9 34.2 33.3 32.3 29.8 24.5 19.7 14.9 11.7 10.9 9.5 10 8.5 5.6 1.4 0 -1.9 -1.9
-1.9 -1.9 -1.9 -1.9 -1.9 -1.9 -1.9 -1.9 -1.9 -1.9 -1.9 -1.9 -1.9 -1.9 -1.9 1.4 36.5 68.9 71.9 70.2 73.5 86.4 89.4 89 88.8 89.2 94 99.1 104.5 109.1 114.9 106.5 104 99 95.9 92.8 89.4 88.2 85.5 82.3 77.7 70.2 60.3 54.8 54.8 54.8 54.8 54.8 54.7 57.2 61.3 62.8 63.8 63.5 64.8 64.9 65.4 61.3 57.2 55.8 53.7 53.9 50.1 46.2 43.8 37.6 34.7 33.2 32.4 31.5 28.2 22.1 16.6 12 10.3 9.3 8.6 9.5 8.7 2.2 0.9 -0.4 -1.9 -1.9
-1.9 -1.9 -1.9 -1.9 -1.9 -1.9 -1.9 -1.9 -1.9 -1.9 -1.9 -1.9 -1.9 -1.9 -1.9 12.9 69.3 71.1 72.8 73.3 82.3 87.2 90.2 89.1 90.8 89.9 92 94.5 98.9 108.5 119.1 116.7 106.5 102 98.1 94.5 91 89.3 88.4 84.9 79.9 72.8 62.1 55.2 54.8 54.8 54.8 54.8 54.8 56.3 61.6 64.9 65.4 66.9 69.3 70 69.9 65.8 61.5 57.4 56.3 55.6 52 46.4 45.9 40.2 35 33.2 31.7 28.7 25.1 20.4 14.9 12.3 9.8 7.9 7.4 7.1 7.6 1.8 0.4 -0.9 -1.9 -1.9
-1.9 -1.9 -1.9 -1.9 -1.9 -1.9 -1.9 -1.9 -1.9 -1.9 -1.9 -1.9 0.9 -1.9 8.7 68.7 71.9 72.4 73.6 77.2 83.2 90.9 88.9 89.7 91.6 91.7 93 93.1 96.4 102.3 107.9 111.2 106.5 104 101.1 98.8 93.5 91.7 89.9 85.9 80.8 75.1 66 59.3 54.8 54.8 54.8 54.8 54.8 55.2 58.8 62.5 65.3 68.2 70.4 73.6 72.6 70.3 67.1 61.2 60.1 56.9 52.3 47.7 46.4 41.7 37.3 34.6 31.4 28 22.1 17.7 14.8 13.2 10 8.6 6.6 5.7 5.7 1.4 -0.1 -1.9 -1.9 -1.9
-1.9 -1.9 -1.9 -1.9 -1.9 -1.9 -1.9 -1.9 -1.9 -1.9 -1.9 -1.9 -1.9 12.2 65.8 72.3 73.9 75 74.8 80.8 86.6 90.6 88.7 89.3 94 95.1 93 92.6 93 96.9 101.2 104.8 106.3 106.6 102.8 99.1 95.2 93.3 89.9 85.9 82.4 77.2 70.5 63 55 54.8 54.8 54.8 54.8 55.2 57.9 62.1 64.7 66.5 71.3 73.8 72.7 73 68 66.8 64.8 61.4 58 52.3 46.6 44.8 37.8 33.1 28.7 24.7 20.4 16.6 13.7 11.6 10 7.4 6 -1.1 1.6 -0.1 -1.9 -1.9 -1.9 -1.9
-1.9 -1.9 -1.9 -1.9 -1.9 -1.9 -1.9 -1.9 -1.9 -1.9 -1.9 -1.9 2.3 39.9 69.1 72.3 75.2 78.6 76.3 81.5 85.3 89.6 88.3 89.1 94.8 93.7 90.6 90.3 90.8 93.1 97.7 102.9 107.6 106.8 102.3 98.1 94.2 93 89 84 82.9 80.5 75.9 69.3 60.3 54.8 54.8 54.8 54.8 54 55.9 58.9 60.3 64.5 70.6 69.3 70.5 71.3 67.1 65.9 66 63.3 58.2 53.7 49 41.4 34.6 30.6 27 23.4 19.1 15.4 13.1 10.8 9.9 6.7 3.1 0.1 -0.8 -1.9 -1.9 -1.9 -1.9 -1.9
-1.9 -1.9 -1.9 -1.9 -1.9 -1.9 -1.9 -1.9 -1.9 -1.9 -1.9 2.7 52.6 73 72.2 73.7 77.3 77.3 78.1 82.9 85.3 87.1 88.3 87.5 89.8 89.5 86.6 88.2 90 94.5 99.4 103.3 107 111 106 98.3 92.9 91 87.2 81.9 80.5 79.2 74 70.2 65 54.8 54.8 54.8 54.8 54.8 55.4 57.6 59.1 61.9 63.7 65.1 67.2 66.3 64.6 65.1 65.7 62 58.5 52.4 45.9 39.8 34.1 31.2 27.8 23.3 17.9 15.7 14.2 12.5 13.7 9.3 3 1.1 -0.2 -1.9 -1.9 -1.9 -1.9 -1.9
-1.9 -1.9 -1.9 -1.9 -1.9 -1.9 -1.9 -1.9 -1.9 -1.9 -1.9 2.4 63 71.9 71.4 74.4 76.3 79.6 80.4 82.3 85.4 86.2 86.7 86.3 82.7 81.4 79.8 80.9 85.7 94.5 97.6 101.6 103.1 107.8 106.2 93.4 88.6 86.1 83.2 80.1 79.4 77.3 74.5 70.7 66.8 58.8 54.8 54.8 54.8 54.8 54.8 54.5 57.8 60.3 60.7 62.2 66.6 65.4 62.4 63.1 61.7 60.3 56.1 50.5 45.5 39.9 34 31.3 28.1 23.2 17.8 15.9 14.6 13.4 12.7 11.7 5.9 1.4 0 -1.9 -1.9 -1.9 -1.9 -1.9
-1.9 -1.9 -1.9 -1.9 -1.9 -1.9 2 -1.9 -1.9 -1.9 -1.9 6.7 67.8 69.1 71.3 72.5 74.7 78.8 80 83.8 86.7 84.5 84.5 83.1 78.5 76 75.4 75.8 81.6 89.3 93.9 96.4 100.6 104.6 97.4 89.6 84.8 83.6 82.2 81.1 80.4 81.1 76.2 73 68.8 62.9 54.8 54.8 54.8 54.8 54.8 54.8 56.6 58.5 58.6 59.7 62.6 61.5 61.9 61 61.1 59.4 57.1 48.6 49.5 41.7 33.6 30.7 26.6 22.6 18.3 16.1 15.3 16 15 14.6 12.1 2.3 1.7 1.3 1.7 2.1 3.1 3
-1.9 -1.9 -1.9 -1.9 -1.9 1.9 2.3 46.8 1.6 0.8 2.4 47.9 64.1 67.5 70.8 73.4 76.6 78.7 80.6 82.8 84.8 82.8 83.7 79.8 78.3 76.8 75.9 75.5 77.3 82.5 87.3 91.1 96.2 97.2 88.6 82.9 80.8 81.8 80.2 80.5 80.5 81.2 74.9 72.9 70 63.7 54.8 54.8 54.8 54.8 54.8 54.8 54.3 56.3 56.8 57.5 60.5 61.2 61.7 61.4 62 61.1 59.8 53.7 52.1 45 38.1 35.5 30.7 24.4 18.9 17.1 16.3 17.6 18.3 21.1 24.4 24.2 10.1 10.5 14.8 15.9 18 15.6
-1.9 -1.9 -1.9 -1.9 -1.9 4.2 38.5 50.9 34.2 8.8 41.2 54.9 60.8 65.7 70.3 74.9 80.8 77.7 77.7 81.8 83.5 83 82.7 78.3 76.8 75.2 75.6 75.3 77.3 78.5 81.7 82.7 83.1 83 81 78 78.2 79.1 80.6 78.9 78.4 75.9 73.6 72 68.3 63.6 56.5 54.8 54.8 54.8 54.8 54.8 54.8 54.8 54.3 56.7 58.2 59.3 60.8 64.6 64.1 66.6 63.1 59.6 54.6 49.8 44.4 39.9 35.4 28.7 23.6 17.5 17.1 15.7 15.5 14 13.3 13.3 13.3 13.9 19.6 21.8 22.8 16.5
-1.9 -1.9 -1.9 -1.9 -1.9 1.6 37.4 47.6 33.2 30 45.7 53.4 59.9 64.7 67.9 76.6 77.1 73.1 75.1 79 80.7 81.3 79.2 75.4 72.1 71 71 73.4 76.2 76.9 76.5 75.4 76.3 76 75.5 74.8 76 79.4 80.3 77.6 76.5 75.9 73.7 70 70.1 64.4 57.4 54.8 54.8 54.8 54.8 54.8 54.8 54.8 54.8 56.1 57.9 59 62.7 65.8 66.6 66 64.6 61.9 58.5 53.9 49.4 43.3 39.4 32.3 24.7 18 15.6 14.3 13.9 12.8 12.8 12.2 11.9 15.4 20.4 25 26 20.2
-1.9 -1.9 -1.9 -1.9 -1.9 -1.9 27.5 47.3 29 32.3 46.1 52.4 59.1 62.6 68.4 74.2 71.1 71.5 72.9 74.4 75.2 77.1 76.4 71.2 69.7 69.2 68.4 68.9 66.4 66.3 66.4 68.2 70.3 71.5 71.9 72.2 75.5 78.3 79.1 76.6 74.9 72.8 70.5 66.2 63.4 59.7 56.8 54.8 54.8 54.8 54.8 54.8 54.8 54.8 54.8 56 56.8 58.5 63.3 67.4 68.7 67.9 65.5 63.7 61 56.8 55.6 50.7 45.6 40.4 33.3 25 17.1 15.8 14.8 15.5 13.6 13 13.5 15.8 22.1 27.2 21.9 19.3
-1.9 -1.9 -1.9 -1.9 -1.9 -1.9 -1.9 35.2 30.5 33.8 44.2 51 56.8 60.1 67.4 67.7 65.9 67 69 70.2 71.8 74.7 73 70 69.4 67.8 67.2 66.7 65.9 62.2 62.8 64.6 66.1 67.6 68.5 69.7 72.3 76.2 77.3 75.5 74.1 70.7 67.1 64 60.5 58 55.4 54.8 54.8 54.8 54.8 54.8 54.8 54.8 54.8 54.8 56.5 60.2 62.3 67.6 68.3 66.8 66.5 65.7 63.4 60.9 58.2 55.3 52.1 47.3 41 29.8 18.8 17.5 17.7 19 15.7 15 16.8 19.2 19.4 19.2 18.2 19.1
-1.9 -1.9 -1.9 -1.9 -1.9 -1.9 -1.9 18.9 30.1 34.8 40.8 47.1 53.4 57.1 62.1 62.3 62.8 64.9 68.4 68.6 71.7 71.8 70.1 69.3 67.8 65.8 65.5 63.2 60.9 61.2 62.7 60.6 62.8 65.7 66.7 67.5 69 71.6 73.1 73.7 73.7 70.9 68 63.5 59.7 57.1 54.8 54.8 54.8 54.8 54.8 54.8 54.8 54.8 54.8 54.8 56.9 59.4 62.1 64.3 66.3 69.2 70.5 69.8 68.2 64.5 60.9 59.3 56.1 52.1 42.8 32.4 24.3 22.9 21.2 19.8 17 17.3 20.8 24.4 20.9 18.2 18.9 26.8
-1.9 -1.9 -1.9 -1.9 -1.9 -1.9 -1.9 2.2 25 35 39.9 43.1 49.4 53.3 58.2 60.9 61.8 64.5 67.1 68.8 70.3 71.8 71.3 68.9 66.7 64.5 62.8 62.9 59.6 59.8 58.1 58.5 59 61.6 63.8 64.9 66.4 67.5 70.1 73.1 72.5 71.4 67.1 61 57.9 56.2 54.8 54.8 54.8 54.8 54.8 54.8 54.8 54.8 54.8 54.4 55.8 57.3 60.7 66.2 69.1 71.6 73.5 72.3 68.4 61.6 60.2 60.5 57.5 54.6 47.8 40.6 35.4 29 23.2 20.5 20.1 21.1 20.9 21.5 19.7 22.2 27.4 34.9
-1.9 -1.9 -1.9 -1.9 -1.9 -1.9 4.5 3.6 25.8 32.7 43 44.9 48.8 52.4 55 58.2 62.8 66.7 69.1 70.8 72.1 71.1 71.9 70 66.5 63.4 61.3 60.4 58.4 57.3 56.3 55.4 55.9 58.7 60.1 61.2 64.5 66.8 68.1 70.6 69.9 68.5 65.5 57.4 56.8 55 54.8 54.8 54.8 54.8 54.8 54.8 54.8 54.8 54.8 54.8 55.1 58.3 61.8 66 69.2 72.3 74.2 73.6 70.1 63.7 63.9 62.8 57 57.7 51.6 47.6 39.4 31.4 24.8 24.3 24.4 21.4 21.4 20.8 20.2 23.3 35.3 40.6
-1.9 -1.9 -1.9 -1.9 -1.9 -1.9 20.7 24.3 28.4 30.2 40.2 44.2 47.6 52.3 56 61.1 63.6 68.9 71.5 75.5 75 72.9 72.5 69.3 65.7 63.7 60.7 59.7 57 55.1 54.2 53.8 53.2 55.2 55.9 57.6 62.2 63.9 66.2 67 66.6 66.1 60.3 54.4 53.4 54.8 54.8 54.8 54.8 54.8 54.8 54.8 54.8 54.8 54.8 54.1 55.6 57.5 61.9 65.4 68.5 73.8 76.2 77.9 74.2 71.4 68.4 66.7 57.8 53.3 51.2 45.9 38.7 32.9 26 24.4 24.5 22.5 21.7 21.8 21.7 34.8 38.6 43
-1.9 -1.9 -1.9 -1.9 -1.9 7.8 23.5 25.3 28.6 29.2 35.7 40.6 44.4 51.3 55.9 60.2 64.8 71.8 73 73.6 76.6 74.4 71.3 68.1 64.6 63.4 60.1 57.3 55.6 53.8 51.8 51.1 50.4 51.1 52.7 54.1 57.7 60.3 61.7 60.1 62.2 61.8 55.3 51.4 56.1 54.8 54.8 54.8 54.8 54.8 54.8 54.8 54.8 54.8 54.8 54.8 55.6 59.4 63.3 65.8 69.6 72 74.6 76 75.4 73.8 71.7 64.5 58.2 54.3 49 42.6 38.6 35.8 30.3 26.6 25.3 26.2 24 25.3 29.7 36 43.5 47.1
-1.9 -1.9 -1.9 -1.9 -1.9 5.3 22.1 19.2 25.7 27.6 33.2 36.6 39.1 48.7 56.4 63.6 67.1 69.3 70.8 72.5 75.4 73.8 70 64.3 61.7 60.7 58 54.9 53.8 51.9 49.6 49.7 48.9 49.1 50.8 51.5 52.3 55 56.2 58.2 58.3 56 50.4 53.9 54.9 54.8 54.9 54.8 54.8 54.8 54.8 54.1 54.4 55.1 56.6 56.2 57.5 60.9 63.4 67.6 71.1 73.2 75.7 76.4 76.4 75.8 68.9 63.9 59.7 54.7 49.4 43 40 39.4 40.3 33.1 28.9 34.1 42 39.7 37.3 45 49.2 49.8
-1.9 -1.9 -1.9 -1.9 -1.9 5 2.4 1.8 14.2 23.6 25.7 31.4 32.1 43 53.2 58.7 60.7 63.3 65.3 69.1 72.1 69.5 64.5 58.7 58.5 54.7 52.6 50.4 50.9 48.8 47.6 47.6 47.5 48.9 49.2 49.5 50.1 51.5 54.3 54.4 52.7 48.3 52.1 56 55.4 57.5 55.2 54.8 54.8 53.9 55.5 56.9 57.2 58.6 58.3 58.6 59.9 62.1 66 70.8 74.8 77.5 79.4 80 81.1 80.4 70.5 63.7 60.1 55.3 55.6 46.9 45.6 42 44.4 38.3 37.2 37 41.2 46.5 48.8 45.4 48.8 57.3
-1.9 -1.9 -1.9 -1.9 -1.9 -1.9 -1.9 -1.9 2.4 19.7 19.4 21 23.3 30.9 41.3 52.2 57.3 58.1 54.1 56.7 58.6 55.6 53.6 47.9 49.4 48 46.1 46.6 46.4 44.5 44.7 45.1 45.7 47.1 48.1 49.1 48.5 49.1 51.4 50.7 48.9 46.5 51.4 57.1 57.7 56.3 55.9 56 58.5 61.2 62.4 59.1 59.1 59.7 60.3 61.9 64.2 67.3 72.5 74.8 78.6 81.4 83 85.9 86.4 82.8 70.2 63.2 58.3 53.4 51.9 47.8 46.5 46.9 45.6 43.3 40.8 40.1 47.7 55 54.2 53.7 59.6 63.8
