WholeMapElevations/data/sx/sx15_OST50GRID_20230518/SX15.asc
ncols 200
nrows 200
xllcorner 210000
yllcorner 50000
cellsize 50
[rows 74 to 110 of 200, columns 84 to 167 of 200]
39.4 39.4 39.6 41.3 44.6 50 59.5 72.1 81.2 87.9 92.4 95 96.9 97 96.1 93.3 90.2 87 82.5 75.9 63.1 47.2 35.1 25.5 21.3 28.2 45.7 57 57.5 54.6 53.9 55.3 59.5 65 72.3 79.5 84.2 87.6 90.8 94.1 97.5 100.9 103.2 104.4 104.4 103.1 101.5 98.3 94.9 93.1 94.2 96.5 98.9 101 102.4 102.1 99.2 90.7 85.5 92.3 99.8 106 111.6 115.6 117.6 118.3 118 116.3 114 110.5 105.9 100.5 95.1 89.6 83.7 86.8 93.9 100.2 105.9 111.5 116.7 119.7 121.5 122.3
46.3 46.6 46.1 46.4 49.1 54.4 64.5 73.8 81.4 87 91.3 93.3 94.1 93.7 91.4 88.2 84 79.3 73.7 65 50.8 38.3 28.1 21.1 22.3 27.4 35.6 41.3 42.7 47.5 52.8 59.6 66.8 73.7 79.9 82.6 83.1 84.1 86 90.5 94.7 98.2 101 102.6 103.1 102.2 100.5 97.6 94.6 92.1 91.1 93.2 95.7 98 99.2 99.6 97.2 86 86.7 96.4 103.4 109.1 114 116.6 118.2 118.3 117.3 115.3 112.6 109.6 105.4 100.2 94.7 87.4 81.9 89.7 98.7 105.4 111.2 116.1 119.2 120.1 119.8 119
53.4 53.8 54.7 56.3 58.3 62.2 69.4 76.3 82.3 86.9 90.3 91.6 91.6 90.3 87.2 82.1 75.9 68.5 62.5 52.8 41.1 32.3 23.1 19.1 25.5 32.3 36.3 42.7 50.5 56.9 64.5 70.2 74.7 77.5 78.3 79.3 79.3 79.2 80.6 85.6 90.5 94.1 98.2 100.6 101.7 101.4 100.3 98.1 95.3 92.3 90.1 89.4 92.1 95 96.2 96.4 92 82.2 91.3 101.7 107 111.2 114.6 116.6 117.5 117.4 116.1 114.1 111.1 107.9 103.8 99.1 93.1 84.9 85 94.8 103.5 109.5 113.4 116.2 118.9 118.3 117 114.7
62.5 61 62.5 64.8 66.5 68.8 73.1 78.5 82.7 85.9 88.5 89.6 89.2 86.8 82.8 77.2 68.4 56.5 47.3 39.3 33 25.9 20.5 21.4 29.1 41 48.3 56.1 62.6 67.3 70.4 73.3 75.1 75.5 75.1 74 74 72.6 74.3 79.9 85.8 90.2 94.8 97.7 100.1 100.5 100 98.4 96 93.6 90.7 87.1 87.8 91.6 93.8 92.8 84.2 82.6 96.3 104.3 108.8 112 114.4 115.6 115.7 115.3 113.7 111.8 108.9 105.3 101.6 96.6 89.2 80.9 89.9 98.5 104 108.9 111.9 114.4 116.6 116 114 108.5
74.8 71.6 70.3 72.2 73.2 74.3 76.4 79 81.7 83.6 85.7 86.9 86 83.1 78.9 72.5 65 54.1 40.9 30.3 24.2 20 18.3 23.6 33.6 48.3 56.9 62.7 66.1 69.4 71.7 72.8 72.2 70.6 69.4 68.5 67.4 65.1 68.3 74.3 80.9 87.1 92.5 96.5 99.2 100 99.9 98.3 96.2 94 91.1 87 83.8 86.2 87.5 82.4 79.6 88.7 100.1 105.3 108.8 111.3 113.5 114.1 114.4 113 111.3 108.6 105.2 101.8 97.8 92.5 84.4 78.9 94.4 100.9 104.3 106.9 109.5 112 113.8 114.2 110.3 99.9
85.1 83.2 80.9 80.5 80.1 79.2 79 80.2 80.2 81.6 82.8 83.3 81.7 78.7 73.9 67.9 61.1 52.5 39.1 26.3 20.3 18.5 19.7 25.5 37.2 50.2 57.8 63.7 67 69.3 70 69.4 67.5 64.9 63.9 62.3 60.6 59.8 63.3 69.5 77.3 85 91 95.2 97.9 98.9 98.8 97 95.1 92.7 91.4 87.5 82.5 80.1 77.6 79 86.7 96 101.1 104.4 107.3 110.3 112.6 112.9 112.6 111 108.3 105.3 101.5 97 92.3 86.6 80.4 87.8 97.9 101.6 103.2 104.8 106.8 109 110.8 111.8 104.2 94.3
93.5 92.1 90.2 87.6 85.7 83.5 82.5 81.1 79.7 78.9 79.7 79.4 77.4 73.6 68.2 60.5 53.8 45.8 33.8 21.5 17.1 17.5 21 28.6 41.4 50.1 56.6 62.3 66.1 67.8 67.6 65.9 62.9 61.3 59.4 57.6 55.7 55.6 59.1 65.6 74.3 82.6 89 93.2 95.7 97 97 95.4 95.1 94.6 93.1 89.4 84.2 78.2 77.4 86 92.3 96.4 99.6 102.8 106.2 109.4 111.9 112.2 111.4 109.3 105.6 101.5 96.7 91.7 85.6 80.1 78.2 94.2 98.6 99.9 101 101.4 102.8 105.5 107.1 105.9 96.5 96.9
99 97 94.3 91.6 88.8 85.5 82.8 80.5 78.1 75.3 75.9 75.9 73.3 69 61.4 52.2 44.2 37.1 27.2 17.5 15.2 18.9 23.8 31.2 38.9 47.4 54.7 60.7 64.7 65.8 65.4 63 59.1 56.6 54.1 52.2 52 52 55.5 62 70.3 78.7 86.2 90.7 94.1 96.4 96.6 96 95.7 94.3 91.4 86.9 83.4 76.8 77 84.5 89.6 93.4 97.9 102.2 107 110.4 111.9 111.9 110.7 108.3 104.8 100.5 95.7 90.8 84.6 76.9 81.8 93.4 94.2 93.9 94 94 95.7 97.9 98.2 95.3 94.3 98.4
100 97 94.9 92.4 88.9 85.1 81.5 78.3 74.9 71.4 69.7 70.3 68.5 65 59.4 51.7 41.9 30.6 18.7 14.6 17 21.4 26 30.6 35.5 43 51.7 58.2 62.1 63.7 63.1 60.6 56.1 52.6 49.5 47.8 48.4 50.3 53.3 57.9 65.8 74.5 82.1 88.4 93 95.5 96.2 96.2 95.2 92.7 88.6 84 79.7 75.4 75 81.9 88.4 94.5 101.4 106.8 110.4 112.8 113.3 112.1 110.7 108.2 104.5 100.2 95.5 90.9 83.8 75.3 76.4 80.6 80.9 82.9 87.5 91.6 94.4 96.5 97.2 99.8 102.1 103.9
97.7 94.8 92.1 89.2 85.7 81.5 77.4 73.3 69.3 65.5 62.9 62.2 62.2 61.8 58.3 52.4 43.7 31.1 17.5 14.2 18.1 23.1 27 30.9 35.2 41.6 48.5 54.9 59.1 61.2 60.9 58.4 54.8 50.3 46.7 45.2 47.2 49.7 53.5 58.2 65.4 74.1 81.1 87.3 92.4 95.6 96.3 95.9 94.8 92.7 89.2 84.1 78.8 74 74.9 84.1 91.5 98.9 106 110.6 113.4 114.1 113.6 112.4 110.4 106.9 102.3 97.8 93 86.8 79.1 72.5 77.2 82.7 87.9 92.3 96.8 100.7 104.4 106.6 108.4 109.9 110.9 111.4
91.2 88.4 85.4 81.9 77.6 72.7 68.4 64.3 60.7 56.2 56.3 57.9 58 58.4 54.7 50 41.5 27.3 16.7 14.8 18.6 23.5 27.5 31.1 35.2 40.2 46.2 51.7 57.1 60.6 61.4 58.5 54.7 49.1 43.6 44.5 48.3 53 58.3 62.8 71 78.1 84.3 89.2 93.8 96.1 97.6 96.8 96 94.5 92.4 88.4 83 73.2 74.1 84.9 93.5 101.2 108.5 112.8 114.1 114.4 113.2 110.5 107.2 103 99.1 93.8 88 82 74.6 75.9 84.6 93.1 99.2 103.2 107 110 111.6 113.9 115.6 115.9 116.1 116.2
83.1 80.1 77 73 68.1 61.7 56 51.6 47.1 44.7 47.5 50.5 51.8 51.3 49.3 44.5 37.1 22.8 15.3 15.6 20 25.3 29.5 32.4 35.2 39.3 44.6 50.5 56.2 60.2 61.4 60.4 56.1 49.2 40.5 47.9 52.4 55.7 59.6 64.7 71.9 79.5 86.6 93 98 101.5 102 102 101.5 100.4 97.4 92.4 85.4 72.7 72.5 84.8 95 104.7 110.7 113.3 114 113 110.8 108.1 104.2 99.7 95 89.5 83 76.8 74.1 81.9 92.7 101.5 106.7 110.1 111.7 112.9 114.2 115.7 117 118.4 118.5 119
74.7 70.5 67 63.5 58.5 51.6 46 41.5 38.6 37 37.3 41.9 43.9 42.8 40.7 36.2 29.6 18.7 14.2 16.9 22.5 26.9 30.5 33.6 36.6 41 45.4 50.3 54.8 57.7 58.3 56.8 53.5 47 38.4 46.3 50 53.2 57.1 62.3 70.2 79 86.8 94.2 99.6 103.5 105.9 106.5 105.5 103.9 100 94.7 87.9 74.8 71 85.1 98.9 106 110.2 112.2 112.7 111.5 109.7 106.7 101.8 97.1 91.7 85.6 78.4 72.9 80.4 90.7 99.9 105.7 109.3 111.2 111.8 112.1 113.4 115.3 116.9 118.5 119.4 120
67.7 62.5 58.4 54.6 49.3 44.2 39.5 37 34.4 32.6 32.2 34.5 37.2 37 34.6 29.3 23 16.5 13.8 16 21.6 25.1 27.8 31 34.5 38.9 43.4 47.8 50.9 52.7 53.4 51.2 46.4 40.2 36.5 41.4 43.3 46.5 51.1 57.3 65.7 76 85.5 92.5 98.1 102.1 104.5 104.8 104.2 102.4 99 95.2 89.8 74.9 68.9 86.4 98.3 104 108.1 110.2 111 109.9 107.2 103.7 99.1 94.2 88.7 81.3 73.6 76.4 89.3 97.8 103 107 109 109.2 109.7 110.5 111.8 113.3 115.1 116.1 116.8 117.6
66.6 59.5 54.4 49.6 47.1 42.4 39.3 37.7 36.2 32.8 29.1 28.8 31.7 30.8 25.5 21.1 18.1 13.9 13.8 15.2 18.5 20.8 23 25.4 28.9 33.4 38.7 42.8 43.9 43.1 39.6 39.6 38 35.1 34.5 37.1 40 44.6 49.2 54.8 63.3 74.9 84.4 90.6 95.2 98.2 101.1 101.7 100.2 98.2 95.9 93.7 88.9 73.5 67.2 80.4 93.7 100.9 105.3 107.5 108 105.2 101.9 98.7 95.3 90.7 84.6 76.9 70.9 82.3 93.5 98.9 102.3 103.9 105.5 105.5 106 106.9 107.7 109.8 110.8 111.8 112.5 113.1
69.1 64.5 60.6 58.6 55.7 50.2 45.3 43.7 42 39.1 34.5 28.6 25.7 26.1 29.9 30.4 22 13.8 13.6 15.7 17.6 19 19.3 20.9 23 24.2 26.2 29.3 29.7 29.2 30.3 31.4 33.2 34.2 35.7 37.5 40.4 44.6 49.1 53.9 61.5 71.9 82.1 88.5 92.4 94.2 95.9 96.8 95.9 94.8 93.1 91.1 87.9 76.1 64.6 73.5 88.6 96.9 101.5 103.1 101.9 98.9 95.4 92.1 89.2 84.3 77.1 70.3 75 87.2 92.4 96 98.2 99.1 100.2 101 101.5 102.4 103.5 104.9 105.9 106.6 106.7 106.9
72.3 70.2 67.7 64.9 61.4 56.5 51.9 49.4 47.4 45.3 41.7 37.4 34.3 36.4 38.4 34.3 23.2 13.9 15.5 21.5 25.7 28 29 29.7 30.9 33 34.6 36.4 37.4 38.5 41.4 42.7 42.6 40.7 40.3 41.9 44.2 47.1 50.4 54.4 62.1 71.1 79.9 86.3 89.9 91.2 91.2 90.9 90.6 89.9 88.8 87.6 85.4 79.5 65.3 67.5 82.7 91 95.7 96.8 94.8 92 88.8 85.5 80.1 73 67.5 73 81.9 87.4 89.5 92.4 93.5 93.8 94.4 96.1 97 97.8 99.3 100.4 101.3 101 99.8 100.7
73.2 71.4 69.5 66.7 62.7 57.8 53.7 50.8 48.3 46.8 45.3 43.1 42.2 42 41.1 36 21.5 12.3 17.6 27.1 32.2 35.9 38.9 41.6 44.1 48.8 51.7 53.1 53.2 53.1 54.1 54.5 52.9 49.6 48.6 51.3 52.2 53.7 55.4 59.3 68.5 75.7 81.9 85.8 87.5 87.5 87.1 86.7 86 85 83.7 82.5 80.7 78 67.7 65.5 78 85.1 89.3 90.4 87.5 84.4 81.2 75.2 66.7 64.1 73.6 81 83.6 84.8 85.7 87.3 87.3 86.4 87.1 88.8 90.8 93.6 95.3 96 96 95 91.5 93.2
69.8 69 67.4 65.2 61.5 56.4 51.1 47.4 45.5 44.7 43.9 43.1 42.8 42.2 40.4 35.4 18.6 11.7 21.1 32.4 37.3 41.2 45.2 49.7 55.2 60 63.6 65.9 65.8 63.2 62.4 61.9 61.4 60.3 59.5 61 63 65 67 70.2 76.3 81.9 84.4 85.2 85.5 84.4 82.7 81.7 80.9 79.1 77.7 77.1 76.2 74 67.1 63.1 73.4 78.9 82.3 81.5 77.9 74 69.4 62.1 65.1 73.8 80.7 82.6 81.8 80.7 80.2 80.3 78.5 76.4 77.5 81 86 89.3 90.8 90.1 88.8 86.5 83.9 84.9
62.7 63.1 63.3 61.1 57.7 52.9 47.4 43.5 39.3 40 40 39 39.2 38.8 36.7 30.2 15.2 12.8 22.6 33.3 39.3 45.2 50.9 56.3 60.9 65.4 69 71.6 71.4 70.1 69.1 68.1 67.5 66.9 66.8 67.6 69.9 72.6 75.7 78.5 82.6 85.4 86.1 85.3 83.3 81.2 79.4 78.2 76.9 74.8 73.3 72.6 72.1 70.7 66.5 60.6 65.7 71.7 73.4 70.7 66 61.9 63.2 69 75.9 80.4 81.1 80.3 78.1 73.8 73.1 72.2 70.7 73.9 74.7 74.5 79.6 82.9 82.6 81 81.3 84 87.3 91
56 57.6 57.9 56.2 53.3 48.6 42.8 36.1 34.5 34.2 34.5 33.7 34.4 34.6 32.3 25 13.1 13.2 24.4 36.5 42.6 48.6 55.7 61.6 66.2 70 72.6 74 72.6 71.6 71.7 71.3 71.3 71.1 71.6 72.5 74.7 77.8 80.5 82.8 85.6 86.7 85.8 83.8 81.4 78.7 76 73.6 72 71.3 69.8 68.9 68.3 67.3 65.9 61.5 61.3 65.7 65.5 60.8 62.6 68 73.5 79.3 82.5 81.4 79.8 77.8 75.3 69.2 67.4 70.6 76.7 82.1 82.9 80.6 77.7 77.8 80.6 85.7 91.2 94.9 98.2 101.3
51 50.3 49.9 48.3 45.5 41.4 37.3 32.8 29.5 28.4 28.7 28.9 29.6 29.7 28.6 20.2 11.5 13.7 26.9 39.2 46.7 52.6 59.5 65.3 69.5 72.1 73.2 72.8 70.9 69.3 67.6 68.1 70.7 73.3 75 76 78.1 80.8 83 84.6 85.9 86.3 84.7 82.2 79.6 76.9 74.4 71.9 69.9 68.5 67.3 66 64.9 64 62.6 60.7 59 57.6 56.9 58.7 68.3 77.7 83.4 84.8 82.3 79.4 77.2 75.3 70.9 66.2 71.8 77.6 82.9 86.7 89 89.7 89.8 91 93 94.8 97.1 100.3 103.8 107.9
52.1 48.1 43.7 40.2 36.6 33.5 30.4 26.9 24.5 23.3 22.7 22 21.6 22.1 24.5 21.9 10.9 14.4 27 40 49.5 56.2 62 66.7 69.9 71.3 70.7 69.6 66.9 66.4 65 66 68.2 72.4 75.5 77.8 80.3 82.1 83.3 84.5 85.6 86.2 85.3 84.1 81.7 78.6 75.7 73.9 72.7 71.7 70 68.9 68 67.6 68.5 69.6 68.8 64.6 59.6 57.9 67.4 79.2 85.5 83.8 78.3 74 71.5 68.3 64.4 69.7 77.3 83.5 89.1 93.2 97.2 98.2 99.6 100 99.4 100.2 102.1 105.3 109.6 114.8
57.7 53 47.9 42.9 38.4 35.4 32.9 28.9 25.3 23.3 20.5 18.8 17.6 16.5 16.5 15.9 9.6 14.5 26.5 40.9 50.5 57.1 62.2 65.7 68.2 68.4 66.6 64 62 61.9 61.1 62.5 65.3 68.8 72.7 76.3 79.2 80.3 81.6 82.7 83.9 85.2 85.7 85.2 84.2 81.6 79.2 78.5 78 77.6 76.1 74.7 74.8 76.1 77.5 78.3 78.1 75.6 70.6 58.9 60 75.2 81.7 75.6 64.6 61.5 62.2 64.1 68.6 77.2 83.9 90.5 96.7 100.3 103.1 104.6 105.1 104.3 103.4 103.8 105.6 108.8 113 116.9
63.5 58.3 53.4 49.2 45.7 43.4 40.6 37 32.3 29.3 27.1 27.6 27.2 22.5 16.7 11.7 8.3 15.3 26.3 40.3 50.2 56.4 61.1 64.2 65.3 64.3 61.7 58.8 55.7 54.7 53.7 55.9 59.7 63.6 68.4 72.5 75.8 77.4 78.8 81.1 83.2 84.6 85.5 85.3 84.9 83.5 82.1 81.7 81.7 81.2 80.5 80.8 82 84.2 86 86.3 86 83.2 77.2 64.5 56.8 66.1 68.8 60.2 62.7 70 74 76.8 81.5 86.5 91.4 94.9 98.4 101.1 103 104 103.6 102.2 101 102 104.3 107.5 111.4 115.4
69.5 65 59.8 55.6 55 54 51.4 48.4 43.1 38.7 36.5 36.7 35.7 31.7 23.5 13.1 8.7 17.3 28.4 37.2 45.8 52.7 58.1 60.8 61.4 60 57.6 54.4 49.5 47.1 49.2 52.8 56.8 60.4 63.8 67.8 71.4 74 76.5 79.5 82.5 85.2 86 85.7 84.7 83.7 82.6 82.6 83.1 83.8 84.7 85.6 88.5 91.5 92.7 93.1 92.1 89 82.9 70.2 56 55.3 57.3 62 71.3 78.2 80.8 82.7 85.1 89.4 93.9 96.6 98.7 99.8 100 99.3 98.1 96.5 96.3 98.5 101.3 104.3 108.7 113.6
74.4 70.6 66.2 63.6 62.9 62.3 60 56.8 52.1 48 45.3 43.6 40.8 35.8 28.6 17.4 9.2 18.7 28.8 34.3 40.5 46.4 52.1 55.3 56.3 54.8 51.6 46.1 41.7 46.4 53.8 59.1 63.7 66.8 69.7 72 73.7 76.1 77.7 79.9 83 85.2 85.8 85 83.5 82 81.8 82.5 83.6 85 87 89.4 91.7 93.5 94.1 93.8 92.4 89.7 84.6 74.2 56.8 55.1 62 68.4 71.8 74.5 76.1 77.1 81.5 87.8 94.4 96.6 97.3 96.3 94.2 92.6 92.4 91.8 92.7 94.9 97.7 102.3 107.2 112.4
77.3 74.1 71.2 69.4 68.7 67.7 65.3 62.2 57.3 53.7 51.3 48.6 45.5 41 34.4 26.5 11.7 16.9 26.3 28.8 33.4 38.9 45.1 48.9 49.3 46.2 39.3 37.2 42.3 51.3 57.3 62.9 66.9 70.7 73.9 75.9 76.9 78.3 79.7 82 84.6 86.4 86 84.4 82.5 81 80.7 82.1 83.8 85.7 87.9 89.9 92.2 93.1 93.4 92.9 91 87.6 83.5 74 55.6 54.9 61.6 63.6 64.6 63.8 65.4 67.6 74.5 84.7 90.7 93.1 92 89.3 86.6 85.5 87.1 88.5 89.8 92.4 96.7 102.2 107.8 114.5
79.9 77.2 75.7 73.6 73.1 72 69.5 66.9 62.2 57.5 54.2 51.3 47.8 42.4 35.7 26.9 14.1 11.8 16.4 17.1 21.3 28.4 34.6 39.2 38.6 33.1 30.8 35 45.1 51.6 57.6 63.1 67.6 71.9 75 77.7 79.6 80.9 82.7 85.2 87.5 88.3 87.4 84.9 82.7 80.8 80 82.5 84.4 86.4 88.3 89.9 90.9 90.9 90.5 88.8 86.3 83.3 79.3 72 56.3 53.5 56.7 58.1 61.5 66.1 73.8 78.4 72.4 76.5 81.7 81.7 81.3 82 85.7 89 90.4 90.8 90.7 93.6 98.2 103.3 110 117.4
81.5 79.5 77.7 76.7 76.2 74.8 73.8 71.5 67.6 62.6 56.3 51.6 44.4 33.8 24.3 16.5 9.2 11.3 15 16.5 17.9 19.1 23.4 27 26.3 29.6 35.4 35.1 42.2 50.2 56.4 61.9 66.7 71 74.5 77.4 80.2 82.6 85.4 88 89.6 90.5 89.5 86.8 84.2 82 79.1 82.8 84.7 86 87.2 87.7 87.4 86.4 84.9 82.5 79.9 77.7 75.6 68.8 55.8 53.8 58 62 68.5 76.1 82.1 83.8 81.6 79.4 80.7 83.9 88.1 92.2 94.6 96 95.6 94.8 93.9 95.1 99.2 104.6 112.9 122.5
82.4 80.6 79.2 78.7 77.8 76.7 75.2 73.2 69.1 64.4 56 44.4 30.4 19.4 11.5 8.5 13.4 19.9 22.8 26.3 28.6 30.7 31 32 33.8 38.6 45.5 45 39.2 43.9 50.7 56.8 62.1 67.2 71.1 75.2 78.8 81.9 85.1 87.7 89.3 90.4 90.1 88.3 85.5 82.1 77.2 79.3 81.3 82.6 83.6 84.2 83.1 81.4 81 79.7 77.3 75.5 72.6 64.2 53 54 58 63.8 71.5 78.4 83.5 87.7 88.7 92.4 95.1 96.1 98.5 99.3 99.9 100 99.5 98.3 97.6 97.6 100.6 107.1 116.2 123.8
80.5 80.4 78.9 77.8 76.5 75.5 74.6 72.5 67.1 60.1 46.3 29.3 15.9 8.2 9.8 17 26.9 34.3 35.3 39.4 42.8 45.7 46.5 45.6 45.4 48.4 53.1 53.6 46.5 43.7 49.6 53.3 57.8 63.1 67.7 71.9 76 79.8 83.3 85.7 87.3 88.2 88.2 86.8 83.9 79.8 74.5 74.2 76.4 78 79.3 79.9 79.9 79.5 78.3 76.9 74.4 72.1 69 59.2 52.1 55.6 61.1 68 75.6 82.9 88.1 91.9 95.1 98.1 100.2 101.7 102.5 102.8 102.8 102.8 102.3 101.7 101.2 101.6 105.6 111 118.4 124.7
74.6 76.2 76 74.2 72.3 71.3 69.6 66 61 49.2 33.1 16.6 6.9 14.1 23 32.6 40.7 44.7 46.7 51.3 55.6 57.9 57.2 53.9 52 56.3 61.5 59.2 52.4 49 56.8 59.7 61 62.2 65.2 70.1 74.8 78.2 81.4 83.4 84.8 85.3 84.8 82.6 79.9 75.9 71.7 68.6 71 72.6 74.6 76.2 76.6 77.3 76.1 74.5 71.3 67.5 60.3 52.5 55.3 63.5 67.7 73.1 79.2 85.4 89.3 92.8 96.5 99.7 102.9 104.7 105.6 105.2 104.9 104.9 105.1 105.5 105.4 106.2 108.8 114 119.4 124.4
63.2 66.2 68.2 67.6 64.7 62.9 60.3 57.1 49.1 35.8 20.4 7.1 11.8 25 37.7 46.5 49.9 52.3 57.1 61.3 63.9 65.6 65.4 62.7 59.4 61.4 64.3 62.2 54 52.9 61 64 65.2 65.9 66.7 69.1 73.5 76.7 79.1 80.7 81.9 81.9 81 78.9 76.9 74.2 70.2 66.1 63.9 66.9 69.9 72.8 74.7 75.2 74.7 72.7 69 60.5 51.8 54.2 62.5 68.7 69.8 73 78.6 84.5 89.2 93 96.9 101.1 105.3 107.3 109 109.7 110.1 109.8 109.1 109.1 110 110.7 112.5 115.7 119.6 122.7
52.5 52.8 53.1 51.1 47.4 45.9 46.2 43.3 35.1 23.6 9.9 6.2 14.2 30 45.2 52.3 56.2 58.5 62.4 66.2 68.3 69.5 70.1 68.9 66.6 66.4 66.6 64.2 57.4 55.9 63.2 66.1 67.9 69.3 70.4 70.9 72.9 75.3 77.6 79.1 80 79.3 77.9 76.2 74.4 72 67.8 64.7 62.1 63.1 66 69.1 72.2 74.1 74 72.1 68.1 53.3 51 59.5 67 69 68.9 71.4 75.7 81 86 91.7 97.1 101.6 105.4 108 110.5 112.4 113 113.4 113.8 113.7 114.7 115.4 116.1 117.6 119.3 120.8
44.5 40.8 37.1 32.7 30 29 28.3 26.4 22.2 14.1 5.2 7.1 14 25.9 41.3 50.6 57.5 61.5 64.3 67.1 68.4 69.5 70.6 70.8 70.1 70.1 69.9 68.3 62.4 56.3 64 66.6 69.5 71.9 73 74 75.4 77.3 78.6 79.4 79.2 78.1 75.7 73 71.1 68.9 66.2 63.3 61.5 60 59.1 63.7 69 72 72.6 70.6 60.4 48.7 57.2 64.8 67 66.8 65.6 66.4 70.3 75.5 82.6 88.9 94 98.7 102.6 106.8 110 112.1 113.5 113.9 114.2 115.7 117.2 117.3 117.2 117.9 118.5 118.9
38.6 33.4 28.9 25.2 23.1 21.3 17.1 15.3 10.6 -1.7 3.5 13.5 19.3 22.3 32.3 42.8 51.7 57.7 62.9 64.7 66.5 68 69.8 70.8 71.4 71.8 71.6 70.1 64.2 58.9 65.5 67.7 71 74.9 76.7 78 79.1 79.6 80.4 80 79.3 76.8 73.7 71.8 69.4 67.4 66.7 67.4 67.5 65.2 60.3 56.7 63.5 67.3 67.9 62.3 52.1 51.2 57.4 60.4 60.6 60.2 59.8 62.5 66.1 71.6 77.8 83.3 88.5 93.2 98.2 102.4 105.3 107.8 110.1 111.6 112.9 114.4 115.7 116.1 116.4 116.4 116.1 114.6
