UK/data/sx/sx49_OST50GRID_20230518/SX49.asc
ncols 200
nrows 200
xllcorner 240000
yllcorner 90000
cellsize 50
[rows 140 to 174 of 200, columns 0 to 77 of 200]
190.3 189.6 188.6 187.4 185.5 183.1 180.2 177.8 175.6 174.3 173.5 171.8 169.8 165.1 160.6 162.3 168.4 172.8 175.4 176.9 178.3 178.8 179 179.1 178.7 178.6 178.3 177.9 177.5 176.6 175.2 173.4 171.6 169.6 166.9 164.2 160.1 155.3 152 146.4 142.1 140.3 136.4 130.9 119.6 119.6 119.6 119.6 119.6 126.8 141.7 148.8 152.4 154.9 155.2 154.1 151 149.3 146.5 142.7 138.1 132.3 121.5 119.6 119.6 119.6 119.6 119.6 119.6 119.6 126 124.4 131.1 133.7 133.7 133.7 132.1 132.2
187.4 186.3 185.1 183.9 182.4 178.9 175.5 172.8 170.6 169.7 169.4 168.6 167 162.3 158.8 161.4 166.8 171.5 173.5 174.9 175.3 175.6 175.1 174.5 173.3 172.4 172.2 171.6 171 169.9 168 165.4 164 162.2 160.3 157.3 153.6 149.2 145.1 141.7 135.2 134.6 131.5 122.1 119.6 119.6 119.6 119.6 119.6 135 144.4 149.2 151.1 152.3 151.5 149.7 145.2 143.1 140.3 137.5 132.6 123.7 119.6 119.6 119.6 119.6 119.6 119.6 119.6 119.6 119.6 119.6 119.6 123 123.1 125 130.7 128.8
184.2 182.7 181.7 180.5 178 174.8 171.8 170.1 167.7 166.4 165.9 165.2 163.8 158.2 156.6 163.1 168.1 170.9 172.2 172.8 172 171.9 170.1 169.6 167.7 166.9 165.1 164.6 163.4 162.4 160.7 158.2 155.7 154 150.9 148 145.4 138.6 136.8 134 127.6 121.8 119.6 119.6 119.6 119.6 119.6 119.6 119.6 140.2 145.2 150.4 150.5 149.7 148 146 142.7 138.3 135.3 131.7 126.2 119.6 119.6 119.6 119.6 119.6 119.6 119.6 119.6 119.6 119.6 119.6 119.6 119.6 119.6 119.6 123.5 129.5
180.5 179 178.2 176.6 175.5 173.9 171.4 168.8 165.3 160.9 159.9 161.2 160.1 153.4 156.8 164 167.7 169.7 170.8 171.4 169.9 168.2 166.4 163.3 160.7 158.8 157.5 155.6 154.5 154.6 153 150.8 145.5 144.4 143 140.3 136.9 131.4 126.3 119.6 119.6 119.6 119.6 119.6 119.6 119.6 119.6 119.6 132.3 139.8 144.2 147.7 147.7 146.1 143.7 142.1 139.2 133.6 126.3 119.6 119.6 119.6 119.6 119.6 119.6 119.6 119.6 119.6 119.6 119.6 119.6 119.6 119.6 119.6 119.6 125.5 129.4 131.6
176.7 175.5 175.2 175.4 174.8 173.2 171 168.3 164.1 160 157.6 155.9 156.5 151.4 156.6 162.8 166.1 170.1 171.4 169.8 167.7 163.7 159.3 155.8 153.5 150.7 148.3 146.1 144.7 144.4 143.7 141 138.7 135.7 133.6 130.6 128.3 120.1 120.3 120.5 120.6 119.6 119.6 119.6 119.6 119.6 119.6 119.6 129.1 137.4 141.7 143.4 142.9 140.6 137.3 135.9 133 129.8 119.6 119.6 119.6 119.6 119.6 119.6 119.6 119.6 119.6 119.6 119.6 119.6 119.6 119.6 119.6 119.6 127 131.2 132.9 134.3
172.8 172.7 173.8 174.5 174.3 172.5 171.3 168.1 164.5 162.8 160 155 151.1 149.9 155.3 161.6 167.3 170.9 172 171.1 169.5 165.7 161.6 160.3 158.6 156 153.2 151.1 147.7 144.8 142.4 140.7 139 137.1 134.6 134.8 134.5 134.1 131.2 128.2 131.4 129.4 120.6 119.6 119.6 119.6 119.6 119.6 119.6 130.5 135.9 137.9 137.8 135.9 132.2 130.2 127.8 119.6 119.6 119.6 119.6 119.6 119.6 119.6 119.6 119.6 119.6 119.6 119.6 119.6 119.6 121 125.3 128.4 130.1 133 135.6 138.2
169.9 171 172.4 173.2 173.9 173.2 171.8 169.7 168.4 167.4 163.1 157.9 151 149.4 157.7 164.4 169.3 172.1 173.8 174.7 174.3 171.7 170.4 168.9 166.9 165.1 163.4 161 156.8 153.8 152 151 150.3 148.5 147.4 146.4 143.6 141.6 140 136.6 136.7 132.7 129.6 119.6 119.6 119.6 119.6 119.6 119.6 119.6 128.5 131.5 132.6 130.7 126.1 119.6 119.6 119.6 119.6 119.6 119.6 119.6 119.6 119.6 119.6 119.6 119.6 119.6 119.6 119.6 127 129.8 130.8 131.1 130.9 134.1 138.3 141.4
167.8 170.7 172.8 174.8 175.6 175.5 175.9 173.6 172.7 172.1 169.4 163.2 150.5 149 160.8 167.7 171.5 174.4 176.6 178.5 178.8 178 177.7 177 176.1 174.9 173.4 171.3 168 166.1 163.9 164.2 164 162.7 160.3 156.8 150.2 147.8 147 144.3 141.2 136.8 133.2 126.1 119.6 119.6 119.6 119.6 119.6 119.6 119.6 119.6 126.8 126.6 119.6 119.6 119.6 119.6 119.6 119.6 119.6 119.6 119.6 119.6 119.6 119.6 119.6 119.6 119.6 119.6 130.2 132.4 133.1 134.5 134.5 137.7 141.3 144.6
168.8 171.8 174.1 176.1 178.2 178.7 179.4 178.9 178.1 176.8 174.1 168 151.5 147.7 158.7 167.9 171.8 175.6 180 182.2 182.8 181.6 180.4 180.6 180.2 180 179.3 178.5 177.3 175.6 175.2 174.9 172.9 170.6 167.8 163.9 158.5 154.7 150.9 148.8 145.5 141.3 137.3 132.8 122.4 119.6 119.6 119.6 119.6 119.6 119.6 119.6 119.6 119.6 119.6 119.6 119.6 119.6 119.6 119.6 119.6 119.6 119.6 119.6 119.6 119.6 126.4 130.1 123.8 119.6 129.8 134.1 136.4 138.2 139.3 139.7 144.1 147.2
169 171.9 174 177.1 179.5 181.3 182.6 183 182.3 181.1 178.4 171.8 152 144.8 153.5 165.7 170.8 176.1 180.6 183.2 183.9 183.2 182.4 182.2 182.5 182.8 182.8 182.5 182.2 180.9 179.7 178.2 176 173.7 171.9 169.2 165.1 160.6 155.9 152.2 148.5 144.4 139.9 134.2 125.5 119.6 119.6 119.6 119.6 119.6 119.6 119.6 119.6 119.6 119.6 119.6 119.6 119.6 119.6 119.6 119.6 119.6 119.6 119.6 119.6 133.4 135.9 136.8 134.2 120.5 130.5 135.3 139.2 141.2 143.3 143.1 146.4 149.5
167.9 171.2 173.5 176.8 179.6 181.8 183.4 184.3 184.5 183.4 180.3 174.3 157.5 144.2 149.9 161.7 168.7 174.7 179.2 182 183.8 184 183.7 183.5 183.7 183.8 183.5 183.8 183.8 183.4 182.3 181.2 178.7 176.2 172.9 170 166.5 162.8 158.6 153.7 149.2 144 136.4 124.7 119.6 119.6 119.6 119.6 119.6 119.6 119.6 119.6 119.6 119.6 119.6 119.6 119.6 119.6 119.6 119.6 119.6 119.6 119.6 124.1 139.1 141.2 143 141.7 139.6 133.9 136.2 137.4 141.3 144 146.6 148.1 149.2 151.1
165.6 169.5 172.6 175.9 178.9 181.5 183.8 184.9 185.6 184.2 181.4 175.8 161.2 144.8 146.1 155 164.2 172 177.9 181 183.6 184.4 184.1 183.8 184 183.5 183.3 183.6 184.2 184.7 184 183.1 180.4 177.5 173.3 168.3 164 160 156 149.5 141.5 133.4 128.8 127.8 129.1 131 122.3 119.6 119.6 119.6 119.6 119.6 119.6 119.6 119.6 119.6 119.6 119.6 119.6 119.6 119.6 119.6 132.7 142.5 145.5 147 147.9 145.7 142.7 139.5 141.8 142.8 144.8 147.3 148.7 149.7 151.1 152.1
163.4 166.4 171.1 174.3 176.9 179.6 182.6 184.8 185.1 183.9 181.1 174.7 159.3 143.5 143 155.5 166.5 173 177 180 182.7 183.7 183.8 183.6 183 182.9 182.9 183.3 184.3 185 185 184.3 181.9 178.5 173.4 166.4 160.2 154.3 146.6 141.9 139.1 137.4 137.8 139.2 141.6 141.3 135.3 130.1 119.6 119.6 119.6 119.6 119.6 119.6 119.6 119.6 119.6 119.6 119.6 119.6 119.6 133.7 142.3 147.3 149.4 150.6 149.3 146.8 145.1 145 146.4 147.6 148.9 149.5 150.5 151.1 151.3 152.3
160.8 164.7 168.8 171.7 175.1 178.5 181.6 183 182.7 180.8 177.6 166.5 147.6 142.5 144.4 157.1 166.7 172.4 175.1 178.9 181.3 182.6 182.3 182.1 180.8 180.2 180.1 181.2 182.6 184.3 184.3 184 182.3 178.8 172.8 165.1 158 155.1 153 151.1 150.2 151 151.3 151.8 151.2 149.2 143.6 136.3 124.3 119.6 119.6 119.6 119.6 119.6 119.6 119.6 119.6 119.6 119.6 119.6 128.8 140.3 146.4 150 151.4 151.3 150.3 149.1 148.1 149 149.2 151.4 151.9 151.8 151.6 151.2 151.1 151.5
158.4 162.3 166.2 169.7 173.6 177.1 179.4 179.5 179.2 176.3 171.5 154.7 139.4 139.8 147.9 158.9 165.8 171.7 175.3 177.9 179.6 180.6 180.5 179.5 178.6 177.7 177.1 178.8 180.7 182.7 183.4 183.6 182.5 178.9 172 169.3 167.4 165.9 163 161.4 161.9 162.3 161.6 160.3 158.2 154.5 148.9 141.7 130.1 119.6 119.6 119.6 119.6 119.6 119.6 119.6 119.6 119.6 119.6 122.3 135.7 142.6 146.2 149.5 151.1 151.2 150.6 150.8 150.8 151.5 152.4 153.1 153.5 152.4 150.4 147.6 146.3 147.8
155.8 160 162.9 166.5 170.5 173 175.3 175.6 173.7 170 165.1 147.3 137.4 143 153 161.6 166.7 171 173.9 175.8 177.6 177.8 177.4 176.8 175.8 174.2 175.1 177.5 179 180.8 182.6 183.1 182.9 181.1 178.2 176.1 175.2 173.4 171.5 170.2 169.9 168.2 166.6 165.4 162.4 158.3 152.7 146.4 139.1 130.8 119.6 119.6 119.6 119.6 119.6 119.6 119.6 119.6 119.6 123.8 135 140.8 144.3 147.8 149.1 150.3 151.2 151.8 152.4 153 152.9 152.5 151.4 149.8 147.4 143.2 140.9 143
152.5 156.9 161.3 164.2 168.5 170.4 172.1 171.2 169.3 165.7 161.3 143.6 136.6 145.6 153.6 160.2 164.8 168 170.4 172.3 173.9 174.4 173.9 173.3 171.6 170.4 172.6 175.7 177.5 179.2 181.4 182.1 182.1 182 181.2 178.7 177.7 176.2 174.7 172.6 172.4 170.2 169 167.1 164.4 160.8 155.9 150.1 142 132.4 119.6 119.6 119.6 119.6 119.6 119.6 119.6 119.6 123.3 131.3 136.9 140.7 143.6 145.5 146.9 148.5 150.1 151.4 151.1 151 150.2 149 147.6 146.2 143.9 140.1 136 137
150.8 154.6 158.6 162.7 164.9 167 168.4 167.6 165.7 161.8 156.8 142.6 134.9 142.6 151.2 157.2 161.1 164.6 167 169 169.6 169.7 169.7 168.6 167.2 165.5 169.5 173.3 176.1 178.3 180.1 181.1 181.7 181.8 180.7 179.9 178.8 177.4 175.8 173.8 171.3 169.7 168.8 166.7 164.3 160.7 155.5 148.9 141.2 129.9 119.6 119.6 119.6 119.6 119.6 119.6 119.6 119.6 128.1 133.5 137.7 140.6 142.8 143.6 144.1 145.3 146.3 147.3 147.1 146.8 146 144.6 142.6 140.6 138.7 135.5 132.6 133.9
149.4 152.8 157.8 162 163.8 164.7 164.6 163.5 160.7 157.4 151.9 142.1 133.2 138.1 146.9 152.8 156.8 159.6 161.2 163 164.1 164 164.3 164 162.4 163.7 167.6 170.9 173.7 176.3 178.4 179.6 180.3 180.7 180.6 180 179.2 177.9 174.8 172.5 169.8 168.1 166.3 164.2 161.2 157.4 152.3 144.7 136.5 123.3 119.6 119.6 119.6 119.6 119.6 119.6 119.6 119.6 122.6 129.3 135.6 139.7 141.8 141.9 141.4 141.5 142 141.7 141.8 140.8 139.2 138.7 137 134.8 132.4 129.4 129.7 132.3
152 154.2 158.5 161.1 163.1 162.6 160.3 158 155.7 152.6 147.3 141 132.4 133.6 142.3 148.9 151.8 154.2 154.7 156.8 158.3 158.1 157.9 157.7 157.2 160.9 164.8 168.1 171.1 173.4 175.8 177.7 178.6 179.3 179.5 179.1 177.1 176 172.6 169.5 167.3 165.1 162.6 159.5 156.8 153.3 146.5 138.6 125.9 119.6 119.6 119.6 119.6 119.6 119.6 119.6 119.6 119.6 119.6 121.9 133.2 139.3 140.2 140.7 138 135.9 136.4 135.6 134.9 132.8 131.5 131 129.8 123.9 122.5 119.6 129.4 131.4
157.1 159.6 161.4 162.5 162.5 160.3 155.8 151.7 150.1 147.9 143.7 138.4 130.8 132.3 138.4 145 147 148.7 148.4 150.7 151.8 151.7 152.1 152.7 154.6 158.1 162 165 169 171 173.1 175.1 176.8 177.7 177.7 177.3 175.2 173.4 170 166.7 163.2 159.8 157.2 155.8 152.4 148.7 141.8 131.5 119.6 119.6 119.6 119.6 119.6 119.6 119.6 119.6 119.6 119.6 119.6 122.5 134.5 139.2 140.5 139.8 136.8 132.8 129.7 125.3 126.8 124.7 124.5 119.6 119.6 119.6 119.6 125 131.3 134
160.6 163.3 165.6 166.7 166.3 163.2 158.3 152.4 145.4 142.8 139.7 136.6 129.9 130.7 136.8 140.5 142.3 143.5 144 144.7 147 147.9 148.7 149.9 152.6 156.9 160.3 163.2 167.1 168.9 170.8 172.8 174.4 175.3 175.1 174.3 172.5 170.4 167 163.7 159.3 154 150.7 149.4 146.4 141.5 134.8 119.6 119.6 119.6 119.6 119.6 119.6 119.6 119.6 119.6 119.6 119.6 119.6 131.3 135.6 138.8 138.6 137.3 134.1 129.3 119.6 119.6 119.6 119.6 119.6 119.6 119.6 119.6 125.1 129.1 133.3 135.8
163 166.9 169.3 170.5 169.7 166.6 160.8 152.9 144.9 140.6 136.1 133.2 128.4 129 131.8 132.6 134.7 135.8 137.6 139.3 142.3 145.7 148.3 151.1 154.1 157 160.3 162.6 164.9 166.7 168.1 169.3 170.8 172 171.6 170.6 168.8 166.8 163.4 160.3 155.7 148.5 143.5 143 139.7 134.1 128.6 119.6 119.6 119.6 119.6 119.6 119.6 119.6 119.6 119.6 119.6 119.6 122.5 132.7 135.4 136.8 135.6 132.4 128.8 120.5 119.6 119.6 119.6 119.6 119.6 119.6 119.6 119.6 129.4 132.1 135.6 138
164.5 169.1 172 173.1 171.9 168.7 163.4 155.5 148.4 142.7 137.8 132.7 128.7 126.5 128.5 133 136.7 139.2 140.7 142.4 146 148.2 151 153.7 156.1 157.7 159.5 161 162.4 163.3 164.7 166.2 167.3 168 167.1 165.4 163.2 161.9 158.8 155.2 152.1 147.1 141 136.6 134.5 129.6 126.1 125.3 126.6 124.5 119.6 119.6 119.6 119.6 119.6 119.6 119.6 119.6 121.3 131.4 133.3 131.9 129.2 119.6 119.6 119.6 119.6 119.6 119.6 119.6 119.6 119.6 119.6 129.1 132.6 136.1 138.7 140.3
166.1 170.5 173.7 174.8 173.9 171.3 166.9 160.9 152.8 145.6 138.7 134.5 129.1 124.4 129.2 135.7 139.5 142.1 144.6 147.2 149.1 150.5 153.3 155.5 156.5 157.6 157.6 158.1 159.5 160 161.1 162.3 163.6 163.4 161.4 159.2 157.6 156.7 155 151.9 149.3 144.9 142.4 138 134.9 133.3 132.8 131.8 130.5 125.7 119.6 119.6 119.6 119.6 119.6 119.6 119.6 119.6 119.6 121.9 120.8 119.6 119.6 119.6 119.6 119.6 119.6 119.6 119.6 119.6 119.6 119.6 125.3 131.7 135 138.2 139.7 140.8
168.4 171.8 175.1 176.9 176.6 174.5 170.6 164.1 156.1 149.3 143.2 139.5 132.7 125.2 125.9 134.8 138.9 141.4 145 147.6 149.9 152.2 154.3 155.2 155.9 156.4 156.3 156 156.3 156.6 157.8 159.1 159.2 158.4 156.1 154.5 152.9 152.4 150.8 148.5 146 143.6 141.4 138.8 136.9 136.6 135.1 132.8 130.5 127.6 119.6 119.6 119.6 119.6 119.6 119.6 119.6 119.6 119.6 119.6 119.6 119.6 119.6 119.6 119.6 119.6 119.6 119.6 119.6 119.6 119.6 125.2 129.4 134.3 137.5 140.2 140.1 141
170.2 173.4 176.4 177.6 177.9 176.8 173.6 167.2 159.2 153.4 149.4 146.3 140.5 128.5 123.1 130.1 135.7 139.4 143.4 146.6 149.2 151.3 153.2 153.8 154.5 155 154.8 154.1 151.7 153.6 155 154.9 154.8 153.6 151.9 148.3 146.6 146 146.2 146.1 143.5 141.5 139.2 136.5 136.1 136.2 135.3 131.7 128.4 119.6 119.6 119.6 119.6 119.6 119.6 119.6 119.6 119.6 119.6 119.6 119.6 119.6 119.6 119.6 119.6 119.6 119.6 119.6 119.6 119.6 124.6 131.2 132.5 136.1 138.2 139.6 138.6 138
170.7 173.9 175.9 177.6 178.2 177.9 175.3 171.1 164.7 160.3 155.9 150.5 146.7 136.3 124.4 124 131.2 137.8 142.1 145.4 148.3 150 151.5 151.8 151.7 152.4 152.2 151.2 148.9 150 151 151.6 151.6 149.9 147.3 143.8 141.4 142.7 143.1 143 141.3 138.4 135.5 134 133.1 132.5 131.4 128.8 119.6 119.6 119.6 119.6 119.6 119.6 119.6 119.6 119.6 119.6 119.6 119.6 119.6 119.6 119.6 119.6 119.6 119.6 119.6 119.6 119.6 119.6 122.4 130.3 132 133.3 132.3 134.5 134.9 134.6
170 172.7 174.5 176.5 177.3 177.2 175.7 172.7 168.5 163.6 159 154.7 148.2 140.8 126.3 122.4 128.2 135.4 140.1 144.3 147.2 148.9 148.4 148.3 148.1 148.8 148.8 147.4 144.2 147.3 148.6 149 147.8 146.6 143.9 140.4 136.1 138.3 140 139.4 139.1 136.5 132.6 129 125.2 121.6 121.4 119.6 119.6 119.6 119.6 119.6 119.6 119.6 119.6 119.6 119.6 119.6 119.6 119.6 119.6 119.6 119.6 119.6 119.6 119.6 119.6 119.6 119.6 119.6 119.6 121.3 122.6 128 124 129.2 129.9 129.5
167.8 169.8 172 173.5 174.6 174.9 174 172.4 168 164.1 159.8 155 147.4 137.7 123.6 121.6 126 132.8 138.7 143 146.3 146.5 144.6 143.9 143.2 143.7 144.3 143.2 140.8 144.4 146.2 145.4 144.2 142.1 139.8 136.6 134.2 134.7 136.8 136.8 136.3 135 133.6 130.5 124.4 119.6 119.6 119.6 119.6 119.6 119.6 119.6 119.6 119.6 119.6 119.6 119.6 119.6 119.6 119.6 119.6 119.6 119.6 119.6 119.6 119.6 119.6 119.6 119.6 119.6 119.6 119.6 119.6 119.6 119.6 119.6 119.6 123.7
164.7 166.1 167.9 169.7 171 171.6 171.6 169.9 166.5 163 158.8 151.8 143 131.9 121 121.4 127.2 134.3 139.6 143 145.2 144.4 142.1 139 139.3 140.1 140.2 138.1 138.7 141.8 143.4 142.9 141.3 138.8 136.8 135.2 131.2 129.6 132.3 134.7 135.2 135.7 135 132.9 129.1 120.9 119.6 119.6 119.6 119.6 119.6 119.6 119.6 119.6 119.6 119.6 119.6 119.6 119.6 119.6 119.6 119.6 119.6 119.6 119.6 119.6 119.6 119.6 119.6 119.6 119.6 119.6 119.6 119.6 119.6 124.3 130.1 133
160.6 162.1 163.4 165.2 168.2 168.7 169.1 167.7 164.7 160.9 156.6 148.3 139.5 128.6 119.2 121.9 128 134.9 139.7 141.9 142.4 141.5 137.8 135 134.9 136.1 135.4 134.5 137.2 139.5 141.4 141.1 139.5 137.5 135.4 130.9 125.6 119.6 127.3 130.2 133.7 135 134.9 133.5 130.9 126.1 119.6 119.6 119.6 119.6 119.6 119.6 119.6 119.6 119.6 119.6 119.6 119.6 119.6 119.6 119.6 119.6 119.6 119.6 119.6 119.6 119.6 119.6 119.6 119.6 119.6 119.6 119.6 123.9 129.1 132.3 134.7 138.6
154.6 156 158.4 161.6 164.9 165.8 166.1 165.1 162.1 157.6 152.1 145 136.2 125.6 117 122.1 128.8 134 137 138.7 139.4 137.3 134 131.5 129.8 130.4 131.7 132.6 135.6 138 138.9 138.9 138.1 137.1 135 131.4 128.6 119.6 119.6 128.5 128.6 131.7 132.8 132.9 130.9 123.5 119.6 119.6 119.6 119.6 119.6 119.6 119.6 119.6 119.6 119.6 119.6 119.6 119.6 119.6 119.6 119.6 119.6 119.6 119.6 127.5 126.7 123 119.6 119.6 119.6 122.9 125.2 130.9 133.8 136.3 140.3 144.3
147.9 149.2 152.2 156.3 159.3 162.9 162.5 161.8 159 153.6 147.4 141.8 131.8 120.4 116.7 123.1 127.8 131.5 133.9 134.2 132.9 132 130.2 126.8 127.1 128.2 129.5 130.7 134.1 136.1 137.4 137.1 136.2 135.3 134 131.5 129.7 125.1 119.6 119.6 119.6 127.4 124.8 124.9 122.8 119.6 119.6 119.6 119.6 119.6 119.6 119.6 119.6 119.6 119.6 119.6 119.6 119.6 119.6 119.6 119.6 119.6 119.6 126.2 127.5 129.2 131.8 132.1 131.2 130.5 131.9 133.2 133.2 135.8 138.4 142 145.9 149.9
141.4 142.9 147.1 152.4 156.6 159.6 160.3 159.6 155.8 147.2 141.3 136.4 128.3 118.4 115.6 122.1 124.1 127.2 127.9 127.8 126.8 126 124.3 124.4 125.5 127.1 128.6 130.1 132.4 135.1 136 136.1 135.6 134.4 133.6 131 127.8 123.8 119.6 119.6 119.6 119.6 119.6 119.6 119.6 119.6 119.6 119.6 119.6 119.6 119.6 119.6 119.6 119.6 119.6 119.6 119.6 119.6 119.6 119.6 119.6 119.6 126.2 130.3 133.2 134.9 137.3 138.2 139.4 139.6 140.5 141.2 142.2 143.3 146.3 149.3 151.3 154.2
