WholeMapElevations/data/no/no76_OST50GRID_20230518/NO76.asc
ncols 200
nrows 200
xllcorner 370000
yllcorner 760000
cellsize 50
[rows 38 to 75 of 200, columns 0 to 83 of 200]
81.2 81.6 79.3 81.7 82.4 84 85.8 87.7 89.2 89.5 93.2 101.9 107.9 114 120.6 126.2 135.2 142.5 151.9 160.1 165.8 172.1 175.4 180.7 188.8 198.5 204.7 206.5 207.9 201.8 199.8 200.9 199.4 197 194.4 193.1 189.8 187 184.2 182.3 180.9 179.7 176.4 178.6 179.7 180.1 182.1 183.2 186.7 191.2 196.6 202 206.6 209.1 206.9 201.3 200 200.5 201.1 203.1 205.1 210.2 212.7 210.3 205.2 201.1 198.1 195.3 192.8 190.5 187.6 185.5 182.2 180.1 179.2 177.6 173.3 171.6 172.2 169.6 165.2 163 160.8 158.7
78.7 78.2 79.5 82.1 83.8 85 87.8 90.1 90.8 95.9 91.2 102.8 110.9 119 126.8 134 143.5 151.3 157.1 162.3 165 171.9 177.8 175.3 180.6 184.8 186.4 187.5 190.5 191 196.8 198.1 196.2 189.8 186.3 183.1 181.6 179.6 177.6 176 174.9 173.8 170.5 172.6 173.1 173.6 174.9 176.7 179.1 185.4 191.4 197.3 202.3 201.6 197.5 203.3 203.9 205.3 208.7 209.6 208.8 206.5 203.4 200.6 197.6 194.8 191.4 188.2 185.3 182.8 182.5 182.2 182.2 179.5 176.6 174.9 173.9 170.2 165.6 163.6 161.3 159.6 157.9 157.1
76.1 77.9 81.9 83.4 84.8 86.3 89.9 93.1 97.6 102.7 103.6 102.4 112.2 119.4 125.8 130.5 143.1 144.9 143 143.5 151.3 156.6 160.5 164.5 171.2 175.9 179.8 182.9 189.4 193.9 193.3 186 178.7 176.6 173.9 172.2 170.5 170 169.7 169.4 168.4 167.8 164.2 168.4 169.1 169.6 171.2 173 175.9 179.9 186 187.9 193.4 204.3 210.9 214.5 213.9 213.6 212.4 208.9 204.8 200.1 196.6 194.9 190.3 187.7 184.6 183.9 182.5 182.3 183.6 183.8 183 181.8 179.9 177.7 176 173 169.3 164.9 161.3 158.1 156.9 155.9
80.9 82.3 82.9 84.5 86.6 90 93.8 99.1 107.3 112.9 111.2 102.7 98.6 102.1 112 116.3 122.8 126.7 129.7 132.3 134.1 138.5 147.4 159 165.4 168.4 173.5 178.1 180 174.9 169.8 166.2 163.4 160.8 160.2 161 162.3 163 163.2 162.8 163 164 161.8 163.9 164.7 165.9 168.1 170.9 173.9 178.5 184.1 191.1 199.9 208.7 212.8 213.5 212.9 211.2 207.2 201.6 196.5 191.6 187.5 185.3 182.8 183 183.4 182.4 183.3 184.4 185.5 185.4 184.6 182.8 178.8 176.3 173.9 170.4 167 163.4 159.9 157.8 156.5 155.5
80.7 82.6 83.9 86.1 90.8 94.8 100.5 108.7 116.2 123 123.5 116.2 112.2 107 103.3 106.4 113.7 119.6 123.3 126 128.2 134.3 140.5 146.4 150.9 152.2 153.1 153.8 155 151.9 152.3 152.9 152.4 152.9 154.6 155.6 156.5 157.1 157.6 158.9 159.9 160.7 159 160.3 162.5 164.6 167.3 170.9 175.8 181.5 188 195.1 204.4 208.5 211.6 211.3 209.3 204.4 198.3 192.9 189.2 185.6 182.6 181.3 181.3 182.1 183.4 184.4 186 187.3 187.6 186.6 183.8 178.9 176.2 173.9 172 168.4 165.3 162.2 160.2 158.5 157.3 156.4
80.3 82.3 85.5 88.3 94 102.4 108.7 117.1 124.9 130.6 131.9 126 121.5 116.1 110.9 106.5 107.4 112.1 114.9 119.7 120.8 123.7 127.1 130.8 135.7 137.6 139.8 141.3 142.4 143.2 144.2 145.6 147.3 149.7 151.3 152.3 153 153.3 153.5 154.8 156.3 157.3 156.3 160 163.2 166.4 169.6 172.9 178.7 184.6 192.2 199.6 205 208.7 210.6 208.9 203.5 196.7 190 184.9 182.2 181.8 181.8 182.3 183.8 186 186.5 187.3 188.1 186.3 185.1 183.6 179.7 177.2 175.3 172.8 170.3 167.6 164.7 163 161.5 159.9 159.2 158.8
80.8 82.6 86.9 91.8 99.1 105.7 114 122.7 127.1 128.2 126.9 126 124.5 122.4 119.3 116.5 115 114.4 114.9 109.8 112.6 115.6 122.1 125.4 128.9 131.5 134.2 136 137.1 141 142 142.2 143.9 146.4 147.6 148.9 149 149.2 149.9 151.4 152.6 153.7 155.6 161.1 164.8 167.8 170.9 175.2 183.1 191.4 198.8 203.8 206.4 207.6 207.9 200.5 192.7 185.8 182.8 181.8 181.7 182.1 182.9 184.9 188.8 188.4 186.5 185.6 183.4 182.3 181.2 179.6 177.3 175.9 174.5 172 170.1 168.7 166.2 163.8 162.5 162 161.6 161.2
80.3 83.3 86.5 92.5 99.4 106 112.2 119.2 120.4 121.3 122.6 124.5 126.1 126.6 127.1 126.4 125.5 124.7 124.4 123.4 121.8 120.8 116.1 116.5 118.7 122.5 123.8 128.2 134.9 136.9 138.9 139.5 140.4 141.9 143.1 144.3 144.9 145.6 146.4 148.2 149.5 155 160.2 163.4 166.4 169.5 172.7 179.8 187.7 195.6 201.5 203 204.5 199.7 193.3 187.1 183 181.5 181.1 182 182.9 184.4 185.5 189.5 192.1 190.3 187.4 182.5 179.8 178.6 178 176.8 176.5 175.1 175.2 173.7 171.9 169.6 167 164.6 164.4 163.8 162.7 160.9
80.5 83.6 86.8 91.7 97.8 104.1 109.6 115.6 119.9 121.6 124.3 127 129.9 132.9 135.6 137.9 137.1 136.7 135.6 133 131.8 129.8 128.8 127.9 127.6 125.8 126.5 123.9 125.4 126.4 129.6 131.8 135 137.3 139 140.2 141 141.8 143.3 146 151.5 156.8 161 164.8 168 171.2 176.7 184.9 193 197.9 201.1 199.3 193.5 187.5 183.8 181.7 180.2 181.2 182.6 184.2 186.6 189 192.4 195 194 190.3 184.9 179 176.9 176.4 176.5 177.2 178.1 178 176.9 174.7 172.7 170.6 167.7 165.3 164.4 162.9 161.7 159.9
80.5 83.7 87.5 92 96.3 101.7 107.9 114.5 120.5 123.6 127.9 130.8 135.3 141.2 144.6 147.5 148.9 150.5 148.1 143.6 141.4 140.1 138.2 137 136.7 135.6 136.2 136.6 133.5 134.6 135 135.4 132.3 134.5 136.2 137.9 140 142.1 145 148.9 153 157.2 161.6 165.9 169.5 174.4 181.9 188.4 193.3 195.6 195.6 190.5 186.7 182.7 180.4 179.4 181.3 183.4 185.3 186.8 192.8 196.5 198 196.5 191.7 186.9 183 178.4 179.2 179.7 180 180.1 180 179.1 178.3 176.2 174.8 171.7 168.7 165.7 162.4 159.9 158.7 157.7
80.7 84.5 88.3 92.8 97.6 102 109.2 114.7 120.5 125.2 131.6 137.2 143.2 148.8 153.6 156.8 160.5 164.5 162.4 155.6 150.3 147.8 145.7 143.9 142.8 141.6 141.1 139.7 136.5 137.7 137.5 137.9 137.6 136.8 137.8 140 142.8 147 149.4 153.4 157.8 160.9 164.4 168.6 174.3 182.8 186.8 188.8 192.5 193 188.6 185.1 181.9 179.4 177.9 181.4 183.9 185.3 188.3 192.8 198.4 198.5 196.4 193.9 191.1 187.7 185.3 183.7 184.9 184.1 183.2 182.3 181.9 181.2 179.6 177.3 173.1 168.9 164.7 161.3 158.9 157.1 156.3 155.5
81.9 86.1 90.1 95.3 100.2 105.1 111.6 117.1 123.1 130.2 137.1 143.5 149.5 155.7 161.8 165.8 167.3 168.8 166.2 162.5 157 151.4 149.3 146.5 145.2 144 142.6 141.4 139.7 140.6 140.4 141 141.1 141 142.4 144.7 147.8 151.9 154.9 158 161.3 163.9 167.4 172.6 180.8 186 186.3 187.5 188.4 185.5 180.8 177.8 175.7 174.3 180.1 183.9 185.8 187.5 191.6 194.5 197.6 198.1 196.6 194.2 190.3 188 188 188.5 187.6 186.5 185.6 184.6 184.1 181.8 177.4 172.7 168.1 164.2 159.9 157.8 156 155 154.2 153.1
83 87.2 91.7 97.9 103.4 108.5 113.9 120.8 127.8 135.2 142.8 149.7 155.9 162.1 168.3 170.7 170.9 168.6 165.3 161.9 158 154.9 152.2 149.2 147.4 146.1 144.9 144.1 143 143.3 143.3 143.9 144.6 145.3 147.3 149.8 152.9 156.8 159.1 161.5 163.4 166.3 171.4 179.4 182.9 182.5 181.7 179.3 176.5 173.2 171.1 170.2 171.5 176.8 180.3 183.6 186.2 189.1 193.7 195.8 197.7 200.4 199.3 191 189 189.3 190 189.8 189.4 188.6 184.7 183.8 180.9 176.4 172 167.4 163.7 160.4 157 155.4 154.1 152.9 152 150.7
84.3 88.9 93.8 100.1 105.9 112.2 118.7 125.6 132.6 140.2 148.7 156.9 163.1 169 172.1 172.3 170 166.7 163.3 160 156.8 154.5 152.7 151.8 149.7 148.2 147 146.2 145.9 145.3 145.4 146.4 147.9 149.2 151.4 153.3 155.4 157.8 160.7 163.1 165.6 171 177.5 180.6 179.6 176.9 175 171.7 169.3 166.5 165.6 168 173.6 176.9 179.1 182.4 187.2 192.9 195.8 196.9 201.5 194.1 188.8 188.3 189.1 190.5 190.3 189.5 187.5 185 182.4 179.1 175.4 170.9 166.8 163.2 160.3 158 155.3 153.8 152.6 151.3 149.9 148.7
85.9 90.6 97 103.3 109.5 116 123.3 131.2 139.1 147.8 156.8 164.4 169.5 173.2 173.3 170.6 167.3 163.9 160.6 157.6 155.7 153.6 152.2 151.5 150.7 149.7 148.5 148.2 148.5 147.5 146.6 147.2 148.6 149.9 151.4 153.4 155.9 158.7 161.7 164.7 170.1 176 179.1 177.8 174.6 170.9 168.5 165.6 164.3 162.1 163.9 168.6 171.7 174.9 179.3 185.1 190.4 193.8 194.9 193.3 188.8 187.2 187.3 189.1 189.6 188.7 186.6 185.1 183.3 179 176.7 173.3 169.1 165.6 163.2 160.8 158.4 156.5 154.3 152.5 151.1 149.8 149.5 149.2
87.5 93.2 100.4 107 114.4 121.8 128.7 137.3 146.4 155.1 163.6 169.6 173.1 173.6 171.3 168 164.6 161.2 158.4 156.2 154.5 152.5 151.8 151 150.2 149.3 148.6 148.2 148 145.9 145.6 145.8 147.3 148.6 151.5 154.1 156.7 160.6 164.6 168.7 174.1 175.2 174.5 171.8 167.5 165 161.8 159.9 158.6 158.9 163.2 166.4 170.2 175.1 182.5 187.2 190.1 190.8 190.2 188 185.6 185.3 188.1 187.8 186.8 184.3 181.5 180.1 177.2 173 171.9 169.8 165.6 162.1 159.9 158.4 156.5 154.6 153.3 151.4 149.9 151.2 151.3 151.5
91.7 97.1 105.6 113.6 120.6 127.6 135.1 145.5 153.9 161.2 167.8 171.4 172.9 171.2 168.3 164.9 161.6 159 156.7 155 153.4 152.1 150.6 149 148.2 147.3 146.8 146.2 145.6 144.8 144.2 144.6 146.4 149.5 153.2 156.2 160 164.1 168.2 170.8 171.1 170.8 168.5 164.5 160.5 157.2 155.2 155.2 154.5 158.8 163.1 166.7 171.9 179 182.1 184.1 186.4 187.5 184.7 182.1 182 182.4 183.3 183.6 183.2 182 177.2 173.9 170.9 168.1 168.1 166.2 162.1 158.9 157 155.5 154.4 152.8 151.6 151 152.4 153.7 153.8 153.6
98.2 104 112.9 120.4 127.3 134.9 145.4 155.8 162 166.1 169.2 170.3 169.9 167.5 164.7 161.9 158.6 156.2 154.6 152.9 151.3 149.4 148 146.7 145.4 143.9 143.5 143.1 142.5 142.9 142.4 145.1 147.8 151.3 155.6 159.5 162.3 164 165.1 166.5 163.9 161.7 158 154.6 152.9 151.2 150.9 151.5 155.9 159.7 163.9 169.2 174.7 177.1 179.5 180.7 181.9 180.9 178 178.2 178.3 179 179.9 180.1 179.7 176.9 172.5 169.7 166.5 164.7 164.4 162.2 158.5 157.4 155.8 154 152.7 152.2 152.4 153.6 154.6 155 154.8 154.4
103.7 111.9 120 127.5 134.8 143 153.2 160.6 163.5 167 168.7 168.4 166 162.3 158.8 156.7 155.8 153.6 152 149.4 147.5 145.4 143.3 141.7 140.2 138.8 138.7 138.9 140.1 139.9 143.7 147.6 151.3 154.9 157.5 160.6 161.7 160.7 160.4 158.8 156 153.6 151.9 150.2 148.5 148.4 149.2 154.1 156.8 160.6 164.6 169.8 173 175.1 176.2 175 173.1 172.7 173.8 174.3 175.1 177.2 178.9 177.2 175.1 171.7 168.1 165.6 163.8 162.5 161.2 159.3 157 155.9 154.2 153.6 153.5 153.7 154.5 154.8 155.1 155.5 155.8 155.2
111.2 119.3 126.5 134 141.7 148.7 155.8 161.3 164.4 166.8 166 161.8 157.5 154.6 153.4 152.4 151 150.7 147.8 144.6 141.4 138.2 136.1 134.9 133.7 132.6 133 135.2 138.9 142.5 146.1 149.6 152.4 155.6 157.4 159.1 158.7 157.4 155.1 153.8 151.2 148.9 147.6 146.1 145.5 146.7 149.9 152.7 156.3 159.1 162.9 166.3 168 169.5 167.8 167.4 167.7 169.5 171.3 172.5 173.8 176.7 174.6 172.1 169.8 167.6 165.4 163.3 161.3 159.9 158.6 157.2 155.8 154.7 154.6 154.5 154.4 154.4 153.7 154.2 155.3 156.1 156.3 154.8
118.7 126 132.8 139.7 146.4 151.5 157.1 160.3 160.2 158.3 154.9 151.7 148.7 147.7 147.4 148.7 146.2 143 139.3 136.3 133.3 130.7 129.7 128.6 129.2 130.1 131.2 134.4 139.2 143.7 146.8 149.8 148.8 150.9 152.8 153.8 152.9 150.5 147.9 146.3 144.8 142.7 141.7 141.9 145.2 148.6 150.2 152.9 154.8 156.5 159.4 161.6 162.8 162.7 162.4 162.7 164.2 166.6 169.8 171.3 172 170.4 167.8 166.7 165.9 164.2 162 160.3 158.9 157.3 156 154.9 154.1 154.3 154.2 154.2 153.8 152.9 152.8 153 155.2 156.3 156.9 156
125.2 132.1 138.6 145.3 149.6 153.8 154.2 153 150.2 146.6 144.2 142.9 141.8 143.6 143.1 139 135.7 133 130.4 127.8 125.7 124.6 124.4 124.5 125.5 128.3 132.2 135.6 138.9 142.8 145.7 146 146.5 143.7 144 145.4 143.6 141.7 140.7 139.5 138.1 137.1 142.6 145.6 147.5 148.7 149.3 150.5 152.3 153.8 155.5 157.2 157.1 156.9 156 159 161.9 165 169.1 169.5 167.9 165.9 163.7 162.5 161.4 160.6 158.5 156.9 155.5 154.9 154.1 153.3 153.5 153.7 153.7 153 152.1 151.2 151.5 153.1 156 157 157.2 157.4
131.6 135.9 142.7 145.8 147.4 147.7 145.8 144 141.1 138.8 138.3 139.1 138.6 136.9 131.9 128.2 126 123.5 121.7 120.7 120.7 120.3 121.2 121.1 124.4 128.3 132.1 135.6 138 139.8 140.7 140.5 139.6 136.4 135.1 135.1 135.4 134.1 134.1 134.1 134.6 140.3 143.9 146.1 146.6 147.6 148.2 149.4 150 150.8 151.5 151.4 151.3 151.5 154.3 159.7 164.8 167.8 168.3 165.5 163.5 161.5 159.8 158.6 157.4 156.3 155.1 153.4 152.9 152.5 152.3 151.9 152.1 152.3 152.1 151.3 150.4 149.5 150.9 154.3 156.7 157.4 157.6 157.8
135.6 138.9 140.9 141.4 140.4 139.1 137.3 135.4 134.4 134.1 136.4 132.6 128.5 124.4 121.9 119.7 117.9 115.7 115 115.2 115.4 115.8 119.3 122.3 125.4 128.5 131.2 132.5 134.5 133.8 134 133.3 132.8 131.1 130.2 130.7 132.3 130.2 129.3 130.9 135.3 139.2 142.1 143.7 145.1 145.9 146.7 146.4 146.1 145.8 146.6 146.7 147.5 151.5 155.3 159.6 165.9 165.6 163.9 161 159 157.1 155.7 154.6 153.4 152.2 151.1 150.6 150.3 150.5 150.9 150.9 150.2 149.7 149.3 148.9 148.4 149.6 152.1 155.4 156.3 157.2 158 158.1
134.1 135.1 134.8 133.6 132 130.7 129.1 128 128.9 129.6 125.7 123 119.3 117.1 113.1 111.6 109.4 108.9 108.8 110.8 112.9 115.4 119 122.6 124.7 126.6 128.2 128.4 128.4 127.3 126.2 125.5 125.1 124.7 125.5 126.7 129 129.2 128.4 130.7 133 135.6 138.2 140.6 142.6 143.9 143 143.2 142.8 142.2 142 143.9 148.4 152.6 156.7 162.1 160.8 159.9 157.7 156.4 154.5 152.6 150.8 149.6 148.5 147.6 147.2 146.8 147.1 149 149.6 150 149.3 148.4 147.1 146.5 146.8 149.8 152.8 153.6 154.6 155.9 157 157.9
129.1 128.4 126.4 124.6 123.3 122.2 123.3 123.1 121.7 120.2 117 113.8 110 106.9 105.3 104.9 104.7 104.1 106 109.4 112.3 115.3 118 120.1 121 123 122.3 121.2 121.2 120.2 120.3 121.3 121.2 120.8 121.9 123.3 125.2 126.6 128.2 129.5 130.4 132.9 137.2 139.1 140.9 141.1 140.3 139.4 139.2 139 141 145.1 149.3 153 156.3 156.6 155.4 154.6 151.6 150.9 149.8 148 146.1 144.7 144.2 143.8 143.4 143.3 145 147.4 148 148.7 148.3 147.1 145.7 144.3 146.7 149.6 151.8 152.4 152.2 153.8 155 156.8
121.6 121.2 119.2 117.9 118.3 118.5 117.3 115.5 113.7 111.4 108.4 105.4 102.7 101.1 100.6 100.2 100.1 104.2 106.4 109.2 112.3 113.9 116.5 117.8 118.4 118.5 117.8 116.6 115.4 116 116.7 117.5 117.4 117.7 119 120.8 123.3 125.5 128.1 129.6 130.9 132.9 136 136.8 137.4 137.6 137.1 136.4 136.3 138.1 141.6 144.8 147.7 150.8 152.5 152 151.1 148.5 146 145.5 144.9 143.2 141.4 140.3 139.9 139.7 139.9 139.6 142.4 145.5 147.7 147.1 145.9 143.9 141.9 144.2 146.1 146.5 147.4 148.5 149.1 149.3 152.3 158.1
113.6 114 114.3 114.8 114.3 112.3 109.6 107.7 105.9 102.5 99.7 97.6 97.2 96.6 96.5 98.2 101.3 104.1 107.4 110.8 112.5 113.9 115 115.8 115.7 115.4 115.2 114.5 114 114.3 114.6 115.3 116.2 117.2 118.8 121.5 124.1 127.1 128.5 129.7 131.3 132.4 134.2 134.3 134 134.1 133.9 133.5 135.7 138.8 141.5 144.2 146.7 148 147.3 146.4 144.9 142.5 140.5 140 139.4 138.4 136.6 136.4 136.6 136.8 137.1 137 139.9 142.9 144.1 143.6 142.5 141.7 139.1 142.4 142.8 143.1 143.4 144.3 145.4 148.1 153.6 159.5
107.5 108.2 109.6 109.4 108.4 105.7 103 100.2 97.6 95.2 94 93.3 93.7 95.9 98.8 101.4 105.5 108.5 111.5 113.4 115.3 117.6 118 117.1 115.5 114.4 114.2 113.6 113.5 113.7 113.9 114.5 115.6 116.7 119.3 121.9 124.5 126.8 128.4 129.4 130.3 131.1 131.7 132.3 132.2 131.5 131.1 133.3 135.3 137.5 139.8 140.7 142.3 142.8 141.6 139.5 137.8 136 135 134.5 134 133.4 133.5 133.5 133.7 134 134.2 134.6 137.4 139.9 140 140 138.9 137.9 137.8 138.7 139.5 139.9 139.8 140.7 143.2 148.6 154.7 159.4
103.8 105.2 104.4 102.7 100.5 98.6 96.7 94.8 92.7 92.6 91.5 93.4 95 98.7 103.4 107 110.5 113.7 117.4 119.7 120.9 120.8 120.1 118.9 116.1 113.7 113.2 113.1 112.9 113.1 113.4 113.9 114.9 115.9 118.3 120.9 123.2 126 127.9 128.6 129.5 129.1 128.9 129.5 129.6 129.8 129.7 131.9 133.8 135.2 136.8 137.5 138.1 137.2 136.2 134.9 133.6 132.2 131.8 131.7 131.5 131.4 131 130.9 130.9 131.6 132.6 133.7 136.5 137.3 136.6 136 135.3 134.2 135.8 135.9 136 136.4 137.4 139.3 144.2 150.2 154.1 158.1
100.2 100 98.4 96.7 94.9 93.5 91.6 90.7 90.4 89.7 91.7 94.2 98.2 104.2 108.6 112.8 116.3 121.3 123.3 124.3 123.8 120.7 117.7 116.7 115.5 113 112.9 112.7 112.7 113.3 113.9 114.8 115.8 117 118.4 120.3 123.7 126.9 127.1 127.3 128.6 127.3 126.9 126.7 126.9 127.4 127.7 129.4 131.2 132.4 133.7 134 133.8 133.1 132.2 131 130.3 129.9 129.9 129.8 129.6 129.5 129.2 129.6 129.8 130.7 131.7 132.8 135 134.6 134.1 133.4 132.9 132.9 133.8 133.9 134.5 135.4 136.7 140.4 146 150.2 152.5 154.6
95.8 94.8 93.6 92.8 91.4 90 89.1 89.3 89.2 91.4 93.8 97.5 102.1 107.1 113.6 118.9 125 126.6 125.6 122.9 121.5 118.9 115.3 114.1 112.6 112.9 113.2 114.1 115 115.4 115.9 116.6 117.6 118.8 120.3 122.6 125.5 126.8 128.3 125.7 125.8 125.6 125.2 124.7 124.9 125.3 126.3 127.6 129 130.1 130.7 130.7 130.4 129.8 129.4 128.7 128 127.8 127.8 127.9 127.8 127.6 127.3 128.1 129.2 129.8 130.9 131.9 132.4 132 131.6 131.2 132.9 133.4 133.3 133.3 133.5 134.4 135.8 140.4 144.2 145.9 148.2 150
92.2 91.1 90.4 90.2 89 87.6 87 88.4 90.8 93.8 97.3 101.9 107.9 113.9 119.4 125.5 126.8 125.8 123.4 120.5 117.7 115.3 113.4 110.3 113.3 113.3 115.1 116.6 117.4 117.8 118.5 119.2 120 120.9 122.9 125.3 126.2 126 126.1 124.8 124.4 124 123.5 123.4 123.7 124.2 125.7 126.5 127.2 128.3 128.3 128.2 127.7 127.1 126.7 126.5 125.8 125.7 125.7 125.7 125.8 125.7 125.5 126.5 127.7 129 130.4 130.1 129.8 129.4 129.3 129.9 132.5 133.9 134.3 133.7 133.1 133.3 136.1 140 142.5 143.9 144.7 145.3
88.6 87.6 87 87.1 86.7 85.2 87.2 90.1 93.6 98.3 103.2 109.2 116.5 122.4 125.9 126.1 125.5 124.1 121.4 118.8 116.8 115.3 113.3 113.6 114.3 115.3 117.2 119.1 119.8 120.4 121.1 121.8 122.7 124.7 126.4 127.1 126.8 125.7 124.1 123.4 122.9 122.3 121.9 122.4 123 123.6 124.7 125 125.8 125.8 125.5 125.3 124.9 124.4 123.9 123.7 123.6 123.5 123.6 123.6 123.7 123.7 123.8 125 126.3 127.9 127.3 127.2 127.9 128.8 129.6 131.8 134.2 134.8 133.8 133 132.2 132.8 136.3 137.7 140.1 140.5 140.6 140.7
85.2 84.3 83.7 83.4 84.4 85.4 89.3 93.2 99.6 104.4 111.7 119 125.2 127.1 127.8 126.9 125.3 122.7 121.2 119.4 117.4 115.5 112.9 114.4 115.9 117 118.3 121.6 123 123.5 124.2 124 125.5 127.4 127.9 127.6 126.7 125.2 123.5 122.5 121.9 121.4 121.2 121.5 122.4 123.1 123.6 123.4 123.4 122.9 122.8 122.4 121.9 121.7 121.1 121 121.7 121.1 121.1 121.2 121.3 121.4 123.6 124.2 125.6 126.7 127.7 128.9 129.3 129.6 131 133.7 135.2 134.6 133.3 132.2 131.4 131.9 134 135.1 135.6 136.2 136.3 136.5
81.9 80.9 81.2 81.5 85.2 88.2 92.6 97.7 105.3 113.1 120.9 126.6 129.7 130.3 130 127.6 125.1 122.2 118.9 117 115.5 114 110.5 114.1 116.5 118.1 120.6 124.7 125.4 126.1 125.6 126.5 128.2 128.6 128.2 126.6 125 123.6 122.2 121.4 121.4 120.6 120.6 120.7 121.2 121.7 121.5 119.8 119.8 118.9 120.1 119.5 118.9 118.7 118.4 119.1 119.9 119.2 118.9 119.1 119.4 121.4 123.9 126.3 128.3 129 129.6 129.3 129.3 129.5 133 135.1 135.3 134.2 132.8 131.5 130.7 130.1 131.5 131.6 131.8 132.2 133.1 134
78.7 78.3 79.5 82.5 86.7 91.2 96.6 103.8 114.4 122.7 128.2 129.7 130.6 128.8 124.5 121.4 118.9 116.4 114.6 113.4 112.1 110.2 104 113.8 118.5 124.1 125.1 125.7 126.5 126.7 127.6 129.1 128.9 128.5 126.6 124.9 123.2 121.9 120.5 120.4 120 120 120.4 120.8 120.9 120.8 120.3 120.9 119.8 118 115.6 114.6 117.6 117 116.4 117.1 118.1 117.4 118.1 118.7 121.2 124.6 129.7 130.3 129.3 129.2 129 128.6 129.5 131.2 134.9 135.5 135 133.7 132.2 130.6 130 129.1 129 129 129.2 129.8 130.7 130.8
75.5 78.9 81.5 85.2 89.3 94.9 103.7 112.5 122.6 128 129.2 127.3 125.2 122.4 118.8 115 112.5 110.5 108.9 107.9 102.5 105.3 113.5 119.2 120 125.5 125.9 126.2 126.8 127.9 128.7 129.7 128.3 127.4 125 123.1 121.5 120.2 119.1 120.9 121.6 122.4 122.6 122.1 122.4 122.8 123.2 122.5 120.7 119.4 117.8 113.2 116.5 117.2 116.3 116.3 116.3 117 117.6 120.4 123.4 126.6 128.5 128.2 128 128 128 129.2 131.8 134 135.2 134.2 133 131.6 130.2 130.2 129.6 128.6 127.7 127.9 127.5 127.4 127.3 127.5
