UK/data/ng/ng92_OST50GRID_20230518/NG92.asc
ncols 200
nrows 200
xllcorner 190000
yllcorner 820000
cellsize 50
[rows 35 to 69 of 200, columns 0 to 77 of 200]
34 50.8 64.4 74.9 88.9 99.8 123.1 155 187 201.7 203.3 204.3 209.7 233.2 260.3 270.2 279.5 284.5 290.9 294.7 312 322.5 323.3 335.2 339.3 347.6 352.9 345.7 334.9 332.2 343.5 352.6 348.4 344.6 353.5 358.8 349.8 347.4 346.2 347.9 333.8 324.9 336.3 330.6 325.4 322.9 325.3 323.4 339 367.6 390.5 383.4 389.3 398.7 379.2 360.4 350.4 342.7 331.9 321.6 304 296.6 292 281.5 273.1 268.4 282.8 304 312.7 307.3 299.5 292.4 289.4 283.1 273.6 253.9 240.6 225
52 70 83.2 90.8 100 108.9 133.4 159 185.2 212.2 209.8 207.4 216.9 255.3 268.6 278.5 287.8 299.6 313.4 304.5 301 303 306.3 314.3 312 336.2 336.8 319.5 313.6 310 316.1 332.7 337.2 334.3 331.8 329.9 332.4 321.3 321.4 321.1 321.5 325.4 320.5 315.6 315.5 321.9 308.7 315.6 342 356.6 370.5 386.4 389.6 379.7 362.8 349 338.7 325 319 304.2 291.1 279.6 273.5 263.2 253.5 251.3 260.5 277.3 285.9 288.5 279.6 273 274.4 268.4 259.1 246.2 234.2 220.3
79 91.4 91.2 100.4 108.9 121.8 159.5 172.9 211.2 217.5 211.4 206.9 227.2 266 267.3 275.9 292 302 305.7 303.5 297.5 287.4 271.7 270.5 294.7 295.1 286.6 286.3 280.3 281.6 275.4 283.5 299.5 295.4 304.5 318.4 312.7 295.2 288.7 291.2 291.3 299.1 316.9 311.2 307.4 295.8 295.9 307.5 326.4 327.1 330.2 342.4 343.6 342.1 335.8 332.9 320.2 313.1 301.6 286.4 266.2 256.1 249.5 240.6 225.9 227.6 229.2 236.3 248.4 251.6 244.7 244.8 246.3 246.8 240 235.6 222.9 210.1
77.7 88.2 102.2 111.7 118.6 139.3 175.6 187.3 207.2 204.3 203 201.6 222.8 262 268.7 281.3 286.3 268.1 268.6 273.8 276.2 267.9 246.4 234.4 230 243.7 249.3 250.1 249.1 243.4 243.5 242 261.4 260.3 270 275.6 269.2 261.6 257.3 257.2 259.2 262.9 274.1 270.2 266.6 282 267.7 275.8 295.7 300.8 281.8 280.7 285.6 308.6 300.2 298.5 288.4 293.7 279.7 273.4 254.1 223.8 217.3 210.1 201.4 200 207.4 207.9 209.5 215.2 218.3 226.6 229.3 227.3 219.1 216.2 219.3 213.3
84.6 99.3 110.2 120.3 133.8 160.8 172.9 177.3 187 188.9 186.5 191.2 201.1 232.6 251.9 260.9 266.2 251.2 245.8 244.2 237.8 224.9 211.2 198.2 192.9 211 229.2 219.9 220.7 211.8 208.4 210 209.3 220.5 222.5 234.5 225.3 230.9 230.5 234.5 239.6 232 230.4 230.5 236.2 241.1 232 242 236.5 245.8 250.6 236.1 233.3 249.7 258.7 242.5 243.6 244.1 252.4 245.3 224.6 201.9 188.1 180.2 183.1 188.3 187.5 191.9 182.2 179.7 186.4 191.6 214.8 229.1 229 229.7 223.1 214.3
99.5 105.8 113.1 129.1 143.8 165.6 161.9 159.7 167.9 167.3 168.3 170.3 176.5 189 197.2 217.6 218.1 216.4 207.9 199.9 199.2 193.4 180.9 170.6 159.3 175.9 193.9 186.8 170.3 177.5 177.9 164.7 172.5 179.9 181.3 191.2 193.3 199.6 201.1 203.7 204.9 207.6 203.8 206.6 199.2 192.4 202.1 199.1 205.9 210.6 205.9 193.4 188.7 196.8 191.8 189.4 192.2 200.9 192.4 182.2 174.9 168.4 168.1 164.8 169 171.1 170.2 174.4 184.8 198.3 214.2 231.1 255.8 246.8 249.9 251.4 235.3 224
85.5 97.4 113.3 133 132.3 133.7 134.3 140.4 147.2 143.6 151.3 150.3 156.2 161 175 188.4 185.5 180.4 172.7 166.9 152 142 138.7 138.5 129.9 136 137 139.5 146.4 152.5 142.7 140.2 151.7 156 149.8 155.3 166.4 179.1 175.2 168.1 169.9 172.1 173.6 167.7 168.4 160.3 152.3 150.1 164.1 154.7 158.6 157.5 153.8 148.5 149.2 150.9 147 142.4 137.2 142 147.2 150.7 153.3 157.7 154 158.5 168.3 176.6 194.9 211.3 226.9 240 256.6 257.5 268.9 261.7 244 238.5
70.4 79.9 98.7 109.6 104.5 104.5 104.2 112.5 124.4 128 128.1 125.1 132.1 136.6 145.1 156.4 148.1 151.9 145 131.7 125.3 115.3 110.9 104.9 104.3 98 99.4 103 120.1 112.9 100.8 106.9 114.9 134.4 132.7 135.7 145.1 150.1 162.8 148.1 154.8 164.9 152.5 138.1 132.9 127.5 125.3 120.5 117.4 115.9 118.9 123.6 121.4 116 115.5 120.6 119.6 139.2 151.1 152 146.7 143.8 149.8 149.4 154.9 163.2 168.2 183.5 203.5 224.9 243.9 259.4 264.5 267.9 272.2 266.1 263 251.4
51 61 72.3 79.3 75.5 79.5 81.5 89.3 96 97 99.6 100.3 107.1 108.9 111.6 119 110.4 105.1 106.6 105 96.6 92.7 84.9 78.3 81.5 74.7 70.7 79.7 76.3 78 79 83.9 95.6 103.4 118.7 109.8 115.2 121.6 119.4 113.6 113.8 124.1 112.9 107.9 106.2 103.3 105.1 99.1 100.9 101.1 99.4 106.3 116.9 125.2 134 139.4 141.6 152.8 160.2 162.2 159.9 159.2 156.1 158 164.8 171.1 187.2 204.2 218.7 239.8 266.3 272 276.8 285 280 279.3 270.5 254.3
37.7 43.7 50.5 52.5 55.1 57.4 66.4 72 71.2 78.7 76.7 77.2 80.8 85.9 84.5 81.3 79.7 76.9 78.9 77.7 71 64.9 58.4 60.1 63.7 60.3 58.5 60.5 63.6 65.6 67.7 68.9 69.9 72.3 76 78.8 82.1 86.8 80.1 82.4 81.3 82.8 83.6 85 86.8 89.3 91.8 96.3 98.3 100.1 110.7 117.7 125.4 135.1 142.6 150.9 155 163.2 170.5 171.6 168.6 166.7 166.7 170.1 175.4 187.4 204.3 217.3 233.3 244.9 263.1 275 283.1 285 281.8 278.5 266.3 257.7
23.4 27.4 32.9 35 38.2 43.8 50.8 49.5 52.5 58.4 57.7 62.3 60.6 59.1 58.6 57.1 60.1 58.9 56.4 57.9 54.4 51.5 54.1 55.5 55.9 59.7 63.7 68.3 69.1 73.3 78 81 83.4 81.7 83.2 82.8 84.3 80.5 80.1 87.1 90.8 95.1 99.4 99.7 97 100 104 108.1 107.8 116.1 124 132.2 140.3 147.6 158.3 170.3 180.7 186.5 186.8 182.6 179.2 174.3 172.4 180.7 186.1 198.2 217.4 232.2 244.1 268.1 271.6 276.4 278.9 284.7 279.2 276.7 270 270.3
18.5 19.6 22.7 25.4 30.5 32.5 35.9 37.1 39.4 39 39.4 40.8 41.6 41.9 41.1 43.1 44.5 45.8 49.7 54.9 56.1 56.4 58 60.6 63.3 70.7 79.9 86.6 91 97 102.1 107.8 111.9 112.5 113.8 110.3 111.2 108.5 108.9 110.3 112.1 121.7 121.7 121.3 119.3 119.7 123.7 120.3 120.9 128.7 142.7 150.7 159 169.2 180.6 193.6 205 206.2 202.4 198.5 193.5 191.2 191.5 193.1 202.5 219.3 243.7 250.2 260.4 269.1 285.8 284.2 287.4 287.4 284.9 283.9 283.6 279.6
30.4 31.8 28.8 29.7 38.2 36 35.2 34.5 34.9 38.2 41.8 45.7 46.2 52 55.7 57.5 58.2 60.9 60.1 65 68.7 71.3 78.2 81.7 90.4 100.3 111 124.3 131.9 132.9 138.2 141.3 144.3 140.4 140 136.2 138.6 139.9 142.9 139 145.1 151.2 151.8 149.7 152.8 155.4 152.2 147.5 149.5 147.9 156.7 167 175.7 190.1 202.2 216.7 221 216.7 215.8 215.7 217.6 214.5 208.6 218.1 223.3 236.9 264.1 268.7 275.3 277.7 283.1 291.5 299.8 305.9 298.4 294.5 294.6 285.8
40.5 43.2 47 46.1 49.5 52.4 55.1 50.2 48.4 46.2 49.9 53.1 56.7 63.4 69.4 73.1 78.3 80.4 72.2 77.6 78.6 88.2 99.2 103.9 118.6 132.7 157.9 163.6 157.4 157.7 163.3 165 164.7 161.9 159 153.8 156.3 158.2 160.3 162.8 168.4 174.1 184.2 184.3 197.5 209.7 187.8 182.6 182.1 180.7 163.4 188.9 201.3 219.1 233.9 230.3 234.1 234.1 230 232.3 235.4 233.2 230.6 231.5 243.4 260.4 266.6 272.9 279.8 285.3 291.7 297.2 303.2 310.7 308.4 305 297.9 288.1
53.3 60 64.4 70.7 77.5 80.8 73.1 71.6 65.1 55.4 68.8 71.3 73.1 80.6 91.6 97.1 94.4 96.3 85.7 89.6 95.1 100.5 113.2 123.4 136.7 152.6 170.4 170.4 170.5 175.8 183.8 193.1 194 189.6 189.7 183.1 177.6 178.3 177.9 184.7 190.1 198.3 208.6 215.3 239.8 228.9 220.2 213.1 219.7 218.1 210.6 209.5 223.2 238.9 245 252.7 249.6 247 244.7 248.5 248.1 249.6 251.1 256 265.1 285 287.9 285.1 292.9 305.2 320.6 316.8 330.6 330.7 326.1 314.8 296.6 285.6
72.7 81.9 89.8 110.9 109.1 97.7 94.9 89.6 83.6 72.7 76.6 85.3 92.3 102.4 111.9 121.4 123.5 115.6 109.7 107.8 106.8 109.3 122.4 135.3 143.4 154.7 171.1 194.2 218.8 239.5 235.2 235.2 231.9 232.5 234.2 217 215.1 209.1 209.1 209.9 217.1 217.4 220.4 228.6 234.9 242.1 246.5 242.4 245 250.9 251.7 245.3 240.9 233.2 246.7 252.7 258.9 261.9 259.8 264.5 267.9 273.3 281.3 298.1 302.4 303.8 303.2 306.1 323.1 338.9 346.2 353.4 356.7 349 335.1 318.1 296.8 282.8
93.7 105 122.7 119.4 116.2 121 113.5 107.5 106.5 102.7 93.3 79.5 106 116.8 126.7 142.9 135.2 130.6 128.6 135 128.3 128.5 133.9 145.4 152.5 173.8 198.3 271.6 303.3 288.7 292.5 281.9 290.9 289.3 273.6 250.9 242.5 234.6 260.5 277.2 263.9 263.1 250.5 252.3 252.5 264.3 269.2 261.4 270.7 284.1 290.1 297.5 294.5 271.3 276.6 261.3 262.2 265.8 275.2 280 285.9 305.3 329.7 332.9 338.1 334.7 327.1 342.2 376.5 387.1 387.8 387.8 371.3 356.7 336 317.1 295.2 296.6
119.6 133.4 141.9 136 133 131.9 130 130.6 134.6 134.7 125.2 94.9 121 124.8 128.1 133.2 137.9 135.9 139.4 148 151.9 151.5 150.3 162.7 177.7 212.5 270.9 328.8 313.8 312.5 307.5 314.1 329.8 315.6 309.6 296.2 271.4 263.6 293.4 297.6 295.7 284.4 290.1 296.6 297 289.5 286.9 283.9 297 322 328.7 318.5 307.9 301.5 297.3 289.9 285.2 284.7 285.5 292.2 304 338.9 349.3 356.5 359.5 355.2 361.3 403.5 413.9 422.3 409.4 389.9 369.9 357.9 343.6 319 312.1 308.8
160.8 161.5 151.6 148.8 150.5 152.9 160.6 163.5 164.6 165.1 156 138.8 142.9 144 149.2 149 150.2 156.8 175.2 178.8 176.7 168.6 172.2 178.2 200.5 230.6 298.9 324.7 319 324.6 323.5 331.1 334.8 326.7 320.1 305.5 291.5 283.6 281.6 289.8 290.2 291.3 303.4 322.4 326.9 326 316.1 312 324.8 331.3 330.8 324.9 317.5 320.4 318.9 315.3 315.6 312.4 306 306 321.3 349.1 366.4 388.8 388.7 400.6 421.6 433.9 445.4 432.7 426.6 399.5 377 362.6 350.2 333.1 327.5 319.3
185.1 168.9 174 174.3 175.8 183.5 190.4 196.1 192.9 181.6 169.8 164 165.1 170 169.7 167.2 164.3 170.6 194.7 202.4 208.4 199.2 201.4 206.2 217.8 251.6 301.6 308.7 309.1 322.1 320.6 321.3 327.6 331.2 318.8 305.1 304.6 296.4 294.3 304.8 298.8 303.3 324.6 346 348.8 341.3 340 341.6 345.1 344.7 342.7 334 333.7 330.1 329.9 333.7 335 334.2 333.5 327.4 334.5 361.1 390.6 420.3 425.5 425.1 456 462.8 449.1 438.3 427.4 400.2 380.6 367.1 356.6 350.9 343 338.4
188.5 194.3 199.2 202.9 214.6 219.5 223.9 224.5 211.6 197.1 186.9 190.6 192.6 194.1 193.6 190.2 183.9 189.4 219 236.9 237.3 229.1 227.1 239.7 247 274.7 298.3 311.9 327.3 340.7 339.8 326.3 325.4 327.7 323.2 318.3 319.4 325 322.6 318.8 314.3 319.3 337.4 353.7 354.1 357.3 367.4 388.4 376.4 357.9 351 345.2 345.4 344.3 348.8 356.1 354.9 355.3 360.3 357.3 365.7 373.7 408.7 438.2 439.4 459.2 464 457.8 453.6 439.4 420.3 396.8 384.3 376.5 371.6 368.3 370.5 361.2
200.9 209.7 213.2 221.5 240.1 253.5 255 250.3 228.8 205.3 217.7 222.4 225.6 222.9 223 224.5 214.5 199.2 228.9 250.3 249.7 256 258.2 275.2 284.4 303 325.4 329.7 329.4 334.3 335.6 329 332.1 333.5 328.7 332.1 339.8 342.4 336.1 330.3 326.4 334.5 345 356 364.6 382.1 389 390.2 377.3 368.5 360.7 361.8 367.6 363.7 369.5 382.5 384.7 382.7 383.4 389.1 393.7 409.7 426.4 448.8 465.8 475.1 470.1 471.1 456.7 439.7 417.9 404.5 398.5 391.4 393.5 392.6 383.3 379.1
217.4 226.6 237.1 269.2 278.1 276.6 266.9 260.3 248.6 236.3 249.6 254.1 255.1 256.9 252.4 252.4 257.3 241.2 226.8 245 258.5 268.8 278.8 298.5 304.2 315.7 323.8 327.9 343.9 345.7 347 342.4 346.6 347.2 345.9 347.1 352.9 349.3 345.3 344.2 341.6 354.1 358.9 372.2 394 416.7 416.4 398.7 392.3 386.1 380.2 385.2 390.2 390.3 404.1 406.6 410.6 420.9 415.1 426.6 440.2 471.6 469 466.9 481.7 478.1 475.3 471.6 455.9 439.8 422.9 408.3 406 406.7 406.2 399.9 393.3 385.6
235 247 267.9 284 285.1 283.4 285.1 279.2 262.5 265.2 275.5 288.9 287.6 291.5 290.5 284 281.5 267.6 253 260.4 274.2 279.9 294.9 315.7 326.7 330.2 334.9 345.8 358.3 359.8 365.7 360.5 357 361.1 367.2 372.8 372.9 375.8 368.1 370.3 374.7 382.9 396.4 415.3 434.4 431.9 421.8 407.5 415.9 404.3 413.5 421.3 412 421.2 424.7 435.5 450.4 453.9 465.4 476.9 493.6 495.1 498.7 503.2 488.9 483.8 481.1 469 452.5 438.7 424.4 411.9 417.7 418.7 418.8 408.8 397.2 398.6
256.8 268.7 280.2 287.3 293.3 297.1 296.9 294.9 285.9 285.6 290.5 318.7 317.4 320.3 323 324.8 313.6 294.7 278.4 275.6 289.1 297.1 306.5 324.9 341 342.4 344.6 355.3 355.6 363.9 374.8 381.5 375.5 377.8 390.7 400.5 395.5 385 383.9 396.7 406.5 429 458.1 463.3 448.1 435.9 431.7 427.1 426.5 431.6 439.3 441.7 451.5 448.2 453.7 463.4 481.6 513.8 520.8 523 522.3 514.9 507.7 505.5 502.6 493.1 481.3 464.1 454.7 439.7 427.6 420 422.2 427.5 420.5 408.4 415.2 419.4
266.8 279.7 290.3 302.8 309.4 313.4 317.6 316.2 312.1 313 299.8 318 332.3 333.1 337.7 342.3 334.8 324 304.2 304.7 312.9 320.4 332.3 335.9 338.4 348 354.2 361.4 368.6 376.3 385.9 394.6 391.7 398 406 411.5 408.5 405.3 411.6 425.2 445.7 467 473.9 466.9 453 448.3 445.8 438.8 446.2 458.5 462 464.3 467.4 475.7 484.9 486.7 516.9 538.4 544.2 538 538.1 526.7 512.7 508.7 508.5 503.9 498.8 477.1 456.1 440 438.5 429.3 432.2 432.4 421.4 425.2 429.8 444.5
284 298.4 306.7 320.6 328 340.5 351.9 349.7 333.4 324.7 321.6 316.5 325.4 335.1 344.5 352.8 347.5 341.7 330.6 327.2 334.6 348.1 354.6 353.6 354.9 357.1 367.2 376.2 394 391.4 409.8 420 423.8 431 436.3 436.6 428.9 430.5 445 468.3 479.6 479.5 477.3 467.4 457.9 463.4 458.1 456.6 459.7 469.2 472.2 476.9 493 514.5 516.5 512.8 549.2 550.5 543.2 542.1 536.7 525.3 515.8 514.9 519.7 524.6 509.6 485.1 462.4 457.7 451.7 449.6 445.5 437.5 442.1 448.5 451.6 464.2
296.1 307.7 326.1 333.9 339.9 350.3 357.5 354.6 350.5 351.1 349.1 347 341.4 327.7 340 347 350.6 353.3 345.2 343 347.1 357.4 368.3 377.9 385.4 376.1 373.7 383.6 396.4 403.6 419.9 435.4 438.5 440 440 436.7 431.4 440.9 466.2 482.1 492.1 494.5 484.4 469.7 473.6 474.9 473.4 471.1 482.7 479.9 486.1 503.6 530.4 541.9 541.8 555.5 570.6 570.6 563.1 545.3 533 523.5 520.8 533.1 526.4 513.9 501.2 484.6 474.2 467.7 468.2 457.8 450.6 450.1 452 465.8 468.4 478
317.7 322.6 339.4 346.1 352 351.9 353.8 361.4 362.9 366.6 364.3 364.7 357.4 349.2 343.2 343.9 351.1 350.6 351.2 348.2 356.5 369.9 381 392.4 398.7 394.1 386.3 386.6 393.1 400.8 410.3 429.7 437.4 433.2 433 433.5 435.7 454.9 474.4 488.7 492.7 487.2 481.3 482.9 488.3 484.4 484 486.2 494 494 508.2 530.8 543.2 548.9 553.6 560.5 570.9 570.8 564.9 550.8 536.5 529 524.6 532.3 524.7 514.5 499.8 488.1 475.8 476.8 473.5 467.3 460 457.2 462.3 471.4 480.1 484.3
338.9 339.5 349.9 365.3 370.6 366.8 367.4 367.8 375 372.3 373.5 379.5 375.8 367 366.5 359.2 345.9 353.7 359.4 357.6 363.9 378.5 382 391.3 400.6 396.6 390.2 388.3 392.1 408.5 418.5 420.9 426 433.3 436 437.5 452.7 475.5 488.6 491 488.9 482.4 486.6 497.5 500.3 504.3 498.8 496.7 501.9 507.9 521.3 541.8 554.2 560.7 566.8 566.7 580.6 578.4 572.5 557.3 538.9 536 529.2 523.1 517.2 510 504.1 490 478.1 480.3 477.9 476.7 472.5 468.8 469 476.5 488.5 495.1
353.9 356.1 356.3 365.1 373.1 380 389.4 383.6 378.8 379.7 393.9 399.7 386.4 380.4 378.3 373.1 367.5 356.2 363.8 364.1 367.8 379.1 391.6 403.4 405.1 402.5 395 402.4 405.9 412 427.2 435.5 437.6 435.9 440.7 458.1 476.9 486.3 493.6 495 486.4 492.8 501.2 516.6 514.5 516.3 507.3 507.9 520.5 541.8 554.7 566 572.5 570.8 567.1 569 574.3 577.5 563.1 550.9 538.6 538.7 531.9 520.4 513.8 508.2 501.8 491 483.8 481.8 483.4 482.7 476.5 478.8 482.6 486.6 492.1 503.6
363.6 365.8 364 366.2 375.9 387.3 389.1 383.9 383.2 391.2 392.8 394.4 392.1 390 383.3 383.9 381.9 376.8 368.5 365.6 368.4 373.3 381.8 388.2 395.8 399.3 402.1 412.6 420.4 421.6 424.3 428.5 435.6 442.5 447.7 462.2 477.3 500.8 501.9 498.4 504.7 505.6 512.9 521.9 530.2 525.5 521.2 525.2 543.8 562.1 586 599.2 589 584.6 578.6 575 573.4 563.3 559.2 547.9 545.6 539.6 528.9 520.3 511.7 506.1 500 490.8 487.5 486 487.9 485.5 487.5 486.4 491 500.5 504.9 501
369 369.8 378.1 375.7 378 385.2 389 385.2 396 404.7 401.1 399.7 400.6 402.3 392.5 386 388.8 389.9 382.7 378.1 364.7 368.1 374.2 383.9 388.1 393.9 401.6 412.7 426.8 434.1 441.1 440.4 442.5 452.3 468.4 485.4 492.1 504.3 504.9 517.2 517.9 524.9 528.4 529.5 527.6 527.9 532.6 539 575.9 589.1 594.2 605.2 599 590.6 592.2 592.1 580.3 563.7 549.1 547.9 543.6 538.2 529.2 522.8 511.7 509.8 503.3 494.9 493.4 490.7 490.3 493.6 498.4 492.4 502.5 511.5 517.5 514.5
382.7 383.3 389 386.6 386.2 386.3 385.9 391.4 402.8 411.5 413 411.7 404.8 398.3 394.2 394.3 404.7 407.2 394.3 393.9 384.6 373 370.2 375.8 386.3 390.3 406.1 422.9 446.6 458.5 487.4 483.6 474.5 465.3 479.5 502.6 507.1 504.8 517.4 531.5 531.5 544.3 550.2 555.9 542.3 537.6 539.2 553.2 586.9 613.5 621.5 605.6 600.8 609.8 601.6 588.3 573.8 560.3 548.8 549.9 543.5 535.4 526 519.3 513.7 509.8 500.9 499.4 500.2 493.4 494.6 504.6 505.7 506 507.6 515.5 523.6 531
384.5 391.8 391 394.9 393.2 387 389 392.5 400.4 410.7 422.6 414.2 406.1 405.1 412.4 411 414.7 415.7 406 405.8 402.2 389.6 381.2 385.3 382.2 387.4 406.2 423.2 444 463 486.8 492 487.3 486.3 485.9 491.8 500.4 505.4 526.7 530 547.9 568.6 581.6 566 562.8 547.9 543.6 558.4 586.3 613.9 613.3 612 612.2 620.7 609 589.1 570.3 558.6 554.3 554.4 542.3 530.4 521.2 514.4 509.3 503 501.1 498.8 499 500.7 512.3 511.7 512.1 516.7 518.5 523.5 536 531
