UK/data/sn/sn30_OST50GRID_20230518/SN30.asc
ncols 200
nrows 200
xllcorner 230000
yllcorner 200000
cellsize 50
[rows 120 to 159 of 200, columns 89 to 177 of 200]
-2.2 -2.2 -2.2 -2.2 -2.2 -2.2 -2.2 -2.2 -2.2 -2.2 -2.2 -2.2 -2.2 -2.2 -2.2 -2.2 -2.2 -2.2 -2.2 -2.2 -2.2 -2.2 -2.2 -2.2 -2.2 -2 -1.7 -1.4 -1.1 -0.8 -0.6 -0.3 0 0.2 0.4 0.7 0.9 1.2 1.4 1.6 1.8 2.1 2.4 3.5 7.9 6.4 5.5 5.7 5.9 6.2 6.4 6.4 6.1 7.4 7.5 7.2 6.8 6.4 6.4 6.7 7 7.2 7.5 7.7 7.9 8.1 8.3 8.5 8.7 8.9 9.1 9.2 8.7 7.8 8 8.6 9.3 9.7 9.8 10 9.4 8.7 8.3 8.2 8.3 7.8 7.4 6.9 6.5
-2.2 -2.2 -2.2 -2.2 -2.2 -2.2 -2.2 -2.2 -2.2 -2.2 -2.2 -2.2 -2.2 -2.2 -2.2 -2.2 -2.2 -2.2 -2.2 -2.2 -2.2 -2.2 -2.2 -2.2 -2.2 -2 -1.7 -1.4 -1.1 -0.9 -0.6 -0.4 -0.1 0.1 0.4 0.6 0.8 1 1.2 1.5 1.7 1.9 2.1 3 5 6.8 5.7 5.7 5.6 5.5 5.7 6.1 6.1 7.1 7.2 6.9 6.5 6.6 6.6 6.9 7.2 7.6 7.9 8.1 8.3 8.5 8.7 8.9 9 9.2 9.4 9.1 8.2 7.4 8.1 8.7 9.4 10 10.3 10.2 9.4 8.8 9.1 9.2 8.7 8.3 7.8 7.2 6.7
-2.2 -2.2 -2.2 -2.2 -2.2 -2.2 -2.2 -2.2 -2.2 -2.2 -2.2 -2.2 -2.2 -2.2 -2.2 -2.2 -2.2 -2.2 -2.2 -2.2 -2.2 -2.2 -2.2 -2.2 -2.2 -2 -1.7 -1.4 -1.2 -0.9 -0.7 -0.5 -0.2 0 0.3 0.5 0.7 0.9 1.1 1.3 1.5 1.8 2 2.2 3.8 6.2 6.2 6.1 6 5.9 5.9 8.4 11.7 8.6 6.9 6.7 6.8 6.9 6.9 7 7.4 7.5 7.7 8.3 8.7 8.8 9 9.3 9.5 9.8 10 10.5 8.3 8 7.9 8.7 9.4 10.1 10.7 10.3 10.8 9.9 10.1 9.6 9.1 8.6 8 7.4 6.9
-2.2 -2.2 -2.2 -2.2 -2.2 -2.2 -2.2 -2.2 -2.2 -2.2 -2.2 -2.2 -2.2 -2.2 -2.2 -2.2 -2.2 -2.2 -2.2 -2.2 -2.2 -2.2 -2.2 -2.2 -2.2 -1.9 -1.7 -1.4 -1.2 -1 -0.8 -0.5 -0.3 0 0.2 0.4 0.6 0.8 1 1.2 1.4 1.6 1.9 2.1 2.2 4.4 6.8 6.6 6.4 6.1 6.6 7.9 10.8 11.8 9 6.9 7 7 7.1 7.3 7 7.2 7.5 8.1 8.7 9.2 9.4 9.7 10 10.3 10.6 16 13.4 9.2 8 8.3 9 9.8 11.2 12.2 12.5 11 10.4 9.9 9.3 8.8 8.2 7.6 7.1
-2.2 -2.2 -2.2 -2.2 -2.2 -2.2 -2.2 -2.2 -2.2 -2.2 -2.2 -2.2 -2.2 -2.2 -2.2 -2.2 -2.2 -2.2 -2.2 -2.2 -2.2 -2.2 -2.2 -2.2 -2.2 -1.9 -1.7 -1.4 -1.2 -1 -0.8 -0.5 -0.3 -0.1 0.1 0.4 0.6 0.8 1 1.2 1.4 1.6 1.8 2 2.1 2.7 5.1 6.8 6.6 6.8 7.2 7.4 8.3 8.5 10.6 7 7.1 7.3 7.5 7.8 6.7 7 7.5 8.1 8.7 9.3 9.7 10 10.2 10.5 10.7 14.4 14.9 11.4 9.3 8.1 8.6 10.4 15.4 17.2 16.1 11.1 10.6 10.1 9.5 9 8.4 7.8 7.4
-2.2 -2.2 -2.2 -2.2 -2.2 -2.2 -2.2 -2.2 -2.2 -2.2 -2.2 -2.2 -2.2 -2.2 -2.2 -2.2 -2.2 -2.2 -2.2 -2.2 -2.2 -2.2 -2.2 -2.2 -2 -1.8 -1.6 -1.4 -1.1 -0.9 -0.7 -0.4 -0.2 0 0.2 0.4 0.6 0.8 1 1.2 1.4 1.5 1.7 1.9 2 2.2 3.5 5.8 6.9 6.8 6.7 7.4 6.6 7 8.5 6.6 6.7 7 7.4 7.3 7.2 6.8 7.4 8 8.7 9.3 9.9 10.2 10.5 10.7 10.7 10.6 13.9 10.3 8.5 8.6 8.7 11.4 16.5 18 16 11 10.6 10.2 9.7 9.2 8.6 8.1 7.6
-2.2 -2.2 -2.2 -2.2 -2.2 -2.2 -2.2 -2.2 -2.2 -2.2 -2.2 -2.2 -2.2 -2.2 -2.2 -2.2 -2.2 -2.2 -2.2 -2.2 -2.2 -2.2 -2.2 -2.2 -1.9 -1.7 -1.5 -1.3 -1.1 -0.8 -0.6 -0.4 -0.2 0 0.2 0.4 0.6 0.8 0.9 1.1 1.3 1.4 1.6 1.7 1.9 2.1 2.2 3.9 6.3 6.2 6.3 7.3 10.6 8 10.8 8.4 6.7 7.2 7 6.8 6.6 6.8 7.3 8 8.6 9.3 9.9 10.4 10.7 10.8 10.3 10.2 10.1 9.9 9.5 8.9 8.8 10.4 11.2 12.9 13.4 11.3 10.6 10.2 9.8 9.4 8.8 8.3 7.9
-2.2 -2.2 -2.2 -2.2 -2.2 -2.2 -2.2 -2.2 -2.2 -2.2 -2.2 -2.2 -2.2 -2.2 -2.2 -2.2 -2.2 -2.2 -2.2 -2.2 -2.2 -2.2 -2.2 -2.2 -1.9 -1.7 -1.5 -1.2 -1 -0.8 -0.6 -0.4 -0.2 0 0.2 0.3 0.5 0.7 0.8 1 1.2 1.3 1.5 1.6 1.8 2 2.1 2.6 4.5 6.8 6.2 6.3 8.6 13.4 10.6 13 12.6 11.1 7.6 6.6 6.6 6.7 7.3 7.9 8.6 9.2 9.9 10.5 10.8 10.6 10.4 10.1 9.9 9.7 9.9 9.3 8.9 10.5 10.5 10.6 10.6 12.1 10.5 10.1 9.7 9.3 9 8.5 8.1
-2.2 -2.2 -2.2 -2.2 -2.2 -2.2 -2.2 -2.2 -2.2 -2.2 -2.2 -2.2 -2.2 -2.2 -2.2 -2.2 -2.2 -2.2 -2.2 -2.2 -2.2 -2.2 -2.2 -2.1 -1.9 -1.7 -1.4 -1.2 -1 -0.8 -0.6 -0.4 -0.2 -0.1 0.1 0.2 0.4 0.6 0.7 0.9 1.1 1.2 1.4 1.6 1.7 1.9 2 2.2 3.4 6.5 6.8 5.5 7.1 11.5 9.1 6.3 6.3 6.9 6.3 6.3 6.3 6.7 7.3 7.9 8.6 9.2 9.9 10.3 10.5 10.4 10.2 9.9 9.7 9.5 9.5 9.6 9 10.5 9.8 11.7 14.6 12.7 10.7 9.8 9.3 8.9 8.5 8.3 8.4
-2.2 -2.2 -2.2 -2.2 -2.2 -2.2 -2.2 -2.2 -2.2 -2.2 -2.2 -2.2 -2.2 -2.2 -2.2 -2.2 -2.2 -2.2 -2.2 -2.2 -2.2 -2.2 -2.2 -2 -1.8 -1.6 -1.4 -1.2 -1 -0.8 -0.7 -0.5 -0.4 -0.2 0 0.2 0.3 0.5 0.6 0.8 1 1.1 1.3 1.5 1.6 1.8 2 2.1 2.7 5.1 7.6 6.3 7.6 8.7 6.2 6.2 6.3 6.4 5.7 5.9 6.2 6.8 7.3 8 8.6 9.1 9.5 9.9 10.1 10.2 9.9 9.7 9.5 9.3 9.2 9.5 9.4 9.8 13 14 18.7 17.9 12.7 9.7 8.4 8 7.8 8.1 8.3
-2.2 -2.2 -2.2 -2.2 -2.2 -2.2 -2.2 -2.2 -2.2 -2.2 -2.2 -2.2 -2.2 -2.2 -2.2 -2.2 -2.2 -2.2 -2.2 -2.2 -2.2 -2.2 -2.2 -2 -1.8 -1.6 -1.4 -1.3 -1.1 -0.9 -0.8 -0.6 -0.4 -0.3 -0.1 0.1 0.2 0.4 0.6 0.7 0.9 1.1 1.3 1.4 1.6 1.8 1.9 2 2.2 3.7 6.1 6.8 5.5 6.3 6.3 6.2 6.3 13.4 10.8 5.8 6.3 6.8 7.4 7.9 8.3 8.7 9.1 9.5 9.6 9.7 9.7 9.5 9.2 9.1 9 9.2 9.5 9.5 9.4 11.1 18.8 19 16.3 9.3 7.9 7.3 7.6 7.8 8.1
-2.2 -2.2 -2.2 -2.2 -2.2 -2.2 -2.2 -2.2 -2.2 -2.2 -2.2 -2.2 -2.2 -2.2 -2.2 -2.2 -2.2 -2.2 -2.2 -2.2 -2.2 -2.2 -2.2 -2 -1.9 -1.7 -1.5 -1.3 -1.2 -1 -0.8 -0.7 -0.5 -0.3 -0.1 0 0.2 0.4 0.6 0.7 0.9 1.1 1.2 1.4 1.5 1.7 1.8 1.9 2.1 2.3 4.7 6.6 6.8 6.4 9.9 12.8 13.1 11 8.4 6.8 7.2 7.4 7.6 7.6 7.8 8.2 8.7 9 9.1 9.2 9.3 9.3 9 8.9 9.2 9.7 10 10 9.9 9.6 13.6 20.5 19.3 15.3 8.7 8.6 8.2 7.8 7.8
-2.2 -2.2 -2.2 -2.2 -2.2 -2.2 -2.2 -2.2 -2.2 -2.2 -2.2 -2.2 -2.2 -2.2 -2.2 -2.2 -2.2 -2.2 -2.2 -2.2 -2.2 -2.2 -2.2 -2 -1.9 -1.7 -1.5 -1.3 -1.2 -1 -0.8 -0.6 -0.5 -0.3 -0.1 0.1 0.2 0.4 0.6 0.7 0.9 1 1.2 1.3 1.4 1.5 1.7 1.8 2 2.2 3.3 5.3 7.1 6.9 6.1 11.1 6.5 6.2 6.5 6.9 7.1 7.4 7.6 7.4 7.2 7.6 8 8.5 8.6 8.7 8.8 8.9 8.8 9.2 9.8 10.3 10.6 10.6 10.4 9.9 10 11.1 17.5 17 10.5 10.1 9.8 9.4 9.1
-2.2 -2.2 -2.2 -2.2 -2.2 -2.2 -2.2 -2.2 -2.2 -2.2 -2.2 -2.2 -2.2 -2.2 -2.2 -2.2 -2.2 -2.2 -2.2 -2.2 -2.2 -2.2 -2.2 -2 -1.8 -1.7 -1.5 -1.3 -1.2 -1 -0.8 -0.6 -0.5 -0.3 -0.1 0 0.2 0.4 0.5 0.7 0.8 0.9 1 1.1 1.3 1.4 1.6 1.7 1.9 2.1 2.2 4.3 7.2 6.8 6.6 10.6 6.2 6.2 6.6 6.9 7.1 7.3 7.4 7.2 6.9 6.9 7.4 7.9 8.1 8.2 8.3 8.4 8.8 9.8 10.5 10.9 11.1 11.1 10.7 10.3 10.8 11.3 16.6 15.1 11 10.7 10.4 10.1 9.7
-2.2 -2.2 -2.2 -2.2 -2.2 -2.2 -2.2 -2.2 -2.2 -2.2 -2.2 -2.2 -2.2 -2.2 -2.2 -2.2 -2.2 -2.2 -2.2 -2.2 -2.2 -2.2 -2.2 -2 -1.8 -1.7 -1.5 -1.3 -1.2 -1 -0.8 -0.7 -0.5 -0.3 -0.2 0 0.2 0.3 0.4 0.6 0.7 0.8 0.9 1 1.1 1.3 1.5 1.6 1.8 2 2.1 3 5.9 8.7 6.1 9.5 8.4 6.7 7.1 6.8 7 7.2 7.1 6.9 6.7 6.5 6.7 7.3 7.6 7.7 7.8 8.2 8.6 9.6 10.8 11.4 11.6 11.5 11.1 11.1 11.5 12.4 15.7 11.8 10.8 10.4 10.1 9.7 9.4
-2.2 -2.2 -2.2 -2.2 -2.2 -2.2 -2.2 -2.2 -2.2 -2.2 -2.2 -2.2 -2.2 -2.2 -2.2 -2.2 -2.2 -2.2 -2.2 -2.2 -2.2 -2.2 -2.2 -2 -1.8 -1.7 -1.5 -1.3 -1.2 -1 -0.9 -0.7 -0.5 -0.4 -0.2 -0.1 0.1 0.2 0.3 0.4 0.5 0.6 0.8 0.9 1 1.2 1.4 1.5 1.7 1.9 2 2.2 3.5 5.7 8.2 6.1 6.8 7.1 7.8 7.3 7 7.1 6.9 6.7 6.7 6.8 6.7 6.6 7.1 7.2 7.6 8 8.5 9.2 10.3 11.3 11.8 15 11.4 11.8 12.2 12.1 15.8 12.3 10.6 10.1 9.7 9.4 9.1
-2.2 -2.2 -2.2 -2.2 -2.2 -2.2 -2.2 -2.2 -2.2 -2.2 -2.2 -2.2 -2.2 -2.2 -2.2 -2.2 -2.2 -2.2 -2.2 -2.2 -2.2 -2.2 -2.2 -2 -1.9 -1.7 -1.5 -1.4 -1.2 -1 -0.9 -0.7 -0.6 -0.4 -0.3 -0.2 -0.1 0.1 0.2 0.3 0.4 0.5 0.6 0.7 0.9 1.1 1.3 1.4 1.6 1.8 1.9 2.1 2.2 4.2 6.9 9.1 7.2 7.9 8.6 8.1 6.9 6.9 6.9 7 7.1 7.1 7 6.9 6.7 7.1 7.5 7.9 8.3 8.8 9.8 10.8 13.2 14.3 13.8 12.1 11.3 14 13.8 11.6 11.1 9.8 9.4 9.1 8.8
-2.2 -2.2 -2.2 -2.2 -2.2 -2.2 -2.2 -2.2 -2.2 -2.2 -2.2 -2.2 -2.2 -2.2 -2.2 -2.2 -2.2 -2.2 -2.2 -2.2 -2.2 -2.2 -2.2 -2.1 -1.9 -1.7 -1.6 -1.4 -1.2 -1.1 -0.9 -0.8 -0.6 -0.5 -0.4 -0.3 -0.2 -0.1 0 0.1 0.2 0.4 0.5 0.6 0.8 1 1.1 1.3 1.5 1.6 1.8 2 2.1 2.4 5.3 8.8 6.9 8.8 9.4 8.8 7.4 7.3 7.3 7.3 7.4 7.5 7.4 7.3 7.1 7.2 7.6 8 8.4 8.6 8.9 9.9 12.8 16.8 13.6 10.9 12 13.1 10.5 10.6 10.7 10 9.1 8.8 8.5
-2.2 -2.2 -2.2 -2.2 -2.2 -2.2 -2.2 -2.2 -2.2 -2.2 -2.2 -2.2 -2.2 -2.2 -2.2 -2.2 -2.2 -2.2 -2.2 -2.2 -2.2 -2.2 -2.2 -2.1 -1.9 -1.8 -1.6 -1.4 -1.3 -1.1 -1 -0.9 -0.8 -0.7 -0.6 -0.5 -0.3 -0.2 -0.1 0 0.1 0.2 0.4 0.5 0.7 0.9 1 1.2 1.4 1.5 1.7 1.8 2 2.2 2.9 5.4 8.4 6.7 9 8.9 7.9 7.8 7.8 7.7 7.6 7.4 7.8 7.7 7.6 7.3 7.6 8.1 8.6 8.5 7.8 8.6 9.8 17.7 16.8 13.5 11.1 9.6 9.6 9.7 9.7 9.7 8.9 8.5 8.2
-2.2 -2.2 -2.2 -2.2 -2.2 -2.2 -2.2 -2.2 -2.2 -2.2 -2.2 -2.2 -2.2 -2.2 -2.2 -2.2 -2.2 -2.2 -2.2 -2.2 -2.2 -2.2 -2.2 -2.1 -2 -1.8 -1.7 -1.5 -1.4 -1.3 -1.2 -1 -0.9 -0.8 -0.7 -0.6 -0.5 -0.4 -0.3 -0.1 0 0.1 0.3 0.5 0.6 0.8 0.9 1.1 1.2 1.4 1.5 1.7 1.9 2 2.2 3.3 8.4 6.7 7.3 8.5 9.6 7.8 7.7 7.6 7.3 7.4 7.9 8.2 8 7.7 7.7 8.1 8.9 9.8 9.2 8.7 8.4 8.2 14.3 14 13.2 8.8 9.5 9.3 9.1 8.9 8.7 8.2 8.4
-2.2 -2.2 -2.2 -2.2 -2.2 -2.2 -2.2 -2.2 -2.2 -2.2 -2.2 -2.2 -2.2 -2.2 -2.2 -2.2 -2.2 -2.2 -2.2 -2.2 -2.2 -2.2 -2.2 -2.2 -2 -1.9 -1.7 -1.6 -1.5 -1.4 -1.3 -1.2 -1.1 -1 -0.8 -0.7 -0.6 -0.5 -0.4 -0.3 -0.2 0 0.2 0.3 0.5 0.6 0.8 1 1.1 1.3 1.4 1.6 1.8 1.9 2.1 2.2 6 9.9 7.4 9.5 10.7 8.7 7.5 7.3 7.1 7.4 8 8.5 8.4 8.2 7.9 8.4 10.2 10.8 10.6 10.2 9.7 8.8 9.2 9.1 9.2 9.7 9.5 9.3 9.7 8.9 8.9 10.1 9.2
-2.2 -2.2 -2.2 -2.2 -2.2 -2.2 -2.2 -2.2 -2.2 -2.2 -2.2 -2.2 -2.2 -2.2 -2.2 -2.2 -2.2 -2.2 -2.2 -2.2 -2.2 -2.2 -2.2 -2.2 -2.1 -2 -1.9 -1.8 -1.7 -1.5 -1.4 -1.3 -1.2 -1.1 -1 -0.9 -0.8 -0.7 -0.5 -0.4 -0.3 -0.1 0.1 0.2 0.4 0.5 0.7 0.8 1 1.2 1.3 1.5 1.6 1.8 2 2.1 3.1 4.8 8.1 8.5 10.2 8.8 8.1 7.6 6.8 7.3 7.8 8.5 8.7 8.5 8.3 8.2 9.6 10.2 10.4 9 8.5 8 7.6 8.7 10.7 15 14 10 9.3 8.9 13.5 12.1 10.1
-2.2 -2.2 -2.2 -2.2 -2.2 -2.2 -2.2 -2.2 -2.2 -2.2 -2.2 -2.2 -2.2 -2.2 -2.2 -2.2 -2.2 -2.2 -2.2 -2.2 -2.2 -2.2 -2.2 -2.2 -2.2 -2.1 -2 -1.9 -1.8 -1.7 -1.6 -1.5 -1.4 -1.2 -1.1 -1 -0.9 -0.8 -0.7 -0.5 -0.4 -0.2 -0.1 0.1 0.2 0.4 0.6 0.7 0.9 1 1.2 1.4 1.5 1.7 1.8 2 2.2 4.5 8.5 9.2 9.9 10.2 9 8 6.6 7 7.7 8.5 9.3 8.8 8.4 7.8 9.1 9.5 9.7 8.5 7.8 7.8 7.8 8.4 9.2 13.7 16.5 11.4 9.3 9.1 9.9 12.1 10.4
-2.2 -2.2 -2.2 -2.2 -2.2 -2.2 -2.2 -2.2 -2.2 -2.2 -2.2 -2.2 -2.2 -2.2 -2.2 -2.2 -2.2 -2.2 -2.2 -2.2 -2.2 -2.2 -2.2 -2.2 -2.2 -2.2 -2.2 -2.1 -1.9 -1.8 -1.7 -1.6 -1.5 -1.4 -1.3 -1.2 -1 -0.9 -0.8 -0.6 -0.5 -0.3 -0.2 0 0.1 0.3 0.4 0.6 0.8 0.9 1.1 1.2 1.4 1.6 1.7 1.9 2.1 2.2 5.8 8.7 9 10.4 9.2 7.8 6.4 7 7.8 8.6 9.3 9.2 8.5 7.9 8.5 8.8 9 9.2 8.7 8 8.1 8.6 8.5 11.7 16.8 13 9.2 9.5 9.9 13.7 9.6
-2.2 -2.2 -2.2 -2.2 -2.2 -2.2 -2.2 -2.2 -2.2 -2.2 -2.2 -2.2 -2.2 -2.2 -2.2 -2.2 -2.2 -2.2 -2.2 -2.2 -2.2 -2.2 -2.2 -2.2 -2.2 -2.2 -2.2 -2.2 -2.1 -2 -1.9 -1.8 -1.6 -1.5 -1.4 -1.3 -1.2 -1.1 -0.9 -0.8 -0.6 -0.5 -0.3 -0.2 0 0.2 0.3 0.5 0.6 0.8 1 1.1 1.3 1.4 1.6 1.8 1.9 2.1 2.3 7.1 8.3 9.2 10.9 7.6 6.3 7.1 9.4 9.9 10.4 9.2 8.2 7.9 7.8 8.4 9.1 10.3 9.8 8.8 8.3 8.5 8.4 9 16.1 15.6 10.1 8.3 9.8 14.3 9.9
-2.2 -2.2 -2.2 -2.2 -2.2 -2.2 -2.2 -2.2 -2.2 -2.2 -2.2 -2.2 -2.2 -2.2 -2.2 -2.2 -2.2 -2.2 -2.2 -2.2 -2.2 -2.2 -2.2 -2.2 -2.2 -2.2 -2.2 -2.2 -2.2 -2.1 -2 -1.9 -1.8 -1.7 -1.6 -1.4 -1.3 -1.2 -1 -0.9 -0.7 -0.6 -0.4 -0.3 -0.1 0 0.2 0.4 0.5 0.7 0.8 1 1.2 1.3 1.5 1.6 1.8 2 2.1 3 8.4 8.2 9.6 9.3 6.4 6 8.5 11.5 10.9 10.3 7.7 7.4 7.5 8.4 9.2 10.5 10.8 9.8 8.8 8 7.6 8.3 14.7 18.1 13.2 7.8 13.7 14.7 9.8
-2.2 -2.2 -2.2 -2.2 -2.2 -2.2 -2.2 -2.2 -2.2 -2.2 -2.2 -2.2 -2.2 -2.2 -2.2 -2.2 -2.2 -2.2 -2.2 -2.2 -2.2 -2.2 -2.2 -2.2 -2.2 -2.2 -2.2 -2.2 -2.2 -2.2 -2.1 -2 -1.9 -1.8 -1.7 -1.6 -1.4 -1.3 -1.2 -1 -0.9 -0.7 -0.6 -0.4 -0.2 -0.1 0.1 0.2 0.4 0.6 0.7 0.9 1 1.2 1.4 1.5 1.7 1.8 2 2.2 4.6 9.5 9.9 10 7.5 7 7.4 10.1 10.9 11.7 8.3 9.7 7.2 8.1 9 10.3 11.6 10.4 8.4 7.2 7.2 8.2 11.6 20 17.1 10.1 11.6 13.3 9.3
-2.2 -2.2 -2.2 -2.2 -2.2 -2.2 -2.2 -2.2 -2.2 -2.2 -2.2 -2.2 -2.2 -2.2 -2.2 -2.2 -2.2 -2.2 -2.2 -2.2 -2.2 -2.2 -2.2 -2.2 -2.2 -2.2 -2.2 -2.2 -2.2 -2.2 -2.2 -2.2 -2.1 -2 -1.8 -1.7 -1.6 -1.5 -1.3 -1.2 -1 -0.8 -0.7 -0.5 -0.4 -0.2 -0.1 0.1 0.3 0.4 0.6 0.8 0.9 1.1 1.2 1.4 1.6 1.7 1.9 2 2.2 4.2 9.7 9.2 8.9 8.3 7.7 6.9 6.5 7.7 9.7 9.9 6.9 7.8 8.5 9.8 10.8 10.1 8.2 7.4 6.9 8.1 9.2 16.1 18.5 9.5 7.9 8.6 9.2
-2.2 -2.2 -2.2 -2.2 -2.2 -2.2 -2.2 -2.2 -2.2 -2.2 -2.2 -2.2 -2.2 -2.2 -2.2 -2.2 -2.2 -2.2 -2.2 -2.2 -2.2 -2.2 -2.2 -2.2 -2.2 -2.2 -2.2 -2.2 -2.2 -2.2 -2.2 -2.2 -2.2 -2.1 -2 -1.9 -1.7 -1.6 -1.4 -1.3 -1.1 -1 -0.8 -0.6 -0.5 -0.3 -0.2 0 0.2 0.3 0.5 0.6 0.8 0.9 1.1 1.3 1.4 1.6 1.8 1.9 2.1 2.2 7.3 9.4 9.1 8.4 7.8 7.3 6.8 7.7 10 9.9 6.8 7.4 8.1 8.9 9.8 10.1 9.2 8.4 7.5 7.6 8.1 15.9 19.3 9.6 8.4 7.7 8.2
-2.2 -2.2 -2.2 -2.2 -2.2 -2.2 -2.2 -2.2 -2.2 -2.2 -2.2 -2.2 -2.2 -2.2 -2.2 -2.2 -2.2 -2.2 -2.2 -2.2 -2.2 -2.2 -2.2 -2.2 -2.2 -2.2 -2.2 -2.2 -2.2 -2.2 -2.2 -2.2 -2.2 -2.2 -2.2 -2 -1.9 -1.7 -1.6 -1.4 -1.2 -1.1 -0.9 -0.8 -0.6 -0.5 -0.3 -0.1 0 0.2 0.3 0.5 0.7 0.8 1 1.1 1.3 1.5 1.6 1.8 2 2.1 2.8 9.1 9.1 8.3 7.9 7.5 7.1 6.7 9.5 14.4 9.3 7.5 9.2 8 8.9 10.5 10.1 9.2 8.2 7.8 14 21 20.1 11.2 9.2 9 8.4
-2.2 -2.2 -2.2 -2.2 -2.2 -2.2 -2.2 -2.2 -2.2 -2.2 -2.2 -2.2 -2.2 -2.2 -2.2 -2.2 -2.2 -2.2 -2.2 -2.2 -2.2 -2.2 -2.2 -2.2 -2.2 -2.2 -2.2 -2.2 -2.2 -2.2 -2.2 -2.2 -2.2 -2.2 -2.2 -2.2 -2 -1.8 -1.7 -1.5 -1.4 -1.2 -1.1 -0.9 -0.7 -0.6 -0.4 -0.3 -0.1 0.1 0.2 0.4 0.5 0.7 0.9 1 1.2 1.3 1.5 1.7 1.8 2 2.2 3.7 9.2 8.5 8.1 7.9 7.9 8.3 7.7 11.9 14.9 12.4 9.5 8 8.2 10 11 10 9.1 12.5 17.5 15 14.9 19 15.5 10.2 8.9
-2.2 -2.2 -2.2 -2.2 -2.2 -2.2 -2.2 -2.2 -2.2 -2.2 -2.2 -2.2 -2.2 -2.2 -2.2 -2.2 -2.2 -2.2 -2.2 -2.2 -2.2 -2.2 -2.2 -2.2 -2.2 -2.2 -2.2 -2.2 -2.2 -2.2 -2.2 -2.2 -2.2 -2.2 -2.2 -2.2 -2.1 -2 -1.8 -1.6 -1.5 -1.3 -1.2 -1 -0.9 -0.7 -0.5 -0.4 -0.2 -0.1 0.1 0.2 0.4 0.6 0.7 0.9 1.1 1.2 1.4 1.6 1.7 1.9 2 2.2 4.7 9.9 8.8 8.5 8.6 8.3 7.8 8.5 11.8 9.7 9.2 8.2 7.6 9.4 11.2 10.9 11.1 9.3 8.4 9.3 10.7 16.3 17 13.8 10.8
-2.2 -2.2 -2.2 -2.2 -2.2 -2.2 -2.2 -2.2 -2.2 -2.2 -2.2 -2.2 -2.2 -2.2 -2.2 -2.2 -2.2 -2.2 -2.2 -2.2 -2.2 -2.2 -2.2 -2.2 -2.2 -2.2 -2.2 -2.2 -2.2 -2.2 -2.2 -2.2 -2.2 -2.2 -2.2 -2.2 -2.2 -2.1 -1.9 -1.8 -1.6 -1.5 -1.3 -1.1 -1 -0.8 -0.7 -0.5 -0.4 -0.2 0 0.1 0.3 0.4 0.6 0.8 0.9 1.1 1.3 1.4 1.6 1.8 1.9 2.1 2.3 9.5 10.1 9 8.8 8.3 7.7 7.2 7.2 8.3 9.3 9.2 7.6 8.5 10.3 15.7 11.4 9 7.6 8.6 10.8 13.2 15.6 15.8 12.2
-2.2 -2.2 -2.2 -2.2 -2.2 -2.2 -2.2 -2.2 -2.2 -2.2 -2.2 -2.2 -2.2 -2.2 -2.2 -2.2 -2.2 -2.2 -2.2 -2.2 -2.2 -2.2 -2.2 -2.2 -2.2 -2.2 -2.2 -2.2 -2.2 -2.2 -2.2 -2.2 -2.2 -2.2 -2.2 -2.2 -2.2 -2.2 -2.1 -1.9 -1.7 -1.6 -1.4 -1.3 -1.1 -1 -0.8 -0.6 -0.5 -0.3 -0.2 0 0.2 0.3 0.5 0.6 0.8 1 1.1 1.3 1.5 1.6 1.8 2 2.1 3.1 11.1 9.2 8.7 8.1 7.6 7 6.6 7.6 8.7 9.6 10.9 8.6 8.7 16 14 10.7 7.3 8.2 10.3 12.9 15.5 17.3 13.9
-2.2 -2.2 -2.2 -2.2 -2.2 -2.2 -2.2 -2.2 -2.2 -2.2 -2.2 -2.2 -2.2 -2.2 -2.2 -2.2 -2.2 -2.2 -2.2 -2.2 -2.2 -2.2 -2.2 -2.2 -2.2 -2.2 -2.2 -2.2 -2.2 -2.2 -2.2 -2.2 -2.2 -2.2 -2.2 -2.2 -2.2 -2.2 -2.2 -2 -1.9 -1.7 -1.6 -1.4 -1.2 -1.1 -0.9 -0.8 -0.6 -0.4 -0.3 -0.1 0 0.2 0.4 0.5 0.7 0.9 1 1.2 1.4 1.5 1.7 1.8 2 2.2 3.8 10.2 9.6 8.6 7.7 6.9 6.4 7.1 8.1 8.8 8.8 8.2 7.8 10.5 17.1 12.5 8 8.4 9.2 11.8 14.4 16 13.1
-2.2 -2.2 -2.2 -2.2 -2.2 -2.2 -2.2 -2.2 -2.2 -2.2 -2.2 -2.2 -2.2 -2.2 -2.2 -2.2 -2.2 -2.2 -2.2 -2.2 -2.2 -2.2 -2.2 -2.2 -2.2 -2.2 -2.2 -2.2 -2.2 -2.2 -2.2 -2.2 -2.2 -2.2 -2.2 -2.2 -2.2 -2.2 -2.2 -2.2 -2 -1.8 -1.7 -1.5 -1.4 -1.2 -1.1 -0.9 -0.7 -0.6 -0.4 -0.3 -0.1 0.1 0.2 0.4 0.6 0.7 0.9 1.1 1.2 1.4 1.5 1.7 1.9 2.1 2.2 4.1 10.6 9.9 9.2 8 6.7 6.5 7.5 8 8 7.1 7.9 8.7 15.1 16.1 13.6 11 8 10.4 12.5 12 10.1
-2.2 -2.2 -2.2 -2.2 -2.2 -2.2 -2.2 -2.2 -2.2 -2.2 -2.2 -2.2 -2.2 -2.2 -2.2 -2.2 -2.2 -2.2 -2.2 -2.2 -2.2 -2.2 -2.2 -2.2 -2.2 -2.2 -2.2 -2.2 -2.2 -2.2 -2.2 -2.2 -2.2 -2.2 -2.2 -2.2 -2.2 -2.2 -2.2 -2.2 -2.2 -2 -1.8 -1.7 -1.5 -1.3 -1.2 -1 -0.9 -0.7 -0.5 -0.4 -0.2 0 0.1 0.3 0.5 0.6 0.8 0.9 1.1 1.2 1.4 1.6 1.7 1.9 2.1 2.5 6.3 11.3 10 9 7.7 6.5 6.9 7.3 7 7.3 7.9 8.2 8.5 11.8 15.5 12.8 9 9 9.9 9.7 11.1
-2.2 -2.2 -2.2 -2.2 -2.2 -2.2 -2.2 -2.2 -2.2 -2.2 -2.2 -2.2 -2.2 -2.2 -2.2 -2.2 -2.2 -2.2 -2.2 -2.2 -2.2 -2.2 -2.2 -2.2 -2.2 -2.2 -2.2 -2.2 -2.2 -2.2 -2.2 -2.2 -2.2 -2.2 -2.2 -2.2 -2.2 -2.2 -2.2 -2.2 -2.2 -2.2 -1.9 -1.8 -1.6 -1.5 -1.3 -1.1 -1 -0.8 -0.7 -0.5 -0.3 -0.2 0 0.2 0.3 0.5 0.7 0.8 0.9 1.1 1.3 1.4 1.6 1.8 2 2.1 2.8 10.3 11.1 10 8.8 7.5 6.4 6.5 6.4 6.8 7.1 7.5 7.9 8.7 13.4 16.3 11.5 8.5 7.8 8.4 11.7
-2.2 -2.2 -2.2 -2.2 -2.2 -2.2 -2.2 -2.2 -2.2 -2.2 -2.2 -2.2 -2.2 -2.2 -2.2 -2.2 -2.2 -2.2 -2.2 -2.2 -2.2 -2.2 -2.2 -2.2 -2.2 -2.2 -2.2 -2.2 -2.2 -2.2 -2.2 -2.2 -2.2 -2.2 -2.2 -2.2 -2.2 -2.2 -2.2 -2.2 -2.2 -2.2 -2.1 -1.9 -1.8 -1.6 -1.4 -1.3 -1.1 -0.9 -0.8 -0.6 -0.4 -0.3 -0.1 0.1 0.2 0.4 0.5 0.6 0.8 0.9 1.1 1.3 1.5 1.6 1.8 2 2.2 3.2 12.5 10.7 9.4 8.2 7.3 7.4 6.9 6.4 6.8 7.2 7.7 8.5 8.7 11.8 13 11.4 8.5 8.1 9.9
-2.2 -2.2 -2.2 -2.2 -2.2 -2.2 -2.2 -2.2 -2.2 -2.2 -2.2 -2.2 -2.2 -2.2 -2.2 -2.2 -2.2 -2.2 -2.2 -2.2 -2.2 -2.2 -2.2 -2.2 -2.2 -2.2 -2.2 -2.2 -2.2 -2.2 -2.2 -2.2 -2.2 -2.2 -2.2 -2.2 -2.2 -2.2 -2.2 -2.2 -2.2 -2.2 -2.2 -2 -1.9 -1.7 -1.6 -1.4 -1.2 -1.1 -0.9 -0.7 -0.6 -0.4 -0.2 -0.1 0.1 0.2 0.3 0.5 0.6 0.8 1 1.2 1.3 1.5 1.7 1.8 2 2.2 3.8 11.5 10.4 9.7 8.7 8.6 7.8 6.9 6.5 6.8 7.9 9.8 9.6 10.1 11.3 12.1 9.1 7.9 8.7
