WholeMapElevations/data/nh/nh67_OST50GRID_20230518/NH67.asc
ncols 200
nrows 200
xllcorner 260000
yllcorner 870000
cellsize 50
[rows 70 to 104 of 200, columns 0 to 77 of 200]
403.8 405.7 407.5 409 407.2 407 406.9 410.4 417.7 427.6 435 441.7 447.8 455.1 457.8 455.2 448.8 439 422.9 402.9 384.7 370 356.5 345.7 335.3 324.4 313.9 305.7 298.5 293.5 289.6 284.7 273.2 281.4 282.3 282.6 281.6 280.3 278.7 277.1 275 273.9 272.8 270.8 270 269 268 266.9 266.2 265.2 266.9 275.9 279 280.6 281.6 281.2 280 278.3 276.7 276.1 276.3 276.5 279.7 284 287.9 291.6 294.3 296.6 297.8 298.8 298.8 298.9 299.7 300.1 299.2 298.1 295.5 293.1
388.3 392.1 394.2 396.6 394.9 395 396.2 401.4 407 413.4 420.3 428.1 434.2 440.4 444.3 443.1 439.4 432.2 420.7 404.3 387.3 373.5 359.5 347.3 334.3 322.8 312.3 303.9 295.9 290.5 286.4 282 272.6 275 277.8 278.2 276.8 275.4 273.9 272.2 270.4 268.7 267.7 265.7 264.6 262.4 260.6 262.5 263.2 263.3 269.7 273.9 278.3 280.7 280.8 280.3 279.4 277.8 276.5 276.2 276.5 277.5 282.4 287.2 291.9 295.2 297.6 299.4 300.3 301.1 301.9 302.4 302.8 302.7 301.8 300.7 298 295
375.3 377.9 379 381 380.5 383.1 386 391.7 396.9 401 405.6 412.7 419.5 424.9 428 428.7 427.3 423.1 415.1 402.1 389.1 375.5 361.4 346.6 332.6 320.8 309.9 301.2 293.4 287.1 282.7 278.8 274.1 267.3 274.6 274.2 272.9 270.9 269 267.3 265.6 263.9 262.6 261.3 260.4 259.4 258.2 258.6 259.7 262.6 265.7 271.9 276.2 278.8 279.2 278.8 277.8 276.6 276.3 276.8 278 280.2 285.6 290.6 295 297.9 300.2 302.1 303.5 304.3 305.6 306.7 307.4 307.1 306 304.5 301.7 297.9
363.5 364.7 366 366.7 367.3 372.6 377.3 381.1 384.9 390 394.2 399 405.3 409.4 412.6 413.8 414.7 412.6 405.3 394.6 384.3 373 360.2 344.6 330.4 317.8 306.6 297.9 289.8 283.5 278.7 274.6 270.9 261.9 269.4 270.1 269.5 266.7 265.1 263.5 262.1 261.8 260.9 259.8 258 257.3 256.6 256.8 257.3 259.4 263.1 268.1 271.7 274.4 275.8 275.9 275.9 275.2 275.7 278.3 280.7 283.5 288.4 293.3 297.3 300 302.4 304.2 306.3 307.8 309.4 311 312 311.7 310.1 307.7 304.4 300.4
354.7 354 354.1 354.7 358.1 363.5 366.3 370.3 373.4 378.7 383.2 388.3 392.4 396 397.8 400.1 401.5 398.7 392.8 385.2 376.1 365 352.4 338.1 325.4 313.7 303.1 294.3 286.1 279.9 274.7 271.1 266.9 262.5 261.2 265.9 264.6 263.2 262.2 261.2 260.4 259.9 258.9 257.8 256.8 255.7 255 255.1 255.2 256.8 259.4 263.9 266.8 269.5 271.3 272.3 273 274 275.4 278.6 282.3 286.1 291.1 295.6 298.8 301.7 303.9 305.9 307.7 309.9 312.2 314.4 316.3 315.2 312.9 310.2 306.5 302.2
349.9 349 347.1 347.9 349.6 352.3 354.1 357 359.8 365.9 370.3 374.1 378.6 381.9 383.5 386.1 387 384.4 379.2 373.5 364.9 353.8 341.8 330.5 318.3 307.2 297.8 289.6 282 275 271.1 267.5 264.7 261.1 259.4 261.6 261.2 260.7 260.3 259.6 258.9 257.8 256.8 255.7 254.9 253.8 253.4 253.1 253.4 254.4 257.2 260.2 263.2 265.9 267.5 269.1 270.9 273 275.7 279.1 283.2 288 292.5 296.9 299.8 302.3 304.9 307 309 311.5 314.6 317.6 318.5 316.9 313.9 311 306.9 301.9
346.6 345.1 344 343.6 343.6 343.5 341.9 344.4 348.6 351.9 356.3 360 363.7 366.6 369.1 371.1 371 369.4 365.5 360.6 352.4 341.9 332.3 322 311.1 300.7 292.4 284.9 278.1 271.7 267.2 263.6 260.9 257.9 258.1 257.6 258.5 258.2 257.9 257.6 256.8 255.7 254.6 253.7 252.9 252.3 251.8 251.3 251.3 252.4 254.5 257.8 260.3 262.8 264.4 266 268.5 271.3 275.6 279.4 284.1 289.4 293.5 297.2 300 302.4 304.8 307.5 309.4 311.9 315.2 317.7 318.1 316.4 314 310.2 306 300.8
342.1 342.3 341.7 340.6 339.4 337.6 335.3 335 338.9 340 342.2 345.2 348.9 350.8 353.1 354.3 354.1 351.7 351.5 346.8 339.9 330.8 323.2 314 303.1 294.4 287.7 280.7 274.4 268.6 263.4 260.4 256.9 251 256 256.6 257.1 256.6 256 255.5 254.6 253.6 252.5 251.7 250.8 249.7 249.1 248.7 249.1 250.2 252.5 255.4 257.7 259.2 261.1 263.2 265.7 269 273.8 278.9 284.7 289.5 293.6 296.3 298.8 301.6 304.3 307 309.2 310.9 313.5 314.9 315.1 313.9 311.9 308.3 304.3 298.7
338.1 339.4 340.1 339.2 337.7 335.5 332.7 329.3 327.9 328.9 330.7 333.2 335.5 336.4 337.6 337.7 337 337.1 337.9 334.1 327.4 320.9 314.1 305.5 296.6 289.3 283.2 277 270.9 265.6 260.6 257 253.2 254.3 254.8 255.4 255.7 255.3 254.9 253.7 252.2 251.2 250.4 249.4 248.4 247.1 246.5 246.3 246.9 248 250.6 252.5 253.9 255.4 257.1 259.5 262.1 266.1 271.5 277.1 282.5 287.6 291.4 294.1 297.1 299.9 302.3 304.7 306.8 308.4 309.7 310.5 310.8 309.8 307.5 304.7 300.5 295.6
339.9 342.5 343.1 342 340 337.5 334.1 329.7 326 321.6 322.1 322.5 322.3 324 324.3 323.1 322.6 321.2 320.9 319.4 314.4 310.1 304.2 297 290 283.4 277.8 272.3 267.4 261.6 257.7 254.2 248.2 253.4 253.8 254.4 253.6 253.2 252.2 251.3 249.7 249.1 248.2 247.2 246.1 245 244.8 244.5 245.1 245.5 247.4 249 250.3 251.1 252.7 255.4 258.3 262.9 268.1 273.1 278.7 283.8 288.2 291.4 293.8 295.9 298.3 300.8 302.3 303.5 304.5 304.9 304.8 303.4 302 299.6 295.5 291
337.9 342.1 343.2 343.2 341.1 338.6 334.6 331.4 328 322.8 315.5 312.3 311 311.1 310.6 309.6 309.8 309.1 307.2 304.7 300.6 296.8 293 287.5 281.3 276 272.2 267.5 262.6 257.5 253.9 251.4 243.3 251.9 252.9 253.1 252.1 252 250.9 249.2 247.9 247.3 246.7 245.8 244.5 243.1 242.7 242.2 242.7 243.1 243.5 245 245.7 246.3 248.3 250.3 252.7 256.6 261.8 267.5 273.3 278.3 283.6 286.9 289.7 291.2 293.9 296 297.1 298 298 297.9 297.4 296 294.1 291 287.7 284.6
334.2 339.6 343.3 343.9 342.1 338.6 335.4 333.6 330.8 326.5 319.5 312.2 305.8 302 299.4 298.8 298.1 296.7 294.7 291.9 287.9 283.9 281.1 277.1 273 267.9 264.7 261 256 252 248.7 246.1 239.3 248.4 250.5 251.8 251.3 250.6 249.5 247.5 246 245.4 244.8 244 242.8 241.3 240.8 239 239.3 239.6 239.5 240.3 241.3 242.6 243.4 244.7 246.3 249.3 253.6 259 264.5 268.7 275.6 281.3 284.9 286.7 287.9 289.2 289.7 290.5 290.8 290.5 289.4 287.8 285.2 282 278.9 276.6
331 336.4 340.1 341.8 340.9 338.5 336.5 335.8 333.3 329.8 321.7 312.6 305.1 297.7 292.3 288.9 286.9 286.9 283.9 281.4 278.2 274.2 271 268.6 264.1 260.4 257.6 254.1 250.6 247.3 244 239.6 237.2 245.6 247.6 249.3 249.9 249.1 247.9 245.8 244.1 243.5 242.9 242.1 240.5 238.9 237.5 235.6 236.2 236.2 236.3 237 238.2 239.6 239.9 240.9 241.8 243.3 246.3 250.4 254.4 258.3 264.5 270.2 275.4 280.2 280.9 280.8 281.8 282.1 281.9 281.7 280.8 278.5 275.9 272.4 270.2 268.3
325.8 330.8 334.1 335.6 336.2 336.1 336.6 335.8 332.6 327.9 321 313.9 305.9 298 290.2 282.2 278.6 276.1 271.8 271.9 268.4 266.4 263.4 260.4 256.3 253.2 251.1 248.5 245.5 242.4 239.4 235.7 235 241.8 244 245.8 246.4 246.7 246.3 244.3 242.4 241.1 240.8 239.9 238.3 236.7 234.5 233 233.2 233.6 234.6 235.6 236.5 237.5 238.1 238.7 239.4 239.8 241 243.2 245.5 247.7 251.7 257.3 263.1 269.4 272 272.6 273.5 273.9 273.2 272.4 271.5 269 266.4 262.8 260.5 259.6
321.1 323.5 325.7 327.7 329.1 329.3 330 329.1 326.4 321.7 316.6 311.1 303.8 296.1 288 280.2 274 269.6 266.2 263.1 260.1 258.4 256.9 253.9 250.8 248 245.8 243.1 240.2 237.1 234.9 232.3 231.1 237.4 240.1 242.1 243 243.7 243.5 243 241.1 239.4 238.7 237.7 236.2 234.8 233.4 232.2 231.5 232.5 233.8 235.2 236.1 237 237.5 237.8 238 238.2 238.5 238.6 239.6 240.5 242.5 245.9 250 255.2 260.3 263 265.2 265.3 264.3 262.9 262.2 260.1 257.2 253.6 251.2 248.8
313.6 315.3 316.9 318.7 320.3 320.1 319.1 317.7 314.9 312.1 307.7 303.3 297.7 291.4 284.2 277.4 270.8 265.9 260.7 257 253.7 251.9 250.7 249.1 246.5 243.5 240.5 237.7 234.8 231.8 230.5 230.6 226.4 233.7 236 237.6 238.9 240.4 240.8 240.5 239.7 238.3 236.9 236 235.4 234.1 232.3 231.4 230.8 231.5 232.8 234.1 235.4 236.4 237 237.2 237.4 237.5 237.4 236.8 236 235.5 236.4 238.1 240.4 243.8 247.1 250.4 254.4 255.6 255.4 253.3 253.1 250.6 247.8 244.5 241.6 238.4
306.4 308.1 309.4 310.8 310.2 309.4 308.2 306.8 303.9 301.1 297.6 293.5 289.8 285 278.3 272.4 267.5 262.4 256.2 252.5 249.3 246.4 245.5 243.8 241.3 238.6 235.5 232.8 229.9 227.9 227 226.1 219.5 229.9 231.5 232.7 234.3 236.1 238 238.3 238 237.1 235.8 234.8 234.2 232.9 231.2 230.6 230.1 230.5 231.8 233.1 234.5 235.2 235.9 236.2 237.1 237.7 238 236.9 235.2 233.5 231.7 231.9 234 236.8 238 238.9 242.8 243.8 244.3 243 242 240.3 237.1 232.5 230.5 228.8
299.5 300.8 300.9 300.3 299.6 298.7 297.5 296.1 293.4 290.4 287.2 283.4 279.4 274.3 270.5 264.9 260.9 256.7 251.6 248.3 245.1 242 240 238.1 235.8 233 230.6 227.8 225.1 224.1 223.3 221.2 218.6 225.4 226.9 227.9 229.4 232.2 233.9 235.6 235.5 235.3 234.6 233.7 232.7 231.7 230.3 229.8 229.5 229.8 230.8 232.1 233.4 234.2 235.3 236.2 237.1 238.5 239.1 237.5 236.2 234 231.8 228.4 228.6 230.1 231.5 231.4 231.5 229.5 229.8 228.7 229.3 228.1 227.5 225.2 223.7 221.8
292.6 292.5 291.4 290.3 289.2 288.2 287.3 285.7 282.7 279.6 276.8 272.7 268.3 264.3 261.5 257.7 253.7 249.1 246 242.6 240.6 237.7 235.1 234 231.7 227.7 226.3 223.6 220.9 220.5 219.5 217.6 214.3 220.3 223 224 225.2 227.5 230.3 231.7 232.7 233.2 232.8 231.9 231 230.8 229.5 229.1 229.1 229.3 229.9 231.2 232 233.3 234.3 236 237.6 239.2 240.3 239.5 238.7 237.4 235.3 232.7 229.3 227.7 226.2 226.5 225.9 224.5 222 220.4 219.6 219.8 218.9 219 218.4 215.2
284.4 284.7 283.4 282.2 280.6 279.5 278.1 275.4 272.5 269.5 266.1 262.2 257.7 254.3 251.5 249.9 246.2 241.9 238.9 236.7 235 232.5 229.9 227.7 224.5 222.4 221.6 219.7 217.2 216.6 214.7 212.7 211.4 215.7 219.1 220.3 221.7 224.7 226.3 227.7 229.7 230.9 231 230.2 229.3 229.3 228.7 228.6 228.6 228.8 229 230.3 230.3 231.3 234.3 236.5 239.7 242.3 243.5 243.6 243.8 243.2 241.4 238.7 235.5 232.5 229.3 226.2 223.8 222 219.7 219.7 217.6 216.3 216 214.2 213.6 212.1
275.1 274.8 275.3 274.1 273.2 271.5 269.5 266.7 263.3 259.9 256.8 252.7 249.1 246.6 244.1 241.3 238.5 234.9 232.5 230.6 229 227.3 224.6 221 217.8 216 215.1 214.5 212.5 212.2 210.8 209 210.9 212 213.9 217.2 219.9 222.3 222.8 224.8 226.9 227.9 228.8 228.2 227.8 227.4 228.2 228.2 228.2 228.3 228.3 228.7 230.8 233.5 236.1 238.9 242.7 245.6 246.9 248.3 249.6 249.7 248.7 247.1 245.3 241.8 238.1 235 232.2 228.9 226.2 224 222 221.3 221 220.8 220 220.7
267.4 266.6 266.2 266.3 266 263.8 261.3 258.4 255.3 251.6 248.1 244.9 242.3 240.3 238 234.9 231.4 229 227.1 225.2 223.3 221.2 218.5 216.8 215.2 211.7 210.1 209.4 208 207.9 207.9 207 208.3 208.6 210.4 213.1 216.5 219.8 220 222.3 223.9 225.5 227.5 227.3 226.9 226 226.2 227.6 226.7 228.3 229.7 231 233.3 235.6 238 241.5 245.8 249.5 251.8 253.5 255.1 256.3 255.5 253.9 252.9 248.1 245 242.2 238.5 234 231.4 229.9 228.5 229.6 230.2 230.5 230.5 231.5
261.6 261.7 260.6 259.7 258.3 255.8 253.4 250.6 247.6 244.2 240.8 238.5 236.6 234.5 232.1 229.3 226.2 224.7 222.8 220.9 218.6 216.1 214 213.5 212.3 208.9 207 205.1 204.8 205.5 205.8 202.7 206.6 206 207.3 210.6 212.6 216.1 217.5 219.9 222.1 224 226 225.7 226 226.1 226.6 228.3 229.1 231 232.4 233.8 235.9 238.3 241 245 249.5 253.4 256.5 259.1 260.6 262.2 262.4 260.4 257.5 254.2 250.2 246.9 243.2 238.7 237.1 236.9 237.3 238.3 238.8 238.1 237.8 237.8
255.2 255.3 253.8 252.3 250.8 248.3 245.7 243 240 237.3 234.7 232.8 230.9 228.6 226.2 223.7 222.4 220.5 219 217.3 215.3 213.1 210.9 209.6 208 206.1 204.5 202.9 203.4 204.1 204 201.5 204.7 204.1 204 206.5 209.8 213.1 215.2 217.3 219.5 220.3 222.6 226.5 227.8 228.6 229.6 230.4 231.3 233.4 235.1 236.9 238.9 240.9 244.3 248.7 253.1 257.7 261.3 264.1 266.1 267.7 268.3 265.7 261.8 257.4 253.6 249.9 246.4 243.8 244.4 247.1 248.8 248.8 246.9 243.2 243 242.7
246.8 246.8 245.9 244.9 243.1 241.4 238.6 236.3 234.1 231.9 229.5 227.3 225.5 224.3 222.1 220.2 220 217.4 215.9 214.1 212 210.5 208.5 206.7 205.2 203.6 202.1 201.2 202 202.6 202.3 201.2 202 202.3 202.1 203.5 207 210 213 214.4 215.1 219.7 225 227 229.1 230 231.2 232.5 233.8 236 237.4 239.1 241 243.8 248.3 252.6 257 261.9 266.2 269.1 271.2 273.2 272.1 269.1 264.8 259.8 255.1 251 249.4 250.6 253.5 257.7 260.2 259.1 255.1 250.1 247.8 246.9
237.6 238.1 237.2 236.6 235.1 234.3 232.1 230 228.5 226.3 224.7 223.7 222.3 220.8 219.3 217.5 215.9 214.4 213.1 211.6 209.1 207.5 206 204.2 203 201.4 199.7 199.7 200.6 201.1 200.5 199.8 197.3 200.2 200.2 201.2 204.1 207.6 210.6 208.4 216.2 220.8 224.5 227.3 229.6 231.5 232.7 233.5 235.6 238.1 239.8 241.7 243.8 247.6 251.9 256.5 260.9 266 271.1 274.3 276.5 276.1 274.1 270.8 266.8 261.5 255.8 252.3 254 257.8 262.8 266 266.9 265.9 262.7 257.8 253.6 250.6
230.3 230 229.2 228.2 227.5 226.8 226.1 224.2 222.9 222.1 221.4 221.6 220.3 218.4 217.3 214.9 213.1 211.4 208.9 207.2 205.1 205 204.7 204.2 203 200.2 198.8 198.9 199.4 199.5 199.2 198.5 196.8 198.4 198.2 198.5 199.4 200.4 204.2 212.4 215.9 220.5 224.2 226.9 229.5 231.4 233 234.7 237.1 239.6 242.3 244.6 247 251.7 256 260.4 265.1 270.1 275 278.2 280.2 278 275.6 272.3 268.3 262.8 257.1 255.5 258.9 265.8 269.6 270.9 271.9 270.8 269.9 265.8 261.2 256.6
223.8 223.2 221.8 221.3 221.2 220.6 220.1 219.5 218.8 218.7 219.2 219 218.1 216.1 214.2 212.4 210.6 208.3 205.1 205.1 205.1 205.1 204.8 204.7 203.8 201.2 198.4 197.7 198 197.9 197.7 196.5 195.8 196.1 196.5 197.2 201.4 206.7 208.2 211.5 215.9 220.1 223.9 226.7 229.6 231.6 233.3 235.8 238.3 241.2 244.4 247.1 251.1 255.9 259.8 263.5 268 273.3 277.4 280.3 281 278.7 275.8 272.3 268.6 263 260.2 260.7 263.5 270.3 275.5 278.3 279.9 279.5 278.6 274.8 269 264.3
218.5 217.6 216.9 216.8 216.4 216 215.9 215.9 215.6 215.7 216.4 216.7 215.8 213.5 211.8 210 208.2 205.1 205.1 205.1 205.1 205.1 204.8 204.7 204.2 202.4 198.3 198 196.9 196.8 196.4 195.1 195.1 192.9 194.6 194.6 200 205.2 205.6 209.9 214.8 219 223 226.8 229.7 231.9 234.2 236.9 239.7 242.7 246.1 250 255.4 259.2 262.5 265.3 269.2 273.6 277.1 277.9 277 275.6 274.4 270.8 266.6 262.5 261.7 263.1 267.6 274.7 281.5 285.6 288.7 289.4 287.4 283.6 278.4 272.7
213.6 212.9 212.6 212.5 212.2 211.9 212.7 212.8 212.5 212.2 213.5 213.9 213.1 210.9 208.9 207.7 206.5 205.1 205.1 205.1 205.1 205.1 205.2 205.4 204.8 203.5 198.9 199.6 198.6 196 194.6 193.9 193.8 192.6 194.4 197.9 199.4 202.2 204.9 209.7 214.3 218.2 222 226 229.5 232.8 235.7 238.7 241.2 243.9 247.3 251.6 256.5 261.2 264.6 267 269.7 272.1 273.1 273 271.9 270.5 269.7 267.1 263.2 261.2 261.5 264.6 271.5 279.2 287.4 295.1 300.5 299.9 296.5 292.3 286.6 279.4
208.4 208.4 208.3 208.2 208.1 207.9 208.7 208.9 208.5 209.5 210.3 210.2 209.5 207.8 206.3 204.5 205.1 205.9 205.5 205.5 206.4 206 205.9 207 205.8 203.8 202.1 199.6 199 198.1 196.3 194.2 192.8 191.5 192.8 197.8 199 201.7 204.7 208.8 213.6 217.6 221.7 226 230.4 233.7 237.3 240.3 242.8 245.6 249 253.2 257.1 261.3 265.6 269.2 271.3 272.3 271 269.4 268.7 267.4 265.5 263.3 261.4 261.1 263 269 275.7 283.3 294.2 304.4 309.1 308.4 304.3 298.1 290.8 283.5
204 204 203.9 203.9 203.8 203.9 204 204.1 204.3 205.3 205.9 205.9 205.2 203.7 202.8 203 203.5 203.9 204.6 205.4 206.7 207.1 207.3 207.5 207.1 204.7 204.2 202.9 200.7 199.8 196.8 194.4 193.5 191.5 192.7 196 197.4 199.9 203 207.3 212.8 218.3 222.5 227.3 231.7 235.2 239.5 242.5 245.2 248.1 251.1 253.4 256.6 259.8 263.7 267.8 270.4 269.4 268.5 267.3 266.6 265 263.4 261.3 260 262.1 267 273.8 280.4 288.1 300.1 309.2 313.1 312 308 301.2 293.5 286.3
199.1 198.9 198.7 198.7 198.7 198.9 199.2 199.3 199.4 200.2 200.5 200.6 199.9 198.2 199.2 200.5 201.7 202.4 204.3 205.6 206.5 207.2 208.4 208.8 207.2 206.5 205.8 205 203.8 200.4 197.3 194.6 193.4 192.1 191.1 195.2 195.2 197.1 201.5 206.3 211.4 217.6 223.4 227.9 232.4 236.7 241.3 244.5 247.6 250.8 253.1 255.4 256.4 257.8 259.4 262.4 264 264.1 263.9 264.2 264 263 261.2 259.4 259.8 263.7 270.5 278.1 285.3 293.6 305.2 312.6 314.9 313.6 308.5 302.6 296.1 290.2
193.4 193.7 193.6 193.4 193.3 193.3 193.4 193.9 193.8 194.2 193.8 193.3 193.4 194.1 195.3 197.2 199.5 198.9 201.8 203.8 205 206 207.8 208.4 208.1 207 206.1 204.5 203.9 201.9 199 196.6 195.6 192.5 186.7 192.4 192.9 195.4 199.4 204.6 210.8 217.7 223.8 228.7 233.7 238.1 242.4 246.4 250.5 253.6 255.1 255.7 256.5 256.6 256.4 256.9 257.9 258.5 259.1 259.8 260 259.7 258.2 257.8 260.4 265.7 272.9 282.1 290.7 301.7 311.9 316 316.2 314.2 309.3 303.2 297.4 291.2
187.6 188 187.7 186.8 186.9 187.3 187.5 188.4 188.5 188.3 188.4 188 188.7 189.9 191.5 193.5 196 197.6 199.3 201.1 202 203.8 205.3 206.4 206.7 206.3 205.1 203.5 203 200.5 199.5 196.4 195.3 195 182.4 186.2 187.6 194.9 198.4 203.6 210.4 217.4 223.8 229.5 235.1 239.9 245.2 250.1 254.1 255.5 256.5 256.6 256.1 255.6 254.6 254.3 254.5 255.1 255.6 256.3 256.6 256.3 256.3 257.6 262.3 269 276.1 285 295 307.2 317.1 319 314.8 311.5 308.1 303.2 296.3 289.4
