UK/data/nx/nx58_OST50GRID_20230518/NX58.asc
ncols 200
nrows 200
xllcorner 250000
yllcorner 580000
cellsize 50
[rows 0 to 34 of 200, columns 0 to 78 of 200]
566.1 543 510.8 488.6 472.7 459.3 448 433.3 418.9 407.3 402.5 399.8 397 397.5 397.9 406.5 411 410.7 410.2 405.1 405.2 405.6 407.4 406.9 404.5 408.1 409.4 409.5 407.6 407.4 405.8 405 403.1 398.5 393.9 389.8 388.3 384.5 382.1 380.6 378.3 375.2 369.7 361.5 355.8 348.9 338.8 332.2 325.8 318.5 309.3 303.5 297.4 292.4 287.2 281.9 278.8 276.9 274.7 273.2 272 271.5 270.1 270.6 272.3 267.1 266.6 264.9 261.3 261.2 267 266.5 257.4 251 250.5 251 248 249.4 247.2
572.1 537.5 515.4 487.7 469.7 457.6 444.1 425.8 411 405.1 399.9 396.3 392.8 392.9 396.7 397.5 402.5 404.4 408 401 405 404.2 400.3 399.7 393.7 399.4 400.7 401.5 401.7 401.6 401.2 399.6 396.4 392.6 387.1 384.9 382.3 379.5 376.5 372.7 368.2 365.8 360 353.9 347.3 339.2 330.6 323.8 314.9 306.3 299.2 293.1 286.6 280.8 279.8 276.8 274.9 273.1 273.8 272.9 270.6 270.4 268.9 265.6 266.5 265 259.1 258.1 256.9 257.6 266.1 262.2 251.9 250.4 249.8 246.8 245.4 243.6 241.7
561.6 536.7 511.1 490.5 468.1 452.4 437.5 414.7 407.1 402.2 397.1 394.3 392.7 392 391.1 394.7 394.4 396.3 403.8 400.1 399.6 398.2 392 390.2 388.8 391.9 392.2 393 395.1 395.9 394.6 392 388.3 384.3 379.9 376.9 374.9 371 367.7 362.5 359 355.3 349.6 341.3 334.3 328.1 322.8 315.9 303 294 288.9 282.6 279.5 276.1 274.5 274 272.2 271.7 270.6 269.3 267.6 265.7 263.6 261.6 258.8 260.8 256.6 266.1 256.2 256.3 261.2 259.8 253.5 251.5 248.4 245.8 244.6 243.5 243.8
564.5 534 508.2 484.1 464 447.1 423.4 411.3 405.2 398.7 393.2 391.5 390.9 391.7 391.5 390.4 390.9 391.7 399 395.9 395.9 392 383.6 382.3 385.2 385.2 384.4 384.5 387.3 388.1 385.5 384.2 380.2 376.8 374.4 371 366.5 362.2 357.5 350.2 346.3 341.6 336.1 330.2 323.9 318.3 313.3 305.2 292.6 285.7 281.5 277.3 278.2 276.3 275 273.2 272.9 270.6 269.4 271 273.2 275.3 272.6 266.8 268.6 269.1 264.4 264 256.2 253.9 252.8 254.8 253.9 260.1 251 249.3 245.2 242 246.3
559 526.7 504 479.7 460.9 443.9 422.5 410.6 403.4 397.9 393.3 390.9 389.3 389.9 390.6 389.2 389.2 390.3 394.7 390.1 389.8 383.8 378.7 378.2 381.4 377.3 377 377.7 378.7 379.3 377.1 374.8 373.2 372.1 368.7 364.4 360 354 345.9 339.9 334.7 330.2 326.4 320.6 313.2 307.4 300.3 293.6 284.8 282 281.5 280 279.3 277.5 276.4 274.9 274.8 274 273.9 277.1 276.8 275.2 272.9 266.6 266.9 266.1 262.7 261.6 254.5 251.6 250.7 250.4 249.5 245.8 250.5 246.1 242.6 246.9 248.7
558.3 528.1 504 481.1 460.1 444.8 427.9 414.1 407.1 401.4 395.9 391.8 389.5 389.3 391.1 394.1 389.8 391.1 389.2 385.3 385.6 381.5 374.8 377.6 376.6 370.9 370.8 371 371.1 371.7 370.8 366.4 366.8 364.9 361.8 360.3 355.2 348.5 339 331.6 328 322.6 316.5 309.3 302.7 297.7 293.5 282.5 286 284.4 281.9 281.9 281.7 279.7 277.7 276.8 274.9 275.5 278 278.3 276.4 274 271.1 266.8 264 262.7 262.4 262.7 254.9 252.6 251.7 252.2 253.3 252.2 250.6 248.7 250.9 250.7 249.3
571.4 529.3 505.3 482.1 462.1 447.2 433.3 420.5 412.9 406.8 400.1 390.5 387.3 388.6 389.1 394.3 390.6 385.4 379.5 380.3 380.7 376.9 372.6 374.9 372.2 368.2 365.9 363.8 364.2 364.4 363.6 360.4 358.8 356.3 352.4 350.3 344.3 341.3 332.8 328.4 322 315.2 308.9 300.4 294.6 290.1 286.8 288.4 288.1 286.3 284.8 283 283.6 282.4 281.6 282.3 281.9 278.9 280.9 280.7 277.8 274.3 273.2 270.5 265.3 264.1 264.8 261.2 256.7 254.7 255.1 256.2 259 257.8 252.6 251.3 255.4 254 250.4
574.9 539.2 512.6 484.6 463.1 448.1 434.9 424.9 417.7 411 402.5 392.6 387.2 386.7 389.2 392.1 384.7 383 375 373.6 376.1 376.8 372.9 372.6 368.3 364.7 361.3 356.7 358.4 358.6 357 354.5 351.8 348.1 344.1 340.3 336.6 333.4 329.7 325 318.8 312.3 301.6 295.2 292.4 292.1 291.3 290.5 290.4 289.9 289.3 288.7 288.2 290.4 291 292.1 290 287.7 285.3 283.6 281.4 277.2 275.6 275.8 270.7 270.4 267.4 263.8 260.8 258.7 258.8 260.8 264.8 263.1 256.7 255.9 258.8 255.4 251.7
574.3 540.7 516 486.5 466.3 451.2 436.8 426.5 418.9 413.2 402.7 392.6 388.5 387.6 385.6 387.3 384.1 377.3 373.3 372.1 366.4 367.9 370.8 367.3 363.5 360.8 357.8 352.4 353.5 351.9 350.5 348.1 344.1 339.7 336.3 334.7 331.7 330.3 327.2 322 315.5 303.9 298.8 295.4 294.4 295.3 295.6 296.2 296.6 296.3 296 296.8 297.7 300.9 303.4 302.8 299.3 294.5 293 290.8 285.4 286.3 284.7 281 278.7 274.9 274.4 273.3 268.1 267.4 265 264.5 266.5 267.5 261.9 260.9 259.5 257.6 256.3
567 538.4 513.4 491.6 471.9 454.7 438.4 427.6 422.7 414.5 406.1 398.5 393.3 390.9 387.6 385.3 379.1 374.1 371.1 371.1 366.4 361 365 363 357.9 356.7 353.9 348.6 348.7 347.6 344.1 339.2 338.1 334.7 332.5 330.6 330.1 326.7 323 312.6 305.8 298.9 296.8 296.3 300.2 300.6 301 302.2 303 305.5 304.6 307 309 310.4 310.5 309.9 307.4 305.9 304.1 299.3 294.3 294.1 292.3 287.6 283.6 280.8 282.3 279.7 276.5 272.9 271.7 272.5 273.3 271.4 265.6 270.2 265.9 262.5 258.7
561.1 534.9 511.5 492.7 476.9 459.9 443.2 433.7 427.9 421.2 412.8 406 401.7 396.5 391.3 387.1 381.1 375.6 371.2 361 357.7 353.6 351.6 356.1 351.3 350.5 348.5 345.5 344.7 342.4 338.9 335.8 335.1 333.1 331 327.6 326.7 322.2 313.2 303.6 304.9 305.5 304.4 305.7 306.5 307.9 308.1 310.2 310.2 313.6 315.2 315.7 320.4 321.5 322.2 322.8 321.1 319.4 315 309.5 306.5 304.2 299.7 295.4 295.3 293.8 289.8 286.6 286.7 286.8 283.1 283.3 284 281 276.1 278.1 272.5 270.2 266.3
556.1 530.7 510.4 494.3 481 464.5 452.6 446 434.5 427.6 420.5 414.4 408.7 402.2 391.6 383.7 377.9 368.4 366.1 363.3 359.3 354.4 349.9 347 346.6 345.7 344 342.7 341.5 340.2 337.7 334 332.8 332.2 330 326.9 318.7 313.8 308.2 314.6 316.4 314.8 314.1 314.1 315.2 315.6 317.5 319 322.2 323.1 326.3 329.5 331.7 334.7 336.2 337.7 334.2 329.8 327.4 323.3 319.8 315.4 313.3 310.4 306.2 301.7 297.8 298.1 300.9 299.7 297.2 292.7 290.5 290 286.2 286.8 285.1 283.9 279.5
551.9 527.5 509.2 495.5 482.9 468.5 461.4 452.2 443.3 434.1 425.9 418.4 411.2 400.5 389.4 383.1 380.3 380.9 380.2 376.6 363.5 355.3 350.6 347.8 345.2 342.8 339.9 339.3 339.3 338.2 337.1 334.5 333.4 331.6 326.7 318.2 315.3 314.4 320.2 320.4 323.1 321.1 320.8 321.5 323.4 324.8 325.8 329.1 334.3 334.5 338 343.2 347.9 351.4 353.3 354.7 349.8 347 343.1 339.1 335.5 329.3 324.6 322.9 319.2 313.2 308.1 309.5 307.5 308.8 304.3 300.3 299 300.4 299.9 299.8 296.9 293.7 291.5
547.9 526.3 509.2 495.4 482.7 471.5 461.2 451.3 444.6 437.1 428.9 419.6 408.7 395.4 397.3 397 396.2 398.6 396.5 384.8 373.1 360.7 352.5 347.3 344.3 342.1 337.9 335.4 335.9 336.1 335 332.8 331.5 328.5 322.1 317.6 324.9 324.4 325.4 325.9 328.7 327.7 329.3 330.5 330.5 335.1 336.8 340.3 346.3 349.1 353.7 354.3 360.5 364.9 369.6 371.9 374 369.9 361.2 355.8 350 344.2 341 338.9 333.2 326 322.2 318.3 315.5 314.2 314.8 310.9 311.8 314.2 312.3 311.7 310.7 310.8 307
537.8 517.5 504 491.7 479.7 469.3 458.1 451.9 446.1 439.3 429.3 418.6 402.5 409.5 412.7 414.5 415 417.1 411.3 405 392.6 376.9 359 349.2 343.2 340.7 339.4 336.1 333.8 332.9 333.9 330.8 329.1 328 321.4 318.2 329.4 329.6 329.8 330.4 333.3 334.5 336.1 337.9 341.6 343.6 346.8 350.4 353.8 359 362.7 366.1 368.9 376.2 381.5 387.2 390 386.4 382.7 377.9 371.3 365.8 360.9 354.6 347.6 337.2 334.1 330.4 326.8 326.4 325.2 322.9 322.7 326.3 323.9 324.7 326.7 328.4 328.9
528.7 506.7 497.5 487.1 476.3 468.5 461.6 453.2 447.7 440.1 428.4 415.3 420 425 430.2 433.4 435.9 440 444.7 431.8 429.1 393 377.2 360.7 348.2 342 340.1 337.6 335.3 330.9 328.2 330.3 328.8 325 321.7 319.6 330.7 333.2 333.9 334 337.5 339.9 342.3 346.1 349.2 355.3 358.1 361.6 363.4 367 369.4 374.3 380 386.1 392 397.7 401.4 400.8 398.3 396.6 390 383.6 379.5 369.5 359.5 350.4 342.6 340.2 338.1 336 332.8 331.9 333.4 335.5 335.2 336.3 339 341.4 342.3
518.3 500.8 490.2 483.9 475.8 469.3 462.6 452.9 447.6 438.3 427 424.4 432.3 438.3 446.5 452 460 471.6 476.6 473.6 462.2 431.4 396.2 377 363 351.9 346.4 342.3 337.3 333.2 329 326.2 324.6 323.7 320.9 330.2 331.9 335.2 336.1 338.2 340.5 344.5 349.6 354.3 359.6 362.5 365.3 368.9 370.6 375.8 377.3 382.8 390.1 396.3 402.8 407.2 413.9 410.1 409 406.2 400.4 394.1 386.5 373.9 363.9 356.1 351.9 347.6 344.8 345.6 340.1 339.4 341.4 344.4 345.5 345.9 350.6 352.5 351.7
508.9 499.1 489.2 482.2 475.7 468.2 460.3 452.5 446.6 437.1 424.2 434 442.2 450.9 459.5 470.4 482.7 496.2 502.9 501.7 476.1 447.9 422.9 400.7 380.7 366.8 357.4 347.3 340.1 334.3 330.6 326.5 325.3 323.3 326.1 329.7 332 335.3 337.9 340.7 345.2 349.9 355.9 361.3 366.3 369 371.6 375.5 378 384.1 385.6 388.8 394.6 403.7 411.8 419.8 418.5 416.8 415 413 407.8 400.5 391.5 378 366.6 362.3 358.8 353.5 348.7 346.7 345.8 346.1 349.5 352.6 354.8 353.9 358.3 360.5 360.4
509.8 504.6 493.7 484 475 467.5 459.5 450.3 446.4 438.4 435.8 443.5 452.9 463.7 472.1 486.9 504.1 519.1 524.9 525.1 499.7 483.7 457.1 426.6 405.3 383.7 368.7 354.6 346.8 338.3 331.4 329.3 327.9 326.5 326.6 328.5 330.8 335 339.3 343.3 348.2 354.5 360.5 366.2 371.3 375.4 378.1 381.7 385 388.8 391.7 395 403 411.7 417.9 419.6 419.8 419.6 419 417.1 409.7 400.7 390.3 378.9 369.5 365.2 362.1 356.9 353.4 351.4 351.9 352.8 356.7 360 363.5 363.5 365.2 369.2 367.6
519.1 512 501.2 490.5 480 470.6 460.6 454.4 451.1 439.4 444.9 454.3 462 471.5 484.8 501.4 519.8 535.2 544.1 553.6 538.4 532.1 495.5 468.2 443.4 409.7 383 365.9 356.5 345.2 337.7 332.6 328.3 325.9 325.9 328.7 331.4 335.8 340.3 344.7 352.4 359.1 366.7 371.8 376.6 380.3 385.9 390.2 392.3 397.1 398.7 403.3 407.6 416.7 420 421.2 420.7 418.8 419.3 414.5 407.7 396.3 384.8 377.3 374.9 370.6 364.8 360.7 357.6 355.4 356.1 358.2 363.3 365.5 367.7 368.9 371.1 374.9 373.1
525.9 518.1 507.9 494.6 482.2 471.5 464 456.8 455.1 443.9 453.5 462.5 471.5 481.1 496.2 514.6 532.5 548.7 557.9 568.2 571.4 561.2 541.5 509.9 468.5 431.5 400.4 381.8 367.8 354.9 343.2 335.6 331 329.3 328.3 328.3 329.2 333.1 339 345.2 354.9 362 367.3 376 380.8 385.9 391.9 395.9 398.7 402.2 407.7 410.6 413.7 419.8 423.2 420.7 418 414.4 411.6 407.2 399.8 391 384.8 381.3 375.8 370.6 366.1 363 360.8 358.1 360.1 362.7 368.5 372.4 375 372.2 375.2 373.1 367.5
530.2 519 506.7 493.5 481.4 474.4 467.8 460.7 453.4 453.2 461.5 469.2 479.9 491 507.7 525.6 542.3 558.4 569.9 584.1 586.8 584.8 563.8 532.4 498.6 446.5 414.8 395.5 381.5 370.2 356.8 352.8 339.5 336.2 333.2 329.8 330.3 333.8 340.6 348 356.2 364 372.5 379.4 383.9 388.5 394.4 399.5 403.3 408.4 411.8 410.8 414 419.3 420 416.4 411.3 409.6 407.2 403.1 396.5 389.9 384.9 379.5 373.4 369.2 366.5 364.5 362 361.4 363.5 367.6 371.9 374.8 373.9 370.3 367 366.5 364.3
537.4 518.3 504 492.1 482.5 477.2 471.3 465.2 453.7 460.8 468.3 475.6 486.7 501.5 517.2 535.6 551.1 569.1 584.5 597.9 599.5 595.9 581.7 548 504.2 461.3 429.4 412.6 406.7 397 381.6 361.1 349.3 341.9 337.9 333.4 333.3 335.9 342.5 348.8 357 365.6 373.1 379.8 385.5 390.8 393.6 400.7 404 404.6 405.3 408 410.4 412.2 412.1 410.8 409.3 409 407 400.2 393.3 386.9 381.4 375.2 369.5 367 365.1 364 362.7 363.3 366.9 370.6 373 373.7 370.1 367.9 366.3 364 360.1
539.2 520.7 505.4 492.9 483.7 480.2 474.6 468.1 460.3 468.2 475.1 483.4 495.4 509.9 526.5 541.7 558.5 576.3 595.2 606.1 604 599.9 587.5 554.5 524.2 473.9 447.9 436.8 426.2 409 391.8 372.9 359.1 351.2 344.1 339.7 341.8 342.9 346.5 352.9 357.9 365.8 373 378.6 384.3 391.1 393.6 396.9 399.2 399.6 402.1 401.6 402.4 404.1 405.1 404.3 403.8 401.6 398.4 396.1 390.2 382.2 375.3 369.4 368 365.2 364.4 363.1 362.8 364.7 368.5 370.7 373.7 372.7 368.9 366.9 364.9 360.1 356.9
545.6 526.5 512.1 498 487.5 482.4 476.9 470.6 468.7 474.7 481.9 490.6 502.8 519.6 533.5 547 564.9 581.3 599.8 607.4 603.8 597.4 581.9 562.5 532.2 492.6 477.9 452.9 433.5 420.1 406.2 386 372.8 362 351.1 350.4 349.9 350.1 351.5 352.3 354.8 362.9 370.6 376.6 382.7 386.6 388.9 390.6 391.2 392.6 393.8 395.3 394.8 394.2 394.2 393.8 394.5 393.3 394.5 391.7 385 375.8 369.3 367.7 365.2 364.3 364.5 364.1 364.7 365.2 366.1 367.7 369.6 369 368.7 367.5 366.4 361.7 355.2
550.4 531.8 516.4 500.8 491.2 485.2 479.5 473.1 474.2 481 489.7 498.7 511.5 525.7 539.3 553.4 567.6 582.3 601.4 609.3 604.4 595.4 581.7 565.4 539 512.5 484.1 458 446 432.1 417.9 399.7 389.3 374.8 360.6 362.8 358.6 356.7 358.3 358.7 358.5 360.8 367.1 372.1 373.8 381.3 382.1 382.4 383.9 386.8 389.4 389.6 387.4 386.1 385.9 384.9 387.2 388.5 386.4 383.5 374.3 369.1 367.2 364.9 363.2 361.7 362.7 364.1 364.9 365.5 364.1 364.4 367.4 367.4 370.9 372.8 366.7 364 353.9
556.1 536.3 519.2 502 493.7 488.3 481.3 477.3 479.4 486.6 495.4 506.1 517.2 531.4 544.3 557.2 569.7 583.6 598.2 607.3 603.8 594.7 578.7 560.6 535.6 516.6 488.7 466.9 452.5 437.3 422.6 412.6 397.8 384.9 376.1 372.7 366.6 363.4 362.2 361.3 361.3 360.4 362.5 365.3 369.7 373.6 376 377.4 379.2 380.7 380.6 379.6 379.5 380.7 380.4 379.8 381.6 383 378.3 373.7 368.8 363.9 361.2 358.8 356.4 355.5 357.5 361 361.5 362.5 359.6 361.3 364.4 367.4 372.4 371.5 364 359.6 352.3
561 539.7 521.3 506.2 499.8 494.5 487.3 483.2 485.1 492.2 501.5 512.6 524.6 538.8 550 560.8 574.4 588.1 597.3 602.4 604.3 590.1 572.7 554.5 530.4 515.2 495.3 473.9 456.2 444.3 430.5 418.6 408.2 389.9 383.3 379.5 372.4 368.2 365.8 363.4 361.7 359.8 359.6 359.4 362.4 367.5 371 372.1 372.9 372.9 372.8 374.5 376.3 375 375.5 374.7 374.7 373.1 370.2 367 362.4 357 353.4 352.6 350.8 352 353.7 357 355.6 351.2 353.6 357.7 359.4 362 361.2 357.8 353.6 352.4 345.3
563.2 542.6 524.1 513.1 504.2 498.9 492.5 489.5 485 497.6 507.6 517.7 531.5 545.2 555.2 565.6 579.4 590 596.7 604.3 598.5 584.1 567.2 549.3 529.1 515.2 500.1 476.1 461.6 448.9 436 420.9 410.8 403.3 397.5 385.4 379 373.1 368.6 365 362.6 359.4 357.3 356.9 360.4 358.4 365.4 365.2 364.1 364.6 367.6 370.6 371.9 367.6 365.2 365.4 365.8 364 363 360.1 355.9 351.1 349.8 347.9 347.2 347.6 350.4 350.8 348.7 348.8 349.4 350.4 351.7 353.8 352.2 348.2 344.6 338.7 332.2
566.7 546 529.9 518.9 511.8 504.7 502.3 498.7 489.5 502.8 513.1 524.3 537.3 549.9 560.8 571.8 582.3 591.6 602.2 605.8 590.8 579.2 566.6 544 526.8 515.9 498.8 477.7 462.6 451.6 435.3 427.6 418.6 411.2 403.6 392.8 387.1 380.6 373.3 368.3 363.1 359.1 356 355.7 357.2 359.7 358.3 357.2 356.5 359.6 360.7 362.5 360.5 359.6 359.1 361.1 362.1 360.4 356.8 352.6 349.3 348.6 347.1 344.3 342.5 343.4 344.7 345.2 343.4 342.6 342.4 342.4 343.7 344.2 343.7 340.7 335.2 327.8 325.3
572.8 550.8 533.9 526.1 515.8 508.2 511.2 505.9 498.2 510.4 518.9 529.5 541.8 555 566.5 577.1 587.6 598.2 604 598.9 587.4 574.8 556.3 539 522.2 510.5 497.9 481.8 463.8 455.5 446.4 438.1 428.7 419.5 411.7 403 393.7 387.7 380 371.5 361.9 357.8 355 353.8 354.1 353.7 352.5 349.2 350.8 353.9 352 351.1 351.6 352.4 355 355.8 356.6 354.6 351 348.6 346.8 346.1 343.8 341.5 337.5 339.7 341.3 339.9 336.6 336.3 335 335.9 336 334.3 333.2 329.9 325.2 318.6 311.2
578.1 552.8 538.7 527.8 517.1 512.4 509.6 498.1 507 516.2 525.5 536.1 548.2 562 574 584.7 594.4 602.6 608 599.5 584.4 569.8 551.2 538.5 523.3 515.3 500 483.1 471.3 465 455.2 449.8 438.5 427.4 422 418 405.1 395.6 385.6 376.1 365.6 358.8 354.6 351.2 349.9 348.3 346.1 343 344.9 346.6 345.9 346.2 346 346.9 345.2 348.2 347.7 346.7 345.6 345.1 344.4 342.7 340.6 339.4 335.5 336.4 337.8 335.6 333.1 331.1 329.3 327.5 326.9 326.3 321.1 318.9 313.3 307.8 301
578.7 560.2 542.7 527.9 518.3 514.6 512.5 504.7 513.7 522.5 531.7 544.5 554.5 568.5 581 592.7 600.5 607.6 611.2 598.5 583.2 568 550.4 537.3 530.3 518 503.4 490 478.6 470.2 463.7 455.4 447 438.8 432.8 425.5 413.8 402.5 390.7 380 372.4 364.4 356.2 352.4 347.8 343.2 340.3 340.6 339.8 341.5 340.8 339.1 340.2 339.8 340.7 340.8 341.2 339.2 338.3 339.3 338.8 337.5 336.3 335.3 333.1 333.6 334 332.7 330.4 327.5 323.3 320.2 318.7 316.3 312.3 308.9 304.8 299.6 295.8
583.2 564.3 541.6 530.9 520.6 519.7 508.5 514.6 520.3 528.2 538 550.6 561.9 576 589.9 602.2 609.8 611.5 610.8 598.7 583.6 568.7 553.7 543 533.2 518.9 511.2 495.2 485.2 476.6 471.2 465.1 454.7 446.8 442.2 434.8 422.2 411.1 399.5 389.1 379 369.2 361.8 357 351.5 345.9 340.6 337.4 336.2 337.3 336.8 335.2 334.2 334.2 332.3 332.9 332.5 331.1 329.8 329.6 330.6 331.7 331.3 330.6 330 330.5 331.6 329 326.1 322.8 319.1 316.3 315.5 310.5 309.2 304 299 293.9 288.8
581.8 559.9 541.9 530.9 524.1 521.9 513.3 520.4 523.7 532.3 543.1 556.7 568.7 585 599.3 612.8 619.7 621.7 617.5 599.6 584.9 575.8 564.8 545.3 534.9 526.2 514.3 501.6 492.9 483.7 477.9 472.1 462.9 457.2 448.6 439.9 431.8 418.2 407.5 395.5 383.7 374.7 365.8 357.7 351.6 345.3 341.8 338.8 334.1 330.4 329.4 330.9 331.1 326 320.8 320.5 322.5 321.9 320.6 321.3 323.1 324.2 325.2 325.3 325.8 327.1 328.8 324.8 323 320.4 317.3 312.9 310.4 308.1 303.7 299.5 294.9 290.8 285.9
