WholeMapElevations/data/sh/sh62_OST50GRID_20230518/SH62.asc
ncols 200
nrows 200
xllcorner 260000
yllcorner 320000
cellsize 50
[rows 0 to 34 of 200, columns 78 to 155 of 200]
331.9 332.8 352.7 364.8 383.6 401.3 414 405.1 402 391.5 379.8 381 388 383.8 380.5 380.5 399.8 404.1 406.7 410.4 405.3 414.6 416.2 424 429.2 443.2 446.4 461.3 461.4 466.1 470.7 467 459.5 453.6 459.6 443.8 447.3 437.3 439 442.5 436.1 430.9 436.6 442.5 436.6 440.7 431.8 423.5 422.3 419.9 414.3 391.5 376.5 368.2 357.7 353.8 346.1 333.5 325 323.9 324.2 323.7 321.2 313.1 310 306 298.1 291.2 285.6 281.7 278.4 276.3 273.4 270.6 267.3 263 260.4 257.8
320.1 324.7 343.9 360.2 378.3 392.3 406.5 401.6 390.1 376.7 375.6 382.1 382.4 380.5 380.5 380.5 392.7 403.3 405 413.7 410 415.6 428.6 430.7 442.3 446.7 454.8 475.4 477 480.5 474.8 480.4 478.8 469 478.7 487.7 496 489.5 476.4 475 463.6 428.6 417.2 412.8 417.6 417.7 412.3 413.2 414.7 410.8 402.2 382.9 369.7 360.1 350.5 346.3 339.4 325.7 317.2 316.6 316.8 318.5 316.8 309.7 307.1 302.8 292.8 287 282.5 281.7 277.5 274.2 269.9 269.3 266.7 261 258.7 256.5
315 316.5 333 352.6 372.9 383.8 384.2 381 371.5 373.2 372 380.9 380.6 384.5 380.5 380.5 390.1 405.5 403.6 418.5 414.5 428.3 433.4 452.4 452.9 463.2 467 490.1 495.2 484.4 484.7 487.1 491 491.9 476.7 484 504.4 508.5 504.9 503.3 496.3 459.6 432.5 404.2 398.6 399.6 400 399.7 395.8 389.1 382.4 373 364.9 352.4 344.2 336.9 328.7 320.2 315.8 313.6 313.5 313 310 307.5 305.2 302.9 298 293.8 287.1 283.3 280.2 275.9 272.2 269.1 266.3 262 259.6 256.9
306.9 311.5 323 346.4 359.8 368.1 362.4 351.6 358 366.5 370.9 373.7 380.7 385.8 380.5 380.5 389.5 408.4 409.8 419 425.8 437.7 454 453.5 470.2 476.6 474.4 485.3 490 499.2 505.4 504 511.4 509.5 508.9 501.1 501.1 507.1 509.5 507 504.9 486.3 443.6 415.5 394.1 394.3 394.2 383.7 378.1 368.8 364.3 360.4 356.8 342.7 333.8 326.7 320.4 316.5 316 314.1 312.5 311.6 312.4 311.5 308.3 308.8 315.2 302.1 295.6 291.8 285.2 280.5 275.9 271.4 268.2 263.1 258.8 256.1
300.3 311.9 318.7 341.3 352.9 350.2 336.6 336 345.6 359.5 367.7 369.9 378.3 385.3 380.5 380.5 388.8 403.3 415 432.1 427.2 440.3 464.9 477.6 475.6 479.4 479.8 479.4 485.2 504.6 512.8 510.6 515.3 521.9 519.4 517.9 514.7 508.8 502.2 501.3 485.1 460.5 444.4 417.3 402.8 395.3 383 374.2 370.3 355.9 352 345.6 339.1 336.2 326.8 321.4 317.7 316.7 318.5 319.1 316.2 315 314.5 314.8 314.3 315.9 319.4 307.7 300.2 295.7 291.6 286.9 283.1 277.3 271.6 265.2 258.7 256.4
305.1 310.3 317.3 328.1 332.9 330 323.4 331.2 338.6 352.2 362.3 373.9 376.1 382.5 381 380.5 385.6 408.5 416.7 433.2 426.6 434.6 462.1 483.1 500.9 498.2 494.8 496.2 497.6 497.2 504.2 515.8 514.5 520.2 527.3 527.6 522.5 514.5 500.8 491.9 468 455.1 439.4 426.5 414.7 404.6 379.3 365.1 358.7 349.5 343.6 337.6 331.2 328.9 324.3 321.1 317.7 317.7 319.3 320.4 319.1 317.5 316.7 316 316.8 318.3 318.7 313.3 303.6 298.7 294.2 289.9 285.4 279.8 274.3 270.9 262.5 257.9
301.5 310.9 312.8 320.3 319.5 320.4 326.4 330.5 345.5 349.2 355.7 371.3 380.3 378.9 383.6 383 388.8 405.7 408.5 425.3 422.1 430.5 447.7 483.8 512.8 521.1 506.6 498.2 497.5 499.7 496.7 510 528.8 526.6 526.4 530.9 521.1 510.6 489.9 478.9 463.8 449.4 435.7 428.6 420.8 400.1 382.5 362.1 353.3 345.9 342 336.9 333.4 326.9 324.8 324.9 321.7 319.2 320.4 321.1 320.8 319.6 318.8 318 318.4 319.7 319.1 315.6 307.2 299.1 294.2 289.8 285.9 281.9 277 272.6 266.8 259.6
304.2 309.8 315.9 314.2 315.3 318.5 327.3 331.3 340.2 346 356.5 371.1 380.3 380.1 384 387.5 395.4 408.1 409.4 411.9 418.6 425.6 442.9 477.8 513.6 524.6 523.7 517.6 497.5 501.6 526.5 520.6 528.8 539.3 537.7 529.4 516.1 494.1 480.9 480.5 457.9 449.7 432.9 417.5 407.4 391.7 383.5 368.3 354.5 350.7 346.1 348.8 343.6 332.8 335 327.3 325 326.6 322.2 323 322.9 321.7 320.9 320.1 319.6 321.2 320.9 316.8 309.3 303.1 296.3 291.1 286.8 283 278.1 273.2 267 261.8
307.5 310.7 309.7 312.8 317.4 318.7 330.1 335.3 342.9 350.7 361.3 368.9 382.8 383.7 398.8 394.1 411.2 418.8 408.6 409.9 413.8 423 439.8 462.6 499.2 509.2 521.4 523.1 522.5 509.6 533 542.2 547.9 534.4 541.5 534.8 515 489.5 474.6 471 457.5 444.3 428.3 421.8 411.7 403.1 399.9 380.9 365.2 354.2 352.6 351.4 354.2 356.6 365.9 357 342.8 336.9 334.1 333.3 331.1 327.9 325.7 324.7 326.2 324.7 322.6 318.6 311.5 306.5 301.7 295.9 290.4 286.1 279.7 275.4 268.4 264.3
307.3 308.5 309.7 317.1 319.5 323.3 345.8 345.9 354.8 360.7 368.1 378.2 393.1 389.6 401.2 396.4 413.1 419.8 409.5 419.1 425.4 437.6 455.9 464.2 489 504.6 513.5 517.3 521.5 527.1 528.4 536.1 540 540.4 545.6 522 502.1 497.1 481.3 474.4 461.4 452.2 437.4 422.3 423.9 418.3 401.4 391 387.8 367.9 362.3 371.8 378 376.5 376.6 375.8 359.1 354.8 345.2 348.1 340.6 339 334.5 332.6 331 328.4 325.6 322.4 316.3 310.8 306.3 301.7 296.2 290.8 285.4 281.4 274.5 268.4
313.7 311.2 319.5 322.1 329.6 338.3 358.6 365.5 366 377.4 386.6 399.8 403.5 395.1 399.9 407.6 412.9 421.9 412.3 424.7 440.4 451.1 466.6 485.2 495.6 508.7 511 513.3 518.5 522.1 521.4 515.3 518.9 517.8 517.1 511.3 506.5 506.8 487.3 477 466 443.6 434.9 440.8 442 433.7 409.6 399.3 391.1 381.7 379.6 384.6 399.1 392 388.7 391.5 376.5 366.8 368.3 353.8 348.5 350 346.8 338.1 335.4 332.5 329 324.8 320.8 315.9 311 305.6 300.2 294.7 289.4 285 281.4 279.2
315.3 322.1 329 331.8 336.8 345.1 363.3 373.4 374.7 389.4 403.8 416.5 410.5 402.6 411.8 424.7 425 428.3 418.6 430.7 445.1 465.2 478.4 496.7 498.3 509.1 527.2 531.9 520.8 514.6 513.7 510.2 508.7 508.7 508.7 510.6 514.9 505 494.9 472.5 462.9 452.7 457.1 463.7 444.5 436.4 423.7 414 399 391.9 398.9 410.1 411.8 417.3 405.8 395.8 392.1 384.5 382.6 375.5 362.7 357.7 353.7 342.7 338.8 335 331.9 327.1 321.8 317.1 311.8 308.1 302.7 297.3 291.9 287.4 284.4 281.9
324.1 331.5 333.7 342.4 343.1 345.7 354.5 361.6 368.5 379.6 399.4 419.9 426.6 417.1 426.5 434.1 449.9 435.2 438.8 441.2 451.3 465.4 490.5 504.9 514.6 509.4 532.6 542.9 539.3 528.2 516.4 518.8 525.7 508.7 508.7 518.9 522.4 513.5 493.9 481.6 479.6 481.7 474.4 479.2 472.7 462.3 460 453.4 427.9 409 407.4 420.2 423.6 422.8 418.5 403.7 405.5 408.8 396.9 386.3 382.7 364.2 354.7 346.3 342.4 338.2 333.4 328.6 323.6 318.2 312.8 309 305.3 299.8 294.5 290.2 287.3 283.6
337.2 339.8 347.2 352.8 356.9 370.7 369.3 380.8 387 405.4 424.1 438.5 444 426.5 434.7 460.2 462.8 459.8 448.5 444.3 478.2 489.1 497.7 514 530.7 532.4 537.9 543.6 544.9 546.8 547.1 538.3 528.9 523 519.8 526.9 528 526.4 518.5 503 496.6 492.1 482.9 486 487 481.5 479.4 466.5 456.4 446.6 425.8 426.1 432.8 436.8 424.7 414.2 415.2 410.2 401.5 391.9 385.8 368.4 359.2 348.9 345 340.5 334.9 329.9 324.2 320.1 314.7 310.4 306.4 302.4 296.8 293.1 289.1 285.1
349.6 358.4 365.4 374.1 371.7 387.4 399.2 407.9 418.4 422.5 444.4 454 456.3 443.6 446.3 464 473.9 476.2 468.7 457 483.6 502.3 515 526.3 532.1 545.7 543.1 553 558.8 569.1 569.5 569.9 563.3 550.3 555.7 538.9 552.3 560.4 556.8 536.7 518.2 512.7 523 510.2 496 487.1 479 474.1 476.7 474.9 458 441.3 441.8 445.4 442.2 428.7 425.5 415.1 405.3 392.4 382.2 369.8 364.6 351.5 346 341.2 336.1 330.9 325.8 321.3 316.7 312.1 307.8 303.8 299 294.8 290.5 286.8
353 365.2 375.8 385.1 389.2 401.6 418 427.3 440.1 453 458 460.6 468.3 447.5 459.2 476.9 483.3 492.7 489.1 476.2 480 498.9 515.4 528.9 538.6 554.7 555.1 557.2 570 575.3 582.9 599.8 607.5 593.4 580.1 582.9 562.4 582.8 583.2 572.4 540 538.8 547.3 535.3 518.3 516.4 504 487 499.7 495.6 481.9 470.2 461.8 464.6 447.2 434.9 428.7 420.3 416.8 391.2 376 367.6 363.3 352.2 346.2 341.8 337.7 332.5 328.3 323.3 318.5 314 309.5 305.1 300.7 296.4 292 288
362.5 377.7 384.6 390.1 400.9 406.5 424 436.2 448.8 456.8 466.6 476.8 475.7 461.3 454.5 478.7 497.7 500.8 499.8 493 496 499.1 505.7 519.3 540.7 570.4 572.8 572.7 581.4 588 597.1 610.3 618.4 618.3 620.9 623 606.5 594.6 604.2 604.4 588.4 587.6 567.4 563.2 555.1 546.6 517.9 512.8 506.6 498.6 486.6 480.1 467.7 465.8 460.2 441.8 429.2 424.5 418.2 402 376.6 366.7 360 352.3 347.4 342.8 338 334.3 329.6 324.1 319.3 314.6 310.2 306.1 300.8 297.2 293.5 289.3
368.2 384.5 395.8 398.1 414.5 421.6 431.5 447.2 460.6 469 476.7 483.2 491.1 484.7 474.8 476.2 498.9 509.2 505.6 500.2 500.9 510.5 513.6 519.8 546.5 560.7 572.9 580.3 587.7 601.7 607.2 616.1 633.8 648.3 656.2 670.9 662.1 652.2 650.1 638.5 624.7 619.7 607.5 586.3 590.4 567.8 552.6 527.6 521.3 501.5 488.2 483.5 470.8 460.2 455.9 439.4 430.9 423.6 418 394.2 382 366 362.7 351.7 348.3 343.5 337.9 334.2 329.2 323.7 318.4 313.7 309.5 305.5 301.3 296.2 292.6 289.8
373.4 388.3 404 414.5 426.1 431.3 444.8 458.1 468.8 479 489.5 498.4 499.8 501.4 500.9 497.6 510.1 516.8 516 513.2 514.4 515.5 517.4 525.4 537.4 553.3 575 581.6 599.9 606 610.8 636.1 660.9 681.1 695.7 703.4 695.8 680.1 673.2 666 652.1 639.6 640.4 625.2 616.7 594.8 570.7 558.8 531.2 513 494.3 484.6 476.7 465.5 453.8 441.1 431.1 419.8 408.9 394.9 377.1 366.1 358.5 351.3 346.3 342 336.8 332 327.3 322.1 316.8 312.1 308 303.8 299.4 295.1 291.6 288.6
376.4 395.1 410 424.5 439.1 438.7 446 458.5 473.3 483.3 492.1 504.8 505.5 505.6 512.2 513.2 516.7 522.6 521.6 521.6 521.2 524.2 524.9 529 541.6 557.1 572.1 579.7 592.4 606.4 629.5 656.3 681.2 693.2 708 718.8 717.5 705.1 686.7 682.2 673.1 661.4 653.1 653.6 641.2 609.5 591.3 577.3 555 527.2 502.4 492.4 479.8 469.9 455.6 439.8 425.1 414.4 402 385.6 372.6 362 355.6 349.6 344.8 339.4 334.5 329.2 324.4 319.4 314.2 308.6 305.8 301.3 296.8 293 289.9 286.9
398.6 408.3 424.2 441.7 451.1 453.6 457.7 469.4 479.4 488 498 508.7 511.1 512.6 513.6 519.5 521.8 524.2 524.5 523.6 523.7 528.7 533.1 538.8 544.2 561 588.4 599.2 613.5 632 652.2 673.4 690.4 702.9 711.7 715.4 716.5 716.3 697.9 681.9 679.2 678.5 667.8 663 645.3 620.7 602.5 579.4 553 533.9 512.3 493.4 482.6 473.6 462.2 441.1 421.3 404.7 391.6 378.3 367 358.9 351.5 346.5 341 336.2 331 325.6 321.6 316.7 310 305.8 302.8 298.7 294.1 291.2 288 283.7
411.2 417.5 433.6 445.5 455.9 467.5 476.6 483.9 491.3 500 508 512.6 512.8 514.9 516 520.7 523.3 525.3 525.3 524.6 526.5 527.3 536.3 541.4 556.8 566.1 592.7 608.9 634.4 652.1 659.2 675.5 689.9 697.9 701.4 699.7 700 693.4 679.7 680.8 678.5 681.2 673.3 660.6 633.4 612.2 600.7 580.7 558.4 532.7 518.4 499.1 484.1 471.7 462.9 438.6 416.8 395.9 382.5 373.8 362.4 354.5 348.8 342.8 337.2 332.1 326.6 321.3 317.3 311.8 306.4 303.1 299.8 295.8 292 288.6 285.4 279.6
426.9 429.1 438.2 448.1 457.9 469.8 479.2 487.7 495.5 502.3 507.6 511.6 512.5 514 515.1 518.4 523.7 525.3 525.6 525.7 527.3 530.2 539.3 553.8 569 589 601.6 616.9 635.4 655.3 665.2 675.4 680.6 685.9 685.7 683.8 677.9 670.2 661.2 666.6 676.6 682.9 681.7 649.6 618.6 598.7 592.8 583.3 548.2 533.9 523.2 501.2 483.5 469.5 455.6 431.2 409.7 392.7 378.5 369.8 358.2 352.1 345.8 339.5 334 327.6 322 316.8 310.1 306.2 303.4 300.9 296.4 291.7 288.9 285 280.6 275.3
436.9 439.9 444.9 450.8 457 467.8 478.1 486.2 493.4 500.3 504.5 507.5 509.6 510.7 511.7 514.5 519.9 523.6 526.1 531.8 534.2 534.1 541.2 558.9 573.5 604 611.5 621.3 636 651.2 661.2 663.4 664.1 670.6 674.9 673.4 661 647.4 642.8 655.1 666 677.7 661.8 633.4 598.6 590.7 585.8 568.1 535.1 528.9 518 501.9 480.3 464.9 452.2 427.5 402.7 383.8 374.9 364.3 356.4 348.6 341.8 335.1 330.5 321 314.2 309.5 306.2 302.1 298.9 296.5 294.4 288.5 284.1 280 275.5 271.6
440.8 442.9 446.6 451.1 455.8 466.8 475 481.5 487.7 493.3 499.1 502.8 505.2 506.5 507.7 509.9 516.3 521.7 529.5 536.7 538.4 544.1 556.4 576.6 596.5 608.8 620.1 622.4 631.6 640.7 644.3 642.1 645 647.9 648.7 643.5 637 634.4 627.8 633.8 650.5 647.9 638.5 614.8 579.6 584.4 571.6 551 529 524.3 514.2 498.3 478.7 460.2 444.9 417.1 396.1 380.1 370.3 361.6 354.1 346.4 339.2 331.1 325.3 314.5 309.4 306.8 303.6 298.6 295.3 293.8 290 284.9 279.9 275.6 272.1 269
440 441.6 444.9 448.8 452.6 459.9 467.2 472.6 479.1 485.6 491.2 495.2 498.1 501.4 502.4 506.4 511.1 519.8 530.4 538.6 542.8 559.2 572.7 593.5 608.3 622.9 623.8 626.1 627.4 630.4 631.5 625.6 624.1 618.3 612.4 606.7 613.2 613.2 606.3 614.4 617.1 619.7 604.9 572.1 561.4 573.3 561.6 533.8 529.9 519.7 510.9 489.1 473.6 455.2 427.7 404 390.9 373.4 367.4 357.2 350.1 344.1 336.7 328.6 319.5 314.1 309.1 304.7 301.1 295.9 294.3 291.7 288 280.9 276.1 273.3 269.1 266.5
437.3 437.9 440.8 444.4 447.8 452.9 458 464 470.1 476.2 482 486.2 491.2 494.5 494.3 494.9 502 517.6 531.3 537.1 551.3 568 580.4 598.8 613.2 622.4 628 628.7 622.9 619.5 614 606.6 598.2 591.9 581 573.2 575.6 575.2 575.6 588.6 594.4 582.7 564.5 536.3 539.8 553.9 526.3 524.8 525.6 514.3 500.2 483.7 467.3 449.8 417.3 395.6 386.3 371.2 362.2 353.5 347.9 344.7 337.9 328 320.5 315 308.6 302.8 300 296.4 293.9 290.9 288.2 277.8 277.7 276.2 271.7 268
432.7 433.2 434.8 438.2 441.5 446.6 451.7 456.3 461 467 473.3 477.9 482.4 487.8 485.8 487.2 494.4 509 524.1 538.2 553.8 570.2 581.5 596.7 609.6 618.6 624.2 621.5 614.7 604.2 590.3 575.6 564.1 560.4 545.1 534.7 535.9 529.1 533.6 540.4 549.8 541.5 525.7 502.3 507.3 513 506.9 512 523.8 510.7 501.4 484.3 460.4 436.5 410.8 391.8 375.5 368.3 360.7 354.7 348.4 344.6 335.6 326.4 320.7 315.7 314.3 312.7 309.1 302.5 295.4 293.8 290 288.1 286.1 284.7 279.8 274.7
426.6 426.9 428.2 430.9 434.3 438.9 443 447.3 451.9 458.2 464.8 469.2 473 473.7 476.6 476.3 485 500.5 518.4 541.5 557.8 571.2 579.6 592.2 603.4 610.7 613.7 606.4 600.9 592.2 571.4 548.8 537.8 521.1 505.8 505.7 497.2 494.9 491.6 502.8 502.8 500.9 503 470.7 470.2 481.5 501 505.6 506.6 505.7 498.3 478.4 443.3 438.4 406.8 388.6 372.7 365.1 359.3 354.3 353 341.2 330.8 327.4 323.4 321.3 318.9 321.9 320 312.4 299.9 299.4 303.4 300.6 294.8 290.5 285 280.1
420.3 420.6 421.9 423.9 427.2 430.9 435.3 439.6 442.4 446.3 452.3 456.5 460.3 464.3 466.5 468.2 478.1 493.7 517.3 538.7 549.5 562.4 570.6 586.6 589.6 596 589 589.8 587.8 567.4 545.3 535.8 523 502.6 483.6 476.5 461.9 455.3 457.3 465.6 461 461.7 449.1 433.2 431.8 456.7 476.2 484.5 488.2 489 483.9 459.1 443.5 435.4 401.6 381.8 370.5 360.9 355.7 354.9 349.3 333.9 329.9 331.1 330.6 330 325.9 326.2 324.7 315.7 310.2 309.2 311 310.1 301.6 295.2 289.8 284.5
414.6 414.3 415.6 417.4 420.4 424.2 427.7 431.5 433.9 437.9 442.4 447.1 452.7 455.9 458.3 463.6 472.1 489.4 512.3 526.9 540.6 552.8 560.9 570.2 580.5 575.1 575.7 569.9 567.2 555.6 538 522.9 496.8 479.7 468 455.2 438.2 426.3 429.3 427.6 430.6 422.4 417.4 398.6 427.1 442.6 462.7 470.3 484.9 481.1 465.1 442.8 435 418.5 391 376.3 366.2 357.1 351.8 350.5 340.1 332 338.5 341.4 338.8 339.3 333.1 330.6 329.1 325.2 324.9 323.8 319.5 312.8 306.6 299.3 293.5 287.9
408.7 408.5 408.9 410.7 413.6 417.4 421 423.5 425.9 429.9 434.2 437.5 445 449.9 451.7 460.5 470.4 483.1 500.6 518.6 530.8 540.6 548.1 552.9 559.6 561.5 561.8 555.1 546.1 537.2 518.7 508.1 478.1 458.2 444.2 445.4 434 411.7 403.9 396 399.8 390.3 377.7 374.8 423.6 439 455.8 472.6 476.6 475.1 445.7 432.6 424.7 402.7 381.5 374.2 362.8 352.5 346 341.4 339.1 343.5 344.9 349.1 348.4 345 346.1 337.2 331.7 333 333 333 329.1 319.4 311.7 303.7 297 291.3
402.8 403 403.3 404.2 406.5 410.2 413.6 415.8 417.6 421.6 424.7 430.1 437.3 442.7 443.8 458.6 464.4 479.2 488.3 506.4 517.4 525.5 532.7 539.7 543.7 545.1 549.8 548 537.5 518.9 504.8 478.8 458.9 450.3 427.6 423 418.8 406.9 388.2 366.4 357.3 353.8 350 362.5 415.7 431.3 454.9 470.2 471.7 453.7 426.1 408.5 403.6 385.2 385.8 369.5 357.8 346.5 346 344.5 345 351 353.7 354.3 358.3 354.2 348.4 344.6 340.6 342.6 340.7 338.7 331.4 322 314.4 307.3 300.4 294.4
397 396.7 396.9 398.2 399.3 402.8 405.5 407.3 408.7 411.3 415 419.7 428.1 434.2 437 449.8 462.9 476.2 480 494.4 507.8 513.4 515.7 516.4 524.5 531.6 526.2 530 530.2 518.4 493.4 458.2 441.6 435.9 427.9 408.4 403.3 389.9 370.6 348.1 339.7 335.9 334.6 346.7 391.7 414.8 458.3 468.9 451.2 429.8 404.2 395.5 378.2 369.6 367.1 357.7 352 345.1 345.6 344.8 350.4 356.6 359.4 364.8 362.5 358.6 351.1 353.3 354.3 352.1 349.9 342.3 334 325.6 317.4 309.6 302.3 296.3
391.4 390.9 390.6 391.2 392.1 395.5 397.2 399.2 401.2 402.6 406.4 411.1 417.9 423.9 429.4 438.3 459.4 466.4 476.6 483.3 497 497.3 489.1 498.5 507.9 519.3 517.3 517.7 502.9 496.8 476.5 455.9 444.8 438.5 424.1 406 379.6 370.7 349.7 332 323 321.6 320 333.6 378.1 405 437.2 433.8 412.7 397.6 386.5 369.4 365.4 361.9 352.3 351 346.1 346.2 347.7 347.8 353.8 359.5 362 365.8 362.7 365.8 360.5 362.2 364.7 360.1 355.6 345.2 337.9 330.1 320.4 311.8 304.2 298.1
