UK/data/nb/nb30_OST50GRID_20230518/NB30.asc
ncols 200
nrows 200
xllcorner 130000
yllcorner 900000
cellsize 50
[rows 0 to 35 of 200, columns 83 to 165 of 200]
44.1 60.4 64.4 54.5 49.3 51.5 42.9 49.7 59.8 56.7 49.1 62.7 64.3 65.6 56.3 65.1 75.5 73.1 84.4 91.1 102.3 118.5 130.9 120.1 127.8 113.6 90.1 93.4 90.7 93.4 90.1 83.1 60.2 38.8 34.3 -2.1 -2.1 -2.1 -2.1 -2.1 -2.1 -2.1 -2.1 -2.1 -2.1 -2.1 -2.1 -2.1 -2.1 -2.1 -2.1 -2.1 -2.1 -2.1 -2.1 -2.1 -2.1 -2.1 -2.1 -2.1 -0.1 3.6 11.8 9.7 18.7 27.7 33.5 49 36.3 48.6 44.2 45.5 47.1 39.9 47.8 38.7 21.2 20.7 28.1 24.3 22.9 14.1 13.7
58 64.2 60.7 56.2 50.7 54.2 55.3 65.2 63.4 55.3 63.7 80.1 71.4 67.5 67.5 83.5 94.6 93.9 94.1 113 142.2 144.8 153.1 140.1 135.8 125.7 104.7 105.7 111.5 116 104.2 85.9 72.4 62.7 62.8 -2.1 -2.1 -2.1 -2.1 -2.1 -2.1 -2.1 -2.1 -2.1 -2.1 -2.1 -2.1 -2.1 -2.1 -2.1 -2.1 -2.1 -2.1 -2.1 -2.1 -2.1 -2.1 -2.1 -2.1 -2.1 -2.1 -2.1 13.5 9 20 30.6 25.9 37.1 45.7 51.2 52.6 53.5 47.5 42 41.6 47.1 38.9 19.8 24.2 25.6 25.1 8.5 1.9
59.7 58.8 55.2 57.1 52.6 54.2 64 65.3 73 67.1 61.4 71.3 75.9 70.9 80.7 95.1 118 110.3 115.4 126.9 154.9 158.5 162.4 144.1 145.7 144.1 114.1 113.1 118.9 125.2 112.1 96.8 81.7 74.5 78.2 70.3 48.2 -2.1 -2.1 -2.1 -2.1 -2.1 -2.1 -2.1 -2.1 -2.1 -2.1 -2.1 -2.1 -2.1 -2.1 -2.1 -2.1 -2.1 -2.1 -2.1 -2.1 -2.1 -2.1 -2.1 -2.1 -2.1 12.1 13.1 8 22.6 24.1 25.7 42.1 42.5 45.5 51.6 56.8 47 45.8 49.3 39.9 16.8 22.3 30.4 28.8 18.1 1.9
55.9 57.1 61 57.7 58.7 56.9 64.6 70.4 77.6 69.2 65.3 73.6 83.9 80.5 91.5 112.9 126.4 116.9 120.6 147.2 162.6 176.8 166 176.8 178.1 157.6 135 115.6 119.2 123 121.1 106.1 96.5 75.1 76.6 75.2 63.6 40.7 -2.1 -2.1 -2.1 -2.1 -2.1 -2.1 -2.1 -2.1 -2.1 -2.1 -2.1 -2.1 -2.1 -2.1 -2.1 -2.1 -2.1 -2.1 -2.1 -2.1 -2.1 -2.1 -2.1 -2.1 -2.1 -2.1 -2.1 -2.1 19.9 27.9 29.1 30.9 35.4 40.2 35.1 48.8 49.7 39.6 37.2 12.5 16 30.7 38.4 24.2 8.2
67.4 75.1 71.6 67.5 58.2 58.9 68.1 71.2 71 72.8 70.3 79 86.8 99.6 109.4 116.3 124.4 122.4 131.9 158.5 168.4 178.3 174.8 192.1 196.1 179.3 135.9 121.9 124.2 121.5 118.6 113.3 95.4 88.2 84 76.2 69.7 50.3 29.2 -2.1 -2.1 -2.1 -2.1 -2.1 -2.1 -2.1 -2.1 -2.1 -2.1 -2.1 -2.1 -2.1 -2.1 -2.1 -2.1 -2.1 -2.1 -2.1 -2.1 -2.1 -2.1 -2.1 -2.1 -2.1 -2.1 -2.1 26.4 23 19 14.2 24.3 25 27 33.5 46 41.8 29.6 9.5 12.3 25.5 40.3 50.1 29.2
63 74.1 74.1 72.9 85.7 71.2 65 65.2 72.1 80.9 75.9 87.9 94.8 111.1 114.6 118.8 124.5 133.1 144.2 164.6 171.8 175.7 175.3 195.6 187 171.2 152.4 125.5 124.4 120.7 115.5 122.1 116.4 107.6 90 80.7 77 69.5 57.2 41.5 -2.1 -2.1 -2.1 -2.1 -2.1 -2.1 -2.1 -2.1 -2.1 -2.1 -2.1 -2.1 -2.1 -2.1 -2.1 -2.1 -2.1 -2.1 -2.1 -2.1 -2.1 -2.1 -2.1 -2.1 -2.1 -2.1 25.5 16 14.1 1.9 9.9 22.4 24.7 23.3 20 35.7 37.6 36.3 6.8 14.8 29.8 39.8 24.3
55.5 64.5 79.6 86.6 92.9 79.2 70.1 74.4 74.7 81 83 94.6 98.4 105.1 114.4 120.8 132.1 137.1 155.3 162.9 163.9 169.7 172.8 189.3 183 175.3 165.5 138 122.7 119.3 105.2 112.2 113.2 95.2 97.8 86.6 81 85.8 77.1 55.6 42.3 -2.1 -2.1 -2.1 -2.1 -2.1 -2.1 -2.1 -2.1 -2.1 -2.1 -2.1 -2.1 -2.1 -2.1 -2.1 -2.1 -2.1 -2.1 -2.1 -2.1 -2.1 -2.1 -2.1 -2.1 -2.1 -2.1 8 10.3 -2.1 -2.1 27.1 22 16.7 1 12.2 33 35.4 16 6.3 11.8 30.3 12.8
58.8 64.2 75.1 88.1 91.5 84.4 83.5 86.7 87.3 84.6 95.7 98.2 102.2 107.2 118.2 125.7 129.4 143.3 158.7 157.5 157.2 154.5 164.8 183.2 176.3 167.2 165.1 140 114.7 118.7 107.1 104.2 105.9 92.1 93.6 89.1 80.9 82 81.1 70.1 60.8 -2.1 -2.1 -2.1 -2.1 -2.1 -2.1 -2.1 -2.1 -2.1 -2.1 -2.1 -2.1 -2.1 -2.1 -2.1 -2.1 -2.1 -2.1 -2.1 -2.1 -2.1 -2.1 -2.1 -2.1 -2.1 -2.1 -2.1 -2.1 -2.1 -2.1 -2.1 17.2 -2.1 -2.1 -2.1 -2.1 -2.1 -2.1 -2.1 10.3 11 17.3
61.8 64.8 72.9 78.2 81.7 86.4 91.7 97.7 96.9 93.4 103.8 117.9 117.1 117.6 116.9 127.1 136.9 151.8 169.8 164.4 158.1 150 159.4 166.7 168.2 155.2 164.8 145.8 108.4 107.6 111.9 108 95.8 88.3 94.3 101.7 94 88.8 89.3 77.7 65.7 60.5 -2.1 -2.1 -2.1 -2.1 -2.1 -2.1 -2.1 -2.1 -2.1 -2.1 -2.1 -2.1 -2.1 -2.1 -2.1 -2.1 -2.1 -2.1 -2.1 -2.1 -2.1 -2.1 -2.1 -2.1 -2.1 -2.1 -2.1 -2.1 -2.1 -2.1 -2.1 -2.1 -2.1 -2.1 -2.1 -2.1 -2.1 -2.1 -2.1 -2.1 14.5
66.4 69.8 76.5 81.2 85.2 89 99.6 114.3 106 100.5 113.1 120.2 125.8 129.7 132 143.3 151.2 158.4 183 176.2 180.5 159.2 150.9 148.4 149 151.9 151.6 131.4 109.4 107.2 108.3 105.8 93.7 89.8 88.3 95.1 92 85.1 90.5 80.4 71.9 72.1 49.7 32.9 -2.1 -2.1 -2.1 -2.1 -2.1 -2.1 -2.1 -2.1 -2.1 -2.1 -2.1 -2.1 -2.1 -2.1 -2.1 -2.1 -2.1 -2.1 -2.1 -2.1 -2.1 -2.1 -2.1 -2.1 -2.1 -2.1 -2.1 -2.1 -2.1 -2.1 -2.1 -2.1 -2.1 -2.1 -2.1 -2.1 -2.1 -2.1 -2.1
68.9 77.8 83.8 89.4 94 93.5 99.5 121.3 108.2 109.9 120.4 128.7 136.2 142.5 140.4 148.4 144 156.7 179.6 172.4 160.3 148.9 142 152.1 139 150.8 138.4 123.3 116.5 106.8 106.7 107.9 104.2 94.3 87.1 91.9 82.6 78.3 82 80.5 74.4 79 58.9 43.7 28.9 23 -2.1 -2.1 -2.1 -2.1 -2.1 -2.1 -2.1 -2.1 -2.1 -2.1 -2.1 -2.1 -2.1 -2.1 -2.1 -2.1 -2.1 -2.1 -2.1 -2.1 -2.1 -2.1 -2.1 -2.1 -2.1 -2.1 -2.1 -2.1 -2.1 -2.1 -2.1 -2.1 -2.1 -2.1 -2.1 -2.1 -2.1
71.9 77.8 86.2 92.1 92.8 95.9 104.3 106.4 108.9 124.9 131.2 132.9 141.9 153.4 142.6 147.1 144 151.4 169.5 168.4 155.6 148.1 142 145.6 139 143.7 136.9 127.9 126.9 118.9 110.8 118.6 106.5 94.7 86.4 89.7 88.2 78.3 80 88.6 86.5 86.3 85.9 67.2 43.2 26.7 -2.1 -2.1 -2.1 -2.1 -2.1 -2.1 -2.1 -2.1 -2.1 -2.1 -2.1 -2.1 -2.1 -2.1 -2.1 -2.1 -2.1 -2.1 -2.1 -2.1 -2.1 -2.1 -2.1 -2.1 -2.1 -2.1 -2.1 -2.1 -2.1 -2.1 -2.1 -2.1 -2.1 -2.1 -2.1 -2.1 -2.1
81.8 82.8 84.2 88.1 94.4 99.7 105.6 108.2 111.2 130.9 144.6 143.2 153.9 154.1 148.4 146.6 146.3 156.3 166.7 172.8 170.2 146.7 142 148 148.2 139.3 144.2 134.4 132.6 120.1 113.4 121.9 127.6 106 89.8 86.9 78.3 78.3 78.3 90.3 94.8 86.9 96.7 83.9 61.7 33.6 -2.1 -2.1 -2.1 -2.1 -2.1 -2.1 -2.1 -2.1 -2.1 -2.1 -2.1 -2.1 -2.1 -2.1 -2.1 -2.1 -2.1 -2.1 -2.1 -2.1 -2.1 -2.1 -2.1 -2.1 -2.1 -2.1 -2.1 -2.1 -2.1 -2.1 -2.1 -2.1 -2.1 -2.1 -2.1 -2.1 -2.1
94.5 88.5 86.4 91.6 94.7 109.5 112.8 111.2 113.5 132.5 144.7 154.8 162.2 166.1 161.3 144 151.3 156 171 176.9 174.5 147.8 142 152 161.6 138.8 142.8 137.1 138.5 127 116.3 126.4 131.1 107.3 91.4 84.3 82 78.3 78.3 89 99.2 98.3 97.5 102.7 76.5 54 41 -2.1 -2.1 -2.1 -2.1 -2.1 -2.1 -2.1 -2.1 -2.1 -2.1 -2.1 -2.1 -2.1 -2.1 -2.1 -2.1 -2.1 -2.1 -2.1 -2.1 -2.1 -2.1 -2.1 -2.1 -2.1 -2.1 -2.1 -2.1 -2.1 -2.1 -2.1 -2.1 -2.1 -2.1 -2.1 -2.1
106.5 96 92.4 95.1 100.6 110.1 114.9 115.9 125.1 131.9 149 162.9 173.2 170.5 172.3 144.9 144.9 156.6 163.2 172.7 166.5 156.5 151.1 156.7 158.2 148.9 139.7 132.9 133.9 126.4 123.4 131 125.9 126.6 96.5 84.5 84.8 78.3 78.3 86.3 97.6 98.7 95.2 112 97 72.8 61.4 50.6 36.3 18.8 -2.1 -2.1 -2.1 -2.1 -2.1 -2.1 -2.1 -2.1 -2.1 -2.1 -2.1 -2.1 -2.1 -2.1 -2.1 -2.1 -2.1 -2.1 -2.1 -2.1 -2.1 -2.1 -2.1 -2.1 -2.1 -2.1 -2.1 -2.1 -2.1 -2.1 -2.1 -2.1 -2.1
111.1 100.3 99.3 99.8 105.2 111.5 120.6 124 129.5 144.7 148.4 152 164.3 164.9 160.5 144.9 144 153.4 155.8 160.1 159 163.3 156.1 153.2 154.9 152.9 133.9 134.1 130.6 136.2 142.8 128.4 121.1 123.6 100.2 86 83.7 85.1 78.3 81 101.4 101.7 96.7 94.8 100.8 80.5 63.2 63.2 50 31.2 24.6 -2.1 -2.1 -2.1 -2.1 -2.1 -2.1 -2.1 -2.1 -2.1 -2.1 -2.1 -2.1 -2.1 -2.1 -2.1 -2.1 -2.1 -2.1 -2.1 -2.1 -2.1 -2.1 -2.1 -2.1 -2.1 -2.1 -2.1 -2.1 -2.1 -2.1 -2.1 -2.1
106 101.2 98.7 106.3 113 121.6 124.3 130.6 135.6 145.5 154.3 158.7 164.6 170.9 161.3 145.8 145.2 145.1 147.4 151.4 155 157.2 154.1 153.6 147.9 149.4 128.5 128.6 124.5 135.5 137.2 123 121.3 118.1 106.4 98.9 82.7 89.5 82.5 82.3 91.7 114.6 105.3 104.7 103.4 88.9 67.1 56.9 50.3 37.4 34.5 22.9 -2.1 -2.1 -2.1 -2.1 -2.1 -2.1 -2.1 -2.1 -2.1 -2.1 -2.1 -2.1 -2.1 -2.1 -2.1 -2.1 -2.1 -2.1 -2.1 -2.1 -2.1 -2.1 -2.1 -2.1 -2.1 -2.1 -2.1 -2.1 -2.1 -2.1 -2.1
106 101.6 103.2 108.9 119.2 127.8 130.3 135.5 142 149.6 163 169 161.1 164.1 162.2 154.9 164.9 150.2 148.4 154.6 159.6 157.3 157.3 155.1 143.9 142 127.2 120.7 117.2 135 137.1 129.3 118.3 121 120.5 101.3 79.3 83 83.6 75.9 81.1 99.6 102.9 102.1 98.5 102.5 74.6 62.1 50.4 41 34.3 32 24.2 -2.1 -2.1 -2.1 -2.1 -2.1 -2.1 -2.1 -2.1 -2.1 -2.1 -2.1 -2.1 -2.1 -2.1 -2.1 -2.1 -2.1 -2.1 -2.1 -2.1 -2.1 -2.1 -2.1 -2.1 -2.1 -2.1 -2.1 -2.1 -2.1 -2.1
108.2 104.4 106.7 115.3 125.6 129.4 132.9 140 141.9 151.3 170.1 172.3 171.5 155.2 156.9 158.9 174.7 155.4 153.9 155.2 168.6 161.7 157.3 159.3 163.4 160.5 140.2 126.2 117.2 117.2 131.1 127.4 112.7 114 96.9 91.8 74.4 67.1 72.8 71.4 72 80.5 98.2 101 90.3 98.8 79.2 57.4 48.6 51.6 41.4 36 30.2 -2.1 -2.1 -2.1 -2.1 -2.1 -2.1 -2.1 -2.1 -2.1 -2.1 -2.1 -2.1 -2.1 -2.1 -2.1 -2.1 -2.1 -2.1 -2.1 -2.1 -2.1 -2.1 -2.1 -2.1 -2.1 -2.1 -2.1 -2.1 -2.1 -2.1
111.3 109.6 114.3 120.6 132.4 134.1 136.6 147.4 145.4 148.5 156.1 166.7 165.4 152.7 150.3 155.5 165.7 156.9 162 162.7 168.2 168.5 150.2 157.2 160.4 162.7 156.1 122.9 117.2 117.2 128.9 127.8 101.2 92.4 80.4 76.9 69.6 61.8 66.2 71.1 66.7 71.5 85 97.1 90.2 92 78.8 57.2 49.4 44.6 45 38.4 22.3 -2.1 -2.1 -2.1 -2.1 -2.1 -2.1 -2.1 -2.1 -2.1 -2.1 -2.1 -2.1 -2.1 -2.1 -2.1 -2.1 -2.1 -2.1 -2.1 -2.1 -2.1 -2.1 -2.1 -2.1 -2.1 -2.1 -2.1 -2.1 -2.1 -2.1
113.1 121.7 125.9 127 140.5 147.2 140.3 140.4 146.7 145.5 149.2 155.4 155.3 142 142 155.7 161.3 158.6 168.7 170.3 158.9 168.7 149.4 149.2 156.4 149.1 143.7 118 117.2 118.4 124.6 124.9 113 81.4 72 68.1 69.9 66.3 60.2 63.6 64.8 66.2 76.4 91.2 97.8 96.4 87.4 70.2 60 48.9 37.1 33.6 17.3 -2.1 -2.1 -2.1 -2.1 -2.1 -2.1 -2.1 -2.1 -2.1 -2.1 -2.1 -2.1 -2.1 -2.1 -2.1 -2.1 -2.1 -2.1 -2.1 -2.1 -2.1 -2.1 -2.1 -2.1 -2.1 -2.1 -2.1 -2.1 -2.1 -2.1
116.2 125.3 134.9 131.8 140.3 144.9 141.8 144.1 147.2 147.4 145.3 142 143.4 142 142 150.9 157.6 160.9 173 169.4 157.4 145.2 145.2 142.1 145.5 138.6 140.1 127.1 117.5 117.9 114.7 102.4 88.4 73.6 67.7 67.8 66.3 62 58 62.3 67.5 67 70.3 84.1 98.2 105.8 95.3 81.2 69.8 68.5 42.9 29.1 18.5 -2.1 -2.1 -2.1 -2.1 -2.1 -2.1 -2.1 -2.1 -2.1 -2.1 -2.1 -2.1 -2.1 -2.1 -2.1 -2.1 -2.1 -2.1 -2.1 -2.1 -2.1 -2.1 -2.1 -2.1 -2.1 -2.1 -2.1 -2.1 -2.1 -2.1
126.1 128.4 132 131.1 136.4 139 142.8 146.1 147.7 145.2 142 142 142 142 142 142 154 159.5 167.6 167.3 157.2 145.6 138.4 140.8 140.4 136.7 140.5 134.3 118.8 111.1 99 94.3 80.8 68.7 65.9 67.3 66.7 63.8 60.4 59.8 73.3 77.3 67.8 68.8 86.4 92.3 96.1 85.6 73.2 71.5 53.2 29.7 11.9 -2.1 -2.1 -2.1 -2.1 -2.1 -2.1 -2.1 -2.1 -2.1 -2.1 -2.1 -2.1 -2.1 -2.1 -2.1 -2.1 -2.1 -2.1 -2.1 -2.1 -2.1 -2.1 -2.1 -2.1 -2.1 -2.1 -2.1 -2.1 -2.1 -2.1
128.9 129.5 131 136 137.9 140.4 147.6 148.8 148.1 146.5 142 144.7 142 142 142 142 149.4 151.5 158.2 160.2 162.2 148.5 141.5 136.2 137.9 136.4 140.3 138.2 113.6 108.3 96.7 87.8 83 71.3 67.8 59.3 58.9 58.7 60.3 52.5 61.2 71.1 63 60.8 61.8 80.2 90.1 82.2 65.7 60.7 40 17 -2.1 -2.1 -2.1 -2.1 -2.1 -2.1 -2.1 -2.1 -2.1 -2.1 -2.1 -2.1 -2.1 -2.1 -2.1 -2.1 -2.1 -2.1 -2.1 -2.1 -2.1 -2.1 -2.1 -2.1 -2.1 -2.1 -2.1 -2.1 -2.1 -2.1 -2.1
127.3 128.7 131.1 142.4 145.2 144.3 151.1 152.8 151.8 148.3 146.4 142 144.5 142 145.4 142 142 148.5 156 164 164.6 155.4 146.2 136 132.1 133.5 152.6 139.7 111.2 102.5 101.7 97.2 94.8 87 80.8 65.2 61.7 61.5 58.6 51.8 50.5 47.3 50.4 47.9 55 59 81.7 74.4 57.8 47.7 31.2 25.8 16.4 -2.1 -2.1 -2.1 -2.1 -2.1 -2.1 -2.1 -2.1 -2.1 -2.1 -2.1 -2.1 -2.1 -2.1 -2.1 -2.1 -2.1 -2.1 -2.1 -2.1 -2.1 -2.1 -2.1 -2.1 -2.1 -2.1 -2.1 -2.1 -2.1 -2.1
122.7 125.1 138.9 139.1 144.2 146 153.7 154.7 154.1 151.2 150.1 147.9 147.6 156.3 162.7 147 142 143.7 157.4 167 173.4 164.2 147.3 139.7 128 125.6 137.3 123.8 113.7 113.8 103.3 105.1 104.9 94.7 84.6 80.2 76.6 72.8 70 53.6 44.8 43.2 45.3 47.1 56.5 50.9 66.9 75.6 57.5 43.4 40.9 28.8 14.5 10.3 11.1 -2.1 -2.1 -2.1 -2.1 -2.1 -2.1 -2.1 -2.1 -2.1 -2.1 -2.1 -2.1 -2.1 -2.1 -2.1 -2.1 -2.1 -2.1 -2.1 -2.1 -2.1 -2.1 -2.1 -2.1 -2.1 -2.1 -2.1 -2.1
128.9 134.2 142 142 141.2 150 154.7 154.1 155.6 157.2 152.1 148.1 145.7 148.2 153.8 151.3 142 142 149.7 163.9 167.1 162.4 151.6 147.4 125.1 111.1 117.8 117.5 111.8 115.6 112.5 115.5 113.8 107.3 106.7 104.8 99.8 92.9 75 57.6 45.3 42.4 45.5 42.7 50.2 50.9 58.4 66.1 58.3 51.7 48.2 39.8 25.6 2.2 -2.1 8.4 4 -2.1 -2.1 -2.1 -2.1 -2.1 -2.1 -2.1 -2.1 -2.1 -2.1 -2.1 -2.1 -2.1 -2.1 -2.1 -2.1 -2.1 -2.1 -2.1 -2.1 -2.1 -2.1 -2.1 -2.1 -2.1 -2.1
130.4 137.1 150.5 151.5 150.6 146 153.7 153.2 159 153 149.7 142 136.3 143.4 149.9 148.6 142 142 142 159.3 161.3 160.6 161 143.2 119.1 111.1 111.1 111.1 120.9 127.9 130.6 123.8 121.4 121.2 121.5 129.5 103.6 94 81.2 68.7 48.2 45.1 41.1 37.1 37.1 50.8 50.9 66.2 70.5 63.7 50.6 44.2 28.9 -2.1 -2.1 -2.1 -2.1 -2.1 -2.1 -2.1 -2.1 -2.1 -2.1 -2.1 -2.1 -2.1 -2.1 -2.1 -2.1 -2.1 -2.1 -2.1 -2.1 -2.1 -2.1 -2.1 -2.1 -2.1 -2.1 -2.1 -2.1 -2.1 -2.1
137.1 144 152.1 158 154.5 150.5 151 155.3 161.1 165 147.2 136.3 136.3 142.2 137 143.9 146.4 144 142 148.9 167.7 166.7 159.2 135.2 111.1 111.1 111.1 111.1 124.8 132.4 152.9 140.6 128.2 124.2 124.6 126 105 95.8 86.6 72.4 60.6 47.6 39.6 37.1 37.1 42.8 51.4 54.7 60.9 64.1 54.6 40.9 22.4 -2.1 -2.1 -2.1 -2.1 -2.1 -2.1 -2.1 -2.1 -2.1 -2.1 -2.1 -2.1 -2.1 -2.1 -2.1 -2.1 -2.1 -2.1 -2.1 -2.1 -2.1 -2.1 -2.1 -2.1 -2.1 -2.1 -2.1 -2.1 -2.1 -2.1
142.5 143 148.6 154 154.5 148.6 145.8 155 158.3 158.9 147.6 136.3 136.3 136.3 136.3 136.3 144.5 145.2 146 147.6 171.5 169.5 155 131.6 111.1 120.7 120.1 118.9 123.7 140.9 150.9 139.3 134.4 136.5 131.3 129 112.2 99.9 79.8 70 64.1 50 44.6 37.1 37.1 39.3 61 51.1 57.1 60.5 56.3 40.5 32.2 -2.1 -2.1 -2.1 -2.1 -2.1 -2.1 -2.1 -2.1 -2.1 -2.1 -2.1 -2.1 -2.1 -2.1 -2.1 -2.1 -2.1 -2.1 -2.1 -2.1 -2.1 -2.1 -2.1 -2.1 -2.1 -2.1 -2.1 -2.1 -2.1 -2.1
148.7 149.9 153.6 155 152.4 148.3 145.8 156.1 161.4 149.8 147.4 136.3 136.3 136.3 136.3 137.7 141 145.8 146.3 145.8 159.1 168 159.3 127 121 130.9 129 123.7 126.5 138.2 153.3 154.7 156.2 154.9 139.6 135.1 129.3 109.9 84.1 80.5 73 53.6 47.7 37.1 37.1 46.3 60.9 53.9 47.3 53.1 53.9 45.4 23.3 -2.1 -2.1 -2.1 -2.1 -2.1 -2.1 -2.1 -2.1 -2.1 -2.1 -2.1 -2.1 -2.1 -2.1 -2.1 -2.1 -2.1 -2.1 -2.1 -2.1 -2.1 -2.1 -2.1 -2.1 -2.1 -2.1 -2.1 -2.1 -2.1 -2.1
152.3 155.8 162.1 157.6 151.4 145.8 145.8 155.9 153.7 148.4 146.1 136.3 138.8 136.3 136.3 139.1 136 142.5 142.2 141.9 151.6 167.8 170.6 130.7 130.3 132.9 134 131.3 133.2 146.9 163.8 162.9 163.4 173.8 155.4 134.7 129.5 126.6 107.7 95.1 91.2 75 49.2 37.1 37.1 54.5 52.3 60.8 39.3 38.5 44.6 40.7 24.2 -2.1 -2.1 -2.1 -2.1 -2.1 -2.1 -2.1 -2.1 -2.1 -2.1 -2.1 -2.1 -2.1 -2.1 -2.1 -2.1 -2.1 -2.1 -2.1 -2.1 -2.1 -2.1 -2.1 -2.1 -2.1 -2.1 -2.1 -2.1 -2.1 -2.1
156 158.2 164 156.1 152.2 145.8 145.8 150.7 152.2 147.7 141.4 144.6 142.9 138.9 144.4 141.7 135.6 134.6 134.6 137.2 139.7 144.7 154.4 135.8 139.9 138.8 136.3 134.2 141.3 155.9 171.1 172.6 170.5 178.3 164.1 146.4 139.8 136 129.6 119.9 99 79.9 63.7 48.7 37.1 44.9 54.1 65.3 36.6 17.7 16.5 17 -2.1 -2.1 -2.1 -2.1 -2.1 -2.1 -2.1 -2.1 -2.1 -2.1 -2.1 -2.1 -2.1 -2.1 -2.1 -2.1 -2.1 -2.1 -2.1 -2.1 -2.1 -2.1 -2.1 -2.1 -2.1 -2.1 -2.1 -2.1 -2.1 -2.1 -2.1
156.4 161.3 163.2 157.2 148.5 145.8 145.8 145.8 150.2 145.2 141.8 146.9 145.5 142.1 146 143.8 138.4 134.6 134.6 134.6 134.6 134.6 134.6 136.9 141.9 144.1 145.4 144.4 157.5 156.9 166.1 175.7 177.2 174.7 152.8 145.4 142.3 145.1 136.4 139.5 121.8 93.9 77.2 67.4 44.3 43 45.7 46.4 32.4 16.3 0.1 -2.1 -2.1 -2.1 -2.1 -2.1 -2.1 -2.1 -2.1 -2.1 -2.1 -2.1 -2.1 -2.1 -2.1 -2.1 -2.1 -2.1 -2.1 -2.1 -2.1 -2.1 -2.1 -2.1 -2.1 -2.1 -2.1 -2.1 -2.1 -2.1 -2.1 -2.1 -2.1
156.8 163.2 168.8 162.2 154.4 145.8 145.8 151.8 155.5 152.6 146.4 147.7 148.8 147.3 152.1 146.7 144 134.6 134.6 134.6 134.6 134.6 134.6 136.4 142.6 155.3 152.9 160.7 171.5 164.5 175 180.6 188.4 176.3 152 140.4 140.4 149.1 132.5 128.1 120.7 103 96.4 78.6 57.7 40.4 36.8 33.5 28.7 1.5 -2.1 -2.1 -2.1 -2.1 -2.1 -2.1 -2.1 -2.1 -2.1 -2.1 -2.1 -2.1 -2.1 -2.1 -2.1 -2.1 -2.1 -2.1 -2.1 -2.1 -2.1 -2.1 -2.1 -2.1 -2.1 -2.1 -2.1 -2.1 -2.1 -2.1 -2.1 -2.1 -2.1
160.1 173.3 173 168.9 161.5 145.8 145.8 145.8 153.2 150.5 150.7 148.5 149.5 152.3 155.5 155.2 146.5 135.5 134.6 134.6 134.6 134.6 134.6 134.6 144 160.2 161.1 163.1 176.7 175 179.3 181.4 198.4 180.8 161.5 142.1 140.8 136.9 128.4 122.3 117.6 108.7 105.6 75.1 65.9 50.8 39.6 32.1 19.7 2.3 -2.1 -2.1 -2.1 -2.1 -2.1 -2.1 -2.1 -2.1 -2.1 -2.1 -2.1 -2.1 -2.1 -2.1 -2.1 -2.1 -2.1 -2.1 -2.1 -2.1 -2.1 -2.1 -2.1 -2.1 -2.1 -2.1 -2.1 -2.1 -2.1 -2.1 -2.1 -2.1 -2.1
