WholeMapElevations/data/nn/nn95_OST50GRID_20230518/NN95.asc
ncols 200
nrows 200
xllcorner 290000
yllcorner 750000
cellsize 50
[rows 0 to 34 of 200, columns 0 to 78 of 200]
262.2 251.8 238.6 223.8 218.7 215.2 210 201.9 190.7 166.7 139.8 119.7 105.5 98.4 100.4 100.5 98.5 97.3 94.6 92.9 98.6 100.6 96.7 89.3 90.6 95.1 94.5 96.2 96.8 96.8 96.8 96.5 96.8 99.2 99.9 97 94 93.9 103.7 115.1 123.2 126.6 136.4 160.3 177.6 177.2 179.4 191.6 208.7 221.7 235 243.5 254.5 266.2 273.3 277.3 278.2 281.6 285.6 294.7 302.8 308.3 322.1 341 355.6 363.5 375.9 383.7 381.5 366.3 331.2 321.6 313.5 305.6 296 286.1 275.8 263.3 250.9
279.9 276.3 269.9 253 248 251.3 249 243.8 235.3 212.2 172.1 143.1 131.5 121.2 116.5 116.8 117.1 115.6 112.5 104.8 92.4 91.1 91.1 94.3 89.3 91.1 93.4 94.8 96 96 95.5 95.7 94.7 95.6 96.1 95.7 92.8 92.7 92.7 98.3 119.3 123.2 135.5 149 162.8 171.7 177.8 186.3 199.7 214.2 230.6 241.4 248.6 255.8 262.1 266.2 267.8 274.5 281.8 288.8 295.3 305.4 323.3 344.3 357.1 365.5 371.1 368.7 343.8 311.9 300.9 299 297.3 294.7 287.9 279.9 270.2 260.4 249.2
295.3 297.1 296 287.8 289.5 302.1 298.5 296.5 271.1 239.3 209 172.2 144.4 136.8 125.6 127.1 127 126.5 125.8 123.6 113.4 91.1 91.1 91.1 91.1 89.3 89.3 92.1 95 95.5 95.2 94.9 93.7 93.4 93.6 93.8 93.1 89.3 92.6 94.4 107.5 122.2 131.4 143.5 156.8 165.6 172 181.1 191.3 205.6 226.7 235 243.7 249.8 254.8 259.3 258.4 268.2 274.7 283.1 292.3 303.6 323 347.3 366.7 366.2 357.7 329.6 294.5 289.3 283.2 281 281.1 280.3 276.9 272.3 263.4 253.9 244.5
304.4 309.6 308.9 308.6 314.5 314.2 316.3 307.9 270.1 243.4 222.8 188.3 152.5 144.2 138.9 141.2 137.3 136.4 134.9 129.5 124 111 99.5 99.1 98.1 89.3 89.3 89.3 92.3 94.3 93.8 93.2 93 92.4 92.5 92.9 89.3 89.3 89.3 92.7 99.1 117.3 127.5 140.6 157.3 165.1 165.7 172.4 181.2 201.5 222.2 226.1 232.1 243.1 252.5 251.9 255.7 263.6 267.7 275.6 288.6 297.9 315.9 340.2 346.8 332.2 294.7 274.7 269.3 270 270.8 269.2 266.3 267.2 266.5 263.5 257.3 249.5 239.9
316.2 318.9 315.2 317.2 328.6 328.9 297.4 278.9 263.4 239.3 216.5 187.4 161.2 153.1 155.9 154.9 151.4 145 140.3 134.9 130.1 123.5 119 109.6 101.5 94.6 94.3 90.8 89.3 89.3 92.8 92.7 93.1 92.6 89.3 89.3 89.3 89.3 89.3 89.3 100.1 118.2 128.2 140.4 155 160.7 164 168.3 177.6 192.1 205.9 213.2 228.3 235 238.1 240.1 248.4 253.7 258.8 265.4 279.5 291.6 309.6 325.9 297.6 285.6 268 254.9 257.3 258.9 260.9 258.3 254.4 251.7 250.4 250.2 248.6 244.8 236.8
322.1 323.2 314.3 313.3 323 307.8 287.2 267.1 254.7 232.9 210.5 191.1 179.3 170.9 169.7 167.8 163.6 158.4 149.2 145.7 141.9 134.4 125.5 121.2 112.8 108.1 98.9 93 92.5 89.3 89.3 89.3 91.1 90.8 89.3 89.3 89.3 89.3 89.8 89.3 106.9 118.6 128.6 136.5 148.5 155.9 164.4 168.3 176 185.7 195 206.7 217.9 225 231.6 236.3 240 243 246.6 257 270.3 285.2 295.3 291.6 283.4 265 245.8 247 248.5 248.7 248.9 247.2 241.6 237.6 235.9 234.5 233.4 233.9 232
322 318.3 309.2 305.7 298.7 288.7 267.6 257.2 247.8 235.8 220.2 207.8 200.9 193.4 186.9 182.6 178.5 167.9 158 158.7 155.6 149.3 143.2 127.9 125.2 123.7 113.6 98.7 92.9 92.9 89.3 89.3 89.3 89.3 89.3 89.3 89.3 89.3 89.3 89.3 109.5 116.7 128.5 135.9 141.9 153.3 163.7 169 175.9 183.6 194.7 207.4 219.4 228.5 235.4 239.4 240.9 241.8 240 247.2 257.5 269.2 277.8 273.1 260.3 239.6 236.7 236.1 238.7 238.9 238.1 235.7 232.5 229.1 224.3 221.5 220.6 220.9 221.9
319.9 311 304.5 296.6 285.7 276.4 265.1 262.3 253.5 248.7 234.3 226.6 220 214.5 210.4 201.9 193.5 182.2 167.9 179 169.5 156 154.7 151.5 143.6 136.4 125.9 113.1 99.6 94.3 92.9 92.9 93.5 93.6 93.4 90.4 89.3 89.3 89.3 95 109.8 119.2 127.3 135.1 138.4 151.4 159.8 166.9 174.1 182.1 195.1 208.6 219.8 232.9 239.6 244.7 244.4 244.1 238.9 238.5 242.3 250.9 254.5 248.1 239.2 231.9 226.6 225.3 227.9 230.1 230.6 228.4 224.9 220.7 215.6 211.2 209.3 209.3 209.8
322.3 312.4 307.3 302.3 291.4 282.5 282.8 277.7 269.4 263.2 251 244.1 240.5 238.4 236.7 229.1 222 200.3 179.8 187.5 175.3 158.9 171.1 170.4 167.6 157.6 149.9 134.1 116.9 113.5 105 103.3 98.3 93.3 91.2 90.1 90.8 89.3 89.3 98.7 108.6 117.8 127.5 135.1 134.8 144.4 155.2 162.9 171.2 181.3 192.1 207.1 220.1 235.9 245.2 253.5 252.8 250.1 239.2 235.3 234.7 234.4 236.7 234.7 229.8 224.3 219.5 216.4 215.5 220.8 222.5 222 218.4 213.3 206.9 202.8 201.1 200.4 200.5
321.9 321.1 317.5 315.3 303.4 301.3 296.1 293.4 286.4 277.2 270.2 270.6 271.9 269 268.3 265.1 246.2 216.2 190.4 187.2 182.1 175.5 177.4 181.1 181.3 178.8 181.2 177.4 143.5 121.1 119.3 118.4 105.6 91.2 90.1 90.5 89.3 89.3 90.7 99.5 108.7 117.1 128.4 133.8 135.2 147.3 155.1 155.5 166.5 183.4 193.4 205.8 221.6 235.8 249.9 259.1 261.1 256.4 238.8 235.3 234.5 231.4 230.2 229.8 226.1 219.7 213.9 210.4 208.3 210.7 212 214.2 210.8 206.3 201.7 197.1 193.9 194 194.2
335.9 336.5 333.7 323.5 316.6 315.5 312.5 306.9 300.5 296 292.1 293.2 293.3 295.4 295.1 282.6 253.5 220.9 200.2 187 187.9 187.2 184 190 194.5 198.8 203.5 203.2 167.9 122.6 120.5 118 104.3 90.9 90.3 89.3 89.3 97.7 102.4 101.5 109.1 116.4 125.8 133 135.9 144 151.4 155 158.8 168 183.5 198.2 219.5 236.8 249.9 260.6 260.7 248.3 235.6 238.9 234.8 232.8 226.4 228.1 224.5 217.9 210.9 206.8 203.3 201.8 202.3 202.3 201.7 199.1 197.4 193.8 189.2 188.6 189.2
347.4 343.8 339.7 335 324.8 327 325.2 319.9 317 317.1 319.8 314.6 311.5 312.6 306.8 277.6 245.8 219 203.7 196.7 187.9 186.9 190.5 197.5 205.7 214.3 226.6 199.9 162.1 134.9 123.7 116.3 98.5 90.7 89.3 89.3 94.5 108.9 106.8 101.5 108.5 116.2 121.3 134.5 133.6 135.9 145.1 146.2 153.3 162.2 176.7 195.4 218.3 238.2 249.1 255.6 258 214.6 218.3 230.7 230.3 230.2 226.3 220.6 221.4 215.9 209.9 204.8 200.5 197.4 196.4 195.2 193.9 193.8 193.8 190.5 186.4 185.2 184.9
352.7 350.5 346.8 341.6 340.3 339.6 338.6 337.9 334.3 333.3 332.3 330.4 325.9 314.7 289.6 265 243.4 225.6 215.8 208.2 199.3 186.8 192 205.4 218.1 221.3 226.1 184.7 152.6 149.4 139.4 118.9 97.5 89.3 89.3 90.9 105.5 109.3 103.7 101.4 108.2 115.4 120.1 133.3 129.9 129.6 136 142.5 146.8 156.2 171.2 192.9 216.9 237.7 245.4 249.4 212.3 195.7 204.9 213 222.7 223.3 223.3 219.1 212 210.7 205.3 202.1 198.8 194 193.1 192.8 191.8 190.3 189.4 185 182.9 182.3 181
358 355.1 352 348.7 352.1 350.9 353.1 352.6 350.6 350.2 348.3 351.7 347.5 326 295.7 273.5 257.6 242.9 231 220 209.8 195 189.4 211.8 223.5 217.6 204.6 168.9 164.3 167.2 142.1 117.6 109.5 89.3 89.3 90.6 96.6 99.9 100.2 103 107.7 115.2 118.4 126.7 125 126.7 130 134.1 138.6 149.3 162.9 185.2 214.4 228.7 225.6 202.1 182.3 180.5 190.2 203.4 219.6 220 218.5 217.2 214.4 206.3 200.7 196.4 192.8 190.2 188.5 188.8 188.6 188.8 186.1 181.7 180.6 179.4 177.3
360.1 358.9 355 358.4 362.1 364.4 365.1 365.7 365.5 363 366.1 360.9 356.3 349.1 321.7 295.3 283.2 267.7 255.2 243.3 224.5 208.3 190.6 196 207.8 198.5 179.5 169.3 162.5 153 130.8 118.3 108.3 89.3 89.3 94 98.9 102.8 107 106.1 108.3 111.7 118.9 119.2 133.6 124.2 124.9 126.6 129.9 142.6 155.6 172.2 196.6 205.2 178.9 169.4 160.7 168.9 185.1 206.7 218.4 217 214.3 210.2 206.6 203.1 195.2 189.4 186.7 184.7 182.7 184 185.2 185.1 184.4 180 178.6 175.8 173.5
363.4 360 362.8 369.2 373 377.5 379.3 379.8 382.9 378.5 379.7 378.3 370.7 362.4 337.9 320.7 315.1 295.5 287.7 279.2 251.9 228.5 206.9 194.3 196.6 192 175.3 165.4 156.1 140.5 125.4 116.4 102.3 89.3 89.3 99.9 108 110.5 110.4 104.2 106.3 111.1 116.6 118.5 124.1 125.2 123.2 123.2 123 133.6 147.1 162 175.7 174.2 156.3 146.5 151.7 158.1 175.7 203.1 213 212.1 207.9 203.1 197.3 193.1 187.5 180.9 178.5 176.9 178 180.6 179.5 179 177 175.2 173.6 170.9 171.2
365.5 368.6 371 377.5 383.6 388.5 396.2 398.1 390 387.6 389.1 388.1 374.8 353 344.3 343.4 325.5 316.9 309.9 291.5 262.3 234.7 214.6 207.5 197.6 190.8 174.4 169.8 154.9 130.4 121.4 110.1 93.7 89.3 91.2 104.9 110.4 110.8 106.2 106.3 106.3 112.3 113.3 116.1 116.3 128 121.5 120.6 119.9 123.4 140.3 152.9 158.5 150.1 143.3 142.5 144.3 149.6 167.7 187.6 198.3 203 200.3 197 193.9 185.9 179.4 176.9 175.3 174.7 175.3 174.5 172.2 168.9 170.5 171.1 166.5 166.8 171.4
375.2 378 383.4 386.8 391.3 400.7 410.1 409.7 402.1 397.7 398.1 391.6 361.1 354.6 356.5 352.7 335.1 322.7 299.3 271.9 243.1 223 216 204.5 194.3 188 179.4 172.3 145.9 129.1 120.2 105.6 90 89.3 92 104.3 111.2 113.2 112.8 108.8 106.3 112.6 112.4 115.2 116.1 114.6 127.7 121.4 118.6 127.7 141.9 146.3 140.6 139.3 137.5 135 138.3 145.4 164.8 177.5 189.3 192.5 192.4 193.5 188.5 183.7 179.6 177.5 181.3 176.9 175.9 171.4 167.2 164.6 167.2 164 160.7 164.8 168.6
385.7 387.4 389.6 393.8 398.3 406.3 414.9 414.6 411.3 407.3 404.1 375.9 363.7 364 366.9 354.3 337.7 298.9 275.8 252.7 231 223.5 213 195.8 190.1 187.2 181 162.4 145.2 128.2 115.1 101.9 89.3 89.3 95.9 107.5 117.8 121.2 126.3 120.5 106.8 107.3 112 116.7 117.7 116.3 114.6 122.5 126.8 120.2 129.5 129.4 128.4 124.2 126.4 127.8 133.4 142.8 158.3 170.8 184.4 191.7 192.1 190.5 186.5 183.7 178.5 176.7 182.4 186.3 177.4 168.1 162.8 163.6 162.3 158.8 160.2 163.7 164.4
394 394.3 395.9 398.6 402.9 408 418.7 421.7 420.2 411.2 402.2 376.9 368.8 367.2 355.7 337.3 302.7 280.9 267.3 257.6 246.8 243.8 225.3 201.1 188.5 173.4 160.4 155 143.3 124.1 109.7 96.9 89.3 89.3 96.2 108.5 121.3 135.6 139.7 129.4 114.1 106.3 109.8 117.8 127.3 130.4 124.1 117.6 119 123.2 123.3 121 120.2 120.8 121.3 123.3 128.1 138.5 152.9 169.6 180.9 191.5 197.7 192.6 185.2 182.4 179.9 175.8 174.4 183.3 179 164.7 160.5 159.9 157.9 157.7 162.5 161.6 159.6
403.8 400.8 400.9 402.8 406.4 411.2 419.8 425.5 425.8 415.3 400.8 382.3 371.4 360.7 334.5 305.8 284.1 276.9 269 257.5 247.7 236.1 215.7 189 191.4 179.1 171.6 157.8 140.7 130 114.4 101.2 89.3 89.3 95.8 109.6 124.4 144.7 148.3 132.7 118.4 106.3 107.6 118.6 133.7 134.4 127.7 120.9 117.3 118.7 120.7 121.4 119.9 119.8 119.8 120.6 124.2 135.2 145.4 165.3 178.5 187.5 195.3 194.2 186.8 183.8 181.8 175.2 171.5 174.3 174.4 169 162.8 158.8 154.9 155.6 162.2 159.3 158.5
411.8 406.7 404.7 405.7 409.1 413.2 417.6 421 418.7 410.9 392.5 380 376.5 339.6 313.1 295.7 288.1 280.5 261.7 248.7 239.7 224.3 213.7 212.5 209.5 195.7 180.9 161.6 146.4 135.5 120.2 102.9 89.3 89.3 96.6 112.1 126.6 145.2 146.6 132.8 119.4 106.3 106.3 113.1 121.1 129 125.6 122.1 119 116.9 118.1 118.6 118.5 119.1 116.6 117.6 119.9 127.7 138.1 154 169.8 182.9 188.3 190.3 191.2 186.2 180.7 176.6 173.7 172.7 171.8 167.5 161.9 158.2 154.9 153.5 157.5 154.6 160.8
421 413 408.8 408.8 410.1 412.9 415.6 418 412.2 393.6 386.2 383.2 355.2 323 309.9 300.1 291.7 270.7 253.5 244.5 234.3 245.2 242.1 235.9 230.3 216.8 193.8 170.2 151 138.7 123.1 100.9 89.3 89.3 94 108.7 122.1 138.9 144.8 130.3 116.4 109.1 105.6 106.7 113.8 119 121.5 122.3 119.8 117.1 112.5 115.4 114 115 115.8 110.1 109.7 114 119.5 136.6 156.6 171.5 178 178.8 178 179.3 179.4 173.7 169.8 166.3 165.7 162.5 159.6 157.1 153.4 149.8 153.2 158.9 165.9
431.6 422.5 416 413.7 411.7 412.8 414.1 416.6 410.5 391.4 381.8 358.5 338.2 324 314.9 303 286.6 265.2 261.7 244.2 249.9 247.5 244.6 238.1 232.4 231.3 210.4 183.2 159.7 142.5 122.4 100.5 89.3 89.3 91.3 100.5 115.1 123.8 131.3 126.4 116.1 108.3 104.8 106.5 109.1 113.9 117.1 119.1 120.9 117.2 112.9 109.6 110.8 110.3 114.6 108.2 108.9 109.7 113 116.5 130.7 150.9 167.3 167 172.5 175.1 157.7 153.8 153.7 155.6 155.8 153.4 151.8 151 147.9 147.3 151.3 163.4 163.3
443.6 434.3 430.2 420 411.6 412.5 410.6 405.8 392.3 385.3 365.5 340.5 331.4 319.7 305.9 289.4 271.6 260.1 263.3 256.8 257.7 256.5 254.2 243.5 229.5 226 219.5 194.5 166.6 145.7 124.1 105.1 89.3 89.3 90.8 94.2 102.8 111.6 119.9 120.6 112.4 106.5 103.8 102.4 103.8 109 112.7 115.4 117.6 117.6 113.6 111.3 106.8 99.7 104.8 112.7 98.9 96 109 113.9 115.2 123.1 133.8 147.1 149 143.2 134.9 140.6 139.4 145.6 148.8 144.3 145.9 145.9 145.9 152.4 160.5 162.9 157.2
452.1 444.8 433.1 414.5 410.5 408.6 401.6 391.5 390.7 371.2 350 345 333.2 328.6 315 294.4 287.4 280.3 274.5 272.6 267.1 263.9 267.4 252.7 227.7 214 207.6 192.9 166.2 146.7 126.2 111.2 94.6 89.3 89.3 90.9 89.4 91.6 103.7 113 105.5 102.8 99.6 90.7 90.7 90.5 91.6 98.7 98.9 112.5 112.6 103.9 89.6 92.7 97.6 112.4 102.9 93.3 93.5 107 111.7 112.8 114.5 114.8 119.3 126.7 128.5 129.7 140.4 151.2 157 150.8 146.2 145.9 145.9 161.7 165.5 159.4 147.5
452.6 432.8 426.9 414.7 411.2 409 403.4 404.5 391.6 385.8 370 345.7 334.3 319.2 304.9 297 290.4 287.4 287.8 279 274.2 276.2 270.9 244.5 218.8 205.3 190.9 176.8 155.7 138.6 125.5 117.6 101.9 89.3 89.3 89.3 89.4 89.4 89.4 95.4 96.9 96.9 92.7 91.3 89.6 89.6 89.6 89.6 89.6 89.6 89.6 89.6 89.6 89.6 94.3 108.7 106.6 95.8 91 97.8 105.4 108.6 110.5 112.9 114 124.6 125.8 127.8 133.6 143.9 154.7 156.9 153.3 150.7 146.8 161.9 162.7 154.7 143.7
435.9 436.9 426.7 414.6 414.9 413.5 413.4 407.7 408.4 398.1 367.1 348.4 331.6 315.2 305.7 299.7 295.9 290.6 282.4 274.6 267.3 275.6 267 241.4 220 196.2 170.1 160.8 158.8 151.6 141.6 130.2 116.4 103.4 92.7 89.3 89.4 89.4 89.4 89.4 89.5 92.1 91.6 91.5 91.7 89.6 89.6 89.6 89.6 89.6 89.6 89.6 89.6 89.6 89.6 95.7 95.1 91 91 91 96.3 102.1 103.5 109.9 111.7 117.2 126.8 128.3 131.5 136.9 148.5 153.7 152.8 150.5 146.1 155.9 159.5 149.2 139.7
435.6 426.5 423.5 422.1 423.1 426.4 420.3 417.5 407.3 380.8 352 340.5 325.8 316.6 314.1 309 300.6 289.6 276.4 267.3 260 257.7 259.2 240.3 215.6 190.7 181.6 182.5 170 162.4 154.6 142.6 132.4 113.9 104.8 93 95.7 91.3 89.4 89.5 89.5 89.5 89.5 89.6 89.6 89.6 89.6 89.6 89.6 89.6 89.6 89.6 89.6 89.6 89.6 89.6 91 91 91 91 91 100.4 99.3 104.6 109.9 112.8 121.4 128.2 129.3 129.8 136.7 148.6 152.8 143.1 140.8 150.2 155.7 145.7 132.2
439.4 434.8 433.5 433.5 430.9 430 427.6 419.3 381.7 355.9 344.2 330.6 331.6 332.4 323.9 311.7 296.5 282.2 271 265.7 262.8 260.5 252.6 235.5 210.2 191 193.3 180.1 165.8 167.7 165.7 155.4 139.9 124.2 109.5 106.8 109.3 105.1 100.9 91.8 89.5 89.5 89.5 89.6 89.6 91.8 93.2 89.6 89.6 89.6 99.2 100.9 100.7 101.8 99.9 98.4 98.8 92.7 91 91 91 91 100.8 102.1 108.2 110.6 115.9 119.8 121.8 124.4 128.1 133.1 141.5 135.7 133.1 147.9 146.3 137.6 125.6
442.2 440.6 441.1 444.9 433.7 435.1 428.9 399.6 369 352.7 343.2 342 340.2 342.9 333.1 309.6 292 279.4 275.3 275.9 273.2 269.6 254.5 228.8 209.2 195.1 185 176.9 169 159.6 156.2 143.1 125 105.7 112.4 117.1 115.7 115.2 115.9 114.4 107.7 103.4 100.9 102.6 113.7 112.2 110.7 109.7 104.7 106.4 109.6 109.8 109.5 109.2 108.6 108.2 107.5 100.2 91 91 91 91 100.2 100 104.6 108.2 109.8 112.6 113.4 117.1 120.3 130.1 132.6 129.2 128.2 142.5 135.4 130.8 123.3
450.3 450.7 452.1 442 434.1 434 416.7 385.5 371 354.9 352.9 344.9 348.2 342.1 328.2 308.7 292.1 287.9 282.6 284.9 281.2 271.6 253.2 227.8 204.7 181.8 172.1 160.4 147 136.9 126.7 122 121 113.3 128.8 133.9 131.1 126.8 124.5 120.1 115.1 114.3 115.7 118.9 117.2 114.7 120.1 125.2 115.7 109.9 111 112.3 111.7 111.2 110.1 109.2 105.5 100.4 91 91 91 91 95.9 99.5 100.9 103.5 109 109.2 111 111.7 124.6 119.6 124.6 122.3 123.3 133.2 130.5 125.6 120.9
461.6 459.2 454.1 440.1 431.8 420.3 400 385.5 366.9 369.9 362.8 350.6 337.5 327.6 315 306.5 300.1 288.3 287.9 285.7 280.8 264.9 246.9 221.4 207.7 193.8 178.4 167.7 158.5 151.5 144.8 138.6 131.9 124.6 148.5 148.3 143.1 140.3 133.6 124.9 122.8 126.9 130.9 131.3 128.4 123.6 130.4 130.9 119.9 115.8 115.1 114.4 113.7 113 113.2 113.1 105.4 101.1 91 91 91 91 95.4 100 99.7 103.5 108.3 110.4 108.4 111.2 111.6 111.8 111.6 114.6 118.3 122.6 122.4 118 115.2
471.8 469.5 458.7 446 434 409.1 397.8 386.3 388.2 382 362.8 342.8 326.6 316.3 309.9 303 297.2 291.1 288.3 285.4 276.8 262.8 245.5 226.9 233.5 207.2 187.4 176.4 167.4 161.3 155.6 149.7 143.4 140.6 152.5 154.3 150.1 144.8 141.5 136.4 139.2 137.6 131.9 131.3 124.3 122.2 125.6 129 120.5 117.7 123.8 125.2 119.4 118.1 116.2 114.4 109.2 101 91 91 91 91 94 104 98.8 98.6 106.4 106.7 108.6 106.3 110.3 109.9 110.1 109.6 109.3 111.8 113.4 112.5 111.5
478 475.5 460.6 451.5 431.4 408.6 399 403.1 384.8 365.8 349.5 337 331.1 316.9 313.4 308.5 301.6 294.4 289.2 283 277 264.5 254.9 249.3 236.5 213.6 198.9 186.8 180.7 172.9 164.6 158.6 151.2 152.7 153.7 155.3 153.9 149.6 153.9 156.5 149.7 140.1 136 130 124.9 129 126.4 127.3 121.3 125.1 128.1 124.9 121.4 123 125 117.8 111.1 101.4 91 91 91 91 91 104.9 102.8 98.6 97.8 102.8 102.8 101.2 104.7 102.4 103.6 105.4 105.6 105.9 106 106.7 105.5
