WholeMapElevations/data/sp/sp34_OST50GRID_20230518/SP34.asc
ncols 200
nrows 200
xllcorner 430000
yllcorner 240000
cellsize 50
[rows 36 to 71 of 200, columns 0 to 80 of 200]
89.6 88.8 88.7 89.3 89.6 89.9 90.2 89.8 89.4 88.7 88.1 88.1 86.6 87.4 90.7 95.7 98.1 99.4 100.8 101.1 103.4 105.9 102.3 100.3 98.9 98.5 98.5 98.3 97.8 98.2 98.8 99.5 101.1 104.7 108.2 111.2 111.7 110.9 110 109.4 109.3 108.9 109.1 109.7 110.9 112.5 113.9 114.9 117.9 119.3 118.5 115.4 111.6 108.2 104.5 100.3 96.3 94 93.2 92.7 92.3 91.8 90.1 89.3 89.4 89.8 91 91 89.9 89.9 89.9 89.8 88.7 88.8 88.2 88.4 88.7 89.2 89.2 88.9 88.5
91 89.6 89.8 90.6 91.4 91.7 92.5 91.9 91.4 90.8 89.8 89 88.3 86.8 89 92.6 95.5 96.9 97.6 98.1 98.4 99.6 98 97.4 96.6 96.4 96.2 96.4 96.4 96.5 97.3 97.8 98.7 100.2 102 104.8 106.2 107.4 108.2 107.8 108.8 108.4 108.7 109.2 109.9 111.1 112.6 114.1 116.1 118 119.2 117.3 114.5 111.2 107.3 103.4 100 97.4 97.2 97.2 96.5 94.7 92.5 90.7 90.2 90.5 90.5 90.5 90.7 90.8 90.9 90.5 89.7 89.7 89.7 89.9 90.1 90.2 90.2 89.7 89
91.4 91.2 91.5 93.3 94.7 95.1 94.7 94.3 93.7 93.2 91.9 90.5 89 87.7 87.6 89.9 91.9 93.8 94.6 95.8 95.9 96 95.4 94.6 94.5 94.8 94.7 94.5 95.2 95.7 96.2 96.5 97.8 98.4 99.2 100.5 102.5 104.2 105.2 105.8 106.5 106.5 106.9 107.4 108.2 108.9 110.2 111.9 113.8 115.7 117.7 118.5 117.2 114.3 110.9 107.6 104.5 101.8 102.4 102.3 100.5 98 95.5 93.3 90.7 91.5 91.6 91.5 91.5 91.5 91.7 91.1 91.1 91.1 91.4 91.7 91.5 91.4 91.2 90.3 89.4
93.9 93.6 93.8 96.3 97.6 97.7 97.1 96.4 95.8 95.1 93.9 92.3 89.6 89 88.8 88.1 88.5 90.2 91.5 93.3 93.5 93.1 92.7 92.7 93.3 93.4 93.6 94.2 95.2 96.5 97.1 97.6 98.2 99 99.7 100.5 100.4 101.5 103.3 103.7 104.1 104.6 105 105.8 106.5 107.5 108.9 110.5 111.7 113.7 115.9 118.1 118.5 117.7 114.4 112 109.1 107 107.6 106.6 104.1 101.4 98.3 95.7 92.7 92.9 93 92.4 92.4 92.3 92.3 92.6 92.6 92.6 93.2 93.1 92.9 92.3 91.8 91 90.1
96.9 96.3 96.5 98.2 99.5 99.1 98.7 98.1 97.4 96.6 94.7 92.6 90.3 91.3 90.7 89.9 89.5 88.7 89.5 90.8 91.1 91 91.9 92.5 92.9 93.1 93.1 93 93.6 95 96.1 97.7 99.2 99.6 100.3 100.9 100.9 101 100.8 101.9 102.6 103.7 103.8 104.7 105.7 105.7 108.1 109.2 110.5 111.8 114 116.2 118 118.4 117.7 115.9 113.7 112.5 112.3 110.4 107.4 104.2 100.7 97.3 94.9 95.7 94.8 93.8 93.5 93.1 93.5 94 94.1 94 94.3 93.9 93.2 92.7 91.9 90.9 90
99.8 98.8 98.2 99.3 100 99.6 99.2 98.7 97.9 96.5 94.4 92 93.1 94.2 93.2 91.8 90.9 90.3 89.9 89.9 90.8 91.9 92.9 93.7 94 94.1 94.5 94.5 94.5 94.6 94.9 96.1 97.9 99.3 100.3 101.1 101.6 101.3 101.8 102.1 102.7 103.2 104.4 105.3 106.6 107.8 108.3 108.2 109.6 110.8 112.3 114.2 116.1 117.7 119.1 118.9 117.7 117.2 116.4 113.4 109.7 105.8 102.2 97.7 98.9 98.8 96.8 95.6 94.9 94.5 95.1 95.4 95.4 95 94.9 94 93.3 92.5 91.5 90.8 90.5
102 100.8 99.9 99.8 100 99.6 99.2 98.6 97.5 95.8 94 93.7 95.8 96.7 95.4 94 92.7 92 91.4 91.3 91.7 92.8 94 94.8 95 95.5 96.1 96.1 96.2 96 95.9 95.3 96.1 97.5 98.5 99.4 100.2 100.8 101.1 101.2 101.6 102.8 104.1 105.5 106.9 108.3 108.8 109.3 109.7 110.8 111.3 112.8 114.7 117 118.9 120.4 120.7 120.2 118.2 115 110.6 106.9 102.9 100 101.9 100.7 99.1 98.1 96.6 96.2 96.8 96.7 96.5 96 95.5 94.2 93.1 92.1 91.2 90.9 91.5
103.8 102.4 101.4 100.9 100.3 99.7 99.3 98.3 97.2 96 94.5 94.6 96.6 97.9 96.9 95.7 94.4 93.1 92.6 92.4 92.6 93.6 94.8 96 96.7 97.4 97.7 97.7 97.7 97.4 97.3 96.9 96.2 95.8 97.3 98.1 98.6 99 99.6 100.1 101.3 102.8 104.4 105.9 107.2 108.5 109.9 110.4 110.8 111.6 112.9 113.7 114.7 116.7 118.5 120.4 121 120.8 118.5 115.7 111.4 107.1 103.2 103.4 103.8 102.5 101.1 100.1 98.5 98.5 98.2 98.1 97.3 96.3 95.4 94 92.6 91.8 92.2 92.6 93
105.3 104.2 103.4 102.6 101.9 101 100 98.5 97.4 96.6 96 95.7 96.4 97.5 97.5 96.7 95.6 94.3 93.8 93.6 93.8 94.3 95.2 96.6 97.8 98.6 99.1 98.7 99.2 98.9 98.6 98.1 97.8 97 97.7 97.6 98.4 98.4 99.3 99.6 100.8 102.2 103.2 105.2 106.8 108.4 110.2 111.4 112.3 113.2 114.4 115.4 116.7 117.8 118.9 120.3 121.3 120.9 119.2 116.3 112.7 108.7 106.9 106.8 105.8 104.3 102.6 101.5 100.4 100.2 99.7 99.1 97.9 96.6 95.1 93.6 92.5 93.1 93.7 94.1 94.4
105.8 106.2 105.4 104.8 104 103.1 101.8 99.6 97.9 97.1 96.5 96.5 97.2 97.9 98 97.6 96.6 95.6 95.1 94.8 94.9 95.7 96.3 97.3 98.5 99.1 100 100.2 100.2 100 99.6 98.9 98.6 98.3 98.7 98.6 99.1 99 98.4 99.2 100.4 101.6 102.5 105 106.4 108 110.4 112.4 113.7 115 116.3 118 119.6 120.4 120.8 121.4 121.6 121.3 119.5 117.3 114.3 112.1 110.6 109.2 107.8 106.1 104.5 102.9 102.1 101.5 100.3 99.3 98.1 96.6 94.8 93.5 93.4 94.8 95.3 95.5 95.9
106.2 107.4 107.6 107.2 106.7 105.7 103.6 100.8 99.1 97.9 97.2 97.6 98.1 98.6 99.1 98.5 98.2 97.5 96.6 95.9 96.5 97.1 97.8 98.4 99.4 100.4 101 101.2 101.4 101.3 101 99.9 99.6 99.3 99.6 99.7 99.8 99.8 99.9 99.7 100 101.3 101.7 103.9 106.2 108.2 110.7 113.7 115.6 117 119 120.8 122.2 122.8 122.8 122.8 122.4 121.9 120.5 118.7 116.6 114.7 113.2 111.3 108.9 107.4 105.8 104.4 103.5 102 100.8 99.6 98.1 96.6 94.5 93.8 95.1 96 96.7 97.1 97.2
108.2 109.3 109.4 109.2 108.8 107.7 105 102.2 100.6 99.5 98.5 98.9 99.5 100.2 100.7 100.5 100.2 99 98.2 97.4 97.5 98.6 99.3 99.8 100.4 101.5 101.9 102.3 102.7 102.5 102.3 100.9 101 101.1 101 100.9 100.5 100 100.9 100.8 100.8 101.1 102.1 103.9 106.7 109.3 112.3 115.1 118.2 119.8 121.8 123.3 124.3 124.5 124.4 124.1 123.6 123.1 122.5 121.4 119.2 117 114.9 112.8 110.3 108.1 106.7 105.2 103.8 102.6 101.2 99.8 98.2 96.4 94.8 95.2 96.3 97.3 98 98.3 98.3
110.4 111.5 111.3 110.2 109.5 108.3 106 103.9 102.4 101.3 100.2 101.5 102.7 103.6 103.6 103 102.4 101.5 100 98.9 98.7 99.9 100.9 101.5 101.7 102.5 103.4 103.6 103.9 104 103.2 102.5 103 102.9 102.8 102.6 102.2 101.5 101.5 101.9 101.8 101.3 101.7 103.8 106.8 109.5 113.1 116.7 120 122 123.6 124.8 125.4 125.8 125.6 125.4 125.3 124.7 124.6 123.9 121.4 118.2 115.5 113.5 111.1 108.5 106.8 105.1 103.7 102.5 101.2 99.9 98.3 96.4 95 96.2 97.6 98.6 99 98.6 98.2
112.5 114.2 113.1 111.4 109 107.9 107.1 106.1 104.8 103.7 102.6 104.2 106 107.1 106.8 106.1 104.9 103.2 101.4 99.9 99.6 100.4 101.5 102.9 102.7 103.6 105.1 106 105.6 105.5 104.8 104 104.5 104.9 105.2 105 104.5 103.9 103 102 101.9 102.2 102.8 104.1 107.1 112.2 113.5 117.1 120.7 123.4 124.7 125.7 126.2 126.5 126.2 126 125.4 124.9 124.5 123.8 121.6 117.8 115.1 112.8 110.1 107.7 106 104.5 103.1 101.9 100.6 99.4 98.1 96.3 96.2 97.4 98.5 99.5 99.2 98.7 98
113.7 116.1 113.6 109.6 107.3 107 107.4 107.7 107.5 106.5 105.4 106 108 109.5 109.8 109.3 107.5 105.1 102.8 101.8 101.3 101.4 102.3 103.4 103.7 105 105.8 106.1 106.2 107 106.2 105.2 105.4 106.1 106.7 107 106.7 105.9 104.8 103.4 102.6 102.6 103.1 104.9 106.5 108.6 112.6 115.7 119.6 123.2 125 126.1 126.4 126.5 125.3 124 122.7 121.4 120.8 119.9 118.5 116.2 113.7 111.8 109.4 107 105.2 103.9 102.6 101.3 100 98.8 97.6 96.5 97.5 98.6 99.6 99.7 99.2 98.5 97.8
112.1 116.7 114 108.3 103.4 103.6 107.9 109.5 109.2 108.5 107.1 106.8 109.1 110.9 111.6 111.5 109.8 107.2 104.9 103.6 104.1 102.6 102.6 103.8 105 106.1 106.8 107.6 108.1 108.3 107.6 106.5 106.1 106.7 107.4 107.7 107.9 106.8 105.5 104.4 103.6 103.6 103.7 105.1 106 108.5 111 113.6 117.3 120.8 123.1 124.3 125.2 124.6 122.7 121 119.8 118.8 117.9 117.1 116.3 114.8 112.2 110.2 107.9 106.1 104.5 103.3 102 100.7 99.4 98.2 97 97.7 98.8 99.6 100 99.7 99.1 98.3 97.5
107.4 114.3 113 106.4 100.5 101.3 106.3 109.4 109.9 110.2 108.9 108.8 110.5 112.3 113.7 113.4 111.6 109.2 107.6 105.8 104.9 104.1 104.2 105.6 107.6 107.8 108.8 109.6 109.6 110 109.1 107.9 107.3 107 107.5 107.6 107.6 106.8 105.5 105.1 104.3 104.5 104.7 104.6 105.4 107.2 109.4 111.5 114.3 117.2 119.8 121 121.2 120.9 120.3 118.7 117.8 116.7 115.9 115.6 117.7 112.5 110.5 108.5 106.7 105.3 103.8 102.6 101.4 100.1 98.9 97.8 98.2 98.8 99.7 100.2 100.1 99.8 99 98.2 97.4
101.5 106.6 107.5 103 97.2 98.5 103.9 108.3 109.6 110 109.9 110.6 112.1 113.7 114.9 114.8 113.8 112.5 110.9 108.8 107 106.3 105.9 107.8 109.2 110 110.5 110.9 111.7 111.7 110.6 109.2 108.2 107.8 107.6 107.4 107 106.4 105.6 105.4 105.3 105.1 105.4 105.7 105.9 107 108.5 110.4 112.2 114.1 116.1 118.1 118.3 117.9 117.7 117.1 116.8 115.7 115.3 114.5 112.5 110.7 108.8 107.1 105.6 104.5 103.1 101.8 100.7 99.8 98.7 98.5 99.1 99.7 100.1 100.5 100.1 99.7 98.9 98.2 97.6
96.4 98.5 99.1 96.9 93.3 94.7 99.8 105.6 109 109.5 109.8 111.4 113 114.3 115.5 115.4 115.4 115 113.8 111.3 109 107.2 106.5 108.4 110.2 111.3 111.7 111.7 111.8 111.4 110.7 109.2 108.6 107.7 107.7 107.3 106.9 106.6 106.3 106 105.7 105.8 106 106.2 106.4 107 108.8 109.7 110.8 112.3 113.6 115.2 115.3 115.9 116.3 116.2 116.1 114.3 114 112.8 110.8 109.1 107.8 106 105.2 103.5 102.3 101.4 100.3 99.8 99 99.3 99.8 100.3 100.5 100.6 100.2 99.7 99 98.4 97.8
92.3 92.4 92.7 92.3 90.3 90.8 95.8 103.4 107 106.9 107.5 110.7 112.4 113.6 115 115.5 115.5 115.6 114.6 112.3 108.7 105.2 103.2 105.8 109.8 111.2 111.5 111.4 111.3 111 110.1 109.2 108.3 107.7 107.6 107.3 107.2 106.9 106.6 106.4 106.1 106 106.2 106.4 106.6 107.6 107.6 109.2 110.2 111 111.4 112.3 113.6 114.4 114.4 114.3 114.6 113.1 112.6 111 109.7 107.9 106.3 105.7 103.9 103.2 102.4 101.6 100.9 100.2 99.9 100.2 100.5 100.9 101.1 100.9 100.5 99.8 99.2 98.6 98.6
88.9 87.9 89.1 90.2 87.7 88.9 93 98.9 102.5 100.9 102.1 106.4 109.9 112.4 113.9 114.6 114.8 113.5 111.7 109 103.8 98.5 96.2 97.4 101.5 105 106.9 107.1 108 108.7 108.6 107.9 107 107.3 107.3 107.2 107 106.9 106.8 106.8 106 105.8 106.5 106.7 107.1 107.7 108.4 109.1 109.6 109.8 110.1 110.7 111.9 113 113.5 113.9 113.7 113.5 111.8 110.9 109.4 107.7 106 105.1 104.1 103.3 102.8 102.5 101.2 101.2 100.9 101.4 101.6 101.8 102.1 101.6 101.2 100.4 99.7 99.5 99.5
82.6 82.8 86.2 87.8 84.8 87.9 90.2 92.9 96.2 94.9 99.6 105.8 109.4 111 110.1 110.3 108.8 106.8 104.6 100.7 95.8 92.4 90.4 91.2 93.2 96.6 99.1 101.2 103.6 105.3 106.1 106.5 105.8 106.5 106.8 106.8 106.7 106.5 106.4 105.9 105.2 105.2 105.3 105.8 106.3 107 107.7 108.6 109.1 109.1 109.2 110.5 111.5 112.1 112.5 113.1 113 112.2 111.3 110.4 109.2 107.7 106.5 105.9 105 104.2 103.9 103.4 102.6 101.7 101.8 103 102.9 102.8 103.1 102.4 101.9 101 101.3 100.7 100.3
76.6 78.3 82 83.4 81.6 84.3 87.1 89 89.6 90.8 96.6 103 106.9 106.2 102.5 101.2 100.1 98.1 96.4 93.5 90.2 87.9 87.3 87.9 88.3 90.5 91.6 95.5 99.1 101 103.2 104 104.7 105.5 105.9 106 106 105.9 105.4 104.9 104.4 104.5 104.2 104.3 104.5 105.5 106.6 107.5 107.2 108.2 109.6 110.3 111 111.6 111.8 112.2 112.2 111.5 111 110.2 108.5 108 107.3 106.6 105.8 105.3 104.8 104.4 103.9 103.3 103.1 103.7 103.8 103.9 103.9 103.7 102.5 103 102.8 101.4 100.7
76.7 75.6 76.5 77.5 78.8 81.7 85.5 87.2 85.8 87.8 90.8 94.9 97.4 97 95.5 94.2 92.6 91.6 90 87.8 86.2 85.3 85 85.6 85.9 86.4 88.7 91.4 94.5 97.6 99.5 101 102.4 104.1 104.7 104.8 105 104.7 104.2 103.7 103.3 103.3 102.9 103 103.2 103.5 104.5 105.2 106 108.5 109.8 110.4 111 111.1 111.7 112 111.5 111.1 110.6 110.1 109.3 108.6 108.1 107.4 106.7 106.2 105.8 105.3 104.9 104.5 104.3 104.3 104.2 104.1 104 103.8 103.3 103 102.9 102.7 101.4
78.3 77.8 76.1 76.5 77.5 79.6 82.7 83.3 82.2 85.5 86.5 89.4 91.4 90.8 88 88.3 87.8 86.6 84.5 82.2 81.8 82.1 83.3 84.4 84.5 84.9 85.4 87.7 90.8 93.6 95.3 97.1 99.8 101.4 102.9 102.8 103.3 103.2 103 102.6 102.2 102.1 101.7 101.7 101.9 102.3 102.6 103.3 105.9 107.5 108.7 109.7 110.2 110.6 111.1 111.2 111.2 110.6 110.1 109.6 109.3 108.8 108.3 107.7 107.3 106.8 106.4 106.1 105.7 105.4 105.1 104.4 104.8 104.6 104.1 103.8 103.5 102.9 102.6 102 101.3
80.7 80.1 78.5 77.3 77.1 77.7 78.2 78.5 79.3 80.5 81 81.9 83.8 84.3 84.1 85.4 84.8 82.3 80.1 81.4 81.3 81.5 81.4 82.4 82.2 83.2 83.8 85.9 87.8 89.7 91.7 94.3 96.7 98.2 99.6 100 101 101.4 101.3 101.3 100.7 100.6 100.5 99.8 100.3 100.1 100.4 102.8 104.3 105.5 106.6 107.4 108.3 109.3 109.9 110.1 110 109.7 109.2 108.9 108.4 108.1 107.7 107.3 107 107 106.6 106.3 105.9 105.4 105.2 105.3 104.9 104.2 103.6 103.4 103.1 102.5 102 101.3 101.1
83 82.6 80.9 78.6 77.4 76.7 77.3 77.4 78.3 77.4 78.4 78.7 78.7 79.6 80.8 82.3 82.8 80.4 81.4 82.4 83 82.9 82.4 82.1 82.5 82.5 82.5 83.9 85.6 87.5 88.7 91 93 94.8 96.2 97.6 98.5 98.6 99.2 99.2 98.7 99 98.9 98.3 97.9 98 98.6 101.1 102.3 103.3 104.1 104.9 105.7 106.7 107.7 108.3 108.6 108.4 108.3 107.9 107.4 107 107 106.9 106.6 106.6 106.6 106.3 106 105.4 105.6 105.3 104.6 104 103.4 102.6 102.3 101.8 101.3 100.7 100.7
84.1 83.5 82 79.4 77.3 77.7 78.1 78.8 78.9 79.1 79.4 79.5 79.6 79.4 79.7 79.6 80.3 80.7 82.4 84 84.5 84.2 83.8 83.5 83.2 83.3 83.3 83.1 83.7 85.3 86.5 88.1 89.4 91.4 92.9 94.8 95.9 96.2 96.6 96.3 96.7 97.3 97 96.6 96.1 96.6 98.5 99.7 100.4 101 101.7 102.5 103.3 104.1 105 106 106.8 107 106.6 106.2 105.7 106.3 105.9 106.4 106.3 106.2 106.2 106.2 106 105.7 105.8 105.2 104.7 104.2 103.7 102.8 102 101.4 100.8 100.3 100.1
84.3 83 81.3 79.1 78.7 79.2 78.8 79.7 80.5 81.1 81.4 81.7 81.4 81 80.1 79.9 80.1 81 83.6 85 85.5 85.6 85.2 84.8 84.4 84.3 84.3 84.2 84.3 83.6 84.4 85.7 87.1 88.8 90.5 92.4 92.7 94.1 94.4 94.5 94.5 94.6 94.5 95.2 94.7 96.3 97.4 98.4 99 99.4 99.9 100.5 101.3 102 102.6 103.4 104.4 105.1 105 104.6 104.1 104.2 104.9 105.3 105.8 105.8 105.8 105.8 105.8 105.8 106.1 105.8 105.2 104.6 104 102.9 102 101.4 100.8 100.3 99.9
83.5 82.2 80.5 78.5 79.3 80.3 79.9 81 82.5 83.6 83.6 83.5 83.3 82.9 81.5 80.4 80.3 81.3 82.9 84.4 85.3 85.8 85.9 85.6 85.4 85.3 85.2 85.1 85 84.7 84.5 84.5 85.2 86.9 88.4 89.5 90.6 91.6 91.8 91.9 92.4 92.4 92.6 93 94.2 95.6 96.4 97.1 97.6 98 98.4 98.9 99.3 100 100.7 101.5 102.1 102.6 102.7 102.2 102 102.3 103.7 104.4 104.9 105.2 105.4 105.4 105.3 105.8 106.3 106.4 106.1 105.3 103.9 102.8 101.9 101.2 100.7 100.9 99.8
82.6 81.4 80.8 80.1 80.6 81.1 81 81.5 83 84.3 84.7 84.9 84.8 84.5 83.2 81 80.8 81 82.5 84 85.5 86 86.3 86 85.5 86.2 86.1 86 85.9 85.7 85.5 85.3 85.5 85.4 85.9 87.4 88.4 89.4 89.7 90.2 90.8 90.9 91.7 92.4 93.7 94.7 95 95.8 96.3 96.6 97 97.4 97.9 98.5 99 99.7 100.4 100.4 100.2 100 100 100.9 102.4 103.5 104 104.5 104.7 104.9 104.9 105.5 106.3 106.9 106.7 105.3 103.7 102.7 101.8 101 100.9 100.5 99.4
82.5 81.8 81.1 81.5 81.9 82.4 82.5 82.4 83 84 84.8 86 86.6 86.4 84.6 81.8 80.8 81.1 83 85.1 87 86.6 86 85.5 85.9 86.9 87 87 86.9 86.6 86.5 86.3 86.1 86 86.1 86 86.1 87.6 88.2 88.7 89.3 89.6 90.6 91.7 92.7 93.9 94.3 94.4 95 95.3 95.5 95.9 96.5 97 97.6 98.1 98.7 98.9 98.9 98.7 98.7 99.4 100.9 102.4 103.1 103.7 103.9 104.1 104.3 104.7 105.6 105.9 105.3 104.2 102.9 102.3 101.5 100.9 100.5 100.3 99.7
82.9 82.3 83.2 84.1 84.7 84.3 83.8 83.8 83.8 84 84.5 85.6 86.5 86.9 84.7 82 81.1 80.3 81.4 84.5 85.6 85.2 83.9 84.1 85 86.1 86.9 87.5 87.8 87.5 87.5 87.2 87 86.7 86.5 86.5 86.9 87.2 87.7 88.2 88.7 89.3 89.9 90.5 91.4 92.3 92.7 93.1 93.6 93.8 94.1 94.6 95.2 95.7 96.2 96.7 97.3 97.4 97.5 97.8 97.7 98.3 99.8 101.3 102.2 102.8 103.1 103.2 103.4 103.5 104.1 104.4 103.9 103.1 102.3 101.8 101 100.6 100.4 100.2 99.9
84.2 83.9 84.7 87.8 88.6 87.1 85.6 85.4 85.1 85.1 85.1 85.3 85.4 84.9 83.4 81.8 81.3 80.7 80.5 80.5 82 81.1 81 82 81.9 83.1 84.3 85.5 86.2 87 87.7 87.9 87.8 87.7 87.5 87.1 87.5 87.1 87.4 87.9 88.2 88.8 89.8 89.9 90.7 91.2 91.2 91.4 91.8 92.1 92.6 93.5 94.2 94.7 95.2 95.8 96.2 96.1 96 96.3 96.8 97.5 98.8 100.4 101.2 101.9 102.3 102.4 102.4 102.5 102.8 102.9 102.8 102.3 101.8 101.2 100.9 100.7 100.6 100.2 100
86.2 86.1 87.6 92 92.7 90 87.7 87 86.8 86.1 85.9 85.9 85.4 84.3 83.6 82.1 81.5 81.3 80.9 81 81.2 81.4 81.2 81.8 81.8 81.7 82 83 83.8 85.2 85.9 87.1 88.4 88.6 88.5 88.2 87.6 87.6 87.5 87.4 87.8 88.3 89 89.2 89.5 90.1 90.4 90.1 90.4 91.3 91.5 92.3 93.1 93.7 94.3 94.8 95.1 95.3 95.2 95.2 95.6 96.8 97.9 99.5 100.2 101.1 101.6 101.7 101.7 101.8 101.8 101.8 101.8 102.3 101.5 100.9 100.9 100.9 100.8 100.3 100.2
90.1 90 91.3 93.1 93.8 91.6 90.7 89.7 88.7 87.5 86.6 86.3 85.8 85.1 84.6 83.6 83 82 81.8 81.6 81.6 81.7 81.6 82.1 82 81.9 81.8 82.1 82.8 82.6 84.3 85.6 87.3 88.9 89.5 89.7 89.2 88.6 88.3 88.2 88.3 88.7 88.8 88.8 88.9 89.3 90 90.3 90.7 90.9 91.2 91.3 92.2 92.1 92.5 93.2 93.6 94.3 94.5 94.8 95.3 96 97.3 98.5 99.4 100.3 100.9 100.9 100.9 101 101.1 101.1 101.1 101.4 100.8 100.8 100.9 100.9 100.9 100.6 100.6
