WholeMapElevations/data/so/so10_OST50GRID_20230518/SO10.asc
ncols 200
nrows 200
xllcorner 310000
yllcorner 200000
cellsize 50
[rows 70 to 104 of 200, columns 0 to 77 of 200]
377.2 378.4 379.1 379.9 380.9 380.8 379.3 376.9 375.1 374.6 374.4 372.8 371.7 369 365.2 359.2 354.4 350.7 346.6 341.6 334.9 328.9 320.9 310.6 302.5 292.7 287.8 287.4 273.5 263.4 262.6 258 257.4 258.5 260.3 260 258.1 250.3 256.8 260.9 268.1 272.8 277.8 283.9 284 288.9 304.1 314.7 320.9 324.8 329.3 335.2 339.5 344.2 351.4 356.2 360.4 367.9 374.4 375.1 371.6 362.6 351.3 334 320.8 307.8 298.8 292.5 277.3 285.8 294.4 300.3 304.4 308.3 311.3 315 318.9 325.8
375 376.1 376.9 377.8 378.8 379.4 378 375.7 373.8 373.2 371.9 371.6 370.4 367.8 364 359.7 354.6 350 345.7 341.2 334 326.7 322.6 314.6 307.2 297 288.2 287.5 272 272.6 261.6 258.1 248.6 239.6 250.8 254.3 251.4 246.2 255.5 261.7 266.8 270.8 273.7 273.8 280.1 299.2 309.6 317.3 322.8 328.4 332.5 333.9 336.5 341.1 349.4 353.1 356.4 362.1 369.6 370.7 367.7 361.2 352 338.1 324.3 311.3 300.7 294 283.8 280.9 293.2 297.6 301.5 305.5 308.6 311.3 316 324.5
371.4 373.7 374.8 375.8 376.7 377.7 376.6 374.5 371.9 370.9 370.4 370.2 368.1 366.1 363.1 358.8 353.8 349.2 344 337.5 330.5 326.7 321.4 317.5 309.9 299.8 289.8 284.7 271.8 265.7 259.9 256.6 255.3 248.4 244.2 242.8 243.4 251.4 255.3 257.3 263.6 262.3 266.1 277.1 290.7 301.3 308.5 317.6 324.6 328.5 330.4 330.7 333.1 337.4 346.8 348.7 351.5 356.2 364.9 367 363.6 357.5 350.1 340.8 328.4 315.5 304.4 296.3 289.8 274.6 287.3 294.6 299 302.1 306 309 314.6 321.9
367.1 371.1 372.4 373.7 375 375.9 375.1 373.3 370.6 368.8 368.2 368.2 366.1 363.6 361.3 357.9 352.4 345.5 339.9 335.5 329.3 327.3 320.8 316 309.6 301.3 292 280.4 271.2 262.6 258 253.9 250.3 247.1 249.6 246.4 240.6 255.7 255.8 255.2 255 258.2 265.9 278.1 288.5 296.2 303.9 313.7 318.7 323.3 325.6 326.7 328.7 332.6 340.8 344.2 346.8 351.1 359.5 363 360.4 353 346.4 337.7 326.3 315.7 307 299 292.5 281.2 279.2 290.7 294.4 300 304.2 308.1 313.1 320
362.9 367 369.7 371 372.5 373.5 373.8 372.1 369.9 367.6 366.2 365.9 365.9 364.1 362.4 358.8 354.3 348.5 342.6 336.8 330.4 324.5 318.7 313.5 305.7 299.5 291.9 284 273 264.4 258.6 254.2 249.3 247.7 247.5 245.9 240.6 245.5 253.7 253.8 252.2 253.6 262.5 271.9 281.8 289.2 298 308.5 311.8 315.4 319.4 320.4 323.1 327.3 334.3 340 342.5 346.1 355.2 358.6 357 348.4 338.7 329.5 322.5 314.6 306.9 299 292.9 285.9 269.6 285.4 293.7 298.2 302.4 306.2 311.7 318.8
360.4 362.8 366.6 368.4 370.1 371.2 371.6 370.9 368.7 366.4 365.2 364.1 364.1 363.5 361.8 358.4 354.9 350.5 344.1 338 333.4 328.6 326.6 317.6 311.6 301.2 289 281.5 268.6 263 257.9 252.7 249.6 246.1 245.9 242 240.9 239 243.6 245.2 245.2 251.3 257 265.5 275 282.3 289.7 299.5 304.7 308.5 311.4 314.9 318.3 323 328.6 335.8 338.2 341.3 349.7 354.7 352.2 342.6 331 322.9 318.4 315.4 312.1 302.5 295.1 288.2 270.1 283.2 291.1 295.6 300.2 304.4 310.4 317.4
357.4 360.9 363.9 366.1 367.6 368.8 369.5 369.2 367.4 365.2 364.1 362.9 362.4 361.9 360.9 358.6 355.4 351.2 347.6 344.2 338.1 332.3 327.7 322.6 317.7 313.4 304 295.5 280 266.2 258.2 255.5 252.5 251.3 246.8 241.9 240.6 239.6 238.7 236.6 236.1 244.8 251.5 261.4 267 275.2 282.8 290.6 297.6 301.6 305.1 308.9 313.4 318.7 323.1 331.1 334.3 337 345.6 349 345 336.2 327.3 318.1 314.2 316 316.8 307.1 296 288.7 276.7 276.6 286.4 292.6 297.7 302.9 308.7 316.3
355.7 358.7 361.5 363.7 364.9 366.1 366.8 366.9 365.9 363.9 362.7 361.5 360.4 360.3 360.3 358.9 355.7 351.9 350.9 347.8 337.4 335.4 331.8 327.1 321.9 316.6 311.5 303.6 290.8 276.4 267.6 263.2 258.7 255 251.3 245.6 238 234.8 234.8 234.5 234.7 241.3 245.8 256.8 261.5 271.7 277.7 284.4 290.7 295 299.4 302.9 307.3 314.2 316.8 325.2 329.7 332.7 337.1 342.7 339 331.9 323.9 314.9 310.4 313.8 312.4 306 297.3 289.8 277.4 268.6 285.1 290.9 295.9 301.1 308.4 315.9
356.5 356.6 359.6 361 362.3 363.4 364.1 364.5 363.7 362.2 360.2 358.2 357.5 358.2 359.2 359.4 358.7 356.6 352.6 346.1 347 345 339.4 333.4 326.8 318.6 313.4 308.4 298.4 286.1 277.1 267.9 261.8 258.2 253.9 250.9 246.9 234.4 233.6 233.3 234.3 238.3 242.6 250.2 253.3 263.5 272 277.3 283.1 288.4 292.8 296.9 300.1 307.6 310.8 317.9 325 326.9 330.2 333.7 332.6 327.7 321.1 312.7 307.7 309.4 307.9 304.1 296.3 291 281.3 263.5 278.7 288 293.8 299 307.8 319
356.3 352.6 357.3 358.3 359.9 360.8 361.5 361.9 361.2 360.3 357.6 354.4 353.7 356.3 357.8 358.5 359 355.9 357.2 355.1 351.2 347.5 344.1 340.4 334.3 326.4 316.8 309.7 304.2 294.6 285.8 276.4 267.6 261.4 256.4 253.6 249.3 236.1 233.3 232.8 233.2 234.4 236.8 240.4 249.7 255.6 264.8 271.8 276 280.8 286.2 290 293.3 299.2 304.7 309.7 318.9 321.4 322.7 324.9 324.7 321.7 315.5 312.4 305.6 305 304.3 299.9 293.6 289 281.3 260.1 274.6 285.4 290.8 297.5 310.2 323.6
360.3 350.9 354.5 355.5 357.3 358.2 358.2 358 358.3 357.4 356 352.7 352.8 354.5 356.2 357.6 359.4 362.7 364.3 361.7 357.2 351.8 348.4 343.4 337.8 332.2 320.9 312.4 306.8 300.2 292.7 284.9 275.1 266.8 259.8 256.1 251.3 239.4 232.4 232 231.9 232.7 233.7 236.7 244.1 248.6 257.5 266.5 271.7 275.1 279.7 283.5 286.4 291.4 295.6 301 309.5 315.9 316.9 317 316.9 315.4 310.6 306.9 298.9 297.4 295.8 292.6 288.9 285.2 279.5 259.4 266.3 282.2 289.7 300.8 313.3 326.5
363.3 357.3 356.6 351.7 353 355 352.3 354.3 354.7 354.3 353.9 351.3 351.4 353.7 355.4 357.7 360.4 365.4 368.5 367.7 363.9 357.5 351.3 345.5 337.9 331.9 326 318.5 308.9 305 296.6 285.1 282 274.3 265.5 258.2 252.9 246.1 232.2 231.4 229.4 231.4 233 234 238.3 242.9 250.5 260.6 266.7 269 273.8 276.9 279 283.6 286.4 291.3 298 307.5 308.9 310 309.9 308.1 305.3 299.2 292.7 289.5 288.8 287 285.2 281.4 276.4 259.6 263.1 280.1 291.1 303.4 316.6 328.3
371.2 360.1 354.5 350.4 344.7 348.9 350.3 351.5 350.4 350.3 350.6 349.5 350.5 352.7 354.4 356.9 360.8 366.5 368.2 368.1 365.8 361.6 356.9 350.9 342.3 332.2 324.9 317.8 310.6 305.3 299.5 293.3 286.2 279.2 274.9 262.4 255 252.2 243.8 233.9 229.9 230.3 231.3 232.5 233.6 236.1 244.4 252.1 260.4 264.6 267.3 271.4 270.6 274.3 279.3 282 287 294.3 297.7 300.3 301.8 299 295.2 291.5 287.4 282.9 283.2 282.6 280.8 278.2 267.8 254.4 269.5 281.8 293.4 306.2 319.4 330.3
377.3 365 355.4 352.4 351.4 348.4 347 346 346 346.3 346.6 345.9 348.5 351.1 352 355 359.5 363.4 365.7 366.9 364.3 360.8 359.1 353.5 345.3 334.9 326.4 317.9 311.9 305.6 299.8 295.9 289.9 283.3 275 265.7 259 255.2 246.4 238.5 233.5 229.8 229.7 231 233.3 233.4 237.4 244.4 252.1 259.4 262.7 263.8 264.9 263 269 273.9 277.6 284.3 287.6 289.7 291.3 290 285.9 284 283.3 281.2 278.9 277.6 276.2 273.7 258.9 258.2 273.5 283.8 296.1 309.1 322.1 333.6
379.6 371 359.8 354.7 351.9 349.8 345.5 342.9 341.3 342 342.9 342.3 346.7 349.2 349.6 351.8 356.4 360.3 363.2 364.7 364.3 361 359.9 353.8 346.3 338.9 330.4 322.2 313 305.3 299.9 296.2 291.9 286.6 276.5 265.3 261.2 254.2 248.1 241.9 234.2 230.3 229.1 229.3 230.3 230.2 231.8 232.7 245.3 251.4 256.3 258.2 258 257.5 259.4 266 270.3 274.1 278.4 280.4 281.9 280.8 277.9 277.7 278.5 277.4 274.1 270.2 270.1 262.2 249.9 264.8 278.5 287.9 300.2 313.7 327.1 341
381.3 378.7 366.7 355.4 351.3 348.1 345.5 339 339 340 340.5 340.3 344.5 346.4 348 349.2 354.2 358.4 362.3 364 365.7 364 361 355.1 349.6 343 335.4 327.5 319.9 312.4 304.6 295.6 290.6 285.4 279.1 270.8 264.3 257.2 251.2 246.2 239.8 233.2 231.2 228.5 229.2 227.1 230.3 231.6 232.9 244.3 248.3 250.9 255.3 253 251.9 256 262.2 266.3 270.5 272.4 273.9 272.7 270.9 270.9 271.7 269.8 267.2 261.8 256 249.2 254.9 272.6 284.2 291.7 305.9 320 335.6 349.5
382.1 380.3 374.2 360.4 352.5 348 344.1 341.1 334.5 336.2 336.3 338.4 340.4 343.2 346.1 348.9 352.8 357.6 362 364.2 365.8 367.6 364.6 358.8 353.7 347.8 341.9 335.9 329.7 322 311.9 301.4 294.7 287.7 283.7 278.4 267.9 260.3 253.3 247.5 245.1 241.8 238 231.2 223.8 228.6 226.9 230.7 232 233.4 241.8 244.7 247.4 247.8 247.1 249.6 252.8 259.8 263.3 265.2 266 265.4 265 264.3 263.2 262 259.2 255.4 245.3 254.9 266.8 279.2 284.9 295.7 310.5 327.3 344 357.7
382.1 380.4 376.9 363.4 358.2 353.4 346.6 341.2 339 335 331.8 334.4 337.5 339.5 342.9 346.8 351.9 356.5 361.1 363.5 366.1 369.5 371.3 368.7 367.2 362.6 354.7 345.4 338 330.7 320.5 312.9 304.4 294.2 285.8 278.9 272.1 263.5 256.7 250.4 244.9 245.5 242 237.5 228.1 225.5 226.7 225.3 230.8 231.4 232.6 237 240.3 243.6 243.8 242.7 245.7 253.3 255.9 257.5 258.9 259.7 259.3 259.1 257.9 256.7 254 244.9 243.6 257.3 270.7 278.5 286.1 301 316.3 335.8 349.8 365.2
381.7 380.5 378.4 370.6 364.2 357.1 351.2 347.7 342.1 335.2 331.6 329.6 332.9 336.1 340.1 344.8 348.3 353.1 357.5 360.1 365.4 371.3 373.6 375.1 374.1 371 366.1 359.8 353.3 343.8 332.9 323.7 312.3 304.4 294.9 286.9 275.8 267.2 260.7 255.9 251.2 247.4 244.9 244.1 233.2 229 223.8 225.6 224.1 225.2 227.2 229.4 232.8 237.3 239.8 236 240.6 247.7 252.8 253 253.7 254.3 254.2 254.7 252.7 249.8 246.4 246 249.7 262.9 270.7 278.3 292.5 305.1 321.7 341.1 355.1 370.3
381.6 380.8 379.8 370.8 366.8 359.8 355.1 349.8 341.4 337.3 334.1 325.7 330.4 334.6 334.9 342 344.3 347.5 351.6 355.2 365.3 371.7 375.7 379.4 381.5 379.3 374.5 368.3 362.5 354.5 347.5 337.7 326.3 315.6 305.8 296.1 284.3 272.7 264.6 259.7 254.9 249.8 245.5 244.1 240.5 233.8 228.3 224.7 224.2 223.4 222.5 222.8 227.2 231.3 234.7 232.9 235.3 240.9 247 247.9 247.8 246.6 249 249.7 247.5 246.4 247.4 248.1 256 262.7 271.6 282.1 295.3 306.7 325 343.3 357.9 376
384 381.2 380 372.5 366.1 362.5 359.5 353.4 346.5 335.3 333.8 330.8 326.1 326.6 333.3 338.7 341.2 343.6 348 352.2 365.5 372.3 377 382.5 388.7 389.6 384.3 378.7 373.3 365.8 358.4 349.3 340.3 329.6 318.9 307.6 297.1 284.2 272.8 263.3 257.7 253.1 248.9 243.2 241.5 234.3 227.3 225 223.9 223.4 222.2 221.6 222.1 226.3 232.9 231 231.9 237 240.1 241.9 241.6 241.2 242.9 244.3 243.4 246 249 249.6 257.1 262.1 270.9 285.5 295.6 307.1 326.3 344.9 360.8 384.4
386.2 381.2 379.5 374.9 363.8 359.1 353.6 353.6 347.5 341 338.5 334.7 329.7 327 323.3 333.6 337.2 340.4 344.5 351 365.2 371.2 377.4 384.9 393.4 393.3 390.9 387.5 384.5 379.6 371.5 361 351 339.6 330.1 318.9 306.5 294.9 284.2 273 262.1 257.4 251.6 246.6 241.9 236 229.4 229.6 223.3 222.3 221.7 222.1 221.4 222.4 229.4 228.6 228.5 233.1 235.2 234 231.6 235.9 237.8 240.6 240.9 245.3 249.1 249.6 254.8 263.4 274 286.7 294.8 307.5 326 345 363.2 392.7
386.5 385 379.4 379 373.7 370.5 365.8 358.5 350.6 346.9 340.8 336.7 331 326.4 319.8 328.9 333.3 337.9 342.8 352.1 364.6 371.1 378.9 386.9 392.1 393.8 395.1 395.6 393.7 390.1 383 374 360.6 350.2 339.8 329.6 318.5 303.9 293.5 283 272.7 262.7 253.7 249.9 245.3 239.6 233.5 230.9 229.6 222.8 220.9 222.1 221.7 221 228.5 226.6 225.1 227.9 230.5 229.8 227.3 230 232.1 233.5 233.3 240.8 248 249 252.1 260.4 275.3 285.7 293.7 307.9 325.6 347 370.6 396
389.1 386.8 384.6 381 379 376 372 363 354 348.5 342.5 336 330.5 324.8 319.2 325.3 330.1 335.4 342 354.3 364.6 372.2 380.4 387.7 391.7 395.7 400.5 406.9 409.7 405.8 396.8 385.4 374.2 360.8 348.3 339.4 329.2 317.8 304.7 291.7 281.8 271.7 263.2 257.2 255.6 241.6 236.3 233.3 227.5 223.5 221.3 219.7 220.7 221 225 224.1 222.3 222.8 226.3 227.7 225 225.6 229.8 228.9 226.4 234.8 241.8 248.1 250.5 260.1 272.1 281.6 292.1 307.4 324.6 347.5 376.4 399.5
396.5 394.7 390.6 385.9 383.1 380.2 376.6 366.6 357.5 349.7 343.7 334.8 328.7 322.9 318.2 322.1 326.6 333.5 343.7 355.9 364.3 374.3 380.8 387.4 392.6 398.6 410.5 425 426.3 423.3 416.3 404.1 389.4 374.9 363.1 346.9 336.8 326.9 316.8 303.4 290.1 281.2 271.6 262.9 259.8 252.3 239.5 235.3 228 223.1 221.1 219.4 218.7 219.8 221.4 221.5 220 220.3 222.2 225.7 221.8 225.1 227 223.1 224.4 232.8 236.7 245.4 248.9 258 268.8 279.2 290.9 306.1 325.2 352.4 381.9 402.3
403.3 401.6 398.1 392.7 387.4 383.8 379.2 369.9 360.4 351.1 342.6 333.6 327.8 322.3 318.1 317.2 323.5 330.5 343.4 354.2 364.2 373.2 381 387.5 393.9 405.2 423.2 430.5 430.2 427.5 424.2 418.4 408.7 391.4 375.1 361.1 347.1 335.5 326.6 316.8 306.5 296.1 283.2 272.3 260.7 259.7 250.2 237.2 231.9 226.5 222.4 220 218.1 217.7 219 219.9 219.1 218.8 218.4 223.6 220.5 229.4 225.8 221 223.1 231.5 236.2 239.9 246 255.4 264.9 276.5 289.2 306.2 330.8 358.8 387.8 405.1
411.5 407.6 405 400 394.5 389 383.1 373.6 365.1 354 342.2 331.7 325.5 319.9 316.8 315.5 320.3 327.9 340.2 352.6 363.6 372.3 381.8 387 395.9 411 427.6 431.4 431.4 429 426.1 421.8 416.9 409 392.9 375.1 360.2 347.9 335.6 327.3 318.3 310.4 299.5 285.8 271.7 261.4 256.5 246.9 237 231.9 224.2 222.8 219.7 217.2 217 218.4 218.2 217.6 217.4 217.7 219 225.3 220 220.7 223.8 233.2 237.9 237.6 242.3 251.8 265.9 276.3 290.1 310.8 334.6 365.8 392.1 407.7
419.7 416.5 412.3 408.4 402.1 395.3 387.6 380 366.3 355.3 344.8 330.3 322.1 316.8 314.9 314.4 317.7 323.9 336.9 350.6 362.6 371.8 379.2 386.7 395.9 414.5 426.6 431.4 433 432.8 429.8 424.8 419.8 415.9 409.1 394.6 377.1 362.2 350.3 339.3 326.9 318.6 310.3 299.9 285.9 272 260.5 250 242.5 237.5 232.5 228.6 224.4 220 214.7 216.2 216.6 216.3 216.5 216.6 217.7 218.9 218 219.4 227.4 238.6 240.8 238.5 239.1 250.2 263.4 273.4 288.7 308.2 333.8 367.2 392.8 408.1
428.7 426.7 423.1 417.7 410.7 402.2 392.6 385 370 354.9 345.2 329.2 318.7 315.3 313.2 313.1 315.7 320.4 333.2 347.6 361 368.6 376 384.7 396 416.6 425.8 430 435.3 437.4 434.9 429.7 423.4 418.8 415.2 411.4 397.6 377.8 360.4 350.6 338.9 326 317.9 308.5 298.7 287.3 272.9 260.9 251 242.9 238 234.8 228.7 223.6 218.6 215.2 215.5 215.5 215.4 215.8 216.4 217.5 217.1 220.5 232.7 241.3 242.4 241.1 237.5 248.8 261.6 272.2 285.2 303.3 331.2 362.5 390.9 407
444.7 443.4 439.6 429.9 418 407.8 396.8 386.7 374.3 358.1 342.6 328.5 316.3 313.1 312.3 309.9 313.8 317.3 330.3 344.5 357.7 365.3 372.5 380.6 395.5 418.3 425.2 429.8 436.8 438.7 437.2 434.6 430.4 426.3 423.5 418.9 412 399.6 377.3 361.6 349.8 336 323.7 314.2 307.4 297.6 286.3 271.8 259.7 250.8 244.8 239 235.4 228.3 224.7 219.5 214 215.2 214.4 215.5 215.7 214.8 216.4 224.2 237.2 240.7 241.5 241.6 238 244.8 257.4 268.8 280.9 299.9 325.5 354.8 383.5 403.1
457 454 449.8 443.6 430.3 413.2 400.7 386.4 377.4 362 344.9 330.6 317.3 312.9 311.3 309.8 311.3 315.7 326.9 340.9 354 362.1 369.1 378.3 395.2 417.6 424.2 432.9 438.2 439.9 439 438 434.6 432.8 431.2 427.4 422.1 414.2 400.7 375.3 359.6 347.2 333.1 320.8 311.6 303.5 294.8 283.9 271.7 261.3 251.6 246.7 241.3 235.8 232.6 227.1 221.5 217.1 211.7 214.6 213.2 214.9 215.9 221.2 234.1 238.1 240 241.5 238.7 239 251.2 263.1 276.7 294.2 315.2 343.2 373.8 398.2
458.2 455.4 450.6 445.9 438 424.6 406 390.9 377.3 364.6 350.3 333.8 322.3 314 310.8 308.7 309.9 314.2 324.2 336.8 350.6 359.6 365.2 374.8 392.1 414.8 423.3 434.7 436.9 438.8 438.2 437.5 436.3 435.1 434 432.2 428.8 423.5 415.2 399 371.1 354.2 342.4 329.9 318.2 308.8 301.1 292.3 281.4 267.6 260.6 253.3 247.2 244 240.4 236.7 232.5 229.4 221.1 215.8 212.7 214.5 215.1 217.1 228.1 235.7 238.8 239.7 237.6 235.7 243.2 254.9 268.7 285.7 302.7 336.3 366.1 393.5
459.1 456.5 452 446.8 441.5 431.7 411.9 394.2 383.9 367.7 354.2 338.6 324.9 316.4 310.9 308.2 308.5 313.1 321.3 332.3 347.4 356.6 361.2 369.9 387.4 410.3 421.9 432.4 436 436 436.9 437.3 436.2 435.4 435.4 434.4 431.6 427.5 423 411.5 391.9 363.3 348.5 336 326.3 315.6 304.2 296.1 284 276.6 268.7 261.9 255.9 252.5 248.4 244.3 238.9 233.3 229 222.7 214.4 214 213.8 216.7 224.9 232.7 238.1 238.8 237 234.9 237.1 249.2 262.1 280 289.2 315 348.8 388.9
458.7 457 453.7 448.7 443 434.5 417.5 398.7 385.3 371 359 343.7 328.9 318.7 311.7 308.1 307.5 311.5 318.8 328.8 341.9 352.2 355.8 364.6 381.6 404.8 417.9 428.8 434.4 434 434.3 435.6 434.9 434.5 434.9 435.3 434.2 430.4 425.9 418.4 404.7 378 351.6 338.1 327.7 318.7 308.7 298 292.7 288.5 280.3 272.6 266.3 261.2 256.4 249.4 244.3 238.9 236.2 228.7 219.6 211.9 213.6 216.8 223.7 230.1 235.5 237.2 236.2 234.5 234.1 242.5 257 272.7 288.6 293.1 324.5 379.1
460 456.7 453.5 449.3 443.2 435.2 423.5 403.8 391.4 376.7 362 347.3 333 323 312.8 308.1 306.3 310 316.7 324.1 337.4 348.2 352.2 359.6 374.8 399.6 414.4 426.4 431.5 431.9 431.5 432.5 432.8 432.3 433 435 434.8 432.5 428.6 422.3 411.9 393.2 364.9 342.8 331.7 323.2 316.7 306.3 299.6 293.7 289.3 284.6 280.8 273.4 265 258.7 250.6 245.6 241.4 232.5 227.7 215.5 212 215.3 220.6 225.5 229.8 233.9 236 234.9 233.2 237.2 250.7 265.3 284.1 286 308.8 348.5
