UK/data/sd/sd47_OST50GRID_20230518/SD47.asc
ncols 200
nrows 200
xllcorner 340000
yllcorner 470000
cellsize 50
[rows 0 to 38 of 200, columns 87 to 173 of 200]
5.4 5.5 5.5 5.2 5.3 5.2 5.2 5.3 5.3 5.4 5.4 5.6 5.7 5.7 5.8 5.8 5.7 5.5 6 6.2 5.7 -2.8 3.8 3.8 4.4 4.8 5.1 4.3 3.9 3.7 3.6 3.5 3.3 3.2 3.2 3.2 2.8 2.5 1.6 1.2 0.9 0.7 -0.1 -0.8 -1.3 -2.8 -2.8 -2.8 -2.8 -2.8 -2.8 -2.8 -2.8 -2.8 3.7 3.8 5.9 9.4 16.2 10 23.3 26.9 29.7 31.4 32.7 35.1 33.2 39.6 36.3 39 43.1 49.9 46.8 51.3 49.7 53.4 57 61 64.9 68.1 71.4 70.3 67.3 61 58.8 53.7 49.1
5.5 5.5 5.4 5.2 5.2 5.2 5.2 5.3 5.3 5.4 5.4 5.5 5.7 5.7 5.7 5.7 5.7 5.6 5.9 5.3 5.4 -2.8 3.8 3.7 3.5 4.6 3.7 3.5 3.3 3.2 3.1 3.1 2.8 2.4 2.3 2.3 2.3 1.6 1.3 0.5 -0.3 -0.6 -1.1 -1.9 -2.8 -2.8 -2.8 -2.8 -2.8 -2.8 -2.8 -2.8 -2.8 -2.8 5.2 4 6.2 15.2 12.7 10.7 29.5 34 31.6 32.6 34.4 36.3 36.2 43.4 35.6 35.1 34 36.6 38.6 42.5 46 49.6 54.3 58.8 62.7 66.8 72.3 73.6 70 61.9 58 57.4 55.6
5.3 5.5 5.3 5.1 5 5.2 5.2 5.3 5.3 5.4 5.4 5.5 5.6 5.7 5.7 5.7 5.6 5.6 6.2 5.2 -2.8 3.8 3.8 3.8 3.7 3.5 3.2 3 2.8 2.7 2.6 2.6 2.5 2.1 1.6 1.4 1.4 1.3 0.5 0.1 -0.7 -1.5 -2.8 -2.8 -2.8 -2.8 -2.8 -2.8 -2.8 -2.8 -2.8 -2.8 5 5.8 5 4.6 6.7 18.3 10 14.6 39.9 44.4 34.9 33.7 34.4 36.3 37 43.4 34.7 31.2 29.9 32 35 39.3 43.4 47.3 52 57.5 61.8 66 70.7 74.3 71 66.3 61.6 60.5 61.1
4.5 5.4 5.5 5.4 5 5 5.2 5.3 5.3 5.4 5.4 5.5 5.6 5.7 5.7 5.6 5.6 5.7 5.8 5.8 -2.8 3.8 3.8 3.8 3.3 2.9 2.7 2.4 2.3 2.2 2.1 2.1 2.1 1.9 1.4 0.9 0.5 0.5 0.3 -0.5 -1.1 -1.9 -2.8 -2.8 -2.8 -2.8 -2.8 -2.8 -2.8 -2.8 5.1 5.7 5.8 5.9 6 5.8 6.3 16.8 11.3 24 44.3 47.8 40.5 34.3 34.6 35.9 37.7 42.2 31.5 30.4 29.6 30.8 33.6 37.1 40.8 44.8 49.8 54.8 60.5 66 73.5 78.1 77 74.7 70 64.9 63.6
5.3 3.9 5.2 5.6 5.1 4.9 5 5.2 5.3 5.3 5.4 5.5 5.6 5.6 5.7 5.7 5.7 6.1 5.9 -2.8 -2.8 3.8 3.7 3.3 2.8 2.4 2.1 1.9 1.8 1.7 1.6 1.6 1.6 1.6 1.2 0.7 0.2 -0.3 -0.4 -0.8 -1.6 -2.2 -2.8 -2.8 -2.8 -2.8 -2.8 3.4 4.2 5.7 5.9 5.8 5.8 5.9 6.1 6.1 6.2 14.6 17.5 28.8 43.2 48.3 41 34.5 34.6 36.9 38.9 42.7 32.3 30.4 28.9 29.2 31.8 35.3 39.1 42.9 48.7 53.8 57.7 64.5 72.8 79.1 81.4 81.3 75.6 71.1 69.6
5.7 5.1 5 5.1 5.5 4.9 4.9 5 5.2 5.3 5.3 5.4 5.5 5.6 5.6 5.6 5.9 6 5.8 -2.8 3.8 3.2 2.3 2.8 2.3 1.9 1.6 1.4 1.2 1.2 1.2 1.1 1.1 1.1 1 0.5 0 -0.5 -1 -1.4 -1.8 -2.8 -2.8 -2.8 -0.3 1.4 3.9 4.6 5.8 5.9 5.9 5.9 5.9 5.9 5.9 5.7 6 13.9 23.2 34 39.3 44.5 37.7 32.6 33.7 37.5 40.6 40.9 34.2 29.1 28.3 28.1 32.1 35.5 39.6 43.6 47.5 51.8 56.5 61.8 69.8 76.6 81.4 84.8 83.5 77.6 76.7
5.6 5.8 5.4 4.8 5.1 5.5 4.7 4.9 5 5.2 5.3 5.4 5.4 5.5 5.5 5.6 5.8 4.7 6 -2.8 2.8 1.9 1.2 1.9 1.8 1.4 1.1 0.8 0.7 0.7 0.7 0.7 0.6 0.6 0.6 0.3 -0.2 -0.7 -1.2 -1.7 -2.3 -2.8 -2.8 -2.8 2.6 3.6 5.1 5.7 5.8 5.9 5.9 5.9 5.8 5.7 5.6 5.7 6 14.5 28.6 33.4 38.3 36 30.5 29.8 32 38.5 43.4 42.2 37.2 21.4 27 27.5 32.2 36.2 40.2 44.3 47.9 52 56.2 61.8 68.5 76.9 82.7 88.6 89.3 84.8 82.2
5.4 5.5 5.5 4.1 5.2 5.4 5.5 4.8 4.9 5 5.3 5.3 5.4 5.4 5.5 5.5 5.4 5.6 -2.8 3.3 1.5 0.6 0.2 0.9 1.3 0.8 0.5 0.3 0.2 0.2 0.2 0.2 0.2 0.1 0.1 0 -0.4 -0.9 -1.4 -1.9 -2.4 -2.8 -2.8 -2.8 4 3.9 5.7 5.8 5.7 5.9 5.8 5.8 5.7 5.7 5.9 5.9 6.1 10.2 26.3 31.5 32.1 32.3 29.7 28.6 30.6 38.9 43.5 42.9 40.6 21.2 23.1 26.1 30.9 36.2 39.9 44.4 48 52.2 53.5 59.2 67 75.8 83.1 90.8 92.6 92.9 89.6
5.1 5.3 5.4 5.3 4.6 4.8 5.5 5.5 4.7 5 5.3 5.3 5.4 5.4 5.4 5.5 5.8 5.8 -2.8 2.5 0.6 -0.7 -0.8 -0.1 0.6 0.3 0 -0.2 -0.3 -0.3 -0.3 -0.3 -0.3 -0.3 -0.4 -0.4 -0.6 -1 -1.6 -2.1 -2.6 -2.8 -2.8 -2.8 4.4 5.5 5.8 5.8 5.7 5.8 5.8 5.7 5.6 5.7 5.8 6 6.3 8 23 32.5 29 27.1 27.7 29 32.1 40.6 44.1 42.6 43.4 21 18.6 19.3 23.3 30.4 35.2 40.9 44.8 47.5 49 52.8 59.8 70.9 81.5 89.9 93.4 96.4 97.6
5.2 5.2 5.3 5.3 4.6 5.5 5.6 5.5 4.8 5.1 5.3 5.3 5.4 5.4 5.5 5.8 5.9 -2.8 -2.8 1.8 -0.1 -2 -1.8 -1.1 -0.4 -0.2 -0.6 -0.7 -0.8 -0.8 -0.8 -0.8 -0.8 -0.8 -0.8 -0.9 -0.9 -1.2 -1.7 -2.3 -2.8 -2.8 -2.8 3.8 4 6 5.9 5.8 5.7 5.8 5.8 5.6 5.7 5.7 5.8 6 6.3 8.3 18.8 28.7 28.9 25.9 27.9 30.3 34.4 41.1 43.8 41.7 43.4 21.5 18.3 18.6 21.7 26 30 33.6 38.2 42.9 47.5 52 57.2 63 74 88.2 93.6 97.2 99.6
5.2 5.2 5.3 5.4 4.5 5.6 5.6 5.6 4.8 5 5.3 5.4 5.4 5.5 5.6 5.7 5.4 -2.8 2.9 1 -0.8 -2.5 -2.8 -2.1 -1.4 -0.8 -1.1 -1.3 -1.3 -1.3 -1.3 -1.3 -1.3 -1.3 -1.3 -1.3 -1.4 -1.5 -1.9 -2.4 -2.8 -2.8 -2.8 4 5.3 6 5.9 5.8 5.7 5.7 5.7 5.7 5.7 5.7 5.7 5.8 6.7 9.5 12.8 22.6 28.8 26.7 28.8 31.6 35.9 39.3 40.7 38.3 42.8 25.7 18.2 18.5 21.1 24.9 28.6 32.8 36.5 40.6 46.3 51.6 57.1 62.5 68.3 81.9 92.3 98.4 101
5.3 5.3 5.4 5.4 3.1 5.4 5.5 5.6 5 4.8 5.1 5.3 5.5 5.2 5.1 4.9 -2.8 -2.8 2.3 0.6 -1.1 -2.8 -2.8 -2.8 -2.3 -1.6 -1.6 -1.7 -1.8 -1.8 -1.8 -1.8 -1.8 -1.8 -1.8 -1.8 -1.8 -1.9 -2.1 -2.6 -2.8 -2.8 -2.8 4.5 5.9 5.9 5.8 5.8 5.7 5.7 5.7 5.7 5.6 5.6 5.3 6.1 7.7 9.6 11.7 18.7 26.6 29.9 24.2 32.2 35.6 36.6 36.6 35.7 39.9 22.2 17.3 17.9 20.7 24.4 28.2 32 35.6 40.1 44.6 50.2 57.2 62.7 67.6 76.1 92.8 98.2 102.7
5.6 5.4 5.1 5.5 4.1 5.1 5.3 5.5 5.1 4.5 4.9 5.2 5.2 4.9 4.3 5.1 -2.8 -2.8 1.9 0.3 -1.4 -2.8 -2.8 -2.8 -2.8 -2.6 -2.2 -2.2 -2.3 -2.3 -2.3 -2.3 -2.3 -2.3 -2.3 -2.3 -2.3 -2.3 -2.4 -2.8 -2.8 -2.8 4.2 5.8 5.8 5.8 5.7 5.7 5.7 5.6 5.6 5.5 5.4 5.6 6 6 7.9 9.9 12.5 15.7 23.1 32.2 27.9 30.2 34.8 34.8 34.4 33.3 36.4 21.1 17.1 17.9 21.2 24.9 28.6 32.3 36.2 40.6 45 50.3 56.2 62.1 67.3 74.6 91.4 97.7 102.3
9.2 9.2 6.3 5 4.7 3.4 4.7 4.9 4.2 3.8 4 4.4 4.8 4.7 4.2 5.2 -2.8 -2.8 -1.2 0 -1.7 -2.8 -2.8 -2.8 -2.8 -2.8 -2.8 -2.8 -2.7 -2.8 -2.8 -2.8 -2.8 -2.8 -2.8 -2.8 -2.8 -2.8 -2.8 -2.8 -2.8 4.1 5.2 5.7 5.7 5.7 5.6 5.6 5.6 5.6 5.7 5.6 5.6 5.8 6.2 6.7 7 7.8 13.5 15.4 17.5 31.2 32.9 25.1 32.4 32.3 31.5 30.7 33.3 19.5 17 18.4 21.8 25.5 29.3 32.8 36.3 41 45.5 50.2 55.4 61 66.4 72.6 89 95.8 100.5
5.6 5.7 5.7 5.6 5.5 5.6 7.2 9.2 7.5 5.2 4.5 3.6 3.8 4.2 4.1 4 -2.8 -2.8 -2.8 -2.5 -2 -2.8 -2.8 -2.8 -2.8 -2.8 -2.8 -2.8 -2.8 -2.8 -2.8 -2.8 -2.8 -2.8 -2.8 -2.8 -2.8 -2.8 -2.8 -2.8 4 4.3 5.8 5.7 5.6 5.6 5.6 5.5 5.6 5.6 5.7 5.7 5.8 5.8 5.5 5.9 8.1 6.4 11.6 16.2 14.5 24.3 34.1 25.5 30.3 30.1 28.4 28.5 29.8 20 16.9 19.5 22.8 26.3 29.6 33.1 36.7 40.9 45.5 49.9 54.9 60.2 66.1 72.2 84.7 94 100.1
5.7 5.9 5.8 5.7 5.6 5.7 5.8 5.7 5.7 5.2 5.4 5.5 5.5 8.9 9 7.1 -2.8 -2.8 -2.8 -2.8 -2.8 -2.8 -2.8 -2.8 -2.8 -2.8 -2.8 -2.8 -2.8 -2.8 -2.8 -2.8 -2.8 -2.8 -2.8 -2.8 -2.8 -2.8 -2.8 -2.8 4 4.4 5.6 5.7 5.6 5.6 5.6 5.5 5.5 5.6 5.7 6.6 6 5.7 5.1 5.4 7.7 8.3 10.8 15.7 16.7 20 32.4 28.2 26.5 26.4 23.6 26.2 27.7 21.9 18.5 19.5 22.5 26.1 29.6 32.8 36.6 40.4 45.4 49.9 54.6 59.6 64.8 71 80 92.6 102.4
5.3 5.6 5.4 5.3 5.2 4.9 4.6 5.4 4.2 3.9 3.7 3.6 3.5 3.5 1.4 -1 -2.8 -2.8 -2.8 -2.8 -2.8 -2.8 -2.8 -2.8 -2.8 -2.8 -2.8 -2.8 -2.8 -2.8 -2.8 -2.8 -2.8 -2.8 -2.8 -2.8 -2.8 -2.8 -2.8 2.1 4 4.7 5.6 5.6 5.7 5.6 5.6 5.5 5.4 5.5 6.3 6 5.7 5.4 5 5 5.4 8.8 9.8 14.9 17.1 20.6 29.5 29.7 18.8 21 21.2 24 27.1 21.5 19.2 19.2 22 25.9 29.2 32.5 36.1 39.6 44 49.1 54.2 58.9 63.7 69.9 76.9 88 101.2
4.5 4.3 4.1 3.9 3.7 3.6 3.6 3.5 3.4 3.3 3.1 3 2.8 2.7 1.9 -0.5 -2.8 -2.8 -2.8 -2.8 -2.8 -2.8 -2.8 -2.8 -2.8 3.9 -2.8 -2.8 -2.8 -2.8 -2.8 -2.8 -2.8 -2.8 -2.8 -2.8 -2.8 -2.8 0.2 3.1 3.8 4.8 5.7 5.6 5.7 5.6 5.6 5.4 5.4 5.5 5.6 5.7 5.4 5.1 4.9 5.1 5.4 7.4 11.7 15.4 17.5 18.3 27.5 30 16.8 18.6 20.4 23.3 25.9 20.7 19.6 20.6 22.1 25.3 28.1 31.6 35.4 38.5 42.2 47.7 53.3 58.1 63.4 69.4 74.3 87.3 99.4
3.7 3.6 3.5 3.4 3.3 3.2 3.1 3.1 2.9 2.8 2.6 2.4 2.2 2.1 1.9 -0.1 -2.5 -2.8 -2.8 -2.8 -2.8 -2.8 -2.8 -2.8 -2.8 0.3 3.2 4 5 -2.8 -2.8 -2.8 -2.8 -2.8 -2.8 -2.8 -2.8 -1.1 2.2 4.5 3.8 5.2 5.8 5.7 5.7 5.7 5.6 5.5 5.9 5.7 5.4 5.3 5 4.9 4.9 5 5.4 7 10.7 17.5 17.9 15.3 24.7 29.2 16.8 16.4 20.8 23.4 23.8 20.5 20.1 21.7 22.3 25.4 28.6 31.7 34.6 37.7 41.3 46.6 52.3 57.3 62.9 68.2 73.5 87.6 98.2
3.3 3.2 3 2.9 2.9 2.8 2.7 2.6 2.5 2.3 2 1.8 1.6 1.4 1.3 0.4 -2 -2.8 -2.8 -2.8 -2.8 -2.8 -2.8 -2.8 -2.8 -0.3 2.3 3.9 5.2 6.4 -2.8 -2.8 -2.8 3.2 -2.8 -2.8 -2.8 2.4 3.9 4.4 3.9 5.8 5.2 5.8 5.7 5.6 6.2 5.5 5.8 5.1 5.2 4.9 4.9 4.9 4.9 5 5.3 6.1 9.6 17 18.1 13.9 18.7 25.6 15.5 16 20.1 22.6 22 19.6 21.1 23 23.9 25.7 28.1 30.6 33.4 36.9 40.3 45.2 51.1 56.8 62.1 66.8 71.5 85.6 97
2.8 2.7 2.6 2.5 2.4 2.3 2.2 2.2 2 1.8 1.6 1.3 1 0.8 0.6 0.3 -1.5 -2.8 -2.8 -2.8 -2.8 -2.8 -2.8 -2.8 -2.8 -2.8 1.8 4 7.1 7.7 7.5 7.4 -2.8 -2.8 4.2 3.4 3.7 3.8 3.8 4.2 5.8 5.8 5.4 4.3 5.1 6.2 6.3 5.8 5.1 4.9 5 5 4.9 4.9 4.9 5 5.3 5.6 9.3 15.4 15.8 10.6 13.4 17.9 15 16.1 20.7 21.5 20.7 18.8 20 21.8 24.2 25.2 27.3 29.8 32.3 35.7 39.4 44.2 50.3 56 61 65.8 71.4 85.2 97.3
2.4 2.3 2.2 2.1 2 1.9 1.8 1.8 1.6 1.4 1.1 0.9 0.6 0.2 0 -0.2 -1.1 -2.8 -2.8 -2.8 -2.8 -2.8 -2.8 -2.8 -2.8 -2.8 3.2 9.6 13.5 13.3 11.6 9 7.3 -2.8 -2.8 -2.8 5.6 5.2 5.5 5.7 5.8 5.7 5.8 5.2 5.9 5.6 5.8 5 4.8 4.9 4.9 4.9 4.9 4.9 4.9 5 5.2 5.3 6.8 12.8 14.9 7.9 11.4 13.4 14.1 16.9 20.8 20.9 19.6 19.4 19.9 21.5 23.7 25.2 26.5 29 31.8 35.2 39.1 44 49.7 54.9 60.1 65.5 72.3 85.1 96.4
2 1.9 1.8 1.6 1.5 1.4 1.4 1.3 1.2 1 0.7 0.4 0.1 -0.2 -0.6 -0.8 -1.3 -2.8 -2.8 -2.8 -2.8 -2.8 -2.8 -2.8 -2.8 1.2 6.8 17.2 22.9 22.5 15.9 15.1 8.3 6.4 8.9 -2.8 7.3 7.1 6 5.1 5.6 6.2 5.3 5.3 5.5 5.2 5.1 4.6 4.8 4.8 4.8 4.9 4.9 4.9 4.9 5 4.9 4.8 5.5 9.2 10 8.7 16.1 13.3 13.9 17.2 20.1 20.7 19.3 20.2 21.1 22.4 25.1 26.4 26.6 28.9 32 35.1 39.1 43.8 49.3 53.7 58.9 65.1 73.4 85.4 94.4
1.6 1.5 1.3 1.2 1.1 1 0.9 0.9 0.8 0.6 0.3 0 -0.3 -0.6 -1 -1.4 -1.8 -2.8 -2.8 -2.8 -2.8 -2.8 -2.8 -2.8 -2.8 5.7 9.8 20 26.9 28.6 24.6 19.8 12.1 7.4 7.5 5.7 6.3 5 4.7 6.7 5.2 5.5 5.3 5 5.1 5 4.9 4.8 4.7 4.8 4.8 4.8 4.8 4.9 4.9 5.3 5.4 5.2 5.6 9 6.7 11.5 16.5 13.4 13.9 17.3 19.7 20.3 19.8 21.2 22.2 23.3 26 27.7 27.9 30 32.3 35.1 38.9 43.1 48.9 53.3 57.9 64.4 73.6 86.7 93.7
1.2 1.1 0.9 0.8 0.7 0.6 0.5 0.4 0.3 0.1 0 -0.4 -0.7 -1.1 -1.4 -1.9 -2.3 -2.8 -2.8 -2.8 -2.8 -2.8 -2.8 -2.8 -2.8 9.7 14.1 20 27.9 31.5 28.8 23 16.6 10.1 8.6 6.8 5.3 6.4 6.5 5.8 5.4 4.8 4.8 4.9 5 5 4.8 4.7 4.6 4.7 4.7 4.8 4.8 4.9 5.1 5.5 5.2 5.4 6.3 8.5 6.8 11.2 13.4 13 13.5 16.7 19.4 21.2 19.1 20.7 22 23.3 26 27.7 28.2 30 32.7 35.4 38.3 43.2 48.2 52.9 57.2 62.8 72.9 86.3 91.5
0.9 0.7 0.5 0.4 0.3 0.1 0 0 -0.1 -0.3 -0.5 -0.8 -1.1 -1.4 -1.9 -2.3 -2.8 -2.8 -2.8 -2.8 -2.8 -2.8 -2.8 3.5 8.2 12.3 16.3 23 29.8 31.4 30.8 27.4 22.2 16.5 10.1 5.7 9.1 5.2 5.2 4.8 4.6 4.6 4.7 4.8 4.9 4.9 4.8 4.6 4.5 4.5 4.6 4.7 4.8 5 4.9 5.2 5.5 5.9 8.6 7.1 6.6 13.6 10.6 12.2 13.7 16.7 19.8 21.4 18.9 19.7 21.3 23 25.3 26.8 27.8 29.6 32.2 35 38.1 42.7 47.7 52.6 57.1 61.9 70.1 83.9 88.3
0.5 0.3 0.1 0 -0.2 -0.3 -0.4 -0.5 -0.5 -0.7 -0.9 -1.1 -1.5 -1.9 -2.2 -2.8 -2.8 -2.8 -2.8 -2.8 -2.8 -2.8 6.4 9 11.3 15.4 16.8 20.6 26.5 30.4 32.1 31.5 29.5 24.9 15.9 7.8 6.7 5.2 5 4.9 4.3 4.4 4.5 4.7 4.8 4.8 4.7 4.7 4.3 4.4 4.5 4.6 5.4 5.5 4.9 5.1 5.8 7.6 9.6 7.5 8.1 12.1 10.9 11 13.8 17.4 21.1 20.7 18.3 19.3 21.3 22.9 24.8 26 27.6 29.3 31.5 34.4 37.7 42 47.1 51.8 56.5 60.4 66.7 79.8 83.8
0.2 -0.1 -0.3 -0.5 -0.6 -0.7 -0.8 -0.9 -1 -1.2 -1.3 -1.5 -1.8 -2.2 -2.8 -2.8 -2.8 -2.8 -2.8 6.6 7 9.7 12.6 15.8 19.6 21.7 22 24.3 25.4 27.6 33.3 34.3 34.1 31.1 23.7 12.5 6 9.1 4.9 4.8 4.7 4.6 4.5 4.5 4.6 4.7 4.6 4.7 4.2 4.3 4.5 4.7 5.6 6.1 5.5 6.2 7.9 8.5 8.7 8.1 11.4 11.5 11.6 13.7 13.2 17.1 21.7 19.7 18 19.5 22.2 23 25.1 25.9 26.2 27.9 30.2 32.5 35.8 40 45 49.9 54.6 58.8 61.8 67.7 76.4
-0.2 -0.4 -0.6 -0.8 -1 -1.1 -1.3 -1.4 -1.4 -1.6 -1.8 -2 -2.2 -2.8 -2.8 -2.8 -2.8 -2.8 7.6 10.9 13.7 17.2 20.8 24.7 26.6 27.6 29.7 31.5 30.6 29.9 31.5 35.1 36 34.3 27.8 17.9 9.2 5.7 4 4.8 4.8 4.8 4.8 4.7 4.6 4.6 4.6 4.8 4 4.4 4.6 4.8 5.1 6.9 5.7 7.4 8.1 9.3 7.6 10.6 11.9 10.4 14.3 17.5 18.3 13.5 17.1 18 17.2 20.2 23.2 22.2 24.5 25 24.8 26.8 28.9 31 34.2 38 43 47.8 52.3 55.7 58 58.4 68
-0.5 -0.8 -1 -1.2 -1.4 -1.6 -1.7 -1.8 -1.9 -2 -2.2 -2.4 -2.8 -2.8 -2.8 -2.8 -2.8 7.1 15.4 21 27.6 26.7 28.7 30 31.8 32.1 33.5 34.9 32.7 31.3 30.3 33.1 35.9 34.7 30.5 20.5 10.6 5.5 7 4.9 4.4 5.1 5 4.9 4.9 4.8 4.8 4.6 4.2 4.7 5 5.3 5.3 5.4 6.1 7.8 7.9 7.2 8.4 9 8.9 10.6 15.5 19.7 24.7 12.1 12.2 15.4 16.8 19.3 21.5 21.1 23.1 23.4 23.5 25.5 27.4 29.7 32.4 35 39.9 44.9 49.5 52.5 52.9 53.2 64.8
-0.8 -1.1 -1.3 -1.6 -1.8 -2 -2.1 -2.2 -2.3 -2.5 -2.6 -2.8 -2.8 -2.8 -2.8 -2.8 6.5 20.9 28.9 34.4 34.6 32.3 33 33.8 34.2 34.1 34.5 34.4 33 32.2 31.4 31.5 33.1 33.8 30.5 21.5 14.7 7.1 5 6.3 4.7 5.1 5 4.9 4.9 4.9 4.6 4.3 4.2 5 4.9 4.9 5.4 6.2 5.5 7.1 6.8 6.4 7.2 7.7 8.3 11.9 16.5 22.8 25.8 13.3 12.2 15.1 14.7 15 16.2 18.1 20.8 20.9 22 23.5 26.3 28.8 30.4 32.9 36.5 41.1 46 47.9 48.3 48.5 60.6
-1.2 -1.4 -1.7 -1.9 -2.2 -2.4 -2.5 -2.8 -2.8 -2.8 -2.8 -2.8 -2.8 -2.8 -2.8 7.3 26 32.6 36.5 37.8 36.4 36.4 36.1 35.9 35.8 35.5 35.6 35.9 36 35.3 34.9 33.2 32 33.1 30.6 23 18.2 10.9 6.2 5.1 5.1 5 4.8 4.8 4.8 4.8 4.8 4.7 4.2 5.1 5.5 5.3 6.2 6.1 5.4 5.6 5.9 7.3 7 7.2 9.1 13.3 16.4 24.2 22.7 13.9 16.2 17.7 16.7 15.9 14.4 15.1 18.3 18.8 19.9 21.7 24.3 27.1 28.4 30.8 34.2 38.6 42.3 44.2 44.5 46.8 57.9
-1.5 -1.7 -2 -2.2 -2.5 -2.8 -2.8 -2.8 -2.8 -2.8 -2.8 -2.8 -2.8 -2.8 10.3 26.5 35.4 37.3 38.2 37.9 38 37.1 36.9 37.9 37.3 37.7 37.7 39.6 40.5 39.8 37.2 34.8 32.6 34.6 31.8 23.9 20.4 15.4 8.2 5.9 6.8 4.8 4.8 4.7 4.7 4.7 4.7 4.6 4.3 4.9 6 7.2 6.6 5.2 5.3 6.3 6 10.8 7.3 7.2 11.3 13.9 17.5 24.4 16.9 14.1 16.3 16.6 16.4 17.4 14.2 13.2 14.2 14.4 16 17.7 22.3 24.2 25.9 27.6 31.2 35.1 38.6 40.4 42.2 47 56.4
-1.8 -2 -2.3 -2.8 -2.8 -2.8 -2.8 -2.8 -2.8 -2.8 -2.8 -2.8 4.2 11.1 25.2 33.5 36 36.1 36 36.8 36.9 36.5 37.5 38.8 44.1 45.8 50.4 46.3 45.4 42.8 39.9 38 36.8 37.4 33.7 26.8 24.8 17.7 12.2 8.1 8.7 6.1 5.3 4.8 4.6 4.7 4.6 4.5 4.3 4.6 5.7 6.8 5.7 5.2 5.3 6 6.3 8.8 6.7 9.9 10.4 12.6 19.4 19.3 20.2 14.2 13.2 13 12.8 13.6 14.3 12.4 12.4 12.9 14 14.7 18.2 20.1 21.7 24.2 28.7 33 35.8 37.8 41.6 46.9 52.4
-2.2 -2.4 -2.8 -2.8 -2.8 -2.8 -2.8 -2.8 -2.8 -2.8 4 6.4 10.3 24.3 32.4 33.4 33.7 34.3 34.7 34.3 34.5 39.4 45.4 51.4 54.6 56.3 58.3 59.3 49.8 46 44 42.1 40.9 42.2 37.2 32.2 29.8 21.5 15.2 11.4 9.5 8.2 5.5 5.1 4.7 4.6 4.5 4.3 3.9 4.9 5.9 5.2 5.3 5.6 5.6 7.4 5.4 7.1 6.7 8.8 11.3 16.7 19.7 20.1 14.6 13.5 12.7 11.9 11.7 11.5 11.6 11.7 11.8 11.8 12.8 13.5 13.3 14 15.8 20.2 26.4 30.9 34 37.9 42 45 47
-2.5 -2.8 -2.8 -2.8 -2.8 -2.8 -2.8 -2.8 3.6 8 11.5 14.5 17.6 26.2 28.7 28.7 29.9 30 30.8 34.7 43.3 50.2 54.5 57.6 60.1 62 64 63.6 61.9 50.2 46.8 45.5 44.6 45 41.9 37.3 30 21.9 16.8 13.2 9.6 9.4 6.2 5.2 4.8 4.5 4.6 4.6 4.6 5.8 5.3 6.4 5.7 5.4 7.2 7.9 4.9 5.3 5.9 6.5 12.8 14.8 19.7 20.1 12.8 12.9 11.2 10.8 11.7 11.7 11.5 11.7 12 12.5 11.8 11.9 12.1 12.2 12.8 16.1 23.2 27.9 30.8 35.3 39.9 43 44.1
-2.8 -2.8 -2.8 -2.8 -2.8 -2.8 7.2 10.4 13.5 17.7 28.3 30 26.2 27.8 29.9 29.9 30.3 31.3 35.7 42 49.9 56.3 57.9 60.5 63.2 65.8 68.2 69.4 67.5 60.3 50.4 48.5 48.3 48.5 46.3 39.9 32.2 22 15.7 13.7 10.2 9.6 8.2 5.8 4.8 4.6 5.2 5.4 6.1 5.2 4.8 6.4 6 6.8 5.9 6.7 4.9 4.9 5.4 7 11.2 13.9 19.5 13.4 12.7 12.9 11.1 10.6 11.2 11 11.1 11 11 12 12.5 12.4 12.4 12.5 13.7 16.4 21.3 22.9 29.2 33.1 34.5 38.1 41.3
-2.8 -2.8 -2.8 -2.8 4.5 12.2 15.3 25.9 34.5 35.7 34 27.7 31.1 32.5 32 31.7 32.7 36.4 42.4 50.2 54.3 59.7 62.9 64.8 67.8 70.9 73.6 74.5 74.3 67.8 57.6 53.6 52.4 51.3 48.3 41.9 32.8 24.1 17 14.2 12.4 8.4 6.6 7.4 7.2 5.1 6.6 9.3 10.8 8.9 4.2 5 6.9 7 5 4.6 4.4 4.6 4.9 6.7 10.9 13.3 13.7 11.1 12 12.6 12.2 11.4 11.9 12.2 11.5 11 11 11.5 12.1 12.6 12.9 12.9 16.3 19.2 21.2 21.4 28 29.4 27.6 30.9 33.3
-2.8 -2.8 -2.8 6.2 13.8 22.6 34.8 34.6 33.7 30 31.2 33.4 34 34.3 34.8 36.3 38.4 44.1 49.8 56.6 61.4 64.2 68.1 73.3 75.7 77 79 79.7 79.4 73.7 64.2 56.3 55.3 53.1 49.4 43.5 37.5 29.6 22.8 17.5 16.1 11.6 8.1 6.7 7.1 5.1 8.2 10.4 11.8 8.1 6.3 4.4 6 6.4 4.7 4.2 4.3 4.4 4.7 6.7 10.2 10.3 8.9 8.3 10 11 11.5 12.7 12.8 12.3 12.4 13.7 11.2 11.7 12.3 12.6 13 13 14.5 19.8 22.5 21.6 24.1 28.3 24.4 25.9 26.5
