WholeMapElevations/data/nt/nt16_OST50GRID_20230518/NT16.asc
ncols 200
nrows 200
xllcorner 310000
yllcorner 660000
cellsize 50
[rows 70 to 104 of 200, columns 0 to 77 of 200]
177.1 177.7 178.2 178.6 178.8 178.8 179.6 180.1 181 181.3 181.3 181.8 182.2 182.3 182.5 182.4 181.8 178.3 180.7 183.9 184.2 184.3 183.8 183.4 183.5 181.3 181.7 181.9 181.8 181.4 180.8 179.2 176.7 175.2 176.7 176.9 178.9 176.9 180.3 181.6 181.3 180.8 180.6 178.8 179.1 179.2 179.4 179.9 176.9 173.1 176.1 178.2 179.4 181.6 183.5 189 213.4 233.4 219 221.8 228.6 231.5 233.5 232.7 228.9 219.4 212.1 208.5 201.1 197.8 195.2 191.5 188.1 186.2 184.1 182.8 181.8 181.5
178.4 178.5 179.1 179.7 179.6 179.7 180.2 180.9 181.4 181.2 181.2 181.3 181.2 181.3 181 180.2 179.2 178.6 181.7 183 183.3 183.5 184.3 184.8 183.9 181.7 182.1 182.8 182.5 181.7 180.5 179.1 179.6 180.7 181 181.4 182.4 182.6 182.9 182.7 181.9 181.2 180.9 180.6 181 182.5 182.8 182.2 178.6 175 178.2 179.1 180.7 183.3 186.7 191.3 197.5 203 209 216.3 223.4 225.8 227.9 228.4 224.4 218.2 212.6 206.3 198.5 194.3 190.6 187.8 184.4 183.9 182.5 181.8 181.2 181
178.5 178.7 179.1 178.9 178.8 178.9 179 179 179.2 179.1 178.9 178.9 178.9 178.8 179.3 179.4 180.4 182.1 182.8 183.3 183.6 183.8 184.6 184.9 184.4 182.1 182.1 182.8 182.3 181.1 180.9 182.6 183.6 183.8 183.4 183.3 183.7 183.9 183 182.2 181.5 181.2 181.2 181.4 181.8 182 181.6 180.1 176.6 178.5 181.3 183.5 184.3 185.7 187 188.3 192.8 198.8 203.8 210.3 215.4 218 219.4 220.5 219.5 214.9 210.7 203.1 195.8 190.6 186.6 183.8 182.1 181.5 181.5 181.3 181.1 180.9
178.5 178.6 178.5 178.1 178.1 178.4 178.7 178.8 179.4 180.3 180.9 181.3 181.7 181.6 182.6 180.5 183.1 183.6 183.8 183.9 183.9 183.6 183.2 183.2 183.4 182.1 182.6 183.3 183 182.3 183.2 184.5 184.4 184.4 184 183.6 182.8 182.6 182.2 181.8 181.7 181.8 181.9 181.8 181.6 181.7 182.2 180.9 177.3 181.4 183.4 183.7 184.4 186.9 188.1 187.9 187 190.7 200.9 205.9 208.5 211.4 211.9 213.5 213.5 210.2 206.7 198.8 192.2 187.4 183.9 182.1 181.4 181.1 181.3 181.1 181.1 181.1
177.6 177.9 178 177.9 178.4 179 179.5 180.1 180.8 181.6 182.3 183 183.3 183.6 183.6 181 183.9 184.3 184.3 184 183.8 183.6 183.7 183.5 183 183.1 183.9 184.8 184.6 183.8 182.9 182.9 183.6 184.8 184.6 184.5 182.9 182.3 182.8 182.7 182.5 182.6 182.2 181.9 181.5 181.4 181.8 180.9 178.3 184.2 187.6 186.9 186.1 186.6 189.2 189.6 190 189.5 187.3 187.8 190.6 197.4 205.2 207.2 208.1 205.4 200.9 193.1 187.3 184.1 182.1 181.5 181.2 181.1 181.1 181 181 182
175.7 176.9 177.9 178.4 179.2 180.2 181.3 181.9 182.4 182.9 183.9 184.5 184.7 184.5 182.8 182.8 184.1 184.4 184.2 184.4 184.7 184.2 184.9 184.7 184.5 184.5 185.5 186.3 186.1 185.7 185.7 185.7 182.6 184 185.4 185.2 183.4 182.2 182.9 183 182.6 181.8 181.2 180.9 180.2 178.8 178.4 178.5 182.4 185.3 187 188.3 188.3 186.5 189.3 189.5 188.6 188 187.8 187.2 185.5 186.3 188.2 190.4 194.5 192.8 188 185.4 183.5 182.4 181.9 181.5 181.3 181.6 181.6 181.8 183.4 183.5
175.9 177.6 179 180 180.8 181.8 182.7 183.4 183.8 184.1 184.8 184.9 184.9 182.7 182.8 183.9 184.4 184.9 185.3 185.4 185.2 185.9 186 186.2 186 186.6 187.1 187.3 187.3 187.2 187 186.5 185.5 183.1 185.6 185 183.2 182.7 182.6 182.4 181.9 181.2 181.1 181.2 179.7 182.6 182.6 183.7 186.6 187.6 188.4 189.5 189.2 187 188.7 189.1 188.3 188.1 188.2 188 185.4 185 184.8 184.4 184.2 184 183.8 183.4 182.9 182.1 181.9 181.6 181.7 181.8 181.8 181.5 181.3 182.2
177 179.5 180.9 181.7 182.5 183.2 184 184.5 185 185.5 185.4 185.1 183.4 183 184.8 185 185.1 185.9 185.8 185.6 186.5 186.8 186.9 187.1 187.2 187.2 187.6 188.1 187.9 187.6 186.6 185.9 184.5 183.3 182.8 182.5 182.2 181.6 181.5 181.6 181.2 180.8 180.9 181 181.5 185 186.7 187.5 188.6 188.8 187.5 187.2 186.9 186.4 186.6 187 186.3 189.2 189.8 189.4 188.3 186.3 184.6 185.2 185 184.5 183.9 182.8 182.6 182.1 182.1 182.3 182.4 182.9 183.2 182.9 182.1 181.5
179 179.3 182.3 183.2 183.8 184.4 185.2 185.3 185.4 185 184.5 184.2 184.2 185.1 186 186.3 186.4 186.6 186.8 187.9 188.3 188.6 188.4 188 187.9 187.9 188.1 188.5 188.3 187.9 187.1 185.9 185.7 184.9 183 183.5 183.2 182 181.4 181.2 180.6 180.7 180.4 180 182.3 183.2 185.1 185.4 185.7 187.8 187.2 188.6 188.8 189.4 190 188.3 186.1 188 188.9 189 188.8 187.7 186.2 185.5 185.9 184.9 183.3 182.7 182.5 182.6 183 183.2 183.2 183.4 183.1 182.5 182.3 182.3
179.3 180.2 182.9 183.5 184 184.2 184.4 184.4 184 184.3 184.8 185.4 186.1 186.9 187.4 187.8 188.1 188.4 189.4 190.1 190.4 189.8 189.3 188.8 188.4 188.3 188.5 188.9 188.6 188 187.4 186.5 186.3 185.5 184.3 183.2 182.8 181.8 182.1 183.3 182.8 182.7 183.5 182.7 184.1 185.4 186.5 188.6 190.1 190.9 192.1 192.6 192.8 192.8 192.3 191.1 189.2 185.2 187.6 188.8 188.1 187.7 187.6 186.1 184.2 183.2 183.3 183.7 184 184.1 183.7 183.1 182.4 182.5 183.3 184.6 185.1 184.2
178 180.5 182 183.3 183.6 183.8 184.2 184.6 185 185.5 186.4 187.1 187.8 188.6 189.4 189.9 190.1 190.8 191.7 192 191.6 191 190.2 189.3 188.9 188.7 188.7 188.9 188.6 188 187.4 186.8 186.6 185.8 184.8 186.3 186.7 185.8 185.8 185.5 185.3 185.5 186.1 186.4 186.7 187.2 187.9 189 190.2 191.3 192.4 193.2 193.4 193.5 193.6 193.4 191.2 189.4 186.1 185.2 185.2 184.8 184.6 184.2 184.5 185.7 185.6 185.4 185.1 184.6 184.5 185.4 185.9 186.7 186.1 185.6 185.3 184.4
179.7 182.4 182.8 183.4 184.1 184.6 185.2 185.7 186.2 187.1 188 188.9 190.2 191.2 192.5 192.2 192.5 193.2 193.2 192.7 192.1 191.4 190.2 189.6 189.1 188.9 188.7 188.8 188.5 188 187.3 186.5 186 186.4 187.5 188.1 188.3 187.5 187.5 187.3 187.2 187.5 188 188.2 188.4 188.7 189 189.8 190.6 191.6 192.5 193.3 193.9 193.9 194.1 194.2 193.5 192.3 191.3 189.9 189.6 189 187.8 188.4 188.8 188 187.4 186.1 186.6 187.4 187.7 187.8 187.8 186.7 186.4 186 185.4 185.7
183.2 184.6 184.2 184.2 185.1 185.6 186.3 186.8 187.8 188.8 189.9 190.9 192.8 194.5 195.5 194.7 194.9 195.2 194.5 193 191.4 190.5 190.2 189.9 189.4 189.2 188.9 188.9 189.1 188.8 187.5 187.1 187.9 188.8 189.4 189.1 188.9 188.7 188.8 188.7 188.6 188.9 189.7 190 190.2 190.4 190.5 190.9 191.6 192.3 193.1 194 194.2 194.6 194.7 194.9 194.6 194.3 194.1 193.8 192.3 191.7 191 189 187.9 188.1 189.4 189 189.1 189 188.8 188.2 187 186.8 186.4 186.1 186.1 187.3
184.6 184.8 185.4 186 186.4 186.8 187.4 188.6 190 191.4 192.5 193.1 194.6 196.7 197.8 197 196.7 196.3 195.1 193.6 192.3 191.3 190.7 190.2 189.8 189.7 189.6 190 190.3 189.8 188.4 188.2 189.1 189.4 189.7 189.7 189.3 189.7 189.7 189.7 189.9 190.6 191.4 191.9 192 192 192.1 192.4 192.7 193.3 194 194.5 195.1 195.5 195.9 195.6 195.3 195.1 194.7 194.5 193.5 192.6 191.8 190.8 190.8 190.2 190.5 190.8 190 189.6 188.8 188 187.4 186.8 186.5 186.6 186.2 186.3
185.5 185.8 186.3 186.8 187.1 187.4 189.3 189.9 191.5 193 193.8 194.1 195.3 197 197.4 196.8 196.4 195.7 194.6 193.7 192.8 191.9 191.5 191 190.6 190.5 190.3 190.3 190.5 190 188.9 189.1 189.4 189.5 189.7 190.1 190.2 190.6 190.7 190.9 191.2 192.1 192.8 193.3 193.8 193.7 193.7 194 194.3 194.6 195 195.4 196 196.5 196.8 196.6 196.4 195.8 195.4 195 194.5 193.7 193.1 192.2 190.5 190.6 191 191.2 190 188.9 187.7 186.7 186.5 186.9 187.5 187.3 186.5 185.6
186.5 186.8 187.1 187.5 188.3 188.8 190.4 191.1 193 194.6 194.9 195.3 196.1 196.6 196.7 196.2 195.9 195.4 194.7 193.9 193.1 192.6 192.3 191.8 191.4 191.1 190.9 190.8 190.4 190.1 189.8 189.7 190.2 190.5 190.7 191.1 191.8 192.1 192.5 192.7 193 193.8 194.4 195 195.5 195.7 195.8 195.9 195.8 196.1 196.3 196.6 197.1 197.5 197.7 197.6 197.3 196.8 196.3 195.7 195.4 194.9 194.2 193.7 192.2 190.1 189.6 189.5 190.6 190.1 189.1 188.2 187.4 187.6 186.9 186.1 185.4 181.2
186.8 188 188.7 189.4 190.4 190.4 191.4 192.9 194 195.2 195.7 195.8 196.5 197 197.3 196.6 196.3 195.7 195.1 194.4 194 193.5 193 192.6 192.3 192.1 192 191.5 191.1 191.2 190.1 191.1 191.7 191.7 192.1 192.8 193.6 194.1 194.6 195.1 195.3 195.5 196.1 196.7 197.1 197.5 197.4 197.4 197.2 197.4 197.7 197.9 198.2 198.6 198.6 198.5 198.2 197.7 197.2 196.6 196.3 195.9 195.4 194.8 193.7 192 190.7 188.8 189 189.1 188.6 188.1 187.7 187 181.1 179.4 179.6 179.7
187.7 189.8 190.7 191.3 192 191.6 191.6 193 194.5 195.9 196.1 196.1 196.8 197.2 197.4 197 196.5 196 195.9 195.9 195.1 194.6 194.1 193.7 193.4 193.1 192.9 192.6 192.4 192.3 191.6 193.5 193.8 194 194.5 195.4 196.3 196.5 196.8 197.3 197.8 197.9 198.3 198.6 198.7 198.9 199 198.8 198.5 198.7 198.7 198.8 199.2 199.5 199.5 199.4 198.8 198.3 197.7 196.9 196.8 196.5 195.4 195 193.3 192.6 192.6 191 189.4 188.6 188.7 187.5 187.4 187.8 180.8 181.1 181 180.4
184.6 189.9 191.7 191.7 191.9 191.6 192.7 194.1 195.1 196.6 196.6 196.5 197 197.2 197.4 197.6 197.4 197.7 197.7 197.4 196.6 196 195.4 194.8 194.1 193.8 193.7 193.1 191.8 194.5 196.1 195.8 196.1 196.5 197 197.9 198.5 199 199.2 199.5 200 200.4 200.6 200.7 200.6 200.6 200.6 200.4 200.2 200 200.1 200.2 200.2 200.4 200.4 200.4 199.6 198.8 198.1 197.3 196.9 196.2 195.3 194.5 194 192.7 192.7 192 190.8 189.4 189.1 188 186.8 186 181 181.6 182.6 182.1
187 187.3 190.7 192 192.7 193.6 194.4 195.3 196.4 197.6 197.7 197 197.9 198.1 198.2 198.6 198.9 199.3 199.4 198.5 197.6 196.8 196.1 195.2 194.7 194.4 193.4 194.5 196.6 197.6 198.1 198.1 198.4 199 199.5 199.8 200.1 200.6 201.2 201.6 202 202.2 202.4 202.6 202.5 202.4 202.3 202.1 201.9 201.7 201.5 201.6 201.5 201.5 201.4 201.1 200.3 199.5 198.8 198.5 197.9 197 196 195.5 195.1 194.2 192.9 192.3 191.3 190.5 189 189.2 188.3 187.5 184.9 180 182.8 182.7
190.6 185.9 189.8 191.8 193.3 194.7 195.6 196.5 197.6 198.4 198.6 198.1 198.8 199.2 199.5 199.6 199.9 199.8 199 198.7 197.9 197.2 196 195.1 194.5 194.4 195.6 198.2 199.2 199.9 200.2 200.5 200.8 201.2 201.5 201.7 201.9 202 202.7 203.2 203.7 203.9 204.1 204.2 204.2 204.1 204 203.9 203.8 203.5 203.2 202.9 202.7 202.5 202.1 201.6 200.9 200.2 199.8 198.5 197.5 196.9 196.3 195.5 195.3 194.5 193 193 192.2 190.8 189.5 188.5 188.2 187.3 186.2 183.5 180.4 185.7
192.1 192.3 189.4 192.9 194.7 195.7 196.8 198.2 198.5 198.8 199.3 199.7 200.2 200.5 200.7 200.7 200.9 200.3 199.8 199.7 199 197.3 196.1 197.5 198.8 199.1 200.5 201.3 202 202.4 202.6 202.8 203.1 203.4 203.6 203.7 203.8 203.9 204.2 204.9 205.5 205.5 205.6 206.1 206 205.8 205.8 205.7 205.3 204.9 204.7 204.4 204 203.4 202.9 202.1 201.6 200.9 199.3 197.7 197.1 196.5 196.1 195.6 195.1 193.7 193 192.6 192.1 191 190 189 188.4 188.5 186.3 181.2 186 188.5
193.4 193.6 188.4 194.9 196.4 197.3 199.3 200.5 200 201.2 201.6 201.6 202 201.9 201.8 201.9 201.1 200.6 199.9 199.1 197.3 199.2 201.5 202.4 202.5 203 203.6 204.4 205.1 205.5 205.7 205.5 205.3 205.5 205.6 205.9 206 206.1 206.4 207.2 207.7 207.9 207.9 208 208.2 208 207.8 207.1 206.8 206.4 206.1 205.5 204.9 204.3 203.5 202.7 201.9 200.1 198.6 197.4 196.4 195.9 195.7 195.2 194.3 193.6 193 192.4 191.9 191.3 190.4 189.7 189.2 189.1 182.2 186 189.2 189.9
196.2 195.4 190 195.9 197.6 199.2 200.9 201.3 202.7 203.6 203.8 203.6 203.1 202.5 202.4 202.1 201.4 200.6 199.8 199.5 201.9 204.6 205.5 205.8 205.6 206.5 207.1 207.6 208.3 208.9 208.5 208.1 207.9 207.6 207.8 208.2 208.6 209.2 209.7 210 210.2 210.4 210.4 210.4 210.2 209.8 209.6 208.8 208.2 207.6 207 206.4 205.7 204.6 203.8 202.4 200.5 199.1 197.9 196.9 196.2 195.6 195.2 194.7 194 193.5 193 192.3 191.7 191.3 190.8 190.2 189.6 188.6 184.3 187.4 190 190.7
197.4 197.2 191.4 195.3 199.2 200.5 201.3 202.5 203.9 204.3 204.3 203.9 203.2 203.6 203.3 203 201.9 201 202.5 203.5 205.7 207.1 208.4 209.3 209.5 210.3 211.1 211.6 212.2 211.8 211.4 211.2 210.9 210.7 211.3 211.8 212 212 212.3 212.4 212.4 212.3 212.2 211.8 211.6 210.8 210.3 209.3 208.4 207.7 207.2 206.3 205.5 204.5 203.1 201.2 199.8 198.5 197.3 196.4 195.8 195.3 194.9 194.5 194 193.5 193.1 192.4 191.9 191.4 191.1 190.3 190 187.5 185.5 188.9 190.5 191.6
198.9 198.3 192 194.9 200.6 201.7 202.8 204.1 204.9 205.4 204.8 204.4 205.1 205.5 205.7 204.4 203.4 205.1 206.6 207.9 209.2 210.7 212.1 213.1 214.6 215.5 216 215.5 215.9 215.2 214.9 214.9 214.9 214.8 215.1 214.7 214.2 213.7 213.8 213.6 213.6 213.4 213.1 212.7 212.1 211 210.1 209.3 208.3 207.5 206.8 205.7 204.6 203.2 201.6 200.5 199.4 198.5 197.4 196.4 195.9 195.6 195.1 194.7 194 193.6 193.3 193.1 192.8 192 191.6 191.2 185 184.1 186.1 190.2 191.7 191.8
200.2 199.2 192.4 198 201.3 202.7 203.9 205.1 205.8 205.3 205.7 206.4 206.5 206.2 205.4 206.1 207.9 209.2 210.4 212.2 213.5 215.1 216.8 218.2 219.4 220.3 220.3 219.9 219.4 218.7 218.5 218.5 218.2 217.7 217.2 216.4 215.9 215.3 214.7 213.8 213.6 213.7 213.6 212.8 211.8 210.8 209.8 208.5 207.5 206.9 206.3 204.8 203.2 201.7 200.7 199.8 198.9 198 197.2 196.4 195.9 195 195.3 194.7 194 193.8 193.9 193.8 193.3 192.3 191.9 190 184.7 184 189 192 192.5 192.4
198.7 194.5 197.4 200.9 201.9 203.5 204.7 206 206.6 206.4 207.6 207.8 207.2 206.1 208.1 209.5 210.6 212 213.5 215.8 217.9 219.5 220.9 221.9 222.4 222.2 222 221.7 221.3 220.6 220.1 219.6 219.1 218.1 217.5 216.8 216.2 215.6 214.5 213.5 212.9 212.5 212.9 212.3 211.3 210.3 208.9 207.6 206.9 206.3 204.8 203 201.9 200.9 200.1 199.2 198.3 197.4 196.8 196.1 195.6 194 194.5 194.5 194 191.1 189.8 190.1 187.8 187.7 187.1 186.6 183.9 185.1 188.8 191.9 193.2 193.1
195.7 197.6 201.6 202.5 203.8 205 205.8 206.1 206.8 208.3 208.8 207.5 208.1 210.5 212.3 213.2 214.3 215.8 218.2 220.7 222.7 223.9 224.5 224.1 223.6 223.4 222.9 222.2 221.6 220.9 220.3 219.8 219.2 218.2 217.6 217.1 216.4 215.5 214.5 213.5 212.8 212.3 211.7 211.9 210.6 209.4 207.7 206.9 205.7 205 203.5 202.3 201.2 200.3 199.4 198.6 198 197.4 196.6 195 193.6 192.6 191.3 192.7 191.7 188.3 187.5 186.8 186.1 184.7 184.8 184.8 184.7 186.4 190.7 191.3 193.4 193.6
201.1 201.7 202.6 205 205.9 207 207.6 208.5 210 209.8 209.4 212 214 215.7 217 217.9 219.1 221.4 223.7 225.8 226.7 226.1 225.8 225.5 225 224.3 223.7 222.7 222.3 221.6 221 220.6 219.9 219.1 218.5 217.8 217 216 215.1 214.2 213.3 212.5 211.7 211.6 210.2 208.7 207.8 206.7 205.3 204.8 204 202.5 201.5 200.7 199.9 199.1 198.1 196.5 196.3 194.5 193.5 192.4 190.3 189.3 188.6 187.3 186.6 186.2 188 186.8 186.2 187.3 187.2 189.3 191.5 192.4 193.1 194.3
204.6 205.2 204.5 206.6 207.7 208.5 208.9 210.1 210.8 212.1 215.3 218.2 219 220.3 222.3 223.2 225.5 226.4 227.1 227.8 227.3 227 226.6 226.5 226.5 225.5 224.3 223.3 222.9 222.5 221.9 221.4 220.6 219.7 218.8 218 217.1 216.2 215.4 214.4 213.3 212.2 211.2 210.7 211.2 210.6 209.2 207.6 206.3 205.6 204.8 203.7 202.3 201.1 200.1 199.1 197.8 195.9 193.8 193.9 192.7 191.5 190.2 186.8 187.5 187.3 188.4 188.6 189.7 190.8 190.8 192 192.4 192.1 192.8 193.9 193.5 194.6
205.9 206.4 206.9 208.1 209.2 210.5 211 211.5 213.6 216.3 219.9 221.2 221.9 224.5 226.9 227.5 228.1 228.4 228.6 228.3 227.7 227.1 226.6 226.6 226.4 226 225 223.7 223.2 222.8 222.2 221.8 221.5 220.8 219.7 218.7 217.6 216.6 215.6 214.6 213.7 212.8 212.1 211.8 212.1 211 209.5 208.2 206.6 205.3 204.5 203.7 201.6 198.5 197.2 193.9 195.2 192.5 192.1 191.5 190.5 189 187.9 188.8 188.9 189.4 189.6 190.1 191.7 192.7 193.8 193.9 193.9 194 194 195.1 195.7 197.3
207.4 208.4 209.7 211.1 212.1 213.1 214 215.2 217.1 220.3 223.6 224.8 227 229.2 229.6 229.9 230.1 229.7 229.1 228.3 227.7 227.1 226.6 226 225.6 225.2 225 224.6 224 223.6 223.5 223.4 223.3 222.4 221.2 220 218.9 217.6 216.5 215.4 214.3 213.4 212.5 212 211.3 210.1 208.8 207.7 206.1 204.6 203.4 199.2 197.4 194.6 193.2 193 193.7 192.8 192.3 190.7 190.2 188.1 188.7 189.8 190.1 191.6 192.6 193.1 194 195 194.9 195.1 195.2 195.7 196 196.8 197 200
210.8 212.1 213.7 214.3 215.6 216.8 217.8 219.8 222.2 225.7 228.1 229.6 231 232.1 232 231.4 230.5 229.9 228.8 228.2 227.7 227 226.4 226.2 226.2 226 226.2 226.3 226.2 225.9 225.3 224.6 223.7 222.7 221.4 219.9 218.9 217.9 216.9 216 214.8 213.7 212.5 211.4 210.2 208.8 207.4 205.9 200.2 195 195.4 195 193.7 193.1 193.7 192.7 191.2 192.4 192.1 190.7 188.5 191.1 191.2 192.8 193.6 193.9 194.8 195.4 195.9 196.2 196.3 196.6 197.1 197.6 198.5 199 199.3 198.7
214.2 216 217.7 219.3 220.9 222.5 224.2 225.7 228 230.5 232.2 234 234.6 234.4 233.4 232 231 229.8 228.8 228.2 227.7 227.4 227.6 227.8 227.8 227.8 228 228.6 228.9 228.7 227.5 225.6 223.3 221 219.4 218.4 217.4 216.5 215.6 214.4 213.3 212.5 211.7 210.4 209.1 207.8 206.3 204 194.9 196.2 196.1 195.8 194.3 194.1 193.4 192.7 191 191.9 191.1 190.8 193.3 195.4 195.4 195.9 195.8 196.1 196.5 197 197.4 197.9 198.2 198.5 199.2 200.2 201.1 201.5 202.2 201.1
