WholeMapElevations/data/nn/nn25_OST50GRID_20230518/NN25.asc
ncols 200
nrows 200
xllcorner 220000
yllcorner 750000
cellsize 50
[rows 35 to 69 of 200, columns 0 to 77 of 200]
620.8 628.3 640.8 660 674.2 678.5 689.2 702.9 709.8 711 704.5 688.6 666.5 644.7 625.4 605.2 585 563.7 555.3 535.2 522.3 511.4 501.5 487.9 476.2 468.4 464.2 461.1 460.4 460.7 458.9 459.6 461.7 458.8 462.1 470.6 481.3 497.2 506.2 521.2 531.3 542.1 554.3 569.5 577.3 576 581.9 577.5 582.8 576.2 547.2 522.2 503.9 489.8 473.9 459.7 447.3 436.4 431.7 423.9 417.3 411.5 407.4 404.1 396.2 397 389 386.6 387.8 384 381.2 381 380.6 378.4 374.7 383.4 380 378.3
652.3 655.3 669.6 681.4 699.7 715.2 721 729.1 719.5 709.2 688 668.2 647.8 627.3 607.3 587.2 566.8 551.6 539.6 528.6 517 508.2 496.1 487.1 477.4 469.4 465 461.8 463.4 463.4 464.7 466.3 469.3 468.2 475 483.9 497.8 511.8 517.9 533.5 548.1 559.1 570.2 587.2 586.1 585.2 594.5 589.5 581.6 562.5 535.8 512.4 496.6 482.5 466.8 454.2 445.3 436.7 431.4 426 415.6 408.6 402.6 398.9 395.8 397.3 388.3 386.4 385.6 383.3 382.4 382.7 381.5 375.3 374.8 381.5 382.4 383.1
677.9 682.9 696.2 713.1 731.8 738.2 735.3 727.8 713.6 696.4 673.4 651.6 629.2 608.8 589.1 569.9 554.7 540.9 529.6 521.7 511.4 499.6 494.4 488 481.3 474.9 468.2 466 468.5 469 472.9 476.6 477.7 479.5 488.3 500.6 512.5 525.8 534 545.1 561.2 576 593.2 599.8 591.7 592.6 595 589.9 575.9 552.1 525.5 502.4 488 472.7 459.5 446.5 439.3 431.5 427.6 423.6 417 409.1 401.7 397.6 395 395 387.6 388 385.3 387.1 383.2 383 379.7 376 381.9 387.2 386.5 389.2
704 713.8 742.2 751.7 749.6 746.6 737.2 717.9 701.2 681.2 660.2 638.8 614.4 592.7 576.1 560.2 545.3 531.3 521.9 516 512.9 505.5 497.6 491.7 484.7 480.1 476.6 473.5 473.3 477.9 483.1 494.2 490.4 493.5 503.1 514.8 525.2 534.9 549.8 573.6 581.7 591.6 604.6 604.4 597.1 595.1 593.2 582.2 562.5 535.3 511 494.8 478.5 464.8 452.6 440.4 434.9 430.5 425.6 419.9 411.3 408.6 400.8 398.3 394.1 389.3 387.3 386.2 387.4 389.8 384.8 380.4 376 374.5 386.1 390.5 388.5 391.3
736.9 760.2 761.4 759.8 750.5 742.2 725.1 709.8 691.2 672.4 653 627.6 603.1 582 564.1 550 535.9 533.5 527.6 522 514.5 507.7 501.4 496.4 490.1 485.9 483.9 483.1 486.8 489.4 493.3 504 502.4 508.7 518.1 528.2 534.6 553.8 567.9 584.6 598.3 606.1 606.9 602.7 598.3 594.6 586.5 573.4 541.7 517.7 499.5 482.5 470.3 455.6 442.2 436.9 432.9 426.1 423 415.8 410.5 404.2 401.9 401.1 394.6 389.1 387.9 390.7 388.3 389.3 382.7 381.5 379.5 381.8 390.6 387.5 390.1 393
769.8 772.2 766.6 754.4 744.1 732.9 717.1 699.6 682.1 663.7 644.4 621.8 595.5 576.4 563.7 548.7 545.8 543.8 536.6 529.3 519.8 514.9 508.2 504 498.5 495.6 494.1 493.1 493.4 502.2 505.3 513.2 519.6 522.7 528.6 536.7 554.2 564 583 596.4 612.4 613.2 606.9 597.8 592.5 589.8 576.9 558.4 525.3 504.9 487 470.9 457.5 444.8 434.4 431.4 423 418.7 414.7 411 406.8 407.2 401.7 397.2 394.1 390.5 390.2 390.3 389.9 386.3 382.4 381.6 380 387.1 386.5 388.8 394.2 400.9
783.6 772.7 756.8 745.3 733.2 720 706.4 691.8 676.5 659.3 639.1 618.6 596.5 576.2 563.4 560.8 561.6 555.9 550.1 542.3 534.3 524.9 521.1 515.3 511 505.3 503.8 504 500.1 508.1 517 520.4 528.5 532.5 540.3 546.1 563.2 574.9 590.4 600.7 612.2 607.2 600.9 596.5 586.5 572.9 559.8 533.8 511.3 489.1 473.3 459.5 447.8 435.6 426.3 418.3 415.9 418.3 414.6 411 404.4 407.2 397.6 396.1 392.2 391.9 391.2 390.5 389.5 385.7 382.4 382.7 385.6 392.6 392.3 392.2 399.7 407.1
770.3 759.5 745.2 733.2 721.3 709.5 698.4 685 671.2 654.3 633.7 614.1 593.4 580.2 578.6 579.4 579.1 574.2 566.6 559.2 554.5 546.9 538.2 528.6 523.1 517.8 517.6 514.2 509.9 513.7 519.8 529.5 539.1 544.3 546.9 557 572 583 591.4 603.8 603.5 600.5 598.7 592.3 575.8 552 531.1 511.7 493.3 474.8 461.5 450.2 437.7 425.8 416.2 411.6 409.5 408.8 410.4 405.5 403 404 396.5 393.3 392.9 391.6 392.8 391.7 391.8 384.9 383.5 390.2 391.4 392.8 396.2 398.3 409.1 415.7
754.3 743.4 731.6 720.4 710.3 702.2 691.3 679.9 667.3 650.6 634.2 619.8 610.3 601.9 602.8 601.7 600.3 593.7 587.9 582.6 577.8 570.4 563.1 547.8 541.8 535.7 529.3 526.3 524.9 523 531.4 537.4 542.6 551.9 560.4 571.2 576.9 585 588.2 594 592.6 590.3 585.8 572 547.4 530.5 508.6 493.4 477.6 462.1 448.9 436 429 418.4 410.8 409.6 403.9 403.6 404.5 401.2 401.6 399.9 391.3 392 394.5 391.9 393.9 392.8 390.6 385 385.2 392.2 392.8 392.7 404.3 405.1 414.2 422.4
739.1 729 717.5 708.8 702.4 693.6 685.4 675.9 665.3 655.9 646.9 640.1 628 625.6 627.8 631.4 627.4 623.5 617 606.6 599.4 590.1 581.2 574.8 564 553.4 549.5 542.4 538.7 533.8 534.5 542.2 546.4 557.4 565.3 569 576.2 578.2 581.9 581.9 582.9 581.6 565.8 543 524.9 508.2 492 478.1 465.1 451.3 440.2 431.2 422.7 415.6 410.9 405.8 400.1 394 395.2 398.2 399.6 394.4 388.8 391.8 391.4 392.4 392.7 392.3 393.6 389 388.1 391.5 394.9 397.3 411.1 411.5 421.6 429.8
724.8 714.4 705 697.9 690.6 685.2 680.9 675 670.3 664.4 659.1 653.8 651.7 654.1 659.5 662.5 658.7 652.3 650.6 639.7 623.7 606.8 594.8 585 578.3 566.7 560.2 552.3 548.7 544.3 543.3 543.2 552.7 564.8 565.7 567.3 568.5 570 575.2 568.9 568.4 555.9 537.7 523.2 507.4 490 475.7 465.1 453.6 442 431.6 423.1 414.1 409.5 407.6 407.4 399.4 390.3 390.6 397 395.9 390.6 385.9 390.1 391.9 392.7 394.5 394.1 393.8 391.5 393.8 395.9 399.7 406.5 415.5 418.6 429.4 436.5
713.5 703.2 694.7 688.8 684.5 678.9 676.3 673.1 672.6 673.3 669.8 668 670.5 675.6 681.2 683.6 678.7 675.4 669.1 659.5 649.5 637.8 628.6 605.2 589.8 584 577.9 561.1 552.4 550.1 544.9 546.4 552.4 560.9 559.4 559.2 559 560.1 560.4 548.6 542.9 527.6 514.3 503.4 488.3 474.1 463.7 454.1 442.3 432.4 423.4 416.3 411.2 407.1 404.8 401.9 394.9 387.9 390.4 391.7 389.4 387 384.4 385.6 394.1 393.3 394.7 395 395.1 397.4 398.7 402 404.5 414 420.8 425.3 435.1 443.9
699.5 691.4 685.9 680.7 677.9 675.4 673.5 672.1 669.7 670.3 673.6 678.3 682.7 686.4 691.3 698.8 692.5 686 679.6 667.7 653.6 642.1 631.6 622.1 603.4 589.9 582.6 571.5 561.7 554.5 552.5 547.8 552.8 553.6 549.9 548.6 545.9 540.2 534.8 524.6 516.7 505.5 494 484.4 472.7 460.5 451 441.2 433.1 427 417.5 411.4 408.5 403 402 402.6 393.2 392.4 386.7 386.7 384.7 382.2 382.6 389.7 394.3 393.6 394.8 397.9 398.3 400.4 404.2 409.1 413.5 417.4 423.9 434.1 442 450.8
688.6 680.9 678.1 673.7 671.3 668.7 669.7 666.8 666.8 668.7 673.2 681.6 687.8 692.4 695.4 700.4 702.4 689.8 672.6 662.6 650.3 638.4 628.4 618 608.9 600.7 586 576.3 567.9 560 553.3 548.2 545.2 543.7 539.2 535.5 527.6 517.5 509.8 504.1 492.4 486.7 479 468 459.5 448.7 440 431.3 425.8 419.5 411.7 408.1 403.7 400.6 398.7 398.7 390.9 388.5 385 381.1 382.3 380.8 383.6 392.9 394.8 395.9 402.5 401.6 403 405.6 410.4 415.7 421.7 423.2 433.8 443.1 451.6 464.9
681.3 675.3 672.7 669.4 666 661.1 656.4 657.8 658.3 661.8 664.8 668.7 677.9 689.6 700.3 699.5 700.2 683.3 666.7 653.6 642.7 634.6 625.2 614.6 606.7 598.2 590.2 576.3 566 559.4 549.4 541.6 533.6 527.4 523.6 519.8 511.9 497.3 491.2 485.3 479.7 471.4 462.9 456.2 450.3 442.1 433.1 424.8 417.9 414.9 412 405.4 401 398.4 395.3 394.7 386.9 385.7 381.7 380.2 380.7 381.8 388.9 394.7 398.8 400.2 404.7 405.9 407 413.2 420.4 424.4 431.3 433.2 441.7 456.3 466.4 482.6
679.8 671.3 666.7 660.6 651.1 650.9 641.1 643.8 644.9 645.1 648.8 656.2 664.9 671.1 683.6 701.3 695.9 685.4 662.2 645.1 632.9 623.9 619.2 612.3 604 594.7 585.2 572.8 560.4 551 544.5 536.1 525.4 513.1 505.7 497.2 492.4 484.2 477.6 472.2 468.5 460.4 453.1 448 442.5 433.3 425.4 419.9 412.6 410.9 407 402.6 399.2 396.8 394.5 389.1 384.9 382.3 379.2 379.2 382 384.5 390.8 396.5 399.3 404.7 409.2 412.3 416.1 420.5 427.2 435 440.7 445.2 459.3 470.4 480.8 497.9
674.4 663.9 656.8 648.6 637.2 629.3 621.2 625.9 623.6 627.5 630.5 638.9 645.7 652.1 660.7 674.1 690.7 676.1 655.3 637.2 623.2 613.9 609.8 603.2 599.1 591 580.3 568.5 553.6 539.3 530 525.9 513.1 499.3 488 479.6 474 469.5 466.1 460.8 456.8 450.6 445.3 440.3 432.6 427.1 420.1 412.7 408.4 407.2 405.4 400.2 396.5 395.5 391.9 390 382.6 381.3 378.4 379.1 382 386.4 393.3 400.7 405.6 411.5 413.7 415.9 423 430 437.4 443.6 452.9 460.7 473.3 483.4 498.9 513.5
652.8 648.8 641.4 625.3 616.5 609.5 603.5 602.7 601.2 607.5 611.8 617.9 624.8 632 638 647.7 655.2 664.6 638.4 625.5 613.6 604.7 600.1 595 589 581.3 569.7 556.8 544.8 530.9 515.5 507.3 497.5 485.9 473.4 467.3 460.2 456.3 453.3 449.4 444.9 442 438 431.8 426.9 420.8 413.9 408.7 405.8 405.8 399.8 395.6 394 394.4 389.4 385.6 380.8 379.9 378.5 380.4 384.9 391.1 398.8 404.7 412.3 416 418.5 430.4 434.8 442.1 449.3 457.8 463.5 474.8 489.9 505.3 517.8 535.3
636.3 628.2 615.5 593.8 598 591.3 579.2 580.8 583.7 589.6 591.2 601.4 604 610.7 613.6 623 624.2 626.6 622.9 609.3 601.8 594.4 590.4 584.6 579.2 569.7 556.4 544.1 530.4 516.3 504.1 490.7 485 473.3 462.7 453.9 450.3 445.7 441.8 439.6 435.7 432.3 429.3 423.8 419.5 414.3 409.1 404.2 402.4 401.9 395.8 392.8 391.4 389.7 384.8 385.9 381 378.4 379.8 382.2 389.4 397.6 404.1 413.8 417.9 421.3 433 443.7 446.5 454.7 461.1 470.5 477.9 488.3 503.3 522.9 542.5 559
609.9 601.3 589.6 581 577.7 568.8 564.4 560.1 562 567.9 572 574.3 581.1 587.5 593.3 600 604.1 604.6 601.1 595 586.6 582.9 579.2 573.9 567.6 557.9 543.7 531 516.9 503.2 488.8 477.3 468.2 460.2 452.1 444.8 439 434.6 432.1 429.7 425 423 419.8 415 410.7 407.6 403 399.8 398.9 398.3 392.6 389.2 386.2 383.6 382.5 386.7 379.4 379.8 382.7 386.4 393.2 401.9 405.9 413.1 422 432.9 445.6 455.3 459.7 466.2 475.1 483.5 495.3 505.5 517.7 539.2 568 585.2
578.5 572.7 569.5 558 554.5 543.9 539.5 539.5 543.6 544 550.9 555.1 563.9 566.2 573.3 579.8 586 586.3 584.4 578.4 573.9 572.3 567.3 561.7 556 544.3 532.1 520.2 507.4 496.1 478.5 465.6 453.8 445.9 439.6 432.8 427 421.8 419.6 418.2 416.6 413.2 409.7 406 403 400 398.3 395.6 397 390.9 387.2 384.8 382 379.6 380.9 382.1 379 382.5 386.6 392.3 399.1 408.5 414 421.9 433 449.2 456.5 464.6 470.8 480.9 490.3 500.6 511.7 524.4 539 554.2 581 607.1
542.8 553.7 545.9 536.9 534 527.6 517.5 523.1 525.3 529.3 531 536.4 539.5 546.4 556.8 562.2 567.7 567.5 567.9 567.1 565.4 564.3 555.8 551.2 542.5 532.8 521.9 508.7 497.4 487.3 473.2 456.1 442.5 431.8 427.1 421.9 416.9 412.4 409.7 408 406.6 403.2 401 398.8 396.2 394.2 393.2 392.2 389.2 384.2 382.6 378.8 375.6 378.5 380.6 379.8 377.4 385 388.3 393.4 405.9 410.6 418.6 434.1 448.7 458 463.8 478.2 482.7 497.2 505.5 520.6 528.4 542.5 562.5 583.2 600.2 616.1
518.2 527.7 520.6 518.4 513 506.7 499.7 505.2 511 511.9 512.1 515.1 522 531 537.9 542.5 548.7 553.9 556.8 559.9 563.4 555.6 547.8 540.8 533.8 521.8 510.5 496.7 482.7 469.2 458.3 446.7 433.9 423.7 418.7 412.6 407.5 402.6 400 397.1 396.7 396.2 393.9 391.2 389.9 388.4 387.2 381.1 382.8 379.7 375.9 372.2 372.4 376.5 375.3 374.4 380 385.2 393.2 398.7 406.5 416.4 427.7 441.5 458.6 470.4 485.2 490.1 499.5 513.6 526.4 535.8 546.3 564.3 587.3 614.4 632.5 645.3
497.8 494.6 493.4 495.5 490.1 489.6 483.6 484.1 488.4 491 492.1 498.8 508.8 520.4 521.1 532.2 539.1 541.9 544.4 541.1 541.8 544.9 543.8 536 524.5 513.9 504.2 495.2 477 458.9 444.2 433.2 422.7 416.7 409.1 405.4 400.6 394.3 389.4 388.5 388.6 388.7 387.6 383.4 384 380.6 374.5 374.6 376.5 373.6 370.7 368.2 371 373.8 372.3 379.9 381 388.5 395.5 403.3 414.1 425 435 453 469 484.1 502.2 506.4 517.2 531.2 544.5 555.8 568 590.3 614.6 642.6 665.1 677.7
472.3 468.5 472.4 468.4 468.5 472.3 474.2 466.9 472.2 474.2 474 486.4 494.8 503.6 509.2 514.4 518.3 529.2 532.6 530.5 532.6 536.9 544.3 541 532.1 517.7 498.6 489.9 468.3 452.7 436.8 422.9 416.1 411.4 406.2 395.3 388.1 385.7 383.3 383.6 384.1 384.6 380 377.9 378.7 373.4 366.8 365.1 372.7 369.3 366.1 366.3 368.7 370.9 369.5 377.5 379.1 388 401.5 411.9 420 434.5 445.4 462.4 483.9 496.9 512.1 524.6 536.9 548.6 563.2 576.8 591.9 617 652.5 673.9 692.5 708.3
447.2 442.7 445.6 441.9 451.8 455.1 458 454.5 457.1 458.9 466.8 472.9 478.6 486.6 493.9 495.9 507.9 514.5 516.9 517 522.7 536.3 538.3 533.9 527.6 507.9 486.7 471.6 458.9 439.7 427 417.5 409.9 403.7 400.8 390.2 382.3 378.1 377.7 376.5 376.1 373.3 373.9 373.7 375.8 369.3 361 359.1 363.6 364.6 362.8 362.2 363.3 370.9 372.8 375.1 383.8 395.9 407 418.6 435.6 444.6 456.6 471.3 496.1 511.8 526 540.8 556.1 569.9 584 599.4 616 651.1 680.6 697.1 712.2 724.5
422 418 423.5 421.5 425.7 431.7 443.1 440 443.3 449.4 454.1 458.9 465.4 472.4 477.7 482.6 495.2 498.3 502.9 505.7 506.9 517.7 511.1 506.8 505.7 484.5 466.7 454 443.4 431.3 421 410.1 402.4 397.9 390.8 383.2 378.7 374.6 370.4 369.1 366.4 366.7 367.2 368.1 365.6 364.2 359 352.7 356.6 363.2 360.9 355.5 368.3 371.2 376 380.6 391.7 401.5 414.3 427.7 446.3 457.6 466.8 482.9 508.2 521.8 542.3 557.7 575.2 591.4 607.3 621.8 649.5 676.5 692.9 708 724.1 734.8
395.1 398.7 404.7 402.6 401.3 409.9 417.7 428.9 434.3 434.4 437.6 449.7 451.4 456.6 462.2 469.8 473.4 481.8 485.3 486.3 488.5 497 488.1 483.5 483.4 465.7 451 440 431.4 424.6 412.6 404.1 394.8 390.7 385 377.4 373.9 370.2 363.8 364.7 361.2 361.4 361.8 362.2 359 356.8 351.2 349.8 348.4 355.1 353 363.9 369.8 375.5 379.3 383.4 392.6 405.3 419 436.9 460.7 471.8 483.2 500.3 520.3 537.2 555.5 577 595.1 611.9 624.5 644 670 688 700.9 714.9 727 739.9
376.4 383.7 386.6 385.7 387 389.7 395.5 406.9 413.8 424.6 427.3 433.9 434.7 437.3 447.2 454.5 458.4 462.2 464.2 472.7 479.1 469.6 464.9 456.8 458.6 448.8 434.9 428.3 419 415.2 410 397.4 388.8 384.2 380.1 372.4 367.4 366.7 361.2 358.2 357.7 355.4 355.8 357.2 353.5 353 344.6 341.2 340.8 349.7 356.9 365.9 377.6 380.6 387 390.5 401.4 419 426.9 442.2 467.7 486.3 504 518.4 535.1 551.3 570.7 593.1 610.5 627.7 645.5 662.6 678.2 693.1 704.3 715.9 730.2 742.6
361.3 366.3 368.6 371.1 372.1 376.5 383.3 389.2 396.7 407.5 416.5 418.5 421.8 427.3 434.2 439.2 437.6 440.9 448.2 456.2 459 450.2 444 441.6 438.7 431.5 421 412.7 409.2 404.9 406 394.4 384 379.4 374.2 365.8 362.1 360.2 355.9 350.9 351.2 350.2 351.7 347.9 344.2 340.7 335.9 337.3 344.7 352.6 358.6 369.3 374.3 382.4 395.9 403.5 415.9 428.4 439.6 456.3 480.3 497 519.5 539 553.7 566.6 584.7 605.3 625.8 646.3 663.4 667.7 678.5 693.4 704.6 719.9 731.5 743
348.5 350.2 359.3 361.3 361.2 366.3 373.7 378.8 384.2 388.8 401.5 408 407.7 412.1 415.5 417.7 421 429 433.9 441.7 438.3 435 429.5 424.7 417.6 414 408.4 398.6 394.8 397 397.5 390.1 380.5 374.2 368.5 364.2 354.5 353.1 352.3 347.9 347.5 348.2 345.3 343.2 335 331.8 329.7 338.3 346 354.1 362 364.3 378.6 391.2 403.7 414.8 425.6 442.7 454.5 470.4 493.5 516.4 532.3 558.6 579.5 593.7 603.9 624.2 641 660 668.1 668.2 677.9 691.3 702.7 713.2 728.8 735.2
337.7 336.7 344.3 350 350.3 356.2 364.5 367.9 376.3 382.3 392 395.3 396 403.4 403.2 403.9 410.7 415 418 424.8 423 422.7 418.3 409.3 403.7 401 395.8 392.7 388 383.8 382.7 380.5 373.6 368 364.3 361.4 354.4 347.2 343.2 338.4 342.2 341.5 338.6 333 327.5 323.8 329.4 334.8 338.9 346.7 356.4 372 388.2 399.3 416.6 419.3 430.6 455.6 474.8 491.6 513.6 536.5 554.7 570.4 597.4 613.7 631.4 642.1 650.8 659.9 665.6 665.6 675.6 683.7 696.9 707 716.9 729.1
327 326.8 329.9 341.1 342.6 345.3 353.6 357.6 366.4 377 380.8 379.6 384.6 389.3 395.7 397.8 403.4 403 411.8 411.2 409.3 408.3 403 396.6 391.9 391.2 386.9 384.4 386.3 378.8 371.7 367.9 364.1 360.9 359.8 359.2 350.9 343.4 338.2 334.2 332.8 334.9 329.9 324.8 320.1 323.3 326.2 328.8 339.5 353.5 365.4 380.2 398 417.4 429 439.4 454.3 475.3 494.8 514.4 533.8 554.3 571.9 591.4 602.5 622.2 638.2 641.2 645.4 654 658.9 662.3 663.3 675.6 689.3 699.8 707.4 717
321.9 319.9 324.9 327.9 331 331.9 337.1 344.7 353.3 362 363.1 367.7 373.4 379.1 385.5 385.3 386.5 391.1 392.5 394.5 392.5 390 387.7 387.4 383.7 379.1 378.8 378.4 378.9 374.7 363.7 360.3 357.8 356.2 354 347.9 345.2 338.4 335.8 330.4 325.2 325.2 324.9 314.2 318.9 321 327.7 334.3 348.5 362.4 376.7 392.8 415.3 428 443.9 457.8 474.6 509 522.9 536.8 554 567.5 585 601.8 613.4 625 628.2 635 640.1 648 650 653.7 656.5 668 678.9 692.3 700.7 707.6
313.6 315.8 317.8 320 320 326.6 329.2 334.2 337.3 341.3 350.2 355.2 362.8 369 381.5 376.4 374.4 376.7 377.7 381.1 376.2 374.7 377.6 376.1 372 370.6 372.4 372.9 374.5 364.5 359 356.3 352.5 350.1 345.4 341.5 340 333.1 332.8 329.4 321.6 317.4 314.9 308.8 314.3 319.7 327.6 341.5 352.6 369.8 387.4 406.2 427 446 452.2 473.5 495.7 519 532.4 551.8 559.7 577.7 593.2 610.3 625.3 636.8 627.1 632.1 636.7 634.7 642 647.4 652.3 653.8 668.3 677.8 689.8 695.4
