UK/data/nc/nc02_OST50GRID_20230518/NC02.asc
ncols 200
nrows 200
xllcorner 200000
yllcorner 920000
cellsize 50
[rows 38 to 75 of 200, columns 86 to 171 of 200]
15.2 16.1 26.1 28.6 31.6 29.5 27.6 33 30.9 30.7 33.5 46.2 48.3 48 47.4 47.3 47 48.7 46.9 46.7 48.9 47.6 48.8 48.7 48.4 48.9 55.2 69.6 76.4 78.8 83.7 88.3 96.7 107.4 107.4 102 106.8 113.9 111.6 101.6 91.9 84.9 77.2 81.9 82.6 86.1 94.2 101.1 125.8 139.8 143.3 142.8 140.4 137 132.8 131.2 133.2 135.2 128.1 122.2 123.4 126.1 130.6 122.6 119.9 120 120.1 120.4 124.6 129.2 124.1 121.5 122.6 124.6 124.8 123.1 124.6 124.9 123.6 123.6 129.9 133.3 133.2 134.7 131.1 123.1
15.9 20.7 26.5 32.2 29.7 26.2 34.4 38.3 38 40.4 47.7 48 47.3 46.2 46.2 46.2 46.2 46.2 46.2 46.2 46.2 46.2 46.9 46.2 46.2 46.1 60.9 70.1 78.7 94.1 101.5 108.2 115.4 118.2 129.9 126.4 117 106.8 98 94.3 81.5 78.5 76.6 75.5 89.5 91.9 94.2 133.3 151.3 161 164.3 158.3 151.4 146.4 143 140.3 133.8 128.1 126.3 126.5 125.6 121.8 123.7 118.9 119.1 119.3 124.7 127.9 126.7 122.5 121.6 121.6 121.6 121.6 123.3 121.6 136.2 135.2 128.9 132.8 135.4 137.2 136.5 134.1 132.8 119.5
22.3 19.7 19.8 26.1 25.4 26.4 35.4 37.1 36.8 46 47.6 46.2 47.1 47.1 46.2 46.2 46.2 46.2 46.2 46.2 46.1 46.2 46.2 46.2 46.2 65 83.6 90.9 96 97.7 105.3 111.3 123.3 135.3 132.8 122 108.4 95.7 89.9 84.6 77.3 69.7 69.6 74.7 84.2 87.2 113.5 163.7 174.3 173.4 169.2 159.7 155.5 155.4 155.6 152 141 133.7 125.2 123.8 121.7 120.9 119.6 119.3 119.5 127.7 130.4 131.2 128.4 127.4 123.1 121.6 121.6 130.2 121.6 126.7 123.7 125.1 143.4 156.5 152.7 143.4 142.5 138.1 121.7 116.9
23.8 28.3 24.3 34.8 32.7 35.6 35.3 36.9 45.8 54 58.1 53.7 51.2 51 47.8 48.2 46.2 46.2 46.2 46.2 46.2 46.2 46.2 46.2 46.2 61.3 72.5 80.7 87.9 93.4 101.5 118 124.7 120.4 116 113.7 101.3 93.1 87 76.9 72.2 68.2 68.3 70.4 73.7 86 139.2 154.2 161.4 161.3 160.1 159.2 158.9 158.5 156.8 154.5 149.3 134.7 123 122 121.2 121.9 122 119.8 128.1 138.1 138.1 136.5 135 133.9 134.6 129.5 129.2 128.2 125.3 121.6 121.6 121.6 136.3 151 159.7 162.8 153.4 142.2 124.8 118.1
21.2 19.8 41.6 38.4 38.3 38 51.5 57.5 65.4 68.8 65.3 60.2 52.7 58.6 64.7 58 53.1 56 48.6 46.3 46.2 46.2 46.2 50.4 75.1 76.6 75.7 83.9 91.8 95.4 100.1 105.9 107.5 104.4 112.6 106 94.6 83.8 78.7 73.2 68.7 67.6 67.9 69.7 72.3 85.2 132.2 147.3 155.9 157.8 162.7 161.2 162.1 156.3 155.5 152.4 138.8 123.4 121.7 121.8 122.2 124.7 123.7 125.9 134.8 140.1 145.2 142.2 143.4 135.8 130.6 128.6 127.8 129.7 141.6 133.2 124.9 125.8 124.6 137.5 164.9 174.5 156.4 140.6 128.8 119.8
12.7 27.1 48.1 47.7 50.8 65.5 67.8 64.7 64.1 70.2 68.5 59.9 58.4 67.7 65.7 60.8 60 59.4 57.6 60.2 58.9 56.4 56.7 76.6 83.2 86.8 85.1 87.4 92.2 91 96.3 91.7 92.5 93.9 100.3 89.5 85.1 81 75.6 70.4 67.9 67.4 71.7 70.1 72.3 97.5 122.6 137.9 143.8 157.1 161.6 168.4 165.2 159.5 157.3 142.4 128.1 122.5 122.9 127.8 126.8 126.3 125.8 135.8 138.5 143.8 146.3 146.2 146.3 143.6 148.4 152.6 150.1 146 154.1 154.5 148.3 134.1 132.6 141.9 160.1 163.2 147.4 135.4 126.7 130.9
15.3 32 41.4 49 61.6 73 77.1 74.4 69.3 66.4 65.4 65.1 69.4 70.2 81.6 68.7 69.1 67.5 62.2 60 62.2 75.4 78.7 88.1 94.8 92 91.4 91.1 88.6 85.4 84.5 82.1 74.9 80.2 78.3 77.2 76 69.8 72.4 67 69.8 68.4 71.6 71.2 72.2 95.9 123.3 137.8 153.8 156.6 166.2 170.7 165.7 155.7 152.5 145.6 133.8 134.1 128.5 130.2 127.8 123 128.1 140.3 146.3 145.1 145 145.3 143.6 153.5 167.4 170 164.2 164.7 164.8 167.9 165.1 158.3 151.9 150.8 151.8 156.7 148.1 134.5 134.5 142.4
20.4 24.4 36.2 45.5 64.4 71.2 74.8 72.8 73.8 69.3 73.6 80.6 77 79.3 76.2 72.5 73.6 68.5 67.2 65.1 80.5 85.5 87.9 89.4 88 87.9 88.5 92.2 89.7 82.6 77.4 70.1 64 65.1 66.2 75 62.1 64.8 66.5 71.2 68.7 70.8 75.4 73.2 78.3 100.9 133.7 147.3 152.1 158.1 160.8 161.4 156.7 155.7 154.7 150.3 143.7 151.2 147.7 143 132.4 128.5 136.1 144.2 148.2 143.6 143.6 143.6 165.7 176.7 177.2 171.9 168.5 172.2 173 169.5 167.6 165.8 162.2 164.4 157.3 149.3 139.5 139 139.1 136
19.7 26.7 32.5 39.5 51.7 60.4 72.2 69.2 67.8 67 67.9 72.4 76.1 79.1 94.2 86.5 76.3 70.3 73.7 76.4 88.4 96.7 91.2 98.5 90.8 87.3 87 84.9 85.4 78.9 68 58.1 59.6 62.2 69.5 60.4 79.6 71.8 71.4 78.8 70.7 68.3 67.4 83 97.5 118 137.6 156.2 153.9 153.6 155.8 164.1 158.1 154.2 149.9 147 146.1 159.5 154.5 150.1 145.9 144.6 144.5 147.8 147.3 144.8 148.1 158.3 175.8 182.3 180.3 174.2 169.3 172.7 173.4 172.2 173 169.6 165 160.9 151.8 146.2 147.1 151.3 151.3 153
17.1 19.6 23.9 30.4 41.7 44 56.1 63.2 65.2 66.1 67.9 70.1 72.5 73.3 79.8 80.2 79.7 74.9 77.3 86.6 90.8 97.4 101.4 98.5 92.6 86 83.5 76.4 70.9 63.9 56.3 56.3 58 64.8 60.8 59.9 81 81.6 77.5 83.1 68.4 64.1 65.1 80.8 114.5 132.8 141.4 136.1 130.1 141 155.4 156.1 151.9 151 151.5 144.8 141.3 141.4 152.7 150 152.3 149.9 147 147.5 148.6 174.6 172.2 172.8 187.8 185.7 180.2 177.4 170.5 168.7 174.8 176.1 173.9 168.8 160 154.7 154.5 153 155.5 154.1 152.9 153.5
11.8 17.8 20.6 23.8 33.2 32.8 44.3 58.4 65.4 71.4 75.6 72 73.1 76.8 88.8 80.5 82.1 86.6 86.6 89.8 93.4 100.5 92.2 89.2 84.2 81.3 74.9 71.2 65.3 57.5 56.3 56.3 59.6 58.7 59.6 82.6 90 83.8 80 76.2 64.3 62 66.9 97.8 113.7 114.3 113.8 105.8 117.1 128.1 146.2 143.3 138.9 143 133 120.5 131.7 140.5 145.3 144 150 144 138.6 167.9 178 183.5 180 177.3 190.6 183.2 178.1 180.1 172.1 169.8 175.5 176.6 175 167.4 160.5 155.9 150.7 149.6 150.6 152 152.2 152.1
12.1 17.9 19.9 25.4 28.3 53.9 59.4 66 67.8 63.7 69.6 74.5 81.7 87.6 81.6 81.8 84.5 86.6 93 95.3 95.7 89.3 84.2 83.5 87.8 76.5 71.1 64.2 55.9 56.3 56.3 56.3 57.4 64.4 78.9 79.5 78.5 84 75 70.2 62.1 61.6 84 97.5 97.5 100.2 104.5 108.3 107.2 117.6 132.3 125.5 119.7 114.4 107.7 111.7 131.7 129.4 139.7 142.5 141.3 132.1 159.5 176.2 183.7 193.7 195 195.1 195.8 186.7 182.6 176.4 171.4 170.4 170.1 171.9 173.3 172.9 165.6 157.5 151.5 148.7 148.4 149.6 150.9 150.8
17.2 22.1 29.7 32.6 32.5 47.1 54.2 60 61.7 63.1 65.9 84.9 98.3 93.5 89.6 84.1 92.9 87.2 86.9 92.2 88.3 80.9 79.7 86.4 78 74.1 67.4 56.8 56.3 56.3 57.3 57.2 63.4 69.9 77.5 76.5 73.5 73.4 72.3 63.7 61.6 62 88.9 90.7 103.7 109.7 110.6 105.5 101.8 112.9 110.9 108.9 102.3 97.8 91.7 108.7 114.9 133.3 143.8 127.3 121.1 119.5 156.5 178.8 192.7 195.6 197.7 196.1 190.2 187.8 189.1 180.2 175.5 171.3 172.8 174.1 173.6 176.3 164.1 154.1 152.6 149.3 148.4 148.3 151.5 146.7
21.8 33.3 45.5 35.7 37.4 41 46.8 50.7 54.4 62.4 69 85.8 94.5 86.7 89.2 92.6 85.5 89.3 88.7 86.1 82.2 76.6 72.6 73.6 71.4 65.5 59.6 56.3 56.3 57.5 60.9 66.3 70.6 71.9 72.5 72.1 68.7 66.1 63.4 61.5 61.5 64.1 90.4 108.7 117 117.1 113.1 101.3 89.3 87.2 90.4 92.9 88.7 84.3 84.7 100.7 109.1 124.8 130.5 113.8 109.8 109 150.6 186.5 188.9 193.1 193.5 193.4 195.2 192.4 190.8 185.7 176 168 174.4 172.1 167.5 163.4 154.4 150.7 144.5 143.3 144.1 144.1 140.1 139.4
25.8 42 48.3 38.1 43.5 51.8 58.3 50.2 53.5 63.3 65.3 63.9 75.4 81.1 91 83.6 84.6 84.2 80.6 79.4 85.5 77.2 64.9 66.1 61.3 56.3 57.6 58.7 65.1 65.1 67.9 70.7 72.9 69.5 68.3 63.7 61.3 60.5 60.1 61.1 62 92.6 117.6 123.8 116 107.8 97.7 91.7 84 81.3 81 83 80.3 81 83.5 97.3 116.9 124.1 116.2 104.2 100.8 115 148.7 171.4 182.9 190.3 190.9 201 201.3 195.8 193.4 184.5 177.1 162.4 154.9 152.3 147.7 145.8 143.5 140.4 140.1 143 143.6 140.8 138.9 136.8
26 37.9 44.3 47 53.9 56.6 54.8 52.2 55 55.9 54.2 54.8 60.6 68.1 71.8 83 83.4 82.5 77.6 77.7 75.4 66.6 60.5 58.4 54.7 60.1 63.4 71.3 76.4 67.2 65.5 77.2 72.3 68.4 63.1 59.1 60.1 60.2 61.9 62.6 65.6 89 102 103.4 109.5 105.2 90.2 79.9 77.9 79.2 78.7 78.6 80.2 81.9 103.7 112.5 97.2 104.8 98.4 96.8 94.4 110.5 136.2 162.5 189.7 187.5 189.8 192.7 199 189.6 184.8 179.5 169.6 159.4 145.5 140.4 140.3 138.4 135.4 136.9 138.1 140.6 138.6 137.1 136.4 137
20.4 35.6 50.8 46.8 48.6 51.4 52.2 52.2 54.2 58.4 53 56.8 60.2 59.2 65.2 89.5 87.6 78.6 78.4 72.7 73.1 64.3 57 54.9 61.4 63.3 62.6 69.5 67.1 62.5 54.3 61.7 70.2 60.3 56.6 58.4 64.3 66.9 60.5 59.5 79.5 87.6 82.5 93.4 87.9 82 80.1 74.2 76 75.9 77.6 79.1 79.5 85.6 110.9 100.9 91.7 92.1 95.3 94.8 92.5 92.5 114.9 155.7 167.2 164.8 179.4 190.1 172.4 177.7 174.6 171.8 164.5 159.1 142.1 136.6 136.6 135.6 135.2 133.4 133.5 134.7 134.6 135.6 136.3 135
21.4 36.8 53.9 50.3 56.4 53.6 52 51.7 51.7 54.4 53 52.9 54.3 56.1 77.4 80.8 82.7 77 78.3 73.2 65.4 56.6 55.9 54.3 58.8 53.2 52.5 56.6 57.7 52.6 52.3 53.4 53.7 54.2 54.6 54.9 55.1 55.1 56 55.4 74.1 72.5 72.8 73.2 70.7 69.4 72.9 67.8 72.5 77.5 77.1 75.2 73.2 86.5 88.9 87.3 87.9 89.7 93.2 93.3 94 92.5 97.4 134.2 139.7 151 169.1 169.9 160.2 171.3 166 159.7 159.1 153.6 141.9 134.5 134 132.9 132.6 135.3 133.4 133.5 138.4 142.9 135.6 131.4
25.3 45.7 52.4 53.2 59 56.8 56.3 57.9 61 53.3 52.2 52.5 55.2 65 67.4 69.5 75.9 75.8 67.1 65 59.5 55.3 52 53.3 49.7 48.4 54.6 53.2 49.5 50.2 51.2 54.9 53.4 60.6 56.3 55.5 55.1 53.8 52.8 52.8 58 65.3 70.1 66 61.1 61.6 62.1 69.1 74.4 72.8 71.9 70.2 77.7 86.5 97.9 90.4 89.3 92.1 90.3 92.5 94.8 93.4 97.7 108.3 118.4 137.6 155.4 153.4 156 160.1 152 152.4 141.3 140 132.2 133.1 131.4 132.8 131.5 140.7 141 142.4 147 144 130.6 129.7
21 41.9 54.9 63.9 60.4 53.9 57.3 56.5 61.6 56.8 54.6 52.9 57.4 63 67 70.7 73.5 61.6 56.7 54.1 49.8 45.2 44.6 42.7 49.1 53.6 51.1 47.7 49.2 49.5 51 58.4 60.2 58.9 57.6 53.9 55.7 57 52.8 52.8 67.1 63.4 59.9 60.1 59.1 61.2 64.2 73.5 69.7 72.7 70 70.3 93.8 96.7 94.4 93 103 104.1 99.6 94 97.3 97.1 94.8 100.1 116 125.8 130.2 136 147 147.4 142.3 140.8 136.4 128.7 131.5 132.7 137.2 134.4 134.6 135.6 135.8 139.2 138.5 132.5 130.2 141.2
28.2 34.3 43 50.1 46.5 53.1 60.4 66 64.8 60.2 57 55.1 61.7 63 63.1 63.6 58.8 56.6 53.9 52 52.1 53 47.7 41.1 46 45.2 54.6 50.3 53 55.2 58.2 59.7 64.5 61.4 57.1 58 52.8 52.8 52.8 56.6 69.8 60.7 54.2 55.1 71.4 73.7 71.9 69.9 69.1 77.8 71.8 73 99.6 100.8 102.6 105.9 111.4 106.7 96.3 95.4 100.6 103.6 94.6 104.7 117.9 121 131.5 137.9 140.4 139.4 136.6 135.6 127.6 127.8 128.6 127.8 133.7 131.6 134.8 138.7 136.9 141.1 132.6 128.6 130.1 142.6
51.7 44.5 37.2 39.4 44.5 50.1 61.1 71 66 63.1 56 55.4 59.4 65.1 71.5 69.9 56.9 55.4 57.1 52.9 49.4 46 43.9 40.8 41.2 51 53.8 57.3 56.6 65.6 66.9 68.7 69.3 64.2 58.4 53.4 52.8 56.1 52.8 52.8 61.1 53 58.3 75.6 79.1 79.8 78.4 69.3 68.5 69.1 68.9 69 96.3 105.7 106.5 106 105.6 105.3 96.6 96.3 114.6 108.4 96.9 96.3 118 126.5 129.2 128.6 124.5 123.8 127.4 126.6 129.6 136.4 133 130.8 128.6 133.1 134.9 135.1 132.7 128.6 128.6 128.6 142.7 161.9
50.2 44 43.1 38.9 39.6 51.2 55.2 61.7 64.5 60.4 53.1 59.4 58.6 63 60.7 65 57.9 54.8 47.8 41.6 39.7 41.5 40.8 41.1 41.7 55.2 60.4 58.4 59.1 64.5 66.4 64.9 59.5 57 53.1 52.8 55.2 53.7 56.6 52.8 52.8 56.1 62.3 70.4 79 77.5 79.1 75.9 69.6 72.3 68.9 68.9 88.7 92.9 101.4 104.6 104.5 101.5 99.5 110.1 123.7 122.3 109.5 106.5 117.5 130.3 124.9 116.2 121 128.5 133.4 137.7 141.7 136.3 142.5 139.5 130.1 128.6 128.1 128.1 129.1 132.1 141.3 160.5 179.7 187.5
51.4 39.9 38.1 37.4 44.7 64.1 65.4 57.6 55.7 48.8 50 71.5 74.7 70.6 63 55.1 51.5 49.6 40.8 39.7 39.7 39.7 41.7 43.6 43.4 61.4 58.2 59.7 59.4 71 63.3 58.8 55 58.9 58.2 52.9 62.7 54.4 52.8 52.8 52.8 53.9 66.7 72.1 81.7 78.2 73.8 74.1 78.4 74.6 68.9 68.9 77.6 80.5 86.8 100.1 109.1 115.6 105.9 124.5 134.3 130.2 125.3 116.1 120.8 122.7 116.2 116.2 132.7 136.9 138.7 141.8 136.7 135.1 141.5 138.3 131.6 128.6 128.6 128.6 139.1 155.2 172 189.3 201 200.7
43.2 32.1 30.4 31.6 42.7 61.8 62 56.4 50.2 48 53.8 67.9 73.2 68 59.5 48.4 40.3 39.7 39.7 39.7 47.6 43.5 39.7 44.6 57.6 59.2 60.8 62.4 66 67.7 66.8 57.3 58.1 56.2 56.1 70.4 60.7 52.8 52.8 52.8 55.2 52.8 60.3 76.2 81 75.5 71.9 74.4 72 68.9 68.9 68.9 76.6 78.6 100.9 118.1 121 118 112.9 130.6 134.2 140.7 130.3 119.2 116.3 116.2 116.2 137.9 142.6 140.6 133.4 133.6 130.5 135.8 142.8 129.4 128.6 128.6 128.6 128 161.2 179.2 190.2 194.8 199.7 196.7
21.1 23.3 34.7 37.2 40.5 48.7 47 47.2 39.7 39.7 40.6 53.2 56.9 53.4 65 64.5 46.9 39.7 39.7 39.7 40.8 39.7 48.5 57.4 60 61.1 62.6 66.6 68.5 65.3 62 65.3 56.8 50.4 59.9 56.9 60.7 53.1 63.6 71.2 66.2 56.3 52.8 68.2 82.6 81.2 71.9 72.3 75.7 68.9 69.5 68.9 73.7 74.4 113.9 131.7 128.5 115.1 113.9 126 134.4 141.7 130.2 120.5 117.9 123.2 133.1 143.5 144.8 139.3 130.5 131.7 132.3 140.1 139.2 135 128.6 129.3 131.8 160.1 169.7 178.4 185.6 187.7 189.8 175.7
30.4 47.7 41.5 51.8 46.9 42.4 46.6 46.3 39.7 39.7 39.7 41.9 40.7 47.6 63.7 58.5 46.6 39.7 39.7 39.7 39.7 42.9 41.3 48.7 60.8 63.6 60.3 55.9 58.6 59.7 63.1 66.9 53.5 49.9 52.4 56.2 62.7 66.3 72.3 82.1 78.2 73.4 62.1 75.4 74.3 73.9 72.6 80.6 83.4 69.3 69.5 68.9 69.3 87.6 123 133.7 126.9 115 108.4 120 124.8 139.1 141.3 130.8 135.1 133 141.7 140.5 134.9 132.2 132.9 135 134.1 141 151.4 145.7 145.5 140.5 155.7 162.1 168.2 176.4 174.3 173.7 168.2 162.6
38.1 51.9 48.4 49.5 59.8 64.4 53.7 46 45.8 40 39.7 39.7 39.7 39.7 49.1 50.1 39.7 40.6 48.1 47 48.4 55.8 40.9 43.9 56.7 60 61.1 56.5 59.3 66.8 66.5 62.5 50.2 53.8 60 60.4 69.3 75.1 79.6 84.6 76.9 78.1 73.3 76.2 75.3 73.6 71.6 71.2 72.9 72.4 71.9 74.6 76.3 105.5 116.3 116.9 114.5 103.9 101 121.2 141.4 147.1 141.9 130.1 132 132.8 132.9 132.6 129.3 125.1 130.2 147.2 151 158 156.2 143.7 143.3 162.6 165.2 169 169.9 171 162.1 154.8 154.5 159.3
47.5 43.5 50.3 53.7 58.5 53.6 55.3 56.5 51 44.6 39.8 40.5 39.7 39.7 39.7 39.7 39.7 39.7 39.7 39.7 39.7 39.7 39.7 39.4 42.5 45.1 45.1 47.1 57.5 58.8 60.5 48.3 56 79.7 70.6 74.3 78.8 88.5 88.4 90.1 84.2 84.9 77.6 87.5 91.3 84.6 80.6 94.1 77.9 72.1 72.7 74.6 75.1 76.4 103.3 107.5 100.5 98.6 100.4 140.1 146.9 147.8 141 128.2 121.1 117.7 116.2 113.3 127.1 129.2 133.6 149.9 162.1 157.1 150.5 140.3 143.2 159 159.8 160.6 155.5 152.1 145.6 141.1 162.9 150.1
44.4 34 41.8 56.6 58.3 52.5 38.1 46 45.8 32.7 42.5 45.6 47.1 44.1 42.4 41.2 45.4 54.4 49.5 43.4 39.7 39.7 39.7 39.7 39.7 39.7 39.7 42.2 40.8 52.1 49.9 46.2 76.1 80.9 82.9 86.7 90.7 94.6 94.9 92.4 93 89.1 77.5 75.4 73.4 94.4 100 98.2 85.3 81.8 76 75.9 77.9 95.8 91.4 90.5 97.8 97.6 119.3 138.7 142.9 143.1 139.3 129.5 127 121.8 111.6 115.1 115.6 117.5 129.8 151 148.2 147.9 132.3 140.9 149.3 151.2 142.9 144.3 142.3 132.5 134.4 147 144.8 144.6
24.1 24.6 31.5 42.1 53.2 45.4 32 28.8 34.6 48.9 52.9 59.9 59.4 52.8 57.7 60.1 61 51.5 47.6 39.7 39.7 39.7 39.7 43.5 47.9 47.7 54.4 49.1 40.4 40.5 42.1 73.8 87.6 87.7 89.6 84.3 89.2 92.4 89.2 87.4 89.6 83.7 79.2 73.6 76.3 83.3 98.8 92.8 84.5 83.3 84.6 91.7 88.1 98.8 100 106 102.6 113.3 122.1 129.8 131.2 143.5 142.5 130.4 124.7 109 113.6 118.8 117.4 117.2 125.4 133.6 131.1 130.6 123.4 135 146.4 137.7 124 122.8 119.8 119.1 140.2 145 144.6 144.6
15.8 29.9 38.8 45.9 39.5 36.5 31 25.8 25 43.1 44.9 69.2 79.4 87.4 91.6 87 75.3 60.2 49.8 39.7 39.7 43.7 50.6 49.1 53.2 54.8 51 54.3 40.5 41.1 86.2 94.3 93.9 96 86 79.7 88.1 79.8 78 77.6 83.7 78.5 75.6 73.6 77.5 84.2 99.8 95.5 85.9 88.9 85.2 116.8 117.3 117.1 120.3 115.8 118.9 117.8 112.6 112.6 122.3 134.7 131.9 123.8 113.4 102.9 118.4 123.7 118 115.2 114 114.4 110.7 109.1 122.8 127.9 119.3 113.6 111 109.5 121 135.5 152.5 160.8 164.7 172.1
17.2 30.9 42.5 54 59.2 49.3 36.8 31.7 24.1 23.5 38.6 70.4 76.8 86.1 88.4 96.3 92 74.5 63.5 54.2 51.2 47.9 53.3 49.1 45.4 40.7 40.5 40.5 52.3 57.4 84.5 93.2 93.4 82.6 75.8 86.7 83.1 81.4 73.2 76.5 73.7 74.5 73.6 75.4 84.8 109.2 116.5 100.7 96 87.1 84.7 110.7 116.8 109.9 113.4 122 126.2 131.2 126.6 115.7 112.7 113 117.4 110.8 99.8 104.4 115.7 116.4 117.3 111.4 110.1 109.9 101 106 104.6 104 108.8 108.6 108.5 112 128.6 144.9 166.8 173.8 168.2 168.6
19.9 43.6 44.1 41 46.2 55.3 36.3 25.3 18.5 22.4 52.4 67 71.8 77.7 86.9 87.3 74.5 67.7 58.3 52 48 52.2 60.5 58.1 50.2 47.4 40.5 40.5 50.8 62.2 78.6 90.7 87 80.5 74.9 77.4 72.6 72.6 87.2 89.9 95.1 96.5 97.6 85.9 96.7 107.4 103.8 92 87.6 80.7 92.4 101.7 106.1 115.8 111.2 114.5 117.9 121.8 124.5 123 117.8 110.9 111.5 106.9 99.2 98.7 102.3 103.5 111.8 107.8 110.4 105.4 100.8 93.1 100.7 108.6 106.8 109.9 127.2 140 147.9 152.4 160.9 168.3 167.6 168.6
12.5 27.6 29.7 43.6 52.7 50.9 42.5 31.8 15.2 13.3 32.2 51.7 70.2 65.5 67.9 70.7 53 40.4 60.4 67.1 59.7 47.4 47.4 51.8 52.8 40.5 42.6 60.1 61 65.9 80.2 86.2 84.2 76 72.6 72.6 82.4 85.6 91.1 104.2 107.7 109.5 112.2 102 108.5 109.5 99.2 93.6 80.8 80.7 95.4 103.8 109.4 111.4 110.1 115.8 115.4 109.9 115 113.3 105.5 104.2 103.8 102.3 102.2 102.7 101.1 95.9 91.3 98.5 102.6 98.9 88 88 100.4 116.1 121.9 138.2 152.5 160.5 157.4 145.8 146.8 150.8 138.3 138.4
17.3 37.2 33.8 37.9 42.1 42.3 31.3 25.3 27.9 2.7 14 48.5 48.4 50.3 41.2 30.6 19.9 24.1 47.5 54.1 61.1 70.1 59.8 39.2 37.8 47.2 54.9 64.6 60 64.1 81.7 75.4 72.4 72.6 72.6 72.6 96.4 97.3 89.2 107.5 103.7 105.6 108.8 103.8 101.6 99.8 90.1 82.8 80.7 89.8 99.9 102.3 113.2 111.2 107.5 110.5 109 102.6 97.3 91.3 88.3 86.7 104.8 114.1 112 104.4 98.2 95.5 87.6 86.8 91.9 88 88 88 92.2 121.7 128.7 133.7 147.6 153.4 148.5 135.9 136.9 138.6 143 150.9
29.7 36.2 40.7 40.2 31 26.4 2.3 14.1 9.2 -1.9 18.6 24.2 34.4 29.9 20.1 11.3 6.8 10.5 34.9 51.6 57.3 68.2 56 48.5 59.2 43.4 38.9 53.9 55.2 50.7 68.8 76.8 79.8 81.7 88.2 94.8 93.4 90.6 75.7 95.5 98.5 99.3 103.3 98.6 97.7 94.5 88 82.5 80.7 96 102.8 105.2 114 109.8 103.6 109 106.2 95.5 86.8 79 77.3 89.2 104.4 102.6 95.3 92.9 84 76.1 85.3 98 105.5 88 88 88 88 104.9 125.9 126.3 131.3 126 127.4 143.3 153.8 153.5 145.7 133.7
25.6 21.4 29.3 26.4 19.5 -1.9 -1.9 -1.9 -1.9 -1.9 -1.9 8.6 9.3 5.9 1.5 2 2.3 8.8 15.2 30 34.8 34.2 26.1 50.1 55.5 54.7 50.9 38.9 40.1 45.9 75.8 86.8 97.4 98.2 94.5 89.4 85.3 75.2 83 85.7 87.5 95.9 97.7 100.6 96.1 88.3 79.6 82.6 80.7 99.4 102.2 108.5 116.5 108.1 100 93.9 89.6 79 76.8 74.6 80.5 87.4 84.5 77.7 67.2 65.8 68.3 78.9 91.1 92.9 112.6 111.6 101.9 93.4 92.3 100.5 115.4 122.5 136 127.5 124.3 129.9 141.4 140.5 131.8 131.8
