UK/data/ng/ng83_OST50GRID_20230518/NG83.asc
ncols 200
nrows 200
xllcorner 180000
yllcorner 830000
cellsize 50
[rows 148 to 184 of 200, columns 0 to 82 of 200]
66.7 61.9 58.4 60.5 62.5 69.6 78.5 87.5 83.8 88.3 90.4 91.8 95.6 91.4 86.3 72.9 68.6 72.7 73.3 77.6 83.6 88.9 90.5 93.4 98.5 102.8 111.1 125.2 130 126.5 131.9 129.2 126.3 122.7 130.9 135 139.6 138.5 135.8 126.5 122.2 120.9 125.5 131.2 140.7 154.2 161.3 172.2 186.3 199 220.2 246.1 283.5 316 326.6 326.4 315.6 306.6 303.7 305.9 318.6 319.8 315.4 306.5 302.8 297.2 299 313.6 307.8 298.6 301.1 299.5 285.7 281.8 279.8 277.5 272.5 268.9 258.5 251.4 251.4 251.4 262.4
44.2 46.7 49.9 55.2 64.1 74.8 81.2 87.1 101.2 105.9 100.3 99.2 104.9 100.6 89.2 87.6 79.2 81.2 82.2 83.5 88.7 91.7 97.8 110.6 124.2 140.3 141.8 143.6 152.4 155.6 157.9 152.5 152 151.1 156.3 156.2 150 143.6 139.4 130 122.4 121.9 128.3 138.4 147.7 162.8 182.2 190.1 211.3 223.4 246.6 278.3 300.1 317.5 334.7 340.3 329.7 308.7 298.4 294.2 310.1 319.5 318.4 314.9 309.6 301.1 299 305 303.3 300.6 298.5 297.9 285.4 276.7 270.1 266.8 256.9 253.7 251.4 251.4 251.4 259.8 278.9
39.3 46.2 53.3 57.3 72.5 80.6 89.8 102 109.3 110 104.1 104 105.9 107 105.4 97.7 84.2 83.3 87.5 88.9 97.7 104.5 121.8 142.3 160.2 155.4 151.3 154.8 158.8 163.3 166.8 166.7 165 162 162.5 162.8 156.6 146.7 137.9 129 122.6 123.4 133.9 147.8 166.5 176.3 187.6 194.8 215.6 242.4 289.5 317.5 317.1 316.2 323.7 333.1 325 317.5 308.6 291.8 290.7 305.9 311.8 307.6 306.5 299.3 293 303.8 298.4 297.2 297 290.3 278.8 270.3 263.1 262.5 251.4 251.4 251.4 251.4 251.4 269.3 283
49 52.4 55.2 61.9 75.4 87.2 96.6 103.3 107.5 107.1 108.6 109.9 114.4 116.9 110.9 102 90.3 84.8 89.8 98.6 106.2 113.9 141.4 158.2 163.5 165.7 159.6 159.9 167 169.7 172.7 175.1 175.4 175.2 172.4 172.9 166.9 156.1 138.8 127.1 124.4 125.4 138.2 155 174.3 181.1 184.8 196 214.4 259.8 306.8 319.5 329.4 325.2 324.8 324.9 322.8 323.5 315.8 308 290.1 281.1 293.2 299.4 300.7 293.4 290.1 297.9 297.4 292.3 290.2 278.5 270.3 265 255.7 252.2 251.4 251.4 251.4 251.4 258 273.4 279.8
50.9 51.5 54.5 64.3 74.5 98.3 116.3 111.2 121.3 130.3 120.1 119.5 119.3 117 112.2 103.5 92.2 93.3 97 106.6 110.3 119.1 136.3 148.1 160.3 165.8 159.1 164.8 172.2 174.7 176.6 185.1 194.6 203.4 196.4 185.7 173.5 164.9 145.9 130.4 125.4 127.5 140.1 153.6 166.7 177.8 182.4 192.9 211.7 254.3 289.1 311 326.1 326.4 328.3 326.6 316.2 318.4 314.5 312.9 304.4 286.6 274.3 287 287.1 286.4 283.2 294.5 293.4 286.7 279 271 267.8 263.3 252.8 251.4 251.4 251.4 251.4 251.9 267.6 272.3 272.3
50.9 55.1 62.8 82.4 90.7 107.5 112.4 136.5 148.2 127.5 121.7 121.1 122.7 121.6 118.3 105.6 96.5 99.8 101.2 109.9 112.9 118.1 129.2 139.8 153.5 159.3 155.2 165.5 189.8 192.6 192.7 208.5 217.2 214.6 202.9 188.4 175.6 164.9 152.3 139.4 134.3 142.5 153.3 156.9 170.6 176.3 181.8 190.2 210.6 242.6 297.9 311.4 330.1 330.3 328.9 323.7 313.4 302.8 301.4 300.5 299.4 291.6 269.6 268.9 276.5 274.5 279.5 286.6 289.3 278.6 272.3 268 265.2 261.8 251.4 251.4 251.4 251.4 251.4 260.5 268.9 265.9 262.8
72.5 79.2 83.3 90.5 97.5 106.5 128.7 136.6 129.3 123.5 121.5 123.6 126 123.7 116.7 105.1 101.4 102.5 105.1 113.5 117.2 120.3 129.1 133.6 141.2 148.1 158.5 182.6 200.1 202.4 208.3 217.2 219.3 214.4 205.4 191.6 176.4 159.6 148.1 143.9 149 152.8 160.5 168.7 172 177 183.6 192.3 210.3 232.5 276.2 291 328 340.3 335.5 322.5 308.3 297.9 290.6 289.6 292.6 289 276.5 264.4 264.3 269.6 274.9 276 280.2 271.9 269.2 269.2 262.6 251.3 251.4 251.4 251.4 253.7 256.3 264.6 268.9 270.4 259.6
88.8 94.2 89.3 88.1 98.2 107.3 116.5 119.9 124.7 122.8 121 126.3 134.3 124.8 117.2 109.9 106 105.1 104.4 107.4 115.3 115 125.7 137.2 147 160.4 179.6 202.3 216.5 227.1 233.7 234 227.5 218.6 208.1 196.7 182.6 163.3 149.6 152.4 153.5 156.2 163.5 173.4 179 185.8 189.2 195 206.6 225.6 242.6 260.7 284.6 321.3 325.4 311.6 303.4 294.2 288.1 282.5 281.1 284.1 280.9 268.3 260 258.8 267.7 270.7 275.4 271.6 266.6 262.9 255.9 251.4 251.4 251.4 254 260.2 258 260 263.7 263.6 259.6
89.9 87.8 87.5 91.9 106.8 110.4 113.1 113.4 116.3 119.6 121 126.9 137 132.4 119.7 111.9 107.5 105.9 104.1 109.4 115 120.5 131.9 146.7 161.1 182.7 212.2 230 248.7 257.4 251.2 241.2 233.2 224.2 211.1 195.8 184.2 169 155.2 158.3 155.9 158 164.7 172.1 181.1 191.3 194.4 198.8 204.9 216.8 227.9 236.4 258.9 282.7 292 292.3 295.3 296.3 287.9 277.8 275.2 275.9 274.3 272.7 263.7 255.2 256 261.3 260.1 260.1 258.7 254.8 251.4 254.6 252.7 258.7 264.9 268.4 265.7 260.3 259.6 259.6 259.6
81.8 82.9 86 95 102.6 107.4 109.8 114.6 118.8 119.1 121.7 128.9 129.7 124.4 116.9 110.9 106.7 104.9 103.4 107.8 115.1 124.8 137.7 153.5 180.2 209.4 229.7 233.7 245.8 254.8 255.1 244.8 236.8 225.6 212.2 200.3 183.3 169.2 166.9 168 163.8 161.9 167.5 173.8 180.5 189.5 197 210.1 221.7 226.6 240.3 237.8 242.2 249.9 254.1 264.7 271 272 272.9 271.3 268.7 266.9 264.4 264.1 263.7 256.7 252.5 251.8 251.8 251.8 251.8 251.8 262.4 265.8 267.7 266.4 264.9 262.8 262.8 267.2 264.4 263.8 259.6
82.6 83.5 88.4 95.6 102.4 106.9 111.4 117.5 118.9 119.2 120.2 124.7 125.8 120.4 111.7 106.6 103.7 103 103 104.3 115 124.6 139 163.5 193.7 220.9 234.7 235.1 236 244 249.8 249.1 237.6 224.6 210.4 201.3 186.6 172.3 170.6 170.9 169.7 167.6 169.7 172.8 181.1 193.2 204.1 241.6 253.4 275.8 281 271.8 263.2 259.5 255.6 256.4 265.2 267.2 267.6 268.1 264 259 255.2 253.1 252.4 252.1 251.8 251.8 251.8 251.8 251.8 257.7 269.5 272.4 274.1 275.1 270.3 270 273.1 276.1 275.5 270.7 264.3
84.1 85.9 91.8 101.2 107.7 115.1 119.4 122.2 121.4 119.3 119.8 123.4 124.2 119.4 104.4 103 103 103 103 103 108.4 121 139.1 159.9 185.7 210.7 218.3 229.4 227.6 229.9 231.3 238.2 235.8 222.7 209.9 196.4 185.8 174 170.4 168.2 170.5 172 173.6 178.2 185.4 201.7 217.8 255.4 286.7 294.4 290.6 294 297.9 284.8 275.2 269.3 276.5 285.6 286.4 281.4 280.7 276.5 274.2 263.5 254.6 253.4 255.5 253.9 252.7 251.8 252.4 261 265.3 271.4 277.9 274 273.2 274 278.6 277.4 273.7 269.3 264
85.6 92.6 106.7 115.7 117.5 124.2 125.3 123.1 126.2 119.1 117.2 118.8 120.2 113.5 103 103 103 103 103 105.7 112.3 121.7 143.6 166.4 190.5 210.2 217.8 219.6 223.2 220.5 217.6 215.4 223.5 218.3 208.6 200.3 184.3 174.2 171.5 171.6 176.7 179.6 179 183.6 191.7 207 238.2 271.5 299.9 298.1 293.8 303.8 305 300.5 290.8 295.5 288.1 288.6 293.2 288.6 285.3 281.9 274.1 265.5 259.5 258.2 259.5 259.3 261.3 263.2 264.6 265.7 265.9 268.6 270.8 274.3 275.8 276 275.4 273.2 270.4 269.3 267.1
92.4 108 119.2 123.8 124.4 129.4 130.4 123.8 119.3 114 113.5 112.3 114.4 108.4 103 103 103 103 103 110.8 122.8 142.3 157.4 187.6 203.7 215.7 215.3 217.5 216.3 212.8 209.2 205.7 205.9 212.6 205.7 196.7 185.9 174.9 173.7 176.6 184.9 188.9 186 188.1 198.9 216.1 251.6 278.1 296.7 299.8 306.7 316 314.7 309 301.1 297.6 295.2 290.8 285 287 286.9 276.6 271.1 265 259.8 260.5 263.2 265 266.6 269.3 272.4 273.9 275.1 275 272.7 276.1 279.1 283.4 289.5 283.7 278.6 274.7 273.8
106.3 116.2 125.7 124.3 124.4 130.4 126.4 122.9 114.3 110 108 107.4 104.9 103 103 103 103 103 107.5 123.8 129.4 143.3 165.1 199.7 208.5 226.2 213 214.6 213.5 207.6 202.2 198.1 197.4 198.2 195.2 187.5 184.3 174.4 176.4 182.9 195.8 198.6 193.5 191.8 203.3 235.4 255.9 270.3 292.9 299.6 309.8 318.7 310.2 303.5 302.1 298 294.7 293.6 284.7 275.5 273.8 271.7 267.9 258.6 256.3 260 266.1 270.1 276.4 282.1 288.9 297 298.7 296.9 294.7 296.3 299.6 305.5 307.4 308.1 304.7 291.8 283.5
122.1 122.6 128.1 120.6 121.5 125 123.2 117.2 112.9 107 104.7 103.7 103 103 103 103 103 105.7 123.9 130.4 135.1 147.6 168.5 195.1 196.9 212.6 206.2 203.9 202.8 202 193.4 189.3 190 189.6 184.9 178.4 173.7 171.4 176.5 194.2 202.9 205.8 200.9 197.9 215.8 250.1 260.5 263.2 285.8 292.6 296.5 306 301.4 298.6 295.1 296.6 293.9 291 285.1 276.6 266.1 263.4 261 252.2 254.5 261.7 270.1 278.9 299.4 323.1 335.9 339.7 336.3 337.9 341.6 343.4 332.5 337.3 338.9 326.7 321.8 309.4 297.9
129.3 129.3 121.9 119.6 120 118.1 117.9 117.1 110.8 104.3 103 103 103 103 103 103 103 117.5 128 133 148.6 154.7 167.5 180.1 186.1 194.5 191.8 192.9 194.4 191.1 185.5 179.2 179.8 180.9 175.1 168 163.2 165.3 175 191.7 199.3 200.4 196.4 197.3 222.4 236.8 242.9 249.7 269 276 284.6 287.1 295.1 293.7 290.2 289.5 290.2 285.5 277.7 268.6 262.6 253.2 246.9 246.5 251.5 260 271.4 300.7 324.4 326.3 330.6 334.7 344.3 348.1 346 353.8 361.3 367.7 361.9 351 340 327.4 320.6
129.5 123 118.1 116.8 115.2 116.8 116.3 115.9 108.4 103 103 103 103 103 103 103 104.1 117.2 133.4 151.9 171.3 169.1 169.7 175.6 180.9 180.1 178.1 179.5 184.6 182.2 176.9 171.4 170.6 170.9 163.9 157.7 157 161.4 173.4 183.9 192.5 194.7 191.1 195.8 214.2 224.9 230.9 236.6 241.8 253.2 272.3 277.2 277.6 285.6 282.1 283.5 283.2 278.9 271.3 263.1 250.9 243.9 237.2 239.8 249.4 263.2 293.5 312.3 329 333.1 336.1 341.9 343.6 355.9 375.4 378.6 371.3 376 371.8 370.3 360.5 349.9 341.9
125.9 115.6 113.7 111.7 112.8 117.1 113.8 109.3 102.7 103 103 103 103 103 103 103 103 120.3 141.8 160.6 178.3 179.3 176.7 179.1 183 176.9 171.1 167.2 170.5 170.1 170.5 164.2 163 163.2 159.3 152.8 151.4 158.9 170.4 180.4 184.3 185.4 185.4 192.7 209.2 217.2 222 226.1 232.6 233.8 248.2 266.4 267.5 267.4 270.4 272.3 271.7 266.5 262.5 253.1 241.1 232.6 230.6 235.1 245.9 281.6 314.5 330.2 332.7 335.9 341.8 341.5 345.9 347 369.6 391.1 389.5 386.3 386.2 384.9 379 371.6 368.6
111.9 107.4 107.9 108 106.7 107.7 111.1 104.1 102.4 103 103 103 103 103 103 105.3 117.5 137.3 151.9 172.8 195.4 190.1 182.6 187.9 182.1 173.7 168.6 162.3 160.9 159.3 157.9 157.2 156.6 153.7 152.8 146.4 146.3 158.9 169.4 173.6 175.4 175 178.2 189.5 201.9 208.3 211.7 213.5 213.6 219.4 227.8 245.5 254 252.6 251.4 254.5 255.9 255.5 248.2 239.9 229.9 225.4 221.3 228.5 245.6 288.1 310.5 322.6 325.2 332.1 329.8 326.5 329.8 332.8 354.3 381.2 390 391.5 406.3 396.3 389.4 384.3 383.6
103.7 101.8 107.3 103.9 103.2 106 107.2 101 102.4 103 103 103 103 103 103.1 119.9 135.2 153.6 166.5 184.9 192 189.4 183.7 183.7 178.7 170.6 162.8 156.3 153.8 146.7 146.3 149.9 149.8 148.1 144.7 139.3 144.9 159.1 166.3 168.4 167.6 161.6 166.2 178.7 196.1 199.1 199.7 200.7 205 213.7 217.3 227.4 235 241.9 239.4 240.7 245.1 240.7 236.4 226.9 221.5 216.7 210.4 214.2 233.5 257.9 269.3 288.8 294.2 299.9 305.1 308.2 310.8 317.7 335.7 366.1 384 387.9 388 404 390.5 388.4 392
92.4 94.9 98.8 105.2 101.2 104.6 99.8 102.2 105.5 105.2 103 103.2 103 112.6 123.9 141.4 155.5 169.7 184 187.7 200.8 193.3 182 177.7 173.4 166.2 161.1 154.3 148.5 144.6 144.5 143.5 140.7 138.7 137.3 133.9 144.6 163.1 162.7 161.8 155.4 149.4 150.4 163.6 187.7 193.5 187 185.1 187.7 194.4 202.2 209.6 221.2 224.8 228.8 228.3 225.4 225.8 224.5 217 212.4 209.1 204.9 206.4 222.8 234.9 249.4 258.1 262.6 265.7 272.6 282.2 290.7 300.1 317.5 350.2 363.8 382.1 377.5 384.8 388 380.8 390.3
81.4 84 86.9 90.7 93 95.4 105.6 106.5 106.7 109.1 111.4 113.4 124.4 138.7 151.8 177.2 169.1 173.1 186.9 189.3 201 191 181.5 174.1 168.7 162.8 159.2 152.3 146.3 144.3 145.7 143.6 135.3 130.9 130.3 130.4 144.8 161.9 161.2 156.9 146.4 141.7 143 149.3 166.2 182 180.8 175.2 173.9 171.3 177.3 191.2 209.9 213.8 215.5 219.4 217.9 214.4 213 207.9 204 200.3 200.4 208.6 224.8 247.9 256.7 259.7 261.5 270.6 273.5 282.7 299.2 324.6 323.5 334.1 343.9 358.6 366.2 367.1 373.3 371.7 366.7
79.4 89.2 91 92.5 95.3 99.2 108.5 109.8 110.1 114.9 119.3 121.3 139 154.2 176.5 184.7 176.6 170.6 180.1 186 197.5 191.1 177.6 170.8 166 159.3 153.6 147.7 143.4 144.5 142.4 139.3 133 128.3 126.8 128.8 136.5 148 154.7 151.9 140.2 137.7 138.7 142.4 151.7 165.2 169.2 171 163.2 162.4 167.7 176.3 190.2 197.5 203.1 205.3 212.2 206.4 200.7 197.5 196.4 199.5 207.4 223.3 255.9 282.3 291.1 291.3 291.4 295.2 292.8 294.4 315.2 329.7 330.8 328.1 330.6 327.5 333.6 349.8 359.9 366.4 363.9
94.1 94.8 96.8 97.6 99.6 101.5 106.5 109.4 115.5 121.7 129.8 140.2 149.5 166.5 187 183.3 176.2 171.3 172.6 179.8 186.7 181.7 174.9 166.2 162.7 156.7 149.1 143.8 140.4 141.1 140.8 138.6 132.9 129.4 126.1 126.4 130.8 138.9 148.4 145.2 136.5 137.5 139 141 148.1 152.3 156.7 156.6 155.4 157 161.1 168 174.8 184 190.9 194.9 197.9 198.8 194.1 190 196.5 206.5 219.4 240.2 272.7 295.2 306.6 304.9 299.2 302.8 306.3 296 298.1 309.6 312.6 311.1 311.5 312.7 314.6 322.4 340.1 351.4 359.9
93.1 96.1 99.4 100.2 104.2 104.6 108.4 115.6 129.4 133.8 138.8 147.8 157.5 172.6 190.9 184.8 176 167.4 165.5 167.1 172.5 169.6 165 159.3 157 151.8 144.5 140.3 138 138.7 140.6 137 134.3 130.3 126.5 125.1 127.5 131.2 132.4 137 135 135.4 136.8 138.2 143.5 147.8 149.1 150.6 152 155.7 159 163.6 168.4 173 177.8 183.7 187.3 187.1 185.9 193.4 200.8 218.7 249 268.5 293.6 322 353.7 342.3 331.3 329.4 327.7 316.5 315.4 320 322.5 311.5 309.4 310.2 314.7 318.4 320.3 343.2 358.1
87.1 94 97.5 102.6 105.1 105.7 111.1 119.1 130.5 138.4 138.8 146.3 151.6 163.7 177.3 176.4 173 163.9 160.9 158 159.5 157.9 155.5 151.5 150.5 146.3 140 138.2 134.3 135.3 136.4 130.3 126.2 125.1 122.2 122.1 124.7 125.9 126.7 127 126.8 128.8 130 133.9 138 139.9 142.1 143.7 147.2 151.9 155.8 160.2 163.8 165.6 168.3 174.9 179.7 178.1 184.5 192.9 207.4 233.8 270.8 300.8 320.6 339.3 345.3 345.8 340.5 330.4 330 333.3 332.8 332.4 337.4 335.2 324.4 315.8 312.4 315 316.7 324.2 335.1
81.1 87.5 96.3 102.9 102.8 106.1 113.4 120.6 124.2 129.1 134.8 138 140.4 149.3 158.1 161 161.9 157.4 154.5 149.6 147 149.1 149.5 145.8 142.3 140.4 135.1 131 129.6 127 126.9 120.8 118.1 114.2 115.7 114.4 117.5 119.4 117.5 116.6 115.7 117.9 122.2 123.5 131.1 133.6 137.1 144.6 147.3 146.6 152.7 155.5 157.2 159.2 161.9 165.4 169.4 169.8 181.7 196.5 216.3 237.8 275 312 324.1 349.9 359.3 363.2 354.2 342.8 331 330 335 343.7 342 335.1 325.4 318.4 314.2 314.3 316.2 318.2 323.4
83.4 90.4 97.4 104.4 108.9 109.1 117.3 118.4 120.8 122 126.4 130.6 127.8 132 141.3 144.3 145.8 146.3 144.4 141.3 135.3 140 136.6 134.7 130.3 130.9 129.5 123 121 120.2 114.9 109.8 108.5 108.2 109.6 109.7 110.8 111.4 111.7 111.5 114.7 120.3 129.1 136.3 141.7 139.8 143 150.2 150.7 150.2 150.8 152.4 153.7 155.9 158.9 159.9 164 172.5 185.7 212.7 247.6 267.3 296 318.4 330 342.2 361.8 371.3 373.1 364.9 349.1 341.9 338.4 347.4 352.9 345.1 331.7 323.8 317.7 314.8 316 315.8 317.4
90.7 98.1 106.7 109.4 113.7 118.7 120.9 119 116.4 117 119.3 122 120.4 120.3 126.5 131.7 130.8 132.5 130.9 130.4 126.2 129 127.3 127.1 125.8 123.5 120.6 113.4 110.8 111 107.3 107.3 107.6 106.8 107.4 107.9 108.4 110.6 112.3 113 119.3 129.2 138.5 147 152.9 151.1 145.2 155.4 157.5 158.2 159.7 158.6 157.9 159.7 163.8 168.4 169.5 181.7 197.8 228.2 262.4 292.2 314.2 326.8 337.1 345.1 355.6 368.9 376 379.8 369.4 362.3 361.2 356.5 358.8 354.4 345.7 333.6 332.8 328.7 319.7 316.6 316.4
108.2 105.4 110.4 114.6 116.4 120.1 117.5 115.7 114 112.7 111.3 113 111.8 112.8 116.9 120 118.7 119.3 117.7 118.7 117.1 114.2 112.3 116.2 113.9 115 109.5 107.3 107.3 107.3 107.3 107.3 107.3 106.6 107.2 108.7 109.2 110.4 111.6 113.8 126.6 137.5 149.2 160.2 163.6 161.5 161.3 164.9 166.1 167.3 167.7 167.9 168.8 172.7 177.2 176.2 183.7 193.5 212.1 235.4 269 301.4 315.4 330.4 343.8 352.7 358.1 364.7 372.3 381 380.3 371.8 372.3 372.3 361.4 352.6 346.4 342.9 338.2 337.9 330.4 321.3 318.9
110.5 113.2 116.9 115.7 112.6 113.4 114.4 112.4 110.9 106.7 104.4 105.1 105.1 104.9 106.5 107.3 109.6 110.7 110 107 107 107.3 107.3 107.3 107.3 107.3 107.3 107.3 107.3 107.3 107.3 107.3 107.2 107.1 107.5 109 109.6 110.3 111.2 119.9 132.6 145.4 158.1 166.2 171 171.6 166.1 175.5 178.1 178.1 175.7 176 180.1 183.5 186 184.7 195 206.8 232.5 260 284.9 307.7 318.4 329.3 346 354.3 359.8 365.1 371.3 371.1 376 372.8 368.5 367 360.4 348.7 342.1 339.9 339.6 336.3 334.9 330.6 330.5
108.9 112.6 112.5 112.9 110.6 111.4 112.9 109.4 104.9 102 102.3 102.4 103.1 108.7 117.3 111.7 107.2 107.3 107.3 107.3 107.3 107.3 107.3 107.3 107.3 107.3 107.3 107.3 107.3 107.3 107.3 107.3 107.3 106.9 107.9 108.9 109.9 112.2 120.8 134.1 143 149.5 160.1 168.4 171.6 171.8 171.4 182.1 189.3 188.8 183.2 186.6 190.2 192 195.9 203.1 212.7 228.5 244.1 270.3 302.5 310.4 315.4 327.1 336.6 346.6 355.4 363 371.8 370.6 369 369.4 362.8 354.9 349.3 341.6 339.4 335.7 334.1 331.5 329 329.9 335
107.4 105.2 103.7 105.5 105.4 105.9 106.9 102.9 105.1 108.2 109 104.5 109.9 118.3 117.7 110 107.5 109.1 106.8 107.3 107.3 107.3 107.3 107.3 107.3 107.3 107.3 107.3 107.3 107.3 107.3 107.3 108.6 110.1 110.5 111.7 114.9 126 139.7 155.9 166.3 168.6 170 173.8 174.2 172.6 176.9 188 197.4 199.9 199.3 200.4 204 214.6 221.7 227.9 235 255.2 284 303.9 311.7 316 321.2 323.7 327.6 338.6 345.1 359.7 363.5 365 365.7 357.9 353.1 342.4 337.2 340.7 339.6 332 328.3 327 324.9 325.8 331
102.2 99.5 94.3 93.8 94 97 101.5 104.9 110.7 113.4 117.8 124.2 134.2 135.5 145.6 133.4 119.5 120.8 119.9 109.8 107.3 107.3 107.3 107.3 107.3 107.3 107.3 107.3 107.3 107.3 107.3 107.6 114.7 119.6 120.5 125.6 132.9 146.1 160.8 177.8 182 183.6 180.7 181.4 181.1 180.5 182.6 192.8 201.5 203.5 205.6 218.4 237.4 242.7 256.1 262.1 270.7 293.4 315.8 314.9 314.8 316.4 325.3 331.5 331.1 330.6 336.3 352.5 354.9 359.6 355.5 352.4 349.8 337.2 337.2 337.7 334.9 326.3 319.4 319.3 318.3 320.5 327.2
87.8 88.5 90.4 92.3 95.5 103.4 107.4 108.7 111.6 121.9 134.8 156.6 164.9 169.4 161.5 148.6 132.7 126.6 122.1 112.6 107.3 107.3 107.3 107.3 107.3 107.3 107.3 107.3 107.3 107.3 110.4 118.5 128.2 134 140 150.7 158.9 171.5 184.4 193.3 197.6 194.2 189.6 188.8 184.4 181 183.7 196.9 203.5 205.9 218.7 243 262.5 275.9 292.4 294.2 307.1 315.3 327.1 330 334.5 332.9 335.9 343.2 340.2 333.3 333.5 338.5 345.2 346.8 343.9 350.2 351 340.1 337.2 340.5 334.8 331.9 317.3 310.9 311 312.3 321.5
94 92.1 95.1 97.9 99.3 111.5 114.4 122 133.1 137.1 148.4 168.9 178.1 169.7 160.8 149.5 135.7 130.9 125.9 123.3 115.8 108.1 107.3 107.3 107.3 107.3 107.3 107.3 107.9 112.5 124.9 136.6 146.9 159 166.8 181.4 191.1 197.6 205.1 204.8 199 196.3 194.2 192.2 185.1 184.5 187.6 200.1 209.4 224 247.7 272.2 293.4 312 310.8 313.7 319.7 326.3 325.3 328.8 334.7 340.7 344.7 349 347.3 344.4 338.7 341.9 341.6 341.6 342.2 352.3 347.5 337.2 337.2 340.1 333.1 326.8 317.1 308.4 307.5 307 314
