WholeMapElevations/data/st/st08_OST50GRID_20230518/ST08.asc
ncols 200
nrows 200
xllcorner 300000
yllcorner 180000
cellsize 50
[rows 72 to 107 of 200, columns 0 to 81 of 200]
211 207.9 212.3 211.5 206.6 203.3 199 194.6 189.8 184.7 184.3 186.8 187.8 185.7 181.7 177.5 173.9 169 166 162.7 160.2 159.4 157.7 153.7 147.8 141.6 134.7 127.2 116.4 106.9 105.6 96 92.9 94.9 98.3 101.7 107.7 118.8 127.3 136.6 144.7 153.9 165.6 170.3 171.1 171.3 171.3 169.8 168.4 168.2 166.3 165.5 167.8 170.5 172.4 172.7 170.9 167.4 164.7 162.6 161.5 160.5 159.1 156.9 155.6 154.3 152.9 151 148.9 146.5 142.8 137.6 133.7 130.2 125.4 119.7 117 115.1 112.9 109.8 106.2 103.2
219.4 218.6 219.2 219.4 216.8 212.7 209.1 204.1 200.1 195.7 193.5 195.8 195.8 192.9 189.6 185.4 180.7 176.7 173.5 168.7 160.8 156.6 154.6 150.9 147 141.8 134.4 128.3 117 106.4 106.3 100.3 92.1 95.5 98.3 102.9 110 118.9 130.7 140.6 153.7 166.2 177.4 179.9 179.7 178.5 177.2 175 173.3 172.9 171.7 168.5 167.7 171.2 173.9 172.7 171.6 169.2 166.8 165.1 163.7 161.5 159.4 157.6 156.2 154.3 152.2 150.4 148.5 145.7 140.5 134.8 132.3 128.9 124.9 120.3 118 115.5 113.6 110.8 107.3 103.6
227.2 226.4 224.6 228.5 226.2 222.3 218.1 212.8 208.8 205.3 203.6 204.5 204.6 201 196.3 192.2 186.7 181.4 176 169.7 161.5 152.8 149.8 147.6 144.5 139.3 132.9 126.3 114.9 105.6 105.3 103.6 92.3 92.1 96 102.5 111.4 119.1 132.8 147.6 161.7 175.7 186.3 187.5 185.3 184.2 182.4 181 178.7 178.5 176.8 170.5 168.2 171.1 174.2 174.1 173.5 171.1 169.1 167.6 165 163 161 158.9 156.4 154 151.2 148.8 146.4 143.4 138.9 135.4 132.5 128.7 125 121.7 119.7 117.6 116.1 114.8 110.9 106.6
233.4 232.5 229.5 234.6 237.3 234 229.6 224.2 218.6 215 213.5 212.6 210.4 207.5 203.1 196.6 190.4 183 171.4 165.5 158.9 153.2 149.4 147.6 144.5 138.6 131.9 123.8 113.1 104.9 104.6 103.5 94.1 90.7 92 101.9 111.8 121.8 137.7 153.2 166.1 181.9 192.1 192 189.5 187.2 184.8 184.1 182.8 180.7 178.9 169.7 169.3 171.3 175.2 176 174.7 172.9 171.5 170.2 167.1 164.7 162.7 160.5 158.3 156.1 152.4 148.4 145.4 142.5 139.3 136 132.5 128.8 124.7 122.2 120.7 119.6 117.9 116.1 113.6 109.5
239.3 237.1 236.5 240.2 244.6 243.5 239.2 234.1 228.5 224 220.6 215.9 211.3 209 203.8 196.9 191 183.4 175 167 158.1 153.5 149 146.2 142.8 136.7 131.2 123.6 112.8 104.4 104.1 103.8 94.6 89.9 89.3 99.1 110.7 125.2 142.7 158.5 170.3 186.4 195.7 195.3 192.8 190 187.3 185.7 184.4 180.8 172.5 170.3 169.8 172.6 175.9 177.7 177.2 175.3 174.1 172.9 169.9 166.5 164.3 162 159.7 157.5 153 149.8 146.9 143.9 140.4 137 132.2 128.4 124.4 122.2 119.5 118.8 116.9 115.3 114.2 111
241.9 240.4 242.6 248.5 251 248.7 245 240.1 234.1 229.1 223.5 216.7 210.2 205.3 201.3 198.6 192.3 185.9 180.8 172.7 166.3 160 152.3 145.1 140 134.6 129.6 122.6 114 103.5 103.5 103.3 97.9 90.4 90.3 98.4 108.7 127.7 145.3 162.6 174.8 187.8 199 200.7 199.1 196.1 192.7 189 184.8 179.2 169.7 168.8 170.4 171.7 175.6 178.7 179.3 178.1 176.8 175.6 173.1 169.6 165.5 163 160.5 157.1 153.9 150.6 147.7 145 141.5 137.9 131.9 127.5 124.9 123 120.4 118.4 116.4 115.6 114.5 112.7
250.7 249.5 245.2 251.9 255.6 253.5 246.8 243.1 238 232.9 224.3 216.3 213 209.9 206.8 202.1 195.4 189.5 184 178.3 171.7 162.6 153.9 146 141 136.1 130.4 124.1 114.9 104.8 100.9 101.4 99.9 89.8 89.9 97.1 107.8 126.8 141.7 160.6 176.8 187.3 197.8 201.3 200.6 198 193.8 189.7 183 175.1 168.1 168.2 169.3 171 174.3 178.7 180.7 179.3 179.4 178.2 176.3 173.2 168.4 163.5 160.9 157.2 153.6 150.5 148.4 146 142.5 138.1 132.7 128.8 126 122.8 119.4 117.4 115.5 114.9 113.5 111.1
258 253.2 245.9 247.3 251.7 250.7 246.4 242.5 236.5 229.5 221.7 222.5 220.4 217.6 212.6 206.9 200.6 194.1 187.6 183.2 174.4 167.4 155 148.2 143.5 138.3 131.5 123.7 113.8 103.1 100.7 100 99.1 91.5 86.6 95.8 104.9 121.2 139.7 154.5 170.8 183.7 190.6 193.4 193.1 189.7 187.3 180.8 174.1 168.9 166.7 168.1 170 172.1 174.6 176.2 178.4 176.6 178.9 180.3 179.2 176.3 170.6 165.7 161.2 157.7 153.9 150.9 149.5 147.7 144 139.8 134.8 130.5 126.4 122.4 118.8 116 113.6 111.6 111 108.5
251.9 251.9 247 245.3 246 245.1 242 238 232.6 227.9 230.4 233.3 231.6 224.9 219.2 212.4 205.4 198.8 192.1 186 177.8 169.8 161.2 152.8 146.6 139.6 132.8 123.9 112.7 103 100.7 99.9 98.9 92.1 88.2 90.2 101.1 114.1 133.9 146.9 161.7 172.7 178.8 186.4 187.3 184.4 179.7 172.8 167.3 164.3 169 171.5 173.6 174.8 174.7 175.5 175.8 175.9 176.2 179.7 181.3 176.9 171.6 166.3 161.8 158.1 154.6 152.1 151.1 149.4 146.5 142.3 137.7 132.8 128.3 124.1 120.6 117.6 114.5 111.8 106 105.1
247.1 248.5 246.7 245 244.7 243.2 243 243 242.1 240.9 241.3 242.1 239.6 232.7 223.3 216.4 209.4 202.3 195.9 188.9 181.9 174.3 165.6 158.2 150.5 141.7 133.8 124.2 114 105 100.5 99.7 98.9 95 88.1 85.4 97.7 106.7 122.5 141 150.8 159.7 164.7 168.7 171.9 170.2 165.5 162.2 158.8 162.2 169.5 174.6 176.6 177.2 175.9 175.8 176.4 176.2 175.7 175.6 179.8 177.3 171.6 166.2 161 156.8 153.7 152.4 152 149.5 146.6 143.7 140.3 135.3 129.8 125.9 122.4 118.8 115.2 111.5 107.7 102.9
244.6 247.3 249.6 247.5 246.1 245.6 248.1 249.9 252.3 252.3 251.1 248.1 241.7 233.9 224.2 218.2 212.6 205.1 198.8 192 185.8 177.9 171.4 163.6 155.1 144.9 136.1 127.4 117.3 107.7 100.2 99.5 98.8 98 90.6 87.7 96 101.8 111.8 126.5 141.5 148.3 150.4 153.3 156.7 155.1 153 151.6 152 157 167 176.5 179.1 180.2 178.9 177.7 176.8 176.2 175.7 174.7 174.3 172.3 168.4 163.1 156.7 153.1 150.6 150.1 149.2 148.2 145.7 143.6 140.6 136.4 130.5 126.7 123.2 119.8 116.4 111.6 107.5 103.6
245 246.9 246.4 249.9 246.7 246.6 248 249.7 252.1 252.9 250.3 243.7 236.7 228.5 223 218.3 214 207.9 201.9 196.6 190.9 185.3 179 171 161.4 151 141.7 132.1 122.3 111.6 101.4 99.3 98.6 98 92.3 92.7 86.2 98.7 104.4 114 124.6 138.1 145.8 150.3 150.4 147.4 145.5 144.1 147.8 153.5 162.2 172.8 179.5 181.4 181.2 179.5 177.7 177.4 175.8 175.2 173.9 170.8 167.2 162.1 157.1 152.9 149.7 147.9 145.7 143.1 142.8 142 139.5 135.3 131.1 127 123.4 120.1 116.9 112.6 107.6 103.3
247.3 245.1 243.7 243.3 240.9 240.9 244.1 245.1 247.4 245.6 242 235.3 229 223.9 219.5 217 213.4 209.8 207.8 203.9 197.1 189.1 183.2 175.7 165.8 156 145.9 136.8 127.9 117.9 105.9 99.2 98.5 97.8 96 91.7 91.6 94.4 99.1 104.8 112.6 122.5 137.9 152.3 153.8 149.3 144.6 140.7 142.9 148.3 156.9 164.9 173.8 179.2 181.2 181.6 180.4 178.1 176.9 176.1 175 172.3 168.4 163.4 157.8 155 152 148.7 144.3 141.2 140 139.4 137.4 133.4 130.6 127.4 123.7 120.3 116.5 111.5 106.7 102.3
248.8 246.5 244 241.7 240.5 239.5 239 241 247.9 245.7 241.5 235.4 230.3 223.8 218.7 215.8 211 205.5 206 202.8 198 189.4 180.9 175.4 167.6 158.5 149.6 138.9 128.6 119.9 107.4 99.1 98.5 97.6 96.8 91.5 90.3 83.4 93.6 97.4 102.1 111.6 124.3 145.8 153.4 150.9 146.9 141.2 138 144.6 151.2 158 162.3 168.1 173.8 176.6 177.1 176.9 176.2 175.7 174.2 172.5 169.5 164.7 160 156.3 153.6 150.4 145.8 141.1 138.3 135.7 134.3 132 129.7 126.6 124 120.6 116.3 111.1 106.1 101.5
250.9 248.5 246.7 245.3 241.7 239.6 238.5 238.6 243 243.2 238.5 231.7 228.2 224.4 217.4 217.2 213.3 208.6 203.7 198.4 189.7 187.3 179.9 174.6 166 159.8 147 136.6 125.3 117.6 108 102.9 98.7 98 97.2 96 90.3 87.3 86.9 92.1 95.1 103.4 113 127.4 140.7 143.6 141.5 138.1 130.5 139 142.3 146.7 151 156.7 162.8 167.9 169.9 170.7 171.1 171.5 170.5 169.6 168.2 165.6 161.2 157 154.4 151.3 146.3 142.2 139 135.1 131.7 129.9 128.3 126.5 124.1 121.1 116.6 111.5 105.6 101.5
253.5 251 249 246.9 244.1 239.7 238.3 237.4 237 235.1 231.5 228.5 226.7 227.1 223.5 220.5 218.1 212.7 204.6 199.7 194.1 185.9 181.7 173.9 166.7 157.3 147.5 140.6 132.8 126.5 116.9 106.7 101.3 98.1 97.2 96.4 93.4 85.8 84 88.2 91.1 94.3 103.2 115.3 122.5 126.3 127.3 127.8 122.2 129.2 133.5 136.7 139 143.5 149.4 155.8 160.6 163.6 165.1 165.1 165.1 164.1 163.5 163.5 161.4 158.1 154.7 151.2 146.5 143.2 139.2 135.2 131.5 128.7 127.3 126.4 124.2 120.3 115.6 110.9 104.8 100.8
258.7 255.3 251.6 249.1 247.6 241.6 238.3 237.1 235.5 234.2 231.6 228.5 228 231 231.5 225.5 221.1 216 208.7 203.3 196.8 191.6 185.2 176.9 170.2 164.6 155.1 149.3 143.4 134.9 124.7 112.9 105.5 98.1 97.2 96.3 95.3 91.5 83.8 82.1 88.9 91.6 95.5 107.5 113.9 115.1 117.1 118.2 118.3 121.7 126.1 130.2 131.2 131.8 137.1 143.6 149.6 153 155.1 156.3 157.1 157.5 157.3 157.6 158.5 157.1 152.9 149.1 144.1 141.3 138.5 135.2 131.4 128.4 126.3 125.4 124 120.6 116.4 112 106.5 101.2
263.1 259.4 255.1 251 247.9 242.3 239.2 237.7 237.4 237.5 236.6 232.4 230.4 231.6 233.5 229.1 225.7 220.3 214.8 208.3 200.1 194.2 186.9 181 174.5 169.4 164.5 159.4 153 144.9 133.9 121.5 110.2 101.6 97.3 96.5 95.8 94.5 90.2 83.3 89 90.3 91.7 98.9 105.5 108.5 111.5 113.1 113.4 116.8 120.2 123.6 125.8 126 126.1 130.5 134.6 137.8 140 144.9 147 147.2 148.7 149.1 148.9 148.1 147.4 144.4 140.1 138.7 135.7 133.7 130.9 127.4 124.7 123.9 122.8 120 116.5 112 106.1 100.6
264.5 261.5 256.9 251.5 247 242.5 240.6 241.3 241.8 240.3 238.8 236.3 233.3 234 234.3 231.9 228.2 224.7 220.8 215.1 207.1 200.9 195.3 190.1 184.6 178.4 172.5 167.5 162 153.3 142.3 131.5 119.2 107.1 98 96.7 96 95.3 91.6 89.4 84.7 88.9 90.5 94.2 99.5 101.5 104.7 107.4 109.8 112.4 115.1 117.9 120.5 121.1 121.9 123.1 124.5 125.7 126.1 131.5 137.2 136.7 136.7 137.9 138.3 137.4 137.5 137 135.5 135 132.7 131.2 128.6 124.4 121.8 121.1 120.2 118.3 115 110.8 104.8 99.7
265.9 263.8 257.9 251.9 246.8 241.7 241.2 243.1 245.1 246.7 244.6 240.6 238.6 239.1 237.2 238.8 236.5 232.5 228.8 222.1 214.2 207.1 200.6 195.2 190.6 185.2 179.4 174.7 169.7 162.5 150.9 139.2 128.6 114.8 105.7 97.6 96.2 95.5 94.7 87.6 86.7 88.5 88.7 90.3 92.7 96.6 98.5 104.2 105.3 108.9 111 113.3 115.5 116.5 117.6 118.6 120 120.2 119.9 121.6 124.1 125.9 124.7 126.1 127 126.9 127.6 130.7 130.5 128.6 127.7 126.2 124.6 122.3 119.4 118.4 117.8 115.9 113.2 109.1 103.8 98.1
267.2 265.9 261.9 253.7 245.9 239.6 241.3 245 247.5 252.9 252.1 248.7 243.8 242.1 240 242.7 242.7 239.1 234.7 227.8 220.2 213.6 207.6 201.2 194.8 190.2 185.8 180.1 174 167.7 159.9 146.7 135.8 123.3 113.3 105 97.2 95.8 94.8 89.2 84.7 87.9 88.6 89 90 92.3 96.8 101.1 101.1 105.2 107.9 110.5 113.3 114.9 116 116.1 115.7 116 116.9 117.9 118.8 119.5 118.5 118.4 118.7 117.5 115.3 115.7 119.4 120.8 121.5 119.8 119 118.7 115.9 114 115.1 113.7 111.7 107.4 100.4 95.5
269.4 266.7 264.8 258.6 249 237.1 241.2 247.8 248.9 254.8 256.5 253.8 245.9 243.4 241.5 243.7 244.1 241.8 238.7 232.6 226 219.6 213 207.1 200.3 193 187.6 182.6 177 169.3 162.9 153.5 141.9 131.9 123.4 113.9 105.2 96.4 95.3 91.7 87.5 79.8 86.4 85.4 86.6 90.1 94.5 98.6 97.5 101.3 105.5 108.2 111.2 113.5 114.2 114.3 113.5 113.7 114.7 115.4 115.8 115.9 116 116 113 109.1 106.9 106 108.3 110 112 111.7 112.3 112.6 110.2 109.2 109.7 109.4 108.4 105.5 98.7 93.1
267.8 266.1 263.1 257.4 248.3 234.1 239.8 247.4 250.7 254.5 256.7 253.1 244.9 244.4 242.3 245 244.9 243.4 240.7 236.1 230.1 224.2 218.4 211.3 203.6 195.7 189.9 184.3 178.2 172.5 165.7 158.3 150.1 140.7 133 123.4 114.7 105.1 96.4 92.6 92.3 83.1 79.9 81.8 81.4 86.3 88.2 93.1 91.7 95.8 101.1 105.5 108.8 111.5 112.6 111.9 110.6 111.7 113.2 114.4 114.7 114.6 115 114 109.3 105.3 102.4 100.9 99.5 100.2 101.1 100.9 103 103.3 103.4 102.6 102.9 104.4 103.8 101.6 96 89.6
263.9 266.5 263.5 256.8 243.3 226.6 237.6 245 251.3 251.6 251.1 248.4 241.4 242.4 243.7 244.1 246.9 245.3 243 238 231.3 224.7 220.2 212.3 205.2 198.2 192.5 186.9 178.2 173 168.3 161.3 153.9 147.1 140.2 132.4 123.9 114.4 106.1 99.2 92.9 87.7 84.7 82.2 79.5 80.8 85.9 86.8 86.1 90.1 94.9 100.1 104.7 109.7 110.4 109.4 108.1 109.8 112.3 113.8 113.8 113.3 112.2 110.7 106.4 102.3 99.3 96.5 94.1 93.2 92.5 93.6 94.9 94.7 94.9 95.8 97.1 99.1 100.1 98.3 93.3 85.9
256.2 262.9 260.7 251.9 235.8 218.4 230.8 239.7 246.3 250.5 249.5 245.5 239 239.5 242.3 243.8 243 242.1 240.9 237.9 232.6 228.2 221.7 212.9 205.4 198.3 192 185.8 178 172.3 168.3 163.5 154.5 147.6 141.6 134.9 128.8 122 114.1 106.5 99 94.6 89.7 85.5 80.3 77.3 80.1 83.2 83.7 85.8 89.9 95.6 100.5 105.6 107.3 107 105.8 108.2 110.7 111.9 111.7 111.5 108.3 107.1 103.4 99.6 96.4 93.7 91.1 89.2 87.9 88.2 88.9 88.3 88.2 88.1 90.6 92.6 95.6 93.2 90.7 83.8
247.4 251.7 251.5 241.6 225 212.3 221.2 228 237.2 242.7 243.6 242.2 231.3 237 239.6 239.3 238.8 236.7 236.6 236.6 233.1 228.3 221.8 214.2 206.5 198.8 190.8 184.9 179.5 173.5 168.5 160.9 154.1 148.6 142.9 137.1 130.6 125.2 119.2 112.3 106.7 101.8 95 88.5 81.4 76.2 77.7 79.5 80 82.1 85.6 88.9 96.2 101.6 104.3 104.5 103 105.1 107.2 108.1 108.5 108.1 105.6 104.1 100.2 96.4 94.3 91.9 89 86.4 84.4 83.4 82.2 81.2 80.5 81.1 81.6 83.1 83.6 84.6 84 76.5
245.9 245.3 242.7 231.3 220.8 210.5 213.9 220.1 224.8 227.1 227.1 223.7 218.4 225.8 232.6 236.5 238.4 233.9 230.3 232 232.9 227.6 220.8 213.7 207.5 200.5 191 184.2 177.6 170.9 165.9 158.2 152.9 147.3 142.2 136.9 131 126.3 121.6 117.1 112.8 108.1 99.7 92.3 90.5 83 77.7 76.1 77.8 79.2 79.8 84.1 89.6 94.9 99.2 100.5 100.1 100.9 99.8 103 103.6 103.6 101.2 99.6 95.9 94.1 92 90.4 87.5 84.3 82 79.3 77.2 75.6 75.4 74.8 73.3 72.4 71.8 72.6 74.9 74.6
248.3 251.5 249.8 241.6 231.3 214.8 204.6 216.2 218.8 215.7 214.8 211.8 205.9 212.8 221.3 226.7 237.6 235.4 227 226 226.6 221.1 215.4 210 203.4 196.7 189.2 182.3 175.7 169.7 164.1 158.1 153.3 148.8 144.5 140 134.8 129.6 124.8 119.6 115.8 111.2 103.3 98.8 99.9 95.6 87.3 79.4 74.9 76.6 78.2 79.3 84.1 87.6 92 93.9 94.4 95.7 96 97.9 97.9 97.3 95.1 92.7 92 91.1 89.9 88.3 86 83 79.7 77.2 74.6 72.8 72.2 72.2 70.5 69.5 70 69.8 70.2 71
250.7 252.4 251.3 244.5 236.6 220.8 200.2 203 212 208.9 207.5 202.3 197.6 202.9 206.4 213.4 223.8 230.6 228.1 225 222.2 218.7 213.5 208.7 203.8 199.6 193.6 186.4 180 173.5 166.6 158.3 154.9 151 147.2 143.4 138.2 132.5 126.2 120.7 117 113.3 107.9 106.8 103.6 101.7 99.1 89.9 81.4 76.4 76 75.9 79 82.7 86.1 87.7 89.5 91.8 90.7 91.8 92.1 90.9 89.3 88 87.6 87.3 86.5 85.8 84.1 81.6 78.4 74.8 72.4 70.9 70.1 69.6 69.9 69.9 69.6 69.7 70 69.1
247.9 248 246.4 242.3 237.3 225.2 210.1 187.5 197.4 199.8 197.8 193 189.5 193.9 196.4 203 220.3 233.9 232.7 232.5 230.8 226.9 218.8 212.2 207.5 203.7 197.6 190.8 184.7 177.8 171 164.3 160.9 156.7 152.3 148.2 141.7 133.9 127.1 122.1 119.4 118 117.6 115 111.5 108.6 105.1 99.3 90.3 83.9 77.3 72.6 75.7 76.3 83.3 86 87 87.8 87.8 87.2 86.8 86.3 85.3 83.3 82.1 82.8 82.5 82.8 81.6 78 74.7 72.8 71.6 70 69.6 66.9 66.2 68.6 68.8 68.5 68.1 66.1
245.7 245.3 244.7 242.2 238 230.8 219.5 201.5 183.5 180.7 184.7 182.5 178.6 182.7 187.1 195.5 213 234.3 238.7 243.6 242.8 235.9 228.5 221.4 215.6 209.1 202.2 194.4 189.2 182.5 176.4 170.5 165.7 160.5 154.5 148.7 141.5 134.3 128.7 129.7 129.1 129 128.3 122.9 118.2 113.8 110.5 104.9 98.8 90.9 84.3 77.6 72.6 73.7 81.8 83.3 83.4 84.4 83.6 84.1 83 83 82.7 80.9 76.8 78 78.2 80.1 76.3 71.2 69.7 70 69.5 67.4 66.9 66.5 66.5 67.3 66.7 66.6 67.3 69.8
245.3 244.3 245.4 242.3 239.4 236.3 229.1 217.8 203.3 188.8 171.7 167.2 166.9 169.9 178.2 190.1 205 230.5 239.3 243.5 244.6 240 234.7 229.4 223.1 215.4 208.1 202 196.4 189.6 183 176.9 169.5 162.3 154.5 147.4 140.6 136.4 135.2 140.2 139.3 137.8 134.4 129.3 124.1 119.8 113.8 108.6 104 97.3 92.8 85.3 75.2 72.9 72.6 82.1 81.1 79.5 80.9 80.8 80.4 80.1 80.6 77.6 72.1 72.7 73.1 72.2 69.6 68.9 67.9 67.4 67.7 66.2 66.1 66.3 66.4 66.8 66.9 65.7 69 70
244.3 241.9 242 241.6 239.5 236.9 232 227 218 204.9 184.6 168.4 156.9 159.9 169.6 183.2 198.8 224 240.9 244.4 249.6 245.7 241 235.8 229.6 222.1 215.7 209.3 203.4 196.7 189.3 183 174.5 164.1 154.8 148.1 143.6 144 145.7 146.9 149.1 146.8 142.9 134.7 128.4 124.5 119.9 113.1 108.3 103.4 97.6 92.9 84.7 77.6 70.6 71.8 76.3 82.4 77.1 78.5 78.5 78.6 78.8 72.9 72.6 70.4 68.1 69.2 68.4 67.8 66.8 65.9 65.7 65.8 65.4 65.4 65.8 66.4 67 67.6 67.8 68.8
241.6 238.9 237.5 236.6 236.7 235.7 231.8 227.7 221.7 209.5 188.6 169 155.9 149.5 163.3 177.1 194 216.6 239.9 244.3 248.4 250.1 247.6 243.2 237.3 231.4 225.4 218.9 211.3 204.5 195.9 186 176.4 165.7 155.6 152.3 152.3 153.3 155.2 156.6 158.2 155.6 152.6 144.1 134 126.6 121.7 117 112.9 108.8 105.1 101.8 92.5 81 79.6 72.7 71.1 74.4 75.1 73.6 73.6 79.3 72 71.8 71.6 69 67.4 67.6 67.2 66.6 65.8 64.8 64.1 64.2 63.6 63.9 64.8 65.5 64.5 65.9 67.5 68
239.3 236.5 233.5 231 231.1 230.3 226.9 222.4 215.8 200.3 181.3 164.2 153.1 143.4 158.5 174.8 194.2 211.4 232.5 243.2 245.1 246.9 249.1 245.7 244.3 239.9 234 228 219.7 209.1 198.8 187.9 177.9 167.5 160.6 160.7 162.9 165.2 167 168.5 169.3 166.8 162 155.8 142.8 133.3 125 120 115.1 109.7 104.1 95.7 96.4 95.2 90.4 82.7 73 71 74.2 72.7 69.3 69.3 69.8 71.7 71.7 71.8 67.6 67.3 66.8 65.5 64.7 63.8 63.2 62.8 62.5 63.1 63.7 64.3 64.1 64.2 65.8 67.4
233.3 230.7 227.2 225.1 224.8 222.6 218.6 212.7 203.4 188.1 172.4 157.5 148.3 139.5 156.7 174.2 196.5 209.4 221.8 234.3 238.3 241.4 243.2 246.8 246.1 245.5 238.5 233.2 225.2 211.6 200.4 189.6 179.8 172.8 170.4 172.9 175.6 177.7 178 178.3 179.6 176 170.3 162.8 151.8 140.8 130.6 122.8 117.1 109.5 111.3 110 108.2 105.2 100.4 93.9 84.1 78.5 76.7 73.3 69.1 68 67.5 69.2 69.1 68.1 67.1 67.2 66.5 65.3 63.7 62.9 62.7 62.4 62.2 62.3 62.5 63 63.4 63.8 64.7 66.9
