WholeMapElevations/data/ns/ns94_OST50GRID_20230518/NS94.asc
ncols 200
nrows 200
xllcorner 290000
yllcorner 640000
cellsize 50
[rows 140 to 174 of 200, columns 0 to 77 of 200]
203.1 203.5 203.5 202.9 200.4 199.2 199.2 200.7 201.8 201.8 201.4 201 199.2 197.1 196.7 199.4 198.5 196.1 194.9 194.8 194.7 194.5 194.3 194.3 194.4 195.4 196.8 198.4 198.5 197.1 196.2 195.9 195.7 196 195.5 194.3 192.2 191.9 191.6 191 190.4 190 189.7 189.5 189.4 187 187.2 186.9 186.7 186.3 185.6 182.4 183.9 186.2 187.1 187.2 187.3 187.4 188.3 189.3 191.5 193 194.8 196.8 200.4 204.4 205.4 204.6 203.4 208.3 212.3 213.4 213.7 212 209.1 207.3 207.4 209.8
203.4 203.5 203.3 202.7 201.2 201.2 203.2 204.5 205.5 205.5 205.5 204.7 203 201.4 202.7 205.9 201.7 196.6 195.3 194.9 194.7 194.6 194.8 195 195.1 196.1 197.6 198.9 197.5 198.3 198.1 197.9 198.6 198.2 197.2 193 191.6 191.1 190.9 190.2 189.5 189.5 189.1 188.8 188.6 187.5 187.9 187 186.6 186.8 186.7 186 184.8 182.4 186.6 187.5 187.5 188.2 189.1 191 193.2 194.9 195 197.7 201 202.1 202.9 202 202.4 208 213.5 215 214.7 211.6 208.1 207.5 208.4 211.1
206.2 204.8 203.1 202.9 203.6 206 208.3 208.8 209.2 209.3 208.8 208.1 206.8 206.5 207.6 207.2 200.5 197.9 196.6 195.4 195.3 196.1 196.6 196.9 196.2 196.5 197.1 197.7 199.9 201 200.3 201 201.8 200.5 196.7 192.4 191.2 190.8 190.3 189.8 189.5 189.1 189 188.9 188.3 187.9 187.9 187.4 187.4 187.4 187.2 186.6 186.2 182.4 186 187.3 188.6 189.1 189.9 191.6 193.1 194.6 195 196.5 199.8 199.8 200.6 200.7 202.3 208.6 214.2 216.3 215.5 211.1 208.1 208 210.4 212.7
211.5 209.9 207.1 206 207.9 210.8 212.6 212.3 212.1 212 211.6 211.2 210.7 210.3 209.5 206.8 202.8 201.6 199.5 197.9 197.5 198.5 199.5 199.2 199.1 199.3 198.5 199 201.6 201.4 200.7 200.6 200.6 197.7 193.9 191.8 191.1 190.6 190.4 189.8 189.4 189.1 189 188.7 188.3 188.1 187.9 187.7 187.6 187.8 187.7 187.7 187.6 186 182.4 187.8 190.4 189.6 190.7 192.2 192.7 193.9 194 195.6 200.8 201.3 201 200.4 203.6 209.9 215.8 217 214.3 211.1 209.5 209.8 212.8 215.5
213.2 212.6 212 211 211.5 212.9 213.1 212.9 212.3 212.2 212 211.6 211.1 210.9 210.5 209.6 207.6 205.9 204.2 202.3 202.2 204.1 204.8 204 204 203.3 201.3 200.7 201.5 201.6 201.6 201.1 196.9 194 192.6 191.7 191.2 190.6 190.2 189.8 189.4 189.1 188.8 188.5 188.7 188.5 188.3 188 187.8 188 188.2 189.2 189.9 189.6 182.4 186.9 189 189.2 191 191.9 192.4 192.8 193.8 199.2 202.6 202.3 201.8 200.2 205.2 211.3 216.8 215.9 212.9 211 210.4 211 214.4 217.2
214.3 213.8 213.7 213.4 212.5 213.3 213.3 213 212.5 212.4 212.2 211.8 211.4 211 210.6 210.3 209.7 209.1 207.5 205.8 204.8 205.6 206.1 205.7 204.5 203.5 201.7 201.8 202.1 201.9 201.3 199 195.3 193.7 192.8 191.8 191 190.6 190.3 189.8 189.4 189.2 189 188.9 189.2 189.3 189.1 189.2 189.6 190.4 191.9 193.1 193.7 193.5 186.1 185.5 188.2 189.4 190.9 192.1 193.9 195.7 199.7 201.9 203.2 202.9 202 200.4 205.9 211.8 215.4 214 212 212.3 212.9 213.5 215.4 218.2
214.6 214.3 214.1 214 213.7 213.6 213.3 212.9 212.6 212.5 212.4 212.1 211.6 211.1 210.7 210.4 209.7 209.1 209.1 207.6 206.5 206.5 206.4 205.8 204.8 203.5 201.4 202.4 202.6 200.8 198.8 197.4 196.7 195.1 193.2 192.1 191 190.7 190.3 189.9 189.9 189.5 189.2 189.7 189.6 189.8 190.5 191.2 192.7 194.3 195.3 195.6 195.3 193.3 186.8 185.4 188.5 190.2 191.7 193.3 196.6 199.4 200.9 202 202.2 201.8 200.6 201.9 206.4 210.5 213.3 212.2 210.6 211.9 214.6 216.7 217.7 219.2
214.9 214.5 214.3 214.1 213.8 213.5 213.2 212.9 212.7 212.6 212.5 212.1 211.7 211.3 210.4 210.1 209.7 209.3 208.4 208.7 207.9 207.2 206.9 205.8 205 203.4 202.6 203.1 202.3 199.6 199 200 198.5 195.8 193.8 192 191.8 191.6 191.2 190.9 191.1 189.9 190 191.2 191.5 191.6 192.2 192.8 194.4 196.1 197.1 195.7 192.9 190.2 187.1 182.4 188.9 190.3 191.6 193.5 195.7 199 200.8 202.2 201.7 200.8 200 201.6 205.1 207.9 209.5 209.3 209.4 212 215 218.7 220.3 221.4
215.2 214.7 214.4 214.3 213.8 213.5 213.2 212.9 212.8 212.6 212.5 212.2 211.8 211.4 210.6 210.1 209.7 208.2 205.5 207.3 208.5 207.6 207.3 206.4 205.5 204.7 204.1 203.3 201.5 200.8 200.7 200.5 197.8 195.2 193.2 192.8 193.2 193.6 191.9 191.5 190.9 190.8 191.1 192.6 193.5 193.6 193.7 194.2 195.5 197 195.9 193.6 191.2 189.3 187.7 182.4 189.2 190.5 191.6 193.1 194.4 196.8 199.2 201.2 200.3 198.2 199.2 202.5 203.8 206 207.7 207.6 209.4 213.7 217.6 220.5 222.4 222.6
214.6 213.8 213.5 213.8 213.6 213.4 213.1 213 212.9 212.7 212.6 212.2 211.8 211.5 211 210.6 210 208.5 207.9 208.5 208.7 208.6 210 207.9 206.5 205.3 204.6 203.6 202.5 202.4 201.8 200 197.6 195.2 193.8 193.6 193.3 192.7 191.6 191.7 191.4 191.9 192.1 194.1 194.9 194.5 194.8 195.4 196.1 195.8 194.3 192.6 190.7 189.7 188.5 182.4 188.6 190.5 191.7 193 193.6 194.3 195.5 196.2 196.7 197.9 200.6 202.9 204.1 206 206.7 208.3 210.9 214.6 219.1 221.5 222.9 223.4
213.2 212.9 213.1 213.2 213.4 213.2 213 213 213 212.8 212.5 212 211.8 211.6 211.4 210.9 210.4 210 209.4 209.3 209.2 208.8 209.5 208 207.3 206.1 205.1 204.6 203.9 203.2 201.5 199.6 197.2 195.2 194.5 194.5 194 192.9 192.5 192.6 191.8 190 191.8 195.4 195.3 194.7 193.8 194.3 196.3 196.2 194.1 192.1 190.7 189.9 190.1 182.4 185.9 187.6 191.4 192.7 193.2 195.8 197.7 199.6 201.2 201.5 203.5 205.3 205.5 207.2 207.7 209.4 212.9 215.8 219.8 222.6 223.2 224.7
212.6 212.5 213 213 213 212.9 212.9 212.8 212.7 212.6 212.1 211.9 211.7 211.4 211.1 210.9 210.6 210.2 209.8 209.6 209.2 208.9 208.3 207.7 207.1 206.5 205.4 205.4 204.8 202.9 200.8 198.6 196.7 195.8 195 195.3 194.5 193.6 193.8 193 189.8 189 193.3 195.2 194.9 194.1 192.4 193.2 195.5 195.8 193.8 192.2 191.4 191 191.5 188.9 182.4 185.8 189.5 192.1 193.2 195.8 198.1 200.4 203 204.6 205.2 206.4 207 207.8 208.6 210.1 213.6 216.8 219.6 221.5 222.9 224.8
208.8 212.3 212.6 212.9 212.7 212.6 212.4 212.3 212.2 212.1 211.5 211.1 211.1 211 210.7 210.3 210 209.6 209.3 209.3 209.4 209.2 208.8 207.8 207.3 206.8 206.4 206.5 204.9 202.5 200.3 198.2 197.2 196.2 195.1 195.6 195.2 195 195.4 192.3 187.7 190.7 193.6 193.8 193.8 192.3 191 191.7 193.8 193.6 194.5 193.6 192.9 192.7 194 193.6 189 182.4 186.3 190.9 192.6 194.7 197.5 202.1 204.9 206.8 206.8 207.2 207.6 208.5 209.3 210.9 213.7 216.6 218.6 220.9 222.3 225.9
207.6 208.2 211.5 211.8 211.6 211.7 211.5 211.4 210.7 210.4 209.9 208.6 207.9 208.3 209.3 209.1 208.8 209.1 208.8 209 209.1 209 208.4 207.5 207.4 207.2 206.9 206.9 206.3 203.8 201.4 199.5 198 197.2 194.5 192.2 195.2 195.6 196 191.5 187.3 190 192.4 192.5 191.7 190.4 189.8 190.6 192.6 193.4 193.9 193.9 193.5 193.5 194.8 195.3 194 188.9 182.4 187 192.1 194.1 198.1 203.5 206.6 207.3 207.8 208 207.9 208.5 209.2 211.3 213.6 216 218.6 220.9 224.2 227.6
207.7 208 208.2 209.1 209.2 209.7 209.7 209 208.6 208.1 207.5 207.2 206.6 206.4 206.9 207 207 206.9 208.2 208.7 208.5 208.3 207.5 207.4 207.3 207.2 207.1 207 206.2 205.4 203 201.4 199.4 197.8 193.9 189.6 190.8 191.2 190.1 193.5 190 188.3 190.4 190.5 189.7 189.2 189 190 191 192.2 193 193.5 193.7 194.2 195.2 196.1 194.4 191.9 186.3 185.1 191.5 194.4 198.8 203.7 206.8 207.7 208.2 208.5 208.2 208.7 209.3 211.2 213.2 215.8 218.5 221.3 224.9 228.6
207 208 207.7 207.8 208.6 208.3 207.8 207.6 207.5 207.6 207.7 207.4 206.7 206.6 206.7 207.4 207.4 206.7 207.2 208.3 208.1 207.3 207.3 207.3 207.4 207.4 207.3 207 206.2 205.4 204.6 202.8 197.5 192.8 190 187.8 187 189.1 189.5 192 190.5 187.5 188 188.5 188.6 188.7 188.9 188.9 189.5 190.5 191.9 193.2 194.2 195 195.6 195.7 194.3 192.3 187.5 184.6 192.7 195.8 200 204.6 207.1 207.6 208.1 208.3 208.2 208.6 209.7 211 213.3 216.1 218.8 222.3 226 229.6
207.1 208.2 207.6 209.1 210.1 209.4 206.7 207.2 207 207 207.2 208.4 208.7 207.9 208.1 208.9 208.5 208.7 208 207.8 206.7 207 207.3 207.4 207.5 207.5 207.5 207.2 206.7 205.7 204.5 202.8 196.5 191.1 188.7 186.7 186.1 188.6 189.1 189.6 189.4 186.9 185.7 187.6 188.6 188.4 188.6 189.5 190.4 191.4 192.7 193.9 194.6 195.1 195.7 195.2 193.9 191.4 186.6 182.5 193.4 197.3 201.7 205.3 207.2 207.7 208 208.1 208.4 208.9 210.2 211.9 214.1 216.9 219.9 223.4 227 230.6
190.5 207.7 210.3 210.3 210.4 210.4 210.4 208.4 206.2 206.3 206.4 207 209.2 209.5 208 209.4 209.4 209.2 207.9 205.6 204.8 206.2 207.2 207.4 207.5 207.7 208 207.9 207 205.4 204.4 201.8 198.9 195.6 192.8 189.9 186.3 188.4 189.2 187.7 186.9 184.8 185.3 187.9 187.8 187.6 188.9 190.2 191.4 192.4 193.7 194.3 194.9 195.3 195.7 194.9 192.4 188.9 184.8 182.4 194.1 198.2 203 206.3 207.5 208 208.3 208.6 208.9 209.3 210.7 212.7 215 218.1 221 224.4 227.9 231.5
192 205.6 210.3 210.3 210.4 210.4 210.4 206.9 208.1 207 206 206 206.1 209.5 209.5 207.9 207.8 206.8 204.4 201.8 202.8 205.9 207.1 207.3 207.4 207.4 208.3 208.1 207 205.2 201.8 195.9 195.2 193.5 191.6 190.7 185.9 186.7 186.8 185.1 183.9 183 183.7 185 184.7 186.8 188.9 190.2 191.7 193.3 194.2 194.8 195.4 195.5 195.5 193.8 190.5 186.3 182.4 186.4 195 199.2 203.9 206.9 208.5 208.8 208.9 209.2 209.4 209.8 211.2 213.6 216.1 219 222 225.4 228.9 232.5
194 198.2 209.4 210.4 210.4 210.4 210.4 210.3 209.3 207.8 206.2 206.1 206.2 209.5 209.5 205.5 204.3 203.5 200.7 198 201.7 206 207.2 207.3 206.8 205.3 203.4 205.6 205.9 203.8 196.7 191.5 188.8 189.6 187.9 187.7 185.1 183.2 183.5 181.8 181 180.8 181.7 182.6 183.5 185.9 187.8 189.7 191.7 193.3 194.7 195.3 195.8 195.7 194.8 192.4 187.1 184.2 182.4 190.5 196.3 200.9 204.8 207 208.7 209.8 209.8 209.8 210.3 211.1 212.2 214.6 217.1 219.8 223.3 226.7 230.1 233.5
193.8 194.2 208.2 210.4 210.3 210.3 210.4 208.9 208.8 207.4 206.5 205.7 205.4 205.7 205.6 203.7 198 197 195.8 195 200.5 205.4 206.2 203.5 200 196.1 193.7 199.5 205 200 191.5 187.9 186.4 187.8 186.5 186.2 184.3 181.7 181.1 180.1 179.6 179.4 180 181.4 183.6 185.9 187.4 188.8 190.6 193.3 195.7 196.4 196.4 195.5 193.5 189.9 185 182.4 185.4 191.1 194.9 201.1 204.6 206.4 207.8 209.1 209.5 211.1 211.5 212.4 213.5 215.8 218.3 221.1 224.6 228.4 231.4 234.7
207 193.7 202 210.3 208.3 208.3 207.1 207.5 207.3 207.5 207.7 205.4 203.7 204.5 205.9 201.7 193.7 191.2 191.4 194.8 200.5 201.4 197.9 194.2 192.8 190 188.6 194.5 203.6 201.6 192.5 189.2 187.1 185.8 186.5 185.6 184.1 181.6 179.7 178.9 179 179 179.7 181.6 184.8 187 188.4 189.6 190.5 193.1 196.5 197.7 197.2 195.2 192.2 187.4 181.9 182.4 188.9 193.7 196.5 199.5 203.9 205.8 207 208.2 210 211.8 211.9 212.9 214.6 217.1 219.7 222.6 225.6 228.5 231.8 235.8
205.6 193.6 194.2 205.5 208.3 208.3 207.6 207.1 206.9 207 207.2 202.2 202.6 204.4 207.5 202.2 193 188.8 189.2 190.8 194 193.2 189.9 187.9 187 186.4 185.8 192.3 201 199 191.9 190.3 186.9 184.2 185.7 186.3 183.7 181.2 179.3 179 179 179 179.9 181.2 184.9 187.4 189.5 190.7 192.6 193.1 194.7 197.4 196.5 192.8 189.2 183.7 181 185.5 192.3 195.7 197.9 200.7 202.2 205.2 207.1 208.8 209.8 210.9 211.7 213.1 215.1 217.5 220.6 223.5 226.7 230.1 233.5 237.4
204.2 203.2 193.3 205.4 208.3 205.6 207.8 207.4 207.5 207.6 207.6 203 202.3 203.7 207.4 203 194.8 188.2 188 188.2 188.6 187.5 186.5 185.1 184.2 183.8 185.6 189.8 196 193.1 189.8 188 185.1 182.8 182.6 184.2 182.5 180.8 179.1 178.8 179 179 179.7 181 184.3 187.2 189.6 191.9 194 195.3 194.4 192.7 192.3 189.4 185.2 180.6 180.9 187.6 192.8 196.5 199.4 201.7 203.5 205.2 207.5 209.4 210 211.1 212.4 214.6 216.5 218.7 221.6 225 228.5 231.9 235.1 238.3
202.4 201.2 194.5 201.9 206.8 208.2 209.1 208.7 208.2 207.9 207.7 206.7 204.7 204.6 205.8 203.8 197.2 189.5 188.3 189.7 191 192.3 192.2 189.6 185.1 182.8 184.1 187.7 192.4 191.8 189.4 186.4 184.2 175.7 175.7 175.7 178.2 178.7 178.8 178.8 179.1 179.3 179.9 180.5 182.7 186.6 189.6 191.5 193.4 195.5 194.8 190.4 186.5 183.2 179.9 180.3 185.6 188.6 192.1 195.9 199 202.2 204.5 206.2 208 210 210.8 211.5 213.1 215.5 216.9 219.7 222.9 226.7 230.2 233.3 236.4 240.2
201.3 200.6 195.5 201.1 206.4 208.2 208.7 208.8 208.7 208 207.8 210.3 207.9 205.5 204.3 203.4 199.7 191.6 189.8 192.1 195.9 199.3 199.8 195.7 187.1 182.6 184.1 188.3 190 189.5 187.1 180.1 175.5 177.3 178 178.3 176 175.7 178.5 179 179.3 179.6 178.9 179.5 181.7 184.1 188 183.9 191.2 191.3 187.9 179.1 179.4 179.4 179.5 186.1 188 189.9 192.6 195.6 199.2 201.8 204.6 207 208.7 210.5 211.9 212.9 214.1 216 218.1 220.6 224.1 227.9 231.4 234.4 238.5 241.4
200.9 200.6 191.4 190.6 203.6 206 208.2 208.3 207.2 208.2 208 210.4 208.6 206.4 204 200.8 196.5 192.1 191.6 192.3 189.3 191.9 197.7 194.5 184.8 181.4 184.8 187.8 187.7 187.3 184.8 175 177.1 178.7 180.1 181.1 181.1 179.4 178.1 175.9 177.3 176 176.1 176.2 176.9 178.1 178.1 179.5 180.6 178.9 178.1 182.3 185.4 185.6 185.3 187.2 188.7 190 192.8 195.9 199.3 202.2 204.7 207.3 209.4 211 212.5 214.1 215.4 216.8 218.9 221.2 224.5 228.3 232.3 236.3 240.1 242.2
200.2 199.4 188.5 188.5 199.6 200.9 204.7 207.2 207.9 209.5 208.4 209.1 208.7 208.5 204.4 197.2 191.4 190.4 189.8 184.9 180.3 180.3 183.7 183.5 180.8 181.2 184.8 186.2 185.5 184.7 174.6 176.8 178.6 179.8 182 183.9 184.2 182.9 180.4 177.9 178.2 177.6 178 178.4 178.6 179.4 178.1 178.1 178.1 178.4 182.1 184.1 186.6 186.6 186 186.3 188 190 192.4 195.3 198.4 201.3 205.2 208.3 210.1 211.4 212.9 214.6 216.1 217.3 219.3 221.1 224.6 229.3 233.4 237.1 240.4 242.6
199.3 197.5 188.5 188.5 197 198.1 198.2 208.8 210.2 210.9 209.9 207.6 209.1 209.6 203.9 196.9 190.2 187.9 182.8 179 177.8 178 178.8 178.6 178.8 180.5 184.1 185.4 183.5 181.4 174.4 177.6 179.2 181.4 184.3 186.2 186.1 185.4 182.4 179.6 179.4 179.1 178.8 179.2 181.1 183.8 183.5 183.5 184.1 186.8 187.7 185.6 185.9 186.1 186.6 186.2 187.6 190 192.5 193.8 196.1 200.6 204.7 207.5 209.8 211.5 213.6 215.2 216.6 217.9 219.7 221.6 225.4 230.4 234.9 239.1 242.5 244
198.1 188.5 188.5 188.5 197.3 197.9 198.1 212.1 211.4 211.1 210.6 207 206.8 206.7 202 196.4 188.2 181.7 178.6 177.8 177.5 177.6 177.5 177.6 177.8 178.7 182.1 184.2 182 177.9 174.4 178.8 180.8 182.8 185.5 186.6 188.5 188.2 185.3 181.6 179.8 179.7 179.6 180.6 182.4 184.4 183.8 185.3 187.5 190.1 189.8 188.3 187.2 187.2 186.3 186.5 187.1 189 191.1 192 194.5 198.1 201.6 204.4 208.2 212.3 214.9 216.5 217.4 218.3 219.8 222.1 226.1 231.2 236.8 241.1 244.4 245.7
195.6 188.5 188.5 188.5 196.5 197.7 197.6 202 208.4 209.7 206.6 201.1 198.5 197.7 194.7 191 182.4 178.3 177.6 177.3 177.2 177.2 177.3 177.4 177.6 177.8 179.7 180.9 179.3 174.4 177 180 182.1 184.2 186.3 188.7 190.9 191 188.5 184.4 181.1 180.2 180.4 181.9 183.2 182.9 183.2 185.9 188.6 191 190.9 189.4 188.4 187.8 186.8 186.5 187.1 187.6 189.7 190.7 192.3 194.9 197.3 201.4 207.3 211.5 215.2 217.3 217.5 217.9 219.3 222.5 227.2 232.7 238.5 243 245.7 246.6
194.5 188.5 188.5 188.5 196.8 197.6 197.6 198 208.1 204 200 194.6 189.7 184.8 183.3 180.7 178.1 177.4 177.5 177.4 177.4 177.3 177.1 177.3 177.5 177.6 178.3 178.7 177.4 174.4 177.4 181.4 183.5 185.9 188.3 191.1 194.4 194.7 191.5 187 183.6 182.2 181.3 181.9 182.9 183.6 185.1 187.9 190.6 192.1 191.9 190.4 189.1 188.3 187.9 188 187.8 187.6 188.7 189.7 191.4 193 195.2 199.4 205.4 209.7 213.6 216.6 217 217.8 219.2 223.3 228.3 234.3 239.8 244.2 247.2 248.6
196.7 191.6 188.5 188.5 197.5 197.3 197.2 197.2 210.8 201 192.8 184.6 174.6 174.6 176.6 176.8 176.9 176.7 176.7 176.6 177.2 177.6 177.4 177.2 177.3 177.5 177.5 177 174.4 178.6 180.6 183.2 186.4 189.2 193.3 196.7 198 197.1 194.5 190.9 186.6 183.9 182.6 182.9 183.1 185.1 187.2 190 192.8 193.9 193.3 191.3 189.9 189 187.9 187.7 187.5 187.5 187.9 189.7 191.5 193.1 194.3 196.2 200.8 207.4 212.3 215.4 216.8 218 219.8 224.7 229.6 235.2 240.9 245.2 248.8 251.7
195.3 194.4 194.1 197 198.4 196.9 197.2 197.2 206.1 203.2 189.7 174.6 176.8 177.2 174.6 174.6 174.6 174.6 174.6 176 176 176.9 177.5 177.2 177.2 177.2 177.2 174.4 178.4 180 182.1 185.2 188.5 192.2 196.4 199.5 200.2 199 197.1 194.1 189.9 187 184.8 185.3 184.3 186.5 189.6 192.3 194.8 195.7 194.6 192.5 190.5 189.5 188.4 187.6 187.5 187.6 188.1 189.4 191.1 193.6 194.7 195.8 200 205.9 211 214 215.3 217.9 220.8 225.5 230.7 236.3 242.2 247.2 250.9 254.2
193 193.8 193.4 195.5 198.6 196.7 196.8 196.9 206.2 204.4 189.6 174.6 176.7 177 177.1 177.2 176.7 176.7 177 177.5 174.6 174.4 176.3 176.5 177 174.1 174.2 178.1 179.4 181.6 184.3 187.3 190.9 194.7 198.7 200.3 200.7 200.6 199.2 196.3 194.2 191.1 188.5 187.4 185.5 187.5 190.7 193.6 196.6 197.1 195.6 193.2 191.2 190.1 188.9 188.4 188.2 188.3 188.7 189.8 190.8 193.3 195.1 196 198.7 204 209.4 212.9 215.4 217.9 221.9 226.6 232.2 238 244.3 250 254.1 257.7
