UK/data/so/so77_OST50GRID_20230518/SO77.asc
ncols 200
nrows 200
xllcorner 370000
yllcorner 270000
cellsize 50
[rows 36 to 71 of 200, columns 0 to 79 of 200]
101.4 110.8 116.9 123.2 130.6 138.1 138.1 137 139.3 141 144.9 153.2 160.5 162.3 161.8 159.9 158 156 154.6 152.9 150.1 147.5 145.4 145.4 145.2 142.8 140 136.7 135.3 132.8 129.8 123.8 117.7 112.6 109.2 103.9 100 107.3 113.8 116.3 119.1 123.9 122.8 125.8 127.7 128 128.7 130.3 132.1 135.7 137.2 136.1 133.7 134.2 129.7 123.5 117.1 111.2 107.7 104.2 105.7 109.1 114.5 118.2 120.4 124 124.2 126.8 129.3 127.5 128.1 128.8 132.2 134.5 135.2 139.9 140.2 140 141.6 143.9
99.5 108.9 116.1 123 130.1 137.1 136.5 133 133.2 135.6 142.7 150 159 161.9 161.8 160.3 158.3 157 154.7 153.9 153.2 152.2 151.1 149.7 149.1 145.8 142.6 139.6 136.3 132.1 126.6 123.5 120.4 116.5 111.6 104.7 97.7 106 112.1 114.2 116.2 117.5 120.2 122.6 125.2 125.2 126.6 128.1 131.4 134 135 135 133.8 133.8 127.7 124.4 120 114.1 110.8 107.1 102.8 105 111.9 115.1 117.4 117 115.6 121.2 119.9 117.4 123.3 129.9 132.8 133.4 135 139.5 139.9 138.6 139.7 141.2
100.4 107.4 114.6 123.2 130.3 135.8 132.9 128.9 125.5 131.9 139.9 147.6 156.3 160.6 161.3 160.7 158.9 157.1 155.6 154.4 153.8 153.3 152.8 151.8 150 147.7 144.6 141.2 137.7 133.7 129.9 126.7 122.3 115.9 108.4 102.5 96 106.7 111.4 111.9 113 113.9 116.9 119.7 121.8 121.2 123.3 127.4 132.1 134.4 135.1 135.2 134.4 134.2 130.4 128.7 125.2 121.4 114.6 109.7 107.9 106.3 98.5 101.1 104.8 107.6 108.4 112.9 111.4 120.8 130.1 132 132.4 131.1 132 134.6 135.2 133.8 134.5 140.9
98.1 105.5 114 121.9 129.1 127.9 125.5 122 124.8 130.9 137.3 145.4 154 157.9 160.3 160.5 159.3 157.3 155.8 154.8 154.4 153.9 153.2 152 150 148.1 145.4 141.6 137.8 134.3 130.9 128 121.8 117.3 112.4 105.2 95.6 102 106.4 107.7 109 112 114.4 117.1 117 119.4 122.9 129.1 132.9 136.2 136.4 135.9 135.6 137 135.1 132 130 127.4 120 114.9 111.7 112.1 111.9 102.3 97.3 99.6 101.1 105.9 113.5 123.5 133.8 133 131 129.8 128.6 128.8 130 130.1 131.9 136.7
96.8 102.7 110.8 117.5 121.4 121 117.7 119.1 126.8 133.1 137.4 143.3 151.6 156.4 159.5 159.8 159.2 158 156.4 155.2 155 154.2 153.2 152 150.1 147.8 145.1 141.5 138 135.5 132.8 130.3 126.2 121.4 116.5 108.3 100.5 97.3 104.5 106.5 105.8 109.6 111.4 114.2 115 119.7 123.3 129.6 134 138 138.4 137.8 137.4 138.5 138.8 135.6 134.4 132.9 126.7 119.8 116.2 114.4 114.6 107 98 95.5 98.5 103.2 112 123.4 131.1 130.6 128.1 127 124.7 123.3 125 125.2 126.3 130
97.4 99 106.2 114.5 115.6 114.4 112.5 124.8 129.3 133.6 137.2 141.9 150 155.9 158.4 158.2 158.3 157.1 155.5 154.7 154.8 154.1 153.2 152 150.1 147.6 144.6 141.2 137.5 134.9 132.7 130.9 129 124.5 119.7 112 104.5 96 99.7 103.1 103 106.4 108.3 111 115.4 119.8 124 128.6 134.7 138.9 140.5 139.8 139.6 139.9 141.3 138.9 137.5 135.8 129.7 121.8 118.2 115.7 113 102.5 102.9 96.8 96.1 100.7 107.3 118.7 123.6 126.9 123.4 121.8 118.5 113.6 117.8 122.9 124.5 128.9
100.3 95.7 101.3 110.3 111.8 107.7 115.7 127.2 130.8 133.3 135.3 139.8 146.1 155.4 156.3 155.7 156.6 156.1 154.3 153.7 153.7 152.8 151.7 151.1 149.4 145.3 142.5 139.5 135.8 133.4 130.6 128.2 126.9 124.1 120 114.5 107.5 100.1 95.7 99.5 100.9 105.8 108.9 113.3 116.6 120.4 125.3 130.2 134.4 139.3 141.1 142.2 141 140.8 142 140.6 138 135.3 128.8 120.6 117.5 114.2 110.6 110 111.5 103.8 97.3 94.8 103.2 108.6 118.9 122.1 120.5 117.5 107 118.7 121.9 123.1 125.5 128.5
103.5 95.3 95.9 105.3 107.4 105.2 119 130.4 129.4 130.3 132.5 135.7 141.6 152.1 153.7 152.8 154.4 154.9 153.3 152.3 152.4 151.9 151.2 149.9 148.9 145.8 140.4 136.2 132.3 130.3 128 125.4 123.1 119 116.1 111.9 105.9 98.8 94.4 95 101 105.9 109.1 113.1 116.5 120.7 125.9 131.3 135 139.2 142 142.8 142.5 141.7 141.8 140.9 138.2 134.3 127.1 120.1 117 114.2 111.4 114.7 115.4 109.6 102 96.2 92.6 100 112.8 117.4 116.9 113.7 107.8 115.3 120.9 124.1 127.1 129.9
108.1 101 95.2 99.4 99.9 109.3 120.2 127.6 124.7 126.3 129 133.2 138.2 143.4 148.7 149.2 151.9 153.3 151.8 149.9 150.6 150.7 150.2 149.2 148.1 145.9 142.3 137.1 132.5 125.7 124.3 122.1 116.8 112.1 109.4 107.3 103.5 101.6 94.2 93.5 99.9 104.8 109.9 113.4 117.4 121.3 126 131.3 134.8 138.5 143 142.6 142.7 141.8 141.1 140.2 137.4 133.1 126.5 119.6 117.1 114.2 113 116.8 115.7 110.7 103.8 99.7 93.9 93.6 102.9 111.7 113.6 105.4 104.6 114.5 120.8 123.6 126.3 128.3
108 101.5 97.1 96 103.2 109.5 114.7 116.5 117.8 122.2 126.1 130.5 132.4 136 139.7 146.3 149.5 150.1 148.7 146.4 148.4 149.2 148.2 147.1 145.7 143.7 140.8 137.1 132.7 127.4 121.7 116.9 113.1 111.8 109.4 112.5 109.1 105.2 99 91.8 97.7 104 108.9 113.8 118.2 122.1 126.7 131.2 134.8 138.8 142.6 142.7 143.6 142.9 140.5 139.1 136.4 131.5 125.7 120 118.1 116 114 116.8 117 112.4 106.4 101 96.2 91 95.4 108.5 110.6 97.3 106.4 114.5 119.9 126.2 123.5 122
104.1 103.1 100.5 95 94.4 103.6 106.4 106 115.7 122.5 124.8 127 128.1 130.8 137.2 146.2 146.4 145.8 143.9 143.1 146.2 146.3 145.8 144.3 142.8 140.9 138.2 134.5 131.5 128.9 126.2 124.5 123.3 122.4 120.4 119.8 114.4 107 100.3 91.5 97.7 103.2 107.7 113.6 118.6 122.7 126.7 130.8 135 139.5 141.3 141.6 143.3 141.1 140.1 138 133.8 130.6 126.9 123.5 122 119.7 118.1 118 119.5 115.5 110.7 103.4 98.4 93 89.2 102.4 101.8 93 110.7 116.7 119.6 121.4 120.4 118.3
108.1 111.3 106.2 98.2 92.5 97.4 100.1 108.4 117.2 126 124.1 123.3 123.6 128.6 134.4 139 140.3 140.6 139.9 139.9 142.8 142.3 142.5 141.4 139.4 136.8 133.2 130.7 130.5 130.6 130.7 131.6 130.4 128.4 125.9 121 115.8 107.2 98.2 89.4 96.8 101.7 106.4 111.8 117.1 121.8 127.2 130.4 135.7 135 138.8 141.1 142 140.7 140.5 137.3 134.6 133.7 132.8 130.8 126.8 124.5 122.3 119.6 121.6 119.8 115.6 106.9 100.6 95 90.8 91.8 92.6 98.4 111.1 114.6 116.2 116.5 116.6 114.6
111.1 114 108 101 96.3 93.2 98.7 104 113.4 124.8 120.2 117.7 121.5 126.5 131.8 133.3 133.5 133.6 132.7 134.9 137.5 136.4 137.6 136.7 134.1 130.6 129.9 127.5 129.8 130.8 132.9 133.9 132.3 129.8 126.5 121 115.1 105.7 96.3 89.8 95.4 100.3 104.8 110 115.1 121.9 127.9 131.1 131.9 133.8 137.9 140.2 141.8 140.9 141 138.3 136.3 137.1 135.3 134.8 131.3 128.9 126.1 123.7 123.7 124.6 120.1 112.1 104.9 98.9 95 89.7 86.2 95.6 103.3 108 107.3 108.6 109.6 109.4
113.6 113.8 107.4 102.4 98.1 93.4 93.1 96.9 105.6 116.4 113.1 114.1 121.7 126.9 129.8 129.3 130.3 130.3 130.2 128.5 130 129.6 130.5 130.5 128.2 127.5 126.1 126.2 128.3 132.5 134.3 134 132.6 129.8 125.4 120.2 115.4 104.8 94.3 89.6 94.6 101.3 107.7 111.5 112.5 119.1 124.4 128.9 131.9 134.1 137.2 140.5 141.8 142.5 141.6 139.6 138.3 138.3 137.6 137 135.9 132.7 130.6 127.4 126.9 127.8 123.2 116.1 108.2 103.2 98.6 96.5 89.5 84.3 88.5 101.1 100 102.9 107.4 105.5
113.2 109.8 105.4 102.2 100.4 98.6 94.2 91.4 97.7 106.2 107.9 118.5 123.2 127.4 130.8 128.4 127.6 127.3 126.7 126.5 125.9 125.5 124.8 124.5 124.3 124.9 124.1 124.7 129.7 132.7 134.9 133.8 131.5 129.5 123.8 118.8 113.8 104.5 91.4 93 100.5 108.3 114.1 116.8 117.2 117.9 124.3 129.4 133.6 135.8 138.2 139.5 140.7 141.6 142 140.1 139.1 139.3 139.6 140.1 138 136.3 133.9 131.5 128.4 127.4 122 117.1 110 105.9 102.7 99 95.5 89.5 83.5 87.2 92.5 99.9 101.5 95
112.9 109.1 105.1 102.2 102.2 101.9 99.1 93.9 93.3 98.1 112.9 121.4 124.4 127.9 130.4 129.3 126.8 126.6 125.3 123.7 122.5 120.3 119.7 122 120 122.3 123 125.3 129.3 133.2 133.9 132.5 129.7 127.1 121.6 116.1 110.6 101.7 90.3 94.1 107.4 113.6 117.9 120.4 122.2 124.2 127.4 130.6 135.7 137.9 138 137.3 137.9 138.9 140 138.7 139.7 139.7 139.6 139.8 139.7 138.3 135.6 131.9 128.6 126.2 121.1 115.4 110.3 106 103.1 97.4 92.4 88.6 85 81.2 81.2 90.5 89.9 95.9
114.6 110.6 106.6 104.8 105.4 103.4 100.8 95.6 91 96.8 108.8 123 125.4 128.2 129 128.4 125.9 125.1 124.4 123.1 121.8 118.8 118.8 118.8 118.8 120.6 122.9 125.2 127.9 130 130.5 130.4 127.7 122.6 118.4 112.8 106.9 100.8 89.5 95.3 110 117.3 121.4 124.1 124.9 126.5 129.1 132.1 137.3 138 137.3 136.2 138.6 137 136.9 136.9 138.9 138.7 139.5 139.1 139.4 139.1 135.7 131.6 126.9 122.8 118 112.7 107.4 102.1 98.5 97.5 97.6 96.5 92.2 87.8 81.7 77.6 86.5 99.6
116.4 112.2 107.9 107.2 109.3 105.8 103 99.4 95.5 91.7 94.9 114.3 123.8 125.7 128.3 128.2 126.5 124.5 123.4 121.5 120.5 120.6 118.9 118.3 121.4 122.5 123.2 124.6 126.4 128.8 129.1 127.4 123.1 119.3 115.3 109.7 104.1 99.5 87.9 95 110.2 118.7 123.7 126.6 126.3 128.6 130.9 132.4 133.7 137.2 136.2 134.2 134.6 136.3 136.1 136.3 136.9 136 135.9 136.3 136.4 138.1 135.5 130.9 126.3 121.9 115.6 108.6 106.6 102.7 103 104.4 103.4 103.3 99.5 95.5 86.4 80.2 76.4 91.2
118.2 113.3 110.4 108.9 110.9 108.8 105.8 101.5 98 93.3 90.3 102.6 120.2 123.2 125.9 128.2 127.8 125.4 123.8 121.8 119.7 119 118.1 117.2 120.4 123.1 124.3 125.6 126.7 128.8 128.8 124.4 119.1 114.6 109.9 105.5 101.5 99.4 85.7 92.9 107.2 115.3 120.8 122.3 124.8 127.8 130.2 131.1 132.3 134.3 134.4 132 129.7 134.7 135.1 134.7 130.8 129.7 131.5 131.4 133.9 135.8 134.9 131 126.9 122.6 117.8 114.1 111.9 109.4 106.9 106.8 107.1 106.2 104.7 97.9 88 81.9 76.7 83
120.1 115 112.8 112.3 113.3 111.3 107.3 102.1 98.9 95.2 89.4 94.9 113.3 121.3 125.3 127.8 128.2 126.2 124.7 123.3 120.8 118.6 116.1 116.3 119.7 123.2 125.8 127.5 127.7 128.8 127.7 122.7 114.4 109.6 106.7 103.2 100 95.5 87.4 92.1 102.2 110 114.5 118.9 123.2 128.1 128.8 129.9 131.1 132 130.9 127.5 123.8 131.2 129.9 128.3 125.3 125.2 127.7 126.5 129.3 133 134 132.1 129 125.1 120.5 120.1 116.2 114.3 111.9 112.1 109.8 106.6 104.8 96.4 88.1 82.5 78.1 78.1
121.7 117.3 115.5 116.2 115.3 111.1 107.5 102.8 99 96 90.9 99.3 118.8 122.6 124.8 127.3 127.4 127 125.9 123.3 122.3 119.6 116.8 114.1 118.6 121.9 126 127.9 128.4 129.2 128.6 124.8 119.2 109.3 104.4 100.9 98.2 95.2 85.5 89.4 97.8 106.6 113.4 117.2 121.9 126.4 127.5 128.7 130 128.4 124.2 122 120 125.3 125.5 121.6 119.1 121.4 122 122.7 127.2 131.1 134.2 133.6 130.7 127.2 124 123.1 120.3 118.1 117.5 116.8 112.6 109.4 104.1 98.7 90.1 84 78.2 74.9
124.4 121.7 120 119.7 117.1 112.2 105.9 101.7 98.2 93.9 91.4 105.4 120.5 121.1 124 125.2 126.3 127.4 126.4 125.5 122.8 120.3 118.4 114.3 118 123 126.1 126.8 128.1 128.7 128.3 126.6 121.1 112.7 105.6 102.3 97.5 96.1 89.8 81.7 97 106 112.4 118.7 122.2 126 126.9 127.3 126.3 123 118.3 115.2 118 121.5 119.9 117.6 111.7 118.3 122.7 123.2 127 131.5 136 135.8 133 129 129.4 128.6 126.3 123.2 120.7 118.3 112.5 108.6 102.4 96.8 94.4 85.7 79.4 71.4
125.3 125.4 122.9 121.2 116.7 110.4 104 100.4 97.1 92.4 88.7 97.2 109.9 117 122.1 122.2 123.8 126.2 127.3 126.4 124.2 121.2 118 111.5 116.6 122.4 124.9 125.3 127.6 128.7 128.4 128.1 122.4 115.7 108.8 104.6 101.7 98.4 92.8 82.7 90.2 103.4 112.6 118.9 123.7 125.3 123.7 123.6 123.6 118.9 114.1 109.8 113.5 114.2 114.6 109.3 113.5 122.1 127 128 129 133.9 137.2 137.4 133.1 130.2 130.2 133.6 130.6 127.7 122.6 118.8 114.5 111 103.5 96.8 91.9 84 78.7 74.2
119.9 122 123 123.6 117.1 110.6 103.7 99.7 96.7 92.5 89 86.8 90.2 104.1 118.4 118.5 120 122 123.7 125.4 123.9 121.6 116.3 109.2 114.9 119 120.9 124.1 127.1 127 128.2 128.2 123.1 117.5 112.3 106.7 103.3 98.1 90.4 78.2 95.3 105.7 112.1 118.5 122.9 123.8 121.8 121.8 120.6 115.8 110.8 106.4 107.5 108 103.7 109.5 118.1 122.4 128 130.1 130.9 134.3 136 136.1 132.8 130.3 130.1 133.2 132.1 128.5 122.5 120.1 117.4 112.6 106.8 99 95 89.4 84.3 81.2
109.1 113.2 118.6 118.4 116.9 110.2 104.8 102.1 98.1 95.1 89.9 89 86.6 87.3 108.9 113.5 114.1 117.4 121.3 123.6 122.2 120.1 115 108.7 107.8 113.1 118 121.7 126 127.7 128.3 127.4 123.5 118.9 114.2 109.2 103.9 96.6 87.5 84.7 97.9 105.9 113.1 118.6 121.1 121.4 119 116.9 114.9 111.2 106.1 102.2 101.9 98.9 108 115.3 123.2 125.7 128.6 130.8 132.4 133.7 135.7 135.3 131.2 128.2 127.7 131.1 131.2 127.3 122.5 120.1 119 114 109.4 102.7 96.7 91.2 87.6 84.5
110 106.7 108.9 117 115.4 113.3 107 103.8 99.8 97.3 96 93.4 89 85.9 94.3 106.3 108.4 114.3 118.8 122 121.5 119.9 116 109.4 102.1 106.3 113.6 118.3 123 124.7 126.9 125.1 122.1 118.2 113.7 108.8 101.8 94.6 86.8 84.3 96.3 105.2 112.4 118.8 120 116.1 115.5 111.7 109.1 106.3 101.5 98.8 96.3 105.5 114.9 123.5 127.6 128.5 130.5 131.2 131.8 133.8 133.2 131.4 128.6 126.7 126.2 128.9 128.2 125.9 121.5 119 118.4 115 111.5 107 100.4 96 91.8 87.2
113.9 109.4 104.8 103.1 107.6 110.6 107.6 103.8 103.1 103.2 102.6 98.4 94.5 88.4 86.7 97.5 105 112.1 117.4 120.1 120.4 119.7 116.4 113.2 103.2 98.5 105.2 115 117.1 120.9 123.9 122.9 120.5 116.6 112.8 108.7 101 93.3 85.5 79.6 93.4 104.8 112.8 116.1 116.4 112.8 110.9 105.4 103.3 100.6 97.8 95.5 95.3 106.5 120.6 125.2 128.1 128.9 130.2 130.8 130.5 131.3 131.4 130 127.2 124.7 124 126.4 124.6 122.6 119.8 118.4 119.4 116.2 112.8 110.1 105.8 101.1 96.4 90.3
120.6 114.9 108.1 100.5 98.6 102.2 104.1 103.8 104.3 103.6 102.3 100.8 98.8 94 84.4 93.2 100.9 111.4 116.7 120.1 120.5 120.3 117.5 114.4 110.6 101.3 95.5 104.5 113.1 116.9 119.5 120.6 118.3 115.2 112 108.2 102.1 93.7 84.5 78.7 94.1 104.2 111.6 113.3 111.1 108.5 106.1 101.8 95.7 92.2 90 91.5 95.7 107.4 118.7 123.5 125.8 126.3 128.8 129.8 129.5 129.8 127.1 126.8 125.8 121.8 121.1 123.2 122.5 121.3 118.7 117.7 119.3 115.9 113.9 112.9 109 104.4 100 94.8
122.3 115.3 106.2 100.3 98.6 98.6 97.8 100.4 97.6 98.1 96.1 94.8 94.4 90.8 84.1 83.4 92.1 111.1 115.5 117.8 120.4 120.6 119.2 115.7 111.9 103.8 95.1 98.5 111.9 114.7 114.8 115.6 116.1 112.4 110.1 104.5 99.2 90.2 81.7 84.4 95.3 105 110.4 108.3 105.4 103.4 101.9 98.9 89.4 90.8 96.1 98.9 103.8 111.5 116.5 119.8 122.3 123.5 126.8 129.5 127.5 123.6 121.9 121.7 122.3 119.2 117.9 118 118.9 118.6 117.1 115.9 116.4 113.7 112.8 113.1 110.6 107 102.8 97.6
118.5 111.5 103.6 99.1 97.3 96.6 98 92.9 93.4 90.1 87.1 87.8 88.1 87.9 90.3 85.4 84.9 101 114.5 114.2 115 117.6 119.3 115.1 111.7 107.4 98.6 94 106 112.6 111.3 111.3 111.4 109.3 104.2 99.8 95.7 87.5 77.1 87 97.9 102.8 103.3 99.3 99.1 95.8 93.7 93.7 90.2 86.9 95.5 100.1 105.8 111.5 113.5 115.2 116.5 119.7 123.1 124.6 122.2 115.2 115.9 115.8 118.4 117.2 114 113 114.7 115.7 114.4 113.7 113.2 110.9 110.4 110.7 109.5 107.8 105.1 101.4
114.4 107.5 100.3 97.7 95.6 95.2 96 93.4 92.9 95.2 94.8 93.5 96 95.2 92.5 86.3 82 91.7 107.3 109.6 110.1 112.3 113.8 113.2 110.8 107.2 100.2 90.6 101.5 105.6 105.9 106.3 106.5 104.9 98.7 96.2 92.9 86.2 76.7 86 93 97.4 87.3 81 80.1 81.5 88.6 88.6 79.6 86.4 93.5 99.8 104.9 109 108.9 111.1 111.6 117.8 119.1 117.4 114.9 110.1 105.8 108.2 111.5 112.8 110.7 108.2 109.5 110.5 112 110.8 109.4 108.3 108.3 108.1 108.2 107.1 105.2 101.7
109 102.9 98 96.1 96.2 99.2 98.2 100.8 99.8 101.4 99.8 99.4 100.8 98.3 94.9 89 83.6 81.5 94.5 101.8 107.1 108.3 110.1 109.4 106.9 103.2 97.3 85.9 95.8 102.3 99.7 102 99.6 95.9 93 90.7 89.4 85.6 78.8 78.9 85.6 84 67.5 69.6 70.9 67 71.6 78.9 72.8 88.9 93.5 98.7 103.5 107 103.2 103.5 108.6 109.4 109 107.6 111.3 109.2 102.7 100 106.3 109.3 107.7 100.8 106 108.3 109 107.3 106 105.2 104.6 107.4 107.9 106 103.7 101.6
105.8 101.3 100.3 103.6 106.5 104.5 99.7 102.5 105.1 106.4 104.5 103.1 104 103.2 99.5 95.9 89.6 83.7 80.7 87.2 95.1 103.6 104.9 106.1 104.4 101.9 97.3 83.2 94.3 100.3 99.6 91.3 88 81.5 82.2 86.7 85.2 81.1 77.5 76.1 77.5 72.4 69.2 75.2 76.1 72.8 65.4 72.7 81.4 91.5 95.4 100.4 104.5 105.7 101.5 99.4 103.8 104.1 103.9 102.5 104.4 101.2 97.2 94.2 98.7 101.1 98.1 94.4 102.3 108.2 109.8 107.8 102.9 99.4 101 105.5 107.8 106.5 105.5 100.6
104.9 100.1 105.7 109.6 108.8 105.1 104.8 108 110.4 112.4 109.1 107.8 106.8 106.1 104.7 100.1 95.2 89.9 81.2 80.8 80.1 89.4 98.8 99.1 99.5 98.4 92.8 83.5 86.3 88.5 86 81.2 77.1 77.2 77.1 74.8 75.6 76.1 76.2 74.2 70 69.9 69.9 79.3 79.9 78.6 72.6 66.1 80.7 93.6 96.9 101.8 105.2 103.7 99 98.7 100 99.7 98.4 97.3 95.3 92.7 90.2 86.3 91.3 89.6 87.3 93.5 101.6 105 106.1 105.8 102.4 92.3 96.2 102.2 108 107.1 104.1 101.5
104 105.7 113.4 112.4 110.6 110.3 110.2 113.6 115.9 115.1 112.2 108.7 106.4 105.6 105.1 99.9 94.9 86.2 83.5 88.7 83.4 80.5 87.8 88.8 93.8 92.5 87.5 81.2 77.7 77.8 76.5 76.9 78.2 80.8 80.5 80.5 78.7 79.6 80.4 82.1 81.9 79.4 70.3 80.8 82.2 80.2 77.2 64.2 79.5 94.6 99.3 101 100.9 98.6 96.9 95.4 94.7 92.8 91.3 89.3 86.2 85.9 85.1 80.6 82.5 80.5 89.2 95.9 101 102.9 103.7 102.5 100.3 90.6 90.7 100.7 109.3 103.7 101.6 99
111.7 117.2 117.2 115.6 114.4 113 116.6 118.3 120.2 117.2 113.1 109.5 105.6 100.9 102.2 98 88.9 88.4 97.2 94.3 89.2 83.4 80.7 79.7 83.2 85.9 81.8 78.5 80.9 80.6 80.2 77.5 82 83.4 83 87 90.8 90.2 88 88.7 86.1 79.2 71.1 85.2 83.9 80.8 77.2 64.1 76 92.4 94.4 98.1 97 93.9 92.9 89.9 90.6 89.2 86.1 84.6 82.6 81.1 78.2 76.4 73.8 82.1 88.7 94.8 101.4 104.3 100.4 98.3 94.1 75.3 87.1 92.1 90.2 87.2 84.3 92.6
