WholeMapElevations/data/sd/sd55_OST50GRID_20230518/SD55.asc
ncols 200
nrows 200
xllcorner 350000
yllcorner 450000
cellsize 50
[rows 105 to 139 of 200, columns 79 to 157 of 200]
142.3 143.9 145.6 147 147.6 150.2 153.1 156.5 156.3 156.1 149.4 156.2 164.2 163.2 164.7 165.3 165 165.9 168.3 172.7 172 169.9 165.1 160.5 160.6 162.2 159.2 156.5 154 154.6 155.8 156.9 158 157 158 157.4 155.9 153.7 144.9 153 153.8 153.7 143.5 135.2 126.7 124.6 118.1 116.2 116.3 114.3 124.5 135.8 146.4 151.8 152.9 153.3 154.2 155.1 155.6 156.3 156.8 157.8 159.4 161.1 162.9 165.6 167.8 170.4 172.4 174.2 175.1 176 176.2 176.2 176.1 175.9 175.9 176.4 176.1
142.5 143.2 144.5 145.7 147 148.7 151.9 153.6 154.6 153.7 142.8 155 159.1 160.3 162.4 162.9 162.2 164.2 167.5 169.1 165.5 163.8 161.1 158.6 162.6 160.7 156.6 154 151.7 150.6 152.9 154.1 154.6 155 154.3 154 153.6 150.9 147.2 150 150.8 151 145.9 133 124.8 122.3 116.6 114.8 113.5 117 125.6 135.5 147.7 150.5 151.9 151.5 152.4 154.1 155.1 155.3 155.9 156.8 158.4 160.5 162.7 164.9 167.4 169.4 171 172.6 173.3 173.7 174 173.9 174.2 174.1 174.5 175 174.8
141.2 142.6 143.6 144.4 145.6 147.1 149.3 151.6 152.7 147.4 141.3 151.9 156.1 158.9 158.2 159 158.7 164.3 168 164.3 161.4 160.5 156.7 159.3 160 157.7 154.6 150.8 149.1 147.9 149.7 150.8 151.3 151.4 151.5 150.2 149.9 148.9 146.9 146.7 148 148 148.2 140.4 130.5 124 118.1 113.9 114 118.5 126.4 138 147.5 149.6 150.1 150.9 151.3 151.2 151.9 152.6 153.7 155.7 157.7 159.7 161.9 164.1 166.4 168 169.5 170.6 171.2 171.6 171.8 171.9 172 172.4 173.3 173 172.4
138.4 140.7 142.1 143.2 145.3 146.3 147.4 148.7 150.4 134.6 148 150 152.4 155.3 154.5 155 159.1 163.2 165.9 159.6 157.2 158.2 154.2 157.2 156 149.8 148 147 146.2 144.3 146.9 147.4 148.1 148.3 148 147.5 146.5 145.5 144.2 141.8 145.3 145.1 145.8 145.9 137.9 128.2 115.2 110.7 114.2 117.9 128.5 139 146.5 147.7 147.5 146.3 143.8 144.4 145.8 148 150.4 151.9 154.6 157.7 159.5 161.5 164 165.7 166.9 168 168.7 169.1 169.4 169.7 169.8 170.7 171.8 171.3 171.4
135.3 137.6 140.5 142.5 143.7 144.7 145.5 146.7 140.5 146.4 149.2 148.4 148.8 149.3 150.4 154.8 159.2 162.3 158.1 152.4 155.5 154.5 151.3 152.3 149.6 146.7 145.9 144.6 143.5 141.8 143.9 144.8 145.4 145.1 144.2 144.5 144 142.3 141.7 137 142.5 142.4 142.7 143 140.9 130.2 112.7 111 114.9 117.8 126.2 135.8 140.6 138.6 136.5 132.7 134.6 136.1 138.2 141.8 142.9 147 150.2 155.1 157.7 159.6 161.1 162.7 163.6 165.1 166 166.3 166.7 166.9 167.3 168.4 169.5 169.5 170.4
132.1 134 135.9 138.5 140.4 141.2 142.4 143.3 134.1 145.9 149.9 148.8 148.4 147.9 150.3 154.6 157.8 156.3 151.4 147.6 150 150.8 149.9 151.2 147.6 144.3 142.7 142.1 140.8 140.4 140.8 142 142.2 142.1 142.2 141.6 141 140.9 139.7 128.8 137.7 139.8 139.8 140 139.9 128.7 112.1 110.3 112.7 115.7 125.3 129.5 128.7 128.4 127 129.4 128.2 125.3 119.1 124.1 123.5 131.4 142.2 149.5 154.1 156.4 157.9 159.1 160.1 162.3 163.1 164 164.3 164.4 164.8 166.1 167.4 167.7 168.9
131.2 132.7 132.7 133.9 135.1 137 138.2 139.1 132.2 145.2 149 148.3 147.8 147.1 149.3 153.5 152.8 149.8 147.2 144.4 143 143.1 149.1 149.3 145.4 141.8 139.3 138.5 137.3 137.7 138.4 138.6 139.6 139.7 139.5 139.5 139.2 138.6 137.9 136.6 123.8 135.1 136 137.5 136.3 125.6 111.4 110.9 111.6 113.7 116.3 116.2 114.8 114.6 117.6 118.7 115.4 121.6 118.9 118.5 117.1 120 124.8 130.9 136.7 144.3 148.4 153.2 154.7 157.2 157.3 159.7 161.4 161.4 162.6 164.1 164.9 165.3 167.1
131.9 132 133.6 133.4 134.6 134.7 132.2 130.4 131.1 145.7 149.3 149.5 148.3 146.6 147.5 148.9 147.9 145.9 143.8 142.4 140 140.9 145.9 145.8 140.4 137.6 136.4 135.8 134.9 134.5 135.6 136.7 136.1 137 137.1 137.2 137.2 136.7 136.7 135.8 133.9 126.3 122.1 133.2 127 122.8 111.8 110.9 111.2 112.2 111.2 112.6 113.6 114.5 115.3 116.3 123 125.5 127.2 128.7 129.9 123.4 123.4 122.2 122 125.5 133.5 132.7 139.8 146.1 148.7 152.6 155.4 156.5 160.6 162 157.2 162.1 163.6
129 131.8 133.2 134.1 130.8 127.8 122.3 118.3 137.4 143.9 147.9 150 150 145.3 146.2 146 145.3 144.7 144.1 143 139 135.5 137.9 138.6 137.8 135.3 133.9 133.1 132.5 131.7 133.4 134 134.2 134.7 134.9 135 134.7 135.3 134.6 134.7 134.2 132.3 120.4 118.1 118.3 115.4 110.2 110.4 109.8 110.6 110.1 110.9 114.1 114.6 115 117.5 125.6 129.9 131.3 132.9 133.9 132.4 130.3 128.5 128.2 129.6 124.8 125.6 127.8 130.8 136.8 142.9 148.7 152.2 156.2 158.7 157.9 162.4 163.9
128.1 131.5 133.6 134.2 127.7 121.7 110.4 131.3 137.2 141 146 148.5 148.3 144.5 145 144.9 144.8 144.3 144.2 143.7 142.4 137.4 132 134.6 133.6 132.7 131.4 130.7 127.4 130.7 131.2 131.9 132.6 132.8 133 132.5 133.2 133.3 134 134 134 130.3 120.6 114.2 112.8 113.6 109.6 108.8 107.9 109.5 110.2 110.8 112.1 110.8 116.7 121.4 129.7 135.3 137.9 139.6 139.7 138.6 137.3 136 134.1 133.8 134.8 133.4 126.8 127.6 127.8 129.6 133.2 145.9 150 152.5 156.8 159.8 161.4
126.6 128.7 132.3 132.2 125.3 113.4 119.8 128.6 132.7 136.2 140.7 145.2 144.6 143.3 144.7 144.2 143.7 143.7 143.5 143.1 142.4 139.9 132.3 128.1 130 129.9 129.6 129.1 124.2 128.8 129.6 130.4 130.9 130.9 131.1 131.6 131.6 132.1 132.4 133.1 129 120.2 112.2 112.7 110.7 109.4 109 109.2 107.7 109.4 111.7 117 121.3 128 132 134.7 137.3 139.4 143 144 144.2 144.2 144.1 143 142.1 139.7 142.8 143.6 143.4 141.9 128.2 129.7 131.1 128.4 139.6 143.2 152.9 155.1 155.9
122.6 124.9 127.1 127.3 117.8 106.3 119.3 126 127.7 130 131.3 134.2 136.3 142.9 143.5 143.5 143.3 142.8 140.5 140.2 138 133.7 131.6 129.9 124 127.6 128.8 128.3 121 126.8 127.5 128.3 129.2 129.1 129.2 130.9 129.9 131.5 130.3 119.3 115.7 110.8 109.6 108.9 109.2 108.8 109.1 109.1 107.9 109.3 110.4 120.8 131.8 134.8 136.6 138.5 140.1 141.7 143.3 145.4 145 145.9 146.8 148.3 147.7 147.3 147.4 150.1 149.6 148.1 145.7 136.9 137.8 134.6 129.6 130.7 135.3 143.3 148.6
107.5 109.4 117.1 123.7 117.7 101.7 114.5 119.7 122.5 120.8 128.8 138.3 140.4 142.1 142.6 142.5 142 136.4 132.8 132.1 130.3 129 128.7 128.3 124.3 124.5 126.6 126.6 120.6 124.1 124.9 125.5 126.9 127.5 128.2 129.9 122 120.8 114 107.7 107.7 107.7 109 108.5 109 108.6 109.5 108.1 107.7 108.2 110.4 119.6 129.8 131.8 133.1 136.1 139.9 142.3 144.5 145.6 147 147.3 148.2 149.3 149.8 150.2 150.3 151.3 152.3 151.5 150.9 148.8 147.9 145 138.3 134.9 132.8 132.2 143.7
94.5 89.2 96.9 105 111.7 102.4 106.5 112 119.4 124.9 131.4 140.1 140.4 139.6 141.5 137.4 133.8 130.5 125.8 125.1 122.1 121.4 122.7 123.8 122.7 121 122.8 122.4 116.6 122.4 122.6 124.6 126 126.9 127.7 128.5 121.6 109.6 107.7 107.7 107.7 108.9 108.5 109.3 108.9 109.1 108.7 108.5 107.8 109.1 117.2 118.9 132.4 135.4 137.2 138.7 139.6 142.2 143.9 145.9 147.3 148.5 149.2 149.7 151.1 151.9 151.7 152.7 153.1 153.5 152.1 153.9 155.6 152.4 148.2 141.6 134.9 133.2 145.4
83.8 87.2 88.6 89.5 94.9 96.1 104.1 115.6 121.1 124.3 128.9 133.1 129.4 132.9 132.8 128.9 124.7 122 116.1 115.7 114.5 115 116.4 117.9 116.2 118.3 115.5 109.9 116.3 122 123.4 123.6 124.9 125.4 125.9 125 120.3 107.7 107.7 107.7 107.7 108.8 108.2 109.4 108.9 108.8 109.2 108.4 108.5 110.6 128.5 127.8 130.3 136 138.1 140.2 141.6 141.9 143.2 145.6 147.8 150.1 151.2 152.1 152 152.8 153.7 153.5 153.6 153.4 154.6 154.6 155.3 156.5 151 137.5 134.8 138.2 142.7
88 86.3 88.4 88.9 90.4 94.9 107.1 115 119.9 119.5 119.3 122 121.2 122.1 120.7 115.7 110.9 107.2 105.2 105.6 105.5 105.3 108.4 111.3 107.3 107.9 105.3 110.7 112.7 115.3 112.5 109.4 115.6 118.4 124.1 126.2 117.4 107.7 107.7 108.4 108.8 109 108.1 109.3 108.6 108.5 108.2 107.7 108.8 126.9 134.5 134.1 132.3 127.1 136.5 140.2 142.6 144.4 146.1 147.5 147.5 148.9 151.8 153.7 154.3 153.8 155.4 155.3 154.1 154.4 155.3 155.9 156.2 157.4 149.9 135.9 136.1 137 136.8
97.5 86.8 86.7 88.4 89 87.2 86.4 90.1 95 102.9 107.7 108.9 106.5 101.8 103.4 97.5 96 96.4 96.6 97.7 96.2 97 97.2 99.6 100.6 100.2 103 103.4 103.2 103.1 103 103.8 105.9 107.5 116.8 119.2 107.7 107.7 107.7 107.9 108.1 107.7 107.8 107.7 107.7 109.1 110.5 116.1 124.9 138.2 138.4 138.4 129 134.9 133.4 140.3 143.3 145.6 147.8 149.4 150.4 150.3 151.2 153.8 155.2 155.2 156.7 157.2 155.6 155.6 156 156.4 157.2 157.5 152.2 143.1 138.4 136.9 137.6
116 109.7 89.1 85.9 86 85.5 87.3 88.8 85.4 88.3 95.1 97.9 93.4 93.4 93.4 94.4 92.2 94.8 94.5 94.5 95.1 95.4 94.4 97.5 98 98.3 101.9 103.9 104.8 104.7 105.3 103.4 104 105.1 107.7 107.7 107.7 107.7 109 108.9 107.7 107.7 111.4 114.3 116.4 117.2 118.9 120.5 130.4 140.3 141.2 141.6 131.5 140.1 141.1 140 144.1 146.9 149 150.9 152.4 153.2 153 153.6 155.3 156.5 157 158.8 158.5 158.3 158.1 157.9 157.6 157.9 157.4 148.7 147.6 149.2 146.6
121.3 116.1 119.3 103 106.4 100.9 90.6 90.8 91.6 90.1 89.1 88.8 90.7 88.8 90.5 90.6 91.5 91.7 91.9 91.3 92.9 92.7 91.7 93.5 94.9 94.4 94.9 94.6 98.3 99.6 98.6 97.4 95 96.8 107.7 107.7 108.8 107.7 107.7 107.7 108.9 111.8 113.9 116 119.9 120.7 122.6 125.2 136.1 141.6 142.9 138.4 136.9 142.7 142.8 145.3 145.1 147.6 149.7 151.2 153.7 155 155.1 155.4 154.7 157.2 158.1 159.6 160.6 160 159.3 159 158.7 158.7 158.1 157.6 158.6 159.2 158.8
126.6 124.5 124.8 125 123.3 115.1 107.8 95.3 99.1 99.2 97.6 93.3 91.6 89.6 88.2 90.5 91 89.2 91.5 91.6 92.6 93.1 94.1 93 94.4 94.6 95.4 95.8 93.2 93.2 96.6 98 104.3 105.7 107.7 107.7 107.7 107.8 107.7 113.1 114.3 117 119.7 120.7 123.9 124.3 124.5 131.3 141.4 143 144.9 141.6 141.1 145.4 145.6 146.6 149.6 149.5 151.9 153.6 155 156.9 157.1 157.9 157.9 157.6 159.3 160.6 161.3 161.4 161.5 160.5 160 159.5 159.8 159.2 158.7 159.1 159.1
130.3 128.6 128.9 129 131.2 130.4 127.3 111.3 113.1 109.3 113.6 98 101.3 96.8 103.6 98 95.7 104.8 103.2 104.6 100.1 96.6 107.3 102.5 103.4 106.1 105.9 106.4 105.3 101.5 103.1 98.3 107.5 113.1 113.4 110.2 109.8 112.3 114.1 116.1 120 123.4 125.3 126.1 126.1 126.6 134.7 142.6 143.3 145.6 147.7 147.6 142.2 148.1 148.9 148.8 151.8 153.6 154.7 156.1 157 159.2 160.3 160.6 160.3 160 161.5 161.6 162 162.6 162.5 162.9 162.3 160.5 161.4 160.1 160.6 161.5 161.2
133.1 132 133.5 135.7 136.4 135.2 132.3 128.8 131 123.6 125.5 95.5 123.3 123.5 125.2 125.3 121.8 118.7 119.4 121.7 119 112 119.9 128.8 129.6 128.7 127.3 126.6 118.3 110.9 104.6 98.4 107.4 114.8 118.8 117 117 118.8 117.4 119 122.2 126.2 127.2 128.7 130.2 136.2 139.5 144.3 146.1 148.1 150.4 151.2 145.1 151 152.4 153.4 153.6 156.3 157.7 158.2 159.9 160.7 163 163.8 163.2 163.2 163.1 163.3 164.1 163.8 163.5 164.1 163.6 162.8 162.5 162.2 161.8 161.6 161.7
139.5 140 139.8 139.2 139 138.3 136.8 133.3 133.7 133.7 130.4 105.4 120.4 130.8 131.8 132.2 130.2 129 127.4 127.9 128.9 125 124.4 130.2 132.6 133.2 132.3 131.6 127.2 118.9 109 101.1 107.4 114.7 119.5 127.7 123.1 123.4 122.2 125 124.9 129.7 130.4 135.2 139 140.2 142.8 146.3 149 152.2 153.4 153 147 153.3 154.8 156.1 157 158.9 160.8 161.4 162.6 164.4 165.2 166.5 165.6 165.3 165.8 165.4 165.9 165.6 164.8 164.8 165.1 164.2 163.5 163.8 163.9 163.2 161.9
144.1 143 141.6 139.9 139.5 138.7 135.5 136.9 137.5 137.6 135.2 129.5 103 131 135.4 136.2 134.9 132.7 132.9 133.1 132.4 121.1 130.3 132.5 134.7 135.2 135 134.7 135.2 131.8 117.2 108.6 108.8 116.9 119.5 130.3 131 129.5 130.6 132.2 134.7 134.9 137.4 140.5 142.1 144.8 147 149.9 153.5 155.7 156.7 155.5 153.9 156 157.7 159.2 160.5 160.6 163.2 163.8 164.7 166.7 168.6 169 168.9 168.4 169 167.5 167.5 168 167.4 166.9 167.4 165.6 165.3 165.4 164.4 163.7 163.9
146.1 144.8 143.3 141.6 140 137.2 137.4 139.3 140 140.4 138.4 135.6 119.1 126.8 135.1 135.8 135.9 134.7 134.5 134.8 126 131.8 132.9 134.5 136.5 136.7 136.7 136.7 136.9 135.8 122.3 113.3 105.9 118 123.4 133.6 136.8 137.3 138.4 139.4 140.2 141.1 142.7 143.9 145.7 148 152 154.3 157.2 158.4 160.1 159.2 153.2 153.9 159.8 161.9 163.6 163.9 165.4 165.9 166.9 169.2 171 172.2 172.1 171 170 171 171.2 171.1 170.1 169.9 169.1 168.2 168.1 167.7 166.4 165.9 164.4
147.4 146 144.2 141.3 139.8 140.3 140 140.6 142.5 142.8 140.5 138 133.5 116.7 132.3 135.6 136 134.8 135.7 133.1 132.2 134.1 134.8 136.3 137.8 138.8 138.7 138.8 138.4 137.1 130 115.7 107.2 112.3 120.2 138.9 139.5 140.4 140.4 142.2 143.7 144.6 146.7 148.3 150.3 152.2 154.9 159.1 161.6 162.5 162.3 161.6 160.8 159 161.4 163.8 165.6 166.3 167.5 167.8 168.9 170.9 173.1 174.5 175.3 174.6 173.8 174.4 173.9 173.9 173.7 171.3 170.5 169.8 169.6 169 167.9 167.2 165.8
147.3 145.1 142.7 141.4 141.8 142.3 142.9 143.9 144.7 144.6 142.2 140.2 137 114.9 129 134.8 136.5 136.5 135.4 134.2 134.6 135.5 136.1 138.1 139.2 140.5 140.8 140.4 139.7 138.1 134.6 123.4 116.3 112.3 119.6 132.7 142.5 143.6 143.7 144.4 146.7 148.6 150.6 152.7 156.1 158 160.7 162.6 165.6 166.8 166.4 164.8 163 163.2 162.6 163.1 166.6 168.4 169 170 171.1 172.9 175.2 177.1 178.1 178 177.1 177.8 177.6 177.8 177.4 176.9 174.2 173.1 172.1 171.9 170.4 168.6 167.5
146.7 143.2 141.5 142.1 143.1 145.2 145.7 146 146.9 146 143.9 142.2 139.5 119.6 128.6 137.1 137.3 136.8 136.4 135.5 136.2 137.3 138.5 139.8 141.2 142.4 142.5 142.6 141.3 140.2 137.8 137.7 128.5 120.4 113.9 135.2 142.8 145.1 145.7 147 149.9 151.9 154.5 157 159.8 162.1 164 166.5 168.5 169.4 169.4 168 166.2 166.5 166.4 164.6 168.5 170.6 170.9 172.1 173.1 175.5 178.2 180.1 180.7 181.3 181.2 181.7 182.5 182.6 182.2 181.5 180.1 179.4 177.3 175.4 173.3 170.9 169.1
144.3 141.8 142.2 142.5 145.7 147.2 147.6 147.9 148.5 148 146 144 139.8 123.2 132.3 139.3 139.5 139.3 138.5 137.4 138.3 139.3 140.5 141.8 143.3 144.5 145.2 145 143.9 142.3 137.2 140.6 137.4 130.8 120.5 132.5 140.9 146.3 148.1 149.9 152.2 154.8 157.8 161.6 164.1 166.5 167.4 168.9 170.1 170.8 171.6 170.6 168.2 169.8 169.8 169.4 170.3 172.5 173.5 174.3 175.5 177.7 181.4 184.2 186.1 187.2 186.5 186.9 188.6 189.2 187.9 186.8 185.2 183.2 181.5 179 176 173.8 170.8
143.3 142 142.5 146.3 148.7 149.7 150 149.6 149.8 149 147.2 145.7 140.5 124.4 134.6 141.1 141.8 142.4 141.4 140.1 140.4 141.3 142.7 144.3 145.6 146 147 146.9 145.9 144.2 141.2 143.1 144.1 138.1 126.6 129.9 141.5 146.8 150 152.5 154.5 157.3 160.7 164.4 167.2 169.2 170.7 171.7 172.1 172.7 173.3 172.3 170.8 171.9 172.2 172.3 172.3 174.3 175.5 176.4 178.2 180.7 183.9 187.4 190.9 193.3 192.8 194.2 195.2 196.1 195.4 193 190.4 188.1 186.5 184.2 178.6 175.5 172.2
141 141.6 146.4 149.1 150.3 151 150.6 150.2 150.3 150.3 148.7 146 136.4 120.9 137.3 143 143.7 144.3 144.2 143.1 144.4 144.4 145.8 147 147.3 148 148.8 148.2 147.8 145.6 144.8 146.3 146.8 144.1 133.3 129.2 139.4 148.9 152.2 154.3 157 158.8 162.2 165.7 168.6 170.6 172.2 173.3 173.4 173.9 174.3 173.3 172.7 173.3 173.6 174.6 174.9 176.3 175.8 178.2 180.7 183.4 186.9 189.9 193.2 195.5 196.8 197.7 198.4 199.1 200.6 199.8 197.7 194 191 188.4 183.1 177.9 175.6
140.8 144.3 148.9 150 150.8 151.4 151.1 151.7 151.7 151.1 149.8 140.4 128.5 139.9 143.3 144.3 145.2 146.2 146.7 146.6 146.9 147.9 149.1 149.6 150.4 150 150.4 150.3 149.8 149.2 147.3 148.3 149.4 149.8 141.7 130.2 134.8 149.1 154.8 156.7 158.7 160.8 164.3 167.9 170.5 171.8 173.5 174.2 174.5 174.9 174.6 173.9 174.1 174.5 175.7 176.1 177.6 177.7 179.2 180.8 182.5 185.5 188.9 192.5 194.6 197 199.5 201.1 201.4 203 204.9 205 202.9 199.4 195.6 192.8 187.5 182.5 178.4
140.9 147.2 150 150.4 150.8 152.5 152.8 153.7 153.5 151.9 147.3 135.1 138.3 145.6 146.3 146.9 147.5 148.6 149.3 149.5 148.8 150.8 151.5 152 152.5 153.4 153.3 152.4 151.6 151.8 150.7 151.3 151.4 152.2 150.1 141.5 131.2 145.4 155 159 160.6 162.9 166.3 169.2 171.7 172.8 173.4 174.1 174.1 174 173.3 174.7 175.1 175.6 176.6 177.6 178.2 179.3 180.5 182.1 184.4 187.3 191.4 194.2 196.8 198.6 200.8 203.4 205.7 207.6 209.7 210.2 207.9 203.4 199.7 195.9 191.1 185.8 181.9
140.2 146.6 148.8 150.2 152.2 153.7 154.8 154.8 153.7 151.5 141.1 132.8 147.4 148 147.9 148.8 149 150.1 151 151.5 150.9 152.3 153.2 153.6 154.4 155.2 155.8 154.6 154 153.7 152.8 154.2 154.6 154.2 155.4 152.2 150.4 145.3 141.2 156.1 162.4 165 168.2 170.6 172.7 173.2 173.1 173.1 173.2 172.6 173.7 173.8 174.9 175.7 176.7 177.6 178.9 180 181.8 184 186.7 190.3 193.6 196.3 199.3 201.4 202.9 205.6 209.1 212.1 214.3 213.8 211.1 206.6 203.1 198.5 193.7 189.4 186
140 146.1 148.5 150.1 152.5 154.4 156.1 155.5 154.1 149.3 135.2 148.6 149.7 149.9 149.7 149.8 150.9 151.7 152.5 152.8 152.9 153.8 154.5 154.6 156.1 156.2 157.9 157.5 157.4 157.5 155.7 156.8 157.5 157.4 157.7 158.5 158.7 158.8 157.4 139.8 159.2 166.9 169.4 171.3 172.8 172.7 172.1 172.4 171.5 172.5 172.4 173.4 174.4 175.1 176.1 177.8 179 180.8 182.8 185.7 189.7 193.1 196.9 200.9 203.8 205.9 208.2 210.8 213.4 216.5 218 216.8 214.4 209.3 205.6 200.9 196.8 193.2 189.3
