WholeMapElevations/data/nm/nm82_OST50GRID_20230518/NM82.asc
ncols 200
nrows 200
xllcorner 180000
yllcorner 720000
cellsize 50
[rows 111 to 147 of 200, columns 85 to 169 of 200]
1.9 1.9 1.9 1.9 1.9 2.2 2.2 2.6 3.3 3.9 4.8 6.5 9.9 14 18 35.5 59.8 66.4 77.3 85.3 92.3 93.5 116.5 121.7 129 135.7 132.3 124.7 111.3 102.8 85.5 61.4 35.1 20.8 15.9 11.6 6.3 -1.1 -1.1 -1.1 -1.1 -1.1 -1.1 -1.1 -1.1 -1.1 -1.1 -1.1 -1.1 -1.1 -1.1 -1.1 -1.1 -1.1 -1.1 -1.1 -1.1 -1.1 -1.1 -1.1 -1.1 -0.7 -0.5 0.8 2.3 3.3 4.3 4.7 5.1 5.2 5.3 4.8 4.8 4.8 4.8 4.9 5.2 5.5 5.7 6.5 7.6 10.3 11.9 17.1 30.3
1.2 1 1 1.9 1.6 2 2.4 2.8 3.2 4.3 5.8 10.7 17.4 32.4 37.8 43.1 47.5 69.4 82.2 81.8 86.6 97.3 102.6 112.5 120.5 120.9 110.4 105.8 96.4 85.7 64.9 46.9 20.2 8.9 4.4 -1.1 -1.1 -1.1 -1.1 -1.1 -1.1 -1.1 -1.1 -1.1 -1.1 -1.1 -1.1 -1.1 -1.1 -1.1 -1.1 -1.1 -1.1 -1.1 -1.1 -1.1 -1.1 -1.1 -1.1 -1.1 -0.6 -0.2 0.2 1 2.1 4.2 4.1 5.3 5.7 5.5 5.3 4.8 4.8 4.8 4.8 5.2 5.4 5.5 5.7 7 8.2 10.9 12.8 15.3 23.1
-1.1 -1.1 -1.1 1.9 2.6 3.2 5.5 5.1 6.4 9.7 22.8 31.5 52.3 59.6 66.7 68 69 68.8 81.2 95.4 97.2 104.1 112 100.6 104.3 107.2 101.3 89.9 78.8 64.5 40.7 18.1 9.9 -1.1 -1.1 -1.1 -1.1 -1.1 -1.1 -1.1 -1.1 -1.1 -1.1 -1.1 -1.1 -1.1 -1.1 -1.1 -1.1 -1.1 -1.1 -1.1 -1.1 -1.1 -1.1 -1.1 -1.1 -1.1 -1.1 -0.5 -0.1 0.4 0.8 1.4 3.8 3.4 5.6 5.9 6 5.9 6.9 5.9 5.7 4.8 5.1 5 5.5 5.6 5.8 7.5 9.3 11.1 12.5 16.2 19.9
-1.1 -1.1 6.3 7.7 6.7 10.7 20.9 10.7 21.6 43.5 64.8 69.8 73.5 80.9 78.7 90.6 88.7 97.6 105.5 113.8 111.6 115.1 114.3 109.6 99.8 88.9 87.3 78.7 61.3 44.6 33.7 13.4 4.5 -1.1 -1.1 -1.1 -1.1 -1.1 -1.1 -1.1 -1.1 -1.1 -1.1 -1.1 -1.1 -1.1 -1.1 -1.1 -1.1 -1.1 -1.1 -1.1 -1.1 -1.1 -1.1 -1.1 -1.1 -0.6 -0.2 0 0.5 0.9 1.4 2.7 2.1 2.6 5.3 6.6 7.5 8.1 7.9 8.8 9.1 6.5 7.4 6.1 7.1 7.5 8.5 10.1 12 14.5 16.1 18.6 22
-1.1 6.1 10.5 10.6 19.4 34.5 27.8 31.8 57.9 71.6 87.2 88.1 91.3 93.6 100 103 113.6 125.2 129 126.4 127.5 129 122.5 111.8 105.3 93 85.4 88.3 71.7 49.9 28.4 10.4 1.8 -1.1 -1.1 -1.1 -1.1 -1.1 -1.1 -1.1 -1.1 -1.1 -1.1 -1.1 -1.1 -1.1 -1.1 -1.1 -1.1 -1.1 -1.1 -1.1 -1.1 -1.1 -1.1 -1.1 -1.1 0.3 0.7 0.9 1.1 1.5 1.8 1.9 1.9 2.7 6.2 7.4 8.9 9.2 9 10.5 12.4 18.8 21.2 21.1 21 21.6 22.2 27.2 32.4 32.4 35.2 28.2 31.3
1.4 7.5 8 13.2 22.2 49.6 39.6 48.9 72.4 83.8 91.5 105 105.3 100.8 103 112.1 133.2 133.9 144.1 137.2 130.8 126.4 120.1 109.6 99.4 91.1 90.4 79.3 64.8 52.6 36.7 22.6 -1.1 -1.1 -1.1 -1.1 -1.1 -1.1 -1.1 -1.1 -1.1 -1.1 -1.1 -1.1 -1.1 -1.1 -1.1 -1.1 -1.1 -1.1 -1.1 -1.1 -1.1 -1.1 -1.1 -1.1 0.2 1 1.6 1.7 2 3 2.1 1.9 1.9 3.4 7.3 8.6 10.2 11.4 11 18.8 31 44 54 62.9 60.9 56 51.6 52.9 56.5 58.7 60.2 52.7 42.8
1.7 5.6 9.6 18.9 35.6 37.1 49.6 67.7 80.1 93.2 106.7 111.8 107.8 102 102.5 120.1 140.9 142.1 147.7 143.8 139.6 128.4 115 102.3 92 84.2 81.6 65.6 52.5 46.9 33.2 18.5 -1.1 -1.1 -1.1 -1.1 -1.1 -1.1 -1.1 -1.1 -1.1 -1.1 -1.1 -1.1 -1.1 -1.1 -1.1 -1.1 -1.1 -1.1 -1.1 -1.1 -1.1 -1.1 -1.1 1.6 2.5 4.7 4.7 10.9 6.3 7.9 9 8.6 7.3 8.7 10.5 13.4 23.6 16.1 25.1 28.7 40.3 56.2 70.3 84.6 88.1 84.8 79.6 74.9 74.2 78.6 80.8 85.9 67.7
5.2 9.5 17.2 26.9 30.7 38.5 63.9 76.2 84.6 96.2 102.5 100.3 102.2 96.8 116.7 129.8 139.7 146.8 145.4 146.3 135.2 124.5 106.3 90.5 78.1 71.3 62.8 53.9 42.2 39.1 23.1 7.7 -1.1 -1.1 -1.1 -1.1 -1.1 -1.1 -1.1 -1.1 -1.1 -1.1 -1.1 -1.1 -1.1 -1.1 -1.1 -1.1 -1.1 -1.1 -1.1 -1.1 -1.1 4.9 9 10.7 13.7 19.5 25.8 30.4 25 29.4 31.2 22.8 31.8 30.2 24.9 29.1 30.9 21.7 35.6 39.9 46.7 58 79.9 103.3 103.1 106.9 93.6 100.2 97.7 98.6 100.4 111.7 99.7
7.8 9.4 19.6 21.8 24.1 47 72.8 73.3 87.9 103.2 95.9 97.4 96.7 93 121.4 131.6 136.7 140.3 139.4 136.7 131.3 122.1 98.3 78 68.6 59 46.3 37.5 30.7 28.9 11.9 -1.1 -1.1 -1.1 -1.1 -1.1 -1.1 -1.1 -1.1 -1.1 -1.1 -1.1 -1.1 -1.1 -1.1 -1.1 -1.1 -1.1 -1.1 -1.1 6.8 16.4 19.5 11.3 23 21.1 28.2 28.4 34.1 41.4 38 40.7 43.5 49.6 50.5 52.7 46.8 38.4 39.7 34.1 27.2 42.1 49.5 62.9 82.4 109.2 114.3 114.5 117.4 115.1 115.2 115.1 116.2 121.3 124.5
14.9 20.6 22.3 13.7 21.3 37.7 42.3 49.3 55.6 56.7 60.8 68.5 65.3 89.7 111.7 128 132 131.3 128.3 126.5 129.7 114.8 97.4 72.7 54.8 49.9 32.7 22.4 17.7 14.7 -1.1 -1.1 -1.1 -1.1 -1.1 -1.1 -1.1 -1.1 -1.1 -1.1 -1.1 -1.1 -1.1 -1.1 -1.1 -1.1 -1.1 -1.1 7.1 8.7 17.3 25.1 27.3 29.5 30.5 36.4 41.6 39.3 42.9 45.2 48.5 53.9 59.9 65.7 70.3 73.7 70.7 53.2 43.2 41 27.4 42.6 46.5 63.3 84 107.5 119.4 128.1 130.4 134.8 130.2 131.6 134.9 139.2 142.5
29.5 29.8 11.3 6.5 11.7 26.3 31.5 34.7 36.5 42.8 44.9 47.1 45.3 83.8 99.2 116.2 118.5 110.5 105.8 104.6 111.8 107.2 89.1 63.6 44.3 22.2 23.2 9.3 6.4 3.4 -1.1 -1.1 -1.1 -1.1 -1.1 -1.1 -1.1 -1.1 -1.1 -1.1 -1.1 -1.1 -1.1 -1.1 -1.1 -1.1 -1.1 4 8.6 11.6 20 25 30.7 36.7 34.4 39.2 47.9 47.8 55.9 63 65.1 67.5 77.2 88.3 97.1 103.3 95.5 79.8 60.7 48.5 36.7 40.7 47.6 58.9 81.1 102.5 119.8 136 137.6 147.6 140.2 143.9 151.7 146.1 145.9
19.1 11.6 3.6 1.6 2.4 6.6 11 19.3 22.8 34.3 36.6 39.8 37.3 52.1 90 103.4 106.6 102.3 91 79.8 78.4 84.1 76.7 49.9 19.3 7.6 6.6 1.4 -1.1 -1.1 -1.1 -1.1 -1.1 -1.1 -1.1 -1.1 -1.1 -1.1 -1.1 -1.1 -1.1 -1.1 -1.1 -1.1 -1.1 -1.1 2.4 6.1 9.6 12.5 18.5 26.2 33.4 36 40.6 47 58 65.9 73.8 82 79.2 92 102.8 111.1 118.3 123.2 122.5 108.3 90 72.3 55.9 39.5 48.9 67.9 82.1 102.7 123.6 135.3 142.8 162 155.2 160.3 159.1 157.5 151.3
-1.1 -1.1 -1.1 -1.1 -1.1 -1.1 1.7 4.2 8.5 17.3 37.5 31.4 25.7 38.4 69.2 90.9 104.8 99.3 81.5 64.3 52.3 54.5 56.8 26.4 5.6 -1.1 -1.1 -1.1 -1.1 -1.1 -1.1 -1.1 -1.1 -1.1 -1.1 -1.1 -1.1 -1.1 -1.1 -1.1 -1.1 -1.1 -1.1 -1.1 1.1 3.6 6 7.1 10.8 14.3 18.4 24.3 34.2 41 52.1 60.5 68.5 76.8 86.5 90.2 89.6 104.7 123.3 134.8 139.8 137 140.3 137.1 115.9 92.2 77.7 57.5 48.3 61.4 81.6 97.8 118.9 134.9 149.6 158.7 162.4 171.8 171.3 169.8 163.6
-1.1 -1.1 -1.1 -1.1 -1.1 -1.1 -1.1 -1.1 2.7 10.2 25 14.6 13.2 22.5 56.3 72.9 79.2 84.2 79.8 57.4 40.5 33.2 27.7 6.2 -1.1 -1.1 -1.1 -1.1 -1.1 -1.1 -1.1 -1.1 -1.1 -1.1 -1.1 -1.1 -1.1 -1.1 -1.1 -1.1 -1.1 -1.1 -1.1 -1.1 3.1 5.9 7.6 10 14.2 32.6 29.5 34.4 44.5 56.5 65 74.1 84.8 83.6 98.9 95.1 103.7 118.9 131.3 140.6 148.8 149.5 150.9 148.4 137.8 117.6 101.4 75.7 61 57.8 75.5 98.2 117.5 135.8 150.3 167.8 169.5 196.3 194.3 192.3 188.1
-1.1 -1.1 -1.1 -1.1 -1.1 -1.1 -1.1 -1.1 -1.1 3.3 7.3 8.1 8 9.7 30.2 46.2 74.8 77 77.7 51.1 36.4 13 -1.1 -1.1 -1.1 -1.1 -1.1 -1.1 -1.1 -1.1 -1.1 -1.1 -1.1 -1.1 -1.1 -1.1 -1.1 -1.1 -1.1 -1.1 -1.1 -1.1 -1.1 1.2 5.8 9.2 11.9 26.9 35.2 35.4 39.5 46.8 53.2 69.1 80.2 91.1 101 101 103.7 106.8 115.6 128.2 137.4 148.1 160.5 169.4 169.2 164.7 151.8 149.1 126.5 100.7 77.3 67.6 71.4 90.1 113.5 131.2 164.1 169.9 175.3 198.7 207.1 198.4 207.3
-1.1 -1.1 -1.1 -1.1 -1.1 -1.1 -1.1 -1.1 -1.1 -1.1 6.6 7 4.6 4.1 11.5 25.6 41.8 61.6 67.4 49 19.2 4.7 -1.1 -1.1 -1.1 -1.1 -1.1 -1.1 -1.1 -1.1 -1.1 -1.1 -1.1 -1.1 -1.1 -1.1 -1.1 -1.1 -1.1 -1.1 2.2 4.7 7.6 14 18.5 20.1 22.2 34.9 43.7 57.9 60.1 63.6 67.1 78 94 108 118.8 115.6 110.4 120.8 132.3 135.5 156.5 163.3 176.2 194.3 194.7 181.1 163.8 159.5 154 127 100.4 79.3 63.4 84.4 108.5 122.3 150.3 170.4 179.9 201.7 210.8 201.9 208.7
-1.1 -1.1 -1.1 -1.1 -1.1 -1.1 -1.1 -1.1 -1.1 -1.1 -1.1 -1.1 -1.1 -1.1 1.7 8.3 25.4 35.9 41.9 25.7 4.6 -1.1 -1.1 -1.1 -1.1 -1.1 -1.1 -1.1 -1.1 -1.1 -1.1 -1.1 -1.1 -1.1 -1.1 -1.1 -1.1 -1.1 8.3 12.2 16.8 23.7 36 39.7 41.6 45.1 43.7 47.3 66.3 78.3 84.6 79.6 82.7 84.9 107.4 115.4 127.7 121.5 123.9 139.2 155.4 157.8 161.1 176.8 185.2 197.7 205 193.6 180.2 172.7 169.6 152.4 129.1 99.9 82.7 67.3 92.8 112.4 131.9 153.9 181.9 198.5 207.2 205.3 210.4
-1.1 -1.1 -1.1 -1.1 -1.1 -1.1 -1.1 -1.1 -1.1 -1.1 -1.1 -1.1 -1.1 -1.1 -1.1 -1.1 3.6 11.9 4.2 -1.1 -1.1 -1.1 -1.1 -1.1 -1.1 -1.1 -1.1 -1.1 -1.1 -1.1 -1.1 -1.1 -1.1 -1.1 -1.1 -1.1 4.2 21.2 36 41.9 38.7 45.1 51.9 57.1 67.1 70.3 69.1 62.5 83.7 97.1 108.4 102.6 103.1 93.8 108.3 121.5 128.4 140.1 146.9 153.2 165.6 178.7 192.3 191.9 200.6 205.6 208.9 203 195.3 183.8 179 169.7 153.4 122.9 99.9 86.2 79.7 97.5 120.8 140.2 160.8 191.1 200 203.8 219
-1.1 -1.1 -1.1 -1.1 -1.1 -1.1 -1.1 -1.1 -1.1 -1.1 -1.1 -1.1 -1.1 -1.1 -1.1 -1.1 -1.1 -1.1 -1.1 -1.1 -1.1 -1.1 -1.1 -1.1 -1.1 -1.1 -1.1 -1.1 -1.1 -1.1 -1.1 -1.1 -1.1 -1.1 -1.1 -1.1 16.6 36.2 47.7 53.1 52.9 58.7 67.3 80.7 92.4 97 90.8 75.5 93.6 112.6 125.1 125.1 119.2 110 115.5 125.4 139 153.8 162.6 164.8 175.2 188.1 203.2 207.6 218.9 221.5 219.5 213 206.1 196.1 193 184.9 169.4 133.9 117.4 102.5 96.6 85.1 102.1 128.9 146.4 165.8 186.4 200.1 202.2
-1.1 -1.1 -1.1 -1.1 -1.1 -1.1 -1.1 -1.1 -1.1 -1.1 -1.1 -1.1 -1.1 -1.1 -1.1 -1.1 -1.1 -1.1 -1.1 -1.1 -1.1 -1.1 -1.1 -1.1 -1.1 -1.1 -1.1 -1.1 -1.1 -1.1 -1.1 -1.1 -1.1 -1.1 7.1 16.1 27.8 42 53.1 62.9 61.8 74.7 84.9 101.3 112.4 114.3 108.9 94 100.3 124.8 136.7 140 134.7 132.6 128.7 135.1 145.4 157.1 172.2 183.2 190.8 198 210.2 216.3 223.1 230.4 230.3 225.2 218.4 211.3 203 195 179.5 148.4 136.9 127.7 114 109.4 96.6 112.1 134 148.2 167.6 192.9 195.7
-1.1 -1.1 -1.1 -1.1 -1.1 -1.1 -1.1 -1.1 -1.1 -1.1 -1.1 -1.1 -1.1 -1.1 -1.1 -1.1 -1.1 -1.1 -1.1 -1.1 -1.1 -1.1 -1.1 -1.1 -1.1 -1.1 -1.1 -1.1 -1.1 -1.1 -1.1 -1.1 8.4 16 24.4 29.2 40.6 54.4 67 79.1 91.4 97.3 108.2 114.4 123.7 129.9 125.7 113.4 109.8 130.2 143.5 150.9 151.3 145.5 146.6 151.5 154.7 177.3 183.4 195.6 205.5 214.3 223.3 229 230.7 235.9 235.2 236.6 228.5 219.1 216 199.8 173.1 168.7 166.5 160.1 144.7 126 114 98.3 115.2 131.4 154.8 174.7 186.8
-1.1 -1.1 -0.3 -0.6 -0.7 0.1 0.6 0.6 0.5 -0.4 -1.1 -1.1 -1.1 -1.1 -1.1 -1.1 -1.1 -1.1 -1.1 -1.1 -1.1 -1.1 -1.1 -1.1 -1.1 -1.1 -1.1 -1.1 -1.1 -1.1 -1.1 13.6 25 36 44.2 54.5 57.4 72.8 95.4 115.5 123.2 126.4 130.9 131 132.4 147 151.4 148.1 139 138.7 149.7 162.1 165.3 160 167.1 170.6 174.3 181.4 195.9 204.5 216.8 229 238.4 240.4 236.6 247.8 246.7 244.3 235.5 221.8 214.9 215 219.8 206.2 196.7 187 176.4 151.8 132.2 122.1 112.6 109.9 142.4 166.7 181.8
1.8 2.6 3.2 3.4 3.9 4.3 4.8 5.1 5 4.8 4.1 -1.1 -1.1 -1.1 -1.1 -1.1 -1.1 0.4 0 -1.1 -1.1 -1.1 -1.1 -1.1 -1.1 -1.1 -1.1 3 6.7 9.5 14.8 32.7 42.2 56.1 71.2 83.7 98.5 87.4 118.1 143.7 154.9 154.4 149.9 159.6 153.8 162.2 172.6 174.1 163.6 158.4 150.1 168.4 176.7 175.6 190.6 191 195.3 195.6 210.5 215.9 228.2 240.5 248.2 247.3 255.4 260.4 256.9 255.6 243.8 228.7 218.6 241.4 249.1 234.6 224.8 211.6 201.6 178.9 155.1 134.9 126.1 113.8 134.9 160 175.6
7.1 10.8 10.7 9 9.6 9 10.8 12 11 9.8 9.1 6.8 4.7 3.3 1.7 -1.1 -1.1 2.2 2.3 -1.1 -1.1 -1.1 -1.1 -1.1 -1.1 8 16.1 17.8 14 24.2 37.1 47.7 66.5 84.5 105 146.8 142.9 127.2 127.5 158.1 174 178.9 169.7 165.2 172.3 174.2 188.9 190.9 179.8 174.8 155.3 174.9 184.1 182.7 197.2 205 207.8 216.3 213.2 223.6 238.8 249 257.8 265.3 271.2 268.3 267 262.6 248 235 232.6 253.5 265.1 259.7 251.8 233.5 222.2 206.1 178.5 156.1 137.6 123.9 123.4 153.2 172.2
17.6 20.4 17.8 19.7 20.5 16.7 12.3 16 16.9 17.4 15.5 11.7 8.1 5.4 5.7 4.1 4.5 4.5 3.8 3.3 -1.1 3.7 10.5 24.1 35.2 38.2 47.2 53 43.5 40.6 52.9 74.3 90.4 111.1 134.8 165.2 182.7 178.6 162.8 165.1 181 187.5 187.6 181.1 186.6 187.8 193.1 198.6 201.6 197.6 174 181.3 190.4 194 201.4 215.4 215.8 222 225.9 235.9 253.6 268.6 270.7 278.4 284.2 278.7 270.5 256.4 247.3 238 242.3 262.3 271.3 275.2 266.3 251 240.2 225.9 210.5 176.1 152.7 138 120.4 141.1 163.9
31 30.4 29.2 28.7 35.1 33.7 33.4 24.2 23.5 23.9 18.3 17.7 10.9 11.1 13.4 7.7 7.4 5.7 6.6 6.9 9.8 14.9 27.1 40.8 54.4 68.4 76.4 75.1 71.2 64.1 65.5 87 111.6 137 172.5 190.5 197.2 198.8 199 180.5 190.2 201.5 205.8 204.6 197.8 194.6 205.8 212.9 215.9 215.3 200 185.6 193.1 203.3 205.1 214.5 224.5 229.5 239.9 249.8 273.4 284 284.5 281.9 278.9 271.9 258.4 256.8 250.1 241.2 260.5 272.7 275.5 280.2 278.2 259.4 249.2 239 224.6 198.8 177.4 155.2 138.8 122.8 154.5
38.1 45.6 43.7 46.2 48.7 44.4 45.9 49 39.5 35.6 30.6 23.5 18.1 19.2 19.3 10.8 9 9.5 10.9 14.4 27.5 26.5 36.5 52.5 73.2 92.6 109.5 111.5 98.5 85.3 85.8 103.2 131.4 182.5 197.3 216.4 216.9 218.8 214.4 208.4 194.2 211.5 220.7 220.4 217.4 206 214.7 227.4 239.4 229.8 217.2 197.3 190.9 201.5 210.1 219.5 224.2 234.1 250.1 264 280.3 295 294.4 283 271.5 263 258.9 257.7 256.5 256.9 266.7 274.3 278.7 281.5 281.6 269.2 258.3 248.6 237.4 215.7 197.8 177.5 156 137.7 145.8
56.8 72.8 65.4 69.8 67.7 64.7 57.7 60 58.6 49.7 48.1 34.2 20.7 22.9 22.3 17.7 15.4 17.6 20.1 24.3 35 40.6 45.7 64.9 82.3 99.7 109.2 113 111.4 105.2 108.7 120.2 138.6 187.6 224.7 231 235.8 232 225.3 222.2 217 215.1 228.8 235.7 235.1 223.3 220.9 233 241 240.6 230.4 207.3 203.6 206.4 215 222.7 231.4 243.9 257.5 267.1 278.7 291 287.3 276.1 260.4 257 258.3 256.7 253.6 261 268.2 278.7 285.1 285.4 284.8 278.8 267.6 254.8 236.9 223.7 205.8 192.6 170.9 146.6 140.7
67.1 77.4 79.9 83.9 81.5 81.8 75 75.6 67.4 58.2 55.6 43.3 26.7 27.8 24.3 24.7 25.3 31.5 30.6 35.3 40.6 48.3 58.5 70.1 82.2 94.5 103.5 112.4 122 135 132.4 138.4 149.1 178.2 219.1 246.2 248.2 244.6 241.6 237.7 235.1 242.2 237.7 247.5 243.5 236 227.7 242.4 245.5 246.8 237.4 209.1 214.4 215.2 219.3 227.5 238.6 251.3 259.6 266.5 275.3 280.7 276.3 263.3 250.4 256.5 261.9 258.4 255.5 260.6 274.9 285.2 290.3 292 283.8 281.6 274.8 257.4 237.4 226.1 209.2 199.8 180.3 157.2 135.2
74.4 72.2 83.6 86.8 83.2 86.3 86.4 77.8 71.5 65.2 67.9 45.2 33.2 35.4 45.6 48.1 50.6 51.4 49.9 48.9 49.9 57 60.3 69.2 78.9 89.7 106.5 124.2 134.3 146.6 150.2 157.9 157.2 180.1 207.8 249.9 250.4 247.5 258.5 263.1 259 258.1 256.9 256.1 256.7 249.6 243.2 250.6 254.3 251.2 239.2 212.9 222 224.4 231.1 237.9 248.2 255.5 260.7 265.2 270.8 266.7 259.9 250 247.5 255.9 257.9 256.7 258.2 266.4 275.4 281.2 285.2 283 279.8 278.1 277.5 251.8 233.4 223.4 214.7 203.4 193.4 164.6 142.2
70.8 72.4 75.4 79.1 82.4 90.4 91.6 86 71.8 68.3 59.4 40.9 40.4 51.8 53.1 62.3 67.3 71.3 69.6 65.2 54.1 66.5 72.6 75.7 82.4 99 118.4 137.4 145.6 154 164.1 166 175.7 184.6 208.2 231.5 246.3 262.5 273.2 286.9 279.1 275.6 273.2 260.1 263.2 265 263.6 256.5 262.5 261.6 247.1 215 230.8 236.8 245.3 253.4 257.5 259.7 260.3 261.5 259.7 256.6 250.9 245.4 247.2 253.4 255 256.9 259.1 268.9 273.3 275 274.7 273.5 272.1 268.4 257.4 239 225.5 221.8 216.9 206.7 196.8 170.2 146.8
79.2 83.9 88.6 90.7 85.5 84.9 86.8 82.3 71.1 56.3 44.3 49.5 63.7 60.4 64.2 66.8 71.7 78.7 86.5 84.6 76.8 61.8 75.4 79.8 102.8 117 131.5 141.1 150.1 158.1 168.6 175.9 188 187.5 205.7 231.7 242.3 260.4 276.2 288.8 293.4 286.2 286.7 279.5 272.1 274.5 276.1 270.7 271.3 269.5 251.6 228 236.9 244.3 254.8 261.4 262.1 260.5 260.4 259.6 257.8 255 253.3 244.1 246.5 251.4 253.7 256.6 259.5 265.8 271.6 273.1 270.7 267.5 268.7 261.7 249.1 231.8 225.2 221.8 215.5 208 200.7 181.8 154.2
89.7 92.3 97.5 96.4 95.3 94 83.5 68.5 53.6 56.8 54.3 69.2 76.2 74 71.3 69.9 74.4 84.3 90.8 91.4 90.5 77.6 80 104.6 116.1 131.1 140.4 149.3 161.1 164.7 181.3 189.3 191.9 200.6 206.1 230.7 252.4 260 268.5 283.1 295.9 294.3 293.1 288.5 279.8 282.7 286 283.4 280.2 273.7 256.6 233.9 246.9 251.5 258.2 262 262 260.9 260.8 259.2 258.1 255.3 256.3 243.7 245.2 248.7 251.6 257.2 257.8 263.6 267.6 264.5 263.4 251.5 244.8 245.4 236.3 232.8 228.4 222.6 215.3 208.5 199.6 194.9 176.5
89.5 90.3 98 98.3 97.2 94.2 71 77.5 76.1 66.5 68.7 81.7 87.7 87.8 80.7 81.5 85.7 84.9 93.1 90.5 85.2 80.1 95.3 114.9 131.5 137.5 151.4 163.5 167.4 184.6 191 202.2 226.4 229.7 223.2 236 259.3 274.6 274.8 284.3 288.3 294.8 300.4 298.5 289.3 288.2 289.5 292.8 281.5 274.6 261.1 248.9 254 257.2 259.3 259.6 260.7 261.7 262.2 262 258.4 253 247.3 243.6 243 245.7 252.2 254.3 250.3 252.4 251.3 245.1 242.1 241.4 242.9 241.3 238.5 233.3 228 220.7 213.1 209.3 201.5 188.6 168.4
93.8 92.3 98.3 99.9 88.3 76 90.7 85.3 84.1 87.9 91.4 89.5 92.2 96.6 95.5 96.9 97.7 106.2 98.6 86.3 105.1 112.9 118.5 122 127.3 138.8 150.2 157.5 169.4 179 196.9 209.1 228.9 239.7 240.1 233 258.1 284.5 289.8 295.6 306.3 303.7 311.1 304.7 299.4 294.3 292.1 290.7 284 275.8 272.3 257.4 257.5 262 260.6 259 262.1 264.5 265.3 267.6 263.9 254.9 249.4 247.1 242.5 243.4 250.1 253 241.8 237.1 235.2 238.6 238.7 239.5 240.3 240.8 236.7 233.1 228.6 220 214.6 210.2 200.8 173.8 186.3
94.4 97.1 98.6 89.7 88.5 105.6 98.4 85.4 90 97.9 103.6 104.1 100.3 99 103.9 104 110 111.3 93.1 110 122.6 130.4 131.4 140.7 142.2 149.8 159.6 162.9 181.5 205.5 219.2 227.5 232.6 245.8 250.8 254.8 246.7 272.7 290.1 297.1 310.8 309.4 310.6 310.4 309.6 308.5 304.1 298.7 291.6 295.4 288.6 268.3 273.9 273.1 292.6 289.2 283 278.4 273.6 271.9 266.6 256.5 250.3 251.1 246.5 240.4 243.1 237.7 232 231.1 230.7 230.8 228.5 228.7 234.1 235.8 233.1 228.2 227.7 221.4 213.9 207.9 189.3 199.8 202.7
94.1 89.2 87.6 89 102.2 110.7 106.2 90.1 105.6 109.8 110.6 112.1 106.8 105.8 112.6 119.9 120.4 100.4 115.4 127.6 130.9 142.1 142.6 145.2 155.7 158.1 165.5 177.3 190.8 212.8 231.7 244 241.5 249.1 259.8 265.5 262.2 272 290.7 297.4 303 308 310.6 312.9 313.8 315.8 312.1 298.1 305.6 313.7 299.4 288.2 283.8 293.2 295.8 305 308 300.3 283.6 273.7 264.7 252.5 252.9 251.5 248 243.3 235.6 236.6 238.6 242.4 232.4 229.2 227.1 227.1 227.8 230.2 226.7 224.1 220.2 217.3 210.7 195.7 213.9 217.7 217.4
