WholeMapElevations/data/sn/sn03_OST50GRID_20230518/SN03.asc
ncols 200
nrows 200
xllcorner 200000
yllcorner 230000
cellsize 50
[rows 105 to 139 of 200, columns 79 to 157 of 200]
188 185.1 180.5 173.6 149.4 144.9 136.5 112.9 108.4 107.6 107.7 108.3 108 107.4 106.6 106.6 107.1 106.8 107.5 108 108.7 108.8 108.8 109.7 109.5 111.2 111.4 109.1 109.3 114.8 119 128.1 134.7 112.8 112.1 116.8 138.4 153.9 168.2 172.7 177 181.3 186.5 193.3 199.7 205.5 210.9 217 226.8 236.8 245.5 252 256.3 260.4 264.1 268 274.5 277.7 281.7 284.4 287 291.1 295.9 301.5 310.6 314.8 315.2 315.1 314.5 314.7 317.2 319.6 318.5 314.5 305 300.8 298.1 296.5 297.6
179.4 177.1 160.7 143.5 128.6 119.4 110.3 107.8 107.4 106.6 106.6 107.2 107.1 106.7 106.3 106.5 106.8 107.9 107.7 108.6 111.5 114.3 113.8 113.8 112.7 114.1 113.2 116.4 130.8 145.1 151.8 153.4 152.9 123.1 110.9 119 140.5 162.1 167.5 170.2 173.9 177.8 180.9 188.7 194.8 203.2 210.4 214.8 221.3 230.8 236.7 248.4 254.2 258.4 262.2 265.6 269.4 273.7 277.7 281.2 284 288.7 293.9 299.5 309.4 316.2 316.5 316.7 317.8 319 321.7 324.7 321.5 317.1 308.1 304.3 302 301.8 302.6
140.1 140.7 132.5 121.3 113.3 110.1 106.2 105.5 104.3 105.5 104.4 105.4 105.4 107.1 107.4 109.6 108.5 110.4 114.6 127.8 140.6 144.4 141 140.4 142.3 132.8 137 150.7 163.6 167.2 167.5 165.6 161.3 140.5 119.8 130 123.8 139.2 161.5 167.8 171.6 174.8 178.3 182.7 190.5 197 206.9 214.2 218.7 226.8 234.7 241.9 249.2 254.6 260.1 263.5 266.7 269.5 273.6 277.2 280.7 284.9 290 295.2 304.6 312.2 316.1 317.8 319.5 321.4 324.3 326.2 322.2 315.8 309.4 307.2 306.1 306.4 307.5
141 122.1 116 112.8 108.6 105 105.4 105.3 106 107.3 106.6 109.1 112.3 113.3 115 118 123.8 131.9 143.8 158.8 168.5 165.9 162.5 162.4 164.8 161.3 146.5 171.3 174.2 175.6 176.3 174.1 166.7 158.8 137.7 157.3 157.6 130.2 150.6 165.1 169.5 173.1 176.4 180.6 184.8 188.5 201 212.4 217.5 223.3 230.2 238 244.3 250.8 255.9 259.9 263 265.8 269.8 273.2 276.7 280.7 284.5 289.2 297.4 304.5 311.3 316.3 320.5 321.9 324.7 325.1 318.8 313.5 310.3 309.2 308.7 309.7 311
140.5 123 115.7 109.2 106.7 104.7 105.4 111.7 116.3 118.5 127.4 135.1 142.3 144.6 141.4 145.8 153.4 162.3 172 175.2 173.9 172.8 171.5 170.5 172.2 171.4 167.3 175.3 178.6 180.1 180.9 178.2 172.2 163.9 151.2 161.2 165.5 162.6 137.8 145.8 160.7 170.1 174.7 177.5 181.5 185.1 195.3 205.6 215.1 220.4 226 232.3 239.4 245.3 250.5 255.1 258.7 262.7 265.9 268.9 272.5 276.3 280 283.9 288.6 294.3 304.9 312.2 318.2 322 322.1 318.2 314.1 311.3 309.9 309.2 310.2 311.7 313.3
138.4 123.4 113 107.3 104.9 106 125 138.1 147.4 155.7 160.7 165.8 172.7 172.8 172.5 173.6 177 178.4 179 178.6 178.8 178.3 176.9 177 177 176.8 176.1 176.3 179.8 181.9 182.1 179.3 175.2 167.9 167.8 168.7 170.5 169.3 167.3 163.9 156.9 158.6 172.6 175.5 179.5 183.7 189.4 199.5 208.9 217.2 223.6 228.2 233.5 239.1 244.2 248.9 254.9 260.1 262.4 264.4 267.8 271.2 275.6 279.6 284.4 288.7 294.4 306.1 311.7 315.6 315.1 313.5 310.5 307.7 307.5 308.7 310.6 312.5 315
159.3 118.2 107.5 103 103.5 124.1 152.7 170.8 175.2 176.9 178.4 179 180 180.5 181 181 181 181.7 181.9 182.1 182.8 182.6 181.9 181.4 181.4 180.9 180.1 179.5 181.1 183.3 183.1 178.9 176.3 171.8 173.5 173.7 178.2 176.2 172.9 171.9 172 167.4 164.2 173 177.2 179.5 184.6 193 202.7 211.8 220.9 225.7 230.1 235 239.9 243.7 248.4 254.3 258.1 260.6 262.9 266.3 270.2 274.1 278.9 283 289.5 297.6 304.5 309.2 309 306.7 304.5 304.1 304.7 307 310.2 313 315.6
145.2 112.7 103.7 101.9 108.5 133.4 158.6 173.8 177.5 179.7 181.5 183.1 183.9 184.5 184.5 184.1 184.5 184.6 184.7 184.9 185.1 185.4 185.1 185 184.5 183.7 182.9 181.5 182.9 184.3 183.6 180.9 180 179.3 179.2 179.2 181 184.7 184.6 176.4 175.4 175.8 175.3 173.5 176.7 177.7 180.4 187.2 195.3 203.8 214.1 222.9 227.8 231.4 235.4 239.7 243.7 248.1 251.6 254.8 258.5 260.8 265.4 269.8 273.8 277.3 282.7 288.9 296.4 301.9 302.7 300.5 299.5 300.4 302.2 305.2 309.2 312.6 315.5
124.6 103.7 102.1 101.8 113.5 138.2 160.5 175.3 179.4 181.9 184.3 185.7 186.7 187.5 187.4 187.4 187.4 187.4 187.3 187.6 187.9 187.8 187.7 187.2 186.9 186.3 185.5 183.9 185.7 186.3 185.3 185.5 183.8 183.6 182.8 182.1 182.4 187.1 189.4 189.3 182.6 178.4 178.4 178.6 177.3 174.9 180.7 183.2 187.4 196.2 205.5 214.3 222.1 227.5 231.6 236 239.3 243.3 246.2 248.7 251.3 255.8 260.8 265.7 269.1 272.6 276.3 281.5 288.6 293.6 294.4 294.9 295.1 296.9 299.6 302.9 307.4 310.8 314.2
105.9 101.5 101.1 104.9 119.3 142.7 167.3 177.6 181 183.4 185.6 187.1 188.4 189.2 189.5 189.6 189.6 189.9 189.8 189.8 189.9 189.3 189 188.7 188.8 188.8 188.1 187.7 188.2 188.6 187.3 188.7 188.4 188.1 187.5 186.1 185.5 189.5 191.9 193.3 193.7 187.2 181.6 180.5 179.8 178.5 180.3 182.6 184.8 190.3 199.4 207.2 214.6 221.5 225.9 231 235.2 238.6 240.8 243.1 247.1 251.5 256.7 261.5 265.7 269.2 272.9 276.8 280.8 286.1 288.8 290.5 291 293.4 296.1 300.5 304.9 308.4 311
100.7 101.3 102 113.8 131.8 161.4 175.7 179 182.2 184.6 186.5 187.9 189.3 190.2 190.7 191.2 191.5 191.7 191.5 191.4 191.4 191 190.4 190.2 190.4 190.4 190.5 189.9 190.2 190.4 190.4 191.5 191.7 191.3 190.8 190 188.6 190.7 194.8 196.3 196.9 195.9 189.3 184.6 182.4 181.3 180.5 181.7 184.1 187.2 191.4 199.9 207.6 214.3 218.9 223.7 228.6 232.6 235.3 237.5 241.9 248.1 253.9 258.7 263 266.5 270 273.2 276.6 279.7 282.9 284.8 286.8 289.6 293 297.7 301.7 305.2 308.1
102 103.5 112.9 128.9 158.9 173.8 177.2 180.5 183.4 185.4 187.1 188.6 190 191 191.9 192.4 192.9 193.2 193.1 193 192.8 192.5 192.1 191.9 192.1 192.3 192.5 192.4 192.5 193.2 193.2 194.4 194.5 194.2 194.1 194.3 193.7 194.5 197.9 199.3 198.7 199 198.9 200.2 199.1 189.3 181.5 183.4 186.3 189.8 193.5 196.5 200.8 207 210.7 215 218.9 221.8 226.4 227.8 236.3 244.1 250.6 255.9 260.2 264.2 267.2 269.9 273.3 276.6 279.3 281 283.1 286.4 289.5 294.6 298.3 301.8 304.8
114.3 117.5 133 160.9 171.2 174.9 178.4 181.6 183.9 185.8 187.5 189 190.3 191.3 192.3 193.2 193.9 194.1 194.2 193.7 194.6 194.7 194.7 194.5 194.7 195.5 195.7 195.8 195.8 196 196.1 196.7 197.7 198.1 198.1 197.8 197 197.3 201 202.5 202.9 203.3 201.4 203.6 203.9 198.6 185.4 185.2 186.6 189.3 192.9 197.4 203.4 206.7 210 216.1 220.7 224.5 229 228.9 229.7 239.3 246.4 252.5 256.9 260.4 264.4 267.1 270.1 273.4 276 277.8 280 282.9 286.1 291.7 295.1 298.7 302.5
150.4 146.7 165.3 167.7 171.9 175.5 178.7 181.3 183.7 185.7 188 189.3 190.3 191.3 192.4 193.3 193.9 194.6 194.8 195 195.5 196.1 196.5 197.1 197.4 198.2 198.4 198.3 198.3 198.5 198.1 199 200.5 201 201.5 201.4 200.3 199.6 203.8 205.7 206.7 207.3 208.3 208 208.8 207.8 201.5 188.8 189.2 191.9 196 199.6 203.8 207.6 211.1 216 222.6 227.5 230.6 233.7 235.4 237.2 242 248.4 252.2 256.8 260.9 264.7 267.6 271.4 273.1 274.8 277.5 280.4 282.9 287.4 291.4 296 298.7
151.5 157.1 162.4 167.8 171.8 175.5 178.3 180.9 183.4 185.1 187.2 188.8 190.2 191.3 192.3 193.3 193.8 194.5 195.3 195.8 196.3 197.1 197.9 198.6 199.5 199.9 200.3 200.4 200.5 200.7 200.3 201.8 203 203.8 204.5 204.6 203.2 202.3 205.5 208.6 210.5 211.3 212.3 212.9 214 214.2 214.8 213.6 214.1 217.1 219.6 220.9 213.5 210.9 212 218.2 226.1 226.8 233.6 236.8 239.5 241.6 244.7 246.8 250.4 253.9 258.6 262.3 265.4 267.9 269.9 272.3 274.6 277.9 280.9 284.8 289.3 292.5 295.3
145.3 152.2 159.5 165.5 170.5 174.8 177.4 179.9 182.2 184.4 187.8 187.6 189.5 191.1 192 193 193.7 194.4 195.4 196.5 196.5 198.1 199.5 200.2 201 201.6 202.2 202.5 203.2 203.5 203.3 204.1 205.6 206.4 207.4 207.2 206.6 206.2 207.5 211.8 214 215.7 217.1 218.4 219.5 223.1 223.6 224.5 226.8 229.2 231.6 232 231.6 231.3 228.4 227.2 228.5 232.2 235.6 240 242.2 244.7 245.7 248.9 250.4 253.1 257.9 260.4 263.5 266 268 270.5 273.4 276.3 279.3 283 286.1 289.6 292.2
126.7 142.9 153.3 161.2 167.3 172.2 176.3 178.3 181 183.4 184.9 187 189 190.7 191.2 192.5 193.3 194.3 195.4 196.8 198.1 199.4 200.9 201.8 202.6 203.4 204 204.7 205.4 205.8 205.8 205.4 208 209.3 210.3 210.4 209.7 209.1 211.3 215.3 217.7 219.9 221.1 222.4 226 228.4 231.1 234 237.2 240.3 241.5 243.1 243.7 243.9 244 241.9 237.9 239.3 240.3 239.4 243.8 246.3 247.6 249.7 253.4 255.4 258 260.1 262.4 265.6 268 269.6 272.6 275.4 278.5 281.2 283.8 287.6 289.4
127.9 134.1 144.7 155.1 160.1 166.8 172.6 177.4 180.1 182.2 184.8 186.6 187.7 188.9 190.3 191.5 192.7 194 195.4 196.9 198.5 199.9 201.6 202.9 203.8 204.8 205.9 206.7 207.9 207.9 208.2 208.1 210.8 211.9 212.7 213.4 213.3 212.7 214.2 218.5 220.4 222.5 224.1 228.1 230.5 234.5 237.9 240.9 244.9 247.7 250.2 251.6 252.6 253.1 251.7 249.3 246.4 244.1 244 241.9 244.9 246.7 250.1 252.2 254.2 256.2 259.2 261.5 263.6 266.3 267.5 269.8 272.6 274.9 277.2 279.7 282.2 284.8 287
144.5 146.4 145.9 149.8 149.5 153.7 165.1 174.3 178.9 180.9 182.9 184.4 185.5 187.2 188.6 190.2 191.7 193.4 195 197 198.8 200.7 203 204.2 205.3 206.2 207.5 209 210.2 211.2 211 210.7 213.4 213.9 215.5 216.3 216.3 216.2 216.5 220.6 222.7 225.7 229 232.8 235.6 239.2 244.1 248.8 252.4 255.8 258.2 260 260.9 259 257 254.5 251.1 247.8 247.4 248.3 248.5 249.3 250 251.9 254.7 257.1 260.1 262.6 265.1 268 269.9 271.3 271.7 273.9 276.9 279.1 280.7 283.6 285.5
136.6 142.5 147.7 152 153.8 155.3 157 158.8 162.7 165.2 173.2 179.3 182.4 184.6 186.8 188.7 190.9 193 194.9 196.8 198.9 201.3 203.6 205.2 206.4 207.9 209.6 211.4 212.7 213.9 214.2 213.9 214.6 216.3 218 219.2 219.7 220.2 219.4 221.7 226.1 231.1 234.6 237.3 240.7 245.2 250.8 256 259.8 263 265.6 266.3 265.3 263.6 261.7 257.9 254.2 252.2 252.2 251.9 250.7 249.3 251.3 253.3 255.6 259.2 261.6 264.6 267.1 269.1 271.1 273 274.6 275 277.4 278.8 280.7 282 283.8
115.2 114.6 123.6 139.9 154.9 162.9 169 175.6 173.3 169.2 169.7 170.3 172.5 180.8 184.9 187.6 190 192.5 194.8 196.8 199.2 201.7 204.2 206.3 208.2 209.8 211.6 214 215.5 216.6 217.2 216.6 216.9 219.2 220.6 221.9 223.2 223.9 224.3 225.6 230.2 234.2 237.6 241.5 245.6 250.6 257.6 262.5 266.6 269.8 271.7 270.9 269.9 267.6 263.5 260.5 259.1 257.1 256 255.3 253.2 253 253.3 255.3 257.2 260.6 263.9 264.9 269.2 270.6 272.7 274.5 276.7 277.7 277.3 279.9 281.5 282.9 284.2
155.6 161.7 168.1 175.3 177.5 176.9 177.9 181.4 182.4 177.6 174 173.4 173.5 172.7 177.3 186.3 189.1 191.6 194.2 196.9 199.4 202 204.9 207.5 209.7 211.6 213.5 215.7 217.7 219.1 220 219.9 219.6 221 223.6 225.5 226.5 227.3 227.9 228.9 234.9 239.2 243.6 246.4 249.9 255.8 262.4 269.6 273 275.5 275.6 275.3 273.5 269.5 267.6 266 264.2 261.9 259.5 257.4 256.8 256.7 257.8 259.2 260.5 263.5 266.6 269.4 270.7 272.6 275 276 277.3 278.7 279.9 280.6 282.2 283.6 284.9
189.7 188 185.1 182.8 181.9 181.5 182.1 185.3 186.3 185 176.4 176.1 175.6 175.2 174.8 182.5 187.9 190.5 193.1 196 198.8 201.5 204.6 207.8 210.8 213.1 215 217.5 220.1 221.7 223.3 222.6 221.9 223.2 225.8 228.5 229.5 230.6 231.9 232.6 237.7 243 247.3 250.8 253.8 261.8 268.1 274 278.6 280.2 280.6 279.6 277 273.7 270.9 270.5 268.7 266 262.8 261.6 261.2 260.7 262.9 264.8 266.9 269.2 270.8 273 273.3 275 276.4 278.4 279.2 280.6 281.6 282.4 283.3 284.6 285.4
196.7 195.3 193.1 189.5 187.2 186.7 186.2 188.4 188.6 185.5 181.4 178.2 177.4 177 176.7 181.6 186.4 189.7 192.1 194.8 197.9 201 204.1 207.5 210.5 213.1 215.9 219.5 222.1 224.8 226.2 226.6 226.9 226.6 227.7 229.6 232.4 234.5 235.7 236.2 238.8 244.9 249.7 253.6 258.3 266.3 274 279.6 283.5 284.7 286 284.1 281 278.2 276.9 275.7 273.4 270.5 267.7 267.2 267.4 269.1 270.2 272.9 273.7 275.6 277.5 277.7 278.6 278.4 279.6 280.6 281.8 282.2 283.5 284.1 284.5 285.6 286.7
203.3 202.3 200.4 197 194.5 192.6 191.6 192.5 192.4 189.8 182.7 179.9 179.4 179.7 178.2 179.4 185.3 188.3 191.6 193.9 197.2 199.9 203.4 206.7 210.1 213.9 217.2 221.1 224.1 227.2 229 230.2 231.2 231.6 231.8 232.9 235.7 238 239 239.8 241.3 245.5 250.3 255.7 261.8 270.3 278.5 283.1 287.3 291 291.3 289.4 287.1 285.6 285 281.3 277.8 276.1 273.8 275 276.5 277.4 278.4 281 282.4 283.7 283.3 283.4 282.9 282.4 282.5 282.5 284.1 284.4 284.8 286.1 286.5 287.2 288.4
209 207.6 206.4 203.8 200.9 198.3 196.6 197 196.4 194.7 188.8 184.3 181.6 180.1 181 178.7 185 188.8 191.3 193.4 196.4 199.3 202.6 206.2 209.7 213.8 217.6 221.7 225.1 228.4 231.3 233.1 234.2 235.1 235.6 236 238.9 240.6 242.9 244.2 244.5 246.6 252.1 258.1 266.9 275.6 281.9 286.5 293.8 296.7 298 296.5 295.1 296 292.2 287.7 282 280.3 281.1 284 284.9 286.5 287.4 288.3 289.7 290.3 290.3 288.2 287.3 286.1 285.6 283.6 285.9 286.6 286.9 287.4 288 288.9 289.9
214.9 213.3 211.8 210.1 209.1 205.8 203.2 201.7 200.9 198.6 193.9 187 183.5 183.4 183.7 183.5 184.4 186.4 190.6 192.7 195.7 198.7 201.8 205.4 209.3 213.7 217.4 221.2 225.6 229.4 232.8 235.6 236.8 238.2 239.1 239.2 241.9 244.1 246.2 247.6 247.6 249.8 254.7 262.5 273.6 279.8 286.6 295.4 300.6 303.7 304.2 303.4 304.6 302.7 298.6 293.8 288.3 289.1 291.6 294.6 294.5 295.3 296.9 297 295.8 296.1 295.1 292.9 290.5 289.9 288.3 287.9 289.2 289.2 289.1 289.6 290.1 290.3 291.4
220.6 219.6 218.2 215.9 213.6 210.8 208.7 206.8 204.8 202.7 198.9 191.9 186.2 184.6 185.8 186.4 184 187.9 189.3 192.4 195.6 197.6 201 205.2 209.3 213.6 218.1 222.3 226.4 230.8 235.2 238 239.4 240.9 242.3 243.1 244.1 247.2 248.8 250.4 251 255.3 259.9 269.8 278.2 284.4 293.2 301.3 307.6 311.4 310.7 312.4 312.6 309.4 305 300.8 297.5 300.7 302.4 304 304.4 306.3 306.7 305.9 304 301.9 299.3 297.1 294.5 293.5 292.4 291.6 292.5 291.4 291.5 292 292.5 292.9 293.8
226.3 225.4 223.3 220.9 218.3 216.2 213.4 210.9 208.1 206.7 202.8 198.5 189.6 187.8 187.1 188 187.1 189.1 190.6 192.7 194.6 196.9 201.3 204.9 209.6 214 218.8 223.4 227.2 231.6 237 240.1 242.1 243.7 245.3 247 249.2 250.4 253.1 254.5 257.1 260 267.1 275.1 282 288.9 300.9 309.3 316 317.8 318.1 320.3 318.1 315.1 313.2 311.4 310.3 311.3 312.4 314.3 315.9 316.3 315.9 315.3 312.3 307.8 303.8 301.5 297.9 297.1 295.3 295.3 294.1 293.8 293.6 294.2 294.6 294.7 295.8
232.6 231.4 229.1 226.1 222.3 219.8 217.7 214.9 211.7 208.9 205.3 201.9 196.3 190.4 189.1 189.6 188.5 189.9 192.6 193.2 195.3 197.2 201.2 205.9 210.1 214.8 219.8 223.9 227.6 232.3 237.5 241 244 246.5 248.9 250.5 253.9 254.4 257.3 259.8 261.4 266.2 272 278.5 286.8 295.1 306.7 316.9 321.8 323.6 326.5 325.6 323.8 323.1 323 322.7 323.4 323.9 324.2 324.8 327.1 328.3 326.9 324.9 320.6 314.9 310 304.9 302.6 301.5 300 298.1 297.1 296.7 296.5 296.1 296.1 296.3 298.6
237.9 235.7 233.5 231.3 227.6 224 221.8 218.2 215.3 211.5 208.2 204.9 199.2 194.4 196.1 191.7 192.9 191.9 193.2 195.3 197 198.1 202 205.9 209.4 214.9 219.7 224.2 228.2 232.6 238 241.6 244.5 249.1 254.6 253.2 258.1 258.5 260.4 263.5 267.6 271.5 277.1 283.6 291.8 301.3 313.2 322.3 327.2 330.9 331.8 330.6 329.9 330.8 331.9 333 334.7 334.7 335.1 335.5 335.4 338.8 334.6 331.1 327.1 320.6 314.6 309.2 306.2 304.8 302.9 302.5 301.2 299.9 299.7 299.9 300.1 299.7 300.3
243.6 241.3 238.9 235.7 233.4 229.5 226.1 223.3 219.7 215.2 210.2 205.4 199.3 198.4 203.3 203.9 196.9 195.4 194 196.8 198.2 199.1 202.1 204.9 209.2 213.8 219.1 224.4 227.3 230.9 236.5 241.1 244.1 251.1 260.1 262.1 262.1 261.8 264.4 267.4 271.3 276.6 281.3 287 294 306 317.3 326.1 330.6 333.2 334.9 335.2 335.8 337.4 340 342.7 345.2 346.1 347.1 346.5 349.7 349.2 345.4 337.5 329.4 322.8 317.9 315.1 311.2 308.7 307 306 304.9 303.5 302.9 302.9 303.8 303.8 304.5
249.9 247.6 244.2 241.9 239.5 236.2 231 227.8 223.6 218.7 211 205.7 203.6 202.6 208.3 211 209.5 198.5 196.3 198.5 199.7 201 203.4 205.9 208.9 213.1 218.8 223.9 226.7 229.7 233.7 238.6 243.1 250.2 259.8 263.7 265.3 267.6 268.6 270.9 274.1 278.9 285.5 290.6 297.7 308.3 319.4 326.1 330.9 334.4 337.2 339.5 341.3 344.6 348.4 351.2 353.7 355.4 357.1 357.7 357.3 354.9 347.5 338.4 331.3 324.9 321.1 318.3 315.6 312.2 310.6 309.9 308.6 307.7 306.9 308 308.4 310.1 311.2
254.6 252.6 250.6 247.6 244.7 241.3 237.6 231.9 227 221.7 211.2 210.2 208.3 207.6 213.5 214.5 212.7 203.4 199.7 199 201.2 202.5 203.5 205.6 209.7 213.3 216.8 222.1 226 228.9 232.6 238 243.6 250.8 259.8 265.1 266.5 270.7 273.7 275 278.5 281.4 287.8 293.6 300.1 309.8 319.3 325.5 332 335.5 339.2 342.4 346.6 350.9 353.5 355.5 357.4 358.5 359.4 358.6 357.8 353.1 347 340 334.2 329 324.9 321.2 318.1 315.4 314.4 313.7 312.6 312.8 312.6 313.6 314.8 316.1 317.8
257.1 255.7 254.3 251.9 247.5 243.9 239.9 234.8 229.6 220.8 215.7 214.4 213.3 213.5 215.3 215.4 214.1 209.7 203.7 200.7 203.1 204.6 206.1 208 211 213.8 217.7 221.3 225.3 229 232.9 238.5 245.7 253.9 261.6 266.3 269.1 273 276 279 282.2 286 289.9 296 302.4 310.4 321.2 327.3 333 337.5 341.6 346 350.3 353.5 356.6 358.7 360.4 361.2 361.7 360.8 357.7 353.3 347.7 341.3 336.5 331.6 327.7 325 321.2 318.9 319.5 318.8 317.5 318.1 319.3 320.5 322.7 325.5 326.4
