UK/data/nh/nh06_OST50GRID_20230518/NH06.asc
ncols 200
nrows 200
xllcorner 200000
yllcorner 860000
cellsize 50
[rows 36 to 71 of 200, columns 80 to 159 of 200]
411.3 411.7 413.4 417.9 426.6 428.1 424.4 421.1 415.1 412.1 405.9 403 402.8 402.7 401.5 399 398.5 395.2 393.1 386.5 376.3 370.4 369 365.9 365.9 365.9 365.9 372 387 382.2 372.4 366 364.5 370.8 370.1 373.6 368.9 354.5 351.3 343.5 334.2 328.9 319.4 308.6 304.5 309.5 312.1 319.4 331 340.4 349.3 355.5 366.9 375.6 381.8 384.3 389.9 389.3 390.2 393.4 395.9 392.6 391.7 392 390.4 386.7 387.8 391.3 386.3 384.5 374.8 358.8 349.5 338.9 330.9 321.8 310.3 305.6 297.7 289.1
407.6 407.8 410.5 425.7 429.8 436.4 431.5 427.3 424.2 417.6 407.7 403.9 402.2 400.4 399.2 398.7 399.7 396.6 392.3 386.4 379 378 377.6 368.7 365.9 365.9 365.9 370.2 379.7 375.4 372.1 367 362.8 369.9 372.4 375 373.9 357.2 353.9 345.5 337.7 329 322.1 313.1 303.3 306.7 312.3 314.2 320.4 329.6 345.4 353.3 365.6 373.1 379.6 387 392.2 393 395.1 396.8 394.8 392.8 392.4 392.9 391.5 386.7 392.3 397.7 394.3 387.2 369.7 361.1 349.3 341.2 332.6 323 313.7 306 297.2 292.4
399.8 404.2 411.9 438.5 440 436.3 436.4 430 424.2 417.7 410.9 404.5 402.2 400.7 399.2 399.5 400.4 399.1 397.2 390.7 384.2 384.5 383.1 373.5 367.6 365.8 367 365.7 370 373.4 372.2 367.4 361.4 370 373.6 378.7 371.3 359.6 351.8 342.4 340.2 330.7 322.6 316.1 304.9 303.8 306.8 312.6 319.3 330 344 362.1 367 371.3 378.2 388.4 395.5 399.6 399.5 395.9 394.4 393.6 396.7 395.3 391.2 391.6 387.8 392.5 393.5 383 365.8 358.4 349.2 338.6 330.4 319.3 317.7 310.6 306.3 299.4
394.3 398.3 406.1 432.2 433.9 432.6 431.1 427.1 418.5 413.2 406.9 403.2 399.9 401.6 400.6 400.9 401 408.5 402.4 394.5 386.8 383 382.7 380.6 377.2 371.7 370.6 369.1 364.4 371.3 373 366.6 361.9 360.9 369.4 376.6 377.1 364 355.1 347.3 338.8 331.5 323 314 307.9 302.8 303.2 310 316.9 327.6 335.4 346.7 364.1 372.9 379.6 389.3 394.6 398.8 399.5 398.5 398.2 399.1 399.6 397.8 394.2 392.2 385.7 384.6 384.7 372.7 365.3 358.4 349.8 341.4 334.2 324.1 322.3 317.4 312.5 305.1
389.9 392.9 401.6 429.5 427.7 427 422 415.8 415 409.9 403.4 401.5 399.9 400.3 404.7 403.4 403.8 403.6 402 396.8 392.8 383.7 386.1 391.7 384 383.2 376.1 369.1 364.4 364.4 368.1 370.6 368.7 360.9 360.9 360.9 371.5 363.7 355.3 345.6 338 333.6 321.5 312.5 308.7 302.7 299.5 308.4 318 326.7 335.9 341.3 349 364.4 382 384.3 390.9 396.5 400 403 403.2 402.7 403.6 401.2 397.3 393 389.1 383.7 377.6 371.1 367 360.2 353.3 342.6 336.9 332.9 329 324.7 318.3 312.6
391.1 395.4 396.7 407.5 415.6 414.7 413.7 412.5 416.9 409.1 404.4 401.9 399.9 399.9 401.1 404.8 404.1 405.4 405 399.1 394.1 385.5 388.3 390.5 388.4 390.8 388.9 376.1 370.3 368.1 367.3 368.4 371.1 365.2 362.3 360.9 365.4 360.4 352 342.5 335.7 328.2 321.7 313.4 303.7 303 298.6 303.1 312.7 324 334 341 347.1 357.1 369.8 380.2 381.9 396.1 409.7 406.2 406.7 407.3 405.7 403.8 398.3 397.1 391.7 381.2 374.1 371.4 371.1 360.8 354.1 345.6 342 334.8 335.4 327.9 320.4 314.3
394.4 394.4 394.1 400.2 405.9 406.4 407.4 408.7 411 411.1 405.5 399.9 399.9 399.9 399.9 402.1 404.9 407.5 410.6 402.4 395.2 392.1 390 393.7 390.5 394.9 392.3 384.6 374.7 369.8 364.6 365.6 363.7 361.7 360.9 360.9 360.9 362.6 347.6 337.5 332.5 329 322 315.5 303.7 302.9 297.6 299.6 308 318.4 329.8 340.6 347.3 354.7 363.4 369 374.1 384.7 395.1 398.8 402.4 403.6 404 403.8 402.4 398.5 394.2 382.5 376.1 372.6 366.9 361.4 355.9 347.2 344 340.8 337.1 331.7 326.5 319.8
398.9 395.7 395.8 398.9 404.8 404.9 404.9 405.3 408.8 411.8 408 402.5 399.9 399.9 399.9 400.7 402.1 403.5 413.8 407.6 398.9 395.8 391.1 392.1 391.1 388.2 388.6 384.6 380.1 367.9 368.3 369.9 368.6 366.4 362.9 363.8 365.5 358.5 349.3 336.6 332.1 326.7 321 313.4 304.3 297.5 297.4 297.7 303.5 314.3 326.3 337 345 355.2 358.5 362.9 374.6 381.1 388.6 394 400.1 401.4 410.8 410.2 410.2 401.9 393.8 384.2 382.3 374.3 368.5 362.4 357.5 349.6 344.7 341.6 339.5 331.3 325.6 316.9
400.2 395.4 393.9 398.9 403.8 406.6 406.7 404.9 407.7 408.9 411 405.7 402.4 399.9 399.9 402.4 403.6 405.1 410.5 409.3 403.5 398.1 392.1 393 390 386.6 383.7 376.8 374 370.1 367.5 368.1 367.1 367.3 365.6 368.5 365.2 363.3 350 337.5 333.1 328.6 322.4 315.4 305.9 298.5 296 293.6 301.6 312.4 330.2 337.2 344.1 353.7 356.5 360.5 365.6 377.5 388.1 395.5 396.6 401.1 407 411.7 407.6 401.7 391 387.7 383 375.3 370.6 366.2 360.3 354.7 350.9 345.5 340.3 332.6 328 324.2
405.2 399.9 396.3 395 402.1 405.8 406.6 405 405.8 408.6 407.3 407.2 403.2 399.9 399.9 402.9 404.3 407 406.7 408.1 404 402.2 390.3 388.9 390.1 387.8 389.8 382.4 372 369.7 369.4 369.4 370.4 369.8 370.8 368.2 364.6 361.7 348.4 342.2 335.9 334.4 326.6 317.9 311.5 301 297.7 290.7 298.2 308.5 324.2 334.9 341.7 349.3 355 360.8 368.4 377.9 384.7 389.6 397.1 403 405.6 410 406.8 400.9 394.7 386.9 380.9 379.3 371 370.8 364.8 358.2 354.6 349.4 346.6 339 334.1 326.6
407 399.4 402.2 402 399.3 405.4 407.2 406.6 407 407.8 407.8 408.5 407 402.2 400.9 401.1 404.7 405.8 405.8 406.7 406.1 405.8 394.4 391.9 388.9 386.8 386.5 383 375.2 374.3 376.2 375.3 372.5 370 373.6 368.9 364.9 358.2 351.1 347.3 343.8 339.6 330.8 321.9 316.5 304.9 295.8 289.4 293.5 302 314.8 333.2 336.8 347.4 353.8 360.3 367.7 374.5 380.5 389.6 407.8 405.6 417.7 407.3 405.8 403.8 394.6 386.2 380.9 376.2 370 366.8 362.3 359.2 355.5 350 346.1 339.3 334.9 326.6
409.5 404.8 406.3 403.9 405.2 402.5 406.7 405.7 406 406.8 410.7 412.5 411.3 409 407.2 408.4 404.6 406.1 406.2 409.5 407.7 406.3 394.5 394.8 388.1 385.8 385.2 382.9 380.5 378.3 379.5 377.7 374.9 373.2 369.1 366.8 359.5 361.8 365.5 357.8 346.8 346.4 335.9 322.6 315.1 309 297.7 289.8 290 299.5 309.6 318.9 336.1 345 354.7 359.7 365.6 371.7 378.5 395 402.6 412.3 407.1 403.7 404.2 400.2 391.8 383.7 381.1 375.7 371.6 365.6 362.6 358.2 353.3 347.3 340.8 335.2 332.8 326.4
409.5 410.3 411.2 410.7 406.5 407.4 407.8 409.1 408 406.4 412.6 414 414.4 413.3 412.4 412.5 410.1 406.9 405.9 406.3 404.4 400.3 393.7 392.7 386.4 386.9 386 386.2 384.1 379.8 378.2 383.8 380.8 369.1 368.4 363.6 362.7 365.6 360.7 358.6 351 344.5 334.8 324.2 320.6 313.1 300.9 290.8 285.5 295 299.6 307.8 325.7 339.4 351.1 356.8 360.1 369.2 378.1 388.9 395.7 400.4 403.4 402.2 401.4 396.9 387.9 384.5 378.9 373.1 369.1 367.8 359.5 355.6 351.5 348.4 340.8 336.8 332.5 328.5
423.3 419.4 415.8 414.9 414.2 412.2 411.9 408.1 408.4 410.5 412.2 415.2 416.4 417 415.7 419.6 417.6 412.8 408.1 405.2 403.4 398.8 393.8 389.5 389.4 393.3 397.9 393.7 392 388.1 383.8 382.9 381.2 375.8 367.4 362.7 366.4 368.8 368.7 369.4 361.7 354.8 338.7 329.8 319.3 314 310.1 295.2 286 290 293.5 300.3 311.2 328.4 340.8 350.9 358.1 367.4 375.2 386 389.2 396.1 400.9 403.5 403 395.9 390.2 386.1 380.3 374.6 370.5 365.3 359.1 352.5 349.7 345.8 341.3 337.4 331.9 325.6
422.5 421.4 417.9 418.3 417.1 417 415.7 411.6 411.4 414.1 417.5 418 422.2 422.9 425.3 427.2 425.8 419.4 414.4 411.8 406.7 403.2 397.8 392.3 390.7 393.2 396.8 395.2 395.7 388.6 389.6 388.2 387.3 384.2 372.7 367.6 374.8 377.3 376.3 366.8 363.4 351.1 340.9 337.8 324.6 314.2 308.8 299.7 290.1 285.6 287.3 295 302.2 316.8 329.6 341.1 351.9 361.9 373.2 385.2 392.2 398.3 404.1 407.6 401.2 394.1 391.2 385.4 378.3 372 366.2 361.5 353.6 349.9 346.8 342.7 337.3 332.3 326.5 321.2
423.4 423.1 424.1 419.1 418.2 418.5 419.8 416.1 415 417.8 421.4 424.4 427 427.1 428.2 429.2 428.9 425.4 420.2 414.4 411.1 407.7 406.4 396 396.3 397.2 398.5 395.2 392.9 392.4 397.2 397.2 393 381.6 377.8 368.8 379.7 376.7 369.6 365.3 356.6 351.2 345.1 337.2 330.7 319.7 314.2 309.1 295.9 284 282.3 290.2 297.7 310.2 327.5 335.6 343.7 360 375.1 394.3 395.1 399.3 411.9 405.6 399.1 392.4 388.6 384.9 378.4 370.2 364.8 358.4 352.4 348.2 344.8 340.7 338.7 332.1 328.8 322.8
424.5 432.7 429.8 424.5 419.6 419.5 424.1 421.3 421.5 419 418.4 421.9 432.2 436.4 436.3 435 433.5 429 433.1 424.5 416 413.2 407.3 396.5 397.6 402.9 403.1 399.4 398 396.5 397.2 394.9 387.1 377.4 373.1 374.8 377.5 373.4 370 366.2 359.7 359.6 349.1 335.6 330.1 326.6 320.1 314.5 299.8 288.1 280.3 282 294.2 300.6 314.4 328.7 345.9 353.6 368.4 391.4 397.1 403.1 402 400.5 397.5 390.4 387.3 381.9 376.3 371.4 363.2 358.7 356.3 349.4 345.3 341.2 336.1 331.9 327.3 324.4
431.7 437.9 434.3 429.5 425.7 423.5 422 420.6 420.2 420.5 421.9 420.7 426.9 433.9 434.8 434.4 436.2 434.7 430.4 428.1 418.8 412.8 409.1 399 398.3 402.5 398.6 396 396.9 396.8 393.9 392.3 382.4 379.1 376.9 374.7 374.1 372.8 372.6 371.9 364.3 360.8 350 339.8 333.3 334.4 326.2 313 306.3 293.4 283.2 278.5 284 295.6 309.5 322.1 335.6 350 372.8 389.1 394.4 395.3 394.9 396.4 394.1 388.9 385 381 376.4 370.7 364.2 359.7 356.9 350.3 346.5 341.4 338.5 333.7 327.4 323.4
440.4 444.9 439 435.8 433 426.8 423.7 421.7 422.1 425 424.2 420.9 423.2 433.2 430.5 434.9 432.3 432.2 426.1 422.8 422 415.3 411.6 400.7 397.3 396.1 395.2 395.9 395.5 393.2 393.8 389.5 385.3 381.2 379.7 380 375.7 373.2 370 366 365.1 359 354.2 336.5 332.7 325.7 324.2 322.1 309.8 297 287.6 279.2 280.5 290.7 302.4 315.6 333.1 350.4 374.6 377.9 386 388.5 390.6 391.8 391.8 388.9 384.8 380.3 376.5 370.3 365.8 361.4 356.9 350.7 347.6 343.2 341 336.2 330.9 326
440.2 445.2 448.5 440.1 436.8 433.1 431.7 428.7 429.1 430.2 431.9 427 426.9 424.6 425.4 431.2 430.4 427.4 426 427.1 423.7 421.1 417.6 409.8 399.1 395.1 393 394.2 392.9 391.9 387.4 386.9 390.7 389.6 382.4 377 368.4 364.6 364.2 360.8 363.6 349 343 332.4 327.6 325.5 320.6 316.9 313.7 305.3 295.7 282.3 276 285 293.2 307.8 327 343.8 370.2 377.2 379.4 389.9 388.8 390.8 392.6 388.9 385.7 379.9 375.5 370.5 365.5 361.5 356.8 351.2 348.4 345.4 341.3 337 332.8 331.4
439.3 449.2 450.1 447 442 435.6 438.5 436.6 441.8 435.5 433.6 434.5 429 428 426.1 427.2 429 427.3 426.1 425.1 424.1 422.5 419.2 413.4 400.8 392.9 390.4 388.2 388.2 386.6 386.5 393.5 396.9 391.9 387 382.7 372.7 366.1 366.2 360.2 349.9 342.8 341.2 339.2 332.5 336.3 328.5 320.4 315.5 309.5 306.6 288.2 278.4 280.2 286.6 301.2 320.2 329.7 352.7 358 369.4 373 381.6 388.6 390.9 388.6 383 380.3 373.1 369.2 364.8 362 357.3 350.5 348 344.7 341.9 338.4 333.4 334.6
440 444 449.6 449.1 444.5 444.7 442.5 440 439.4 439.4 434.2 430.2 427.2 426.4 426.4 428 428.6 428.1 429.3 431.6 429.4 422.1 422.8 417.4 401.5 394.8 387.9 384.7 384 384.9 385.4 392 391.2 387.1 388.4 389.2 378.9 373.2 363.5 359.5 352.4 353.8 349.7 339 336.3 337.4 330.6 328 318.6 311 307.7 294.6 283.7 273 279.4 290.3 303.6 320.5 340.7 344.3 349.5 364.4 374.6 386.1 388.7 386.5 383.8 379.3 374.2 368.3 363.7 361.8 355.6 350 346.6 343.7 339.3 332.9 330.5 330.3
442.4 445.8 450.2 454.3 449.4 452.3 450.9 449.6 444.8 443.6 439 434.2 433.7 433.2 431.6 428.6 428.6 429.2 432.3 430.8 433.6 428.6 424 416.8 406.6 401.4 394.6 390.6 387.6 382.7 382.3 382.3 379.6 379.3 379 380.7 379.4 370.1 361.3 353.8 355.2 356 349.8 340.9 338 338 332.2 327.2 324.6 319.8 314 306 288.5 279.3 273.4 281.4 291.2 307.1 322.1 329.7 345.1 357.6 368.3 377.8 385.1 384.6 381.8 376.5 371.9 366 361.6 359.6 357.3 350.3 345.2 341.4 337.8 334 327 325.8
451.8 452.1 456.5 459.9 457.8 458.9 463.4 462.7 456.2 448.5 443 439.4 436.6 436.7 433.7 432.1 430.7 427.3 429.9 429.7 432 428.8 422.5 418.1 408.2 406.1 395.8 391.4 389.1 387.4 385.9 385.1 379.7 373.8 375.7 375.7 375.7 376.8 371.1 357 354 352.4 349.5 343.4 337.7 335.7 332.4 333.7 328.4 321 312.7 302.8 297.3 283.4 272 272.4 281.9 292.5 304.7 325.2 336.1 349.5 360.9 367.8 378.3 379.6 380.2 375.2 368.9 364.2 360.1 359.4 357.7 350.4 343.4 340.2 337.1 334.6 326 323.3
467.2 458.9 470.7 477 467.1 464.1 464.2 466 462.6 451.4 447.1 443 437.6 436.6 434.9 436.1 440.2 437.7 431.6 430.4 430.4 426 417.8 413.9 403.9 404.7 402.3 391.8 384.6 381.8 383.1 388.1 387.8 383.7 378.3 375.7 380.5 384.7 370.2 363.8 356.4 353.7 346.8 340.7 336.7 339.4 336.8 331.7 329.6 328.1 319.2 307.7 300.7 293.4 279.7 266.1 270.5 279.7 299.6 312.5 327.2 339.7 349.2 358.4 366.9 372.9 374.6 371.3 366.7 362.4 359.1 356.6 352.9 345 340.8 335.8 333.6 332.8 326.6 325.4
480.1 474.1 472.7 479.9 476.5 470.8 470.5 471.6 468.6 461.1 448.1 445.1 440.9 438.2 435.2 437.3 441.1 438 437.2 430.8 424.8 421.9 415.2 411 401.4 398.9 402 394.7 389 384.9 380.9 380 380.8 377.3 375 375.4 378 372.4 371.1 375.8 368.7 364.2 347.3 342.4 341.2 342.7 337.7 335.9 339.1 332.4 325.2 316.8 304.5 294 283.9 272.5 259.9 273.3 287.4 304 319 330.3 341.7 349.6 359 362.5 368.3 367.6 365.6 361.9 357.9 352.8 346.5 340.6 338.2 333.3 329.2 325.4 323.4 320.2
485.3 482.2 480.7 478.9 480.5 477.1 474 482.1 469.9 464.9 456.8 447.6 442.8 438 436.4 437.4 436.2 431.4 429.4 421.9 419 419.9 409 409.5 404.8 387.2 385.8 382.2 378.9 378.6 378.6 379.4 379.5 378.1 381.3 380.4 374.1 368.5 369.7 369.5 369.7 364 351.7 343.6 342.7 345.1 340.1 338.9 337.6 334.9 328.3 321.5 310.8 302.1 293.7 282 266 259.1 273 292.5 311.1 321.8 333.4 342.6 348.5 356.6 363.4 364.3 360.4 359 357 353.9 348.3 341.3 332.7 329.1 325.6 321.7 320.7 313.7
490.9 492.4 487.8 492.8 486.7 484.7 479 476.5 470.5 465.8 462 453.1 445 439.9 436.8 436.1 433.3 431.3 426.3 421.5 415.9 411.8 405.9 403.2 400.5 387.1 384.8 384.8 379.2 378.9 379.1 383.2 385.9 383.2 384.9 385.3 384 376 368.1 369.8 370.7 362.1 352.1 346.3 348.6 347.3 341.3 338.5 340.7 337.8 327.9 322.3 315.9 310.4 302.3 290 275.7 262.1 261.1 286.4 302.5 311.2 324.2 337 344.4 353.9 360.8 360.1 358.1 357 353.8 353.1 354.3 341.9 335.8 328.3 323.8 318.8 317.1 312
499.9 499.6 493.9 495 493.8 491.3 484.1 478.6 471.2 466.6 461.2 454.7 447.3 440.9 439.9 436.8 435.3 435.9 429.6 413.7 411.2 410.9 402.9 401.6 398 388.4 384.1 382.7 379.8 379.4 385.5 394.1 387.8 384.6 384.8 387.5 389.5 380.2 376.8 373.3 369.7 365.2 357.2 349.6 349.4 348.9 348.5 342.9 342.4 340.7 338.2 330.6 320 313.5 304.5 293.2 278.6 268.1 248.1 273.6 286.8 300.9 318 330.9 339.2 348.1 355.8 355.8 353.9 353.3 351.6 350.3 347.8 346 338.7 333.2 329.5 323.9 320.3 314.2
504.9 500.9 493.5 493.2 491.8 492.6 488 484.2 478.8 474.4 465 456 449.9 444.7 441.9 437.4 433.1 428.7 420.8 411.7 407.2 404.4 406 404.5 400.8 390.7 386.8 385.6 383.7 381.1 387.1 394.9 391.2 386.8 386 386.3 387.6 389.4 390.9 386 378 371.9 362.6 346.7 343.8 343 342.3 338.6 336.5 337.1 339.9 330.2 318.6 309.9 304.2 291.4 273.9 263.3 243.3 261.6 278.7 296.8 313.2 325.5 333.2 342.1 349.7 349.9 349.9 350.3 348.2 347.4 345.5 344.2 344 335.6 331.5 328.1 321.7 316.1
511.9 511.7 503.7 500.7 502.4 508.1 501.5 496.2 490.2 485.6 477.3 462.9 455.2 448.4 443.3 439.2 432.6 425.9 419.3 414.2 411.7 407.3 408.1 408.1 405.3 394.4 387.9 386.7 388.3 384.5 390.7 392.3 391.1 390.2 389 385.7 385 391.2 393.4 383.8 376.3 370.7 358.2 349.2 344.3 344.1 351.6 347.5 341.4 335.3 332.7 326.1 315.4 310.1 299.5 289.1 270.1 251.2 232.2 244.3 273.1 285.6 305.3 319.4 323.8 334.8 341.5 347.3 347.8 348.3 346.3 345.1 342.6 340.9 339.2 336.6 332.5 332.8 323.8 319.2
525.1 520.9 515.5 520.7 525.6 518.5 511.3 505.4 498.1 495.4 486.9 473.4 466.2 457.9 448.1 440.8 436.4 435.7 432.8 423.4 411.3 408.7 406.6 409.4 408.3 402.9 394.9 395 390.4 389.5 388.2 396.4 401.4 396.4 391.5 388 384.9 383.5 382 380.1 374 365.9 354.5 351.4 347.3 350.1 351 354.2 350.2 339.6 337.3 328.3 319 314.4 305.7 288.4 266.9 247.1 232.7 233.5 253.3 266.2 290.4 298.8 305 322.2 335.7 339.9 344.9 346 347.4 344.7 341.9 338.7 336.8 337.4 339.2 333.5 325.4 320.9
523 522.2 519.8 528.5 527.4 519.4 512 506.7 502.8 497 489.4 477.7 467.3 457.6 449.2 449.8 450.2 446.2 440.2 434 423.5 410.4 404.5 403.7 403.9 402 400.4 394.7 392.5 394.6 392 392.4 395.8 391.6 386.9 379.7 379.7 382.2 384.5 374.3 366.3 360.3 355 351.9 353.5 352.7 357.8 353.8 350.8 346.1 344.9 332.5 326.3 328.8 313.1 294.3 270.8 252 233.7 226.4 238.4 251.6 266.4 277.2 289.6 307.6 328.8 338.6 342.3 346.5 349.7 345.6 341 338.9 336.2 335.3 334.2 337.8 328.7 321.9
527 529.4 527.9 534.3 531.2 522.5 510.3 502.3 498.3 492.1 482.2 478.8 467.3 460.6 455.1 456.5 460.1 456.5 448.1 439.8 430.9 420.8 410.5 403.1 398.2 397.9 400.6 393.1 391.2 395.9 398.2 397 393.4 389.1 380.8 379.7 381.2 382.1 375.7 367.6 362.4 358.2 352.5 352.3 355.9 356.4 360.7 350.1 348.2 348.2 340.4 343.4 336.8 341.8 327.5 299.6 278.8 260.4 240.9 224 229 237.8 254 259.7 273.4 296.4 314.2 327.3 338.3 345.9 348.9 346.4 340.3 337.7 336.7 335.7 335 329.2 327.5 322.7
546.8 546.9 538.4 535.7 524.5 518.2 510.3 506 499.4 495.3 491.3 489.1 481.3 470.7 462.8 462.5 459.8 459.5 453.4 449.4 440 426.1 419 408.3 402.8 398.6 397.4 393.7 390.9 394.2 395.5 395.9 398.9 390.5 385.8 383 381.2 379.7 365.8 362.8 363.1 354.3 352.1 353.7 357.1 357.3 357.8 346.4 342.5 340.8 353 347.8 342.7 346.7 330.1 314.5 287.9 268.2 248 228.8 223.3 231 239.3 249.3 267.1 283.2 301.5 322.2 336.1 345.3 345 343.6 339.5 337.9 336.9 335.3 332.4 326.4 324.1 319.5
551.4 549.7 544.6 537.7 530.2 519.8 513.2 507.5 501.4 497.2 493.5 491.6 487.3 480.2 472.8 471.7 461.6 460 457.2 449.5 438 431.4 428.6 418.4 404.5 399.1 398.8 392.4 394 393.1 394.6 392.9 394.8 392.9 388.4 385 383.3 376.5 371.9 367 361.3 354.7 354 357.7 360.6 355.8 351.3 346.4 344 341.5 350.5 349 343.4 350.6 339.4 321.9 301.3 279.6 256.6 236.2 220.1 223.8 232.1 239.7 255.5 275.1 293.9 315.1 330.9 339.3 344.9 342.8 339.3 337.4 334.8 332.6 329.7 327.7 326.8 320.4
