WholeMapElevations/data/sk/sk08_OST50GRID_20230518/SK08.asc
ncols 200
nrows 200
xllcorner 400000
yllcorner 380000
cellsize 50
[rows 70 to 104 of 200, columns 78 to 155 of 200]
228.7 238.8 243.9 247.9 245.8 239 237.2 250 259.4 267 273.6 278.3 282.3 284.8 285.3 287.3 291.6 299.4 307.2 314.3 318.5 306.9 291 288.9 293.5 292 280.5 260.1 241.8 229.7 233.5 249.8 265 275.4 283.5 292.4 302.2 314 328.4 339.8 348.6 358.3 369.1 379.9 391.1 398.8 406.1 411.1 414.3 417.7 419.3 416.6 421.7 433.5 453.7 464.1 479.9 485.2 506.1 527.3 534.6 541.6 545.9 545.8 546.5 539.9 530.4 526.2 528 531.5 534.7 536.7 551.3 563.9 576.9 585.7 588.1 584.8
225.1 236.1 245.7 252.1 252.4 252.2 246.3 247.6 263.1 270.6 275.3 280.7 285.3 289.4 293.4 294.9 297.9 303.6 311.6 318.7 324 318 302.8 303.6 307.5 308.6 294.2 273.1 252.8 232.8 233 245.4 263.9 273.3 279.7 289.3 299.7 311.6 326.3 337.9 345.3 356.5 365.9 376.7 387.1 394.5 400.4 405.3 409.1 412.2 414.4 411.9 417.7 425.2 441.7 454.4 469.9 485.3 504.1 512.8 519.2 525.9 530.7 529.1 520.8 513 510.9 512 513.1 517 518.6 532.3 544.5 557.1 571 580.2 579.5 580.4
223.2 232.9 243.2 252.4 257 259.4 257.5 255.7 259.7 271.6 276.7 281.8 286.9 292.1 296.7 300.2 303.2 306.7 312.3 318.9 324.6 323.6 313.6 313.6 317 318 303.7 281.4 261.1 243.1 233.9 244 258 267.9 275.4 286.2 296 309 323.3 335.8 344.6 354 363 372.9 382.1 388.4 394.4 398.4 402.2 405 406.9 404.1 411.6 421.9 431.1 442 460.8 487.3 501.1 507.3 511.6 514.9 514.9 508.4 502.4 499.1 497.8 499.6 501.6 504.6 512.8 525.3 540.6 554.2 565.6 568.3 568.9 576.7
219.7 229.2 239.1 250.2 258.3 262.8 264.8 265.8 263.9 267.6 274.4 282.3 288.2 293.8 298 302 306.7 310.5 314.2 319.1 325.3 327.8 322 320.9 323.3 323.7 305.7 287.2 268.8 248.7 233.4 243.3 255.3 263.3 272.6 283 293.8 306.6 320.2 332.2 341.4 351.1 359.9 369 376.8 382.7 386.6 389.7 393.2 396.7 396.2 402.1 411.6 423.4 429.8 441.8 464.1 478.6 493.6 499.1 502 499 496.1 494.6 489.1 488 489.4 490.7 492.8 495.9 510.6 525.5 540.2 549 554.7 555.9 566.3 579
216.2 223.8 234.5 244.1 255 262.9 267.6 273.4 277.1 267.4 272 280.4 287.8 294.7 299.7 304.4 308.6 312.6 316.5 319.9 327.1 331.9 331.2 331.4 331.9 332.6 310.3 291.8 276.3 253.7 241 245.4 254 261.9 272 282.8 294.2 306.1 318 330.5 338.3 349.3 356.9 364.8 370.6 373.6 376.2 378.9 383.2 383.7 392.4 401.2 408.9 420.3 430.3 442.8 459.7 471.9 478.1 484 486.9 488.3 484.9 480.5 479.7 480.4 482.2 481.9 484.2 496.6 511.3 526.4 535.1 539.5 544.1 553 563.5 580.2
213 218.6 230.6 240.1 249.5 259.8 268.8 275 281.9 283.6 271.2 279.2 287.4 294 300.2 305.5 309.8 313.5 317.6 321.6 328.1 333.2 335.1 336.6 340.9 343.8 318.8 294.3 274.6 245.4 243.1 252.6 261.1 267.9 276.1 287 298.9 310.2 320.7 329 337.9 347.4 354.4 358.3 361.1 361.4 363.1 364.8 369.1 376.2 390.2 397.1 404.5 414.7 425.4 437.2 448.9 460.4 467.2 474.7 479.3 475.2 469.6 467.9 467.4 469.8 472.3 478.7 486.2 494.9 507.8 518.8 526.3 532.8 540.2 549.9 561.3 574.9
221.4 218 225.9 234.3 244.4 254 265 273.4 282.2 286.7 284.8 273.9 286.4 293 300 305.5 309.8 315.1 320.1 324.3 329.2 334 336.7 338.3 343.7 337.8 311.7 286.7 265.6 241.1 247.1 256.9 264.5 270.9 279.9 291.5 303.2 312.7 319.8 328.9 338.3 344.6 349.3 348.3 347.3 345.5 348.2 360.8 369.7 377.6 387.5 392.3 400 408 417.8 429.4 439.9 452.2 463.3 469.4 467.4 457.2 451.7 450.2 449.2 463.8 476.1 482.5 488.9 496.8 507.7 511.8 515.5 527.3 537.5 546.6 556.3 558.2
223.6 223.1 220.7 230.2 239.5 249.4 259.5 268.4 279.3 289.8 292 283.4 284.6 292.2 299.4 305.4 310.6 316.1 321.1 325.7 330.2 333.7 336.9 340.4 347 329.3 305.3 283.4 263.5 242 246.8 260.7 267.7 273.3 284.4 296.4 305.3 312.4 319.7 328.5 336.6 339 339.3 334.8 335.9 347.9 358.9 367.1 374.6 382.7 389.9 395.9 402.9 407 413.4 423.9 438.4 447.7 450.4 448.9 445.6 440.6 436.1 445.2 462.9 472.8 478.4 483.3 488.6 497 502.5 505.6 514.3 524.7 534.5 542.8 548.3 547.3
231 230.8 228 226.2 235.1 243.8 255.5 265.7 277 288.4 294.7 291.7 282.4 291.4 298.6 304.6 310.3 316.2 321.9 326.4 330.6 335.5 338.5 342.6 348.8 328.4 304.2 283.3 264.8 243.1 245.8 259.7 272 280 291.5 299.2 305.9 312.6 319.4 327.1 331.5 325.7 319 326.4 342.3 351.5 360.2 367.2 375.4 383.3 390.9 398.8 405.1 407.8 411.2 416.3 424.2 431.7 434.1 434.7 432.7 422.3 436.5 450.8 465.8 474.4 479.4 482.2 486.8 492.5 500.3 508.1 517.8 526.4 534.5 541.5 544.5 533.7
240.8 238.4 234.5 228.1 230.8 239.6 251 262.1 273.8 285.5 293.1 298.9 296.3 286.7 295.9 303.1 309 314.9 320.9 326.8 332.1 336.7 341.1 345.6 354.3 331.9 307.9 288.1 271 250.9 245.3 257.7 273.6 283.8 292.4 299.4 305.2 310.8 315.6 322 318.5 307.4 324 338.1 346.6 353.2 361.1 367.7 375.2 384.1 392.2 399.4 403.4 405.5 408.5 411.8 415.6 420.1 422.7 423.8 416.6 426 445.2 457.9 468.7 474.8 478.8 481.7 483.4 488 497.9 509.8 520.1 528.3 534.4 540.3 538.7 522.7
251.1 248.1 243.3 237.8 231.3 236.4 246.4 259.1 269.9 282.2 291.8 300.2 304.6 302.9 293.5 301 307.4 313.1 319.4 326.4 332.2 338.9 344 350.7 358.8 334.8 312.9 295.6 278.1 260.5 247.6 258.1 273.7 285.1 293.1 297.7 301.3 305.2 308.3 310.5 303.2 314.8 328.3 340.1 348.1 354.9 360.8 367.4 374 382.3 390.7 396.7 400.1 402.2 404.9 407.3 410.6 413.1 416.1 410.5 414.2 434.1 448.5 461.3 472 476.5 480.6 482.3 476 485.9 494.4 507.2 520 529 534.1 539 523.9 515.6
261.8 257.1 252.1 245.7 239.8 233.8 244.8 254.7 267.1 278.4 290 298.6 307.2 309.5 309.1 297.2 306.2 313.8 318 325 331.8 338.1 346 351.4 358.3 339.6 321.3 305.1 289.1 269.9 252.4 258.6 270.9 284.5 290.6 292.9 294.3 295.1 294.8 293.4 306 319.1 330.7 341.1 348.4 353.7 359.5 365.9 372.8 379.8 387.2 392.4 395.8 398.2 400.1 402.3 404.9 406.2 403.1 406.9 421.4 434.9 448.7 462.2 471.1 476 480.2 477.1 473.5 483 491.8 504.1 519.2 527.7 533.5 533.8 515.6 508.4
274 266.2 259.7 253.7 246.8 237.8 242.9 252.6 263.6 275.3 288.3 297.4 306 312.4 317.3 318 302.2 314.6 318.1 322.7 330.2 338.3 346.1 352.6 359.5 346 330 314.5 298.3 280.2 261.6 253.1 267.2 279.1 285.4 286.5 282.3 284.9 294.7 305.2 314.9 324.6 334 341.9 348 352.5 357.7 363.3 370.4 375.6 381.8 387.6 389.8 391.8 393.5 394.3 394.1 390 400.7 414.8 423.1 433.5 447.3 460.9 469.3 473.8 477 471.4 467.7 476.1 486.7 499.2 516.3 524.8 521.9 515.4 509 502.4
287.6 276.1 268.6 260.6 253.7 247.9 239.9 251.6 260.6 273.7 285.1 295.6 304.5 310.7 317.3 323.4 315.6 312.8 318 322.2 328.7 337 345.6 353.7 362.2 358.2 339.3 322.5 306.1 290.6 272.7 254.3 259 267.1 270.2 277 291 298.2 305.5 312.3 319.6 327.2 333.5 339.8 344.6 348.5 353.8 359.2 366.3 371.1 377.1 380.3 381.5 382.8 383.9 378.6 374.9 395.9 407.8 416.6 423.9 430.6 444.3 457.7 467.1 471.3 469.6 461.8 461.9 469.4 477.2 489.3 502.1 510.2 512.7 506.9 501.6 497.1
302.2 288.2 276 267.8 260.4 255.5 245.6 250.1 259.2 270.3 281.5 293.2 302.8 309.4 316.8 323.2 322.1 314.7 317.9 322.6 328.3 335.1 343.8 352.3 361.8 369 346.6 330.5 315.6 301 287.7 273.5 254.6 267.1 277 286.3 293.4 298.9 305.9 311.9 318.4 322.4 328 335.5 341.2 345.1 350.3 355.3 361.7 369.5 374.5 375.6 374.7 373.3 368.5 371.9 387 399.9 409.8 417.7 423.2 428.3 440.5 452 461.9 465.1 458.4 454.9 458.7 466.2 473 479.7 491.5 502.8 503.9 497.4 492.8 486.4
317.1 298.9 286.2 275.5 267.8 261.9 256 249.3 258.6 267.6 279.1 289.4 297.7 306.9 314.1 320 322.9 321.2 314.5 323.3 326.5 332.9 341.9 349.1 359 368.3 350.2 335.4 323.6 310.1 307 291.6 270 258.2 269.7 280.1 289 295.4 300.7 306.3 309.4 314.4 324.2 333.2 339.1 344.1 350.3 357.1 364.5 369.4 372.2 370.4 365 359.9 362.2 378.9 390.4 401.8 410.3 417.7 423 426.4 434.6 445 454.5 457.9 453.5 451.9 449.2 462.7 470 476.3 483.8 492.2 495.6 487.2 485 480.3
329.9 310.6 295.7 285 276.1 269.5 263.5 254 258.1 267 276 285.9 294.1 303.2 310.5 316.9 322.3 324.8 322.7 318.4 326.4 331 338.3 346.3 354.2 364.4 356.2 339.8 330.7 323.5 316.2 289.7 283.8 271.7 259.8 271.5 281.4 287.6 288.8 298.8 309.3 315.8 327.2 335.3 339.8 343.9 351.4 358.3 364.5 366.1 366 354.7 343.1 360.6 371.1 381.8 392 400.9 409.5 416.2 421.9 425.3 429.2 438.2 445.7 448.8 448.5 444 446.3 456.4 463.4 471.7 476.5 483.8 481.3 480.2 480.7 478.2
342.5 321.6 309.1 295.9 285.7 277.5 269.8 261.1 255 265.5 273.9 283.5 291.2 299.2 306.8 313.8 319.7 325.2 325.9 326.2 325.4 330.6 335.5 341.9 348.5 359.8 361.1 347.1 338.8 331.5 319.3 318.1 301.2 286.8 274.1 263.1 269.8 283.6 294.5 304.7 310.8 316.6 325.1 332.9 338 342.6 349.6 354.8 357.8 358.8 349.9 335.5 358.1 368.9 374.9 382.9 389.2 398 406.3 412.8 418.2 421.8 425.4 430.3 436 440.2 442.5 435.3 440.7 448 458.3 465.2 469.7 471.1 473.6 476.2 478.1 476.9
363.4 341.8 325.6 309.5 296.4 288.1 280.4 272.6 262.3 260.9 272.2 280.9 288.9 296 303.5 310.4 316.7 322.8 328.5 330.2 330.1 328.8 334.8 340.4 345.8 353.1 361.6 361 348.9 339.3 333.7 331.2 320.3 302.5 289.4 274.4 264.8 278.4 288.7 300.7 307.4 314.8 321.4 329.6 335.5 340 343.6 347.3 348.6 344.8 331.5 346.1 360.3 368.5 375 379.7 385.5 393.7 401 407.4 414.6 419.5 424.8 428.8 433 436.2 435.5 425.2 435.5 441.6 445.7 452.4 458.3 463 466.9 471.7 475 471
376.3 366.2 342.4 322.7 310.2 300.4 291.8 282.4 271.6 267.3 268.6 279.2 286.2 294.3 300 306.5 312.7 319.3 326.1 332.6 334.4 333.6 332.9 339.7 344.7 351.4 362.4 377.4 355.9 344.8 346.7 344.8 337.5 322.4 304.8 290.6 275.1 271.2 283.8 294.8 303.3 311.1 318.1 325.1 330.4 333.1 333.6 335 334.2 324.7 331.8 350.5 358.7 365.4 371.1 374.6 381.3 388.1 393 402.4 410.7 417.8 423.4 427.4 431.2 432.6 429.1 421 431.3 437.2 440.4 443.6 451.4 455.2 458.3 460.8 462.9 454.6
385.8 382.4 361.3 340.4 325.5 312.7 302.4 290.7 281.5 275 270.1 275.2 283.7 291.5 298.6 303.8 309.8 315.5 323.4 330.6 337.9 339.2 338 342.1 347.6 351.5 359.8 375.2 364 355.8 359 358 353.8 345.1 325.8 305.9 292 270.8 279.2 289.4 297.9 306.6 312.2 316.1 317.8 316.9 317.3 319.1 316 320.7 337.5 345.4 352.4 358.8 364.6 370.5 374.3 378.8 389.5 399.1 407.1 414.1 420.7 424.9 428.2 429.2 424.7 409.2 427.2 433.6 437.2 441.8 446.8 448.7 450 449.4 450.8 466.1
394 391.1 385.6 363.3 341.4 324.9 311.3 299.1 288.4 282.2 280.2 278.9 282 290.4 296.6 302.8 307.7 314.5 321 329 339.3 344.4 342.7 345 351.3 356.7 360.8 367.8 365.8 366.3 367.9 369.4 368.2 362 345.9 326.6 306.4 292.7 274.6 284.6 291.8 298.4 303.4 302.8 300.9 300.9 297.7 303 304.9 318.5 326.9 335 341.7 347.7 355.7 363.6 366.7 374.8 385.7 395.3 403.4 410.4 416.1 421.1 423.8 423.9 416.2 410.6 422.8 429.3 433.7 439.1 442.3 440.2 434.4 449 463.6 474.3
399.5 396.9 393.7 380.8 359.4 337.5 319 304.3 296.7 290.3 287.1 284.7 286.9 290.7 297.7 303.5 309.3 315 321.8 330.2 339.3 346.9 348.6 349.9 355.4 361.1 363.4 368.8 370.8 372.7 375.7 378.9 380.1 377.9 365 342.3 326.7 310 298.1 278.1 281 284.1 285.7 288.8 288.2 298.5 305.1 309.2 302.8 303.7 312.5 318.4 328.4 336.6 346.5 352.5 364 373.3 381 391 398.1 404.1 409.2 414.3 415.7 413.7 406 407.8 416.9 422.6 429.1 433.9 431.8 427.3 444.2 458.3 472.8 484.6
403.9 402 399 392.8 376.7 347.8 323.7 316.7 307.3 300.9 295.2 291.7 293 294.2 299.1 305.8 311 315.8 322.6 331 338.8 348.5 354.6 356.8 357.4 366 370.5 373.5 375.2 378.4 382.2 385.5 392.4 395.6 383.8 362.6 345.7 329.9 315.1 300.2 292 286.8 292.8 301.2 311.1 315.6 317.3 322.6 330.1 328.8 326 323.1 317.8 322.6 335.3 346.4 358.1 367 375 381.8 389.2 396.3 401.5 403.6 404 398.1 389.4 396.4 402.3 409.6 416 415.9 425.4 440.2 452.9 467.9 481.2 498.7
409.8 404.9 400.3 394.7 384.7 361.1 343.7 330.7 318.9 309.4 303.7 299.2 298.2 298.2 301.6 307.3 312.5 317.9 323.6 331.5 339.1 340.5 358.2 363.5 366.4 369.7 375.3 378.2 380.8 384.3 388.4 394.7 400.9 408.3 403.5 380.3 363.4 349.1 336.4 324.3 314.2 307.1 297.4 303.2 319.4 332.7 337 341.8 348.8 353.6 349.6 344 339.1 333.4 324.1 332.5 345.5 356 363.8 370.1 376 381.9 389.2 391.2 389.9 376.6 387.5 399.5 406.7 413.2 421.1 431.4 440.5 451.4 464.5 484 495.4 501
413.6 407.5 403.2 397.8 396.1 382.6 360.8 346.3 330.3 319.9 312.4 305.8 304 304 304.4 308.9 313.7 317.6 324.1 330.9 340.4 337.5 359.5 366 371.9 371.9 379.3 381.8 385.5 389.5 397 412.2 426.2 436.3 422.6 397.3 381.2 366.2 352.6 347.5 338.5 326 307.4 314.6 330.8 342.7 351.1 355.8 361 366.7 369.7 366.9 359.4 352.4 348.2 347 339.2 337.5 348.2 353.6 360.4 368 373.3 372.7 368.2 388.2 401.1 414.4 422.6 429.2 436.7 445.7 454.7 468.1 482.7 491.1 497.2 503.1
416.1 409.6 405.7 401.3 400 400.8 382.2 358.3 343.4 331 320 314.9 313 311.2 310.5 311.5 315.1 318.7 325.3 330.5 340.4 351.6 360.7 368.8 375 378.2 381.3 385.1 388.5 395 405 419.2 430.5 442.5 433.2 406.9 392 379 368.7 360.9 349.7 330.9 309.9 330.6 346 353.3 360.4 365.6 371.7 376.7 378.4 379 375.9 369.9 365.4 365.4 363.1 359 357.5 358.7 363.8 365.4 371 380.2 391.9 403.8 414.9 423.6 431.6 438.5 447.7 458.9 473.1 482.1 487.9 493.1 498.1 503.5
415.7 410.6 404.7 401.9 400.9 403.2 399.4 378.3 357.1 342.9 333 326 322.2 319 319 319.3 319.5 321.8 327.1 331.7 340.6 352.3 362.7 371.6 378 382.6 384.8 388.1 392.3 399.5 408 417.9 431.7 445.3 435.1 412.6 398.2 386 377.2 368.9 347.4 328.5 322.5 337.6 353.2 363 369.6 374.9 379.9 385.8 392 395 394.5 391.2 390.1 385.6 383 379.5 377 377 382 384.9 390.3 400 412.9 422.2 427.8 435.4 442.5 452.7 463.9 472.8 480.5 484.9 489.9 494.4 499.2 505
413.2 408.9 403.2 400 398.5 400.3 403.7 398.2 378.6 361.6 351.5 342 336.3 333.4 333.9 332.1 330.6 326.4 328.8 333.8 341.4 351.8 362.1 371.9 380.3 385.5 388.5 391.9 396.7 405.8 414.3 429.2 443.6 452.9 441.3 416.7 402.8 389.5 377.5 365.9 346 330.8 330.7 342.5 359.6 371.4 380 385.2 392.6 397.8 404.1 409 410.9 409.7 414.9 412 407 403.2 400.2 399.6 401 405.8 414.6 424.7 437.5 447.9 453.4 456.9 461.5 468.4 473.5 477.7 483 487.5 492.1 496.1 500.3 504.8
413.1 406.7 401.7 397.9 395.3 397.5 400.5 399.9 392.1 383.3 369.3 360.1 353.1 347.1 345.6 342.3 339.1 333.9 331.2 332.7 341.4 352.4 363.3 372.1 380.6 387.6 391.4 394.9 406.8 420.5 430.1 442.5 452.5 458.8 454.8 423.6 407.3 393.5 379.1 368.2 354.2 340.1 340.5 347.8 363.4 377.2 388 396.3 404.8 408.4 414.7 419.6 422.1 423.4 427.2 430.3 431.4 429.6 427.2 425.1 427.3 432.7 440.5 447.2 454.2 460.8 465.8 470.5 473.1 475.3 479 481.9 485.7 489.7 492.5 496.5 499.5 502.4
410.8 404.9 399.3 394.3 392.6 394.9 398.1 394.5 386.5 376.6 369.5 369 360.9 355.7 352.4 346.6 339.1 333.7 329.8 330.9 341.6 351.5 362.9 372.1 381 389.5 393.6 399.8 412.1 424 434.6 442 452.5 462.7 465 433.6 415.1 400.3 383.4 371.9 362.3 343.9 350.8 354.7 366.5 387.7 399.8 408.1 416.9 420.7 423.2 426 432.6 435.2 438 439.6 441.4 443 443.3 444.8 446.5 447.5 451 457.5 463.3 468.7 473.9 477.3 479.6 481.3 484.1 487 488.4 491.1 492.8 494.8 497 499
407.9 402 396.5 389.4 387.5 391 390.7 384.1 378.2 370 363.8 363.4 358.4 353.2 345.9 338.5 328 322.5 323.9 330 337.9 348.6 361 370.9 379.7 387.3 393.4 402.3 411.5 422.2 433.1 439.8 452.6 463.5 471.7 443.4 418.1 400.1 384.7 373 361.8 345.2 354.6 368.5 377.6 403.5 413.2 421.7 427.5 429.8 432 435.9 442.5 446.5 448.1 447.6 450.5 451.4 452.8 453.8 454.7 458.3 458.8 465.7 471.2 476.5 480.5 483.2 484.2 485.2 487.9 489.2 489.8 489.9 490.8 491.6 492.4 492.8
405.7 399.2 391 383.5 378.3 381.5 379 374.4 369.4 357.3 357.1 353.8 351.9 344.9 339.3 327.1 316.5 313.1 317.7 325.6 333.4 342.2 355.9 368.9 377.1 385.1 389.4 398.8 407.7 418 428.3 437.6 448.5 456.6 466.8 444.9 419.1 400.2 384.1 368.9 360 357.6 364.9 378.2 395.2 412.1 423.9 431.2 435.1 437.3 441.5 445.4 450.1 454.1 456.4 458.8 458.3 460.7 461.6 462.1 463.2 465.8 466.8 472.6 477.9 481.7 485.1 486.9 487.9 488.6 488.9 488.7 487.7 486.9 486.9 486.3 485.8 485.8
404 396.2 387.1 375.9 362.8 364.6 363 364.1 357 346.2 344.8 344.9 342.9 333.7 327.9 313.6 305.9 305.8 310.6 318.5 326.3 336.8 351.5 365.7 374.6 383 387 392.5 403.2 413.1 423.2 433.3 441.4 450.2 459 447.3 423 405.4 391.7 381.3 368 367.9 375.8 384.7 399.1 414.4 428.1 436.6 443 446.9 450.7 451.5 455.5 460 462.6 463.6 465.3 466 466.2 467.1 468.4 471.1 475.3 479.5 482.3 484.9 487.1 488.3 490.1 489.6 488.3 486.3 485.5 484.6 483.2 480.5 479.2 478.9
403.2 394.2 384.3 371.2 355.9 344.5 345.3 345.8 341.6 335.9 333.8 336 329.6 320.2 309.9 302.1 296.5 300.4 305.5 312.7 319.8 332.1 349.1 361.3 372.5 380.1 384 390.1 398.5 405.5 416.4 425.3 432.7 442.4 453.2 455.6 438.1 423.2 409.3 392.3 382.4 378.9 388.7 397.7 402.9 418.8 433.3 442.8 449.7 454.4 456.5 456.5 460.7 463.6 465.7 467 467.7 467.9 467.9 470.2 472 474.9 479 483.2 485 486.2 488.6 490.7 491.7 489.4 486.9 484.1 482.7 481.1 479.2 475.1 471.5 472.8
