WholeMapElevations/data/sd/sd89_OST50GRID_20230518/SD89.asc
ncols 200
nrows 200
xllcorner 380000
yllcorner 490000
cellsize 50
[rows 35 to 69 of 200, columns 78 to 155 of 200]
534.8 520.8 510 499.2 511 524.8 538.9 548 557.9 566.6 574.2 579.1 581.6 585.1 590.3 590.3 592.1 595.1 598.2 600.3 601.2 599.6 593.8 599.5 601.4 603.6 605.4 606.8 608.9 610.9 611.3 610.9 609.1 605.3 602.8 600.3 597.9 595.5 590.8 579.5 572.2 566.1 557 550.4 542.9 536.6 530.5 521.2 518.1 513.4 507.5 503.3 498.1 492.8 488.3 482.2 477.3 476.7 473.3 467.2 461.9 459.9 456.1 453.4 453.2 452.6 451.7 449.5 446.1 443.4 441.1 437 433.2 427.7 422.5 411.5 414 413.9
541.7 523.1 508.3 511.4 510.8 523.7 545.5 556.2 565.6 575.8 584.6 589 593.5 597.7 601.3 603.9 606.8 607.6 609.3 609.4 608.6 608.5 606.1 608.8 610.4 612.8 615.3 617.1 617.5 618.9 619.6 618 614 608.5 604.4 601.6 598.8 596.3 590.3 577.3 570.2 560.9 551.9 545.9 539.6 532.8 525.9 517.5 501.1 502.6 499.5 494.3 488.5 483.9 479.2 474.1 463.3 466.7 462.1 458.9 454.1 450.9 444.5 444.3 443.5 441.5 439.6 438 436 433.5 430.1 427.7 424.5 420 415.8 411 400.4 404.3
544.5 528 522.7 531 519.6 529.6 548 560.9 575.1 584.6 592.3 598.7 604.1 609.1 611.5 613.6 614.1 615.5 616.9 617.1 616.7 618.5 616.1 621.3 623 625.2 626.2 627.1 626.1 624.7 623.9 620.2 614.5 608.5 604.2 601.4 598 594.9 586.9 573.7 564.6 554.6 547.6 542.5 535.9 528.6 521.7 512.5 504 496 485.3 482.4 477.6 473.6 470.5 465.9 462.2 458.2 453.8 446.9 445.4 442.4 437.6 431.8 433.5 432.2 429.1 426 424.1 421.4 418.7 417.6 414.1 411.1 406.9 402.5 398.2 395.3
552.5 525.6 536.1 544.4 536.6 537.9 545.7 559.9 576.4 592.5 599 606.5 613.2 615.2 617.5 620.9 624.3 626.2 626.6 627.5 627.6 629.8 630.2 635.6 638.7 640.1 640.4 639.1 636.1 632.5 628.8 623.1 615.4 608 602.7 600.1 596.6 592.9 582.8 569.9 559.2 550.7 544.2 539.1 532.4 524.7 514.8 506.2 498.1 487.4 482.2 466.8 469.5 466 463.3 458 451.8 446 444.4 438.9 436 433.2 426.6 413.3 421 416.6 417.1 413.5 412.1 408.8 405.8 407 404.1 401.5 398.5 395.7 390.1 381.8
556 541.5 551.4 556.7 553.1 539.7 552.4 565 584.9 595.6 603.9 611.3 616 619.2 626.2 632 636.1 637.8 639 640 640.8 642.2 645.1 648.5 652.2 653.4 653.2 652.6 646.5 638.3 632.3 624.4 614.9 605.6 600.1 596.7 593.8 589.6 579 565.3 555 545.9 539.4 534.4 528.1 519 509.3 502.4 491.8 483 475.8 467.3 457 456.5 445.2 440.2 432.4 426.8 421.3 418.2 413.8 410.6 404 399.6 395.5 397.1 393.8 389.8 390 387.5 388 389.6 388.1 386.5 384 378.9 376.3 367.3
555.9 559.1 569.4 571.2 563 553.4 566.2 582.4 590.6 599.8 606.2 614.5 621.7 631.4 639.7 645.5 648.5 649 650.7 651.4 652 654.2 654.7 653 654.1 654.8 654.4 654.3 653.5 645.2 635 624.8 614.9 603.5 597 591.5 589.4 585.2 572.2 559.2 549.7 541.9 535.6 530.2 522.2 512.1 504.3 495.7 487.6 476.4 468.6 452.2 443 443.3 441.9 444.5 442.5 439.7 435 433.1 427 423.1 423.8 419.1 414.5 409.3 404.9 400.3 395.6 389.1 382.9 369.9 366.3 362.3 358.6 357.9 352.3 352.2
574.4 580.9 584.6 587 581.8 559 580.3 590.5 597 602 612 620.8 634.4 646.4 652.3 654 654.6 655.4 657.8 656.9 658.1 659.1 658.5 655.8 655.3 655.8 656.2 654.7 653 649.3 636.7 624.5 610 600.3 594 589.8 586.2 580 567 555.7 545.6 537.9 531.2 520.5 513 504.8 496.6 486.2 476.2 460.9 452.4 460.1 460.1 461.1 460.2 459.4 458.3 456.9 455.3 450.6 445.9 442.4 437.8 433.8 428.6 423.4 417.6 412 406.5 401.8 397.2 393.5 387.2 383.6 374 365.8 361.2 360.5
586.4 590.6 594.4 596.2 593 579.9 589.2 600.3 604.9 611 617.7 631.9 647 652.1 655.6 657.4 658.6 662.6 663.3 662.7 664.5 664.9 664.3 658.8 656.4 656.4 658.7 655.5 652.9 648.8 635.1 619.1 607.9 597.1 590.1 586.6 582.8 574.7 560.7 551.8 542.9 534.6 525.5 512.6 506.4 494 485 467 467.1 470.4 473.2 475.5 477.8 478.2 476.8 474.6 472.5 469.5 466.4 463.5 461.1 457.5 452.5 445.9 440.5 434.9 428.9 422.5 416.3 409.9 404.2 399.4 394.3 390.5 385.4 380.4 375.9 369.9
594.9 600.5 604.9 608.5 604.8 593.8 597.1 604.8 610.9 616.1 632.4 646.7 651.9 654.8 658.8 661.1 663.7 663.9 665.6 667.1 668.3 667.8 666.9 662.9 660.1 659 657.3 657.4 652.7 647.2 624.4 615.9 605.2 595.1 589.4 582.9 575.4 566.7 556.1 546 536.2 528.9 514 501.8 492.5 479 479.7 483.6 484.4 485.9 488 489 490 491.9 492 490.9 490.2 486.7 482.6 475.1 472.5 469.9 465.5 459.8 454.2 446.5 439.5 431.9 424.6 418.2 412 406.5 402.4 397.1 391.8 384.5 378.3 374.6
608.9 613.8 615.7 618.5 619.3 611.2 603.6 617.8 625.6 640 646.9 652.3 656.4 657.6 661.7 662.9 665.1 666.2 667.4 667.6 668.8 669.3 668.4 667 666.5 662.4 658.2 657 655 646 621.8 612.6 601.2 593.5 588.1 581.2 572.9 561.6 549.1 540.6 529 514.9 504.6 488.1 493 496.5 496.7 498.5 499.6 499.5 500.7 501.5 501.3 501.2 500 499 498.3 498 494.9 492.5 487.2 479.5 475.2 470.4 466.1 459.3 452 444.7 435.7 427.5 420 413.2 407.9 403.2 396.8 388.1 384.9 380.6
618.8 622 623.5 626.2 628.6 628.7 626.1 637.1 642.9 647.7 652.8 655.8 659.2 663 666 668.5 670.2 671.9 673.2 671.6 671.9 670.9 671.9 669.8 668.4 666.2 660.6 658.6 656.7 647.8 624.2 606.3 598 591.4 584.7 577.6 568.5 558 545 538.9 522.9 505.1 501.7 505.7 504.4 505.7 510 512.4 511.6 512.2 511.5 511 510.8 510.6 510.6 508.8 508 507 504.8 499.6 498.4 494.1 489.5 483.2 474.7 472.1 465.1 456 447.7 438.3 429.1 421.2 413.2 407.3 399.2 392.6 388.5 381.4
622.6 624.4 627.5 630.8 634.6 638.3 641.5 644.6 648 652.1 655.7 659.1 662.1 664.7 667.9 670.2 670.9 671.7 674.2 674.9 676.3 675 674.9 673.2 670.2 667.3 663.5 659.7 657.6 650.6 624.2 607.1 595.4 589.8 584 578.1 563.3 551.7 541.8 535 521.3 514.8 515.3 516.1 518.6 522.9 524.8 526.1 525.3 523.6 523.2 522.3 521.8 521.6 520.1 519.8 517.8 515.5 513.3 509.7 506.4 501 499.1 493.2 486.7 480.2 474.1 466.8 457.9 449.1 440.1 427.8 419.4 413 405.5 400.3 393.4 384
630.1 629.9 631.9 634.2 639.8 643.2 646.7 649.3 649.7 653.7 658.1 662.1 664.4 666.7 669.9 670.2 671 671.4 673.7 675.9 678.5 678.4 678.3 675.9 673.4 667.8 666 661.4 658.5 652.1 631.2 609 595.1 587.6 583.6 579 565.3 550.5 542.8 537.8 525.9 528.1 529 532.2 535.9 538 538.6 538.4 536.2 535.3 534.5 533.8 533.1 532.9 532.4 531.4 529.1 525.3 520.9 517.7 514.5 509.9 504.9 500.1 493.2 486.5 481.3 475.7 466 458.1 447.5 428.1 429.4 418.8 410.7 404.7 397.5 382.1
632 631.8 633.1 635.4 640 645.4 649.2 651 654.6 657.1 660.7 663.9 665.5 668 668.7 670.4 671.9 673.2 674.4 677.1 678.7 679.9 679.8 679.1 675.8 670.5 667.1 662.7 659.5 654.7 639.7 612.3 596.6 589.2 585.5 581.1 563.1 546.6 539.9 545.7 548.3 549.2 549.7 551 551.2 552.6 551.4 550.9 548.5 547 546 545.6 543.9 543.6 542.7 540.9 538.4 534.7 530.1 526.1 521.6 517.2 512.7 505.5 498.9 494.4 487.7 482.1 472 463 446.5 438.3 433.7 419.6 414.1 400.3 388.4 399.3
632.9 633.4 634.5 636.3 640.9 644.4 648.4 652.9 655.2 658.4 660.5 662.9 666 668 668.7 670.4 673.3 673.2 674.6 676.4 678.6 680 680.9 680.8 679.1 674.9 666.6 663.5 660.2 654.3 644 617.2 600.2 590.6 585.2 579.9 557.4 556.8 561.4 566.3 564.9 563.2 562.8 563 561.7 562.3 562.3 561.4 560.4 560.2 561.7 560.4 558.2 555 551.3 547.9 545.9 543 538 533.3 528.1 522.3 517.7 509.9 505.6 498.5 490.9 485.2 475.7 461.4 449.6 441.4 433.6 424.4 412.3 398.5 410 411.5
630.6 632.6 636.3 639.3 641.3 644.4 648.7 648.6 654.7 659.5 662.2 663.9 666.8 669.2 670.6 673.7 676.9 678.3 682.8 683.9 685 684.5 684.1 683.1 680.9 677.9 668.9 664 660.1 655 643.7 623 603.7 592.1 586.8 578.7 574 578 578.8 579.2 576.8 573.9 573.2 575.6 578.2 577.3 575.4 572.9 570.3 568.9 569.1 568.7 570.2 567.6 561.8 554.2 551.5 547.4 542.4 537.8 530.8 525.1 518.2 512.4 506.5 497.8 492.5 484.7 474.6 462.4 452.5 441.7 434.8 423.3 407.6 417.9 421.4 421.7
632.4 634.7 634.8 637.5 640.1 642.4 645.3 649.3 655 658.8 661.7 664.9 668.7 670.5 673.4 677.2 681.7 685.6 690.4 693.7 696 694.2 692.3 685.8 682.4 679.6 672.2 661.8 659.2 653.4 642.6 628.9 611 598.6 591.8 583.2 586.4 584.8 585.6 583.7 580.9 580.1 581.5 582.5 584.5 585 586 585.7 585.5 585.4 580.8 577.5 574.5 573.3 571.1 567 560.4 552.3 545 539.1 532 524 517.1 513.7 507.6 499.4 492.1 483 469.9 461.6 447.1 439.1 431.4 416.1 429 431.2 431.7 430.7
633.9 637 637.5 638.6 641 643.7 645.4 652.2 656.6 660.4 664.1 667.1 672 674.6 679.3 684.5 690 696.4 702.3 706.1 708 707.3 702.1 690.5 682.7 678.9 672.6 660.9 659.2 653.9 646.1 638.3 628.1 612.1 594.3 596.4 597.6 597.9 594.5 591.8 589.9 588.9 588.2 588.9 590.3 590.5 590.4 590.4 591.4 592.2 593.2 589.3 583.2 577.4 572.7 570.1 566.2 558.6 547 539 531.3 523.7 519 512.5 505.6 499.6 490.3 480.4 468.9 457.6 441.6 425.7 433 438.9 439.8 440.8 440.6 439.3
633.4 637.6 637.4 641.3 642.7 645.5 647.7 652.6 657.4 660.8 665.4 670.4 675.9 683.1 688.7 695.6 701.3 706.5 710.6 712.3 712.3 711.6 708.4 697.8 687.1 678.6 671.7 663 658.9 650.3 643.4 641.6 633.9 620.5 614.2 617.2 616.8 607.9 604.8 603 602 599.6 598.3 597.8 599.4 599.5 599.1 598.6 597.5 596 596 594.1 589.7 581.3 575.9 570.5 568 562.4 551.9 541 533.1 525.7 519.8 511.8 505.4 494.5 485.5 475.6 461 448.9 439 446.2 448.3 448.6 448.5 449.2 449 448.5
634.7 635.6 636.9 640.9 645.1 648 650.8 655.1 658.9 665.3 670.8 677 684.6 692.5 698.4 702.1 706.7 710.7 714.2 714.2 710.4 710.1 708.6 699.4 687.4 678.4 672.8 666.3 660.8 649.8 643.3 641.3 637.4 632.6 634.6 634 629.5 624.7 623.1 620.7 615.8 611.5 611 610.1 610.7 610.3 605.7 605 602.8 600.4 599.1 594.5 589.9 582.7 577.8 572.5 566.5 561.2 551.6 541.3 534.2 526 518.7 510.5 501.4 491.2 482.5 471.1 455.5 439.4 455.4 457.8 457.9 459.4 459.3 458.7 457.7 457
633 635.2 637.7 641.2 645.4 647.5 652.3 656.9 662.7 668 675.4 684.5 694.1 700.1 704 706.4 709.7 712 711 708.2 707.7 707.4 706.2 696.5 684.9 677.3 671.9 667.6 662.9 654.8 649.6 643.1 640.4 640 642.3 643.1 642.5 638.6 635.1 630.2 629.7 628.1 625.5 623.6 622.9 619.8 615.9 612.9 609.9 606.6 602.3 597.4 590.7 585.4 577.9 571.5 567 560 548.3 539 532.7 523.3 516.4 507.2 497.5 488.9 478.4 461.4 453.7 460.5 467 471.8 473.9 474.8 476.2 476.9 475.3 473.4
632.8 635.8 636.9 640.6 644.6 648.3 652.7 658.2 664.8 672.9 680.5 693.8 701.2 705.8 707 708 708.1 705.9 704.3 705.1 703.4 704 700.2 691.4 680.9 674.8 672.1 668.6 664.7 656.2 650.4 644.4 642.9 643 645.4 645.4 646 644.1 642.5 642.3 644.3 643 639.9 637.9 634.6 628.1 624.3 620.9 616.1 611.7 604.4 598.6 592.1 586.6 578.8 571.9 563.7 554.8 545.2 536.5 529.1 520 511.3 501.5 491.6 478.2 462.7 464.5 471 476.3 480.4 485.6 490.8 493.1 489.7 490.1 490 486.2
633 634.9 637.6 640.9 644.2 648.2 653.2 659 666.3 678.6 690.6 698.1 704 706.7 707.2 707.3 704.1 702.5 700.2 697.5 690.1 691.7 689.5 681 676.2 672.6 671.1 668.3 664.5 657.4 650 645.6 644.3 644.5 645.3 645.2 644.2 646.6 646.9 648.4 650.4 649.5 648.9 647.5 645 638.5 630.4 624.9 620.1 613 604.6 596.8 590.7 586.1 580.1 571.2 559.3 550.1 541.9 532.3 524.7 515.8 505.5 489.8 476.5 465.9 476.2 484.9 489.5 491.9 496.1 498.8 504.5 506 505.4 502.7 504 498.1
632.7 634.5 637.4 640.6 644.6 649.4 654.9 661.5 670 680.9 694.2 697.4 702 705.4 705.5 703.6 702 702.4 695.3 688 680.7 679.2 676.4 674.1 672.5 670.6 670 667.6 664.1 660.1 652.4 650.3 648 646 646.3 645.3 645.8 648.3 649.8 651.3 652 651.6 650.8 649.9 649.5 647 637.4 628.1 621.3 614.3 605.5 597.9 590.8 586.9 578.5 568.7 559.1 549.9 540.9 530.7 516.3 501.5 487.4 482.7 483.9 490.2 494.8 500.2 502.8 508.4 510.3 511.8 510.9 512.1 511.1 508.5 508.1 504.1
633.1 635 637.5 640.6 645.8 650.6 655.9 663 671.6 683.5 692.6 694.5 697.2 698.8 699.1 699.4 701.2 694.7 688.3 676.2 673.1 672.4 670.9 670 668.7 668.6 666.7 665.5 664.4 661.7 656.4 651.7 649.4 647.1 646.9 646.1 646.1 647 648.1 650.2 651.8 651.5 650.8 650.1 649.4 648 637.7 628.7 621.6 614.2 603.9 596.5 591.7 587.3 575.4 565.6 557.7 549.7 539.4 532 518.4 506.7 498.1 499.2 502.9 505.9 509.5 513.8 518.6 521.5 523.1 524.2 524.1 523.5 521.2 519 513.8 508.6
631.7 634.4 636.9 640.5 644.7 649.6 656.5 665.3 677.4 689.6 693.5 694.3 693.2 694.8 696.3 695.8 693.2 685.9 678.1 670.2 668.1 667.2 665.7 666.7 667.9 665.8 665.6 665.2 664.8 662.6 658.4 652.2 649.9 648.5 647.5 646.7 646.6 646.1 646 648.1 649.9 650 649.6 649.1 648.2 642.7 631.3 625 619.9 612.4 603.7 595.3 591.7 587.4 575.7 567.1 558 550.5 541.4 534.4 528.1 521.9 504.8 511 518.2 522.2 526.3 529.4 531.8 533.9 534.2 535.3 535.8 535.5 532.1 525.3 517.8 511.3
632.6 634.9 637.5 641.2 644.6 650 657 666.9 681.3 690.4 692.4 693.3 692.6 691.7 691 688.1 682 675 669.3 664.1 664.7 663.7 664.4 664.4 664.6 664 665 664.7 663.4 662.4 659.5 652.9 649.8 649.9 648.7 647.6 646.7 647.7 645.8 646.7 648.2 648.1 647.7 647.3 646.4 636.7 626.8 623.3 618.4 612 601.6 593.7 589.1 586.2 579.7 568.3 560.5 554.1 547.9 539.6 534.1 522.4 522.3 529.3 531.2 535 537.5 540.7 542.7 543.5 545 545.6 546.8 547 542 531.4 518.7 511.2
631.4 634.5 638 641.7 645.2 649.4 655.5 667.8 681.9 689 691.1 689.3 690.4 690 681.9 676.4 671.4 667.3 663.6 661.3 663 661.2 662.8 661.7 661.6 663.4 664.2 663.7 662.7 662.3 661.4 654.1 651.6 651.7 648.4 647 646.2 647.7 644.7 645.5 646.3 646.1 646 645.5 644.4 635.3 625.6 620.3 616.3 608.6 597.9 592 588.3 584.8 581.2 572.8 566.1 560.9 554.3 543.3 538.9 535.7 537.2 540.5 544.2 546.3 549.5 550.3 550.8 551 552.3 552 556.7 557.4 546.7 534.7 521.2 511.7
632.4 634.2 641 643.2 646.3 650.1 656.1 666.5 681.2 686.5 685.9 687.1 677.6 678.2 670 667.3 664.6 662.5 660.6 659.2 660.8 659.7 658.9 660.1 660.3 662.5 662.6 663 661.6 660.9 659.2 653 650.2 649.2 648.4 647 645.5 645.6 643.1 643.3 644.1 644.2 644.3 643.4 640.8 631 622.2 619.4 613.5 606.9 599.5 593.1 588.1 585.2 582.4 575.3 568.1 562.9 557.3 552.6 549.1 544.5 549.8 552.1 555.2 557.8 560.2 562 561.4 563.3 562.4 559.9 558.2 557.3 547.8 535.6 523.2 511.4
633.1 635.8 640.5 643.9 646.9 650.3 655.5 665.2 675 679.1 673.4 674.5 668 666.6 664.7 661.9 660.5 659 657.4 658.1 656.6 657.8 657.7 658.2 660 661 661.9 662.2 660.9 660.4 659.5 652.5 649.6 649.4 648.4 648 644.9 643.9 642.3 643.7 642 642.6 642.1 639.8 633.7 625.1 621.4 618.8 614.1 604.4 598.1 592.6 587.1 585 582 576.1 567.9 561.1 561.8 560.1 558.1 557.2 559.8 561.8 563.4 565.5 567.2 568.7 570.2 569.5 570.1 564.8 558.9 554.9 543.8 533.5 522 509.1
633.1 637.5 640.9 643.1 646.6 650.4 654.2 659.1 664.7 666.5 663.5 662.9 662.2 660.5 659.6 658.2 657.3 656.5 654.4 655.3 656 656.4 656.8 658.4 658.2 659.6 661.2 662 660.8 660.4 659.1 654.3 649.8 646.7 646.5 645.1 643.2 641.6 641.1 640.6 640 636.8 634.8 631.2 626.2 623.2 618.5 614.4 608.4 601.9 596.6 591.8 586.3 583.6 581.8 579.4 574.2 569.3 565.8 564.3 562.5 563.5 563.7 567.5 569.4 571.1 572.8 573 571.7 572.8 571.3 565 557.8 551.6 539.7 529.3 517 504.7
632.7 636.8 640.1 640 644.8 649.2 651.6 653.7 655.7 656.7 657.9 657.4 655.8 656 655 654.8 654 653.3 652.2 654.2 656.1 656.8 657.3 657 658.5 658.6 660.4 660.9 659.1 659.2 657.9 654.8 649.2 644.8 644.1 642.8 639.2 638 634.9 632.1 630.7 627.5 625.9 624.4 621.8 619.8 614.4 608.6 603.2 599.5 595.6 591.2 587.3 584.6 583.8 581.5 576.9 574.4 569.4 568.2 566.1 567.5 571.3 575.9 579.6 582.6 582.6 577.8 574.3 573.6 571.8 564.2 555.2 548.2 535.5 523.8 508.2 495.4
631 633.1 638.4 639.5 643.7 647.5 648.9 650.5 651.6 652.7 654 653.3 653.8 653 653.3 651.7 652.8 650.8 649.2 653.2 654.2 654 654.6 656.4 658.2 660.3 659.5 656.4 655.1 657.2 654.5 652.7 648.9 643 642.3 640.8 636.4 630.4 627.1 618 616.3 613 612.6 615.2 614.9 612.1 607.3 601.5 599.1 596.7 594.1 590.7 588.5 586 585.5 584 580.7 578.1 574.3 572.9 569.4 572.9 581.1 584.7 586.6 587.1 587.5 585.8 578.9 573.4 569.6 561.7 552.9 545 532.7 515.1 500.2 484.4
629.7 635.4 637.5 639.2 641.4 643.5 645.6 648.1 648.6 648.4 650.9 650.6 651.7 651.3 650.7 650.7 649.9 648.4 641.4 648.9 650 650.4 650.5 654.3 657.3 658 659.1 653 651.7 657.7 655.2 652 647.8 642.6 641.5 639.7 635.5 627.3 620.1 613 599 601.2 600.9 602.9 605 603 598.7 596 593.8 593.6 591.8 589.7 589.2 588.7 587.6 585.6 582.6 579.1 578.2 577.3 576.4 580.8 583.4 585.8 587.5 588.3 588.6 589.4 582 573.7 567.7 558.1 550.7 541.7 523.5 507.1 493.3 467.4
631.3 634.8 638.1 638.3 640.5 641.9 643.6 646 646 647.2 650.1 650.2 650.2 649.4 651.1 650.8 650.5 646.3 637.4 647 647.6 649 649.1 649.5 651.9 651.4 650.5 651 649.7 650.3 649.9 647.9 645.1 642.8 641.2 639.6 637.7 636 634.4 630.3 614.9 601.6 589.8 592.8 595.9 594.7 592.5 589.7 590.1 590.5 589.7 588.7 587 587.1 586.6 585.6 582.1 580.2 578.1 575.1 581.9 583.6 584.8 586.6 587.4 588.5 588.4 588.9 580.8 572.2 563.7 555.5 548.5 530.3 512.8 498.4 481.4 453.9
