WholeMapElevations/data/st/st36_OST50GRID_20230518/ST36.asc
ncols 200
nrows 200
xllcorner 330000
yllcorner 160000
cellsize 50
[rows 88 to 131 of 200, columns 96 to 191 of 200]
11.6 10.2 7.8 6.5 6.4 6.3 6.2 6.2 6.2 6.1 6.1 6.1 6.3 6.5 6.1 6 5.5 5.3 5.6 5.8 6.2 6.2 6.3 6.3 6.3 6.3 6.3 6.2 6.1 5.9 5.2 5.3 5.5 6 6.5 6.3 6.3 6.7 6.5 6.2 6.2 6.5 6.1 5.7 5.8 5.2 5.8 5.7 5.7 5.7 5.7 5.7 5.7 5.7 5.8 5.9 5.9 5.9 5.9 5.9 6.1 6.3 6.1 5.9 5.6 5.3 6.2 6.1 6.1 6.4 6.5 6.6 6.5 3.3 3.3 7.3 7.7 7.6 7.1 7 7.1 7.8 5.4 5.5 5.4 5.5 5.6 5.5 5.5 5.6 5.7 5.6 5.4 5.3 5.4 5.4
10.6 9.6 7.9 6.6 6.4 6.3 6.3 6.2 6.2 6.2 6.1 6.2 6.3 6.5 6.2 5.8 5.3 5.4 5.3 5.5 6.4 6.4 6.4 6.4 6.3 6.2 5.9 5.6 5.3 5.4 5.3 5.5 5.7 5.9 6.4 6.3 6.5 6.7 6.4 6.3 6.2 6.2 6.1 6.1 6.1 6.2 6.1 5.8 5.8 5.8 5.7 5.9 5.8 5.8 5.8 5.9 5.9 5.9 5.9 5.9 6.1 6 5.8 5.6 5.4 5.2 3.7 6.3 6.5 6.7 6.8 6.9 6.6 6.4 6.5 3.3 6.7 6.6 4.4 5.8 3.3 3.3 3.5 6.2 5.5 5.6 5.6 5.7 5.7 5.7 5.7 5.6 5.5 5.4 5.4 5.4
8.8 8.3 7 6.5 6.4 6.3 6.3 6.3 6.2 6.2 6.2 6.2 6.4 6.1 6 5.3 6.3 6.1 5.4 4.8 6.6 6.5 6.2 6.4 6.2 5.9 5.9 5.5 5.2 5.4 5.6 5.9 6 6.2 6.4 6.5 6.7 6.4 6.2 6.3 6.2 6.2 6.2 6.3 6.5 6.5 6.3 6 5.9 5.9 6 5.9 5.9 5.9 5.9 5.9 5.9 5.9 5.9 5.9 5.9 5.8 5.7 5.7 5.7 5.6 5.5 6.3 6.8 6.8 6.7 6.2 6.1 6 5.9 6.8 4 4.8 6.2 6.9 7.4 7.2 7.5 5.6 5.1 5.6 5.6 5.6 5.6 5.6 5.7 5.6 5.5 5.5 5.5 6.7
7.4 7.6 6.5 6.3 6.3 6.3 6.3 6.3 6.2 6.2 6.2 6.2 6.2 5.4 5.3 6 6.2 6 5.5 5.7 5.3 3.9 6.5 6.3 6 5.7 6.1 5.3 5.5 5.6 5.8 6.1 6.3 6.6 6.6 6.6 6.3 5.9 6 6.2 6.2 6.2 6.3 6.3 6.5 6.5 6.5 6.2 6.1 6 5.9 5.9 5.9 5.9 5.9 5.9 5.9 5.9 5.9 5.9 6 5.9 5.9 5.9 5.9 5.8 5.8 5.1 6.2 6.5 6 5.7 5.8 5.8 5.8 5.5 5.2 5.5 5.6 5.8 6.2 6.1 5.8 5.4 5.7 5.6 5.6 5.4 5.6 5.6 5.6 5.6 5.5 6.5 6.7 5.6
6.7 6.8 6.3 6.3 6.3 6.3 6.3 6.3 6.3 6.2 6.2 6.2 5.7 5.1 5.8 5.7 6.1 5.9 6.1 6.2 6.3 6.2 6 6.1 5.8 5.5 5.5 5.4 5.8 6 6 6.3 6.4 6.4 6.7 6.7 5.9 5.5 5.9 6.2 6.2 6.2 6.3 6.4 6.5 6.4 6.4 6.3 6.2 6 6 6 5.9 5.9 5.9 5.8 5.8 5.9 5.9 5.9 6 6 6 5.9 5.9 5.9 5.8 5.7 5.2 5.4 5.4 5.8 5.8 5.8 5.8 5.7 5.4 5.6 5.8 5.8 6.1 6.6 6.3 4.2 5.7 5.7 5.6 5.5 5.5 5.5 5.6 5.7 6.7 6.7 5.7 5.9
6.2 6.2 6.2 6.2 6.2 6.2 6.2 6.2 6.2 6.2 6.2 6.1 5.9 5.5 5.2 5.6 6 6.2 6.2 6.2 6.3 6.3 3.9 5.2 5.4 5.1 5.3 5.6 6.1 5.9 4.8 4.7 4.9 5 5.7 6.2 5.4 5.3 5.9 6.1 6.2 6.3 6.3 6.4 6.4 6.3 6.2 6.1 6.1 6 6 5.9 5.9 5.9 5.8 5.8 5.8 5.9 5.9 6 6 6 6 6 5.9 5.8 5.8 5.7 5.6 5.2 5.2 5.5 5.8 5.8 5.8 5.8 5.6 5.8 5.8 5.8 5.9 7.1 7.3 5.6 5.8 5.6 5.6 5.5 5.4 5.5 5.5 6.7 6.5 5.8 6.1 6.2
6.1 6.3 6.1 6.2 6.2 6.2 6.2 6.2 6.2 6.2 6 5.9 6.1 5.5 5.3 5.7 6 6.1 6.2 6.2 6.3 6.3 6.2 5.5 5.5 5.6 5.5 5.6 6 5.5 4.9 4.8 4.9 4.9 4.9 4.8 4.8 5.2 5.8 6.1 6.2 6.2 6.3 6.4 6.3 6.3 6.2 6.1 6.1 5.9 5.9 5.8 5.8 5.8 5.8 5.8 5.8 5.9 5.9 6 6 6 5.9 5.9 5.8 5.7 5.7 5.6 5.5 5.2 5.2 5.1 5.4 5.6 5.8 5.8 5.8 5.8 5.9 5.9 6 7.2 5.7 6.9 5.7 5.6 5.5 5.5 5.4 5.4 6.7 5.6 4.4 6 5.5 5.9
6.1 6.3 6.2 5.9 6 6.1 6.1 6.1 6.1 6.1 5.7 5.7 5.9 5.6 5.4 5.7 5.8 5.9 6.1 6.2 6.3 6.3 6.2 3.9 5.2 6 5.9 5.8 5.9 5.4 5.1 4.7 5.2 5.2 5.4 4.8 4 5.1 5.6 6.1 6.2 6.2 6.3 6.6 6.2 6.2 6.2 6.1 6 5.9 5.8 5.7 5.7 5.7 5.8 5.8 5.8 5.9 5.9 6 6 5.9 5.8 5.7 5.7 5.6 5.5 5.4 5.3 5.2 5.4 5.3 4 5.3 5.5 5.7 5.8 5.8 5.8 6.2 6.2 6.4 6 6.3 5.7 5.7 5.5 5.4 5.5 6.7 6.5 7.5 7.1 7.2 5.9 5.6
6.1 6.4 6.2 6 5.7 5.9 6.1 6.1 6.1 6 5.5 5.5 5.8 6.1 5.4 5.5 5.7 5.8 5.9 6.1 6.2 6.3 6.2 5.5 4.9 6.4 6.3 5.7 5.8 5.6 5.3 5 5.4 5.6 5.4 4.8 4.9 5.1 5.4 5.8 6.1 6.2 6.5 6.7 6.2 6.1 6.1 6.1 6 5.9 5.7 5.7 5.7 5.7 5.8 5.8 5.8 5.9 5.9 6 6 5.8 5.7 5.6 5.5 5.4 5.4 5.3 5.2 5.8 5.9 6 5.7 3.7 5.3 5.4 5.6 5.6 5.8 6.3 6.2 6.2 6.7 5.9 5.8 5.7 5.7 6.4 6.7 5.9 7.3 6.6 6.5 4.9 6.4 5.7
6.2 6.4 6.3 6.1 5.8 5.5 5.7 5.9 6 5.8 5.3 5.3 5.6 5.2 5.3 5.5 5.6 5.7 5.8 5.9 6.1 6.2 6.2 5.9 5.6 5.3 3.9 6.1 5.9 5.6 5.3 5 4.8 4.8 4.9 5 5.1 5.3 5.5 5.8 6 6.3 6.6 6.4 6.1 6.1 6 6 6 5.9 5.8 5.7 5.7 5.7 5.8 5.8 5.9 5.9 5.9 6 5.9 5.7 5.6 5.7 5.6 5.5 5.4 5.4 5.3 5.5 5.9 6.7 6.3 5.4 3.7 5.2 5.3 5.5 5.7 6.2 6.6 6.7 3.6 6.6 5.8 5.8 6.7 6.7 6.9 6.4 6.3 4.8 7.5 5.9 6.7 6.4
6.4 6.4 6.3 6.2 5.9 5.6 5.4 5.6 5.8 5.2 5.3 5.3 5.3 5.3 5.4 5.4 5.5 5.6 5.8 5.9 6 6.1 6.3 6 5.7 5.4 5.6 4.4 5.9 5.6 5.5 5.3 4.8 4.8 5 5.2 5.3 5.5 5.7 6 6 6 6 6 6.1 6.1 6.1 6.1 6 6 5.8 5.8 5.7 5.7 5.8 5.8 5.9 5.9 6 5.9 5.8 5.6 5.7 5.7 5.7 5.6 5.5 5.5 5.5 5.7 5.9 6.3 5.8 5.6 5.3 5.1 5.2 5.4 5.6 6.2 6.9 6.8 6.7 6.7 5.7 6.7 6.7 6.4 7.4 7.3 6.7 7.1 5.8 6.4 6.3 6.7
5.9 5.9 5.9 5.7 5.5 5.8 5.2 5.2 5.3 5.4 5.4 5.4 5.4 5.4 5.4 5.5 5.5 5.6 5.7 5.8 6 6.1 6.2 6.1 5.8 5.5 5.9 6.3 3.9 6.3 6 5.2 4.8 5 5.1 5.3 5.4 5.6 5.9 5.9 5.8 5.8 5.8 6 6.1 6.1 6.1 6.1 6.1 6.1 5.9 5.8 5.8 5.7 5.8 5.8 5.9 5.9 5.9 5.8 5.6 5.7 5.8 5.8 5.8 5.7 5.7 5.6 5.8 6 6.6 6.8 6.5 5.7 5.5 5.7 5.4 5.2 5.5 5.8 6.6 6.7 6.7 6.2 7 6.8 6.5 7.1 7.7 7.6 4.5 6.6 5.9 5.5 6.2 6.2
6 5.8 5.5 5.4 5.2 5.2 5.3 5.4 5.5 5.5 5.6 5.5 5.5 5.5 5.5 5.6 5.6 5.7 5.7 5.8 5.9 6 6.1 6.2 5.9 5.8 6.2 6.6 3.9 5.8 6.5 5.7 4.8 5 5.3 5.5 5.6 5.8 5.8 5.7 5.6 5.5 5.7 6 6.2 6.2 6.2 6.2 6.2 6.2 5.9 5.9 5.8 5.8 5.8 5.9 5.9 6 5.8 5.6 5.7 5.7 5.8 5.8 5.8 5.8 5.8 5.8 6.1 6.2 6.3 6.5 6.1 5.7 5.7 5.7 5.6 5.2 5.2 5.5 6.2 6.3 5 7.1 7.1 6.9 6.5 7.1 6.8 6.7 6.7 5.5 5.5 5.6 6 6
6 5.8 5.5 5.3 5.3 5.4 5.5 5.6 5.7 5.7 5.7 5.6 5.5 5.6 5.6 5.7 5.7 5.7 5.8 5.8 5.9 6 6.1 6.2 6 6.1 6.4 6.4 6 5.2 6.2 5.6 4.9 5 5.1 5.4 5.7 5.6 5.6 5.5 5.4 5.4 5.7 6 6.2 6.2 6.2 6.2 6.2 6.2 6 5.9 5.9 5.8 5.9 5.9 6 6 5.8 5.7 5.7 5.8 5.9 5.9 5.9 5.8 5.8 5.8 5.8 5.9 6 6.2 5.7 5.7 5.7 5.7 5.6 5.3 5.2 5.1 5.6 6.3 7.1 7 7.5 7.7 4.4 6.7 7.7 6.9 6.7 6.5 5.7 5.6 5.8 5.8
6 5.9 5.6 5.5 5.6 5.6 5.7 5.7 5.8 5.8 5.8 5.7 5.6 5.7 5.7 5.7 5.8 5.8 5.9 5.9 6 6 6 6.1 6.1 6.3 6.3 6.3 6 5.3 5.9 5.3 5 5.1 5.2 5.6 4.6 5.3 5.3 5.3 5.7 6.1 6.2 6.2 6.2 6.2 6.2 6.2 6.2 6.2 6.1 6 5.9 5.9 6 6 6.1 5.9 5.8 5.8 5.8 5.8 5.9 5.8 5.8 5.8 5.8 5.8 5.7 5.7 5.7 5.8 5.7 5.7 5.7 5.7 5.6 5.5 5.5 5.3 3.8 7.2 7.1 3.6 6.8 6.7 6.3 6 6.1 6.3 6.5 6.4 6.1 5.9 5.7 5.7
5.9 5.9 5.8 5.8 5.8 5.8 5.9 5.9 6 5.9 5.8 5.8 5.7 5.7 5.8 5.8 5.9 5.9 6 6 6 6.1 6.1 6.2 6.2 6.2 6.2 6.2 6.3 6.1 5.1 5 5.4 5.7 6.5 7.1 6.4 5.7 5.5 5.6 6.1 6.1 6.1 6.2 6.2 6.1 6.2 6.2 6.2 6.2 6.1 6.1 6 5.9 6 6.1 6 6 5.9 5.9 5.9 5.9 5.8 5.8 5.8 5.8 5.8 5.8 5.7 5.7 5.6 5.6 5.7 5.7 5.7 5.8 5.8 5.9 5.8 5.7 6.7 7.1 6.2 4.6 7.5 5.9 6 6.2 5.7 6 6.2 6.2 5.9 5.7 5.7 5.6
5.2 5.8 5.8 5.9 6 6 6 6.1 6.1 6 5.9 5.8 5.8 5.8 5.9 5.9 6 6 6 6.1 6.1 6.2 6.2 6.2 6.2 6.2 6.2 6.3 6.5 6 5 4.9 5.9 6.5 7.7 7.9 6.6 6.6 6.2 6.1 6.1 6.1 6.1 6.1 6.1 6.1 6.2 6.2 6.2 6.2 6.1 6.1 6 6 6.1 6.1 6.1 6.1 6 6 5.9 5.8 5.7 5.7 5.7 5.8 5.8 5.8 5.7 5.7 5.7 5.7 5.8 5.8 5.8 5.8 5.8 5.9 6 6.2 7 5.6 4 7.1 4 5.9 5.3 5.4 5.4 5.6 5.8 6 5.8 5.7 5.6 5.6
5.8 5.8 5.8 5.9 6 6.1 6.2 6.2 6.2 6.1 6 5.9 5.9 5.9 5.9 6 6 6.1 6.1 6.2 6.2 6.2 6.2 6.2 6.2 6.2 6.2 6.4 6.5 6.2 5.4 4.7 5.4 6.7 8.4 7.8 7.7 7.3 6.9 6.6 6.1 6.1 6.2 6.2 6.1 6.2 6.2 6.2 6.2 6.2 6.1 6.1 6 6.1 6.2 6.2 6.1 6 6 5.9 5.8 5.7 5.6 5.7 5.7 5.7 5.7 5.8 5.8 5.7 5.7 5.7 5.7 5.8 5.8 5.8 5.9 5.9 6.1 7 5.6 5.5 5.4 5.5 5.3 5.4 5.4 5.4 5.4 5.5 5.6 5.7 5.7 5.6 5.6 5.5
5.8 5.8 5.8 5.9 6 6.1 6.1 6.2 6.2 6.2 6.1 6 5.9 6 6 6.1 6.1 6.2 6.2 6.2 6.2 6.2 6.2 6.2 6.2 6.2 6.3 6.3 6.4 6.5 5.8 5.7 4.8 6.1 7.4 8.9 8.3 7.5 7.3 7 6.4 6.5 6.4 6.3 6.2 6.2 6.2 6.2 6.2 6.2 6.1 6.1 6.1 6.1 6.2 6.2 6.1 6 5.9 5.9 5.8 5.7 5.6 5.7 5.7 5.7 5.7 5.8 5.7 5.7 5.6 5.6 5.7 5.7 5.8 5.8 5.9 5.9 7 5.2 5.8 5.6 5.3 5.3 5.4 5.4 5.4 5.4 5.4 5.5 5.6 5.7 5.6 5.6 5.5 5.5
5.8 5.8 5.8 5.9 6 6 6.1 6.2 6.2 6.2 6.2 6.1 6 6.1 6.1 6.2 6.2 6.2 6.2 6.2 6.2 6.2 6.2 6.2 6.2 6.2 6.2 6.3 6.3 6.4 6.1 5.7 5 5.2 6.2 8.4 10.7 10.7 8.1 7.3 6.9 6.7 6.6 6.4 6.3 6.2 6.2 6.2 6.2 6.2 6.1 6.1 6.1 6.1 6.2 6.3 6.1 6 5.9 5.8 5.7 5.7 5.6 5.7 5.7 5.7 5.7 5.8 5.7 5.6 5.6 5.5 5.6 5.7 5.8 5.8 5.9 6.8 6.2 5.1 5.3 5.5 5.2 5.1 5.2 5 5.4 5.4 5.4 5.5 5.6 5.6 5.6 5.5 5.4 5.4
5.8 5.8 5.8 5.9 5.9 6 6.1 6.1 6.2 6.2 6.2 6.2 6.1 6.2 6.2 6.2 6.2 6.2 6.2 6.2 6.2 6.2 6.2 6.2 6.2 6.2 6.2 6.3 6.3 6.3 6.1 6.1 6 3.9 5.8 7 8.5 10.8 11.6 10.4 8.6 6.6 6.7 6.5 6.4 6.3 6.2 6.3 6.2 6.2 6.2 6.1 6.1 6.2 6.2 6.3 6.2 6 5.9 5.8 5.8 5.7 5.6 5.7 5.7 5.7 5.8 5.8 5.7 5.6 5.5 5.5 5.5 5.6 5.7 5.5 6.2 6.7 5.1 5.2 5.1 5.2 5.2 5.1 3.5 5.2 3.5 5.4 5.4 5.5 5.5 5.5 5.5 5.4 5.4 5.4
5.8 5.8 5.8 5.9 5.9 6 6.1 6.1 6.2 6.2 6.2 6.2 6.2 6.2 6.2 6.2 6.2 6.2 6.2 6.2 6.2 6.2 6.2 6.2 6.2 6.2 6.2 6.3 6.3 6.3 7.1 7.5 7 5.9 4.9 5.9 6.5 7.3 8.3 7.8 6.9 6.1 6.7 6.6 6.6 6.5 6.7 6.3 6.2 6.2 6.1 6.1 6.2 6.3 6.3 6.3 6.2 6.1 5.9 5.8 5.8 5.7 5.6 5.6 5.7 5.7 5.8 5.8 5.7 5.6 5.5 5.4 5.4 5.4 5.7 8.3 6.6 5.1 5.2 5.3 5.2 5.1 5.1 5 5.2 5.3 5.3 5.4 5.4 5.4 5.5 5.4 5.4 5.4 5.4 5.4
5.8 5.7 5.8 5.8 5.9 6 6 6.1 6.1 6.2 6.2 6.2 6.2 6.2 6.2 6.2 6.2 6.2 6.2 6.2 6.2 6.3 6.3 6.2 6.5 6.1 6.2 6.3 6.3 6.7 8.2 8.7 7.3 5.9 5.9 4.9 5.4 5.8 6.4 6.2 6.2 6.2 6.6 6.5 6.4 6.3 6.3 6.4 6.1 6.1 6.1 6.2 6.3 6.3 6.4 6.3 6.2 6.1 6 6 5.9 5.7 5.6 5.6 5.7 5.7 5.8 5.8 5.7 5.6 5.6 5.3 5.2 7.3 7.3 6.6 5.1 5.2 5.3 5.4 5.3 5.1 3.7 5.1 5.2 5.4 5.3 5.1 5 5.4 5.4 5.4 5.4 5.4 5.4 5.4
5.8 5.7 5.8 5.8 5.9 6.1 6.1 6.2 6.2 6.2 6.2 6.3 6.3 6.3 6.3 6.2 6.2 6.2 6.2 6.4 6.4 6.4 6.2 6.3 6.7 6.1 6.1 6.3 6.3 7.6 9.1 8.8 7.4 5.8 5.8 5.9 5.2 5.8 6.1 5.8 6.1 6.3 6.5 6.4 6.3 6.2 6.2 6.1 6.1 6.2 6.2 6.3 6.4 6.4 6.5 6.3 6.1 6.1 6.1 6.1 5.9 5.7 5.6 5.6 5.7 5.7 5.9 5.8 5.7 5.7 5.6 5.6 7.5 5.7 6 6.6 5.1 5.2 5.3 5.4 5.3 5.1 5.3 5.1 5.3 5.4 5.3 5.2 5.1 3.5 5.4 5.4 5.4 5.4 5.4 5.4
5.8 5.7 5.8 5.9 6 6.1 6.2 6.2 6.3 6.3 6.3 6.3 6.4 6.3 6.3 6.3 6.3 6.2 6.3 6.5 6.5 6.3 6.2 6.5 6.8 6.3 6.1 6.3 7.2 9.1 9 8.5 6.9 5.5 5.5 5.5 4.5 5.7 5.7 5.7 6 6.3 6.4 6.3 6.3 6.2 6.2 6.1 6.2 6.3 6.3 6.4 6.5 6.5 6.5 6.2 6 6.2 6.1 5.8 5.8 5.7 5.6 5.6 5.8 6 5.8 5.8 5.7 5.7 5.6 5.6 5.6 9.6 6.6 5.2 5.2 5.3 5.4 5.3 5.1 4.5 5.3 5.1 5.3 5.4 5.4 5.3 5.2 5.1 5 5.4 5.4 5.5 5.7 5.4
5.8 5.8 5.9 6 6.1 6.2 6.2 6.3 6.3 6.3 6.4 6.4 6.4 6.4 6.4 6.3 6.3 6.2 6.4 6.5 6.5 6.3 6.2 6.5 6.9 6.2 6.5 7.2 8.9 9.2 8.1 6.7 6 5.5 5.7 5.9 6 3.9 5.3 5.6 5.9 6.3 6.3 6.3 6.3 6.2 6.2 6.3 6.4 6.4 6.5 6.5 6.6 6.6 6.5 6.5 6.2 6.1 5.8 5.7 5.6 5.6 5.7 5.9 6.1 5.7 5.7 5.7 5.7 5.7 5.6 5.6 5.6 6.6 5.9 5 5.3 5.4 5.4 5.2 5 5.3 5.3 5 5.2 5.3 5.4 5.3 5.2 5.1 5.3 5 5.5 5.8 5.4 4.1
5.8 5.8 5.9 6 6.1 6.2 6.3 6.3 6.4 6.4 6.4 6.5 6.5 6.5 6.4 6.4 6.3 6.3 6.5 6.5 6.5 6.3 6.3 6.4 6.6 6.8 7.1 6.9 7.6 7 6.8 6.4 5.8 5.6 5.8 6.2 6.5 6 4.7 5.6 5.9 6 5.9 6.3 6.3 6.2 6.3 6.4 6.5 6.5 6.6 6.6 6.6 6.6 6.8 6.8 5.6 5.3 5.6 5.6 5.7 5.8 6.1 6.2 5.7 5.7 5.7 5.7 5.7 5.6 5.6 5.6 5.6 6.6 6.8 5.4 5.3 5.3 5.1 5.3 5.3 5.3 5.3 5.3 5.1 5.2 5.3 5.3 5.2 5.4 5.5 5.5 5 4.6 5.2 5.2
5.9 5.9 5.9 6.1 6.2 6.3 6.3 6.4 6.4 6.4 6.5 6.5 6.5 6.5 6.4 6.4 6.3 6.4 6.4 6.4 6.4 6.3 6.4 6.5 7.4 7.7 7.8 6.9 6.7 6.5 6.3 6.1 5.9 5.8 5.6 6 6.4 6.2 3.9 5.4 5.9 5.7 5.6 5.9 6.3 6.4 6.4 6.5 6.6 6.7 6.7 6.6 6.5 6.7 6.9 6.1 6 5.4 5.8 5.9 6 6.2 6.3 6.1 5.8 5.7 5.7 5.7 5.6 5.6 5.6 5.6 6.4 5 5 5 5.4 5.6 5.6 5.6 5.4 5.3 5.4 5.6 5.4 5.1 5.2 5.3 5.3 5.4 5.5 5.4 5.1 5.1 5.1 5.3
6.2 5.9 5.9 6.1 6.2 6.3 6.3 6.4 6.4 6.5 6.6 6.6 6.6 6.5 6.4 6.4 6.3 6.4 6.4 6.4 6.4 6.4 6.5 6.6 7.6 8.4 7.6 6.7 6.5 6.3 6.1 6.1 5.9 5.9 5.8 5.8 6.3 6.3 5.9 5.1 5.4 5.3 5.3 5.6 6.3 6.4 6.6 6.7 6.7 6.8 6.6 6.5 6.3 6.7 6.4 5.6 5.3 5.5 5.8 6.1 6.3 6.3 6.3 6 5.8 5.7 5.6 5.6 5.6 5.6 5.5 5.6 6.3 5.1 5.1 5.1 5.3 5.6 5.9 5.3 5.2 5.2 5.3 5.5 5.6 5.1 5.1 5.3 5.3 5.4 5.4 5.3 5.1 6.2 5.2 5.1
6.4 6.6 6 6.1 6.3 6.3 6.5 6.6 6.7 6.8 6.8 6.5 6.6 6.5 6.4 6.4 6.3 6.4 6.5 6.5 6.7 6.4 6.5 7.6 8.3 8.8 7.5 6.5 6.3 6.2 6.2 6 5.8 5.8 5.8 5.8 6.3 6.5 6.4 3.9 4.8 5 5.3 5.7 6.2 6.4 6.5 6.7 6.5 6.6 6.5 6.3 6.2 4.2 5.6 5.6 5.6 5.8 6.1 6.4 6.3 6.3 6.3 6 5.9 5.8 5.7 5.6 5.6 5.5 5.3 6.3 5 5.1 5.1 5.1 5.3 5.2 5.2 5.2 5.2 5.2 5.2 5.3 5.3 5 5.3 5.3 5.2 5.3 5.3 5.9 5.4 5.4 5.4 5.4
6.3 6.2 6.4 6.3 6.4 6.7 6.8 6.9 7.1 7 6.6 6.6 6.5 6.4 6.4 6.3 6.6 6.7 6.8 7.1 6.8 6.7 7.3 8.3 9.7 9.6 8.2 6.4 6.3 6.4 6.2 5.9 5.8 5.7 5.7 5.9 6.3 6.5 6.4 6.4 4.8 4.9 5.3 5.7 6.1 6.3 6.3 6.3 6.1 6.7 6.3 5.7 5.9 6.6 6.3 6.1 6 6.2 6.4 6.4 6.4 6.3 6.3 6.1 6 5.9 5.8 5.7 5.5 5.3 5.7 6.3 5.1 5.1 5.2 5.2 5.2 5.3 5.3 5.2 5.2 5.2 5.2 5.3 5.3 5.3 5.5 5.4 5.2 5.2 5.5 5.4 5.4 5.4 5.4 5.8
6.5 6.5 6.9 7.2 6.6 6.9 7.2 7.3 7.2 6.8 6.4 6.7 6.3 6.3 6.6 7 7.4 7.6 7.9 7.9 8 8.1 8.6 10 11 11.4 10 7.8 6.5 6.4 6.1 5.9 5.7 5.7 5.7 5.9 6.3 6.4 6.4 6.3 5.1 4.8 5.1 5.4 5.8 6.6 6.8 6.6 6.2 6.3 5.4 6 6.2 6.4 6.4 6.5 6.4 6.5 6.5 6.5 6.4 6.3 6.3 6.2 6.1 6.1 6 5.9 5.5 5.2 6.3 5.3 5.3 5.4 5.3 5.3 5.3 5.4 5.4 5.3 5.3 5.2 5.2 5.2 5.1 5.3 5.2 5.2 6.2 5.4 5.4 5.4 5.4 5.6 5.7 5.8
7.8 7.5 7.7 8.1 7.5 6.7 7 7 6.6 6.9 7.8 7.9 7.9 7.7 8.2 9.5 10.1 9.8 10.3 9.9 9.4 9.7 10.3 11.7 12.1 12.5 11.8 9.3 6.6 6.3 6.1 5.8 5.6 5.6 6.2 6 6.2 6.3 6.4 6.2 5.8 5.6 4.6 5 5.3 5.7 5.7 5.2 5.1 4.7 6.4 6.5 6.5 6.4 6.3 6.4 6.5 6.6 6.5 6.4 6.3 6.3 6.1 6.1 6.2 6.2 6.1 6 5.9 5.3 6.4 5.4 5.4 5.4 5.3 5.3 5.3 5.4 5.5 5.6 5.6 5.7 5.8 6.5 5 5.1 5.1 5.4 5.4 5.4 5.4 5.5 5.5 5.6 5.7 5.9
13.1 12.3 12 11.5 11.3 10.9 10.2 9.3 11.5 11.5 12.2 12.8 11 10.6 10.9 12.1 12.7 12.8 12.6 12.2 11.8 11.8 12.1 12.7 13.1 13.4 12.9 10.4 7.1 6.5 6 5.7 5.6 6 6.2 6 6.1 6.3 6.4 6 5.6 5.3 5.4 5.6 4.8 5.7 5.2 4.9 4.7 4.7 5.1 6.1 6.6 6.6 6.5 6 6.1 6.3 6.5 6.4 6.3 6.2 6 5.9 6 6 6 6 6 6.6 5.1 5.4 5.4 5.4 5.3 5.3 5.3 5.4 5.4 5.4 5.4 5.5 5.6 5.4 8.6 6.1 5.5 5.5 5.4 5.5 5.5 5.6 5.6 5.7 5.8 5.9
15.6 17.5 18 17.1 16.1 15.8 14.7 11.2 15.6 16.7 17.2 16.3 16.4 15.6 14.2 13.6 13.9 14 14.6 14.3 14 13.7 13.4 13.6 13.9 14.1 13.9 11.5 8.6 6.4 6.4 5.9 5.7 5.7 5.8 6 6.1 6.2 6.2 5.8 5.6 5.8 5.9 5 4 5.8 5.4 5 4.6 4.8 4.9 5 6.2 6.7 6.8 6.4 5.8 6 6.2 6.3 6.2 6 5.8 5.8 5.8 5.8 5.8 5.9 5.3 6.8 5.1 5.4 5.4 5.4 5.3 5.3 5.3 5.5 5.5 5.3 5.2 5.3 5.3 5.4 5.4 5.5 5.6 5.6 5.5 5.5 5.6 5.6 5.7 5.8 5.8 5.8
13.5 17.8 22.3 23.8 22.8 21.4 19.7 18.4 19.2 20 20.4 20.3 19.6 18.7 17.5 16.2 15.2 15 15 15.2 15.3 15 15.1 14.9 15 15.4 15.6 13.6 10.8 8.2 6.6 6.4 5.7 5.8 5.9 6 6 6 5.9 5.8 5.8 6.2 6.3 6.3 4.5 5.4 6.1 3.9 4.5 4.6 4.7 4.7 5.1 6.4 6.6 6.7 5.7 5.9 6.1 6.2 6.1 5.9 5.7 5.6 5.6 5.6 5.6 5.5 7.7 5.7 5.2 5.4 5.4 5.3 5.3 5.2 5.3 5.5 5.5 5.3 5.1 5.1 5.8 5.4 5.4 5.6 5.6 5.5 5.6 5.6 5.6 5.7 5.7 5.8 5.9 5.8
17 17.8 18.1 23.8 25.5 24.4 21.4 19.3 17.2 19 19 19.1 19.2 18.4 18.4 18 17.5 15.8 14.8 13.8 15.2 15.9 15 15.6 16.2 16.6 16.9 15.9 13.8 10.3 7.2 6.3 5.8 5.8 5.9 6 5.9 5.8 5.7 5.6 5.9 6.3 6.2 6 3.4 5.5 6.3 6 5.2 4.7 4.7 4.8 4.9 6.7 6.6 6.3 6.1 6 6 6 6.1 5.9 5.7 5.4 5.4 5.4 5.3 5.3 7.9 5.1 5.2 5.4 5.3 5.3 5.2 5.2 5.3 5.5 5.4 5.2 5.9 5.1 5.3 5.5 5.6 5.6 5.6 5.6 5.7 5.7 5.7 5.7 5.8 5.8 5.9 5.7
20.1 22 22 23.1 23.8 23.6 20.3 17.1 14.2 13.9 13.3 13.4 13.1 14.6 16.6 17.4 16.3 17.5 15.9 12.3 11.8 12.7 14 15.9 17.2 17.4 17.9 20.5 16.3 12.2 8.8 6.7 6.1 5.9 6 6 5.8 5.7 5.6 5.7 6.2 6.2 6.1 5.3 5 3 5.7 5.7 5.6 4.7 4.8 4.9 5 6.7 6.5 6.3 6.2 5.8 5.9 5.9 5.9 6 5.9 5.8 5.5 5.4 5.4 7.1 8.5 5.1 5.2 5.3 5.3 5.2 5.2 5.1 5.3 5.3 5.1 5 5.7 5.7 5.6 5.5 5.5 5.6 5.6 5.7 5.8 5.8 5.8 5.8 5.8 5.9 5.8 5.7
24.4 25.6 26.3 26.7 25.1 21.6 18.9 16.4 14.2 12.3 10.3 8.9 8 8 7.3 8.8 11.5 14.5 13.1 10 9.3 9.2 10 10.9 14.2 15.2 16.3 17 15.4 12.4 10.3 6.9 6.5 6 6.1 5.9 5.7 5.6 5.7 5.9 6 6 5.9 5.7 5.5 5.3 4.8 5.6 5.8 5.7 4.7 4.8 6.2 6.8 6.8 6.6 6.3 5.7 5.8 5.8 5.9 5.9 6.1 6.1 5.9 5.7 5.4 9.7 5.7 5.3 5.2 5.2 5.2 5.1 5.1 5.1 5 5.9 5 5.4 5.7 5.6 5.5 5.5 5.5 5.6 5.6 5.7 5.8 5.9 5.9 5.9 5.9 5.9 5.7 5.5
28.7 31.1 32 32 29.4 25.2 21.1 19 16.5 14 11 8.6 7.5 7 6.7 6.5 6.4 7.2 7.7 7.3 6.9 6.7 6.5 6.3 6.3 8 10.6 11.5 11.8 10.5 7.2 6.6 6.5 6.3 6.1 5.9 5.7 5.6 5.7 5.8 6 6.1 6.1 6.1 6 5.9 4.1 6.5 6.2 6 5.7 4.9 5.3 6.7 6.8 6.8 6.5 5.7 5.8 5.8 5.9 5.9 6.1 6.1 5.8 5.6 5.4 10.4 5.3 5.3 5.2 5.2 5.2 5.1 5.1 5 5.5 5.2 5.1 5.2 5.7 5.6 5.5 5.5 5.5 5.5 5.6 5.8 5.8 5.9 5.9 5.9 5.9 5.7 5.5 5.3
33.8 35.4 37.1 37.2 35.1 30.4 27 21.3 19.5 17 13.9 10.3 8.3 7.5 7 6.2 6.6 6.4 6.4 6.7 6.5 6.4 6.5 6.4 6.4 6.3 6.3 7.3 6.6 6.3 6.2 6 6 6.1 6.1 6.1 5.9 5.8 5.9 6.1 6.2 6.2 6.2 6.2 6.2 5.2 3.9 6.5 6.3 6.1 6 5.4 5 5.5 6.2 6.5 6.8 6.1 5.8 5.8 5.9 5.9 6 6 5.8 5.5 10.4 10.6 5.3 5.3 5.2 5.2 5.1 5.1 5.9 5.4 5.6 5.5 5.2 5.1 5.5 5.5 5.5 5.5 5.5 5.5 5.6 5.6 5.7 5.9 6 6 5.8 5.5 5.2 5.3
50.8 57.3 64.3 63.5 54 38.3 32.5 30.7 23.1 20 16.6 12.9 9.9 8.5 7.6 6.5 6.5 6.2 6.1 6.4 6.3 6.5 6.6 6.5 6.4 6.3 6.1 6.1 6.1 5.9 5.8 5.7 5.9 6.1 6 6 6.3 6.1 6.2 6.3 6.3 6.3 6.4 6.4 6.4 5 4 6.1 6.3 6.1 5.9 5.8 4.5 6.2 6.1 6.4 6.7 6.2 5.8 5.9 6 6 6 5.9 5.7 5.4 11.3 6.9 5.3 5.3 5.2 5.1 5.8 5.5 5.5 5.4 5.6 5.5 5.5 5.3 5.3 5.5 5.4 5.4 5.5 5.5 5.6 5.6 5.7 5.8 6 5.9 5.6 5.3 5.3 5.6
75.4 76.8 77.7 78.2 67.2 57.2 40 35.7 29 26.2 20.2 16.6 13.6 9 7.8 6.5 6.6 6.4 6.1 6.1 6.1 6.5 6.6 6.5 6.4 6.3 6.2 6 5.9 5.8 5.8 5.8 5.9 6.1 5.9 5.7 5.8 6.1 6.4 6.4 6.4 6.3 6.2 5.7 5 4.8 5.6 5.4 5.9 6 5.8 5.5 5.7 5.8 5.9 6.2 6.1 5.9 5.9 6.1 6.1 6.1 6 5.9 5.6 6.4 11.8 5.3 5.3 5.2 5.2 5.6 5.5 5.5 5.5 5.5 5.5 5.6 5.5 5.5 5.3 5.4 5.4 5.4 5.5 5.5 5.6 5.6 5.6 5.7 5.9 5.9 5.8 5.8 5.7 5.6
81.5 81.5 81 80.7 79.8 35.8 45.1 38.5 36.4 30.5 26.4 22.3 20.5 15.3 8.7 7.9 7.1 6.3 6.1 6.1 6.2 6.5 6.5 6.5 6.4 6.3 6.2 6 5.9 5.9 5.8 5.8 5.9 6.1 5.8 5.5 5.6 5.7 5.8 6.2 6.1 5.6 5.3 5.2 5.1 5.1 5.8 5.7 5.7 5.7 5.7 5.3 5.4 5.6 5.7 5.8 6 6.2 5.8 6.2 6.2 6.1 6 5.8 5.5 11.4 12.3 5.3 5.2 5.8 5.5 5.5 5.5 5.5 5.5 5.5 5.5 5.6 5.5 5.5 5.4 5.3 5.4 5.4 5.5 5.5 5.6 5.6 5 5.6 6 5.9 5.8 5.7 5.6 5.6
