UK/data/nz/nz03_OST50GRID_20230518/NZ03.asc
ncols 200
nrows 200
xllcorner 400000
yllcorner 530000
cellsize 50
[rows 105 to 139 of 200, columns 78 to 155 of 200]
318.6 323.3 326.4 327.9 330.3 333.8 333.3 332.7 332.7 333.4 333.5 332.3 329.1 325 333 340.7 344.5 343.2 342.1 343.4 340.4 329.8 331.6 340.9 342.3 341.1 338.9 337.6 336.3 334.6 333.1 332.8 331.4 329.2 328.2 327.4 326.7 326.4 326 325.2 324.9 324.6 324.3 322.9 320 316.7 314.1 311.6 309.2 306.5 304.8 304.4 306.1 310.7 314.6 313.4 310.2 305.3 300.4 298.4 295.6 290.6 284.4 279.3 276.2 274.3 272.7 271.6 269.7 266.8 264.4 261.8 258.5 255.5 252.4 248.8 245.3 243.5
321.6 326.4 330.1 331.8 334.6 337 337.9 341 344.5 345.7 344.7 341.4 332.8 337.1 345.8 350.8 350.2 347.8 345.5 346 343.9 339.3 336.7 342.4 343.6 343 340.8 338.9 337 334.9 333.2 331.8 330.4 328.8 327.9 326.9 326.3 326.1 326.3 326.3 325.9 325.6 324 321 317.9 314.1 310.2 306.6 303.8 300.7 299.5 295.9 294.7 294.8 295.9 297.6 296.5 293.7 289.5 287.1 285.6 283 277.9 273.6 270.9 268.8 267.6 267.2 266.2 263.9 261.3 258.7 254.8 251.8 249 245.8 242.7 240.3
325.2 329.3 333.4 336 338.1 340.8 346.2 354.4 356.8 354.4 352.4 347.8 339.2 344.8 352.2 355.5 354.2 351 348.5 347.2 346.8 344.9 342.5 343.5 345.4 344.7 342.9 340.9 338.6 336 333.5 331.7 330.3 328 326.7 326.3 325.8 325.4 325.4 325.4 325.6 325 321.9 318.4 314 308.5 302.5 298.3 296.1 293.9 292 284.4 285 285.5 286.6 287.5 286.2 283.4 280.7 278.2 275.9 274.2 271.2 267.9 265.6 264.2 263 262.2 261.5 260.3 258.2 255.5 252.1 248.8 245.6 242.7 240 237.6
329.3 332.8 336.4 339.8 343.2 348.8 355.4 361 359.5 357.8 355.5 353 347.5 349.8 356.2 357.4 356 353.9 351.1 349.8 348.9 347.7 346.1 346.4 347.1 346.8 345.1 342.9 340.6 337.7 334.6 331.9 329.8 327.1 325.1 324 324 324.4 324 323.9 322.9 320.9 317.2 311.3 304.4 298.3 294.1 290.5 287.6 286.1 284.3 279.5 277.4 278 278.4 278 276.7 275.4 273 270.3 268.5 266.9 264.6 263.1 261.5 259.8 258.6 257.7 256.8 255.8 254.3 252.5 249.5 246.2 242.9 239.5 237 234.6
334.1 337.4 341.9 346.3 351.9 359 364.8 363.8 361.5 359.6 357 352.4 351 354.4 358.4 358.2 357.3 355.6 354.4 352.7 350.9 349.7 348.8 348.4 348.8 348.9 347 344.8 342.3 339.4 336.4 332.6 329.1 326.4 323.9 321.5 320.3 322.2 321.9 319.3 316.2 309.4 302.8 298.5 294.4 291.1 288.1 284.7 281.4 279.5 278.1 274.9 269.7 271.5 272.1 271.1 270.2 268.5 266.6 263.6 262.4 260.5 259.1 258 257.4 255.4 253.8 254 253 251.6 249.8 248.2 246.2 243.1 239.8 236.5 233.9 231.9
340.6 346.2 353.1 357.3 360.5 365.7 369.1 366.7 363.5 361.2 358.7 357.2 357.1 359.3 360.2 359.5 358 356.8 356 354.5 353.4 352.3 351.4 350.8 350.2 349.4 348 346 344 341.2 338.3 334.5 328.2 323.4 321.3 319.7 312.7 315 316.2 311.6 304.8 298.4 294.8 291.6 288.6 285.5 282.8 280.4 277.6 274.9 272.8 270.2 265.4 266.8 267.2 265.8 265.1 264 262.3 258.5 255.9 254.5 253.6 252.7 251.7 249.9 249.1 250 248.9 246.7 245 243.1 241.2 238.4 235.7 232.6 230 228.2
355.9 361.7 364.4 366.3 367.4 370.5 370.4 367.8 365.1 363.3 361.8 361.4 360.9 361.5 361.1 360.8 360 360.8 359 357.4 356.2 355.1 354 352.7 351.7 350.6 349.1 346.9 344.8 342.7 340.1 336.5 332.1 327.3 322.2 315.4 308.9 303.4 301.3 299.2 296.9 294.1 289.6 285.8 283.2 280.9 279.2 276.6 274.3 271.9 269.5 266.6 262.2 261.9 262.8 261.7 260.4 259.2 257.8 254.6 251.3 248.7 247.3 246.3 245.7 244.7 245.3 245.9 244.1 241.3 238.9 236.9 234.6 232.3 230.2 228 225.2 223.1
370.3 372.1 373.5 374.4 374.5 373.9 371.9 368.8 366.3 365 364 363.7 363.2 362.6 362.3 362.2 363.7 366 362.9 360.3 358.8 357.3 356.1 355 353.6 352.1 350.7 349.3 347.4 345.1 342.8 339.6 335.9 332.4 328 322 314.8 308.7 302.7 297.2 289.5 285.5 282.7 279.6 277.2 275.9 275.5 273.9 271.8 269 264.9 262.5 258.8 256.8 257.6 257.2 256.4 255.2 254 251.3 248.3 244 240.5 238 237.1 236.3 238.6 239.2 237.8 236.3 234.3 232.3 229.7 226.7 225.2 223 220.5 218.1
378.1 378.3 378.4 378.8 377.6 374.9 372.9 370 367.6 366.4 365.7 365.2 364.7 364.3 364.3 364.3 365.3 365.8 364.4 362.1 360.4 358.9 358 357.7 355.9 353.9 352 350 348.4 346.8 344.8 342.3 338.8 335.4 331.5 325.9 319.1 313.7 309.2 302.6 298.1 291.1 286.5 282.3 278.1 274.7 270.5 269.3 268.9 266.3 262.7 259.2 256 254.2 252.6 252 251.3 251 250.2 248.2 245.1 240.7 239.9 239.5 238.6 234.4 231.6 230.2 229.5 232.5 232.5 230.9 228.3 223.8 219.6 217 214.7 213.2
382.2 380.8 380.4 380.5 378.4 375.5 373.2 370.8 368.8 367.8 367.3 367 366.8 367.8 369 367.4 366.3 365.9 364.3 362.9 361.3 359.9 359.2 358.2 357 355.2 353.2 351.3 349.6 347.9 345.4 343.4 340.9 337.7 335.7 333 327.8 318 310.9 307.8 303.9 294.5 289.8 285.6 280.2 276.2 273.6 269.6 266 263 260.6 259.2 258.7 256.9 254.7 251.4 249.3 247.6 246.1 244.7 244.2 244.8 244.3 244 242.3 239.8 237.5 234 230 226 224.5 222.6 221.9 219.7 218.1 217.7 216.4 216.7
384.3 383.6 381.7 380.6 378.4 375.9 373.8 371.6 370.1 369.1 369 369.1 369.3 368.8 369 368.2 367.1 366 364.6 363.3 361.9 360.9 359.8 358.9 357.6 355.9 354.3 352.7 350.9 349 346.9 344.5 342.4 340.3 338.1 335.5 331.9 325.5 318.2 313.1 305.7 300 292.7 287.2 284.9 281.7 278.6 275.2 271.8 268.7 266.2 264.3 262.4 260.1 256.6 255.3 253.9 252.2 249.8 249.8 249.9 249.2 248.5 248.6 249.1 247.4 243.3 239.4 236 232 228.6 228.7 228.5 227.6 226.8 225.2 221.6 224.6
385.2 384.6 383.2 380.7 378.6 376.5 374.4 372.5 371 370.1 370 370.2 370 369.5 368.9 368.4 368.2 367.1 365.8 364.3 363.1 361.8 360.6 359.4 358 356.6 355.1 353.7 352.3 350.5 348.5 346.2 344 341.8 339.6 337.2 333.8 330.4 325.2 316.1 308.9 301.5 297.3 296.3 291.5 287.1 283.7 280.8 277.2 274.3 271.4 268.3 266.3 263.3 261.2 259.5 257.9 256.4 255 255.3 254.9 253.7 253.1 252.6 252.4 251.5 249 245.9 243.1 237.5 237.7 237.9 236.9 237.5 237.5 235 231.9 232.5
385.1 384.3 383.2 381.4 379.1 377 374.8 373.5 371.9 371.3 371 371 370.7 370.2 369.7 369.1 368.6 368.1 367.2 366 364.8 363.5 362 360.2 358.7 357.5 356.1 354.7 353.6 352 350 347.7 345.4 343.3 341 338.6 335.7 332.1 327.7 320.2 311 309.9 308.7 304 297.5 293.6 290 285.8 281.4 278.7 276.7 273.4 270.1 267.4 265.5 263.5 262.1 263 264.5 262.2 260.1 258.5 256.8 255.4 253 251.8 250.6 248.7 245 243.1 244.8 244.2 244.5 243.5 241.3 238.1 236.5 235
384.4 384 382.9 381.3 379.5 377.4 375.2 373.9 373 372.4 372 371.6 371.2 371.1 370.6 369.7 369.1 368.5 367.7 366.9 366 365.1 363 361 359.4 358.2 357.1 355.8 354.9 353.1 351 348.7 346.5 344.3 341.9 339.5 336.7 333.3 329.6 324.4 319.6 319.6 317.2 313.7 308.7 302 296.1 290.9 286.4 283.7 282.3 279.5 275.9 274.7 274.2 273 272.9 273 272.1 268.9 266.7 264.4 261.2 258 255.7 253.8 251.7 250.4 249 249.5 248.7 248.5 246.8 243.7 242.7 242.1 241.6 241.5
383.6 383.6 383 381.6 379.7 377.5 375.3 374.4 373.5 372.9 372.1 371.7 371.9 372 371 370.3 369.7 368.8 367.4 366.5 365.5 364.5 362.9 361.2 359.7 358.3 356.8 355.5 354.5 353 351.3 349.4 347.1 344.8 342.4 340.1 337.2 333.9 331 327.5 326.5 324.8 322.4 319.4 316 311 303.4 296.6 292.6 291.3 289.5 285.9 283.4 282.2 281.1 280.1 279 277.4 275.2 272.7 271.2 268.3 264.6 260.5 258 255.9 253.9 252.5 251.5 249.8 247.7 246 246.4 249.1 249.2 247.5 247.4 246.4
383.8 383.5 382.7 381.8 380 377.8 375.7 374.8 374 373.2 372.4 371.9 372.5 372.3 371.4 370.8 370.1 368.9 367.3 366 365 363.9 362.3 360.9 359.4 357.9 356.5 355.2 354 352.8 351.8 350.1 347.8 345.7 343.4 340.6 338.1 335.5 332.7 331 329.1 327.5 325.7 323.3 320.3 316.3 311.2 303.7 298.4 298.6 294.7 290.9 288.8 286.8 285.3 283.5 282 279.9 277.7 275.6 273.8 270.4 266.7 263.4 261 259 257.1 254.2 252.3 249.3 249.2 252.2 253.1 253.1 251.9 250 249.1 248.4
384 383.4 382.4 381.5 380.4 378.1 376.2 374.9 373.5 372.5 371.6 371.6 372.2 371.9 371.4 371.1 370.3 368.7 366.8 365.3 364.2 362.9 361.8 360.6 359.1 357.7 356.3 355.2 354.1 353 352.2 350.5 349.1 347.5 345.8 343.1 340.2 337.6 335.1 332.5 330.7 329.2 327.5 325.2 322.9 319.4 315.4 310.3 306.1 303.8 299.9 295.9 293 290.8 288.3 286.1 284.4 282.4 280.4 278.5 276.7 273 270.2 267.4 265.1 263.6 261.5 258.7 255.9 252.6 254.7 255.7 256.4 255.4 253.9 252 250.1 248.9
384.2 383.3 382.1 380.7 379.6 378.5 376.4 374.5 373.1 371.8 371.2 371 371.7 371.7 371.4 370.9 369.8 368 366.3 364.8 363.6 362.3 361.1 359.9 358.7 357.5 356.2 355.5 354.5 353.4 352.5 351.6 350.5 349.1 347.6 345.3 342.7 340.2 337.7 334.8 332 330.5 328.5 326.4 324.2 321.9 319 315.8 311.8 308.5 305.7 301.5 297.3 294 291.3 288.6 286.9 284.9 282.9 280.7 278.4 275.4 273.4 271.2 269.5 268.2 265.9 263.2 259.8 257.9 259.2 260 259.8 259.7 259.3 258.4 257 252.6
383.7 382.8 381.3 380.2 378.7 377.6 375.3 373.8 372.4 371.1 370 370.1 370.7 370.8 370.3 370.2 369.2 367.3 365.7 364.2 363 362.1 360.7 359.6 358.6 357.5 356.6 355.8 354.8 354 353.5 352.6 351.6 350.4 349 347.5 345.8 343 340 337.1 333.8 331.5 329.3 327 325 323.1 320.9 318.3 316 313.2 310.3 306.3 302.8 299 296.2 293.1 289.8 286.8 284.1 281.8 279 276.8 274.8 273.3 273.4 272.2 269.8 266.7 263.2 264.7 265.4 266.5 266.2 265.2 264.5 263 261 258
383.1 381.7 380.3 379.1 377.9 376.7 375.2 374 372.6 370.5 369.2 368.8 369.5 369.4 368.9 368.3 368 366.3 364.7 363.3 361.8 361 360.2 359.2 358.3 357.5 357.2 356.8 356.2 355.4 354.7 353.9 353 352.2 350.9 349.7 348.7 346.7 343.9 340.4 337.5 333.7 330.5 327.9 326.1 324.2 322 319.6 318 316.2 313.7 310.2 306.8 303.8 301.1 297.7 293.9 289.4 285.3 282.2 279.6 277.6 275.8 275.3 272.4 271.9 268.1 266.3 270.5 271.1 271.5 271.9 271.5 272 271.6 268.9 266.5 263.5
382.3 380.7 379.2 378.1 377.2 375.9 375.2 374.7 372.7 370.4 368.4 367.8 368.1 368.1 367.6 366.7 365.6 364.3 362.9 361.1 360.2 359.8 359 358.5 357.6 357.3 357.3 357.4 357.6 357.5 357.4 356.9 356.4 355.4 353.9 352.6 352.4 350.4 347.2 345 341.6 337.6 333.9 330.2 327.5 325.4 323.2 321.6 319.9 318 315.8 313.2 310.4 308 305 301.5 297 292.1 286.8 282.7 280.3 278.8 277.8 278 278.6 278 277 278.7 278.8 278.3 278.3 278.5 278.1 277.6 277.3 276.8 274 270.7
381.2 380.1 378.6 377.6 376.3 375.1 374.4 372.9 371.2 369.6 367.4 365.9 366.1 366.5 366.1 364.8 363.2 361.8 360.4 359.2 358.6 358.4 357.8 357.5 356.8 356.7 357 357.3 357.6 358.8 359.6 359.8 358.9 358.5 357.2 356 355.2 353.1 351.8 349.5 346.3 342.3 338 334.3 330.9 327.8 325.2 323 320.9 318.7 316.4 314.1 311.8 308.8 305.2 301.3 297.5 292.9 287.5 284 281.5 281.2 281.5 282.2 283.1 284 284.3 284.6 284.2 284 283.4 283.4 283.3 281.9 281.8 281.6 280.3 277.1
379.7 379.2 377.9 376.6 375.4 374.1 372.5 370.8 369 367.4 365.8 363 362.8 363.5 363.1 361.9 360.4 359.3 358 357.4 357 356.8 356.6 356.4 356.1 356.6 357.1 357.2 357.9 358.9 360.8 362.8 361.8 361.4 360.5 358.7 356.8 356 354.8 352.4 349.7 346.6 342.4 338.4 334.7 331 328 324.6 321.9 319.5 317.2 314.7 311.9 308.3 304.8 300.5 296.2 292.2 289.2 286.1 285 285.5 286.1 288.7 290 290.2 289.5 288.3 288 287.4 286.4 286 285.6 284.3 282.7 281.5 280.7 279.4
377.6 376.9 376.4 375.4 374.6 373.3 371.3 369.1 366.5 365 363.5 361.4 356.9 359.4 358.9 357.6 356.9 355.9 355.4 355 354.5 354.6 354.4 353.1 353.8 356.4 355.3 356.9 357.8 358.8 361 362.6 363.2 363 362.5 361.4 359.8 358.1 356.2 354.3 351.9 349 345.7 342.2 338.2 334.2 331.2 327.9 324.3 320.8 317.7 314.9 312 308.6 304.9 301.2 297 294.2 292 289.9 289.4 289.9 291.7 294.3 294.7 294.3 293.4 292 291 290.1 289.1 288.2 287.3 285.5 283.4 281.3 279.8 279.4
375.9 374.3 373.7 373 372.3 371.4 369.6 367.4 364.2 361.7 360.1 358.1 354.4 354.6 354.6 353.2 352.8 352.2 352.4 352.5 352 351.6 350.7 349.3 350.5 353.5 355.4 356 356.9 357.9 359.5 361.3 362.6 363.3 363.4 363 361.9 360.6 358.3 356 353.5 351 347.9 344.4 340.5 337.1 333.9 330.5 327.5 323.2 319.2 315.5 311.8 307.8 303.7 301.2 300.2 298 296.1 294.7 294.8 295.8 297.5 298.1 298.3 297.7 296.9 295.5 294.1 292.8 291.3 289.8 288.8 286.9 285.4 283.3 281.2 279.5
373.6 372.1 369.7 370.1 369.6 369 367.4 365.5 362.3 359.3 356.3 354.2 351.2 349.5 349.5 348.8 348.6 348.3 348 348.4 347.6 347.4 347.1 346.4 346.8 348.9 351.1 353.1 354.8 355.8 357.8 359.7 361.6 363 364 364.3 365.2 365.4 362.6 358.7 355.8 352.9 349.9 346.4 343 339.7 336.3 333.1 330.1 326.7 322.7 318 314 310.1 307 304.8 303.7 302.5 302.9 302.6 301.6 301.6 302 302.3 302.2 301.2 300.4 299 297.6 296.2 294.6 292.9 291 289.9 290.3 289.5 284.7 281.7
366.7 366.8 357.9 365.1 364.8 365.1 363.8 362 359.6 356.4 353.2 350.2 347.5 345.5 345.2 344.4 344.3 344.1 343.9 344.5 344.2 344.2 344.1 343.4 343.9 345.6 346.9 348.8 351.2 353.3 355.7 357.9 360.8 363.9 364.9 366.9 367.9 367.4 365.1 361.4 357.7 354.7 351.8 348.5 345.1 341.8 338.4 335.3 332.5 329.5 326.5 323.1 317.8 314.7 312.2 309.8 308.8 309.6 310.1 309.7 309.2 308.4 307.8 307.6 306.8 305.3 304 303.3 302.3 301.2 298.8 296.6 294.5 293 292.4 290 286.3 283.2
352.7 356.3 350.1 351.5 354 357.9 357.5 357.3 355.3 353.5 350.4 347.4 344.5 341.9 340.2 340.1 340.1 339.9 339.9 340.5 340.7 340.9 340.5 340.3 340.9 342.3 343.7 345.4 347.4 349.9 353.3 357.4 361 364.8 366.1 367.7 368.7 367.8 366.2 364 361.3 357.3 354 350.9 347.5 344 340.6 337.2 334.8 332.1 329.3 325.9 322.5 320.9 317.2 316.5 316.3 315.9 316.1 315.9 315.2 314.6 314.2 313.9 313.2 311.7 310.4 309.7 308.8 306.9 303.9 300.3 298.1 296.1 294.5 291.8 288 285
342.4 343.8 343.6 339.3 342.1 343.4 345.4 347.7 348.6 349.1 347.3 344.9 342.1 338.6 336.1 336 335.9 335.9 336 336.6 336.9 337.7 337.6 337.6 338.2 339.8 340.7 342.5 345.4 349.2 354.6 358 361.4 365.3 368.3 369.8 370.3 368.9 367.4 366.4 364.9 360.7 356.5 353.2 350.1 346.3 343 339.9 337.3 334.7 332 329 327.2 325.7 323.1 323.1 322.3 321.9 321.9 321.4 320.8 319.9 319.1 318.6 318.1 316.1 314.5 312.4 310.4 308.3 306 303 300 297.7 296.1 293.2 289.6 286.1
336.6 338.1 337.5 336.1 338.9 338.6 338.4 340.7 343.1 344.7 344.4 342.3 339.8 336.5 332.4 332 331.7 332.2 332.4 332.7 333.5 334.3 334.7 334.7 336.1 337.7 338.9 341 345.6 351.6 355.4 359.1 362 365.7 368.2 370.7 372.5 369.9 367.7 367 365.1 361.5 358.8 355.5 352 348 345.3 342.5 339.9 337.3 334.8 333 331.4 330.3 329.1 328.6 327.8 327.3 326.8 326.2 325.3 323.9 322.6 321.5 320.1 318.4 315.9 313.3 311 309 306.5 303.5 300.4 297.7 295.7 293.4 289.8 286.3
330.2 331.9 332.4 331 333.9 334.7 334.4 335.4 338.6 341 341.1 339.9 338.2 335.7 330.8 327.4 328.4 329 328.7 328.8 329.8 330.9 331.8 332.1 334.2 336.4 338.7 341.7 348.4 353.2 356.9 360.1 361.9 364 365.6 369 369.5 368.2 366.8 365.8 364.2 361.8 359.2 356.6 353.1 349.8 347.2 344.8 342.3 339.9 337.7 336.4 335.3 334.5 334 333.3 332.7 332.1 331.1 330.1 328.5 326.4 324.5 322.9 321.1 319.5 317.2 314.6 311.9 309.4 307.2 304.4 301.3 297.7 295.6 293.2 289.5 286.7
316.8 318.4 326 324.2 329 330.1 330.7 331.4 336.3 338.6 338.6 337.6 336.5 334.8 331.5 323.9 323.7 325.4 325.2 324.3 325.6 327.6 327.6 331.8 334.9 337.3 340 345.3 352.3 354.6 357.9 360 360.7 361.9 363.2 364.8 366.4 366.7 365 363.8 362.5 361.6 359.3 356.7 353.3 350.6 348.1 345.8 344.2 342.2 341 340 339.2 337.5 338.6 338.2 337.4 336.2 335 333.6 331.1 328.8 326.5 324.6 322.6 320.4 318.2 315.7 313.1 310.3 307.6 305.7 301.5 298.1 295.5 292.3 289.1 287
329.8 321.6 312.6 314.2 323.1 324.8 326.2 327.3 334.3 336.3 336 335.5 334.9 334 331.8 329.2 323.7 316.6 319.5 317.4 318.9 323.5 329.3 333.2 336.3 339 342 348.4 354 355 356.9 359.1 360 360.2 360.7 361.6 362.3 362.8 363.6 362.7 360.5 358.9 358 355.9 353.5 351 348.5 346.8 345.3 344.7 343.6 342.5 341.2 341.4 342.3 341.8 340.9 340 338.9 337 333.9 331.4 329.1 326.8 324.3 321.8 319.3 316.8 313.9 311.3 308.4 306.6 303 299.2 295.4 292.2 289.1 285.7
334.2 330 324.7 315.3 311.2 316.1 318.7 324.2 330.7 333.6 334.4 333.9 333.5 333 332.1 330.3 327.8 322.4 308.6 314.2 321.9 326.7 330.4 334.3 337.4 340.5 343.7 350.1 353.4 354.3 355.4 356.9 357.8 358 358.3 357.9 358.2 360.3 361.1 360.3 357.8 356.5 356.1 355.1 353.2 351.3 349.4 348 347 346.4 345.4 344.1 342.4 343.8 344.4 344.4 343.5 341.7 339.7 337.9 335.9 333.8 331.3 328.3 325.6 323.2 320.5 317.6 314.4 311.4 309.2 307.1 304.6 299.5 295.4 292.6 288.8 284.6
337.1 332.8 328.8 323 312.7 303.1 309 319.2 325.6 330.9 332.1 332.4 331.8 331.4 331.3 330.4 328.1 323.4 309.7 314.7 323.7 328.3 332 335.3 338.3 341.7 345.9 349.9 351.5 352.1 352.8 353.7 354.4 355.2 355 354.7 354.2 355.7 357.5 356.7 355.5 354.4 354.6 354.7 352.8 351.4 350.2 349.1 348.2 347.4 346.5 344.9 344.6 344.8 344.9 344.6 343.2 341.5 339.5 337.7 335.8 333.7 331.6 329.1 326.7 324.2 321.6 318.3 315.2 311.9 308.9 306 303.3 299.1 295.6 292.2 287.1 282.9
