UK/data/nj/nj10_OST50GRID_20230518/NJ10.asc
ncols 200
nrows 200
xllcorner 310000
yllcorner 800000
cellsize 50
[rows 35 to 69 of 200, columns 0 to 77 of 200]
716 719.3 720 720.6 720.7 720.2 718.9 717 716.1 716.1 716.6 720.4 723.6 728.2 731 732.7 733.4 734 733.3 733.7 732 730.7 729.1 726.2 722.6 718.2 714.2 711.3 707.8 703.5 701.8 698.7 695.5 693.3 690.7 690.2 688.1 687.9 685.2 684.4 681.6 681.8 681.7 681.7 682 680.5 678.6 676.3 674.3 672 667.9 664.4 662.8 661.2 657.5 661.2 665.6 670 672.9 673.8 673.5 672.3 670.6 669.9 670.1 670.1 669.6 668.1 654.5 657.5 662.6 663.7 664.3 665 664.7 663.7 662.3 661.5
708.4 711.9 713 714.3 716 716.3 715.3 714.8 713.6 714.2 716.1 719.2 723.5 728.5 731.3 733.9 734.9 735.5 734.7 733.8 730 727.6 725.5 722 718.6 715.4 711 707.3 703.4 699.8 697.2 694.2 691.2 691.1 689.4 688.1 686.5 684.4 683.7 680.5 678.1 674.9 671.7 673.2 674.9 675.3 674.7 673.1 671.3 669.6 666.1 661.6 661.8 660.5 658.3 656.4 659.9 664.2 667.9 669.4 668.9 667.3 666 665 664.8 665.1 664.7 659.8 660.7 668.7 669.8 670.4 671 671.9 672.1 672.1 672.2 671.7
702.1 707 708.2 709.3 710.7 711.2 711.4 711.4 711.9 713.1 715.1 718.3 723.2 728.3 731.4 734.1 735.7 735.7 733.9 731.7 730.5 727.8 723.3 720.5 717.4 712.7 708.4 704.2 699.2 697.2 694.1 691.6 689.7 689.5 687.8 685.9 683.4 682.6 681.2 678.1 680.4 677 677.7 674.7 668.9 665.5 664.3 666.3 667.2 666.7 664.8 661.7 659.1 657.5 655.8 651.4 654.5 658.2 661.6 663.7 663.6 662.2 660.6 660.7 661.9 661.1 659 666.2 670.3 673 674.8 675.5 676.8 677.5 677.9 678.3 678.3 678.4
697.4 700.5 702.6 703.9 704.8 706.5 708.5 709.2 711.5 712 715.1 717.8 722.3 727.6 730.8 733.1 735 735.1 733.2 731.9 730.4 728.2 723 718 715.6 711.1 706.7 700.8 698 695.9 691.4 690 687.6 687.2 685.4 684.3 683.7 684 683.1 682.8 682.5 681.8 680.5 677.5 675.1 672.8 666.6 662 656.3 660.7 661 658.7 658.4 655 651.8 649.2 648.6 652.8 655.3 656.8 657.3 657.1 655.5 656.3 658.1 658.7 662.1 667.9 672.6 676 677.3 678.9 680.3 681.7 682.8 683.2 683.7 683.9
694 696.8 699.3 700.7 702 703 705.1 708.3 709.6 711.4 714 716.3 721.3 726.4 729.2 731.7 734.1 735 733.3 732.6 731.3 728.3 724.2 720.3 715.1 711.8 707 702.1 699.5 694.6 693.1 691.2 690.5 690.1 688.4 687 685.3 683.6 684.8 683 682.7 682.9 681.5 679.2 677.4 675.1 672.7 666.9 663.3 659.4 649.1 649.4 653.2 650.3 646.2 646 643.7 647.7 649.9 651 651.1 649.8 648.9 650.7 654.8 658.4 663.7 668.6 673.8 677.2 678.5 680.6 682.3 683.9 685.7 686.7 687.7 688.2
692 694.5 696.4 698.7 699.5 702 704 706.7 708.5 711.8 713.8 715.9 721.3 725.8 729.7 731.8 733.8 734.6 734.4 733.1 731.6 728.4 723.8 720 716.3 711 707.2 701.8 698.8 696.5 694.8 694.2 693.4 692.6 691 689 687.7 686 684.7 684.8 684.5 683.7 681.6 680.5 678.1 675.5 673 669.4 664.4 661.1 656.6 651.9 643 637.6 640 639.3 634.5 639.8 643.9 645.1 645.5 644.3 643.9 647.9 653.1 657.9 663.2 668.6 673.2 677 678.1 679.6 681.5 683.1 684.9 687.8 689.9 691.7
689.8 691.7 695.3 696.4 698.4 700 702.2 704.5 708.1 709.5 712.5 715 719.2 723.6 728.2 731.2 734 734.8 734.9 733.6 731.4 729.1 725 721.1 716.4 711.9 706.1 703.1 699.8 699 697.8 696.3 696.8 696.1 694.5 691.9 689.9 687.9 687.3 685.6 685.4 685.2 683.2 681.3 678.3 676.5 673.4 669.2 665.5 662.6 658.3 653.9 643.2 635.6 632.1 628.7 627.4 624.3 630.6 634.8 636.7 637.9 640.7 644.8 650.3 656.7 662.2 667.5 671.4 674 675.5 676.9 678.5 679.4 682.1 685.7 689.6 692.5
688.9 689.7 692.3 695.3 697.2 698.5 700.5 703.2 706 708.2 712.4 714.6 718.4 722.3 726.5 730.3 733.1 734.9 734.6 733.5 731.3 728.5 724.3 720.4 715.1 710.4 708.1 703.4 701.9 702.6 701.7 701.4 701.4 700.7 698.6 696.4 693.4 690.4 689.4 687.7 686.6 685.5 684.1 682.3 679.5 676.9 672.7 669.7 666.1 663.7 659.8 654.8 644.9 643.7 645 640.6 637.9 635 624.8 620 618.6 623.8 635.2 641.4 647 653.7 660 665 667.9 670 671.4 672.7 674.2 675 677.5 681.3 685.6 689.1
685.3 688.2 691.1 693.4 695.5 698.2 699.8 702.6 704.9 707.9 711.6 713.5 717.2 721.1 725 728.9 731.8 733.8 733.9 732.8 730.6 727.5 724 719.9 715.3 710.9 707.9 706.6 705 704.9 704.5 704.3 704.3 704.3 703.4 701.1 697.7 694.2 691 689.3 688.2 686.6 684.4 682.2 679.8 677.2 672.8 670.4 667.6 664.4 660.9 653.6 647.9 652 651.2 649 647 645.1 641.9 638.2 627.8 614.6 626.3 638.1 644.3 650 655.6 660.2 663 664.6 666.4 667.6 668.7 669.3 671.7 675.7 679.9 683.7
687.1 689 691.2 693 696.2 698.7 701.1 703.6 705.8 708.2 711.5 713.2 715.8 718.8 723.3 727.3 729.9 731.7 732.2 731.3 729.5 726.5 723 719.4 714 711.3 708.7 706.9 706.5 706.4 706 706.5 706.9 707.2 707 704.7 701.3 697.5 694.4 690.6 689.1 687.5 685.1 682.8 681 676.5 674.3 670.8 668.5 665.1 661.9 650.8 658.1 657.6 656.2 653.8 650.8 648.5 645.7 641.9 638 619 614.9 632.7 641 646.3 651.1 654.5 657.1 658.3 659.4 660.7 661.4 662.8 664.7 668.2 671.6 674.6
686.2 689.4 691.3 692.9 696.8 699.6 701.6 704.6 706.5 708.8 710.5 713.4 715.7 717.9 721.1 725.1 727.6 728.8 729.6 729.4 727.6 725.2 721.7 718 714 710.4 708.3 707.9 707.7 707.7 707.1 707.6 708.7 709.3 709.4 707.5 704.2 700.1 696.7 692.9 690.2 688.4 686 683.4 681.6 678.5 674.5 671.1 667.8 666.3 658.1 661.8 662.7 662.6 661 658.3 654.8 650.9 647.1 643.8 639.2 628.7 608.1 625.3 635.6 641.9 646.1 648.8 649.7 650.1 650.3 651.3 652.4 653.6 657.1 660.2 663 664.8
688.2 691.3 693.2 694.5 697.4 699.6 702.3 704.9 706 708 709.5 712.7 715.3 717.6 719.3 722.2 724.6 726.1 727.1 727.1 725.9 723.7 720 716.1 712.3 709.8 708.3 706.7 707.6 707.5 707.5 708.3 709.6 710.6 710.2 708.7 705.3 701.4 697.4 694.9 690.9 688.7 686.2 684.5 681.8 679 675.7 671.1 667.4 665.3 664.8 666.7 667.5 667.5 666 662.1 658.8 654.1 649.9 644.5 639.7 634.5 614 613.2 627.2 635.1 639.1 640.7 640.2 639.9 638.7 640.3 641.3 644.1 648.7 652.1 653.8 655.8
691.6 693.9 695.1 697.3 698.6 699.8 702.4 703.8 706.7 708.2 709.2 711.2 714.7 716.7 718.1 719.7 720.7 723 724.5 724.8 724.1 721.3 717.7 714.5 710.5 708.7 707.3 706 706.6 707 706.7 707.7 708.8 710.3 710 708.4 705.6 701.6 698.9 695.7 692.3 687.9 685.4 683.4 681.6 678.5 675.1 671.5 668.4 664.8 667.8 670.3 671.4 671.4 670 666.8 662 657.2 651.5 645.8 640.5 636.5 618.8 599.7 609.6 621.2 626.2 628.7 630.7 630.4 628.4 627.8 628.9 634.5 639.7 643.3 644.9 646.7
692.8 694 696.1 699.1 700 701.7 702.3 704.6 706.5 708.7 710.6 711.9 713.5 715.8 717.8 718.3 719.1 719.6 720.8 721.4 721.3 718 714.6 711.6 709.7 707.7 706.7 704.8 703.6 704.3 705.9 706.6 707.6 708.5 708.1 707.1 704.4 701.6 698.8 695.5 692 688.1 685.3 683.2 681.2 677.5 674.3 670.5 666.8 667.6 670.4 672.5 673.4 673.4 672.2 669.7 665.5 659.8 654.6 647.4 642.2 637.9 631.8 616.5 595 594.6 600.8 612.8 619.9 621.2 616.2 612.2 607.1 620.8 628 632.6 635.5 637.7
695 696.4 698.5 700.8 702.8 704 703.2 704.7 708 708.6 709.5 711.3 713 715.1 716.3 717.7 718 718.1 717.8 717.5 717.4 715.3 711.9 710.5 708.6 707.6 704.5 702.9 704.5 703.1 704 705.2 706 706.7 706.2 705.3 703.5 700.6 698.1 693.3 691 687 684.1 682.3 679.7 675.6 672.8 669.2 667 670.1 671.7 674.2 675 674.9 673.6 671.1 668 662.5 655.2 648.7 644.2 641.7 639 634 619.9 607 588.7 586.3 597.7 600.5 598.3 592.4 583.7 594.5 607.7 621.2 625.8 628.5
696.7 697.6 698.5 702.3 703.4 704.4 706.2 707.1 707.9 710.1 710.1 711.9 713.1 714.9 715.7 716.9 716.7 715.7 716.5 715.5 714.9 713.5 711.7 710.1 707.6 707.1 705 703.4 702 701.3 701.6 703 704.2 704.8 704.9 704.1 702.5 699.9 696.5 692.8 690.5 686.9 684.3 679.6 677.7 674.7 673.5 671.4 670.6 673.1 673.6 674.7 675.1 675.9 674 671.6 669.6 664.5 656.6 650.3 647.5 644.7 642 639.1 636.3 625.5 612.3 594.5 579.2 578.2 580.4 574.1 565.8 566.9 588.1 604.6 611.3 616.4
698 699.8 701.8 703.1 703.8 705.4 706.6 707.5 709 710.6 711.8 712.9 715 714.9 714.9 715.4 714.6 715 714.9 714.1 713.5 712.2 710.2 708.2 707.7 706.3 704.8 702.7 700.9 699.7 700 701.5 702.3 703.3 703.7 703 701.5 698.1 695.7 691.6 690 686.9 681.5 679.7 678.5 677 675.5 673.8 672.9 674.7 675.8 675.7 676.4 676.4 675 673.6 669.8 667 661.8 653.8 650.1 648.3 645.4 642.3 641.5 638.7 628.9 615.7 600.7 583.3 571.8 565.7 560.1 555.3 566.9 574.9 582.1 593
700.1 701.8 703 704.4 705.4 707.1 708.8 710.7 711.9 712.8 713.1 715.9 716 715.6 714.7 713.6 712.5 712.9 711.7 711.4 711.6 710.5 709.7 708.4 707.5 706.3 703.9 700.8 700.8 697.4 696.9 699.3 700 702 702.7 701.9 699.9 697 694.6 691.6 688.3 685.8 684.1 682.1 681.2 679.7 677.3 675.6 675.4 675.9 676.6 677.1 676.7 676.9 675.7 674.3 671.1 668.2 665.5 660.2 655.4 652.2 649.2 647.4 645.8 644.2 641.6 635.1 621.7 611 603.4 590.9 585.9 572.8 553.7 547.9 558.9 579.9
701.7 702.6 704.1 705.3 706.2 708 710.1 712.2 714 714.9 716.8 718.2 718.3 717.2 714.7 712.7 711.1 710.8 709.5 710.2 709.2 709.4 709.7 709.3 708.6 705.9 702 700.1 697 694.7 693.4 695.4 696.2 700 701.5 701.3 699.1 696.2 694.1 692.1 690.8 688.8 687.5 685.4 683.4 681.5 678.9 678.4 677.7 677.2 677.5 676.8 676.9 676.7 676.5 674.7 671.8 670.6 667.7 663.7 659.6 655.2 652 649.9 649.1 648.7 647.3 644.4 638.5 629.8 619.7 606.9 598.5 587.8 572.1 555.4 547.4 570.3
701.6 702.9 704.3 705.7 707.4 709.1 710.3 713 715.6 717.6 718.5 719.5 719.1 717.7 714.9 711.9 709.7 708.1 706.6 706 706.6 707.2 709.4 710.6 710.5 707 701.7 698.4 694.8 690.6 689 692 694 697.1 699.5 700.4 699.1 697.1 696 694.4 693.3 692.5 690.2 687.9 685.6 683.3 682.1 680.7 680.1 679 677.9 677.6 677 677.3 677.4 677.1 674.3 671.8 668.9 665.6 661.7 658 655.1 653.4 652.1 652 652.1 649 643.8 636.2 627.2 616.7 599.8 576.9 562.5 551.4 541.5 567.1
699.8 701.9 703.6 705.1 707.3 708.9 710.2 712.4 714.8 718.3 719.8 719.9 718.8 716.6 713.6 710.7 707.1 705 702.9 703.9 704.9 706 708.3 710.8 709.6 706 701 694.8 690.7 684.8 684.6 688.6 692.5 695.6 698.3 698.9 697.6 696 697.1 696.2 696.2 695.1 692.3 689.5 687.2 684.4 683.8 683 682.1 680.6 678.6 678.2 678.8 678.8 680.3 679.2 676.2 672.9 669.6 666.2 662.5 659.2 656.7 655.4 653.8 654.9 654.7 651.4 645.9 639.2 630.5 616.6 585.4 559.5 543.1 535.8 554.8 574.3
697.6 700 702.2 704.6 706.5 707.8 709 710.6 713 715.5 716.9 717.4 716.7 714.9 711.6 708.3 704.3 703.1 700.6 701.1 702.2 703.8 706.2 708.7 707.5 703.1 696.9 689.5 679.7 678.1 681.9 686.1 691.3 693.9 698.1 698.1 697.1 698.3 696.5 698.1 698.2 696.5 694 690.5 688.9 685.6 685.6 685 683.2 681.5 679.7 677.9 679.9 682.8 683 681.2 677.6 673.3 669.9 666.1 662.4 659.1 656.2 655.2 655.3 655.5 654.9 651.6 646.9 640.9 632.2 610.5 574.7 546.1 539.1 558.8 575.4 592.8
695 697.2 700 702.5 704.6 705.1 706.2 707.2 709.4 711.3 712.7 712.7 712 710.6 707.6 704.4 701.2 698.2 696.6 697.5 698.4 701.2 704 705.9 704.2 698.5 690.8 675.9 670.9 672.8 679.5 685.5 691.8 695.1 697.8 697.7 697.5 698.3 696.9 699.6 698.9 697 694.1 690.7 689.3 687.5 686.8 686.4 684.3 680.7 679.7 679.5 682.4 685.8 685.3 682.7 678.6 673.9 669.2 665.3 661.5 658.2 654.9 653.4 652.5 653 652.2 650.2 645.2 639.8 631.6 609.1 574.6 545.8 528.9 550 574.8 592.5
692.2 693.5 696.3 698.8 700.7 700.9 701.9 702.9 704.5 706.2 707 706.6 705.7 704.2 699.9 698.3 695.7 692.8 691.7 692.1 695.7 698.4 701 701 698.1 691.3 675 666.3 661 668.5 677.4 685.2 693 697.5 699.5 698.9 698.2 697.5 698.3 697.4 697.9 696.4 693.7 691.5 690.3 689.6 688.8 687.9 685.1 681.2 679.6 678.8 682.6 686.3 685.9 682.9 679.2 674.6 668.8 663.8 659.2 655.2 651.5 648.4 647.4 647.7 648 646.1 642 636.5 627.8 604.4 576.2 550.8 527.7 532.6 562.5 586.8
689.3 690.1 691.4 694 695.5 696.7 697.6 698.5 699.4 701 700.5 700.2 699 696.9 695.6 692.8 690.1 687.2 686.1 688.4 692.1 695.4 697 694.7 689.4 680.3 664.4 658.2 655.2 663.9 673.4 683.7 692.6 698.5 701.5 700.4 699.1 698.2 698.8 697.9 696.1 695 694 692.2 691.6 691.1 690.3 689.1 685.5 681.4 680.9 679.2 681 683.9 683.9 681.6 678.5 674.1 667.7 661.3 656.4 651.2 645.3 641.9 639.2 639.2 641.6 639.8 636.8 631.1 620.2 596.4 572.3 551.7 532.7 515.9 551.1 579.7
686.3 687.7 687.7 689.2 689.7 691.6 692.1 693.9 695.1 696 694.7 693.6 692.6 690.5 688.6 686.8 683.7 676.7 679.6 683.5 688.2 691.6 691.2 686.7 679.4 667.9 653 644.8 650.6 659.2 668.7 679.4 689.6 695.6 699.2 700.2 698.9 698.5 699 697.2 696 695.5 694 692.4 692.7 691 690.6 689.3 685.5 681.2 678.4 678.4 679.4 680.6 681.5 680.1 677.2 671.5 664.4 657.3 652.1 646.4 639.3 633.1 629.3 629.4 631.8 632.7 630.8 626.1 615.1 595 570.3 551.4 533.5 512.3 536.9 566.7
683.2 683.8 683.5 684 684.4 686 687.8 688.9 691 691.5 690.8 688.6 686.1 684.7 681.8 678.7 674.5 670.7 673.1 678.6 682.8 685.7 686.2 676.1 667.3 655.7 643.3 632.1 640.4 651.8 662 673.8 684.9 691.5 695.5 697.4 696.9 696.5 696.7 697.4 697 695.4 693.8 692.3 693 692 691.9 689.3 684.3 680.1 678 676.9 677.4 678.5 678.9 677.7 673.7 667.4 659.8 652.9 647.5 641.3 633.7 625.7 620.1 617.2 620.5 624.5 625.9 621.3 611.4 594.5 573.6 553.8 535.1 509.9 527.1 546.2
680.2 680.1 679.5 680.2 680.1 681.2 683.5 684.4 687.2 687.4 686.4 683.7 682 677.8 675 671.4 664.9 662.2 665.1 671.8 676 676.5 672.7 663.6 654.1 645.2 633.8 620.1 630.5 641 654.3 665.9 677.5 685.7 689.8 691.6 692.3 692 694.2 696.7 698.1 696.6 694.7 693 691.7 691.7 692.2 689.4 684.7 678.9 677.2 675.8 675 675.6 675.4 673.3 668.7 661.9 654.3 646.7 641.9 634.8 625.9 616 601.7 602.9 610 616.3 620.5 617.7 609.7 595.7 576.4 556 536.6 512.4 510.8 527.1
677.3 675.7 674.8 675.8 675.7 676.6 678.3 680 683.7 683.8 681.5 679.7 675.6 670.2 664.8 658.9 657.2 655.3 656.1 661.7 666.5 665.2 658 650.1 643 633.3 621.5 608 620.5 630.9 642.8 656.1 667.2 676 680.9 684.4 684.8 685.6 689.1 693 695.3 696.2 695.3 695 692.4 691.5 692.4 688.1 682.7 677.3 675.7 674.4 672.4 672.3 670.9 667.5 662.6 655.9 648 639.3 634.2 627.8 618.5 605.3 590.5 592 600.2 608.9 613.2 614.7 608.4 596.5 581.1 559.5 540.1 519.9 500.9 508.3
674.2 672 671 670.4 670.6 671.6 672.3 675.5 679.3 679.5 677.2 673.2 668.5 661.4 656.3 653.1 650.4 645.6 649.1 650.6 654.1 651.2 643.7 637.5 629.9 622.5 608.2 601.1 610 618.5 630.8 645.3 655.9 663.4 669.4 671.6 675.7 678.1 682.5 687.2 690.5 693.8 694.8 694 693.5 691.8 690.3 685.9 680.5 675.7 673.4 672.2 670.4 668.1 665.9 661.8 656.6 649.2 640.7 632.3 626.5 619.6 608.6 593 582.8 582.6 590.3 599.6 605.9 610 607 599.5 588.2 570.3 548.4 528.8 509.8 496.5
672 668.8 666.6 664.3 665.5 667.4 667.7 672 673.9 672.4 669.7 664.1 658.6 653.5 649 646 642.3 638.2 641.3 643.2 642.8 637.9 632 626.2 620 611.6 596 592.9 599.9 605.2 618.8 633.5 643 650.6 655.5 659.1 662.6 666.3 674.4 679.8 685.2 689.3 692 692.9 693.2 692.7 688.5 682.7 676.9 673.3 671.1 669.6 667.3 664.6 661.5 657.8 652 643.8 636.3 628.2 620.7 608.7 597.6 582.9 574.9 571.3 577.9 587.2 596.3 603 605.4 601 592.2 581.5 561.5 539.2 519.4 505.1
670.9 665.9 662.4 661 660.8 661.1 664.2 666.7 666.4 663.5 658.6 653.4 649.1 644.9 641.3 636.4 631.9 626.9 632.6 633 630.2 626 618.8 612.3 607.5 602.4 591.6 574.9 587.7 592.2 604.2 619.3 628.9 635.8 642.3 646.4 650.8 656.1 667 675.2 680.9 684.5 688.1 690.1 692.3 692.7 687 679.7 675.2 671.9 668.8 666.8 664 661 659.1 653.8 648.8 642.4 632.9 619.5 607.5 594.2 581.5 571.8 565 557 563.4 573.5 586.2 594.1 597.7 598.1 592.1 583 569.9 551.2 529.6 511.5
667.4 661.4 658 655.5 655.5 656.2 660.6 660.4 658.8 652.3 646.1 640.8 636.3 633 629.2 623.9 618 616.9 621.5 620.3 615.7 610 601.8 597.9 587.6 589.8 578.4 562.2 571.2 578.4 590 602.3 612.2 621.6 625.9 630.2 637.2 647.9 658.9 668.8 675 679.9 684.5 686.9 689.2 689.4 683.2 676.7 673.1 669.3 666.8 663.7 661.9 659.4 657.6 653.4 649.9 643.9 637.4 627.6 618.1 607.7 595.2 575.5 561.2 550.7 538.5 559.8 574.2 581.6 584.7 586 584 578.5 568.7 553.8 536.2 516.6
661.6 657.5 654.6 651.4 648.7 652.2 655.4 653.7 647.7 640.8 632.5 626.7 621.2 617.5 614 608.4 604.3 603.9 607.3 604.6 599.8 591.7 580.6 574.9 563.4 566.8 554.5 538.1 549.9 561.4 574.8 586.8 596.1 602.7 604.5 612.3 624.4 639.8 652.8 662.7 667.2 672.1 677.6 681.6 683.6 682.7 677.7 672 669.2 666.3 664.3 662.1 660.8 658.6 656.1 653.9 651.5 647.4 638.7 628.7 619.5 608.3 595.8 580.7 564.2 549.3 527.4 545.1 555.6 562.7 564.8 566.8 569 567.3 560.2 547.8 529.7 509.1
655.4 651.8 648.7 645.2 643.5 648.4 648.9 645.9 637.6 628.7 620.1 611.2 604.4 598.6 596.1 592.1 587.6 590.1 588.3 587.5 580.6 569.6 559.5 550 542.2 539.3 536 533.5 534.6 542.2 560.6 571.3 576.5 580.8 584.9 595.9 611.9 630.4 645.6 654.1 658.6 663.4 668.5 673.2 674.8 673.3 670.7 667.3 666.4 664.1 662.4 660.8 660 659.5 658.7 655 651.9 646.2 637.3 627.2 616.2 605.5 592 576.3 558.3 542.1 528.6 527.3 537.1 541.4 542.6 545.6 547.8 547.8 543.3 530.4 514.8 497.7
