WholeMapElevations/data/sd/sd56_OST50GRID_20230518/SD56.asc
ncols 200
nrows 200
xllcorner 350000
yllcorner 460000
cellsize 50
[rows 37 to 73 of 200, columns 0 to 82 of 200]
60.4 58.5 55.5 55.5 62.4 68.8 68.2 68.2 65.1 63.4 66.5 72.1 77.6 84.6 90.4 94.7 98.1 101.9 105 102.8 42.5 42.5 42.5 52.8 71.1 102 96.1 82.3 99.2 96.1 95.7 95.9 94.4 94.2 92.6 91.9 93.1 94.2 95.4 96.2 97.5 96.6 93.8 88.7 84.6 85.1 85.5 84.3 87.6 89 93.3 101.8 99.1 104 115.3 115.9 121.7 123.4 126.7 127.1 127.8 128.9 132.4 131.2 126 121.4 125.1 132 137.5 135 132.2 140.6 143.6 141.3 136.1 134.4 135.8 140.9 143.3 145.7 145.8 141.4 140.1
66.1 60.2 60.2 65.2 65.2 65.4 65.9 64.6 63.2 63.5 66.8 71.1 77.8 84.2 90.8 94.7 99.1 103.8 106.8 99.2 42.5 42.5 42.5 49.5 67.4 102.2 92.7 82.9 83.2 101.5 100.6 96.1 97.2 97.9 94.9 90.8 90 91.4 92.8 94.4 94.7 93.1 90.2 84.8 84.7 84.8 89.2 101.2 98.4 96.3 96.6 99 97.8 109 117.4 121.1 126.7 124.6 125.9 125.9 125.2 127 129.2 127.4 124.1 123.8 131 135.7 136.4 133.7 138.3 143.7 144.2 139.5 136.1 135.7 138.2 139.8 142.5 144.1 141.3 139.7 142.1
62.7 61.4 61.3 62.1 64.2 63.7 63.8 62.9 62.2 62.6 65.5 73.2 79.8 86.2 90.2 94.9 99.1 103.7 105.7 99.9 42.5 42.5 42.5 42.5 42.5 97.4 89.2 83.8 84.1 100.3 104.6 100.7 100.9 100.2 96.5 90 88.9 89.7 91.9 92.4 92.3 90.2 88.8 84.8 84.7 86 102.3 106.6 105.1 99.9 95.8 96.2 103.5 112 120.9 125.7 128 126.3 128.3 124.5 124.3 125.1 125.4 125 124.8 129.8 134 136.4 135 134.4 140 143.4 143 142 140.5 141.5 141.6 140.5 144.2 141.7 139.6 142.7 144.6
62.5 63.3 59.7 60.3 61.4 61.5 62.3 62.4 62.7 62.9 65.8 72.9 80.5 86.5 90.3 93.5 96.7 101 103.6 104.9 42.5 42.5 42.5 42.5 42.5 93.7 93.1 84 84.4 100.9 106.6 101.5 101.9 101 96.5 90.1 88.8 89.2 90.2 90.4 89.7 88.7 86.3 88 84.2 93.2 105 106 107.7 102.5 100.2 105 109.7 118.6 123 130 129 128.5 131.9 126.1 123.5 124.3 124.7 125.4 127.9 131.5 133.9 134.7 133.6 133.8 137.5 140.9 144.7 146.2 147.7 146.7 144.6 144.1 141.4 140.1 140.9 144 147.3
63.7 65.5 60.3 59.7 60.2 60.9 62.2 64.2 64.1 63.4 65.5 71.2 80.6 84.7 87.5 91.8 95 100.2 102.7 103.2 51 42.5 42.5 42.5 42.5 97.8 97.8 83.3 83.8 99.6 109.6 102.7 100.2 97.7 93.1 89.6 88.8 89.4 89.6 90.7 88.6 87.2 86.1 87.3 84.3 87.4 103 107.1 111.6 107.6 105.3 109.8 115.8 123.4 126.9 130.5 130.1 132.1 131.1 126.3 124.2 124.9 125.3 125.7 129.3 130.4 132.2 131.3 131.2 132.4 135.7 141.4 146.8 151.3 153.6 151.9 147.2 143.5 140.7 139.5 141.9 145.2 152.5
66.8 68.5 61.2 62 61.1 62.7 64.8 65.7 66.2 65.1 66.1 69.9 76.6 82 88 94.1 98 101.4 102.8 102.9 104.8 42.5 42.5 42.5 42.5 80.3 94 98.9 82.9 83.7 82.8 102.9 98.7 96.4 92.4 89.8 89.1 90.6 90.4 89.5 86.9 85.1 86.1 86.5 83.7 87.2 108.9 109.8 114.7 111.2 109.8 115.3 120.6 126.4 129.5 130.8 131.7 133.8 131.5 127.4 126.6 124.5 123.1 125.8 127.3 130.2 129.9 130.3 131.7 131.3 135.9 142.9 149.8 156.5 159.8 155.2 149 144.5 140.6 139.3 141.4 146.2 153
69.3 65.7 64.4 63.6 63.1 65.4 68.2 71.6 68.5 66.6 68.5 70.4 78.1 88.7 92.5 95.9 99.6 101.5 103.2 102.7 103.2 42.5 42.5 42.5 42.5 69.4 92 99.3 90.7 83.2 83.4 95.1 100.4 98 93 88.8 89.5 90 88.5 84.8 84.8 84.6 82.6 82.9 83.7 85 106.5 113.3 114.8 113.2 114.4 117.9 122.5 128 132.1 132.5 133.2 134.5 131.9 128 127 124.3 124.3 125.9 127.7 128 129.9 132.5 131.6 131 136.7 143.9 152.3 159.4 161.1 154.7 149.6 145.2 142.4 140.1 141.2 146.6 151.8
70.8 66.8 67 64.7 69 70.3 72.6 73.4 72.3 71.8 73.4 73.7 80.3 89.8 94.2 97.3 100.1 99.7 100.9 102.7 104.5 54.9 42.5 43.6 45.8 62.2 88.9 96.4 92.8 85.6 83.5 102.9 101.5 97.3 92.1 88.1 87.7 86 85.4 84.6 83.2 82.4 82.8 82.6 83.4 85.2 94.1 117.5 116.4 115.5 115.6 116.9 127.6 132.6 135.4 133.3 133.5 135.3 133.3 134.9 125.4 123.6 125.2 127.9 132.1 133.4 134.5 134.6 132.7 131.5 137 144.2 152.2 159.4 157.9 153.3 149.9 147.1 142.7 143.1 141.8 146.8 151.7
72.5 70.4 69.7 72.9 74.5 74.3 73.9 73 73.8 73.2 75.5 75.3 78.4 83.1 93.3 97.4 99.9 97.9 99.3 83.5 84.2 71.4 86.8 87.1 71.1 88 88 89.7 96.4 97.6 96.6 94.9 96.1 98.3 90.3 87.6 85.9 83.7 82.7 82 82 84 83.8 83.5 85.2 88.1 92.8 102.1 115 111.9 113.4 119.8 130.1 135.5 137.6 132.1 132.1 135.4 135.6 133.6 124.2 124.4 127.2 133.6 137.4 139.4 138 135.2 132.9 132.7 136.3 142.7 150.4 154.4 153.4 151.2 151.9 150.5 143.6 142.6 143.1 147.8 153.3
73.7 73.6 75.5 78.2 79.5 78.2 75.5 76.5 76.2 75.1 75.4 76.8 78.8 83 86.7 95.2 97.4 95.8 95.9 94.8 96.3 94.1 87.1 85.4 86 82.9 83.9 85.3 87.8 86.3 87 88.3 88.6 86.7 87.1 85.4 83 81.5 81.5 82.6 84 85 85 85.2 88.8 90.5 92.9 96.8 105.3 107.1 112.2 126 131.5 136.5 136.2 132.1 133.5 136 134.7 126.9 124.3 126.2 134 138.8 142.9 145.6 141.9 137.2 134.7 133.5 135.6 141.1 146.2 148.7 149 151 152.5 149.6 143.8 143.9 147.4 150.1 154.1
74.9 76.7 79.3 81.9 82.8 79.7 77.4 79.4 78.2 76.8 76.2 77.1 79.1 80.7 85.6 88.3 93.2 94.2 95.1 93.2 93.1 88.7 82.7 78.7 78.4 80.2 80.6 80.8 80.6 81.7 82.3 83.8 84.1 84.2 85 83.8 82.1 82.2 83.3 82.7 83.5 85.5 85.7 87.2 90 93.5 101.7 105.8 105.6 108.4 118.3 127.1 130.9 133.9 133.8 132.7 135.7 137.3 134.1 125.8 124.8 129.3 137 142.6 148 148.4 145.3 142.2 137.4 135.3 135.8 139.5 142.3 144.5 148 152.4 151.7 148.6 143.3 147.5 149.8 151.8 152.8
76 80.2 82.1 85 84.1 79.2 79.3 79.7 79.7 79.2 78.9 77.9 81.5 82.9 82.2 86.5 92.5 90.4 89.4 88.1 88.3 84.1 78.2 80.3 83.7 85.6 84.8 86.2 84.9 83.5 85 84.8 84.1 80.7 80.6 83.1 83.9 84.1 84.3 84.4 83.7 84.6 85.9 89.5 91.6 95.1 100.3 104.2 108.1 109.6 115.1 124.7 126.7 130.6 131.7 134 137.3 140 132.6 126.4 125.7 130.8 138.9 144.8 146.8 148.4 147.7 145 141.9 138.2 137.7 138.2 139.9 144.1 149.7 153.1 151.3 146.2 145.4 150.1 150.2 150.5 150.1
76.8 82.1 85.1 86.4 81.9 76.9 79.8 80.2 82.7 82.5 79.8 79.4 82.1 85.9 86.9 82.9 89.1 86.6 83.2 82.4 84.7 82.1 76.9 84.3 88.4 91.8 92.2 93.8 93.4 91.7 92.2 89.9 89.7 89.5 89.1 89.6 86.2 85.1 84.4 84 84.7 84.9 85.7 91.7 94.3 98 100.4 103.8 106.4 106.7 112.6 117.3 121.1 127.4 130.6 133.7 140.9 140.5 135.7 129.3 128.7 133.2 137.2 139.7 142.8 146.3 147.8 148.4 143.9 142.6 140.3 138.2 141.2 145.6 151.6 151.2 148.7 145 147.6 149.1 148.2 148 148.9
77.7 83.3 85.7 83.7 78.4 77.5 81 83.9 86.4 84.9 80.5 79.8 81.1 83.9 83.5 82.7 84.4 83.1 81.1 80.5 81.8 80.5 76.5 82.5 87 89.9 92.6 96.2 99.1 99.1 97 96.2 96.1 96.3 94 89.2 84.5 84.9 84.4 84.9 86.6 86.8 88.3 93 96.8 100.3 101.1 101.6 104.6 105.4 108.9 111.4 114.7 126 130.2 137.5 141.7 141 137.7 133 132.6 133.2 134.4 136.4 139 142.4 145.9 146.2 145.8 145.4 142.7 140.6 143.2 146.6 151.9 149.7 146.3 145.9 147.3 147.4 146 146.5 148.2
78.2 83.2 83.5 78.5 74.6 79.2 83.6 88.6 89.8 87.2 81.1 79.7 80.1 80.9 80.9 81.3 82.1 80.9 80.1 80.6 81.7 76.8 76.4 82.8 88.7 91.8 95.8 99.2 100.3 101 99.6 97.9 95.4 93.4 90.3 86.2 86.4 86.6 86 86.7 87.7 89.4 91.3 92.8 95.4 99 103 104.6 103.4 104 105.4 109.2 115.7 123.3 129.8 139.4 141.7 141.7 138.5 135.6 133.2 131.9 133 134.2 136.5 138.9 142.2 143.2 145.4 145.8 143.9 144.1 145.6 147.8 150.6 146.4 145.8 145.3 145.2 144.8 144.3 146.6 148.6
79.3 81.9 78.2 73.5 76 80.1 87.6 93 91.9 87.1 79.6 78 79.2 81.2 80.1 82.3 81.5 79.4 78.8 80.2 80.4 76.3 80 86 91.6 97 101.3 102.6 102.3 98.9 94.7 94 91.8 88.7 86.5 85.9 87 87.2 90.5 92.8 94.4 96.1 96.8 97.8 98.4 99.4 101.8 104.6 104 105.4 106.4 112.7 120.2 125.1 128.3 139 140.8 140.3 138.3 135.3 132.5 131 131.1 132 132.8 135.4 137.1 140.5 143.2 143.2 143.3 144.8 145.6 147.7 146.8 145.7 144.7 143.7 143 142.8 143.9 147.6 149.2
81.5 78.2 73.5 73 76 82.8 93.8 94.1 91.7 84.3 77.1 77 76.2 79.3 79.4 83 80.6 78.7 77.7 78.2 78.7 76.2 79.3 84.4 93.6 100.5 103.4 103.3 100.5 93 93.5 91.4 88.2 87 86.4 86.8 91.2 94.9 97.4 99.9 102 101.9 101.9 103.1 105.9 109 107.7 109.4 108.8 110.6 111.1 117.4 124.8 129.3 132.4 137.2 139 139.1 137.1 134.7 132.3 130.3 130.4 131.1 132.7 133.4 136.5 139.5 140.3 141.1 143.5 144.9 145.3 145.9 145.2 143.8 143.2 142.4 141 141.1 144.3 148.6 150.8
81.1 76.3 73.8 73.8 76.2 87.5 99.4 97.5 89.5 82.9 75.5 76.4 76.9 78.8 79.9 80 80.2 77.2 75.9 76.4 76.4 78.1 80.3 83.7 95.4 98.5 100.3 100 98.6 88.4 90 89.8 88.6 90.4 90.7 92.7 94.7 101.5 107.2 107.8 106.5 106.1 107.8 111.9 114.5 114.9 114.9 114.1 113.6 115.3 115.6 122 129.8 130.5 133.1 135.7 137.9 137.5 135.5 133.5 131 128.9 131.1 132.2 132.5 134.7 137 138 140.3 143.9 145.1 145.1 144.1 142.3 142.4 141.5 141.3 140.9 139.8 141.9 146 150.4 152.8
81.1 75.7 70.4 73.7 78 92.3 101.7 96.7 87.3 78 72.6 76.1 76.1 80 80.2 79.2 79 75.7 74.1 75.4 76.9 78.9 80.1 81.8 86.3 90.4 94.7 96.4 91.7 86.5 88.7 89.7 90.1 91.2 93.8 96.2 98.3 106.1 112.1 115.9 114.7 112.7 113.3 117.6 121.6 121.9 119.7 118.5 118.1 119.2 124.2 128.8 132 133.3 132.9 135.4 137.2 135.9 134.2 130.6 127.7 129.7 132.5 131.8 135.7 137.5 138.3 140.6 144.4 146.5 146.2 144.8 142.7 139.6 138.5 139.4 139.4 139.1 139.4 142 147.5 151.8 155.2
80.3 73 71.5 73.6 81.8 96.4 100.4 94.1 83.4 73.6 71.8 74.5 76.7 79.3 78.3 79 78.9 74.2 73.7 75.1 75.8 76.4 77.6 80.7 83.4 83.9 85.4 86.7 86.1 88.6 89.8 92.6 93.9 94.6 96 98.4 105.7 114.7 119.8 120.5 118.9 116 115.5 118 121.5 123.1 123.7 124.2 125.3 128.8 132 135.3 137.8 137.5 135.4 135.1 135 134.1 131.4 127.8 126.3 128 128.6 135.5 137.6 138.1 140.6 144 145.7 146 145 143.3 139.7 137.5 137.7 137.8 139.1 139.8 140 142 148.1 153.9 155.6
76.2 72.8 70.8 72.8 85 95.9 97.1 89.4 79.9 70.6 70.7 75.1 78.9 82.8 82.4 78.8 76.4 73.3 76.1 79.2 80.3 79.8 83 89.1 91.8 95.5 91.9 93.9 95.1 96.5 95.5 95.9 97.3 100 105.6 110 118.2 121 123.9 123.2 120.1 117.4 114.6 116.2 118.6 122.3 126.7 130 133 134.9 138 141.9 144.6 143.2 141.8 137.4 135.4 131.2 127.5 125.3 125.4 126.5 131.3 136.8 140 143.8 145.9 146.6 147.1 145.8 143.9 141.1 137.6 139 138.4 138.9 141.1 141.8 141.1 142.2 148.6 154.2 153.8
76.5 72.1 70.9 75.8 85.8 93.7 92.4 84.7 75.6 69.8 73.9 78.5 81.9 81.1 77.7 72.5 71.9 76.1 80.9 83.6 84.2 84.2 86.8 90.8 95.5 97.8 100.2 100.1 102.5 103.5 105.6 107.9 109.5 114 118.3 122.6 124.3 125.6 125.4 124.3 123.2 121.1 118.1 117.6 118.3 122.3 129.1 133.8 136.4 137.7 140.6 145.6 150.4 151.3 147.4 140.8 134.2 127.1 125.2 124.1 125.3 127.2 134.4 139.4 144.2 148 149.8 151.6 149.1 145.5 141.7 137.5 136.8 139.3 140.4 140.2 143.6 143.8 144.3 146.7 151 152.3 151.3
74.9 70.8 69.7 77.2 86.2 90.9 88.8 80.4 70.2 70.2 74.5 78.3 77 74.1 70.4 70.4 71.7 78.9 83.8 85.8 87.4 90.6 93.2 94.7 100.1 103.3 104.3 106.3 112.2 115 117.4 117.7 119.1 123.7 126.3 127 127.3 127.6 127.6 126.9 125.7 123.6 120.9 119 117.8 124 130.5 135 135.4 134.2 137.2 142.7 148.8 150.4 146.9 140.1 132.3 126.1 124.1 124.7 125.3 129.1 137.4 142.5 147.7 152.8 155.1 155.3 149.5 143.3 138.9 136.4 136.2 138.7 141.4 144.3 145.1 146.2 147.6 150.1 150 149.7 149.5
75.8 68.3 69.9 77.5 83.9 87 82.8 75.1 68.2 69.4 72 71.2 68 72.5 75.2 75.7 78.4 86.7 86.1 86.7 87.6 89.5 92.5 98.7 102.4 104.6 107.2 112 119.4 122.5 126.3 124.3 123 127.6 128.5 127.6 128.6 128.6 128.6 128.3 126.9 124.7 122.6 117.7 118.7 123.9 131.1 137.3 136.1 131.6 132.1 138.1 142.8 144.5 143.5 138.7 133.9 126.3 124.1 123.8 125.6 134 139.5 144.8 151.7 156.9 156.6 152.4 147 141.7 137.2 136 135.3 139.8 142.3 145.4 147.3 147.2 148.4 149.6 149.1 147.8 148.8
73.2 67.4 70.4 77 81 79.4 74.9 69.2 64.4 65 65.1 66.2 71.1 76.6 81.2 84.7 88.7 89.6 89.1 88.7 89.7 93 98 102.4 105.8 106.5 110.2 118.1 126.6 130.6 133.1 128.9 127.3 129.1 128.2 128.2 128.9 128.2 127.4 127.3 126.4 124 119.8 119.8 121.1 125.5 132.6 138.9 137.9 133.2 132.6 134.8 137 139.5 139.8 138.6 135.3 128.6 123.7 123.9 126.6 135 141 146.9 152.2 151.9 149.2 147.2 143.8 139.1 138.1 137.3 133.3 138.7 142.3 145 145.5 146 146.9 147.3 146.8 147.9 147.7
71.7 66 69.1 74.4 73.6 71 67.6 63.9 63.2 64.4 66.4 71.2 75.8 82.4 88.9 92.2 91.6 90.3 90.3 88.9 90.3 96.7 105 109.3 108.4 110.5 116.6 127.1 134.2 138 136.6 134.6 131 129.2 129.1 129 128.4 128.3 127.2 127.2 126.9 122.5 117.6 119.8 121.3 125.6 131.7 137.1 137.3 134.5 131.4 130.7 133.5 136 139.5 140.4 136.8 129.2 123.8 123.8 127.2 134.4 140.7 144.8 147.5 145.4 143.9 143.2 140.2 139.7 139.8 137.4 132.5 134.6 139.4 141.8 143.3 144.5 145.5 145.4 146.3 146.8 148.5
71.9 65.7 67.8 68.8 66.6 64.5 62.9 62.8 67 72.7 76.3 79.7 85.2 89.9 89.2 89.6 85.1 87.8 88.2 90 95.3 103.2 110.8 113.7 108.9 113.4 125.8 133 139.6 140.1 135.6 134.7 132.2 131.2 130.1 128.8 128.9 128.3 127.2 127.1 126 121 114.7 117.8 118.7 122.9 128.5 133 133.9 130.3 127.5 126 129.8 134.9 139.8 141.9 136.3 130.5 124.3 124.2 127.4 131.5 135.5 139 141.3 139.6 139.3 138 138.2 139.4 138.9 135.1 131.8 130.7 135.1 139 141.7 143.1 144 144.9 145.1 146.8 147.1
69.7 63.9 67.4 63 61.2 60.6 64.9 71.8 79.6 83.1 83.5 87.6 92.8 90.7 85.6 80.6 80.8 84.9 87.5 92.5 97.1 104.4 113.3 114.9 112 120 133.2 139.2 142.2 138.3 135.3 135.6 132.7 131.9 130.9 128.7 129.3 127.6 127.9 125.9 123.7 118.8 113.2 116.1 116.4 120.7 124.6 128.2 126.9 125.8 123.1 123.5 127.2 134.7 141 142.2 136.7 130.2 125.3 123.6 124.9 128.3 131.3 133.2 134.7 135.5 135.2 135.1 137.2 137.6 136.7 134 130.8 128 132.3 137 139.8 142.2 143.4 144.2 144.4 145.6 144.6
68 59.6 60.8 58.6 61.1 65.5 75.4 83.5 87.6 89 89.8 91.4 92.7 84.2 77 74.2 81.1 86.1 87.8 92.8 97.6 104.6 110.4 113 118.3 126 133.7 138.8 137.5 136.2 135.3 134.9 134.2 132.5 130.2 131.1 128.5 126.3 126.6 125.6 122.3 117.2 112.2 114 114.4 118.2 120.1 120.8 121.2 121.1 120.8 122.7 127.8 134.4 140.9 141.2 136.1 131.4 126.3 123.5 122.8 122.2 126.8 127.9 128.5 130 129 135.4 136.4 135.4 135 132.8 129.3 125.5 131.9 136.3 141.4 143.9 144 142.8 144.3 144.2 143
63.3 57.2 60.6 64.8 69.7 76.6 83.3 87.1 90.3 92.1 91.9 91.8 86.6 76.7 73 76.1 81 84.9 87.8 93.7 101.7 108.8 109.1 112.2 119.6 128.7 133.5 134.1 133.7 135.3 135.7 135.2 134 133.1 132.6 132.4 127.7 127.2 125.7 125 122.5 116.5 110.8 111 111.6 112.7 114.2 115.5 117.6 121.2 122 123.4 127.1 132.8 139.6 138.2 134.2 129.5 125.6 124.8 126.4 126.5 124.4 122.1 121.3 125.3 133.5 138.3 138.5 135.9 133.9 132.1 128.7 123.2 130.5 137.5 143.6 145.6 143.5 142.8 143.1 142.9 141.5
57.3 60.5 68.4 74.2 80.2 81.2 86.2 89.4 91.3 92.9 93.4 88.4 76.2 70.3 73.7 76.9 82.4 85.4 91.7 96.4 103.1 106.2 107.9 112.7 122.6 130.4 133.5 130.5 132.3 132.3 134.4 134.8 133.7 132.3 133.3 131.6 128.5 127.7 125.4 123.5 121.2 114.3 107.8 106.8 106 108.8 114.5 118 122 123.9 125 123.7 126.1 131.4 134.9 132 129.4 125.4 126.8 130.9 129 125.9 122.9 115.6 119.9 127.8 134.7 140.5 140.9 137 132.5 129.7 124.2 120.2 130.7 138.5 145.2 144.7 142.5 142.4 141.9 141 141
57.5 65.2 74.3 82.1 85 85.7 88.8 91.5 92.9 92.5 90.8 81.5 68.5 69.4 73.6 79.6 84.7 88.7 93.2 97.2 101.6 105.1 109.5 115.3 124.1 129.8 130.6 129.8 131 132.6 133.4 134.4 132.6 132.4 131.9 129.5 129.6 127.8 124.1 121 113.1 108 107.3 100.7 105.7 107.5 116.7 122.6 127.5 129.2 130.1 129.2 126.8 127 126.6 126.3 123.8 123.6 129.3 131.3 128.4 123.8 120.6 115.9 118 126.3 133.3 138.5 139.4 134.6 130.1 126.6 121.3 118.5 129.4 137.8 142.3 142.2 141.9 142.2 142 142.1 141.9
61.7 69.9 79.5 86.9 85.9 88.3 91.4 92.8 92.5 90 80.7 71.5 63.8 69.5 76 81.4 85.2 90.1 96 99.8 102.9 106.9 111.7 116.6 122.7 129.7 129.8 128.9 129.7 131.3 131 132.8 132.3 132.5 132.1 130.2 128.2 124.4 118.5 111 105.3 105.2 104.3 103.4 104.2 110.6 118.2 124.5 133 136.2 135.6 131 124.8 120.8 121 120.7 120.6 124.6 127.2 126.6 124 121.2 115.9 113.5 119.6 123.4 128.3 131.5 134.5 132.2 128.1 123.4 117.8 117.8 126.2 133.3 138.3 139.3 142.3 144.4 145.3 145.1 140.3
63.4 75.4 84 85.7 85.9 89.3 91.4 91.8 89.3 83.3 71.1 62.2 64.8 73 77.9 81.8 86.2 90.5 96.4 100.5 104.8 109 113 117.1 120.8 125.7 129.5 128.5 129.6 131 129.2 128.5 132.1 133.7 132.9 129.5 124.5 120 111.2 104.4 103.5 101.3 96 99.6 105.5 110.5 116.5 123.5 128 137.9 134.1 126.3 120 117.4 116.9 117.5 121 123.7 124.6 122.9 119.3 116.7 109.1 110.2 113.3 118.5 121.9 125.2 128.5 129.2 126 121.5 108.1 113.8 123.2 129.5 136.1 140 143.4 146.5 148.4 145.3 137.5
66.7 78.9 83 83.1 86.1 88.3 89.9 88.2 83.1 74.5 62.6 59 68.5 75.2 78.8 85.3 90.5 93.6 97.4 101.3 105.8 109.7 113.6 116.7 119.2 122.8 126 125.6 127.3 126.6 129.1 129.1 132.1 132.7 131.9 127.4 119.3 114.9 106.4 102 100.2 95.8 88.8 95 103.2 107.5 113.6 117.2 123.9 128.9 127.5 122.8 117.8 117.5 117 118.4 124 128.4 129 123.9 117.6 112.3 108.6 103.5 109.2 114.7 117.8 120.1 123.1 125.5 123.7 120.8 105.6 116 123 128.2 135.8 140.3 143.6 147.2 147.2 142.9 136.4
70.6 79 79.6 82.3 85.4 86.3 86.4 81.6 72.8 64.7 57.5 58.9 66 72.8 80.7 88 92.9 95.6 98.8 102.9 107.1 110.8 113.7 116.9 119.3 121.3 123.7 124.3 125.4 124.2 127.2 126.5 127 129.9 126.9 119.4 112.2 109.6 107 101.5 98.3 93.9 86.7 92.8 99.9 103.7 109 110.3 116.7 123.6 121.9 119.3 115.9 112.9 115.8 123 130.7 135.9 133.9 127.6 119.7 112.9 105.6 99.4 103.8 111.1 114.5 117.1 119.5 121.6 121 119.2 99.9 119.2 121.8 127.1 133.9 140.1 143.3 145.1 143.8 138.8 130.6
71 75.4 76.5 80.8 82.7 81.9 78.3 70.3 62.6 56.4 56.5 62.8 66.1 73.9 81.9 88.2 91.7 95.6 100.1 104.5 108.9 112.1 115 117.3 119.3 120.8 121.4 124 124.3 123.9 125.1 120.3 123.2 123.1 117 110 107.7 105.5 104.5 98.8 97.4 88.2 86.6 91.2 95.6 100.1 104.5 105.6 111.6 118.4 116.2 114.2 111.4 109.4 117.7 124.7 133.8 139.6 134.2 127 119.4 113.8 106.2 97.2 99.3 106.2 110 113.5 115.7 117.7 118.1 117.2 100.1 115.2 119 124.5 130.5 136.1 139.8 140.5 137.7 127.2 112.5
