WholeMapElevations/data/so/so28_OST50GRID_20230518/SO28.asc
ncols 200
nrows 200
xllcorner 320000
yllcorner 280000
cellsize 50
[rows 35 to 69 of 200, columns 0 to 77 of 200]
390.7 388.2 384.5 381.6 377.9 373 373.4 376.4 369.4 360.7 372 388.7 403.8 412.2 414.4 414.6 425.8 429.9 433.2 435.4 437.2 436.2 439.7 438.1 442.2 448.4 452.6 457.3 460.5 463 465.3 467.8 468.9 470.1 470.8 471.4 471.9 472.1 472.3 473.2 473.9 473.7 473 472.2 471.2 470.3 469.4 468.4 467.3 466.1 464.6 463.1 461.6 459.7 457 454.8 448 448 444.9 431 439 442 442.5 440 445.8 447.8 449.3 451.3 451.3 450.8 448.5 445.5 442.8 438.2 432.8 428.1 422.7 417.6
387.9 388.6 386.3 382.8 381.1 378.5 377.2 380.2 371.9 366.3 372.3 388.9 414.4 420.8 424.5 430.3 434.6 436.8 440.4 442.9 444.9 445.4 447.4 449.6 450.1 455.2 460 463.8 467 469.2 470.5 472.1 471.9 472.1 472.8 473 473.4 473.8 474.2 475 475.4 475 474.2 472.9 471.6 470.4 469.1 467.9 467 465.6 464 462.4 460.7 458.1 455.9 453.6 450.6 446.3 437.8 440.1 424.5 436 436.6 430 439.2 442.9 444.5 446.5 447.3 447.1 445.2 442.2 439.2 435.2 430.9 426.2 421.2 416.1
380.5 384 385.3 384.2 383.5 383 382.4 383.9 372.5 375.6 385.9 392.3 418.1 426.7 432 437 441.3 444.5 446.7 449.4 451.3 452.6 454 456.4 458.6 461.2 465.7 469.5 472.3 474.1 474.8 474.6 475 474.4 475 474.8 474.8 474.8 474.9 474.9 474.7 474.4 473.4 472.2 471.3 470.3 468.8 467.3 465.9 464.5 463 461.4 459.7 456.9 454 450.2 448 444.7 440.5 436.7 433.8 419.1 427.1 426.3 430.2 432.9 437.8 441.3 444 443.5 441.3 438.9 436.9 433.3 428.5 424.3 419.3 414.2
370.4 380 384.7 385 385.4 387.3 390 389.5 377.6 387.2 408 405 423.8 433.3 437.5 443.9 447.4 452 452.7 454.8 456.9 457.8 459.7 461.4 463.3 466.4 470 472.9 475.7 476.5 477.1 477.1 476.9 476.5 475.9 475.2 474.8 474.1 474 473.7 473.4 472.6 471.7 470.6 470.4 469 467.5 466.1 464.6 462.8 460.5 457.1 456.2 454.9 448.3 440 435.7 431.6 426.9 423.7 420.8 422.8 420 413.6 415.9 418.6 425.7 431.8 436.2 437.7 437.3 436.5 434.4 430.4 425.7 421.3 417.1 412
365.4 376.3 382.6 386.2 389.7 394 397.8 398.3 386.2 399 419 426.1 433.5 438.5 443.3 449.2 453.2 456 457.7 458.9 461.2 462.3 463.6 465.1 466.6 469.8 471.8 474.5 476.1 477.8 478.1 477.7 477.2 476.7 475.7 474.6 473.9 473.3 472.6 472.3 471.6 470.7 469.6 468.5 467.9 467.1 465.2 464.1 462.5 459.8 459.3 461.3 458.1 455.1 451.8 454.8 453.4 451.6 449.4 447.6 446 444.5 441.9 438.6 433.5 425.9 407.7 415.8 420.6 423.8 428.5 430 429.9 426.4 421.9 417.4 413.4 409.2
370.9 380.4 385.8 392.9 398.7 404.5 407.6 408.7 402.4 407.5 427.8 435 440.6 445.5 449.3 454.6 457.7 459.9 462.1 464 465.6 467.2 468.3 468.9 469.7 471.1 474 475.8 476.3 476.8 477.1 476.3 475.8 475.4 474.7 473.4 472.6 471.9 471 470.4 469.6 468.6 467.6 466.5 465.6 465.2 464 462.5 460 457.1 462.6 462.8 461.6 460.8 459.7 458.9 458 456.3 454.9 453.4 451.6 449.1 446.5 443.5 439.7 435.6 430.2 415.8 404.6 408.7 413.7 417.8 422.1 421.8 418.2 414 409.3 404.9
369.7 382.3 394.8 403.5 409.4 414.1 417.6 421.3 423.5 419.9 435.8 443.1 448 452 456.5 459.7 462.4 465 466.5 468.2 470.1 471.1 471.3 471.4 471.8 472.4 474.6 474.9 475.2 475 475.1 474.9 474.4 473.8 472.8 471.8 471.1 470.2 469.2 468.4 467.4 466.5 465.5 464.7 464 463.3 462.7 461.5 461.8 463 463.3 463.8 463.2 462.9 462.4 461.7 460.6 459.4 457.9 456.1 453.8 451.3 448.2 445 441.4 437.5 433.8 429.1 424.3 408.2 393.7 402.4 409.4 415.8 415.1 411.7 407.3 402.6
376.3 390.9 401.9 410.4 418.5 423.7 428.2 432.3 436.4 440.2 446.5 452.4 456.1 459.9 462.7 465.5 468 469.5 471.1 472.4 473.5 473.6 473.5 473.3 472.3 472.1 472.2 472.1 472.1 471.9 471.8 472 471.7 471.5 471 470.2 469.4 468.5 467.3 466.3 465.1 464.1 463.1 462.2 461.2 460.6 459.8 460.7 462.6 464.5 464.8 465.1 465 464.8 464.6 463.9 462.6 461.3 459.2 457.4 454.6 451.8 448.7 444.9 440.8 437.2 433.7 429.7 425.4 420.6 416.2 394.1 391.4 406.2 411.4 410.8 406.4 401.7
383.4 398.1 409.1 418.8 425.9 431.1 437.7 441.9 446.2 450.5 455.7 460 463.5 466.5 468.3 470.7 472 473.2 474.4 475.6 475.3 474.7 473.2 473 471.7 470.6 469.8 469.2 468.8 469.1 469.2 469.6 469.7 469.5 469.2 468.6 467.8 466.7 465.5 463.9 462.4 461.1 459.6 457.9 458.3 457.6 456.9 460.7 462.9 465 466.2 466.9 466.8 466.6 465.6 464.7 463 461.1 458.6 456.1 453 449.9 446.2 443.3 439.5 435.9 432.3 428.9 425.1 419.9 415.5 408.7 380.9 391.8 403.4 405.6 404.1 400.6
391 405.7 417.2 425.8 433 439.4 445.3 451 455.1 459.5 463.3 467.5 469.9 472.3 473.8 475.2 475.5 476.1 476.9 475.8 474.6 472.8 472.4 471.1 469.6 467.7 467.2 466.5 465.9 466.3 466.8 467.7 467.7 467.5 467.5 467.3 466.4 465.5 463.9 461.3 459 457.1 455.5 454.9 454.8 454.2 458 461.2 463.9 466.6 467.7 468.6 468.6 467.9 466.4 465.1 462.1 459.7 456.8 453.1 449.6 446.1 442.8 439.1 435.6 432.5 429.2 425.4 421.7 417.9 412.4 407.9 391.7 378.4 390.3 395.2 396.2 395.1
398 413.8 425.3 433.5 440.4 446.5 452.2 457.2 461.4 466.8 470.9 474.5 476.5 477.1 478.3 477.9 477.9 477.4 476 473.9 473 471.2 469.7 468.8 467.2 465.5 463.9 459.1 459.2 461.7 465 466.5 466.7 466.7 466.8 466.5 465.2 464 462.4 460.3 457.1 453.2 451.7 448.6 450 455 459.3 461.2 465.7 468.1 469.4 470.3 470.2 469.1 467.4 464.5 461.5 458.3 454.5 450 444.9 438.8 433.2 430.6 427 424.5 421.7 417.6 412.9 408.1 403.5 396.6 385.9 371.7 372.5 379 381.2 380.5
406.9 419.3 432.4 440.9 447.1 453.7 459.7 464.8 470.1 475.1 478.7 480.8 481.3 480.9 480.2 479.3 477.7 475.4 473.4 472.2 470.3 468.3 466.7 465.9 464.4 461.9 452.1 460.3 463.8 465.6 466.1 466.6 467 467.3 467.2 466.4 465.3 463.7 463 461.7 460 456.5 447 434.1 438.5 455.4 458.8 462.5 466.4 471 472.1 472 471.3 469.4 467 462.9 459.1 455.3 450.2 439.1 428.5 429.3 420.9 412.5 408.2 406.1 402.4 397.8 394.3 395.4 394.4 398.3 401.9 401.6 387.1 376.2 363.6 361.4
415 429.3 440.1 447.5 454.5 461.1 467.2 472.7 478.2 482.6 485.3 485.3 484.3 482.4 480.7 478.3 476 473.6 471.6 469.5 467.4 465.4 464 462.8 461.4 456.6 452.2 461.1 464.3 466.6 466.8 467 466.6 466.8 467 466.6 465.6 464.6 463.6 461.7 459.1 456.6 456.4 442.7 440.3 456.5 459.4 463.9 468.3 471.9 474.6 473.3 472 468.8 466.8 463.3 458.3 448.1 443.4 448 450.4 448.7 444.8 439.2 427.9 423.9 422.2 421.2 420.5 420.5 417.7 414.6 410.5 404.7 391 375.4 373.4 378.6
424.1 437.8 448.1 455.9 463.3 469.7 475.8 481.7 486.4 489.3 489.4 487.5 485 482.4 479.7 476.9 474.5 471.8 469.2 467 464.9 462.8 460.9 459 457.8 454.5 446 460.6 464 467.8 466.8 465.6 465 465.8 466.6 466.7 465.8 464.7 463.8 460.9 457.8 454.9 450.2 429.1 440 457.3 460.3 464.4 469.3 472.3 474.6 475.3 473.4 471.6 468 462.8 456.5 460.4 459.2 458.3 456.5 453.5 450.2 447.5 444.6 441.5 437.8 430 431 428.1 423.1 418.3 409.6 389.6 382.7 388.6 397.5 402.9
432.8 446.9 455.9 464.2 471.1 478.2 484.8 491.3 494.2 493.1 490.1 487.7 484.7 481.4 477.8 475 472 469.2 466.8 464.5 462 459.9 457.8 454.8 451.9 452.9 442.8 459 462.2 464 464.1 463.1 461.7 464.3 466.3 466.2 465.6 464.4 461.8 458.3 455.8 452.1 440.8 422.6 444.8 456.7 462.2 466.8 469.7 473.4 475.5 476.4 474.9 472.9 470.8 467.4 467.2 467.3 466.6 464.1 461.9 458.7 455.6 453.9 450.7 446.8 442.6 439 434.2 430.6 425.2 415.1 395.1 390.5 403.2 410.3 415.2 418.9
439.9 454.7 464.6 472.5 479.7 486.7 492.7 496.5 495.2 492.8 489.9 486.2 482.7 478.9 474.9 471.8 468.8 466.2 463.9 461.3 458.6 456 454 450.9 443.4 432 449.5 457.6 460.4 461.1 461.5 459.8 456.2 464.2 466.4 465.6 465 463.2 459 455.8 453.2 449.2 435.7 419.1 444 457 462.6 467 470.7 474.1 476.8 476.9 475.8 474.8 474.2 473.2 472.5 470.8 470.6 469 467.4 464.2 461.5 458.5 454.9 450.3 446.4 442.1 437.3 429.6 411.4 395.4 393.9 410.5 417.1 421.4 424.7 427.8
449.9 464.9 473.8 481.2 487.1 492.6 497.2 496 492.4 489.6 486 481.9 478.5 474.5 471.5 468.6 465.8 463.2 460.8 458.3 455.5 452.6 448.8 445.8 434.7 433.3 448.8 454.7 458.3 458.8 457.2 453.2 455.2 463.5 465.1 465.2 463.4 461.1 456.9 453 450.2 443 435.9 417.6 437.7 454.9 462.8 467.4 471.8 475.5 476.8 477.1 476.8 476.7 476.3 475.7 474.9 474.6 473.3 472.2 470.6 468.4 465.8 461.8 457.9 453.9 449.6 444.9 436.8 413.7 416.2 409.3 407.2 423 426.1 430 433 435.8
460.6 469.5 479.1 485.8 490.7 493.1 492.4 491.2 487.9 484.4 480.9 477.8 474.4 471.4 468.7 465.8 463.1 460.6 457.6 454.5 452.1 448.6 443.1 439.6 434.4 431.3 443.9 450.6 454.4 454.8 451.3 442.5 455.2 460.5 463.3 463.1 460.7 458 454.8 451 445.9 438.6 434.4 411.2 428.8 449.5 460.6 466.7 471.8 474 474.6 475.5 477.1 476.8 477.3 476.7 477 478 477.5 475.3 473.1 470.6 468.6 466.1 462 457.9 453.6 448.1 434.1 426.9 428.2 411 418.6 432.7 435.8 438.1 439.2 442.4
462.3 472.7 479.5 486 488 488.3 487.2 485.4 482.8 480.4 477.3 474 471.2 468.6 466 463.2 460 457.2 454.5 451.3 448.6 445.5 442.4 438.2 429.7 423.7 437.1 444.6 448.8 449.1 442.6 439.2 451.6 457.6 460 460.2 457.9 454.8 450.7 447.4 440.9 436.7 435.7 415 415.3 439.4 454.8 463.1 469 471.1 472.3 473.2 474.6 474.3 476.2 477.6 478 478.7 478.9 478.2 476.2 474.2 471.1 468.1 463.7 459.1 455.3 440.7 439.7 439.6 428 411.2 432.2 440.7 443.6 445 446.9 447.8
462.7 474.7 480.9 485 485.7 485 484 482.2 479.4 476.9 474 471.1 468.4 465.2 462.9 460.4 457.4 454.2 451.5 448.9 445.8 442.3 438.7 436.3 432.4 417.5 427.6 434.9 439.9 439.3 432.4 432.8 444.9 450.9 454.3 455.6 453.2 450.9 447.7 442.4 434.7 432.5 431.3 411.2 409 429.7 448.5 458.7 466.5 469.7 470.4 469.8 470 471.2 472.3 474.2 476.4 476.7 476.8 477.1 477.2 475.7 473.4 470.3 466.1 460.9 448.9 454.3 450.4 441.6 433.7 431.7 442.1 447.7 450.1 451.4 451.9 452.4
467.1 476.3 480 481.6 483.1 483.2 482.1 479.4 476 474.4 472.3 469.1 463.5 461.1 456.9 454.9 453.3 451.9 450.1 447.5 445.2 442.3 439.4 436.3 431.5 424.8 411.7 422.6 428.2 429.2 422.5 424.9 434.3 441.6 446.5 452.3 451 448.4 442 436 430.4 427.6 423.5 402.4 409.3 428.7 445.1 457.1 464.1 467.4 467.3 466.6 467.1 467.6 470.3 471.3 473.8 474.9 476 475.9 475.5 475.1 474.4 471.5 467.6 459.6 457.5 458.6 452.9 443.8 449.3 445 451.1 453.4 455.2 456.2 456.4 456.4
465.7 471.8 476.7 479.6 481.7 482.9 481.3 479.6 476.3 472.6 468.5 463.2 460 453.6 449.7 446.7 445.3 447.7 447.5 446.4 444.4 442.3 441.1 437.7 434 429.3 423 406.7 413.4 414.9 412.2 412.6 420.9 429.2 436.6 441.2 444.6 442.3 436.9 431.1 423.8 420.5 413 397.7 409.8 430.3 444.5 454.4 461.1 463.9 464.5 464.1 464 466.3 468.6 469.6 471.7 473.1 474.6 475.2 475.4 475.2 474.1 471.8 469.4 467.2 465.3 461.4 451.7 457.5 457 456.2 458.2 459.4 460.3 460.6 460.3 459.8
457.8 466.5 474.2 478.9 481.7 482.5 480.7 478 474 470.6 466.7 462.3 458.4 454.6 450.3 442 426.1 435 439.1 444.2 443.5 443.9 442.1 439.2 435.9 431.9 426 422.1 401.2 399.6 401.4 400.4 406.2 413.7 422.8 426.8 434.9 435.6 433.2 425.9 417.9 409.4 405.1 389.7 408.4 429.2 444.4 452 456.3 459.7 460.7 461.8 460 462.5 465.4 467.7 469.3 470.3 471.2 473.5 475.6 475.6 474.4 472.6 471 469.4 468.3 465.5 463.6 465.3 463.3 462.2 463.1 463.8 464.4 464.4 463.7 462.4
441 465.2 475.2 480 480.8 480.3 476.7 472.9 470.7 468.4 465.1 460.8 457 452.9 447.6 442.7 437.9 419.5 425.4 432.8 437.7 439.5 439.6 438.6 436.4 433.8 430.3 421.2 417 412.9 395.9 387.5 386.6 399.4 409.1 412.3 422.7 426 426.9 423.1 416.2 395.9 397.8 390.8 406.1 427.1 440.5 447 450.4 452.7 454.1 456.6 456 456.5 462.7 465.4 467.3 468.9 469.5 470.2 471.1 473.1 474.4 473.2 472 471 470 469.6 468.3 468.4 467.5 467.1 467.2 467.3 467.1 467.3 466.2 464.6
455 472.4 478.4 481.2 482.7 481.6 478.7 475.5 472.2 468.2 463.5 459.1 451 446.8 441.1 435.8 431.4 425.2 405.6 417.6 424.9 428.7 431.9 432.7 432.3 431 429 425 416 409 408.4 397.9 380.9 382 393 397.3 409.6 415.6 418 415.6 410.3 393.1 384.7 391 404.2 424.5 435.9 440.8 442.8 443.1 445 446.4 447.3 448.7 456.3 457.5 461.8 465.9 467.8 468.5 468.8 469.9 471.7 471.6 471.8 471.5 471 470.9 471.3 471 471.4 471 470.2 469.5 469.1 468.6 467.6 465.5
474.1 479.3 483 484 483.9 481.4 478.6 475.4 471.5 467 462 456.9 450.7 439.3 433.1 425.6 421.1 414.8 409.8 404.7 409.1 415.6 420.5 422.7 423.3 423.1 421.6 418.9 415.1 405.4 401.4 398.1 397.3 378.4 379.1 385.2 395.9 404.3 408.6 407.8 404 388 376.7 390.7 401.2 419.5 429.1 433.7 435.5 434.9 436.1 435.6 436.3 439.1 448.2 451.1 454.7 460 464 466 467 468.1 468.6 468.7 469.5 470.1 470.8 471.3 472.3 472 472.5 472.7 471.9 471.4 470.5 468.8 467.7 465.7
482.8 485.9 487.1 486.9 484.7 482.3 478.9 475.5 471.5 467 461.2 454.4 443.2 430.2 420.6 412.4 404 401.2 398.9 393.6 392.5 399.9 406.1 409.5 410.4 410.8 410.9 408.6 405.6 403 395.8 385.3 394 391.7 374.5 374.3 383.3 392.7 397.7 399.9 396.3 381.1 375 388.6 398 413.4 421.5 425.4 427.3 427.3 428.4 428.3 423 431.3 440.7 444.3 447.9 452 456.6 460.3 464.2 464.9 463.9 464.8 466.1 467.3 468.8 471.1 471.3 471.2 472.2 472.6 472.1 471.5 470.5 468.6 466.8 465.1
489.2 491 490.9 488.9 486.4 483.5 480 476.5 471.9 466.6 459.7 444.3 427.9 431.8 431.5 427.8 422.4 416 409.7 409.2 395.3 386 388.5 393.2 393.6 396.2 396.3 395.8 393.4 390.4 387.6 378.7 385.3 385.4 384.7 374.5 375.3 382.8 388.5 391.2 390.1 375.4 369.5 380.4 394 406.1 414 418 418.8 419.7 420.7 418.1 419.8 422.6 432.4 438.2 440.4 445 448.4 453.4 457.2 459.5 458.8 458.6 460.8 464.5 467 468.3 468.7 469.3 470.6 471.8 471 469.7 468.5 466.7 464.9 462.5
493.8 493.6 492 489.7 487.5 484.8 481.7 477.4 472.8 466.9 451.5 446.6 453.2 456.4 457 456.4 452 447.5 441.7 431.2 416.2 398.5 387.5 380.8 380.5 379.4 379 379.9 379.2 377.3 377.6 373 373.7 375.3 376.2 374.4 367.2 375.8 379.9 383 384.8 373.8 366.1 373.8 386.3 398.9 405.7 409.2 410.2 411.3 414.6 411.8 410.3 416.2 427.7 432.2 434.1 437.6 440 445.1 447.7 449.3 451 451 454.8 458 460.7 463.7 464.6 465.8 468.6 469.6 468 467.2 465.6 463.2 462.1 460.4
494.5 493.9 492.1 490.7 488.6 486.1 483.5 481.3 477.8 470.2 466.3 469 468.6 466.8 465 463 460.7 457.1 452.7 443.5 437.9 420.1 406 393.7 386.2 380.6 375.5 372.5 368.6 367.6 367 367.3 366 368.8 371.1 371.2 362.8 369.8 372.8 374.2 378.3 373.6 365.9 372.1 379.6 392.1 397.4 399.6 400.2 401.2 403.2 400.7 403.6 414.3 422.2 425.9 426.5 430.5 433.3 436.3 439.3 442.2 444.3 447.6 453 455.6 457.3 458.3 457.6 460.4 463.9 466.5 465.4 463.4 461.3 459.8 458.8 458.1
493.2 493.6 492.6 491.9 490.2 487.9 486.4 484.2 482.1 480.1 477.8 475.7 473.8 471.6 469.5 467.5 464.6 461.5 457.9 453.4 447.8 440 427.8 416.7 406.1 397.7 387.9 375 369.9 365.5 364.7 362 359.2 361.1 367 368.2 366.5 360.1 367.6 367.3 368.5 371.4 357.8 367.7 375.1 385.3 389.1 390.2 388.4 388.4 390.9 390.6 399.5 410 414.9 417.6 418.4 422.4 425.3 426.8 431 433.1 436.2 442.8 447.8 450.5 451.8 451.6 450.7 454.4 457.7 462 460.5 458.3 457.2 455.6 453 452.1
492.4 493.3 493.5 492.8 491.8 490.5 489.1 487.1 484.9 482.9 480.8 478.5 476.7 474.8 472.5 470 467.1 464.2 460.7 456.6 451.8 445.8 439.2 429.6 418.2 407.7 396.6 382.2 380.1 376.6 374.4 371.2 367.6 361.2 356.5 360.3 363.4 353.4 362 361 361.4 364.7 352.4 365.9 369.8 377.2 380.2 378.8 379.3 378.8 381.3 376.8 395.2 403.8 408.2 409.6 412.1 412.6 416.4 419.5 420.8 421.5 428.7 435.4 440.8 443.3 444.1 443.4 444.3 448.5 453.6 454.8 455.5 452.9 452.8 449.7 447.3 442.7
492 493.3 494.1 494.2 493.4 492.3 490.7 488.5 486.7 484.5 482.1 479.9 477.9 475.7 473.2 470.6 468 464.8 461.3 457.3 452.6 446.4 439 431.8 421.8 409.4 402 396.3 389.5 383.4 378.3 377.1 373.2 365.8 360 350.1 353 350.6 356 353.3 354.1 355.1 349.6 361.4 364.6 367.6 369.5 370.7 370.1 370 372.7 373.7 387.9 397.2 400.8 403.1 404.5 406.7 409.1 410.4 412.1 414.3 419.5 427 432.4 434.3 434.9 434.4 429.7 442.4 450.3 453.4 451 448.9 450 444.1 440.4 436.5
493.2 494.6 495 495 493.9 492.5 490.8 488.9 486.6 484.3 482.2 479.7 477.8 475.6 473.2 470.5 467.4 464.6 460.9 457.1 452.1 446 439.1 431.2 423.7 416.9 407 402.8 396.3 389 383.5 379.9 373.1 367.6 362.8 356.2 348.3 346.9 351.6 350 349 348.4 351.1 358.1 361 361.9 362.2 363.6 360.3 361.2 360.5 370.1 382.6 389 394.3 397.1 398.8 399.1 399.4 402.3 403.8 407.1 413.1 419.4 423.6 425.1 425.7 423.1 426.8 435.6 444.4 447.1 446.5 444.9 444.4 438.3 432.4 424.7
493.4 494.5 494.5 494.4 493.1 491.9 490.3 488.1 486.2 483.9 481.2 478.9 476 473.7 471 468.3 465.1 462.5 459.1 455.1 449.8 443.4 437.3 430.7 423.6 417.1 409 399.3 396.4 388.3 385.6 381.2 371.9 368.7 364.1 358.5 353.1 344.1 343.7 350 349.3 343.8 346.8 355.1 357.3 356 355.9 354.5 352.3 353.9 361.8 370 378.7 383.3 387.7 392 393.5 393.5 393.9 394.6 397.7 398.2 407.4 411.5 414.5 415.9 417.1 411.6 420.8 430.8 437.9 439.9 438.6 435.4 435.8 428.2 416.1 405.7
