UK/data/sn/sn72_OST50GRID_20230518/SN72.asc
ncols 200
nrows 200
xllcorner 270000
yllcorner 220000
cellsize 50
[rows 140 to 174 of 200, columns 78 to 155 of 200]
134 141.4 147.1 151.6 156.1 159.9 159.6 161.7 163.9 164.9 164.8 164 162.8 164 163.9 161.4 166.4 180.3 183.8 186.2 189.5 193.3 197.4 201.5 205.1 208.8 213.7 219 223.6 228.1 232.6 237.4 241.5 246.1 252 258.9 262.8 266.6 271.7 277.5 278.7 277.4 274.7 275.1 275.4 267.6 266.8 261 254.7 247 241.1 240.4 239.5 236.1 235.5 237.4 241.8 248.1 242.6 256.2 258.9 260.5 263.5 269.4 276.5 283.2 289.9 295.5 300.2 302.2 301.3 306.2 312.2 317.2 327.2 335.3 337.6 347.3
132.8 140.6 146.5 151 157.5 162.2 163.6 164 166.2 167.9 168.2 168 168.2 166.7 166.7 166 169.7 179.6 185.2 188.5 192.1 196.6 200.9 205.1 209.5 213.7 219.1 223.7 229.4 233.3 237.3 241.2 244.9 251.2 257.9 263.8 268.3 271.2 274.6 277.7 280 278 276.5 275.4 271.9 270.1 270.6 266.6 260.8 257.6 248 246 245.1 241.4 241.6 246.3 254.4 259 251.6 263.7 266.2 267.7 274.1 281 288.3 293.9 299.6 305.6 310.9 314.8 313.4 314.5 320.4 326.7 331 339.1 345.8 348.5
134.9 140.2 145.3 149.5 155.9 161.7 164.2 166.5 168.3 169.7 170.7 171.8 171.9 170.3 170.5 171.8 175.6 182 187 190.8 194.6 199.5 204.2 208.6 214.4 218.4 222.5 228.6 234.4 238 241.3 246 251.8 258.3 264.8 267.3 269 271.3 273.5 275 277.6 278.7 276.1 272 267.6 265.9 263 259.7 257.1 254.2 251.3 250.6 249.7 249.1 253.1 258.6 264 265.7 254.3 269.8 273.7 276.4 283.9 290.9 296.9 302.6 309 315.4 320.3 323.9 324 325.7 330 334.6 339.8 345.9 351.8 355.1
137.6 141.7 146.2 150.4 155.3 160.5 164.4 168 170.3 172.3 174 175.2 175.2 174 174.9 177.4 181.5 185.8 189.9 193.5 198.7 203.7 208.4 214.1 218.5 222.7 227.9 233.9 237.8 242 246.5 252 257.4 263 266 266 265.6 267.8 270.7 272.8 275.7 275.9 274.3 267.7 260.2 257.8 256.6 259 260.4 261 262.7 260.9 258.3 258.3 260.9 266.3 272.3 273.1 262.5 273.4 278.4 283.5 291.5 298.2 304.5 310.2 317.6 323.9 329.1 332.3 334.3 336.8 341.1 345.2 349 353.1 357.4 362.8
140.5 144.7 149.2 153.2 157.5 162.1 165.6 169 172.8 175.6 177.6 178.6 178.6 177.8 178.4 182.7 186.9 190.7 194.2 197.8 203.3 208.7 213.7 218.1 222.4 227.3 232.5 237 242.4 247 251.7 255.4 259 260.8 259.7 259.3 259.7 262.7 266.4 270.3 272 274.5 270.8 257.7 251.4 255 261.7 266.4 272.8 277.1 279.1 275 269.4 266.7 268.1 273.3 279.4 279.6 278.5 283.4 288.2 291.3 299.5 305.9 311.6 317.7 324.2 329.5 334.1 338.4 342.3 346.6 350.6 354 357 360.5 365.2 369.6
144 148.9 151.3 155.7 160.1 164 167.6 171.3 175.1 178.4 180.4 181.2 182.1 181.7 183.1 187.7 191.4 195.1 199 203.2 208.4 212.8 216.2 219.9 225.1 229.8 234.3 239.8 245.8 249.5 251.6 253.3 253.7 253.9 252.8 253.5 255.6 258.7 263.1 266.2 267 266.6 255.9 249.3 255.1 263.9 272 277.5 281.1 284 286.6 286.9 283.8 277.8 276.4 280.5 286 288.8 293.1 298.7 302.1 305 308.5 313.6 318.9 324.5 329.6 334.7 339.6 345 350.4 355 358.9 363 365.9 368.8 372.2 375.3
143.1 151.3 153.6 157.1 161.8 165.1 168.6 171.9 174.9 178.2 180.5 182.5 184.5 185.9 187.3 191.3 195.1 197.8 202.3 207 211.3 214.6 217.5 221.1 225.5 230.8 235.7 239.8 244.7 247.8 248.6 248.9 248.6 247.2 247.9 249.1 250.8 253.4 254.6 252.5 250.2 250.1 246.9 252.9 263.5 269.6 274.4 279.6 284.8 290.3 292.8 292.2 290.1 289.4 291.3 295.1 299 304.2 306.6 310.3 311.2 310.8 314.6 320 325 329.7 334.8 340.7 346.3 352.4 358.5 362.6 366.6 370.1 372.9 375.8 378 380.4
138.2 148.5 153.7 157.3 161.1 165.3 168.7 171.8 174.9 177.8 180 183.7 186.8 189 190.8 193.1 195.7 198.3 200.8 206.9 212.3 214.9 217.2 220.7 225.2 230 232.4 235.5 239.7 243.5 243.5 241.8 241.5 242.2 242.1 242.9 243.4 242.3 239.9 241.5 243.7 244.2 245.5 254.4 263.7 270.2 277 283.4 289.9 294.3 296.4 297.1 300.9 303 305.1 307.3 309.4 311 312.7 316.1 317 316.9 321.4 326.5 331.7 336.6 342.3 347.8 353.5 359.4 365.1 369.4 373.3 376.8 380.4 383.1 385 387
134.7 144.1 149.7 154.4 160 164.8 168.6 171.7 174.7 177.7 181.3 185 188.1 190.8 192.8 194.4 196.3 198.5 200.9 205.9 211 213.8 216.3 219.3 222 225.4 226.7 227.9 230.7 233.6 233.8 234.4 235.3 235.5 234.4 233.5 233.4 233.5 235.7 237.8 238.8 241.6 248.7 257.2 264.8 272.7 280.3 287.2 292.5 296 298.6 302.2 306.6 309.2 310.8 310.4 310.7 311.9 314.9 318.9 322 324.7 328 332 337 342.4 347.5 353.3 359.2 365.2 370.7 375.7 379.5 383.4 386.8 389.1 391.2 393.5
122.7 136 145.2 155.6 161.1 165 168.5 171.5 174.6 178 181.9 185.7 189.3 192.2 194.4 196.2 197.8 200.4 203.4 206.4 208.1 210.7 212.6 215.5 218.8 219.8 220.7 222.3 223.8 225.3 227 228 228.9 229.1 227.2 229.3 230.1 231.6 233.5 235.1 238.2 244.3 252.4 261.8 268.7 274.6 281 286.6 291.1 294.8 297 300.2 304 306 306.2 308.2 310.7 314 317.9 321.4 324.4 327.4 331.4 336.4 341.3 346.7 352.5 358.2 363.9 369.1 374.9 379.9 383.9 389.2 393.6 397.3 399.2 401.4
143.5 134.8 140.5 155.5 161.7 166 169 171.2 174.2 177.8 182.5 186.2 189.8 192.8 195.4 196.9 198.6 201.6 202.2 202.7 203.4 205.5 207.1 207.8 208.8 211.8 215.5 215.5 215 219.4 222.3 223.4 222.2 223.1 222.6 224.8 227.4 230.4 234.3 237.2 243.5 252.5 259.3 264.5 270.2 274.9 281 285.5 289.4 291.3 293.5 300.2 300.9 301.8 306.2 308.2 312.4 315.5 318 321.8 325.8 329.2 333.7 338.9 343.9 349.6 355.4 361.2 367 373 379 384.8 390.1 395.9 399.9 403.6 407.2 409.6
152.1 149 133 150.7 159.6 164.4 167.9 169.4 171.5 176.2 181.5 186.1 189.6 191.6 192.8 192.9 195.1 197.5 197 193.9 193.6 195.4 193.5 189.2 182.8 183 191.5 191.6 191.6 203.8 211.7 210.2 206 217.9 222.6 224.8 229.5 233.7 238.1 243.1 249.3 254.7 259.9 264.9 269.7 274.1 279.5 284 286.5 288.9 291.4 293.4 296.8 300.2 303.6 306.9 311.1 314.5 318.3 322.1 325.9 330.4 334.9 340.1 346.2 351.7 357.8 364.3 371.4 377.8 384.2 391 396.4 402.1 406.9 410.7 414.1 417.1
157.8 155.4 150.5 133 153.7 158.9 161.7 161 164.6 168.3 172 183.7 186.6 184.9 184.5 181.5 179 176.2 175.3 171.4 171.9 173.3 169.1 168.1 169.4 170.2 172.2 174.7 181.1 190.3 190.4 205.4 221.5 222.1 224.3 227.8 232.1 235.7 240.2 244.2 249.1 252.8 256.4 260.5 264.7 269 274.5 277.9 281.4 284.7 284.7 287.4 291.3 297 300.8 304.5 309.5 314.6 318.8 322.7 327 331.3 336.3 341.9 348 353.9 360.5 367.3 374.2 381.7 388.7 394.9 400.3 406.6 412.4 417.3 423 427.3
159.1 159.1 156.2 149.9 136.1 138.2 142.1 148.1 149.6 154 156.9 160.1 159.6 161.7 163.2 157.7 155.5 158.2 160.2 162.3 163.1 163.8 165.1 167.6 167.5 169.8 172.4 172.6 175.4 181.2 188.9 209.8 222.5 222.3 226 229.7 233 237 240.5 243.5 245.1 247.8 250.7 253.9 257.7 261.8 266.4 271.4 275.1 278.5 278.5 284.7 290 294.1 298.2 304 309.6 314.8 319.4 324 328.5 333.5 338.6 344.3 350.6 357.6 365 371.4 378.3 385.9 393.1 398.8 404.5 411.6 418.2 424.7 431.4 437.3
159.8 161 159.2 157.3 156.1 159.2 155.6 152 148.4 148.3 148.9 151.5 152.3 153.3 154.8 155.5 158.2 161.5 161.4 165.6 166.9 169.7 172.5 179.3 180.9 185.8 185.7 179 174.6 176.7 178.3 192.5 211.1 219.8 225.5 229.6 232.7 236.1 239.1 240.2 241.8 244.1 246.6 250 253.7 257.6 260.5 264 268 274.3 280.3 284.6 288 294.5 297.9 304 310 315.6 320.7 325.5 330.9 335.5 341 347.1 353.6 360.9 368.8 376.6 383.2 389.7 396.8 403 410.1 418.8 426 433.8 439.8 448.7
160.7 162.1 162.6 161.2 162.7 166.2 167.2 167.2 163.2 159.5 161.2 160.5 161.4 163.4 166.3 169.9 175.6 178.8 180.3 185.7 186.9 188 188.4 189.5 191.9 192.9 193 193.6 192.6 177.3 177.1 180.5 194.5 214.5 223.4 227.7 230.8 232.8 235.3 236.8 238.5 241.7 244.5 247.6 251.8 247.8 248.3 260.3 268.8 273.3 273.9 281.6 288.2 291.3 299.1 305.9 310.9 317.4 323.2 328.7 333.5 338.5 344.2 350 357.5 366.1 375 382.3 388.6 394.6 401.8 409.8 418.1 426.4 435.3 443.1 449.4 461.1
161.1 162.7 164.1 163.7 164.9 168.7 171.4 173.7 173.3 171.5 171.3 173.4 174.5 177.7 182.2 187 193.7 193 191.8 196.9 196.6 195.2 195.7 197.5 202.1 204.7 206 206 201.9 196 186.7 180.3 181.8 196.9 215.5 220.5 223.9 227.8 230.2 232.6 229.9 224 228.5 231.3 242.6 250.4 252.3 253.7 261.7 265 276.8 287.5 294.1 299.5 302.9 305.8 315.3 321.8 326 330.3 335.2 341 347.3 354.3 362.3 371.3 379.7 386.6 392.9 400.4 409.4 417.9 425.9 434.4 442.1 449.7 459.9 471.7
160.7 162.6 164.9 166.6 169.1 172.5 175.1 177.5 178.9 179.8 178.7 178.6 179.1 185.2 189.9 194.6 195.3 199.5 196 201.8 202.7 203.8 205.6 206.2 211.7 213.5 213.7 215.9 212.1 209.9 202.2 193.1 180.4 185 206 214.8 219.4 222.7 221 216.6 224.5 234.5 241.8 245.4 249.2 253 257.1 261.1 263.6 270.7 279.4 288.3 295.8 302.3 307.8 311.1 312 319.4 324.7 329.9 337.2 344.3 350.4 358.3 367.9 376 383.4 390.1 397.8 407 416.6 425.3 432.5 441.6 451.3 460 471.2 483.2
159.8 161.8 164.8 168.4 171.8 175 177.8 180.4 181.9 183.5 183.9 185 187 189.5 192.3 196 199.4 204.1 203.7 205 208.1 208.7 211 213.3 215.9 218.3 219.9 221.1 221.4 221.5 220.8 209.9 190.7 185.2 197 208.9 213.8 210.7 222.7 231.5 228.7 242.1 245.8 249.6 253.4 257.1 261 264.4 267.6 270.3 277.7 287 295.3 300.8 307.3 312 318.8 324 325.2 332.9 341.2 347.7 354.1 363.3 371.6 379.9 386.2 395.1 403.4 413.5 423.4 432.2 441.8 452.6 461.8 471.7 484.9 497.5
158.6 160.7 164.6 169 172.9 176.6 179.9 183.1 185 186.6 188.4 190 190.8 192.2 196.1 199.3 202.6 207.8 209.3 212.4 215.1 215.1 216.9 218.9 220.6 222.6 223.9 225.8 226.4 227.4 227.8 221.3 202.2 185.8 188.3 204.9 219 227.9 232.1 237.5 241.2 240.6 249.2 253 256.7 260.3 263.1 268.2 272.7 275.9 276.8 288.3 296.5 302 307.5 314.5 320.7 325.1 330.1 336.3 343.4 350.4 357.7 366.8 376.7 383.3 391.9 401 409.3 419.4 430 439.7 450.9 460.1 469.8 484.1 497.5 507.9
157.3 159.2 163.5 167.7 171.9 176.8 181.4 184.9 187.7 189.9 192.5 196.7 199.1 199.6 202 206.7 211.2 212 214.4 217.6 219.8 220.4 221.7 223.3 224.9 226.4 228.3 230.7 233.3 235.3 235.8 229.6 214.5 194.3 191.7 220.9 229 233.7 239.1 244.3 248.1 249.8 251.8 256.5 260.2 263.5 267.7 272.3 276.2 281.3 286.4 289.9 294.2 302.4 309.1 315.1 321.4 327.8 334.7 341 347.5 352.4 361.7 371.2 381.4 389.9 397.1 406.8 416.1 426.6 438 447.6 457.1 466.6 480.3 495.3 508 518.2
156 157.6 160.5 164 170.2 175.8 181.3 185.5 189.6 192.5 196.8 202.7 207 204.6 206.1 208.2 212.5 216.4 219.3 221.6 223.7 225 225.9 227.2 228.3 230.1 231.4 235.3 238.7 239.8 239 232.3 220.3 204.3 186.2 211.6 231.5 238.5 243.6 247.8 251.2 253.8 253.4 259.7 263.3 266.8 270.8 275.9 280.4 284.5 289.7 295.5 300.8 304.2 311 316.6 323.5 332.3 338.4 346.1 354 357.5 367.1 375.9 386.1 395.2 404 412.9 422.1 433.3 443.9 452.9 463.6 476.7 491.8 505.5 517.5 527.4
153.7 156.1 158.3 161.1 166.6 173.6 179 184.1 188.9 193.9 198.6 205.5 211.2 209.2 209.8 212.6 215.7 219.9 222.7 224.9 226.4 227.3 228.2 229.9 232 233.5 234.7 238 240.8 242.9 240.5 232.6 223.8 208.2 186 215.7 232.7 239.3 244 248.3 252.3 256.6 260.1 262.4 265.7 270.1 274.3 279.1 283.7 287.7 293.2 299.5 304.4 309.9 314 318.4 326.6 334.3 342 350 357.4 364.2 370.8 381.4 390.9 400.3 407.4 416.7 427.8 438.2 447.5 459.4 471.6 485.4 501.2 515 527 539.2
152 150.9 156 159.9 164.1 170.9 176.5 182.7 187.9 192.8 197.9 204.5 209.4 211.9 213.7 216.3 219.7 223.8 226.2 227.8 229.4 230.7 231.9 233.8 234.9 236.6 237.8 240 242.7 244.2 239.6 233.5 218.2 207.3 188.6 212.6 229.9 237.1 242.5 246.5 250.5 256.7 261.4 264.1 266.9 272.4 277.6 282.2 286.1 291.1 295.7 301 307.1 313 318.4 324.2 329.7 337.7 346.6 354.1 361 369.3 377.6 385.5 393.9 401.2 410.6 421.1 431.7 441.9 453.8 465.5 478.3 494.2 508.8 522.1 533.3 545
156.3 157 157.4 159.8 165.2 169.3 177.2 184.1 189.2 193.6 199.3 205.9 211.3 215.6 217.5 220.1 225 227.5 229.9 231.7 233.1 234.6 235.9 236.8 238.8 240 240.4 242.5 244.7 243.2 239.2 234 218.2 204.9 200.5 215.2 221.6 237.8 241.8 245.6 251.7 255 260.8 266.2 269.2 272.9 278.1 282.8 287.6 292.4 296.9 302.7 310.5 315.2 320.4 326.8 333.9 342.8 350.8 358.8 366.3 374.5 380.8 389 397 403.7 414.8 424.8 434.8 446.8 458.8 470.2 481.8 500.5 515.5 526.6 541.7 545.5
159.2 160.4 160.9 163.4 170.6 175.6 180.2 187.7 197 201.2 205.2 211.5 216.4 220.2 222.8 225.9 229.2 231.3 233.4 235.1 236.6 237.8 238.6 240.7 243.6 244.4 245.1 245.3 245.2 243 239.1 233.6 218.2 199.6 216.5 231.4 234.4 227 243.3 248.8 253.4 258.2 263.8 268 272.5 276.5 280.7 285.2 290.4 294.6 299.8 305.6 312.4 317.5 323.3 331.7 341.4 349.2 356.2 364.3 372.1 378.9 385.4 393.2 401.3 408.7 418.2 428.6 440 451.9 463.3 472.6 485.6 505.4 519.5 533.4 545 544.5
161.4 164 165.8 167.4 176.3 180.4 185.1 193.4 203.7 209.2 213.4 218.5 223.1 226.3 228.7 231.3 233.5 234.5 236.5 238.3 239.7 241.3 243.2 246.9 248.5 249.4 249.7 249.6 247.6 244.4 240.1 234 215.3 225.3 232.6 235.7 238.5 241 236.3 246.8 252.9 259.2 264.9 269.7 273.5 277.7 282.8 288 292.7 297.4 302.9 308.5 315.4 321.4 329 336.9 344.9 351.9 360.6 369.8 376.3 382.3 388.7 396.7 405 412.9 422.5 434 444.3 455.4 464.8 473.5 488.8 508.6 523.2 540.2 545.4 543.1
166.6 172 173.8 168 181.1 186.5 193.5 202.6 212 216.3 218.5 221.5 225 227.4 230 233.1 235.6 237 238.7 241.6 243.6 245.4 248.3 250.8 252.6 253.9 253.9 253 251.2 247.8 242.7 236.3 221.8 231.1 236.7 238.8 241.9 244.6 246.5 247.9 251.8 252.1 262.6 266 274.1 279 283.9 288.8 294.1 299.3 304.8 310.7 317.2 324.4 333.3 341.6 349.1 356.3 365.6 373.1 379.5 386.2 394.3 401.8 408.7 418 429.1 438.1 448.7 458.1 467 478.2 492 508.4 526.4 541.3 543.4 541.7
174.8 179.2 179.4 173.2 183.3 191.3 201.3 211.2 216.9 219.2 220.7 223.1 225.2 227.4 230.6 233.6 236.3 238.6 241.6 245.4 249.1 251.9 254.2 255.9 257 257.6 257.4 256.2 254.3 251.5 247.6 243 234.7 230.4 239.7 243.5 245.8 248.2 250.7 252.8 255 261.3 266.9 271 275.2 278.6 281.7 288.7 294.8 300.8 306.7 312.9 319.7 327.8 335.2 342.4 351.4 360.4 368 375.6 382.7 389.8 397.5 405.8 414.1 423.4 433.4 442.4 451.7 461.1 471.5 483.3 497.2 512.1 530.5 542.5 550 558.8
182.6 186.7 187.8 186.2 177.6 194.6 204.4 214.2 219.7 222.6 223.8 225.1 227.2 229.1 231.7 234.2 236.7 240.9 244.8 248.7 253.7 256.9 258.8 259.5 260.1 261.1 260.3 258.6 256.7 254.5 251.7 248.5 245.8 236 233.7 242.8 249.3 250.7 252.9 257 260.6 263.1 268.3 272.4 276.9 281.7 285.8 290.7 296.1 301.1 309.2 316.9 322.9 330.7 337.6 345.9 354.1 362.8 369.9 378.9 387.1 394.2 402.5 411.1 419.9 429.5 438.1 446.8 456.7 466 476.3 487.6 499.8 517.2 536.1 550.5 568.2 575.1
189 192.1 192.9 192 189.1 191.6 202.7 210.8 217.1 219.9 222.2 226.9 229.6 231.3 233.3 235.2 238.9 243.3 247.6 251.9 256.2 260.3 261.7 261.7 262.4 263.5 262.7 260.5 259.1 257.8 254.8 251.5 248.4 241.6 228.9 231.7 244.3 251.5 255.7 260.1 262.8 266.6 270.8 275.1 279.6 284.3 288.9 293.9 299.9 305.4 312.1 315.5 324.2 332.1 340.7 349.1 356.6 365 373.9 383.6 392.1 400.8 408.9 416.6 424.8 433.7 442.1 450.9 461.3 471.4 481.5 492.6 504.7 525 544.8 569.6 576.8 582.1
193.2 197.4 198.2 199.4 199.3 195.7 199.6 199.7 204.3 217.6 226.3 229.3 231.7 233.1 235.3 237.4 241.9 246.4 250.7 254.7 258.6 261.7 262.1 262.9 264.9 266.6 266.4 264.5 264.8 262.4 257.6 253.3 249.8 240.4 232.2 233.1 233.7 250.5 256.9 260.8 264.8 268.7 273.7 278 282.2 286.9 291.2 296.3 302.3 308.1 314.8 321.7 324.6 334.2 343.5 350.6 359.7 368.7 377.2 386.1 395.1 403.7 412.5 420.7 428.8 436.8 445 454.4 464.9 475.7 485.7 496.1 510.3 532 558.7 573 579.4 583.7
197.3 204.3 205.1 207.4 206 203.5 201.5 209 214.3 218.1 223 228.4 233.4 234.9 237 240.8 244.5 248.2 252 255.5 258.7 259.4 260.8 263.3 265.5 267.1 268.4 269.8 268.7 264 259.6 254.7 248.4 236 243.8 241.9 239.1 240.5 251.4 259.6 265.3 270.4 274.7 279.4 283.5 287.8 292.8 298.5 304.2 309.4 316.1 322.7 329.5 336.7 344 352.1 357 369.1 378.7 387.8 396.7 405 414.9 423.7 431.8 440.3 449.3 458.8 470.1 480 489.3 500.3 516.9 538.6 562.2 569.4 576 581.2
204.1 209.4 212.5 212.3 211.2 210.1 209.8 212.2 219.2 224.8 229.1 231.2 234.9 237.4 238.5 240.8 244.3 248.1 251 253.1 257.7 262.4 264.8 265.8 267.8 268.5 271.1 271.9 268.5 264.5 260.1 254.5 245.7 242.5 250.3 250.5 247.4 239 241.9 251.6 262.2 269.4 274.9 279.6 283.9 288.9 294.5 300.1 306.1 312 318.5 325.4 331.8 338.9 346.1 354.6 362.8 370.5 377.8 387.3 397.2 407 417 425.5 434.4 442.7 452 463.7 476.4 487 497.6 509 523.8 548.9 560.6 568 574.3 579.3
212.9 214.4 217.9 217.7 216.7 217.3 219.7 218.7 227.2 230.9 233.8 236.1 235.8 239.8 242.5 244.6 247.3 248.8 251.1 255.4 260.6 263.8 266.3 267 268.1 270.2 272.8 272.3 268.7 264.8 259.4 251.3 252.4 250.3 254.5 256.7 256.3 251.1 242.1 243.5 256.1 266 272.8 278.5 284.2 289.2 294.6 300.4 306.8 313.1 320.4 327.8 334.5 340.9 348.6 357.9 366.5 375.5 382.6 390.1 398 406.7 416.4 425.3 435 444.5 455.7 468.2 481.7 495 507.6 517.3 532.3 552.8 565 573.3 577.2 578.2
