UK/data/sd/sd83_OST50GRID_20230518/SD83.asc
ncols 200
nrows 200
xllcorner 380000
yllcorner 430000
cellsize 50
[rows 72 to 107 of 200, columns 80 to 159 of 200]
104.6 106.5 108.1 112.4 119.6 122.1 128.1 131 134.7 139.6 143.8 147.5 151.2 156.6 161.8 166.4 170 173.5 177.5 179.6 183.4 186.3 189.1 192.2 195.5 197.6 202.1 204.2 205.5 207 208.2 211.2 213.2 216.8 221.5 228.1 232.4 233.2 234.4 232.2 234.8 236 237.4 236.6 239 239.9 241.6 241.9 242.7 242 239.6 237.9 234.5 230 228 226.3 222.2 214.1 206.8 199.6 190.2 181.4 180.2 176.7 176.5 183.6 183.1 177.2 174.5 176 178.6 185.3 191.9 198.4 204.6 208.1 212.8 217 223.7 222.3
102.8 106.8 111.8 116.7 120.4 122.6 127.7 131.2 136.6 143.1 143.9 146.5 151.9 157.2 161.9 165.8 169.4 173.1 176.1 181.4 185.5 189.5 189.9 193.9 196.8 199.5 202.6 205.6 207.1 209.7 212.1 216 219.1 224.5 228.2 233.9 238.9 243.8 244.8 246.2 247.3 248.9 250.9 250.7 249.4 248.5 248.2 248.9 249.1 248 244.6 246.8 243.4 237.2 232.5 229.4 227.7 223.4 214.5 205.4 194.9 189.1 184.2 180.5 179.6 182.5 185.6 183.6 178.8 181.8 177.5 176 180.3 186.5 191.9 193.4 201.9 208.3 213 213.2
103.3 109.4 114 119 124.5 127.4 131.7 137.1 139.6 143.6 146.3 148.2 150.9 155.3 161 164.8 168.2 171 173.6 179.3 184.6 189 192.4 195.4 198.9 203.2 205.1 206.5 209.7 216 219 221.4 226.5 228.8 233.8 237.3 241.1 243.8 247.4 250.8 254.8 258.6 260.6 261.5 261 261.3 257.9 256.7 255.7 255.3 249.9 248.7 249.6 245.6 237.9 231.6 228.3 226.7 214.9 209.8 204.9 196.1 187.4 184.9 183.7 184.1 186.4 186 180.4 185.8 186.9 188.3 186.1 179.8 179.7 182.6 187.2 189.1 188.4 190.8
106.1 112.5 116.9 123.6 127.4 133.5 136.8 140 142.9 143.9 149.1 152.3 153.2 154.9 159.9 165.9 167.2 170.4 171.7 178.5 183.2 190.3 193.8 196.2 200.2 203.8 206.2 208.7 216.1 218.8 223.4 230 237.2 234.8 237.6 241.5 243.2 246.6 247.5 250.5 254.4 257.8 263.2 265.5 266.4 267.3 267.4 267.6 263.8 259.3 257 252.8 250.4 249.3 244.3 235 228.6 226.2 224.3 219.8 213.1 202.6 194.3 190.5 188.1 187.1 188.9 188.3 184.8 182.3 187.9 191 192.5 194.9 197.2 196.9 197 191.3 191.7 191.7
108.8 115.7 121.1 127.4 131.5 131.5 138 142.5 143 149.4 152.5 155.7 157.1 160.3 161.8 166 166.9 168.4 172.3 173.8 179 188.9 193.3 196.7 199.3 202.9 206.4 211.8 217.1 219.3 222.4 225.9 235.8 239.5 240.5 243.4 246.4 249.1 251.9 254.6 256.7 259.6 262.3 264.3 266.6 268.4 269.9 269.8 270.1 269.9 266.5 259.1 253.1 251.4 248.1 245.1 232.5 228.1 226.6 223.1 218.4 211.1 202.5 197.8 193.9 191.9 191.3 190.8 189 184 187.9 190.8 194.4 198.9 201.3 203.6 204.9 206.9 209.5 211.2
113.1 122 127.4 130.1 131.9 135.2 141.9 144.4 146.7 151.1 153.9 157.9 159.9 162.4 165.7 167.4 169.1 171.5 173.7 182.7 187.8 189.6 188.6 196.1 198.6 201.6 205.9 211.6 215.8 218.3 221 228.2 233.1 229.1 239.8 240.9 248.8 253.4 256.2 260 264.5 266.4 268.5 266.9 266.6 267 268.8 269.5 269.3 270.9 270.1 267.4 262.2 256.9 253.6 251.7 245.8 234.2 229.6 226.4 222.3 217.2 210.5 203.7 200.7 198.1 195.4 193 191.6 188 188.5 193 197 201.2 203 205.7 208 209.6 213 214.7
115.7 127.7 131.6 134.5 138.3 140.8 143.8 145.8 148.8 152.4 154.4 159.3 161.3 163.8 166.1 168.3 171 175 180.9 186.7 190.5 193.8 195.5 190.8 197.5 200.7 204.6 210.5 212.8 216.5 221.1 226.3 222.5 234.2 237.5 238.9 242.2 246.9 252.1 256 261.6 265.3 266.5 269.8 266.6 266.4 267.4 268.7 269.2 269.8 271.1 272.2 268 263 260.1 255.9 252 244.8 234.8 230.5 226.6 222.9 218 207.4 207.3 204.3 200.3 198.6 195.2 194.7 188.5 194.4 199.7 201.6 205.1 207 209.5 211.8 214.6 217.6
120.7 127.4 131.2 135.8 140 143.5 145.3 142.4 150.5 153.7 157 159.3 162.5 164.5 166.3 169.1 172.4 178 183.4 187.4 192.7 196.7 198.2 197.9 193.5 199.6 203.5 206.6 210 215 219.3 225.3 229.3 232.8 235.5 238.2 240.9 245.6 249.8 253 256.4 261.9 263.9 267.2 265.2 264.9 266.3 268.5 270.5 270 269.7 269.6 268.7 268.6 267.8 265.8 256.8 250.6 241.7 235 231.9 227.4 222.9 219.9 217.1 212.2 209.3 205.1 199.1 198.3 198.2 191.5 200.4 203.9 206.3 208.4 211.3 214.5 217.1 220.1
124.4 130.3 131.3 133 137.5 143.1 145.1 143.1 150 153.7 157.4 159.2 162.4 164.3 166.2 169.1 172.6 177.1 183.1 189 193.6 196.8 199.2 200.2 199.9 198.4 201.5 204.9 207.9 214.4 219.5 223 228.3 232 234.6 237.4 240.4 244.9 248.2 250 254 258.2 260 263.4 262.3 262.2 264.2 267.9 270.4 271 270.2 268.8 267.8 267.7 268.8 269.4 265.6 257.1 250.6 242.7 236.3 232.7 229.1 224.9 223.6 220.3 215.4 209.7 205.8 202.7 201.9 197.5 199.7 204.8 208.1 210 212.7 215.6 219.1 222.2
124.5 127.4 131.7 136.4 141 143.9 146.3 146 150.9 153.8 155.8 159.3 162.1 163.8 166.3 170.6 170.6 178.4 182.6 188.9 192.3 196.3 199.5 201.1 201.7 202.2 202.4 204.2 207.1 212.2 217.3 222.1 226 231.7 234.1 239.4 242.2 245.7 247.1 248.5 250.9 254.6 257.6 260.3 259.5 260.9 263.4 266.6 269.2 270.5 270.6 269.5 268 266.7 268.5 270.6 268.7 259.8 254.7 250.7 243.5 238.2 235.3 229.6 228.7 226.1 220.8 215.7 212.8 211.4 207.9 198.6 199.5 206.4 209.1 210.8 213.4 216.1 219 223.9
125.8 127.4 130.8 136.5 141.5 144.2 146.8 148 151.2 154.7 157.5 159.1 161.7 164.8 165.1 171.2 171.3 174.3 180.5 186.4 190.1 193.7 198.5 200.3 201.5 203.6 204.4 206 207.6 213 217.4 222.2 225.4 230.2 236 239.4 243.8 247.6 247.8 247.7 249.1 252.4 255.7 257.5 258.2 258.6 262 264.6 266.3 267.7 269.1 269.7 267.7 267 265.9 268.8 266.3 260.4 255.6 252.4 248.2 244.8 242.6 236.5 231.4 229.9 226.9 222.4 219.3 213.4 210.1 203.8 206 206.2 203.8 208.4 215.1 217.2 221.2 227
122.1 126.6 127.4 131 136.1 140.5 144.4 148 151 153.5 156.3 158.2 160.3 163.8 165.2 171.6 172.6 176.8 179 183 186.4 191.1 194.9 198.9 200.8 203 205.1 206.5 209.5 213 218.6 224.1 229 233.4 236.2 240.5 244.1 246.8 247.5 247.6 248.2 250.5 254 255.2 255.9 256.4 259.3 261.2 262.8 264.6 267.2 268.3 268.5 265.8 264.4 266.1 264 261.4 257.5 253.1 251.6 249.3 248 243.5 238.6 233.9 230.8 228.9 224.1 216.8 212.4 206.8 209.8 211.8 213.8 208.5 214.6 219.5 222.3 226.1
112.1 116.8 120 127.4 129.4 135.9 140.9 146.8 150.7 153.6 156 157.4 160.2 162.2 165.2 169.8 170.1 175 177.9 180.6 184 188.5 193 196.6 198.9 201.7 205.1 207 210.1 214.5 221.7 226.4 234.1 236.5 240.8 243 243.8 245.9 247.1 247.6 247.2 248.4 251.1 253.3 254.5 254.8 256.1 258.3 260.9 262.1 264.1 265.1 268.1 266 263.9 261.9 261.5 261.6 259.5 254.6 253.7 254.2 251.9 249.4 246 242.5 237.9 234.2 228.2 220.8 215.2 212.3 213.5 216.5 217.1 218.2 214.2 218.6 224.5 227.2
120.6 123 127.9 127 129.4 131.7 140.1 144.9 148 152.5 154.9 156.2 158.6 161.8 165 168.6 169.6 173.7 176.5 179.6 183.1 188 191.5 194 198.6 201.4 203.9 207.4 211.7 217.7 223.8 231.9 237 241.8 243.7 245 245.2 245.7 245.9 246.8 247.7 248.1 250.2 252 252.7 253.8 254.4 256.5 257.6 258.9 261.5 265.7 267.4 265.6 261.5 258.4 259.2 259.4 258.5 256.8 257.9 257.3 255.1 252.7 249.7 248.1 243.6 239.6 233 225.3 219.9 215.3 218.1 220.7 220.6 221.4 222.7 224.6 224.4 228.3
124 127.4 129.2 130.8 135.4 134.5 137.1 141.9 147.2 151 153.1 155.7 158.5 160.1 162.4 165.8 169.2 171.9 175.3 178.7 181.3 185.9 189.2 192.1 195.1 200.1 203.5 206.5 212 219.6 225.1 231.3 235.3 240 242.9 245.4 246.2 245.1 245.8 246.5 248 249.6 250.7 251.6 251.3 252 253.3 254 254.2 254.3 259.3 263 265.9 265.3 259 255.7 255.6 257.1 255.4 257.1 261.1 260.7 257.7 255.2 253.4 251.9 247.8 243.2 236.6 228.1 223.3 217.7 221.2 223.6 223.7 224.9 228.3 231.8 233.1 231.2
127.8 127.3 132.3 135.6 140.7 140.3 142.2 145 148.3 151.5 154.4 155.7 157.4 159.4 162.3 164.5 167.9 170.6 173.3 176.6 179.8 183 186.6 189.3 193.2 197.4 202.7 206.9 211.2 217.1 224.4 228.9 233.3 237.2 240.1 242.6 243.9 243.6 244.2 245.4 246.9 249.2 250.3 250.3 250.1 250.6 251.7 252.1 252.2 251.9 253.6 255 258.6 259.1 254.1 252.1 252 253.1 252.4 254.6 260.3 262.9 260.7 258 255 253.1 251.2 247.7 239.9 231.7 226 222.2 223.6 227.6 227.9 230.1 233.3 235.4 237.2 236.2
127.4 130.3 133.3 136.9 140.3 140.8 144 145.3 150.6 151.7 153.6 155.3 156.9 159.4 162.2 163.3 165.4 169.2 172.7 176 177.6 180.8 183.8 186.8 190.5 195.5 200.3 203.3 209.4 215.1 221 225.2 228.7 232.9 235.3 238.1 241.7 245 245.9 245.5 246.4 248.6 249.9 249.8 249.7 248.9 249.5 249.6 248.3 247.5 247.7 248.3 250.6 252 249.3 249.8 248.7 249.1 249.6 253.3 259.7 262.4 264.3 260.7 258 254.3 252 251 244.6 232.7 226.3 224.9 225.9 229.8 231.6 234.3 236 240.3 242.4 242.2
127.6 130.5 133.6 136.4 139.2 139.4 144.1 144.8 150.4 151.2 155.9 156.1 156.6 159.4 161.2 162.5 165.2 167.6 170.2 172 175.4 178.2 179.8 184.1 187.8 192.5 197.4 201.5 207.4 211.3 215.5 221.3 224.4 228 231 234.8 239.2 243.4 246.2 244.1 244.9 247.4 248.6 247.7 247.3 246.1 246.6 246.3 245.6 244 243.6 244.7 244.9 245.7 245.8 246 244.9 246.7 248.3 249.7 258.2 261.9 264.9 264.9 261.5 257.5 255.6 252.7 246.2 234.2 227.5 226.8 230.1 233.5 238.3 241 240.5 241.5 243.8 249.7
127.4 130.4 133.3 135.4 141.1 139.3 143.6 144.2 149.8 150.4 155.1 155.9 157.3 158.7 160.7 162.8 164.2 166.5 169.4 171 172.8 174.6 177.4 180.6 186.6 191 194.3 199.6 203.9 207.4 212.5 216.9 220 224.1 227.5 231.1 234.3 239.9 243.3 241.4 242.7 244.9 245.6 243.7 244.3 243.7 244 244.6 243.4 241.7 241 240.3 240 241.3 241.4 241.5 242.8 242.4 245.5 251.1 255.8 259.8 263.4 265.1 264.2 260.1 255.8 250 240.4 228.7 228.2 227.7 234.1 237.1 240 243.2 245.6 243.4 247.8 252.1
127.9 128.9 132.4 137.3 140.2 139.2 142.3 143.4 149.2 149.7 153.8 154.6 157.2 158.6 160.8 161.9 163.2 165.5 169.3 166.5 170.6 173.1 175.9 178.4 184.5 189.7 193.3 197.9 201.5 205.5 209.6 213.4 217.2 220.1 224.1 227.4 230.4 233.7 237 239.6 241 242.3 242.7 240.9 240.4 241.6 240.9 242.1 241.4 240.6 238.9 238.2 237.2 236.9 237.3 236.8 237.1 239.8 243.3 249.1 253.7 257.6 259.8 262.3 263.7 263.4 254.2 247.1 236.8 235.4 230.5 229.6 234.6 237.2 239 241.5 243.3 245.6 250.5 253.2
127.4 128.6 130.7 133.9 136.4 137.5 138.2 143 147.6 148.9 152.1 153.7 155.1 156.9 158.7 161.2 163 164.7 166.6 169.1 170.8 173.5 175 178.2 181.7 187 192.6 198 200.8 204.1 207.4 211.1 213.8 216.6 219.9 222.5 226.2 229.6 232.5 236.2 237.5 238.6 237.5 237.5 237.7 237.8 239.6 239.4 238.8 237.9 236.1 235.2 235.4 234.7 231.5 232.9 234.7 239.6 243 248 251.9 254.5 256.7 258.9 260.5 263.1 255 242.4 229.7 234.2 239.7 230.1 236.7 247.2 250.5 248.2 250 252.4 253.8 254.7
126.2 127.8 127.4 129.5 134 136.6 137.8 141.9 143.3 148 149.8 152.4 154.2 156.3 158.1 160.7 162.2 163.9 165.8 167.8 169.7 172.5 174.9 178.5 181.3 186.6 191.8 195.1 198.3 202.5 204.8 207.4 210.8 213.4 215.9 219.4 222.8 225 228.9 231.5 233.9 234.6 233.8 234.1 235 235.7 237 236.3 235.7 235.2 234.6 233.4 232.3 231 228.5 230.8 234.5 238 242.3 247.1 247.1 248.7 254.1 255.9 258.8 256.8 254.1 244 227.6 234.1 243.9 231.1 243.2 254.6 257 257.4 257 256.2 256.6 257.1
122.1 128 127.4 127.4 135.8 134.6 137 140.7 140.7 145.3 147.6 148.8 153.5 155.3 157.2 158.7 161.1 162 164.2 167 169.1 172.1 174.2 177 180.6 185.2 189.9 192.6 197.4 200.3 203.4 205.4 207.2 210.2 213.5 216.1 218.1 221.2 225.2 227.2 230.4 230.8 231.3 232.2 232.2 233.1 234.6 233.9 234.2 232.8 232.8 231.6 230.2 227.7 226.3 229.2 232.2 236.6 240.1 239.4 244.3 251.1 253.4 253.7 253.2 254.3 251.1 235.1 225.9 234.7 242.2 233.6 238.4 252.3 255.9 258.4 259.9 260.8 261.5 261.7
118.2 123.6 128 127.4 137.6 133.1 136.8 137.2 140.7 144.1 145.4 145.9 150.7 152.7 154.7 156.8 158.2 160.7 163.4 166.6 168.6 171.5 175 174.7 179.3 182.3 186.5 192.2 194.5 197.2 202.1 202.8 205.7 208.3 211.3 212.7 215.5 218.1 221.4 224.5 226.3 227.8 228.8 229.5 229.7 230.3 231.4 231.4 231.9 230.9 230.4 228.9 227.6 225.8 224.3 227.7 230.3 233.1 235.7 238.7 243.8 248.9 251.1 251.1 249.7 251.2 244 233.7 224.2 231.6 238 237.4 232.7 248.5 253.4 257.2 258.7 260.7 262.3 263.2
119.2 117.9 126.2 128.1 133.4 132.6 134.5 137.4 141.1 143.8 144.9 145.5 148.1 150.6 151.5 153.7 156.4 159.2 162.1 164 166.4 170.1 171.6 172.4 176.6 179.4 184.2 188.9 191.8 194.5 199.1 202.1 203.8 205.5 207.4 210 212.6 214.5 217.6 220.8 222.8 225.2 227.3 226.6 226.7 227.8 228.4 229 228.8 226.6 226.5 223.9 222.7 221.6 222.2 224.8 227.6 231.1 231.9 235.8 243.9 244.3 245.3 245.4 244.8 243.4 240.4 234.6 223.1 228.1 234.5 233.7 229.1 243.6 250.8 254.1 256 257.5 259 260.5
125.2 125.6 121.5 128.1 129.3 132 133.6 135.2 138.9 139.9 143.7 145.7 147.7 149 150.4 152.6 154.9 157.1 158.4 160.8 164.1 166.3 169 171 172.8 176.4 178.9 184.7 187.4 191.7 196 199.8 202.8 204.1 205.4 207.4 210.5 211.5 215.4 217.3 220.2 221.9 223.7 223.5 223.2 224.2 224.7 224.4 224.3 223.5 222.9 222 220.7 220.1 220.1 222.7 224.8 227.5 228.5 235.4 238.8 239.7 238.7 239.4 239.4 236.1 235.5 231 222.1 225.7 229.8 230 225.7 238.3 245.7 249.9 251.6 252.4 253.1 256.1
125 127.1 128.1 130.2 128.7 131 133.7 135.7 137.9 140.3 142.6 145.2 146.5 147.4 149 151.5 153.7 154.8 156.6 159.3 160.3 163.6 165.8 167.8 168.2 170.6 173.9 177.9 181.6 187.4 190.6 190.9 192.5 204.2 204.7 206.3 207.8 209.8 211.2 214.5 217.8 219.6 220.4 220.2 219.8 221.3 221.4 221.7 220.3 220.3 217.5 218.8 214.3 215.4 219.9 221.8 222.8 225 227.2 231.6 232.4 232.1 232.5 233.8 233.4 232.3 229.5 227.2 221.6 224.3 225.4 227 222.6 233.4 239.6 245.1 246 247.3 248.6 250.6
126.7 126.4 127.4 136 130.4 130.3 133.4 134.9 136.9 139.3 141.6 143.3 145.9 146.4 147.6 149.5 151.9 153 155 156.9 158.4 160.4 162.9 163.7 165.5 166.1 169.5 173.1 176.7 181.2 185.8 190.8 195.6 199.1 203.2 203.1 204.2 206.6 207.4 214.1 214.4 215.9 216.4 216.8 217.5 218.5 218.2 218.7 217.4 216.8 214.6 215.2 214.3 215.8 218.2 219.6 220.9 221.3 221.9 222.7 224.9 225.5 226.7 227.7 229.2 227.4 226.5 225.3 222.7 221.4 222.5 224.7 219.2 226.7 233.5 238.6 241.2 242.9 244.4 246.2
128.7 127.7 128.6 133.5 130.4 132.2 133.5 135.9 137.8 139.1 140.7 141.8 144.7 145 146.5 148.3 150.1 151.4 153.3 154.4 155.6 157.4 160.6 161.7 162.5 165.5 167.1 169.3 172.9 176.2 180.4 186 189.2 193.2 199.9 200.3 201.4 202.9 205 208.2 211.2 211.5 212.8 214.4 214.7 215.6 215.6 215.1 215.5 213.4 211 213.1 213.7 217 217.3 218.2 219 219.4 220.2 222.1 222.5 222.9 222.7 223.8 224.2 224.5 223 222.6 222.7 221.7 217 219.2 214.5 220.6 226.2 231 235.8 237.8 238.5 240.2
130 126.5 128.4 130.4 131.4 133.1 134.9 136.5 137.2 138.1 139.5 140.9 142.8 143.8 144.8 146.9 148.5 150 151.2 152.3 154.1 156.3 159 159.6 161.5 163.6 165.3 167.1 168.9 172.7 175.8 180.3 185.5 191.3 195.2 196.2 197.4 199.7 200.5 204 206.4 208.6 209.5 210 210.7 211.8 211.5 211.3 212.6 211.4 209.4 210.2 213.1 215.4 215.7 216.1 216.8 216.9 217.5 219 220.2 220.6 220.5 221 221.2 221.2 220 219.4 218.7 219.8 217.9 212.2 211.6 218.6 223.3 226.3 229.9 232.4 234.2 235
127.2 130 132.6 130.1 131.8 133.5 135.1 137.2 136.9 137.6 138.6 140.7 142.2 143.3 144.4 145.5 147.1 148.3 149.3 150.9 152.2 154.7 156.5 157.1 159.5 162.1 163.3 166.2 167.3 169.8 172.8 176.6 180.7 184.9 189 192.7 193.6 196.1 197.5 200 202.2 203.9 204.9 206.2 205.8 208 208.1 208 208.2 208.7 208.4 208.6 211 213.3 213.8 215 214.7 215.5 215.8 216.6 217.5 218.1 218.5 218.1 218.3 218 217.2 216.4 214.8 214.6 213.5 210.4 211 217 221.3 223.1 225.4 227.7 229.6 230.8
126.5 128.5 134 130.7 132.1 133.7 135.4 137.7 137.7 138.2 139.3 140.5 141.4 142.8 143.7 144.7 146 146.6 148.1 149.9 151.5 152.4 153.5 155.9 158.3 160.3 161.5 164 165.1 167.8 169.9 173.9 177.1 180.1 184 186.5 189.5 191.6 193.7 195.7 198.8 200 201.7 202.6 203.6 203.9 204.8 203.5 203.9 203.9 203.6 205.5 207.7 209.5 210 212.9 213.4 213.2 213.1 213.5 214.5 214.9 215.2 215.2 215.4 213.8 213.6 212.7 211.5 210.6 209.7 208.4 211.7 216.7 219.2 220.5 221.6 223.3 225.2 227.1
128.1 128.4 130 131.7 132.9 134.2 135.7 138.2 138.6 138.8 139 139.7 140.7 142.4 143.2 143.9 144.4 145.4 147.1 148.9 150.5 152 152.8 154.4 157.2 159.5 160.8 162.4 164.1 165.7 167.6 169.9 171.7 176.1 179.5 183 184.6 188.6 190.5 192.1 193.8 196.1 197.9 199.1 199.8 199.8 200.5 200 200.4 200.8 200.6 203.1 205.5 206.6 208.2 210.7 210.3 210.6 210.7 210.9 211.1 211.6 212 212.2 212 210.8 209.5 207.9 206.1 207.9 207.2 209.1 213.1 217 218.8 218.4 219.2 221.1 222.8 224.2
128.4 129 130.5 132.7 134.7 135.5 136.1 138.1 138.7 138.7 138.8 139.2 140 141.9 142.2 143 143.9 144.8 146.3 148.2 150 151.1 152.4 153.1 154.8 156.8 158.7 160.6 164.1 164.7 166.6 167.9 170.9 173.5 176.1 179.1 181.9 184.3 187.7 189.1 190.8 192 193.3 194.3 194.3 195.7 197.1 198 198.2 198.2 198.6 201.5 203.5 203.8 204.7 208.4 207.7 207.8 207.7 207.6 207.9 208.8 208.7 208.7 208.1 206.9 206 199.5 207.3 207.8 210.2 211.8 214.9 216.2 216.7 216.9 217.4 219.2 220.8 222.1
131.6 133.3 131.2 133.5 134.9 136.3 136.9 137.5 138.7 138.5 138.6 138.9 139.5 140.8 141.4 142.2 143.5 144.3 145.3 147.4 148.9 150 151.2 152.6 153.1 155.2 158 160.3 161.4 163.9 165.5 167.4 168.9 170.2 172.3 175.1 177.6 179.8 182.9 185.3 187.5 189 190 191.3 192.3 194.6 194.7 195.2 195 196.3 197.2 199.7 201.7 201 202.1 207.2 206.8 205.1 205.1 205.4 205.6 204.4 204.9 205.3 204 200.3 195.4 206.7 209.3 209.7 211.6 212.8 213.7 214.5 214.6 214.1 216.7 216.4 217.3 218.1
137.4 134.8 133.4 134.5 135.8 137.1 137.9 138.5 138.4 138.3 138.3 138.4 139.1 140.2 141.1 141.5 142.5 143.7 144.6 145.6 147.2 148.6 149.9 151.4 152.8 154 156.8 158.6 160.6 163.3 164.4 166 166.3 165.5 166.6 169.2 172.8 176.3 178.9 181.2 184 185.8 186.9 187.3 186.8 187.4 187.5 188.3 192.2 194 195.3 196.3 198.4 199.6 200 205.8 206.8 204 203.2 202.3 200.9 197.3 197.5 200.7 195.6 192.8 201.5 204.7 205.9 206.5 207.9 207.8 208.7 209.7 209.7 214.4 213.7 211.2 210.1 208.5
