UK/data/nn/nn55_OST50GRID_20230518/NN55.asc
ncols 200
nrows 200
xllcorner 250000
yllcorner 750000
cellsize 50
[rows 70 to 104 of 200, columns 78 to 155 of 200]
313.8 296.5 271.2 258.5 247.3 242.5 238.6 235.3 229.3 226.7 224.6 222.1 221.6 221 220.3 217.7 214.1 211.2 210.3 210.5 210.6 206.7 213.9 214.1 213.7 211.5 209.3 206.5 205.6 205.5 205.5 205.4 205.3 205 204.4 204.9 205.2 206.1 206.4 205.2 204.1 204.7 205.4 204.3 204.2 205.4 205.4 204.8 206.3 207.8 208.6 207.6 207.8 208.2 209.4 210.5 210.9 209.9 210.3 210 210.5 209.1 209.6 210.1 208.5 209.2 212 213.6 215.4 215.6 216.8 218 217.6 217.5 219.4 223.6 225.9 226.1
320.6 318.5 292.7 268.4 258.5 247.6 238.6 231.9 228.1 225.5 223.7 221.5 221.6 221.2 220.3 217 214.5 211 210.6 210.2 211.2 210.7 209.9 209.9 210.4 209.5 207.8 207 205.8 205.8 205.8 205.7 205.6 205.3 204.9 206.8 206.6 207 207.5 206 206.8 207.3 206.5 207.8 207.6 206.9 207.5 209.1 210.1 212 212.4 211.7 211.8 212.5 212.6 213.1 213 212.8 212.9 213.5 213.9 214.1 214.7 214.8 215.2 215.4 220.1 222.1 221.6 222.9 224.2 224.3 223.1 225.7 226 228.6 231.8 231.7
335.9 321.3 303.7 285.7 266.2 251.6 240.1 231.5 227.1 224.3 222.4 220.9 221.6 222.4 223.7 220.3 215.8 211.1 210 209.1 209.9 210.4 209.7 209.3 208.2 208.3 208.4 207.3 206.1 206.1 206.1 206.1 205.9 205.5 206.3 207.6 208 208.9 207.9 207.4 208.4 209 209.3 208.8 210.3 210.9 211.2 213.1 213.2 214.8 215.2 214.9 215.9 216.8 216 216.4 217 217.1 217.6 218.7 219.3 219.8 219.9 220 220.4 223.9 226.7 229.1 228.6 228.9 228.9 228 227.9 230.8 231.9 234.5 237.2 236.6
336.7 319.7 305.2 290.1 275.6 260.2 244.1 233.4 227.2 222.8 221.1 220.4 220.9 224 225.5 220.3 216.2 212.9 210.9 210.5 208.4 210.5 210 209.6 208.8 208.2 207.7 207.5 206.3 206.4 206.4 206.4 206.1 206.2 207.7 209.1 211.3 209.4 208.9 209.1 210.1 209.8 211.1 211.8 212.5 213.5 215.5 216.6 217.7 219.8 220.1 220.6 221.1 222.4 223.1 223.2 222.7 222.9 222.8 224.5 225.9 225.9 225.6 225.8 226.4 228.3 232.2 234 235.2 234.2 232.6 230.5 233.6 235.2 237.9 240.4 242 242.2
328 318.9 303.1 285.8 271.2 258.3 245.2 235.7 228.7 222.7 220.9 220.3 218.9 219.6 222.8 217.6 213.1 213.4 210.5 210 209 211 210.1 209.7 209.3 208.7 208 207.3 206.6 206.6 206.7 207.1 207.8 208.4 211.2 211.9 211.1 211.1 210.9 211.5 213.7 213.5 214.1 215.6 216.6 218.7 220.7 222.3 223.6 224.6 226.3 226.8 227.6 228.4 229.3 229.7 229.3 229.3 229.1 229.8 230.9 231.8 231.6 231.6 232.5 234.2 239.4 241.9 242.2 240.2 237.2 236.3 239.6 241.4 243.8 246 246.5 247.9
321.5 310.9 301.5 283.8 270.5 263.1 252.9 241.6 234 226.7 222.9 221.1 219.4 217.8 215.3 213.5 211.7 211.5 211.2 208.4 211.4 210.8 210.3 209.9 209.5 209.4 209 208.4 207.6 208 209 211.9 211.3 211.5 212.7 212.8 212.7 212.7 213.1 214.9 217.7 218.7 219.9 220.9 221.2 223.5 226 227.7 229.2 230.5 231.6 232.7 233.5 234.2 234.3 234 235.1 235.4 235.3 235 235.7 236.2 236.4 237 238.3 241.3 244.7 247.2 246.4 244.1 243.7 242.8 245.5 247.8 249.9 251.4 252.3 253.9
309.5 300.7 295.3 283.3 271.5 264.7 256.6 248.5 239.9 233.2 226.9 225 224.8 224 221.9 220.9 218.5 212.9 211.6 211.9 211.5 211.2 211 210.2 210 211.2 210.5 210.5 209.3 208.6 212.6 212.8 214.2 214.1 215.1 216.9 215.3 215.3 216.1 216.3 220.5 222.8 224.4 226.1 227.2 229.1 230.8 231.4 232.9 234.7 235.9 237.5 238.8 239 239.2 238.5 239.9 240.3 240.2 240.2 240.4 240.6 240.8 241.2 243.2 249 251 249.6 248 247.2 248.1 249.4 251.5 253.8 256 257 259.8 262.5
303.7 293.8 289.2 280.6 271.5 265.2 258.7 252.5 245.2 239.9 236.2 233.4 236 235.4 228.4 227.3 220.5 217 210.9 212.3 212.4 212.5 212.6 211.2 210.4 213 212.7 213.2 211 212.3 215.1 215.9 215.2 215.7 215.9 217.3 218.8 218 219.2 219.8 221.8 226.5 233 232.8 231.4 233.8 234.9 235.7 237.8 239.2 240.5 242 242.9 243.5 244 243.4 244.8 245.3 245.2 245.2 246.2 246.1 246.5 247.1 251.2 255.9 255.6 251.2 250.4 251.6 253.8 256.6 257.5 258.9 261.3 262.9 266.8 269.7
302.5 291.7 285.1 278.4 274.1 267.5 262.4 256.8 253.6 250.3 245.5 241.8 243.3 239.3 231.1 226.5 221.5 218.9 212 213.3 213.8 214.8 214.6 214.3 218.8 215.8 217.9 214.9 216.1 215.7 217.3 217.8 220.1 218 219 219.5 220.4 221 223.7 225 226 228.5 234.4 238.8 236 237.6 238.8 240.8 243.4 244.4 245.2 246 246.9 247.4 247.9 249.8 250.1 250.2 250.1 250.7 252.3 253.6 252.6 254.1 258.7 261.7 259.8 255.2 255.9 257.7 261.5 264 264.6 266.3 267.5 269.8 273.5 276.3
298.1 291.1 285.1 280.6 275.9 270.2 266.1 263.7 261.5 257.8 250 248.3 242.1 235.7 231.8 227.8 222.7 219.8 213.4 215.6 216.6 217.1 218.8 219.3 219 218.9 219.7 218.9 219.2 218.8 224.8 221.3 220.8 221.5 222.6 224 224.1 227.5 229.8 230.8 232 233.7 234.4 240.1 241.7 241.3 242.6 244.6 247.2 248.2 249 249.7 250.6 250.8 252.8 253.1 253.5 254.2 255.6 256.4 258.4 261 259.4 259.9 263.1 266.3 265.3 263.3 262.3 264.5 269 272.5 272.8 273.9 275.2 276.9 278.3 282.9
299.1 292.4 287.1 285.7 278.8 274.7 274.3 269.9 267.5 264.7 263.4 261.9 251.5 242.4 235.9 229.3 225.4 222.1 215.9 219.2 219 219.7 220.6 219.9 222.1 221.4 221.2 220.6 221.4 229.1 223.7 224.7 224.7 226.3 227 231 229.8 233.3 234.9 235.3 235.8 236.8 238.8 243.6 243.6 243.6 246.5 248.4 250.9 252.3 252.9 253.5 254.6 255.9 257.4 259 258.8 260.1 261.1 262.1 264.9 267.9 262.1 262.4 265.1 268.1 270.1 269.9 269.4 271.5 274.8 278.1 279.5 281.7 283.7 285.5 286.4 289.3
301 295 288.8 282.8 280.3 277.9 277 276.4 274.7 274.3 278.1 264.5 253.6 243.5 238.4 233.5 227.5 223.1 221.2 225.3 227.9 228.7 226 224.5 225.6 226.6 227.3 227.1 226.5 226.9 228.3 230.3 229.9 229.1 232.2 232.2 234.3 236.2 238.5 238.5 239 239.9 241.2 245.5 246.2 246.5 249.4 252.2 254.7 256.4 257.2 258.5 259.4 261 263.4 264.4 265.3 266 266.6 270.2 272.3 266.7 266.5 266.3 267.4 271.3 275 276.4 276.9 279.5 282.4 285.2 288.7 290.4 291.9 293.1 294.2 294.1
302.7 296.2 292.1 288.1 283.7 282.7 282.9 285.6 285.9 282.9 278.9 262.2 251.8 245.3 241.7 235 228.4 221.6 225.7 228.6 229.4 230.9 232.9 232.9 229.2 229.2 229.3 230.6 233.7 238.8 231.7 231.3 233.8 235 235.2 238.2 237.3 238.6 241.7 242.7 242.7 243.6 245.3 248.4 252.6 253.1 252.1 256.4 259.3 260.6 261.4 262.9 264.1 265.8 268 269.3 270.1 272.8 275.3 273.2 269.8 270.7 270.5 271.1 272.2 276.5 280.5 281.2 281.9 285.4 290.1 293.2 296.2 298 298.8 298.9 300 299.9
313.9 308.1 299.9 296 289.8 285.9 284.9 285.1 287.5 285.9 273.5 261.5 251.6 247 243.2 235.5 226.6 231.1 232.1 232.7 232.1 234.5 234.8 233.8 234.4 233.8 233.4 237.2 237.3 236.8 239.9 236.8 237.5 241.2 240.7 241.4 241.6 243.5 245.6 246.7 247.3 247.8 249 253.3 256.3 261.8 259.6 261.5 264.3 263.7 264.7 266.4 268.1 270.4 272.3 273.4 278 276.4 273.1 272.2 273.2 275.2 276 276.6 279.3 282.6 285.8 286.8 288.4 292.3 296.2 299.6 300.4 303.2 303.8 303.5 304.8 305.4
322.5 312.8 307.4 299.5 296.1 290.5 286.5 284.8 285.6 284.9 267.9 259.9 252.8 247 242.3 235.4 235.9 237.1 238.2 237.3 235.8 236 237.1 235.3 235.7 237.6 239.4 243.9 241.4 240.9 242.7 242.1 243 244.2 246.5 247.3 247.5 249 250.5 251.2 253.2 254.5 254 258.6 262 264.4 268.9 267.6 269.4 268.7 268.6 270.1 273.8 274.5 275.4 279.4 278.5 278.6 276.7 277.4 278.5 280.8 283 284.8 286.9 289 290.7 291.6 294.5 298.5 301.8 302.1 302.8 307.9 307.7 309.3 309.6 309.6
320.9 314 304.9 299.8 296.3 292.5 289.4 285.1 282.4 276.7 265.3 257.3 251.9 248.6 244.4 238.3 242.4 242.1 240.7 242.5 241.3 239.4 240.3 239.1 239 240 241.6 242.5 243.1 246 248 248.2 249.1 250.7 252.1 253.3 254 253.4 253.6 254.5 257 259.5 261.7 263.6 266.6 269.3 275 275.8 274.4 274.8 275.7 276.2 278.8 277.8 278.2 279.1 279.4 279.8 278.9 280.3 284 286 288.9 291 292.8 294.1 295.4 296.9 300.3 303.8 307 307.6 308.8 312.6 314.5 313.7 313.5 313.5
316.5 312.5 304.1 300.4 297.8 295 290.6 290.3 290.3 280.8 266.1 261.6 257.7 251.7 239.4 248.7 248.1 246.6 245.8 246.6 246.5 244.8 243.6 243.1 245.4 245.3 246.9 245.9 245.4 249.6 252.6 253.7 254.6 256.1 257.4 258.1 257.2 257.7 258.1 258.7 262 264.5 265.4 266.1 269.3 270.9 278.4 280.9 279 279.8 284.2 283.2 282.2 281.1 282.9 283.8 282.9 281.6 284.2 288.5 290.4 291.5 292.6 295.1 296.8 298.4 299.9 303.3 306.7 310.1 312.8 314.5 315.2 319 319.7 318.6 317.8 319.7
310.3 306.1 301.5 299.9 298.9 297.2 295.2 295.8 289.4 277.4 267.2 261.2 257.8 243.1 253.2 250.8 251.1 249.5 250.4 250.3 249.8 249.5 248.4 247.4 250 250.3 251.3 250.7 248.9 251.5 256.2 257.6 258.5 260.9 261.7 262.8 262 261.3 262.9 262.2 265.3 268.6 268.7 268.3 271.1 275.8 278.7 281.8 284.5 286.3 288.3 289.3 284.7 283.8 285.8 289.3 287.6 289.2 291.1 292.7 292.9 293.8 295.9 299.5 300.6 302 304.2 309.7 313.5 315.8 320.2 322.6 322.6 325.3 325.5 326.1 327.1 327.6
305.3 301.1 299 299.4 298.9 293.7 292.3 291.9 285.7 274 267.1 260.6 247.9 258.4 255.3 252.7 251.6 251.5 251.7 252 253.4 253.2 251.5 251.9 252.8 253.9 254.4 254.6 253 253.7 258.2 260.9 262.5 266.1 267.6 268 267.1 266.7 267.6 266.8 268.1 271.4 270.1 270.9 273.6 275.9 278.8 281.1 284.1 286.3 288.7 289.1 287.4 286.1 290.1 288.1 292.5 295.6 294.9 295.8 297.2 300 302.9 304.4 305.3 307.3 310.3 316.7 321.2 324.8 327.4 329.8 331.1 331.6 332 332.8 333.8 334.7
303.5 297.6 295.6 294.4 293.1 290.2 285.4 281.8 280.9 270.6 263.2 254.6 259.6 257.7 255.4 253.8 253.1 253.5 254.9 257.8 255.1 256.6 256.4 257.1 257.8 257.7 257.9 258.6 258.5 258.1 259.8 264.1 268.1 271.2 272.5 272.3 271.3 270.1 271.7 271.4 273 274 273 273.7 275.2 276.6 277.8 282.3 283.5 283.9 284.7 287.1 288.2 288 290.7 292.2 296 299 299.5 300.7 303.1 305.8 309 309.9 312.6 314.8 316.7 322.3 327 330.3 333.3 334.7 335.7 338.2 340 340.6 340.7 342.9
300.1 294.8 291.9 290.8 289.9 288.3 283.3 280.4 279.5 270.1 260.9 258.7 261.4 260.5 257.9 256.2 255.3 256.5 258.4 259 257.7 260.4 261.9 262.6 262.4 262 261.5 262.3 263.1 261.9 265.4 268.3 272.6 275.5 275.5 276.6 275.6 275.1 274.9 276.3 277.4 277.5 276.5 275.4 276.8 278.2 280.9 283.4 284 284.1 284.8 287.1 288.4 292 295 297.9 300.5 302.7 303.9 306.7 309.1 311.6 315.4 317.7 320.3 321.7 321.5 326.4 331.7 335.4 338 340.7 343.8 345.7 348.1 349.1 349.1 349.8
296.8 293.2 289 289.7 289.7 288.4 282.9 281.6 278.4 269.6 262.2 261.8 266.5 267.1 264.4 261.5 259.4 260 260.8 263 262.5 262.9 264.5 266.4 266.8 266.4 265.7 266.6 268.2 269.8 272.9 276.3 277.9 279.9 278.8 280.6 280.2 279.3 279.7 279.7 280.1 280.9 278.6 278.1 279.6 281.4 282.1 283.7 284.8 285 287.2 288.9 290.9 294.2 299.8 301.8 304.7 306.7 309.6 312.7 315.1 317.9 322.9 325.7 327 327.9 329.9 334.8 337.4 342 345.9 348.8 351 351.6 352.6 353.2 353.6 354.9
292 289.1 285.8 285.2 287.1 286.8 280.8 278.9 271.5 266.3 259.4 263 268.1 271.4 269.2 265.4 263.5 264.4 264.2 265.9 266 265.4 266.9 269.5 270.3 270.7 270 271.1 274.1 276.2 279.9 283 284.5 283.6 283.8 284.9 284.2 283.4 283.4 283.4 283.6 284.2 280.5 281.6 282.6 284 284.9 285.4 286.5 287.2 290.3 293.2 295.5 299.3 304.5 308 310 312.4 315.3 319.6 322.7 326 329 331.2 335 337 339.2 341.5 345.7 349.5 353.5 355.5 357.1 358.2 358.5 359.4 360.2 360.7
284.1 282.3 280.1 278.2 278.3 279.8 276.6 275.7 268.7 263.1 263.1 266.9 271.5 274.5 271.7 268.9 267.9 269.1 268.7 270 269.5 269.6 270.3 273.1 274.4 274.9 274.7 276.6 279.1 280.3 284.2 286.7 288.5 290.6 290.6 290 289 289 288.2 287.9 287.4 287.9 285.6 286.4 286.1 286.8 288 289.6 290.4 290.6 294.1 297.9 300.8 305 310.3 314.6 316.6 319.1 322.4 326.8 329.6 333.8 336.3 338.7 342.3 344 344.7 347.6 353.9 357.5 360.5 362 363.1 363.8 364.5 365.4 366.3 365.9
277.9 277.1 274.3 271.6 270.7 270.9 271.7 268.8 264.4 264.8 267.6 271.5 275.1 276.8 275.7 272.9 272.1 274.4 274.5 274.5 273.7 275.4 277.9 279.6 280.8 281.3 281.3 282.4 284.8 289.4 291.5 293.7 295.6 299.2 299 297.7 296.9 296 294.8 295.7 296.1 293.2 291.6 291.5 290.7 290.5 293.9 294.7 295.8 294.4 298.6 304 308.3 312.2 316.5 321.6 325.6 328.6 331.3 334.7 337.9 340.7 345.2 347.9 352.4 353.4 354 357.3 360.5 363.8 366.2 366.4 367 367.5 367.9 369.8 368.7 366.1
274.6 272 269.8 268.8 268.1 268.9 269.9 266.2 263.5 268.9 272.5 275.8 278.8 279.6 279.3 277.9 278 280.1 280.2 280.5 282.2 282.8 284.9 287.7 288.8 289.7 291.9 294.6 297.5 299.5 301.1 302 306.7 309.3 308.3 306.3 305.6 305.4 306.7 310.1 307 302.2 301.1 299.7 298.3 298.5 300.1 300.8 301.4 301.1 305.3 309.8 316.2 320.4 324.2 329.7 333.4 337.1 340.6 343 343.2 346.9 353.5 357.9 360.8 360.7 362.8 364.7 366.6 368.2 368.5 368.9 369.1 369 369.7 368.2 367.1 363.7
271.3 270.2 268.5 268 267.5 266.9 267.5 265.2 264.9 271.7 275.9 280 282.2 283.4 283.1 285.2 286.4 287.8 288.9 289.4 291.1 291.6 293.7 297.1 299.4 302.7 305.9 308.9 311.6 313.8 314.7 316.1 318 321.2 320.6 318.9 319.2 318.5 319.2 318.5 315.1 311.4 310.6 309.6 307.2 306.6 304.5 304.9 306 308 313.1 318.4 324.2 328.9 333.4 337.4 341.4 345.1 348.7 349.8 353 356.7 361.5 364.9 366.6 368 369.3 369.5 370.1 370.5 370.7 370.9 370.8 369.7 367.8 365 363.4 359.7
269.2 268.4 269 268.1 267.8 267.7 267.3 266 268.5 274.6 278.7 283.1 285.3 286.7 289.4 292.2 294.5 295.7 296.8 299.9 302.4 304.4 306.5 309.1 311.4 315.2 318.5 320.9 324.9 328.3 332.9 335.1 335 338.2 336.1 334.3 333 329.4 328 325.8 322.2 320.6 318.5 316.9 314.8 311.4 310.1 310.2 313.9 312.9 319.2 326.2 332.3 337.6 340.4 344.5 348.6 352.7 355.8 358 360.7 363.6 366.5 368.4 370.2 371.5 371.5 371.6 371.7 371.6 371.5 370.8 369.2 367.6 365.1 360.4 357.9 354.5
270.1 269.6 269.6 268.9 269.5 270.8 271.1 271.2 273.5 278.7 283.6 286.3 288.9 291.4 294.2 298.6 301.2 303.1 306.1 309.8 313.7 316.7 319.5 322.9 325.4 328.4 333.2 338.8 342.1 345.2 352.4 361.9 361.4 354.8 352.4 348.7 342.4 340 335.6 331.8 327 324.7 322.6 320.5 319.3 316.2 314.4 318.1 317.4 318.2 326.1 332.3 338.6 344 345.5 350.1 354.2 358 361 363.2 365.1 366.8 368.6 370.5 371.4 372 371.8 372 372.1 372.1 372.1 370.4 367.1 363.2 359.6 356.9 353.6 350
271.5 270.9 270.1 271.9 274.3 274.7 274.6 276.6 278.6 283.9 288.4 291 292.9 295.9 301.1 304.5 306.1 309.9 312.9 317.3 322.1 325.1 329.8 334.7 338.4 342.1 348.6 354.6 359.6 361.1 368.8 380.9 379.1 370.1 366.4 359.6 352 346.6 340.1 335.6 331.7 327.9 324.6 322.5 320.2 320.1 319.2 322.4 319.6 328.3 336.4 336.1 339.7 344.9 348.1 353.7 357.4 361.4 364.4 366.2 366.9 367.8 369.8 371.4 371.6 372 372.1 372.3 372.2 372.2 371.9 369.3 365.4 361 356.4 353.9 350.7 346.9
272.8 272.9 272.9 275.4 278.3 279.6 280 283.2 285.5 288.6 292.3 295.5 297.5 301.1 306.2 310.1 311.9 315.5 320.5 325.3 330.1 334.8 338.5 344.6 349.6 353.5 358 364.3 371 370.6 373.4 385.9 379.9 376.2 368.1 359.5 353 346.4 341.7 337.3 333 330 327 324.2 321.6 320.5 321 323.6 328.1 332.6 337.7 340.7 343.7 347.4 351.4 357.8 361.3 364.6 366.5 367.5 368.1 368.8 370.8 371.8 372 372.2 372.4 372.4 372 370.1 368.1 366.4 362.3 359 354.4 351 348.2 344.8
274.1 274.9 276.4 279.3 282.5 283.7 285.6 288.8 291.7 294 296.1 299.4 302.2 305.5 309.5 313.7 317.4 321.1 326.1 332.1 337.1 341.1 346.6 352.2 356.9 361.8 366.8 371.3 377 380.9 384.1 388 381.2 373.6 366.2 359.9 354.4 348.1 343.6 338.9 334.2 329.7 326.7 324.7 324.3 324.2 325.8 329 333.5 337.5 341.1 345.6 348.8 352 356.6 362.2 365.5 367 368.3 369.6 370.3 371.1 371.8 372.1 372.3 372.5 371.6 369.8 368.4 366.2 364.1 361.8 358.6 357.5 353.2 349.9 347.3 343.7
278.1 278.9 281.1 284 287.5 289.6 292 293 296 298.7 300.9 303.3 306.3 309.1 312.8 317.9 322.5 327.1 332.3 337.6 342.7 349.5 355.5 360.3 364.4 367.8 373.2 377.9 383 389 398.1 390.6 379.6 374.5 368.2 363.2 358.5 352.5 346.4 341.7 337.2 333.2 330 328.2 329.1 330.8 331.4 335.8 339.6 342.3 346.3 350.4 353.7 355.6 358.4 364.3 367.7 368.7 369.7 371 372.4 372.9 372.3 372.4 372.6 371.8 370.2 367.7 365.7 364.1 363.4 360 357.3 356 353.4 350.2 347.4 344
283.2 284.7 288.1 290.6 293 295.3 297 297.4 299.9 302.1 304.4 307.5 310.4 313.1 316.5 320.8 326.3 331.4 336.4 342.1 347.2 354.1 360.8 365.2 371.3 373.6 378.7 384 386.8 392.8 401.9 387.5 380.3 373.5 368.6 364.7 360.8 355.8 349.7 344.7 340.7 337 334.5 334.3 335.9 338.3 340.4 342.6 345.2 347.8 349.9 352.9 355.9 356.9 361.1 366 368.6 369.4 370.1 371.4 372.7 373.7 373.3 372.9 371.9 370.4 368.9 367.1 365.3 363.8 362.3 359.1 356.6 355 352.7 348.9 345.1 341.8
289 292 294.2 296.6 298.9 299.5 300.4 302 302.6 305.7 308.7 311.4 313.7 315.8 318.5 323.9 329.2 334.5 339.7 345.5 351.1 356.9 362.8 368.3 373.8 378.1 382.4 386 388.7 391.6 396.3 383.5 377.5 369.5 366 362.6 360.6 357.1 351.5 346.7 343.6 340.3 339.8 339.3 342 344.1 345.6 346.4 349.8 351.3 352.4 355.7 356.9 358.1 362.2 366.3 368.9 370 370.6 371.6 372.4 373.1 373 371.3 369.8 369.7 367.9 366.1 364 362.2 359.7 358.2 355.9 353.5 350.2 346.5 342.7 338.7
