WholeMapElevations/data/nc/nc80_OST50GRID_20230518/NC80.asc
ncols 200
nrows 200
xllcorner 280000
yllcorner 900000
cellsize 50
[rows 72 to 107 of 200, columns 82 to 163 of 200]
118.7 116.2 114.6 114.2 113.3 112.1 106.1 99.2 95.8 91.2 89.1 89.1 88.5 83 78 71.1 61.1 53.5 41.7 32.4 31.2 28.8 27.3 27.3 27.3 27.3 27.3 27.3 27.3 27.3 27.3 29.4 33.2 35.7 41.2 53.3 64.5 75.9 89.9 95.9 97.2 104.6 111.7 113.9 122.6 129 132.4 135.6 138.6 139.9 141.9 143.1 145.9 148.9 150.9 152.5 153.4 154.4 155.8 158.8 165.4 171.6 179.2 186.6 193.1 200.7 204.6 207.9 207.9 204.7 203.1 199.9 198.9 198.9 196.1 195.9 195.8 196.8 197.5 198 199.7 201.4
121.2 119 115.6 113.8 111 111 109.3 103.5 97.2 94.1 90.4 91 90.3 88.3 84 77.1 67.8 56.3 44.3 35.4 33.5 30.9 27.8 27.3 27.3 27.3 27.3 27.3 27.3 27.3 27.3 27.3 29.3 32.4 36.7 46.2 57.9 73.5 88.4 99 99.4 106.2 116 119.5 124.2 128.3 131.4 133.5 136.3 138.4 140.2 143 145.9 149.8 151.3 152.4 153.2 154 154.6 155.9 162.3 172.2 180.7 190 198.4 205.9 210.7 213.3 211.4 206.8 201.7 196.6 191.2 188.3 187.9 187.1 188.6 188.4 192 196.5 195.3 198.9
124.3 120.9 119 113.9 110.7 108.9 109.1 106 100.2 94.9 93 90.3 90.8 90 86.5 81.2 73 60.7 48.1 40.7 36.3 31.5 29.2 27.3 27.3 27.3 27.3 27.3 27.3 27.3 27.3 27.3 27.3 28.1 32.3 41.4 54.5 72.3 88.1 99.8 99.8 108.5 116.5 122.8 125.5 129.4 132.9 135.5 138 139.4 141.4 144.1 148.2 151.7 153.8 154.5 155 154.8 155.5 155.5 163.2 177.7 186.4 195.4 203.7 208.5 212.3 214 213.8 210 202.3 195.5 189.2 181.2 179 177.4 177.8 179.2 181.2 188 193.3 195.1
126.1 121.5 118.5 115.7 111.4 108.3 108 103.4 100.8 98.2 95.3 91.1 89.7 89.5 89.4 82.4 75 63.6 51.8 45.3 41.1 35.6 30.1 27.3 27.3 27.3 27.3 27.3 27.3 27.3 27.3 27.3 27.3 28.1 30.3 38 52.7 70.2 81.5 97 101.5 109.1 114.7 123.7 128.9 130.8 132.9 136.6 138.8 140.5 143.5 147.8 152.8 157.9 166.3 172.1 178.3 178.7 173.2 158.5 158.4 175.9 188.6 197.9 207.1 213.7 217.3 218.9 217.7 211.3 204.5 194.6 186.3 179.2 175.5 171.1 168.2 170.8 172.1 177.7 185.2 189.5
130.2 126.2 121.6 118.2 112.6 109.9 108.1 106.7 107.6 103.3 96.5 92.5 89.2 88.2 84.7 80.6 76.7 70.2 60.1 50.7 42.6 43.1 32.4 28.7 27.3 27.3 27.3 27.3 27.3 27.3 27.3 27.3 27.3 28.4 30.6 35.9 47.6 69.7 83.1 90.3 99.6 110.2 114.5 121.9 127.5 132.7 134.6 136.9 141.3 145.2 148.7 152.7 160.8 175.3 188 194.5 196.3 194.2 188.7 177.6 155.6 160.4 176.8 191.2 201.5 209.3 217.2 220.1 220 216.3 208.4 196.3 185.6 176.4 173.2 170.3 163.9 160.4 165.4 169 175.5 179.5
132.6 128.4 125.6 121.2 116.7 111 108.6 108.5 107.4 106.7 101.6 96.5 92.5 89 87.6 84.1 79.2 70.8 61.4 57 47.9 43.3 39.5 30.4 28.2 28.4 27.3 27.3 27.3 27.3 27.3 27.3 27.3 28.9 30.8 32.6 37.8 55.6 75.3 84.7 98.5 108.2 118.2 127.4 133.3 138.1 140.9 144.6 152.4 160 166.7 175 181.7 191.6 197.5 204.1 206.7 204.8 200.7 190.9 173.4 152 158.8 174.4 191.5 198.1 205.5 213.9 213.9 210.6 204.8 195.5 187.2 173.4 171 168.1 163.2 155.6 154.3 160.9 169.3 176.1
138.1 133.5 127.7 127 120.2 115.4 112.3 109.5 108 106.9 106 100.3 95 91.5 88.6 85.6 84.3 79 69.4 62.1 51.5 40.6 35.8 31.3 27.3 27.3 29.1 27.3 27.3 27.3 27.3 27.3 27.5 29.4 29.8 31.7 35.6 45.4 64.7 85.3 101.2 119.6 129.8 137.1 142.2 149.5 156.6 160.8 166.5 172.6 181 188.1 194.5 200.5 207 210.2 211.4 211.9 208.8 201.2 188.5 169.2 149.1 153.5 169.4 182.1 190.3 197.7 202.2 204.4 202.8 196.2 184.6 175.1 171.6 165.9 160.8 154.8 145.2 147 154.2 163.4
138.6 137 134.8 131.2 128.6 125.5 115.5 112.1 109.9 108.9 107 103 98.3 94.9 92.6 90.5 89.4 85.4 77.1 67.6 56.2 46.8 41.4 39.4 28.5 27.3 27.3 27.3 27.3 27.3 27.3 27.3 27.3 27.3 28.6 31.1 35.9 44.6 65.9 84.5 107.1 127.2 138.6 147.8 151.8 155.2 163.6 171.7 177.4 183.2 188.9 196.2 203 207.6 212.5 213.9 211.4 211.9 212.4 205 195.7 178.2 159.9 144.8 145.4 158.2 167.5 180.4 187.2 193.7 199.2 195.6 184.9 172.4 171.6 167.1 159.1 152.6 145.5 136.5 138.6 142.8
142.1 140 140.1 138 134.4 130.6 127.4 119.9 113.2 113 111.3 106.9 102.5 100.6 98.4 97.1 96.4 93.8 87.1 75.9 61.8 50.9 43.9 39.2 33 28.6 27.3 27.3 27.3 27.3 27.3 27.3 27.3 27.3 27.3 30.8 36.3 46 64.7 83.6 102.1 125.9 139 152.8 159.1 160.5 163 177.5 184.3 190.8 195.9 200.8 207.4 211.3 212.4 210.5 208.8 206.7 203.3 204.6 196.8 182 166.3 154.3 139.2 141 148.4 155.8 168.1 182.4 188.3 190.4 184 171.8 167 167.1 160.3 153.1 142.5 133.7 126.1 126.2
144.1 144.1 145.3 144 141.1 136 134.8 131.3 121.6 117.6 116.8 116.2 113.5 111 107.3 106.7 106.4 103.5 95.4 82.6 68.3 56.4 46.6 40.1 37.5 30.5 27.3 27.3 27.3 27.3 27.3 27.3 27.3 27.3 27.3 29.9 33.8 42.9 63.3 80.6 97.2 114.5 137.6 149 158.7 167.9 165.3 169.4 185 192.4 200.8 206.8 209.3 212.5 214.1 210.9 207.2 204.7 197.7 193.2 190.3 183.8 172.7 158.3 143.8 133 136.7 141.6 148.2 160.3 170.3 177.3 177.9 166.7 157.1 152.4 149.9 143.6 135.2 128.9 116 112.1
148.4 149.6 149.6 148.9 145.8 141.9 138.3 135.9 129.5 122.2 121.8 123.5 123.5 123.6 121.3 118.9 116.7 115.5 103.5 88.7 76 62.4 50.9 41.2 36.2 31.8 27.6 27.8 27.3 27.3 27.3 27.3 27.3 27.3 27.3 30.4 32.4 40.6 60.5 76.3 91.2 104.8 123.1 136.1 153.3 168.3 168.5 166.8 174.2 190.7 198.6 206 210 212.1 215 212.6 207.3 203.9 197.2 188.6 186.3 182 172.5 162.9 149.7 137.5 129.5 133.8 136.6 144.9 152.9 162.5 159.5 154.7 146.4 137.7 131.4 126.2 121.7 110.5 102.7 86.8
152.6 154.8 153.8 153 152.2 145.9 140 138.5 134.4 129.1 127 129.5 132.7 134.6 134.8 137.2 136.5 126 112.9 96.3 81.2 67.8 55.9 44.6 39.5 33.6 29.8 28.4 27.3 27.3 27.3 27.3 27.3 27.3 27.3 30.2 32.2 37.3 54.4 69.9 85.1 97.4 107.8 124.2 132.7 145.4 161.8 161.8 165.4 174 189.7 201.2 207.6 210.8 212.5 213.3 210.8 202.6 196.9 191.2 183.1 179 171.4 163.5 154.2 134.9 126.9 121.6 128.4 131.6 138.9 142.3 139.3 134.6 129.5 125 119.8 113.7 106.2 94.3 87.8 73.6
160 159.2 160.2 161.1 159.2 154.3 148 146.7 143.1 138.1 138.1 138.2 145.8 155.1 161 165.9 156.7 139.6 121 106.6 87.8 72.4 61 49.7 39.5 34.4 30.4 29 27.6 27.3 27.3 27.3 27.3 27.3 28.6 30.7 31.7 34.3 46.9 62.6 76.4 87.5 96.3 109.4 120.7 126.7 138.4 154.4 162.4 168.7 176.2 192.1 204.2 206.1 210.2 212.4 211.5 204.8 196.7 191.1 185.5 177.7 171.8 160 153.1 136.5 123.7 116.3 113.7 120.6 124.6 124.3 123.7 117.7 111.9 109 105.5 99.3 92.3 80.5 75.9 71.2
172.7 168.4 169.7 173.1 173.6 164.1 159.1 156.6 154.5 159.7 165.6 169.3 172.2 177.3 180.1 181.7 175.8 157.4 134.7 111.6 94.1 76.2 65.7 55.2 44.5 37.2 30.9 29 27.7 27.3 27.3 27.3 27.3 27.3 28.7 31.8 32.2 32.9 41.2 53.9 66.2 76.1 84.5 96.6 107.6 116.8 124.2 139.6 158.9 167.1 171.3 179.6 195.2 200.6 201.8 209.9 211.1 206.9 199.7 192 187 177.6 169.9 158.5 147.2 136.9 121.7 112.9 103.9 102.2 108.7 108.6 102.4 104.5 100.7 94.6 89.7 84.2 78.4 73.7 63.9 56.4
186.4 177.9 176.8 179.8 180.1 178.2 172.8 176.4 182.4 184.1 183.4 186.8 189 191.3 193 193.5 188.8 176.6 148.8 120.2 100.9 84.2 69.9 60.1 49.3 41.1 31.7 29.2 27.9 27.3 27.3 27.3 27.3 28.6 31.6 32.5 32.1 31.9 36.8 47.8 58.2 65.5 74.5 86.5 95.8 104.6 113.4 124 144.4 165 170.2 173 181.3 190.3 193.8 197 207 207.1 201.1 191.6 182.4 178.6 168 153.7 144.6 135.3 123.8 109.1 102 88.8 87.5 93.3 93.4 90.8 89.3 82.4 75.6 68.8 62.7 60 55 47.7
196.7 190.1 186 185.3 185.6 185.4 187.4 196.1 200.3 200.9 200.4 200.5 200.2 199.8 199.6 197.3 193.8 187.3 165.4 133.4 107.8 91.7 74.4 62.9 55.1 45.6 35.5 30.2 27.6 27.3 27.3 27.3 27.3 27.3 27.3 30.2 31.5 32 32.9 41.3 52.1 56.7 64.5 75.7 87.4 94.2 101.4 111.6 128.4 151 167.1 172.8 174.2 175.7 177.8 180.3 191.8 201.8 198.1 191.8 180.6 172.6 166.5 150.4 141.2 133.4 123 112.5 101.4 90.7 75.5 73.5 79.9 77.4 73.1 69.4 62.8 55.1 48.5 48.4 42.8 38.3
204.8 193.9 197.6 196.1 193.7 194.4 197 203.6 208.3 210.4 209.4 207.7 204.5 204.5 204.1 201 196.2 186.7 173.8 144.1 116.5 95.8 80.2 66.6 56.6 47.4 38.2 32.5 30.1 27.3 27.3 27.3 27.3 29.7 27.3 28.5 31.8 31.4 31.8 36.3 42.2 51.2 56.1 64.5 77.9 83.1 89.4 98.2 113.6 132.1 152.2 167.2 172.2 172.8 173.6 166.7 172.6 186.3 193.3 189.2 180.5 169.3 156.4 144.8 135.7 126.7 118.1 108.3 98.5 89.5 78.9 60.3 61.3 64.9 62.7 56.5 52.1 48.8 44.2 39.3 36.1 31.7
215.6 207 207.9 206 201.9 202.1 204.8 207.8 212.4 215 217 214.8 210.2 206.1 203.3 202.6 196.6 188.5 178.4 160.1 124.5 102.1 86 71.3 60.4 51.2 40.2 33.4 30.5 27.3 27.3 27.3 27.8 28.8 28.1 27.3 27.4 29.2 30.1 32.1 37.8 45.9 52.1 56.4 64.6 74.3 80.7 86.7 97.5 114.9 135.9 154.6 165.2 169.4 169.8 158.8 155.5 169 178.7 180.4 169.7 161.3 148 138.5 128.5 119.5 109.9 101.5 93.3 86.1 77.2 62.2 59.4 51 54.3 53.4 50.4 46.6 41.9 35.9 31.9 29.9
220.7 219.1 214.9 211.3 209.4 209.1 210.7 215 221.3 227.9 230.5 231.7 228.8 221.7 209.1 199.1 196.4 190.8 184 172.9 137.2 108.6 91.4 76.6 64 54.9 45.7 37.2 34.2 27.3 27.3 27.3 28.1 29.6 29.3 27.3 27.3 29.2 28.9 30.4 34.4 40.3 45.3 50.7 56.7 63.6 69.6 78.1 85.5 94.7 116.2 136.9 155.9 165.1 166.1 158.9 148.5 142.6 147.5 154.6 156.1 147.7 137.8 129.1 119.2 111.8 99.3 93.6 88.1 78.7 65.9 62.4 56.3 49.8 44.7 44.7 45 43.6 39.1 35.6 31.1 30
230.4 226.9 223.1 217.7 214.1 214.7 216.5 223.5 230.5 240.9 246 243.8 239.4 233.6 225.7 209.8 196.1 193.3 186.7 175.7 148.5 116.6 97.1 81.5 69.1 59.5 50.2 42.1 34.6 30.1 29.2 27.6 30.3 30.7 27.6 27.3 27.3 28.8 28.3 30.2 32.3 35.9 41.8 45.8 49.4 52 59 69.9 75.7 83.6 95.3 113.7 132.1 143.2 149 149.2 142.7 132.8 127.1 130.9 134.6 132.1 122.6 114.4 106.5 97.8 88.5 82.3 76.4 66.4 58.3 55.6 54.3 46.4 42.6 39.1 38.1 36.6 37.8 34.9 31.8 31.1
235.6 236.7 231.6 223.8 219.9 218.4 223.1 230.8 238.3 247.8 254.7 255.2 250.3 246.2 242.5 228.4 211.7 191.2 186.9 178 155.4 127.5 101.3 86.8 75.8 64.7 50.5 46.5 39.8 34.3 30 30.3 30.7 29 27.3 27.3 27.3 27.3 27.3 28.5 29.7 31.4 35.5 41 43.6 45.6 50.2 58.7 69.5 76.2 82.7 93.4 109.2 122.8 131.5 137.3 133.2 124.4 116.2 114.2 116.8 110.6 103.6 94.3 88 81.8 76 68.8 64.1 61.3 52.6 47.2 47 44.1 39.5 34.6 33 31.4 32.6 33.8 33 31.9
241.9 241.4 237.2 230.7 224.6 222.8 227.1 235.5 242.8 249.5 254.2 257.3 254.3 252 248.7 246.2 239.6 211.6 186.8 173.4 159.4 138 110.6 91.7 77.8 69.1 57.4 47 45 41.7 32.7 31.5 30.2 29.3 28.1 27.3 27.3 27.3 27.3 27.3 30 29.8 32.2 36.4 39.8 42 41.2 46.8 58.1 68.8 76.9 81.8 91.2 106.2 116.3 121.3 121.8 114.2 109.8 106.8 101.6 93.7 87.6 82.4 75.7 69.6 62.7 60.4 54.2 50.6 42.8 40.4 40.1 40.1 36.7 32 30.8 30.6 31.4 31.1 29.9 29.3
248.4 246.7 246.1 236.9 230.7 227.1 229 234.3 242.6 248.1 251.4 256.3 260.1 256.3 252.6 249.2 245.6 240.4 200.9 176.2 161.3 144.4 121.2 97.5 83.3 74 66.5 56.8 49.8 44.7 37.4 32.1 29.8 29.6 28.9 27.5 27.3 27.3 27.3 27.3 28.8 29.7 30.3 34.3 35.6 35.6 36.5 41 45.6 61.3 70 78.1 82.9 90.9 98.8 102.8 102.1 104.2 98 96 89.9 82.2 76.4 72.6 66.1 60.1 55.8 54.4 49.4 40.6 39.4 37.2 36.6 36.3 34.6 31.8 30.8 30.6 30.4 30.7 29.9 29.4
260.9 255.3 251.6 246.8 239.7 232.4 231.6 234.3 238.3 243.2 248.5 256.1 258.6 257.3 256.6 255.7 248.1 243.4 216.3 182.1 163.9 146.9 129.7 105.3 87.7 77.9 69.6 66.6 62.5 52.4 45.3 38.1 33.4 32 29.9 28.8 28.1 27.3 27.3 27.3 27.3 28 29.7 29.9 30.6 32.8 34.4 38.6 40.2 51.2 63.4 71.6 76.4 80.4 85.6 87.2 86.7 88.5 87.5 82.2 74.3 69.5 64.6 60.9 56.2 51.8 49.5 47 40.4 38.8 37.2 35.3 35.1 35.1 33.4 31.6 31 30.8 30.6 30.6 30 31.8
273.3 265.6 261.1 257.8 249.5 241 235 235.8 238.7 242.3 243.3 249.8 256.7 256.5 255.4 254 253.1 242.6 227.4 192.3 169.8 146.5 134.1 113.6 92 79.5 72.4 67.7 65.3 58.8 50.5 42.7 36.6 34.5 31.6 30.4 29.5 28.2 27.3 27.3 27.3 30.3 30.8 30.2 30.8 31.5 32.8 34.4 37 40.6 53.1 64.5 70 73.1 77.3 74 74.2 76 72.5 67.7 64.9 60.1 55.7 53.6 51.1 46.9 42.6 38.2 38.5 38.5 34.5 34.6 34.5 34.3 34.7 31.7 31.3 31.1 31.5 30.2 30.1 29.9
278.4 275.1 272.1 268.2 261.8 252.6 246.3 240.7 244 247.1 245.5 243 253.3 254 253.1 254.6 251 241.3 229.1 203.5 174.9 154.4 136.6 119.8 98.7 83.1 74.1 67.6 65.5 62.9 57 50.3 45 38.4 33.5 33 31.8 31.2 30.2 27.3 27.3 27.6 29.3 31.4 31.8 30.9 31.8 32.7 34.4 36 40.2 52.3 61 66.7 66.9 60.8 58.5 63 63 57.6 53.7 51.9 49.6 47.3 45.2 42.7 41.4 37 38.6 37.6 34.3 34.2 34.3 34.4 32.9 32.6 32.4 32 30.7 31.5 30.7 29.6
277.7 279.4 280.1 276.6 271.1 265.9 257.9 252 251.2 253.1 250 243.1 240.5 251.4 250.1 251.8 253.2 248.9 228.8 208.6 181.5 165.1 139.4 123.5 106.3 89.8 76.1 69.2 67.5 66.2 62.9 57.7 50.2 43.1 38.4 36.1 36.4 34.5 32.9 29.8 27.9 27.7 28 28.5 31.7 36.2 32.6 33.1 33.2 34.2 35.8 39.4 47.7 54.6 54.5 48.4 46 47.6 55 51.7 51.5 47.6 48.5 43.7 43.8 37.3 35.9 36.2 34.5 34.4 34.3 34.5 34.3 34.4 33.8 33.2 32.6 32 31.3 31.5 31.3 30.8
281.9 282.2 284.2 282.5 279.7 274.9 266.7 264.2 256.9 255.4 248.9 244.5 237 237.2 244.8 246.7 246.6 249.4 235.2 209.7 187.9 170.1 149.3 126.2 112.3 98.3 85.3 75.2 72.2 70.7 68.9 64.3 58.5 50.5 47 39.6 37.2 35.7 32.6 30.3 28.5 28 29.1 28 28 31.8 33.2 37.3 37.4 37 33.8 35.1 38.7 44.9 46.5 42 42.4 42.2 43.3 41.4 43.1 40.7 40.4 41.5 40.8 37 34.9 35.1 35.3 34.6 33.8 34.3 33.9 33.7 33.4 33 32.8 32.3 31.5 31.4 31.2 30.8
293.3 291.2 288.8 289.5 285.1 278.5 271.8 269.6 268.6 256.1 245.5 240.1 236.6 235.1 235.3 241.5 240.9 233 228.3 208.6 189.8 170 152.9 131.2 117.8 104.4 93.1 80.8 76.3 73.7 72.2 70.6 64 59.5 50 44 41.1 41 40 37.1 32.7 32.7 34.2 34 30.6 28 29.3 31.2 35 32.4 34.9 33.9 34.3 37.5 39.9 39.9 41.7 42.5 40.2 40.6 41.3 39.2 40.2 38.6 44.4 38.1 36.5 38.7 36.9 35.8 34.3 34 34.4 34.7 33.7 33.4 32.7 32.2 31.9 31.2 31 30.7
301.8 300.8 296.2 291.1 288.4 281.9 271.8 267.9 267.4 260.8 243.5 237.9 236.7 236.6 234.3 232.4 234.5 234.8 226.9 210.9 188.9 172.2 156.9 141.4 123.3 109.7 100.1 90.3 83.1 80.2 77.3 75.4 69.6 62.2 56.5 49.3 46.9 45.4 43.9 38.3 38.2 34.5 38.3 35.4 36.8 37.5 30 27.8 28.7 30.7 33.5 35.5 33.3 33.7 37.4 36.2 39.2 39.8 40.2 40 38.8 38 37.9 38.3 35.9 35.7 36.3 36.9 37.2 37.3 36.1 36.4 36 35.7 35.1 33.9 32 31.6 31.9 31.4 30.8 30.9
307.4 303.8 301.5 294.2 287.6 283.2 275.7 265.4 257.5 253.6 242.9 238.2 236.9 236.2 235.7 229.2 227.6 237.8 237.9 231.1 193.8 174.9 161.7 147.3 133.5 115.7 104.5 98.2 89.4 83.5 82.9 79.1 75.3 66.9 62.1 59.2 53 49.5 46.6 45.5 41.3 38.1 37 35.1 37.6 41.6 33.6 32.2 31.5 29.5 26.6 34.3 34.6 33.6 33.4 33.7 35.9 39.1 38.5 37.7 37.9 38.9 38.7 37.3 36.4 35.9 36.1 35.9 36.2 37.2 37.3 36 35.9 36.4 34.3 34.8 33.2 31.5 31.1 31 31.1 30.8
310.5 308 303.5 299 288.9 283.5 278.3 266 256 249.2 240.1 236 235.1 236.1 235.6 231.6 221.8 225.4 237.8 236.8 221.6 177.8 162.5 148.5 138.2 122.4 110 103.3 94 88 86.2 81.7 75.5 71.3 67.8 65.2 61 53.8 49.8 49.5 46.6 45.3 43.9 44.3 41.7 37 35.6 34.2 34.1 32.4 31.9 27.1 30.8 35.6 32.9 32.4 36 37 36 36.3 37.5 38.6 38.4 38.1 37.4 36.8 36.2 36.2 36.3 36.3 35.5 34.9 34.6 34.3 33.6 33.7 32.3 31 31.2 31.4 31.1 30.8
310.6 309 305.5 299 293.5 284.3 279 272.7 254.5 246.8 236 234.4 233.6 236 235.6 232.2 223.3 212 219.3 233.5 230.8 191.4 165.2 152.8 139.9 130.2 116.2 106.1 100 94.8 89.8 86 80.8 75.4 72.8 67.8 63.6 61.6 57.4 54.9 53.4 50.3 45.8 46.2 42.3 44.6 37.1 37.8 36.1 34.5 32.7 34.2 27.2 30.4 31.1 31.7 34.5 34.1 34.8 36.6 37.6 38.1 37.8 37.6 37.4 36.9 36.8 36.5 36.3 35.6 35.1 34.6 34.2 33.8 32.9 32.4 31.6 31.2 31.7 31.5 31.2 30.8
310 308.5 305.6 300.1 293.6 288.4 280.3 272.4 263.2 246.1 237.9 233.3 232.8 232.5 233.5 231.3 224.2 211.3 201.5 216.1 231.4 205.1 173.1 157 142.9 133.6 123.1 112.1 105.9 101.9 94.5 91.3 88.6 81.1 81.5 76.4 70.7 66.3 62.3 58.9 56.8 54.8 51.3 48.1 46.1 45 41.8 39.8 38.2 36.6 33.5 31.5 31.9 27.3 28.1 32.2 33.1 32.2 33.4 35 36.3 37 37.2 37 37.1 36.3 35.7 35.7 35.6 35.3 34.8 34.3 33.8 33.2 32.2 32.1 32.2 31.7 31.8 31.5 31.3 30.9
308.4 307 305.6 299.6 293.6 289.9 284.7 276.2 266.3 249.5 240.3 234 231.7 231.4 230.2 229.9 226.7 212.6 196 196.1 214.6 216.6 184.9 158.9 144.7 136.5 131.1 119.9 110.9 106.1 100.6 97 93.7 83.9 88.6 84.7 78.6 71.8 68.2 65 62.7 59.5 54.3 52.1 49.2 46.5 44.9 42.4 40.3 38.1 35.8 34.2 31.8 29.3 27.1 25.4 30.5 30.9 32.5 33.9 34.1 35.2 35.9 37 36.9 36.2 35.6 35.1 34.5 34.7 34.6 34.1 33.5 33 31.8 31.8 31.9 31.7 31.4 31.6 31.4 31.1
311 305.8 304.4 300 292.9 289.3 285.6 278.6 270.5 259.5 244.5 243.6 236.3 229.6 227 225.4 225 215.2 198.3 186.9 189.7 201.2 191 167.7 147.7 137.6 132.2 125.3 117 111.9 108.3 101.8 96.4 95.9 95.9 91.8 86.5 79.5 74.6 71.1 68.2 62.9 59.9 55.9 52.1 47.5 46.2 45.1 42.9 40.7 40.1 37.8 35.8 35.2 31.6 27.2 24.8 24.6 32.6 33.5 33.4 33.4 33.6 33.6 34.4 35.6 36.2 35.8 35.3 34.8 34.3 33.9 34 33.3 31.6 31.6 31.6 31.5 31.1 30.9 30.8 31.3
