WholeMapElevations/data/nn/nn17_OST50GRID_20230518/NN17.asc
ncols 200
nrows 200
xllcorner 210000
yllcorner 770000
cellsize 50
[rows 108 to 143 of 200, columns 81 to 161 of 200]
299.1 298.6 296.4 297.4 294.7 298.3 301.9 301 302.3 305.9 306.2 307.2 308.1 311.7 312.1 310.5 314.1 316.3 312.3 317.8 322.7 324.9 328.9 329.6 333.1 339.4 347.4 355.5 359.6 359.1 362.4 373 386.9 398.3 414.2 423.9 430.9 437.7 448.2 458.6 469.2 480 494.4 505.2 518.2 526 539.4 553.7 566.7 578.5 588.7 603.5 616.1 627.4 638.7 650.2 661.8 667.9 672.3 681.8 690.1 693.1 690.5 674.5 654.2 639.1 623.1 606.4 588.6 567 549.8 537.8 518 521.8 538.7 552.9 575.5 606.8 643.8 679.5 714.9
314.2 313.2 311.1 308.7 309.9 311.4 309.9 310.3 311.8 312.5 313.9 314.5 313.9 319.8 318.8 318.1 316.7 320.4 320.4 318.7 323.1 328.9 332.1 334.2 337.4 345.2 352.6 358.6 364.6 367.6 371.1 383 395 409.8 421.2 430.8 438.4 447.6 459.6 468.1 482.6 491.2 503.4 516.1 527.1 538.6 549.8 562.1 572.5 589.4 601 612.1 623.6 638.2 650.8 664.5 673.4 675.7 684.2 693.2 702.1 704 702 688.4 667.2 645.4 631.8 614.2 594.3 574.4 554.3 539.8 524.9 523.9 535.3 555 577.2 608.2 641.3 678.5 708.6
330.8 328.5 326.7 326.5 322 324.1 322.1 320 324.9 321.9 322.4 324.5 321.3 327.9 326.7 323.2 323.1 323.2 324.6 325.2 324 329.3 335.9 339.9 342.3 347.7 357.8 365.2 369.2 374.3 382.4 394.4 403 418.1 428.1 438.8 449.4 458.4 470.3 480.8 488.8 504.6 515.9 527.8 537.4 548.3 559.6 568.5 582.7 598.2 611.6 624.1 637 649.3 664.4 676.9 684.7 687.7 697.1 704.6 710.5 713 715.1 706.7 677 658.9 642.7 628.4 606.8 582.1 566.6 548.6 533.6 524.6 542.8 558.4 577.2 608.3 639.2 671.5 702.4
347.8 344.9 343.2 342.6 337.9 335.8 337 334.5 334.6 333.9 332.3 333.3 334.8 334.7 333.6 331.6 327.6 327.9 329.4 330.8 332 330.7 333.9 341.4 345.5 352.4 360.5 369.8 377.1 383.1 391 401.7 414.6 423.6 435.8 447.4 459.3 469.6 479.8 489.6 501.4 511.6 528.5 536.9 549.1 558 567.9 580.7 594 607.2 623.3 637.4 649.1 661.4 676.7 686 693.7 699 707.2 714.6 720.6 724.4 724.8 711.2 691.6 670.5 653.5 635.3 616.7 593.1 573.8 559.8 549.9 539.5 547.8 560.3 580.2 603.7 631.2 661.5 697.6
365.5 362.6 358.2 353 354.2 352.9 353.2 346.8 347.7 344.9 343.6 343.3 343.4 344.7 341.6 339.3 334.9 337 334.1 334.9 336.5 335.5 333.9 343.1 348.6 356.7 365.7 373.3 382.2 389.6 396.9 411.6 423.2 435.8 443.7 455.7 468.7 478.2 490.2 504.2 513.4 525.9 536.6 547.5 555.2 567 577.1 593.3 608.5 623.5 637.5 649.9 662.1 677.5 687 695.1 703.4 710 717.2 725 729.4 733.2 734.5 724.6 703.2 677.9 658.8 640.9 625.4 601.2 585.5 570 561.3 556.3 561.1 564.5 583.5 600.6 627.1 652.6 689.1
380.8 377.1 376.5 378.7 378.6 376.5 366.9 360.9 358.9 356.9 354.8 351.3 347.9 350.8 349.6 347.9 347.4 342.8 340.6 341.5 341.7 342.3 338.3 344.7 350.5 358 368.5 375.7 382.4 394 407.8 419.9 431.5 440.4 452.6 466.8 479.6 490.2 500.7 514.5 527.7 539.5 546.5 554.6 565.8 576.7 588.5 604.8 620.8 639.1 648.4 662.7 676.4 688.4 697 706.6 715.3 722.6 723.8 734.2 735.4 739.4 741 721.9 702.3 687 668.5 646.1 631.4 611.6 593.7 583.3 570.6 562.8 561.1 567.4 582.1 606.8 621.2 646 679.3
397.6 398 401.7 405.4 411 390.4 382.5 376.9 369.9 370 365.5 359.9 357.3 362.1 361.4 357.7 359.1 352 349.9 349.5 344.7 345 342.7 346.5 355.8 360.3 369.1 379 386.1 395.7 413.9 428 440.4 448.3 460 474.9 487.2 497.9 510.7 526.2 537.6 547.5 556.1 565.6 574.1 590.1 603.1 618.6 635.8 649.5 663.4 676.7 689.2 701 710.3 718 725.1 730.6 733.7 737.5 741.6 744.1 741.6 721.2 701.6 686 672.4 657.5 643.7 623.9 602.7 594.4 580.2 569.3 561.9 572.1 582.8 598.4 617.4 638 667.8
427.7 425.9 427.5 431.5 428.8 400.7 393.3 387.4 379.8 379.3 371.4 370.3 369.2 372.1 371 366.6 367.4 363.8 360.6 357.2 352.3 351.9 353.6 352.2 357.5 365.4 371.8 378.6 390.6 399.7 416 432.6 443 453.8 466.9 480.8 494.3 507.7 522.8 535.2 545 555.9 563.9 574.3 586.1 600.2 617.8 632.1 648 661.5 675.6 686.4 698 708.3 721.9 731.7 738.8 743.8 750.7 755.5 757.3 758.5 752.7 735.5 717.7 702.9 687.4 671.6 657.1 638.7 617.6 603.7 584.5 573.4 567.3 568.4 580.3 593.6 609.1 630.7 659.4
447.2 440.4 440.9 442.1 427.1 410.9 404.1 396.2 394.8 387 383.9 379.9 380.2 382 378.7 377.2 375.1 373.8 373.4 368.9 362.6 360.7 362.6 361.8 358 367.3 372.3 377.9 389.7 404.6 416.6 433.4 447.8 459.8 470.3 483.6 498.5 515 531 542.8 552.5 564.9 574.6 586.8 601.1 615.9 631.1 646.1 661.3 674.3 686.8 700.1 711 724.1 735 747 756.1 764.5 770.6 775.5 775.4 775.5 764.4 752.4 734.8 722.6 707.7 684.9 671.1 651.5 634.2 613.1 591.2 578.4 569.7 571.1 576.5 589.7 606.1 623.3 648.9
454.2 447.8 445.7 440.9 437.3 422.2 416.4 410.1 409.8 402.1 402.3 394.6 391.3 393.2 389.1 389.2 385.8 386.1 382.9 379.8 375.6 372.9 370.9 370.5 369.4 364.1 371.8 377.6 387.7 403.5 417.2 432.2 452.7 464.3 476.7 490.1 504.8 522.6 538.7 551.9 563.3 574.4 585.8 599.7 616.1 630.1 643.7 658.5 673.1 686.8 699.7 713.1 727.1 736.6 750 761.7 772.1 782.3 790.9 794.1 795.9 795.7 779.2 764.8 748.3 735.5 724.3 707.2 685.9 666 644.9 624.4 604.4 585.6 573.5 569.7 575 584.2 597.4 618.2 642.9
458.9 450.3 448.4 449.4 445.1 434.9 426.8 424.2 424 421.2 414 408.6 406.5 405.1 400 399.8 398.9 396.4 392.5 390 388.5 384.3 381 381.1 378.3 372.3 371.6 379.6 385 397.1 415.8 429.9 450.2 465.7 480.6 494.7 510.2 529.3 546.5 562.2 573 584.5 598.7 615.6 629.1 645.3 657.6 672.4 685.2 698.7 714.2 726.9 740.2 753.6 767.3 777.2 788.7 799.9 809.3 816.3 818.8 816.7 797 783.4 765.5 753.5 743.8 731.3 708.1 684.7 657.7 635.6 613.2 596.3 580.4 572.6 574.5 578.9 592.7 610.4 630
457.8 459.9 462.3 452.5 451.1 447.4 434.6 436.5 436.6 430.6 424.2 420.2 421.1 417.2 414.9 413.6 411.1 405.3 406.5 404.6 398.6 395.2 391.9 389.1 386.7 376.7 371.8 378.2 383 395.6 410.5 428.1 445.3 462.5 482.6 499 515.1 534.3 555.2 569.6 581.8 597.4 614.3 629.7 644.6 658.6 674.3 687 697.2 711.1 727.5 739.6 755.7 768 780.6 794.1 807.9 820.3 830.6 835.9 841.3 839.1 818 801.3 785.7 769.4 760.7 746.4 727.8 705.1 675.1 649.7 626.5 606.1 587.2 579.7 576.2 579.9 587.3 604.8 624
463 465.5 463.1 460.4 457.5 454 445 448.9 445.2 438.4 433.9 430.5 429 428.4 426.7 425.3 422.5 422.9 417.9 416.1 411 405.3 403 399.4 393.1 381.5 374.7 380.8 387.3 394 402.5 417.8 437.5 458.5 482 501.9 519.8 538.9 557.6 576.2 592.5 612.5 626.6 643.3 657.4 672.8 685.9 699.7 712.5 725.3 737.9 755.2 768.7 782.5 799.4 813.5 828.5 842.4 852.6 859.1 865.7 868.2 840.6 819.8 802.8 787.5 774.7 760.4 747.9 729.9 702.3 667.3 641.1 614.7 598 584.9 577.5 581.1 585.9 597.9 612.5
463.6 470.8 481.1 468.7 463.7 459 455.6 454.9 449.6 445.9 443 436.7 437.1 438.5 437.7 437.8 437.5 437.1 431.8 429.1 423.7 418.1 413.4 408.7 397.1 386.7 379.4 376.5 388.1 389.3 399.8 411.1 428.4 452.6 477.5 502.5 522.9 542.6 562.8 583.6 601.3 621.1 635.7 655 672.5 686.4 698.2 713.3 723.3 735.3 752.8 768.5 785.5 799.4 819.2 834.7 851.3 863.9 875.1 885.8 895.1 896 860.8 838.1 815.2 800.5 788.2 774.3 763.4 750.4 727 690.8 658.2 632 611.2 595.7 587.6 583.5 588.5 594 604.8
464.8 467.7 470 469.8 464.4 459.2 457.6 457.4 455.4 453 446.7 446.1 447.6 450.2 449.6 449.4 448.6 448.2 446.6 444.3 440.7 430.8 422.2 414.9 402.5 392.5 383.8 380.6 382 391.8 399.8 410 424.5 448.1 469.9 497.2 519.9 541.2 566.4 586.9 608.6 629.9 647.4 665.4 681.4 697.7 711.4 722.2 735.3 754.7 769.8 784.4 802.1 820 836.6 856 870.8 884.7 899.4 909.7 918.7 919 880.5 852.7 831.2 817.4 805.2 792 778.1 766.6 741.9 716.1 684.3 653.5 631 611.1 596.6 592 587.6 593.2 604.8
464.2 463.6 463.6 461.5 460.5 459.4 459.4 460.4 457.8 454 455.7 455.9 459.4 459.7 456.5 457.9 463 463.9 465.5 464.5 457.8 442.8 431.1 422.2 409.6 396.1 386.4 385.8 384.1 395.6 398.3 407 425 447.5 470 487.7 511.7 540 565.8 590.7 614.4 636.3 655.5 675.4 693.3 708.5 722.2 733.5 753.4 767.4 785 799.3 819.7 837.4 856.9 875.4 892.1 908 922.4 934.2 942.5 932.8 898.8 871.4 852.3 836.3 821.2 810.1 795.9 776.2 758.8 740.7 711 681.9 656.4 630.9 610.6 600.6 591.3 593.1 602.4
466.6 464.3 464.8 463.8 460.4 460.7 463.9 463 463.2 461.4 464.9 465.8 467.3 468.6 465.9 467.3 473.3 479.7 487.2 479.2 466.6 456.1 443.2 427.4 416 401.5 390.5 388.9 387.4 389.5 401.7 408.1 422.5 443.4 462.9 483.2 502.2 533.3 559.9 584.5 611.9 638.2 662 684.5 701.6 719 733.7 748.8 764.6 784.4 797.5 816.3 838.2 856.5 873 894.3 911.2 924.8 942 954.6 963.4 948.7 916.2 891 870.3 853.8 838.7 826.2 805.1 785.7 770 750.1 730.6 699.7 675.5 651.7 627.5 610.2 603.6 596.7 599
472.4 472.9 468.9 468.4 467.1 466.3 468.1 468.2 465 467.5 470.7 473.2 477.3 475.2 480.6 482.2 486.9 493.3 493.3 487.8 480 468.3 452.6 436.3 421.2 407.4 398 396.4 396.8 395.2 405.3 410.4 420.6 435.4 455.6 475.5 495.2 522.9 550.1 576.8 606.6 634 663.9 689.3 710.9 727 743.9 762 781.1 796 810.4 828.5 851.1 870.4 887.5 906.6 925.9 943.4 957.2 972.2 981.6 970.3 940.1 913.7 890.4 871.2 853.5 831 811.6 791.3 775.3 759.1 740.4 725.1 698.2 673.9 647.6 627.6 618.2 605.8 598.9
479.2 479.4 475.9 475.9 476.6 476.3 476.2 474.8 471.5 474 476.8 481.8 484.4 485.4 492.1 495.5 500.7 504.3 499.4 497.8 487.5 478.7 462 444 429.5 416.6 407.4 402.3 403.8 403.7 401.2 415.5 420.3 432.9 449.6 467.3 485.2 508.8 538.1 566.6 600.4 631.7 661.3 691 713.7 735.8 754.4 771.9 789.5 806 823.3 841.5 861.7 880.1 895.9 919.4 936.9 955.8 968.7 982.1 992.4 993.7 965.5 937.8 911.1 886.5 856.8 832.4 813.1 795.1 779.3 768.6 755.8 741.5 718.9 696.5 669.2 643.9 630.6 612.9 600.9
483.9 488.6 486.4 487.7 488.9 488.1 488.6 484.3 483.4 480.8 482.3 490.1 493 497.3 503 508 511 515.6 515.5 514 505.1 491.1 472.2 453.4 437.4 425.4 416.8 412.9 414.3 411.9 413.6 414.3 424.5 431.4 443.7 459.1 470.6 490.9 517.3 551.7 587.4 622.2 656.1 686.6 712.8 737.5 760.3 777.7 795.7 811.2 827.4 846.7 864.1 883 900.8 922.8 941.1 957.2 972.2 985.5 995.6 1004.9 988.2 959 917.9 880.4 854 838.6 821.4 806.2 795 784.4 775.2 761.2 738.3 715.9 689.8 659.3 640.6 624 611.8
494.3 497.1 502.8 510.9 510.1 501.2 502.3 501.2 497.3 493.1 491.4 498.8 504 508.3 514.5 517.7 522.3 526.8 531.8 525.5 520.7 503.5 483.1 465.4 448.3 440.3 435.9 427 424.4 420.5 422.5 418 424.7 433.6 442.5 449.4 460.4 473.6 501.7 539.1 577.9 613.5 645.1 677.6 706.7 734.7 759.2 780.2 797.1 813.2 827.7 844.6 863.6 883.7 898.8 920.4 937.8 955.2 970.7 983.9 994.8 1005.3 1000.5 961.4 914.3 884.1 866.1 850.3 838.2 827.3 813 804.9 794.9 780.4 760.8 736.3 712 678.2 653.4 636.9 623.1
507.3 516.8 523.8 539.8 533.1 521.6 520.6 518.6 512.6 512.2 505.5 505.9 514.4 520.3 521.8 530.6 532.2 538.3 539.1 538.4 528.3 516.2 497.6 480.7 471.4 461.1 451.1 441 436.9 431.2 425.5 419 428.4 434 437.1 444.2 452.7 469.5 496.8 528.6 562.9 600.2 630.2 664.8 697.8 727.7 752.1 774.6 792.5 809.6 824.1 841.4 857 878.7 897.6 914.1 935.3 951.2 966.9 981.2 992.1 1002.3 1003.8 957.1 920.6 897.3 879.7 866.4 854.4 846.4 836.6 832.6 821.9 808.6 782.9 759.9 730.5 705.3 675.4 654.8 636
534.6 539.2 555.1 561.2 546.4 538.7 535.3 532.9 529 524.3 517.9 521.1 520.4 527.4 532.5 538.9 542.6 548 549.3 547.4 541.1 529.6 512.3 502.6 488.5 477.5 466.1 454.1 446.6 442.7 432.8 423.5 422 431.7 434.9 440.4 448.7 463.9 490.6 520.5 550.7 584.3 619.5 652.8 686.3 715.9 741.8 764.2 784.4 804 820.5 835.4 853.2 872.8 891.7 908.8 927.5 947.2 961 973.7 987 998.8 1011 965.7 931.4 911.2 898.4 885.1 876.8 866 858.6 857.2 852.2 832.2 806.4 779.4 748.9 722.6 693.5 668 649.5
560.9 568.2 581 575.6 555.9 548.2 545.6 545.3 541.7 535.9 529.5 531.5 534.2 537.3 543.6 548.4 552.4 555.8 556.9 555.7 548 540.5 534.3 523.1 509.6 494.2 478.2 471.6 459 451 439.4 431 425.4 429.7 434.3 441.1 449.8 463.9 484.1 513.1 542 574 610.7 641.2 671 702.6 729.6 753 775.9 795 814.8 833.3 852.1 871.3 893.5 906.9 923.6 940.9 959.6 970.8 982.3 996.2 1006.4 987 950.1 930.7 915.9 902.5 897.2 888.7 883.2 889.8 881.5 854.7 822.8 792.4 762.5 734.7 708.1 681.8 659.4
592.9 600 608.3 582.5 563.1 556.8 557.2 556.7 552.7 547.1 541.7 543.6 543.7 546.8 551.3 557.5 560.9 562.8 563.7 563.7 560.6 557.9 553.2 544.6 527.1 508.3 494.1 481.6 474 464.4 445.6 436.3 432.1 429.7 434 439.5 449.8 465 484.8 507.5 533.2 561.6 599.1 631.5 659 686.8 716.5 741.6 766.9 787.1 807.6 830 850.6 870.6 893.1 913.6 927.6 945.8 959.5 971.9 984.8 994.3 1006.7 1006.4 972.2 951.6 937.4 927.4 918.8 911.4 916 925.4 912.1 872.2 833.4 799.8 771 744.8 721.5 696.3 674.1
622.5 634.8 614.8 586.4 570.9 566.4 565.6 563.9 559.4 554.9 550.7 552.2 553.4 555.8 559.7 564.6 568.3 570.1 572.8 575.4 575.4 572.9 569 565 542.9 526.2 515.8 494.9 486.9 474 454.1 442.1 438.8 438.6 435.5 442.4 453 465.3 481.1 503.3 525.6 550 583.5 620.6 652.1 674.7 701.8 728.9 751.5 777.2 802.6 826.6 849.5 870.4 894.1 912.4 930.1 948.2 962.1 978.1 992.1 1004.2 1015.1 1023.7 1000.5 978.3 967.5 954.8 943.3 946.1 956.2 948.8 918.5 872.8 836.1 802.7 783.9 759.2 735.6 716.3 693.2
653.5 636.4 611 590.2 576.9 573.1 570.9 567.3 564.1 560.3 554.3 558.4 560.3 562.5 564.8 569.4 573.6 577.3 580.9 583.6 584.9 585.1 582.9 578.1 563.4 541 529.1 510.9 494.2 483.4 467.1 454.2 447.2 447.8 446.8 446.9 459.1 467.2 483.6 502.9 522.1 546 579.3 607.8 639.3 663.8 685.8 711.1 736 761.4 788.1 817.1 843.3 867.6 890.3 912 932.3 950.5 966.6 985.3 1003.7 1016.5 1028.3 1038.4 1041.5 1015 998.7 986 977.3 987.7 969.3 937 902.8 872.3 839.2 806.5 784.7 775.3 754.5 731 712.5
673.6 643.6 615.4 591.5 580.5 574.1 568.4 565.6 563.8 561.9 559.7 563.2 565.2 566.4 570.4 573.8 579.3 584 588.6 590.8 596.6 596.4 597.1 593.7 575.1 552.7 538.3 518.5 502.2 495.1 481.7 470.5 460.1 459.8 460.6 466.2 460.7 475.8 488 505.6 519.4 540.1 569.3 594.4 622.2 646 667.2 691.3 715.8 741.3 768 796.1 827 857.1 883.8 907.9 930.4 951.9 969.7 986.1 1006.3 1021.6 1037.5 1049.4 1059.9 1057 1037.8 1027.1 1018.9 991.3 959.3 926.5 896.8 873.8 836.6 810.4 790.9 785.3 773.8 751.6 729.9
674.9 644.6 612.5 592.8 582.4 574.1 566.9 562.4 560.8 560.4 560.7 564.1 567.3 571.5 575.3 579.9 585.3 590.1 593.4 598.1 601.6 604.9 610.1 606 585.9 559.4 543.1 528.1 513.7 506.6 500 484.6 473.4 469.3 472.6 471.8 473.6 478.6 489.7 503.7 518.2 536 559 580.9 603.4 624.2 647.1 673.7 697 721.7 749.7 776.5 807.4 837.5 867.7 897.2 923.7 949.4 969.3 986.3 1006.1 1023.3 1040.3 1053.9 1066.2 1077.5 1076.4 1042.4 1005.8 969.9 940.2 912.7 889.7 862.6 838.3 814.3 800.1 793.7 784.7 768.5 748.3
670.4 638.6 609.4 591.9 581.8 571.1 565.3 560.6 559.3 559.3 563 566 568.1 573.2 577.3 582.3 587.9 594.6 599.9 604.3 608.6 613.1 620.4 620.3 605.5 583.1 560.8 539.2 528.8 522.5 517.6 505.7 493.9 488 489.8 484.8 486.4 489.6 490.7 504 514.9 531.8 546.8 564.5 582.9 603.5 630.2 655 679.7 704.5 728.8 758.3 785.6 817.6 849 878.4 910.7 938.4 962.7 984.2 1002.8 1020.3 1039 1055.2 1071.4 1084.3 1063 1022.2 990.7 966 946.6 925.7 904.7 880.3 853.7 829.8 814.1 807.3 789.8 777.1 769.9
666.7 631.3 603.2 590 578.4 568.1 562.9 559.3 559.3 561.6 563.4 566.4 569.6 574.6 579.3 584.3 590.2 599.2 604.5 611.3 617 623.5 628.9 634.6 630.2 601.5 578.4 559.5 553.5 540.5 531.6 525.4 522 509.1 505.8 500.8 498.1 499.2 498 501.6 512.9 525.4 535.8 549.9 567 591.5 618.2 638.3 659.4 685 713.6 740.1 767.2 797.8 826.1 859.9 892.1 922.9 952.3 976.4 998 1017.5 1036.7 1055.4 1072.2 1085.8 1053.9 1023.4 997.1 974.4 958.1 937.2 919.6 899.6 872.7 851.3 835.5 822.3 811.7 809.1 796.5
657 623 597.3 584.3 574.6 565.5 559.4 559.3 559.3 562.5 564.1 566.2 571.5 576.5 583.2 589.3 595.9 603.8 609.3 616.1 624.4 632 644.2 648.1 647.5 623.5 597.5 579.5 578.3 557.4 546.7 543.8 541.5 530.3 520.4 518.8 512.3 511.6 510.5 507.8 509.5 517.7 528.1 539.2 551.1 576.1 601.6 619.7 641.2 667.9 692.8 722.4 751.8 779.3 810.1 840.6 872.9 903.9 937.5 966.9 990.7 1012.2 1032.8 1053 1071.8 1087.3 1072.3 1040.6 1012.4 989.6 971 951.2 932 916.5 894.9 872.4 862.8 855.6 846.9 839.7 821.8
648.4 614.1 593.9 579.5 569.3 561.7 559.3 559.3 559.3 564.7 567.2 568.6 574 578.8 584.8 591.8 597.8 604.7 614.9 626.5 632.5 644.1 656.1 662.4 663.5 647.7 622.1 606.2 599.7 578.5 564.8 558.4 557.7 551.4 542.3 535.6 535.6 530.3 528.2 522.6 520.7 520.6 524.9 534.6 543.4 563.6 582.1 604.7 623 652 676.3 705.5 734 763.8 791.7 824.2 854.5 888.9 923.3 953 977.8 1002.3 1024.7 1047.8 1070 1088.4 1096.3 1071.5 1040.6 1016 989.4 970.6 951 938 923.8 902.7 889.2 887.6 875.9 861.1 847.4
637.2 607.5 587.5 573.9 565.4 559.3 559.3 559.3 560.2 564.3 565.6 571.5 575.9 580.3 586.3 593.6 599.6 608.3 619.1 631.6 641.7 653.7 663.6 673.4 679.1 670.3 648.8 633.9 608.9 595.3 587.5 578.2 578 575.2 567.7 560.2 557.1 551.9 544.6 536.3 530.3 529.2 529.6 536.2 543.2 552.6 571.4 589.5 614.2 639.1 661.5 692.3 716.8 745.6 775.5 808.7 842.1 874.4 905.6 935.4 962.9 989.4 1018 1044.9 1066.6 1088.1 1104.8 1095.1 1069.2 1043.1 1012.1 993.6 977.3 962.2 946.8 927.3 919.8 910.4 901.6 886.7 864.4
625.8 600.5 581.7 572.3 563.4 559.3 559.3 559.3 561.8 564.2 566.1 572.2 578.4 582.7 590.1 596.9 603.2 615.3 627 637.4 650.7 660.8 674.5 685.1 696.5 697.7 675.5 646.7 627.1 621 616.8 615.3 605.8 600.5 596.2 588 578.8 571.1 558.7 549.2 547.2 545.6 538.9 537.9 546.7 552.4 566.9 582.9 604 630 650.8 675.6 701.4 731.8 761.9 791.8 823.1 855.4 886.1 916.7 950.7 982.8 1013.1 1043 1069.9 1092.5 1113.3 1126.9 1100.1 1076.5 1041.7 1018.2 1002.4 987.9 970 954.3 949.3 939.1 926.7 899.3 867.9
613.5 593.8 578.6 569.3 561.6 559.3 559.3 559.3 559.3 562.3 567.1 572.6 577.8 585.2 593.5 601.1 611.8 620.4 631.7 644.9 657.7 672 685.1 695.7 709.6 720.3 729.4 695.5 671.2 651 648.5 651.1 645 635.8 627.6 617.2 604.9 592.2 577.5 568.4 564.3 562.1 554.5 547.5 547.5 558 565.1 578.1 590.9 616.9 641.7 660.4 687.8 714.3 744.1 775.5 805.5 836.4 871.6 906.2 939.6 971.9 1004.4 1038.1 1068.5 1096.3 1118.6 1134.8 1136.6 1109 1074.8 1046.9 1032.9 1016.1 996.1 983.1 984.8 977.1 944.7 906.1 866.2
