WholeMapElevations/data/nc/nc62_OST50GRID_20230518/NC62.asc
ncols 200
nrows 200
xllcorner 260000
yllcorner 920000
cellsize 50
[rows 0 to 34 of 200, columns 0 to 77 of 200]
488.2 476.2 465.4 457.3 449.1 442.1 439 436 436.6 437.7 437.8 435.8 434.5 430 428.4 424.4 420.8 418.8 416.9 411.1 405.2 401.4 399.6 398 394.8 389.2 379 379.2 388.2 396.4 405.6 412.7 417.2 422.3 429.8 438.7 447.6 454.6 462.7 471.4 480.3 486.8 492.1 494.1 489.1 475.9 459 448.7 438.4 430.6 423.4 420.5 417.5 412.5 407.9 402.2 392.7 385.1 377.2 366.6 352.9 338.9 323.1 310.3 296.8 285.3 276.4 270 257.9 244.2 237.5 216.2 208.6 203.6 199.8 196.6 194.6 190.9
487 473.4 462.6 455.5 447.8 439.5 434.3 433.1 433.2 434 435.9 434.1 432.5 427.2 424.9 422.1 414.7 412.2 408.9 403.1 400.4 395.8 390.9 388.4 387.1 382.9 368.1 369.5 380.5 388.8 396.1 403 409.4 414.8 421 427.8 434.8 442.5 447.6 454.3 462.3 471.9 476.6 480.4 475.1 462.3 448.9 435.8 425.4 416 410.6 406 404 401.3 398.8 395.8 391.8 384.7 375.6 364.7 349.8 336.7 322.8 310.3 298.2 285.3 276.7 265.2 254.2 236.5 228.7 213.8 206.2 200.3 196.5 193 191 189.4
485.7 472.7 462.2 454.1 445.7 437.6 431.2 428.8 429.7 431.6 433.3 432.7 430.9 428.3 424.5 419.3 410.4 405.9 400.4 398.5 395.8 389.4 385.9 377.8 377.5 375.8 370.3 365.5 370.5 377.8 385.4 392.7 397.9 405.5 411 414.7 421.7 428 433.7 438.9 446.7 455.6 461.1 464.5 461.4 452.5 440 427.2 414.4 403.1 398.1 395.4 391.4 389.6 387.6 386.4 384.9 380.4 370.9 359 345.8 332.4 319 305.5 293.3 283.5 272.8 258.6 245.8 230.4 220.3 209.3 202.5 197.2 193.2 189.7 187.3 185.7
488.3 472.6 460.7 450.5 441.2 433.4 429.9 427 428.3 428 430.6 430.1 430.8 428.2 423.7 418.4 411 402.1 396.3 394.4 389.5 384.5 380.3 374.8 369 367 365.3 360.3 363.5 369.8 375.1 382.1 387.8 395.2 399.7 404.2 410.4 416.6 423.6 430.4 434.5 441 445.7 448.2 447.8 442.1 430.9 418.2 402.6 392.8 388.5 382.3 379.1 376.4 373.9 373.8 372 368.7 360.9 350.7 338 324.6 313.3 300.3 286.2 277.8 267.4 254.4 239 223.8 213.3 205.6 198.8 194.5 190.5 187.2 185.4 183.5
491 474.7 459.7 446.6 439.6 434.8 429 426.3 426.1 428 429 428.8 428.1 425.9 423.3 418.3 409.4 401.6 394.1 388.1 386 380.5 374.4 369.1 362.4 358.5 359.3 355.4 354 361.2 366.6 371.2 376.9 384 389.5 394.2 400 406.4 412.2 418 423.5 426.5 429.3 433.6 433.6 430.2 418.8 408.2 394.1 384.3 376.2 370.9 366.4 363.1 359.8 357.7 356.7 351.7 346.7 339.1 326.9 315.1 303.3 292.2 279 268.4 258.7 246 230.2 217.5 207.4 201.6 195.5 191.7 187.8 185.5 183.7 181.8
501.1 486.1 468.8 447.4 440.5 436.6 429.7 427.4 428.5 426.7 425.3 427.6 424.9 426.1 423 417.3 409.5 401.6 394.4 388 381.7 376.9 371.6 364.9 359 356.3 352.3 347.4 342.7 352 358.1 363 367.1 371 376.3 382.4 388.2 393.7 399.1 405 408.5 412.3 414.9 418.7 420 417.5 408.7 399.3 385.5 374.8 367.1 361.6 356.6 351 345.3 342.1 340.4 337 333.3 324.2 315.1 305 293.3 281.5 270 259.7 248.4 235.9 220.9 210.2 202.7 196.8 192.9 189.1 185.4 183.4 181.6 179.8
510.2 492.6 475.9 458.2 446.7 442.6 434.6 432.7 430.5 428 427.2 427.3 426.4 424.7 419.6 409.5 410.2 399.8 395.1 382 374.6 369.5 365.5 363.1 357.2 351.3 345.8 339.7 336.9 342.2 347.8 351.5 355.2 358.6 363.4 368.4 375.5 382.8 388.2 392.1 392 396.2 398.1 402.7 404.3 403 394.9 387.6 377.8 367.6 359.1 353.5 345.4 339.2 333.7 330.8 325.8 323.1 319.7 312.2 303.6 293.9 283.4 271.2 260.6 248.4 237.7 224.4 213.7 205.7 198.6 193.3 190 187 183.3 180.5 178.9 177.1
525 502.6 481 465 455 449 442.3 438 434.5 431.7 432.3 431.7 429.6 426.5 422.8 417.9 410.6 404.5 399.1 391.9 385.2 377.4 366.8 354.2 347.7 342.1 339.5 335.2 328.4 334.9 335.2 338.1 341.7 346.6 351.9 355.1 363.1 369.5 375.4 379.2 382.1 384 383.8 386.3 388.9 388.8 383.3 377.9 369.1 359.2 349.7 343.4 335.5 329.9 324.6 317.7 313.9 311.2 306.2 299.4 291.1 281.6 272.7 259.7 248.9 237.2 225.4 215.1 209 200.9 194.6 189.8 186.5 184.1 181.2 179.2 177.1 173.9
541.2 515.8 494 474.2 467.5 460 454.4 448.2 444.7 441.2 438.7 437.1 434.2 430 425.1 419.2 414.4 408.8 402 393.9 386.6 376.7 369 361.2 355.2 347.9 335 331.1 322.2 325.5 325.2 324 329.4 334.6 340.1 346.1 351.9 357.1 362.5 366.4 369.1 371.4 373.8 375.3 375.3 375.4 373.3 368.7 360 351 342.1 332.7 325.9 320.3 312.9 306.9 303.3 297.8 292.3 286.1 277.5 270.1 261 249.3 236.4 226.2 216.9 208 202.3 196.2 191.1 186.8 184.5 182.2 179.8 177.6 174.2 173.3
556.9 534 510.3 493.5 483.7 475.5 468.9 462.8 458 455.5 452 449.6 446.2 441.2 434.3 427.4 419.4 413 405.9 396.9 386.6 377.9 368.2 360.7 353.1 344.5 338.8 333.5 330.9 315.6 314.6 315.6 318.6 321.5 330.1 338.3 343.8 345.9 350.6 353.7 356.2 358.4 360.1 361.1 361.3 361.7 360.4 356.7 348.9 340.9 333.5 325.1 317.4 310.5 303.8 297.5 290.7 285 279.5 272.6 264.5 256.7 247.3 237.3 226.6 216.6 208.9 202.4 197.7 192.8 188.6 185.1 182.8 180.7 178.1 175 173.3 173.3
570 549.9 530.7 513.1 501.9 493.2 486.7 482.2 478.1 475 471.9 467.5 462.2 456.4 448.1 439.8 428.4 417 404.7 397.5 389.3 380 369.6 360.8 351.8 343.6 337.1 334.5 328.3 321.4 314.1 300 302.2 309.4 317.5 325.4 331.1 337.2 339.7 342.5 342.2 341.5 344.6 347.8 347.8 348 347.2 342.5 336.2 330.9 324.2 316.5 306.9 300.5 293.5 287.4 280.3 272 264.5 258.7 250 240.8 232.4 224.3 216.1 209.5 202.8 198.5 194.1 190 186 183.5 180.7 178 174.6 173.3 173.3 173.3
582 564.6 548.1 532 522.1 514.8 507.9 503.6 498.9 498.7 496.6 491.6 485.1 477.3 467.5 456.3 443.4 429.2 414.2 400.1 389.2 380.2 370.1 361.1 351.6 344.2 338.7 335.3 326.5 318.7 313.7 307.7 294.3 293.5 304.8 313 318.7 323.7 328.1 328.4 328.1 329.6 331.1 333.7 335.3 336.4 334.2 329.3 324.3 319.9 313.9 306.6 297.3 289 282.5 275.9 267.6 259.7 252.9 244.9 236.3 229.3 222.4 215.4 208.6 203.7 199.5 196.2 192.2 187.4 184.6 182.1 179.4 174.9 173.3 173.3 173.3 173.3
601.3 582.8 566.4 554.9 547.1 540.3 534.2 530.4 527.4 525 519.3 513.2 506.8 497.9 488.2 476.7 463.1 446.5 429.1 410.6 394.4 382.6 372.7 363 353.1 343.8 339.2 331.2 322.6 315 308.7 305.6 299.6 285.5 294.6 299.5 305.9 310.4 315.1 315.7 316.1 316.8 317.9 321.2 322.7 324.6 322.1 316.3 312.2 307.4 301.5 294.6 286.2 277.5 271.3 263.8 256.1 249.9 242 234.5 227.1 220.6 214.4 208.2 203.3 199.8 196.5 193.2 189 185.3 183 180.2 176 173.3 173.3 173.3 173.3 173.3
622.9 606.3 593 586.4 577.1 570 564.3 559.5 552.9 546.3 539.7 531.2 520.9 509.9 499.9 487.7 474.9 459.5 442.2 423.8 404.5 388.1 375.4 364.1 354.5 347.1 337.8 326.2 316.2 309.2 303.7 301.3 295.8 287.1 278.9 290 296.9 300.8 302.4 304.4 304.3 305.1 305.3 309.3 310.3 310.2 308.6 302.7 298 293.1 286.3 280.9 273.1 266.3 259.9 252.2 246.3 239.9 232.4 225.4 219.4 214 208.1 202.6 199.6 197.4 193.5 189.9 185.7 183.5 181.3 177.1 173.4 173.3 173.3 173.3 173.3 173.3
645.4 633 622.6 612.9 603.3 593.9 585.7 577.5 569.6 560.6 552.1 540.8 530 519.8 510.4 499.3 486.8 473.2 453.7 433.7 416.2 397.9 383 371.1 363.6 353.5 340.9 324.6 313.7 303.1 298.1 296.5 292.8 287.7 274.3 271.4 286 289.9 290.7 291.1 291.3 290.1 293.2 297.3 298.1 296.9 294.1 289.8 285.2 280 275.3 269.8 261.7 255.3 248.9 242.3 236.9 230.1 222.9 217 212 207.6 202.9 198.9 195.9 193.4 190.3 186.5 183.4 180.8 177.1 173.3 173.3 173.3 173.3 173.3 173.3 173.3
663.3 650.9 640 630 619.8 610 600.2 589.8 580.4 570.1 559.6 547.4 535 526.2 516.3 505.1 490.6 475.9 457.4 439.5 423.8 404.1 391.8 378.8 371.8 364.6 348.1 326.4 312.1 300.8 295 291 288 284.8 279.1 270 268.5 279.1 281.2 281.9 280.8 279.9 286.6 288 286.9 286.2 281.2 277.8 274 268.3 264.2 258 252.6 245.6 240 234.7 228.9 221.6 215.9 210.8 206.7 203.1 199.5 195.3 192.7 190 187.1 184.1 181 177.3 173.3 173.3 173.3 173.3 173.3 173.3 173.3 173.3
681 668.1 655.5 645 633.1 621.4 610.3 599.1 588 575.5 563.6 550.4 537.9 527.7 516.6 505 491.2 476.7 456.8 441.1 424.1 406.7 388.2 378.3 369.7 364.3 348.7 327.1 311.9 297.3 293.6 289 282.5 275.9 271.7 263.4 258.8 270.6 273.3 274.8 274.2 274.5 277.6 276.6 275.3 273.9 270.1 267 262.2 257.4 251.8 247 242.3 236.7 232.1 227 220.8 215 210.7 206.1 202.3 198.6 196.9 192.3 189.7 187 184.1 180.6 176.4 173.3 173.3 173.3 173.3 173.3 173.3 173.3 173.3 173.3
699.3 685.9 673.5 659.4 645.1 631.5 619 606.6 593.7 580.3 565.7 550.7 539.2 526.7 515.4 503.6 490.8 474.1 453.9 437.8 421.1 400.5 386.8 372.4 362.1 354.3 343 322 301.4 288.8 283.1 277.5 272.4 264.6 263.1 262.6 251.2 263 265.5 266.9 266.8 266.9 267.7 266.2 264.6 263.5 260.9 255.9 251.5 246.8 242.4 238.4 233.1 229 224 218.4 214.1 209.4 205.4 202.5 199.8 197 192.8 189.2 186.6 184 180.7 176.1 173.3 173.3 173.3 173.3 173.3 173.3 173.3 173.3 173.3 173.3
713.6 701.9 689.5 675.4 659.5 643.5 627.7 613.2 599.5 585.1 565.9 552.5 540.4 528.8 518.4 504.2 490.2 471.6 453.3 436.5 416.9 399.9 380.3 365.2 354.5 338.9 325.2 307.3 291.4 280.6 273.3 265.6 259.2 257 256.9 257.5 247.5 254.7 258.4 259.4 258.2 258 259.1 255.9 253.9 251.9 250.3 246.8 242.1 237.5 233.8 229.1 224.9 221.2 216.6 211.7 207.9 204.3 201.6 198.3 195.5 192.6 189.5 186.7 183.8 180.7 176.1 173.3 173.3 173.3 173.3 173.3 173.3 173.3 173.3 173.3 173.3 173.3
722.6 712.1 701 688.6 674.6 657.3 639.3 622.8 607.7 589.9 571.5 555.4 543.9 534.3 521.6 508.2 495 473.9 451.3 433.5 416.7 395.7 373.1 355.7 342.9 325.9 309.1 294.8 281 270.6 262.3 255.7 250.3 248.8 250.2 251.2 241.7 249.2 251.3 251 250 250.2 249.6 246.5 244.4 241.7 239.3 236.2 233.2 229.8 224.4 221.5 218.3 213.9 209.8 205.8 203 200.3 197.8 194.2 191.3 188.5 186.2 183.6 180.3 176.1 173.3 173.3 173.3 173.3 173.3 173.3 173.3 173.3 173.3 173.3 173.3 173.3
726.3 718.8 709.8 699.2 687.5 673.5 654 633.7 615.9 597.4 581.3 564.8 551.1 540.8 526.3 513.1 497.6 477.8 456.3 436.3 408.6 386.2 369.3 354 331.4 312.2 299.7 284.9 271.9 261.6 254.1 246.6 241.8 239.8 242.3 243.6 236.8 239 244.6 243.2 242 242.4 240.7 238.8 236.4 233.8 231.6 228.3 225.7 221.3 217.4 214.6 211.8 207.7 204 201.5 198.4 196.5 193.9 190.3 187.3 185.4 183 179.8 175.7 173.3 173.3 173.3 173.3 173.3 173.3 173.3 173.3 173.3 173.3 173.3 173.3 173.3
726 719.7 713 705.2 696.3 685.5 668.4 646.7 625.8 608.5 592.2 575.5 562.3 550.6 536.3 519.8 502 479 459.2 440.3 411.9 382.9 362.1 344.8 324.4 306.3 291.6 275.2 265.2 256.3 249.4 241.6 235.7 234 236 237.6 237.2 231.4 237.7 236.2 235 234.2 233.4 230.5 228.1 226.6 223.4 220.4 217 214.5 211.3 208.7 205.5 202.5 199.4 196.5 194 191.5 188.9 185.6 183.6 181.7 179.5 175.1 173.3 173.3 173.3 173.3 173.3 173.3 173.3 173.3 173.3 173.3 173.3 173.3 173.3 173.3
722.2 717.7 712.2 707.1 701.6 693.1 680.7 662.6 642.5 621.9 602.8 586.5 571.1 557 541.3 523.7 504.3 479 458 443.4 414.8 384.4 360.3 338.7 310.6 294.6 284.8 270.6 260.7 253.2 245.1 237.4 230.6 229 231 232.1 232.3 225.7 229.4 228.8 230.2 227.9 226.7 223.8 221.1 219 216.1 213.1 209.3 208 206.2 203.4 200.8 198.5 195.1 192 189.6 186.6 183.8 181.8 179.9 177.9 174.6 173.3 173.3 173.3 173.3 173.3 173.3 173.3 173.3 173.3 173.3 173.3 173.3 173.3 173.3 173.3
716 712.3 708.9 706.3 702.4 696.2 686 672.9 654.9 634.3 612.4 597.5 577.9 559.9 544.7 525.1 503.7 477.1 457.5 439 414.7 388.9 357.2 332.4 307.7 286 273.2 266.5 258.4 251.7 244.8 235.9 228.3 224.4 227.4 227.6 226.3 224.5 220.2 222.6 222.5 220.6 219.6 217.5 214.9 213.1 210.2 207.6 204 202 200.2 198.5 195.7 193.2 190.2 187.7 184.8 183 181.2 178.4 176.4 173.3 173.3 173.3 173.3 173.3 173.3 173.3 173.3 173.3 173.3 173.3 173.3 173.3 173.3 173.3 173.3 173.3
707.6 706.3 703.4 700.8 698.6 693.9 686.1 674.5 661.5 642.7 621.6 604.1 584 563.5 543.8 523.1 501.6 476.9 452.4 427.1 408.3 384.9 352.1 319 302.6 282.8 272.2 264 256 248.9 241.9 233.5 226.3 222.6 222 222.7 221.7 219.3 215.4 217.3 217.5 215.4 211.4 211.1 208.6 206.7 204.3 201.5 198.7 197.3 195.7 194.6 191.8 188.9 186.7 184.7 182.4 180 178.1 175.1 173.3 173.3 173.3 173.3 173.3 173.3 173.3 173.3 173.3 173.3 173.3 173.3 173.3 173.3 173.3 173.3 173.3 174.9
697.2 696.4 695.9 693.6 690.5 686.1 678.8 669.7 659.6 644.1 623.4 605.2 587.9 566.3 542.7 521.2 496 475.7 454.9 418.9 398.7 383.2 359 325 303.5 286.6 274 263.7 255.1 247.1 238.4 229.7 223.8 218.4 218.5 218.2 217.6 215.8 212.8 210 212 209.8 206.1 205.5 203 200.3 198.4 196.3 195.2 194.5 192.3 190.7 187.7 185 183.2 181 179.3 176.2 173.4 173.3 173.3 173.3 173.3 173.3 173.3 173.3 173.3 173.3 173.3 173.3 173.3 173.3 173.3 173.3 173.3 173.3 175.5 182.1
684.2 684.7 686.5 683.7 680.3 673.6 667.4 658.3 647.6 632.8 616.9 599.9 579.7 559.3 537 514.3 491.4 472.1 448.2 420.7 398.3 380.4 359 337.5 311.1 289.9 274.9 263.8 253.9 243.7 233.4 225.8 220.5 217.8 214.6 213.2 212.5 212.3 210.2 207.2 206.1 203.9 202.4 200.5 198.8 196.3 194.1 192.5 192.4 192.5 189.4 186.3 183.4 181.3 179.6 176.9 173.3 173.3 173.3 173.3 173.3 173.3 173.3 173.3 173.3 173.3 173.3 173.3 173.3 173.3 173.3 173.3 173.3 173.3 173.3 173.3 181.7 187.7
670.4 673.3 675.6 675.3 668.2 660.1 652 642.6 631.9 619.2 605.1 589.8 571.2 549.2 527.7 503.5 481.4 466.2 443.3 425 401.8 379.1 352.5 331.5 310.9 293.1 278.6 264.9 255.4 240.4 230.1 222.8 217.3 214.5 212.2 209.3 207.6 207.2 206.2 204.8 202.1 198.5 198.9 196 194 192.4 190.7 189.9 189.1 187 185.2 182.6 179.7 177.6 175.3 173.3 173.3 173.3 173.3 173.3 173.3 173.3 173.3 173.3 173.3 173.3 173.3 173.3 173.3 173.3 173.3 173.3 173.3 173.3 173.3 177.6 186.9 189.1
654.8 658.7 661 659.8 653.2 643.1 634.1 625.9 616.5 603.8 590.2 575.8 558.7 538.4 517 491.9 472.3 457.7 440.6 427.2 400.7 379.2 357.5 333.4 315.7 297.5 281.8 265.8 252.5 239.5 230.1 223.5 217.4 211.2 207.8 206.3 205.7 204 202.6 200.3 198.5 194.9 194.3 192 188 189 188.2 187 186.1 183.8 182 180 176.1 173.3 173.3 173.3 173.3 173.3 173.3 173.3 173.3 173.3 173.3 173.3 173.3 173.3 173.3 173.3 173.3 173.3 173.3 173.3 173.3 173.3 176.9 179.5 186.8 197.1
639.1 641.8 642.5 641.3 636.5 628.6 618.4 608.2 598.6 587.9 574 561.7 544.3 524.6 504 478.7 463.8 449.4 435.9 420.9 398.3 374.8 355 334.9 316.9 300.2 283.1 263.3 248.4 237.2 229.3 223.3 215.8 209 203.7 202.8 203.2 200.6 198.2 195.8 195 194.1 191.6 189 188.1 187.2 184 181.1 182.5 180.6 178.4 175.9 173.3 173.3 173.3 173.3 173.3 173.3 173.3 173.3 173.3 173.3 173.3 173.3 173.3 173.3 173.3 173.3 173.3 173.3 173.3 173.3 173.6 176.1 179.4 183.7 192.5 205.1
620.5 621.5 620.8 620.5 617.3 610.9 601.7 590.3 579.5 571.1 559.9 545.3 528.8 510.4 489.5 467.7 452.7 440.3 430.7 414.9 395 370.3 350.7 333 318.9 297.2 282.2 260.5 246.7 236.1 227.1 218.7 211.3 204.7 199.5 202.6 202.7 198.4 193.8 191.9 192 191.5 189.4 187.2 186.5 185.6 184.1 180.4 179.4 178 175.9 174.8 173.3 173.3 173.3 173.3 173.3 173.3 173.3 173.3 173.3 173.3 173.3 173.3 173.3 173.3 173.3 173.3 173.3 173.3 173.4 173.3 175.3 179.3 185.7 193.6 200.1 213.5
602.6 600.1 598.8 598.4 596.1 591.3 584.1 575.1 563.2 554.3 544.9 529.4 512 495.5 472.4 454.8 440.9 429.7 416.2 402.6 384.4 364.8 349.3 325.9 311.5 292.3 276.5 262.8 245.4 233 224.9 215.3 208 202.2 198.4 200.7 199.9 195.4 192 189.7 189.4 189.2 187.4 185.6 184.3 182.9 181.6 180.3 178.8 176.5 174.9 174.3 173.3 173.3 173.3 173.3 173.3 173.3 173.3 173.3 173.3 173.3 173.3 173.3 173.3 173.3 173.3 173.3 173.3 174.5 175.2 176.3 179.6 184.7 194.6 199.7 212 225.4
586.1 581.7 578.2 576.5 574.8 571 563.8 557.6 546.2 536.7 527.9 513.2 498.1 481 458.8 440.1 425.6 413 397.2 384.9 373.9 359.4 341.4 323.6 305.5 285.3 268.7 252.9 243 228.6 220.2 211.9 204.7 201.4 199 196.8 194.2 193 191.6 190.2 187.5 186.3 185.8 184.5 183.2 181.9 180.5 179 176.9 175.6 174.2 173.3 173.3 173.3 173.3 173.3 173.3 173.3 173.3 173.3 173.3 173.3 173.3 173.3 173.3 173.3 173.3 173.3 174.7 176.2 177.6 182.1 183.9 190.8 199.5 208.2 218.1 231.8
569.8 562.6 558.3 556.1 553 550.1 544 538 531 519.5 509.9 499.3 483 461.8 443.4 427.9 407.2 394.8 382.7 368.9 359.1 345.5 330.9 318.7 297.3 272.2 258.8 247.1 237.9 227.1 216.9 208.3 203 200.5 197.9 194.4 190.9 190.8 190.1 190.7 187.3 184 183.2 183.3 182.2 180.8 179.4 177.7 176 175.5 173.5 173.3 173.3 173.3 173.3 173.3 173.3 173.3 173.3 173.3 173.3 173.3 173.3 173.3 173.3 173.3 173.3 173.9 176.3 177.7 181.2 185.6 188.5 197.2 204.6 214 227.3 238.6
555.4 544.7 540.7 534.5 530.4 527.5 525.8 518.9 511.9 501.7 490.8 479.4 467.4 448.5 430.5 409.1 389.9 378 368.4 353.1 343.7 330 318.3 299.4 277.8 262.4 252 239.3 229 220.3 212.5 205.6 201.4 197.5 195.7 193.9 191.6 189.4 188.7 187.5 187.3 185.5 181.5 180.3 180.7 179.7 178.1 176.4 175.1 174.4 173.6 173.3 173.3 173.3 173.3 173.3 173.3 173.3 173.3 173.3 173.3 173.3 173.3 173.3 173.3 173.3 173.3 173.8 176.4 179.9 183 188.2 194.5 201.8 213.5 221.5 234 246.1
