WholeMapElevations/data/sx/sx54_OST50GRID_20230518/SX54.asc
ncols 200
nrows 200
xllcorner 250000
yllcorner 40000
cellsize 50
[rows 0 to 37 of 200, columns 84 to 167 of 200]
24.1 15.4 1.8 0.5 -0.8 -1.6 6 6 -1.6 -1.6 -1.6 -0.9 0 0.9 1.9 14.6 28.3 39.2 46.2 52.9 62.5 68.7 72.8 75.4 77.3 78.1 73.7 68.4 61.9 46.5 35.6 25.9 22.8 37 47.6 52.9 57.4 60.3 63 63.8 65.2 64.6 62.8 62.9 64 67 70.3 74.9 79.6 83.2 86.8 90 92.3 95.2 97.1 98 99.2 99.1 98.1 97 96.6 97.1 98.4 99.3 99.1 99.4 99.9 100.2 101.2 102.2 102.7 104 103.7 104 103.4 105.4 107.1 107.6 108.4 108.9 108.1 106.5 104.4 101.9
29.8 22.7 15.6 1.2 -0.4 -1.6 5.5 -1.6 -1.6 -1.6 -1.6 -0.2 0.8 1.7 8.7 23.5 35.6 45.8 52.4 60.3 67.5 75.6 77.5 79.3 81.4 80.7 76 69.4 59.8 51.2 42.8 33.6 23.9 29.8 38.9 47.9 52.7 55.3 58.4 61.1 62.3 61.2 58.4 58.4 60.6 64 67.3 71.8 76.7 81.4 85.4 88.9 92.6 95.4 97.6 98.6 99.2 99.3 98.4 97.3 96.9 97.1 96.9 96.9 97.4 97.9 98.5 99.5 100.6 101.7 102.2 102.5 102.1 101 100.9 102.9 104.9 106.5 107.6 108.3 108.1 106.6 104.2 101.2
22.4 16.4 13.3 1.6 -1.6 -1.6 1.5 -1.6 -1.6 -1.6 -0.1 0.6 1.6 12.5 22.1 22 30.2 41.2 52 60.7 69.8 75 77.9 81.5 84.3 82.4 78.1 72.2 66.4 59.4 51.9 46.9 37.6 32.8 31.7 34.9 41 45.7 51.4 55.4 56.6 55.3 53.1 53.6 56.6 60.2 65 69.9 74.8 79.8 84.4 88.5 92.3 95.6 96.9 97 97.1 96.9 96.3 94.9 94.2 94 93.9 94.6 95.1 96.7 97.5 98.7 100.2 101.2 101.7 100.8 100.2 98.5 96.5 100.5 102.5 104.7 105.8 107.2 107 106.1 103 100
8.7 1.8 1.8 1 -1.6 -1.6 -1.6 -1.6 -1.6 -1.6 1.4 1.8 12 22.2 34 33 29.5 33.8 47.8 57.5 66.5 72.8 77.1 80.9 82.8 82.9 80.6 76 72.5 67.3 61.6 57.8 55 57.2 56.7 51.6 46 40.2 37.8 42.7 46.8 48.2 48.4 52.7 56.6 60.3 64.2 68.9 74.5 79.2 83.5 87.8 91.5 94 95.1 95.2 94.4 93.4 93.4 92.4 91.3 91.3 92 93.6 94.9 96 97.1 98.6 99.6 100.6 100.3 99.3 98 94.7 92 96.7 99.5 101.6 103.9 105.4 106.3 104.9 102.9 99.7
23.9 16.4 1.8 0.7 -0.6 -1.6 -1.6 -1.6 -1.6 -0.4 1.4 7.9 18.1 28.8 42.2 47.1 44.7 41.7 43.7 54.6 63.9 70.3 75.1 79.3 82.3 83.8 83 81.7 80.6 76.7 71.8 67.9 64.9 65.9 66.5 65.2 62.5 57.8 52.7 48.9 45 44.7 47.7 50.6 54 57.4 61.2 66.3 72.5 77.4 81.6 85.2 89.1 92.6 94.2 94.2 92.8 91.2 91.3 89.8 89.2 93.1 95.8 96.6 96.4 96.6 97.4 98.4 99.4 99.6 98.8 97 94.4 91.3 88.6 91.5 94.2 97.8 100.8 103.3 105.1 105.2 103 99.5
38.4 28.8 1.7 0.6 -0.5 -1.6 -1.6 -1.6 -1.6 0.3 1.8 14.9 27.5 41.1 53.6 60.7 58 55.3 51.4 53.3 61.5 69.7 75.4 79 82.7 84.4 85.2 86.5 86.7 84.8 81.6 76.4 72.2 71.3 71.5 68.2 65.6 61.8 56.5 50 48.4 49.6 51.7 55.8 59.1 62.1 66.1 70.1 73.4 76.9 79.9 85 88.7 92 93.3 93.4 91.6 89.4 86.9 88.3 93.8 96.2 98 98.7 97.7 98 98.3 98 97.5 97 95.9 93 90.7 86.7 83.8 87.8 89.6 94.7 98.3 102.2 104.5 104.9 103.6 99.8
51 41.4 19.7 0.9 -1.6 -1.6 -1.6 -1.6 -0.6 0.8 9.5 26.6 40.3 54.3 65.1 73.3 72.1 69.9 66.2 62.3 59.9 67.1 74.3 79.6 82.4 83.6 86.8 90.1 91.4 90.2 86.6 81.7 78.2 74.8 71.8 67.7 63.4 59.2 55.3 53.2 54 55.8 59.2 65.6 69.9 74 78.5 83.7 87 88.7 90.5 92.2 93.2 93.7 94.1 93.3 91.5 88.2 84.9 91.2 94.9 96.4 97.6 98 97.4 97.7 97 95.7 94.6 93.2 90.8 87.4 83.6 79.3 79.5 83 87.5 94.1 99.7 102.8 104.9 105.1 103.5 98
47.5 45.5 30.6 1.6 -1.6 -1.6 -1.6 -1.6 0.2 1.7 25.3 41.9 55.6 66.5 78.2 85.6 86.9 84.9 80.9 76.6 73.5 70.1 72 76.1 79.8 83.2 87.6 92.5 93.9 92.5 89.5 85.7 81.7 77.8 73.8 70 63 60.9 62.6 62.6 64.9 67.7 73 78.7 81.6 83.2 87.1 90.8 92.9 94.4 94.9 95.4 95.7 95.2 94.4 93.4 90.4 85.8 81.7 89.2 92.9 93.9 95.3 96 96.2 96.1 95.8 93.9 91.8 88.9 86.9 82.2 77.2 74.4 78.5 84.8 89.8 95.8 99.6 101.6 103.3 103.5 101.3 92.2
33.7 36 31.3 11.5 -1.6 -1.6 -1.6 -1.6 1.4 20.8 41.4 57.6 68.2 78.3 90.6 96.9 98.7 96.5 91.2 86.3 82.1 80.5 78.4 78.7 81.1 84.9 90.6 93.6 95.6 94.9 92.2 88.6 85.3 81.6 78.4 73.3 64.4 70.3 74.8 77.5 80.5 82.2 84.1 86.9 89 89.7 91.2 93 94.5 95 95.6 96.3 95.8 95.2 94.4 92.3 88.2 85.4 77.3 86.8 89.9 91.5 92.8 93.9 95.4 95.2 95.1 94.6 93.3 93.3 92.4 84.9 77.8 72.7 80.6 86.4 91.3 95.6 98.2 99.6 100.4 99.5 97.2 84.3
26.7 24.8 22.4 3.9 -1.6 -1.6 -1.6 1 17.3 41.8 54.9 67.4 77.2 87.5 95.9 101.8 103 100.3 94.9 90 86.8 84.2 82.7 82.9 84.7 89.7 92.4 95.1 96.3 96.3 94 91.6 88.5 85.4 80.5 72 70.8 79.4 82.4 84.5 86.2 87.7 89.9 91.5 92.4 92.9 93.9 93.7 94.1 94.6 95.6 95.4 95.5 94.9 94.1 91 86.3 82.2 74.5 83 86.2 89.3 92.2 93.8 94.6 95 96.5 96.5 96 95.6 94.4 90.3 81.3 70.9 79.1 85.6 90 93.2 94.8 95.6 95.9 93.6 86.8 82.7
21.2 16.5 11.2 -1.6 -1.6 -1.6 -1.6 16 39.2 53.9 65.6 76.6 82.9 90.6 97.6 101.7 103.9 100.8 95.3 91.2 88.1 86.9 86.6 88.3 89.8 92.2 94.4 95.8 96.9 97.1 95.3 93.3 90.4 86.6 79.1 71.5 78.9 83.1 85.9 89 90.9 91.6 93.2 94.4 95.3 94.9 94.4 93.7 93.2 93.2 94.6 95.3 95 95 93.2 90.2 86.5 77.5 76.3 84.6 88.1 91.5 93.7 94.9 95.9 97.7 98.1 98.6 98.8 99.2 98.2 93.8 82.9 69.6 76.1 84 87.4 89.5 90.7 90.3 89.1 81.8 81.1 93
12.6 1.6 -1.6 -1.6 -1.6 -1.6 16.1 35.3 47.5 58.5 68.7 78 85.2 89.7 95.1 98.5 98.4 96 91.9 88 86.3 88 90.1 90.8 91.5 92.3 92.6 94.2 95.3 94.8 93.4 91.9 90.7 87.4 82.7 77.9 84 86.5 90.2 92.2 93.4 93.6 94.3 95.3 95.6 94.4 93.1 91.6 91.1 91.6 93.7 95 94.2 94.3 91.2 87.7 83.8 70.9 78.5 86.1 90.7 94.2 96 97.4 98.7 99.7 99.9 100.6 101.3 101.5 98.7 94 82 68.9 73 81.5 84 85.3 85.3 82.3 77.6 79.6 89.1 98.5
1.5 0.1 -1.6 -1.6 -1.6 -1.6 28.3 47.8 54.5 59.5 67.8 75.4 80.2 85.9 89.4 90.6 89.9 87.3 82.7 80.2 80.3 82.8 85.4 86.9 87.8 88.3 87.2 85.5 86.6 86.8 88.7 91.1 91.1 89.8 87.3 82.7 84.9 88.4 90.1 91.8 93.1 93.2 93.1 93.1 93.1 91.8 90.3 89.4 89.4 90.8 93.1 94.2 93.8 92.6 87.8 82.3 78.3 66.2 80 87.8 92 94.8 97.1 99 100.3 100.4 100.2 100.6 99.9 99.4 96.4 92 79 64.9 72.2 78.5 79.6 80.1 75.4 69.8 78.6 88 95.5 101.6
0.5 -1.6 -1.6 -1.6 -1.6 12.8 32.9 48.1 54.6 59.4 65.1 70.8 73.4 74.7 78 77.6 75.8 73.9 72.6 72.3 72.2 75.6 78.4 79.6 78.9 73.5 73.1 74.7 76 82.3 88.2 92.2 93.4 91.7 89.5 86.7 86.5 88.6 90.1 90.8 91.7 91 89.8 90.2 89.9 88.6 86.8 87.8 88.4 90.3 92.7 93.6 93.4 91.8 86.1 76.8 62.9 67.9 81.1 87.7 91.4 94.4 96.9 98.8 100.1 99.9 99.6 98.3 97 95.8 92.9 86 72.1 61.9 70.6 73.1 70.2 66.3 69.3 80.5 92 100.8 105 107.8
-0.5 -1.6 -1.6 -1.6 -1.6 15.6 31.8 42.2 48.1 49.8 53.8 59.9 62.8 62.9 63.1 62.9 64.1 63.2 63.4 62.8 63.2 66.3 68.2 66.3 59.6 58.4 71.2 73.6 76.5 86.5 90.6 93.4 94.9 93.2 91.8 89.6 88.9 89.5 90.1 90.3 89.2 88 86.1 85.8 85.6 85.3 85.8 88.1 89.4 91.8 93.4 93.9 93.5 91.1 84.9 72.3 52.2 70.2 80.9 87.1 90.6 93.6 95.5 97.5 98.5 98.6 97.6 95.6 93.5 90.9 85.3 74.9 64.2 59.2 62.2 63.6 68.9 74 84.7 97.6 105.3 108.8 110.1 110.6
-1.6 -1.6 -1.6 -1.6 0.9 17.4 29.3 33.8 36.7 33.4 35.9 39.8 44 48.4 47.6 50 52.3 52.6 54.3 55 55.2 58 58.5 51 49.4 57.5 69.3 79.4 87.1 90.8 93.1 95.1 95.1 94.4 93.1 91.9 91.3 90.2 89.5 88.4 86.8 83.9 81.4 79 80.7 85.6 89.3 91.1 92 93 93.7 94.1 93.2 90.6 84.3 67.7 49.7 66.8 78.8 84.9 88.2 90.7 92.2 93.5 94.4 95.1 94 92.8 88.5 81.2 70 61.1 57.1 60.4 66 73.3 80.5 88.1 98.6 106.4 109.6 110.4 110.4 109.7
-1.6 -1.6 -1.6 -1.6 0.6 8.1 13.3 12.5 14.6 16.5 19 21 23.5 28.5 31.5 34.8 38 41.9 44.7 45.9 47.2 48.3 44.6 43.9 54.5 68.3 80.3 87.6 91.1 92.5 94.2 94.9 94.7 94 93.4 92.8 91.8 89.7 88.3 85.7 83.1 79.3 74.5 77.8 84.1 88.8 91.2 92.5 93 93.3 93.5 93.2 91.4 88.2 83 71.6 52.1 60.9 72.5 80.7 84.2 86.7 87.9 89 90.1 90.3 90.4 88.5 78.4 65 54.2 56.3 61.6 68.2 76.9 85.2 93 100.6 104.4 106.8 108.6 108.9 107.5 106.2
-1.6 -1.6 -1.6 -1.6 0.2 1.8 1.8 1.8 1.8 4.2 10 11.4 11.5 12 14.6 20.6 21.8 29.6 32.4 35.6 38.3 36.5 39.4 50.9 64.9 78.7 85.9 90.4 91.2 91.7 92.5 93.3 94.2 93.8 93.1 92.2 90.4 88.2 84.7 81.8 78.3 72 73.2 81.8 87.1 90.5 92 93.3 92.9 92.6 92.1 90.6 88.3 84.9 79.2 69.3 56 54.6 69.8 76.8 80.6 82 81.9 83 83.6 82.3 82.6 78.2 65.9 53.3 59.2 71.7 76.4 79 86 93.6 100.2 103.1 104.3 105.5 106.4 105.8 104.5 103.2
-1.6 -1.6 -1.6 -1.6 0.6 1.8 1.8 6.8 13.8 21.6 27.1 24.8 26.8 34 33.4 30.4 28.6 26.3 26.2 31.3 30 38.1 50.5 63 75.7 84.3 88.6 90.1 90.1 89.3 89.8 90.7 91.9 92.6 92.6 91.4 89.4 86.7 83.2 79.1 73.1 64.2 69.4 81.5 87.1 90.8 91.8 92.3 91.3 89.3 87.8 87 84.7 79.9 71 60.4 49.4 48.3 67.2 72.3 75.6 76.1 72.4 70.7 69.4 67.3 65.7 63.6 52.6 58.2 72.9 82.7 86.5 87.8 92.1 97.3 100.3 101.7 102.3 103 103.2 102.5 101.4 100.2
-1.6 -1.6 -1.6 -1.6 1.3 9.7 22.1 31.4 37.1 41.7 46.6 44.3 46 53.6 52.2 49.5 45.9 43.5 43.3 42.7 43.2 44.8 58.9 73.5 82.6 87.7 89.2 89.1 88.2 87 87.2 88.4 89.6 90.8 91.1 90.4 89.6 87.9 85.3 82.5 78.1 66.3 61 77.3 84.2 87.5 88.8 88.4 86.6 84.9 82.1 79.9 77.1 71.9 62.7 51.9 40.7 46.1 59.3 65.8 68.8 68.8 58.9 53.7 52.3 49.2 46.8 48.1 60.1 74.1 82 88.5 91.8 93.9 95.4 96.3 97.4 98.2 98.7 99.6 99.4 98.3 97 94.6
-1.6 -1.6 -1.6 1 8.2 15.7 28.2 39 46.7 54.6 58.1 62.7 65.6 68.8 69.6 69.5 66 62.7 60.3 59.2 59.3 57.9 64.2 78.7 85.3 88 89.1 87.7 85.6 83.9 83.3 84.6 85.9 88.1 89.7 90 89.9 88.7 86.2 83.8 80 69.2 56.3 68.3 79.7 82.8 83.5 81.9 80.5 77.2 73.6 70.2 67.3 62.3 54.2 43.9 34.4 43.1 50.7 56.8 56.8 55.6 44.8 39.5 43 50.6 57.8 67.4 75.9 82.2 88.8 91.9 93.1 92.9 92.3 92.1 93 94 94.9 95.2 94.2 92 89.1 86.1
-1.6 -1.6 -1.6 14.1 23.3 28.6 36.6 46 55.5 62.2 72.1 72.9 75.2 78.9 81.4 81.7 81.2 80.1 77.8 75.6 73.8 72.8 75.1 82.9 86.8 88.5 88.1 86.6 85 82.3 78.5 81 84 86.4 88.9 89 88.9 87.5 85.8 83.3 80.9 73.7 55.4 57.6 73.5 77.2 77.4 75.2 72 66.8 61.7 58.2 56.4 51.3 42.9 34.4 33.1 36.7 39.6 41.8 41.6 38.5 39.6 50.7 60.9 65.1 71 78.1 83.9 88.1 90.6 91.1 90.1 88.3 87.2 87.3 89.1 90.5 91.7 90.6 88.8 84.5 80.2 76.8
-1.6 -1.6 -1.6 23.9 33.3 41.8 48.8 54.7 62.6 73.1 76 78.9 82.3 86.1 88 88.6 88.3 87.3 84.4 82.6 81.4 80.3 81.7 85.1 87.7 88.4 87.3 86.3 84.9 82.1 73.7 76.8 81.3 83.6 86.1 87.1 86.7 85.4 83.9 82.3 80.3 75.1 58.8 48.7 65.1 70.7 70.2 67.9 62.8 56.6 50.7 44.7 39.9 35.4 30.3 26.4 27.8 29 29.1 31.6 34.6 42.8 50.6 60.7 71.6 75.1 80.2 85.8 88.6 89.4 89.7 88.3 86 81.2 80 81.3 83.9 86.1 86.2 85 81.7 77 71 66.1
-1.6 -1.6 14.2 28.5 42.1 51.8 60.6 69.4 75.8 76.8 80.3 83.9 87.2 90 91.7 92.6 92.8 91 88.5 87.1 85.6 84.4 83.7 85.5 87.6 87 85.3 83.8 81.5 78.7 70.1 72.4 77.3 79.9 82.4 83.4 83.2 82 80.4 78.3 76 70.6 55 44.6 55.1 65.4 63.7 60.4 54.4 46.9 36.3 29.6 25.6 25 28.7 31.4 33.7 35.8 39.8 43.8 49.5 55.9 63.2 70.7 80 85.1 88 89.3 89.6 89.4 87.2 84.7 79.8 72.2 72.7 77.2 78.6 79.3 79 77.3 73.5 68.8 62.2 55.5
-1.6 8.4 22.5 36.6 50.6 62.4 71.4 78.6 80.8 82.9 84.5 87.2 89.5 92.3 93.1 93.8 93.6 91.9 90 88.3 86.6 84 83 83.7 84.2 82.9 80.3 77.9 74.9 69.1 61.5 67.6 72.2 75.5 78.1 78.6 78.9 77.7 75.6 73.3 70.4 63.9 45.6 38.9 52.3 59.1 56 50.8 42.6 32.1 23.8 23.6 28.3 33.4 38.4 45.3 49.7 53 55.8 58.7 63.7 68.1 73.3 78.6 85.3 89.2 89.6 89.5 89.3 87.3 84.3 80.3 72.8 63.2 66.8 71.1 71.7 72.3 70.9 68 64.4 60 54.8 47.5
-1.6 17.9 32.3 46.7 62.7 73 79.8 83.3 85.7 86.9 87.9 89 89.3 90.4 91.1 91.3 90.7 89.9 88.3 86.8 84.8 81.5 80.1 78.3 77.7 75.8 72.6 68.4 58.3 53.7 55.4 64.1 68.8 71.2 73.1 73.5 72.7 70.8 68.7 66.4 63 52.5 37.8 35.5 50.3 52 46.8 38.2 27.1 19.7 26.1 32.4 37.4 41.8 48.1 54.9 61.1 65.4 68.3 72 75.9 78 81.9 84.7 85.3 86.8 87.3 87.3 85.1 82.8 79.6 75.8 67.2 56.4 60.8 64 64.4 63.6 61.6 58.7 55.3 50.8 45.6 37.9
15.9 29.8 44.7 60.4 73.8 79.6 83 85.9 87.5 88.3 88.8 88.1 87.9 88.7 88 88 87.2 86.8 85.9 83.7 81 77 72.4 69.1 67.1 64.4 60.9 51.7 43.6 48.4 58.3 62.4 65.1 66.8 67.2 67.1 65.5 63.5 61.4 58.5 55.3 50.1 32.4 34.4 44.5 43.7 36.6 24.6 18.8 26.6 34.8 40.6 46 50 54 60.3 67 72.1 76.1 78.9 80.3 81.7 82.2 82.4 82.3 82.7 82.5 81.7 80.1 77.4 74.1 69.8 62.7 50.6 54.6 55.2 54.8 54.4 52.3 49.5 45.8 41.1 34.8 30.6
29.2 43.7 60.2 74 79.8 82.8 85.2 87.1 87.6 87.7 87.8 87.1 86.3 85.7 85.1 83.9 82.4 80.9 80.7 80 77.6 74.5 65.4 52.8 49.3 47.9 45.2 38.3 39 52.5 56.8 59.2 60.5 60.9 60.5 59.4 58.3 56.2 53.9 50.8 47.7 43.6 26.9 32.6 38.1 36 25.2 17.6 23.1 32.1 38.9 42.1 44.8 47.7 51.9 60.8 68.4 72.7 76.1 78.4 78.6 78.4 78 78.1 77.8 76.7 76.3 75 72.8 70.2 67.3 62.9 56.4 43.8 47.7 48.4 47.6 45.8 42.5 38.8 35.6 32 31.7 38.8
45.7 65.7 76.8 81.4 83.6 85.7 86.9 87.4 87.7 87.4 85.7 84.2 82.4 81 79.4 77.8 76.1 75.9 76 76.3 75 73.7 68.2 58.3 46 37.3 32 29.8 42.6 50.3 52.6 54.2 54.8 54.6 53.3 51.1 50 47.2 45 43.1 40.2 34.7 22.5 30.1 32.5 29.1 17.3 18.4 27.4 35.2 36.8 36.8 38.6 42.5 49.9 58.4 65 69.5 73.1 75 74.3 73.7 73 72.2 71.1 69.8 68 66 63.9 61.1 58.1 54.7 49 38.6 40.5 40 38.6 36.2 33.5 30.9 29.3 35.5 41.5 47.7
64.7 77.8 82.2 84.9 85.9 86.8 87.5 87.5 85.5 84.6 82 80 77.7 75.3 73.6 71.9 71.2 71.4 72 73 72.9 71.7 68 61.8 53.6 44.3 33.2 24.4 34.6 44.2 46.6 48 48.6 47.9 45.9 42.9 40.8 37.5 34.8 34.7 33.4 27.2 19.3 26 27.8 23 14.9 20.7 27.7 29.7 29.3 29.6 31.7 37.1 45.9 54.3 60.1 64.8 68.4 69.3 68.6 67.3 64.9 63.6 62.1 60.2 58.5 55.5 53 51.1 48.4 45.9 40.9 33.3 32.1 31.3 29.6 28.4 28.1 31.5 39.9 45.8 51.6 58.1
77.3 81.1 84.3 86.4 86.8 87.6 87 85.7 83.6 80.8 78.4 75.3 71.9 68.8 66.4 65.8 66.3 66.9 68.6 69.1 71.3 70.5 68.4 64.9 60 52.8 43.3 29.4 20.7 31.3 38.8 41.6 42.7 42.3 40 35.8 31.8 29.8 26.8 29.9 29 22.6 15.8 22.3 24.2 18.5 15.1 19 20.9 18.8 18 20.7 24.1 29.6 39.4 48.2 54 59.3 61.9 61.8 60.5 58.3 54.7 52.2 50.1 48.2 46.7 44.2 41.2 38.9 37.6 35.6 31.7 28.8 27.1 26.9 30.2 34.9 39.7 44.9 50.3 56 62.7 69
79.5 83.6 86.1 88 87.6 86.2 84.5 82.8 80.5 77.2 73.2 69.7 65.6 61.3 59.4 59.3 60.7 62.5 64.8 65.5 68.3 68.9 67.5 64.4 60.9 56.2 50 40.8 24 16.7 26.2 33.8 37.5 37.8 35.2 28.5 21.6 19.5 17.1 20.5 18.9 15.3 13.3 19.3 20.5 15.4 13.6 13.7 14.5 14.5 14.4 14.3 15.5 20.9 28.1 40.1 47.5 52 53.9 52.7 50.1 46.4 41.5 36.5 35.4 34 31.7 29 27.6 26.2 25 25.2 26.4 25 30.3 36.3 41.7 48.4 52.9 56.8 60.8 66.3 72.2 78.1
82.1 85.9 88.4 87.8 85.3 83.5 81.7 79.7 76.8 73.5 69.1 65.5 60.2 55.2 53.4 53.9 56.1 59.3 60.9 62.9 64.7 66 65.2 63 60.3 56.5 50.7 42.9 32.1 22 13.3 24 33.3 32.5 29 22.8 12.3 8.5 6.1 7.7 8.7 9.9 10.1 11.6 13 11.6 11.5 10.7 10.9 13.7 17.7 20.2 16.1 14.4 18.8 29.3 40 44.5 43.9 40.4 34.8 30.3 26.4 24.2 23.2 22.1 21.1 20.3 20.9 21.7 23.4 24.6 24.4 30.3 40.8 48.5 54.4 58.5 61.2 65.4 69.8 74.1 76.9 79.8
83.1 83.8 84.3 83.2 81.2 79.5 77.8 76 73.2 70.2 66.3 61.4 56.2 50.3 47.7 49.3 52.7 56.1 58.4 59 60.5 60.7 60.2 59.7 59.1 54.3 46.7 32.9 24.5 19.4 11 15.3 20.6 19.6 16.8 9.9 5.7 9.6 15.8 20.9 24 24.2 19.3 13.4 9 9.4 18.2 25.6 29.8 34.5 39.8 40.1 35.5 23.1 15 19.9 29.8 33.1 30 24.1 20.2 18.9 19 18.7 19.6 20.9 22.7 24.2 25.6 29 30.4 28.5 29.4 39.7 45.1 49.9 54.8 59 62.3 65.6 69.7 73.1 76.3 79.5
79.9 79.9 78.8 78.2 76.8 75.2 72.9 71 68.7 65.8 61.9 58.1 52.9 45 41 44.8 49.4 53 54.1 55.5 56.5 55.8 55.3 55.1 56.1 47.7 28.7 13.6 8.3 7.3 6.5 7 8.1 7.2 6.3 6.8 12.7 18.1 23.9 30.1 35.2 36.5 35.4 31.7 28.5 30.1 35.3 42.4 48.4 54 58.2 58 51.5 37.9 18.8 14.9 17.3 17.9 17.5 16.8 18.2 21.8 24.2 27 30.3 29.1 26.4 27.6 32.6 36.9 37.6 34.6 31.8 34.5 40 44.4 51.3 56.8 57.7 61.1 66.8 71.1 76.6 82.5
74.4 74.9 73.4 72.2 71 69.5 67 65.1 62.9 60.7 58.1 54.2 49.7 40.1 36.4 41.1 46.1 47.8 49.1 51.3 51.6 51.3 49.1 47.5 39.8 28.5 12.1 4.7 3.9 4.3 3.7 4.2 6 7.8 9.5 12 19 23.6 30.3 36.2 40.2 41.7 43 46.2 49.8 50.7 55.6 57.5 60.1 62.2 64.6 65.7 62.9 51.4 35.9 24.3 21.6 21.4 23.3 25.1 29.4 35.2 41.4 43.7 44.8 40.9 27.8 29.3 36.6 43.5 47.6 46.1 41.6 41.3 43.3 41.7 44.4 48.8 55.8 65.1 72.8 77.2 82.1 88.4
67.8 68.1 66.7 65.3 64.5 62.3 61.2 59.6 57.7 55.4 52.3 47.6 41.7 34.3 33.4 38.7 42.7 44.6 45.4 43.7 47 45.7 41.8 29.7 11.3 -1.6 0.2 8.4 12.6 12.3 13.1 15.9 19.4 21 17.4 12.2 17.2 24.3 30.7 37.4 41.2 43.2 46.2 49.3 51 50.6 53.3 55.8 57.3 58.8 60.4 61.7 61.3 58.3 52 43.1 42.1 40.6 39.7 41.3 43.7 49.4 56.8 58.2 56 50.1 34 31 40.1 48.1 52.2 53.8 52.9 57.6 61.3 60.2 52 47.7 56.8 71.5 78.7 83.7 89.4 95.2
59.4 59.1 57.8 58.2 57.9 56.2 55.5 53.9 51.8 48.5 44.7 41 36.5 26.8 30.8 36.6 39.3 40.1 40.4 40.4 39.8 37 31.6 13.6 -1.6 -1.6 11.2 20.2 26.3 25.9 27 31.3 34.9 37.1 32.9 23.6 16.2 15.1 21.5 30.7 36.3 38.9 41.3 44.4 45.8 45.3 45.7 47.7 50.9 52.5 53.9 57.2 58.2 57.4 55.5 53.8 52.2 52.2 52.2 54.7 59.4 65.2 67.2 65 61.4 55.1 40.4 32.6 40.9 48 53.6 57.1 60.4 67.5 73.3 73.3 66.2 53.9 55.6 72.7 83.9 89.4 94.8 99.6
