WholeMapElevations/data/nh/nh44_OST50GRID_20230518/NH44.asc
ncols 200
nrows 200
xllcorner 240000
yllcorner 840000
cellsize 50
[rows 36 to 71 of 200, columns 0 to 79 of 200]
285.7 284.7 283.8 284.7 290 293.9 298.6 297.2 296.8 295.1 292.5 287.1 289.1 286.8 286 286 284.2 281.4 280.1 280.2 280.8 280.8 279.9 278.1 277 276 274.7 273.6 273.6 272.2 271.4 271 269.8 270.9 270.7 268.9 269.1 269.2 267.8 267.2 266.8 265 267.3 270.4 265.4 263.4 263 264.4 265.7 260 261.7 260.7 260.1 261.8 261.6 260.5 259.6 258 257.8 257.9 258.3 260.3 260.5 264.6 263.9 262.8 262.7 261.9 262.6 261.9 265.1 272.8 272.6 278 282.3 291.9 297.3 296.2 297.5 300
288 287.8 292.4 296.1 299.1 300.6 302.2 301.1 299.1 297.9 292.9 294.9 293.6 289.9 291.3 288.9 287 286 282.3 281.7 281.8 281 279.7 278.2 277.4 276.2 274.5 273.5 273.1 272.6 273.5 273.8 273.6 272.9 272.1 270.7 271.1 270.5 270.1 270.4 267.3 266 267.2 265 264.1 265.6 264 264.5 268 270.6 264.2 262.8 263 264 263.1 264.2 262.6 261.5 262.3 263.5 264.7 268.6 265.9 267.4 268.2 267.5 268.1 268.7 270.1 270 274.6 275.7 282.6 289.1 293.5 300.6 304.7 303.3 305 308
292.1 298.5 303.4 304.7 305.7 305.1 304.7 304.4 301.3 297.7 295.8 295.5 294.5 297.7 294.5 291.5 289.7 288.1 288.8 284.2 283.1 282.2 284.3 284.5 281.7 278.1 275.5 276.5 274.9 274 275.6 275.5 274.8 273.4 272.5 271.8 271.9 271.5 270.5 268.6 267.6 268.1 268.2 268.6 272.3 269.3 267.7 267.9 271.3 269.2 269.1 265.7 266.5 266.1 268.5 265.8 267 266 267.6 267.7 269.6 271.7 272.9 272.3 273.5 275.3 276.3 278 278.8 278.8 284 286.7 290.6 298.2 300.8 304.7 309.7 311.6 315.5 319.7
299.8 302.1 305.8 309.8 308.3 308.2 309.7 307.2 304 301.6 301.3 302.1 302.7 301.7 298.9 299.5 295.9 292.7 291.2 288.5 286.9 285.2 286 285.2 281.1 278 278.2 277.5 275.8 278.2 277.6 276.9 275.1 273.2 273.6 272.8 272.5 273.6 271.1 270 269.4 269.5 271.9 271.1 272.2 275.8 271.1 269.8 270.3 270.3 269.8 271 270.6 272.4 272.2 271.8 272.3 269.9 273.4 272.9 274.9 277.7 277.1 278.4 279.9 282.8 284.3 286.4 287.8 287 293.2 298.8 294.3 304.2 308.1 310.5 315.1 319.7 323.1 327.3
307.8 311.1 312.3 311.6 312.8 312.2 310.5 310.8 311.9 310.9 309 310.7 307.8 306.1 304.4 300.9 300.7 299.3 295.1 293 290.7 291.3 288.5 283.9 283 279.8 279.6 278 278 281.9 279.6 277.4 274.7 275.2 276 277 278.8 276.7 274.8 274 272.8 273.2 274.8 275.5 275.3 277.5 273.8 273.1 274 274.6 277.2 274.9 276.2 276.2 275.7 275.4 275.2 275.1 279 280.3 283 284.9 285.3 286.9 289.6 291.4 293.3 293.2 294.9 292.4 304.4 307.8 299 304.1 310.7 318.2 323.3 325.9 330.7 335.7
314.3 317.4 317 319.6 319.9 317.1 318.3 316.7 317.4 314.4 318.2 315.4 310 307.9 305.5 303.9 306.4 303.2 300.8 295.9 294 291.4 286.9 286 284 282.2 280.4 279.7 282.8 283 283.4 284.6 290.4 287.1 284.7 286.3 284.1 281.2 283 285 282.8 283.1 284.9 281.2 282.5 285.7 285.1 284.8 285.2 283.5 280.4 281.4 279.9 281.1 284 282.9 282.7 283.6 284.6 287.3 291.1 293.3 295.1 297.8 299.6 300.5 301.8 302.2 303.9 305.9 302.1 313.1 306.4 306.5 312.2 324.3 328.2 331.2 338.6 342.5
321 324.6 326.1 325.5 324.3 322.5 322.4 323 322.4 322.1 323.8 319.7 318.5 314.6 310.8 309.8 305.2 300.7 297.3 297 295.5 296.6 290.4 293.1 290.4 289.6 287.6 285.3 288.4 287.5 288.4 299.3 299.5 298.5 294.9 296.2 293 293.4 292.7 295 292.8 292.2 293.6 287.6 292.6 292.1 290.9 290.8 291.3 289.6 292.6 289.2 287.5 290 293.4 294.1 292 293.8 294.1 297.2 298.2 302.8 308 305.5 307.2 308.3 309.8 312.6 312.9 313.1 308.1 312.9 316.9 313.9 322.4 327.3 334.2 338.1 343 345.8
328.3 329.4 330.3 327 329.1 330.4 329.8 327.8 327.8 330 327.5 326.2 323 319.4 317.2 313.1 308.6 305.4 300.9 301.5 300.3 298.6 298.1 301.9 301.1 299.4 294.9 295.9 296.1 298.9 303.3 306.9 306.7 306.7 303.5 302.6 301.8 299.6 303.5 301.7 297.5 297.9 298.3 296.6 301 297.6 297.7 294.6 298 296.9 297.5 297.5 298.1 299.2 301.5 306.6 304.3 302.9 305.2 307.1 308.4 312.1 316.4 314 315.7 316.3 318.8 320.5 318.2 318.6 316.2 317.7 319.8 323.8 330.7 334.1 339.4 341.1 345.1 347.9
332 332.7 331.8 332.8 334.9 336.6 336.3 334.1 334.6 333.4 332.5 330.3 326.7 321.2 317 317.2 313.6 309.2 314 313.2 309.4 310 307.4 310.9 309.3 307.9 308.1 305.4 304.6 312.3 313.6 314 314.8 313.8 309.6 306.5 308.7 314.5 308.2 306 305.2 304.8 303.1 304.2 307.5 304.8 302.6 302.3 304.2 303.7 306.1 302.5 307.1 307.3 313.2 311.7 318.2 319.6 319.4 321.7 323.5 323.7 323.6 323.1 323 323.7 326 324.6 323.5 322.5 313.8 320.9 323.6 328.2 334.2 340.4 342.6 344.2 348.7 352.3
332.5 334.5 336.9 337.8 339.4 341.1 340.6 338.6 339.6 336.4 334.8 333.8 329.6 322.8 321.9 321.1 317.5 321.4 322 318.6 316.9 317.5 315.1 316.6 320.2 320.4 319.9 313.3 313.7 323.4 323.1 322.7 321.5 319.9 316.6 314 316.4 318.4 313.8 313.9 310.7 311.4 308.7 313.6 314.3 312.9 311.1 313.2 314.1 312.6 310.3 316.4 313.6 320.8 319.1 325.7 333.2 337.4 334.2 332.4 333.9 332 329.4 331 330 330.4 329.3 328.6 327.4 327.1 321.5 323.5 326.5 331.4 337.4 342.1 344.2 347.8 353.6 356.9
333.9 339.5 342.6 340.4 343.5 344.1 341 341.6 342 340.6 337.3 334.9 327.9 329.7 327.8 323.7 328 329.1 327 325.7 328.6 328.6 326.3 329.3 331.8 330.3 328.7 323.7 326.9 330.3 330.2 330.9 330.1 329.4 328.4 328.2 325.5 325.8 325.2 319 319.4 317.9 319 322 318 317.7 317.2 321.6 322.9 319.3 321.4 326.1 326.2 330.7 331.7 336 343 343.8 341.2 339.6 338.6 339.3 337.4 336 336.2 335.5 334.1 333.2 330.2 327.7 323.9 325.8 329.8 335.6 341.8 344.2 347.3 351.3 359.2 362.7
339 342.2 343 341.9 345.4 346.5 345.3 345.7 344.6 342.1 336.8 333.5 336.1 334.1 329.8 333.2 335.9 336.6 337.3 338.9 341.5 340.2 338.1 341.7 341.7 341 337.6 332.5 335.1 338.2 335.3 341.1 342 340.3 339.9 337.5 335.7 331.4 330.9 325.7 325.4 327.2 326.3 324.9 322.9 322.5 324.3 327.7 329.6 329.7 334.9 335 338.7 342.5 344.8 349.9 350.5 351.6 349.7 347.8 345.6 345.1 343.3 340.9 339.8 338.4 337.9 335.7 331.9 329.9 327.8 328.1 334.3 339.9 344.4 347.6 351.7 358.6 364.4 367.6
342.2 344.2 343.7 343.8 346.3 348.1 348.9 347.6 343.8 338.2 342.5 344.2 343.9 341.1 339.5 342.6 344.7 342.9 347.2 350.8 350.8 348.9 348.4 352.8 352.6 350.6 349.5 348.8 348.3 348.9 349.4 349.8 351.2 348.4 347.6 345.4 340.8 338.3 336.5 333 333.3 335.1 333 330.7 336.1 337.2 336.9 336.6 339.6 339.7 345.8 348.2 351.5 355.5 359 361.1 361.6 360.2 359 354.9 352.2 350.8 349 345.9 343.6 342.4 340.7 338.2 335.7 333.2 330.9 330.5 335.8 341.2 345.6 349.8 353.2 365.2 371.4 373.2
345.4 346.3 346.1 345.6 347.4 349.8 349.9 345.6 345.1 346.8 345.9 347 349.9 348.1 348.9 349.7 351.1 356.1 357.9 357.3 358.7 358.4 358 364.6 364.4 361.4 360.1 357.5 361.6 361 359.4 359.2 359.4 358.8 357.4 352.5 348 345.6 343.8 343.5 343.5 342 343.1 342 347.2 349.3 347.8 349 345.3 353.1 358.7 362.9 366.5 368.4 368.8 370.6 370 367.7 365.1 360.6 357.5 354.6 352.5 350.1 348.4 346.8 344.6 341.9 339.5 335.7 334.1 329 336.9 343.3 347 352.6 360.4 369.8 375 377.2
349.9 351.9 350.6 351 353.5 353.6 352.4 351.5 351.7 352.6 353 354.6 355.7 355.5 355.6 359.9 362.9 364.7 365.9 365.5 367.1 366.6 368.4 373 372.9 371.4 369.2 367.7 371.9 372.1 369.5 370.7 367.3 367.8 363.9 358.1 355.2 353.5 350.7 350.9 351.3 352.6 354.3 354.4 356.8 358.4 356.5 359.4 362.6 367.4 370.8 372.9 375.1 377 377.9 377.9 375.9 373.5 369.8 366.4 363 359.6 357.2 355.5 353.3 350.4 348.1 345.9 341 338.4 335.9 332.1 337.8 346.2 351.1 359 365.4 372.4 377.6 380.3
354.8 355 355 357.7 356.5 356.4 355.1 356.1 357.4 360.2 360.2 361.7 362.3 362.6 365.3 367.3 370.6 372.5 372.1 372.2 375.7 375.9 378.8 383.6 383.6 381 375.8 377.7 381.2 384.3 380.4 379 374.7 374.6 369.3 364.4 362.9 361 361.6 361.8 362.4 364.3 364.5 365.1 365.7 366.5 369.1 370.1 375 377.8 380.1 383 383.7 384.5 385 384.5 382.1 380.1 376.4 372.7 369.3 365.9 362.6 359.7 356.8 353.8 351.1 347.4 342.3 339.2 336.8 332.7 340.5 347.7 357.2 364.1 369.9 376.5 380.2 382.9
361.2 358.1 360.6 360.1 360.1 360.8 362.1 364.8 365.5 366.4 365 367.3 368.2 370 371.6 374.4 377.6 378.5 378.9 381.2 386.1 387.4 386.8 391.7 393.2 390 383.9 388.8 390 390.9 387.3 385.3 382 380.4 376.9 373 372 371.3 371.3 371.9 373.7 373.4 375.6 376.1 377.3 375.9 378.2 382.1 385.4 386.8 389.1 390.8 391.7 394.2 394.5 391.7 389.1 387 384.4 381.2 377 372.7 368.2 362.4 358.6 355.6 351.9 346.4 343.4 340.6 337.2 337.1 345.9 350.5 360.3 366.5 374 380.3 383.5 384.5
363.9 364.1 367.3 367.3 367.1 367.9 368.5 371.9 373.2 372.5 369.6 373.2 374.6 375.8 379.9 381 384.2 386.4 388.3 389.6 393.8 394.8 394.4 398.1 398 392.2 391.5 395.2 396.5 399 398.2 392.8 390.4 387.5 384.2 382.4 381.7 382.6 383.3 384.8 386.3 387 386.5 385.6 385.3 386.5 386.2 390.5 392 394.6 397.1 398.9 401.5 402.8 402.2 400.7 399.7 396.6 392.7 386.3 382 376.5 370.9 366.8 361.7 357.3 352 346.6 344.3 341.4 339.5 339.8 349.1 353 364.5 369.5 378.7 383.4 385.1 386.2
371.7 370.2 370.8 371.3 375.6 375.5 373.5 374.3 377.5 377.7 377.4 379.6 383.3 383.1 387.9 390 392.9 395 396.3 397.7 400.2 401.3 401.7 401.8 401.2 399.6 400.2 404.2 404.7 405.7 405.5 401.4 398.2 395.2 391.5 389.2 390.3 391.7 393.4 395.3 396.7 398.2 395.9 394 394.7 393.4 393.1 395.8 399.1 402.6 405.9 407.2 410.4 410.2 410.2 409.3 407.4 402.1 396.5 390.2 384.9 378.7 372.9 368.8 362.4 359.7 354.7 348.3 345.2 345.2 338.9 345.2 352.4 356.6 367.4 376.2 381.8 385.9 387.5 387.7
379 378.2 375.7 378.1 380.9 379.1 379.7 381.3 382 381.4 385.4 384.6 389.9 393.3 397.3 397.7 398.8 402 402.6 403.7 406 406.6 409.7 408 405.2 405.2 409.8 411.1 412 410.9 411.4 410.3 406.8 404.7 400.9 398.5 400.5 400.7 402.5 407.5 408.4 407.3 405.7 403 401.1 400.6 400.8 403.5 407 411.1 412.9 415.1 416.5 417.7 417.8 414.8 410.4 405.2 399.6 393.4 386.9 381 376.6 370.7 363.9 359.6 355.4 348.1 351.1 345.7 340.2 347.1 353.2 361.5 368.2 378.7 382.9 386.5 387.9 389.1
384.8 383.5 384 384.6 384.3 387.4 385.7 388 389 390 393.2 391.7 399.4 401.1 403.7 403.8 406.7 407.5 408.6 410.5 411.2 412.9 414.6 414.1 411.3 411.8 415.6 417.3 417.8 418.5 419.3 417.8 415.6 412.4 410 408.9 410.4 411.9 414.1 417.4 415 415.1 412.8 409.9 408.6 407.7 409.8 410.3 413 416.5 420.2 424.3 427.3 425.6 422.3 418.2 412.8 407.3 400.8 393.8 388.1 383.9 379 370.6 361.6 359.5 354.1 350.1 350 347.7 343.5 345.5 353.7 362.8 372.8 378.3 384.7 387.4 389.4 391.2
391.1 392.6 389.4 389.5 391.1 390.9 393 395.7 399.5 395.7 398.2 400.7 406.2 406.2 407.4 412.1 412.7 414.1 413.6 415.2 417.3 417.1 418.5 418.1 415.8 417.4 419.9 422.6 424.2 426 426.4 425 423.2 421.5 419.6 419.3 418.4 421.3 420.6 422.1 423.1 422.5 420.6 419.3 417.9 417.1 416.7 422.3 424.6 429 431.5 432.4 431.2 428.2 423.6 420 414.2 407.7 402.3 395.5 389.3 384 375.7 368 363.4 360.6 354.5 351.3 349.8 347.1 348.5 348.8 350.6 364.1 372.7 378.9 384.4 387.3 390.3 393.8
397.2 397.8 396.1 399.3 401.5 397.4 401.6 404.4 403.5 404 406.4 409 411.9 413.6 415.6 416.9 416.6 416.3 418.6 419.4 419.7 421.8 422.5 421.4 421.7 423.6 428.4 433.2 433.8 434.4 434 432.5 433.9 433.1 430.6 429.4 425.9 427.6 428.2 432.3 434.1 431.9 428.6 427.2 428.3 425.8 429.9 433.4 435.4 436.1 434.9 433.4 431.6 428.8 424.4 419.9 413.3 407.4 400.9 394.3 387 382.4 372.5 367.3 365 360.2 356.1 352.7 347.8 346.4 352.9 349.1 353.7 366.6 375.4 379.6 383.6 386.7 388.6 389.3
405 402.6 404.4 408.2 405.2 407.1 408.9 411.7 413.9 413.6 415.4 416.6 419.1 419.9 421.2 421.5 420.8 420.7 422.6 424.5 424.6 426.6 427.3 426.3 426.4 430.5 437.8 440.4 442.4 444.2 442.5 443.8 445.2 443.7 440.1 438.3 435.3 437.3 438.4 444.2 445 442.7 439.5 437.9 437.5 435.9 437.4 438.8 437.4 436.1 434.7 432.9 431 428 423.6 416.1 409 404.4 395.4 389.2 382.5 376.2 370.4 367.2 366 362.8 357.1 350.9 348.7 350.2 351 348.3 360.2 365.8 376.8 378.8 380.3 382.3 385.7 383.4
411.5 410.6 411.8 413.1 413.1 414.4 417.5 419.2 419.6 419.1 421.7 423.6 423.5 426.8 427.2 426.2 426.2 426.8 427.9 429.6 429.7 430.8 431 431.9 434.4 437.8 443.1 447.2 449.2 449.9 451 453.4 454.2 454 452.2 451.2 449.7 446.8 447.3 449.9 449.8 449.5 448.3 447.6 446 443.6 441.3 439.3 436.6 434.7 432.7 431 428.2 424 418.1 407.4 405.7 399.3 392.1 383 379 375.3 373.8 368.1 363.2 360.6 356.8 352.1 351 350.8 350.2 349.3 360.7 367.5 372.7 373.2 375.1 376.2 378.9 373.4
416 416.5 416.9 417.8 419 422.9 422.8 424.1 424.7 426.6 427.3 429.1 430 431 431.1 430.4 430.8 432.1 433.1 433.6 435.2 436.5 437.4 438.8 441 444.3 449.3 452.1 454.4 458.8 462.9 465.4 465.7 464.3 466 464.5 460.9 455.6 454.4 454.3 453.8 454.1 453.6 451.2 448.3 444.2 440.6 436.8 434.4 431.3 428.5 425.1 420.4 415.6 411.5 399.6 398.3 390.1 385 379.8 379.7 375.3 371.6 364.2 363.9 358.6 353 351.1 350.9 349.9 348.7 353 358.5 364.2 366 368.3 366.4 365.3 365.4 365.4
422.8 423.2 423.1 424.9 425.7 428.1 427.7 430.7 428.8 430.5 432.5 433 435.7 436 437.5 436.6 436.9 437.5 438.6 439.7 440.8 441.6 442.6 442.6 446.5 449.6 453.8 457.2 462.9 469.3 473.6 475 474.3 474.9 475 471.8 467.4 462.2 458.8 456.9 455.9 455.5 454.6 452.2 446.9 441.7 437.9 434.4 431.4 423.4 421.4 416.5 408.7 404.5 398 392.8 390.8 382.2 378.5 378.9 376.8 372 365.8 361 360.8 355.1 353.4 351.3 349.8 348.6 350.8 354.4 358.7 363.8 362.9 364.8 362.9 365.8 371 371.2
427.6 427.9 428.9 430.1 430.3 432.7 433.1 434.4 435.7 437.8 439.4 440.3 441.7 441.9 442.1 442.3 443.2 444.9 445.6 445.2 445.2 447.4 446.5 447.6 452 455.7 460.6 464.6 472 476.9 481.2 482.1 481.4 481.6 479.4 475.4 470.8 464.9 462.1 458.1 455.8 453.3 451.4 445.7 440 437.4 432.9 429.8 422.9 414.7 412.3 404.8 392.8 391.2 382 381.6 380.8 375.4 374 372.8 372.2 370.1 362.6 357.1 355.7 353.9 353 352 349.6 351 352.2 354.4 355.3 356.1 357.7 362.1 365.1 367.2 370.2 373.7
432.4 433.6 435.7 436.2 436 437.6 438 441.5 444 446.1 448 447.9 448.4 448.2 448.3 449.8 450 450.8 452 453 452.5 451.2 451.6 453.2 456.8 460.6 465.1 471.9 477.4 482.7 485.6 486.8 486.2 485.3 481.4 478.1 473.6 468.5 463.4 457.6 453.6 451.1 447.7 440.6 434.9 432.1 426.1 420.6 412.8 402.3 399.2 391.3 386.8 381.6 380.9 380.8 380.3 377.2 376 371.8 369.4 367.7 357.5 354.5 354.1 353.8 353.3 350.5 349.2 350.3 352.3 353.2 352.5 352.3 359 363 364.2 365.5 371.7 374.8
437.6 439.1 440.6 442 442.7 444.6 446 449.2 451 453.4 454.9 454.8 454.3 455.9 456.8 457.1 456.9 457.3 456.5 456.2 457.2 456.1 456.9 460 463.5 467.3 471.1 476.3 482.7 485.8 488.7 491.3 489.8 485.8 483.2 480.8 475.6 468.6 462.3 454.4 450.2 447.9 444.6 437.7 432.5 427 419 409.9 404 395.7 391.9 386.7 382.2 382.6 382.5 383.4 379.5 377.2 376.4 370.4 364.8 358.4 353.9 353.3 353.8 353.1 351.1 350.3 349.7 350.7 351.8 352.1 352.7 352.8 361.6 360.5 362 365.1 370.9 376
446.6 447.2 449 449.8 449.3 450.2 452.2 454.9 456.3 458 460 460.6 461.6 461.3 463.2 464 463 463.1 462.3 461.3 460.6 461.7 463.7 464.8 468.6 472.6 476.8 481.1 485.9 489.1 491.2 491.3 487.4 484.7 482.4 480.8 476.8 465.2 457.7 451.3 447.5 443.8 438.5 433.1 427.1 418.9 411.6 404.6 395.6 392 390.9 386 387.8 383.7 383.8 381.2 378.8 373.8 366.5 362.5 360 354.6 353 351.7 352.9 351.6 350.5 349.6 350 351.5 350.8 351.4 353.4 354.8 358.6 359.4 362.5 367.6 371.9 376.8
455.1 455.7 456.7 456.2 455.3 456.3 458.5 459.3 461 462.5 465.6 466.7 467.5 469.2 471.1 470.4 467.4 467.9 467.3 466 465.3 466.3 467.5 469.1 473.2 475.6 478.6 483.5 486.7 489.6 489.3 488.3 486 482.7 482.4 478.2 468.3 460.6 454.9 449.9 446.7 441.7 434.9 427.9 419.1 415.3 407.7 399.7 392.6 391.2 388.9 387.6 386.4 382.2 381.8 372.5 372.2 366.7 361 359.6 357.6 355.2 352.7 352.7 351 350.4 350.7 350.9 351.2 350.5 350.1 352.3 352.6 352.8 355.2 360.3 367 371.9 374.8 376.6
461.7 462.1 462.7 461.3 460 460.7 463.1 464.2 467.4 470.4 472.5 473.8 474.9 476.4 476.5 474.9 472.9 471 469.2 469.1 468.5 469.2 470.7 471.6 473.4 475 478.4 482 485.3 486.7 487.1 487.1 485.3 483.3 479.9 472.2 465.3 461.5 456.6 449.3 447.8 445.6 434.5 423.1 414.3 410.3 403.4 396.2 392.8 393.4 388.7 388 380.6 379.6 373 368 364.2 362 358 356.8 355.1 352.4 353.4 354.4 353.6 352.3 352 352.1 353.3 352.4 351.7 351.8 351.5 352.4 354.9 360.2 367.6 371.9 375.4 375.6
467.7 467 466.6 466.5 464.8 465.5 468.6 470.2 473.6 475.9 476.9 478.5 480 481.7 481.4 478.1 475.5 473.6 471.4 470.9 469.2 469.2 470.3 469.5 470.2 471.7 475.7 479.4 482.7 485.4 485.3 485 484.2 482.4 474.5 471.5 469.5 464.8 459.1 451.5 452.6 445.6 428.1 420 411.5 408.3 402.8 393.4 391.6 389.8 385 382.7 380 375.9 371.1 368 366.3 363 359.3 358.1 357.2 355.4 356.7 355.5 354.8 354.8 354.4 353.6 355.2 352.5 351.3 350.8 353.6 356.1 357 359.6 363.5 369.6 372.6 371.3
473.9 473.2 472.3 471.9 471.5 473.5 476.2 476.7 478.1 479.5 481 481.1 483.7 484.1 482.5 480 477.3 474.5 472.7 471.3 469.2 464.8 465.6 465.1 465.1 467.4 469.4 475.2 480.2 483.6 484 480.9 481.3 480.7 479.2 474.2 472.7 464.6 465.8 447.8 450.2 435.2 422.5 416.6 412.4 406.5 396.3 392.9 390.5 388.2 386.3 384.3 381.2 376.1 371.6 368.5 365.4 363.1 359.8 357.6 359.9 359.6 360.5 358.9 360 360.4 357 354.7 355.1 352.2 352 352.8 355.5 357.9 358.6 361.3 365.9 370.1 370.9 370.4
477.2 477 476.9 478.5 480.5 481.4 481.2 480.9 482 483.5 484.3 485.6 484.7 484.1 481.4 479.4 477.5 474.3 472.3 469.2 466.6 461.9 461.1 460.1 459.7 464.1 466.7 472.6 476.9 479.3 478.7 482.1 483.3 483.5 479.2 472.5 464.4 460.6 455.6 443.3 439.4 429.1 420.7 417.3 413.5 401.4 397 393.2 391.7 390.2 389.4 385 382.3 379.7 373.5 368.8 371.4 366.1 365.3 363.1 364.9 367.5 365.3 364.4 364.2 364 360.7 355.9 355.4 354.1 353.7 354.7 356.7 358.4 361.6 365.3 367.8 370.4 370.6 369.1
