WholeMapElevations/data/sh/sh60_OST50GRID_20230518/SH60.asc
ncols 200
nrows 200
xllcorner 260000
yllcorner 300000
cellsize 50
[rows 74 to 110 of 200, columns 82 to 163 of 200]
36.4 45 52.6 54.6 64.9 94.3 123 134.3 132.6 141.8 173.4 200.7 210.2 212.6 218.9 224.3 197.6 184.2 176.2 171.1 168.4 171.6 189 206.5 217 233.9 240.8 236.5 234.5 244 235.4 223 209.2 193.7 184.2 180.7 179.8 176.7 180.3 189.9 189 183.7 178 171.9 163.1 152.3 139.6 128.2 116.9 104.4 95 87.6 77.5 67.9 61.3 59.4 59.2 62.2 74.2 91.1 103 99.8 106.4 117.6 131.7 149.2 174.1 203.3 225.9 233.8 222.2 212.8 214.4 224 236.1 248.8 261.5 266.2 264.6 260.3 247.5 225
63 71.6 75.7 79 76.8 92.7 99.1 109.8 117.5 133.9 160.6 183.1 186.8 190.4 206.6 202 179.1 166.4 162.1 161.2 161.7 171.6 190.2 209.2 226.6 234.5 231.7 239 243.2 257.2 251.5 241.9 229.1 214.1 200.4 189.9 179.3 175.6 179.5 171.9 170.9 168.1 158.6 151.1 139.4 127.9 114.1 100.3 87.8 79.3 74.3 68.9 60.6 58.4 57.9 58.7 59.6 69.1 86.6 103.5 105.7 112.1 122.8 136.3 156.2 178.9 204.1 233.3 247.6 246 233.4 221.6 221.9 233.4 245.7 259.3 274.9 281.1 279.6 273.9 260.1 239.6
82.4 92.6 93.9 93.9 96.3 96.7 112.2 113.3 112.4 128 151.9 160.8 161.9 178.2 191.2 178.7 165 156.4 156 156.2 160.5 174.8 196.5 216.2 217.9 225.9 230.5 237 252.9 261.7 261.7 260 253.1 233.3 215.6 198.9 177.7 174.5 171.2 160.2 156.3 151.5 141.5 130 115.7 100.7 86.6 75.6 66.7 61.6 58.5 57.3 56.9 56.6 57.5 58.2 65.2 82.1 98.4 108.6 114.3 126.5 141 165.5 191.8 214.4 242.9 251.9 255.5 253.8 241.8 230.9 229.6 240.6 252.6 265.5 282 288.8 288.2 286.1 273.6 253.3
104.3 109.3 113.5 115 114.3 117.3 127.6 135.8 137.5 124.2 135.4 155.4 174.6 187.5 177.5 164.7 154.8 154.3 154.1 155.4 163.4 181.6 201.5 205.7 210.7 221.6 223.2 228.6 252.8 258.7 259.6 256.7 256 235.6 214 192.8 173.9 164.5 150.9 142.8 138.7 132 121.5 104.6 87.9 75.7 65.5 58.4 56.6 54.7 54.9 55.1 55.8 56.8 59.3 63.9 78.9 96.4 109.8 115.9 126.1 143.8 169.7 197.4 220.3 241.6 258.8 261.1 261.8 257.5 249.5 240.2 237.5 247.8 258.9 272.3 284.3 292.4 296 296.1 288.6 270.6
131.6 134.4 136.6 138.7 137.7 136.6 137.1 147 154 145 142.3 158.9 166.4 163.5 156.2 152.7 152.9 153 154.8 156.7 167.5 182.1 196.9 200.9 209.2 216.4 217.6 224.3 236.3 245.3 252.9 246.8 244.4 219.6 196.8 177.5 160.5 155 135 117.5 112.2 100.7 86.1 76.2 65.6 58 55.4 53.9 52.6 53.3 54.2 55.1 56.3 61.1 74.5 85.1 95.3 109.9 118.1 127.6 143.9 167.7 202.7 226.4 238.7 257.7 268.6 276.3 271.9 261.7 253.7 246.2 245.4 253.3 265.5 278.7 290.8 300.9 306.2 306.6 302.7 286.1
157.2 160 156.2 156.2 154.6 157.9 159.2 162.1 171.2 167.9 154.9 155 152.5 152.2 151.8 152.6 152.8 154.1 154.7 159.1 168 178.1 193 200.4 208.7 212.6 212.6 218 228.2 235.1 242.5 235.1 222.4 202.5 181 160.5 145.5 122.8 105.9 88.7 80.5 70.2 63 56.3 53.9 52.3 51.6 51.4 52.7 54.5 55.7 61 67.3 82 97.6 110.2 118.7 128.2 141.7 153.9 167.2 201.2 224.1 238.8 251.6 265.9 275.5 275.7 269.7 260.2 253 248.1 249.8 258.7 273 285.9 297.9 308.5 315.4 316.7 313.4 300.9
163.3 167.2 164.7 161.2 166.4 170.4 175.3 176.5 174.6 177.1 168.9 160.7 157 153.5 153.3 153.3 154.6 161.2 159.6 160.8 166.8 179.9 189.2 194.3 204.5 205.7 205.5 214.4 221.9 223.1 230.2 225.5 206.7 187.2 164.2 140.3 120.2 97.6 81.4 68.7 61.4 55 51.4 50.1 49.8 50 51.1 52.2 53.5 59.1 69.4 76 89.9 106.2 122.7 135.6 147.3 159.8 173.8 188 201.9 219 237.5 247.5 257.3 266 268.6 265.6 261.8 255.9 252.4 252.7 255.9 267.5 281.8 294.1 305.9 316.8 323.4 324.7 320.8 312.8
163 163.5 166.8 165.7 180 181.2 184 182.9 184.3 182.6 177.9 166.4 156.5 152.7 152.2 153.3 155 159.7 158 165 168.6 175.9 182.7 189.4 200.3 194.7 197.3 205 208.1 217.4 227.6 213.9 193.8 167.7 138.1 115.6 94.8 75.4 63.1 56.4 53 49.6 47.1 47 47.8 49.3 51.3 53.4 61.6 74 87.2 99.3 114.8 130.8 149.2 163.7 179.8 194.2 206.8 217.7 233.1 242.7 245.6 251.7 256.9 258.6 258 258.5 257.5 255.7 255.6 258.8 266.2 278 290.5 303.5 315.9 325.5 332.1 332.8 327.8 318.3
157.6 155.8 165.4 170 172 183 189.1 186.3 180.3 177.5 174.5 173.2 167.7 158.8 153.7 154.3 155.8 156.2 158.2 164.6 166.4 176.7 180.8 186.2 188.6 187.4 191.1 197.6 203 212.4 211 190.5 172.5 142.8 115.2 95 73.6 59.1 51.5 49.5 47.5 45.6 44.3 44.7 46.9 50.7 57.9 68.7 84 99 112 124.7 142.9 163.4 182.8 200.3 220.1 231 236.1 244.8 248.6 248.3 249.3 252.5 255.2 255.8 255.7 256.9 258.6 259.4 260.7 267 275.8 286.8 299.2 312.2 324 331.8 337.9 339.4 333.8 324.1
149.5 150.3 161 165.2 171.7 179.4 183.3 186.8 186.6 187.1 188.5 183.6 173.8 166.6 163.4 159.1 158.2 158.2 159.3 161.8 166.1 175.4 181.3 183.3 188.2 182.5 187.3 192.1 196 203.2 192 166.8 142.4 116.3 93.4 75.3 58.6 49.5 46.5 45.1 46.1 46.1 45.3 44.8 52.7 63.4 76.6 94.8 108.9 122.8 137.7 153.2 171.7 198.6 220.3 242.1 254.8 256.9 256.4 255.6 255.7 254.8 253.7 253.9 256.1 256.5 257.6 259.8 261.9 263.4 266.4 275 284.8 295 307.5 320.6 328.1 334.4 340 340.4 334.6 325.7
140.8 141.5 151.3 163.3 168.3 172 183.8 191.7 188.1 186.7 187.8 185.1 178.5 177.6 175.3 168.6 162.2 160.8 161.2 163.4 171.3 176.6 185.1 187.5 182 177.9 182.4 184.4 183.3 183.5 165.7 136.4 113.8 90.9 72.4 56.5 49.7 45.5 44.5 46.2 48.8 50.8 48.2 55.2 67.3 83.7 98.7 115.5 132.6 147.8 164.3 184.4 208.8 240.6 273.1 276 271.6 267.9 266.5 264.9 262.8 261.9 260.5 258.4 257.2 258.6 260.7 262.8 265 266.7 271.3 280.2 290.4 300.8 312.9 325.2 330.1 335.3 338 337.4 332 320.5
129.3 131.3 140 153.9 161.9 163 172.6 188.2 187 184.6 190.8 187 183.7 187.5 182.4 175.1 169.4 164.6 164.2 166.8 171.4 176 181.8 182.4 173.5 173.1 174.9 174.8 174.5 158 134 110.7 90.6 71.1 55.7 48.5 45.9 43.8 44.7 47.7 52.1 56.1 57.9 73.4 88.4 104.3 120.2 138.3 158 176.8 198.5 220 257.2 280.3 290.6 286 283.5 278.5 276.3 274.5 271.7 268.8 267 265.2 263.1 262.4 263.8 266 268.1 271.1 276.1 284.2 292.8 302.8 313.6 323.9 327.4 328.1 329.5 326.5 323.6 316.8
117.2 121.9 128.3 141.6 148.8 154.3 162.2 177.3 174.9 176.7 179.9 175.2 185.6 184.6 191.3 185.2 181.3 176.3 171.7 171 173.1 175.3 178.8 170.7 162.6 162.6 166.7 160.4 144.9 131.6 113.5 86.1 67.3 54 47.2 44.2 43.8 43.5 45.3 48.6 54.4 62.9 73.5 93.5 109.4 128.5 149.5 177.7 199.2 215 244.6 274.8 285.3 291.4 297.1 295.1 293.8 289.7 286.9 284 281.2 278.2 274.5 272.7 270.7 269.2 268.9 269.2 272 275.3 279.7 286.7 294.4 302.6 310.3 318.7 319.5 318.7 318.4 314.8 311.3 304.1
110.3 119.6 123.9 129 139.1 143.7 150.6 164.3 162.4 165.3 166.9 171.2 172.7 184.4 205 206.8 197.6 188.4 183.8 179.2 176 176.5 172.9 157.3 146.8 149.5 138.7 131.7 118.4 107.3 83.5 63.4 50.9 47.5 44.5 43.5 43.6 44.7 45.9 53.6 66 82 87.5 116.8 134.4 157 185.3 217.8 245.3 262.5 277.5 293.2 297.9 301.9 303.2 303.5 301.7 300.5 297.6 295.8 292.1 288.1 284.1 280.3 278.3 276.8 275.4 275.4 275.6 278.9 282.1 287.2 293.7 300.2 306.4 311.4 311.5 310.3 307.4 304.1 299.2 288.3
105.2 121.5 121.9 122.9 128.4 134.5 138.4 151.7 150.8 155.4 157.9 157.5 167.1 185.7 203 211.7 212.2 207.4 199.9 190.4 183.2 177.6 164.9 143.9 127.3 122.5 117.3 114.9 93.5 79.9 60.3 49.5 43.2 42.9 43.1 43.9 46.4 48.1 55.9 70.6 93.2 111.6 123.3 124.5 166.3 195.8 226.3 248.6 264.2 275.7 285.9 299 307.4 313.7 318 322.7 323.5 323 318.7 311.8 304 299.2 294.7 290.5 286.6 283.6 282.3 282.1 282.2 282.1 282.9 286.8 290.9 294.9 299.7 303.4 303.8 302.2 297.9 290.8 283.6 275.1
103.1 112.6 112.2 113 115.1 119 126.2 136 142.7 144.5 147.9 155 171.6 187 194.9 202.1 206.4 206.6 199.5 189.6 179 167.1 150 128.6 110.8 104.5 102.7 94.4 66.4 55.1 46.1 42.2 40.2 40.9 43.3 45.3 49.2 59.9 72.9 96.2 122.2 139.8 152.5 169.9 200.2 226 247.5 257.9 272.1 286.4 297.8 307.1 314.1 325 332.1 335.7 341.1 341.6 343.4 335.1 324.1 315.3 308.1 301 296.2 291.7 288.9 288.5 287.6 286.4 285.5 285.7 287.7 288.2 289 293.1 292.2 287.9 281.6 276.6 269.7 262.1
98.5 103.8 103.8 105.8 107.4 112.3 116.3 122.8 129.8 138.6 142.5 155.1 170.1 180.9 189.8 192.5 199.7 196.7 187.9 182 169 149.4 134 112.7 96 82.3 79.5 69.6 49.7 43.9 40.7 40.1 40.1 42.3 46.7 49.9 60.1 77.7 95.1 119.9 144.7 180.2 187.2 192.2 221 234.9 253.1 273.7 285.1 293.9 303.4 313.3 325.3 338.1 345.9 352.7 356.1 361.6 363.5 357.2 347.1 340.2 326.1 316.8 305.8 301.1 295.9 292.9 291.5 289.9 288.3 286.1 283.9 283.2 283.8 282.1 279.8 276 271.3 266.7 259.7 253.6
89.7 95.9 97.4 97.4 102 108 112.2 118.3 126.1 132.6 137.9 148.8 158.8 169.7 179 181.4 191.2 185 176.7 169.2 151.7 129.4 111.3 93.4 72.3 63.2 57.4 46.5 41.5 39.5 39.6 38.5 40.4 43.3 51.4 62.4 79.6 100.1 119.9 138.8 183.8 198.4 210.1 223.7 232.3 244.8 261.8 277.6 288.8 300.1 308.4 320.1 337.8 350.9 358.3 366 372.4 381.1 382.5 378.3 371.6 361.2 348.9 338.3 323.7 311.8 304.7 299.3 296.6 294.2 292.2 287.7 283.3 281 279 276.7 274.7 272.1 268 262 256.8 255.7
83.4 88.9 91.1 96.1 102.5 107.4 113.8 119 124.1 124.5 135 140.8 148.3 157.7 169.8 172.2 175.5 172.7 163.9 149 131.1 112.3 95.2 72.5 54.2 49.3 44.7 40.3 38.1 37.4 37.8 39.3 41.9 48.5 63.1 79.8 99.8 121.7 143.4 158.4 185.6 203.8 222.3 251.3 260.4 258.7 279.2 288.3 294.1 306 317 330.1 342.3 355.6 367.9 376.2 385.3 395.9 399.8 396.9 390.4 381.4 370.6 359.5 345.4 331.8 316.6 307.9 301.8 298.7 296.2 291.8 287.3 282.7 278 275.2 272.1 269.3 266 263.1 262.5 262.7
78.7 83.9 90.4 97.2 103 112.9 119.8 117.6 114.1 118.1 123.4 134.6 146.4 159.3 163 168.7 175.2 172.8 165.3 142.4 114.7 95.9 75.2 55.7 46.3 42.4 39.5 37.7 37.3 37.9 38.7 41.5 48.5 64.4 82.6 102.6 118.7 140.8 166.8 187.9 207.4 229 256.6 271 283.4 290.6 294.7 298.5 304.3 308.7 322.3 330.1 342.5 358.2 368.6 382.7 394.3 404.5 407.9 408.4 406.4 400.4 390.9 380.1 367.5 352.1 335.1 324.8 313.6 305.9 300.2 295.8 291.2 286.7 281.7 278.3 275.3 272.3 269.6 268.6 269.3 269.9
79.6 83.4 89.3 96.6 103.6 110 110.7 107.8 110.5 117.1 126.4 134.3 149.8 156.9 163.3 169.9 179.6 170.9 151.4 126 102.2 80.5 58.8 46.3 39.5 37.3 36.5 35.7 35.9 37.4 40 48.5 66.9 88.4 104.2 123.6 144.6 167.4 195.3 225.9 247.3 262.8 273.3 284.6 293.7 299.7 301.7 306.3 314.7 322.7 329.9 335.8 343.6 358.7 371.6 387 397.4 406.1 415.3 419.2 418.7 414.7 409.8 401.2 389.9 374.3 359.9 344.8 331.9 320.6 309.2 301 295.3 290.6 285.6 282.6 280.2 278.2 276.6 275.3 276 276.7
82.8 91.8 91.7 94.3 97 101.3 101.6 108.5 113.9 127.9 135.2 145.5 147.6 158 173.7 178 170.7 155 128.5 106.3 87.6 68.8 47.7 39 36.7 31.1 33.5 33.4 35.9 39.7 48.8 65.8 87.7 107.3 123.1 145.6 169.6 195.2 229.7 249.1 265.3 276 285.8 290.7 297.5 303.8 308.8 315.8 326.4 335.6 342.9 347.6 352.2 360.7 370.1 384.6 397 406.6 415.5 423 424.9 423.9 420.1 416.6 407.5 396.2 381.9 370.1 354.8 341.3 325.7 311.2 302.1 296.3 292.3 288.4 286 283.9 284.2 282.9 282.8 283.6
80.3 86.1 88.3 88.7 91.1 94.6 101.9 106 113.4 123 129.6 134.7 152.9 177.2 175.8 173.2 155.6 133.9 111.9 92.1 71.6 51.1 39.1 35.5 34.7 34.1 34.9 36.7 40.3 48.3 64.1 86.4 109.9 127 144.7 171.7 201.6 233.2 252.9 263.7 273 285.3 291.5 299.6 307.8 312.7 320 328 336.3 345.4 352.3 358.2 364.6 371.1 381 390.6 402 413 421.5 429.3 431.6 430.9 428.2 423.8 418.2 410.2 399.4 384.4 373 361.2 344.2 327.5 317.6 310 302.4 297.2 293.6 289.8 290 290.3 289.7 290.5
78.8 81.7 84.2 86.4 88.7 90.3 93.6 100.3 104.4 111.8 123.6 142.4 161.2 165.2 168.1 156.7 138.8 119.6 99.6 79.9 55.5 40.3 35.4 33.7 33.9 34 35.1 38.6 51.8 64.5 83.3 104.6 127.7 147.8 169.8 202.6 235.9 252.8 267 277.5 286.4 294.5 302.1 310.1 317.5 327.9 338 346.6 356.3 364.5 370.7 378.3 384.1 391.4 398.5 407.7 416.9 426.6 433.7 439.1 443 443.9 442.5 438.1 430.5 421.7 413.8 405.4 392.5 381.8 373.8 356.6 345.3 331.9 321.6 310.6 304.7 298.7 295.3 295.9 295.8 297
78.6 80.5 82.5 84 84.9 85.8 88.3 93.2 98.7 107.1 118 136.6 147.9 149.2 154.5 137 119 102.5 83 63.2 42.4 35.3 33.8 34.2 34.4 35.5 39 50.7 63.6 81.5 98.9 120.7 144.5 169.4 199.3 231.1 249.4 265.5 280 288.5 296.7 305 309.7 320.1 331.5 344.3 353.2 364.3 371.3 378.3 386.1 393.8 400.3 408.5 415.9 424.6 433.4 440.7 446.2 451.9 454.4 454.7 454.1 450.4 443.2 434.4 426.3 418.4 413.9 407.2 400.6 391.4 380.2 366.6 350.6 332.1 318.9 308.7 299.7 299.4 302.7 304.9
81.5 80.7 80.9 81.8 82.1 83.3 85.6 89.1 95.8 100.6 107.9 116.4 131.6 146.4 138.9 115.1 94.6 82.3 64.9 44.8 35.5 34.4 33.9 35.7 37.8 42.5 54 67.8 86.6 102.1 117.2 139.1 166.7 199.8 228.8 249.3 264.7 277.9 291 300.8 310.6 318 328.4 337.3 347.1 358.6 373.4 384 392.9 398.8 406 412.8 420 427.8 433.3 440.9 448.7 454 459.2 463.1 464.9 463.8 462.2 458.2 452.6 445.5 438.8 433.1 426.1 422.9 419.2 415.8 413 403.9 384.6 356.6 336.4 319.6 307.8 307.7 310.5 313
84.2 82 80.5 79.1 77.9 78.9 79.4 83.3 90.8 91.1 99.3 110.3 122.5 126.8 110.6 88.8 64.3 54.9 40.7 34.8 31 34.4 35.8 39.2 46.3 59.1 70.8 86.9 102.4 118.6 137.2 156.4 185.6 226.1 247.6 262.8 275.5 289 304.4 317.2 328.3 340.1 352.2 363.5 373.1 379.8 391 401.5 410.6 419.7 427.6 434.3 440.9 446.7 452.3 458 463.6 466.4 468.9 470.2 471 469.1 465.9 461.6 457.1 451.4 446.6 441.4 437 433.9 435.4 435.4 435.3 430.8 418.6 378 350.5 330 315.8 314.3 317.3 321.1
89.1 83.6 80.1 77.7 75.6 73.9 76.1 79.6 81.2 84.7 90.9 107.5 108.9 99.2 86.1 60.1 45.9 37.6 34 34.4 34.1 35.6 39.1 48.1 64.8 80.2 90.1 105 119.6 135.1 155.5 178.3 212.4 240.9 255.3 269.4 284.8 305.5 322.5 336.2 351.6 364.4 373.2 384.4 395 406 417.4 426.6 434.8 441.2 447.1 454.1 461.2 466.7 469.2 471 471.2 473.9 474.2 475 474.1 471.4 467.8 462.5 457.5 454.2 450.9 447.2 444.4 440 439.4 440.9 441.9 439 425.5 387.9 359.3 336.5 322.3 320.3 324.7 328.6
94.9 89.1 81.3 77.6 74 71.2 78.9 79.2 67.9 69.9 77.5 88.9 83 79.7 56.9 39.2 34.7 34 34.2 34.6 34.7 38.6 46.1 64.8 86.7 96.8 108.5 124.1 140.2 160.7 191.6 214.7 238.4 253.4 266.2 281.9 303.9 325.3 339.2 358 372.5 382.3 393.9 405.7 417.1 427.8 438.1 446.7 452.9 456.9 464.2 468.8 477.1 484 485.1 483.1 478.4 477.4 476.6 475.6 474.6 472.2 467.4 461.4 457.4 454 450.9 449 446.8 444.3 443.5 442.7 443.8 441.9 436.6 395.9 365 342.4 330.4 323.3 330.4 332.5
101.8 95.9 87.7 81.2 73.4 65.4 64 62.6 59.3 59.4 61.2 61.7 65.2 51.7 35.4 33.8 34.3 34.4 34.5 34.4 37.2 44.1 64.2 87.3 93.5 106.8 126.4 145.1 163.4 189.8 220.4 239.7 253.3 266.6 281.7 300.4 320 335.9 352.4 370.1 383.8 396.1 408.1 419.6 431.6 442.9 449.3 458.7 463.9 469.2 472.7 479.2 486.2 491.8 489.2 485.2 480.2 477.5 476.1 475.1 472.5 468.8 462.6 455 453.2 451.9 450.1 448.4 447.3 445.5 445.5 448.4 450.6 447 437.9 405 377.6 352.4 339.3 333.4 331 337.2
111.2 104.3 94.7 85.6 78.9 70.3 57.2 51.3 55.4 49 47 46.5 40.8 34 34.3 34.7 34.9 35 35.1 35.9 41.9 67.1 77.9 84.2 95.4 118.9 141.4 166.9 199.7 222.6 241.3 253.8 265.6 281.8 298.2 316.2 329.3 342.8 364.6 379.8 393.5 405.5 414.9 425.8 435.7 445.3 454.8 460 465.6 470.5 474.9 480.9 484.4 485.9 484.9 481.1 477.6 474.7 472.4 470 466.7 459.2 451.3 446.2 444.4 443.5 442.2 440.9 438.5 438.7 443.1 447.8 451.1 446.4 438.8 436.6 420 379.2 360 347.4 341.9 343.4
115.5 103.2 89.2 79 71.5 58.8 43.7 45 45.9 41.2 37.5 34.1 34 34.9 34.4 35.4 35.7 35.6 36.2 39.6 48.1 65.2 74.6 82 101.5 127.1 164 190.3 213.5 237.3 254 267.4 280 297.5 313.8 326 338.1 353.5 368.6 382.4 395.5 406 415 424.7 435.7 443.6 448.3 454 461.1 467.9 473.3 476 477.1 478.2 477 473.7 470.4 468.9 467.1 463.1 455.6 444.3 437.2 435.1 432.9 429.9 427.7 427.1 427.1 430.6 434 439.4 440.8 437.9 437.9 437.6 439.2 427.9 392.3 369.4 360.3 358.9
102 87.8 76.4 68.9 56.1 45.5 39.5 38.6 37 34.4 33.1 33.3 33.5 34.1 35.2 36.1 36.8 37.2 37.7 42.2 50.8 63.4 70.3 82.9 109 141.6 176.2 191.7 216.7 245.7 266.2 279.2 293.2 309.6 322 332.6 346.1 359.5 372.9 383.2 393.1 400.6 411.5 420.9 429.3 435.2 440 446.8 454.1 460.5 465.8 468.9 469.3 468.8 466.2 463.1 462.8 461.4 459.4 452.7 441.8 427.9 422.9 422.8 419.8 415 412.8 412.5 414.2 418.8 423.2 426 428.8 430.2 434.8 438.2 443.9 449.1 423.9 396.5 383 377.3
81.6 72.8 60.8 50.5 44.3 39.8 37.4 34.7 32.8 32.5 32.6 33 33.5 34.6 35.4 36.1 37.3 35.5 39.4 45.5 53.3 60.2 69 89.4 120.4 149.8 166.2 187.8 220 245.7 272.6 290.4 306 317.7 324.9 336.1 347.4 358.8 372.3 380.3 386.8 392.7 401.8 410.7 418.3 425 431.6 438.2 445 451.6 456 457.8 457.7 456 455.2 454.2 453.3 453.2 449.6 442.1 427.8 411.7 405.1 408.1 404.5 399 396.9 394.4 395.4 400.5 405.8 410.9 413.7 419.1 428.5 439.7 448.5 459.3 465.8 436.1 410 397.9
64.9 54.8 45 41.1 38.6 36 33.5 32.4 32.2 32.1 32 32.8 33.5 34 35.4 36.1 37.6 39.3 40.9 51.5 55 62.5 76.7 107.1 130.5 145 160.6 184.7 215.6 246 282.2 301.7 311.9 318.6 327.7 336.7 348 357 365 370.7 375 381.8 389.1 398.5 407.6 414.1 421.2 427.7 434.4 441.1 445.4 446.9 444.4 443.7 444.5 444.2 443.5 441.6 437 430.8 415.8 395.9 388.8 392 389.3 384.2 382 378.5 378.1 381 388.8 394.7 398.9 408 421.9 435.7 450 463.6 471.7 473 438.9 419.9
47.2 41.5 38.2 36.1 33.7 31.2 30.9 31.4 31.3 31.6 32.4 33 33.4 34.2 34.8 36.3 37.7 41.9 55.1 56.4 61.4 68 96.6 121.7 132.8 137.1 154.4 181.1 208.6 245.3 286.9 304.9 311.6 317.2 328.9 334.6 340.6 347.2 353 358.4 362.5 367.7 375.5 384 395.2 404.2 410.5 418.6 424.3 430 433.7 434 433.7 433.8 433.5 432.9 433 430.3 425.4 419.8 403.5 385.5 372.2 375.9 376 370.5 368.3 364.3 364.1 368.6 376.3 382.7 388.3 398.5 415.6 434.2 450.6 467.2 482.9 492.6 476.4 450.2
39.4 36.7 33.2 31.3 30.4 31.1 31.2 30.9 30.7 31.4 32.1 32.9 33.8 37.1 40.5 43.7 47.7 53.4 55.9 56.4 64.7 82 104.9 120.8 122.9 130.9 147.9 171.4 203.1 239.5 278.9 297.9 306.3 315 319 323.5 329.7 335.6 340.5 345.2 350 355.7 361.4 370.6 383.2 391.4 398.3 407 415.1 420.2 422.3 424 423.1 422.8 422.1 421.9 421.8 418.8 413.5 406.3 391.2 375.4 365.3 359.3 360.5 358.3 355.2 353.5 355.7 359.4 366.1 375.6 387 402.9 419.9 439.4 458.3 479.7 496.8 512.2 514.6 492.7
