UK/data/nj/nj32_OST50GRID_20230518/NJ32.asc
ncols 200
nrows 200
xllcorner 330000
yllcorner 820000
cellsize 50
[rows 105 to 139 of 200, columns 78 to 155 of 200]
520.7 514.1 506.5 502.1 496.6 489.7 479.9 472.9 468.8 468.6 474 475.3 474.2 471.7 467.4 459.2 444.2 457.4 466.1 471 468 458.2 448.1 437.2 427.9 421.2 414.8 410.3 408.2 404.3 405.2 410.8 418.4 425.4 430.7 433.3 434.9 426.6 410.7 398.2 388.7 380 370.9 366.6 362.7 359.9 358.2 355.7 354 353.3 353.5 355 355.1 355.1 355.2 355.9 356.6 356.9 356.7 356.8 357 358.3 359.3 361.9 363.3 363.6 364.6 365.3 366 366.8 367.5 366.2 363.6 360.8 359.4 355.9 354.4 352.2
517.8 512.7 508.1 500.7 495.9 492.3 488.6 482.8 475.8 480.7 481.6 480.7 478.3 475.3 471.1 464.3 447.9 460.1 470.4 474.5 470.7 461.3 452.3 435.7 436.7 434.9 427.6 424.4 418.3 414.1 405 399.3 405.4 411.6 417.3 422.3 424.7 415.8 402.5 388.5 378.2 370.2 365.8 364.1 360.5 360.5 358.6 358.6 358.1 357.1 354.7 358.2 358.7 358.7 357.8 358.5 359.7 359.8 359.7 360 360.7 361.8 364 364.6 365.1 365.9 366.3 366.7 367.3 368 366.7 364.8 361.4 359.6 357.7 355.2 352.4 350.8
523.5 518.4 513.3 508.8 503.3 498.7 494.4 485.8 483 486.8 487.1 485.9 482.8 478.8 474.6 469.3 451.6 461 470.2 474.3 470.8 463.5 454.5 447.8 446.7 442.4 441.3 439.4 436 429.2 415.2 395.7 392.5 397.6 403.5 411.5 411.8 403.7 391.5 379.9 370.9 367.3 364.4 363 362 362.1 362.2 361.9 361.1 359.5 358.3 363.1 363.7 362.5 361 362 363.2 363.1 363.8 364.3 365.2 366.2 367.4 367.5 366.7 367.2 367.7 368.2 368.3 366.5 364.5 362.1 360.9 358.6 355.7 353.5 352.2 354.7
529.6 523.3 517.8 512.1 506.9 501.8 497.2 489.7 490.8 491.8 491.4 489.6 486.5 482.1 478 473.2 464.5 459.7 468.5 473.2 471.3 467.8 464.3 461.1 457.7 454.6 452.4 448.8 444.8 437.5 426.5 415.2 398.8 389.4 389.4 396.1 398.2 391.5 380.2 372.4 368 370 367.9 367.3 367.2 367.5 366.9 365.8 364 362.9 361.5 365.7 367 366.1 365.5 365.8 367 368 368.6 370 370.6 370.8 370.8 369.9 369.1 368.8 369 368.5 367 364.6 363.1 361.7 359.8 356.6 358.1 357.5 354.5 355.5
534.6 528.6 521.9 515.8 509.9 504.9 499.2 495.9 496.2 495.9 494.8 492.4 489.1 484.7 480.4 475.2 467.5 459.8 469.5 474 474.3 473.2 472.5 470.6 468.2 465.7 463 458.5 451.9 444.2 435.8 425.5 416.4 405 396.1 382.5 382.1 379 373 369.9 379.3 376.8 373.9 373.5 372.1 370.8 369.9 369.4 368.7 366 362.4 367.1 372.1 369.7 369.6 369.7 370.4 371.9 373.3 374.6 374.9 374.4 373.4 372.5 371.1 370.3 369.6 368.3 366.3 363.8 362.1 359.6 361.3 360.8 359.8 358.2 356.8 356.9
538.8 532.9 526 519.6 513.3 507 502.3 501.2 500.6 499.4 496.7 493.6 490.4 486.6 481.5 475.2 463.2 465.7 472.3 476.3 477.4 478.9 480.3 480.4 479.9 477.6 474.2 469.1 461.3 452.5 443.8 430 420.1 408.5 400.4 391.3 381.2 375 379.1 381.4 383.7 381.7 379.3 377.7 375.9 374.3 373.5 372.8 371.7 369 365.5 373.8 375 374.6 373 373 372.9 374.9 376.4 377.2 378.1 376.7 376.1 374.6 373.1 370.8 369.6 368.1 366.2 362.9 364.7 364 363.2 362 360.6 358.2 359 359.3
541.5 535.8 528.8 521.1 516.2 510.8 507.7 505.7 504.3 501.8 498.8 495.2 491.5 487.5 480.4 469.9 461.6 470.5 476.2 480 482.5 486 489 490.5 490.4 489.2 485.9 480.4 472.5 462.9 449 434.5 421.5 409.9 402.7 395 391.2 388.4 382.7 387.2 388.8 386.9 383.5 381.7 380.3 378 377.8 376.3 374.9 371.9 367.7 375 378.9 379.8 378.2 376.5 377.1 379.2 378.7 379.5 379.7 379.2 378.1 376 373.3 370.8 370.2 367 367.9 367.2 366.6 365.9 364.7 363.4 361.7 360 361.4 361.6
543.8 537.9 531.2 525.4 519.9 515.3 511.3 509.1 507.1 503.9 500.1 496 492.4 487.9 476.2 468.2 468.7 475.8 480.7 485.4 491 494.9 498.2 500.8 501.5 500.9 497.6 490.2 480.9 468.9 452.4 435.3 420.8 413.5 406.3 401.1 396.8 393.6 387.6 392.4 393 390.9 388.7 386.4 384.9 381.7 382.6 380.5 377.5 373.6 370.7 378.1 384.1 387.1 384.3 381.6 381.4 382.4 381.3 381.6 381.5 380.1 378.3 375.9 373.9 372.7 370.5 370.7 370 369.3 368.4 367.2 365.9 364.5 362.3 361.7 364 364.3
546.1 540.3 534.6 528.7 523.2 517.8 514.6 512.3 509 505.3 501 496.7 492.9 487.9 473.7 468.8 474.1 480.4 485.2 491.8 497.9 502.7 508.5 511.9 513.5 513.1 508 498.3 487.4 473 457.6 438.9 426.9 420 414.8 406.2 402.2 398 394.2 396.3 397 395.3 393.2 391 388.7 386.2 386.1 384 380.6 374 375.1 383.8 390.6 393.3 388.8 385.6 385.2 385.1 383.8 382.5 381.8 380.6 378.7 376.6 375.1 373.3 372.1 372.3 371.6 370.8 369.5 368.3 367 364.9 363.2 362.8 365.6 365.9
549.9 544.8 539.2 532.5 525.3 521 517.8 514.3 510.4 505.7 500.5 496.2 492.2 486 471.5 475.7 478.8 484.6 489.3 495.3 503.2 510.5 517.5 522.2 524.8 522.7 514.9 504.3 491.3 476.5 463.1 448.3 436.8 430.8 423.3 414.5 408.7 400.3 398.9 401.6 401.5 400.2 398 395.1 391.6 390.3 389.6 387.1 383.2 375.9 381.3 389.8 395.8 397.8 392.8 389.8 388.5 387.5 386.5 384.3 382.2 381 379.6 377.8 375.6 373 374.4 374 373 372 370.7 369.3 366.8 366.4 365.7 364.9 366.5 366.3
552.4 546.9 541.2 534.4 529 523.1 519.3 513.9 509.5 504.1 498.4 495.3 489 478.7 478 482.5 484 488.3 493.1 498 505.7 515.3 523.4 529 532.5 528.7 519.2 508.9 494.8 480.6 469 456.5 448.8 441 431.8 424.7 417.5 408 405.1 408.5 407.4 405.3 402.2 397.7 396.1 394 392.4 390 386 378.3 387.3 393.6 397.7 399.4 395.5 393.5 391.9 391 389.3 385.4 383.3 382.2 379.7 377.5 375.9 376.7 376.5 375.8 374.7 373.4 371.1 370 368.5 370.3 368.3 365.7 367.4 367.4
553.8 547.9 542.5 535.5 529.4 525.5 520.4 514.8 508.3 501.5 495.9 492.7 485 478.1 482.6 487.6 488.8 491.6 495.6 501.1 509.2 519.4 527.6 533.5 535 531 522.7 512.3 498.5 485.8 476.8 467.6 460.5 449.9 440.5 433.6 424.7 415 414.9 415.8 412.8 410.6 407.1 404.2 401.8 398.3 395.8 392.8 389.2 380.6 391.5 396.5 400.9 402.4 398.8 396.6 396.1 394.8 392.9 387.6 385.6 382.6 381.7 380 377.2 378.3 378 377.4 375.7 373.7 372.6 371 370.5 371.2 369 367.2 367.7 368.7
554.7 547.8 542.1 537.8 532.8 527 520.4 512.4 505.2 500.1 495.3 490.8 484.5 485 486 490.9 493.5 495 498 503.5 513.3 522.4 530.9 536.9 536.8 532.6 525 515 502 492.7 486.1 479.6 470.7 458.8 448.7 441.7 433.2 420.7 425.6 423.9 420.5 416.2 412.4 409.3 406.5 402.7 399.4 395.7 391.3 384.7 394.6 400 403.7 403.9 402.1 400.9 399.7 398.4 396.6 391.7 385.9 385.7 384.1 381.1 380.1 380.3 379.8 378.8 376.8 375.7 373.8 372.4 373.2 372.1 369.7 369 368.5 369.4
555.1 548.9 543.7 538.9 533.8 528.5 520.9 513.8 506.2 499.6 495 491.9 486.2 489.7 490 493.1 496.6 498.1 501.2 506.6 516.5 524.1 531.9 537.5 538.6 534.4 526.4 516.5 504.6 498.7 494 487.5 478 465.8 455.1 447.4 439.7 426.7 433.7 431.6 426.6 422 418.2 415 411.4 407.8 402.6 397.5 387.4 391.5 399.1 403.2 405.6 406.1 404.8 404 402.4 401 398.9 394.4 388.7 387.4 384.5 381.7 381.3 382.5 381.7 379.9 378.9 377.4 376 376.1 375.8 373 371.6 371.3 370.5 370.6
555.5 550.2 544.7 541.6 536.9 531.2 525.1 515.6 507.4 500.4 496.5 493.4 489.1 493.2 494.5 493.5 499 501.7 504.4 508.9 517.4 524.7 531.9 536.6 537.4 533.7 525.7 515 508.4 504.1 500.2 492.8 482.3 470.1 459.6 452.1 444.8 437.2 441.9 439.4 432.9 428.3 424.5 420.4 417 412.2 405.9 399.9 390.1 399.1 403.9 405.9 407.3 408 408.2 407.1 405.1 404 400.7 396.1 390.6 388.6 385.9 382.7 384.9 385.3 384.5 381.6 381.2 378.3 378.6 378.2 377.5 374.7 373.6 373.4 373.1 373.4
556.9 552.7 547.4 543.7 538.5 532.5 525.4 516.5 508.7 503.8 499.5 496.1 493.1 496.6 498.1 499.2 501.8 504.8 507 510.7 517 524.2 530.9 534.5 534 531.3 524.3 516 511.9 508.8 503.7 495.3 485 473.9 462.8 455.1 448 446.5 448.8 444.7 439.3 434.3 429.9 425.9 421.5 416.2 409.7 397.8 398.6 405.5 407.8 408.9 409.7 410.9 411.2 409.7 407.6 406 402.5 397.3 392.3 390.2 387.8 383.6 387.6 388.2 385.4 384.7 383.5 382.6 380.8 380.3 378.5 377.6 376.2 375.7 375.7 376
559.3 555.5 550.8 546.2 540.5 533.8 526.2 518.9 512.6 506.9 502.3 499.5 497.8 500 501.6 502.9 502.2 507 509.8 512.1 517 521.9 526.8 529.4 530.1 528.1 522.2 517.7 512.9 509.9 504.5 494.8 486 476.6 466.8 457.1 450.1 454.6 454.8 451.7 447.4 441.6 436 430.6 425.3 418.4 407.5 397.2 409.2 411 411.7 412 412 413.4 413.5 411.7 410 407.6 404.2 399.3 394.4 392.1 388.7 388.9 390.5 388 387.7 387.3 386.3 385.3 383.8 382.2 382.6 382.2 379.6 377.9 378.1 378.3
561.2 557.9 554.3 547.6 542.8 537 529.5 521.1 515.3 507.9 505.7 504.3 501.5 504 505.2 506.7 505.3 510.1 512.7 515 518.6 522 523.9 525.4 526.3 524.7 519.9 515.9 512.1 508.6 502.1 493.8 486 478.6 469.9 459.2 458.6 461.1 461.5 459.3 456.5 448.6 440.8 434.3 427.5 419.6 404.1 407.1 416.6 416.2 415.5 415.2 415.1 416.2 415.7 413.9 411.8 409 405.1 400.6 397.2 394.7 390.9 389.2 391 390.4 391 390.6 389.6 388.1 386.2 384.1 384.9 384.2 382 380.2 380 379.8
563.2 559.8 555.8 549.3 544.2 538.3 531.7 524.9 516.4 512.6 512.1 506.9 506.7 508.3 509.4 510.6 510 514 516 518.2 520.4 521.5 523.5 524.2 524.2 522.9 517.2 514.1 511.5 507.9 500.8 494.6 487.4 480.2 472.5 464.6 466.1 466.7 467.4 467.3 462.2 453.3 445.4 438 428.9 412.1 404.9 418.3 424.1 423 420.9 419.4 418.5 418.4 417.4 415.8 412.6 409.5 407.5 403.5 400.1 396.8 393.8 392.1 394.2 395.2 396.2 396.2 395 392.7 390.5 388.1 387.1 386 384.4 384.4 383.8 383.2
565.1 561.6 557.5 552 547 539.6 533.6 525.4 518.4 518.5 515.9 510.9 511.2 512.6 513.5 514.2 514.3 517 518.8 521.3 522.6 523.6 524.2 523.9 522.5 520.6 516.9 513.7 510.7 506.8 501.5 495.5 489 481.2 473.2 473.2 471.3 470.9 470.6 469.3 463.3 455.1 448.1 439.9 426.7 410.5 417.8 429.7 433.7 431.9 427.8 423.7 421.9 420.1 419.1 416.9 413.8 410.9 408.7 406.4 403.2 399.5 395.9 396.2 399.4 400.2 401.3 401.9 400 397.4 394.6 392 389.7 388.7 388.2 386.8 387.6 385.7
568.5 564.9 559.5 552.2 546.8 542.8 535.9 528 525.5 522.8 519.7 515.7 516 516.5 517.3 517.9 518.9 521.3 522.6 524.4 525.3 525.3 525 524.5 522.6 520.3 517.4 514.1 510.1 505.7 501.5 496 490.4 484.9 480.9 477.9 475 472.5 470.8 468.6 462.4 455.3 447.9 437.9 421.1 413.8 429.9 442.5 444.1 440.9 434.2 429.5 425.3 422.8 420.9 418.4 414.9 412.2 410.7 408.3 405.8 401.9 397.6 400.2 403.9 405.2 406.8 407.3 405.3 402.6 400.4 396.9 394.4 392.3 391.4 390.5 390 389.7
569.5 565.7 561.5 556.2 551.9 546.3 538.1 533.8 530.5 525.9 523.4 518.1 520.8 521.1 521.6 520 523.9 525.5 525.6 527.7 527.5 527.1 526 524.9 523.2 520.6 517.6 514.5 510.1 505.9 501.6 496.2 492.3 487.9 484 480.7 475.8 472.2 470.2 466.7 460.7 450.7 438.2 434.6 419.3 422.3 441.6 450.3 452.4 449.1 441 434.8 430.6 427.3 423.5 420.3 416.8 413.9 412.4 410.5 407.9 404.4 399.6 405.7 408.1 409 412.2 411.5 409.7 407.5 404.4 401.4 398.9 396.9 394.4 394 393.4 392.5
573.2 569.6 564 559.4 555.3 549.3 544.2 539.4 534.6 531.3 526.8 525.6 525.7 525.9 525.7 521.6 527.9 529.3 529.5 530.1 529.9 528.5 527.2 525.8 524 521.6 518.2 514.6 510.7 506.5 502.1 497.7 492.7 488.9 481.9 479 475.4 470 467.1 463.4 457.1 436.8 439.6 432.1 427.4 439.9 454.6 459.8 460.4 455.9 449 442.7 438.9 434.2 429.7 425.1 420.6 416.5 414.2 412.6 410 406.4 402 409.6 412.6 413.8 416.2 415.3 413.1 411.5 408.8 405.5 402.6 400.6 399 397.4 395.7 394.8
574.3 573.2 569.5 563.8 558.4 554 549.4 545.3 541 535.8 528.6 532.2 531.5 529.9 527.5 528.1 532.2 533.2 532.7 532.9 531.9 530.5 528.4 526.5 524.3 521.8 518.5 514.8 510.6 506.1 503 499 494.5 489.7 484.8 480.1 474.6 467.5 457.7 452.5 440.3 447.5 458.4 453 453.2 459.9 468.8 472.5 470.8 465.8 458.5 454.6 450.4 444 437.5 430.2 424.3 419.7 415.9 414.3 412.2 409.6 404.9 412 415.7 417.7 419.2 418.4 416.8 415.1 412.5 409.4 406.7 403.2 402.1 400.5 398.2 396.6
578.6 577.5 573.1 570.2 563.6 560.1 555.5 551 545.9 540.1 534 538.5 538.2 534.6 528.4 533.8 536.4 537.2 536.7 535.9 534.9 533 530.4 527.3 524.3 521.9 519.2 516.1 512.8 508.3 504 499.5 494.3 488.8 484.2 479.1 473.5 461.8 449.1 452.8 448.7 457.8 464.8 463.6 466.3 471.6 479.1 485.3 482.5 475.9 469.1 464.9 462.1 455.6 446.1 434.8 427 422.6 418.6 416.1 414.9 412.4 407.6 412.4 417.9 419.7 421 421.8 421.1 419.3 416.3 413.3 410.4 408 405.7 403.5 401.2 398.8
580.6 579.6 577.5 574.2 569.5 566.2 561.5 556.2 551 544.5 543.6 545.9 545.2 540 538 540.3 540.7 540.5 540.6 539.9 538.2 535.8 532.8 529.2 525.9 524.6 521.8 518.5 514.3 509.7 504.8 498.9 492.7 484 477.6 472.3 467.6 456.7 462.2 464.6 458.1 463.5 470.2 470.9 473.6 479 486.5 494 492.5 485.9 477.1 472.6 470 462.6 451.9 440.1 431.6 425.5 421.6 418.7 417.6 414.2 411.3 415.1 419.9 422.1 423.8 425.2 425 423.5 421.2 417.5 413.7 411.8 408.4 406.2 403.8 401.5
581.6 581.3 580.8 578.8 576.2 571.8 567.1 562.7 557.2 549.9 551.1 554.8 552.7 545.3 546.8 545.3 544.6 545 544.7 543.6 541.2 538.9 535.9 532 530.1 527.3 524.2 520.1 515.7 511.1 505.5 498.6 489.9 486.6 482.7 477.3 470.1 466.4 470.3 469.7 464.7 469.9 474.9 476.3 479.8 484.3 490.8 498.2 498.7 491.5 482.9 479.5 475.4 467.8 456.5 444 434.2 429 424.3 421.8 419.9 415.3 413.4 417.7 422.1 425.6 426.7 428.2 428.6 427.6 424.7 421.7 419.2 415.8 412.7 410.1 407.1 404.4
583 584.2 585.4 584.8 581.5 577.6 572.8 568.7 564.3 557.6 557.2 562.6 560.4 548.4 553.3 550.5 549 547.8 548.1 547.5 545.2 542.7 539.5 536.8 533.8 530.3 526.6 522.7 517.9 512.5 504.4 495.8 496.2 492 486.2 481 474.4 474.6 475.4 474.5 472.1 473.1 478.8 480.9 484.1 486.9 493.1 500.4 503.4 496.1 487.4 483 478.1 471.8 459.2 447.2 436.9 431.8 426.9 424.2 421.9 415.6 417 421.7 425.1 428.4 430.2 432 431.9 431 428.3 425.9 423 419.9 416.8 413.7 410.8 408.4
585.1 587.3 589.4 590.3 587.7 583.7 578.8 574.4 571.1 563.3 567.1 568.8 566.5 555.4 560.3 556.2 554.3 553.1 553.3 552.2 548.6 546.9 543.3 540.1 537.1 533.6 529.5 524.8 519.9 513.2 505.2 504.8 499.8 494.3 488.8 481.3 480 480.2 480.1 479.3 478.2 475.7 480.8 483.5 486.9 489.7 493.6 499.3 503.6 498.3 490.4 483.9 478.4 470.8 459.7 448 439.9 434 429.4 426 424.1 420.8 422.5 424.1 428.5 430.8 433.1 434.6 434.4 433.6 431.6 429.4 427 424.1 421.4 418.5 415.9 413.3
587.3 592.5 595.5 595.4 592.5 588.3 584 579.7 577.1 574.1 573.7 573.9 571.1 567.8 567 563.2 561.3 558.9 558.9 557.5 554.4 551.7 547.5 543.9 540.1 536 531.9 526.7 519.1 512.8 512.9 508.3 503 497.2 490.1 486.9 485.8 485.3 484.4 483.9 482.8 481.8 483.6 485.5 489 492 493.9 499.1 501.1 496.6 491.3 485.8 479.6 470.7 460 448.9 440.9 435.7 430.8 427.4 424.7 423.7 426.7 428.8 429.5 432.4 435 436.9 437.1 436.3 434.7 432.8 430.9 428.5 426.4 423.8 421 418.6
589.8 595.7 600.1 599.9 597 592.7 588.4 584.6 582.1 580.6 580.4 579.2 574 575 573.6 571.1 569.5 566 564.7 562.5 559.6 556.4 551.9 547.7 542.7 538.9 533.1 525.2 523 520.8 516.4 512.3 506.8 501 495.5 494.3 491.8 490.3 489.2 488.4 487 486 486.2 487.9 490.9 494.2 495.4 498.6 499.4 495.5 492.7 487.8 480.9 471.1 460.3 450.1 442.2 437 432.2 429.1 423.7 428 429.9 431.5 432.5 433 436.5 438.7 439.6 440.2 438.6 436.6 435 433.5 432.3 430.1 426.7 423.7
591.7 598.2 603.3 604.2 601.1 597.3 591.9 589.2 584.9 586.3 586.4 585 574.6 581.9 580.2 577.5 577.1 574.4 572.1 568.3 564.4 560.6 556.3 551.8 545.4 541.7 535.6 530.3 529.3 525.1 520.5 516 510.2 503 502.4 499.8 497 494.7 493.9 492.6 490.9 489.8 489.3 490.6 492.5 495.1 495.7 496.1 496.7 494 492.9 488.6 481.5 471.8 461.5 452.1 443.3 438.1 434 429 432 433.1 434.9 436.2 436.5 437.2 438 441 444.4 445.4 444.7 442 442.4 440.3 437.9 435.2 431 428.5
593 599.6 604.9 606.5 604.3 600.3 596 592.9 589.2 590.8 591.2 590.2 579.5 588.1 587.3 585.3 584.1 582 579.1 573.9 569.2 564.8 560.2 554.6 551 546.1 540.1 537.8 534.8 529.7 524.2 516.9 515.7 512.1 509.8 506.3 501.3 499.7 499 496.8 494.8 493.3 492.6 492.8 494 494.8 495 494.1 493.5 492.8 492.5 490 482.6 473.7 463.5 453.9 446.4 439.5 433.8 436.4 435.5 438.9 440.7 442.3 443.3 444.9 445.6 448.3 449.7 450.9 450.8 450.5 449.3 446.8 443.6 440.3 435.1 432.2
593.5 599.8 605.3 607.3 605.7 602.7 598.8 596.1 593.2 595.2 595.3 595.1 585.9 595.5 595.4 592.4 589.9 588.1 585.5 579.9 574.6 569.5 564 560 555.5 550.3 546 544.1 539.8 534.2 527.8 524.3 522.2 518 515.8 512.6 507.2 505.3 503.6 501.3 499.1 497 495.1 494.7 495.5 495.1 494.3 493.2 492.3 491.4 492.2 491.2 483.4 475.2 465.7 455.8 447.9 440.6 439.9 439.8 441.9 444.2 446.4 448.9 450.4 452.3 453 454.5 455.9 457 456.8 456.8 455 452.6 448.8 444.9 440.5 436.3
592.8 599.5 604.6 606.7 606.3 603.8 601 599.1 598.1 597.8 599.5 599.8 593.2 599.6 600.2 597 593.9 593.4 591.7 587.6 581.2 575.2 569.7 565.5 560.1 555.4 552.1 549.6 545.8 538.8 533.2 532.1 528.4 525 522.9 519.4 513.8 510.7 507.7 506.7 504.6 502.4 500.6 498.5 496 495.8 494.7 493 491.4 490.5 489.6 488 481.8 474.8 466.2 458.4 449.3 441.5 444.5 445.3 445.7 449 451.8 454.5 455.7 456.3 457.4 459 460.1 461.9 462.5 462.5 459.7 457 453.4 450 444.9 442.4
