UK/data/nj/nj50_OST50GRID_20230518/NJ50.asc
ncols 200
nrows 200
xllcorner 350000
yllcorner 800000
cellsize 50
[rows 70 to 104 of 200, columns 0 to 77 of 200]
245.8 242.1 239.6 237.3 235.7 237.9 240.9 244.4 249.6 255.7 258.2 257.5 254.5 251.1 247.9 246.7 246.9 248.6 250.9 255 261 267.5 279 286.9 292 295.8 297.1 294.3 288.9 282.6 275.8 270.5 269.4 271.4 275.2 280.7 284.2 288.7 296.7 302.1 301.5 302 302.8 302.6 306.4 315.2 321.5 324.4 322.6 317.3 309.8 303 293.9 285.4 282 280 292.5 297 306.3 315 318.3 321.1 322.3 313.9 307.6 301.5 294.1 290.5 286.3 283.7 285.3 292.5 297.3 299.8 304.2 307.3 306.5 306.4
242.7 238.6 236 234.1 232.9 236 237.9 242.6 247.6 251.8 253.1 251.5 249.4 246.2 244.6 243.7 243.8 244.4 246.5 250.1 254.3 261.1 269.7 276.4 283.1 286.3 288.2 286.2 282.6 277 271.1 266.5 264 264.8 266.5 271.2 273.9 280.3 286.1 290.7 291.5 291.7 291.7 290.4 290.6 305.9 314.8 322.8 321.9 317.3 308.6 299.7 281 278.5 283.3 291 296.7 302 308.1 316.3 321.3 326.3 326 318.1 314.8 311.2 306 299.8 292.8 288.2 287.9 294.8 300.5 306 310.7 314.1 313.1 312.4
239.5 235.5 232.6 231.8 230.8 234.4 235.5 240.4 245.2 248.7 249.9 248.6 246.8 243.2 241.6 240 239.8 240.4 242.4 245.3 249.4 255.3 261.8 268.2 274.1 278.1 279.5 277.3 274.6 270.8 266.9 262.6 260.9 260.1 261.4 263.6 267.3 271.2 276.1 279.2 281.3 282.2 283.6 285 288 295.9 307.1 315.9 316.7 315 307 294.2 281.2 293.1 292.9 296.3 300.6 304.6 309.4 316.9 323.9 328.6 328.6 327.8 325.2 320 313.2 305.6 296.3 290.9 292.6 299.7 306.2 310.7 316.2 320.8 320.5 319
236.2 232.5 230.9 230.1 228.9 230.6 232.7 237.7 243.4 246.7 246.9 245.8 243.6 240.5 238.6 237 236 236.7 238.1 240.7 244.9 249.7 256.6 262 266.9 270 271.4 270 267.1 264.3 261.3 258.4 257.1 256.2 257.2 258.3 261.4 264.4 266.8 269.6 271.9 273.8 275 277.4 279.4 285.1 296.6 305 308.5 307.5 300.9 288.2 285.4 297.2 298.3 300.9 303.8 307.4 312.9 319.7 327.2 333.2 336.6 335.9 331.6 325.8 317.9 307.4 298.7 295.2 298.7 305.5 308.7 317.1 323.5 328.3 328.2 326.6
233.5 230.7 228.8 228.3 226.8 228.8 230.8 236.4 241.7 244.9 245.6 245 241.5 238.1 236.1 234.4 233 233.9 235 237.1 240.6 245.3 250.9 256 260.2 262.1 263.8 261.8 259 256.8 254.9 253.4 252.4 252.5 252.7 253.2 255.6 258.2 260 261.1 262.9 264.1 266 268.1 273.1 277.3 285 291.6 293.7 294.2 290.8 287.1 297.5 302.7 303.8 305 307.7 312.4 318 325.7 336.3 342.1 343.3 341.2 336.2 329.6 319.5 309.5 303.2 300.1 302.8 308.1 315.7 324.3 331 335.4 334.6 333.2
230.7 227.8 226.5 225.6 225.1 227.5 230.5 237 243.9 246.7 246.6 245.2 240.7 237.3 234.3 232.2 230.5 231.1 231.8 233.2 236.5 239.9 245.6 249.7 253 254.9 254.8 253.2 251.2 249.8 249.1 248.1 248.5 248.5 248.9 249.9 251.4 253 253.8 256.3 255.3 255.8 256.9 259.8 263.4 268.4 274.8 281.1 283.7 285.6 285.8 296.5 302 307.6 309.5 310.1 312.9 318.6 325.4 335.5 344.6 348.4 349.3 346.7 341.2 332.5 320 313.6 308 303.8 306.6 317.2 322 331.3 337.8 341.1 340.2 338.8
227.8 225.1 223.7 222 224 226.7 233 241.7 247.4 248.6 246.8 244.9 240.6 236.8 233.2 230 228.1 228.6 229.5 230.7 232.7 235 239.9 243.6 245.4 247.7 247.9 246.1 241.4 242.7 242.7 243.7 245.1 245.6 246.1 247.3 248.4 247.1 247 245.1 244.8 245.3 247.5 251.2 254.1 259.3 265.2 272.2 276.9 282.8 291.7 300.4 307.4 313.3 314.7 315.3 318 324 334.1 344.6 351.8 355.5 355.8 351.9 344.7 333.2 323.2 317.3 311.6 309.2 314.4 321.5 329.8 336.3 342.4 346.8 347.8 347.4
224.6 222.5 220.6 219 222.7 226.7 236.4 245.2 249 248.9 246.8 244.1 241.2 236.3 232.4 229.3 226.5 226.5 226.8 227.7 229.3 228.5 233 236.5 237.6 239.4 239.9 237.1 235.1 236.4 238.8 240.8 242.1 243.6 243.8 243.6 243.6 241.7 239.1 238 238.3 238.4 241.8 245.2 248.8 254.7 260.6 268.8 276.9 286.4 296.2 307.4 317.3 320.1 320.4 321.5 325.4 332.2 343.7 353.8 359.5 363.2 363.1 358 350.2 339.1 328.4 322 316.4 314.5 319 328.3 334.7 340.2 347.7 353.5 355.4 355.4
221.5 219.7 217.3 218.4 221.7 229.1 238.4 246.1 249 249.1 247 243.9 241 235.8 231.9 228.8 226 223.4 223.8 224.7 225.9 226.2 227.3 228.8 229.9 231.5 231.3 230.4 230.2 233.3 236.1 238.5 240.3 241.8 243.2 241.5 238.8 235.7 234 231.5 230.8 231.5 236 242.5 248.1 254.4 263 271.8 282.3 292.7 305.8 317.4 326.3 328.4 327.5 329.2 333.9 342 352.7 361.6 367.9 370.6 369.5 365.2 357.5 348.4 337.1 327.8 321.2 320 326.7 335.7 340.8 347 354.7 360 363 363.3
218.6 216.5 214.2 217.7 221.2 230.1 239.2 247 249.9 250.2 248.2 244.8 239.7 235.1 231.4 228.7 226.1 223.1 220.3 221.5 222.1 223.5 224.2 225.6 225.3 224.4 223.6 223.2 223.7 229.3 232.8 235.4 237.1 238.7 239.3 237.2 232.7 229.6 227.4 225.7 223.4 229 234.4 242.5 248.7 258.4 269.8 281.5 293.2 304.1 316 325.9 332.8 336.6 337.1 338.3 342.8 350.4 360.7 369 374.9 378.4 377.1 372.8 367.2 359.1 348 336.6 329.2 327.3 333.3 341.2 347.3 354.2 362.3 368.2 371.3 371.1
214.5 212.4 212.8 215.9 220.7 230.4 239.8 247.5 249.9 250.5 249.1 245.7 240.9 235.6 232 228.9 224.5 222 218.3 218.3 218 219.2 220.6 221.6 220.8 219.2 217.1 216.3 219.7 225.7 229.7 232.4 234.1 234.7 234.7 231.2 224.7 222.4 220.9 218.3 224.8 230.3 236.6 245.5 255.2 268.8 282.7 295.6 306.3 315.7 325.6 332.4 340.2 344.8 346.7 346.9 351.3 359.1 367.9 375.5 381.8 385.5 384.8 381.9 378.1 371.1 359.9 346.9 339.1 336.5 340.6 347.1 353.6 360.6 372.8 379.6 381 379.4
211 209.2 210.9 213.8 220.5 230.4 239.4 246.1 248.6 250 248.5 246 241.7 236.7 232.5 228.8 224.4 220.3 217.3 214 214.8 215.2 216.4 217 215.8 213.9 212.6 209.5 213.5 220.8 226.1 229.1 230.4 229.5 229 223.1 217.1 216 214 220.8 227.4 234 242.5 252.9 267.2 283.7 297.3 308.6 318.4 327.9 335.7 342.4 349.4 354.6 355.5 356 359.2 366.3 375.4 382.5 389 393 393.1 390.5 387 380.2 369.7 356.6 349.2 345.3 349.1 353.1 360.5 371.4 383.3 389.8 391.5 390.1
207.7 203.1 209.1 212.9 219.8 228.7 237.5 243.1 245.7 246.6 245.5 244.8 241.6 238.2 233.2 228.6 223.9 218.9 215.1 212.3 212 211.6 212.6 212.1 211.1 207.5 205.9 204.7 209.2 216.7 221.2 224.2 224.6 221.7 219 214.5 211.8 210.7 217 222.9 231 238.4 248.3 264.5 281.2 297.6 310.2 320.6 329.6 338.5 347.1 354.2 360.6 363.5 363.4 364.4 366.9 373.1 381.7 389.7 396.9 400.4 401.3 399.8 397 388.9 376.8 363.8 358.8 354.4 355.9 360.1 369.3 384.6 394.4 400.7 402.2 400.7
203.2 201.5 205.8 210.2 218.3 225.8 231.9 238.1 242 242.3 242.3 242.5 242 237.3 233 227.9 223.4 218.5 213.5 210.9 206.9 207.9 208.2 207.7 206.3 203.5 201.1 200.8 205.8 211.4 215 216.6 216.1 212.7 209.8 208.2 207.4 211.6 218.9 227.2 234.9 243.4 259.1 276.5 293.6 307.9 319.3 331.2 340.7 351.7 360.6 366.5 371.5 373.2 373.4 374 374.6 380.7 390.1 398 403.9 408.5 410.6 408.8 405.1 398.1 383.2 374.4 368.4 363.9 365 370.4 383.3 395 405.8 411.8 414.6 411.9
199.3 198.6 203 208.2 215.9 221.3 226.4 232.5 237.5 239.3 239.2 239.1 235.9 234.8 231.5 227.2 222.7 217.8 212.9 208.3 205.6 204.1 204.5 204.3 203.8 201.2 198.3 197.3 200.5 204.9 207.3 207.3 206.5 204 203.5 202.4 207.6 214 222.5 230.7 239 251.3 267.7 285.3 302 316 329.6 342.6 353.5 364.9 373.2 380.1 382.8 383.7 384.3 384.7 384.7 390.6 397.8 405.6 412 416.6 419 416.4 412.7 406.9 396.1 386.4 378.6 373.8 375.8 382.8 394.6 404.4 413.6 421.1 423.3 420.8
194.3 196 200 205.4 212 216.7 220.9 226.8 233.1 235.1 235.6 235.6 233.5 231.6 228.4 224.7 220 214.9 210.3 205.6 203.6 199.7 202.3 201.4 200.7 198.1 195.4 192.9 194.2 197.1 199.5 199.1 197.6 196.6 199.8 205.1 210.3 217.2 225.2 233.2 243.6 258.4 274.9 292.3 308.9 324.1 337.7 352.8 366.5 377.5 384 389.3 392.6 394.2 394.1 394.5 397.2 402.2 408 414.6 421.2 425.9 428 426.5 423 416.2 407.3 398.4 391.4 390.5 391.2 396.1 403.5 410.7 416.1 421.2 423.1 421.3
190.1 193.2 197 201.7 207 211.2 214.9 219.8 224.7 227.4 230 230 229.7 227.8 225 220.9 217.3 211.4 206.5 203.5 201.5 196.6 199 198.3 197.1 195.1 191.7 189.7 188.6 189.5 190.9 190.7 190.7 193.8 200.1 205.9 211.6 219.3 228.2 237.4 249 263 280.3 298.6 314.6 329.7 346.1 362.8 376.8 387.1 394.9 399.1 402.4 404.4 406.4 408.1 410.3 413.8 417.9 423.5 430 435.2 437.2 435.9 433.1 427.3 418.5 409.2 406.3 406.1 403.5 405.7 410.8 413.8 414.9 415.3 414.2 412.6
185.3 188.8 192.5 197.3 200.8 204.2 207.6 211.3 215.5 219.8 222.4 224 224.1 222.8 219.3 215.7 212.4 208.3 202.9 199.9 196.9 192.9 195 194.1 192.8 191.6 189.2 187.2 185.7 184.5 185.6 185.5 189.9 195.1 200.3 205.8 212.5 221.5 230.8 241.8 253.8 268.5 285.2 303 319.2 334.8 353.7 370.6 384.6 397 405 409.8 412.3 415.2 418 419.6 421.2 424.2 428 432.7 439 444.2 447.3 446.7 443.7 437.7 431 425.1 422.9 419.8 415 413.2 413.2 412.6 410 404 400.7 397.7
182.9 186 189.3 193.4 196.6 198.6 200 203.5 207.8 211.9 214.8 216.7 216.9 216 213.6 209.4 206.8 202.9 198.8 196.2 193.3 188.7 190.4 189.9 188.7 187.5 186.2 184.6 183.2 182.7 183.2 186.2 191.6 196.9 202.2 208.3 215.3 224.5 234.5 245.8 259.2 274.2 290.4 306.7 322.8 340.7 361.4 378.1 391.3 403.7 413 418.3 424 426.5 429.1 430.6 431.6 433.6 436.8 441.4 447.2 453.1 457.7 457.3 453.7 448.2 443.8 440.7 439.3 432.2 422.8 417.8 413.3 407.5 400.2 391.2 383.7 379.6
181 183 186.1 189.5 191.9 193.4 195 197.4 201.2 205.1 208.9 209.3 209.1 209.1 206.9 204.3 201.8 197.8 194.4 192.5 190.3 186.4 186 186.2 185.2 183.5 182.7 181.5 180.9 180.6 183.1 187.8 193.1 198.8 204.4 210.7 217.9 227.8 239.4 250.7 264.7 279.5 294.8 312.3 328.2 346.2 368.2 385 397.3 409.8 419.6 425.2 432.1 436.1 438.3 439.6 440.2 442.3 445.3 448.7 454.6 460.7 465.2 465.5 461.8 458.7 457.5 455.8 451.4 442.5 432.2 422.5 413.3 402.2 388.1 377.3 368.1 361.7
179.5 181.3 183.3 185.3 187.7 189.1 190.8 192.6 196.1 199.6 202.2 203.3 203.8 203 200.9 198.4 195.9 193 190 187.4 185.7 183.1 179.4 181.9 181 180 179.4 179.1 178.4 178.9 182.1 186.8 191.8 198 205.7 212.9 221.7 230.4 244.3 256.8 270.9 285.8 301.3 317.7 334.7 354.6 374.9 391.3 404.2 417.4 426.2 431.7 438.3 442.4 445.8 447.7 447.8 449.9 451.8 454.6 461.2 466.9 471.2 472.8 470.5 469.7 470.2 468.8 460.2 448.8 437.4 425.4 412.3 398 383.1 368.8 357 346.3
178.9 181.6 181.8 183 183.7 185.3 187.2 189 191.4 193.9 195.6 197.1 196.7 196 194.2 192 189.6 186.9 184.8 182.4 180.9 179.7 176.7 178 177.5 177.2 176.7 176.2 175.6 179.3 183.3 188.1 193.7 199.8 207.3 215.4 223.9 236.6 249.5 263.1 277.3 293.1 309.4 326.3 343.3 362.6 381.4 398.2 412.7 423.2 429.8 435.5 441.8 446.7 450.6 453.2 454.4 455.3 456.7 459.8 464.4 468.5 471.5 473.3 474.2 474.9 474.4 468.7 458.5 445.6 434.6 423.4 409.9 392.5 377 360.7 344.6 334.9
178.2 180.2 180.4 180.1 180.3 181.2 183.4 184.7 186.5 188.3 189.8 190.8 189.7 189.2 187.2 184.9 182.6 180.8 179.4 177.4 176.8 175.6 175.3 173.4 174.6 174.5 173.8 172.7 177.4 181.2 186.1 191.5 195.8 201.3 208.7 217.2 229.2 243.1 256.1 270.5 285 300.7 318.2 334.4 350.5 371.4 389.5 405 417.5 427.6 433.6 438.4 443.3 448.6 453.2 456.1 458 458.5 458.4 459.7 462 464.5 465.8 466.5 468.7 468 463.5 455.7 444.9 434.6 426.2 417.4 400.7 386.2 371.2 353.7 338 326.5
175.7 178.9 178.7 177.8 177.4 177.8 178.5 179.2 179.7 181.6 183.6 184.2 182.8 180.9 179.2 177.1 175.8 174.9 174.6 174.2 173.6 173 172.6 169.8 170.7 171.1 169.3 172.9 180 184.9 187.7 192 196.4 202.9 209.8 223.2 237.3 250.8 264.9 279.7 295.1 309.7 327.7 343 359.6 379.4 396.2 410.9 420.1 428.9 435.9 439.4 443.4 448.5 452.2 454.5 455.9 454.9 454 453.5 452.8 452.9 452.9 453.4 454.4 453.3 448.4 438.8 425.2 419.1 413.7 405.1 391.8 378.7 364.3 348.3 332.3 319.5
173 175.8 176 175.5 175.4 174.5 174.8 174.8 174.2 174 174.7 175 173.8 172.1 171.6 171.5 171.3 171.2 172.2 172.1 171.1 170.8 170.6 169.1 167.7 167.2 169.4 172.9 180.7 185.7 189.5 193.1 198.4 205.1 215.2 231 246 259.9 275.5 290.4 305.2 319.7 338.3 352.7 368.6 387.4 401.7 412.9 420 426.8 433.4 438.6 442.3 445.3 447.1 448.2 447.7 445.7 444 441.2 437.9 434.7 432.9 432.3 431.6 428.6 421.9 413.1 407.8 404.5 399.8 391.3 382.1 369.3 356.8 342 326 312.6
169.7 171.4 172.7 174.1 174 172.6 172 170.9 170.3 169.2 167.3 167 166.8 166.7 167.2 167.7 169.3 170 170 170.2 170 169.6 168.9 167.3 165.2 166.8 170.4 175.9 182.3 186.9 192.1 195.2 199.8 208.1 219.8 237.7 254.1 269.5 287.8 304.1 318.1 333 350.4 362.8 379.2 393.9 403.5 409.8 415.9 422.6 429.4 435 439.2 440.8 440.9 439 436.1 431.4 427.7 424.8 421 416.5 411.9 409.3 408 406.9 401.2 397.7 396 393.4 387.8 380.5 371.3 360.1 349.4 335 320 306.3
166 166.9 170.2 171.9 171.8 170.6 169.5 168.4 167.4 166.1 164.7 163.9 163.4 163.8 164.8 166.4 168.5 168.8 168.1 168.1 168.4 168.2 167.4 166.2 164.1 167.4 171.8 176.2 182.7 187.2 192.6 197.9 203 210.2 224.7 243.1 260.9 280.7 300.8 318.7 332.2 347.5 364.4 376.2 389.3 398.3 404.7 407 410.6 415.9 423 429.2 433.1 434.5 432.9 429.3 424.2 418.6 414.7 407.8 402.5 397.3 394.8 394.6 394 392.8 389.6 387 385.3 382.5 377.4 372.1 363.5 354.3 342.3 327.7 314.2 301.8
162.8 165.2 168 169.7 169.1 168.3 167.1 166 164.9 163.8 162.2 160.4 160 161.1 162.9 164.9 166.4 167.1 166.6 166.8 166.6 166.5 166.4 164.9 162.2 168.3 172.6 177.1 182.2 187.4 192.6 197.3 202.9 213 228.4 247.9 266.3 288.2 309.7 328.4 342.6 360.5 377.4 385.3 393.3 400.9 404.3 403.7 402.5 408.4 415.6 420.5 424.6 424.6 423 417.3 411.2 403.9 398.9 394.7 391.3 387 384.6 385.8 385.6 384.2 380.8 376.4 374.7 371.3 368.9 364.3 357.6 347.9 335.6 321.8 308.5 297.2
161 164.1 167.3 169.1 169 167.7 166.4 165.3 164 162.5 161 158.3 156.8 158.3 160.2 161.7 163.2 165 165 165 165.5 165.4 164.8 163 162.9 168 171.5 177.4 182.3 187 192.3 197.8 203.2 214.5 229.5 249.1 268.7 291.5 315 334.6 348.7 368.2 383.9 389.5 392 397.3 399.9 396.7 394.6 398.7 404.7 410.1 412.1 412.3 409.4 407.1 400.2 394 389 384.7 379.9 378.9 380.4 380.3 378.6 375.8 371.5 368.9 366.8 363.4 360.4 356.7 350.9 341.3 329.2 317.6 305.2 292.8
160.9 165.8 168.8 170.1 169.8 168.3 166.2 165.2 163.9 162.1 160.4 157.8 155.1 155.8 156.9 158.5 160 161.6 162 163.2 163.9 163.7 163.3 160.9 164.1 167.1 169.8 174.2 179.9 185.8 191.2 197 204.7 214.5 229.1 247.7 267.8 293.4 317.8 335.9 350.4 368.6 381.4 387.2 387.7 389.7 388.9 386.5 384 390.1 395 398.1 400.1 399.9 398.5 395 389.5 383.9 379.3 374.7 372.6 374.9 375.9 374.3 371.6 368.7 366.1 362.3 359.1 356.6 353.5 349.4 344.1 336.4 326.3 314.8 305 292.8
163.5 168.1 170.9 172.1 170.3 169.2 166.5 163.7 162.2 161 158.6 155.7 152.6 153.5 154.4 155.7 157.2 158.2 159.3 160.4 161.4 161.2 161.2 157.7 163.6 165.5 167.8 172.1 177.5 183.1 189.8 196.3 203.8 214.6 227.8 245.2 267.1 292.2 312.7 331.9 347.4 364.5 375.4 379.2 379.4 380.5 380.1 379.9 378.4 380.8 384.7 389 390.4 392 389.4 384.2 380 375.6 369.7 367.6 369.3 371 371.6 371 368.1 364.1 360.2 354.9 351.4 348.6 345.7 342.2 338.4 333 324.4 315.7 305.3 293.6
167.9 171.7 172.3 172.1 170.3 169 165.6 164 161.7 159.1 156.6 153.8 150.5 150.1 152 153.2 153.5 153.9 155.8 156 157.5 158.1 158.8 155.7 160.5 163.8 166.1 170.2 175.6 181 186.7 195 202.5 211.3 226.1 241.8 260.6 283.9 304.5 324.2 340.8 358.1 367 368.2 368.8 370.8 371.7 369.8 367.1 370.1 375.8 380.2 380.9 380.6 378.1 372.9 370.7 369.2 363.6 361.1 366.1 368.9 368.5 366.8 363.2 360.4 356.3 351.7 347.3 342 338.6 336 331.1 326.9 322.7 314.5 304.9 292.2
169.4 172.8 173.8 173 170.3 168 165.9 163.6 161.1 158.6 155.2 151.8 148.6 148.4 148.6 150 150.8 150.7 152.1 153.5 154.1 154.8 155 154.2 158.1 161.6 164.1 167.3 173.3 178.3 186.3 193 200.8 209.5 223.7 237.6 253.1 275.1 297 317.1 332.7 347.1 356.5 359.8 361.2 363.4 364 361.9 359.5 363.1 369.3 370 371.1 370.9 369.4 363.1 360.5 361.4 358.9 358.2 363.8 368 368.7 367.7 364.1 358.7 352.3 346.9 339.7 333.1 330.1 327.9 324.4 322.1 318.4 312 302.4 292.7
169.5 172.1 171.6 171.1 168.6 167.4 165.4 163.3 160.6 157.9 154.5 150.5 146.6 145.6 146.2 147.4 147.6 147.8 148.8 150.8 151.6 152.8 152.8 152.8 155.9 159.6 162.4 165.9 171.1 175.5 183.8 190.3 199.5 209 219.7 234.2 248.5 271 292.6 310 322.7 334.9 344.2 350.4 353.1 355.5 356.1 353.6 350.1 352.5 355.7 355.4 357 356.2 354.7 353.5 352.6 353 354.6 357.3 361.6 367.5 370 368.2 363.8 357.5 349.9 343.6 335 327.5 322.9 320.3 316.9 315.3 310.7 305.4 296.6 288.5
169.2 171.3 171.7 170.7 168.1 166.5 164.8 163 161.4 158.2 153.3 148.6 144.6 144 144.5 146 145.4 145.4 147.1 147.7 148.6 151.1 151.1 150.9 154.8 157.8 160.7 164.3 168.5 172.7 181.9 188.1 197.6 206.9 216.5 229.8 246.1 267.8 286.8 301.3 313.3 325 333.8 339.9 344.3 345.9 347 344.6 338.7 338.9 338.6 339.4 341.6 342.2 344 346 347.3 349.7 353.2 355.7 361.1 366.3 369.2 367 362 355.4 347.2 340.1 332.4 326 316.7 312.6 310.3 306.1 303.4 298.3 292 284.9
