UK/data/sn/sn80_OST50GRID_20230518/SN80.asc
ncols 200
nrows 200
xllcorner 280000
yllcorner 200000
cellsize 50
[rows 70 to 104 of 200, columns 80 to 159 of 200]
438.1 437.1 434.7 432 430.2 426.9 425.2 419.8 403.9 344 329.3 321.7 311.9 287.5 291.6 284.2 277.8 269.8 255.5 261.1 262.1 268.7 273.4 274.2 272.5 269.9 265.4 262.3 258.2 256.2 248.8 241.7 231.2 222 213.6 201.2 192.3 182.5 181.5 182.7 174.1 162.2 153 146.2 136 124.6 117.1 110.3 101.8 93.7 90.2 92.3 85.4 80 74.9 66.7 62.9 61.3 59.8 58.1 56.5 54.2 51.2 50.4 50.8 51.4 52.1 52.6 52.6 52.8 52.4 52.1 52 52.3 52.5 53.1 53.7 54.2 54.6 55.4
432.8 433.1 431 429.4 428.4 426.9 423.9 419.2 368.1 332.8 319.7 314.7 301.6 287 270.8 269.2 266.7 261.4 249.9 253.4 256.1 259.2 262.4 262.7 262.2 259 254.8 250.6 249.2 245.7 240.5 233.1 223.2 213.1 205.5 198.3 192 177.6 172.5 168.7 164.8 153.1 144.7 140.9 131 117.5 113 104.5 95.4 86.3 80.4 81.9 77.7 74 69.5 63.6 60.1 58.7 57.7 55.6 54 51 49.6 49.6 50.1 50.2 50.3 50.8 51.3 52.2 51.9 51.4 51.7 51.8 52.4 53 53.8 54.1 54.4 55.1
429.4 428.9 427.6 427.2 425.8 425 422.5 407.9 363.8 325.2 313 301.1 289.3 280 259.4 260.2 258.5 252.7 237.4 246.7 249.7 252.3 255.1 255.1 253 247.2 242.7 242.4 238.1 235.9 232.1 225.9 215.9 207.3 200.5 194.5 191 175.9 168.3 162.2 150.9 142 137.8 135.1 125.1 114.5 108.7 100.9 92.7 85.2 77.9 73.4 68.2 65 63.5 59.6 58.1 56.4 55.3 53.6 51.2 49.1 48.9 49.2 49.7 49.8 49.8 50 50.7 51.5 51.4 52 51.4 51.7 52.3 52.8 53.7 54.3 54.5 54.6
426.2 426 425 423.8 423 420.5 413.1 394 346.3 322.9 306 290.7 275.5 269.6 261.7 242.4 244.4 241.6 234.8 241.4 243.5 246.2 247.9 247.8 245.8 241.7 236.5 233.4 229.8 226.4 225.1 219.1 209 201.7 194.8 189.3 183.2 173 161.9 155.5 143.9 136.4 130.3 125.4 120.6 112 104.9 96 88.1 83.7 78.2 73.8 67.7 62.4 58.7 56 54.9 54.1 52.7 51.1 49.6 48.9 48.7 49 49.3 49.3 49.2 49.6 50.2 50.9 50.9 52.5 51.7 51.6 52.4 53.3 53.2 55.3 58.4 62.1
422.3 422.1 422.2 421 418 413.5 397.3 361.5 335.7 314.4 296.5 281.5 268.6 261.2 254.1 242.6 227.9 223.5 217.5 233 237.4 240.6 242 242.5 238.5 234.8 229.1 226.5 222 218 218.6 211.3 203.8 192.6 184.1 180 171.8 164.3 153.7 147 139.8 135.9 127.8 121.5 118.1 109.2 98.6 90.1 84.3 79.1 75.1 72.1 65 59.5 55.7 54 52.9 52.1 51.3 50.2 49.3 48.6 48.4 48.5 48.9 49.2 49.5 49.8 49.4 50.1 52.8 51.6 52.2 54.9 58.6 60.8 57.7 53.8 53.7 60.9
419.6 419.8 420.1 418.3 411.8 392.4 365.6 340.8 317.8 298.4 282.6 267.6 259.7 253.4 246 241.5 230.7 218.3 221.3 225.7 231.8 235.4 236.7 237.4 231.5 225.3 218.7 220.8 217 213.5 209.8 203.1 198 188.2 180.6 168.3 163.3 154 143.5 139.7 137.7 136.1 133 123.3 116.1 103.3 93.8 85.2 79.1 73.8 70.3 64.9 57.7 54.6 53.3 51.7 51.8 50.8 49.7 50 49.1 48.3 48.1 48.8 48.5 49.3 49.8 50.1 53.6 54.6 57.3 57.6 57.8 53.3 53.4 53.6 52.8 53.3 53.1 54.4
417.8 417.4 416.4 414.1 403.8 367.7 344 319.9 299.9 282 268.5 255.9 248.6 242.1 238.5 233.5 227.9 214 206.3 220.5 226.5 231.5 232.5 231.8 222.2 211.9 204.9 207.4 207.5 206 203.5 198.5 191.7 181.6 169.1 158.5 150 140.1 132.8 132.6 135.1 134.8 133.3 123.2 113.3 100.2 87.9 80.5 75.1 71 65.4 57.1 50.9 48.8 50.1 51 51.2 50 48.6 48.5 48.1 47.9 47.4 47.9 48.1 48.9 51.2 53.3 51.7 51.8 51.4 52.8 53.3 53.1 52.2 52.2 48 49.8 51.9 56
413.5 412.7 411.9 407.5 375.1 348.4 324.4 302.4 283.4 266.4 255 245.6 238.1 229.9 227.8 224.4 218.2 205.3 212.1 216.6 222.6 227.2 229 225.3 213 202.2 196.6 192.1 197.1 198.1 194.5 192.3 184.1 173 160.4 145.6 144.2 135 125.8 127.2 130.9 131.3 125.2 118.4 107.8 95 83.3 76.7 72.2 68.1 61.1 50.2 46.6 46.4 48.4 49.9 49.7 48.7 47.8 47.4 47.5 47.5 48.2 48 49.2 50.9 49.8 49.9 50.6 50.6 50.7 53 52.6 51.2 48.5 52.3 59 57.3 60.7 75.2
411.9 407.9 406.1 391.2 356.7 330.4 306.1 284.1 266.5 254.6 242.7 234.7 228 220.7 216.7 213.2 206.2 192.6 207.4 212.4 219.7 222.6 222.9 218 208.9 198.6 189.9 185.3 185.6 189.2 188 181 174.4 161.3 151 137.4 132.6 123.9 117.1 117.5 120.8 122.7 116.8 110.6 100 88.3 79.7 73.9 67.6 63.5 53.5 47.4 46.2 45.6 46.1 46.3 47.3 47.6 47.2 47.2 47.1 47.2 47.8 48.3 49.1 49.2 49.7 49.9 50 50.2 50.7 51.7 51.2 47.2 54.6 59 67.1 75.2 65.8 88.7
410.5 401.9 393.8 362.4 339.2 313.5 290.6 267.8 256.4 242.3 229.4 223.1 217.6 211.4 203.3 199.7 194.8 191.3 205.1 210.6 213.6 217.4 214.2 209 202.3 196 186.5 179.6 177.7 180.3 177.3 171.4 165.2 154.5 144.5 135.3 125.6 116.5 109.9 109.5 109.5 108.8 106.1 100.2 89.6 80.9 75.7 71.2 61.1 55.1 48.5 46.8 45.5 44.9 44.6 44.6 46.8 46.9 46.9 46.9 46.8 46.8 47.5 47.8 48.4 49 49.6 49.8 50.1 50.4 50.9 51.3 46.7 57.5 62.8 78.4 88.7 92.6 93.1 71.9
397.1 389.7 375 343.8 319 297.6 275.7 258.2 245.9 232.7 221.5 212.5 206.8 200.2 192.9 191.5 183.1 197.9 203.2 206.5 208.8 209.4 204.6 199.8 194.4 190.3 184.5 177.7 171.3 172.6 169.3 164.1 157.5 148.3 140.4 131.7 122.1 115.8 110.5 105.8 102 97.1 92.4 88.7 84.5 80.4 73.1 65.1 55.4 49.5 46.6 45.7 45 43.3 43.8 45.3 46.6 46.9 46.8 46.5 46.5 46.8 47.2 48.3 48.4 48.7 49.2 49.5 49.7 50.2 50.2 45.6 57.4 69.5 86.3 96.5 100.9 101.6 101.4 91.1
385.1 373.9 351.8 326.3 304 282.5 262.5 248.3 236.3 225.7 215.4 205.4 197.3 189.7 180.6 181.2 184.5 195.6 201.5 204 205.4 202.9 196.8 191.3 187.3 183.6 179.2 173.4 167.8 166.5 162.5 159 150.9 141.5 134.2 125.8 117.3 113.5 105.5 100.1 97.1 92.6 85.3 84.9 82.2 77.3 68.9 59.2 47.5 46.6 46.4 45.3 44.7 44.7 45.3 45.5 46 46.5 46.2 46.1 46.2 46.8 47.5 48.1 48.3 48.5 48.8 49.1 49.4 49.5 45.7 61.1 78.7 89.6 99.8 105.8 108.7 110.5 111.9 109.7
370.8 362.3 343.6 315 289.4 268.1 253.8 239.6 228.9 219.5 210.1 200.3 191.1 177.8 160.3 185.5 187.6 192.4 196.9 200.6 201.8 196.4 190 184.7 180.9 178.5 173.5 167.9 159.8 160.1 156 151.6 142.2 133.9 126 117.6 114 110.3 102.3 97.2 92.9 87.9 81.9 79.9 78.4 70.8 58.6 53 50.2 46.4 45 44.3 45.1 45.7 46.3 46.6 47.3 46.8 46.6 46.8 46.9 47.1 47.5 47.5 48 48.3 48.5 49 44.7 57.4 63.6 83.2 91.4 101.4 106.9 112.6 114.9 118.1 121.4 122.7
355.9 348.5 330.8 303.5 277.8 257.4 244.7 232.6 222.4 213.3 204 195.1 184.7 172.5 162 180.5 180.9 186 193.2 196.9 195.3 190.4 184.6 179.6 173.8 170.8 165.7 161.8 158.6 152.8 143.7 140.9 129.6 122.7 116 111 106.8 103.2 98.9 94.6 90 84.9 79.7 71.4 59.9 51.6 45.5 45.8 45.9 45.6 46.4 46.2 45.9 45.9 46 46.6 47.4 47.2 47 46.8 46.9 47.2 47.6 48.4 43.3 43.7 48.6 58.2 63.1 74 86.4 97.7 103.5 109.2 114.8 118.8 121.8 125.6 128.8 129.1
343.9 337.3 321 289.4 268.3 250 237.6 226.3 214.3 205.9 197.4 187.8 177.3 167.9 154.5 168.7 181.3 186.3 191 191.6 187.3 184 178.3 172.7 166.8 162.5 158.4 156.2 153.8 150.6 130.9 126.8 122.6 116.4 111.3 106.5 101.2 97.4 93.7 89.4 85.2 80.2 73.8 62.4 48.1 45.3 46 45.8 45.8 45.9 45.7 45.7 45.5 45.5 45.8 47.9 46.4 47.1 47.1 47 47.3 46.1 45 50.8 56.4 56.8 63.7 81.2 87.9 93.2 97.9 103.2 109.2 115.4 121 125.6 129.8 132.4 134.3 134.6
331.4 326.6 312.2 276.1 258.7 245.2 234.8 222.5 209.8 199.6 190.4 179.9 167.4 161.6 164.1 172.9 181.2 185.3 187.5 184.9 180.1 176.2 171.7 165.7 159.6 155.9 152.6 150 145.9 140.5 129.8 116.2 113.5 110.2 105.9 101.7 97.3 92.7 88.6 82.9 79.6 75 66.9 53 44.1 48.5 45.8 44.9 38.9 46 46.6 45.3 39.7 45.6 45.9 49.2 45.6 46.1 47.5 46.7 42.9 49.1 55.4 59.1 66.4 73.3 81.8 88.5 92.9 97.8 102.7 108.4 114.3 120.7 126.8 131.6 135.2 137.5 139.2 139.6
317.4 314.7 299.6 272.5 254.1 243.1 229.2 216.2 204.2 192.5 181.6 171.7 163.5 152 160.7 172 179.7 182.4 181 177.5 173.1 167.3 163.1 158.4 152.2 149 146.4 142.3 136.6 129.8 122 115.4 98.7 102.7 100 96.1 91.7 87.2 82.2 76.1 71.9 66.5 58.6 42.9 45.9 48.2 42.2 43.8 47 47.4 47.4 47.5 47.3 42.3 40.5 48.5 46.2 46.6 46.6 42.1 52.1 55.4 61.5 65.8 71.5 77.1 86.2 94.1 97.7 102.4 107.3 113.4 119.4 125.5 131.6 136.6 140.3 142.5 144 145.8
305.4 301.7 286.3 259.4 245.4 236.8 222.9 207.4 193.8 184 175 163.8 153.3 139.1 160.7 167.6 173.9 174.5 173.3 172.1 166.8 158.2 154.2 150.5 145.2 140.6 137.4 132.6 126.6 120.2 114.7 108.7 98.6 94.6 93.5 89.9 85.7 81.1 74.4 67.7 63.5 57.5 45 42.1 45.9 45.5 39.2 45.2 47.7 47.6 47.2 47.1 47.7 48.5 49.8 46.8 41.5 41.9 52.2 53.6 49.7 58 63.9 68.8 75.3 82.4 95.7 99.3 103.2 107.3 113 120.6 125.6 131.5 137.5 142.3 145.2 148.2 150.5 152.2
294.1 292.2 282 258.4 242.7 226.6 210 198.9 188.8 179.8 170.8 159 146 129.3 155.8 159.6 164.5 166.3 166.9 168.2 158.8 149.1 145.2 141.6 136.8 130.6 126.5 121.3 116 110.3 105.4 99.8 95.2 88.7 81.1 82 79.1 74.7 66.5 59.2 50.6 44.5 42.7 43.3 46.3 42.3 42.1 43.2 47.1 47.4 46.9 46.5 47.8 49.3 49.9 49.9 51.6 52.4 53.1 58.8 59.9 61.6 66.5 74.5 83.5 86.8 96.3 99.4 103.6 110.3 117.6 124.1 129.2 135.1 141.8 147 150.6 154.2 156.4 157.3
284.2 285.1 282.7 264.3 244.4 227.4 210 195.8 185.4 175.1 165.7 154.3 139.6 114.8 147.9 150.9 156.9 160.6 160.6 156.3 146.3 140.4 137 133.2 127.9 122.3 115.7 109.9 105.4 100.5 96.4 92.8 88.4 84.2 74.6 69.4 72.1 66.5 56.3 45.4 43.6 42.3 46.1 46.7 45.7 38.4 41.6 43.2 45 44.2 46.1 46.3 47.3 48.8 50.4 51.9 51.7 53.1 55.1 58.4 62 64.6 69.2 82.5 84.1 88 100.8 102.3 103.9 113.1 121.7 126.9 131.5 138.4 145.2 151 155.2 158.4 160.9 162.7
278.9 284 286.6 278.1 255.5 232.6 211 197.3 181.3 168 159.5 148.1 123.5 105.4 124.7 140.1 145.8 149.3 147.6 140.5 133.5 131.1 128.9 123.7 118.3 112.3 105.6 99.5 95.2 91.1 88.6 85.1 81.3 77.6 73.3 65.5 53.4 53.3 46.2 41.6 41.5 44.6 47 46.2 44.6 38.1 41.3 42.7 43 43.7 46.4 46.2 48.8 49 49.7 50.6 51.1 53.5 56.4 61.3 65.6 69.4 74.1 79.6 85.7 91 98.3 103.1 105.7 116.3 123 128.4 134.6 141.4 147.2 152 156.2 160.6 163.6 166.6
274.1 284.3 292 282.4 266.5 237.5 214.3 200.4 184.7 169 156.8 145 131.5 96.1 114.6 128.3 132.3 133.3 131.4 126.6 121.1 119.1 117.2 113.2 107.2 100.9 95.3 91 86.8 83.7 80.7 77.6 73.6 69.7 64.9 59.4 50.2 44.9 41.8 39.5 41 45.7 47.6 44.9 36.8 40.8 41.5 41.7 43.6 44.7 47.2 48.2 47.9 49.3 50.3 50.9 51.4 52.4 57.4 63.3 69.5 75 79 84.5 90.2 96.2 101.8 106 111.5 117 123.1 129.6 135.7 141.3 146.6 152.3 157.1 161.6 165 168.1
270.7 283 291.9 284.4 270 243 219.5 203.2 186.2 169.5 154 138.4 124.2 86 109.5 120.5 120.7 119.9 116.6 112.1 108.2 106.5 104.1 102.5 96.3 91.3 87.3 83 79.2 76.6 73.5 69.8 65 60.7 56.1 47.9 41.5 40.7 39.4 38.5 43.2 45.8 45.2 38.2 40.1 40 40.6 41.5 45.1 46.7 47.4 48.4 48.8 50 51.3 51.9 52.2 52.9 56.5 63.3 71 70.5 71.7 74.8 85.3 94.1 100.7 105 110.4 117.1 122.2 128.7 134.7 141.2 147.2 152.7 157.8 161.8 165.7 169.1
266.9 275.9 280.7 276.9 268.5 249.5 225.1 205.2 185.6 169.9 152.5 131.3 103.8 80.9 99.8 107 111.9 109.3 105.3 101.9 98.4 96 95.4 94 87.6 83.3 79.5 74.9 71.7 68.9 64.2 60.2 55 49.9 40.4 38.9 38.4 37.9 38.2 38.3 43.9 44.7 39.7 39.4 39.6 40 43.7 45.1 43.2 46.3 48.1 48.8 50.5 50.8 51.7 53.8 54.3 53.2 56.5 60.9 66.5 69.3 71.7 77.2 77.2 84 94.7 103.7 112.5 120.4 127.1 131.9 138 143.6 149.1 154.7 159.2 163.3 167 170.5
260.1 263.9 265.8 263.6 259.5 247.1 227 209.9 195.4 178.2 157.7 136.2 108.8 78.9 79.9 85.4 96.9 100.3 95.8 91.9 89 89.2 89.1 83 79.7 74.6 70.2 66.2 63.9 56.7 51.6 46.9 42.1 38.3 37.6 37.7 37.6 37.4 37.8 42.9 44.1 40.7 39 39.6 40.1 44 43.8 41.2 42.6 47.2 48.7 49.6 51.8 52.6 53.3 54.1 56.9 57.9 59.1 65.4 77.5 80.8 82.7 89.3 92.6 82.5 98.7 105.3 113.4 121.1 128.4 134.8 140.1 145 150.6 156.4 160.1 164.7 168.6 173.5
244.4 249.8 250.7 248.8 245.9 239.2 227.7 214.1 202.9 185.2 160.7 136.2 118.3 99.9 73 66.6 78.8 85.9 84.7 81.5 80.7 81.7 76.4 70.9 66.1 61.5 58.1 55 48.8 42.9 42 39 37.3 37 36.9 37.2 37.3 37.6 40.2 42.6 40.8 35.3 38.6 42.9 43 39.4 39.6 42.4 45.3 47.3 49.1 50.8 52 53.5 54.9 54.9 57.1 61.3 66.4 77.1 80.7 81.7 88.3 93.5 99.5 102 97 109.4 115.6 122.1 130.8 137.7 142.9 147.5 151.6 157.2 160.4 164.5 169.4 175.1
233.5 238.5 237.9 239.4 237.7 235.2 228 215.6 203.9 182.4 159.3 137.1 125 113.2 95.7 64.7 63 71.9 74.8 72.8 71.2 69.5 62.5 52.3 40.4 42.9 38.4 38.4 38.1 37.7 37.7 36.5 36.4 36.8 37.3 37.7 37.4 37.7 38.8 39.6 35.1 40.8 42.9 37.3 38.5 38.6 41 44.2 45.4 47.2 49.2 51.4 53.3 54.8 56.4 57.5 57.8 63.2 78.5 86.1 81.9 82.2 90.7 102.9 106.6 108.5 105.8 103 116.1 124.6 132 138.7 144.8 149.8 153.3 156.9 162.8 169.5 172 172.4
222.1 228 230.6 233.1 232.8 230.8 222.8 209.6 195.6 176.8 156.6 138.3 126 112.6 97.6 83.9 58.6 62.1 65.5 63.4 58.4 52 45.9 40 36.8 35.3 35.7 35.8 36 36.1 36.1 36 36.1 36.4 36.5 37 36.5 37.5 38.9 39.5 42.5 40.5 38.6 38.7 38.5 39.2 42.8 44.1 45.5 47.2 49.1 51.3 53.8 55.7 57 60.5 61.3 61.2 67.5 86.5 94.5 99.4 102.3 108.3 111.1 112.9 112.6 115.4 107.5 124.6 131.5 138.3 144.6 148.6 151.3 154.6 162.8 173.4 179.5 184.4
211 220 224.8 227.8 227.4 221.8 211.3 199.7 185.7 168.4 151 135.7 120.2 102.8 88.9 78.7 67.6 58 58.3 53.6 46.3 41.6 37.5 35.6 34.9 34.5 34.7 35.3 35.4 35.6 35.6 35.5 35.7 36 36.3 35.8 36.4 37.9 41.3 40.8 37.9 38.4 39.2 39.1 38.8 40.1 42.5 44.1 46 47.6 49.8 52.8 55 63.1 71.9 70.8 71.2 66.6 64.1 67.5 96.8 102.5 106 110 113.2 115.9 118.6 121.4 124.4 125.5 123.7 128.6 137.6 146.8 154.1 158.3 163.9 177 182.7 187.6
202.5 209.7 215 217.2 215.6 208.2 197.8 188.1 174.8 158.4 142.1 124.6 107 92.7 85.5 74.9 62.6 53.5 44.7 43.7 41.5 38.6 36.7 35 34.3 34.1 34.4 34.5 34.9 35.1 35 35.2 35.6 35.8 34.9 36.3 39 40.8 38 37.5 38.3 38.2 39.1 41.7 43 41.6 42.8 48.9 52.5 53.5 59.7 64.7 73.9 75.7 77.4 80.1 84.6 82.7 70.8 67 88.8 102.1 106.4 110.9 114.6 117.8 120.5 123.3 126.6 131 137 143 148.1 153.6 157.6 168 172.2 177.9 184.1 189
193.5 200.5 205.2 203.7 200.3 192.2 182.6 172.4 162.2 148.3 131.1 113.7 101.4 92.6 80.7 68.7 56.7 47.1 43.1 42.5 40.6 37.8 36.1 34.5 33.7 33.7 34 34.2 34.3 34.5 34.5 35.2 35.8 35.5 35.9 40.3 37.3 37.2 37.2 33.1 39.5 38.6 39.6 42.2 46.3 49.9 47.7 52.2 54.7 64.8 69.2 75.4 77.6 80.8 84.7 87.9 93.5 95.4 87.5 69.3 75.4 87.5 95.9 108.8 115.4 118.9 122 125.1 128.9 133.1 139.1 144.9 150 157.3 169.1 168.6 174.9 181.4 187.4 192.8
181.7 187.5 192.1 188.5 183.4 175.6 167.5 159.2 147.6 134.8 119.6 109.1 97.3 85.3 70.8 59.1 50.1 41.3 40.8 39.9 38.8 37 35.2 34 33.1 33.3 33.6 33.9 34 34.1 34.9 35.6 35.3 39.9 38.8 35.4 35.9 36.1 33 38 41 42.9 41.5 43.6 47.3 48.4 53.6 61.3 70.4 76.7 79.5 82.4 84.4 88.6 91 94 96.8 100.6 99.7 90.3 84.8 80.8 75.5 91.9 112.3 118.7 122.2 125.8 128.4 134.5 139.3 144.4 148.9 163.4 171 169.4 174 181.5 188.1 194.7
170.4 174.5 177.3 175.1 169.3 159.9 153.3 145 136 126.7 114.9 101.8 87.8 75.1 62.3 51.2 41.4 38.1 38.4 38.5 37.4 35.7 34.5 33.4 32.7 32.9 33.2 33.5 33.7 35.2 35.4 38 39.6 35.2 34.9 35.1 36.5 35.8 38 38.8 41.9 41.3 43.2 46.2 49.8 56.4 62.4 69.3 79 84.3 87.4 89.5 92 96.6 99.5 101.7 104.3 106.5 108.1 108.8 107.7 102.5 94.5 80.4 95.6 110.8 121.3 124.5 121.8 131.7 139.2 143.8 148.2 164.6 172.6 170.2 173.5 180.4 186.7 194
159.2 161.9 164.2 161.3 154.1 146.5 143.4 135.3 127 114.8 100.9 86 75.2 63.1 51.8 42.3 37.2 36.9 37 36.8 36.1 34.9 33.6 32.8 32.5 33.1 33.2 33.4 33.7 34.7 38.3 35.4 34.8 34.6 34.5 35 36.2 33 38.2 38.7 40.9 41.9 44.5 47.6 57.4 68.4 68.9 80.4 86.6 91.4 94.8 99.6 104.5 110.4 111.5 111.4 114.8 119.4 119.2 119.8 117.9 114.5 109.8 98.4 82.4 92.4 106.7 114.9 112.9 121.6 136.7 144.2 150 165.6 171.7 169.6 171.2 177.5 186.8 195.1
149.8 151.6 151.9 149.5 143.4 139.4 128.6 121 110.8 96.4 84.3 73.6 61.4 48 40.6 35.8 36.4 36.4 35.3 35.1 35 33.8 32.7 32.7 32.4 33 33.4 33.6 37.2 36.1 34.4 34.1 34.3 34.1 33.9 34.5 35.5 34.9 37.6 38.7 40.4 43.5 50.4 59.5 69.5 76.3 80.5 89.8 96.4 101.3 107.1 109.9 121.5 126.4 127.1 127.4 134.5 138.2 138.1 133.6 128.7 127 124.4 115.3 100.5 88.2 89.6 91.5 100.3 112.7 125.7 138.8 142.9 157.1 158.8 158.1 167 177.8 187.2 194.5
