UK/data/nh/nh13_OST50GRID_20230518/NH13.asc
ncols 200
nrows 200
xllcorner 210000
yllcorner 830000
cellsize 50
[rows 102 to 135 of 200, columns 77 to 153 of 200]
1097.8 1093.6 1063.5 1034.9 1012.8 995 997.9 989.8 953.3 945.2 925.3 910 879.4 859.8 849.1 842.2 827.4 808.1 789.5 774 744.9 722 713.6 700.2 684.5 674.6 669.7 670.2 670.6 687.1 711.1 746.2 794.9 836.9 882 916.3 957.6 997.6 1043.6 1064.8 1071.9 1075.5 1079 1081.1 1078.9 1055.1 1004.2 963.5 939.7 924 917.3 915.4 916.6 909.9 901.2 896.7 884.2 866.9 854.3 846 833.3 813.5 789.9 774.6 761.7 753.3 750.8 746.6 744.4 745 735.5 729.2 723.5 712.9 714.9 732.7 738.2
1114.1 1114.6 1093.3 1060.8 1035 1019.2 1025.1 1036.7 1015.3 1012.3 989.2 963.1 933.9 913.7 898.1 893.1 876.6 854.7 832.2 814.8 783.8 751 731.5 708.9 694.1 682.9 679.9 680 684.3 701 727.2 763.4 814.4 853.3 895.6 929.6 974.2 1010.9 1035.7 1048.4 1054.5 1059 1063.9 1068.3 1071.1 1063.8 1008.3 960.8 920 897.8 882.1 878.3 880.9 880.4 879 878.1 873.6 870.7 863.8 858.1 845.9 827 811.4 801.9 783.1 770.1 767.7 764.5 766.3 768.5 761.6 758.5 746.2 736.8 737.9 746.5 754.3
1121.8 1122.4 1122.8 1091.5 1063.1 1051 1059.7 1066.6 1060.8 1054.5 1032.7 1018.3 1003.9 978.4 941.3 939.8 934.8 919 889.7 861.6 831.7 792.7 760 730.1 708.8 695.8 692.5 692.3 700.4 726.9 743.9 784.1 829.9 875.7 918.4 952 988.2 1013.7 1023.4 1031.4 1037.1 1042.5 1047.8 1053.7 1060.2 1061.9 1020.4 965.2 931.1 902.8 885.6 871 852.6 848 846.4 848 851.2 850.2 845.9 844.8 839.1 830.7 821.1 806.6 795.6 788.2 782.7 785.6 791 790.8 791.2 791.5 776.6 765 762.6 773.4 783.1
1111.5 1111 1109.3 1104.9 1100.1 1092.9 1074.8 1041.6 1022.6 1016.2 1009.2 999.4 996.5 988.7 978.3 974.5 973.3 961.4 938.3 908.6 885.8 834.8 786.6 753.9 730.4 722.2 720.8 715.4 727.8 743.3 755.1 791.9 837.7 890.1 928.8 962.4 990.9 1000.2 1007.1 1012.8 1018.6 1024.8 1032.5 1040.1 1048 1051.7 1042.5 996.4 953.2 918.3 902.9 874.2 843 831.2 824.9 822.6 820.7 825.6 828.9 827.5 823.5 818.9 812.6 805.8 803 795.2 793 796.5 803.2 808.4 813.5 808.5 797.3 792.6 791.8 796.4 797.3
1090.1 1090.4 1090.1 1090.7 1091.3 1089.4 1062.6 1026.9 999.4 985.7 976.1 965.3 957 958 962.6 965.9 964.9 959.7 952.1 944 927.7 903.1 860.9 804.8 764 751.6 746.1 742.1 746.4 753.6 771.5 811.2 847.5 901.2 935.9 963.3 973.8 982 989.4 995.8 1002.4 1009.1 1018.9 1028.6 1036.2 1040.1 1020.5 979.5 946.4 923.5 895.7 875.5 849.2 832.7 815 807.3 803.9 803.9 805.8 809.4 808 805.7 803.9 799 797.2 795.9 798.2 801.9 806.3 812.5 819.2 823.6 824 826.2 827.6 820.4 808.8
1065.5 1067.8 1070.3 1073.6 1075.3 1073.9 1061 1025.2 995.7 972.9 960 947.2 941.2 933.6 935 934.5 938.6 937.9 932.9 925.7 918.2 911.6 901.2 857.7 813 789.2 779.7 772.7 769.5 777.9 800 826.6 857.9 902.7 933.6 948.2 957.5 965.3 972.1 979.2 987 993.9 1007.6 1020.6 1029.7 1034.7 1019.5 992.9 969.1 946.5 926.9 905 875.2 854.9 826.5 805.6 791.1 785.9 785.6 790 794.3 795.9 795.2 795.4 792.8 792.6 793.8 796.2 798.7 805.1 813.7 823.4 833 839.4 841.5 837 826.5
1041.2 1046.2 1049.7 1053.7 1058.1 1057.4 1050 1019.7 985.5 964.3 949.5 938.3 928 922.1 917.8 909 911.8 913.1 912.2 907.9 904.2 899.8 889.6 876.2 854.5 830.9 808.6 802.2 803 808 823.8 847.5 870.5 898.9 920 930.3 939.1 947.8 954.5 961.9 971.5 985.7 1001.2 1018 1027.7 1032.1 998 975 958.9 936 924.1 913.7 892.6 870.2 850.4 823.6 796.8 783.2 772.6 770.2 779.2 783.7 784.6 784.8 785.2 786.9 788.7 791.6 794.5 798.7 806.4 813.3 824 840.1 847 847.2 843.6
1015.7 1023.6 1029.4 1032.7 1037 1038.1 1033.1 1017.8 980 957.3 938 925 919.2 911.9 901.2 894.6 892.8 887.1 886.1 889.1 888.7 888 881.9 878.9 869.6 849.5 827.2 823.3 825 829.5 837.6 850.9 873.3 890.3 900.8 912.3 921.9 929.3 935.2 946.4 967.2 984.8 1003.5 1019.9 1033.5 1031.3 991.6 962.5 932.5 913.4 908.3 905.2 898.3 880.4 857.1 835 807.3 787.1 769.8 765 765 768 768.5 772.6 775.3 779.1 783.2 786.2 788.6 791.9 796.2 805.2 817.3 830.7 840.6 845.9 850.1
995.6 1001.8 1007.1 1012.4 1017.1 1019.2 1016.7 1007.8 983.4 950.6 926.9 901.8 896.6 892.2 883.3 876.7 871.8 867.5 862.9 868.3 874.9 875.5 878 876 867.3 854 836.1 826.8 825.3 831.4 838.9 846.9 862.2 871.7 884.4 894.1 899.8 908.2 931.1 953.1 975 993.6 1010.8 1028.2 1043.5 1025.9 993.1 963.2 932.4 912.1 896.7 888.7 882.9 869.1 854.3 848.2 828.9 810.5 793.3 782.4 770.4 769.3 761.4 760.4 764.8 771.7 776.6 779.2 780.8 781.1 784.6 791.8 798.7 811.1 822 833.8 844
979.9 981.6 985.7 992.5 997.1 1000.7 999.5 993.4 983.5 943.5 910.3 891.5 881.5 880.3 868.4 862.4 856.1 847 846.5 854.8 860.9 864.9 867.8 865.4 856.5 843.8 828.6 822.1 819.7 823.3 828.3 834.4 845.7 856.2 867.9 874.5 897.3 918.1 941.8 963.6 986.9 1005.7 1023.9 1042.1 1056.8 1027.5 1002.4 973.3 942.7 920.8 901.3 881 866.2 845.4 839.5 847.5 848.3 834.7 815.6 794.6 768.5 759.5 751.6 751.1 757.3 767.3 771 774.2 774.5 774.8 773.7 779 781.8 786.4 796 812.1 829.2
968.4 966.1 968.3 974.6 979.6 982.8 982.8 978.6 971.8 938.3 902.8 887.8 874.9 871.1 864.5 855.4 848.5 842.5 845.3 847.4 846.2 854.1 857.7 854.6 848.8 833.8 815.8 808.6 808.4 810.4 814 823.1 836.6 844.8 864 885.8 909 924.6 947.9 972.5 993.4 1015.1 1034 1053.4 1070.3 1036.3 1019.3 976.8 941 920.9 901.4 872.4 847.3 823.5 817.6 814.7 821.9 809.8 792.6 780 760.1 750.3 750.3 750.3 756.5 765.3 767.3 768.6 772.5 769.9 767.6 768 769.2 769.5 773.9 786 805
959 953.9 950.1 954.9 961.9 965.3 966 964.8 960.5 948.7 918.2 891.7 870.6 857.9 854.8 849.2 842.4 837.4 834.9 833.3 835 843.1 847.9 846.2 836.6 817.6 803.1 796.4 796.7 801.3 811.4 824.2 836.6 853.3 871.6 891.6 909.6 930.9 954.1 975 996 1019.2 1038 1055.4 1072.9 1063.9 1030.7 994.3 951.8 917.9 890.4 856.9 832.5 809.5 789.2 779.3 782.9 784.7 762 752.1 750.3 750.3 750.3 750.3 753.9 761.8 763.7 764.7 767 764.2 760.9 759.8 759.6 759.5 760 767 780.8
939.6 935.7 930.8 935.1 941.9 947.3 950 950.3 947.3 939.9 918.9 886.6 859.7 842.9 840.1 838.4 833.9 826 822.2 823.5 826.1 832 835.9 834.9 822.8 803.3 790.9 785.1 794.7 805 818.8 833 844.9 867 880.8 896.1 913.2 932.5 956.4 975 995.7 1017.4 1038.2 1055.6 1072.8 1085.2 1064.4 1041 1000.3 920.6 880 852.3 827.4 807.3 783.9 767.2 754.6 750.3 750.3 750.3 750.3 750.3 750.3 750.3 754.4 759.9 762.2 760.3 759.9 756.7 753 751.7 752.7 753 751.6 754.2 761.5
909.9 913 912.4 913.6 919.8 926.8 929.8 931.1 929.3 922 909.7 875.9 852.2 828.9 826.4 826.5 823.3 815.4 807.9 814.1 816.6 817.9 822.5 821.8 805.8 788.8 778.9 785 798.7 812.6 826.6 838.3 854.4 875.8 893.2 908.5 922.5 939.6 959.1 977.5 995.4 1016 1036.2 1054.6 1070.8 1083.8 1090.1 1048.1 972.9 922.6 885.7 858.5 833.5 808 778.1 756.4 750.3 750.3 750.3 750.3 750.3 750.3 750.3 753.8 757.1 758.6 759.2 757.3 753.9 749.6 745.6 745.3 745.3 745.8 743.8 742.5 747.4
881.1 887.3 891.2 891.3 896.2 904.6 908.3 910.4 909.2 903.7 894.4 870.6 840.4 817 814.4 813.4 811.3 804.4 795.9 804.1 806.8 809.5 811.7 809 791.7 776.9 774.2 784.8 803 819.6 831.7 846.5 866.7 888 905.2 919.6 934.1 949.8 967.2 984 1000.5 1018.5 1038.2 1055.2 1069.2 1078.8 1081.7 1028.2 965.2 929.2 911.3 886.7 863.2 848.3 828.7 785.5 750.3 750.3 750.3 750.3 750.3 750.3 750.3 750.4 753.4 753.5 752.6 751.2 748.9 742.8 739.2 737.6 738.4 738.7 734.7 729.4 733.7
853 857.3 864 867.2 871.5 879.4 885.3 889.2 888.1 884.1 878.1 860.4 827.9 810.1 804.4 801.6 797.6 791.5 783.6 793.3 795 796.8 799.4 796.9 783.8 767.7 769.4 785.5 806.3 825 838.2 858.5 878.3 897 913.5 929.1 943 958.8 975.1 991.2 1006.2 1021.5 1038.2 1053.9 1065.9 1072.6 1072.2 1019 979.5 958.7 931.8 902.3 884.6 870.6 848.9 801.1 750.4 750.3 750.3 750.3 750.3 750.3 750.3 752.7 752.6 746.8 746.1 743 740.6 735 731.1 730.5 729.9 732.1 728.9 722.8 725.8
828.8 830.5 834.9 840.4 844.2 849.6 857.6 866.8 865.6 865.4 860.7 850.5 827.6 809.4 795.3 790.6 784.9 778.6 774.8 779.1 779.5 784.1 785.4 784 776.5 760.6 764.6 784.3 806.4 825.5 843.4 865.9 888 907.2 922.7 937.4 951.2 966.1 979.9 994.8 1010.1 1023.1 1037.8 1051.5 1061.7 1066.8 1066.8 1024.8 984.9 962.7 936.4 911.2 894.4 877.8 842 811.8 781.3 750.5 750.3 750.3 751.5 753 756.6 757.4 756 751.9 746.2 731.8 731.8 727.7 723 721.4 721.9 724.9 722.1 717.2 717.9
805.9 806.7 810.7 817.7 816.7 819.7 830.3 843.1 849.5 851 848.5 842.8 832 807.2 792.5 782.6 771.5 766.5 759.1 763.8 765.9 769.6 770.2 769.5 767.2 752 759.9 780.3 802.3 822.2 845 869.5 892.5 910.5 926.5 941 956.1 972.2 986.8 1001.9 1014.9 1025.9 1037.1 1048.2 1054.9 1059.3 1061.2 1052.4 998.1 966.3 947 921.5 901.8 873.3 832.7 806.3 787.2 778.3 775.9 772.8 772 771.7 767.4 763.4 760.8 754.5 746.3 735.4 722.8 720.6 716.2 712.9 713.8 716.6 714.2 710.8 708.1
789.5 788.1 789.2 796 798.2 801.7 806.1 823 834.4 838.2 837 833.3 826.7 805 787.3 773.2 755.8 751 742.9 746 748.8 752.3 756.1 756.7 757.2 739.4 754.8 771.6 794.5 818.8 844.7 870 893.7 913.7 931.1 945.8 962 978.6 993.1 1006.6 1017.9 1028.5 1036.8 1041.5 1045.1 1046.3 1047.2 1045 1015.6 975.4 944.6 925.4 900 861.8 832.3 817.8 809.6 810.5 807.5 806.6 813.3 798.7 782.5 774.1 763.5 753 742.5 732.8 724.8 714.1 708.9 706.2 705.5 707.3 707.2 702.8 700.7
779.3 773.1 770 774.9 786.1 788.7 784.3 806 818.7 823.9 825.7 824.1 818.2 804.8 778.7 762 749.5 732.5 728.7 729.2 731.5 737.1 742.7 745.6 742.4 736.6 757.5 778.3 802.3 825.8 852.3 877.1 899.8 918.4 934.1 950.6 965.8 982.5 997.5 1010.5 1021.8 1029 1031.8 1031.5 1030.8 1029.4 1028.2 1025.1 1019.3 975.5 948.6 927.8 902.5 878.7 860.2 843.4 838.4 846.4 853.1 847.7 833.3 821.3 804.2 780.6 766.2 762.8 749.8 731.8 719.5 713.1 702.5 697 698 699 699.8 695.1 692.6
763.7 756.5 750.1 754.6 772 769.4 772.7 789.3 801 806.1 812.3 808.6 802 790.3 767.2 750 736.6 725.1 713 712.4 717.1 725 729 729.6 726.5 739.4 760 783.5 808.2 837.7 865 887.3 907.8 924.8 940.4 956.7 973.7 989.5 1005.3 1017.6 1021.9 1021.1 1019 1015.3 1011.9 1008.6 1004.6 998.9 994.1 991.5 976.2 957.4 935.5 911.8 892.6 878.7 876.1 895.2 914.5 916.2 873.2 844.8 809.8 793.8 774.8 768.9 748 727.5 716 706.3 699.5 690.9 689.4 691.4 692.5 687.7 684.4
746.6 738.6 733.4 734.8 750.5 754.2 747 761.4 772.7 780.6 783.7 781.6 776.8 768.7 753.2 737.5 722.3 711.9 701.9 695.9 703.6 707.4 713.4 707 723.4 743.5 768 793 818.5 846.7 872.3 894.7 913.9 930.6 946.8 963.3 980.1 996.7 1009.9 1014 1010.9 1007.3 1002.6 999.6 995.2 987.6 970.4 953.7 952.7 961 964.2 963 959.7 954.6 947.5 942 928.7 939 966.2 961.1 920.3 877.3 810.2 789.9 777.9 759.3 740.3 719.9 705.9 698.9 695 687.6 678.3 682.1 682.8 680.2 674.7
736.3 729.4 720.1 717.4 727.5 729.1 724.4 729.4 739 749 752.2 753.9 751.5 744.9 732.4 716.7 704.8 696.2 685.3 682.5 692.2 697.4 696 714 732 754.8 777.4 799.2 828.8 855.1 879.5 899.1 918.3 936.1 952.1 967.4 982.1 997.9 1008.1 1008.6 1002.7 995.7 989.3 980.9 969.2 951.4 934.2 924.5 917.2 916.7 923.3 936.9 939.9 941.1 940.4 942.3 946.7 954.7 958.2 953.9 937.4 884.6 815.7 793.8 774.7 755.1 735.5 712.8 697.2 690.7 684.6 678.1 675.1 670 672 671.8 667.2
728.6 720.7 713.1 706.3 702.4 705.1 703.8 699.6 708.3 716 720 724.2 718.8 712.5 705.5 694.2 688 679.2 668.5 677.3 684 686.7 706.9 726.8 745.3 764.6 787.5 811.8 839.7 863.9 884.6 903.9 922.2 943.1 956.4 967.1 982.3 1000.1 1011.5 1010.3 997.1 984.5 974.5 963.9 950.1 928.9 913 904.7 890.8 880.3 882.3 897.6 912.3 917.1 919.4 921.6 924.8 934.7 939.3 938.4 917.8 867.7 820.7 793.5 776.5 752.2 727.9 706.9 689 680.1 675.4 669.7 667 660.5 663.6 663.5 658
715 709.2 701.7 693.2 684.2 679 679.5 673.6 676.3 680.9 684.5 686.4 683.2 682.8 679.6 676.2 671.5 660.1 659.6 663.5 680.7 701.3 721.5 739.6 757.2 775.7 800 824.3 847.9 870.7 889.9 907.5 925.8 943.3 956.6 968.9 983.6 1000 1009.6 1000.4 984.6 973.1 960.4 945.8 929.6 909.5 894.7 878.8 868.6 854.9 854.2 862 879.5 887.9 892.9 897.6 902.9 907.9 911.1 916 915.6 867.6 831.3 791.5 774.7 751.2 728.5 701.3 684.1 674 669.1 661.4 658.7 653.7 654.4 653.7 650.7
699 692 684.7 676.3 667.7 657.5 654.6 651.9 648.9 649.1 652.8 660.9 663.2 661.7 660.8 659.9 653.3 641.2 657.5 672.8 692.7 714.4 733 747.8 768.6 792.6 814.5 836.4 856.6 876.4 894.2 910.8 928.5 943.9 958.3 971.8 986.3 1000.9 999.9 988.5 973.7 959.9 946.4 929.2 897.5 886 860.2 842.6 839.4 827.5 823.9 833.4 849.9 864.4 871 878.3 884.1 888.4 889.7 890.6 890.3 881 843.7 815.6 771.2 752.8 730.5 706.4 684 670.2 661.1 656.9 655 647 645 644.7 643.3
677.4 670.3 663.3 655.8 648.9 632.6 631 629.1 624.9 622.7 630.8 638.2 644.2 646 645.9 644.4 636.6 642.6 658.5 682.9 705.8 726.1 744.2 763 788.6 810.8 830.2 848.3 866.7 884.7 901.3 916.8 933.6 948.4 963.5 975.1 986.5 994.1 989.8 977.7 960 937.4 914 896.7 869.6 850.4 836.3 829 815 803.9 803.1 814.4 829.1 841.4 852.7 861.2 867.3 870.1 872.5 873.8 873.9 869.4 837.8 805.8 775.1 757.8 734.3 705.6 684.2 667.3 660.6 656.8 649.9 642.3 636.5 637.2 637.1
654.1 648.9 646.1 636.5 630.1 618.4 610.7 606 603.1 603.6 610.8 617.8 620.4 625.4 627.4 625.8 621.9 645.5 668.5 693.1 716 736.3 758 779.1 802 822.1 840.6 858.1 876.3 892.8 908.2 925 940.8 954.9 968 980.8 990.5 992.8 979 955.6 927.9 909 894.2 869 843 820 809.7 797.3 792.5 782.1 786.8 801.4 814.2 822.8 834.5 844.6 850.4 854.8 856.8 858.2 859 855.9 841 809.7 782.1 755.9 733.4 709.2 683.2 667 658.9 653.4 648.5 641.1 632.5 630.1 626.4
627.3 625.3 622 618.3 612.5 603 590.6 585 583.4 587.1 592.2 594.3 595.8 604.2 609.8 610.5 629.2 655.1 676.7 700.3 722.7 743.3 765.5 787.6 809.7 829.1 848.5 865.4 881.9 897.9 912.6 930 945.8 960 974.9 989.5 1001.8 996.8 962.2 920.9 890.1 878.7 863.9 840.3 813.4 792.9 778.1 772.8 771.1 765.6 772.9 789.3 798.8 806.7 816.2 827.2 832.9 838.1 841.1 842.5 844.9 845.7 840.2 820.2 792.1 766.8 739 712.9 689.9 671.6 657.6 653.4 647.8 637.2 630 619.5 618.1
608 602.2 602.2 601.9 598.6 588.2 577.2 569.7 568.4 571.2 573.4 577.5 583.2 592.4 594.1 611.5 637.8 662.1 684.1 705.9 727.4 749.8 771.1 794.5 814.6 835 853.4 870.2 886.3 901 915.6 931.1 947.2 963.7 979 994.3 1006.5 981.5 942.6 905.8 878 852.6 828.4 810 793.1 776.8 766.9 761 754.8 753.5 761 773.9 782.7 792.6 801.2 808.9 814.7 819.6 823.9 826.9 831.3 833.9 831.8 823.8 807.5 782.3 751.1 731.3 710 683.2 667.1 658.1 648.6 636 627.3 616.4 611.7
591.7 583.2 585.7 585.2 583.4 578.6 566.6 559.9 557.6 559.8 563.9 570.9 578.4 585.7 598.8 619.9 642.6 665.7 689 711.2 732.4 753.4 775.4 798.1 817.1 837 855.1 870.9 886.6 901.6 914.6 927.9 942.7 958.4 976.7 993.7 999.3 957.1 919 892.7 863.8 837.5 826.8 801.4 772 763.2 761.2 757.8 750.7 750.6 754.6 763.8 773.1 780.9 786.7 792.9 799.3 803.4 807.6 810.3 816.9 819.9 820.5 816.3 805.8 789.8 766.8 744.5 720.8 690.5 670.7 650.1 641.2 629.2 622 610.1 607.1
576.7 570.2 570.4 572.4 570.1 570.3 558.1 549.3 547.7 556.8 564.6 569.6 577.2 587.7 605.6 623.9 646.5 667.1 692.1 713.4 734.5 753.9 775.1 797.6 816.1 835.2 851.7 867.2 882.5 897.3 909.6 921.6 934 946.6 963.2 979.6 983.3 939.6 902.1 874.1 845.2 821.4 798.6 779.3 766.5 758 756.6 751.4 748 747.4 750.4 755.9 762.3 768.9 774.1 778.3 783.5 786.9 790.6 795.5 801.2 804.6 806 802.5 795.9 782.5 762.3 739.1 704.6 671.1 646.7 634.9 625.3 612.4 609.3 603.5 602.7
564.9 562.7 559.7 559.8 562.1 562.6 555.3 542.4 551.3 557.7 563.3 569.1 576.9 589.4 605.3 625.8 643.9 664.9 690.4 713.1 731.8 751 771.9 794.3 811.5 828.8 845.3 860.2 876.1 888.6 901.9 913.6 926.2 937.7 950.2 964.1 968.4 925.4 887 855.9 833.7 800.1 776 762.7 750.7 738.8 749.3 753.8 753.4 749 746.6 748.2 751.6 757 760.8 764.3 768 770.9 775.3 779.1 784.5 787.9 789.1 787.5 782.2 772.5 753.6 729.5 690.7 660.9 640.3 626.6 613.3 605.3 602.1 601.8 599
564.3 551.5 550.9 550.8 551.2 557.7 551.3 536.1 554 562 565.3 571.4 578.7 593.7 608.3 622.6 640.5 662.3 686.7 708.3 726 744.6 765.3 785.9 803.5 818.9 834.6 850 864.5 878.1 890.5 904 916.1 928.1 940.3 950.5 949.4 907.3 875.5 842.6 815.6 786.4 758 745.6 737.8 737.8 737.8 752 757 745.5 741.6 736.8 739.8 743.1 748 751.9 754.5 757.3 760.1 764.3 768.9 771.8 773.3 772.7 767.9 760.7 746.5 723.5 689.9 666.6 645.5 629.9 616.3 608 603.4 600.4 595
