WholeMapElevations/data/nh/nh09_OST50GRID_20230518/NH09.asc
ncols 200
nrows 200
xllcorner 200000
yllcorner 890000
cellsize 50
[rows 114 to 151 of 200, columns 85 to 169 of 200]
278.4 283.4 287.2 287.5 286.1 289 290.1 292.1 299.1 308.3 314.2 323.5 344.1 375.4 415.3 457.7 501.8 531.5 558.8 569 575.3 572.6 576.3 597.2 604.7 602.7 597.1 591.9 583.1 569.3 551.5 534.5 518.6 505.1 491.8 478.4 462.7 448.5 435.8 421.9 413.9 407.1 399 393.1 388.4 380.4 374.4 370.5 362.6 356.1 351.1 347 340.5 334.2 327.3 320.7 315.9 318 317.9 317.3 324.4 329 333 345.3 355 370.5 374.7 375.3 374 361.1 347 336.1 324.8 318.1 309.2 301.7 294.9 283.1 274.6 271.9 265.7 262.7 256.1 260.9 256.2
275.6 279.7 283.4 283.2 283 288 292.1 296.8 305 311.8 324.1 339.8 361.9 404.3 428 470.9 507 525.7 536 543.8 545.9 546.6 554.8 568.6 572.5 572.1 566.7 562.9 553.6 540.6 526.5 511.9 497.9 485.3 476.1 463.3 451 436.7 425 417.5 409.1 403.5 397.7 390.6 384.7 381.1 374.9 370.1 364.9 358.4 353.1 348.8 342 333.7 328.6 323.8 318.4 321.1 326 326.8 334.3 336.4 344.9 356.2 366.3 378.1 384.2 385.2 376.5 367.2 354 342.7 328.6 329.7 326.4 309.3 299.8 290.3 278.5 273.9 272.3 271.3 266.5 265.6 260.2
271.9 275.8 278.8 284.3 285.8 288.2 293.7 300.3 304.8 312.2 332.2 355.4 391.1 415 432.7 470 494.3 510.2 516.4 517.7 516.2 519.4 523.1 535.5 538.6 539.9 541.7 537.4 522 505.1 496.2 479.1 474.2 467 457.1 443.8 435.7 427.9 419.3 408.1 403 401 395.7 389.7 384.1 379.7 373.8 369 363.2 358.6 353.2 347.1 339.1 335.2 330.5 325.1 324.8 333.1 334.7 335.7 342.7 348.2 355.6 361.7 363.8 371.3 378.7 380.5 378.3 375.4 364.6 353.4 362.9 351 335.9 321.3 307.7 297.8 291.7 285 275.7 274.7 269.8 267.8 262.4
267.7 275 280.7 283.2 287.3 292.4 295.5 298.1 303.6 318.7 363.7 369.8 394.8 412.1 433.5 451.7 468.9 476.5 484.3 485.2 489.9 489.9 491.1 494.8 498.7 495.9 501.5 495.3 479.6 462.7 455.9 452.1 452.1 448.9 433.2 428.9 421.3 414.1 407.4 401.2 399.6 393.8 390.5 387.8 382.7 378.3 373 366.3 362.9 359 352.6 346.9 341.5 336.5 330.6 328 330.4 337.1 341.2 347.3 351.2 354 359.9 360.9 359.6 368.8 376.8 378.4 385 392.2 387.7 395 379.7 360.3 349.4 334.4 321.2 315.6 309.1 294 284.6 276.4 276.2 271.2 270.9
262.1 275.5 281.6 286.1 292.3 296.6 300.3 299.3 308 322.4 359.6 373.7 391 402.5 410.4 428.8 436.3 441.4 450.9 458.6 463.1 464.5 460.5 459.2 461.6 459.6 456.5 446.7 439.5 425.1 418.6 416.6 417.9 423.3 413.6 407.6 407.1 401.8 399.7 396.3 393.8 390.8 389 385.4 380.2 376.7 371.4 366.1 363 357.6 351.6 347.8 345 338.6 334.1 329.2 340.4 342.7 346.3 348.3 348.3 350.6 351.4 354.3 358.8 376 389.2 396.3 403.3 433.3 425 413.3 396.7 379.9 365.1 346.9 335.7 332.4 323.6 310.3 295.9 281.5 277 279.9 272.5
260.2 270.3 281.6 294.4 295.8 296.5 296.8 298 303.8 320 334.3 365.4 372.9 381.6 390.2 401.3 413 426.2 430.8 431.9 435.7 439.6 437.3 436.2 436.3 435.6 428.1 421.3 411.5 407.2 401.7 400.4 400.1 399 395.8 403.1 399.5 399.3 395 391.9 390.6 388.6 386.8 381.7 377.9 375 371.1 366 360.3 356.5 351.9 348.8 345.6 342.2 335.5 337.9 342.1 343.6 346.7 347.6 349.5 350.3 351.9 354.6 367.8 384.5 402.3 408 428.5 441.5 434.1 420.3 407.9 388.6 373.6 367 359.2 354.3 341.9 324.5 313.2 296.3 286.9 282.1 276.3
259.1 271.3 283.3 289.9 293.7 294 295.8 297 297.9 301.7 322.1 341 348.2 360.5 372.9 381.2 394.2 407.9 417.6 421 429.1 428.6 421.8 422.2 421.5 415 410.2 407.9 404.9 401.7 399.5 399.8 398.4 393.9 388.2 384.7 382.8 383.4 384.4 388.9 388.3 384.1 381.8 379.3 377.3 374.4 368.6 364.1 359.8 358.2 353.2 349.9 346.2 343.4 342.2 344.9 345.6 346.3 347.4 353.7 353.9 358.1 360.6 365.9 377.3 397.7 404.8 413.7 445.5 446.9 438.8 429.2 413.1 409.4 397.8 383.7 376.8 366.6 354.8 340.6 330 320.7 300.2 291.8 283.1
257.2 269.7 276.7 282.1 283.1 287.6 292.2 294.8 296.5 298.2 320.6 332.3 337.6 339.4 348.8 363 382.1 402.5 409 407.2 409 410.8 414.8 412.6 408.6 405.8 401.9 399.3 401.2 404 399.4 398.9 395.6 392 384.4 377.3 380.2 381 381.5 386.7 383.4 380.9 379.5 378 378.6 374.8 371.6 369.2 362.6 360.9 359.6 355.6 348 348 346 348.9 350.4 353.1 358.2 360.2 364.2 365.5 370 381.6 398.3 409.8 422.7 437 453.1 451.1 444.6 437 430.2 417.9 407.4 396.7 386.9 375.4 360.5 344.5 344.4 329.4 316.7 303 298.7
256.8 263.9 265.1 267 271 276.2 283.4 293.4 294 292.2 302.2 315.5 322.3 329.5 335 347.6 366.1 385 388.3 391.7 395.6 398.9 404.4 407.6 403.6 398 391.4 392.1 392.1 397.5 390.8 381.3 386.4 387.2 374.4 374.3 374.3 377 378.3 380.3 379.8 379.5 378.5 381.3 378.8 376.2 374.3 371.4 365.7 363.3 363.3 356.3 355.5 354.9 352.4 352 357.8 362.7 369.1 367.1 373.3 375.7 381.7 401 409.3 423.5 439.1 447.1 450 449.5 453.9 446.5 436.1 426 411.9 399.2 389.8 377.7 362.3 359.7 351.4 340.1 328.7 320.2 318.9
260.2 259.5 261.1 262 262.7 269 275.5 279.9 287.6 287.8 293.1 299.4 308.6 322.3 328.1 332.8 342.5 361.9 365.2 370 372.3 381.9 391.5 392.5 387.9 385.7 380.9 379.3 377.1 377.7 370.7 368.5 369.4 376.8 374.3 374.3 374.3 376.3 376.4 377.3 379.8 379.7 379.6 382 383 379.7 376.3 372.3 366.6 363.8 360 360.4 361.5 360.5 359.4 363.2 368.5 372 373.1 376.7 378.9 381.1 390.9 403.9 420.8 433.2 440.9 441.1 443.8 458.7 454.3 446.8 438.3 422.4 413.7 400.2 389.5 378.5 371.7 363.3 354.5 346 338.9 331 323
255.4 254.3 250.8 256.3 263.9 267.8 269.5 271.6 272.4 282.2 288.2 292.9 301.3 312.6 320.7 327.6 331.7 344.3 357.1 356.1 360.9 370.5 376.3 377.5 374.5 371.9 363.9 355.7 357.3 358.1 365.1 365.7 370 377.5 382.6 384.2 383.4 382.6 382.2 385.9 381 381.2 382.9 388.4 386.5 382.4 380.8 374.4 370.2 366 364.1 368.4 367.1 365.3 368.5 371.6 373.3 373.3 375.7 380.5 384.6 390.4 401.7 412.9 424.1 431.5 439.5 440.2 453.5 460.1 460.7 448.5 437.2 428.1 411.8 398.4 388.9 382.1 374.5 365.3 358.6 348.2 340.3 331.5 325.9
249.1 249.7 249.6 258.5 264.2 265.3 264.7 265.3 267.2 276.2 285.9 287.6 298.3 302.7 310.1 315.3 330 343.6 344.3 344.7 351.9 355.5 358.5 357.9 356.4 355.4 350.6 348.1 353.3 358 360.6 370 374 376.2 382.3 386.6 404.7 405.7 400.5 392.6 385.7 384.2 391.8 394.1 389.9 385.1 382.6 376.3 370.5 366.3 371 372.6 372.2 373.6 375.8 375.6 376.7 378.6 383.4 389.4 393 399.7 409.8 415.4 422.6 428.5 436.3 453.6 462.8 468.6 464.5 454.5 441.2 429.7 419.8 401.9 392.1 383.3 373.8 365.9 358.2 348.3 338.9 331.5 326.5
244.4 248 252 266.5 265.3 262.3 261.9 262.5 267.6 269.3 275.8 283.7 292.4 301.1 305.8 308.2 322.8 331.6 330.9 333.3 333.2 333.4 339.4 341.3 344.7 345.5 345.9 350.8 355.7 359.5 360.9 364.4 374.7 370 372.8 390.8 412.7 420.2 412 406 394.5 392.2 399.3 394.5 389.6 385.3 381 377.2 375.2 376.9 375.7 375.2 377.4 383.2 381.6 379.6 381.2 386.2 393.9 401.1 404.3 407.5 412.7 418.4 422.7 432.2 449.9 459.8 463.4 472.5 469 464.6 451 436.5 422 411.2 399.3 387.6 378.3 366.3 356.8 348.7 341.8 334.2 332.2
234.5 246.6 260.4 266.1 264 260.1 259.5 262 262.1 263.6 267.1 278.1 289.2 294.5 294.5 298.6 303.1 310.1 317.3 326.3 324.7 334.6 338.1 343.2 344.3 347.6 352.7 358.2 358.2 359.7 360.4 363.7 367.5 370.3 377.6 396.5 432.9 431.3 423.1 413 405.1 405.6 400.8 396.7 390 386.3 384.1 380.9 380 380.1 381.2 386 387.4 389.9 389.1 387.8 389.6 394.5 400.2 411.2 412.2 415.3 419 422.5 433.6 446.6 452.7 458.4 461.6 469.6 472.6 468.4 459.9 447.9 435.3 417.7 404 392 383.6 369.9 361.1 350 343.9 342.1 337.3
229.6 248.2 264.7 262.4 259.2 259.1 258.3 258.5 259 261.1 264.9 267.4 273.2 277.9 279.8 281.8 291 297.8 302 307.2 310.7 319.1 334.5 339.7 342.6 349.2 357.1 356.4 359.6 361 358.7 361.5 367.7 374.7 384.4 403.6 429.6 437.7 429.3 419.6 412.7 415.7 406.9 400.6 400.2 395.2 388.3 384.1 385.7 387.5 389 391.7 393.9 392.9 391.5 393.4 394.6 400.7 410.4 418.4 421 422 423.4 430.8 440.7 447.5 457.2 461 466.9 475.3 477.1 473.2 466.3 458.1 442.5 426.1 408.2 397.3 383.7 374.9 366.7 357 348.8 346.5 340.3
222.8 254.3 263.1 259.7 258.6 258.8 258.7 256.1 256.4 258.1 259.8 260.4 265.6 260.7 262 268.6 274.4 283.9 290.1 295.6 306.9 318.5 320.6 322.6 332.2 339 348.4 351.2 353.6 357 359.6 368.4 378.9 382.3 391.8 412.6 447 443.1 432.3 425 424.2 419.9 412.7 410.2 406.4 399.6 391.3 391.8 393 398.7 395.7 398.9 397.1 395.7 395.4 400.4 406.8 411.6 419.8 426.2 427.3 427.1 432.2 438.1 445.3 455.2 462.3 471.2 481.9 485.9 483.1 477.7 467.6 459.9 445.1 428.6 414.6 400.1 389.7 381.2 369.8 361.4 355.5 347.9 339.3
224.5 258.7 263.1 258.1 257.5 257.8 259.4 253.6 252.5 254.2 252.9 250.5 248.1 248.1 251 258.5 268.6 275 282.1 288.7 299.6 307.9 312.2 317.7 324.9 340 350.3 354.2 356.7 364.5 375.3 378.6 383.3 391.7 408.1 422.3 444.3 447.7 436.7 436.2 431.9 426.6 423 418.4 416.3 405.9 401.6 404.2 407.9 405.2 407.2 404.1 398.8 399.4 402.5 409.6 417.5 422 426.8 430.4 432 434.5 449.9 456.3 460.9 466.9 473.3 490.4 494.2 490.7 484.7 477.7 467.9 456.9 443.5 431.6 418.7 407.1 394.4 383.7 372.9 364.1 358.7 349.1 337.3
236.4 254.4 255.1 251.1 252.4 253.5 250.5 248.1 250.7 248.1 248.1 248.1 248.1 248.9 255.2 253.5 257.3 267.8 271.7 281.6 284.1 294.3 302 313.3 331 349.6 356.7 361.9 369.7 382.3 392 393.1 398.8 420.6 427.3 454.4 461.2 453.5 447.6 445.4 440.2 434.8 430.4 426 420.5 414 420.5 419.7 418.7 417.1 412.7 411.2 410.7 413.8 416.3 420.2 424 427.8 432.5 438.3 440.3 459.7 470.4 475.7 481.8 486.3 495.8 499.3 497.9 492 485.7 478.8 469.7 457.4 446.1 433.1 417.8 409 401.5 388.3 378.2 368.6 359.3 350.3 338.8
245.7 247.4 248.1 248.1 248.1 248.1 248.1 248.1 248.1 248.1 248.1 248.1 248.1 257.7 261.5 258.3 258.2 255.8 261.3 273.4 276.8 284.7 294.2 308.1 334.7 354.7 361.2 380.4 394.4 401.2 409.3 424.1 433.7 444.5 459.1 468.2 469.3 464 454.8 453.8 446.5 438.5 435.8 430.5 424 432.9 434.8 430.2 430.9 430.2 426.5 427 434 435.6 431.4 431.3 434.8 436.4 442.1 446.5 455.2 483.7 490 498.5 499.9 504 501.2 496.2 492.5 488.3 484.9 477.1 468.6 458 446.9 435.8 423.5 409.1 399.1 388.9 383.8 370.5 361 348.6 336
250.1 248.1 248.1 248.1 248.1 248.1 248.1 248.1 248.1 248.1 248.1 248.1 248.1 258.6 260.4 256.2 255.7 255.7 257.1 259.9 267.3 276.7 294.9 308 332.5 354.2 377.4 400.3 413.3 421.4 435.7 449.6 465.4 475.4 479.8 479.3 471.1 465.7 464.3 460.4 454.3 449.9 444.6 437.4 438 445.6 447.6 448.7 445.9 446.3 449.5 452.2 451.2 446.4 439.3 442.8 446 452.2 455.9 462.9 482.8 491.8 499.5 502.1 500 494.6 489.4 485 480.1 482 480.7 476.2 469.4 460.8 447.4 434.3 425.7 413.7 399.8 392.1 385.6 374.2 359.6 343.6 331.7
249.7 248.1 251.6 257.1 251.3 248.1 248.1 248.1 248.1 248.1 248.1 248.1 251.3 261.5 259.8 255.7 255.7 255.7 255.7 258 261.1 274.5 294.3 308.6 334.8 367.7 394 419 430.6 445.8 453.8 470 480.4 487.5 482.8 479.8 481 475.7 472.6 468.2 462.6 457.7 448.8 445.4 458.7 461.7 465.7 465.1 464.3 465.6 467.3 467.2 463.5 459.6 458.4 455.8 457.1 470.8 477.6 487.8 493.8 497 499.5 495.7 490.7 484.5 479.8 480 478.6 479 477.8 473.9 466.4 459.1 451.5 436.1 425 415.5 403.4 397.1 386.1 371.7 357.5 343.4 328.6
249.5 251.4 258.1 253.5 248.1 248.1 248.1 248.1 248.1 248.1 248.1 248.1 259.9 264.5 257 255.7 255.7 255.7 255.7 255.7 260.6 276.8 298.8 314.7 345.9 377.8 403.9 432.1 454.3 461.5 473.5 478.7 479.6 478.9 482.6 491.7 497.9 486.7 481.9 479.8 472.9 467.1 457.8 466 476.7 479.6 478.9 479.7 479.6 486.9 487.7 485.3 476.1 471.7 467.7 467.9 475.2 479.4 486.3 492.9 497.1 497.3 493.4 490.6 484.5 479.4 476.5 477.6 478.5 479.6 476.2 468.5 461.7 455.3 445.3 434.2 422.8 413 402.4 393.8 380.1 360 352.1 338.2 325.5
250.2 262.3 262 254.4 248.1 248.1 248.1 248.1 248.1 248.1 253.1 259.3 265 263.9 257.3 255.7 255.7 255.7 255.7 255.7 260.2 278.8 308.4 322.1 348.9 375.3 408.4 443 458.6 465.1 463.3 465.1 468.2 479.4 493.5 502.4 502.7 500.4 496.7 491.5 480.9 471 470.6 485.9 490.1 491.8 487.8 491.3 500.3 506.7 509.9 507.7 503.4 491.5 487.9 484 485.2 485 488 502.7 503.7 497.4 491.1 482.9 477.5 471.2 469.2 466.2 466.2 467.6 467.9 464.4 458 448.9 436.1 427.2 418.2 410.7 398.5 387.7 373.4 357.6 343.9 330.3 320.3
262.6 274.6 270.9 250.9 248.1 248.1 248.1 248.1 251.8 251.1 266 267.2 266.7 264.1 258.2 255.7 255.7 255.7 255.7 255.7 262 275.3 297.3 317.6 336.1 374.9 424 454.2 459 457.8 456.4 459 473.8 481.4 494.9 502.1 501.6 510.3 505.2 496.6 485.3 484.2 494.9 502.2 502.7 503.2 502.1 511.2 514.2 521.5 526.8 528.1 523.8 514.6 508 503.5 496.3 497.9 511 506.5 499.2 491 481.6 473.6 463.2 466 461 457.2 452.2 455.2 454.8 451.8 447 438.5 428.7 420.7 411.5 404.9 392.6 383.4 368.2 354.3 339.1 329.3 318
271.8 272.9 260.8 252.9 248.8 251.4 250.3 253.5 253.8 258.6 266.8 271.3 266.4 262.8 255.7 255.7 255.7 255.7 255.7 255.7 266.4 275.1 295 319.8 358.5 396 420 440.4 447.5 443 445.7 448 464.9 487 498.7 512.5 510.3 515.5 507.6 495.4 488 505.6 513.2 513.7 520.5 521.1 519.3 530.9 536.7 537.6 537 532.3 526.1 518.4 511.9 505.6 501.4 505.8 505.4 498.8 490.7 473.5 461.2 449.9 449.6 449.3 447.9 445 442.8 445.5 443.4 439.4 434.9 429.6 422 413.5 404.6 395 386.5 375.5 364 350.3 338.5 328.6 316.6
274.9 268.9 262.6 257.7 253.8 256.1 266.4 263.4 260.7 266.3 276.5 275.2 274.4 265.4 259.1 261.1 259.4 260.3 263.1 269.4 273.8 282.7 308.7 346.8 370.3 403.1 409 415.9 427.9 429.2 435.1 442.4 470 494.5 498.8 498.2 497.1 500.3 490.5 477.6 487 511.9 519.2 519.8 525.7 524.9 538.1 536.4 530.3 525.8 519.6 518.1 514.5 507.6 499.5 494.1 500.5 501.2 498.4 488.6 470.6 455.2 443 434.8 431.6 434.4 432.3 427 427.1 432.6 431.2 427.9 423.2 416.8 410.3 404 394.4 386.5 380.5 369 356.8 344.1 333.6 326.2 311.4
271.3 273 277 267.2 266.4 280.6 278.1 274.1 277.4 286.4 282.5 285.8 287.3 269.9 264.4 266.4 275.1 273.1 269.8 277.6 292.8 300.6 342.5 379.9 392.3 404 403.4 407.3 417.1 421.6 430.5 456.2 468.3 472.8 474.5 467.4 467.8 468 460.7 457.6 473.9 491.8 497.6 498.6 502.1 518 522.7 515.8 508.9 504.9 499.9 498.5 491.7 485.7 480.1 478.7 480.9 485.6 476.5 463.8 451 436.6 429 418.8 421.9 420.9 416.4 413.3 411.8 416.3 417.1 415.7 412.9 408.3 400.1 391.7 385.2 379.1 369.6 361.9 345.8 335.6 329.4 317.9 309.9
259.9 273.2 278 284.6 309.4 309.7 322.3 321.8 321.1 303.3 297.6 307.3 300.9 290.3 287.1 284.4 277 273.8 281.9 313.7 323.1 360.2 369.6 384.4 388.7 390.2 403 401.5 411.1 416.3 429.5 441.1 444.3 439.1 436.1 435.5 435 429.4 431.2 437.9 451.9 460.7 468.4 477.7 479.5 487.5 494.2 492.2 487.3 482.5 479.5 473.4 464.5 459 453.5 465.8 470.1 466.4 454.8 443.6 430.3 421 414.6 409.8 406 405.5 405.2 402.5 401.8 403 402.5 397.1 400.8 395.1 388.9 383.2 375.5 369.7 362.9 349.4 337.7 328.7 324 316 307.5
250.1 268.5 281.5 304.3 325.1 330.7 337.1 329.4 317 316.4 329.8 326 316.8 316.1 303.8 302.8 293.3 314.9 327.1 344.6 366.7 369.5 370 369.8 384.4 384.1 394.6 395.7 400.9 423.8 430.7 426.7 421 416.8 411.4 411.9 413.1 411.5 405.9 407.5 425.2 433.2 443 450.2 466.5 465.4 465.4 463.5 461 456.9 452.2 445.3 439.4 436.9 428.9 441.7 448.7 448.5 436.9 427.6 418 413 406.5 397.4 395.1 394 390.3 392.4 394 389 382.5 389.8 387.7 384.1 378.6 371.9 366.9 357.6 346.1 331.7 330.4 325.7 322 314.4 306
242.4 260.9 293.2 311.6 317.6 317.7 323.3 324.3 319.6 321.7 328 326.3 327.3 328.4 326.4 323.9 328.3 341.1 351 354.5 366.2 371.6 370.5 372.1 382.8 378.9 382.4 387.1 410 419.2 418.7 415 410.8 405.7 403.5 400.5 397.3 394.1 388.7 392.7 402.8 409.6 414 424.7 442.5 443.4 441.4 436.9 436.7 433.1 429.7 425.5 416.5 410.1 415.8 414.7 422.3 423.9 418.4 414.1 403.4 397.7 390.4 382.3 382.7 382.6 382 378.9 377.5 374.7 370.6 378.7 375.5 369.2 361.9 355.7 350.3 341.3 327.8 326.5 323.6 319.4 314.4 307.9 300.9
239.5 268.5 284.1 292.6 305 309.8 310.7 314.6 317.7 320.9 318 318.7 330.1 345.7 347.3 346.7 340.2 350.7 352.7 360.1 366.6 366.7 380.8 383.1 378.7 373.7 371.4 377.9 395.6 408.8 406.2 401.3 395.3 391.6 387.1 385.7 383.5 376.9 376.7 380.4 384.1 392.5 398.6 402.7 410.6 412.7 412.9 413.1 411.5 402.8 396.7 390.4 389.1 392.8 395.2 394 390.1 400.2 402.8 397.8 391.6 383.6 376 373.7 372.2 371.5 369.5 365.6 361.2 356 351 353 350.2 343.1 333.6 323.5 317 320.7 323.1 322.7 317.5 312.2 307.8 305.2 301.3
230 247.1 266.4 279.6 284.6 296.4 301.3 303.7 308.9 306.3 307.4 319.8 335.1 348 355.3 353.9 350.4 350 350.3 350.9 363.3 376.7 380.9 375.2 374.1 368.8 366.9 377.2 382.4 394 388.5 382.7 381.4 378.2 371.1 365.3 360.3 358.8 365.2 367.1 370.4 378.3 386.5 391.9 391.3 391 389.2 385 380.8 375.5 372.2 364.8 366 371.9 374.6 370.7 366.9 375.5 381.9 383.9 377.9 369.1 362 362.6 361.4 357.5 349.5 348.1 345.4 340.9 332.7 327.3 320.4 320.4 319.7 313.3 305.9 312.6 318.3 316.9 318.7 314.3 311.6 310.6 308.1
217.5 226.5 238.5 252.7 260.9 274.6 281.3 279.9 285.4 289.3 301.4 315.9 325.4 337.1 343.6 345.6 346.9 352.1 358.5 358.3 362.6 366.5 363.6 359.9 358.7 357.4 364.5 370.6 373.9 373.8 371 370.7 369 362 355.8 350.6 349.3 352.9 353.8 354.9 351.1 361.7 368.5 377.6 377.2 376.9 372.6 365.8 361.9 354.6 346.4 338.9 340.1 348.2 354.3 356.4 354.2 362.3 364.8 367.2 363.2 359.3 351.6 352.6 349.5 340.4 331.5 331.4 325.9 322.5 317.3 313.6 313.2 310.9 305.6 301.7 300.1 309.7 307.4 304.8 308.7 311.4 309 307.8 303
192.8 206.8 217 219.8 237.6 249 255.9 263.5 272.3 277.7 285.4 291.7 299.2 307.3 320.7 329.8 339.3 345.1 346 352.5 353.4 352.7 351.3 348.7 346.1 346.6 350.6 354.7 368.3 360.4 357.1 358.2 351.1 344.8 337.3 338.3 333.2 341.9 344.4 342.6 341.9 342.7 346.8 351.2 353.1 354.2 353 348 340.5 326.6 322.6 322.4 322.6 321.3 320.3 329.6 334.6 341.7 344.1 343.2 342 340.3 337.7 339 334.1 328.2 316.5 308.2 300.6 300.8 306.3 305.4 305.7 303.4 296.6 291.3 297.5 298.9 299.1 300.3 303.1 302 300.9 300.8 302.4
167 181.3 190.7 201.6 211.7 213.8 229.3 243.1 251.2 260.1 263.6 269.4 282.8 295 302.2 305.1 316.8 329 334.8 334 332.6 334.9 339.2 331.9 328.4 337.4 337.7 335.9 335.7 334.5 337.5 331.8 327.8 320.8 325.7 322.3 327.2 330.1 332.1 329.4 324.8 326 327.9 333.5 333.5 329.4 324.9 317.2 307.6 295.2 292.4 292.6 300.8 302.3 310 311.9 315.5 319.3 315.9 315.1 316.6 314.5 310.2 306.1 300.7 296.8 295.5 296.5 293.5 299.5 296.2 297.5 298 297.5 287.3 289.2 291.8 292.7 292 291.6 292.3 291.6 290.7 292.8 292.7
142.2 149.8 159.8 176.9 188.7 200 203.9 211.2 224.4 233.5 242.2 250.4 258.4 267.3 276.7 281.7 287.6 299.4 309.1 315.2 316.2 313.5 313.5 311.2 304.8 308.6 315.8 307.7 309.3 312.9 311.4 307.4 305.2 310.1 307.9 306.9 309.7 318.2 317.5 314 310.1 305.1 298.2 301.9 302.9 302.6 299 294.8 286.3 277.8 272.5 273.7 280.7 285.8 289.3 290.9 296.1 298.6 296.8 301.2 297.2 300.3 300 299.1 296.5 294 297.7 290.8 287.5 287.5 287.3 290.2 289.6 284.2 281.1 281.6 283 283.1 282.2 282.8 280.9 282.9 283.8 284 283.2
117.8 122.9 135.8 146.2 158.8 175.3 185.1 190.5 193.6 206.4 215.9 225.3 231.2 237.5 252.3 257 262.4 268.7 280.7 286.4 289.6 289.4 291.3 292.4 284.1 283 285.9 285 290 292.4 289.9 288.5 289.1 297.7 295.7 295.9 299.1 295.7 292.8 291.3 287.4 283.5 276.9 283.7 287.6 282 275.9 268.4 265.3 265.7 259.2 260 266.8 274.9 284.6 284.8 287 288.2 287.8 287.9 296.2 298.8 293.5 293.9 290.4 286.1 279.9 278.2 280 278 277 278.6 277.2 274.2 272.6 270.9 271.2 269 270.2 269.6 273.8 274.3 274.3 275.6 275.2
99 101.8 116.3 125.2 134.7 144.3 157.7 168.6 170.6 175.5 187.9 198.3 203.4 208 219.2 231.2 242.2 247.1 249.2 255.6 262.5 266.1 269 266.1 259.7 260 262.4 264.7 264.9 267.3 268.9 271.2 262.8 267.7 272.7 272.1 276.3 279.6 279 273 267.9 262.9 274.3 277.4 273.9 267.9 260.8 255 251.3 252.5 255.9 259.6 263.2 277.1 279.5 280.4 280.3 281.5 291 294.3 292.5 289.2 287.7 284.8 278.7 274 271.6 270.8 265.1 267.3 266.7 262.8 262 260.8 258.8 259.7 260.3 259.5 257.8 260 262.3 264.1 265.3 264.9 266.9
