UK/data/so/so02_OST50GRID_20230518/SO02.asc
ncols 200
nrows 200
xllcorner 300000
yllcorner 220000
cellsize 50
[rows 105 to 139 of 200, columns 0 to 77 of 200]
263.8 261.3 257.5 253.9 253.1 252.7 253.3 255 257.3 260.7 264.6 266.7 269.3 270.6 270.4 265.8 256.6 254.5 271.9 277 283.9 291.6 296.7 300.6 304.7 309 313.2 318 324.9 336.7 351.7 366.8 383 395 394.9 392.5 391.1 393.1 386.2 378 369.1 357.8 346.1 342 339.7 336.5 332.2 327.5 317.9 316.4 318.8 320.6 323 324.1 325.1 325.7 326.1 325 321.9 318.9 316.1 313 309.5 304.5 303.5 301.9 299.7 296.7 293.4 291.1 290.4 287.5 284.8 281.1 277.3 274 272.1 270.4
261.7 258.4 257.1 257.2 256.2 257.6 259.8 262.5 265.3 268.1 269.9 271 271.6 272.1 268.3 259 264.9 271.9 277.3 285.7 297.4 306.3 310.5 313.6 316.3 320.2 324.4 332.3 341.1 352.7 372.1 390.1 406.8 415.9 417.3 414.4 407.8 402.5 393.3 383.5 372.7 360.8 354.3 348.5 343.8 338.6 334 326.8 322.2 325 326.7 328.9 331.3 332.8 334.3 335 334 332.6 329.4 326.3 323.5 320.8 317.8 314.5 312.7 312.4 309.6 306.5 304.1 300.7 298.3 294.1 289.1 285.2 281.3 275.5 272.4 270.8
260.8 259.6 260.8 262.1 262.3 264.8 267.6 270.5 271.4 272.8 273.3 273.2 273 271.1 266.3 263.6 275.9 278.1 283.1 291.3 304.7 315.9 320.2 322.8 328.9 334.4 341.2 349.7 359.1 373.3 390.5 410.2 425.5 438.4 444.3 436.2 422.5 410.4 400.4 388.4 376.7 365.9 359.3 352.6 346.5 341.1 335.2 326.8 330.5 331.9 335.2 337.4 340.1 341.9 343.7 343.7 342 340.4 337.7 334.9 332.1 329.3 327.3 325.4 323.5 323.9 321.1 317.6 315.5 311.2 306.1 301.5 293.4 285.1 285.2 279.3 271.7 269.2
264.6 265.6 266.9 269.3 271 274 276 276 276 275.5 275.3 274.6 272.4 269.5 263.8 275.1 279.5 283.4 281.6 295.7 305.4 317.8 328.4 336.1 347 353.9 361.9 372.4 383.2 394.8 411.5 427 446 464.8 467.4 454 435.4 420 404.7 392.6 379.9 371.6 363.8 356.7 350.8 344.1 339.4 339.9 338.2 340.1 343 345.5 348.7 349.9 351.3 351.2 349.7 348 346.2 343.3 340.8 339.5 338.8 336.9 334.1 331.5 329.8 329.1 326 321 314.9 307.2 296.7 282.9 280.8 279.3 271.1 265.4
269.7 273.3 275.8 279.4 280.7 281.2 280.6 279.6 278.4 277.8 277.2 274.7 271.7 267.9 266.9 278.6 282.8 288.2 293.5 296.8 309 320.3 333.2 345.3 360.6 376.6 390 400.9 410.5 420.9 436.3 452.7 470.8 479.4 476.8 465.6 443.4 427 411.8 397.5 385.6 377 369.1 362.7 355.5 345.8 348.5 348.7 350.1 355.2 359.5 363.4 364.9 363.9 363.1 361.8 359.8 357 355 353 351.2 349.9 348.9 344.6 341.4 339.3 339.5 337.9 332.7 325.8 317.2 308.7 297.5 284 273.5 273.6 270.1 264.4
279.2 282.6 285.9 287.9 287.8 286.5 284.2 282.7 281.3 279.1 276.2 274.3 272.5 267.1 277.8 282.5 286.8 292 297.9 304.3 308.8 325 336.6 348.4 366 385.4 405.5 426.9 442.6 453 467 482 487.6 486.8 481.6 472.9 459.2 438.6 421.6 404.7 392 383.1 374.9 368.6 362.6 353.5 357.6 359.6 365.5 375.2 381.9 384.5 385.1 384 382 378.7 374.8 371.7 369.2 366.1 363.8 361.6 358.8 356.7 355.6 351.3 346.5 341.6 335 325.9 317.2 307.5 296 284.2 272 267.4 264.7 261.5
290.1 293.8 294.9 294.3 293 290.3 287.6 284.4 281.5 278.6 276.7 275.5 272.4 269.3 281.7 287 292.5 297.2 303.5 313.2 321.9 325.2 341.7 351.6 367.7 386 410.7 438.1 464 484.2 495.4 506.7 505.8 504.7 501.9 485.3 466.3 453 433 414 399.4 390.6 381.7 374.9 367.5 366.6 369.4 374.3 386.4 398.8 405.6 406.4 405.7 403 400.9 397.5 394.6 391.5 389.1 386.8 384.7 382.6 382.6 381.8 373.9 359.1 346.1 339.7 332.2 322.8 314 305.7 296.5 286.9 277 269.2 264.4 258.3
299.7 301.1 301.1 298.8 296.2 292.8 289.4 285.6 281.9 278.9 276.5 272.3 273.3 277.8 287 294.4 299.8 306.1 316.3 327.4 332.8 342.2 348.4 356.8 367.5 384.2 408.7 436.9 465.5 493.8 516.9 522.2 525 522.1 517 502.6 477.7 460.9 444.9 424.9 408.6 398.5 389.7 382 371 377.7 381.5 392.2 408 423.2 429.6 431.9 430.9 427.6 423.7 420.3 418.1 416.3 414.6 412.2 409.7 407.8 404.3 393.4 376.2 358 347.7 340.5 331.2 320.6 312.5 304.2 295.4 286.5 280 273.8 265 250.3
307.1 306.7 305.9 303.8 299.3 295.4 290.7 286.7 282.5 277.2 275.2 275.6 276.5 285.3 298 305.6 311.2 318.5 329.5 339 343.9 347.8 355.9 361.5 372.1 383.9 404.6 431.5 460.9 492 521.4 529.4 529.4 527.5 521.2 512 497 481.9 466.4 441 420.1 405.1 395.4 387.8 383 387.5 395.2 410.3 428.6 444.5 452.8 457.7 458.4 457.3 455 451.2 447.4 445.4 443.3 440.1 435.8 429.5 412.4 392.2 373.2 356.6 346.3 340.2 330.6 320 310.2 301.8 293.7 286.3 280 272.7 254.2 248.1
313.1 313.1 312.1 309.1 303.6 297 292.1 287.3 279.6 277.2 276.8 279.5 280.4 297.4 309.3 316.6 322 331.2 342 349.5 356.3 358.8 363.8 369.6 377 387.3 402.9 424.1 452.1 484.3 513.9 531.9 536.2 534.4 530.1 521.2 516.1 507.1 488.5 456.6 431.9 412 400 391.2 392 397.4 409.7 428 446.9 461.9 478.5 490 495.9 500.6 496.9 489.9 478.1 470.4 465.9 463.8 453.8 429.5 409.5 389.8 371.7 356.3 343 337 330.4 320.6 309.5 300.7 293 285.7 279.4 255.9 252.9 255
322.1 320.7 317.9 313.7 307.6 299.2 293.8 288.4 280 279.5 280.9 281.9 289.2 306.5 319.1 325.5 333.5 345.7 354.5 362 367.1 372.3 377.8 382.4 384.9 388.5 403 419.5 445.7 475.1 506.3 529.6 536 539.1 537.9 531.5 519.6 509.8 501.8 475.4 446 422.8 405.3 393.6 400 408.7 423.4 443.6 462.2 482.9 502.3 517 524.3 526.7 522.6 514.7 502.1 486.9 476.8 466.4 449.4 423.8 406 387.4 372.2 354.7 339.4 333.1 327.1 317.6 309.3 301.1 293.4 285.9 259.6 257.9 259.8 265
328.5 325.7 322.1 317.5 309.3 301.8 295.7 289.9 281.5 281.7 284 287.3 295.9 311.1 326.1 335.1 347.8 363.2 370.4 376.7 380.9 387 391.5 393.1 395.7 400.7 406.6 418.4 441.6 469.4 500 524.4 533.4 538.9 539.4 537 529.2 520.8 512.3 494.4 461.9 434.8 412.5 402.9 408.7 420.7 437.9 459.1 481.7 502.8 520.9 531.2 535 537.8 539.1 535.7 519.9 498.5 476.1 460.2 441.5 418.1 401.9 385 369.5 352.1 336.5 329 323 314.2 306.2 298.4 290.7 277.4 261.1 264 268.8 272.4
333.8 331.2 326.5 319.4 311.9 304.6 298.2 292 283.3 283.5 287.1 291.3 299.4 314.1 330.2 345.8 362.2 380.8 390 397 403.4 406.1 407.6 408.7 410.8 414.4 419.3 427 443.3 468 496.9 519 533.2 538.8 537.3 535 532.4 527.9 519.5 505.4 476.2 446 421.7 410.6 419 434.9 454.7 479.6 502.1 520.3 532.1 538.9 544.3 547.7 547.9 544.2 534.2 501.3 473.4 452.4 434.8 413.6 397.5 380.4 364.9 348.4 333.2 325.3 318.6 311.2 302.5 294.4 286.7 269.4 261 268.6 277.2 280
338.9 337 332.1 325.3 318.5 309.8 304.6 298 284.8 284.9 286.9 294.8 302.6 316.1 334 351.5 370.5 393.4 409.9 422.2 429.4 433.1 433.5 431.5 429 431 436.4 446.1 458.1 477.2 503.3 524.5 535.7 538.4 536.9 535.2 531.9 528.3 522.8 508.3 484.7 456.9 434.4 420.4 433.4 452.4 475 498.9 517.2 529.8 540.4 547.3 550.4 550.9 549.8 543.7 531.2 497.9 468.5 444.7 426.6 408.2 391.2 374.1 359.6 345.4 332 322.4 314.4 307.1 299.3 291.1 281.7 264.2 273.6 281 284 288.3
345.5 343 337.6 331.1 323.5 315.6 308.7 302.9 291.7 291.8 288.4 297.6 304.6 317 335.9 353.6 373.8 399.2 420.9 443.6 456.4 460.2 457.3 455.4 453.1 453.8 460 472.1 489.1 501.2 517.3 531.6 539.6 544.4 543.8 539.4 532.4 526 520.4 508.3 490.4 470.6 449.9 437.1 450.8 470.7 494.4 514.4 527.5 539.6 548.5 555.2 556.6 552 546.6 539.1 520.1 489.8 461.4 436.6 416.1 401.8 383 365.8 352.2 340 329.8 320.1 311.4 302.7 295.1 283.5 270.1 268.8 285.7 290.4 292.6 295.6
352.4 347.2 341.6 334.3 326.8 319.3 311.6 304.5 297.6 293.6 289.7 294.9 305.8 318.3 336.3 354.7 376.6 402.2 423 449.3 473.3 478.3 479.8 486.2 490 488.3 493.2 501.5 512 519.4 528.1 537.7 546.8 551.7 550.3 545.3 535.6 526.1 518.9 510.3 499 482.3 466.8 462.8 472 489 509.2 524.3 539 548.3 556.8 561.4 561.4 552.8 542.8 532 509.5 479.6 452.8 428 407.5 393.2 374.1 357.8 345.8 334.7 324.9 315.8 307.7 298.4 285.7 272.4 278.1 287.3 294.7 297.6 301.1 303.8
357 350.2 344.9 338.3 329.9 322.7 315.3 306 299.2 295.6 296.7 295.3 307.6 319.6 336 354.1 377.8 400.5 420 447.9 478.3 495.5 502.8 509 510 512.1 515.1 518.4 526 532 535.3 541.9 549.4 553 552 548.3 540.6 531.6 521.7 513.6 505.6 492.9 484.5 485.2 491.1 503.4 519.1 535.2 546.9 555.6 562.7 563.9 559.3 548.5 536.9 522.1 496.7 468.1 441.7 419.2 398.6 383.7 364.8 350.8 340.5 330.3 320.7 311.3 302.9 289.4 278.5 281.1 292.6 298.9 302.1 305.4 308.2 310.9
367.3 359.1 352.1 344.6 334.5 327.3 318.9 308.8 300.7 295.7 299.8 298.7 303.6 319.4 336.2 353.6 376.8 399.2 417 442.6 471.9 496.3 510.3 519.3 524.3 527.4 529 531.7 534.4 537.2 541.7 546.3 551.3 553.6 553 551.9 548.5 543.1 534 522.9 512.3 504.1 501.2 502.9 508.9 517.7 530.6 543.6 552.8 561.1 562.8 561.5 553.4 539.3 528.7 510.7 481.9 453.9 428.6 409.9 389.9 373.1 356.9 345 335 325 316.8 306.6 291.8 277.7 288.4 298.3 302.3 305.6 308.9 312.1 317.1 319.5
378.4 369.9 359.5 351.3 340.4 331.7 322.2 311.8 303.9 300.8 302.9 301 307.8 319.5 335.9 352.9 373.9 397.7 415 433.7 460.1 485.6 505.1 519.9 529.9 532.6 534.1 536.1 540.3 544.5 548.2 551.7 555.2 557.6 559.6 560.1 558.9 555.6 546.5 536.8 524.7 517.7 517.9 519.9 524.3 531.2 539.8 549.4 556.8 563.9 561.9 556.5 543.9 531.1 516.9 493.6 465.4 438.6 415.6 397.2 378.5 361.8 348 340 330.7 320.9 309.1 291.5 284.1 294 302.1 305.8 309.4 312.9 316.5 322.5 325.4 325.2
389.8 379.9 367.3 357.6 347.7 336.3 324.2 314.6 308.4 301.9 305.4 302.9 309.8 319.9 334.9 352.5 370.9 394.1 409.5 426.1 448.2 474.1 496.5 512.1 526.1 532.4 538.3 541.2 545.5 549.3 552.2 555.4 559.3 562.3 564.8 569.8 569.9 566.7 560.7 553.1 545 539.3 535.9 536.3 537.7 542 548.5 556.5 563.2 565.6 556.9 546.4 533.4 520.1 501.1 473.7 447.9 423.1 401.9 383.4 366.7 354.6 342.7 334.1 324.9 313.8 295 290.4 300.6 306.6 309.3 313.1 315.6 318.8 325.7 329.5 329.1 327
406.8 393.2 373.2 359.9 352.1 339.1 328.3 318.3 312.8 307.7 309.1 305.8 310.5 320.4 334.5 351.1 366.7 387.7 404.9 417.7 436.2 461.8 485.6 501.9 518.3 527.5 535.7 543.2 547.4 550.1 553.8 555.9 560 564.3 574.4 581.2 583.3 581.4 576.4 568.4 561.3 555.7 551.5 549.8 550.9 553.5 558.1 562.3 567.4 560.5 549.3 536.7 521.1 502.6 480.8 454.7 430.1 407.5 390.3 373.6 359.6 348.1 336.6 327.4 317 302.4 295.9 307.1 311.6 313.5 316.9 320 322.3 328 335 333 329.3 325.2
415.6 399.8 380.2 362 354 343.2 332.7 322.4 317.7 312.9 312.6 313.1 312.3 319.9 333.5 349.5 365.1 380.9 399.1 411.5 426.4 449.2 473.4 491.1 505.9 518.2 527.7 537.8 543.6 547.9 551.9 554.6 559.3 570.2 583.2 591.2 595.1 595.4 592.2 585.5 576.2 571.3 566.8 563.4 563.5 563.7 563.6 565.6 564.2 552 539.6 523.4 503.4 482.8 459.4 435.7 413.2 393 378.1 365.3 352.6 340.9 331.4 319.4 301.9 298.1 312 316.3 318.1 320.6 323.6 326.9 332.4 338.1 339.5 334.5 329.3 323.4
420.7 403.6 383.6 364.8 356 346.8 336.8 328.2 322.2 315.8 318.9 320 312.9 317.3 329.2 347.4 361.2 376.8 392.7 402.5 416.7 437.5 459.6 480.3 492.8 506 515.5 525 535 541.3 545.9 551 558.5 573.2 588.6 598.4 603.3 605.2 603 595.4 588.2 584.3 581.1 575.9 570.9 567.2 563.2 561.8 554.4 542.3 526.3 507.6 485.1 462.7 440.5 417.9 397.1 381 368.1 356.8 345.4 335.3 326.1 307.8 304 314.7 320.6 326.3 329.9 331.5 332.9 337.6 343.3 344.3 340.4 334.9 328.6 322.3
420.9 403.7 386.4 368.9 360.2 351.2 341.1 332.3 325.4 319 325.5 323.4 314.1 324.7 327 332.1 352.9 369.8 386.5 395.7 406.7 425.2 444.5 465.5 480.6 490.1 500.5 507.7 516.1 527 535.5 545.8 556.7 574.1 590.7 601.4 608.9 614.8 612.9 606.7 598.6 591.4 586.3 579.5 572.5 567.4 559.5 553.8 544.6 529.2 511.4 490.6 467.2 443.3 421.7 402.3 384.4 370.8 359.3 348.5 339 326.6 307.8 304.6 319.1 326.3 331.6 336.3 339.2 340.4 342.8 348.3 351.1 347.7 341.5 334.4 327.3 320.2
417.3 400.6 386.1 372.9 364.1 354.3 344 334.6 321.4 327.7 331 327 316.8 327.2 334.4 342.8 341.6 355.7 374.2 388.1 398.4 414.8 429.4 448.4 466 475.4 482.6 490.6 498.4 506.8 528.2 543.6 556.2 574.4 590.4 602.5 615.3 623.4 624.7 617.3 606.1 596.8 584.6 576.6 569.6 561.2 552.4 543.5 532.4 514.7 494.4 472.2 449.4 425.9 405.7 388.7 374.4 362.8 352.5 341.4 329.9 313.1 308.6 323.6 332.7 336.9 340 343.7 346.7 349.7 354.6 359.2 356.1 349.9 343 333.5 326 318.6
411.9 397.2 386.7 376.6 368.5 357.5 345.3 334.6 325.7 335.8 337.9 331.1 320.3 330.3 338.2 350.5 355.9 356.7 375.2 379.1 386.1 403.6 418 433.4 447 457.1 463.2 471.4 481.3 501.6 525 543.9 558.4 576.4 591.7 605.6 619.7 631.2 637.9 632.2 613.2 596.2 581.2 572.4 563.1 553.5 541.7 533.2 517.2 499.1 478.5 455.2 431.9 409.2 392.3 379.7 367 355.8 345.7 333 317.1 316.4 328.3 338.2 343.6 347.7 349.9 353.4 357.1 362.1 366.4 364.9 359.1 352 343.9 333.9 323.1 315
407.2 397.4 388.2 380.6 372.9 361.2 349.5 337 337.9 343.9 344.1 335.6 327.7 334.5 343.5 357.7 366.7 362.9 377.5 392.1 402.8 411.1 421.6 422.1 431.9 446.8 462.5 477.1 491.9 506.6 526.3 547.2 562.5 579.7 594 608.4 622.3 635.6 642.7 634.7 611.1 591.1 576.9 566.1 555.3 543.9 531.5 520.2 503.8 482.8 461.3 438.2 415.9 396.9 382.8 372.3 360.5 348.9 334.5 319.4 325.4 334.4 342.2 350.7 355.1 359 360.8 364.8 369.6 376.2 376 369.5 360.7 353.2 344.3 331.7 319.8 311.9
407.2 397.8 391.3 384.5 374.3 363.2 351.5 338 346.8 352.8 352.6 340 333.8 338.3 348.2 363.9 374.7 378.9 374.7 397.7 408.9 424.6 436 444.8 455.5 466.6 477.6 489.3 505.1 525 541.5 554.2 568.4 583.4 597.1 610.5 624.6 641 647.3 627.8 603.2 583.8 570.4 558.2 547.3 535.5 521.7 505.9 488.2 467.1 444.6 422.1 404.6 388.5 375.3 363.1 352.4 336.2 322.2 331.3 342 349.8 356.7 363.7 368.5 371.5 372.5 376.2 383.6 386.8 381.7 372.2 362.4 353.3 341.5 328.8 316.4 309.4
407.9 401 393.8 388.2 378.2 366.1 352.4 349.2 355.3 359 357.8 344.2 336.5 344.9 357.8 372.5 383.3 390.6 383.4 404.1 419.4 434.8 447.2 460.9 472.6 482.6 494.3 508.6 527.1 540.7 552.3 564.9 577.5 589.8 601.5 614.8 629.8 644.5 643.6 618.1 594.9 577.1 564.5 550.4 538.6 525.7 512.5 493.6 471.2 450.5 430.9 411.2 394.4 380.5 368.3 355.5 340.3 327.1 334.9 347.5 355.9 363 369.1 375.1 379.9 382.8 386.1 392.6 398 392.9 384.3 374 363 351.5 337.5 324.4 314.5 305
410.2 403.7 399.3 391.8 379.7 365.3 359.7 352.3 362.6 367.1 362.6 343.7 346.1 352.6 365.7 380.9 394.2 404.2 400.4 407.4 428.1 445.5 462.2 477 489.7 504 518.2 530.8 540.6 549.6 562.2 574.7 586.9 597.5 610.4 624.6 639.3 647.1 633.7 608.1 586.7 571.4 557.9 543.5 529.3 515.2 501.2 480.4 458.3 435.7 415.6 402.1 387.2 373.3 361.6 346.9 333.2 342.1 352.3 360.4 366.6 373.4 379.9 386.1 390.7 396.5 402.6 410.2 407.4 397.7 385.2 374 360.6 346.3 334.2 322.9 315.5 297.2
410.9 405.2 400.3 392.9 384.6 374.9 369.5 360.5 370.3 372.2 365.9 350.9 351.1 358.5 373.1 389.4 405.1 417.5 418.1 403.8 432.6 454.3 473.2 490.6 506 522.1 530.7 539.3 547.6 558.2 571.3 584.3 595.7 608.4 622 637.6 650.5 654.8 627.1 599.1 579.9 565.2 550.7 535 519.4 503.7 487.6 465.5 445.9 427.9 410.3 394.8 377.5 364.2 354.2 339.1 346 356.4 362.9 370.3 378.3 384.9 391.9 398.9 406.1 414.6 422.8 425 413.8 400.9 386.8 369.9 358.6 346.8 334.1 322.5 314.1 300.6
414.1 409.9 405.1 397.9 389.6 383.2 373.8 374 377 376.3 366.6 349.1 358 367.4 384.7 402.4 421.1 433.2 434.9 417.8 432.1 456.9 479 498.1 516.4 527.8 535.7 543.9 553 566 579.2 592.1 605.6 620.7 636.6 651.6 660.9 651.3 619.7 593.6 576.1 560.6 543.6 527.8 511.1 494.5 476.3 454.2 435 418.3 401.5 386.9 368.8 353.4 344.4 353.9 360.5 366.7 374.5 382.9 390.8 400.2 410.5 419.1 427.5 437.1 442.4 432.8 416.1 400.8 387.6 373.8 358.4 346.8 335.4 323.2 311.4 309.6
419 415.5 411.4 403.9 396 388.3 382.4 382.4 384.9 382.2 369.9 356.8 365.2 375.3 394.1 414.1 435.1 447.6 450.4 439.1 425.7 457.5 479.5 498.5 516.8 528.9 538 546.9 558.1 572.4 586.6 600.8 616.3 634.4 651.5 665.5 671.6 642.3 611.8 588.8 572.6 556 537.6 521.5 503.3 484.7 465.3 446.2 428 411.7 396.5 382.5 367 351.3 358.8 366.6 372 379.6 388.7 398.3 410 422.3 432.6 443 452.3 458.1 453.4 437.1 415.9 400.1 387.3 375.4 360.3 345.5 331 322.2 313.7 309.9
422.4 419.9 415.7 409.1 401.5 397.2 393.1 391.6 393.1 387.5 373.8 364.1 368.2 385.1 404.5 426.3 447.6 460.7 465.4 460.9 437.8 458.7 479.4 497.7 515.9 528.8 538.5 548.5 562.4 577.7 592.7 609.5 627.9 648.3 665.5 678.1 668.8 635 605.5 584.9 568.7 550.5 533.2 516.6 497.1 476.3 458.4 439.6 422.4 406.8 394.8 378.9 358 364 373 377.3 385 395.2 406.5 420 433.1 445.4 455.7 465.7 471.4 468.6 458.4 440.9 416.9 399.3 385.6 374.6 357.6 343.3 332.6 324.1 308.6 317.8
427.7 425.1 419.7 413.7 403.6 404.1 401.3 402.2 401.7 393.7 380.8 369.9 374.6 394.5 414.3 437.3 458.3 471.1 476.5 477.6 459 456.1 481.2 499.1 515.6 528.8 539.2 552.8 566.8 582.1 599.5 618.7 640.4 661.7 678.3 689.5 663.6 628.8 600.3 581.4 566 547.1 529.7 512.2 491.7 471.4 453.8 436.2 419.1 404.7 389.5 374.8 361.2 377.9 382.5 388.2 399.5 414.2 430 445.1 457.1 467.6 478 486.4 486.8 476 461.8 444.1 420.1 400 383.9 371.9 355.1 342.7 334.9 325.5 313.8 321.3
