WholeMapElevations/data/tr/tr23_OST50GRID_20230518/TR23.asc
ncols 200
nrows 200
xllcorner 620000
yllcorner 130000
cellsize 50
[rows 0 to 37 of 200, columns 0 to 83 of 200]
163.4 162.6 162.2 162 161.6 160.7 159.7 158.5 157.3 156.4 155.9 155.5 155.7 155.9 156.3 156.4 155.8 155.3 154.9 154.2 154.6 155.2 155.8 157.1 157.6 157.5 157.5 156.2 154.8 153.9 153.3 154.6 157 159.3 161.1 162.7 162.7 162 160.8 159.5 158.1 156.5 155.1 153.5 152 150.6 149 147.9 148.1 148.3 148.4 148.3 148.1 147.6 147 146.3 145.3 145.2 145 143.6 143.3 143 140.9 136.3 128.6 117.3 108.1 103.1 100.1 96.9 94.1 90.3 86.5 83.7 82.4 87.6 95.8 103.1 112 120.7 128.2 130 132.9 135.9
164.9 164.2 163.4 162.9 162.1 160.8 159.7 158.6 157.6 156.7 157 157.4 157.7 157.9 158 157.7 157 156.3 155.6 155.7 156.1 156.4 157.1 157.6 158.6 158.1 157.3 156.3 154.9 154.4 153.8 155.1 156.5 158.7 160.8 162.5 162.5 162.4 160.9 159.5 158.1 156.2 154.6 153.1 151.6 150.1 149.4 149.1 149.2 149.2 149.2 149 148.8 148.2 147.6 147 146.1 145.9 145 143 141 140.1 138.4 134.9 129 120.7 112.7 107.8 104.5 100.4 95.6 91.6 87.6 84.7 82.6 85.2 90.7 98.7 106.7 115.2 124.3 131.5 137 141
166.7 165.8 164.5 163.4 162.4 160.8 159.6 158.7 157.9 157.6 158.2 158.7 159 159.1 159.2 158.5 157.8 157 157 157.3 157.7 158 157.9 158 158.2 157.8 156.9 156 155.3 154.7 154.1 155.1 156.6 158.3 160.3 162.1 162.3 162.3 161.9 160.3 157.9 155.7 154.2 152.6 151.5 150.8 150.1 150 150 149.8 149.6 149.5 149.1 148.2 147.4 146.9 146.2 145.1 143.8 141 136.7 132.9 130.5 127.6 123.7 119 116.4 113.5 109.7 104.6 99.2 94.3 89.3 85.6 82.5 84.7 86.1 90.2 98.1 106.1 114.7 124.1 131.5 137.9
168.5 167.2 166 164.4 163 161.5 160 159.2 159.2 159.1 159.7 160 160.1 160.2 160 159.3 158.6 158.4 158.6 159 159.3 159.2 158.6 158.5 158.4 157.5 156.8 156 155.2 154.7 154.1 155.1 156.7 158.4 160 161.8 162.2 162.3 162.3 160.6 158.2 156.1 154.5 152.9 151.7 151 150.4 149.9 149.6 149.3 149 148.7 148.2 147.5 146.8 145.9 144.5 142.1 140.1 137.4 132.5 125.7 121 118.6 116.3 114.4 114.2 113.5 110 105.1 99.9 93.9 88.8 85.1 84.7 89.3 88.7 88.1 90.1 95.7 104 112.9 122.1 130.5
171.5 170.1 168.4 165.9 164 162.2 160.6 160 160.4 160.6 161 161.1 161.2 161.3 160.8 160.2 159.5 160.1 160.3 160.6 160.7 160.1 159.5 159.1 158.4 157.6 156.9 156 155.1 154.5 154.9 155.6 157.1 158.5 160.2 161.8 162 162.3 161.7 160.1 158.1 156.4 154.5 153.1 151.7 151 150.2 149.5 148.7 148.1 148 147.7 147.3 146.7 145.5 143.3 139.9 135.6 133.2 130.4 125.5 119 113.5 110.3 108.8 109 110.2 109.8 107.7 103.1 98 92.1 87.9 85.2 91.5 97 95.3 92.3 90.5 90.5 93.4 102.4 111.7 121
174.7 173.9 171.7 168.7 165.6 163.4 161.6 161 161.4 162.1 162.2 162.3 162.5 161.9 161.4 160.9 161.3 161.8 162 162 161.4 160.8 160.2 159 158.4 157.5 156.7 155.9 155 154.9 155.1 155.8 157.1 158.6 160.3 161.5 161.8 161.2 160.5 159.3 157.7 156 154.1 152.9 151.4 150.2 148.4 146.5 145.4 144.7 145.1 145.8 146 144.7 142.8 138.7 132.1 127.1 124.3 120.9 115.7 110.8 106.6 103 102.2 103.1 104.3 104.3 102.7 99.1 94.3 89.3 86.1 85.5 99.3 102.4 99.7 96.1 93.3 91.8 93 97.5 105.2 114.7
179.4 177.8 175 171.3 167.4 165.1 163.3 162.3 162.8 163.5 163.7 163.7 163.3 162.6 162.1 162.4 162.5 162.6 163.1 162.7 162 161 159.9 158.5 158 157.5 156.7 155.6 155.1 154.9 155 156 157.1 158.6 160 161 161 160.3 159.6 158.4 156.6 154 151.9 150.3 149.6 148.1 146 142.1 138.7 138.8 140 141.6 143.1 141.7 137.6 131.2 124.4 118.8 114.7 111.4 106.5 102.6 99.7 97.9 96.8 96.7 97.1 96 95.3 92.3 89.5 89 84.8 95.9 102.9 102.2 101.2 100.9 101.2 101.5 102.4 105 108.3 112.5
182.8 180.9 177.8 173.4 170.2 167.4 164.9 163.7 164.2 164.9 165 164.8 164.1 163.4 163 163.1 163.1 163.2 163.1 162.6 161.7 160.7 159.7 157.9 157.4 157 156.5 155.3 155.3 155 155.1 156.2 157.3 158.1 159.5 160.6 160.2 159.6 159 157.4 155.2 152 148.5 145.9 144.8 144 142.6 136.8 131.5 129.5 131.3 135.4 137.4 135.9 130.5 123.3 117 111.7 107.6 104.3 100.9 97.6 95.1 93.9 93 92.3 91.1 91.3 91.4 91 90.5 88.7 96.3 97.4 98.6 100 101.8 103.9 106.6 108.3 110 111.8 114.4 116.5
185.2 183.2 180.3 176.2 172.6 169.1 166.4 165.5 166 166.2 166.1 165.6 165 164.4 163.7 163 163.1 163.2 163 162.1 161 160.5 159.5 157.5 156.9 156.5 155.9 155.4 155.8 155.3 155.2 156.2 157.4 158.2 159 160.1 159.5 159 158.5 156.9 155.2 152 147.9 142.7 138.6 137.2 137 132.9 126.7 120.9 123 128.4 130.3 129.3 123.7 116.6 110.5 106.1 102.7 99.5 96.7 94.2 93 92.2 91.8 90 87.7 89.7 87.6 87.3 90.3 95.1 100.4 103.4 102.6 103.6 106.1 107.9 107.7 108 109.2 111 111.7 112.4
186 184 181.1 177.7 174 170.2 167.8 167.3 167.3 167.2 166.8 166.2 165.7 165.3 164.7 164 163.3 163.1 162.3 161.4 160.5 159.5 159.3 157.4 156.4 156 155.6 155.1 155.1 156.3 155.8 156.3 157.6 158.3 159.1 159.5 159.3 158.6 157.7 156 154.2 151 147.2 140.5 132.4 128.7 128.6 127.8 122.8 117.4 116.5 121 122.3 120.6 115.5 109.3 105 101.9 99.5 96.4 93.7 92.5 92.1 92.1 92 93.3 94 93.7 94.4 94.9 98.8 102.5 104.7 105.1 107.1 110.6 115.4 116.5 111.6 106.2 104.3 104.6 105.4 107
185.8 183.8 181.4 178 174.5 171.4 169.6 168.6 168.5 167.9 167.1 166.5 166.1 165.8 165.1 164.3 163.1 162.3 161.5 160.6 159.7 158.9 159.3 163.8 161 156.1 155.4 154.9 154.9 157.1 156.3 156.5 157.6 158.2 158.9 158.8 158.7 158 156.8 155.1 152.9 150 145.8 138.9 131 124.1 121.1 119.8 118.1 113.5 111.3 113.1 113.3 112.8 107.9 103.7 100.4 97.9 95.5 92.7 92.7 92.1 95.2 97.5 98.8 98.4 99 100.4 104.2 109.9 112.8 108.3 107.9 108.8 113.1 120.6 125.6 123.2 114.7 107.4 103 100.1 99.5 103.1
184.7 183.4 181.3 178 175 173.3 171.6 170.6 169.2 168.2 167.2 166.4 166 165.4 164.6 163.2 162.2 161.4 160.7 159.8 158.9 158.4 160.7 163.8 156.9 155.6 155.4 155.3 155.3 152.7 155.6 156.6 157.4 158.2 158.2 157.5 157.4 156.9 155.2 154.1 151.5 148.4 145.8 140.9 134 127.1 120.3 114.5 111.9 109.2 106.6 106.6 106.9 105.9 102.7 99.4 96.8 93.2 93.7 92.7 95.5 99.4 102.9 105 106.2 106.4 108.3 113.7 118 118.8 116.3 112.1 111 113.4 120.3 128.6 133.5 127.4 115.7 108.4 104.5 101.3 100.1 102
183.6 182.4 180.9 178.4 176.6 174.7 173.1 171.2 169.2 167.9 166.5 165.9 165 164 163.2 162 161.3 160.6 159.8 159 158.2 158.9 161.6 159.1 156.7 155.9 155.9 156.1 156.2 156.1 153.1 156.4 157.1 157.7 157.5 157 155.5 153.7 152.5 151.8 150.1 144.4 141.5 139.6 135.5 129.5 123.2 116.9 111.5 108.3 105.1 102.8 102.1 101.6 99.7 96.9 94.6 93.3 92.5 98 102.3 106.8 110.9 115.9 120 122.6 124.7 126.3 127 123.5 117.3 113.9 114 119.4 128.6 136.9 139.8 132.5 119.5 110.9 106.9 103.6 101.3 102.4
181.2 181.9 180.5 179.4 177.7 176 173.9 171.5 169 167.2 165.9 164.9 163.8 162.6 161.9 161.2 160.5 159.7 159 158.2 158.6 160.4 159.4 157.3 157.4 156.7 156.5 156.6 156.9 157.1 154 155.2 157 157.1 157 156.1 153.1 150.2 148.9 148.1 146.6 140.7 135.1 133.6 131.3 127 123.3 119.2 114.8 110.4 105.6 101.9 100.1 98.2 96.6 96.1 93.3 97.9 100.4 105.3 110.6 116.3 123.7 131 134.7 136 136.9 134.6 130.5 123.7 117.8 117.1 119.5 127.8 137.4 144.1 143.5 136.5 125.6 115.3 109.9 106.3 102.8 102.6
179 180.1 180.1 179.6 178.4 176.7 174.4 171.9 169.4 167.8 166.7 165.1 163.3 162 161.2 160.5 159.8 159.1 158.4 158.7 160.1 159.8 158.1 157.9 157.6 157.3 157.1 157.3 157.3 157.9 156 148 156.3 155.7 153.9 152.8 151.1 147.5 143.9 143.4 141.3 137.8 131.1 126.1 124.2 121.4 118.8 116.5 114.2 109.1 104.5 101.2 98.1 96.3 96.1 95 100.8 106.6 110.1 115.1 122.3 130.3 136.4 140.7 143.2 144.1 140.5 135 128.9 122.2 120.1 121.6 129.1 136.6 144.9 147.2 144.6 137.9 128.6 118.5 112.7 108.5 104.4 103.4
176.5 178.2 179.4 179.2 178.3 177 175.1 173.2 171.3 169.6 167.8 166.3 163.8 162.4 161 160.1 159.3 158.8 158.8 159.7 160.2 159 158.5 158.4 158.1 157.6 157 156.6 156.8 157.1 156.9 155.8 144.3 153.3 149.7 148.2 146.2 143.4 136.9 136.9 139.5 137.7 132.1 123.1 117.3 113.9 111.8 109.8 108 104.2 100.6 97.9 97.5 97.5 98.7 102.6 108.9 115 120.3 126.6 134.4 140.5 145.5 148.3 148.2 145.9 138.9 132.6 128 124.5 124.9 130.4 137.5 145 147.8 148.1 145.1 138.2 129.3 119.9 114.5 109.7 105.3 104.6
172.9 175.4 177.2 177.8 177.7 177.1 176.2 175.1 174 172.5 170.2 167.7 165.2 163.5 161.9 161 160.3 159.7 159.5 159.2 159 159 158.8 158.6 157.9 157.2 156.7 156.4 157 157.2 157.3 156.9 152.5 140.4 141 138.8 138.9 137.4 132.2 131.1 135 134.9 132.4 125.7 118 111.9 107.6 104.4 101.4 98.8 98.7 97.9 98.2 100.1 105.8 112.6 118 124.1 130.7 137.6 143.7 148.5 150.9 151.1 149 143.4 139.2 136.6 132.4 129 132.3 139.8 145.6 149.6 149.6 148.9 146.2 139.9 131.6 120.8 115.2 109.9 105.9 106.4
168.5 171.8 174 175.1 176.3 176.4 176.4 176.1 175.4 174.1 171.9 169.4 167.2 165.3 163.4 162.5 161.6 160.8 160.3 159.9 159.4 159.4 159.1 158.2 157 155.7 155 155.3 155.5 156.4 156.6 153.4 151.1 144.6 136.5 132.4 131.6 131.5 127.8 125.4 129.3 129.9 130 125.7 119.9 113.4 107.8 102.6 100 100.1 98 99.4 102 107.2 115.5 121.3 127.2 133.7 139.7 145.7 150.2 153.1 153.4 152.1 148.6 144.8 145 143 136.2 135.2 140.3 146.3 150.1 151.7 150.8 149.4 145.8 138.7 129.1 119.6 113.8 109.3 107.3 109.4
163 166.7 169.5 171.5 173.1 174.1 175.1 175.3 175.4 175.1 173.6 171.2 169.9 167.7 165.8 164.5 163.2 162.1 161.4 160.8 159.9 159.8 158.9 157.9 155.7 152.7 150 150.3 150.1 149.3 151.2 151.8 150 146.3 139.2 131.8 125.1 123.7 121.3 119.4 122.9 124.1 125.4 121.5 116.2 111.1 105.5 101.6 100.6 99.4 100.1 101.6 107.5 115.8 124.2 130.9 137.2 141.9 147.1 151.5 155.3 155.8 154.6 152.8 149.9 149.3 149.1 145.6 140.9 142.6 147.3 150.4 152.1 152.4 151.3 147.7 142.1 134.8 125.6 117.2 112.4 109.8 109.2 112.5
156.2 159.5 163 167.6 169.5 171.1 172.6 173.3 173.8 174.1 174 173 171.8 169.7 168.3 166.7 165.2 163.9 162.5 161.6 160.4 159.9 159.4 158.4 155.5 151.3 147.9 143.7 142.4 141.6 142.5 147.9 148.3 147.1 141 136 128.5 121.1 116.8 114.6 116.6 117.8 119 116 111.1 106.1 101.9 101.3 98.9 99.5 100.8 106.9 115.8 123.5 131.1 138.9 145.1 149.2 152.9 155.8 156.5 156.5 156.2 154.9 153.4 152.3 150.8 147.6 146.8 149.3 151.7 152.9 153.4 151.8 149 144.5 136.9 129.9 122.1 115.1 111.4 110.7 113 117.1
149 153.1 158.2 163.5 165.8 167.2 168.8 170.2 171.2 172 172.4 172.4 171.8 170.5 169.5 168.3 167.2 165.8 163.8 162.4 161.2 160.8 160.1 158.3 154.9 150.8 147.6 143.7 139.6 137.4 138.4 141.8 144.4 145.2 143.3 139.3 134.1 126 117.7 113.9 111.6 111.5 111.9 110 106.6 101.5 101.8 99.8 99.1 99.6 105 111.9 119.2 125.1 131.9 138.8 145.7 149.5 152.5 154.4 155.8 156.7 156.9 156.6 155.9 155 153.3 152.3 152.6 154 154.6 154.6 152.8 149.9 144.2 136 128.3 121.5 116.3 113.5 112.3 113.3 117.5 123.3
144.1 147.6 155 160.4 161.9 162.3 163.7 165.6 167.5 168.9 169.5 170.4 170.3 169.5 168.8 167.9 166.5 164.9 163.6 162.4 161.4 160.3 159.5 157.3 153.9 148.5 144.3 141.6 137.6 133.6 133.2 135.8 139.4 141.7 142.1 139.9 135.6 131.6 124.1 113.9 110.3 108.6 107.4 104.6 102.3 100.5 102.8 102.6 102 103.3 106 110.8 116.1 118.9 124.2 132.5 139.3 144.1 145.8 147.3 150.7 154.5 156.8 157.6 157.9 157.8 156.7 155.8 156.2 156.2 156 154.6 149.8 144.7 135.5 126.2 119.7 116.7 115.6 115.7 116.3 118.8 123.4 130.1
142.6 145.1 153.2 157.7 157.4 156.9 157.8 160.2 162.7 164.8 166.2 166.4 166.8 167.3 166.1 164.4 162.2 160.9 159.6 159.1 158.8 158.9 157.8 156.5 152.4 146.7 141 137.6 134.7 131.1 127.3 129.8 133.4 136.3 137.9 137.3 134.6 131.7 127.6 121 114.3 108.1 108 103.7 100.3 102.7 101.8 104.7 106 105.6 106.2 109.2 111.2 113.3 116.3 122.7 130.6 134 134.9 138.2 144.2 151.2 156.9 158.5 159.3 159.6 159.2 158.8 158.3 157.6 156.4 151.9 146.1 136.6 127.1 120.3 118.1 118.2 119.7 121.2 122.8 125.8 132.5 138.3
141.2 143.2 150 154.5 153.7 151.5 151.4 154.2 157.5 160.2 160.6 161.3 161.8 162.7 161.6 158.2 156.3 153.8 153.7 153.5 153.3 153.7 153.3 153.7 152 148 142.7 136.1 131.2 128.8 125.3 123.9 127.4 130 131.9 133.1 131.1 128 125.4 120.8 114.3 109.7 108.4 101 100.1 102.5 108.1 111.2 110.6 108.2 107.5 108.7 110.6 112.7 114.7 117.8 123.2 126.2 129.1 133.4 141.5 150.3 156.9 159.8 160.6 160.5 159.8 159 158.1 157.1 154.3 148 140.5 129.6 122.5 119.8 120.2 122.5 125.2 128.5 131.1 134 140.4 147.8
140.2 141.1 147.1 151.1 150.7 146.7 146.6 148.7 152.8 155.6 154.8 155.4 156.6 157.2 156.1 152.4 147.9 144.8 144.2 145.9 146.3 147.6 147.7 148.6 148.6 148.2 145.4 140.3 135.4 133.3 130.3 126.6 122 122.6 124.3 125.8 125.7 123.1 119.3 115.6 111.4 108.1 104.1 98.9 103.3 111 117.6 120.2 116.9 114.6 112.8 112.6 112.4 115 117.8 118.8 121.3 126 131.3 138.4 147.3 154.2 159.5 161.2 161.1 160.8 160.1 159 156.5 153.9 152 145.6 135.8 127.1 122.5 121.3 123.6 128.8 132.9 136.3 139.4 143.5 147.5 153.7
140.1 139 142.4 146.2 145.7 143 141.1 143.4 147.8 150.9 149.6 149.5 151.3 151.8 151.5 147.6 141.5 136.9 135.9 136.1 136.4 138.5 140.2 142.1 144.4 145 145 143.1 140.4 137.7 134.3 128.9 122.8 117.5 116.8 117.9 119.2 117.7 114.4 111.4 109 106.9 97.2 102.1 110 117.8 126.2 126.4 122.3 123.2 122.7 122.8 118.7 121.1 124.3 122.3 123.4 128.1 135.7 144.6 152.8 159.2 162.2 161.9 161.5 161.1 160.1 158.6 155.8 151.6 147.6 141.2 133.3 126.5 123.2 123.4 129 135.5 140.7 144.5 148.9 153.3 155.4 160.4
140.7 137.3 138.5 140.4 140.7 139.3 137.8 139.2 142.7 144.6 143.8 144.8 146.8 148.6 147.8 144.4 138.7 133.8 130.4 128.6 128.5 129.9 132.5 135 137.8 140.5 142.9 143.2 142.7 140.6 136.2 129.8 122.4 115.4 113.4 112.8 112.9 112.5 110.8 109.1 107.2 102.5 97.4 106.3 113.8 125.3 132.8 133.5 132.6 134.1 133.6 129.2 124.1 128.6 130.4 127.2 126.6 130.4 139.6 148.7 157.3 162.6 163.6 163.3 162.5 161.5 159.9 158 155.1 150.7 144.2 136.1 130 125.6 124.1 126.5 133.4 141.2 148.3 155.5 159.5 161.6 163.2 165.6
141.9 137.7 135.5 135.1 134.6 134.7 134.7 135.9 137.9 138.4 137.1 137.3 139.8 142.5 142.5 140.6 137.6 133.1 128.9 126.4 124.7 124.5 126 127.9 130.7 133.7 137.3 140.2 142.3 140.7 137.4 131.6 124.4 117.3 113 111.3 110.1 108.8 108.2 107.2 105.5 96.2 101.1 108.3 117.9 129.2 137.1 140.9 141.9 142.3 138.6 131.6 129.8 135.9 136.2 131.2 128.5 132.8 142.8 152.7 160.3 163.6 163.9 163.5 162.5 161.1 158.8 156.7 150.4 147 141.7 134.7 129.7 126.1 125.3 129.2 137.5 146.6 155.6 160.3 162.2 163.4 165.6 168.7
139.7 137.1 134.9 133.3 131.8 131.3 131.9 132.7 133.4 132.7 132.3 132.9 133.8 135.5 136.1 135 133.2 131 127.8 124.8 122.7 121.6 121.5 122.3 123.7 126.9 130.5 134.3 137.7 138.2 135.8 131.8 125.2 119.3 113.4 110.5 108.7 107.7 107 105.7 98.8 94.7 107.2 110.7 119.7 130.5 140 145.8 148.5 147 140.8 133.7 137 142 140.5 134.1 131.3 136 146.2 156.4 162.4 164 164.2 163.4 161.8 159.9 157.6 154.8 148 144.9 140.2 133.9 129.6 127.3 126.1 129.4 138 147.2 154.4 158 160.2 161.6 164.3 168.2
138.1 136.8 135.4 134 132.9 132.8 131.6 130.4 130.2 129.7 129.1 129.6 129.5 130 129.8 129.6 129.3 127.9 125.4 123.3 121.2 119.6 119.2 119 119.3 120.4 123.5 126.7 129.9 131.1 128.6 126.7 122.5 117.8 113.2 109.3 108.1 107.5 107.2 105.9 93.8 98.9 109.9 112.6 120.5 130.3 142.2 147.8 150.8 148.6 141.7 138.6 143.6 147 143.1 135.8 133.7 138.2 148.7 158.9 164 164.5 163.7 162.1 160.3 158.6 156.4 153.4 148 143.9 136.7 132.9 130.4 129.1 128.5 129.9 134.7 142.8 148.6 151.9 154.2 158.5 163 167.9
140.3 140.2 139 139.5 141.1 140.3 136.4 132.3 130 128.5 127.6 127.1 126.6 126 126.3 126 125.5 124.8 122.7 121.1 119.9 118.9 118.3 118.1 117.4 116.7 118.2 120.2 122.4 123.6 122.3 120.5 118.6 115.3 111.6 109.2 108.8 109.2 110.6 106 96.1 107.8 110.6 114.4 116 127.2 138.1 146.7 152 150.5 146 145.9 150.3 150.7 144.8 138.7 137.2 141.4 151.7 160.7 164.2 163.7 162.6 160.5 158.4 156.1 153.3 148.6 143.6 138.7 135.2 134.7 135.1 135.7 134.3 131.3 132.6 136.6 141 144.3 151.2 158.6 164 167.5
147.9 147.2 145.2 146.5 149.5 148.4 142.4 137.1 132.3 129.6 128.6 127.8 126.7 125.2 124.4 123.9 123.4 122.3 121.7 121 121.2 122.6 122 119.6 117.2 116 115.8 116.2 117.2 117.7 116.7 116.1 115 112.4 110.4 109.5 110.2 114.4 117.8 114.8 111.1 110.2 111.4 112.9 115.6 123.5 134.2 145.2 153.4 154 152.8 154.2 155.8 153.8 148.6 143.5 140.7 145.1 155 162.4 163.2 162.5 160.9 158.1 155.1 151.3 147.4 143.1 139.8 138.2 138.5 140.9 144.1 144.4 140.3 134.3 134 136.8 138 140.9 148.4 155.4 161.3 165.2
156.1 153.4 150.6 152.9 154.2 151.3 144.9 139 134.6 133.2 134.1 134.2 131.2 128.5 126.4 125 124.1 123.7 124.4 126 129.1 131.5 129.4 124 119.6 116.6 115 114.7 115.1 114.5 114 113.4 112.7 111.1 109.9 110.7 113.9 122.1 124.6 118.1 110.9 107.9 106.7 108 110.6 120.2 133.9 145.4 154.8 159.2 159.5 159.7 159.1 157.7 154.7 150.3 145.6 147.8 156.6 161.5 161.4 160.8 158.4 155.5 151.1 147.5 145.1 142.4 141.2 142.7 146.1 149.8 152.4 151 144.4 137.6 138 142.8 144 142.3 144.7 149.5 155.8 161.3
159.2 156.5 155.5 156.1 154.8 150.8 144.5 139.9 138.1 139.6 145.5 147.6 144.3 139.1 134.5 132.7 131.6 131.7 133.4 136.2 139.1 140.2 134.8 129.2 123.8 119.1 116.4 114.6 115.1 113 112.6 112 111.1 110.7 111.1 114.3 120.9 130 129 119.9 109.8 98.9 90.5 97.4 101.2 115 130.6 143.4 153.8 159.6 161.5 162.9 162.7 162.4 159.8 156.4 152.7 154.4 159.4 161.6 160.4 158.9 156.5 154.2 151.2 150.8 149.8 146 145.9 149.4 153.6 155.5 156.1 153.7 147.1 140.8 140.8 147 151.9 150 146.3 146.8 150.1 155.1
157.6 158 158.3 157.3 154.3 149.6 145 144.2 145.1 149.2 152.8 152.9 151.1 148.1 145.5 143.4 141 140.4 140.3 140.7 139.6 139.4 134.4 129.2 125.3 121.1 117.9 116.7 118.7 113.8 112.4 111.9 111.4 111 113.2 118.9 127 134.4 131.7 118.9 101.9 82.8 71.4 74.5 86.8 102 111.8 127.2 142.8 152.8 158.4 163.2 164.8 165.5 163.5 161.6 159.7 160.9 162.8 163.1 162.6 161.5 159.9 157.9 156.1 156.1 153.9 149.4 151.8 155.9 157.8 158.2 157.1 154.7 149.1 142.7 143.2 149.6 156.6 157 153.2 151.5 150.9 151.6
135 151.2 155.1 153.5 152.2 148.4 146.7 145.3 142.9 147.6 152.3 153.7 151.6 148.7 146.7 145.3 142.7 139 136.1 132.8 125 122.7 123.3 125.6 123.2 122.2 118.3 116.9 119.2 115.5 114.3 113.4 112.8 109.9 108.3 115 125.8 127.4 118.9 98.8 78.4 67.1 60.7 63.4 68.2 73.9 87.5 103.3 115.5 137.2 152.6 160.3 165.2 166.7 166.1 165.5 164.7 165 165.1 164.5 164 163.7 162.9 161.3 159.8 158.3 155.4 153.5 157.3 159.3 160.3 160 158.6 155.1 149 144.8 145.1 151 158 161.1 159.8 159.3 157.5 155.7
113.7 128.1 135.1 135.3 135 136.7 135.3 123.2 115 118 129.6 144 146.7 142.3 139.9 138 135.3 131.8 121.7 102.9 90.5 87.1 95 111 121.5 122.7 120 118.2 117.7 117.3 118.3 114.9 98 83.7 78.1 84.6 97.4 100.3 92.3 77.1 64.8 60.8 58.7 57.8 59.8 60.3 61.1 80.7 98.1 120.6 144.8 154.7 162 166.6 166 164.4 165.1 165.4 166.2 165.5 165.2 165.4 164.6 163.6 162.4 160.6 158 158.7 160.6 162.1 162.6 162 160.2 155.7 150.1 147.6 147.3 150.6 157.3 162.1 163 163.1 161.8 159.4
94.6 108.2 113.6 111.8 109.9 109 106.8 99.9 92 97.4 106.5 119.7 131.7 133.2 133.1 131.4 128.1 122.2 99.5 77.1 69 66.8 71.9 89.9 111.1 117.9 119 118 117.9 120.4 121.3 102.4 75.4 63.6 63 64.4 71.8 76.1 70.8 63.8 59.4 56.5 55.4 56.3 62.8 67.2 70.3 73.9 89.9 111.7 138.3 150.2 159.1 165.5 157.4 145.2 143 157.7 166.8 164.7 161.3 162.6 164.7 165.3 164.2 162.5 161.5 161.9 163 164.3 164.5 163.2 160.7 156.1 155.4 154.8 152.3 151.8 156.1 161.8 164 163.4 162.6 160.6
