WholeMapElevations/data/sj/sj43_OST50GRID_20230518/SJ43.asc
ncols 200
nrows 200
xllcorner 340000
yllcorner 330000
cellsize 50
[rows 76 to 113 of 200, columns 85 to 169 of 200]
96.6 95.1 94.5 92.6 90.2 87.7 87.1 87.1 87 86.5 87 87.4 88.4 87.7 88.2 89.9 92.8 96.2 98.2 98.8 98.8 98.2 97.5 97.8 98.6 99.9 99.1 99.1 99.3 99.8 99 98.2 97.9 98 98.3 99.1 98.9 99.2 98.6 98 98.1 98.7 98.7 98.3 98.1 97 97.5 95.2 93.8 94.1 93 90.2 91.4 91.2 91.8 90 88.8 90.2 90.2 88.3 89.7 89.5 90.1 89 88.9 89.5 88.8 88.7 88.5 88.4 88.2 88.2 88.1 88.8 89.6 89.8 89.8 89.4 89.8 89.6 89.5 89.7 89.5 89.1 89.3
99.2 95.8 94.2 93.4 91.5 88.9 87.8 87.8 87.1 86.5 86.3 86.9 88.5 87.5 87.5 88.5 91.5 94.9 98.5 98.4 99.3 98.4 97.7 97.7 98.6 100.1 99.3 99.8 99.8 99.9 99.4 97.9 97.2 96.9 96.3 96.2 97.8 98.2 97.4 97 96.8 96.8 97.5 97.7 96.4 96.6 96.2 94.5 92.9 93.3 91 90.5 91.1 90.9 91.1 90.4 89.9 91.4 91.8 89.1 88.8 90.7 89.1 89.4 89.1 89.2 88.5 88.4 88.3 88.2 88.1 87.8 88.2 88.9 89.4 89.5 89.4 89.9 89.9 90 89.8 89.5 89.2 89.3 89.5
95.7 94.1 93.6 93.8 92.6 90.2 89 88.2 87.5 87.1 86.7 86.3 87.4 87.4 86.8 87.7 90.5 93.8 97.2 98.8 99.2 98.8 97.8 96.7 98 100 99.5 99.9 100 100.1 98.6 98.1 97.2 96.5 95.1 96.1 96.3 97.7 97.2 96.9 96.9 97.1 96.1 96.2 95 93.8 95.6 94.3 91.8 91.8 91.4 91.2 90.3 89.9 90.2 90.7 91.3 93.2 92.8 89.5 88.3 89.7 89.4 89.6 89.2 88.7 88.2 88.2 88.1 87.9 87.9 87.9 88.3 88.8 89.1 89.2 89.6 90.2 90.2 89.7 89.5 89.3 89.2 89.4 89.6
94.3 92.9 92.2 92.8 92.4 91.1 88.6 87.7 87.4 87 87 87 86.8 85.7 87.3 87.4 89.2 92.5 95.5 97.4 98.9 98.6 98.1 97.3 97.4 98.6 98.5 98.5 99.3 98.4 95.7 94.4 95.3 97.1 95.8 94.9 95.6 98.1 97.2 96.4 95.7 95.7 94.7 95.8 95.4 94.9 94.7 92.9 90.5 90.4 91.6 90.2 90 88.9 89.2 90.3 92.3 93.7 92.5 89.5 88.4 89.3 89.7 89.7 89 88.2 87.8 87.9 87.8 87.8 87.7 88.1 88.6 88.6 88.8 89.2 89.9 90.2 90.4 89.8 89.3 89.3 89.3 89.5 89.7
92.1 91.8 91.6 91 91 89.8 88.1 87.6 87.3 87.7 87.1 86.8 86.5 86.5 86.4 87 88.1 91.3 94 97.1 98.3 98.3 96.8 97 97.7 97.1 97.2 97.1 98.4 97.8 94.8 93.8 96.4 98 96.2 95.5 94.7 95.5 97 97.4 95.7 92.5 91.5 93.4 93.8 93.5 91.9 90.4 90.5 90.4 90.2 88.9 89 89.3 89.7 91 93.1 93.4 92.3 90.1 88.5 89.3 89.4 89.5 88.7 87.7 87.6 87.6 87.6 87.8 88.1 88.1 88.4 88.8 88.9 89 89.6 89.9 90.4 90.3 89.5 89.4 89.3 89.6 89.8
89.9 88.9 89.7 91.2 90.4 88.6 88 87.3 87 87.6 87.2 86.8 86.2 86.1 85.9 86.3 87.4 89.8 92.3 95 97.5 97.5 95.8 96.1 96.9 96.2 96 96.8 97.7 91.8 90 90.5 92.1 92.9 94.6 96.7 96 95.8 93.9 95.1 93.6 91.1 89.5 88.4 88 88.8 89.7 90.4 89.7 89.8 90.2 89 88.4 90.5 91.3 92.3 93.9 91.3 90.1 88.5 88.2 89.3 89.4 88.9 88.3 87.7 87.7 87.7 87.7 87.7 88.1 88.5 88.6 89 89.1 89.2 89.4 89.8 90.4 90.8 90.4 89.5 89.4 89.6 89.6
87 85.2 87.8 89.1 88.5 88 87.4 87.1 86.5 87.1 86.5 86 85.9 86.2 85.4 85.8 86.9 87.7 90.3 92.4 94.4 95.6 95.5 96.1 96.4 95.4 95.9 97.1 96.7 93.1 89.3 88.8 88.7 89.5 93.1 93 92.7 93.1 92 91.9 90.5 88.6 88.3 88.8 87.4 86.7 88.6 89.8 89.8 90.5 90.5 89.3 89 91.1 92.8 93.8 92.3 90.4 88.1 87.6 88.2 88.9 89.1 88.9 88.2 87.8 87.8 87.8 87.8 87.8 87.9 88.3 88.8 88.6 88.8 89 89.3 89.8 90.4 90.7 90.5 89.9 89.4 89.5 89.6
86.8 85.4 87 87.8 87.8 87.4 87.2 87 85.6 86.6 86.3 85.7 85.6 85.5 85.3 86.1 86.7 86.1 87.7 89.9 91.7 93.3 93.8 96.1 96.3 95.7 96 94.1 93.3 95.1 92.5 92.5 91.1 90.1 91.1 88.9 90.9 91.2 90.6 90.1 89.3 88.3 88.4 87.7 86.8 88 90.2 90 91 90.5 91.2 90.3 89.6 91.3 93.7 92.6 90.2 88.5 88 88.1 88.3 88.3 88.8 88.7 88 87.9 88 88 87.9 87.9 87.9 88.2 88.8 88.7 88.7 88.9 89.2 89.7 90.3 90.3 90.5 90.6 89.6 89.5 89.6
86.8 86.1 86.4 86.6 86.8 86.3 86.2 86.2 85.7 86 86.1 85.9 85.6 85.1 85.6 87.2 87.1 87 86.5 87.5 88.9 90.1 92.8 95.9 96 93.9 93.9 93.8 91.4 92.8 91.8 93 93.5 91.7 88.6 88.3 89.1 89.2 90.1 88.6 88.2 88.2 88.1 86.9 86.9 89 89.5 89.5 90.3 90.2 89.7 89.5 89.8 91.4 91.5 90.6 89.9 87.9 88.1 88.1 87.6 87.9 88.3 88.5 88.1 88.1 88.1 88.1 88.1 88.1 88 88.7 88.9 88.9 88.9 88.9 89 89.4 90 90.6 90.9 90.7 90.5 89.6 89.3
86.8 86.8 86.5 86.4 86.3 86 85.9 86 85.5 85.2 85 84.8 85.5 85.5 86.8 87.2 88 87.6 87 86.1 87.4 89.6 92.4 95.5 94.8 95.5 94.4 92.9 91.9 90.9 88.4 89.3 90.1 89 88.5 88.8 88.8 88.9 89.1 88.3 88.1 88.1 87 86.7 88.1 89 89 89.3 89.2 88.5 88.3 88.3 88.3 87.7 87.8 88.7 88.9 87.9 88.8 89.8 90.2 90.1 89.5 89.3 88.9 88.4 88.2 88.2 88.2 88.2 88.3 88.9 89 89 89 89.1 89.1 89.2 89.8 90 90.6 90.8 90.4 89.9 89.5
87.7 88 87.5 86.9 87 87.8 87.2 86.9 86.4 86.3 85.4 84.7 84.7 85.4 87.4 88.6 89 88 87.3 86.4 86.1 86.4 89.1 92.4 95.4 95 95 95 93.6 90.5 88.5 87.8 87 87.5 88.8 87.9 87.6 86.9 86.9 87.4 88.1 88.7 88.1 88.7 89.4 90 89.7 89.4 88 88.2 87.9 87.6 86.2 86.6 86 86.2 87.6 90.3 88 87.8 88.4 88.9 89.3 89.6 89.6 89.3 89.2 88.9 88.6 88.4 88.3 89 89 89.1 89.1 89.1 89.1 89.1 90 90.1 90.5 90.7 90 89.3 88.9
89.8 90 89.6 89.4 88.8 89.8 89.3 88.8 87.9 88.1 88.2 85.1 84.6 86.3 87.2 88.5 88.5 88 87.5 86 84.9 84.9 86.3 90.5 93.8 95.5 96.4 96.4 95.2 91.3 89.6 88.8 87.2 87.2 88.1 87.7 86.4 86.6 86.4 87.3 88.3 89.2 88.2 90.1 89.6 90.5 90.1 89.8 88.6 88.9 88.9 88.3 87.1 88.4 88.6 90.3 89.5 86.9 87.5 87.7 87.2 86.8 87.4 87.8 88.4 89.2 89.7 90 89.8 89.7 89.5 88.9 89.1 89.1 89 89 89 89 90.2 90.3 90.7 90.5 90.2 89.4 88.7
92.2 92.3 92.5 92.1 92.1 91.8 91.2 90.7 89.5 89.2 88.9 86 86.8 87.6 87.2 87.4 87.5 87.8 87.3 85.4 84.4 84.4 84.5 86.2 90.8 96.1 95.8 96.9 95.8 95 93 91.2 89.3 88.9 87.4 86.8 86.3 86.7 87 88 89.1 90.1 90.4 92.2 90.9 90.4 90.3 90.2 90.2 89.6 89 86.3 86.9 87.5 87.8 87.4 87.1 86.7 87.1 87.3 87.1 86.9 88.6 88.7 88.7 88.7 88.8 89 89.5 90 89.8 90 89.7 89.1 88.9 88.9 89.3 90 90.3 90.6 90.7 90.3 89.8 89.3 89.3
95.8 95.5 94.9 91.4 93.6 92.7 91.8 92.1 93.3 90.7 88.9 87.4 87.9 87.3 86.9 87.1 87 87.7 87.1 84.7 84.7 84.6 84.5 84.9 90.5 95.1 94.9 95.8 95.7 94.5 91 90.8 90.4 89.9 90.8 90.6 88.6 86.5 87.3 88.7 89.9 90.3 92.6 94.2 93 91.7 90.5 88.9 87.5 88.2 87.9 85.4 87.1 88.7 87 88.2 87.3 86.4 86.6 86.9 87 87.3 88.6 89.6 89.3 89.1 89.1 89.2 89.2 89.2 89.3 89.6 89.8 89.8 89.6 89.6 89.9 89.8 90 90.4 90.5 89.9 89.5 89.3 89.3
100.6 97.8 96.8 96.2 93.8 95.2 95.3 95.4 96.9 95 91.2 87.7 87 86.8 87 88.5 86.8 86.5 86.2 85 85 84.9 84.8 84.8 88.3 92.5 95.2 95.2 95.2 93.5 90.3 90.4 89 89.1 87.1 86.5 86.8 87.2 89.2 90.7 89.8 91.2 94.1 94 92.7 91.7 90.4 89 87.5 87.8 87.8 85.3 86.4 87.2 88.3 87.8 87 85.9 86 86.3 86.9 87.2 88 89 89.5 89.4 89.5 89.6 89.7 89.8 89.6 89.3 89.1 89.3 89.4 89.9 90.1 89.9 89.9 90.4 90.3 89.8 89.4 89 89.1
99.5 97.7 96.9 99.8 97.7 96.9 96.5 98 99.1 97.4 93.6 89.3 86.6 87.6 87.6 88.6 87.6 85.5 84.7 84.3 84.7 84.7 84.6 84.7 87.2 91.7 93.5 93.7 93.7 91.9 90.7 89.9 88.7 88 87.1 87 86.4 87.1 87 87.9 88.9 91.9 93.7 93.5 91.5 90.2 89 88.3 87.4 87.2 87.1 85.2 86.4 86.3 87.3 86.3 85.9 85.7 85.8 85.8 86.4 86.9 87.7 88.6 89.4 89.5 89.5 89.5 89.6 89.8 89.7 89.4 89.3 89.3 89.3 89.2 89.1 89.1 90.4 90.3 90.1 89.9 89.6 89 88.5
99.1 95.9 96.1 100.4 99.2 97.4 97.1 97 99.2 98.9 94.7 90.3 87.1 87.2 88 88.4 86.5 85.1 84.3 84.3 84.3 84.5 84.4 84.8 87.3 91 92.7 92.4 91.9 91.2 91.7 90.6 89.5 88.1 87 86 86.1 86.5 87.1 88.5 89.9 92.6 94.3 92.9 91.1 90.2 89.3 88.7 87.3 87 86.7 85.2 85.3 86 86.9 86.7 86.6 85.6 85.7 85.8 86 86.6 87.3 88.8 89.1 89.2 89.2 89.3 89.6 89.8 89.7 89.5 89.4 89.4 89.5 89.3 88.9 88.6 89 88.7 89.3 89.9 89.8 89.3 88.7
100.7 96.1 97.6 100 100.1 96.2 99.3 98.7 99.1 99.6 96.2 93 89.4 86.9 87.4 87 86.6 84.7 85.1 84.8 84.6 84.4 84.4 85 87.8 91.8 90.9 93.6 93.8 91.9 92.5 91.4 90 88.6 87.9 86.6 87.2 86.8 87.3 88.6 89.6 91.7 93 93.1 92.1 91.1 89.6 88.3 87.4 87.1 86.6 84.9 85.3 86.4 88.1 87.9 87.1 86 86.1 87.3 87.4 87.6 87.8 88.5 88.8 88.9 89 89.2 89.7 89.8 89.8 89.6 89.6 89.5 89.6 89.4 89.1 88.6 88.5 88.4 88.7 88.3 88.7 89.1 89.8
100.9 100 100.3 99.9 100.7 99.1 99.8 98.4 99.7 98.6 96.9 92.5 91.1 88.8 87.4 86.5 85.3 84.3 85 84.9 84.7 84.4 84.8 85.1 87.7 92.4 93.5 95.3 94.4 93.2 93.1 91 89 88.6 88 88.7 88.2 87.8 87 87.7 89.4 90.3 91.2 92.2 92.1 91.4 89.5 88.7 87.2 87.4 86.5 85.3 84.9 86.1 87.9 88.1 87.2 85.6 86.8 87.8 88.8 88.6 88.2 88.2 88.5 88.7 88.9 89.4 89.8 89.8 89.9 89.7 89.7 89.7 88.9 89.5 89 88.7 88.6 88.5 88.6 88.1 88 88.1 88.7
99.7 100.2 100.4 99.9 100.5 101.1 99.5 99 98 98.9 97 92.9 91.9 89.7 87.8 86.7 85.4 84.6 84.8 84.8 84.7 84.7 85.2 85.6 90 95.9 96.5 96 94.3 93.3 93.7 90.9 88.2 87.9 88.8 89.3 88.8 88.4 87.5 87 88.3 89 89.8 90.7 92.3 91.1 89.2 87.7 87.1 86.1 85.6 85.2 84.9 85.5 86.6 87.4 86.5 86.1 86.9 87.9 88.4 88.8 88.3 87.8 88.2 88.5 89 89.5 89.8 89.8 89.9 89.9 89.6 89 88.9 88.8 88.9 88.8 88.8 88.7 88.4 88.2 88 88.5 88.2
98.6 98.6 98.9 99 99.7 100.1 98.5 99.1 99.1 98.7 99 97.2 93.2 89.7 88 87.7 86.5 84.8 84.8 84.5 84.9 84.8 85.4 86.5 91.3 96.7 96.8 96.6 94.3 93.5 93.7 90.5 87.3 88.2 89.2 89.5 89.1 88.7 88.3 87.6 87.3 88.3 88.5 89.3 89.8 90.7 89 88.3 87.7 85.4 85.2 85.2 85.3 86.2 86 86.9 86.8 86.4 86.7 87.4 87.9 88.4 88.4 87.7 88.6 88.9 89.3 89.7 89.7 89.7 89.7 89.3 88.8 88.9 89.1 88.8 88.6 88.4 88.6 88.6 88.2 88.2 88.3 88.2 88
99.7 98.5 98.8 97.8 98.8 99.8 98.4 97.9 97.6 96.9 97.7 96.9 91.7 88.2 88.8 87.8 85.7 85 84.4 85.8 85.6 85.3 85.1 87.3 92.8 94.3 97.3 96.9 95.6 94.2 93.7 92.6 89.8 89.6 89.1 89.5 89.3 88.9 88.4 87.1 87 87.8 88.3 88 87.9 88.2 88.7 88.5 87.9 85.4 85 85.1 85.3 85.4 85.2 86.3 86.3 86.6 86.8 87.9 87.9 88.2 88.1 87.3 88.5 88.9 89.1 89.1 89 88.9 89.2 89 88.4 88.7 88.9 88.6 88.6 88.6 88.6 88.3 87.9 87.9 88 87.9 87.7
99.3 98.7 99.5 98.2 98.5 99.4 99.4 97.7 96.4 96.6 94.9 93.3 91 87.8 87.9 86.5 85.5 85.5 85 86.5 86.2 85.8 85.3 88.2 95.2 95.6 95.4 96.4 95.6 95.1 94.2 94.2 92.4 90.6 89.8 89.2 89.1 88.7 88.1 88.2 87.6 87.3 87.4 87.3 86.8 87 86.4 87.1 86.3 85.6 85 84.7 84.8 85 85.1 85.4 85.8 86.5 86.9 87.8 87.9 87.7 87.1 87.1 87.7 88.6 88.6 88.5 88.4 88.6 88.7 88.6 88.4 88.3 88.6 88.4 88.4 88.4 87.8 87.4 87.5 87.6 87.7 87.6 87.3
98.4 99.2 99.4 99.1 98.4 98.6 99.1 98.7 96.9 95.6 94.1 92.9 90.8 87.9 85.5 85.3 85.8 85.3 85.3 86.4 86.1 85.7 85.2 88.1 92.8 95.1 95.2 94.8 95.4 95.4 93.8 93.3 94.6 92.8 91 89.6 89.1 88.9 88.9 88.5 88 87.8 88.1 87.1 87 86.3 85.1 85 85.8 85.6 85 84.4 84.5 84.6 84.7 84.9 85.5 85.4 86.5 87.5 87.7 87.2 86.3 86.7 87.2 87.7 88 88.6 89.6 89.1 88.6 88.5 88.5 88.3 88.2 88.2 88.2 88.3 87.9 87.6 87.2 87 87.3 87.2 87
94.1 99.3 100.1 99.5 98.9 98.3 99.5 98 96.4 94.4 93.6 93.1 90.8 87.8 85.8 85.7 86 85.3 85.6 85.7 85.8 85.4 85.4 86.4 90.3 92 93.3 95.3 96 95.7 93.9 92.4 94.1 95 94.2 91 90.3 90.1 89.9 89 89.3 88.5 88.4 88.2 86.8 85.7 86.2 85.9 86.9 86.8 85.1 84.6 84.5 84.6 84.7 84.7 84.6 84.6 85.8 87.1 87.2 86.4 86.7 86.9 86.6 86.8 87 89 90.7 89.8 88.3 88.2 88.1 88.1 88.1 88 87.8 87.9 87.6 87.2 86.8 87.1 87.1 86.7 86.5
91.5 95.3 99.2 99.5 100.1 99.3 99.4 97.4 96.9 95.5 95.6 93.9 91.5 89.3 87.6 86.1 85.6 85.6 85.8 85.9 85.2 85.1 87.4 89.1 89.4 89.4 91.1 94.6 96 96 94.4 93.7 93.9 93.7 94.4 92.5 93.5 92.7 90.9 89.6 89.3 89.5 89.3 88.8 87.8 85.8 86.8 86.5 87.1 87.9 86.8 84.7 84.4 84.7 84.7 84.6 84.5 84.6 85.5 86.3 86.9 86.3 86.9 86.6 86.2 86.2 85.9 90.2 91.5 90.4 88.8 88.1 88.2 88.1 88.1 87.3 87.3 87.5 87.3 86.9 86.5 87 87 86.6 86.2
93.1 90.6 94.9 99.1 99.4 100.2 99.7 98.4 97.1 96.8 97.5 96.5 93 90.1 90.3 88.1 86.5 84.6 85.5 86.3 87.9 85.3 90.4 90 87.4 86.6 89.1 91.7 95.2 95.5 95.7 94.5 93 93.5 92.9 91.8 94.9 94 91.7 90.5 89.1 89 89.2 88.8 87.8 86.1 86.9 88.4 89.8 90.2 88.3 85.4 84.4 84.2 84.6 84.5 84.5 84.6 84.7 85.6 86.4 86.2 85.7 86.7 85.9 85.3 86.1 89.9 91.1 91.4 89.8 88.3 88.4 88.3 88.1 87.6 87 86.6 86.4 86.5 86.4 86.8 86.8 86.5 86.5
95.2 94 92.5 98.6 98.8 100 99.2 98.2 97.7 96.7 96.5 96.9 96.6 94.1 92.7 89.5 87.1 85.5 87 88.5 90.1 89 84.3 87.2 87.1 85.4 86.7 89.4 91.8 94.9 95.8 95.4 93.9 92.5 92.6 91.3 92.6 93.1 92.7 91.8 89.5 89 88.9 88.8 86.7 85.7 86.1 88.1 89.3 88.4 87.4 84.8 84.5 84.2 84.6 84.5 84.6 84.7 84.8 85.9 85.6 85.1 85.8 85.5 85.1 85.3 86.9 90.4 90.6 90.8 90.8 89.3 88.5 88.3 88.3 87.8 86.8 86.6 86.4 86.2 85.8 86.4 86.6 86.5 86.1
91.2 91.6 91.6 98.2 99 97.5 99.1 97.1 97.6 97 96.3 95.9 96.4 96.7 94.4 91.4 87.7 85.6 89.7 90.6 88.4 85 84.8 84.8 85.6 86.1 86.5 87 88.8 91.2 94.5 95 94.1 92.9 91 90.7 91.8 92 92.7 91.4 90.5 89.9 89.4 88 86.6 86.6 85.4 86.3 87.3 86.6 86.1 84.8 84.6 84.3 84.5 84.5 84.6 84.8 84.9 85.2 85.1 85.7 85.6 85 84.8 85 88.2 91 90.8 91 91 89.7 88.9 88.5 88.4 87.9 87.3 86.7 86.4 86.1 85.8 86.3 86.4 86.3 86
87.8 88.2 88.8 93.4 96.9 94.2 98 93.3 94.2 94.7 95.3 95 96.1 97.1 96.3 93.1 88.6 90.5 87.3 85.3 86.8 85.6 84.9 84.6 85.4 85.8 86.1 86.3 86.9 87.8 89.8 92.7 93.2 90.7 89.6 90.3 91.1 91.3 89.5 90.3 90.6 91.5 91.3 88.4 87.1 87.3 87 85.2 84.9 85.3 85.2 84.5 84.6 84.5 84.5 84.6 84.7 84.8 85 84.8 85.7 85.7 84.9 84.7 84.7 85 88.7 90.7 90.9 91.1 91.3 90.2 89.4 88.4 88.2 87.7 87.5 86.9 86.6 86.4 86.4 86.3 86.2 86.1 85.8
91.4 88.1 87.9 88 89.3 91.5 96.6 94 94.5 94.4 93.7 93.6 97 97.3 97 88.2 90.5 86.6 85.7 85.5 85.7 85.2 83.9 84.9 85.1 85.6 85.8 85.8 86.1 86.3 88 89.3 89.2 90.3 91.7 92.4 91 89.6 86.3 90.5 91.3 92.1 91.7 90.7 89.6 88 87.4 86.5 85.1 85.5 85.6 84.3 84.3 84.4 84.6 84.9 85.2 85.4 85.6 85.3 84.9 84.6 84.7 84.6 84.7 85.4 89.4 90.9 91.1 91.4 91 90 89.2 88.5 88.1 87.6 87.4 87 86.8 86.5 86.5 86.3 86.1 85.8 85.7
95.1 91.3 90.2 88.6 87.7 88.2 92 95.4 93.5 93.2 93.9 96.5 97 96.9 89.3 88.9 90.9 88.4 86.8 85.6 85.6 85.5 85.5 85.2 85 85.4 85.9 85.5 85.1 85.4 86.5 87.8 87.8 91.1 94 93.8 92.6 89.7 91.3 92.3 92.3 92.1 92.1 91.5 90.4 89.2 88 87.3 85.4 85.1 84.8 84.5 84.6 84.6 84.5 84.8 85.1 85.4 85.6 84.8 84.7 84.8 85.2 85.3 84.9 86.2 89.4 90.7 91.5 91.5 90.6 89.9 89.4 89 88.6 88.4 88.3 87.7 86.9 86.6 86.3 86.2 86.2 86.7 86
97 91 89.2 88.1 87.4 87.7 87.9 93.5 93 93.6 93.6 96.1 97.7 96.5 95.4 90.3 89.5 88.9 87.6 86.4 86.2 86 85.7 85 85.2 86.1 86 85.7 85.7 85.2 85.2 85.9 87.8 91.4 92.6 94.1 92.4 91.4 91.8 92.3 92.9 90.3 89.6 89.2 89.7 89.4 88.6 87.7 86.3 84.5 84.5 84.7 84.8 84.7 84.6 84.6 85 85.1 85.3 85.1 84.9 85.3 85.7 85.3 84.7 85.2 88.6 90.3 91.6 92.2 91.2 90.5 90 89.5 89.1 89.1 88.9 88.5 87.6 86.7 86.5 86.4 86.9 86.4 86.8
97.5 91.7 88.4 88 91.3 91.8 88.6 88.4 90.4 89 89.9 92.4 95.8 95.4 95.1 93.1 89.4 88.5 87.8 86.3 84.9 85.7 85.9 84.5 86.1 86.2 86.4 86.2 85.4 84.9 85 85.2 87.1 91.4 93.1 93.6 91.9 93.2 91.8 92.8 92.8 92.3 87.2 87.1 87.4 88.2 87.9 86.9 86.1 84.6 83.9 84.4 84.9 84.8 84.6 84.5 84.7 84.9 85.1 85.4 85.2 85.6 85.6 85.2 85 86.5 86.2 89.4 91 91.8 91.9 91.1 90.6 90.1 89.9 89.3 89.1 88.5 88 87.8 87 86.5 86.7 86.3 87.1
97.4 90.3 88.1 87.6 90.2 89.9 88 87.9 87.4 87.4 88.2 89 91.3 91.5 95.5 92.4 90.5 90 87.8 86.6 86.6 85.2 85.4 85.2 85 84.8 85.6 85.9 84.7 84.7 84.8 84.8 85.6 89.8 94.6 94.1 92.8 93.6 92.7 92.4 92 90.9 89.3 86.9 89.3 87.9 86.7 86.4 86 84.8 84 84.1 84.4 85 84.9 84.7 84.6 84.8 85 85.2 85 85.6 85.5 85.2 85.3 86 86.7 88.5 90.2 91.1 91.7 91.7 91.1 90.5 90.3 90.2 89.5 88.7 88.7 88.2 88.1 87.7 86.8 87.1 87.6
93.8 89 88.5 87.8 87.6 88 87.6 87 87.3 87.1 87.2 87.5 87.7 87.4 88.8 90.5 91.2 89.4 87.8 87.1 86.9 85.8 85.2 84.9 84.6 84.6 84.7 85.9 84.5 84.5 84.5 84.6 84.8 87.8 93.1 92.5 92.2 92.5 92.7 91.8 90.9 90.2 90.5 89.1 89 88.8 86.3 85.5 85 84.7 84.6 83.9 84.1 85.1 85.2 84.9 84.7 84.7 84.8 84.9 84.9 85.6 85.4 85.1 86.1 86.3 86.3 87 88.9 90.4 91.2 91.5 91.7 90.7 90.4 89.9 89.9 89 88.9 88.7 87.9 88.1 87.6 87.9 87.7
93.2 91.6 89 87.9 87.3 87.3 86.8 86.8 87.1 87.5 87.8 87.7 87 87 87.2 89.1 88.8 88.2 87.3 87.1 86.5 85.8 85 84.9 84.6 84.7 84.7 85.5 84.7 84.5 84.9 85 85.3 85.7 89.3 92 90.5 91.4 92.4 92 91.6 91.6 91.4 90.5 88.2 87.2 86.3 85.1 84.6 84.3 84.7 84.5 84 84.1 85.8 85.2 84.8 84.8 84.8 85.1 85.1 85 85 85.2 85.2 85.3 85.5 86 87.6 90.5 91.5 90.9 91.4 91.1 90.8 90.1 89.6 89.5 89.3 89.1 88.7 88.3 87.6 87.4 87.6
94 93.2 91.4 89.7 87.5 87.3 87.2 87.6 87.1 87.2 87.1 89.8 88.9 89.3 88.8 89.9 90.9 89.4 88.7 88.3 86.7 85.3 84.8 84.4 84.4 84.4 84.7 85 85.1 85 84.9 84.8 85.2 86.1 87.1 90.5 89.7 89.5 91 91.6 91.3 91.4 91.5 90.5 86.2 86 85.9 84.7 84.1 83.7 84.3 84.5 83.9 84 84.7 86.2 85.2 84.8 84.9 85.2 85.3 85 85.2 85.2 85.3 85.5 85.4 85.3 87 90.6 91.8 92.7 92.5 92 91.4 90.9 89.5 89.3 89.1 89.1 88.6 88 88.4 87.9 87.9
