UK/data/nh/nh19_OST50GRID_20230518/NH19.asc
ncols 200
nrows 200
xllcorner 210000
yllcorner 890000
cellsize 50
[rows 152 to 189 of 200, columns 86 to 171 of 200]
21.7 18.6 25.2 29.8 40.1 43.4 44.1 40.5 41.5 44.8 62.3 79.8 90.8 99.4 100.2 98.3 100.7 110.2 120 128.5 138.1 141.2 147.3 156 171.5 193.8 225.6 244.5 257 259 255.8 257.7 268.8 290.3 309.8 334.4 360.7 377.6 389.9 411.4 436 440.3 450.3 467.1 481.9 478.2 496.9 504.1 514.7 529.5 527.8 525.7 526.2 527.4 529.3 527.5 525.5 521.4 516.7 510 502.6 498.6 494.2 488.9 486.1 483.6 482 475 471.2 464.2 457.5 454.4 452.9 444.1 438 431.9 431.9 438.6 442.6 435.8 434 429 420.2 415.9 413.4 406.1
15.4 13.7 28.2 28.9 39.5 44.4 46.1 44.7 42.8 41.9 49.5 70.8 85.6 96.2 106 105 102.9 106 113.7 120.3 127.5 135.1 140.8 152.3 164.6 180 206.5 226.5 243.1 249.5 252.8 248.9 257.3 278.3 296.2 314.4 346 369.3 377.9 398.9 415.1 433.8 441.8 453.9 472.5 480.2 483.8 495.1 504.1 512.7 519.5 517.5 515.6 518.8 519.5 519 514.8 513 508.6 502.9 496.1 488.7 484.3 482.1 476.1 473.4 472.2 468.7 465 457.3 450.3 448.1 443.8 441.8 437 431.9 431.9 437 438.3 439.9 437 432.9 424.7 417.9 414.8 412.3
12.2 13.7 22.5 28.8 38 41.2 40.8 41.7 41.6 39.2 40.1 58 72.6 85.7 87.6 97.8 101.3 105.7 111.6 116.3 119.4 126.9 136.2 146 157.3 168.2 181.5 202.6 223.8 236.1 242.3 241.2 243.8 261.4 279.6 302.4 323.8 359 368.4 378.4 397.2 423.4 433 437.9 454.9 472.3 473.3 482.8 491.6 498.5 507.8 510 508.2 508.5 509.4 506.6 505.1 503 500.3 491.7 485.4 481.6 477.1 473.3 469.9 466.9 463 458.4 452.4 448.4 446.1 441.6 440.3 437.2 431.9 431.9 431.9 439.4 444.1 441 433.4 427.7 423.3 421 417.1 421.7
18.1 27.5 32.2 32.1 35.4 38.6 36 36.5 37.4 35.8 34.3 39.1 61.7 70 73.5 87.7 97.6 105.5 108.9 111.2 115.8 122 130.7 139.4 153.8 163 175.1 186.3 194.3 215.1 232 232.3 235.9 245.8 255.5 280.2 308.9 349.8 353.8 362.5 380.6 411.5 418.4 418.8 432.6 457.2 466.7 465.2 480.9 489.6 494.4 498.3 499.7 500.6 497.6 495.8 495.5 493.8 488.1 479 474.2 470 469.1 466.2 463.1 458.5 456.4 450 445.7 440.8 436.7 433.3 433.4 434.2 431.9 434.9 438.7 441.4 437.4 432.5 432 429.7 423.8 421.3 423.8 420.4
-2 23.9 33 30.5 32.2 29.2 32 32 33.9 33 28.6 29.8 35.4 49.5 58.6 74.9 86.3 100.7 110.5 109.1 110.5 114 123 133.2 145.1 154 165.8 176 185.9 187.8 202 213.5 224 231.3 239.7 261.8 294.6 337.8 348 354.4 362.8 385.1 404.2 406.3 413.6 431.5 453.7 459.1 463.9 479.4 484.6 486.2 488.7 488 487.3 486 484.1 482.3 477.3 469.7 463.8 461.5 460.3 456.9 453.6 449.3 449.1 445.4 441.6 436.6 432.6 431.1 431 432.1 433.5 435.2 433.5 431.7 430.5 432 429.7 424.4 419.7 422 419 412.2
-2 -2 20.4 20.1 21.4 23.4 27.2 30.3 29.5 24.9 23.8 23.9 27.3 31 38.4 51.8 75.5 89.7 102 99.9 100.1 102.2 111 121.5 138.2 144.8 152.4 161.7 173 176.3 187.4 200.3 207.9 216.5 231.2 249.1 282.6 326.2 336.9 343.8 345 371.8 383.7 393.9 404.4 418.3 440.3 454 454.7 465.1 472.9 476.7 477.4 478.2 478 477.7 475.1 471.9 467.9 461.8 455.9 453.8 451.8 450.2 443.5 440.3 438.3 436.3 433.4 431.1 428.2 428.7 427.1 427.9 427.9 427 427.7 427.6 428.1 429.1 426.7 420.5 419.7 415.9 412.2 412.2
-2 -2 -2 -2 10.6 19.2 21.1 26.9 23.3 19.9 18 17.1 18.1 20.8 25.6 31.4 52.3 75.2 83.4 88.9 90.8 92.9 97.4 109.3 126 138.6 142.7 145.7 153.2 166.1 175.8 186.9 194.6 202 217.1 251.7 277.6 308.7 321.7 326.2 330.9 340.3 366.9 379.3 394 405.5 424.9 438.1 447.2 449.6 463.5 464.2 468.8 471.2 468.2 466.8 464.7 461.2 457 452.4 447.6 446.1 442.4 439.8 434.3 432.9 430.3 430 427.4 424.1 424.4 424.8 422.9 425.6 424.7 423.6 423.5 426.4 427.9 426.9 418.7 416.5 416 412.2 412.2 417.6
-2 -2 -2 -2 -2 -2 -2 14.4 16 11.2 9.9 9.5 10.7 9.9 8.1 15.7 27.4 52.1 69.6 77.7 80.8 81.4 84.6 95.8 107.3 127.5 134.2 139.1 142.9 149.6 163 172.6 180.5 191.3 204.8 225 253.5 289.9 309 310.8 312.7 324.6 346.1 364.1 381.2 392.4 408.3 420.6 429.9 436.4 438.5 453 457.8 459.1 455.6 454 452.5 449.6 444.3 439.1 437.3 435.6 432.3 428.6 426.3 426.3 425.5 424.6 423.5 418.9 417.5 417 417 420.4 419.1 420.1 421.5 420.5 416.7 415.3 414.5 415.3 414.9 416.3 417.1 413.5
-2 -2 -2 -2 -2 -2 -2 -2 -2 3.1 -2 1.7 2.1 -2 -2 -2 10.8 26.8 49.1 61.7 68.3 69.3 74.9 82.2 90.6 109 118.6 127.6 128.5 135.2 149.5 163.2 172.8 183.4 197.5 217.5 240.7 277.7 296.7 294.8 295 308.5 320.1 341.9 357.9 371.4 384.5 401.4 412.1 419.4 422.7 432.5 442.1 444.5 443.2 439 437.4 434.4 429.9 426.5 424.9 422.5 422.3 421 418.8 416.1 418.4 417.5 418.5 415.6 413.8 411 414.3 414.7 413.5 414.9 412.6 412.2 412.4 413.3 412.7 414 416.2 415.8 413.7 413.5
-2 -2 -2 -2 -2 -2 -2 -2 -2 -2 -2 -2 -2 -2 -2 -2 -2 1.6 19.7 33.1 47.6 56 63 69.9 77.1 84.9 99 110.2 112.8 123.7 137.9 151.5 167.3 180.4 192 210.1 242.8 263.2 275.3 282.3 285.3 290 307.1 325.7 347 352.7 372.5 379.8 393 404 412.7 415 419 424.8 426 425.7 423.6 419.9 418.3 415.8 413.4 411.7 412.7 413 412.3 409 410.8 410.8 410.3 408.2 408.7 407.2 408.9 410.9 411 412 410.8 410.6 410.6 412 414.6 416.2 413.6 415.5 413.3 416.7
-2 -2 -2 -2 -2 -2 -2 -2 -2 -2 -2 -2 -2 -2 -2 -2 -2 -2 -2 11.3 28.1 40.9 49.7 58.2 65.5 74 81.6 92 97.7 109 123.4 139 155.7 172.1 185.2 198.3 227.5 245.4 255.6 267.2 272.8 273.4 294.1 309.7 329.2 341.8 359.5 365.7 374 381.1 393.7 396.3 401.1 401.2 408.4 412.2 408.3 406.2 407 405.2 405 403.3 405.2 404.2 403.4 402.4 402 404.1 402.8 402.2 404 403.9 406.5 407.5 407.9 408.8 410 410.3 411 413.6 413.8 414.3 413.6 413 414.4 411.7
-2 -2 -2 -2 -2 -2 -2 -2 -2 -2 -2 -2 -2 -2 -2 -2 -2 -2 -2 -2 4.3 24 36.2 46.6 53.7 63.1 68.3 75.5 83.3 94.3 108.5 123.7 140.1 157.1 172.4 192.3 210.6 225.1 234.5 245 249.4 258.8 277.3 297.5 312.6 326 344.7 346.3 358.6 359.1 365.2 372.7 375.9 383.5 389 392.4 394.3 392.5 391.7 394 393 392 393.5 398.2 397.6 396.2 395.2 396 396.9 398 399.6 399.8 400.1 402.3 403.4 405.7 406.3 408.2 410.5 410 410.8 410.8 408.7 411.3 409.8 408.4
-2 -2 -2 -2 -2 -2 -2 -2 -2 -2 -2 -2 -2 -2 -2 -2 -2 -2 -2 -2 -2 -2 22.3 32.8 41.8 50.5 57.8 61.8 72.8 78.1 88.9 107.9 124.2 138.8 153.2 175.1 187.3 203 214 221.1 227.7 238.4 254.8 274.3 294.1 302.4 324.1 326.5 331.5 335 336.8 342.7 353.2 363.3 374.1 373.4 374.3 377.3 379.4 381.1 381.8 382.2 382.6 384.8 387.5 389.2 388.6 391.9 392.9 395 396.4 394.6 398.9 398.3 399.9 402.2 402.5 405.6 405.1 404.8 406.1 405.1 402.4 405.1 405.1 403.6
-2 -2 -2 -2 -2 -2 -2 -2 -2 -2 -2 -2 -2 -2 -2 -2 -2 -2 -2 -2 -2 -2 -2 17.8 31.4 37.2 45.2 51.6 57.2 66.4 79.3 93.8 108.3 119 132.3 153.6 164.6 174.5 184.4 198.7 203.9 216 232.4 248 266.9 280.5 288.6 300.7 314.8 320 321.5 322.1 334.1 341.1 352 356.5 356.6 361.8 364.9 368.8 370.5 371.3 372.8 375.4 378.5 380 382.7 384.8 387.8 390.5 392.3 388.6 393.7 393.6 395.6 396.1 398.7 400.2 400.1 400.3 400.9 400.3 399.9 400.5 399.1 400.5
-1.9 -2 -2 -2 -2 -2 -2 -2 -2 -2 -2 -2 -2 -2 -2 -2 -2 -2 -2 -2 -2 -2 -2 -2 -2 27.2 34.8 41.7 46.9 53.1 60.8 72.6 85.1 102 112.3 133.2 144.7 154.9 164.5 173 178.3 191 211.4 223.3 244.3 264.4 268.9 279.1 291.6 303.7 302.9 308.1 314.8 321.8 329.7 337.4 340.8 346.2 351.2 354.3 360.8 362.7 363.5 367.2 369.9 372.7 376.4 377.7 380.4 383.7 384.6 384.3 386.9 389.2 391.1 391.8 394.3 395.6 394.9 396.1 396.2 395.4 398.1 395.7 395.7 397
0.8 0.5 -0.1 -2 -2 -2 -2 -2 -2 -2 -2 -2 -2 -2 -2 -2 -2 -2 -2 -2 -2 -2 -2 -2 -2 -2 20.8 31.4 37.4 41.8 47.3 56.2 66.3 80.8 94.3 111.3 124 134.8 142.4 148.8 154.3 168.3 183.6 197.6 215.9 230.5 247.2 257.7 265.4 280.8 287.5 292.9 298.9 305 315 321.4 326.5 332.8 338.6 341.1 346.5 351 353.9 357 361.8 365.6 369.3 371.1 372.1 377.5 378.3 377.9 379.8 382.5 385.2 387.2 389.9 388.9 392.7 391.7 391.1 391.2 392.5 389.6 390.6 392.1
13.1 13.4 3.3 1.4 -2 -2 -2 -2 -2 -2 -2 -2 -2 -2 -2 -2 -2 -2 -2 -2 -2 -2 -2 -2 -2 -2 -2 7.3 24.7 32.8 39.3 44.4 53.8 62.2 73.9 90.1 103.8 113.5 121 128.5 135.7 146.7 161.9 178.8 193.7 211.4 222 240.4 247.1 259.8 271.6 276.2 280.8 292.6 301.1 307.3 310.7 318.2 323.5 329.1 333.5 338.7 343.4 346.8 353.2 354.8 359.9 361.7 363.8 366.2 369.9 371.5 374.3 374.2 377.7 382.2 381.7 384.9 385.5 384 383.7 386.1 388.6 386.6 389.2 389.1
14 13.7 13.9 10.7 6.3 4.7 -2 -2 -2 -2 -2 -2 -2 -2 -2 -2 -2 -2 -2 -2 -2 -2 -2 -2 -2 -2 -2 -2 5.4 20.4 31.5 37.5 46.3 51.9 58.9 69.8 84.7 95.2 103.2 111.6 120.5 128.6 138.6 157.4 171.4 185 197.7 219 233.9 244.7 251.9 260 263.6 274.1 275.9 288 295.4 303.7 310 316.9 320.7 325.4 330.2 334.8 341.1 344.4 349.4 350.9 354 355.5 361.1 361.6 368 370.2 371.3 375 375.9 377.5 380 379.6 378.9 380.6 381.9 382.5 382.2 381.8
14.1 14 15 15.2 6.1 4.3 -2 -2 -2 -2 -2 -2 -2 -2 -2 -2 -2 -2 -2 -2 -2 -2 -2 -2 -2 -2 -2 -2 -2 -2 18.7 29.2 37.2 44.1 52.8 58.6 70.8 81 88.6 96.5 105.8 116 125.5 133.8 149.2 163.9 176.3 188.8 204.5 223.8 231.9 235.3 239.7 250 257.7 267.2 276.7 285.4 294.2 300.7 308.1 312.9 316.4 321.5 326.4 331.2 335.9 338 342.3 346 341 352.9 357.6 360.1 364.8 367.3 367.9 371.9 376.5 377.7 376.4 377.5 377.5 377.2 378.7 378
16.5 15.5 15.9 16.2 7.2 2 -2 -2 -2 -2 -2 -2 -2 -2 -2 -2 -2 -2 -2 -2 -2 -2 -2 -2 -2 -2 -2 -2 -2 -2 9.4 19.2 27.2 32.7 42.3 49.5 58.1 66.7 74.9 83.7 94.1 103.6 111.8 119.9 133.3 146.2 155.3 164.8 179.2 194.2 207.5 221 225.5 227.4 236.4 249.5 262.6 269.4 279 280.2 293.9 300.1 301.7 307.9 312.6 318.7 321.8 326.7 329.5 334.9 338.8 343.3 349.3 352.8 355.9 358.2 361.4 365 367.8 371.9 374.4 374.5 375.5 376.5 377.4 377.8
41.8 37.9 33.4 27.9 11.8 -2 -2 -2 -2 -2 -2 -2 -2 -2 -2 -2 -2 -2 -2 -2 -2 -2 -2 -2 -2 -2 -2 -2 -2 -2 -2 12 19.3 26.6 32.9 40.4 48 56.6 64.3 73.2 83.8 92.2 100.5 109.5 119.7 130.6 140.2 149.5 158.8 172 189.2 203.9 215.1 216.7 218.6 226.7 241.9 249.9 259.8 267.1 276 282.8 290.3 297.3 302.1 307.6 312.3 317.6 321.3 323.4 329.8 334.1 340.5 345.8 348.7 352.3 355.9 358.4 361.1 364.3 367.9 368.4 372.7 375.7 377.1 378
35.9 34.3 30.1 21.7 9 -2 -2 -2 -2 -2 -2 -2 -2 -2 -2 -2 -2 -2 -2 -2 -2 -2 -2 -2 -2 -2 -2 -2 -2 -2 -2 -2 8.3 20.9 26 31.9 38.1 46.6 54.5 63.5 72.5 80.9 89.2 96.3 104.4 116.2 126 134.7 144.8 155.5 170.2 185.2 198.8 211.5 216.1 220 225.7 233.5 241.1 252.9 260.9 272.8 278.5 285.6 293.1 300.3 304 308.3 312 315.3 320.1 327 332.9 337.6 342 344.3 349.5 351.3 354 358.5 361.7 366.1 367.3 371.2 375 374
28.5 25 21.2 16 12.8 -2 -2 -2 -2 -2 -2 -2 -2 -2 -2 -2 -2 -2 -2 -2 -2 -2 -2 -2 -2 -2 -2 -2 -2 -2 -2 -2 -2 13.5 19.3 24.9 31 35.9 44.7 53.4 63 69.7 78.1 83.6 93.3 105.1 115.6 125.2 137.1 146.4 156.4 169.8 189.2 195 205.4 218 219.5 224.3 231.2 241.7 249.8 261.9 267.3 275.8 285.6 291.6 296.7 293.1 289.9 312.1 319 326.4 329 332.1 334.4 338.7 342.2 344.9 346.7 352.6 357.4 360 363 367.2 370.4 369.2
44 43.9 37.7 40 27.9 13.9 -2 -2 -2 -2 -2 -2 -2 -2 -2 -2 -2 -2 -2 -2 -2 -2 -2 -2 -2 -2 -2 -2 -2 -2 -2 -2 -2 -2 8 17.4 24.7 29.8 34.7 41.8 52.7 62.7 68.2 76.8 85.3 95.7 106.1 116 129.1 138.2 144.2 156.9 177.3 183.7 194.9 201.8 206.8 213.6 220.7 224.1 233.7 247.2 251.9 264.4 272.3 277.8 269 292.2 300.5 312.4 317.2 320.1 321.6 323.9 327.1 331.6 334.1 337.6 342.1 345.1 349.7 353.4 355.2 361.5 363.5 362.1
60.8 57.6 54.2 55.9 49.3 30.1 14.3 5.8 -2 -2 -2 -2 -2 -2 -2 -2 -2 -2 -2 -2 -2 -2 -2 -2 -2 -2 -2 -2 -2 -2 -2 -2 -2 -2 -2 6.6 20 23.6 28.4 34.6 42.3 51.4 60.3 68.8 78.2 87.6 96.5 105.3 114.8 121.7 135.2 148.6 158.9 169.7 179.5 186.6 193.3 205.8 216.3 214.4 217.6 231.4 237.8 243.5 248.1 265 273.3 280.3 291.4 299.5 303.7 309.3 312.1 317.3 321.1 322.4 324.9 331.5 334.7 336.8 343 344.7 347.4 355.9 348.8 345.6
75.8 75.9 61.1 59.4 51.5 42.6 33.2 24.6 22 23 12.3 -2 1.3 -2 -2 -2 -2 -2 -2 -2 -2 -2 -2 -2 -2 -2 -2 -2 -2 -2 -2 -2 -2 -2 -2 -2 11.3 20.6 22.2 28 35.4 42.1 51.1 60.6 69.8 78.4 89.5 96.8 103.3 110.7 122.7 132.2 132.8 140.5 169.8 184.1 193.2 203.6 209.3 219.6 228.7 231.2 235.7 238.3 243.4 253.5 263.7 272.7 283.3 288.4 295.5 299.2 303.2 310.1 314.6 317.2 322.6 325.2 328 330.6 334.9 336.2 341.7 342.7 337.6 352.8
81.1 77 70.6 62.6 51.9 46.1 37.5 31.3 24.4 22.8 16.4 15.4 7.2 -2 -2 -2 -2 -2 -2 -2 -2 -2 -2 -2 -2 -2 -2 -2 -2 -2 -2 -2 -2 -2 -2 -2 1.9 17 19.6 23.1 29.4 35 42.5 52 63.1 71.6 78.7 84.9 87.5 92 103.9 128.5 151.8 165.2 175.3 187.8 205.3 215.7 218.3 218.4 219.8 215.4 220.4 215.4 220.4 229.2 242.4 255.6 268.6 279.2 287.9 289.5 290.8 295.9 303.3 308.5 314.2 315.6 320.8 323.4 325.1 330.3 332.4 332 339.3 347.8
89.8 86.8 77.1 68.8 57.4 49.2 39.9 28.4 28.6 23.9 21.2 17.6 13.7 7.8 4.4 -2 -2 -2 -2 -2 -2 -2 -2 -2 -2 -2 -2 -2 -2 -2 -2 -2 -2 -2 -2 -2 -2 10.1 15.6 19.5 23.9 27.5 35.2 44.4 55.2 60.7 63.9 60.1 80 98.8 117.7 131.6 147.7 160.2 172.1 185.4 196.7 207.7 210.6 214.1 198.4 168.3 193.4 200.8 206.7 207.5 206.4 230 250.5 263.4 273.1 273.7 281 287.5 287.5 292.7 303.1 308.6 315.8 318.2 318.8 320.2 327.8 339.4 339.3 340.7
85.5 81.1 75.6 66.4 58.4 50.5 35 34.8 31.6 29.5 25.2 19.7 14.5 9.7 1.7 -2 -2 -2 -2 -2 -2 -2 -2 -2 -2 -2 -2 -2 -2 -2 -2 -2 -2 -2 -2 -2 -2 -2 -2 14.9 18.7 23.5 29.5 36.2 43.5 48.9 55.3 75.8 91.5 105.7 116 128 130.1 142.8 159.1 175.6 184.6 183.8 193.2 192.1 172.4 197.3 225.2 237.8 246.5 248.4 247.4 250.8 249.9 252.5 257.6 271.4 281.4 292.2 297.5 300.6 296.1 309.3 308.4 315.5 321.4 326.4 328.3 331.6 338.8 347.4
81.4 72.2 67.4 59.1 52.7 44.1 46.5 39.8 37.3 34.8 28.1 19.2 14.8 9.7 1.1 -2 -2 -2 -2 -2 -2 -2 -2 -2 -2 -2 -2 -2 -2 -2 -2 -2 -2 -2 -2 -2 -2 -2 -2 11.7 17.7 21.7 25.9 31.1 36.7 39.7 59.8 73.9 88.1 100.2 110.6 111.5 116.4 126.1 146 160.6 167.3 155.9 154.9 156.4 173.1 223.7 238.1 248 253.7 258.2 267.8 272 273.8 275 275.5 283.9 285.8 290.6 299.1 300.6 304.8 310.3 317.3 319.7 322.8 329 331.6 336.8 345.6 354.4
82.4 78.6 76.5 70.1 61.3 56.3 51.2 48.4 44.4 38 29.8 21.3 16.2 11.7 2.1 -2 -2 -2 -2 -2 -2 -2 -2 -2 -2 -2 -2 -2 -2 -2 -2 -2 -2 -2 -2 -2 -2 -2 -2 2.5 13.1 17.4 22.5 26.2 27.2 38.6 52.2 65.3 78 89.5 96.7 100.1 106.8 115.2 133.8 145.6 133.7 120 175.7 181.2 202.4 223.6 240.7 250.6 255.8 264.2 270.7 275.9 276.9 280 283.8 285.9 288.2 292.1 293.8 304.2 308.7 315 317.6 316.3 325 329.5 330 332.7 346 352.2
89.5 90.1 83.2 74.5 67 62.4 56.4 54.4 44.4 39.8 33.4 29.2 20 15 6.6 -2 -2 -2 -2 -2 -2 -2 -2 -2 -2 -2 -2 -2 -2 -2 -2 -2 -2 -2 -2 -2 -2 -2 -2 0.9 8.4 14 15.4 24 27.5 34.5 43.5 55.1 67.8 79.2 87 92.1 97.7 105.7 120.1 116.3 120.1 166.5 188 200.1 213.2 221.2 235.4 249 253.5 264.9 272.2 276.6 279.1 282 285.6 288.1 291.1 293.3 297.1 305.4 306.5 311.5 312.3 315.2 323.8 327.8 328.8 331.6 341.7 345.6
101.5 95 89 80.6 71.6 64.4 58.9 53.1 47.2 45.2 38 29.4 22.5 15.9 11.6 5.9 -2 -2 -2 -2 -2 -2 -2 -2 -2 -2 -2 -2 -2 -2 -2 -2 -2 -2 -2 -2 -2 -2 -2 -2 6.5 10.9 15.4 21.2 27.6 34.9 42 49.8 61 73.8 81.5 80 92.3 91.3 97.1 97.2 142.1 169.3 184.4 198.6 211.9 224.8 235.8 245.1 255.5 264.3 270.6 278.2 284.3 291.2 296.1 297.5 296.4 300.4 303.1 304.6 307 307.7 311.8 321 324.9 326.2 327.7 334.1 342.8 349.6
109.1 99.8 93.8 87.5 77 68.3 63 54.6 49.6 46.5 40.7 33.3 23.4 17.9 13.4 4.5 -2 -2 -2 -2 -2 -2 -2 -2 -2 -2 -2 -2 -2 -2 -2 -2 -2 -2 -2 -2 -2 -2 -2 0.9 5.5 7.6 14.4 19.8 26.8 33.3 40.6 47.3 59.4 60 56.7 56.1 74.6 99.3 106.1 127.9 143.9 161.4 180.2 195.1 210.7 227.2 238.1 249.6 260.5 265.8 273.7 279.3 283.8 288.6 291.9 294.8 303.3 306.8 307.5 307 311 312 316.2 320 323.6 327.1 333.2 341.4 351.4 356.7
114.8 106.1 97.9 93.8 87.6 74.1 64.1 55.7 50.7 47.2 41.1 34.6 30.1 22.3 16.3 7.4 -2 -2 -2 -2 -2 -2 -2 -2 -2 -2 -2 -2 -2 -2 -2 -2 -2 -2 -2 -2 -2 -2 -2 -2 4.1 6.4 10.4 18.3 23.9 28.8 32.2 34.8 34.8 43 61.4 70.3 83.5 101.8 117.8 134.3 146.3 158.9 174.6 190.5 206.1 222.9 236.5 245.9 256.6 263.3 272.5 279.8 283.6 287.1 290.5 300.8 306.1 304.4 309.2 313.7 310.6 316.1 325.7 326 329.1 331.1 338.7 344.4 349.3 357.9
120.2 112.5 102.9 97.3 90.3 81.9 69.6 58.9 51.8 47.4 43.7 36.6 31.1 23.6 18.2 11.8 1.6 -2 -2 -2 -2 -2 -2 -2 -2 -2 -2 -2 -2 -2 -2 -2 -2 -2 -2 -2 -2 -2 -2 -2 2 6 9.8 14.9 19.1 21.3 25.9 34.4 44.4 53.5 58.9 67.2 81.7 100.6 119.3 130.7 144.4 160.6 171.3 185.1 200 214.2 229.2 242.7 251.7 262.2 267.2 272 279 287.6 293.7 299 302.1 303.6 309 307.6 311.9 325 326.3 325.5 332.1 337.9 340.7 344.9 353.1 364.2
124.5 117.1 108.8 99.2 92.3 84.1 74.3 63.4 54.3 50 44.8 37.2 31.7 19.9 14.8 8.5 -0.7 -2 -2 -2 -2 -2 -2 -2 -2 -2 -2 -2 -2 -2 -2 -2 -2 -2 -2 -2 -2 -2 -2 -2 -2 5.3 8.2 13.2 15.1 21.6 29.8 35.8 42.3 47.5 51.9 60.7 74.8 91.1 109.3 125.5 139.3 153.7 165.1 179.3 196.1 212 227.6 242 253 261 267.3 276.2 278.6 279.5 285.1 289.3 294.3 301.5 303.8 305.5 317.3 319.3 320.5 327 335.2 338.2 342.9 351.3 362.2 364.7
133.2 121.5 112.6 103.7 94.1 84.7 73.7 65.4 55.4 48 44.4 38 32.1 28.9 21.3 18.1 1.8 -2 -2 -2 -2 -2 -2 -2 -2 -2 -2 -2 -2 -2 -2 -2 -2 -2 -2 -2 -2 -2 -2 -2 -2 4 7.8 9.9 12.5 20.5 26 31.8 36.3 42 47.5 54.4 66.7 81.2 97.8 116.9 130.9 141 160.7 173.6 191.4 209.6 225.1 239.2 252.3 260.9 268.1 274.9 277.6 282.9 287.9 288.5 291.5 291.8 295.1 301.8 305.8 310.4 318.3 326.6 335.3 340.1 350.6 359 364.6 372
