UK/data/nh/nh46_OST50GRID_20230518/NH46.asc
ncols 200
nrows 200
xllcorner 240000
yllcorner 860000
cellsize 50
[rows 35 to 69 of 200, columns 78 to 155 of 200]
375.7 383.1 388.6 394.8 403.3 411.1 415.1 418.4 423.1 427.9 434.2 440.6 449.3 457.8 468.4 478.5 488.9 500 513 525.1 535.9 548.5 563.5 574.3 584.2 606.3 624.9 638.6 657.6 678 696.2 714.9 731.3 750.6 769.2 787.9 809.7 832.2 857.8 886.8 914.3 939.3 963.3 987.6 1009.4 1025.6 1030.9 1003.8 977.8 957.5 949.6 943.6 944.3 951.6 963.5 983.9 985.8 988.6 991.5 993.9 995.2 997.5 1001.7 1000.9 994 985 972.7 957.6 946.7 934 920.3 885.8 844.6 827.5 804.9 749.7 706.6 672.7
380.7 387.9 394.2 399.5 406.4 411.5 414 418 422.8 428.2 435.9 444.1 452.3 463.7 471.5 480.7 492.4 506.7 518.8 532.7 542.2 558 570.1 581.4 600.2 617.6 633.5 648.2 671.8 693.1 714.2 733.7 754.7 774.6 793.1 810.2 829.7 851.1 875.1 900.1 924 946.5 969.9 993.8 1013 1025.5 1007.4 982.3 960.2 940.1 930.2 919.5 914.2 917.1 930.8 951.9 966.5 970.5 977.4 981.7 986.2 991.6 999.7 1005.2 997.2 986.7 976 963.5 949.9 935.6 925.2 908.7 876.5 864.2 826.9 783.4 730 689.1
386.3 391.3 397 403 407.7 411.8 414.7 418 425 431.9 439.8 449.9 461.2 470.3 479.4 490.4 502.6 516.1 529.1 541.1 552.4 567.5 577.4 589.5 606.9 625 642.8 660.9 684.4 707 730.3 754.5 777.8 797.3 815.6 834.7 851.8 872.4 893.1 914 934.3 957.8 981.4 1002.2 1016.8 1006 981.3 959.3 938.1 918.4 906.2 899.4 890.3 891 902.9 920.9 940.5 951.2 959 968 974.6 982.4 992 999.4 994.3 986.1 977.5 967 953.9 939.6 928.9 915.3 902.2 880.9 842.3 801.6 758.4 720.7
389.4 394.5 399.8 405.3 409.6 413 415.9 420.3 427.4 435.4 445.7 455.6 465.8 476.1 487.1 497.1 509.2 526.1 538.4 552.4 563.3 574.4 586.5 600.9 619.7 633 652.5 676.3 700 723.5 749 774.9 799.1 819 837.6 857.3 876 893.7 910 928.2 948.9 973.6 993.9 1009.6 1015.7 986.6 963 941.2 923.7 906.7 896.3 889.7 879.1 875.9 882.4 895.4 915 932 944.3 951.9 961.7 969.8 980.2 986.8 986.6 983.7 976.8 967.5 955 939.8 931.1 921.4 913 873.9 838.1 799.3 761.2 734.7
391.8 396.4 403.6 408.5 411.6 414.7 418.2 423.4 431.8 440.9 451 461.6 471.2 481.6 491.1 506.5 521.5 535.4 548.8 561.9 571.4 582.8 599.8 613.8 632.1 649 671 692.5 715.6 738.3 767.3 793.3 817.4 838.5 860.2 878.9 896.9 912.2 928.1 947.5 967.8 989.1 1005.6 1013.4 1008.4 974.6 950 935.9 918.5 903.2 894.5 883.8 873.2 869.1 866.6 873.2 890 910.1 926.2 937.1 945.4 953.1 962.4 972.1 977.9 978.4 973.6 966.2 952.7 939.1 930.6 923.6 899.7 857.6 822.4 790.3 760.1 725.6
393.5 398.8 405.4 410.6 414.6 417.1 422.9 429.1 436.3 446 456.1 465.3 474.5 485 500.6 517 532 547.5 559.1 569.5 580 599.4 615.5 629.6 647.1 665.7 687.5 708.6 729.7 756.9 784.7 810.6 835.8 858.9 880.2 898.6 914.3 930 948.7 967.5 987.1 1004.1 1013 1011.8 1003.8 964.7 941 928.5 916.9 904.5 889 878.2 866.7 859.7 855.7 858.7 868.4 888.4 904.6 916.7 926 935.1 942 953.5 965.3 969 966.3 957.7 946 934.9 923.1 910.9 876.7 843 807 779.2 748.3 717.8
396.8 403 409.1 414 416.8 421.4 427.5 433.3 441 449.9 460.1 468.4 478 493.4 510.2 527.9 542.1 557.9 569.3 576.4 593.7 612.4 629.9 645.8 663.9 682.2 703.5 724.6 748.8 775.6 801.7 827 852.8 877.1 898 916.1 931.8 951.6 969.8 987.4 1003.9 1012.9 1011 1003.7 989.5 953 931 920.2 908.9 898.2 881.7 867.8 856 847.9 841.5 844 853.4 866.3 878.2 887 896.2 907.7 919 931.2 946.2 953.6 952.8 945.4 936.9 926.7 902.7 875 848.4 825.1 794.8 769.3 740.7 699.3
400.3 405.7 411.5 416.5 420.8 424.4 431 435.2 444.1 454.2 462.5 473.8 486.4 505.3 523.8 539.3 554.9 568.3 577.2 587.1 608.2 624.1 642.6 660.7 680.5 700.7 720.9 742.5 767.4 793.8 819.3 844.3 868.8 892.9 913.1 930.5 951.8 970.7 987 1001.9 1011.6 1010.7 1004 993.3 977.3 941.1 919.8 905.4 893.2 882.5 868.8 854.9 839.9 832.8 825.2 823.4 827.2 834.2 830 843.3 861 880.2 895.7 908.4 924.1 931.2 932.5 930 922.7 914.3 876.9 837.7 818.6 794.8 777.3 750.6 727.9 683.4
402.3 407.9 413.8 418.1 422.6 427.8 433.5 439.1 448.2 460.9 470.7 483.8 499.4 518.7 535.8 549.5 563.9 576.4 585.4 601.8 620.2 637.6 656.6 678.4 697.6 719.6 741.1 764.9 787.3 811.7 836.9 862.9 886.9 908.5 928.3 949.2 969.6 985.6 996.9 1006.3 1008.4 1003.3 995.2 985.8 971.6 933.3 906.9 893.8 884.6 868.4 857.2 841.9 829.9 818.4 811.4 805.8 803.7 802.3 803.7 813.8 831.5 852 870.4 884.6 899.2 908.6 909.4 907.4 904.9 891.2 853.2 815.6 793 768 747.7 727.9 706.5 674.5
404.9 410.6 416.4 420.5 426.2 432.9 438.9 447.4 459.4 469.6 481.4 494.2 513.7 531.8 546.6 559.5 572.7 582.8 596.3 614.3 634.1 654.1 675.6 696.8 717.6 740.2 764.9 787.7 809.8 832.9 857.6 881.3 903.3 923.8 945.6 965.2 983.6 995.5 1000.1 1001.9 1000.8 995.8 989 980.5 972.3 933.6 901.3 883.6 874.1 865.3 846.9 841.5 820.1 807.5 800.2 793.2 792.4 791.8 790.7 795 806.9 826.2 845.2 859.2 873.7 884.2 888 888.2 887.8 877.1 834.8 798.9 777.6 761.4 743.8 719.1 702.7 661.8
407.2 411.4 417.2 422.7 430.9 438.5 445.2 456.6 466.1 477.3 492.9 509.5 528.6 543.7 557.6 570.6 582.7 594.8 612.7 633 652.1 672 694.8 716.7 739.9 765.1 787.3 810.4 831.4 854.5 878.1 899.5 921.1 944.2 964 980.7 991.3 996.6 998.7 997.6 994.6 989.2 982.9 975.5 965.6 933.6 899.3 877.6 867.3 854.8 841.1 827 813.2 803.9 790.2 785.4 781.7 779.7 781.9 783.5 789.4 803.9 820.1 835.7 851.3 861.5 868.5 871.5 868.8 862.1 834.3 795.3 765.7 749.2 732.5 706.1 668.4 646.3
408.6 414.1 420.2 427.2 434.2 442.5 450.4 463 472 485.9 502.4 520.5 538.6 553.8 567.8 579.4 592.7 614.4 633.5 649.5 668.3 692.2 715.8 737.4 763.4 787.7 810 832 854.5 875.6 897.5 919.3 942.5 962.2 976.4 986.9 991.1 993.1 992.8 989.9 985.7 979.5 973.8 966.8 955.7 938.8 902.1 880 864.2 851.8 837.4 822 808.3 795.1 782.4 774.1 770.7 767.4 766.7 770 774.8 785.9 797.4 815.7 829.1 841.4 848.5 851.7 850.9 845.3 836.6 785.5 752.2 730.7 711.6 688.9 657.2 635
410.1 416.8 424.1 431.7 437.9 446.5 456.3 465.3 478.5 493.8 511.6 530.8 546.4 564.6 576.9 590.3 612.2 630.5 646.6 667 690.1 714.8 736.2 760.1 784.7 807.9 832 854 874.6 895.9 917.3 939.4 958.2 973.6 980.9 985 987.5 988.6 986.7 982.4 975.9 971.4 964 955.6 943.6 932.7 914.6 881.1 867.2 846.2 832 819.4 801.9 788.6 772.3 761.4 753.4 753.3 753.6 756.3 763.9 770.1 780.5 794.7 810.9 821.7 829.6 835.3 836 830.3 822.6 779.1 745.9 716.9 699.7 670.4 644.9 626.6
415.4 419.5 427.5 435.1 442.2 450.4 460.2 471.5 485.7 500.9 521.9 537.4 555.4 570.2 583.4 603.1 624 642.3 661.7 686.8 710.8 735.4 759 782.5 805.5 828.9 852.4 875.1 894.7 916.8 938.5 955.6 969 976.5 977.6 978.3 980.8 982.2 980.7 975.9 970.2 964.1 956.3 945.7 936.2 925.3 912.3 895.1 870.4 854.5 832.6 821.5 805.5 790.6 768.6 749.7 743.2 744.5 744.1 744.7 749 755.8 763.3 775.7 791 804.5 815.6 822.6 820.3 812.6 804.7 771.7 734.7 703.9 683.7 662.1 639.8 622.9
419.4 426.8 431.9 439.1 445.7 454.6 464.9 477.9 492.6 511 528.1 544.7 562.3 577.1 596 614.5 632.9 652.8 676.6 703.4 727.5 752.9 778.7 803.1 825.5 849.1 872.1 893.2 914.8 937.1 953.8 965.5 972 972.3 970.4 969.2 971.5 972.6 974.2 970.2 964.2 956.9 949.8 940.1 930.1 920.6 908.3 897 882.8 863.2 846.8 829.3 820.9 801.6 770 748.4 736.1 735.4 736.1 736.6 737.9 741.9 749 758.1 771 786.4 797 802.9 800.6 794.1 782.4 759.6 725.8 693.9 675.1 659.1 641.4 625.9
426.4 432.4 438.4 443.1 450.8 459.8 470.6 484.4 500.7 519 531.9 552.6 568.4 585.5 606.6 623.5 642 662.9 690.1 717.6 743.2 770.2 796.1 821.8 845.5 866.7 888.3 910 932.6 952.6 966.7 971.4 968.2 963.9 959.3 958.6 960.4 963.8 964.1 962.6 957.9 951.3 943.4 937.3 928.3 915.3 905.5 896.3 888.3 879.6 870 854.1 832.3 808.2 777 754.5 735 726 727.1 729.9 728.9 730.1 735.2 743.9 753.6 767.8 776.9 781.1 775.6 769.1 756.1 735.6 719.4 691.2 671.7 659.4 649.1 627.5
433.4 439.6 445.1 451.3 457.8 465.4 475.7 490.9 506.5 522.6 537.9 557.3 574.4 598 615.5 630.5 650.9 674.5 701.6 728.9 755.7 784.6 812 838.5 862.4 883.4 903.8 928 949.2 966.5 972.9 970.2 961.5 954.8 950 949 950.2 954 955.8 955.8 953.2 948.8 942.8 937.3 929.3 919.8 909 903.4 897 888.5 882.9 878.4 846.9 814.3 798 766 737 718.6 719 720.5 721.4 722.4 725.6 728.2 736.5 747.3 755.7 755.5 748.3 738.3 727.7 720.2 713 692.9 671.7 654.4 641.9 627
440.2 445.7 451.6 458.7 465.6 471.8 479.7 492.5 508.2 522.6 538.7 559 581.4 604.2 622.4 639.5 660.2 685.7 712.8 740.4 768.4 797.1 825.1 851.4 876.5 897.7 920.1 943.2 963.2 976.1 974.9 966.3 955.8 946.6 942.1 940.3 940.8 945.7 948.9 950 949.4 946.6 943.2 937.4 929.7 922 914.3 910.7 905.4 899.1 890.9 883.5 853.5 827 807.1 765.9 748.1 717.4 705.2 713.6 715.2 717.4 718.5 718 719.9 726.1 731.4 732.9 728.2 717.8 709.5 706.9 703 689.9 667 647.7 635.2 624.5
446.6 452.4 459.5 465.6 473.3 481.9 488.9 494.1 506.4 522.9 539.6 561.5 581.7 608.7 628 646.6 672 695.7 723.2 750.1 779.2 807.9 836 862.5 886.4 910 934.3 959.5 978.2 978.1 971.5 960.3 948.9 941.5 935.4 932.8 931.7 936 940.3 942.7 944.1 943.1 940.3 934.8 928.8 922.7 919.4 916.1 912.3 906.8 899.8 889.1 861.3 828.9 807.1 773.4 745.3 713 704.8 704 706.6 706.2 709.8 710.8 710.4 711.3 712.1 712.6 709.4 703.5 698.2 692.6 684.7 669.8 653 641.3 632.1 621.4
453.3 460 467.2 474.6 483 490.8 498.6 506.9 509 524.4 539.9 558.5 580.7 607 627.9 649.4 676.9 703.9 729.7 758 786.5 815.4 843.8 869.6 893.9 919.9 947.3 971.7 979.7 976.1 967.3 955 945.3 937.5 930.3 923.1 922.6 924.8 929.9 933.8 936.1 936.7 934.3 931.2 926.5 924.7 924 922.6 919.6 914.3 907.1 896.9 872 826.6 800.3 777 727.9 702.7 697.9 694.4 695.8 696.6 701.3 701.2 700.3 699.3 699.2 696.8 693.9 689.2 683.2 673.5 665.3 654.5 646.6 638.6 628.9 619.3
461.3 468.5 476 483.9 492 500.3 509 515.8 522.9 529.5 542.8 560.2 583.1 604.4 628.6 651.4 678.1 707.7 734.4 763.3 791.9 821 848.3 874.8 901.7 930.3 957.9 973.3 977.1 971.8 962.4 951.5 942.2 933.9 924.7 917.6 911.3 912.7 916.5 922.9 926.3 927.4 926.6 925.7 925.3 927.4 928.2 927.5 924.1 918 911.6 904.8 876 846 803.4 773.2 740.1 700.6 690.7 688.9 689 687.1 692.4 695 692 688.7 684.9 680.7 680.6 676.7 672 665.2 658.8 652.3 642.6 636.1 627.7 619.9
469.5 477.4 486.3 492.8 499.1 509.1 517.1 525.6 532 540.5 546.5 564.3 584 605.4 627.8 652.5 678.5 708.7 735.5 767.1 796.8 824.6 854.4 880.1 907.9 937.7 961 973.7 972.9 966.5 956.1 945.5 936.4 926.8 917.7 907.4 897.1 901.7 904.9 910.6 914.5 917 917.8 919.7 925 929.7 930.9 928.9 925.7 920.8 917.1 910.7 886 838 800 773.7 750.9 702.6 684.6 685.5 684.4 684.8 681.9 684.8 684.6 681.2 676.3 671.7 667.3 663.6 659.6 656.7 655.3 651 643.4 637.1 629.5 622.7
478.6 487.6 497 505.9 516 524.2 532.7 538.8 544.5 553.8 562.7 574.3 592.8 613.7 635.6 658 683.4 710.3 738.5 770.3 800.3 829.9 857.9 887.1 916.6 943.8 965.1 970.6 967 959.9 948 936.6 925.6 914.9 901.9 895 886.4 887.4 892.3 897.6 902.5 905.5 909.7 915 921.5 927.2 928 926.9 924.6 922.5 920.6 915.1 889.5 848.5 811.6 772.5 746.1 695.1 683.5 683.5 681.7 680.4 681.5 680.1 670.3 671.4 668 664.2 661.3 658.2 656.7 654.9 651.1 647.5 642.4 636.1 629.3 623
488.7 498.6 509.1 518.9 526.4 535.5 544.3 554.1 563 570.5 580.6 588.6 600 619.6 641.2 663.8 689.3 714.9 744.2 774 803.9 833.1 862.9 892.9 922.7 948.4 963.4 965 960.8 951.3 938 923.3 909.2 897.4 887.3 879.1 873.9 875.9 880.4 885.6 891.2 896.4 903.9 910.9 917.3 922.6 924.3 923.3 922.2 922.8 922.5 918.9 909.8 865.9 833.3 783.4 740.8 718.3 691.9 681.7 679.4 679.1 674.7 673.9 670.6 665.5 660.9 655.3 651.6 650.6 655.6 652.1 646.6 643.3 640.5 637.2 630.5 617.5
498.6 508.9 519.5 529.3 538.4 547 557.9 569.5 579.6 593.6 601.6 610.9 617.8 625.6 642.5 667.6 693.2 718.9 747.8 776.8 806 836.2 868.8 900.9 928.2 950.7 958.2 957.3 950.2 937.6 923.8 908.4 895.1 885.3 877.6 870.5 865.1 864.4 869.5 877.6 883.8 891.3 898.9 906 912.7 916.3 918.2 918.4 918.4 920.8 922.4 919.3 913.5 884.2 849.8 803.2 751.1 719.3 694.3 687.5 680.1 679.2 675.3 671.6 665.6 657.8 652.8 651.2 652 648.9 650.3 646.7 644.7 642.4 640.3 633 631.9 634
507.9 517.4 527.7 539.5 548.7 560.6 573.7 585 598.7 609.8 621.5 633.8 642.6 650.7 663.9 676.2 697.6 719.8 749.3 777.3 807 836.7 869.4 904.9 932.1 948.6 951 947.4 936.3 925.4 912.4 899.3 885.1 875.6 868.2 862.9 857.7 856.9 862.3 869.9 879.3 886 894 900.1 906.4 908.8 910.8 912 913.9 917.4 919.3 918 913.7 904.1 872.3 846.7 825.8 776.7 710.1 694.7 695.8 677.7 675.1 669.5 661.9 655.6 652.5 649.8 649.1 646.9 647.7 646.5 644.8 642.1 641.2 641.6 642.6 643.5
516.3 528 539.2 549 560.2 573.4 585.9 599.2 613.2 626.6 641.2 654.6 667.7 679.8 689.6 701.2 714.6 727.4 759.7 786.9 813 841.1 873.6 908.3 933.5 943.5 942.1 937.1 926.1 914.5 903.6 891.4 877.5 868.1 859.9 853.3 848.6 847.4 854 866.3 875 880.6 888.4 894.4 899 900.7 900.9 904.7 908.6 913.1 916.1 916 912.5 904.8 896.6 888.2 870.1 817.9 762.5 724.2 706.9 690 678.2 665.5 656.7 655.6 654.9 648.8 647 647.4 647.8 647.8 646.6 647.3 649.5 650.6 651.8 654.9
526.4 538.3 548.3 558.1 570.4 583.8 597 611.9 627.4 643.3 660.6 676.6 693.6 707 716.9 726.3 739 755.3 770.5 794.9 822.2 851.1 883.8 913 933.8 937.9 934.2 927.1 917.3 908.1 896.5 882.6 872.3 862.2 852.8 847.3 842.9 844.2 850.2 859.6 869 874.6 881.8 886.8 888.7 888.9 891.3 893.3 901.9 907.8 912.3 913.5 910.6 904.1 895.6 889.2 878.4 837.4 802.8 759.8 731.5 711.5 683.2 674.5 666 662.4 654.9 652.2 656.1 656.9 656.6 657.5 656.9 657.3 658.5 662.4 668.1 676.7
533.8 543.8 556.7 570.1 581.1 592.8 609.9 626 643.3 661.1 682.3 701.1 718.1 731.6 742.3 753 766.6 781.3 796.1 813.3 834.8 862 892.5 918.8 931.2 933.5 929.6 921.6 910.4 901.4 888.1 875.5 866.4 857.5 848.4 844.5 840.8 842 846.6 855.2 863.1 867.8 874.5 876.8 877 876.2 879.5 887 894.6 901.1 907 909.9 907.8 901.6 894.6 887 880.8 857.4 829 789.7 771.5 745.8 716.2 698.9 680.8 674.3 666.7 669.2 673.4 671.9 669.6 673 672.5 676.5 678.4 688.2 694.5 707.8
537.2 549.3 564.6 578.3 589.9 604 622.4 640 660.4 683.9 705.3 724.3 740.2 754.5 768.7 781.2 793.3 807.1 819.7 834.4 854.5 880 905.2 924.9 932.2 931 925 914.3 903.1 890.2 877.1 869.3 862.4 855.1 847.7 843.8 840.4 837.4 842.2 849 857.4 860.2 864.8 865.1 865 865.4 868.8 872.9 886.3 894.7 902.3 906.4 905.7 900.6 894.8 888.1 878.5 873.1 848 824.3 809.1 785.6 740.3 727.5 712 698.7 692.2 688.2 693.3 695.4 700.2 705.6 707.1 708 716.3 725.1 732.9 739.6
539.4 554.1 570.6 583.3 600.3 617.1 637.9 658.6 681.4 706.3 727.4 745.6 762.2 778.9 794.1 808.7 821.1 831.4 841.9 858.4 876.4 898.6 919.8 932.2 936.2 932.8 923.9 908.1 888.3 875.9 865.2 859.5 855.5 852.1 847 842.5 838.4 831.4 832.6 838.7 849.6 850.8 852.5 852.7 850.6 849.4 857 864.7 876 887.6 897.4 902.4 903.4 898.9 894.8 889 881 874.5 866.7 861.2 836.3 797.1 794.3 771.9 757.9 744.4 720.6 721.9 726.8 726.6 730.6 735.5 742.6 746 754.7 761.7 764.7 767.6
541 557.5 571.8 590.5 612.5 635.4 654.5 677.7 701.7 724.8 745.7 766.6 785.2 801.8 819.1 834.5 844.2 852.8 864.6 882.1 899.6 917.9 931.1 938.5 939.8 933.7 922.4 904.2 885.5 869.2 856.8 849.1 847 845.7 842.7 838.7 833.4 825.4 823.2 830.3 836.9 839.2 839.8 838.9 837.4 836.5 843.2 855.7 866.4 879.9 890.6 895.6 896.7 895.4 893.3 889 883.3 877.5 874.8 872.1 854.4 845 823.1 807.8 800.1 776.6 770.3 769.5 758.1 761.5 773 775.3 778.6 781.5 786.4 789.4 792.7 789.3
540.2 553.7 572.9 598 621.1 645.1 667.3 688.6 714.5 737.8 763.6 785.7 806.1 823.6 841.5 853.2 863 874.3 887.9 904 918 931.5 940.7 945 941.3 933 920.2 900.9 881.4 866.7 854.7 845.2 838.2 837.9 835.8 830.5 823.8 817.3 808.9 815.8 824.2 827.8 827.8 826 822.1 825.2 834.7 846.1 859.2 871.8 881.3 886.5 889 890.8 891.3 888.5 884.2 882 880.5 880.2 879 874 856.6 840.6 835.1 833.4 825.4 815.6 807.8 803.5 806.5 809.1 812 814.2 814.8 812.1 808.5 800.5
531.2 545.7 560.9 595.4 625.6 647.1 665 687.7 714.7 740.3 762.9 790.9 814.5 840.6 856.1 865.4 877.8 890.7 904.4 917.8 930 940.1 946.2 943 933.2 921.6 906.9 890.3 875.7 861.3 850.2 839.4 830.9 828.3 826.4 821.6 815.6 809.5 797.7 802 811.2 814.8 815.4 809.6 808.3 812 825.3 837.8 850 861.3 870.6 876.9 881.7 884.8 887.4 887.6 885.9 885.1 884.9 885.5 885.5 884.2 883.1 879.5 870.7 867.7 858.4 849 842.3 836.8 833.8 832.5 831 831.5 830.2 822.7 814.7 803
517 527.2 542.7 568.1 614 646.6 657.2 680.1 703.4 721.4 742.4 769.6 790.3 821.5 841.9 855.3 863.5 887.4 906.3 917.6 926.1 931.5 933.9 930.6 919.5 905.1 889.6 874.9 864.1 854 843.3 832.5 825.4 819.6 818.6 814.6 810.2 803.2 788.5 793.5 797 799.6 800.1 795.3 790.3 801.7 813.7 827.6 841.2 850.2 857.9 865.3 872.1 877.6 882.4 885.3 885.5 885.9 885.6 887.1 887.2 888.4 892 891.8 888.6 885.2 882.4 877 871.5 863.1 853.2 845.6 838.9 834.7 830.2 821.9 810.8 799.7
