UK/data/hu/hu69_OST50GRID_20230518/HU69.asc
ncols 200
nrows 200
xllcorner 460000
yllcorner 1190000
cellsize 50
[rows 111 to 147 of 200, columns 0 to 84 of 200]
-0.8 -0.8 -0.8 -0.8 -0.8 -0.8 -0.8 -0.8 -0.8 -0.8 -0.8 -0.8 -0.8 -0.8 -0.8 -0.8 -0.8 -0.8 -0.8 -0.8 -0.8 -0.8 -0.8 -0.8 -0.8 -0.8 -0.8 -0.8 -0.8 15.8 20.7 25.9 27.6 26.8 29.3 33.7 38.6 42.4 45.9 49 53.4 58.3 64 67.9 71.7 75.8 81.4 86.3 91.4 93.5 94 94.1 94.7 94.5 96.6 98.6 100.3 73.5 50.6 41.5 7.3 -0.8 -0.8 -0.8 -0.8 -0.8 -0.8 -0.8 -0.8 -0.8 -0.8 -0.8 -0.8 -0.8 -0.8 45 68.3 82 81.3 70.8 -0.8 -0.8 25.9 -0.8 -0.8
-0.8 -0.8 -0.8 -0.8 -0.8 -0.8 -0.8 -0.8 -0.8 -0.8 -0.8 -0.8 -0.8 -0.8 -0.8 -0.8 -0.8 -0.8 -0.8 -0.8 -0.8 -0.8 -0.8 -0.8 -0.8 -0.8 -0.8 -0.8 14.8 15.7 21.1 22.9 26.2 27.5 32.8 36.5 40.2 44.2 48.5 52.7 57 61 66.1 72 74.2 78.5 84.3 90.8 96.8 98.1 100.6 100.7 101.6 102 102.9 104.3 106.2 108.4 92.3 86.9 61.6 63.3 45.3 37.2 -0.8 -0.8 -0.8 -0.8 -0.8 -0.8 -0.8 59.4 50.1 -0.8 -0.8 33 89.9 91.4 89.8 88 -0.8 -0.8 -0.8 -0.8 -0.8
-0.8 -0.8 -0.8 -0.8 -0.8 -0.8 -0.8 -0.8 -0.8 -0.8 -0.8 -0.8 -0.8 -0.8 -0.8 -0.8 -0.8 -0.8 -0.8 -0.8 -0.8 -0.8 -0.8 -0.8 -0.8 -0.8 -0.8 6.7 14.2 19.1 23.7 28 27 30 36.6 42.3 45.5 49.7 53.2 56.6 62.1 63.9 69.1 74.5 78.4 81.6 88.8 94.5 100.3 102.2 104.9 105.9 107.2 107.6 109 109.6 110.2 111.4 112.4 114.2 115.9 118.2 96.5 80.4 79.7 47.6 67.9 48.8 45.8 51.1 76.6 97.9 83.7 48.2 -0.8 61.4 95.9 100 97.2 90.2 -0.8 -0.8 -0.8 -0.8 -0.8
-0.8 -0.8 -0.8 -0.8 -0.8 -0.8 -0.8 -0.8 -0.8 -0.8 -0.8 -0.8 -0.8 -0.8 -0.8 -0.8 -0.8 -0.8 -0.8 -0.8 -0.8 -0.8 -0.8 -0.8 -0.8 -0.8 -0.8 11.7 16.3 20.8 26.4 30.6 28.9 37.2 42 48 51 54.3 57.3 60.5 64.2 68.4 74.9 80 84.1 88.2 95.2 100 102.6 105.7 108.7 111.2 112.1 111.9 112.6 112.6 113.7 113.1 113.9 114.9 116 118 119.2 118.8 115.9 90.5 109.7 97.6 110.7 105.2 118.8 115.6 111.8 89.7 73.1 96.3 107.4 106.8 99.5 50.6 -0.8 -0.8 -0.8 -0.8 -0.8
-0.8 -0.8 -0.8 -0.8 -0.8 -0.8 -0.8 -0.8 -0.8 -0.8 -0.8 -0.8 -0.8 -0.8 -0.8 -0.8 -0.8 -0.8 -0.8 -0.8 -0.8 -0.8 -0.8 -0.8 -0.8 -0.8 7.5 11.3 15.3 23 26.2 32.9 35 41.2 46 49.9 54.1 58.8 62.7 67.5 70.7 73.9 79.6 84.9 91.9 97.3 102.6 107.5 108.4 111.6 114.3 116 116.8 116.8 116.2 115.2 115 114.6 114.1 115 115.2 116.6 116.9 116.3 114.5 114.8 118.7 121.6 122.4 123.6 123.7 121.4 117.4 114.5 113 112.5 112.1 112.7 107.8 26.2 -0.8 -0.8 -0.8 -0.8 -0.8
-0.8 -0.8 -0.8 -0.8 -0.8 -0.8 -0.8 -0.8 -0.8 -0.8 -0.8 -0.8 -0.8 -0.8 -0.8 -0.8 -0.8 -0.8 -0.8 -0.8 -0.8 -0.8 -0.8 -0.8 -0.8 -0.8 9 12.4 16.5 22.3 27.2 32.8 40 44.2 48.8 52.6 56.8 62.1 66.8 72.7 76.7 81.6 87 94.6 100.3 104.4 109.4 113.4 115 117.7 119.2 120.2 120.6 119.8 118.9 117.9 116.4 115.4 114.4 114.5 114.7 115 114.8 115.2 112.8 114.1 117.1 120.2 121.8 122.6 122.8 123.2 121.3 118.6 115.3 114.6 113.8 111.7 109 31.9 -0.8 -0.8 -0.8 -0.8 -0.8
-0.8 -0.8 -0.8 -0.8 -0.8 -0.8 -0.8 -0.8 -0.8 -0.8 -0.8 -0.8 -0.8 -0.8 -0.8 -0.8 -0.8 -0.8 -0.8 -0.8 -0.8 -0.8 -0.8 -0.8 -0.8 -0.8 7.9 13 18.2 23.9 31.4 36.5 41.6 46.5 50.5 54.5 59.6 65.1 71.6 78.6 85.9 92.1 97.8 104.4 108.6 112.6 115.9 118.9 119.6 121.4 122.9 123.5 122.5 121.6 120.2 118.6 117 114.9 112.7 112.7 112.2 111.7 112 111.6 111.4 112.8 114.8 118.1 119.5 120.8 121.2 123.6 123.8 121.9 119 115.9 113.8 112 109.3 89.5 48.4 -0.8 -0.8 -0.8 -0.8
-0.8 -0.8 -0.8 -0.8 -0.8 -0.8 -0.8 -0.8 -0.8 -0.8 -0.8 -0.8 -0.8 -0.8 -0.8 -0.8 -0.8 -0.8 -0.8 -0.8 -0.8 -0.8 -0.8 -0.8 -0.8 6.4 11.2 15.3 21.8 29.9 34.7 41.6 44.6 48.7 52.9 58.4 63.5 68.7 77.8 86.6 95.4 103 109.1 113.4 116.3 119.7 122.8 124.6 124.2 125 125.9 125.1 124 121.8 119.1 117.5 115.7 113.5 111.5 110.7 110.3 109.5 109.4 108.6 109.6 111 112.4 115.2 117.4 117.8 120.4 123 123.9 123.5 121.6 117.4 113.9 112.4 111.2 106.6 91.8 40.1 -0.8 -0.8 -0.8
-0.8 -0.8 -0.8 -0.8 -0.8 -0.8 -0.8 -0.8 -0.8 -0.8 -0.8 -0.8 -0.8 -0.8 -0.8 -0.8 -0.8 -0.8 -0.8 -0.8 -0.8 -0.8 -0.8 -0.8 -0.8 10.2 14.9 19 27 31.7 38.7 43.9 47.2 51 55.3 61.7 67.9 74.3 83.5 94.8 105.4 111.5 117 120.3 123.7 127 129 129.8 129.1 129.7 128.3 126.6 124.8 121.3 118.2 116.4 114.2 112.1 110.7 108.5 108.2 107.4 105.9 106.1 107.1 108.5 109.5 110.9 113.7 115.3 117.9 119.9 123.1 123.2 121.3 117.3 114.6 113.1 109.9 104.8 99.2 78.2 25.5 -0.8 -0.8
-0.8 -0.8 -0.8 -0.8 -0.8 -0.8 -0.8 -0.8 -0.8 -0.8 -0.8 -0.8 -0.8 -0.8 -0.8 -0.8 -0.8 -0.8 -0.8 -0.8 -0.8 -0.8 -0.8 -0.8 8 13.2 18.4 22.8 27.5 34 37.9 43.9 47.6 52.3 58.6 64.8 72.5 80.6 91.5 102.8 110.6 119.1 124.4 127.7 130.9 133.5 135.2 135.4 134 132.3 130.7 129.2 125.2 120.8 117.2 114.8 112.3 110.7 108.6 106.8 105.9 105.2 104.4 103.9 104.2 105.6 106.5 108 110.1 112.6 114.5 116.8 120.2 121.6 120.8 118.2 115.9 113.2 108.5 103.7 97.6 91.4 63.4 -0.8 -0.8
-0.8 -0.8 -0.8 -0.8 -0.8 -0.8 -0.8 -0.8 -0.8 -0.8 -0.8 -0.8 -0.8 -0.8 -0.8 -0.8 -0.8 -0.8 -0.8 -0.8 -0.8 -0.8 -0.8 -0.8 10.9 14.5 18.9 23.2 26.4 33.9 38.4 43 48.4 54.9 61.1 68.3 76.7 86 97 109.2 118.5 125.5 131.2 134.9 137.3 138.9 140.2 139.3 137.8 135.9 134 131.2 127.1 122.2 116.6 113.5 110.6 108.6 106.5 104.5 103.3 102.6 101.5 101.7 102 102.6 104.2 105.7 107 109 110.9 112.6 116.8 118.8 118.6 116.9 114.4 112.7 107.3 102.1 96.6 88.7 82 45.2 34.1
-0.8 -0.8 -0.8 -0.8 -0.8 -0.8 -0.8 -0.8 -0.8 -0.8 -0.8 -0.8 -0.8 -0.8 -0.8 -0.8 -0.8 -0.8 -0.8 -0.8 -0.8 -0.8 -0.8 10.7 13 16 18.2 22.7 26.1 33.6 40 44.5 50.6 56.9 64.8 72.1 80.5 91.7 101.8 115.7 123.7 131.6 137.6 142.4 143.8 144.4 144.4 143.3 141.5 139.3 136.5 133.1 127.9 121.5 115.6 112.4 109.6 107.5 105.1 102.9 101.1 99.9 99.5 99.4 99.9 101 102.3 103.6 104.4 106.3 106.4 108.1 111.8 114.9 115.3 113.7 113.2 112.2 106.2 99.4 92.6 82.6 75.4 69.7 61.7
-0.8 -0.8 -0.8 -0.8 -0.8 -0.8 -0.8 -0.8 -0.8 -0.8 -0.8 -0.8 -0.8 -0.8 -0.8 -0.8 -0.8 -0.8 -0.8 -0.8 -0.8 -0.8 7.9 11.7 16.5 19.4 21.3 23 29.7 35.7 40.6 45.8 52.5 59.5 66.5 76.3 84.8 96.3 108.3 121.8 129.2 136.7 142.6 147.7 148.3 148.7 148.3 147 144.1 141.1 138.3 134.8 129.6 122.9 115.7 111.3 108.6 106.5 103.6 101.6 99.6 98.1 97.8 97.6 98.1 99.1 100.2 101 102.1 102.7 102.4 103.9 106 110 111.6 110.6 111.2 110.7 105.1 96.4 88.7 78.9 69 63.3 58.4
9.2 10.7 8.4 -0.8 -0.8 -0.8 -0.8 -0.8 -0.8 -0.8 -0.8 -0.8 -0.8 -0.8 -0.8 -0.8 -0.8 -0.8 -0.8 -0.8 -0.8 -0.8 12.3 16 18.2 22.4 23.5 25.3 30.3 34.8 41.9 47.8 55.1 63 70.2 78.6 89.6 99.7 111.7 124 133.8 140.6 146.7 151.9 153 152.4 151.5 149.6 146.5 143.4 140.2 136 130.7 123.1 116.6 111 107.8 104.9 102.2 100.3 99 97.6 96.3 96.7 96.9 97.3 97.8 98.7 99.5 99.2 99.1 100.9 102.6 104.7 106.7 107.4 108.4 108.7 104.7 95.1 85 75.2 65 57.2 50.9
14.6 12.5 10.1 5.9 0.6 -0.8 -0.8 -0.8 -0.8 -0.8 -0.8 -0.8 -0.8 -0.8 -0.8 -0.8 -0.8 -0.8 1.2 7.1 1.1 9.5 15.5 19.4 20.2 23.3 25.8 27.8 30.3 37.2 43.9 50.1 56.4 64.8 73 81.5 91 102.9 113.4 127.1 136.9 143.5 149.4 154.2 155.8 155.4 154.2 151.7 148.5 145 141.2 137.5 131.9 125 118.3 112.5 107.5 104.4 101.3 99.9 98.7 97.6 96.1 94.6 94.7 95 94.8 95.4 95.9 95.2 95.6 97.1 98.8 98.8 101 104.3 104.7 105 101.8 92.5 82.1 72.6 61.3 52.8 47.2
19.1 17.1 16.4 14.3 6.9 -0.8 -0.8 -0.8 -0.8 -0.8 -0.8 -0.8 -0.8 -0.8 -0.8 -0.8 -0.8 6.4 8.3 11.2 11.8 14 19.4 22.6 23.5 26.4 28.8 32.1 34.5 39.3 45.3 51.4 58.5 66.7 75.2 84.5 93.3 104.3 115.2 128 138.3 145.5 151.6 155.7 158.3 156.9 155.8 153.4 149.8 146 142.3 138.5 133.3 126.3 119.9 113.9 108.9 104.7 101.3 99.2 97.6 96.4 95.4 94.3 93.1 92.7 91.4 91.7 92 91.9 92.5 93.2 94.6 94.5 96.2 98.2 100.1 100.3 97.1 88.3 75.9 65.8 58.4 50 45
23.6 21.4 20.5 16.5 13 10.3 -0.8 -0.8 -0.8 -0.8 -0.8 -0.8 -0.8 -0.8 -0.8 9.1 12.3 12.6 12.6 14.7 17 19.9 23.5 25.6 26.3 30.7 33.4 35.5 39.6 44.4 47.9 53.5 60.7 68.6 77.4 85.9 95.1 105.8 117.2 128 138.8 145.8 152.7 156.3 158.1 158.2 156.9 154.5 150.9 147.1 143.4 139.6 135.5 128.7 121.4 115.4 110 105.2 101.5 99.3 97.3 95.3 94.2 93.1 92.1 90.7 89.6 89.3 89 90 89.5 89.5 90.5 91.9 92.7 92.5 93.8 94 92 83.5 70.5 59.9 54.9 49.7 45.9
29 27.4 26.2 20.3 17.8 14.8 -0.8 -0.8 -0.8 -0.8 -0.8 -0.8 2 3.7 9.6 12.2 18.5 19.5 18.9 19.5 21.4 27.1 29.7 31.7 31.2 35.3 37.7 39.6 43.5 47.5 51.2 56.2 62.7 70.4 78.9 87.4 96.2 106.7 116.8 127.4 137.6 146.1 152.8 157.5 158.5 158.8 157.6 155.2 151.7 148.3 144.5 140.5 136.2 129.7 123.6 117.6 111.2 105.8 101.7 99.4 97.4 95 93.1 92 90.9 89.3 87.7 87.1 86.4 87 87.8 87 84.8 86.2 87.9 87.7 86.8 86.7 82.9 75.4 64.6 55.6 49.8 46.8 44.3
40 33.2 30.2 24.6 21.5 18.3 9.9 -0.8 -0.8 -0.8 3.7 4.5 10.1 11.4 15.3 19.8 24.8 25.6 25.8 25.5 27.8 34.1 34.6 36 37.9 40.5 41.8 44.7 47.4 51.5 55.6 59.8 64.9 72.4 81 90.5 98.6 106.8 116.5 126.3 136.1 144.6 152 156.8 158.9 159.2 157.6 155.4 152.3 148.8 145.2 141 136.6 131.1 125.8 119.8 113.6 106.9 102.1 99.5 97.5 95.2 92.8 90.8 89.1 88.6 86.6 85.1 84.6 84.6 84.7 85.4 83.5 82.5 83.8 83.8 82.2 81.2 76.9 69 59.8 52.5 46.9 43.2 41.3
54.6 42.9 35.6 30.7 21.7 17.7 13.3 7.4 6.4 7.9 10.3 11 13.8 16.3 19.4 24.5 30.5 30.8 31.7 34.1 35.7 39.9 40.1 41.7 46.5 47.8 48.5 51.1 52.1 55.9 60.8 64.4 68.7 75.3 84.4 92 99.9 107.1 116.5 125.8 134.4 143.1 150.3 155.5 158 158.6 157.3 155.1 152.2 148.4 144.6 140.7 136.8 132.5 127.5 121.4 115.2 108.7 103 99.6 97.3 95.5 92.4 90.3 88.4 87.2 85.9 84.2 83.2 83.7 84 83.3 81.9 80.3 78.5 79.8 78.2 77.2 71.4 62.4 55.2 49.4 44.6 41.5 38.3
65.2 56.5 45.6 35.5 25 24.4 19.2 10.4 10.2 13.4 14.7 17 17.3 19.1 22.9 27.5 33.6 34.8 37.2 41.7 44.8 46.5 47.8 50.5 53.3 54.2 56.4 57.4 58.3 62.7 67.5 71.5 75.2 81.4 88.6 95.1 101.2 108 116.2 124.1 131.7 141.1 148 153.2 156.2 157.3 156.3 154.4 151.5 147.8 144.2 140.6 136.7 132.5 128.3 123 116.7 110.2 104.6 100.8 97 94.7 91.7 89.8 88 86.4 83.8 82.7 81.9 82.3 82.4 82 79.6 77.6 75.3 73.4 73.2 73.1 71 59.7 52.8 46.9 43.3 40.6 37.5
79.2 73.5 55.1 40.9 31.7 30.6 22.6 14.8 15.3 16 19 21.4 22.5 23.6 27.3 32.1 36.1 40.3 43.3 50.2 53.1 52.7 55.5 57.1 59.5 61.5 63.5 66.7 68.4 71.5 75.6 81.6 85.7 89.6 93.2 99.4 103.6 109 115.7 122.9 130 138.4 144.8 150 153.1 154.8 154.2 152.3 150.5 147.3 143.6 139.9 136.2 132.3 128.2 123.9 118.3 112.9 107.5 102.6 98.6 94.6 91.9 89.7 87.4 85.2 82.8 81.3 79.9 80.6 80.6 79.5 79.6 77.3 73.3 71.2 71.5 71.3 67.2 58.2 53.1 49.5 44.5 39.4 35.3
89.1 82.7 69.2 47.7 37.1 31.6 24.2 18.1 17.9 18.7 22.1 25.7 26.9 27.5 32 34.7 41 46.9 51.6 56.5 58.2 59.9 62.2 61.6 63.6 68.2 71.1 73.9 76 79.7 85.8 90.7 95.1 97.8 99.3 101.6 106 110.2 116.1 121.8 128.2 134.6 140.8 146 148.8 150.3 150.3 149.5 148.3 145.4 142.4 138.8 135.3 130.7 126.8 123.9 120.2 115.3 111.4 106.5 101.9 97.1 92.9 88.6 86.5 84.1 82.1 80.2 78.7 77.3 78.2 77.5 78.1 75.6 71.7 68.2 68.9 69.9 67.9 62.8 54.1 51 44.6 41.4 34.5
92.4 90.1 78.5 61.5 52.9 36.6 28.3 20.5 20.1 21.5 23.6 27.3 29.6 31.4 33.1 37.4 47.2 54.8 61.4 63.1 67.2 69.1 67.8 65.1 67.9 73.3 76.6 80.6 84 87.9 92.5 96.9 100.7 102.7 103.5 106 108.5 111.8 115.8 120.5 125.8 131.5 135.8 141 143.4 145 145.5 144.9 144.2 142.8 140 137.1 133.3 128.7 125.7 123.9 120.2 117.7 113.8 109.8 105.1 100.4 94.8 89.9 87 81.7 80.3 78.3 77.8 76.6 74.5 74.4 75.7 74 71.1 66.1 64 65.1 65.5 63.4 54.4 48.3 43.3 40.9 33.7
95.5 91.6 88.3 77.6 68.3 46 33.5 23.8 22.9 24.3 25.9 29.5 33 34.7 39.9 48.2 51.2 61.9 66 65.6 69.6 74.9 75.9 74.3 74.4 76.9 81.3 86.5 90.8 93.3 96.7 100.8 103.2 105.6 107 108.1 109.2 110.8 114.5 118.1 122.6 127.3 130.9 134.6 137.4 139 140 139.4 139.3 138.6 136.9 134.5 131.4 128 125.2 123.2 121.2 118.9 115.9 112.1 107.7 103 97.5 91.8 87.8 82.4 78.6 77.4 76.9 75.9 73.2 73 73.2 73.3 71 67.9 62.3 60.8 60.4 61.1 53.8 48 42.5 37.8 37.2
98.5 94.8 92.3 88.3 71.3 57.1 41 30.6 25 25.3 27.8 31.6 36.5 40 43.5 56.2 61.4 70.4 69.7 73.7 81 78.4 81.5 84.5 82.1 81.9 85.3 90.4 95.8 98.7 101 103.1 105 106.5 105.9 106.1 107.3 108.8 111.4 115.3 118.9 122.6 125.6 127.5 130.2 132.2 133.6 133.8 133.8 133.8 132.5 131.5 129.2 127 124.7 123.3 121.4 119.2 117.6 114.3 110.1 105.1 99.8 94.7 89 84.2 79.3 76.6 76.7 74.9 72.7 71.4 70 71.5 69.8 65.1 61.5 58.3 57.6 56 52 46.4 42.1 42.9 42
99.6 99.5 95 88.9 78.9 63 48.1 40.2 28.8 26.8 30 35.1 41 42.9 45.2 60.4 68.4 74.9 77.4 84.3 90.3 85.9 84.4 90.8 92.9 92 92.8 94.5 98.3 101.2 104 104.9 106.1 106.5 105.7 104.8 104.7 106.3 108.7 111.5 113.9 116.8 119.7 121 122.1 124.3 126.4 126.5 126.6 127.7 127.3 127.1 126.7 124.6 123 123 121.6 120.3 118.9 115.9 112.6 107.2 101.9 98.3 93.8 88.4 83.4 79.1 75.3 72.4 70.9 68.9 67.7 70 67.8 64.2 58.2 56 55.5 54.4 53.2 48.8 49 47.7 46.3
103 102.7 97.3 91.2 81.6 65 55.6 50.9 35.5 30.2 31.3 38.2 42.7 44.4 52.7 63.2 72.4 79.5 83.8 88.3 91.7 88.4 85.5 91.4 97.6 99.4 101.1 102.5 102.4 102.8 105.2 106 106.2 105.8 105.3 104.6 103 103.1 104.8 106.2 108.2 110.3 112.7 113.8 115.1 116.5 118.3 118.2 119.4 120.2 120.8 121.7 121.7 122.4 121.3 121.3 121.6 120.8 119.5 117.4 114.3 110.2 106.2 102.5 98.5 94.2 88.1 82.4 77.4 74 70.7 66.4 64.7 64.9 65.7 65.4 61.4 54.8 53.9 53.9 53.3 54.2 54.7 54.8 52.3
104.2 105.2 102.4 92.5 86.1 71.7 59.3 53.7 40.6 34.1 34.1 37.2 43.1 47.1 56 64.4 75 83.5 90.4 89.3 94 93.6 90.9 92.1 97.3 103 105.7 107.6 109.3 106.3 105.2 105.4 104.9 104.5 103 101.6 100 99.3 100.8 101.1 102.4 103.8 104.5 106.3 108 109.5 109.8 109.3 111.1 112.7 114.1 115.3 117.4 118.7 119.8 120.2 120.4 120.2 119.9 118.1 115.7 113.3 109.2 105.5 102.5 98.7 93 86.6 80.6 74.6 70.9 67.1 64.2 60.7 62 61.8 59.6 55.7 53.9 53.9 53.9 55 58.1 59.3 57.2
105.4 107 106.2 100.6 86.3 81.1 61.9 61.7 47.5 42 37.4 38.3 42.2 48.2 57.5 64.6 74.4 83.6 90.6 94.7 97.1 99.2 95.2 100.5 104.3 106.3 107.8 109 111.3 110.1 106.2 105.2 103.9 101.5 100.2 99.1 97 95.9 95.9 97.2 97.1 98 98.7 99.9 99.6 101.7 101.5 102 103.7 105.7 107.1 109.6 112.2 113.7 116.7 117.3 118.6 119.7 119.9 119.2 117.4 115 111.7 109.1 105.9 101.9 96.3 90.8 82.4 76.6 72.1 68.4 65.7 61.4 57.9 60.5 60.3 57 53.9 53.9 53.9 54.5 58.1 62.6 60.3
105.5 108.1 108.2 104.3 93.1 83.1 69.9 66.1 52.4 47.1 42.7 41.9 44 49.9 59 64.6 72.6 80.7 90.9 100.2 102.7 106.6 107.1 108.5 108.3 110.9 112 110.9 111.2 109.6 105.4 104.7 102.5 98.9 96.9 96.6 94.7 93.6 92.1 92.6 92.9 93.3 93.6 94.1 94.3 95 95.8 96.6 97.6 99.4 101.4 104.2 107.1 109.4 113.1 114.1 116.3 118.8 119.3 119.1 118.6 116.7 114.5 111.4 109.1 106.1 101.8 96.1 87.4 81.6 75.1 71.6 68.6 64.4 57.2 56.9 58.8 59.1 54.3 53.9 53.9 53.8 58.6 63.2 63.2
106.1 108.4 109.4 106.5 98.6 90.1 76.3 62.8 55.6 52.2 46.5 46 46 49.5 57.8 64.8 72 78.1 86.3 92.9 100.1 104.5 111.1 116.4 120.2 120.1 113.4 111.8 110.4 108.9 104.6 103.9 103.3 98.1 94 92.6 92.2 90.9 89.4 89.2 89.5 89.8 90.2 90.4 90.2 90.8 91.6 92.9 93.8 95.1 97.5 99.4 102 105.1 108.7 111.5 114 116.5 118.5 119.2 118.8 118.2 116.8 114.4 112 109.4 106.7 101 93.4 87.7 81.7 75.9 69.8 65.6 59.1 54.6 56 55.3 55 53.9 53.9 54.4 57.9 62.1 63.8
107.4 109.5 110 107.9 104.8 96.6 72.8 63.5 58 54.8 49.3 48.6 48.1 49.4 54.7 64.1 70.6 76.5 83.4 88.2 94.2 101.1 109 118.8 122.6 125.1 120.5 112.8 108.9 107.6 105.3 102.7 100.1 99.5 92.8 89.6 87.5 87.1 86.5 86.5 86.2 86.4 86.7 86.8 86.6 87.2 88.6 89.3 90.4 91.9 93.5 95.3 98.2 101.7 105.5 108 111.2 114.5 116.4 118 119.1 119 118 116.2 114.3 112.2 109.6 105.6 97.3 91.5 84.2 78.1 71.6 66.9 60.4 55.7 53.7 54.2 54.7 54.3 53.9 54.6 56.8 59.7 62.4
106.1 109.3 109.3 108.6 105.8 98.1 78.9 68.9 59.8 57.6 51.2 50.5 49.7 50.8 53.1 62.8 70.6 76.2 81.2 85.7 89.1 96 101.3 110.9 120.7 123.5 122.2 118.1 108.8 106.4 103.8 100.2 96.9 96.7 90 88.4 85.9 84.8 84.2 84.3 84 83.7 83.4 82.2 82.9 83.5 85.4 86.3 87.4 89.2 91 92.6 95.5 99.1 102.5 105.1 107.8 111.3 114.5 116.9 118.5 119.3 118.6 117.6 115.8 114 112.4 108 101.7 94.4 85.9 80.7 74.5 69.4 62 58.9 52.5 53.8 54.8 56.9 53.6 53.5 55.4 57 59.5
107.1 108.2 108.1 107.7 105.9 101.9 90.9 79.2 64.9 58.1 54.1 54.5 53.1 52.1 52.5 61.2 69.4 75 80 82.8 85.5 90.6 95.7 101.1 110.3 117.8 120.3 117.6 111.3 101.9 97.6 94.3 92 89.5 86.3 85 84.2 83.4 82.5 81.9 81.4 80.1 79.5 79 79.2 80.2 82.1 83.3 84.2 86.1 88 89.9 92.7 96 99.4 102.1 104.6 108.5 111.9 114.4 116.8 118.1 118.5 118.1 117.1 115.4 113.9 110.7 104 96.9 90 83.2 77.8 70.7 62.9 59.4 53.2 52 57 55 53 51.9 52 53.8 57.4
108.5 108.2 106.5 105.5 102.7 100.7 95.7 87.7 71.7 60.3 56.9 56 55.5 53.8 54.4 55.1 65.8 72 77.1 80 82.5 85.1 90.3 94.7 100.2 109.1 114 112.5 108.2 95.9 91.6 89.2 87 84.3 82.4 80.7 79.8 79.4 78.8 78.7 78.6 78.2 77.6 77.4 77.2 77.2 77.6 80.1 81.1 82.7 84.7 87.2 89.3 92.9 96.4 99.1 102.3 106 109.5 111.9 114.2 116.5 117.7 117.7 117.6 116.3 114.7 112.8 106.8 99.6 92.9 86.3 82.6 73.4 65.8 59.8 55.8 51.4 53.8 54.8 53.2 51.1 49.7 50.9 54.6
109.1 108.5 103.9 100.7 100.1 98.1 94.4 85.1 74.8 62.5 56.9 55.8 55.4 55.4 56.3 55.4 63.5 70.6 75.3 77.5 79.4 80.6 84.1 88.2 93 96.7 100 100.7 96.5 91 86.8 84.8 83.2 80.1 79 77.4 76.3 75.9 75.7 75.8 75.7 75.3 75 75 74.8 75 75.1 77 78.8 80.7 82.6 84.8 86.7 89.6 93.4 97.3 100.5 103.7 106.8 109.1 111.4 113.8 116.1 116.8 116.7 116.2 114.9 112.7 109.8 102.4 95.5 88.3 83 76.4 68.1 61.5 58.4 51.1 51.4 53.6 52.1 50.6 48.9 48.9 52
