UK/data/sk/sk35_OST50GRID_20230518/SK35.asc
ncols 200
nrows 200
xllcorner 430000
yllcorner 350000
cellsize 50
[rows 140 to 174 of 200, columns 0 to 78 of 200]
282.7 288.4 291.5 293.1 293.7 293.5 292.5 290.6 289.7 286.8 285.1 285.7 286.9 285.7 282 276.3 262.9 255.5 251.5 249.1 247.3 246 246.2 245.4 242.7 239.1 235.4 231.8 229.2 227.5 226.3 225 223.7 221.8 219.3 217.4 215.7 213.3 210.1 206 203.4 201.3 199.1 196 194.2 192 189.8 187.3 185.5 184.1 182.1 180.2 177.9 175.8 174.7 172.9 169.9 167.9 165.1 159.4 155.3 153.5 154.1 153.1 150.5 146.1 139.9 132.8 125.1 119.7 115.4 106.7 98 83.4 68.8 68.9 70.2 74.9 78.1
272.4 277.6 281.8 284.9 287.5 288.4 288.8 288.2 287.6 284.1 283.2 282.5 283.5 282.7 280.7 277.4 269.8 258.6 255 253.7 252 250.4 251.1 250 247.9 245 241.3 237.5 234.2 232 230.7 229.5 229.1 226.5 224.5 222.4 220 217.9 216.1 214.6 212.7 207.4 204.7 202.4 200.4 198.6 196.3 194 191.7 190.3 188.6 186.8 184.7 182.6 181.3 179.4 177 174.6 172.7 170 167.2 166 162.8 160.4 156.2 150.7 144.5 137.2 129.6 122.9 117.3 108.9 99.8 88.2 75.2 68.2 68.8 71.8 75.8
263.9 268.9 273.9 279.6 282.4 284.3 285.4 285.3 284.3 281.9 277.4 275.1 274.9 273.5 271.4 271.7 270.2 262.4 258.9 258 256.9 255.1 254.7 254.8 252.7 249.6 246.8 242.7 238.8 236 234.8 233.5 233.2 231.6 229.9 228.1 225.9 224.4 218.9 216.9 215.3 214.4 211 208.8 206.8 205.2 203.2 200.9 198.4 196.6 195 193 191.1 188.7 186.8 184.5 182.6 180.5 178.2 176 175.4 173.9 172.2 169.7 166.9 162.3 158.7 154.8 139.4 129.4 120 111.8 102.4 92.3 80.3 69.9 68.2 68.8 73.5
257.6 261.9 266.3 272.4 280 282.1 283.3 282.9 281.5 279.1 275 270.1 267.3 265.4 262 261.4 261.5 260.5 262.4 262 260 258.8 258.1 258.5 256.3 253.2 250.2 246.1 243.6 240.3 238.8 237.5 237.4 237.5 236.8 235.8 233.7 230.8 229.1 226.2 222.2 219.8 217.4 215.1 213.5 211.9 210 208.3 206.3 203.3 201 198.7 195.6 194.1 191.5 189.2 186.5 184.3 182.9 181.1 180.9 179.7 178.1 176.3 174 170.6 162.3 164 156 140.3 127.3 115.8 106.1 96.2 87.9 76.4 69.1 68.2 70.5
254.3 258 262.4 272.4 277.3 281.7 281.3 279.6 277 275.3 271.7 268 263.6 259.8 258 256.3 255.8 255.7 258 263.3 262.8 261.7 260.4 257.5 255.5 253.8 252.2 249.4 247.7 243.8 242.8 242.1 242.1 242.6 242.5 241.7 239.9 237.8 235.3 232.4 229.3 226.6 223.8 221.2 219.5 218.1 217 214.9 212.1 209.4 206.4 203.6 200.5 199 195.9 192.5 189.9 187.5 185.9 184.9 184.6 184.1 182.6 180.8 179.1 176.4 173.6 161.5 168.2 152.9 135.2 121.9 110.2 103.7 99.2 87.3 75.2 70.8 68.2
251.1 255.4 261.3 270 276.2 279.2 277.9 275.3 273.4 270.3 267.6 266.5 261.4 258.2 255.9 254.1 252.5 251.2 252.2 253.2 255.9 256.7 256.9 253.6 250.8 250.9 249.4 249.2 249.2 247.1 246.1 246.2 246.8 247.4 247.6 247.1 245 243.1 241 239 235.5 232.2 230.4 228 225.8 224.8 223.4 221.5 218.4 215.4 211 208.3 205.7 203.1 199.8 196.1 193.1 190.7 188.6 188.4 188.3 187.7 186.3 185.2 183.5 181.3 178.9 178.6 174.5 170.3 141.2 127.4 112.8 107 96.5 95.1 84.8 77.5 70.7
249.5 254.1 259.5 269.7 276.7 278.3 276.2 273.3 271 268.7 267.1 263.8 260.2 258.2 256 253.9 253.6 252 249.8 248.2 248.7 249.6 249 247.4 245.6 246.2 247.1 247.6 247.1 247.9 248.5 249 249.3 249.8 249.7 248.7 247 245.5 244 242.4 241.2 239 236.9 234.3 232.4 230.6 228.9 227.3 224.5 221.4 217.1 212.7 209.6 207 203.5 199.6 196.8 194.1 192.8 192.4 192.3 191 189.6 188.4 187.1 185.5 183.4 181.7 175.1 176.4 156.5 137.4 119.1 112 103 95.4 93.3 83.9 72.9
246.4 251.8 257.6 265.6 274.4 277.8 274.8 272 269.5 267.4 265.3 262.9 260.1 258.4 256.6 255.9 256.4 255.8 253.2 248.1 246.7 246.2 245.3 244.2 243.6 243.5 244.1 244.8 246.3 247.3 248.5 248.3 247.6 248 247 246.7 246.1 244.8 243.5 242.3 242.1 241.6 240.5 239 237.6 236 234.4 232.2 229.4 226.6 222.4 217.7 213.2 210.7 207.2 203.8 200.7 198.1 196.9 196.5 195.4 194.2 192.9 192.2 191 189 187.3 185.7 182.9 176.9 166.6 144 123.3 114.1 107.2 102.4 94.5 86.4 77.6
242.9 248.3 254.9 262.3 270.4 273 272.4 270.6 268.1 265.8 263.7 262.1 260.8 258.9 258.1 257.8 257.7 256.4 253.5 249.9 247.6 246 245 243.9 243.2 242.6 242 242.1 242.4 243.7 245.4 244.6 243.9 243.8 243.5 243.2 243.3 243 241.9 241.1 241 241 240.8 240.8 240.2 239.1 238.3 235.9 233.1 230.2 226.5 222.3 217.8 214.1 211.1 208.5 205.4 203.1 200.6 199.9 199.1 197.4 196.3 195.9 194 191.9 189.9 188.4 187 176.3 168.7 154.5 130.8 121 112.1 105.7 98.7 85.5 77.9
240.3 247.2 253 259.6 263.8 267.4 268.5 268.6 266.7 264.9 263.1 262.1 261.5 260.4 259.6 259.3 258.4 256.8 254.2 251.5 248.8 247.1 246 245 244.2 243.3 242.3 241.5 241 241.3 242 241.3 240.5 240.5 240.5 239.7 239.7 240.1 240.1 239.4 239.5 239.2 239.1 239.6 240.4 240.2 239.7 237.9 235.7 233.1 229.7 226.3 221.8 217.7 214 212.1 209.8 207 205.3 203.7 202.5 200.5 200.1 198.9 196.7 194.5 192.4 190.8 189.4 186.4 174.9 155.7 135.8 126.1 114.2 108.1 99.5 85.4 76.9
246.6 244.7 246.2 255.5 261.8 264.4 266 267.5 267.5 265.5 264.1 262.7 262.2 261.3 261.1 260.9 260.8 259.5 256.1 252.4 250.2 248.5 247.4 246.2 245.2 243.9 242.9 241.9 241.2 240.3 239.9 239.8 238.7 238.3 238.9 237.5 237.1 236.8 237.4 236.9 237.3 237.1 237.8 237.8 239 239.2 240.1 239.4 237.8 235.3 232 228.6 225.4 221.5 218.3 215.3 212.6 210.5 208.3 205.7 204.3 202.8 201.6 199.9 198.2 196.6 194.7 193.1 191.6 188.3 178.7 155.2 141.7 125.5 114.6 106.9 94.9 84 76.6
254.9 250.5 250 250.1 260.2 262.3 263.6 265.7 267.4 266.5 264.7 263.8 263.4 262.5 262.9 263.8 264.2 262.3 261.5 258 252.8 249.9 248.6 247.4 246.2 244.6 243.5 242.4 241.8 241.7 241.2 241 240.7 238.8 238.6 238.3 237 236.6 236.2 235.6 235.2 234.5 234.5 235.3 236.5 237.9 236.1 232.8 230.4 232.3 232.1 231.3 228.7 225.4 221.6 217.9 215.1 211.7 209.1 206.8 204.5 202.9 201.8 200.8 199.1 197.1 196.2 194.9 192.9 188.9 180.5 157.9 138.9 123.8 111.5 104.1 93.2 83.7 75.8
261.3 256.4 255.5 255 255.7 260.7 263.2 264.4 265.7 266.5 265.8 265 264.7 264.1 265.6 267.5 268.1 267.3 264.8 261.5 254.8 251.7 250 248.9 247.7 246.4 244.8 243.7 243.3 243.5 243.5 242.9 242.4 240.5 240.5 240.5 241.4 238.8 236.8 236.2 235.6 234.7 234.5 232.2 232.1 230 227.2 222.9 220.9 220.4 221.6 224.7 229.5 228.7 225.5 221.7 217.6 214.3 211.4 208.8 206.6 204.8 202.7 200.8 199.4 197.3 196.3 195.5 194.1 190.5 182.7 154.7 136.1 121.1 110.6 100.6 91.4 82.5 76.1
264.9 261.5 260.6 259.7 258.3 261.4 263.8 265.3 266.1 266.6 266.6 266.9 266.8 267 268.8 271.1 272.3 270.9 268.2 265 258.1 253.5 250.5 251.2 250.1 247.9 246.8 244.9 244.5 244.7 245 245.4 244.6 242.6 242 241.9 242.2 240.9 238.8 237.3 237.1 237 235.9 235.6 233.3 230.6 227.2 222 219.1 218.1 216.9 217.2 216.8 216.7 216 215.4 215.6 215.1 214.9 212.1 208.7 206.4 204.3 201.6 199.1 197.2 195.4 194.3 191.7 187.9 181.4 149 132.6 117.5 108.3 98.9 89.3 83.6 75.6
267.4 265.5 265.2 264.1 261.9 260.3 264.8 267.1 267.9 268.4 268.4 268.7 269.8 270.1 273 274.8 276 273.4 271.1 267.4 259.9 255.5 254.2 254.6 252.9 249.3 247.8 246.8 247 247.2 248.2 247.7 248.3 246.4 244.1 244.5 244.5 242.8 241.2 239.1 238.9 238.6 238.2 238.3 236.2 231.5 227.4 223.3 219.5 216.9 213.3 213.2 212 208.7 207.6 207.4 207.6 209.6 211.4 211.1 209.7 207.7 204.3 202.1 199.5 194 189.7 181.8 172.9 163 155.7 140.9 127.9 115.6 107.7 98.1 90 81.2 83.6
266.7 268.8 269.5 269 266.6 264.8 268.4 269.6 270 270.4 270.5 271.5 272.5 273.3 275 277.5 277.9 275.4 274.3 269.4 261.6 257.3 258.3 257.1 255.1 252.7 252 250.5 250.9 251.6 252.2 251 252.5 250.2 248.7 248.4 247.1 246.3 244.5 243.1 241.8 240.9 240.5 240.9 239.7 232.7 227 223 220.7 218.7 216.3 212.2 205.2 205.3 200.4 199.2 198.7 200.6 200.8 201.3 202.1 200.2 197.3 194 189.4 184 173.5 165.6 159.4 152.1 145.8 136 127 116.1 107.5 95.2 89.1 77.2 93.9
266.8 271.8 273.2 273.5 269.6 267.9 270.6 271.7 272.8 273.2 275.1 275.8 275.8 278 278.9 280 279.1 277.6 275.9 270.7 262.6 260.1 262.8 260.6 258.1 258.5 258.9 257.1 257.5 257.6 255.9 255.1 255.5 254.9 254.4 253 251.3 249.9 247.5 245.6 244.7 243.3 243.1 243 242.1 238.7 230.6 224.8 222 219.1 217.1 213.8 210.1 205.3 199.6 192.5 190.4 192.7 192 190.9 191.3 189.7 188.6 185.3 178.4 171.8 161.5 152.4 148.2 143.4 138.4 132.1 123.3 114.9 104.7 93.9 83.1 97.6 101.1
271.6 278.8 277.7 276.1 272.6 270.8 274.3 274.9 276.3 278.7 280.7 279.8 279.5 280.4 280.9 281.6 280.3 280.4 277.2 271.6 264.7 266 267 262.9 261 263.8 265.5 263.9 263.7 262.5 261.1 259.4 259.3 257.3 257 256.3 254.9 252.7 250.1 248.1 245.8 245.2 244.1 244.5 243.8 242.3 238.8 228 223.7 220.6 218.3 215.8 213.3 206.9 202.1 195.9 190.5 186.8 182.3 181.5 182.3 182 180.9 176.3 168.8 161.4 152.1 144.7 139.5 135.8 131.5 126.1 118.5 109.5 102.2 89.4 102.2 104.8 111
276.1 279.8 283.1 281 275.7 274.5 277.5 277.9 281.8 285.2 285.8 284.1 283.4 283.3 283.6 283.5 283.1 282.4 278 272 266.5 269.2 270.3 266.2 263.9 266.3 269.5 267.2 266.7 265.4 264.1 262.6 261.2 260.4 259.6 258.7 257.2 254.9 252.7 250.5 248.6 247.7 246.6 245.9 245.1 243.8 242.3 237.4 233.5 226.9 223.4 220.1 215.8 208.7 203.2 197.8 193.6 188.6 184.8 176 170.9 170.4 170.5 166.4 161.1 151 145.1 139.2 134.3 129.1 124.8 117.2 110.5 110 110.5 117.9 118.1 118.2 115.5
279.8 280.4 283.4 282.9 278.7 277.1 280.7 282.9 286.3 289 289.3 287.4 286.7 286.4 286.5 286.3 285.5 283.8 278.5 273.3 268.5 273.3 272.7 270.8 268.7 268.5 268.9 269.3 269 267.8 266.3 264.3 263.1 262.4 261.7 260.8 259.1 257.2 255.1 253 250.8 249.3 248.6 247.6 246.3 245 243.2 238.2 234.9 229.1 223.8 220.2 215.8 209.1 204.6 200.9 195.9 189.5 185.1 177.9 166 154 152 147.1 147.7 144.4 139.4 137.2 133 127.8 126.5 125.3 123.6 119.5 118.5 137 131.3 127.7 122.9
282.8 283.9 284.4 283.5 282.1 282.2 282.8 284.6 287.1 290.8 292.8 291.5 289.9 289.2 289.3 288.5 287.1 284.1 279.3 274.2 270.8 274.4 274.7 273.1 272.3 271.9 270.9 270.8 270.8 270.2 268.3 266.3 265.2 264.4 263.2 262.3 260.7 258.8 256.8 254.5 252.3 250.4 249.2 247.9 246.9 245.8 243.5 239.6 233.9 227.6 222.5 218.2 214.2 208.5 203.5 199.6 196.2 192.5 184 174.1 162.8 151.6 149.9 147.4 144.9 144.3 144.3 144.2 141.8 138.1 134.6 134.1 137.4 137.5 137.1 148.9 142.4 136.1 129.7
283 287.6 287 286.1 285.2 286.4 286.4 288.5 289 292.1 293.8 294.2 292.8 291.4 292 290.3 287.3 284 281.8 278.1 274 275.6 275.6 273.9 274 275.7 275.1 274.4 273.4 272.4 270.9 268.8 267 265.6 264.2 262.9 261.3 259.5 257.5 255.1 253.1 251.1 249.8 248.3 247.1 246 243.7 240.6 235.6 228.9 222.2 217.4 213 209 203.9 199.5 195.5 193.5 188.5 176.2 164.1 161.9 156.5 152 149.5 150.3 155.8 157.6 157.7 153.7 146.6 145.6 147.2 153.3 159.3 157.3 148.6 144.2 137.7
274.5 290.1 290.2 289.3 289.4 291.7 291.4 293.8 294.8 294.2 295.4 296.2 295.7 293.6 292.9 290.7 289.1 286.6 283.5 279.8 276.3 276.2 275.3 273.9 275.2 278.4 278.8 276.6 274.9 273.1 271.7 270.1 268.1 266.2 264.2 262.7 260.2 259.5 257.9 255.4 253.5 251.8 250.3 248.7 247.4 245.9 244 240.9 235.9 229.6 222.8 217.7 213.6 210.6 206.1 200.3 195.2 191.7 187.3 185.1 181.2 174.5 166.3 157.6 153 157.1 163.3 169.5 169.2 165.7 162 159.6 165.7 162.6 193.9 181 169 158.1 159.4
270.2 281.8 293.2 291.7 293.3 296.4 295.8 299 300 299.5 298.5 299.1 298.5 296.3 294.5 293.2 291 288.6 285.5 282.3 279.1 276.7 274.6 273.4 274.8 279.6 279.9 277.4 275.4 273.5 271.9 270.3 268.2 265.5 263.1 261 258 257.3 255.8 254 252.8 251.3 250.1 248.9 247.2 245.3 243.3 240.9 236 229.5 223.7 218.9 214.2 211.7 208.1 203.1 196.2 192.5 192.8 192.1 190.1 188.5 185.9 175.5 160.8 162.9 171.2 183 188.8 186.6 187.6 185.2 185.8 193.6 195 189.1 183.5 176.5 170.1
266 275 283.2 287.8 293.1 296.6 298.9 302.7 304.1 305.3 303.5 302.2 300.8 299.6 297.6 295.9 293.4 290.4 287.7 283.6 280.2 276.6 274.3 272.9 272.2 275.4 278.3 277.5 275 273.1 271.8 270 267.1 264.2 261.7 259.9 257.6 255.6 254.2 252.9 251.9 250.6 249.6 248.7 247 244.9 242.6 240.3 234.8 229.1 224.7 220.1 215.1 211.4 207.8 201.9 197.3 198.5 198.6 195.6 192.6 189.1 185.9 180 172.5 169 179.4 198.4 199.9 204.1 202.8 199.8 198.3 202.2 197.1 190.9 185.4 179.3 172.5
260.5 267.8 275.2 281.4 288.2 296.1 302.8 306.4 308.5 309.9 309 305.2 302.6 301.6 301.1 296.7 294.5 291 289.1 286.4 281.6 277.1 274.2 272.2 270.8 270.9 273.2 273.6 273.4 271.5 270.8 268.3 265.5 263 260.5 259 257.4 255.8 254.1 252.7 251.5 250.2 249.4 248.5 246.9 244.6 242.8 240.5 235.6 231.3 226.7 222.3 217.8 212.4 207.3 204.8 205.1 203.9 202.4 199 194.7 190.7 187.6 184.4 179.7 174.9 181.8 196.1 197.5 200.8 200.4 198.8 198.2 200 201.9 195.8 188.2 182.5 175.9
254.2 260.8 268.2 276.6 284.1 294.8 303.1 308.1 311.7 313 311.8 308.6 303.6 303 301.5 297.6 294.7 290.5 287.6 285.9 282.1 277.5 274 271.9 270.2 268.5 267.9 267.6 269.6 269 267.9 266.3 264.6 263.1 261.8 259.9 257.8 255.9 254 252.7 251.1 249.5 248.9 248.3 247.1 245.7 244.5 242.2 238.4 233.7 229.3 224.8 219.5 212.8 210.7 212.1 210.7 208.5 205.6 202.2 197.2 194.3 190 186.6 182.5 179 180.7 189.9 194.8 197.4 197 196.9 197.2 198.4 199.3 200.7 194.8 187 179.8
258.1 259.8 266.3 272.8 279.3 285.1 296.2 306.2 311.9 313.2 313.3 309.9 304 301.9 299.8 296.4 292.1 287.9 285.5 283.8 282.3 279.6 275 271.9 270.1 268.2 265.8 264.8 265 265.8 265.9 265.5 265.1 264.2 263 261.1 258.6 256.1 254 252.3 250.7 249.1 248.3 247.8 247.2 246.5 245.8 243.8 240 235.1 230.3 225.1 218.7 217.2 218.1 216.6 214.2 210.7 207.9 204.8 199.7 196.9 192.4 188.6 184.9 181.1 181.6 184.8 190.3 193.8 194.9 195.8 196.6 196.5 196.7 195.9 194.2 190.8 183.4
262.7 262.9 263.6 269 276.3 282.1 290.3 297.1 308 312.2 313.8 312.1 303 303 301.1 294.9 290.5 285.8 284.6 285.2 284.1 281.7 279.2 274.4 272.1 269.7 266.8 264.3 262.4 263.2 264.3 264.6 263.4 262.6 261.6 259.3 257.6 254.5 252.7 251.2 249.7 248.2 247.6 247.2 246.7 246.7 246 244.1 240.8 235.8 229.4 224.7 224.5 223.8 221.5 219.3 216.8 214 210.5 207.3 203.8 199.6 194.9 190.7 186.9 184 183.1 184.2 186.7 190.5 192.3 194.2 194.9 194.9 194.8 193.5 192.5 191.3 185.4
267.4 267.2 267.3 270 274.1 281.9 288.2 290.8 300.7 304 306.8 303.6 302.6 302.7 298.8 291 287.8 284.2 283.6 285.2 285.2 283.6 280.9 277.9 276.3 271.6 267.7 265.2 262.5 262.1 262.4 262.6 261.3 258.9 257.7 255.7 254 252.9 250.6 249.6 248.6 247.2 246.6 246.2 245.8 245.5 245.3 243.6 240.9 234.5 229.8 229.9 228.7 226 223.8 221.7 219.5 217 213.8 210 206.6 201.9 197.1 193.2 189.6 186.6 184.9 184.3 185.9 187.8 190.3 192.5 193.4 193.8 193.4 193.1 192.9 191.3 186.5
271.6 269.5 269 269.3 272.7 276.6 279.3 281.4 283.8 285.8 290.5 294.7 299.4 300.9 294.8 287.6 284.7 284.4 282 284.1 284.9 285 282.9 281 279.2 274.5 270.5 266.1 263 260.3 260.2 259.9 259.1 256.6 254.6 252.8 251.7 250.3 249.2 248.1 247.3 246.3 245.5 244.9 244.3 242.8 244.2 242.8 240.3 234.5 233.8 235.4 233.4 229.9 227 224.6 222.1 219.6 217.1 212.3 208.3 204 199.3 195.7 192.2 188.9 187.1 185.6 186.6 187.3 188.9 190.7 192 193.1 193.6 194 195.1 194.4 188.9
273.1 268.8 266.5 266.5 267.7 271.3 272.4 273.8 275.5 278.6 282.2 291.7 298.4 293.3 288 284.1 283.3 282.9 280 280.6 282.9 285.4 285.8 283.7 281 276.8 272.4 267.9 263.8 261 257.6 257.4 255.7 254.3 253.1 251.5 250.7 249.5 248.2 247.2 246.2 245.2 244.2 243.4 242.7 241.9 242.3 241.5 238.9 236.2 238.2 240.2 237.4 233.9 230.8 227.9 225 222.1 218.9 215.1 210.8 206.1 201.6 197.9 194.8 192.8 191 189.7 189.2 188.6 188.8 189.2 190.6 192.2 193.3 194.3 196.7 195.8 188.6
271.8 266.7 263.8 263.2 263.9 265.3 265.7 267.6 269.4 271 277.7 285.3 288.4 285.1 283.2 280.7 280.4 280.5 278.3 277 279.9 283.7 287.6 286.6 282.6 278.4 274 269.4 265.1 261.8 259.2 256.4 255.4 253.8 249.4 250.4 249.9 249.1 247.8 247 245.5 244.2 243.1 242.3 241.6 240.6 240.3 239.6 238 238.4 240.3 241.6 240 237.1 234.3 231.4 228 224.7 221.5 217.8 213.5 208.8 204 200 197.2 196.6 195.4 194.9 193.6 192.3 191.5 190.5 191 192.4 193.3 194.5 197.4 196.6 188.5
267.9 262.9 259.5 258.6 259.8 261 262.4 262.8 265.1 268 272.6 277.1 279.2 279.4 279.1 277.9 277.2 276.7 276.7 275.6 277.5 281.6 286.7 288.1 284.1 280.5 277 272.3 266.7 263.4 260.7 258.8 256.9 255 252.3 249.4 248.4 248 247.4 247 244.8 243.5 242.7 242.1 241.5 240.8 240.1 239.7 239.7 240.7 241.1 242.3 241.8 239.8 237 233.5 230.3 226.9 223.8 220.4 216.4 211.7 206.7 202.8 200.9 200.6 200.1 199.3 198 195.9 194.4 192.7 191.7 192.4 193.2 194.6 197.9 194.9 187
261 257.4 255.2 254.1 254.8 256.4 257.6 258.2 262 266.3 270.2 274 275.8 276.3 276.5 276 275.2 274.1 273.8 273.9 275.2 278.5 283.6 287.1 283.9 281.4 278.3 274 269.3 265.1 262.6 260.6 258.8 256.4 253.1 250.5 248.7 247.1 246 245.4 245.1 244.4 243.7 243.2 242.8 242.5 242.3 242 241.3 241 240.1 241 241.9 241.5 239.1 235.5 232.3 229.2 226.2 222.8 219 214.8 210.3 206.3 205.8 205.4 204.6 202.8 201.1 198.7 196.9 195.3 193.2 192.7 192.9 194.1 195.9 191.8 185.3
