WholeMapElevations/data/nn/nn03_OST50GRID_20230518/NN03.asc
ncols 200
nrows 200
xllcorner 200000
yllcorner 730000
cellsize 50
[rows 105 to 139 of 200, columns 0 to 79 of 200]
107.6 118.5 138.9 163.2 193.1 230.4 249 278.8 307.6 331.4 353.4 364.3 398.7 391.7 409.9 424.1 436.1 453.3 462.7 474.3 478.2 470.9 467.2 472 467.7 453.5 432.4 419.8 423 425.5 436.4 436.4 457 467.8 491 518.5 531.4 538.3 531.4 539.6 531 537.7 531.7 538.7 527.1 506.2 498 495.5 489 467.6 459.7 457.9 433.7 415.7 388.1 365 340.2 326.6 311.1 297.1 282.3 273.7 262.9 247 226.6 202.2 184.7 171.2 154.5 138.6 117.5 95.8 75.4 64 41.7 18.8 3.4 -1.2 -1.2 -1.2
100.2 107.8 123.3 146.3 175.5 205 221.2 252.8 273.2 299.8 319.1 346.6 365 394.4 401.3 419 435.6 446.9 455.3 467.6 475.2 469.9 458.3 457.1 451.7 438.7 416.1 413.3 420.2 420.7 424.1 431.3 438.4 447.6 471.1 500.9 520.3 519.9 529.5 524 529.1 519.2 524.8 511.7 494.5 492.9 488.9 474.2 450.9 454 450.8 421.2 406.7 383.9 366.7 345.9 329.2 309.5 296.5 277.1 263.4 257.7 238.9 224 207.4 190.3 171.7 161.2 151.6 140.1 126.3 113.1 87.3 64.3 43.7 24.2 7.7 -1.2 -1.2 -1.2
92.2 88 104.3 139.3 155.9 176.4 201.2 229.3 257.8 269.3 303.5 332.6 370 395.5 408.1 430.5 440.7 448.6 452.6 455.9 462.2 453.4 445.2 437.9 435.5 414.2 413.1 427.5 431.3 421.9 421.9 421.6 440.5 450.8 471.2 479.7 495.8 509.4 513.6 512.7 510.5 525.7 510.5 492.3 484.5 466.3 460.1 445.4 447.4 439.8 417.8 401.6 386.4 371.6 352.1 335.5 320.4 294.7 267.7 262.1 248.5 237.8 221.4 202.3 179.2 171 155.4 149 138 133.8 129 117 104.1 84.1 62.7 43.1 22.7 -1.2 -1.2 -1.2
78.2 78 95.1 117.5 134.5 153.1 184.1 214.7 227.8 259.9 300.2 332.2 360.8 394.6 412.8 426.1 440.2 440 441.1 440.1 443.9 442 429.6 420.8 407 400.4 422.1 429.3 434.5 429.4 433.4 426.6 426.7 451.4 466.5 472.5 481.6 486.7 496.1 498.5 517.9 512.2 492.4 472.3 474.2 453.3 439.2 432.4 430.4 418.8 404.8 388.4 370 352.3 330.5 317.9 293.8 273.9 251.8 242 225.4 217.7 200 176.1 154.8 145.7 134.6 124.4 122.9 117.7 113.7 104.7 95.8 87.4 64.3 48.1 25.3 13.3 -1.2 -1.2
57.9 71.2 72.2 99.4 116.5 144.2 168 180 209.8 243.4 289 322.1 343.7 385 402.6 423.1 436.3 432.7 432 428.4 425 423 408 396.1 385.6 404.8 413.8 432.2 435.1 433.7 438.1 443.3 454.8 457.6 454.6 467.8 480.8 476.8 475.4 489.2 492.1 488.1 464.1 466.1 455.1 435 429 420.6 404.5 396.7 385.5 374.4 354.5 333.9 311.3 297.2 273 254.1 240.3 223.1 208.7 198.7 178.2 154.8 135.9 121.2 110.5 104.5 101 101.3 103.4 88.2 81.9 78.1 60.7 47.1 36.6 17.3 -1.2 -1.2
47.8 60 59.3 80.8 96 123.2 139.8 166.4 196.5 218.5 267.1 305.5 325.1 343.9 377.7 407.6 414.8 421.9 421.7 413.3 406.1 397.1 386 375.7 394.1 411.3 422.4 440.5 440.4 435.3 440.5 452.5 461.6 471.2 469.8 463.2 461.2 462.9 478.7 480.1 468.9 452.1 441 442.2 431 419.9 417.5 406.1 398.1 384.6 363.9 344.9 331.6 308.8 297 281.8 263 241.4 225.7 214.7 200.7 174.1 152.7 135.9 119.5 107.7 97.5 88.3 83.8 95.2 92.7 78 67.5 58.5 48.4 37.1 30.8 8.2 -1.2 -1.2
36.5 49 49.3 54.9 73.2 98.9 131.2 153 183.9 219.2 243 265.9 296.4 320.2 351.7 380.3 390.8 397.5 397.4 391.6 380.6 368.3 359.9 361.4 402.7 417 429.4 443.9 440.6 439.9 446.4 449.7 453.2 460 466.7 460.4 459.2 468.2 470.6 467.6 448.1 432 428.2 422.8 407.4 400 387.7 379.3 372.8 362.9 361.4 340.6 310.5 293 273.8 264.9 252.4 238.5 215.6 200.6 183.2 159.3 147 126 105.3 90 81.2 77.8 76.2 79.2 75.5 64.4 56.6 46.5 38 24.6 13.3 -1.2 -1.2 -1.2
30.3 41.4 41.9 48 59.9 79.4 104.6 155 195.2 210.4 219.5 240.7 264.2 287.8 329.3 364.2 381 376.6 374 365.6 353.4 341.7 328.6 367.4 404.2 425.6 433.2 435.2 437.8 446 458.2 462.9 463.9 463.7 459.2 458.9 459.7 455 449.3 447.3 422 410.4 405.2 397 379.4 376.2 352.9 349.3 325.4 342.5 335.5 324.8 303.8 286.6 267 253 236.5 223.5 204.3 184.3 164.3 149 137 120.3 102.9 84.4 69.5 69.4 73.9 75.5 63.8 51.1 36.2 29.7 23.6 14.1 -1.2 -1.2 -1.2 -1.2
23.9 29.6 40.4 44.1 46.9 63.5 93.5 135.3 170.9 177.2 195.1 219.5 249.7 275.6 300.3 321.5 332.3 339.1 341.4 336.2 319 307 321.2 353.7 390.8 430.3 437.1 439 444.5 454.1 462.7 471.1 472 465.3 461.8 462.6 464.6 458 442.6 416.6 397 379.4 372.2 362.1 340.6 329.9 310.4 312.2 293.5 300.8 301.8 283.8 281.2 264.7 257.1 246.4 229.8 217.5 198.5 174 153.6 141.9 125.8 107.2 92.8 80.3 63.5 65.6 71.2 62.3 42.4 32.1 20.3 16.5 12.8 -1.2 -1.2 -1.2 -1.2 -1.2
14.7 26 37.5 39.6 34.3 59.5 78.9 104.2 131.7 145 165.2 191.8 223.2 259.5 281.7 302.6 305.9 307.4 310.4 302.1 289.9 282.3 316 345.2 378.7 427.4 444.1 446.5 448.9 460.2 466 468.6 473.1 470 465.5 463.2 449.5 441.1 426.4 395.6 377.3 354 340.9 336.4 316.9 294.9 281.5 277.6 264.8 273 256.6 251.7 249.5 239 230.3 219.2 214 197.5 176.5 155 146.6 129 116.7 91.4 69 46 46.1 56.4 66.6 56.9 31.1 14.3 -1.2 -1.2 -1.2 -1.2 -1.2 -1.2 -1.2 -1.2
6.1 20.1 27.7 27.9 23.7 40 60 78.4 93.8 117.6 140.5 166.1 192.3 219.6 253.2 262.1 277.5 278.3 278.9 273.3 254.8 276.4 308.7 329.6 367.8 411.2 428.4 432.6 440.2 451.5 462.9 463.1 464.2 456.3 446 447.3 434.5 414 385.5 383 351.4 339.8 322.1 301.6 286.1 270.8 250.9 253 243.2 242.4 232.3 231.6 226.7 211.9 201.9 206.2 196.7 175.8 148.2 134.7 132.9 121 103.6 81.4 48.3 25.8 22.4 27.9 32.3 36.3 19.9 -1.2 -1.2 -1.2 -1.2 -1.2 -1.2 -1.2 -1.2 -1.2
-1.2 9.9 15.9 17.9 17.2 30.7 47.7 64.9 76.8 96.8 120 144 166 195.5 216.5 227.3 237.1 249.8 248.4 240.3 239.2 268.7 293 324.9 357.8 388.6 401.6 423.1 433.2 445.2 454.5 453.7 449.8 445.2 433.7 422.7 409.3 381.8 354.8 339 326.3 320.9 297.8 286.4 270.1 256.6 231.8 211 208.4 198.1 190 184.9 174.1 168.6 161.4 160.5 159.4 146.9 129.6 127.8 122.6 110.7 93.9 71 36.5 10.6 -1.2 -1.2 -1.2 10.8 -1.2 -1.2 -1.2 -1.2 -1.2 -1.2 -1.2 -1.2 -1.2 -1.2
-1.2 6.1 11.6 14.8 11.6 16.1 32 53.8 61.6 81.4 113.8 146.5 175.9 191.9 201.1 208.9 219.2 232.1 219.6 208.3 239.6 268.4 300.3 313.9 345.3 376.2 404.6 414.7 424.1 433.4 445.6 437.3 438 439.1 431 415.3 386 363.4 337.7 322.2 307 286.3 273.5 254.1 243 222.6 210.1 194.2 172.7 150.9 140.5 130 128.8 129.6 119.8 113.8 112.4 101.9 94 104.6 104.6 98.4 85.2 59.8 30.2 -1.2 -1.2 -1.2 -1.2 -1.2 -1.2 -1.2 -1.2 -1.2 -1.2 -1.2 -1.2 -1.2 -1.2 -1.2
-1.2 2.6 8.5 14 12.7 9 17.1 34.3 44.3 62 101.3 146 170.9 186.8 181.4 195 212.4 209.4 186.4 204.2 236.5 275 300.4 320.5 336 357.6 382 404 407.8 414.8 405.4 413 425.4 420 408.1 393 374.6 346.3 319.7 301.7 281.1 255.3 228.5 214.5 197.1 184.6 174.6 164.1 147.1 126.1 118 105.5 92.9 95.7 85.3 78 67.4 67.4 61.6 71.9 72.2 76 65 42.8 22.2 -1.2 -1.2 -1.2 -1.2 -1.2 -1.2 -1.2 -1.2 -1.2 -1.2 -1.2 -1.2 -1.2 -1.2 -1.2
-1.2 -1.2 6 16.6 20.9 8.2 10.3 16 29.8 55.9 93.4 134.3 145.5 152.1 158 178.5 196.5 173.4 180.5 209.5 233.2 252.5 286.5 321.5 336.3 346.8 354.6 363.2 386.1 385 387 394.2 396.5 391.3 382.3 363.4 348.4 323.9 298.5 273.2 246.9 226.6 199.8 186.5 165.8 157 136.3 134.4 118.5 95.2 88 74.3 62.6 57.5 56.1 46.3 37.6 35.2 34.4 40.9 45.6 46.9 40.2 21.3 9.5 -1.2 -1.2 -1.2 -1.2 -1.2 -1.2 -1.2 -1.2 -1.2 -1.2 -1.2 -1.2 -1.2 -1.2 -1.2
-1.2 -1.2 -1.2 14.2 17.7 6.2 5.3 8 21.9 45.4 73.8 101 116.9 132.5 147.8 171.8 166.7 146.2 179.5 210 245 277.9 288.5 296.9 322.9 341.7 350.4 356.1 363.8 380.8 383.7 381 382.9 376.6 361.1 334.1 315.8 293.4 262 232.8 222.9 192.7 173.5 150.4 128.6 114.1 105.3 98.8 83.2 69.7 63.2 59.4 44.4 34.6 27.1 19.8 16.6 14.8 13.8 7.6 9.5 5.7 -1.2 -1.2 -1.2 -1.2 -1.2 -1.2 -1.2 -1.2 -1.2 -1.2 -1.2 -1.2 -1.2 -1.2 -1.2 -1.2 -1.2 -1.2
-1.2 -1.2 -1.2 9.9 13.9 5.3 3 3.7 12.4 34.3 55.9 67.9 85.2 107 138.5 144.8 126.2 144.6 178.4 212.4 252.2 278.6 300.6 314.6 339.5 332.2 353.9 364.7 361 365.2 368.2 361.1 343 337.6 317.7 299.9 289.1 264.8 234.7 208.9 176.1 164.9 141.5 121 104.4 81.8 79.7 73.9 60.6 46.4 45.4 35.8 26.1 17.4 12.9 5.6 2.6 -1.2 -1.2 -1.2 -1.2 -1.2 -1.2 -1.2 -1.2 -1.2 -1.2 -1.2 -1.2 -1.2 -1.2 -1.2 -1.2 -1.2 -1.2 -1.2 -1.2 -1.2 -1.2 -1.2
-1.2 -1.2 -1.2 -1.2 -1.2 -1.2 -1.2 -1.2 6.5 15.4 33.3 43.2 77.8 106.1 117.8 110.7 111.7 144.2 176.9 213.2 241.3 269.2 295.4 315.5 328 336.6 343.5 337 340.3 342.2 345.7 320.5 296.8 284.4 268.5 261 258.7 235.8 213.9 190 163.4 141.9 123 107.5 88.7 61.7 60.5 48.2 36.6 31.7 21.7 18.6 12.7 -1.2 -1.2 -1.2 -1.2 -1.2 -1.2 -1.2 -1.2 -1.2 -1.2 -1.2 -1.2 -1.2 -1.2 -1.2 -1.2 -1.2 -1.2 -1.2 -1.2 -1.2 -1.2 -1.2 -1.2 -1.2 -1.2 -1.2
-1.2 -1.2 -1.2 -1.2 -1.2 -1.2 -1.2 -1.2 -1.2 7 12.5 35.9 56.3 85.1 94.8 85.9 106.8 137.5 161.9 189.8 222.9 246.8 280.5 288.3 291.3 298.3 307.1 315.5 315.2 309.7 306 284.6 253.1 232.1 223.9 216.2 225.2 222 199.5 172 151.1 131.4 93.7 63.8 40.6 35 51.8 37.8 27.8 17.7 11.7 9.6 -1.2 -1.2 -1.2 -1.2 -1.2 -1.2 -1.2 -1.2 -1.2 -1.2 -1.2 -1.2 -1.2 -1.2 -1.2 -1.2 -1.2 -1.2 -1.2 -1.2 -1.2 -1.2 -1.2 -1.2 -1.2 -1.2 -1.2 -1.2
-1.2 -1.2 -1.2 -1.2 -1.2 -1.2 -1.2 -1.2 -1.2 -1.2 5.6 15.7 41.3 55.9 60.9 73.5 97.6 114.3 138.9 164.4 191.5 226.9 241.2 254.6 257.1 270.5 274.6 281.8 281.1 280.4 264.3 244.1 212.5 190 177.7 175.3 193.8 183.3 160.6 132.7 115.4 115.2 91.2 48.2 33.5 48.5 59.2 35.9 21.2 17.9 14.2 12 -1.2 -1.2 -1.2 -1.2 -1.2 -1.2 -1.2 -1.2 -1.2 -1.2 -1.2 -1.2 -1.2 -1.2 -1.2 -1.2 -1.2 -1.2 -1.2 -1.2 -1.2 -1.2 -1.2 -1.2 -1.2 -1.2 -1.2 -1.2
-1.2 -1.2 -1.2 -1.2 -1.2 -1.2 -1.2 -1.2 -1.2 -1.2 -1.2 11 25.9 39.6 54.2 62.8 83.6 90.7 125.9 148.4 172.6 199.9 210.1 220.3 236.6 239.2 238.3 244.5 241.5 228.9 218.3 212.8 172.3 157 144.2 139 156.1 146.9 125.3 106.7 83.4 81.3 51.8 34.1 58.6 53.7 38.2 27.5 11.6 -1.2 -1.2 -1.2 -1.2 -1.2 -1.2 -1.2 -1.2 -1.2 -1.2 -1.2 -1.2 -1.2 -1.2 -1.2 -1.2 -1.2 -1.2 -1.2 -1.2 -1.2 -1.2 -1.2 -1.2 -1.2 -1.2 -1.2 -1.2 -1.2 -1.2 -1.2
-1.2 -1.2 -1.2 -1.2 -1.2 -1.2 -1.2 -1.2 -1.2 -1.2 -1.2 8.8 18.8 30.5 38.7 41.3 64.2 78.7 106.6 129.6 152.5 169 181.6 188.9 202.2 207.3 202.7 202.4 190.4 178.2 163.2 149.7 129 119.9 106 110.3 120.6 103.9 86 70.3 53.2 45.6 43.9 42.4 25 14.9 9.6 -1.2 -1.2 -1.2 -1.2 -1.2 -1.2 -1.2 -1.2 -1.2 -1.2 -1.2 -1.2 -1.2 -1.2 -1.2 -1.2 -1.2 -1.2 -1.2 -1.2 -1.2 -1.2 -1.2 -1.2 -1.2 -1.2 -1.2 -1.2 -1.2 -1.2 -1.2 -1.2 -1.2
-1.2 -1.2 -1.2 -1.2 -1.2 -1.2 -1.2 -1.2 -1.2 -1.2 -1.2 -1.2 13.4 19.6 20.8 36.2 51.2 65.5 92.6 115.2 135.8 143.8 146.5 152.7 166.2 170.3 162.8 157.4 147.9 141.8 121.2 106.8 95.7 82 67.7 73 75.1 67.9 52.6 44.2 26.8 24.5 25.8 19.4 -1.2 -1.2 -1.2 -1.2 -1.2 -1.2 -1.2 -1.2 -1.2 -1.2 -1.2 -1.2 -1.2 -1.2 -1.2 -1.2 -1.2 -1.2 -1.2 -1.2 -1.2 -1.2 -1.2 -1.2 -1.2 -1.2 -1.2 -1.2 -1.2 -1.2 -1.2 -1.2 -1.2 -1.2 -1.2 -1.2
-1.2 -1.2 -1.2 -1.2 -1.2 -1.2 -1.2 -1.2 -1.2 -1.2 -1.2 -1.2 -1.2 10.4 16.7 19.6 25.2 49.6 69.1 99.5 104.9 109.4 106.9 127.4 130.1 123.9 114.6 113.6 116.3 110 46.4 48.7 64.1 54.1 37.2 29.7 37.9 27.8 18.2 11.9 9.8 18.6 12.2 17.4 -1.2 -1.2 -1.2 -1.2 -1.2 -1.2 -1.2 -1.2 -1.2 -1.2 -1.2 -1.2 -1.2 -1.2 -1.2 -1.2 -1.2 -1.2 -1.2 -1.2 -1.2 -1.2 -1.2 -1.2 -1.2 -1.2 -1.2 -1.2 -1.2 -1.2 -1.2 -1.2 -1.2 -1.2 -1.2 -1.2
-1.2 -1.2 -1.2 -1.2 -1.2 -1.2 -1.2 -1.2 -1.2 -1.2 -1.2 -1.2 -1.2 -1.2 -1.2 10.6 9.4 23.4 50.6 66.5 67.7 66.7 79.7 99.7 85.7 87.6 82.2 75.1 41.6 22.2 12 12.9 35.4 25.3 11.5 7.2 6.7 -1.2 -1.2 -1.2 -1.2 12.5 13.8 -1.2 -1.2 -1.2 -1.2 -1.2 -1.2 -1.2 -1.2 -1.2 -1.2 -1.2 -1.2 -1.2 -1.2 -1.2 -1.2 -1.2 -1.2 -1.2 -1.2 -1.2 -1.2 -1.2 -1.2 -1.2 -1.2 -1.2 -1.2 -1.2 -1.2 -1.2 -1.2 -1.2 -1.2 -1.2 -1.2 -1.2
-1.2 -1.2 -1.2 -1.2 -1.2 -1.2 -1.2 -1.2 -1.2 -1.2 -1.2 -1.2 -1.2 -1.2 -1.2 -1.2 -1.2 -1.2 8.8 18.4 19.5 28.5 47.9 66 58 51.4 48.5 26.7 15.4 8 11.4 13.4 18.8 9.8 8.6 -1.2 -1.2 -1.2 -1.2 -1.2 -1.2 8.3 -1.2 -1.2 -1.2 -1.2 -1.2 -1.2 -1.2 -1.2 -1.2 -1.2 -1.2 -1.2 -1.2 -1.2 -1.2 -1.2 -1.2 -1.2 -1.2 -1.2 -1.2 -1.2 -1.2 -1.2 -1.2 -1.2 -1.2 -1.2 -1.2 -1.2 -1.2 -1.2 -1.2 -1.2 -1.2 -1.2 -1.2 -1.2
-1.2 -1.2 -1.2 -1.2 -1.2 -1.2 -1.2 -1.2 -1.2 -1.2 -1.2 -1.2 -1.2 -1.2 -1.2 -1.2 -1.2 -1.2 -1.2 -1.2 -1.2 5.9 21.6 21 16.9 12.7 18.1 13.7 18.2 6.4 6.7 6.1 10.7 4.7 -1.2 -1.2 -1.2 -1.2 -1.2 -1.2 -1.2 0.5 -1.2 -1.2 -1.2 -1.2 -1.2 -1.2 -1.2 -1.2 -1.2 -1.2 -1.2 -1.2 -1.2 -1.2 -1.2 -1.2 -1.2 -1.2 -1.2 -1.2 -1.2 -1.2 -1.2 -1.2 -1.2 -1.2 -1.2 -1.2 -1.2 -1.2 -1.2 -1.2 -1.2 -1.2 -1.2 -1.2 -1.2 -1.2
-1.2 -1.2 -1.2 -1.2 -1.2 -1.2 -1.2 -1.2 -1.2 -1.2 -1.2 -1.2 -1.2 -1.2 -1.2 -1.2 -1.2 -1.2 -1.2 -1.2 -1.2 -1.2 6.8 -1.2 -1.2 -1.2 -1.2 3.6 4 3.5 4.7 4.8 5.1 -1.2 -1.2 -1.2 -1.2 -1.2 -1.2 -1.2 -1.2 -1.2 -1.2 -1.2 -1.2 -1.2 -1.2 -1.2 -1.2 -1.2 -1.2 -1.2 -1.2 -1.2 -1.2 -1.2 -1.2 -1.2 -1.2 -1.2 -1.2 -1.2 -1.2 -1.2 -1.2 -1.2 -1.2 -1.2 -1.2 -1.2 -1.2 -1.2 -1.2 -1.2 -1.2 -1.2 -1.2 -1.2 -1.2 17.2
-1.2 -1.2 -1.2 -1.2 -1.2 -1.2 -1.2 -1.2 -1.2 -1.2 -1.2 -1.2 -1.2 -1.2 -1.2 -1.2 -1.2 -1.2 -1.2 -1.2 -1.2 7 0.1 -1.2 -1.2 -1.2 -1.2 -1.2 -0.9 -1.2 -1.2 -1.2 -1.2 -1.2 -1.2 -1.2 -1.2 -1.2 -1.2 -1.2 -1.2 -1.2 -1.2 -1.2 -1.2 -1.2 -1.2 -1.2 -1.2 -1.2 -1.2 -1.2 -1.2 -1.2 -1.2 -1.2 -1.2 -1.2 -1.2 -1.2 -1.2 -1.2 -1.2 -1.2 -1.2 -1.2 -1.2 -1.2 -1.2 -1.2 -1.2 -1.2 -1.2 -1.2 -1.2 -1.2 -1.2 15.3 22.7 39.2
-1.2 -1.2 -1.2 -1.2 -1.2 -1.2 -1.2 -1.2 -1.2 -1.2 -1.2 -1.2 -1.2 -1.2 -1.2 -1.2 -1.2 -1.2 -1.2 -1.2 -1.2 10.8 6.4 -1.2 -1.2 -1.2 -1.2 -1.2 -1.2 -1.2 -1.2 -1.2 -1.2 -1.2 -1.2 -1.2 -1.2 -1.2 -1.2 -1.2 -1.2 -1.2 -1.2 -1.2 -1.2 -1.2 -1.2 -1.2 -1.2 -1.2 -1.2 -1.2 -1.2 -1.2 -1.2 -1.2 -1.2 -1.2 -1.2 -1.2 -1.2 -1.2 -1.2 -1.2 -1.2 -1.2 -1.2 -1.2 -1.2 -1.2 -1.2 -1.2 -1.2 -1.2 15.7 26.6 35.9 38.1 44.7 61
-1.2 -1.2 -1.2 -1.2 -1.2 -1.2 -1.2 -1.2 -1.2 -1.2 -1.2 -1.2 -1.2 -1.2 -1.2 -1.2 -1.2 -1.2 -1.2 -1.2 14.1 21.6 27.3 20.6 17.6 18.7 18 18 17 -1.2 -1.2 -1.2 -1.2 -1.2 -1.2 -1.2 -1.2 -1.2 -1.2 -1.2 -1.2 -1.2 -1.2 -1.2 -1.2 -1.2 -1.2 -1.2 -1.2 -1.2 -1.2 -1.2 -1.2 -1.2 -1.2 -1.2 -1.2 -1.2 -1.2 -1.2 -1.2 -1.2 -1.2 -1.2 -1.2 -1.2 -1.2 -1.2 -1.2 -1.2 -1.2 -1.2 -1.2 22.5 47.5 57.1 57.8 63.6 85 96.6
-1.2 -1.2 -1.2 -1.2 -1.2 -1.2 -1.2 -1.2 -1.2 -1.2 -1.2 -1.2 -1.2 -1.2 -1.2 -1.2 -1.2 -1.2 -1.2 -1.2 9.9 17.4 31.9 40.3 33.5 16.2 14.4 8.6 -1.2 -1.2 -1.2 -1.2 -1.2 -1.2 -1.2 -1.2 -1.2 -1.2 -1.2 -1.2 -1.2 -1.2 -1.2 -1.2 -1.2 -1.2 -1.2 -1.2 -1.2 -1.2 -1.2 -1.2 -1.2 -1.2 -1.2 -1.2 -1.2 -1.2 -1.2 -1.2 -1.2 -1.2 -1.2 -1.2 -1.2 -1.2 -1.2 -1.2 -1.2 -1.2 -1.2 -1.2 21.5 40.6 62.2 66.8 74 90.5 109.7 129.3
-1.2 -1.2 -1.2 -1.2 -1.2 -1.2 -1.2 -1.2 -1.2 -1.2 -1.2 -1.2 -1.2 -1.2 -1.2 -1.2 -1.2 -1.2 -1.2 9.3 11.1 14.7 25.2 30 27.3 17 10.4 -1.2 -1.2 -1.2 -1.2 -1.2 -1.2 -1.2 -1.2 -1.2 -1.2 -1.2 -1.2 -1.2 -1.2 -1.2 -1.2 -1.2 -1.2 -1.2 -1.2 -1.2 -1.2 -1.2 -1.2 -1.2 -1.2 -1.2 -1.2 -1.2 -1.2 -1.2 -1.2 -1.2 -1.2 -1.2 -1.2 -1.2 -1.2 -1.2 -1.2 -1.2 -1.2 -1.2 -1.2 -1.2 33 51.1 69.8 82 96.9 113.5 131.8 151.3
-1.2 -1.2 -1.2 -1.2 -1.2 -1.2 -1.2 -1.2 -1.2 -1.2 -1.2 -1.2 -1.2 -1.2 -1.2 -1.2 -1.2 -1.2 8.3 14.8 13.5 7.3 8.4 9.1 11.7 -1.2 -1.2 -1.2 -1.2 -1.2 -1.2 -1.2 -1.2 -1.2 -1.2 -1.2 -1.2 -1.2 -1.2 -1.2 -1.2 -1.2 -1.2 -1.2 -1.2 -1.2 -1.2 -1.2 -1.2 -1.2 -1.2 -1.2 -1.2 -1.2 -1.2 -1.2 -1.2 -1.2 -1.2 -1.2 -1.2 -1.2 -1.2 -1.2 -1.2 -1.2 -1.2 -1.2 -1.2 -1.2 -1.2 20.5 37.4 51.6 72.4 94.8 116.4 139.7 166.6 185.8
-1.2 -1.2 -1.2 -1.2 -1.2 -1.2 -1.2 -1.2 -1.2 -1.2 -1.2 -1.2 -1.2 -1.2 -1.2 -1.2 -1.2 -1.2 -1.2 12.7 11.8 -1.2 -1.2 -1.2 -1.2 -1.2 -1.2 -1.2 -1.2 -1.2 -1.2 -1.2 -1.2 -1.2 -1.2 -1.2 -1.2 -1.2 -1.2 -1.2 -1.2 -1.2 -1.2 -1.2 -1.2 -1.2 -1.2 -1.2 -1.2 -1.2 -1.2 -0.4 -1.2 0.3 2.2 2.2 -1.2 -1.2 -1.2 -1.2 -1.2 -1.2 -1.2 -1.2 -1.2 -1.2 -1.2 -1.2 -1.2 -1.2 18.8 35.7 47.1 54.9 73.4 93.2 108.2 130.8 163.5 188
