UK/data/ns/ns67_OST50GRID_20230518/NS67.asc
ncols 200
nrows 200
xllcorner 260000
yllcorner 670000
cellsize 50
[rows 76 to 113 of 200, columns 0 to 85 of 200]
181.1 178.6 176.9 174 171.2 168.3 166.1 166.2 166.1 165.8 166.8 166.1 165.5 164.1 161.3 158.7 159.8 161.1 159.8 158.4 158 158.3 157.9 159.8 161.3 163.7 165.1 167.3 167.2 165.8 165.2 160.9 158.3 155 150.3 144.5 141.4 137.5 129.4 129.5 130.3 132.1 133.4 131.3 130.4 132 133.8 135.7 137 136.1 133.9 129.1 122.7 116.4 107 99.5 95.4 92.9 91 88.7 86 81.6 79.4 79.1 78.4 75.9 72.7 68.5 64.8 64 62.4 60.9 60.2 59.3 58.3 57.5 56.7 56.3 55.6 58.1 57.1 56.3 55.6 58 59.6 59.5
176.3 173.3 171.2 166.7 161.2 160.1 160.8 163 164.4 163.9 163.3 159.9 157.4 155.4 154.2 152.8 155.8 157.6 155.9 154.9 151 147.8 146.4 153.5 154.8 156.9 158.4 159.4 159.7 159.2 159.2 159.4 158 154.1 151.4 145.8 141.2 136.5 130.1 124.6 125 129 129.4 128.9 132.4 135.4 138.2 141.1 141 139.3 135.6 130.9 125 117.8 108.8 100 95 92.5 91.5 92.3 90 84.2 80.5 79.8 79.4 76.5 72.7 69.7 66.7 65.4 63.9 63.1 61.3 60.3 59.9 59.3 58.2 56.8 56.3 56.2 58.3 60.9 61.5 58.4 57.8 58.2
167.3 165.3 164.5 162.4 161.5 160.7 158.4 164.1 167 167.8 167.3 165 162.4 158.8 153.7 148.2 148.3 150.6 148.6 150.7 149.9 145.7 141 144.5 146.4 148.7 150.2 151.1 152.4 152.9 153.1 155 156.3 154.9 151 146.6 141.7 137.2 132.2 127.1 121.8 127.7 130.9 131.9 137.7 141.9 143.8 143.3 140.3 136.5 133.4 128.5 122.6 115.7 107.8 101.3 95.6 93.5 92.6 92.6 90.2 87.4 83.6 77 76.7 72.8 71.2 70.6 71 67.2 65.5 65.9 64.3 63.3 63.6 63.7 62.1 59.2 59.5 62.8 64.4 62.8 62.4 61.9 59 61.1
160.7 157.7 156.5 155.4 156.6 156.8 161.2 165.9 171.9 173.2 170.7 167.8 163.2 157.8 152.4 146.1 142.6 144 139.1 138.9 134.9 140.1 133.4 133.2 132.9 141.2 142.8 143.9 145.2 146 146.9 150.1 153.1 152.6 150.1 147.1 142.3 136.4 130 123.8 120.5 127.4 130.4 133.6 139.2 141.3 142.7 141.2 138.1 134.6 130.5 126.2 121 114.9 108.7 103 98.3 93.2 92.5 93.3 91.5 90.8 88.6 84.2 81.6 77 74.4 72.4 72.9 69.8 67.2 67.6 67.8 68.8 68.1 65.7 62.7 62.7 63.3 64.2 63 62.6 61.5 61.5 60.8 60.6
155.1 156 154.7 154.3 157 162.4 166.2 171 175.7 175.9 173.3 169 162.9 156.2 150.9 144.8 139.4 138.3 138.4 136.2 134.9 132 130.4 132.3 132 131 133.2 136.9 138.1 138.8 139.7 143.2 146.8 147.6 147.2 145.2 142.3 137 131.8 125 119.9 121.7 126.8 133.9 137.2 139.7 139.6 137.3 136.5 133.2 129 124.9 119.4 114.1 108.7 103.5 98.7 93.6 90.5 91.8 95.6 95.4 93.8 91.1 86.6 81.5 77.8 75.1 71.7 69.6 69.3 71.5 71.4 69.4 69 67.1 64 60.8 61 62.9 63.9 63.6 62.4 61.1 62.9 61.6
149.4 151.4 151.8 155.7 161.4 167 172.1 176.4 177.7 175.7 173.5 168.8 162.7 155.8 149.9 145.1 141.3 134.8 133 131.3 126.8 127.3 126.3 124.9 123.5 129.1 128.7 131 132.7 132.1 132.3 135.6 138.5 140.6 142.6 141.5 139 135.5 130.8 124.8 120.3 118.4 120.8 128.8 132.4 133.5 133.5 132 130.3 127.3 123.9 119 114 109.2 104.3 98.9 95 93.2 90.5 92.9 95.4 95.3 94.4 92.6 88.8 83.9 80.4 74.2 70.8 71.6 71.7 71.9 70 68 65.3 63.4 63.1 62.8 65.3 64.2 66.1 66.4 67.5 69.1 69.4 67.4
140.4 143.1 144.2 152.3 159.4 169.5 173.9 172.4 171.2 172.6 171 167.3 162.3 156.2 149.6 144 140.1 134.9 127.2 124.7 119.1 119.4 119.6 118.2 119.3 118.5 120.7 123.6 126.8 125.9 126.4 126.7 129 132.3 135.9 137 136 133.6 129.9 125.8 121.6 117.8 116.5 120.7 126.1 127.1 126.8 125.4 122.6 119.7 115.6 109.6 105.6 101.6 96.5 94.3 91.6 88.7 88.4 90.9 92.3 91.5 90.4 87.5 85.1 80.5 75.7 70.5 68.9 69.7 69 69 66 63 61.5 64.3 70.4 70.6 69.6 68.2 68 68.5 68.9 70.7 70.5 68.1
136 133.3 135 147.6 155.9 167.5 164.1 163.1 162.1 163.6 162.3 158.9 155.3 150.2 145.6 141.1 136.6 132.3 126.3 119.5 114.4 112.4 115.2 116.2 117.3 117.5 117 117.9 118.7 120.9 118.9 117.1 121 123.6 127.2 130.2 132.5 131.4 127.6 124.5 119.5 113.8 112.1 116.2 118.1 119.2 119 115.2 113.9 111.2 107.1 104.1 101.5 99.3 97.2 94.5 92 89 87.5 87.8 88.1 86.9 84.7 81 78.2 72.9 70.5 67.4 70 65.4 61 60.9 60.5 58 60.7 63.6 66.2 67.2 67.8 66.9 66.8 66.2 66.5 66.9 67.2 63.5
134.1 130.1 130.2 138.7 148 153.1 152.9 153 151.1 151.8 151.4 150.7 149 145.1 140.7 137.1 133.2 129.5 124.9 120.8 114.5 110.1 109.2 113.2 113.5 116.5 116.7 114.2 112 113.7 112 110.5 111.3 114 118.9 122.9 126.5 126.7 124.4 120.4 116.1 110.8 109.4 112.3 112.9 117.4 114.5 111.7 110.5 107.8 105.3 106 107.5 108.4 106.9 103.1 98.9 94.9 91.4 89.3 87.7 85.2 82.3 78.7 73.2 69.6 70.2 69.6 66.1 62.2 58.4 56.1 56.7 56.2 55.7 57 57.9 59.2 62.1 63.1 63.9 64.1 63.5 63.1 63.8 60.4
141.6 134.4 125.4 131.9 137.5 137.9 140.7 141.2 140.7 140.9 141.4 143 143.5 140.3 138.4 135.3 132.5 129.3 127 123.6 119.3 113.3 106.3 105.3 108.6 112.4 111.2 108.6 105.8 105.8 103.8 104.5 106 104.9 110 114.6 117.9 120 118.2 115.4 112.4 109.1 104.7 106.5 106.9 110.1 112.9 107.7 109.5 104 104.9 106.8 109.3 111.4 109.4 106.5 102.5 98.6 94.9 91.8 89.6 86.4 84.2 79.5 73.3 70.6 73.4 72.6 68.1 64.2 58.9 55.4 55.2 55.2 53 53.2 54 53.8 53.8 54.8 56.4 58.4 58.7 57.9 61.4 64.3
141.9 136.9 128.8 115.7 123.3 131.4 132.1 129.6 128.6 128.5 131.3 132.5 135.1 135.1 133.1 132.9 132.3 130.9 128.7 125.9 122.9 116.8 110.2 105.5 102.3 103.3 104 102 99.8 98.8 100.1 102.1 104.1 101.2 100.6 109 114.7 116.3 116.8 116.3 115.4 111.5 107.5 99.9 103.4 104.1 107.4 104.4 106.2 102.7 102.1 103 105.1 106.1 104.7 101.5 99.1 95.9 93.3 89.7 85.7 84.2 82 77.4 72.5 71.4 73.1 71.4 67 63.1 56.9 56 57.5 54.3 51.9 51.8 50.3 50.2 50.4 50.3 52.5 55.8 55 55.2 60.3 63.4
137.1 133.3 126.7 118.6 111.6 115.9 116.6 116.1 118.8 118.3 121 120.9 121.8 124.2 122.8 123.2 124.7 124.5 125.2 124.8 122.6 118.7 112.7 108.7 106 103.3 99.1 98.7 95.7 93.7 95.4 94.7 94.4 93.4 96.4 103.4 109 109.8 109.5 109.8 109.2 108.3 104.3 97.7 91.8 97.1 98.6 100.4 101.3 99.4 102.8 102.5 104.5 105.4 103.8 101.4 98.2 95.7 93.3 90.2 86.7 84.6 82.4 79.1 74 75.9 75.7 71.9 67.3 63.2 59.5 60.3 60.6 56.6 52.4 53 52.2 51.9 50.1 51.4 53 53.2 53.1 53.2 55.4 58.4
126.3 124.7 118.5 111.4 103.6 103 105.1 105.7 108.4 106.4 107.3 109.7 110.3 111.7 111.1 112.9 114.9 118.7 120.5 120.5 119.2 116.4 112.6 108.9 106.5 104.9 101.6 97.4 93.7 93.1 92.1 89.9 89.2 89.9 91.8 94.9 99.1 101.2 101.6 102.4 101.3 99.2 93.9 88.9 85 90.5 93.1 96.4 96.9 101.5 105.1 106.8 106.9 106.7 105.8 103 100.2 97.3 94.6 90.9 88.1 85.2 82.8 80.4 78.9 76.9 75.8 71.8 66.5 63.5 62.9 62.7 60.9 57.5 53.5 52.6 53.2 53.3 51.1 48.5 50.2 52.3 52.6 52.8 53 54.8
119.2 118.8 118.6 120.1 117.6 93 90 90.7 98 100.5 101.2 101.2 99.9 100 101.4 101.9 104.9 109.5 113.6 115.3 115.5 115 112.1 110.4 110.2 108.4 103.9 99.9 97.3 93.6 91.1 90 89.3 88.8 89.1 89.7 90.8 94 94.7 94.7 91.5 90.4 86.3 82.2 79.4 83.9 89.5 93.1 96.3 100.4 105.2 108.1 110.4 110 107.6 105.3 102.9 100 96.9 92.6 90 86.2 81.9 79.9 80.1 77.8 76.8 74.4 71.6 67.6 65 63.4 62.9 60.4 56.3 53.8 53 54 52.2 48.7 50.9 53.1 54.7 54.1 53.2 51.2
117.8 118 116.6 113.7 111.8 86.6 87 90.4 90.4 89.8 89.1 88.6 98.7 97.3 96.6 95.4 95.2 102.3 105.6 107.7 106.8 109.1 107.6 105.7 105.8 104.7 103.7 99.8 97.9 95.1 90.9 90.1 89.2 88.4 87.7 88.6 87.8 88.2 88.6 87.8 85 83.9 81.1 74.9 75.9 84.7 85.8 91.3 93.7 97.2 102.4 108.3 112.6 113.6 110.8 108.5 105.9 103.4 99.9 96.6 93 89.5 85.4 82.1 82.2 79.6 80.2 81.2 80.2 77.4 72.4 67.5 64 61.7 59.1 55.1 53.1 52.6 50.2 47.8 50.8 53 53.3 52.7 51.9 52
109.2 108.8 107.8 104.8 101.8 96.2 90.3 96.7 90.3 90.3 90.4 84.9 94.6 95.9 94.7 94.4 88.3 92.5 96.9 99 99 99.5 99.7 99.9 101.8 103.2 103.5 101.2 98.1 94.8 91.6 90.2 88.9 88.7 87.8 86.8 86.5 85 87.8 88.9 85.4 82.7 74.3 72.5 72.9 82.6 88.3 89.7 91.2 94.8 100 106.6 110.9 113.8 112.8 109.8 106.9 104.1 101.7 99.2 96.3 92.3 87.2 83.1 82.6 80.1 81.7 82.3 80.4 78.6 75.4 71.3 67.3 64.1 59.1 55.7 53.2 52.8 51.4 49.6 48.5 49.9 49.4 49.2 48.8 49.8
100.8 100.6 99.7 97.5 91.6 88.6 90.6 92.3 95.5 94 88.2 83 87.5 89.5 92.2 91.5 88.1 87.2 90.3 91.9 92.8 97.2 96.6 101.9 106.7 111.9 110.8 107.4 103.2 100.3 97.1 94.7 91.6 90.5 89.3 88.8 89.4 86.9 84.5 88.2 83.3 83.1 78.5 72.2 72 80.6 84.6 85.7 86.4 92.4 100 103.9 105.9 106.6 106.9 105.5 103.3 100.7 97.7 96.4 95.5 93.1 89.9 86.1 84.1 82.4 80.7 79.3 79.3 79.1 76.4 73.1 68.5 64.4 59.8 55.9 54.9 53.5 52.1 50.7 46.8 44.7 44.7 44.3 44 42.7
101.3 100.2 99.2 97 95.9 91.9 85.9 85.4 88.3 88 86.7 80.9 83.7 84.4 84.6 88.1 85 85.3 86.8 87.7 87.3 89.8 91.6 99.8 109 113.9 113.7 110.5 108 104.8 101.5 98.2 95.2 93.6 91.3 89.9 89 87.7 83.7 78 81.8 80 78 73.7 69.4 78.5 81.9 84.6 82.1 89.8 96.2 98.3 100.3 100.4 99.3 97.3 95.9 94.6 94.3 94.6 95.6 95.5 92.4 87.5 85 83.9 83.6 81.8 81.3 81.1 78.4 75 69.9 64.1 59.6 55.5 55.2 53.4 51.3 48.8 47.9 49.6 49.6 48.5 48.4 44.5
99.5 97.2 96 94.8 93 92.7 88.3 85.4 83.6 82.7 81.6 79.3 79.4 80.7 79.7 81.2 83.1 84.3 83.3 83.4 82.7 85.4 87.2 93.5 102.1 110.2 113.3 112.2 109.3 105.5 102.6 99.3 97.1 93.6 91.6 89.6 87.1 85.5 82.8 76 75.5 74.1 76.3 72.9 67.8 70.7 74.8 80.2 79 82.8 89.5 90.7 92.1 93 92.2 88.2 86.8 88.5 87.1 89.2 90.8 91.4 88.8 86.1 85.8 86.5 85.6 85.3 83.4 80.5 77.8 73 68.1 63.2 58.1 55.2 53 52 51.7 50.9 49.6 49.4 51 50.4 49.7 47.6
92.1 91.4 89.7 88.7 89 89.4 87.3 84.3 82.6 82.4 79.7 76.9 77 77.1 77.7 82.9 83.2 81 83.9 82.9 82.1 84.3 84.8 88.8 93.9 100.2 106.3 110.6 109.7 106.7 103.4 101.3 97.9 95.2 92.5 89.8 88 85.9 82.7 80.7 76.4 73.6 69.4 68.6 67.2 66.2 66.9 72.6 74.8 76.3 82 83.5 82.8 85.1 83.5 82.5 82.6 81.2 79 80.3 82.7 88.3 94.1 95.6 94.1 92.4 90.1 87.6 84.6 80.8 76.5 71.8 66.8 62.3 57.6 54.9 53.3 52.8 53.1 51.9 51.4 48.8 50.5 49.6 48.2 48.4
83.5 83.9 83.6 84.5 84.5 83.7 82 78.2 78.8 78.6 78.1 76.4 75.6 75.9 74.3 77.3 83.2 82.7 80.4 84.7 83.9 82 81.6 82.9 86.5 92.5 97.2 102.8 105.4 104.6 102.5 100.8 98 95.5 93 88.9 86.5 84 81.5 79.2 77.1 75.8 73.9 70.4 66.8 65.5 67.2 72.3 75.8 74.2 75.9 74.5 78.4 78.1 78.7 81 80 76.2 73.7 70 76.3 84.4 89.8 91.9 89.5 89.4 88 84.9 79 75.3 71.5 67.7 62.1 58 55.8 54.2 52.5 52.3 51 50.3 49.7 46.4 48.8 47.9 47.2 47.4
87.4 83.1 82.1 76.7 79.3 78.2 76.7 74.2 74.9 76.7 75.9 76.5 75.5 75.5 76.7 73.7 74.9 81.4 82.7 78.5 77.7 79.7 78.3 79.4 80.6 85.8 89.1 96.7 101.6 103.5 101.8 99.9 98.3 94.9 89.9 84.2 80.1 78.7 77 74.5 77.1 75.7 73.9 68.6 64.7 64.6 66.3 72.1 73 73.3 72.5 69.7 74.7 73.5 75.6 77.5 77.3 72.8 69.8 67.7 67.5 74.9 78.6 80.3 79.1 78 75.1 71.5 68.7 67 63.3 59.3 55.4 52.8 52.2 51.2 50.9 50.8 50.2 48 47.2 45.1 45.4 45.4 44.4 43.7
82.6 80 78.7 76.5 74.2 75.8 74.1 72.9 74.9 76.1 78.6 77.3 75.3 75.2 75.3 73.7 73.4 72.3 75 78.7 81.7 75.6 76.3 78 77.2 82.5 85.9 91.6 97 98.2 97.9 96.6 94.8 91.1 85.4 77.6 74.1 73.6 73.8 71 72.8 73.4 69.3 66 63.6 63.1 63.8 66.2 68.3 70.1 67 66.9 66.3 67.4 72.7 74.3 71 68.8 68.4 63.6 63.1 65.2 68.7 69.8 71.2 69.6 68.3 65.9 63.4 61.4 59.1 56.2 54 53 50.8 49.3 49.5 49.3 48.2 46.8 44.8 44.7 44 42.1 42.3 41.5
77.3 74.8 74.6 75.9 74.6 71.5 71.5 70.2 72.9 78.4 81.2 79.6 76.3 74.5 73.2 72.2 71.1 70.1 70.3 69.9 71.4 73.8 74.2 72.7 70.7 76.1 82.1 87.1 91.9 93.7 93.6 93.3 90.6 85.3 77.6 70.6 69.3 71.1 73.1 73.5 76.7 70.8 68.2 65.8 63.9 63.3 63.5 63.3 64.1 65.5 64.6 63 62.8 62.7 66.8 66.9 66.5 67.1 64.6 58.4 61.3 62.2 63.9 66.6 67.7 70.7 65.2 64.4 62 59.3 57.6 55.3 53.6 52.9 51.4 49 47.5 47.2 45.6 44.8 44.2 43.1 43.5 43 42.4 41
77 75.9 73.2 71.8 71.2 70.8 70.7 69.5 72.6 78 78.5 77.3 77.2 75.5 75.6 74.3 71.8 71.8 69.8 68.9 68 67.8 69.1 68.7 68.5 77.7 78.4 85.1 90.5 92.7 93.2 92.4 88.3 80.5 72.3 67.9 69.4 75.2 78.8 82.2 82.3 79.7 75.4 70.6 65.4 63.3 64.4 65.9 69.6 67.7 64.3 61.8 61.1 62.1 61.3 59.7 60.8 61.1 60.6 55.7 58.4 61.6 61.7 64.9 66.9 65.9 64.7 64.2 62.9 60.4 57.6 56.3 52.9 51 48.8 46.8 45.6 45.4 44.3 43.6 42.8 43.2 42.7 42.8 42 41.3
76.1 76.3 73 70.4 69.4 68.4 69.7 69.3 68.9 74.1 75.4 74.3 74.5 74.8 74.4 72.6 70.8 69.5 68.6 67.5 67.5 67.1 67 67.1 69.1 78.3 77.5 82.2 89.7 91 90.6 90.3 83.3 76.9 69.7 66.9 72 80.3 85.6 86.5 85.5 83.6 79.6 74.6 66.9 62.6 66.1 69.6 69.5 64.1 61.5 61 61 61.8 58.4 56.6 55.9 56.5 56.1 54.5 58.8 61.9 60.6 62.3 64.6 64.7 65.1 67.2 67.4 61.6 57 56.3 52.9 48.8 46.6 45.1 44.5 44.6 44.3 44.1 43.4 42.7 42 42.2 41.2 41.7
73.7 73.4 71.4 68 67.1 67.3 67.7 66.6 66.1 69.5 73.5 72 72.5 73.5 74 74.1 73.3 69.9 69.9 68.9 66.7 65.5 65.2 64.6 67.7 72.5 72.6 74.6 78.7 79.1 80.5 80.8 78.4 73.9 67.3 66.8 71.8 82.4 86.1 85.9 83.2 81 78.3 74.2 66.5 62.7 64.8 64.1 62.7 60.5 57.2 57 59.1 56.9 52.9 51.3 54.4 54.3 52.7 55.1 60 61.4 60.8 63.5 61.8 62.4 62.2 66.4 69.5 60.4 55.5 54.1 51.4 47.8 45.1 45.8 48.4 49.5 47.6 46.1 43.9 42.8 42.2 42.4 42.1 42.7
73.4 72.5 69.3 68.3 65.7 67.4 67.7 66.1 65.3 65.2 65.5 66.7 70.5 72.4 75.2 76.1 75.1 71 68.8 68.5 67.1 64.9 64.4 63.9 64.6 65.7 66.3 68.3 69.4 70.4 70.7 71.2 71.2 70.2 66.2 64.6 66.4 73.1 79.3 77.8 76.2 75.7 73.7 68.9 63.3 59.4 59.7 58.7 56.1 57 55.4 54.3 53.1 53 50.5 50.6 49.2 52.1 50.9 51.6 56.3 59.5 62.4 60.9 60.3 56.7 59.7 63.9 65.6 57.7 53.1 52 50 48.8 49 50.7 50.2 49.8 48 44.4 49.2 46.4 46.7 47.2 47.3 47
69.7 71 65.5 64.3 64.6 65.1 65.2 65.3 64.5 64.6 65 65.8 67.2 69.6 72.7 73.7 72.5 72 70.1 67.9 66.5 64.9 63.4 63.2 63.3 64.6 64.6 65.2 65.3 67.1 70.8 75.9 79.8 77.7 71.5 65.4 64 65.4 70.1 72.7 67.3 68.4 68.7 66 61.9 57.6 55.8 55.7 54.4 53.1 52.9 51.7 51.9 50.3 51.7 53 49.4 46.2 52.4 44.8 53.2 55 55.5 55.7 54.9 53.8 57.2 60.7 59.7 53.9 52.6 51.8 50.2 51 50.8 50.1 47 45.4 46.4 48.9 51.1 51.3 51.4 51.4 51.2 50.3
66.3 65 61.9 61.6 61.8 63.9 66.3 66.1 64.7 65.1 65.6 66.3 67.1 68.1 68.8 70.8 72.8 74.8 71.6 68.5 67.5 67.6 64.1 62.4 62.5 65.5 68.1 67.1 65.2 67.6 73.2 73.6 71.8 70 66.3 63 61.6 63.4 66.2 65.9 66.4 60.8 63.1 62.3 60.8 62.5 62.4 62.1 60.9 59.4 59.4 60 57.6 55.2 55 56.6 54.5 53.6 49.7 49.4 44.8 52.3 51.3 49.1 50.5 49.9 54 57.1 57.7 53.5 52 52.7 52.5 52.1 51.1 48.8 45.5 45.5 52.3 53.6 53 52.4 52.6 51.8 50.9 49.6
66.1 62.8 61.4 61.4 63 64.8 67.7 69.2 66 68.7 70.8 71.2 69.5 72.2 73.5 69.3 71.2 75.1 74.8 70.2 69.1 70.2 68.6 61.7 62.2 67.3 68.6 71.1 69.3 65.5 68.6 72.1 70.8 68.1 66.1 64.1 61.1 60 58.3 57.3 56.6 57.2 57.7 59 58.9 63.7 67.3 68.1 66.3 64 64.6 63.9 62 59.6 57.7 55.9 56.5 54.1 49.7 44.7 43 46.5 47.2 44.9 44.5 47.1 50.9 53.3 53.4 51.7 54.4 55.6 53.5 53.1 50.9 46 42.4 43.1 50.6 51.8 52.3 51.9 51 50.4 49.2 47.3
63.1 61 58.3 62.7 65.5 67 68.1 68.3 71.2 76.1 74.6 74.9 75.3 79 76.1 72.2 69.2 70.4 71.2 70.1 67.8 67.5 63.2 60.3 66 69.2 70.2 72.3 73.6 72.8 67.8 64.3 64.4 64.1 64.5 62.6 59.4 60.2 58.6 55.1 54.1 53.1 52.9 54.1 54.4 55.7 59.5 59.8 58.6 57.4 58.4 56.9 56.2 55.2 54.8 53.7 52.7 48.9 44.4 42.6 41.2 42.5 43.3 41.7 45.9 46.1 43.7 49.2 51.5 51.6 56.6 54.3 53 52.2 45.4 40.7 39.4 43 45.4 49.5 50.8 50.3 48.4 48.1 46.7 45.1
59.4 57 59.5 64.1 67 68.5 67 67.3 71.9 75.8 74.6 75.6 75.5 76.3 73.5 72.2 67.1 70 69.4 68 65.2 61.9 60.1 64 68.8 69.2 70.4 74.2 75.1 76.7 74.5 69.5 65.5 63 60.2 61.4 58.6 57.5 58.6 54.7 53 52.3 52.9 55.6 51.7 51 52.8 52.8 49.4 53.3 52.7 51.5 51.5 51.2 51.2 49.2 45.1 42.4 40.1 39.8 41.5 42.5 41.3 40.1 45.2 42.8 41.1 41.9 44.6 46.9 50.2 50.6 48.9 47 41.6 38.5 38 40.4 43.2 45.5 47.6 46.3 45.9 45.2 45 50.4
56.9 56.3 58 62.1 63.9 63.5 64.6 67.8 71.4 73.3 71.5 72.4 73.5 71.2 70.8 69.8 64.4 66.5 66.7 65.8 62.7 58.8 60.8 67.8 73.1 75.4 76.1 78.5 78.8 75 70.9 67.6 65.6 63.7 60.4 58.2 57.8 57.1 56.3 53.9 52.6 52.8 54.1 55.9 50.5 52 51.1 49.4 49.1 51.4 49.2 46.8 45 46.4 45 42.1 39.4 39.2 45.2 45.6 40.4 38 37.7 37.8 40.1 40.2 39 40.5 43.4 45 46 47.1 47 42.9 39.1 37 36.7 37 38 40 40.9 41.7 42.7 44.8 49.1 52.5
55.8 59.2 64.9 68.7 69.5 68.5 67.5 69.5 72.9 71.8 71.1 70.3 69.3 68.5 71.6 66.8 63.1 61.2 64 64.7 59.4 61.4 69.8 75.6 80.4 81.6 81.1 79.1 74.2 68.9 64.2 60.6 60 59.1 58.4 58.2 57.7 55.7 54.3 54.2 54.4 53.5 52.3 54.9 50.5 50.2 49.2 49.9 49.2 48.7 47.3 43.3 42 41.8 41.6 39.7 38.5 38.4 38.8 41.8 36.8 36.7 36.6 36.4 37.2 37.4 40 41.8 42.3 43.3 43.9 41.8 45 45.4 41.8 41 38 35.8 34.7 36.2 38.5 41.2 42.3 45.3 48.6 51.1
57.7 64.8 70.3 75.7 76.6 75 72.8 73.7 76.3 74.4 72.1 68.7 65.1 64.8 64.4 63 64.9 62.9 59.2 59.7 57.3 66.8 73.8 78.8 80.3 79.2 77.3 73.5 67.9 62.6 58.8 55.8 55 56.7 56.9 57.5 56 55.5 56.2 55.9 55.5 53.6 52.7 52.9 52.3 49.2 49 48.7 48.2 45.2 40.9 40.3 39.4 39.1 40.6 39.9 38.5 38.1 38.1 37.7 36 36 35.6 36.1 37.5 40.5 40.4 42.1 41.2 45.1 42.1 40.7 43 44.6 43.3 42.6 38.3 35.8 34.6 36.4 40.3 43.3 45.6 46.8 49.2 50.5
61.5 66.8 72.3 77.8 80.3 79.5 79 78 78.8 74.4 68.6 65.4 62.9 62 61.5 60.5 65.8 68.2 63.1 57.9 57.8 68.9 72.1 74.5 74.4 73.9 70.4 66.2 59.8 56.9 55.1 53.1 53.6 55 54 54.1 56.5 58.2 57.8 56.4 55.4 54.5 54.4 53.9 50.3 50.4 49.7 47.4 47.2 45.4 40.8 39.7 39.3 39 38.5 39.6 38 37.8 37.4 39.6 38.5 36.4 35.6 35.7 36.2 36.6 37.7 38 38.5 40 41.4 39.7 39.6 39.7 39.4 38.8 37.5 34.6 34.2 37.2 41 45.4 46.5 47.9 49.3 50.1
60.8 67.5 71.9 76 77.9 75 77.7 76.7 67.8 64.5 64.2 58.7 56 55.3 58 61.4 64.3 67.5 65.6 58.1 56 57.9 61.2 63 64.2 62.3 59.8 55.5 51.8 53 52.4 48.1 51.3 51.4 51.6 51.7 53 55.8 55.5 55.6 55.3 55.2 54 53.8 52.8 48.3 47.6 44.2 43.4 43.9 41.7 43.5 39.7 39 39.2 39.6 38 36.9 36.8 36.6 35.9 35.7 35.1 35.5 35.8 36.6 37.5 36.2 37.9 43.7 40.7 39.7 38.9 39.1 38.9 39.6 38.7 35.5 34.9 36 40 43.2 44.9 45.3 46.8 48.5
