WholeMapElevations/data/nh/nh94_OST50GRID_20230518/NH94.asc
ncols 200
nrows 200
xllcorner 290000
yllcorner 840000
cellsize 50
[rows 140 to 174 of 200, columns 0 to 77 of 200]
332.9 337.1 342.6 346.8 351.4 354.1 355.1 355.6 354.1 351.3 346.2 340.3 334.9 329 323.9 319.1 314.5 309.5 303.9 298.4 295 291.4 287.5 283.5 279.4 275.8 273.7 271.1 268.8 267.1 265.6 267.3 266.2 266.3 266.2 263.2 259.7 256.5 253.8 251 248.3 246.3 244.2 242.2 240.1 238.3 236.7 235 233.4 231.8 230.2 228.4 226.3 224.3 222.2 220.2 218.1 216.1 214 212.8 212.1 211 211.3 208.7 188.8 156.2 152.5 162.9 173 186.1 190.8 187.4 186.6 187.8 188.8 189.5 190.3 191.9
337.9 342.2 348.4 353 357.5 359.3 360.2 361.1 359.9 357.1 350.3 344 337.9 331.9 326.3 321 315.4 309.8 304.2 298.6 294.6 291.5 288.1 284.2 280.2 276.3 273.6 270.9 268.3 266.4 265.7 267.4 268.5 268.6 267.8 264.2 260.5 257.3 254.7 252.1 249.5 247.2 245.1 243.1 241 239 237.2 235.6 234 232.4 230.7 229 226.9 224.9 222.8 220.7 218.7 216.6 214.6 213.2 212.1 211.1 210.8 203.6 193.2 179.6 166.5 158.8 154.1 153 162.8 171 180 185.8 187.7 188.7 189.6 190.9
341.5 346.1 352.1 356.9 361.3 364.3 365.1 366.4 364.8 361.5 353.8 347.5 340.9 334.5 328.5 321.6 315.6 310.1 304.6 299 294.3 291.1 288 284.8 280.8 277.2 273.9 270.9 268.1 266.8 267.5 268.8 269.6 270.2 270.6 266.3 261.4 258.2 255.6 252.9 250.1 248.4 246.5 244.5 242.4 240.4 238.3 236.7 235 233.4 231.8 230.2 227.9 225.9 223.8 221.8 219.7 217.7 214.8 213.4 212.3 211.5 205.9 202.1 196.6 192.3 181.2 174.6 166.9 160 154.8 157.6 172.6 185.5 186.7 187.5 188.3 189.2
345.8 350.4 355.5 360.4 365.3 367.5 369.6 369.5 368.8 364.1 356.6 350.3 343.3 336.3 329.6 322.6 315.9 310.2 304.7 299.3 294.5 291 287.9 284.8 281.7 278.1 274.7 271.6 268.8 267.6 268 269.1 269.7 270.4 270.8 267.8 262.2 259 256.4 253.5 250.9 249.3 247.8 245.9 243.8 241.8 239.6 237.8 236.2 234.6 233 231.4 229 226.7 225 222.9 220.5 217.5 215.2 213.9 212.4 205.5 204.4 203.3 199.6 196.4 193.5 187.8 179.1 166.7 158 156.9 169.4 185.9 186.8 187.6 188.4 188.7
350.1 354.5 358.6 362.3 366.2 369.3 371 371.6 369.5 365.2 358.6 352 345.1 337.7 330.5 323.5 316.5 310.4 304.8 299.3 294.8 291.4 288.3 285.2 282.1 278.9 275.5 272.3 270.5 269.1 269.6 270.2 270.1 270.7 269.8 267.3 263.5 259.8 257 253.9 251.8 250.2 248.7 247.2 245.3 243.2 241.1 238.9 237.3 235.7 234.1 232.6 230.6 227.9 225.1 223.3 219.7 215.9 215.5 213.1 212.8 206.1 204.9 203.7 201.8 199.6 197.4 192.1 183.4 174.6 156.5 161.3 178.4 186.8 187.8 188.7 189.5 190
353.4 357.5 360.9 363.7 366.4 369.2 370.3 370.8 367.5 364.3 359.5 353.4 346.5 338.5 331.4 324.5 317.5 310.8 305 299.6 295.1 291.9 288.7 285.6 282.5 279.3 276.2 273.5 272.1 269.4 271.6 271.4 271 270.3 267.9 265.5 263.1 260.4 257.3 254.5 252.7 251.2 249.6 248.1 246.5 244.6 242.5 240.2 238.2 236.7 235.1 233.6 232 228.8 225.5 222.9 219.3 215.6 214.3 212.9 209.7 206.1 205 203.6 202.9 201.2 199 193.3 185.4 172.2 157.2 162.2 182.2 187.4 188.5 189.6 179.8 172.2
356.4 359.8 363.2 365.3 367.2 369.2 369.8 369.2 366.4 363.3 358.5 353.5 346.9 339.4 332.2 325.4 318.4 311.4 305.6 300.4 295.4 292.3 289.3 286.3 283.4 280.4 277.5 275.2 273.2 271 271.1 271.8 271.8 270.8 268.6 266.5 264.1 261.4 258.3 255.3 253.6 252.1 250.5 249 247.5 245.9 243.9 241.5 238.8 236.9 235.3 233.8 232 228.9 225.8 223.2 219.4 216.4 213.9 213.3 210.1 206.8 203.9 203.9 203.2 202 200.5 194.5 185.5 169.7 157.3 161 182.4 187 188.1 188.4 163.5 165
359.2 362.6 365.2 366.6 368.4 370 370.2 367.8 365.9 362.4 357.7 352.5 346.8 340.1 333 326.3 319 311.1 304.8 299.9 296.1 293.8 290.8 287.9 285 282 279.1 277 274.8 273 271.4 272.6 272.7 272 269.9 267.7 264.9 262.3 259.6 256.5 254.6 253.1 251.7 250.2 248.7 247.1 245.2 242.9 240.1 237.4 235.6 233.9 231.9 229.4 227 224.5 219.9 217.2 214.6 211.9 208.8 205.7 204.1 204.2 203.6 202.5 201.5 196.9 186.9 166.9 158.2 163.4 173.3 185.2 180.7 161.3 161.4 161.3
362.1 365.5 367.1 368.1 369.7 370.5 369.9 366.7 363.5 361.4 356.6 351.4 345.5 339.3 333 326 318.2 310.1 303.3 299.3 296.8 294.8 292.4 289.5 286.5 283.6 280.7 278.8 275.9 274.3 273.9 273.6 273.6 273.3 271.2 268.5 266 263.4 260.8 257.8 256.2 254.6 253.1 251.6 250.1 248.2 246.4 244.2 241.4 238.7 236 234.3 232.8 230.8 228.4 225.8 220.8 218.2 215.3 212.2 209.5 206.7 204.7 204.6 203.9 203.1 201 197.6 186.2 166.5 158.1 164.5 167.5 165.9 161.4 160.9 166.4 161.5
364.8 367.6 368.8 369.8 370.8 371.2 369.7 365.8 362.6 359.9 355 350 344.2 338.3 332.1 325.2 317.3 309.3 304 299.7 297.6 295.5 293.4 291 288.1 285.2 282.6 280.1 277 276 275.7 275.5 275.1 274.4 272.2 269.6 267.1 264.6 261.9 259.4 257.8 256.3 254.7 253 251 249.1 247.3 245.4 242.7 240 237.2 234.6 233.1 231.9 229.3 226 221.8 218.7 215.6 212.6 209.4 207.4 205.1 204.6 204 203.4 201.9 198.6 184.7 171.9 158.9 163.5 165.2 160 161.7 160.8 166.8 167.3
366.6 369.4 369.9 370.9 371.7 371.7 369.5 365.2 360.9 358.1 353 347.6 341.6 335.7 329.9 322.9 315.4 308.6 304.5 301.5 298.8 296.2 294.1 292 289.7 286.7 284.3 281.2 278.4 277.8 277.6 277.3 276.8 276.2 273.8 270.9 268.2 265.7 263.1 261.1 259.5 257.9 256.4 254.5 252 249.5 247.6 245.7 243.8 241 238.1 235.3 233.9 231.6 229.2 225.4 221.5 218.5 215.8 213 209.5 207.5 205.9 205 204.3 203.6 202.5 199.7 186.2 158.8 161 161.7 159.1 161.1 166 165.8 166.9 168.3
368.5 370.5 371 371.8 372.2 372.2 368.9 363.6 358.1 354.6 350.3 344.5 338.6 332.7 326.7 320.3 312.6 308.3 304.3 303.8 301.2 298.6 295.9 293.3 290.6 288.3 285.4 282.3 280 279.7 279.4 279.1 278.4 277.8 275.6 272.7 269.8 266.9 264.3 262.7 261.2 259.6 258.1 256 253.5 250.9 248.4 246.1 244.3 242 239.7 238 234.4 231.4 229.1 226 221.3 217.7 215 212.1 209.3 207.5 206.7 205.9 205 204 203.2 200 183.7 164.4 158 158 168.5 166.4 171.6 166.5 166.5 168.1
368.4 370.4 371.1 371.7 372 371.5 367.1 361.7 355.2 351.1 347.3 341.5 335.7 329.7 323.7 317.4 310.8 307.7 305.9 305.6 303.6 300.9 298.3 295.6 293 290.2 286.8 283.7 281.5 280.3 279.6 279.9 280 280.6 277.8 274.6 271.3 268.1 265.8 264.4 262.9 261.3 259.8 257.4 254.9 252.4 249.9 247.5 246.6 246.4 245.2 241.4 235.6 231.9 228.9 227.2 222.2 217.5 214.6 211.7 209.2 208.3 207.5 206.7 205.9 205 204.1 192.1 186.2 179.3 174.7 178.8 177.2 165.2 165.6 165.6 167.9 168.1
367.6 370 370 370.6 369.8 368 364.1 359.2 354.3 348.3 344.3 338.5 332.7 326.7 320.1 314.3 309.7 307.4 307.5 307.5 305.8 303.3 300.6 297.9 295.1 292.4 288.9 285.5 283.3 281.8 280.4 280.7 280.7 282.1 279.6 274.9 271.6 268.5 267.3 266 264.6 263 261.4 258.9 256.4 254 251.6 249.3 248.3 252.2 250.9 249 241.4 235 229.8 225.9 221.6 217.5 214.6 211.7 209.7 209.1 208.3 207.6 206.8 206.3 205.4 189.4 188.1 187.9 182.4 180.2 179 169.7 166.1 167.8 168.5 169
365.7 366.7 367.6 367.3 365.7 363.8 360.2 355.4 350.7 346 341.3 335.7 329.7 324.1 318.6 313.5 309.9 309.2 309.7 309.3 307.7 305.6 302.8 300.1 297.3 294.5 291.1 287.4 284.3 282.7 281.3 281.7 281.1 281.2 280.3 276.2 271.9 269.9 268.7 267.5 266.2 264.7 262.9 260.5 258.2 255.8 253.4 251 249.8 255.8 260.1 259.1 248.9 238.6 230.8 224.6 221.1 217.6 214.4 211.5 210 209.4 208.8 208.2 207.6 207.8 203.8 191.2 188.8 188.7 189.4 183.3 180.6 168.7 167.5 168.1 168.7 168.9
363.5 364.4 363.8 363.9 362.4 359.5 354.3 349.7 346.1 342.8 338.3 332.8 327.1 322.1 317.1 313.3 310.1 310.5 311.8 311.5 310.1 308 305.2 302.3 299.5 296.7 293 288.9 286.1 283.7 282.2 282.2 281.5 280.9 279.7 277.3 273.4 271.3 270.1 268.9 268.2 268.4 265.9 262.5 259.8 257.4 255.1 252.7 250.1 252.4 258.9 261.5 253.1 243.4 234.5 226.4 220.5 217.2 214.2 211.6 210.4 209.6 209 208.4 207.9 207.9 195 193.2 190 189.4 188.9 183.6 169.4 168.3 168 168.5 169.1 162.8
361.2 360.5 359.9 359.2 357.6 353.3 349.7 345.9 341 337.7 334.6 329.9 324.7 319.7 316.4 313.2 311.3 312 312.9 313.3 312.5 310.5 307.7 304.8 301.9 298.8 294.5 290.5 287.8 285.4 283.2 282.6 281.8 280.9 279.5 277.2 275.1 272.6 271.8 271.5 271 270.6 267.8 265.7 262.3 259 256.7 253.4 250.2 253.1 261.8 264 257.8 248.2 238.6 227.2 220.3 216.9 214.1 212.1 210.9 209.8 209.2 208.7 207.9 200.1 195.1 194.5 193.5 190.1 189.8 177.6 170.4 169.2 169 168.4 166.6 165
357.8 357.1 356.4 355.7 352.6 349.7 346.7 342.6 337.7 333.4 330.4 326.9 322.6 319.4 316 313.8 313.4 314 314.7 315.2 314.6 312.9 310.2 307.1 303.9 300.7 295.7 292 289.5 287 284.2 282.7 281.8 281 280 277.7 275.3 273.8 273 272.2 271.5 270.7 269 267 263.9 260.4 257 253.5 249.9 253.3 262.1 266.1 262.5 253.6 240.7 224.6 218.3 215.6 213.4 212.3 211 209.9 209.3 208.8 209.2 200.5 196 195.2 194.3 192.9 187 174.1 170.8 169.8 169.7 169.5 163.7 167.4
356.4 354.5 353.4 351.7 349.1 346.1 343.3 339.5 336.5 332.6 328.1 324.5 322.3 319.1 315.7 314.8 315.4 315.9 316.4 317.1 316.3 315.1 312.3 309.1 305.9 302.7 297.9 293.4 290.6 287.8 284.9 283.2 281.9 281 280.2 278.1 275.8 274.6 273.7 272.9 272.1 271.3 269.8 267.4 263.9 260.3 256.9 253.3 249.6 249.9 259.4 265.6 265.1 254.9 234.8 223.2 216.9 214.6 213 212.1 211 209.8 209.2 208.7 209.5 205.2 195.4 194.4 194.3 194.5 187.3 175.7 171.8 170.5 170 168.2 166.4 168.4
355 353.5 351.7 350.3 348.5 344.8 341.4 338.7 335.8 332.3 328 325.1 322.2 319.8 317.6 316 316.7 317.4 318.1 318.8 318.4 317.6 314.7 311.1 307.8 304.6 300.3 294.9 291.4 288.5 285.7 283.9 282.4 281 280.2 278.6 276.4 275.4 274.4 273.6 272.8 272 269.6 267.2 263.7 260.2 256.7 253.2 249.7 248.7 255.1 262 263 246.2 228.5 219.1 215.7 213.9 212.7 211.9 210.9 209.7 209.1 208.6 209 206.9 195.8 194 194.5 194.9 187.4 174.9 172.2 170.9 170.8 165.9 166.8 169.7
354.9 353.3 351.2 349.2 348 344.2 340.5 337.7 334.9 331.9 328.5 325.7 323.5 321.5 319.5 317.5 317.9 318.6 319.8 321.4 321.4 320.1 317.4 313.1 309.5 306.7 304.5 296.8 291.9 289.2 286.4 284.6 283.1 281.5 280.2 279.1 277.2 276.2 275.2 274.3 273.5 272.5 269.6 266.9 263.4 259.2 255 251.7 248.2 245.9 249.5 254.3 248.1 235.3 222.5 215.7 214.2 213.3 212.4 211.6 210.8 209.6 209.1 208.4 207.8 206.8 195.8 194.9 194.5 193.2 186.3 174.7 172.1 171.6 171.6 163.8 166.3 170.4
354.8 352.8 350.8 348.7 346.7 343.8 342.1 339.9 337.1 333.8 329.7 326.9 324.6 322.2 320.6 319.4 319.6 321.2 322.8 324.2 324.4 322.6 320.6 316.3 311.2 308.4 306.1 297.8 293.6 289.7 287.1 285.3 283.8 282.3 280.7 279.4 278 277 276.1 275.1 274.1 272.5 269.5 266.7 262.4 257.2 253 250 246.7 242.7 240.7 242.6 238.9 225.4 218.2 215 214.1 213 212 211.3 210.5 209.6 208.9 208.3 207.6 208.3 196.4 194.5 191.1 188 185.1 178.7 173.1 172.5 172.2 164.8 167 167
354.5 352.5 350.4 348.4 346.4 344.9 343.5 341.8 339.3 336 331.9 329 327.1 325.2 323.5 321.6 320.9 322.4 324 326.5 328.3 327.4 323.9 318.4 313.1 309 304.3 298.6 293.8 290.2 287.6 285.6 284.1 282.5 281 279.5 278 277 276 275 273.8 271.9 269 266.1 260.4 255.2 251 248 244.5 239.5 231.9 230 226.8 219.6 216.4 215.2 214.5 213.1 211.1 210.5 209.8 208.9 208.3 207.7 207.2 206 196.5 192.5 189.5 188.3 186.3 185.1 174.6 172.9 172.5 165.6 169.2 172.9
355 352.4 350.4 348.3 346.8 345.4 344.3 343.3 340.7 337.3 333.8 330.8 328.7 326.5 325.1 323.7 322.3 323.7 325.7 328 330.9 329.3 326.2 320.5 314.3 308.8 303.7 298.6 293.8 290.8 287.4 284.5 283.3 282.1 280.6 279.1 277.5 276.1 274.3 272.7 271.1 269.5 267.6 265 259.1 253.2 249 245.6 241.2 235.3 228.9 225.4 222.2 218 216.3 215.3 214.7 212.5 211.1 209.6 208.9 207.8 207.6 207.6 206.7 204.3 196.9 191.8 189.1 188 186.4 183.7 179.5 174.4 172.7 166.6 170.8 178
355.6 352.9 350.3 348.7 347.2 346.1 345.6 344.5 342.1 338.8 335.5 332.2 330 327.9 326.6 325.3 323.9 325.4 327 330.2 333.4 331.2 327.6 322.7 315.6 308.7 303.6 298.5 294.1 290.6 287.2 283.7 282.2 281 279.8 278.6 277.1 275.5 273 270.6 268.9 267.2 265.5 261.9 257.3 251.9 246.6 242 236.7 230.6 227.2 222.2 219 217.7 216.6 215.5 214.2 211.6 209.6 209.4 208.6 207 208.1 207.7 206.6 202.3 201 190 188.9 187.4 184.4 181.4 178.7 174.9 172.6 165.8 175.1 182.5
357 354.4 351.6 348.9 347.7 347.1 346.9 346 343.4 340.1 337.1 335.1 332.9 329.9 327.6 326.3 324.8 325.6 327.1 330 334.4 332.9 329.3 324.5 315.9 309.4 303.7 297.9 293.2 290.4 287 283.5 281.1 279.9 278.7 277.5 276.3 274.5 271.7 268.8 266.8 265.1 262.4 258.5 253.8 248 241.3 236.5 232.5 228.5 224.4 219.9 218.5 217 216.5 215.5 209.6 204 200.2 197.2 196.9 196 196.1 198.9 199.3 198.2 196.5 190.6 188.7 185.4 181.6 178.5 175.7 174.2 165.9 168.7 180.3 187.2
358.7 356 353.1 349.9 348.7 348.1 347.9 347.5 344.6 342.4 340.4 338.3 335.5 332.3 329.1 327.3 325.4 325.7 327.7 330.6 332.3 330.4 329.6 325.6 315.7 308.6 302.5 296.6 292.2 289.2 286.7 283.3 280 278.8 277.6 276.1 274.6 273 270.3 267.5 264.8 262.8 259.4 254.8 250.1 243.5 237.3 232.1 229.5 224.8 221.6 218.7 216.6 213.5 207.8 200.5 198.8 197.8 196.7 196 195.8 195.9 196 196.2 195.2 195.3 191.4 190.8 188.3 184.5 179.7 175.7 172.3 165.8 170.7 179.8 187.4 190.4
360.3 357.5 354.4 350.6 349.7 349.3 349.1 348.8 347.6 345.6 343.7 341 337.8 334.7 331.3 328 326 326.3 327.7 329.6 330.6 328.9 328 322.8 314.9 307.7 301.2 295.4 291.3 287.6 285.1 282.7 279.6 277.7 276.3 274.8 273.2 270.7 268.1 265.4 262.7 259.2 255.2 250.9 245.2 238.6 232.7 227.7 223.6 219.3 215.2 209.9 207.9 204 199.7 198.8 198.5 197.1 194 195.3 194.5 189.1 182.7 193 195.4 192.9 190.4 190.2 185.7 181 171.3 165.7 172.4 189.2 184 187.7 190.9 192
361.9 358.8 354.6 351.7 350.7 350 350.3 350.4 350.2 348.9 346.4 342.7 339 335.3 331.6 328.3 326.5 326.8 328.6 328.4 327.3 325.5 321.7 318.6 312.1 306.3 300.3 294.1 290.3 286.7 283.6 281.1 278.7 276.4 274.5 272.5 270.6 267.7 264.7 262 257.9 253.7 249.6 244.8 239.5 232.9 226.3 221.6 215.5 209.4 208 206.8 201.6 199.2 199.6 199.1 197.7 197 193.5 183.9 179.8 175.8 178.4 183.7 193.2 190.8 191.5 179.8 169.5 166.7 174.2 190.6 190.9 188.9 187.9 190.6 192.7 193.6
363.2 359 354.9 352.8 351.4 350.7 350.5 352.1 352.1 351.1 347.5 343.1 339.2 335.6 331.9 328.6 326.4 326.5 325.7 325 324 321.2 318 314.9 309.2 303.6 298.1 293 289.2 285.7 282 279.6 277.1 274.6 272.4 270.5 267.6 264.5 261.3 257.2 252.8 248.4 243.5 238.2 233.2 227.2 220.9 210.5 209.2 207.6 204.9 198.8 198.3 198.3 198.5 198.9 198.1 194.3 183.4 178.2 172.2 171.9 172.5 191.9 191.4 190.6 179.1 165.4 181.7 180.4 195.4 192.9 192.6 190.9 191.5 193 194.4 195.4
363.1 359.3 355.2 353.5 351.1 350.2 349.9 351.2 352.1 350.6 347.5 343.6 339.9 335.7 332.1 327.9 325.7 324.1 322.4 321.7 320.7 317.8 314.8 311.5 307.3 301.8 296.4 291.9 287.1 283.6 280.1 278.1 275.5 273 270.4 267.3 264.4 261.4 257.5 252.7 248.3 243.6 237.9 232.4 227.6 220.9 213 208.6 208.8 207.7 198.9 198.4 198.4 198.6 198.5 198.4 198.4 187.9 180.2 174 172.6 181.1 183 181.1 173.5 165.2 178 189.9 196.5 195.8 195.1 194.5 193.9 193.4 193.1 194.4 195.9 199.4
362.5 358.8 354.9 352 349.3 349.3 349.3 349.6 350.6 349.7 346.1 342.5 338.6 335 331.3 327 324.8 322.9 321.8 319.8 317.6 314.6 311.7 308.5 304.7 300.1 295.1 290.2 285.3 281.2 277.8 275.9 274.2 271.7 268.2 264.6 261.7 258.4 254.1 248.9 244 238.8 232.8 228.1 223.3 214.8 211.1 208.9 209 206.9 198.3 198.2 198.5 198.8 198.8 198.6 197.4 184.1 180.2 173.2 180.7 185.7 169.5 173.5 180.3 186 190 196.5 196.6 197.2 196.1 195.5 195 195 194.4 196.5 204.6 215
361.6 357.7 353.7 350.2 348.5 348.5 348.5 348.3 347.7 346.8 343.6 339.9 336.4 332 328 325.9 323.9 321.6 320.5 319.3 317.3 312.8 309 306.8 302.5 298.2 293.5 288.6 283.7 279 275.7 273.3 271.7 269.6 265.8 261.9 258.7 255.3 250.8 245.4 240.1 234.5 230.1 224.6 218.5 213.4 210.1 209 209.2 205.2 198.1 198.3 198.6 198.9 199.1 199 195 184.1 180.1 173.4 183.1 188.2 188.7 187.6 183.1 191.2 193.9 196.9 196.7 197.4 197.4 196.3 196.2 196.1 196 203.8 222.3 222.5
358.9 355.3 351.6 348.7 347.5 346.9 346.3 345.6 345 343.4 340.4 337 333 328.7 325.2 322.2 321.3 320.5 319 317.6 316.8 312.6 307.4 305.2 300.7 296.6 292.2 287.1 282 278.1 273.6 269.7 267.2 265.3 261.4 257.7 255.2 251.7 246.3 239.7 235 230.4 228.8 225.2 213.9 212.1 210.3 209.4 209.9 203.6 197.8 198.4 199 199.2 199.3 200.6 188.7 184.3 181.8 173.3 184.1 189.7 189.8 186.9 191.6 193 195.2 196.2 196.7 197.1 197.2 196.9 197 196.9 196.7 201.3 222.5 223.3
356.2 353 349.7 346.7 344.9 344.3 343.6 342.9 341.4 339.7 336.9 333.4 329.5 325.3 322.7 320.5 319.5 318.6 317.1 315.9 314.4 311.3 306.1 301 297.4 293.4 289.3 285.3 280.5 276 271.4 267.5 263.7 261.1 257 253.7 250.7 245.4 239.9 234.6 230.8 230.4 229.6 223.5 212.2 211 209.4 208.8 209.4 203.5 198.7 199.1 199.5 199.6 200.1 198.8 189.4 183.9 183 172.8 187.8 191.3 189.8 187.9 193 198.5 197.3 197.7 197.5 197.8 197.8 197.5 197.5 197.7 197.7 199 216.5 222.4
