WholeMapElevations/data/nc/nc01_OST50GRID_20230518/NC01.asc
ncols 200
nrows 200
xllcorner 200000
yllcorner 910000
cellsize 50
[rows 152 to 189 of 200, columns 0 to 83 of 200]
77.9 78 80.6 76.1 75.9 69.1 59.9 59.3 59.3 61.3 65.4 66.6 63.7 64.1 65.2 65.5 61.6 51.7 46.1 42.5 37.3 33 25.8 19.5 14.6 9.1 4.3 4.3 4.3 4.3 4.3 5 7.3 8.9 9.2 8.8 9.2 7.4 4.3 4.3 5.7 10.8 14.6 17.1 14.4 14.1 18.5 24 28.5 30.5 32.3 33.7 33.2 33.2 33.5 35.8 36.7 38.7 45.5 50.8 55.6 58.2 59.9 59 56.5 54 46.7 45.2 42.6 41.6 37.9 37.5 34.7 35.9 33.8 31.9 24.1 24.1 24.1 24.1 24.1 24.1 24.1 24.1
79.5 79.9 79.1 78.2 78.5 79.4 65.6 59.3 59.3 59.3 66.4 70.2 70.6 67.5 65.9 66.5 68.2 57.5 47 43.1 39.2 33.6 27.7 22.6 15.5 9.8 4.7 4.3 4.3 4.3 4.3 4.3 4.3 5.9 6.8 7.8 7.2 4.3 4.3 4.3 4.4 10.3 16.9 21.5 21.9 18.8 20.7 24 30.2 31.5 32.9 34 34.6 34.6 34.6 35.6 37.3 43.1 47.3 51.4 56.4 60.1 60.3 58.9 56.7 54.2 50.7 48.8 45.9 44.7 41.6 41.7 39.3 40.1 37.4 33.5 24.3 24.1 24.1 24.1 24.1 24.1 24.1 24.1
81.5 86.7 86 82.1 78.9 74.9 67.5 60.2 59.3 60.7 65.8 74.3 77.1 77 70.9 67.8 67.4 65 54.2 43.3 41 36 29.8 23.6 17 11.4 6.8 4.3 4.3 4.3 4.3 4.3 4.3 4.3 4.3 5.3 4.3 4.3 4.3 4.3 4.3 8.8 16.3 23.2 24.8 24.1 25 28.1 32.4 33.8 34.7 34.4 35.1 35.3 35.6 36.3 38.6 46.1 48.2 53.2 57.6 59.2 58 57.7 56.2 53.8 49.8 49 47.1 45.2 44.9 44.3 43.1 40.1 34.2 29.3 26.2 24.1 24.1 24.1 24.1 24.1 24.1 24.1
87 91.1 93.7 93.5 90.7 77.4 70 68.5 65.6 63.9 72 80.6 88.5 85.1 81 75.9 69.2 67.3 58.1 43.6 41.2 37.7 33.3 27.4 19.3 12.1 7.3 4.3 4.3 4.3 4.3 4.3 4.3 4.3 4.3 4.3 4.3 4.3 4.3 4.3 4.3 8.6 14.4 21.1 26.1 26.1 28.2 31.6 34.2 35.4 36.5 36.8 36.7 36.5 37.3 37.8 40 44.4 46.9 52.2 57.2 57.5 56 54.1 50.8 47.2 47 47.4 46.8 46.4 45.9 48.1 45.5 41.5 37 31.3 24.9 24.1 24.1 24.1 24.1 24.1 24.1 24.1
93.6 98.1 101.8 101.5 92.4 83.3 76.9 77 79.1 74 76.6 83.7 93.8 99.6 94.6 85.3 75.5 67.7 64.1 56.9 41.1 38.1 35.3 31.2 26 16.8 8.3 4.3 4.3 4.3 4.3 4.3 4.3 4.3 4.3 4.3 4.3 4.3 4.3 4.3 4.3 7.7 13.4 20.4 24.4 27.5 30.2 35 37.4 37.7 39.5 41 40.9 40.4 40.3 39.9 39.9 40.7 45.2 50.1 52.1 55.5 53.6 50.4 47.4 46 45.7 45.8 47.2 47.8 48.1 51.5 48.4 44.4 39.3 33 24.3 24.1 24.1 24.1 24.1 24.1 24.1 24.1
99.1 105.8 114.7 107.3 93.1 87.2 82.6 82.6 85.3 84.6 81.9 85 95.9 105.9 110 102.1 85.3 79.6 71.9 64.7 50.7 38.4 35.3 33.4 29.4 22.6 12.2 5.3 4.3 4.3 4.3 4.3 4.3 4.3 4.3 4.3 4.3 4.3 4.3 4.3 4.3 8.2 12.9 19.3 24.9 26.8 30.9 36.5 41.1 42.7 41.6 42.7 43 42.5 42.3 42.6 42.3 41.1 45.4 50.4 52.5 52.5 50.8 48.5 46.6 45 44.8 45.3 47 47.4 50.7 51.4 48.8 43.4 37.3 28.3 24.1 24.1 24.1 24.1 24.1 24.1 24.1 24.1
109.4 121 127.1 122.9 108.1 96.2 89.7 88.9 90 91.9 94.4 90.9 97.2 111 120.9 112.7 98.6 89 83.9 71.9 61.2 41.1 34.2 33.3 32.5 27 18.8 9 4.3 4.3 4.3 4.3 4.3 4.3 4.3 4.3 4.3 4.3 4.3 4.3 4.3 6.2 12.3 19.5 25.8 30.6 32.8 36.8 41.5 45.2 46.2 45.9 45.4 46.1 44.6 45.1 45 46.5 50.3 51.7 53.3 52.8 51.1 49.2 45.4 44.2 44 44.5 44.6 43.4 49.2 50.3 46.9 42.1 35.9 25.3 24.1 24.1 24.1 24.1 24.1 24.1 24.1 24.1
122.9 141.3 151.2 156.5 129.5 111.3 99.1 97.1 98.9 101.4 102.6 96.4 99.6 113.7 122.5 116 104.1 96.4 93.8 84.6 66.4 48.1 34.8 31.5 30.5 30.3 24.8 15.1 6.6 4.3 4.3 4.3 4.3 4.3 4.3 4.3 4.3 4.3 4.3 4.3 4.3 6.1 12.4 18.8 24.7 31.3 35.6 37.8 41.3 47.1 48.5 50.7 50.2 48.6 47.3 46.4 46.4 49.4 54.3 57.3 57 54.5 54.9 50.7 45.8 45.1 44.7 44.9 44.7 42.8 43.1 46.1 42.5 38.8 34.2 26.6 24.1 24.1 24.1 24.1 24.1 24.1 24.1 24.1
126.8 147.5 161.8 165 139.4 118.5 105.2 101.9 107.8 108.1 99.4 96.2 98 114.7 124.6 114.1 108.1 101.9 98.1 89.9 76.3 57.2 39.8 30.4 28.1 28.6 28.6 20.6 11 4.3 4.3 4.3 4.3 4.3 4.3 4.3 4.3 4.3 4.3 4.3 4.3 5 12.1 19.4 22.8 29.6 34.6 38.2 41.6 47.2 51.5 54.9 56 54.1 51.6 47.9 48.8 53.8 59.7 62 61.6 59.4 55.6 51.4 47.1 45.7 47.2 45.8 46.3 42.6 41.1 41.4 40.5 37.1 32.3 30.4 24.9 24.1 24.1 24.1 24.1 24.1 24.1 24.1
130.2 140.5 159.6 163.8 137 119.2 107 104.3 110.9 101.1 94.9 94.9 94.9 111.3 119.5 116 110.8 106.8 103.2 97.8 83 66.5 44.2 33.9 26.4 25.3 25.7 22.1 14.5 8.4 4.3 4.3 4.3 4.3 4.3 4.3 4.3 4.3 4.3 4.3 4.3 4.3 10.4 18.9 22.4 27.1 32.3 37.2 42.8 47.6 54.7 58.5 60.2 59.7 56.7 54.1 54.6 58 62.1 64.3 65.1 60.7 56.5 52.6 49.2 48 49.3 48.3 47.7 43.2 41.1 40.1 39.8 37.3 31.7 30.1 29.3 24.1 24.1 24.1 24.1 24.1 24.1 24.1
135.1 139.7 153.6 156.3 129.7 117.4 106.4 106.9 103.9 94.9 94.9 94.9 97.2 109.1 114.5 114.5 111.6 109 106.8 105.5 96.6 80 58 36 25.8 20.9 20.1 20.2 15.9 9.9 5.9 4.3 4.3 4.3 4.3 4.3 4.3 4.3 4.3 4.3 4.3 4.3 8.7 15.5 19.7 24.5 30.3 36.1 42.3 48.6 55.6 61.4 63.1 63.8 63 61.4 59 62.4 66.6 65.4 66.2 62.3 58.1 51.1 49.8 50.1 49.8 49.5 49.2 46.7 42.7 38.4 36.9 36.9 30.5 27.9 26.1 24.1 24.1 24.1 24.1 24.1 24.1 24.1
131.8 134.4 145.8 150.1 126 112 103.3 100.6 97.7 94.9 94.9 94.9 102.9 108.8 112.4 112.6 112.1 110.9 110.2 109 100.4 88.7 73.7 46.7 33.4 19.7 15.9 15.1 14.2 12.2 8.1 4.3 4.3 4.3 4.3 4.3 4.3 4.3 4.3 4.3 4.3 4.3 6.9 12.5 18.9 23.1 28.4 36.1 42.8 49.3 57.1 62.3 65.9 67.1 66.4 66.1 66.3 67.7 71.7 70.9 69.4 67 63.9 56.4 50.9 49.7 50.2 50.6 50.2 49.7 43.9 36.6 34.5 37.5 32.5 24.6 24.1 24.1 24.1 24.1 24.1 24.1 24.1 24.1
124.4 131.8 146.3 137.5 122.5 108.2 101.9 101 101 94.9 94.9 94.9 106.5 113.5 113.7 114 114.7 114.7 113.3 112.6 103.1 94.3 81.8 55 39.3 25.9 14.9 11.9 10.5 9.4 8.2 4.6 4.3 4.3 4.3 4.3 4.3 4.3 4.3 4.3 4.3 4.3 4.8 10.2 17.7 22.9 29.4 36.2 42.3 49.5 56.5 62.1 66.6 69.2 69.7 69.5 70.1 72.1 74.8 76.8 72.9 71.8 69.8 63.9 53.4 51.9 53.9 52.7 54.1 51.5 45 36.2 34 32.3 26.1 24.1 24.1 24.1 24.1 24.1 24.1 24.1 24.1 24.1
120.6 132 142 127.8 117.2 105.1 100.8 100.6 97.1 94.9 94.9 94.9 106.6 113.3 113.5 114 112.8 115.1 115.7 113.5 105.7 96.7 86.6 62.1 46.7 31.7 19 11.3 9 7.4 6.6 7.6 5.3 4.4 4.3 4.3 4.3 4.3 4.3 4.3 4.3 4.3 4.3 8.8 15.3 24.6 30.5 36.5 43.4 50 56.2 62.2 66.5 69.6 71.8 72.3 73.1 74.7 75.1 76.9 75.8 74.3 74.4 74.1 67.2 54.6 55 56.6 56.1 55.3 50.5 40.5 34.6 31.8 24.1 24.1 24.1 24.1 24.1 24.1 24.1 24.1 24.1 24.1
118.4 130.3 132.3 119.2 109.1 101.6 98 96.1 94.9 94.9 94.9 97.4 104.8 110 113.6 113.7 110.8 110.9 113.5 116.3 113.3 100.5 88.6 70 52.5 38.5 25.3 12.5 8 5.5 5 5 7.4 7 4.9 4.3 4.3 4.3 4.3 4.3 4.3 4.3 4.3 8.6 14.5 23.7 30.8 36.9 44.1 50.2 56.2 61.4 66.1 69 71.7 74.4 75.9 76.3 76.8 77.6 77.8 76.2 75.7 73.6 70.4 59.9 59.5 62 62.7 59.1 53.1 46.6 41 37.2 30.4 24.1 24.1 24.1 24.1 24.1 24.1 24.1 24.1 24.7
123.6 135.9 129.1 114.6 105.5 98 96.8 95.1 94.9 94.9 96.9 100.9 104.4 106.3 111.6 120.5 107.2 106.8 106.3 111.9 112.8 106.5 92.7 75.3 60.1 43 28.2 16.5 7.3 5 5 5 5.2 8.3 7.2 5.7 4.3 4.3 4.3 4.3 4.3 4.3 4.3 8.3 12.3 19.6 29.8 38.4 45.2 51.1 56.2 60.9 65.2 68.6 71.7 74.9 77.2 78.1 79 79.8 80 78.6 78 76.2 72.6 68.5 67.8 68.8 66.6 64.6 57.4 51.9 49.7 47.9 42.1 34.8 31.6 25 24.1 24.1 24.1 25.8 27.5 26.1
132 134.3 122.5 111.6 102.5 98.2 98 96.4 97.2 101.6 99 101.9 102.8 102.8 107.4 110.8 104.3 101.7 100.2 103.8 109.8 103.7 91.7 79.6 61.8 48 34.2 19.3 8.6 5 5 5 5 7.7 8.8 8.3 6.8 6 4.7 4.3 4.3 4.7 6.5 8.8 10.9 19.5 27.3 37.2 46 51.9 56.5 60.8 64.6 68.2 71.6 74.8 77.5 80.1 81.4 82 82.6 81.3 80.6 78.6 77.2 76.7 75.3 74.5 74.4 69.8 63.7 56.1 55.4 56.1 55.5 49.3 43.2 38 33.6 24.1 24.1 26.1 31.3 31.1
129.3 130.6 117.5 107.5 100.2 98.9 101.5 98.3 95.9 103.7 99.4 98.9 98.3 98.7 101.1 105 102.6 99.5 97.8 97.3 99.5 96.3 86.9 76.9 65.1 54 36.9 21.7 10.6 5 5 5 5 5 8.5 10.3 9.7 7.9 5.1 4.3 4.3 7.1 8 10.5 12.6 17.7 27 36.9 44.8 50.9 56.5 60 63.6 67.1 71 74.3 77.4 80 82.6 83.9 84.5 85.5 87.3 83.5 81.4 82.7 83 84.2 82.5 77.1 70.1 64.1 59.5 58.7 59.1 60.1 54.1 43.8 40.6 34.9 26.9 24.1 29.5 31.5
134.2 126.9 113.8 105.3 99.4 99.2 101.2 95 94.9 99.7 96.8 94.6 93.9 93.4 94.7 98.5 103.7 97.8 95 93.8 94 92 81.4 74.5 63.5 54.6 41.5 25.7 11.7 5 5 5 5 5 5.3 8.7 11.4 10.1 6.3 4.3 5.2 7.3 9.6 12.1 14.5 18.3 24.3 33.4 40 51.4 55.4 59 62.6 66.6 69.6 73.2 76.7 79.8 82.7 84.9 86.4 87.3 87.9 88.2 86.3 88.2 91.3 92.9 91.2 85.3 78.2 71.5 63.1 61.3 62.4 65.4 62.4 51.6 43.6 38.7 29.7 24.8 26.8 29.6
135.1 121.3 111.2 104.5 100.2 105.6 99.2 93.9 94.6 94.7 92.9 92 91.1 90.1 90 94.2 98.5 96.4 92.4 90.9 91.4 89.3 79.2 66.6 59.8 52.7 42.1 26.9 13.2 5 5 5 5 5 5 6.5 11.2 10.5 8.3 5.3 4.9 8 9.1 12.6 17 20.2 25.1 30.4 37.6 47.5 51.9 57.8 62.8 66.1 69.2 71.9 75.5 78.8 81.9 85.1 86.8 88.4 88.7 89.5 91.1 92.9 95.4 98.6 98.8 94.4 90.5 82.4 73.8 63.2 62.9 65.5 62.3 54.3 47 42.6 34.5 28.2 28.4 29.7
128.4 118.8 113.8 105.5 102.5 103.4 97.4 93.9 94.6 93.9 92.1 91.2 89.5 88.7 87.9 88.6 96.3 95.6 90.6 88.5 86.7 84.1 76.2 66.9 57 49.3 41.2 28.1 13.7 5.4 5 5 5 5 5 5 7 10.4 8.7 6.9 5.3 8.4 10 11.7 15.4 19.2 26.4 32.3 38 41.6 45 51.9 62.1 66.6 69.1 71.4 74.4 77.7 81 84.2 87.1 89 89.7 91.2 92.5 95.3 98.4 101.4 103.6 100.9 97.3 90.7 81 68.1 66.5 68 64.5 58.4 49.6 44.2 39.6 37.6 33.7 33
128 119.7 113.9 105.6 101.8 99.6 95.1 96.1 92.7 92.1 92 90.8 88.6 86.6 85.4 85.6 89.5 94.4 88.2 86.4 81.5 77.9 72.5 66.7 58.7 47.3 37.9 27 15.1 6.7 5 5 5 5 5 5 5 6.1 5 5 6.3 9 11.1 13.8 17.4 21.3 25.9 35.9 43.4 51.1 58 51.3 60.6 66.2 67.3 70.9 73.9 76.9 80 83.2 86.3 88.9 91 92.4 93.8 95.4 99.5 102 105 104.4 101.9 96.9 88.2 70.6 74.4 74.9 72.9 64.5 55.4 45.6 42.9 40.6 42.8 39
127.9 119.4 111.3 105.6 102 99 97.9 102.6 97.6 92.3 92.2 91.7 89.9 87.5 86.6 85.5 84.1 86.3 85.5 84.5 78.4 74.8 69.5 65.2 57.8 46.4 36 27.9 16.3 8 5 5 5 5 5 5 5 5 5 5 7.9 10.9 11.5 15.3 18.4 22.5 27.7 37 44.7 53.2 60.6 62.5 57.2 61 63 70.1 74.5 77.2 79.6 82.2 85.2 88.3 91.2 93.3 94.7 97.3 99.1 102 105.3 105.4 102.9 99.6 94.3 76.2 79.5 83.2 82 74 64.9 61.6 60 55.5 51.7 48.9
127.6 118.8 111.2 104.1 105.2 103.6 103 107.2 104.2 94.1 92.4 92.3 90.4 88.4 86.4 85.2 85.1 84.8 84 82.5 73.2 67.9 63.7 56.1 50.7 40.7 33.6 27.5 18.7 9.2 5 5 5 5 5 5 5 5 5 5 5.3 10.1 14.5 17.7 20.7 24.6 30.4 37.5 45.2 53.6 62.3 66.6 68.1 68.6 70.9 69.3 75.2 77.6 80 82.4 84.8 87.6 90.6 93.3 95.3 97.3 99.3 101.3 103.6 105.4 105.1 101.2 93.7 83 85.4 86.9 88.5 88.4 78.4 73.2 73.9 70.3 61.5 55.4
127.3 119.4 112.5 104.7 104.6 106.8 105.6 109.2 107.1 98.3 93.4 92.7 91.5 91 88.2 84.9 85 85.3 84.6 75.5 66.8 63.5 58.2 48.9 42 37.2 31.9 28 19.4 11.1 5 5 5 5 5 5 5 5 5 5 5.9 9.7 14.7 19.3 22.8 27.8 31.6 39.3 45.9 53.4 62 68.1 71.9 74 75 74.2 74 78.9 80.7 82.7 85.2 87.6 90 92.7 95 97 99 101 102.3 103 103.7 103.6 94.3 87.2 91 95.9 94.4 91.9 91.4 89.7 79.8 76.6 70 66.7
127.2 120.9 112.8 106.1 105.4 108 108.7 111.2 108.9 100.8 95.9 94.9 93.8 93.1 94.2 91.8 85.1 86 86.1 81.3 67.8 60.8 51 42.2 35.8 33.2 31.5 28.2 23.1 11.7 5 5 5 5 5 5 5 5 5 5 5 8.5 14.2 19.9 24.2 28.5 33.1 40.7 48 54.7 61.6 67.8 71.2 75 77.7 78.9 75.7 80.9 82.6 84.2 86.2 87.8 89.9 92 94.6 96.7 98.7 100.7 101.3 102.4 103.5 101.9 98.9 96.5 99 99.7 101.4 100.2 99.6 96.1 91 80 76.5 73.8
129.3 122.4 112.2 105.9 105.8 108.1 112.4 112.2 109.5 102.9 97.9 97.9 95.2 94.7 98.3 100.4 89.8 84.7 84.4 81 67 56.6 42.1 36.6 33.4 33.1 31.5 28.4 23.2 14.1 5 5 5 5 5 5 5 5 5 5 5 8.1 13.9 20.1 24 31.2 36.8 39.2 49 55.5 60.8 67 71.1 75 77.7 81.1 82.3 78.7 84 85.9 87.7 89.3 90.8 92.4 94.1 96.3 98.4 100.5 101.4 103 103.7 103.5 103.6 106.3 105.4 106.4 105.3 106.1 105.5 100.4 93.4 88.4 86.2 79.4
130.7 120.8 113.3 106.7 106.4 109.1 113.2 109.2 107 103.2 103 101.7 98.5 97.5 98.5 104.3 92.5 82.5 82.6 80.8 68.1 51.5 39.4 34.9 32.6 32.3 31.2 28.1 24.9 18.4 6.4 5 5 5 5 5 5 5 5 5 5 7.8 12.1 18.6 24.1 31.9 37.3 40.8 49.4 56.6 61.9 67.1 71.6 75 78.6 82.5 84.7 85.3 83.6 87.4 89.2 90.8 92.3 93.8 95.4 96.7 99 100.7 102.2 103.4 104.9 104.9 105.9 109.4 113.8 111.3 108.9 107.4 106.9 106.1 98.8 92.4 89.4 88.9
136.6 124.1 116.6 108 106.8 107.7 112.3 108.9 106.5 106.5 106.5 106.9 107.6 102.5 101.4 100.2 91 81 80.8 79 65.3 49.2 35.9 31.4 31.5 31.7 32.1 30.1 26.2 20.7 11.2 5 5 5 5 5 5 5 5 5 5 5.3 11.6 17 24 29.9 35.1 41.8 50 56.8 62.3 67.4 71.8 76 79.8 83.7 86.9 88.4 87.5 89 90.6 92.2 93.7 95.2 96.6 97.8 99.5 101 102.4 103.8 105.5 106.9 109.3 111.5 114 116.4 111.6 108.8 107.4 105.7 99 96.8 94.1 91.4
141.5 124.9 118 110.5 107.5 109.6 113.8 111.6 107.7 107.1 108.4 110.9 114.2 112.3 104.6 98.3 88.1 78.5 79.9 77 62.8 47.8 33.9 29.4 30.8 32.6 33.3 32.2 28.4 23.9 13.1 5 5 5 5 5 5 5 5 5 5 5 9.2 16.7 23.8 30.5 35.8 41.7 47.3 55.8 62.6 67.3 72.2 77.1 81.1 85.1 88.9 90.9 91.4 88.6 92.5 93.5 95 96.4 97.7 98.8 100.3 102.2 104.1 105.7 108.4 109.8 111.1 113.5 115.5 116.2 115.1 111.7 108.7 105 100.4 98.3 95.4 93.8
136.4 127.3 123.8 112.5 109.1 109 114.2 110.2 109.2 109.3 110.6 116.9 117.2 120.5 108.2 97.3 83.9 75.9 72.5 70.8 61 46.5 32.9 29 29.7 35.1 34.7 33.3 30.7 27 20.2 6.6 5 5 5 5 5 5 5 5 5 5 6.9 15.2 22.8 28.5 34.9 41.4 47.9 55.1 62.8 67.2 71.7 76 81.5 86.7 90.4 92.8 94.7 95.3 93.3 94.9 96.2 97.4 98.6 99.8 101.4 103.4 105.5 107.5 109.3 111.1 113 114.1 115.5 116.1 116.7 115.4 111.2 105.6 103.6 101.3 96.8 94.9
138 128.6 130.4 113.7 109.1 109.1 108.3 108.4 111.5 111.9 112.9 120.9 120.6 119 109.1 93.6 81.9 74.1 67.5 64.1 55.7 44.3 32.3 29.2 29.8 36.2 36.2 34.4 31.6 30.3 24 13.3 5 5 5 5 5 5 5 5 5 5 5 12.7 21.5 28.8 34 41.1 46.8 54.1 62.1 67.5 71.7 75.3 80.2 85.8 91.1 94.9 96.6 97.7 97.7 95.7 98.1 98.7 99.9 101.5 102.9 105 107.1 109.2 110.4 112 113.8 115.5 117 117.9 119.6 120.2 115 108 106.4 102.8 98.6 93
135.3 126.6 123.6 112.2 109.1 109.1 109.1 109.1 111.3 114 113.6 122.2 120.9 119.2 109.4 94.9 83 73.3 66.6 58.4 50.8 43.4 31.2 27.1 31.3 36.4 38.9 37.2 35 32.4 27.8 19.7 9.3 5 5 5 5 5 5 5 5 5 5 10.4 18.1 26.3 33.2 41.3 47 51.1 59.6 66.4 71.5 75.3 79 84.1 89.8 95 98.5 100.7 101 99.7 99.5 100.7 102.2 102.8 104.5 106.3 108.5 110.9 112.2 114 115.3 116.9 118.8 119.8 121 120.9 118.9 114.9 108.8 104.8 101.2 92.6
133.4 127 119.7 112.6 109.1 109.1 109.1 109.1 109.1 111 112.9 120.1 122.2 123.5 111.3 95.5 83.1 73.3 66.6 57.3 48.3 38.2 29.7 26.4 31.9 36.9 38.6 39.4 38.5 35.2 31.8 24.8 11.7 5 5 5 5 5 5 5 5 5 5 8.6 15.3 23 32.5 39.9 46.3 51.6 56.6 64.8 70.2 75.4 79.1 83.2 87.8 93.1 98.4 101.8 103.7 102.9 99.9 103.5 104.1 104.7 106.1 107.9 109.7 112 114.5 116 116.9 118.6 120.7 121.7 123 123 123.3 120.3 115.9 110.4 104.9 96.9
136.7 130.7 120.6 114.1 109.4 108.5 108.6 109.9 110.2 110.8 111.8 113.8 121.7 124.3 113.4 97 84.6 75.4 66.5 56.5 46.1 37.3 28.5 24.3 29.6 35.3 38.1 39 40 39.7 33.8 29.2 21.5 8.3 5 5 5 5 5 5 5 5 5 5.6 15 23.5 31 35.7 45.5 52.1 57 60 67.5 73.5 78.5 82.6 87.3 92.1 96.9 101.7 104.1 105.3 105.2 104.1 106.4 107.1 108.1 109.7 111.5 113.1 115.7 118 119.6 121.1 122.3 123.6 125.9 127.5 129 126.5 122.3 119.3 115.9 106.5
138.1 133.9 123.6 115.6 114.5 114.2 115.1 114.4 111.6 112.5 111.5 113.9 118.2 121.4 113.4 96.3 82.2 77.6 67.7 57 46.8 36.7 26.5 22.4 28.9 33.3 36.3 39 40.7 41.5 37.8 32.1 25.6 14.1 5 5 5 5 5 5 5 5 5 5.9 13.4 21 27.9 34.4 41.5 50.4 54.9 59.8 63.4 69.1 76.8 82 86.8 91.4 95.9 100.1 104.3 107.2 107.7 105.6 107.5 109.6 110.5 111.3 112.7 114.5 116.7 119.3 121.8 123.4 123.9 125.5 128.4 130.9 132.6 130.8 130.4 127 123.9 120.9
141.5 138.7 128.9 119.9 122.6 123.7 122.6 120.5 114.6 110 109.9 117.3 117.5 117.4 108.8 95.9 82.2 76.7 69.3 56.8 45.7 36.1 26.2 21.7 26.4 32.2 37.5 40 41.3 42.2 42.9 35 28.2 20.3 9.2 5 5 5 5 5 5 5 5 6.1 13.5 19.3 26.7 33.4 40.4 47.6 54.3 60.5 64.4 67.6 73.2 80.3 85.5 90.1 94.4 98.9 103.6 107 109.7 110.8 109.9 110.9 112.2 113 114 116 118 120 122.8 125.4 127.2 128.3 130.4 132.8 136.6 136.6 135.7 133.9 129.7 128
146.1 143.9 132.5 124.8 129 135.2 127.5 123.8 114.9 108.3 107.9 114 117.7 111.7 106.1 96.8 81.2 72.7 65.4 56.3 44.7 34.6 25.4 20.2 25.7 31.9 37.3 40.8 42.2 43.6 42.8 37.9 30.2 22.2 14.4 7.5 5 5 5 5 5 5 5 8.2 11.6 19 25.9 32.2 38.4 44.3 51.3 58.8 63.7 68.1 72 77.6 83.8 88.7 93.4 98.2 102.9 106.5 110.3 112.2 112.7 111.9 114 114.8 115.6 117.4 119.4 121.4 123.5 126.5 129.2 131.2 132.2 134.6 136.1 136.6 136.7 137.2 133.3 130.3
