UK/data/no/no07_OST50GRID_20230518/NO07.asc
ncols 200
nrows 200
xllcorner 300000
yllcorner 770000
cellsize 50
[rows 70 to 104 of 200, columns 0 to 77 of 200]
583.5 584.7 591.6 594.6 596.6 602.2 615 614.9 616.4 619.4 623.3 625.5 624.3 633.9 627.4 625.4 618.8 609.1 601.4 595.3 586.8 582.7 578.7 574.4 584.8 586.2 590.1 594.1 607.8 609.3 617 625 624 630.5 644.5 650.2 655 659.6 664.3 660.3 665.3 670.4 674.7 672.3 674.4 674.9 676.8 676.9 688.2 691.7 707.2 722.3 738.3 751.9 758.6 765.9 773.3 781.2 788.3 801.1 813.7 831.9 843 850.2 853.6 852.4 846.3 837.4 824 803.6 784.8 766.9 750.1 728.2 713.7 704.5 697.1 690.4
592.6 595.4 597.9 599.7 601.3 608.2 613.6 616.4 621.1 628.4 633.1 634.3 634.3 636.4 637.5 635.9 626.9 617.1 610.7 604.5 596.2 589.6 584.5 583.2 576 589.1 591 599.7 601.6 607.1 612.1 624.9 618.5 624.9 634 636 641.9 647 650.1 651.7 663 665.9 665.5 668.4 670.2 667.8 669.7 674.5 686.7 691.7 705.1 723 735.9 747.1 749.3 755.7 762 770.1 775.2 785.6 796.8 809.4 821.1 832.8 830.2 829 822.9 810.4 798.1 778.9 763.6 748.6 729.7 713.9 701.2 693.9 687.4 690.5
591.1 594.1 598 601.3 604.7 618.1 623.1 621.4 627.3 632.3 636.5 638.3 639.5 636.3 642.4 641.9 631.4 626.6 620.6 614.9 608.1 599.5 594.2 589.6 582 582.8 583.4 599.6 596.6 609.6 604.5 612.7 613.3 620.1 623.4 622.5 630.1 634.9 638.8 645.4 654.3 657.4 660.6 664.4 664.9 661.5 662.5 669.4 681.6 688.5 703.8 719.1 727.6 734.2 739.5 744.2 749.5 755.3 760.7 769.2 779.6 788.1 798.3 800.3 798.6 794.8 785.1 777 764.6 751.7 738.8 725.7 712.6 701.9 691.3 686.9 689.4 693.5
591.3 595.1 599.1 601.7 603.6 623.3 635.2 636.3 634.2 635.1 640.8 643.1 644.9 650.5 652.5 648.3 640 636.6 631 625 616.9 610.7 603.4 593.3 596.8 596.5 595.5 600.1 588.7 597.7 599.5 601.9 607.1 611 613.3 617.1 624.7 630.5 635.8 641.6 652.8 657.3 658.5 662.7 658.6 656.5 658.9 667.7 680.5 678.7 693.3 705.2 716 722.6 727.9 733.5 738.6 740.6 743.8 749.6 762 772.4 778.6 780.7 778.5 773.6 765.7 755.4 742.5 730 719.4 710.2 699.5 689.9 684.7 684.9 692.3 698
583.8 593.5 599.2 601 605 623.8 635.6 642.9 647.2 647.5 647.9 651.9 662.7 666.7 661.3 652.4 645.9 644.1 641.2 635.1 626.7 618.7 609.5 605.4 598.4 599.7 601.5 606.4 615.2 602.6 600.6 606.4 606 606.5 609.5 613.3 616.7 622.9 627.4 637.9 644.9 649.9 650.2 655.4 651.5 645.2 652.6 660.8 675.7 672.1 679.2 693.2 700.4 703.8 710.9 717.6 720.1 725.6 730 737.2 743.6 754.3 759.3 761.1 761 758.5 751.4 740.8 727 714.5 708 700.3 688.5 682.5 683.1 687.6 696 704.5
585.6 593.2 596.1 598.9 600.7 616 638.1 646.2 654 653.5 652.1 659.5 675.1 670.5 666.2 656.4 652.7 651 647.2 642 637.1 627 622.6 614.8 606.6 607.2 608.1 610.8 615.5 612.6 595.8 607.9 611.1 608.6 609.5 611.4 615.1 619.2 624.5 630.9 637.4 639.3 638.2 644 642.8 640 639.6 643.6 651.1 657.9 668 680.6 687.3 693.6 701.3 703.5 704.7 712.7 719.4 724 729.9 735.6 741.2 743.9 747.2 746 733.1 720.4 709.4 704.6 697.2 687.3 679.8 681 685.7 692.6 701.7 711.5
577.2 580.7 586.2 592.5 598.4 607.9 625.2 643.9 659.9 655.6 650.8 658.1 669.6 669.9 667.6 658.6 659.3 658.2 654.3 648.2 643.2 633.2 634.2 627.7 619.6 619.3 617 618.6 616.2 608.8 598.1 599.4 602 607.5 609.9 615 615 616.1 620 627.2 624.4 628.5 631 631.3 634.2 636 637.4 641.7 645.7 648.8 651.1 660.5 668.3 676.3 683 681.8 687.8 697.6 701.6 706.5 713.4 718.7 725.1 726.2 730.6 724.9 710.4 703.1 696.8 693 684.1 678.7 678.7 683.8 690.7 699.2 710.8 721.9
578.8 582.1 590.2 597.7 599.1 605.1 617.2 632.6 650.9 654.9 647 654.4 660.4 662.4 666.4 663.9 664.6 664.5 660.5 654 648.2 645.7 645 640.9 634.7 634.4 629.1 627.6 620.4 613.7 609.8 603.2 601.8 603 604.9 605 606.6 610.4 625.3 628.7 630 633 631.2 631.8 637.1 638.6 639.1 640.1 642.9 646.4 647.6 655.4 656.8 659.5 662.6 668.5 673.9 679.9 685.5 690.9 694.5 696.9 702.8 705.5 706.6 701.9 701.1 690.7 688 679.2 676.4 679.6 685.8 691.6 699.8 709.2 719.7 731.5
593.4 590.1 589.6 596.1 600.8 604 610.9 621.6 634.9 641 641.3 656.9 659.7 657 661.2 666.9 669.5 670.1 667.2 661.5 659.9 656.2 654.9 652.5 648.4 644.3 639.5 640.2 632.9 625.6 619.4 615.4 609.9 603.6 605.1 606.9 609 609.9 612.7 616.1 630.9 630.3 627.5 638.2 642.4 644.6 644.3 643.3 644.9 647 647.4 649.9 652.2 653.7 656.2 660.1 664.2 671.4 674.3 677.7 682 685.5 689.1 693.2 699.5 693.7 687.1 682.5 676.4 674.2 679 686.3 693.5 700.3 708.9 719 731.8 743.5
596 594.1 601.4 608.2 609.4 605.4 609.6 608.7 618.8 626.2 634.1 653.6 658.7 653.7 664.2 664.8 673.4 674.6 671.5 668 666 664.5 663.7 661.2 661 656.8 652.5 650 643.7 637.3 628.7 623.3 620.8 617.2 617.6 614.8 617.4 612 613.4 616.6 615.8 620.1 622.7 633 638.2 640.7 640.2 640.3 640.7 644.8 645.8 646.4 646.3 648.4 653.6 653.7 656.8 660.7 664.3 666.8 670.6 671.1 676.4 679.8 681.2 680.8 675.5 671.3 674.3 679.2 686.3 696.5 704.5 711.5 720.1 730.1 745.6 755
593.7 602.5 609 611.3 613.4 615 613.1 615.5 615.9 617.9 628.3 642.1 646.3 652.1 665.7 664.6 672.1 674.7 674.4 675.2 673.2 675.3 676.7 676.3 672.7 671 666.9 662.7 655.2 651.1 643.5 638.7 635.5 631.1 626 622.8 619.3 619.3 618.2 618 622.7 618.3 618.6 623.5 628.5 630.6 629.3 631.8 635.9 640.3 640.8 639.3 640.2 644.3 646.9 650.5 652.5 656 655.5 659.5 662.3 663 668.6 672.2 677.8 668.8 668.5 671.9 684.4 689.7 701.9 710.9 715.4 723.8 735.7 749.2 762.4 775.4
596.6 606.7 613.3 615.3 618.2 620 619.6 621.4 624.4 625.4 634.7 638.2 641.5 652.8 662.9 662 666.5 671.1 677.4 680.7 680.1 682.7 684 686 687.8 684.5 681.4 676.4 669.9 664.4 657.1 651.9 643.6 637.8 635.1 633.6 631 625.8 624 624.9 623.6 623.4 622.1 622 623.5 630.6 633.3 630.7 632.6 636.1 636.1 640.2 649.7 642.4 644.9 646.1 647 653.4 652.6 653.5 656.4 660.4 663.7 666.2 666.8 673.1 679.5 689.8 698.3 706.4 715.3 722.5 732.1 742.5 753.6 768.5 780 792.6
597.6 612.3 618.9 627.2 630.5 632.2 631.9 625 628.8 631.5 639.4 645.6 648.6 649.3 658.1 661.9 666.8 673.6 681.3 684.5 688.1 692.1 697.1 698.9 702.8 704.7 699.9 698.9 687.7 679.5 671.8 662.9 654.9 648.9 646.9 644.6 642.4 640.1 637.7 634.1 631.2 629.2 624.5 626.8 633.2 632.8 635.9 636.6 636.3 637.7 640.1 639 647.3 646.5 648.9 650.9 649.4 649.5 651.3 656.6 660.5 666.7 664.8 672.8 677 684.4 689.4 699.3 710.8 717.4 727.9 737.6 749.8 760.1 771.8 783.4 797.4 810.6
602.1 614.6 624.6 631.4 637.7 641.7 639.9 636.2 631 638 641.3 647.8 653.9 659.3 662.2 665 669.6 677.9 681.9 691.7 695.6 701.1 709 714.8 719.4 720.9 721.6 717.9 710.1 697.9 690.2 680 668.8 661.7 650.8 654.4 653.4 653.4 649.3 643.7 642.8 641 635.8 631.9 635.4 639.8 641.2 641.4 641.2 641.8 644 645 642.7 649.9 651 651.6 652.6 652.8 654.9 661.4 663.8 669 677.7 690.1 691.4 693.5 704.5 715.6 727.6 736.5 742.1 750.9 763.8 777.2 789.2 802.6 815.9 833.2
609.4 615.5 623.2 633.2 642.2 649.1 646.4 637.7 632.7 638.2 648 655.8 657 658.8 665.3 666.8 674.3 682.4 689.7 701.6 705.4 711.4 718.9 728.2 734.3 736.4 737 734 731.6 722.5 710.8 700.3 687.7 677.8 669.9 667.7 664 662 658.1 654.2 651.4 649.4 646.9 645.4 644.8 646 646.2 647.9 650.8 649.4 650.7 650.8 649.8 647.9 650.4 652.4 653.1 654.8 658.4 662.7 666.4 673.9 683.2 692.1 698.3 707.6 722.1 734 746.1 755.7 758.6 765.6 778.2 791.2 806.9 824.6 840.5 857.9
613.2 619.7 623.5 627.7 638.3 654.6 652.3 639.8 634.7 643.3 653.4 656.7 659.9 665.2 668.1 676.1 686.8 695.3 705.7 713.2 721.5 725 732.3 741.1 748.8 751.7 752.3 747.7 746.6 741.9 729.4 720.5 710.8 691.3 690.3 685.2 678.8 673.6 667.9 664.7 661.4 658.6 656 654.3 653.3 651.9 650.8 651.3 654.7 655.1 656.7 657.4 656.7 652.2 648.9 651 653.5 655.3 661.4 665.9 671.8 681.1 692.5 701.5 714.6 728 739.7 752.4 765.5 775.3 779.6 785 793.6 811.5 830.3 850.7 868.8 884.2
614.6 620.3 627.9 632.6 635.2 655.4 659.7 638.4 636.4 643.9 651.9 662.5 675.2 681.8 683.4 691.4 701.8 713.8 722.7 727.5 731.5 741.5 748.6 756.5 764.2 767.7 766.6 762.4 757.8 752.6 741.1 731.3 723.5 717.2 713.2 707.8 701.5 694.4 685 677.6 674 671.2 668.4 664.9 663.6 663.4 661.2 660.2 660.2 660.4 661.2 662.6 661.7 657.1 651.9 652.2 654.4 658.8 663.2 668.4 679.3 694.1 709.6 721.5 738.8 752.5 762.4 773.5 783.2 794.7 801.6 805.6 819.9 836.9 853.6 868.3 880.3 887.1
615.6 619.5 627.8 637.3 635.8 646.8 655.2 636.9 636.1 644.3 650.5 670.3 684.5 691.6 701 708.3 714.9 732.9 748.1 750.2 747.2 759.4 765.1 771 777.9 777.9 776.1 769.5 765.1 758.3 746.9 737.7 733 730 730.9 728.6 723.8 715.6 704.5 694.9 686.8 682.2 680.2 679.1 677.1 676.3 671.9 672 669 668.2 668.1 668 667.2 663.4 659.2 658.2 660 666 673.2 681.2 695.3 708.8 724.1 741.9 760.2 777.9 789.2 799.3 809.9 821.1 830.1 838.3 851.3 859.2 860.7 859.7 869.2 874.3
620.6 622.3 630.2 639 639.2 637.6 643.6 633.2 634.6 643 649.7 669 687.4 688.6 713.8 723.2 728.5 743.3 760.2 768.2 775.9 780.1 779.5 781 785.3 788.3 785.6 777.1 765.5 762.1 751.2 743.2 742.4 743.6 746.3 746.9 744.8 738 725.3 714.6 707.3 697.7 692.7 691.2 690.5 688.5 685.4 684.1 681.6 680.2 678.9 677 676.4 671.8 666.1 667.7 670.3 677.9 687.4 696.8 709.1 722.5 743.1 761.6 777.2 805.1 820.2 832.2 842.2 851.6 855.7 860.9 864.6 865.9 849.9 845.5 855.7 855
622.9 624.4 628.8 634.7 637.9 634.7 636.8 630.9 631.8 635.6 642.7 663.8 680.4 688.5 721.1 726 727.8 740.4 762.2 777.5 790.4 797.4 793.8 790.6 791 790.6 785.4 777.7 769.4 765.7 756.2 753.2 749.4 754.8 760 765 763.2 756.5 744.8 734.9 727.7 719.1 714.4 708.8 705.7 702.5 701.7 697.1 696.4 695.4 694 691.4 687 682.4 677 677 681.5 691.8 701.8 710.7 724.3 742.4 760 784.3 806.3 831.9 848.6 858.5 862.8 863.5 866.6 866.8 858.8 843.3 841.5 839.6 844.8 843
625.2 624.5 626.5 631.1 631.5 631.3 630.2 629.6 629.6 632.2 638.4 660.4 662.1 685.7 713.7 722.4 715.6 735.7 753.2 771.7 792 806 807.5 804.3 798.4 791.7 785 779.4 776.4 772.3 760.3 759.5 761.7 761 768.8 775.2 781.5 780.6 770.6 760.6 751.1 742 737.2 731.9 728.6 725.5 721.4 718.1 718.2 715.9 709.5 705.7 701.1 696.6 690.7 690.7 696.9 706.7 716.2 730 739.9 759.7 785 809.5 829.7 842.6 849 854.1 862.4 862.7 863.5 858.4 853.1 845.8 840.1 832.2 834.4 833.4
626.8 625.9 625.3 626 626 631.5 629 630.5 631.3 634.3 636.3 642.9 643.6 670.3 704.4 702.3 696 721 738.8 759.9 787.3 800.5 806.9 808.3 807.2 799 789.1 785.3 781.8 774.6 764.8 764.4 766.1 770 779.2 792.1 800.2 802.8 795.5 788.3 779.2 771.7 764.6 760 755.5 749.9 744.3 739.5 738.1 737.7 729.8 724.8 720.4 714.9 710 711.2 716.6 726.6 738.5 751.4 764.7 787.2 808.6 818 831.4 835 844.5 854.3 855.3 858.1 862 861 853.9 845.8 839 829.4 826.1 822.8
631.2 629.7 628.2 625.7 628.6 632.3 636.8 632.3 635.2 640.4 639.7 638.3 637.9 661.1 677.9 688.1 677.6 689.1 717.3 742.2 769.9 786.9 798.1 804.3 805.5 802.6 796.9 789.4 782.5 778.4 776.3 775.8 779.7 781.1 790.1 804.9 811.5 815.5 812.7 808.9 802 792.3 784.7 779.3 776 774.4 774.1 768.2 764.4 760.6 755.4 746.9 743.7 740.1 732.9 733.5 741.4 751.4 764.2 776.9 791 808.3 816.7 823.8 828.2 835.1 841.8 844.8 850.7 853.3 858.7 856.2 852.5 844.7 837.7 829.1 818.5 818.5
635.4 635.7 636.4 633.8 631.5 633.7 642.1 640.5 640.7 645.5 646.9 640.3 636.8 644.7 656.3 653.1 657.1 665.1 693.8 722.6 749.2 775.4 789.7 797.6 807.9 808.6 803.2 801.9 797.7 792 790.9 786.8 788.8 794.6 795 806.2 816.1 821.5 821.3 822.5 818.2 812.5 808.8 805.3 799.3 795.9 798 798.7 797.8 791.4 783.1 775.3 769.9 767.7 761.3 756.3 762.5 780 794.9 803.7 811.7 817.6 820.4 824.1 818.6 826.4 833.3 833.4 833.1 842 852.1 854.7 851.1 845.6 836.9 823.3 816 816.4
638 643.1 644.6 644.9 642.8 642.7 643.7 645.7 643.2 645.2 650.2 647 638.5 636.4 634.1 625.9 629 652.2 679.1 698.1 737 755.1 775.8 788.9 800.9 809.1 806.9 809.2 806.1 803.6 800 793.9 794.9 805 804.8 809.1 814.5 827.7 826.9 826.9 827.8 824.5 817 814.3 811.2 810.8 809.6 810.7 816.9 812.3 804.3 796.4 788.9 784.5 775.9 769.2 776.9 789.7 804.5 812.3 821.3 824.5 822.9 817.9 807.8 807.2 815.5 816.9 821.5 830.8 847.3 853.9 852.5 845.9 837.2 821.8 817.7 815.5
640.3 645.6 651.2 651.9 650.6 649.1 647.9 648.2 647.6 647.3 647.6 649 645.3 642.8 641.7 623.4 623.5 638.3 673.7 681.4 715.6 735.7 758.1 775.7 779.5 792.1 804.6 808.8 815.9 810.6 807.2 803.6 806.1 808.8 814.8 818.3 822.6 826.1 836.2 840.7 831.8 831.5 824.1 816.1 816.1 818.9 820.9 817.8 817.8 815.8 814.5 811.3 803.1 797.9 794.2 779.1 783.5 797.3 810.7 821.5 828.2 829.5 821.7 811.1 798.5 794.8 803.2 807.7 809.2 824.2 837.8 847.7 851.6 846.1 837.1 826.4 811 812.3
640.6 646.6 653.9 658.1 659.2 657.7 654.2 650.3 650.3 652.9 650.3 649.9 649.7 650.1 648.1 628.6 622.5 629 661.2 673.1 682.3 721.4 738.2 761.4 765.5 777 798.6 808.7 815.8 813.8 814.1 813.8 812.6 816.1 817.1 822.3 822.7 833 828.6 837.6 826.1 822.4 817.6 817.1 822.5 827.4 824 820.9 825.3 827.6 818.6 815.6 814.8 808.7 800.9 783.2 788.5 802.3 814.5 825.3 830.2 829.8 820.1 811.4 796.1 788.5 788.8 792.2 800.6 817.2 831.5 845.3 848.5 846.1 838.9 827.4 817.7 802
640.5 646.7 653.9 663.5 666.7 667.2 663.7 659.5 653.5 654.9 655.2 652.7 652.4 655.3 651.9 639.3 624.5 620 640.3 651.2 665.6 689.6 711.7 729.3 755.8 766.3 792.7 807.2 812 815.3 820.3 822.8 824.9 824.8 825.3 832 834 836.1 823.3 817.4 816 814.2 810.4 814.3 814.3 820.5 826.5 820.7 824.9 826 824.4 821 819.8 808 793.8 788.8 790.7 802 814.4 826 829.1 833.5 824.1 811.8 801.1 785 785.4 785.6 796 810.6 824.2 841.1 848.9 846.1 841.4 831.6 819.1 808.4
637.7 644.9 653.2 664.6 673 676.5 672.6 669.6 662 659.2 659.4 660.4 658.7 663.3 659 646.3 628.6 619.7 625 640.9 652 665 684.2 711.8 734.2 752 781.6 804.1 820.2 825.1 829.8 834.5 835.1 844.5 841.5 842.9 844.5 842.5 834 809.4 806.6 809 803.6 805.3 807.6 808.5 815.7 822.6 825.8 827.2 826.1 820.5 816 808.2 795.1 787.7 789.8 802.3 812.1 820.6 829.9 835.9 827.9 812.9 801.8 785.6 778.8 786.6 790.9 804.5 817.2 832.5 843.4 845 843.1 835.5 821.9 810.4
632.7 641.2 651.1 664.2 674.1 683.1 685 681.5 674.3 666.9 665.4 664.8 664.1 671.1 670.3 651.9 635 621.6 616.7 627.5 636.3 650.2 670.2 693.5 714.5 740.6 776.3 802.8 822 832.6 836.2 840.5 844.1 853.7 852.9 851.6 849 847.5 833.3 811.2 792.2 800.1 793.9 798.5 799 803.1 812.4 821.7 823.9 822.6 820.3 814.2 813.5 804.8 794 784.8 786.1 799.7 809.7 818.3 828.1 833.8 830.1 818.2 801 785.9 776.1 777.3 784.7 795.9 811.1 825.9 838.9 843 842.4 838.2 827.9 814.1
632.3 641.6 650.3 662 673.2 684.4 694.8 694 690.4 683.8 674.1 671.4 664.4 669.5 664.9 658.2 639.5 622.6 608.6 615.4 625.6 642.1 662.5 681.6 704.1 731.2 759.5 789.2 821.8 837.2 847.7 856.4 851.5 851.9 855.5 850.2 843.5 835.7 821.2 795.7 778.7 785 782.4 782.6 790.2 799.1 810.4 816.8 818.6 820.9 816 805.7 805 797.3 784 776.7 782.6 796.9 808 817.8 827.8 832.7 833 820.9 801.5 785.8 775.5 778.2 780 792.1 802.3 814.7 822.2 833.4 839.9 839.2 833.9 823.3
636.4 643 646.6 656.8 671.9 682 697.2 706.6 703.5 698.2 692.6 676.5 660.2 655.2 658.9 649.3 644.3 621.9 605.1 609.8 622.1 639.6 659.5 676.8 695.6 725.1 750.5 773.1 809.9 838.9 844.7 852.9 852.9 846.7 845.1 837.3 818.9 804.6 788.9 787.5 766.2 769.5 779.3 777.1 784 793.2 804.2 811.8 813.1 807.9 805.4 797 792.6 784.2 776.3 769.8 779.8 795.3 805.6 816.7 825.8 830.7 829.6 821 804.1 786.7 771.6 768.8 774.8 786.3 795.9 800.3 809.7 822.1 830.7 836.1 835.6 828.8
640 646.5 647.4 649.9 659.5 678 688.9 706.2 713.9 703.6 691.9 679.1 648 636.7 635.1 629.4 622.4 612.8 600 610.5 621.5 637.1 656.3 674.1 689.8 715.5 736.9 759.2 795.4 830.1 838.5 845.3 848.3 840.5 835 824.4 815.8 792.3 772.6 762.3 762.1 762.3 762.8 770.7 781.9 790.5 801.2 805.9 805.2 798.4 789.3 783 774 767.2 766.3 767.1 777.4 791.4 803.8 814.6 823.9 829.3 828.1 822.6 805.8 789.5 776.5 766.6 766.6 781.1 787 791 799.2 812.9 822.9 830.8 834 831.4
639.3 645.6 646.5 647.4 651.3 666.4 678 691.9 712.6 701.6 684.8 662.9 637.6 618.3 615.9 613.1 607.9 607.4 600.3 613 622.5 635.8 653.5 670.4 683.3 709.9 729.6 748 785.3 819.5 835.4 836 838.4 838.2 828.9 817.6 805.1 792.2 775.2 761.8 762 762.5 763.1 769.5 779.8 786.1 794.5 794.9 790.2 784.5 781.9 777.9 768.7 765.3 762.4 763.9 775.5 788.1 801.2 812.7 823.1 829.4 827.7 820.2 805.9 789.7 777.7 764.3 760.3 763.3 775.1 782.4 792.6 804.1 814.4 821.4 829.1 830.7
636.2 643.5 647.3 648.1 650.1 656.1 671 682.3 690.6 693.1 659.5 638.7 622.8 609.5 603.5 603 598 596.7 600.1 613.9 621.7 634 649.7 667.1 681.2 703.2 723.1 738.4 768.9 806.6 822.3 821.1 825.5 827.3 824.4 819.4 808.5 789.8 776.1 765.1 761.4 764.1 764.1 766.2 771.1 777.3 779.4 780.7 776.6 773.1 774.3 769.9 764.1 762.6 759.5 760.9 773.3 785.3 799.6 809.2 820.8 827.6 827.5 819.2 807.8 792.3 773.7 763.2 756.5 756.6 766.7 775.1 785.7 795.3 805.9 815 822.5 827.5
