UK/data/nf/nf87_OST50GRID_20230518/NF87.asc
ncols 200
nrows 200
xllcorner 80000
yllcorner 870000
cellsize 50
[rows 40 to 79 of 200, columns 91 to 181 of 200]
-1.9 -1.9 -1.9 -1.9 -1.9 -1.9 -1.9 -1.9 -1.9 -1.9 -1.9 -1.9 -1.9 -1.9 -1.9 -1.9 -1.9 -1.9 -1.9 -1.9 -1.9 -1.9 -1.9 -1.9 -1.9 -1.9 -1.9 -1.9 -1.9 -1.9 -1.9 -1.9 -1.9 -1.9 -1.9 -1.9 -1.9 -1.9 -1.9 -1.9 -1.9 -1.9 -1.9 -1.9 -1.9 -1.9 -1.9 -1.9 -1.9 -1.9 -1.9 -1.9 -1.9 -1.9 -1.9 -1.9 -1.9 -1.9 -1.9 -1.9 -1.9 -1.9 -1.3 -0.8 -0.4 -0.1 0.2 0.5 0.8 1 1.3 1.4 1.7 1.9 2.2 9.6 5.2 4.9 6.5 4.1 4.1 4 3.9 4.1 4.3 5.1 6 5.8 6.6 6.5 6
-1.9 -1.9 -1.9 -1.9 -1.9 -1.9 -1.9 -1.9 -1.9 -1.9 -1.9 -1.9 -1.9 -1.9 -1.9 -1.9 -1.9 -1.9 -1.9 -1.9 -1.9 -1.9 -1.9 -1.9 -1.9 -1.9 -1.9 -1.9 -1.9 -1.9 -1.9 -1.9 -1.9 -1.9 -1.9 -1.9 -1.9 -1.9 -1.9 -1.9 -1.9 -1.9 -1.9 -1.9 -1.9 -1.9 -1.9 -1.9 -1.9 -1.9 -1.9 -1.9 -1.9 -1.9 -1.9 -1.9 -1.9 -1.9 -1.9 -1.9 -1.9 -1.9 -1.1 -0.7 -0.4 0.1 0.5 0.7 1 1.3 1.6 1.8 2 6.7 5.4 5.6 5.1 5.6 4.1 4.4 4.4 4.2 4.2 4.5 4.6 4.8 6.2 6.5 6.9 7.1 6.6
-1.9 -1.9 -1.9 -1.9 -1.9 -1.9 -1.9 -1.9 -1.9 -1.9 -1.9 -1.9 -1.9 -1.9 -1.9 -1.9 -1.9 -1.9 -1.9 -1.9 -1.9 -1.9 -1.9 -1.9 -1.9 -1.9 -1.9 -1.9 -1.9 -1.9 -1.9 -1.9 -1.9 -1.9 -1.9 -1.9 -1.9 -1.9 -1.9 -1.9 -1.9 -1.9 -1.9 -1.9 -1.9 -1.9 -1.9 -1.9 -1.9 -1.9 -1.9 -1.9 -1.9 -1.9 -1.9 -1.9 -1.9 -1.9 -1.9 -1.9 -1.9 -1.9 -1 -0.4 -0.1 0.3 0.6 1 1.3 1.6 1.9 2.1 7.9 4.6 5.8 9 5.9 4.4 4.1 4.2 6 5.8 6.8 6 5.7 6.7 6.2 7.1 6.5 7.1 6.1
-1.9 -1.9 -1.9 -1.9 -1.9 -1.9 -1.9 -1.9 -1.9 -1.9 -1.9 -1.9 -1.9 -1.9 -1.9 -1.9 -1.9 -1.9 -1.9 -1.9 -1.9 -1.9 -1.9 -1.9 -1.9 -1.9 -1.9 -1.9 -1.9 -1.9 -1.9 -1.9 -1.9 -1.9 -1.9 -1.9 -1.9 -1.9 -1.9 -1.9 -1.9 -1.9 -1.9 -1.9 -1.9 -1.9 -1.9 -1.9 -1.9 -1.9 -1.9 -1.9 -1.9 -1.9 -1.9 -1.9 -1.9 -1.9 -1.9 -1.9 -1.9 -1.5 -0.9 -0.3 0.3 0.6 0.9 1.3 1.6 1.9 2.2 5.3 4.2 6.7 5.5 5.1 4.1 5 5.9 6.3 7.4 6.2 5.9 6.2 6 7 7.6 6.3 5.8 6.5 5.9
-1.9 -1.9 -1.9 -1.9 -1.9 -1.9 -1.9 -1.9 -1.9 -1.9 -1.9 -1.9 -1.9 -1.9 -1.9 -1.9 -1.9 -1.9 -1.9 -1.9 -1.9 -1.9 -1.9 -1.9 -1.9 -1.9 -1.9 -1.9 -1.9 -1.9 -1.9 -1.9 -1.9 -1.9 -1.9 -1.9 -1.9 -1.9 -1.9 -1.9 -1.9 -1.9 -1.9 -1.9 -1.9 -1.9 -1.9 -1.9 -1.9 -1.9 -1.9 -1.9 -1.9 -1.9 -1.9 -1.9 -1.9 -1.9 -1.9 -1.9 -1.9 -1.4 -0.8 -0.3 0.3 0.9 1.3 1.6 1.9 6.6 4.7 3.8 11.4 7.6 5.2 4.9 4.1 4.8 7.2 6.4 5.9 7.1 6.8 6 5.7 9.5 5.4 5.9 5.6 5.9 5.2
-1.9 -1.9 -1.9 -1.9 -1.9 -1.9 -1.9 -1.9 -1.9 -1.9 -1.9 -1.9 -1.9 -1.9 -1.9 -1.9 -1.9 -1.9 -1.9 -1.9 -1.9 -1.9 -1.9 -1.9 -1.9 -1.9 -1.9 -1.9 -1.9 -1.9 -1.9 -1.9 -1.9 -1.9 -1.9 -1.9 -1.9 -1.9 -1.9 -1.9 -1.9 -1.9 -1.9 -1.9 -1.9 -1.9 -1.9 -1.9 -1.9 -1.9 -1.9 -1.9 -1.9 -1.9 -1.9 -1.9 -1.9 -1.9 -1.9 -1.9 -1.9 -1.3 -0.6 0 0.5 1 1.6 2 8 4.1 8.9 10.1 6.7 4.6 4.2 4.2 4.4 4.9 7 6.5 9.9 9.9 9.4 6.5 7.6 6.1 5.7 6.2 5.3 5.3 4.9
-1.9 -1.9 -1.9 -1.9 -1.9 -1.9 -1.9 -1.9 -1.9 -1.9 -1.9 -1.9 -1.9 -1.9 -1.9 -1.9 -1.9 -1.9 -1.9 -1.9 -1.9 -1.9 -1.9 -1.9 -1.9 -1.9 -1.9 -1.9 -1.9 -1.9 -1.9 -1.9 -1.9 -1.9 -1.9 -1.9 -1.9 -1.9 -1.9 -1.9 -1.9 -1.9 -1.9 -1.9 -1.9 -1.9 -1.9 -1.9 -1.9 -1.9 -1.9 -1.9 -1.9 -1.9 -1.9 -1.9 -1.9 -1.9 -1.9 -1.9 -1.9 -1.1 -0.5 0.2 0.7 1.4 1.9 7.1 4.8 10.1 7.6 6.3 4.3 4.6 4.3 4.6 4.5 5.3 8.4 8.9 5 7.4 6.7 6.4 6.8 5.6 5.6 6.3 5 4.8 4.6
-1.9 -1.9 -1.9 -1.9 -1.9 -1.9 -1.9 -1.9 -1.9 -1.9 -1.9 -1.9 -1.9 -1.9 -1.9 -1.9 -1.9 -1.9 -1.9 -1.9 -1.9 -1.9 -1.9 -1.9 -1.9 -1.9 -1.9 -1.9 -1.9 -1.9 -1.9 -1.9 -1.9 -1.9 -1.9 -1.9 -1.9 -1.9 -1.9 -1.9 -1.9 -1.9 -1.9 -1.9 -1.9 -1.9 -1.9 -1.9 -1.9 -1.9 -1.9 -1.9 -1.9 -1.9 -1.9 -1.9 -1.9 -1.9 -1.9 -1.9 -1.9 -1 -0.3 0.3 1 1.7 3.4 5.6 11.5 8.5 6.1 5.1 4.1 4.7 4.4 4.2 6.7 10.1 8.6 8.1 7.5 6.3 6.2 7.2 7 5.9 5.5 5 5.2 4.5 4.1
-1.9 -1.9 -1.9 -1.9 -1.9 -1.9 -1.9 -1.9 -1.9 -1.9 -1.9 -1.9 -1.9 -1.9 -1.9 -1.9 -1.9 -1.9 -1.9 -1.9 -1.9 -1.9 -1.9 -1.9 -1.9 -1.9 -1.9 -1.9 -1.9 -1.9 -1.9 -1.9 -1.9 -1.9 -1.9 -1.9 -1.9 -1.9 -1.9 -1.9 -1.9 -1.9 -1.9 -1.9 -1.9 -1.9 -1.9 -1.9 -1.9 -1.9 -1.9 -1.9 -1.9 -1.9 -1.9 -1.9 -1.9 -1.9 -1.9 -1.9 -1.5 -0.7 0 0.7 1.3 2 5.3 10.9 7.7 5.1 3.6 4.5 5 7.1 4.3 4.6 8.8 9 6.8 8.1 8.6 6.7 6.8 8.2 7.8 7 5.5 5.6 5.4 4.5 3.3
-1.9 -1.9 -1.9 -1.9 -1.9 -1.9 -1.9 -1.9 -1.9 -1.9 -1.9 -1.9 -1.9 -1.9 -1.9 -1.9 -1.9 -1.9 -1.9 -1.9 -1.9 -1.9 -1.9 -1.9 -1.9 -1.9 -1.9 -1.9 -1.9 -1.9 -1.9 -1.9 -1.9 -1.9 -1.9 -1.9 -1.9 -1.9 -1.9 -1.9 -1.9 -1.9 -1.9 -1.9 -1.9 -1.9 -1.9 -1.9 -1.9 -1.9 -1.9 -1.9 -1.9 -1.9 -1.9 -1.9 -1.9 -1.9 -1.9 -1.9 -1.3 -0.6 0.2 0.9 1.6 6 3.3 6.2 4.9 4.5 3.7 4 4.3 4.8 4.7 4.8 4.8 7.2 6.7 10.1 8.5 7.2 7.7 8.4 7.6 6.9 5.8 6 5.3 4 3.5
-1.9 -1.9 -1.9 -1.9 -1.9 -1.9 -1.9 -1.9 -1.9 -1.9 -1.9 -1.9 -1.9 -1.9 -1.9 -1.9 -1.9 -1.9 -1.9 -1.9 -1.9 -1.9 -1.9 -1.9 -1.9 -1.9 -1.9 -1.9 -1.9 -1.9 -1.9 -1.9 -1.9 -1.9 -1.9 -1.9 -1.9 -1.9 -1.9 -1.9 -1.9 -1.9 -1.9 -1.9 -1.9 -1.9 -1.9 -1.9 -1.9 -1.9 -1.9 -1.9 -1.9 -1.9 -1.9 -1.9 -1.9 -1.9 -1.9 -1.9 -1.2 -0.4 0.3 1.1 1.8 5.1 9.7 4.7 3.8 3.6 3.6 3.9 4.2 7.1 8.4 4.7 7.8 9.3 9.9 8.5 7.3 8.9 8 7.1 6.1 5.9 6 5.9 4.9 4.5 4.2
-1.9 -1.9 -1.9 -1.9 -1.9 -1.9 -1.9 -1.9 -1.9 -1.9 -1.9 -1.9 -1.9 -1.9 -1.9 -1.9 -1.9 -1.9 -1.9 -1.9 -1.9 -1.9 -1.9 -1.9 -1.9 -1.9 -1.9 -1.9 -1.9 -1.9 -1.9 -1.9 -1.9 -1.9 -1.9 -1.9 -1.9 -1.9 -1.9 -1.9 -1.9 -1.9 -1.9 -1.9 -1.9 -1.9 -1.9 -1.9 -1.9 -1.9 -1.9 -1.9 -1.9 -1.9 -1.9 -1.9 -1.9 -1.9 -1.9 -1.9 -1 -0.3 0.4 1.2 1.9 6.4 4.6 3.5 3.7 5.4 3.9 4 4.2 9.4 7.3 4.8 5.2 9.4 9.9 9.9 8.2 7.6 6.3 5.7 5.5 5.8 5.9 5.6 6.9 7.9 7
-1.9 -1.9 -1.9 -1.9 -1.9 -1.9 -1.9 -1.9 -1.9 -1.9 -1.9 -1.9 -1.9 -1.9 -1.9 -1.9 -1.9 -1.9 -1.9 -1.9 -1.9 -1.9 -1.9 -1.9 -1.9 -1.9 -1.9 -1.9 -1.9 -1.9 -1.9 -1.9 -1.9 -1.9 -1.9 -1.9 -1.9 -1.9 -1.9 -1.9 -1.9 -1.9 -1.9 -1.9 -1.9 -1.9 -1.9 -1.9 -1.9 -1.9 -1.9 -1.9 -1.9 -1.9 -1.9 -1.9 -1.9 -1.9 -1.9 -1.9 -0.9 -0.2 0.4 1.1 1.8 2.4 4.7 3.8 3.8 5.2 3.9 4.1 6 7.7 5.6 9.1 8 9 8.8 9.3 7.4 6.5 5.8 5.8 6.2 6.6 6.2 6 7.9 10.4 10.8
-1.9 -1.9 -1.9 -1.9 -1.9 -1.9 -1.9 -1.9 -1.9 -1.9 -1.9 -1.9 -1.9 -1.9 -1.9 -1.9 -1.9 -1.9 -1.9 -1.9 -1.9 -1.9 -1.9 -1.9 -1.9 -1.9 -1.9 -1.9 -1.9 -1.9 -1.9 -1.9 -1.9 -1.9 -1.9 -1.9 -1.9 -1.9 -1.9 -1.9 -1.9 -1.9 -1.9 -1.9 -1.9 -1.9 -1.9 -1.9 -1.9 -1.9 -1.9 -1.9 -1.9 -1.9 -1.9 -1.9 -1.9 -1.9 -1.9 -1.4 -0.8 -0.1 0.5 1.2 1.8 2.2 4.8 3.8 3.6 4.1 3.9 4 5.1 8.9 8.8 8.4 6.9 8.3 8.5 8.1 6.6 6.5 7 6.3 6.4 6.3 5.8 5.8 7.7 9.9 11.2
-1.9 -1.9 -1.9 -1.9 -1.9 -1.9 -1.9 -1.9 -1.9 -1.9 -1.9 -1.9 -1.9 -1.9 -1.9 -1.9 -1.9 -1.9 -1.9 -1.9 -1.9 -1.9 -1.9 -1.9 -1.9 -1.9 -1.9 -1.9 -1.9 -1.9 -1.9 -1.9 -1.9 -1.9 -1.9 -1.9 -1.9 -1.9 -1.9 -1.9 -1.9 -1.9 -1.9 -1.9 -1.9 -1.9 -1.9 -1.9 -1.9 -1.9 -1.9 -1.9 -1.9 -1.9 -1.9 -1.9 -1.9 -1.9 -1.9 -1.4 -0.7 -0.1 0.5 1.2 1.8 2.2 2.2 3.8 3.5 4.1 3.9 4.6 8.8 9.2 8.2 8.4 8.7 8.4 7.8 5.9 6.7 5.9 6.7 5.5 6.2 6 6.8 7.5 9 11.7 13.7
-1.9 -1.9 -1.9 -1.9 -1.9 -1.9 -1.9 -1.9 -1.9 -1.9 -1.9 -1.9 -1.9 -1.9 -1.9 -1.9 -1.9 -1.9 -1.9 -1.9 -1.9 -1.9 -1.9 -1.9 -1.9 -1.9 -1.9 -1.9 -1.9 -1.9 -1.9 -1.9 -1.9 -1.9 -1.9 -1.9 -1.9 -1.9 -1.9 -1.9 -1.9 -1.9 -1.9 -1.9 -1.9 -1.9 -1.9 -1.9 -1.9 -1.9 -1.9 -1.9 -1.9 -1.9 -1.9 -1.9 -1.9 -1.9 -1.9 -1.2 -0.6 -0.1 0.6 1.2 1.9 2.2 2.2 2.9 3.5 3.9 4.1 5 5.6 9.3 8.9 8.2 7.5 8.9 7.2 6.3 6.6 5.3 5.3 5.6 5.8 6.4 7.6 9.9 13.1 13.1 14.1
-1.9 -1.9 -1.9 -1.9 -1.9 -1.9 -1.9 -1.9 -1.9 -1.9 -1.9 -1.9 -1.9 -1.9 -1.9 -1.9 -1.9 -1.9 -1.9 -1.9 -1.9 -1.9 -1.9 -1.9 -1.9 -1.9 -1.9 -1.9 -1.9 -1.9 -1.9 -1.9 -1.9 -1.9 -1.9 -1.9 -1.9 -1.9 -1.9 -1.9 -1.9 -1.9 -1.9 -1.9 -1.9 -1.9 -1.9 -1.9 -1.9 -1.9 -1.9 -1.9 -1.9 -1.9 -1.9 -1.9 -1.9 -1.9 -1.5 -0.9 -0.4 0.2 0.7 1.3 1.9 2.2 2.2 2.4 3.5 3.8 4.2 4.6 6.3 7.5 8.3 7.7 8.4 6.8 9.2 6.9 4.9 5.6 6.3 6 6.6 8.8 11 13.1 12 12.9 14.5
-1.9 -1.9 -1.9 -1.9 -1.9 -1.9 -1.9 -1.9 -1.9 -1.9 -1.9 -1.9 -1.9 -1.9 -1.9 -1.9 -1.9 -1.9 -1.9 -1.9 -1.9 -1.9 -1.9 -1.9 -1.9 -1.9 -1.9 -1.9 -1.9 -1.9 -1.9 -1.9 -1.9 -1.9 -1.9 -1.9 -1.9 -1.9 -1.9 -1.9 -1.9 -1.9 -1.9 -1.9 -1.9 -1.9 -1.9 -1.9 -1.9 -1.9 -1.9 -1.9 -1.9 -1.9 -1.9 -1.9 -1.9 -1.9 -1.3 -0.7 -0.1 0.5 1 1.6 2.1 5 2.7 3.2 3.2 4 4.8 5.9 7.6 5.4 6.6 8.9 7.1 7 6.8 5 5.4 5.4 8.8 6.8 6 7.7 9.5 10.8 14.3 13.5 16.6
-1.9 -1.9 -1.9 -1.9 -1.9 -1.9 -1.9 -1.9 -1.9 -1.9 -1.9 -1.9 -1.9 -1.9 -1.9 -1.9 -1.9 -1.9 -1.9 -1.9 -1.9 -1.9 -1.9 -1.9 -1.9 -1.9 -1.9 -1.9 -1.9 -1.9 -1.9 -1.9 -1.9 -1.9 -1.9 -1.9 -1.9 -1.9 -1.9 -1.9 -1.9 -1.9 -1.9 -1.9 -1.9 -1.9 -1.9 -1.9 -1.9 -1.9 -1.9 -1.9 -1.9 -1.9 -1.9 -1.9 -1.9 -1.9 -1 -0.4 0.2 0.8 1.3 1.9 8 4.5 3.1 3.2 3.4 3.6 6.1 4 5.3 5.1 6.3 8.7 6.7 7.5 6.2 6 6.3 6.8 7.3 6.4 6.4 6.8 8.3 10.8 15.4 16.8 17.1
-1.9 -1.9 -1.9 -1.9 -1.9 -1.9 -1.9 -1.9 -1.9 -1.9 -1.9 -1.9 -1.9 -1.9 -1.9 -1.9 -1.9 -1.9 -1.9 -1.9 -1.9 -1.9 -1.9 -1.9 -1.9 -1.9 -1.9 -1.9 -1.9 -1.9 -1.9 -1.9 -1.9 -1.9 -1.9 -1.9 -1.9 -1.9 -1.9 -1.9 -1.9 -1.9 -1.9 -1.9 -1.9 -1.9 -1.9 -1.9 -1.9 -1.9 -1.9 -1.9 -1.9 -1.9 -1.9 -1.9 -1.9 -1.1 -0.6 0 0.6 1.2 1.7 2.2 7.3 3.8 3 2.7 3.2 3.8 4.5 6.7 8.1 5.4 5.4 6.3 5.2 5.6 5.3 6.5 6.5 5.7 6 6.3 6.3 7.2 8.6 11.2 15.8 19.5 20.1
-1.9 -1.9 -1.9 -1.9 -1.9 -1.9 -1.9 -1.9 -1.9 -1.9 -1.9 -1.9 -1.9 -1.9 -1.9 -1.9 -1.9 -1.9 -1.9 -1.9 -1.9 -1.9 -1.9 -1.9 -1.9 -1.9 -1.9 -1.9 -1.9 -1.9 -1.9 -1.9 -1.9 -1.9 -1.9 -1.9 -1.9 -1.9 -1.9 -1.9 -1.9 -1.9 -1.9 -1.9 -1.9 -1.9 -1.9 -1.9 -1.9 -1.9 -1.9 -1.9 -1.9 -1.9 -1.9 -1.9 -1 -0.7 -0.2 0.4 0.9 1.5 2.1 9 6.9 3.1 2.7 2.5 2.9 4.4 5.7 6.3 5.2 5 4.9 4.2 4.3 4.1 4.5 4.8 6 6.1 6 6.8 6.7 6.7 9 13.1 18 21.1 23.4
-1.9 -1.9 -1.9 -1.9 -1.9 -1.9 -1.9 -1.9 -1.9 -1.9 -1.9 -1.9 -1.9 -1.9 -1.9 -1.9 -1.9 -1.9 -1.9 -1.9 -1.9 -1.9 -1.9 -1.9 -1.9 -1.9 -1.9 -1.9 -1.9 -1.9 -1.9 -1.9 -1.9 -1.9 -1.9 -1.9 -1.9 -1.9 -1.9 -1.9 -1.9 -1.9 -1.9 -1.9 -1.9 -1.9 -1.9 -1.9 -1.9 -1.9 -1.9 -1.9 -1.9 -1.9 -1.9 -0.5 -0.1 -0.1 0.3 0.8 1.3 1.9 6 9.8 5 3 2.7 2.4 2.4 4.8 6.1 5.2 3.5 4.5 5 3.6 4.4 4.9 5.5 5.9 5.9 7.1 6.5 6.6 6.9 7.3 9.5 16.3 18.2 24.7 26.2
-1.9 -1.9 -1.9 -1.9 -1.9 -1.9 -1.9 -1.9 -1.9 -1.9 -1.9 -1.9 -1.9 -1.9 -1.9 -1.9 -1.9 -1.9 -1.9 -1.9 -1.9 -1.9 -1.9 -1.9 -1.9 -1.9 -1.9 -1.9 -1.9 -1.9 -1.9 -1.9 -1.9 -1.9 -1.9 -1.9 -1.9 -1.9 -1.9 -1.9 -1.9 -1.9 -1.9 -1.9 -1.9 -1.9 -1.9 -1.9 -1.9 -1.9 -1.9 -1.9 -1.9 -1.9 0.8 0.6 0.7 0.7 0.9 1.3 1.8 3.8 10.1 6.5 3.3 3 2.8 2.5 2.3 3.6 4.4 4 3.7 5.1 3.5 3.4 3.9 4.4 4.9 4.7 5.5 6.9 6.6 6.5 7 7.7 12.5 17.8 21.9 26.5 28.6
-1.9 -1.9 -1.9 -1.9 -1.9 -1.9 -1.9 -1.9 -1.9 -1.9 -1.9 -1.9 -1.9 -1.9 -1.9 -1.9 -1.9 -1.9 -1.9 -1.9 -1.9 -1.9 -1.9 -1.9 -1.9 -1.9 -1.9 -1.9 -1.9 -1.9 -1.9 -1.9 -1.9 -1.9 -1.9 -1.9 -1.9 -1.9 -1.9 -1.9 -1.9 -1.9 -1.9 -1.9 -1.9 -1.9 -1.9 -1.9 -1.9 -1.9 -1.9 -1.9 0.6 3.2 4.8 2.1 1.6 1.5 1.6 1.8 3.4 9 6.6 4.2 3.1 2.6 2.5 2.7 3.3 2.5 3.3 2.8 3.6 3.9 3.4 3.3 3.5 3.9 4.3 4.9 6.1 6.2 7.1 7.9 8.1 9 15.1 20.3 24 26.1 27.9
-1.9 -1.9 -1.9 -1.5 -1.2 -1.3 -1.8 -1.9 -1.9 -1.9 -1.9 -1.9 -1.9 -1.9 -1.9 -1.9 -1.9 -1.9 -1.9 -1.9 -1.9 -1.9 -1.9 -1.9 -1.9 -1.9 -1.9 -1.9 -1.9 -1.9 -1.9 -1.9 -1.9 -1.9 -1.9 -1.9 -1.9 -1.9 -1.9 -1.9 -1.9 -1.9 -1.9 -1.9 -1.9 -1.9 -1.9 -1.9 -1.9 -1.9 -1.9 -0.2 1.5 9.2 12 8.7 5.7 1.9 2.2 3.5 5.9 5.4 4.3 3.4 2.8 2.5 2.6 2.7 3.5 4 3 2.9 2.3 3.4 3.1 3.2 3.1 3.4 3.9 4.7 5.5 5.7 9.6 11.2 12.5 12.9 17.7 21.6 24.1 27.3 28.4
-1.9 -1.9 -1.3 -0.8 -0.5 -0.6 -1.1 -1.6 -1.9 -1.9 -1.9 -1.9 -1.9 -1.9 -1.9 -1.9 -1.9 -1.9 -1.9 -1.7 -1.4 -1.5 -1.7 -1.9 -1.9 -1.9 -1.9 -1.9 -1.9 -1.9 -1.9 -1.9 -1.9 -1.9 -1.9 -1.9 -1.9 -1.9 -1.9 -1.9 -1.9 -1.9 -1.9 -1.9 -1.9 -1.9 -1.9 -1.9 -1.9 -1.9 -1.9 1.2 1 8.4 11.7 11.3 9.4 10.6 9 5.7 5.9 5.2 3.8 2.9 2.8 2.7 2.8 3.9 4.1 4.1 3.1 2.7 2.5 2.5 2.5 2.8 3.2 3 4.1 4.7 4.5 5.2 6.3 8.9 12.6 14.3 17.9 23.1 26.3 28.4 31
-1.9 -1 -0.6 -0.1 0.2 0.2 -0.4 -0.9 -1.9 -1.9 -1.9 -1.9 -1.9 -1.9 -1.9 -1.9 -1.9 -1.9 -1.7 -1.3 -1 -1.1 -1.3 -1.5 -1.7 -1.9 -1.9 -1.9 -1.9 -1.9 -1.9 -1.9 -1.9 -1.9 -1.9 -1.9 -1.9 -1.9 -1.9 -1.9 -1.9 -1.9 -1.9 -1.9 -1.9 -1.9 -1.9 -1.9 -1.9 -1.9 0.9 2.5 7.5 9.4 15.3 16.2 14.7 14.6 12.2 8.7 5.5 3.7 3.3 3.2 2.8 2.9 3.6 4.1 4 3.3 3.1 2.9 2.7 2.6 2.5 3.1 4.1 3.7 2.8 3.4 3.5 4.5 5.1 7 10.7 14 18 24.5 28.2 31.3 34.1
-1.9 -0.6 0.1 0.6 0.9 0.8 0.3 -0.4 -1.2 -1.9 -1.9 -1.9 -1.9 -1.9 -1.9 -1.9 -1.9 -1.7 -1.3 -0.9 -0.6 -0.6 -0.8 -1 -1.3 -1.5 -1.7 -1.9 -1.9 -1.9 -1.9 -1.9 -1.9 -1.9 -1.9 -1.9 -1.9 -1.9 -1.9 -1.9 -1.9 -1.9 -1.9 -1.9 -1.9 -1.9 -1.9 -1.9 -1.9 1.4 2.6 9.6 12.9 7.1 13.4 17.4 19.5 18.3 15.8 12.5 9.1 7.2 3.5 3.5 3.4 3.8 4.1 4.8 4.2 3.2 3.1 2.9 2.9 3 3.2 3.9 4.2 4.1 3.2 3.4 3.5 4.9 5.3 7.3 9.7 13.6 17.9 24.4 28.5 31.4 36.4
-1.9 0.7 1.3 1.3 1.6 1.5 0.9 -0.1 -1.6 -1.9 -1.9 -1.9 -1.9 -1.9 -1.9 -1.9 -1.6 -1.3 -0.9 -0.6 -0.2 -0.2 -0.4 -0.6 -0.8 -1 -1.3 -1.9 -1.9 -1.9 -1.9 -1.9 -1.9 -1.9 -1.9 -1.9 -1.9 -1.9 -1.9 -1.9 -1.9 -1.9 -1.9 -1.9 -1.9 -1.9 -1.9 0.8 1.2 3.8 13 10.6 6.9 5.7 6.1 13.1 21.7 19.5 18.2 16.1 12.8 9.5 5.7 3.6 3.5 3.9 4.9 4.1 4.2 3.5 3.8 3.7 3.2 3.7 3.8 3.8 3.5 3.1 4.4 5.5 4.2 7 8.5 9.3 10.5 14.2 18.4 24 28 32.4 40.1
-0.3 1.9 5.4 2.3 2.6 2.5 0.7 -0.7 -1.9 -1.9 -1.9 -1.9 -1.9 -1.9 -1.9 -1.6 -1.2 -0.9 -0.5 -0.2 0.2 0.2 0 -0.2 -0.4 -0.6 -0.8 -1.2 -1.9 -1.9 -1.9 -1.9 -1.9 -1.9 -1.9 -1.9 -1.9 -1.9 -1.9 -1.9 -1.9 -1.9 -1.9 -1.9 -1.9 0.4 2 3.7 10.3 9.5 7.6 6.6 5.1 5.1 5 7.1 12.8 16.5 16.8 17.4 14.5 12 8.1 4.7 4.2 4.4 4.1 3.6 4 3.7 4.5 4.7 3.1 3.5 3.7 3.6 4.1 7.6 8.3 11 12.6 12.5 11.2 11.2 13.4 19.5 25.8 29 31.6 33.3 40
0.7 4.4 4.9 6 5.4 5.3 1.9 -1.9 -1.9 -1.9 -1.9 -1.9 -1.9 -1.9 -1.6 -1.2 -0.9 -0.5 -0.2 0.2 0.5 0.6 0.5 0.2 0 -0.2 -0.4 -0.7 -1.1 -1.9 -1.9 -1.9 -1.9 -1.9 -1.9 -1.9 -1.9 -1.9 -1.9 -1.9 -1.9 -1.9 -1.9 0.1 1.3 3.4 8.5 9.6 9.5 5.4 4.9 5.3 5.1 5.3 6 5.9 10.8 12.5 13 15.4 15.3 13.8 11 8.6 6.3 4 3.9 3.4 3 3.9 4.1 4.1 3.4 3.7 5.4 6 6.1 9.2 11.7 13 13.3 13.4 14.5 15.5 15.7 21.4 27.8 33.6 35.6 39.7 47.1
1.6 10.5 9.6 9.9 13.1 7 4.8 -1.9 -1.9 -1.9 -1.9 -1.9 -1.9 -1.9 -1.2 -0.8 -0.5 -0.1 0.2 0.6 0.9 1 0.9 0.7 0.4 0.4 0.1 -0.1 -0.5 -0.8 -1.9 -1.9 -1.9 -1.9 -1.9 -1.9 -1.9 -1.9 -1.9 -1.9 -1.9 -0.1 1.1 2.6 6 9.6 6.2 5.1 5.5 5.3 5.3 5 5.2 5.7 6.4 6.5 6.6 7.2 10.2 10.9 11.6 12.8 12.1 10.5 7.9 3.5 3.3 3.7 3.3 3.7 3.9 3.8 4 4.5 7 8.9 8.7 10 10.7 11.7 12.7 13.8 16.5 16.1 17.2 25.4 34.3 41.7 41.3 42.9 49.3
5.1 10.1 11.1 15 16.2 11.3 8.7 3 0.8 -1.9 -1.9 -1.9 -1.9 -1.9 -1.1 -0.5 -0.1 0.2 0.6 1 1.3 1.4 1.3 1.1 1 0.9 0.7 0.4 0.2 0.1 -0.3 -0.5 -0.8 -1.9 -1.9 -1.9 -1.9 -1.9 -0.6 0.4 1.1 2.2 2.4 8.4 7.3 5.6 5.6 4.9 4.9 5 5.8 5.1 6 5.7 6.1 6.4 6.8 7.6 8.5 8.6 9.1 10 10.7 9.7 8.3 5.9 3.7 3.3 3.3 3.7 3.6 6.4 6.4 4.7 6.4 9.7 11.1 11 10.9 12 14.4 17.1 17.9 17.9 19.3 26.1 37.3 44.7 48.4 47 54.5
10 9.1 12 17.5 20.4 19.3 15.4 11 9.2 4.7 0.4 -1.9 -1.9 -1.9 -1 -0.3 0.1 0.6 1 1.3 1.7 1.8 1.7 1.6 1.5 1.4 1.3 1.1 1 0.9 0.8 0.5 0.4 0.3 0.2 0.1 0.3 0.7 1.5 2.4 4.4 7.8 6.7 4.8 5.3 4.7 5.5 4.9 5.5 5.1 5.6 5.8 6.4 6.1 6.3 6.2 6.4 7.8 7.7 7.4 7.7 9 10 8.2 8.4 8 6.5 5.3 3.7 3.8 4.6 5.5 7 10.4 10.3 12.2 13 12.8 13.6 15.4 16.7 19.7 19.9 20.4 22.7 26.9 32.4 40.1 46.7 53.5 54.6
8.5 9.4 12.7 15.8 19.4 20.9 15 14.1 9.5 6.9 0.8 -1.9 -1.9 -1.3 -0.6 0 0.4 1 1.4 1.7 2.1 2.2 2.2 2.2 2.1 2 2 1.9 1.9 1.9 1.8 1.7 1.7 1.7 1.8 1.9 2.3 2.6 4 6.3 6.2 7.7 3.7 6.9 4.5 5.1 5.1 5.7 5.8 6.9 6.8 6.7 6.2 6.9 6.9 6.4 8.1 7.1 7.5 7 7.3 7.9 10.3 13.4 15.9 13.4 10.1 9 7.3 6.7 7.1 9.6 15.4 16.7 16.4 17 17.6 16.9 17.3 19.3 21.5 22.7 23.6 23.9 25.1 28.6 34.7 40.7 48.4 57.9 61.7
9.6 10.8 13.3 15.3 17.7 17 11 8 9.2 4.4 0.4 -1.9 -1.9 -1.1 -0.3 0.4 1 1.5 1.9 2 0.6 1.9 2 2 1.9 1.9 1.9 2 1.4 3.2 2.1 2 3.2 3.4 3.3 6.5 6.9 4.9 4.4 4.7 5.1 5 4.1 4.6 5.5 5.3 5.3 5.9 5.7 5.3 6.1 5.8 6 6.6 6.1 8.2 7.6 7 7.1 7.1 8.3 10 11.9 14.5 18.3 17.3 16.1 16.4 16.2 15.2 16.7 17.2 18.8 20.3 20.5 21.3 22.5 20.7 22 23.5 25.3 25.7 25.4 25.7 27 30 35.6 42.9 49 57.2 63.6
11.8 13.5 14.1 14.2 16.3 13.7 9.8 5.9 8.6 2.2 -0.3 -1.9 -1.9 -0.8 0 0.7 1.4 2 1.5 1.3 8.7 8 7.1 7 5.2 5.5 5.1 5.6 6.6 6.6 3.5 5.7 6.1 6.7 6.5 5.2 5.1 4.2 4.1 4.6 4.6 6.7 5.6 5.8 5.4 5.5 5.9 5.4 6.1 6 6.2 6.8 6.7 6.7 6.4 7.6 7.2 7.3 7.9 9.1 10.4 12.7 13.3 14.9 18.3 19.9 21 21.7 23.1 22.8 22.2 22.5 23.6 23.3 24.9 25.5 28.5 28.9 26.9 28 27.8 28.2 26.7 26.6 27.3 30.5 35.7 44.1 49.9 57.8 64
11.9 12.6 14.1 12.9 16.6 18 12.6 7.7 6.3 1.6 -1.9 -1.9 -1.9 -0.6 0.3 1.1 1.9 1.5 1.6 10 7.2 5.5 3.9 4.4 3 5 5 7.1 7.9 6.7 4.4 4.1 4.3 5 6 6.7 4.4 4.5 4.6 4.7 6.3 6.7 4.5 6.1 6 6.2 5.5 5.5 5.7 7 7.1 6.2 6.4 6.4 7.4 7.5 7.3 7.1 8.4 9.5 10.4 13.4 16.6 17.6 19.2 19.9 23.1 24.9 26.4 26.8 25.9 25.1 27.3 29.9 32 33.4 35.8 37.5 36.4 30.8 31.5 31.2 30.3 29.5 31.8 32.5 36.9 42.5 48.4 53.2 61.9
11.8 10.8 10.6 10.6 12.1 14.9 12.7 10 5.7 1.5 -1.9 -1.9 -1.9 -0.5 0.4 1.4 1.9 1.2 6.5 8.3 4.6 4.3 3.8 3.8 2.9 3.3 5.4 9.5 4.7 15.2 3.9 3.9 4.1 4.8 5.7 4.4 5.2 4.5 4.8 5.4 5.8 4.8 6.2 5.7 5.8 5.6 6.2 5.9 6.2 6.4 6.7 6.4 6.5 7.8 7.5 7.2 7.4 6.9 9.3 9.9 11 13.1 16.7 20 20.3 20.3 22.8 24.8 27.6 28.5 28 29.3 31.8 36.3 40.9 42.8 44.2 46.7 40.4 35.2 36.3 34 33.5 32.7 33.8 35.9 38.8 41.4 47.4 50.7 58.7
9.2 9.2 8.2 8.2 8.8 10.2 9.8 10.2 9.6 1.7 -1.9 -1.9 -1.9 -0.9 -0.1 0.9 2.2 9 9 7.6 4.1 3.8 3 2.9 2.9 4.1 4.2 5.1 4.8 6.8 4 4.1 4.7 5.8 5.2 6.5 5.3 5.9 4.8 4.7 4.9 5.5 5.9 5.3 5.9 6.6 5.9 6.4 6.4 6.3 12.1 6.4 6.5 7.1 7 6.7 7.1 8.4 9 12.9 12.4 13.7 14.3 18.8 21.5 24.3 26.1 27.4 29.8 30.7 30.4 33.2 35.9 40.1 47.5 50.8 54.7 52.4 46.3 39.4 39.7 37.1 39.6 37.7 38.7 41.8 45.3 47.4 47.3 51.1 56.7
