UK/data/sx/sx77_OST50GRID_20230518/SX77.asc
ncols 200
nrows 200
xllcorner 270000
yllcorner 70000
cellsize 50
[rows 140 to 174 of 200, columns 0 to 77 of 200]
299.3 294.7 289.4 290.7 294 297.4 301.9 303 300.1 295.8 292.1 287.7 281.7 275 268.4 259.9 252.9 248.2 242.2 232 220.4 210 205.6 204.3 204.7 205.2 204.2 198.5 176.2 149.3 125.4 116.8 152.2 174.1 195.9 211.5 224.2 228.9 230.7 228.3 222.8 218.1 211.9 202.3 192.2 175.8 189.6 197.6 204.3 209.9 218 223.5 229 233.7 240.2 246.7 252.5 257.9 262 266.5 272.1 278.7 285.8 293.1 300.8 309.1 318.2 334.5 343.5 352.8 359.6 363.8 367 372.8 376.4 376 371.2 366.2
294.2 290.3 284.3 284.4 287.6 291.6 297.4 299.5 296.4 291 287.5 282.5 276.4 267.7 259.4 250.8 244 239.1 233.4 225.2 214.6 206 199.6 197.5 197.9 198.6 198.8 196.8 178.7 157.2 131.7 108 140.5 167.3 192.9 212.6 221.4 226.1 225.4 221.6 214.4 209.9 204.6 197.3 178.2 174.4 190.4 198.3 203.9 209 213.8 219 223 227.6 232.3 237.6 242.3 247.1 250.9 255.8 262 268.8 276 283.1 291.3 300.3 308.8 319 329.6 338 345.7 352.3 357.2 363.4 368.2 369 366.5 361.9
285.5 281.1 275.8 278 280.8 285.2 290.8 293.7 292.1 288.6 281.4 275.1 267.8 258.4 250.2 241.7 234.7 229.1 224 217.3 209.2 203.2 196.2 191.6 190.2 191.5 193 193.1 181.6 163.7 137.3 111.6 127.3 158 187.5 209.8 217.2 220.3 219 213.1 205.9 201.4 196.2 189 171.4 176 186.9 193.8 199.9 207.7 211.1 213.9 218.2 221.6 225.1 230.3 234.9 236.8 240.3 246.1 252.4 260.9 266.5 273.4 280.7 290.2 299 307.9 317.2 326.8 335.4 341.1 346.3 351.1 357 359.5 357.4 353.3
276.7 272.7 269.4 271.6 274 278.2 282.9 286.2 287.2 279.8 272.8 266.4 259.1 249.8 242.7 234 226.6 218.7 213.6 208.8 204.1 199.9 194.9 189.4 184 184.3 188 187.6 178.3 164.9 140.7 114.8 120.8 153.2 183.3 203.2 211.2 213.3 210.4 205.1 197.7 190.4 185.1 178.9 169.2 169.1 179.6 190.7 198.7 204.3 208.9 212.9 215.3 217.4 220.2 223.3 226.3 228.8 232.1 238.1 243 251.1 257.3 264 271.2 278.8 287.8 297.4 306.1 314.8 322.2 328.1 333.1 341.1 344.5 347.6 346.2 344.6
271 264.8 263.9 265.2 268.5 271.6 275.2 278.8 280.1 274.5 266.7 259.9 252.1 242.7 235.1 226 218.2 210.7 204 201.3 200.1 197.5 194.6 190.3 183 176.2 179.3 181.4 175 160.7 140.4 117 111.6 148.7 177.7 193.9 201.6 204.8 202.8 197.4 187.6 179.6 173.5 168.3 161.6 169 181.1 190.6 197.4 201.5 205.4 208.7 211.6 213.5 215.4 217.4 218.2 220.5 224.9 230.5 235.8 240.9 245.7 250.1 259.9 268.8 276.6 285.2 294.4 303.3 311.4 317.5 323 327.9 331.3 334.3 336.5 337.4
266.9 262 259.8 259.9 263.2 266.5 269.8 271.8 272.2 268.1 260.3 253.1 245.3 236.9 228.6 219 210.7 203.2 197.6 197 197 195.9 193.5 190.3 185.9 177.3 167.8 169.7 165.8 152.1 133.4 112.3 112.8 146.1 170 182.7 190.2 193.9 193.1 189.9 182 171.4 156.8 155.5 154.4 171.1 182.1 188.1 193 197.9 201.7 204.8 207.1 208.7 209.2 210 210.5 214.3 218.7 223.6 227.7 231.9 236.5 241.4 247.9 256.6 265.7 274 282 290.3 299.2 304.9 311.3 317 321.8 325.7 328.9 330.6
264.2 258.3 255.9 254.9 256.8 259.8 262.7 265.1 264.6 259.5 253.1 245.7 238.3 229.7 223.2 214.3 205.7 197.7 194.2 192.7 192.7 192.7 191.6 189.7 187.1 182.6 171 156 149.5 135.9 120.1 106.4 119.3 143.9 156.8 167.1 177.4 181.2 184.6 182 174.9 160.3 143.4 153.4 162.6 173.3 178.9 184.2 189.2 193.6 197 199.3 201.3 201.9 202.1 202.6 202.9 207 212 216.5 221 226 230.9 235.2 240.5 247.5 255.8 264.3 272.5 281.6 287.6 294.8 301.2 308.6 313.7 318.9 322.4 325.4
261.9 256.9 253.4 249.9 249.2 251.6 255.3 257.4 258.2 254 246.7 238.6 232.3 225 219.7 210.3 201.9 195.3 190.5 188.4 187.8 188.4 187.6 186.2 185.2 183.2 178.3 170.2 160.2 144.5 123 106.6 113.5 130.5 140.1 147.3 159.3 168.1 173.4 172.6 169.5 149.9 141.7 154.4 164 170.7 174.6 179.5 184.2 188.5 191.2 193.7 194.7 195 194.4 194.1 197 199.9 204.8 209.4 215.9 221.1 226.6 231.3 237.3 243 249.2 258.6 266.7 275.4 282.3 288.5 294.9 301.4 307.6 313.1 316.7 319.3
262.9 258.2 252.8 247.7 243.8 244.1 247.8 250.6 250.9 246.1 240.2 234.7 228.6 221.5 215.8 208.3 199.5 191.5 187.5 184.4 181.5 181.8 181.4 181 181.6 182 180.7 174.7 172.6 155.8 133.9 111.3 97.6 108.6 118.9 126.9 140.9 155.9 162.8 166.6 160.6 139.8 141 151.9 160 164.6 168.2 171.6 176 180.8 183.4 185.9 186.9 187 186.6 188.1 190.5 193.8 197.9 203.2 207.7 214.8 221.9 227.5 233.9 237 247.6 254.6 261.2 268.7 276.1 282.9 289 295.6 301.7 308.1 311.6 314.3
265.9 260.4 254.1 248.6 242.9 238 239.1 242.4 243.2 240.5 234.8 229.7 225 219.1 213.7 206.3 197.7 191.8 186.6 182.3 178.8 175.6 175.2 177.1 179.1 181 181.8 180.3 175.8 171.4 150.9 130.6 110.2 94.2 89.1 106 125.4 146.7 157.7 161 150.8 128.2 135.4 146 152.6 157.3 161.1 161.1 162.6 166.3 170.1 173.1 178.2 179.3 180.4 182.5 183.4 186.5 190.4 195.6 201.6 207.5 215.3 222 227.8 235.5 242.8 250.2 257.4 264.4 271.6 278 284.6 290.9 297.1 301.9 305.8 309.1
268.6 263.3 257.2 249.8 245.2 238.4 231.5 229.4 234.1 234.6 230.6 225.4 221.7 217.5 211.8 204.5 197.9 193.1 186 182.6 179 175.5 172.2 171.7 173.9 177.5 181.4 181.4 178.5 174.5 168 156.9 144 121.5 88.6 95.5 118.2 137.5 152.4 152.8 139.4 117.2 128.2 138.7 144.4 150.5 149.9 147.7 143.4 145 150.7 158.9 164.7 168.4 172.1 174.2 174.8 177.6 181 186.7 193.5 198.9 203.9 215 224.1 232.6 240.2 247.3 254.5 261.3 268 274.2 281.3 287.3 293.7 298.7 302.2 304.4
272 266.2 259.6 253 246.1 240.8 234.5 227.4 221.3 222.6 223.9 221.9 218.4 214.4 209.2 202.8 198.6 192.5 187.2 184.7 181.7 177.6 173 169.7 168.2 174.7 178.8 179.5 177.5 175.2 171.3 165.4 151.5 128.2 94.6 91.2 114.9 131.4 147.9 146.2 138 118.6 116 129.1 136.9 140.6 136.9 126 117.5 116.8 123.5 133.8 148.4 158.3 163.2 167.2 166.9 164.8 168.7 176 184.8 197.4 208.8 219.7 226.5 232.3 239.1 246.1 252.6 258.8 265.7 272.2 279.3 285.4 291 295.4 297.9 300.1
278.6 271.5 263.4 255.6 248 242 236.7 230.1 221.8 216.5 211.4 212.8 211.2 208.2 205.3 201.5 198.3 193.8 190.4 188.7 186 182.8 177.8 173.2 168.7 167.9 175.4 176.4 174.6 172.4 170.3 166.5 150.9 123.8 97.1 84.8 107.9 126 141.7 143.8 137.3 125 105.8 111.7 122.8 124.1 114.4 100.1 91.1 87.6 96.8 113 129.2 145 154.8 156.3 153.4 154 163.3 175.4 186.5 203.1 217 228.5 234.8 239.9 242.1 246.6 251.7 258.1 264.7 271.3 277.6 283.7 288.7 292.7 295.3 296.8
285.5 279 271 259 250.2 244.3 238.2 230.9 223.8 217.9 211.3 206.4 200.7 197.6 199.9 201.2 200.9 197.6 194.5 192.2 189.7 186.6 183.7 179.8 174.6 166.8 167.8 171.3 170.3 168.6 165.5 163.9 157.9 131.3 103 83.7 105.2 121.2 135.7 141 137.2 131.3 113.3 100.4 106.7 107.4 96.2 82.4 78 79.3 75.2 88.9 110.4 128.6 141 145.9 144.3 152.9 166.4 175.4 187.9 204.6 215.7 225.6 233.1 238.7 242.5 247.1 252.4 258 265.4 272 277.4 283 287.7 290.9 293.3 293.9
293.3 287.3 278.4 266.2 253.9 246.1 239.7 231.6 224.8 219.1 212.8 207.7 199.6 195.4 195.1 201.3 203.5 201.5 197.6 194.7 191.9 189 186.6 184.3 179.5 170.5 160.4 162.2 162.8 161.9 160.7 158.8 155.1 138.6 112.5 80.2 98.8 116.1 131.5 137.4 136.3 130.9 118.7 102.2 91.8 92.8 81.5 78.8 104 114.4 91 73.5 90.5 111.9 121.5 135.1 145.1 157.6 168.6 177.7 188.4 202.4 212.3 222.1 228.3 233.2 240 247.1 254.2 260.7 266.8 273.3 278.3 283.3 287.4 290.8 292.3 292
297.9 292.7 284.8 272.7 260.7 247.4 240.2 233.2 227.3 220.3 214.2 210.5 206.7 199.4 192.6 201.6 205.4 205.7 202 196.8 192.2 189.3 186.3 183.9 179.8 173.7 164.6 153.9 149.2 149.9 151 151 148.4 142.1 121 90.3 91.4 109.4 126.4 133.3 134 128.7 119.8 106 90.1 80.9 78.8 100.7 124 128.5 109.3 80.3 75 111.2 125.3 138.1 147.5 157.4 166.8 173.2 184.2 195 206.4 215.9 224.4 232.5 240.8 248.8 256.1 263.1 269.7 275.4 280.3 285.1 288.4 291 291.5 290.8
300 294.4 287.6 276.7 265.8 251.6 241.3 234.3 228.6 221.9 217.1 213.4 209 199.4 189.9 197.9 204.4 205.2 201.4 195.4 191 186.2 183.3 179.8 176.2 171.6 165.7 159.3 151.7 134.1 135.6 139.2 137.4 132.4 124.9 99.9 88.3 100.7 117 127 129.3 125.8 116.7 104.7 88.1 78.2 92.6 114.6 128.9 133 117.2 79.2 75 98.5 111.7 122.9 133.7 144.1 150.7 158.3 175 192.7 205.5 215.6 224.4 234.2 242.6 250.8 258 266.1 274.2 278.7 283.3 287.8 290.6 292.5 291.3 288.2
301 295 287.6 278.3 267.2 252.6 243.7 236.3 230.3 223.2 218.6 213.3 208.2 199.7 184.4 188.1 196.4 198.4 197 191.5 187.2 182.2 178.1 174 169.1 165.5 162.3 158.6 153.2 146.5 131.2 127.4 129.8 131 125.1 106.8 89.9 91.7 102.9 114.2 120.5 118.7 108.6 97.9 78.5 84.9 104.7 122.1 134 134.4 126.4 93.7 74.1 78.4 92 105.1 116.4 129.9 132.2 154.7 173.5 190 204.5 217.8 227.2 236.7 244.9 252.5 262 272.2 279 284.1 288.7 292 294.4 293.2 290 285.7
300.8 294.1 286.8 277.3 267.8 253.9 245.8 236.7 231.2 225.3 218.6 212.1 205.4 198.1 186.3 177 181.9 185.2 184.9 183.3 180.3 175.3 171.7 165.4 159.5 156.9 155 152.4 149 144.9 140.2 127.3 123.1 124.1 122 113.4 94.6 89.7 93 97 106.7 107.9 98.4 82.9 83.1 98 114 129.6 138 141.6 127.5 115.1 85.3 73.2 73.5 88.1 100.6 114.1 122.8 145 167.3 188.6 203.7 217.7 228.2 239.6 248.7 261.4 270.8 278.5 286.1 289.9 292.5 294.3 294.7 292.9 289.1 284.1
298.6 291.9 284 275.3 265 255.9 247.7 239.2 233.5 227 220.4 213.1 205.5 196.6 186.9 177.9 168.6 172.8 173.9 171.4 168 162.1 153.2 149.5 146.1 142.7 141.1 141.9 141.5 140.1 137.1 131.8 119.5 118.6 122.8 117.1 101.2 85 86.1 86.9 93.3 96.9 88.9 79.2 92 105.3 121.6 133.4 140.8 143.8 140.6 125.2 110.3 85 72.8 73.8 85 96.1 113.1 134.6 157.7 183 200.6 216 230.6 245.2 256.4 266.1 275.5 283.7 288.8 294.1 295.4 297.1 296.6 293.4 288.8 283.6
295.4 289.3 281.8 272.3 263.8 256.8 250 242.1 235.9 230.5 223.5 215.9 207.8 201.1 190 179.7 169.9 161.4 164.1 162.6 159.1 152.9 144 139.6 132.5 127.2 123 128.2 131.8 134 133.2 130.3 121 112.6 115.5 111.8 105.1 84.1 83.7 85.1 84.9 84.2 82.9 82.5 100.1 112.8 125.4 135.7 142.2 144.1 145.1 137.3 122 105.5 85.2 70.6 72.4 83.3 101.8 123.9 150.2 177.2 196.9 215.8 234.4 250.2 263.2 272.9 280.7 286.6 292.5 297.6 298.1 299.7 298.1 294.3 289.5 283.9
290 284.6 278.9 272.4 264 257.7 251.7 245.2 239.5 236.1 229 223.1 214.7 205.1 195.4 185.5 178.7 169.2 163.3 159.8 155.6 149.7 150.1 152 149.4 142.6 129.9 117.7 120 126.9 128 126.8 122.9 115.3 107 110.2 100.9 84 82.2 84.6 83.9 83.3 82.5 88.2 106.2 124.4 131.2 138 142.6 142.8 142.4 138.7 128.5 116 101.3 84.6 68.9 71.8 90.4 115 145.1 173.8 194.8 215.8 235.1 252 267 276.5 283.7 290.4 296.8 300.3 301.7 301.6 299.1 296.1 290.4 284.6
282.6 280.6 277.6 273.1 266.6 259.1 253.4 248.1 243.7 239.8 234.5 228.4 221.5 213.4 201.5 191.4 183.9 176.5 170.3 166.3 165.4 162.9 160.3 159.5 157 152.2 142.4 126.5 111.3 116.5 118.5 117.3 116.4 109.5 99.3 94.9 84.9 85.3 85.5 85.1 84.7 83.3 83.8 98.8 122.1 134.1 138.3 142.1 144.5 144.4 139.1 132.8 126.3 115.9 103.5 92.9 78.5 67.7 80.2 112.3 144.9 173.5 194.5 214.3 234.9 252.6 267.8 278.4 287.4 295.5 301.1 304 305.4 304.4 301.9 297.5 291.4 284.9
273.1 274.2 275.4 273.8 269.4 263 256.8 252.1 248.4 242.9 238 232.6 225.7 218.1 207.4 195.2 186.5 180 175.2 172.4 170.6 166.8 163.2 159.2 155.2 150.6 141.6 129.5 109.6 105.8 104.6 102.4 99 96.1 89.3 85.6 83.4 87 94.9 100.3 101.6 103.1 108 121.1 137.5 142.3 145.8 147.9 148.1 145.3 137 128.3 116.1 108 98.6 89.9 74.8 67.6 89.7 118.6 145.9 171 193.6 213.5 234.3 252.1 270.3 287.1 296.9 301.8 305.1 307.4 308.1 306.3 302.9 297.5 291.3 284.9
263.7 269 273.5 275.2 274.1 269.5 262.8 257.4 252.4 248.3 242.2 236 229.2 220.6 211.8 199.8 189.6 183.9 178.8 174.9 171.9 167.6 162.8 157.3 152.1 147.1 139 128.5 116.5 103.5 99.3 96.4 93.4 90.8 86 84.5 86.9 96.1 105.8 113.9 121.4 127.5 134.9 142.3 147.5 152.8 155.3 156.8 156 150 137.6 122 110.5 100.5 91.4 80.7 66.7 71.1 103.2 128 150.5 172.9 195.5 217.5 237.7 255.6 277.6 295.3 309.3 315.1 315.7 319.3 317 310.1 303.5 297.6 291.2 284.7
257.2 263.2 271.8 276.1 277.5 274.5 269.7 262.1 256.8 251.6 245.6 238.9 232.2 222.9 214.5 204.2 194.8 187.2 181.6 177.2 172 166.8 161.5 155.1 148.4 142.5 135.1 123.8 116.5 104.7 97.1 93.4 90.3 87.4 85.5 83.8 93.3 105.3 116.8 127.3 136.1 141.4 147.5 152.7 157.6 164.2 171.1 172.6 170.8 163.4 141.2 122.1 105.7 91.9 82.1 70.7 71.3 89.2 112.3 137.6 161 183.4 202.3 226.6 244.1 261 280 297.9 309.4 315.7 317.6 316.5 314.4 312.8 309.9 299.1 293.1 287.1
246 257.2 266.1 274.1 277.8 277.8 274.5 266.8 259.1 253 247.1 240.8 233.8 223.6 215.9 207.6 199.6 190.7 184.1 178.5 172.3 167 161.4 155.1 145.3 136.6 127.8 117.4 109 102.7 96.4 90.9 87.9 86.1 87.3 91.8 103.1 116.3 130.1 138.2 145.1 152.1 157.5 163.3 174.9 184.2 186.6 187.3 186.9 174 148.7 124 101.9 83.1 71.6 66.3 80.9 100.3 121.5 145.9 171.7 194.2 217.2 236 251.6 264.8 283 299.8 305.9 308.1 308.5 308.6 306.5 303.9 302.9 300.5 295.1 287.9
242.1 254 262.8 272.4 279.1 281.4 278.5 271.4 260.7 255 248.2 241.5 233.6 223.6 216.4 208.1 201.7 194.5 187.6 180.1 173.2 166.4 161.1 153.9 144.8 133.5 123.4 113.1 104.5 102.5 98.2 88.6 85.6 88.3 95.5 105.4 118.5 132.7 141.9 151 158.2 166 174.3 183.8 190.5 193.4 192.5 191.7 188.3 178.9 152.9 126.3 98.2 71.9 64.3 70.7 86.2 108.7 130 155.1 181.6 203 225.7 241.5 259.2 274.5 284.7 289.4 291.9 294.3 295.7 297.8 296.8 296.6 296.2 293.7 287.2 281.4
237.2 252.4 263.1 272.4 280.3 282.8 281.4 274.1 261.6 254.3 247.7 240.9 232.6 223.5 214.4 207.2 201 194.2 188.5 181.5 174.2 165.9 160.6 153.9 146.1 136.3 122 110 96.9 91.9 86.2 87.5 89.6 97.6 109.8 124.8 134.7 146.6 155.1 163.1 171.2 178.9 184.2 188.4 191.7 191.8 190.8 186.9 186.3 179.7 152.4 123.6 93.4 65.8 68.4 72.4 90.9 114.8 140.3 165 192.4 215.8 232.1 246.8 265.1 273 278.7 279.8 280.6 281.4 283.6 285.4 286.8 286.9 284 279.7 275.8 270.1
227.6 249.2 264.8 279 281.2 282.6 280.4 274.1 263 254.2 247.3 239.5 230.3 222.4 212.4 205.7 199.2 193.4 188.5 183.6 179.8 169.7 161.5 157.4 149.7 138.2 114.5 94.3 88.6 86.6 88.5 90.3 101.2 118.1 131.3 138.2 146.6 156.3 165.5 171.6 176.6 178.9 181.3 184.4 186.4 185.7 182.6 181.2 180.6 175.5 148.2 119.9 89.3 63.8 68.7 74.3 98.7 124.3 149.9 176.8 197.1 215.6 231.7 242.6 250.6 257.2 265.8 269.1 271 272.7 273.9 275.2 274.8 273.7 272.4 269.2 265.6 262.4
220.1 243.9 265.7 277.8 283.2 282.1 278.7 272.7 262.7 251.5 245 236.5 225.9 216.4 210 204 198.4 193.3 189.1 185.7 184 178.7 164.5 159.3 141.8 129.2 107.6 89.5 88.7 87.1 90.8 93.9 109.6 125.3 134.6 142.4 152.3 160.3 169.9 171.7 172.2 174 174.8 177.2 177.7 175 174.5 175.3 172 169.3 142.9 116.6 82.8 63.5 68 81.4 104.6 124.2 145.3 166.6 190.1 208.8 228.1 240.9 248.2 253.7 258.7 262.3 265.6 268.2 269.2 268.5 267 266.3 265 261.8 260.5 258.4
211 237.8 263 274.5 279 279.4 276 269.5 258.1 246.3 239.4 230.2 220.6 213.5 206.4 201.5 197.4 192.8 187.2 178.4 167.1 154.3 142 130.3 122.2 106.2 92.7 90.1 88.9 87.8 91.5 101 111.9 128.2 137.2 144.4 153.2 163 168.3 170.5 169.6 168.3 168.4 168.9 167.6 165.5 166.9 166.2 164.1 157.8 138 113.1 78.5 64.4 69.4 84.3 101.7 119.5 138.4 160.4 180.5 201.4 222.3 236.7 246.5 250.7 254.3 257.7 260.7 262.4 263.6 263.4 262.8 261.7 259.5 257.3 254.7 253
198.2 229 255.4 267.6 273.2 272.2 269.4 262.2 250.9 239 230.4 223.3 216.5 210.1 204.2 199 193.1 187.2 180.1 170.2 158.9 148.7 136.6 126.7 117.3 103.3 91.8 90.1 89.4 88.7 89.9 107.7 120.3 130.7 137.7 144.6 152.8 161.7 166.7 167.8 167.4 165 162 161.2 159.1 157.9 158 154.9 151.4 144.3 133.1 111.4 78 62.2 71.1 84.3 100.2 117.5 136.5 155.4 176.6 197.9 218.1 232 240.8 245.6 248.8 252.1 255 256.4 256.5 256.4 257.4 256 254.5 252.8 250.2 246.2
186.9 221.2 249.6 263.2 264.4 265.1 260.9 253.9 244.5 230.4 223.6 217.8 212.5 206.3 201.1 194.3 186.3 181 171.6 162.2 154.3 145.5 132.6 124.2 113.7 98.2 93.2 91 90.4 88.5 89.5 107.8 122.7 131.6 137.8 144.4 152.2 161.1 165.9 165.5 163.7 160.6 157.1 154.8 151.9 149.4 147.1 142.6 136.5 129.1 120 106.4 77 61.9 71 83.9 98.6 117.1 136.9 153.9 177.8 199.5 217.8 228.5 235.9 239.4 242.2 245.8 248.3 249.6 249.3 249.4 249.5 249.3 248.8 247.1 245.2 242.2
186.9 219.9 246 257.1 257.8 256 251.6 243.8 234.2 221.4 216.2 211.7 206.7 201.5 195.3 187.1 178.7 172.8 165.2 157.5 151.2 142.2 129.3 123.5 113.2 94.3 93.9 91.9 91 90 89.2 95.1 122 131.2 138.7 146.5 154.5 160.9 164.1 161.5 160 156.2 153 148.3 143.1 138.1 135.1 129 121.8 113.8 106.2 98 68.9 63.1 70.5 83.6 97.5 119.3 141.5 159.6 180.4 204.6 216.6 223 228 232.3 234.9 238.9 241.6 243.5 243.4 242.7 242.6 242.3 242.5 239.6 237.5 235.6
