WholeMapElevations/data/ng/ng76_OST50GRID_20230518/NG76.asc
ncols 200
nrows 200
xllcorner 170000
yllcorner 860000
cellsize 50
[rows 0 to 36 of 200, columns 82 to 163 of 200]
110.4 113.2 115.2 115.3 114.8 116.8 116.8 116.6 115.4 113.8 113.8 113 112.1 112 112.2 113 113.7 114.7 115.8 116.3 116.6 117.5 117.1 115.8 114.4 112.5 111.2 110.2 109.2 108.2 107.3 106.4 105.5 104.5 103.5 102.1 99 94.9 89.7 81.9 78.2 71.7 69 66.7 67.8 79 82 85.6 88 90.1 92.9 97.4 101.1 105.1 117 120.2 125 123.1 120.4 121 121.6 122.9 125.2 127 128.2 127.9 129.1 130.7 131.3 131.7 130.4 128.9 128.4 128.1 126.8 124.6 121.5 118.6 115.1 113.4 109.9 107.9
111.8 114.2 116.7 118.5 119 120 120.2 120.2 119.2 118.3 117.4 116.6 115.8 115.2 115.8 115.8 115.8 116.8 117.8 118.2 119.2 120.1 119.9 119.4 117.7 115.7 115 113.7 112.4 111.7 110.8 109.9 109 107.8 106.8 106.3 104.6 101.3 94.5 90.8 85.2 78.9 74.6 70.9 68.4 74.2 82.3 87.1 90.5 94.1 96 97.5 101.2 104.1 108.2 117.7 120.7 124.9 129.2 125.7 125.3 126.5 128.2 130.2 132.6 132.2 132.3 132.2 132.1 132.8 132.7 130.5 130.1 129.4 128.3 126 123.6 120.8 117.4 115.6 113.3 113.9
112 115.2 117.9 120.2 121.7 122.8 122.9 123.3 123.3 122.6 121.3 120.5 119.7 118.9 118.6 118.7 118.7 118.8 119.9 120 120.7 122.3 122.1 122.2 121.3 119.2 117.5 116.5 115.6 114.9 114.2 113.3 112.1 111 110.5 110.1 108.7 105.1 103.5 99.6 93.3 86.4 83.7 76.5 73.2 68.2 77.7 86 89.8 94.3 96.9 99.8 103.8 106.9 110.6 113.1 119.6 122.2 127.7 133.6 132.9 130.8 131.8 134.1 135.8 136.8 138 137.2 136.6 136.4 138 137.1 135.3 134.4 132.4 130.6 129.7 124.5 122.3 120.5 119 119.2
112.4 115.1 118.2 121 123.7 124.5 125.7 126 126.2 126.3 125.4 124.4 123.6 122.8 122.1 121.9 121.7 121.5 121.8 122.5 123.1 124 124.5 125.2 125.1 123.6 121.3 119.9 118.6 118 117.4 116.6 115.3 114.5 114.2 113.9 112.3 111.2 109.6 106.7 100 93.3 91.5 86.1 81.4 73.9 72.8 81.4 87.9 92.2 97.1 101.9 105.4 110.4 113.4 114.5 120.2 123.4 127.2 133.3 134.6 135.8 136.6 138.7 139.4 140.4 141.8 142.9 142.9 142 141.9 140.5 140 138.8 137 135.6 135.2 135.4 131.1 127.3 123.5 123.8
111.2 115 118.8 121.6 124.4 126 127.6 128.5 129.2 129.2 129.3 128.3 127.5 126.7 125.7 125.5 125.3 125 124.5 124.5 124.7 125.9 126.7 127.2 127.5 126.9 125 123.7 122.1 120.9 120.3 119.3 117.9 117.5 117.3 117.2 116.3 116.1 114 111.5 102.4 102 99.4 93.7 89 82 80.2 78.2 84.6 91.1 95.7 100.6 105.2 110.4 114.3 119.6 120 123.7 130.9 133.1 136.3 138.2 140.7 142.4 142.3 143.4 145.6 148 149.4 150.7 147.3 144.3 144 143.1 142.6 141.5 140.6 140.8 140.7 138.3 133.4 128.6
109.4 114.5 118 121.2 124.7 127.1 128.9 130.4 131.2 131.6 132 131.8 131.5 130.7 129.9 129.1 128.8 128.3 127.8 127.3 127.5 127.8 128.3 128.9 129.7 129.3 128.5 127.2 125.7 123.8 123.5 121.5 121 120.5 120.5 120.5 120 119.4 118.6 115.7 112.1 109 101.8 102.6 94.6 89.1 86.4 81.7 81.3 86.1 93.2 97.7 101.9 107.3 113 117.3 119.7 123.5 129.4 133.7 137.2 140.2 143.3 145.1 144.3 144.4 146.1 148.4 151.1 155.4 154.4 150.3 147.9 148.8 147.7 146.6 145.9 146 146.3 144.8 144.6 138.2
108.3 113.4 117.3 120.7 124.4 127.7 129.9 131.5 132.9 133.9 134.6 134.6 134.4 134.1 133.7 132.6 132.1 131.5 131 130.5 130.2 130.9 131.3 131.4 131.1 131.3 131.2 129.8 128.4 126.8 125.7 124.7 123.2 123.3 123.6 123.2 123 122.6 122 120.9 119.1 114 109.4 109.5 104 98.8 92.5 89.1 85 85.6 87.9 94.8 99.6 104 108.2 112.8 117.3 121.7 126.1 133.7 137.8 143 144.8 145.8 144.7 146.4 147.8 150.3 151.8 154.9 155.3 160.3 157.4 153.7 154.7 154.1 151.1 151.2 150.9 152.1 152.4 147.7
107.5 111.2 116.4 120.1 123.6 127.2 130.3 132.5 134.2 135.5 136.4 137.3 137.3 137 136.5 135.8 135.2 134.7 134.2 133.6 133.2 133 133.4 133.7 133.8 133.4 133.6 132.5 131 129.6 128.7 128.1 126.5 126.5 126.2 125.2 125.1 125.5 124.9 124.5 123.5 120.9 112.1 116 112 107.2 102.7 94.6 91.4 89.3 88.6 90.3 96.4 101.3 104.9 109.1 113.4 118.3 123.9 130.7 138.4 140.7 144 144.4 144.2 146.2 148.7 152.1 153 154.6 156.2 158 162.8 159.7 160.7 163.2 160.3 157.3 157 158.1 158.4 156
107.4 109.6 114.4 118.6 122.3 126.2 129.4 132.3 134.9 136.6 137.7 138.5 138.7 139 139.1 138.8 138.2 137.6 137 136.4 136.3 136.1 135.8 135.8 136.1 136.2 135.8 135.3 133.9 132.8 132 131.3 129.7 129.1 128.2 127.6 128.1 127.9 127.5 127.6 126.5 122.7 117.9 121.2 118.4 114 108.4 101.6 96.8 93.4 92.5 89.1 92.9 99.2 102.6 105.9 109.8 114.6 119.3 124.3 133.1 136.9 141 143.2 143.6 145.3 148.4 152 153.2 154.6 156.1 157.2 159.6 161.7 166.5 164.7 163.8 162.4 161.8 162.2 162.8 160.9
106.5 109.1 111.6 116.6 120.1 124.4 128.5 131.9 134.1 136.8 138.1 139.6 140.2 140.4 141 141.1 140.9 140.3 139.7 139.5 139.5 139.3 139 138.7 138.5 138.5 138.5 138.1 136.9 136.4 135.1 134.3 133.5 132.2 130.9 131 131.1 130.8 130.5 130.3 129.8 129.4 127.5 126.5 125.4 120.3 116.5 109 102.8 97.3 95.4 93 92.9 97.1 100.7 104.4 107.8 111 115 121.4 127.2 133.4 136.4 139.9 141.7 144.8 148.2 150.5 153 154.5 155.9 158.2 159.6 161.7 166.1 167.2 166.9 164.6 164.5 165.2 165.7 164.2
105.4 108.1 110.9 113.8 117.7 122.5 126.6 130.3 133.7 136.8 138.8 140.3 141.3 141.9 142.2 142.8 143 143.1 142.7 142.7 142.7 142.4 142 141.6 141.2 141.1 141.1 140.2 140 140 138.9 137.8 136.5 134.9 133.6 133.8 133.6 133.2 132.9 133 132.9 132.7 131.7 131.3 129.5 126.4 122.9 116.8 112.3 107 99 96.8 92.6 94.9 98 100.3 104.5 108.5 112.7 117.3 122.5 128.9 132.6 136.1 139.3 143 146.8 149.6 152.5 153.4 155.9 159.8 160.4 162.2 164.3 167.4 167.7 167.3 167.3 167.9 168.2 166.8
102 105.8 109.4 112.7 116.1 119.4 123.2 127 130.5 135.2 138.4 140.5 142.1 143 143.4 144 144.7 144.9 145.1 145 145 145 144.7 144.2 143.9 144 143.7 142.7 142.3 142.5 142 140.8 139.4 137.8 136.3 136.7 136.4 135.7 135.5 135.6 135.7 134.6 134.6 134.4 132.7 131.9 129.5 125.2 119.4 113 106 100.5 97.9 97.6 96.1 99.4 100.2 104.2 109.7 114.6 120.9 124.9 128.8 132.9 135.9 140 147.3 147.6 151.2 151.7 155.3 157.6 159.5 161.3 164.1 166.7 168.1 170 168.9 169 169.6 170
99.8 104 107.3 110.6 114.9 118 121.3 125.3 129.6 133.9 137.2 139.7 141.5 143.6 144.6 145.3 146 146.6 147 147.1 147.1 147.1 147.2 146.9 146.7 146.8 145.9 145.4 144.9 144.8 144.8 143.9 142.4 141.2 140.3 139.6 139 138.2 138.2 138.3 138.2 137.5 137.7 137 136.1 136.3 134.6 131.3 126.2 121.7 115.9 108.2 103.5 100.8 99.8 100.6 101 100.9 104.8 111.9 118.3 122.1 125.9 129.3 133.3 137.9 144.7 145.2 149 150.4 152.8 155.7 159 161 163.7 166 167.7 170.5 171.5 169.5 169 169
99.8 100.3 104.5 108.4 112.4 116.4 119.7 123 126.3 131.2 134.9 138.3 140.6 143.1 145 146.5 147.2 147.8 148.3 148.7 149.1 149.2 149.3 149.3 149.3 148.8 148.5 148.3 148.1 147.9 147.5 147 145.8 144.5 143.2 142.6 141.4 141.1 141.1 141.2 140.8 140.1 139.8 139.4 140.1 139.3 138.8 136.6 133.3 129.5 123.8 117.5 111.6 106.6 103.4 102 103.6 104.7 103.8 107.7 113.9 118.4 122.4 125.9 130.2 134.8 137.3 141.8 146.5 148.9 151.1 153.2 156.5 159.9 162.9 165.5 167.2 170.1 170 169.1 169 169
100.3 101.3 102.5 105.2 109.1 113.6 116.8 120.9 124.8 128.6 132.5 136.1 139.7 142.5 144.4 146.4 147.7 149 149.5 150 150.5 151 151.3 151.3 151.2 150.7 150.9 150.8 150.6 150.4 150.1 149.6 148.7 147.4 146.1 145.3 144.3 144 143.9 143.8 143.3 142.8 142.7 142.4 142.2 142.2 142.1 141.3 139.6 135.7 131.9 124.7 121.3 116.7 111.7 106.7 105.3 107.8 107.5 107.2 108.8 113 118.4 121.3 125.9 129.2 133.8 138.6 142.6 146.1 149.1 151.4 154.3 157.7 160.9 168.1 167.2 169.4 168.5 168.6 168.9 169.5
97.7 99.7 102.8 104 106 110.5 114.6 117.8 121.5 126.7 130.8 134.9 137.6 140.5 143.3 145.2 147.5 148.8 150.1 151.3 151.8 152.3 152.8 153.2 152.9 153.1 153.3 153.3 153.1 153 152.8 152.2 151.7 150.3 149.3 148.4 147.3 146.8 146.8 146.4 145.9 145.6 145.5 145.3 145.3 144.6 145.2 144.9 144.4 141.8 138.8 133.6 129.7 123.4 119.6 116 110 111 113.4 111.1 111.5 113.2 116 118 122.8 125.6 131.1 135.1 138.5 142.5 146.3 149.2 152.1 155.6 159.8 165 168 167.9 168.1 168.5 168.8 169
92.7 96 100.6 103.1 104.1 108 110.3 113.5 118.4 123.3 128.1 131.5 135.7 138.9 141.7 144.1 146.9 148.4 149.9 151.4 152.7 153.6 154.1 155 155.3 155.5 155.7 155.8 155.6 155.6 155.4 154.9 154.3 153.5 152.3 151.4 150.3 149.7 149.4 149 148.5 148.3 148.5 148.2 148.1 148.3 148 148.1 147.5 146.6 144.8 142 137 132 127 123.9 115.4 114 118.2 115.1 115.4 114.5 118.1 119.2 120.5 123 126.5 131.9 134.8 139.8 144.3 146.9 150.3 153.9 158.2 163.3 165.5 167.9 167.9 168.3 168.6 169.5
93.2 94.9 96.5 100.5 103.4 106.2 108 110.3 116 120.4 126 129.2 132.9 136.5 139.3 142.5 145.6 147.5 149.7 151.3 152.7 153.9 155.2 156.2 157 157.8 158.1 158.2 158.2 158.1 158 157.6 156.9 155.7 155.2 154.7 154.2 153.3 152.2 151.7 151.2 150.1 149.8 150 150.3 150.5 150.5 149.9 150.5 149.6 148.7 147.7 145 139.6 137 131.4 126 119.1 119.8 118.9 120.1 119.7 118.2 119.4 121.1 122.4 124.7 128.1 131.6 136.7 140.4 145.2 148.8 152.3 158.6 163.1 164.9 167.9 168.5 168.1 168.1 169.6
94.6 94.2 95.1 97.6 101.5 104.9 107 109.3 112.3 117.6 122.2 126.1 128.9 134 137.7 140.6 143.5 146.7 148.8 150.8 152.7 154 155.5 157.1 158 159 159.8 160.5 160.7 160.7 160.6 160.2 159.7 159.1 158.4 157.9 157.4 156.3 155.2 154.4 153.4 152.3 152 152.2 152.5 152.6 152.9 153.1 153.2 152.8 152.3 151.8 149.8 148.2 145.2 140.3 130.9 127 123.5 124.4 124.3 123.4 123.7 126.2 122.8 124.3 123.7 127.5 130.6 133.6 138.1 143.5 147.5 150.5 153.8 160.9 165.5 165.2 168.7 166.2 167.1 169
94.3 93.8 94.6 98 99.4 102.3 106 109 111.9 115.4 118.8 122.4 125.7 130.1 135.1 138.8 142 145.3 148.2 149.9 152 154.2 155.8 157.3 158.9 160 161 162 162.5 162.9 163 162.9 162.4 161.8 161.2 160.8 160.2 159.1 158.1 157.6 156.7 155 154.8 154.6 154.7 154.8 154.7 154.7 154.5 154.7 154.9 154.3 153.1 151.9 150.8 148.2 137.5 133.7 128.5 128.8 127.1 127.4 127.4 130 130.1 127.3 126.5 125.8 129.7 132.8 135.4 139.2 143.6 146.6 150.6 153.9 159.3 166.5 169.5 167.2 167.1 169.1
89.5 90.2 92.3 96.9 98.7 100.3 103.1 107.1 110.6 112.8 115.8 118.8 122.4 126 131 135.6 139.7 143.2 147.1 149 151.8 153.8 155.5 157.1 159.1 160.9 162.1 163.1 164.2 164.6 165.1 165.1 165.2 164.6 164 163.5 162.7 161.7 160.7 160.1 159 157.8 157.5 157.3 157 156.9 156.7 156.5 157.2 157 157.2 157.3 155.8 154.9 154.4 152.5 148 136.4 138 132.6 135.1 133.5 130.8 132.4 132.4 131.3 127.5 129.1 128.1 130.9 134.1 136.4 140.8 143.7 148.5 151.7 155.1 162.4 167 168.4 166.2 168.4
88.1 89.4 91.6 94.9 97.9 99.9 102.8 106.5 110.1 112.2 114.1 117 120.7 124.5 128.2 132.3 136.9 141 144.1 148.4 151.1 153.5 155.5 157.5 159.4 161.2 163 164.2 165.3 166.3 166.7 167.2 167.3 167.4 166.8 166 165.2 164.4 163.5 162.5 161.9 160.8 160.3 159.9 159.6 159.4 159.2 159.7 159.8 159.2 158.6 159.5 158.9 158.2 157.2 156.3 154.9 146 143.8 140 138.1 139.3 136.8 136.7 136.7 134.7 130.3 134.3 132.9 132.1 132.1 134.6 137.5 142.5 147.5 151.1 155.2 159.2 168.4 173.5 166.2 167.5
89.3 91.1 91.5 93.9 97.9 100 103.6 106 108.4 110.3 113.3 116.1 119.1 123.1 126.8 129.9 134.7 138.2 142.8 147 149.9 152.5 154.7 156.9 159.4 161.6 163.3 165.1 166.4 167.7 168.5 168.9 169.3 169.4 169.6 168.7 167.9 167 166.4 165.8 165.1 163.8 163.4 163 162.6 162.2 161.8 161.9 162 162.1 161.4 161.2 160.6 161.1 160.1 159.2 158.3 154.6 147.7 148.5 146 146.7 144.7 140.8 142.2 137.5 132.1 135.4 132.8 134.7 134.6 132.6 135.2 139.9 146.1 150.9 155.5 160.1 162.2 169.5 170.6 168.4
86.6 90.4 91.7 92.1 94.5 98.4 103.4 105.1 106.6 109.1 112.4 115.3 117.7 121.5 124.7 127.1 131.3 136.8 141.4 145.5 148.1 151.3 154.5 157 159.2 161.4 163.6 165.6 167.2 168.6 170 170.6 171 171.1 171.3 171.5 171.2 170.7 169.8 168.9 167.7 166.8 166.4 166 165.6 165.1 164.4 164.3 164.4 164.5 164.3 164 163.6 162.8 162.7 162.5 161.7 158.1 151.3 155.4 151.9 150.2 150.5 149.9 144.7 140.4 135.5 137.3 136.7 135.8 136.5 137.2 135.2 137.4 144 147.8 157 158.8 158.6 162.6 169.2 169.2
82.4 86.4 89.4 90.6 93.2 96.9 101.4 105.3 107.6 109.8 112.1 114.5 117 119.6 122.5 125.9 129.7 133.4 138.8 143.7 147.4 150.9 153.6 156.7 159.4 161.7 163.9 166 167.7 169.2 170.6 171.9 172.6 172.8 173.2 173.6 173.8 173.4 172.5 171.8 171.1 169.8 169.5 169 168.6 168 167.3 166.6 166.7 166.7 166.3 165.2 165 164.6 164.5 164 162.7 156.3 158.4 159.9 161.3 155.7 158.1 155.6 147.4 149 142.5 140.8 142.2 137.7 138.4 138.8 138.5 138 141.6 146 150.2 154.1 157.6 159.9 166 166.3
79.8 83.2 86 88.6 92.2 95.6 98.5 102.9 106.6 109.4 111.8 114.3 116.8 118.9 121.6 125.1 128.8 132.2 137.6 141.6 146 149.5 153.1 156 158.8 161.7 164.3 166.2 168 169.5 171 172.5 173.7 174.8 175.3 175.8 176.1 175.8 175.7 175.1 174.4 173.2 172.5 172.1 171.5 170.9 170.3 169.4 169 168.8 168.5 167.8 168.3 167.3 167 166.7 164.4 159.9 163.3 162.8 165.3 160.9 165.8 161.2 152.5 154.8 150.7 146.2 144.9 140.7 142.2 142 142.3 139.8 141.3 145.6 148.9 152.1 158.9 158.7 160.3 162.2
79.8 84.3 87.4 89.7 92.4 95.4 97.9 100.3 104.4 108.3 111.5 114.1 116.7 119.4 121.9 125.1 128 131 135.5 140.1 144.4 147.9 151.8 155.4 158.5 161.6 164.3 166.2 168.2 169.6 171.2 173.1 174.7 176 177.1 177.7 178.3 178.1 178.2 178.1 177.7 176.8 175.9 174.9 174.3 173.6 173 171.9 171.8 171.6 171.3 170.8 170.4 169.6 169.3 168.8 166.6 165 166.1 166.2 167.8 167.6 169 168.5 156.4 161.8 158.8 153.1 147.3 145.3 142 143.8 145.3 144.1 143.5 142.4 145 146.4 153.7 156.9 158.3 160.3
80.2 84.8 87.7 90.2 92.7 95.4 98 100 102.9 105.5 110.1 113.6 116.3 119 121.5 124.4 127.3 130.2 133.3 137.4 142 146.4 150.6 153.5 157.2 161.4 164.2 166.3 168.3 169.8 171.6 173.5 175.5 177 178.3 179.5 180.4 180.5 180.6 180.7 180.5 180.1 179.1 178 177.2 176.5 175.8 175.3 174.9 174.4 173.9 173.5 172.5 172.3 171.2 171.7 171.1 165.6 168.1 168.3 169.2 170.5 172 169.7 162 166.2 165.2 158.2 154.4 153.5 146.9 146.9 147.1 147.4 146.3 146.7 145.9 147.8 147.4 151.3 156.4 158.5
77.5 84.7 86.9 89.7 92.5 95.2 97.5 99.5 102 103.5 107.8 112.3 115.3 118.3 120.7 123.4 126.4 129.5 132.2 136.2 139.9 143.8 149 152.5 157.1 160.9 163.9 166.4 168.5 170.2 172.1 174 175.9 177.8 179.3 180.5 181.7 182.9 183.1 183.1 183.1 182.8 182.3 181.1 180.2 179.4 178.7 178.2 177.7 177.1 176.6 176.1 175.6 174.8 174.1 174.3 173.3 173 169.1 170 171.2 173.3 170.9 174.3 163.7 166.8 170.2 166.9 161.1 161.3 153.3 149.5 151 149 148.7 148.4 148.2 149.3 150.7 150.4 154.9 156.6
69.1 79.2 84.9 87.8 89.4 94 96.7 99.1 100.4 102.2 104.7 108.9 112.7 116.1 119.9 122.5 125.5 128.4 130.9 134.7 138.3 141.7 147.1 152.2 156 160.3 163.4 166.2 168.7 170.5 172.3 174.1 175.9 177.7 180 181.4 182.8 184.3 185.3 185.7 185.7 185.5 185.1 184.2 183.3 182.4 181.6 181.1 180.5 179.8 179.3 178.8 178.3 177.7 176.4 176.5 175.6 176.1 173.1 171.9 173.3 173.6 171.6 175.4 174.9 167.6 173.4 172.9 164 167.8 159.1 156.6 154.6 152.7 152.1 151.6 152.1 151.2 153.1 153.5 153.3 155.8
70.9 77.5 82.8 86.2 90.1 95.6 99 100 101.6 103.1 103.6 106.5 110.7 114.1 117.8 120.1 122.2 126.7 129.5 132.9 136.5 140.1 145.4 151 155.6 159.6 162.9 165.1 168.2 170 171.8 173.6 175.4 178 180.3 182.1 183.9 185.4 186.8 187.6 188.1 188 187.8 187.3 186.4 185.5 184.6 183.9 183.2 182.5 182 181.5 181 180.2 179.5 179.1 177.8 178.4 176.6 174.6 174.8 175.3 174.1 175.4 177.5 169.2 174.2 173.4 171.6 169 165.5 162.9 161.6 159.4 156.9 155.7 154.4 152.8 154.6 154.4 155.8 156.6
72.3 78.9 83.2 84.8 89.8 96 99.7 101.4 102.9 104.1 104.6 106.2 110.5 114.9 117.7 121.3 124 124.8 129.2 131.9 135.4 139.1 143.8 150.1 154.4 158.6 161 164.8 167.5 169.2 171.3 173.1 175.5 178.2 180.4 182.2 184.2 186 187.8 188.9 189.8 189.9 189.9 189.9 189.5 188.7 187.9 187.1 186.3 185.5 184.7 184.2 183.7 182.3 182 181.5 181.1 179.8 179.5 179.9 176.6 175.9 174.7 176.9 178.9 176.2 175.6 176.9 175.4 169.6 168.5 169 165.6 164.4 162.2 159.7 159.9 158.2 157.8 157.1 158.2 159
71.6 79.6 81.3 82.4 90.6 95.6 96.4 100 103.3 105.6 105.8 106.2 109.7 113.2 117.6 121.3 124.8 127.4 129.1 131.8 134.6 138.4 142.5 148.7 153 157.4 160.5 163.4 166.2 168.2 170.3 172.9 175.3 177.6 180 182.2 184.2 186.2 187.7 189.1 190.6 191.8 192.4 192.4 192 191.7 191.2 190.3 189.5 188.7 187.8 187.3 186.1 185.2 185.1 184.9 184.8 183.6 182.3 183.6 183.5 182.6 178.3 176.3 180.9 180.9 180.1 182.4 181.4 174 172 172 169.5 168.4 167.5 165.7 163.3 163.3 161.8 159.7 160.4 161.7
70.2 75.2 76.9 78.2 83.4 86.8 93.4 99.5 102.8 105 105.6 107.1 108.1 112.4 117.8 121 124.3 128.3 129.7 131.4 133.2 136.5 141.3 146.3 151.2 156.5 159.2 161.9 164.1 166 168.4 171.6 174.5 177 179.5 181.8 183.7 186 187.9 189.6 191.2 192.7 193.1 194.2 194.3 194 193.7 193.3 192.7 191.8 190.9 190.4 189 188.1 188 187.9 187.3 186.6 185.7 184.6 185.9 185.2 183.2 177.2 180.7 183.2 184.2 185.9 185.7 179.6 175.6 174.9 172.9 172.6 172.2 170.5 169.2 167.6 165.3 164.1 162.6 163.2
61.9 74.1 75.9 79.1 78.4 80.5 89.6 97.6 101.2 101.4 103.4 105.9 107.1 109.5 116.7 120.5 124.1 128.3 130.6 132.5 134.6 136.4 139.7 144.3 148.8 153.2 156.9 159.8 161.9 163.8 166.1 169.6 172.7 175.2 178.6 181.1 183.9 185.8 187.7 189.5 191.4 193 193.9 195.1 195.7 196 195.7 195.4 195.3 194.9 194.1 193.1 191.9 191.1 191 190.7 189.8 188.9 187.9 188 187.4 188.2 187 183.1 178.8 183.9 186.3 186.3 187.7 180.3 178 180.8 177.3 175 174.7 174.1 173.2 172.1 170 168.7 166.6 165.1
60.1 70.6 76.7 80.8 75 76.1 84.1 90.7 94.4 94.8 101.9 105 105.9 108.3 114.1 120.3 122 128.9 131.5 133.9 135.4 137 139.4 142.6 146.8 151.2 156 158.6 160.2 161.5 163.9 168.1 170.5 172.9 176.4 179.6 183.1 185.5 187.3 189.2 191.1 192.9 194.5 195.8 197.1 197.6 197.9 197.9 197.7 197.3 196.9 196 194.9 194 193.9 193.2 192.5 191.5 190.4 191 190.5 189.6 190.1 188.8 185.8 182.5 186.4 188.8 189.6 188.8 184.5 179.8 179.5 179.7 177.8 177.2 177.1 176.7 175.1 174.2 171.6 168.8
55.5 67.5 71.6 71.7 70.5 70.2 74.8 79.1 86.4 90.9 96.7 103.3 103.4 107.3 111.9 116.3 117.6 128.8 132.6 135.1 136.4 137.3 139.4 142 145 149.4 154.2 157.1 158.2 159.3 162.5 165.3 168.4 170.9 174 176.7 181.2 184.5 186.7 188.6 190.5 192.4 194.5 196.2 197.5 198.9 199.5 199.5 199.8 199.7 199.3 198.7 197.8 197 196.5 195.9 195.3 194.4 193.6 193.1 193 192.7 191.9 192.2 191.2 189.3 188.7 190.3 192.3 192.8 190.3 180.6 183.7 187 184.5 180.5 179.5 179.8 178.8 175.8 175 173.5
