UK/data/nh/nh68_OST50GRID_20230518/NH68.asc
ncols 200
nrows 200
xllcorner 260000
yllcorner 880000
cellsize 50
[rows 105 to 139 of 200, columns 0 to 78 of 200]
338.2 330.9 324.2 318.9 315.6 311.1 305.6 302.2 298.3 293.8 289.6 285.4 282.4 277.3 273 268.9 264.6 261 257.4 253.4 252.2 250.5 247.2 243.8 240.6 238.9 236.9 235.6 234.2 233 231.5 229.8 228.2 226.6 225.9 224.7 225.9 225.6 224.3 223.1 221.4 223.1 222.5 225.5 224.8 224.8 224.5 222.9 218 217.2 217.8 217.8 213.3 203 201.5 209.3 218.3 216.2 216.9 221.1 226.3 231.8 239.1 246.3 253 267.7 278.9 289.2 298.8 308.7 318 325.5 332.8 341.3 352.4 358.1 360.4 359.7 357.9
340.3 333.4 327.5 321.2 315.4 310.6 306.5 303.5 298.4 293.4 290.4 289.5 285.9 281.5 277.3 273.1 268.8 265.1 261.8 259.6 258 255.4 252.6 250.2 248.5 247.1 245.6 243.9 242 241 239.9 237.4 235.4 234.3 232.7 232.5 232.6 230 230 228.7 225.8 227.9 228.9 229.6 225.4 228 226.3 224.2 222.9 224.3 224.1 221.9 210.4 209.4 203.1 211.8 219.8 219.9 221.3 225.2 229.6 235.9 242.9 254 264.1 273.2 280.8 290.5 299.8 308.9 317.6 325 332 339.9 348 354.9 358.9 360.1 361.7
341.5 335.2 329.4 323.3 317 309.2 306.8 301.9 298.7 294.9 292.2 290.4 287.1 284.3 280.4 276.8 273.3 269.7 266.4 265.8 264.4 262.6 260.5 259.1 257.3 255.2 254.4 252.6 250.7 249.5 248.4 246.3 244.4 242.9 240 239.8 238.6 234.7 236.4 235.7 231.9 234.2 233.9 233 231.2 231.6 229.8 231.3 229.3 229 227.6 224 218.9 218.2 208.2 206.3 221.9 223.1 225.8 229.8 235.8 241.2 250.8 260.5 269.2 279 287.1 294.8 301.6 309.5 317.2 328.2 336.7 343.9 349.7 356 360.1 361.8 364.2
343.2 337.3 330.9 324.7 319.5 315.5 309.7 304.6 300.6 297.8 294.1 291.2 288.4 285.8 282.6 279.6 274.4 273.9 272.5 273.1 270.5 271.1 269.7 268.2 266.4 263.7 262.2 259.6 258.4 257.5 255.6 253.4 251.1 250.1 247.5 246 245.1 243.8 243 242.2 239.2 241.6 239.9 238.4 237.6 236.6 234.9 235.3 233.9 233.9 232 228.5 221.2 227.4 212.1 215.5 224.5 227 230.2 235.1 240.5 247.7 256.2 264.7 274.2 283.4 292.7 300.4 308 313.7 320 329.5 338.4 347.1 352.8 358.2 362.9 366.4 372
345.2 338.8 332.6 327.4 323.9 319.7 314.4 308.7 304.2 300.8 296.1 292.2 289.4 286.9 277.7 279.3 281.2 281.9 281.1 281.4 279.2 280.1 278.4 275.7 275.4 273.3 271.4 269.9 266.6 266.3 262.9 260.8 258.8 257.4 255.4 254 252.7 251.1 250.5 246 248.5 247.3 245.9 244.5 243.6 241.7 239.6 239.2 238.3 236.3 233.4 229.1 228.7 223.8 214.7 220.6 226.6 231.1 235.3 240.8 247 253.4 260.4 270.6 279.6 288.9 299 307 314.8 320.5 326.5 333.7 341.5 349.4 356 361.9 368.6 372.9 378.2
347.9 341.1 336.6 330.8 327.5 322.5 317.3 311.5 306.4 303 298.5 293.4 289.5 283.6 286.5 287.7 288.3 287.5 288.1 288.6 286.5 288 285 284.8 283.8 283 277.5 277.8 276.6 275 272.9 269.7 266 264.3 263.5 261.9 260.5 258.2 257.9 257.2 254.9 253.4 251.2 251.4 248.8 246.6 244.5 242.1 240.6 235.5 233.5 232.6 231.7 225.4 219 225.6 231.2 235.6 240.3 246.5 252.8 258.8 266.9 275 285.6 297.1 306.7 315.9 323 329 335.1 342.3 348.5 353 360.9 368.5 377.4 382.3 388.9
350.6 343.2 339.2 336.2 332 326 319.6 313.4 306.9 302.5 298.3 295 287 292.1 292.7 293.1 293.4 295.3 294.2 296.1 292.7 295.6 293.8 293.6 292.4 291.9 289.7 287.2 285.9 282.6 280.5 277 273.6 270.7 270.5 269.8 267.5 267.3 265.5 263.4 261.5 259.8 257.5 256.6 254.5 251.4 248.7 246.5 243.4 242.2 239.5 237.3 231.6 221.1 225 229.1 235.4 240.2 245.5 251.1 257.2 264.5 272.9 282.8 293.5 304.3 315.4 324.4 331.5 338 344.4 350.7 354 359.6 368.1 376.1 381.7 390.3 397.5
354.6 348.8 346 342.4 337.5 331.3 322.7 313.7 307.7 303.1 298.3 295.6 288.6 295 296.1 298.4 299.5 302 302.4 304.3 303.8 304.9 303.1 302.9 301.3 300.1 298.5 297.3 294.1 291 290.4 287 285.2 279.3 279.7 278.7 276.3 276.4 273.6 270.8 269.4 267.6 265.2 262.9 259.7 257 254.9 251.4 249.8 246 244.6 239.6 235.8 236 224.5 235.8 240.2 245 250.7 256.4 263.1 269.8 277.7 287.7 299.6 312.1 323.7 332.9 342.1 349.4 353.8 356.3 359.9 368.8 377 383.3 386.4 391.3 397.4
360.2 353.9 351.1 347.8 341.4 332.7 323.4 313.3 306.7 302.7 298.9 298.4 290.7 298.2 301 302.8 304.4 307.5 308.7 312 313.4 313.6 311.8 311.7 310.6 308.7 307.8 306 303.7 299.6 298.4 294.1 287.7 290.7 285.7 287 287 285.2 282.3 280.7 278 274.9 271.5 271 267.2 263.2 260 256.4 254.1 250.5 249 246.3 243.6 232.7 233 242.7 247.2 250.4 256.1 262.1 269.1 276.8 284 290.3 302.2 315.7 329.6 340.7 350.2 359.1 362.3 364.4 367.4 374.5 382.1 386.4 394.4 399.5 400.8
366.3 362.9 357.3 350.3 342.7 334 325.7 316.8 309.2 305.2 304.8 304.1 295.4 300.5 305.5 308.7 310.4 312.8 315.4 317.6 321 321.7 321.4 321.6 320.7 319.4 317.4 315.2 312.5 309.1 306.6 301 297 300 294.6 296.2 296.7 293.5 290.5 288.5 285.5 282.2 279.2 276.8 272.5 269.2 264.5 262 259.3 257.1 254.7 247.7 247.2 228.6 242.4 247.1 251.5 256.5 261.9 269 275.2 282.7 290.6 299 307 320.8 335.7 349.3 359.5 367.2 372.3 375.4 379.7 382.8 391.4 395.2 399.1 406.4 412
374.5 368.7 360.7 354.6 346.7 339.3 330.8 321.5 312 308.6 308.4 308.8 305.5 303.5 311.1 314.8 316.2 317.7 321.3 322.6 327 329.5 329.9 329.9 329.2 328 326.5 324 322 319.4 315 311.3 311 310.2 306.8 305.2 304.6 301.5 298.2 295.1 291.6 288.3 284.6 280.4 276.9 273.4 269.5 266.9 264.1 261.7 259 252.2 249.7 232.7 244.8 250.9 256.6 261.5 268 272.3 279.7 288.7 295.3 303.8 314.3 327.5 340.7 355.7 367.1 377.5 385.4 389.8 393.5 399.4 407 408.2 407.9 414.9 425.3
380.7 372.6 365.9 360.1 353.1 344.8 335.9 325.7 316.9 313.5 314.1 306.1 308.3 306.3 319.3 322.3 323.1 323.9 327.8 330.5 334 336.5 337.2 337.2 336.7 335.9 333.8 331.8 329.1 326.9 321.9 321.3 320 318.2 315.8 314.3 312.1 308.5 305.3 302 297.8 293.9 289.4 284.9 280.8 277.3 273.8 270.4 268 264.6 263.2 258.8 254.1 239.2 244.4 256.2 261.2 266.8 273.1 280.2 284.5 290.6 300.9 309.8 317.1 332.6 346.5 360.4 375.2 387.2 396.2 403.6 412.4 419 423.5 422.6 421.7 421.2 431.4
384 377.5 371 363.3 355.3 347.4 339.4 329.1 322.6 321.3 312.6 314.1 321.9 315.9 316.9 329 329.8 330.5 334.5 337 340.8 342.7 345 345.1 345.7 344.6 343.3 340.7 337.6 334.5 330.6 329.5 328.7 327.8 325.5 322.1 319.3 315.5 311.6 307.1 303.6 299.5 295.1 290.7 285.4 281.8 277.4 274.1 271.2 268.6 266.3 263 243.4 246.5 253.6 262.7 266.7 272.8 278.7 285.4 292 298.5 304.1 314.8 326.4 337.4 352.2 365.9 381.8 395.2 407.1 417.1 426.3 431.2 434.9 435.2 432.6 431 435.4
391 385.7 378.1 369.9 360.7 351.5 343.5 334.4 332.2 322.5 318.4 321.1 330.9 319.6 332.9 335.2 338.1 338.3 341.9 344.8 347.6 350.4 352.8 354.5 353.4 354.9 354.1 353.4 349.9 344.2 340.3 340.7 340.9 337.8 333.8 329.4 325.7 321.3 316.9 312.2 309.3 304.7 299.9 295.1 290.6 286.2 281.9 278.5 276.6 274 270.5 265.6 247.2 250 263 267.7 272.2 279.4 286.1 291.4 298.2 305.8 314 320.9 331 343.5 358.2 374.1 390.3 405.7 419.4 430.6 440.8 446.8 447.7 445.9 443.3 441.1 443.1
400 393.9 386.9 378.4 369 360.3 350.4 343.1 335.6 322.9 331 334.1 336.7 335.7 334.3 339 345.4 347 349.8 353.4 356.1 358 361 363.8 362.9 366.3 371.2 369.2 364 355.9 354.3 352 349.1 345.5 341.1 336.2 332 326.5 321.5 317.7 313.4 308.5 303.6 298.4 294 289.8 285.5 282.5 278.6 274.6 269.7 258.2 247.9 254.5 268.4 272.2 277.5 285 292 298.8 304.6 312 320.2 328.6 340 349.7 365.3 382.8 400.3 415.7 429.7 443 457.8 461.7 460.6 458 451.8 445.5 440.2
406.9 402 393.3 386 377.3 368.4 358 349.9 343.6 330.5 341.1 343.4 343.2 345.4 338.4 340.7 352 355.2 357.7 361.6 364.6 366.5 369.3 372.9 375.5 382.2 386.1 384.6 378.2 373.1 366.3 360.2 355.3 351.5 346.8 341.7 337.1 331 327.4 322.2 317 312.1 306.7 301.4 296.3 291.8 287.9 283.8 279.8 274.6 269.2 257.3 251.3 264.5 274.9 277.8 282.6 289.3 297 303.9 310.7 318.1 326.1 335.4 346.3 357.4 373.3 390.8 408 423.8 437 451.1 464.9 472.3 466.6 464.4 453.7 440.3 438.9
411.9 407.6 400.4 392 383.1 373.9 364.8 356.5 351.2 339.8 347.5 350.4 350.1 351.6 345.2 352.8 355.7 362.4 366.9 369.9 373.2 375.4 379.3 383.3 390.3 396.8 400.2 399.1 394.1 388.1 380.5 372.4 365.3 358.7 351.7 346.1 341.1 336.5 331.3 326 319.8 313.8 308.5 303.1 297.9 293.2 289.5 286.2 281.6 274.1 269.3 257.9 255.3 275.7 280.3 283.2 287.5 293.8 300.9 308.9 316.1 323.6 331.4 341.7 352.7 366.5 381.3 399.6 416.1 430.8 444.2 456.3 467.9 475.6 469.8 462.7 454.4 438.9 438.9
418 413.7 406.6 398.3 390.5 382.2 373.2 363.5 356.2 349.5 354.9 357.4 357.1 357.6 354.8 360.2 363.2 369.7 374.6 378 380.9 384 388.1 392.4 400.3 407.3 411.2 410.8 407.2 402.2 396 387.7 378.2 368.4 359.2 351.6 346 340.4 334.4 327.5 320.7 314.3 309 303.6 298.9 295 291.8 287.7 280.4 279.2 271.9 258.2 271.2 285.1 285.4 288 291.9 297.7 304.5 313 321.3 329.2 337.6 347.2 358.6 373.1 388.8 406.3 421.5 436.2 449.9 459.8 463.4 467.1 469.6 458.4 446.8 440.9 438.9
422.8 417.3 411.2 404.6 398.5 391.1 381.8 370.8 354.9 360.5 362.4 364.4 364.7 365.5 364.1 368.3 371.5 374.9 381.3 384 386.7 390.2 394.2 398.3 406.7 414.4 420.3 423.3 420.6 415 407.8 399.6 390.5 378.5 367 358.2 349.3 343.1 335.9 327.9 318.5 314.6 309.7 304.7 299 295.4 291 286.7 285.8 281.1 261.5 263.8 289 291.1 291.9 293.4 296.2 301.5 308.2 316.2 324.7 333.1 342.9 353.7 365.2 378.9 395.1 411.9 426.5 440.1 449.9 460.8 462.9 459.6 454.8 446.9 441.1 438.4 439.8
428 422.9 418.9 412.5 406.4 398.7 388.5 371.8 372.8 370.4 371.1 372.3 373.5 374.7 374.2 376.5 378.4 381.3 384.7 389.1 391.8 395.4 399.6 404.2 413.3 421.8 429.9 433.6 431 424.6 416.5 407.4 397.4 386.2 372.8 362.3 353 344.4 336.3 325.3 315.7 314.7 310.2 305.4 301 294.7 292.6 291.2 289.2 275.2 264.4 277.7 293.8 295.4 296.5 297.8 301.3 305.8 311.8 319.1 327.9 337.5 347.7 359 371.2 385.7 401.4 418.8 432.7 447.4 453.1 456.3 460.5 456.1 447.3 437.8 432.7 433 436.8
433.2 430.5 426.5 420.8 415.2 407.1 394.4 384 384.7 383.2 382.4 384.3 383.4 382.3 383.8 384.3 385.6 386.4 388.5 391.2 395.4 398.9 402 407.6 418.3 431.1 439.6 441.7 437.7 430.3 421.4 410.8 400.2 389.1 376.2 366.3 358.1 348.8 339.9 326.2 318.2 310.9 306.9 303.2 299.9 296.6 295.2 292.3 289.6 272.6 268.2 290.1 297.2 299 300.6 303 306.3 310.3 316.1 322.9 332 342.4 353.1 365.1 377.4 393.3 410.3 427.1 441.6 452.7 457 456.5 457.4 456.1 445.5 433.4 424.5 425.3 424.3
440.3 437.1 433 428.2 422 413.6 397.4 396.4 396.5 395.6 396.5 393.9 393.9 389.9 392.4 391.3 391.4 392.1 393.3 394.4 396.5 401.2 405.3 413.7 426.7 438.4 445.3 446.2 441.5 433.3 422.3 410.4 400.4 390.1 379.8 368.9 360.5 350.5 340.7 326.1 317.9 310 306.7 303.5 300.7 297.6 296.5 293.4 274.7 281.4 290.9 295.5 300 301.8 304.4 307.6 310.4 315.3 321.2 328.1 335.4 346.6 357.8 371.8 385.4 401.2 419.4 433.4 445.5 453.2 455.5 453.9 455 457 447.8 432.6 421.5 414.1 411.7
445.5 443.5 439.9 435 429.4 421.7 410 406.5 407.1 405.1 403.7 403.6 401.4 399.2 399.3 398.4 397.9 398.7 399.8 401 402 405 410.1 420.5 432.5 441.1 447.7 448.5 443.4 435.5 424.3 411.9 402.8 394.1 382.9 372.8 361.7 351.6 342.6 328.3 320.6 313.8 309.2 306 302.7 300.8 296.9 282.9 276.5 293 297.3 295.9 301.2 303.5 307.2 310.9 315.4 320.3 325.9 334 342.4 351.8 364.2 378.9 393.2 409.2 427 436.8 445.7 449.6 450.2 448.6 451.5 464.2 457.7 435.7 419.5 409.2 403.1
451.4 449.6 446.9 443 437.9 430.5 422.4 416.1 417 414.5 413.6 414.2 411.4 409.8 409.7 407.7 407.4 408 408.3 408.4 408.3 410.6 414.2 421.4 432.5 441.2 447 448.5 443.6 436.7 427.6 416.5 406.5 396.6 386.8 376.2 363.8 353.6 343.2 332.4 323.3 316.1 311.5 307.3 304.5 301.7 297.7 281.7 293.9 286.7 299.3 297.5 300.6 306 310.3 314.6 319.6 324.7 330.7 339.3 348.5 360.2 372.6 386.1 400.4 416.6 432 440.4 446.2 446.7 445.7 445 445.7 455.7 451.1 430.1 415.7 405.4 399.2
456.7 456.2 454.1 450.9 445.7 439.7 436.2 434.1 432 426.8 423.8 422.8 421.5 421.8 421.5 419.7 418.6 418.7 419 417.7 415.5 416 418.6 422 430.9 438.6 443.3 445.3 442.4 437.5 429.9 418.9 408.8 398.4 390.1 378.9 366.5 354.5 344 335.7 326.9 320.5 314.5 310.6 307.2 303 295.9 297.9 287.9 298.8 301.2 301.5 300.9 308.6 313 317.7 323.3 329.2 336.3 343.9 354 367.1 379.9 393.1 407.3 422.5 437.8 445.7 447.6 445.9 443.9 442.8 441.9 439.4 430.6 419.7 412 404.5 398.7
462.2 461.8 460.6 457.4 453.6 453.3 452.9 450.7 446.8 441.7 435.5 430.4 429.2 430.5 430.7 431.8 430.3 429.9 429.6 428.6 425.7 424.6 423.3 425.8 430.3 435 438.4 440.1 439.2 435.5 428.3 419.7 410.1 401.6 392.3 381.8 370.3 357.8 347 337.4 329.8 322.8 318 313.1 309.3 303.6 289.3 301.9 288.9 300.9 303.1 304.1 304.7 310.8 315.9 320.6 326.8 334 342 350.1 360.3 371.8 385.4 398.4 412.4 427.7 441.4 445.8 449.3 445.7 442.2 439.6 437.1 430.8 421.3 418.4 415.2 410.3 399
466.8 466.7 465.8 464.3 466.1 468 467.5 464.4 460.5 455.7 449.9 444.4 438.6 437.2 436.9 436.4 437.1 438.7 439.4 438.9 437.1 435.1 432.8 431.7 432.6 432.5 433.5 434.7 433.9 431.3 425.6 418.9 408.8 401.6 393.3 382 370.6 359 350 342.9 333.8 326.2 321.3 316.7 312.4 305.4 299.9 304.5 296.7 304 305.4 306.3 309.2 313.5 318.5 324 330.1 338.1 346.3 355.6 366.1 377.2 389.9 402.2 415.9 429.5 438.8 442.9 446 445 438 429.5 420.3 418.9 419.4 419.5 420.2 418.5 410.2
471.2 471.4 471.7 474.8 478 479.2 478.3 476.1 472.7 468.2 463.6 457.4 452.6 449.2 448.5 447.5 448.4 450.7 451.4 451.2 448.9 446.2 441.5 435.6 433.5 432 428.8 428.9 428.5 426.6 421.8 414.2 406.6 400.1 391.5 381.4 371.4 361.1 354.4 346.9 338 330.1 324.1 318.4 313.6 309.2 297.4 303 302.2 306.9 308.2 309.7 312.1 316.3 321 326.9 333.7 341.1 349 359.5 370.2 381.2 393.7 405.9 417.2 428 436.8 438.5 439.7 440.1 425.4 413 408.3 411.4 416.9 418.2 417.9 415.7 412
473.8 476.6 481.5 484.8 487.8 487.8 486.5 485.5 482.6 478.6 473.7 469.4 466.4 462.9 462.8 460.6 462.7 464.6 464.3 463.1 459.7 454.5 449.2 442.6 434.9 431.4 428 422.5 421.4 419.2 415.1 409.1 403.1 396.9 389.2 380 371 363.2 354.8 348 340.4 333.3 327.4 322.1 316.6 306.4 301.5 307.8 301.3 309.5 311.8 312.9 315.6 319 323.2 329 336 343.1 352.7 362.8 373.9 385.1 397 408.2 417.5 424.3 430.5 432.3 427.6 419.8 408.5 401.1 404.1 410 414.1 414.1 413.1 411.1 408
477.9 483.9 488.8 492.4 494.3 493.9 492.7 491.4 488.9 485.6 481.8 479.7 477.5 476.3 475.9 476.2 476.3 477.8 477.7 475.5 470.6 463.9 456.6 449.4 440.6 432.3 425.4 418.8 413.3 412 408.1 404 398.3 392.4 385.5 378 371.5 362.4 353.9 348.3 342.7 334.6 328.8 323.1 312.5 306.8 313.2 312.7 308.3 310.8 314.9 315.4 318 321.9 326.1 331.2 338.4 346.4 356 365.3 376 387.6 399.2 409.8 415.9 420.3 421.2 415.7 407.2 397.2 393.4 394.3 402 409.1 412.7 412.4 410.1 407.3 403.6
483.6 489.1 494 498.4 499.6 499.1 497.6 496.2 494.5 491.4 488.9 488.1 487.5 487.2 487.3 487.3 488.6 490.5 489.2 486.7 480.3 470.5 461.3 453.2 444.8 433.4 424.2 417.5 409.6 402.9 402.6 398.7 393.6 387.5 381.2 375.1 368.2 359.4 351.8 346 340.1 334.7 327.1 314.6 311.6 318 320.6 316.7 311.2 307.3 317.8 319.3 320.7 324.1 328.3 334 341.2 348.7 358.5 368.1 379 389.2 400.2 408.2 412.9 414.7 413.8 402.8 393.2 393.4 393.4 393.4 400 406.8 411.5 411.5 409.4 406.4 402.5
488.2 493.8 498.6 501.9 503.1 503.4 502.3 500.9 499.4 497.2 495.6 495.2 495.7 496 495.7 497.1 498.9 500.1 498 492.5 485.4 475.7 464.1 455 446 435.3 425.5 416.3 409 400.3 395.6 394.5 389.6 384.1 376.9 368.6 361.2 354.5 347.8 343.1 338.1 325.3 321.8 327 326.6 326.1 324.1 321.6 320.6 313.2 319.1 322.3 324.5 326.9 330.4 336.2 343.5 351 360.6 370.6 381.2 391.2 400 405.3 408.9 409.3 404.2 393.9 393.4 393.4 393.4 393.4 395.2 404.2 410.2 410.9 410.1 408.4 404.6
491.7 496.9 501.6 504.3 506.1 506.3 506.4 505.2 503.9 502.9 502.1 502.1 502.4 502.3 503.1 505.1 506.7 507.7 505.4 499.4 490.9 480.3 467.7 455.8 444.7 434.2 424.1 413.2 405 399.6 387.7 383.9 382.9 376.4 369.5 363.8 358.6 349 346.6 334.7 325.1 330.5 336.3 334.7 332.4 331.8 328.1 326.5 325.8 316 316.4 324.1 327.4 330.4 333.3 338.7 345.6 352.8 362.2 373.1 382.9 391.9 400 404.8 406.7 404.1 398.6 393.4 393.4 393.4 393.4 393.4 393.4 398.9 406.5 410 409.8 409.3 408.3
495.8 500 503.8 506.8 508.7 509.6 509.8 509.1 507.9 507.7 507.6 507.3 507.1 507.2 508.8 510.9 512.8 513.3 510.1 503.3 493.4 482.7 468.2 453.9 442.6 432.2 420.1 411 402.3 396.3 391.2 385.7 376.9 366.9 356.5 352 341.3 334.9 332.4 334.2 337.2 344.2 342.1 339.9 337.8 335.9 332.1 331.2 329.1 323.7 325.8 323.9 330.8 333.7 336.7 342.9 349.3 355 363.9 374 384 392.2 397 399.7 400.5 398.5 393.4 393.4 393.4 393.4 393.4 393.4 393.4 393.4 400.4 405.5 408.3 408.4 408
500.4 503.8 506.9 509.5 511 511.8 512.5 512.8 512.3 511.9 511.3 511 510.8 511.3 512.4 514.1 515.4 515.3 511.2 503.4 492.9 481 465.8 450.8 438.3 427.3 418.9 411.8 403.1 395.8 385.5 371.9 364.1 357 348.2 344.7 343.9 348.6 350.6 351.9 352 350 347.4 344.5 343.2 339.2 337.6 336.2 333.7 328.7 332 325.3 333.9 336.7 342 346.7 351.6 359.9 368.4 377.1 386.4 393.2 396.4 397.7 397.5 393.4 393.4 393.4 393.4 393.4 393.4 393.4 393.4 393.4 393.4 399.6 403.4 404.9 405.5
