WholeMapElevations/data/sk/sk25_OST50GRID_20230518/SK25.asc
ncols 200
nrows 200
xllcorner 420000
yllcorner 350000
cellsize 50
[rows 0 to 34 of 200, columns 78 to 155 of 200]
297.2 302.3 308 313.8 317.6 319.5 323.3 326.3 328.9 331.3 332.4 332.4 328.3 327.7 327.6 330 335.8 341 345.2 348.8 350.1 348.2 346.9 344.8 343.5 341.7 341.4 339.3 337.5 335.8 332.5 328.1 327.3 327.1 326.6 325.5 325.2 324.7 322.9 320.7 317.7 317 317.3 317.2 315.3 311.9 308.9 301.7 289.9 279.3 266.3 259.3 254.2 260.3 262.3 264.3 269 272.7 270.8 267.2 263.4 259.6 253.9 247.5 241.2 234 226.2 216.7 208.6 204.2 200 195.8 191 186.9 184.6 183.6 178.1 175.1
299.1 304.2 309 315.1 318.4 320.2 322.1 324.5 327.6 330.8 332.3 333.4 330.9 328.2 328.4 333.6 336.1 340.5 347.2 351.2 349.9 349.7 347.9 347.3 347.3 346.7 344.8 341.8 337.9 335.4 332.4 329.2 328.6 328.1 327.6 326.3 323.2 320.6 318.2 315.2 313.3 310 310.3 309.6 311 308.2 307.4 303.3 290.1 275 276.2 276.1 266.4 273 275.6 275.6 278 283.7 284.4 280.1 277.6 274.6 270.1 262 254.2 245.3 236.1 226.5 219.8 214.6 210 204.6 200.6 199 195.6 192.7 189.5 186.2
300.6 305.4 311.4 315.1 317 318 318.8 320.4 323.3 325.5 327.4 328.4 328.3 327.1 327.7 328.1 329.4 333.7 336.7 339.8 345.2 347.3 348 348.9 349.3 346 343.2 341.4 337.6 335 333 330.5 328.9 328.3 326.8 326 325.6 323.4 320.4 317.8 315.3 312.1 308.4 305.3 301.5 299.1 297.3 297.6 292.1 288.8 290.3 286.6 278 282.8 285 286.2 288.6 290.8 294.2 294.6 291.2 288 284.1 275.7 267.2 257.5 247.9 238.1 232.6 225.4 219.2 213.3 211 208.8 205.7 201.7 200.3 197.8
304.4 309.4 311.6 313.5 313.8 314.2 314.9 316.3 317.3 319.1 319.8 320.1 320.6 321 321.4 321.8 323.9 326.8 330.2 333.5 339.2 344.4 346 346.2 347.2 344 342.1 342.2 340.2 338 334.9 332.1 330.5 329 328.2 327.5 326 325.3 323.7 320.4 316.6 313 310.2 306.9 304.2 301.7 297.9 294.9 294.8 299.3 295 287.6 286.7 289.1 291.4 294.3 297.4 299.8 301.5 301.7 298.8 294.9 292.7 285.7 278.3 269.3 258.1 250.9 244.8 235.8 228.6 222.7 220.6 217.9 216.5 212.1 209.2 207.8
308.8 311.9 314.5 315.9 314.7 312.4 311.5 310.7 310.6 310.8 311.6 313.5 314.7 315.6 317.3 319.6 322 324.3 326.6 328.8 330.5 335.1 339.1 341.8 343.4 345 344.1 345.2 344.8 341.6 337.6 334.7 332.6 330.8 329.8 328.8 326.4 325.6 323.5 320 317.8 316.3 314 310.5 308.5 307 305.1 302.2 301.2 298.4 294.5 290.9 298.4 296.9 297.2 299.6 302.8 305.3 304.1 301.3 298.6 296.9 295.2 290.6 283.9 275.7 267.4 262 253.3 244.6 236.7 233 228.8 225.5 223.7 220.1 218.1 215.8
309.9 314.2 316.5 318 317 313.4 309.3 307.4 306.1 306.6 308.4 309.9 311.3 312.2 314.7 318.6 321.6 324.3 327 329.8 332 334.1 337 339.8 342.1 344.3 346.7 348.6 347.7 344.9 340.8 337.3 335.2 332.9 333 329.3 327.3 326 323.9 322.5 320.8 318.3 316.4 314.8 313.3 311.3 309.6 307.8 304.6 300.9 296 300.7 305.2 304.1 303.3 304.2 306.8 308 306 302.7 298.7 296 292.3 288.1 283.2 277.4 275.5 271.5 262.7 253.9 247.5 244.1 240.8 238.8 236.2 232.6 229.8 226.9
309.5 313.5 316.4 317.8 317.7 314.2 309.2 305.8 303.2 304.4 305.8 307.1 308.4 310.3 315.4 319.9 322.9 325.8 328.7 332 335.3 337.8 340.1 342.7 345.2 347.8 350.1 351.1 350.4 347.3 343.5 340.3 337.5 334 332.3 330.6 329 327.6 327.2 326.1 324 321.4 319.4 318.2 316.7 315.2 313.2 310.4 307.5 303.3 299.2 303.5 309.9 308.8 307.6 307.8 308.7 309.9 307.2 303.8 301.2 296.5 291.8 287.8 285.4 281.8 282.2 279.8 274.2 268 261.4 257.7 256.4 255.5 253.3 250.4 248.4 245.5
307.1 311.4 315.1 317.4 316.5 313.6 309.5 305.7 301.4 301.8 304.2 305.2 306.3 310.9 316 320.6 324.2 327.3 330.4 333.7 336.6 340.4 343.3 346.5 349.1 351.4 353.6 354.4 353.8 349.6 346.6 343.5 339.7 336.8 334.3 332.5 331.9 331.1 329.6 328.6 326.2 324.2 322.7 321.5 319.5 317.3 316 312.9 309.4 306.7 302 300.1 308.7 309.2 309.2 309.3 309.1 308.4 306 303 298.2 294.9 292.1 288.6 286.6 285.2 287.3 287.1 285.4 282 277.8 275.2 273.2 270.7 268.8 265.7 264.8 262
305.4 308.5 312.7 314.9 313.3 310.9 307.4 303.8 299.2 300.1 303.6 303.5 304.1 310.7 316.8 322.2 327.2 328.6 331.8 334.7 337.6 341.7 346 349 351.7 353.9 356 357.7 356.7 353.1 350.2 347.8 346 342.6 339.3 335.9 335.4 335.7 333.6 331.3 328.9 326.9 325.6 324.5 322.6 320.4 317.9 315.3 311.6 307.7 303.9 303.3 305.1 306.8 307.1 307.1 305.7 305 303.6 300.5 297.5 292.7 289.1 287.1 285.2 286.3 288.9 292.7 294.4 294.9 294.2 292.2 287.7 283.7 280.1 276.9 275.2 274.7
303 305.8 309 310.3 309.5 307 303.1 300.8 296.2 296.6 300.5 300.2 301.2 306.6 312.1 317.3 321.9 326.5 330.2 334.5 338.6 343.2 347.4 350.7 353.4 356.8 357.9 360 360.7 359.3 356.5 355 353.1 349.8 346.1 341.6 339.5 340.9 339.8 338.2 334.6 331 328.6 327.5 324.8 322.4 320 317.2 314.3 310.8 307.2 305.3 305.4 305.8 304.6 304.6 303.2 301.1 298.1 295.6 292.7 289.9 288.5 285.9 283.2 283.3 285.2 287.2 290.7 295.3 297 296.8 290.4 287.8 284 283.8 283.1 282.2
301.5 304.1 305.4 306.4 305.2 301.9 300.3 297.9 294.1 294.6 296.3 296.1 297.7 301.1 306.2 310.3 316.5 321.7 328.3 335.7 339.8 344.8 348.8 352.1 354.6 357.3 358.7 359.6 362.2 362.4 363.2 361 359.1 355.9 351.8 348.4 344.4 345.7 346.6 345 342.4 337.3 333.8 331.3 327.5 324.3 322.2 319.3 316.5 312.7 310.3 308.7 307.7 306.4 304.6 303.2 301.4 299.2 297.3 295.6 293.2 290.7 288.3 285.1 282.6 281.1 281.4 283.6 286.1 288.9 290.5 288.9 288.2 286.2 285.1 285.1 285.7 288
300 302 303.4 304.5 302.8 299.6 296.2 293.5 291.8 291 293.1 293.7 296 299.5 302.7 307.8 313.9 321.8 328.2 336.1 342.9 341.9 347.2 352.9 354.8 356.8 357.5 358.6 360.9 363.7 366.6 365.3 362.5 359.8 357 353.1 350 350.7 351.7 350.3 348 343.6 339.8 336.1 332.5 329.2 326.1 323.4 319.4 316.2 313.5 312.7 311.2 309.5 308 304.7 302.7 301.1 299.1 296.1 294.1 291.5 288 286.1 282.3 279.6 278.7 280.4 282.7 284.1 284.9 284.8 284.1 283.4 284.1 285.2 286.3 287.6
298 299.9 301.5 302.3 301 297.6 294.2 291.7 289.9 289.6 290.7 292.9 295.8 300.1 305.3 310.3 315.8 322.6 330 336.8 343.6 346.3 348.7 351.4 353.1 354.8 354.2 356.4 359 361.9 364.9 365.7 364.6 362.2 358.9 355.9 353.8 353.8 354.3 354.4 352.2 348.4 344.8 340.9 337.1 333.4 330 327.2 324.2 321.5 318.4 317.1 317.1 314.6 312.1 309 305.3 303.1 300.3 296.7 294.2 291.2 288.5 285.9 283.4 279.2 276.9 277.5 280.5 281.9 283.3 281.7 281.1 281.1 282 283.2 284.8 286.2
295.3 297 298.6 299.1 298.1 295.6 292.3 290.1 288 287.8 290 294.3 297.2 301.4 306.5 312.6 318.1 324.6 331 337.1 341.7 344.5 346.3 347.7 348.6 349 350.1 353.1 355.4 358.9 362 363.4 363.4 361.8 358.7 357.8 355.5 355.9 356.3 356.6 354.6 351.5 347.4 343 339.9 337.3 333.7 330.4 327.2 324.6 322 320.8 320.3 318.6 316.7 313 308.6 304.8 301.4 298.1 293.6 290.8 287.4 283.8 282.1 277.9 275.4 275.1 278.2 279.9 281 279 278.4 279.8 281.1 282.3 284 285.5
290.7 293.1 294.9 295.6 295 293.5 290.6 288.4 286.4 287.2 290 294.3 298.6 302.8 307.7 313.1 318.7 324.7 330.3 334.8 338.8 341 341.6 342.7 343.6 344.7 346.1 349.1 351.5 354.5 357.9 359.5 359.6 359.6 358.1 357.3 357 356.8 356.7 356.3 355.4 351.9 348.2 344.5 341.8 339.2 336.6 333.5 330.4 327.6 325 323.7 322.8 322.2 319.6 316.6 311.7 306.4 301.3 296.6 292.5 287.9 284.1 281.4 279.1 275.3 272.7 272.9 274.9 276.3 277.5 277 277.6 277.6 282.5 284.3 285.9 285.8
286.5 289.2 291.5 292 292.6 291 289 286.8 285.1 286.1 290 294.3 299.7 304.1 308.5 313.6 317.7 323.1 327.5 331.2 334.1 335.7 335.9 337.1 338.2 338.5 340.7 344.1 345.8 348.4 351.6 353.7 354.9 354.2 353.5 354.1 354.9 355 355.4 355.8 353.8 350.9 347.4 345.4 343.8 341.3 338.8 335.1 332.8 330.4 327.5 326.1 324.9 323.7 321.5 317.2 312.1 306.2 300.4 294.7 290.4 285.1 282.1 279.5 275.3 271.7 270.3 270.6 271.9 271.2 272.5 273.5 276.4 280.1 283.2 285.6 287.1 287.1
283.6 285.3 287.7 288.6 289.2 289.7 287.6 284.8 281.4 286.2 289.8 293.5 298.1 303.2 309 312.1 314.9 317.9 321.7 325.6 328.7 329.6 330.3 331 331.6 331.5 332.1 335.4 338.9 338.9 341.8 344 345.6 347.1 348.1 348.6 349.7 352 353.4 353.1 351.5 349.9 347.7 344.6 343.2 341.2 339.4 337.3 334.5 331.1 327.9 326.4 325.1 322.3 318.7 315.2 311.9 307.3 301.4 295.2 290.1 285.6 281.6 277.8 274.3 271.2 268.4 268.4 268.5 267.9 269 270.8 273.4 277.1 280.6 285 285.7 285.6
280.9 279.9 283.1 284.7 286 287.4 286.2 278.5 284 288.9 290.8 293.5 297.6 301.1 305.4 309 310.8 313 316.2 319 321.5 323.6 324.8 324.4 324.1 325 326 327.5 328.8 330.2 332.2 334.4 336.6 338.7 340.3 340.9 342.6 344.8 344.6 346.6 346.5 346.4 344.5 343.7 341.9 339.5 338.1 335.2 332.9 329 326.4 324.3 322 319.6 317 314.3 310.5 306.7 301.8 297.8 293.1 289.7 285.8 280.9 277.3 273.3 267.9 266.3 265.1 265.8 266.2 268.7 271.2 273.9 277.4 281.3 282.3 283.8
276.6 274.7 275.7 277.9 279.5 281.1 278.7 278.6 287.3 291.1 293.1 295.3 298 299.5 302.9 305.4 307.1 308.9 313 315.3 316.7 318.1 319.3 320.3 320.8 321.4 321.5 322.3 323.2 324.6 326.3 328.4 330.6 331.9 333 333.4 334.1 336 335.9 335.4 335.8 337.5 338.4 338.6 338.6 337.1 335.2 333.6 330.7 326.4 322.9 320.2 318 315.9 314.1 312.8 310.5 307.2 304.4 302.4 299 296.1 292 287.1 282.8 276.5 269.9 267.2 263 262.4 262.5 266.2 270.7 273.4 275.5 276.3 278.5 281.2
274.7 270.9 269.6 268.9 268.6 268.1 270.7 279.6 288.1 292.5 295.7 298.2 300.7 302.1 304.1 304.8 306.1 308.3 310.1 311.7 314.6 315.1 316.2 317.3 318.5 318.1 318.7 319.4 320.4 321 321.7 323.3 324.5 325.1 326.3 327.1 327.5 328.3 328.7 328.9 328.9 328.2 328.8 327.6 332.9 332.8 331.4 329.9 328 325 321.6 318.4 315.9 314 312.2 310.2 308.5 306.6 307.2 306.2 301.8 297.9 293.3 288.9 283.2 276.4 271.7 268.3 264.5 259.6 258.4 263.4 268.5 271.8 273.6 273.9 275.3 277.6
277.4 274.6 270.4 265.3 263.3 267.3 275.4 286.1 290.3 294.3 296.4 299.2 300.6 302.2 302.7 303.5 304.6 306 308 311.1 313.1 313.6 313.8 314.7 316 316.6 317.4 317.7 318 318.6 319.4 319.8 320.2 320.7 321.4 322.1 322 321.8 321.9 322.1 322.3 322 321.7 318 322.5 323.7 325 324.5 322.2 321.6 318.6 316.7 314 312.4 310.3 307.6 306.1 304.9 306.1 304.7 301.4 297.5 292.9 286.7 282 275.1 271.5 267.7 263.9 260.8 254.6 256.9 263.6 267.6 268.9 269.7 272.5 275.7
286.2 283.4 280.2 272.9 263.1 263.6 272.4 281.9 289.1 295.4 296.9 299.1 300.2 300.6 300.7 301.7 302.1 303.4 305.1 308.1 310.2 311.1 311.6 312.5 314.1 315.9 316.2 316.3 316.5 315.7 316.5 316.6 316.3 316.1 316.6 317.1 316.9 316.8 316.8 316.9 316.9 317.1 317.3 317.5 318 318.3 318.6 311.1 306.1 303.5 310.7 314.3 312.2 310.9 307.9 305.1 303.4 301.6 302 301.5 299.2 295.9 290.8 286.4 282.5 279.3 274.7 268.7 263.2 260.1 254 251.2 257.3 262.1 264.2 265.4 269.3 273.6
289.7 285.2 280.7 273.8 263.1 261.7 262.4 271.2 277.9 282.2 288.6 295 301 299.4 298.3 301.2 302.9 304.1 305.4 307.7 308.8 310.7 311.5 313.8 314.3 314.7 314.6 314.7 314.5 313.5 313.4 313.4 313.3 312.4 312.9 312.8 312.6 312.4 312.1 311.9 311.9 312.8 313.7 313.8 314.4 313.7 314.4 313.3 302.6 292 298.1 310.1 310.4 308.7 305.5 302.9 300.9 298.2 297.3 297.4 294.8 292.3 289.2 287 284.9 281.7 278.1 272.5 266.4 262.5 255.1 248.6 251.5 256.3 259.1 261.2 266.6 270.4
290.5 285.4 279.8 270.5 263.1 258.8 258 262 267.6 270.4 275.7 283.4 288.3 292.3 299.9 303 304.1 305.2 306.4 308.7 310.9 311.5 313.3 313.8 314.2 314.2 313.6 313.1 312.6 311.9 311.2 310.7 310.6 308.8 309.2 309 308.5 308.3 307.9 307.8 307.9 309 309 310.4 311.2 310.2 310.6 311.1 311.6 307.5 310.8 309.8 308.8 306.1 303.4 300.8 298.3 294.9 293 291.9 291.7 290 288.1 286 283.9 282.2 278.2 273.1 268.4 263.3 257.3 249.9 244.2 247.1 251 258.9 263.3 265.7
292.5 287.6 279 269.2 258.8 257.2 255.6 257.3 260.8 263.3 267.1 271.6 275.3 287.4 302.4 304.1 305.2 306.3 307.4 309.7 311.6 312.3 313.7 314.1 314.2 314.2 313.6 313 312.3 311 309.7 308.3 307 305.4 305.6 305.2 304.5 304.1 303.7 303.8 303.8 304.4 306.1 307.9 308.3 307.3 308 307.6 308.6 309.8 309.2 308 306.5 303.9 301.8 299.7 296.7 293 290.6 288.4 287.7 287 285.7 283.7 282 280 278.2 273.6 268.4 263.2 258 251.7 243.3 240.7 246.5 254.3 257.3 258.7
294.4 288.5 276.7 263.8 256 255.3 254 255.4 257.1 259 262.8 267.2 276.8 290.2 302.6 304.4 306.2 307.3 308.4 310.6 312.3 313 314.1 314.4 314.5 314.7 314.5 313.8 312.7 311.1 309.4 307.6 305.9 299.8 302.6 301.9 301.1 299.7 299.1 299.4 299.6 300.8 302.5 304.5 304.4 304.5 305.1 305.7 306.3 306.8 306 304.9 303.8 302.4 300.1 297.5 295.7 292 288.6 286 283.3 282 281.3 281.9 281.2 279.2 275.6 271.7 267.2 262.6 256.9 251 243.6 237.1 238.2 243.8 247.3 249.6
296.6 285.3 271.7 258.6 255.2 253.8 253.1 253.7 255.5 257.3 261 269.2 279.5 289.8 304.1 304.7 306.3 308 309.5 311.6 313 313.7 314.5 314.6 314.8 315 315.1 314.5 313.5 312.2 310.6 308.8 306.9 304.7 302.3 299.6 298.5 296.8 294.7 295.6 295.8 297.7 299.9 301.2 302.2 302.7 302.3 302.4 303.5 304.5 302.9 301.8 300.6 299.4 297.3 295.4 293.8 291.1 289 285.3 280.7 277.9 278.1 278.9 279.1 278.2 274.9 271.6 267.3 260.6 255.3 249.5 243.1 235.5 232.1 238 238.5 240.2
296.3 282.5 268.5 257.4 255.2 253.1 252.5 252.1 254 255.9 260.1 268.6 279.3 288 297.6 305.9 307.4 307.8 309.4 311.8 313.4 314.2 313.5 314.6 314.6 314.7 315.1 314.7 313.8 312.9 311.8 310.1 308.7 306.1 303 298.6 296.1 294.8 293.9 292.9 291.8 290.4 296 298 299.1 298.6 299 299.2 300.2 301.2 301 299.1 298.9 298.4 294.2 292.9 291.3 288.4 288.6 285.8 281.4 275.2 274 275.8 277.3 276.1 274.7 271.6 267.3 260.5 254.2 248.2 242.2 237.5 229.9 228.6 230.4 230.8
294.6 282.2 270 260.8 256.2 254.8 251.8 250.5 251.4 253.6 258.3 265.7 275.4 281.5 287.8 298 304.8 305.9 308.5 310.3 311.5 312.7 312.7 313.5 314.3 314.4 315.4 314.8 313.9 313 312.1 310.7 308.6 306.3 304 300.4 298.2 296.7 293.1 291 289.4 287.8 290.1 293.9 294 294.3 294 295.6 296.8 297.9 298.3 298 297.7 295.3 292.7 289.6 288.5 284 280.9 279.8 277.3 271.3 269 270.4 273.6 275.6 274.4 272.2 268.8 263.5 258.9 251.9 244.1 239.9 232.6 225.2 223 222.9
294 284.9 275.5 267.4 263.1 258.2 253.8 250.7 249.3 252 256.1 261.6 269 274.6 279.6 287.7 295.8 303 306.2 308 309.7 310.8 311.6 312.5 313.4 314.6 315.7 314.9 314 313.1 311.9 310 307.9 305.4 304 302.5 302.3 300.7 296.1 292.7 289.6 286.8 288 290.6 290.1 290.3 290.3 291.2 293.5 295.9 297.9 297.5 294.9 294.8 292.5 290.4 288.8 285.4 280.8 274.9 270.6 267.5 265.4 266.1 270.5 273.3 273.8 272.9 270.1 266.1 261.7 256.9 249.9 245.1 240 234.2 224.2 219.5
291.1 289.6 285.1 275.5 269.2 261.7 256.2 250 248.7 249.9 253.4 258.3 263.8 268.8 273.3 278.7 286.8 294.5 300.1 304.1 305.6 307.8 310.3 311.8 313 314.4 315.9 315.3 314.6 314 313 310.8 309.5 308.1 306.9 305.5 303.4 300.9 299.7 296.4 291.1 287.4 284.6 287.6 286.6 286.7 286.8 286.8 287.4 292.8 296.2 296.5 295.5 293.9 291.5 289.4 286 282.8 281 275.4 272.3 267.4 262.1 261.3 267 271.2 271.7 272.9 271.4 268.9 265.2 260.2 254.4 248.9 244.2 239.7 234.1 224.5
286 284.9 283.6 277.9 271 262.5 255.1 250.3 248.5 249 253.4 257.2 261.4 265.3 269.9 273.7 278.1 285.2 290.8 296.5 300.5 305.6 309.2 311.7 313.7 315.5 316.2 316.1 315.5 315.1 314.1 312.9 311.9 310.6 308.7 306.8 305.1 303.2 301.5 299.7 294.5 288.5 285.9 283.3 284.7 282.9 281.6 278.9 281 286.7 289.4 292.8 292.9 291.4 289.9 286.9 282.9 280.5 279.4 277.3 275.2 271 266.1 257 261.6 266.7 270.2 272.1 271.3 270.6 266.7 262.2 256.6 251.4 247 243.5 239.3 232
281 280.4 279.3 275.8 270.7 262.3 255.6 250.1 247.5 252 263.3 270.1 267.9 268.2 270.7 271.9 272.9 275.8 281.1 287.4 294.6 304.7 310.2 312.3 314.8 316.3 316.4 317.7 317.4 316.6 316.7 315.1 313.7 312.2 310.3 308.5 306.8 304.7 302.6 297.9 295.5 291.3 288.8 285 280.4 278.1 276.5 276.5 272.2 274.3 276.5 279.9 284.4 286.9 286.5 284 280 277.8 276.9 275.9 274.7 273.3 269.6 259.9 254.9 262.9 266.7 269 270.9 271.3 269.6 267.7 260.6 254.8 249.6 246 239.9 232.8
276.5 276.8 275.1 272.9 269.9 264.8 256.9 251.6 246.4 253.7 266.2 273.3 275.5 275.2 275.5 270.6 266.5 268.3 272.7 282.4 293.8 305 311.3 312.9 315.9 316.9 318.8 320.3 320.8 320 320.2 319.3 317.4 314.7 312.5 309.7 308.4 306.1 302.3 302.6 301.8 298.9 296.9 295.1 291.9 289.1 285.3 281.5 275.8 268.9 266.3 267.7 269.7 272.8 274.1 273.6 272 272.3 273 272.2 270.8 269.6 267.9 261.3 252.2 256 261.6 264.2 266.5 269 270.3 268.3 264.5 257.1 250.2 244.2 237.7 227.4
273.1 272.9 272.4 271.1 268.1 264 257.4 250.1 245.2 249.5 261.8 270.6 272.5 271.9 268.6 262.5 261.7 264.4 271.9 282 292.5 304.4 310.9 314.7 316.8 319.9 321.8 322.9 323.7 323.7 322.6 322.1 320.7 318.1 315.7 312.6 310.7 308.7 307 306.7 306.6 304.5 302.8 300.9 298.9 296 292.6 287.9 283.9 278 270.1 263.3 259.6 261.7 262.9 263.8 261.1 260.7 262.1 262.6 260.7 262.9 262.7 260 249.7 245.7 255.3 259.1 260.9 264 266.6 265.2 262.9 256.5 248.9 240.9 233.5 224.3
