WholeMapElevations/data/nj/nj53_OST50GRID_20230518/NJ53.asc
ncols 200
nrows 200
xllcorner 350000
yllcorner 830000
cellsize 50
[rows 35 to 69 of 200, columns 0 to 77 of 200]
329.2 327.8 328.1 329.5 331.6 335.2 339.7 345.1 346.5 344 338.4 330.8 323.6 312.9 301.1 288.7 276.5 265.3 255.4 245.6 238.3 232.7 228.9 225 218.8 212.1 201.1 187.9 176.8 167 159 151.8 146.7 140.5 133.9 129.2 126.1 123.2 120.9 118.9 117.4 117.4 117.5 125.1 135.1 146.3 155.4 162.9 167.6 167.8 166.4 166 164.6 163.2 160.8 157.6 153.8 149.6 145.2 142.3 140.6 140.4 140.2 141 142.2 144.3 146.1 147.9 149.9 152.8 154.8 155.8 152.6 149.6 147.4 144.5 142.1 141.4
325.5 324.9 325.3 327.7 330.3 333.9 339.5 345 348.2 348.1 343 335.9 328.2 317.8 306.9 296.5 280.6 269.4 259.3 249.2 243.6 238 232.8 227.9 221.5 212.2 199.8 187.3 176 166.2 157.5 151.4 146 139.3 133.1 128.6 126.4 123.8 119.9 115.8 117.8 117.8 122 128.6 135.9 146.4 156.3 163.8 167.2 168.7 169.2 170.7 169.7 168.5 167.1 164 159.4 155 150.4 147.2 144.8 144 144.4 145.3 146.2 147.7 150 152.3 155.5 157.7 159.2 159.3 157.1 153.6 151 147.4 144.7 143
321.1 321.6 322.5 325.6 328.4 333.3 338.4 344.6 350.3 348.4 345 339 330.1 321.5 311.3 298.7 284 271.9 260.4 253.1 246.7 240.3 233.7 227 220.2 210.1 197.1 185.9 174.5 165.4 156.8 150.9 145.1 138.3 132.5 128.3 125.9 121.2 115.8 118.1 118.2 118.5 124.4 131.3 136.1 145.2 154.4 160.4 164.8 168.4 171.1 172.8 173.4 174.6 173.6 170.4 164 159.3 154.1 150.5 148.8 148.2 148.7 150.4 152.5 154 156.5 158.8 160.9 163.1 163.6 163.2 161.9 159.4 155.8 151 148.8 146.5
315.2 315.6 319.3 323.8 327.5 332.2 337.7 344.1 349.2 349.8 346.6 341.3 333.7 324.2 314.3 301.1 285.7 275.4 265.9 257.3 248.6 240.8 233.3 226.1 215.7 203.2 192.8 182.1 171.7 163.3 155.8 150.2 143.8 137.9 133 128.4 124.7 115.8 118.4 119.1 121.6 124.3 124 131 134.1 142.9 150.1 156.3 161.3 166.7 170.5 174.3 177 179.1 178.1 172.9 167.5 162.1 157 154.4 152.8 152.4 153.5 156.2 158.7 161.1 164.8 168.2 170.4 172.3 172.8 172.6 169.7 165.9 162.9 158.7 155.4 151.9
307.5 311.5 316.5 322 326.5 331.2 337.2 342.9 348.6 351.4 348.6 344.8 337.8 327 315.9 303.4 290.5 280.1 270.8 262.6 252.8 243.6 234.5 224.9 214.6 201.8 188.7 177.7 169.3 162.2 155.2 149 143.1 137.6 132.5 127.7 119.3 118.6 120.1 121.1 124.6 126.8 129.2 128.4 132.3 140.4 146.9 151.7 157.6 163.6 168.3 172.8 176.3 178.2 176.7 172.5 167.8 163.3 160.1 158 156.8 156.6 158.7 161.1 165 170.3 175.2 179.7 183 185.6 185.5 184.7 181 176.2 171.8 166.3 164 160.4
301.8 308.3 314.8 320.4 325.3 330.2 336.9 343.5 348.8 352.2 352.3 349.3 339.9 328.7 318.1 306 295.9 287.3 276.7 268.3 258.9 248.5 237.4 226.3 215.7 202.3 189.3 179.3 170.7 163.2 155.6 149.3 143 137.8 130.9 124.8 118.3 116.9 121.8 122.1 125.7 130 130.4 130.9 131 137.4 144.7 148.7 154.1 160.7 166.1 171.5 176.2 176.8 173.4 170.1 166.5 164.4 163 161.1 160.1 160.3 163 166.9 172.8 180 186.3 191.7 196.8 199.9 199.6 198.9 195.4 190.9 183.7 177.1 173.1 168.5
298.7 305.5 312.4 318.7 324.4 329.9 336.8 343.1 348.7 353.1 355 350.6 341.2 330.8 321.6 312.5 303.2 294.4 284 273.5 262.9 251.2 240 228.2 215.8 201.7 190.8 180.3 171.7 163.5 155.7 149.3 143 136.7 129.8 122.9 118.9 119 118.5 119 124.8 130.7 130.6 131.6 131.4 133.5 141.6 145.8 150.6 157.5 164 169.2 171.3 170.1 168.6 167.7 166.8 165.8 165.2 163.3 163.1 164.2 167 172.2 180.9 189 195.2 201.4 206.8 209.6 209.7 209.7 208.8 204.1 198.9 193.7 188.1 181.7
294.8 302.7 309.8 317 323.5 329.5 335.4 341.3 347.3 352.4 353.5 349.1 341.8 334.7 326.8 318.8 309 299.2 288.6 277.1 264.9 252 239.3 226.8 214.1 201 189.8 179.6 171.7 163.1 155.7 149.5 143.3 136 128.9 118.6 119.4 119.2 119.1 120.3 131 130.9 130.8 131.3 131.7 132.6 138.4 143 147 152.6 158.5 162.1 162.8 164.1 164.5 165 165.1 164.5 163.9 164.2 164.7 166.7 170.7 177.9 186.6 194.2 201.6 209.6 215.4 218.9 220 220.5 219.8 216.2 210 203.8 199.6 194.6
290 298.3 306.4 314.5 321.6 327.6 332.6 338.4 344.3 347.7 348.5 346.7 343.7 339 332.7 324.6 315.5 304.7 292.3 279.4 266.4 251.5 238.1 224.4 211.4 197.9 186.5 177.9 170.1 162 155.7 149.8 143 135.5 128.3 119.2 119.6 119.5 116.9 121.9 130.7 131.3 130.7 131.7 132 132.8 136.9 141 144.5 149.3 153.3 156.3 158.2 159.8 160.7 161.5 161.5 162 162.9 164.7 166.6 169.8 175.6 182.4 189.2 197 205.3 213 219.1 223.7 226.3 228.5 228.7 225.8 220.6 212.7 207.2 203.2
285.3 293.7 302.5 311 317.2 322.5 326.8 332.6 337.7 341.2 344.1 346.4 347.1 344.4 338.3 329.4 318.9 305.8 292.9 280.4 266.4 252.2 237.9 223.4 208.8 194.4 183.4 174.8 167.8 160.3 154.6 149 142.3 135.1 128.3 120.2 120.1 119.9 119.6 120.5 130.3 131.3 129.9 131.7 132.4 133.5 138.7 141.8 144.8 148 151.1 153.7 155.7 157 158.2 159.2 160.4 162.1 164.1 166.6 169.1 173.3 178.5 184 190.4 197.4 205.2 212 218.6 224.3 230.2 233.3 234.4 231.8 227.7 220 214.6 209.8
280.8 288 297.4 305.1 311.9 316.7 320.2 324.4 329.1 334.8 339.9 344.9 349.3 347.3 339.2 327.7 315.8 302.7 290.6 277.5 263.7 250.2 235.6 221.7 207.1 191.8 181.5 171.7 164.9 158.9 154.2 148.7 142.1 134.9 129 121.2 120.3 120.1 120 118.1 127.7 130.9 129.9 131.6 133.3 136.1 141.3 143.9 145.8 147.6 149.9 152.1 153.8 155.6 157.3 159.2 161.7 163.7 165.9 168.4 170.6 174.8 179.5 184.4 190.1 196.8 203.2 209.2 215.7 221.8 227.2 233.5 236.9 237 232 225.7 218.9 213.7
276.2 283.7 291.6 299.7 306 310 312.5 315.4 320.2 326.3 333.2 339.8 344.6 341.9 333.3 322.1 310.4 298.3 286.3 273.6 260.4 246.2 232.4 217.3 201.8 188.8 178.7 169.5 162.3 157 152.9 147.9 141.3 134.3 129.3 124.5 120.8 120.6 120.2 118.1 131.2 129 129.4 131.7 133.5 136.3 139 142.5 145.6 148 150.5 153 155.4 156.7 158.7 161 163.7 165.4 167.7 169.4 171.7 175.3 178.6 183.9 189.3 195.1 201.2 206.7 212.1 217.8 223.3 229.3 233 232.8 230.6 225.6 220.5 215.4
270.9 278.6 285.9 293.1 298.5 302 304.1 306.4 310.9 317.4 324.2 330.4 335.1 332.6 324.4 314.4 303.7 292.5 281.2 268.1 255.6 241.8 227.3 213 198.9 185.2 175.3 167.3 158.8 155.9 150.6 145.7 139.6 132.9 129.5 125.3 122.5 121 120.3 119.7 130.6 128.8 129.3 131.6 133.5 136.9 142 145 148 150.2 152.4 155 157.3 158.9 162.3 164.5 166.5 167.8 169 170.7 172.6 176.6 179.1 181.8 188.2 193.3 198.8 203.9 208.3 213.6 218.7 223.4 226.6 227 226.4 224.1 219.9 215.4
266.4 273.2 280 286.2 291.6 293.8 295.5 297 301.4 306.8 314 319.6 323.4 321.2 315.2 306.5 297.2 287.4 276.5 264.6 250.3 235.6 221 208.1 194.7 182.7 174.1 166.3 158.5 153 147.8 142.7 137.3 131.8 128.4 125.8 123 121.2 120.2 121.9 127.4 128.5 128.6 131.8 133.6 138.5 143.4 147.1 150.5 153.4 155.6 157.8 160.3 163.2 166.7 168.5 169.8 170.8 171.2 172 173.6 176.7 178.6 181.9 186.5 191 195.5 200.4 204.8 209.3 213.2 216.8 219.5 220.8 220.9 220.4 217.7 213.2
261.7 267.7 275.3 280.9 285.2 286.6 287.1 287.8 291 296.6 302.4 308 310.4 308.8 304.5 298.4 290.9 281.8 270.7 259 245.1 230.3 215.8 200.8 189.5 181.2 173.3 165 158.5 153.9 148.3 142.9 138.1 132.4 128.6 129.3 126.3 122.6 120.7 123.8 124.7 128.3 128.9 130.2 133.2 137.9 143.9 148.6 152.9 155.8 158.2 162 165.3 168.2 170.2 171.9 173.1 173.8 173.4 173.4 173.5 175.8 178 179.8 184.2 188.5 192.5 196.6 200.5 204.1 207.2 210.4 212.5 214.1 215.4 215.2 213.7 209.9
256.6 263.3 270.4 276.2 279.7 280.6 279.1 278.2 280.7 286 291.7 296.8 299.8 300.1 297.9 292.9 284.8 276 265.7 254.3 240.7 226.4 213 200.8 189.2 180.5 173.2 166 158.7 153.3 147.8 142.1 136.7 131.1 130.7 131.5 130.1 127.6 121.8 121.2 125 129.4 130.4 131.4 132.7 137 144 149.5 154 157.4 160.8 165.4 169.1 171.4 172.7 172.9 173.9 174.3 173.8 173.3 172.9 173.8 176.1 178.6 181.4 185.1 188.4 191.5 194.8 197.7 200.6 203.1 205 206.6 209.1 209.2 208.4 206
251.3 256.6 263.5 270.4 273.2 273 270.6 268.8 272.3 276.3 281 285.6 289.6 291.6 289.6 284 277.7 270 261.3 250.5 238.1 224.9 211.8 199.4 189.3 181.2 173.8 166.7 159.5 152.6 145 138.1 135.8 135.7 134.8 133.9 132.7 131.9 121 121.1 123.5 128.5 131 132.9 132.6 136.6 144 149.6 153.9 157.8 163.2 167.3 170.9 172.6 173.1 173.1 173.3 173.4 172.9 171.9 170.6 171.7 172.6 175 177.9 180.7 183.5 185.9 188 190.5 193.3 196.3 199.3 202 204.4 205.8 206.4 205.3
245.4 249.4 256.5 262.7 264.4 263.4 261 259.5 263.1 267 270.8 275.7 280.6 282.4 281.1 276.7 271.5 264.6 255.4 245.8 233.9 221.6 209.8 198.4 188.3 180.4 173.6 166.3 158.7 152.1 144.8 141 142.1 140.9 139.9 138.8 139.6 138.7 119.3 121.8 121.9 123.6 128.4 131.6 133.5 136 141.7 147.7 152.5 157.6 162.6 168 171 171.8 172.2 172 171.7 171.2 170.3 169.2 168 168.3 169 170.7 173.1 175 177 178.5 181.5 184.6 188.3 192.3 196.1 198.8 201.8 204.1 204.6 204
246.9 243 248.7 253.9 255 254.4 252.4 251.7 254.5 259.3 263.4 267.6 270.8 273.5 273.3 269.8 264.9 257.9 249.5 240.2 229.5 218.2 206.9 196 185.2 177.1 171.4 164.9 157.5 151.4 146.8 146.8 147 146.3 145.7 145.8 147.2 145.9 134.1 119.3 122.1 122.8 124.1 126.1 128.8 133.2 138.7 144 149.5 155.9 161.1 166 168.5 169.4 168.9 168.9 168.6 168 166.6 165.2 163.9 164.3 164.9 165.7 166.8 168.4 170.6 173.7 177.1 181.2 185.2 189.2 193.3 197.5 201.2 203.8 205.6 205.8
246.9 240.4 239 245.9 247.1 246.2 244.9 244.2 247.3 252.1 256.5 259.8 262.9 265.6 265.3 262.3 257.6 251 242.7 234.5 224.4 214 203.3 192.6 182.2 173.7 166.2 161.6 157 153.1 152.2 151.2 151.4 152.5 152.4 153.4 155.6 150.9 143.9 130.4 123.3 122.7 122.8 123.4 125.3 128.5 132.6 136.9 141.6 148.7 154.5 158.8 161.3 162.3 162.9 163 162.4 161.6 160.5 159.6 159.1 159.3 160.3 161.9 163 165.1 167.4 169.9 173.9 178.5 183.6 188.7 193.6 198.4 202.3 205.3 207.7 207.5
246.4 240 229.7 237.4 238.9 238.4 237.5 237.6 240.4 245.2 249.4 253.3 256.7 258.5 258.2 255.1 250.6 243.5 235.8 227.8 218.7 209.2 199.5 189.6 180.6 173.2 165.1 162.5 159.5 158.3 157.5 157.4 157.5 158.4 159.1 161 161.8 155.1 150.2 144.7 139.4 121.2 122.1 122.9 123.2 123.4 124.4 127.9 131.7 135.6 141.3 146.9 149.6 151.9 153.8 154.6 154.6 153.9 153.2 152.9 153.4 154.3 156.2 158.7 160.7 163.1 165.1 168 171.7 176.5 182.1 187.5 192.9 198.3 203.1 206.6 208.7 208.1
245.5 238.8 232.3 228.1 231.8 231.5 231.7 231.9 234.6 238.9 243.3 247.1 250.3 252.2 251 247.2 242.4 235.6 228 220.7 213 205.2 196.8 188.4 181 172.9 170.9 168.6 166.2 164.3 164.2 164.1 163.9 164.8 167.2 169.4 167.6 159.4 154 148.4 143.6 131.1 122.2 122.5 122.6 123 123.2 123.3 122.9 121.7 121.7 121.7 123.9 131.5 141.7 145.4 145.6 145.4 147 147.5 148.6 150.3 153 155.6 158.2 161 163.1 165.9 169.6 174.7 180 185.4 191 196.9 201.7 204.4 205.2 204
246.5 239.2 232.7 225 224.9 225.7 225.6 226.7 230.2 234.1 237.5 240.6 243.8 244.9 243.1 239.7 235.4 228.5 221.8 216 209.3 203.1 196 188.6 182.6 180.1 177.1 175.1 173.6 172.5 171.6 170.8 171.5 174.4 176.9 179.4 175 165.3 157.8 152.7 146.6 141 129.8 124.6 124.9 126.7 128.2 128.8 132.5 125.7 126 125.6 124.9 124.4 123 125.6 135.9 138.7 141.4 143.5 145.5 147.8 150.2 153.3 155.8 158.6 161 163.6 167.7 172.3 177.2 182.2 188.3 194 198.2 200.4 200.5 199.9
247.6 239.5 232.9 226.7 220.6 220.5 220.1 222.2 225.5 229 231.6 234.3 236.9 238.3 237.3 234.7 229.8 222.8 217 211.8 207 202.2 197.6 191 189.2 186.8 184.6 183.8 182.8 181.8 181.2 179.2 180.8 185.2 186.2 187.4 181.1 171.7 164.2 156.5 150.3 145.9 140.7 139.5 135.7 136.1 134.9 134.6 134.7 133.5 131.5 128.7 126.5 125.1 124.7 125.6 128.8 132.8 137.9 140.2 142.8 145.5 148.3 151 153.8 157.1 159.7 162.3 165.5 169.7 174.5 179.7 185.5 191.1 195.3 197.3 197.3 196.4
252.2 242.8 234.6 228.7 222.7 217.6 215.1 217.3 220.3 223.3 226.4 228.8 231 232.7 231.5 228.1 223.1 217.9 214.4 210.2 205.3 201.7 198.4 195.2 194.2 193.7 193.7 193.3 192.8 191 189.4 188.5 191.3 195 195.3 194.7 186.9 178.9 169.6 160.1 153.3 149.4 146.3 144.9 145.2 147.2 147.9 144.1 141.4 137 135.3 132.4 127.8 125.1 125.1 127.2 134.6 136.2 132.7 141.2 141.6 143.3 147.6 150.3 153 155.6 158.5 161.3 163.9 167.7 172.9 178.2 183.4 189.6 194.3 195.7 194.5 192.9
254.7 246 238.8 232.7 226.9 220.8 214.8 212.2 214.3 218.6 221.5 222.4 224.6 225.8 224.8 221.2 216.6 212.5 210.1 207.3 203.1 200.3 197.3 197.5 198.3 200.2 201.8 202 199.9 198.2 196.4 197.4 200.3 202.6 202.8 199.5 193 186.4 175.8 164.5 156.2 152.2 148.8 147 147.8 150 151 150.7 147.4 139.5 138.7 132.8 126.4 125.4 125.4 134.6 138.5 139.8 140.6 138.8 144.1 146.9 146.8 148.8 151.6 153.4 156.9 159.9 162.8 166 170.5 176.1 181.7 187.9 191.8 192.5 191.4 189.7
261.3 252.1 244.8 237.9 230.1 223.7 218.7 213.7 208.7 212.3 215.7 215.3 211.3 211.4 217.2 215 212.1 208.9 206 203.1 200.3 198.3 197.9 198.9 201.6 205.5 208.4 207.9 205.3 203.6 203.3 204.2 207.1 209.1 206.8 202.7 198 191.3 181.4 167.5 158.6 152.5 150.7 148.5 148.2 149.3 151.5 151.8 149.2 143.9 137.1 127.6 125.3 125.5 127.9 137.5 141.9 143.4 143.8 144.4 144.1 146.8 147.7 148.3 150.2 152.7 155.6 158.7 161.6 164.4 168.7 174.4 179.7 184.4 187 187.8 186.8 184.4
266.2 256.9 248.7 241 233.2 227.1 221.1 216.1 210.8 204.7 208.5 207.6 208.3 210.9 211.3 210.4 208.2 205.2 202.1 199.3 197.2 196.3 196.9 199.2 203.9 208.4 211.2 209.7 208.4 207.8 207.3 208.7 211.5 213.3 209 205.1 201.1 194.5 184.1 170 159.9 154.2 151.5 149.5 148.7 148.9 149.7 148.7 145 136.6 127.8 123.9 126.4 127.1 133.8 139.5 143.3 146.1 147.3 147.3 146.3 145.3 148.7 149.1 149.9 152.6 155.4 158.8 160.9 163.5 167.3 171.7 176 179.1 181.4 181.9 180.9 179.8
269.5 260.4 251.1 243.4 235.6 228.6 222.4 217.4 212.6 208 206 206.2 206.9 204.3 205.6 205.5 203.4 200.6 198.3 196 194.1 194 194.8 198.4 203.1 206.7 209.2 210.1 209.5 209.7 210.5 212.1 214.7 215.4 211 205.7 200.7 194 183.7 170.4 161.4 156.9 153.6 151 148.4 148 147.1 145.1 138.6 126.4 126.3 126.5 129.8 132.5 135.9 140.7 144.4 146.9 147.6 148 147.6 146.8 147.1 149.8 150.7 152.3 154.6 156.9 159.2 162.4 165.5 168.7 172 174.4 175.8 176.5 176.5 177.2
271.7 262.3 253.4 244.9 237.4 230.1 223.9 218.1 214.1 209.8 205.9 206.1 206.5 199 200.4 199.9 198.3 195.8 193.6 191.7 189.7 190.5 192.8 195.8 199.3 202.2 205.6 207.9 209.1 211 212.8 215.5 217.3 216 210.6 204 197.9 191.1 181 170.1 162.8 159 155.4 152.5 148.9 146.7 143.6 138.5 124.8 126.6 131.8 128.6 132 134.7 138.3 141.6 144.5 146.8 147.9 148.4 148.4 148.4 147.9 149.4 151.3 152.4 154.3 155.6 157.8 161 163.3 165.1 167.6 168.9 169.8 171 173 175
272.4 262.3 252.9 244.4 236.9 230 223.6 217.6 214 209 204.5 201 198.6 192.3 194.5 194.3 193.2 191.2 189.4 187.5 186.6 187.1 189.1 191.7 194.8 198.1 201.6 204.8 207.1 211 216.1 219 219.9 216.6 210.9 204.1 196.6 189.2 180.1 170.1 163.7 159.5 156.2 152 147.2 144.1 134.7 127.3 127.1 126.9 132.5 130.8 132.9 137.5 140.6 143.8 145.5 147.4 148.4 149.2 148.9 149.9 149.5 149.6 151.5 153 154.4 155.4 157.2 159.4 160.5 161.9 163.5 164.6 167.1 169.1 171.5 173.6
270.3 260.1 251.4 243.4 236.3 229 223.4 217.9 213.3 208.4 204.5 201.5 198.2 193.2 189 189.2 188.3 186.4 184.6 183.3 183 183.4 184.6 187 190.5 193.4 196.8 201 205.4 212 217.8 219.9 220.5 218.1 212.2 206.1 197.9 189.5 180.3 170.9 163.5 158.3 154.6 149.7 145.8 140.5 128.3 125 127.2 128.5 131.7 132.8 136.2 140.1 144.1 147 148.4 149.4 149.9 150.7 150.1 151 150.5 151.3 151.7 152.6 154 155 156.7 157.8 159.3 161.2 163.7 166.1 168.2 170.2 172.3 174.4
264.9 255.3 247.4 240.7 233.9 228 223.6 218.6 214 210.2 206.1 202.1 198.1 194 189.5 186.1 184.1 182.2 180.4 179.1 179 179 180 181.6 184.5 187.3 192 198.2 204.4 211.3 214.5 216.4 217.8 218.2 215.1 209.6 200.1 190.4 180.9 171.6 163 157.2 152.8 148.9 144.4 135.2 125 127.8 127.4 129.6 133.1 134.9 139.6 143.6 147.5 150.2 151.4 151.7 151.8 152.3 152.3 152.5 152.8 153.2 153.5 153.9 154.3 155.9 157.6 159.2 161.3 163.1 165.4 167.7 170 172.6 174.9 176.4
257.9 249.3 242.9 237.9 232.2 227.8 224.6 220.5 218 213.5 208.9 204.3 199.9 195.8 192 187.8 185.3 182.1 180 177.6 175.8 174.1 175 175.3 177.3 181 186.3 193.1 199.3 204.7 208 210.8 213.7 217.1 216.7 211.8 201.9 192.1 182.4 173.2 164.7 157.6 151.4 147.2 141.7 133.4 125.6 127.7 128.1 131 134.1 137 144.2 148.7 152.1 154 154.9 155.2 154.7 154.8 155.1 155.5 156 156.2 157.1 158 157.9 159.1 161.7 163.5 165.1 166.7 168.6 171 173.4 175.4 178.2 179.4
249.3 243.7 239.8 235.6 230.8 227.7 225.3 223.6 221.7 218.1 213.8 208.8 203.6 199 194.7 190.9 187.6 184.9 182.4 180 177.9 175.9 172.2 170.7 171.6 173.9 178.9 186.4 192.2 197.4 201.2 204.9 209.7 214.8 217.4 213.2 203.8 193.1 184 175.2 166.8 157.4 150.3 144.2 138.5 132.7 128.8 125.6 128.5 132.5 135.3 140.8 149 155.5 158.9 160.8 161.3 161 160.3 159.7 159 159.2 159.6 160 160.9 162.1 162.5 164.3 166.8 167.8 169.1 171.1 175.2 180.2 183.2 182.4 182.4 183.4
