WholeMapElevations/data/nz/nz81_OST50GRID_20230518/NZ81.asc
ncols 200
nrows 200
xllcorner 480000
yllcorner 510000
cellsize 50
[rows 111 to 147 of 200, columns 0 to 81 of 200]
131.4 131.2 128.3 125.7 124 123.9 125.8 127.6 126.3 122.6 118.2 114.4 114.9 117.1 118.9 116.5 116.2 116.7 113.7 108.3 104.6 100.7 97.5 83.3 97.8 102.3 104.9 106.1 104.3 97.9 93.3 95.1 77.3 98.1 108.3 112.9 119.4 124 124.7 126.8 127.6 125 130.6 134.3 137.8 141 144.5 147.2 150.9 155.8 160.3 160.8 160.8 161.7 162.5 163.1 163.9 164.5 164.8 164.8 164.3 164 163.6 163.3 162.8 162.4 160.8 159 157.8 155.3 153.6 151.8 149.1 146.3 143.7 141 137.6 136.3 134.9 133.2 131.2 128.9
134.6 133.8 131 128.5 126.7 126.8 128.9 130.1 128.1 123.8 119.9 117.6 118.4 120.3 120.1 118.4 118.3 117.4 113.5 109.1 105.9 102.6 99.1 86 101.2 104.4 106.4 107.8 108.3 104.5 97 103.9 93.6 89.3 106.7 113.4 119 123.1 125.5 127.1 130.2 132.2 133.5 134.7 135.8 135.7 141 145.2 150.2 155.3 158.8 160.7 161.6 162.5 162.8 163.1 163.4 163.9 163.9 162.8 163.1 163 164.3 163.6 162.1 160.3 158.5 157.2 156.4 154.2 152.7 151.1 148.4 145.8 143.2 140.5 137.2 135.7 134 133.3 131.8 129.5
137.7 136.9 134 131.4 130 131.2 132.4 131.6 130.4 125.8 124.2 121.6 122.1 125.7 122.9 121.1 121.4 118.8 114.9 111.3 107.8 103.1 100.9 88.4 101.7 106.2 108.6 109.9 110.5 106.2 101 107.6 104.8 98.2 101.2 102.6 109.4 117.8 123.1 126.5 129.5 132.9 136.2 138.4 140.6 139.4 139.4 143.9 149.9 155.6 158.2 160.4 161.4 162.6 163.1 161.6 161.5 160.9 160.1 160.2 160.5 161 163.2 163.8 162 160.4 158.5 156.6 154.9 153.3 151.7 149.8 146.9 143.6 140.8 138.6 136.1 133.2 131.4 131.8 131.7 129.7
141.4 141.2 137.3 134.3 135.4 135.2 135.6 134.5 132.6 130.1 129.7 126.2 126.8 130.8 127.5 125.6 125.3 122.5 117.3 113.6 108.1 100.6 90 100.3 104.8 107.8 110.7 112.1 112.2 110.8 104.2 109.5 106.4 103.4 93.6 94.6 95.3 104.5 116.2 123.2 127.6 130.2 135.1 138.3 141.5 141.5 140 142.8 148.3 152.4 155.7 158.8 161 162.8 163.1 161.3 160.4 160.2 160.9 160.9 160.5 160.5 162.1 163.6 162.8 161.1 159.4 157.6 155.9 154.1 151.7 149.1 145.3 141.4 137.6 135.5 132.8 130.1 128.7 128.8 129.6 128.3
145.8 143.1 139.4 139 141.8 140.3 138.5 137.4 135.2 133.7 132.2 129.7 128.9 131.2 129.5 127.2 125.9 124 119.5 115 108.2 99.1 101.6 106 109.7 110.7 111.4 111.4 108.8 108.7 108.1 112.3 112.8 110 102.4 112.9 111.9 109.2 106.2 110.9 116.1 122.8 130.4 135.5 139.9 142.9 143.1 143.8 145.4 147.3 151.6 156 159.2 161.6 162.1 160.8 160.6 163 164.9 165.7 163.5 160.5 161.2 163 163.5 162.4 160.8 158.5 156.8 153.1 150.9 148.9 147.1 143.7 138.7 133.3 129.9 127.4 126.7 125.8 126.1 125.3
150.4 148.1 143.2 143.8 147.3 145.3 142.5 140.1 138.5 137.1 135.9 134.3 132.8 131.8 131.7 131.6 129.2 125.7 120.7 116.1 108 97.5 106.1 110.3 113.1 114.7 115.8 117.2 118 116.2 113.5 115.5 116.7 115 110.4 118.5 122.5 121.6 117.2 114.9 119.1 129 135.1 136.6 139.5 144 144.8 147.9 151.5 154.2 153.7 153.8 156.9 160.1 161.2 161.7 163.1 165.8 167 166.7 165.4 161.6 160.3 161.5 163.2 163 161.8 159.4 156.2 152.5 149.5 147.7 146.7 142.8 137.6 132.4 128.2 125.3 124.7 123.8 122.6 122.2
155.8 154.7 150.2 149.8 151.5 149.9 147 144.2 141.7 140.8 140.2 139.1 138.1 137.9 138.2 136.5 132.9 128.1 122.3 116.9 108.3 103.8 110.5 114.6 117.5 119.5 120.3 121.8 122 119.6 117 118.3 119.8 119.6 120.1 125.3 130 130.4 128.1 123.2 119 128.8 137.2 140.5 141.4 144.3 147.2 150.4 154.1 157.4 157.9 157.9 158.6 159.9 161.2 162.8 165.6 168.4 169.1 168.8 166.7 163.7 160.3 159.8 161.6 162.2 161.4 159.1 154.4 150.2 147.3 145 142.4 138.8 134 129.8 126.3 123.4 123 121.5 120.3 119.2
160.5 158.1 159.2 160.3 161.6 158 151.6 148.7 146.9 146 145.3 143.7 142.4 144.6 145.6 142.9 137.7 132.1 125.8 120.2 113.5 110.6 116.9 120.4 123.1 125.7 126.4 126.7 126.8 126.2 122.2 122.1 124.5 126.4 126 130.4 135.9 136.1 134.4 130.4 120.5 130.2 136.9 141.1 142.9 146 149.5 152 153.8 157.9 159.4 160.9 160.9 163.6 165.7 166.2 168.8 170.3 170.9 170.4 168.3 165.4 162 159.3 158.9 158.7 157.4 156 153 147.7 143.3 141.1 138.4 134.4 131.1 127.2 123.8 120.3 121.4 120.8 118.7 117.1
165.6 169 170.3 168.5 168.6 164.3 159.4 157.5 152.7 150.4 150.2 148 148.4 150.7 150.4 146.9 142 136.6 130.8 124.4 114.9 115.7 121.5 126.8 131.2 133.3 132.7 131.1 131.8 130.7 127.2 127.9 130.6 133.4 132.6 136.8 141.9 143.2 140.7 137.3 128.5 134.6 140.8 143.4 145 148.6 152.6 156.2 155.4 159.9 162.6 164.7 165.8 166.2 168 169.1 170.5 172 172.5 171.7 170 167.1 164 160.6 157.1 154.7 152 149.5 147.6 144.8 138.5 136.1 134.1 131.4 128.3 125.2 122.9 119.9 116.6 120 118.4 116.4
169.5 173 173.2 172.8 171.7 167.6 165.1 164.4 158.4 153 154.2 154.9 156.1 155 152.4 149 144.3 139.9 135.2 127.9 114.3 118.4 125.2 131.2 136.9 138.8 137.9 136.2 137.4 137.5 136 137.9 138.4 139.1 139.1 143.8 148.6 147.7 145.5 141.6 135.7 139.2 144.5 146.4 148.6 151.2 154.4 158 159.3 162 166.5 169 170.3 170.3 169.9 171.8 172.5 173.7 174.1 173.4 171.5 168.7 166 163.3 160.8 157.4 153.1 147.9 143.8 141 138 135.4 133.4 130.7 128 125.6 123 119.8 116.4 116 116.7 116.3
172 172.8 172.8 172.6 172.3 171.4 169.7 167.7 159.5 157.5 158.3 159 159 156.6 154.5 151.8 146.6 142.7 138.2 128.6 111.5 127.5 135.6 137.3 139.5 141.6 141.3 142.2 143.2 143.8 142.5 145.2 147.1 147.3 146.7 151.6 154.1 152.9 151.2 146.1 144.5 143.6 147.5 150.5 153.3 155.7 158.1 160.7 161.3 163.7 167.8 171.1 172.9 173.4 172.4 173.8 174.8 175.9 176.6 176.4 173.2 170.3 167.5 166 165.2 161 155.3 149.9 145.7 143.4 140.1 137.7 134 130.9 128.4 126.1 122.7 120.4 115.5 118.3 109.4 111.5
177.3 173.8 172.7 172.5 172.2 171.7 171.2 167.1 161.5 162.8 162.7 162.4 161.8 160 157.7 153.9 148 142.9 137.9 123.8 121.9 137 142.2 145.2 142.7 144.2 145.5 147.5 149 149 147.8 151.4 154 153.1 152.9 157.3 159.5 158.6 157.4 152.6 152 150.3 151.4 155.8 158.4 160.7 163.8 166 167 168.6 171.3 173.2 174.8 175.6 174.8 175.9 177 178.1 179.1 182.1 181.1 175.3 171.4 168 164.2 160.4 157.8 153.9 149.4 146.8 142.6 139.3 136.8 134 131.3 127.9 124.7 123.3 122.2 122.9 119.1 113.4
181.1 177.6 173.2 172.5 172.2 171.6 170.6 167.3 167 166.5 166.2 165.9 164.7 162.4 160.1 155.5 148.6 141 128.7 117.2 134.1 140.7 144.8 147.2 146.8 149.5 151.6 153.4 153.8 153.9 153.5 155.7 159 157.9 157.1 160.4 162.4 162.2 160.9 158.6 158.2 158.3 157.4 162.2 165.5 167.8 170.6 170.4 169.9 172.1 174.6 175.2 176.2 177.1 177.1 178.1 179.2 180.4 181.6 185.7 187.5 181.6 172.6 167.9 163.9 161.1 157.5 153.3 150.6 147.4 144.3 141.7 138.2 135 132.7 129.7 128.7 127.1 125.1 124.8 122.4 119.7
183.4 179.4 175 172.6 172.3 171.7 170.4 170.7 170.2 169.7 169 168 166.2 163.3 159.6 152.8 141.5 125.6 122.2 131.8 141.1 144.3 148 148.8 151.1 154.4 155.2 156.7 157.1 157.5 157.2 159 162.4 164.2 163.3 161.9 164.1 164.1 163 162.9 164.1 165.3 166.4 168.8 171.9 173.9 175.1 173.9 172.5 174.4 176.3 177.4 178 178.9 179.4 180.3 181.4 182.6 184 185 184.3 181.8 174.8 168.8 164.8 161.4 157.7 157.2 155.2 150.9 145.8 141.5 137.7 134.5 132.6 131.7 130.8 128.5 128.1 126 123.2 119.9
184 181.4 177.5 173 172.5 172.5 172.2 171.6 170.9 170.2 168.5 167.8 164.9 157.4 149.7 140.5 129.5 127 133 141.6 145.3 148.7 150.4 152.5 154.8 156.4 158.1 159.8 160.2 160.2 160.2 161.7 165.2 167.7 168.3 166.7 165.8 166.7 165.8 166.5 168.7 170.2 171.5 173.7 176.3 177.9 178.6 176.6 176.1 177.4 178.9 180.6 180.4 182 183.1 183.7 184.1 185.5 185.7 185.4 183.7 179.9 175.4 170.7 167.2 163.9 162.3 159.6 157.9 153 148.1 143.2 138.7 135.8 134.5 133 132.3 131.5 130.6 128.2 124.8 121.3
185 182.9 179.4 175 172.7 172.4 172.6 172.2 171.2 170 168.8 166.1 165.8 165.8 157.7 138.7 130.9 140.5 148.2 151.6 149.8 155.9 155.4 157.6 158.2 159.6 160.2 162.1 162.8 162.7 164.1 165.1 167 169.5 169.8 168.9 169.4 170.5 170 169.7 173 174.4 175.2 178 179.5 180.9 181.2 178.2 179.3 181.2 182.7 183.8 184.8 185.9 187.7 187.9 187.9 187.7 187.3 186.8 183.4 179.3 174.9 170.8 168.9 166.3 163.5 160.5 156.9 153.7 149.8 145 141 139.1 138.9 136.6 134.5 133.3 133.6 130.8 126 121.9
183.4 181.6 179.2 175.5 173.9 172.8 172.9 172.2 171.4 170.4 169.4 168.2 167.2 167.1 161.1 147.6 138.6 147.7 154.6 159 154.3 158.5 158 159.9 161.2 161.7 162.3 163.7 165.3 166.1 166.3 168.4 168.8 170.2 170.8 171.4 172.3 173.5 173.9 172.8 175.1 177 176.9 179.5 182 182.4 182.1 181.2 183 185 186.8 188.2 190.2 191.2 191.7 191.7 191.1 190.3 190.3 188.6 184.8 181.1 176 174.1 170.7 167.1 164.9 162 158.6 154.2 151.2 148.2 145.4 144.2 143.8 141.5 137.8 135.5 135.9 131.8 127.8 124.3
181.2 179.1 176.8 175 175.9 175.8 174.9 173.9 171.5 170.1 167.1 166 165.9 168.9 167.8 162.3 153.1 148.4 160.6 162.1 158.6 160.1 160.1 162 163.7 164.1 164.5 167 167.8 168.6 169.4 170.4 171.3 172.3 173.2 173.7 174.5 175.4 176.9 176.9 177 178.9 179.6 179.7 182.2 182.6 182.5 184.2 186.1 188.2 190 191.7 192.8 193.8 194.5 194.7 194 192.9 193.1 190.8 187.1 183.3 177.8 177.2 173.1 168.5 166.4 164.3 160.2 155.8 153.6 151.4 149.1 149.1 149.2 145.8 141.7 137.8 137.4 133.1 132.9 127.9
179.9 177.1 175.5 175.5 177.9 179.2 177.3 175.3 172.7 170.5 166.5 166.5 166.9 171 172.8 167.6 162.3 155.9 164.7 164.1 161.8 163.5 164.2 165.6 166.2 167.3 168.5 169.5 170.3 170.9 171.2 172.2 173.4 174.1 174.9 175.3 175.9 177 178.7 179.7 180.1 180.9 181.8 182.1 183.1 183.1 184.6 186.4 188.2 190.1 191.5 193 194.5 195.6 196.4 196.9 196.8 195.5 194.4 191.8 188.1 184.1 181.7 178.8 174.9 170.7 168.4 165.7 161.4 158.9 157 154.1 152.5 153.1 154 151.1 144.8 140.2 136.9 137.3 136.5 130.7
179.2 175.5 175.3 176.3 178.6 180.8 178.7 175.6 173.5 172.3 168.4 168.2 170.2 171.3 170.9 167.8 163.3 165.8 165.7 164.8 163.6 165 166.6 167.6 168.9 170.1 171.3 171.7 171.9 172.2 172.4 173.6 174.6 175.5 176.2 176.5 177.1 178.7 180.6 181.9 182.6 183.3 184 184.5 184.8 184.4 185.5 187.4 189.2 190.9 192.3 193.6 195 196.5 197.8 198 197.8 196.2 193.7 191.2 188.7 185.4 183.7 180.3 176.4 173.8 171.6 168.1 164.9 163.2 160.4 158.1 156.7 157.1 157.3 153.4 146.7 142.5 140.4 138.9 137.1 133.2
177.5 175.3 174.9 175.7 178.7 181 179.4 177 175.1 174 171.9 166.9 167.3 167 165.9 164.1 164.1 165.5 165.8 165.2 165.1 167 168.7 169.8 170.9 172.2 172.7 172.9 173.2 173.4 173.7 174.8 175.8 176.9 177.5 178 178.8 180.9 182.5 183.9 184.6 185.2 185.8 186.4 186.4 186.1 186.9 188.3 189.9 191.1 192.3 193.8 195.2 196 197.1 197.2 197.5 197 194.8 192.3 189.3 187.7 185.6 181.9 179.2 176.6 173.8 170.6 169 166.9 163.6 161.7 160.5 160.8 158 153.7 148.9 146.6 145.2 142 139.3 136.3
176.1 174.4 173.7 174.8 177.2 180.1 179.5 178 176.3 175.2 172.3 167.7 167.5 167.5 165.9 165.6 165.2 165.7 165.8 166.1 166.7 168.6 170.6 171.8 172.7 174.1 174 173.8 173.8 173.9 174.3 175.4 176.9 178.1 178.3 178.1 180.9 183.6 184.8 185.9 186.2 186.1 187 187.5 187.6 187 187.6 189 190 191.2 192.8 193.7 194.3 195 196.1 197 197.5 197.7 195.6 193.3 192.2 191.1 187.3 183.7 180.2 177 174.2 173.7 173.4 170.4 166.8 165.1 163.8 163.2 159.8 155.1 152.1 151.1 149 146.2 142 138.7
175.5 173.7 172.7 173.4 175 178.2 179 177.8 176.7 174.3 172 167.7 168.2 169.7 169.2 167.7 166.7 166.7 166.5 166.4 167 168.6 170.8 172.1 173 173.6 173.2 173.1 173.2 173.2 174.5 175.7 177 177.6 178.2 179.8 182.7 184.9 186.1 186.5 186.6 186.3 186.9 187 187.6 187.5 188.2 189.6 190.3 191.3 192.7 193.2 193.5 194.4 195.4 196.3 197.1 197.8 197.2 196 195.4 194.1 190.5 187 184.2 180.6 176.7 176.7 176.6 173.5 169.7 167.5 165.8 164.6 161.9 157.5 157.1 156.4 155.5 152 147.8 143.5
174.6 173.1 172 171.8 173.2 174.8 175.6 176.1 175.7 173.8 170.6 168.7 169.5 169.3 168.8 168.6 167.9 168.5 167.9 165.7 164.9 166.8 169.6 170.8 171.6 172.5 172.5 171.5 171.3 171.3 173.5 175.4 176.2 176.2 176.5 180 182.5 183.5 184.8 185.9 186.3 186.5 186.3 186.6 187.3 188 188.8 190.2 190.9 191.7 192 192.4 193.1 194.1 195 195.9 197.1 198 198.1 198.1 197.8 196.5 193.3 190.5 188 184.5 180.6 180.8 179.8 175.5 172.2 169.7 167.8 166.1 163.4 161.7 161.3 160.5 159.5 156.6 153.6 150.1
174.7 173.3 172 171.4 171.6 172.1 173 173.4 173.7 172.5 170.1 170.5 170.7 169 167.8 168.6 168.5 169.3 168.3 166.4 164.6 165 168 169.3 170.4 171.5 171.5 169.3 169.7 170.6 172.4 173.8 173.9 174.2 176.6 179.7 181 181.4 182.1 183.6 184.5 184.9 185 185.9 186.5 187.8 189.8 191.3 191.7 191.5 192 192.6 193 194 195 195.9 197 198 198.5 198.7 198.5 197.2 196.3 194.1 191 187.7 184.2 183.4 181.9 178.1 174.8 171.3 169 168.4 167.1 165.6 164.3 162.9 161.2 159.5 157.8 154.3
174.4 173.1 171.8 170.9 171.1 171.3 171 170.8 170.6 169.6 168.6 170.3 170.7 168.7 165.7 166.3 168.6 169 167.9 166.6 164.3 162.5 164 166.9 169.7 170.2 169 166.4 166.8 169.3 170.9 171.1 170.5 170.8 175.9 177.6 177.9 178.6 180.3 180.8 181.9 182.3 184 185.2 186.9 188.2 190.1 191 190.7 191.3 192 192.9 193.3 193.8 194.8 196.7 196.9 197.4 197.4 197.1 197.2 196.7 196.5 196.3 194 190.6 187.2 183.9 182.1 180 176.3 172.8 171.9 171.6 170.1 167.4 165.3 164 162.6 161.1 160.7 157.8
173.4 172.5 171.2 170.7 170.5 170.6 170.5 168.9 168.1 168.8 167.6 167.6 168.7 166.7 163.5 162.9 164 163.7 166.4 166.3 165.5 162.3 159.4 163.8 168.1 165.6 165 161.8 163.9 167.7 168.2 167.6 166.9 169.4 173.9 174.8 174.7 175.9 177.8 178.1 178.8 180.9 183.9 185.1 186.6 188.2 189 189.3 188.8 189.5 192.2 193.2 194.3 194.6 196.8 197.1 195.2 195.2 195.5 196.1 196.2 196.3 196.1 195.7 195.4 192.9 189.3 185.3 181.3 178.8 176.5 174.3 174 173.8 172.3 169.3 166.2 164.9 163.6 162.3 161 160.2
172.3 171.9 170.5 170.7 170 169.9 169.6 169 166.4 165.4 163.9 164.5 167.1 165.2 161.7 159.8 157.9 157.7 163.4 165.1 164.8 163 157.1 157.9 162.6 162.6 158 157 160.4 163.9 163.8 162.9 164.9 168.1 170.9 171 171.1 173.4 174.4 174.7 177 180.8 182.4 184 185.8 187.3 187.7 186.6 185.8 187.7 190.4 190.8 192.7 195 195.9 194.6 192.9 193.1 194.1 195.3 196.1 196.1 195.5 195 194.8 193.5 190.7 186.2 181.8 178.3 176.3 176 175.7 175.4 173.6 170.8 168.1 165.8 164.6 163.2 161.9 160.9
171.2 171.2 170.3 170.5 170.1 169.4 168.9 168.4 167.2 166.3 163.7 161.3 163 166.5 164.3 160.2 155.5 154.2 158 159.2 160.3 159.9 155.8 151.3 156.4 157.2 154.1 152.8 156.5 158.2 158.3 159.8 163.2 166 167.4 167.3 167.7 169.7 170.1 171.8 175.3 177.2 179.7 182.2 185 185.9 184.8 183.7 182.9 183.9 184.9 185.3 187.2 189.8 191.5 191 190.9 191.5 192.7 194.5 196.1 195.8 195 194.4 194.3 193.5 191.2 187.1 182.8 179.6 177.3 176.5 176.5 175.9 174.1 171.3 168.5 166.5 165.3 164 162.8 161.7
168.9 170 170.2 170.3 170.1 169.4 169 168.5 169.4 167.7 165 161.3 157.2 162.3 167.3 163.7 157.8 153.5 150.8 152.2 154.1 155.3 153.8 148.3 149.5 151.8 149.1 149.6 153 154 154.1 157.2 159.6 161.8 163.2 164 165.1 166.1 166.7 169.9 172.4 175 177.6 180.2 182.8 183.5 182.5 181.3 180.4 181 181.8 182.7 184.6 187.2 188.6 188.8 189.3 189.9 191.3 193.1 195.4 195.8 194.9 194.2 193.9 193.1 191.2 187.7 183.1 180.7 178.4 176.5 176.2 174.3 173 171.6 168.8 167.3 165.6 164.2 162.8 161.5
168.5 168.7 170.1 170.3 170.5 170.4 169.4 168.8 168.7 167.8 166.5 162.8 154.5 159.3 163.8 165.9 161.9 156.6 151.8 147.2 147.4 148.7 150.3 147.2 143.7 145.8 144.4 146.2 148.9 150 150.7 153.3 155.8 157.4 159.3 161.5 163.2 163.1 164 166.2 168.1 170.9 174.1 177.3 179.7 180.6 180.1 179.1 178.2 178.5 179.4 181 183.3 185.5 186.6 187.1 187.6 188.6 189.7 192 194 194.3 193.9 193.5 192.8 191.9 190.6 187.1 182.7 180 177.8 176.5 174.3 172.8 171.5 170.3 169.1 167.1 165.1 163.3 161.3 160.5
166.9 167.8 169.5 170.2 170.4 170.4 170.4 169.6 167.5 165.8 159.9 157.8 153.6 154.4 157.2 158.6 159.5 157.8 155.9 150.4 143.2 143.4 145.4 143.9 139.2 140 139.8 143 145.1 145.4 147.4 150.2 153.1 156.4 158 159.9 161.2 160.5 161.3 163.1 165 168 171.3 174.4 176.1 177.5 177.4 176.8 175.9 176 177.7 180.2 182.3 183.4 184.4 185.4 186.4 187.6 189 191.3 193.3 193 193.1 192.3 191.3 190.1 187.8 184.5 180.9 178.7 176.5 174.3 172.4 171.5 170.4 169.2 168 166.4 164.2 161.8 160 159.5
165.5 165.3 168.8 169.5 169.1 169.6 169.7 169.4 167.6 164.2 161.4 156.7 153.5 150.4 148.6 149.9 150.9 151.5 153 152 144.9 138.7 138.1 137.2 135.7 134.6 137.9 139.7 140.6 142.7 146.6 150.2 153.8 155.7 156.1 157.4 158.7 157.6 158.3 160.4 162.6 165.4 168.2 170.7 172.5 174.1 174.6 174 174.2 175.1 176.9 178.8 179.8 181.3 182.3 184 185.6 186.8 188.7 190.6 191.9 192.5 190.9 190.4 189.1 186.9 183.9 180.9 177.7 176 174.2 172.3 170.4 169.4 168.7 167.9 166.8 165.1 163.1 159.7 157.8 157.5
163.4 161.5 165.3 167 166.4 168 166 168.1 166.1 162.8 159.1 157.8 155.2 150.3 150.8 144.7 145 145.9 144.8 144.2 140.3 136.8 134.5 133.1 133.4 130.7 133.1 135.7 139.7 142.9 145 148.5 151.3 153.1 153.3 155 156 155.5 155.7 156.9 159.4 162 164.6 166.9 169.2 171.3 171.8 171.6 172.9 175.5 176.9 176.9 177.3 179 180.6 182.9 184.7 186.5 188.4 190.2 190.9 189.9 188 187.2 186 183.3 179.9 177 174.9 173 171.1 169 167.3 166.2 165.6 164.7 163.2 161.8 159.9 156.7 153.6 152.6
161.7 159.5 160.6 162.2 161.3 162.3 160.5 164.4 162.7 160.2 158.6 157 154.4 148.4 147.2 144.6 141.7 142.3 140.9 137.3 135.1 133.4 130.7 130.9 130.2 128.7 128.9 135.2 138.3 140.1 142.2 145.5 148 149.6 150.6 151.7 153 153.3 152.8 154 156.4 158.9 160.6 163 165.6 167.6 168.6 168.9 170.6 174.1 174.8 175.1 176 178.1 179.5 181.7 184.1 186 187.9 189.1 188.8 187.3 185.3 183.7 182.5 180.6 177.5 174.6 172.8 170.4 167.6 164.6 163.5 162.2 160 158.9 157 155.2 153.9 151 148.1 146.3
160.4 158.9 156.8 156.3 156.1 156.7 156.4 157.6 157.4 156.6 156.1 154.3 150.2 145.1 140.6 140.9 140.1 139.3 138.1 135.6 133.7 131.5 129.4 128.1 128.9 127.3 126.4 131.3 133.7 136 138.6 141.3 142.1 143.4 145.6 146.7 149 150.8 150.2 151.3 153.3 155.3 156.6 158.5 161.5 164.1 165.5 166.6 168.1 170.6 173.5 175.4 176.6 178.3 178.3 181.1 183.5 185.1 186.6 187.1 186 184.3 182 180.3 179 177 175.7 173 170.2 167.2 163.6 159.9 156.5 154.6 152.9 150.4 148.4 147.2 146.3 144.6 141.7 139.5
157.8 157.4 156.9 155.3 152.6 152.2 152.1 152.8 153.3 153.1 152.6 150.2 145.7 143.4 139.8 138.2 137 135.9 134.5 133.7 130.1 128.7 127.5 127.4 126.8 126.6 124.4 126.2 128.4 129.5 132.2 135 135.8 137.1 138.9 141 144.3 147.4 147 148.2 150 150.9 152.1 154 157 160.7 164.3 165.1 165.5 168.2 171.2 173.2 175.8 177.8 177.9 180.8 181.7 183.2 184.2 184.4 183.3 180 177.6 175.2 175.2 174.1 172.2 167.1 164.1 160.5 155.9 151.6 148 146.4 144.7 142.5 139.9 139.2 138.6 137.9 135.6 133.4
