UK/data/tq/tq71_OST50GRID_20230518/TQ71.asc
ncols 200
nrows 200
xllcorner 570000
yllcorner 110000
cellsize 50
[rows 152 to 189 of 200, columns 85 to 169 of 200]
64 63.4 62.9 61.5 59.1 55.5 50.9 47.4 42.4 36.6 30.5 25.4 20.7 16.1 14.1 17.7 12.9 9.5 9.3 11.1 15 17.4 20.3 22.5 22 17.1 15.9 19.1 20.8 23.4 21.4 19.9 15.1 21 26.9 27.9 27 26.4 25.6 24.5 18.2 24.6 23.9 31.5 30.9 26.2 33.4 35.7 37.1 38.9 41.6 45.9 44.7 54.2 55.3 54.8 53.4 53.5 52.1 48.9 50.6 57.4 62.5 66.5 70.6 72.8 74.3 73.5 70.2 68.4 64.1 63.2 63 59.7 56.8 55.5 50 54.2 59.4 61.6 69.8 78.5 85.7 87.7 90.5
62.6 63.1 62.8 61.8 59.7 53.6 44.8 41.5 35.2 29.9 23.4 21.2 19 20.6 23.6 24.9 18.8 12.9 9.2 9.3 10.5 13 13.9 17 18.1 15.6 10.8 13.8 16.4 20.1 17 13.7 17.2 23.4 25 25.1 23.6 22.8 22.2 21.2 16.3 26.5 27.3 25 22.8 22.5 31.3 36.9 34.7 37.3 41.1 44.4 48.1 45.2 53 51.8 50.4 50 49 45 52.6 57.6 62 66.4 68.2 70 71 69.9 66.4 63.6 60.5 58.2 57.4 55.8 52.4 47.9 50.5 59.4 65 67.3 68.7 73.5 82.7 87 93
59.1 61.1 61.7 61.2 60.1 55.4 46.3 40.3 36 34.4 33.3 31.1 23.5 28.8 30.2 28.6 22.8 16.3 11 9.3 8.9 8.2 9.5 9.4 10.3 8.7 8.4 8.5 9.8 13.2 11.1 11.1 17.4 19.9 21.9 20.9 19.4 17.9 15.3 12.5 12.7 12.8 11.4 18.7 21.2 23.4 30.9 34.7 33.7 37.5 40.1 42.9 46.1 47.8 47.9 49 48.1 46.5 44.7 47.2 52.8 57.5 62 65.7 67.3 68.3 67.3 65.1 62.2 58.5 56.5 53.7 52.9 47 41.7 49.5 57.3 65.6 71.3 74.2 76.1 82.4 86.9 89.7 94.6
53.2 54.4 56.4 59.6 60.6 59 53.6 50.3 44.6 43.6 42 38.1 29.7 33.2 32.5 29.9 23.8 16.9 12.3 14.3 13.9 13.4 11.1 9 8.6 8.8 8.6 8.4 8.1 8.9 9 9.3 13.5 17.2 15.4 15 12.7 11 9.8 15.2 20.7 25 27.3 29.4 31.4 33.4 33.5 33.5 31.8 35.7 38.6 41.8 43.7 45.2 46.7 46.6 45.2 43.4 45.1 50.2 54.7 59.1 61.6 64.1 65.3 64.8 62.8 60.3 57.8 54.4 51.6 49.4 44.6 39.4 49.8 57.5 63.5 70.6 77.6 79.8 85 86.8 90.8 93.6 97.5
43 44.9 48 54.5 58.4 59.6 58.5 57.8 55.9 52.3 50.4 43.3 36.4 36.3 33.6 28.1 21.5 17.2 19.3 21.2 22.3 21.9 17.9 11.8 10.6 13.6 14.9 12.8 9.1 8 7.6 8.2 8 10.1 9.6 10.3 7.9 15.3 21.4 26.3 28.6 31.3 33.1 34.9 38.3 39.7 36.2 32.2 25.3 31.7 36.6 40 41.9 43.2 44.4 42.6 42.2 39.4 46.7 51.2 55.4 57.9 57.1 60.8 60.9 60.2 58 55.7 53.6 49.5 47 40.8 36.1 49.4 56.2 65.1 71.3 76.5 81.2 83.9 88.1 90.5 93.8 93.8 95.3
38.8 37.6 42.9 46.6 54.4 57.2 57.8 57.3 57.1 55 51.2 45.7 38.7 36.3 32.2 25.6 22.9 23.5 23.5 30.2 32.7 29.2 22.2 15.4 16.5 19.4 20.9 19.2 17.5 10.7 10 7.5 7.9 8.3 8.4 10.2 17.6 22.7 25.9 29.7 32.3 34.1 36 39 42.3 44.3 36.7 37.7 32.1 26.5 35.3 38.2 39.8 41.1 42 41.4 40.7 43.9 49.1 53.2 55.1 56.7 57.9 58 57.2 56.2 53.8 51.6 48.6 43.4 38.5 32.4 47.6 56 64 70.2 76.2 80 83.1 85.6 90.4 91.8 91.5 91.5 91.9
36.1 35.3 37.5 44.2 50.4 51.2 51.5 51.6 52.4 52 49 46.4 42.1 37.8 32.5 30.1 33 33.4 37.8 38.5 38.4 32.3 25 22.9 22.9 26.2 29.2 26.8 24.5 19.3 12 7.2 7.6 8 8.3 16.2 21.9 24.8 27.4 27.7 33.9 35.6 37.6 41.3 44.7 45.2 44.9 41.9 38.8 33.7 31 28.4 35.1 39.1 39.2 37.7 42.3 48 51 52.6 53.4 54.8 55.4 55.6 53.9 52.5 50 47 41.4 35.3 30.6 43 53.3 61.1 68.2 74.2 78.5 81.9 85.9 87.9 88.8 89.6 91.3 91.9 90.5
29.3 34 37.9 41.3 45 44.6 45.1 44.2 47.4 47.4 45.2 43.2 41 39.7 38.2 36.6 41.3 42.5 42.9 42.7 41.6 37.6 33.8 31.4 29.4 32.8 35.7 33.7 28.6 21.7 13.7 6.8 7.5 7.8 8.1 15.2 20.1 23.8 27.5 30.6 33.8 35.5 37.5 41.6 45.3 37.1 53.5 49.7 44.8 41.9 41.2 40.8 38.7 39.3 40.8 43 46.8 43.1 49.6 50.8 51.3 52.9 53.3 53.2 51.2 49.1 46.5 39.5 33.3 27.3 39 49.1 56.7 63.4 68.4 75.4 79.2 83.3 85.9 87.4 87.6 88.9 89.2 90.5 90.5
27.9 35.3 36 36.8 38.3 39.4 41.2 41.5 42.5 42.7 41.3 40.7 41.8 41.4 40.4 41.8 43.4 43.2 44.4 44 44.1 43.2 42.8 42.8 40.9 41.9 40.6 36.3 30.3 22.8 15.7 7.6 7.1 7.5 7.4 9.5 12.8 19.3 25.4 29.5 31.2 33.2 37.2 41.3 39.7 48.4 56.2 57 53.3 50.4 50.4 50 47.9 49 49.8 48.1 48.3 47.1 41.6 48.2 50.1 51.2 51.1 50.4 49 46.1 40.3 33.1 25.9 31.8 44.9 50.9 57.1 64.1 71.2 77.9 81.2 83.6 85.5 86 86.7 87.8 87.2 87.1 86.3
25.9 32.2 32.6 33.9 36 37.1 39 39.2 40.1 41 39.8 39.4 41 41.1 41.8 42.9 42.9 43.3 43.8 43.7 44 44 44.8 46 46.8 46.3 42.8 37.9 30.9 23.6 21.1 12.6 6.8 6.9 6.5 7 7.7 13.2 21.2 27 28.1 28.2 33 40.8 41.3 54.8 61.1 63.6 62.4 61.6 61.5 61.9 59.7 57.2 54.3 49.4 47.1 45.7 42.6 46.3 47.2 47.4 47.5 47.3 46.2 41.7 35 26.3 26.6 38 46.8 53.5 59.7 66.2 74.5 80.2 81.4 84.2 84.8 84.9 85.6 85.4 83.7 82.3 81.5
21.6 26.8 30.5 34.2 33.8 36.3 38 36.7 39.5 40.1 38.7 37.3 39 39.2 35.1 40.1 40.7 41.1 40.6 41.1 43.1 44 44.5 45.9 45.2 46.6 45.3 40.3 32.8 28.7 26.3 21.3 11.1 5.4 6.5 6.5 6.5 8.6 14 17.6 18.9 26.7 34.5 36.6 51.2 60.1 64.8 66.8 67.1 67.2 68.3 66.3 63.4 57.5 52.2 48.1 44.5 42.9 40.8 41 44.8 45.2 44.5 44.3 41.5 35.5 29.3 21.9 31.7 40.8 49.4 55.4 63.3 69.5 76.5 79.9 80.9 81.7 84.2 84.6 81.1 80 79.1 77.8 72.4
21.3 26.7 32.6 32.7 31 35.4 35.8 34.4 37.6 38.4 36.1 33.5 34.9 35.8 36 35.8 35.9 36.4 37.1 37.1 38.5 39.7 40.1 41.9 43.9 47 48.4 43 39.6 36.3 32.2 27.2 21.1 10.8 6.2 6.3 6.3 7.5 10.9 17.9 26.3 33.6 36.4 42.8 56.5 60.1 67.6 68.8 68.9 68.9 67.5 64.8 59 53.9 49.4 45.8 42.1 38.8 38.1 39.8 43.1 43.1 39.4 37.1 33 29 25.2 25.4 36.3 46.2 53.2 59.6 66.5 71.9 77.3 80.3 80.6 80.3 79.4 77.4 77.3 75.8 73.3 70.3 68.8
21 26.6 29 29 28.7 33.3 32.7 31.1 33.1 33.5 32 30 31 32.1 32.6 31.8 31.8 32.1 32.5 32.6 34.2 34.7 35.7 38.1 41.6 47 49.2 49.8 44.4 41.4 35.6 30.1 25.2 12.7 5.9 6.4 6.3 8.1 11.6 20.8 31 33 36.2 52 60.2 66.6 68.4 69.9 69.6 69 66.6 60.7 55.4 50.9 47.2 44.2 40.3 35.6 36.7 39.8 39.4 37.5 31.3 27.2 25.7 23.6 20.7 30.1 40.9 49.4 57.2 64.5 70 74.9 75.1 77.1 77.6 75.4 72.7 73.4 69.7 71.2 69.8 63.7 57.8
19.8 23.9 25.2 24.8 24.6 28.5 29.3 27.7 28.6 29.6 28.5 26.3 27.4 28.2 27.8 27.6 27.9 28.6 28.2 28.1 28.7 26.5 32.1 36.7 40.8 45.8 49.2 49.8 47.1 41.8 34.5 28.9 22 11.3 6.1 6.7 7 8.5 13.8 23.1 34.2 32.9 45.7 55 62.8 67.7 69.9 70.1 68.2 65.3 61 55.7 51 47.1 44.1 41.3 38.4 33.3 33.6 35.1 36.1 28.6 23.9 21.5 19.5 20.6 28.1 35.8 45.6 53.6 61.2 67.8 72.8 74.7 74.8 72.3 72.8 71.2 70.9 68.2 64.4 66.3 64.3 58.6 57.7
17.5 20.1 21.1 19.4 22.9 27.2 27 23.6 23.7 22.3 25.2 22.9 23.9 24.7 24.2 23.8 25.2 25.9 25.3 25.3 25.8 26.4 30.1 34.4 40.2 45.8 48.6 49.3 45.7 41.2 35.3 29.2 20.5 8.2 6.3 6.5 6.9 9.6 14.1 28.3 31.7 32 47.7 56.6 63.6 67.4 68.9 65.5 62.9 58.4 54.7 51 47.1 44 41.6 39.6 36.8 33 28.4 29.7 27 29.1 18.7 19.1 23.1 30.2 36.5 45.1 51.6 55.7 61.4 69.3 71.7 73.5 72.7 71.4 68.2 67 62.3 64.3 59.9 59.6 59.2 57.6 57.6
14.7 16.4 16.5 17.5 22.9 24.9 23.9 21.2 18.9 21.6 22 20.3 19.7 20.6 21.1 20.8 22.2 22.5 21.8 22.2 23.3 24 28.3 32.9 38.2 43.5 45.5 46.1 42.6 39 33.8 28.9 16.6 7.2 6.1 5.9 5.5 12.8 18.4 32.5 31.4 38 51.1 58.4 61.3 63.3 62.4 60.2 57.3 52.4 50.4 47 44.1 41.6 39.5 37.3 34.9 31.9 23.3 22 21.8 35.7 18.4 22.4 28.9 36.4 46.6 51.5 57.2 63.4 67.7 69.2 71.4 71.4 69.3 65.7 62.9 61.3 61.1 59.6 56.1 54 53.9 52.8 49.8
11.7 11.9 12.2 18 21.3 22 21.4 17.2 16.2 18.5 18.1 14.8 12.5 14 13.9 13.9 16.1 18.6 16.7 17.8 17.5 22.2 26.8 30.8 35.6 40 42.6 42.5 39.8 35.9 32 25.4 13.2 6.8 5.8 5.8 6 13.6 23 31.9 32 43.4 50 56 58.7 60.8 59.3 57.2 53.9 50.1 45.9 42.3 40.6 40.7 38.1 35.1 31.9 26.3 21.4 17.1 16.7 28.8 24.6 28.4 34.5 44.2 52 58.1 64.4 68.9 68.9 67.8 70.3 67.1 64.5 61.9 58.9 55.7 55.6 54.7 52.7 48.9 48.7 48.1 45.5
8.6 9.2 10.4 15.1 18 18.2 17.5 15.3 12.4 14 12.1 8.9 7.4 7.6 7.5 7.5 9.7 11 10.1 10.5 15.1 21.3 24.8 28.9 34.1 38.8 41.6 40.1 37 33.2 29.8 22.8 9.8 6.4 5.7 5.6 8.1 12.5 21.7 26.1 32.1 42.7 48.9 54.5 56.8 57.3 56.5 54 50.3 45.6 41.3 37.8 38.1 39 37.5 33.7 28.4 22.5 17.7 14.7 15.9 24.6 28.7 34.6 44.1 48.8 53.7 61 67.2 69.3 65.3 67.5 65.5 62.3 60.4 57.8 54.6 51.5 51.8 49.1 48.3 46.6 44.6 44.2 42.4
10.4 8.7 9.1 13.1 15.1 15.5 15.4 12.6 9.1 8.5 6.9 6.3 6.7 6.1 6 5.9 5.7 6 6.4 7.8 13.4 19.1 24.1 28.8 33.3 37.9 39.7 37 34.2 29.1 22.8 15 7.5 5.6 5.5 5.4 6.6 10.5 16.1 24 31.4 40.9 47.7 52.8 55.1 55.4 54.1 51.8 47.1 39.8 35 34.3 36.8 37.6 35.3 32.6 26.2 17.7 14.1 15.4 20.8 27.2 33.4 44 49.4 52.3 62.6 61.4 65.2 66.7 66.5 63.6 58.5 57.2 55.8 52.6 50.4 48.4 47.3 47 45.9 43.1 41.1 39.2 38.7
13.9 8.5 8.3 10.6 12.1 12.1 11.4 9.1 7 6.7 6.7 6.7 6.2 6.7 5.4 5.7 5.5 5.3 5.3 6.2 9.3 16.9 23.6 28.2 32.6 37.1 38 34.2 31.2 22.3 13.2 8.7 5 5.3 5.6 5.7 7.7 10.7 15.7 21.1 31.3 37 44.6 52.8 52.9 52.6 50.2 47.7 43.2 38.2 26.6 29.8 34.5 35.2 31.7 28.4 23.2 15.1 13.8 18.6 28.5 31.7 34.3 43.8 49.3 52.8 61.3 62.2 64.6 60.9 63.5 60.5 57 53.3 51.2 49 47.7 45.9 46.7 43.6 41.9 39.3 36.4 32.6 30.2
15.4 8.5 7.5 7.6 9 8.3 8 7.2 7 8.3 10.8 13.6 15.3 17.3 17.4 11 5.6 5.5 4.8 5 6.1 14 22.7 27.1 32 36.1 36.3 32.2 29.3 24.2 13 7.3 4.6 4.9 5 6 7.4 11.4 15.7 22.3 29.8 39 46.2 51.2 51.2 49.7 41.8 40 37.6 33 22.7 23.3 29.6 29.7 26.6 23.6 18.5 12.6 15.1 23.5 27.2 31.3 33 39.7 46.5 50.9 61.2 63.5 62.8 62.8 63 58.8 58.6 50.6 48.4 48.8 48.7 40.3 42.7 41 37.6 35.8 32.1 27.7 35.1
14.7 13 10 7.8 7.4 7.2 6.6 7.4 10.8 14 18.2 20.7 22.1 23.3 23 19.8 10.5 5.1 4.4 4.3 4.5 10.5 19 26.9 31.4 34.7 35.4 31.2 28.2 19.4 11.9 6.6 4 4.1 5 5.4 7 10.7 15.3 26 30.5 31.3 48.2 49.9 48.3 44.1 33.9 32.4 32.5 29.1 19.3 19.1 25.3 24.4 21.5 18.7 14.9 11.4 14.8 17.6 20.4 22.6 30.5 35.9 42 45.8 51.5 63.2 57 63.1 62.1 59.9 53.1 49.5 43.8 43.3 43.1 40.8 38.9 40 36.4 33.5 27.1 30.8 39.3
15.4 18.8 16.2 12 11.3 10.3 10.7 12.7 16.2 19.7 22.7 26 27.3 27.8 26.3 24.5 17.9 5 4.2 4.5 4.2 9.1 18.4 26.6 31.4 34.5 34.9 33.4 26.7 16.7 8.7 4.2 3.7 2.9 4.5 5.4 6.1 9.7 16 23.7 30.4 31.4 41.9 46.3 44.3 39.1 32.1 25.8 26.1 23.7 17.6 15.3 16.6 18.4 15.6 15.6 11.7 11.1 12.9 16.5 15.4 19.7 28.7 33.4 37.9 39.4 46 57.4 55.9 62.1 59.8 58.6 49.6 47 41.9 43 42.9 33.2 36.9 36.1 34.3 29.7 22.7 33.8 40.2
18.7 22.3 20.5 15.7 16.2 17.3 17.6 19.5 22.1 24.8 28 31.3 32.7 31.5 29.2 26.1 21.4 8.1 4.1 4.2 3.7 8.7 19.2 26.6 31.1 34 35 32.8 26.6 14.8 8.8 5.2 3.1 3.5 4.1 4.5 5.1 8.9 15.1 23.7 31.6 38.6 39.5 42.1 39.7 36.4 29.6 22.5 19.9 19.6 15.5 13.6 16.1 15.9 13.6 11.5 10.7 12 17.6 23.3 22.6 18.1 26.3 30.4 31.4 38.3 49.8 57.5 58.3 60.7 59.6 54.4 49.2 43.8 39.8 33.1 33.9 28.9 32.4 32.2 30.6 23.6 25.4 34.6 41.4
21.3 24.6 22.8 22.6 24.4 23.5 24.6 26.8 29.7 31 34.6 36.2 35.8 33.8 29.9 26.2 21.8 10.9 3.9 3.6 3.6 8.4 17.6 26.1 30.4 33.4 33.8 32.1 26.2 17.2 11.3 5.9 3.5 3.3 3.7 4.1 5 9 16.8 24.6 29.8 33.2 36.6 37.2 35.1 31.9 27.7 23 18.6 14.2 11.7 10.5 11.1 10.3 9.8 9.1 9.7 14.7 21.5 27.3 28.4 20 23.7 26.8 31 42.6 53.9 55 59.5 59.4 57.6 54.5 50.5 44.7 38.8 33.3 24.2 24.9 26.5 27.7 24.7 21.3 30.6 38.2 43.7
24.4 27.9 27.6 29.6 31.2 31 32.8 34.7 36.7 40.3 40.2 38.7 36.9 33.8 30.2 26.3 20.8 10.5 4 3.2 3.8 8.6 18.5 25.6 29.6 32.3 33.1 31.3 26.7 22.9 15.2 7.9 3.3 3.4 3.6 3.9 4.4 9 16.7 21.7 25.7 29 32.4 31.7 32.3 29.1 27.2 21.7 17.1 13 9.8 8.1 8.4 9.1 8.4 11.4 13.5 17.6 26.1 32.7 33.8 29.7 25.1 30.2 41.2 43.8 53.3 48.9 57.5 55.5 53.8 51.4 47.5 42.8 39.1 33.6 26.5 18.7 22.6 21.8 15.9 30.9 40.9 47.3 51.3
29.2 31.5 31.9 34.5 36.6 37.3 38.8 41.1 41.4 41.6 40.3 38.6 35.9 32.9 29.6 25.8 21.3 10.8 4 3.1 3.5 8.1 17.7 24.3 28.6 31.1 32 31 28.9 25 16.3 9.4 2.7 2.2 1.8 3.4 4.4 7.5 11.4 15.7 21.1 28.1 29.3 31.2 30 27.1 23.5 19.5 14.7 10.3 7.6 7.2 7.9 9.8 14.8 18.1 21.7 26.2 36.1 37.4 38.6 32 29.1 33.3 46.1 45.2 44.6 45.6 54.1 54.2 51.3 50.4 45.5 40.6 37.5 30.7 26.7 20 18.2 15.5 30.5 38.5 45.7 49.2 50.3
33.1 34.9 34.8 36.9 38.7 39.9 41.2 42.6 42 40.3 38.6 36.8 34.2 30 24.8 25.7 21.6 13 4.1 3 3.6 7.6 18 25.9 28 29.7 31 30.2 29 24.3 17.4 10.7 2.4 1.8 1.8 1.8 3.6 4.5 7.6 13.6 20.8 27.9 29 30.2 28.7 25.7 21.5 16 10.7 7.8 6.9 7.1 11.2 16.2 22.2 28.7 35.5 34.4 40 41.9 40.7 34.3 31.3 30.5 48.5 51.8 53.7 43.1 50.2 51.1 48.4 48.1 42 38.1 34.9 29.2 25.2 19.8 13.5 26.1 36 40 42.9 45.6 46.1
34.9 35.5 35 37 39.1 40 41 41.9 41.8 37.8 36.5 34.6 32.4 29.9 27 24.3 20.7 9.4 3.8 2.7 3.5 7.2 18.4 26 27.7 27.1 27.8 29.8 27.3 24.7 16.8 9.4 2.4 1.8 1.8 1.8 1.8 1.8 6.5 12.7 19.8 26.2 28.5 29.4 28 24.2 18 11.9 7.9 6.4 5.9 5.2 15.6 22.7 28.9 30.1 35.1 41.4 43.6 43.1 42.8 38.1 39.6 36.5 43.4 48.9 50 41 48 46.3 45 43.7 39.4 35.1 32.7 29.3 25.2 19.4 14.9 28.3 33.5 37.3 40.1 41.7 40.3
34.1 33.1 33.1 35.2 37.7 39.3 40.4 40.9 36.8 35.6 33.4 31.6 30.1 27.7 25.9 24.1 19.7 8.5 3.8 3.6 3 5.1 13.4 23.1 24.2 23.9 24.7 27.9 27.6 25.7 15.8 8.3 4.1 2.5 1.8 1.8 1.8 1.8 6.4 10.9 19.7 27.4 29.3 29.6 27.9 22.6 14.9 8.6 5.8 6 5.8 10.8 20 22.1 28.3 37.6 41.7 42.6 43.5 43.5 42.8 42.6 41.2 41.5 30.6 42.8 40.7 38.5 41.3 41.5 41.1 37.8 36.6 31.2 28.7 26.7 23.3 15.1 12.8 23.7 29.4 32.5 37 39.1 36.6
31.5 30.7 30.7 32.6 35.7 38.8 39.7 36.6 33 32.8 30.6 28.5 26.8 25.3 22.7 23 19.5 9.8 3.8 3.6 3.1 2.8 11.3 17.4 17.8 16.3 19.8 26.3 26.1 23.5 16.4 11 7.6 2.7 1.8 1.8 1.8 1.8 4.8 10.4 19 28.3 29.4 29.1 25.2 17.8 10.2 4.7 4.7 8.8 4 14.8 20.5 28.8 35.8 38.9 38.6 37.6 39.8 40 41.2 41.1 39.7 38.2 39.5 39.3 40.7 38.2 37.2 39.9 37.6 34.9 30.5 28.4 25.3 22.6 23.2 14.6 12.4 19.8 22.8 29.7 33.2 36.7 34.6
28.5 26.7 26.3 30.1 32.7 36.5 36.6 33.8 31.6 29.6 27.7 25.8 23.4 21.8 19.5 20.5 18.8 12 4.2 3.1 2.7 2.3 7.7 11.8 11.2 11.1 16.6 23 24.8 23.1 19.3 12.9 8.4 2.5 2.5 1.8 1.8 1.8 3.9 10 16.8 21.5 26.3 27.1 22.2 16.1 11.8 10.5 8.9 5.8 8.6 14 24.8 30.6 33 30 33.6 33.9 36.1 37.9 37.5 37.3 36.5 35.1 35.1 27.9 39.4 39.7 32.7 37.4 31.1 29.4 26.8 24.7 22.9 21.6 20.7 16.3 11.4 12.5 23.4 27.5 30.2 31.8 30
30.2 29.1 25 26 30.3 32.5 32.2 30.3 27.5 27.5 25.7 23 19.1 18.6 16.1 17.9 15.3 11.4 5.5 2.3 2.8 3 2.5 5.7 6.2 7.8 13.6 21 24 23.5 18.6 12.2 7.2 2.4 2.6 2.1 2.4 3.3 3.7 9 14.8 25 26.7 22.4 15.4 8.7 9 8 4.9 4.2 8.1 14.2 25.9 29.5 29.6 28.9 27.9 28.4 29.9 32.3 33.1 33.3 32.4 31.3 29.8 32.5 27.4 37.3 30.7 29.7 28.3 24.8 22.1 21.4 20.6 19.3 18.7 16.7 11.2 14.5 18.2 22.8 25.2 24.6 23.3
31 28.7 26.8 21.8 25.9 28.7 28 26.7 24.7 23.7 20.9 19.1 16.2 15 13.6 12.3 11.8 8.9 4.8 2.9 2.6 2 0.7 1.4 2.2 6.5 11.2 15.7 20.8 21.1 16.3 11.5 4.8 3 6.1 8.2 2.2 6.5 4.3 8.5 18.9 18.3 13.7 8.3 11.2 13.7 7.7 4.6 3.5 4.3 8.2 14.3 26.5 28.1 26.9 23.4 22.3 22.3 25.9 29 29 28.9 28.2 27.4 24.8 29.2 29.5 27.3 31.4 26.9 24.5 21.2 17.5 18 19.4 17.5 17 15.6 11.4 11.8 15.4 18.5 19 19.6 15.2
32 30.3 29 25.2 20 23.6 24 22.3 20.9 20.1 17.8 14.7 13.3 10.6 10 8.3 7.9 6.4 3.3 4 2.4 1.4 1.6 2 1.6 3.6 8.2 10.7 10.9 10.2 10.2 9.5 8.8 9.4 10 7.5 5 9.9 3.8 8.2 7.2 8.2 13.1 18.2 18.4 15 7.1 3.4 2.8 2.6 8.3 13 20.5 23.9 22.8 18.9 15.9 16.4 23 27.1 26.1 25.2 23.7 22.7 20.7 25.8 28 26.2 27 24.1 23.1 21.6 16.4 15.8 14.3 13.1 11.2 10.5 9.9 10 11.9 14 17.1 18.9 18.1
32.7 31.3 30.2 26.9 25.9 21.7 20.8 17.5 15.1 13.5 14.6 10.6 9.2 7.8 6.9 5.6 4.3 4 6 8.2 6.2 2.6 5.5 6.1 6.3 3.2 7.3 7.3 8.1 8.5 9.1 8.9 9.2 9 9.4 6.6 6.2 8.2 4.3 10.3 13.5 14.7 19 15.7 13.3 9.9 5.5 3.3 2.8 2.6 7.6 12.3 15.8 15.8 15.7 13.7 11.4 11.9 21.2 24.6 24.3 21.4 19.6 17.4 18.1 22.7 24.1 24.1 25.2 19.5 15.5 14.5 14.2 13.1 9.5 8.8 8.8 8.8 8.8 9.4 10.2 10.4 13.3 16.1 21.2
32.5 31.3 31.4 29.7 28 26.2 25.1 23.6 20.3 16.1 9.8 7.9 6.2 6.5 5.7 6.6 9.5 10.9 7.6 6.9 2.6 2.1 2.2 1.2 2.5 2.2 2.2 2.9 6 8.8 7.5 5.3 4.5 3.5 3.9 3.8 2.7 1.7 2.4 4.8 10.4 12 18.8 12.3 11.9 10.9 8.6 4.3 2.7 3.3 5 9.5 11.5 12 10.9 9.7 7.9 9.5 16.2 21.8 22.1 20 17.9 13.4 15 19.4 20.7 20.4 20 22.3 17.6 14.6 8.3 7.5 8.8 8.8 8.8 11.4 16.2 21.2 22.1 23.2 22.8 26.2 31
32.3 31.5 31.6 31 29.1 27.9 26.6 25.5 23.7 22.9 19.5 14.6 12.3 12 10 15 10.9 7.8 4.3 2.7 2.3 1.9 2 1.2 0.5 1.7 0.8 0.9 1 2.3 2.4 2 1.5 0.8 1 1.3 1.9 1.8 1.9 3.1 4 16.6 12.9 9.9 10.9 9.3 7 3.7 2.2 2.6 4.8 7 8.2 8.6 7.4 6.2 5.4 7.4 12.4 18.7 20.8 18.8 16.4 11.1 11.5 17 17.7 17.5 16.8 15.6 16.2 20.8 7.6 6.8 8.2 8.8 10.1 17.5 23.8 32.9 38 38.3 38.5 40.3 40.9
