WholeMapElevations/data/no/no58_OST50GRID_20230518/NO58.asc
ncols 200
nrows 200
xllcorner 350000
yllcorner 780000
cellsize 50
[rows 0 to 34 of 200, columns 0 to 77 of 200]
467.4 464.6 475.6 474.6 463.9 451.4 438.1 426 414.6 404.8 394.8 382.9 374.4 369.3 361.3 354.3 343.6 328.7 323.4 319 312.7 319.3 322.5 326.5 329.3 330.9 330.2 325.6 320.8 315.8 307.5 299.3 290.8 281.3 269.7 266.1 263 256.7 255.6 254.1 255 254.2 248 247.8 247.6 248.2 253 252.6 250.7 250 249.8 251.8 255 258.3 260.1 264.3 270.9 277.1 281.2 283.8 284.1 283.7 280.7 276.3 274.4 276.7 280.6 280.5 277.6 275 270.1 265 265.1 264.9 264.9 265 264 262.3
474.6 473.6 476 472.6 461.4 449 436.1 423.2 408.5 397.5 387.3 378 361.7 356.4 349.5 344.5 341.9 336.1 329.3 321.7 324.7 327.9 331.7 336.9 341 342.8 340.6 338.2 333.2 325.8 319.1 309 298.5 290.2 282 274 267.4 259.9 259.1 258.1 257 255.5 251.1 249.5 250.3 252.8 253 252.8 252.2 251.9 252.9 255.1 258.4 262 263.6 269.8 275.6 280.8 285.9 289.3 290.6 288.6 285.5 280.8 278.1 281.7 287.1 286.4 281.3 278.6 275.4 273.2 273.3 275.6 275.8 276.3 276.2 275.6
481.3 475.8 475.6 469.8 447.8 432.9 418.4 406.5 408.1 398.6 387.2 381.9 375.5 369.9 362.5 356.4 350.2 340.7 333.9 326.9 333.4 336.2 339.8 346.3 352.4 355.7 355.4 352.8 345.4 337.1 325.8 314.2 303.3 288.6 277.9 273.9 268.1 265.3 262.7 262.2 259.6 256.6 251.3 251.5 254 253.8 254.1 254.6 254 254.3 256.2 257.6 260.8 264.6 267.5 273.8 280.7 285.8 291 294.1 296.6 294.7 289.9 286.6 283.7 287.1 290.3 290.7 287 285.1 282.8 281.1 283 288.8 290.4 291.2 292.7 289.7
482.3 476.2 463.1 435.9 426.6 433.7 434.1 424.9 413.7 405.1 396.3 387 379 372.3 366.6 360.1 355.1 348.2 339.8 333.2 341.7 344.5 349.6 355.7 363.5 368.3 369.4 365.2 357.1 345.7 331.5 317.2 300.4 286.8 275.3 271.6 269.2 264.7 262.9 261.8 259 254 253.3 253.2 254.4 255.3 255.8 255.9 255.6 257.2 258.9 260.5 264.4 269.4 273.4 280.9 286 291.2 296.7 299.2 301.6 299.2 295.1 291.1 290.7 293.5 296.5 296.2 294.7 293.7 291.4 292.8 296 302.6 306.7 307.4 307 303
484.1 476.2 459.6 471.9 462.5 453 441.2 429 419 408.9 396.8 391.5 382.4 375.1 368.9 363.9 359.5 354.3 344.3 339.7 348.2 353.4 357.9 364 372 377.8 379.3 374.5 368.1 356.1 330.2 315.9 300.1 284.6 278.1 273.2 269.4 266.9 263.9 261.3 256 255.8 253.8 255.5 255.6 256.6 257.4 258.2 259.5 260.8 261.7 264.5 268.3 273.5 278.7 285.9 291.8 296.8 302.6 304.2 306 304.3 300.3 295.4 296.9 301 302.4 305.2 305.4 304.5 306.9 309.9 312.4 317.5 322.4 323.1 319.1 313.6
483.2 469.5 480 478.9 469.6 460 448.9 436.2 423.7 409.3 404.2 392.8 386.4 379.4 372 368.4 364.7 361.1 355.7 347.8 355 360.1 364.2 371.2 380.1 386 387.4 381.8 371.4 355.1 331 312.1 298.4 285.6 280.6 277.3 270.7 266.3 264.9 262.7 257 254.9 255.2 257.8 257.6 258.3 260.5 261.4 263.3 265.3 265.6 268.2 272.3 278 285.7 291.9 297.6 304.2 309.2 310.4 310.4 308.5 306.6 303.2 304.6 308.2 310.3 314.7 317.6 319.8 323.3 325.4 329.7 331.7 336.3 334.6 331 325.5
471 474.1 486.9 484.5 476.2 464.3 451.6 441.8 433.2 422.7 412.8 404.9 395.7 385.8 377 372.5 369.2 366.7 362.7 356.5 363.1 366.3 369.5 376.8 385.4 391.2 389.9 383.4 370 349.9 329.8 307.5 295.7 286.4 282.6 277.5 270.2 267.5 265 259.4 258.1 255.8 254.8 259.5 258.8 261.1 263.3 264.7 267.7 270 270 271 276.1 284.4 291.3 296.8 302.8 310.3 316 318.3 317.3 315.3 312.6 312.4 314.6 318.5 322.6 328.9 333 336.7 341.1 343.4 347.2 347 349.8 348.7 342.1 333.6
489.7 474.4 492.5 490.7 482.5 476 465.1 454.7 444 433.1 423.2 412.3 401.9 390.5 382.8 377.8 374.5 372.6 368.9 363.2 367 370.1 372.7 380.1 388.4 393 389.9 378.8 364 346.1 322.7 306 295 287.2 281.4 275.2 268.6 266.3 263.6 260.5 259.2 258.2 255 260.4 260.5 263.9 265.7 269.6 273.3 275.1 275.1 276.3 280.5 289.4 295.9 302.4 309.6 317.1 322.9 325.8 324.1 323.3 320.5 321.5 323 328.7 340.1 348.4 353.2 354.7 358.7 360.4 362.2 361.3 362.2 359.8 352.2 339.4
496.7 483.9 497.8 498.3 493.7 486.9 476.5 466.6 455.1 443.7 432.6 420.1 407.5 395.6 388.7 382.4 378.9 375.4 372.8 368 371.4 373.4 376 381.1 387.8 390.1 384.8 369.5 356.7 338.3 318.4 303 291.8 282.7 275.9 271.2 266.6 265.7 262.3 261.5 260.7 259.7 259.9 263.3 263.9 268.9 271 276.1 281.5 283.8 282.7 282.2 284.9 293.8 300.4 308.2 317 324.2 331.7 333.3 332.2 331.9 333.7 334.4 337.3 345.4 356.3 366.2 371.8 375.9 376 377.1 376.6 375.6 373.3 368.8 359.9 342.6
502.3 488.2 501.8 503.8 500.8 494.9 485.3 474.4 464.4 452.2 439.8 427.9 414.4 401.6 392.5 385.4 380.8 377.1 374.1 372.8 374.2 376.2 377.5 380.3 383.4 384.1 376.4 360.6 346.4 329.8 314.4 299.9 289.3 278.7 273 269 267.2 265.3 262.7 262 261.6 258.8 264.6 266.4 269.2 275.1 281 286.4 294 293.5 291.9 290.8 291.7 298.3 304.6 314.2 324.1 332.2 339.5 342.7 341.7 342.9 350.2 351.9 353.3 363.5 373.8 383 389.1 392.3 394.4 393.5 391.3 390 385.1 378.4 366.9 348.4
506.8 496.9 505 509.2 507.8 503.5 494.7 483.6 472.3 459.4 447 433.5 420.2 406.6 396 387.1 382.4 378.8 376.7 375.5 377.1 378.6 379.3 379.4 378.5 375.1 366.5 353.5 336.7 321.4 311.2 297.9 285 275.5 270.5 268.3 267 265.2 267.4 263.8 262.9 259.1 267.3 272 278.1 284.6 291.9 298.2 303.4 303.5 302.1 299.8 299.4 303.1 311.4 320.9 330.2 339.2 346.6 350 350.4 356.1 366.4 369.3 372.9 380 388.9 397.6 403.3 408.4 408.8 409.3 406.3 403.6 397.5 388.2 374.8 355.3
511.8 499.5 510.5 514.7 516.2 511.6 504.3 491.1 480.4 467 453.4 438.6 423.5 409.9 398.8 390.5 385.1 382.6 379.7 378.4 379.9 380.6 380.8 379.7 375.4 368 356.8 341.8 328.9 315.8 306.8 294.3 279.7 272.9 269.6 268.2 268.5 268.6 269.4 265.7 261.3 260 269 277.5 285.9 296.4 300.9 308.7 313.8 315.7 312.1 308.1 308.9 307.3 316.1 325.7 336.3 345.6 353.2 357 364.9 371.9 382.4 386.9 390.6 395.7 403.5 411.6 417.7 423 424.7 422.4 419.6 416.1 408.4 397.1 382.4 363.4
516.3 504.8 515.7 520.3 522.2 519.3 509.9 498.8 486.5 472.8 457.2 441 427.4 414 402.2 395.1 390 385.4 382.5 381.6 381.7 382 382.2 380.1 374.3 362.8 347 334.8 321.6 310.4 301.8 287.1 276.1 272.5 272.8 272 271.1 270.4 269.6 270.4 261 263.1 271.8 282.2 293.8 304.5 311.5 320.3 323 324.7 321.3 317.1 314.2 314.3 320.4 331.7 342.8 352.2 359.3 367.6 377.9 387.8 395.2 399.4 403.7 409.2 417.7 424.9 430.8 435.5 438.2 436.2 431.8 427.3 417.6 406.3 389.4 372.3
520.3 510.4 520.5 525 528 524.7 515.4 506.1 492.7 477.7 460.9 443.3 428.7 416.7 405.9 399.8 393.4 390.1 386.2 384.7 384.1 384.2 384.4 380.8 371.5 360.4 344.7 330.6 316.1 304.4 292.5 280 276.8 278.5 277 276.1 274.3 273.2 272.5 272.4 269 264.8 271.1 286.4 298.9 310.8 320.3 328 332.2 333.3 328.7 323 320.4 322.4 327 335.3 347 358.1 366.2 376.3 388.7 400.4 406.9 411.2 416.8 425.8 433 439.2 444.8 449 450.1 448.6 444.1 435.9 425.7 412.7 398.9 382.1
522.7 516.3 525.3 530.1 532.8 530.1 522.1 511 499 482.4 465.1 446.5 429.8 418 410.4 403.3 397.5 392.7 389.9 388.1 387.3 386.4 383.9 378.3 369.2 355.6 341 326 311.2 298.9 287.6 284.2 283.6 284.1 282.9 281.1 278.6 276.1 276.2 275.9 274.6 270 268.8 287.4 301.7 314.6 325.7 334.4 339.5 338.8 335.4 328.7 329.3 330 335.5 341.6 350.1 362.6 371.7 382.6 397.1 410.2 418.9 424.6 430.4 440 445.4 451.8 456.1 459.7 462.9 461.3 454.5 444.9 432.8 419.9 405.2 390.1
523.5 523.6 529.2 534.2 537.4 535.7 527.9 517.7 503.1 485.9 466.8 448.8 433.8 422.9 413.5 407.7 402.4 398 394.8 392.6 392.2 388.3 383.8 377 366.3 352.3 334.3 316 301.1 297.2 293.5 294.2 291.7 290.2 288.3 286.5 282.7 281.6 282.9 281.2 282.7 278.1 268 283.6 299 313.4 324.4 336.9 342.9 341.6 338.5 332.6 335.3 337.9 343.2 350.8 359.5 368.7 377.4 388.5 404.3 418.5 430.3 438 444.1 451.5 457.1 462.7 467 470.9 474 473.6 466.7 453.1 442.2 428.6 414.7 401.4
522.9 527.8 533.1 538.8 541.7 539.8 533.4 522.8 509.5 490.5 472 456.2 440.2 427.6 421.2 413.6 408.5 405.6 401.5 399 396.6 393 385.8 377.9 366.1 347.7 323.8 318.6 320.2 316.5 310.2 303.8 300.4 298.5 296.9 294.5 288.6 288.2 288 286.7 286.7 283 271.6 274.7 294.2 307.6 319.3 331.2 338.6 339.4 338 334.7 338.8 343.5 351.3 359.9 367.4 375.7 383.4 394.4 411.1 426.2 439.6 449 455.3 462.6 467.6 472.9 477.6 481.2 485.3 484.9 478.6 463.4 451.1 439.3 424.2 412.6
527.8 531.7 536.8 542.2 546 544.1 538.2 528.6 513.6 494.7 477.3 461.8 445.3 433.7 425.8 419.4 415.3 412.6 408.5 404.7 399.9 393.7 385.6 377 362.7 340.5 344.3 341.2 340.7 331.3 320.9 315.6 313.4 309.5 306.8 302.9 299.6 294.6 292.5 291.2 288.5 285.6 279.7 273.1 286.9 297.8 311.9 320.6 327.8 330.9 333.7 335 340.5 347.4 355.4 365.4 375.4 383 390.8 402.7 418.7 433 446.9 457.5 464.7 471.1 477.1 482.7 486.9 491.9 496.5 496.8 489 474.4 461.2 451.7 436.3 420.5
533.6 536.2 540.9 547 549.6 549.4 542.7 532.7 519.7 502.1 484.2 466.6 450.5 438.3 431.2 424.9 419 415.9 412.7 407.8 399.6 393.1 384.7 370.4 354.4 363.1 360.8 357.4 352.5 343.6 335 330.3 324 320.8 316.5 312 306.7 300.9 297.5 294.3 289.6 286 281.2 273.5 280.2 291.6 301.4 309.2 313.5 318 325.1 332.2 340 348.2 357.8 369.4 380.7 390.2 399.4 412.6 425 438 451.6 462.8 471.6 478.3 485.7 491.2 497.2 502.6 507.3 506.5 498 483.4 471.3 460.5 447 429.6
536.3 539.4 544.4 551.4 555 553.6 547.9 539.2 525.9 511.6 490.1 472.1 455.5 443 435.2 427.6 420.5 416.9 411.8 404.7 396.3 388.8 379.1 371.9 373.5 374.6 371.3 368.8 363.6 356.1 348.1 341 336.2 331.2 325.6 320.3 312 307 302.5 297.1 290.1 284.2 279.9 277.5 281.9 285.5 289.8 295.4 302.6 308.1 314.3 326.3 335.9 347 357.7 371.1 383.9 395.5 406.6 418.7 430.8 442.6 456.3 467.2 476.8 485.4 492.5 500.2 507.4 512.5 516 514 505.7 492.3 478.6 469.6 459.5 442.5
541.5 545.1 549.2 555.5 559.8 559.1 555.3 544.2 531.2 517.5 495.3 477.3 460.8 447.6 437.3 428.7 421.1 414.9 407.7 398.8 387.4 380.2 382 381.2 383 383.7 380.9 378.1 374.1 366.3 357.8 351.2 344.4 338.8 331.3 324.9 316.4 310.8 305.3 296.9 290.3 284.5 277.9 279.8 284.3 289.5 295.6 302.4 309.3 313.2 318.8 318.3 325.4 343 356.6 370.5 383.2 397.5 409.7 422.5 434.9 446.1 459.2 471 482 491.6 501.1 509.8 517.7 522.3 524.8 521.7 512.8 501.7 488.8 478.5 471.9 464.4
549.2 552.5 557.5 562.6 566.3 565.3 561.9 550.8 538.2 521.4 501.9 482 463.6 450.5 440 431.1 421.9 413.9 403.3 396.9 387.7 389.5 387.6 387.2 391.2 392.1 390.6 386.4 382.6 374.9 365.6 356.7 350.1 343.9 336.7 328.9 321.2 313.2 306.5 297.9 289.6 284.7 280.9 277.5 287.6 293.9 299.8 306.3 312.6 318.9 325.7 329.9 333.7 332.7 350.9 366.7 380.2 394.6 408.7 423 434.6 446.7 461.1 474.4 486.7 497.7 508.5 517.6 526.1 532 534.4 530.7 521.8 511.5 498.2 489.3 481.8 477.9
557.7 561.3 567.6 571.1 574.3 573 567.9 558.7 546.3 528.3 504.9 484.4 469.1 454.7 442.6 431.7 422.6 412.9 405.5 400.5 396.3 394.7 392.6 395 399.7 400.6 398.6 394.7 388.2 380.6 369.5 361.1 354.2 347.7 341.3 332.7 323 315.8 307.1 297.5 289.5 287.2 282.7 282.4 294.2 300.1 304.7 311.9 319.5 327.4 332.8 337.3 341.3 343.8 348.6 353 373.4 390.3 404.4 420.1 432.6 446.1 462.3 477.3 491.3 503.5 514.6 524.6 534.6 541.3 543.3 540.4 532 520.8 509.7 498.8 493.8 491.1
571.4 573.9 580.6 583.1 582.7 581.9 575.2 565.7 552.2 532.6 508.1 488.3 471.5 457.6 447.2 436.7 425 417.5 411.4 403.3 403.5 402.1 398.7 402.5 407.1 409.4 406.5 402.1 393.5 384.4 372.7 364.3 356.3 349.6 342.9 334.7 325.2 316.7 306.7 298.1 291.8 285.6 286 293.5 299.3 307 311.9 320.9 329.9 337.5 342.6 346.9 349.6 353.4 358.8 362.1 362.6 380 399.5 416.7 431.4 445.7 461.8 477.6 492.6 506 518.2 529.3 540.2 549.9 551.2 548.3 540.5 529.6 520.4 512.7 506.4 501.9
587.7 588.2 591.4 593.9 593.4 589.8 582.3 572.8 559.1 538.5 515.8 493.3 477.3 463.8 451.7 440.1 432.7 424.4 416.4 412.8 411.3 409.2 406.9 409.8 415.3 417 413.9 407.3 396.1 385.2 375.3 365.9 357.8 351.2 343.2 334.2 324.5 316.7 307.5 298 289.4 284.4 294.9 302.6 309.8 317.2 323.5 333.3 340.8 348.6 354.8 357.4 360.6 363.4 368.5 372.4 380 388.2 385.1 409.8 429.5 446.7 462.7 478 492 506.2 519.9 531.8 545.5 556.2 558.3 554.3 547.5 537.6 529.1 521.4 515.6 513.7
602.2 600.9 605.4 605.8 604.2 599.3 590.5 579.4 565.1 547.6 523.6 501.2 483.4 469.5 458.1 445.7 438.3 429.2 419 421.1 418.5 415 415.3 416.8 422.6 421.8 416.9 409.3 398.7 387.4 376.8 367 357.6 350.3 342.3 333.5 324.5 315.6 306.7 297.7 289.1 294.6 302.4 310.5 318.3 328.5 337.5 348.9 355.1 361.4 366.5 369.7 372.1 372 380 386 389.9 398.8 407.1 398.8 417.9 441.4 461.1 477 490.6 504.7 519 533.9 547.2 558.3 560.8 558.2 552.9 544.5 537.2 529.9 523.7 520.8
616.3 614.4 614.7 614.9 610.6 605.3 597.7 586 571.3 552.1 527.7 505.4 489 474.8 463.7 452.7 444.3 435 431.4 429.5 425.3 420.9 422.7 423.6 425.8 422.6 418.7 408.6 397.4 385.8 374.7 365.2 356.2 348.5 340.1 330.9 322.9 314.7 306.6 294.8 291.1 304.2 310.8 320.2 332.2 340.6 353.5 362.7 365.9 373.4 379 382.8 385.4 385.9 392.6 399.5 403.2 408.9 421.5 427.1 421.8 424.2 446.5 470.8 490.4 504 518.3 534.5 548 558.5 562.5 561.4 557.2 551.3 544.4 537.8 533 530.2
625.2 624.5 624 622 618.7 611.5 602.7 590.7 575.5 557.4 534.7 512.7 494.6 481 468.5 458.5 448.5 441.2 440.8 437.1 429.7 429.2 429.3 428.7 425.5 419.3 414.8 406 394.2 382.6 371.6 361.9 353.7 345.4 337.2 328 319.5 312.3 305.6 290.7 299.4 311.5 321 331.1 343.1 355.3 367.7 375.1 379.2 386.1 391 395.2 399.2 401.1 405.4 411.8 417.3 424.1 434.5 444.2 448.5 450.5 443.5 466.7 489.7 504.2 520 535.1 548.8 557.3 562.6 564 561.5 556.6 549 542.6 538.2 537.8
634.1 631.3 630.9 627.3 624 617.2 608 596.2 580 562.6 542.2 520.9 499.9 485.7 473.7 462.6 454.9 449.7 448.5 442.9 435.4 437 435.3 433.1 428.1 419 412.1 403.3 391.7 379.3 366.6 357.9 349.4 341.8 333.2 325.1 317.4 309.4 304.4 289.6 307.8 319.1 329.5 343.6 357.7 369.1 379.6 386.3 391.8 397.7 403.5 410 414.7 415.7 417.8 426.6 432 439.4 448.1 458.7 466.3 476.1 476.8 465.2 490.6 507.8 522.1 536.8 549 557.6 563.8 566.2 565.5 560.6 552.6 546.5 543.2 541.7
642.2 636.8 633.8 630.2 625.1 619.4 610 598.3 583.4 566.3 546.7 525.7 505.5 489.4 475.8 470.6 463.8 457.4 452.2 446.5 443.8 444 441.5 437.3 430.5 419.8 411.5 401.1 388.3 377.2 364.1 352.9 343.6 336.5 328.7 321.9 314.6 307.1 293 297.2 315.2 327 340.5 353.7 367.8 380 390 396.8 404.5 412.4 418.4 424.5 429 430.9 429.9 439.3 446.6 454.2 463.3 470.2 479.5 487 491.1 483.6 490.3 508.9 524.3 538.8 549.1 557.6 564.5 568.1 568.1 562.4 555 549 546.4 545.7
650.6 642.4 636.5 631.2 624.9 618.4 610.2 600.1 586 568.7 549.8 526.9 506.4 493.9 484.7 477.1 469.1 461.6 453.9 450.2 450.5 450.3 446.8 441.7 432.7 420.6 411 400.6 387.9 375.3 360.7 348.5 338.9 329.6 324.1 319 311.8 298.4 293.2 306.6 320.2 332.4 348.4 363.5 378.5 390.8 400.3 407.2 416.2 424.2 431 439.2 443.1 444.8 446.1 450.3 462.4 473 479.4 484.1 491.1 497.5 502.7 501.4 482.5 512.7 527.3 539.5 549.5 557.7 564.4 568.6 568.6 563 555.7 549.6 547.4 546.3
659 649.8 641.2 633.3 625.2 617.4 608.6 598.8 584.8 566.2 552 531.2 513.5 501.3 491.9 482.5 472.8 463.7 456.7 454.1 453.9 453.8 448.6 443.3 433.5 420.6 409 398.4 386.3 373 357.4 345.4 337.8 328.7 322.2 316.3 309.1 295 301.7 317.6 326.3 338.7 354 370.7 388.3 400 409.5 417.2 427.3 436.5 443.5 452.7 457.8 458.6 460.1 465.3 479 487.4 494.4 499.6 504.6 508.4 512.7 513 488.9 516.1 529.7 541.1 549.1 556.9 562.5 566.8 566.1 561.3 554.4 549.3 546.3 545.3
666.4 659.3 650.3 638.4 629.3 620.6 610.7 600.6 589.7 576.5 560.6 537.1 519 506.2 495.4 484.2 473.5 466.3 459.9 455.3 453.8 453.1 447.5 441.5 431.1 418.4 407.3 395.6 382.8 368.1 353.5 343.7 336 328.1 321.3 313.8 306.8 302 307.9 317 329 341.3 358.3 375.7 391.3 404.2 415 425.2 435.1 446.2 455.7 465.1 472.5 474.7 477.8 482.6 492.2 502.2 509.6 513.5 517.6 519.3 521.5 521 507.3 512.8 531.2 541.4 548.7 553.8 559.1 562.9 561.8 558.1 551.5 548.4 546.7 545.6
674.5 666.2 658 647.2 634.4 625.5 615.6 604.8 592.9 580.7 565.5 544.1 523.2 509.3 497.8 485.7 474.4 465.7 458.6 451.7 449.7 447.9 443.1 436.5 427.4 414.6 403.6 392 377.8 363.7 351.2 342.3 334.8 327.9 319.5 312.4 303.4 308.4 312.3 320.1 330.4 343.1 359.8 376.4 391.7 405.5 418.6 429.7 442.3 453.2 465.9 477.8 484.6 488.5 491.9 499.3 507.5 515.8 521.8 525.4 527.8 529.2 529.7 527.1 512.2 528.3 531.2 540.9 546 550.7 555.3 557.7 556.7 552.7 549.9 546.4 544.2 545.3
682.1 671.9 663.6 653.7 641.4 631.4 621.9 608.8 598.5 584.7 569.5 549.4 528 510.6 497.5 484.6 474 463.6 453.6 446.1 442.4 441.7 436.5 431.3 422.5 410 399 386.2 373 359.1 349.1 341 333 325.7 317.6 311 303 313.8 320.5 328.4 334.7 345.5 361.4 377.1 392.9 407.3 421.6 434.4 447.4 462.7 476.5 487 496.6 501 503.3 511.9 518.7 526.2 531.7 535.3 537.6 537.4 535.9 531.1 522.7 535 539.1 543.2 545.7 548.1 552.1 553.3 551.8 550.4 548.6 545.8 546.2 545
