WholeMapElevations/data/ns/ns81_OST50GRID_20230518/NS81.asc
ncols 200
nrows 200
xllcorner 280000
yllcorner 610000
cellsize 50
[rows 0 to 34 of 200, columns 78 to 155 of 200]
269.1 269.6 270.5 274.8 283.7 297.7 312.1 329.2 343.2 357.1 371.2 382.8 391.2 391.8 385.2 377.2 368 362 359.3 361 366.3 370.6 375.6 379.8 384.5 390 396.8 401.5 406.3 409.2 408.3 405.3 400.5 392.6 382.6 371.3 362.1 352.3 346.3 341.7 334.7 325.1 315.5 306.7 298.1 288.8 279.6 278 281.9 283.2 289.2 298.1 311.3 325 336.1 345.3 354.1 361.6 370 378.5 387.2 397.1 407.5 415.5 421.1 424.7 425 424.2 422.7 420.2 416.5 412.8 408.4 401.2 398.7 392.7 386.2 378.4
269.2 269.5 272 277.3 288.2 301.7 314.3 330 344.4 358.5 371.5 382.7 390.9 392.7 387.4 381.2 374.7 369 366.5 366.2 371.4 375.8 380.2 384.4 390 394.8 399.8 403.8 407.6 409.1 408.6 406.1 401 393.3 382.8 373.2 364.4 354.8 345.1 331.4 322.9 316.5 309.2 302.5 294.5 278.8 281.6 286.2 284.3 282.5 289.7 295.2 303.9 317 330 340.4 350.8 358.5 365.2 373.4 382.1 391.7 401.5 410.7 419.1 424.7 428.6 429.8 428.9 426.3 422.3 418.3 413.6 408.8 405.1 401.1 395.9 390.6
270.1 270.8 276.3 283.5 294.7 307.3 316.6 327.8 343.8 357.7 369 379.9 387.6 389.4 387.2 382.7 378.3 374.4 372.3 372.5 375.9 381 385.4 390.5 396.1 399.8 403.4 406.9 410.2 409.7 408.7 405.9 399.5 391.7 383.4 374.9 366.1 356.8 346.2 333.9 318.3 305.9 302.5 297.7 289.8 280.8 288.1 287.1 286.5 285.5 288.6 294.3 298.7 305.6 319 333.8 345.3 353.6 359.3 366.5 372.7 381.7 390.5 400.5 408.8 415.6 420.3 423.9 426.3 426.3 423.7 420.1 417.1 414.1 411.9 409.5 405 400.8
271.9 272.9 279.6 290.4 299.2 309.3 318.8 326.4 340.5 354.7 364 373.9 380.3 383.6 383.6 381.2 379.1 377.6 376.6 376.9 380.1 386.1 391 396.4 400.4 403.5 406.4 408.4 410.3 408.8 405.2 399.9 395.3 389.3 382.2 373.8 364.6 355.5 345.2 332.3 319.2 308.7 300.9 290.5 282.5 288.8 291.8 289.6 288.5 288.9 286.9 290.3 297.2 301.8 307.4 321.7 335.3 345 352.5 358.1 363.6 369.3 378 387.6 395 402.9 409.1 413.5 417.3 420.4 421.5 422.7 421.6 420.3 417.4 414.2 412.2 409.9
272.8 274.4 280.5 293.1 302.9 312.3 321 326.7 335.4 345 354.8 364 370.7 374.8 376.3 377.2 378.4 378.6 378.6 379.6 384.7 391.3 395.9 400.4 403.2 404.5 406 406.1 405.9 402.5 398.7 395.7 391.9 386.4 379 370.8 362 353.2 342.9 329.3 316 306.5 298.4 288 285.7 293 295.2 293.3 292 292.9 292.2 285.5 292.5 297.4 301.4 306.6 319.8 333.2 341.9 348.6 352.9 357.5 365.4 374.2 382.7 390.7 397 402.8 408.6 413.1 417.6 421.9 425.2 426.8 423.9 420 416.9 415.3
276.2 280.7 277.2 286 300.5 310.5 318.1 324.5 330.8 338.7 344.4 352.6 359.6 365.2 369.9 373.5 375.1 377.7 379.9 383.4 389.1 394.8 399.9 403.2 405.2 404.9 403.6 402.3 398.9 396.3 394.2 391.6 387.9 380.8 374.6 367.1 358.5 348.8 337.7 324.3 312.9 303.5 294.2 283.5 290.5 296.7 299.9 298.6 297.4 300.3 299.6 298.1 295 294.6 293.2 298.8 305.1 314.6 327.5 336.9 343.7 347.9 354.7 362.3 370.2 377.2 385.1 391.7 398 404.6 410.6 416.5 423.6 428.3 428.6 426.8 423.3 422.3
281.7 285.8 287.8 289.1 287.3 299.1 309.2 318.8 324.5 331.3 337.6 342.7 349 356 362 367 371.5 375.9 380.3 385.9 391.7 396.5 401.3 404.6 405 403 400.4 397 394 391 387.8 384.6 380.2 374.8 369 362.6 354.1 343.5 330 319.6 310.1 299.7 284.3 286.2 294.3 300.3 303.7 304.1 305.6 307 307.3 307.3 303.9 302 302.4 298.8 296.9 306.1 312.8 323 332.6 340.5 346.3 353.3 359.5 365.9 372.6 380 387.3 393.8 400.5 408.7 416.6 424.1 429.5 430.5 430 430.5
290.4 292.1 292.6 295 297.4 299.5 295.9 302.1 311.4 318.5 324.4 332.3 340.8 348.2 354.3 360.7 367.5 374.3 380.5 386.9 393.2 398.2 401.8 403.8 404.3 401.2 397.3 392.8 388.9 385.1 380.7 376.5 372.9 368.7 362.9 355.8 346.7 335.1 324.5 315.4 306.9 296.7 284.1 289.5 297.8 303.5 308.2 310.2 313.3 312.4 312.9 311.8 311.6 307.5 307.5 306.9 305.6 297.2 308.9 317 323.1 330.8 338.3 345.3 350.7 356 362.6 369 377.3 383.7 390 398 407.4 416.5 423.7 430.5 433 435
295.9 297.1 302.2 305 306.8 306.7 307.7 311.6 314.4 316.9 314.2 319.2 328.5 338.6 347.7 353.8 361.1 370.6 380.2 387.9 394.6 399.2 402.6 404.5 403.6 400.3 395.3 389.4 381.8 376.5 372 368.4 363.9 360.1 354.2 346.7 337.9 327.9 320.2 312.4 304.1 295.4 286.5 293.1 300.7 307.1 314.2 319.7 322.1 322.3 321.7 320.3 319.6 316 312.9 311.9 311.7 308.8 298.8 309.7 317 322.3 329.8 337 342.2 347.3 353.2 360.1 367.1 374.4 381.1 388.4 396.8 407 415.6 423.7 429.9 438.1
303.3 309.1 315.2 316.2 315.4 315.4 317.9 320.3 322.1 324.7 327.7 329.8 329.5 337.1 338.2 349.4 358.9 367 378 386.8 394.2 399.3 403.2 405.3 404.1 401 395.2 386.6 374.7 363.1 359.7 357.6 354.6 350.1 343.7 337.1 330.7 323.2 315.5 308.8 301.6 294.2 287 295.6 304.6 311.3 321.4 327.6 331.2 333.7 333 331.5 330.2 326.6 322.5 318.4 317 315.1 308.1 301.7 305.8 316.3 321 328.6 334.8 340.4 346.7 352.8 358.5 365.8 373.3 381.4 389.5 397.5 405.9 413.4 423.9 432.4
312 320 323.3 324.7 324.5 323.9 327.9 330.5 332.5 333.8 339.5 341.1 341.9 340 345.2 349.8 353.8 363.9 373.6 385 393.5 399.4 404.8 407 406.2 402.8 396.5 387.2 375 363.4 350.4 346.6 340.9 336.6 332.3 327.7 322.1 316.2 310.7 304.6 298.4 293 288 299.6 308.1 316.2 328.8 334.2 340.1 344 345.9 344.3 344.1 339 332.9 328.2 324.5 322.1 319.7 313.7 302.6 311.1 316.4 321.4 325.6 331.3 337.3 344.9 351.2 358 365.5 374 382.2 390.3 399.5 406.2 414.3 423.8
323.7 328.3 330.8 332.1 332.4 331.7 333 336.9 341.5 346.4 351.5 355 355.9 354.4 350.6 354.7 358.6 363.5 373 382.1 394.1 402.1 407.9 409.7 408.8 405.9 401.3 394.1 381.6 367.3 353.2 338.2 334.9 330.2 320.1 311.4 307.5 307.5 304 300.2 296.7 287.8 292.2 301.1 310.3 325.6 336.2 342.5 348 351.9 355.8 357.3 357.5 353.4 346.8 339.4 335 330.8 326.4 320.8 312.6 305.4 309.9 309.7 315.7 321.2 327.6 334.4 340.5 348.8 356.5 365.7 373.4 381.6 391.8 400 408.5 417.9
328.3 334.3 336.8 339.5 339.5 339.8 341.1 345.7 352 356.9 360.9 364.2 366.9 367.9 365.1 362.8 365 368.9 378.8 387.9 396.9 404.7 409.5 412 411.6 409.9 405.4 398.9 389.1 375.2 361.2 350.3 341.7 334.2 327 320.7 314.3 308.9 302.7 300.2 296.8 290.1 293.1 302.3 315.9 330.4 341.2 348.9 354.5 359.5 365.2 367.9 368.3 365.6 360.7 353.6 347.7 341.9 333.4 326.9 320.8 311.8 312.3 320.6 325.6 326.8 320 327.2 329.8 337.9 343.5 350.6 359.9 370.8 382 392.4 401.5 411.9
331.3 337.8 341.5 344.7 344.6 345.8 349.3 354.7 360.3 365.3 369.6 372.3 374.4 375.4 375.8 376.3 378.3 381.4 383.8 394.6 402.2 408.4 411.1 414.6 415.5 413.5 408.2 400.8 391.4 379.8 369 357.6 347.1 339 331.2 324 316.9 310.5 305.7 301.4 295.6 288.9 296.5 304.8 318.7 334.1 345.2 353.7 360.4 367.2 373.4 376.6 377.6 376.3 372.3 366.9 360.2 352.9 344.8 335.4 324.7 316.6 310 321.3 328.2 331.1 333.4 335 336.2 331.9 332.7 340.8 350.3 356 367.1 379.4 391.5 403.3
331.9 338.5 343.4 347.2 348.1 352.1 356.2 361.9 367.8 372.9 377.8 379.4 380.3 381.5 383.2 385.5 388.3 391 394.2 400.7 407.6 411.9 415.9 420.1 419.5 415.8 407 400.4 391.3 381.4 370.6 361.4 351.9 343.3 334.7 325.7 318 311.6 306 300.9 293.8 291.3 299.2 308.1 322.6 336.2 347.8 356.9 364.7 373.2 380.7 384.3 385.3 385.5 382.4 378.2 371.5 362.8 353.3 343.1 331.1 320.4 311.7 320 328.7 333.9 338.9 340.3 342.1 344 345.1 347.5 347 348.7 359 366.5 378.8 391.4
327.8 334.7 341.1 346 351 355.7 360.1 366.1 371.6 378.2 382.8 384.5 385.4 387.1 389.4 392.3 394.5 398.3 402.1 406.5 410.4 414.7 419.2 421.6 420.1 414.7 406.7 397 389.3 380.8 372.3 363.8 354 345 336.8 327.8 319.5 312.1 305.2 299.2 292.4 295.8 301.6 307.9 323.6 337.4 349.3 358.6 367.7 377.9 386.1 390.1 393.4 393.1 391.9 386.3 379.8 369.5 358.9 347.9 335.9 325.6 317.6 315 326 333.7 340.3 345 347.2 349.3 351.5 353.2 356.8 359.6 360.5 357.2 368.4 381.2
315.7 325.3 334 341.7 349.4 355 361 367.8 373.3 379 384.1 386.6 388.2 390.5 392.7 395.8 399.2 403.4 407.8 414.1 416 419.2 420.7 420.8 417.2 411.1 403 393.6 385.5 378.9 371.1 364.1 355.8 347.7 340.2 331.4 321.2 312.3 305 297.6 292.7 298.6 303.2 311.4 324.3 337 350.6 360.1 369.8 379.3 388.6 396.7 400.6 399.7 397.9 391.8 383.7 373.1 362.3 351 339.3 328.4 320.3 312.6 321 330.6 339.4 345.8 350.9 354.8 357.4 359.7 362.1 364.5 367.8 371.7 374.8 375.1
300.9 309.4 318.9 331.6 341 349.7 357 364.4 370.1 375.5 380.2 384.5 387.1 389.3 393.2 397.7 401.5 407.3 414.3 420.1 422.3 421.4 420.5 418.5 414.2 406.6 398.7 391 383 376.5 370 363.6 356 348.9 341.2 332.5 322.9 313.7 303.3 296.3 292.1 299.1 307.7 314.4 325.7 337.7 350.3 360.8 370.5 381.2 392.1 400.5 405.1 405 401.4 394 385.5 374.7 363.7 352.7 342 329.7 321.4 316.2 316.5 324.1 334.7 343.6 351.2 357.2 361.4 364.1 366.3 369 372.5 376.7 381.8 386.4
303 301.7 303.7 317.9 330.3 340.6 349 356.8 362.9 367.7 372.8 377.3 381.5 386.5 391.6 396.3 403 410.7 417.3 422 423.8 422.9 421.3 418.5 412.4 404.9 396.2 387.7 379.2 372.6 366.7 361 355.2 348.2 340.8 333 323 312.6 302.4 294 294.7 301 308.8 317.7 328.7 340.1 350.9 362.4 372.9 383.2 393.5 402.1 406.8 407.7 402 393.9 384.6 374.9 364.8 353.3 341.5 328.1 325.1 324.3 322.7 317.6 328.3 339.9 348.3 355.6 361.1 365.5 368.3 372.1 376.8 381.2 387.3 393.4
309 310 308.3 305 316.3 328.8 338 345.6 351.8 357.3 362.3 368.4 373.9 380.6 386.9 393.6 401.9 408.9 414.8 419.3 421.3 425 423.9 419.2 411.4 402.5 393.4 384.9 375.7 367.8 361.8 357.9 352.8 346.5 340.1 331.1 321.9 311.5 300.3 294.4 297.1 303.5 313.3 324 332.8 343.5 352.7 363.9 374 384.4 393.6 401.4 405.9 406.4 400.2 392.3 383.1 373.9 364.3 353.8 341 326.6 332.1 328.8 327.3 325.4 323.1 334.2 343.4 351.5 358.5 364.6 369.2 373.3 378.5 384.8 390.3 397.5
318.6 316.5 315.9 316.2 316.2 313.9 321.8 332.4 339.6 345.6 351.8 357.6 365.4 374.1 381.2 388.2 396.3 403.7 409.4 413.8 418.4 422.5 419.7 414.1 406.7 399.3 390.9 382.1 372.6 363.2 353.7 351.9 349 344 338 329.2 319.9 308.1 298.2 293.4 297.3 303.5 313.6 323.7 335.1 345.4 355.2 365.4 373.5 384 391.3 398.5 402.6 403.2 397.5 390.1 381.5 371.9 362.5 351.4 336.5 339.5 339.9 339.2 333.9 331.3 328.4 324.3 335.8 347.1 355.9 362.6 368 374.3 379.3 385.6 392 398.6
327.8 325.3 323.7 324.4 326 326.9 327.8 322.4 327.8 335.5 343.8 350.3 358.8 367.5 375.7 382.9 390.6 397.6 404.3 410.2 414.8 416.9 414.7 408 402.6 395.3 387.3 378.4 368.5 358.2 350.2 345.9 343.8 339.7 333.3 325.1 315.5 304.1 296.2 297.9 296 302.1 312.4 323.5 335.6 346.8 356.9 365.7 374.9 382.6 389.6 395.9 400.8 400.9 395.1 388.1 380.5 372.8 360.5 348.5 343.1 348.8 350.2 350.2 344.9 338.7 333.8 329 328.9 340.1 350.1 359.8 367.5 374.4 380.9 386.3 392.5 398.6
337.7 337.2 334.7 333.6 335.3 337.2 337.9 337.1 336.4 328 337.6 346.2 353.7 360.9 368.7 377.6 384.4 393.2 400.9 406.4 410.1 411.4 409.1 404.1 397.7 390.3 382.4 374.2 364.6 353.7 346.5 333.8 336.4 333.2 327.7 320.4 309 297.3 296.8 302.5 299 300.5 309.5 322.2 333.6 347 356.7 365.5 374.4 383 389.6 395.2 399.5 399 394.8 387.8 380.8 374.1 361.4 349.4 352.9 357.4 359.8 359.8 356.5 350 343.5 337.1 327.6 331.9 344.6 356 365 374.4 382.1 386.1 390.4 395.5
347.4 346.9 345.1 343.9 345.3 346.9 345.3 344.9 344.3 342.3 334.7 343.5 351.1 354.5 361.4 374.8 384.5 392.5 398.6 403.2 405.5 405.5 403.7 398.9 391.8 384.6 377.3 368.9 360.2 352 344 332.2 326.8 324.9 320.4 311.5 300.8 297.1 302.1 305.2 304.9 299 305 317.6 331.1 344.4 355.3 364.5 373.8 381.1 389.5 395.4 398.2 397.6 394.5 389.3 382.7 375 362.7 349.1 359.2 364.5 367.7 369.7 367.3 362.7 356 346 338 330.4 337.3 351.2 362.1 371.4 379.5 383.6 386.4 392.3
355.1 353.8 352.6 352.9 354.5 354.1 354.9 352.7 351.6 350.4 347.5 345.5 353 360.1 368.7 377.2 386.1 392.9 398.1 401.1 402.4 402.3 398.9 393.3 386.3 378.2 370.8 362.8 355.3 348.6 340.4 330.4 317.5 315.2 310.5 299.7 298.6 299.3 305.6 308 309.4 307.4 303 309.4 325.7 338.9 350.4 360.7 371.1 379.2 387.4 394.3 397.7 397.1 394.6 389.5 383.7 376.1 364.9 354.3 366 372.4 375.7 377.8 376.4 372.3 367.3 359.7 349.2 339.9 333.2 343.2 354.9 364.5 372.5 375.9 377.9 388.6
363.3 362.3 362.4 362.6 363.1 363.2 362.4 360.2 359 358.4 356.3 352.2 354.1 362.9 372 380.2 387.8 393.4 397.7 400 400.2 398.1 393.8 387.1 379.2 371.7 364.9 357.1 351.2 344.1 336.6 328.2 319.2 310.1 299.2 300.3 300.9 304.7 308.3 310.8 312.1 311.7 308.7 304.1 313.4 328.3 342.2 353.7 365.2 374.9 383.3 390.2 394.5 396.9 394.9 390 384.6 378.6 368 361 371.7 379 382.9 385.6 385 382.9 376.6 370 361.6 347.7 334.7 335.6 341.7 352 359.7 360.3 373.8 385.2
371 369.8 371.4 371.1 370.6 370.1 370.2 367.6 367.3 366.6 364.3 360.3 353.6 365 373.7 383.1 389.8 394.5 397.7 399.2 397.3 393.9 388.5 380.8 372.5 364.8 358.4 351.5 346.7 340.2 332.7 324.1 316.5 307.9 300.8 301.3 304.4 308.5 311.4 314 315 314.6 314.1 312.4 305.9 314.9 330.9 344 358 368.5 378.8 387.1 392.5 396.1 396.3 393.7 387.9 381.4 372 366.7 377.5 385.2 388.2 392.9 393.9 391.7 385.8 378.4 371.3 357.3 339.6 342.4 340.6 338.5 347.5 354.8 367.8 378.9
376.1 377.3 377.9 377.9 379 379.9 378.8 376.6 375.4 373.4 370.8 367.5 363.3 367.7 375.2 382.4 389.9 395.7 398.6 398.1 395.3 389.7 383.6 374.3 365.8 356.8 350.7 346.1 341.3 335 327.4 319.9 310.8 301.6 302.1 306.5 310.2 313 315.6 318.6 320.5 319.7 318.3 316.4 314.2 306.7 316.6 332.7 346.7 359 371.9 382.1 389.4 394.8 397.1 396.7 393.8 388.9 378.9 371 383 389.1 395.1 399.8 402.1 400.2 395 387.4 378 362.7 346.6 350.6 347.4 347.6 342.2 346.8 360.6 373.9
380 382.5 384.6 386.2 388.2 387.7 386.6 385.4 384.4 382.4 379.5 374.7 369.6 371.3 378.7 382.6 387.3 393.6 398.4 396.8 393 386.2 378.3 368.9 358.2 348.1 343 339.6 335.4 329.4 322.3 313 306 301.4 304.5 310.4 314.1 317.8 321 324.8 327.8 326.9 325.7 322.4 319.7 312 308 319.7 334.9 346.6 361.3 376.8 387.7 394.6 399.6 401.5 400.1 396.1 388.7 378.4 383.2 393.2 400.9 406.1 407.2 405.2 400.6 394.1 383 363.8 358.9 363.6 362 356.3 353.9 347.6 349.6 366.2
379.2 385.3 389 392.8 394.1 393.4 392 392.9 393.5 392.8 389.1 383.2 376.7 372.7 382.4 387.2 390 394.6 396.5 394.4 389.3 381.2 372.9 363.6 353.2 344.3 338.3 333.9 329 322.8 316.1 309.1 302.3 303.5 311.1 315.6 319.8 323.8 327.5 331 334.4 334.8 333.8 330.9 327.5 322.1 313.7 314.1 321.2 337.7 355.1 370.7 386.1 396.1 403 405.5 406.1 403.1 397 387.8 386.5 397.8 404.7 410 412.3 410.3 405.5 397.9 383.7 362.6 371.6 375.4 376.8 371.1 363 356.6 350.4 355.6
377.8 386.2 392.3 398.4 398.3 396.2 397.1 399.6 400.6 399.9 396.3 390.6 384.8 382.4 386.3 389.8 391.4 391.8 391.3 387.9 382.3 375.3 366.8 357.1 348.9 341 334.3 327.2 321.8 316.7 311.9 304.6 303.2 309.3 315.3 320.8 327.4 331.4 335.2 339.4 342.3 343.6 343.1 338 334.3 327.5 319.3 311.3 318.5 331.3 349.9 366.5 382.8 395.9 404.7 409.3 412.3 410.2 404.4 398.7 391.5 400.7 407.9 413.7 416.1 414.4 409.9 403 387.2 372.8 382.1 385.5 386.5 384.4 377.4 368.1 357.8 349.2
376.2 385 393.2 396.6 396.2 397.1 401.1 405 406 405.4 402.2 397.2 393.2 391.2 391.9 393.4 393.4 390 385.7 380.7 374.8 368.2 360.4 352.4 344.4 337.5 330.1 323.1 318.2 314.5 311.4 304.2 306.2 314.2 321.5 329.5 335.4 340.6 345.1 349.8 351.9 351.6 350.8 347.7 343 335.5 325.6 315.1 316.7 325.6 345.2 361.9 376.8 390.9 402.3 411.4 418.6 418.6 412.2 409.4 403 406.8 414 417.8 420 418.2 414.9 408.4 396.5 383.2 391 395.4 394.2 394.3 389.3 382 366.8 355.2
369.8 377.8 384.6 387.9 389.7 393.9 399.4 406.3 409.9 409.3 406.9 402.6 400 399.2 398.7 399.6 398 393.3 383.8 372.5 366.3 359.7 351.9 345.7 337.2 330.2 324.8 319.7 315 312.8 308.7 304.8 312.2 321.3 330 337.9 343.3 350.8 354.6 357.8 358.5 359.9 358.9 356.7 352.5 344.2 332.5 323 316.2 323.1 338.6 356.3 371.5 385 398.5 410.8 420.4 424.1 419.5 417.6 415.3 414.3 420.2 423.3 424.1 422.3 419.5 413.3 404.7 391.8 398.5 402.3 402.5 401 397 391.5 375.9 362.8
359.5 367.7 373 376.4 379.8 385.5 391.6 397.6 402.2 404.8 406.1 406 405.2 404.3 404.1 404.6 402.2 397.1 389 378.2 365.2 353.4 339.3 333.8 336.2 329.7 324.9 319 315.4 310.4 307.4 306.1 316.9 326.5 338 345.7 354.7 360.6 364 366 368.4 369.1 367 363.9 358.4 351.5 340.8 329.5 314.6 322.2 333.9 351.3 366.9 381.7 395.6 407.7 416.9 423.5 425.9 425.6 424.1 424.4 424.4 427.5 428.2 428.3 425.2 420.2 411.4 399.9 405.1 409.8 410.9 408.4 404 398.6 386 370.6
348.6 355.8 360.2 365 369.3 374.7 380.5 386.7 392.2 397 400.8 404.8 407.2 407.6 408.1 407.9 405.6 400.3 391.2 375.8 364.6 357.2 349.7 344.1 338.4 329.4 322.9 318.8 313.3 309.7 306.9 308.7 322.2 331.7 342.6 352.9 361 368.1 372.1 375.8 377.1 376.4 374.6 370.4 364.8 357.7 347.6 335.2 323.4 321.2 332.5 346.9 364.1 378.7 392.2 404.6 415.4 423.8 428.7 430.9 431 431.1 431.3 433.8 435.3 434.6 431.6 426.4 417.7 407.1 412.5 416.8 416.5 414.2 410.6 406.1 395 379
