WholeMapElevations/data/nt/nt13_OST50GRID_20230518/NT13.asc
ncols 200
nrows 200
xllcorner 310000
yllcorner 630000
cellsize 50
[rows 140 to 174 of 200, columns 0 to 77 of 200]
226.5 221.3 221.2 220.6 220.3 222.9 223.2 229.1 234.8 242.2 248.7 258.5 266.8 271.1 269.9 263 259.4 258.8 263.7 271.5 283.4 293.6 307.5 314.5 316.7 318.6 319.4 317.9 308.8 299.3 286.9 275 263.5 259.3 251.9 244.4 235.8 228.6 222.6 215.4 204.3 200.6 194.9 194.5 200.1 202.3 203.2 204.9 213.3 226.2 247.2 264.4 271.9 275.1 281.7 291.5 299.3 316.8 329.2 339 348.7 369.2 374 384.1 388.2 383.6 378.3 340.1 310 305.3 311.3 333.9 344.1 348.8 359.6 361.4 363.3 363.3
221.8 220.5 220.3 221.2 222.1 224.7 227.9 233.1 239.5 248.3 256.4 265.7 275.2 280.1 277.7 270.2 266.5 266.3 268.3 277 286.8 296.4 309 319.2 327.5 332.6 335.8 331.8 326 318 305.6 289.2 275.6 269.7 266.6 250.2 240 228.3 222 212.2 202.7 197.4 194.7 194.5 194.7 200.8 202.9 204.3 209.3 223.3 242.6 261.1 273.7 280.6 288.4 301.5 307 330.6 342.5 352.1 369.1 381.7 387.5 396.7 399.7 394.1 360.9 329.2 317.8 322.2 335.7 350.2 357.8 363.8 368.9 372.9 372.3 372.8
221.4 221.8 222 222.2 224.2 227.1 230.7 236.3 243.6 251.2 262.7 269.1 283.3 286.8 282 275.8 273.2 272.2 273.5 279.1 289 300.5 313.6 326.2 339.6 347.2 352.6 349.9 345.5 339.5 327 307.1 297.1 286 271.1 257 242.2 230.5 221.2 209.5 200 194.8 195.6 195.1 194.4 195.2 203.9 206.1 208.9 222.5 240.8 261.3 275.7 285.7 296.6 309.7 317 342.5 353.2 366.6 379.5 393.5 400.6 410.2 415.1 379.7 349.6 340 346.4 347.6 346.3 363.8 369.4 375.9 380.8 382.7 380.9 382.2
222.5 223.5 224 224.2 229.4 233.8 236.2 239.2 244.3 252.5 262.6 272.5 287.3 291 285.8 280 279.7 278 279.6 284.3 291.7 303.1 317.7 330.9 347.5 358 367.5 369.1 367.4 357.9 345.3 332 313.5 301.3 283.6 265.5 247.5 233.7 220.9 207.8 198.2 195 195.5 195.3 194.2 195.6 206.1 207.2 209.6 221 239 258 277.5 288.1 303.3 317.8 328.1 339.9 363.9 378.4 391.5 403.4 411.5 421.6 420.3 387 367.2 367.3 372.9 372.5 376.7 379 383.8 388.5 390.9 390.8 390.2 387.7
224 225.1 226.7 231.4 236.2 241 244.5 244.5 246.5 251.2 262 273.9 286.4 295.7 288.6 284.9 284.1 284.8 286.2 289.8 295.9 305.7 319.1 334.5 352.5 365.8 376.1 381.7 382.4 375.9 365.7 352.8 336 318.5 300.8 277.6 254.9 235.3 220.8 207.1 196.1 195.1 195.3 195 193.8 196.6 205.6 208.8 210.3 217.8 236.7 255.2 276.2 293 311 323.5 336.2 354.7 369.3 387.1 401.5 413 421.1 425.9 422.6 415.1 400.8 397.2 394.6 391.3 395.6 397 398.4 398.3 399 398.5 395.5 385.9
226.7 229 232 237.5 242.5 247.4 251.8 252 251.1 248.2 261.8 271.3 282 291.3 289.4 289 289.5 291.8 296.7 299.1 303.7 311.4 327.4 342.3 357.9 373 384.3 389.8 395 392.4 383.2 368.5 352.8 337.1 313.3 287.3 259.5 238.5 220.3 205.6 194.5 194.6 194.7 195 195.4 194.7 203.2 206.5 209.3 215.1 233.2 254.9 277.4 296.3 312.7 322.6 343 367.3 379.1 388.9 409.5 417.7 424.9 427.3 428.4 423.4 419.5 416.3 413.7 409.6 410.5 410 409.3 406 403.1 400.5 392.4 382.5
229.8 233.5 234 241.7 248.7 253.8 256.7 259.2 259.7 258 262.7 270.1 277.1 283.8 289.1 291.3 296.3 302.5 308.1 310.7 314.7 321.9 331.9 345.1 360.3 375 389.4 397.5 404.7 401.8 394.1 384.6 366.1 344.8 321 290.4 261.2 238.7 220.8 204.8 194.9 194.5 194.6 194.9 195.3 194.8 199.4 204.6 207.3 213.4 231.9 251.7 273.3 295.3 309.4 323.8 347.9 371.5 386.8 401.6 412.5 421.6 428.8 433.9 435.8 435.9 436 434.4 429.9 427.3 425.1 419.7 414.2 408 401.9 393.8 382.8 371.9
236.4 241.3 238.1 244.7 251.8 257.7 263 266.1 266.1 263.4 266.3 269 275.4 281.7 288 293.9 303 311.4 318 323.4 329.9 331.9 337.4 348 363.9 376.8 390.1 400.3 409.2 409.4 405.6 396.5 374.4 351 324.9 291.6 262 238.7 221.5 206.8 195.5 194.9 194.6 194.8 195.2 195.7 195.1 205.7 205.2 213.1 230.3 251.1 272.5 294.7 308.7 327.7 345.6 370.1 388.1 402.8 414.8 424.5 433.7 440 444.2 447 449.1 447.3 441.9 435.7 427.5 419.8 412.4 404.3 394.5 385.1 372.7 358.3
248 249.5 247.8 243.6 252.7 262.5 267.8 272.1 271.7 269.2 266.7 270.9 275.5 281.9 288.4 296.9 308.1 318.8 326.2 333.5 340.7 345.1 349.3 355.4 366.6 379.1 391.8 403 411.1 414 409.7 399 376.3 349.5 321.8 291.9 261.8 239.9 221 208.2 201.8 195.4 195.3 194.7 195 195.5 195.4 196.2 204.4 213.7 229 247.3 271.3 293.6 310 325.4 341.3 366.2 387.7 403.6 414.7 427.2 437.4 443.4 452.4 458.1 459.9 454.7 444.9 435.2 426.5 417.3 406.8 396.2 386 372.8 361.5 350.6
256.6 256.4 252.8 251.4 254.1 265.4 272 276.7 276.6 274.7 273.1 273.8 276.8 282.2 290 300.1 312.9 323.8 334.1 343.4 350.3 356.2 361.3 366.1 373.9 384.4 395.1 405 413.3 415 408.7 395.2 373.3 346.6 319.9 291.4 261.3 241.6 222.2 208.6 198 196 195.9 195 195.1 195.6 196 194.9 202.6 214.7 227.7 247.6 268.2 290.9 309.9 322.3 341.7 362.9 384.8 400.7 414.3 427.9 438.3 447.9 458.6 467.1 465.7 456.7 444.6 433.9 423.8 412 400.1 386.7 375.8 364.9 348.7 339.9
263.8 263.2 260.2 256.5 252.8 264.6 274.9 279.8 281.6 279.2 278 278.3 281.1 284.1 291.7 304.1 316.8 329.1 342 352.7 359.2 365.4 371.8 377.2 385.9 391.9 398.3 407.1 415.3 414.6 405.2 390.8 368.7 344.9 318.6 289.7 263 243.2 223.5 210.2 197.9 196 195.6 194.9 195.4 195.4 195.1 194.9 197.9 212.1 225.5 242.7 264.8 285.7 305.1 322.9 341.8 359.6 379.1 397.7 412.9 426.5 439.3 451.7 461.8 470.9 467.9 457.8 444 432.4 419 402.5 386.4 376 369.2 352.6 336.1 329.4
271.1 270.4 268 262 258.7 263.3 274.9 282.5 285.9 285.9 284.8 285 283.4 286.9 293.4 306.8 320.3 333.2 348.4 360.3 368.7 373 381.6 389 394.1 398.4 405 413.4 415.5 413.9 403.2 385.6 366.1 344.2 317.8 289.8 265.3 245.9 226.2 210.1 197.7 196 195.5 195.1 195.1 195.1 195.1 195.1 195.3 205 221.7 239.3 263.3 281 303.1 322.5 336.1 349.7 371.8 393.7 410.2 425.1 440.2 453 463.2 470.1 467.5 457.4 441.6 428.6 413 392.7 382.1 356.8 351.2 340 333.6 348.2
279.1 278.2 274.4 268.7 264.6 263.8 274.1 282.5 288.1 291.3 293.4 291.6 291 292.2 296.3 308.4 321.7 336.1 351.8 363.7 372.3 382.6 391.6 398.1 401.8 406.3 413 417.8 418.9 413.3 400.8 383.4 365.7 343.3 316.6 290.3 266.5 248.1 228.5 212.3 197.1 195.9 195.5 196.5 196.5 196.1 196 196 195.6 205.5 218 234.5 254.7 272.5 295.8 316.6 325.3 342.4 367.6 388.4 409 426.1 441.3 453.6 462.9 468.3 466.3 456.8 442.4 424.4 406.4 392.3 378.3 358.1 350.6 355.6 353.2 351.6
288 284.2 280.5 276.3 271.3 267.9 272.7 280.9 289.3 295.2 301.1 302.5 299.9 300.9 302 308.5 321.5 336.8 351.2 364.7 377.1 390.3 398.4 404.3 410.4 413.8 420 420.8 418 409.9 397.6 381 364 336.9 316.6 289.2 266.7 248.8 231 214.3 199.6 196.3 195.9 196.7 196.7 196.7 196.7 196.7 196.2 202.7 216.4 233.7 251 268.2 282.9 300 318.3 340 365 386.4 406.5 425.5 440.4 453.4 462.5 468.8 466.9 457.7 441.7 421.8 401.3 391.4 376 359.6 360.2 363.6 369.6 373.4
294.9 292.2 287.4 282.5 277.9 275 276 279.9 288.7 298.2 306.5 310.2 311.3 307.7 309.3 312.7 321.2 334.5 348.6 365.4 379.5 392.7 403.4 412.1 418.1 420.3 422.8 421.2 413.2 405.6 393.6 377.9 363.4 340.8 317.1 294.3 272.7 252.5 233 218 204.9 196.7 196.4 196.6 196.8 196.9 196.9 196.9 195.9 204.4 215.7 228.6 242.5 260 275.8 295.5 319.8 339.5 362.3 383.7 398.8 417.5 439.3 453 464.2 468.9 466.2 457 440.2 417 404.1 388.3 366.9 366.1 366.3 378.3 382.5 387.6
301.6 299.3 295.1 290.4 283.7 280.9 280.6 282.8 286.9 298.4 310 317.2 320.9 319.1 318.9 320.1 323.3 332.2 347.9 363.5 378 392.3 405 415.1 422.3 421 418.5 413.2 407.6 400.6 389.3 375.9 360.1 340.7 317.6 297.8 278.3 256.1 236.3 219.7 211.2 197 196.9 196.7 197 197 197.1 197.1 195.9 202.5 211.9 222.3 237.8 256 272.2 294.8 321.3 342.3 357.3 378.4 400.9 418.7 436 450.5 461.1 465.5 462.5 455.2 436.7 422.8 405.5 389.6 367.5 372.3 374.8 389.7 393.6 399.7
310.4 306.4 303.4 297.5 291.5 288.2 286 286.1 288.4 296.8 311.5 320.8 328.8 330 330.4 330.2 331.6 333.5 344.5 360.4 376.4 390.5 403.1 414.6 418 414.2 410.4 405 399.1 392.3 380.2 368.5 354.7 337.6 318.5 300.8 284.6 260.9 238.4 220.3 211.3 196.9 196.6 197.1 197.2 197.2 197.3 196.9 196.2 203.7 209.6 220.7 236.9 256.6 276 292.2 315.1 333.6 352.1 372.8 395.8 415.6 432.4 446.1 457.1 462 461 454.9 441.1 425.3 409.9 390 371 378.2 383.3 395.8 403 405.5
317.2 314.7 312 310 301.5 297 293.3 291.3 292.5 296.1 306.9 321.2 331.1 335.7 338.2 340 340.1 341.8 348.3 358.9 375.3 389.1 400.1 409.8 409.9 407.5 402.9 396.8 389.3 380.6 371.2 360.6 346.9 332.3 317.8 304.1 289.9 266.8 240.4 221.5 212.2 197.4 196.7 196.7 197.5 197.4 197 197.4 197.6 199.8 209.9 220.2 232.7 252.4 271 288.3 305.2 319.7 342.9 365.3 387.5 411.7 430.4 443.2 453.5 460.1 461 452.6 445.1 429.8 414.5 390.2 390.2 394.2 394.2 402.5 408 416.1
324.8 325.5 323.8 322.1 315.8 309.9 303.9 299.3 298.2 300.7 305.4 316.4 327.9 338.4 345.1 348 348.6 349.3 354.8 366.4 378 387.3 398.9 406.3 406.2 402.2 395.5 387.2 376.9 367.4 357.7 348.2 337.8 327.2 316.7 306.4 292 269.8 243.7 223.8 213.8 201.2 197.4 197.5 197.7 197.8 197.9 197.6 197.8 200.5 208 217.2 233.3 255.1 273.9 283.4 296.9 316.7 335.5 355.5 377.4 407.3 427.9 442.2 451.8 457.9 459.8 457.3 449.6 437.9 421 396.8 404.5 405.2 404.3 406.6 415.2 420.9
332 336.1 337 333.3 326.9 323.2 319.1 314.8 310 307.6 312.6 314.5 323.3 337.8 349.7 355.3 359.2 363.1 369.5 376.2 386 394.8 401.1 403.6 401.7 395.1 385.6 376.2 364.6 354.5 344.7 334.3 327.2 319.6 312.9 304.2 288.5 267.7 242.3 224.5 213.2 207.4 197.3 197.4 197.6 197.7 197.9 198 197.6 201.5 209 217.9 230.6 249.4 270.5 283.8 300 316 337 358.5 380.5 403.9 426.4 441.4 450.9 457.6 460.6 463 458.7 448 429.4 423.8 418.3 417.6 416.9 415.9 422.2 430.4
337.7 346.3 349.4 345.1 342.9 339.4 335.4 332.2 326.7 321.7 322 323.4 324 339.9 352.3 362.2 369.5 377 382.9 386.9 393.4 400.8 405.4 401.6 396.9 387.2 375.1 365.3 352 339 329.9 323.7 315.2 308.4 302.8 297.5 283.5 263.7 241.5 226 214.6 206.7 197.5 197.7 197.8 198 198.2 198.2 197.8 198.3 209.5 215.4 226.5 246.7 267.1 287.3 300.9 320.5 340.2 365.7 389.2 408.6 426.5 441 450.9 459.1 466.1 471 468.9 461.4 439.6 436 430.2 429.4 428.6 428.8 433.3 439.8
333.7 351.4 361.2 358.2 355.3 354.6 351.8 349.6 346.4 339.8 335.2 333.2 330.3 342.4 357.5 368.1 377.4 386.1 391.6 396 401.5 406.9 405 398.2 388.6 378.4 367 353.6 339.3 327.8 319.1 311.8 303.5 295.9 291.1 286 277.4 262.7 243.7 228.1 214.8 201.8 197.8 198 198.2 198.3 198.3 198.3 198.3 198 209.3 215.1 224.8 241.5 263.4 282.8 297.4 322.9 345.7 370.7 392.4 409.4 426.4 440.6 451.3 462.1 470.5 478.9 482.6 473.3 452.1 450.9 446.5 445.2 445.1 445.2 445.2 448.3
326.7 345 359.8 367.1 366.7 369 367.3 366 361 359.3 352.7 345.3 342.7 348 362.8 374.2 385.4 394 399.8 403.4 407.8 407.6 400.6 392 381.4 369.5 356.3 341.6 328.5 318.8 309.9 301.1 292.1 284.8 278.5 273.6 268.2 255 238.1 226.2 213.6 201.2 198.2 198.3 198.5 198.5 198.5 198.5 198.5 197.9 207.8 214.8 225.5 246.2 265.9 285 307.3 330.8 350.4 372.6 392.1 409.6 425.7 439.7 451.3 464.1 474.8 485.2 490.1 485.1 471.9 465.6 462 459.2 458.9 457.6 458.8 456.7
316.4 335.4 352.7 367.9 376.3 377.4 380.9 379.2 374 371.1 366.9 360 355.6 356.5 368.9 381.2 391 400.6 404.7 409.8 412.9 405.1 395.3 384.5 371.5 359 344.6 331.1 318.7 309 299.9 291.2 282.7 274.2 267 260.8 252.6 244.4 231.5 221.4 210.2 199.2 198.5 198.6 198.6 198.6 198.5 198.4 198.3 198.6 198.3 214.6 227.4 251.6 274.8 292.8 315.4 333.3 353.9 370 390.2 410 422.2 438.3 451 463.6 474.3 486.5 491.1 487.6 479.5 482.6 478.2 474.8 471.7 472.1 474.5 470.1
313.2 322.4 344 361.4 378.1 388.7 393.5 391.1 386.6 382.3 379.4 375.9 372.1 370 378.1 388.8 398.5 405.6 411.5 415.1 412 400.8 388.3 376 362.5 347.7 333.8 321.2 308.2 296.4 289.1 279.9 272.6 265.2 257.2 249.4 242.1 232.6 225.1 216.2 207 198 198.8 198.6 198.5 198.4 198.3 198.3 198.2 198.6 198.3 207.9 223 246.6 270.7 294.3 314.8 333 357 377.3 394.5 408.8 421 432 445.8 457.6 469.8 481.8 488.9 487.1 491.6 494.3 492.3 489.1 488 487.2 486.8 481.1
329.4 326.4 333.9 357.4 376.1 392.4 399.9 398.1 396.9 396.1 393.5 390.5 387.5 384.3 389.3 397.1 405.2 412.8 416.6 414.2 405.8 393.5 380.2 368.1 354.1 339.1 324.5 309.9 293.7 284.3 279.6 273.1 264.7 255.3 244.9 238 235.3 230.9 224.4 214.7 206.1 198.1 199.1 199 198.8 198.5 198.2 198.1 198 198.4 199 197.3 216 233.4 259 285.9 307.7 333.3 356.5 375.8 390.4 402.4 412.8 422 435.5 449.2 460.3 472.9 480.9 486.4 495.4 498.4 499.2 498.5 501.3 501.1 498.9 493.5
346.9 343.1 334.5 350.8 372.8 391 401.2 406.2 409.6 410.2 407.1 403 399.2 396.2 400.1 406.9 413.7 418.9 419.4 410.5 399.3 385.9 372.7 358.9 344.4 329.5 314.1 299.3 286.6 278.4 272.2 265.8 257.5 245.8 240.9 239.5 236.5 232.2 224.1 214.5 204.9 198.7 199.4 199.4 199.2 198.9 198.6 198.5 198.9 199.2 198.5 198.7 204.8 228 253.5 282.3 307 326.8 347.8 366.3 380.7 392.8 403.2 412.9 423.9 437.2 451.1 462.1 472 481.6 490 497.5 501.6 504.8 508 510.1 506.7 499.6
364.4 360.4 351.8 344.1 368.2 388.1 403.9 417.1 423.2 423.9 421.6 414.1 407.3 406.8 411.5 417 418.4 422.7 414.4 402.8 389.7 376.1 362.5 348.8 334.4 319.5 304.3 290.6 279.1 269.3 263.5 257.3 252.3 245.2 240.8 239.2 235.9 230 221.9 212.7 206.5 200.4 199.7 199.8 199.6 199.7 199.5 199.3 199.1 199 199.5 199 199.7 223.6 251.4 279.7 307.1 328.2 346.2 357.9 370.1 380.6 392.5 404.3 414 425.7 441.4 453.7 465.6 477 484.9 492.1 498.6 505.1 510.9 513.5 509.9 502.2
383.3 377.5 367.3 357.3 364.8 388.6 406.8 421.9 432.9 435.8 433.6 424.8 414.2 414 421.5 422.6 424.9 417.3 405.8 393.5 380 365.8 351.5 337.3 323.2 309.1 295.2 282.1 269.2 267.8 260.9 259.8 251 246.1 240.7 236.8 231.7 225.1 218.1 213.8 208.5 202.4 199.8 200 199.9 199.7 199.5 199.2 199 198.7 199.7 199.9 198.5 219.7 244.6 275.8 303.4 324.9 341 352.4 362.5 374.5 386 396.8 408.9 421 432.7 448.2 459.4 470.5 478.1 485.2 493.9 502.3 505.9 507.3 504 499.5
396 392.6 383.3 371.4 367.2 391.9 409.7 425.8 438.3 444 442.6 431.8 418.5 418.1 424.5 428.1 420.3 408.3 396 382.9 369.5 355.4 341.2 327 313.5 298.2 285.1 270.8 269.9 275.2 272.3 267 258.9 250.2 243.9 238.3 234.2 229.1 222.3 216.2 210 204 199.6 200.1 199.9 199.7 199.4 199.2 199.1 198.9 199.8 200 198.3 219.3 239.9 267.5 296 316.4 331.5 341.8 353.9 364.5 379.1 392.5 402.7 416.3 427.7 440.9 454.1 461.5 469.4 478.3 485.6 491.4 494.2 494.5 493.5 490.8
405.8 402.8 396.5 385.5 377.8 395.6 414.8 428.6 441.4 448.4 444.4 431.1 419.1 418.5 420.7 417.4 408.7 397.3 383.6 369.8 356.6 342 329.1 315.9 302.2 288.6 276.1 275.5 279 280.4 279.4 271.1 260.9 251.6 244.6 239.8 234.6 229.4 223.1 217.4 211.2 205.5 201.5 200.1 199.9 199.7 199.6 199.5 199.3 199.7 199.7 200.1 199.8 217 235.7 259.5 286 305.9 317.6 329.2 345.3 360.5 375.5 389.1 400.6 413.3 423.4 437.1 448.1 454.4 460.7 467.8 473.7 477.2 479.4 479.3 478 477
417.5 412.2 408.1 398.8 398.9 399.4 420.3 432.7 442.1 446.1 439.1 428.6 418.6 413.6 406.6 402.2 395.9 384.3 371.2 355 342.4 328.2 314.3 304.8 293.8 281.3 284 286.1 288.9 290.5 288.5 277.3 263.9 252.5 244.7 238.4 233.1 228.4 224.4 219 213.1 207.4 204.7 200.3 200.2 200.1 199.9 199.7 199.6 200 199.6 199.2 199.8 210.9 231 250.3 272.7 294.9 309.4 325.3 344.4 359.1 373.3 386.2 398.6 407.9 421.9 431.6 440.5 446.3 451.2 456 459.7 459.3 462.3 462.4 461.9 462.3
433 428.8 426.8 422.8 419.5 421 427.8 436.4 440.6 440 432.2 424.8 414.1 406.7 397.5 390 379.4 367.9 353.7 340.3 326.1 315.8 303.8 292.1 285.5 289.4 296.8 298.9 303 305.2 299.3 284.8 269.3 254 245.2 238.3 232.8 230.6 228.2 222.7 216 209.9 202.9 200.3 201.1 200.5 200.5 200.5 200.5 200.5 199.7 199.5 199.6 208.4 225.8 247.3 271.3 297.5 309.9 325.6 343.5 358.6 371.6 385.4 398.3 411 419.7 426.8 432.6 437.3 441.2 442.9 443.4 445.1 445.1 447.9 449.3 450.2
451.1 446.9 443.4 440.2 438.8 438.5 440.1 442.5 440.9 436.8 428.6 421 409 398 385.5 372.2 355.9 346.9 336.5 325.8 312.6 304.2 297.4 300.1 305.7 307.8 313.3 319.8 323.9 319.9 308.7 292.6 275.8 259.7 246.3 238.7 233.7 231.4 228.7 224 218.2 212 205.6 201.7 200.9 200.6 201.1 200.9 200.7 200.8 200 200.4 200 205.4 223.5 245 262.8 288.8 308.9 323.7 339.3 355.3 369.2 384.3 399 407.5 414.7 419.5 424.5 427.5 426.8 425.8 426.9 430 430.9 431.9 434.9 437.3
467.7 464.6 461.2 457.8 454.3 453 452.4 451.4 446 438.5 428.6 414.6 397.2 386.1 371.5 359.1 346.9 333.2 319.4 313.8 312 310.5 315.6 322.5 325.1 326.6 335 342.3 341.3 332 318.8 300.9 282.8 265.5 249.9 239.5 233.9 229.6 226.5 222.7 218.6 213.6 208.7 202.7 201.1 200.7 200.8 200.6 200.7 201 200.9 200.8 200.4 200.2 218.1 236.9 254.6 279.2 302.9 320.1 335.4 350.8 367.1 382.3 393 400.1 404.5 409.5 412.2 413.9 413.4 412.7 412.2 413.5 416 418.6 423.4 427
