WholeMapElevations/data/sk/sk17_OST50GRID_20230518/SK17.asc
ncols 200
nrows 200
xllcorner 410000
yllcorner 370000
cellsize 50
[rows 70 to 104 of 200, columns 0 to 77 of 200]
385.5 392.5 395.7 397.4 394.4 386.9 378.8 370.4 361.1 351 343.7 339.1 335.8 333.5 332 330.9 329.9 330.5 330.9 331.9 333.8 335.3 335.9 336.2 336.9 338.3 339.8 340.6 341.1 340.1 338.4 336.6 334.8 333.4 332.6 330.5 326.7 321.8 318.2 314.2 308.7 299.8 287.6 277.6 277.1 274.4 280.5 298.2 305.6 301.6 306.5 317.4 322.2 328.4 332.7 335.6 336.9 338.4 338.8 338.4 336.8 334.8 334.3 334.7 337.8 341.1 343.8 348 351.7 354.7 357.8 360.8 363.5 365.5 368.1 371.6 376.5 379.3
381.9 388.7 393.1 394.1 393.5 387.6 381.1 373.2 364.7 354 345.1 339.4 336.3 334.1 332.7 331.4 331.1 331.8 332.2 333.5 335.2 336.7 338 338.3 338.1 338.7 339.7 340.2 340.5 339.1 337.5 335.4 333.5 332.2 330.7 329.2 327.7 324.2 320.5 316.1 311.6 303.3 290.7 276.7 274.1 275.1 301.5 309.8 312.1 313.9 314.8 317.3 321.3 327.8 333 336.9 340.3 342.7 343.1 341.8 340.6 339.6 337.6 336.4 336.8 339.5 342.7 347.7 352.2 355.1 359 361.9 364.7 365.7 366.7 368.8 372 376.1
379.4 384.3 390 390.7 390.4 387.8 381.8 375.2 367.3 358.8 349.2 342.3 338.2 335.6 334.5 333.5 332.4 333.3 333.7 334.2 335.4 336.9 338.6 339.4 339.3 339.6 339.6 339.9 339.2 337.4 335.7 334.2 332.1 330.4 328.3 326.6 325.5 323.7 321.1 317.3 312.8 306.6 296.8 274.7 273.4 275.3 305 311.2 313.5 315.2 315.4 315.5 318.8 325 330.7 336.1 340.9 345.3 347.7 347.4 347.4 345.5 342.2 339.9 339.1 339.6 341.8 346.5 351.4 355.8 359.4 362.7 364.4 364.6 365.5 366.5 368.2 371
376.5 380.9 386.5 387.1 387.1 386.9 382.5 376.4 369.4 360.9 353.4 345.7 341.2 338 336.2 334.4 334.5 335.2 335.6 336.4 337.4 337.7 338.3 339.2 340 339.8 339.6 339.3 337.5 335.7 333.7 332 329.9 328.1 325.8 324 322.8 321.4 319.4 316.9 313.1 308.2 302 283.1 272.9 278.2 303.2 310.6 312.7 314 314.7 313.8 314.8 319.1 325.9 333 340.1 344.8 350.1 354.5 353.7 350.7 346.7 343.5 341.5 341.5 343.2 344.3 348.7 353.2 357.5 360.4 362.1 362.8 363.6 364.4 365 367.2
372.6 376.7 380.5 384.1 384 384 382.9 377.8 371.5 364.2 356.3 350 344.9 341.4 338.2 336.5 337.4 337.9 338.1 339.2 339.9 339.8 339.7 339.5 339.9 339.8 339.4 337.8 335.9 334 331.3 329.3 327.2 325.4 323.3 320.9 318.7 317.1 315.9 314 311.6 308 303.4 297.1 272.5 279.1 305.2 308.8 310.8 312 312.5 311.9 311.6 313.2 316.8 326.5 337.7 344.8 351.5 355.8 357.3 354.7 351.1 349.6 345 348.1 347.6 347 347.2 349 352.8 356.1 358 359.7 361.3 362.2 362.5 363.7
369.4 372.5 374.7 378.2 380.5 380.4 381.2 380.2 373.2 367.4 360.9 354.4 349.1 344 340.4 339.5 341.6 342.6 343 343 342.7 342.8 342.4 340.7 339.9 339.1 338 336.1 333.5 331.5 328.7 326.5 323.9 322.1 320.4 317.9 315.4 313.1 312.1 310.5 308.3 306.1 303.1 298.9 277.4 277.7 299.4 306 307.7 309 309.6 309.3 308.8 309.9 312.9 319 329.7 339.8 349.2 354.5 356 355.5 352.9 352.1 351.5 351.8 352.3 350 348.5 348.1 349.2 351.7 354.4 356.4 357.9 359.7 360.1 360.3
366.7 368.3 369.6 371.4 373.4 377.2 377.2 376.2 375.8 369.6 364.7 359.1 353.5 348.1 344.6 343.9 345.9 347.5 349 347.3 346.3 347.3 346.3 343.6 341.2 338.3 336.1 333.6 330.8 328.5 326.1 323.6 321.1 318.5 317.2 315.1 312.9 310.7 308.8 307.2 305.4 303.7 300.7 295.7 278.1 272.4 288.5 297.5 304 305.8 306.3 306 306.4 307.7 310.4 315.1 323.3 331.8 340.2 349.8 350.7 352.8 352 350.7 350.5 350.4 350.5 349 348.5 347.9 346.7 348.2 350.2 352.3 354.4 356 357.4 357.9
363.9 365 366 365.6 366 368.7 371.3 374.8 375.2 376.1 372.9 365.9 358.4 352.9 349.3 347.9 349.9 351.3 353.3 355.4 350.6 352 350.2 346.9 342.9 339.7 336.1 333 329 326.6 323.9 321.4 318.6 314.7 314.2 313.8 311.4 308.8 307 305.8 304.9 304.2 301.8 299.3 294.3 270.7 273.1 286 294.2 300.6 302.2 302.6 303.7 305.7 308.1 313 315.7 323.4 332.4 340.2 346.1 348.5 349.6 349.6 349.2 348.9 348.7 347.9 347.3 346.1 345.6 345.7 347 349 351.2 353 354.6 355.5
360.8 362.3 361.5 360.1 358.9 360.6 362.3 364.9 370.4 377.2 376.6 372.4 363.5 358.4 354.6 352.1 353.9 354.6 356.6 358.9 361.1 358.9 353.2 348.8 344.5 340.5 336.2 332.1 327.5 324.5 321.8 319.3 317 315.1 314.7 313.9 312.1 310 309.5 309.3 308.5 306.9 304.8 302.2 299.5 297.4 285.5 268.9 275.1 288.2 294.9 299.6 301.7 303.7 305.7 307.7 310.5 317.6 326 331.9 339.1 342.8 347 348.2 347.8 347.3 346.9 346.8 345.7 344.5 343.4 343.3 344.1 345.9 348.8 350 351.5 353.2
358.4 359.5 358.6 357.4 356.7 357.1 359.2 361.9 364.3 374.5 378.3 378.3 369.1 363.8 360 357.5 357.5 358 359.7 362.1 363.4 363.1 360.7 353.2 348.1 341.8 337 332.6 328.4 324.8 322.6 321.5 320.3 318.5 317.9 315.9 314.4 313 312.3 311.5 310.6 308.7 306.1 304 301.9 301.1 301.2 298.7 282.8 265.8 272.4 287.1 299 302 303.8 305.4 307.7 313.3 321.6 324.6 334.2 338.3 342.7 345.5 346.3 345.8 345.3 345.6 343.8 342.8 341.7 341.1 342.6 346.6 349.8 349.5 348.9 350
353.1 355.3 356 354.7 353.5 354.2 356.1 359 363.1 369.2 377.4 378.9 374.8 368.7 366 364 364 364 363.6 364.3 364.3 363.9 362.3 358.4 352.1 344.4 338.2 333.3 329.4 327.1 325.7 324.5 323.3 322.1 320 317.9 316.3 315 314.3 313.6 311.6 309.4 305.3 303.1 300.9 301.4 302.2 300.6 297.2 290.6 272.6 264.1 281.7 297 302.5 303.9 305.5 309.6 317 321.7 328.2 333.9 338.2 341.6 343.7 343.9 343.4 342.8 342.1 341.1 340 339 342.1 347.5 349.8 348.7 346.8 346.4
343.4 350.7 352.6 351.7 351.1 351.6 353.9 356.1 360.3 365.8 375.7 380.9 380.1 377.3 375.1 373.8 373.1 372.2 371.3 369.8 367.8 365.9 363.8 360.1 354.4 347.3 339.7 334.7 331.4 330.3 329.1 327.8 326.5 324.5 322.4 320.5 319.1 318.1 317.2 315.7 313 308.6 304.5 302.2 300 300.8 301.7 301.9 299.1 294.2 286.8 271.4 263.5 278.8 300.6 302.4 303.8 306.3 312.2 318.7 324.5 329.4 334.7 338 339.9 340.8 340.8 340.3 339.8 339.3 338.5 339.8 343.5 346.6 346.4 345.8 344.4 343.2
334.6 342.9 348.4 349 348.7 349.7 351.9 354.6 358 364 371.7 383.2 385.6 386.4 387.2 387 386 385 382.9 380.1 374.6 370.9 366.4 362.6 356.5 349.5 343.5 338.7 334.8 333.5 332.5 331.1 329.3 327.3 325.3 323.9 322.6 321.6 320.9 319.2 316.2 311.3 305.4 300.6 298.6 298 298.9 299.7 298.2 295.3 289.2 282.5 262.6 271.2 292.1 298.4 302.4 304.2 309.2 313.6 320.2 325.1 331 334.2 336.4 337.3 337.3 337.3 337 336.8 338.8 342.2 344.7 344.7 343.6 342 340.8 339.9
334.3 341.3 344.8 345.2 344.4 347.3 351.1 354.2 357.7 363.5 371.1 384.5 389.5 391.3 392.7 393.1 393.1 393 394.9 394.5 387.6 378.9 372.2 365.9 360.2 354.4 349.2 345 341.8 339.8 337.2 334.7 332.4 330.3 328.6 327.3 326.1 325.1 324.5 322.9 320 314.5 309.1 303.6 300 296.3 295.4 295.9 295.3 293.2 289.3 282.5 272.5 260.8 274.3 298.1 301.5 303.4 305.4 308.5 313.5 320.6 326.1 330.9 332.3 333.9 333.9 333.8 334.4 336.7 340.8 345.2 345.4 342.7 340.4 338.8 337.7 336.9
331.4 335.9 335.7 333.3 342.5 347.3 352.1 355.3 358.6 363.7 370.9 384.7 393.2 396.3 398.1 398 397.6 396.8 397.9 399 399.5 390.6 380.3 373.1 365.7 360.1 354.7 350.7 348.4 345.9 342.7 339.8 337.7 335.9 334.1 331.4 329.6 328.5 328 326.9 323.6 320.3 315 308.9 302.7 298 294.2 292.2 290.1 288.6 287.6 282 271.9 260.1 287.4 301.5 302.7 302.9 304 306.1 309.8 314.6 320.2 327.4 329.1 330.7 330.8 330.9 333.6 336 341.3 345.3 345.6 343 340 337.6 335.6 334.4
327.2 327.7 322.9 335.6 345.7 350.5 354.6 357.5 360.2 365.4 371.7 384.4 394.1 399.8 401.4 399.4 396.5 395.6 395.6 396.4 397.2 395.6 386.9 378.9 372.2 366.7 359.8 356.9 354.6 351.4 348.8 346.6 345.4 344.3 341.7 337.6 334.7 332.2 330.7 329.3 327.1 324.4 321.2 316.7 311.6 305.1 296.8 291.8 287.6 284.7 284 279.9 266.7 261.2 289.4 298.1 303.3 303.6 303.3 304.1 306.2 310.4 315.7 324 325.7 327.3 326.9 330.1 332.8 335 338.9 342.9 344.5 343.3 340.2 337.2 334.9 332.9
321.2 318.3 326.4 338 347.5 353 356.8 359.7 362.4 367.5 373.8 384.7 395.2 401 403 400.6 397.8 394.1 389.8 388.8 387 387.3 386.9 382.9 377.2 371.8 367.3 362.8 359.9 356.9 354.1 353.6 352.1 350.2 347 345.1 341.2 336.1 333.9 331.2 329.1 327 324.5 321 316.7 313.3 304.5 296.1 288.2 282.4 280.2 276.9 263.7 259.6 283.8 294.1 300.1 303.6 302.8 302.1 303.4 306.9 311.7 319.6 322.7 321.9 325.4 329.8 331.5 332.9 335.8 340 342.8 342.2 338.7 335.9 333.4 331.4
316.4 316.5 328.2 338.7 348.8 354.3 358.6 362 364.7 369.7 376 385 398 402.2 403.6 399 391.7 386.4 382.3 381 380.9 381.5 382.2 381.2 377.8 376.8 372.2 368.2 364.6 361.3 359.3 358.2 357.2 354.9 350.5 348.7 345.9 341.1 336.1 332.2 330.5 328.5 325.6 322.7 319.8 317.4 311.1 304.6 295.2 287.3 280.3 273.3 261.1 256.8 273.2 290.4 295.5 301.2 302 300.4 300.3 301.9 306.1 310.8 312.3 321.1 326 328.4 329.8 331 332.7 337.8 340.7 340.2 337 334.6 332.1 330
305.7 318.5 326.3 338.5 348.3 355.9 360.5 363.9 366.7 371.8 378 387.7 400.5 400.9 397.8 390.6 385.5 380.6 377.6 375.7 375.3 375.6 376.4 377.6 378 378.5 378.1 374.8 369.5 365.4 362.7 360.1 358.4 356.4 353.4 350 346.9 343.8 338.4 332.5 329.5 327.6 324.6 322 318.8 315.9 312.6 307.5 300.6 290 277 267.6 260.7 257.1 259.8 285.2 291.8 297.7 300.4 298.4 296.2 297 299.3 304.1 314.3 321.6 324.6 326.4 327.7 329.1 330.9 333.7 337 336.8 335.7 333.4 330.7 328.8
309.2 317.4 327.2 337.8 347.4 354.6 360.6 364.5 367.6 372.6 379 388.2 401.4 395.1 388.6 383.8 379.7 376.6 373.2 370.4 370.3 370.8 372 373.1 375 377.1 380.2 381.6 375 369.7 364.8 361.4 358.2 355.2 352.1 349.2 346.6 343.9 339.2 333.6 328.5 325.8 323.6 320.5 317.2 313.8 308.6 302.8 295.7 282.3 275.4 269.1 261.8 257 255.9 275.4 286.8 293.3 296.7 294.6 291.6 291.3 293.3 300.7 309.2 318.5 321.6 323.6 324.8 326.2 327.6 329.6 331.7 332.6 334.2 332.7 330.1 327.7
308.1 314.8 324.5 335.7 343.9 351.3 358.8 362.5 365.9 371 376 385.5 392.3 387.3 382.7 379.2 375.1 372.4 369.2 367.1 366.1 366.1 367.2 368.5 371.1 373.7 378 380.1 377.2 371.1 366.3 362.6 358.9 354.7 351.3 348.3 345.4 341.5 338.4 332.8 326.9 323.2 321.1 318.1 314.9 312.6 310.9 307.3 302.7 296.8 289.7 280.9 273.6 262.9 255.2 259.5 284.2 288.7 292.5 290.3 287.2 285.3 288 293.3 301.6 310.5 318 320.5 321.7 323.1 324.3 324.8 326.4 328.9 332.5 331.9 330 327.9
303.2 309.5 321.3 332.2 339.7 346.9 354.3 360.4 363.8 368 372.9 378.8 382.6 380.9 378.1 374.3 370.7 368.1 366 364.1 362.6 361.6 362.4 364.4 367.5 371.2 374.3 377.3 375.6 372.1 368 363.4 358.9 354.5 350.8 347.5 343.2 339.4 335.2 330.5 324.4 321.9 320.1 318.3 317.7 316.8 314.8 312.1 308.3 302.9 297 291.5 286.2 280.8 270.9 253.4 282.7 286.8 285.2 285.7 281.7 276.5 280.6 287.9 295.1 305 312.7 316.8 319 320.5 321 320.9 322 325.5 329.2 329.9 329.4 328
297.3 305.8 317.4 327.7 335.6 342 349.2 356.7 360.8 365 369.7 373.8 376 376 374 370.3 366.9 365.1 363.1 361 359 357.2 357.8 360.7 365.4 369 372.4 374.1 373.1 371.5 367.4 363.1 358.6 353.7 349.9 346.6 343.4 340.1 335.7 331.6 326.9 321.8 322.7 324.2 324.3 321.9 319.3 316.3 312.8 308.8 304.2 299.4 295.1 289.4 282.4 263.5 254.2 257.1 253.7 250.1 259.8 259.2 273.3 282.1 289.5 298.2 307.7 313.5 317.1 318.3 318.4 318.3 319.4 322.1 326 327.3 327.2 326.2
289.6 299.3 313.5 323.7 330.3 336.1 343 349.7 358.3 363.8 368.9 372.4 374.1 374.2 371.7 368.4 365.3 362.5 359.3 357.2 353.9 352.7 354.1 359.3 363.6 367.7 370.1 371.8 371.3 369.9 366.4 362.1 357.6 352.2 347.7 344.4 342.5 339.2 335.4 330.4 324.4 327.1 329.9 332.5 332.2 328.7 324.9 320.5 317 312.7 308.9 305.5 302.6 297.8 291.8 282 269.2 258.8 247.2 246.5 246.4 248.2 254 267.6 284 292.7 301.3 310 315.3 316.5 316.7 316.9 317.5 320.2 322.8 324.7 324.9 324.2
285.2 296.2 309.4 317 324.1 328.3 335.3 346.3 356.6 365 370.2 374 375.3 374.4 372.1 370.2 366.8 363.2 358.2 352.2 350.1 348.4 350.7 357.3 362.6 367.2 369.8 370.4 369.5 368.2 365.5 361.3 355.6 351 346.5 343.3 340.4 336.5 331.4 331 332.6 334.3 337.4 340.7 338.7 335.5 330.7 326 320.3 315.2 312.4 310 307.3 305 301.5 294.2 283.7 272 261.3 253.2 247.8 245 244.7 248 273.9 288.1 295.4 305.6 312.7 315.3 314.9 315.2 315.8 317.2 319.1 321.4 321.7 321.8
285.8 299.9 306.2 311.8 317.9 323.6 330.1 340.9 353.9 363.8 371.6 375.4 375.5 375.1 373.5 372 369 364.6 361.2 353.5 348.9 346.1 343.6 351.1 358.9 362.8 368.5 369.7 370.1 368.6 366 363.5 358.3 352.3 347.5 344.6 341.3 338.1 337.6 337.8 338.3 343.2 347.2 347.4 344.2 340.2 336.5 331 325.1 321.1 317.9 314.8 312.6 310.5 307.6 302 293 283.5 271.4 264.8 258.3 256.5 251.3 243.3 268.5 285.9 292 299.7 306.9 311 312.2 312.8 314.6 315.9 317.9 319.1 319.1 318.4
279.2 295.3 304.4 308 314.7 320.1 326.4 336.8 350.1 361.2 369.9 373.7 374.8 374.9 373.8 372.1 369.5 365.1 361.6 354.8 350.9 348.2 342.7 343.8 352.4 358.5 365.2 368.7 370.1 369.8 367.9 366.8 361.6 357.4 353.8 348.5 345.8 344 344.5 346.7 350.5 351.8 351.8 351.1 349.8 344.9 341.4 336.1 330.5 326.5 323.7 320.6 317.4 314.4 311 306.1 299 289.8 280.3 276.1 272.3 273.4 271.1 246.4 254.1 266 278.8 293.1 299 305.2 309.8 312.6 315.2 315.9 317.5 317.8 318.8 317.7
281.9 279.3 287 305 311.6 317 323.4 332.6 345.9 358.9 368 371.7 372.9 372.9 372 370.6 368.2 364.7 362 357.4 353.5 349.2 346 341.4 349 354.6 361.7 366.6 369.4 370.9 369.8 368.9 365.9 363 360.3 355.8 352.8 353.3 353.2 355 355.6 355.5 354.3 353.3 352.4 350.4 348.2 342.2 339.2 333.6 329.6 326.1 322.7 318.4 314.3 309.8 304.4 297.5 289.8 285.2 281.7 284.1 282.7 273.4 251.3 241.1 252.7 280.6 297.9 306.3 310.8 313.6 315.4 316.5 317.6 319 319 317.3
292 278.2 278.5 288.3 307.6 314.1 320.8 328.1 341.4 355.8 366.4 369.6 370.7 370.8 370.1 368.9 365.5 361.6 359.2 356.5 352.6 348.1 344.3 339 344.5 349.6 355.6 364.3 368.5 371 371.3 370.5 369.8 368.2 365.8 362.5 360.2 359.5 360 359.9 359.2 357.9 356.3 355 353.4 351.9 350.5 347.7 344.2 340.7 337.1 332 328.3 323.6 318.6 313.7 308.3 303.3 297.2 292.4 289.6 294.1 294.4 290.6 281.1 262.4 242.3 265.9 296.3 305.6 309.7 313 317.3 318.6 319.3 319.7 319.1 317.4
283.3 277.1 279.2 279.2 300.5 310.8 317.6 325.1 338.2 353.1 364.9 368.1 369.2 369.6 368.9 367.3 363.2 358.5 355.7 353.3 349.9 345.5 341.9 339.4 340.1 344.7 350.1 360.6 366.2 370 371.4 372 371.4 371 369.8 367.9 364.8 363.3 362.8 362.5 361.1 359.4 357.5 356 354.1 352.4 351 349.1 346.6 344.4 341.7 338 333.1 328 322.9 317.6 312 307.1 302.7 298.5 297.5 299.2 300.4 299.1 296.2 281.4 249.8 246 267.8 300.2 307 310.4 315.9 319.1 319.3 319.2 318.5 316.7
281.7 276.7 278.1 276.7 288.8 307.1 315 322.2 334.1 350.8 363 366.9 367.7 368.2 367.7 365.6 361.5 356.7 352.1 349.4 347.4 343.5 339.7 337.7 336.5 339.6 345.1 355.4 362.8 368.5 370.4 372 371.1 369.9 369.4 368.4 367.6 366.2 365 363.4 361.7 360 358.5 356.6 354.7 352.6 351.4 349.9 347.7 345.6 343.8 341.2 336.9 332.1 326.7 321.1 314.8 310 306 302.3 301.5 301.3 301.4 300.5 298.3 290.2 265.5 242.9 254.1 282 303.6 307.5 312.7 317.9 318.4 318.3 317.7 315.8
286.3 276.5 275.1 275.9 280.3 298.4 310.6 318.2 331.2 348.3 361.3 365.6 366.2 366.7 366.2 364.1 359.8 355 350.3 346.8 346.2 344.1 340.2 336.5 334.1 334.9 341.1 350.4 358.9 365.5 368.3 370.2 369.9 368.6 367.8 366.8 365.7 365.6 364.3 363 361.3 359.7 358.7 356.8 354.9 352.4 351.3 350.1 348.7 346.9 345.1 343.2 340.6 335.7 330.4 324.7 318.2 312.6 308.3 304.8 303.8 302.9 302.2 301.5 299.2 296 277.6 257.5 237.1 265.8 297.5 303.9 311.1 316.4 317.5 317.5 316.9 314.9
284.3 276.3 275.7 276.3 280.5 292 304.2 314.2 329.3 348.2 361.3 364.7 365.1 365.5 364.5 362.1 357.9 352.1 347.3 343.7 343.3 341.8 339.7 338.5 335.9 331.6 338.7 347.2 356.7 363.5 366.3 368.6 368 367.3 366.1 364.8 363.8 363.7 363.6 362.3 360.6 359.9 358.7 357 354.4 352.3 351.1 349.3 348 347.4 346.3 344.4 342.5 338.9 334 328.3 322.1 315.7 311.1 307.7 305.5 304.5 303.8 302.7 300.9 298.7 293.4 273.2 242.2 246.9 280.7 301.9 309.5 314.7 316.6 316.9 316.1 313.9
286.9 275.4 277.1 276.4 283.2 291.4 301 314.7 333.5 350.4 359.4 363.7 364.2 364.6 363 360.3 356.8 349.7 343.9 340.7 339.8 339.9 338.8 338.8 337.5 331.8 336.7 344 354 360.8 364.6 366.1 365.3 364 364.1 362.9 361.9 361.8 361.7 361.9 360.7 358.1 356.6 355.3 352.7 350.8 349 347.2 346.6 346 345.8 344.5 342.5 340.5 336.5 331.5 327.5 321.6 315.9 311.2 308.2 306 304.8 303.7 302.6 301.4 299.5 282.5 246.8 239.5 274.1 300.2 308.3 313.7 316 316 315.2 313.2
275 274.2 278.4 277.9 287.3 292.9 302.9 321 339.3 354.5 361 361.9 363.3 363.3 361.6 358.7 354.8 348.9 342.5 338.8 336.5 337.3 337.5 338.4 338 335.2 331.9 340.5 348.5 354.8 359.7 361 361.3 360.1 360.7 360.9 360 359.9 361.3 360.7 359.5 356.9 355.1 352.9 350.3 348.5 346.8 345.8 345.2 344.6 344.5 344.1 342.1 340.2 338.4 335.2 331.5 327.1 321.5 316.6 311.8 308.1 306.6 305.4 304 303 300.7 268.1 235.7 258.9 284 301.8 309.7 313.6 315.6 315.9 314.7 312.7
