UK/data/nc/nc75_OST50GRID_20230518/NC75.asc
ncols 200
nrows 200
xllcorner 270000
yllcorner 950000
cellsize 50
[rows 0 to 35 of 200, columns 0 to 79 of 200]
147.5 149.8 145.7 129.8 112.6 84.7 68 41.5 13.1 8.6 8.4 10.2 16.3 16.3 13.6 13.9 12.1 9.7 -1.7 2.3 2.3 -1.7 -1.7 7.5 14.1 25.4 35.8 45.1 54.5 63 67 72.2 77.2 83 90.9 95.5 102.4 105.1 108.6 110.1 107.2 100.2 91.7 89.3 86.8 85.4 83.5 84.4 94.2 100.9 105 109.8 111.3 107.9 109.2 109.2 111 112.6 117.6 119.4 119.2 117.1 111.7 110.5 109.8 103.8 82.8 72.2 74.4 74.8 73.3 71.7 71.9 71.5 76 78.1 82 90.6 100.2 103
148.1 149.3 145.6 135.9 124.4 94.1 69.7 49.1 20.8 8.6 7.9 10.4 17.7 23.9 19.6 13.9 11 9.5 -1.7 -1.7 2.3 -1.7 -1.7 3.5 10.4 18.6 25.3 38.9 50.9 60.4 66.6 69.2 73 77.9 83 90.2 97.3 100.1 102.4 105.6 103.5 98.3 91.6 92.3 85.7 83.9 82.9 81.7 86.5 100.8 104.6 108.8 112.5 112.4 112.5 113.3 114.1 116.3 122.4 121.8 121.8 119.3 114.7 112 111.9 103.5 88.6 75 79.7 78.7 75.5 73.7 73.4 72.4 71.5 76.7 78 85.7 95.3 99.7
144.8 147.4 146.6 138.6 130 104.4 76.4 50.3 30.2 8.6 8.6 10.5 18.2 22.9 18.2 12.6 12.5 6.7 4.5 -1.7 2.2 -1.7 -1.7 2.3 8 17 21.2 27.7 40.8 56.7 66.9 69 74.3 79.4 84.5 88.3 89.7 92.7 97.6 98.6 98.8 94.6 88.8 88.1 85.1 83.3 82 81 82.4 96.8 104.2 108.2 114.4 116 115 116.5 118.3 120 126.2 124.1 123.7 121.4 115.8 112.4 112.1 100.3 91.1 79.3 85.5 82.6 77.7 75 74.8 73.9 72.1 72.7 76.6 82.1 90.9 97.5
147.6 146.8 144 139.1 131.4 109.9 81.2 54.8 36.4 14.2 10.3 13.9 18 17.4 16.6 16.8 16.1 5.4 2.2 2.3 2.3 -1.7 -1.7 3.3 5.1 13.2 18.7 25.5 33.5 43.5 60 70 74.6 80.4 87.7 92.1 92.1 91.7 93.1 92.9 91.2 89.4 85.8 84.8 85.2 82.8 81.6 80.7 80.5 91.3 104.7 110.1 115.1 117.7 118.1 119.9 119.5 121.8 128.5 126.2 125.1 122.8 116.7 110.8 106.5 99.2 94.9 92.3 90.5 92.1 80.9 76.4 75.9 75.6 73.4 73.3 75.2 77.8 82.7 93.9
146.3 151 148.3 141.7 132.1 110.9 80 56.4 41 23.8 9.5 14.4 19.6 16.1 16.1 14.5 13.8 7.7 2.2 2.1 2.3 -1.7 -1.7 12.6 5 9.1 15.3 23.8 29.4 33.1 45.8 62 71.1 76.7 84 90.5 93.5 92 90.8 89.3 86.8 86.6 84.2 83.9 83.8 82.1 80.9 79.9 80.1 86.5 102.9 110.1 115.1 121.2 123.9 124.8 122 122.8 129.8 127.7 125.1 122.9 117.6 110.1 105.3 99.6 99 99.7 92.5 94.5 84.9 77.4 76.6 76 74.7 73.5 74.4 75.7 80.5 89.2
144 150 150.6 145.6 138.1 124.7 100.5 67.5 41.7 23.1 9.9 11 13.9 17 18.2 16.2 11.6 5.9 2.5 2.4 4.7 -1.7 -1.7 7.1 10.2 7.8 8.3 19.3 27.7 32.1 40.2 50.6 61.2 69.1 79.6 85.3 88 89.2 87.4 84.7 82.6 79.4 78.6 80.3 82.1 81.1 80.3 79.6 80.1 82.3 98.4 110.2 119.1 125 129.5 129.4 128.7 124.1 128.1 126.2 124.1 121.8 119.4 113.5 105.4 101.7 100.4 103.1 95.4 92.3 87.5 79.2 77.3 76.6 76.5 73.7 73.7 75.4 79.5 88.4
141.6 145.3 149.6 146.8 141.9 134.9 119.5 94.8 66.4 36.1 20.4 12.5 12.7 18.3 19.1 18.7 16.9 14.4 12.5 6.5 11.7 9.5 -1.7 -1.7 7.6 9.2 8.7 12.9 24.7 31.5 36.5 40.8 51.6 59 67.3 77.2 81.8 85.9 84.6 82.1 80.4 77.1 76 76.8 78.8 79.7 79.6 80 80.4 81.8 96 110.2 120.7 126.1 132 133.2 132.8 128.6 128.2 125.7 123.4 124.1 125.4 115.1 106.8 103.2 98.6 99.1 93.6 88.8 85.8 79 78.2 77.2 77.1 76.4 74.1 76.8 80.4 87.7
141.2 142.6 149.6 146.9 143.3 139.5 131.2 108.3 80.2 58.8 36.8 22.4 15.4 16.8 18.1 18.7 18.3 17 11.4 8.8 7.5 -1.7 -1.7 -1.7 2.3 6.2 7.7 9 21.5 29.3 39 47.1 52.1 53.5 59.6 66.6 73.5 78.4 82.1 79.3 76.7 75 76.8 77.2 77.2 78.7 80.3 80.7 81.5 83.6 93.9 110 119.5 128.1 132.5 134.8 132.9 131.2 130.6 130.9 129.3 129.3 132 120.3 110.8 103.6 96.4 89.7 86 85.3 82.7 79.3 78.7 77.8 77.5 77 75.2 75.6 79.9 86.1
140.9 150.4 152.6 150.1 145.5 142.8 137.4 120.7 94.9 74.2 48.5 31.2 12.4 12.5 14.2 14.7 18.7 18.2 9.4 7.5 6.4 -1.7 -1.7 2.6 2.3 1.6 5.6 7.2 17.3 27.1 35.2 46.6 54.4 56.8 62.3 66.8 67.6 69.7 76.2 76.4 74.6 75.9 78.6 80.1 77.7 79.5 80.9 81.6 82.9 85.1 91.9 109.3 119 126.5 130.1 131.3 131.6 133.4 137.1 135.1 134.7 132.6 130.4 124.7 119 106.2 97.3 88.7 85.5 84.9 82.5 79.5 79.1 78.5 77.9 77.3 75.8 75.2 78.2 82.8
140.6 150.8 153.1 152 147.7 145 144 129.1 107.9 84.1 62.1 41.9 18.3 13.1 12.4 13.8 18.5 16.7 14.5 7.4 4.4 7.9 -1.7 -1.7 2.3 2.3 5.5 7.5 14.9 24.8 32.3 46.5 52 58 61.3 67 69.9 71.3 71.6 71.6 73.2 76.7 79.9 82.3 78.1 78.5 80.3 82.1 83.3 85.2 90.6 105.1 116.4 124.8 128.3 129.7 132.3 134.8 138.4 137.2 135.4 133.9 130.4 130.5 127.3 115.6 99.3 88.7 85.8 85.8 84.4 79.8 79.3 78.9 78.4 77.4 75.9 74.3 76.8 81.4
139.9 149.4 153.9 153.6 150.6 147.3 148.3 137.1 115.2 90.1 71.1 57.1 27.6 22.5 15.6 15 16.5 14.3 12.7 5.2 4.3 9.5 11.6 -1.7 -1.7 -1.7 5.4 8.8 14.3 23.6 28.7 46 53.5 59.1 61.4 66.7 71 73.1 74.3 75.6 76.6 77.4 78.7 79.8 78.2 78.3 79.1 80.6 83 85.4 91.2 103.3 114.3 122 127.2 129.9 133.3 135.2 137.8 137.9 136.1 134.7 133.4 133.9 130.6 125 104.3 93.2 86 87.3 85.2 82 79.5 79.2 78.5 78.8 76.7 74.8 76.3 80.4
139.6 149.3 155 154.7 152.7 150.2 152.3 144.5 125.6 105.2 84.4 70.2 40.5 35 21.4 16.5 15.5 7.9 7.9 3.1 3.2 5.3 7.5 -1.7 -1.7 -1.7 6 12 14.8 19.6 27.6 35.4 48.9 58.3 62.1 65.9 69.4 73.1 74.2 77.5 80.1 78.3 77.9 78 78.1 78.4 79.4 80.3 82.5 85.8 89.9 102.2 112.8 121.1 124.6 127.8 136 135.4 137.4 138.1 136.8 135.6 135.1 134.6 132.1 127.2 108.8 99.5 90 88.2 86.6 86.1 79.6 79 78.5 78 76.5 74.8 76.6 80.2
136.6 149.2 156.2 156.5 155 152.7 154 147.6 134.1 115.4 99.5 75.8 51.3 47.5 31.6 23 17.2 7.4 4.2 2.9 3 2.8 3.1 8.7 -1.7 -1.7 -1.7 9.7 11.4 16.9 27.8 31.6 49.3 57.9 61.8 66.7 75.3 81.1 79.8 80 84.7 82 78.7 78.2 78.4 79.1 79.9 80.7 82.1 87.6 90.1 98.3 111 119.2 122.5 126.9 135.8 135.6 136.4 138 136.9 135.6 134.9 134.2 130.4 122.2 112.3 106 99 90 87.2 86 81.7 79 78.2 77.4 76.7 75.8 76.6 80.3
132.4 147.8 156.8 157.7 156.6 154.6 154 151.2 138.7 124.4 110.7 80.4 57.8 54.6 41.7 28.7 22.1 13.4 4.9 3 2.8 2.8 2.7 2.7 -1.7 2.4 -1.7 -1.7 9.1 13.7 22.6 32.2 47.1 56.2 61.8 70.3 82.1 87.7 88.7 88.6 90.2 85.5 82.1 79 78.8 79.9 80.7 81.3 83 89.6 91.5 96.7 108.2 118.1 120.9 125.6 133.1 134.7 135.3 136.9 136 134.6 133.7 133.5 130.1 125.5 114.3 107.3 100.8 90.8 88.9 85.8 83.5 79.4 77.9 77.6 76 74.3 76.5 80
131.2 146.9 155.6 158.3 157.6 156.4 154.5 154.6 143.9 130.6 115.3 91.1 65.2 57.2 53.4 34.7 27.7 17.8 6.2 6.7 4.8 3.3 6.3 3.4 2.3 2.4 -1.7 -1.7 7.1 9.7 18.6 31 53.9 66.3 71.5 77.5 90.5 91.2 92.7 93.9 94.9 87.9 83.7 81 80.2 80.5 82.2 83.5 83.4 90.6 90.9 93.9 104.5 115.7 120 122.7 125.9 130.3 132.9 135.6 135.2 133.9 132.9 132.6 132.6 132.3 124.7 109 101.4 92.6 91.2 86.1 85.1 80.7 77.6 76.6 76.3 76.4 76.9 78.5
129.2 142.4 152 156.6 158.5 158.1 155.7 153.7 147.8 136.8 121 104.6 74.2 58 57.1 39.4 31 21.9 10.3 13.6 5.7 3.1 7.3 9 5 3 2.8 -1.7 7 8.8 18.2 28.9 53.4 72.4 75.4 84.1 96.9 96.7 93.7 97.2 101 92.8 87.1 84.1 82.9 81.9 81.7 82.7 83.2 84.9 88 91 101.3 112 117.8 120.4 121.6 124.7 131.4 134.2 134.9 133.3 132.3 132 131.6 133.9 126.1 112.2 99 94.7 93.8 90.1 85.4 82.7 77.4 75.2 76.7 77.1 78.2 77.9
129 143.6 153 157.8 159.2 158.3 155.6 152.9 148.7 140.7 128.8 111.5 80 59.8 59.8 43.8 32.5 24.2 12.8 14.5 3.9 3.5 8.1 10 6.3 4.8 3.1 -1.7 4.6 9.6 15.8 25.2 42.4 64.1 73.7 85.2 95.5 99.2 95 101.1 106 98.7 91 88.4 86.7 84.5 82.7 82.6 83.3 84 85.8 90.5 95.9 106.4 113.1 116.7 119.6 123.8 127 132.4 134.3 132.8 131.2 130.5 130.6 132.9 129.5 117.1 97.9 94.7 98 97.9 84.6 81.3 77.7 76.6 77.2 78.2 79.3 78.5
128.9 147.1 159.3 162.8 159.1 157.7 155.2 151.3 146.4 142.8 133 114.5 88.3 59.2 59.7 43.8 32.4 25.2 15 12.6 3.4 2.9 4 9.9 8.3 9.4 -1.7 -1.7 3.5 11.7 16.7 23.9 34.9 50.2 61.2 73.3 91.6 99.1 96.5 104.6 108 104.2 94 91.5 89.5 86.9 84.6 83.9 83.7 84.5 86.2 91.8 93.9 104.7 109.9 113.8 115.7 117.6 126.3 130.4 132.8 132.5 130.6 129.1 127.9 129.1 129.1 116.7 99.5 94 93.2 99.8 85.4 80.5 78.1 76.7 77.5 79.3 78.8 78.8
128.6 145.4 159.9 166.1 160.7 156.4 154.9 149.6 146.4 143.5 134.5 116.2 91.5 62.3 51.4 42.2 32.6 25.2 16.1 12.5 3.4 2.8 3.1 5.1 7.2 -1.7 -1.7 2.5 3.3 12.4 18 22.2 30.9 42.6 54.7 63.7 77 93.5 95.7 100.4 103.3 105 96.8 93.3 92.7 91.1 87.9 87.5 85.8 85.1 86.9 90.5 94.9 101.4 107.6 110.1 112.5 114.9 122.9 126.6 130.9 132.4 130.3 127.5 125.3 124.7 122.2 116.3 103.5 93.6 91.9 89.6 84.9 80.2 78.2 77.7 77.2 79 79.2 79.4
127.3 142.3 158.2 164.7 162.2 154 151.9 148.2 143.4 141.6 134.9 117.8 97.6 71.8 46.7 40.7 32.5 25.4 20.7 17 6.1 3.1 2.6 2.7 -1.7 -1.7 -1.7 3.1 2.9 6.7 14.3 20.8 28.6 37.7 50.1 59.6 67.3 78.2 89.5 95 104.4 102.9 98.3 96.4 97.2 97.3 92.1 90.6 89.2 87.3 88.2 89.9 94.4 98.6 104.4 108.9 111.5 114.4 117.6 120.8 128.1 131.4 129.5 127 124 123.3 122.8 116.8 104 94.2 91.6 91 83.3 79.4 77.6 77 77.4 78.7 79.1 80.1
127 136.6 153 160.1 159.1 152.5 148.8 144.9 139.5 136.9 129.1 116.8 100.6 80.7 49.9 37.1 32.9 26.3 21 20.3 14.6 8.8 4.8 3.9 -1.7 -1.7 -1.7 3.4 3.2 5.3 12.7 18.9 27.2 35.5 47.6 53.6 61 76.8 86.9 94.2 103.8 104.6 101.6 100.9 101.7 103.5 99.5 93.7 93 92.5 91.9 91 93.2 97.6 102.5 106.7 109.7 111.9 115.9 118.9 125.6 129.7 128.9 125.8 123.4 122.9 124.3 123 106.5 95.5 90.9 86.9 81.8 80.2 77.9 77 78.5 79.5 79.7 82.5
126 129.2 146.3 155.8 156.2 150.4 145.7 141.3 136.3 130.5 125.1 112.6 96.7 81.7 56.2 35 33.8 28.1 24.6 24.3 20.6 10.1 6.7 6.3 -1.7 -1.7 -1.7 14.4 10.4 11.3 10.2 17.1 25 33.2 42 54.4 57.9 74.4 87.6 91.3 98.6 104.1 106.3 105.5 105.2 107.4 104.1 98.1 97 97.2 96.6 93.8 94 97.9 99.7 104.1 108.1 110 114.1 116.3 122.2 127.4 128 125.1 123 121.5 121.4 124.5 115.8 96.7 90 85.7 81.7 82.7 78.3 76.8 81.6 81.8 81.6 83.7
127.7 131.3 144.2 153.8 155 149.9 143.4 138.6 134.2 127.7 125.1 112 92.5 78.6 57.4 36.5 31.5 27.3 26.7 26.8 23 12.3 6.6 6.2 4.2 -1.7 -1.7 18.6 19.1 15.2 9.9 14.7 20 29.7 39.8 50 58.8 65 78.1 86.4 91.9 102.3 107 108.5 109 110.4 108 105.1 102.1 99.4 98.1 96.6 96.6 98.9 101.2 101.6 106.9 107.7 110.7 113.7 118.9 125.6 127.4 125.6 122.7 119.2 117.8 119.7 116.4 100.6 93.6 88 81.1 80.9 78.3 77.1 80.3 82.5 81.9 83.7
132.1 136.1 143.1 150 152.5 147.3 141.2 136.7 130.7 124.8 121.7 115.3 95.9 75.9 57.8 38.7 31.5 27.6 26.8 28.3 24.7 15.3 7.5 7.1 5.5 -1.7 -1.7 18.9 19.6 19.1 11.8 14.1 19.5 25.9 35.8 43.1 55.3 61.2 73.2 82.8 88.4 96.7 103.6 108.4 111.9 112.5 112.3 110.9 108.7 103 99 97.6 98 107 110.9 102.5 104.9 106.6 109.1 112.9 116.2 123.5 126.7 125.5 122.3 117.2 116.3 117.8 120.1 107.5 99.9 91.1 84 80.1 79.6 78.2 78.7 81.3 81.9 83
134.7 136.3 140.1 144.2 145.4 142 136.3 132.7 125.9 120.8 114.7 113.4 99.8 77.3 56 38.8 31.8 28 30.8 28.4 23.7 15.6 8.4 7.3 6.6 3.1 -1.7 -1.7 19.4 17.3 9.6 10.8 18.2 24.2 34.2 39.5 53.2 61.2 68.3 79.2 86.2 92.7 100.7 105 109.1 111.8 112.9 113.6 112.3 107.5 100.8 99.2 100.2 114.7 119.7 110.6 109.5 114.4 111.4 112.4 114.8 120.6 124.9 124.5 120.7 115.2 114.1 115.7 114.2 108 100.1 93.6 90.2 82.2 80.9 78.3 78.3 81.8 81.4 82.8
135.8 134.5 137.9 138.6 135.5 133.3 128.7 125.9 120.1 115.7 109.8 106.3 102 82.7 62.4 40.5 30.4 27 31.9 24.5 18.2 13.8 5.5 4.6 4.9 3.3 -1.7 -1.7 13.2 19.1 9.7 6.3 14.1 22.4 30.5 36.9 47 58 67 74.7 84.1 92.1 99.7 102.5 104.5 108.5 113.8 114.7 114.6 113.1 104.5 103.2 108.4 115.8 122.2 117.7 118.8 118.8 115 114.1 114.4 119.6 123.2 123.2 119.6 114.3 110.6 110.4 110.9 106.6 99.3 93.1 90.3 84.4 83.2 78.6 78 79.4 80 82.3
136.5 133.1 133.5 132 128.8 127.3 121.3 119.6 115.4 111.6 106.5 102.9 99.2 89.1 74.6 54.1 31.4 22.7 24.8 22.2 9.6 3.9 3.1 3.3 4.6 -1.7 -1.7 -1.7 2.5 12.8 4.6 3.2 8.8 20 25.5 36 50.7 55.8 66.7 74.5 85.2 91.4 98.2 100.7 102.5 106.7 114.2 115.8 116.6 117.8 110.4 107.2 112.1 115.5 121.5 125.7 123.7 122.1 116.7 114.2 114.3 118 121.7 122.8 120.2 114.7 108.3 106.7 106.4 102.5 97.3 93.4 93.6 87.6 84 79.7 78.9 79 79.4 81
135.4 132.2 127.7 126 121.1 117.6 114.7 113.6 111 107.9 102.9 99 94.7 89.2 81.8 63.1 39 22.8 22.3 17.6 7.7 3.6 3.1 2.9 -1.7 -1.7 -1.7 2.6 2.6 2.8 3.4 2.9 3.5 14.7 24.1 37.4 59.8 65.9 76.9 79.8 90 92.6 100.8 101.8 102.9 105.6 117 119.2 119.5 120.5 115.7 110.8 112.4 116.4 121.3 127.3 125.4 123.7 117.6 114.9 114.1 119 121.1 122.4 119.4 114.3 108.8 106.1 102.7 100.3 96.1 96.8 95.4 89.9 86.8 79.9 78.5 78.4 79.3 82.2
133 128.7 123.4 121.1 116.1 109.1 108.3 108.7 106 103.3 98.6 94.4 89.3 85 82.5 65.6 41.4 25.1 19.8 17.3 8.3 3.9 3.2 -1.7 -1.7 -1.7 3.2 2.9 2.6 3.2 6 8.8 5.8 12.1 21.6 36.8 59.1 71.6 81.4 92.3 97.6 99.5 106.6 105.3 105.3 106.8 114.3 120.6 121.5 121.5 120.1 113.7 112.9 115.8 118.4 123.7 125.4 123.5 117.7 114.5 113.7 116.4 119 122.1 120.3 115.7 109.9 107.6 104.9 101.9 96.2 94.2 93.8 92 90.2 83.5 78.6 78.5 80.2 82.5
127.8 123 118.4 116 111.9 105.3 103.3 103.5 103.1 98.7 94.6 89.2 84.2 81.1 80.1 67.9 44.2 27.4 16.4 13.1 10.9 6.8 3.7 3.1 -1.7 3.3 3.2 2.9 2.6 3.3 6.8 13.9 13 12.3 18.9 32 58.6 76.1 84.1 96.9 98.6 101.3 110 109 108.4 108.5 113.3 118.5 122.8 120.8 121.5 115.1 112.3 112.5 114.5 116.4 120.1 117.7 117.1 113.6 112.5 111.5 116 121 121.3 117.1 109.2 108.9 106.5 103.4 100.9 101.4 101.6 100.4 91.1 84.1 78.4 79.1 79.9 82.7
122.5 117.3 115.1 113.1 108 101.8 99.7 98.4 98.3 95.5 91.9 87 82.7 80.9 74.7 64 46.4 27.5 17 13 13.7 9.4 5.2 -1.7 -1.7 3.1 3 2.8 2.8 3.1 9 10 9 9 13.7 28.2 53.3 72.7 90.8 102.8 101.9 103.1 110.6 111.6 109.7 110.3 114.3 118 121.1 118.9 117 114.6 110.7 109 107.3 106.2 112 115.2 120.5 113.4 110.1 108.9 112 118.7 121.3 117.7 108.8 108.9 107 106.1 104.4 100.5 99.2 99.4 92.9 84.5 82.1 81 81.3 84.5
118.1 112.8 110.6 110.1 104.8 99.8 97.7 95.7 94 91.8 89.4 86.9 86.8 86.1 80.7 68.2 49.7 29.9 20.9 11.7 10.5 9.2 6.9 -1.7 -1.7 3 2.9 2.6 3 2.6 9 9 9 9 9 23.4 46.3 68.3 89.6 102.1 103.3 103.1 109.4 111.4 110.4 111.5 112.5 119 120.3 120.6 115.2 113.5 109.9 108 109 108.9 108 111.2 118 111.4 108.9 108.9 108.9 113.6 119.8 117.4 109.6 105.4 108.3 108.2 106.4 100.1 98.6 96.9 93.8 88.8 84.7 80.4 81.3 84.6
114.8 109.8 107.4 106.3 101.9 98.5 97.4 97.5 96.8 95.2 92 91.1 94.4 92.9 86.8 75.7 57.4 32.2 24.5 14.2 7.3 5.7 4.6 3.2 3.2 3 2.7 2.7 3 10.8 9 9 9 9 9 17.7 39.7 61.6 86.7 100.3 103.4 103.9 107.2 108.9 110.6 112.3 114 121.3 119.2 118.5 115.5 113.5 110.7 109 108.9 108.9 108.9 107 111.5 109.2 108.9 108.9 108.9 109.3 117.6 119.3 110.1 108.1 108.1 110.8 108.5 101.4 99.1 99.3 100.5 93.9 87.3 81.7 81.3 83.1
111.8 107.8 105.6 104.2 100.6 99.4 102.6 107.3 108.7 104.3 99.8 98.9 101.3 103.9 93.8 85.8 70.2 45.5 24.7 16.7 9.2 4.6 2.3 3.6 3.5 3.2 3 2.9 3.3 8.3 9 9 9 9 9 11.9 34.7 57.9 83.7 98.8 103.8 103.7 106.1 110.1 109.6 112.5 113.5 119.1 117.7 116.2 113.8 111.4 109.5 108.2 108.9 108.9 108.9 105.9 109.1 108.9 108.9 108.9 108.9 112 115.1 118 109.7 109.6 112.7 115.5 109.4 102.4 102.2 102.2 106.3 96.9 88.7 85.1 81.7 82.4
110 106.6 104.6 101.7 100.5 102.2 108.3 116.2 121.5 119.5 111.9 110.1 109.9 112.6 99.9 92.5 77 54.2 34.2 18.6 12.7 4.5 2.3 3.5 3.4 3.3 3.2 3.3 2.8 8.9 9 9 9 9 9 9 26.9 52 74.4 93.1 100.9 103.8 104.7 107.9 106 110.4 110.3 116.2 119.2 116.8 114.4 108.6 107 108.9 108.9 108.9 106.6 111.8 118.5 119.4 112.4 108.9 108.9 109.6 114.5 113.6 111 112.2 114.4 117.3 112.4 107.6 104.3 104.2 104.9 96 89.1 85.3 82.1 81.7
110.9 106.5 104.2 101.8 101.3 106.5 114.6 125.6 133.5 132.5 126.3 123.2 120.5 117.6 108.8 96.9 87.3 69.2 41.7 19.6 10.6 4.8 2.3 3.7 3.6 3.4 3.3 3.2 3.4 7.1 9 9 9 10.2 9 9 20.1 45.2 63.6 92.6 99.7 101.2 100.5 101.3 101.3 104.8 106.1 113.9 115.8 111.5 109 106.3 107.3 108.9 108.9 108.9 111 118.2 123.7 122.2 116.9 108.9 108.9 110.4 116.3 115.3 114.7 115.1 116.6 119.5 114.8 110.2 107.7 109.1 111.2 99.8 91.7 85.7 83.6 82.1
