WholeMapElevations/data/se/se07_OST50GRID_20230518/SE07.asc
ncols 200
nrows 200
xllcorner 400000
yllcorner 470000
cellsize 50
[rows 0 to 34 of 200, columns 0 to 77 of 200]
551.8 548 542.9 539.8 537.2 532.2 524.5 517.2 512.4 508.1 501.8 498.8 496.4 493.5 490.6 486.9 482.4 478.4 474.9 471.9 468.9 465.4 462.7 460.4 456.8 453 449.5 445.4 441.4 437 430.7 432.4 430.3 428.6 424.9 425.3 421.8 421.7 418.7 415 409 405.8 402.3 399.3 396.4 393.7 391.1 389.1 386.6 383 381.1 378.1 373.1 369.4 364.7 360.1 355.7 350.9 345.1 340.8 334.8 328.4 321.6 314.4 305.1 298.9 289.6 286.4 280.6 273.8 269.2 258.8 256.3 255.8 255.5 256 256 260
549.4 546.3 543.8 541 537.2 528.3 516.9 507.3 502 497.9 495.4 493.7 491.4 488.8 485.4 481.5 477.3 473.7 470 466.4 463.2 459.6 456.4 453.2 449.5 446.2 443 439.3 435.5 431.1 404.6 424.8 423 419.8 416.2 415.8 413.5 410.2 407 405.2 401.4 399.1 396.5 393.5 390.4 388.4 386.7 383.8 381.4 377.3 374.4 370.6 366.2 361.8 356.6 353.4 348.6 343.4 337.7 332.1 327 319.1 312.4 303.1 296.5 290.1 283.1 275.3 274.1 266 258.4 257.4 257 256.5 256.1 260.9 265.1 269.4
546.1 544.4 542.9 541.4 534.6 524.8 513.1 502.4 495.8 494.3 494 491.1 487.6 484.3 481.3 477 473 468.8 465 460.9 456.6 453.3 451.1 447.8 444.2 440.6 437.5 433.7 429.9 425.8 405.8 399 405.8 406.6 405.6 402.3 400.2 397 399.2 398.2 395.6 393.1 390.8 388.2 384.6 383.1 380.9 377.8 374.3 371 364.8 362.1 357.9 354.1 350.7 346.3 341 336 331.2 323.9 319.6 311.4 303.7 296.8 287.9 282 276.7 270.8 266 260.8 258.5 257.8 257.1 255.4 261.8 268.3 265.2 280.2
543.4 542.2 541.2 537.6 530.2 521.1 511.1 502.3 497.6 494.8 493 489.9 486 481.3 473.2 471.4 467.7 463 458.9 454.8 451.6 448.8 446.3 443.4 439.8 437 433.7 429 423.6 419.9 410.6 391 392.6 392 394.9 393.5 392.5 391 391.6 391.3 390 388 386.1 383.7 380.6 376.9 373.6 369.7 365.6 363 357.5 353.2 349.8 346.4 341.9 338.7 333.8 327 323.1 316 311.1 300.9 291.7 287.3 281.6 276.8 271.2 267.5 262.8 260.6 258.7 258.8 257.2 264 268 275.1 275.3 288.9
540.4 538.1 535.8 532 526.3 518.1 510.4 504.7 498.9 494.2 489.7 485.1 480.5 475.8 470.9 465.1 461.7 458.4 454.8 452.4 449.8 447.4 444.4 440.8 436.2 431.8 427.7 425.6 420.9 414.6 409.9 396.8 378.4 387.5 386.5 385.9 386.5 384.8 384.4 385.1 384.8 383.2 379.7 375.8 372.1 368.5 365.5 360.9 357.1 354.3 348.3 342.3 339.8 337.3 334.8 331.2 324.5 317.6 312.9 306.8 300.3 291.2 285.5 280.8 276.9 273.7 267.5 260.8 260.4 259.7 258.5 258.1 269.1 276.7 282.2 284.7 285.7 292.9
535.5 532 528.6 525 518 510.8 504.1 498 491.7 488.4 483.9 479.5 474.8 469.8 465.9 462.2 458.9 456.5 454.3 452.1 449.4 446.8 443.7 440.5 437.2 433.4 429 424.4 415.7 402.5 396.5 389.1 379.6 382 368.3 380.3 379.4 378.2 378 379.2 378.6 376.2 371.7 367.8 364 360.5 357 351.6 348.3 343.5 339.2 334.3 330.7 328.1 325.2 320.6 313.2 308 302.8 298.8 291.7 284.1 275.4 274.6 269.5 263 262 260.9 259.5 259.4 263 269.5 272.5 286.4 291 292.6 295.4 297
528.6 524 518.3 513 505.6 499.1 494 489.7 486.1 482.3 478.4 473.5 469.9 466.7 464 460.6 457.8 455.2 453.2 451.1 448.7 446.2 443.4 440.6 437.6 434.1 430.1 423.4 416.1 407.6 398.9 390.2 382.5 369.9 362.3 368.9 371 373.8 373.6 372.9 371.5 368.3 364.7 361 357.3 350.8 347.2 342.7 338.6 332.8 329 325.4 314 318.5 314.5 307.8 302.6 298.8 295.1 290.5 282.4 272.8 266.9 265 263.9 263 262.2 261.2 264.6 266.8 279.7 287.9 292 293.1 297.8 299.8 304.8 306.4
518.2 512.3 506.7 500.6 496.7 492.7 488.5 484.5 480.4 475.8 472.7 469.4 466.5 463.9 461.3 458.6 455.9 453.2 450.9 449.1 446.9 444.9 443.6 441.2 438.1 434.5 429.4 422.7 414.5 405 394.7 388.1 382.4 376.2 362.8 349.9 354.9 365.5 367.6 366.5 364.7 360.9 356.6 352.4 348.3 341.9 338.9 334.9 328.3 324.1 320.2 316.6 311 308 304.1 296.7 294.7 290.4 284.3 276.6 268.3 266.9 266.7 263.6 264.6 263.9 264.6 271.1 279.5 285.6 290 295 299.4 302.1 306.5 309.3 316.3 319.4
509 503.1 496.8 491.6 487.2 485.9 482.4 477.3 474.4 471.1 467.4 464.9 463.2 461.1 458 455.5 452.5 450 447.7 446.1 444.5 444 442.6 440.4 437.2 433.1 427.7 420.9 412.5 404 395.4 387.9 382 377.1 372.6 359.1 348.2 337 347.6 361.1 357.8 354 349.1 344.7 338.1 334.5 329.6 325.5 319.7 314.6 311.4 305.9 303.7 293.9 294.2 287.4 282.4 276.3 270.9 268.9 267.7 267.1 265 265.8 266.5 271.9 279.7 280.7 281.2 292.6 298.1 302.9 307 308.9 313.5 318.4 324.7 330.7
496.3 491.1 486.5 482.4 479.8 477.6 475.8 473.7 471.8 468.6 464.4 461.6 459.1 457.1 454.2 451.7 448.7 445.3 443.7 441.9 441.6 441.5 440 437.7 434.3 429.6 423.5 416.1 409.5 402.8 394.5 387.9 382.2 377.6 374.3 370.5 367 354.8 329.6 350.2 349.3 345.8 340.8 336.5 330.9 326.1 320.1 315.4 308.6 308.5 301.9 298.3 295.5 286.8 280.1 274.9 271.6 270.4 269.6 268.7 266.2 268.4 267.9 271.1 276.2 284.6 289.2 293.6 297.2 300.2 302.5 310.7 314.7 316.9 322.9 328.8 333.4 339.7
485.9 481.4 477.6 475.6 474.3 473.5 472.7 471.2 469.7 467.2 463 459.7 456 453 450.6 448 443.8 440.7 439.5 439.4 438.7 437.3 435.3 432.5 429 424.4 415.3 409 403.3 398 392 386.8 381.7 377.1 372.6 368.1 363.3 358.3 339.1 324.1 341.7 338.4 333.2 328.9 322.6 318.5 313 304.2 299 298.2 293.7 286.7 284.1 278.4 276 273.4 271.7 270.4 267.5 270.4 270.3 272.7 279.9 282.4 284.8 293 298.8 302.4 303.6 311.8 314 318.6 323.8 328.1 333.4 339.4 343.7 348.6
478.7 476 473.9 472.1 470.7 469.9 469.5 468.5 466.8 465.1 461.4 458.2 454.4 450.1 445.8 442.5 440.1 437.9 436.2 435.5 432.7 431.5 428.6 425.2 421.7 411.7 405.7 400.9 395.4 391.4 386.9 382.3 377.8 373 368 363.4 358.8 353.9 348.4 331.7 315.5 323.2 326.7 322.3 315.2 308.6 302.7 296.7 293.5 286.5 282 276.8 275.9 275.3 273.9 272.1 268.9 274.5 277.3 275.2 278.5 281.2 285.7 291.1 295 296.7 308.3 311.4 316.8 319.9 323.7 328 333.1 337.6 341.5 348.1 352.1 354.5
474.9 472.3 470.5 468.4 466.9 466.6 465.8 464.7 462.3 461.7 459 455.5 451.9 448.2 444 439.8 437.9 435.3 431.4 429.6 427.2 424.6 421.1 417 409.7 402.5 396.6 392.1 387.8 383.2 378.6 374.4 370.5 366.3 362.2 358.4 353.4 348 341.9 335.9 327.9 305.6 311.2 311.5 304.7 300.5 295.7 290.7 287.8 282 276.7 275.1 274 271.7 271.4 272.5 279.1 282.2 281.7 281.7 283.6 288.3 292.6 298 302.1 304.1 312.2 320 325.3 328.7 332.2 329.4 344.6 348.9 352.1 355.7 359.3 361.9
472.2 469.3 467.5 465 462.4 461.7 461.1 459.6 458.3 457.5 455.4 452.5 449.7 445.9 442.9 439.5 435 430.8 427.1 423.9 419.4 415.9 411.9 405.3 399.9 394.6 388.6 383.4 379.2 376.6 371.6 367.8 363.4 360.5 356.5 352.2 347.2 341.6 335.6 328.9 322.3 313 302.1 294.8 295.6 292.6 289.3 285 280.6 277.4 275.5 273.1 277.2 282.5 284 286.5 285.1 288.4 288.4 288.7 292.1 295.7 298.9 305.8 310.2 316.1 320.4 324.1 333.8 338 342.4 346.3 353.4 356.8 360.6 362.1 366.4 369.7
473.2 471.6 468.3 465.2 461.4 458.4 456.1 456 455.6 454.1 452.3 450.6 448.2 445 441.3 436.9 430.8 425.4 421.2 417.3 413.9 409.2 402.3 397.5 391 386.1 380.9 375.2 371.6 367.5 364.4 361.9 358.4 354 349.8 345.3 339.7 333.8 327.2 320.6 312.8 305.4 298.8 295 291.9 288.8 285.2 282.6 278.1 276.2 278.4 288.2 287.1 289.9 292 293.1 292.6 295.3 294.6 297.8 300.9 303.4 308.2 311.7 318 325 332.2 334.7 341.7 348.4 354.4 358 361 364.1 366.9 369.3 375.3 378
474.8 471.5 466.9 462 458.8 457 455.4 453 452.8 451.7 450.1 448.7 445.2 443.1 438.5 432.9 427.5 422.3 417.8 406.5 405.2 401.8 393.9 389.1 383.3 377.9 372.9 368.3 364.8 362.1 358.5 355.8 351.7 347.2 343 337.3 332.7 326.7 320.6 311.1 304.4 299.3 295.7 291.8 289.6 286.4 283.2 278.6 277.8 282.1 293 296.2 294.8 297.9 298.4 300.1 301.4 303.4 302.2 307.2 309.4 310.2 315.2 319.9 325.9 334.2 340.4 346.1 347.5 359 363.2 366.1 367.5 370.7 373.9 378.1 382 385.9
472.7 469.2 465.2 461.2 457.4 457.2 454.1 452.5 450.5 448.7 446.7 446.1 442.8 435.4 434.4 426.1 412.9 420 414.7 407.7 398.1 392.3 386.8 381 375.7 371.7 368.3 364.2 360.7 358.9 355 348.7 344.8 339.4 335.2 329.9 324.7 318.3 312.4 305.6 299.4 294.1 287.2 285.6 286 282 279.4 277.9 283.5 298 301.8 303.8 304.7 306.5 307.7 309.3 310.6 312.3 314.3 317.5 316.4 318.5 324 328 332.7 344.7 351.7 357.7 357.9 367.9 371.4 373.4 375.7 378.5 382.2 385.8 389.3 392.3
470.7 466.9 463.4 460.5 459.1 457.3 454.7 453.1 451.9 451 449.7 447.5 443.9 439.4 435 429.9 424.5 395.9 390.8 393.7 391.2 384.9 378.9 372.8 368.1 365.3 362 359 355.5 353.4 349.5 344 337.2 334.2 330.6 322.8 317.9 312.2 306.2 291.9 287.3 285.8 283.9 282.3 283.2 280.1 282.1 291.2 301.6 308 310.7 312.8 314.2 315.5 317.5 318.4 320.2 318.4 322.3 321.1 328.2 333 336.3 342.5 346.2 356.4 363.7 369 372.1 374.4 378.3 379.5 381.8 387.4 390.3 392.9 395.3 397.6
468.6 467 465.5 462.6 459.4 456.5 453.2 451.6 450.8 449.6 448.3 446.3 443.2 439.4 435.1 428.9 422 411.6 397.6 376.9 375.8 370.5 369.4 366.8 363.5 362 357.5 354.7 351.9 348.4 343.9 338.7 332.5 325.4 323 311.9 309.4 300.4 290.9 287.9 287.1 286 284.1 281.2 292.9 301 306 310.4 314.6 318.2 320.8 323.3 325.8 325.7 326.9 326.6 327.1 326.3 331 333.6 340.3 344.5 345.2 355 362.1 368.3 372.7 376.2 378.8 380.1 385.6 389.3 392.5 394.7 396.9 399.1 401.7 404.2
470 468.6 466 462.4 458.2 454.2 451.5 450.1 448.9 447.9 446.9 444.9 441.8 438.1 432.5 425.9 417 404.8 390.9 383 376.1 374.6 355.6 348.6 349.5 356.1 352.4 349.3 346.4 342.6 338.1 333.3 328.1 321.9 315.5 302.5 296.1 287.6 289 289.4 287.3 286 300.6 306 305.7 315.5 320.1 322.3 325.3 328.3 332.2 334.4 334.6 334 333.4 333.4 335.3 340.6 343 344.8 350.6 349.1 360.8 368.7 371.9 376.5 379 382.7 386 388.4 394.1 397 399.3 399.8 403.1 405 407.1 409.5
471.6 468.8 464.8 460.4 456 452.4 450 448 447 445.9 444.4 442.4 439.2 435.1 428.1 419.2 409.1 400.9 393.5 386.5 379.7 374 366.8 357.3 340 341.9 336.9 342.4 339.5 336.9 331.1 326.7 319.6 307.1 291.5 290.1 289.3 290.7 290.6 296.6 301.3 305.9 311.3 313 319.7 324.6 328.3 332.9 336.6 339.8 341.5 341.9 341 339.7 344.5 343.4 345.3 347.5 347 354.3 354.8 369.2 374.7 377.1 379.3 382.9 386.1 391.4 395.7 397.1 401.5 403.7 405.2 407.5 409.1 410.8 412.4 414.5
469.2 465.6 461.2 457.2 454.2 451.4 449 446.7 444.8 443.4 441.3 439 435.1 428.8 420.3 412.3 405.3 399.5 391.3 384 377.3 370.7 363.2 355.1 347.6 337.9 325.5 332.6 333 330.9 324.3 313.1 304.1 293.9 292.8 292.8 292.8 296.3 302.3 308.2 315.5 313.7 322.7 321.7 329.5 333.9 339.5 342.4 346.3 348 348.6 348.9 348.3 350.8 351.3 354 359.2 359.9 368 372.8 377.2 379.7 381.5 383.8 387.2 390.3 395.6 400.1 403.7 404.8 407.3 409.6 412.5 413.3 414.6 416.4 418.1 420.4
464.4 461.6 459.1 456 452.9 449.3 446.1 443.6 441.7 440.4 437.4 432.7 427.4 421.2 414.3 407.6 401.8 394.9 387.1 379.1 371.9 363.4 354.1 346.9 341 336 328.7 322 329.2 323.5 309.3 300.7 295.6 293.8 295.3 300.4 304.7 313.5 312.3 323 325 329.8 332.2 332.2 342.2 345.9 348.8 352.8 353.5 355.6 356.6 356.5 357.9 356.2 359.2 365.5 373.3 376.6 380.2 382 384.3 386.4 388.7 392.2 396.2 400.2 405 408 410.6 411.3 412.7 415.6 418.3 418.9 419.4 421.7 425.4 430.4
460.9 458.9 456.5 453.5 450.3 446.5 445.4 441.2 439.9 434.7 430.2 425.3 419.3 413.2 407.5 401.9 395.3 387.3 380.6 372.3 362.9 353.9 347.1 341 335.8 331.7 326.7 314.2 318.7 311.7 302.4 297.5 294.3 297.8 305.2 319.3 319.3 325.5 322.8 332.7 336.1 339.8 344 347.7 351.9 355.1 358.2 361 362.5 363.3 367.7 369.8 372.4 372.5 375.2 381.6 383.2 385.8 388.1 389.4 390.7 392.8 396.1 400.1 404.5 409.9 411.7 413.2 414.9 418.2 419 422.2 423.5 423.6 425 428.8 433.8 438.3
458 456.1 454.1 451 449.3 448.3 444.5 439.1 423.4 428 415 411.3 411 406.8 400.7 393.9 386.1 380.2 371.8 364.6 355 347.4 340.1 334.8 331.6 328.4 323.3 311.7 307.1 305.4 298.8 296 307 320.6 325.7 330.3 332.9 333 338.3 341.3 347.2 351.4 353.4 358.1 359.1 363.8 367 370.9 373.8 375.8 379.1 379.9 382.6 385.7 387.2 390.8 392.9 394.2 394.5 395.9 397.6 400.3 404.6 409.1 413.6 415.9 417.5 418.8 423.4 426.5 428 427.5 427.9 428.8 431.5 437.1 441.3 443.5
456.3 453.8 454.2 453.2 449.7 445.2 438.7 433.5 427.3 405.9 411.9 402.3 400.4 399.1 392.9 386.5 377.3 370.5 363.1 356.5 348.3 341 335.8 331.9 324.8 319.9 311.6 305 302.8 300.9 301.5 313.6 325.9 331.9 337.6 341.2 341.7 337.4 348 351.6 358 360.9 364.1 367.5 368.7 373.9 376.9 380.3 383.1 383.5 386.1 390.1 391.8 393.5 396.3 398.3 398.9 399.3 400.3 402.5 405.8 409.6 414 417.1 419.7 422 426.2 429.4 431.5 431.9 431.3 432.2 432.9 435.3 440.8 444 446.4 447.7
456.5 456.6 454.1 449.2 442.9 438.1 432.9 427 421.1 410.9 397.8 402.7 389.3 389.8 383.6 376.5 370.1 362.3 357 350.3 342.7 336.6 330.7 319.4 312 303.1 304.1 300.5 298.9 308.3 320.7 329.8 339.1 341.4 347.3 349.9 352.7 345.2 359.9 363.2 367.5 371.1 373.2 375.9 370.5 384.1 386.4 389.1 390.8 392.6 395.8 397.5 400.2 402.8 403.4 404.3 404.9 405.8 407.9 412.1 414.2 417.7 420.9 423.5 427 432.7 435.3 435.7 435.6 434.3 435 436.6 440.3 445.3 448.9 449.7 450.4 451.4
456.1 452.1 447.4 441.6 436.3 430.6 425.3 420 415.4 409.5 402.1 382.7 388.3 374.1 373.5 369.6 363.9 357.5 350.8 342.9 336.2 327.4 315.6 304.8 303.7 306.8 304.4 306 319.1 329.4 337 343.5 348.9 353.3 354.9 357.6 362 364.9 369.1 372.5 375.4 377.7 384.3 388.3 389.7 392.6 395.6 397.7 398.8 399.2 402.9 406 407.3 408.3 409.3 410.8 412.8 416.5 418.2 420.5 421.5 424.8 427.1 432.2 437.4 440.9 441.2 439.4 438 436.8 438.9 443.1 450.2 453.8 453.6 453.9 454.7 457.5
449.4 444.4 439.2 434.8 429 424 419.2 414.4 409 403.4 397.5 389.9 371 364.9 356.5 357.4 356.9 353 344.8 337.5 324 310 306 307.8 311.6 316.8 323.2 320.9 333.5 340.2 347.2 352.7 356.5 361.4 363.8 368.9 371.9 375.2 375.4 379.8 385.3 391.3 393.8 397.2 397.7 401.8 401.3 402.8 404.8 408.9 410.8 412.7 413.6 414.6 415.8 418.6 422.4 424.3 426.2 426.8 428.5 432.1 435.9 441.1 444.8 445.9 444.2 441.1 440.5 442.1 445.8 453 457.5 457.7 456.9 458 460.1 464.4
442.9 436.9 432.8 427.9 424 419.2 413.8 408.7 403.3 397 389.4 382.5 376.2 367.9 355.2 340.9 344.2 343.6 337.3 323.6 312.3 309.2 309.1 313.2 319.2 325.6 332.3 342.1 345.8 352.6 355.6 358.8 361.9 368.3 374.2 378.6 381.6 383.1 381.5 390.6 398.8 402.3 402.6 405.7 406.6 406.8 407.7 407.6 412.6 414.9 416.9 418.8 420.2 422.2 424.8 426.3 430 431.9 431.3 433.9 437 440.9 444.5 447.4 449.2 448.1 445.7 444.4 445.5 450.6 456.8 461 462.2 460.5 460.9 462.5 464.8 471.2
436.9 432.1 428.4 423.9 419 414.1 408.8 403 396.1 390 382.5 375.4 369.1 364.2 355.9 349.8 332.1 335 325.6 312.5 310.4 308.8 319.1 329.7 333.3 328.2 343.6 351.2 354.6 359.2 361.4 366.5 373.3 378.1 381.5 384.6 390 392.8 396.9 402.9 404.2 408.9 410.6 410.9 411 411.5 412.5 416 418.7 421.6 423.9 426.6 429.5 432.2 434.4 435 435.9 436.9 438.1 442.3 445.5 448.7 451 451.9 451.1 449.9 450 450.7 455.4 462.9 465.4 465.8 464 463.7 464.4 468.6 469.8 474.9
434 428.9 424.7 419.1 413.9 408.2 401.8 395.1 388.4 381.2 375 370.5 361.3 354.7 349.1 341 329.8 321 315.9 311.1 316.8 328.7 335.3 342.6 345.9 343.8 351.4 359 362.2 365.2 372.1 377.4 382.5 386.4 389.3 393.8 397.7 401.6 406.9 408.1 411.9 414.8 415 415.9 415.5 416.4 420 423.6 426.1 429.2 433.4 436.1 438.8 440.3 440 440.6 441.4 445.4 447.6 449.2 452.4 454.6 454.4 454.9 452.8 453.8 454.2 459.9 466 469.6 468.7 467 465.7 466.5 470.2 474.7 475.5 477.2
432.1 426.5 420.9 413.1 408.3 402.1 394.3 387.1 379.9 373.5 368.6 362.7 351.9 347.4 340 333.7 320.2 317.7 314.7 318 332.7 339.1 344.7 351.9 356 344 358.2 366.2 369.9 374.8 380.7 385.2 388.5 392.6 397.3 402.1 406.5 410 414.3 415.6 421.1 421.4 419.7 420.5 421.1 424.3 427.8 431.1 434.3 438.4 440.7 443.2 444.8 445.8 447.7 449.1 450.9 453.5 455.5 456.6 458 458.5 457.6 457.1 456.8 458.3 463 469.1 472.1 472.7 471.2 469.3 467.6 470.9 475 480.7 480.5 483.5
429 421.7 415 408 400.4 393.4 385.7 379.4 372.4 366.8 360.7 352.9 346.4 332.2 324.9 317.8 316.8 316.4 321.3 339.1 346 348.7 354.9 361.4 365.3 362 365.6 373.4 378.1 383 386.1 391.1 394.3 401.3 406.4 410.3 414 418.4 422.7 423.8 426.6 426.2 425.6 427.1 429.1 431.3 434.6 439.1 441.6 444.7 446.7 448.8 450.2 454.1 455.5 457.2 458.7 460.3 461.5 462.4 461.8 461.9 461.7 461.6 462.7 467.4 472.6 475.6 476.5 475.7 473.8 472.9 473.6 475.8 481 487.2 488.5 491.4
422.8 415 408.1 400.3 393.6 386.8 378.4 371.9 364.1 360 351.5 341 331.9 322.3 319.5 319.1 321.7 335 342.8 348.8 352.9 360.5 366.6 370.3 373.2 374.6 376.2 377 385.4 389.7 393.3 398.5 404.7 409.2 413.5 417.7 423.1 427.2 431.1 431 430.5 431 432 432.9 435.3 439.2 442.1 446.2 449.1 450.6 451.9 454.5 459.4 461.4 462.8 463.8 464.8 466.3 466.6 467 466.5 466.9 466.6 468 472 474.2 477.9 479.2 480 479.5 479.7 480.2 477.7 481.6 488.7 492.2 493.3 495.8
