UK/data/ns/ns69_OST50GRID_20230518/NS69.asc
ncols 200
nrows 200
xllcorner 260000
yllcorner 690000
cellsize 50
[rows 76 to 113 of 200, columns 86 to 171 of 200]
14.3 15.4 16.4 17.1 17.4 17.3 17.5 17.5 17.5 17.7 17.4 17.1 16.7 16.3 16 14.3 12.9 12.5 12.4 12.5 12.4 12.5 12.5 12.9 12.6 11.6 11.1 11.6 10.6 6.2 10.8 11.5 11.6 11.7 11.7 11.9 11.6 12.1 11.4 12.2 12.2 12.5 12.6 11.4 11.7 12 11.8 11.7 12 11.7 12.1 11.4 11.2 11.1 11.1 11.7 11 10 6.8 10.9 10.8 10.4 10.1 11 11.8 12 11.9 11.9 11.6 11.5 12.5 12.6 12.8 12.1 11.8 11.6 11.7 11.8 12.4 12.6 12.7 12.8 12.7 12.6 12.6 12.6
13.7 14.7 15.7 16.7 17.2 17.2 17.4 17.4 17.6 17.5 17.3 16.8 16.3 16.1 15.7 14.1 13.6 13 12.6 12.4 12.3 12.6 12.7 12.6 12.3 12 11.8 10.8 10.6 10.9 6.3 11 11.3 11 10.9 11.5 10.2 11.4 11.4 11.8 11.7 11.8 11.5 6.3 9.1 6.3 9 11.6 11.3 11.7 12.5 11.8 10.6 11.1 11.8 10.9 10.4 6.1 9.6 11.7 11.3 10.9 11.5 12.3 12.3 12.2 11.9 11.7 11.4 11.7 12.1 12.5 13.2 12.2 12 12.1 12.3 11.8 12.4 12.6 12.4 12.4 12.9 12.7 12.7 12.7
12.8 13.6 14.5 15.8 16.9 17 17.3 17.4 17.4 17.3 17.1 16.1 15 15 14 13.3 13.1 13 12.8 12.5 12.1 12.8 13 12.4 12.2 12.3 12.5 11.7 12.1 12.5 11.4 8.9 11.3 11.1 10.8 9.7 6.6 8.3 6.2 11.1 11.1 10.8 10.5 11 10.9 11.5 11 9.8 7.1 8.2 11.2 11.6 12 11.9 6.1 6.1 6.6 11.8 12.4 12.3 11.9 11.5 12.4 12.5 12.6 12.5 12.2 11.9 11.6 11.9 12.6 12.8 12.8 12.5 12.6 12.7 12.5 12 12.4 12.8 12.5 12.2 13 12.9 12.8 12.8
13 13.1 13.3 14.7 16.1 16.9 17.2 17.4 17.2 17.2 15.6 14.7 14 13.8 13.9 14 13.9 13.1 12.8 12.6 12.9 13.2 12 11.7 12.5 12.7 12.8 12.6 12.2 12.5 12.1 9.1 10.4 10.9 10.4 8 11.6 11.4 11 9 8.1 9.4 7.7 12.1 11.2 11.7 11.8 11.7 11.6 12.4 10.1 7.5 7.4 8.7 9.9 11.4 12.6 12.1 12.4 12.8 12.4 12.4 12.5 12.6 12.7 12.8 12.5 12.2 11.8 11.8 12.5 12.7 12.9 12.7 12.6 12.9 12.6 12.4 12.6 12.9 12.6 12.3 13 13 12.7 12.9
13 13.2 13.4 13.8 14.3 16.5 16.4 17.2 17.3 16.7 14.8 14.8 14 13.8 13.8 14.5 14.4 13.9 13 12.9 13 13.2 12.3 13.1 12.8 12.8 13 13.1 12.5 12.3 10.9 10.8 7.1 6.2 6.1 11.2 12.3 12.5 12.3 11.8 11.8 11.9 12 11.9 11.9 12.2 12.3 12.5 12.6 9.2 7 11 10 11.8 12.3 12.9 12.9 12.6 12.4 12.7 12.6 13.2 13 12.9 13 12.9 12.7 12.4 12.3 12.3 12.5 12.4 12.5 12.6 12.8 13.1 12.7 12.2 12.5 12.4 12.4 12.3 12.7 13.2 12.7 12.7
13.2 13.3 13.6 13.9 13.7 15 16.1 16.6 15.8 15.4 13.9 13.8 13.9 13.8 14.2 14.1 14.6 14.3 13.8 13.2 13.4 11.4 13.1 13.3 13.5 13.5 13 13.2 13.3 12.6 10.5 12.3 12.7 12.5 12.5 12.2 12.7 12.6 12.5 12.4 12.1 12.3 11.6 11.6 12.5 12.4 12.6 12.8 12.8 8 10.7 6.8 11.9 12.5 13 13.3 13.1 12.8 12.5 13.1 12.6 12.5 13.1 13 12.3 12.6 12.5 12.4 11.8 12 12.8 13.1 12.7 12.9 13.2 13.2 12.9 12.3 12.4 12.7 12.4 12.5 12.5 13.2 12.7 12.8
13.3 13.4 13.8 13.9 13.3 13.3 15 14.8 14 13.7 13.2 13.1 13.3 14 13.9 13.4 14.4 13.4 13.4 13.4 13 13.4 13.4 13.5 13.4 13.7 13.3 13.1 13.4 12.9 10 10.4 12.6 12.7 12.8 12.8 12.7 12.7 12.6 12.5 12.8 11.8 12 12.5 12.6 12.7 12.9 12.9 8.4 11.1 11.1 12 12.3 12.6 13 13.5 13.2 12.9 12.7 12.7 12.6 12.6 12.5 13 12.4 12.3 12.1 12.5 12.4 12.8 13.2 13 12.7 12.6 12.1 12.5 12 12.1 12.3 12.5 12.7 12.8 12.8 13 12.8 12.9
13.2 13.6 13.5 13.5 13.5 13.4 13.5 13.2 13.3 13.2 13.5 13.1 13.2 13.5 14 13.8 13.4 13.5 13.1 12.7 13.3 12.9 13.2 13.1 13.2 13.7 13.3 12.7 12.8 12.3 10.2 12.6 12.8 12.9 12.9 13 13.1 12.7 12.7 12.6 12.9 11.9 12 12.2 12.1 11.6 13.1 11.3 9.1 7.8 9.3 12 12.6 12.6 13 13.6 13.4 13 12.7 12.8 12.7 12.7 12.6 12.8 12.6 12.7 12.7 12.9 13.1 13.1 13.1 12.8 12.5 13 12.9 12.7 12.7 12.6 12.7 12.8 12.9 12.9 12.9 13.1 12.9 13
13.4 13.7 13.8 13.7 13.8 13.6 13.4 13.6 13.6 13.6 13.6 13.1 13.2 13.3 13.7 13.7 13.2 13.2 13.3 13.3 12.9 13.4 13.5 13.5 13.5 13.7 13.5 12.9 11.8 11.2 12.5 12.3 12.8 13 13 13.1 13.2 13.4 12.8 12.7 13.1 12.8 12.1 11.9 11.7 12.3 9.7 9.3 8.6 10.4 11.6 12.9 12.9 12.6 13 13.3 13.3 12.9 12.7 12.9 12.9 12.8 13.1 12.6 12.5 13.3 13.1 13 13.2 13.3 12.8 12.6 12.8 13.2 12.9 12.8 12.8 12.9 13 12.8 12.8 13 13.2 13.4 12.8 13.1
13.8 14.1 14.2 13.8 13.9 13.6 13.8 13.9 14 13.6 13.6 13.6 13.4 13.7 13.1 13.6 13.4 12.6 13.2 13.6 13.1 13.8 13.3 13.2 13.5 13.4 13.4 12.3 11.5 12.3 12.9 12.9 12.9 13.2 13.1 13.3 13.4 13.5 13.5 12.9 13.3 13.6 14 12.8 12.7 12.8 10.2 8.3 11.6 12 12.6 13.4 12.8 13.1 12.8 12.9 12.8 12.7 12.7 12.8 13 12.7 12.7 12.5 13 12.8 13.1 13.5 13.3 13.3 12.8 12.7 12.7 13.6 12.8 12.8 12.9 13.1 12.9 12.7 13 12.9 13.1 12.9 12.9 12.6
14.2 13.9 13.7 13.7 13.6 13.5 14.1 14.1 14 13.8 13.9 13.8 13.9 14 13.9 13.6 13.3 13.3 13.8 12.9 13.6 14 13.9 14.1 13.3 13.6 12.9 11.2 12.7 12.5 13.1 13.3 13 12.7 13.1 13.1 13.2 13.4 13.5 12.9 12.8 15.1 13.4 13.6 13.6 12.3 8.6 10.2 11.3 12.2 12.6 12.6 12.9 13.2 12.9 12.8 12.8 12.8 12.9 13.1 12.9 13.2 12.8 13.3 13.5 12.9 12.8 13.3 13.1 13.2 13.5 13.6 12.7 13.9 12.8 12.7 12.7 12.7 12.7 12.7 13.3 13 13.1 12.9 12.8 12.6
13.7 13.8 14 14 13.9 14.1 13.6 13.5 13.5 13.9 13.7 13.7 13.4 14.1 13.7 13.4 13.7 13.4 13 13.1 13.3 13.8 13.8 12.7 13.4 13.4 12.2 11.9 13.2 13.3 13.5 12.8 12.7 12.8 12.9 13.2 13.1 12.9 13.2 13.4 13.5 13 13.5 13.5 13.3 12.1 10.3 9.2 11.4 12.2 12.4 12.7 13.2 13.2 12.7 12.8 12.8 12.9 12.8 13 13.3 12.9 12.8 13.4 13.1 12.9 13 13 13.2 12.7 13.2 13.2 13 12.9 13.2 13.3 12.9 13.4 13.5 13.2 13.1 13.2 13.3 13 12.8 12.7
14 14 13.5 14.2 14.1 14.1 13.9 13.9 13.8 13.7 13.6 13.4 13.5 14 13.6 13.8 13.4 13.3 12.9 13.1 13.2 13.7 13.1 13 13.3 12.8 11.6 13.2 13.4 13.5 13.6 12.8 12.9 13.1 13.2 13.1 13.1 13 13.1 13.4 13.3 13.1 13.3 13.5 13.4 11.5 9.2 10.3 12.1 12.3 12.6 12.8 13.3 12.9 13 12.8 12.9 13 12.7 12.8 13.2 12.7 13 13.5 13.1 12.9 13.1 13.3 13.1 12.9 13.1 13.4 13.4 13.2 13.1 13.3 12.7 12.5 12.5 12.5 12.6 13.1 13.6 13.4 13 13.3
13.8 13.8 14.3 14 14.2 14 13.9 13.9 13.8 14.3 14.6 14.2 13.8 13.4 14 13.9 13.4 12.9 13.1 13.3 13.1 13.5 12.4 12.4 12.6 12 12.8 13.1 13.5 13.6 13.4 13.4 13.2 13.3 13.4 13.3 13.2 13.1 13 13.7 13.1 13.6 13.5 13.6 13.4 9.3 12 13.3 13.1 12.4 12.7 12.9 13.4 13.2 13.2 12.9 13 13.1 13.2 12.7 13.2 12.9 12.6 13.3 13.1 12.9 12.8 12.8 12.9 13.1 13.3 13.1 13.2 13.2 13.2 13.2 13.1 12.6 12.5 12.8 12.5 12.7 13.2 12.9 13.4 13.3
14.8 15.3 14.9 14.5 14.6 14.5 14.4 14.1 13.8 14.2 14.2 13.8 14 13.7 14 14.2 13.5 13.9 13.5 13.3 12.6 12.8 12.7 13 13.3 13 12.5 13.1 13.6 13.6 13.5 13.8 13.5 13.5 13.6 13.6 13.5 13.8 13.6 13.8 13.8 13.6 13.7 13.5 13.7 13.7 11.8 12.9 13.1 12.9 12.9 13 13.1 13.5 13.5 13.4 13.1 13.2 13.3 13.3 12.7 13.4 12.5 13.2 13.1 13 12.8 12.9 13.3 13.2 13.2 12.9 13.1 13.2 13.4 13.1 13.2 13.2 12.9 12.7 12.4 12.3 12.9 12.6 12.8 12
25.8 17.7 17.1 17.2 17 16.3 14.9 14.2 13.9 14 14.1 13.9 13.8 14 13.6 14 14 13.9 13.3 13.2 12.6 13.4 13.7 14 14 14 13.8 13.5 14.1 14.2 13.8 13.7 13.7 13.8 13.8 13.9 14 14 13.8 13.6 13.5 13.1 13.6 13.2 10.7 10.5 11.1 13 13 13 13.5 13.8 13.9 13.5 13.6 14 14 14 13.9 13.3 13.8 13.8 13.3 13 13.1 13 13.6 13.3 13.5 13.4 13.2 13.6 13.2 13.4 13.3 13 13.2 13.1 12.8 12.6 12.4 12.3 13 14.4 13.3 13.3
30.5 29 22.2 18.1 18.6 18.6 17.6 16.1 15.5 14.9 15 14.4 14.6 14.4 13.9 14.4 14.2 14 14.1 14.1 14.1 14.2 14.6 14.1 14.2 13.7 13.8 13.8 13.8 13.6 13.2 13.8 14.1 14 13.8 13.6 13.8 13.6 13.9 13.4 13.8 13.1 13.2 11.9 11.6 11.2 12.8 13 13 13 13.4 13.7 13.6 13.5 13.6 13.7 13.3 13.8 13.7 13.2 13.3 13.2 13.4 13.2 13.3 14 13.9 13.9 14 13.7 14 14 13.7 13.3 13.3 13.3 13.3 13 13 12.4 12.7 13.7 13.1 13.5 13.2 13.7
31.3 31.2 31.7 31.3 31.3 30.6 31.9 30 27.9 27.4 22 14.1 15.2 15.1 15 13.8 14 14.1 14.2 14.2 14.4 14.4 14.9 15 14.4 14.5 14.1 14 13.9 13.7 13.4 14.1 14 14 13.7 13.7 13.8 13.2 13.9 13.3 13.4 12.8 12.7 12.1 11.6 11.2 12.8 13 13 13 13.2 13.7 13.5 13.5 13.4 13.3 13.3 13.7 13.2 13.4 13.4 13.2 13.5 13.5 13.7 13.9 13.7 13.7 13.6 13 13.6 13.5 13.4 13 13.4 13 13.1 13.4 13.4 12.9 13.6 13.5 13.6 13.7 13.7 14
32.7 35.1 36 37 38.1 39.6 40.6 40.1 40.6 37.8 34.8 22.6 16.2 16.5 15.6 14.8 14.4 14.6 14.3 14.4 14.7 14.6 15.4 15.6 14.8 14.9 14.2 14 13.8 13.9 13.5 14.4 14 14 14.5 14.4 13.5 13.7 13.4 13.3 13.1 13 12.8 12.5 12.1 11.5 11.2 12.7 12.8 13.4 13.6 13.3 13.8 13.3 13.6 13.4 13.4 13.7 13.2 13.4 13.5 13.5 13.6 13.7 13.9 13.7 13.6 13.4 13 12.8 13.3 13.7 13.2 13 13.2 12.8 12.7 12.6 12.7 13.4 13.5 13.4 12.9 13.4 13.2 12.7
33.1 35.5 35.8 37.1 38.6 40.3 40.7 41.9 42.1 40.9 38.2 34.6 25.7 18.3 15.5 14.8 15.9 14.8 15.2 14.8 15.9 15.9 16.2 16.3 15.7 15.3 15.1 14.1 13.7 13.9 15.1 17 18.4 18.3 14.4 15.1 13.8 13.3 12.9 12.7 12.4 13 13.2 13.1 12.6 13 13.2 12.9 13.4 13.5 13.3 13.1 13.1 13.4 13.9 14 13.6 13.6 13.4 13.5 13.5 13.6 13.7 13.7 13.6 13.5 13.3 13.4 13.4 13 13.4 13.9 13.8 13.1 12.9 13 13.1 13.2 13.3 13.3 13.4 13.4 13 13 13.3 12.9
35.1 35.6 36.5 38.4 40.1 41.8 41.9 42.8 44.1 43.1 40.8 38.6 34.6 29.7 22.9 18.1 24.1 33.9 32.3 34.6 28 24.3 17.7 16.4 17.3 17.5 18.1 18.2 20.5 24.7 26.7 26.2 25.7 24.8 21.4 17 14.6 14.3 13.9 13 13 13.4 13.3 13.3 13.1 13.1 13.1 12.6 13.4 13.3 13.1 13.1 13.1 13.3 14.3 14.5 14.4 14 13.5 13.6 13.6 13.6 13.6 13.5 13.4 13.2 13.2 13.4 13.6 13.4 13.6 13.4 13.4 12.9 13 13.5 13.3 13 13.3 13.3 13.4 13.4 13.1 12.9 13.7 12.9
38.3 39.4 40.6 41.2 43.5 44.2 45.1 45.8 46.7 47.1 46.1 43.1 40.8 39.2 36 33.2 37 41 42.3 45.4 44.2 38.4 21.9 26.6 29.8 30 30.2 35.1 35.4 34.8 35 34 31.5 27.4 25.5 25.2 23.9 22.8 21.5 22.2 21.4 13.9 13.5 13.2 13 13.1 13.1 13.2 12.9 12.5 13.2 13.1 13.6 14 14.4 14.6 14 13.9 13.9 13.6 13.6 13.7 13.5 13.3 13.1 13 13.2 13.4 13.6 13.6 13.1 13.2 13.4 13.5 13.2 13.4 13.2 12.9 13 13 13.5 13.4 13.3 13.1 13.3 13.3
42.7 43.2 44.1 44 46.9 50.1 51.7 52.8 50.4 47.3 45.4 44.2 46.2 47.1 43.8 44 47.8 49.2 46.6 48 41.9 26.2 34.7 37.8 40.5 40.3 40.8 42.1 43.4 42.6 43 41.3 38.1 33.8 31.4 31.7 31.9 31.1 29.9 31.7 32.6 22.4 13.6 13.6 13.3 13.5 13.3 13.3 13.7 14.1 13.8 12.8 13.5 14 14.6 14.5 14.4 14.3 14.3 13.9 13.7 13.7 13.6 13.2 13 13.2 13.4 13.5 13.7 13.6 13.2 12.9 12.9 13.3 13.4 13.5 13.2 13 13 13.3 13.3 13.3 13.3 13.2 13.4 13
46.9 47.9 48.8 49.8 51.7 54.3 55.6 54.9 50.8 49.8 51.6 51.2 55.2 55.2 54.3 53.6 55.5 53.7 52.4 52.6 52 48.9 55.1 53.7 51.6 51.1 49.2 50.1 50.3 50.8 48.9 47.7 47.6 41.3 37.4 36.6 35.8 35.3 35.1 36.6 37.6 33.4 15.6 14.5 14.1 13.7 14.1 14.2 14.6 14.7 14.7 14.1 14 14.4 14.6 14.9 14.8 14.7 14.6 14.3 14 13.8 13.7 13.1 13 13.3 13.5 13.4 13.4 13.2 13 12.9 12.9 13.2 13.4 13.5 13.3 13.1 13.2 13.4 13.2 13.1 13.2 13.1 13 12.9
52.3 52.9 55.6 57.4 59.3 61.3 61.9 58.4 58.3 58.5 60.7 59.7 60.8 60.5 60 61.1 59.1 57.7 57.3 57 57.7 56.2 61.1 60.2 58.5 59.3 58.3 57.7 57.8 55.6 54.1 51.3 50.9 49 46.7 42.2 40.5 39.6 38.7 38.2 37.9 34.5 20.6 16 14.9 13.6 14.5 14.6 14.6 14.7 15.1 14.9 15.2 15.4 14.6 14.7 15 15 14.9 14.7 14.3 14 13.8 13.1 13.1 13.4 13.7 13.9 13.4 13.1 13 13 13 13.2 13.4 13.4 12.9 13.2 13.4 13.4 12.9 13.2 13.1 13.1 12.9 12.6
61.6 62.6 63.1 65.2 67.4 67.2 64.6 63.4 64.3 63.2 63.9 62.9 65.6 64.9 65.8 65.6 64 64.5 63 63.5 66.6 67.5 61.6 66.7 65.6 65.7 63.8 63 62.6 60.1 58.6 57.6 56.4 54.1 51.6 48.5 46.5 44.7 41.4 39.8 37.4 31.9 30.2 25.9 14.4 13.9 14.9 14.7 14.6 14.8 15.2 15.6 15.7 15.4 15 14.8 15 15.1 15.3 15.1 14.7 14.3 13.8 12.8 13.2 13.6 13.8 13.8 14.1 13.7 13.2 13.1 13 13.2 13.3 13.3 12.9 12.9 13 13.4 13.5 13.5 13.3 13.9 13.4 13
71.8 70.8 70.7 70.2 70 67.7 64.8 65.2 66.2 66.9 67.7 67.3 70.3 70.9 69.5 71.2 70 72.2 68.2 69.9 72.5 72.7 65.6 71.2 71.8 71 67.4 67.1 67 65.4 64.6 63.3 62 60.7 58.1 55.5 53.3 50 45.7 42 39.2 35.1 33.8 32 22.8 14.8 15.3 15.1 14.5 14.8 15.3 15.8 15.9 15.7 15.8 14.9 15.1 15.3 15.6 15.2 14.7 14.3 13.9 12.7 13.3 13.7 13.9 13.9 14 13.9 13.8 13.4 13.1 13.1 13.2 13.2 12.9 13.2 13.4 13 13 13.4 13.7 13.4 13.2 13.2
77.1 76 74.5 73.3 72 69.8 70.6 71.5 72.3 71.6 71.6 74.3 76.1 76.5 75 76.9 75.1 77 74.1 75.3 76.4 73.5 71.3 75.2 75.3 73.1 72.1 72.4 71.4 70.7 69.5 68.5 67.1 65 62.3 58.5 55.6 52.5 47.6 45.5 41.9 38.2 36.2 33.9 30.8 23.8 15.6 15.5 14.9 15.3 15.7 15.8 16.1 16 15.7 15.3 15.6 16 15.6 15.2 15 14.6 14 12.9 12.9 13.8 14 14.2 14.5 13.9 13.8 13.5 13 12.8 13.1 13.3 13.1 13.1 13.1 13 13.2 13.1 13.3 13.1 13.3 13.4
81.1 79.9 80.7 79.8 78.7 78.1 79.5 78.3 76.3 75.8 77.8 77.2 78.9 81.1 82.2 82.6 78.9 77.5 75.9 76.3 75.8 70.8 71.8 76.7 77.5 76.1 76.6 75.5 73.6 72.8 71 68.6 67.5 65.9 63.2 60.6 57.6 54.6 51.3 48.3 45.9 44.9 40.3 37.3 33.5 30.4 24.6 17 16.9 15.8 15.7 16 16.2 16.5 16.4 16.3 16.5 16.1 16 15.9 15.2 14.5 14.1 13.3 13.1 13.7 14.1 14.7 14.7 13.8 13.4 13.2 12.5 12.5 12.7 13.1 13.5 13.5 13.4 13.4 13.7 14.4 13.2 13.2 13.4 14
88.2 89.4 89.2 84.7 84.9 84.5 85.1 83 80.4 81.4 80.8 82.3 84.7 86 84.5 83.2 80.4 78.4 74.7 74.9 71.8 69.6 71.8 76.6 78.6 78.9 78.6 77.3 77.8 76.6 74.6 72.2 70.7 68.2 65.1 61.6 58.9 54.4 52 48.6 47.1 45.3 43.6 41.2 37.1 33.2 25.8 26 22.8 17.2 15.6 16.2 16 16.2 16.9 16.9 16.7 16.3 16 15.9 15.1 14.6 14.3 13.7 13.3 13.5 13.8 15.3 15.5 15.6 14.7 13.6 12.7 12.7 12.9 13.2 13.2 14 14.5 15.1 14.9 15 14.9 15.1 16 17
94.9 94.8 91.3 88.6 89 89.6 88 86.8 86.9 86.2 89 90.7 89.9 88.8 86.6 83.5 79.8 76.8 75 74.4 73.3 73 76.2 80.3 82.8 82.3 82 81.3 80 80.1 77.1 74.3 72.6 69.9 66.9 62.9 59.5 55.9 52.9 49.9 46.6 44.2 42.1 37.9 33.8 31.8 30.2 29.6 27.6 21.6 16.3 16.2 16.5 16.8 17.2 17.2 17 16.5 15.9 16 15.2 14.5 14.1 14 13.9 14 14.4 16.2 17.7 17.5 17.2 16.9 16.3 14.6 14 14.9 15.1 17 18.6 19.3 18.7 18.6 18.9 18.6 18.9 20.5
98.8 97.7 93.4 94.7 93.5 92.4 91.9 91.3 91.2 90.3 92.9 92.6 91.1 86.8 85 82.4 78.8 76.9 78.6 77.6 77.4 78.7 82.3 84.7 84.9 84.8 84 81.9 79.8 79.2 76.6 72.9 70.4 68.6 66.5 62.8 59.8 58 55.6 52.2 49 45.1 41.9 39 36.6 34.4 32.2 31.2 30.3 26 22.1 20.2 26.2 23.7 17.5 17.5 17.3 16.8 16.6 16.3 16.5 15.3 15.2 16.6 17.5 18.7 20.1 20 20 21.4 26.9 28.7 25.1 23.7 24.5 27 26.9 26.5 27.1 28 27.8 27.7 27.6 27 25.7 24.8
99.4 96.6 94.8 97.1 96.3 95.7 95.2 95.5 94.6 95.6 94.6 91.7 89.1 86 84 80.6 81.1 79.6 81.7 81.4 81.4 84.4 85.5 85.1 85.9 86.2 85 81.8 79.5 79.1 79.2 79.1 77.7 74.4 70.3 68.6 66.5 63.7 59.5 55.5 50.4 48.1 44.8 42.3 39.5 37 35.1 33.5 33.1 30.3 27.7 29.5 34.9 29 19.4 20.1 21.1 21.6 22.6 22.6 22.7 22.5 22.4 23.1 23.7 24.7 25.2 24.3 22.5 30.2 33.3 34.7 35.6 34.2 33.6 34.3 34.6 34 33.5 34.1 33.8 33.1 32 30.7 30 29.5
99.1 96.7 98 99.1 98.9 97.3 97.3 97.3 96.2 95.6 93.4 91.3 89.4 88 85.4 83.6 82.6 81.2 85.1 87 87.3 87.1 87.3 86.6 87.9 89.8 88.2 85.8 83 82.9 82.9 81.4 79 75.5 75.2 72.9 68.3 63.5 59.2 58.2 55.2 52.5 49.4 47.8 46 42.8 40.4 37.5 36.4 35 34.2 34.1 33.1 25.1 25.3 28.2 28.8 29.5 29.8 30.3 29.7 29.2 29.5 30.2 30.9 30.8 30.6 28.8 29.1 29.3 33 34.9 37.9 38.4 39.5 39.1 38.7 38.3 37.1 38.1 36.9 36.6 35.8 37.6 37.4 37.3
102.5 98.6 98.6 99.8 100.9 98.8 98.1 96.4 95.9 94.1 92.7 91.8 88.5 85.9 82.3 85.4 85.1 84.1 87.7 92.3 93.8 92.6 92.3 91.5 90.5 90.1 89.6 87.1 84.7 83.9 82.6 82.3 82.7 82.9 82.3 76.3 71.4 68 64.6 63.3 61.1 60.8 60.1 58.3 56.3 55.3 54 52.6 51.5 48.4 45 40.4 33.6 22.6 34.1 35.7 36 37 36.9 37.3 37.9 37.7 37.7 38 37.7 38.1 37.2 36 33.4 33.9 34.8 38.4 42.4 43.8 44.3 44.4 43.9 42.9 41 41.9 43.3 45 45.6 45.4 46.7 48.4
105.4 104.2 101.2 103.7 102.1 97.7 96.1 97 94.8 91.3 88.6 88.6 86.9 87.7 88.3 88 88.5 87.5 87.6 91.2 93.2 95.6 95.7 94.5 92.3 91.6 91.4 89.3 87 85.2 85.6 86.3 85.4 84.2 81.7 77.9 75.4 72.5 72 70.9 69 67.5 67.5 67 66 65 62.2 59.2 56.2 51.8 47.3 42 28.1 34.3 38.2 40.2 42.8 45.6 46.5 47.3 48.2 49.6 50.3 49.5 49.3 49.4 47.9 43.2 37.3 38 41.4 46.2 48.2 48.8 49.5 49.2 47.7 45.9 44.4 43.6 49.1 54.5 55.1 56.5 57.1 57.2
109.4 106.2 105 103.9 99.6 100.9 101.8 101.7 100.5 96.9 97.3 97.1 95.6 94.1 92.7 90.8 90.6 88.4 86.1 86.2 88.8 91.4 90 89.8 91.3 92.3 92.3 93.6 93.8 91.1 89 86.7 86 83.5 81.8 80.6 78.4 78.1 78.4 78.1 78.4 78.3 76.3 73.1 69.8 66.2 63.2 60.1 56.6 51.8 47.6 41.6 24.7 39.2 48.6 54.8 57.2 56.8 57.4 57.6 57.7 58.8 58.2 56 54.7 51.4 49.3 44.6 40.7 43.5 48.2 51 51.7 52.5 52.8 51.5 48.7 46.5 44.3 43.2 44.6 49.7 53.5 55.2 55.9 55.6
109.5 107.2 105.3 103.2 104.4 104.5 104.7 104.4 102 101.2 102.4 100.4 98.3 97.1 95.3 92.8 91.9 89 87.3 86.2 86.5 88.5 92.3 93.9 93.4 93.1 93.2 93.5 95 94.1 92.5 90.9 89.9 89.6 88.6 87.9 89.3 87.3 83.3 81.4 80.6 78.3 75 72.2 68 66.7 64.4 63.3 59.9 57.1 51.9 46 24.2 42.6 57.9 61.3 60.7 57.9 55.1 54.2 53.2 51.4 49.3 46.7 44.2 43.6 45.1 43.1 44.6 49.4 52 53.2 53.9 51.9 50.9 49 45.7 45 45.6 46.5 50.4 54.4 56.7 58.8 58.8 58.6
