WholeMapElevations/data/nh/nh60_OST50GRID_20230518/NH60.asc
ncols 200
nrows 200
xllcorner 260000
yllcorner 800000
cellsize 50
[rows 105 to 139 of 200, columns 78 to 155 of 200]
855.3 860.2 867.9 875.4 881.4 889.9 895.7 901.2 906.5 909.6 912.4 912.4 910.3 912.3 914.1 915 916.4 914.3 907.2 900.8 891.6 881.7 875.5 867.8 858 853.4 850.3 844.5 842.4 839.2 837.4 833.7 827 817.9 807.4 817.7 821.7 825.1 837.3 836 833.2 830.1 823.9 814.7 808.7 806.4 807.8 808.5 810.2 814.6 817.1 819.9 826.7 833.8 837.9 839.2 839.1 837.9 836.7 833.3 828.5 819 814.2 827.3 833.1 838.6 844 846.8 847.2 846.6 844.5 841.9 837.7 825.7 817.8 824.3 830.4 837.3
859.6 866.8 874.1 880.9 886.7 894.1 900.1 905.5 909.6 912.8 912.3 910 907.6 909.6 912.1 913.2 913.1 909.7 903.5 900.3 889.5 879 873.1 862.9 857.1 853.9 849.4 845.1 843 839.2 835.5 830.4 822.9 813.6 802 806.2 808.6 814.7 824.3 821.4 819.9 817.8 810.2 800.2 791.6 792.4 795.8 797.8 804.2 809.4 813.6 819 825.1 833 838.2 839.3 838 835 832 828.1 823.7 817.4 814.2 826.9 832.5 838.4 844.8 847.9 848.2 847.4 844.8 840.1 829.1 818.8 827.3 838.4 844.6 850.3
865 872.6 880.2 885.5 890.4 897.2 904.1 909.2 914 914.3 911.7 907.2 905.5 905.6 909.2 910.9 909.3 905.4 899.4 893.9 883.6 874 868.3 861.2 856.4 854 850.8 847.7 843.9 840.4 837.8 833.9 827.5 814.2 805.6 791.2 796.4 803.9 809.8 801.4 798 794.6 792.3 783.8 774.9 781.8 783.2 792.2 800.5 807.1 813.3 818.6 825.9 832.9 838.9 839 836.8 833 828.8 823.5 818.6 811.5 816.2 827.1 834.2 840.6 845.8 848.6 849.9 848.2 845.3 835.9 828 819.1 837.5 845.3 850.5 856
870.5 878.1 884.9 889.8 894.5 900.1 906.9 913.4 917.5 917.4 913.2 910.6 908.3 906.2 904.6 905 904.9 901.3 896.8 888.4 879.6 872.9 868.4 861.9 857.9 856 852.8 848.9 845.7 841.3 839.7 839.6 833.4 823.6 812.1 797.8 780.1 790.9 797 785.6 780.3 770.8 770.6 766.2 764.6 770.4 778.5 789.3 797.5 806 813.8 820.1 827.7 835.5 841.2 839.5 835.5 830.7 825.6 818.7 813 804.3 816.3 826.5 835.7 842.4 846.8 849.2 850.7 848.6 845.2 835.6 824.8 822.9 841 849.4 854 858.1
875.2 883.1 888.9 894.5 899.2 904.7 909.5 914.4 918 918.5 918.4 916.1 911.9 905.3 899.8 899.6 901.2 899 894.4 887.5 881.4 872.7 866.2 863.4 862.4 858.9 855.7 852.6 849 845 843.1 844.2 838 833.4 819.4 804.9 786 772.8 781.9 774.3 765.2 756 752.4 751.8 754.2 762.4 775 786.6 797.1 806.7 815.6 821.7 828.5 837 841.2 838 833.1 826.7 820.7 812.9 807.3 799.4 815.1 826.9 837 844 848.1 851.8 850.4 846.7 841.8 835.1 819.7 828.6 841.9 848.8 852.4 858
878.8 886.5 892.8 898.4 903.9 907 908.8 912.6 917.6 919.7 918.9 917.4 912.3 903 896.3 896.2 898.2 896.3 892 887.6 882.8 875.5 867.7 866 865.7 862.7 859.4 856.3 852.6 848.1 847.2 846.3 840.2 835.5 824.6 810.3 795.8 781 763.4 760.5 756.7 746.9 741.3 741.3 744.8 757 771.6 785.4 799.8 810.9 815.3 821.4 827.8 835.6 837.3 834.3 829.1 821.2 814.7 807.5 800.3 802.9 815.9 827.3 837.2 845.5 848.7 849.7 848 842.2 836.6 829.7 820.3 830.8 839.8 846.3 850.8 857
882.4 888.3 896.3 901.3 902.1 904.5 907.3 912.8 915.8 917.2 917.6 916 909.8 901.4 895.3 892.4 894.6 893.3 889.7 887.2 880.8 875.1 870.7 869.5 868.9 867.1 866 863.2 858.2 852.6 849.6 847.2 842.2 837.2 825.6 812.1 804.4 792.7 780.7 762.3 747.5 739.8 735.8 733.5 737.1 749.5 764.4 783.9 798.5 808.3 811.7 819.3 824.6 829.8 830.8 827 819.5 813.5 806.5 800.2 789.2 804.2 817.1 827.4 835.8 843.4 846.7 846.7 844 838.7 830 822 822.7 828.8 837.4 843.7 850 858.1
882.7 888.2 894.7 899.2 901.3 902.8 905.6 908.2 909.4 909.6 912.2 912.4 907.8 900.3 893.8 890.5 891.1 890.1 886.9 885.7 880.9 876 874.1 875.7 874.7 872.5 871.3 868.3 864.1 857.5 852.4 848.3 846.7 840.3 823.7 818.5 809.5 799.8 789.2 771.3 756.3 745.9 733.8 724.3 730 739.6 749.1 768.6 777.8 790.9 808.6 814.7 812.6 813.4 811.4 811.6 806.9 801.7 796.8 791 790.3 805.9 817.2 826.7 834.5 839.3 841.6 841.7 837 833.7 822.4 821.1 823.9 829.9 836 842.5 850.4 859.3
881.8 890 896.4 899.5 905 904.6 904.8 905.1 905.9 906.5 907.2 907 905 899.2 893.5 890.3 889.1 886.6 885.1 884.8 880.6 876.4 875.8 878.1 876.9 875.1 873.3 870.4 867.6 862 854.8 848.8 851.8 838.9 827.6 824.2 811.8 801.2 791.4 775.3 759.4 746 735.8 728.7 717.3 728.5 736.8 740.3 750.1 780.1 794.7 797.2 793.6 791.7 793 793.9 791.1 788.1 785.2 774.9 792.9 805.8 817.4 825.7 831 834.4 834.6 834.3 830.2 826.7 821.7 822.2 826.3 831.6 838.1 845.2 854.2 862.3
883.3 890 895 900.6 902.4 903.8 902.8 902.2 901.4 903.3 903.4 900.8 900.9 896.6 890.9 888.7 886.2 883.9 883.1 883.1 879 878.3 877.2 878 875.4 874.7 873.2 870.9 870 863.2 856.8 854 850.2 836.2 831.5 825.6 813.9 803.2 791.5 778.4 761.3 745.1 734.3 727.8 721 717.4 722.5 725.9 733.9 753.5 767.7 779.7 777.3 776.1 776.6 777.1 775.4 775.8 774 778.9 794.5 805.5 816.3 822.5 826.4 828.4 826.5 823.3 822 820.7 820.3 822.4 828 834.8 841.9 850.5 858.9 866.8
889 892.8 894.3 898.7 898.7 897.3 896.6 896.3 896.4 896.8 898.8 898 897.1 893.3 888.8 886.2 883.2 882.4 881.5 881.5 879.4 879.3 877.2 877 875.3 874.3 873.6 870.5 869.6 861.6 853.9 859.8 845.9 836.7 830.2 823 814.3 804.4 793.9 781.1 765.4 753.5 736.4 727.7 715.2 707.1 708.6 713.3 717.2 731.3 745.8 755.7 754.4 757.7 761.8 763.2 763.1 760.1 770.6 782.8 794.4 804.8 812.9 817.9 820.9 821.4 818.3 818.1 815.8 815.7 819.7 824.1 831.3 839.5 849.8 858.1 866.5 874.1
888.6 894.3 895.7 895.3 893.3 890.1 889.9 890.4 891.1 892.8 894.1 894.2 893 889.5 885.9 883.9 880.9 879.1 879.8 880.5 880.5 879.7 876.8 874.4 872.2 870.7 870.1 870.2 866.7 858.5 857.8 853.8 841.1 834 829.7 822.8 815.3 806.8 797 785 770.1 757.3 743.3 729.2 720.3 712.5 700.8 704.1 707.6 716.5 728.2 742.8 738.4 745.7 751.3 752.9 751.8 762.5 773.6 783.5 792.5 801.6 808.3 812.1 813.2 810.6 811 809.6 812.6 817.2 823.1 828.9 837.1 847.6 857.8 867.1 875.9 882.8
889.1 895.2 896.8 893 888 886.9 884 884.8 886.6 888.1 888.4 888.3 887.1 883.5 881.9 880.1 878.1 878.3 879.6 880.6 881.2 880.6 876 870.2 868.3 864.9 864.9 863.2 862.5 856.9 862.3 852.6 841.9 832.7 826.9 821.4 815.6 809.3 800.6 788.4 777.7 762.7 751.2 735 725.5 714.7 702.2 693.2 697.6 702.7 712.6 724.6 727.9 737.7 741.9 737.6 752.3 765.1 776.2 784.6 791.3 797.6 802.2 804.1 802 799.9 802.4 808.1 814.9 821 828.3 836 844.5 855.8 867 875.8 884.2 890.6
888 890.6 890.8 887.6 883.3 881.5 877.7 878.6 881.4 883 882.8 882.1 880 877.5 876.3 875.4 875 876.5 879.7 881.8 882.7 880.4 874.1 867.2 863.5 862.1 858.4 857.9 857 853.1 855.3 847.2 832.5 830 825.2 817.9 815.3 808.8 802.6 792.1 783.4 772.8 759.7 748.6 734.7 722.2 710.1 695.8 687.8 693.9 701.8 711.5 717.8 728.6 728.5 741.6 753 767.7 776.9 782.9 788.5 793.9 795.5 795.1 791.5 796.9 805.5 812.7 820 827.1 833.5 840.3 851.3 862.5 873.7 882.3 889.7 895.2
884.9 884.4 879.7 879.4 877.1 876.3 874 874 875.7 876.9 876.5 874 873.5 873 872.3 870.7 871.2 875.5 879.9 882.3 882.8 879.9 870.8 864.7 860.8 858.3 854.4 853.1 850.3 851.9 844 833.5 825.1 826 822.5 814.8 811.3 807.8 802.3 795.8 788.2 782.4 773.7 763.3 744.5 728.6 712.8 695.6 684.9 685.5 692.4 702.6 713 714.3 729.1 739.7 752.5 766.5 772.7 780 785.3 788.2 787.1 784.8 789.3 799.9 809.2 818.4 826.6 831.8 838 845.6 855.7 866.1 876.4 882.6 890.3 894.6
877 876.8 869.8 864.4 868.9 869.6 870.7 870.4 870.2 870.7 870.8 869.6 869.7 868.9 868 866.2 869 873.7 878.3 880.3 880.9 877.1 868 862.3 857.7 853.3 850.9 848.2 842.1 841.8 833.5 823.8 825.8 820.2 818.4 807 801.5 802.4 802.7 798.5 794.4 788.7 786.3 777.7 759.2 732.3 709.6 695 682.9 678.1 685.9 698.2 702.2 715.9 723.2 734.2 747.7 757.6 764.9 774.5 778.8 777.5 776.6 782.1 794.8 805.7 816.1 826.8 835.7 840.3 839.4 849.1 857.9 864.8 873 879 882.8 885.6
862 857.5 857.9 848.9 857.2 862.1 863.2 866.5 866.6 867.2 866.7 865.3 864.7 864.3 863.6 862.4 865.5 871.1 876.1 878.8 877.3 872.2 863.6 858.6 855.1 847.6 843.3 832.9 834.3 835.1 824 817 817.7 807.9 803.3 790.7 782.1 793.7 800.1 801.7 796.7 791.2 796.3 784.7 762 728.5 703.5 688.6 677.4 670.6 678.9 690.9 706.8 711 717.2 725.3 737.1 744 756.2 765.7 764.9 763 772.7 787.4 800 812.1 825.9 836.6 845 848.2 844.6 849.4 858.1 863.9 868.3 871.4 873.6 875.1
838.7 837 839.6 837.3 845.3 853.2 856.5 861.9 862.7 861.9 862.9 861.6 859.9 859.5 858.2 858.2 862.6 868.8 873.9 877.1 873.4 868.6 862.3 857.9 852.7 843 837.7 830.1 826.9 824.1 812.7 808 803.8 791.3 781.7 770.9 764.3 781.1 794.8 801.4 791.9 790.2 803.4 776.3 750.1 719.7 698.1 681.3 671.4 661.7 674.4 695 704.7 706.5 708 713.8 719.7 732.5 742.8 749.8 748.8 763.5 777.2 792.1 806.3 821.7 835.1 846.9 854.2 856.5 853.3 846.1 855.1 859.2 860.5 860 861.9 862.2
823.7 825.1 825.3 832.2 841.3 850.4 853.9 857.8 857.3 856.9 857.2 856.9 855 853.6 851.8 854.1 859.6 865.5 871.1 872.5 868.9 865.5 861.2 855 849.7 837.1 830.6 823.8 812.4 805.2 795.3 798.5 793 779.8 762.9 752.4 743.1 757.6 782.5 797 786.6 794 799.2 765.6 736.1 710 689.7 675.6 660.8 659.4 674 693.4 698.1 699.9 700 702.5 708 716.1 727.1 742.7 755.2 769.9 783.9 799.4 816.5 832 845.9 856.8 861.3 861.9 858.5 850.9 850 851.2 850.6 849.8 849.1 849.3
818.7 820.1 821.7 829.5 839.3 845.9 850.9 852.1 849.6 849.3 849.8 850.2 848.9 848.2 846.9 852.2 857.3 862.2 865.5 868 867.6 864.8 859.9 854.4 849.3 838.6 824.9 815.4 801.3 789 780.5 784.4 780.4 766.3 751 733.5 721.9 734.9 759.2 781.9 765.5 793.6 786.1 754.6 723.1 698.4 680 665.5 651.3 654.5 673.8 684.1 688.9 692.1 691.1 693.6 706 720.2 736.1 749.3 764.4 778.8 794.2 811.9 827.1 842.7 855 863.4 864.3 862.4 857.9 850.7 842.7 840.6 839.5 838.9 835.5 836.8
810.4 810.5 815.4 821.6 830.3 838.1 842.6 843.5 841.8 840.1 841.3 842.5 843.3 843.2 843.7 849.7 853.9 858.8 862.8 864.3 865.7 864.5 858.7 853.3 846.9 830 823.8 811.8 802.3 784.3 765.9 767.3 763.1 749.3 737.2 719.1 708.3 712.1 730.7 742.2 739.7 771.8 758.6 733.7 708.4 687.2 670.6 658 638.6 651.5 666.3 671.4 678.6 683 681 693.6 709 724.3 741.9 756.6 775.6 790.7 806.7 822.3 837.3 850.2 860.1 865.4 864.5 860.5 855.3 848.2 838.7 830.5 829.4 828 826.4 826.1
808.2 805.4 807.9 810 814.4 822.1 829.1 830 829.8 827.1 833.1 833.6 835.8 837.4 840.1 845.5 850.4 857.2 860.4 862 863.9 861.5 858.4 851.4 842.8 831 820.7 810.2 800.3 785.7 763.8 745.3 746.7 735.2 722.1 706.9 696.4 697.3 700.6 707.1 716.1 731.4 727 706.6 690 672.4 660.7 646.1 637.6 645.5 653.8 663.3 669.4 673 683.6 698.4 714.4 729.8 746.9 765.8 786.4 802.8 818.8 831.9 844.2 853.8 862.3 863.9 861.7 857.1 851 843 832.6 823.4 821.2 820 817.6 814.8
801.9 801.9 802.2 802.1 802.8 805.9 814.5 817.7 817.5 815.9 823.2 826.4 828.5 828.1 836 842.8 849.6 855.3 859 859.6 858.1 855.5 854.8 850.5 837.2 831.9 820.4 807.5 794 775.1 763.7 743.3 727.9 720.4 708.3 695.8 687.8 686.5 685.1 686 693.3 702.3 698.4 682.3 671.6 660.2 649.1 633.3 637.6 642 651.7 659.7 667.3 677.5 688.8 706.6 722.8 737.9 757.5 779 795.4 813.9 828.7 839.8 848.8 857 861.5 861.2 856.7 851.4 844.3 836.1 825.8 818.2 810.1 809.5 807.2 806.3
794.7 791 791.6 791.7 791.3 792 797.3 802.5 803.3 805.7 812 817.2 818.2 826 832.2 839.9 847.4 853.2 855.8 858.8 857.9 854.9 851.2 844.3 832.8 828.7 813.2 799.6 785.5 766.5 757.2 741.5 722.6 700.3 694.9 686.2 679.5 678.1 676.2 674.3 674.4 678.7 677.1 666.3 658.2 648.2 641.1 625.2 640.2 648.5 655.2 663.7 670.7 681.6 698.4 716.4 733.8 749.5 771.5 793.9 811.9 823.2 835.2 846.4 852.3 857.9 859.2 856.7 851.9 844.7 836.3 825.3 817 811.9 807.3 802.5 801 798.9
776.7 776 775.4 775.2 776.5 779.8 779.2 785.5 791.1 795.1 800.8 806.9 811.8 819.9 828.8 837.8 845.2 853.2 859.2 864.2 863.8 860.1 852.7 839.8 829.7 823.8 804.3 791.3 779.7 767.7 752.6 736.1 720.4 699.4 675.7 675.2 667 665.9 664.2 661.5 659.6 657.5 658.5 656 649.9 638.5 631.1 618 636.9 652.5 660.6 668.3 676.5 690 709.7 727.2 744.9 765.1 788.3 809.9 828.7 839.3 847.5 853 855.6 856.5 855.7 851.7 845.7 836.2 825.3 816.5 811.2 808.6 804.2 798.7 793.3 791.4
757.4 754 757.3 759.3 758.1 760.5 764.4 769.6 778.4 784 791.8 799.4 806.7 816.7 825.4 834.3 843.5 854.3 861.7 865.4 866.3 862.3 852.7 837.3 830.4 819.6 803.3 788.7 778.1 769.4 749.4 728.6 713.9 695.9 677.2 657.3 654.7 646.3 642.2 640.4 640 640.6 645 646.3 637.2 626 617.3 625.7 647.4 654.5 664.4 678.2 687.8 701.8 721.3 741.6 762.4 782.2 805 825.7 841.7 851.3 857.9 860.2 857.7 855.4 852.2 846.8 838 826.2 818.3 813 808.2 803.8 800.3 795.6 787.7 785
733.4 733.7 736.7 739.1 740.6 743.1 751.5 759.6 767.3 775.9 783.7 792.9 801.9 812.2 822.2 833.2 844.5 855.6 863.3 866 867.1 865.3 856.4 840.3 831.8 818.6 797.1 789.3 778.6 768.9 739.5 718 704.5 690.4 672.8 655.8 643.1 632.6 626.1 622 623.3 621.6 626.1 624.5 620.3 613.4 617.2 636.5 648.6 659.2 670.7 689.2 702.3 716 734.3 755.8 776.9 798 819.2 838.1 852.3 860 864.3 862.7 858.9 853.4 848.1 840.8 830.6 819 814.4 809.5 804.4 799.1 794.5 790.2 783.5 779
714.8 713.4 716.1 720.4 719.9 725.5 742 751 760 763.4 776.1 787.8 796.7 806.8 818.9 830.9 845.8 857.4 865.7 871 871.8 869 859.8 846.2 832.4 816.8 796.9 784.9 775.7 758.6 731.4 711.6 695.5 680.1 667.5 647.6 628.6 622.2 615 610 608.3 608.1 610.1 611.3 606.5 603.6 632.5 641.5 654.1 666.2 679.8 693.4 719.4 735.4 741.4 767.9 790.3 813.7 832.6 850.1 860.5 865.4 866.2 862.3 855.7 849.5 843.5 835.5 822.5 815.5 810.6 805.6 799.3 795 789.7 783 779.5 776.4
702.5 703.5 702.8 706.1 710.2 717.2 726.9 740.6 748.9 754.9 767.7 780.9 792.9 803.1 817 831 847.1 859.5 867.7 873.4 875.5 871.3 861.3 848.8 833.8 814.8 796.8 780.3 768.9 747.1 724 705.7 690.8 675.7 653 641.5 625.5 611.6 605.4 603.6 596.8 596.1 598.5 600 603.3 625.4 635.7 649.6 663.5 676.8 691.1 705.5 724.1 750.6 758.6 783.7 805 825.5 845.8 859.5 868.3 870.4 866.3 859.9 853 845.6 837.9 825.4 816 810.7 805.8 801.3 795.6 789.1 783.2 777.8 775.6 772.9
695.4 694 693.3 696.5 703.3 707.7 712.6 728.6 734.2 743.6 758.5 774.6 788.6 799.9 813.3 831.5 849.2 861.1 869.1 875.6 876.9 871.2 862.1 850.4 834.6 815.6 798.2 781.3 761.2 739.8 717.8 701.5 684.1 672.6 651.7 634.9 619.1 606.1 598.1 593.5 590.2 590.8 592.7 599.5 619.3 629 642.6 658.1 672.2 689.5 703.2 720.2 743.4 766.3 772.8 788.2 817.4 836.7 854.4 868 874.4 873.5 866.2 858.7 849.5 841 832.7 821 813.1 807.8 802.7 797.8 792.5 786.1 777.7 773.6 772.3 770.6
692.6 689.4 692.1 691.5 696.9 702.2 707.3 718.4 728.3 734.7 749.7 766.7 780.7 794.5 808.4 833.5 850.1 861.6 870.5 877.3 876.3 869.2 860.1 849.1 832.2 815.9 798.6 778.8 756.5 737.1 714.8 696.6 679.7 667.6 643.9 629.4 613.7 599.6 591.6 586.1 585.9 586.5 591.6 609.2 622.5 634.8 650.5 666.4 683 697.7 721.3 738 762.3 786.4 803.8 803.8 825.3 850.5 866.3 876.2 880.2 875.8 867 857.5 846.4 837.9 830.1 820.9 811.3 805.5 799.9 794.9 789.7 783.2 774.6 771.1 768.2 766
694.3 689.6 687.8 689.1 691.2 696.2 702.2 711.3 718.3 727.6 741.3 760.1 773 787.9 807.2 831.8 850.8 863.5 871.8 876.6 872.6 866 858 845.3 828.7 813.2 792.6 774.2 752.6 733.4 713.6 692.9 678.9 659.9 638.7 622.4 607.3 594.9 583.5 578.7 581.5 587.6 597.3 614 627.1 643.7 659.6 676.2 691 713.1 740.2 760.3 783.2 807.4 824.7 838.5 845.9 863.3 875.9 885.2 886.2 877.4 867.3 855.5 843.4 836.2 828.3 819.7 811 802.7 797 790.8 785.9 779.1 772.2 768.8 765.7 763
696.5 686.9 682.2 681.1 687.1 690.9 695.5 700.2 710.4 722 733.7 750.2 762.5 776.3 802.1 828.7 849.9 864.4 872.2 871.3 866.3 860.5 852.7 838.9 824 807.9 789.1 768.6 753.4 732.9 708.1 691.7 677.2 652.6 632.6 613.2 601.5 589.9 575.3 577.2 581.8 589.7 602.9 617.7 633.3 650.1 668.7 684.6 706.5 735.7 765 787.3 802.8 825 841.2 856 869 877.9 885.1 889.8 886.4 876.1 866.4 854.5 842.2 835 825.7 816.7 808.8 801 794.2 788.1 781.7 776.3 771 768 764.7 762
690 685.4 675.3 677.7 679.8 686.8 690.4 694.9 701.4 714 726.9 740.2 752.7 766.4 791.5 820.7 846.1 860.2 865.9 863.8 859.1 853.6 845.5 833.3 818.7 802.3 785 765.3 747.8 726.5 703.2 686.5 668.8 645.9 625.6 608.6 597 585.5 571.1 574.4 580.3 587.2 604.9 623.1 641.2 660.2 678.1 698.2 727.2 758.7 785.7 813.8 832 841.5 857.8 870.9 880.9 886.5 887.2 883.6 879.6 870.7 861.2 850.8 840.8 832.8 824.1 814 806 797.8 790.4 785 779.2 774.2 769.5 765.8 764 761.7
670.1 668.9 668.1 669.2 677.7 682.1 686 688.5 695.3 705.1 718 730.2 741.9 753.8 774.5 804 835.3 852.2 856.6 854.7 851.4 845.8 837.2 826.9 812.1 795.7 778.9 760 738.9 722.8 699.5 682.4 659.4 637.8 618.2 605.2 592.8 579.4 569.1 570.4 578.8 592.5 610.4 628.2 648.6 670.1 690.4 713.9 747.6 779.8 807.4 835.7 851.4 863.6 874.1 881.8 885.4 885.1 880.7 876.3 871.1 863.6 856 847 838.2 829.2 820.2 810.1 798.8 792.6 785.9 781.7 776.1 771.9 767.7 763.6 760.8 759.3
