UK/data/nt/nt51_OST50GRID_20230518/NT51.asc
ncols 200
nrows 200
xllcorner 350000
yllcorner 610000
cellsize 50
[rows 70 to 104 of 200, columns 0 to 77 of 200]
185.4 176.3 176.1 179.3 184.4 191.3 200.7 209 220.5 222 217.4 218.7 211.8 199.6 186.6 184.7 184 176.1 166.2 158.8 151.8 150.4 151.8 152.7 154.4 155.2 156.1 153.5 150.5 146.1 141.9 134.8 124.5 123.2 129.3 129.6 128.1 127.7 126 123.5 122.3 121.3 117.6 119.2 113.8 116.8 125.5 129.8 128.5 124.6 120.2 114.9 110.8 101.5 86 88.1 98.4 101.4 106.1 110.2 115.6 116.2 113.4 106.3 99.8 96.4 94.1 104.9 106.6 108.4 110.9 113 116.7 121.6 119.5 106.1 121.8 132.6
181.8 174.4 174.7 177.9 182.1 189.9 201.4 212.4 219.6 221.8 220.2 214.3 197 186.3 187.2 188.5 176.1 165.6 158.6 152.6 148.1 148.7 150 156 157.3 159.3 158.3 153.8 150.6 144.8 141 137.9 129.4 125.6 123 118.8 117 118.4 119.4 118.6 118.7 117.8 116.5 110.5 110.5 118.8 126 128.2 126.7 121.9 116.3 111.6 104.4 90.9 89.3 88.9 101.3 104.6 113.1 116.1 117.4 116 112.5 102.5 96.8 97.4 95.5 106 109.1 112.7 117.1 119.2 123.1 124.5 110.1 122.1 133.3 135.8
174.9 171.5 172.7 175.3 179.1 189 197.6 215.5 217.3 218.6 208.8 190.5 185.8 187 190.8 178.3 162.7 158.7 153.7 147.9 147.7 151.6 158.6 160.1 159.6 159.4 154.8 151.9 149.9 144.5 140.1 137 134 131.3 131.2 129.5 125.9 119 114.6 113.2 112.7 117.8 111.2 110.3 111 119.5 125.5 122.5 119 115.9 110.1 104.8 100.4 86.7 88.5 96.6 103.8 108.1 116.3 119.7 119.8 116.1 106.4 99.3 97 96.6 101.1 108.5 113.6 118.3 123.7 129 127 123.6 119.9 134.7 135.9 136.5
169.7 167.6 170.2 171.3 175.3 187.2 201.4 207.7 212.6 198.3 184.8 184.3 189 186.1 178.1 158.6 154.5 149.4 149.1 150.4 157.1 161.9 162.9 162.5 161 157.9 153.3 149.9 148.5 143.5 141 137.4 134.2 132 130.1 127.5 124.1 122.1 120 115.3 112.2 107.4 109.6 109.4 110.2 116.7 118 116.9 113 109.2 103.4 98.6 89.1 87.5 89 100.8 106.6 112.3 117.2 118.3 117.6 113.4 105.3 98.1 97.6 97.1 102.9 111.4 120 125.5 130 131.1 129.3 116.6 131.6 138.5 138.3 137.2
165.9 165.2 166.1 167.1 170.9 183.1 189.2 188.5 185.2 182.4 182.9 185.7 177.5 172.6 153.8 150 147.6 147.9 150.9 164 164.8 163.7 165.1 162.5 159.2 153.5 148.9 147.5 143.7 142.8 140.1 137.3 133.8 130.5 126.5 123.9 122.8 122.1 120.5 116.4 110.8 103.4 108.7 109.1 108.6 111.4 110.5 110.4 107.9 102.5 97.7 89.7 88.4 92.9 94.4 103.9 113.5 112.7 114.3 114 115.3 111.1 104.5 99 98.1 97.7 98.2 114.2 124.1 128.8 132.4 132.2 129.2 123.9 117.8 135.6 138.7 139.3
166.1 162.3 162 162.9 163.5 167.5 169.7 173.1 178.8 180.9 178.4 172.7 166.7 151.9 147.1 145.7 145.3 148.6 160.5 167.8 167.5 165.4 164.2 160.5 154.9 152.9 149.1 145.7 143.7 142.5 139.7 136.6 133 129.4 124.5 122.7 122.3 120.4 117.7 109.9 109 103.2 106.7 107.9 107 105.9 104.6 105.9 104.1 97.1 90 89.6 93.6 93.5 102.6 106.7 106.2 106.8 109.6 115.5 114.7 109.6 104.2 99.5 98.4 99.1 99.1 118.1 129.9 133 135.1 134 130.4 127.2 128.8 129.9 140.3 140.9
166.4 162.6 158.5 158.4 157.7 159.2 163.4 175.2 174.3 169.8 163.5 156.4 150.6 145.1 141.5 143.8 144.5 154.1 165.6 170.3 169.2 164.2 161 157.6 155 150.9 148.6 145.4 143.6 141.3 139.7 136.1 133 128.4 124.5 122.7 119.4 118 110.6 109.5 108.9 100.9 100.9 100.1 98.8 99.4 101 104.8 102.2 90.2 88.1 93.3 93.4 93.6 95.5 101.3 104.2 106.8 113.4 115.3 111.7 106.5 101.6 100.4 99.2 99.6 103.7 122.5 132.2 137.2 137.4 136.5 134 131.3 125.1 138.4 141.7 142.8
163 161 158.5 157.5 155.7 155.1 156.6 158.7 158.6 153.8 151.2 142.6 137.5 136.1 133.4 139.5 151.3 162.2 166.7 170.6 164.8 161.4 158.9 157.2 152.2 151.4 147.4 144.5 142.3 140.7 138.6 134 130.1 126.8 123.6 120 118.7 115.6 110.4 109.5 109.2 108.8 104.1 104.3 103 96.8 91.4 93.3 90.9 88.6 92.8 93.1 93.5 93.6 96.6 100.1 105.4 109.5 111.7 109.7 105.6 103.1 101.7 100.8 100.6 100.6 111.6 126.5 135.8 140.5 141.7 139.6 137.2 125.6 137.8 144.1 144.6 146.1
161.9 159.2 157.6 156.5 155.5 153.8 152.4 151.9 151.7 150.3 152.3 149 135.2 129.4 132.1 138.8 159.3 162.4 169.5 166.1 160.8 158.3 157 153.5 151.1 150.4 145.5 143.6 142.6 139.7 134.9 131.3 128.5 126.6 124.1 122 117.8 111.6 111.2 110.8 110.7 110.4 106.6 105 103.4 105.4 96.4 91.5 90.7 90.8 93.3 93.5 94.3 95.7 97.1 99.6 105.2 110.7 112 107.1 105.5 100.7 102.2 102.2 101.7 101.8 115.7 129.5 139.6 144.3 144.4 142.6 139.1 134.2 143.2 147 148.4 151.1
162.7 162.3 161 159.7 158.4 156.7 154.6 153 152.1 152.6 155.1 147 137.7 128.1 134 140.3 158 162.6 164.7 161.1 159.2 156 154.8 149.7 148.2 145.8 144.9 143.3 141.1 137.4 133 130.2 128.3 126.6 123.7 121.8 121.2 120.4 111.6 113.3 110.1 110.3 105.3 104.2 102.7 93.5 91.3 91.1 90.8 94.2 94.4 96 98.6 100.1 98.9 101.2 106.8 106.7 113.2 109.4 103.7 106.3 104.5 102.9 102.4 106 121.6 134.9 145.6 147.7 145.2 141.2 132.7 143.5 148.3 150.4 153.7 157.4
165.5 163.6 161.6 162.2 163.1 158.3 156.1 155.4 156.5 156.8 152.8 144.2 136.2 124.5 132.6 137.5 152.1 159 158.3 156.1 153.8 150.8 148.7 147.5 147 145.9 146.2 145.6 140.4 135.6 134 131.5 129.2 125.2 124.5 120.4 120.5 119.1 117.4 110.6 110.4 108.5 104.5 99.7 94.8 91.5 91 92.5 93.1 99.1 98.4 100.3 102.7 102.5 100.4 100.7 104.3 110.6 107.5 108.9 113.5 112.3 108.5 106.2 105.9 113.6 126.9 140.6 148.1 148.8 143.4 131.5 142 148.3 152.4 155.7 159.4 162.5
163.5 161 158.1 162.5 160.6 159.1 159.1 160.9 158.9 154.2 147.5 140.7 136.5 125.5 126 133.5 147.1 152.5 154.6 150.8 148.8 148.3 147.5 142.3 139.6 138.5 139 141.8 135.9 135.3 134.1 131 128.9 125 121.1 120.4 119.8 119.4 110.9 110.7 110.8 104.4 93.3 94.6 94.8 89.3 93.2 99.9 104.9 107 104.2 105.4 105.4 103.2 100.8 101.8 111 111.7 107.6 116.3 117.9 115.8 110.5 111.4 113.7 120.2 134.3 145.5 151.5 148.2 143.5 132.4 145.2 151.1 155.2 159.2 163.8 173.1
160.9 157.6 156 160.1 159.5 161.6 164.3 159.1 153.7 148.2 142.5 139.5 136.7 128.6 119.6 126.7 135.1 141.3 143.5 146.1 145.4 145.8 138.2 133.5 133.2 132.7 132.6 135.1 133.4 132 128.7 125.7 124.2 122.5 120 119.7 119.8 117 112.8 110.4 103.4 93.8 93.3 92.8 89.3 97.9 102.2 106.6 114.4 114.5 111.3 110.5 108.5 107.1 104.5 109.9 111.8 107.6 110.1 117.7 117.2 113.6 112.4 115.1 120 129.4 136.2 143 148 147.8 142.4 134.6 148.3 152.7 156.2 160.3 172.3 179.5
158.3 153.9 153.5 158.4 157.9 159.6 159.2 152.4 146.3 143.4 139.6 136.7 132.8 126.6 120.6 123.2 126.3 132 135.2 136.7 136.5 138 132.7 129.6 128.9 128.4 128.7 129.8 126.7 123 118.3 119.4 119.2 119.6 119.5 118.9 109.3 107.9 106.4 100.1 93.3 93.6 92.8 89.4 97.6 106.2 114.3 116.7 121.3 121 119.6 118.2 116.3 116.5 112.4 112.7 113.6 110.6 110.9 112.8 114.3 118.4 119.6 117.9 121.3 128.6 138.5 143 147.5 146.7 138.6 144.5 150.1 152.9 158.5 168.9 179.2 185.7
156.3 153.7 155.4 155.4 157.2 158 151.6 144.3 141.9 135.7 131.9 129.3 127.6 118.7 118.9 117.7 119.4 125 130.1 129.2 130.5 132 128.8 125.5 124.8 124.2 123.7 120.4 115.7 112.9 111.9 113.9 113.5 112.4 105.6 105 98.3 94.3 94.3 93.8 93.7 89.7 96 99.4 107.8 118.4 129.5 134.5 136.2 131.9 129.9 130.4 128.3 124.2 120.8 117.4 115.4 114.6 110.4 112.1 117.1 122.7 124.9 125.6 128.6 134.3 141.8 150 148.2 140.2 142.8 147.3 149.2 155.2 164.8 177.9 184.9 190.4
154.4 153.3 153.2 153.2 150.2 147.8 142.1 137.8 133.1 129.4 125.7 121.9 120.8 116.3 118.9 115.5 114.6 118 124.5 124.9 126.5 127.8 124.7 122 120.9 119.6 119.1 116.5 111.1 102.9 106.2 109.2 105.6 103.5 97.6 93.4 93.3 93.4 93.6 89.7 98.1 98.7 101.5 106.6 122.2 137.8 146.4 148.8 148 142.7 139.1 136 133.2 130.3 128.2 124.9 120.8 118.6 121.1 111.6 114.9 126.2 129.8 132.7 135.9 140.5 145.7 149.2 143.3 143.4 147.9 147.6 150.5 158.5 172.2 181.6 188.9 191.6
153.6 151.1 150.7 146 142.6 140.2 136.1 128 122.9 121.5 118 117 116.2 114.8 116 115.4 113.8 111.9 115.7 119.6 121.5 121.7 119.4 118.2 118.6 113.2 113 112.4 100.1 99.5 99.3 97.5 94.5 93.9 93.1 93.5 93.2 91.6 89.8 98.7 99.7 101.4 111.2 123.9 143.2 154.6 155.9 154.8 153.7 148.4 142.4 139.4 136.8 134 131 128.2 124.7 124.3 125.7 112.9 115.1 128.6 133.2 135.5 138.8 145.6 148.9 146 143.1 147.8 148.7 149.2 152.1 162.5 176.5 184 189.5 193.2
152.3 148.2 144 138.6 135.8 132.6 125.7 119.9 116.4 113.6 113.4 114.1 114.6 116.1 118.6 121.7 120.7 116.9 108.8 114.5 112.6 112.3 112.3 110.3 101 97.2 99.1 97.2 96.4 97 94.3 93.6 93.5 94.2 93.5 93.2 89.8 97.9 98.7 100.8 107.6 116.1 129.4 144.8 160.4 162.7 163.3 159.6 154.9 149.2 144.9 141.9 140.6 137.1 134.4 131 129.1 128.9 130.5 113.6 115.8 128.3 131.7 135.7 140.7 147.9 144.2 144.2 148.3 150.1 153 149.7 154.9 168.2 180.9 189.3 194.4 200
146.3 139.7 136 133.8 129.5 124.4 119.7 115.7 114.1 112.6 112.8 113.5 120.1 124.2 126.8 123.5 117.5 111.4 108.7 109 109.9 106.1 96.8 95.7 95.1 94.3 95.6 95.6 95.5 95.7 94.7 94.1 93.8 94 93.6 89.9 99.1 99.1 102.1 110.4 119.3 134.5 149.7 160.5 165.7 166.8 165.3 161.1 156.2 150.7 147 145.1 142.3 139.1 138.6 134.6 132.8 131.8 133.8 118.8 117.2 126.8 131.5 137.1 145.2 144.7 145.1 148.7 150.8 156.1 154.7 149.6 157.9 172.5 185.3 194.7 200.7 202.6
140.2 133.7 131 124.5 121.6 119.1 115.9 113.9 112.8 114 114.7 121.9 128.6 129.3 127.5 120.4 108 107.3 107.2 101.1 97.6 96.2 96 95.8 95.3 95.8 95.3 91.2 96.2 95 93.6 91.4 91.2 90.6 98.1 98.9 100.5 103.9 114.1 122.4 135.4 153.4 165.1 169 169.5 169.5 167.1 162.8 157.4 153.1 149.5 146.3 142.9 141.8 139.8 138.2 136.2 136.2 138.6 133.1 117.2 121.9 131.4 140.4 143.4 145.2 150.4 151.5 158.3 161.7 153.8 149.1 160.9 177.1 191.8 198.3 202.7 202.9
132.7 127.6 124.3 119 116.8 113.7 112.4 111.5 111.8 116.4 121.1 127.8 129.5 123 113.3 107 103.5 100.2 97 97.1 96.2 96.1 96.2 96.1 96.8 92.6 96.9 95.2 95.3 95.2 94.9 94.8 94.9 100.5 101.6 103.2 105.7 111.7 123.4 136.6 153.3 162.5 169.5 173.2 174 172.9 168.8 164.4 160.4 156.1 152.6 149.6 146 143.7 142.1 140.4 141 143.8 144.2 135.6 119.4 117.2 131.4 136.6 144.3 149.6 153.6 156.5 160.2 163 155.2 150.5 163.8 179.1 190.8 199.2 204.7 205.3
126.3 121.1 119.6 116.9 115.5 113.8 111.9 110.5 112.4 119.6 126.6 125.1 117.1 106.5 97.4 98.1 98 97.3 97.2 96.8 96.4 96.3 96.6 93.4 92.4 96 95.6 94.8 95.1 94.8 94.9 91.9 98.5 102.1 103.1 106.7 111.9 121.7 135.9 151.3 159 169.3 178.3 180 178.4 174.8 171.1 167.8 163.5 160 156.6 153.5 149.8 147.1 145.1 145 148.4 151.1 149.6 140.4 125.8 117.9 125.7 131.3 142.1 150.6 154.9 157.8 160.2 163.6 158.2 152.7 165.9 182.4 191.7 197.3 200.6 202.5
128.4 121.7 121.6 117.6 115.3 114.3 113.1 110.3 112.3 118 112.1 106.5 104.2 99.5 97.5 97.4 97.1 97.1 97.2 96.7 96.7 96.6 93 94.7 98 96.4 95.2 96 95.5 94.3 98.1 101.3 105.5 106.6 108.4 113.8 122.5 131.5 142.8 155 168.8 179.8 185.7 185.1 182.2 177.6 174.4 171.6 167.8 163.8 160.1 156.8 153.7 148.6 149.5 152.1 153.2 152.1 150.9 144.1 131.6 120.9 128.7 135.8 142.4 150.2 154.8 159.1 162.5 166.7 161.9 157.8 169.1 179.2 186.8 191 195.4 196.1
130.7 129.6 123.1 116.9 114.5 113.7 113.5 110.1 107.7 107 105.8 104.9 97.6 97.8 97.6 97.5 97.4 97.3 96.5 93 93 93.1 104.1 99.9 98.9 98.2 98 97.6 97.5 98.3 102.7 104.8 110.7 113.3 116.9 125.8 134.1 140.3 153.4 170 183.4 188.7 189.3 186.8 183.9 180.8 178.1 175 172.1 168.1 162.5 159.9 153.2 152.4 153.5 155.1 153.4 149.6 145 137.4 131 122.3 127.5 136 143 148.9 155.6 159.4 163 168.1 166.6 161.7 168.2 175.5 182.1 188 189 187.7
131.7 128.1 123.1 117.3 115.7 112.8 111.7 107.2 105.8 102.6 101.8 98.4 98.4 97.9 97.7 94.3 93.7 97.2 96.8 96.8 96.9 105.3 103.2 102 101.9 102.1 103.4 105.7 107 106.8 109.7 112.1 114.6 118.2 128.5 138.2 147.2 154.4 168.6 184.6 193.1 194.9 191.1 191.5 187.5 185.8 182.4 178.5 173.7 168.2 164 159.1 155.8 156.8 156.6 155.3 152.3 145.7 138.9 133.2 128.8 120.5 125.1 133.2 141.6 152.1 157.5 160 163.8 167.5 172.5 170.2 170.7 175 182.2 188.9 191.6 190.4
134.6 129.8 125.1 116 111.4 108.6 108.5 107.8 104 102.7 100 94.8 94.8 94.5 97.4 97.5 97.5 97.4 97 99.8 106.5 105.5 105 105.3 106.9 109.8 111.1 112.9 111.6 112.5 114 114.7 115.9 129.9 139.5 150.5 163.1 174.8 183.7 193.9 196.7 195.4 195.5 195.7 193.1 190.7 184.4 178.9 172.7 168.1 164.6 160.3 160.7 160 158.8 153.2 148.6 140.7 134.3 130.2 128.6 124.1 136.7 140.6 144.4 152.3 155.3 161.8 165.6 169.5 175.2 175.8 175.2 181.6 188.7 188.9 189.2 186.7
136.3 134.3 127.6 116.6 111.2 108.8 102 101.3 95 95 98.8 98.3 98.4 97.9 98 97.9 97.8 97.7 99.1 109.4 108.1 107.1 109.7 113.7 117 117.2 119.3 118.4 115.8 118.4 119.6 119.8 131.1 142.3 155.2 167.9 178 181.6 188.2 193.4 197.7 198.8 200.2 199.9 196 191 184.8 178.3 174.2 167.8 164.5 162 162.4 159.6 155 148.7 144.5 139.8 133.6 131.7 129.3 122.6 137.9 142.2 145.6 149.6 153.9 161.4 165.4 169.8 175.8 176.4 179.6 185.5 188.7 189.8 187.7 186.5
139.3 134.8 123.6 114.1 109.2 101.1 100.6 95.5 102 99.3 98.7 98.7 98.6 98.1 98.3 98 98 99.5 110.8 112.8 115.7 116.3 117.5 121.4 124.1 125.5 124.3 121.3 120.4 123.5 126 129.9 137.9 149.7 158.9 170.4 175.9 179.8 188.4 193.9 197.3 201.8 205.4 203.5 195.2 189.1 183.6 178.4 172.2 168.4 165.6 164.6 162.4 156.8 148.8 144.1 143.3 140.3 135.1 129.6 124.7 126.4 135.6 142.5 146.6 150.4 154.8 161.5 165.6 170.4 175 177 183.6 186.1 194.2 189.3 190.9 187.8
135.4 130.2 116.3 105.4 100.5 100.1 95.9 98.6 100.1 101.4 99.2 99.1 99 98.4 98.3 98.1 106.6 110.1 114.1 120 128.9 129.3 128.9 132.5 133.3 134.2 129.7 121.3 127.7 132.3 135.8 140.4 150 160.4 168.9 174.3 178.5 183.4 187.9 194.7 197.4 200.1 199 196.6 191.9 188.6 184.1 176.6 173.3 170.2 167.8 165.2 159.1 151.9 148 147 143.5 141.2 134.6 131.6 127.2 127.5 128.6 135.2 149.3 154.5 159 164 169 173.9 174.4 175.2 184.1 194.1 191 198.4 197.2 209.2
131.2 123.9 116.5 101.4 101 99.1 99.5 100.5 101.3 101.2 101 100.3 99.4 99.5 101.2 111.4 117.3 120.8 126.9 138.3 140.9 140.1 139.9 143.2 143 138.9 129.3 123.4 134.2 141.6 145.3 152 159.2 169.2 178.5 183.9 192.8 192 189.7 193.4 200.6 200.9 200 195.8 193.9 187.3 180.8 176.4 171.2 170.5 168.1 161.7 153.8 150.6 150.8 148 144.1 141.9 135.4 130.3 128.8 128.2 129.7 137.1 149.9 159.8 162.4 166 169.9 173.5 172.6 176.4 185.9 192.4 205.7 205.5 204.6 208.7
125.3 118.5 112.5 101.6 100.8 95.5 100.8 101.3 101.3 101.4 101.8 101.3 103.2 104 117 125.7 128.6 132.4 146 152.6 152.1 150.6 153 149.1 145.4 141.3 126.5 126.7 141.6 152.9 159.8 161.7 164.5 173.7 183.3 191.5 194.5 188.7 190.1 194.9 198.5 200.4 198.2 197.1 192 185.5 180.6 175.7 172.8 170.9 164.2 157.2 153.9 154.8 151.1 147.9 142.7 140.1 133.3 130.8 130.6 129.2 131.6 139.4 149.6 157.1 161.1 164.9 168.7 170.6 169.4 177.6 193.8 199.9 205.8 207.6 203.8 212.4
120.6 114.3 101.5 101.7 100.6 96.5 99.9 101 101.5 100.9 102 104.2 108.8 117.7 131.1 136.5 135.3 147.3 158.4 162 164.3 161.5 157 153.9 147.4 138.8 128.8 137.8 151.8 161.9 167 169.2 170.9 174.5 178.6 178.1 180.1 187.3 188.2 194.7 201.2 201.6 204.1 197.2 191.4 185.1 178.3 176.7 172.1 167.9 160.7 158.8 157.3 154.9 150.4 146.8 142.2 138.3 131.8 131.3 131.9 130.8 128 140.1 150.6 156.3 159.1 164.3 167.3 167 169.8 179.3 201.6 215.1 218.2 200.4 208.8 211.4
111.5 104.4 100.8 100.2 100.4 99.7 100.1 101.3 103 102.9 104.5 110.9 117.3 123.2 131.4 138.5 141.4 154.7 163.5 170.1 167.7 164.4 160.9 153.4 145.6 133.8 134.4 151.1 164.9 171 175.8 176.9 176 178.4 178 184.2 185.4 188.9 194.3 194.6 199.9 202.2 200.1 196.3 188.9 181.8 178.1 175 168.1 163.2 159 156.5 157 155.4 149.5 144.6 140.9 135.8 132.2 131.3 132 132.4 132.9 131.9 143.5 151.3 154.5 164 163.4 166.9 178.8 192.8 208.6 214.4 206.6 198.3 197.4 197
104.9 100.5 101 100.5 100.3 100.5 100.3 103.3 103.3 103.9 106.2 114.9 121.4 128.1 133.3 138.1 146.2 162.2 171.3 175 169.6 166.9 161.6 154.1 144.1 135.2 146 162.3 172.4 178.2 182.1 183.4 180.5 179.2 183.3 185.6 195 202.1 197.2 198 199.3 200.1 198.5 194.4 186.2 181.6 177.1 171.5 166.7 162.9 161.6 159.6 157.4 150.6 145.5 141.5 136.8 135.5 133.6 131.5 131.5 136.6 137.7 134.4 132.6 141.4 149.6 156.6 163.4 180.1 191.5 199.3 200.8 194.6 192.6 193.7 202.9 214.6
101.7 101.5 100.7 100.6 97.7 100.4 101.7 104.1 104.8 108.6 113.4 118.1 125.9 129.1 133.8 139.8 149.9 167 173.2 175.2 169.4 165.7 160.3 152.7 141.5 146.2 162.6 171.6 176.4 182.9 188.9 189.6 189.5 185 187.7 190.2 194.6 199.8 197.1 199.5 202.9 201.7 196.3 191.2 186.2 180.5 174.7 170.4 165.3 162.4 160.8 157.3 149.8 145.5 141.1 138.3 134.5 134.1 132.3 130.9 131.2 137.2 143.4 145 138.4 137 145.1 157.6 173.9 186.7 195.6 189.7 187.1 191 193.5 202.3 212.4 202.1
