UK/data/sx/sx95_OST50GRID_20230518/SX95.asc
ncols 200
nrows 200
xllcorner 290000
yllcorner 50000
cellsize 50
[rows 111 to 147 of 200, columns 0 to 83 of 200]
121.4 110 119.7 129.9 137.5 140.3 143 141.9 139.7 135.7 132.9 129.2 125.6 124.1 118.7 109.5 98.1 88.5 80.6 77.4 80.1 86.5 89.5 94.4 99.2 105.7 112.2 120.1 125.8 129.2 126.4 119.4 110.9 101.3 98.8 104.1 116.1 123.6 127.4 128.1 126.7 124.4 120.9 115.7 111.7 112.2 112.4 113.1 114.2 113.3 110.8 107.9 105.6 97.9 87.6 77 66.8 54.1 42.2 22 4.7 -1.3 -1.3 -1.3 -1.3 -1.3 -1.3 -1.3 -1.3 -1.3 -1.3 -1.3 -1.3 -1.3 -1.3 -1.3 -1.3 -1.3 -1.3 -1.3 -1.3 -1.3 -1.3 -1.3
127.5 121.6 133 140.2 144.1 146.4 147.9 148.6 146 144.9 142.9 140.2 135.9 131 124.6 114.2 101.4 89.7 80.7 80.1 83.9 87.8 92 99.4 111.4 121.2 132.4 140.1 141.1 139.5 138.6 135.2 130.9 122.9 117.9 114.2 120.6 125.9 128.5 129.7 128.4 126 123.2 119 116.7 115.1 113.9 113.1 112.1 109.6 105 98.8 92.3 84.1 73.3 66.3 42.2 24.6 5.3 -1.3 -1.3 -1.3 -1.3 -1.3 -1.3 -1.3 -1.3 -1.3 -1.3 -1.3 -1.3 -1.3 -1.3 -1.3 -1.3 -1.3 -1.3 -1.3 -1.3 -1.3 -1.3 -1.3 -1.3 -1.3
132.3 132.3 140.6 148.1 150.4 152.2 153.1 152.7 151.5 150.9 150.1 148.7 145 138.6 131.1 122.1 107.1 89.5 81.2 84.4 89.8 94.6 98.1 108.9 123.7 137.1 144.6 148.3 147 146.5 145.8 142.9 138.5 134.3 129.8 125.7 126.4 129.1 130.2 131.1 129.7 127 124.3 121.4 117 114.7 111.3 108.6 106.1 103.7 100.9 99.3 95.8 91.1 84.7 65.3 24.8 1.3 -1.3 -1.3 -1.3 -1.3 -1.3 -1.3 -1.3 -1.3 -1.3 -1.3 -1.3 -1.3 -1.3 -1.3 -1.3 -1.3 -1.3 -1.3 -1.3 -1.3 -1.3 -1.3 -1.3 -1.3 -1.3 -1.3
137.3 140.1 147.2 152.9 155.4 156.2 157 156.8 156.6 156 155 152.9 149.3 144.2 135.3 123.9 105.5 89.8 88.8 97.3 103.2 106.4 109.9 121.5 134.4 142.5 147.5 149.3 149 147.9 147.3 146.4 143.4 139.7 135 132.8 131.5 132 132.5 132.3 130.3 127.6 124.3 120.8 117.2 116.5 117.3 115.4 114 113.7 113.5 113.1 108.8 105.2 101.2 81 19.3 -1.3 -1.3 -1.3 -1.3 -1.3 -1.3 -1.3 -1.3 -1.3 -1.3 -1.3 -1.3 -1.3 -1.3 -1.3 -1.3 -1.3 -1.3 -1.3 -1.3 -1.3 -1.3 -1.3 -1.3 -1.3 -1.3 -1.3
148.1 149.7 153.5 157.5 158.4 159.2 160.6 160.4 160.1 159.5 158 154.8 149.7 143.8 135.6 123.9 104.5 91 96 107.1 115.4 118.8 122.4 128.8 135.6 141 145.3 145.7 147.4 147.9 147.1 147.2 144.9 141.7 137.8 135.8 132.6 132.4 132.5 131.2 129.9 128 125.5 121.5 120.3 122.2 123.2 121.8 120.2 118.9 120.2 117.8 109.4 100.1 88.8 58.4 15.2 -1.3 -1.3 -1.3 -1.3 -1.3 -1.3 -1.3 -1.3 -1.3 -1.3 -1.3 -1.3 -1.3 -1.3 -1.3 -1.3 -1.3 -1.3 -1.3 -1.3 -1.3 -1.3 -1.3 -1.3 -1.3 -1.3 -1.3
155.5 156.8 158.3 160.2 162.2 163.2 163.9 163.1 161.8 160.2 156.3 151.6 146.1 140.3 134.1 123.3 105.8 93.4 101.9 113 122.1 125.2 123.7 125.4 129.8 134.5 138.1 139.1 142.4 145.3 145.4 145.6 143.8 141.1 137.2 133.7 131.7 131.4 131.3 130.8 129.5 128.1 126.2 123.5 123.5 124.3 124.8 123.5 122 120.8 116.1 109 95.8 75.1 63.2 40 7.3 -1.3 -1.3 -1.3 -1.3 -1.3 -1.3 -1.3 -1.3 -1.3 -1.3 -1.3 -1.3 -1.3 -1.3 -1.3 -1.3 -1.3 -1.3 -1.3 -1.3 -1.3 -1.3 -1.3 -1.3 -1.3 -1.3 -1.3
160.6 161.9 162.6 163.8 165.6 166 165 163.4 161.5 156.6 152.6 146.3 141.3 135.1 128 118.9 105.1 97.6 107.9 116.8 120.5 120.2 116.9 114.9 120.4 125.8 127.8 127.4 134.7 141.2 144.5 143.7 141 137.8 134.3 131 129.3 129 130 129.5 129.1 127.7 126.4 125.1 124.4 125.2 125.2 122.8 120.5 114.8 98.9 84.8 67.5 48.5 34.5 44.8 39.8 -1.3 -1.3 -1.3 -1.3 -1.3 -1.3 -1.3 -1.3 -1.3 -1.3 -1.3 -1.3 -1.3 -1.3 -1.3 -1.3 -1.3 -1.3 -1.3 -1.3 -1.3 -1.3 -1.3 -1.3 -1.3 -1.3 -1.3
164.8 165.5 166.1 166.8 167.2 167.2 165.9 163.2 159.2 154.2 147.6 140.1 131.4 123 118 109.3 101.8 106.1 111.3 113.3 112.9 112.9 105.3 104.1 106.5 111.3 114.3 118.2 123.8 134.9 140.4 140.5 137 133.8 130.2 127.5 125.2 126.7 128.5 128.6 128.1 127.5 126.2 124.9 125.8 127.3 124.3 120.1 114.7 92.6 75.5 61.1 43.5 18.8 9.5 -1.3 -1.3 -1.3 -1.3 -1.3 -1.3 -1.3 -1.3 -1.3 -1.3 -1.3 -1.3 -1.3 -1.3 -1.3 -1.3 -1.3 -1.3 -1.3 -1.3 -1.3 -1.3 -1.3 -1.3 -1.3 -1.3 -1.3 -1.3 -1.3
165 167 167.7 168.3 168.6 167.3 164.8 160.8 156.5 150.3 140.6 130.3 120.6 115.3 110.7 109.5 109.7 108.1 105.7 103.5 102.7 100 95.7 91 93.6 99.4 101.8 104.4 115.9 123.6 134.1 135.1 132.8 129.2 125.4 123 119.2 123.9 127 127.5 126.6 126.3 126 124.7 126.5 126 121.5 115.3 98.6 80.8 55.6 37.2 12.6 -1.3 -1.3 -1.3 -1.3 -1.3 -1.3 -1.3 -1.3 -1.3 -1.3 -1.3 -1.3 -1.3 -1.3 -1.3 -1.3 -1.3 -1.3 -1.3 -1.3 -1.3 -1.3 -1.3 -1.3 -1.3 -1.3 -1.3 -1.3 -1.3 -1.3 -1.3
164.3 166.8 168.2 168.4 167.5 164.7 161.9 158.5 153.2 145.3 135.9 130.4 124 118.8 111.3 106.7 104 101.1 96.2 92.7 90.6 85.5 83.6 77.8 82.7 88.1 90.9 96.7 108.3 119.7 126.5 129.1 126.4 123.1 119.5 117.6 114.6 122.6 124.9 125.2 125 124.8 124.8 124.7 123.5 120.5 116.4 101.7 75 62 33.4 12.6 -1.3 -1.3 -1.3 -1.3 -1.3 -1.3 -1.3 -1.3 -1.3 -1.3 -1.3 -1.3 -1.3 -1.3 -1.3 -1.3 -1.3 -1.3 -1.3 -1.3 -1.3 -1.3 -1.3 -1.3 -1.3 -1.3 -1.3 -1.3 -1.3 -1.3 -1.3 -1.3
164.4 166 165.7 167.1 165.3 160.9 159.2 156.6 152.5 145 140.7 136.3 128.3 115.3 110.5 103.5 92.8 86.6 84.4 78.9 74.6 72.1 70.1 65.6 78 79.7 81.1 92.4 105.8 116.8 120.4 124.6 122 117 109.8 107.5 113.6 120.5 121.8 122.2 121.8 121.5 121.3 121 118.3 114.8 105.5 86.7 59.9 36.5 9.7 -1.3 -1.3 -1.3 -1.3 -1.3 -1.3 -1.3 -1.3 -1.3 -1.3 -1.3 -1.3 -1.3 -1.3 -1.3 -1.3 -1.3 -1.3 -1.3 -1.3 -1.3 -1.3 -1.3 -1.3 -1.3 -1.3 -1.3 -1.3 -1.3 -1.3 -1.3 -1.3 -1.3
161.7 161.8 161 159.5 159.9 158.4 157.1 155.3 151.8 147.3 143.6 137 129.1 126.8 123.1 113.1 103.9 92.4 81.2 71.1 64.5 60.6 56.6 57.1 66.9 67.9 76 88.7 102.4 112.9 116.3 119.6 114.6 109.6 101.2 102.8 111.9 116 117.7 117.9 116.8 116.3 116.2 114.6 111.9 105.5 82.3 63.7 39 9.2 -1.3 -1.3 -1.3 -1.3 -1.3 -1.3 -1.3 -1.3 -1.3 -1.3 -1.3 -1.3 -1.3 -1.3 -1.3 -1.3 -1.3 -1.3 -1.3 -1.3 -1.3 -1.3 -1.3 -1.3 -1.3 -1.3 -1.3 -1.3 -1.3 -1.3 -1.3 -1.3 -1.3 -1.3
155.6 154.6 152.6 151.2 153.5 155.7 155.1 152.9 151.4 148.1 143.5 138.8 135.1 132.9 129.1 124.7 117.4 107.3 96.3 86.1 78.3 73.3 64.9 51.8 53.2 63.2 76.3 93.5 104.5 106.6 108.2 112.1 105.6 100.5 89.9 94.2 106.5 108.6 110.7 110.9 109.9 108.8 108.1 105.3 101.5 80.7 66.2 35.1 7.2 -1.3 -1.3 -1.3 -1.3 -1.3 -1.3 -1.3 -1.3 -1.3 -1.3 -1.3 -1.3 -1.3 -1.3 -1.3 -1.3 -1.3 -1.3 -1.3 -1.3 -1.3 -1.3 -1.3 -1.3 -1.3 -1.3 -1.3 -1.3 -1.3 -1.3 -1.3 -1.3 -1.3 -1.3 -1.3
146.6 142.8 139.2 145.2 151.8 154 155 152.3 149.9 145.4 141.6 140 138.6 138.6 135.6 131.7 127.5 121.1 110.2 101.8 95 85.4 76.2 59.9 48.6 60.8 76.3 96.1 106.5 99 97.6 100.7 91.8 84.4 76.4 86.9 93.3 97.3 99.5 100.2 97.5 96.2 95.1 92.8 86.3 61.4 42 12 -1.3 -1.3 -1.3 -1.3 -1.3 -1.3 -1.3 -1.3 -1.3 -1.3 -1.3 -1.3 -1.3 -1.3 -1.3 -1.3 -1.3 -1.3 -1.3 -1.3 -1.3 -1.3 -1.3 -1.3 -1.3 -1.3 -1.3 -1.3 -1.3 -1.3 -1.3 -1.3 -1.3 -1.3 -1.3 -1.3
136.8 129.5 134.8 144.6 149.6 152.1 153.4 152.8 149.6 146.1 139.8 137.2 139.6 140.7 139.5 136.4 133.2 127.7 119.5 110.3 99.8 88.3 76.5 62 44.3 56.7 72.1 91.2 95.3 87 82.8 85.5 78.3 69.2 57.8 75.3 76.7 79 82.9 82.7 75.4 76.5 78.3 76.4 69.3 46.3 25.1 1.3 -1.3 -1.3 -1.3 -1.3 -1.3 -1.3 -1.3 -1.3 -1.3 -1.3 -1.3 -1.3 -1.3 -1.3 -1.3 -1.3 -1.3 -1.3 -1.3 -1.3 -1.3 -1.3 -1.3 -1.3 -1.3 -1.3 -1.3 -1.3 -1.3 -1.3 -1.3 -1.3 -1.3 -1.3 -1.3 -1.3
123.8 123.4 135.4 145.1 148.3 152.1 153.1 153.7 151.4 148.1 142.5 136.2 133.7 138.7 139.6 137.7 136.8 132.5 124.2 113.7 101.6 89.2 74.8 60.2 44.4 53 71.6 85.2 84 75.4 64.5 70.4 64.6 54 45.9 58.6 57.3 57.6 60.1 61.9 55.6 56.3 61.1 60.6 59.6 30.9 2.5 -1.3 -1.3 -1.3 -1.3 -1.3 -1.3 -1.3 -1.3 -1.3 -1.3 -1.3 -1.3 -1.3 -1.3 -1.3 -1.3 -1.3 -1.3 -1.3 -1.3 -1.3 -1.3 -1.3 -1.3 -1.3 -1.3 -1.3 -1.3 -1.3 -1.3 -1.3 -1.3 -1.3 -1.3 -1.3 -1.3 -1.3
113.9 126.5 137.9 142.5 146.2 151.1 152.8 155.7 154.8 153.2 149.3 144.7 132.7 127.8 134.1 138.1 139.7 134.5 125.4 113.2 101.7 89.5 75.9 57.4 40.3 50 70.1 75.2 71.6 61.6 49.6 54.2 50 39.7 34.1 41.3 40.5 38.6 40.3 41.9 38 40.4 44.7 45 43.8 19.7 1.5 -1.3 -1.3 -1.3 -1.3 -1.3 -1.3 -1.3 -1.3 -1.3 -1.3 -1.3 -1.3 -1.3 -1.3 -1.3 -1.3 -1.3 -1.3 -1.3 -1.3 -1.3 -1.3 -1.3 -1.3 -1.3 -1.3 -1.3 -1.3 -1.3 -1.3 -1.3 -1.3 -1.3 -1.3 -1.3 -1.3 -1.3
113.1 120.7 128.4 137.1 146.4 152.6 158 161.6 162.6 159.7 157.1 151.3 139.6 124.1 123.5 133.1 134.6 130.7 122.2 112.7 100.5 86.7 72.1 52.9 35.7 49.1 66 63.3 53.9 45 33.4 33 30.3 24.2 22 22.4 22.9 21.7 23.4 25.2 23.4 25.2 27.2 27 27.9 9.1 0.7 -1.3 -1.3 -1.3 -1.3 -1.3 -1.3 -1.3 -1.3 -1.3 -1.3 -1.3 -1.3 -1.3 -1.3 -1.3 -1.3 -1.3 -1.3 -1.3 -1.3 -1.3 -1.3 -1.3 -1.3 -1.3 -1.3 -1.3 -1.3 -1.3 -1.3 -1.3 -1.3 -1.3 -1.3 -1.3 -1.3 -1.3
121.4 127.9 135.5 143.8 152.5 162.2 167.1 167.6 165.7 161.7 157.6 152.2 144 126.5 114.5 122.4 126.5 123.1 116.4 108.7 97.7 84.6 66.7 44.8 31 51.7 57.9 45.7 36 25.7 18.9 15.2 13.1 10.4 9.9 9.5 8.6 8.9 9.4 8.6 7.7 8.9 8.8 9.4 10.4 2.6 -1.3 -1.3 -1.3 -1.3 -1.3 -1.3 -1.3 -1.3 -1.3 -1.3 -1.3 -1.3 -1.3 -1.3 -1.3 -1.3 -1.3 -1.3 -1.3 -1.3 -1.3 -1.3 -1.3 -1.3 -1.3 -1.3 -1.3 -1.3 -1.3 -1.3 -1.3 -1.3 -1.3 -1.3 -1.3 -1.3 -1.3 -1.3
134.5 140.7 150.2 158.1 162.5 165.9 167.5 167.5 164.7 161.2 157.5 151.8 143.2 128.5 110.7 106.4 110.8 109.2 106.1 100 93.8 83.2 63.7 39.9 27.1 38.8 36.3 27.1 18.4 12.5 9.3 8.6 7.3 6.7 7.5 6 5.7 5.3 4.6 4.1 4.1 4.1 4.1 4 4 1.5 -1.3 -1.3 -1.3 -1.3 -1.3 -1.3 -1.3 -1.3 -1.3 -1.3 -1.3 -1.3 -1.3 -1.3 -1.3 -1.3 -1.3 -1.3 -1.3 -1.3 -1.3 -1.3 -1.3 -1.3 -1.3 -1.3 -1.3 -1.3 -1.3 -1.3 -1.3 -1.3 -1.3 -1.3 -1.3 -1.3 -1.3 -1.3
150.9 153.1 158.2 162.3 163.7 165.2 165.3 165 162.7 160 156.3 151 144.6 134.9 118.3 98.5 92.6 88.4 88.4 90.2 87.9 77.6 62.6 39.8 21.4 20.2 18.3 12.8 10.6 10.6 9 8.3 13.1 18.1 17.5 18.2 17.4 12 9.9 5.6 4.1 4 4.1 4.1 4 1.2 -1.3 -1.3 -1.3 -1.3 -1.3 -1.3 -1.3 -1.3 -1.3 -1.3 -1.3 -1.3 -1.3 -1.3 -1.3 -1.3 -1.3 -1.3 -1.3 -1.3 -1.3 -1.3 -1.3 -1.3 -1.3 -1.3 -1.3 -1.3 -1.3 -1.3 -1.3 -1.3 -1.3 -1.3 -1.3 -1.3 -1.3 -1.3
161.3 161.2 162.5 162.7 162.7 162.7 162.3 160.8 158.6 156.5 153.1 148.4 143.2 137.2 126.5 106.8 84.3 70.6 67 71.7 79.4 71 58.8 47.5 31.8 16.3 13.5 11.3 11.4 20.6 28.3 33.1 37.6 40.1 41 38.2 35.2 24.7 12.8 8.2 6.5 7.7 8.9 9.7 9.9 1.4 -1.3 -1.3 -1.3 -1.3 -1.3 -1.3 -1.3 -1.3 -1.3 -1.3 -1.3 -1.3 -1.3 -1.3 -1.3 -1.3 -1.3 -1.3 -1.3 -1.3 -1.3 -1.3 -1.3 -1.3 -1.3 -1.3 -1.3 -1.3 -1.3 -1.3 -1.3 -1.3 -1.3 -1.3 -1.3 -1.3 -1.3 -1.3
163.5 162.9 162.1 159.8 159.6 157.7 156 156 153.1 151.6 148.5 144.5 140.3 135 129.2 121.2 105.5 81.1 58 55 66.2 60.7 52.2 42 25.9 13.5 14.7 24.8 34.3 45.4 48.9 51.1 54.3 53.2 49.8 43.1 29.5 15.7 11 12.3 16.5 22.4 25 23.5 22.2 1.9 0.4 -1.3 -1.3 -1.3 -1.3 -1.3 -1.3 -1.3 -1.3 -1.3 -1.3 -1.3 -1.3 -1.3 -1.3 -1.3 -1.3 -1.3 -1.3 -1.3 -1.3 -1.3 -1.3 -1.3 -1.3 -1.3 -1.3 -1.3 -1.3 -1.3 -1.3 -1.3 -1.3 -1.3 -1.3 -1.3 -1.3 -1.3
161.1 160 158.8 157.8 153.9 151.8 150.6 148.4 147.3 144.7 141.9 138.2 134.7 129.8 123.4 116 105.2 85.8 63 46.1 46.8 47.9 41.2 30.1 15.4 14.5 28.4 41.4 50.5 58.8 66.2 64.3 59.9 51.4 41.9 31.4 19 17.9 24 31.8 39.5 44.1 40.3 34.2 23.3 12 1.6 -1.3 -1.3 -1.3 -1.3 -1.3 -1.3 -1.3 -1.3 -1.3 -1.3 -1.3 -1.3 -1.3 -1.3 -1.3 -1.3 -1.3 -1.3 -1.3 -1.3 -1.3 -1.3 -1.3 -1.3 -1.3 -1.3 -1.3 -1.3 -1.3 -1.3 -1.3 -1.3 -1.3 -1.3 -1.3 -1.3 -1.3
156.8 154.4 153.1 150.6 147.8 144.9 142.8 140.7 138.5 136.4 133.1 129.3 125.3 120.3 113.9 104.1 90.6 77.6 65.8 52.6 32.8 30.4 28.7 17.5 15.5 26.4 40.8 53.9 66.1 73.4 73.2 65.6 53.2 42 32.6 25 24.7 33.7 43.6 54.9 57.2 47.7 37 26.7 21.3 20.1 20.5 20 15 -1.3 -1.3 -1.3 -1.3 -1.3 -1.3 -1.3 -1.3 -1.3 -1.3 -1.3 -1.3 -1.3 -1.3 -1.3 -1.3 -1.3 -1.3 -1.3 -1.3 -1.3 -1.3 -1.3 -1.3 -1.3 -1.3 -1.3 -1.3 -1.3 -1.3 -1.3 -1.3 -1.3 -1.3 -1.3
150.8 148.6 146.4 142.9 139.5 133.7 130.2 128.8 126.8 124 120.3 116.4 112.4 107.4 99.2 87.7 76.2 66.6 58 49.8 34.6 23.5 18.8 16.7 27.4 41.2 55.2 65.5 75.6 73.6 64 53 41.3 33.8 34.7 35.1 44.4 52.2 59.4 64.2 53 39 32.2 30.4 31.5 37.6 38.8 37.1 -1.3 -1.3 -1.3 -1.3 -1.3 -1.3 -1.3 -1.3 -1.3 -1.3 -1.3 -1.3 -1.3 -1.3 -1.3 -1.3 -1.3 -1.3 -1.3 -1.3 -1.3 -1.3 -1.3 -1.3 -1.3 -1.3 -1.3 -1.3 -1.3 -1.3 -1.3 -1.3 -1.3 -1.3 -1.3 -1.3
142.5 139.5 135.6 132.4 127.8 121.6 114.8 113.4 111.5 108.2 105.2 101 96.7 92.3 82.7 72.9 64.4 56.2 49.2 40.1 28 20.3 18.5 31.2 45.1 57.2 66.3 74 71.9 62.5 51.9 43.9 41.8 46.4 51.9 56.4 62.3 69.8 70.4 64.6 48.4 44.8 47.7 47.7 49.8 34.3 11.1 -1.3 -1.3 -1.3 -1.3 -1.3 -1.3 -1.3 -1.3 -1.3 -1.3 -1.3 -1.3 -1.3 -1.3 -1.3 -1.3 -1.3 -1.3 -1.3 -1.3 -1.3 -1.3 -1.3 -1.3 -1.3 -1.3 -1.3 -1.3 -1.3 -1.3 -1.3 -1.3 -1.3 -1.3 -1.3 -1.3 -1.3
130.9 127.8 124.4 119.6 114.7 109.1 99.2 97.8 94.5 90.8 87.9 85.3 80.9 76.7 69.4 61.2 53.4 44.2 37.9 27.7 21.8 22 33.1 47.1 61.5 73.7 75.2 72.2 61.3 55.2 49.9 51.3 57.7 67.1 73.5 78.4 81.9 81.6 77.8 64.6 52.4 58.2 65.3 65.3 49.3 14.5 -1.3 -1.3 -1.3 -1.3 -1.3 -1.3 -1.3 -1.3 -1.3 -1.3 -1.3 -1.3 -1.3 -1.3 -1.3 -1.3 -1.3 -1.3 -1.3 -1.3 -1.3 -1.3 -1.3 -1.3 -1.3 -1.3 -1.3 -1.3 -1.3 -1.3 -1.3 -1.3 -1.3 -1.3 -1.3 -1.3 -1.3 -1.3
118.1 115.1 110.5 104.4 99.2 93.7 84.7 80.3 78.3 73.3 70.4 68.9 65.3 61.1 56.3 50.5 42.5 34.4 26.3 22.6 26.4 35.4 46.1 61.8 78.5 85 76.3 64.9 58.8 59.3 62.3 70.5 77.7 85.7 92.1 93.7 92.3 88.3 80.8 65.6 59.7 68.8 73.8 72.6 52.9 1.3 -1.3 -1.3 -1.3 -1.3 -1.3 -1.3 -1.3 -1.3 -1.3 -1.3 -1.3 -1.3 -1.3 -1.3 -1.3 -1.3 -1.3 -1.3 -1.3 -1.3 -1.3 -1.3 -1.3 -1.3 -1.3 -1.3 -1.3 -1.3 -1.3 -1.3 -1.3 -1.3 -1.3 -1.3 -1.3 -1.3 -1.3 -1.3
104.6 102.6 98.3 91.7 85 80.4 74.2 65.5 63.3 57.8 53.8 52.7 51.8 49 45.2 37 29.4 25.7 24.3 30.4 38 47.9 62.1 75.2 88.4 86.2 75.2 70.1 74 74 79.8 86.4 96.8 102.9 104.2 101.5 96.9 92 81.4 67.9 68.5 77.4 83.9 84 53.2 0.6 -1.3 -1.3 -1.3 -1.3 -1.3 -1.3 -1.3 -1.3 -1.3 -1.3 -1.3 -1.3 -1.3 -1.3 -1.3 -1.3 -1.3 -1.3 -1.3 -1.3 -1.3 -1.3 -1.3 -1.3 -1.3 -1.3 -1.3 -1.3 -1.3 -1.3 -1.3 -1.3 -1.3 -1.3 -1.3 -1.3 -1.3 -1.3
93 91.3 86.6 81.2 72.6 68.4 62.8 56.5 52.1 46.6 41 37.5 36.9 33.5 31.4 28.5 26.1 32.9 41 46.2 51.2 62.6 76.3 88.3 93.7 87.4 75.1 75 85.5 89.5 94.7 101.1 107.2 109.8 108.7 103.7 97.7 91.4 81.8 74.9 79 87.8 95.6 89.2 49.9 1.4 -1.3 -1.3 -1.3 -1.3 -1.3 -1.3 -1.3 -1.3 -1.3 -1.3 -1.3 -1.3 -1.3 -1.3 -1.3 -1.3 -1.3 -1.3 -1.3 -1.3 -1.3 -1.3 -1.3 -1.3 -1.3 -1.3 -1.3 -1.3 -1.3 -1.3 -1.3 -1.3 -1.3 -1.3 -1.3 -1.3 -1.3 -1.3
82 79.8 74.9 68.4 61.2 57.6 54.9 51.2 47.5 51.5 54.2 55.6 50.1 41.3 32.2 30 44.6 54.3 60 63.5 68.6 78 90.7 96.5 94.4 88.6 79.2 81.6 95.5 100.4 104.2 107.3 110.7 110.9 107.9 103.1 98.1 90.3 88.6 89.4 91.4 96.6 99.5 87 27.3 2.2 -1.3 -1.3 -1.3 -1.3 -1.3 -1.3 -1.3 -1.3 -1.3 -1.3 -1.3 -1.3 -1.3 -1.3 -1.3 -1.3 -1.3 -1.3 -1.3 -1.3 -1.3 -1.3 -1.3 -1.3 -1.3 -1.3 -1.3 -1.3 -1.3 -1.3 -1.3 -1.3 -1.3 -1.3 -1.3 -1.3 -1.3 -1.3
87.5 79.5 76.5 74.8 71.9 69.6 70.9 71.9 72.6 79.8 85.6 84.9 66.4 47.5 33.4 41.3 63.1 74.1 78.4 79.9 84.2 92.8 98.9 102.2 99 94.3 85.7 87.4 99.4 105 107.8 110.3 112.4 112.1 111.5 108.8 105.5 102.2 101.6 103.4 95.3 91 80 61.6 34.2 0.6 -1.3 -1.3 -1.3 -1.3 -1.3 -1.3 -1.3 -1.3 -1.3 -1.3 -1.3 -1.3 -1.3 -1.3 -1.3 -1.3 -1.3 -1.3 -1.3 -1.3 -1.3 -1.3 -1.3 -1.3 -1.3 -1.3 -1.3 -1.3 -1.3 -1.3 -1.3 -1.3 -1.3 -1.3 -1.3 -1.3 -1.3 -1.3
98.4 96 92.8 90.4 88.8 88 90 91.8 93.8 94 94.4 92.6 70.3 50.4 35.1 53.2 70.7 75.8 79.2 84.6 93.2 102.7 108.5 108.6 106 99.7 94.6 93.6 100.2 106.3 110.6 112.9 116 117.3 117.3 116.3 114.9 113.5 110 97.5 80.6 68.9 57.2 42.2 33.5 3.5 -1.3 -1.3 -1.3 -1.3 -1.3 -1.3 -1.3 -1.3 -1.3 -1.3 -1.3 -1.3 -1.3 -1.3 -1.3 -1.3 -1.3 -1.3 -1.3 -1.3 -1.3 -1.3 -1.3 -1.3 -1.3 -1.3 -1.3 -1.3 -1.3 -1.3 -1.3 -1.3 -1.3 -1.3 -1.3 -1.3 -1.3 -1.3
113.4 112.4 111 106.1 105.7 106 106.5 106 104.8 100.7 97 86.8 71.4 51 40.6 52.3 61.3 68.6 78.7 89.2 100.4 109 114.8 115.3 112.5 107.3 105.3 106 106.2 110 114.7 118.6 121.2 122.5 122.9 121.7 120.9 119.7 112.4 85.7 63.1 47.4 27.2 18.1 2.9 -1.3 -1.3 -1.3 -1.3 -1.3 -1.3 -1.3 -1.3 -1.3 -1.3 -1.3 -1.3 -1.3 -1.3 -1.3 -1.3 -1.3 -1.3 -1.3 -1.3 -1.3 -1.3 -1.3 -1.3 -1.3 -1.3 -1.3 -1.3 -1.3 -1.3 -1.3 -1.3 -1.3 -1.3 -1.3 -1.3 -1.3 -1.3 -1.3
122.9 121.6 119.8 117.5 116.4 115.4 114.3 112 107.7 100.9 92.8 80.6 63.4 51.1 45.8 45 57.4 74.8 82.7 92.6 103.8 113 117.9 120.6 119.3 115.5 114.7 115.1 114.6 115.8 120.2 124 126.1 127 126.8 126.6 125.4 119 94.8 74 56 29.3 1.3 -1.3 -1.3 -1.3 -1.3 -1.3 -1.3 -1.3 -1.3 -1.3 -1.3 -1.3 -1.3 -1.3 -1.3 -1.3 -1.3 -1.3 -1.3 -1.3 -1.3 -1.3 -1.3 -1.3 -1.3 -1.3 -1.3 -1.3 -1.3 -1.3 -1.3 -1.3 -1.3 -1.3 -1.3 -1.3 -1.3 -1.3 -1.3 -1.3 -1.3 -1.3
128.9 127.2 125.4 123.5 121.2 118.8 116.2 112.3 106.8 98.4 87 71.9 61.2 66.7 61 45.5 60.3 73.9 83.9 95.1 108.2 117.6 122.3 124.1 123.6 122.2 121.8 121.4 121.3 122.6 124.8 126.6 127.8 128.2 128.2 128.6 125.9 117.2 88.6 61.4 37.6 4 -1.3 -1.3 -1.3 -1.3 -1.3 -1.3 -1.3 -1.3 -1.3 -1.3 -1.3 -1.3 -1.3 -1.3 -1.3 -1.3 -1.3 -1.3 -1.3 -1.3 -1.3 -1.3 -1.3 -1.3 -1.3 -1.3 -1.3 -1.3 -1.3 -1.3 -1.3 -1.3 -1.3 -1.3 -1.3 -1.3 -1.3 -1.3 -1.3 -1.3 -1.3 -1.3
