UK/data/sn/sn04_OST50GRID_20230518/SN04.asc
ncols 200
nrows 200
xllcorner 200000
yllcorner 240000
cellsize 50
[rows 108 to 161 of 200, columns 96 to 191 of 200]
-1 -1 -1 -1 -1 -1 -1 -1 -1 -1 -1 -1 -1 -1 -1 -1 -1 -1 -1 -1 -1 -1 -1 -1 -1 -1 -1 -1 -1 -1 -1 -1 -1 -1 -1 -1 -1 -1 -1 -1 -1 -1 -1 -1 -1 -1 -1 -1 -1 -1 -1 -1 -1 -1 -1 -1 -1 -1 -1 -1 -1 -1 -1 -1 -1 -1 -1 -1 -1 -1 -1 -1 -1 -1 -1 -1 -1 -1 -1 -1 -1 -1 -1 -1 -1 -1 -1 -1 -1 -1 -1 -1 -1 -1 -1 -1
-1 -1 -1 -1 -1 -1 -1 -1 -1 -1 -1 -1 -1 -1 -1 -1 -1 -1 -1 -1 -1 -1 -1 -1 -1 -1 -1 -1 -1 -1 -1 -1 -1 -1 -1 -1 -1 -1 -1 -1 -1 -1 -1 -1 -1 -1 -1 -1 -1 -1 -1 -1 -1 -1 -1 -1 -1 -1 -1 -1 -1 -1 -1 -1 -1 -1 -1 -1 -1 -1 -1 -1 -1 -1 -1 -1 -1 -1 -1 -1 -1 -1 -1 -1 -1 -1 -1 -1 -1 -1 -1 -1 -1 53.3 19 59.1
-1 -1 -1 -1 -1 -1 -1 -1 -1 -1 -1 -1 -1 -1 -1 -1 -1 -1 -1 -1 -1 -1 -1 -1 -1 -1 -1 -1 -1 -1 -1 -1 -1 -1 -1 -1 -1 -1 -1 -1 -1 -1 -1 -1 -1 -1 -1 -1 -1 -1 -1 -1 -1 -1 -1 -1 -1 -1 -1 -1 -1 -1 -1 -1 -1 -1 -1 -1 -1 -1 -1 -1 -1 -1 -1 -1 -1 -1 -1 -1 -1 -1 -1 -1 -1 -1 -1 -1 -1 -1 60.3 65.2 69.2 73.6 75.9 75.5
-1 -1 -1 -1 -1 -1 -1 -1 -1 -1 -1 -1 -1 -1 -1 -1 -1 -1 -1 -1 -1 -1 -1 -1 -1 -1 -1 -1 -1 -1 -1 -1 -1 -1 -1 -1 -1 -1 -1 -1 -1 -1 -1 -1 -1 -1 -1 -1 -1 -1 -1 -1 -1 -1 -1 -1 -1 -1 -1 -1 -1 -1 -1 -1 -1 -1 -1 -1 -1 -1 -1 -1 -1 -1 -1 -1 -1 -1 -1 -1 -1 -1 -1 -1 -1 -1 -1 -1 -1 41.7 64 74.9 81 86.1 86.3 86.2
-1 -1 -1 -1 -1 -1 -1 -1 -1 -1 -1 -1 -1 -1 -1 -1 -1 -1 -1 -1 -1 -1 -1 -1 -1 -1 -1 -1 -1 -1 -1 -1 -1 -1 -1 -1 -1 -1 -1 -1 -1 -1 -1 -1 -1 -1 -1 -1 -1 -1 -1 -1 -1 -1 -1 -1 -1 -1 -1 -1 -1 -1 -1 -1 -1 -1 -1 -1 -1 -1 -1 -1 -1 -1 -1 -1 -1 -1 -1 -1 -1 -1 -1 -1 -1 -1 -1 -1 29.8 55.5 75.5 83.2 88.1 91.4 92.6 93.5
-1 -1 -1 -1 -1 -1 -1 -1 -1 -1 -1 -1 -1 -1 -1 -1 -1 -1 -1 -1 -1 -1 -1 -1 -1 -1 -1 -1 -1 -1 -1 -1 -1 -1 -1 -1 -1 -1 -1 -1 -1 -1 -1 -1 -1 -1 -1 -1 -1 -1 -1 -1 -1 -1 -1 -1 -1 -1 -1 -1 -1 -1 -1 -1 -1 -1 -1 -1 -1 -1 -1 -1 -1 -1 -1 -1 -1 -1 -1 -1 -1 -1 -1 -1 -1 -1 -1 -1 44.2 65.5 83.2 88.7 92.8 94.9 96 96.7
-1 -1 -1 -1 -1 -1 -1 -1 -1 -1 -1 -1 -1 -1 -1 -1 -1 -1 -1 -1 -1 -1 -1 -1 -1 -1 -1 -1 -1 -1 -1 -1 -1 -1 -1 -1 -1 -1 -1 -1 -1 -1 -1 -1 -1 -1 -1 -1 -1 -1 -1 -1 -1 -1 -1 -1 -1 -1 -1 -1 -1 -1 -1 -1 -1 -1 -1 -1 -1 -1 -1 -1 -1 -1 -1 -1 -1 -1 -1 -1 -1 -1 -1 -1 -1 -1 -1 -1 -1 72.6 85.3 90.7 94.3 97.2 98.9 100.8
-1 -1 -1 -1 -1 -1 -1 -1 -1 -1 -1 -1 -1 -1 -1 -1 -1 -1 -1 -1 -1 -1 -1 -1 -1 -1 -1 -1 -1 -1 -1 -1 -1 -1 -1 -1 -1 -1 -1 -1 -1 -1 -1 -1 -1 -1 -1 -1 -1 -1 -1 -1 -1 -1 -1 -1 -1 -1 -1 -1 -1 -1 -1 -1 -1 -1 -1 -1 -1 -1 -1 -1 -1 -1 -1 -1 -1 -1 -1 -1 -1 -1 -1 -1 -1 -1 -1 -1 -1 77 86.5 92.8 97.8 101 103.6 106.4
-1 -1 -1 -1 -1 -1 -1 -1 -1 -1 -1 -1 -1 -1 -1 -1 -1 -1 -1 -1 -1 -1 -1 -1 -1 -1 -1 -1 -1 -1 -1 -1 -1 -1 -1 -1 -1 -1 -1 -1 -1 -1 -1 -1 -1 -1 -1 -1 -1 -1 -1 -1 -1 -1 -1 -1 -1 -1 -1 -1 -1 -1 -1 -1 -1 -1 -1 -1 -1 -1 -1 -1 -1 -1 -1 -1 -1 -1 -1 -1 -1 -1 -1 -1 -1 -1 -1 -1 -1 77.5 89.6 97.7 102 105.2 108.8 111.4
-1 -1 -1 -1 -1 -1 -1 -1 -1 -1 -1 -1 -1 -1 -1 -1 -1 -1 -1 -1 -1 -1 -1 -1 -1 -1 -1 -1 -1 -1 -1 -1 -1 -1 -1 -1 -1 -1 -1 -1 -1 -1 -1 -1 -1 -1 -1 -1 -1 -1 -1 -1 -1 -1 -1 -1 -1 -1 -1 -1 -1 -1 -1 -1 -1 -1 -1 -1 -1 -1 -1 -1 -1 -1 -1 -1 -1 -1 -1 -1 -1 -1 -1 -1 -1 -1 -1 -1 53.7 77.3 93.2 103 108 112.1 115.8 118.2
-1 -1 -1 -1 -1 -1 -1 -1 -1 -1 -1 -1 -1 -1 -1 -1 -1 -1 -1 -1 -1 -1 -1 -1 -1 -1 -1 -1 -1 -1 -1 -1 -1 -1 -1 -1 -1 -1 -1 -1 -1 -1 -1 -1 -1 -1 -1 -1 -1 -1 -1 -1 -1 -1 -1 -1 -1 -1 -1 -1 -1 -1 -1 -1 -1 -1 -1 -1 -1 -1 -1 -1 -1 -1 -1 -1 -1 -1 -1 -1 -1 -1 -1 -1 -1 -1 -1 1.4 53.3 85.5 101.4 110.3 115.5 120.3 123 125
-1 -1 -1 -1 -1 -1 -1 -1 -1 -1 -1 -1 -1 -1 -1 -1 -1 -1 -1 -1 -1 -1 -1 -1 -1 -1 -1 -1 -1 -1 -1 -1 -1 -1 -1 -1 -1 -1 -1 -1 -1 -1 -1 -1 -1 -1 -1 -1 -1 -1 -1 -1 -1 -1 -1 -1 -1 -1 -1 -1 -1 -1 -1 -1 -1 -1 -1 -1 -1 -1 -1 -1 -1 -1 -1 -1 -1 -1 -1 -1 -1 -1 -1 -1 -1 -1 -1 23.7 76.7 92.4 109.3 117.3 122.9 127.7 130.3 132.7
-1 -1 -1 -1 -1 -1 -1 -1 -1 -1 -1 -1 -1 -1 -1 -1 -1 -1 -1 -1 -1 -1 -1 -1 -1 -1 -1 -1 -1 -1 -1 -1 -1 -1 -1 -1 -1 -1 -1 -1 -1 -1 -1 -1 -1 -1 -1 -1 -1 -1 -1 -1 -1 -1 -1 -1 -1 -1 -1 -1 -1 -1 -1 -1 -1 -1 -1 -1 -1 -1 -1 -1 -1 -1 -1 -1 -1 -1 -1 -1 -1 -1 -1 -1 -1 -1 3.5 27.8 70.1 114 117.8 124.7 130.8 134.9 138.4 140.7
-1 -1 -1 -1 -1 -1 -1 -1 -1 -1 -1 -1 -1 -1 -1 -1 -1 -1 -1 -1 -1 -1 -1 -1 -1 -1 -1 -1 -1 -1 -1 -1 -1 -1 -1 -1 -1 -1 -1 -1 -1 -1 -1 -1 -1 -1 -1 -1 -1 -1 -1 -1 -1 -1 -1 -1 -1 -1 -1 -1 -1 -1 -1 -1 -1 -1 -1 -1 -1 -1 -1 -1 -1 -1 -1 -1 -1 -1 -1 -1 -1 -1 -1 -1 0.5 3.7 24.5 40.6 66.3 117.9 125.9 132.7 137.7 142 145.3 147.4
-1 -1 -1 -1 -1 -1 -1 -1 -1 -1 -1 -1 -1 -1 -1 -1 -1 -1 -1 -1 -1 -1 -1 -1 -1 -1 -1 -1 -1 -1 -1 -1 -1 -1 -1 -1 -1 -1 -1 -1 -1 -1 -1 -1 -1 -1 -1 -1 -1 -1 -1 -1 -1 -1 -1 -1 -1 -1 -1 -1 -1 -1 -1 -1 -1 -1 -1 -1 -1 -1 -1 -1 -1 -1 -1 -1 -1 -1 -1 -1 -1 -1 -1 1 6.8 39.9 47.6 58.8 73.2 110.4 129.6 139.4 143.8 147.5 151 153.1
-1 -1 -1 -1 -1 -1 -1 -1 -1 -1 -1 -1 -1 -1 -1 -1 -1 -1 -1 -1 -1 -1 -1 -1 -1 -1 -1 -1 -1 -1 -1 -1 -1 -1 -1 -1 -1 -1 -1 -1 -1 -1 -1 -1 -1 -1 -1 -1 -1 -1 -1 -1 -1 -1 -1 -1 -1 -1 -1 -1 -1 -1 -1 -1 -1 -1 -1 -1 -1 -1 -1 -1 -1 -1 -1 -1 -1 -1 -1 -1 -1 0.7 2.9 25.6 42.3 77.7 85.9 91.1 109.6 128.9 142.6 146.1 149.9 153.9 157.7 159.2
-1 -1 -1 -1 -1 -1 -1 -1 -1 -1 -1 -1 -1 -1 -1 -1 -1 -1 -1 -1 -1 -1 -1 -1 -1 -1 -1 -1 -1 -1 -1 -1 -1 -1 -1 -1 -1 -1 -1 -1 -1 -1 -1 -1 -1 -1 -1 -1 -1 -1 -1 -1 -1 -1 -1 -1 -1 -1 -1 -1 -1 -1 -1 -1 -1 -1 -1 -1 -1 -1 -1 -1 -1 -1 -1 -1 -1 -1 -1 -1 1.8 32 38.1 56.3 63.9 90 100.5 117.2 135 137.7 149.2 153.4 156.8 159.9 162.6 164.6
-1 -1 -1 -1 -1 -1 -1 -1 -1 -1 -1 -1 -1 -1 -1 -1 -1 -1 -1 -1 -1 -1 -1 -1 -1 -1 -1 -1 -1 -1 -1 -1 -1 -1 -1 -1 -1 -1 -1 -1 -1 -1 -1 -1 -1 -1 -1 -1 -1 -1 -1 -1 -1 -1 -1 -1 -1 -1 -1 -1 -1 -1 -1 -1 -1 -1 -1 -1 -1 -1 -1 -1 -1 -1 -1 -1 -1 -1 -1 1.1 26.7 62.9 69.7 76.2 84.1 106.1 119.8 139.3 142.5 152.2 155.4 158.1 161.2 163.2 165.4 167
-1 -1 -1 -1 -1 -1 -1 -1 -1 -1 -1 -1 -1 -1 -1 -1 -1 -1 -1 -1 -1 -1 -1 -1 -1 -1 -1 -1 -1 -1 -1 -1 -1 -1 -1 -1 -1 -1 -1 -1 -1 -1 -1 -1 -1 -1 -1 -1 -1 -1 -1 -1 -1 -1 -1 -1 -1 -1 -1 -1 -1 -1 -1 -1 -1 -1 -1 -1 -1 -1 -1 -1 -1 -1 -1 -1 1 1.3 4.4 29.6 81.6 87.5 102.7 102.6 114.1 131.3 136.1 149.5 153.6 158.2 160.9 163.4 165.2 166.5 167.5 168.8
-1 -1 -1 -1 -1 -1 -1 -1 -1 -1 -1 -1 -1 -1 -1 -1 -1 -1 -1 -1 -1 -1 -1 -1 -1 -1 -1 -1 -1 -1 -1 -1 -1 -1 -1 -1 -1 -1 -1 -1 -1 -1 -1 -1 -1 -1 -1 -1 -1 -1 -1 -1 -1 -1 -1 -1 -1 -1 -1 -1 -1 -1 -1 -1 -1 -1 -1 -1 -1 -1 -1 -1 -1 -1 1.5 18.6 37.7 45.5 62.3 86.1 108.5 118.4 135.8 137.1 138.8 147.2 153.4 159.5 161.4 163.2 165.5 167.4 168.9 169.4 169.8 171
-1 -1 -1 -1 -1 -1 -1 -1 -1 -1 -1 -1 -1 -1 -1 -1 -1 -1 -1 -1 -1 -1 -1 -1 -1 -1 -1 -1 -1 -1 -1 -1 -1 -1 -1 -1 -1 -1 -1 -1 -1 -1 -1 -1 -1 -1 -1 -1 -1 -1 -1 -1 -1 -1 -1 -1 -1 -1 -1 -1 -1 -1 -1 -1 -1 -1 -1 -1 -1 -1 -1 0.5 1.5 36.1 58.1 72.2 95.1 108.7 105 125.2 139.8 149.4 151.9 154.7 157.1 158 162.5 163.9 166 167.8 169.6 171 171.9 172.2 172.4 173.3
-1 -1 -1 -1 -1 -1 -1 -1 -1 -1 -1 -1 -1 -1 -1 -1 -1 -1 -1 -1 -1 -1 -1 -1 -1 -1 -1 -1 -1 -1 -1 -1 -1 -1 -1 -1 -1 -1 -1 -1 -1 -1 -1 -1 -1 -1 -1 -1 -1 -1 -1 -1 -1 -1 -1 -1 -1 -1 -1 37 -1 -1 -1 -1 -1 -1 -1 -1 -1 1.3 14.9 32.9 51 88.5 111.9 118 125.4 139.1 142.3 145.4 150.8 154.2 156.5 158.8 161.3 163.9 165.9 167.8 169.9 171.6 172.5 173.8 174.6 174.6 174.7 175.5
-1 -1 -1 -1 -1 -1 -1 -1 -1 -1 -1 -1 -1 -1 -1 -1 -1 -1 -1 -1 -1 -1 -1 -1 -1 -1 -1 -1 -1 -1 -1 -1 -1 -1 -1 -1 -1 -1 -1 -1 17.1 -1 -1 -1 -1 -1 -1 1.2 20.7 46.3 59 53.3 43.5 50.3 69.7 69 72 76.6 82.6 80.1 72.6 66 63.1 36.9 30.6 47.8 23.5 25.4 30.3 40.9 56.3 72.4 92.9 123 140.3 146.9 149.3 152.6 154.3 154.6 155.9 158.4 160.2 162.2 164.3 166.6 169 171.3 173.6 175.1 175.4 176.5 176.8 176.8 176.7 177.7
-1 -1 -1 -1 -1 -1 -1 -1 -1 -1 -1 -1 -1 -1 -1 -1 -1 -1 -1 -1 -1 -1 -1 -1 -1 -1 -1 -1 -1 -1 -1 -1 -1 -1 -1 -1 -1 -1 -1 -1 59.3 -1 -1 -1 45.4 55.7 64.2 73.2 73.8 92.5 97.3 102.3 105 107.3 100.4 97.2 105 112.5 117.5 118.9 107.8 101.1 111.6 97.4 87.1 89.7 71.4 62.3 64.9 74.9 85 103.8 127.1 141.4 148.1 151.9 154.1 156 157.6 158.4 160 161.6 163.2 165 167.6 170.2 172.4 174.6 176.8 178.1 178.6 179 179 179.1 179.2 179.8
-1 -1 -1 -1 -1 -1 -1 -1 -1 -1 -1 -1 -1 -1 -1 -1 -1 -1 -1 -1 -1 -1 -1 -1 -1 -1 -1 -1 -1 -1 -1 -1 -1 -1 -1 -1 -1 35.3 52.7 87.4 95.7 71.6 64.2 86.1 86.9 91.4 96.5 104.1 116.3 129.7 142.5 141.1 139.4 138.7 134.8 130 130.8 120.3 131.3 134.9 136.7 133.2 138.4 134.1 123.5 115.1 115.7 118.5 119.1 111.8 112.5 123.1 142.2 148 150.7 153.4 155.8 157.8 159.6 160.9 162.1 163.9 165.9 168.4 171.1 173.3 175.5 177.7 180 181 181.4 181.5 181.5 181.6 181.7 181.9
-1 -1 -1 -1 -1 -1 -1 -1 -1 -1 -1 -1 -1 -1 -1 -1 -1 -1 -1 -1 -1 -1 -1 -1 -1 -1 -1 -1 -1 -1 -1 -1 -1 -1 39 51.4 67.2 106.6 106.6 124.5 125.4 120.6 119.4 126.5 135.1 131.1 136.9 143.4 153.4 155.6 155.2 152.8 151.6 149.3 146.9 144.9 141.5 135.4 136.8 141 144.4 147.6 152.6 155.8 155.3 150.9 153.8 145.9 146.3 147.7 148.1 146.6 147.1 150.6 152.9 155.3 157.4 159.5 161.1 162.9 165.1 166.9 169.3 171.9 174.4 176.3 178.4 181 182.7 183.5 183.9 183.9 184 183.4 183.4 183.3
-1 -1 -1 -1 -1 -1 -1 -1 -1 -1 -1 -1 -1 -1 -1 -1 -1 -1 -1 -1 -1 -1 -1 -1 -1 -1 -1 -1 -1 -1 -1 -1 40.7 76 101.6 108.7 123.7 127.6 133.2 135.7 138.2 140.3 142.5 146.4 149.8 154.3 159 162.1 163.7 163 160.3 158.1 156.2 154.4 152.8 150.6 147.3 143.9 137.6 144.9 148.4 152.5 156.1 158.6 160 160 160.1 157.1 155.1 153.9 153.2 151.4 150.9 153.4 155.7 157.7 159.5 161.3 163.3 165.4 167.6 170.4 172.9 175.1 177.3 179.2 181.4 183.6 184.7 185.2 185.5 185.3 185 184.6 184.2 183.6
-1 -1 -1 -1 -1 -1 -1 -1 -1 -1 -1 -1 -1 -1 -1 -1 -1 -1 -1 -1 -1 -1 -1 -1 -1 -1 -1 -1 58.2 67.3 71.1 80.2 96.5 109.6 119.8 128.1 133.7 137.7 141.2 144.1 147.3 150.1 153.2 155.8 158 163.4 167.6 170.6 171.7 171.2 167.6 163.6 159.7 157.9 155.8 154.2 152.4 148.9 147 149.1 152.3 155 157.7 159.6 161.2 162.1 161.7 159.8 158.1 156.7 155.8 154.4 154.1 155.5 157.5 159.6 161.3 162.7 164.8 166.9 169.2 172.4 174.4 176.5 178.6 180.7 182.8 184.5 185.6 185.7 185.6 185.2 184.9 184.4 183.3 182.8
-1 -1 -1 -1 -1 -1 -1 -1 -1 -1 -1 -1 -1 -1 -1 -1 -1 -1 -1 -1 -1 -1 -1 -1 -1 -1 38.7 65.9 77.1 94.2 99.5 106.4 110.1 119.7 128.7 135.3 140.5 145.2 150.1 153.1 156.2 159.6 161 162.6 165.3 171 178.8 180.7 179.4 177.6 172.5 168.3 164.3 161.1 157.5 156 154.8 153 151.9 152.7 154.2 156.5 159 160.5 161.3 161.8 161.5 160.5 159.6 158.3 157.1 156 155.8 156.9 158.8 160.6 162.3 164.3 166.1 168 171 172.9 174.5 176.8 179 181.1 183.1 184.6 185.4 185.5 185.2 184.9 184 182.7 181.8 181.4
-1 -1 -1 -1 -1 -1 -1 -1 -1 -1 -1 -1 -1 -1 -1 -1 -1 -1 -1 -1 -1 -1 -1 -1 -1 -1 51.4 73.8 91.3 105.7 111.7 117.6 121.2 127.9 135.3 140.1 146.9 152 157 159.4 161.4 164.2 167.7 170.1 174 179.5 184.4 184.9 184.4 181.4 174.8 171.8 167.7 163.4 160.1 158.4 156.8 155.4 154.7 155.2 156.1 157.8 160.2 161.5 161.5 161.4 161.2 160.5 159.7 159 157.8 156.6 156.2 157.5 159.4 161.1 162.6 164.2 165.3 167.8 170.1 171.8 173.3 175.9 178.8 179.2 182.9 183.9 184.3 184.1 183.5 183.4 182.6 181.3 180.3 179.8
-1 -1 -1 -1 -1 -1 -1 -1 -1 -1 -1 -1 -1 -1 -1 -1 -1 -1 -1 -1 -1 -1 -1 -1 -1 -1 67 92.9 107.4 115.6 121.4 125.6 129.2 133.7 140 145.3 153 158.9 161.6 164.5 167.9 171.9 173.9 177.8 180.8 183.8 185.6 185.4 184.2 181.5 177.4 173.3 168.6 165.2 162.3 160 158.6 157.5 156.8 157.3 158.4 159.9 161.7 161.9 161.5 161.2 160.9 160.5 159.6 159.1 158.3 157.1 157 158.4 159.8 160.9 161.9 163.6 164 166 168.3 170.4 172.7 175.8 178.2 178.4 180.3 181.2 181.7 181.8 181.8 180.9 180 179.3 178.4 178
-1 -1 -1 -1 -1 -1 -1 -1 -1 -1 -1 -1 -1 -1 -1 -1 -1 -1 -1 -1 -1 -1 -1 -1 -1 51.1 81.5 107.1 117.5 123.3 127.6 131.2 132.3 139.6 144.1 149.3 156.5 160.2 165.3 168.7 172.6 174.3 177.3 181.5 183.7 184.7 185.3 184.4 183.3 181 178 173.9 169.1 166.3 163.9 161.4 159.8 158.8 157.9 158.8 159.5 161.2 162.1 161.8 161.4 160.9 160.5 160.2 159.7 159.2 158.8 157.6 157.9 158.7 158.8 158.7 159.7 160.3 161.7 164.2 167 169.4 171.5 173.1 175.3 175.9 177.3 177.8 178.2 178.6 178.4 178.1 177.6 176.8 176.3 175.9
-1 -1 -1 -1 -1 -1 -1 -1 -1 -1 -1 -1 -1 -1 -1 -1 -1 -1 -1 -1 -1 54.1 -1 -1 -1 72.7 94.3 114 123.1 128.5 132.7 135.7 139.4 142.9 147.7 152.8 157.7 162.2 164.9 169.1 172.1 175.3 179.4 183.4 184.2 184.2 183.4 182.6 181.4 179.4 176.5 172.9 169.3 166.5 164.5 162.6 160.7 159.6 158 158.9 160.1 160.7 161.4 161.4 161 160.5 160 159.8 159.6 159.3 158.9 157.8 157.8 158 157.4 156.8 157.5 158.9 161.1 163.4 165.6 167.2 169.2 170.6 172.2 173.2 174.3 174.6 175 175.3 175.6 175.5 175.2 174.7 174.3 173.8
-1 -1 -1 -1 -1 -1 -1 -1 -1 -1 -1 -1 -1 -1 -1 -1 -1 60.9 73.5 79.1 84.4 84.8 -1 -1 70.2 97 112.6 121.8 129.9 136.4 140 140.7 144.1 147 150.7 154.9 158.4 161.1 164.2 166.9 169.6 172.8 177.6 180.6 181.7 181.3 180.7 179.7 178.4 176.9 174.4 172 169 166.8 164.2 162.8 161.5 160 158.2 158.5 159.6 160 160.3 160.7 160.4 160 159.5 159.3 159.2 158.7 157.9 156.1 155.6 156 155.5 155.3 156.8 158.9 160.8 162.2 163.6 165.1 166.9 168 169.3 170.6 171.2 171.6 172 172.4 172.7 172.6 172.7 172.2 171.7 171.2
-1 -1 -1 -1 -1 -1 -1 -1 -1 -1 -1 -1 -1 -1 -1 44.4 57.5 71.3 83.7 90.6 95.7 99.4 102.5 105.6 109.9 116.5 121.5 131.6 136.9 139.8 142.8 144.3 147.2 149.4 153.5 155.9 157.5 158.9 161 163.8 166.4 169.5 172.3 174.8 175.2 175.5 176.4 175.6 174.6 173.3 171.6 169.8 167.8 165.2 163 161.9 160.6 159.4 157.9 157.7 158.8 159.2 159.5 159.7 159.4 159.1 158.7 158.9 157.9 156.7 155.7 154.3 153.2 153.3 152.9 153.4 156.2 157.7 159 160.3 161.7 163.3 164.4 165.5 166.9 167.8 168.6 169 169.4 169.8 169.9 169.7 169.7 169.6 169.1 168.2
-1 -1 -1 -1 -1 -1 -1 -1 -1 -1 -1 -1 -1 -1 -1 -1 50.1 73.1 88.4 95.4 100.8 105 109.2 113.9 118.8 123.7 130.5 135.4 139.1 141.5 144.2 146.7 148.5 151.3 154 154.9 155.8 156.3 158.6 160.5 162.1 163.8 165.2 167.8 169.3 170.8 170.9 169.9 169.9 169.1 167.8 166.8 165.4 163.3 161.5 160.3 158.9 157.7 155.6 156.3 157.2 157.3 157.4 157.6 157.8 157.7 157 157.1 156.2 154.4 152.9 151.1 150.9 151.1 149.6 152 154.1 155.5 156.9 158.4 159.8 160.8 161.8 163.2 164.4 165.1 165.9 166.5 166.9 167.2 166.9 166.6 166.5 166.2 165.8 164.5
-1 -1 -1 -1 -1 -1 -1 -1 -1 -1 -1 -1 -1 -1 -1 -1 42.6 51.1 91.2 98.5 103.8 108.6 112.9 117.8 122.7 127.4 130.7 133.9 137.5 140.5 143.4 145.2 147.4 150.5 151.9 152.3 152.5 153 155.3 156.4 158 159.2 160.9 162.9 163 164 164.6 165.1 164.7 164.2 164.2 163.2 162.2 160.9 159.4 157.3 156.2 155.4 153.7 154.3 154.2 154.3 154.6 154.8 155 155.5 155.8 155.2 153.9 151.8 150.2 148.4 148.6 148.5 146.7 149.9 151.5 152.6 153.2 154.9 156.6 158 159.1 160.4 161.3 162.1 162.9 163.6 164.1 164.1 163.7 163.4 163.2 162.7 161.9 160.4
-1 -1 -1 -1 -1 -1 -1 -1 -1 -1 -1 -1 -1 -1 -1 -1 -1 2.4 95.2 102.4 107.6 111.8 116.1 119.5 123.7 126.5 128.8 131.9 134.3 137.7 140.4 142.2 144.4 146.1 147.1 147.5 148.2 149.6 151.2 153 154.4 156.8 157.7 158.4 159 159.9 160.4 161.1 161 160.7 160.5 159.8 158.9 157.7 156.2 154.7 153.2 152.7 151 151.1 151.3 151.3 151.5 151.7 151.6 151.9 152 152 150.4 149.1 147.5 145.6 145.6 144.5 145.1 147.6 149.2 150.1 151.3 152.7 154.2 155.6 156.9 158.2 158.6 158.9 159.7 160.4 160.9 160.8 160.8 160.7 160.5 160 159 158.2
-1 -1 -1 -1 -1 -1 -1 -1 -1 -1 -1 -1 -1 -1 -1 -1 -1 0 101.6 106.8 111.9 114.8 118.4 119.9 122.2 123.5 126.1 128.6 131.2 133.9 136.3 138.3 139.5 141 142.7 143.1 144.6 145.9 146.8 148.7 150.7 152.8 154.3 154.8 155.3 156.3 157.2 157.5 157.8 157.4 156.6 155.6 154.6 153.9 153.2 152.1 150.6 149.5 147.6 147.7 147.5 147.6 148.1 148.5 148.6 148.8 148.8 148.1 147.1 146.1 144.8 143.1 142.5 141.7 143.4 145.3 147 148.2 149.8 150.9 152.3 153.6 154.8 155.7 156.2 156.7 157.2 157.6 158 158 158 157.7 157.2 156.4 154.8 152.4
-1 -1 -1 -1 -1 -1 -1 -1 -1 -1 -1 -1 -1 -1 -1 -1 -1 56.5 106.6 110.5 113.9 116.1 117.1 118.6 119.9 121 122.5 125 127.4 129.5 131.8 133.6 134.9 136.9 138.7 140 141.5 142.9 144 145.8 147.1 148.8 150.8 151.3 152.4 153.2 153.8 153.9 154.2 154 153.2 152.3 151 150.2 149.5 148.5 147.2 145 143.7 143.8 143.7 143.9 144.5 145.2 145.5 145.7 145.4 144.7 144.2 143.6 142.5 140.9 139.5 139.6 141.6 143.4 145.1 146.7 148.2 149.5 150.5 151.6 152.7 154.4 154.6 154.8 155 155.1 155.3 154.9 154.9 154.5 153.5 151.7 148.8 152
-1 -1 -1 -1 -1 -1 -1 -1 -1 -1 -1 -1 -1 -1 46.7 81.1 92.4 103.2 106.9 110.4 113 114.5 115 115.9 116.5 117.6 119.7 121.6 123.6 125.5 127.1 129.2 130.9 133.3 135 136.9 138.7 140.2 141.3 143.1 144.4 146.1 147.5 148.1 148.4 148.9 149.4 150.1 149.8 149.2 149 148.9 147.9 146.6 145.9 144.7 143.5 142.5 140.3 139.3 140 140.7 141.3 142 142.3 142.6 142.4 142.3 142.1 141.4 140.7 139.3 137.7 137.8 139.5 141.2 142.8 144.4 146.1 147.2 148.3 149.4 150.3 151.5 152 152.2 152.2 152.1 151.7 150.9 151.5 151 149.6 147 147.1 150.9
-1 -1 -1 -1 -1 -1 -1 -1 -1 -1 -1 -1 32.4 59.8 84.5 93.3 99.2 102.8 105.1 107.3 109.2 109.5 110.1 111.3 112.5 114.3 116.5 118.6 120.6 122.5 124.2 125.9 127.9 129.7 132 134 135.9 137.5 138.7 140.1 141.8 143.2 144.2 144.5 145.1 145.5 145.8 146.1 145.4 145.2 145.4 145.1 144.5 143.3 142.2 141.4 140.6 138.3 135.1 136.2 137 137.6 138.2 138.7 139.1 139.6 140.1 140.4 140.2 139.7 139.1 138 136.4 136.2 137.3 138.9 140.6 142.2 143.8 145.1 146.1 147.1 148.1 148.8 149.2 149.4 149.3 149.1 148.9 148.2 148.3 147.7 146.3 142.8 147.1 149.1
-1 -1 -1 -1 -1 -1 -1 -1 -1 -1 55.7 70.7 78.9 87.2 93.1 97 100.3 103.6 105.3 104.9 105.3 105.6 105.8 107.1 109.1 111.4 113.7 115.6 117.5 119.5 121.2 123 125.1 127.3 129.5 131.6 133.5 134.9 136.2 137.3 139 140.2 141.1 141.9 142 142.2 142.5 142.4 141.5 141.5 141.8 141.7 141.1 140 139 138.2 137.2 135.1 132.2 132.5 133.3 134.1 134.8 135.6 136 136.5 137 137.4 138.1 138 137.6 136.6 134.9 133.6 135 136.9 138.5 140.1 141.7 142.9 143.9 144.9 145.8 146.2 146.6 146.5 146.4 146.3 146.1 145.9 145.4 144.6 142.8 143.4 146.4 147.4
-1 -1 -1 -1 -1 -1 -1 -1 -1 -1 72.1 83.9 92.5 96.4 100.6 102.3 104.7 107.5 107.8 106.6 106.7 104.9 103.9 105.1 106.8 108.7 111.1 112.9 114.6 116.5 118.3 120.3 122.6 125.1 127.4 129.4 130.8 132.1 133.4 134.8 136.2 137.3 138.2 138.8 139 139 139.3 139.1 138.8 138.5 138.6 138.5 137.8 136.9 136 134.8 133.5 132 129.9 129 129.4 130.5 131.3 132.1 132.9 133.4 134 134.7 135.4 135.7 135.3 134.9 133.9 131.7 132.7 135.2 136.7 138.3 139.9 140.7 141.8 142.7 143 143.6 143.7 143.6 143.4 143.3 142.9 142.6 142.6 141.4 137.7 142.1 144.1 145.3
-1 -1 -1 -1 -1 -1 -1 -1 -1 13.3 82.3 93.1 99.3 103.4 105.7 107.1 108 109 109.5 108.5 108 105.7 103.6 103.9 105.4 106.8 108.4 110.4 112.1 113.7 115.7 117.7 120 122.6 124.4 126 127.8 129.1 130.3 132 133.1 134 135 135.4 135.5 135.8 136.1 136 135.8 135.5 135.1 134.7 134.7 133.9 133 131.8 130.5 128.9 127 125.3 125.7 126.8 127.8 128.6 129.4 130.5 131.3 132.1 132.8 133.1 133.2 132.8 132.3 131.4 130.4 133.4 135.2 136.8 137.9 138.3 139.7 140.4 140.3 141 140.8 140.7 140.5 139.9 139.5 139.7 140.7 140.1 136.8 139.8 141.4 143.1
-1 -1 -1 -1 -1 -1 -1 -1 -1 75.1 91 99.7 106 110.6 114.1 115.6 114.8 112.9 111.7 110 108 105.3 103.3 102.7 104.1 105.5 106.5 107.5 109.5 111.5 113.5 115.3 117.3 119.4 121.1 122.9 124.7 126 127.1 128.1 128.9 129.8 131.3 132.1 132.3 132.6 132.9 133 132.7 132.7 132.3 131.9 131.8 131.1 130.3 129 127.6 126.1 124.6 121.4 122.1 122.9 124.4 125.2 126.2 127.3 128.4 129.3 130.2 130.7 130.8 130.7 130.6 130.2 128.2 132 133.9 135.1 136.2 136.6 137.4 137.9 137.9 138.4 138.3 138.2 137.6 137.1 136.9 137.3 137.8 138 136.4 137.4 139.6 141.3
-1 -1 -1 -1 -1 -1 -1 -1 15.3 25.2 101.3 109.2 113.9 118.7 122.6 123.2 121.4 116.9 114 111.3 108.3 105 103 101.6 101.9 102.9 103.5 105.3 107.2 109.2 111.3 113.5 115.5 117 118.3 120.2 121.3 122.3 123.1 124 124.7 126.1 127.6 128.2 129.1 129.4 129.7 129.9 129.9 129.9 129.6 129.1 128.8 128.3 127.6 126.3 124.8 123.5 122.4 119.7 117.1 119 120.5 121.9 123 124.2 125.3 126.6 127.7 128.2 127.4 126.9 128.3 127.3 126.5 130.3 131.9 133.3 134.3 134.9 135.6 136.3 136.1 136.2 136 135.8 135.3 135 134.9 135.2 136.1 135.5 133.6 136.3 138.4 139.6
-1 -1 -1 -1 -1 -1 -1 2.9 46.9 60.3 107.6 112.5 118.4 123.7 126 126.1 124.9 121.7 115.3 111.1 106.9 104.3 102.7 101.3 100.2 100.5 101.4 103 104.7 107.4 109.2 111.3 113.2 114.6 116 116.6 117.7 118.4 119.2 120 121 122 123.7 124.4 125.3 126.1 126.4 126.8 127 127 126.8 126.3 125.9 125.4 124.8 123.4 122 121 119.9 117.7 114.6 113.3 116.1 118.6 119.9 121.1 122.3 123.7 124.9 125.7 125.8 125.8 126 123.8 125 128.1 129.6 130.7 131.5 132.8 134.4 134.8 134.5 134.2 134 133.8 133.1 132.9 132.9 132.8 133.9 132.9 130.8 135 136.8 137.6
-1 -1 -1 -1 -1 -1 66.4 86.8 95.7 102.7 108.8 113.3 117.6 123.2 126.4 126.8 125.9 122.1 112.9 107.7 104.3 102.4 101.1 100.2 99 98.5 98.8 100.8 102.6 105.1 107.4 109.9 111.7 112.9 113.1 113.8 114.4 114.9 115.3 115.5 116.7 118.7 119.6 120.3 121.2 122.3 123.3 123.9 124.2 124.3 124 123.5 123 122.4 121.8 120.5 119.5 118.4 117.3 115.5 113 109.4 112.7 115 116.4 118.2 120 121.5 122.5 123.1 123.5 123.9 123.3 120.2 123.1 125.2 126.2 128.3 128.4 131.6 132.9 133.2 132.9 132.5 131.9 131.7 131.5 130.9 131.6 130.4 130.2 127.1 131 133.1 135.1 135.9
-1 -1 -1 -1 -1 56.9 81.2 90.8 97.8 103.2 107.7 111.9 118.5 126.3 129.5 130.7 130.9 127.1 113.5 105.7 102 100.6 99.2 98.2 97 96.4 96.7 97.5 100.6 104.1 106.9 108.7 110.1 110.7 110.9 111.2 111.1 110.8 111 112.3 113.6 115.1 115.7 115.8 116.8 118.2 119.5 120.6 121.2 121.6 121.2 120.4 120 119.4 119.2 118.1 117.2 116 114.9 112.5 110.6 104.8 108.6 110.9 113.1 116.1 118.1 119.3 120.3 120.6 121 121.6 121.3 118.6 120.5 121.9 123.9 124.7 127.4 129.7 131.1 131.6 131.6 131.2 130 129.3 128.8 129.5 130.6 127.6 125.3 129.4 131.6 131.4 132.8 134.4
-1 -1 -1 -1 -1 71.7 91.9 96.5 101.3 104.6 108.1 112.4 118.4 125.7 129.6 130.2 131.1 127.6 119 105.2 99.6 98 97 95.9 94.8 93.5 94.5 95.8 100.1 103.5 105.6 107.4 109 109.1 108.9 108.7 106.6 106.4 105.2 106.5 108.6 109.8 108.4 110 112.5 114.5 116.6 117.7 118.5 119.1 118.8 118.1 116.8 116.3 116.4 115.6 114.7 113.7 112.8 111.5 108.7 103.4 105.6 107.8 110.2 113.3 115.5 117.2 118.3 118.8 119 119.5 119.3 117.8 118.3 119.5 121.2 124.3 126.1 127.9 129.3 129.9 130.2 130 128.8 127.6 127 127.5 125.8 119.4 127.8 129.3 130.4 130.2 131.4 132.8
-1 -1 -1 -1 66.7 92.8 94.9 98.4 100.7 103.3 106.4 110.3 115.1 117.9 121.2 125.3 127.3 125.1 117.5 102.7 95.8 93.9 93.3 92.8 90.1 88.9 91.5 95.6 99.5 102.8 105.1 106.3 107.2 107.8 107 106.1 104 100.7 99.4 101.5 103.4 104.8 106 107.2 109.1 111.3 113.5 115.4 116 116.5 116.4 115.6 114.6 113.8 114 113.3 112.5 111.4 110.6 109.3 106.3 100.1 101.7 104.8 107.7 109.6 112 114.9 116.3 117.2 117.6 117.7 117.4 115 116.1 117.7 120.6 122 124.6 126.4 127.7 128.2 128.8 128.4 127.4 125.9 124.5 125.5 117.1 123.7 126.7 127.5 128.1 128.2 127.3 131
-1 -1 -1 -1 88.4 97.3 96.7 97.4 98.3 101.4 104 106.2 109.6 111.8 113.1 113.3 118.6 116.1 110.8 97.8 91.4 90.1 89.6 85.7 82.2 89.5 92.7 95.9 99.1 102.6 104.3 105.2 105.4 105.7 105.4 104.2 101.6 97.2 91.9 95.9 98.6 99.7 100.2 102.1 105.9 108.6 111.3 113.1 113.9 114.1 113.6 113.4 112.8 111.2 111.6 111.1 110.4 109.3 107.8 106.3 104.1 100.9 99.9 103.8 105.7 106.8 109.1 112.6 114.2 115.3 115.7 115.8 115.5 113.5 113 116.6 119.2 120.7 123.1 124.3 125.6 126.2 126.6 126.3 125.5 124 123.3 120.2 113.5 122.2 124.5 125.7 126.3 123 127 129.3
-1 -1 -1 -1 100.2 99.3 93.7 91.4 93.9 98.3 101.3 102.9 103.1 103.2 102.7 103.7 104.4 103.9 95.6 90.3 85.9 85.9 84.9 79.1 87.6 90.7 93.4 96.3 99.7 102.1 103.5 104.2 104.2 104.3 104 102.7 100.7 96.7 91 91.9 93.9 95.8 96.8 99.5 103.4 106.3 108.8 111 111.9 111.9 110.8 110.3 109.8 109.5 109.5 109 108.3 106.9 104.6 102.3 100.4 96.4 97.6 101.6 104 106.3 107.7 110.8 112.4 113 113.8 113.3 112.1 111 113.5 115.5 117.3 120 121 121.8 123 123.8 124.1 123.7 123.1 121.8 121.8 116.9 112.2 120.4 122.1 123.8 122.7 113.9 124.8 126.5
