UK/data/nb/nb31_OST50GRID_20230518/NB31.asc
ncols 200
nrows 200
xllcorner 130000
yllcorner 910000
cellsize 50
[rows 114 to 151 of 200, columns 0 to 84 of 200]
257.8 265 269.5 268.5 264.9 261.2 249.9 242.2 239.9 234.7 226.2 198.6 174.4 163.5 141 133 124.2 111.6 102.8 102.4 92 80.9 75.3 69.8 63.2 59.4 60.1 55.8 51.4 50.3 48.3 53.3 57.3 55.7 52 51.5 44.6 44.9 42.6 40.5 36.2 36.1 37.6 36.8 37.4 37.9 39.1 36.9 34.2 39.7 39.5 34.3 30.3 27.4 30 37.9 53.7 45.7 38 31.1 35.9 39.2 36.6 31.1 28 25.2 32.3 36.7 42 43.9 42.6 38.6 38.6 46.6 52.8 45.9 44.8 44.8 52.6 46.4 41.9 37.2 37.2 37.2 37.2
259.5 262.3 264.9 265.6 270 261.9 254.8 244.2 243.9 240.1 227.4 203 169.5 152.3 139.8 128.2 116.4 107.8 99.9 101.3 94.4 83.1 76.6 74.4 63.5 60.9 57.9 52.8 49.7 47.1 48.7 50.7 55.1 60.3 55.9 51.4 46 46.2 44.9 42.6 39.9 39.7 40 39.1 38.6 37.9 38.5 37.1 34.8 38.3 38.4 35.6 33.3 31.8 33.2 35.1 46 44.1 39.1 33.1 36.3 43.1 40.1 36.2 26.7 25.2 26 34.6 38.5 41.9 43.2 41.9 38.6 44.3 45.8 45.2 47.1 50.6 56.3 49 47.5 41.4 37.2 37.2 37.2
259.8 266.1 265.1 266.3 274.4 270.8 258.8 252 246.4 243.7 232 200.3 166.1 152.2 133.6 121.4 110.4 101.4 99.3 97 91.6 83.3 79 77.7 70 61.6 57 53.4 51.3 46.1 46.9 50.8 56 58.2 56.4 50.4 49.5 51.4 57.1 49.4 44.3 42.9 43.2 40.5 40.9 37.4 36.4 34.2 34.8 38 37.1 36.3 36.2 34.4 39.4 37.6 40.4 45.1 40.1 34.8 35.7 47.4 44.8 39 31.8 25.2 25.2 32.8 38.1 39.7 44.2 45.1 38.6 38.6 45.5 46 48.4 52.7 54.2 57.2 59.7 47.2 47.7 40 42.3
265.3 267.6 268.8 268.6 273.8 274.4 272.6 260 252.5 247.8 233.9 202.4 166.4 156 133.7 120.9 110.6 98.6 96.2 91.8 89.7 84.4 84.6 83 71.2 62.2 55.1 52.4 49.4 46.7 46.5 51.1 53.8 53.8 53.1 53.8 54.4 56.4 57.6 51.6 47.1 43.5 41.9 39.7 38.7 42.2 41.9 37.3 35.9 38.6 40.9 35.5 33.8 33.4 41.7 40.7 40.7 39.4 37.9 36.3 38 43.9 48.7 46.8 40.9 29.2 25.2 30.9 39.3 40 45.6 46.2 43 38.6 45 49.8 57.5 62.9 64.4 62.8 61.8 53.3 46.7 41.6 41.1
269.1 271.1 270.8 270.8 273.9 278 281.7 266.8 259.4 259.1 238.1 211.9 171.4 168.6 155.8 121.6 110 102.3 94 85 87.3 86.7 85.4 80.1 71.9 61 54.7 51.4 51.2 44.1 44.3 51 53.5 52.6 55.1 54.3 58.3 66.1 61.7 54.2 49 45.4 43.1 43.9 42.4 41 39.3 37.5 35.2 34.4 34.4 36.7 36.2 33 40.3 46.1 42.2 41.5 41.1 36.2 40.1 42.6 54.9 51.2 51.3 36.7 25.6 29 35.7 40.2 44.4 44.8 43.6 43.1 48.9 66 66 71.3 68 63.9 60.5 55.6 51.2 47.2 45.8
270.2 274.4 276.1 272.8 274 277.6 280 273.4 265 261 241.1 203 173.6 166.8 142 127.4 109 102.1 94.6 85 85 87.6 85.5 76.3 67.9 59.3 57 51.5 49.7 44.1 44.1 51.9 54.5 56.5 55 55.9 59.3 63 62.4 52.5 50.4 45.1 45.9 48.6 50.7 43.1 39.6 35.3 37.1 34.4 37.1 40.4 34.8 33 39.5 42 44.6 51.5 47.4 41 40.6 38.3 44.3 46.5 52.2 42.5 28.7 27.6 32.1 42.1 45.3 46.9 45.7 46.6 60.9 77.6 74.5 70.5 69.5 64.2 60.8 60.3 50.9 50.9 48.6
273.4 275.6 277.5 273.6 279.3 274.8 273.6 271.5 265.5 253.4 235 206.2 179.2 168 148.3 123.4 107.7 103.4 97.1 86.6 85 89.2 85.8 76.8 67.6 59.9 53.9 51.7 47.6 44.1 44.1 49.4 52.1 55.3 54.8 55 53.8 54.3 53.3 50 47.5 45.6 49.9 50.9 48.4 45.9 41.3 36.1 34.4 34.4 34.4 40.1 36.9 32.8 36.6 38.7 44.8 53.3 54 51.5 52.4 42.5 38.3 44 46.3 43.6 33.5 28 30.4 35.6 44.4 47.3 44.4 46.1 61.5 77 77.1 70.9 67.7 65.6 63.3 60.7 56.2 52.6 56.6
280.2 280.9 276.7 273.3 271.1 274.9 272.2 263.1 257.7 247.8 229.6 212 184.1 174.5 149.5 123.5 107.1 101.5 98.2 88 85 90 86.4 79.3 69.7 65.4 57.8 51.9 47.7 44.1 46.7 49.2 50.7 52.2 53 53.1 51.7 51.9 50.5 49.6 48.5 50.2 49.7 51.3 52 57.4 52.2 46 38.2 34.6 34.4 35.1 34.7 33 36.5 40.1 41.8 55.8 53.7 55.7 57.9 54 38.3 40.1 45.1 42.7 35.8 29.1 28.9 32.7 39.7 41.5 41.8 46.5 55.5 69.8 68.5 68.6 67.6 67.6 65.1 61.1 62 60 56.9
277.9 275.9 275.1 268.1 266.4 265.8 262.7 253.7 246.8 242 223.3 211.7 185.5 174.9 155.5 124 110.2 103.4 99.5 89.3 88.4 87.4 84.8 80.1 71.4 67.3 62.1 54.8 48.6 45.1 44.1 49 49.5 50.3 51.3 50.9 50.7 49.7 49.8 49.4 52 52.9 51.9 55.4 65.2 67.5 65.5 56.8 50 44.2 35.5 34.4 34.7 33 36.6 38 43 50.4 53.6 56.2 60.1 60.9 44.4 40.7 40 39.8 36.2 33.3 30.6 33.1 34.1 36.9 43.1 46.8 51 58.3 63.1 63.6 66.6 68.1 68.1 68.9 79.1 69.5 57.9
271.6 270.4 265.2 258.1 256.9 259.8 258.1 251.8 238.8 232.1 220.2 206.9 188.6 176.2 148.9 129.9 114.1 104.4 100.6 93.1 93.4 87.2 84.8 76.8 70.1 69.4 63.3 54.6 50.1 47.2 44.3 48.8 48.5 48.8 49.1 49.3 49.9 48.6 49.3 52.3 57.8 58.3 53.5 54.8 60.2 68.2 72.7 67 66.8 51 41.6 38.4 37.1 34.3 37.1 33.6 42.3 49.6 53.3 60.9 67.9 57.9 45.3 37.7 36 34.4 33.8 35.6 35.6 30.6 29.1 35.6 43.6 47 52.8 52.3 55.2 59.5 67 64 66.4 69.7 71.3 70.9 62.7
266.9 263.1 256.1 249.8 247.5 246.6 248.4 241.4 236.8 227.6 210.6 202.7 194.2 179.2 152.5 137.8 121.2 109.5 97.9 94.9 93.1 88.2 88.1 83.9 78.9 71.6 66.7 56.9 50.2 49.3 45.2 46.2 47.4 46.4 47.4 48.4 48.4 47 49.4 52.1 55 55.3 54.9 54.2 56.3 62.9 74.5 68.7 66.5 55.1 46.1 42.1 37.3 33.7 33 33.2 42.2 48.8 53.8 67.8 63.9 52.3 44.7 37.5 33.5 32.7 31.1 37.4 34 28.4 26.5 35.2 43.5 45.8 56.5 51.3 49.9 59.5 64.6 63.8 65.7 68.9 74.2 78.5 66.5
261.9 256 246.9 239.7 237.9 232.3 236.5 232.1 231 221.2 206.4 199.9 189.4 179 159.9 143.1 132 112.7 100.3 92.4 90.3 89.1 88.6 88.5 84.8 76.2 66.7 57.6 49.9 46.7 44.5 44.9 48.3 45.2 46.5 46.3 45.6 47.5 48.4 49.1 52.3 49.5 49.7 51.8 53.8 59.2 60.6 63.5 60 55.3 48.8 44.1 40.8 39 34.6 34.6 44.1 47.9 50.6 59.4 57.6 46.6 40.6 34.1 32.3 31.3 29 33.4 33.5 27.4 23.3 27.9 39 43.6 56.8 54.1 45.7 53.3 61.9 63.1 63.5 65.1 73.7 78.9 68.7
252.3 249 236.7 230.1 228.8 224.2 225.4 222.4 223.8 214.7 205.6 195.9 190.1 180.5 162.7 157.9 134.1 115.1 99.5 94.4 90.2 89.2 88.7 86.7 82.6 74.5 66.6 58 49.8 45.5 44.5 43.7 43.7 44.3 45.4 46.9 45.7 44.8 47.4 47.4 48.4 47.8 48.4 50.8 53.6 57.2 56.2 59.1 58.7 53 49 48.5 49 43.7 41 35.9 42.8 47.9 47 50.7 47.9 41.2 34.4 29.2 30.7 32.1 26 24.4 26.6 23.6 22.6 25.3 28.1 36.3 52.6 51.4 42.8 49 57.5 60 62.2 62.9 64.1 68.4 65.9
243.6 239.3 232.5 224.8 223 215.6 214 213.5 210.2 212 200.5 195.7 183.9 175.4 167.5 165.7 133.3 116 102.2 94.9 87 86.4 87.2 84.8 81.5 73 63.6 56.8 53.6 47.7 46.7 45.2 43 43.9 44.7 46.6 47.4 44 42.2 42.2 44.4 46 47.3 48.3 51.2 53.2 55 51.8 47.8 48.6 53.4 55.8 50.2 47.4 44 39.9 42.8 47.2 45.4 47.8 53 47.4 37.9 27.2 27.4 24.7 25.3 20.9 21.3 19.2 20.9 18.7 23.9 27.8 39.5 43.6 44.5 42.9 44.5 57.1 59.8 59 58.4 53.8 52.5
245.6 233 225.2 216 212.8 210.2 207.6 205.2 204.2 207.6 197.3 203.1 181.4 177.9 163.6 148.6 132.6 118.4 100.9 91 87.5 89.7 84 83.4 84.6 77.6 69.1 63.8 58.5 49 52.1 45 42.5 41.4 44.4 46.5 46.2 44.5 42.2 42.2 42.2 45.5 47.2 50.1 50.9 51.8 53.4 49.2 47.8 47.8 47.8 50.9 50.9 50.1 46.8 42.5 40.8 44.2 46.7 58.7 57.4 48.4 39.8 29.3 22.7 20.5 20.8 19.2 22.6 19.4 17.8 16.5 14.6 19.4 23.9 41.5 41.2 38.7 38.9 42.8 49.3 49.9 54.8 53 39.9
237.3 227 221.8 209.8 202.3 203.4 203.3 204.2 201.3 192.1 190.4 186.1 177.9 168.5 156 142.3 126.2 116.3 102.1 90.2 91.8 89.7 87 86.4 83 78.3 70.8 63 55.2 47.5 48 44.7 43.5 42 43.6 46 47.5 45.1 42.2 42.2 42.2 45.2 46.7 50.7 51.6 51.8 50.1 50.1 47.8 51.6 52 51.6 54.5 57.6 52.9 46.7 46.5 45.3 51.4 63.4 55 46.7 38.6 30.7 24.4 21.7 18.8 17.8 20.6 20.7 18.6 14.6 14.6 18.2 22.5 34.5 38.8 33.4 30.6 37 40.3 39.7 39.1 35.5 34.1
229.2 224.6 219.9 207 197.8 199.4 194.7 194.7 194.9 186.9 186.5 184.7 174.7 167.6 149 138 125.4 116 104.4 96.2 92.7 89.8 86.1 84 80.9 73.6 66.4 61.7 53.8 47.4 45.3 42.9 41.1 40.2 43.2 47.9 48.7 47.2 43.1 42.2 42.2 44.7 47.4 49.3 51.9 50.6 47.8 49.3 52.4 51.8 51.1 53 54.5 55.6 52.1 49.3 48.1 50.2 52.9 59.8 55.7 47.5 40.6 30.1 23.8 21.7 19.2 16.4 18.3 16.9 14.6 14.6 14.6 14.6 20 30.9 34.4 31.6 29.2 32.3 34.7 34.3 28.6 29.9 30
230 223.8 218 202.5 194 193.5 187.8 190.4 188.7 183 182.2 177.1 173.3 161.8 147.4 135.3 123 117.4 103.4 97.8 94.1 91.2 85 82.8 76.1 70.1 63.1 57.8 52.2 48 43.6 43.2 41.6 41.2 43.1 46.8 50.6 49.9 45.8 42.2 42.2 45.8 47.5 48.6 52.4 47.4 44.9 47.6 51.3 50.5 51 53.4 56.2 57.2 55 46.9 52.3 53.6 54 56.9 53.8 49.9 41.1 32.2 24.4 22 18 16.5 15.3 16.3 14.6 14.6 14.6 14.6 20.1 21.3 23.5 27.7 28.1 30.6 30.8 29.7 27.4 30.6 31.2
229 219.4 213.1 197.6 191.3 190.3 187.9 184 182 183.3 177.4 177 176.3 158.3 148.1 129.9 124.9 113.1 104.7 101 96.3 89.5 86.6 85.3 78.5 68.3 59.4 58.2 53.6 47.6 44.3 43.5 41.7 40.6 42.5 45.2 52.3 50.4 47.5 42.4 42.2 45.3 47.2 45.8 44.9 43 43.3 46 47.6 50.9 57.9 58.1 57.5 62.2 57.8 48.9 50.9 54.8 59.3 67.3 64.3 50.2 40.7 29.6 23.5 21.7 19.3 20.7 23.8 20.5 18.2 14.6 14.6 20.3 21.6 21.1 21.6 27.2 28.9 29.2 28.7 27.4 27.3 29 32.9
214.1 210.8 205.1 193.8 187.9 187.8 184.6 179.4 174.2 175.7 171 169.6 170.1 157.1 142.6 129.8 126.5 116.5 107.7 107.6 102.9 96 90.9 85.3 80.1 73.8 64.2 53.6 52.1 48.9 43.6 42.4 41.7 39.5 41.9 45.3 51.4 50.5 48.1 44 42.2 46.8 44.7 42.2 40.7 40.7 40.7 41.2 50.6 53.1 53 56.2 63.2 65 58.7 56.2 55.5 60.2 67.9 69 62.2 52.4 39.4 28.9 23.1 22.9 26 25.8 28.2 27.6 20.9 17.8 14.6 14.6 18.2 19.2 19.8 23.5 27.2 29.1 29.1 32.6 31.3 30.7 30.5
209 210.7 199.2 188.3 184.2 179.2 178.8 172.2 166.9 169.1 166.4 162.5 157.1 148.8 138.9 127 123.4 113.7 114.2 111.5 104.4 98.4 89 83.4 80.6 76.4 72.2 56.9 57.3 53.4 48.3 44 40.4 36.6 39.3 41.7 48 48.7 46.7 44.1 42.7 43.9 42 40.7 40.7 40.7 40.7 45.4 52.2 52.8 56.8 61 66.1 65.3 59.1 58.5 58.7 66.1 74.6 66.3 58.9 46.3 32.8 26.2 24.5 29.8 29.6 32 28 26.6 23 19.8 19.2 14.6 14.6 18.1 17.8 25.3 31 30.4 27.5 35.1 39.7 39.1 31.6
195.9 200.1 196.5 196.5 182.6 178.8 173.1 171.5 165.4 162.3 160.2 158.9 155.1 145 132.4 125.1 120.5 115 115.8 113.1 112.5 112.5 95.4 84 80.7 74.7 66 59.3 59.8 54.6 51 47.7 41.9 39.5 37.5 37 44.2 46.8 46.3 45.1 42.8 43.6 40.7 40.7 40.7 40.7 40.7 44.5 50.8 54.4 58.9 59.9 61.4 64.9 57.9 58.3 59.8 66.4 67.1 61.5 53 45.4 32.1 27.9 27.5 36 41.1 37.4 32.5 24.7 20.7 18.6 19.4 14.6 14.6 14.6 14.6 19.2 28.1 28.6 29.6 36 35.5 36.9 35.9
189.5 188.3 189 185.9 184.3 176.9 173.4 171.8 166.5 156.7 153.4 155.6 149.5 142.1 130.6 126.7 122 120 121.2 120.5 108.2 107.4 98.9 86.9 81.4 71.4 64.7 59.9 54.6 56.2 52.7 50.7 42.6 39.1 34.5 31.9 39.8 45.9 45.9 44.9 42.7 40.7 40.7 40.7 40.7 40.7 41.2 44 49.1 52.5 58.6 60.7 60.9 58.3 54.8 55.9 59.1 64.9 62.6 54.5 49.7 37.9 32.3 33.4 34.1 48.5 47.2 42.7 35.7 33.1 25 18 18.1 14.6 14.6 14.6 14.6 14.6 24.1 28.1 31.3 36.7 37 32.5 27.5
187.4 180.3 184.3 184.3 177 172.4 167.4 167.6 174.2 158.4 151.1 152.3 149.3 146.1 128.7 122.9 117.9 116.4 120.4 113.3 102.7 97.5 92.4 84.4 76.8 68.2 60.9 57.7 54.6 57.1 55.8 48.8 42.8 39.1 33.4 30.9 33.2 42.8 46.7 45 40.9 40.7 40.7 40.7 40.7 40.7 41.2 45 47.7 53 56.4 67.2 63.3 56.3 52.9 52.9 56.3 65.8 63.9 54.7 46.8 37.6 33.4 35.2 40.4 54.4 52.6 43.8 40 38 27.3 20.9 14.9 14.6 14.6 14.6 14.6 14.6 14.7 31.5 34.9 28.3 29.2 24.1 22.1
181.4 178.5 179.1 178.7 170.5 163.3 163.8 166.8 171.5 166.3 153.7 147.4 142.5 144 127.8 117.9 112 107.3 107.4 105.5 97.3 92 84.4 81.1 74.2 70.8 66.2 56 54.9 51.9 53.5 47.7 45.1 39.9 34.1 31.6 31.9 39.6 44 44.9 41.8 40.7 40.7 40.7 40.7 40.7 44.6 45.7 49.3 57.3 64.2 65.6 58.7 51.6 49.2 49 52.8 62.6 64 55.5 46.1 34 32.3 38.8 43 49.7 49.6 44.7 40.2 33.9 26.5 20.2 14.6 14.6 14.6 14.6 14.6 14.6 14.6 14.6 17.8 20.6 24.3 25.4 20.5
173.2 175.3 177.2 168.4 169.5 159.1 159.5 161.9 156.3 158.3 155.1 152.6 137.8 137.9 129.7 119.8 118.6 108.5 95.2 96 92.9 91 86.3 78 69.5 71.9 64.9 59.6 58.5 51.6 43.3 46.7 47.7 41.4 39.1 31.4 31.5 34.9 36.3 43.2 43.1 42.8 40.7 40.7 41 41.3 44.8 50.4 55.8 60.4 63.3 61.7 54.9 48.3 48.4 47.8 52.6 61.5 65.3 53.8 44.2 35.2 29.6 39 41.7 52.8 50.7 45.3 37.8 31.1 23.5 14.6 14.6 14.6 14.6 14.6 14.6 14.6 14.6 14.6 14.6 19.8 25.9 23.7 19.2
165.1 164 170.3 164.4 159.2 155.4 155.4 150.3 147.5 144.8 143.3 142.4 137.3 133.2 126.7 128.7 118.4 115.7 94.3 88.9 90.7 88 82.9 74.6 68.6 66.5 64.1 61.1 57.5 52 46.3 37 38.1 37.8 35.9 32.8 29.2 33.7 33.8 36.7 43.2 43.5 40.7 43.6 44.4 45.1 46.9 49.2 58.2 64.6 69.9 60.8 51.9 46 49.8 45.4 50.1 53.9 58.8 48 39.4 30.1 28.3 34.9 36 42 38.5 33.3 29.1 24 17.5 14.6 14.6 14.6 14.6 14.6 14.6 14.6 14.6 14.6 14.6 14.6 18.6 14.6 14.6
152.8 154.3 158.5 156.6 153.4 147.3 152.5 143.5 140.4 135.4 133.3 133.6 131.6 127.5 128.8 129 117.2 107.3 94.9 87.7 92.7 88.1 77.8 73.2 67 60.9 63.8 60.3 56.1 53.5 49.9 40.9 33.8 34.7 30.9 29.1 28.1 31.5 31.2 32.3 36.8 40.5 46.1 45.5 46 48.8 51.2 54.3 59 62.7 66.8 60.8 50.4 41.6 41.6 42.2 44.1 46.2 44.9 40.8 34.5 27.6 25.2 28.3 28.8 29 27.5 24.8 20.7 16.6 14.6 14.6 14.6 14.6 14.6 14.6 14.6 14.6 14.6 14.6 14.6 14.6 14.6 19.3 23.7
140.8 145.2 152.6 149.2 139 138 138 133.2 130 133.2 130.1 128.8 128.4 124.9 127.8 129 120.3 107.5 91.2 82.2 85.5 80 78.5 70.3 64.1 61.4 61.8 59.6 54 48.9 42.7 38.8 30.1 29.3 26.7 24.5 26.3 25.2 26.5 28.8 28.7 38.1 42.8 45.1 46.3 46.9 48.1 52.4 51.8 55.3 54.2 51.4 44.4 37 38.8 36.4 35.7 37.3 39.3 35.6 27 22.5 22.2 22.2 22.2 27.2 27.4 23.1 20.4 20.2 19.9 19.2 17.6 14.6 14.6 14.6 14.6 14.6 14.6 14.6 14.6 14.6 14.6 20 23.6
133 131 139.5 137.9 137 132.4 127.6 126.3 123.4 125.1 121.9 123.8 123.4 119.9 126.9 123.8 117.8 108.4 91.1 78.7 79.3 80.8 78.3 75.8 64.7 60.3 58.1 57.5 50.5 45.6 40.4 36.5 24.4 23.8 21.8 15.4 22.3 22.6 23.6 25 27 37.7 40.8 40.9 40.9 42.9 41.8 44.4 44.1 45.5 47.2 43.7 39.6 34.2 34.8 32.4 36.2 34.3 36.1 29.7 22.2 22.2 22.2 22.2 22.2 22.2 23.5 26.2 27.5 32.9 38.5 36.2 32.7 30.1 26.6 20.2 14.9 14.6 14.6 14.6 14.6 14.6 19.3 22.4 25.7
127.4 123.5 127.5 133.8 134.2 124.8 115.5 117.9 113.8 115.9 113 117.4 117.5 114.6 120.5 118.9 117.9 111.8 92 75.6 78 77.3 77.1 72.6 62.9 58.8 55.7 57.3 50.9 44.5 36.5 26.6 21.2 18.3 18.9 15 18.5 19.3 17 14.7 21.3 27.7 32.1 33 36.2 35 37.8 39.1 40.7 40.3 38.4 37.1 33.5 30.7 31 31.6 32.3 30.6 26.6 22.2 22.2 22.2 22.2 22.2 22.9 25.6 29.5 35.1 44.2 47.8 50.5 51.2 50.6 46.9 38.1 28.2 19.1 16.7 21.4 21.4 14.9 14.6 15.6 25.3 31.7
120.2 112 116 117.9 116.5 109.7 110.3 108 110.3 109.5 106.2 108.2 109.7 106.5 114.2 111.6 100 103.7 92.6 72.7 81.4 78.4 77.4 82.5 77.9 66.5 57.4 47.5 41.4 37.2 29.6 22.5 18.8 15.7 11.3 9.9 9.8 9.8 12.4 10.8 14.2 16.4 22.3 24.6 26.1 27.3 28.9 29 30.3 29 30.1 32.7 32 28.6 27.2 25.8 25.2 25.5 24.6 26 30.1 36.7 32.2 30.6 30.4 31.5 34.4 39.7 49.4 56.9 60.4 68 65.2 67.2 60.4 39.5 29.4 22.9 22 24 21.1 14.9 14.6 24 31.1
110.3 104.5 98.8 101.6 103.2 102.6 104.2 96.8 96.4 99.9 99.2 102 101.1 99.5 96.7 97.8 95.4 86.3 82.7 74.7 82.4 79.8 77.9 76.7 76 69.5 63.9 54.6 43.1 32.7 26.5 21.9 15.9 14.5 9.8 9.8 9.8 9.8 9.8 9.8 9.8 9.8 9.8 14.8 14.8 15.9 15.9 15.5 17.3 19.1 21.5 23.1 22.6 22.6 23.8 30.3 30.4 31.7 33.8 41.1 41.6 39.5 36.5 33.4 33.4 36.2 41.8 45.7 50.9 59.7 65.1 74.1 70.5 72.6 63.3 50.4 40.7 30.3 20 19.4 21.6 16.6 14.6 19.1 33
96.8 94.7 89.2 86.7 89.2 93.1 92.2 86.4 90.1 89.4 85.6 87.4 90.6 89.4 83.6 83.8 86.6 83.9 70.7 70.2 75.7 77.7 73.6 74.1 74.2 70.1 65.2 54 42 28.8 24 18.5 12.8 9.9 9.8 9.8 9.8 9.8 9.8 9.8 9.8 9.8 9.8 9.8 9.8 9.8 9.8 9.8 14.5 17.4 20.4 22.5 23.4 24.4 28.3 33.9 35.9 37.5 41.5 43 45.8 42.2 40.2 43.2 39.8 38.1 41.8 48.8 53.9 62.9 69.7 69.8 71 64.6 58.4 52.9 47.5 36.7 25.3 19 19.1 14.6 14.6 14.6 25
87.9 85 79.9 75.2 75.2 78.1 78.3 79.3 78.1 76.4 74.5 74.4 75.1 78.7 73.5 63.8 67 61.3 63.5 61.2 70.3 70.2 69.6 71.3 65.2 67 61.8 45.9 35.6 24.3 18.9 15.3 9.8 9.8 9.8 9.8 9.8 9.8 9.8 9.8 9.8 9.8 9.8 9.8 9.8 9.8 9.8 11.5 14.7 17.9 19.5 21.6 23.6 27.8 32.6 37.8 38.7 40.3 44 46.5 45.6 46.9 46.6 44.4 42.8 44.2 49 55.1 59.2 73.6 75 76.1 73.3 69.2 69.1 65.4 57.2 52.4 36.7 23.3 20.2 16.6 14.6 14.6 23.5
78.6 78.5 74.4 64.4 63.6 60.7 58.5 57.9 59.1 55.9 58.1 56.4 63.1 54.8 51.2 48.8 44.3 42.2 46.4 39 46.6 49.1 52.2 48.7 46.8 51.1 52.8 35.5 24.4 17.5 13.4 9.8 9.9 12.7 9.8 9.8 9.8 9.8 9.8 9.8 9.8 9.8 9.8 9.8 13.3 17.2 18.5 17.5 17.5 16.1 16.5 19.9 26.1 35.7 38.9 41 41.3 43.6 46.5 49.2 53.7 60.7 56.3 54.8 49.6 49.7 52.7 59.3 62.6 74.4 76.5 77 77.2 74.8 80.1 82.6 69 61.6 52.5 36.2 26 22.3 18.5 14.6 14.6
69 67 65.9 59.3 55.4 48.8 43.3 45.9 42.2 39.5 37.2 34.7 33.6 31.4 31.7 29.5 29.5 26.9 29.1 25.3 25.2 24.2 23.8 23.5 21.9 21.2 22.7 18.1 15.4 14.1 10.1 13.6 16.7 14.4 11.6 9.8 10.9 10.4 9.9 9.8 9.8 9.8 9.8 9.8 18 25 22.5 20.7 20.6 15 15.7 21.6 26.3 33.1 42.4 43.8 45.2 49.4 55.2 59.9 61.1 65.6 60.8 58.1 52.7 50.2 55.1 59.4 62.3 73.2 76.5 79.7 80.9 81 82.8 79.4 78.5 76.2 65.5 46.8 29.4 26.2 26.8 14.6 14.6
54 54.6 52.1 50.4 49.4 42.2 40.4 35.6 33.3 30.3 27.5 26.6 25.3 24.1 21.3 22.4 21.8 20 18.7 17.8 16.5 14.6 13.8 13.1 10.6 9.8 9.8 9.8 9.8 10 18.7 28.1 32.9 30 27.5 28.4 26.5 20.5 17 14.5 9.8 9.8 9.8 12.4 20.6 25.6 19.8 20.2 20.5 15.1 17.2 20.3 24.7 35.2 45.1 47.2 48.5 59.9 60.6 64.5 68.8 73.5 68.3 57.5 52.2 52 56.7 58 64.2 69.1 75.7 80.1 84.7 97 94.1 83.5 79.7 76 63.7 55.9 35.9 30.3 24.1 18.8 16.2
