WholeMapElevations/data/nh/nh98_OST50GRID_20230518/NH98.asc
ncols 200
nrows 200
xllcorner 290000
yllcorner 880000
cellsize 50
[rows 114 to 151 of 200, columns 0 to 84 of 200]
-1.4 -1.4 -1.4 -1.4 -1.4 -1.4 -1.4 -1.4 -1.4 -1.4 -1.4 -1.4 -1.4 -1.4 -1.4 -1.4 -1.4 -1.4 -1.4 -1.4 -1.4 -1.4 -1.4 -1.4 -1.4 -1.4 -1.4 0 1 2.1 4.5 6 9.5 16.2 20.1 21.1 21.4 22.2 22.5 20.9 20.6 21.5 24 23 23.1 25.9 26.7 27 28.5 29.1 29.3 28.6 28 28.5 29.6 28.7 28.3 27.7 27.6 27.3 26.5 25.6 25.2 25.3 23.3 23.2 23.7 21.3 4.8 1.6 -1.4 -1.4 -1.4 -1.4 -1.4 -1.4 -1.4 -1.4 -1.4 -1.4 -1.4 -1.4 -1.4 -1.4 -1.4
-1.4 -1.4 -1.4 -1.4 -1.4 -1.4 -1.4 -1.4 -1.4 -1.4 -1.4 -1.4 -1.4 -1.4 -1.4 -1.4 -1.4 -1.4 -1.4 -0.5 -0.4 -1.4 -1.4 -1.4 -1.4 0 0.8 1.6 4.3 5.4 6.4 9.2 13.9 18.3 19.6 19.9 22 21.8 22.5 20.1 20.3 22.3 22 21.6 21.8 22.5 25.2 25.3 27 28 28.8 27.6 27.1 28.3 28.1 26.6 26.2 25.7 25.3 25.1 24 23.3 23.7 23.7 22 21.6 19 6.6 1.3 -1.4 -1.4 -1.4 -1.4 -1.4 -1.4 -1.4 -1.4 -1.4 -1.4 -1.4 -1.4 -1.4 -1.4 -1.4 -1.4
-1.4 -1.4 -1.4 -1.4 -1.4 -1.4 -1.4 -1.4 -1.4 -1.4 -1.4 -1.4 -1.4 -1.3 -0.3 0.1 0.6 0.4 0.7 0.9 1 1 0.7 0.9 1.4 2 4.9 7.9 7.3 6.7 9.5 13.8 17.7 18.5 19.1 20.7 21.7 21.8 21.5 21.7 20.7 22.6 21.6 21.3 20.6 20.6 22 23.7 25.3 26.3 28.2 26 24.4 25.9 25.6 24.4 23.8 23.3 22.9 22.7 21.8 21.8 22.2 22.2 21 20.3 7.5 2 -1.4 -1.4 -1.4 -1.4 -1.4 -1.4 -1.4 -1.4 -1.4 -1.4 -1.4 -1.4 -1.4 -1.4 -1.4 -1.4 -1.4
-1.4 -1.4 -1.4 -1.4 -1.4 -1.4 -1.4 -1.4 -1.4 -1.4 -1.4 -1.4 -1.4 -0.3 0.7 1.3 2.2 2.5 3.2 4.7 4.9 7 6.4 6.7 5.6 5.4 5.8 7 10.1 12.7 16.2 17.2 18.1 17.7 19.1 19.9 21.5 22.8 22.7 22 21.6 21.2 21.1 20 19.6 19.5 20.2 21.8 23.9 24.6 26.9 24.5 22.7 22.8 23.7 23.2 22 21.5 21.1 21.3 20.9 20.7 20.6 20.6 17 6 1.8 0.3 -1.4 -1.4 -1.4 -1.4 -1.4 -1.4 -1.4 -1.4 -1.4 -1.4 -1.4 -1.4 -1.4 -1.4 -1.4 -1.4 -1.4
-1.4 -1.4 -1.4 -1.4 -1.4 -1.4 -1.4 -1.4 -1.4 -1.4 -1.4 -1.4 -0.3 0.7 1.7 3.9 4.9 5.5 6.1 6.5 6.5 6.7 6.5 6.4 6.6 6.7 7.5 10.5 15.2 17 17.3 17.6 18.7 19 19.8 21 20.7 23 21.9 20.4 19.4 19 17.3 18 19.3 18.9 19.2 20.1 21.4 23.9 24.2 23.6 22 21 21.5 21.4 20.6 19.7 19.5 20 20.5 20.4 20.6 18.6 5.8 1.3 0.1 -1.4 -1.4 -1.4 -1.4 -1.4 -1.4 -1.4 -1.4 -1.4 -1.4 -1.4 -1.4 -1.4 -1.4 -1.4 -1.4 -1.4 -1.4
-1.4 -1.4 -1.4 -1.4 -1.4 -1.4 -1.4 -0.7 -0.9 -1.2 -1.4 -0.4 0.4 1.9 3 4.7 5.7 6.4 8.2 10.1 10.1 9.3 10.3 10.8 11.9 12.2 10.3 12.2 16.6 18.1 16.2 17.7 16.9 16.1 17.1 20.1 21.4 18.6 18.6 20.6 20.9 20 18.7 17.5 17.5 18.3 18.7 19.5 20.2 22 23 22.1 21 19.9 19.4 19 18.8 18.3 18.7 19.5 20.2 20.1 17.5 6.2 1.8 0.2 -1.4 -1.4 -1.4 -1.4 -1.4 -1.4 -1.4 -1.4 -1.4 -1.4 -1.4 -1.4 -1.4 -1.4 -1.4 -1.4 -1.4 -1.4 -1.4
-1.4 -1.4 -1.4 -1.4 -1.4 -0.7 -0.3 0.1 0.1 -0.2 0.3 1.1 2 3.7 4.4 5.7 7.1 10.9 13.6 13.2 12.2 13.3 13.1 13.5 13.7 13 12.2 12 15 15.6 14.7 15.7 16.9 16.7 16.7 16.9 17.3 19.6 22.2 23.1 23.3 23 21.1 19.7 18.8 19.1 18.1 18.7 19.5 20 20.8 21.5 19.8 19.1 18.6 18.3 17.8 19.4 18.7 18.3 17.7 17.9 8.4 5.1 0.9 -1.4 -1.4 -1.4 -1.4 -1.4 -1.4 -1.4 -1.4 -1.4 -1.4 -1.4 -1.4 -1.4 -1.4 -1.4 -1.4 -1.4 -1.4 -1.4 -1.4
-1.4 -1.4 -1.4 -0.8 -0.5 0.1 0.6 0.9 1.1 1.1 1.5 3.4 4 4.5 5.6 7.9 11.9 12.3 13.5 13.1 12.9 13.2 13.5 13.9 14.5 14.4 14.2 14.2 14 14.7 15.5 16.2 16.9 17.5 18.1 18.8 20.8 23.7 24.9 25 24.9 24.8 24.3 23.8 23.1 21.7 20.3 19 18.5 18.9 19.4 19.4 18.1 17.3 19.3 19 19.7 19.5 19.4 18.2 17.2 15.8 6.7 2 0.2 -1.4 -1.4 -1.4 -1.4 -1.4 -1.4 -1.4 -1.4 -1.4 -1.4 -1.4 -1.4 -1.4 -1.4 -1.4 -1.4 -1.4 -1.4 -1.4 -1.4
-1.4 -0.9 -0.4 -0.1 0.3 0.8 1.4 1.8 2.7 3.2 3.9 4.1 4.2 5.6 8 13.1 13.3 13 13.1 13.4 13.5 13.6 13.9 14.3 15.4 14.7 15.2 15.6 15.9 16.4 17 17.5 18 18.6 19.9 23 26.8 28.6 28.2 27.2 26.9 26.3 25.7 24.6 24.3 24.2 22.2 18.5 17.6 18.2 18.2 17.3 19 18.9 19.3 19.1 19.8 19.5 19.8 18.2 18.4 12 3.7 1 -1.4 -1.4 -1.4 -1.4 -1.4 -1.4 -1.4 -1.4 -1.4 -1.4 -1.4 -1.4 -1.4 -1.4 -1.4 -1.4 -1.4 -1.4 -1.4 -1.4 -1.4
-1.4 -0.5 0 0.5 0.9 1.5 2.7 4.2 4.4 3.9 3.3 3.9 5.5 7.2 13 13.7 13.5 13.4 13.5 13.7 13.8 13.9 14.4 15.1 15.3 16 16.5 16.7 16.9 17.3 17.9 18.5 19.2 22 26.4 29.3 30.8 31.2 30.4 30.1 28.3 27.2 25.4 23.6 22.5 22.8 21.8 18.5 17.8 17.6 17.3 18.1 19.6 19.8 20 20.2 19.8 19.6 20.7 18.5 8.8 4.6 1.5 -0.2 -1.4 -1.4 -1.4 -1.4 -1.4 -1.4 -1.4 -1.4 -1.4 -1.4 -1.4 -1.4 -1.4 -1.4 -1.4 -1.4 -1.4 -1.4 -1.4 -1.4 -1.4
-0.6 -0.2 0.3 0.9 1.4 2 3.8 3.3 3.6 3.4 3.5 4.7 6.3 9.9 14.3 14.1 13.8 13.6 13.6 13.8 14 14.5 15.2 16 16.6 17.6 18 18.5 18.6 18.5 19 20.6 25.3 30.5 32.7 32.4 32.3 32.1 31.4 29 27.4 26.4 25 23.5 21.9 20.8 20 17.8 17.5 18.1 18.8 19.1 19.8 19.6 19.8 20.4 19.7 20 19.2 7.8 4.7 1.6 0.3 -1.4 -1.4 -1.4 -1.4 -1.4 -1.4 -1.4 -1.4 -1.4 -1.4 -1.4 -1.4 -1.4 -1.4 -1.4 -1.4 -1.4 -1.4 -1.4 -1.4 -1.4 -1.4
-0.2 0.2 0.6 1.1 1.7 2.8 3.6 3.1 3.2 3.5 4.6 5.8 7.2 13.5 14.5 14.4 14 13.8 13.8 14 14.4 15.3 16.6 17.6 19.2 20.7 21.4 20.9 20.8 21.2 24 29.6 32 32.7 32.7 32.5 31.7 30.6 31.5 28.4 26.6 25.2 23.9 23.8 21.3 20.2 18.6 17.9 18.1 18.4 18.6 19.7 19.7 19.6 19.8 20.8 20.2 19.3 9.5 5.1 1.3 0.3 -1.4 -1.4 -1.4 -1.4 -1.4 -1.4 -1.4 -1.4 -1.4 -1.4 -1.4 -1.4 -1.4 -1.4 -1.4 -1.4 -1.4 -1.4 -1.4 -1.4 -1.4 -1.4 -1.4
0.2 0.7 1.1 1.5 1.9 3 3.3 2.9 3.7 4.3 5.3 6.9 14.7 15.1 14.7 14.3 14.1 14 14.1 14.8 15.8 17.1 19.2 21.8 24 25.5 25.2 25.8 27.6 28.2 30 32.4 32.7 32.5 32.4 31.4 30 29 29 27.2 25.3 24.3 23.6 23 20.7 19.4 20.3 18.7 18.8 19.6 19.6 18.9 19.9 20.1 20.9 21.5 17.4 6.2 4.5 1.4 0.1 -1.4 -1.4 -1.4 -1.4 -1.4 -1.4 -1.4 -1.4 -1.4 -1.4 -1.4 -1.4 -1.4 -1.4 -1.4 -1.4 -1.4 -1.4 -1.4 -1.4 -1.4 -1.4 -1.4 -1.4
0.7 1.1 1.5 1.9 3.3 3.5 3.2 2.8 3.8 5.3 6.9 14.9 15.1 14.9 14.6 14.5 14.1 14.4 15.3 16.3 18 20.4 23.7 26.6 28.3 29.2 29 29.3 30.9 31.1 29.7 31.4 32.5 32.2 31.5 30.6 29.6 28.7 28.1 26.7 24.5 23.8 22.8 21.8 19.3 20.2 20.6 19.4 19.5 20.9 20.3 20.8 21.1 21.3 21.7 19.3 6.3 2 1.1 0.1 -1.4 -1.4 -1.4 -1.4 -1.4 -1.4 -1.4 -1.4 -1.4 -1.4 -1.4 -1.4 -1.4 -1.4 -1.4 -1.4 -1.4 -1.4 -1.4 -1.4 -1.4 -1.4 -1.4 -1.4 -1.4
1.1 1.5 2 3.8 3.6 3.5 3.4 3 5.1 7.2 15 15.5 15.9 15.5 15.5 15.6 15.8 16.2 17.3 19.1 21.9 25.3 28.2 30.5 31.4 31.6 31.4 31.1 32 32.4 32.2 32.5 32.5 31.3 30.5 29.7 29 28 27.3 26.8 24.5 23.8 22.8 21.6 20.1 21.3 20.9 20.3 20.4 22 21.6 22.1 21.9 22.1 21.9 8.6 4.2 1.3 0.2 -1.4 -1.4 -1.4 -1.4 -1.4 -1.4 -1.4 -1.4 -1.4 -1.4 -1.4 -1.4 -1.4 -1.4 -1.4 -1.4 -1.4 -1.4 -1.4 -1.4 -1.4 -1.4 -1.4 -1.4 -1.4 -1.4
1.5 2 3.8 3.6 4 3.8 3.7 5.4 8.1 14.9 15.9 16.7 16.2 15.5 15.2 16 16.9 18.4 20.6 23 26.7 29.5 31.4 32.8 33.3 33.5 32.8 32.7 32.4 32.7 32.5 32.2 32.1 31.1 30.2 29.3 28.2 27 26.9 25.8 24.8 23.9 23.4 21.6 22.7 22.5 22.3 21.5 21.9 22.6 22.8 23.3 23.1 24 16.6 6.1 1.7 0.5 -1.4 -1.4 -1.4 -1.4 -1.4 -1.4 -1.4 -1.4 -1.4 -1.4 -1.4 -1.4 -1.4 -1.4 -1.4 -1.4 -1.4 -1.4 -1.4 -1.4 -1.4 -1.4 -1.4 -1.4 -1.4 -1.4 -1.4
2 3.2 3.9 3.5 3.6 4.4 5.4 10.2 14.7 16 16.4 17 15.7 15.5 15.7 16.8 18.1 20.5 23.7 27.7 29.9 32.2 33.5 34.7 34.8 34.4 33.9 34.5 34.4 33.9 33.1 32.5 32.2 31.4 30.5 29.5 28.1 26.9 26.7 25.4 24.5 24.8 23.4 20.5 23.7 24 23.2 23.1 22.7 23.3 23.6 24.3 24.3 8.6 6 1.6 0.9 -0.3 -1.4 -1.4 -1.4 -1.4 -1.4 -1.4 -1.4 -1.4 -1.4 -1.4 -1.4 -1.4 -1.4 -1.4 -1.4 -1.4 -1.4 -1.4 -1.4 -1.4 -1.4 -1.4 -1.4 -1.4 -1.4 -1.4 -1.4
3.3 3.6 3.7 3.5 3.7 5.5 7.3 15.2 15.7 16.1 16.7 15.8 16 16.1 16.6 17.8 19.7 22.7 26.7 30.1 32.4 34.2 34.2 35.1 35.3 34.9 35.1 35.5 35 34.4 33.5 32.3 31.7 30.9 30.7 29.7 28.2 27.6 27.4 26.1 24.8 24.9 23.4 21.9 24.8 24.6 24.2 24.1 24.1 24.7 25.7 26.1 10 5.7 2 0.6 -0.2 -1.4 -1.4 -1.4 -1.4 -1.4 -1.4 -1.4 -1.4 -1.4 -1.4 -1.4 -1.4 -1.4 -1.4 -1.4 -1.4 -1.4 -1.4 -1.4 -1.4 -1.4 -1.4 -1.4 -1.4 -1.4 -1.4 -1.4 -1.4
3.3 3.2 3.6 4.1 5.2 7.5 15.5 15.6 15.4 15.6 16.6 16.1 16.2 16.6 17.4 18.7 21.6 25.3 28.9 33.1 34.5 35.1 35.6 35.8 35.9 35.3 35.1 35.5 35.1 34.7 33.5 31.8 31.6 30.6 30.7 29.8 28.4 27.4 26.8 25.8 24.8 25.2 23.7 24.2 25 24.9 24 24.4 24.9 25.4 27.2 27.2 7 4.1 1.1 -0.6 -1.4 -1.4 -1.4 -1.4 -1.4 -1.4 -1.4 -1.4 -1.4 -1.4 -1.4 -1.4 -1.4 -1.4 -1.4 -1.4 -1.4 -1.4 -1.4 -1.4 -1.4 -1.4 -1.4 -1.4 -1.4 -1.4 -1.4 -1.4 -1.4
3.4 3.4 4.1 5 6.4 13.3 14.9 15.5 15.2 15.9 16.1 16 16.3 17.1 18.2 19.4 22.4 27.7 30.4 33 35.8 35.8 36.5 36.6 36.7 36.3 35.5 35.2 34.9 35.5 32.7 32.3 32.2 31.2 30.9 29.8 28.4 27.5 26.3 25.4 25 25.6 22.8 24.5 24.9 24.8 24.5 24.9 25.8 26.9 28.2 19.7 4.8 1.4 0.3 -1.4 -1.4 -1.4 -1.4 -1.4 -1.4 -1.4 -1.4 -1.4 -1.4 -1.4 -1.4 -1.4 -1.4 -1.4 -1.4 -1.4 -1.4 -1.4 -1.4 -1.4 -1.4 -1.4 -1.4 -1.4 -1.4 -1.4 -1.4 -1.4 -1.4
3.7 4.1 5.3 6.6 10 14.2 13.9 13.6 15.2 15.6 15.6 16.1 16.9 17.8 19 20.2 23.7 28.5 30.4 32.7 36.1 36.3 37.1 37.3 37.1 36.5 35.9 35.5 34.9 35.1 32.6 32.3 31.4 30.7 30.4 29.2 28.1 27.2 26.4 25.5 25.2 23.5 21.7 23.6 23.9 24.6 24.5 24.5 25.8 27.6 11.6 3.6 1.4 0.3 -1.4 -1.4 -1.4 -1.4 -1.4 -1.4 -1.4 -1.4 -1.4 -1.4 -1.4 -1.4 -1.4 -1.4 -1.4 -1.4 -1.4 -1.4 -1.4 -1.4 -1.4 -1.4 -1.4 -1.4 -1.4 -1.4 -1.4 -1.4 -1.4 -1.4 -1.4
4.6 5.3 6.6 8.6 14.6 14.7 15.3 15.4 15.1 15 15.9 16.6 17.3 18 19.3 21.2 25.2 28.4 29.9 31.2 34 36.5 36.2 36.8 36.4 36.3 36 35.5 34.9 34.3 32.5 30.1 29.5 29.2 28.6 27.6 27 25.7 25.2 25.5 24.4 21.9 23.2 23.2 24.6 24.3 24.3 24.9 25.5 19.6 5.4 1.5 0.4 -1.4 -1.4 -1.4 -1.4 -1.4 -1.4 -1.4 -1.4 -1.4 -1.4 -1.4 -1.4 -1.4 -1.4 -1.4 -1.4 -1.4 -1.4 -1.4 -1.4 -1.4 -1.4 -1.4 -1.4 -1.4 -1.4 -1.4 -1.4 -1.4 -1.4 -1.4 -1.4
5.6 6.4 8 15 15.2 15.3 15.8 16.2 16.4 16.2 16 16.9 17.6 18.7 20.2 22.7 26.6 27.9 29.1 30.1 32.1 35.7 34.5 35.3 34.7 34.8 34.2 33.6 33.4 32.9 33.5 29.5 28.3 28.1 27 26.3 25.7 25.2 24.5 24.5 22.2 23.4 23.3 23.5 25.3 25 25 25.5 26 6.6 1.9 0.7 -1.4 -1.4 -1.4 -1.4 -1.4 -1.4 -1.4 -1.4 -1.4 -1.4 -1.4 -1.4 -1.4 -1.4 -1.4 -1.4 -1.4 -1.4 -1.4 -1.4 -1.4 -1.4 -1.4 -1.4 -1.4 -1.4 -1.4 -1.4 -1.4 -1.4 -1.4 -1.4 -1.4
7.2 9.9 13.1 15.7 15.7 15.8 16.4 17 17.1 16.1 16.3 17.1 17.9 19.4 20.8 23.5 25.9 26.8 27.7 28.6 30.2 33.2 32.4 33 32.4 32.8 32.1 31.6 30.8 29.8 31.8 27.2 26.4 27.8 26.5 24.8 25 25.8 25 23.5 22.3 23.6 23.6 24.4 25.4 25.9 26.3 27.5 9.8 3.4 1 -0.2 -1.4 -1.4 -1.4 -1.4 -1.4 -1.4 -1.4 -1.4 -1.4 -1.4 -1.4 -1.4 -1.4 -1.4 -1.4 -1.4 -1.4 -1.4 -1.4 -1.4 -1.4 -1.4 -1.4 -1.4 -1.4 -1.4 -1.4 -1.4 -1.4 -1.4 -1.4 -1.4 -1.4
13.4 15.7 16 16.1 16.8 17.2 17.5 17.1 16.8 16.5 16.6 17.3 18 19.3 21 23.9 25 25.7 26.5 27.7 27.8 31.4 29.6 30.9 30.7 31.3 30 29.5 28.2 28 31.6 25.3 24.7 25.3 25 24.3 24.6 25.2 24.6 23.9 24.6 24.7 24.4 24.7 25.7 26.4 27.5 22 6.4 1.4 0 -1.4 -1.4 -1.4 -1.4 -1.4 -1.4 -1.4 -1.4 -1.4 -1.4 -1.4 -1.4 -1.4 -1.4 -1.4 -1.4 -1.4 -1.4 -1.4 -1.4 -1.4 -1.4 -1.4 -1.4 -1.4 -1.4 -1.4 -1.4 -1.4 -1.4 -1.4 -1.4 -1.4 -1.4
16.8 17.3 17.5 17 17.5 16.9 17 17.4 17.1 16.8 16.8 17.4 18.1 19.2 20.8 24.3 25.1 25.5 26.5 27.2 26.2 29.7 27 28.4 28.5 29.4 28.9 28.1 26.6 25.9 28.2 24.7 24.2 25.2 25.3 24.4 24.5 25.6 25.3 24.8 26 26.4 25.8 26 27.5 27.8 28.9 9.1 3.6 0.8 -0.8 -1.4 -1.4 -1.4 -1.4 -1.4 -1.4 -1.4 -1.4 -1.4 -1.4 -1.4 -1.4 -1.4 -1.4 -1.4 -1.4 -1.4 -1.4 -1.4 -1.4 -1.4 -1.4 -1.4 -1.4 -1.4 -1.4 -1.4 -1.4 -1.4 -1.4 -1.4 -1.4 -1.4 -1.4
17.7 17.8 17.8 17.1 17.2 17.2 17 17.1 17.4 17.1 17 17.6 18.3 19 20.6 23.3 25.2 25.2 25.8 26.7 25.7 26.4 26.3 26.2 26.5 27.2 28.3 26.8 25.5 25.2 25.8 25 24.4 24.7 26.2 24.4 24.2 25.3 26 25.4 27.2 27.5 27 28.3 29.2 29.8 18.5 5.3 2 0.7 -1.1 -1.4 -1.4 -1.4 -1.4 -1.4 -1.4 -1.4 -1.4 -1.4 -1.4 -1.4 -1.4 -1.4 -1.4 -1.4 -1.4 -1.4 -1.4 -1.4 -1.4 -1.4 -1.4 -1.4 -1.4 -1.4 -1.4 -1.4 -1.4 -1.4 -1.4 -1.4 -1.4 -1.4 -1.4
18 18.3 18.2 17.6 17.5 17.4 17.3 17.2 17.3 17.3 17.3 17.8 18.2 19 20.4 22.7 24.7 25.2 25.3 25.7 26.2 25.6 25.8 25.8 26.5 26.2 28.7 26.1 25.5 25.4 26.1 26.8 24.8 25.5 26.7 25.7 26.3 28.2 26.5 26.5 27.6 28.5 28 30 30.3 31.4 9.2 3.5 1.6 -1.4 -1.4 -1.4 -1.4 -1.4 -1.4 -1.4 -1.4 -1.4 -1.4 -1.4 -1.4 -1.4 -1.4 -1.4 -1.4 -1.4 -1.4 -1.4 -1.4 -1.4 -1.4 -1.4 -1.4 -1.4 -1.4 -1.4 -1.4 -1.4 -1.4 -1.4 -1.4 -1.4 -1.4 -1.4 -1.4
19.1 19 18.7 18.2 17.8 17.6 17.5 17.4 17.4 17.4 17.6 18 18.6 19.3 20.9 22.7 24.4 25.1 25.9 25.4 27.2 26.3 25.9 25.7 26.1 26.1 28.7 25.9 25.2 25.3 26.2 29.9 25.9 27.5 27.2 27.1 28.6 30.4 29 28.7 28.8 30.5 29.9 31.4 32 17.4 5.7 2 0.4 -1.4 -1.4 -1.4 -1.4 -1.4 -1.4 -1.4 -1.4 -1.4 -1.4 -1.4 -1.4 -1.4 -1.4 -1.4 -1.4 -1.4 -1.4 -1.4 -1.4 -1.4 -1.4 -1.4 -1.4 -1.4 -1.4 -1.4 -1.4 -1.4 -1.4 -1.4 -1.4 -1.4 -1.4 -1.4 -1.4
19.3 19.1 19 18.5 18.1 17.9 17.8 17.6 17.6 17.7 18 18.7 19.4 20.1 21.5 23.5 23.9 24.6 25.2 25.6 28.3 26.4 26.2 26.4 27.2 26.5 26.3 27.5 25.7 25.8 26.9 27.8 27.8 28.9 28.5 28.5 30.5 32.2 31.9 31.6 32.2 32.8 32.4 33.5 34 9.8 4 1.3 0 -1.4 -1.4 -1.4 -1.4 -1.4 -1.4 -1.4 -1.4 -1.4 -1.4 -1.4 -1.4 -1.4 -1.4 -1.4 -1.4 -1.4 -1.4 -1.4 -1.4 -1.4 -1.4 -1.4 -1.4 -1.4 -1.4 -1.4 -1.4 -1.4 -1.4 -1.4 -1.4 -1.4 -1.4 -1.4 -1.4
19.3 19.2 19 18.9 18.4 18.2 18 17.9 18.1 18.3 18.7 19.5 20.2 20.9 22.7 24.2 24.1 24.1 24.2 25.3 27.9 26.4 27.7 26.6 27.9 26.4 26.9 28.8 27.3 27.1 27.9 28.5 33.9 30.5 30.2 30.5 33.5 35.6 34.2 34.2 34.7 36.3 35.6 36.6 35.7 9.6 4.8 0.7 -1.4 -1.4 -1.4 -1.4 -1.4 -1.4 -1.4 -1.4 -1.4 -1.4 -1.4 -1.4 -1.4 -1.4 -1.4 -1.4 -1.4 -1.4 -1.4 -1.4 -1.4 -1.4 -1.4 -1.4 -1.4 -1.4 -1.4 -1.4 -1.4 -1.4 -1.4 -1.4 -1.4 -1.4 -1.4 -1.4 -1.4
19.8 19.5 19.3 19.2 19 18.7 18.6 18.9 18.7 19 19.4 20.2 20.9 22.8 24.4 25.2 24.7 24.9 24.4 24.5 27.4 26.5 28.3 27.2 28.3 28.1 28.4 30.3 29.5 30.1 30.7 30.4 35 32.5 32.6 32.5 35.8 38.7 36.3 36.3 36.6 37.9 37.1 38.1 37.1 6.9 1.9 0.4 -1.4 -1.4 -1.4 -1.4 -1.4 -1.4 -1.4 -1.4 -1.4 -1.4 -1.4 -1.4 -1.4 -1.4 -1.4 -1.4 -1.4 -1.4 -1.4 -1.4 -1.4 -1.4 -1.4 -1.4 -1.4 -1.4 -1.4 -1.4 -1.4 -1.4 -1.4 -1.4 -1.4 -1.4 -1.4 -1.4 -1.4
22.2 21.7 21.5 21.2 20.9 20.3 20.4 19.6 19.4 19.8 20.1 20.9 22.2 24.7 25.3 25.5 26.2 26.9 26.2 25.7 27.4 27.5 29 28.4 29 30 31.1 32.6 31.9 32.2 31.9 32.8 34.9 34.4 33.6 34.5 37.6 40.3 38.1 38.3 39.2 40.2 38.6 38.8 9.8 4.9 0.9 -1.4 -1.4 -1.4 -1.4 -1.4 -1.4 -1.4 -1.4 -1.4 -1.4 -1.4 -1.4 -1.4 -1.4 -1.4 -1.4 -1.4 -1.4 -1.4 -1.4 -1.4 -1.4 -1.4 -1.4 -1.4 -1.4 -1.4 -1.4 -1.4 -1.4 -1.4 -1.4 -1.4 -1.4 -1.4 -1.4 -1.4 -1.4
23.1 22.9 22.8 22.6 22 21.7 20.9 20.5 20.4 20.9 21.4 23.3 25 26.3 26.6 27.2 29.1 27.8 27.6 28.2 30 28.7 30.2 29.8 30.7 31.7 32 34 33.6 34.3 33.8 34.9 35.3 37.5 34.3 35.9 39.2 41 39.7 39.8 40.4 41.1 39.3 25.5 5 1.5 -1.4 -1.4 -1.4 -1.4 -1.4 -1.4 -1.4 -1.4 -1.4 -1.4 -1.4 -1.4 -1.4 -1.4 -1.4 -1.4 -1.4 -1.4 -1.4 -1.4 -1.4 -1.4 -1.4 -1.4 -1.4 -1.4 -1.4 -1.4 -1.4 -1.4 -1.4 -1.4 -1.4 -1.4 -1.4 -1.4 -1.4 -1.4 -1.4
23.7 23.2 22.9 22.5 22.3 22.2 21.8 22.2 22.1 22.8 24.5 25.5 25.9 26.9 27.9 28.3 32.9 28.4 28.5 29.5 33.5 29.9 30.8 31.1 31.9 32.6 32.1 34.6 35.1 34.9 35.3 36.1 36.3 38.6 36.1 36.8 38.4 40.8 41 41 41.2 42.1 28.1 5.6 1.4 -1.4 -1.4 -1.4 -1.4 -1.4 -1.4 -1.4 -1.4 -1.4 -1.4 -1.4 -1.4 -1.4 -1.4 -1.4 -1.4 -1.4 -1.4 -1.4 -1.4 -1.4 -1.4 -1.4 -1.4 -1.4 -1.4 -1.4 -1.4 -1.4 -1.4 -1.4 -1.4 -1.4 -1.4 -1.4 -1.4 -1.4 -1.4 -1.4 -1.4
23.4 23.6 23.1 22.7 22.9 22.8 23.5 24 24.4 26 26.2 27.2 27.1 28.3 29.5 29.8 32.6 30.2 30 30.7 34.1 31 30.2 31.1 31.7 32.7 33 34.2 34.7 34.8 35.3 36.1 36.2 38.6 36.6 37.3 39.4 40.6 41.5 41.3 41.5 34.1 6 1.7 -1.4 -1.4 -1.4 -1.4 -1.4 -1.4 -1.4 -1.4 -1.4 -1.4 -1.4 -1.4 -1.4 -1.4 -1.4 -1.4 -1.4 -1.4 -1.4 -1.4 -1.4 -1.4 -1.4 -1.4 -1.4 -1.4 -1.4 -1.4 -1.4 -1.4 -1.4 -1.4 -1.4 -1.4 -1.4 -1.4 -1.4 -1.4 -1.4 -1.4 -1.4
23.6 23.8 23.6 23.7 24.4 24.7 25.2 25.8 26.2 26.8 28 29.2 28.7 30.4 30.8 31.5 32.2 31.6 31.4 31.3 33 33.1 31.7 30.7 31 32 34 32.9 33.7 34.1 34.9 36 35.7 37.8 37.4 38.7 40 41.1 43.7 41.7 42.2 8.4 3.2 0.3 -1.4 -1.4 -1.4 -1.4 -1.4 -1.4 -1.4 -1.4 -1.4 -1.4 -1.4 -1.4 -1.4 -1.4 -1.4 -1.4 -1.4 -1.4 -1.4 -1.4 -1.4 -1.4 -1.4 -1.4 -1.4 -1.4 -1.4 -1.4 -1.4 -1.4 -1.4 -1.4 -1.4 -1.4 -1.4 -1.4 -1.4 -1.4 -1.4 -1.4 -1.4
24.3 24.2 24.3 24.8 25.4 26 26.6 26.9 27.8 27.8 29.3 30.3 31.2 32 32.2 32.3 32.5 32.2 32.5 31.6 32.1 34.4 31.5 30.5 30.5 31.2 33.6 31.8 33.5 33.8 34.4 35.6 35 37.1 38.4 39.7 40.9 41.9 44.6 42.7 9.8 1.9 0.3 -1.4 -1.4 -1.4 -1.4 -1.4 -1.4 -1.4 -1.4 -1.4 -1.4 -1.4 -1.4 -1.4 -1.4 -1.4 -1.4 -1.4 -1.4 -1.4 -1.4 -1.4 -1.4 -1.4 -1.4 -1.4 -1.4 -1.4 -1.4 -1.4 -1.4 -1.4 -1.4 -1.4 -1.4 -1.4 -1.4 -1.4 -1.4 -1.4 -1.4 -1.4 -1.4
