UK/data/nr/nr58_OST50GRID_20230518/NR58.asc
ncols 200
nrows 200
xllcorner 150000
yllcorner 680000
cellsize 50
[rows 0 to 35 of 200, columns 81 to 161 of 200]
-0.3 -0.3 -0.3 -0.3 -0.3 -0.3 0.1 0.4 0.8 3.5 7.9 28.4 32.8 47.8 55.2 57.5 64.1 69.8 75.9 81 85.2 90 95.1 100.3 103.7 108.3 110.7 113.9 115.8 118.3 121 123.8 128 130.9 133.6 137.1 141.1 143.6 146.2 151.5 161.1 164.6 162 159.8 158.1 156.9 156.5 155.8 159.1 162.7 169 174.4 174.4 170.5 168.8 167.5 163.8 161.8 167.2 163.8 158.4 152.1 149.8 144.1 144.8 150.1 153.9 156.5 160.3 161.7 159 158.8 158.8 158.8 164 165.9 180.1 199.5 223.2 245.5 269.2
-0.3 -0.3 -0.3 -0.3 0.3 -0.3 0.3 0.7 3.5 7.5 29 32.9 46.2 53 58.8 63.2 68.8 73.5 79.2 83.2 87.5 92.8 99.5 104.1 106.7 108.3 109.1 111.6 114.3 115.8 120.2 123.9 126.6 130.5 132.9 135.2 139.2 143.3 147.1 151.7 157.7 161 162.6 161.9 159.8 159.2 158.2 160.1 163.7 168.2 172.9 176.5 179.8 180.2 175.4 175.1 172.9 169.9 168.8 165 163.2 160.3 157.7 156.9 159.6 164.2 170.7 178.3 176.7 173.5 169.4 168.6 168.1 165.6 169.2 179.6 202.3 235.4 246.2 280.3 311.4
-0.3 -0.3 -0.3 4 0.8 0.5 0.7 2.2 6.2 29.5 32.8 43.7 51.6 55.5 60.8 66.4 72.5 77.5 83.1 87.6 91.7 95.2 101.3 104.9 107.2 109.6 112.1 113.8 116 117.1 119.7 123.4 125.9 129.4 130.7 133 135.2 141.7 146.5 150.2 155.5 157.6 161 159.9 161 160.4 161.9 166.6 171.6 177.1 181.5 183.5 186 186.2 182 179 176.9 173.5 169.6 167.8 166.7 165.6 165.6 163.4 172.5 178.6 189.4 188.9 186.1 179.4 175.6 174.1 172.9 177.8 185.6 200.2 236.2 249.8 284.9 320.9 345.8
-0.3 0.6 3.2 6.1 5.9 2 6.5 7 9.7 32.1 44.8 50.4 54.9 58.7 63.7 67.8 74.5 81.2 85.5 89.4 92.7 97.2 100.8 104.2 107.3 110.4 114.9 118.2 120.8 121.6 124.3 126 127.7 129.4 130.4 133.1 136.9 141.4 148 152.2 155.8 158.7 160.7 161 162.4 165.6 171.5 177.8 182.1 185.5 187.7 189.7 191.8 189.2 185.9 182.6 179.8 176.4 173.3 171.6 168.7 169.6 170.9 172.2 179 187.5 193.2 193.1 189.5 183.3 180.6 177 182.2 190.1 199.1 228.6 250.6 289.9 330.6 362.5 375.4
3.2 6.1 7.9 13.9 13.3 7.7 9.4 12.3 23.5 41 49.3 53.2 56.7 60.6 64.5 68.7 74.2 79.9 84.3 87.6 91.7 95.9 100.3 102.7 105.9 112.3 116.7 121.1 124 125.2 126.4 128.1 127.3 130 134.9 141.2 144.1 146.6 148.8 151.7 156 159 159.6 160.7 163.3 171.6 178.4 186.6 193.7 194.5 195.8 197.1 195.4 192.4 190.1 187.1 184.8 181.5 179.1 176.6 175.2 176.4 175.9 174.5 184.1 190.4 195.6 196.4 189.8 187.1 186.6 188.1 193.5 202.5 216.9 243.9 270.3 330.2 380.4 394 408.3
7.6 10.1 12.3 18.6 22 10.6 27 21.1 37.8 42.3 47.6 52.3 56.3 60.8 63.9 67.9 73.7 79.9 84.2 87.9 92.8 98.6 101.2 103.5 108.6 113.4 117.7 121.1 123.7 126 126.8 128 132.1 138.9 146.1 153.4 155.2 154.7 154.6 153 153.3 157.1 158.4 159.7 165 175.5 184.8 192 198.6 201.5 205.3 203.2 199.1 196.4 198.7 199.1 195.5 191.1 187.5 185.7 184.4 186.8 186.7 182.9 184.5 191.8 197 194.8 192.6 194.9 197.9 201.1 210.1 225.1 241.8 264.9 318 373.9 404.4 421.2 420.5
16 17.8 19.8 21.7 24.5 26.6 29.6 34.5 36 40.7 44.7 49.8 55.2 59.6 64.3 69 75.1 81.6 85.7 89.3 94.4 99 101.9 105.8 110.8 116.2 120.4 122.4 123.7 126.2 127.9 131.8 138.7 147.1 152.6 161 163.6 161.7 159.5 157.3 158 159.4 160.6 164.2 170.2 180.4 189.6 194.9 199.8 203.9 205.2 201.6 201.3 207.3 211.5 214.8 211.6 206.1 201.6 198.8 196 194.9 195.7 192.4 191.3 194 196.7 200.2 203.6 207.7 208.8 215.4 228.8 257.7 269.8 304.7 380.6 405.2 422.4 429.8 427
21.2 21.4 22.8 24.9 26.7 28.7 32.3 37.8 41.1 40.3 44.3 50.8 56.2 60.5 64.8 69.3 75.7 82.5 87.4 92.5 97.7 101.5 105.3 109.7 113.6 118.5 121.1 122.8 124.4 126 130.4 136.5 144 148.9 152.7 157 161.4 164.2 163.4 161.9 161 161.7 165.2 171.3 176.4 184.7 192.5 195.2 198.9 200.5 200.4 204 211.5 223.5 231.4 224.8 221.6 220.3 218.9 218.6 212.6 207.9 203.9 199.6 199.3 201.5 205.3 210.5 213.5 217.4 218.3 233.3 253.6 274.7 311.5 377.2 404.6 418.3 434.2 438.1 430.5
23 23.2 25.6 26.9 28.9 30.8 35.4 37.3 38.6 40.4 44.9 51.2 57.9 64.1 68.2 72.5 76.8 84.4 89.4 96.6 101.4 106.5 110.8 114 116.6 119.9 122 124 123.9 128.2 137.4 142.2 148.9 155.7 160.8 163 163.6 167 167.1 168 165.2 165.1 168.7 175.3 180.7 186.5 189.7 192.4 195.2 198.5 205.5 217.8 223.9 235.4 235.6 231.2 235.5 234.8 241.2 245.5 241.2 225.7 217.3 212 212.9 219.9 220.9 221.5 224.9 228.7 236.6 250 278.9 303.8 359.4 391.2 408.9 429.3 441.5 439.2 427.8
25.8 26 27.5 28 31 34 36.8 37 38.7 42.6 47.2 53.8 60 66.1 72.2 75.2 81.5 87.4 93.9 98.2 103 108.2 112.7 116.3 118.8 120.9 121.5 126.9 132.3 139.8 146.4 153 158 164 170.4 171.8 170.8 172.8 173.8 173.9 171 170.2 173.2 177.4 180.9 186.6 189.9 191.4 192.1 199.5 209.9 217.5 229.3 234.1 243.7 252.8 251.2 257.6 260.6 258.7 252 237.9 228.3 228 233.4 235.9 240.2 242.5 239.5 248.4 260.3 285.3 300.9 326.1 362.1 391.9 417.2 432.9 438.2 430.7 431.4
27.1 28.2 27 29.8 32.5 35.6 38.6 39.7 41.7 45 49.6 56.3 62.3 68.1 72.5 76.3 83.1 89.8 95.3 99.4 104.3 108.9 112.9 115.4 119 120.6 124.8 131.2 140.9 148.3 154.3 161.6 165.5 172.8 171.4 175 180.1 179.1 177.7 177.9 177.5 175.7 177.3 178.4 182.1 185.7 188.1 190 192.2 202.9 215.8 229.3 243.2 255.8 267.2 269.2 281.8 283.2 282.5 268.9 256.8 243.9 244.4 243 246.2 250.6 256.6 260.1 260.4 275.9 294.1 307.6 308.1 328.4 356.5 391.8 411.8 428.5 431.1 427.7 440.8
27.7 29.4 30.5 30.3 34.4 37.5 38.5 39.5 42.9 45.9 51.6 56.6 62.3 67.1 72.7 77.4 84.7 89.9 95.7 100 104.6 108.6 111.9 114.5 118.8 123.8 131.3 139.5 146.2 153.6 160.3 170.9 174.4 175.7 176.9 179.3 183.3 183.9 181.5 180.6 181.9 179.7 180.1 182.3 184.9 188.3 189.1 190.5 197 208.6 220.9 233 251 265.3 276.1 290.7 296.8 295.9 282.1 272.4 266.8 253.8 249.7 252.5 255.7 258 267.4 274.9 288.3 308.7 325.2 351 343 332.9 355.1 391.4 405.7 419 417.6 419.9 440
30.9 31.9 31.5 31.4 35.3 37.3 37.3 38.2 39.4 42.8 47.1 53.6 60 66.3 73.1 80.5 86.4 91.3 97.2 101.8 106.5 109.8 111.9 116.3 123.8 132 141.6 150.8 155.6 161.4 171.3 182.8 188.5 184.3 191.6 188.8 188.9 191.4 187.4 187.3 185.4 183.7 185.1 186.6 188.1 191 194.7 196.9 207.3 218.8 229.4 239.4 254.3 270.7 283.2 297.7 298.9 293.5 280 277.9 269.3 259 255.9 257.3 262.9 271.1 287.2 306.8 322.9 341.9 360.4 363.9 361.4 357.2 361.2 381 400.7 413.4 410.4 426.7 437.7
32.5 32.3 32.5 34.4 35.4 38 39.9 41.1 41.4 50.9 57.6 62.7 67.4 72.9 77.1 80.5 87.3 93.5 97.6 103.5 108.5 112.7 116.6 122.5 131.2 139.9 150.9 159.3 163.3 173.2 184.6 197 201.8 195.9 198.5 200.9 198.7 198 197.5 198.8 195.8 190.5 190.5 191.2 193 197.4 202.9 207.4 214.6 224.2 236.5 249.7 260.4 267.9 290.6 300.5 291.6 286.7 280 283.9 273.4 260.5 259.8 261.9 273.5 291.8 318.8 321.5 336.6 361.8 369.3 373.6 374.2 385.1 388.6 394.1 402 407.1 409 430.4 430.4
33.7 33.6 34.7 36.6 37.2 38.6 40.3 45.5 54.7 61.8 66.6 72.6 79.6 84.4 88.4 91 91.7 94.2 98.5 104.3 109.7 115.8 122 128.9 138.1 148.4 157.9 165.7 172 184.7 200.5 209.4 209.5 205.8 209.1 211 206.1 204.2 208.2 208.8 205.1 200.6 196.5 197 200 206.1 211.6 218.3 224.9 234.5 240.7 252.3 258.3 269.8 285.3 290.6 288.2 282 283 280.4 269.9 264.4 265.6 269.6 284.3 305.3 324.2 328.9 346.9 365.2 377.3 383.7 394.8 396.5 399.4 408.2 407.4 404.6 416.2 425.6 434.5
33.4 35.3 37.4 40 42.6 46.1 49.6 47.4 57.7 69.9 76.8 82.7 88.2 94 96.1 97.3 97.8 97.9 100.5 104 111 117.1 125.6 133.8 142 154.1 162.3 171.7 183.6 196.9 207.2 212.8 217.9 217.3 215.5 216.7 219.3 215.3 215.3 217.8 214.3 209.6 203.8 204.3 207.3 215.6 224.6 230.2 241.1 245.6 248.4 254.2 261.1 275.9 285.1 284.5 281.9 284.1 283 275.2 269 271.1 272.1 276.8 291.4 305.6 320.9 340.3 358.5 374.7 386.1 401 406.1 404.8 401.5 411.9 421.9 424.4 423.6 420.8 430.7
34.4 38.8 42.6 46.5 47 52.3 57.5 63.6 63.8 76.5 84 88.5 93.8 97.7 99.6 100.3 100 100.8 99.3 102.4 111.2 120.8 130.4 139.7 146.9 156.6 167.5 180.7 195.6 209.8 215.3 221.8 226.4 224.2 222.8 230 226.1 226.1 227.3 226.7 223.9 216.5 210 211 215.8 224.9 233.5 246.2 252.7 254.7 255.2 261 266.6 278.7 282.3 284.5 288.6 298.3 284.4 275.1 273.2 275.4 276.8 280.9 292.8 306.8 326.1 351.8 363.5 375.1 393.1 405.3 411.6 414.1 407 419 434.5 441.1 440.9 427.7 430.7
36.7 44.2 47.5 53.4 48.8 58.2 63.3 72.9 78 81.8 87.7 91.6 95.5 96.7 97.7 98.9 100.8 101.1 100.4 105.4 115.8 126.8 135.8 145.1 153.8 162.4 174.6 188.3 200.9 212.5 220.7 232.1 231.2 228.1 229.4 232.5 227.3 231.2 236.9 239.7 233.7 227.4 217.2 216.1 219.6 228.1 239 251.3 257.3 258.7 262 266.4 274.7 280.2 282.6 288.1 297.3 294.5 285.4 281.8 278.7 278.3 281.9 285.5 293.5 311.1 344.4 352.5 364.4 376.8 395.8 402.8 413.1 413.4 405.9 421.1 443.6 448.6 442.5 445.4 452
37.2 41.1 44.2 46.2 51.2 65.9 71.8 78.1 83 86.8 90 91 94.7 96 98.2 98.7 99.6 102.1 99.9 109.5 118.7 129 139.6 150.2 159.2 168 179.6 191.7 204.8 213.9 221.8 233.1 238.3 229.3 228.5 227.3 228.3 227.6 235 237.9 235.4 231.8 224.2 221.1 222.4 233.3 247.3 251.4 254.7 258 264.2 273.4 279 279.5 282.1 287.8 295.8 293.8 286 285.1 283.5 283.8 283.5 289 295.4 313.5 346.1 352.5 366.9 383 396.3 403.4 410.8 408 403.2 424.5 445 449.4 455.9 467.9 459.9
43.3 46.9 50.5 61.9 66.9 66 75.3 81.2 85.9 90.2 93.7 94.2 95.2 97 99.4 101.7 104.1 104.9 104.7 110.1 121.8 131 140.2 151 160.1 169.1 180.9 190.3 203 210.6 218.3 227 232 228.1 223.6 223.9 223.9 223.6 231.2 236 236.8 236.4 229.9 226.7 227.3 241.3 250.1 253.1 253.6 257.7 266.7 273.8 276.8 274.9 279.6 286.9 291.6 286 285.7 289.2 282.4 282.5 286.9 289 298.2 314.8 338.5 354.9 367.5 385.9 389.6 398 400.5 396.7 402 425.2 439.7 454.4 474.2 475.9 477.2
49.1 56 63.3 67.3 71.7 55.3 79.8 83.1 87.8 92.7 95.2 96.2 96.1 99.8 102.1 104 106.8 107.1 109.8 115 122.8 131.1 140.7 150.2 158.5 166.5 176.3 188.9 198.5 205.9 213.3 224.7 225.9 223 218.5 219.5 220.7 224.7 235.1 236 235.8 239.2 233.3 232.7 235.2 244 251.4 255.4 256.7 260.8 267.9 275.3 274.2 273.2 278.8 286.1 285.2 282.5 287.7 285.7 278.9 279.7 283 288.9 297.9 319.7 331.3 348.8 361.5 379.1 382 385.9 386.6 384.2 395.5 418.2 431.7 448.1 473 478.7 481.2
57.2 62.7 67.3 71.2 74.6 65.8 81.4 85.3 89.5 93.3 95 94.5 97.8 98.9 101.7 104.8 108.1 110.2 115.6 121.3 127.1 132.7 138.9 147.7 156.3 163.2 173.8 185.1 190.7 197.9 206.2 218.3 217.5 220.4 216.4 215.8 217 223.7 231.2 232.4 233.9 234.8 231.8 233.4 235.8 244.2 250.3 254.6 258.4 264.1 268.4 271.5 271 274.7 277.5 281 280.3 281.2 289.9 278.1 274.1 275.1 278.3 289.2 301.3 320.2 326.8 338 353 366.3 368.1 374.8 371.9 373.3 389.4 411.8 418.8 435.5 458.5 466 474
60.7 68 71.4 75 77.7 80 84 87 87.9 88.8 92.5 95.8 97.6 101.1 102.9 105.6 109.4 113.4 119.7 123.5 129.6 133.7 137.7 144.9 153.6 159.8 169.1 179.9 184 189.6 199.4 207 212 213.7 209.3 208.6 213.8 220.3 226.5 228.9 230 230.4 230.7 231 236 246.3 249.3 253.7 259.2 263.7 268.4 264.9 269.8 270.5 271.5 272.4 272.6 278.9 280 276 274.1 274.1 274.1 289.3 297.9 316.8 324.3 329.7 341.3 352.2 355.7 362.8 357 362.7 381.8 400.4 407.6 430.3 441.2 446.9 456.1
66.6 70.8 75.5 78.6 80.2 82.8 85.5 89.5 92 94.6 97.4 99.8 101.1 101.1 104.5 106.3 111.1 117.4 122.2 126.9 131.1 134 136.5 142.7 150.5 158.2 165 172.7 177.6 183.9 193 200.8 206 205.9 202.4 204.9 215.6 221.1 221.3 224.1 224.2 224.1 226.8 229 234.5 241.4 248.5 251.1 261.7 267 266.3 260.9 266.9 269.9 270 265.1 267.5 272 273.9 274.8 276.4 275.6 275.8 283.2 299.7 310.7 317.9 323.8 332 334.9 339.7 346.4 344.5 351.2 371.9 387.8 402.2 412.9 426.6 430.9 442.5
71.3 74.8 79.2 81.2 83.3 85.7 88.6 91.7 94.7 97.7 99.3 102.2 103.9 104.8 103.1 108.1 113.8 120.1 125.1 128 131.6 134.4 137.6 144.3 149.2 158.5 164.9 168.4 170.2 178.1 188 193.9 198.2 201.6 199.4 204.9 213.7 217.6 218.3 218.5 217.9 218 225.7 229.4 234.4 240.7 244.2 250.7 263.2 267.1 261.7 258.1 260.9 264.8 263.9 260.4 264.3 265.4 263.7 267.1 270 273.3 278.2 284 302.6 313.9 314.8 326.6 333.9 338.5 331.1 328.6 331.5 345.7 369 381.3 393.9 406.6 410.8 415.6 429.7
74.8 78.2 82.6 85.5 87.5 89.1 93.1 96.4 99 101.2 102.1 102.6 105.5 106.8 108.4 108.2 116.8 121.8 123.8 127.9 131.5 136.5 141.3 144.8 146.8 155.1 161.1 163.7 164.8 168.8 177.7 185.4 193.2 197 196.8 202.5 208.8 213.2 215.5 214.4 213.7 219.6 228.5 234.9 233.8 236.2 240.2 252.5 260.5 260.6 256.5 259.3 257.4 258.3 255.5 255.3 260.8 261.9 262.5 263.6 266.4 270.3 275.3 285.9 300.3 310.4 315.2 329.4 336.1 339.7 333.9 322.9 322.6 338.7 359.5 372.1 384.3 397.1 397.8 398.1 405.5
77.2 81.6 85 87.5 90.1 92.9 96 99 101.6 103.6 104.3 104.5 105.5 108 109.7 114.1 119 121.1 127 128.2 134.7 140.1 145.1 146.9 146.4 151.9 158.6 159.7 160.7 163 170 177.4 184.7 191.3 194 197 202.1 206.2 209 208.8 211.4 216.9 224.8 226.6 231.1 231 238.2 249.4 255.2 256.1 250.8 253.1 251.8 249.2 249 254.9 259.6 260.3 259.8 260.4 262.2 267.6 274.3 287 304.6 309.6 317.8 329 336.3 337.5 331.7 328.1 323.6 334.1 346.6 358.7 370.9 384.1 379.1 379.2 386.1
79 82.9 86.5 88.7 90.4 92 95.6 99.8 102.1 103.6 103.5 104.3 104.1 108.7 111.5 116.9 120.4 125.1 127.9 129.9 136.3 140.4 143.7 145.7 148.3 148.8 155.9 160.4 161.1 164.4 166.2 172.3 180 185.8 190.8 191.2 198.5 204.2 202.9 202.4 210.8 218.8 214.6 220.6 227.9 226.5 238 240.5 249 243.7 242.9 241.7 242.4 242.6 241.5 249.3 253.9 255.6 256.4 253.4 254.4 262.4 274.1 285.5 299.9 307.6 320.4 325.6 332.8 332.1 327.8 325.9 323 328.2 337.7 348.2 353 368.2 359.3 362.8 368.6
78.3 83.5 86.4 88.4 88.9 90.7 94.6 98.3 100.8 102.1 102 100.9 104.1 109 113.6 117.4 123 127.8 130.3 132.5 136.8 139.8 140.3 142.9 146.3 148.5 150.1 153.5 158.4 161.4 163.8 169.2 174.3 181 185.1 185.5 195.7 197.7 190.9 193.8 205.1 208 206.4 214.9 221.3 220.9 230.9 232.6 235.2 232.7 232 233.8 234 233.1 230.7 240.5 248.9 255.5 251.9 246.9 246.6 258.4 272.2 284 296.7 311.5 319.5 322.9 327.5 326.4 326.7 326.8 321.6 322.9 327.8 335.5 339.2 341.5 341.6 347.3 348.3
79.5 82.9 85.7 87.8 87.7 89.8 92.7 95.4 97.6 97.2 93.7 97.7 105.1 109.9 114.5 118 123.3 126.5 130.5 134.8 138.4 142 143.8 146 146.9 148.8 154.6 154.4 157.2 159.7 161 164.9 171.1 177.9 179.9 183 195.2 188.8 183.3 191.4 200.2 202.6 203.2 209.3 216.8 219.3 225.7 227.5 225.7 219.9 219.3 224.7 223.7 225 225.6 233.6 242.2 248.2 244.6 243.1 243.9 253.7 268.3 281.3 294.3 308.7 315.7 319.8 321.8 322.9 323.7 324.7 318 322.6 320.9 321.7 329.7 335.6 337 340.9 339.1
78.6 81.2 84.7 86.6 86.9 88.8 90.2 90.7 91.1 87.3 89.5 99.5 104.4 110.1 114.7 119 122.2 124.6 131.1 136.9 137.5 141.7 146.6 145.6 146.8 148.2 153.6 156.9 161.4 163.8 159.7 162.1 165.4 171.5 173.5 173.4 182 180.7 177.6 183 188.6 191.1 198.5 205.8 208.6 209.1 210.1 215.5 211.5 210.5 212 216.8 219.1 218.9 220.9 226.7 239.4 244.2 241.8 243.7 244.9 249.8 265.3 281 296.5 306 313.2 315.2 317.2 318.3 320.1 320.9 316 323.6 324.5 320.7 330 331.5 334.3 335.3 334.7
75.6 77.7 81.9 84.6 86.1 85.7 85.5 87.3 86.2 91 94.1 99.9 105 109.7 114.2 117.1 119.1 122.9 131.2 135.5 142.4 147 148.8 147.3 150.1 154.9 153 156.5 160.6 161.7 161.5 163.3 164.8 166.7 166.4 168.6 169.8 170.5 171 174.4 180 182.3 191.4 202.3 201.4 202.2 200.8 201.8 203.3 203.6 206.4 210.7 213.5 216.3 220 229.1 242 238.3 240.2 242.9 245.8 247.5 264.1 280.1 291.1 305 306 309.1 312.4 313.5 313.6 315.6 309.5 316.5 318.6 317.9 322.2 330.8 328.5 330.3 329.7
72 75.2 78.8 81.5 83.5 82.7 83.6 82.6 89 92.4 96.6 102.9 107.5 113.3 116.5 117.3 121.3 127.9 135.9 143.9 151.3 154.1 152 151.6 158.1 163.2 157.8 156.4 159.9 161.4 163.4 166.6 170.8 173 171.6 170.8 169.5 171 171.4 172.8 175.1 180.3 186.8 195.6 197 196.5 196.9 197.6 200 204 207.8 212.4 214.7 216.5 219.6 232.4 235.3 240.2 243.5 249.3 246.2 250.3 266.8 279.1 290.8 297.6 298.9 301.4 305.6 308.6 311 309 306 306 311.4 318.7 318.9 325.2 327.5 326.4 324.3
69.5 73.1 74.2 77 79.4 81.5 82.2 82 88.8 92.8 98.2 104.8 112.4 115.2 116.9 122.2 130.6 138 144.9 152.3 163.2 160.2 158.4 166.1 167.8 168.5 168 165.3 164.8 165.6 164.8 169.2 172.8 175.6 178.2 178.1 172.8 170.9 171.5 172.1 175 176.9 180.5 192.1 194.4 194 195.1 197.4 201 207 210.9 210.5 213.2 215.3 219.9 231.7 236.8 241 249.2 254.8 252.4 252.9 264 281.5 286.3 291.2 292.6 298.8 304.5 305.4 309.3 306 306 306 308.1 313.5 316.7 318.1 319.7 322.4 322.5
69.1 69.8 70.8 70.7 74.7 76.5 79.3 81.7 89.4 95.4 99.8 106.5 114.8 117.2 121.3 129.9 138.4 146.7 155.4 166.8 166.4 167.8 175.6 180 179.1 178.9 175.6 175 171.2 168 169 172.7 176.2 179.3 181.8 181.9 178.2 177.1 175.5 178.5 180.2 188.3 192.9 199.7 199.8 196.1 195.8 199 202.9 207 210.6 214.2 219.7 224.3 229.9 234.8 244.8 249.5 265.9 261 260.8 256.7 265.5 282 286.7 288.6 296.7 301.6 306 307 306 306 306 306.7 316.9 315.1 316.8 316.2 315.9 320.2 322.9
62.3 65.1 67.4 72.6 75.7 77.6 79.4 83.2 88.4 94.4 99.7 106.2 115.3 121.9 127.1 136.3 143.1 151.3 160.5 169.6 173.5 180.7 188.6 192.1 188.5 183.6 179.2 174.6 171.2 169.7 176.2 180.2 180.3 180 185.4 188.4 187.1 187.6 189.1 188.7 193.5 201.5 208.9 212.5 205.4 202 200.1 201.5 207.4 210.1 211.7 217.8 221.4 232.3 244.3 252.8 252.5 262.2 267 268.4 265.1 261.8 274.9 280.6 286.3 291.3 304.7 308 308 311.7 306 306 306 314.2 318.9 319.3 316.2 317.8 315.4 315.4 318.5
