WholeMapElevations/data/tq/tq20_OST50GRID_20230518/TQ20.asc
ncols 200
nrows 200
xllcorner 520000
yllcorner 100000
cellsize 50
[rows 42 to 83 of 200, columns 0 to 94 of 200]
1.1 1.3 1.5 1.7 -2 -2 2.1 2.3 11.2 30.8 33.8 36.9 40.2 43.6 47 50 54.6 60.2 68.4 79.4 89.6 97.7 103.1 102.5 98.2 91.7 84.4 75.8 68.8 63.2 60.6 58.2 55.2 53 56.5 62 68.1 73.5 75.9 72.7 65.1 56.9 54.5 56.2 62.8 68.9 72.5 74.7 76 77.5 79.1 82 86.7 92.8 100.5 106.9 109.3 110.7 108.1 106.2 111.8 116.4 119.2 119.4 117.9 117 117.4 119.1 120.3 120.8 119.9 117.1 116.3 115 112.3 109 105.3 98.2 89.3 78.1 71.1 66.9 61.5 55.7 51.6 48 55.3 59.2 53.3 58.9 67.2 72.8 73.8 72.3 68.7
1.1 1.3 1.4 1.5 -2 -2 2.6 2.2 3.6 28.5 34.5 37.4 40.4 43.1 45.9 48.7 52.9 60.3 69.7 79.9 90 98 102.6 100.7 95.7 88.1 79.5 71 64.5 60.5 58 55.5 53 51.4 54.9 59.8 66.4 71.8 74.4 70.9 62.9 55.7 53.5 57 63.4 67.1 69.6 70.7 71.1 71.6 72.3 73.9 77.9 87.5 96.9 103.4 105.2 104.7 99.9 99.4 105.7 110.3 114.5 112.9 110.8 110.4 111.9 114.1 116.5 118.9 119.2 119.8 118.2 115.7 113.9 112.3 107.3 103.6 98.1 91.6 85.7 78.8 72.3 65.2 58.2 52.7 56.2 45.1 45.7 53.7 63.2 67.7 70.3 69.3 66.6
1.6 2 1.9 1.8 -2 -2 1.7 2.3 4.1 19 33.9 36.8 38.9 40.9 43.2 46.1 51.1 59.1 68.7 79 89.2 97.1 100.5 98.1 91.8 84.6 74.4 64.9 59.7 57.2 54.9 52.4 49.8 50.3 53.6 58.7 65.7 71.9 73.9 70.6 62 54.6 53.3 57.7 61.8 64.3 65.6 65.8 66 65.1 65.5 69 78.2 88.1 96.3 100.3 99.6 98.9 92.2 93.2 100.7 105.7 109 107 103.2 102.1 104.1 108 111.3 115.4 117.2 117.4 115.7 114.3 112.4 110.6 109.1 106.3 102.1 97.5 91.6 84.3 76.5 68 51.8 54.8 50.2 45.8 44 49.5 59.1 65.2 66.9 66.9 65
2.1 2 1.8 1.7 -2 -2 2.4 3.2 3.4 21.4 34.7 36.4 37.4 37.9 40.3 43.3 49.3 58.2 67.8 78.2 88.4 95.6 98.7 95.6 88.5 81.5 70.4 59.9 56 53.9 51.8 49.3 48.5 49.6 54.4 59.7 65.5 72 74.3 71.3 62.5 54.3 52.9 54.6 58.3 60.5 61.3 60.7 60.9 60.5 62.7 69.9 79.5 88.6 93.9 97.2 96.2 93.3 85.1 88.7 95.4 102 105.1 103 98.2 94.9 96.4 100.3 104.4 109.2 113.4 112.2 110.6 109.8 107.3 107.2 106.8 106.9 104.6 101.2 94.6 87.1 78.7 68.6 61.1 55.2 51 46 43.1 47 56.3 61.5 63.8 64.2 61.9
2.1 1.9 1.7 3.7 -2 3.4 2 2.1 4.5 24.5 33.2 34.7 34.8 34.4 36.8 41.8 47.9 56.8 67.2 77.6 87.3 94.3 97.3 94.9 87.5 79.2 67.1 56.4 52.8 50.6 48.4 46.6 47.1 50.4 55.3 60.4 66.4 72.3 76.1 73.3 65.6 55.6 51.6 51.4 54.5 56.5 57 57 56.5 57.2 62.9 70.9 79.6 87.5 91.8 93.1 91.4 87.8 79.5 83.7 91.2 98.6 101.8 100.5 95.4 89.2 89.2 93.5 98.1 104.2 107.9 107.5 106.1 102.5 101.3 102.3 104.3 105.9 105.7 102.4 96.4 88.1 77.2 66.5 58.4 54.4 50.5 46.2 42.6 45 54 58.6 61.4 60.3 58.1
2 1.9 -2 -2 -2 2.2 2.1 3.4 3.7 27.9 29.2 29.7 29.6 31.8 35.3 41 46.8 55.3 65.8 76.6 86.3 93 94.3 92.9 86.1 77.4 65.4 53.9 50.2 47.5 45.4 44.8 47.7 51.8 55.8 60.7 66.7 73 77.8 77.2 71 61.3 52.1 49.6 50.7 52.1 52.5 53.2 52.9 55.4 62.5 70.9 79 85.5 88.2 88.7 86.2 82.3 76.1 79.7 88.6 95.9 99.5 98.5 93.6 86.3 82.9 87 93 98.7 103.4 102.5 100.8 98.1 94.6 95.6 97.9 101.5 102.6 102.5 97.2 88.9 77 64 57.9 53.4 49.1 44.9 42 43.5 51.6 55.5 56.8 56.2 54.9
2.3 -2 -2 -2 2.2 2.2 2.3 3.2 14.6 22.9 24.1 23.9 25.6 29 33.3 38.2 45.5 52.8 62.5 73.3 83.5 90.1 92.8 91.1 83.7 75.4 64.8 51.3 47.2 44.4 43.2 44.5 47.8 52.2 56.7 61.2 67.2 73.8 79.5 82.4 78.1 68.9 58.9 51 47.9 47.6 48.4 49.5 50.4 54.3 61.2 69.2 77.3 83.2 84.5 83.5 80.6 75.7 70.7 74.9 84.4 93.3 97.3 95.6 91.3 85 78 81.5 88.4 95.3 99.1 97.9 95.3 91.1 88.4 89 91.5 95.9 98.9 99.9 95.4 88.7 77.8 65.7 57.9 53.8 49.3 44.4 41.7 43.9 48.2 52.6 52.7 52.4 50.2
2.6 -2 2.6 2.5 2.7 2.6 2.5 4.2 16.9 17.6 17.9 19.4 21.5 24.3 28.4 34.7 41.3 48.2 56.9 69.1 78.7 87.1 90.1 89.2 82.2 73.5 60.9 49.5 45.4 42.1 43.2 44.9 48.3 52.3 55.9 59.6 66 73.3 80.9 84.6 84.9 79.4 71.3 61.4 53.7 47.5 46.1 46.3 48.2 53.2 60.3 68.1 76.1 80.6 81.3 79.5 75.7 70.9 65.2 71.9 82.7 92.6 95.6 93.1 88.5 81.9 75.3 76.8 84.6 92 95.5 93.2 91.4 86.6 82.4 81.9 84.7 89.9 95.6 97.8 95.1 88.7 80.1 67.7 58 53.8 49 44.2 40.8 43.5 46.6 49.3 49.1 48.3 45.5
-2 -2 1.5 2 2.2 2.5 2.5 4.2 12.4 13 13.6 15.1 17.5 20 23.4 28.3 34.2 42.6 50.8 61.3 72.4 81.5 86.4 87.1 80.9 72.4 61.2 48.6 44.4 40.8 41.9 43.6 46.6 50.3 54 57.6 64.1 71.9 79.7 85.3 86.9 84.3 77.3 68.6 60.2 51.9 46.2 44.5 46.1 51.3 59.8 67.2 73.6 77.5 77.6 74.4 70.5 64.8 62.3 71.4 82.5 91.4 93.6 90.4 85.5 78.6 71.8 73 81.6 89.1 91.9 90.6 87.7 82.2 77.7 75.5 78.5 84.7 91 94 93.9 89.1 81.9 70.2 59.4 53.3 48.4 43.6 40 41.9 44.6 46.3 45.2 43.3 41.8
3.1 -2 -2 1.6 2.5 2.1 2.3 3.4 8.7 9.1 9.4 11 12.9 15.4 17.7 21 25.4 33.6 42.5 51.7 63.1 73.7 81.9 84.4 80.3 72.4 62.8 48.9 43.6 39.9 39.9 41.5 44.5 48.2 51.9 55.3 62.5 70.4 78.3 84.7 87.1 84.7 79 69.9 59.6 52.1 47.1 44 44.2 50.5 58.1 65.4 71.4 74.8 73.6 70.2 64.9 59.4 61 71.8 83.3 90.1 91.8 88.3 82.6 75.8 68.5 69.7 77.5 85.8 88.5 87 84.1 78.7 73.2 70.1 73.6 80.3 87.4 91.4 92.2 88.6 83.3 74.9 62.4 53.5 48 43.2 39 39.9 42.2 42.7 42.1 40 40.8
1.9 -2 -2 -2 -2 1.9 2 2.7 4 6.6 7.2 7.5 9.1 10.6 12 13.8 17.2 22.1 27.9 36.8 49.1 62.6 73.8 80.1 79.6 73.4 64.7 53.2 45.9 40.5 38.3 39.4 42.1 45.4 48.8 52.5 59.3 67.8 76.3 83.4 86 84.6 78.1 68.2 57.8 50.1 46.5 43.5 43 47.6 55.5 63.8 69.7 71.2 70.2 65.7 60.1 55.5 61.3 72.4 81.9 88.6 90 86.4 80.3 73.3 65.7 66.7 75 82.2 84.9 83.3 80.5 75.1 70.2 67.4 70.4 76.4 84.1 87.8 90.1 89.6 86.4 80.2 70.9 57.6 48.9 43.9 39.1 38.5 39.6 40 40.4 39.4 41.1
2.2 2.6 2.3 2.1 -2 -2 1.9 2.2 3.3 4.8 4.7 5 5.6 6.6 7.3 8.4 9.5 11.7 15.2 20.3 29 44.4 61.9 73.6 77.5 73 65.2 56.5 48 42.9 38 37.2 39 42 45.9 50.1 56.7 64.8 74.3 81.9 85.3 83.4 77.9 66.3 56.1 48.6 45.2 42.3 41.9 46.9 55.4 63.6 67.9 68.2 66.4 62.7 56.8 53.1 60 71.3 81.5 87.1 87.3 83.4 77.4 70.4 64.3 64.7 74 78 81.2 79.6 76.6 71.6 68.4 65.1 67 67 73.8 84.5 89.6 91 88.3 83.1 75.9 62.5 51.9 46 41.1 38.1 37.2 38.2 38.3 37.5 40.8
1.7 3.1 2.7 2.2 1.7 -2 -2 2.3 3.3 3.1 3.5 3.2 3 3.7 4.5 5.2 5.8 7.6 9.8 13.4 18.1 27.5 46.2 65.2 72.9 71 64.2 56.4 48.1 42.7 38.2 36 36.3 39.9 44.1 48.4 54 62.5 73 80.2 84.7 83 77.5 65.5 51.7 47.1 44.2 41.2 42.1 47.3 55.9 61.8 64.9 64.4 61.7 58.8 53.3 50.9 58.5 70.6 80.2 85.6 84.8 79.6 73.8 67.2 61 63 72 75.9 77.4 75.6 72.6 69 65.1 61.1 65.3 67.4 77.9 84.4 89.1 90.9 89.8 85.9 79.9 71.2 60.7 51.6 45.1 40.9 37.2 36.6 36.2 36.6 38.6
2.6 3 3 2.7 2.2 1.6 -2 -2 2.4 2.4 2.8 3.2 2.8 2.4 2.3 2.7 3.7 4.9 7 9.7 13.5 18.8 31.4 54.2 69.5 67.4 62.5 54.6 47.1 41.9 38.3 35.8 35.1 37.9 42.1 46.1 51.7 60.5 72.3 81.1 84.9 82.7 76.2 65.3 50.8 46.1 42.7 40.3 40.6 47.5 55.9 60.2 61.4 60.3 57.6 54.3 50.1 49.1 57.2 71.1 80.1 84.4 82.9 77.1 69.3 62.2 57.3 61.9 69.3 72.5 73.3 70.9 68.6 65.1 61.1 59.8 65.2 71.3 77.8 84.3 88.6 90.1 89.3 87.7 83.5 78.7 68.9 59.4 51.2 45.1 40.9 38.2 35.7 34.8 35.3
2.5 2.5 2.5 2.5 2.5 2.2 -2 -2 -2 3 2.3 3 2.7 2.2 2.2 2.4 1.9 3.1 4.4 6.2 9.6 15.1 23.4 44.3 61.9 64.8 60 52.6 45.7 40.4 37.7 34.6 33.9 36 40 44 50.5 60.9 73.2 81.4 84.3 82.2 74.3 64 50 44.9 41.3 38.7 40.4 48.1 54.5 56.5 57.5 56.1 53.2 49.8 46.2 48.2 61 72.1 79.4 83.3 80.8 75.1 67 58.1 54.6 59.7 66.1 68.5 69 67.2 64.9 62.1 57.2 60.4 64.5 72.3 78 83 87 88.8 88.4 87.5 84.6 81.6 75.7 67 62.1 54.2 46.6 41.1 38.8 35.7 34.2
2.5 2.9 2.9 2.6 2.7 3 1.6 -2 -2 2.1 1.9 2.1 3.2 2.3 2.6 2.2 2.3 2.2 2.8 4.4 7.4 11.3 18.2 34.3 56.3 60.1 57.4 51 43.8 38.7 35.9 33.1 32.2 35 39 43.1 50.7 62.7 73.4 81 83.7 80.8 74.7 63.3 50.4 44.2 40.4 37.9 40.1 47.1 51.1 52.7 52.8 51.1 48.3 45.1 44.5 52.3 63.2 71.5 78.4 81.2 79.7 73.9 65.7 56.1 53.3 57.4 61.9 64.7 64.8 63.5 61.2 58.9 54.8 61.4 67.3 70.7 75.1 81 84.4 85.1 85.8 86.6 84.5 82.5 80.6 76.6 71.8 66 58.1 47.9 42.6 40.1 36.8
2.3 2.7 2.7 2.7 2.8 2.8 2.1 -2 -2 1.7 2.1 2.8 2.9 2.6 1.9 2.5 2.3 2.1 2.2 2.8 5 8.5 15.3 28.4 51.8 56.8 54.4 47.8 41.4 36.5 34.2 31.9 31.7 34 38.1 43 53 63.8 73.2 80.4 83.1 81.7 74.7 63.9 50.9 43.8 40 36.9 39.3 45.6 47.5 48.2 47.3 46 43.3 41.2 45.5 53.9 62 68.7 74.8 78.1 77.4 72.6 64.7 55.9 49.8 53.3 57.3 59.8 60.1 59.1 57 54.6 55.9 59.9 66.6 69.4 73.7 79.5 82.5 83.1 83.8 84.7 84.5 83.9 82.4 80 77.2 73.2 70.4 56.2 43 48.2 46.3
2.5 2 2.7 2.5 2.4 2.4 3.5 -2 -2 2.5 2.1 2.3 2.5 2.6 2.6 2.4 2.3 2.1 2.1 2.2 3.2 6.5 12.6 25.9 48 54.5 51.7 45 39.2 34.4 32.7 30.6 30.6 34 38.4 44.4 55.4 63.4 72.6 79.7 82.7 82.3 77.3 67 54.9 44.3 40.4 36.6 37.8 40.5 42.6 43.3 42.5 41.2 38.9 40.9 46.5 52.2 57.9 64.7 70.3 73.7 73.8 70.5 64.7 56.5 48.4 48.4 52.5 55.2 55.4 54.1 52.6 51.7 56.2 62.6 65.3 68.3 73.4 77.1 79.6 80.8 81.6 82.4 83.2 83 81.9 80.5 79 77.1 75.7 71.7 68.9 65.1 60.1
1.7 0.8 2.9 2.5 2.4 1.4 -2 -2 2.3 3 2.6 3.2 2.9 2.7 2.6 2.4 2.2 2 2 2.1 2.7 5.9 12.7 28.2 47.6 52.8 49.2 42.6 36.9 32.5 30.3 28.7 30 34.3 39.8 46.9 56.3 64.5 72.6 78.9 81.3 81.6 78.8 71.8 62.2 51.5 41.9 37.3 36.1 36.7 37.4 38.4 38.5 36.7 36.8 41.2 45.2 49 53.4 60.1 65.1 68.1 69.5 67.2 62.8 56.9 49.8 45.6 48.1 51 50.7 50.3 48.8 52.5 56.4 60.3 63.4 67.7 72.3 74.7 76 76.8 78.2 79.8 80.4 80 79.3 78.6 78.2 78.2 77.7 76.6 73.5 70.9 66.8
4.1 1.7 -2 -2 1.5 -2 -2 2.3 2.1 2.3 2.3 2 2.5 3 2 2 2.1 2 1.9 2.4 2.5 6 12.1 29.7 48.2 51.9 47.2 40.5 34.5 30.5 28.1 28.2 30.9 35.4 42.2 49 57.3 64.7 72.1 77.4 79.6 79.7 78.3 74.1 68.1 59.7 50.3 40.3 36.4 34.8 34.6 34.1 34 33.6 36.2 39.6 41.9 44.9 49.4 54 58.7 62.9 64.1 62.9 59.8 54.6 47.9 43.6 43.9 46.2 45.9 45.7 47.9 51.2 54.3 57.8 61.9 66.6 70.1 71.3 72.1 72.8 74.7 76.4 77.2 76.4 75.7 75.4 75.2 75.5 76.2 76 75.2 73.3 70.1
11.6 8.7 3.5 -2 0.8 -2 -2 1.7 2.3 2.6 2.4 2.5 3.3 2.8 2.7 2.5 2 2.4 2.6 2.4 1.4 2.3 7.8 34.2 49 50.9 45.2 38.1 32.5 28.3 26.4 27.8 31.6 36.6 41.7 48.5 55.5 63 70.1 74.5 76.4 76 75.6 73.6 69.9 64.9 59 52.3 42.3 37.6 34.5 34.4 32.3 32.1 33.1 36.5 37.5 39.8 43.7 48.7 53.3 56.8 58.9 58.5 56.7 51.6 46.8 42 40.4 43.3 42.5 44.2 47.9 48.2 49.5 55.8 60.5 64.2 66.4 66.4 66.5 68.6 71.1 72.9 73.5 72.6 71.6 70.1 71.2 72.1 72.4 74 73.6 72.5 70.3
11.7 10.7 5.5 2 0.9 -2 -2 1.9 2.4 2.7 2.9 3.2 3.4 3.4 2.5 2.1 2 2.9 3.6 3 2.2 3.1 13.2 39.8 50.6 49.8 42.8 35.7 30.8 26.2 25.5 28.4 32.9 38.1 42.9 48 54.3 60.2 67.6 71.5 72.8 72.6 72 70.1 67.5 65.8 63.4 60.9 53.4 44.3 38.9 35.6 32.8 31.3 30.6 31.4 32 34.9 38.1 43.3 47.4 50.6 53.7 54.5 53.2 50.5 45.7 41.1 38 38.9 42.4 44.1 46.2 43.7 48.7 54.8 58.2 60.9 61.8 62.3 62.2 64.6 66.9 68.7 69.8 68.7 66.5 65 65.4 67.4 68.5 70.8 71.3 71.3 69.3
11.4 10.4 2.7 1.7 1.3 -2 -2 2.3 2.4 2.5 2.7 2.9 2.8 2.4 2 2.5 5.4 6.1 5.4 3.8 3.9 3.5 22.8 45.2 50.9 47.9 41.9 34.5 28.8 25.1 24.9 28.5 33.4 38.6 43 47 53 59.6 63.1 68 68.5 67.1 65.9 65 63.2 62.2 63.3 64.1 61.9 55.7 45.2 40.4 37.5 34.1 31.2 30 29.8 32 33.4 38.4 42.3 45.6 48.6 49.4 49.8 48.1 44.5 40.3 36.7 37.7 41.5 44.8 42.2 44.3 49 52.5 55.6 56.6 57.6 57.5 58.1 60.4 62.2 64.9 66.3 65.1 62.4 59.2 59.7 62.3 64.6 67.1 69.2 69.6 68.3
10.9 6 1.2 1.8 1.8 -2 -2 0.9 2.3 3.8 2.3 2.3 2.2 2.7 2.5 4.6 7.4 6.5 5.3 4.2 3.9 2.9 30.7 47.5 51.3 49.4 43 35.2 27.7 24.7 24.5 28.6 33.5 36.5 40.4 44.7 50.7 56.1 61.3 63.9 63.2 61.9 59.9 58.9 58.1 58.5 61 64.8 66 64.2 58.5 50 44 39.1 35.9 31.2 28.8 27.9 28.9 34.5 38 41.3 43.7 45.6 45.5 45.1 42.8 39.9 36.3 37.8 41.3 39.6 40 43.3 47.6 50.2 52 53 53 52.8 54.4 57.7 60.7 63.4 63.2 61.5 58.4 53.4 53.8 57.6 61 63.6 66 67 66.1
5.7 3.5 1.9 1.8 1.7 1.7 -2 -2 -2 -2 0.5 2.3 2.2 3.4 2.3 2.9 6.1 5.3 4.3 4.1 3.5 3.3 36 47.9 51.3 50 43.5 36.2 28.9 26.8 27.5 30.1 33.3 35 37.8 42.2 47.5 53.3 56.9 59.8 59.5 57.3 53.9 52.8 53.1 55.6 59.1 63.7 68.7 68 65.7 61.8 56.7 48.8 41.2 35.3 30.5 28.1 27 29.5 33.3 36.9 38.9 40.9 41.6 40.8 38.3 36.6 34.9 37.3 34.1 35.6 38.6 42.1 45.7 47.9 48.4 48.4 48.3 48.7 51.5 55.9 59.2 61 60 58.1 54.2 49.7 49.8 54.1 57.3 60.6 63.1 64.2 64.5
3 2.7 2 1.6 1.6 1 1.1 -2 -2 -2 -2 -2 -2 2.9 2.3 3.3 2.6 3 3.5 3.9 3.3 8.7 42 47.5 50.5 50.4 45.9 40 31.3 33.5 36.3 38.5 39.9 41.5 43.5 45.3 46.2 47.2 47.9 49 49.5 49.7 48.8 48.3 48.2 51.6 55.3 61.5 62.7 67.3 66.9 63.4 59 53.9 47.6 39.5 33 28.3 26.4 26.8 29.7 33 35.1 37.3 35 32.7 29.1 31.1 28.3 28.5 29.4 34.8 37.7 41.5 43.9 44.9 45.4 44.1 44.6 46.3 50.7 54.3 57.2 57.8 57 55.6 52.4 47.6 47.4 50.8 54.8 58 60.3 61.1 61.4
2.5 2.7 2 2 1.5 1.7 1.7 1.4 1.7 -2 -2 -2 -2 -2 2.4 3.6 3.3 4.1 4.2 3.6 3.7 21.7 38.4 36.2 32.3 28.7 29.5 31.8 34 35.7 37.4 37.1 38.4 40.2 40.2 42.5 44.7 47.5 48.6 47.7 50.2 49.1 47 47 47.4 47.6 47.1 46.5 45.7 45.4 43.5 45.5 45.7 47.4 48.5 40.7 36 32.6 27.3 26.7 27.5 29.4 31.3 32.7 28 27 29.1 27.7 27.8 27.9 28.5 34.3 37.6 39.7 41.3 41.6 41.1 41.1 42 45.7 49.5 52.2 54.5 54.8 53.9 51.9 49 44 41.7 48 52.2 55.1 57.2 57.9 58.2
1.5 2.4 1.8 1.5 1.6 1.7 1.6 0.6 1.7 1.8 1.8 -2 -2 -2 2.7 3.8 3.8 3.6 4.5 4.3 3.4 21.6 23 24.7 31.8 40.7 40.4 40.8 36.3 29.6 23.1 20.6 22.8 26.3 30.7 35.3 40.6 42.7 45.2 47 46 44.6 41.6 40 42 45.2 47.9 50.8 51.3 50.9 50.3 45.8 40.1 38.5 36.2 33.1 31.3 29.7 29.5 28.8 28 27.6 25.6 25.6 25.5 29.3 27.3 27.3 27.4 27.8 27.9 30.3 35.2 37.1 38.3 38.2 38.2 38.1 40.9 44.3 47.6 50 51.1 51.4 50.5 49.1 46.6 41 39.4 44.6 49.4 52.2 53.4 54.5 55.1
2 2.7 2.3 2 1.5 1.6 1 0.7 1.7 2.1 2 1.7 -2 -2 2.7 2.9 3.6 3.8 4.3 4.5 10.7 28.3 35.8 41.3 44.9 44.8 44.2 41.1 36.2 30.8 24.4 20.8 19.8 22.7 28.1 33 37.6 39.5 41.5 42.2 41.8 40 37.9 36.6 38.3 40.6 44.1 45 46.3 46.7 46.6 46.6 45.7 44.6 42.8 37.7 35.1 30.4 28.4 27.5 25.9 25.4 26.5 29.1 27.1 27.8 27.3 27.4 27.5 27.7 28.4 30.6 32.7 34.3 35.4 35.6 35.3 36.6 39.7 42.5 45.1 47.1 47.9 48 46.9 45.8 43.3 38.4 38 42.3 46.3 49.2 50 50.4 51.9
1.7 2.5 2.1 1.7 1.5 1.5 1.7 1.9 1.5 2.1 1.8 2 -2 -2 4.3 3.8 3.3 4.2 4.6 4.9 15.8 27.5 33.4 38.1 41 41.6 41.1 39.2 34.9 31.1 25.4 20.3 18.2 20.7 26.7 31.2 33 35.7 37.1 37.2 37.2 36.4 35.5 34.5 35.2 37.2 38.9 40.1 41.5 42 41.8 42 41.9 40.7 39.8 38.2 35.6 34 30.6 28.1 26.4 25.1 25.2 27.2 26.4 26.8 27.3 27.2 27.1 26.9 27.1 28.2 30 31.2 32.3 33.3 32.6 34.9 37.9 40.3 42.6 43.6 44.1 44.1 43 41.9 40.1 35.6 36 40 43.3 45.8 46.6 46.5 47.9
1.4 2.7 2.2 1.5 1.4 1.5 1.6 1.7 1.8 2.2 1.9 2.7 -2 -2 4.3 3.7 3.2 5.1 5.9 4.5 20 25.7 31.5 34.7 37.4 37.3 37.4 36.9 33.5 29.6 24.3 20.4 17.2 19.9 24.3 28.9 31.3 32.5 33 33.5 33.4 32.8 32.1 31.4 31.8 34.4 35.2 36.2 36.7 37.2 37.3 37.7 37.5 37 36 34.7 33.3 31.6 28.2 26.6 24.6 22.8 22.7 22.8 24.9 26.4 26.1 26 25.8 25.6 25.6 26.2 27.3 28.3 30 30.2 30 32.2 34.4 37.1 39.1 40.6 40.7 40.4 39.4 38.3 36.9 32.9 33.2 37.5 39.9 43.3 43.2 42.4 42.8
1.2 2.4 2 1.2 1.8 1.6 1.5 1.4 1.9 5.4 4.9 2.4 -2 -2 2.3 2.7 2.7 5.7 7 14.8 18.7 24.3 28.3 31.5 33.7 32.9 33.8 33.9 30.7 28.6 24.5 18.9 16.6 18.4 22.9 25.4 28.1 29.1 29.4 29.7 29.4 28.9 28.3 27.9 28.3 30.8 31.7 32 32.6 33.6 33.7 33.6 33.3 32.7 31.9 31.4 30.1 28.9 26.2 24.2 23.2 21.3 21.1 21.3 22.3 22.2 25.3 23.1 24.5 24.5 24.5 24.6 25.3 26.5 27.6 27.3 28.5 31.2 32 33.1 35.7 36.6 36.9 36.7 35.8 34.9 33.6 30.3 31.2 34.9 37.4 38.8 39.9 39 38.9
1.8 2.2 2.4 2.1 1.8 1.4 1 2.2 7.6 7.3 2.8 -2 -2 -2 2.1 2.2 2.3 9.1 3.9 14 18 22.9 25.6 27.9 29.7 29.3 30.3 30.3 28.7 26.6 22.2 17.8 16 17.1 20.7 22.8 24.1 25.7 26 26.5 26.1 25.5 25 24.7 25.1 26.9 27.7 28.1 28.7 30 30.2 29.8 29.8 29.3 28.5 27.6 26.8 25.6 24.3 22.1 21 20.8 20.7 20.7 20.2 21.1 21.3 23 23.1 23.2 23.3 23.3 23.8 24.9 25.6 25.6 25.7 28.5 29.5 30.8 32.4 33 33.2 33 32.1 31.2 30.5 28 28.9 32.5 34.8 36.1 36.3 35.2 35.8
1.9 3.1 2.5 1.9 1.9 1.5 6.3 6.2 2.2 2.4 3.1 -2 -2 -2 3.3 2.3 2.4 6.6 11.4 13.9 17 20 23.1 24.8 25.8 26.1 26.1 26.8 25.9 23.7 21 16.7 14.9 16.6 18.9 20.1 21.3 22.2 22.6 22.9 23.1 23 22.8 22.8 23.2 24.2 25.1 24.9 24.8 26.5 26.2 25.8 26 25.9 25 24.1 23.2 22.4 20.8 20.6 20.5 20.5 20.4 20.2 19.7 19.1 20.6 21.4 22 22 22 22 22.3 23.4 23.9 24.1 24.6 25.3 25.9 27 28.6 29.2 29.3 29.1 28.7 28 27.3 25.5 26.2 29.9 32.1 33.1 32.3 31.7 32.3
2.2 1.8 3 2.7 3.7 5.5 2.1 2.3 2 2.6 2.9 -2 -2 -2 2.6 3.6 3.8 9.9 12.1 14.5 16.5 17.2 19.8 21.6 21.9 22.8 23.8 23.3 22.5 21.2 19 15.6 14.5 15.9 17.2 18.5 19 19.7 20.4 20.9 21.1 20.9 20.8 21.1 21.5 21.9 22.3 22.3 22.3 22.5 22.3 22.5 22.3 22.4 21.5 20.6 20.6 20.1 19.9 20.2 20.2 20.2 20.2 19.9 19.5 18.8 19.8 20.9 21.3 21.3 21.2 21.1 21.2 22.1 22.2 22.2 22.2 21.9 22.5 23.2 23.9 24.5 24.8 25.1 25.3 24.7 24.1 23.7 24.1 27.4 28.4 29.1 29 28.1 28.8
2.1 2 3.4 4.6 4.8 2.3 1.8 1.7 1.7 1.9 3.1 -2 -2 -2 4.4 4.2 7.4 9.3 11 13.2 15 16.3 17.4 18.7 19.5 20 19.2 20.2 19.1 18.7 17.1 13.3 13.3 15.8 16.8 16.9 16.8 17.4 18.5 18.8 19 18.9 19 19.4 19.8 20.1 19.2 19.1 19.3 19.4 19.1 18.9 19.7 19.4 18.5 18.1 18.6 18.1 18.3 19.7 19.7 19.7 19.6 19.1 18.7 18.6 19.4 19.7 20.6 20.6 20.3 20.2 20.1 20.9 21.8 20.6 20.4 19.7 19.5 19.5 20.4 20.6 21 21.7 21.7 21.4 21.6 22.2 22.1 24.3 25.4 25.5 26.2 25.7 27.1
2.1 3.5 3.3 1.4 2 2.6 2.6 1.6 1.7 1.9 -2 -2 -2 -2 4.3 3.9 6 8.6 9.4 10.4 12.9 14.2 15.4 15.9 16.9 17.4 16.8 17.6 17 17 15 11.6 12.3 15.3 14.9 15 15.2 16 16.2 16.7 16.9 17 17.3 17.6 17.9 18.2 17.3 16.1 16.5 16.4 16.1 16 16.1 16.2 16.2 16.4 16.6 16.8 17.6 18.4 19.1 19.1 18.9 17.7 17.7 17.6 18.1 18.6 19.6 19.8 19.5 19.3 19.1 18.8 18.7 19.1 18.4 17.8 17.1 16.9 17 17 16.8 17.9 18.5 19.1 19.7 20.2 20.4 21.3 21.6 22.4 23.1 23.2 24.6
3.9 3.1 3.2 3.9 2.6 2.9 3.4 1.8 1.9 2.3 -2 -2 -2 -2 2.8 3.7 6.7 7.1 7.8 9.1 10 12 13.4 13.9 14.4 14.7 14.2 15.7 15.3 14.9 13.2 10.4 12.3 14.5 14.1 13.9 13.4 13.5 13.9 14.4 14.9 15.2 15.4 15.7 16 16.3 15.4 14.4 14 13.3 13.7 14.2 15.2 15.8 16 16.1 16.2 16.7 17.5 18.2 18.5 18.3 17.9 16.7 15.5 15.5 16 17.9 18.4 18.7 18.5 18.2 18 18.1 18.4 17.7 16.9 16.1 15.3 14.7 14.8 14.8 14.8 15 15.8 16.5 17 17.6 18.3 18.1 17.8 19.5 19.9 20.1 21.8
1.2 2.6 2.4 2.6 2.1 3 2.8 2.9 4.3 4 2.3 -2 -2 -2 3.6 3.5 5.1 5.5 7 7.9 8.9 9.6 11 11.5 11.6 12.6 13.3 14.1 14 13.6 12.1 9.6 11.9 13.9 13.3 13.3 13 12.3 12.7 13.2 13.5 13.8 13.8 13.8 14.1 14.4 13.5 13.1 12.6 12.5 13 13.3 14.1 15.1 15.7 15.9 15.9 16.7 17.2 17.7 17.8 17.5 17.3 15 14.7 15 15.5 16.9 17.8 17.7 17.4 17.1 16.9 16.8 17 16.3 15.6 15 14.3 13.9 13.1 12.9 12.9 13.4 14 15 16.2 15.8 15.6 16 15.4 16.5 16.6 18 19.3
4.3 2 2.1 1.8 1.8 2.5 2.7 2.6 2.4 1.8 2.2 -2 -2 0.7 3.4 4 3.9 5.2 6.1 6.3 7.3 8.3 8.9 9.4 9.8 11 11.8 12.6 12.7 12.2 11.1 8.9 10.9 12.9 12.7 12.8 12.7 11.8 11.4 11.8 12.1 12.4 12.6 12.5 12.5 12.5 12.2 11.7 11.2 11.6 12.3 12.9 13.6 13.2 14.7 14.9 15.1 15.2 16.6 17.1 17.1 16.8 16.6 15 14.4 14.8 15.3 15.8 16.1 17.2 16.4 16.5 16.5 15.5 16 15.5 14.6 13.9 13.2 13.4 11.7 11.7 11.2 11.9 13.6 13.9 14.2 14.2 13.8 13.7 13.7 14.4 16.2 15.7 16.4
4 4.2 1.9 1.8 1.7 1.8 1.8 1.9 2 3.8 2.4 -2 -2 -0.3 2.2 4.4 4.2 5.2 5.8 5.8 6 7 7.4 7.8 9.8 10.2 10.6 11.1 11.5 10.7 8.4 7.8 11.7 13 12.8 12.4 11.9 10.9 10.1 10.5 10.7 10.5 10.9 11.3 11 10.6 10.2 9.8 10.5 11.2 11.9 11.7 12.4 13.2 13.1 13.9 14.7 14.6 15.5 16.6 16.5 16 15.9 14.5 13.7 13.5 14.8 15.4 15.6 15.7 16.2 15.9 15.1 14.4 14.3 14.6 14.4 13.4 12.3 12.5 11.6 11.2 11 12.1 12.4 12.6 12.9 12.7 12.2 12.3 12.7 13 14.3 14.5 15.1
4.7 2 1.9 1.8 1.7 1.8 1.8 1.9 1.9 1.6 2.6 -2 -2 -0.7 1.5 4.5 5 4.4 5.4 5.3 5.2 5.5 6 6.6 7.7 9 9.9 9.9 9.8 8.2 6.7 7.7 10 11.5 11.7 11.1 10.6 9.8 9 9.1 8.9 8.7 8.9 8.7 8.5 8.4 8.8 9.6 10.3 11 10.8 11.4 11.9 12.1 12.6 13.3 14.1 14.8 14.6 15.7 15.9 15.2 14.4 13.4 13.2 13.5 14 13.7 15 15.3 15.6 15 14.2 13.7 13.3 13.1 13.1 13.2 11.8 11.6 10.4 10 9.9 9.8 10.9 11.1 11.4 11.5 11.2 11.5 11.9 12.1 12.7 14.1 14.4
