WholeMapElevations/data/sw/sw43_OST50GRID_20230518/SW43.asc
ncols 200
nrows 200
xllcorner 140000
yllcorner 30000
cellsize 50
[rows 35 to 69 of 200, columns 78 to 155 of 200]
79.9 83 84.5 86.1 88.2 91.1 94.4 97.5 100.9 105.3 110.1 114.8 117.7 119.2 121.1 123.4 124.8 125.1 125.2 125.5 125.7 125.7 125.6 125.6 125.1 124.2 123.3 122.3 120.1 118.9 118.1 117.3 115.6 113.8 112.8 112.5 115.9 120.7 125.4 130.6 136.7 143.3 153.1 162.9 174.1 188.6 201.4 214.2 227.9 233.5 231.1 227.5 224.9 223.7 222.8 223 223.4 223.9 224.8 225.4 226.2 227.9 229 229.7 229.7 228.4 227.1 225.7 224.1 222.3 220.1 217.8 214.5 210.9 208.5 206.2 204.8 203.9
83.7 87.6 89.4 91.2 94.7 97.8 100.2 102.7 105.2 108.4 112.3 116.1 118.5 120.4 122 123.7 125.3 125.6 125.9 126.3 126.8 126.9 127 127.1 127.1 126.5 125.9 125.1 123.7 122.6 122.3 122 121.2 119.2 116.8 114.5 115.7 119.2 123.5 128.2 133.5 139.5 147.7 156.7 168.1 182.4 195.7 210.6 224.2 233.3 233.3 229.2 226.6 225 224.7 225.3 225.9 226.2 226.4 226.9 227 227.2 227.6 228.1 228.1 227.2 225.9 224.5 222.8 220.7 218.8 216.7 213.3 209.1 205.4 202.9 200.7 199.3
87.2 91.6 93.9 96.5 99.3 102.1 105 107.3 109.6 112.3 114.6 116.8 118.5 120.4 122 123.8 125.2 126.1 126.6 127 127.6 128 128.7 128.7 129.1 128.9 128.7 128.1 127.3 126.3 126.5 126.6 126.7 126.3 122.9 118.9 117.2 118.6 122.6 127 131.6 136.7 143.8 151.8 161.4 174.7 189.5 205.4 218.5 228.6 233.5 227.9 225.2 224.5 225.1 225.7 226.4 226.9 227.3 227.4 227.2 227 226.6 226.7 226.7 226.1 224.8 223.5 222 220.1 217.9 215.3 211.8 207.2 203.1 199.9 197.2 195
90.3 94.2 96.9 99 101.6 105 109 111.6 113.9 115.6 116.4 117.7 119 120.4 122.1 123.5 124.8 125.8 126.8 128 128.8 129.4 130.5 131.1 131.8 132.3 132.2 132.1 132.3 131.6 131.9 133.2 133.7 134.3 132.3 127.3 122.1 120.5 121.2 125.7 130.5 135.5 141.7 148.4 156 166.7 180.4 196 211.3 220 223.7 222.7 221.4 222.1 222.6 224 225.3 225.7 226.5 226.8 226.8 226.5 226.4 226.2 225.8 225.2 223.9 223 221.4 219.7 217.1 214.2 210.9 207.4 203.8 199.8 196.1 191.7
93.7 96.4 99.1 101.4 103.8 107.1 111.5 114.9 116.6 117.8 118.4 118.7 119.2 120.2 122.6 123.9 124.9 126.2 127.4 128.8 130.4 131.7 132.9 133.5 135.4 137.6 138.6 139.2 140 141 142 143.4 144.6 144.7 143.4 139.6 131.9 126.1 124.4 124.8 129 134.4 140.7 145.7 152.2 160.1 169 183.2 199.7 207.9 212 214.3 216.4 217.8 219.5 221 222.4 224.1 225.3 226 226.5 226.3 226.2 226 225 224.3 223.5 222.5 221 219.5 217.2 215.6 213.4 210.2 206.7 202.2 197.3 191.6
96.4 98.8 101.4 103.7 106.2 109.3 112.9 116 118.4 119.2 119.7 120.1 120.6 121.4 122.4 124.2 125.4 126.6 128.2 130.2 131.8 133.5 135.2 138.8 143.6 147.5 149.8 150.7 151.9 153.2 154.4 155.9 157.1 158 157.4 153.2 144.9 137.3 131.8 128.8 130.3 134.3 140.3 144.7 149 154.8 161.5 171.4 183.7 193.8 200.2 206.2 210.7 213.1 214.9 216.8 219.3 221.3 223.4 224.8 226.1 226.2 226.1 225.8 224.7 224 223.3 222 220.6 219.7 219.3 218.6 216.4 213.4 209.7 205.7 200.2 194
99 101.4 103.9 106.1 108.5 111.4 114.2 116.8 118.9 120.1 121 121.5 122 122.4 122.8 124.6 126 127.6 129.1 131.2 133.3 135.4 138.6 144.2 151.7 157.1 159 160.7 162.2 163.4 165.1 167 168.2 170.2 171.3 167.1 159.4 151.4 145 139.4 136.4 136.8 140 144.3 147.9 151.8 156.1 162.7 171.9 181.4 189.8 198.1 202.8 206.6 209.8 212.5 215.5 218.6 221.3 223.9 225.4 226 226 225.6 225.3 225.1 224 222.9 221.8 221.3 221.5 220.9 219.5 216.9 213 208.7 203 196.4
102.1 104 106.2 108.3 110.4 113.2 115.9 117.7 119.7 121.4 122.4 122.9 123.4 123.8 124.6 125.3 126.9 128.5 130 132.1 134.5 137.7 142.4 149.9 158.6 164.9 167.3 168.8 170.2 172.3 174.5 175.9 176.2 178 180.7 179.5 174.9 168.9 162.3 155.3 147.6 142.8 140.8 143 146.5 150 153.2 157.6 165.1 172.4 180.8 189.1 195 199.6 204.1 208.9 212.5 216.5 221 223.7 225.7 226.1 226.7 226.8 226.9 226.6 225.7 224.7 223.8 223.2 223.1 222.7 221.4 219.3 215.4 210.9 205.9 199.3
104.7 106.1 108.1 110 112.1 114.9 117.1 118.8 120.8 122.6 123.8 124.3 124.8 125.3 126 126.2 127.7 129.3 130.9 133.1 135.9 139.6 145.6 153.9 162.8 169.6 172.9 175.1 177.1 179.3 181.2 182.6 182.7 182.7 185.2 186.8 186.7 184.4 180.3 173.2 161.5 151.4 145.8 142.4 145.3 148.3 151.4 155.5 161 167.2 174.5 181.5 187.6 193.9 199.5 205.1 210.1 215.7 220.8 224.2 226.2 227.2 227.8 228.1 228.5 228.1 227.4 226.4 225.5 224.6 224.1 223.6 222.7 221 217.7 213 208.4 203.4
106.8 108.2 110 111.8 113.9 116.6 118.2 120 122.3 124.2 125.4 126.1 126.5 126.8 126.9 127.2 128.5 130.4 132.6 134.8 137.3 141.2 147.2 155.9 165.1 171.7 176.1 179.6 182.5 184.2 186 187.4 187.7 187.1 188.5 191.2 194 196.3 194.5 188.6 177.3 163.5 151.7 148.9 144.9 146.6 150.5 154.8 158.7 163.8 170.3 177.2 183.4 189.9 196.8 203 209.6 215.7 220.6 224.4 226.6 227.7 228.6 229.1 229 228.7 228.2 227.5 226.6 225.4 225 224.5 223.5 221.9 219.2 215.1 211.4 208.1
108.8 110.4 112.2 113.8 115.1 117.9 119.7 121.8 124.2 125.9 127 127.8 128.4 128.8 129 129.3 129.7 131.5 133.6 135.9 138.4 142.2 147.6 156.3 165.6 172.5 178.1 183.6 186.1 187.8 189.2 190.5 191.1 190.7 191.3 193.6 197.5 201.7 202.1 197.6 189.6 177.7 163.5 154.2 149.7 146.8 148.7 153.3 156.8 161.4 167.1 173.2 179.9 187.7 195.4 202.5 209.4 215.7 220.3 224.5 226.6 227.7 228.4 228.8 229 228.7 228.1 227.6 227 226 225.5 225 223.9 222.3 219.9 217.2 215.1 212.4
110.4 112.4 114 115.6 117.2 119.2 121.2 123.4 125.9 127.6 128.6 129.4 130.3 130.9 131.1 131.2 132.6 132.4 134 136.7 139.5 142.9 148.1 155.9 164.8 171.5 178 184.3 188.2 190.7 192.1 193.2 193.4 193.1 193.1 194.7 198.5 202.3 205.2 202.5 196.2 188.3 177.8 166.8 156.9 151.6 148.9 152.7 156.3 160.1 165.1 170.6 177.9 185.7 193.3 201.1 209.1 215.5 220.3 223.6 225.9 227.2 228 228.2 228.1 228.2 227.9 227.3 226.7 226.2 225.6 225.1 223.9 222.3 220.8 218.9 217.3 215.1
112.2 114.1 115.6 117.1 118.9 120.8 122.8 125 127.4 129.6 131 132 133 134 134.7 135.6 136.1 136.5 136.3 136.9 140.1 143.6 147.9 153.8 160.9 168.2 175.3 182.1 188.4 193 195.5 195.9 195.3 194.4 194.3 195.3 197.9 200.6 203.5 203 198.6 193.8 186.7 180.8 170.2 159.8 151.9 152.7 156.8 160.2 163.8 169.3 176.6 184 191.3 199.1 208.3 215.1 219.2 221.8 224.3 225.9 226.7 227 227 227 226.8 226.3 226.2 226.6 226 225.2 224 222.4 220.9 219.7 218.1 216.3
113.9 115.6 117.1 118.7 120.6 122.5 124.4 126.6 129.4 131.9 134.3 136.4 138.1 140.2 141.8 142 141.7 141.2 140.9 140.2 139.6 141.8 147 152.2 157.6 164.5 172.1 180.2 188.6 195 198 197.8 196.8 195.2 194.9 195.8 197.7 199.6 200.9 201.2 199.7 197 193.1 188.1 180.9 170 159.1 153.9 157.6 160.8 164.4 168.7 174.8 182.3 189.2 196.3 205.4 212.2 216.5 219.6 222 223.9 224.8 225.1 225.4 225.6 225.4 225.6 226.1 226.4 226 225.3 224.3 222.6 221.1 219.3 217.8 216.1
116 117.2 118.7 120.5 122.4 124.3 126.2 129.2 132.4 135.5 138.3 141.6 145.3 148 150.3 150.5 149.1 147 146.1 145.1 143.1 142.5 146.2 151.3 155.7 161.7 169.4 178.7 188.3 195.7 199.2 199.2 197.6 196 195.6 196.3 197 198 198.9 199.5 199.3 199.1 197.1 192.6 186.2 177.1 164.2 156.6 158 162.2 165.6 169.2 174.2 180.3 187.1 193.6 201.4 208.5 213.3 216.7 219.4 221 222.2 222.7 223.3 224.2 224.7 225.4 225.7 225.9 225.8 225.3 224.4 222.8 220.7 218.7 216.7 215.1
118.7 119.7 120.8 122.1 124.2 126.1 129 132 135.6 139 141.8 147.1 151.6 155.6 158.6 159.9 158.7 155.4 152.4 150.1 149.1 146.8 147 150.7 155.3 160.1 167.3 176.8 186.5 194.9 199.3 199.5 198.1 196.5 196 196.1 196.3 196.7 197.6 198.6 199.2 199.4 197.4 194.1 188.2 179.9 167.3 160.2 161.2 163.2 166.3 169.5 173.8 179 185 191.4 197.3 204.1 209.3 213 215.9 217.9 219 220.1 221 222.8 224.1 225.1 225.5 225.8 225.7 225.6 224.7 222.9 220.7 217.9 215.8 214.1
121.5 122.4 123.6 124.9 126.5 128.9 132.1 135.7 139.2 142.4 147.4 152.6 157.2 161.9 165.6 167.9 167.5 164.6 160.5 156.9 154.6 152.5 150.6 150.4 154.7 159.3 165.4 174.5 184.1 191.9 197.4 198 197.1 195.8 195.2 195.3 195.7 196.2 197.1 198 198.6 198.5 196.6 193.4 188.3 180.7 168.2 165.4 166.8 167.9 169.1 170.2 173.7 178.3 183.5 188.8 194.3 199.5 204.9 208.8 212.2 214.4 216.4 217.9 219.2 221.1 223.2 224.7 225.5 225.9 225.9 225.7 224.6 222.6 220.6 217.6 215.2 213.1
124.6 126.1 129.2 131.7 132.5 133.7 136.4 139.8 143.4 148 153.5 158.1 162.7 167.7 172.1 174.6 174.6 172.6 168.7 164.2 161 158.5 156.3 154.1 155 159.4 164.7 171.4 180.4 187.5 192.1 194.2 194.6 194.4 194.4 194.6 195 195.7 196.6 197.4 197.9 197.5 195.7 193 187.9 179.8 169 171.7 174.7 176.6 176.9 176.3 176.6 179.3 181.5 186.3 191.2 196.4 201.3 204.9 208.4 211.1 213.5 216.1 218.4 221 223.3 224.8 226.3 226.9 227.4 226.9 225.6 223.8 221 218 215.2 213
128.3 131.1 136 139.5 141.2 142.1 143.3 145.8 151 155.6 159.5 163.5 168.5 173.6 178.2 180.6 181.1 179.5 175.9 171.4 167.8 164.4 162 159.4 157.6 159.9 164.8 169.9 176.3 182.3 187 190.1 191.7 192.8 193.3 193.7 194.4 195.4 196.2 197 197.3 196.9 195 191.9 186.6 178.1 172.6 177 180.6 183 183.7 183.8 183.6 183.1 183.4 184.9 188.6 193.4 197.6 201.3 204.9 207.9 211.6 214.9 218.1 220.7 223.4 226 227.9 229.2 229.8 229.4 227.9 225.8 222.6 219 215.8 212.8
132.2 136 142.7 146.7 148.9 150.3 151.1 153.4 157.4 161.2 165 168.8 173.5 178.7 183.2 186.7 187.3 185.2 181.5 177.4 173.4 170.2 167.5 165.2 161.9 162.3 164.6 168.7 174.2 178.8 182.7 186.5 189 190.6 191.7 192.6 193.5 195.1 196 196.5 196.8 196.4 194.4 191.2 185.3 177.4 177.7 182.1 185.6 188.7 190.2 190.6 190.3 188.8 187.2 186.8 187.8 190.7 194.8 198.6 202.4 206.6 211.1 214.8 218.4 221.6 224.7 227.8 230.1 231.3 232.1 231.7 230.6 228.4 224.8 221.1 217.4 213.9
135.9 140.4 146.2 152.2 155.8 157.8 158.3 160.2 163 167 170.8 174.2 178.4 183 187.7 191.2 192.1 189.8 186.6 182.8 179 175.9 172.8 170.6 168.2 166.1 165.3 167.9 172.6 176.9 181 184.1 187 188.5 189.9 190.9 192.9 194.5 195.8 196.4 196.1 195.7 193.5 190.4 185.9 181 182.2 186.6 190.6 193.7 195.7 196.5 196.2 194.4 192.5 190.7 190 190.7 193.7 197.2 201.7 206.5 211.2 215.3 219.8 223.1 226.5 229.7 232 233.4 233.8 233.7 232.3 230.2 227.1 223.4 219.5 215.7
140 143.7 148.6 153.8 159.7 163.1 164.6 165.9 168.7 172.3 175.9 179.2 182.4 186.1 190 193.3 194.6 192.9 189.7 186.9 184 181 178.1 175.9 173.6 170.8 167 167.8 171.4 175.3 179.2 182.3 184.8 186.4 188.3 190.7 192.9 194.7 195.8 196.3 195.4 195.5 194.1 192.2 188.5 185.1 186.5 190.7 194.7 197.5 199.8 201.1 201.2 199.8 197.3 195.2 193.4 192.7 194 197.2 201.3 206.5 211.6 216.2 220.3 224.3 227.7 230.9 233.3 234.4 235.2 234.9 233.9 231.6 228.9 225.6 221.6 216.6
145.6 146.3 150.3 155.1 159.9 164.8 168.3 170.7 173.1 175.6 178.8 181.9 184.9 187.8 190.8 193 194.2 193.4 191.6 189.7 187.6 185.3 182.7 180.2 177.8 175 171 169.3 171.4 174.8 178.3 180.6 182.8 185.1 187.8 190.5 192.9 194.9 196.7 197.6 196.2 196.8 195.1 193.6 191 188.1 190.2 194.4 198.2 201 203.5 205 205.4 204.7 202.5 199.9 197.6 195.9 195.7 197 200.8 206.2 212 216.3 220.4 224.6 228.2 231.3 233.5 234.8 235.9 235.9 235 232.9 230.4 226.8 222.2 217.1
151.5 150 152 156.1 160.3 164.9 169.8 174 176.2 178.4 180.6 183 185.3 187.9 190.3 192.3 192.8 192.8 192.1 191 189.5 188.1 186 183.5 180.7 177.9 174.1 172.1 172.5 174.8 177.2 179.5 181.7 184.9 188.1 190.4 192.8 195.7 197.8 199.2 199.3 198.2 196.4 194.6 192 191.1 193.5 197.5 200.7 203.9 206.5 208.2 209.1 208.7 207 204.6 202.2 200.3 198.5 199.3 201 206.8 212.2 216.2 220.1 224.5 228.2 231.5 233.6 235.1 236.4 236.9 235.6 233.8 231 227.1 222.6 216.5
156.6 156.2 155.2 157.4 161 164.8 169.4 174.7 177.5 179.1 180.9 182.8 185.2 187.6 189.5 190.6 191.2 191.2 191.5 191.3 191.1 190 188.6 186 183.3 180.6 178 176 174.4 175.8 177.7 180.1 183.2 186.7 190 192.3 194.7 197.1 199.4 200.8 201 199.8 197.4 195.2 193.4 194.2 196.5 199.8 203 206.1 209 211.3 212.3 212 211.1 209 206.9 205 203.1 203.2 204.8 208.1 212.1 215.9 219.8 223.8 227.4 230.6 232.8 234.6 235.8 236.2 235.3 233.6 230.6 226.2 221.3 215.3
160.9 160.5 159.9 159 161 164.3 168.3 172 175.8 178.4 180.3 182.2 184 185.8 187.4 188.6 189.4 189.3 190.1 190.8 191.7 191.4 190.3 188.6 186.3 183.9 181.7 179.9 178.6 177.9 178.8 181 184.9 188.8 192.4 195 197.1 199.1 201 202.3 202.5 201.4 198.8 196.4 195.2 196.2 198.5 202 205.2 208.1 210.9 213.3 214.8 215.1 214.4 212.8 210.9 209.5 208.1 207.7 208.7 210.2 212.8 216.3 219.6 223.1 226.6 229.6 231.7 233.6 234.9 235.1 234.5 232.4 229.3 224.8 219.8 213.4
164.3 164.3 163.9 163.1 161.9 164 167.7 170.5 173.5 175.9 178.2 180 181.8 183.5 185.2 186.5 187.6 187.8 188.4 189.8 191.1 191.5 191.2 190 188.1 186.6 185.1 183.7 182.2 180.9 181.1 182.3 186.7 191.2 194.9 198 200.2 201.8 202.6 203.6 203.8 202.9 200.2 197.9 197.1 197.4 199.5 203.1 206.4 209.3 212.1 214.3 215.7 216.4 216.4 215.8 214.9 213.4 212.1 211.9 212.4 213.4 214.2 216.9 219.7 222.8 226.2 228.7 230.5 232.2 233.6 233.7 232.9 230.2 226.9 222.8 217.6 211.4
166.7 166.8 167.1 166.4 166.2 166.7 168.6 170.9 172.5 174.3 176.3 178.2 179.6 181.4 183.1 184.4 185.6 186.2 187.5 188.9 190.4 191.1 191.3 190.8 189.7 188.5 187.8 186.8 185.7 184.8 184.3 184.8 188.7 193.5 197.3 200.9 203.4 204.5 205 205.4 205.2 204.2 201.8 199.7 199.1 198.9 200.9 203.4 206.8 210 212.3 214.4 216.2 217.2 217.7 217.7 217.1 216.3 215.6 215.1 215.4 216.2 216.9 217.7 220.6 222.9 225.7 227.5 229.1 230.3 231.5 231.3 229.8 227.3 224.2 220 215.3 209.6
168.5 169.5 169.6 169.3 169 170.2 172.3 173.8 174.9 175.6 176.3 177.4 179 180.3 181.4 183 184.1 185.4 186.9 188.5 190 190.6 191 191.1 190.4 190.3 189.8 189.4 189.1 188.4 187.6 188.6 190.8 195.3 199.4 202.9 205.4 206 206.1 206.3 206.2 205.1 203 201.6 201.1 200.7 202 204.4 207.4 210.1 212.2 214.2 215.8 216.9 218 218.5 218.5 218.2 217.8 217.4 217.5 218.2 218.8 219.8 221.4 223.4 225.3 226.9 227.9 228.6 229.2 228.8 227.1 224.3 221.1 217.4 213 208
170.5 171.5 171.9 171.6 171.6 172.8 174.4 176.1 177.3 177.9 178.6 178.8 179.1 179.8 180.9 182.1 183.1 184.3 186 188 189.4 190.1 190.7 190.8 191 191.2 191.3 192 192.6 192.4 192 192.2 194.1 197.3 201.1 203.9 206 207.1 207.3 207.2 206.5 205.8 204.2 203.5 203 202.9 204 206 207.8 209.7 211.6 213.3 215.1 216.7 217.8 218.6 219.2 219.3 219.3 219.1 219.4 220.1 220.7 221.9 222.8 223.8 225.1 226.5 227 227 227 226.1 224.1 221.3 218 214.3 210.8 206.1
171.4 173.2 173.7 173.9 174.2 175.2 176.6 178.2 179.7 180.4 181.3 181.8 181.8 181.6 181.1 182.2 182.8 183.9 185.3 187 188.3 189.5 190.4 190.6 191.1 191.6 192.2 194.1 194.9 195.5 195.4 195.3 196.4 199.2 201.7 203.6 205.7 206.8 207.1 207 206.6 204.9 205.6 205.5 205 205 205.8 207.3 208.5 209.4 210.4 212.1 213.9 216 217.3 218.6 219.4 220 220.2 220.4 220.5 221.7 222.7 223.8 224.9 225.8 226.5 226.9 226.9 226.6 225 223.2 220.6 217.7 215.1 211.7 208.4 204
172.1 174.2 175.2 175.7 176.3 177.5 179 180.4 182.1 183.1 184.2 184.9 185 184.3 183.1 182.4 182.7 183.4 184.7 186 187.3 188.6 189.8 190.6 191.3 192.1 192.9 195.5 197.1 198.2 198.2 198 198.6 199.7 201.6 203 204.5 205.8 206.3 206.1 206.5 206.2 206.4 206.4 206.6 206.9 207.1 207.8 208.5 208.5 209.5 210.9 213 215.2 216.7 218.1 219.3 219.9 220.2 220.6 221.4 223.2 224.6 225.8 227.2 227.8 228.3 228.5 227.9 226.9 224.8 221.5 217.8 214.7 212 209.3 206 201.1
171.3 173.9 175.7 176.7 177.6 178.6 180.5 182.2 184 185.9 187.4 188.1 187.7 186.9 185.7 183.8 183.3 183.7 184.2 185.4 186.7 188 189.1 190.5 191.9 192.9 193.1 196 198.6 199.6 199.5 199.3 199.2 199.6 200.8 201.9 203.3 204.5 205.3 205.6 206 206.5 207.3 207.6 207.9 208 207.9 208 208.1 208 208.4 210 212.2 214.3 216.2 217.3 218.5 219.8 220.2 221 222 223.6 225.9 227.8 229.6 230.7 231 230.3 229.2 227.4 224.8 221.3 217.1 213.4 210.4 207.3 204.1 199.5
169.9 173.2 175.3 176.3 177.6 179.3 181.3 183.3 185.8 188.4 190.3 191.1 190.4 189.6 187.8 185.6 184.1 183.9 184 185.2 186.4 187.5 188.7 190.3 191.9 193.4 194.7 197.2 199.1 200.4 200.6 199.8 198.7 198.4 199.2 200.3 201.2 202.4 203.7 205 206.1 207.2 208 208.4 208.6 208.6 208.3 207.7 207.2 206.8 207.1 209.2 211.4 213.5 215.2 216.3 217.9 219.3 220.4 221.6 222.5 224 226.4 229 231.4 232.9 233.1 232.1 230.1 228 225.1 221.3 217.1 212.4 209 205.7 202.6 199.4
168.6 171.5 174.2 176.2 178.1 179.9 182.2 184.5 187.1 189.9 192.6 193.7 193.2 192 189.9 187.3 184.9 184 184.2 184.9 185.9 187.1 188.3 189.7 192 193.8 196.1 198.1 199.4 200 200.1 199.4 198 196.4 196.9 197.9 198.8 200.2 202 204.1 205.4 207 208 208.6 209 208.5 207.9 207.3 206.6 206.1 206.9 208.3 210.6 212.4 214 215.4 217.3 218.9 220.4 222 223.7 224.9 227.1 230 232.7 234.5 234.4 232.9 230.9 228.6 225 221.1 216.8 212.1 207.5 204.1 201.7 199.8
