WholeMapElevations/data/so/so12_OST50GRID_20230518/SO12.asc
ncols 200
nrows 200
xllcorner 310000
yllcorner 220000
cellsize 50
[rows 35 to 69 of 200, columns 78 to 155 of 200]
199.7 199.9 200 196.4 196.7 201.3 203.3 205.4 207.9 210 211 212.8 213.6 214 213.1 218.3 221.2 224 227.6 230.9 233.6 237.1 238.7 240.3 244.1 247.7 251.1 254.8 258.6 262.2 266.8 271.6 277.9 283 288.8 291.4 300.2 306.5 315.3 324.9 332 343.8 359.6 364.2 361.2 349.2 334.8 320.4 311.1 309.1 311.5 312.6 316.8 323.3 329.5 339.5 355.9 364.7 381.6 403.8 424.8 448.9 476 501.4 529 549.7 565.6 570.6 566.5 558.3 549.5 538.6 523.8 505.9 484.1 460.1 437.4 409.5
196 197.2 197.1 190.9 197.5 200.1 202.8 205.3 206.9 208.4 209.3 210.6 210.7 211.9 214.9 218.7 220.5 223.2 226.4 230.4 233.4 236.2 238 239.7 242.7 246.3 250.8 254.8 258.8 263 267.5 272.7 278.8 284.6 291.1 298 304.3 311.5 319.1 328.1 337.6 351.4 367.2 371.5 363.2 353.5 337.8 320.2 307.1 303 305.3 305.2 307.3 312.4 316.9 326.1 345.4 354.6 369.3 390.9 412.4 436 460.7 486.1 516.3 541.7 560.7 568 566.3 559.5 550.3 541.1 526.2 507.6 486.2 464.7 441.1 413.7
189.5 190.2 188.8 190.8 195.3 197.9 200.4 203.4 205.4 206.1 206.4 207.6 209.6 212.3 214.7 217.1 219.8 222.5 225.6 228.5 231.4 233.3 236 237.6 241 245.1 248.9 253 258.1 263.8 267.7 272.7 278.4 285.9 292.6 301 308.6 314.9 321.7 330.3 342.4 355.4 374.2 380.5 372.8 354.6 336.5 320.7 305.6 301.4 300.9 298.8 300.5 303.8 307.9 315.4 330.3 345 357.3 374.7 399.4 420.9 445.7 471.8 501.5 529.1 551.6 563.4 565.3 559.8 551.5 541.1 528.4 510.7 489.7 467.2 441.6 418.4
184.6 187.2 191.4 191.1 191.8 194.6 197 200.1 201.4 201.9 205.1 206.3 208.4 211.5 213.8 215.7 218.3 220.8 223.1 225.8 227.9 230.2 232.6 235.9 238.9 243.3 247 251.9 257.5 262.7 266.6 271.1 278.4 286.3 292.7 302.6 311.4 319.6 324.9 336.5 349.9 363.6 382.4 388.9 381.4 360.9 339 320.9 307.2 298.5 296.4 294.6 294.2 295.7 301 306.9 318 335.5 344.6 364.2 386.8 406.8 431.7 460 487.8 515.7 540 557.9 562.6 558.8 551.4 541.2 529.6 513.3 492.5 468 444.8 421.5
189.9 193.6 195 194.4 195.8 197.3 197.6 196.5 199.7 201.7 204.1 207.8 210 211.8 212.7 215.5 217.6 219 221.4 223.8 226.5 228.8 232 234.6 239.1 243.5 247.8 252.3 257.7 261.7 266.4 269.9 278.9 286.1 294.8 306.6 316 325.6 339.3 352.7 361.7 375.4 392 397.5 388.7 367.8 345.9 327.3 309.5 298.5 292 290.2 289.6 291.2 294.1 300.1 306.7 324.2 336.9 351.8 376.3 394.5 416.3 445.8 473.7 502.7 528.5 549.3 556.6 556 551.6 542.5 532 517.5 496.5 473.1 449.1 424.4
191.5 193.9 194.9 195.5 196.9 199.1 202 202.3 203.1 205.8 206.8 208.1 210.4 212.1 214 216.2 217.8 219.7 222.4 224.8 227.5 230.7 233.4 236.3 239.6 243.2 247.1 251.2 255.7 261.2 265.8 270.5 279.1 287 295.5 309.4 320.3 335.1 352.6 371.2 382.9 397.2 409.2 409.7 396.1 379.2 354.8 334.2 315.1 302.2 292.9 286.9 286 286.4 289.1 294.3 301 314.6 326.8 341.9 363.5 382.1 401 429.6 459.4 487.9 514.7 536.2 549.4 553.3 551.1 544.9 533.2 522.6 502.6 479.9 456.3 432.1
190.3 192.2 193.9 195.1 197.4 200.1 202 203.2 204.8 206.8 208.4 209.9 211.5 213.3 215.3 218.1 219.5 221.3 224.2 227.3 229.7 232.8 235.4 238.8 241.5 245 248.3 251.8 256.8 261.7 268 273.3 278.7 287 298.1 313 324.7 339.8 359.6 383.8 400.9 418.8 426.5 418.7 402.8 386.4 363 341.4 323.7 305.2 294.7 286.7 282.6 282.2 285.3 288.9 294 302.7 317.7 331.9 351 369.7 388.4 413.7 441.3 468.3 496.7 522.3 541.5 547.1 549.2 545.2 535.9 526.2 512.2 490.1 467 441.6
190 191.8 193.1 195.4 197.8 199.5 201.8 203.4 205.9 208.1 209.6 210.8 213.2 214.8 216.3 218.8 220.8 222.6 225 228.7 231.5 235 237.5 240.3 244 247.1 250.7 254.9 258.7 264.7 270.7 275.6 282.4 291.9 304.7 317.3 329.5 343 366 391.8 414 433.5 439.6 423.6 408.8 390.1 372.4 350.5 331.4 313.4 298.6 289 281.8 278.6 280.3 283.9 288.5 295.2 311 322.1 341.9 358.1 375.1 397.7 424 451 478.8 502.4 524.6 538.5 542.7 543.8 538.3 529.9 519 504.6 482.3 456.2
190 191.4 193.2 195.5 198.4 200.6 202.3 204.2 206.6 208.4 210.5 211.5 213.6 215.8 217.6 220.1 221.8 224 226 227 231.8 233.8 238.5 241.1 245.5 249.6 253.4 257.4 261 266.9 273.2 279.6 286.5 297.7 310.5 321.2 332.4 347 370.7 395.3 420 443.8 451.6 430.4 410.8 392.3 377.3 360 339.3 319.1 301.4 291.3 283.4 276.9 275.2 278.4 282.7 287.8 304.6 312.5 331.3 348.4 364 382.6 406.2 432.9 457.2 483.6 505.5 523.2 534.4 538.2 536.5 531.3 523.5 512.3 498 481.2
189.3 192 193.4 195.4 199.1 201.4 202.8 204.2 205.9 208 210.5 211.3 213.3 214.8 217.7 220 222.4 224.7 227.4 230.3 233.1 235.8 238.7 241.9 245.9 249.8 254.7 258.8 262.8 269 273.8 281.5 289.8 302.2 315 325.3 335.1 349.7 372.3 394.3 419.1 443.1 461.7 439.9 413.9 393.9 379 364.6 344.1 325.5 307.4 294.1 284.9 277.7 273.2 273.7 277.4 282.1 297.5 303.8 319.3 335 351.1 369.1 390.5 416.3 439.9 463.7 484.4 506 521.2 528.8 531.2 530.2 523.2 515.8 508.4 500.8
190.4 191.6 193.4 195.8 198.8 200.3 202 204.7 203.9 207.7 209.4 210.6 213.1 215.1 217 219.4 222.3 224.8 227.9 231 233.8 237 239.8 243 247.4 250.8 254.8 258.3 264.7 270.3 276.8 283.6 292.9 307.5 317.9 326.9 334.1 350.5 370.7 392.5 417 441.3 460.7 452.1 422.9 399.6 378.5 365.6 347.9 328.7 311.1 296.4 287.2 279.4 273.9 269.7 272.1 276.7 286 296.6 307.4 325.1 338.6 356.3 373.9 397.1 420.8 442.8 465.3 487.2 505.1 516.1 521.7 522.4 520 516.3 513.6 509.4
189.5 190.5 193 197.1 198.2 199.7 201.3 201.1 204.8 206.6 208.2 210.3 212.1 214.2 216.1 219.2 221.9 224.6 227.8 231 234.1 238.5 240.9 244.8 248.3 253 256.8 261.2 265.9 271.6 278.2 285.4 295 307.7 318.3 327.5 335.3 349.5 369.4 391.6 414.2 438.9 459.6 467.5 433.6 404.7 381.6 365.5 352.5 333.7 318 304.8 290.4 280.5 273.7 268.8 266.7 271.5 279.1 288.9 297.1 310.5 327.8 343.3 358.8 378.3 401 422.9 443.5 467.8 489.6 503.2 512.6 516.1 515.5 513.3 514.8 515.2
188.9 190.5 193.1 196.8 196.6 197.8 198.9 201.5 203.8 205.1 206.7 208.9 211.5 213.1 215.4 218.7 221.2 223.9 227.4 231 234.2 239.2 242.3 246.4 250.2 253.2 257.2 262.1 267 272.3 278.8 285.8 295.3 306.7 317.7 325.9 333.5 347 367.3 388.5 410.5 436 458.9 475.6 444 412.6 388 368.9 354.5 339.7 323.2 311 295.9 283.9 274.9 268.6 262 265.9 272.7 281.2 287.9 300.3 313.6 328.9 344.4 360.5 379.2 400.2 423.1 446 471.1 488.8 502.4 510.2 509.9 508.6 508.2 510.2
189.4 190.4 193.8 195.1 195.7 197.1 199.3 201.4 202.2 204 206.6 208.3 210.6 213.2 214.8 219 221.4 224.1 227.9 231.2 234.9 239.9 244 248.3 251.2 255.6 259.7 263 267.4 273.1 279.5 286.8 294.9 304.7 315.4 323.8 333.9 346.9 363.8 385.1 410.1 434.9 458.5 478.9 459 423.1 399 377.4 357.6 340.9 327.7 315 302.4 288.9 277.2 269.5 263.7 262.9 266.9 272.9 280.3 291.9 303.6 315.7 329.3 343.7 361.9 380.4 402.1 425.5 446.3 473 492 500.9 501.6 499.2 498 495.2
188.7 189.9 191.5 193.7 195.4 196.5 199.3 201.3 201.6 203.5 205.1 208 210 212.3 215.1 217.9 221.1 224.7 228.3 232.3 237.1 241.6 245 248.8 252.7 257.1 261.4 265.6 269.8 274.7 280.2 286.4 293.8 301.3 312.7 322.3 332.6 347.8 364.4 384.7 409.6 437 459.6 481.5 480.3 441.7 414.1 389.6 364 343.8 328.7 317.1 307.6 295.2 281 271.2 264.3 257 261.4 266.4 272.3 282.5 294.4 302.8 312.7 327.6 344.9 363.1 382.8 405.7 430.9 455.6 479 489 486.4 477.9 472.9 471.9
187.5 188 189.4 192.9 194.7 196.6 198.8 200.5 200.5 202.4 204.5 207.6 209.1 212.1 214.4 216.8 220.8 224 229.1 233.5 238.7 241.8 245.8 250.6 253.9 258.8 262.4 267.6 273.3 277.8 282.8 289.3 298.5 306.5 314 322.8 333.8 350.9 368.2 387.4 412.6 439.9 462.6 483 498 466.1 430.1 397.7 371.7 348 332.3 321.9 311.2 297.7 288.2 274.5 266 257.4 254.9 259.4 264.6 271.9 285.3 292.7 301.7 316.4 331.2 348.3 366.7 391.1 413.3 437.4 459.9 468.8 458.1 449.2 444.5 449.6
186.8 187.5 188.3 191.4 193.1 195.4 197.7 198.2 199.8 201.7 204 206 208.7 210.6 212.8 216 219.5 224 228.7 233.5 238.2 243.5 246.5 251.1 255.2 260.3 264.5 270.5 276 282.1 286.8 293.7 303.5 310.7 317.6 329.4 343.9 359.2 375.4 396.7 419.1 444.9 465.6 484.8 499.9 480.9 444.5 408.6 380.6 355.2 336.9 326.2 312.7 298.9 289.8 280.8 269.9 262.7 251.2 254.3 258.6 264.5 274.2 286.3 291.6 302.4 315.3 334.3 352 373.8 397.1 416.1 439 446.4 433 421.7 420.1 428
185.4 186.3 187.5 191.1 192.5 194 194.9 196.7 199.8 201.3 203.2 206.1 207.2 208.8 211.4 214.8 218.9 223.5 226.9 231.7 237.1 243 248.3 253.2 256.1 262.1 267.8 275.5 283 289.4 291.4 297.5 306.2 314 324.5 338.7 353.4 368.6 386.4 410.8 431.1 451.8 472.5 487.9 501 497.2 452.9 419.7 389.5 363.6 340.8 326.8 313.9 302.1 294.2 283 275.8 266 255.8 249.6 252.3 258.4 266.2 278 284.1 291.9 303.6 321.1 338.3 357.3 377.4 398.3 414.9 419.3 406.1 398.8 394.9 407.3
182.5 184.8 186.4 188.2 190.1 192.6 195.2 197.5 199.5 200.6 202.8 204.8 204.8 206.3 208.8 212.2 216.6 220.9 225.4 230.5 236.2 242.3 248.4 253 258.2 265 273.2 282.4 290.7 298.7 301.1 302.2 309.4 317.9 330.5 346.1 361.6 378.4 398.8 423.7 441.9 460.3 477.5 491.3 500.9 503 465.8 431 398.9 371.1 347.1 328.2 315.7 305.5 296.3 287.9 276.3 268.3 260.9 253 247.7 250.1 258.7 267.9 275.5 282.6 293.2 308.2 323.7 336 358.3 379.7 390.9 393 382.8 377.4 379 391.6
183.6 182.3 182.7 187.5 191.3 193.4 195.4 197.6 199.4 198.7 199.1 201.4 203.2 205.8 208.2 211.2 215.6 219.9 224.9 229.1 235.4 242.2 247.2 253 259.8 267.6 276.9 287.2 299.7 306.8 309.2 309.2 313.6 322.9 336.8 353.1 370.2 390.1 412.2 435.3 454 471.9 483.4 494.1 502.7 505.3 483.3 443.1 411.2 381.3 353.8 331.9 318.3 308.2 297.5 289.3 279.6 270.2 262.7 255.8 250.8 246 251.6 260.5 267.7 274.1 283.2 295.5 307.1 319.7 339.3 356.2 370.3 372.2 361.2 358.5 363.7 379
181.8 176.3 184.1 186.6 189.9 192.8 195.1 195.9 196.7 197.3 198.5 201.8 203.8 206 209.1 211.9 215.7 219.2 224.2 227.9 233.4 241.8 247.2 253.6 261.1 270.9 281.3 295.2 307.1 313.5 316.8 319.5 320.3 328.9 342.4 360.5 380.9 402.9 424.7 445.6 464.2 479.3 489.3 498.3 503.9 505 497.4 457.3 422.9 390.3 362.8 337.9 319.3 308 298.7 290.5 282.2 274.1 265.6 258.2 251.8 246.4 247.1 253.2 260 267.1 273.7 282.5 296.8 306.7 320.6 334.4 347.7 353.1 345.2 343.7 349.5 366
177.7 177 182.8 185.1 187.9 191 193 193.6 193.4 196.4 198.5 201.3 203.7 206.3 208.6 212.7 215.8 218.6 222.5 227.7 234.4 241.8 248.1 255.3 264.2 275.9 288.2 301.4 312.2 319 326.9 334.1 337.1 334.5 348.4 367 387.9 410.9 433.5 453.5 474.9 486.3 493.7 501 504.9 504.6 500.6 470.4 431.4 400.4 372.2 346.4 326.5 312.1 302.1 290.8 282.5 274.5 266.9 260.3 254.8 248.3 244.1 246 252.5 259.2 265.7 274.1 282.4 294.7 304.6 316 327.1 332.6 328.8 328.9 338.6 357.6
171.8 179 182.5 183.3 185 188.2 189.2 189.8 193.7 196 198.7 201.9 203.9 206.2 208.8 211.2 214.3 218.6 222.3 227.4 234.8 241.8 246.6 258.5 270.2 284.5 297 308.9 319.2 331.5 342.2 350.2 356.5 359 359.5 375.4 394.7 418.6 441.3 464.1 481.6 489.5 496.1 502.5 505.7 503.9 500 480.6 442.1 410.9 381.1 355.1 334.8 319.5 305.9 295.6 286.4 276.1 269.8 262.4 257 251.6 246.2 240.5 245.8 252.1 258.8 264.6 273.9 281.3 289.7 300.5 309.5 314.1 316.3 319.1 329.6 349.5
171.3 177.4 179 179.3 180.6 185 189.1 192 194.3 197.3 198.3 201.3 204.4 206.8 209.1 211.6 214.5 218.8 223.5 228.7 234.8 241.8 250.2 263.5 278 293.2 306.5 320.2 337 348.7 358.8 369.5 376.8 382.7 384 384.8 404.9 428.9 451.2 471.3 484.1 491.8 498.3 503.9 505.4 503 499 490.7 454.3 417.8 389.5 366.1 346.1 327.3 312.5 299.8 288.8 278.9 272.5 265.5 258.9 253.5 248.7 241.4 239.1 245.7 252.4 258.9 265.6 273.4 279.2 285.9 295.2 300.6 304 310.7 322.9 344.5
170.5 172.7 173.4 177.8 182.6 185.1 188.6 191.6 194.7 197.6 199.3 201.9 204.3 207.2 208.8 211.5 215.1 219 223.3 229.2 237.5 245.1 252.5 266.9 284 302.3 318.4 338.2 353.9 366.9 379.9 393.7 402.9 406.5 409.1 412.3 419.1 441.4 461.8 476.8 486.1 494.4 500.6 505.3 506.3 503.8 499.7 493.5 468.7 433 404.3 380.3 356.4 336.6 319.3 306.3 295 283 274.7 266 259.5 253.8 250.1 244.6 236.3 237.4 244.5 251.3 257.6 265 273 276.9 283.7 291.6 295.5 304.7 321.8 342.5
165.7 169.5 173.2 178.3 182.8 186.1 189 192.5 195 196.3 199 202 203.7 206.7 208.4 211.4 215.4 219.4 224.4 230.2 239.7 247.2 255.6 268.8 287.2 307 329.7 351.7 371.9 389.7 403.9 413.1 421.5 427.3 433.8 438 444.4 458.1 471 481.2 489.6 496.8 503 508 508.2 506.3 502.5 496.8 486.8 453.2 420 394.9 370.7 349.4 329.2 312.6 298.9 287.4 279 269.3 261.5 256.5 252.6 246.6 240 232.4 236.8 244.3 250.1 257.6 262.7 271.4 276.8 278.3 289 302.8 319.8 340.4
165.5 167.9 172.1 177 182 185.1 189.6 193.6 196 197.8 200 201.2 205.6 207 209.6 211.1 215 219.6 225.8 232.8 241.4 248.7 259.6 273.7 290.5 307.7 334.4 359.2 383.5 407.5 420.2 429.2 437.9 445.2 451.1 457.8 464 471.3 478.8 485.9 493.3 499.8 507.1 510.2 509.6 507.2 503.4 498.6 492.8 475.5 439.8 410.7 385.5 362.1 341.8 321.4 305.6 293.8 283.9 274.2 265.9 259.5 254.6 250.6 244.2 236.9 229 236.2 243.8 250.6 255.5 262.7 263.8 274.4 282.5 294.9 312.5 333.9
163.2 166 170 174.8 182.2 184.7 189.1 192.8 195.7 197.4 199.3 203.1 206.4 208.2 210.7 213.2 217.2 222.4 227.2 234.5 243.1 251.9 262.1 277.1 294 308.8 333.9 357.8 383.6 409.8 427.4 441.2 452.6 460.3 468.3 473.2 477.2 481.4 486.3 491.9 498.8 507.1 510.1 510.8 510 507.5 504.2 499.7 494.7 486.8 463.1 431.7 406.8 381 356.4 332.4 312.6 297.3 286.8 278.2 271.4 264.5 257.8 251.7 247.1 239.6 231 227.2 237.9 245.2 248.5 250.9 261.3 267 277.4 286.5 300.7 319.1
160.6 162.8 166.2 170.8 176.6 182.6 187.7 191.7 195.4 196.4 199.3 203.5 207.2 209 211.1 214.2 218.4 223.8 228.9 234.5 246.1 253.9 264.2 277.1 293.1 307.7 331.6 352.8 376.3 402.2 424 444.8 466.3 474.2 479.4 483.6 486.9 489.3 493 500 507.6 511.8 512.3 511.2 509.2 506.5 504.7 501.1 494.5 488.8 479.6 461.9 429.8 399.7 370.3 343.3 319.5 300.9 289.2 280.9 274.2 267.8 260.9 254.7 247.6 242.5 235.5 225.1 228.6 235 239.5 247.3 254.7 259.9 270.4 278 288.4 302
158.8 160.5 163.1 167.2 171.5 181.7 186 190.5 194.2 196.2 199.2 203.3 207.3 209.2 211.4 214.9 219.3 225.1 231.6 239.8 246.7 256.6 265.1 276 289 302.6 327 347.3 368.1 392.5 415.8 438 456.2 477 485.1 489.7 493.3 496.4 501.7 508.7 512.4 513.3 511.4 509.2 506.8 504.8 505.3 501.9 495.3 488.3 481.6 472 454.3 416.4 386.7 353.2 327.5 305.7 292.4 283.4 276.2 270.2 264.5 257 251.4 245.9 240.2 232.9 222.7 226.2 235.2 243.6 248.7 254.4 262 270.3 277.8 287.7
156.3 157.8 160.5 163.9 168.8 175.7 183.3 184.2 192.1 195.4 199.3 203.9 207.1 209.3 211.8 216.8 220.3 225.6 231.9 240.7 248.4 258.7 266.8 274.8 284 298.4 321.2 341.4 357.7 377.6 405.7 427.2 447.8 468.4 482.9 490.4 495.7 502.3 509.4 513.2 514.1 514.2 512 508.7 504.6 502.5 503.7 502.5 495.5 488.3 480.6 472.4 461.1 431.6 395.2 362.7 334.3 310.6 295 285 278.6 272 265.8 259.4 253.5 249.4 242.9 236.4 226.5 218.9 229.6 237 242.2 247 253.2 260.3 267.7 274.8
152.3 157.4 158.2 160.4 166.5 170.5 179.5 186.5 191.2 195.2 199.7 203.7 206.8 208.7 212.1 216.8 221.8 225.7 234.2 243.2 252.4 259.4 266 274.2 283.2 294.1 316 333.4 346.7 368.3 391.9 413.5 436.9 459.6 477.7 486.8 494.4 505.2 512 512.9 514.5 513.2 511.9 508.4 503.5 499.8 500.7 500.3 495.5 487 480.1 471.9 460.1 442.9 403.2 367.9 339.1 314.3 296.3 285 280.1 275.2 270.2 263.2 255.6 249.7 245.4 238.5 229.5 218.7 221.4 228.3 234.6 239.5 245.1 252 258.3 261.6
152.3 152.3 155.6 158.4 165 171.1 177.5 185.5 190.1 195.2 199.2 203.2 204.6 207.9 211.7 216.5 224.7 226.7 234.6 243.2 252.4 258.8 266.5 274.1 281.9 292.4 305.7 322.3 337.6 357.9 378.4 401.2 425.2 450.8 472.6 484.1 492 505 510.7 511.6 514 512.5 509.5 506 502.4 498.3 496.2 497.5 493.4 485.6 479.6 469.5 458.5 439.5 401.6 368 337.3 314.3 295.5 285.3 280.9 278 271.7 266.3 258.5 250.2 245 238.1 230.6 223.9 214.4 218.5 226.1 233.6 238.1 244 248.7 252.9
152.3 152.3 152.3 157.2 164.2 168.7 175.1 182.2 188.8 193.3 198.2 201.1 200.1 204.7 210.8 216 222.6 227.5 232.4 240 246.3 253.2 260.7 271.2 281.2 290.3 301.9 315 329.5 346.1 366.9 390.1 412.8 442 466.8 481 490.3 503.6 507.8 510.7 512.8 510.8 507.5 503.7 498.7 495.6 493.1 493 490.5 484.9 477.1 466.6 455.5 426.9 390.6 359.2 333.6 312.3 296.1 286.3 282 278.5 274.3 269.2 261.7 252.4 245.6 237.2 233.6 230 223 212.4 215.7 227.3 232.1 235.9 240.2 243.1
152.3 152.3 152.3 154.4 160.9 166.5 171.5 180.2 184.7 189.1 195.6 195.7 201.2 206.8 211.9 215.7 221.5 228.1 235.6 244.5 253.9 262.1 269.2 275.5 283.4 292.7 304.4 317.4 332.4 348.2 363.1 385.9 409.8 440.3 465.3 481.7 491.2 502.3 505.8 508.6 509.7 507.9 504.7 501.2 496.2 492.6 490.4 488.5 487.6 482.7 472.9 463.7 453.5 418.7 385.2 354.2 330.6 312.5 296.7 286.1 279.3 276.9 276.2 271.1 263.9 254.1 246.1 243.8 238.2 232.2 226.7 219.2 208.9 214.9 226.9 229.1 231.4 233.3
