WholeMapElevations/data/sd/sd64_OST50GRID_20230518/SD64.asc
ncols 200
nrows 200
xllcorner 360000
yllcorner 440000
cellsize 50
[rows 70 to 104 of 200, columns 79 to 157 of 200]
184 176 171.6 176.8 180.3 186.1 191.1 202.1 210.3 210 205.5 194.9 188.5 184.1 186.5 187.1 185.8 181.6 177.8 174.6 170.9 167.9 171.2 170.9 165.5 156.7 144.1 128.6 96.6 98.6 114.7 130 130.7 129.4 133 143.2 152.3 157.1 162.5 174.3 188.1 200 206.1 213.9 219.6 222.6 222.8 219.3 217.3 215.5 217 219.9 221.7 223.3 223.9 223.6 224.9 226.2 226.6 229.4 231.8 236.5 240 243.1 243.5 245.7 248.4 251.5 252.3 253.8 255.3 257.1 256.7 261 262.8 263.2 264.4 265.3 272
183.6 177.3 167.6 176.3 181.8 191.4 201.2 212 215.5 213.2 201.6 189.8 183.7 179 178.7 178.4 179.2 177 174.3 171 167.6 164.2 166.9 166 160.1 151 137.2 112.4 92 105.8 123.4 127.5 127.9 133.7 141.4 147.7 154.5 160.7 166.5 176.5 191.8 209.5 213.2 218.7 223.2 225.2 224.8 219.7 218 217.3 217 217.9 220.2 221.3 221.2 221.3 222.7 223 224.8 229.9 232.2 235.2 238.9 240.5 240.5 241.6 243.4 244.6 246 245.5 245.6 247.7 256.3 259.8 261.2 261.2 261.3 263.7 269.5
181.6 174.7 165.1 176.1 187.1 203 210.5 213.4 218.5 214.8 198 185 180.7 176.3 173.3 172.1 171.9 171 170.2 168.8 165.2 160.3 163.5 161.4 155.3 144.6 124.2 100.1 93.2 116.5 121.9 124.4 128.5 134.4 145 150.7 155.5 161.4 168.1 178.8 188.4 201.3 210.2 216.6 220.2 222.6 224.9 221.4 219.6 219.7 217.9 216.7 218.1 218.1 216.8 218.5 220.9 221.1 223.3 229.2 231.3 232.5 234.3 236.4 237.9 238.9 238.5 240.2 240.9 240.8 243.3 249.8 254.2 257.5 259.1 260.2 259.7 260.5 266.7
179.6 172.5 164.3 176.3 184 200.3 199.3 203.3 218.3 203.1 186.5 180.1 176.6 173.3 170.5 167.8 167.7 167.6 167.1 165 162.7 157.6 156.1 157 152.7 133.2 109.9 94.5 99.3 126.1 127.1 125.8 130.6 135.4 146.1 151.6 160.2 165.9 174.4 183.8 191 200.8 210.2 216.3 217.7 220.4 222.9 221.9 220.7 219.4 217.3 216.3 217.4 215.3 216.1 216.9 219.6 219.6 222.6 226.5 229.2 230.2 230.7 232.7 235.3 236.5 236.4 237.4 238.9 239.3 242.4 246.4 250.6 252.8 255.4 257.9 257.8 258.3 263.4
178.5 170.8 160.7 174.5 179.5 186.6 189.5 196.9 202.6 190.4 175 173.6 172.3 170.4 168.4 166.1 165.4 164.2 164.8 163.6 159.6 156.2 150.9 142.9 135.7 123.1 107.1 92 107.5 121.5 125.2 130.2 133.1 139.8 148.8 155.4 163.3 171.1 181.3 189.9 197.7 206.7 215.1 219.7 218.9 220.2 220.7 219.5 218.4 218 216.3 216.5 217.2 216.5 216.1 215.9 217.9 217.6 218.1 221.8 226.1 227.2 227.4 229.1 232.1 233.9 235.1 235.4 236.1 237.5 239.7 242.6 246 247.4 250.6 254.2 255.1 255.7 262
181.1 168.4 160.6 173.4 176.4 179.6 183.1 186.9 187.3 176.4 170.9 170 168.5 167.1 166.7 165.5 163.4 160.9 163.9 164.9 159.8 152.2 147.5 141.3 127.8 117.4 102 92 110.5 127.1 128.8 131.9 142 148.5 154 160.4 167.7 178.3 187.1 194 203.7 212.4 218 220.4 219.4 218.7 217.3 215.8 215.9 217.3 218 218.6 218.6 216.9 216.4 212 214.5 214.5 212.3 218.8 222.1 222.6 223 224.9 227.3 230.9 232.6 233.5 232.3 234.9 235.6 238.4 239.5 241.9 245.8 249.4 251.3 252.6 259.4
176.9 168.7 157.7 169.8 172.9 175.1 177.8 176.8 175.4 170.7 168.8 167.8 166.5 165 163.6 162.4 161.2 158.4 162.4 165.4 161.1 153.3 146.1 141 131.5 116.1 98.1 95 114 127.9 134.4 138.1 146.4 153.8 160 165.7 173.8 184 191.9 200.5 208.1 212.8 214.7 215.6 216.5 215.1 212.9 213.6 216.5 218.3 219.9 220 218.5 215.3 212.3 210.3 212 212.6 212.6 216.8 219.3 218.3 219.1 221.8 223.8 227 229.4 230.3 228.8 231.8 232.1 234.9 236.3 238.3 241.4 244 234.9 250.4 255.5
173.6 167.8 157.3 164.7 169 170.8 173.1 172.2 170.1 169.1 168.4 167.5 167.4 166.6 165.3 164.7 164.3 160.3 157.6 162.9 162.9 156.2 149.7 143.4 127 113.3 95.2 98.5 116.3 130.6 138.8 144.1 151.3 159.6 167.9 173 180.2 193 200.4 206.4 209.9 210 211 212.2 211.6 211 212.4 215 217.9 218.4 217.5 216.3 216.5 211.4 209.3 206.7 209.5 208.8 211 214.4 217.6 217.7 217.5 219.2 220.9 223.7 225.8 226.7 225.9 228.4 228.1 230.3 233.2 235.7 235.8 232.2 237.4 246.5 251.8
168.7 165.7 154.3 161.5 165.6 168 169.1 168.2 167 167.2 168.6 168.5 166.7 166 165.2 164.9 162.8 160.6 157.6 156.3 160.7 154.2 146.4 141.8 127.9 110.4 92.6 101.4 116.6 131 141.6 146.9 154.7 165.7 175.1 182.8 188.8 202.2 208.8 210.6 210.2 208.6 209.7 212.3 211.9 212.9 214.1 216 217 217.1 214.2 214.5 212.4 208.6 206.7 204.7 205.3 203.9 208.4 211.8 213.4 215.3 216.3 217.4 218.6 221.2 222.8 222.7 222.9 225 225 227 230.1 230.9 229.5 220.2 233.9 243.4 249.8
160.5 161.1 154.2 155.6 162.7 164.4 166.3 167.2 166 165.3 166.6 167 165.5 164.8 164.1 162.2 160.9 159.3 158.5 157.5 144.8 146.4 137.3 133.1 119.9 109.2 92 102.5 115.9 130.3 141.8 147.3 157.4 167.5 178.1 188 197.1 208.5 213.5 211.5 207.8 207.9 209.3 211.2 212.3 214.2 215.5 215.7 214.5 215.4 214.1 212.7 209.7 205.9 203.7 200.4 200.5 198.5 205.9 208.6 210.3 209.1 213.2 215 216.6 217.9 219.1 218.7 219.4 221.3 220.7 223.8 225.8 226.7 218.6 228.1 234.8 242.4 248.6
154.3 151.8 150.7 155.3 159.3 162.3 165.6 166.9 165.2 164 164.1 164.3 163.8 163.9 162.8 161.2 159.2 158.4 159.8 159.8 153.1 143.2 131.2 119.5 117.1 107.6 92 103.4 116.7 130.2 141.6 146.9 153.1 165.8 179.6 190 198.4 208.2 213.6 207.9 205.1 205.5 208.1 209.5 210.6 212.8 213.9 213.7 212.3 212.4 212.3 208.7 205.4 201.8 199.7 196.4 195.5 199.1 202.3 204.8 206 207.1 209.6 211.9 213.1 214.4 215.5 214.1 217.1 217.4 217.9 219.5 216.1 220.1 228.3 230.6 234.4 240.6 246.1
164.8 158.9 154.9 147.3 157.8 164.5 167.1 167 165.4 163.3 163.2 162.2 162.2 162.8 162.3 160.8 159.2 158 155.4 153.8 153.5 148.1 141.2 125.7 116.3 106.1 92 103.2 116.1 128.6 139.9 145.7 152 163.5 176.5 187.3 194.7 200.5 205.8 204.8 203.4 203.2 205.2 207.6 209.3 210 210.6 210.6 209.8 209.3 207.7 204.7 200.4 195.9 193.8 192.1 191.7 195.3 197 199 199.4 202.3 205.9 207.3 208.8 210.2 210.9 212.2 214.3 213.4 213.2 210 219.5 224.7 228.9 231.7 233.4 237.4 241.7
165.1 163.5 160 145.7 159.4 164.6 166.8 167 166.3 165 163.3 163 161.3 161.4 162.4 161.1 160.3 157.9 157.2 155.1 150.7 142.1 131.9 124.7 112.8 101.6 92 103.7 119.4 130.3 139.3 144.3 152.7 163.3 173.1 181.4 190.5 197 203 203.6 201.7 201.4 203.6 205.5 205.4 205.2 204 205.4 205.4 205.3 201.6 198 193.3 192.4 190.7 186.6 189 190.8 191.6 194.1 196.1 197.6 200.8 203.2 205.3 206.2 208.9 211.4 212.1 210.8 207 215.8 221.8 226.7 229.1 231.3 231.7 234.3 237.5
164.5 162.8 158.4 145.7 160.4 163.8 165 166.1 165.2 164.5 164.3 163.2 162.6 161.1 161.2 161.7 161.5 158.7 157.2 155.2 150.9 145 135.6 122.1 106.4 97.3 92 105 121.4 132.3 137.7 143.4 151.3 162.4 170.8 178 186.8 193.6 198.9 200.4 198.8 201.8 203.9 205 202.5 200.8 199.8 198.9 197 196.3 193.8 189.5 190.9 185.9 187.1 185.3 185.4 187.1 188.6 190.3 193.3 195.8 198.1 199.7 199.4 204.9 208.6 210 210.1 207.4 208.5 215.6 221.8 225.5 226.7 228.3 230 231.5 235.3
162.2 161 152.5 144.3 158 161.3 162.2 162.5 163.2 163.3 163.5 163.3 162.3 161 157.3 160.1 159.4 157.6 156.3 154.5 151.8 148.2 138.9 124.5 101.3 96.2 91.6 104.9 120 130.7 136.6 141.2 149.6 160.3 167.7 173.9 181.8 185.1 184.6 190.3 196.3 201.7 204.5 203.6 200.8 194.9 191.9 190.9 188.5 186.5 188.4 185.9 184.8 186 184.5 183.2 181.1 186.4 188.9 191.4 193.6 194.4 195.4 196.9 200.5 204.3 206.5 208 208.1 197.3 210.1 214.9 219.1 221.8 223 224.6 228.5 231.3 233
157.3 155.7 149.1 145.5 152.4 155.2 157.9 159 160.2 162 162.3 162 161.7 160.8 159.3 155.6 157.2 156 154.8 153.6 151.2 147.9 141.4 125.9 97.9 96 91.2 105.7 120.5 129.7 134.8 139 145.8 154.3 161 166.9 170.4 168 169.7 179.4 191 199.3 199 196.1 192.9 187.4 183.7 182.4 182.2 182 182.3 182.2 181.9 182.2 182.4 180.2 183.6 185.2 187.6 190.7 192.9 193.5 193 196.5 200.1 201.8 204.3 205.1 203.3 197.7 209.6 213.3 215.4 217 218.6 223.5 227.4 229.6 229.6
149.5 147.6 144.6 143.1 147.4 146.2 150.4 154.1 156.5 159 161.6 161.2 160.7 159.9 158.3 156.5 155.5 153.8 153.7 152.5 150.9 147.6 141.9 129.8 97.1 95.8 90.7 107.2 116.7 126 132.1 136.1 141.1 147 150.2 152.8 157.3 159.4 164.6 174.5 181.8 186.8 184.5 179.5 179 178.9 178.9 179.7 179.6 179.8 179.9 179.9 179.8 180.3 180.7 176.7 182.1 183.8 186.4 189.2 190.2 190.9 195.2 197.3 198.9 199.6 201.1 201.6 191 203.3 207.9 211.6 212.8 212.9 216.8 221.5 226.1 226.9 226.5
157.6 158.4 155.1 145.3 139.7 139.5 139 141.9 152.5 156.6 159.5 160.2 159.1 158.5 156.2 155.6 154.4 152.9 153.3 151.9 150 147 142.5 133.4 104.2 95.5 90.6 105.9 112.1 120.5 129.4 134 137 140.9 144.3 147.1 150.3 155.7 163.1 170.4 175.4 177.8 177.8 175.8 175.3 175.5 176.7 178.2 179 179.3 179.4 178.9 178 178.1 178.6 174.2 181 182.5 184.5 185.5 186.3 192.5 194.8 196.7 197.6 197.6 197.8 186.9 200.2 202.6 205.5 208 209.5 211.5 215.3 220.1 220.5 225.3 224
161.4 160.1 159 158 153.6 144.8 137.5 136.8 146.7 153.5 157.6 157.9 157.5 156.5 155.2 154.2 153.1 150.4 152.3 151.1 149.1 145.4 142.1 136.8 113.3 95.3 93.4 103.2 107.3 113.7 123.1 130.6 135 136.8 139.3 143.5 148.8 153.4 160.2 165.8 169.3 171.8 173 173.3 172.5 173.7 175.5 177.2 178.3 178.7 179.3 178.9 177.6 175.7 176.4 176.3 180 181 181 183.5 187.9 191.2 193.7 195.9 196 195.2 194.6 188.5 198.7 200.1 202.1 205.9 208.6 211.1 214.5 218.5 220.7 222.9 221.7
162.6 162 161.7 160.7 155.8 149.7 140.7 135.3 143.6 154.4 156 155.9 155.5 154.5 153.7 153 151.8 147.9 150.5 149.4 146.6 143 139.9 135.4 118.6 95.2 95.2 99.3 101.9 107.4 115.7 126.4 128.2 132.7 137.5 142.1 147.3 151.7 156.3 160.6 163.8 167 168.8 169.7 169.7 171.1 173.1 174 176.5 177.8 178.6 178.4 176.6 175.5 172.5 175.6 178 176.1 179.8 183.8 187 190 192.2 193.2 192.7 192 187.8 186.6 194.4 195.2 197.6 202.8 206.6 210.6 214.5 216 217.7 219.2 218.6
163.3 162.8 163.6 162.3 159.7 155.3 147.6 135.5 141.7 152.7 154 153.3 152.4 151.4 151.4 150.6 148.9 145 147.4 146.6 144 140.6 137.4 133.7 124.2 95.8 95 95.9 96.4 100.4 106 116.6 127.9 132.6 136.9 141.2 145.8 149.5 153.6 157.3 159.8 162.4 164.2 165.4 165.8 168.9 171.5 173.2 174.8 175.5 175.9 176.1 175.5 174.1 168.7 172.7 174 176 179.6 182.3 185.5 187.5 188.8 188.6 188.1 187.3 183.8 182.9 186.9 192.5 197.1 201.2 205.6 209.2 213.1 214.3 213.6 214.7 214.9
164.3 164.8 165 163 160.7 157.2 153.2 141 133.6 148.5 151.8 150.3 150.2 149.7 149.3 148.7 147.8 141.9 145.5 144.3 141.5 138.3 135 131.8 124.9 100.2 92 94.8 94.7 95.7 100.2 112 127 132.3 135.2 141.1 144.4 147.5 151 154.1 157.2 158.9 160.2 161.3 165.1 167.7 170.2 172 173.1 172.3 172.8 173.5 174 174.4 173.9 162.5 169.4 175.2 177.7 180.1 182.2 183.2 184.4 184.3 183.1 183.7 179.6 179.5 185.3 193.3 198.1 201.8 204.4 208.1 211.5 211.8 210.7 211.6 211.1
163.4 166.3 167.8 163.3 160.4 158 155.3 150.7 137.3 138.5 148.3 147.8 147.4 146.9 147 147 146.3 140.2 143.5 142.3 139.3 135.9 132.6 129.7 123.4 106.1 90.2 94.6 94.2 94.1 94.9 103.9 121.2 131.3 134.7 139 142.8 145.7 148.2 151.7 153.7 155.6 156.7 160.5 163.5 165.8 167.7 169.8 170.2 169.4 170.3 171.1 172 172.5 173 171.5 165.6 173.3 175.2 177.2 178.1 178 178 178.8 179.1 178.1 173.9 180.3 186 192.8 198.2 201.1 203.7 206.5 208.1 208.4 209 209.8 209.5
165.5 162.6 164.4 162.3 159.6 157 154.6 150 138 132.3 142.1 144.5 145.3 144.8 144 144.3 144 142.1 140.7 140.8 137.4 133.7 130.4 127.3 120.7 112 101.8 90.2 94.2 93.5 93.6 97 114.4 129.4 134 138 141.9 144.4 146.9 148.6 150.8 152.6 156.6 159.5 161.9 163.8 165.2 167.2 167.7 167.7 167.8 169.3 169.8 171.1 171.3 171 159.7 169.5 171.5 171.9 172.5 172.2 172.8 173.5 173.6 173.9 169.9 179.3 183.4 190.6 196.5 198.1 201 202.9 204.3 204.4 206.3 207.3 207.5
159.9 158.9 162.8 161.3 158.3 155.6 150.9 147.8 139.4 127.6 136.9 141.7 142.6 142.4 141.5 141.8 141.3 139.9 138.6 138 136 132.1 129 126.5 122.2 118.5 112.5 103.9 90.2 94 93.1 95.4 107.5 124.6 133 136.8 140 142.9 145.2 146.3 149.2 151.9 155.8 158.2 159.8 161.7 163.3 164.2 164.1 163.7 165 165.9 168.2 168.9 169.7 169 155 166.7 166.6 167 167 167.7 169.1 169.1 170.4 165.2 173.3 177.7 182.9 187.7 192 194.8 196.7 198.1 199.3 199.6 201.4 204 203.3
157.8 161.6 161 159.5 156.3 153.6 150.1 146.9 142.8 132.1 133.1 140.5 140.1 139.7 139.2 139.4 138.9 139.6 135.8 133.7 133.7 130.5 128 126.4 123.7 119.7 114.3 106.2 100.1 90.2 93.1 105.1 115 121.9 123.8 131.7 136.3 141.9 143 146.1 148.2 151.8 154.8 156.6 158.6 160.2 161.5 161.6 160.9 161 162.1 162.9 164.8 165.9 166.4 164.6 153.5 163.4 162.7 163.3 163.8 164.6 166 166.2 161.4 167.2 172.4 177.4 181.7 185.9 188.3 189.4 191.8 193 194 193.4 196.7 198.6 198.3
154.6 158.8 157.9 155.5 153.3 151.1 148.8 146.9 144.4 138.5 128.4 128.9 137.1 134.8 137.7 137.4 137.1 137.1 135.5 132.7 128.4 128.6 127.2 125.8 121.9 117.2 108.2 101.8 98.7 94.2 90.1 113.3 126.2 130.2 133.6 137.7 140.5 142.9 145.1 146.2 148.7 151 152.7 155.6 157.6 158.6 159.7 159.1 158.1 157.9 159.1 159.7 160.3 160.3 159.7 159.1 152.8 158.9 158.5 161.2 162.1 163.8 163.6 160.7 163.6 168.6 172.1 177.3 181.2 183.4 184.4 185.1 186.7 187.6 187.7 188.3 190.4 191.8 191.6
154.7 154.2 153.9 151.9 150 147.9 146.4 145.3 144.1 141.3 133.2 124 129.3 130.1 134.8 135.8 135.7 135.9 134.9 132.3 130.4 125.9 123 122 117.5 112.6 102.9 97.5 92.7 92.8 94.3 120.5 128 132 135.9 139.6 141.7 143 144.1 145.2 147.2 149.5 151.7 153.4 155.9 156.8 156.9 155.8 154.4 153.3 155.4 155.9 156.4 155.9 155.8 155.7 152.4 153.2 156 159.6 161.7 163 161.3 153 165.7 167.5 172.2 176.7 179.2 180.5 180.7 180.7 181.4 181.5 181.4 181.4 183.2 184.1 184.4
154.7 150.6 150.6 149 146.8 145.2 144.4 142.9 141.5 140.1 137.1 130.5 123.5 124.8 132.1 133.9 133.3 133.3 132.5 130.5 128.7 126.4 124.4 117.8 109.8 102.9 98.3 94.5 92.6 89.7 110.8 125.8 129.4 133.8 138.2 140.6 141.7 141.4 142.5 143.2 145.7 147.8 149.3 151.4 153.3 153.7 153.2 152 150.8 150.3 151.7 152.1 152 153.3 153.9 153.7 150.5 154 156.7 157.7 160.8 159.3 152.6 160.8 166 169.4 172.8 174.7 176 176.6 176.7 176.9 177.6 177.9 178.3 178.1 178 177.9 174.2
153.9 151.8 149.5 144.8 144.6 143.1 142.1 140.9 138.5 138.4 136.4 134.4 128.7 120.4 122.2 131.7 132.6 130.3 130.1 128.1 126.8 125.6 123.1 116.9 106.8 99.5 95 92.8 91.4 97.6 121.1 126.6 130.9 135.5 138.3 139.7 139.5 139.3 140 141.9 143.5 146 147.5 149.2 150.4 149.4 149.1 147.8 147.3 147.7 147.6 148.1 148.9 150.6 150.8 149.6 149.1 154.7 156.2 158.6 158.5 151.5 155.5 161.5 168.4 171.6 172.9 172.4 172.7 172.6 172.9 174.3 175.5 175.8 175.5 174.5 173.7 173.3 170.5
153.1 150.8 148.2 146 142.2 140.9 140.2 138.9 137.8 135.5 134.7 133.5 132.5 122.1 119.2 129.5 128.6 127.3 126.7 126.5 125.9 123.9 120.7 109.7 100.4 96.8 92.5 93.3 89.6 112 123.2 126.9 132.1 134.6 137.1 137.5 136.9 136.7 137.9 140.3 142.4 144.8 146.2 147 147 146.1 145.4 144.6 143.9 145.3 145.5 146.2 146.7 147.6 146.2 141.2 152.2 153.2 155.7 156.8 155.1 146 157.3 162 167.8 171.1 171.8 170.5 169.6 168.9 169.6 172.2 173.4 174.3 174.1 171.1 169.3 160.6 156.9
151.6 149.7 147.5 145.1 142.2 139.9 137.7 137.3 135.5 133.8 132 131.9 130.9 126.7 117.9 128.9 128.6 127.3 123.4 124.4 124.4 122.2 116.7 103.2 97.9 93.3 92.5 89.2 101 116.8 123.2 127.4 130.9 133.9 135.1 133.8 133.9 134.1 136.6 139 141.5 143.5 144.5 144.6 143.8 143.1 142.4 142 140.9 143.1 143.6 143.4 145 144.6 145.5 148.5 151 151.7 153.1 153.9 147.5 152.9 156.9 160.2 165.2 167.9 169 168.9 167.5 166 166.7 169.2 171.4 171.6 169.5 164.1 153.1 160.3 170.9
149.7 148.6 146.5 143.6 141 138.4 135.5 134.8 133.4 131.8 130.3 128.8 127.9 121.9 126.9 127.7 125.9 125 123.4 121.7 121.7 121.1 112.6 97 92.8 92.4 90.3 91.7 108.4 118.2 123.4 127.1 129.8 132.3 130.7 131 130.9 131.9 135.4 138.4 140.9 142.1 143.1 141.9 141.2 140.7 140.5 140.6 140.2 141 141.7 142.5 140.7 136.6 145.6 147 148.3 149.2 149.4 150.3 143.1 152.1 154.9 158.1 161.1 164.5 165.8 166.3 165.9 162.1 164.7 164.7 168.1 163.6 156.7 150 162 170 174.2
148.2 147.3 143.8 139.4 138.5 137.2 134.1 131.7 130.2 128.9 127.7 125.9 119.3 117.1 127.8 127 123.9 122.8 121.8 119 119.9 118.5 106.9 93.2 92.5 92 89 98.5 107.5 118.5 123.1 125.9 128.1 128.6 128.3 128.1 129.1 131.8 134.5 137.4 139.4 139.4 140.4 140.1 139.6 139.2 139.2 139.8 138.8 139.6 140.5 138.1 139.4 144 145.1 145.8 146.6 147.7 146.7 145.8 144.2 150.4 152.6 155.9 159.3 161.6 163.5 165.6 165.6 163.3 147.7 148.9 155.2 152.1 154.6 162.8 166.2 168 171.1
146 143.3 139.8 137.7 135.5 135.2 132.5 130.4 126.7 126.9 125.9 117.6 115.4 126 125.7 124.6 122.7 121 120.2 118 116.6 112.9 98 92.1 91.6 89 93.2 101.5 108.9 116.8 121.3 123.5 125.3 125.6 126 126.3 128.6 130.7 133.3 135.2 136.1 137.5 137.6 137.8 137.7 138 138.7 138.5 136.3 137.6 133 140.4 141.8 143.4 143.6 144.4 145.2 146 145.1 135.5 146.7 150.4 152.1 154.4 158.3 161.1 163.2 164.5 160.3 150 162.3 164 165.3 164.7 161.7 163.5 164.6 164.7 166.8
