WholeMapElevations/data/nb/nb13_OST50GRID_20230518/NB13.asc
ncols 200
nrows 200
xllcorner 110000
yllcorner 930000
cellsize 50
[rows 152 to 189 of 200, columns 87 to 173 of 200]
3.5 2 6.9 11.4 25 20.6 25.7 24.7 26.6 31.6 39.7 48 53.1 60.8 59.5 60.1 68.4 71.7 73.8 76.6 76.5 72.2 61.8 55.2 49.1 58 53.3 42.4 37.9 37.9 37.9 45.4 47.3 52.7 42.8 42 44.9 52.1 55.5 61.6 65.2 67.4 67 66.1 60.9 67.2 66.3 66.8 64.2 56.6 49.2 45.9 39.9 36.2 30.5 29.4 34.1 38.4 49.6 52.6 55.6 59.5 58.8 48.2 43.6 46.9 57.5 51.4 49.6 49 52.8 52.7 52.5 53.5 54.8 55.8 63 59.6 54 51.2 50.8 48.9 41.5 35 26.6 28 21.5
2.4 2 4.5 6.6 19.1 20.3 22.8 27.7 40.4 45.7 47.5 59.6 62.4 71.2 71.4 72.2 77.2 80 80.9 82.4 82.6 77.1 70.1 66.7 60.3 64.9 63.4 51 39.8 37.9 37.9 38.6 46.4 54.5 47.2 42.9 43.5 50.9 56.3 64.8 69.3 70.1 69.2 62.5 59.5 66.9 69.1 66.4 66.2 57.1 54.2 48.2 44.7 37.4 32.3 33.3 40.7 42.6 49.6 55.1 52.6 51.7 51.7 46.4 44 44.9 57.7 49.6 49.7 45.9 52.6 54.2 55.4 59.2 61.8 61.8 66.6 68 59.9 57.6 56.6 54.9 46.5 39.5 26.9 21.1 22.6
3 2 2.2 9.2 25.5 27.6 31.4 34.2 48.8 57.3 63.3 80.3 85.5 89.1 87.4 86.6 86.1 87.3 83.9 84.8 84.2 79.8 76.7 72.9 66 66.7 66.1 58 47.2 37.9 37.9 37.9 39.5 55.8 51.5 45.5 44.8 53.8 59.8 71.8 77 73.3 65.1 60.5 58.3 57.6 71.6 66.1 68.2 61.4 57.1 52.7 44.9 41.3 33.5 38.6 45.6 48.1 57 56.4 56.5 52.9 54.4 49.2 47.1 44.8 49.8 43 44.1 43 52 54.8 58.1 62.4 66.1 64.6 66.6 68.3 59.2 59 61.2 55.1 50 36.2 30.4 21.4 14.6
4.4 2 10.9 8.7 30.2 33.6 38.6 46.9 52.8 65.7 71.4 84.1 95.2 97.4 98.4 96.1 95 100.9 100.7 99.4 97.6 89.4 76.5 77 69.6 71.5 69.1 63.9 53.5 42.2 37.9 37.9 37.9 46.3 52.6 49.5 50.1 50.6 62.5 74.3 79.6 76.1 65.6 61.8 59.4 56.4 64.6 64.8 66.4 61.9 56.8 53.4 46.4 40.2 35.4 41 51.5 53.1 66.4 70 65.9 61.2 55.5 50.3 50.9 46.9 43 43 43 43 52.5 56.8 60.4 59 59.6 61 61.1 61.3 61 60.6 58.8 52.9 43 38.3 31.2 20.8 13.7
1.4 2.6 12.1 10.3 27.3 33 41.5 50 58.8 70.6 78.5 89.6 103 106.8 106.4 107.8 105.7 107.9 111.1 109.9 106.1 108.1 95.4 82 78.4 83 78.3 64.4 53.7 43.1 40.6 39.2 38 45.2 51 55.9 59.8 54 55.6 62.3 71.8 74 69.3 63.9 60.1 57 57.9 58.1 63 60.1 60.5 56.6 51.1 41.7 37.6 49.8 58.7 62.7 72.9 77.4 72.3 75.4 62.8 52 50.7 51.2 43 43 43 45.2 50.4 56.3 56.2 57.1 61.2 62.2 63.7 66.2 63.3 66.1 61.6 55.6 43.4 39.6 31.7 26.4 13.2
-1.7 1.8 12 14.2 24.2 31.4 41.6 49.3 63.3 71.5 82.1 98.2 114.6 120.7 122 119.2 122.5 121.5 124.1 122.8 119.3 117.7 108.9 94.3 86 90.3 85 71.6 65.5 53 44.8 44 45.1 47.9 58.6 56.1 68 63.4 58.9 61.2 69.3 65.7 65 67.4 62.8 58.2 53.9 51.3 57.3 60.4 59.4 57.2 57.2 44.4 41.1 49.8 65.4 73.1 76 77.1 81.5 68.5 60.6 54.4 52.5 46.8 43 43 46.8 52.1 55.4 58.4 63.6 61.2 63.5 66.9 66.4 65.6 66.8 64.8 60 52.9 42.8 39.6 29.4 21.5 14.3
-1.7 -1.7 12 15.9 14.7 29.7 39.6 49.2 61.1 69.9 91.8 107.8 126.6 133.9 136.6 133.7 137.2 135.5 134.8 134 130.1 123.6 116 101.4 87.9 95.7 86.7 75.7 73.9 55.9 47.4 46.3 52.6 50 53.4 54.5 63.1 68.7 66.2 67.8 66.8 69.9 69.4 65.2 64.3 60.4 51.7 51.4 53.6 55.4 54.9 54.1 56.6 46.1 44.2 49.1 65.7 69.7 78 78.2 76.1 67.3 62.3 57.5 55.2 49.8 47.4 43 49.6 57 58.4 60.9 62.6 64.8 64.4 67.4 66.8 66 64.4 63.1 59.1 53.9 44 43.7 30.9 23.4 16.2
-1.7 5.6 11.9 18.6 15.8 24.6 37.6 47 57.5 77.7 96.7 115.1 134.4 144.9 147.2 142.7 148.5 142 143.9 142.1 136.1 131.1 121.3 106.7 86.3 94.8 87.4 77.3 81 61.9 51.4 51.3 59.9 56.1 54.5 55 62.6 69.7 71.3 72.1 66.1 68.8 66.2 63.1 59.7 59.9 52.6 51.4 53.5 55 55.4 52.5 47.4 44.5 47.6 53.1 60.5 63.8 73.1 81.7 88.6 80.6 65.2 59.7 55.2 50.4 50.8 44.1 52.9 59.7 60.8 63 64.2 65.8 66.1 67.8 68.9 69.1 66.8 63.3 59.1 50.2 45.3 48.2 31.4 26.4 18
-1.7 -1.7 10.1 19.8 15.6 16.4 38.1 51.9 63.9 81.6 100.8 120 140.2 151.9 153.8 149.5 151.9 153.4 153.7 146.8 145 134.9 125 107 87.9 95.1 88.7 78.5 85.4 69.2 56 61.9 68.5 64.2 62.8 57.7 67.7 69.5 69.8 69.1 68.2 72.9 65.1 60.3 59.2 58 51.4 51.4 51.4 50.9 53.5 52.3 47.7 48.2 51.9 63.2 73.1 69.9 74.4 84.6 92.8 91.8 75.9 60.7 55.6 51.1 48.4 46 60.3 65.7 64.3 68.2 68.4 69.3 69.7 69 72.6 73.9 70.7 69.5 67.9 52.8 45.5 40.5 30.8 29.9 22.4
-1.7 -1.7 4.3 19.6 20.9 14.8 31.2 47.8 54.2 81.5 99 123.5 143.4 155.9 156.3 155.4 159.1 164.1 161.8 156.1 149.2 139.3 124.1 106.2 91.3 93.7 89.1 82 88.8 71.2 60.2 64.1 69.4 68.8 65.8 62.7 74.7 80 77.2 76 75.8 80.3 70.6 60.4 57.1 54.5 51.4 51.4 51.4 51.3 51.4 50.9 52 51.3 57 74 91.1 85.3 90.5 90.4 91.6 90.3 74.6 65.9 58.3 51.1 47.8 53.1 67.8 73.5 69 74.2 73.6 75.7 73.9 73 73 73.7 75.8 72 65.2 52 46.1 36.8 30.5 31.7 21.5
-1.7 -1.7 2 21.9 20.1 13.2 23.9 41.4 52.7 82 98.7 125.2 145.8 160.6 162.8 160.3 164.7 169.4 167.6 163.3 153.3 144.7 128.8 101.3 92.9 94.2 90.7 85.1 85.1 71.3 65 69.1 75.8 78.3 70.7 73.3 82.1 94.5 91.4 81.6 81.6 81.2 73 66.7 53.3 51.4 51.4 51.4 51.1 51.2 51.4 52.3 55.4 55.6 64.7 85.4 97.1 97.2 96.3 95.5 103.3 95.7 79 71.9 65 55.6 50 60.1 74.6 79.2 72.8 79.1 80 79.1 78.3 77.5 76.2 73.8 73 72.7 66.4 53 40.8 30.3 27.8 34.9 25.7
-1.7 -1.7 -1.7 11.3 18.7 12.1 29.1 34.8 47.7 68.7 94.2 119 143.8 159.1 167.3 168 170.9 179.4 175.7 168.7 158.8 145.6 129 102.9 95.5 97.7 91.3 87.4 86.5 74.8 70.3 74.3 85 90.3 83.7 87.5 77.1 97.4 89.6 87.7 81.9 78.2 73.5 60.4 54.2 51.4 51.4 51.4 51.4 51.4 51.4 53.6 54.8 56.8 71.4 89.1 97 99.8 95.4 99.4 108.4 104.5 94.9 85 71.4 62.3 55.1 64.6 75.1 79.3 75.7 79 81.5 80.7 80.2 78.7 79.9 75.6 71.4 67.1 63.1 52.8 39.2 33 26.1 31.4 28.2
-1.7 -1.7 -1.7 5.4 15 9.9 29.6 41 48.3 55.7 83.5 110.7 133.5 154.8 163.5 170.4 175.5 182.6 178.2 172.2 160.7 148.6 125.5 102.1 94.6 102.1 97.9 91.8 87.7 77.8 79.5 90.4 97.8 100.5 87.7 95.1 82.5 84.3 83.7 82.7 90 86.1 81.1 62.5 59.5 51.1 51.4 51.4 51.4 51.4 51.4 51.4 51.4 56.5 69.3 84.8 95.4 101.5 99.6 99.9 109.6 105.6 100.2 95.2 80 74.9 61.3 63.6 81 79.7 76.6 85.4 82.6 83.1 80.4 78.9 78.3 75.1 73.4 68.9 62.2 45.5 43 35.1 25.6 25.3 29.1
-1.7 -1.7 -1.7 5.4 8 8.7 21.6 43.2 47.8 52.4 77.1 100.6 125.8 145.7 165.4 171.8 175.1 179.9 176.1 171.5 164.1 147.6 125.7 105.6 94.6 98.7 99.5 92 91.3 84.7 83.1 98.4 100.2 111.4 99.8 91.3 94.4 87.3 82.7 85.9 91.7 94.6 75.1 66.9 63.2 54.9 51.4 51.4 51.4 51.4 51.4 51.4 51.4 54.3 61.4 81.2 94.5 100.4 98.4 98.2 103.4 103.1 103.1 96.5 88.9 83.7 69.6 67.1 85.2 86.5 79.8 89.7 86.5 83 80.6 78.3 76.5 74 69.9 64.2 57.1 47.4 46.6 38.2 27.8 21.6 20.7
7.6 3.3 3 10.3 9 8 20.9 41.6 53.9 50.9 67.8 90.2 114.6 132 159.1 169.7 175.1 178.2 175.1 169 162.5 145 121.8 105.2 94.6 95.3 99.2 94.1 92.2 93.6 87.9 100.7 108.5 109.2 105 97.3 96.6 91.3 90.6 85.7 87.3 96.7 79.1 65.6 64.8 55.3 51.1 51.4 51.4 51.4 51.4 51.4 51.4 55.7 60.7 73 88.3 90 92.2 94.6 96 102.2 104.7 94.7 88.5 79.7 75.4 74.6 69.6 78.6 79.7 88.9 85.2 84.2 83.4 77.6 76.5 72 65.1 61.2 56.4 46.4 41.4 39.6 30.1 22.8 16.5
12.4 8.2 7.1 10 9.2 8 17.5 39.4 53.3 52.1 58.3 79.3 106.7 125 145.9 165.2 170.4 173.3 175.3 165.8 157.7 142.3 115.1 107.3 98.1 94.6 99.1 96.9 94.3 95.1 93.6 104.7 114.9 114.1 114.9 108.4 104.5 97.5 91.7 83.5 83.2 80 73.7 65.3 62.6 61.1 55.7 51.4 51.4 51.4 51.4 51.4 52.1 51.9 63.1 71 84.9 87 87.9 91.3 93.6 99.6 99.5 92.4 86.1 83.4 76.9 74.6 69.1 72.7 76.1 83 84.7 84.9 83.9 79.4 76 72.3 68.8 62.1 52.7 42.4 39.5 38.2 32.6 25.4 18.4
10.9 11.4 11.1 9.5 10.1 9.1 20 35.2 51.7 58.1 51 65.4 98.5 116.4 138.2 153 163.1 166.7 162.4 156.4 150 134.6 118.1 107.3 103.1 94.6 98 99.7 96.6 98.7 99.5 105.3 112.2 115.8 118.1 112 111.8 105.1 98.5 88.8 82.5 78.9 72.6 66.8 66.1 66.3 65.4 51.4 51.4 51.4 51.4 51.4 51.4 53 59.1 67.9 73.9 81.2 84.6 85.7 88.3 91.9 93.5 88.2 83.9 81.7 77.7 75.2 72.3 74.7 75.9 83.8 84 92 90.6 86.5 81.8 77.6 70.1 62.1 56.4 42.3 39.3 39.5 34.2 26.6 22
22.7 16.4 12.9 10.5 10.8 10.5 14.2 29.9 47.6 52.9 50.4 59.2 88.3 104.9 126.8 143.9 156.3 158.5 151 145.7 146.7 135.2 121.6 109.5 106.8 97.9 94.6 101.7 100.1 109.3 108.5 107 114.8 118 117.8 117.7 117.9 116.3 106.9 92.3 83.2 78.5 76.6 77 69.8 64.9 59.7 51.4 51.4 51.4 51.4 51.4 51.4 51.9 62.9 70.5 73.9 84 87 88.2 91.6 95.4 95.6 89.2 84.1 82.5 79.5 82.5 78.4 76.4 77.6 94.6 84 93 90.2 88.4 87.9 81.7 73.9 66.3 58 45.1 41.6 40.1 34.5 29.6 24.3
22.7 17.6 18.6 12.3 13.6 11.3 10.8 30.4 32.8 46.9 53 55.2 81.2 99 115.6 133.1 140.1 137.6 142.3 145.6 138.3 129.9 121.2 109.2 106.3 99.4 94.6 102.7 104.8 116.7 116.1 117 127.5 133.2 134.3 128.6 128.1 125.8 114.8 99.8 91 90.2 91.3 88.7 73.7 73.8 62.9 51 51.4 51.4 51.4 51.4 51.4 57.8 65.2 71.6 74.6 77.6 84.5 93 98 97.3 102.3 90.8 86.3 85.3 84.8 97.4 85.9 81.1 85.6 100.6 94.4 84.1 89.4 89 86.4 85 74.5 68.1 58.3 47.9 46.4 44.6 38.1 30.4 25.7
24.6 21.4 19.1 15.7 13.8 12.8 11.1 24.7 35.1 40 49.7 52.5 77.5 91.5 103.6 113.9 120.9 132.7 132.7 136.6 133.5 120.3 112.7 108 106.7 95.5 94.6 97 107.3 113.9 123.2 120.6 134.2 143.2 144 140 135.5 126.7 114.8 104.1 99.6 94.8 99.6 86.1 70.2 65.3 58.1 52.7 51.4 51.4 51.2 52.8 53.9 57.8 63 74.7 75.4 76.7 87.1 98.7 106.2 103.2 93.5 90 88.1 87.9 91.7 105.4 96.1 92 92.3 99.2 101.9 87.2 84 86.5 86.5 82.1 75.1 66.9 61.7 53.1 50.8 48.9 40 32.2 27.4
27.6 22.5 20.1 14.6 13.2 13.1 11.5 14.3 32 34.6 46.8 51 70.3 85.5 95.6 106.4 116.8 120.9 126 123.9 124.1 112 108.4 107.5 111.4 106.6 95.5 94.6 102.5 113.7 128.2 128.2 138.9 146.1 154.8 149.3 138.1 128.4 120.8 113.7 107.3 98.4 92.9 77.8 71.5 62.4 58 55.7 55.6 53.4 53.4 54.2 55 57.5 62.8 75.1 74.2 76.7 89.4 101.5 110.8 109.8 103.1 98.4 97.8 96.8 97.8 104.3 97.1 100.8 96.7 99.2 105 98.9 91.6 88 88.1 82.8 76.2 71.4 66.4 57.3 55.2 54.6 43.8 32 27.6
33 26.1 19.4 16.5 13.8 13.5 12.5 14.1 24 34.1 41.6 49.8 56.2 74.6 90.2 102.9 109.6 112.8 119.4 116.7 113.7 109 106 106.9 111 110.8 106.9 101.4 106.1 115 128.4 139.4 139.4 152.1 159.7 155.8 140.5 137.3 125.5 123.3 112.9 102.4 91.6 83.1 69.7 63.7 62 60.1 57.4 55.4 56.5 57.5 58.9 59.1 64.8 69.2 73.2 78.3 87.9 102.7 118.8 122.8 119.6 112.1 106.1 105.1 105.7 104.6 100.3 105.5 105.5 100.7 107.4 103.5 102.3 96.7 86.8 80.4 76.7 77 71.5 61.9 57.5 61.4 49.9 32.1 27.3
40.8 34.1 26 19.8 15 14.3 13.5 12.7 18.9 32 35.9 45.7 52.9 63.1 78.9 91.1 94.2 107.4 110.5 109 106.5 102.7 104.6 107 110.9 115.4 114.1 107.9 104.2 116.2 133.4 144.5 140.6 153.6 153.6 147.1 148.7 144.7 132.1 126 113 99.5 90.9 78.9 70.2 66.6 64.2 63.1 59.3 57.4 60 62.2 64.9 61.5 65.8 70.9 74 78.1 90.9 119.4 130 133.1 128.9 122.9 119.9 113.3 113.8 107.9 103.6 110 111.6 108.3 116.8 112.4 105 100.2 86.3 80.9 76.9 74.5 72.7 65.6 60.9 52.9 40 32.4 26.2
51.3 46.4 39.9 26.6 17.4 14.3 13 13.5 15.4 27.1 27.8 41.8 53.1 59.4 67.1 76.4 87.8 99.7 103.8 105.5 101.5 98 105.7 109.7 114.5 119.2 120.9 105.9 104 121 130.3 139.7 139.6 148 148.5 148.5 154.1 142.7 130.8 121.4 104.5 98.9 91.4 74.8 77.5 69.4 66.5 66.4 62.5 60.4 58.4 60.5 62.3 63 64.8 73 75 82.8 98.7 120.7 136.5 140.8 140.8 131.6 127.2 121.7 121.6 113.3 107.5 115.7 123.9 112.4 118.8 112.8 106.7 99.6 89.5 75.2 71.9 69.3 64.1 56.1 53.1 47.4 42.6 36.2 28.3
63.6 57.2 51.4 35.3 26.8 16.9 14.1 12.7 13.2 17.2 23.9 40.5 55.6 60.6 65.2 74.3 80 92.2 98.9 101.5 97 98.1 103.5 108.9 115.2 118.8 119.5 113.5 102.7 110 121.2 126.3 130.3 135.7 149 153.7 151.9 140.4 131 118 103.9 96.5 86.6 79.2 75.5 71.3 66.7 65.3 62.1 62.9 60.5 61.2 62.1 63.6 66.2 72.6 77.4 89.2 103.7 126.1 142 146.8 145.8 135.8 135.5 128 122.8 122.1 111.1 109.3 116.9 108.3 112.3 109.4 101.6 91.8 84.6 75.8 69.8 71.1 62.2 56.1 53.4 49.5 47.4 41.6 31.6
67.3 62.7 63.6 40.5 32 17.1 14.7 14 13.5 15.4 20.4 36.5 53.3 60.2 67.2 75.2 81.7 89.7 94.4 97 99.8 103 104.5 105.7 108.7 111.5 113.6 105.4 99.3 102 111.1 118.3 124.5 138.3 151.9 153 150 138.5 124.8 114.6 102.5 98.7 91.1 87.5 79.8 72.1 67.4 64 63.5 65 63 65.5 63 66.7 67 72.6 79.4 87.1 105.4 130.8 141.6 149.6 147.7 141.6 143.5 136.7 124.5 124.2 113.2 106.4 104 99 102 98.3 91.9 89.1 85.2 73.5 71.9 63.7 63.7 57.2 56.3 53.2 48.9 42.8 34.4
81.3 68 75.4 50.5 32.8 23.4 16.4 15.4 15.2 16.3 24.2 29.1 46.1 64.3 71.1 76.2 85.8 93.8 96.3 95.5 106.8 110.2 109.2 106.2 106.8 107.5 106.7 101.1 91.7 99 106.5 118.8 128.3 139.6 147.5 147.4 147 137.2 120.9 109.4 103.1 96.9 92 92.4 88.8 78.3 73.4 70.1 67.3 67.8 66.9 73.8 65.3 67.5 69.3 72.8 81.9 90.9 113.5 129.3 144.8 151.6 149.2 144.9 145.3 136.9 124.4 126 112.6 112.2 102.4 93.4 95.3 91.9 92.1 89.5 83.1 74.8 70.2 59.1 57.3 56.2 53.3 50.1 45.6 41.4 35.7
86.1 71.6 77.8 57.6 38.7 35.1 23.8 21.3 17.1 17.8 27.8 32.8 42 62.3 75.3 77.7 84.9 91.4 93.1 98.4 108.9 111.8 114 106.5 106.9 106.6 101.5 91.6 91.6 96.9 111.1 119.7 131.1 138.5 144.1 138.3 137.2 130.9 117.5 107.8 104.7 94.1 92 96.5 88.9 83.3 76.8 72 69.8 68.9 67.5 67 67.2 68.4 70.8 75.8 82.1 91.9 108.5 118.7 136.6 142.1 145.2 142.8 135.5 131.8 119.3 111.1 110.4 113.2 104.4 95.3 88.9 89.6 89.7 82.6 79.6 71.4 69.3 57.8 54.9 55.3 55.1 53.9 48.6 44 40.5
89.8 75.8 76.5 57.5 40.5 45.2 32.3 26.5 21.8 18.8 32.1 43.7 40.7 60.6 78.7 75.4 84.4 88.6 97.7 103 110.2 114.3 110.1 106.9 105.3 112.4 99.7 93 91.6 98.4 107.9 121.8 132.4 138.1 136.6 134.8 134.1 121.8 108.8 105.5 100.3 91.3 89.8 89 87.3 84 81.8 75.5 73.9 72.3 73.3 77.4 76.3 74.3 74.6 81.5 85.9 94 108 118.3 123.8 129.7 133.6 134.2 132 124.5 114.4 110.1 107.8 107.2 98 93.9 87.5 84.2 80.7 78 75.3 69.8 61.9 57.8 54.7 56 57.8 59.8 53.2 47.6 41.5
95.2 86.9 83 65.5 49.1 52.5 43.8 31 28.7 22.2 30.1 47.8 44.1 59.4 75.7 74.4 78.9 85.4 101.6 103.9 111.2 114.3 112.9 108.1 104.8 105.6 101.2 93.6 91.6 93.2 103.1 118.8 127.9 130.4 129.2 122.4 118.1 111.5 104.5 99.2 94.9 92 89.2 88.1 87 87 87 86.5 78.1 81.9 78.5 79.5 86 84.5 84.5 90.3 93.8 96.7 116 125.9 126.7 131 133.9 133.8 132.8 129.1 117.5 111.2 106.5 101.8 99.8 96.1 89.2 84.6 83 81.2 76 69.3 67.3 66.2 58.2 52.9 56.5 63.4 53.8 48.8 37.8
105.1 85.5 86.5 67.5 54.5 61 55.4 36.2 32.8 24.9 30.1 50.7 46 53.9 71.7 77.5 76.5 81.6 101.5 105.6 111.2 112.1 110.6 106 103.6 101.6 103.9 91.6 91.8 91.6 100.2 115.2 117.3 119.7 128.2 121.6 116.4 106.8 100.6 98.3 98 96 94 90.9 88.3 87.9 89.4 93.2 84.6 86.3 89.4 89.6 88.4 88.1 92.5 98.5 98.6 99.6 116.1 134.5 134.7 136.7 141.5 140.3 141 132.1 122.6 115.7 110.6 111.8 115.8 103.8 97.1 97.4 94.4 90.7 81.4 76.7 73.4 71.2 62.3 54 51.6 51.9 53 48 41.2
103.4 86.7 86.4 71.7 57.7 66.5 61.2 41.1 36.2 30.9 28.3 50.3 53.9 47.5 57 74.2 75 82.3 91.2 99.2 106.2 108.1 109.7 105.2 103.6 97.6 91.6 91.6 92.1 91.6 98.5 120.5 115.7 117.8 116.9 117.2 110.2 104.1 101 99.7 101 105.2 103.8 103.2 94.5 93.7 104.9 110 96.3 94 103.3 104.7 99.2 101.5 105.6 112.1 110.1 106.5 113.1 131.6 134.6 136.7 143.2 151.1 148.1 145.8 134.4 129.2 121.7 127.8 136.7 119.8 112.3 108.4 100.8 99.8 92.5 91.2 85.6 80.9 67.1 55.8 56.7 51.7 50.3 45.5 41.2
111.6 91.8 82 65.4 59.3 69.5 68.9 46.3 42.8 32.3 26.4 46.3 52.4 48.2 56.5 63.3 71.4 78.3 83.7 93 98.2 99.5 105.7 98.7 98.3 96.9 91.6 95.6 95.3 94.1 100.3 105.1 110.9 107.2 110.3 117.1 112.2 104.8 104.4 106.7 109.3 116.1 113.4 113.1 108.5 105.8 126.2 116.4 103.9 101.4 116.8 122.3 115.6 109.8 117.1 119.7 123.3 114.3 116.4 128.3 134 141.3 150.4 153 160.5 159.2 149.1 138.6 133.7 141.3 150.8 137.6 118.8 119.7 111.3 108.3 103.7 99.4 95.2 86.2 73 60 62.1 54.1 47.9 46.3 45.1
114.6 98.4 72.3 62.1 59.9 74.8 73.8 51.3 49.8 33.1 27.3 40.9 46.1 51.1 54.2 55.1 63.5 75 79.7 84.4 88 92.3 95.8 98.5 103 102.1 91.6 95.5 98.7 93.4 99.5 99.6 101.7 103.5 109.9 115.4 108.6 103 103.4 108.9 116.1 125.3 125.8 129.4 122.9 130.2 145.6 119.2 107.9 110.1 129.6 136.5 131.9 123.8 125.3 133.8 135 123.5 121.1 129.8 136.7 154.9 159.1 170.2 173.4 168.6 159.3 146.4 146.1 155.9 162.8 152.4 131.6 132.9 124.4 120.6 115.9 108.8 104.4 94.5 78.2 62.2 62.4 52.9 50.2 51.1 48.6
111.9 92.3 68 59.7 61 78.6 70.2 60.7 53.8 36.4 28.9 31 44.1 45.6 51.3 53.3 58.5 71.2 79.4 84.9 90.8 92.2 98.6 105.7 109.4 108.6 91.6 96.3 99.1 94.9 93.3 95.4 97.6 99 104 114.8 105.5 102.1 102.9 107.7 120.6 132.4 142.6 149.1 142.5 140.4 155.1 130.1 114.7 116.6 136.8 147.5 140.5 131.3 132.3 144.4 142.4 132.3 125.5 133.9 141.2 156.9 161 175.3 184.1 178.4 168.1 161.5 156.5 165.7 163.7 157 140.9 140.5 130 125.9 124 115.9 105.9 95.6 80.1 64 61.1 55.7 51.2 47.2 47.2
111.8 94.1 70.5 58.2 62.7 74 69.5 61.5 51.7 37 31.7 28.3 33.6 41 42 47.7 55.7 74.7 84.6 87.2 91.6 94.5 106.4 110.8 113.6 111 91.7 91.6 99.7 98.1 94.9 96.5 96.7 95.6 99.7 100.9 103.8 100.7 103.3 109.7 135 143.6 154.2 160.5 159.7 153.7 166.4 144.9 126.7 123.8 138 156.5 149.2 143.5 144.1 143.8 143.3 138.1 130.7 136.4 148 152.8 161.9 166.8 180.2 186.6 176.8 165.5 159.7 171.3 168.6 154.3 143.6 134.5 131.7 127.4 127.2 115.7 103.8 97.6 80.5 66.6 63.4 60.4 52 44 40.5
106 88.7 66.8 57.9 57.9 69.1 68.9 55.3 46.1 36.6 32.8 30.3 30.4 31.9 34.3 46.6 53.7 67.6 79 85.1 92.3 97.1 105.6 113.6 114.5 111 96.6 93.4 96.9 94.6 91 90.8 94 89.8 90.5 93.9 95 101.9 104.1 120.3 136.5 149.4 161 162.3 163.6 170.4 172.6 149.6 130.6 127.4 135.8 144.7 159.1 155 150 144.6 146.2 147.6 137.7 139.3 151.4 160.7 160.4 168 173.7 178.2 170.9 167.3 161.6 171.8 172.1 155.2 138 128.9 125.5 123.3 124.8 109.5 98.2 94.9 78 67.6 63.9 58.4 55.8 47.9 36.3
96.8 81.2 74.3 57.9 60.2 65.1 64.1 53.3 43 36.8 33.5 31.5 31 33.7 33.1 42.7 49.1 58.7 74.5 80.7 89.7 95 103.4 115.1 113.5 111.9 101.5 91.8 93.2 91.6 89.9 84.3 84.3 84.3 84.3 89.3 93.6 101.4 104.6 121.6 134.8 151.9 162.2 164.1 163.3 179.2 173.5 152.4 135.2 128.7 133.4 142.7 152.5 155.1 154.1 149.1 149.9 155.1 146.6 141.9 152.1 160.1 159.1 173.8 169.8 169.9 165.5 161.3 161.6 167.9 165.7 154.4 140.1 125.5 124.7 122.1 124.2 112.7 99 86.9 77.6 65.9 62.6 57.2 55 46.9 39.4
