WholeMapElevations/data/nn/nn07_OST50GRID_20230518/NN07.asc
ncols 200
nrows 200
xllcorner 200000
yllcorner 770000
cellsize 50
[rows 70 to 104 of 200, columns 79 to 157 of 200]
62.6 63.8 62.4 64 68.1 73.4 70.6 65.4 65.1 65.2 67.9 67.7 66 64.3 63.7 61.5 61.3 64.4 60 57.5 60.8 58.6 57.9 54.7 54 53.4 50.7 51.9 52.8 53.3 55.6 59.5 59.9 61.3 59.7 59 61.4 69 66.7 65.1 66.2 65.5 68.5 74.8 80.4 85.2 88.5 87.7 93.3 97.3 99.9 99.8 94 88 85.2 80.1 74.7 78.3 77.8 75.8 72.1 65.3 56.3 44.7 31.3 18.7 11.5 -1.4 -1.4 -1.4 -1.4 -1.4 -1.4 -1.4 -1.4 -1.4 -1.4 1.2 5.3
64.2 67.2 67.2 72.7 77.2 82.5 71.6 67.6 68.8 67.2 68.8 68 67.1 66.2 65.6 67.6 68.1 64.3 60.4 59.5 62.6 64.9 59.8 60.2 59.4 59.1 55.9 57.3 59.4 60.8 60.4 66.6 69 69.8 75.6 70.7 68 72.6 72.2 69.7 66.4 71 74.7 81.5 88.1 93.9 96.4 95 100 105 110.4 113.3 105.7 96.7 94.3 88.2 84.5 85 84.5 81.1 77.1 72.5 64.8 54.1 42.1 29.1 20.7 13.4 7.2 -1.4 -1.4 -1.4 -1.4 -1.4 -1.4 -1.4 -1.4 -1.4 -1.4
70 79.4 75.6 78.1 78.4 76.4 73.6 75.2 78.2 70.1 69.8 68.6 69.7 69.8 74.2 77 73.1 69.4 65.6 67.1 69.9 68.9 67 65.2 65.1 63.8 62 63 65.7 67 70.9 72.1 77 79.8 84.9 82.4 78.7 79.6 81.8 75.9 75.5 80.2 84.9 89.2 96.7 104.7 108.7 106.9 110.6 114.6 119.4 122.1 117.2 107.6 103.5 97.8 95.5 95.1 93.4 89.4 85.9 81.9 73.1 61.1 48.2 38.3 30.1 22.8 14.5 8.1 -1.4 -1.4 -1.4 -1.4 -1.4 -1.4 -1.4 -1.4 -1.4
72.7 77.4 79.5 79.2 78.9 79.8 78.1 77.5 75.4 75.2 73.4 70.9 71.9 73 81.8 86.2 80.5 73.5 79.3 74.7 77.6 77.8 74.1 78 75.9 73.1 68.9 67.4 69.2 74.9 78.2 76.8 81 84.6 88.2 90.2 88.5 89.5 87.7 83.7 81.5 91.6 95.8 98.5 103.6 114.3 124.5 119.2 117 119.6 123.1 122.1 116.6 116.7 112.9 108.3 105.4 106.4 103 97.2 92.3 86.8 76.4 66 54.7 45.8 38.9 30.3 20.8 14.1 7.4 -1.4 -1.4 -1.4 -1.4 -1.4 -1.4 -1.4 -1.4
73.5 77.7 80.1 81.7 83.6 84.7 83.9 79.9 74.9 77.2 76.7 72 75.5 79 89.4 88.9 85 81.1 85.7 80.6 81.4 80.9 80.8 84 83.5 79.1 76.7 73.4 73.7 82.3 83.1 83 86.2 88.1 91.1 94.1 95.6 99 97.6 93.1 92.7 96.8 101.6 107.6 112.3 120.9 128.4 125.2 123.9 125.6 128.4 127.3 131.3 133.7 126.8 120.3 116.2 119.8 114.2 106 101.1 89 78.9 69.3 58.1 50.5 43 35.4 26.8 18.1 11.5 8 4.6 -1.4 -1.4 -1.4 -1.4 -1.4 -1.4
76.6 77.9 82.3 84.4 85 85.8 87.9 82.2 76.7 79.1 77.8 77.3 83.5 87.9 95.1 91.5 89.6 97.9 93 91.6 88.2 91.5 94.7 93.9 89.3 80.8 80 79.9 81.3 87 93.8 90.7 89.8 95 97.5 99.4 98.1 101.6 100.1 98.3 101.8 104.7 109.5 112.9 117.3 124 128.2 130.7 136 134.9 139 140.3 144.6 150 144.3 136.3 126.8 127.1 123.7 116.7 108.8 97.9 85.3 73.3 64.7 54.9 48 41.6 34.9 26.1 19.3 13.8 11.1 5.7 4 -1.4 -1.4 -1.4 -1.4
79.2 81 84.9 87.6 87.6 87.7 88 83.9 81.7 82.7 86 90.7 91.1 93 93.4 93.7 93.9 100.5 99.2 96.7 96.2 97.5 96.5 93.4 90.2 90.1 87.3 89.9 93.8 89.5 97.9 98.1 98 99.8 101 102.9 105.4 105.8 105.5 107.1 112.9 115.5 119.9 126.3 126.8 132.5 139.4 142.9 146 147.3 151.3 149.1 153.2 158.8 155.1 142.9 133.7 134.4 133.6 124.6 116.7 105.6 93.5 78.3 67.7 62.5 56.2 49.9 43.8 35 29.5 22.3 15.9 11.6 8.5 4.5 -1.4 -1.4 -1.4
83.6 85.1 86.5 87.4 87.8 88.5 88.1 85.8 85.7 90.1 90.3 96.4 101 99.2 104.3 100.7 98.8 102 102.5 105.5 103.5 100.5 98.5 94.1 97.4 100.6 93 94.5 100.8 95.7 99.2 104.6 101.1 109.4 108.9 107.1 114.4 117.4 118.3 119.7 127.8 131.4 133.5 139.6 144.8 139.4 145.2 152.6 157.9 159.1 158.9 160.8 159.4 167 155.5 147.8 137.5 136.6 139.8 126.8 128.5 113.4 96.2 76.6 76.5 72.5 67.2 58.2 50.3 45.5 39.7 31.1 18.4 19 16.7 9.9 7.1 5.5 -1.4
88.8 89.9 90.9 91.4 91 91.2 93.1 92.7 89.2 94.1 95.3 104.3 111 109.9 110 106.2 110.5 104.1 107.6 105 103.4 100.9 100 95.7 98.2 103.1 95.4 96.3 101.3 103.4 103.3 109.4 106 110.6 113.7 119.8 124.3 129 130.5 132.4 136.7 139.7 142.9 149.1 155 152.3 153.7 159.3 166.1 169.1 166.5 167.7 164.9 166.1 156.3 154.1 141.7 137.8 133.8 130.5 129 114.7 95.6 88.9 86.5 83.4 74 64.7 59.2 55 48.9 40.7 32.9 30 24.3 17.8 13.6 10.5 6.2
94.4 95.2 95.6 95.6 95.2 95.5 105.4 103.1 95.3 98 101.7 109.1 115.2 113.2 114.4 110.2 113.6 110.9 111.5 111 107 107.6 102.4 99.4 101.9 101.5 100.6 100.5 103.2 106.6 109.7 115.3 113.4 117.2 120.2 129.1 133.8 141.9 144.2 147.3 147.8 149.5 151.7 154.5 161.5 158.3 164.3 167.3 170.1 170.6 171.5 175.6 170.3 164.7 159 156.7 145.2 138.7 141.1 132.6 124.5 114.6 97.4 97.8 93.9 87.8 83.1 77.2 70.9 64.9 58.6 47.9 44 37.9 31.5 26.3 23 19.4 9.4
100.1 99.8 100.9 100.4 100 111.2 107.4 104.4 101.2 102.8 108.3 112.6 120.7 121.7 118.5 116.7 118.5 116.2 118.5 116.2 113.2 109.3 105.8 103.9 107.4 108.6 107.7 108.1 113 118.2 121 123.1 121.6 126.4 132 139.7 143.9 150.2 156.9 162.9 159.8 160.3 162.3 164.6 167.5 172.2 175.2 179.3 176.3 174.5 175.8 181.9 180.7 169.9 163.8 159.5 149.7 141.7 142.2 130.4 125.8 113.1 107.6 106.4 98.1 98.3 93.5 86.2 80.2 76.3 69.3 62.4 55 45.8 40.4 38 34.2 29.9 26.4
107.3 106.6 106.6 106.1 110.4 117.7 110.9 109.6 109 109.5 117.7 123 123.6 124 122.7 122.6 125.9 124.8 126.8 123.8 121 118.1 116.1 114.2 114.5 118.6 120.2 122.3 122.8 129.6 136 132.9 134.6 132.3 139.5 145.4 148.1 158.1 166.9 173.1 171.7 172 173.7 172.5 170.9 178.9 185.1 189.1 185 179.4 179.8 187.2 185.4 174.6 169.9 162.6 159.7 145.7 141.2 131.3 124.8 116.9 112.1 109.7 103.1 102.6 100.2 94.7 88 84.9 82 79.3 66.3 55.4 54.7 57.5 52.6 42.2 40.5
115.7 115.5 116.9 119.9 119.5 119.5 118.3 117 116.3 115.9 122.1 129.8 127.9 128.9 132.6 131.4 131 133.5 135.9 130.8 130.4 125.6 122.3 122.4 122.8 124.6 133.4 130.1 131.5 136.9 144.2 143.1 144.2 143.2 144.2 149.9 160 162.7 172.7 180.6 181.1 179.7 182.4 181.8 179 186.1 194.3 201.7 192.6 184.5 185.8 186.4 181.5 175.1 173.1 165 161.7 147.7 139.7 132.7 124.1 119.3 114.6 111.2 108.5 108 106.9 100 93.6 95.5 94.8 87 77 68.7 67.6 68.7 60.2 56.3 54.9
124.8 123.9 124.2 124.7 123.7 123.1 124.3 124.8 122.7 122 131.6 136 136.9 139 137.8 140.5 141.1 142.5 143.3 139.9 134.8 132.2 131.3 130.7 130.5 135 140.1 143.7 143.4 145.5 152.5 155.1 152.3 152.6 153.6 158.5 162.8 168 176.2 184.3 185.3 186.4 185.9 187.7 186.9 190.7 201.3 209.4 201.4 188.9 185.9 186.4 177.8 176.2 171.5 166.1 154.9 148.8 140.9 138.6 135.2 125.1 121.2 120 116.6 115.3 109.9 101.9 102.7 102 101.9 100.7 88 79.7 78.4 74.1 66 75.5 76.2
131 130.5 131.3 132.7 134.2 134.4 134.1 133 132.1 130.7 132.9 139.6 142.7 144 144.9 144.5 146.1 155 149.8 146.4 143.5 143.3 138.2 134.7 136.7 141 148.6 152.3 152.3 152.7 155.6 158.3 161.8 162.6 163.9 173 172.2 173.4 182.6 188.3 189.5 191.6 190 191.5 193.3 199.2 207.5 213.3 203 192 186 181.2 176.9 173.6 166.5 163 154.1 151.1 146.7 147.9 148.6 138.6 133.1 131 124 114.8 112.1 109.2 112.4 110 108.8 103.7 94 88.3 83.5 76.3 81.6 83.3 79.7
136.2 136.9 139.9 141.4 143.3 142.9 143.1 142.8 141.9 140.9 139.8 145.1 149.2 152.6 153.7 152.1 154.8 158.2 156.4 151.4 150.1 153.8 150.8 142.8 144.9 152.8 157.9 158.2 158.6 166 163.6 163.3 165.6 168.6 166.9 179.3 183.6 181.9 187.3 192 192.9 202.3 199.2 201.8 204.8 208.4 211.6 208.6 201 194.5 189.3 178 172.3 168.3 164.2 161.7 157.7 158 150.3 150.5 149.3 140.7 137.2 131.9 123.8 119.9 113.7 116.4 119.2 117.8 112.4 106.9 98.5 86.5 87.7 87.5 86.5 83.9 83.2
143.9 144.9 147.8 149.9 152.5 152.4 152.6 152.7 151.7 150.9 149.6 154.2 156.8 158.5 158.9 160.4 161.5 161.4 162.3 165.7 162.3 159.6 158.5 152.2 157.4 161.9 161.5 163.5 167.3 169.8 169.1 171.2 169.4 173.2 180.7 185.1 189.5 190.7 197 201.8 198.7 207.5 205.1 209.4 210.2 218.6 219.9 211.9 200.7 197.9 187.8 180 173.5 171.5 165.1 157.7 156.2 157.2 155.2 148.3 143.6 140.4 134.7 131 127.2 119.1 118.6 121.2 125.4 117.9 116.3 103.9 96.9 100.3 99.3 98.7 97.6 95 94.2
154.6 154.8 156 157.6 160.3 161.4 162.1 162.5 161.6 161.2 161.3 163.3 167.2 167.7 166.9 168.1 168.8 172.6 173.7 175.5 171.7 170.5 169.9 165.6 166 171 173.5 176.4 181.1 177.8 178.7 177.3 176.2 184.5 192.7 188.6 192.6 195.7 204.9 204.6 204.9 210 209.8 212.6 216.2 227.5 229.6 224.6 216.9 204.4 196.6 184.1 180.1 176.6 168.6 160.1 161.1 153.5 148.7 145.4 143.2 136.4 132.8 129 129.6 124.9 126.5 127.6 123.8 120.5 114.6 112.1 112.5 113.1 113.1 111.6 113.5 105.8 102.5
160.8 164.5 164.9 167.1 167.6 168.2 170.2 171.9 171.8 171.2 171.7 171.8 178.5 178.8 177 180.1 180.4 184 185.1 185.1 185.7 182.9 178.2 178.7 178.9 179.8 180.5 183.2 188.9 186.9 186.4 185.5 185.7 189.4 195.7 194.1 194.8 198.7 209.9 211.1 215 216.5 215.3 218.1 223.1 235.3 236.2 233.7 223.9 211.6 207.1 197.3 188.8 183.8 171.1 165.5 161.6 158 152 146.9 141.6 135.5 134.5 133.9 132.2 133.6 137.2 130.8 127.3 125.5 119.4 121.6 123.2 123.9 125.1 130.8 130.8 125.2 114.7
174.5 174.2 176.8 177.1 177 177.7 181.5 187.2 181.5 180.8 181.5 181.4 183.3 186.9 186.5 186.6 188.6 191.5 193.6 196 194 191.4 191.9 190.2 185.6 195 194.2 194.1 195.4 196.1 197.7 197.8 198.4 199.2 199.6 203.3 197.9 200.8 209.1 215.1 222.5 225.3 220.2 221.7 228.1 242.9 242.2 234.4 227.5 218.9 216.3 204.1 198.3 190.2 180.4 176.6 169.2 160.7 150.7 150.9 148 144.3 142.7 140.2 140.1 140.9 142 134.5 131.6 123.9 130.7 130.9 132.2 134 140.1 139.7 137.4 129.3 128.8
187.5 185.7 187.6 185.7 188 190.8 190.2 194.1 193.5 193.9 195.4 193.6 193.9 194.2 196.9 196.4 199.1 202.2 199.8 206.1 204.8 199.5 201.2 201 196.8 201.7 204.6 204.6 207 209.5 212 212.7 209.3 214.6 216.6 214.7 207.8 207.9 208.4 217.3 227.9 232.3 224.5 224.7 232.5 247.5 245 233.8 227.2 224 220.6 209.9 203.5 191.7 181.8 179.4 169.7 156.7 161.6 160.5 153.8 150.9 149.5 147.6 150.3 148.5 145.5 137.6 135.4 133.1 138.1 139.9 139.7 143.6 146.6 142.9 139.4 137.4 139
196.8 198.2 196.6 197.9 199.1 201.3 202.1 204.5 206 206.9 207.2 207.8 206.4 210 210.1 209.4 212.5 215.4 215.3 215.1 215 213.5 208.7 208.9 205.3 205.6 210.8 215.4 219.8 221.8 227 224 220.4 219.9 220.5 223.5 219.5 218.6 211.8 219.1 230.2 234.6 227 225 237.1 248.1 242.6 232.1 227 225.9 229.1 215.2 206.3 194.6 188.3 183.4 169.8 168.2 165.6 164.2 156.9 154.8 156.4 158 156 150.4 146.1 141.5 137.3 145.9 145.2 148.9 153 153.2 151.8 147.1 145.6 145.9 148.7
207.1 208.7 209 210.8 211.8 211.5 213.4 213.8 214.8 214.6 216 219.1 220.3 221.6 221.6 220.4 224.1 229.5 229.2 224.7 224.2 224.1 223 220.4 217.5 217.9 220.2 224 229.4 232.8 239.2 237.1 233.3 228 225.2 229 228.1 221.7 220.9 223.2 232.7 235.9 230.5 228 238.9 244.5 239.2 232.6 226.4 224.4 224.5 217.7 204.9 192.6 184.7 177.6 172.2 169.5 164.5 165.7 158.2 159 166.7 163.3 156.7 149.5 150.6 144.6 143.3 147.5 154.5 157.3 161.1 156.5 151.6 151 150.1 152.4 153
218 219.9 220.1 222.2 222.8 222.5 224.7 227.4 224.4 227.1 228.9 229.5 230.2 229.4 233 234.2 235.6 236.3 234.8 235.7 236.3 233.4 232.9 229.3 227.9 228.4 226.5 234.6 236 244.6 246.6 245.5 241.3 233 231.2 235.5 233.3 225.4 223.4 224.9 233.6 237.8 232 227 237 240.3 235.8 233.3 225.8 221.7 218.4 208.9 198.3 182.1 177 175.2 173.2 167.1 163.2 159.5 161.8 160.7 160.4 160.2 159.2 154.5 147.4 145.4 150.8 156.9 154.3 156.1 157.6 160.5 163.6 160.4 159.4 160.6 159.8
227.6 232.1 233.3 233.9 235.7 234.1 234.3 236.9 236.4 239.6 243.5 241.7 240.5 241 244.8 248.3 248 245.8 245.4 245 245.4 247.8 245.4 242.1 240.2 237 231.7 241.9 247 251.5 256.2 252.9 250.4 243.3 239.5 239.6 237.1 232.9 227.8 228.9 233.7 239.4 234.5 231.4 234.9 239.6 239.3 232.2 228.5 217.4 211 202.3 190.7 190.9 184.6 181.8 173.1 167.3 164.9 165 167.9 164.1 161.7 159.7 159.9 151.2 157.1 158.1 161.4 164.7 168.6 163.7 166.3 164.7 167.1 165.7 169.2 169.7 166.7
240.7 242.5 246 244.2 246.7 245.5 248.2 249.3 248.9 251.6 256.9 257 255.4 255.1 256.3 258 257.9 256.9 256.3 255.9 257 255 254.4 252.2 255.1 250.9 243.1 244.4 254.9 257.1 262.1 262.5 263.5 252 248.2 242.5 240.3 238.4 234 234.7 236.1 237.8 237 232.1 233.9 244.4 243.5 237.7 229.4 214.8 203.9 197.9 195.2 196.3 194.5 190.4 175 171.3 171.6 171.2 168.3 166 161.8 162.2 157.9 161.2 167.4 168.7 171.5 175.2 174.4 173.1 174.5 172.3 175.9 174.5 175.3 172.2 171.1
249.4 255.5 259.3 257 258.5 256.8 260.2 262.1 266.1 265.4 266.4 268.7 269.6 267.6 268.3 272.9 274.1 268.9 269.4 268.6 265.5 263 262.8 260.8 264.1 266.1 263.9 256.1 260.2 266.4 272.4 273.4 270.1 264.6 254.8 253 244.1 242.2 239.9 240.1 239.4 237.5 236.9 234.7 238 248.6 244.5 236 226.7 210.5 210.4 211.7 208.4 204.4 197.1 189.3 179.8 176.2 170.7 170 168.6 167.2 162.3 159.9 162.9 165.9 172 175.3 177.7 179.9 182.8 184.2 183.1 184.5 182.6 180 180.1 178.8 180.1
260.4 264.3 269.7 268.3 271.5 269.3 271.8 271.9 275.2 279.1 279 279.2 280.2 280.2 282.1 284.1 284.7 281 279.5 277.6 276.9 275.5 273.4 273.2 271.8 275.7 277.2 267.2 266.3 274.7 279.9 278 273.7 275.9 263.2 257.4 250.2 249.8 251 243.8 240.4 237.5 236.1 235.6 239.4 247.2 242.2 231.6 220.9 212.1 217.6 218.5 218 212.3 199.4 190.6 186.2 181.7 181.8 175.6 171.1 167.8 167.7 166.3 170.3 176.6 178.6 182.6 185.3 186.8 191.5 191.5 190.6 189.7 188.3 189.2 189.9 185.4 188.4
272.5 274.6 279.4 281.8 281.5 283.3 284.1 283.9 283.9 283.3 288.8 290 292.1 295.1 293.2 295.9 294.2 289.9 289.7 290.2 291.7 286.8 285.5 282.1 286 288.4 287.4 280.7 277.7 281.1 283.1 284.1 280.8 279.6 271.1 267.5 255.9 254.9 256.8 248.9 242.7 240.3 241.9 240 243.4 242.6 237.6 228.5 216.8 217.6 220.9 227.3 224.1 211.5 199.6 198.2 192.6 187.6 185.7 180.4 175 171 172 175.5 178.5 182 186 192.5 194.5 197.3 197.2 199.9 198.4 198.6 198.4 197.6 196.2 198.1 199.2
291.9 289.5 291.3 293.6 295.9 294.9 294.8 296.7 295.8 296.5 299.9 303.6 305.9 309.8 309.6 308.4 308 303.7 302.8 301.7 299.6 296.2 300.7 293.2 297.3 297.4 299.5 296.4 286.4 288.6 288.6 285.5 284.9 284 278.3 272.4 262.4 261.1 259.3 253 245.3 243.5 247.2 254.6 256.4 251.7 241.1 226.5 219.1 225.3 227.5 227 220.4 213.3 201.2 195 196.8 194.1 193.3 186.6 182.1 174.4 180.3 186.9 189.2 193.8 198.8 205.5 207.9 209.2 210.1 207.9 208.9 209.1 209 210 207.3 210.8 215.4
300 301.3 304.5 304.7 304.7 305.3 307.3 308.8 305.6 307.8 314.8 320.8 325.5 326.6 322.7 321.1 320.1 315.7 317.3 314.9 311.2 310.5 307.7 300.8 303.6 306.4 306.1 310.9 302.4 303.2 296.9 296.9 293.6 289.7 281.9 278.4 270.1 267.6 266.6 258.5 255.7 256.9 260.5 261.6 261.4 255.9 245.5 234 229.4 229.6 224.8 222.1 219.3 209.6 199.3 205.1 204.9 201 197.1 188.7 182.6 187.4 192 199.7 202.8 202.4 211.1 216 219.1 220 219.5 221.6 223.3 224 218.8 226.6 223.6 228.3 235.3
313.6 314.4 314 314.2 313.9 317.3 318.1 317.8 316.1 320.7 327.7 328.4 333.2 331.6 334.8 340.1 337.8 329.6 326 326.3 325 323.6 322.8 312.7 312.1 316.3 319.3 320.7 314.7 314.6 312.7 310 307.2 303.6 297.4 285 274.5 276.3 271 262.6 265.4 260.5 266.2 267.2 267.8 263.2 254 244.7 238 232.4 224.4 222.2 215.7 207 208.3 209.7 208.6 204.4 201.6 192.6 191.1 197.2 199.9 211.5 217.4 217.9 223.6 227.6 231.7 233.4 235 238.4 239.7 242 239.4 242.8 243.7 247.9 258.8
317.7 322.6 323.9 325.9 327.8 327.5 329.1 328.6 328.5 333.6 331.2 335.5 338.6 340 343.3 350.8 349.2 344.8 337.4 336.3 337.4 336.7 332.4 328.3 327.7 330 329.8 329.5 324.1 321.9 324.8 318.7 317.2 311.5 303.5 294.5 284.6 279 272.6 267.1 273.1 268.7 273.7 275.4 276.7 271.6 264.6 253.4 241.1 234 230.1 226.5 220.2 215.9 216.3 216.7 217.2 210.9 205.1 200.5 198.7 208 213.4 218.8 225 230.3 234.3 239.1 243.1 246 248.1 253.3 261.2 258.1 255.2 252.5 256.2 265.3 275.2
326.2 328.4 332 333.4 340.7 343.2 341.4 346 343.9 346.3 341.6 345.1 345.7 349.8 352.3 356.2 359.7 359.1 351.3 354.3 354.2 353.1 351 342.3 338.6 342 341.6 340.9 338.3 331.1 332.3 329 322 314.3 307.1 300.3 283.9 275.6 270.6 270.2 276 275.3 281.4 280.7 280.6 277.7 269.9 260.4 250.9 241.6 235.8 232 221.6 229.9 225.9 227.2 222.8 214.3 214.4 214.5 214.9 216.3 224.9 228.8 234.3 240.2 246.5 252.8 256.8 261.6 265.5 271.4 277.9 280.7 274.4 271.6 272.1 279.9 283.3
341.1 339.7 343.7 347.7 348.9 351 353.7 352.6 352.2 352.8 352.7 351.8 359.2 364.2 364.7 371.8 369.4 365.8 369.6 363.5 365.1 363.7 363.5 362 353 353.4 349.9 346.2 349.1 341 338.9 336.3 327.6 317.8 311.6 299.8 293.2 283.9 276 276.8 281.2 281.1 286.7 283 284.7 278.7 267.3 263.7 252.7 247 238.6 233 230.5 236.1 237.9 235.2 227.2 227.4 220 229.2 230.7 230.3 232.8 238.7 244.4 249.6 256.1 264 272 279.3 281.6 292.7 296.2 293.5 286.8 289.2 291.7 290.7 292.6
