WholeMapElevations/data/nt/nt00_OST50GRID_20230518/NT00.asc
ncols 200
nrows 200
xllcorner 300000
yllcorner 600000
cellsize 50
[rows 0 to 34 of 200, columns 0 to 78 of 200]
557.7 561.4 559.7 555.2 550.1 540.9 529.7 514.2 498.8 487.6 478.6 470.5 466.2 460.8 453.8 448.2 443.6 440.6 438.9 439.4 438.4 437.3 435.3 433 429.8 424.5 419.6 405.3 399 413.8 422.4 430.3 435.8 439.1 428.4 416.2 405.2 397.7 392 388.6 386.3 387.6 392.7 401.3 411.2 418.7 425.3 434.6 441.3 444.7 448.8 449.5 447.5 443.8 440 432.9 422.9 414.9 412.6 407.6 401.5 391 380.7 371.7 361.2 349.6 339.3 329.2 314.2 304.8 310.2 308.9 305.9 295 281.9 265.8 248.5 232.6 217.9
561 565.4 561.4 557.1 550.5 542.1 528.4 510.3 493.4 481.4 470.7 464.6 461.2 458.8 455.1 451 446.8 442.5 439.3 432.8 434.9 434.2 432.5 429.1 426.1 420 409.1 408.5 415.3 428.3 438 446 450.8 450.2 441.9 429.9 418.7 408.3 401.4 395.8 393.9 394.9 398.2 402.8 413 423.1 430.2 436.4 441.4 443 445.2 446.5 447.7 443.6 439.1 433.8 425.9 418.6 414.2 410.3 405.5 398 386.5 377 365.4 353.7 341.6 330.2 319.1 307.5 301.7 303.6 301.3 292.3 285 272.3 255.1 239 224.8
562.1 566 561.5 554.8 548.8 538.5 524.2 506.6 491.8 483 475.2 469.8 467.8 467.4 464.1 457.1 449.1 443.9 440.3 436 430.4 428.2 429.7 428.5 424.6 415.7 420.6 421.4 430.5 443.6 454.7 462.1 463.6 461.1 455.2 443.2 431 421 412.2 406.2 401.3 402.3 404.1 408.7 417.6 427.2 435.4 440.1 443.9 445.4 443.4 439.8 441.6 439.7 431.4 426.5 418.9 414.1 410.5 407.5 403.9 398.5 388.8 379.1 367.3 356.3 345.1 333.4 322.9 312.9 298.1 294.6 295.5 289.7 282.4 272.2 259 245 230.8
562.5 565.7 562.8 555.7 546.8 535.3 519.4 507.5 500 493.4 485.3 478.6 476.9 475.7 469.7 461 452.5 445.8 440.8 437.1 434 429.4 426.1 419 419.6 426.9 425.9 431.1 440.8 455.8 468.5 475.6 474.9 472.2 466.2 457.1 448.1 435.6 422.7 415.3 411.7 410.8 412.2 417.9 425.2 433.2 440.3 446 449.2 451.7 452.7 445.7 434.8 424.6 418.8 414.5 409.9 403.8 401.7 399.6 395 392.3 386.6 377.2 366.2 355.6 345.2 334.4 325 315 302.8 292.3 285.8 286.2 282.7 273.2 260.5 247.4 234.3
561.1 566.7 564.9 559.6 551.3 541.4 530.1 522 516 508.5 495.7 488.3 486.6 480.7 474.4 463.8 454.3 449.6 443.6 438.1 435.1 431.5 427.5 423.2 429.7 428.6 431.9 437.8 446.9 459.7 475.6 484.7 489.7 489.3 481.4 471 460.5 446.9 432.9 423.6 423.4 422.8 423.6 427.3 433.3 439.8 444.4 449.9 453.9 457.8 458.6 452.9 440.9 432.3 413.6 402.9 399.3 393.8 389 386.5 385.6 384.4 380 371.1 362.7 353.6 345.2 335.1 326.1 315.1 304.9 295.8 284.6 277.2 280.9 273 261.8 250.5 236.6
557.5 564.4 564.9 561.7 557.1 551.5 544.3 536 528.9 518.8 505.6 500.5 495.8 485.2 474.5 465.4 456.5 451.8 445.6 440.5 435.9 434.6 432.7 427.2 431.7 433.3 436.6 442.6 452.2 463.6 473.7 488.5 497.2 500 494.5 483.5 468.1 452.4 442.5 435.5 435.6 435.5 436.4 437.8 443.4 449.7 453.4 455.7 458.2 459.7 460.5 458.3 446.7 433.6 418.1 401.4 387.4 385.1 380 377 375.6 373.7 370 365.3 360.4 352.4 344 335.8 326.8 316.2 306.1 298.3 288.7 277.9 273.2 271.2 262.5 253.1 240.8
552.8 560.7 561.2 558.5 556.1 554.6 550.7 545.3 538.1 527.5 517.6 511 500.6 491.5 476.4 465.4 457.8 452.8 448.5 444 439.4 437 434.6 431.2 433.4 435.2 440.1 446.4 456.9 469.2 479.1 488 498.8 501.2 498.5 486.9 471.9 460.2 452.1 449.5 452.5 454.9 453.5 452.3 454.8 460.4 465.1 467.5 462.7 461.1 459.9 458.2 448.9 433.8 418.2 401.9 381.4 377.2 372.8 367 363.2 361.9 359.8 357.4 354.3 347.3 339.8 332.2 325.7 317.5 308.8 300.4 290.7 281.1 271.2 263.1 257.4 250.9 243.3
544.1 552.7 553.8 553.5 553.7 553.6 552.5 549.4 544.3 538.9 532 519.7 504.6 491.4 477.4 465.9 458.7 454.7 451.9 448.5 442.2 438.8 436.6 434.8 436.6 438.9 442.8 448.9 461 474.9 487.1 497 504.4 505.6 500.8 492 484.1 474.2 462.3 462.7 468.7 470.1 468.7 465.6 465.8 469.9 476.7 480.4 470.4 466.6 462.8 453.8 445 429.3 413 400 381.7 370.2 364.2 355.7 352.1 350.7 349.3 347.8 345.3 339.9 333.3 327.5 321.5 315.9 309.6 301.7 291.8 282.3 271.6 258.6 252.8 248.5 243.7
527.7 535.7 542.4 546.4 548.2 549.3 550.6 552.4 552.6 551.2 544.1 529.7 511.6 493.6 479.9 469.3 462.2 457.9 451.7 446.9 443.7 440.4 437.6 438.8 440.1 442.2 445.8 453.2 465.7 479.6 493.5 502.8 509.6 511.5 507.6 503.5 497.2 489 479.7 473 481.6 481.3 480.4 479.4 478 479.3 485.5 488.5 478.6 472.5 466 454.2 439.4 424.9 411.7 398.7 385.5 368.4 355.5 346.6 339.8 338.7 338.5 337.2 335.5 331.6 326.9 322.2 317.1 312.8 308.3 301.4 292.9 283.7 273.4 260.8 250.6 247.6 243.6
510.4 517.6 526.6 534.7 539.4 542.3 545.6 552.5 557.7 558.2 551 538 520 498.9 485.2 476.5 464.5 457.8 450.6 447.3 444 441.8 440.8 441.1 443.1 445.4 450.1 459.4 471.1 484.4 497.2 505.2 512.6 516.4 515 509.5 504.7 502.2 497.6 488.6 486.8 490 489.9 491.3 492.9 490.8 492.4 491.1 481.8 476 465.3 452.9 434.7 418.1 405.1 395.1 385.6 373.9 363.6 352.1 341.2 332.4 326.2 326.7 326.4 323.6 318.6 315.3 312.2 308.8 305 299.4 292.3 284.3 274.6 263.1 250.4 245.8 242.1
494 499.9 508.7 519.6 527.9 533.3 539 547.1 555.5 559.2 553.3 538.6 523.1 506.3 494.4 483 468.8 457.6 451.3 448.1 445.1 443 441.9 443.1 446.3 449.7 455.6 464 475 487 496.1 506.2 513.5 515.1 514.4 513.1 512.8 510.9 507.2 501.2 497.5 496.2 498.4 501 505.1 503.8 502.9 497.4 484.9 475.4 458 449 437.5 424.2 411.8 401.3 387.5 378.6 367.7 355.3 343.2 333.9 324.5 315.4 316.7 314.6 311.2 309 306.3 304.3 301.5 297 290.6 282.8 273.7 263 251.4 241.4 232.9
481.9 485.3 491.3 502 512.7 520.3 528 537.5 547.5 553.7 547.5 537.5 524.1 507 493.1 484.5 473.7 461 453.6 448.6 446.4 444.1 442 444.3 449.5 454 460.6 468.4 477.8 486.3 494 502.2 507.4 510.7 512.5 514.3 515.3 517.1 514 508.9 505.6 503 501.9 502.4 503.1 506.4 505.6 496.1 484.8 478.7 463.1 454.5 447.5 437 418.6 403.4 389.3 377.3 366.9 357.4 347.5 335 324.8 314.1 307.8 305.5 304.9 302.9 300.7 299.8 298.6 294.7 287.4 279.7 272.3 263.1 252.7 240.7 225.4
473.5 477.7 482.5 489.9 498.1 507 517.1 527.3 538.9 546.7 548.5 537.4 522.4 506.1 497.3 488.3 478.1 463.9 457.2 451.6 448.5 445.7 441.4 443.6 450.9 458.6 465.5 472.1 477.1 482.7 487.9 494.9 499.7 503.4 508.1 512.3 515.3 518 516.2 510.8 505.2 499.6 497.2 495.7 494.1 494.9 495.3 487.1 476.7 469.9 462.5 459 454.2 443.8 427.8 405.3 389.1 377.5 365 356.7 347.7 335.4 323.8 313.3 303.6 299.2 298.8 296.7 294.4 294.3 293.6 290 283.3 276.9 270.2 263.5 254.3 242.2 225.5
467.3 474.4 479.3 485.6 493.1 500.9 511.2 521.9 534.2 541.1 541.8 533.8 518.8 508.2 500 490.9 480.1 472.5 464.4 457.3 451.7 445.9 440.2 439.5 449.9 464 470.6 476.1 479.5 480 480.5 486 490.2 493.6 498.5 504.3 507.6 507.8 505.7 501 493.7 488.2 485.6 483.3 479.8 477.9 476.4 473.3 466.4 461.3 459.9 457.1 451.6 442.9 429.1 408.5 389.6 376 365.4 355.8 346.4 335.7 323.9 313.9 304.1 294.3 292 289.8 287.7 287.8 287 283.5 279.6 275 269.5 262.9 252 240.3 222.9
461.4 468.5 474.4 482.1 489.5 498.6 509.7 519.7 529.3 535.1 534.8 528.6 516.1 508.8 501.7 493.1 484.5 478.4 470 460 450.1 442.2 436.6 436.6 452.5 467.1 473.5 478.3 480.5 477.4 476.5 476.5 478.6 481.2 483.6 487.3 489 490 488.5 483.6 479.1 473.8 469.3 464.8 461 458.9 459.2 459.2 456.9 452.5 450.4 449.5 443.8 436.4 426.9 407.5 390.1 377.5 367.6 354.8 344.1 333.3 322.9 312.8 302.3 292.8 285.6 283.3 281.7 281.1 280.2 278.4 275.3 273 267.1 257.9 246.6 235.3 218.4
455.5 460.7 468.7 477.4 485.2 494 506.4 518.7 528.7 530.6 528.2 521.9 513 505.4 498.6 491.6 484.3 477.5 469.7 459 447.1 438.5 432.7 435.7 452.9 466 474.5 476.7 470.5 468.9 466.9 465.2 464.7 464.9 462.9 464.2 466.1 467.7 467.8 463.9 458.8 453.4 447.7 443.1 438.8 436.1 436.5 442.3 446.3 444.2 442.7 444.4 438 429.9 419.7 401.7 386.8 375.9 364.6 354.1 342.5 330.6 322 310.8 302.5 293.6 285.5 279.4 276.5 276.6 275 273 271.3 269 262 251.4 237.9 227.6 218.5
449.3 454.6 462 471.7 479.6 487.6 500.2 514.9 524.9 526.6 523.5 516 507.5 499.3 492.5 487.1 481.2 474.7 465.8 453.9 442.4 433.7 427.9 433.1 447.3 459.6 464.3 467.4 461.9 456.7 452.8 452.7 450 447.8 447.1 447.3 446.6 445.6 443.7 439.7 433.8 428.6 423.3 419.1 418.3 419.2 420.4 423.6 428.5 429.3 435.3 434.1 429.6 421.2 409.3 394.1 383.2 373.2 362.4 351.6 340 328 318.3 310.3 302.8 294.9 285.5 278 269.3 269.7 269.9 267.8 265.7 264.4 259.8 250 237.1 224.4 215.1
444.3 449.7 454.8 464.4 474.1 481.3 493.3 508.1 518.2 518.8 514.2 506.5 498.2 491.1 485.2 480.2 474.4 466.9 456.1 444.1 434.6 426.3 421 426.9 439.2 443.3 448.4 449.5 447.3 442.4 438 434.5 431.8 431.3 433.5 433.7 430.7 427.3 423.4 418.8 414.8 411 405 401.9 402.6 406.1 406.3 404.3 408.7 414.7 422.2 423.1 419.6 411.5 399.7 391.2 381.9 371.8 361.2 350.3 337.3 325.7 316.3 308.4 301.4 292.7 285 276.2 268.6 261.9 263.2 262.8 260.7 258.6 255.7 248.6 237.4 225.3 212.7
438.2 443.4 449.2 456.5 466.9 476.1 485.6 499.9 508.6 507.3 501.1 493.8 486.4 479.9 473.6 468.3 461.6 452.4 442.3 433.6 425.6 417.8 412.2 418.1 425.9 427.7 429.1 431.6 434.7 430.3 424.2 417.9 413.7 414.7 418.1 417.9 413.4 409.9 406.2 401.4 399.9 397 391.4 390.3 389.7 390.4 390.4 391 395.6 403.3 409.1 409.9 407.7 402.8 396.7 389.6 381.3 372.2 361.4 350 338.4 326.9 316.3 306.1 297.6 289.6 281.8 274.7 267.6 259.1 255.4 256.7 256.4 253.1 250 245.5 238.2 225.7 211.4
434.5 438.9 444.4 451 459.6 468.8 477.9 487.7 494.2 492.9 487.2 480.7 473.7 467.4 460.7 453.8 445.6 437.1 429.9 422.9 416.1 408.9 404.5 406.9 413.5 417.4 420.9 423.8 424.9 422.7 412.9 405.1 399.2 398.7 401.3 400.7 397.8 395.6 391.6 389.4 385.6 382.3 380.6 380.1 378.3 377.3 379 381.4 385.5 392.1 397.5 399.6 399.7 397.8 393.3 387.6 381.3 374 364.2 351.9 339.6 326.5 315.8 305 295.7 287.1 280.1 273.3 266.2 259.3 250.1 247.8 251.4 248.8 244.3 239.9 232 220.7 206.6
431.9 436 441.1 448.2 455.8 463.4 472.7 478.3 480.1 478.3 472.7 467.1 461 455 447.5 439.3 431.8 424.9 418.6 412.3 405.7 400.2 396.2 397.1 403.4 406.4 409.7 413.8 417.6 413.7 404.6 396.9 390.5 386.2 385.5 383.9 384.7 382.7 381.7 380.5 378 375.2 372.4 370 368.3 368.5 371.8 374.4 377.9 382.8 388.5 392.3 393.9 392.3 389.7 385.8 382.1 376.7 367.9 354.4 340.9 327.7 316.1 304.5 294.4 285.5 278.7 271.7 264.8 258 249.6 238.5 242.8 242.3 241.2 234.8 227 217.7 202.7
431.4 435.5 441 447.8 455.7 463.4 468.1 469.4 468.8 464.3 459.2 454.4 449.8 443.7 435.7 427.4 420.3 414.4 408.1 402 395.8 390.4 385.7 385.5 391.5 395.7 398.1 399.4 401.3 399.8 395 387.6 379.8 375.9 372.1 372.9 373.5 371.8 372.9 374.3 372.4 369.8 367.5 365 363.6 364.3 366.5 369 371.7 375.3 380.3 384.5 387 386.7 385.5 384.1 382 378 369.5 354.9 341.4 329.6 319.5 307.7 295.4 284.6 276.8 269.5 262.6 255.9 248.1 238.1 233.9 235.5 236.6 230.2 224.4 213.9 200.4
434.2 437.7 445 451.9 459 464.8 464.7 461.9 457.2 451.9 446.5 441.4 435.8 429.6 423.1 416.7 410.8 405.1 399.4 393.8 388.1 381.9 376.7 374.4 379.3 384 386.8 386.5 385 383.7 384.7 379.5 371.8 369.7 366.8 364.7 363.9 363.9 365.8 366.6 366.2 364.8 362.7 361.3 360.6 361.5 362.5 364.1 366.4 369.8 373.4 376.8 379.2 380.1 380.3 379.6 378.2 375.9 368.4 353.4 339.9 330.2 322.5 312.1 298.3 285.3 276.4 268.3 260.4 253.4 244.9 235.5 226.3 229.2 229.8 225.1 219.3 208.5 196.5
437.8 443.4 451 457.2 462.2 464.4 463 457.3 448.7 440.4 433.7 428.2 423 417.8 412.9 408.5 403.6 398.5 393 387.2 381 375 371.9 368.5 367.7 372 375.8 376.2 374.1 373.2 373.7 370.7 365.6 364.9 360.9 358.6 356.4 356.1 356.2 357.2 359 359.1 358.7 358.3 358.1 358.8 359.7 360.7 362.3 364.1 367.1 370.2 372.7 374.2 374.8 374.4 373.3 370.9 365.3 351.6 338.8 330.2 323.1 314.9 301.8 287 276.1 267.7 259.4 251.9 243.5 234.8 224.8 219 221.9 219.9 213.7 203 193.8
446.6 453 458.7 462.2 465.5 466 463.3 455.4 445.6 435.5 426.5 421.3 417.1 412.4 407.8 403.4 398.6 393.3 387.7 381.7 375.9 370.2 368.2 364.6 360.7 361.8 364.9 366.3 365.2 364.9 365.8 363.3 359.6 355.4 355 353.6 350.8 349 348.2 349.1 351.9 353.2 354.2 355.1 355.7 356.5 357 358.2 359.5 361.1 362.8 365.3 367.5 369.1 370.1 369.8 368.2 366 360.5 349.4 338.3 330.3 326 320.4 308.7 292.2 276.3 266.1 257.8 250.5 243.6 235.4 226.1 217.5 212.2 213.3 208.2 199.9 197.6
455 460.7 465.5 469.6 470.7 468.3 463.4 453.6 443.7 433.7 423.8 416.8 412.7 408.6 404.4 399.7 395.2 389.4 383 377.8 373.5 368.1 364.6 360 355.9 355.3 355.6 355.6 357.3 357.8 358.4 357.4 354.5 351.8 348.5 348.3 346 345.1 344.2 344 345.3 347.2 349.9 351.8 353.2 354 354.3 355.6 356.8 358.4 359.6 361.7 363.7 365.5 366.5 366.5 364.8 361.4 355.4 347.5 338.7 331.7 328 323.8 314 298.2 284.6 271.6 260 251.2 244.8 237.7 228.1 218 208.9 204.8 204.2 198.1 198.3
464.4 470.9 475.6 478.6 476.1 471.5 463.2 453.6 443 432.7 422.5 413.6 407.4 403.6 400 396 393.1 388.8 381.9 376.7 372.4 367.4 363.7 360.2 354.9 351.3 350.1 349.6 351 351.3 351.3 351.4 349.9 348.3 347.1 342.6 340.5 339.4 339.3 339.2 340 341.3 344.2 347.5 350.6 351.3 351.5 352.8 354.2 355.4 356.5 358.5 360.3 362.1 363.4 363.8 362.2 359.2 354.1 347.6 340.5 334.4 330.6 326.6 319 308.1 296.7 282.1 268 254.6 246.6 240.1 230.8 221.4 209.9 201.4 197.8 195.1 197.9
476.1 483.6 488.2 486.9 482 475 465 453.4 442.2 431.5 421.4 412.4 405.7 400.7 394 389.8 384.1 383.1 378.6 372.7 367.6 363.9 360.6 356.9 353.6 350.5 348.9 346.1 344.4 344.2 344.4 345 344.7 344.2 343.5 341.2 337.8 335.3 334.5 334.3 335.1 336.2 338.9 343.2 347.1 347.8 348.6 350.1 351.3 351.9 353.1 354.9 356.7 358.6 359.8 359.9 359.6 358.1 354.3 348.6 345.1 340.1 333.9 329.9 323.1 313.6 303.2 289.5 275.5 260.2 248 242.5 234.4 225.2 214.1 203.9 195.6 193 194.9
489.9 493.6 493.9 492.1 486.8 478.6 467.4 452.9 441.5 431.3 421.2 412.9 406.5 403.5 401.2 400.2 392.8 380.5 381.3 377.6 373.2 368.8 364.9 362 358 354.8 352.5 350.5 347.2 341.9 339.1 339.6 340.3 341.5 340.7 339.1 336.3 333.8 331.6 330 330.6 331.7 334.4 337.8 340.8 342.7 344.9 347.2 348.7 348.7 350.1 351.5 353 355 356.1 356.6 357.2 356.7 354.6 352.3 350.2 347.2 341.8 334.1 329.1 319 308.5 295.5 282.3 269.3 254.8 246.7 238.2 228.2 217 206.6 197 192.6 193
498.6 500 498.7 495 488.8 478.7 467 452.9 441.9 432.5 423.3 417.5 415.2 412.7 408.4 402.6 399.7 397.3 393.4 387.3 381.2 375 369.2 366.3 363.1 359.3 356.1 353.6 350.1 346.9 340.8 336.3 335.9 337.5 337.3 336.3 334.9 332.6 329.5 327.8 327.2 328.2 330.6 332.9 335.2 337.5 340.7 343.9 346.1 346.4 347.5 349.3 350.2 351.1 352.3 353.4 354.8 355.6 355.2 354.5 354.2 352.9 349.9 344.6 337 327.2 315.4 303.1 291.3 278.4 266.1 253.3 242.5 231.9 220.2 209.2 198.7 191.9 193
500.3 503.8 500.3 495.7 487.5 476.3 465 453.4 443.3 434 428.7 425.8 422.4 418.6 415.2 412.5 410.6 410 406.7 401.3 393.7 384.9 376 370.4 365.9 362 359.5 356.3 353.1 350.3 345.5 340.2 335.5 333.2 333.4 334 332.6 330.9 328.6 326.5 324.5 325.9 327.6 329.1 331.3 333.4 335.9 339.3 341.8 342.6 344.2 346 346.7 347.8 349.1 351.1 353.2 354.5 355.8 356.7 357.4 357.4 355.8 352.9 347.1 336.9 324.3 310.5 299.1 286.3 273.9 260.2 247.4 236 224.1 212.4 202.1 192.2 194.2
496.6 501.1 497.9 494.3 485.8 474.2 463.7 454.3 445 438.8 435.3 430.5 427 425.1 424.3 423.8 424.6 427 426.8 420.8 410.7 396.2 387.2 377.3 370.2 366.3 363.8 360.5 357.3 354.7 351 346.5 341.1 335.6 330.2 330.2 329.6 328.9 327.4 325.9 323.8 322.4 324.5 325.7 327.5 329.2 331.2 334.2 336.7 339.1 340.9 342.5 343.5 344.8 346.7 349 351.3 354.2 355.9 357.6 359.1 360.3 359.7 357.6 352 342.2 330.8 317.8 305.8 292.7 280.8 267.5 252.6 240.5 228.8 217.1 205.6 194.9 193.6
488.9 498.1 496.5 492.6 485 473.8 464.6 456.8 449.5 445.1 441.6 438.1 434.9 435.5 437.6 439.2 442.7 444.7 443.8 438.8 425.5 408.4 397.1 386.5 378.4 373 369.3 367 364.1 361 356.4 351.5 345.7 340.9 335.5 328.3 326.6 326.7 325.7 324.5 323.7 320.8 320.3 321.9 322.3 323.5 325.5 328.9 332.3 335.6 337.9 339.8 341.1 342.4 344.5 346.8 349 352.2 355.5 357.6 359.2 361 362.2 359.8 354.3 345.9 335.5 323.7 311.4 298.6 287 274.5 260.4 247.3 234.6 222.2 210.4 198.3 192.6
483.2 495.4 495.1 490.1 483.8 475.5 469.7 463.5 455.7 451.8 449.4 447.5 447.2 450.1 453 454.3 455.3 454.9 452.4 448.6 435.5 418 403.9 392.4 386.5 383.4 377.1 373.5 370.4 367.2 363.3 356.8 351.2 345.6 340.7 335.8 329.1 323.8 322.3 322.5 322.2 319.2 317 318 318 319.7 320.7 323.3 327.7 330.8 334.6 336.9 339 340.5 342.1 344.4 346.8 349.8 353.7 356.3 359.1 361 363.1 362.2 357.8 349 339 329 316.8 305.2 293.1 281.2 268.5 255.1 242.6 227.4 215.2 202.7 191.9
479.7 492.3 494.1 489.1 483.7 480.7 477.5 470.8 464.5 461.6 460.2 459.5 460.1 462.1 463.8 463.1 461.6 461.1 457.3 451.3 440.6 425.3 409.1 398.8 395.3 390.2 383.2 379.7 376 372 368.7 363.1 357.6 351.8 346 340.4 334.9 329.9 324.3 320.1 319.4 316.9 315.3 314.6 314.6 315.6 316.9 319 322.3 326.2 330.6 334.2 336.7 338.6 340.1 341.6 344.3 347.1 350.4 353.9 357.8 360.9 363.9 364.5 360.6 353.4 343.8 333.9 322.4 311.8 300.7 289.3 276.5 263 249.9 233.9 219.9 207.5 195.8
