UK/data/nm/nm41_OST50GRID_20230518/NM41.asc
ncols 200
nrows 200
xllcorner 140000
yllcorner 710000
cellsize 50
[rows 0 to 37 of 200, columns 0 to 83 of 200]
53.1 46 39.7 36.9 34.8 34.1 36.1 36.2 30.8 27.3 24.7 23.3 23 25.1 26.1 27.1 28.5 29.5 31.8 33.2 29.3 27.7 27.2 27.6 32.3 35.8 38.4 44.9 51.6 56.1 63 69.1 74.8 73.8 71.2 69.2 68.7 66 66.1 66.2 65.6 66.5 71.2 77.1 83 85 83.8 82.8 83.3 85.2 87.5 90.4 91.1 90 89.2 86.4 86.4 86.1 87.2 89 89.2 88.6 88.6 89.4 90.4 93.2 95.3 98.4 100.3 102.4 102.5 103.7 104.2 106.4 108.2 109.3 108.8 111.9 114.5 116.4 120.3 122.6 125.6 126.3
51.6 44.5 43.4 40.2 38.3 36.8 35.7 34.4 31.8 27.8 25.6 24 24.1 25.3 26.5 28 29.6 30 31.1 30 25.4 24.8 25.6 27.7 32.1 37.7 39.2 44.8 53.9 59.9 64.7 69.9 72.6 73.2 73.4 76.3 71.9 74.2 72.9 71.6 71 69.8 71.4 77.4 84.9 87.5 86.9 86.7 87.4 87.5 93.4 96.8 98.3 98.2 97.1 93.2 89.6 88.3 88.7 91.4 90.3 89.7 89.2 89.6 89.7 91.3 92.8 98.1 100.9 102.5 103.2 102.8 102.5 104 104.7 105.1 106 109.2 111.3 113.2 115.8 117.9 119.7 118.6
51 53.4 52.6 48.4 44.5 40.8 38.3 36.5 32.9 30.6 28.1 24.4 24.7 25.7 27.3 29.4 29.3 29.2 30.9 26.5 24.8 24.8 24.8 26.3 32.7 34.8 36.5 43.5 54.6 63.9 68 75.1 79.2 82 82.6 81.6 81.5 80.6 81.2 76.1 75.8 75.2 73.9 77.8 81.9 85.4 87.6 88.6 89.2 91.4 97.3 102.6 104.2 104.3 103.8 102.1 97.7 92.1 93.2 94.3 92.9 92.2 89.6 87.7 88.3 88.2 88.8 93.2 98.2 100.9 102.8 103.5 100.6 102 102.7 102.5 103.2 105.9 108.7 111.3 113.7 113.2 113.3 113.7
57.3 60.6 57.8 52.7 52.3 47.1 42.3 41.1 38.8 32.7 29.5 25.3 23.6 25 27.7 30.2 29.6 28.8 25.7 24.8 24.8 24.8 24.8 25.8 28.6 31 34.1 43.3 52.3 62 65.6 77 80 84.5 83.5 85.2 87.8 83.1 81.3 79.9 82.8 83.5 81 81.8 83.2 86.4 90.2 91.1 92.8 96 102.7 107.2 109.6 109.8 110.1 109.2 105.9 100.1 97.3 95.8 93.3 91.4 89.4 88.4 86.6 85.6 85.7 87.3 91.8 94.4 97.5 99.9 96.1 98.2 100.6 102.9 100.8 102.5 105.6 108.3 111.4 113 111.6 110.8
61.8 61.5 60.9 59.8 59.5 54.8 47.4 43.5 42 35.1 29.7 25.3 23.3 23 24.9 28.5 31.9 25.5 24.8 24.8 24.8 24.8 24.9 25.9 28.2 29.1 34.3 42.7 48.7 53.8 65.5 73.8 81.6 83.3 87.8 86 87.3 86 82.8 84.2 84.8 85 83.2 83.3 83.9 84.8 88.1 92 94.3 99 105.3 110.6 113.9 115 115.6 115.6 113 107.5 103.3 99.1 93.4 90.9 89.1 87.3 85.8 85.2 84.8 85 85.8 87.8 89.4 89.8 91 94.6 98.5 98.4 98.2 100.6 102.5 105.1 107.7 113.5 110.3 108.4
60.1 61 61.7 64 62.8 59.2 51.9 49.6 42.3 35.4 32.1 28.1 22.5 21.4 22.7 27.7 23.7 24.8 24.8 24.8 24.8 24.8 25.6 26.1 27.4 30.5 36 40.8 47.9 55.1 62.5 72.5 78.3 84.2 82.3 82.8 85.1 86.4 84.9 84.1 86.7 85.4 86.2 85.4 86.1 85.7 86.2 88.6 92.6 97.8 103.8 108.6 114.3 119.2 123.8 121.6 117.6 113.6 109.6 105.8 98.3 91.6 89.5 87.9 86.7 86.6 86.6 85.1 85.3 86.1 89.4 88.9 88.6 89.9 92 93.3 98 98.9 101 102.7 104.7 106.4 107.3 106.2
57.3 57.5 61.1 66.9 64.6 61.1 58.2 56.1 45.9 40.6 36.6 27.2 22.5 20.7 20.6 22.3 24.1 29.2 26.9 26.9 27.5 26 26.8 27.9 28.9 30.5 35.2 39.1 48.3 57.7 61.6 69.3 76.1 78.6 77.8 78.1 79.5 82.1 84 83.7 84.2 87.4 86 86.2 86.7 86.3 86.4 89.6 93 97.7 101.9 106.8 112.7 117.9 123.9 119.8 118.7 119.4 119.2 108.6 98.5 96.3 92.8 90.4 89.5 89.4 88.9 87.4 85.3 84.8 86.2 86.6 87.3 88 89.1 90.7 95.1 98.3 103.2 105.9 106.3 105.2 104.8 103.8
54.6 54.1 56.3 66.5 62.2 63.4 61.7 60.7 52.5 44 35.5 27.3 23.7 21.3 20.7 23.6 27.7 29 28.6 28.7 28.5 27.7 29.6 31.6 31.7 32.7 33.5 37.9 45.2 58.2 63 65.5 68.6 70.1 71 74.6 77.8 79 81.3 83.9 82.9 85.4 85.9 85.5 86.6 86.5 88.7 92.4 97.7 101.4 103.9 106.5 112 114.9 116.9 118.5 119.4 122.6 114.7 105.1 102.1 100.7 101 101.2 95.4 92.5 91.3 88.6 85.9 83.8 85 85.8 86.3 87.2 88 89.3 90.6 92.9 96.3 101.3 104.5 107.1 102.8 100.6
52 51.1 52.2 56.7 56.1 63.8 65.6 57.5 49 40.7 35 27.3 23.6 20 20.7 27.2 33.4 35.3 37 34 32.5 30.1 30.4 32.3 33.5 37.3 38.6 39.4 41.5 46.5 56.6 56.2 59.7 63.2 67.7 68.9 73 75.4 78.3 79.9 81.9 83.4 84.3 84.9 85.7 86.1 90.2 95.4 100.6 104.4 107.1 109.7 113.1 115.1 117.1 118.7 121.5 117.1 108 104.6 104.2 104.8 106.4 105.4 101 95.8 93.1 89.3 86.7 84 84.5 85 85.5 85.9 88.6 92.9 89.9 89.7 93.1 96.5 100.3 103.1 104.7 98.1
51.1 49.4 49.1 49.8 53.7 60.4 59.2 51.9 44.1 35.8 29.8 23.6 22.2 19.3 23.2 29.9 37.4 42.5 43.3 40.8 38.6 34.9 32.9 33.1 36.6 40.3 42.5 43.5 46.5 49.5 47.3 49 51.5 58.6 65.6 71.2 76 79.9 80.9 82.9 82.8 83.6 85.3 85.2 85.9 86.5 90.8 97.1 102.4 106.3 109.4 113.6 114.8 115.9 117.7 119.7 119.1 109.9 105.9 105.5 105 105.7 107.4 107.9 107.5 99.8 97.5 92.2 88.5 84.9 83.7 84 84.4 85 85.8 86.8 87.6 88.3 89.3 93.4 97.8 99.7 101.2 98.8
49.3 47.9 47.2 47.6 48.9 55.5 51.2 47.3 39.7 31.3 25.8 23.3 20.8 20.1 26.5 33.3 42.7 47.6 48.2 49.7 48.6 43.1 37.9 35.9 39.2 43.1 44.9 49.8 53.9 47.1 46.9 49.4 55.7 59.5 60.8 67.2 73.1 77.6 83.2 86.1 83.6 82.8 83.5 84.8 87.1 88 93.6 99.1 102.8 106.7 110.7 114.3 115 116.6 118.5 119.7 112.1 106 104.7 104.7 106.4 108.7 110.9 110.1 106.6 105.4 102.8 96.8 90.5 87 84.5 82.7 84.3 85.1 85.5 86.1 87.4 87.2 87.4 88.5 92.5 97 99.1 99.3
49.3 48.5 47.3 42.7 42.3 41.6 40.8 38.2 34.4 31.4 22.7 19.4 20.8 23.2 30 37.4 45.9 52.1 56.2 58.4 56.1 53.7 42.4 39.8 43 43.3 44.1 49.9 55.3 47.9 46.9 49.9 51.2 51.2 55.2 64.2 68.4 74.1 80.5 83.4 82 80.7 84.7 89.3 90.7 92.1 96.7 99 102.6 106.8 110.7 112.6 114.4 117.1 117.7 112.5 107.2 106.1 103.8 102.6 104.4 107.2 110.1 110.6 111.4 109.5 107.7 105.6 99 89.8 86.2 83.4 84.6 85.9 87.7 89 88.6 87.8 86.4 85 88.2 87.2 91.9 98.7
50.6 49.4 46 40.5 39.3 38.7 36.7 33.9 31.3 29.2 17.2 18.2 21.4 25.3 32.4 40.1 47.4 55.4 61.3 63.8 63.9 57 46.8 44.1 44.2 43.6 43.1 45.1 49 48.2 47.4 48 48.9 49.6 51.2 55.1 64.1 69 73 77.5 78.4 80.4 86.9 90.5 93.2 96 98.4 99.4 103.4 107.3 110.8 110.8 115.4 118.2 114.2 106.7 105.1 106.8 105.6 101.5 104.9 106.5 107 108 108.1 108.8 109.6 109.3 108.5 102 89.4 84 83.3 85.6 88.3 91.4 92.7 93 90.6 85.7 83.3 79.4 76 70.4
50.3 51 49 46.7 41.7 38.7 32.2 30 28.3 20.7 16.8 21.5 28.5 28.9 33 39.8 46.8 56.2 64.2 68.8 68.3 52.9 47.5 43.4 42.9 43.3 44.9 43.4 46.1 49.5 49 50.3 49.5 48.3 50.2 52 56.4 65.1 68.5 71.4 75.2 81.4 84.4 87.4 93.1 98.5 100.4 102.2 103 106 106.7 108.8 114 120.3 107.1 102.9 104.3 106.7 104.6 101.7 100.5 103.7 106.4 108.5 108 106.7 107.4 109.5 112.7 106.6 91.3 86.5 84.5 81.7 85.1 90.7 93.6 96 94.3 88.3 83.7 79 72.5 65.5
52.8 55.7 52.5 49.8 43.1 38.9 29.8 27 27.2 15.7 18.1 26.1 30.1 31.2 33.3 38.1 44.3 55.7 64.5 69.2 52.5 49 46.3 43.6 42.1 43 39.9 42.1 49.5 52.6 52.9 57.1 53.1 49.4 49.3 50.5 54.5 56.5 59.4 64.7 70.9 79.9 82.5 85.1 93.2 99 103.3 106.1 107.2 105.2 103.4 104.7 110.5 108 100.8 100.9 102.6 106.9 109.7 101.8 99.4 100.4 103.8 105.8 105.7 104.8 104.6 105.5 105.5 101.7 93.2 88.1 85.6 81.9 80.7 86.4 90.8 93 93.4 90.1 84.1 80.4 77.2 71.5
51.2 53.6 48.6 49.7 48.9 39.7 21.8 25 14.2 15.5 26.1 34.3 38.8 40.2 38.3 38.1 46.3 48.3 56.6 48.4 45.4 44.1 45 44.6 41.8 39.9 38.7 40.7 51.4 61.9 61.7 55 52.1 49.7 49.9 50.2 52.1 54.7 55.6 57.8 66.5 74.5 78.6 83.8 91.3 96.5 101.4 106.9 106.1 102.3 100.8 100.2 100.3 97.6 97.5 99.3 100.4 104.1 105.6 100.9 97.4 98.1 99.7 101.1 103.7 101.7 100.5 101.3 100.9 100.6 96.7 88.4 82.7 80.1 76 81.7 85.7 89.1 89.7 87.5 82.6 81.5 80.1 77.3
51.3 48.4 44.7 44.5 38 21.7 21.5 25 12.7 19.6 31.9 40.3 45.3 46.9 42.9 40.8 41 42.8 43.3 37.1 39.1 39.6 44.5 43.6 41.5 35 36.3 41.5 54.7 61.5 61.5 61 57.9 51.4 50.5 50.9 51.8 52.3 54.5 59 67.6 72.8 77.9 84.6 89.3 94 98 100.8 102 101.6 99.9 95.6 94.9 94.3 96.4 98.3 99.8 100.9 99.5 97.6 94.9 93.4 95.2 94.5 95.7 96.1 97.2 99.2 100.3 100.4 98.3 92.3 81.3 77.6 73.2 76.3 80.2 81.6 84.7 80.8 77.8 77.5 77.8 78
44.3 42.4 41.4 35.1 22.8 20 23.6 9.9 11 21.5 38.4 42.9 50.9 50.4 46.2 42.7 38.6 35.9 31.4 30.3 31.1 40.9 39.5 40.4 30.8 32.4 41.4 47.4 51.7 59.4 65.4 65.3 60.7 52 50.5 51.4 53 55.3 57.6 63.4 72.2 77.4 82.6 86.1 89.4 93.6 97.5 100.6 101.1 101.9 99.9 93 91.1 93.2 97.1 97.5 98.1 100.2 101.4 97.5 95.9 91.3 91.8 92.8 93.4 94 96.7 99.4 100.1 99.8 97.9 93 83 74.2 69.7 72.8 79.2 78.4 76.5 74.5 73.1 73 71.8 70.9
38.3 36.2 33.3 29.6 17.5 19.8 14.9 8.8 21 33.6 37.7 44.8 49.6 52.3 54 52 46.5 35.4 26.8 24.7 27 20 30.3 32.2 26.7 30.5 46.4 45.9 48.8 62.2 67.2 70.8 62.1 53.4 51.3 52 55.5 62.3 59.4 63.4 74.9 81.5 86.2 89.8 92.8 95.5 98.3 97.9 100.5 104.2 98.4 89.7 88.2 92.7 95.3 95.8 96.1 95.8 98.4 94.4 90.9 90.9 91.3 92.1 93 93.6 98 98.9 99.8 99.5 97.9 93.5 85.2 75.2 67.1 67.9 72.1 71 67.2 66.3 67.7 68.5 67.2 57.9
33.3 26.3 23.7 11 15.2 9.9 7.2 11.9 25.6 33.3 39.4 45.4 49.5 58.7 65.8 60.7 51.9 25.2 18.4 18.8 23 13.5 25.1 18.1 22.2 31.3 35.4 45.8 47.1 52.1 66.6 70.9 60.6 53.7 51.8 52.3 52.8 55.1 57.2 63.2 73.6 82.4 89.6 93.1 96.7 97.4 95.6 93.8 96.9 99.7 91 84.5 91.4 94 95.1 96.2 96.2 95.6 92.2 91.5 89.9 90.7 93 93 91.1 91.8 94.3 95.3 96.3 95.5 93 89.2 82.4 72.3 65.7 59.5 61.3 62.2 61.2 61.7 62.2 65.2 59.6 49
5.5 5.4 5.9 4.2 4.1 2.2 2.4 10.9 25.6 33.7 34.1 40.7 49.3 61.1 70.9 69.2 40.8 26.1 13.3 10.4 9.3 8.7 9.9 13.9 18.4 24.2 42 50.1 46.2 47.5 56.7 62.1 54 51 50.3 50.6 53.9 61 66.1 66.6 72.4 79.2 87.9 95.4 100.1 99.1 95.6 89.8 93.8 92.3 84.9 80 88.4 92.2 101 99.6 96.9 96.1 94 91.8 89.1 88.1 88.8 89 89.5 87.3 87.5 90.2 88.5 87.5 85.5 82 76.2 68.2 59.4 53.6 57.9 56 55.8 59.8 61.6 58.9 55.1 46.4
0.5 1.2 2.2 3.3 2.2 2.2 2.2 8.1 24.9 23.8 11.4 26.3 50.3 53.5 68.9 65.4 27.5 41.5 21.2 5.9 11.4 11 6.6 9.2 17.4 27.2 43.5 50.8 46.1 44.6 47.4 49.1 49.9 49.4 49 49.4 54.9 64.6 71.8 73.1 71.6 75.7 83.7 89.2 94.7 92.9 64.8 65.6 87.4 73.6 78.7 79.5 77.6 87.4 99.2 103.1 100.1 100.1 96.6 88.8 88.3 87.4 85.7 87.8 88.1 85.6 83.5 81.2 79.3 76.6 74.1 72.4 68.1 63.4 57.4 53.2 54.4 50.8 50.2 56.5 58.8 53.2 50.6 41
-1.3 -1.3 2.2 8.8 1.6 2.2 2.2 12.6 13.5 2.2 2.5 21 52.4 44.2 46 42.5 27.4 44.4 38.9 2.5 3.9 5.4 7.4 7.6 17.9 36.8 39.9 39.6 41 45.6 48.4 48.5 49.9 50.3 49.2 48.5 47.7 54.7 70.4 76.6 73.4 72.8 76.3 85.8 62.4 52.6 49.1 54.8 52.3 50.9 68.3 77.9 72.2 79.6 94.3 98.4 98 100 93.9 87.7 87.4 86.3 85.1 83.7 85.6 82.8 79.5 76.5 74.1 71.6 67.2 62.6 61.7 56.4 51.3 43.3 42.4 43.3 45.2 48.6 50.5 51.2 46 35.9
-1.3 -1.3 17 9.5 -1.3 -1.3 5.9 2.1 -1.3 -1.3 4.9 33.8 31.5 41.9 42.3 24.6 25.6 41.1 20.1 2.2 2.2 2.5 2.7 7 15.8 24.4 36 42.5 45.9 50.3 45.7 47.7 50.2 49.9 51.9 53.8 41.3 42.6 51.4 67.1 64.7 64.3 46.5 56.6 42.2 38.9 27.4 53.1 36.6 42.2 63.8 75.3 70.3 75.3 80.1 85.3 93.1 95.7 92.9 83.7 84.5 85.4 84.2 77.3 75.1 78.3 78.3 75.5 67.4 63.5 59.8 57.8 52.1 49.8 45.1 39.3 37.9 41.6 40.6 41.8 43.6 43.4 33.7 19.1
-1.3 -1.3 20 -1.3 -1.3 -1.3 5 -1.3 -1.3 -1.3 3.3 15.4 4.2 39.4 19.3 5.6 20.6 33.7 6.8 0.8 1.1 2.3 2.7 6.7 16.4 39.6 50.5 48.1 51.8 49 43.7 43.6 47.5 46.5 47.6 40.4 41.3 35.9 40.5 45.3 51.3 50.9 22.8 17.4 13.1 9.8 39.6 29.6 30.1 35.8 52.4 67.1 67.4 72.1 78.7 83.1 89.4 90.6 88.2 79.8 75.7 79.9 77 77 70.9 74.6 73.2 71.3 65.2 55.4 52 51.4 48.5 44.4 39.5 34.9 37.1 50.1 42.9 35.9 32.8 29.5 19.5 17.8
-1.3 19.9 3.8 -1.3 -1.3 -1.3 3.2 -1.3 -1.3 -1.3 1.6 3.7 1.5 -1.3 2.3 2 -1.3 -1.3 -1.3 -1.3 0.6 2.2 2.9 9.5 17.9 42.5 50.6 50.2 51.5 48.4 45.1 41.4 41 43.6 42 26 42.3 32.2 25.7 42.2 37.7 35.6 4.7 4.3 7 5.3 11.9 23.2 25.6 28.7 38.9 53.3 62.5 67.5 72.1 75.9 84.2 85.7 77.8 77.3 72 64.8 69.2 68.1 68.3 67.2 65.9 63.9 59.7 56.2 43.5 41.4 42.5 38.2 29.4 29.7 33.5 45.1 41.1 34 28.2 25.4 18.4 7.2
-1.3 -1.3 -1.3 -1.3 -1.3 -1.3 -1.3 -1.3 -1.3 -1.3 -1.1 -1.3 -1.3 -1.3 -1.3 -1.3 -1.3 -1.3 -1.3 -1.3 2.8 2.6 2.5 4.4 21.8 42.2 49.8 55.2 56.3 50.6 43.8 40.3 39.7 40.8 23.3 22.8 40.1 29.7 11.7 7.6 11.6 21.7 2.2 2.1 2.3 3.7 33 17.4 17.7 21.3 31.5 51 56.4 58.4 63.5 70.8 76.7 70.9 67.9 64.5 65 57.7 62.2 56.2 61.5 59.3 47.5 49.8 49.8 42.2 38.8 32.4 31.1 30 23.7 27 30.7 31.6 38.3 27.5 24.5 24.6 14.1 4.1
-1.3 -1.3 -1.3 -1.3 -1.3 -1.3 -1.3 -1.3 -1.3 -1.3 -1.3 -1.3 -1.3 -1.3 -1.3 -1.3 -1.3 -1.3 -1.3 -1.3 24.5 6.4 2.2 2.2 19.7 41.8 51.2 57.3 61.4 53 44.3 38.7 36.8 34.3 9.9 10.9 27.2 27.4 3.6 2.2 -1.3 -1.3 -1.3 0.1 0.8 6.8 17.8 8.6 9 15.7 37.5 49.1 55.8 57.4 58.9 65.6 68.5 60.3 64 67.2 59.5 57.7 53.5 50.4 50 40.2 37 37.5 39.8 39.5 32.9 22.5 21.4 20.2 19.4 23.8 26.3 29.6 26.9 27.2 20.1 14.9 5.7 2
-1.3 -1 -1.3 -1.3 -1.3 -1.3 -1.3 -1.3 -1.3 -1.3 -1.3 -1.3 -1.3 -1.3 -1.3 -1.3 -1.3 -1.3 -1.3 17.8 30.4 24.2 -1.3 -1.3 10.5 43.2 53.6 53.5 59.5 54.1 43 37 32.8 18.6 2.3 1.5 16.4 4.8 -1.3 -1.3 -1.3 -1.3 -1.3 -1.3 -1.3 17.3 2.8 3.4 6.2 17.4 34.2 39.9 44.7 55 56.7 60.2 46 44.5 48.6 50.9 57.9 61.3 60.6 57.7 43.3 36.4 33.3 28.3 25.3 21.6 18.8 17 17.4 14.6 16.6 20.5 23.8 28 27.2 24.9 18.2 10.1 10.4 2.1
-1.3 -1.3 -1.3 -1.3 -1.3 -1.3 -1.3 -1.3 -1.3 -1.3 -1.3 -1.3 -1.3 -1.3 -1.3 -1.3 -1.3 -1.3 8.7 17.8 26.1 -1.3 -1.3 -1.3 -1.3 30 49.4 52.1 55.8 52.2 48.7 41.5 29.2 9 -1.3 -1.3 -1.3 -1.3 -1.3 -1.3 -1.3 -1.3 -1.3 -1.3 -1.3 2.9 1 0.9 2.8 15.1 30 38.2 41 50 48.8 41.7 33.4 36.3 43.6 45.6 48 49.7 50.5 50.9 47 38.8 34.2 26.5 22.5 18.8 16.6 13.4 10.4 9.3 14.4 18.3 20.7 29 28.5 32.6 17.3 5.4 2.6 -1.3
-1.3 -1.3 -1.3 -1.3 -1.3 -1.3 -1.3 -1.3 -1.3 -1.3 -1.3 -1.3 -1.3 -1.3 -1.3 -1.3 -1.3 9.3 16.4 18.5 9.4 -1.3 -1.3 -1.3 -1.3 3.7 22.5 42.7 44.8 45.1 45 39.4 26 3.6 -1.3 -1.3 -1.3 -1.3 -1.3 -1.3 -1.3 -1.3 -1.3 -1.3 -1.3 -0.2 -1.3 -1.3 1.9 25.6 26.5 31.2 38.7 42.2 34.1 11.8 28.5 34.6 35 38.7 41.4 45.8 49 54.5 60.2 42.2 29.2 27.1 23.9 23.1 16.7 6.2 4 5.5 8.9 14.5 25.1 37 36.1 33.7 30.8 10.2 -1.3 -1.3
-1.3 -1.3 -1.3 -1.3 -1.3 -1.3 -1.3 -1.3 -1.3 -1.3 -1.3 -1.3 -1.3 -1.3 -1.3 -1.3 -1.3 6.8 16.6 20.4 -1.3 -1.3 -1.3 -1.3 -1.3 -1.3 2.3 37.5 40.7 40 30.1 23 3.2 -1.3 -1.3 -1.3 -1.3 -1.3 -1.3 -1.3 -1.3 -1.3 -1.3 -1.3 -1.3 -1.3 -1.3 -1.3 3.3 20 21.8 20 15.1 2 2 15.3 12.8 13.4 17.7 33.7 40.1 43.9 54.4 56.5 53.3 40.9 25.8 28.8 26.2 22.9 20.5 2.5 2.2 2.2 7.1 21.1 28 41.5 42.3 35.5 36.3 9.2 -1.3 -1.3
-1.3 -1.3 -1.3 -1.3 -1.3 -1.3 -1.3 -1.3 -1.3 -1.3 -1.3 -1.3 -1.3 -1.3 -1.3 -1.3 -1.3 -1.3 10.3 2.8 -1.3 -1.3 -1.3 -1.3 -1.3 -1.3 3.6 21.2 33.9 19.7 19.2 21.5 -1.3 -1.3 -1.3 -1.3 -1.3 -1.3 -1.3 2.6 -1.3 -1.3 -1.3 -1.3 -1.3 -1.3 -1.3 -1.3 12.7 9.3 5.1 -1.3 -1.3 -1.3 -1.3 1 3.7 20.2 38.4 38.5 41.6 44.2 47.7 46.1 44.3 42.1 31.8 17.3 18.7 2.7 -1.3 -1.3 1.9 2.2 7.7 22.7 40.6 43 38.2 32.8 31.9 12.2 -1.3 -1.3
-1.3 -1.3 -1.3 -1.3 -1.3 -1.3 -1.3 -1.3 -1.3 -1.3 -1.3 -1.3 -1.3 -1.3 -1.3 -1.3 -1.3 -1.3 -1 -0.9 -1.3 -1.3 -1.3 -1.3 -1.3 -1.3 0.6 3.2 6.2 27.6 25.2 11.7 -1.3 -1.3 -1.3 -1.3 -1.3 -1.3 -1.3 -1.3 -1.3 -1.3 -1.3 -1.3 -1.3 -1.3 -1.3 -1.3 3.7 -1.3 -1.3 -1.3 -1.3 -1.3 -1.3 1.3 32.2 29.9 40.5 44.1 44.1 44.2 41.3 37.9 35.1 52.6 44.6 6.8 2.6 -1.3 -1.3 -1.3 0.8 3.6 14.3 16.8 38.7 43 38.3 32.7 25.6 9.5 -1.3 -1.3
-1.3 -1.3 -1.3 -1.3 -1.3 -1.3 -1.3 -1.3 -1.3 -1.3 -1.3 -1.3 -1.3 -1.3 -1.3 -1.3 -1.3 -1.3 -1.3 -1.3 -1.3 -1.3 -1.3 -1.3 -1.3 -1.3 1.2 2.9 7.8 18.7 3.7 -1.3 -1.3 -1.3 -1.3 -1.3 -1.3 -1.3 -1.3 -1.3 -1.3 -1.3 -1.3 -1.3 -1.3 -1.3 -1.3 -1.3 -0.6 -1.3 -1.3 -1.3 -1.3 -1.3 -1.3 31.2 10.5 40 41.9 41.7 42.2 43.3 39.6 32.7 26.3 29.2 44 7.8 -1.3 -1.3 -1.3 -1.3 2.1 7 14.5 15.7 21 30.7 31.7 33.2 27.3 7.7 -1.3 -1.3
-1.3 -1.3 -1.3 -1.3 -1.3 -1.3 -1.3 -1.3 -1.3 -1.3 -1.3 -1.3 -1.3 -1.3 -1.3 -1.3 -1.3 -1.3 -1.3 -1.3 -1.3 -1.3 -1.3 -1.3 -1.3 -1.3 1.9 -1.3 -1.3 -1.3 -1.3 -1.3 -1.3 -1.3 -1.3 -1.3 -1.3 -1.3 -1.3 -1.3 -1.3 -1.3 -1.3 -1.3 -1.3 -1.3 -1.3 -1.3 -1.3 -1.3 -1.3 -1.3 -1.3 24.7 3.7 10.7 39.7 36.5 37.6 36.4 31.7 38.1 28.1 28.4 20.7 14.9 12.1 -1.3 -1.3 -1.3 -1.3 -1.3 3.2 5.9 9.6 18.6 20.5 11.8 25.6 24.9 9.2 -1.3 -1.3 -1.3
-1.3 -1.3 -1.3 -1.3 -1.3 -1.3 -1.3 -1.3 -1.3 -1.3 -1.3 -1.3 -1.3 -1.3 -1.3 -1.3 -1.3 -1.3 -1.3 -1.3 -1.3 -1.3 -1.3 3.8 5.6 -1.3 -1.3 -1.3 -1.3 -1.3 -1.3 -1.3 -1.3 -1.3 -1.3 -1.3 -1.3 -1.3 -1.3 -1.3 -1.3 -1.3 -1.3 -1.3 -1.3 -1.3 -1.3 -1.3 -1.3 -1.3 -1.3 -1.3 -1.3 -1.3 16.2 22.2 13.8 19.1 26.3 28.2 19 21.7 24.6 18.2 16.6 3.3 -1.3 -1.3 -1.3 -1.3 -1.3 -1.3 2.7 8.6 5.4 27.5 32.3 6.8 2.2 1.9 0.7 -1.3 -1.3 -1.3
-1.3 -1.3 -1.3 -1.3 -1.3 -1.3 -1.3 -1.3 -1.3 -1.3 -1.3 -1.3 -1.3 -1.3 -1.3 -1.3 -1.3 -1.3 -1.3 -1.3 -1.3 -1.3 -1.3 -1.3 -1.3 -1.3 -1.3 -1.3 -1.3 -1.3 -1.3 -1.3 -1.3 -1.3 -1.3 -1.3 -1.3 -1.3 -1.3 -1.3 -1.3 -1.3 -1.3 -1.3 -1.3 -1.3 -1.3 -1.3 -1.3 -1.3 -1.3 -1.3 -1.3 -1.3 2.1 2 2.3 14.9 18 9.3 21.6 3.6 6.5 8.7 -1.3 -1.3 -1.3 -1.3 -1.3 -1.3 -1.3 4 2.6 2.5 2.2 15.9 23.7 19.2 -1.3 -1.3 -1.3 -1.3 -1.3 -1.3
