WholeMapElevations/data/nm/nm57_OST50GRID_20230518/NM57.asc
ncols 200
nrows 200
xllcorner 150000
yllcorner 770000
cellsize 50
[rows 152 to 189 of 200, columns 84 to 167 of 200]
-1.7 -1.7 -1.7 -1.7 -1.7 -1.7 -1.7 -1.7 -1.7 -1.7 -1.7 -1.7 -1.7 -1.7 -1.7 -1.7 -1.7 -1.7 -1.7 -1.7 -1.7 -1.7 -1.7 -1.7 -1.7 -1.7 -1.7 -1.7 -1.7 -1.7 -1.7 -1.7 -1.7 -1.7 -1.7 -1.7 -1.7 -1.7 -1.7 -1.7 -1.7 -1.7 -1.7 -1.7 -1.7 -1.7 -1.7 -1.7 -1.7 -1.7 -1.7 -1.7 -1.7 -1.7 -1.7 -1.7 -1.7 -1.7 -1.7 -1.7 -1.7 -1.7 -1.7 -1.7 -1.7 -1.7 -1.7 -1.7 -1.7 -1.7 -1.7 -1.7 18.9 29.4 31.4 27 24.4 32.2 37.6 36.6 48.2 51.2 50.1 36.2
-1.7 -1.7 -1.7 -1.7 -1.7 -1.7 -1.7 -1.7 -1.7 -1.7 -1.7 -1.7 -1.7 -1.7 -1.7 -1.7 -1.7 -1.7 -1.7 -1.7 -1.7 -1.7 -1.7 -1.7 -1.7 -1.7 -1.7 -1.7 -1.7 -1.7 -1.7 -1.7 -1.7 -1.7 -1.7 -1.7 -1.7 -1.7 -1.7 -1.7 -1.7 -1.7 -1.7 -1.7 -1.7 -1.7 -1.7 -1.7 -1.7 -1.7 -1.7 -1.7 -1.7 -1.7 -1.7 -1.7 -1.7 -1.7 -1.7 -1.7 -1.7 -1.7 -1.7 -1.7 -1.7 -1.7 -1.7 -1.7 -1.7 4.2 -1.7 -1.7 5.4 27.7 28.4 23.8 24 22.1 27.7 42.8 42.9 55.8 52 47.6
-1.7 -1.7 -1.7 -1.7 -1.7 -1.7 -1.7 -1.7 -1.7 -1.7 -1.7 -1.7 -1.7 -1.7 -1.7 -1.7 -1.7 -1.7 -1.7 -1.7 -1.7 -1.7 -1.7 -1.7 -1.7 -1.7 -1.7 -1.7 -1.7 -1.7 -1.7 -1.7 -1.7 -1.7 -1.7 -1.7 -1.7 -1.7 -1.7 -1.7 -1.7 -1.7 -1.7 -1.7 -1.7 -1.7 -1.7 -1.7 -1.7 -1.7 -1.7 -1.7 -1.7 -1.7 -1.7 -1.7 -1.7 -1.7 -1.7 -1.7 -1.7 -1.7 -1.7 -1.7 -1.7 -1.7 -1.7 -1.7 -1.7 4.3 8.5 2 2.3 5.5 22.2 17.3 20.7 29.1 23.8 32.5 39.7 36.6 43.4 46.8
-1.7 -1.7 -1.7 -1.7 -1.7 -1.7 -1.7 -1.7 -1.7 -1.7 -1.7 -1.7 -1.7 -1.7 -1.7 -1.7 -1.7 -1.7 -1.7 -1.7 -1.7 -1.7 -1.7 -1.7 -1.7 -1.7 -1.7 -1.7 -1.7 -1.7 -1.7 -1.7 -1.7 -1.7 -1.7 -1.7 -1.7 -1.7 -1.7 -1.7 -1.7 -1.7 -1.7 -1.7 -1.7 -1.7 -1.7 -1.7 -1.7 -1.7 -1.7 -1.7 -1.7 -1.7 -1.7 -1.7 -1.7 -1.7 -1.7 -1.7 -1.7 -1.7 -1.7 -1.7 -1.7 -1.7 -1.7 -1.7 17.3 5.8 14 12.6 16.7 4.5 8.5 26.5 25.8 30.6 36.2 37.9 34.8 31.8 36.2 44.5
-1.7 -1.7 -1.7 -1.7 -1.7 -1.7 -1.7 -1.7 -1.7 -1.7 -1.7 -1.7 -1.7 -1.7 -1.7 -1.7 -1.7 -1.7 -1.7 -1.7 -1.7 -1.7 -1.7 -1.7 -1.7 -1.7 -1.7 -1.7 -1.7 -1.7 -1.7 -1.7 -1.7 -1.7 -1.7 -1.7 -1.7 -1.7 -1.7 -1.7 -1.7 -1.7 -1.7 -1.7 -1.7 -1.7 -1.7 -1.7 -1.7 -1.7 -1.7 -1.7 -1.7 -1.7 -1.7 -1.7 -1.7 -1.7 -1.7 -1.7 -1.7 -1.7 -1.7 -1.7 -1.7 -1.7 -1.7 -1.7 14.3 17 14.5 17.3 21.8 13.8 17.1 17.3 37.4 41.6 39.1 50.8 54.7 41.6 35.2 34.7
-1.7 -1.7 -1.7 -1.7 -1.7 -1.7 -1.7 -1.7 -1.7 -1.7 -1.7 -1.7 -1.7 -1.7 -1.7 -1.7 -1.7 -1.7 -1.7 -1.7 -1.7 -1.7 -1.7 -1.7 -1.7 -1.7 -1.7 -1.7 -1.7 -1.7 -1.7 -1.7 -1.7 -1.7 -1.7 -1.7 -1.7 -1.7 -1.7 -1.7 -1.7 -1.7 -1.7 -1.7 -1.7 -1.7 -1.7 -1.7 -1.7 -1.7 -1.7 -1.7 -1.7 -1.7 -1.7 -1.7 -1.7 -1.7 -1.7 -1.7 -1.7 -1.7 -1.7 -1.7 -1.7 -1.7 -1.7 -1.7 11.4 28.2 24.8 34.7 35.6 36.9 19.6 32.8 37.5 40.9 39.2 55 69.4 61.1 46.6 46.9
-1.7 -1.7 -1.7 -1.7 -1.7 -1.7 -1.7 -1.7 -1.7 -1.7 -1.7 -1.7 -1.7 -1.7 -1.7 -1.7 -1.7 -1.7 -1.7 -1.7 -1.7 -1.7 -1.7 -1.7 -1.7 -1.7 -1.7 -1.7 -1.7 -1.7 -1.7 -1.7 -1.7 -1.7 -1.7 -1.7 -1.7 -1.7 -1.7 -1.7 -1.7 -1.7 -1.7 -1.7 -1.7 -1.7 -1.7 -1.7 -1.7 -1.7 -1.7 -1.7 -1.7 -1.7 -1.7 -1.7 -1.7 -1.7 -1.7 -1.7 -1.7 -1.7 -1.7 -1.7 -1.7 -1.7 -1.7 -1.7 4.7 27.7 51.5 44.3 51.9 49.5 43.2 44.9 33.4 41.2 42 51.9 53.9 70.6 61.4 53.5
-1.7 -1.7 -1.7 -1.7 -1.7 -1.7 -1.7 -1.7 -1.7 -1.7 -1.7 -1.7 -1.7 -1.7 -1.7 -1.7 -1.7 -1.7 -1.7 -1.7 -1.7 -1.7 -1.7 -1.7 -1.7 -1.7 -1.7 -1.7 -1.7 -1.7 -1.7 -1.7 -1.7 -1.7 -1.7 -1.7 -1.7 -1.7 -1.7 -1.7 -1.7 -1.7 -1.7 -1.7 -1.7 -1.7 -1.7 -1.7 -1.7 -1.7 -1.7 -1.7 -1.7 -1.7 -1.7 -1.7 -1.7 -1.7 -1.7 -1.7 -1.7 -1.7 -1.7 -1.7 -1.7 -1.7 -1.7 -1.7 7.3 39.5 46.8 50.7 57.3 66.1 63 64.7 47.4 30.1 43.5 42.3 53.5 59.8 64.9 49.1
-1.7 -1.7 -1.7 -1.7 -1.7 -1.7 -1.7 -1.7 -1.7 -1.7 -1.7 -1.7 -1.7 -1.7 -1.7 -1.7 -1.7 -1.7 -1.7 -1.7 -1.7 -1.7 -1.7 -1.7 -1.7 -1.7 -1.7 -1.7 -1.7 -1.7 -1.7 -1.7 -1.7 -1.7 -1.7 -1.7 -1.7 -1.7 -1.7 -1.7 -1.7 -1.7 -1.7 -1.7 -1.7 -1.7 -1.7 -1.7 -1.7 -1.7 -1.7 -1.7 -1.7 -1.7 -1.7 -1.7 -1.7 -1.7 -1.7 -1.7 -1.7 -1.7 -1.7 -1.7 -1.7 -1.7 -1.7 -1.7 -1.7 24.3 47.4 55.8 58 63.7 73.7 65.3 70.2 52.3 33.7 39.4 49.2 47 55.4 52.3
-1.7 -1.7 -1.7 -1.7 -1.7 -1.7 -1.7 -1.7 -1.7 -1.7 -1.7 -1.7 -1.7 -1.7 -1.7 -1.7 -1.7 -1.7 -1.7 -1.7 -1.7 -1.7 -1.7 -1.7 -1.7 -1.7 -1.7 -1.7 -1.7 -1.7 -1.7 -1.7 -1.7 -1.7 -1.7 -1.7 -1.7 -1.7 -1.7 -1.7 -1.7 -1.7 -1.7 -1.7 -1.7 -1.7 -1.7 -1.7 -1.7 -1.7 -1.7 -1.7 -1.7 -1.7 -1.7 -1.7 -1.7 -1.7 -1.7 -1.7 -1.7 -1.7 -1.7 -1.7 -1.7 -1.7 -1.7 -1.7 -1.7 17.3 30.4 50.5 60.9 64.5 75.9 75.2 62.5 49 44.8 46.2 45 43 44.3 46.7
-1.7 -1.7 -1.7 -1.7 -1.7 -1.7 -1.7 -1.7 -1.7 -1.7 -1.7 -1.7 -1.7 -1.7 -1.7 -1.7 -1.7 -1.7 -1.7 -1.7 -1.7 -1.7 -1.7 -1.7 -1.7 -1.7 -1.7 -1.7 -1.7 -1.7 -1.7 -1.7 -1.7 -1.7 -1.7 -1.7 -1.7 -1.7 -1.7 -1.7 -1.7 -1.7 -1.7 -1.7 -1.7 -1.7 -1.7 -1.7 -1.7 -1.7 -1.7 -1.7 -1.7 -1.7 -1.7 -1.7 -1.7 -1.7 -1.7 -1.7 -1.7 -1.7 -1.7 -1.7 -1.7 -1.7 -1.7 -1.7 -1.7 9.4 23 42.7 61.1 65.3 84 87.7 66.8 61.2 55 42.7 38.9 42.5 43.3 42.2
-1.7 -1.7 -1.7 -1.7 -1.7 -1.7 -1.7 -1.7 -1.7 -1.7 -1.7 -1.7 -1.7 -1.7 -1.7 -1.7 -1.7 -1.7 -1.7 -1.7 -1.7 -1.7 -1.7 -1.7 -1.7 -1.7 -1.7 -1.7 -1.7 -1.7 -1.7 -1.7 -1.7 -1.7 -1.7 -1.7 -1.7 -1.7 -1.7 -1.7 -1.7 -1.7 -1.7 -1.7 -1.7 -1.7 -1.7 -1.7 -1.7 -1.7 -1.7 -1.7 -1.7 -1.7 -1.7 -1.7 -1.7 -1.7 -1.7 -1.7 -1.7 -1.7 -1.7 -1.7 -1.7 -1.7 -1.7 -1.7 -1.7 22.5 28.3 36.2 66.1 84.4 82.2 89.6 69.1 64.3 63.1 60.6 49.6 40 45.5 49.2
-1.7 -1.7 -1.7 -1.7 -1.7 -1.7 -1.7 -1.7 -1.7 -1.7 -1.7 -1.7 -1.7 -1.7 -1.7 -1.7 -1.7 -1.7 -1.7 -1.7 -1.7 -1.7 -1.7 -1.7 -1.7 -1.7 -1.7 -1.7 -1.7 -1.7 -1.7 -1.7 -1.7 -1.7 -1.7 -1.7 -1.7 -1.7 -1.7 -1.7 -1.7 -1.7 -1.7 -1.7 -1.7 -1.7 -1.7 -1.7 -1.7 -1.7 -1.7 -1.7 -1.7 -1.7 -1.7 -1.7 -1.7 -1.7 -1.7 2.9 -1.7 -1.7 -1.7 -1.7 -1.7 -1.7 -1.7 4 5.4 16.2 34.7 34 61.2 77.5 83.6 85 78.3 67.7 66.9 65.5 58.2 48.5 52.5 60.4
-1.7 -1.7 -1.7 -1.7 -1.7 -1.7 -1.7 -1.7 -1.7 -1.7 -1.7 -1.7 -0.5 -0.7 -1.7 -1.7 -1.7 -1.7 -1.7 -1.7 -1.7 -1.7 -1.7 -1.7 -1.7 -1.7 -1.7 -1.7 -1.7 -1.7 -1.7 -1.7 -1.7 -1.7 -1.7 -1.7 -1.7 -1.7 -1.7 -1.7 -1.7 -1.7 -1.7 -1.7 -1.7 -1.7 -1.7 -1.7 -1.7 -1.7 -1.7 -1.7 -1.7 -1.7 -1.7 -1.7 -1.7 21.4 23.3 11.5 12 4.4 12.9 -1.7 -1.7 -1.7 -1.7 22 25.6 16.9 36.9 38.7 53 74.8 86.9 83.8 86.7 65.1 66.6 75.4 66.7 65.7 62 69.7
-1.7 -1.7 -1.7 -1.7 -1.7 -1.7 -1.7 -1.7 -1.7 -1.7 -1.7 -1.7 2.4 4.2 -1.7 -1.7 -1.7 -1.7 -1.7 -1.7 -1.7 -1.7 -1.7 -1.7 -1.7 -1.7 -1.7 -1.7 -1.7 -1.7 -1.7 -1.7 -1.7 -1.7 -1.7 -1.7 -1.7 -1.7 -1.7 -1.7 -1.7 -1.7 -1.7 -1.7 -1.7 -1.7 -1.7 -1.7 -1.7 -1.7 -1.7 -1.7 -1.7 -1.7 -1.7 -1.7 -1.7 8.2 20.5 23.2 31.7 41.7 34.5 -1.7 -1.7 -1.7 16.5 29.5 30.8 19.6 22.6 41.8 56 66.2 70.4 84.6 83.6 82.3 65.1 73.7 83.9 83.8 73.8 81
-1.7 -1.7 -1.7 -1.7 -1.7 -1.7 -1.7 -1.7 -1.7 -1.7 -1.7 -1.7 2 19.4 17.1 -1.7 -1.7 -1.7 -1.7 -1.7 -1.7 -1.7 -1.7 -1.7 -1.7 -1.7 -1.7 -1.7 -1.7 -1.7 -1.7 -1.7 -1.7 -1.7 -1.7 -1.7 -1.7 -1.7 -1.7 -1.7 -1.7 -1.7 -1.7 -1.7 -1.7 -1.7 -1.7 -1.7 -1.7 -1.7 -1.7 -1.7 -1.7 -1.7 -1.7 -1.7 -1.7 -1.7 17.3 19.2 32.1 46.7 47.1 -1.7 -1.7 -1.7 7 33.9 31.2 23.7 25.5 45.4 65.8 69.1 64.5 81.9 83.7 88.9 70.2 79.1 90.5 96.4 79.3 98
-1.7 -1.7 -1.7 -1.7 -1.7 -1.7 -1.7 -1.7 -1.7 -1.7 -1.7 -1.7 -1.7 16.8 31.8 20 -1.7 -1.7 -1.7 -1.7 -1.7 -1.7 -1.7 -1.7 -1.7 -1.7 -1.7 -1.7 -1.7 -1.7 -1.7 -1.7 -1.7 -1.7 -1.7 -1.7 -1.7 -1.7 -1.7 -1.7 -1.7 -1.7 -1.7 -1.7 -1.7 -1.7 -1.7 -1.7 -1.7 -1.7 -1.7 -1.7 -1.7 -1.7 -1.7 -1.7 -1.7 -1.7 11.4 11.3 22.8 37.6 42.2 36.3 2.4 4.9 10.1 31.5 37.5 26.3 36.6 37.6 62.2 69.5 65 72.3 92.7 80 81.1 74.9 97.6 104.1 95.9 100.1
-1.7 -1.7 -1.7 -1.7 -1.7 -1.7 -1.7 -1.7 -1.7 -1.7 -1.7 -1.7 -1.7 17.4 25.1 38.1 14.1 -1.7 -1.7 -1.7 -1.7 -1.7 -1.7 -1.7 -1.7 -1.7 -1.7 -1.7 -1.7 -1.7 -1.7 -1.7 -1.7 -1.7 -1.7 -1.7 -1.7 -1.7 -1.7 -1.7 -1.7 -1.7 -1.7 -1.7 -1.7 -1.7 -1.7 -1.7 -1.7 -1.7 -1.7 -1.7 -1.7 -1.7 -1.7 -1.7 -1.7 -1.7 5.7 14.4 18.6 34.8 38.3 28.9 3.1 3.7 11.7 28.8 32.5 31.4 34.6 40.9 46.5 53 64.6 77.8 82.2 86.2 76.6 75.5 93.9 103.2 108.8 106.6
-1.7 -1.7 -1.7 -1.7 -1.7 -1.7 -1.7 -1.7 -1.7 -1.7 -1.7 -1.7 -1.7 4.1 29.3 36.2 38.3 14.4 -1.7 -1.7 -1.7 -1.7 -1.7 -1.7 -1.7 -1.7 -1.7 -1.7 -1.7 -1.7 2.9 -1.7 -1.7 -1.7 -1.7 -1.7 -1.7 -1.7 -1.7 -1.7 -1.7 -1.7 -1.7 -1.7 -1.7 -1.7 -1.7 -1.7 -1.7 -1.7 -1.7 -1.7 -1.7 -1.7 -1.7 -1.7 -1.7 -1.7 7.4 25.2 26.5 40.8 44.2 39.2 14.3 5.3 12.2 27.1 32.9 43.5 36.6 47.8 45.1 48.8 66.4 73.6 88.7 82.9 82.6 80.8 85.9 101.3 108.1 121.1
-1.7 -1.7 -1.7 -1.7 -1.7 -1.7 -1.7 -1.7 -1.7 -1.7 -1.7 -1.7 -1.7 1.6 18.6 37.4 40.1 40.3 4.4 1 -0.2 -1.7 -1.7 -1.7 -1.7 -1.7 -1.6 -1.7 -1.7 -1.7 -1.7 2.4 16.1 2.2 -1.7 -1.7 -1.7 -1.7 -1.7 -1.7 -1.7 -1.7 -1.7 -1.7 -1.7 -1.7 -1.7 -1.7 -1.7 -1.7 -1.7 -1.7 -1.7 -1.7 -1.7 -1.7 -1.7 -1.7 1.5 20.4 23.5 37 49.4 48.6 30.5 11.5 15.2 29.8 44.1 48.9 59.1 46.2 50.8 55.1 63.4 77.8 79.8 89.8 97 84.8 83.2 98.6 111.2 116.1
-1.7 -1.7 -1.7 -1.7 -1.7 -1.7 -1.7 -1.7 -1.7 -1.7 -1.7 2.1 1.7 2.3 26.7 28.2 37.8 41.7 27.5 6.6 1.7 0.9 2.4 -1.7 -1.7 -1.7 1.4 -1.7 -1.7 2.8 3 9.4 23.7 2.8 0.8 -1.7 -1.7 1.8 5.3 -1.7 -1.7 -1.7 -1.7 -1.7 -1.7 -1.7 -1.7 -1.7 -1.7 -1.7 -1.7 -1.7 -1.7 -1.7 -1.7 4.4 6.2 2.6 6.6 7.8 14.3 30.1 33.4 53.3 36.4 11.2 20.4 27.1 42.6 55.7 68.7 74.6 66.9 79 78.1 79 91.2 90.9 108 94.3 84.4 98.9 121.6 129.4
-1.7 -1.7 -1.7 -1.7 -1.7 -1.7 -1.7 -1.7 -1.7 -1.7 -1.7 2.4 2.4 2.4 19.5 25 34 44.2 50.1 47.1 32.7 21.7 23.5 2.2 1.7 5.7 4.5 1.2 0.4 6.9 14.2 19.4 26.1 21.6 3 0.6 -1.7 7.2 6.6 -1.7 -1.7 -1.7 -1.7 -1.7 -1.7 -1.7 -1.7 -1.7 -1.7 -1.7 -1.7 -1.7 -1.7 -1.7 1.6 10.7 23.4 17.5 19.4 19.1 18.1 21.2 28.7 37 38 24.8 25.2 41.2 43.9 54.5 69.6 83.6 93 78.5 100.6 98.1 98.4 105.1 102.1 110.6 111.3 94 114.9 128.4
-1.7 -1.7 -1.7 -1.7 -1.7 -1.7 -1.7 -1.7 -1.7 -1.7 -1.7 3.3 5.9 0.6 -1.7 23.8 28.9 37.5 53.1 52.5 41.1 35.1 31.3 22.9 20.4 27.3 8.8 2.4 2.5 8.1 19.4 23.7 33.3 19.7 8 7 16.3 31 24.6 -1.7 -1.7 -1.7 -1.7 -1.7 -1.7 -1.7 -1.7 -1.7 -1.7 -1.7 -1.7 -1.7 -1.7 1.4 7.8 34.5 31.2 32.7 24.8 31.4 29.3 28 29.6 29.2 34.3 23.6 25.4 35.5 51.6 62.2 69.1 89.8 93.5 98.7 85.7 96.1 115.2 113.1 117.7 106.1 102.9 91.3 104.9 119.6
-1.7 -1.7 -1.7 -1.7 -1.7 -1.7 -1.7 -1.7 -1.7 -1.7 -1.7 3.7 8 6.6 -1.7 7.4 22.9 31.4 54.8 61.1 53.7 39.3 36.3 32.6 24.1 31.4 20.5 8.2 14.8 18.2 21.1 25.5 31.4 22.9 14.9 13.5 23.8 35.5 30.1 7.9 18.6 25.4 1.9 -1.7 -1.7 -1.7 1.8 4.7 2.6 2.2 1.7 -1.7 10.5 9.2 16.5 33.5 43.9 40.2 37.6 33.7 36.6 51.3 44.8 36.3 30.5 26.8 16.2 32.2 46.2 61.7 75.1 83.7 103.7 100.6 93.4 95.2 109 121.7 113.1 111.4 112.7 99.5 93.3 105.5
-1.7 -1.7 -1.7 -1.7 -1.7 -1.7 -1.7 -1.7 -1.7 -1.7 -1.7 4.9 10.1 13.8 -1.7 -1.7 12.9 28.3 47.8 60.3 56 52.6 42.2 39 32.7 34 23.9 20.8 24.5 28.4 28.7 39.1 38.2 29.3 21.6 23.5 32.3 40.5 31.3 25.9 22.5 28.5 35 11.9 11.5 3.5 4.2 11.8 11.2 13.1 5.6 20.4 30.7 41.5 40.3 46.8 51.2 58.6 55.5 41 43.9 49.4 51.3 47 41.8 36.8 19.3 22.7 36.6 52.6 79.9 85.6 88 107 104.6 107 109.2 121.9 133.1 130.6 115.5 104.4 100.7 98.7
-1.7 -1.7 -1.7 -1.7 -1.7 -1.7 -1.7 -1.7 -1.7 -1.7 2.2 9.4 12 14.2 17.6 -1.7 -1.7 22.9 38.3 51.1 50.6 50.4 43.1 34.3 39.8 37.6 25.8 29.3 27.5 32.9 31.7 37 47.8 48.9 31.3 29.9 38.4 42.7 44.3 31.2 25.4 28.6 43.5 33.6 21.8 19.9 9.9 21.3 17.1 19.6 18.3 36.3 45.8 47.1 45.7 51.2 59.3 60.8 67.8 55 52.6 53.7 55.1 49.7 47.7 46.2 30.5 23 30.1 46.8 70.9 89 90.6 104.1 119.4 109.5 124.3 132.3 135.2 137.5 141.1 122.2 104.2 102
-1.7 -1.7 -1.7 -1.7 -1.7 -1.7 -1.7 -1.7 -1.7 -1.7 1.7 12.9 13.6 14.3 22.1 5.8 -1.7 -1.7 38.1 46.7 42 37.2 37.1 29.5 38.1 44.2 29.4 28.3 33.3 32.8 46.3 37.6 49.8 46.7 47 38.5 52.8 49.2 51 41.6 35.1 32.2 43.6 45.6 28.6 35.7 31.2 29.1 24.1 20.5 27.9 43.3 55.8 60.3 52.6 55.1 67.6 70.8 71.7 67.2 65 67.4 69.1 59 60.5 51.6 34.5 26.7 35.5 50.9 55.2 72.8 82.8 90 102.7 109.8 118.9 128 138 144.5 144.5 144.9 114 118.8
-1.7 -1.7 -1.7 -1.7 -1.7 -1.7 -1.7 -1.7 -1.7 2 2.4 6.2 15.6 19 20.2 19.8 5.7 -1.7 30.3 46.4 32.5 33.9 33 28.6 37.2 40.5 44.6 33.7 32.8 35.6 44.4 44.2 45.1 46.8 61.8 52.3 55.8 59.6 55.6 47.1 41.9 38.3 42.3 52 41.6 42.2 48.9 43.8 36.6 31.6 37.5 71.2 77.7 79.4 67 70.5 72.1 85 82.1 79 83.3 78.4 77.9 69.6 68.4 63.6 39.7 34.2 39 56.9 72 74.3 110.5 121 118.9 107.4 121.5 138.7 139.8 155.9 161.8 152.7 137.5 131.8
-1.7 -1.7 -1.7 -1.7 -1.7 -1.7 -1.7 -1.7 -1.7 10.3 5.6 7.5 22.4 20.4 23.4 15.8 12.2 -1.7 24.1 30.1 29.9 32.4 27.6 27.3 31.4 41.5 44.6 50.8 37.3 39.1 38.5 51.2 48.4 48.1 51.7 67.1 65.9 63.3 55.4 51.9 45.3 50.2 46 54.3 55.6 48.1 55.3 50.2 45.7 41.7 43.1 73.8 88.4 88.6 80.1 82.5 89.8 88.8 96.8 94.7 101 110.9 95.1 81.1 78.7 73.7 50.9 38.4 35.5 54.5 75.3 92 114.6 129.7 126 128 112.1 137.5 157.1 157.4 169.9 166.9 144.6 136.1
-1.7 -1.7 -1.7 -0.5 -1.7 -1.7 -1.7 -1.7 -1.7 7.8 15.7 13.1 14.7 25.1 20.6 12.9 11.6 -1.7 20.4 30.9 29 27.2 25.9 25.1 25.6 30.4 40 46.5 52 46.2 38.7 42.7 51 61.7 55.5 64.2 73.7 70.5 63.3 52.8 48.1 50.7 53.1 61.7 62.3 69.6 60.9 65.3 61.6 51.9 54.1 87.2 86.8 91 92.7 97.6 106.8 106.4 101.8 102.7 103.8 115.6 113.6 102 100.7 84.3 64.6 42.1 44.5 51.5 80.6 100.9 113.4 126.3 131.7 126.3 132 124.3 143 171.3 188 177.1 174.3 150.4
1.9 -1.7 -1.7 2 1.8 0.8 2 -1.7 -1.7 6 7.6 8.8 19.6 21.7 21.3 13.6 13.4 -1.7 -1.7 28.5 29.1 29.2 24.2 23.5 23.5 25 30.4 37.7 42 50 46.3 45.9 51.5 65.7 64.3 62.5 75.7 74.3 71.1 59 52.9 55 57.8 70.7 70.5 77.9 82.3 74.7 79.8 67.2 64.4 87.7 100.7 97.9 99.6 105.7 113.1 121.7 115.7 110.5 107.8 116.3 121.1 113.4 114.1 109.8 81.5 56.3 52 77.9 91.4 93.9 113.9 124.5 133.4 128.9 141.4 137.4 145.2 161.3 178.4 186.8 180.7 166.2
10.6 3.9 2.6 2.4 2.5 2.9 3.9 -1.7 -1.7 7.1 7.9 9.7 24.2 25.8 30.4 15.2 17 22.2 -1.7 27.7 38.3 30.1 22.7 23.1 23 23.1 24.8 29.4 37.2 47.7 58.9 51.8 48.5 50.9 74 74.5 71.9 70.2 69.5 69.4 57.3 58.2 56 64.5 77.4 84.9 90.9 86.4 89.9 80.8 76.4 85.5 103.9 108.1 111 117.3 126 128.4 129.2 128.9 119.6 116 123.8 121.1 124.7 119.5 95.5 66.5 52.8 85.2 111.4 109.6 110.2 122.8 137.9 133.2 137.2 151.1 145.8 166.6 179.3 185.5 186.5 180.2
29.9 22.5 13.9 13.9 3.7 3.2 3.7 2.5 7.4 9.2 10.2 12.7 27.1 26.6 27.5 25.1 28.6 32.1 -1.7 -1.7 27.5 26.2 23.1 22.8 23.3 24.4 24.6 29.5 34.9 50.6 65.3 57.5 49.9 50 73.5 80.3 88.3 83.9 69.5 70.5 69.8 64.5 62.8 72.2 84.7 88.4 94.9 98.6 96.6 95.2 82.1 88.3 107.3 111.8 118.6 132.7 135.3 135.5 135.4 135.1 127.8 118.5 125.4 129 125.2 125.1 107 79.7 86 92.8 115.9 123.6 124.4 123 135.9 144.2 139.3 145.3 146.9 160 178.9 195.8 196.9 191.3
40.7 30.9 22.9 17.2 12 6.3 5.8 6.7 7.3 8.5 12.8 13.8 27.5 30.3 26.3 25.8 36 37.1 32.1 -1.7 -1.7 23.4 22.4 23.4 24.7 25.6 25.8 33 39.9 49.1 61.6 62.4 54.4 51.2 66.9 81.7 80.7 88.8 83.2 77 73.2 73.3 64.4 78.9 86.9 91.9 99.3 108.6 114.4 107.5 97.2 85.8 106.8 117.7 129.4 134.5 146.3 146.9 139.4 136.9 128.4 120.8 127.2 130 126.9 126.1 118.4 96.3 95 103.6 127.6 127.3 145.1 151.5 136.1 147.7 152.5 143.8 144.5 157.9 166.7 195.4 208.7 198.1
43.2 39.8 32.1 26.4 14.9 8 8.2 12.4 11.3 6.7 11 14.2 31.3 36.9 30.7 30.3 36.1 40.9 39 31.7 -1.7 2.4 20.9 22.9 25.2 26.7 27 32.7 41.2 48.8 59.7 63.2 62.3 55.9 61.1 82.6 80.8 87.9 84.6 81.6 80 75 70.9 83.2 90.4 93.6 103.3 113.6 117.7 121.7 111.9 94.1 103.2 131.1 135.8 143.9 150.6 149.4 147.5 140.8 143.3 130.7 128.1 132.1 132.5 128.2 120.9 105.7 102.2 103.1 123 140.8 151 159.5 161 155.6 151.9 148.4 151.3 145.8 166 199.7 205.1 213.3
51.9 41.1 38.1 29.4 26 14.8 13.5 17.8 13.3 8.3 8.8 17.1 35.9 45.3 34.1 29 33.6 42.5 42.2 41.9 25.9 24.9 21.4 22.8 25.9 27.9 28.2 34.1 42 44.3 57.7 66.4 59.1 59.7 60.6 76.6 76.5 83.1 88.2 85.3 81.3 77.6 82.9 82.6 92.5 96.2 104.6 113.9 116.3 122.1 121 110.6 111.2 134 142.8 147 156.2 159.4 159.8 155.3 146.6 134.5 132 133.2 131.4 129.6 125.1 113 103.7 101.4 119.5 142 159.1 161 177.3 171.8 155.8 153.4 166.5 158.7 154.8 176.7 201.6 212.8
50.9 47.5 43 32.7 30.1 24.9 18.7 19.3 14.5 9 11.6 24.4 39.1 42.2 35 31.1 33.2 34.3 43.2 44.5 34.8 28.5 21.4 21.6 24.5 27.9 29 30.8 40.9 48.7 50.5 58.6 55.4 59.5 65 67.9 76 79 90.6 87.7 84.2 82 94.3 95.8 100.3 97.2 103.6 113.4 116.7 118.9 127.8 127.2 114.6 129.3 141.1 150.7 172.7 166.8 159.8 156.4 150.8 145.6 133.7 138.3 138.6 138.3 135.5 120.4 106.7 104.4 115.2 147.4 169.6 182.6 179.1 184.3 178.4 164.3 164.2 166.6 169.7 180.7 184.7 198.9
58.9 55.1 55 35.4 34.3 33.7 22.7 20.2 19.6 9.9 12.2 20.6 37.6 45 41 38.8 34.7 33.4 42.4 44.8 37.7 31.8 30.4 23.4 23 25.6 29.8 30.8 40.5 45.7 51.9 56.7 53.9 53.9 64.6 73.4 70.6 83.7 88.5 89.5 87.2 91.6 93.9 97.6 104.9 99.6 104.4 108.8 115.8 119.5 131.5 132.8 125.1 139.2 141.6 152.6 168.6 174.8 176.2 162.8 166.7 158.7 141.9 145.1 151.2 142 138.9 132.9 115.5 110.5 129.4 150.8 159 180.4 187.9 184.5 193.8 192 188.5 176.6 183.4 191.6 188.9 209.2
