UK/data/ss/ss98_OST50GRID_20230518/SS98.asc
ncols 200
nrows 200
xllcorner 290000
yllcorner 180000
cellsize 50
[rows 140 to 174 of 200, columns 0 to 79 of 200]
40.6 43.6 47.5 51.1 53.6 56.1 58.5 61.4 64.2 66.5 68.8 72.2 75.1 76.5 78.8 81.2 86.1 89.6 92.1 92.8 95.1 97 98.7 100.3 101.6 103 105.1 107.4 109.1 110.5 112 113.3 114.6 116.4 116.7 117.8 118.7 120.1 121.2 122.6 123.6 124.3 124.8 125.3 126 126.7 127.4 127.9 129 128.8 128.3 128 127.3 123.9 121.4 120.8 120.1 120.5 120.4 121.7 124 125.2 126 126.1 126.3 126.5 128.1 130 131.8 133.5 135.2 136.7 138.4 140.2 138.1 140.8 142.3 141.6 142 140.1
38.1 42.4 46.9 50.6 54.1 56.9 59.3 61.8 64.6 67.3 69.2 75.4 75.7 77.2 79.2 82.3 85.5 89 92.9 92.9 98.3 99.9 102 103.9 106.1 108 109.4 111.1 112.1 114.3 116.4 118 119.4 122.8 121.3 120.6 120.4 120.9 121.7 122.9 124 125 126.9 127.9 128.2 128.6 129.1 129.3 129.4 128.8 128.1 127.7 126.6 119.8 117.2 116 115.7 116.5 116.1 117.9 120.2 121.7 122.8 122.5 122.3 122.5 124.2 125.5 127.2 129 131.5 133.8 136.1 138.9 139.5 144.5 144.6 142.5 144.5 140.1
34.7 42.4 45.6 49.7 53.7 57.1 59.8 62.7 65.1 67.3 69.7 72.5 75.4 77.5 79.8 83.2 86.3 88.9 91.9 93.4 92.9 102.1 106.5 110.7 113.5 116.6 117.8 116.6 117.1 118 119.7 121.6 123.9 124.8 124.3 123.2 122.2 121.7 122.3 122.9 123.9 125 126.9 128.8 129.6 129.7 129.4 128.8 128.1 127.5 126.9 126.3 123.8 119.7 117.2 115.5 113.3 114.4 114.6 116.1 117 117.6 118.3 119.5 119.3 120.5 122.1 123.8 125.4 127.2 129 131 134 136.2 137.6 138.9 139.2 138.6 138.3 138.9
39.8 50.7 51.5 52.9 54.4 55.3 58.9 59.5 61.5 63.4 65.4 67.4 69.3 71.1 73.2 76.2 79.7 82.9 87.6 92.5 86.8 88.7 91.9 106 112.7 116 116.6 117.5 118.2 118.5 120.1 121.5 122.2 122.1 121.6 120.6 120.2 120.7 121.2 118.2 115.9 115.3 114.5 115.2 117.6 120.9 125.3 126.6 126.2 125.4 123.4 121.3 119.2 117 114.7 112.8 111.7 111.7 113 114 114.4 114.9 115.6 116.4 117.4 118.9 121.2 122.7 123.9 125 126.6 129.7 132.2 133.8 134.5 134.5 134.6 134.4 133.5 133.5
33.4 36.1 36.8 45.9 49.4 53 56.7 59.6 62.8 64.9 67.3 69.9 73.5 74.7 74.6 76 77.7 79.1 80.7 82.8 84.8 86.8 88.4 90.1 91.8 93.4 96.9 104.1 110.1 113.8 116.6 117.8 115.2 113.1 107.6 106.3 107.5 108.6 109.6 110.8 113.3 115.1 116.5 116.6 116.3 115.9 114.8 114.9 115.4 115.3 117.9 117.2 115.3 112.8 111.4 110.3 109.3 108 109.2 110.7 111.7 112.3 113.4 115.1 115.5 116.9 118.3 119.5 120.4 121.9 123.7 125.6 127.4 128.8 128.5 128.4 128.1 127.8 126.7 124.3
32.1 32.5 32.4 39.7 47.8 51.3 54.9 58 60.5 63.3 65.8 68.6 78.4 78.5 78.3 79.3 79.1 83.1 85.1 87.8 91.9 91.5 90.9 91.6 93.7 94.1 95.8 97.4 99 100.3 101.6 102.8 104 105.3 109.1 110.8 110.5 110.9 111.2 111.4 112.4 114.4 116.7 117.7 120.4 120.9 121.3 120.7 119.1 117.8 116.4 115.2 115.1 113.5 109 107.9 106.9 105.8 106.8 107.8 108.8 110.2 112 113.5 113.4 114.8 115.8 116.4 117.4 120.1 122.7 125 125.9 125.7 124.5 122.6 120.6 119.5 117.7 116.4
31.1 31.6 31.6 38.4 39.7 50 53.3 57.5 60.6 63.3 69.2 73.9 78.7 78.7 78.9 79.3 79.4 83.8 85.3 86.4 90.1 91.6 92.4 98 102.9 103.1 104 104 103.8 104.5 105.2 105.4 106.1 107.5 107.7 107.6 107.1 107.6 108.7 108 109.9 110.8 113.4 114.8 116.1 116.4 116.6 115.9 114.8 113 111.7 109.9 107.4 110.9 114.9 114.7 113.2 107.4 104.6 105.7 106.6 108.4 109.9 110.9 111 112.5 113.4 113.5 115.5 118.4 120.8 123.6 125.2 125.1 123.4 121.2 119.1 117 114.7 112.6
31 30.4 28.5 31.5 40 49.1 53.5 58.3 61.2 65.3 73.5 75.5 79.2 78.9 79.1 79.4 79.8 82.5 85.6 88.1 89.4 90.5 92.2 95.1 98.2 98.5 99.8 99.3 98.9 99.8 101.7 101.8 101.1 103.2 104.3 105.6 106 104.4 104.2 104.4 107 107.7 107.5 109.4 110.9 111.5 111.6 110.9 109 107.2 106.4 105.3 104 103.4 102.9 103.2 108.8 113.7 112.9 113 112.9 112.8 111.4 107.9 108.4 109.8 110.5 112.3 114 116.3 118.5 120.8 121.3 121.9 121.7 120.8 119.5 117.5 115.2 112.8
30.9 30.5 28 31 38.8 48.4 53.8 58.3 61.9 68.4 73.9 77.6 78.9 79 79.9 80.7 81.3 85.1 85.8 87.2 88.2 89.9 92.1 94.2 95 95.3 95.9 96.4 96 98.3 96.5 96.8 97 98.5 98.7 98.6 98.2 98.2 98.5 99.8 102.8 106 104.5 104.8 105.8 106.8 106.6 105.3 104.1 103.3 102.5 102.5 101.4 100.7 100.1 100.3 100.2 99.7 99.8 101.3 102.9 104.6 107.3 109.2 111.5 110.8 110.3 109.6 111.9 114.3 116.9 118.9 119.2 119.4 117.7 117.2 116.1 115.5 115.6 112.7
33.5 30.5 27.5 30.3 37.4 45.9 52.5 58.9 63.4 67.1 67.7 76.2 78.8 78.9 80 81.1 82.2 84.4 84.9 85.7 88.8 89.6 94 93.4 92.8 92.4 92.3 92.9 93.7 95.8 93.8 95.8 95.5 96.7 97.3 97.9 97.2 97.3 96.5 97.5 99.8 104.3 102.9 101.1 102.3 101.9 102.6 101.9 100.8 100.2 99.6 98.9 98.5 97.5 97.1 97 97.4 97.1 98.3 99.5 100.6 101.3 102 102.4 102.5 103 104.8 108.2 108.4 107.7 106.9 115.8 116.9 117 115.3 113.6 112.2 111.8 111.3 110.2
34.6 29.9 27.5 29.7 31 38.4 48.8 57 63.8 69 73.1 73.1 73.3 76.7 80 81.3 82.7 84.1 84.7 85.8 88.4 90.3 92.3 92.8 91.3 90.2 90.4 90.6 91.3 93.2 92.7 93 93.6 95.1 94.3 94.5 94.1 93.7 93.8 94.9 98.3 100.7 99.1 97.7 97.3 99.4 99.1 98.6 98.2 97.7 96.8 95.9 95.2 94.9 94.5 93.8 95.1 95.1 96.4 97.2 97.6 98.9 99.6 100.2 99.9 100.2 102.1 103.1 105.2 107.5 108.3 105.4 104.6 112.3 112 110.3 109.3 108.8 107.8 105.5
34.3 29 28.5 29.7 29.8 35.4 47.1 54.3 61.1 67.7 73.4 77.7 80.7 81.8 81.6 81.5 83.4 84.6 84.8 86.6 88.6 90.7 93.9 94.2 90.9 89.7 89 88.4 88.4 90 93 92.7 92.2 92.5 92.9 92.8 92.8 92.2 92.1 92.7 94.8 96 94.2 94.3 95.4 95.7 96.2 96.3 95.7 94.9 94 93.2 93.1 92.8 92.7 90.9 92.3 93 93.7 94.4 95.6 96.4 96.6 97.1 97.1 97.7 98.2 99.3 101.3 103.9 105.2 106.9 107.7 102.9 102.3 105.7 105.2 104.9 104.4 103.3
34.2 28.3 28.4 29 29.3 30 43.5 54.6 60.4 65.2 70.9 78.6 83.8 87.7 88 88 86.5 86.7 85.9 87.6 88.6 88.7 89.6 91 89 87.6 87.5 86.5 85.1 85.5 88.1 90.2 90.7 90.8 91.6 92.1 91.3 91.3 91.9 90.7 90.4 89.7 90.4 91.4 93.3 94.3 94.4 94.3 94 92.8 91.5 90.9 90.6 90 90 89.4 89.4 89.4 91 92.1 93 93.6 93.6 93.6 94.5 95.4 95.7 96.5 97.8 100.8 102.9 104.5 105.3 105.6 102.3 99.2 100.9 100.6 100.2 98.8
32.6 29 27.3 28.7 29.1 29.4 35.4 44.5 60 66.3 70.3 75.8 82.6 89.5 93.1 92.5 92.3 89.4 87.1 87.9 87.9 86.4 86.6 87.3 86.2 85 84.3 83.5 83.2 83.2 83.8 84.3 84.5 85.4 85.9 86.2 86.7 87.2 87.3 87.5 87.3 87.1 87.3 88.4 90.6 92.8 92.6 92.4 92.3 91.1 89.8 88.5 88.1 87.6 87.2 86 86.4 87 88.8 90.5 91 91 91.4 92 92.8 93.3 94.2 95.3 96.1 98.2 100.2 101.6 102.6 103 102.1 100.1 97.4 96.8 96.5 95.4
30.8 28.5 26.6 28 28.4 28.8 29.2 40.6 55.9 67.9 74.4 77.5 81.5 86.2 91.5 93.4 93.7 91.5 88.4 87.1 86.7 84.8 84.9 83.3 82.7 82.2 81.9 81.3 81.8 81 80.3 80.9 81.8 82.9 83.1 83.3 83.5 84.5 84.7 85.1 84.4 84.2 84.4 85.9 88.2 92.5 92.8 92.2 91.6 89.7 88.3 86.9 85.8 85.5 84.6 83.1 83.4 84.6 87 88.3 88.6 89.2 89.8 90.4 91.1 91.4 92.2 93.1 94.3 95.3 97.6 98.6 99.1 99.7 99.6 99 96.9 95.5 94.4 92.2
29.9 29.4 28 26.8 27.4 28.2 28.3 38.7 55 68.2 77.4 81.4 83 85 87.2 89.3 90.7 90.1 88.9 86.7 86.2 84.4 83.6 80.9 80.2 79.7 79.1 79.1 78.7 79 77.6 77.7 79 79.8 80 80.3 80.5 81.4 81.9 82 81.6 81.6 82.2 84 86.4 90.5 93.7 93.3 90.9 89.1 87.1 84.9 83.4 82.5 81.6 80 80.3 83 84.9 86.2 86.7 87.5 88.2 88.8 89.2 89.4 90.3 91.4 92.6 93.7 94.8 95.4 96 97 97.2 96.6 94.7 93.9 93.3 92.1
29.8 29.6 28.9 26.5 27.5 27.7 27.9 27.9 49.5 66.5 75.4 80.3 83 83.3 84 84.9 86.1 86.8 87 86.2 86.5 85 83.3 80.1 77.8 77.2 76.7 76.1 75.5 75.4 75.6 76 77.1 77.5 77 77.3 77.6 78.7 79.5 79.7 79.3 79.6 80.2 81.7 85.1 88.8 92.5 93 90.2 89 86.1 81.5 80.5 78.7 76.9 77 79.1 80.6 82.3 83.6 84.4 85 86 86.6 87.3 88 88.9 90 91 92 92.7 93 93.5 94.3 94.7 94.4 93.2 92.6 91.9 91.1
30 29.7 29.3 28.2 26.7 27.8 27.7 27.4 40.1 61.5 71.1 77.9 81.1 81.5 81.3 81.7 83.1 83.2 83.7 83.4 83.1 82.6 81.9 78.5 75.8 75 73.9 71.7 70.7 71.4 72.4 72.5 72.4 72.2 74.2 73.7 74.9 75.8 76.6 77.3 77.4 78 78.8 80.2 84 87.3 90.8 91.7 88.9 87.4 84.7 80.9 78.1 75.2 73.7 74.4 76.5 77.7 79.1 81.2 82.5 83.9 84.5 85 85.8 86.5 87.6 88.6 89.8 90.5 90.5 90.9 91.2 91.6 91.2 90.7 90.8 91.2 91.3 91.1
30 29.6 28.8 28.1 25.9 27.8 27.6 28 37.2 56.9 65.1 74.8 79 79.9 80.2 79.2 79.6 79.8 80.2 80.6 79.2 78.5 76.7 74.6 73 72 70.8 69.2 69.1 69.6 70.5 71.2 71.3 70.4 71.3 71.4 72.5 73 73.7 75.1 75.9 76.6 77.9 79.9 83.9 87.4 90.2 92.1 88.8 86.7 84.3 80.5 76.1 72.3 70.3 70.8 72.2 72.5 74.6 79 80.5 82.2 83.1 83.5 84.3 85.1 86.1 87.3 88.5 89.3 89.3 88.9 88.6 88.7 87.6 86.8 87.2 87.8 88.9 90.7
29.6 29.7 29 28.1 26.5 26.4 27.5 27.6 31.8 54.8 61.3 71.2 76.4 79.3 79 77.2 76.4 76.6 77.7 78 76.8 75.3 73.6 71.6 70.7 69.7 68 67.5 67 66.5 66.5 66.6 66.4 66.3 66.5 69 70.1 70.9 71.6 73.5 74.4 75.9 77.4 80.6 83.8 87.1 90.1 90.2 88.7 86.6 84 80 74.9 70.7 67.7 67.3 68.1 69.4 71.4 75.8 78.4 80.1 81.1 82.2 83 83.8 85 86.2 87.4 87.9 87.9 87.8 87.2 85.9 85.4 84.8 84.5 84.9 86.2 87.2
29.6 29.6 29.3 28.4 27.3 25.5 26.9 27.1 28.4 46.4 56 68.2 72.1 75.7 77.7 75.3 75 74.9 75.7 75.7 73.9 72.9 70.8 69.7 68.6 66.7 64.6 64.3 64.5 65.9 66.3 66.3 66.2 66 66 66.7 67.6 68.2 69.8 73 73.5 76 79.4 81.9 84.7 87.5 90 89.6 87.8 84.3 82 78.2 73.8 69 65.4 65 65.8 67.1 69.5 73.2 76 77.9 79.6 80.4 81.8 83 84.3 85.4 86.4 86.9 87.2 86.7 86 84.8 83.8 82.6 81.7 81.1 82.1 82.1
29.3 29.1 28.7 28.5 27.5 25.6 25.6 26.3 27.7 43.1 47.1 61.6 67.7 71.4 73.6 73.4 72.8 73.2 73.6 73 71.2 67.9 68.7 66 64.6 61.5 61.1 61.9 62.1 65.8 66.1 66.1 66 65.7 66.8 64.2 65.1 66.7 68.4 70 72 75.9 80.1 82.6 86.1 88.9 90.9 89.4 90.4 84.3 79.8 75.7 72.8 67.7 63.7 63.2 63.6 65.1 67.7 70.9 73.8 76 78.1 78.8 80.3 82 83.9 85.3 86.5 87.2 87.7 87.3 87.2 85.1 83.4 81.8 80.4 79.2 78.1 77.6
28.1 27.9 27.8 27.5 26.4 26.1 25 26.1 27.3 41.2 45.1 53.3 60.5 65.5 69.1 69.4 69.8 69.9 69.3 68 66.5 64.8 65.1 64.9 62.1 59.9 59.6 59.4 59.6 59.8 60 60.6 60.2 60.6 61 62 63.3 65 67.4 69.6 72.9 76.5 80.4 83.5 86.8 89 91.2 90.8 91 88.7 84.2 79.6 74.5 69 63.3 61.2 61.9 64.3 66.2 69.7 72.4 74.2 76.6 78.7 80 81.9 83.8 85.4 86.7 87.7 88.7 88.9 88.2 86.4 84.2 81.8 80.2 78.2 76.7 74.2
26.1 26.1 26.1 26.2 26 25.6 24.8 25.4 27.2 41.2 43.5 48.9 55.6 60.3 64.5 65.6 65.9 65.8 64.8 64.7 63.2 61.7 60.2 66.6 61.1 58.9 57.6 57.2 57.6 58 58 58.1 58 58.2 58.3 59.9 61.9 64.5 67.9 70.8 74 77.2 80.4 83.2 86.1 88.3 90.3 90.1 88.9 88 87.6 85.2 78.2 72.2 63.5 59.1 61.4 63.3 65.3 68.3 70.9 72.7 75.7 78.7 80.3 81.9 84.1 85.8 87.5 88.6 89.5 90.4 88.9 88 85.9 82.7 80.7 78.6 76.3 72.6
25.3 25.6 25.6 26.1 25.9 25.9 26.6 24.8 28.5 41.4 43.1 46.7 49.9 56.8 60.1 60.9 62.4 62.9 61.9 61.6 59.9 58.2 57.6 59.6 57.5 57.1 55.6 55.7 56.3 55.6 55.8 55.8 55.7 55.9 56.5 58.2 60.9 65 68.5 71.2 73.7 76.7 80.2 82.9 84.7 87 88.1 87.2 85.7 85.4 85.5 85.3 82.9 73.8 64 57 59.2 61.5 62.8 65.5 68.5 72 76.3 79.3 81.2 82.7 84.2 85.9 87.4 87.9 88 89.2 88.6 88.5 87.4 85.1 82.5 80.1 78 73.7
25.3 25.5 25.3 25.4 25.7 26 25.6 26.7 38.8 39.5 42.3 44.9 47 52.1 55.5 56.9 58.5 59.8 59 58.5 57.2 55.9 55.2 54.9 57.5 54.7 54.1 54.2 54 53.1 53.1 53.1 52.7 52.6 53.7 56.9 60.5 64.6 68.3 70.4 73.1 76 78.7 81 81.4 85.2 85.4 84 82.6 82.4 82.2 82.2 81.5 73.8 63 55.3 56.1 58.6 61.5 64.2 68.1 73.1 79.8 82.7 83.7 84 84.5 85.3 86.4 86.2 85.8 87.5 87.2 87.4 87.1 85 82.5 80 78.5 76.9
25.2 25.4 25.6 24.9 25.7 24.5 25.3 34.3 39.7 39.5 42.2 43.1 45.2 48.5 51.4 53.1 55.3 56.7 55.9 56.2 55.6 54.3 53.4 53.1 55.7 51.4 52.2 52.4 51.6 50.6 50.7 50.3 50.1 50.6 51.2 55 59.1 62.4 67.4 69 71.5 74.6 76.5 78.3 79.2 81.5 81.9 80.2 78.2 77.8 77.4 78.6 78.8 72.7 61.9 54.3 53.8 54.9 61.3 65.1 69.2 74.4 79.4 81.1 82.8 83.4 83.8 84.4 84.9 83.7 81.8 83.8 84 85.3 86.3 84.2 82 80 79 79
25.1 25.3 25.5 25.4 23.2 26.7 29.2 38.5 39.9 39.4 41.6 42.7 44.1 47 48.2 49.7 52.5 54.4 53.1 53.8 52.9 52 51.6 51.1 50.9 49.7 50.9 50.4 49.7 49.7 49.2 48.7 47.9 48.7 50.1 53.6 56.7 60.1 63.6 66.5 70.5 71.8 73.2 74.7 74.9 76.9 75.9 72.8 72.1 72.1 72 73 74.2 69.3 60.9 54 52.1 52.8 60.9 66.9 71.4 73.5 76.8 79.1 80.6 81.8 82.6 83.7 84.2 81.2 78.4 79.4 79.8 81.6 84.5 82.8 80.2 79.1 78.7 79.3
25.2 24.9 24.7 23.3 25.8 26.8 28.9 35.7 39.2 39.1 40.9 42.5 43.5 45.3 45.9 47.4 49.5 51.4 51.8 50.9 50.7 50.1 49.6 49 48.4 47.5 48.2 48.9 49 48.5 47.7 47 46.3 47 48.7 51.8 55.1 58.5 62 65.4 68.8 69.5 70.2 70.5 70.6 72.1 71 69.8 69.7 69.2 69.2 69.4 69.7 66.7 59.7 54.6 50.5 51.9 61.7 66.8 69.9 73 75.4 77.1 78 78.7 80.1 82.4 83.5 80.7 73.9 74.6 74.2 77.9 82.8 80.7 79.1 78.3 79 78.9
25.1 25.2 24.8 23.1 26.6 27.4 27.9 32.9 37.3 39.1 40.7 41.6 42.4 43.4 43.7 45.2 44.8 46.6 49.9 48.6 48.7 47.3 46.7 45.8 45.5 45.5 46.4 46.6 47.2 47 46 44.8 42.9 45.3 48.4 51.6 54.2 57.4 61.7 65.4 68.7 69.4 68.4 68.6 68.4 68.8 68 67.4 67.4 67.4 67.3 67.4 66.8 65.5 60.7 54.5 49.5 52.8 67.2 67.8 70 72.4 73.8 74.8 75.8 76.4 77.6 79.6 78 73.9 65.7 64.2 66.4 74 78.9 78.3 77.7 78.2 79.2 78.7
24.4 25.6 22.4 23.4 25.3 27 27.6 31.4 35 38.8 40.9 41.2 41.7 42.1 42 42.2 43.3 45.2 46.9 47.3 46.8 46.1 45.8 45.3 44.1 44 44 44.2 44.5 44.6 44.4 43.9 43 44.5 48 50.5 53 55.1 58.7 61.3 62.4 63.6 63.4 63.4 64.1 64.8 68.5 64.8 65.7 66.5 67 67.4 67.5 66.3 63.1 52.4 49.3 52.5 65.6 66.8 69.5 70.7 71.1 72.7 73.7 74.8 75.1 74.1 70.1 65.6 61.2 59.7 61 66.3 70.2 71.8 75.3 79.6 81.2 79.8
22.6 22.5 24.2 24.3 25.8 26.6 27.4 28.9 33.4 38.4 40.6 40.4 40 40.6 40.8 41.3 42.9 44.5 44.9 45.6 44.9 44.4 44.3 43.6 43.4 42.2 42.3 42.5 42.4 42.3 41.6 40.9 40.8 41.7 42.9 48.6 51 53.3 55.2 56.7 57.7 58.2 59.8 61.2 62.3 62.2 61.8 61.9 63.4 66.4 67.4 67.5 68 66 63.2 58.3 50.2 49.1 60.7 62.5 65.4 67.6 68.1 69.4 71.4 73.4 73.8 71.6 67.6 63.5 58.9 57 58 59.8 62.1 64.2 72.5 80.7 83.6 80.2
23.2 24 25 25.2 25.6 26.4 27.1 27.9 31.8 38.1 38.5 39.6 40.2 40.5 40.4 40.6 41.5 42.5 43.1 43.3 42.9 42.6 42.2 42.2 40.2 40.6 40.9 41.2 40.6 40.8 40.3 39.9 40.1 40.5 41.8 47.5 49.9 51.7 53 53.9 54.9 55.6 57.1 59.1 60.3 60.6 60.5 59.6 59.7 63.2 65.7 66.1 65.3 63.6 59.9 54.3 46.4 46.5 52.5 56.2 59.1 61.5 65.4 67.7 70.6 72.6 72.4 70.5 66.7 61.7 56.9 54.8 55.5 57 58.5 61.2 65.8 79.1 83.3 80.3
24 24 24.2 24.4 24.8 25.8 26.4 27.3 30.5 37.7 38.7 39.5 40 40.2 40 40.3 40.9 41.8 42.5 42.3 41.9 41.5 40.9 40.1 39.2 39.1 39.3 39.5 39.6 39.4 38.7 38.6 39.4 39.8 40.7 45.4 47.3 49 50.2 51.2 51.9 53 54.7 56.3 57.4 57.6 58.5 58 56.4 59 61.3 63 62.2 60 54.5 47.3 44.7 46.5 49.3 52.5 55.3 57.9 64.5 69 70.7 71.9 71.9 71.1 67.4 60.6 55 53.5 55.5 58.1 60.8 63.5 64.2 69.9 76.9 76.7
23.8 24 23.9 23.8 25 25.5 26.1 26.8 30 37.3 38.9 39 39.2 39.4 39.5 39.8 40.2 41 42 41.6 40.6 39.5 38.6 37.9 38.5 37.5 35.4 39.5 38.2 38.7 38.3 38.3 38.9 39.3 40.1 42.6 44.7 46.5 48.1 48.8 49.4 51 53.1 54.1 55.7 56.7 58.7 57.6 56.8 54.5 56.1 58.1 58.4 54.9 49.4 44 46.9 54.1 53.3 51.5 55.1 58 64.4 68.3 70.5 71 72.4 72.5 68.3 60.4 52.3 55 59.1 61.8 63.5 66.5 69.9 66.8 69 72.8
