UK/data/nj/nj30_OST50GRID_20230518/NJ30.asc
ncols 200
nrows 200
xllcorner 330000
yllcorner 800000
cellsize 50
[rows 0 to 34 of 200, columns 78 to 155 of 200]
358.8 364.6 372.5 381.3 389.3 400.1 410.6 418.4 425.1 433.9 435.5 431.7 420.3 402.9 385.3 367.3 352.3 340.9 332.4 323 310.8 307.7 304.6 309.6 310.3 311.3 318.5 327 336 342.3 354.7 361.6 367.1 368.7 372.3 374.6 377.4 380.4 382.8 385 392 399.2 406.5 414.2 422.6 429.3 436.3 443.9 452.4 461.8 471.8 479.9 487.8 491 491.9 493.7 494.5 495.4 496.1 495.8 494.9 493.1 490.7 487.7 484.6 481.6 478.1 473.4 468.9 463.2 457.5 452.7 447.3 444.6 441.1 440.3 441.2 445.3
361.7 367.8 376.3 382.8 391.5 403.3 414.9 422 426.4 431.1 433.7 431.3 421.9 406.4 392.2 374.1 358.3 344.5 334.5 324.4 311.6 308.5 303.2 309.9 310.8 313.6 317.1 331.7 339.4 349.1 364 373.2 378.2 380 382.2 382.8 384.7 387.4 389.1 392 395.6 401.3 407.9 415.2 421.8 428.7 437.2 445.1 453 462 471.2 478.7 486.6 491.5 493.8 494.9 495.8 496.4 496.7 496.6 495.3 492.2 489.5 486.4 483 479.6 477.8 471.5 466.1 460.4 454.7 450.4 445 439.2 434.6 432.1 432.7 436.5
365.4 370.6 377.5 383.7 394.9 405.3 414.4 422.5 425.9 427.9 429 426 419.4 407.2 391.7 375.8 360.5 347 337 323.2 312.9 310.9 303.7 305.1 310.4 313 319.6 329.8 340.3 356.5 370.7 380.9 386.7 390.2 391.6 392.3 392.9 393.2 393.6 397 400 405.1 409.8 417.1 423.6 430.4 438.2 446.3 453.3 462.3 470.7 479.8 488.6 492.9 496.2 497.1 498 498.1 498.2 496.6 495.2 492.3 488.2 484.4 480.8 477.3 472.5 465.8 461.2 456.6 451.9 446.8 439.6 432.5 427.9 423.5 424.5 427.2
369.4 374.6 381 386.9 395.8 405 414.2 420.5 422.6 423.3 422.7 419.9 413 400 388.6 374.8 361.8 348.4 337.2 327.1 313.8 310.5 304.6 307.6 311.5 313.4 319.2 328.1 343 359.2 373.9 384.6 392.5 397 399.9 399.6 399.7 399.8 400.9 402.6 407.1 411.6 415.7 420.4 425.8 432.4 439.5 447.8 455.4 464.5 475.8 485.3 492.4 496.6 499.5 500.3 500.7 501 499.3 497 495.3 492.2 487.8 482.2 477.4 472.6 466.4 460.1 455.5 450.5 445.5 440.1 433.4 426.7 419.5 414.5 416.1 419.8
376.7 379.6 383.5 388.2 396.2 404.8 411.9 417.1 418.7 418.9 416.3 411.7 404.3 393.6 383.9 375.8 364.3 350.8 338.6 328.7 316.3 312.6 305.8 308.4 309.2 314.4 320.1 334.8 344.1 360.1 375.4 386.4 395.5 401.8 406.3 408.3 407.9 409.3 409.4 410.2 413.6 417.2 421.2 425.8 430.5 436.5 442.6 451.1 460 471.5 484.2 493.8 499.7 503.5 504.9 503.7 503.7 502.4 499.6 497.3 494.8 490.1 484.8 478.8 473.2 467.2 460.5 454.2 449 443.9 439.4 433.2 428.8 419.9 412.5 409.2 408.3 412.6
383.4 385 387.3 390.7 396 402.8 409.3 414.5 415.4 414 410.1 405.1 396.8 388.6 381.7 374.8 363.9 350.4 337.9 327.7 316.4 311.8 306.4 306.3 308.8 315.5 323.9 337.3 347.9 365.4 376.8 388.2 397.8 405.7 413.3 416.1 419.1 420.1 421.1 421 420.5 423.7 427 430.7 434.7 441.5 448.1 456.4 466.9 479.1 494.3 505 509.7 513.2 512.4 509.5 506.7 504.7 500.8 497.5 494 488.3 482.3 475.5 469 460.6 451.9 447.5 442.5 439 435.2 427.7 420.2 412.5 406.6 403 403.4 406.2
389.7 390 390.9 393.6 397.6 403.6 408.3 413.4 412.5 410.5 406.5 398.6 391.5 383.6 378 369.7 359.2 348.4 337.1 325.8 314.6 311.8 308.6 306.9 309.5 317.5 322.9 340.8 353.6 367.9 378 389.5 399.8 409.2 418 424.4 430 434 435.6 434.3 432.2 433.3 434.2 436.1 440.6 446.8 452.6 462.9 474.4 487.3 501.5 512.4 518.6 520.8 518.6 514.1 511 506.4 502.1 498.3 493.2 486.6 476.6 470.7 461.5 451.9 445.4 442.1 436.4 431.9 426.2 419.5 411.4 404.8 400.3 397 397.9 401.8
395.8 395.5 396.4 397.9 400.9 404.4 408.6 410 410.3 407.5 403 394.4 385.2 377.7 370.9 363.1 354.7 345.8 335.1 324.3 313.8 309.6 311.5 308.9 308.2 318.6 325.9 341.1 357.3 368.4 378.7 390.9 401.9 412.4 421.2 430.5 441.1 449.3 454.6 455.5 452.7 447.2 445.5 445.4 448.3 457.1 464.8 472.4 482.8 494.4 506 517.3 524.9 527.8 524.5 520 513.6 508.3 503 497.7 492.6 484.2 473.9 463.3 455.1 446.9 440.8 434.6 430.5 423.6 417.7 409.7 402.7 397.9 394.8 393.8 394 396.3
403.3 402.8 402.7 403.5 405.8 409.2 412 411.6 407.5 404.9 399.2 390.5 381.6 373.5 366.8 359.2 352.1 343.9 333.2 322.5 314.4 311.5 311.1 312 310 318.9 337.8 347 357.4 368.8 379.8 390.6 402.9 414.5 424.4 437.3 450.3 460.5 468.4 472 471 466.6 463.5 462.9 464.8 469.8 475 480.9 487.8 497.4 508 517.9 527.7 529.6 528.1 523.8 516.8 509.9 504.5 498.3 490.4 481 471.2 459.8 450 441.9 434.6 429 421.8 414.4 407.8 399.8 395.7 393.1 391.9 391.1 391.2 393.2
414.3 412 410.7 410.5 411.8 413.6 415 412.7 410.1 402.2 396.2 389.3 381.1 372.9 364.1 356.1 350.5 342.8 334 319.1 314.6 312.1 313 313.1 317 319.2 331.5 345.3 356.6 368.7 378.5 390.6 403.3 415 426.2 440.3 456.6 469.3 478.6 483.4 485.4 484.1 481 479.3 478.9 478.8 480.7 484.2 489.2 496.4 504.4 512.7 521.5 526.1 528.1 525.8 519.6 512.6 505.6 499.1 490.3 482 470.4 457.9 447.5 438.2 428.2 421.5 412.7 405.4 400.3 395.4 392.2 391 390.5 390.5 390.5 390.6
427.1 424.7 419.4 418.6 418.4 419.4 418.7 417.1 412.3 405.3 398 389.7 381.1 372.9 363.4 355.1 348.8 340.2 330.7 321.4 315.3 312.9 314.4 313.4 314.6 323.8 326.5 342.8 355.4 367.6 376.4 389 401.9 413.1 423.8 439.9 454.8 468.9 479 486.1 490.5 492.2 491.3 490 489 486.5 485.5 484.4 486.2 489.5 496.1 503.1 510.3 516.7 522.8 523.8 519.5 511.6 505.6 498.6 491.2 481.5 469.1 456.1 443.5 433.7 423.3 412.8 405.2 398.3 394.3 391.9 389.4 389.1 388.4 387.7 387.8 388.1
436.8 434.1 428.9 426.9 427.9 427.6 425.7 422.9 416.6 408.2 400.3 392.1 381.6 372.3 363.2 356 349 341.2 333.2 323.6 315.4 314 314.8 315 319.6 323.7 325.3 338.7 353.3 364.5 374.5 385.5 397.8 408.8 419.2 433.2 448.1 462 473.1 481.1 486.7 491.3 495.8 495.6 492.9 489.7 485.9 481.6 479.6 482 485.6 492.4 498.9 505.4 512.1 516.8 514.1 507.2 503.2 497.4 490.1 478.2 465.6 450.8 438.2 426.2 415.1 405 396.3 391.6 387.6 386.1 385.1 384.6 384.8 384.8 384.9 385.5
443.2 442 436.9 435.3 436.2 434.8 431.6 427.5 419.2 410.4 402.7 394.6 384.1 373.2 364.3 358.2 350.8 342.6 336.9 324.8 320 315 318.3 319.2 321.5 322.7 327.7 340.1 351.3 360.6 372.3 381.4 392.8 403.1 415.6 427.2 440.8 452.8 465 473.7 480 486.1 493.2 494 488.5 486.1 481 474.2 471.5 473.5 476.2 480.1 485 490.8 498.1 503.9 503.1 500.3 497.3 493.8 486.1 473.9 459.3 440.5 426.8 415 406.1 398.7 390.3 384.8 380.8 380.7 380.6 381.3 382 382 382.1 383
445.2 443.8 441.1 441.1 441.4 440.1 435.5 431 421.7 412.6 403.7 395 384.8 374.1 366 358.8 350.6 342.7 335.5 326.1 322.2 316.3 319.4 321.4 322.8 325.7 326.3 334.4 345.7 352.7 361.6 373.4 386.5 396.4 408.9 421.2 433.1 445.1 456.8 465.5 472.6 481.3 487.8 488.9 481.7 477.2 471 466.3 465.2 467.9 468.7 470.7 472.6 477.2 482.7 488.4 488.6 489.7 488 483.6 475.3 462.1 447.4 430 418.6 408.6 400.1 392.1 384.5 379.4 375.6 375.5 375.5 377.7 379.1 379.2 379.1 379.8
443.4 443.2 442.8 444.6 445.8 443.3 438 432 422.6 413 403.8 393.4 383.4 373.4 365.9 358.3 348.8 342.9 333.9 328.3 318.9 318.6 320.7 326.6 324.3 324.5 327.2 331.2 341 354.4 353.3 361.1 381.9 391.3 400.8 411.3 422.6 434.7 446.1 455.2 466.3 476.4 482.2 481.1 476 470.2 463.1 459.6 458.9 458.3 458.5 460 462.2 464.1 470.1 473.8 477.6 477.6 474.4 469 461.9 450.3 435.6 421.5 411.8 401.8 393.7 387.6 379.7 372.6 370.1 370.3 370.4 371.4 374 374.5 374.3 375.7
439.8 441.4 443.1 445.2 446.1 444.1 438.4 430.4 421.1 411.8 401.9 391.4 381.1 372.6 364.8 357.3 350.4 343.9 331.3 327.3 320 320 325.6 328.1 328.2 330.4 329.2 330.4 335.7 348 361.1 362.2 376.9 388 397.2 405.3 414.3 425.2 436.7 445.8 457.1 469.1 475.4 474.2 469.3 463.9 456.5 453.6 451.7 451.7 450.5 451.5 452.2 455.1 457.5 461 465.1 466.1 463.9 457.2 448.8 439.2 425.2 413.9 404.6 396.1 388.7 381.5 375 369.8 368.3 367.8 367.4 367.2 369.5 370 369.9 371.7
435.8 438 441 443.3 444 441.8 435.9 428.5 419.4 409.7 397.6 387.5 379.8 372 364 357.7 350.7 342.8 330 323.8 321.2 321.7 328.9 329.6 325.5 328.7 329.8 336.3 340.1 342.8 352 361.2 373.8 384.5 393.5 400.7 409.9 419.2 429.4 438.3 451.3 461.8 466.6 465.9 462 456.8 451.6 446.6 444.1 444.7 442.8 442.7 444.6 444.3 446 449.5 453.7 453 450.6 446.1 438.2 429.1 417.5 407.6 398.6 392.5 385.7 378.5 371.9 368.5 367 366 366 366.6 367 367.4 367.7 368.1
432.8 435.5 438.7 440.5 440.3 438.6 432.6 425.1 417.1 406.4 393.3 385.3 377.9 370.8 363.7 356.9 348.7 333.7 325.4 323.8 323.6 332.6 332.5 332.3 326.9 329.3 332 334.3 340.2 344 346.9 353.7 367.3 381.1 390.4 398.1 406.1 414.7 424.7 433.4 444.5 453.7 459 459.2 455.7 452.2 447.7 441.6 438.3 436.3 436 435.9 435.5 435.3 436.5 438 442.5 444.1 442.4 438.5 432.6 424.5 412.3 401.6 394.6 388.6 383 376 371.2 367.9 366.2 365 365.4 366.1 366 366.3 366.7 366.6
431.2 433.2 436.3 437.8 436.9 434.7 430 422.5 414.3 402.3 389.8 382.7 375.7 367.7 360.3 352.5 342.8 341.3 325.7 329.5 326.9 331.7 330 334.2 331.8 330.9 332.7 335.2 338.6 343.3 345.6 350.3 361.8 375.5 387.4 396.3 404.3 411.4 420.7 429 439.6 446.8 452 453.4 451.6 446.8 442.8 437.4 434.3 431.2 429.3 429 428.4 427.7 427.9 430.4 432.8 435.3 434.9 432.6 427.1 417.8 405.9 396.3 390.4 385 379.7 374.8 369.9 367.9 366.2 365.2 365.3 365.5 365.1 365.2 365.3 365.7
431.4 432.6 433.8 434.4 432.8 430.6 426.5 419.9 411.4 399.5 388.2 379.8 373 364.5 360.5 355.5 349.5 346.4 329 327.4 327.8 328.6 328.6 332.8 332.3 334.2 337 339.9 343.8 344.7 344.9 349 356.7 370.2 381.7 392.7 400.7 408.8 419.2 427.1 433.8 440.2 444.6 447.8 448.1 443.8 438.5 433.9 430.3 427.4 424.8 422.2 421.5 421 420.9 421.3 422.9 425.5 425.8 424.3 419.3 409.4 398.5 391.9 386.4 381.3 376.7 372.6 369.5 367.4 365.6 364.3 364 364.1 364 364 364.1 364.3
432.1 432.5 430.3 430.8 429.9 425.7 422.4 418 407.1 393.2 385.6 377.4 370.3 364.7 358.9 352.2 349.5 347.1 338.4 332.8 329.8 330.5 330.5 335.6 334.2 334.2 339.2 343.4 347.4 346.4 346.1 348.6 353.3 364.4 376.4 386.7 396 404.8 415.9 424.6 431 435.2 439.2 442.5 443.3 441.8 437.9 432.9 426.8 424.1 421.5 418.6 415.7 415 414.6 412.2 413.2 414.8 413.9 413 407.9 399.8 391.5 387.4 382.3 378.8 375.2 372.2 369.2 367 365.1 364.7 364.1 364.1 364 363.6 363 362
436 434.5 432.4 429.8 426.4 422.6 419.2 416.3 407 396.1 386.8 379 370.5 362.9 354.2 351.1 349.8 348.3 344.6 337.1 331.2 331.4 334.2 339.8 335.4 338.5 343.6 347.4 347.5 346.6 347.3 350.2 355.6 360.5 371.2 381.5 391.6 400.4 410.4 418.4 427.4 431.8 435.4 439.6 444.1 445.5 441.7 434.7 427.5 421.4 419.1 415.6 412.3 410.6 409 407.5 405.7 404.1 402.6 401.1 397.7 390.9 386.8 383 380.3 377.4 374.7 371.9 369 366.5 366 365.7 365.1 364.5 364.6 365.4 365.5 364.8
439 438.1 436.1 433.2 428 423.3 420.1 417.2 408.5 396.6 385.8 375.8 367.2 364.7 359.3 352 351.4 350 348.2 338.3 332.5 337.2 342.4 342 338 341.7 344.8 348.7 347.7 347.5 351.5 355.5 352.6 361.2 365.7 376.7 387.3 396.4 405.3 414.8 423.1 429.7 433.9 439.3 444.7 447.2 445.9 439.5 429.3 423.9 418.3 414.1 410.1 408.3 405.5 402.7 400.2 398.2 395.8 393.4 390.2 387.6 383.8 381 378.8 376 373.4 371 368.8 367.1 367.1 367.5 368 367.9 367.8 367.8 367.5 366.7
444.7 441.7 439.2 436.4 432.4 426.5 421.4 418.7 412.5 397.8 390.7 384.6 376.7 368.1 360.1 354.8 352.7 351 353.2 343 335 349.1 351.5 350 344.1 341.5 345.8 349.4 350.3 351.8 351.3 354.3 353.4 360.4 365.9 375.3 384.2 393.7 403.1 411.6 420.5 428.2 434.5 439.2 443 446.6 446.3 442.7 434 425 419.8 414.9 410.8 406.1 401.7 398.8 395.9 393.5 391.8 389.4 387.1 384.6 381.5 379.3 377.2 374.7 372.1 370.5 369.9 370.2 370.6 371.2 372.2 372.9 372.9 371.6 371 368.7
449.2 446.6 442.3 438.5 434.8 430.4 425.1 419.6 414.6 406.8 399.7 391.7 383.8 372.8 365.9 361.4 356.8 355.2 355.2 346.1 343.7 351.5 352.5 351 347.3 344.3 347.4 353.4 355.8 355.5 355.3 358 357.6 357.3 364.2 373.6 382.5 391.8 401.8 411.6 419.3 426.2 432.5 438 442.3 444.8 446 444.1 438.8 428.6 420.6 414.6 410.4 405.6 399.6 396.4 393.3 390.2 389.3 386.9 384.4 382.4 380 377.8 375.3 374.2 374.1 374.2 374.1 374.2 374.6 375.4 375.6 377.9 376.5 374.9 373 370.8
454.4 453.5 449.8 444 440.1 437.6 427.8 422.4 416.1 410.6 405.5 398.6 389.8 378.4 372.1 369.9 363.9 361.2 357.6 349 355.1 353.6 352.9 351.2 350.5 348.8 349.4 357.1 357.8 357.3 357.4 358.2 359.3 361.5 360 370.2 381.5 391.2 399.3 411.6 419.3 425.5 431.1 437.2 441.1 442.9 443 441.3 437.4 431.3 420.3 413.1 408.8 404.6 399.4 395.1 391.1 387.9 387 384.6 383.3 381.9 379.7 377.2 376.9 378 378.1 377.8 378.3 379.2 380 380.7 383.2 382.6 382.2 379.5 376.9 373.9
458.7 459 454 449.9 444.6 441.9 436.3 429 418.9 414.4 409.5 402.2 393.8 382.2 374.4 374.1 371.3 367.2 363 345.4 359.4 356.5 355.3 353.8 352.4 352.2 352.5 358.2 357.1 358 358.8 363.2 365.8 364.5 361.1 371.2 379.7 390.8 400.7 412.3 420.1 425.7 432 439.2 441.5 441.1 439.8 435.8 431.5 426.7 419.4 412.8 407.4 403.1 398.8 395.2 391.1 387.3 385.3 384.1 382.7 381.4 379 379.2 379.2 381.1 382 381.7 383 384.1 385.3 388.1 390.5 389.4 387.2 385.1 381 377.7
466.3 463 462.9 455 450.6 446.3 439.6 432.4 424.4 418.2 413.1 405.5 396.5 383.5 380.4 380.7 376.4 371.1 366.1 346.3 363.8 360.6 358.9 358.9 357.4 355.6 357.9 357.2 360.8 360.8 361.9 369.6 371.1 370.4 368.3 372.4 380 389.8 405.3 412.4 421.4 427 432.9 440.8 443.6 441.5 436 431.1 427 422.5 416.8 411.1 406 401.3 397.4 394.3 391.2 388.5 386.2 383.7 381.7 381.1 382.1 382.2 382.5 383 384.5 386.2 387.8 390.4 392.7 396.6 397.3 396 393.2 389.9 385.9 380.6
475.2 475.7 474.9 469.3 461.5 453.9 445 437.3 430.7 423 414.9 408.6 400.4 389.4 385.4 383.5 378.5 374.1 367.1 359.7 364.7 363.4 362.5 362.7 362.6 361.9 358.5 364.4 366 366.6 367.4 371.5 371.9 373.5 373.4 372.9 379.7 400.4 406.5 414.3 422.9 428.5 435 439 441.4 438.2 432.8 427.6 422.9 418.5 414.4 408.6 403.8 399.2 396.2 393.2 390.1 388 387 385 381.9 383.8 384.6 384.9 386.1 387.7 389.7 392.1 393.7 397.2 400.8 402.7 404.3 403 399.3 395.2 390.6 385.7
481.6 485.3 486.1 478.8 471.6 462.4 453.1 442.6 434.1 425.9 417.9 411 403.6 393.2 385.4 385.1 380.2 372.2 369.1 354 366.1 364.1 365.4 365.6 365.9 364.1 363.7 373 373.3 374.7 378.1 376 375.3 377.5 380.7 380.3 377.1 399.1 412.1 421.3 424.2 431.5 436.9 437.6 435.6 432.4 428.7 424.8 419.1 414.1 410.3 406.2 401.6 398.1 395 392 389.2 387.6 385.4 385.3 385.8 387.3 387.8 389.3 391.9 393.7 396.1 398.7 402.3 405.8 408.9 410.6 410.5 409.3 405.3 401.1 396.5 392.3
487.3 493.3 494.7 489 481.4 470.9 458.4 447.1 437 428.6 421.2 413.2 405 396.2 384.6 383.6 378.2 375.2 364 368.4 365.3 365.7 367 368.3 366.5 365.2 374.2 380.1 380.3 384.6 384.5 385.4 386.6 386.1 388.5 393.7 391.6 392.6 407.9 415 418.7 432.4 436.9 435.3 432.1 427.9 423.7 420.1 415.4 411 407.2 403.7 399.8 397.3 394.1 392.3 389.5 388.1 388.3 388.1 389.3 390 391 394.5 397.6 401.6 404.3 407.8 411.3 414.7 416.8 418.7 417.1 416.4 414 410.2 404.2 399.1
490.1 498.3 502.7 498 489.4 479 466.4 453 441.6 431.7 422.8 414.7 405.8 392.1 385.3 381.8 377.7 372.9 360.1 367.4 366.9 367.1 368.2 369.3 366.7 383.3 389.3 388.7 390 390.9 389.1 391.2 394.3 395.9 396.6 400 403.9 402.9 413.5 426.1 420.3 433.8 434.4 432.3 428.8 425.6 420.4 416.6 413 408.7 405.1 401.5 398.8 396.3 393.8 390.7 389.5 390.3 390.3 390.9 392 392.5 396.7 400.2 404.5 409.1 413.2 416.7 420.3 423.2 425.1 426 425.5 425.2 423.8 419.8 415.1 408.9
493.2 501.1 508 504 495.6 485 470.1 456.5 446.4 434.2 423.4 413.6 402.9 387.6 372.3 367.4 363.5 368.4 368.2 368.7 369.1 369.6 371.1 374.5 385.7 391.1 395 397.6 399.5 400.7 400.5 399.3 401.9 404.8 406.8 409.5 415.5 417.3 428.2 432.5 433.9 430.8 431.9 427.8 425.9 423.2 418.8 414.9 411.4 408.1 404.2 400.9 398.3 396.1 393.1 391.8 392.5 392.3 392.4 393.5 394.6 396.5 401 406 411.5 416.1 420.2 424 427.7 430.8 431.6 432.3 432.2 431.4 430.3 427.4 423.2 417.9
496.4 502.5 509.5 505.1 497.2 487 473.4 461.1 448.8 436.4 424.6 413.6 401.7 387.6 371.5 375.7 378.1 373.3 373.6 373.4 374.9 376.7 382.6 387.2 392.9 397.7 402.9 406.3 408.8 410 411 410.2 411.1 413 418.4 420.3 424.4 432.1 436.9 436.5 438.2 431.8 430.6 428.9 425.1 422.3 419.1 414.1 411.6 408 404.4 401.8 399 396.7 394.8 393.6 395.1 395.7 394.9 396 397.6 400.4 404.3 410.5 415.7 420.8 425.1 428.8 432.5 434.9 435.8 436.3 435.6 435.1 433.4 431.1 427 423.1
499.8 504.3 507.5 504.4 495.3 486 474.3 460.9 447.3 435 425.1 414.7 402.5 381.4 374.4 373.2 377.8 378.2 376 377.8 381.8 386.2 390.9 394.6 399.8 404.4 409.9 414.1 417.3 419.5 420.8 421.6 419.4 420.6 423.4 426.8 433.2 437 441.5 442.2 443.7 440.6 436.8 433 428.4 423.8 419.3 416.5 412.8 409.2 405.7 402.9 400.4 399.3 398.2 396.6 397.4 399.1 397.6 398.8 400.5 403.9 408.8 414.3 419.4 423.9 429.5 432.8 435.7 437.8 438.6 436.9 435.8 434.3 432.3 429.8 425.5 422.4
