UK/data/nc/nc14_OST50GRID_20230518/NC14.asc
ncols 200
nrows 200
xllcorner 210000
yllcorner 940000
cellsize 50
[rows 111 to 147 of 200, columns 85 to 169 of 200]
28.6 27.6 41.9 51.6 63.4 55.5 64.2 65.3 54.1 54.7 57.4 47 34.4 29.4 26.9 22.4 17 18.4 19.7 20.6 17.8 18.1 19 13.9 12.4 12.1 11.8 11.9 14.9 20.1 27 39.1 55.4 76.9 94.8 93.1 87.3 82.1 85.2 80.7 67.6 58.1 45.1 29.1 18 18 18 18 18 18 18 18 18 18 18 18 18 18 18 18 20 28.8 31.2 47.4 79 90.6 80.3 78.7 75.3 63.1 67.1 83 85.7 98.1 119.4 132.4 137.9 136.3 140.4 141.3 133 133.6 140.8 140.4 140.2
43.2 51 49.3 54 60.5 60.9 61.6 58.8 54.2 48.7 47.7 46.4 34.2 30.3 27.5 23.9 25 22.4 21.9 22.3 18.4 16.5 16.5 13.8 12.3 12.1 11.9 11.9 15.7 23.5 33.5 44.6 60 76.7 85.3 84 79.9 78.4 77.2 75 65.4 55.8 45.3 35 25.8 18.5 18 18 18 18 18 18 18 18 18 18 18 18 18 18 18 20.3 22.2 35.9 65.1 76.5 78.2 72.7 61.6 52.8 55.3 85.2 85.9 103.4 119.7 122.1 130.3 133.5 130.6 118.2 125.4 132.2 137.1 141.4 143.6
34.8 47.9 47.1 55.9 56.3 53.7 55.2 70.1 56.5 48.8 48.2 47.2 39.3 35.5 29.9 26 26.5 26.4 23.6 20.6 17.9 14.9 12.9 12.8 12.5 12.3 12 14.1 22 32.5 44.1 64.1 81.9 98.3 92.3 79.1 75.2 72.6 70.2 65.6 58.5 51.3 43.3 36 29 19.6 19.3 18 18 18 18 18 18 18 18 18 18 18 18 18 18 18 16.7 18.3 37.2 61.6 66.8 47.6 42.4 35 38.5 52.2 77.8 99.3 107.4 115.9 121.2 122.3 115.5 115.6 124.5 128.8 132.1 138.4 139.9
30.4 39.1 48.3 44 41.6 40.3 48.6 50.4 49.2 53.9 52.4 49.7 43 37.9 30.9 29.4 30.7 30 24 19.6 16.6 15.5 15.5 13.8 13.1 12.7 12.6 20.4 34.3 51.7 69.2 81.7 98.3 101 84.1 78.1 77.3 76 67.2 58.9 51 43.9 39.1 38.1 30.9 29.1 26.5 24 20.7 19.8 21.3 24.8 23 20.2 17.9 20.8 22.4 22.6 21.7 19.9 17.6 16.7 17.2 19 23.3 29.3 33 30.3 25.4 24 26.6 42.7 70 79.4 100.7 105.1 110.1 106.6 120.3 128.3 127.4 128.6 126.1 126 123.8
24.3 32.1 33.9 26.4 30.9 36.6 39.9 43 51.6 65.2 62.5 58.1 48.5 41.8 35.8 34.5 35.4 30.5 25.9 21.3 21.8 23.6 22.4 21.1 17.4 14.4 21.9 40.4 63.3 81.2 88.8 94 101.7 86.8 83.4 75.7 72.3 66.9 64.5 56 47.7 37.4 32.8 31.3 29.9 30.7 31.9 30.6 28 39.1 51.9 78.3 70.1 49.8 38.3 31.3 33.3 34.3 37.5 29.7 26 20.4 19.2 18.2 17.7 18.5 22.2 19.8 19.3 20.1 25.4 33.8 43.4 72.9 89.6 86.3 85.5 105.8 114.9 119.8 121.7 122 122.8 121.5 113
20.1 20.2 15 16.8 25.1 31.3 51.4 49.1 66 68.9 64 64.9 58.8 47.5 43.9 42.7 36.6 30.8 25.8 22.6 23.5 24.7 26.6 24.1 20.8 18.8 38.5 60.5 84.8 97.1 95.3 92.7 87.8 86.5 74.3 65.3 60.5 61.7 59.7 49.7 42.1 40.7 39.6 34.5 34.2 35.1 38.8 40.2 45 59.1 64.1 97.7 100.9 84 69.2 59.4 54 45.7 39.6 37.6 33.7 28.5 25.4 18.8 17.9 18.2 18.5 18.3 19.4 20.8 26.9 31.1 42.8 58.6 63.7 71.9 77.7 83 100.4 106.7 109.3 115.2 109.9 105.1 108.1
-1.8 -1.8 -1.8 2.7 22 38.5 44.5 48.4 61 64.5 70.3 68.8 61.3 52.7 52 49.7 37.6 32.1 27.3 25 24.4 25 25.5 28.2 26.2 34.2 58.5 78.5 95.6 99.7 95.5 86.3 80.6 73.6 65.1 56.8 56.9 59 52.7 47.7 40.9 42.1 45 41.1 38.5 38.8 44 50.7 58.9 67.1 83.8 82.3 97.8 97.6 92.1 88.8 82.8 68.4 55.2 50.7 44.8 38.4 35.8 27.4 18.7 18.1 18.1 18.2 19.3 20.5 21.8 24.4 29.1 37.2 60.9 89.2 100.3 106.4 101.6 99.9 104 114.8 118.2 111.4 108.1
-1.8 -1.8 -1.8 -1.8 25.1 31.7 50.4 52.2 55.3 57.7 70.2 73.4 65.5 56.3 54.6 49.2 44.5 36.2 30.7 28.5 33.5 37 42 47.3 45.4 53.2 72 91.5 105.5 104.7 92.6 80.4 69.6 62.2 55.7 50.4 50.9 48.9 47.9 47.9 43.6 53.8 57.9 54 45.1 41.3 45.1 51.8 61.3 75.2 77.6 80.3 90 105.6 108.7 98.4 89.7 83.4 72.4 67.2 60.8 55.2 45.1 36.8 27.4 19.8 18.5 18.9 19 19.9 22.7 26.9 36.1 45.8 77 99.1 108.2 113.1 118.9 124.3 129.5 120.8 115.4 106.5 108.1
-1.8 -1.8 -1.8 -1.8 11.7 29.7 45.7 49.2 47.5 50.7 60.7 63.2 59.2 58.1 55.6 52.5 48.6 42.5 36.6 34.1 42.2 58 58 50.3 49.6 63.1 82.6 104.6 112.1 100.3 87.9 73.7 65.1 57 49.7 47.9 47.9 47.9 47.9 47.9 47.1 60.8 68.5 74.5 63.7 55.1 49.3 52.4 75.6 81.1 80.5 86.8 88.5 87.4 98.9 104 100.2 90.1 85.5 81.1 77.1 66.6 60.6 52.2 40.7 30.1 23.3 19.9 19.9 21.4 22.6 30 39.5 53.9 64.7 99.8 108.5 109.5 119.3 129.3 129.7 127.8 119.6 107 108.1
-1.8 -1.8 -1.8 -1.8 10.7 18.6 32.2 41 43.7 47.6 58.3 51.1 50.3 50 51.5 49.4 41.4 43.6 40.3 39.5 46.9 54.5 51.2 51.3 60.2 75.1 86.6 100.4 95.5 83.5 75.1 69.1 61.5 52.3 47.9 47.9 47.9 47.9 44.8 50.4 50 63.1 80.4 77.6 71 63.4 57.8 65.6 81.9 92.7 84.1 85.4 88 88 88 100.2 105.8 93.5 88.3 92 83.9 77.4 77.4 74.1 64.5 45.9 37.4 28.3 25 23.8 27.2 58 65.5 57.4 57.6 70.1 81.6 104.2 112.9 118 117.3 122.1 119 101.6 108.1
-1.8 -1.8 -1.8 -1.8 -1.8 -1.8 19.2 26.7 33 34.9 35 34.2 34.5 32.6 34.5 34 39.9 47.7 43.9 40.8 45.3 49.4 54.2 64 65.6 67.5 72.2 79 82.2 89 80.2 69.3 58.7 47.3 47.9 47.9 47.9 47.9 47.5 48.1 48.5 57.9 67.5 69.5 71.9 67.3 67.2 89.8 98 89.3 88.8 88.6 92.7 92.7 93.5 99.9 98 95.4 93 91.2 92.6 95.2 95.5 90.2 79.6 62.6 49.4 41.1 33.5 34.9 39.7 60.4 80.6 79.3 72.5 83.9 90.6 93.3 100.5 109.6 116.6 125.2 122.6 100.4 108
-1.8 -1.8 -1.8 -1.8 -1.8 -1.8 11.7 19.3 21.1 15.5 16.1 14.7 15.8 17.6 20 27.5 32.1 38.7 40 40.8 46.1 51 59.7 57.3 64.8 69.6 74.3 78.5 89.4 99.9 82.3 68.6 57.5 45.4 47.9 47.9 47.9 47.8 48.9 48.5 49.4 55.7 57.2 59.8 77.4 74.6 80.4 86 96.2 99.6 89.9 92.8 93 96.3 95.6 99.6 94.4 100.3 94.9 95.9 100.4 108.5 112.6 101.6 85.6 76.3 67.8 53.1 56.7 61.6 52.6 48.5 67.8 89.1 88.9 90 90.5 97 96.7 98 105.3 120.8 109.5 108.6 117.1
-1.8 -1.8 -1.8 -1.8 -1.8 -1.8 11.1 10.2 2.2 5.1 5.5 6.2 8.1 9.3 12 17.6 28.4 38.2 39.4 41.6 48.6 46.3 51.5 57.9 65.6 77.5 85.7 90.7 98 93.9 77.7 62.1 51.5 45.9 45.4 52.1 63 60.4 57.9 57.1 57 57.7 57.2 60.2 75.3 78.5 78.9 89.8 93.7 99.8 91.9 91.4 97 98.7 96.4 91.2 95.5 99.1 103.2 110.4 112.3 120.8 116.2 98.6 84.9 79.3 72.1 66.5 62.7 78.3 77.3 66.4 68.5 83.2 93.8 91.5 92 88.5 91 97.4 96.3 96.6 87.8 86.3 99.1
-1.8 -1.8 -1.8 -1.8 -1.8 -1.8 -1.8 -1.8 -1.8 1.3 5.1 6.4 13.8 12 13.9 22.8 38.3 40.9 42.3 42.1 39.7 46.5 57.6 62.7 76.9 83.2 85.5 90.2 82.9 74.2 65.1 56.7 48.3 60.3 72.4 78 75.6 75.5 78.5 70.8 70.7 63.9 60.5 66.8 82.2 83.7 78.4 84.7 96.3 97 90.8 97.8 106.3 102.6 90.4 91.8 96.2 99.4 109.6 115.4 120 127.2 115.6 92.5 90 84 81.7 79.7 78.1 86.5 99.7 100.1 87.1 82.1 87.8 88.3 90.6 84.9 83.3 87.9 84.6 87.9 87.9 87.9 87.9
-1.8 -1.8 -1.8 -1.8 -1.8 -1.8 -1.8 -1.8 -1.8 1.9 7 17.2 35.5 29.6 21 27.4 41.8 42.2 37 41.5 45.5 56.7 63.8 68.9 69.8 68.5 73.3 74.3 79.4 72.7 59.6 51.4 61.8 78.9 92.7 99 100.9 93.5 89.2 81.8 80.1 69.9 71.5 79.6 83.1 78.4 78.4 84.7 104.7 94.8 85.8 95 103.5 96.4 90 94.9 98.1 104.4 108.6 111.1 118.5 114.3 101 88.1 88.4 95.9 97.6 88.4 93.4 100.6 115.7 120.9 108.8 94.8 95.2 92.2 85.1 83.2 81.3 87.9 87.9 87.9 87.9 87.9 87.9
-1.8 -1.8 -1.8 -1.8 -1.8 -1.8 -1.8 -1.8 -1.8 -1.8 9.4 27.8 45.2 41.3 33.9 30.2 34.8 38.9 36.6 44 44.5 46.3 55.2 60.5 58.9 60.1 59.2 60.1 62 63 63.9 57.1 67.3 98.3 112.2 121.7 114.7 110.5 104.8 95.5 89.8 84.1 87.8 87.6 81.1 78.4 78.4 78.4 86.8 90 83.8 91.2 91.2 86.9 91.8 101.8 101.5 102.4 108.6 114.4 117.3 114 98 91.1 91.8 101.7 96.2 97.4 99.3 105 118 114.8 103.3 109.6 109.6 103.6 96.7 93.3 89.7 87.1 84.1 87.9 87.9 87.9 87.9
-1.8 2.5 -1.8 -1.8 -1.8 -1.8 -1.8 -1.8 -1.8 -1.8 13 35.8 41.5 38.5 37.2 31.7 28.3 29.7 34.5 38.6 48.1 50.3 51.9 51.5 47.1 44.7 45.5 54.3 60.3 63.8 69.6 62.5 69.1 106 126.6 128.6 121.9 124.5 108.2 99.8 96.5 95.5 101.3 90.6 80.6 78.5 78.4 78.4 78.5 89.6 78.7 86.6 83.7 89.3 99.6 101.8 104.8 104 116.7 119.4 111.7 100.9 99.5 96.1 97 105.1 98.3 99.9 101.4 111.8 110.4 100.4 108.1 117.9 114.5 106.7 102.6 101.5 105.8 109.8 99.2 79.5 87.9 87.9 87.9
5.7 10.7 2.4 14.1 13.4 -1.8 -1.8 -1.8 -1.8 3.6 14.3 21.8 28.2 34.5 30.4 28.4 27.9 29.6 32.4 41.9 50.2 49.2 46.2 45.9 49.2 43.8 47.9 61.5 70 67.6 64.1 68.8 92.6 116.4 127.9 133.5 129.9 125.5 107.3 98.1 96.4 106.9 102.1 91.2 79.1 78.3 78.4 78.4 78.4 78.4 78.4 80.8 83.5 94.2 99.9 102.3 105.2 113.2 119.6 113.4 105.5 104.2 106.4 100 101.5 100.1 99.2 105.5 103.1 98.4 96.2 108.9 112.8 113.6 109.2 104.8 105.4 114.2 112.7 114 99.9 94.6 88.1 81.2 87.9
18.5 17.4 6.7 17.7 22.8 16.9 15.5 2.2 3 11.7 24.4 31.6 33.6 29.8 27.6 27.3 29.6 30.6 36 42.7 51.4 43.5 40.8 44.1 43.3 44.1 53.8 63.8 66 63 63 69.7 106.1 110.4 117.8 129.4 132.5 120.6 109.5 98.8 96.3 103.7 99.1 89.6 82.8 78.4 78.4 78.4 84.1 80.4 78.4 78.4 85.3 96.1 103.6 103.2 107.8 117.7 111.1 109.3 107.1 113.4 115 102.4 106.3 103.3 102.2 102.9 91.2 90.9 102.4 107.9 101.9 102.2 108.3 109.1 114.6 121.9 124.9 120.6 103.1 101.4 104.3 108.7 99
22.3 12.6 12.7 19.3 22.2 23.1 16.4 9 11.9 25.6 31.9 40.8 50.8 39.6 28.2 28.6 33.5 30.2 30 34 34.1 35.2 40.3 40.4 37.6 43.7 47.4 59.2 64.3 64.4 65.1 67 78.9 98.3 111 118.3 116.4 115.6 114.5 106.5 97.2 99.4 101.5 87.8 83.2 80.5 78.6 84.8 81.1 78.4 78.4 78.4 82.1 89.4 94.9 99.5 102.9 105.6 103.7 110.4 117.1 128.8 116.4 102.8 107.1 100.4 97.1 92.3 89.1 89.1 92.6 95.2 102.2 109 112.4 116.1 119.7 121.4 122.5 107.1 106.9 109 105.3 103.4 98.3
-1.8 -1.8 18 21 22 27.9 17.8 14 24.6 46.4 57.5 52.4 39.6 35.5 28.5 26.6 30.4 26.7 21.5 17.1 17.1 23.4 32.2 29.4 32.3 38.8 46.1 61.8 67.2 71.5 67.3 68 67.4 72.5 90.4 96.6 95 107.4 115.8 110.5 104.6 101.9 94.1 85.9 83.9 85.4 92.6 89.5 80.5 78.8 84.5 81.2 82.5 89.7 90 90 100.4 99 99.1 106.1 114.6 119.7 103.5 98.9 92.7 93.4 95.8 89.1 89.1 90.8 96.2 95.2 97.4 106.6 110.7 119.4 121.9 121.2 108.9 108 106.2 103.3 105.2 97.2 86
-1.8 -1.8 -1.8 22.9 25.9 25.9 17.1 20.4 41.3 56.4 59.7 60.9 50.3 37.2 25.6 19.6 17.9 15.4 16 18 18 14.8 19.9 23.5 29.5 38.7 57.1 73.1 73.7 75.2 73.9 68 68 68 70.4 79.7 100.4 112.2 122.8 118.7 104.5 106.6 93.8 85 90.9 97.1 96.9 98.6 93.6 86.8 95.8 83.2 84.1 92 90 92.8 97.6 98.1 101.9 113.9 113.7 105.5 97 94.2 89.3 89.8 86.9 100 94.8 93 100.1 98 99.1 107.4 110.8 117.1 122.5 111.7 102.2 99.7 99.6 96.3 93 77 85.7
-1.8 -1.8 -1.8 22.9 27 2.5 -1.8 33.4 47.4 55.6 58.5 56.8 53.4 42.7 29.7 19.3 17.8 18 18 18 18 17.4 17.8 26.3 34.7 63.5 73.8 81.4 86 79.5 71.2 68 68 68 68.3 91.8 99.6 106 105.8 113.4 106.2 103.2 96.3 86.5 99.3 106.3 106.7 112.8 102.5 96 94.7 86.9 86.3 88.6 97 105.9 95.9 103.9 103.7 107.9 110.6 96.2 95.2 88.8 83.8 84.3 92.5 106.1 107.9 105.1 110.8 110.6 110.2 112.6 118.5 118.3 112.8 103.9 100.3 96.3 91.9 84.6 78.2 78.2 81
-1.8 -1.8 -1.8 -1.8 -1.8 -1.8 -1.8 34.9 41.3 47.3 53 50.5 41.4 31.6 24.6 17.7 18 18 18 18 18 16.8 27.4 37.5 62.4 78.5 83.1 85 86.5 79.5 68.9 68 68 68 68.4 97.6 103.4 105.1 98.2 98.8 106.1 102.1 98.2 90.2 99.7 109.8 113.1 110.1 102 101 94.8 86.8 86.9 87.8 89.1 93 98.7 105.5 114.3 110.5 94.7 93.3 91.4 83.1 87.6 98.2 109.9 115.1 116.5 121.1 116.7 113.1 112.2 112.5 110.7 106.6 104.2 101.3 98.7 90 78.9 78.2 78.6 87.4 97
-1.8 -1.8 -1.8 -1.8 -1.8 -1.8 15.9 29.7 48.6 48.5 42.1 37.9 32.8 22.7 16.9 13.4 12.3 17.6 15.8 18 17.7 26.6 36.7 48 70.2 82.6 84.8 85.5 82.1 71.7 68.3 67.2 68 68 69.2 90 110.5 102.9 92.1 102.1 107.6 106.5 96 95.9 101 111.8 110.1 104.1 101.6 99.3 97.1 90.9 87.3 87.2 91.6 93 104.5 110 112 96.5 91.2 88.8 83.3 83.5 97.8 107.5 116.4 119.9 123.5 122 126.1 118.9 118.3 115.1 112.1 112.6 109.7 101.9 92.1 78.2 78.2 78.4 90.1 95 86.6
-1.8 -1.8 -1.8 -1.8 -1.8 -1.8 3.3 43.2 55.7 58.7 57.2 22.7 22.5 20.3 -1.8 -1.8 13.4 13.4 16.1 25.3 38.6 51.1 58.4 59.6 62.7 70.8 78.4 81.4 72 65.3 68 68 68 68 68.7 86 99.4 87.9 94.7 105.9 114.1 113.8 103.3 99.3 99 97.2 98.3 102.4 104.2 107.1 108.7 105.8 95.7 95.8 92.1 94.6 98.3 104.2 103.2 93.3 88.1 85.6 82.2 99.4 109.9 112.2 116.7 118.8 119.6 121.7 125.1 124.2 122.2 121.1 119.1 122.9 111.5 92.8 76.4 78.2 78.2 78.2 82 81.3 85.4
-1.8 -1.8 -1.8 -1.8 -1.8 -1.8 -1.8 43.8 45.9 53.9 -1.8 2.1 23.2 21.6 -1.8 -1.8 9.7 16 37.3 56.2 75.1 87.4 100.6 90.8 82 87.3 83.1 73.7 66 68 68 68 68 68 68 72.1 80.7 82.2 95.9 107.4 111.4 103.5 97.7 98.1 88.4 86.3 92.3 103.1 103.3 109.1 109.7 104.4 91.8 96.3 101.2 104.2 94.4 104.9 90.7 87.4 80.2 76.8 100.9 112.8 116.4 117.9 118.8 127.2 122.6 125.7 127 121.9 120.7 122.7 118 112.6 101 83.5 78.2 78.2 78.2 78.2 78.8 80.1 86.5
-1.8 -1.8 -1.8 -1.8 -1.8 -1.8 -1.8 30.3 37.3 -1.8 -1.8 -1.8 -1.8 -1.8 -1.8 2.7 -1.8 17.3 53.3 71.8 89.5 99.7 100.9 95.7 91 88.3 81 72.7 73.5 68 68 68 68 68 68 66 70.6 75.3 85.9 93 92.5 89.1 88.7 82.9 80.4 92.5 105 103.4 104.2 102.2 97 89.4 83.9 85.7 99 96.4 92.6 99.7 84 73.3 68.2 73.6 92.7 107.5 122.9 126.7 116.7 115.7 118.5 118.8 115.9 112.2 109.1 107.3 114.2 107.1 92.4 85.4 84.5 79.9 80.2 82.7 83.4 91.3 97.9
-1.8 -1.8 -1.8 -1.8 -1.8 -1.8 16.7 13.3 -1.8 -1.8 -1.8 -1.8 -1.8 -1.8 -1.8 -1.8 -1.8 29.4 54.2 76.9 88.6 95.6 95.7 94.9 89.4 79.1 76.7 79.3 72.9 72 76 67.6 68 68 68 68 67.3 71.1 79.8 79.5 77.9 75.1 74.8 73.4 75.4 96.5 106.3 108.4 95.5 91 83.9 81.7 84.1 94.7 98 90.7 93.9 85.7 71.8 63.4 61.8 66.5 89.4 111.6 114.5 112.6 111 108.3 108.6 109 107 106.2 105.1 103.9 105.1 89.7 80 81 75.4 76.3 82.7 89.1 100.3 105.5 99
-1.8 -1.8 -1.8 -1.8 -1.8 -1.8 -1.8 -1.8 -1.8 -1.8 -1.8 -1.8 -1.8 -1.8 -1.8 -1.8 -1.8 30 49.9 74.9 83.7 84.1 86.5 85.3 76.9 79 81.5 82.8 81 79.6 83.7 84.3 67.7 68 68 64.4 65 67.9 67.9 66.7 67.9 67.9 67.9 69.1 78.7 91.5 96.3 97.3 94.6 86.5 80.9 91 92.3 99.4 89.8 88.5 92.6 75.1 64.2 59 59.4 69.9 97.2 107.5 109.3 108.3 103.3 108.8 105.6 106 103.4 103 107.2 107.2 93.4 77.6 78.5 77.5 73.7 77.5 87.2 97 99.4 94.7 78.3
-1.8 -1.8 -1.8 -1.8 -1.8 -1.8 -1.8 -1.8 -1.8 -1.8 -1.8 -1.8 -1.8 -1.8 -1.8 -1.8 4.9 17.2 24.5 30.2 52.7 69.6 69.8 70.1 73.1 72.5 84.9 95.8 95.8 94.9 95.4 97.7 85.3 74.1 72.1 85 81.9 70.9 67.9 67.9 67.9 67.9 67.9 69.4 78.4 79.6 85.7 92.3 96.2 82.6 74.9 85 97.7 83.1 81.6 83.3 80.5 68 59.7 58.2 60.5 81.6 90.6 98.9 105.1 110.3 104.7 105 105.8 106.7 104.1 101.3 97 89.3 79 76.2 76.8 72.3 69.2 76 88.6 83.1 81.2 75.8 75.5
-1.8 -1.8 -1.8 -1.8 -1.8 -1.8 -1.8 -1.8 -1.8 -1.8 -1.8 -1.8 -1.8 -1.8 -1.8 -1.8 -1.8 -1.8 -1.8 20.5 49.1 58 61.2 66.1 69.3 86.8 95.4 107.6 107.5 101.6 96.1 92.2 89 77.1 80 94.9 100.4 89.2 90 68.5 67.9 67.9 67.9 74.7 83.1 77.1 82.9 91.3 83.9 75.7 73.7 94.2 93.5 73.3 68.3 73.3 64.8 57.9 57.4 63.6 72.2 81.3 87.6 96.8 110.5 106.9 101.2 103.6 103.2 105.2 108.1 105 97.4 85.5 75.9 71.1 67.4 63.3 61.6 65 65.3 67.5 71.8 70.7 71.5
-1.8 -1.8 -1.8 -1.8 -1.8 -1.8 -1.8 -1.8 -1.8 -1.8 -1.8 -1.8 -1.8 -1.8 -1.8 -1.8 -1.8 -1.8 -1.8 14 32.5 43.3 50.8 78 88.6 101.7 110.3 108.3 105.6 100 95.5 94.3 92.5 78.1 85.3 87.3 85.8 86.8 88.6 67.5 67.7 67.9 65.3 77.3 76.8 77.2 79.8 89.9 75.1 69.3 79.6 91 76.4 63.6 66.1 60.8 54.1 52.5 57.1 70.6 80.4 78.7 92.2 101.9 103.3 103.4 102.5 103.6 106.8 107.9 110.7 107.7 86.4 87.8 77.4 73.9 72.7 64.9 65 63.2 60.7 59.8 60.9 63.8 74.7
-1.8 -1.8 -1.8 -1.8 -1.8 -1.8 -1.8 -1.8 -1.8 -1.8 -1.8 -1.8 -1.8 -1.8 -1.8 -1.8 -1.8 -1.8 -1.8 7.8 23.3 40 69.7 95.6 97.8 115.1 118.2 110.9 104.9 98.7 97.1 101.2 92.7 81.3 82.5 86.1 81.4 80.8 75.6 66.2 75.4 89.1 89.4 86.1 77.4 76.9 80.2 72.5 69.2 61.8 71.4 90.7 71.1 58.3 49.4 45.7 42 44.9 55.2 72.9 75.7 87.4 98.1 103.3 100.8 100.5 105.2 105.2 107.8 107.8 106.8 99.3 81.4 81.3 85.8 88.3 84.1 66.6 57.3 57.3 59.8 60.6 68.8 84.4 102.1
-1.8 -1.8 -1.8 -1.8 -1.8 -1.8 -1.8 -1.8 -1.8 -1.8 -1.8 -1.8 -1.8 -1.8 -1.8 -1.8 19.1 25.8 27.9 25.1 34.8 78.6 92.3 102.3 112.9 121.1 113.8 100.9 98.8 108.6 110.3 108.7 98.5 88.4 81.2 81.3 77.4 80.6 72.8 66.6 83.3 92.6 95.5 99 91.3 79 80.7 72.6 57.6 57.8 73.5 74 62.1 52.9 40.8 36.4 37.4 48.2 54.9 70 84.2 93.3 102.7 101.3 98.8 99.7 110.7 108.4 100.5 98 93.7 79.8 83.4 86.1 91.4 91.8 76.9 62.6 54.2 58.7 68.9 79 96.1 123.9 120.6
-1.8 -1.8 -1.8 -1.8 -1.8 -1.8 -1.8 -1.8 -1.8 -1.8 -1.8 -1.8 -1.8 -1.8 -1.8 49.7 58.3 63.5 64.7 49.5 80.6 97.2 101.5 110.5 101.9 99.8 94.7 99.1 98.8 115.6 120.5 113.5 112.8 98.2 89.9 80.8 76 78 75.7 68.9 92.7 96.8 100.3 96.1 97 90.3 81.4 67.3 54.2 53.3 63.6 60.5 53.4 45.2 36.3 35.5 40.8 47.6 52.1 71.5 86.7 95.8 98.8 95.7 96.6 107.1 108.6 108.7 101.2 86.5 72.8 78.3 90.7 95.8 87.4 75.6 57.8 53.3 53.5 62.9 73.8 94.3 119.5 119.3 111.1
-1.8 -1.8 -1.8 -1.8 -1.8 -1.8 -1.8 -1.8 -1.8 -1.8 -1.8 -1.8 -1.8 -1.8 -1.8 63.1 74.8 80.8 72 73.8 90.3 100.2 94.6 100.9 98.5 89.1 91 89.3 111 120.3 117.2 121.3 114.7 103.4 89 81.4 75.9 75.5 69.5 71.2 92.5 101.2 93.3 87.9 85.8 85.3 77.8 63 52.7 53.7 60.7 58 52.2 38.5 34.7 37.7 39.3 40.8 49.6 63.5 82.3 90.7 94.3 91.6 99.6 105.8 106.1 103.5 92.8 67.8 60.7 75.8 80.9 82.2 74.4 59.3 52.7 52.9 60.6 69.1 76.8 99 116.2 115.4 121.7
