UK/data/so/so13_OST50GRID_20230518/SO13.asc
ncols 200
nrows 200
xllcorner 310000
yllcorner 230000
cellsize 50
[rows 140 to 174 of 200, columns 0 to 77 of 200]
172.9 175.4 182.9 188.5 193.7 199.5 203.4 208.8 221.9 235.8 249.6 262.5 270.5 274.9 275.1 273.8 272.8 272.1 277.3 280.5 286.1 293.4 296.6 292.7 290.8 297.6 297 295.9 287.2 278.3 273.4 270.4 266.2 261 254.2 247.6 239.6 234.4 233.4 234.7 231.2 227.3 221.9 217.5 213.6 211.1 207.8 201.5 195.2 190.4 187.1 183.7 179.7 174.5 169.1 164.6 163.7 164.9 161.4 160.8 159.6 156.6 153.8 151.9 149 147 145.6 144.5 142.1 141.1 137.4 135.2 134.4 132.3 131.5 130.4 130.2 131
178.8 179.7 187.8 193.1 198.7 204.7 208.9 217.8 232 246.9 258.4 267.1 277.6 282.6 281 279.6 280.8 284.2 287.1 290.8 294.7 297.8 301 295.5 293.9 298.5 299.8 298.7 294.9 286.2 278.7 272.9 269.4 262 254.8 248.1 241.7 236.5 235.9 234.6 231.4 227.1 224.8 218.3 214.3 211.3 203.9 201.8 199.9 198 196 191 186.1 179.8 172.5 170.9 169.7 168.2 165.8 163.2 161 157.9 154.7 152.1 149.6 147.5 145.2 142.1 140.3 139.3 136 134.3 133.7 133.4 132.5 132.2 132.9 135.3
184.2 182.5 191.3 197.1 203.5 211.4 217 226.4 241.1 253.5 264.3 272.9 283 287.2 287.1 289.6 292.2 292.2 292 292.6 297.7 305.8 302.8 298.7 295.2 298.2 301.1 300.8 299.2 290.9 281.3 276.2 269.5 261 253.9 247.5 242.7 237.2 236.8 234.1 231 226.7 224.7 218.6 214.8 211.9 209.2 209.1 205.4 202.6 197.8 190.4 183.5 183.1 178.7 176.8 173.3 171.2 168 165.3 162 159.4 155.8 152.9 150 148.1 144.7 142.3 140.5 138.1 136.4 134.7 134.6 134.2 133.9 135.3 137 139.9
187.4 186.8 194.5 200.7 206.9 214.8 223.4 234.7 247.3 258.9 270.5 283.1 292.7 293.3 293.2 294 293.5 292.1 289.3 289.6 300.7 306.8 303.3 298.4 296.7 298.8 305.2 305.7 300.9 291.3 283.6 275.3 265.8 258 252.2 246 241.8 237.7 235.2 232.6 229.7 226.3 223.6 218.5 214.7 211.6 214 211.4 208.2 204.4 198.2 186.8 187.7 185.8 182.4 179.5 176.8 173.6 170.5 166.6 163.3 160 155.9 152.2 148.8 146.2 144.2 142.3 140.4 138.6 137.7 136.9 136.1 136.2 137.5 139.7 142.2 144.6
190.5 191.2 197.6 203.6 210.7 219.6 229.1 239.9 250.9 264.7 277.2 288.7 292.2 293.3 293.5 292 290.3 286 282.8 284.5 293.9 302.4 303 297.4 296.6 300.1 309.2 307.8 300.4 290.3 281 272.1 263 255.2 248.8 243 239.1 236 233.8 230.6 227.1 224.3 220.6 216.8 213.3 212.8 214.5 212.3 209.3 204.3 196.6 191.2 192 189.3 186 183.2 180.3 176.6 172.7 167.8 163.5 159.6 156.4 153.2 149 147.3 145.2 143.5 141.6 140.6 139.3 138.1 138.1 139.7 141.8 144.4 147.1 148.8
193.9 195.9 201.7 207.4 214.8 223.9 233.7 244.4 255.1 269.1 282.2 290.6 291.1 291.4 290.5 289.4 284.6 280.2 278.5 280.3 290.4 302.1 302.5 298.3 297.4 299.4 307.6 307.6 300.1 291 278.1 268.1 260.8 254.1 246.8 241.4 235.5 232.5 229 227.3 224.3 222.6 218.9 215.4 212.6 212.5 213.3 211.5 208.9 206.4 202.3 195.6 195.6 194.1 190 186.5 182.2 177.7 173.8 169.4 165 161.1 157.5 153.8 150.4 149.6 147.4 145.8 144.3 142.8 141.9 140.8 140.5 143.4 145.8 149.7 152.9 153.8
197.5 201.4 206.4 212.7 220.9 228.8 236.9 248 259.8 271.9 284.5 288.2 288 288 288.1 283.8 279.2 274.6 275.2 278.1 288.4 302.1 303.8 299.9 297.3 298.9 306 303.6 297.2 286.6 278.3 270.1 261.6 252.8 244.1 238.3 232.8 229.4 226.6 224.1 222.1 220.1 216.6 213.2 212 213.4 213 212.5 211 208.2 204.7 203.3 202 199.2 194.6 190.1 184.6 180.5 175.9 171.7 167.5 163.5 158.7 155.4 154.8 153.5 151.8 149.8 148.1 145.8 143.9 141 143.4 146.4 151.3 155 157.3 157.2
201.7 206.9 211.3 218.4 226.7 234.6 242.6 251.2 264.1 277.7 287 287.6 287.2 285.7 283 278.3 273.5 270.6 271.9 278.1 286 301.4 301 296.2 295.1 297.1 304.1 304.1 299.3 290.5 282.1 269.2 261.2 251.5 242.8 237.1 231.5 226.7 224.8 222 219.6 216.9 213.8 211.4 211.6 213.1 214.1 214.7 213.8 211.4 210.6 209.6 207.3 202.8 197.7 192.2 187.9 183.9 179.2 174.2 169.2 164.4 161 160.5 160.5 158.8 156.4 153.7 150.6 147.8 144.4 142.9 147.1 150.5 155.7 158.7 160.6 158.7
204.7 209.8 216.1 224.6 232.5 240 247.7 257.6 269.1 282.8 289.8 285.5 283.3 280 273.6 268.4 265.7 262.8 266.6 275.6 285.5 295.1 294.6 289.8 288.2 293.6 298.7 304.8 299.5 292.7 281.5 270.8 264 253 244.4 236.7 229.5 224.8 221.8 219.5 217.8 214.7 211.9 209.7 210.5 212.8 214.5 216.5 215.3 213.4 212.6 212.5 209.6 205.6 200.8 197 193 186.9 180.5 175.4 170.9 168.3 167.3 167.5 165 162.2 159.2 155.3 151.5 147.4 145.1 145.6 149.6 154.3 159.5 162.3 162.3 159.4
209.3 215.3 222.8 230.8 238.7 248 255.3 267.1 277.6 285.5 285.6 281.5 276.7 267.2 259.7 254.5 252.4 253.7 259.6 271.9 282.5 289.7 288.2 282.9 281.4 286.3 295.5 297.1 296.7 291.8 280.5 270.4 265.7 255.3 245.1 236.1 229.5 223.7 220.5 217.8 215.8 213 209.9 208.3 209 212.7 215.5 218.8 218.3 216.1 214.9 214.5 212.2 209.7 205.6 200.5 194.5 188.9 183.6 180.8 177.4 174.8 173.9 170.9 167.5 163.6 159.2 154.9 150.8 147.2 146.4 149.3 152.1 157.6 161.5 163.6 162 159.1
214.6 220.7 228.5 237.4 246.1 256.5 265.7 276.4 284.1 284.4 279.2 273.6 265.5 257.2 249.3 245.9 244.1 245.4 253.4 266.6 277.8 285.4 281.8 276.8 274.7 277.6 288.1 292 291.8 289.5 280.5 272.2 267 256.9 246.2 239.9 231.3 223.5 219.9 215.2 214.5 211.6 208.4 206.3 207.5 213.5 218.8 222.4 222.5 220.1 219.1 217.4 215.6 213.3 209.8 203.7 197.9 196.6 192.8 188.5 184.2 180.6 176.8 171.9 167.4 163.5 159 154.6 151 147.9 149.8 152.1 154.6 158.9 163.4 164.4 160.7 158.1
221.3 225.9 233.9 243.2 251 256.9 267.5 279.5 283.5 278.7 270.3 262.7 256.6 248.1 242.2 238.4 235.6 238 251.2 264.4 272.9 277.8 275.7 270.3 267.6 268.3 275.3 283.3 288.3 287.6 280.1 272.3 264.9 256.3 249.7 243.4 230.2 220.6 217 214.6 213.2 210.2 206.6 204.5 208.8 215.7 220.8 225.1 224.6 222.9 222.3 221.5 219.4 214.5 209.6 206.2 204.9 202 198.1 193.3 188.3 183.3 177.9 172.4 166.9 161.9 158.9 155.2 153.6 150.8 153.4 155.8 159.2 163 165.2 163.6 159.9 157.4
225.2 227.9 234.4 240.9 247.1 251.4 255.6 268.5 279.2 272.4 263.9 253.2 250.2 240.4 234.2 230.7 229.6 235.2 251.2 264.6 270.5 272.2 268.2 263.7 261.4 261.4 263.4 270.4 282.2 285 280 272.5 263.6 255.9 247.3 237.4 224.4 217.4 214.7 212.6 211.3 207.5 204.9 202.9 209.8 217 223.7 228.3 227.2 225.9 225.6 226.1 224.4 220.6 218.2 215.8 211.9 207.3 204.5 199.9 193.2 185.9 179.3 171.9 166.5 162.6 160.9 157.3 155.4 152.6 155.4 158.5 162 164.9 165.2 162.4 158.9 156.7
225.7 228.6 231.9 235.4 238.8 242.5 246 251.4 261.3 270.3 263.3 254.2 243.1 234.5 228.1 225.1 224.2 231.5 251 263.2 269.2 268.2 264.4 259.3 255 254.7 255.5 258.7 267.8 277.8 277 271.1 263.6 256.3 246 233.7 221.6 216.3 213.2 210.8 209 205 201.9 201.3 208.2 216.9 225.8 230.8 230.3 228.9 227.9 227.8 227.1 226.6 225.7 222.3 219.8 215.5 210.7 205.5 198.2 189 181 174.6 169.1 166.9 163.1 159.4 155.8 155.2 157.1 160.4 163.5 165 163.9 161.9 158.3 154.4
226.4 228.2 229 230.3 232.6 234.9 237.9 242.1 247.1 257.9 254.3 246.8 238.9 231.1 223.4 219 218.8 227.5 246.5 259.7 268.3 266.4 261.9 255.3 249.8 247.2 247.6 250.7 256.9 261.6 266.6 266.7 260 252.9 244.3 231 222.1 215.3 211.5 209.1 209 203.4 198.6 200 206.8 216.2 223.8 228.2 229.4 229.4 229.5 229.7 230.7 231.9 231.9 230.1 225.5 220.4 215.8 209.5 201.1 192.8 184.4 176.7 172.4 166.8 162.5 157.6 156.4 157.4 159.3 162.1 164.8 165 164.1 161.7 158.7 155.7
224.8 226 226.2 227.6 229.4 231.1 232.1 234.4 236.1 244.4 242.9 237.7 233.2 226.7 220.1 214.6 213.9 221.9 241.1 253.1 263.1 266.4 260.4 253.2 245.4 240.5 239.3 239 245.5 249.9 257.2 259.5 256.5 249 237.5 225.9 219.5 214.2 210.4 206.9 205.3 201.6 194.9 197.1 203.2 210 217.8 222.3 225 228.8 232.5 234.7 236.6 236.6 235.9 234 229.6 224 218.2 211.7 204.2 195.4 188.3 177 170.3 165.1 162.1 160.4 159.1 159.6 161.4 163 165.1 165 164.4 162.3 159.3 155.3
224.3 223.8 224.1 224.5 225.8 227 228.1 229.3 230.3 233.1 232.9 230.3 226.6 220.7 214.6 210.6 209.7 213.5 228.8 243.6 254.4 261.9 256.7 249.4 241.9 234.7 230.9 230.8 234.1 240.5 246.6 253.1 253.6 249.7 237.5 226.7 218.1 212.3 208 204.4 201.2 197.4 193.1 193.4 198.4 203.5 207.1 213.3 217.6 226.6 234.4 237.8 238.9 237.4 238.3 237.1 232.7 227.5 221 214 206.3 196.9 188 177.4 170.7 166.1 162.9 161 160.4 161.4 162.3 164.6 166 165.7 164.9 163.2 160 152.6
221.6 221.7 221.7 222.3 223.1 223.8 224.4 224.9 225.1 225.3 224 223.7 220.3 215.5 210 206.8 206.3 209.5 214.4 229.7 242.3 252.1 251.2 243.3 234.5 229.6 224.6 224.2 226.5 232.9 238.9 243.5 249.6 249.7 238.8 227.5 217.6 208.9 205.3 201.9 199.6 194.8 189.9 191.8 194.7 197.1 199.6 203.3 209.6 215.7 227.6 236 237.8 238.3 238.5 237.7 234.8 230.2 224 215.9 206.7 197.3 187.5 179.8 172.8 167.5 164 162.7 161.5 162.3 163.2 165.1 166.8 167 166.3 164.7 159.9 150.4
221 220.3 220.6 220.6 220.8 221.7 222.1 222 220.9 221.1 218.6 216.6 212.9 209.6 206.4 203.5 202.4 204.8 208.4 213.3 226.6 238.3 239.2 233.2 227.4 222 217.8 217 218.6 225 230.6 234.6 242.9 248 237.2 224.9 215.2 206.5 202.2 200.4 198.9 194.8 187.4 189 191.7 192.4 194.3 197.8 201 205.7 217.5 228.3 236.6 239.2 239.4 238.3 236.2 231.3 225 216.5 207.4 198.8 190.2 182.5 175.4 169.5 165.5 163.7 162.6 163.1 163.7 166 167.3 167.4 166.9 163.6 159.4 149.1
220.9 220.3 220.1 219.5 219.5 219.2 219.6 218.8 218.1 215.9 214 211.7 208.5 205.6 203 200.6 198.5 200.7 203.3 206.6 211.7 223.2 230.7 227.4 221.9 217.1 212.4 210.6 211.7 215.4 222.5 226.6 232.7 242.8 234.2 222.2 212 204.5 200.8 198.9 198.8 195.5 188.2 182.4 187.3 187.4 189 191.9 195.1 199 208.4 220.9 234.8 241.9 242.3 240.6 237.4 231.7 226.7 218.9 210.7 202 192.8 185 178.4 172.1 166.7 164.6 163.4 164.1 165.3 167.1 167.7 167.5 165.7 162.3 154 143.8
222.3 221.7 221.4 219.7 218.6 217.5 217.1 216.5 215.6 213.9 211.5 208.8 205.5 203.1 200.6 197.9 195.3 196.7 198.6 201.4 204.8 211.6 223.2 222.3 217.3 213.9 209.6 206.1 206.4 208.2 213.1 217 222.1 233.6 231.9 220.8 209.9 202.6 198.9 198 197.7 193.8 186.2 178.5 182.9 182.5 183.4 185.9 190 194.3 202 211.5 226.7 240.1 242.2 239.8 238 235.3 229.5 222.7 214.8 204.4 195.6 187.8 179.7 172.7 167 165.1 163.6 164.4 165.8 167.2 167.5 166.8 163.9 158.2 146.6 130.5
223.9 222.3 220.6 219.3 217.8 215.4 213.8 212.3 213.1 210.6 208.7 205.2 204.9 200.8 197.6 192.7 189.3 191.8 194.1 196.3 199.1 202.1 207.6 213.9 211.8 210 207.4 203.5 200 201.4 204.9 209.5 211.4 221.4 226.9 218.8 208.7 201.2 197 195.4 195.4 190.9 185.6 177.2 177.2 177 178.5 180.4 184.6 190.7 196.4 206.3 221.4 234.3 240.6 241.4 240.5 237.4 231.5 224.6 216.1 207.5 198.6 189.6 181.2 173.3 167.5 165.5 164.3 163.4 165.2 166 164.9 163.9 161.1 151.4 139.5 126.9
224.3 223.7 221.6 220.4 218.5 217.3 215.8 214.2 211.9 210.1 206.7 204.5 202.7 201.5 198.3 195.9 192.1 187.4 187.7 192.2 194.5 197.3 199.7 201.7 204 203.2 201.6 200.6 194.1 196 198.1 201.3 204.2 212.5 222.4 216.3 208.1 200.2 195.6 191.1 190.5 186.1 181.8 177 173.2 172 173.3 175.6 179.6 186.1 193 202.1 214.7 230.3 239.2 241.4 240.1 237.5 231.8 225.5 217.5 208.3 199.5 189.1 179.2 172.8 168.9 165.1 163.7 162.5 162.8 163.1 162.4 161.4 157.1 145.4 131 132.9
225.7 225.2 223.3 221.7 220.3 218.4 216.9 215.5 213.1 210.8 209.3 207 202.7 202.4 199 196.7 193.4 189.9 187.3 186 191.2 194.1 195.3 196.9 197.6 198.3 196.6 195.3 190.7 189.3 191.8 194 197.7 206.5 211.4 214.3 206.5 199.5 194 187.9 186.4 183.2 177.7 172.9 169.7 169.4 169.9 172.4 176.2 183 189.5 196.7 207.2 222.1 235.8 239.1 237.8 235.9 231.6 226 218.6 208.4 198.1 187.8 180.3 175.9 169.7 164.7 162.5 160.9 160.4 160.6 159.1 157.6 149.8 138.2 129.8 138.3
228.4 226.4 224.8 223.9 222 220.3 218.7 216.9 214.9 213.3 211.8 209.7 207.5 202.8 200.3 195.6 191.8 189.5 186.4 181.3 186.4 190.1 192.8 194.1 194.4 193.2 191.7 190.8 188 186.4 185.7 187.6 192 194.2 199.6 208.6 204.7 198.7 193.5 185.7 181.8 178.3 174.5 170.5 167.8 167.4 167 169.3 173 179.2 187.3 195.1 203 215.6 230.5 235.4 234.9 233.1 229.9 225.3 216.4 206.9 199.1 190.4 182.8 177.2 169.4 162.7 160.2 158.9 159.2 159.1 156.4 150.7 143.2 130.9 133.5 142.8
229.5 228.8 226.8 226 224.2 222.6 221.1 219.5 217.8 216.1 214.4 212.3 209.8 202.9 202.9 197 190.9 187.6 185.7 179.7 184.6 188 190.8 192.4 194 193.7 191.7 188.2 186.4 184.4 182 182.1 185.1 188.6 192.2 197.7 200.6 195.2 188.9 183.2 178.9 174.5 170.1 166.8 165.5 165.1 164.6 168.6 171.6 177.7 185.8 192.7 200.2 210.3 224.9 232.6 232.9 231.2 226.8 221.3 214.9 208.2 199.5 191.7 183.7 176.4 169.7 162.8 159.8 157.1 158.6 157 151.2 144.2 135.2 129.2 133 141.8
231.3 231 229.9 229.3 228 226.1 224.4 222.5 220.5 218.6 216.9 213.9 209.9 205.1 200.1 195.7 189.8 185.1 181.6 176.5 181.5 185.1 188.3 191.1 193.4 194.2 192.9 189.6 185.6 184.3 180.1 177.2 179.7 183 186.6 188.9 189.3 187.6 184 179.6 175.1 171 167.3 165.3 164.6 162.4 163.1 166 171.1 178 185.2 191.8 198.2 207.4 222.4 231.8 232.9 231.6 226.9 220.8 214.2 207.8 197.9 189.2 181.7 175.1 169.2 164.8 160.1 155 158.3 154 145.6 136.2 128.9 133.5 135.2 137.3
234.6 234.3 234.6 234.3 233.1 231.4 229.7 227.2 224.8 221.3 218.5 213.9 209.1 204.2 197.6 191.6 185.8 182.1 177.8 174.8 178 181.5 185.1 188.4 191 192.7 192.5 189.5 184.5 183.1 180.1 175 174.2 177.4 180.5 186.4 183.9 181.8 177.5 175.6 173 170.1 167.9 163.9 162.4 161.5 162.6 168 172 178.2 185.5 190.9 196.9 208.9 222.3 231.3 232.3 230.4 227.4 221.2 212.8 204.5 195.2 188.1 180.9 174.8 168.9 163.6 158.8 152.7 153.4 148.3 139.2 127.9 132 140 145.3 139.7
237.8 238.7 240.5 239.5 238.7 238.8 235.9 232.8 229.1 224.2 219.1 213.8 207.9 202.7 195.8 189.2 183.5 178.7 175.5 173 173.9 176.9 180.5 183.6 186.3 188.3 189.9 187.3 183 180.2 177.9 174.2 170 171.6 173.6 174.8 175.2 173.4 170.9 169.5 168.5 166.3 164.5 161.5 159.9 159.7 163.1 169.2 174.5 180.4 186 191 199.7 213.8 223.4 230.3 230.5 227.8 222.7 214.7 208.1 201.5 195 188.8 181.7 175.5 169.5 164.2 157.6 151.9 145.5 139.3 129.4 131.5 139.7 147.8 152.1 147.6
242.6 245 247.6 249.7 249.6 247.6 244.1 239.4 232.4 224.9 216.8 210.7 205.4 200.1 193.8 187.9 181.9 176.9 173 171.9 172 172.9 175.2 177.9 180.5 182.4 182.8 182.6 179.5 175.5 173.6 170.8 166.7 166.7 168.8 169.5 168.8 167.1 165.3 164 162.7 160.1 161.5 160.3 157.6 158.6 162.9 169.1 175.1 180.3 185.8 191.5 203.5 218.7 225.3 226.5 224.7 218.9 214.6 209.6 205.2 200 194.4 189.7 183.1 176.9 170.7 164.9 157.7 151.3 144.5 135.8 129.8 135.8 145.9 152.8 154.7 151.7
248.4 252 256.9 257.5 258.9 256 250.4 243.2 232.9 222.9 214.1 207.7 202.5 197.4 191.7 186 180.7 175.6 172.5 169.6 168.8 168.6 170.3 171.9 174.2 175.5 176 175.5 174.3 171 167.9 166.4 163.4 162.5 162.9 163.2 162.2 160.8 160.5 159.1 158.6 158.9 158.5 156.4 156.1 161 164 170 176 181 186.5 192.6 205.9 220.8 224.2 221.6 218.1 214.2 210.7 207 203.6 199.3 194.3 189.3 182.9 176.5 170.6 164.5 158 150.7 143.3 134.8 128.6 138.4 147.3 155.8 156.4 153.7
252.7 259.2 268.1 268.4 266.2 259.9 252.3 242.7 231.7 219.5 209.8 204.1 199.2 194.3 188.4 183.1 179 174.4 170.7 166.4 166 166.6 167.3 167.4 167.6 168.4 169.1 168.7 166.7 164.5 161.8 160.8 160.3 159.2 158.5 157.4 156.4 156 156.5 156 155.6 155.8 155.1 155 155.5 162.2 165.3 171 176.7 182.2 188.6 197.4 209.1 221.5 221 217.9 214.1 210.4 207.7 205.7 202.5 197.8 192.7 186.5 181.1 175 169.2 164.4 157.7 150.6 141.8 134.1 131 139.1 148.2 155.7 157.2 155.5
256.2 268.5 277.5 278.4 270.8 260.3 249.1 237.6 226.3 214.6 206.3 200.9 195.7 190.6 185.3 180.8 176.9 172.9 169.7 166.5 165.4 164.3 164 163.4 163.1 162.6 163.3 161.9 160.1 158.3 157.3 156.8 157 157.3 156.9 155.9 154.7 152.8 152.7 152.9 153.7 154.4 153.8 153.4 158 161.4 165.9 171.6 177.5 182.3 188.5 199 209.8 217.8 217.2 214.9 211.6 207.5 205.3 203.7 200.3 195.2 189.3 183.7 178.9 173.9 169.3 164.2 158.5 150.8 142.4 133.8 133 140.7 149.4 156.4 157.3 156.5
259 278.5 284.1 280.6 271 258.4 245.1 233.4 222.3 210.8 203.2 197.9 192.8 188.1 183.5 178.5 174.7 170.8 167.8 165.4 164.3 163 161.1 159.8 160.3 159.6 158.7 158.8 156.5 155.5 154.5 154.5 155 155.7 155.3 153.6 152.3 151.9 151.1 151.6 152.2 152.9 152.8 153.1 157.5 161 165.6 170.5 175.7 181.6 188.2 195.4 206 213.7 212.7 210.7 208.5 205.9 203.4 200.3 197.2 191.8 186.5 181 176.8 172.5 168.3 164 157.9 149.2 141.1 132.9 134 142.8 150.7 156.2 156.5 156.1
261.4 279.2 275.7 271.4 265.9 253.4 241.6 229.4 217.7 208.3 201 195.4 190.2 186.3 181.6 177.9 174.6 170.6 167.4 164.4 163 161.7 160.5 159.7 159.4 157.6 156.6 155.4 154.8 153.7 152.8 151.6 151.8 152.9 152.5 151.9 151.3 150.9 150.7 151.4 151.8 151.7 151.1 152.3 156.1 159.6 164.7 168.4 172.4 177.6 184.7 193.2 201 208.3 209.4 208 205.6 201.7 199.3 197.1 193.5 188.5 183.8 179.8 175.7 171.3 166.8 162.2 155.7 147.5 139.9 133.6 133.5 142.5 151.1 156.2 157.5 156.5
