WholeMapElevations/data/no/no36_OST50GRID_20230518/NO36.asc
ncols 200
nrows 200
xllcorner 330000
yllcorner 760000
cellsize 50
[rows 70 to 104 of 200, columns 78 to 155 of 200]
356.3 349.9 347.3 342.9 336.7 325.5 325.9 333.4 339.8 349.1 362.3 375.6 387.6 397.4 402.9 406.2 407.7 409 409.4 409 407.6 408.3 410.3 415.6 423 431.7 441.3 451.1 461.3 471.2 479.3 488.1 496.2 499.9 500.1 490.7 479 465 454.8 445.7 425.3 407.9 380.1 364.9 348.3 334.8 313.5 296.2 281.8 269.3 255.8 246.1 238.8 231.6 224.6 221.3 217.5 215.3 215.5 215.7 216 216.2 216.4 216.2 215.9 215 215 215.8 223.4 240.1 253.2 267.3 281.6 294.2 306.9 317.4 326.6 340.2
350.2 343.7 340.7 337.8 332.8 326.1 321.4 330.3 336.9 349.6 360.1 373.9 384.9 396.6 399.4 402.3 402.8 402.7 402.6 402.3 402.5 404.5 405.9 408.4 414.1 423.2 432.7 443.3 453.9 465.6 475.8 487.4 498.4 505.4 504.4 496.1 482.7 471.2 460.8 449.4 434.7 410 388.3 370 351.8 338 322.3 305.1 290.3 277.8 264.7 253.1 242.8 235.3 230.3 224.9 217.6 216.6 215.4 215.6 215.9 216.1 216.2 216.1 215.8 215.6 215.4 214.1 217.1 234.6 247.5 262.7 277 290 303.2 314.6 323.3 333.2
346.5 338.6 333.4 331.7 328.8 321.2 319.2 327 335.8 348.1 356.9 369.1 380.6 391.1 397 398.4 398 396.4 396.5 396.3 398.7 399.9 401.1 403.1 407.1 415.5 425.8 435.8 447 459.9 473.1 485.6 497 506.3 505.7 500.8 487.1 474 462.7 453.5 434.9 415.7 394.9 374 357.3 340.1 326.7 311.7 299.2 285.9 271.7 258.6 248.1 238.2 233.8 227.4 221.3 216.9 215.3 215.6 215.7 215.9 216 216 215.7 215.5 215.5 214.3 216.1 229 241.3 253.5 269.1 285.5 298.6 308.2 317.9 326.2
344.8 337.8 329.8 325.6 325 319.4 319.4 325.4 332.6 343.4 352.2 362.5 374 383.7 392.6 392.7 393.5 392.1 391.7 391.4 394.1 395.5 396.5 399.4 403.4 408.9 419 430.4 442.3 455.3 468.9 481.7 494.7 503.5 505.7 502.1 488.8 475.6 462.7 452 435.5 416.9 396.8 376.3 360.3 345.2 331 319.2 306.2 291.5 278.9 265.9 254.6 244.2 235.4 229.7 223.4 218.2 215.6 215.4 215.5 215.7 215.8 215.8 215.6 215.4 215.3 215.3 216.7 224.4 238.3 250.1 263.8 280 293.2 304.5 314 321.5
344.2 337.4 328.9 322.1 320.4 314.4 316.8 322.7 329 338.1 347.3 356.2 365.9 375.9 384.8 389 388.4 387.9 387.6 388.3 389.2 391.4 393.1 396 399.5 404.6 413.6 425.1 437.8 451.1 465.3 478.7 491.5 501.6 504 498.9 488 474.1 460.9 448.6 435 416.2 393.4 375.5 360.7 350.1 337.5 325 311.4 299 286.8 274.5 261.2 250.2 238.9 232.3 225.5 219.2 215.9 215.3 215.4 215.5 215.6 215.6 215.5 215.3 214.9 215 216.4 224.6 236.1 248.4 260.7 274.2 288.1 300.5 309.2 316.2
343.5 335.9 329 322.2 316.3 312.1 314.2 320.1 325.7 332.9 341.3 349.4 357.7 368 376.1 380.3 382.2 382.7 384.2 385.2 386 387.2 390.2 393.5 397.8 404.7 411.6 421.4 435 449.8 464.8 479.1 491.6 502.5 506.2 498.2 487.2 473 458.7 445.6 429.9 411.6 391.4 376.6 365 356.1 345.3 328.8 315.5 304.2 292.8 283 269.4 257.1 245.4 237.1 227.8 221.8 217.3 215.8 215.2 215.3 215.3 215.4 215.4 214.1 215.3 215.4 216.3 224.2 233.2 245.3 257.4 269 283.4 295.2 305.2 312.9
345.4 337.3 330.7 323.1 314.5 310.8 312.3 316.6 321.2 328.4 334.8 341.8 350.3 359.8 366.6 371.4 375.1 378.5 380 381.7 382.9 384.9 387.9 392.1 398.2 404.5 410.9 420.9 434.6 450 465.2 479.8 491.8 504.8 508.8 502.8 487.7 472.7 458.2 444.5 427.7 407.5 392.9 382.3 368.9 358.5 348.6 333.9 321.7 311.6 301.4 290.1 276.2 262.6 252.6 243 232 225.2 219.9 216.7 215.7 215.2 215.3 215.4 213.6 215 215.1 215.9 219.3 225.8 231.6 242.5 254.5 265.7 280.1 291.3 300.7 308.8
350.6 337.8 330.5 323.8 316.2 308.8 309.5 313.3 317.2 323.7 330.1 336.7 343.9 351 356.3 364 368.2 373.6 377.3 378.8 380 383 386.6 391 396.7 403.5 411.3 424.6 438.8 452.3 466.1 481.3 493 505.1 510.6 504.8 492.4 477.8 459.3 445.4 426.2 407.3 395.6 385.6 374.2 363.9 353.4 341.2 327.8 316.6 305.9 295.3 282.3 270.3 257 248.2 239 231 222.7 218.5 217.7 215.4 215.6 214.6 217.4 215.8 216.1 218.7 221.2 227.7 230.9 238.2 248.1 261.5 274.3 288 296.7 304.5
353.2 340.8 331.8 325.5 318.5 310.3 307.6 309.7 313.4 318.9 325.5 330.8 337.6 343.4 349.4 356.4 362.6 368.6 373.1 374.9 379.3 382.6 386.2 390 395.2 402.8 415 429.2 442 455.6 469.3 483.2 495.6 504.7 508.8 505 496.7 482.8 463.8 447.3 426.2 410.4 399.2 388.4 378.5 367.4 356.8 346.1 334.5 320.8 311 299.2 287.4 276.9 263 254 243.2 236 227.3 221.9 218 215.6 213.9 215.6 215.6 216.5 218.3 221 220.5 226.7 227 232.6 246.8 259.4 270.9 283.8 294.2 300.7
358.7 343.7 333.4 327.6 320.2 312.6 306.6 307 309.7 314.4 320.7 327.4 333.4 339.1 346.1 352 359.2 362.1 366.4 373.9 378.6 382.2 385.9 389.5 394.2 407 420.3 433 445.6 459.1 473.2 487.2 499.2 507.4 509.4 505.8 499.9 487.2 472.2 452.1 431.4 414.7 403.3 393.6 382.3 373.8 363.1 351.9 341.8 328.8 317 305 294.1 283.4 270.6 258.9 247.1 238 231.1 225.4 217.7 216.3 214.1 215.4 215.4 219.6 221.4 222.1 221.6 224.4 225 230.1 244 252.7 266.5 279.3 289.3 297.9
368.1 354.6 339.8 329.1 321.9 314.2 307.7 305.1 306.2 311.1 317.1 323.5 328.6 333.6 340.3 347.7 353.1 359.2 365.2 371.9 377 380.8 384.6 388.7 397.7 410.2 423.3 437.1 449.8 463.5 477.9 490.2 500.8 508.7 510.4 506.6 500.7 492.8 480.8 463 440.5 419.4 408.5 398 387.6 378.2 367.9 356.3 346 333.5 321.9 309.8 299.2 288.1 277 265.6 250.8 241.8 235.6 227.3 218.3 216.5 215.6 214.7 216.1 218.3 223.6 223 224.6 223 224.1 227.2 235.2 245.1 258.8 273.1 285 294.4
376.5 361.9 348.8 337.1 324.4 317 310.1 304.4 304.2 307.9 313.2 320 324.9 329.3 334.3 339.1 347.8 355.1 361.5 366.5 374 378.7 383.1 388.1 400.3 412.5 426.2 440.1 454 467.5 480.6 490.6 499.6 507.3 510.9 508.3 501 495.5 486.5 472.8 455.3 431.8 413.7 404.8 395.4 385.3 374.5 366.3 351.8 335.9 323.6 313.9 303 292.8 282.2 270.1 255.3 246.2 237.6 224.2 219.6 217.5 216.3 215.7 214.8 217.7 222.3 224.8 225.8 223.4 223.9 226.3 230.7 240.7 254.5 267.7 279.7 288.6
385.8 370.2 356.4 345.2 331.7 319.4 312.5 306.8 302.6 306.7 309.4 314.3 319.9 326.8 330.1 336.4 344.9 351 356.8 363.1 369.1 376 382.9 388.4 401.2 413.4 427.5 441.3 455.2 468.8 479.1 489 496.7 503.6 507.8 506.7 501.1 494.9 488.9 478.5 467.2 451.2 427.6 413.8 406.5 397.9 391.5 385 371.9 350.5 328.6 318.4 308.8 298 288 277.2 261.9 248.7 239 229.7 221.1 218.2 216.8 214.5 215.8 216.2 219.2 226.2 224.1 224.2 224 227.7 232.8 239 251 264 274.7 283.6
397.7 380.4 365.7 352.1 339.5 326.7 314.9 309 302 304.4 306.4 310.3 315.9 320.4 327.9 334.2 342.6 347.4 352.2 358.9 366.2 374 381.8 388.2 400.7 412.4 425.9 440.4 453.6 466.7 477.3 485.8 493.9 499 502.4 501.6 498 491.3 488.4 481.8 473.2 465.6 451.2 434.5 428.4 421.2 416.1 401.9 382.9 366.8 341.2 322.3 312.3 301.9 293.4 282.6 269 253.3 241.7 232.3 223.8 219.2 216.8 213.8 215.8 216.1 217.2 225.1 224.9 226.5 227.4 226.8 233.3 237.4 246.4 258.5 271.8 280.2
409.4 391.2 375.6 360.9 348.2 334.8 322.1 311.9 305.3 299.9 302.4 307.1 312.2 319 326.9 333.5 337.9 343.2 350.7 358.1 365.4 372.2 380 388.9 401 413.3 426 440.3 452.5 464.2 474.3 482.2 488.5 492.7 494.9 494 491.7 487.7 485.1 482.3 476.8 471.8 464.1 453.7 445.6 440.4 430.5 410.8 392.1 377.9 349.4 327.4 317.8 307 297.6 287.4 275 259.8 246 232.7 228.8 221.2 218.3 215.7 215.7 215.9 216.9 222.8 225.9 225.1 234.1 230 232.3 237.7 245.1 256.4 265.6 277
420.8 401.9 386.1 370.2 355.2 342.3 328.7 317.4 309.8 301.9 299.6 304.6 310.5 315.9 323.6 330.2 335.8 341.8 349.3 357.3 364.2 370.1 379.3 391.2 402.4 415.4 428 440.4 452.4 462.9 471 477.4 481.8 483.6 485 483.4 481.7 479.2 477.2 475.7 475.1 473.1 470.7 469 462.3 462.7 452.7 419 400.5 381.6 358.3 336 322.7 312.1 302.1 291.3 279.8 266.8 252.7 238.6 231.6 226.1 220.2 217.1 214.5 215.6 216 224.9 223.1 227.4 235.8 235.3 232.5 234.8 240.7 249.9 260.7 270.3
429.1 413.6 395.1 378.4 363.2 349 336 320.6 312.6 304.8 297.3 302.3 310.5 317 320.6 326 332.8 339.4 346.7 355.7 363.4 372.5 383.2 394.5 406.2 417.5 428.1 438.2 447.4 457.5 464.9 469.2 471.5 472 469.9 467.4 466.1 464.3 462.8 464 466.1 469.4 472.4 475.2 476.3 475.5 462.6 436.8 410.3 386.5 365.8 342.6 327.5 316.4 305.7 296.4 284.5 272.7 258.7 243.7 231.6 226.4 222.1 218 215.9 214.6 215.3 218.3 220.3 227.1 236.6 237.6 237.3 235.7 240.6 246.7 256.4 266
435.9 425.6 406.5 388 369.2 355.6 340.5 326.8 314.7 306.9 298.7 297.7 304.7 312.7 316.4 322 329 334.2 343.4 356.7 367.7 377.9 386.6 397.6 407.1 417 423.7 429.7 435.4 444.5 449.8 452.1 454.7 453.4 450.6 447.8 446.1 446.3 446.7 450.4 457.4 464.1 471.3 478.6 484 482.8 473.7 447.1 420.3 390.9 374.3 347.9 332.2 320.6 310.2 298.5 286.1 275.9 261.2 251.2 237.3 228.5 224 220.3 217 215.9 214.8 216.8 223.6 225.5 233.9 236.5 238.6 238.9 241.7 244.8 253.8 263.3
442 434.7 418.5 397.6 377.7 360.3 345 331 318.2 309.9 301.8 293.2 300 308.3 312 317.5 322.1 329.5 342.8 355.5 367.2 378.2 388.4 396.7 403.5 411 416.8 420.7 425.2 428.9 435.2 435.4 434.8 433.9 432.3 431.9 434.5 436.7 439.9 444 448.3 457.3 469.9 479.2 486.1 488.1 482.1 458.2 426.8 398.4 378.5 352.7 337.6 324.9 314.9 301.3 289.4 277.7 265.9 252.9 238.9 230.2 227.9 222.8 217.5 216.1 214.4 216.4 225.9 226 233.4 237.2 237.2 239.7 242.5 245.6 251.6 260.1
444.1 441.2 428.5 407 386.1 368.7 350.9 335.3 321.3 313.3 306.8 293.7 296.3 300.8 305.7 310.4 315.1 325.7 340.2 352.3 363.5 374 384.3 393.1 396.8 401.7 407.7 411.2 414.2 415.5 418.9 419.2 417.9 417 419.8 423.9 427.7 431.8 435.3 439.9 444.1 453.7 468.4 479.3 486 490.1 486.9 467 428.6 404.2 378.2 360.3 344 331.2 318 305 292.1 280.8 266.5 254.5 240.8 229.8 225.8 222.5 224 216 215.7 215.3 224.8 228.7 235 238.6 237.8 240.3 242.6 246.5 250.5 256.4
444.6 442.4 434.5 417.7 395.7 375.3 357.5 339.3 325.8 316.7 309.3 298.3 290.3 295.2 299.6 305 310.2 320.6 334.2 348 357.9 367.5 376.7 386.2 389.8 393.3 396.9 400.4 401.2 402 402.9 403 405 409 413.7 417.6 421.8 426.4 430.5 435.1 439.9 452.2 467.8 479.5 485.9 489.1 488.3 470.1 434.3 405.4 382.5 367.8 352.7 336.2 320.6 308.4 297 284.5 269.5 253.2 241.9 232.4 226.1 226.2 228.3 217.6 215.7 215.5 225.1 229.3 235.6 239.2 237.4 239.3 241.6 244.6 248.1 253.6
441.3 441.7 435.4 424.7 404.6 383.7 361.8 344 330.9 323.1 311.5 301.2 288.6 290.8 295 299.8 305.3 314.1 327 340.6 351 360.1 368.8 375.7 382.2 384.7 385.5 387.6 387.9 387.8 390.6 395 399.9 404.4 408 412 416.2 420.9 426.2 432.6 439.9 455.4 467.7 478.8 486 486.2 485.6 473.9 446.9 419.1 393.3 373.4 356 339.8 325.2 313.2 300.2 287.2 275.4 261 248.1 235.4 231.6 231.3 227.9 219.1 213.3 215.6 223.8 229.4 235.4 238.5 237.7 239.4 240.8 243.3 246.8 251.5
437.3 440.3 435.5 427.1 411.5 388.5 366.4 350.9 337.7 324.9 313.7 303.1 294.8 286.9 290.7 295.4 300.8 307.7 319.2 332.4 343.2 352 359.6 365.7 372.7 374.2 374.9 376.1 377.9 380.6 385.6 391 396 400.8 404.8 408.9 413.2 417.6 422.6 433 446.2 459.8 470 478.8 486.1 484.6 479.6 473.3 445.2 424.4 406.7 381.3 367.7 344.5 329.9 316.6 303.4 290.3 279.2 267.4 253.5 238.8 233 231.2 230.5 232.6 213.3 215 228.4 231 233.2 238.5 238.5 239.8 240 241.9 245.5 249.7
431.7 436.6 436.1 428 414.5 396.8 376 360.8 346.3 328.2 314.2 304.8 296.2 284.6 286.5 291.3 296 301.6 311.2 323.2 335 343.5 350.9 356.6 361.8 362.8 366.2 369.3 372.5 375.2 380.9 386.9 391.2 395.3 400.1 405.8 411.9 417.9 426.5 438.5 451.7 464.5 473.8 482.6 486.4 483.8 473.7 459.7 440.3 420 407.9 386.4 366.4 347 332.8 320.1 307.6 295 283.1 272.4 259.7 246.8 233.8 231.4 232.5 233.3 221.6 214.5 227 232.5 234.5 238.9 238.7 238.9 239.2 240.5 244.1 248.1
422.9 431.4 432.5 428 418.3 405.7 386.6 369.6 354.3 332.8 317.5 306.7 298.2 289.9 283.7 285.4 290.1 294.4 303.9 314.8 326.5 335.2 341.8 345.9 350.9 355.1 359.5 363.5 366.1 370.4 375.7 380.3 387.3 393.2 399.3 406.1 412.1 422.4 435.2 447.5 460.9 468.6 477.7 486.2 487.3 481.9 472.2 455.4 435.9 413.4 402.3 382.4 365.2 350 336.6 323.2 310 297.8 287.1 276.8 264.6 250.8 239.2 233.9 232 232.3 222.1 213.3 219.9 229.3 236 237.4 238.5 238 238.5 239.1 243.1 247.2
414.4 423.6 428 427.4 421.4 411.2 396.2 380.9 357.4 338.7 320.5 309.6 299.9 291.8 285.2 281.8 285.6 289 297.3 306.2 317.4 327.6 333 337.8 343.7 348.8 353.5 357.1 360.5 366.6 373.4 379 383.8 390.6 397.4 406.2 418 430 442.7 455.6 466.4 473.2 481.4 487.6 487.6 481.4 472.6 458.7 441.7 412 394.1 379.4 366.5 351.4 339.6 328.1 314.2 300.6 289.6 279.2 266.9 254.6 244.9 236.5 235.3 230.7 224.4 215.7 214.1 227.5 233.9 235.9 239 238.4 239.5 239.1 242.1 245.8
405.6 414.8 423.9 427.4 425.1 415.6 405.3 389.8 366.1 345 324.6 312.8 302.7 294.1 286.7 280.5 280.3 284.3 289.1 298.6 309.1 318.1 323.4 330.3 336.4 343.3 345.9 353.7 360.6 367 370.6 376.6 385.7 393.1 401.2 413.7 426.2 438 449.3 462.1 471.4 478.6 483 488.4 489.9 482.1 469.9 457.3 438.3 415.8 398.5 377.7 364.7 351.8 341.5 329.6 317 303.6 290.8 280.4 268 259.9 251.1 241.4 237 234.4 231.6 219 213.5 219.4 228.8 234.3 237.1 238.7 238.3 238.6 239.9 243.2
391.8 404.6 414 424.1 423.7 416.2 408.6 395 376.2 351.3 330.2 314.8 306.4 297.2 289.2 282.4 278.1 279.3 284.4 292.4 300.9 309.9 317.8 323.5 330.6 337.6 344.7 351.3 356.8 363.6 367.8 376.5 384.9 397.5 410.5 421.9 433.5 445 456.3 466.9 474.7 481.1 485.2 488.5 489.1 479.2 462.5 450.8 432.4 413.7 393.8 374.2 360.8 349.8 341.4 330.6 318.9 305.6 293.3 281.7 267.7 261 251.6 244.5 237.9 234.4 233.5 228.2 214.5 214.9 224.3 228.8 233.2 237.3 237.5 238 239.3 241.3
380.3 391.9 401.7 407.8 413.5 412.2 405.9 397.6 381 359.4 336.8 319.3 310.1 300.8 292.8 285.2 278.8 276 283.2 288.5 297.3 305.1 312.1 319.7 325.8 335.8 343.8 349 353.9 358.9 369.4 381.7 394.5 406 417.2 429.1 440 449.9 460.4 469.1 476.6 484.2 489 487.6 481 471.2 457.6 441 425.8 409.3 389.7 372.5 357.6 348 339.8 331.2 320.6 309.4 295.9 282.3 272.3 262.9 253.4 244.2 238.4 235.1 232.9 233 219.8 213.5 215.4 222.3 228.1 233.8 238 236.7 238.3 240.7
366.1 379.7 390.1 395.3 401.4 402.9 398.7 394.3 382.9 364.8 346.4 328.7 314 304.6 296.5 288.3 280.4 275 280.9 286.4 292.1 297.7 303.1 313.8 324.4 329.6 338.9 343.6 352.3 362.1 373.9 386.9 401.1 413.4 424 433.9 443.1 453.3 462.6 472.3 481 488.6 490.3 483.9 474.1 463.8 452.4 431.6 418.4 402.9 387.7 370.3 353.9 344.5 337.9 330.5 322.5 311.4 299.7 287.6 279.6 269.8 257.5 251.2 244.1 237 232.8 232.6 226.6 218.4 213.6 214.9 216.2 226.3 232.3 238.1 236.3 239.7
345.1 360.8 375.9 382.7 388 391.3 389.4 385.9 378 364.9 352.7 335.2 320.3 309.2 299.5 289.5 283.9 274.8 275.5 279.4 283.7 291.6 301 310.3 318.8 324.4 335.7 345 353.1 365.4 375.7 388.5 403.6 417.1 429.5 439.8 446.1 452.9 463.4 473.7 481.8 487.5 487 478.9 467 453.6 442.8 423.9 407.6 393.5 381 365.8 352.1 340.6 334 328.8 323.9 315.1 304.9 294.3 285.3 272.4 263 255.3 248.9 244.2 239.8 234.7 234.3 226.9 221.6 214.8 212.3 214.4 218.2 223.2 230.9 236.9
326.3 338.2 355.1 368.1 374 378 376.7 372.5 372 363.8 356.4 344.2 330.5 316.8 303.8 292.7 286.7 278.9 272.2 275.6 281.2 292.5 300.4 305.9 314 322.2 332.1 342.6 353.8 365.9 377.3 389.5 403.7 419.3 435 442.6 447.3 452.3 461.5 470.7 478.5 484.4 482.5 475.2 461.8 447.5 431.8 417.2 398.8 384.2 371.9 363.4 353.5 341.6 331.7 326.7 322.7 315.8 307.1 295.8 285.1 274.4 266.6 259 251.4 247.7 244.1 237.6 236.7 233.8 227.6 223.6 226.9 218.3 213.3 212.9 220.3 228.5
311.5 322.2 333.8 348.8 358.2 362.5 363.5 365.3 367.5 364.4 356.1 346.5 336.9 323.1 308.8 297 289.3 280.9 272.1 273 282.7 293 298.2 302.9 313.1 322.4 331.8 344.3 355.4 366.4 378.7 391.7 404.8 417.6 429.8 438.3 443.9 447.5 453.8 463.2 471.6 477.9 477.3 472.5 465.3 449.6 426.8 411.4 391.4 378.9 368.9 360.4 351.5 341.3 328.8 322.8 320.7 313.6 305.4 295.7 286.5 277.7 268.6 259.5 253.3 248.8 246.2 241.6 235 235.6 231.2 227.6 227.5 234.9 226.4 217.4 214 213.4
297.3 308.1 316.8 328.5 340.4 349.4 354.2 357.2 361.7 363.2 357.1 346.9 340.5 328.7 314.2 300.5 292.3 283.6 275.2 268.8 278 286.5 292.8 298.8 309.9 318.1 331.5 343.8 353.7 367.1 379.5 391 401.6 409.9 419.6 430.6 437.4 440.9 444.4 452.8 461.5 467 469.4 467.1 464.4 453.1 430.6 409.1 388.1 376.5 365.8 357.1 349 340.6 328 320.1 317.7 313.8 305.4 297.1 289.7 280.6 271.5 262.7 256.6 249.3 249.3 244.4 242.4 236 236 230.3 231.5 237.1 237.8 230.9 219.4 213.4
285 294.8 304.4 314.1 324.1 333.7 341.4 349.1 356.5 359.9 360.5 350 339 331.7 319.6 305.8 295.7 287.2 279.2 267.7 272.6 278.8 285.5 295.4 304 317.1 330.8 343.1 352.3 363.8 376 386.9 395.7 403.1 410.5 420.4 427.9 430.7 436.4 442.9 451.1 457.9 463.8 466 457.5 454.3 432.5 406 385.6 373.1 363.5 356.4 346.4 338.3 330.6 320.9 314.7 313.8 308.4 299.9 290.9 282.6 274.3 267.6 262.1 253.2 249.7 244.8 244.3 240.3 235.9 236.1 230.3 236.7 238.7 236.9 231.5 220.5
