UK/data/ss/ss63_OST50GRID_20230518/SS63.asc
ncols 200
nrows 200
xllcorner 260000
yllcorner 130000
cellsize 50
[rows 0 to 34 of 200, columns 0 to 78 of 200]
228.2 226.1 222.6 218.2 211.3 202.9 190.1 179.1 169.1 161 145.5 127.1 109.6 106 109.4 118.5 122.6 126.5 125.9 125.6 139.4 148.6 153.4 158.7 163 166.6 171.2 174.5 179.2 182.6 185.1 187.8 190.9 193.3 195.2 198.4 205 212.3 217 221.9 227.4 232.8 238.2 243.2 247.3 251 254.9 258.3 260.7 263.2 264.7 265.9 265.7 264.9 262.2 258.8 255.9 253.2 250.7 250 248.5 246.3 243.1 240.9 237.1 234.3 231.3 227.8 222.9 215.4 200.2 185.6 179.3 172.6 165 155.6 152.9 148.8 150.5
233.2 231.8 228.7 224.2 219.7 211.8 202.4 191.8 181.9 171.9 157 136.9 117.9 106.4 104.6 109.1 113.8 115.6 119.1 130.4 136.9 143.4 147.5 152.2 156 159.7 163.6 166.9 170.7 176.9 179.5 181.8 184.3 185.6 186.1 193 200.7 208.1 214.4 219.6 225 230.4 235.8 241 245 248.9 252.8 256.8 260.1 262.7 264.9 266 266.8 266.7 266.5 262.3 259 256.5 254.4 252.9 250.1 246.9 243.6 240.8 236.8 233.6 231.3 228.5 223 218 208 193.6 176.3 166.8 161.7 159.1 164.3 161.6 153
234.7 233 231.5 229.6 225.7 219.8 210.8 202.1 194.1 184.5 169.2 150.8 130.9 113.4 104.8 105.3 106 111.4 118.4 127.2 133.2 137.5 141.7 145.2 149.3 153.2 157.2 160.6 165.2 169.2 173.4 174.6 174.8 176.9 176.8 187.9 196.9 204.3 211.5 217.7 223.1 228.5 233.8 239.2 243.1 247.1 251 254.9 258.8 261.6 264.1 265.1 266.1 267 267.1 265.8 262.1 259.8 257.4 254 250.7 247.5 244.2 240.9 238 233 230.6 228.2 224.9 219.2 207.8 188.5 175.7 166.5 164.6 173.4 182.3 189.2 178.9
233.8 232.3 230.9 230.1 228 224.2 218.2 210.7 202.8 193.1 182.3 165.7 148.8 131.4 116 104.5 105.1 108 112.4 122.7 127.4 130.3 133.2 136.9 141 146.2 151.8 157.1 160.6 162.4 159.5 159 161.4 165.6 170.5 184.1 193.5 201.3 208 215.9 222.2 227.5 232.9 238.3 241.8 245.7 249.6 253.5 256.5 259.6 262.5 264 264.9 266.3 266.3 265.7 264.9 261.6 258.2 254.8 251.5 248.1 244.8 241.5 238.2 233.9 227.7 221.5 218.3 207.2 191.8 179.4 173.1 169.9 176.2 187.3 201.6 203.4 191.7
233 231.6 230.2 229.1 227.8 225.7 220.5 216.4 208.9 201.6 192.9 182 169.2 154.2 138 121.7 107.6 102.6 103.9 113.9 118.3 118.2 122.2 125.5 128.8 136.6 145.2 150.4 156 155.7 145.1 152.7 155.1 155 165.5 176.1 186.9 196 204.4 212.4 220.3 226.6 231.9 237.3 240.9 244.3 248.3 251.6 254.2 257.3 260.5 262.9 264.2 265.5 265.5 264.4 263.3 261.1 258.9 255.6 252.2 248.9 245.6 242.2 238.9 235.1 227.7 219 207.4 193.3 182.3 179.9 181.3 186.1 196.6 208.1 213.8 209.5 200.5
230.4 228.8 226.9 225 223.8 222.7 221.9 217.2 212.5 205.7 198.1 188.7 179.3 167.4 156.3 145 130.9 118.2 101.9 101.9 105.4 108.6 113 116.6 119.5 124.7 133.9 141.9 146.8 142.2 150.5 164.5 168.4 169.2 164.9 167.3 177.8 186.2 196.4 208.7 218.4 224.8 230.9 236.4 239.9 243.3 246.9 248.8 252 255.1 259 261.3 262.3 263.6 263.4 262.3 261 259.5 257.3 254.5 251.1 247.8 244.5 241.1 237.7 237.1 232.8 223.9 211.3 195.3 196.3 197.4 200.7 207.5 219.2 217.8 214.7 214 201.4
225.9 225.1 222.6 220.3 219.1 218.1 216.4 213.1 207.6 199.7 192.5 186 180.7 175.2 167.3 161.6 148 132.6 109.7 101.4 106 115.6 122 125.1 127.3 126.6 126.4 129.1 135 143.9 158.8 173.3 179.7 187.4 187.1 181.4 173.9 176.8 187.1 199.7 209.7 221.8 228.5 234.3 239.2 242.3 243.4 246.9 250.7 254.6 258.5 259.5 260.3 261.3 261.1 259.9 258.6 257.2 255.7 252.9 249.5 246.2 242.8 239.4 238.9 238.5 236.2 228.4 222.4 216.4 218.9 221.2 223.6 223.7 223 221.8 215.6 211.3 198.1
217.9 217.1 215.8 214.7 213.1 211.5 209.6 206.6 199.6 184.7 175.5 171.6 167.5 164.4 160.8 157.7 140.9 124.4 105 101.4 111.1 125 136 143 146.8 145.9 141.3 142.8 147.6 156.8 169.9 181.5 188.6 193.8 198.9 200 195.1 189.6 186.1 187 198.4 208.9 221.6 230.1 232.8 239.5 242.1 246.8 250.4 254.2 257.1 257.8 258.6 259.2 258.7 257.5 256.1 254.8 253.4 251.2 247.8 244.4 241 240.5 240.3 239.9 238.6 236.1 232.8 231 229.8 229.2 228.8 228.3 227.1 225.5 219.8 211 195.3
210.1 208.7 207.6 206.5 204.8 202.7 200.4 194.2 181.5 164.5 153.8 146.1 142.6 144.7 145 139.1 126 107.2 99.4 104.3 120.8 134.7 148.4 160 167.8 166.2 162.3 162.3 164.3 174 183.9 191.4 197.9 203.2 208.2 210.7 211.4 209.8 207.3 205.2 204.6 204.2 208.8 219.1 229.2 234.4 240.3 246.1 251.1 253.4 254.7 255.5 256.2 256.6 256.2 255 253.4 251.7 250 248.6 246.1 242.7 242.2 241.9 241.7 241.4 240.1 238.9 236.8 235.3 235.9 235.1 234.3 233 230.6 228.2 224.2 217 201.3
208.8 200.7 199.6 197 193.1 189.2 185.8 175.1 159.7 146.6 138.1 125.1 125.2 127.7 128 122.2 107.1 99.6 101.2 113.4 130.4 144.4 158.4 172.3 181.1 183.7 181.8 182.3 184.6 190.6 196.7 202.7 208 212.6 215.4 217.8 219.1 220.3 221.8 223.3 223.4 223.9 222.2 216.7 224.4 232.4 240.5 246.2 248.8 250.5 251.7 252.8 253.8 253.7 253.6 251.2 249.7 248.2 246.5 245.2 244.2 243.1 241.9 240.8 239.8 240.5 239.3 239 239.8 239.4 238.9 238.2 237.1 235.6 233.4 230.9 226.5 212 198.3
210.3 197.4 190.3 183.8 177.5 171.2 165.1 159.2 147.1 146.9 147.9 142.6 126.7 112.2 111.5 102.7 99.6 100.9 113.3 125.3 140.4 154.6 167.5 178.3 185.8 191.8 196.9 200.4 203.1 205.6 208.7 213.9 217 219.9 222.3 224.5 225.8 227.1 228 229.3 230.9 234.4 236.5 235.4 230.1 238 243.1 246.6 248.4 249.4 250.5 251.7 252.1 251.3 250.8 247.6 245.3 243.8 241.3 239.2 238.2 237.7 236.6 235.7 237.6 239.2 239.3 239.5 239.6 240.1 239.9 239.3 238.8 238 236.3 233.3 222.3 194.5 169.7
212.6 205 194.9 187.4 181 172.9 164.3 158.1 160.6 164.5 163.7 154.1 127.8 108.4 101.7 97 102.2 111.4 123.8 136.8 150.1 162 173.7 183.2 190.7 198.3 202.2 206 209.1 212.2 216.6 220 223.1 225.5 227.9 230.2 231.6 232.7 233.2 234.8 237.1 238.6 239.3 238.8 235.4 237.1 244.1 246.7 248.5 249.5 250.3 251.4 250.5 248.9 247.6 244.4 239.9 236.2 233.5 230.6 230.1 229.3 229.3 230.3 234.1 236.4 238 238 238.5 239 239.6 239.5 239 238.4 237.8 234.8 219.9 189.8 163.3
218.2 211.2 207.8 202.3 196 189 180.4 175.7 175.6 175 165.6 151.3 127.2 103.8 96.4 103 111.7 122.8 134 146.5 157.8 169.3 178.5 187.2 196.5 201.8 205.9 209.8 213.7 217 220.7 224.3 227.1 228.9 231.3 234.1 236.8 237.7 238.3 239.9 241.4 242.8 242.6 242.5 242.6 242.8 244 246.4 248.7 249.6 250.4 250.8 249.1 247.4 243.9 240.3 234 227.1 224 220 219.7 219.9 217.9 222.9 230.9 233.4 235.9 236.7 237.2 237.8 238.2 238.2 238 237.8 237.3 235.2 220.4 191 163.5
221.2 217.4 213.2 206.8 200.8 195.5 189.6 185.2 179.3 170.4 158.4 144 124.8 101.2 96.8 104.9 114.7 126.8 137.8 148.9 162.2 171.3 180.3 188.8 197.3 201.1 206.3 210.7 214.9 219 221.7 224.3 226.8 230.2 232.9 235.9 238.4 240.4 242.1 243.8 245.6 246.6 246.9 247.2 247.1 246.6 247.4 248.4 249.1 249.6 250.3 250.8 250.1 248.4 244.5 240.3 233.6 224.1 216.7 211.2 209 201.8 203.9 213.7 225.2 230.1 233 233.4 233.8 234.6 236.3 236.2 236 235.9 235.4 233.5 217.1 190 161.5
223.1 219 214.6 208.8 202.3 195.8 189.3 183.2 175.2 164.4 151.3 137.2 117.4 103.4 97.1 97.7 104.5 115.2 129.6 144.3 158.4 168.9 178.2 188.8 195.6 200.3 205.3 210.2 214.4 217.9 221.3 223.9 226.4 229.6 232.1 234 236.3 240.4 242.6 244.4 246.9 249.2 251.2 251.8 251.6 251.1 251.3 250.1 249.7 249.9 250.2 250.6 250.1 249.4 246.1 243.5 238.4 234 227.7 218.4 212 203.4 192.5 199.7 212.7 222 226.5 228.7 230.3 231.1 231.9 232.9 233.7 233.9 233.5 232.1 218.6 185.4 156.7
223.5 219.3 215 209 202.7 196.2 189.8 182 172.3 158.8 143.8 126.8 115.4 107.3 100.7 96.1 96.6 105.1 117.2 130.9 147.5 162.3 172.4 183.2 190.1 197.1 202.9 207.8 212.3 215.7 219.1 221.9 224.4 226.9 228.8 231 233.3 236.1 240.2 244 246.5 249.9 252 254.1 253.9 253.7 253.4 252.1 250.9 251 251.3 251.9 251.6 251.1 249.7 247.2 242.4 238.2 234.1 231.5 225.5 214.8 197.7 187.1 200.4 210.9 217.7 221.6 223.5 225.5 226.9 228.2 229 229.8 230.4 229.4 210.8 180.2 150.7
223.3 219.1 214.9 207.4 201.9 196.1 188.2 178.5 168.8 153.3 139.7 127.2 122.1 115.7 107.2 99.2 94.7 95.2 105.5 116.4 132.6 151.2 166.1 176.7 186 193.1 199.1 204.6 209.2 212.5 215.4 218.3 221.1 223.6 225.7 227.9 230.2 232.5 236 240.8 244.3 247.7 251.3 253.6 254 254.1 254.3 253 251.7 252.8 253.3 253.9 254.2 254 252.9 250.9 246.5 242.6 239.3 237 233.5 224.6 210.2 190.7 185.3 196.1 204 210.3 216.3 219.8 222 223.6 224.3 225.3 226.1 223.7 199.1 171.7 143.9
220.5 219 214.7 207 199.7 193.6 183.8 173.3 161.7 148.1 142.7 139.6 135.7 128.9 120.6 110.9 98.6 94.2 93.9 99.9 116.8 135.1 157.2 169.8 181.9 189.2 195.2 200.9 206 208.8 211.7 214.6 217.5 220.3 222.6 224.9 227.2 229.5 231.8 235.4 239 242.7 246.3 250 251.3 252.4 252.7 251.4 250.1 251.6 254 255.9 256.3 256.6 255.8 254.5 251 247.8 244.7 241.5 236.7 231.9 219.8 200.4 179.2 180.5 188.9 197.3 205.3 210.2 214.1 218.1 219.9 221 221.3 217.9 189.6 162.2 136.5
217.8 216.6 211.6 205.3 197.6 190 181.5 169.2 160.5 158.2 156.1 154 149 142.5 134.3 126 116.5 106.4 101.3 93.7 101.3 119.7 143.7 161.1 175.6 184.8 193.4 199.1 202.4 205.7 208.6 211.5 214.3 216.1 218 220.3 222.5 224.8 227.4 230.4 233.9 237.5 241.1 244.8 247.1 248.8 249 249.1 248.6 250.1 252.6 255.3 258 258.6 259.3 257.3 255.3 253 249.6 244.9 240.3 235.7 225.6 210.6 190.9 172.4 171.9 179 190.5 199.2 204.3 208.2 211.8 213.5 214.3 208.3 184.6 156.1 128.7
215.1 213.9 209.8 206.5 199.4 191.1 182.9 178.3 175.3 172.6 170.2 166.4 161.9 157.3 152.3 146.6 140.4 130.1 118.6 102.7 92.8 108.5 131.1 155.1 170.8 181.9 190 195.4 198.8 202.2 205.4 208.2 210.2 211.9 213.3 215.6 217.9 220.2 223.1 226.1 229.1 232.3 236 239.6 241.9 244.2 245.2 245.2 244.7 248.1 251.4 254.1 257.1 259.3 259.5 259.3 257.7 255.1 251.3 246.8 242.2 239.3 233.1 221.7 204 184.8 168.3 162.3 172.7 184.5 192.9 198.1 201.4 203.3 203.3 191.8 173.7 147.1 121.8
210.1 210.5 208.7 205.4 201.4 196.5 192.6 191.3 189.5 187 182.5 177.8 173.5 168.7 164.8 161.3 159.5 148.6 135.2 117.5 90.5 103.2 123.8 147.8 167 178.8 186.3 191.7 195.1 198.5 201.7 204.1 206.1 207.7 209 210.9 213.2 215.8 218.8 221.8 224.8 227.8 230.8 234.4 236.8 239.2 241.4 240.5 241.3 244.7 248.2 251.6 254.4 257.5 259.3 259.2 258.5 255.9 252.4 247.8 243.6 242.9 238.7 232.1 217.7 197.7 181.1 165.9 153.9 166.4 178.4 185.8 189.2 188.7 182.1 168.6 156.5 133.6 123.4
206.8 206.4 205.1 202.9 201.8 200.2 198.4 198.5 197 194.7 191.8 187.7 182.9 178.4 174.4 169.8 164.7 155.5 139.4 112.5 90.8 100.2 119.1 142.9 163.3 176.1 183 187.9 191.1 194.3 197.4 200 202 203.5 204.8 206.3 208.5 211.5 214.5 217.5 220.5 223.5 226.4 229.7 231 232.9 234.7 235.3 237.9 241.3 244.7 247.9 251.7 255.5 256.4 257.4 256.9 255.8 253.2 248.8 247.2 246.6 245.1 240 231.5 212.9 195.6 180.7 161.7 148.9 161 169.2 172.2 170.7 158.6 146 134.7 121.6 124.4
202.4 201.7 201.4 200.4 199.8 199.3 198.8 198.4 196.6 194.3 191.8 189.3 185.2 181.1 175.8 171.8 167.8 158.9 137.4 109.6 87.6 97.1 113.7 138.2 158.5 173.9 179.2 183.2 187 190 193 195.6 198 199.4 200.6 201.9 204.2 207.5 210.8 214.2 217.5 220.9 224.3 227.1 228.3 229.4 230.4 231.9 234.5 238.2 242.2 245.8 249.6 252.9 253.6 254.3 253.9 253.5 253 251.5 250.7 249.9 248 245.4 239.6 225.9 210.5 191.5 171.4 150.3 143.9 151.1 153.4 152.1 140 125.5 121.2 121.9 124
197 196.1 196.9 198.4 197.8 197.3 196.8 195.3 193.1 190.8 187.3 183.2 180.4 175.4 172 167.9 166.3 161.3 145.9 118.1 86.6 94.2 104.6 133.2 153.5 170.6 174.5 178.5 182.3 185.6 188.5 190.3 192.7 194.6 196.6 198.2 202 205.4 208.7 212.1 215.5 218.8 221.9 224.3 225.5 226.7 227.7 229.8 233.1 236.8 240.7 244.3 247.5 250.2 250.9 251.3 250.9 250.4 250 249.9 250.1 249.1 247.3 245.8 242.7 234.8 224.1 204.2 185 166.2 148 134.4 130.7 134.8 126.4 119.7 121.2 122.2 124.3
191.6 191.1 192.8 194.3 195.8 195.3 193.8 191.5 189.2 185.5 180.6 175.9 173.4 168 165.1 162.3 162.5 160.9 154.2 130.4 104.2 84.6 97.2 126.4 148 163.8 169.8 173.7 176.9 179.4 181.9 183.4 184.6 186.7 190.7 194.7 198.9 203.3 206.7 210 213.4 216.6 219.5 221.6 222.8 224 225.1 228.4 232.1 235.7 239.4 242.8 245.8 247.4 248 247.7 247.5 247.3 247 246.9 247 247.2 246.3 245.2 242.7 239.2 234.3 219.7 200.5 182.3 164.9 150.1 138.5 123.5 118.9 117.8 121.8 125.7 126.5
187.1 187.5 189 190.6 192.1 192.8 190 187.6 185.3 180.8 175.8 171.4 164.6 159.4 157.9 155.6 153.1 155.5 153.4 138.9 117.7 89.7 94.5 122.1 142 155.6 163.1 166.9 168.7 171.7 174.9 177.2 178.7 183 186.6 190.2 195.4 201.2 204.6 207.9 211.2 214.1 217 218.8 220 221.2 223.7 227.3 231 234.6 238 240.5 243.5 244.3 244.8 243.8 243.4 243.1 242.7 243 243.6 243.8 244 243.2 241.7 238.6 235.3 230.4 214.9 197.7 180.9 167.1 151.5 134.9 117.5 116.6 121.8 126.4 132.3
181.5 183.6 186.2 187.8 189.5 190.6 188.6 185.8 182.3 174.6 169.2 161.7 154.5 147.8 142.3 139.4 139.7 138.9 134.8 130 116.3 91.9 93 116.5 133.3 143.3 151.4 157.3 161 165.1 168.9 171.7 173.9 178.6 182.4 186.3 190.8 198.1 202.5 205.9 208.8 211.7 214.6 216.1 217.3 220.4 223.6 226.1 229.8 233.5 235.9 238.2 240.7 241.1 241.3 240 239.3 239 238 238.2 239.6 240.2 240.2 240.2 238.9 237.6 234.1 230.7 225 211.3 195.2 179.1 162.7 145.3 128.9 116.3 116.1 122.9 134.3
178.9 176.5 183.4 185.1 187.3 188.4 186.4 184.3 180.1 173.4 164.9 152.5 143.4 132.8 130.7 128.8 126.1 119.1 113.7 104 97.9 83.5 94.7 110.9 122 131.9 140.6 151.6 156.5 160 164.7 169.3 173.4 178.1 181.7 185.3 189.3 194.6 200.4 203.4 206.3 209.2 212.1 213.2 215.2 220.3 223.5 226 228.6 231.5 233.8 236.1 237.6 238 237.5 236.2 235.1 234.2 233.2 233.5 234.9 235.9 236.2 236.5 235.8 234.4 232.9 228.9 224.6 218.5 207.2 195.4 177.6 160.2 145 128.2 117.8 116.1 118.9
176.7 171.5 179.1 182.8 185 185.6 184.5 182 178.2 171.8 162.7 153.2 141.9 129.9 115.9 112.5 112.5 107.1 99.5 92.7 86.1 83.4 99.8 119.9 133.6 142.5 149 154.6 158.8 162.6 166.9 171.4 175.5 178.9 181.6 185.3 189.5 194.8 197.4 201 203.9 206.8 209 209.7 216.7 219.5 222.2 224.5 227.1 229.5 231.8 233.3 234.1 234.5 233.5 232.2 230.5 229.2 228.5 228.8 230.3 231.5 231.7 232 232.3 231 229.5 227.6 223.3 219 212.6 205.2 192.1 177.7 161.9 145.1 126.9 116.7 114.4
173.7 167.5 174.9 180.5 182.3 182 181.8 179.1 175.6 170.5 161.5 152.6 142.1 130.8 118.6 102.6 96.7 92.8 87.6 85.5 81 87.3 104.8 122.9 132.6 141.1 145.6 151.6 158.5 164.9 169.1 173.5 177 180.3 182.5 185.3 189.7 192.1 194.1 198.5 201.8 203.2 204.4 209.5 216.2 218.2 220.8 222.8 225.1 227.5 228.6 229.4 230.1 230.7 229.8 228.1 226 222.9 222.7 224.2 225.6 227 227.3 227.7 228 227.5 225.9 224.3 222.3 218 213.9 208.8 201.9 192.4 178.4 163.2 140.3 123 114.6
169.5 162.4 170.8 177.8 179.2 178.4 178.2 175.9 172.4 168.4 161.4 151.3 141.3 129.7 113.3 97.7 88.7 85.1 83.4 83.3 82.4 91 105.7 120.2 129.2 136.4 143.7 150.8 157.9 164.7 170.5 174.2 177.6 180.7 182.9 185.1 187 188.4 190.8 195 193.8 196 200 209.3 212.7 216 219 221 222.9 224 224.8 225.5 226.2 227 225.9 224.2 221.7 217.8 215.4 219.4 221.3 222.5 222.9 223.3 223.6 223.9 222.4 220.8 219.1 217.2 213.4 209.5 204.7 198.2 191.4 175.6 157.9 133.5 117.9
164.9 157.6 167.4 173.5 174.2 174.3 174.6 171.1 167.7 164.4 157.2 149.1 138.5 124.1 102.3 89.1 81.3 81.8 80.3 80.7 84.5 94.8 107.1 118.7 127.7 134.9 141.7 149.4 157 164.5 168.8 171.6 174.5 177.6 178.7 180.9 182.5 184.5 185.1 184 185.6 190.9 199.5 205.9 208.8 212.2 214.4 217.1 219.1 220.5 221.3 222.1 222.8 222.7 221.4 219.6 217.6 210.6 209.2 213.9 217.1 218.2 218.6 218.9 219.3 219.2 218.9 218.2 216.5 214.8 212.6 209.5 206.5 202.2 195.8 186 168.4 146.7 125.6
159.8 152 165.1 170.1 170.7 170.9 171.1 167.1 163.8 160 152.8 144.7 132.7 111.5 91.8 79.8 77.5 78.5 77.2 82.1 90.3 100.7 108.8 118.5 126.1 133.2 140.6 147.5 155.2 161.3 166.9 169.7 171.9 174.4 175.2 176.6 176.1 175.7 177.2 177.4 182.5 191.1 198.7 202.5 205.2 208.3 210.1 211.6 215.3 216.7 217.8 218.6 218.6 218.5 217.2 215.3 210.4 202.1 201.4 207.6 211.2 214 214.3 214.6 214.8 214.5 214.2 214 213.7 212.2 210.2 207.6 206.5 203.5 198.3 187.2 181.6 159.7 132.5
152.5 152.1 162.5 167.5 167.7 167.5 167.7 163.7 159.8 154.5 144.7 136.5 124.9 104 83.1 76.5 76 75.3 79.7 88.7 97.6 104.3 113.4 122.1 129.7 136.8 143.4 149.9 153.9 158.4 164.1 165.6 167.8 169.9 170.4 170.6 169.2 169.4 176.8 181.7 186.8 191.6 195.5 198.7 202.2 204.2 205.9 207.3 208.6 209.4 210.5 212.6 210.7 211 209.9 206.9 201.8 193.5 192.6 202.5 206.2 209.1 209.4 209.7 209 208.6 208.3 208.1 207.8 207.2 203.8 202.7 202.1 199.8 192.2 183.6 181.3 166.7 137.3
146.1 151.7 160.5 164.8 164.9 164.3 164.3 160.3 154.1 146.6 135.4 124.2 111.5 94.6 76.1 75.8 76.2 81.2 86.3 92.7 108 115.3 123.3 131.4 136.4 142.9 146.9 151.8 154.7 157.2 161.7 163 162.4 164.5 161.2 159.7 162 169.9 176.5 181.2 186 189.9 192.7 195.6 199 199.6 202.2 203.2 202.5 203 203.3 205.8 203.8 200.9 200.2 198.1 191.3 179 183.4 196.3 201.6 203.9 204.2 203.9 203.3 202.1 201.7 201.4 199.6 195.7 191.3 187.8 186.7 183.8 178.8 177 176.8 163.4 134.5
