UK/data/nh/nh38_OST50GRID_20230518/NH38.asc
ncols 200
nrows 200
xllcorner 230000
yllcorner 880000
cellsize 50
[rows 35 to 69 of 200, columns 0 to 77 of 200]
554.3 517.9 478.9 439.7 404 372.8 348.5 327.6 310.3 305.9 301.1 302 304.1 307.3 303.7 305.8 304.4 307.5 307.5 302.4 308.2 316.7 325.4 336.7 358.2 378.9 392.1 406.4 414.7 431.7 451.3 469.3 482 488.2 498 549.5 603.4 631.3 650.4 675.2 703 732 749.8 755.3 756.4 758.2 760.3 763.6 748.1 693.3 664.2 630.6 598.5 578.6 562.6 550.2 535.4 517.3 516.1 516.1 516.1 516.1 516.1 516.1 516.1 531 556.8 588.5 626.6 667.1 704.1 741 770.3 781.8 788 792.6 798.3 806
575.6 538.8 495.7 455.5 418.7 386.4 357.6 336.7 322.6 313.4 307 306.3 312.2 313.3 311.6 310.3 308.5 309 307.5 303.8 309.6 313.3 319.8 330.3 359.4 398.2 400.2 392.2 399.6 422 438.3 458.1 465.7 465.5 474.2 522 574.6 607.4 627.1 647.6 675.1 705 732.4 745.4 748.9 751.2 755.7 761.3 768 715 683.4 649.3 616.1 587.6 567.4 548.6 530.1 516.1 516.1 516.1 516.1 516.1 516.1 516.1 521 561.3 593.6 624 663.6 696.2 728.6 764.1 786.6 797.1 800.3 802.1 807.5 813.9
604.3 564.3 523.9 485.8 438.6 410.2 383.4 360.2 342.5 326.1 318.2 315.2 319.4 322.2 320.4 313.8 310.7 309.3 307.5 308.5 310.6 312.5 316.5 326.2 357.6 391 398.6 400.7 394.1 401.9 423.6 444.2 450.5 451.3 453.8 491.3 545.5 580.4 603.2 619.9 639.3 670.5 703.3 730.3 737 742.7 749.6 758 767.4 768.1 727.3 678.8 649.2 620.5 592.1 564.4 539.3 522.6 516.1 516.1 516.1 516.1 516.1 538.8 562.2 594.7 620.7 657.1 696.3 735.4 758.3 784 791.8 797.7 801.9 805.7 811.6 818.6
622.7 596.9 561.4 525.6 482.6 442.4 408.6 379.3 356.5 342 336.8 329.1 327.8 330.9 324.6 318.1 311.7 309.3 306.5 309 309.7 310.5 313.3 321.2 358.7 382.1 389.6 394 398.6 395.2 402 420.1 433.7 437.3 440 466 512.2 552.3 580.4 592.8 608.9 642.9 671.4 708.9 723.1 732.8 743.4 753.9 763.8 772.3 763.9 739.2 705.2 683.2 641.2 611.4 579.8 558.7 535.3 529.9 526.3 541.4 570.5 581.9 605.1 638 666.1 699.3 731.9 768.4 784.8 787.3 791.9 796.4 801 806.2 813.7 821.6
661 611.5 577.6 543.4 506.1 472.6 432.8 405.7 377.8 368.5 361.3 351.3 340.5 338.8 330 321 312.8 311.6 307.2 305.4 307.4 309.5 312.5 321.8 353.1 372.1 379.2 384.7 391.5 395.4 400.8 401.5 414.9 425.6 425.7 442.6 482.5 525.8 555.4 567.7 579.5 602.1 644.1 678.7 700.5 720 736.7 750.4 761 770.1 776.2 776.2 759.1 726.8 692.8 653.7 621.4 606.1 580.1 574.3 582.8 601.9 617.9 624.5 649.9 678.5 705.7 735.5 769.1 780.7 783.1 786.1 791 795.9 800.7 806.8 814.4 823.4
667.7 638.8 603.1 560.9 524.8 504.1 475.7 457 425.3 400.9 390.5 373.7 351.8 342.2 333.6 321.4 312.7 311.1 309.6 306.6 309.4 309.7 313.4 323.2 349.2 363.5 370.2 376.3 382.3 386.7 400.3 401.2 400.7 409.3 415.9 427.1 453.5 494.7 524.3 542.1 552.1 572.5 611.1 647.1 667.3 705.4 728.4 746.4 758.7 767.5 772.2 773.1 769.4 759.1 736.4 694.9 655.5 630.7 635 629.9 643.4 666.7 670.9 669.4 683.8 711.2 741.9 763.3 772.1 776.5 780.4 785 789.9 794.8 800.9 807.6 817.4 825
659.7 626.2 592.5 556.7 530.6 501.5 479.2 456.9 445.5 423.8 403.8 383.7 362.4 345.3 334.5 322.2 314.2 314.1 312.3 307.7 310.6 311.6 314.9 325.1 341.1 353.8 361.6 366.6 370.3 376.3 385.5 391.7 395.4 396.3 400.9 414.7 435.8 468.6 492.5 513.8 526.6 547.7 576.2 613.3 649.2 686.5 714.7 738.1 752.1 760.6 765.6 767.6 766.3 763.7 755.9 720.3 707.5 695.2 689.7 678.4 705.8 728.1 730 726.2 730.2 731.3 751.9 765.6 771.3 776.3 780.6 784.9 789.8 795.2 802.9 810.6 819.9 826.5
646.4 611.1 575.9 543.7 516.9 488.6 468.5 450 434.6 424.1 406.8 388.7 371.5 350.2 335 323.1 315.6 314.2 308.5 308.8 311.6 316.1 321.6 326.2 335.5 343.9 351.4 352.1 358 365.5 372.8 379.9 386.4 390.9 392 402 417.6 439.3 463.4 484 505 519.8 548.6 577.7 624.2 663.8 695.1 723.9 743.1 752.5 759.1 761.4 761.1 760.5 759.1 756.5 749.8 746.4 744.7 734.3 746.2 745.8 746.3 750.9 755.1 755.3 758.6 766.9 772.9 778 782.1 786.3 790.9 797.1 804.7 813.3 822.2 828.4
631.4 596.1 561 526.9 498.7 476.4 456 439.7 427.2 418.9 405.7 391.8 376.4 356.9 334.9 324 321.7 314.1 310 310.5 313.6 320.5 323.5 329.9 334.2 338 341.2 342.7 344.7 353.7 360.4 366.8 373.2 379.9 384 391.5 403.7 415.6 439.5 463.6 482.5 495.3 516.8 549.7 592.9 636.8 668.2 697.3 721.2 740.9 749.9 754.9 756.8 756.8 757.6 758.9 759 758.3 755.8 752.5 749.7 746.9 749.1 753.5 756.5 760.6 763.5 768.9 773.8 778.8 784 788.1 793.6 800.3 808.9 818.7 825.7 831.2
612.2 581.3 544.9 509.9 482 462.2 443.2 428.1 419.8 411.6 402.5 392.8 378 360.8 334.7 327.2 326.7 317.1 311.4 311 311 318.1 322.8 328 334 336 337.8 338.7 339.9 341.6 346.6 354.9 362.6 367.9 372.8 379.9 387.8 399 416.7 440.3 456.6 473.3 488.3 529.1 564.9 604.6 636 661.2 691.8 719.2 729.1 748.2 752.2 755 756.7 758.8 758.7 758.3 756 752.5 747.8 745.6 748.6 753.4 758.7 762.5 765.2 770 776.2 781.4 786.8 791.4 798.1 804.9 816.4 824.1 830.2 834.9
600.6 564.9 527.1 492.6 466 449.2 430 418.4 409.2 403.3 397.3 389.2 373.7 356.3 338.9 331.3 328.9 321.2 316 314 318.6 322.3 324.2 329.7 336 337.9 339.6 338.4 337.4 335.4 337.7 342.6 354.1 359.5 366.8 370.5 377.4 386.5 398 415.8 432.8 448.8 465.4 496.2 537 571.5 606.1 629.5 655.7 679.9 703.6 733.8 746.8 753.3 756.3 757.5 757 756.2 754.3 750.7 745.6 742.7 745.9 753.2 759.1 763 765.9 770.4 778.9 785.9 791.5 797 803 813.5 823.2 829.3 833.8 837.4
582.5 544.8 507.2 476.8 452.9 438 422 411.6 405.3 398.8 397.5 389.8 380.4 367.1 346.9 338.6 336.4 335.1 333 330 330 334.5 337.6 334.1 334.7 336.8 338.8 340.2 339.6 337.7 336.6 337.8 339.5 348.7 358.3 364.2 367.9 374.6 382.7 397.8 413.5 429.6 443.2 472.9 509.5 544.2 572 598.1 622.5 639.4 685.7 712.7 735.7 748.7 753.5 754.8 754.7 753.8 751.5 748.4 744.1 739.7 745.7 752.5 758.3 762.7 767.1 773.7 781.5 789.9 796.7 802.8 810.8 821.4 828.2 833.2 837.4 840
568.6 534.3 498.8 468.1 444 428.2 415.6 406.4 401 395 395.5 392.4 383.8 371.1 361.3 351.6 352.1 354.1 352.3 350 344.6 345.5 343.9 341.9 342 341.8 340.2 342.8 345.8 343.3 339.6 338 337.3 337.9 340.7 351 361.4 364.5 370.5 382.5 396.7 411.4 425 447 481.4 510.4 542 565.9 589.3 617.6 652.6 678.2 711 737.9 748.1 750.7 751.1 749.9 748.4 745.1 741.9 735.9 742.9 750.3 756.3 761.9 768.3 775.6 783.9 792.4 801.4 809.5 818.6 826.3 831.8 836.6 840.8 842
564.4 528.2 494.7 466 444.1 425.6 412.9 405.5 399.6 398.3 399 390.4 383.1 381.5 371.7 369.4 373.3 376.8 375.3 375.6 363.9 357.1 354.5 353.5 350.7 350.5 355.8 365.1 365.7 361.5 355.8 344.6 341.2 337.7 337.1 340.7 346 353.4 360.6 369.1 381.7 393 406.6 425.4 455.2 477.8 512.2 535.3 555.1 585.4 613.6 649.8 678.8 715.8 737.6 744.2 746.3 745.6 745.2 743.3 739.6 731.6 738.9 747.7 754.9 762.2 768.8 777.4 785.3 795.6 805.8 814.8 822.2 828.3 834.3 839.7 843.1 842.5
565.7 527.3 494.8 465.9 442.4 428.1 412.6 405.3 401.7 400.4 396.8 394.4 392.5 391.4 393.9 395.2 403.1 406.3 405.8 398 387.8 375.4 369.9 362.5 364.7 370.8 393.8 402.3 406.2 393.4 380.3 362.9 352 342.9 338.2 339.7 341.9 344.6 353.2 356.2 366.6 378.5 390.4 406.4 429.5 455 478.7 505.7 528.3 557.3 584 615.2 648.2 690.9 718.1 734.1 739.9 741.6 741.7 740.4 737 725.6 738 747.1 754.8 762 770.1 779.3 790 800.8 809.9 817.9 823.8 829.2 834.9 840 842.4 841.3
582 537.7 502.1 468.1 454.3 440.7 426.9 419.6 412.5 410.2 408.4 406 406.7 413.5 422.1 435.4 440.1 438.3 428.4 424 415.6 399.5 384.8 375.5 384.3 420.4 457.4 467.3 442.8 415.2 400.8 381.6 364.1 349.5 338.9 337.3 339.4 340.7 345.1 349.4 354.2 363.4 375.3 389.3 410.5 432.6 456 479.7 498.8 526.8 558.8 584.6 615.6 664.5 693.1 717.5 731.5 735.8 736.8 735.6 728.7 721.5 736.4 746.7 754.4 761.9 770.4 781.2 794.3 804.1 812.4 817.7 823.3 828.1 832.8 836.8 838.5 836.9
619.8 569.5 525.3 486 465.3 454.6 446.7 445.4 443 435.4 437.4 435.6 441.3 442.2 467 496 482.1 479 478.7 463.9 446.5 426.5 413.7 437.8 473.6 489.8 496.6 480.9 456.7 436.9 417.7 397.7 381.1 364.6 346.1 342.1 338.6 339.8 340.5 345 350 355.8 364.6 374.9 392.4 410.1 430.5 454.9 480.6 505.9 531.9 559.4 584.9 633.4 667.4 688.9 716.9 728.4 731 727.5 716.3 720.3 736.1 746 753.8 761.6 771.3 783.5 795.6 804.3 810.7 816.5 821.7 825.8 829.2 831.6 832.2 830.4
638.8 586.6 529.4 511.7 494.3 479.7 477.4 481.2 482.7 483.7 504.7 504.8 499.5 502.7 538.5 559.8 544 554.8 539.7 523.7 498 478.4 512.2 530.2 514.7 497.4 487.3 478.6 466.5 450.5 433.1 413.3 396.2 379 356.2 347.1 342.3 340.1 339.1 341.9 345.7 350.8 357.1 362.8 376.3 391.5 411.6 429.3 453.4 481.2 508.9 531.3 555.5 598.2 632.3 662 691.1 719.1 720.3 713.3 705 720.1 736.1 745.1 752.9 762 771.7 784.2 794.7 802.6 808.4 813.6 818.1 822.1 824.9 826.2 824.9 822.4
650.4 591.4 584.4 558.4 535.4 513.2 526.9 540.8 537.8 568 579.7 573.9 539.8 567.2 615.1 610.7 626.5 620.4 604.9 596.5 571.9 566.9 551.1 528.7 510 493.4 482.6 478.2 472.9 458.5 442.3 426.3 405.4 383.6 373.6 352.1 343.7 342.3 340.3 341.4 341.9 345.4 350.9 357.2 364.8 376 392.6 410.9 431.1 453.3 481.3 501.7 537.3 569.3 602.7 633.7 666.7 703.1 703.6 694.4 706 724.4 736 744.1 752.4 761.8 771.2 783.1 792.5 799.8 805 810 814.3 817.7 820.2 820.9 819.2 817.8
668.3 658.4 643.1 607.1 580.5 544.3 598 605.2 628.4 658.8 639.2 604.4 589.5 620.5 672.9 680.6 686.4 684.1 653.3 625.9 594 568.2 544.5 523.2 502.8 488.8 480.4 473.2 473.9 463.2 445 430.7 416.3 399.9 381.4 365.3 351.9 346.5 344.2 342 342.1 343.1 343.9 349.3 356.5 365.5 377.2 393.3 413.5 432.3 453.4 477.5 518.5 543.7 576.4 603.5 641.2 676.4 675 683.8 709.6 722.9 733.8 743.3 751.1 760.7 769.2 780.9 789.9 796.6 801.5 806.5 810.3 814 815.9 816.2 814.1 812
702.4 694.2 671.2 640.8 611.3 604.5 661.2 690.9 719.2 701.5 658.2 632.6 634.5 673.2 723.7 741.4 737.4 710 666.5 626.8 591.7 562.2 536.4 517 500.6 487.9 480.8 472 471.2 468.1 453.4 435.7 421.5 408.7 392.8 384.3 374.3 358.7 350.7 346 343.2 343.3 343.4 345.2 349.2 355.4 364.6 376.9 395.6 415 432.3 456.2 485.1 517.5 543.2 573.4 606 641.2 670.2 695.5 708.9 721.6 729.4 740.2 749.7 758.7 767.3 777 786.4 792.4 797.5 801.7 806.4 810.3 813.1 812.2 808.1 806.2
705.8 701.3 681 666.5 641.7 668.1 735.2 760.5 764.7 725.4 696.6 675.1 702.2 741.6 767.4 759.7 757.2 722.3 675.4 632.5 597.7 565.5 536.9 515.4 502.5 486.9 478.4 477.8 474.5 470.9 457.9 442 431.5 422.2 417.1 411.6 397.7 376.8 361.5 352.9 343.5 344.2 345.3 345.7 347 351.2 357.4 367.8 381.9 400.7 418.2 439.8 463.2 494.4 514.5 543.1 575.5 615 669.8 696.5 714.5 727.5 736.3 744.7 752 759.3 764.1 773.8 781.7 790.9 796.6 802.3 807.5 811.2 813.9 813.3 808.8 804.3
711.5 710.1 696 676.3 676.6 707.3 758.2 765.9 770.7 772.8 738.5 756.2 789.1 777.5 773.3 764.1 760 754.2 710.5 647.7 610.8 579.2 554.2 537.3 520 500.2 489.5 485.7 483.4 480.5 472 457.4 451.7 447.5 445 435.5 424.2 401.8 376.5 359.7 348.7 345.5 346.1 346.8 348.2 350.3 354.4 363.2 372.1 384.5 400.8 423.3 444.5 472 494.5 518.3 551 611.9 654.2 689.1 712.4 727.5 737.5 746.1 754.7 762.2 769.7 776.5 784.7 792.4 798.7 803.6 808.5 812.9 815.6 815.7 811.3 805.9
710.3 713 708.6 703.7 714.9 749.6 755.5 768 772.3 779.8 789.6 790.8 784 776.2 772.6 765.2 757.3 756.3 735.2 683.3 641.6 611.1 587.7 566.4 542.7 530 517.3 505.4 504 503.9 498.9 489.8 483.4 482.4 476.1 462.5 451.7 423.3 393.3 377.9 359.9 352.1 350.4 350.5 348.9 350.7 352.4 357.6 366.4 375.3 389 408.8 427.2 452.6 473.4 499.1 529.1 590.9 637.3 669.8 699.6 721.3 733.8 742.7 750.7 761.1 770.6 777.8 785.8 793 799.9 804.9 810 814.9 818.1 819.1 815.9 809.3
715.2 715.1 718.8 733.4 745 749 754.5 764.5 773.9 782.2 784.6 788.1 783.7 772.3 766.5 762.5 756.3 754.8 746.2 713.2 668 648.6 625.2 609.7 582.7 568.1 556.8 547.7 544.5 548.4 548.7 543.5 542 529.9 519.3 509.5 479.8 448.3 419 403.6 378.4 368.2 364.7 357.8 353.5 351.4 353.1 355.3 356.8 366.8 379.2 395 412.7 433.4 456.9 488.9 515.8 566.3 609.6 645.8 690.2 711.8 726.6 736.5 745.1 757.3 768.1 776.9 784.9 792.4 799.9 806.3 812.2 817.9 821.3 822.9 821.4 814.9
721.1 732.2 735.7 742.1 749 749.7 760.2 762.2 772.2 779.7 782.2 783.6 777.9 766.9 761.2 759.4 754.7 753.5 745.4 724.4 701.1 686.5 664.8 649 631.6 614.9 599.7 612.1 611.6 605.3 619.7 606.4 606.9 590 590.2 569.5 527 489.3 451.2 425.9 402.2 386.9 380.5 368.2 361.4 361 359.1 360.1 360.2 362.4 372.6 384.4 399 420.6 445.4 487.4 506 542 588.2 629.6 662.2 693.6 713.5 728.1 739.2 753.1 764.9 773.4 782.1 789.8 799.7 806.8 814.2 819.7 824.1 825.8 825.4 822
740.5 752.3 748.5 748.1 749.8 755.6 758.3 762.5 770.9 776 779.5 778.6 773.8 768.8 761.3 758.5 757.3 753.2 747.2 733.5 720 723.4 717.4 713.9 689.2 669.8 673.2 673.6 669.7 692.2 696.3 681 658.4 646.4 633 598.3 560.8 523.4 481.1 460.3 432.7 413.8 398.5 386.9 382 374.8 370.7 370.6 373 370.1 366.4 377.9 390.6 411.1 436.5 464 493.8 520.4 560.2 605.6 636.7 663 683.6 717 734.3 750.1 762.2 771.5 779.4 787.2 797.9 806.6 814.3 820.7 825.9 829.1 829.4 826
756.9 759.3 751.2 748.8 745.6 754.4 757.1 763 769.6 774 777.3 776 772.7 769.7 759.7 755.7 752.3 749.5 742.7 732.8 735.8 739.6 743.5 741.7 723.1 724.8 727.9 726.3 727.6 745.9 728.5 711.3 694.7 675.3 646.3 621 576.6 548.8 524.4 491.6 475.2 460.4 438.2 433.4 411 394.1 386.9 390.3 387.8 380.7 374.7 372.5 385.3 401.9 424.1 452.4 478.6 502.4 535.2 568.3 602.6 626.8 658.1 701.4 732.4 747.9 760 769.8 778 786 794.4 804.8 813.5 821 828.1 832.5 832.9 829.5
759.2 753.6 747 744.5 747.3 750.7 756.5 760.6 767.3 771.8 771.4 772.3 770.2 760.5 757.9 753.6 749.1 747.3 741.9 738.3 736.3 736.5 746.3 742 742.1 740.4 743.3 746.4 758.7 747.5 731.8 721.1 699.2 682.2 663.2 645.8 623.7 599.5 583.7 570.6 553.3 530.3 503 482.6 442.1 420.5 404.6 416.6 410.6 395.2 385.9 383.5 379.6 396.5 413.2 437.6 465.5 488.8 513.9 539.5 566.1 603.3 651.8 704.1 731 745 756.6 765.9 775 783.9 793.3 802.3 812.9 821.9 830.5 835.7 836 832.5
754.9 749.2 742.5 739.7 744.5 749.3 752.9 757.8 761.8 765.7 766.1 768.3 765.4 756.5 754.1 749.8 748.3 747.5 747.2 744.9 741.1 737.4 738.1 738.2 739.9 739.2 742.1 744.1 741.3 735.3 724.2 715.3 696.3 689.9 676.7 664.1 654.9 642.6 616.8 591.8 569.9 546.2 522.2 495.6 460.6 434.7 436.9 441.9 427.1 412.9 405.9 395.8 390.9 389 404.5 428 451 474.5 491.2 520.8 554.3 598.4 648.8 706.3 726.6 741.1 751.3 760.6 769.5 780.2 791.9 802 812.3 822.9 832.6 837.3 837.7 834.4
749.4 740.1 739.3 737.3 741.8 744.7 750.5 753.8 756.6 760.3 760.7 759.6 757.6 752.9 751.9 748.4 746.8 749 749.9 748.6 745.6 739 735.6 736.4 736.4 735.5 740 734.4 730.2 725.8 717.7 706.4 694.3 690.2 681.4 672.9 662.3 650.9 626.5 595.7 577.3 558.4 539.2 509.8 472.2 450.1 482.8 505.4 474.2 444.3 430.3 411.9 401.5 397.2 404.4 423.3 442.4 460 483.3 511.5 547 586.7 640.6 698.7 722.8 737.4 747.8 758.2 767.3 778.4 789.6 801.7 812.6 824.6 834.1 837.8 838.3 835.6
746.9 738.3 735.5 735.8 740.7 743 745.8 748.6 753.8 755.6 757.4 753.2 748.7 749.9 747.9 746.9 746.8 750.7 750.2 750.2 746.6 737 730 730.1 733.3 730.9 733.2 728.9 720.1 714 704.2 700 688.8 687 677.8 666.7 662.6 654 633.4 605.2 589.7 568.6 544.7 508.7 473.8 485.3 529.1 527.5 497.8 467.6 445.3 425 412.9 407.5 403.2 417.4 437.7 455.7 479.5 508.3 541.1 583.8 635.7 689.1 724.5 737.7 747.7 757.7 766.4 776.5 788.6 800.9 813 825.2 834.3 838 837.9 835.1
741 738.6 738.1 734.6 736 740.5 742.3 745.6 750.2 752.9 753.4 746.5 747.5 744.4 743.6 744.9 745.6 749.1 754.9 751.2 740.6 734.2 730 728.3 725.3 724.9 726.8 717.3 711.1 702 694.8 686.5 681.2 679.6 670.8 666.5 667.8 658.6 650.9 625.8 602.9 581 550.2 510 515 542.7 574.2 574.8 545.4 510.3 463.4 441.6 427.7 421.1 416.1 419.2 437.4 459.7 485 510.6 542.1 583.6 643 691.2 723.8 736.5 746.8 756.6 765.7 775.6 788.9 800.1 813 823.8 832.7 837 835.5 832.8
736.7 737.3 737.4 731.6 735.4 737.2 739.5 743.5 746.6 748.8 747.7 742.2 742.1 740.9 740 742.1 746.7 753.2 754.9 749.5 741.7 733.2 727.8 724.3 721.3 718.9 718.4 711.9 706.5 699.8 694.3 686.8 681.7 677.9 672 674.6 674.7 668.6 656.7 639.7 610.2 585.3 552.1 546.1 574.5 601.8 604.4 579.2 550.3 522 497.1 467.4 443.3 438.1 434.4 432.3 445.4 465.7 494.5 525.1 562.9 611.6 663.8 704.4 721.8 733.8 743.8 755.3 764.6 776.4 787.1 799 812.4 822.9 830.3 833.9 832.6 830.4
734.4 734.2 732.5 730.3 732.9 732.3 736.1 740.2 742.7 744.8 741.4 737.6 737.7 738.1 739.3 741.4 748.2 754.3 748.9 746.6 738 734.1 727.4 723.4 712.9 716.6 713 708.7 704.9 698.3 697 692.1 687.7 684.8 677.1 681.1 682.6 674.4 663.8 638.4 612.1 583.9 571.5 597.5 617.3 619.8 612.6 592 562 535.4 511.5 507.5 508 498.7 469.2 454.8 464.3 479.7 494.5 536.1 584.7 633.9 683.8 710.7 719.2 730.2 742.7 754.3 764.5 776.3 786.5 797.8 810.3 820.3 826.6 829.4 829.8 827.7
