UK/data/sh/sh77_OST50GRID_20230518/SH77.asc
ncols 200
nrows 200
xllcorner 270000
yllcorner 370000
cellsize 50
[rows 72 to 107 of 200, columns 0 to 81 of 200]
-2.3 -2.3 -2.3 -2.3 -2.3 -2.3 -1.3 -1.1 -0.8 -0.5 -0.3 -0.1 0.2 0.4 0.8 1.1 1.2 1.6 2 2.4 5.9 9.9 5.8 6.4 9.6 9.6 9.7 9.3 13.2 19.4 21.5 24.5 26.7 28.5 31.5 34.1 35 32.8 27.9 26.7 31.2 36.3 42.3 48.4 58.5 66.5 70.3 72.4 76.6 80.9 82.3 89.5 100.9 110.8 116.4 122.1 131.5 149.1 166.9 186.4 215.9 245 274.6 297.4 299 292.9 285.3 287.7 286.4 278.8 266 257.5 244.4 234.9 224.4 209.1 196.1 186.1 173 159.3 149.2 132.9
-2.3 -1 -0.6 -0.3 -0.1 0.2 0.4 0.4 0.6 0.9 1.1 1.3 1.5 1.8 2.2 2.6 2.7 5.8 7.7 9.9 10.1 10.7 10.8 10.9 12.2 17.7 20.2 23.4 25.7 27.9 30.9 31.9 32.3 35.1 36.8 40 40 37.4 34.9 32.3 34.4 38.3 43.7 50.3 59.9 67 73.7 79 81.8 84 87.5 92.8 103.3 111.6 122.5 135.2 147.8 163 179.9 203.6 231.4 262.4 292.4 318.8 328.7 324.2 308.7 305 302.6 297.6 287.5 281 272 258.8 244.2 229.8 209.9 205.7 197.4 179.3 160.6 154
0.7 1.2 1.4 1.7 1.9 2 2.1 2 2 2.4 2.5 2.6 4 7.7 10.9 17.1 19.5 16.9 14.1 12.6 12.3 18.6 23.7 23.3 28.2 28.4 29.3 32.5 33.8 36.4 37.6 38.2 38.4 39.5 41.4 43.7 41.8 42.8 38.4 37.4 40.5 43.4 47 52.1 60 67.3 75.8 81.9 85.3 89.1 92.1 96.7 102.7 110.1 128.8 144.6 159 174.2 194.2 220 250.3 281.1 311.4 331.7 344.7 343.8 330.5 319.6 313.3 304.9 298.5 291.2 281.2 266.4 252.4 238.8 231.9 218.4 196.9 173.5 168.3 179.9
11.6 36.2 21.5 26.1 30.6 29 26.3 23 19.5 15.1 10.2 10.5 10.3 10.6 10.4 10.4 16.7 24.9 29.9 31.3 28.8 30.2 31.5 30.7 32.1 33.1 34.9 39.7 42.1 43.1 44.6 45.1 45.3 45.8 48.1 48.7 50.4 49.7 44.3 44.1 47 49.3 54.3 58.3 61.9 69.5 79.5 85.2 88.6 93 97 102.1 108.5 116.7 134.7 156.2 176.4 191.4 207.4 233.5 267 305 330.9 347.7 351.4 350 340.6 324.8 309.6 302.4 292.9 286.7 280.3 269.3 258.1 242.6 229.9 213 202.5 197.4 194.6 201.6
71.3 78.7 70.6 72.2 70.7 63 61 53.2 40.9 36.4 34.5 33.1 31.9 28.8 34.2 35.9 35.7 36 36.4 38.5 38.4 37.1 38.6 41.4 39.8 42.1 44.7 43.5 47.8 50.4 51.1 52.5 52.3 53.7 53.1 53 55.7 54.7 54.6 53.3 51.5 56.2 62.6 65.7 67.9 71.6 80.8 91.1 95.4 98.4 103.4 107 113.5 128.1 151.2 165.7 186.6 206.7 221 241.5 276 307.8 335.1 351.4 359.2 353.4 341.7 324.9 306.4 296.8 289.2 281 275.5 267.3 256.7 247.4 228.2 218 213.3 218.2 216.4 209.7
118.7 115.5 106.6 106.9 103.5 98.9 96.3 89.4 82.4 73.2 60.1 52 46.6 45.9 48.1 49 46.8 46.4 48.4 48.6 47.2 49 47 45.7 47.2 49.1 52.5 54 56.7 59.1 58.7 59.5 59.2 60.4 58.6 57.7 60.9 63.1 62.2 61.1 59.1 64.3 67.4 73.7 76.7 81 85.6 92.4 103.2 110.1 113.5 113.1 117.2 137.4 164.6 186 199.3 213 221.8 243.2 270.3 301 325.5 344.7 349.7 349.5 333.8 321.7 301 292 284.5 278.7 272.8 265.8 255.1 244.8 230.8 220.6 218.2 218.6 218.6 213.8
158.5 144.1 139.8 138.4 138.6 138.2 135.6 125.7 121 105.6 96.9 85.9 78.6 64.7 65.6 60.8 60.8 58.9 58.3 57.6 56.4 56 56.3 56.9 57.1 58.9 59.2 61 62.7 66.4 68.3 67.3 66.5 65.8 64 64.1 65.6 68.5 68.9 68.2 67.6 68.4 74.2 78.3 83.6 87.4 92.2 94.8 103.8 114.4 125.3 124.8 125.7 138.5 172.3 201.7 214.3 215.4 217.9 233.7 256.8 287.1 314.1 332 340.4 339.8 330.4 310.7 301.1 288.4 282.1 275.3 268.7 260.9 251.5 239.8 228.4 222.6 221.9 221.5 223 214.8
185.8 184.5 175.5 170.4 164.9 160.2 153.9 147.7 143.2 141.1 136.8 121.6 116.1 91.7 99.4 90.4 72.7 72 70 68.4 67.6 67 66.5 65.3 64.8 64.2 65.1 67.5 71.3 73.8 71.3 71.2 71.1 70.7 71.2 72.9 73.3 74.5 74.9 75 74.4 73.9 79.7 84.7 87.7 92.1 94.4 101.2 104.5 114 126.1 135.1 137 140.2 164.4 184.7 204 206.4 209.4 225.6 243.6 269.3 294.5 315.4 329.1 328.2 322.7 309.2 299.9 290.1 279.7 271.2 264.7 257.1 248.2 236.5 230.4 226.1 224.7 222.8 221.5 216.7
219.7 218.3 215.3 205.3 198.2 197 191.9 180.8 168.4 163.6 144.3 143.2 141.1 117.3 124.6 104.6 84.4 80.7 80.5 79.7 76.8 77 75 74.5 74 72.3 74.5 79.9 80.7 81.3 83 81.6 78.3 78 79 80.8 81.1 81.9 81.9 82.6 83 81.6 84.7 90.5 93.2 96.6 100.8 104.1 107.5 114.9 123.5 134.4 142.4 147.4 155.1 167.6 183 189.4 198.3 220 237.6 253.6 276.4 295.2 312 323 317.9 311.4 302.1 292.3 281.9 270.4 261 253 246.8 241 238.1 236 231.7 228.9 224.6 221.4
267.9 268 251.4 240.7 234.2 231.6 227.4 215.5 203.2 186.9 166.1 141.5 141.4 144.3 137.1 106.9 97.3 93.9 91.3 89.9 87.5 87.3 85.3 85.4 82.4 80.7 82.5 83.3 90.8 91.9 94.1 94 92.5 91.1 92 90.4 90.9 89.8 89.5 90 89.4 89.5 89.1 94.5 97.3 101 105.2 109.3 117.5 119 124.5 131.9 139.7 148 156.1 164 174.2 182 193.2 208.2 226.9 245.9 263.7 285.9 311.6 317.7 317.2 311.5 302.4 294.7 285.5 273.4 263.9 255.1 248.3 244.7 242.8 241.6 237.7 234 229.9 226.3
291.8 291.5 291 279.6 270.2 270.4 268.2 252 234.7 217.7 196.8 148.9 146.4 144.3 139.9 122 110.6 107.3 104.3 102.5 99.8 98.7 94.4 91.7 90.1 92.2 97 97.3 100.4 104.5 108.2 106 104.9 101.5 100.7 99.2 99.8 99 99.1 98.4 99.4 96.5 95.1 99.7 104.1 107.6 110.3 116 120.4 123.2 128.3 133.8 141.8 148.8 157.6 166.3 173.4 182.4 191.4 201.3 213.2 229.3 253.9 276.1 303.7 316.8 316 310.3 305.1 297.9 290.1 276.9 268.4 260.3 252.4 247.6 243.9 242.7 242.5 236.2 229.4 224.3
292.5 293.2 334.3 320.5 308.2 310.3 305.6 285.4 265.3 252.4 222.8 182.8 164.8 172.2 158.4 143.9 128.6 121.5 114.7 114.6 113.1 108.3 104.4 104.5 108.9 111.7 119 114.6 123.8 120.5 121.9 120.4 118.1 114.5 111.5 109.3 108.4 107.6 107.3 107 105.5 104.3 104.9 105.3 109.2 113.7 117.4 124 126.1 130.7 133 139.3 148.1 153.8 164.1 172.4 176.7 182.2 191.6 201.2 213.1 225.4 244.9 266.1 285.2 298.6 301.7 302.8 301.7 297.2 290.1 284 272.2 265.5 257 250.1 245 242 238.9 233 226.2 220.9
319.1 320.3 340.9 356.6 356.9 357 349.1 322.1 299.7 276.8 262.4 237.9 212.4 200.9 181.9 160 148.4 138 130.2 127.1 123.4 125 120.4 127.1 133.2 130.3 133.5 140.4 145.6 146.4 138 136.5 132.2 130.7 131.5 130.7 126 119 115.2 114.1 114.5 114.2 111.7 110.9 113.4 118 121.4 122.7 129.9 135.3 137.4 144.1 151.5 160.4 168.6 176.7 182.4 187.8 195.7 218.7 241.9 249.9 254.8 258.7 267.2 279.7 292.2 300.8 297.5 293.8 288.4 283.5 278.3 267.2 261 253.6 246.3 242.8 237.3 233.8 227.9 222
348.7 349 331.2 358.4 382.7 382.7 375.8 348.2 315 292.9 271.2 255.7 242.9 225.7 198.9 180.7 162.6 149 149.1 147.7 145 143.2 148 148.7 149.8 152.2 158.2 161.5 168.9 158.2 154.9 151.6 152.1 152.2 152.9 148.6 145.1 135.7 128.2 122.5 122.9 123.5 121.4 118.8 119.6 122.8 125.9 129.1 138.5 137.9 140.8 147.8 156.1 165.5 174.3 181.4 193.5 211 214.6 223.2 245.5 272.6 290.8 292 286.1 286 299 304.3 294.4 290.4 284.2 279.6 275.2 270.4 263.3 256.1 249 242.8 237.1 233.4 230.6 223.2
319 311.7 307.1 320.5 342.3 383.9 374.3 351.5 324.4 303.6 286.6 279.9 270.8 246 221.3 198.5 179 169.5 163.2 148.7 147.9 153.9 165.5 171.7 178.6 179.2 183 186.7 188.6 181.8 176.1 174.5 175.7 177.5 175.1 169.8 163.1 157.8 146.3 138.6 134 133.2 130.5 127.6 127.1 128.4 131 131.9 137.9 138.2 144.8 158.6 169.7 177.1 182.3 190 205.8 226.7 235.3 244.6 249.7 266.3 289.9 312.8 310.1 300.5 295 303.4 297.3 292.7 284.7 278.1 272.1 268.2 263.1 257.3 251 244.1 236.8 232.3 230.4 224
320.3 306.4 306.8 309.5 312 351.1 375.1 351.3 329.1 311 297.9 292.9 287.1 265.3 242.4 209.8 197 187.1 179.1 163.2 170.8 176.1 197 207.9 209.2 214.3 211.9 215.5 215.3 208.4 191.9 194.8 198.7 200.2 196.4 190.9 185.6 178.4 168.2 156.7 149.7 146.3 137.9 135.6 132.2 135.1 136.9 137.4 140.5 146.6 156.8 175 191.6 197.8 206.5 213.1 223.8 238.5 252 264 273.6 277.9 286.2 301.5 309.7 303.6 297.6 304.7 303.4 303.2 296.2 283.3 274 267.1 261.1 254.1 249.7 246.2 239.6 230.4 224.4 221.5
317.2 306.7 306.7 307 314.8 350.9 378.6 358.3 340.5 326.5 312.5 298.8 294.5 283.2 252 230.3 234.7 222.3 193.1 180 194.3 218.4 223.3 226.7 227.4 236.8 245.2 245 239 233.9 222.2 217.5 220.6 219.6 217.9 214.9 209.3 201.2 189.4 176.1 166.3 160 147 143.1 138.8 141.3 142.4 142.9 146.9 156.6 167.6 188.3 218.7 221 226.3 233 240.4 251.5 266.8 280 288 288.5 292.1 296.6 301.5 301.8 303 311.7 306.6 300.2 295.3 288.5 282.9 276.4 266.4 257 249.3 245.5 239.3 229.7 234.7 232.5
306.4 306.8 307 306.8 320 342.6 377.8 365.2 350 337.2 328.1 317.2 307.5 296 270.8 275.6 265.5 232.6 203.5 201.9 221 231.7 241.7 237.1 236.4 257.9 267.9 271.5 270.1 257.1 237.8 245.3 247.8 249.1 248.3 236 231.2 222.4 212 198.7 184.4 172.4 160.9 149 146.1 145.1 150 154.6 157.8 167.5 179.9 197.4 224.4 241.5 246 252.8 257.5 265.8 276.7 301.2 307.4 303.1 300.7 306.4 319.8 314 300.4 309.1 306.6 299.5 290.5 286.5 283 278.4 274 265.5 255.9 246 238.5 236.8 236.8 237.1
308.4 306.7 306.7 307 320.9 331.5 366.6 375.3 361.8 353.6 341.9 326.5 315.3 307.2 292 293.8 273 243.3 220 226.7 248.4 266.9 264.8 244.6 248.7 270.1 302.2 305.3 293.6 283.1 270.1 271.9 280.6 274.8 273.7 263.2 250.6 243.6 231.2 219.1 203.9 186.8 169 153.8 150.9 151.3 155.5 162.4 165.5 177.8 193.9 212.3 231.1 257.5 263.8 270.6 274.3 276.7 287.1 304.1 322.7 326 322.7 315.2 317 321.8 308.9 299.3 296.6 291.1 289.5 284.6 283.4 276.1 266.8 258.9 252.7 249.6 237.7 241.4 240.8 241.5
320.6 306.8 306.7 307.1 307.3 332.7 354.1 371.1 376.4 361.5 344 327.9 322.2 316.3 309.1 305 283.2 256.2 242.7 251.5 273.3 293.8 284.6 261.8 257.6 282.2 320.6 324 315 312.3 295.2 299.5 314.8 275.5 274.3 293 274.4 260.3 248 230.8 218.9 195.1 170.2 157.4 155 157.3 160.1 167.5 176.3 190 208.5 229.6 255.6 276.6 281.9 285.9 292.3 294.3 297 320.9 334.1 348.4 351.3 339.3 325.2 316.9 311.5 301 295.4 287.4 284.2 281.6 278 272.9 263.6 257.2 251.3 246.2 246.3 245.8 244.9 245.7
319.9 306.8 307.2 307 312.9 335.7 337.9 358.3 372.1 355.1 338.5 331.8 327.3 321 316.1 311.2 292.4 269.3 269.6 279.2 300.2 313.7 309.3 284.1 282.8 296.1 325.8 336.8 335.5 332.2 318.7 304.7 299.8 303.6 307.1 308.2 301.5 278.8 262.6 243.8 225.4 197.6 172 159.1 159.5 162.5 166.3 172.6 183.6 199.5 223 246 274.8 292.5 298.7 299.1 307.5 308.8 312 342.5 365.3 370.3 354 344.9 330.1 324.8 310.1 301.6 293.8 293.3 281.5 278.1 279.8 271 263 256.1 250.2 245.5 249.5 248.8 247.6 250.4
338.7 320.6 307.1 307.3 322.6 366.8 365.3 344 353.9 353.9 341.8 334.9 330.7 327 325 318.3 303.1 297.1 295.9 306.3 324.5 327.6 325.2 306.8 291.8 307.5 340.5 341.8 338.4 338.4 338.7 316.3 306.7 305.7 307.7 312.5 322.8 298.2 280.3 256.4 233.7 204.5 178.9 164.4 163.6 168.9 174.7 179.5 192.2 215.6 238.9 262.9 295.1 304.6 304.8 311.3 318.9 318.3 326.3 355.1 377.4 373 355.4 337.8 326.2 319.1 310.4 299.5 292 290.9 284 275.9 278.5 271.4 263.8 256.1 249 251.8 252.7 252.8 252.4 254.6
349.8 322.9 307.3 319.3 348.2 368.8 366.1 355.2 355.9 349.3 345.4 340.5 341.2 339.5 330.3 325.2 318.5 318.4 317.9 324.9 335.3 336.7 337.7 309.4 308.2 335.3 345.2 342.4 340.5 343.6 341.9 315.9 310.4 307 315.5 308.9 338.9 309.7 291.8 263.7 241.7 218.8 190.3 172.4 176.6 185.4 182.6 189.8 207.6 232.6 255.4 276.2 308.4 312.1 313.1 318.4 327.6 329.8 338.9 362 373.3 369.7 351.1 337.7 319.2 312 306.5 299.1 290.9 283.8 280.1 274.6 272.5 268.6 265 259.3 252.9 256 256.6 257.2 259 261
353 334.8 320.7 351.7 366.9 366.1 364.5 364.6 353.1 352.1 349.3 345 343.2 344.4 344.1 343.9 332.2 332.7 336.6 342.2 343.9 344 345.1 334.6 336 347.5 345.9 344.6 348 354.5 342.8 344.7 335.6 328.1 333.1 344.9 339.2 322 301.1 277.1 252.1 233.2 203.6 185.5 192 202.9 197.8 206.1 228.3 252.4 273.6 291.5 308 318.4 323.4 326.8 331.5 336.2 346.9 357.4 357 351.1 339.3 330.3 319 314.9 310.8 298.9 291.9 283.9 278.7 275.4 272.7 269.1 265.2 259.3 257.7 259.4 260.4 262.2 263 265
351.6 352 350 362.8 366.3 369.8 364.2 361.9 359.6 352.9 349.1 345.2 345.2 345 344.7 344.5 344 344 344.4 344.2 346.1 345.8 349 352.2 352.5 350.8 349.2 348.8 351.4 358.7 351.3 343.4 344 343.7 359.2 379.5 341.8 331.5 314.5 296.4 269.8 244 223.7 209.2 216.1 221 218.9 239.9 247.4 279.9 291.4 304.5 318.4 329.7 334.7 336.2 336.6 337.8 342 351.7 352.2 342.6 333.7 329.3 321.7 315.6 311.3 301.5 295.3 286.3 278.8 276.1 273.9 273.9 266.8 262 260.6 264.7 264.3 267.4 269 272.7
360.2 355 358.8 367 370.7 371.2 366.6 362.6 362.4 356.7 350.7 349.7 353.4 350.5 347.4 346.3 347.7 348 348 349 350.1 351.6 354.5 358.8 358 353.9 354.2 354.6 359 375.7 385.6 389.8 395.6 402.9 400.3 382.4 350.2 341.4 326.8 310.2 291.8 262.4 243.1 235.9 246.9 243.4 246.9 268.6 286.4 289.4 307.3 319.8 331.3 339.1 346.5 348.3 344.7 342.8 341.8 343.1 341.6 336.9 328.8 321.5 319.2 315.1 309.1 304.7 295.8 287.1 281.2 277.4 274.2 270.5 268.3 263.7 264.4 268.5 269.7 271.9 274.3 278.2
367.3 369.6 369.3 369 366.2 360.1 366.6 368.9 367.1 364.4 358.9 358.1 357.1 355.1 351.5 351 351.9 353.5 353.9 355.3 356 357.9 360.1 362.3 363 360.6 358.1 360.2 366.2 383.2 392.1 394.7 401 406.2 404.2 379.1 360.2 347.2 334.7 321 306.5 287.7 265.5 276.3 267.7 268.5 270.8 302.2 320 301.8 324.5 337.5 349.1 356.3 359.5 359.1 358.1 351.6 347.6 343.3 336.4 331 325.8 319 315.3 310.3 305.5 299.9 294.6 289.4 285.2 279.5 277.1 273.7 269.5 269.6 263.8 272.1 274.4 276.4 280.4 284.2
351.6 354.3 355.7 354.8 354.5 360.3 366.8 369.8 371.1 369.7 368.8 365.8 363.9 360.4 358.5 355.8 358.3 359.8 360.5 361.9 363.5 365.8 366.7 366.4 365.1 363.2 362.6 367.6 372.5 390.3 396.1 400.8 407 411.3 401.7 383.8 367.4 354.4 344.9 331.2 316.6 302.2 288.4 293.8 293.9 301.2 312.3 328.8 327.6 316.6 341.3 356.1 367.1 373.2 374.6 376.2 371 361.1 352 343.8 335 327.2 321.9 317.7 313.2 308.2 302.5 298.1 294.7 290.1 287.5 283.9 279.4 275.3 273.1 270.1 272.8 275.2 279.1 280.8 285 290.5
337.7 340.4 341.6 339.5 348.3 356.6 362.3 368 370.3 371 371.4 372.3 370.1 367.6 366.4 367.6 367.7 368.3 370.2 370.3 370.9 371.8 371.4 370.3 368.7 368.1 370.8 375 385.6 396.1 401.2 405.7 410.6 417 397 388.1 376.1 362.5 352.9 339.3 326.6 312.4 305.6 312.6 329.2 340.7 338.2 335.3 334.5 344.2 355.8 371.1 381.9 379.4 378.8 375.6 372.8 363.4 354.3 345.6 334.8 325.6 319.5 314.6 311.5 306.3 301.6 297.8 294.7 293.4 290.4 286.3 281.6 277.1 272.2 275.8 278 280.1 282.4 286 289.9 295.7
325 327.6 327.1 315.7 341.6 350.7 354.9 360.6 364.5 366.7 370 369.5 366 369.5 375 380.1 382.1 383.2 381 381.8 382.9 380 382.6 382.6 379.9 382.6 388.5 389.8 395.4 403 407.7 410.1 415.1 408.6 396.9 391.9 379.8 368.7 359.5 348.4 337.2 320.5 317.2 332.5 363.4 354.1 345.7 344.6 347.6 357.3 364.2 380.5 388.9 385.2 381.9 377.9 372.2 362 351.2 343.6 336.1 326.3 318.7 313.2 309.4 306 302 299.3 297.3 295.4 291.8 287.9 283.8 280.5 275 280.4 281.4 284.8 286.8 290 294.4 302.2
309.2 311.1 308.1 305.7 323.9 337.3 343.7 349.4 354 354.6 358.7 360.7 365.7 372.5 379.6 387.2 392.4 395.1 394.8 395.8 395 398.2 400.3 399.5 398.7 399.1 398.8 398.2 403.3 408.4 413.7 416.8 412.2 399.9 396.8 389.5 380.9 372.5 363.4 353.5 340 330.5 332.7 349 367.2 356.5 354.1 355.6 359.9 363.5 368.5 376.8 389.9 385.7 381.9 376.8 369.7 360.3 353.3 344.8 334.9 327.2 320.3 314.8 310.3 306.7 303.1 300.3 298.1 295.7 292.9 288.2 286.1 278.5 283 283.2 285.6 288.1 292 297.8 304.3 306.4
294.5 295.7 290.4 289.5 300 308.9 318 324.9 329.2 331.5 336.9 350.3 361.1 369.3 376 388 406 401 402.8 406.9 409.9 413.1 413.8 411.9 410 405.5 402.7 404.2 408.2 415 422.4 417.3 406.2 401.3 395.3 389.9 383.6 374.6 366 356.1 342.3 339.7 347.9 360.5 368 363.5 362.8 365.2 369.7 376.6 377.9 376.1 380.4 380.4 374.8 365 361.2 355.9 351.6 345.4 338 327 322.3 318.7 311.9 307.5 304.1 300.9 298.1 295.9 292.7 291.4 284.9 286.7 287.4 287.9 289.6 292.5 299.1 305 313 316.8
276.7 275.9 272.9 274.2 282.3 289.6 295.2 298.2 299.4 306.2 319 338.9 350.7 358.2 366.7 376.6 385 394.9 404.3 410.4 416 420.9 422.6 420.4 416 410.4 406.5 408.9 416.2 418.4 413 406.5 403 398.6 394.9 390.6 385.7 377.8 369 357.5 350.9 355.5 359.6 366.3 371.7 373.4 371.1 377.3 381 382.5 382.7 379.3 376.2 371.3 367.7 361.5 356.7 350.2 346.3 341.7 335.1 328.5 324.1 320.3 315.4 307.8 303.4 299.5 297.4 296.5 294.4 290.5 285.6 291.9 291.8 292.4 294.6 298.9 306 314.6 322.8 324.7
261.4 260 262.1 264.2 265 270.3 275.3 279.5 287.1 295.6 310.8 330.7 342.9 350.3 358.4 367.1 377.6 385.9 393.7 400.3 410.4 415.8 419.9 420.6 420.9 414.3 405.7 405.3 405.8 405 405 401.2 398.9 396.3 394.6 390.2 386 382 375.7 369.2 364.4 367.3 371.3 380.3 386.2 388.6 384.5 386.3 385.7 389.3 391 387.9 378.8 369.4 362.9 359.1 353.7 349.2 345.4 340.4 335.3 330.5 325.9 320.8 316.2 311.7 305.5 302.4 300.1 296 294.2 295.4 296.7 295.1 296.6 296.8 300.6 307.1 316.4 322 331.3 335.9
245.1 247.8 251.7 253.4 255.6 259.3 263.5 268.9 276.3 285.5 301.6 321.3 330.9 341.2 349.8 358.8 367.3 373.9 381.4 391 396.9 400.1 401.4 402.5 400.3 397.4 397.3 397.3 396 396.2 395.3 394.1 392.7 390 387.6 387.7 387.6 387.1 384.7 380.1 376.9 380 383.4 396.9 400.9 401.2 394.1 393.7 390.8 396.6 401.2 397.1 384.5 372.2 360.5 356.6 353.5 350.6 345.1 339.5 336.1 332.4 328 322.7 317.6 313.2 308.3 304.4 301.9 296 298.2 299.3 302.1 300.9 302.6 303.5 306.5 312 323.4 329.7 334.8 341.3
235.9 239.1 241.3 245.3 248.2 252.7 257 264.9 273.2 281.8 292.2 307.8 318.2 330.7 338.6 350.3 358.8 365.8 372 378.8 384.9 388.7 390.9 391 390.1 390 389.6 389 388.6 388.2 387 389.7 387.6 387 387.7 390 394.3 396 392.3 388.8 388.7 391 396.5 401.8 401.1 400.1 398.9 399.9 400.2 403 406.9 400.3 388.3 370.7 361.8 358 354.4 351.2 348.3 344.2 340.2 335.8 331.5 326.9 322.1 316.3 310.7 307.1 304.2 299.7 303.3 302.9 304.8 307 308.4 308.9 312.1 317.6 325.3 334.6 341.9 344.4
