UK/data/nr/nr39_OST50GRID_20230518/NR39.asc
ncols 200
nrows 200
xllcorner 130000
yllcorner 690000
cellsize 50
[rows 74 to 110 of 200, columns 85 to 169 of 200]
-1.4 -1.4 -1.4 -1.4 -1.4 -1.4 -1.4 -1.4 -1.4 -1.4 -1.4 -1.4 -1.4 -1.4 -1.4 -1.4 -1.4 -1.4 -1.4 -1.4 -1.4 -1.4 -1.4 -1.4 -1.4 -1.4 -1.4 -1.4 -1.4 -1.4 -1.4 -1.4 -1.4 -1.4 -1.4 -1.4 -1.4 14.3 3.5 22.4 34 74 110.4 115.2 109.5 101.3 91.5 88.6 84.3 76.6 74.7 67.6 67.5 73.7 66.6 58.7 63.9 69.9 73.9 74.4 73.7 73.4 73.8 73.2 73.5 78 81.5 87.1 93 98.8 101.4 99 93.3 87.4 85.5 83.8 82.8 79.2 69.5 60 53.7 46.2 42.2 38.9 35
-1.4 -1.4 -1.4 -1.4 -1.4 -1.4 -1.4 -1.4 -1.4 -1.4 -1.4 -1.4 -1.4 -1.4 -1.4 -1.4 -1.4 -1.4 -1.4 -1.4 -1.4 -1.4 -1.4 -1.4 -1.4 -1.4 -1.4 -1.4 -1.4 -1.4 -1.4 -1.4 -1.4 -1.4 3 -1.4 11.9 23.8 39.2 30.9 44.9 96.1 107.5 108.8 105.2 97.8 89 86.5 83.2 76.1 69.4 63.6 64.7 58.8 55.9 65.6 65.1 64.8 70.7 69.5 67.9 69.2 69.3 73 68.4 71.7 77 83.9 89.7 95 98.8 94.9 87.3 84.2 81.6 76.2 78.1 70.8 64.3 61.4 56.2 48.2 42.9 40.2 33.9
-1.4 -1.4 -1.4 -1.4 -1.4 -1.4 -1.4 -1.4 -1.4 -1.4 -1.4 -1.4 -1.4 -1.4 -1.4 -1.4 -1.4 -1.4 -1.4 -1.4 -1.4 -1.4 -1.4 -1.4 -1.4 -1.4 -1.4 -1.4 -1.4 -1.4 -1.4 -1.4 -1.4 -1.4 11.2 9 34.4 40 44.8 39.5 66.2 95.1 105.9 102.9 96.6 91.9 82.5 81.2 76.7 71.1 64.7 58.4 56.9 54.6 67.1 63.2 62.8 61.7 61.7 63.5 63.7 65.4 68.9 65.5 63.9 66.4 73.9 79.4 84.6 90.6 91.6 89.3 84.3 82.6 80.4 75.4 70.6 70.1 59.3 61.1 54.5 47.3 39.6 38.1 30
-1.4 -1.4 -1.4 -1.4 -1.4 -1.4 -1.4 -1.4 -1.4 -1.4 -1.4 -1.4 -1.4 -1.4 -1.4 -1.4 -1.4 -1.4 -1.4 -1.4 -1.4 -1.4 -1.4 -1.4 -1.4 -1.4 -1.4 -1.4 -1.4 -1.4 -1.4 -1.4 -1.4 2.1 13 44.1 34.4 46.3 45.6 46 76.4 87.3 98.3 96.6 91.1 86.5 77.3 75 71 62.6 58.9 53.6 54.1 58.1 61.4 64.4 62.5 61.9 60.8 58.8 58 61.1 59.8 57.7 58 66.4 71.2 74.5 80.2 85.5 87.4 82.4 77.9 76.5 77.5 74.7 62.6 60 55.9 55 49.6 45.3 39.3 38.1 35.9
-1.4 -1.4 -1.4 -1.4 -1.4 -1.4 -1.4 -1.4 -1.4 -1.4 -1.4 -1.4 -1.4 -1.4 -1.4 -1.4 -1.4 -1.4 -1.4 -1.4 -1.4 -1.4 -1.4 -1.4 -1.4 -1.4 -1.4 -1.4 -1.4 -1.4 -1.4 -1.4 -1.4 -1.4 42.1 41.8 36.2 50.5 48.6 59.9 74.4 75.4 80.1 90 86.3 80.6 73.4 70.5 64.1 54.3 52.9 53.7 54.2 59.3 58.7 61.5 61 62.6 58.7 55.8 55.1 59.4 52.7 52.4 54.3 57.3 60.3 66.4 72.6 78.2 78.1 77.2 72.4 72.7 75.8 73.1 62.8 55.2 56.3 50.7 45.4 41.7 37.9 36.1 33.9
-1.4 -1.4 -1.4 -1.4 -1.4 -1.4 -1.4 -1.4 -1.4 -1.4 -1.4 -1.4 -1.4 -1.4 -1.4 -1.4 -1.4 -1.4 -1.4 -1.4 -1.4 -1.4 -1.4 -1.4 -1.4 -1.4 -1.4 -1.4 -1.4 -1.4 -1.4 -1.4 -1.4 -1.4 37.1 32.8 42.3 55.5 50.7 61.7 67.5 68.8 65.7 79.3 80.9 74 67.9 61.4 56.4 52.6 53.6 54 58.3 66.9 70.8 61.7 61.6 61 57.9 59 53.7 53.8 52.7 53 51.3 47.5 51.8 54.8 61.5 66 66.7 69 68.6 66.8 67.6 70.2 71.1 51.2 54 47.9 46.3 41.1 37.6 33.7 31.2
-1.4 -1.4 -1.4 -1.4 -1.4 -1.4 -1.4 -1.4 -1.4 -1.4 -1.4 -1.4 -1.4 -1.4 -1.4 -1.4 -1.4 -1.4 -1.4 -1.4 -1.4 -1.4 -1.4 -1.4 -1.4 -1.4 -1.4 -1.4 -1.4 -1.4 -1.4 -1.4 -1.4 36.7 33.4 29.6 41.3 47.4 47.7 56.8 64.8 60.5 59.8 52.5 70.2 65.8 57.6 53.4 56.5 59 55.1 62.8 71.3 74.5 69.5 62.1 60.3 60.4 57.8 56 52.9 53.2 53.9 55.3 50.7 44.6 42.3 46.7 49.6 53.2 53.3 58.2 62 62.2 61.9 60 62.9 54.1 50.3 52.7 44.8 39 37.6 35.3 30.2
-1.4 -1.4 -1.4 -1.4 -1.4 -1.4 -1.4 -1.4 -1.4 -1.4 -1.4 -1.4 -1.4 -1.4 -1.4 -1.4 -1.4 -1.4 -1.4 -1.4 -1.4 -1.4 -1.4 -1.4 -1.4 -1.4 -1.4 -1.4 -1.4 -1.4 -1.4 -1.4 7.9 37.6 26.4 33.2 42.2 44.5 46 54.4 67.3 61.5 51 50.4 57.4 55.9 53 54.5 57 58.3 64 64.6 74.8 79.1 68.6 65.8 59.1 56.9 57 52.6 57.6 54.4 54.2 50.9 49.1 42.1 40.5 38.2 40.4 43.7 41.8 42.6 47.3 45.8 52 50.9 47.7 46.2 49.8 45.7 46.2 37.2 34.9 32.8 31.5
-1.4 -1.4 -1.4 -1.4 -1.4 -1.4 -1.4 -1.4 -1.4 -1.4 -1.4 -1.4 -1.4 -1.4 -1.4 -1.4 -1.4 -1.4 -1.4 -1.4 -1.4 -1.4 -1.4 -1.4 -1.4 -1.4 -1.4 -1.4 -1.4 -1.4 -1.4 2.6 34.7 33.6 24.3 27.7 37.3 36.1 43.3 47.9 58.7 54.7 45.9 48.4 46.3 50.2 54.4 55.7 57.3 61.1 64.4 65.4 75.3 77.1 65.3 62.5 59.3 52 51.7 54.9 56.1 55.7 55.1 48.7 46.2 41.2 38.9 33.4 34.1 35.4 33.5 34.8 32.7 33.9 36.4 37.4 39.6 37.7 46.4 42 39.2 36.8 35.7 33.5 31.1
-1.4 -1.4 -1.4 -1.4 -1.4 -1.4 -1.4 -1.4 -1.4 -1.4 -1.4 -1.4 -1.4 -1.4 -1.4 -1.4 -1.4 -1.4 -1.4 -1.4 -1.4 -1.4 -1.4 -1.4 -1.4 -1.4 -1.4 -1.4 -1.4 -1.4 2.1 24.1 33.7 26.3 27.6 25 33.3 30.9 36.4 46.5 49 49.3 42.4 39.8 43.6 48.3 51 52.6 58 57.8 61.3 65.5 72.6 72.4 60.8 55.2 52.2 51.1 57.3 56.9 56.6 55.4 54.4 50.9 44.3 40.7 35.9 32.9 31.3 31 28.6 27.6 27.3 27.6 30.7 29.5 27.8 30.7 29.1 32.2 33.7 34.8 34.7 32.8 30.4
-1.4 -1.4 -1.4 -1.4 -1.4 -1.4 -1.4 -1.4 -1.4 -1.4 -1.4 -1.4 -1.4 -1.4 -1.4 -1.4 -1.4 -1.4 -1.4 -1.4 -1.4 -1.4 -1.4 -1.4 -1.4 -1.4 -1.4 -1.4 -1.4 -1.4 7.2 17.6 25.4 20.9 21.9 28.7 32.3 39.1 30.6 41.8 44.9 44.4 40.3 36.8 40.1 45.8 48.3 53.4 57.2 55.5 57.8 64.4 65.5 59.7 56.1 50.4 53.1 55.6 56.7 57 54.9 53.3 51.5 46.2 42.5 39.8 36.9 32.8 30.6 29.5 27.9 27.3 26.4 25.8 25.7 26 26.2 26.3 27.7 31.2 33.1 32.3 30.5 27.4 30.9
-1.4 -1.4 -1.4 -1.4 -1.4 -1.4 -1.4 -1.4 -1.4 -1.4 -1.4 -1.4 -1.4 -1.4 -1.4 -1.4 -1.4 -1.4 -1.4 -1.4 -1.4 -1.4 -1.4 -1.4 -1.4 -1.4 -1.4 -1.4 -1.4 3.4 12.9 14.9 21.5 17.1 20.2 26.6 26.1 29.3 28.1 34.8 35.8 38.1 38.2 35 39.6 43.4 47 50.9 54.4 52.5 50.4 52.6 50.1 48.9 47.8 52.6 53.7 55.1 56.5 56.3 52.8 49.7 47.8 43.4 41.8 38 33.6 29.6 27.9 26.6 26.6 26.6 26.6 26 25.4 25.7 26 26.2 26.5 27.1 27.3 26.3 25.7 23.9 23.9
-1.4 -1.4 -1.4 -1.4 -1.4 -1.4 -1.4 -1.4 -1.4 -1.4 -1.4 -1.4 -1.4 -1.4 -1.4 -1.4 -1.4 -1.4 -1.4 -1.4 -1.4 -1.4 -1.4 -1.4 -1.4 -1.4 -1.4 -1.4 -1.4 1.5 5.8 12.6 16.5 16.1 19.1 20.6 21.8 22 24.8 27.5 30.5 32.5 33.4 38.3 40.9 46.1 45.2 48.2 49.7 46.9 45.4 45.2 44.5 48.3 48.3 51.2 53.1 53.5 52.1 51.5 49 47.8 44.7 42.2 38.5 35.9 32.6 28.6 26.9 26.2 26.3 26.4 26.3 26 25.4 25.3 26.1 26.4 27.6 26.7 25.7 24.6 23.9 23.9 23.9
-1.4 -1.4 -1.4 -1.4 -1.4 -1.4 -1.4 -1.4 -1.4 -1.4 -1.4 -1.4 -1.4 -1.4 -1.4 -1.4 -1.4 -1.4 -1.4 -1.4 -1.4 -1.4 -1.4 -1.4 -1.4 -1.4 -1.4 -1.4 -1.4 2.2 6.6 12.9 17.1 15.1 16.6 18.1 18.9 21.3 22.9 25.5 30.3 34.4 38.6 38.6 41 45.1 45.1 46.2 48.3 45.2 43.5 41.6 43.2 46.2 48.4 49.9 53.5 52.8 51.3 50.6 50.3 46.9 44.2 40.6 37.7 33.7 29 27.5 26.7 25.9 26.1 26.1 26 25.8 25.4 25 25.8 27.4 28.5 26.6 25.4 24.7 23.9 23.9 23.9
-1.4 -1.4 -1.4 -1.4 -1.4 -1.4 -1.4 -1.4 -1.4 -1.4 -1.4 -1.4 -1.4 -1.4 -1.4 -1.4 -1.4 -1.4 -1.4 -1.4 -1.4 -1.4 -1.4 -1.4 -1.4 -1.4 -1.4 -1.4 1.8 2 6.4 13.3 13.4 14 15.1 15.8 18 19 24 26 32.3 39.3 38.7 40.5 45.5 45.7 44.4 43 42.7 40.3 42.8 43.4 44.2 45.7 48.1 49.9 53 53.3 50.3 50.3 48.9 46.1 42.2 41.2 35.6 31 28.6 28.4 27.6 26.7 26 25.8 25.7 25.5 25.4 24.9 25.1 24.1 25.8 25.2 23.9 23.9 23.9 23.9 23.9
-1.4 -1.4 -1.4 -1.4 -1.4 -1.4 -1.4 -1.4 -1.4 -1.4 -1.4 -1.4 -1.4 -1.4 -1.4 -1.4 -1.4 -1.4 -1.4 -1.4 -1.4 -1.4 -1.4 -1.4 -1.4 -1.4 -1.4 -1.4 1.6 2 7.6 7.9 8.2 10.4 12.6 14.2 16.9 18.3 28 28.9 37.6 39.7 37.8 40.6 44.8 41.5 42.5 40 39.1 39.8 42.6 42.5 42.6 43.8 46 49.2 52.6 52.1 48.6 48.5 45.9 43.3 39.5 37.7 34.6 30.6 29.6 28.9 28.4 27.1 25.7 25.4 25.4 25.2 25 24.8 23.9 23.9 23.9 23.9 23.9 23.9 23.9 23.9 23.9
-1.4 -1.4 -1.4 -1.4 -1.4 -1.4 -1.4 -1.4 -1.4 -1.4 -1.4 -1.4 -1.4 -1.4 -1.4 -1.4 -1.4 -1.4 -1.4 -1.4 -1.4 -1.4 -1.4 -1.4 -1.4 -1.4 -1.4 -1.4 0.4 1.6 3.1 6.4 5.9 7.1 13.5 15.5 17.4 19.7 23 36.2 37.7 39.4 37.6 38.8 42.4 41.4 39.5 38.5 38.6 39.7 40.5 39.8 40.1 41.6 44.5 48 49.7 49.9 46.6 44.6 42.4 40.2 36.5 34.4 32.2 29.6 28.2 26.9 27 26.1 25.8 25.7 25.3 25 24.7 24.1 23.9 23.9 23.9 23.9 26 33.9 30.7 28.8 35.1
-1.4 -1.4 -1.4 -1.4 -1.4 -1.4 -1.4 -1.4 -1.4 -1.4 -1.4 -1.4 -1.4 -1.4 -1.4 -1.4 -1.4 -1.4 -1.4 -1.4 -1.4 -1.4 -1.4 -1.4 -1.4 -1.4 -1.4 -1.4 -0.3 0.9 3.6 3.9 6.4 12.7 15.4 19 18.9 22.1 23.6 29.7 37.7 39.1 40 38.7 43.3 43.5 39.4 38.6 41.3 40.9 40.2 39.5 40.2 41.8 45.6 47.2 49.8 49.7 46.4 40.7 38.2 36.4 33.4 30 29 28.3 27.3 26.5 25.7 25.8 25.7 25.8 25.7 25.2 24.4 23.9 23.9 23.9 23.9 26.8 38.5 43.4 42.9 50.9 56.9
-1.4 -1.4 -1.4 -1.4 -1.4 -1.4 -1.4 -1.4 -1.4 -1.4 -1.4 -1.4 -1.4 -1.4 -1.4 -1.4 -1.4 -1.4 -1.4 -1.4 -1.4 -1.4 -1.4 -1.4 -1.4 -1.4 -1.4 -1.4 -0.2 1.1 2 5.2 9.2 13.1 17.5 20.9 18.3 23.6 34.4 36.6 36.7 37.7 41.9 38.9 41.6 36.6 38.4 41.3 41.5 40.4 39.6 37.2 38.5 40.2 42.8 44.6 46.6 46.2 41.1 35.1 32.7 30.2 26.7 25 25 25.3 26.2 26.7 26.5 25.6 25.4 25.3 25.2 24.8 23.9 23.9 23.9 25.8 34 41.7 52.1 61.7 69.8 69.9 71.7
-1.4 -1.4 -1.4 -1.4 -1.4 -1.4 -1.4 -1.4 -1.4 -1.4 -1.4 -1.4 -1.4 -1.4 -1.4 -1.4 -1.4 -1.4 -1.4 -1.4 -1.4 -1.4 -1.4 -1.4 -1.4 -1.4 -1.4 -1.4 -0.2 1.1 3.5 9.5 8.8 12.3 15.4 21.9 20.6 33.5 34.9 35.6 36.6 41.8 42.2 40.9 34.6 36.6 43.4 43.5 41.8 40.7 38.9 36.3 36.7 36.8 39.3 41.5 44 40.2 35.3 29.1 26.3 23.8 23.7 23.7 23.7 23.7 23.7 23.7 23.7 23.7 23.7 23.7 23.7 23.8 24.7 23.9 24 34.4 45.3 63.9 75.3 83.4 86.2 95.1 92.7
-1.4 -1.4 -1.4 -1.4 -1.4 -1.4 -1.4 -1.4 -1.4 -1.4 -1.4 -1.4 -1.4 -1.4 -1.4 -1.4 -1.4 -1.4 -1.4 -1.4 -1.4 -1.4 -1.4 -1.4 -1.4 -1.4 -1.4 -1.4 -0.8 1.8 6.2 9.4 11.6 16 20.3 19.8 21.9 37.9 35.6 35.9 38.6 38.7 40.9 37.4 36.1 38.9 43 41.3 41 40.5 38.9 35.8 34 35.2 36.4 36.3 39 35.3 31.4 25.6 23.7 23.7 23.7 23.7 23.7 23.7 23.7 23.7 23.7 23.7 23.7 27.8 32.5 26.4 25.7 26.5 32.4 39.9 60.4 71 75.6 86.8 94.7 99.3 100.3
-1.4 -1.4 -1.4 -1.4 -1.4 -1.4 -1.4 -1.4 -1.4 -1.4 -1.4 -1.4 -1.4 -1.4 -1.4 -1.4 -1.4 -1.4 -1.4 -1.4 -1.4 -1.4 -1.4 -1.4 -1.4 -1.4 -1.4 -1.4 1.2 7.2 11.4 13 16.6 18.8 17 20 19.8 33.9 30 38.6 39.8 37.7 33 30 42.4 39.8 40.4 41.5 41 39.7 35.5 34.1 29.9 29.7 30.8 30 30.2 26.5 25.7 24.9 23.7 23.7 23.7 23.7 23.7 23.7 27.3 30.3 29.1 32.5 39.2 34.8 37.9 35.3 30.3 27.1 34 38.5 51 64.7 70.7 82.4 90.6 95.6 95.9
-1.4 -1.4 -1.4 -1.4 -1.4 -1.4 -1.4 -1.4 -1.4 -1.4 -1.4 -1.4 -1.4 -1.4 -1.4 -1.4 -1.4 -1.4 -1.4 -1.4 -1.4 -1.4 -1.4 -1.4 -1.4 -1.4 1.5 10.8 11 11.9 12.3 12.6 13.5 14.7 18.6 17.2 18.8 23.2 24.9 33.8 26.9 30.5 25.3 40.4 41.8 38.9 37.7 38.9 37.3 35.2 31 29.5 26.3 25.8 25.6 25.6 25.2 24.9 23.7 23.7 23.7 23.7 23.7 23.7 26.1 30.6 38.3 40.3 35.7 44.1 49.9 46.2 42.3 39.4 35.4 29.5 36.9 38.6 44.4 61.8 72 85.6 90.8 95.7 94.9
-1.4 -1.4 -1.4 -1.4 -1.4 -1.4 -1.4 -1.4 -1.4 -1.4 -1.4 -1.4 -1.4 -1.4 -1.4 -1.4 -1.4 -1.4 -1.4 -1.4 -1.4 -1.4 -1.4 -1.4 -1.4 7.6 8.4 12 7.4 12.1 11 12.8 12 12.2 13.4 16.1 18 17.2 18.7 20.6 20.2 21 27.8 40.4 38.6 38.6 33.4 33.3 30.9 28.9 26.6 26.2 26 25.8 25.6 25.3 24.9 23.8 23.7 23.7 23.7 27.2 32.5 38.2 45.9 54.1 54.3 51.2 47.9 61.3 58.2 54.2 50 46 37.1 31.5 34.4 36.4 42.9 53 66.7 76.5 90.7 87.4 91.6
-1.4 -1.4 -1.4 -1.4 -1.4 -1.4 -1.4 -1.4 -1.4 -1.4 -1.4 -1.4 -1.4 -1.4 -1.4 -1.4 -1.4 -1.4 -1.4 -1.4 -1.4 -1.4 -1.4 2 4.9 4.9 5 6.6 7.1 9.1 9.8 10.6 9.8 9.7 13.3 15 15.6 14.7 16.4 15.3 15.9 19.4 23 27.9 35 34.3 30.3 30.8 30.8 28.7 26.7 26.1 26 25.9 25.9 27.3 26.7 25.5 23.7 23.7 36.5 45.7 57.7 83.9 72.6 71.7 70.3 62.8 70.4 72.8 69.3 70 61.5 52.3 43.4 38.4 38.8 47 46.5 51.6 60.7 68 78.5 85.9 87.5
-1.4 -1.4 -1.4 -1.4 -1.4 -1.4 -1.4 -1.4 -1.4 -1.4 -1.4 -1.4 -1.4 -1.4 -1.4 -1.4 -1.4 -1.4 -1.4 -1.4 -1.4 -1.4 1.9 1.3 1.1 1.9 2.2 2.6 5.8 6.3 8 6.9 7.1 8 10.8 11.6 11.7 11.7 11.7 11.9 15.1 17.3 19.2 21 24.2 28.2 29.4 31.3 31.9 29.5 27 26.6 26.7 29.9 33.6 33 33 34 32.8 35.1 55.1 93.2 108.8 103 91.4 87.5 78.9 82.7 93.8 90 78.8 76 71.7 57.9 48.3 48.7 53.1 57 59.7 60.4 61.1 62.6 67.3 79.5 93
-1.4 -1.4 -1.4 -1.4 -1.4 -1.4 -1.4 -1.4 -1.4 -1.4 -1.4 -1.4 -1.4 -1.4 -1.4 -1.4 -1.4 -1.4 -1.4 -1.4 -1.4 -1.4 0.6 -0.1 -1.4 0.1 1.2 2.2 2.3 2.5 2.5 3.9 3.5 5.7 8.1 8.9 8.4 9.2 8.8 9.4 13.4 15.1 17.3 24.3 24.2 27 29.1 31.2 32.9 33 35.3 42.8 43.8 48.9 59.9 64 54 63.6 60.1 56.9 86.9 124.2 124.6 116 103.4 90.8 95.9 90.9 91 90.2 87.6 80.9 74.3 70.5 58.8 54.7 58 58.7 64.9 70.8 69.7 66.6 65.8 71.7 86.5
-1.4 -1.4 -1.4 -1.4 -1.4 -1.4 -1.4 -1.4 -1.4 -1.4 -1.4 -1.4 -1.4 -1.4 -1.4 -1.4 -1.4 -1.4 -1.4 -1.4 -1.4 -1.4 -1.4 -1.4 -1.4 -1.4 -1.4 0.2 0.9 1.6 1.1 1.5 2.6 3 3 5 6.2 5.7 5.7 7.4 10.2 14.5 17.5 24.6 26.2 26.9 28.9 31 34.2 38.5 46.8 64.1 64.1 62.1 72.4 75.8 81.6 93.3 98.6 90.9 116.7 125.8 129 117.5 106.3 95.7 98.8 99.3 102.8 98.4 93.3 86.5 84.1 73.9 64.9 65.7 66.4 66.7 68.5 73.2 72.7 70.5 73.6 76.5 78.1
-1.4 -1.4 -1.4 -1.4 -1.4 -1.4 -1.4 -1.4 -1.4 -1.4 -1.4 -1.4 -1.4 -1.4 -1.4 -1.4 -1.4 -1.4 -1.4 -1.4 -1.4 -1.4 -1.4 -1.4 -1.4 -1.4 -1.4 -1.4 -0.6 -0.1 -1.4 -1.4 -1.4 -1.4 -1.4 0.9 1.6 3.3 3.8 6.1 8.1 12.6 18.9 25.6 27.2 28.6 29 31.7 33.8 42.6 65.3 68.7 69.1 67.6 71.5 79.3 90.9 98.4 105.5 112.9 122.5 128.2 121.8 115.3 107.6 99.6 96 101.3 101.5 103 108.1 94.5 89.5 81.3 81.3 74.6 72.2 70.3 72.9 74.8 77.3 79 82.4 82.1 79.1
-1.4 -1.4 -1.4 -1.4 -1.4 -1.4 -1.4 -1.4 -1.4 -1.4 -1.4 -1.4 -1.4 -1.4 -1.4 -1.4 -1.4 -1.4 -1.4 -1.4 -1.4 -1.4 -1.4 -1.4 -1.4 -1.4 -1.4 -1.4 -1.4 -1.4 -1.4 -1.4 -1.4 -1.4 -1.4 -0.2 1.1 2 3.6 5.5 8.5 10.9 18.9 25.6 27.1 29.6 29.8 31.5 35 37.6 45 62.9 65.2 65.6 67.1 75.5 84.5 95.9 105.3 112 114.9 117.8 112.1 108.9 103.8 102 95.9 96.5 103.2 112 114.6 102.1 84.2 83.6 84.2 87.5 86.1 78.3 70.5 73.5 77.3 80.8 81.2 87.2 83.6
-1.4 -1.4 -1.4 -1.4 -1.4 -1.4 -1.4 -1.4 -1.4 -1.4 -1.4 -1.4 -1.4 -1.4 -1.4 -1.4 -1.4 -1.4 -1.4 -1.4 -1.4 -1.4 -1.4 -1.4 -1.4 -1.4 -1.4 -1.4 -1.4 -1.4 -1.4 -1.4 -1.4 -1.4 -1.4 -0.1 1.5 2 3.7 6 11.6 14.2 18.4 24.2 29.6 33 42.8 39.1 43.9 52.1 59.8 80.1 80.1 71.8 81.3 77.7 88.3 99.1 109.3 130.8 131.2 125.3 121.4 117.9 109.7 100.9 96.6 96.3 102.9 109.9 109 97.8 85.5 89 88.9 96.4 91.2 82.1 77.1 70.8 70.8 84 84.4 81.5 88.3
-1.4 -1.4 -1.4 -1.4 -1.4 -1.4 -1.4 -1.4 -1.4 -1.4 -1.4 -1.4 -1.4 -1.4 -1.4 -1.4 -1.4 -1.4 -1.4 -1.4 -1.4 -1.4 -1.4 -1.4 -1.4 -1.4 -1.4 -1.4 -1.4 -1.4 -1.4 -1.4 -1.4 -1.4 -1.4 0.6 2.2 3.6 4.9 7.4 11.2 17.3 25.3 38.3 44.7 43.9 53.8 54.2 63.7 68.1 75.4 84.1 83.3 80.2 83.2 80.2 83.9 90.6 101.2 113.4 118.4 122.8 124.2 119.5 119 112 103.5 99.2 103.5 102.7 93.9 88.1 90.8 95.6 93 89.4 84.9 75.8 71.9 70.9 70.7 70.9 74.8 76.4 80.2
-1.4 -1.4 -1.4 -1.4 -1.4 -1.4 -1.4 -1.4 -1.4 -1.4 -1.4 -1.4 -1.4 -1.4 -1.4 -1.4 -1.4 -1.4 -1.4 -1.4 -1.4 -1.4 -1.4 -1.4 -1.4 -1.4 -1.4 -1.4 -1.4 -1.4 -1.4 -1.4 -1.4 -1.4 3.6 4.7 6.3 5.9 7.9 10.7 14.4 21.2 30.1 29.5 35.4 56.8 65.4 68.3 67.3 68.2 77 80.3 85.5 84.6 82.7 82.2 81.4 83.1 97.9 99.7 105.7 119.6 120.6 123.2 120.9 116.9 108.3 99.7 94.7 92.1 88.4 87.9 89.3 94.3 101.8 97.2 91.5 80.8 77.6 73.4 70.9 71.8 82.6 83.3 88.4
-1.4 -1.4 -1.4 -1.4 -1.4 -1.4 -1.4 -1.4 -1.4 -1.4 -1.4 -1.4 -1.4 -1.4 -1.4 -1.4 -1.4 -1.4 -1.4 -1.4 -1.4 -1.4 -1.4 -1.4 -1.4 -1.4 -1.4 -1.4 -1.4 -1.4 -1.4 -1.4 -1.4 4.6 14 11.4 8.5 8.9 13.5 14.6 19.3 24 26.9 28.9 35 74 72.8 72.4 72.2 75.7 83.8 85.6 86.7 87.7 84.3 81.7 84.4 81.5 81.7 98.1 103.4 106.3 113.6 115 116.8 113.5 108.8 101.6 92.1 88.4 88.4 90.2 92.3 98.3 99.8 101.9 92.4 97.7 90.9 83.1 74.7 75 85.3 84.4 88.5
-1.4 -1.4 -1.4 -1.4 -1.4 -1.4 -1.4 -1.4 -1.4 -1.4 -1.4 -1.4 -1.4 -1.4 -1.4 -1.4 -1.4 -1.4 -1.4 -1.4 -1.4 -1.4 -1.4 -1.4 -1.4 -1.4 -0.6 0.2 0.2 -1.4 -1.4 2.5 4.9 7.8 12.2 17.9 13 15.2 16.9 18 21.3 36.1 47.8 76.7 60.3 71.7 83 83.5 80.9 81.2 81.4 89.4 90.2 89.8 82.7 82.3 83.4 81.6 81.7 96.6 104.2 106.7 108.4 114 107.8 110.3 101.5 99.8 93.2 88.3 88.1 94.7 92.2 100.7 100.3 101 98 90.4 86.3 81.6 78.4 87.8 80.6 83 82
-1.4 -1.4 -1.4 -1.4 -1.4 -1.4 -1.4 -1.4 -1.4 -1.4 -1.4 -1.4 -1.4 -1.4 -1.4 -1.4 -1.4 -1.4 -1.4 -1.4 -1.4 -1.4 -1.4 -1.4 -1.4 -1.4 0.6 2.5 2.4 2.4 4.5 3.2 5.3 9.2 14.1 18.2 15.6 17.6 21.1 22.3 43.5 48.6 87.2 88.3 87.7 86 85.3 93.3 87.6 86 84.2 84.9 87 87.5 87.1 86.9 82.9 82.4 83.2 96.2 106.3 109.7 110.6 113.5 111.9 113.2 111.9 107.3 100.8 97.8 94.7 93.2 90.6 91.7 92.7 93.8 100.1 97.6 88.7 82.3 79.2 77.8 74.1 76.4 72.6
-1.4 -1.4 -1.4 -1.4 -1.4 -1.4 -1.4 -1.4 -1.4 -1.4 -1.4 -1.4 -1.4 -1.4 -1.4 -1.4 -1.4 -1.4 -1.4 -1.4 -1.4 -1.4 -1.4 -1.4 -1.4 -1.4 -1.4 0.1 2.3 4.1 7 8.3 17.1 17.9 16.5 17 18.9 20.2 39.7 50.1 67.5 81 89 93.8 92.2 93 88.3 87.6 88.6 87.8 86.6 89.1 88.8 87.6 89.3 88.2 85.2 83.8 83.9 92.6 98.1 105.3 116.9 121.5 117.4 116.1 116.4 110.3 106.4 104.4 102.5 98.4 97.4 92.8 97 99.1 104.1 98.3 88.2 85.2 92.5 80.5 74.1 67.6 65
