WholeMapElevations/data/tl/tl01_OST50GRID_20230518/TL01.asc
ncols 200
nrows 200
xllcorner 500000
yllcorner 210000
cellsize 50
[rows 70 to 104 of 200, columns 78 to 155 of 200]
171.4 170.7 170.1 169.4 168.7 168.4 168.2 167.9 167.3 166.4 166 165.2 163.6 162.1 160.7 159.5 157.1 155.8 154.5 153 152.6 151.5 150.2 148.4 146.6 144.4 141.1 137.8 135.1 133.3 131.1 131.3 132.8 134.5 136.1 137.9 138.2 137.9 137 136.4 134.3 132.7 131 128.1 125.4 124.1 124.5 126 126.7 129.2 129.6 135.1 139.2 144.4 147.7 150 152.7 154.8 156.3 156.5 156.7 156.8 156.6 156.1 155.1 154.2 152.6 150.8 148.4 145.5 142.4 138.5 133.9 129.2 125.8 122.8 129.3 136.8
170.8 169.9 169.1 169.1 168.3 168.1 167.8 167.6 167.3 166.7 166.2 165.7 164.4 163 161.7 160.5 159.3 158.1 156.8 155.5 154.3 152.9 150.8 149.7 147.8 145.7 143.8 140.5 137.1 133.8 131.5 130.4 130 130.6 131.5 131.3 133.2 132.6 133 132.6 131.9 130.1 129.5 127 124.8 124 123.7 124.2 124.3 126 128.6 133.6 139.2 141.7 144.7 147.3 149.7 151.9 153.7 155.3 155.4 155 155.2 154.7 154 153.2 152.2 150.5 148.4 145.5 141.9 137.3 133.2 129.9 125.8 122.8 128.1 134.9
170.2 169.1 168.1 168.2 168 167.7 167.4 167.1 166.5 166.2 165.9 165.4 165 163.6 162.2 161.6 160.5 159.2 158 156.6 154.9 153.2 150.7 149.2 147.1 144.4 141.2 137.8 135.4 133.7 132.1 132 131.1 129.4 128.4 128.3 128.5 128.8 128.7 128.2 128.4 127.2 126.1 124.7 123.9 124 123.2 122.3 122.5 122.8 125.6 130.8 135.7 138.6 141.1 144.1 146 148.2 150.9 153.3 153.1 153.4 153.8 153.5 153.2 152.6 151.7 150 148.7 146 141.9 138.4 135.5 131.4 126.3 122.8 125.1 132.6
169.4 168.3 167.3 166.5 166.5 165.7 165.1 164.7 164.4 164.6 164.6 164.2 163.8 163.4 161.9 161.7 160.8 159.6 158.4 157.1 155.3 153.1 150.7 147.3 142.9 141.4 138.4 137 136.3 136.6 136.4 135.6 134.1 132.6 130.9 129.4 128.3 127.5 126.9 126.3 126.1 125.8 125 124.7 125 124.5 123.8 123.2 122.7 122 123.6 125.3 130.3 134.5 137.3 140 142.1 145 147.8 150 151 152.1 152.4 152.1 151.8 151.5 151.3 150.5 149.2 147.6 144 140.7 137.8 132.9 127.7 122.9 122.8 129.9
169 168.4 167.5 165.5 165.3 164.1 163 162.7 162.4 163.1 163 162.9 162.6 162.1 161.5 160.9 159.9 158.8 157.4 156.1 154.2 152.2 148.2 144.1 142.1 142 140.8 140 142.2 143.2 143.1 142.4 140.5 138.4 135.8 134.7 133.3 132.1 130 129.7 128.3 128.1 127.4 127 127.2 127.2 127.2 124.6 124 122.3 122.2 121.6 124.6 129 132.7 135.4 138 141.7 145.2 147.8 149.5 150.7 151 150.7 150.4 150.4 151.4 151 149.6 148.3 146 143 139.6 134.3 129.1 124.2 121.2 126.4
169.5 168.9 167.5 166.2 166.4 166 164.1 162.5 160.9 160.2 160.1 160 159.8 159.4 158.8 158.4 157.7 156.6 155 153 150.3 147.6 144.8 144.6 146.4 146.7 145.3 143.7 146.7 148.1 148.9 147.9 146.4 144.5 143.3 141.2 139.7 138.2 136.8 135.5 134.6 131.6 130.9 131.6 132 132.3 131.2 129.3 125.9 124.1 122.4 121.2 122.8 124.6 127.4 130.1 133.8 137.6 142.3 145.6 147.2 149.2 149.6 149.5 149.5 150.3 150.2 150.6 150 148.7 147.4 144.9 141.8 136.6 131 125.4 121.7 122.2
170 169.5 168 167.6 167.5 166.9 166 164.7 163.5 161.3 160.5 158.4 157.9 156.3 156.7 154.3 153 151.8 151 149.2 147.2 146.8 148.1 150.1 151.8 150.6 147.6 146.7 149.9 151.6 152.1 152.2 151.4 150.3 148.7 146.8 145.5 144.3 143.5 142.2 140.7 137.8 134.7 135.3 136.4 136.1 135 133 130.7 127.2 124 122.7 121.2 121.5 123.6 127.1 129.6 133.7 138.8 142.3 145 147 148.6 148.6 148.9 148.7 148.8 149.2 149.6 149 147.8 146.2 143.6 139.4 133.9 128.6 123.1 120.4
170.4 169.8 169.3 168.7 168 167.5 166.8 165.8 164.8 163.7 163.4 162.1 160.5 158.9 157.2 155.7 154.3 152.9 152.1 151.7 153.8 154.1 154 155.2 154.8 153.3 150.4 149.1 152.5 154.2 155 155.1 155.1 154.4 153.4 152.2 151 149.7 148.7 147.1 145.6 142.4 139.6 139 140.4 139.5 138.3 136.4 133.1 131 128.5 124 122 121 120.4 123.2 125.4 130.2 135.3 138.7 142.2 144.9 146.5 147.5 147.3 147.1 147.4 147.8 148.1 148.8 148.1 147.3 144.8 142.2 137.8 133 127.6 122.3
169.5 169.5 168.6 168 167.7 167.4 167 166.7 166 165.4 165.1 163.7 162.9 162.2 161.5 160.4 159.4 158.2 156.8 157 158.2 158.2 158.1 157.6 157.1 156.1 154.4 152.5 154.5 156.2 157 157.6 157.6 157.1 156.6 156.2 155.3 154.5 152.3 150.4 148.6 144.3 144.7 144.7 144.1 142.8 141.5 140.2 137.5 135.9 133.4 129 125.3 122.4 120.8 119.9 122.5 125.7 131.7 135.6 139.2 142.3 144.7 145.8 145.6 145.6 146 145.7 146 147.6 147.9 147.3 146.1 143.5 141 137.1 132.5 127.5
168.1 168.3 168 167.7 167.4 167.1 166.7 166.4 166.2 166.7 166.1 164.3 164.3 163.8 163.2 162.3 161.9 161.2 161 160.6 160.5 160.7 160 159.7 159.4 158.5 157.6 156.8 156.6 157.9 158.7 159.5 160.1 159.7 159.3 159.3 158.5 156.3 154.8 153 149.4 148.6 147.9 147.8 147.2 145.9 144.7 143.4 141.8 140.4 137.4 133.9 129.3 124.6 122.1 120.3 119.8 122.7 127.7 132 136.1 139.2 141.9 143.8 143.9 143.8 143.3 143.2 144.8 146.3 147 146.6 145.7 144.4 142 139.9 135.8 131.5
166.7 166.8 166.7 166.4 166.1 165.7 165.4 165.6 166 165.9 165.5 164.5 164.6 164.6 164 164 163.8 163.4 163.3 163.2 163 162.5 161.9 161.5 160.9 160.8 160.1 159.1 158.8 159.8 160.6 161.4 161.5 161.4 161.4 161.1 160 157.8 156.3 153.1 150.8 151 151 150.6 150 149 147.7 146.5 145.3 144 140.7 136.7 132 128 124.8 121.1 119.9 119.8 122.1 126.7 132.5 136.1 138.7 140.8 141.3 140.8 140.5 142.1 143.7 144.9 145.9 145.5 145.2 144.4 143.4 141.2 139.4 136.3
164.7 164.8 164.8 164.6 164.3 164 163.8 164.1 164.4 164.9 164.1 164.4 164.5 164.6 164.5 164.5 164.5 164.6 164.1 163.7 163.5 163.7 163 162.4 162.5 162.3 162.1 161.6 161.2 161.3 162.2 162.5 162.3 162.2 162 161.7 160.9 159.2 156.5 154.1 154.2 154.3 153.8 153.3 152.8 152 150.8 149.7 148.5 147.2 143.7 139.4 135.2 130.9 126.5 123.3 120.3 120.1 120.3 122.1 127.9 132.5 135.3 137.4 137.9 137.2 138.1 140.8 141.9 142.9 143.8 144.2 143.8 143.7 143.7 142.7 140.9 139.4
161.4 161.6 161.8 162.1 162.4 162.3 162.2 162.5 163 163.5 163.5 163.9 164.1 164.3 164.7 164.7 164.7 164.6 164.3 163.9 163.9 163.8 163.7 164 164.1 163.9 163.5 163 162.3 162.2 162.8 163.1 163.1 162.7 162.4 162.1 161.7 159.8 157.5 157.6 157.4 156.9 156.4 156 155.5 155 154 152.9 151.5 149.6 146.6 142.3 138 133.7 129.3 125.7 122.2 119.7 118.4 120.1 123.1 128.3 131.7 133.8 134.8 133.7 135 137.5 139.9 140.8 141.8 142.7 142.5 142.5 142.5 142.5 142 140.3
156.9 156.9 157 157.1 158.4 159 160.3 161.1 161.8 162.2 162.3 162.7 163.5 164 164.4 164.6 164.6 164.5 164.4 164.2 163.9 163.6 163.3 163.6 163.8 163.7 163.4 163.5 162.9 162.7 163.4 163.6 163.7 162.7 162.4 161.9 161.4 160.5 159.9 159.5 159.2 158.7 158.3 157.8 157.3 157.2 157 154.9 153.3 151.2 148.4 143.9 139.7 135.4 131.3 127.7 124.5 121.3 118.8 117.9 119.6 122.7 127.5 130 131.2 130.6 131.9 134.1 136.5 138.8 139.7 140.7 141.3 141.6 141.9 142.3 141.8 140.1
151.1 151.9 152 152.9 154.4 155.4 156.7 158.3 159.2 160 160.7 161.3 162 163 164 164.4 164.4 164.3 164.2 163.9 163.6 163.3 163 163.2 163 163.2 163.5 164.1 163.8 163.4 163.8 164.2 164.1 163.9 163.3 162.8 162.3 161.8 161.4 161.3 161.1 160.6 160.1 159.6 159.1 159.2 158.5 156.7 154.8 152.6 150.2 145.7 141.2 137 134 131.4 127.9 124.4 120.8 118.2 118.2 118.8 121.1 125.3 127 126.9 128.3 130.3 133.1 135.4 137.6 138.6 139.8 140.7 141.6 142.1 141.6 141.6
145.4 146.8 147.3 148.1 149.4 150.6 153.2 155.4 156.3 157.1 157.8 158.8 160.8 161.8 162.8 163.9 164.1 164 163.9 163.5 163.3 163 162.7 162.7 162.8 163 163.3 163.8 164.2 164.6 164.9 164.6 164.1 163.7 163.5 163.1 162.7 162.4 162.4 162.3 162.2 162.2 161.9 161.4 161.2 160.4 159.6 158.1 155.9 153.7 151.6 148 143.5 140.5 138 135.4 131.9 127.8 123.4 119.7 117.4 117.1 118.1 118.6 121.1 123.4 124.1 126.8 129.7 132 134.4 136.4 137.9 138.9 140 141 142.3 142.4
147.9 147 145.2 144.7 144.7 145 147.8 150.7 153.3 153.4 154.5 156.7 159.2 160.5 161.6 162.5 163 163.7 163.5 163.2 162.9 162.7 162.7 161.5 162 162.8 163.1 163.5 163.8 164.2 164.5 164.1 163.7 163.2 163.3 163 162.7 162.7 162.6 162.6 162.5 162.5 162.6 162.5 162 161.2 160.2 159 156.8 154.7 152.5 149.8 146.9 144.2 141.7 139 135.9 132 128.1 124.6 119.7 117.8 116.3 116.8 118.1 119 120 121.6 126.2 128.8 131.1 133.1 135.1 137.2 138.8 139.8 141.1 142.4
152.4 151.2 149.6 147.4 144 143.8 143.6 144.9 144.2 148.3 151.2 154.6 157.1 159 160.3 160.9 161.4 161.9 163 162.8 162.8 162.7 162.5 161.3 160.2 161.4 162.4 163 163.4 163.7 164.1 164.2 163.2 162.8 163 163.1 163 162.9 162.9 162.8 162.7 162.6 162.4 162.2 161.9 161.7 160.5 159.4 157.7 155.6 153.5 151.3 149.2 146.8 144.2 141.5 138.4 135.3 132.1 129.3 125 122 119.3 117 115.8 117 117.9 119.1 120.3 124.9 127.8 129.9 131.9 134 136 138.1 139.8 141
156.8 154.8 153 151.2 148.7 146.5 145 143.7 142.6 144.2 147.5 151.8 154.7 157.1 158.1 159.1 160.1 161 161.9 161.8 162.2 162.7 162.1 161.4 159 159.8 160.1 161.4 162.7 163.3 163.6 163.9 162.9 162.5 162.5 162.5 162.6 162.7 162.6 162.6 162.5 162.3 162.1 161.8 161.5 161.3 160.5 159.7 158 155.9 153.8 151.6 149.8 148 145.5 142.7 140.3 137.9 135 132.6 130.1 127 124 121 117.9 116.4 115.7 117.4 118.7 121 124 126.3 129.1 132 134.6 136.5 138.2 139.7
159.9 158.1 156.3 154.1 151.8 150.2 147.7 144.4 142.9 142.7 143.3 147.4 151.3 154.1 155.9 156.9 157.9 159 160 160.8 161.2 161.5 161.2 160.5 159 157.9 157.9 159.1 160.4 161.7 163 163.2 163 161.9 161.9 161.9 162.1 162.2 162.3 162.3 162.2 162 161.7 161.4 161.1 160.8 160 158.8 157.8 156.2 154.1 152.1 150.3 148.3 146.3 143.8 141.4 138.5 135.6 134.3 132 129.6 127.1 124.7 120.9 118 116 114.9 115.8 117.3 120.1 122.8 126.4 130.3 132.4 134.2 136 137.4
161.3 160 158.1 155.8 153.5 151.4 148.7 145.9 143.2 141.8 140.6 142.8 146.6 149.6 153 154.4 155.6 156.8 157.9 158.8 159.9 160.2 159.9 159.3 157.9 154.4 155.7 156.8 158.7 160.4 161.7 162.4 161.6 161.4 161.4 161.4 161.5 161.6 161.7 161.8 161.6 161.2 160.9 160.6 160.3 159.9 158.7 157.6 156.7 155.4 154 152.2 150.3 148.3 146.3 144.1 141.3 138 134.6 133.3 132 129.4 126.6 123.8 121.3 119.1 117.9 115.7 114.7 115.9 116.1 118.4 123 126.5 129.4 131.3 133.5 135
162.1 159.8 157.5 156.2 154.3 152.2 150.2 147.6 145 142.7 141.4 140.4 141.8 143.9 148.3 150.6 151.6 153.4 155.4 156.5 157.5 158.2 157.9 157.8 156.1 153.6 153.2 156.6 158.1 159.6 160.3 161.3 161.1 161 160.8 160.8 160.9 161 161.1 161 160.7 160.2 159.7 159.3 159 158.6 157.4 156.5 155.5 154.5 153.2 152.1 150.2 148.3 146 143.4 140.8 137.5 133.9 132.4 131 128.1 125.2 123.2 122.6 121.8 121 118.3 115.4 115.3 114.4 116.1 117.8 122.9 125.9 128.7 128.8 132.1
161.9 159.6 157.4 155.2 153.3 153 152.7 150.6 147.9 145.7 143.1 140.8 140.8 140.6 143.4 146.4 147.9 150 152 153.9 154.8 155.5 155.8 154.8 153.1 150.5 151.8 155.5 157.3 158.2 159 159.9 160.5 160.5 160.3 160.2 160.3 160.4 160.5 160.1 159.7 159.2 158.7 158.3 157.8 157.3 156.3 155.3 154.3 153.3 152.4 151.7 149.6 147.6 145.2 142 138.7 135.8 133.2 129.9 127.1 126.2 126.4 126.4 127.1 126.4 124.4 121.6 118.6 115.8 114.1 113.9 114.8 117.4 121.9 125.5 127.4 129
163.1 160.6 158.3 156 155.2 154.4 153.5 153.3 150.9 148.5 145.4 142.4 141 139.9 139.6 141.9 143.5 146.4 148.6 150.4 151.3 151.8 152.3 151.8 150.6 147.7 150.7 154.3 155.6 156.6 157.4 157.8 158.2 159.3 159.8 159.7 159.7 159.8 159.5 159.2 158.8 158.3 157.8 157.3 156.7 155.8 155.5 154.5 153.6 152.6 152.5 150.3 148.9 146.9 144.5 140.7 137.2 134.3 131.4 130.2 130.4 131.6 132.4 131.9 130.7 129 125.5 122.2 119.5 117.5 115.3 113.4 113.1 114 116.2 121.2 121.9 124
163.7 162.2 160.3 158.5 157.3 156.6 155.7 154.7 153.8 151 148.2 145.4 142.7 140.4 139.2 138.7 139.1 141.6 143.5 145.3 146.9 147.9 148.5 149.1 147.5 145.2 149.2 152.6 153.6 154.5 155.4 155.7 155.9 157 158.1 159.2 159.1 159 158.6 158.2 157.8 157.4 156.7 156.1 155.4 154.2 154.1 153.8 152.9 151.8 150.7 149.3 147.5 146.1 143.8 140.7 138.2 134.7 132.3 134.2 136.3 136.7 136.4 134.8 132.4 129.6 126 123.4 123.1 120.8 117.8 114.6 113.2 112.6 113.7 115.8 117.2 119.3
164 162.9 161.6 159.6 159 158.8 157.9 156.9 155.6 154.3 151.7 148.9 146.8 144.3 141.8 139.2 138.4 137.5 138 139.5 140.7 142.2 143.6 144.5 143.3 143.4 147.3 150.1 151.1 151.9 153.1 153.4 153 155 156.2 157.3 158.6 158.5 158.1 157.7 157.1 156.1 155.4 154.8 154.1 152.7 152.5 152.3 152.1 151.2 150.2 148.9 147.1 145.4 143 140.3 138 134.6 136.4 138.6 139.8 139.3 138.3 137.1 133.2 129.7 127 127.4 127.2 124.3 121.1 118.1 115 113.2 112.8 112.3 112.9 115.1
164.2 163.6 162.9 160.9 160.3 160.1 159.7 158.6 157.5 156.2 154.8 153 151.1 149.2 147.3 144.3 141 138.3 137.2 136.4 136.2 136.6 137.3 137.6 139.6 140.4 144.3 146.6 148.3 149.2 149.9 149.2 149 153.7 154.8 156.6 157.8 158.6 158.5 158.1 157.5 156.4 155.2 154 152.8 151.6 150.5 150.5 149.9 149.7 149.5 148.3 146.1 143.7 141 138.4 136.7 137.6 139.7 140 141.4 141 139.3 136.9 133.4 130.6 131.3 131.4 130.9 127.9 124.9 121.8 118.7 115.7 114 113 112.2 111.9
164.9 164.3 163.7 162.2 161.5 161.3 160.5 159.5 158.4 157.4 156.4 155.1 153.9 152.8 151.5 149.4 146.5 143.6 141.6 139.9 138.1 136.8 135.6 135 135.4 134.6 139.5 142.7 144 145.2 146.1 144.5 147.3 151.5 154.1 156.1 156.9 157.8 158.6 158.4 157.9 156.8 155.5 154 153.3 152.5 151.1 148.9 147.7 147.5 147.2 145.9 144.3 141.8 139.5 139.3 139.6 140.3 142.3 142.3 142.3 141.5 139.6 136.3 133.8 134.4 135.8 134.8 134.1 132.1 128.6 125.2 121.1 119.1 118.2 116.4 113.1 113.7
165.3 165 164.4 163.5 162.7 162.2 161.4 160.4 159.4 158.4 157.4 156 154.9 154.5 153.6 152.2 151.3 148.9 147.7 145.6 143.1 140.8 139.6 137.5 134.5 134.2 135.4 138.5 139.7 140.6 141.2 141.2 146 150.2 153 154.9 155.8 156.6 157.4 157.9 157.9 156.8 155.2 153.7 153.7 152.9 152.2 151.4 149 147.1 145.4 144.2 143.6 142.5 142.7 143.4 143.6 143.7 144.6 144.3 143.2 141.8 139.3 137.3 137.2 137.5 138.3 138.3 136.4 134.3 131.9 127.7 123.8 123.3 123.5 121.8 118.6 116.6
164.5 164.7 164.8 164.6 163.8 162.2 161.2 160.3 159.4 158.3 157.3 156.4 155.5 154.5 154.2 153.5 152.4 152.4 151.9 150.8 148.8 146.4 144.8 142.6 139 136.7 134 134.3 135.1 135.9 137.5 139.6 144 147.5 150.2 152.9 154.5 155.3 156 156.5 156.6 156.1 154.9 153.8 154.1 153.3 152.6 151.9 150.8 150 148.9 147.8 146.7 146.1 146.8 146.6 146.7 146.6 145.6 144.4 143.4 141.5 140.9 141.1 141 140.7 141.3 140.7 138.4 135.9 132.9 127.5 126.3 128.6 128.4 126.8 125.1 122
163.7 163.8 164 163.9 162.3 161.4 160.4 159.4 158.6 158 155.6 153.8 152.7 152.2 151.7 152.6 152.4 154.1 154.1 153.4 152.3 150.9 149.4 147.4 143.6 140.8 137.6 134.5 133 132.9 133.3 136.4 140.4 143.9 146.7 149.6 152.1 153.6 154.3 154.8 155.1 154.6 154 154 153.5 153.3 152.7 152 151.5 150.7 149.9 149.5 149.1 149.2 149 148.6 148 147.4 146.2 144.9 143.6 143.6 143.6 143.6 144.2 144.2 142.9 141.7 140.3 137.4 132.6 130.1 131.6 132.8 131.9 130.8 129.4 127.6
162.9 163 162.9 161.1 160.1 159.1 158.2 156.3 155.4 157.2 153.3 152.1 151.6 150.7 149.5 149.3 151.4 153.5 155 155.3 154.9 153.9 152.4 150.9 148.3 144.9 141.6 138.5 135.7 133.1 131.6 131.9 134.3 138.7 142.9 146.1 149 151.1 151.8 152.6 153.2 152.7 152.6 152.6 150.8 151.8 151.6 151 150.9 150.8 150 149.4 149 149.6 149.9 149.5 148.8 148.2 146.7 145.5 145.3 145.1 145.1 145.1 145.9 145.7 143.9 142.6 141.2 137.4 134 134.3 135.7 135.8 135.5 134.5 133.2 131.5
160.3 160.8 160 159 157.9 156.9 156.3 154.2 154.7 156.5 155.1 155.1 154.6 152.8 151 149 149.3 151.1 154.9 156.3 155.8 155.4 154.5 153.3 152 148.8 145.6 142.4 139.6 137.5 134.3 131.4 131.1 133 137.5 141.4 145.1 148.6 149.5 150.7 151.3 151.3 151.2 150.2 148.3 149 150 150 149.9 150.2 150 149.6 149.8 149.7 149.6 149.9 149.5 149 147.3 147.1 147 146.8 146.6 146.7 146.7 146.6 145.2 143.2 140.5 137.9 137.9 138.5 139.2 138.8 138.5 138.2 137 135.3
158.8 158.2 158.2 158 157.8 158.1 157.9 157.8 158 157.9 157.9 157.2 156.4 154.9 153 150.6 147.9 149.2 154 156.3 156.6 156.2 155.8 155 153.6 152.2 149.6 146 143.5 141.6 138.9 134.7 131.5 130 133 138 141.8 145.5 147.5 148.6 149.2 149.6 149.6 147.7 145.8 146.3 147.3 148.2 148.7 148.7 148.8 149.2 149.3 149.4 149.3 149.4 149.7 148.8 148.2 148.3 148.2 148 147.8 147.5 147.3 147.2 146.3 145.1 142.6 141.8 141.8 142.4 142.2 141.9 141.5 141 140.1 138.9
160.3 159.7 160 160 160.1 160 160.3 160.4 160.2 159.8 158.9 158.1 157.3 156 154.1 150.9 147.7 147.6 152.6 156.2 157.4 157 156.6 156.1 154.8 153.3 151.9 149 146.5 145.3 142.6 138.6 134 130.7 130 133.8 138.8 142.7 144.5 145.9 146.4 146.9 146.8 144.9 143.4 142.7 144.3 145.8 146.3 146.8 146.8 147.3 148.2 148.9 149 149 149.4 149 148.3 149 149.1 149 148.6 148.2 148 147.8 147.8 146.7 145.6 144.6 143.6 144.1 144.3 144.7 144.2 143.1 142.2 141.5
