UK/data/nn/nn96_OST50GRID_20230518/NN96.asc
ncols 200
nrows 200
xllcorner 290000
yllcorner 760000
cellsize 50
[rows 105 to 139 of 200, columns 78 to 155 of 200]
508.4 508.4 509.7 504.9 498.5 484.4 470 461.5 457.1 462.5 468.2 474.4 482.1 491.8 506.6 519.5 536.6 547.5 556.3 560.1 558.2 554.2 548.1 537.9 525.9 512.4 508.2 519.4 531 541.4 551.3 556.9 563.5 576.3 589 598 602.7 616.4 621 623.3 625.9 632.1 642.2 647.8 653.4 663.5 679.6 690 694.2 677.1 648.9 615.9 614.3 607.7 600.7 603.3 607.1 615.9 618.5 620.3 621.7 609.5 590.7 582.7 581.5 575.4 567.7 558.1 553.2 546.3 531 514.7 499.2 485.3 465.8 445.5 438.5 430.9
519.1 518.5 515.9 509.7 505 493.8 480.8 467 465.2 465.3 472.3 478.8 486.1 496.7 509 522 538.5 555 565.4 570.7 572.6 569 567.2 561.2 541.8 528.4 521.5 519 525.2 538 545.6 551 558.1 568.3 579.4 587.7 596.5 606.8 611.2 614.6 620.7 626.7 643.2 649.1 656.5 671.4 684.1 690.1 685.2 667.3 645 617.4 607.1 599.8 598.9 597.2 598 599.6 603.6 612.3 612.8 605.2 593.6 586.9 580.6 570.6 563.6 553 550.6 548.7 549 537.6 505.7 483.8 465.4 442.5 438.3 429.3
537.7 534.9 524.5 518.4 510.6 502.4 487.5 476.8 473.2 475.1 476 483 490.6 497.9 510.6 521.8 538.4 555.3 567.4 575.9 584 582.4 581.6 581.6 569.3 551.5 535.3 531.1 533.4 534 538.5 543.3 548.6 555.6 567.1 575.1 581.7 589 594.4 602.4 615.4 630.5 641.2 649.2 663.1 676.3 687.8 690.7 672.4 654.9 631.1 619.4 607.3 598.7 598.3 595.4 593.9 593.2 593.3 600.1 600.3 594.6 588.5 582.4 576.6 567.7 563.3 552.9 547 545.4 551.3 551.9 518.7 489.9 467.3 451.3 442.6 433.5
555.6 546.6 538 528.5 518.4 508.5 497.2 485.4 484.3 484.2 485.9 488.3 492.8 501.5 513.5 526 540.4 555.2 567.8 579.7 588.5 592.6 598.3 594.3 583.6 568.6 553.4 544.5 546.1 547 539.8 539.8 542.5 546.6 552.9 559.3 565.7 574.9 586.6 595 614.2 626.4 637.8 652.8 666.1 677.7 688.5 676.7 659.2 645.1 630.1 616.7 609.2 606.9 596.8 595.6 593 586.8 587.1 584.6 584.2 581.3 580.2 577.3 572 568.6 559.2 546.1 542.9 542.8 547.6 535.3 498.6 480 464.7 452.7 447.8 439.5
575.5 562.5 551.9 540.4 527.4 518.3 508.6 501 499.4 497.1 496.2 498.1 500.7 501.3 514 525.8 539.7 556.2 570.2 581.6 591.9 596.7 600.6 603.5 599.6 584 567.5 559.2 559.5 559.9 558.9 547.4 543.6 545.2 549.7 554 560.1 571.9 579.9 594.2 606.3 617.5 628.3 651.3 668 676.5 680.2 677 663.5 648.4 628.8 624.4 624.5 615.2 603.8 595 586.3 581.6 577.2 578.2 575.3 574.8 573.5 570.9 570.1 565.8 550.8 542.9 539.8 543.2 540.2 504.3 492.2 473.4 461.6 455.8 451.1 443.9
591.7 576.5 563.2 548.4 536.8 527 518.1 516 514.8 512.3 509.2 509.9 511.7 511.8 514.1 523.8 539.1 555.1 569.8 583.6 594 600.7 605.1 610.6 607.7 596.4 583.7 575.2 577.4 577 568.1 562 552.5 547.4 551.1 557.4 568 577 584 595.6 605.2 615 626 650.9 665.9 673 679.7 680.9 670.6 655.9 638.5 632.7 633.7 618.7 607.5 594.6 587.1 580.5 574.5 572.7 571.8 570.6 571.7 568.7 569.1 565.6 551.4 543.5 540.4 535.3 510.6 496.5 485.7 476.3 468 460.5 453.4 447.1
597.8 583 568.7 554.4 544.8 541.8 530.6 529.5 529.8 528.6 527.2 525.3 522.4 521.8 524.2 526.1 537.5 553.7 569.4 581.7 593.4 599.7 604.8 610.6 609.8 605 596.4 592.2 592 587.7 577.1 569.7 568.7 561.5 560.7 569.7 577.9 585 589.6 599 603.9 613 626.8 644.7 657.1 663.7 674 680.1 675.9 658.4 652.7 654.7 643.2 627 608.6 599.4 588.3 579.5 571.1 568.6 569.7 567.5 567.5 565.9 567 569.3 555.3 544.9 544.4 519.3 504.1 492.6 482.8 477.5 474 463.3 459.4 453.6
608.4 589.6 576.4 564.2 556.4 550 544 544.7 544.9 543.8 541.8 538.3 537.7 537.2 537.7 539.7 542.6 555.2 568.9 582 593.9 602.3 611.5 615 618.5 618.4 616.9 607.8 603.9 602 590.7 587.2 579.3 574.2 577.2 580 584.6 589.4 593.8 600.4 610.2 618.1 631.5 644.8 650.3 663.7 672.3 679.6 678.1 670.9 671.4 683.2 662.9 634.9 619.8 606.6 592.7 583.1 572.6 564.2 564.4 563.2 559.2 559.7 563.2 565.4 548.9 546.2 541.9 517.9 502.5 492.2 484.7 481 474.1 468.9 464 458.5
626.3 603.6 585.1 572.5 564.4 562.3 558.8 558.3 557.4 557.1 553.4 551.2 550.5 549.5 550 551.2 553.4 559.1 571.2 583 593.9 604.6 612 617.1 620.5 622.8 625.3 627.6 619.4 611.1 600 593.2 588.3 590.2 593.6 596 598.2 597 600.7 608 616.9 627 640.3 647.9 654.5 663.8 671.7 679.6 684.7 693.6 694.1 694.6 675.2 652.8 636 617.2 604.4 594.6 581 566.8 559.4 559.3 555.7 556.8 558 551.6 544.9 545.7 538.4 517.3 501.6 492.8 485.7 482.2 475.4 470.5 467.3 462.9
658 632.4 603.5 590.1 581 576.3 572.5 573.6 573.6 573.3 572.4 567.6 561.4 560.6 562.1 561.9 564.2 569.3 573.6 583.8 595.7 608.6 618 622.6 625.3 629.9 631.6 632.6 631.1 626.5 612.7 601.5 599.6 602.7 605 608.2 604.5 602.8 605 622 625.1 635.5 647.9 651.5 656.5 659 669.5 679.9 704.1 704.9 693.1 690.8 679.8 658.5 638.8 627 613.9 601.4 587.1 569 563.6 556.1 554.7 554.9 555.7 545.8 543.2 543.1 531.2 515.8 502.2 492.7 488 482 477.4 472.7 468.7 466.1
671 649 614.3 603.7 598 590.6 586.1 586.8 591.7 598 595.8 594.5 582.6 576.2 574.3 574.8 576.1 579.1 583.7 590.6 602.1 616.1 629.6 634.9 633.8 635.7 638.6 639.5 638.2 632.4 614.8 606.7 609.8 621.3 624.9 622.4 620.1 620.7 624.1 635.6 640.5 644.5 653.3 659.4 657.1 660.8 669.4 688.8 701.1 700.9 691.9 692.1 681.6 660 646.9 634.7 631.2 612.5 594.6 577.5 564.4 561.1 559 554 553.5 544.4 541.5 539.5 522.7 512.9 501.6 495.4 489.9 483.7 474.7 470.4 467.6 465.9
691.1 660.4 629.5 617 611.3 604.6 597 600.7 609.2 616.6 617.8 615.1 606 598.5 591.3 590.4 591.5 594.9 598.9 603.9 612.7 626.1 640 655.1 656.6 653.7 644.3 644.1 636.6 627.2 617.4 619.8 624.3 634.9 639.8 642.6 642.3 638.6 634 636.3 640.8 644.6 650.2 655.3 657.6 665.2 674.6 688.3 689.6 690.6 685 686.8 682.2 668.4 660.8 644.2 628.1 616 599.6 586.2 575.1 565.1 558.9 555.8 550.7 545.2 538.3 530.8 522.9 515.3 509.8 502.3 495.4 487.5 480 472.4 473.2 469.2
705.4 679.4 645.1 632 625.2 615.8 620.9 624.4 629.2 634.8 633 625.7 618.1 610.6 606.1 606.6 609 612.8 615.9 621.4 624.6 638.7 653.5 669.9 676.3 678.9 675.6 655.7 642.6 632.5 625 628.4 630.2 641.3 650 655.8 651.8 646 642.4 643 645.4 645.8 648.4 650.3 653.8 671.5 676.4 683.3 686.5 682.1 680 684.8 682.5 677.6 666.7 653.1 634.3 617 598.3 594.8 586.6 569.5 563.3 557.9 550.9 544.2 539.8 535.7 529.7 525.1 517.4 510.1 503.2 495.5 486.5 481.8 474.8 469
717.8 695.7 658.4 648.1 638.1 637.4 638.9 648.1 651 652.3 647.7 636.5 630.2 629.8 627.2 625.9 627.9 632.5 638.4 642.4 644.4 653.3 663.9 679.1 692 701.5 702.3 686.4 659 644.8 628.6 627.3 629.6 633.9 646 652.2 658.7 658.8 655.2 654.4 653.8 654.1 650.3 651.6 666.6 680.8 682.7 678.5 678.4 671.9 672.4 682.2 681.9 675.9 662 654.2 638.8 619.9 618 609.4 590 574.4 564.4 558.4 551.6 547 544.6 541.9 536.8 528 523.2 517.2 511.5 505.3 496.8 488.5 478.5 471
699.1 700.1 674.3 660.3 653.8 653.7 662.5 667 664.8 668.9 667.3 653.3 650.6 650.9 656.9 662.3 662.2 666.8 666.8 665 663.7 667.4 676 690.7 704.8 713 712.9 704.2 682.6 657.7 643.2 638.8 640.5 647 652.4 660 661.5 662.9 663.8 663.8 657.9 650.7 653.2 675.3 683.7 697.3 688.5 672 662.1 657.2 658.5 668.3 673.3 668.2 655.2 649.8 638.9 642.3 630.9 610.5 593 576.8 567.9 559 554.6 552.9 552.3 548.3 543.6 540.8 532 524.3 519 515.7 504.9 494.4 482.2 473.7
693.4 692.2 680.2 677.5 667.8 671.2 683.1 682 676.1 676.7 678.1 667.2 663.9 673.4 677.2 684.5 686 688.1 689.9 686.9 682.5 682.3 687.8 700.3 710 715.2 712.7 705 694 672.6 653.7 649.4 651.3 659.3 664.2 671.3 670.4 671.5 672.3 671.8 667.5 664.6 687.5 699.2 685.5 684.6 673.4 660.3 649.1 642.1 642.8 654.3 655.4 655.5 651.9 646 644.8 642 626.2 609.2 595 587.2 579 563.8 557.6 557.8 556.9 554 552.1 547.8 541.9 537 529.9 524.2 510 495 479.4 471
672.4 682.3 686.2 686 681.5 685.7 698.4 696.1 690 687.7 682.4 678.7 681.6 686.8 692.3 700.7 708.3 712.5 711.6 708 703.5 698.6 698.7 707.8 716.6 719.8 714.6 705.1 695.8 683.4 667.3 660.6 659.9 668.5 673.8 677.7 678.3 673.1 679.2 688.6 678.9 688.9 701.8 698.4 679.9 673.2 665 648.3 640 639.2 638.6 642.2 645 645.1 647.2 645.9 644.9 636.9 623.6 607.5 602.9 600.2 589.1 578.4 563.9 561.4 560.5 558.1 558.9 555.9 549.5 546.8 539.7 535 522.5 496.1 475.1 469.8
650.5 666.5 683 689.7 689.5 692.3 708.8 706.6 700.2 697.4 692 689.1 695.5 702.9 711.2 717.9 726.3 736.5 741.4 734.4 723 712.1 710.7 718.2 726.2 728.1 725.2 717.7 708.8 699.4 685.3 679.8 673.7 678.4 686.9 688 685.6 685.4 688.8 692.4 688.8 701.5 700.5 692.9 673.8 665.1 657.2 650.8 642.1 638.6 637.5 637.1 641.4 638 637.5 642.6 642.6 631.3 623.8 620 609.5 607.2 595.3 585.7 579.8 568.1 563.2 564 564.3 565.3 557.4 552.7 548.5 537.5 524.9 485.7 472.7 469.1
644.5 659.9 677.5 688.1 691.2 692.7 704.2 706.2 702.1 701.5 701.9 706 705.5 717.7 720.1 727.7 732.9 742.8 741.2 735.2 739 732.3 728 730.9 736.6 742.2 737.7 729.7 719.3 711.2 706.2 698.7 697.4 696.9 700 698.7 698.3 701.2 705 702.6 710.6 714.5 706.2 691 680.8 667.7 658.9 655.2 646 638.7 638.9 637.1 637 636.8 636.7 635.9 635.6 634.6 630.6 627.7 617.9 612.5 604.9 596.7 591.7 581.6 568.3 568.9 568.3 568.1 563.9 558.4 549.4 535 505.9 486.5 473.5 469.9
632.6 647.8 669.7 682.9 673 684.1 695.3 692.5 693.1 695.1 699.2 703.6 702.9 715.1 717.7 724.6 731.4 736.2 742.4 745.5 750.2 749.4 745.9 743.9 747.3 751.9 750.6 740.8 728.5 721.1 716 710 706 707.9 707.6 704.7 707.8 712.8 716.9 728.6 733 732 727.7 699.6 690.9 684.8 674.8 664.8 646.5 639.2 641.5 639.7 637.7 636.9 640.4 641.6 642 641.6 635.5 632.9 627.7 625.7 625 616.5 610 593 578.7 574 574.6 571.8 566.6 560.3 543.6 523.1 507.1 486.2 478.9 472.9
616.6 630.5 656.1 669.3 655.2 666 675.4 670.3 671.1 684.5 688.5 690 694.7 704.3 710.1 716.4 726.1 737.9 749.9 759.2 764.7 765.1 760.6 760.5 757.6 758.9 759.5 753.2 744 732.6 726 724.6 718.9 722.1 717.2 710.1 714.2 727.6 739.9 745.1 752.9 749.2 741.9 729.1 715.9 700.4 678.6 663.6 650.3 642.6 640.5 639.1 638.2 639.7 649.2 644.9 646.1 645.5 643.9 642 642.9 643.2 640.2 634.4 626.7 606.5 583.4 579.8 579.1 573.6 566.3 559.9 543.7 523.1 499.4 491.1 483.7 479.4
606.6 618.4 636.9 647.4 632.4 642.6 649.4 649.5 654.6 662.2 669.8 674.7 682.2 694.9 705.5 714.3 724.7 732.1 742.3 755 766.8 774.9 774.3 770.5 772.1 775.3 773.5 770.4 764.2 748.8 740.2 738.9 738 732.9 716 721.3 738.1 747.7 753.2 757.8 757.9 757.5 748.7 738.6 722.3 695.3 675.8 664.7 656.9 648.1 640.3 639.1 643.1 645.2 650.6 649.9 649.9 651.4 655 658.5 661.2 660.3 657.5 651.7 638.6 622.3 595.8 581.1 583.8 574.4 560.3 547.4 531.2 513.9 497.9 490.4 483.1 479.1
591.8 603.5 609.9 614.7 608.8 626.4 635.1 641.9 647.3 651.5 654 662.9 674.4 686.7 700.4 704 715.3 725.6 736 750.5 764 775.7 781.3 779.1 782 782.7 784.8 786.5 777.7 761 758.5 757.2 747.9 734.9 734.7 743.7 753.7 760.5 767.4 766.6 764.4 754 753.3 739.5 717.6 699.2 681.4 668.4 656.9 656.6 652.6 647.4 650.4 656.9 657.4 660.1 661.4 663.7 669.7 675 675 675 670.6 662.2 650.3 634.5 609.2 586.2 585.8 574.7 553.2 540.4 528.6 509.9 493.3 486.1 483.6 475.7
573.9 581.4 585.8 583.3 592.4 616.9 619.9 626.2 629.8 634.2 641.8 652.1 662.9 678.5 690.1 696 706.6 718 733.4 747 754.5 765.7 776.4 784 788.9 793.2 797 796.8 795.8 781.1 776.5 762.3 741.1 747.3 753.1 757.8 761.7 775.2 774.6 764.6 752.8 748.3 736.5 723.5 709.8 702.3 687 673.4 665.5 668.4 666.1 663.6 671.5 671.5 674 676 678.3 678.4 684.7 686.9 687.6 689.3 681.8 673.5 661.3 645.9 623.6 596.7 585.7 565.4 550.4 538.6 525.9 514.9 492.8 489.8 483.3 475.4
565.3 565.3 564.2 563.2 576.8 601.8 600.7 606.7 612.2 619 630.9 642.3 653.6 664.9 680.9 688.7 701.5 717 729.2 739.5 749.5 763.2 774.7 787.6 793.7 795.4 802.7 810.9 803.6 794.3 782.2 761.1 754.3 761.6 764.8 772.7 777.9 776.9 765.6 748.8 735.3 733.6 721 705.8 703.4 701.6 692.6 685 681.3 683.2 686.4 683.9 687.3 686.1 691.4 691 695.7 698.4 696.5 696.7 700 698.5 693.6 684.8 672 655.5 632.5 599 579.8 566.5 553 540 524.7 510.6 497.5 489.9 483.9 474.5
565.3 569.3 569.6 553.8 563.1 578.5 580.5 586.8 601.1 611.7 621.5 633.9 651.9 662.9 675.7 687.3 702.4 716.5 729.7 738.1 752.8 769.4 781 793.5 801.6 805.9 807.9 813 812.4 796.9 783.7 775.1 781.3 776.9 780.2 790.7 788.3 780.5 766.4 731.2 707.2 705.2 697.9 697.4 698.7 697 698.1 699.8 705.3 701.3 695.5 700.7 703.4 704.1 707.3 705.2 712.2 714.2 713.5 710.6 707.4 703.6 701 691.5 680 654.7 633.2 595.1 579.5 570.9 562.8 545.5 525.3 512.4 502 489.3 482.7 472.2
558.7 563.1 563 548.2 549.4 557 565.2 576.2 594 609.9 616.9 629.1 647.1 660.7 671.4 687.6 705.3 718.7 733.2 749.2 768.5 779.7 792 803.4 811.9 817.5 819.3 822.4 807.5 795.6 793.7 798.3 795.7 792.4 796.4 793 788.8 774.5 746.8 717.5 693.9 687.1 687 688.3 692.3 696.9 706.4 709.8 715.5 718.9 715.3 719.5 719 724 722.7 721.9 726 729.8 725.7 728 714 705.6 702.5 693.7 675.7 640.7 618.9 591.9 579.2 572.9 555.3 544.1 533.9 515.3 504.4 494.6 485.4 471.7
547.5 545.8 542.8 539.4 536.5 543.1 552.3 566.2 581.6 603.6 614.2 624.6 640.3 657.9 676 692.1 707.4 722.4 739.5 758.1 774.9 790 805.9 813.8 819.5 826 829.1 829.1 813.8 808.2 814.9 817.7 815.2 795.4 797.3 781.6 756 744.2 723.4 687.6 680.7 679.1 678.7 679.5 684.6 688.8 694.2 700.1 713.1 711.3 728.5 729 730.8 734.2 733.2 737 742.8 743.4 749.5 736.8 722.9 708.2 702.1 687.4 665.1 633.4 614.2 585.3 578.7 573.2 559.9 547.1 538.3 527.4 512.4 497 488 477.6
537.7 536.7 528.9 526.1 524.3 531.6 542.9 554.9 572.5 590.3 607.3 624.4 641.2 658 673.7 690 708.3 727 744.5 765.1 789.8 808.3 815.3 822 826.8 829.5 827.3 815.1 818.2 830 833.2 828.7 809 792.9 774.4 757.1 726.8 713.8 690.2 671 668.5 670.7 673.4 675.3 675 675.7 679.9 688 700.2 710.6 722.1 722 731.2 734.9 741.1 751.2 757.2 762.3 758 746.3 732 720.3 697.7 680.5 654.8 635.8 609.1 586.7 579.3 574.1 564.5 553 541.5 534.8 519.9 503.8 490.6 480.7
525.6 526.4 517.5 508.1 513 519.8 524.1 542.5 564 580.6 601.2 624.4 640.1 653 666.5 685.4 710.2 730.2 748 773.7 798 814.3 830.2 833.3 832.3 824.3 805.9 812.8 809 813.5 820.3 809.3 800.5 778.1 768.9 746.6 708.2 697.7 672 661.9 662.1 664.5 665.6 666.3 661.7 659.4 664.4 674.1 682.9 704 704 705 726.7 731.7 743.5 754 764 775.7 763 750.9 734.7 723.2 692.6 668.9 655.8 636.3 613.9 595.3 575.4 572.1 567.1 558.6 546.2 535.7 527.6 514.8 501.1 483.9
514.4 513.4 502.4 496.2 499.3 509.3 517.8 533.9 552.9 571.3 588.6 614.8 637.7 654.4 659.9 688.5 712.8 724.5 747.5 771.8 792.6 811.4 828.1 831 822.4 798.9 783.7 790.3 792.8 800.9 799 787 774.3 758.3 746.5 725.5 701.7 681.6 664.6 661.7 659.6 658.2 657.9 655 645.2 644.5 648 659.4 677 683.6 688 695.9 717 726.3 737.2 747.5 758.9 764.4 756 745.1 727.7 707.6 686.9 669.4 653.1 631.8 619.6 602.9 584.1 574.1 567.7 557.9 549.8 545.1 537.6 526.1 516.8 490
504.6 500.5 492.6 490.5 491 498.6 508.7 522.9 543.2 558.2 572.4 602.4 627 644.3 658.3 678.5 694.9 714.3 740.9 758.4 782.1 795.4 796.1 792.7 786.8 777.7 760.9 770 778.5 785.4 791.2 784.5 766.1 747.9 734.2 713.3 697.6 682.1 667.5 662 657 649.1 642.8 639.7 633.5 628.7 632.7 654.4 665.6 666.9 667 683.7 701.4 717 730.7 737.5 742.6 748.7 740.7 734.2 719.9 710 699.4 678.3 662.7 637.1 626 616.3 606.8 585.6 569.9 564.5 562.7 558.2 545.1 540.1 528 497
500.5 500.6 490.4 484.5 485 489.8 496.2 510.4 524.3 541.3 564.3 589.1 617.5 630.4 638.6 646.8 679.2 700.2 723.9 739.6 763.1 773.1 761.6 754.1 753 743.2 737.6 750.4 762.9 775.5 777.4 767.3 752.9 741.6 728.1 712.6 692.2 676 667.7 655.9 649.1 643.3 635.8 625.8 618.9 620.8 624.5 645.8 654.7 649.1 653.5 669.9 690.1 703.2 723.4 726.7 721.2 723 730 728.3 722.8 715.1 707.8 695 666.7 646.2 638.1 629.7 618.3 599.4 577.4 569.9 566.3 556 546.4 535.1 518.5 503
489 494.9 484.8 478.3 477 479.1 485 495.7 514.9 529.1 552.1 577.1 604.4 614 621.2 638 665.9 685.4 708.5 713.7 706.9 727.1 723.1 713.2 708.1 709.7 719.3 729.4 740.7 754.3 759.3 759.5 744.5 728.4 716.2 702.7 685.2 671.9 664.8 653 645.7 633.8 623.7 619 612.1 610.9 617.9 633.6 634.8 636.6 646.6 654.8 670.1 690.8 709.8 708.6 700.1 710 719.4 719.7 720.2 716.6 712.3 703.1 674.9 654.2 648.5 634.2 623.4 612.4 598.5 589.1 570.9 554.1 543.7 527.8 519.9 511.1
471.4 483.3 478.4 474 473.3 471.3 475.9 486.2 502.1 521 546 554.2 586.1 597.9 607.3 626.6 654.4 662.2 681 660.8 669.6 674.3 679.9 676.1 687.8 700.5 708.2 708.6 719.9 738.3 741.9 739.5 729.9 717.9 705.8 689.7 675.6 670.6 658.3 644.4 633.5 626.8 617.8 614 607.2 605.3 613.2 619.2 618.2 624.6 635.8 645.2 654.1 672.2 676.7 679.3 686.1 697.8 706 709.2 716.9 718.1 713.8 703.5 681.2 659.5 649.9 642.1 627.9 614.7 609.1 604.8 586 559.1 544.7 526.2 522.2 507.5
