UK/data/nx/nx56_OST50GRID_20230518/NX56.asc
ncols 200
nrows 200
xllcorner 250000
yllcorner 560000
cellsize 50
[rows 140 to 174 of 200, columns 0 to 78 of 200]
189.2 186.1 186.9 185.1 182.5 180.4 178.4 176.4 168.6 166.5 169.5 173 178.2 183.9 187.2 188.8 188.3 190.5 189.7 187.8 191.5 195.2 199 202.3 205.8 209 213 216.8 218.7 222.7 228.8 233 239.2 245 252.6 262.9 271.9 277.2 280.4 284.7 293.6 301.5 309.2 311.1 310.1 307.4 301.1 292.4 287.4 283.2 280.8 277.8 274.6 267.4 264.5 261 257.1 250.5 243.6 245.1 250.4 250.1 244.4 236.6 227.5 220.3 213.1 204.9 201.9 196.7 190.9 183.5 176.4 170.6 166.6 162.5 159.7 157.6 155.1
184.2 183.1 181.4 180.3 179.5 177.3 175.6 172.1 167.7 163.5 166.9 169.9 175.4 179.7 180 180.4 182.7 182.5 179.5 180.6 185.5 188.6 191.6 194.2 196.7 200 203.6 208 213.1 218.5 223.5 228.7 234 240.2 248.2 257.2 263.5 268 273.3 279.2 285.1 289.9 292.2 293.4 296.4 295.7 289.3 285.7 283.3 278.6 273.1 269.5 265.5 260.8 257.1 252.1 242.3 237.5 236.8 242.9 246.5 244.4 237.8 227.4 216.5 207.4 200.4 194.7 191.7 187.6 181.4 175 167.3 162.8 160.6 159.1 157.1 155.2 153.2
181.6 180.3 178.9 177.4 176.3 174.8 172.9 168.7 164.8 161.9 163.7 167 169.9 172.5 174.8 173.9 174.9 174.6 174.5 175.7 177.7 183 184.8 187.7 191.5 195 198.5 202 207.4 212.2 216.6 221.4 227.5 234.2 241.5 248.5 255 262.3 269.7 277.1 282.3 286.5 289.4 291.2 291.9 289.1 283.2 279.7 278.3 274.9 267.2 261.8 257.9 254.7 249.8 237.9 224.9 220.8 226.4 235 234.8 232.4 229.9 217.9 209.3 199.7 191 184.9 182.9 177.3 172.9 167.4 162 159.2 158.4 157.7 155.7 154 152.5
179.4 178.4 176.6 175.1 174.1 172.5 170.4 164.8 159.4 159.6 160.7 163.5 166.1 167 166.9 168.3 169.4 171.6 173.4 173.8 174.5 177.9 180.6 184 189.4 191 194.2 198.8 203.7 208.2 212.1 217.2 223.1 230.7 239.4 245.9 252.5 262.4 271.5 277.4 282.4 286.8 294.2 293.8 289.3 282.2 276.9 270.9 269.6 268.7 260 252.9 242.9 237.3 229.9 218.3 208.2 205.7 211.7 212.4 216 215.7 215.6 206.5 197.4 188.8 182.8 181.3 175.2 171.8 167.5 162.5 159.7 158.8 157.6 157.1 155.1 152.7 151.7
176.6 176.3 174.8 173.5 172 170.1 166 160.4 156.5 157.1 160 162.6 161.9 163.8 165.7 170.1 171 171.3 173.6 171.6 171.9 173.5 177.7 181.2 184.3 187.1 190.7 195.1 200.1 205.6 209.1 213.4 219.1 226 232.7 238.4 247.2 259.8 270.8 277.3 278.4 280.2 285.2 284.7 278.7 266.5 262.3 256.6 253.3 252.6 244.7 236.9 229.1 219.9 213 203.6 199.1 196.5 197.7 195.1 194.5 197.3 197.8 195.5 188 179.9 177.7 179.8 173.8 168.7 163.8 159.9 157.7 157.4 157 155.8 153.8 151.4 150.5
174.2 173.4 172.6 172.1 169.8 165.4 160.4 156.3 152.1 155.8 159.3 161.7 162.1 160 164.9 167 167.7 168.4 168.3 167.2 167.1 169.4 174 176.6 181.2 183.7 187.8 192 197.3 203.1 206.1 210 215.4 221 227.2 233.4 241.5 250.4 259.9 264.7 266.2 265.4 267.5 264.8 257.1 246.8 244.4 241.9 239.1 236.4 228.4 222.5 213.4 206.3 198.8 190.9 191.1 186.9 185.6 182.6 181.8 182.5 184.6 184.3 180.2 174.9 171.7 172.4 169.7 164.2 160 156.4 155.9 155.3 154.9 155.8 153.3 150.2 148.3
171 170.5 169.6 168.9 163.5 159.1 155.8 153.4 149.7 154.9 157.1 157.8 158.3 157.3 159 162.4 161.5 161.2 161.1 161.6 162.3 165.5 169.2 171.7 175.9 179.4 184.4 188.8 193.4 197.9 202.2 205.4 207.8 211.6 218 224 231.2 240.8 247.6 257 259.9 254.9 250.1 246 237.9 232.9 228.7 227 223.9 222 216.7 209.6 199.9 191.6 185.3 181.2 179.3 179.4 177.6 176.2 173.4 174.4 175.6 175.3 172.3 167.4 165 163.1 162.2 158.8 155.9 153.3 154.7 154.3 152.7 154.1 153.5 148.6 145.8
167.6 166 165.8 158.9 156.6 154.7 152.3 148.8 148.6 152.9 155.7 157.4 156 154.4 154.3 156 156.2 156.2 156.8 158.5 159.7 161.6 163.6 166.8 172 177 181.5 186 189.5 192.9 195.6 198.9 203 205.7 210.4 216 222.4 229 234.3 239.7 240.2 241.4 238 232.1 229.2 225.7 221.8 216.5 212.2 211.2 206.1 195.9 189.1 181.9 177.7 177.4 176.1 173.7 172 169.9 167.9 169 169.4 167.9 164.6 160.4 158.6 155.1 154.1 152.9 151 150.2 151.3 151.7 150.4 149.9 147.6 145 147.3
162 161.4 156 153.5 151.4 149.4 147.4 145.2 147.9 150.2 152.2 152.8 153.1 152.4 150.9 151.6 152.2 151.9 153.4 155.3 156.8 157 160.4 163.8 169.1 173.8 178.9 184.1 187.7 189.8 192.1 193.9 197.5 199.5 202.5 208.1 213.7 219.7 224.9 228.3 226.1 226.3 226.7 222.9 223.1 217.5 210.5 206.8 203.2 200.7 195.4 187.2 180.8 176.3 174 174.1 172.1 168.1 164.8 162 161.7 162.1 162.6 160.9 158.9 156.5 152.8 149.6 149 147.5 147.5 148.7 149.8 152.8 148.3 145.8 144.1 145.2 147.4
157 152.4 150.8 149.5 147.9 145.1 143.1 144.6 146.3 147.9 150.8 152 153 152.8 149.1 147 147.8 148.5 150 151.9 150.7 153.4 158.9 163.8 168.9 173.2 176.8 180.3 184.1 186 187.5 188 189.4 189.3 193 199.4 205.6 212.5 218.4 219.2 215.7 214.2 210.5 208.9 208.2 204.4 199.6 197.1 192.4 187.8 183.5 179.8 174.1 170.6 171.5 171.1 169.4 165.8 161.3 158.9 156.7 156 156.5 156 154.9 152.7 150 146.7 145.1 144.3 145.8 145.9 145.4 144.9 143.6 143.3 143.1 144.9 146.8
150.5 148.1 146.5 146.3 145.2 142 140.2 141.7 144.3 145.4 146.4 148.4 150.5 149.4 145.2 143.9 144.4 145.1 145.9 146.3 148 152.2 156.8 162.1 167.3 171.4 175 176.9 178.5 179.2 181.1 180 177.8 180.8 183.4 188.5 192.6 195.7 198 198.6 199.5 198.8 197.2 197.8 197.8 195.8 191.4 189.8 186.9 182.6 180.1 175.3 169.6 166.8 167.5 167.4 166 162.1 159.7 156.1 153.7 151.5 151 151 149.7 148.9 147.5 143.8 141.6 141.1 142.1 143.1 142.8 142.8 142 141.5 142.9 144.3 145.8
143.9 143.8 143 143.3 141.4 138.8 136.5 138.2 140.1 140.2 141.3 142.7 144.1 144.5 141.1 141.2 141.2 141.5 142.1 144.6 148.9 151.9 156 161 165.2 168.5 169.3 168.8 170 170.2 169.5 168.4 168.5 171.7 176.6 180.3 181.2 181.7 181.5 183.6 185.1 185.8 189.4 190.7 190.8 189.9 185.8 184.8 181.2 175 173.2 168.6 162.7 162 163.2 163.2 158.9 154.7 153.7 150.7 148.2 145.6 146.4 145.2 144.6 144.1 144.2 141.6 140.1 139.6 139.7 140.1 140.4 140.8 140.1 140.6 143 144.2 144.9
139.3 139.4 139.8 138.1 136.8 136.2 135 136 135.7 136.5 137.3 137.7 138.1 137.6 136.7 137.4 138.5 137.2 137.5 144.1 147.3 149.2 151.7 155.7 160.2 161.7 159.6 160.1 160.2 159.5 159.3 158.9 160.8 165 169.6 174.1 173.8 174.9 174.4 174.8 177 180.3 181.5 183.3 183.6 182.2 178.4 176.8 173.1 169 167 161.9 155.3 156.4 155.9 155.4 152.3 149.7 146.4 144.4 142.6 140.6 141.4 141.6 141.9 141 140.9 140.2 137.3 138.6 138.6 137.7 138.2 138.2 139.6 139.9 143.2 144.9 144.6
136.2 135.9 135.7 134.2 134.3 134.7 132.4 133.6 133.7 134.5 135.1 135.1 134.8 134 134.4 136.1 135.5 132.9 136.7 141.4 141.4 141.9 141.5 143.8 148.7 150.9 150.1 151.6 149.8 150.2 149.6 151 154.1 158.9 162.6 166.2 170.2 171.6 170.2 169.6 170.7 174 176.7 178.2 178 176.5 172.2 167.6 165.5 161.2 158 150.9 149 150.1 148.6 147.2 145.8 143.8 140.1 138.2 136.9 137.7 138.5 137.5 138.5 138.2 139.1 139.5 139.4 140.1 140.1 140.1 140.7 139.9 140 141.4 144.9 147.5 147.9
134.1 133.2 131.9 131.9 132.4 132.9 129.5 131.7 131.1 131.1 131.8 132 130.8 130.6 130.7 130.8 129 130.2 132.6 135.4 138 139.5 141.8 140.8 140.2 142.8 142.4 141.7 142.5 142.7 143.5 144.7 149.2 156.2 164 167.3 168.8 168.2 165.9 163 169.9 174.7 176.8 177.7 177.8 175.6 171.5 165.2 160.2 155.3 149.4 144.7 145 144.3 143 143.1 142.7 139.8 140.4 136.5 135.6 137.1 137.5 137.9 138.6 139.2 140.2 140.8 140.2 140.6 141 140.6 140.9 140.9 141.4 143.7 145.7 147.9 149
131.2 130 129.2 129.8 130.4 130.9 129.2 129.4 129.2 129.1 129.2 128.3 127.1 126.7 126.2 124.9 127.5 129.9 135 138.4 139.3 139.6 138.9 136.2 136.9 137.6 137 137.8 138.1 139.9 138.5 140 144.1 151 156.7 160 162.9 161.7 155.4 162.3 165.4 166.9 169.6 171.7 172.9 172.5 167.2 159 156.1 147.5 143.4 139.3 141.3 139.4 138.4 137.9 137.9 138.5 138.1 134.4 135.3 136.4 137.3 137.9 138.7 139.8 140.6 141.6 142.3 142.5 142.7 143 143 144 143.3 145 147.6 149 150
127.5 127.5 127.3 128 128.4 128.7 127.4 127.1 127.4 127.3 126.4 124.8 124.5 124.4 123.8 124.5 126.5 128.3 131.7 134.1 135.3 135.4 134.2 132.8 132.9 133.6 133 134.1 133.7 133.6 133.9 135.1 135.9 138.6 143.5 146.3 152.5 150 151.2 154.1 156.7 158.4 159.7 162.9 166.2 166.3 159 153.2 147.9 141.3 136.6 137.4 136.6 135.5 135.2 134.5 134.9 133.3 132.6 133.5 134.9 136.1 137.1 138.6 140.1 140.9 142.3 143.6 144.6 146 146.3 145.7 146.8 148.7 148 148.2 151.8 155.9 152.7
124.6 125.1 125.3 126.2 127 127.4 126 125.8 126 125.6 124.2 123 122.7 122.9 122 123.4 124.9 126.7 128.6 131.6 133.4 133.2 131.9 130 130 130 130.1 130.3 129.8 128.9 129.4 129.7 129 127.6 129.1 130.1 131.8 133.9 139.5 144.3 147.6 148 150.4 155.8 158.7 155.7 150.5 145.2 140 135.1 132.1 135 133.9 133.5 132.6 132 131.6 131.6 132.6 133.6 134.6 136.1 138.4 140.4 141.4 143.5 146.4 148.2 149.3 152.3 151.9 151.2 151.9 153.3 153.8 154.7 155.8 158.3 157
122.3 122.7 123.5 124.4 125.4 125.8 124.8 124.5 125 124.2 123 122.3 122.1 121.7 121.3 122.8 123.9 125 126.8 129.9 132 131.6 129.1 128.3 128 128 127.9 127.8 127.6 126.9 125.7 124.4 122.1 120.7 120.7 121.7 122 127.8 132.2 136.3 141.3 141.7 142.7 146 144.1 142.2 141.4 134.5 132.4 129.3 130 131.9 132.9 132.5 131.2 130.9 132 132.4 133.2 133.7 135.5 139.1 143.4 144.7 147.1 149.9 152.3 154.4 156.1 157.6 157.7 156.7 156.6 157.9 158.5 158.2 158.5 159.4 159.3
120.4 121.1 121.9 122.9 122.7 123.1 122.1 122.8 123.9 122.6 121.1 120.8 120.8 120.3 120.7 122 123.2 124.2 125.2 126.3 126.7 126.2 126.9 126.1 125.9 125.9 125.8 125.7 125.4 124.4 122.4 120.7 119.8 118.7 118.6 118.6 118.9 120.8 125.2 130.2 131.3 132 135.4 135.7 134.4 134.7 132 128 127 127.2 128.7 129.3 130 130.5 130.1 131.6 133.1 134.1 135.8 137.8 141.7 143.7 147.3 149.5 152.7 155.6 158 160.1 161.3 162.8 163.2 162.5 161.1 162.6 162.7 161.9 161 162.1 162.2
118.6 119.4 120 120 120.2 120.6 119.6 121.6 122.1 120.6 118.9 118.3 118.2 118.7 119.2 121.1 122.5 122.7 123.5 123.8 124 124.8 125.2 124.3 123.8 123.7 123.6 123.5 122 121.1 119.4 119.1 118.1 117.7 117.7 117.7 117.6 118.5 121.4 124 127.4 126 126.3 126.8 127.9 127.3 126.4 126.4 125.4 125.6 127.5 127.4 126.4 128.2 129.7 133.5 135.1 138.2 141.8 143.1 148.8 149.5 152.7 153.9 156.9 161 163.6 165.8 166.4 167.9 168.9 168.2 168 168.3 167.5 165.9 164.7 165 167.3
116.6 117.5 117.9 118.8 118.9 119.4 118.4 119.9 119.2 116.9 115.3 114.9 115.5 116.6 118.3 120.5 120.8 121.1 121.9 123 122.9 125.1 124.3 123.4 122.4 121 120.4 119.6 118.6 117.9 117.7 117.6 117.2 116.9 117 117.1 117.4 118.2 118.6 121.4 123.4 124 124.5 125.2 126.1 124.4 124.8 124.1 122.8 123.8 124.5 126.4 128.6 130.6 133.1 136 139.2 142.6 146.1 151 156 157.1 161.1 161.6 162.5 166.3 169.4 172 172.8 173.4 174 174.2 174.2 174 173.6 170.7 168.1 168.4 172.9
114.8 116.1 117.4 118.3 118.2 118.4 118.2 118.4 116.3 113.7 112.7 112.3 113.2 114.9 116.1 117.8 118.5 119.5 121 122.2 122.4 122.6 123.1 122.9 121.7 120.1 118.6 118.3 118.1 117.5 117.1 116.7 117.1 115.2 116.2 116.4 116.7 117.4 118.2 118.8 122 122.3 122.4 122.9 123.6 124.3 124.3 122.3 123.6 125.1 127.1 128.4 131 133.6 135.3 139.5 142.3 146.4 153.3 159.4 162.4 162.8 166.7 169.3 171.4 174.1 176.3 178.5 179.3 179.9 180.1 179.2 179.7 179.8 179 175.2 172 173.2 177
113.3 115 116.8 118.3 118.1 118 116.6 115.1 114 111.6 110.6 110.1 112.1 113.1 113.7 115.8 118.3 120.2 121.9 123 123.7 124.3 124.1 123.5 123.1 122 119.6 117.8 117.9 117.2 117.1 116.5 115.8 116.5 116.3 116.7 116.3 116.5 116.9 118.9 118.9 118.8 118.6 120.7 122.2 121.9 121.7 122.3 125.4 128.3 129.5 133.5 134.7 135.9 139 145.5 150.6 154 161 166.8 169.5 170.3 172.9 177.2 179.8 181.8 182.9 184.4 184.8 186.1 186.1 183.9 184.6 185.6 185.1 184.3 184.3 178.5 183.7
111.8 113.6 116.3 118.5 118.2 116.7 115.3 113.5 111.4 109.5 108.5 108.4 108.7 110.5 112.6 115.5 118.4 120.6 122.8 124.6 125.5 126 126.1 125.6 124 122.6 120.8 119 117.7 116.9 117.3 116.9 115.8 115.9 116.7 116.1 115.9 116.3 116.7 116.7 117 116.7 118.4 118.6 119.4 120.3 121.4 124.8 129 132.4 133.2 135.3 138.2 142.1 147.6 154.1 159.8 164.3 169.8 174 175 176 178.7 183.6 185.6 187.1 187 188.2 189.2 188.9 188.1 188.8 187.2 190.5 192.3 193.2 190.9 186.8 190.6
109.6 111.7 114.5 116.8 116.6 115.4 114.3 113.2 111.1 109 107.6 107 107.6 108.7 110.7 113.5 117 120.1 122.2 124.5 126.4 127.4 128.2 127.9 125.2 123.2 121.3 119.3 118.2 117 116.6 116 116.8 116.6 117.4 117.4 117.2 117.2 117.5 116.6 116.9 118.1 118.8 119.7 121.7 124.4 126.3 130 133.9 136.4 137.9 138.4 141.3 146 156.2 163 168.2 172.3 175.9 179 180.5 181.3 182.7 186.7 189.3 191.1 190.8 191.6 192.4 191.9 193.4 193.2 192 193.3 193.9 194.3 192.7 194.3 193.3
107.3 109.4 112.5 114.2 114.5 113.5 113.2 112.3 110.8 108.6 107.1 106.3 106.6 106.7 107.9 110.9 114.8 118.1 120.5 123.2 126.2 129 129.6 128.7 125.8 122.4 121.1 120.3 117.3 116 115.9 115.7 116.7 117.7 118.1 117.9 117.8 117.6 117.9 118.6 119.2 120 120.5 123.2 126.1 129.2 133 136.2 138.5 140.2 141.8 143.5 144.7 147.2 155 166.2 172.3 176.2 179.6 182.2 185.8 185.8 188 190.1 191.2 194.9 199.1 200 199 199.3 195.3 195.5 194.9 196.3 198.2 199.1 200.2 198.5 196.5
106 107.9 110.4 111.6 111.5 110.8 111.6 111.7 111.5 109.8 106.7 105.6 105.5 104.7 105.5 109 114 117.2 120.2 123.3 126.1 128 127.1 124.8 121.7 118.7 117.8 117.7 116 115.3 115.5 116.3 117.9 118.9 119.1 118.9 118.8 118.6 119.2 121 121.1 123.2 125.6 126.7 130.3 133.6 137.4 140.2 142.7 145.3 147.6 150.4 152.8 155.1 160.8 166.6 171.8 180.7 186.8 190.5 191.6 193.8 195.3 199.3 201.2 204.2 206.3 208.2 209.2 208.3 205.4 205.9 207.4 209.8 209.2 209.9 209.7 206 201.4
105.6 107.1 109.6 109.1 108.6 108.6 109.4 110.3 110.5 109.6 108.3 105.5 105.4 104.6 104.1 108.5 111.6 115.1 118.5 122.4 125.5 126.6 123.5 119.6 117.9 115.5 114.5 114.7 115.5 116.3 117 117.7 119.4 121.3 120.5 120.1 119.8 120 121.9 123.8 126.2 129.7 133.3 135.3 134.7 134.2 139.7 146.6 151.8 154.5 156.5 159.4 163.5 166 170.3 177 183.1 188.4 196.1 200 203.5 205.4 205.4 207.2 208.7 210.6 212.2 214.4 218 219.7 221.8 222.3 218.8 219.8 218.5 214.1 214.7 212.5 211.4
105.5 107.8 108.8 108.2 104.6 105.3 107.3 108.5 110.6 112.4 108.6 105.5 104.4 103.1 104.5 107.8 110.6 113.8 117.2 121.4 123.8 123.5 120 116.3 114.6 113.4 113.4 116.9 118.4 119.8 118.5 119.1 120 120.3 120.7 120.9 121.3 121.8 123.8 127.6 130.9 135.3 137.9 140.7 142.5 143.4 142.4 152.3 157 161.9 164.8 166.1 169.9 171.8 176.3 181 186.9 194.9 198.1 204.1 210 212.1 212.4 213 213.6 215.5 218 223.4 228.6 231.1 233.2 234.5 232.7 232.6 230 226.4 226.1 220.8 221.8
106.6 108.7 108.1 103.1 101.2 102.6 104.9 106.7 109.1 110.5 107.8 103.9 101.5 103.1 106.5 110.4 112.1 114 116 118.7 120.3 120.8 116.9 114.2 111.9 111.3 115.1 116.1 118.6 119.9 119.7 121.3 121.2 121.4 122 122.5 123.7 124.6 127.6 131.4 135.7 140.4 144.1 146.8 149.7 153.6 154 155.5 162.4 166.1 168.9 171 176.3 177.8 179.4 185.9 193.9 199.2 202.1 206.9 214 216.9 216.7 215.7 216.7 220.2 225.7 232.9 238.6 241.3 243 244.5 243.8 242.9 241.6 238.5 238.4 233.1 232.5
107.3 108.2 104.1 100.6 100.4 100.9 103.5 107.6 109.4 109 107.8 100.8 102.1 105.1 109.6 112.9 113.9 115.1 116.5 117.7 120 119.8 117.7 114.1 110.5 113.3 115.2 117.2 119.1 120.5 121.3 123 123.3 123.2 124.2 125.5 127.3 129.3 131.3 136.4 144.2 147.8 149.8 151 154.1 156.4 158.5 160.3 161.3 164 170.1 174.5 178.8 181.3 184.9 191.1 195.2 198.5 201.7 207.2 211.8 214.4 214.3 215.4 220.6 228.2 233.8 240.2 246.3 250.1 251.7 253.1 253.4 252.5 249.8 244.6 248.5 244.8 239.8
106.5 106.8 104.4 101.7 100.4 100.4 102.4 105.1 106.7 108.5 108.3 98.4 101.9 104.8 108.7 112.3 114.3 114.8 115.9 117.8 118.8 119.5 117.6 111.3 109.9 110.7 115 117.8 119.5 120.6 122.5 124.4 125.6 126.7 128.6 130.2 131.7 134.8 137.7 143.3 148 149.9 152.3 154.4 156.1 158.9 161.8 164.1 166.6 169.2 168.1 174.8 179.9 187.6 188.4 189.1 191.9 197.2 204.2 209.4 213.5 214.1 214 216.1 224.7 234.6 242.3 248.4 252.3 257.1 259.4 261.2 262.9 262.7 261.9 253.9 254.7 253.9 249.8
105.6 105.8 106.7 105.2 100.5 98.9 100.2 103.5 106.7 109.2 106.9 95.4 100.5 103.1 104.8 106.9 109.5 110.6 113.3 119.4 117.3 112.6 109.6 109.5 109.7 110.8 113.9 117 119.3 121.3 123.6 126.3 129.3 130.9 133.3 136.3 138.1 140.1 142.8 146.5 149.5 151.6 153.8 155.6 157.5 161.7 166 168.2 170.3 173.9 178 175.8 177.6 183.3 186.1 187 194.5 203.6 207.7 211.3 214.3 216.4 216.5 216.6 227.6 240.9 248.3 253.4 257.7 263 266.2 269.3 273.6 278 273 266.9 261 259.2 258.6
103.6 104.5 104.7 105.3 100.8 98.1 100 103.6 105.8 105.7 101.2 91.5 98.1 100.8 101.9 102.5 103.7 106.1 107.2 108 108.4 107.6 108.5 109.1 109.7 111.2 115.1 118.3 120.8 122.6 124.9 128.3 131.9 135.1 139.9 141.8 144 144.1 146.4 147.9 149.6 152 153.6 156.8 161.9 165.4 168.4 170.7 173 177.2 179.7 179.7 179.4 183.4 182.7 184.8 195.8 203.9 208.8 212.2 215.4 218.5 221.1 219 233.7 248.1 253.5 257.8 262.7 269.2 280 283 285 292.2 284.6 280.8 275.6 271.7 267.4
