WholeMapElevations/data/sn/sn97_OST50GRID_20230518/SN97.asc
ncols 200
nrows 200
xllcorner 290000
yllcorner 270000
cellsize 50
[rows 140 to 174 of 200, columns 78 to 155 of 200]
275.9 299.8 323.9 346.8 361.6 376.9 390.4 399 404.6 409.8 411.3 410.8 413.3 417.9 412.4 406.3 403.1 399.1 394.9 384.4 377.1 375.1 379.6 392.4 403.3 414 420.9 428.6 434.8 435.7 436.5 437.1 433.5 429.7 424.8 417 405.7 381.2 347.2 319.6 294.4 284.7 291.8 300.3 320.8 328.2 359.8 382 386.1 387.9 391.2 399 407.5 419.6 433.9 440.5 444.8 439 432.1 429.1 429.5 426.4 426.6 424.8 422.8 423 421.2 419.7 416.5 412.6 410.1 407.2 406.4 404.3 401.6 396.8 395.2 389.7
260.9 280.7 303.7 328.5 347 371.2 387.3 395.6 395.9 397 394.9 394.3 395.8 396.2 394.7 392.1 389.2 384.1 377.9 369.3 369 369 376.2 391.4 403 414.6 423 430.4 435.3 438.9 439 439 437.9 432.4 425.9 416.8 407.3 394.8 375 338.4 299.9 287.1 283.4 286.6 298.3 318.8 348.1 361.3 371 370.4 368.1 375.9 380.4 387.6 401.6 413.3 424.3 421.8 424.4 423.2 421.3 422.2 423 419.5 422.1 420.6 419.9 416.9 413.7 409.5 408.4 407.5 407.8 403.9 399.5 397.4 391.3 385
248.5 263.4 284.2 304.8 335.1 368.7 383.1 384.1 379.2 377.9 376.6 376.7 380.9 382.2 379.3 376.8 374.2 370 363 359.8 360 363.9 376.8 392.5 406.9 416.7 424.6 431.3 437 443.1 443.4 441 437.2 431.5 425.5 417.5 407.1 395.7 378.3 348.5 315.9 299.7 286.7 284.5 286.4 309.5 320.6 332.3 340.1 341.7 347.6 353.6 355.4 359.3 368.7 383.4 400.7 407.8 409.9 410.8 408.7 411.5 412.9 417.8 419.6 419.8 417.9 413 410 409.3 407.1 408.5 407.2 399.5 395.9 392.3 386.8 380.1
237.7 250.9 269 286.2 311.2 352 356.5 366 362.7 359.6 352.7 356.6 362.5 365.8 363.8 363.9 361.7 355.5 352.7 352.4 354.7 363.7 380.4 395.3 411.6 419.7 428 433.9 441.8 447.5 446.2 444.8 439.7 433.7 427.2 417.9 406.8 393.4 370.2 344 332.2 325.4 308.4 291.8 276.7 288.8 298.1 304.3 308.4 313.6 319.4 323.4 327.4 333 340 353.4 369.4 383.7 391.4 392.1 394 402.7 410.6 416.5 418.4 418.9 414.6 411.7 408.8 406 406.5 406.2 402.7 395.6 391.6 387.8 378.3 371.2
235.1 238.2 252.7 267.8 286.5 306.6 318.5 328 335.5 340 331.3 336.2 343 347.2 351.9 349.8 348.5 346.6 345.1 346.2 352.8 367.2 384.1 401.2 413.5 425.4 434.2 443.7 449.5 451 451.3 444.9 442.4 435.2 427.6 416.6 405.4 387.7 362.5 358.3 362.6 352.9 331.3 309 291.3 274.3 273.4 280.1 284 290.7 294.6 299.8 305 309.7 316.2 326.8 341.8 357.7 366.7 368.6 380.7 399.5 411.4 414.8 416.6 416.7 413.6 405.7 403.8 398 399.5 399.3 391.6 387.2 383.6 371.3 358.1 348.4
234.9 234.1 237.6 251.6 264.9 280.8 294.9 305.7 315.1 318 314.1 319.3 323.3 331.1 334.3 337.1 339 338.8 338.6 344.6 354.6 371.5 389.7 405.1 418.7 429.2 441.3 452.8 456.3 453.7 449.6 445.1 439.8 432.9 425.1 417.3 408.2 396.2 387 387.6 384.5 376.1 363.4 329.7 309 292.5 275.8 269.6 270.7 274.6 278.8 283.5 286.6 292.4 297.9 306.7 318.4 333.2 343 356.6 381.1 400 408.3 410.8 413.6 407.5 399.5 393.2 387.4 388.4 382.1 378.5 373.3 365 357.5 344.6 330.8 325.1
232.8 232.9 233.7 236.7 250.1 262.4 274.3 288 294.4 298.2 298.2 303.4 312.4 317.8 322.9 325.3 328.4 324.4 335.9 343.2 357.7 375.2 392 408.1 422.6 434.2 446.9 455.7 454.1 448.8 444.8 442.2 436.9 432 427.2 421.8 418 414.2 411.6 408.9 403.8 395.9 383.8 356.4 330 309 292.4 282.9 271.5 267.1 266.2 265.5 275.3 281.2 283.8 291.3 302.8 315.9 333.3 357.9 383 401.1 403.1 406.4 402.9 390.2 380.6 372.1 365.1 362.5 353.9 354.1 348.7 339 329.9 318.7 314.2 310
229.9 232.3 233.8 233.8 237.3 247.8 255.7 267.3 275 282.1 285.4 289.4 300.2 307.1 309.4 312.3 315.9 319.6 330.4 341.5 357.8 374.9 392.1 408.2 422.2 434.3 448.5 451.7 449.2 444.3 442.7 440.4 435.8 431.8 428.8 428 429.8 430.7 429.9 427.3 423.4 415.5 403.5 386.4 355.8 327.8 311.9 296.9 282.5 276.9 265.8 263.7 263.2 261.7 277.7 286 296.2 307.8 331.9 355.6 382.5 395 396.2 395.6 381.9 368.1 354.9 347.1 341.7 335.4 330.2 330.5 324.7 314.5 306.9 303.2 301.4 299.9
239.7 234.5 230 229.9 233 238.9 248.2 252.5 260 267.4 270.1 274.9 284.8 292.3 296.1 297.2 300.1 311.2 319.1 336.2 352.3 369.4 388.3 402.6 420 433.6 445.4 444.3 440.3 438.9 438.7 435.6 433.6 430.4 431.6 435.2 441.8 442.6 443.4 444.9 443.1 441.7 425.7 405.2 378.3 354.6 340.8 316.1 296.5 281.6 271.1 266.5 262.9 260.3 261.3 284.8 290.6 300.5 324.1 348.5 373 380.4 377.7 366 357.6 338.3 328.6 323.6 317.1 313.1 310.3 306.3 303.2 296.8 294 293.6 291.5 290
251.1 245.3 237.1 232.2 231.3 229.5 233 242.2 248.7 252.5 256.3 261.7 267.9 274.7 279.4 284.2 288.9 300.1 311 329.6 343.4 358.2 377.4 393.3 413.3 431.6 435.6 433.6 432.9 431.4 431.2 431.2 429.9 430.3 435.4 440.8 447.2 451.6 455.4 456.8 456.3 458.4 453.3 430 396.1 372.9 355.9 335.1 314.8 298.6 285.2 273.2 263.7 260.7 259.1 266.8 284.3 292.6 313.6 335.3 353.7 355.4 347.6 338 326 314.6 307.4 300.3 296.7 295.5 293 289.1 286.7 285.8 286.2 285.4 283.4 281.3
268.7 260.9 250.6 240.7 236.8 232.5 229.3 232 235.9 241 246.5 250.9 254 258.5 261.9 267.8 277.4 286.3 300.4 317.2 329.4 344.1 361.1 381.2 402.2 423.4 423.2 421.2 420.7 422.1 420.4 422.6 425.7 431.6 437.6 444.3 450.3 458.1 461.1 462.6 465.1 468.5 467.9 446 412.8 384.3 362 342.9 322.9 312 295.7 280.7 266.6 259.3 258.3 261.7 281 288 303 320.4 333.7 331.5 323.3 313.4 301.8 294.5 287.8 285 282.5 281.4 280.1 279.6 279 278.8 277.5 277.5 276.6 270.5
290.7 280 268.3 257.2 250.8 242 234.8 231.4 229.9 231.4 233.3 240.1 244 249.5 252.2 250.7 263.6 271.7 284.2 300.1 314.3 329 346.4 367.4 388 402.4 406.2 406.1 406.8 406.4 408.2 414.2 420.4 428.1 437.1 446.8 454.5 460.9 464.6 467.7 468.3 471.7 469.2 436.4 406 383.5 360.2 341.3 326.2 309.3 299.2 287.6 271.4 259.7 257.4 257.9 274.3 282.5 293.1 305.7 316.3 310.5 303.3 293.7 286 281.3 277.7 274.5 273.1 272.9 273.4 272.2 271.9 271.4 270.4 270.4 260.7 264
314.1 300.1 286.8 274 266.8 258.3 251.6 244.2 238 231.9 228.3 231 232.1 235.8 243.1 245.2 249.8 258.7 266.3 279.4 296.3 313.9 332.2 352.5 372 382 386.5 386.8 389.7 393 399.7 405.5 414.5 424.2 434.5 445.3 454.4 461.7 464.6 469.1 468 472 454.2 418.4 393.3 374 351.3 333.8 317.9 303.1 293.6 286.5 276.9 260.9 257.2 255.9 266.7 273.8 284.6 293 293.2 294.3 287.9 282.7 277.6 272.1 268.6 266.8 264.9 265.9 267.3 264.8 262.7 258.7 258.4 258.2 257.9 260.5
336.6 322.6 308.6 294.9 286.3 278.4 270.3 261.2 255.1 246.8 238.9 235.9 233.4 229.7 227.3 226.9 231.5 243.3 253.1 265.2 278.2 296.2 315.5 336.1 352.3 366.7 370.8 376.1 380.9 385.5 392.2 398.5 406.7 418.3 430.2 441.6 450.8 460.2 465 467.7 467.8 458.7 433.1 403.9 380.7 361 341.7 322.9 307.6 295.4 288.9 281.4 272.8 260.8 256.5 255.5 261.6 267.4 271.7 276.2 281.3 279.8 275.5 271.4 267.1 263.2 263 260.9 260.1 257.4 255.9 255 256.9 257.2 257.6 257.2 262.8 265.3
359.4 348.3 331.3 319.2 309 300.3 292.4 282.5 276.6 269.9 262.6 257.7 252.4 246.4 243 234.5 230.7 226.1 236.1 250.1 265.6 277.8 298.7 320.7 338.7 351.9 361 368.4 372.1 377.3 383.5 389.6 399.8 412.8 427.3 438.9 447.4 457 460.2 462.4 459.8 441.3 414.7 390 366.9 347.2 326.9 309.8 296.2 283.2 276.9 271.2 266.7 259.7 256.8 253.7 257.7 261.1 264.3 266.3 265.9 266.5 265.2 259.5 257.1 253.8 252.8 254.9 256.3 259.4 261.6 263 266 268.1 268.6 269.8 269 265.2
382.6 369.8 349.2 342.9 335.7 329.5 323.1 310.5 302.1 294.6 286.6 279.2 272.3 263.4 257.8 251.9 246.1 238.3 225.7 233.6 247.8 262 281.3 302 319.5 341.8 354.9 360.3 364.1 368.8 375.1 384.7 396.5 410.2 424.9 438 446.3 451 454.8 455.1 449.1 426.6 396.8 373.3 350.1 330.8 312 296.8 283 274 268.4 263.4 261.2 258.2 256.1 253.1 253.5 256.4 257.1 258 257.9 257.9 255 253.8 253.6 254.5 256.7 258.2 260.8 265.3 267.3 270.1 272.6 273.2 273.8 272.6 268.9 261.5
409.8 394.2 378.8 368.9 362.1 354.4 347.3 339.2 329.4 321.7 311.1 303.7 293.3 284.5 276.3 267.1 261.5 252.5 235.3 221.5 233.6 247.8 264.3 283.3 311.5 337.8 343.5 347.2 349.4 360.3 370.2 383.4 395.8 410.2 427.3 435.8 441.8 446.1 449.2 448.2 438.9 408.2 381.8 356.1 333.5 314.1 298.3 285.7 277.7 270.8 265.1 260.5 259.2 257 255.5 252.8 251.7 254.7 253.7 253.6 251.7 252 251.9 253.1 257.5 259.6 262.4 263.6 266.6 272.4 274.9 274.9 276.6 278.3 277.7 275.7 271.3 263.7
441 426.8 415.4 400.8 393.7 387.3 376.7 371.6 360.3 347.2 337.7 323.6 315.4 306.3 294.5 284.3 275.8 265 251.3 233 223.4 234.9 251.4 272.6 293.1 311.6 326.4 331.6 347.3 361.6 372.4 382.5 399.2 412.6 426.2 433.6 437.9 440.5 440.5 440.4 428.9 397.3 368.8 341.3 318.3 299.1 287.1 280.8 275.2 269.5 262.7 258.3 253.6 250.7 250.8 250.5 250.2 251.5 251.1 250.7 252.6 253.5 262.5 263.6 264.9 266.6 267.4 269.1 274.2 278.9 280.7 282.3 282.7 282.6 281 277.6 271.2 266.2
454.4 444.7 434.1 425.9 417.6 409.9 401.7 395.3 387 373.5 363.1 349.6 336.1 324.7 310.8 299.7 289 278.2 263 251.2 237.6 222.4 237.3 255.6 271.2 288.8 315.9 335.9 353.6 368.3 378.5 388.7 403.8 416.6 427.1 430.9 434.5 435.8 436.3 436.7 422.8 384.6 354.9 327.6 304.7 289.3 278.9 274.4 271.2 264.7 258.4 253.8 250.1 253 249.4 250.6 252.4 256.2 259.2 261.5 264.1 267 269.6 269.2 271.5 273.2 273.5 275.9 280.7 283.8 286.1 287.5 287.2 285.9 283.1 276.9 274.5 270.6
460.8 454.9 447.6 440.2 433.1 424.1 415.5 408.1 399 389.3 378.9 370.2 358.1 343.2 329.8 317.5 304.3 292.9 280.3 271 255.4 240.6 220.4 236 254.3 282.3 316 342.5 359 372.9 384.5 394.4 408.9 420.2 428.1 429.3 432.8 434.2 434.4 434 417.9 373.7 345.5 319.6 296.3 281.1 271.9 268.1 265.1 258.5 253 249.8 248.3 250.1 251.3 254.4 258.8 263.5 266.6 269.5 269.8 271.5 273.2 275.2 277.5 279.8 281.6 284 287.2 288.4 289.4 290.2 289.5 287.3 283.1 282.7 281 276.7
467 459.9 452.8 446.8 439.7 431.2 423.3 416 406.2 397.3 388.5 379.6 371.3 360.3 348.3 336.1 322.4 311.8 300 289.4 271.3 250.4 233.2 225 241.5 270.4 305.3 345.6 365.3 378.7 387.8 400.6 414.3 422 425.2 428.2 431.3 433.3 432.2 434.4 413 368.4 338.3 314.3 292.2 274.8 266.4 263 259 251.9 249.5 247.8 249.6 252.4 262.4 265.6 267.5 271.6 274.8 277 276.5 276.1 277.8 280.5 283.5 286.1 288.7 291.5 291.7 293.8 293.2 293.3 291.9 290.5 289.9 288.6 287.6 285.4
467.1 462.5 456.8 450.3 443.9 434.9 426.8 418.3 410.2 401.3 391.8 383.5 375.5 366.8 360.8 348.2 339.4 326.7 315.6 300.8 282 256.5 240.9 220.4 234.4 259 294.1 336 364.8 377.6 389.4 404.4 413.8 417.2 424.7 426.5 428.8 426 426.7 425.7 403.9 370.2 335.1 310.9 287.5 268.6 260.4 257.9 252.1 249.4 247.6 248.8 249.8 266.4 274.6 276.8 278.1 282 283.7 284.4 283.9 282.8 283.7 286.9 290.5 294.1 297.5 299.5 300 300.1 300.6 300.7 299.7 299.3 298.2 296.5 294 290.8
467.4 463.7 459.5 452.2 445.1 436.4 426.5 415.9 406.7 397.6 388.8 380.9 374 368.1 363.3 354.6 348.5 335.5 322.2 310 283.1 257.1 243.1 231 230.2 253 285.7 328.7 360.9 377 389.7 400.5 402.2 411.5 417.4 415.8 418.6 418.6 417.2 413 403.6 372.3 338.6 308.8 284.9 266 255.6 247.8 247.3 247.6 248.5 260.5 267.1 279.2 289.9 293.4 294.9 297.8 299.1 297.6 294.1 295.9 297.4 299.4 303.2 307 307.9 310.1 310.4 310 310.2 310.3 310.1 307.6 306.4 303.9 299.8 296
469.3 465.1 460 453.3 444.7 434.3 422.5 412.1 397.9 388 377.8 371.5 367.1 363.2 359.8 354.2 346.6 337.8 323.9 311.2 283.9 258.8 243.7 230.9 226.9 249.7 279.1 319 356.6 375.4 382.9 386.7 383.9 384.9 383.7 384.2 395.9 402.9 407.7 404 388.4 367.9 344 308.5 285 267.9 250.1 251.3 254 257.8 262.8 271.6 277.3 297.4 311.5 318 318.9 318.9 318.2 315.9 314.9 314.7 315.5 316.7 318.7 321.4 323.7 323.6 324.1 323.1 322.3 320.4 317.6 313.6 310.2 307 304 300.9
469.5 464.7 457.7 449.4 439.9 427.9 417.2 399.9 383 370.8 362.8 358 355.9 355 351.3 347.3 343 335.4 324.5 306.9 284.3 263.2 245.2 226.8 229.8 245.9 270.7 304.5 345.2 356.3 369.3 368.2 359.4 354.5 351.1 351.1 357.5 375.7 390.4 390.8 379.4 372.1 344.8 312.7 286.8 265.5 255.3 249 258.7 264.3 268.2 279.2 292.2 311 329.4 343 346.9 341.1 338.3 336.3 335.7 334.7 334.4 335.3 336.1 338.4 339.4 341.1 338.8 334.7 330.8 326.1 321 316 312.3 308.5 305.8 302.7
468.2 465.5 452.7 444.9 429.3 414.9 400.3 382.2 364 353.4 346.6 342.8 340.9 339.1 336.6 334.4 333.9 324.3 313.4 296.9 282.8 267.7 247.1 227.4 228.8 244.9 263.3 288.7 313.6 334.5 338.7 343.8 338.5 326.3 322 322.6 328.8 342.9 359.7 373.2 372 366.3 348.9 313.6 289.7 266.5 257.6 252.5 249 258.6 272.7 287.8 297.6 318.1 340 359.9 365.3 361.5 356.7 358.1 358.7 358.3 360.4 361 358.8 354.5 353.7 351.8 345.3 338.4 334 327.4 321.8 316.3 312.7 308.4 305.6 302.2
464.8 456.6 438.8 424 408.9 393.9 373.4 358 345.4 337.5 328.6 325.3 322.8 319.5 316.8 316.1 313.4 300.7 290.6 281.6 274.2 263 249.2 234.1 220.8 243.2 257.5 279.7 298.9 305.8 296.9 300.9 298.3 297.8 296.8 298.7 304.6 316 326.2 341.9 346 347.2 342 316.6 289.6 271.6 264.3 254.3 244.7 253.5 274.9 286.7 300 321.3 347 363 370.6 372 378.6 381 386.3 381.1 379.8 372.6 368.5 363 358.7 353.4 346.6 339 335.4 327.2 321.7 315.3 310.9 307 304.4 300.8
438.2 428.9 418.3 403.3 383.8 366.1 348.7 337.4 327.7 320.3 311.8 309.2 305.7 300.6 298.4 293.2 287.8 278 273.3 268.8 263.8 254.6 248.8 240.8 220.2 231.1 251.8 268.4 270.9 266.3 266.9 271.2 270.5 273.5 279.1 282.3 283.1 290.3 300 309.6 316.6 325.6 319.5 305.3 281.6 275 271.5 258.7 247.7 249 271.9 284.3 299.1 321.4 343.3 362.2 371.9 379 390 392.8 392.9 389 382.5 380.1 371.2 364.5 358.5 352 345.3 338.2 330 324.9 319.4 313.7 308.2 304.7 303 300.4
409.8 400.3 386.6 372 354.1 339.8 326.2 317.7 307.9 297.7 293.4 292.3 288.3 281.7 279.6 274.1 268.8 265.3 261 258.6 252.3 246.2 244.9 240.3 224 227.5 240.6 248.6 246.6 247.5 251.6 253.6 257.2 261.7 266.1 266.9 264.3 269.8 276.1 284.4 291.3 294.9 294.9 291.4 277.9 273.1 268.4 259 247.7 243.7 263.8 278 299.2 318.7 339.3 356 371.9 390.7 394.7 394.3 393.6 388.5 382.6 374.8 367.9 361.2 354.6 348.1 339.1 333.2 326.7 321.5 315.1 308.5 305.9 303.9 302.9 301.6
372 363.1 351.2 339.2 327 315.8 307.8 295 284.4 279.8 277.3 276.8 274 269.3 266.1 260.4 257.3 252.1 248.7 247.1 243.1 235.7 236.1 234 232.6 219.9 225.5 232.2 234.9 236.9 240.7 244 249.8 254.5 253.6 254.8 253.1 255 257.4 263.8 269.6 280.5 283.3 285.2 275.5 271.7 268.1 257.8 244.4 246.1 261.1 276.5 295.2 313.4 333 353.2 376.8 393.5 395.4 396.1 391.3 385.6 377.3 369.7 362.6 355.2 348.5 342.4 334 327.2 321.8 315.2 308.8 306.7 304.6 303.3 303.2 302.3
331.3 325.5 321 313.9 305 295 283.9 271 266.6 266.4 265.3 264 261.4 258.7 254.9 251.3 247.8 241.9 239.7 238.7 230.1 227.9 228.2 229.5 230.9 220.8 224.9 220.6 226.4 231.1 234 236.4 241.1 242.1 241.7 242.6 241.6 240.6 242.1 244.5 249.1 254.4 268.7 270.9 271.4 270.8 267.2 256.8 242.8 255.7 266.8 275.7 292.2 310.7 329.7 353.8 377.3 393.2 396.2 392.5 386.3 377.9 372.5 364 354.6 348.1 341.7 332.5 326.1 320.7 315 308.9 305.4 304.6 303.4 302.3 301.9 300.9
291.8 295.8 295.2 287.2 281.6 272.1 262.5 257.7 254.1 253.3 254.5 254.1 251.5 249.7 246.9 243.8 239.5 234.3 232.8 230.3 225.8 224.1 223.6 223.4 219.4 218.9 228.3 238 237.2 231.7 224.2 226.7 230.9 232.2 229.8 229.5 229.5 229.2 229.7 228.7 241.6 236.5 247.2 255.9 260 267.8 261.1 251.6 237.2 254.6 266.1 276.9 292.5 310.6 330.7 355.9 376.8 392.8 392.2 386.8 379.9 372.4 364.3 356.3 350.1 343.6 334.5 327.5 321.7 315.5 310.4 306 303.5 301.8 300.8 300 298.9 298.5
262.6 263.5 262.9 263.5 261.7 255.4 250.2 248.5 245.7 244.6 245.1 245 244.4 242.5 240.1 237.5 234.3 228.3 217.7 218.1 217.4 221.2 228.1 229.4 233 241.5 247.6 248.8 248.5 247.7 245.2 241.8 237.9 238.2 239.5 241.6 243.1 242.4 243.9 242 241.9 233.6 231.3 239 248.9 253.5 252.4 241.9 234.2 250.3 266.2 279.1 295.5 314.3 335.3 356.4 377.8 391.4 389.2 379.1 372.9 366.5 360 352.1 344.6 337.4 330.3 323.8 317 311.5 307 303.8 301.6 298.9 296.8 295.7 294.1 293.3
239.5 242.4 243.7 244.4 246 244.3 242.7 240.8 239.7 238.6 238.7 239 239.5 237.6 234.8 227.2 222.4 218.1 222.7 232.4 233.7 238.7 250.7 258.4 264.4 270.3 272 271.6 267.7 269 267.5 266 265.7 268.4 268.2 269.1 265.2 261 260.5 259.2 253.7 250.6 243.8 231.4 234.4 240.9 241.9 235 245.4 256.2 270.9 285.2 301.3 320.8 341.2 360.2 379.1 387.3 382 375.7 368.6 361.8 354.6 346.9 340.6 333.5 326.8 319.9 313 308.3 305.2 303 301.1 300.9 300 299.3 296.6 294.3
232.7 232.4 232.2 231.9 232.5 235.3 235.9 234.5 233.8 234.1 235.4 236 231.9 231.9 229.4 222.3 218.2 221.5 229.1 235.8 243.6 263.1 277.2 284.8 288.6 293.3 294.9 296.1 295.1 294.2 293.9 294.2 295.2 296.9 298.5 294.2 287.9 281.8 276.9 273.9 266.5 261.8 256.7 249.5 240 233.7 236.6 247.5 259.4 267.2 279.4 293.3 309.9 329.2 346.5 364.4 378.1 383.6 377.2 370.5 365.2 358.1 350 343 336 329.7 323.3 317.1 310.6 307.5 304.5 304.3 305.7 306.2 305.4 302.8 299 299.7
