WholeMapElevations/data/ns/ns87_OST50GRID_20230518/NS87.asc
ncols 200
nrows 200
xllcorner 280000
yllcorner 670000
cellsize 50
[rows 0 to 34 of 200, columns 0 to 77 of 200]
77.5 76.5 75.9 74.2 71.9 69.1 66.7 64.4 62 58 56.5 55.8 56 54.4 48.4 45.6 41.9 41.8 41.7 39.7 35.6 33.5 33.4 33.5 33.5 33.5 33.4 33.5 33.2 33 34.6 36.3 38.3 37.1 36 34 34.8 35.3 33.4 29.1 26.7 27.6 29.1 35.8 38 38.7 39.9 40 40 40.9 41 40.5 38.2 41.9 41 41.6 42.6 42.7 44.5 47.8 48.5 48.7 49.2 50 50.3 51.4 50.5 48 48.6 49.5 50.9 52.1 52.1 51.6 51.2 51.5 51.5 51.7
77.3 76.1 73.6 71.5 68.7 65.2 61.9 59.7 57.7 54.9 54.2 50.4 45.5 45.1 43.4 41.4 35.6 36.4 39.2 36.7 34.1 34 33.3 33.3 33.3 33.4 33.3 33.5 33.2 33.1 32.3 33.4 33.3 33.1 32.3 30.1 28.7 29.7 27.7 27.6 28.2 29.7 32 39.4 40.1 40.2 40.4 40.6 40.8 41.1 41.4 40.8 37.4 35.7 36.9 39.6 42.6 41.8 47.8 48.5 49.3 49.5 49.5 50.6 49.6 48.6 48.7 49.3 50.7 51.5 52.6 53.4 53.3 52.9 53.3 53.4 53.8 54.3
76.5 74.7 72.2 69.1 64.6 59.3 55.9 52.6 50.7 47.3 44.2 44.4 44.3 43.7 40.1 37 34.3 32.7 32.5 33.5 33.4 33.6 33.2 33.1 33.1 33.1 33.1 33.2 33 32.8 33 31.1 30.5 29.8 29.6 29.4 29.5 28 27.7 26.6 32.3 35 38.7 40.6 41.2 40.5 40.6 40.8 41.4 41.6 41.1 39.9 41.8 40.9 38.8 38.6 40.1 47.9 48.4 48.9 49.6 49.8 51.1 46.6 47.4 48 51.2 51.7 53.5 53.8 54.2 54.6 55.2 55.1 55.1 55.6 55.9 57
74.7 71.6 67.7 63.3 58 51.9 48.8 47.9 45.2 43.7 42.8 43.4 42.5 38.8 37.6 38 35.4 34.7 31.5 32 32.9 32.9 33 33 32.9 32.9 33 32.9 33 33.9 33.3 35.5 33 29 27.8 28 28 27.2 29.9 32.9 38.6 40.5 41.8 42 43.2 42 40.8 40.9 41.3 41.7 40.4 42.6 43.5 43.2 40.7 38.7 41.1 48.7 50 50.4 49.9 52.3 46.4 46.6 48.5 55 56.7 56.6 55.8 56.1 56.7 57.5 57.3 57 57.5 58.9 59.5 60.3
70.4 66.3 62.4 56.7 51.6 48.9 46.9 44.9 43.3 41.4 40.7 40.6 39.1 39.4 38.8 31.1 30.9 30 30.5 31.7 32.5 32.6 32.6 32.6 32.7 32.4 32.8 32.7 34.9 35.5 29.5 34.6 33 29.1 29.2 29.4 26.6 29.7 33.4 39.8 41.2 41.9 43 43.1 43.3 43.2 41.3 41.8 42.5 42.6 41.6 47.6 48.1 47.9 45.3 41.3 43.6 49.9 51 52.1 54.1 49.5 46.5 49.6 55.2 56.7 58.2 58 59.9 60.8 59.5 58.9 59 58.7 60.4 61.5 62.3 62.6
65.9 61.8 56.6 52.7 49.8 47.8 47.6 46.3 41.6 39.4 38.8 38.1 36.6 35.7 30.9 30.7 30 30 30 32.7 33.1 32.6 32.5 32.6 32.7 31.7 32.6 32.6 32.5 32.9 32.3 33.1 31.3 29.5 30.7 28.6 29.8 33.7 38.7 42.1 43.2 43.4 44.1 44.3 43.9 43.7 43.4 43.7 43.2 42.6 41.5 43.8 45.9 47.4 46.8 47.9 47.5 50.5 52.9 54.9 57.3 57.1 55.4 56.1 57.5 56.1 64.5 62.6 60.6 60.1 59.7 59.7 60 61.2 63.5 64.4 64.4 63.5
60.7 56.7 52.6 50.7 49.2 48.5 47.2 40.9 39.3 37.7 35.6 33 34.6 34.7 31.1 30.4 30 30 30.2 32.3 32.8 32.8 32.7 32.3 32.8 32.9 32.8 32.9 33.9 33 32.3 30.2 28.7 30.3 26.8 30.3 34.3 38.7 44 45.4 45.6 45.6 45.1 44.9 44.5 44.2 44 43.7 42.3 41.6 41.8 42.7 43 45.9 47.8 51.9 48.1 50.7 51.9 54.9 56 56.7 58 58.5 59.3 59.7 60.8 60.1 60.1 60.1 60.4 61.1 61.9 63.6 64.6 65.4 65.1 64.5
53.5 50.7 50 48.5 47.4 41.4 39.1 37.1 34.8 32.5 36.7 37.3 37.3 36.4 34.2 30.7 31 30.8 30.3 32.1 32.8 32.7 32.7 32.8 32.8 33 35.1 34.7 33.2 29.1 28.4 27.5 28.4 29.7 31.5 34.8 39.4 46 46.6 46.1 45.7 45.6 45.2 44.7 44.7 44.7 44.2 43 41.1 42.5 42.3 43 44.4 44.9 46.8 48.2 48.6 51.2 51.4 51.7 53.4 55.2 57.7 58.4 62.2 60.1 60.1 60.1 60.1 60.1 60.8 62.1 63.4 64.2 64.8 66.2 66.2 66.1
51.3 48.7 47.5 47 40.2 39.7 35.8 34.2 35 35.7 34.7 37.3 36.8 36.9 35.9 32 31.4 31.1 31 32.6 32.8 32.8 32.8 32.9 34.4 34.1 33.2 31.2 29 27.3 27.6 30 31.5 34.4 36.4 39.8 45.8 46.1 46.2 45.9 45.6 45.4 45.2 44.8 44.4 44.1 43.4 43.3 43.8 43.5 43.1 44.3 47.2 48.1 47 48.9 50.6 49.6 50.6 51.7 54.7 55.9 57.9 59.9 60.1 60.1 60.1 60.1 60.8 61.1 62.2 63.7 65 65 66.9 68.3 70.3 70.9
48.4 45.4 41.4 40 39.9 37.8 34.3 36.6 36.4 36.4 35.7 36.7 36.8 37 35.1 32.2 31.9 30.9 32.8 31.2 32.8 32.9 34 34.4 33 29.9 27.3 29.2 27.3 29.8 30.5 32.5 34.6 40 40.7 46.3 47.8 47.1 46.9 47.1 46.3 46 45.4 44.8 44.1 43.8 44.5 45.4 46.6 45.7 46.4 47.7 50.1 50.3 49.6 49.5 49.5 47.6 50.1 52 54.9 55.9 58.2 59.8 60.1 60.1 60.8 61.9 62.8 63.1 64.1 66.2 66.8 70.3 70.5 71.5 72.1 72.9
46.8 42 40.5 40.1 38.3 36.5 35.3 35.6 36 36.8 36.7 36.6 35.8 34.6 32.9 31.7 30.7 31.8 31.8 30.1 32.4 34 33.4 31.8 29.6 28.2 29.9 31.4 33.4 33.5 34.3 35 39.4 41.5 46.7 48.8 49.8 49.3 48.5 51.4 47.4 46.5 45.8 45.1 44.9 44.9 45.9 47.4 48.8 50.4 51.7 50.6 52 52.2 52.1 50 48.8 49.6 52.4 55.3 56.2 57.7 59.2 59.6 60.6 61 64.7 66.8 66.8 66.5 70.5 72.4 72.4 72 72.5 73.2 73.6 74.1
44.1 39.9 39.8 38.9 37 39.7 48.4 38.6 36.1 37 36.9 36 36.1 35.1 35.2 33.3 31.6 32.9 33.3 32.8 34.1 32.6 31.6 29.5 30.1 31.5 33.3 35.7 36.1 37.9 39.4 40.2 42.9 47.6 49.1 49.6 50.8 50.2 49.6 48.4 48.4 47.5 46.5 46.7 47.1 46 48 49.4 50.9 52.5 53.3 53.4 53.3 53.5 51.6 51.5 50.3 51.2 54 56.3 57.2 59.2 61.2 62.8 67.2 70.4 72 71.4 73.2 76.2 73.1 73 73.2 73.2 73.4 73.9 74.6 74.4
38.7 39.1 36.7 36.6 42.9 50.7 52.4 50.2 35.3 35.9 34.9 34.9 34.9 35.1 35.6 33.8 30.8 32 34.1 35 32.5 31.1 29 31.7 33.8 36.2 40.2 39.4 40.3 41.8 44.5 44.9 45.8 48.2 49 49.6 50.1 50.3 50.3 50.3 49.9 49 48.9 49.9 49.9 48.4 50.2 51.6 52.9 54 54.6 55 54.5 54.2 53.4 53.6 54 53 54.6 57.3 60.1 62.7 66.4 70.9 71.5 69.8 73.3 77.2 79.1 79.3 73.9 73.3 73.7 73.8 74.2 74.7 74.9 77.5
37.7 35.3 32.8 32.8 44.3 51 52.1 49.7 34.2 33.7 33.7 34.1 34.7 35.4 35.6 31 30.9 30.5 30 27.9 27.4 28.5 30.8 39.6 39.9 43.8 44.7 45 46.7 47.3 48.2 48.7 49.2 48.8 49 49.9 50.8 51.9 52.9 52.3 51.4 50.7 51.8 52.9 52.6 50.8 50.4 52.1 53.8 54.8 58.8 55.2 56.1 54.8 54.9 55.6 56.4 57.9 59.6 61.3 63.2 66.4 68.4 70.2 72 74.3 75.7 77.4 78.9 80 79.3 73.8 75.1 76.5 77.1 77.6 77.7 77.9
36.7 33 32.3 32.4 38.5 46.1 39.6 33.1 33.9 33.3 33.9 34.4 35.1 35.4 33 31 31 27.3 30.7 29.5 30.5 33.2 39.4 43.1 45.7 49.2 52 51.4 51.5 51.6 52.3 52.8 52.9 52.5 51.9 51.2 52.6 54.1 54.6 54.5 52.7 52.6 54 54.2 53.6 52.3 51 51.5 53.1 59.3 53.8 56.7 57.7 54.5 56.4 57.4 59.3 61.1 63.4 64.4 64.4 69.9 68.3 71.3 74.3 76.2 76.9 77.7 78.3 79.2 79.3 77.5 77.8 78.3 78.5 78.8 79.1 79.8
32.9 32.4 32.4 32.7 31.4 32.6 32.5 32.3 32.5 27.3 32.9 34.3 33.8 33.8 33.1 31.2 27.8 31.3 32 32.6 33 39.4 44.8 50.3 50.8 52.7 54.3 55.3 56.2 55.9 55.9 56.1 55.7 54.4 52.7 52.1 53.7 55.1 54.5 54.5 54.7 54.8 56.3 55.9 55.1 54.4 53.1 51.5 60.5 53.5 56.3 59.3 57.7 55.9 58.1 63 64.4 65.3 68 69.6 70.2 70.7 72.6 74.4 75 76.7 77.8 78.8 79.1 79.8 79.6 79.7 79.5 79.8 80.5 81.9 82.8 84.6
32.8 33 33 32 32.6 32.6 32.3 32 32.2 29.3 32.3 28 29.8 29.3 28.6 30.6 31.9 32.4 33.2 35.1 39.4 43.5 50 52.2 53 55.2 56.3 57.9 58.5 57.4 57 58 57 54.6 53 53.7 55.7 55.9 55.7 56.7 56.3 57 58.8 58.1 57.2 56.5 56.6 61.6 54.4 58.2 60.1 62.1 58.7 61.7 63.2 68 68.7 69.9 71.4 71.4 72 72.6 76.8 78.6 78.4 79.6 80.5 81.2 81.3 81.9 83.3 83.4 84.2 84.7 85.7 87.7 89.7 90.8
33.1 33.7 32.1 32.5 32.8 32.6 32.3 32.1 32.2 32.4 32.8 31.9 31.9 31.5 31.4 32.3 33.8 33.4 38.7 39.4 42 45.9 50.6 52.2 53.6 55.6 56.9 58.1 57.8 57.5 57.3 57.6 56.3 54.2 53 53.7 54.7 56.2 56.5 56.2 56.7 57.9 59.8 59.8 59.2 59.2 61.9 54.5 59.8 62.7 63.7 64.5 61.8 69.3 69.8 70.1 73.9 72.5 72.5 76.2 76.9 78.8 81.1 81.7 80.2 81.9 84.1 83.1 84.6 86.3 89.1 90.5 90.8 91.2 91.4 92.9 94.4 95.3
32.7 33.4 33 32.7 32.8 32.5 32.2 32.1 32.2 34.1 35.5 34.6 32.9 32.8 33.1 35.7 39.4 41 37.1 42.9 48.8 49.8 50.1 52.6 54 55.5 56.6 57.4 57.4 57.3 57.3 56.8 55.8 54.4 53.9 54.5 55.4 56.2 56.3 56.2 56.8 58 60.1 61.6 61.6 62.6 59.1 57.2 61.4 65.3 67.9 68.9 66.4 70.6 74.4 77.1 77.2 77 78.3 77.8 81.9 82.3 83.2 84.6 81.6 85.9 87.6 88.7 90.3 93.1 96.3 96.9 96.3 96.2 96.5 97.2 97.2 96.5
33.9 33.5 32.9 32.7 33.1 32.3 32.6 33.8 34.1 37.1 37.7 38 39.6 39.4 41.1 41.5 41.3 41 37 44.5 52.4 53.5 52.3 54.1 56.2 56.9 57.3 57.3 57.1 56.8 56.3 55.6 55.1 55.4 55.3 55.7 56.4 56.7 56.4 56.4 57 59 61.3 65.9 63.5 62.2 59.1 59.8 64.6 67.5 70.7 70.2 72.6 74.6 77.4 78.6 78.6 79.7 81.3 85.8 86.5 88.5 89.2 87.4 85.3 89.8 92.1 93.9 96.9 100.1 100 98.9 97.4 97.5 97.9 96.7 94.6 94
33.7 34.3 34.2 33.3 34.3 35.5 37.4 37.9 37.8 39.2 42.3 41.7 42.9 43.1 42.5 42.6 42.8 46 39.4 42.8 53.4 56.1 54.9 55.5 57.9 57.1 56.4 56.2 55.9 55.5 55.1 55.3 55.6 56.5 56.7 58.8 59.1 57.6 57.1 57.4 60.4 63.2 63.1 64.2 64.7 63.4 61.1 63.2 67.3 69.9 73.4 75.5 76 77.4 80.3 81.3 81.6 83.2 85.1 86 87.4 91 90.7 89.2 87.6 91.1 93.6 96 98.4 97.7 96.5 94.6 94 93.6 93.8 93.9 94.6 95.4
36.1 37 35.8 35.9 38.2 38.6 38.8 38.9 42.1 42.5 43.6 43.9 43.6 43.2 45 46 49.8 50.6 41.5 44.5 55.1 57.5 56.4 57.2 56.7 55.7 55.7 55.5 55.3 55.3 55.4 55.9 56.2 57.2 58.6 61.2 61.6 61.4 62.5 63.1 62.9 64.1 66.6 65.4 63.2 64.1 67.3 70.1 69.3 72.5 75.5 78.6 80.5 82 83.2 84.6 84.8 86.4 88.4 89.5 90.5 92 91.9 90.4 88.1 89.2 91.5 92.2 93.1 92.7 92.7 93.3 93.6 93.8 95.3 98 100 101.9
37.8 38.3 38.3 40.4 41.7 41.7 42.2 44.5 48 48.7 47.9 46.7 47.8 49.9 53.3 52.2 54.3 57.1 47.5 47.3 57.6 57.8 58.4 55.9 55.6 55.4 56 56 56 56.3 56.3 57 58.8 60.4 61.7 62.3 62.8 65.3 65.5 65.5 66.1 66.5 65.8 65.6 66.6 70.9 72.3 70.7 73.2 75.9 79.2 82.5 84.3 84.7 84.4 86.5 86.8 89 91.2 92.1 92.6 92.9 93 90.8 89.5 89.1 89.8 90.2 90.8 91.5 93 93.6 94.2 96.1 100 102.9 104.8 104.7
41.7 43.1 45.8 48.2 51.9 51.4 50.4 51.3 50.4 50.2 49.5 51.5 53.6 56.7 57.1 56.4 58.3 59.5 51.1 51.3 57.4 57.3 56.7 56.6 57 56.6 57 57.9 59 59.5 66.8 67.7 67.6 66.3 65.9 66 65.9 65.9 65.9 66.7 66.8 66.9 70.2 67.8 67.7 73.8 75.1 73.5 76.8 80.6 84.7 86.6 88.1 88.9 86.9 88.9 89.5 91.1 92.9 94.4 94.7 93.5 92.9 90.7 89.8 90 90.7 91 91.1 91.6 92.5 93.7 95.4 98.1 101 102.8 103.4 103.8
49.1 50.6 51.8 51.7 51.6 51.9 51.5 50.6 52.1 53.3 56.2 56.5 57.6 59.4 59.8 60.1 60.7 60.5 56.3 50.4 58.8 58.5 60.2 57.3 57.4 59.1 60.1 62.8 64 64.9 66.2 68 67.4 67 66.5 66.4 66.8 68.5 67.6 70.2 70 69.1 68.8 70.2 71.6 73.3 76 80.7 82.4 84.3 87.8 89.9 91.6 92.8 90.3 91.6 92.3 93.3 94.8 94.7 94.7 94.3 93.3 91.8 91.3 91.4 91.9 92.9 93.9 94.6 94 94.7 96 98.1 100 101.6 101.9 102.4
53.2 52.5 52.2 52.3 52.9 55.1 56.4 56.4 57.2 56.8 59.1 59.7 60.2 60.4 60.1 60.5 60.5 60 56.4 55.5 59.9 60.6 60.1 60.7 61.2 62 65.1 67.3 68.5 69.7 70.4 69.3 67.9 67.6 68.2 69.6 70.5 72.7 72.5 71.6 72 71.7 72.2 74 76.4 75.6 80.6 85.1 85.5 86.4 89.3 92.4 94.9 95.4 91.5 91.7 93.2 93.8 94.2 94.2 94.8 95.1 94.4 94.5 93.8 93.3 94.4 95.3 96.3 97.6 98.6 96.9 97.5 98.4 100 100.3 100.5 100.9
55 57.2 55.4 58.7 60.3 62 64.2 62.8 61.6 61.1 62.4 61.8 60.7 60.3 61 61.8 62.3 62.1 56.1 54.1 61.8 65 63.1 66.7 66.1 64.8 69.1 70.8 71.3 70.3 69.2 69.4 70.9 70.6 73.8 75.5 75.4 75.8 76.7 75.5 78.1 77.5 77.4 78.9 80.8 82 84.2 87 87.6 88.4 90.4 93.7 95.4 94.3 91.5 91.5 92.2 92.7 93.1 94 94.8 95.4 96.4 96.9 95.7 95.7 96.5 97.4 98.8 100.3 101.4 100.6 100.3 100.5 100.5 100.4 100.8 100
57.8 59.1 62.4 64.2 67 70.3 67.9 66.5 64.6 63.6 63.5 62.1 61.9 61 62.3 63.7 63.6 62.4 54.8 53.7 64.1 68.1 64.7 68.9 70 67.8 71.2 70.6 70.9 70.9 70.8 74.2 77.2 78.7 80.8 81.7 81.6 81.3 81.2 81.2 81.7 81.9 82.2 83.6 85.7 86 86.1 89.6 91.3 91.1 91.3 92.4 92.8 92.4 92 92.4 92.8 93.3 94.1 94.4 95.3 96.4 97.8 98.6 97.7 97.4 97.8 99.4 101.2 103 105 105.3 105.5 106 105.2 104.4 103 102
59.2 59.9 63.6 67.1 70.6 73.7 70.7 70.3 66.2 65.2 64.7 64.5 64.4 64.3 63.8 64.1 63.8 63.9 57.2 57.1 67.2 69.6 69.3 68.7 70.3 70.9 70.2 71.6 73.1 74.1 74.8 80.5 84.1 85.6 84.8 84.4 84.7 83.3 81.8 81.8 81.8 81.9 82.6 85.1 88.1 87.6 88.5 90.7 91.9 92.1 92.4 92.9 93.5 93.7 95 95.1 95 95 95.7 96.9 97.8 98.9 99.8 100.2 100 99.9 100.5 103 104.7 105.8 107.5 109.3 109.4 109.1 107.5 105 103.6 102.3
61.2 62 64.2 67.8 71.2 76 76 74.2 68.7 67.9 67.5 68 68.9 67.7 66.9 65.3 65.7 62.1 60.7 66.8 70.1 70.9 67.7 70.2 71.7 72.9 73.8 74.4 75.7 76.4 78.3 84.1 86.5 87.2 86.4 85.4 85.3 85.2 83 82.3 82 82.7 84.5 87.1 89.4 90.5 91.9 93.7 95 94.5 94.7 95.2 95.7 96.3 97.9 98.7 98.7 97.3 97.6 100.2 101.4 101.6 102.5 103.7 104.4 104.1 103.4 104.5 106.2 106.7 107 107.5 108 107.2 106.6 105.5 103.9 102.9
62.8 63.3 65 69.3 73.7 77.3 76.4 73.6 70.1 70.3 70.3 70.7 69.6 69.1 67.9 67.4 70.5 69.5 65.3 70.4 71.4 72.1 73.6 73.9 74.6 75.5 75.9 74.9 77.6 78.8 78.1 83.2 85.2 86.5 85.3 85 85.6 87.8 87.1 84.9 84.5 87.1 90.2 92.7 94.3 95.6 95.9 97.4 97.8 97.6 97.4 97.7 99.3 100.4 100.9 102.4 102.4 101.4 101.4 103.5 104.7 104.8 105.4 106.7 107.6 107.1 105.8 105.7 105.6 106 107.1 107.7 107.1 107.1 107.5 106.5 104.5 104.4
65.4 66.8 69.1 70.7 72.8 75.9 76.2 74.9 72.2 70 70.5 72.8 72.2 71.4 70.7 70.9 71.9 64.4 69.9 73.5 74.2 74.9 76 76.3 76.7 77.8 78.9 78.2 79 80.2 78 81.3 82.5 83.7 85.5 85.8 86.6 88.2 89.3 89.6 91.6 94.1 95.9 97.1 98.2 99.3 99.5 99.6 100 100.3 100.4 101.8 103.8 103.9 103.6 105.8 105.8 105.6 105.9 106.8 107.4 107.4 107.1 107.9 108.7 108.4 107.9 108.2 108.7 110.1 110.8 110.6 108.5 108 108.4 107 104.8 105.8
69.9 70.3 70.3 71.4 72.4 74.1 75.4 78.4 82.5 78.7 77 75.4 75.8 74.6 74.1 74.8 74.8 72.1 76.9 77.9 77.5 78.6 79 80.7 81.8 83 83.4 82.7 82.1 80.9 79.3 79.3 80.5 82.7 85.6 86.3 87.4 88.6 91.9 94.1 95.9 97.7 99 99.5 100.8 101.8 102.1 102.3 103 103.4 104.2 104.9 105.8 106 106.1 107.9 108.9 108.9 107.6 107.7 107.7 108 107.9 108.5 109 110.4 111 113.2 114.9 115.5 115 111 108.6 108.7 109.2 108.4 105.9 106.3
71.9 73.1 74.9 74.9 73.5 74.6 77.3 81 83.9 82.7 80.6 78 79 77.9 77.6 78.9 77.2 79 81.7 80.9 80.7 82 83.4 85.5 86.4 87.4 86.9 85.2 83 81.6 81.3 80.9 83.6 84.6 87.1 89 89.5 94.2 97.2 96.6 98.2 99.5 100.9 101.6 102.5 103.2 102.9 103 104.2 105.2 106.4 107.1 107.1 107.2 107.5 109 110.1 109.4 108.1 107.8 108 108.3 108.7 110.2 112 113.6 115 117.5 118.3 117.7 116.5 110.7 108.6 109.1 109.1 108.4 106.2 106.9
75.6 78 79.7 78.5 75.6 77.1 77.5 81.4 87.9 84.7 82.4 81.3 81 81.5 81.6 84.1 76.2 82.3 83.9 83.6 83.3 84.8 86.6 88.1 88.8 88.2 87.7 86 84.2 86 86.9 84 86.7 89.5 92.4 95.7 98.5 102.5 102.5 102.1 101.6 101.7 103.1 104.3 104.4 104.3 103.6 103.7 104.9 106.7 108.1 108.2 108.3 108.3 108.1 107.3 107.5 109.1 108.7 108.8 109.1 109.1 109.7 112.2 114.3 115.6 116.8 118.1 118.2 118.4 116.4 111.8 108.4 108.3 108.1 107.5 107.3 107.5
