UK/data/ns/ns38_OST50GRID_20230518/NS38.asc
ncols 200
nrows 200
xllcorner 230000
yllcorner 680000
cellsize 50
[rows 80 to 119 of 200, columns 0 to 89 of 200]
176.8 168.8 164.7 160.4 156.1 152.9 149.9 145.3 140.7 136.2 131.1 126.5 122 116.4 111.9 102.2 93.2 90.9 86 105.5 113.5 116.3 118.9 121.4 124.2 126 126.1 127.8 129.9 133.4 136.7 138.4 138.6 135.8 132.4 127.1 124 124.4 125.7 125.9 128.8 130.2 132 132.6 134.8 136.3 137 136.8 135.8 136.2 136.4 134.7 133.4 132.9 131.7 130 129.1 128.8 128.5 128.6 128.2 127 123.7 121.4 121.8 120.4 118.5 117 116.9 115.9 114.8 112.1 110.2 107.6 104.9 101.6 97.1 92.5 87.3 83 78.7 74.2 68.5 65.1 61.1 57.2 50 45.8 43.7 40.8
173.7 167.7 161.2 159 155.1 150.9 148.9 145.3 141.2 138.1 131.3 125.2 120.6 117.1 111 106.9 99.8 87.5 85.2 106.1 110.1 113.4 116.1 118.6 121.1 123 123.7 123.3 123.8 126.5 130.1 132.9 133.5 133.4 130.8 126.9 124.2 121.2 119.8 122.7 124.2 125.9 128.3 129.1 131.9 133.4 134.4 134.6 132.6 134.6 133.2 132 130.4 130.6 128.5 127.8 127 126.4 126.5 126.6 126.3 124.7 122 119.9 118.5 117.9 116 115.4 113.4 112.3 111.1 109.1 107.6 105.1 102.2 98.7 94.4 89.9 85.9 81.3 79.9 75.2 72.4 68.8 62.6 56.2 48.3 44.8 41.4 39.3
175.7 166 161.4 158.9 155.7 152.6 147.9 143.4 141.1 136.7 129.9 124.2 124.2 118.8 113 109.4 88.2 84.3 89.4 102.5 107.1 110.2 112.7 115.3 116.8 118.2 120.3 121.5 122.3 123.3 124.7 127.2 128.3 128.7 128.1 126.2 123.9 121 118.2 118.7 121 123.1 124.9 127.1 129.1 130.9 131.5 130.6 133.5 130.1 129.3 129.9 131 127.9 125.6 125.7 125 124.3 123.8 124.3 124.3 122.5 121 116.3 115.6 115 114.1 113.1 111.9 110 107.5 106.2 104.2 101.8 99.1 95.6 91.5 87.3 83.8 82 81.8 77.8 75.8 67.9 61 53.6 47 42.4 39.8 38.6
175.8 166.4 163.4 161.4 158.6 153.2 149.4 146 143.7 137.9 131.3 127.3 122.6 117.1 112.7 109.2 86.4 82 83.5 100.9 104.8 106.3 108.6 111 112.5 114.5 116.8 118.3 119.3 120.8 122.1 122.8 123.6 124 124.1 123.6 122.2 119.9 116.7 118 120.4 121.2 121.3 123.5 125.1 127.2 127.5 126.3 128.5 127.7 126.5 126.8 127.1 124.1 122.6 123.2 123.1 122.3 121.7 123.2 122.3 121.1 117.2 114.4 115.4 114.1 113.5 110.9 109.2 106.1 104.1 102.5 100.7 98.4 96.7 92.6 88.8 85.4 84 84.4 82.2 76.8 74.3 65.6 61 54.1 47.9 41.4 39.2 38.2
177.3 168 165.2 164.2 161.2 154.2 149.6 146.2 144.3 139.8 133.2 127 123.4 118.6 113.2 108.9 102.8 87.7 78.3 98.6 101.8 103.4 105.2 107.3 108.6 110 112.5 115.1 116.2 117.2 118.4 118.9 119.6 120.1 120.1 120 119.6 118.6 114.4 117.9 118.9 118.9 119.5 120.6 121.9 122.2 123.1 124.6 124.8 124.3 123.4 122.5 122.2 121.4 119.4 120.5 120.7 120.8 121.2 119.7 120.7 117.4 114.8 112.6 112 110.9 109.3 108.2 105.6 104.8 101.5 100.3 98.1 96 94 90.4 87.5 85.2 82.7 79.5 78.1 73.7 70.7 63.5 58.2 51.8 44.1 41 38.8 40.8
177.2 169.5 166.4 164.6 160.6 154.3 149.5 145 141.4 138.5 133.7 128.7 124.3 120 114.2 108.5 102.8 87.2 78.2 82.2 93.9 100.8 102.1 103.2 105.2 106.6 108.7 110.9 111.9 113.5 114.2 115.1 116.1 116.9 117.4 116.6 116.6 116.1 115.8 116.1 117.1 117.3 116.9 118.2 118 119.8 120.7 121.3 121.4 120.6 119.8 118.9 118.3 119.4 117.8 118 116.8 119.1 118.6 117.7 115.5 112.3 111.3 109.8 107.2 108.5 107.3 105.6 103.6 101.8 98.6 97.9 96.3 94.2 92.7 90.4 84 81.1 77.2 76 72 70.4 66.2 61.7 55.2 49.3 46 40.7 38.6 36
176.9 170.5 166.3 162 157.9 154.6 150.8 144.7 141 136.6 133.8 128.6 124.4 120.4 114.6 109.8 105.9 98.9 90.7 78.2 76.8 87.2 99.9 101.2 102.2 103.2 105.8 106.8 108.2 109.4 110.5 111.7 112.6 113.6 114.4 113.9 113.6 113.4 113 112.6 114.4 114.6 114.5 114.6 113.3 115.9 118.4 119.3 118.6 116.7 115.9 115.1 114.6 116.1 114.3 113.3 113.3 116.2 115.4 113.9 109.8 108.5 107.5 106.8 104.5 106.1 103.2 101.8 100 98.2 96.4 95.3 94.5 92.8 90.9 88.1 84.4 80.1 75.5 70.6 68.8 67.4 64.7 62.2 57.4 52.5 46 38.9 36.2 34.7
177 169.9 165.8 160.8 157.1 154.3 150.8 145.4 141.3 136.3 132.2 129.4 127.1 122.6 117.5 111.2 107.5 102.6 96.5 86.4 78.1 74.9 91.6 97.8 98.7 100.4 102 103.4 104.9 106.3 107 108.3 109.3 110.3 111 111.2 110.5 110.6 109.7 109.3 111.1 111.3 113.5 113.4 111.4 112.5 114.2 115.5 114.4 113.2 111.9 111.4 111.7 112.9 111.1 110.1 111.8 110.5 111 108.6 105.6 104.7 104.3 104.2 102.9 102.1 101.2 100.2 98.4 95.9 94.8 93.6 92.1 90.3 88.5 86.2 83.4 79.8 75.5 70.1 68 66.1 62.8 62 59.6 54.1 48.5 40.8 37.8 33.9
175.9 170.1 163.7 160.5 156.3 153.5 149.6 145.5 141.4 136 131.6 129.3 127.5 123.2 118.1 114.4 109.6 104.6 96.8 89.9 80.6 75.3 86 93.7 95.8 98.1 99.2 100.7 102.1 103.5 104.3 105.1 106.1 106.9 107.7 108.3 108.9 108.3 106.3 105.5 109.4 109.7 109.4 109.6 110.1 109.9 110.5 110.9 109.9 109.4 109 108.6 109.4 109 108 108.1 107.7 107.5 107.5 104 102.9 101.5 101.1 101.6 100.2 100.4 98.6 97.4 96.3 94.4 93.5 92 90.4 89.2 88.2 84.9 82.7 79.6 76.5 70.4 67.4 62.9 61.6 60.7 60.5 56.1 50 44.1 39 35.4
172.5 168.4 164.4 158.4 155.4 152.5 147.9 144.1 140 135.5 131.4 129.4 127 124.3 120 115.5 112.5 106.7 100.3 89.3 82.2 75.8 76.2 90.9 93.1 95 96.4 97.9 99.3 100.7 101.4 102.8 103.9 104.2 104.7 104.5 105 105.6 102.9 101.2 106.9 106.9 106.6 107.3 108 108.2 108 107.7 106.9 106.9 106.9 107 107.3 105.7 103 108.8 106.1 105 103.6 100.9 100.5 98.6 99.5 98.1 99 98.3 95.7 95.8 94.9 92.9 92.4 91.8 89.7 87.9 85.2 82.3 80.3 78.4 74 69.5 65.5 61.9 60.3 60.3 61.1 57.5 52.9 47.5 42.4 36.9
170.7 165.8 162.4 156.5 153.3 149.7 146.6 142.8 139.7 135.8 132.4 129.2 127.3 124.7 118.4 115.3 113.2 109.5 102.9 92.2 79.5 75.6 76 84.7 90.6 92 93.4 95.2 96.4 97.8 98.9 100 101.1 101.7 101.4 101.5 102.2 102.6 99.3 103 103.4 103.9 104.4 104.9 104.7 104.5 104.5 104.6 104.2 103.7 104.1 105.6 104.3 102 99.8 103.1 103.9 101.2 100.7 98.5 97.5 96.9 97.1 96 95.9 95.3 94.7 94.5 93.2 91.9 91.3 90.6 87.6 84 82.6 79.4 76.6 74.4 71.2 66.9 62.9 60.3 59 59.9 62.2 60.3 53.5 49.1 42.5 37.5
170.6 166 158.8 154.1 151.9 147.3 143 141.5 141.2 138.1 135.1 131.2 126.9 124.1 118.7 115.3 112.2 109.4 105 98.3 87.5 76.7 71.3 78.1 85.5 88.4 90 91.8 93.4 95.1 96.1 97.1 98.2 99 98.7 99.2 100.3 98.7 99.8 101.7 101.6 101.2 102 101.6 101 100.7 100.7 100.7 100.7 100.8 101.1 101.9 101.8 99.4 98.9 99.3 99.7 97.4 96 94.5 93.6 93.1 92.9 93.1 94.5 93.2 90.4 93 92.3 90.8 89.7 86.9 83.8 81.6 79.1 75.7 71.5 69.9 67.1 63.8 60.7 58.9 57.7 59.3 61.5 60.7 53.6 50 44.5 39.9
169.4 165.8 160.6 153.3 147.2 143.4 141.1 140.3 140.1 137.4 135.3 132.4 128 123.8 119.7 115.7 112.8 109.8 105.6 99.1 90.8 82.2 70.8 70.2 75.6 81.2 86.2 89.1 90.5 92.6 93.2 94.3 95.3 96.2 96.7 96.9 97.9 95.4 99.9 100.1 100.4 100.4 99.8 99.8 99.3 99.7 99 98.5 98.6 98.7 99.2 99.8 98.4 96.5 94.8 96.8 95.3 93.6 92.3 90.9 89.5 89.9 91.4 93.4 93.4 93.6 92.4 91.5 90.9 89.5 86.8 84.2 81.2 78.4 75.5 72.1 68.9 67.2 65.5 63 61.8 60.3 56.5 57.5 58.7 56.1 53.9 50.2 48.4 41.2
166.6 164.3 159.3 153.4 147.4 143.3 140.1 137.1 136.2 135.5 133.5 131.5 129.2 125.6 121.3 117.6 112.5 107.7 104.2 98.7 92.1 86.1 74.1 69.3 67.9 74.1 84.6 86.3 88.3 90.2 90.4 91.6 93 93.7 94.8 95 93.1 94.5 99.1 99.5 99.5 98.9 98.5 98 97.6 97.7 97.5 96.9 96.4 96.7 97.1 96.2 94.3 92.4 90.2 95.3 94.1 93.3 89.5 87.1 85.7 85.8 88.8 91.8 91.3 90.8 89.3 87.3 87.2 85.8 83.2 81.9 79.6 77 72.4 69.4 67.1 65.5 64.3 63.6 62.5 60.4 57.6 55.3 55.3 52 49.3 47.8 43.6 39.5
163.2 160.1 155.9 151.5 146.9 143 139.3 136 133.2 133.2 131.2 129.1 127 125.9 122.8 118.3 113.2 108.6 103.9 98.3 93.6 88.1 80.5 72.3 68.2 71.7 79.9 84.1 86.5 87.5 87.7 89.7 91.1 91.2 92.3 91.9 92.2 97.1 99.1 99.3 98.1 96.9 96.5 96.1 95.5 94.9 95.7 95.5 94.9 94.3 94.3 93.4 93 90.7 91.4 94.1 95.7 94.4 87.4 85.6 83.1 85.5 88.4 88 89.1 88.8 83 84.7 84.3 82.2 80.8 79.7 78.3 75 71.8 68.1 65.8 63.5 61.7 60.8 59.6 57.2 55.4 52.3 50.9 47.3 44.7 42.6 41.5 39.4
157.2 155.3 151.7 147.4 145.3 141.2 138.9 136.2 133.3 130.3 128.1 125 123.6 122.6 122 119.1 114.7 109.9 104.7 99.3 94.3 90.5 83.3 77.5 68.4 67.6 74.8 81.6 83.5 84.5 88.3 88.5 86.5 81.2 91.5 92.5 92.7 95.8 96.5 96.9 96 94.9 94.6 94 92.9 91.8 92.9 94.1 93.6 93.1 93.1 92.1 91.7 89.6 90.9 92.9 92.9 92.4 87.3 83.6 80.2 82.4 84.5 84.2 85.8 85.3 80.2 80.1 79.1 77.7 78.3 76.9 75.2 72.9 69.7 66.4 63.7 61.4 59.2 57.1 56.7 54.4 52.1 47.4 44 41.3 41.3 39.8 40.9 39.3
151 150.1 148.3 145.7 142.5 139.6 136.7 133.9 131.6 129.5 124.3 121.1 119.8 118.6 117.3 116.7 114 110.9 106 99.3 94 89.6 84 78.9 70.3 66.3 68.7 77.2 79.6 81 77.2 79.9 88.3 90.9 91.2 92.2 94.2 95.3 95.1 94.9 94.2 93.9 93.5 92.5 90.2 89.1 90.3 91.8 92.4 92.5 91.9 92 91.9 81.9 85.1 88.9 86.8 84.4 81.7 79 73.2 77.9 78.8 80.1 80.8 80.7 79.6 75.3 74.1 73.5 73.6 73.8 72.2 70.1 67.7 65.2 63.1 60.9 57.5 55.7 53.7 51.1 45.7 42.6 40.2 39.3 39 40.4 40.9 38.1
154.5 147.6 142.5 142.2 139.4 137.1 134.5 132.3 130.4 128.5 126.4 122.9 119.8 117 114.7 111.4 110.9 109.7 104.6 99.8 94.2 89 83.9 78.5 70.3 66.7 66.7 72.8 78.2 77.7 75.6 86.4 89.5 89.4 91.1 92.4 93.5 94.2 93.6 92.4 90.9 93.3 90.7 91.2 89.5 89.1 90.8 90.1 90.3 90.6 90 89 89.3 86.8 77.3 84.6 80.2 77.3 75.1 74.1 69.8 73.8 73.3 73.5 74.5 75.5 75.1 71.8 70.5 69.8 70.1 71.3 71.6 69.4 68.1 65.5 64.5 61.2 57 52.5 50.8 47.6 43.7 40.2 40.4 39.2 39.3 40.2 40.5 35.7
153.5 148.7 142.9 139.6 135.9 135.1 132.6 131 129.2 127.8 126.5 125.6 122.7 119.5 117.6 114.6 110.3 105.6 101.7 98.9 94.6 89.2 82.1 76.6 72.1 66.1 64.1 67.7 74.1 72.3 74.3 84 87.8 89.7 91.7 92.3 91.7 91.1 91.1 90.2 90.3 90.8 89.9 89.2 87.8 87.2 89 89.5 85.4 87.1 86.2 84.9 82.5 80.4 78.9 80 75.9 71.6 70.9 71 68.8 66.9 69.3 67.6 68.4 70.7 71.3 68.5 69 68.6 69.1 70.6 70.3 69.4 68.3 67.1 65.8 62.4 58.8 53.4 49.1 45.3 41.1 39.5 39.5 38.7 38.8 38.6 35.9 37
151.1 147.3 142.9 139.1 136 133.2 130.6 129 127.8 127.2 126.8 127 126.3 123.4 120.5 117.3 114.2 108.8 102.8 98 93.9 90.9 87.5 83.8 79.4 72.1 62.2 63.6 69.4 68.4 74.3 81.1 84.9 88.4 89.9 90 88.5 88.2 88.1 86.6 85.9 85.1 86.2 85.8 86.4 83.9 84.5 84.7 81.1 80.9 81.2 80.4 75.9 70.6 76.8 78.4 75.7 70.5 68.7 68.9 68.2 62 66.2 64.3 63.7 66.2 67.3 65.2 66.3 67.6 68.1 68.6 68 66.8 67.5 67.8 65.7 63.4 59.4 53.6 46.3 42.9 41.3 40.1 38.6 37.3 37.5 37.2 36.3 33.9
147.8 143.7 140.5 137.6 134.7 131.9 130.6 129 126.9 126.8 126.5 127.9 128.4 127.1 124.4 119.8 115.5 111.6 107.3 103 98.6 94.4 90.2 88 81.8 75.1 66.6 60.5 63.2 70.5 73 77.5 80.4 83.8 86.9 88.3 87.4 86.6 84.2 82.5 79.6 78.6 79 79.7 80.6 77.6 79.4 77.9 76.7 75.2 75.4 74.3 69.9 67.9 74.5 77.1 73.3 66.8 65.5 64.6 63.3 56.1 60.1 60 60.4 61.5 62.5 60.3 64.5 64.9 65.1 64.6 64.4 64.4 64.4 64.8 66.5 64.2 59.2 52.8 45.9 44.2 39.9 39.4 39.3 37.2 37 35.9 35.3 33.8
144.7 140 136.8 134.3 131.6 130.4 130.6 128.9 127.1 125.5 124.3 126.5 127.1 127 126.1 122.9 116.5 112.1 108.7 104.4 100.1 96.2 92.7 88 81.8 75.2 70.4 62.7 59.5 69.3 73.4 75.8 76.4 78.2 85.9 85.1 83.5 80.7 79.7 78 75.6 74 73.7 73.8 74.6 73.7 74.6 72.4 71 69.7 70.4 69.9 67.2 62.3 67.5 65.7 65.4 64 61.5 56.9 52.1 51.5 50.3 52.4 53.1 54.4 56.4 54.6 60.2 60.8 60.2 60.4 61.7 61.6 61.2 62 64 62.6 56.6 50.8 45.7 43.1 40.8 39.3 38.2 36.3 37.1 35.2 35.3 34.8
142.7 139.4 134.9 131.5 129.1 127.6 128.2 128.7 128.4 126 121.6 121.3 124.1 124.2 124 121.8 116.5 110.7 105 99.7 96 92.8 89 83.8 79 69.9 64.1 62.2 60.4 64.5 69 72.5 72.7 75.8 82.1 81.7 77.5 76 77 75.4 72.7 71 70.5 69.4 70.6 71.4 71.4 67.9 65.7 66 66.1 66.7 65.5 60.5 61.7 63.6 64.5 62.4 59.6 51.6 42.3 43.1 40.9 43.2 43.9 44.9 49.6 52.3 56.5 56.1 53.9 54.9 58.8 60.7 60.4 58.7 60.7 60.9 57.6 53.2 48.1 43.4 41.4 39.7 38.4 35.9 35.4 34.6 34 35.3
143.7 140.6 136.9 132.3 127.7 126.9 125.9 126.3 126.6 126.2 123.3 119.3 121.5 120.4 119.9 118.2 113.5 107.8 101.7 96.8 92 86.4 87.5 86.3 84.8 81.3 76.4 65.1 61.1 59.9 62.7 67.3 69.8 77 82.4 74.6 70.3 72.3 73.7 73 70.8 68.1 68.6 67.4 67.1 67 65.9 63.8 63.1 62.7 63.8 62.6 59.8 54.7 58.9 60.8 60 60.6 56.1 43.2 43.3 44.5 44 41.7 41.5 40.3 43.1 46.2 46.4 50.7 50.2 51.5 55.8 55.7 60.2 58.4 57.9 59.6 58.8 55.3 49.8 43 42.3 43.9 39.8 37.1 34.9 32.3 32.5 34.5
143.3 139.4 136.3 133.2 129 124.9 123.5 124.3 124.8 124.2 124.1 120.9 121.7 116.4 116.2 109.9 105 100.5 98.6 90.6 90.2 93.7 93.9 93.4 91.6 88.5 84.8 79.8 67.5 59 59.4 61.2 64.2 71.5 75.5 68.8 64.4 66.9 71.3 70.1 67.3 63.7 64 64.4 63.2 62.6 63.1 62.9 61.4 60.9 60.7 57.9 53.9 51.2 49.5 50.1 51.7 47.5 46.7 43.5 43.8 44.4 43.9 41.9 41.5 41.7 40.3 41.5 41 42.3 45.2 48.5 50.5 53.4 53.9 52.6 53.3 55.3 56.2 54.2 50.8 47.5 35.6 32.5 36.7 35.2 32 29.9 30.6 29.1
142.3 138.6 134.9 132.7 130.3 127.6 124.6 121.9 122.4 123 123.2 123 121.7 120.3 117.9 116.7 115.4 110.7 104.5 100.3 101.1 101.3 99.9 99.5 98 94.7 91.4 85.4 79.4 70.5 58.7 59.3 59.9 61.8 70.1 64.4 59 58.4 54.5 63.2 62.9 59.7 59.2 59.6 55.6 56 61.2 61.6 59.6 55.3 49.5 48 47.1 48.3 47.8 47.1 45.9 45.1 44.4 43.1 43.7 44.6 44.7 43.6 43.4 41.2 40.4 40.3 40.4 40.6 41.9 44.4 46.2 48.2 48.3 46.3 48.3 51.2 52.6 53.1 51.2 40.1 31.9 30.2 34.4 35.2 34.2 35.5 42.7 33.9
140.2 136.4 133.7 131.5 129.1 127 124.7 122.3 118.2 120.7 121.6 121.8 121.6 120.7 119.4 117.3 115.3 114.1 110.6 110.5 109.7 108.4 106.9 105.3 102.2 98.1 93.3 87.4 81.1 74 70.7 66.9 62.6 58.3 55.4 62.1 56 53.9 52.5 53.1 55.7 56.3 55.5 55.2 54.8 53.5 54.7 59.6 56.7 53.7 48.9 47.4 46.8 46.3 47.3 47.3 46.2 44.3 43.2 44.3 45.4 44.5 44 43.9 43 41.2 41 40.2 42.5 40.2 40.4 40.3 44 45.2 45.2 45.4 46.2 46.7 49 49.4 42.6 33.1 32.1 32.8 45.6 42.7 46.9 51.7 47.6 38.3
137.1 134.4 132.7 130.4 127.6 125.8 123.6 121.7 118.5 117.9 120.1 120.6 120.4 120.2 119.4 117.5 115.5 115.7 115.3 114.8 113.4 111.8 109.8 106.6 103.3 98.9 92.9 86.5 80.3 76.7 73.2 69.3 62.6 61.1 56.4 54.6 54.3 54 53.6 54.4 51.8 52.5 54.3 54.6 54.7 53 49.7 49.6 50.1 51 49 47.4 48.7 46.2 45.4 47.1 45.8 44.2 44.7 50.3 49.3 45.4 43.9 43.7 43.1 42.1 42.1 40.7 40.3 40.2 40.1 40 44.2 46.6 46.6 47.9 48.9 49.2 48.5 46.5 41.8 33.5 32.7 32.8 43.1 46.3 45.8 46.3 43.1 39.3
133.6 131.2 129.6 127.4 124.4 123.1 121.7 118.7 115.9 116.4 118.7 119.2 119.1 118.6 118.8 117.7 117 116.6 116.2 115.2 113.7 111.9 107.9 104.2 100.6 97.5 91.8 86.4 81.2 76.4 72.7 69.3 65.1 69.2 62.7 55.2 55 53.9 53.8 52.8 51.8 50.7 51.3 51.8 52.7 48.9 48.5 48.4 48.5 46.8 46.8 46.7 50.5 46.3 45.7 44.8 44.9 43.8 50.1 56.3 55.1 52.7 50.2 45.6 45.1 44.4 43.5 40.3 39.3 40.2 39.9 41.7 45.1 48.9 50 50.7 50.7 49.7 48.9 48 46.6 35.8 33.9 32.9 45.5 43.9 43.2 42.9 41.1 40.5
129.9 127.5 126.1 124.1 121.7 120.6 119.4 117.4 114.6 114.2 115.7 116.9 117 116.5 117.1 117.3 117.1 116.4 115.6 115.1 114 110.9 105.7 101.5 97.5 92.4 89 85.5 80 77.1 75 71.8 65.1 79.5 71.8 62.9 55.6 54.6 54 54.4 55.1 53.3 50.9 50.8 49.8 49.2 48.4 48.8 49 48.5 48 47.4 48.7 54.1 54.3 54.1 45.5 54.6 58.8 61.1 58.1 55.1 51.7 50.8 51.2 52.1 51.2 43.2 40.5 40.4 39.9 40.7 43.5 47.6 50.3 51.6 50.5 49.6 43.1 35.9 35.3 35.5 34.7 34 35.8 43.9 43.5 43 43 40.9
126.4 123.9 122.8 120.7 118.9 117.5 116.2 115.3 113.4 113.8 113.2 113.7 114.3 113.8 114.6 115 115.4 115.4 114.8 114 111.9 108.4 104.6 100.9 97.1 90.5 89.9 84.7 79.9 79.3 77.1 74 68.5 81.2 78.6 68.4 64.1 61.4 61.2 62.1 60.8 57.8 54.6 50.9 50.2 50 48.8 51.5 51.4 49.8 48.6 48 48.6 55.7 56.6 55.4 48.1 57.5 59.8 61.7 60.8 58.1 53.9 53.8 54.9 54.4 53 48.7 39.7 39.8 39.8 40.2 43.1 46.5 49.1 50.9 45.8 36.4 37.4 35.9 35.2 35.5 34.7 33.2 33.8 40 42.8 42.1 41.5 38.1
126 122.3 120.5 119 117.3 115.4 114.9 113.9 113.8 113.8 113.8 113.8 113.1 112.9 112.7 112.5 112.8 112.7 112.2 111.2 108.7 105.8 102.3 99.3 96.6 93 90.8 84.2 81.2 80.8 80.3 77.3 72 78.6 83.2 76 70.9 70.4 71.6 71.9 71 64.5 59.8 54.4 49.1 48.3 54.2 56.9 55.2 52.6 50.9 50.8 54.1 56 55 55.1 57.5 57.8 60.4 62.4 60.1 56.8 53.3 54.3 55.3 55.1 54.3 50.7 43.9 39.8 39.7 39 40.8 40.5 45.9 48.9 43.6 37.4 41 35.4 35.2 34.8 34.4 34.4 34.7 36.1 40.2 39.7 39.2 39.4
125.8 124.1 119.6 117.6 116.3 115.3 114.8 114.1 113.8 113.8 113.8 113.8 113.2 112.4 112.5 112.1 111.2 110.6 109.2 108 106 104.3 100.4 98.9 97.2 94.9 89.1 84.9 81.9 80.9 80.6 79.3 74.9 74.1 80.2 82.6 77.1 74.9 76.9 75 72.9 71 65.8 60.3 55.8 54.4 62 60.9 56.6 56 58.5 61 59.3 57 56.7 58.4 58.7 58.7 60.8 61 59.9 58.5 56.3 55.8 55.7 56.5 53.9 50.1 45.4 47.2 44 46.8 47.9 43.1 39.1 38.5 38.4 37.6 39.4 41.6 40.6 38.9 36.4 36.8 36.1 46.3 49.8 48.4 51 52.8
121.9 120.7 118.9 116.8 116.3 115.5 114.7 113.4 113.8 113.8 113.8 113.8 113.7 112.7 112.9 112.8 112.7 111.9 109.8 107.2 104.7 102.3 98.6 96.3 94.7 91.7 88.1 85.3 81.8 80.2 78.8 76.1 74.6 75.9 81.8 83.9 78.2 76.6 76.8 77.4 76.3 75.7 73.3 66.4 61.7 61.5 67.5 60.2 58.5 60 61.7 60.5 57.6 55.2 57.6 59.2 59.7 60.1 62.2 63.3 62.7 61.2 57.3 56.5 56.7 56.9 56 52 54.7 54.7 54.1 55.4 53.7 48.2 39.3 38.4 37.9 37.8 39.3 47.5 50.1 51.2 39.2 58.4 58.9 62.9 65.4 63.6 63.1 60.3
118.4 118.6 116.5 116 116 116.2 115 113.7 113.8 113.8 113.8 113.8 113 112.1 112.7 113.6 114.1 113.8 112.2 110 107.7 105.5 102.8 99 94.2 90.2 88.4 85.3 87.3 85.4 82.5 79.4 77.7 78 82 83.3 80.8 77.8 78.7 79 81.1 79.9 74.4 70.7 68.9 70.6 67.6 65.3 64.9 64.5 63 59.6 58.8 59.3 60 61.9 63.2 62.8 63.6 64.6 64.3 62.3 59.8 59.6 60.7 60.2 59.7 51.5 60.4 63.6 65.4 65.8 62.3 53.9 43.2 39.2 39 38.8 44.2 56 61 61.3 53.2 47.5 62.7 63.6 63 64.2 65.5 63.3
114.8 115 115 115.1 116.3 117 116.1 114.6 113.8 113.8 113.7 108 109.9 111.5 112.1 112.8 113.9 114.3 112.8 111 108 104.2 101.8 98.7 95.4 95.3 94.1 92.4 91.7 90 86.1 83.5 81.1 80.1 83.3 82.8 81.5 79.5 79.2 79.3 80.2 79.1 75.4 74 75.1 74.3 72.3 70.1 69.4 68.8 65.8 62.4 61.7 61 62.8 65.3 66.4 65.5 66.1 67.1 67.3 65.7 63.8 64 65.6 65.9 65.3 60.3 64.7 71.8 77.1 75.7 68.7 60.3 46.3 47.6 56.3 59.5 59.9 67.3 67.9 65.6 60 59.7 56.5 58.1 60.9 64.5 64.1 62.2
113.9 113.9 114.2 115.2 116.8 117.6 117.3 115.8 113.8 109.7 106.2 105 108.1 109.8 110.7 112.1 113.2 113.6 112.6 109.4 105.6 101.6 99.3 97.7 96.2 96 95.4 95.4 95.3 93 89.6 86.5 84.1 81.4 84.7 83.7 81.3 84 79.4 79.9 79.5 80 78.6 78.5 78.4 77.5 75.9 76.1 75 74.4 69.9 66.8 64.6 63.9 68.1 70.1 71.4 71.9 69.9 70.4 72.5 72.3 71 67.9 71.3 73.3 72.5 64.4 65.9 71.9 78.4 82.1 81.2 69.5 65 63.9 61.4 63.5 67 71.9 75.3 75.5 71.6 70 62.3 64.5 65.6 64.7 64.8 64.8
112.9 113.7 114.1 114.5 114.6 115.6 116.4 115.9 113.4 109.7 106.4 103.9 105.4 108 109.8 111.3 112.3 112.7 110.7 106.1 102.7 100.1 99.9 101.1 100.8 99.5 98.5 98.6 98.5 97 93.8 89.4 85.3 83.5 82.9 82.5 83.7 86.2 84.2 85.1 84.8 84.4 82.3 80 79.5 79.7 80.2 79.7 80.4 80.7 76.6 71.7 69.7 65.8 72.6 77.5 80.7 75.8 72.8 74.1 77.4 77.6 76.4 74.8 76.1 77.6 75.1 73 72.2 71.8 80 85.3 85.9 73 78.3 74.4 72.9 67.7 70.3 78.8 84 86.9 83.7 81.7 70.8 73.5 70.5 70.3 70.8 72.4
111.1 111.9 112.5 112.7 112.7 112.8 113.7 113.7 113.1 109.2 106 103.9 103.9 104.6 107.6 108.9 109.8 111.6 108.8 104.6 102.4 99.8 102.4 104.3 103.2 102.4 100.7 100.6 101.3 99.9 97.8 94.3 88.7 85.6 83.2 83 82.9 86.7 87.1 87 86.4 84 82.8 81.2 80.7 83 82.5 81.9 81.4 82.8 81.2 76.1 71.9 68.4 76.7 82.6 82.5 81.2 78.6 75.6 77.4 80.2 81 82.7 83.4 84.9 84.5 82.3 83.2 74.7 84.1 88.5 88 83.8 84.6 84.1 85.2 81.2 77.3 85.1 89.7 91.7 89.5 85 82.1 80.7 79.9 82.3 80 80.4
108.8 109.7 110.1 110.3 110.6 110.8 111 110.4 109.9 106.8 103.8 103.9 103.9 105 103.9 106.5 108.7 108.9 106.4 104.2 102.5 102 106.1 107.7 108 107.2 107.1 105.8 102.6 100.9 98.7 97.2 93.2 88 86.4 84.5 83.7 85.7 90.6 88.6 91.9 86.5 85.9 85.4 86.1 86.1 86.6 86 83.8 84.1 85.1 78 74.5 72.3 75.1 81.3 84.5 86.3 85.7 83 80.1 81.9 87 89.1 91.6 92 90.4 87.4 85.9 86.6 89.4 90.3 87.7 89.6 90.5 91.3 91.7 88.4 89.8 90.9 93.4 95.3 92.6 87.9 91.2 89.1 90.8 91.9 88.3 85
