WholeMapElevations/data/ng/ng72_OST50GRID_20230518/NG72.asc
ncols 200
nrows 200
xllcorner 170000
yllcorner 820000
cellsize 50
[rows 111 to 147 of 200, columns 83 to 165 of 200]
110.8 123.4 137.1 150.3 157.1 159.8 161.7 166 171.5 175.3 178.4 181.3 183.3 187.4 192.6 200.2 208.5 216.4 219.7 215 208.5 198.3 193.4 194.3 192.3 192 204.8 197.8 191.5 184.1 177.9 171.2 167 175.9 177.4 183.5 191.9 212.6 235.3 242.1 241.5 233.3 221.6 220.7 218.7 220.4 218.4 229.4 229.9 231.3 237.9 247 252.1 256.6 266 272.7 277.2 293.7 287.1 281.5 280 285.5 284.5 287.5 288.5 291.9 305.1 301.1 309 330.7 344.5 358.3 364.2 367.2 366.5 371.1 374.8 379.9 380.3 372.2 363.6 350.4 329.4
126.7 123.7 118.4 146.2 158.7 162.4 167.5 171.3 174.2 177.4 180.9 185.3 190.5 196.2 202.3 209.9 212.6 214.8 215.3 213 208.8 202.1 199 198.8 198.4 200.2 203.9 198.4 195.3 190 184.5 180.4 174.8 190.7 188.5 201.2 217.7 226.4 239.1 247.3 252.5 240.4 233.9 235.2 236.1 234.6 231.1 235.2 239.5 241.8 251.5 259.4 271.1 287.6 288.4 289.1 290.6 299.8 298.3 295 298.1 298.8 300.6 303.2 305.1 307.9 315.6 314 330.9 346 369.9 374.6 378.7 380.1 374.3 379 379.1 384.3 382.3 373.6 366.9 358 333.8
137.9 137.1 134.7 133.5 147 162.5 167.2 171.1 175.1 179 182.3 190.1 195.3 201 206 209.5 211.6 212.6 211.4 209.3 207.8 205.5 203.8 205.1 205.4 206.2 200 198.2 197.5 197.1 194.1 177.6 187.4 198.5 205.2 224.6 232.1 239.9 257.2 263.5 259.3 251.4 249.6 252.1 253.6 251 246 248.5 249.5 252 262.4 283.5 289.7 295.4 303.5 303.2 308.9 315 307.9 305.5 309.4 311.6 319.8 321.7 321.7 323.4 323 324.3 337.1 356.6 372.2 379.1 383.7 388.1 387.8 385.6 388 390.5 388.5 376.3 367.9 357.7 341.7
144.7 146.2 148.4 146.6 144.8 148.3 168.1 175.8 176 180.3 186.6 194.3 201.6 206.7 206.3 206.2 209.6 210.3 210.9 210.9 208.6 207.6 209.2 208.8 208.2 204.8 201.7 201.3 206.4 208.2 204.3 189.5 201.6 208.9 219.1 245.2 258.1 265.6 275.1 279.9 264.6 264.8 263 268.8 271.3 268.2 262.5 262.7 263.1 267.6 280.7 295.6 297.3 316 319.8 315.9 324.4 320.4 314.5 320.2 322.7 329.1 331.9 334 335.3 332.9 332.5 331.7 340.5 360.2 379 388.3 396.6 400.3 397.7 393.5 394.3 395 398.1 389.2 374.1 362.2 347.3
154.2 157.2 161.3 160 159.1 155.5 144.6 169.7 178.1 184.1 191.6 201.2 205 201.6 201.8 201.2 205.5 207.2 208.1 209.1 207 208.8 209.3 213.4 212.2 209.8 210.1 214.1 213.8 214.3 213.6 206.6 216.2 222.2 235.6 268.6 281.1 285.3 286.2 281.6 279.3 283.6 282.5 282.4 283.5 276.9 273.5 275.8 277.7 286.5 295.5 303.7 307.6 314.4 320.1 324.5 337.8 328.5 326.9 331.3 335.6 341.9 346.5 348.3 345.8 343.3 343.9 346.9 354.8 377.2 388.7 399.5 405.8 404.1 400.9 398.3 405.5 412.9 409.8 395.9 382.5 365.4 351.4
162.4 170.5 173.8 171.4 169.3 167 163 154.2 169.4 183.4 190.4 192.7 194.4 192.3 193 193.9 195.1 197.7 200.2 206 206.4 208.5 211.4 219 215.9 214.7 217.1 221.3 222 223.8 222.7 221.9 222.4 233.8 251.3 272.9 282.7 290.2 291.6 288.9 298.6 298.3 295.9 290 291.8 288.1 288.9 298.1 301.9 305.3 305.3 318 325.5 329 329.4 338 341.7 335.7 339.9 342.6 347.7 363 370.2 365.5 362 362.5 363.8 369.5 375.9 399.3 401.6 415.8 422.4 408.2 406.9 410.4 425.8 431 416.9 400.2 382.1 368 355.9
173.5 178.4 179.4 177.2 174.6 176 171.9 168.9 168.8 169.9 176.6 180.1 180.5 185.3 189.2 190.5 194.5 200.2 204.1 208.5 212.2 215.5 218.5 221.6 224.5 220.3 221.5 226.5 227.2 228.3 231 231.9 234.2 240.5 247.4 273.6 285.5 284.2 286.8 306.3 311.4 308.4 301.4 306 308.8 308 312.6 314.6 320.5 324.6 322.7 329.5 335.5 342.1 344.4 356 359.9 354.1 353.1 359.9 380.5 390.3 386.1 390.1 391.7 387.3 378.6 385.8 395.1 398.9 405.2 422.3 431.2 418.3 423.5 446.9 439.3 431.9 416.3 398 383.2 364.6 357.1
181.2 185.4 185.4 180.8 179.3 179.1 175.3 176.1 176.4 180.9 184.6 184.1 185.5 187.2 197.3 200.3 202.4 212.7 218.5 224.3 225.3 229.2 229.3 235.7 239.7 236.2 234.3 240.4 241.9 244.1 251 246.4 248.4 251.3 261.1 262.4 266.8 273 300.7 313 315.8 316.2 314.5 325.2 325.2 327.5 327.3 336.9 342.8 342.4 346.1 345.8 351.4 355.8 362.7 369.8 380.5 369.3 369.3 382.1 397.4 407 409.5 407.9 414.2 401.6 394 400.5 404.4 404.3 418.9 423.9 428.9 424.9 450.9 457.1 445.9 436.1 420.4 400.4 387.1 367.4 352
188.5 191 186.5 183.5 179.4 179.6 179 183.2 182.2 183.3 190.1 188.2 191.2 198.6 203.2 217.2 217.7 221.4 234.8 234.3 238.9 241.4 248 250.5 256.1 259.1 258.1 260.1 258.5 267.9 269 263.6 259.1 267.2 274.6 280 279.1 289.4 291.4 306.6 315.7 322.9 327.3 335.7 337.1 344.9 348.9 355.8 362.7 359.2 359.4 361.5 370.7 373.7 379.3 390 394.3 386.9 391 402.1 411.1 418.9 423.2 424.3 423.7 409.1 408.8 404.2 406 412.8 425.4 424.4 425.8 432.1 457.3 455 451 435 417.7 397.3 379.8 363.3 346.2
189.5 190.6 187.8 186 184.3 187.8 188.1 190.6 191.2 190.8 194.1 200.7 206.1 209.6 216.2 231.8 238.8 237.6 246.9 247.4 251.5 253.8 264.8 272.6 277.3 277.6 278.1 278.7 279.3 284.6 284.5 286.5 281 286.5 288.8 293.9 295.7 299.8 307.5 310.6 326.5 333.8 340.6 349.6 356.7 361.2 373.6 375.1 376.8 372.9 371.7 377.8 384.9 398.1 405.1 411.9 412.5 411.2 425.7 434.3 431.2 441.5 459 444.9 429.6 419.8 414.2 410 418 415.3 424.8 425.7 427.7 438 453.5 452 447.7 432.7 419.9 395.1 377.5 361.6 343.1
191 192.2 192 193.4 195.9 202 200 201.1 197.6 199.2 197.7 215.4 218.5 220 226.6 244.2 246.9 252.6 261.8 264 269.1 273.3 281.8 291.8 297.3 297.3 299.4 300.5 303.5 303.8 302.2 303.7 305.3 307.9 302.8 312.5 312.3 316.2 324.1 327.5 331.6 342.7 349.5 357.2 371.6 384.9 388.5 389 389.7 388.8 392.7 395.8 412.4 423.6 432.4 434.2 431.1 424.8 435.1 448.2 467.5 477 489.3 462.8 441.4 429.9 426.9 418.1 419.2 417.6 424 425.4 435.2 444.8 447.1 448.2 440.2 429.3 411.9 389.9 373.9 355.9 342.1
198.6 201.3 203.9 206.5 211 210.8 210.7 211 207.7 210.8 211.8 221.1 228.7 228.4 250.7 253.7 260.6 267.3 279.5 282 286.6 292 302.9 307.5 314.8 315.4 316.5 316.5 323 320.9 315.7 327.7 330.9 321 328.8 328.2 325.9 331.2 335.4 340 343.1 350.2 357.6 367.4 380 399.5 402.9 403.3 405.1 406.7 418.3 416.6 428.1 439 449.5 453.3 449.4 441.6 450.5 466.5 488.4 500.6 496.3 473 451.1 440.7 433.3 427.9 423.2 423 424.2 428 438 446.9 446.1 450.3 441.2 421.4 408.2 384.7 370 349.5 335.4
207.4 212.1 217.8 221.1 215.7 213.9 215 218.9 217.9 218.6 228.4 241.2 254.6 253.9 264.9 272 273.1 286.2 296 299.1 298.6 308.1 320.5 330.6 333.4 328.8 331.8 330.2 333.8 333.7 334.4 344.1 344.5 341.8 342.5 339.5 348.4 346.5 352 352.2 353.8 354.7 368.2 376.3 387 398.8 407.6 411.7 415.5 418.8 428.4 434.5 439.8 448.1 456.7 464.4 465.7 471.3 483.3 492.6 490.9 494.5 486 473.6 454.9 447.4 438.7 432.1 429 424.5 425.9 431.5 440.1 439.7 448.4 459.1 444.4 422.8 406 378.8 363.1 344.7 329.2
217.5 225.6 229.5 221.2 219.5 223.5 225.7 228 233.9 234.3 244.4 258.3 265.1 273.2 275.6 284.5 292.8 297.1 306.5 308.7 308.2 315 323 329.2 327.5 328.4 339 352 354.6 355.8 360.8 361.3 355.4 355 352.9 357.7 363.4 365.4 369.9 366.1 364.3 362.5 375.8 388 402.1 410.6 416.7 423.7 426.8 430.1 435.4 442 452.5 460.2 463.2 474.2 481 488.4 491.8 494.9 494.5 488.4 479.3 465.4 455.3 450.2 440.3 433.3 429.3 427.1 428.1 431.8 435.6 444.7 454.9 444.1 429.5 414.1 398.8 383.1 366 348.9 327.9
223.3 224.9 225.5 226.2 229 235.7 237.7 242.8 245.1 249.4 265.3 278.8 287.4 283.5 281.7 286 296.7 309.8 320.6 324.9 323 326.8 332.7 334.5 338.8 343.3 353.2 362.8 374.8 378.5 388 374.5 368.2 363.6 366.6 376 378.4 380 380.7 379.4 378.2 372.1 380.7 394.3 408.3 418.6 442.4 443.2 440.4 442.6 446.8 452.9 463.6 480.1 490.4 506.7 508.7 509.8 507.1 511.4 505.4 498.8 493.2 479.9 461.9 450.6 444.8 441 436 432.1 434.6 435.6 440 454.3 453.3 445.3 433.9 406.3 385.8 375.4 364.7 347.2 328.6
225.6 230.9 237.2 246.5 245.4 245.4 250.3 254 260.7 274.3 283.7 287 288.4 284.7 289.6 296 300.5 309.5 317.7 321.8 326.8 330.6 330.6 333.2 338 340.9 355.3 367.1 377.2 401.2 394.2 387.6 379.7 384.1 390.8 391.4 391.6 387.8 391.6 397.9 388.8 383.7 385.2 394.1 409.9 423 449.6 453.2 457 460.6 464.8 471.4 485.3 497.8 510.8 522.5 523.8 525.2 526 525.2 517.2 503.7 495.9 479 466.2 462.7 456.2 446.3 441 437.4 438.6 438.1 440.6 447.8 447.7 447.5 430.5 402.6 380.7 360.9 354.2 343.4 327.9
235.5 244 253.2 262 256.6 263.2 260.8 273 279.4 285 287.4 288.7 290 288.8 293.4 300.1 305.6 310.6 318.7 330 334.7 337.2 335.1 346 348.7 356.5 363.2 376.2 394.6 415.2 401.6 397.9 400.5 403.7 403.3 405.5 407.6 407.7 412.5 407.4 400.5 396.9 398.2 409.4 415.1 429.8 447.8 456.3 462.4 480.8 484.2 491 502.9 518.5 524.7 531.7 534.3 534.7 529.7 528.6 521.1 512.6 497.9 488.9 481.4 474.4 463.7 453.8 451.6 443.6 443.3 439.8 443.3 440.4 445.3 437.4 424.2 400.8 377.7 362.8 348.8 333.9 320.4
255 260.6 266.9 260.6 267.8 268.8 273 281.3 282.1 287.4 291.9 292.8 292.7 296.1 300.2 305.1 312.4 320 329.1 336.2 335.7 338.7 346.1 352.5 357.1 366.7 376.8 391.3 407.7 418.9 405.4 408.5 415.2 416.6 418.1 421.1 427.3 429.8 423.6 418.3 414.6 415.3 410.9 425.9 430 436.6 448.2 455.9 468.1 485.2 498.4 501.1 514.8 528.4 536.2 549.9 553 547.5 545.5 528.1 528.5 525 512.9 497.3 492 481.5 471.2 468.3 460.9 448.8 443 441.4 439.9 437.1 425.3 418.4 410.5 387.5 368 355.7 340.6 326.9 312.9
271.3 269.2 266.1 270.2 272.8 286.8 283.7 286.3 291.8 295.4 295.3 299.1 303.6 304.8 309.6 315.3 323.1 328.9 334.1 336.3 346 351.1 352.4 367.1 368.3 374.2 384.1 401.2 411.3 420.2 418.6 423.3 425.8 427.4 429.1 442.7 443.3 439.2 431.4 427.9 428.3 429.7 428.5 439.5 449.4 450 452.1 459.9 473.6 492 502.5 508.3 520.1 534.3 559.7 568.3 570.8 567.1 561.4 548 534.7 522 511.6 504 490.5 484 479.3 476.4 462.9 453.7 446.3 438.6 430 426.6 415.2 405.7 389.6 367.5 359.9 346.3 330.5 313.4 301
270.4 271.1 276.1 279.9 290 292.6 294 298.5 304.4 302.2 307.2 315.1 316 319.6 321.2 321.5 323.7 326.7 332.2 342.6 348.2 350.2 359.8 365.5 373.2 377 391.2 404.4 418.9 426.5 430.7 435.8 440.1 441.2 451.3 454.8 454.3 449.3 446.1 446.1 443 441 439.7 440.6 446.2 454.7 459.4 466.2 482.3 497.3 505.5 514.4 518.7 537.7 572.6 584.1 587 581.9 574 566.7 550.5 532.1 518.1 506.3 497.7 491.1 484.3 476.9 465.3 456.2 450.6 438.7 435.2 424.8 423.2 406.4 391 373.7 357.6 340.7 329.9 316.5 290.2
269.3 276.1 283.3 282.3 289.5 296.7 302.2 304.1 308.7 316.2 319.2 320.4 322.1 325.1 328.1 324.6 332 333.4 341.2 347.3 351.1 356.9 362.5 366.9 374.8 384.4 396.5 414.8 418.6 429.2 440.1 446.4 465 463.6 464.4 470.3 468.5 469.7 472.1 460.4 452 449.5 451.2 447.1 450 460.3 468.2 475 484.2 498.7 511.1 519.2 527.5 551.6 572.1 588.7 597.7 597.4 588.3 573.7 557 541.8 524.2 511.4 505 496 488.4 476.8 470.5 466.5 473.4 460.7 444.6 437.6 426.6 408.6 391.9 373.1 358.4 340.8 328.4 311.9 286.1
275.5 279.1 283.8 289.2 294.3 297.6 306.5 309.9 315.4 320.4 329.1 328.7 331.4 333.2 337.2 342.5 342.5 340.7 345.6 350.5 356.4 364.5 366.3 376.5 382.4 388.1 399 410.5 430.9 442.8 452.3 463.2 477.5 480.7 488.6 488.7 485.9 496.3 485.3 468.1 461.6 457.1 455.4 452.8 453.4 461.6 469.5 482.7 491.9 499.5 513.1 520.5 532.4 551.9 575.7 593.3 607.2 608.6 601.2 593.4 574.7 550.5 534.4 518.8 511.1 504.4 497.7 485.6 476.2 487 476.4 467.8 455.1 444 424.3 405.5 384.6 367.1 353.2 336.6 324.7 306.9 284.6
276.3 282.8 291.5 298.5 300 308 314.7 323.1 325.2 328 330.5 339.7 349.5 354.8 360.9 356.7 352.4 352.4 353.5 355.1 353.4 364.5 375.8 386.6 389.7 396.8 404 419.6 440.3 456.7 466.3 478.2 485.7 499.1 506.3 508.2 500.9 502.4 494.5 489.8 472 463.7 461.5 458 456 462.3 469.6 481.6 494.4 502.4 510.8 522.7 535.3 554.8 581.6 613.1 622.9 624.9 617.6 604.1 588.6 567.4 547.7 532.5 520.6 512.6 500.7 495.7 488.4 484.2 486.2 472.3 454.5 438.7 422.5 404.5 383.7 366.7 352.7 338.2 320.2 302.4 284.8
283.2 289.7 299.6 309.5 315 317.2 322.2 329.3 336.3 338.7 346.6 354.8 361.5 366.8 369.5 367.2 364.7 360.8 356.4 354.5 358.3 361.5 369.1 379.6 389.6 399.5 413.5 431.4 449.1 461.6 475.1 492.3 504.2 511.7 519 518.9 510.1 511 510.4 496 480.9 469.9 466.9 462.5 457.1 457.7 469 474.9 489.8 508.1 512.4 526.6 537.5 560.7 584.3 619.5 645.1 645.9 637.4 623.2 604.9 588.1 563.9 548.6 531.7 522.1 519.1 508 497 488.8 488.1 471 457.1 439.8 421.8 401.3 383 360.9 345 331.4 322.1 306.8 286.8
289.4 298.8 307.1 317.8 319.2 325.3 331 343.3 351.4 357.6 358.6 369.4 379.9 384.2 382.5 377.5 372.7 367.4 363.9 358.4 359 364 370.9 378.8 387 395.8 414.6 433 447.5 464.2 481.8 500.3 520.5 521.1 524.1 524.2 522.7 517.9 513.8 499.2 486.4 475.2 468.2 463.7 458.9 457.1 465.6 474.9 487.3 499.1 513.6 528.3 541.2 566.6 601.9 622.3 651.6 662.8 657.9 646.3 629.9 604.8 584.8 564.8 551.2 541.7 522 514.2 506.4 495.1 479.8 471.4 455.7 435.8 415.2 394.3 372.2 358.8 340.6 326 316.5 302.4 286.9
296.7 299.5 313.2 326.6 330.2 334.6 342.3 354.7 364.7 370.4 379.3 394.4 397.8 400.9 391 394.6 384.5 375.7 366.1 362.8 365.2 366.5 374.1 377.1 384.7 395.3 407.4 427.6 443.7 457.9 477.9 500.2 517.6 534.8 532.4 536.4 531.3 524.2 516.8 503.1 490.8 478 468.5 462.6 458.7 458.4 461.8 471.3 481.9 498 517.5 529.3 544.9 575 609.7 635 665.8 674.2 664.5 651 634.5 615.6 599.1 580.7 570.2 557.9 537.9 520.1 510.2 498.4 483.3 457.9 450.1 429.2 409.9 388.8 370 359.6 343.1 324.3 312.4 299.4 287.4
312.7 312.2 320.9 332.1 337.1 343.8 354.4 363.9 373.7 378.9 391.5 398.1 401.9 398.4 404.5 404.6 394.4 382.9 374 370.3 367.9 370.8 375.2 378.5 381.1 389.6 401.8 420.4 436.7 455.4 472.1 494.4 514.5 528.7 536.5 535.5 535.8 527.2 518.3 509.2 494.9 480.9 473 465.4 461.1 460.1 464 471.3 479.7 496.4 522.3 533.5 550.3 581.5 608.8 644.1 681.6 699.2 689.1 671 641.9 620.4 608.8 595.8 580.3 565.8 551.3 528.6 509.6 499.3 483.1 456 432.8 419.3 401.2 383.3 368.5 351.7 336.9 319.5 308.9 297 285.2
317.8 323.4 333.9 342.3 346.9 357.6 366.2 371.6 380.8 388.9 400.9 405 408.6 405.8 408.3 413.7 404.5 391.1 385.7 376.9 373.5 374 378.4 380.6 383.6 388.7 396.7 412.6 432.7 453.6 470.3 490.9 516.8 527.6 536.3 541.7 536.6 530.4 524.4 517.3 505.6 491.2 483.5 474.2 467.3 463.7 467.2 474.2 484.6 498.9 521.7 537.3 554.8 579.7 619.3 654 682.6 711 702.8 692.6 664 645.3 620 601.6 583.1 570.1 556.7 533.9 515 493.3 477.9 452.7 427.3 410.1 397.8 378.7 361.8 345.5 331.8 320.7 310.2 295.6 281.5
330.1 337.8 344.9 348.1 359.4 370 378.8 389.1 400.4 405.1 421 425.4 426.6 420.5 425.3 429.3 414.2 408.8 401.2 388.8 383.1 382 384.4 386.9 387.9 390.7 397.5 407.8 427.8 450.2 467.8 486.1 505.5 524.5 535.6 542 541.8 537.1 532.5 524.1 516.9 507.7 498 486.1 477.2 470.4 472.8 481.7 492.2 502.8 523 539.5 553.2 586.3 624.6 660.2 697.2 719.2 716.3 709.1 687 665.9 636.8 615.4 590.6 574.2 554.1 534.8 512.2 490.6 467.8 451.4 424.8 401.8 384.2 367.9 351.6 341.9 329.3 318 308.4 292.7 278.7
346.5 352 361.6 365.7 374.9 384.3 392.9 402.1 412.1 426.5 437 435.7 440.2 442.3 442.9 438.3 433.6 427.5 414.3 403.7 395.4 392.7 395.2 396.6 397.9 401.2 399.4 406.6 420.6 439.2 461.8 481.9 497.4 514.6 533.5 538.8 543.1 544.5 538.3 534.8 527.9 516.9 508.1 499.7 489 484.9 482.6 487 499.7 517.5 527.6 540.5 555.6 591.8 626.5 666.2 708 727.9 727 710.4 694.8 668.1 647.2 620.4 595.6 567.6 543.8 521.4 502.2 478.7 459.2 438.4 415.8 395.7 378.1 360.2 347.8 337.3 327.9 314.8 303.7 289.4 276.4
358 364.7 375.1 381.1 387.1 398.7 409.9 418.9 428.6 437.4 442.6 447.5 454.1 461.9 463 454.8 459.4 444 429.9 418.8 408.5 405.2 404.5 406.6 408.9 408.1 407.1 408.1 418 433.3 453.3 474.3 489.5 506.8 527.1 535.4 543.8 548.3 545.2 545 542.2 538.4 526.1 517.2 506.5 499 494.2 498.1 511.6 522.8 533.6 541.8 556.3 592.1 627 665.8 706.4 725.9 719.5 703.4 679.4 659.3 636.3 611.4 583.9 560.6 536.5 514.3 492.9 471.5 454.8 436.9 417.5 398.4 381 363.4 350.9 338.6 328.9 312.7 297.7 286.8 274.5
376.4 384.9 388.1 396.6 406.3 414.3 427 438.5 450.8 456 460.6 464.6 464.4 473.8 474.7 474.2 469.7 461.9 448.8 437.8 426.7 423.8 421.2 425.8 421.2 417.9 415.7 415.6 423.6 432.1 447.1 467.4 485.2 503 519.9 533.8 539.2 545.9 549.1 555.9 554.2 553.6 545 535.1 523.3 514.2 510.4 519.8 525.5 528.5 537.1 544.4 557.1 591.3 621.5 660.7 706 718.2 702.1 694.7 675.9 653.3 628 599.2 572.8 546 523.2 498.6 479.9 462 445.7 428.8 414.4 398.5 382.3 365.1 351.6 340.7 329.9 311.6 292.8 282.1 271
389.2 402.2 404.5 413.7 424.3 427.8 440.2 449.9 464.9 471.7 473.4 476.9 475.9 481.2 485.9 488 489.1 481.9 469 456.4 450.7 444 441.4 439.4 433.3 428.3 424.1 427.4 432.2 440.2 448.1 461.6 479.1 497.5 512 525.7 538.9 551.4 555.7 562.6 566 561.6 555.7 550.6 542.3 538.7 532.1 530.2 530.3 535.2 540.8 547.8 559.3 588.1 616.8 650.5 688.9 705.5 702.8 680.1 664.8 642.8 618.8 588.5 560.8 536.1 510.7 490.2 468 448.2 434.6 420.7 406.3 392.4 379.5 365.2 351.8 339.5 326 307.8 291 277.2 262.7
411.4 414.1 418.4 428.7 439.2 453.5 462 463.5 474.4 478.4 482.8 483 488.7 494.8 498.5 502.3 504.6 502.7 486.9 476.7 477.2 465.2 460.4 453.7 451 444.9 437.1 439.2 446 451.2 455.9 464.7 482.8 494.7 507.1 526.3 541 551.1 561.5 573.6 580.3 579.8 576.9 572.7 567 560.3 546.1 539.5 537.1 539.4 544 551.4 559.9 584.2 610.8 644.7 689.7 700.3 686.3 669.6 647.3 628 605.8 579 552.6 527.3 503.8 473.3 453.8 439.3 425.8 411.8 397.6 389.9 377.5 362.3 348.6 335.9 321.5 306.6 289.5 273.8 259.6
422.8 432.8 437.3 448.7 457.5 469.6 472.2 476.7 481.1 485.7 492.1 497.2 507.4 518.6 517.6 517.8 524.3 521.5 513.6 494.3 492.1 492 480.1 473.1 470.4 460.9 448.1 452.7 460.9 464 468 475.1 481.3 491.6 505.4 524 539.2 555.4 570 581.8 599.1 598 601.9 593.3 582.9 566.9 557.2 546.8 544.1 544.8 548.4 552.5 562.8 581.7 611.3 655.8 682.5 689 676 657.6 633.6 612.5 590.9 567.2 541.1 517.3 483.8 462.4 445.4 432.9 419.8 406.2 394.1 385.3 370.3 357.8 345.7 334.4 320 303.6 287.7 273.4 257.2
441.7 443.7 453 464.3 467.3 475.6 480.5 481.4 487.8 494.1 503.2 516.6 526.1 529.5 529.2 534.5 541.1 538.8 528.7 519.1 512.4 506.2 497.3 494.6 485.9 475.6 467.5 469.3 475.3 477.5 480.5 483.9 488.4 497.3 510.2 524.1 541.3 559.7 578.2 604.4 610.1 608.6 609.2 599 585.6 576.8 564.8 554.5 549.6 549.9 552.6 553.4 571.5 587.4 619 654.1 668.3 662.3 657.1 641 623.9 598.9 577.2 556 528.9 500.5 475.8 456.3 442.3 429.1 415.3 402 389.5 376.1 363.8 350.8 338.9 326.8 312.8 298.4 283.4 266.9 249.6
450.8 459.2 474 480 482.1 488.3 489.1 490.7 499.7 511.6 515.1 521.7 535.4 539.5 547.4 555 557 547.1 544.8 545.1 539 529.2 521.5 521.3 508.1 493.9 488.4 488.4 488.6 491.9 493 496 502.1 510.4 518.1 527.5 545.2 562.1 588 608.8 623.8 623.6 613.6 603.3 594.2 581.4 570.6 564.8 559.6 556.9 556.8 569.2 579.4 587.4 610.7 632.6 638.9 630.3 625.8 614.7 598.1 581.9 559.7 538.6 516.6 495.5 472.9 455.4 441.4 424.1 410.8 397.5 384.8 370.5 357.8 342.9 331.7 317 302.3 286.5 271 255.3 238.9
