UK/data/nb/nb91_OST50GRID_20230518/NB91.asc
ncols 200
nrows 200
xllcorner 190000
yllcorner 910000
cellsize 50
[rows 45 to 89 of 200, columns 96 to 191 of 200]
-2 -2 -2 -2 -2 -2 -2 -2 -2 -2 -2 -2 -2 -2 -2 -2 -2 -2 -2 -2 -2 -2 -2 -2 -2 -2 -2 -2 -2 -2 -2 -2 -2 -2 -2 -2 -2 -2 -2 -2 -2 -2 -2 -2 -2 -2 -2 -2 -2 -2 -2 -2 -2 1.1 2.2 14 12.6 23.7 32.7 39.2 26.6 25.6 35.6 43.5 46.3 43.2 40.6 38.1 36.5 36.3 35.6 33.4 31 27 24.4 2.7 1.5 2.4 17.5 17.4 1.8 -2 -2 -2 -2 -2 -2 -2 -2 -2 -2 -2 -2 -2 -2 -2
-2 -2 -2 -2 -2 -2 -2 -2 -2 -2 -2 -2 -2 -2 -2 -2 -2 -2 -2 -2 -2 -2 -2 -2 -2 -2 -2 -2 -2 -2 -2 -2 -2 -2 -2 -2 -2 -2 -2 -2 -2 -2 -2 -2 -2 -2 -2 -2 -2 -2 -2 -2 -2 12.1 10.7 3.2 19.1 27.7 36 37 29.4 25.6 32 45.9 48 44.5 37.7 34.5 34.6 34.6 35 34.6 32.8 30.2 29.4 20.2 24.6 23.8 23.1 21.7 4.9 1.4 2.2 -2 -2 -2 -2 -2 -2 -2 -2 -2 -2 -2 -2 -2
-2 -2 -2 -2 -2 -2 -2 -2 -2 -2 -2 -2 -2 -2 -2 -2 -2 -2 -2 -2 -2 -2 -2 -2 -2 -2 -2 -2 -2 -2 -2 -2 -2 -2 -2 -2 -2 -2 -2 -2 -2 -2 -2 -2 -2 -2 -2 -2 -2 -2 -2 -2 -2 9.7 11.9 6.4 24 34.5 36.7 35.7 31.9 28 34.5 44.6 47.5 41.2 36.6 34.6 34.6 34.6 34.6 35.4 33.8 33.5 31.6 31.1 29.2 27.6 24.9 23.7 24.9 20.6 19.6 2.4 0 -2 -2 -2 -2 -2 -2 -2 -2 -2 -2 -2
-2 -2 -2 -2 -2 -2 -2 -2 -2 -2 -2 -2 -2 -2 -2 -2 -2 -2 -2 -2 -2 -2 -2 -2 -2 -2 -2 -2 -2 -2 -2 -2 -2 -2 -2 -2 -2 -2 -2 -2 -2 -2 -2 -2 -2 -2 -2 -2 -2 -2 -2 -2 -2 9.2 -2 8.9 27.8 34.4 38.7 35.4 39 27.5 38 43.9 40.8 36.7 35.5 34.6 34.6 34.6 34.6 37 36.5 36.1 33.9 34.3 33.8 32.2 29.2 26.7 25.2 23.7 22.8 16.1 2.3 0.4 -2 -2 -2 -2 -2 -2 -2 -2 -2 -2
-2 -2 -2 -2 -2 -2 -2 -2 -2 -2 -2 -2 -2 -2 -2 -2 -2 -2 -2 -2 -2 -2 -2 -2 -2 -2 -2 -2 -2 -2 -2 -2 -2 -2 -2 -2 -2 -2 -2 -2 -2 -2 -2 -2 -2 -2 -2 -2 -2 -2 -2 -2 -2 1.4 -2 12.4 25.3 28.4 26.7 29.4 29.8 21.5 29.8 32.9 31.5 31.7 35 34.6 34.6 34.6 34.6 36.9 36.5 36.4 36.7 36.7 36.9 35.1 34.3 31.5 28.8 26.9 26.3 22.2 12.6 1.6 -2 -2 -2 -2 -2 -2 -2 -2 -2 -2
-2 -2 -2 -2 -2 -2 -2 -2 -2 -2 -2 -2 -2 -2 -2 -2 -2 -2 -2 -2 -2 -2 -2 -2 -2 -2 -2 -2 -2 -2 -2 -2 -2 -2 -2 -2 -2 -2 -2 -2 -2 -2 -2 -2 -2 -2 -2 -2 -2 -2 -2 -2 -2 -2 -2 17.6 21.2 21.6 23.9 25 23.7 14.2 23.6 26.7 24.5 31.7 38.5 34.6 34.6 34.6 37.2 38.5 37.4 37.2 37.1 38.1 38.4 37.2 37.7 36.6 33.9 31 28.8 23.5 20.2 2.4 1.7 -2 -2 -2 -2 -2 -2 -2 -2 -2
-2 -2 -2 -2 -2 -2 -2 -2 -2 -2 -2 -2 -2 -2 -2 -2 -2 -2 -2 -2 -2 -2 -2 -2 -2 -2 -2 -2 -2 -2 -2 -2 -2 -2 -2 -2 -2 -2 -2 -2 -2 -2 -2 -2 -2 -2 -2 -2 -2 -2 -2 -2 -2 -2 3.9 12.6 8.5 21.8 22.2 20.1 15.9 11 14 20.2 25.4 36.1 39.4 36.1 36.4 34.9 38.7 41.7 41.8 39.1 38.2 40.4 42.9 41.5 40.3 39.7 37 33.9 31.5 28.6 24 20.4 17.2 -2 -2 -2 -2 -2 -2 -2 -2 -2
-2 -2 -2 -2 -2 -2 -2 -2 -2 -2 -2 -2 -2 -2 -2 -2 -2 -2 -2 -2 -2 -2 -2 -2 -2 -2 -2 -2 -2 -2 -2 -2 -2 -2 -2 -2 -2 -2 -2 -2 -2 -2 -2 -2 -2 -2 -2 -2 -2 -2 -2 -2 -2 -2 1.1 2.4 2.4 16.5 16.3 11.4 10.9 10.9 12.6 22.7 31.1 37.7 38.6 40.8 44.9 37.5 39 42.2 42.8 40.1 39.8 41.6 45.7 45.5 43.3 42.6 39.4 37.9 33.9 32.4 27 24.1 5.4 -2 -2 -2 -2 -2 -2 -2 -2 -2
-2 -2 -2 -2 -2 -2 -2 -2 -2 -2 -2 -2 -2 -2 -2 -2 -2 -2 -2 -2 -2 -2 -2 -2 -2 -2 -2 -2 -2 -2 -2 -2 -2 -2 -2 -2 -2 -2 -2 -2 -2 -2 -2 -2 -2 -2 -2 0.6 -2 -2 -2 -2 -2 -2 0 2.4 5.7 10.2 11.4 10.9 10.9 10.9 16.7 27.1 32.7 36.5 35.5 39.6 46.4 39.3 38.9 41.9 43.7 42.3 42.2 43.8 46.6 47.2 46.9 44.8 43.3 42 39.7 36.4 30.4 27.8 23.7 -2 -2 -2 -2 -2 -2 -2 -2 -2
-2 -2 -2 -2 -2 -2 -2 -2 -2 -2 -2 -2 -2 -2 -2 -2 -2 -2 -2 -2 -2 -2 -2 -2 -2 -2 -2 -2 -2 -2 -2 -2 -2 -2 -2 -2 -2 -2 -2 -2 -2 -2 -2 -2 2.2 3.8 2.4 2.5 -2 -2 -2 -2 -2 -2 -2 3 11.1 10.1 14.4 18.2 10.9 11.3 16.7 26.8 30.6 33.5 33.5 35.3 43.8 38.9 41.7 48.4 46.1 44.9 44.9 47 50.2 50.9 48.9 46.3 45.1 45.6 43.2 40.8 35.8 30.8 23.3 0.2 -2 20.4 1 -2 -2 -2 -2 -2
-2 -2 -2 -2 -2 -2 -2 -2 -2 -2 -2 -2 -2 -2 -2 -2 -2 -2 -2 -2 -2 -2 -2 -2 -2 -2 -2 -2 -2 -2 -2 -2 -2 -2 -2 -2 -2 -2 -2 -2 -2 -2 -2 1.3 2.4 9.6 10 8.1 -2 -2 -2 -2 -2 -2 -2 5.7 14.2 17.6 21.9 17.7 15 17.6 20.1 25.7 33.4 33.5 33.5 33.5 36.8 37.1 42.1 52.6 50.3 49.7 46.3 49.1 52.7 53.1 50.6 48.7 48.3 49 47.9 44.5 42.6 38.1 11.2 2.4 23.6 25.3 2.1 0.2 -2 -2 -2 -2
-2 -2 -2 -2 -2 -2 -2 -2 -2 -2 -2 -2 -2 -2 -2 -2 -2 -2 -2 -2 -2 -2 -2 -2 -2 -2 -2 -2 -2 -2 -2 -2 -2 -2 -2 -2 -2 -2 -2 -2 -2 -2 -2 2.2 12.3 14.8 10 11.3 2.4 -2 -2 -2 -2 -2 -2 2.3 17 24.3 25.2 21.8 24 26.7 23.2 25.5 35.4 33.5 40.6 33.5 35.1 38 44.7 53 54.9 52.2 50.8 49.8 53.4 54.3 53.1 50.6 51 51.3 51.1 48.4 46.9 43.7 41.1 35.5 31.1 29.1 2.4 2 -2 -2 -2 -2
-2 -2 -2 -2 -2 -2 -2 -2 -2 -2 -2 -2 -2 -2 -2 -2 -2 -2 -2 -2 -2 -2 -2 -2 -2 -2 -2 -2 -2 -2 -2 -2 -2 -2 -2 -2 -2 -2 -2 -2 -2 -2 -2 1.3 13.4 18.5 16.9 14.3 2.4 5.3 -2 -2 -2 -2 -2 2.4 17.8 22.4 23.8 24.2 28.4 32.7 22.7 27.5 33.4 36.9 41.6 36.9 35.6 41.6 45.2 56.2 55.5 51.1 48.6 48 54.1 55 53.9 52.4 52.1 51.2 51.2 50.3 49.1 49.2 47.8 43.1 38.9 32.5 30.9 27.6 2.1 1.7 -2 -2
-2 -2 -2 -2 -2 -2 -2 -2 -2 -2 -2 -2 -2 -2 -2 -2 -2 -2 -2 -2 -2 -2 -2 -2 -2 -2 -2 -2 -2 -2 -2 -2 -2 -2 -2 -2 -2 -2 -2 -2 -2 -2 -0.3 6.8 14.4 17.8 19.4 17.2 11.5 10.3 2.4 2.6 2.4 2.4 3.8 10.3 16.5 20.1 23.4 22.1 30.1 27.8 23.2 28.9 37.2 43 41.6 39.9 37.8 40.6 45.6 56.3 54.1 49.2 46.4 47.5 52.8 54.4 55.1 54 52.6 51.3 50.8 50.6 50.6 50.5 51.6 47.9 44.1 37.3 34.2 31.7 30.5 28.9 -2 -2
-2 -2 -2 -2 -2 -2 -2 -2 -2 -2 -2 -2 -2 -2 -2 -2 -2 -2 -2 -2 -2 -2 -2 -2 -2 -2 -2 -2 -2 -2 -2 -2 -2 -2 -2 -2 -2 -2 -2 -2 -2 -2 0.9 9.5 13.7 17 19.1 19.7 19.1 14.2 5.1 7.2 11.3 13.3 17.3 17.1 16.2 22.1 24.2 22.1 24.5 23.2 23.2 29.8 36.4 39.9 38.8 37.4 37.4 38.8 47.9 54.5 54.6 48.2 46.4 49.3 55 54.3 55.3 54.5 54.7 51.7 51 50.4 50.3 50.4 50 49.5 48.1 43.7 39.9 36.5 37.2 29.6 14.6 0.7
-2 -2 -2 -2 -2 -2 -2 -2 -2 -2 -2 -2 -2 -2 -2 -2 -2 -2 -2 -2 -2 -2 -2 -2 -2 -2 -2 -2 -2 -2 -2 -2 -2 -2 -2 -2 -2 -2 -2 -2 -2 -2 1.1 6.4 12.6 17.1 16.1 15.3 18.2 17.6 15.5 17.2 16.9 16.6 18 19.6 19.5 22.4 25.3 22.1 22.5 24.7 26 30.4 34.3 38.6 37.4 37.4 38.5 40.8 47.8 54.7 52 46.4 46.4 50.5 55 56.5 55.5 53.8 52.6 52.1 51.3 50.5 50.2 50.3 49.9 49.6 49.3 48 44.7 41.6 39.7 24 35.5 32.8
-2 -2 -2 -2 -2 -2 -2 -2 -2 -2 -2 -2 -2 -2 -2 -2 -2 -2 -2 -2 -2 -2 -2 -2 -2 -2 -2 -2 -2 -2 -2 -2 -2 -2 -2 -2 -2 -2 -2 -2 -2 -2 0.5 4.9 9.5 14.1 13.6 14.5 16.8 17.7 19.3 20.7 20.3 20.6 21.6 22.3 23.1 22.9 22.5 22.1 22.1 28.2 29.2 32.8 35.3 38.8 42.5 45.4 44.6 46.5 50.1 51.2 46.5 46.4 46.4 46.4 54.1 58 56.9 54 52.3 52.2 51.3 50.5 50 50.2 49.9 49.4 48.8 48.5 48.4 46.7 43.5 41.7 38.3 34.8
-2 -2 -2 -2 -2 -2 -2 -2 -2 -2 -2 -2 -2 -2 -2 -2 -2 -2 -2 -2 -2 -2 -2 -2 -2 -2 -2 -2 -2 -2 -2 -2 -2 -2 -2 -2 -2 -2 -2 -2 -2 -2 -2 2.6 8.9 11.1 11.7 14.1 19.6 21.1 23.1 24.7 22.7 23.4 24.4 25.2 25.6 26.1 26.2 25.6 26.9 28.9 30.9 33.1 36.3 40.3 47.5 52.5 50.5 52.6 54.3 58.1 46.4 46.4 46.4 46.4 47.2 53.9 57.4 59.8 52.6 52.1 51.5 50.5 49.7 49.7 48.8 47.9 47.2 47 47.3 47.5 45.6 44.2 40.2 37.7
-2 -2 -2 -2 -2 -2 -2 -2 -2 -2 -2 -2 -2 -2 -2 -2 -2 -2 -2 -2 -2 -2 -2 -2 -2 -2 -2 -2 -2 -2 -2 -2 -2 -2 -2 -2 -2 -2 -2 -2 -2 -2 -2 1.1 7.6 8.6 9.7 11.4 16.9 19.1 24.5 26.4 25 24.6 25.9 26.8 27.7 29.2 29.3 28.6 30.2 30.8 30.8 32.5 35.6 41.5 46.6 50.3 52.7 53.9 57.2 60 55.8 49.4 46.4 46.4 48.6 53.1 55.8 59.2 54.6 51.7 51.5 50.7 50 48.9 48 47 46 45.4 45.6 45.3 44.8 42.9 40.8 38.1
-2 -2 -2 -2 -2 -2 -2 -2 -2 -2 -2 -2 -2 -2 -2 -2 -2 -2 -2 -2 -2 -2 -2 -2 -2 -2 -2 -2 -2 -2 -2 -2 -2 -2 -2 -2 -2 -2 -2 -2 -2 -2 -2 1.7 3.5 11.1 12.2 10.7 14.8 16.6 21.8 27 27.7 26.7 27.3 27.4 27.4 28.7 31.5 30.9 32.3 31.8 31.7 33.4 35.1 38.7 44.4 50.6 54.3 56.2 60 62 65.8 62.2 49.8 46.4 53 55.6 57.1 61.2 53.7 52.4 52.7 50.6 49.5 48.4 47.3 46.4 45.5 44.6 43.9 44 43.4 41.7 40.6 38.7
-2 -2 -2 -2 -2 -2 -2 -2 -2 -2 -2 -2 -2 -2 -2 -2 -2 -2 -2 -2 -2 -2 -2 -2 -2 -2 -2 -2 -2 -2 -2 -2 -2 -2 -2 -2 -2 -2 -2 -2 -2 -2 1 4.7 7.9 12 11.8 11.1 11.5 15.4 20.2 22.1 25 26.2 27.3 27.3 27.2 27.8 28.3 31.7 31.8 31.7 32.7 33.6 34.5 38 42.5 46.8 50.3 55.8 59.2 60.6 63.3 65.8 57.6 50.9 53.4 56.6 58.8 57.4 54.4 54.2 53.3 49.9 48.7 48 48.2 46.4 46.2 46 45.3 44.7 43.1 41.5 39.8 38
-2 -2 -2 -2 -2 -2 -2 -2 -2 -2 -2 -2 -2 -2 -2 -2 -2 -2 -2 -2 -2 -2 -2 -2 -2 -2 -2 -2 -2 -2 -2 -2 -2 -2 -2 -2 -2 -2 -2 -2 -2 2.4 4.5 10.6 12 12.5 11.2 10.8 11.2 12.1 16.3 19.4 22.8 24.7 26.5 27 27.2 27.2 27.7 29.1 30.2 32.4 34.3 35.1 34.5 37.5 41.8 44.8 47 52 55.4 56.2 60.4 66.8 61.9 53.2 53.6 58.5 62.6 56.4 55.2 58.6 56.7 49.7 49.1 49.4 49.4 46.8 47 47.2 47.2 47.6 44.5 42.8 40.8 39.5
-2 -2 -2 -2 -2 -2 -2 -2 -2 -2 -2 -2 -2 -2 -2 -2 -2 -2 -2 -2 -2 -2 -2 -2 -2 -2 -2 -2 -2 -2 -2 -2 -2 -2 -2 -2 -2 -2 -2 -2 -2 13.3 11.4 16 17.4 13.8 11.4 10.9 10.8 13.4 13.1 15.5 19 22.5 24.5 24.8 26.1 26.6 27.1 28.3 29.8 31.6 33.5 34.6 33.7 36 40.6 45.4 47.2 48.2 51.7 52.5 59.5 64.3 63.8 56.1 54.6 59.2 65.1 61.9 66.7 62.5 58.5 50.8 50.8 50.9 49.8 47.5 47.6 48.3 49 50.4 49.1 44.9 43.2 41.6
-2 -2 -2 -2 -2 -2 -2 -2 -2 -2 -2 -2 -2 -2 -2 -2 -2 -2 -2 -2 -2 -2 -2 -2 -2 -2 -2 -2 -2 -2 -2 -2 -2 -2 -2 -2 -2 -2 -2 -2 -2 -2 14.9 20.8 19.3 14.1 11.8 11.8 13.2 13.9 14.7 15.5 16.4 19.4 21.2 23 24.2 25.4 26.4 27.2 27.8 29 30.2 31.1 31.4 34.2 39.4 46 48.5 49.2 49.3 50.6 54.3 57.9 57.7 55.8 57.8 62.9 67 69.8 72.3 69.4 59.7 54.1 53 53.6 52.3 48.2 48.1 49.1 50.1 52.3 51.2 48.3 48 47.7
-2 -2 -2 -2 -2 -2 -2 -2 -2 -2 -2 -2 -2 -2 -2 -2 -2 -2 -2 -2 -2 -2 -2 -2 -2 -2 -2 -2 -2 -2 -2 -2 -2 -2 -2 -2 -2 -2 -2 -0.1 0.2 -2 18.9 22.6 15.8 13.2 13.3 15.2 16.2 16.8 17.4 18.1 17.6 17.8 20.4 22 23.2 24.4 23.7 24.2 24.1 25.1 26.3 27.4 28.7 32.1 36.3 42.3 47.3 50 49.7 49.9 51 53 54.4 55.7 63.1 68.6 73.7 75.2 76.1 72.5 65.3 63.3 58 56.9 58.1 53.8 49.1 49.9 51.6 53.6 53.1 51.2 52.2 51.4
-2 -2 -2 -2 -2 -2 -2 -2 -2 -2 -2 -2 -2 -2 -2 -2 -2 -2 -2 -2 -2 -2 -2 -2 -2 -2 -2 -2 -2 -2 -2 -2 -2 -2 -2 -2 -2 -2 -2 2.4 5.7 7.3 21.2 23.7 23 20.8 21.4 19.3 20.3 20.3 20.8 20.9 19.8 20.2 20.2 20.9 22.3 22 21 20.5 20.5 20.7 22 25.8 26.9 29.7 34.1 39 43.5 46.4 49 49.7 50.1 51.4 48.4 51.4 59.9 66.7 74.9 75.6 78.2 74.7 69.7 70.5 65.4 59.6 60.1 59.6 53.7 51 55.4 55.3 54.4 53.5 54.4 56.5
-2 -2 -2 -2 -2 -2 -2 -2 -2 -2 -2 -2 -2 -2 -2 -2 -2 -2 -2 -2 -2 -2 -2 -2 -2 -2 -2 -2 -2 -2 -2 -2 -2 -2 -2 -2 -2 -2 2.7 17.7 16.1 16.6 19.8 26.2 29 29.5 28.4 25.5 24.9 24 24.2 24.1 22.6 22.5 21.4 21 20.8 20.5 20.5 20.5 20.5 20.5 20.5 22.2 25.3 27.4 32 36.6 41.6 45.1 48.5 49.5 49.8 48.4 48.4 49.7 58 65.3 69 75.4 78.1 77.3 71.4 72.4 67.2 64 62.9 62.8 55.6 53.3 55.3 56.4 56 56.7 58.6 60.1
-2 -2 -2 -2 -2 -2 -2 -2 -2 -2 -2 -2 -2 -2 -2 -2 -2 -2 -2 -2 -2 -2 -2 -2 -2 -2 -2 -2 -2 -2 -2 -2 -2 -2 -2 -2 -2 -2 2.4 17.1 24 23.6 23.2 28.7 31.3 30.2 29.9 29.2 29.3 28.1 26.5 26.3 24.6 23.6 22.6 21.7 21.5 22 20.5 20.5 20.5 20.5 20.5 20.5 22.5 25.8 30.6 33.6 38.1 42.7 47 49.9 50.2 50.9 48.4 49.5 55.9 62 67.1 71.2 73.6 74.4 70.9 71.6 67.7 67.2 66.3 65.3 58 55.9 56.2 58.9 60.2 62.5 65.9 66.9
-2 -2 -2 -2 -2 -2 -2 -2 -2 -2 -2 -2 -2 -2 -2 -2 -2 -2 -2 -2 -2 -2 -2 -2 -2 -2 -2 -2 -2 -2 -2 -2 -2 -2 -0.1 4.6 0.6 -2 4.3 21.3 25.1 23.5 22.5 30.1 32.8 31.8 31.7 32.2 32.8 31.4 30 27.7 25.6 24.4 23.4 22.6 22.4 22.4 21.2 20.5 20.5 20.5 20.5 20.5 20.5 24.7 28.1 30.5 34.5 39 43 48.2 51.4 51.9 50.8 48.4 53 56.7 60.4 67.3 68 67.1 67.3 67.6 68.1 68.8 69 65.4 62.3 57 59.1 61.2 63.2 65.7 70.6 73.4
-2 -2 -2 -2 -2 -2 -2 -2 -2 -2 -2 -2 -2 -2 -2 -2 -2 -2 -2 -2 -2 -2 -2 -2 -2 -2 -2 -2 -2 -2 -2 -2 -2 -2 -2 1.7 2.4 2.4 13 18.4 21.7 19.3 21.6 29.7 33.2 35.9 37.4 36.7 35.7 35 31.1 28.9 26.8 25.5 24.2 23.6 23.4 23.1 20.5 20.5 20.5 20.5 20.5 20.5 20.5 24.7 26.6 28.7 32.3 36 39.8 44.1 48.6 51.6 53.2 52.5 52.9 54 55.6 59.8 63.7 65.2 66 67.2 67.4 67.1 66.8 60.7 58.3 56.7 57.4 60.1 65.6 71.3 72.1 76.4
-2 -2 -2 -2 -2 -2 -2 -2 -2 -2 -2 -2 -2 -2 -2 -2 -2 -2 -2 -2 -2 -2 -2 -2 -2 -2 -2 -2 -2 -2 -2 -2 -2 -2 -2 -0.1 2.3 9.4 15.8 18.9 18 17.1 18.2 27.2 33.4 40.2 40.8 39.1 37.7 39 36.8 31.8 29.1 27.2 25.9 24.7 24.4 24.1 23.3 20.5 20.5 20.5 20.5 20.5 20.5 23.1 25.6 27.8 31.3 35 38.1 41.1 45.4 48.6 52.5 54.5 53.1 53.1 54.4 55.4 58.4 60.1 64 65.3 66 63.4 59.8 57.9 56.7 56.7 56.7 59.1 64.9 71.2 72 72.4
-2 -2 -2 -2 -2 -2 -2 -2 -2 -2 -2 -2 -2 -2 -2 -2 -2 -2 -2 -2 -2 -2 -2 -2 -2 -2 -2 -2 -2 -2 -2 -2 -2 -2 -2 -2 12.2 14.1 15.2 16.7 21.4 16.7 17 22.8 34.4 40.2 43.8 40.6 38.8 40.5 38.9 36.9 34.1 29.4 27.3 26.1 25.6 25 24.2 22 20.5 20.5 20.5 20.5 20.5 20.5 25.7 27.2 30.6 34.1 36.9 39.8 42.8 46.7 50.6 53.5 55.2 55.7 54.3 54.9 54.6 54.7 56.6 58.7 61 59.8 59.3 58.4 56.7 56.7 58.3 60.8 64.2 67.3 68.4 69.5
-2 -2 -2 -2 -2 -2 -2 -2 -2 -2 -2 -2 -2 -2 -2 -2 -2 -2 -2 -2 -2 -2 -2 -2 -2 -2 -2 -2 -2 -2 -2 -2 -2 -2 -2 -2 8.1 12.1 13.3 14.3 15.1 15.7 20.7 33.7 33.4 39.5 45 41.6 40 40.1 42.5 42.9 39.8 36.9 30.5 28 26.6 25.8 25 24.1 20.5 20.5 20.5 20.5 20.5 20.5 23.4 26.6 29.9 33 35.8 38.6 41.4 45.5 48.5 51.4 53.9 55.5 55.7 54.8 53.9 53.2 53.5 54.3 55.4 57.6 58.6 60 58 56.7 59.5 64.5 66.7 68 69.3 71.5
-2 -2 -2 -2 -2 -2 -2 -2 -2 -2 -2 -2 -2 -2 -2 -2 -2 -2 -2 -2 -2 -2 -2 -2 -2 -2 -2 -2 -2 -2 -2 -2 -2 -2 -2 -2 9.4 13.2 13.8 14.2 15.3 16.1 23.5 34.1 36 40.7 48.7 40 40 41.2 44.7 46.6 43.2 40.8 37 31.8 29.2 26.4 25.6 23.3 20.5 20.5 20.5 20.5 20.5 20.5 20.5 22.4 28 31.5 34.2 37.2 40.5 43.5 46.4 49.3 51.8 53.1 54.7 54.8 53.8 52.8 52.3 52.1 52.3 54.7 57.5 59.8 59.7 59.2 60.7 64.3 70.6 75.2 77.5 74.5
-2 -2 -2 -2 -2 -2 -2 -2 -2 -2 -2 -2 -2 -2 -2 -2 -2 -2 -2 -2 -2 -2 -2 -2 -2 -2 -2 -2 -2 -2 -2 -2 -2 -2 -2 21.6 22.6 22.7 16.4 17.6 16.4 17 24 31.2 37.2 44.7 44.3 40 41.5 47.6 53.5 53 47.3 43.9 41.3 38.4 33.5 29.4 26.1 22.8 20.5 20.5 20.5 20.5 20.5 20.5 20.5 20.5 24.2 29.2 32.6 35.6 38.6 41.4 44.3 47.1 49.5 51.1 53.1 54.2 53.1 52.1 49.2 47.9 49.6 51.9 54.8 57.4 59.7 60.8 63 64.3 69.6 74.7 83.1 77.1
-2 -2 -2 -2 -2 -2 -2 -2 -2 -2 -2 -2 -2 -2 -2 -2 -2 -2 -2 -2 -2 -2 -2 -2 -2 -2 -2 -2 -2 -2 -2 -2 -2 -2 -2 22.1 23.4 27.2 35.6 35.1 19.5 18.4 26.5 28.7 36.4 44.3 39.9 39.1 45.6 51.3 54.9 57.4 50.9 47 45.6 43.8 39.1 33.8 28.9 24 20.5 20.5 20.5 20.5 20.5 20.5 20.5 20.5 22.9 26.2 29.2 33.4 36.2 39.2 42.3 44.9 47.5 49.5 51.2 52.2 52.6 51.4 49.4 47.5 47.5 50.2 53.8 56 58 59.7 62.6 64.2 68.1 72.6 75.5 77.6
-2 -2 -2 -2 -2 -2 -2 -2 -2 -2 -2 -2 -2 -2 -2 -2 -2 -2 -2 -2 -2 -2 -2 -2 -2 -2 -2 -2 -2 -2 -2 -2 -2 2.8 19 23.5 26.9 36.4 35.6 35.8 33.3 32.4 30.4 34.9 36.2 41.4 33.2 39.5 46.4 52.7 57.3 54.9 52.1 49.2 47.5 45.8 41.9 38 31.3 27.1 21.8 20.5 20.5 20.5 20.5 20.5 20.5 20.5 20.8 23.8 28 31.6 34 36.5 39.5 40.9 44.3 46.9 49.1 50.1 51.1 51 50.1 47.5 47.5 47.5 51 54.2 55.6 58.4 61.4 64.5 68.8 72.2 75.4 79
-2 -2 -2 -2 -2 -2 -2 -2 -2 -2 -2 -2 -2 -2 -2 -2 -2 -2 -2 -2 -2 -2 -2 -2 -2 -2 -2 -2 -2 -2 -2 -2 0.9 6 16.2 24.6 26 29.9 35.2 36.1 35.3 37.5 34.2 36.1 36.9 32 33.1 42.3 49.8 55.3 60.5 60.3 52.2 47.6 46.8 46 42.2 37.7 31.5 27.8 21.9 20.5 20.5 20.5 20.5 20.5 20.5 20.5 20.5 22.7 26.6 29.5 31.9 33.8 36.3 37.2 40.5 42.8 45.6 48.1 49.7 49.9 50.4 47.7 47.5 47.5 47.5 49.8 52.9 56.6 60.3 64.2 69.6 72.9 76.1 79.1
-2 -2 -2 -2 -2 -2 -2 -2 -2 -2 -2 -2 -2 -2 -2 -2 -2 -2 -2 -2 -2 -2 -2 -2 -2 -2 -2 -2 -2 -2 -2 -2 -2 2 21.5 21 25.1 29.2 31.5 34.8 33.3 31.4 32.3 34 34.4 32.4 42.5 47 54.4 57.5 60.2 59.5 51.5 47.1 46.9 46.9 44.2 38 31.5 27.8 20.8 20.5 20.5 20.5 20.5 20.5 20.5 20.5 20.5 22.5 24.9 27.4 29.7 31.7 33.4 34.9 36.9 39 41.2 43.8 46.8 47.8 48.8 49.9 47.6 47.5 47.5 47.5 50.4 54.1 59.8 64.1 68.4 72.7 76.7 79
-2 -2 -2 -2 -2 -2 -2 -2 -2 -2 -2 -2 -2 -2 -2 -2 -2 -2 -2 -2 -2 -2 -2 -2 -2 -2 -2 -2 -2 -2 -2 -2 -2 3.3 18.7 23.3 25.8 28.6 25.1 24.8 26.9 27 33.3 30.5 29.8 34.7 42.5 43.4 46.5 54.4 58.3 50.2 44.7 43.5 44.5 47.3 43.6 36.6 33.1 30.1 20.5 20.5 20.5 20.5 20.5 20.5 20.5 20.5 20.9 22.4 24.5 26.4 28.3 30.6 32.2 33.7 35.7 37.5 39.3 41 42.2 44.6 46 48.3 48.4 47.6 47.5 47.5 47.5 51.6 57 60.9 65.6 70.8 75.6 78.9
-2 -2 -2 -2 -2 -2 -2 -2 -2 -2 -2 -2 -2 -2 -2 -2 -2 -2 -2 -2 -2 -2 -2 -2 -2 -2 -2 -2 -2 -2 -2 -2 1.9 13.4 20 21.7 22.1 25 3.9 19.4 15 26.4 21.8 24.3 23.7 31 33.7 35.5 42.6 49.3 51 42.7 40.4 39.2 38.6 38.2 38 34.2 32.5 27.8 25.4 20.5 20.5 20.5 20.5 20.5 20.5 20.5 20.5 21.8 24.8 26.3 27.9 29.7 31.4 32.8 34.3 36.1 37.9 39.4 40.2 41.4 43.5 46.5 47.2 48.9 47.8 47.5 47.5 50.1 55.5 59.4 63.7 68.9 74.6 76.6
-2 -2 -2 -2 -2 -2 -2 -2 -2 -2 -2 -2 -2 -2 -2 -2 -2 -2 -2 -2 -2 -2 -2 -2 -2 -2 -2 -2 -2 -2 -2 -2 0.1 7.6 13 12.4 12.2 -2 -2 2.4 10.9 19.8 21.9 19.4 21.7 26.6 33.4 33.6 37.8 36.2 36.2 37.5 38.7 40.5 41.2 38.8 38.5 39.2 37.6 29.9 28.6 25.7 20.5 20.5 20.5 20.5 20.5 20.5 20.5 21 24.6 26.3 28.2 30.6 31.5 32.6 33.7 35 36.4 37.9 39.6 40.9 42 43.1 46 47.5 48.4 48.2 48.9 50.6 53.4 58.7 63.3 68.9 73.8 74.8
-2 -2 -2 -2 -2 -2 -2 -2 -2 -2 -2 -2 -2 -2 -2 -2 -2 -2 -2 -2 -2 -2 -2 -2 -2 -2 -2 -2 -2 -2 -2 -2 -2 -2 -2 -2 -2 -2 -2 -2 9.5 20.8 20.6 17.9 17.2 18.7 21.2 25.1 32.4 40.1 46.6 44.9 53.4 50.9 48.5 44 39.7 37.8 37.9 33 29.8 26.8 20.5 20.5 20.5 20.5 20.5 20.5 20.5 20.5 23.9 25.3 28 30.3 31.3 32.4 33.9 34.5 35.9 37.4 38.7 40.4 41.4 42 43.1 44.3 45.6 46.8 47.6 50.1 52.7 57.2 62.8 68.6 73 74.8
-2 -2 -2 -2 -2 -2 -2 -2 -2 -2 -2 -2 -2 -2 -2 -2 -2 -2 -2 -2 -2 -2 -2 -2 -2 -2 -2 -2 -2 -2 -2 -2 -2 -2 -2 -2 -2 -2 -2 -2 2.1 16.7 16.9 15.6 23 32.7 37.8 36 36 44.2 52.6 50 52.6 50.2 50.5 50.3 48.6 38.7 35.6 33 32.2 28.6 25.6 24.3 21.1 20.5 21 21 21.1 21.9 23.7 25.2 27.8 29.4 30.9 32.2 33.6 35.1 35.7 36.5 38.6 39.9 40.4 41.2 40.6 42.3 43.9 44.9 45.8 48.2 50.7 54.6 61.8 67.3 71.1 73.9
-2 -2 -2 -2 -2 -2 -2 -2 -2 -2 -2 -2 -2 -2 -2 -2 -2 -2 -2 -2 -2 -2 -2 -2 -2 -2 -2 -2 -2 -2 -2 -2 -2 -2 -2 -2 -2 -2 -2 0.5 12.9 18.5 17.7 17.6 29.9 37.3 37.4 40.5 43.7 46.4 51.1 53.3 54.6 52.1 51.1 50.3 47.5 41.8 38.6 35.2 32.7 30.6 28.4 26.7 24.3 23.6 24.2 24.7 24.2 24 25.5 25.7 26.4 29.2 30.8 31.7 33.6 35 35.4 36.6 38.4 39.7 39.2 40.2 38.5 38 41.4 42.3 43.4 45 47.3 50.9 55.8 64.1 70.6 73
