WholeMapElevations/data/nn/nn72_OST50GRID_20230518/NN72.asc
ncols 200
nrows 200
xllcorner 270000
yllcorner 720000
cellsize 50
[rows 0 to 34 of 200, columns 0 to 77 of 200]
399 391.2 384 378.7 374.1 367.3 365.5 363.6 360 356.9 349.7 349.7 349.7 349.7 349.7 349.7 349.7 349.7 349.7 349.7 349.7 349.7 349.7 349.7 349.7 349.7 349.7 349.7 349.7 349.7 349.7 349.7 349.7 349.7 349.7 357.5 366.2 374.3 385.8 399.8 414 426.2 442.9 458.3 467.8 482 490.5 502.7 518.8 525.8 543.4 550.1 541.9 525 523.4 524.4 524.4 523.1 534.8 541.5 549.8 556.1 560.4 564.7 568 573.8 581.8 587.1 590.3 592.9 596.6 600.4 604.7 608.7 611.7 614 616.4 619.9
408.8 402.2 396.2 391.1 380.3 375.4 372.9 368.3 365.3 361.5 356.2 349.7 349.7 349.7 349.7 349.7 349.7 349.7 349.7 349.7 349.7 349.7 349.7 349.7 349.7 349.7 349.7 349.7 349.7 349.7 349.7 349.7 349.7 349.7 349.7 349.7 349.9 355.5 366.9 383.2 401.7 413.6 426.2 441.5 452 470.6 484.6 489.1 499.3 505.9 529.4 542.8 545.1 521.1 513.1 513.1 507.8 519.3 525 534.8 542.6 548.1 552.8 556.3 560.3 565.8 572.5 579 582.5 586.4 590.1 593.7 598.2 602 605.6 608.3 610.2 612.9
416.4 410.6 405.3 397.3 389.7 388.2 381.7 373.8 372.7 366 362.8 359 350 349.7 349.7 349.7 349.7 349.7 349.7 349.7 349.7 349.7 349.7 349.7 349.7 349.7 349.7 349.7 349.7 349.7 349.7 349.7 349.7 349.7 349.7 349.7 349.7 349.7 355.2 364.9 380.3 393.6 408.4 422.3 440.6 454 480.4 485.8 485.9 490.6 505.2 516.5 527.4 516.8 502.2 500.9 494.8 513.8 517.2 527.1 535.1 540.6 544.6 548 553.3 558.4 564.4 570 574.9 579.6 582.9 586.5 590.5 595.1 599.5 602.3 605 607.2
429.5 422 412.8 405.6 402.5 397.6 390 385.1 381.2 374.7 368.5 365.3 361.6 358.2 351.7 349.7 349.7 349.7 349.7 349.7 349.7 349.7 349.7 349.7 349.7 349.7 349.7 349.7 349.7 349.7 349.7 349.7 349.7 349.7 349.7 349.7 349.7 349.7 349.7 349.7 360.1 373.8 392.4 408.5 423.8 440.4 453.8 465.1 478.7 483.2 486.4 496.9 504.4 507.5 490.8 484.2 497.7 501 509.7 518.3 526.5 532.8 537.7 540.9 545.1 550.2 556.5 562.5 567.4 572.1 576 580.2 583.7 587.8 592 596.5 600.1 603.6
437.2 431.2 422.2 417.9 411.5 403 398.1 394.9 389.1 382.7 376.5 373.6 369.7 365.2 359.7 355 349.7 349.7 349.7 349.7 349.7 349.7 349.7 349.7 349.7 349.7 349.7 349.7 349.7 349.7 349.7 349.7 349.7 349.7 349.7 349.7 349.7 349.7 349.7 349.7 349.7 357.7 376.7 392.7 411.6 421.4 432 441.5 467.2 475.8 476.3 478.6 490.6 493.6 475.9 473.1 486.4 491 499.5 507.5 516.6 523.8 530 534.4 538.4 543.2 548.5 554.3 559.5 563.9 568.9 572.9 577 580.5 584.7 589.6 595.1 599.3
444 439.7 436.3 437.6 430.8 421.6 410.7 403.1 397.9 391.8 387.8 383.8 378.3 372.6 366.9 362.8 356.9 351.7 349.7 349.7 349.7 349.7 349.7 349.7 349.7 349.7 349.7 349.7 349.7 349.7 349.7 349.7 349.7 349.7 349.7 349.7 349.7 349.7 349.7 349.7 349.7 349.7 356.7 373.7 388.6 402.2 412.8 424.3 448.7 468.7 465.6 467.8 466.4 463.6 451.3 466 469.9 481.8 490 496.9 504.8 513.2 520.2 526.2 531.4 534.7 540.8 545.9 551.2 556 561.1 565.9 570.3 573.7 578 583 588.7 593.9
451 453.4 449.9 449.6 445.4 440.8 431.4 418.7 411.2 406.1 401.8 395.2 390.2 383.9 377.1 372.2 367 362 358.1 352.8 349.7 349.7 349.7 349.7 349.7 349.7 349.7 349.7 349.7 349.7 349.7 349.7 349.7 349.7 349.7 349.7 349.7 349.7 349.7 349.7 349.7 349.7 349.7 352.7 369.8 383.4 396.3 407.5 423.1 434.7 444.3 449.1 444.2 439.2 435 449.7 462 473.5 480.4 489.1 497.4 503.9 510.7 516.5 522.2 527.3 531.9 536.9 542.5 547.4 553 558.3 562.5 566.6 571 576.8 582.8 588.3
460.1 464.3 471.2 463.7 455.2 449.5 446.2 436.5 424 420.2 414.7 410.8 403.7 397.9 392.1 385.4 377 372.1 368.1 363.2 358.1 349.7 349.7 349.7 349.7 349.7 349.7 349.7 349.7 349.7 349.7 349.7 349.7 349.7 349.7 349.7 349.7 349.7 349.7 349.7 349.7 349.7 349.7 349.7 349.7 364.2 380.4 393.7 406.6 418.4 421.7 427.2 430.6 428.6 425.8 440.6 453.3 463 473 482.9 492.6 498.5 503.9 510.5 514 519 523.7 528.2 533.5 538.1 544.1 550.1 555.2 559.1 563.7 571.2 577.8 584.3
470.9 477.2 480.9 475.1 465.4 454.5 448.7 443.3 438 431.2 428.9 425 419.1 413.2 405.6 397.5 389.7 382.6 378.3 372.2 367 361.1 351.9 349.7 349.7 349.7 349.7 349.7 349.7 349.7 349.7 349.7 349.7 349.7 349.7 349.7 349.7 349.7 349.7 349.7 349.7 349.7 349.7 349.7 349.7 349.7 361.4 377.2 390.9 399.3 406.1 412.4 418.5 416.7 418.5 427 442.5 454.1 463.8 473.8 485.5 492.3 496.1 501.6 507 510 514.9 519.9 524.8 529.5 535.2 542.2 548.7 554.2 558.3 565.4 573.7 579.8
481.5 488.2 484.6 482.4 474.2 461.1 457.1 451.6 447.3 443.9 437.2 436.4 433.8 428.3 420.9 409.4 402 394.8 389.4 382.7 376.7 371.4 364.7 360 351.7 349.7 349.7 349.7 349.7 349.7 349.7 349.7 349.7 349.7 349.7 349.7 349.7 349.7 349.7 349.7 349.7 349.7 349.7 349.7 349.7 349.7 349.7 358.1 373.8 383.9 392 398.3 402.9 406.5 406.8 418.7 432.6 445.3 454.8 465.1 476.5 484.6 490.3 495 498.3 501.3 505.2 510.4 515.4 520.8 525.8 532.9 542 549.7 554.1 561.9 569.4 576.2
488.9 491 489.2 488.2 479 471 468.2 466.1 464.4 459 454.2 445.3 442 441.3 436.5 428.4 417.8 408.4 401.4 395.6 388.3 382.4 376 369.8 361.8 353.8 349.7 349.7 349.7 349.7 349.7 349.7 349.7 349.7 349.7 349.7 349.7 349.7 349.7 349.7 349.7 349.7 349.7 349.7 349.7 349.7 349.7 349.7 352.4 368.6 379.3 385.9 390.8 393.4 397.8 411.2 424.5 437.1 447.8 456 467.8 478.3 486.2 487.5 490.1 493.2 496.2 498.9 505.3 511 517.4 524.1 532.8 540.2 547.6 556.5 565.5 572.6
492.7 493.4 493.1 491.1 485.4 483.9 480.8 476.8 475.2 472.6 465.8 461.4 453.2 447.7 445.5 439.6 432.9 420.6 413 406.8 400.7 392.4 387.8 379.8 372.9 367.1 359.6 349.7 349.7 349.7 349.7 349.7 349.7 349.7 349.7 349.7 349.7 349.7 349.7 349.7 349.7 349.7 349.7 349.7 349.7 349.7 349.7 349.7 349.7 354 364.4 372.2 379.1 385 395.6 404.6 416.9 429.5 440.2 450.2 468.7 480.7 486.4 481.5 481.5 485 488.3 491.8 496.3 501.6 508 515.3 522.2 529.4 538.4 550 560.1 567.2
494 497.8 500.3 497.1 492.9 495.2 497.6 489.3 485.1 481 476.6 472 466 459.4 451.9 448 443.6 434.2 424.2 419.8 413.3 402.5 397.7 388.8 384.1 378.6 371.7 362.8 350.9 349.7 349.7 349.7 349.7 349.7 349.7 349.7 349.7 349.7 349.7 349.7 349.7 349.7 349.7 349.7 349.7 349.7 349.7 349.7 349.7 349.7 349.7 358.9 366.7 379.5 394.5 399.3 406.8 416.5 427.8 442.8 465.9 474.9 477.2 470 472.1 476.9 480.7 484.8 486.9 491.3 498.5 506 512.5 521.9 536.4 550.1 558.5 565.5
496 500.3 502.2 500.4 497.3 498.4 502 498.7 493.6 492.5 488.1 481.2 476.6 470 463.9 459.1 450.5 441.9 434.2 428.9 421.9 413.6 403.6 399.5 394.8 388.9 383 375.9 368.2 360.1 351.5 349.7 349.7 349.7 349.7 349.7 349.7 349.7 349.7 349.7 349.7 349.7 349.7 349.7 349.7 349.7 349.7 349.7 349.7 349.7 349.7 349.7 354.8 371.8 385.3 393.3 399.3 407.7 417.9 429.8 448.7 449.1 451.7 458.4 461.8 468.9 472.3 476.7 478.3 480.5 487.1 497.2 503.3 515.9 532.4 548.4 557.9 568.6
499.5 502.9 503.2 503 499.8 500.3 505 508.2 505.8 500.5 496.2 493.4 486.9 482.4 475.1 470.6 461.6 448.7 440.6 434.8 426.4 422.3 413.3 409.9 405.1 399.1 393.6 389 382.8 373.6 363.8 354.8 349.9 349.7 349.7 349.7 349.7 349.7 349.7 349.7 349.7 349.7 349.7 349.7 349.7 349.7 349.7 349.7 349.7 349.7 349.7 349.7 349.7 359.4 372.9 381.7 392.7 401.5 410.4 419.3 428.9 436 442.2 448 453.1 458.5 464.2 469.4 471.4 474.3 478.9 486.5 493.9 509.6 525.5 542 557 571
501.4 504.4 504.2 503.8 503.2 505.1 511.1 515.8 513.8 510 506.3 501.5 496.2 489.6 486.1 474.9 467.5 460.7 441.6 438.5 437.2 434.5 425.3 417 412.4 407.7 403.9 404 400.7 391.2 381.4 366.6 358.3 356.4 352.1 349.7 349.7 349.7 349.7 349.7 349.7 349.7 349.7 349.7 349.7 349.7 349.7 349.7 349.7 349.7 349.7 349.7 349.7 349.7 358.2 372.7 385.9 396.4 404.7 410.6 418.1 427.1 436.1 442.7 450.1 457 461.8 466.7 469.9 470.2 472.8 478 487.6 500.1 518.2 539.3 552.5 569.1
501.3 501.5 502 502.1 507.3 511.9 515.4 519.7 521 517.7 512.9 508.7 506.2 500 493 483.8 477.5 475.4 461.3 442.3 444.6 444 434.4 424.8 420.4 417.2 414.5 416.8 413 408.6 400.9 391.3 369.8 364.1 360.6 357.3 355.8 354.8 349.7 349.7 349.7 349.7 349.7 349.7 349.7 349.7 349.7 349.7 349.7 349.7 349.7 349.7 349.7 349.7 349.7 363.2 379.7 393.2 402.1 406.1 415.5 426.2 436.1 446 457.4 462 467 469.3 470.7 467.9 465.2 471.1 480.5 498.9 518.1 533.5 539.3 546.3
505.8 500.7 500.7 502.9 509.6 513.6 518.8 519.7 521.3 520.8 517.2 513.8 512.9 508 503.8 493.1 488.8 477.4 467.8 453.1 444.7 444 442.9 433.7 428.8 429.8 425.1 423.2 421.2 420.6 415.4 407.7 387.8 377.5 370.4 366.3 363.9 361.4 359.6 355.9 349.9 349.7 349.7 349.7 349.7 349.7 349.7 349.7 349.7 349.7 349.7 349.7 349.7 349.7 349.7 358 375.9 390 397.8 399.7 413.9 427.4 438.6 451.7 462.2 469.6 469.1 471.4 472.4 466.5 458.1 462.6 473.3 496.8 513.8 520.7 525.2 527.5
508.3 500.4 500.7 504.1 512.1 515.8 521.2 520.5 520.5 521.3 521.4 519.7 519.5 512.6 502.5 497.2 493.2 483.2 467.7 457.7 445.3 441.8 438.2 432.9 434.5 439.4 433.7 427.8 426.5 430.1 428.1 420.2 402.2 390.4 383 375.4 371.7 368.4 366.6 364.7 362.1 359.6 357.5 353.2 349.7 349.7 349.7 349.7 349.7 349.7 349.7 349.7 349.7 349.7 349.7 349.7 366.8 377.9 386.4 393.1 411.4 429 441.3 456.2 463.6 474.1 466.7 465.9 460.2 455.5 450.5 456.8 470.1 493.9 503.5 508.4 508.6 509
509.9 509.1 500.7 508.2 512.4 515.7 520.5 521.1 517.7 519.8 520.9 521.7 519.8 515.3 505.9 496.7 492.7 485.4 472.6 460.1 444 432 432 430.9 436.7 444.7 441.9 436.5 432.7 438.9 432.9 416.8 409.5 400.2 392.2 384.9 379.2 375 374.4 371.7 369.5 369.1 366.9 365.7 364 361 359 354.8 351.9 349.7 349.7 349.7 349.7 349.7 349.7 349.7 359.6 369.3 377.3 387.7 409 432.5 449 463.8 469.5 474.1 466.6 456.8 451.2 446.5 445 452.1 469.3 488.1 491.8 492.2 491.1 489.8
506.8 502.9 504.8 506.3 507 511.5 512.7 514.7 514.3 508.6 513.4 515.9 513.6 511.6 498.2 487.7 484.8 475.8 456.7 440.8 428.4 418.3 419.9 430.1 439.2 448.5 449.8 443.1 438.5 439.4 434.6 418.4 413.4 407.6 399.4 391.3 384.9 381 379.1 377 375.5 375.1 373.8 375.1 375.3 373.6 373.5 372.4 369.9 366.2 353.7 349.7 349.7 349.7 349.7 349.7 349.7 359.4 370.7 384.6 401 430.7 448.2 465.2 471.7 480.7 463.7 453.6 450.8 442.8 437.3 444.8 463.1 478.2 475.8 473.6 471.5 470.4
497.4 498.6 499.7 500.4 500.8 499.6 502.2 502 500.2 497.3 496.1 501.5 505.1 500.4 491.3 486.8 466.7 449.7 435.7 425.5 417.4 404.4 411.9 422.4 433.7 440.1 442.8 442.9 437.4 434.6 426.1 418.6 413.7 409.9 404.2 397.2 390 385.6 382.5 380.9 379.3 380.2 381.2 380.7 380.6 380.7 382.4 383.8 382 380.9 370.3 349.7 349.7 349.7 349.7 349.7 344.7 355.3 363.7 378.2 393.1 424.4 442.9 462.4 473.4 481.5 467.5 456.8 449.8 439.9 433.2 440.2 457.3 462.9 457.3 455 453.3 445.3
493.4 494.3 494.8 496.8 500.1 500.8 498.2 497.6 494.9 490.6 488.2 491.1 491.2 487.3 479.6 480.8 451.1 435.9 421.9 412.9 404.8 391.3 396.5 405.4 412.4 417.5 426 430.4 431.2 426.1 416.9 416 413.9 408.5 405.3 397.5 394.7 390 384.9 384.1 381.7 382.2 384 384.8 385.2 387 390.9 391.7 394.1 393.3 374 349.7 349.7 349.7 338.3 324.1 333.1 349.1 357.8 367.4 386.2 419.6 442.4 452.9 470.3 471 467.7 454.5 443.2 432.6 428.3 437.9 448 442.6 442.9 439.2 432.7 428.1
489.8 490 492.2 493.7 496.1 500.5 499.2 487.9 485.2 482.5 479.3 479.5 472.7 464 463 456.7 429.2 423.4 412.2 399.7 389.9 387.3 379.4 381.8 386.6 397.6 411.3 413.8 415.4 416.7 409.4 409.1 411.1 406.1 401.9 393.5 392.1 390.4 383.7 381.8 381.3 382.8 385.9 387.6 389.8 393.3 398.6 407 403.6 397.3 383.4 367 349.7 326.3 321.1 319.5 328.3 339.6 349.7 358 380.8 406.7 427.2 436.7 449.4 458.7 465.5 451.8 435.9 427.2 423.2 435.8 433.3 429.3 426.9 423.9 416.9 416.6
488.4 487.4 488.1 489.1 488.8 491.5 492.9 487.4 478.4 471.2 463.7 455.1 447.6 447.9 449.1 432.2 411.6 407.9 403 390.5 379.1 373.8 371.1 365.8 368.3 375.9 382.9 387.3 386.7 385.6 385.9 386.6 386.5 385 386.4 384.3 382.7 387.2 382.3 375.5 374.8 378 387.2 388.5 392.6 397.6 408.8 412.9 408.5 397.2 391.5 366.8 352.7 330.3 323.1 319.3 322.2 329.3 339.8 350.2 373.5 390.9 401 418.4 426.5 443.9 446.8 441.1 430.4 417.5 418.2 433.6 426.2 419.2 413.3 411.5 405.4 406.4
489.3 487.7 485.2 483.9 484.7 485.7 484.8 484.1 473.4 461 453.2 446.2 435.4 431 424.2 406.3 394.6 392.8 390.7 387.2 371.8 363.4 360.3 355.7 350.9 354.8 359.6 365.7 366.9 361.2 356.9 356.8 362.1 362.7 362.4 362.9 361.6 366.7 366.2 366.8 362.7 362.5 366 373.4 384.2 390.3 402.6 392 387.9 378.7 385.6 358.9 346 331.7 326.3 322.7 317 322.7 333.2 342.3 360.4 380.2 392.4 410 428.5 430.1 425.8 429.2 419.8 408.2 411.2 425 417.5 408 401.7 403.3 394.9 390.3
489.1 486.9 483.9 481.5 480.4 479.2 473.8 471.3 464 452.7 445.4 436.1 425.1 415.9 405.2 395.9 385.7 381.5 377.7 371 360.2 351.2 348.2 345.8 339.6 334.9 337.6 340.9 339.9 340.4 341.5 339.3 345.2 342.1 340.9 338.6 341.5 340.4 339.3 339.6 342.1 343.3 345.4 347.3 345.4 344.6 355.4 351.3 348.5 353.7 363.7 348.7 336.7 326.8 322 321.4 315.7 317.2 325.2 332.8 347.2 367.5 390.5 406.3 418.6 414.4 429.3 420.4 413.6 401.3 401.8 407.5 407.2 395.9 390.8 390.6 380.8 376.7
487.1 484.6 481.8 479.3 475.3 470.9 463.9 457.8 452.2 444.4 435.6 423.3 413.6 403.7 394.2 384.4 378 369 360.8 357.6 350.8 343.7 337.1 332.5 327.6 321.3 315.9 314.5 316.2 320.2 324.9 328.9 327 323.9 321.9 319.3 320 319.9 317.3 315.9 317.3 317.8 321.2 321.7 320.7 321.6 324.9 327.7 331.5 336.5 336.4 331.2 324 318.2 313.6 311.6 304.6 314.9 321.9 327 335.1 353.1 379.5 383.6 398.2 417.6 423.6 411.3 400.1 389.5 389.4 388.8 385.4 377.1 375.5 372.5 366.5 367
483.3 479.9 476.2 471.8 467.9 463.7 457.9 452.4 445 438.2 429 412 404 397 386.8 387.4 383.2 374.9 359 351.5 345.7 341.9 343.2 337.4 327.8 323.5 322.6 316.9 310.1 304.8 308.8 316.4 315 312.4 310.9 308.4 301.8 299.5 299.1 297.2 296.2 295.7 297.5 299.6 299 298.6 305.4 311.1 318.1 319.8 315.7 313.2 308.2 304.2 303.3 303.6 297.6 304.5 316.8 323.3 328.9 339.4 358.7 371.4 389.6 406.5 405.8 390.9 379.2 369.9 367.2 366.1 365.4 361 360.2 358.5 357.9 359.2
480.6 476.7 472.2 468.2 464.5 459.1 454.1 449.6 443.4 434.7 421.3 405.2 396.8 389.9 388.1 395 388.5 384.1 366.6 355.9 365 361.9 356.4 350.2 344.2 336.8 329.6 321.7 313.2 308.3 300.1 302.3 300.7 305.9 305 298.8 292.3 285.8 283.2 282.1 281.6 280.4 278.2 280.1 280 279.7 283.4 290.5 299.6 301.1 303.1 308.1 305.5 299.1 297.7 293.7 290.8 297.9 310.4 318.8 322 331.5 343.6 355.6 372.4 382.8 381.1 374.3 372.2 371.3 372.7 366.2 352.1 347 344.5 349.2 351.6 354.7
485.7 481.5 476.6 470.8 459.3 450.8 448.9 443.3 435.1 422.7 407.9 399.5 404.9 402.9 405.3 402.2 397.1 393.4 386.3 379 376.4 370.5 362.8 354.9 348.3 342.4 336.4 326.6 319.5 313.3 302.4 298.4 293.1 290.5 292.4 289.9 286.5 282.9 280.4 278.2 275 273.3 271.3 269.2 267.6 266.9 269.5 272.4 278.9 289.1 295.3 303.8 303.8 300.8 297.2 292.2 289.2 287.2 298.6 304.2 311.2 326.2 339.9 351.1 355.6 363.1 370.9 372.4 373.9 383 390.2 375.4 350.5 335 334.7 341.1 345.6 351
487 482.6 477 468.1 467.6 454.8 444.3 434.9 424.1 411.2 407.4 418.3 424.6 422.5 419.2 413.8 408.4 402.9 395.5 389.4 384.7 377.7 369.5 363.7 358.1 351.1 342.5 331.9 325.3 321.3 315.7 309.2 299.6 293.8 289 284.2 282.2 280.6 276.7 274.6 272.1 271.3 269.4 267.7 266.4 264.6 262.8 263 267 275.6 284.1 291.8 298.5 300.5 301.2 295.1 284.2 276.7 275.3 279.3 289.3 312.3 335.5 333.2 336.4 347.1 359.2 370.6 372.9 392 386.1 363.1 347.4 335 326.3 332.7 338.6 345.9
488.2 482.1 478.9 475.4 470.9 468.2 458.3 454.3 446.7 435.7 434.4 442.1 436.3 434.5 430 424.2 418.9 413.4 406.7 399.2 392.5 385.5 378.6 373.3 368.4 360.5 353.2 343.6 336.4 330.3 324.7 319.2 312.9 304.1 303.3 296.4 295.5 293.9 288.6 285.9 276.8 270.9 268.3 265.5 264.3 262.8 260.9 258.5 257.3 260.8 269.3 279.7 287.8 297.7 304.6 293 282.3 261.8 252.4 260.6 273.9 288 305.4 320.4 326.5 331.3 344.8 359.6 367.9 380.7 367 354.6 341.5 330.9 322.4 323.7 331 340.6
490.4 489 486.1 484.3 481.8 475.8 474.6 469 465.3 459 457.3 450.1 449.4 444.9 440.3 434.5 429.6 423.7 419.5 410 402.5 395.3 388.8 384.4 378.6 372.5 365.8 358.3 349.6 341.5 334.9 328.1 323 316.9 310.9 305 300.6 297.5 293.9 292.9 284.7 279.7 275.4 271.8 265.9 262.3 262.2 267 264 256 256.8 266.9 275.6 283.7 292.1 285 277.2 259.1 243.2 244.1 259.1 272.5 289.2 305.9 311.8 318.9 326.8 339.4 351 358.1 353.2 344.9 334.5 323.3 318.6 319.4 324.2 331.6
496.5 495.1 492.7 490.9 488.4 482.2 485.4 479.1 476.5 470.6 465.1 461.5 459.3 455 449 444.5 439.9 435.9 430.2 425.4 419.3 412.7 405.2 398.2 392.1 386.9 380.3 374.4 364.4 354.9 346.3 338.9 331.8 325 317.8 312.1 306.7 303 300.5 297 290.9 286.5 281.7 276.9 271.3 268.7 266.6 270.1 279.7 262.8 253.2 255.1 262.7 267.3 271.2 270.1 262.9 257.3 247 237.8 249.9 261.7 274.4 290.1 296.8 306.2 316.5 327.5 336.1 337.6 338.8 334.5 324.5 317.7 317.1 317.5 320 324.1
