UK/data/nn/nn11_OST50GRID_20230518/NN11.asc
ncols 200
nrows 200
xllcorner 210000
yllcorner 710000
cellsize 50
[rows 140 to 174 of 200, columns 0 to 78 of 200]
141 147.1 146.7 155.9 160.3 161 163.3 166.3 168.9 173.3 174.1 178.7 180.8 182 183.5 186.9 188.6 192.7 193.2 194.1 194.3 191.7 188.6 182.7 184.7 182.8 179.2 175.6 171.7 168.9 164 161.7 155.3 148.9 138.2 128.3 117.5 94.2 84.2 71 53.9 35.8 23.9 9.8 5 4.5 4 3.9 4.1 2.8 3.9 11.1 24.3 40 53.3 68 81.4 95.1 108.7 121.8 130.7 137.7 144.5 148.1 149.2 152.4 155.3 154.3 153 152.2 151.8 148.2 126.5 138.2 149.1 141.5 153 150.4 165.9
144.6 150.4 153.9 159.8 162.7 165.2 167.1 165.4 166.2 169.8 173.6 176.6 180.3 181.6 182.8 182.8 188 187.4 188 192.8 192.5 191 187.3 181.9 181.2 177.8 177.8 174.9 168.3 162.1 161.1 155.8 148.3 139.7 130.3 120.2 108.7 85.1 71 60.9 42.1 28.1 14.5 6.4 4.1 4.5 4.1 3.3 3.6 4.1 9.6 21.9 38.3 51.6 64.7 80.3 94 106.5 119.4 132.4 141.7 147.2 152.4 156.1 159.2 162.1 162 160.8 161 161.2 161 156 139.9 146.1 152.5 162.2 146.2 153 163.7
146.6 152.9 158.2 163.1 167.5 169.6 171.3 171.2 167.9 168.2 169.3 172.4 175.6 179.8 180.4 181.3 184.7 183.4 187.3 185.3 184.2 185.6 183.9 178 178.1 176.5 170.4 169 163.5 157.9 155.3 149.9 141.2 130.4 120.5 110.1 96.6 77 57.3 49.4 33.3 19.9 7.5 4.9 3.9 4.2 4 3.1 2.3 6.8 18.4 33.6 47.6 63.4 77.8 93.2 106.2 118.5 129.8 140.2 149.3 154.7 159.7 164.3 167.8 170.5 170.5 170.2 170 170.2 169.1 164.4 154.9 152.6 162.9 170.2 170.4 165.5 177.7
155.3 160 164.4 168.8 171.9 174.6 175.8 176 175.8 176 175.7 174.2 172.8 175.8 176.5 176.2 179.9 180.7 182 180.2 178.1 178.4 180.1 176.3 172.4 170.4 165.2 161.2 157.4 153.9 150.4 143.7 137.5 123.2 112.5 100.9 84.1 66.2 45.7 37.4 21.5 9.8 6 4.8 4.2 4.1 2.5 2.9 5.3 16.7 35.8 47.9 59.8 76 91 106.3 120.7 131.4 142.7 151.2 158.1 162.9 167.6 172.9 176.7 179 180.1 179.6 179.6 177.9 176.7 173.8 167 162.7 171.8 174.7 173.4 183.7 190.4
161.3 165.7 169.5 173.2 176 178.9 179.9 179.9 179 179.2 179.1 178 175.7 176.6 174.1 175.1 177.8 178.9 181.8 181 181.2 172.3 173.9 172.1 165.8 163.8 161 157.7 153.8 150.3 145.6 141.1 131 115.8 105.5 89.2 71.7 55.9 36.6 23.8 10.4 7.4 5.6 4.3 4.6 4.4 4.8 4.6 12.8 37.9 54.5 61.1 73.7 89.8 106.9 121.9 136.3 147.3 154 160.7 167.2 171.1 175.5 181.1 185.2 188.3 189.6 188.7 187.6 185.5 182.4 179.6 177.8 174.2 176.6 180.4 180.9 185.4 191.4
167 170.4 173.8 177.3 180 182 182.9 182.2 181.1 181.1 180.4 179.1 178.1 176 174.9 175.1 176.4 177.2 176.6 175.7 176.9 173 167.5 167.1 165.2 157.3 155.4 153.8 149.9 142.8 137.1 132.1 123.7 109.3 96.2 79.3 65.6 42.2 22.1 12.6 6.6 4.4 4.4 4.4 4.6 3.3 4.6 6.2 15.3 36.1 53.8 68.3 84.4 101.5 121 137.5 152.4 166.3 172.2 172.3 175.5 180 183.7 188.9 193.2 196.6 196.7 196 193.7 191.1 187.5 184.5 184.7 183.3 186.8 188 189.7 187.6 187.5
172.6 175.6 178.7 181.2 183.9 185 185.8 184.6 183.5 182.5 181.7 180.3 177.9 177.2 176.5 176 176.7 176.4 175.1 173.9 172.9 170.1 168.6 163.1 161.9 157.8 151.2 148.5 143.9 138.7 131 123.9 115.9 105.6 88.8 70.4 58.1 33.5 13.2 6.2 3.6 2.6 2.9 3.2 3.8 2.3 3.8 8.4 17.1 35.6 52 67.5 88.3 107.9 129.2 149.1 169.2 187.7 193.3 192.8 189.5 190 193.8 198.7 202 203.4 203.6 202.4 199.6 196.9 192.8 190.8 190.5 191.3 194.4 196.6 197.3 195.5 194.1
177.8 180.8 183.1 185.1 187.7 188.3 188.2 187.2 185.9 184.6 182.9 180.9 180.4 179.6 178.6 177.6 177.3 176.3 174.9 173.4 170.9 168.2 165.7 161.7 156.7 153.8 150.6 151.4 140.9 131.4 123.9 118.4 106.6 96.8 81.2 65.5 54 24.7 8 4.4 3 2.6 2.3 2 1.9 3.2 6.8 12.8 27.5 40.8 55.7 71.1 88 108.9 133.9 158.1 175.4 189.8 203.3 212.7 207.5 203.7 205.9 208.9 211 210.6 210.8 210.1 206.8 203.3 199.6 196.9 196.4 198.6 201.3 204 204.6 203.6 201.8
183.3 185.6 187.4 190.1 194.1 195.8 192.5 189.4 187.5 185.7 183.9 183.3 182.3 181.2 180.4 179.6 178.1 176 174.5 172.1 169.1 165.2 163.3 160 157 154.8 146.7 142.7 138 131.8 123.4 113.2 101.1 94.3 74.4 64.9 46.3 16 3.9 2.6 2.7 2.9 3 2.3 2.7 5.5 9.9 27.2 35.5 45.8 61.1 77.2 92.8 109.7 129.5 150.4 171.2 186.3 200 211.5 216.7 218.9 220.6 222.1 222.1 220 218.3 217.1 216.1 209.6 206.9 202.8 203.3 205.9 208.5 209.8 209.7 209.6 208.9
189 191.3 193 195.9 199.9 202.6 194.6 190.5 188.7 186.8 186.2 185.3 184.1 182.9 182.1 180.7 179 176.3 173.4 169.1 166.8 165.3 160.5 158.3 151.7 148.7 145.2 138.2 130.8 124.3 117.9 109.7 97.8 82 66.7 57.5 36.1 9.5 2.5 2.7 2.8 2.7 3.5 2.4 4.1 5.2 12.8 30.2 36.7 50.8 67 81.4 96.4 114.3 132.1 149.6 165.1 183.4 200.9 212.4 216.6 223.6 229.5 229.1 228.5 226.8 223.4 220.9 218.4 212.1 210.3 209.1 210.3 212.8 214.4 215 214.8 214.7 213.8
195.5 197.7 199.1 201.3 202 202.4 195.9 192.6 190.1 188.3 188.8 187.3 185.9 184.6 183.5 181.5 179.7 177.5 174.1 170.7 168 164.1 160 156 152.7 149.5 143.7 134.1 128.4 122.2 113.9 100.5 84.2 72.9 65.2 55.5 24.8 6.6 2.5 2.8 2.9 2.8 3 1.7 4 8.4 19.4 27 38 52.3 70.4 88.5 101.2 119 135.3 156.7 176 186.2 200.7 210.2 214.4 223.6 230 233 233.2 231.5 227 224 220.2 216.8 217.1 214.7 213.7 218.6 219.9 220.1 219.9 219.7 219.6
203.5 205.6 205 204.5 206.6 205 197.9 195 192.1 191.3 190.9 189.5 188.1 186.5 184.8 182.8 180.6 177.9 174.7 170.5 166.7 163.4 159 155.7 151.7 148.1 141.2 130 122.9 122.9 121.1 93.7 79.7 64.5 56.1 36.8 15.8 5.7 2.9 2.9 3 2.9 2.8 2.1 4.6 12.2 25.4 38.7 45.3 57.2 75.6 92.8 107.2 122.6 138.7 160 172.4 185.1 195.7 207.2 222 229.2 235.2 239.2 238.7 235.3 230.8 226.8 223.3 222.6 222.7 221.8 218.5 223.5 225 225.3 225.1 225.6 226.7
209.6 210.6 209.2 208.4 208.4 204.7 199.4 196.5 193.7 193.3 192.4 191.5 189.9 188.3 186.8 184.1 181.8 178.2 173.9 170.8 166.6 162.4 158.3 154 149.7 145.5 137.8 126.5 118.9 126 120.9 94.1 68.2 58.6 43.6 24.9 7.6 3.1 3.3 2.9 2.6 2.4 2.5 4.4 7.2 18.9 37.4 49 61.9 73.2 83.5 96.4 111.7 128 144.1 162.8 180.9 189.4 199.6 212.3 226.3 241.2 243.9 245.4 241.8 238.1 235.1 230.7 228.5 227.6 226 224.6 223.8 229.3 229.5 230.2 230.7 232.6 234.4
213.7 215.6 213.7 211.3 210.4 207.2 202.4 198.5 196.3 195.9 195.5 195 193 190.6 189.1 186.5 183 179.2 174.7 170.1 166.4 162.2 158.5 154.1 149.8 145 132 123.6 113.9 113.7 106.5 82.1 59.8 50.1 34.7 14.1 4.7 3 3 3.1 2.5 2.5 4.1 6.9 15.3 28.4 42.5 54.6 70.4 85.6 96.6 103.9 115.3 132 146.6 163.4 181.3 194.5 205.2 217.4 233.6 252 249.7 247.3 242.3 241.3 239.1 235.8 234 231.2 229.4 225.9 230.5 233.8 235.2 235.7 237.2 242.9 246.7
219 220.2 219 214.7 213 207.7 204.8 200.9 200.6 200.1 199.7 199.1 197.6 195.5 193.1 189 185.5 180.8 175.9 171.4 166.7 162.3 158.6 155 150.7 142.2 133.1 125.4 114.8 101.4 85.8 68.9 54 41.6 24.5 5.5 2.6 2.5 2.3 2.3 3 2.9 5 8.7 19 34.1 49.9 63.5 79.1 93.8 105.6 116.5 127 137.3 150.9 169 186.4 200.8 211.3 224.6 239.2 248.1 247.1 244.9 243.2 242.9 242.1 241.4 239 235.9 232.4 231.2 235.5 237.8 240.1 242.4 246.7 254.1 257.3
223.4 222.4 221.4 218.4 214.5 210.8 207.1 205.7 205.1 204.3 203.9 203.3 201.7 200.2 196.5 192.7 188.1 183.2 178.2 172.9 168 163.7 158.5 153.1 146.8 137.3 130.9 119.7 110.8 97.6 67 60.8 46.7 33.6 12.4 3.2 2.4 2.3 2.1 1.9 2.5 2.3 3.4 10.5 26.6 42.3 60.1 74.2 88.6 102.6 115.3 127.6 139.4 150.8 159.7 171.3 190.5 204.5 215.6 229.9 243.4 243.8 242.3 244.1 244.5 244.2 243.8 243.5 241 237.2 234.1 238.3 240.8 243 245.8 250.4 256.9 262.4 264.8
228.2 226.3 224.1 221.4 217.5 212.8 210.5 210.3 209.6 208.8 208.2 207.5 205.9 204.1 201.3 196.7 190.5 185.2 180.6 175.6 170 165.6 161.4 159.1 149.5 136.2 128 117.1 104 84.2 54.8 49.5 40.6 25.1 6 2.5 2.3 2.2 2.3 2.9 3.2 2 4.9 7.9 26.1 49.9 64.6 79.1 95.4 110.9 127.1 141 153 164.8 176.3 183.4 191.1 204.2 215.4 227.1 237.1 239 242.6 245.2 246.1 245.5 244.9 243.9 241.6 238.9 239.7 243.8 246.3 248.6 252.9 257.5 263.2 268.5 272.6
232.4 230.4 228.2 225.9 223.1 218.6 216.1 215 214.1 213.3 212.6 211.6 209.8 208.3 205.5 199.2 193.2 187.6 183 179.8 171.9 167.8 165.3 159.7 146.5 136.9 127.6 113.1 98.5 80.5 65.6 38.9 31.3 18.4 5.6 3.2 2.5 2.4 2.6 2.8 2.4 1.9 4.5 11.6 27.5 49.7 75.3 92.2 107 120.5 135.4 152.9 165.1 178 189.5 194.5 196.9 200.3 207.4 220.9 229.6 239.6 241.8 243.9 245.9 246.2 245.5 245.1 243.2 242.7 245.4 248.9 251.1 253.3 258.2 264.3 269.6 274.8 279.7
235.6 233.1 230.2 227.9 226.3 222.8 222.4 222.1 221.1 219.9 218.8 217.8 214.9 213.3 209.2 202.5 195.9 191 188.6 183.3 175 171.2 169.5 158 145.4 136.1 124.9 111.8 96.2 79.5 64.9 40.1 18.7 15.9 5.8 3.7 3.1 2.6 2.3 2.7 2.1 3 6.9 17.8 37.4 50.7 78.2 100.1 119.4 130.8 141.4 155.9 172.1 188.8 200.2 204.8 206.2 208.3 212.2 219.6 232.3 239.1 236 235.5 242.1 247.3 247.1 246.4 244.6 247.9 250.9 254.2 256.5 259.9 265 270.7 275.6 280.6 285.7
240.2 235.5 232.8 231.3 229.4 227.7 228 227.7 227.3 226.2 225.1 224 222.9 218.9 212.6 205.9 199.1 194.9 194.3 184.5 178.6 175.3 167.2 157.2 143.5 134.2 122.1 109.1 93.7 77.6 57.7 39.7 21.2 11.1 5.6 3.5 3 2.4 2.3 2.6 2.6 5 8.8 21.2 40.2 55.7 75.3 101.1 120.9 136 145 157.6 175.6 194.9 211.5 215.1 213.2 213 220.4 229.9 234.8 242.1 245.4 247.5 245.1 249.9 249.5 247.2 248.4 251.9 255.2 259.1 263.1 266.7 271.5 277 281.6 286.4 289.5
238.1 235.3 233.6 234.9 233.7 232.4 233 232.8 232.2 231.1 230.1 229 227 222.9 216.6 209.3 203.2 199.6 197.3 187.4 183.7 178.3 167.7 155.3 142.4 132.6 119.4 106.7 92.1 74.1 53.1 35.2 19.9 9.1 4.7 3 2.6 2.2 2.4 2.5 2.5 5 9.8 25.3 44.3 62.8 80.6 99.7 119.4 136.8 144.4 158.1 176.5 196 215.4 222.2 215.4 217.2 226.5 235.9 243.9 250.6 252.7 250.4 248.3 251.2 250 249.3 253 256.8 260.2 263.8 268 272.4 276.7 281 286.1 290.9 293.9
234.5 235.3 235.2 237.3 237.9 237.3 237.9 237.8 237 236 235 233.9 231.1 226.7 220.6 213.8 208.1 203.7 197.8 191.1 187 177.6 166.4 153.5 141.6 130.7 117.2 104 88.2 69.3 49.2 31.9 17.6 9.4 6.6 3.8 2.4 2.3 2.5 2.5 3 5.5 12 28 46.1 64.2 81.9 97.1 114 128 138.4 153.9 170.9 186.7 207 210.7 209 219.8 231.6 242.1 251.1 256.2 255.9 252.4 249.3 253.1 252.4 253.7 257.7 261.7 264.9 267.6 271.8 276.5 280.2 284.9 289.8 294.2 297.3
232.1 234.8 236.9 239.6 240.3 241.9 242.6 242.6 241.8 240.8 239.8 238.2 235.3 230.7 225.1 218.9 212.9 209.1 202.8 195.9 190.5 177.9 165.4 152.1 140.3 129.8 115.9 102 86.7 66.7 47.6 30.8 16.1 8.5 7 4.8 2.7 2.4 2.6 1.6 3.6 7.2 11.3 28.3 45.6 63.2 77 90.7 105.1 118.3 132.6 149.5 164.1 179.9 194.1 196.6 211 225.7 237.2 249.1 257.5 259.3 257.5 254.9 252.2 253.5 255.3 258.6 262.4 265.8 268.7 271.4 275.4 279.3 283.1 288.1 293.1 297.2 300.7
232.1 235.2 238.6 241.5 243.5 245.1 246.6 246.8 246.5 245.7 244.7 242.5 239.5 235.6 229.4 223.5 217.7 215.9 204.9 202.3 188.2 177.1 163.9 149.1 140.9 131.2 117.5 103 85 63.9 46.4 28.4 14.7 7.9 7.2 5.7 3.9 2.5 1.8 1.1 3.3 7.8 19.8 33.4 50.4 66.7 84.8 98 108.5 120.5 136.2 151.4 167 184.7 192.9 203.3 218.8 234.2 247 256.1 261.3 262.6 260.2 255.1 254.6 257.5 260.3 263.2 266.4 269.3 271.2 274.4 278.2 281.5 286.2 291.1 297.9 301.9 302.8
233 237.8 242.3 244.9 247.1 248.6 250.1 251.2 250.7 250.2 249.3 246.6 243.6 240.5 234.2 226.8 221.9 219.4 206.6 198.3 187.3 175.2 162.7 150.7 141.9 131.7 118.2 100.7 84.7 65.9 46.6 25.6 13.4 8.2 5 2.6 2.2 2.4 1.4 1.7 5.4 16.6 31.7 42.2 55 70.5 85.1 98.8 112.6 123.4 137.1 158.1 176 190.1 203 215.8 229.6 243.1 255.2 262.2 264.4 264.4 260.2 255.7 257.7 261.9 264.8 267.8 270.7 272.9 274.8 277.8 281.4 286.6 291 294.9 301.8 305.1 304.3
234.7 240.7 245.1 249 251.2 252.5 255.3 255.4 254.8 254.2 252.7 250.3 247.6 244.4 243.9 231.7 221 214 207.1 198.4 187 174.4 161.6 151.6 142.4 137 123 102.8 84.5 67.2 48 27 12.5 5.8 2.7 1.9 1.8 2.3 0.7 3.4 9.7 24.4 39.5 50.9 63.4 75.8 91.7 106.9 122.1 129.7 142.7 166.4 184 200 214.4 227 241.8 254.6 263.5 266.7 266.4 264.5 259.7 260.1 261.3 265.4 269 271.6 272.4 275.6 278.9 281.3 285.9 290.2 293.9 298.1 302.7 304.2 304.4
238.3 245 251 256.3 257 258.3 260.5 259.6 258.9 258.1 256.1 253.4 250.9 249.6 249.9 229 223 216 208.4 196.5 186.4 174.3 163.1 153.4 150.2 141.4 128.3 109.4 87.4 66.8 47.3 28.4 13 4.7 2.2 -1.4 -1.4 -1.4 2.8 5.2 14.3 30.4 44.3 57.4 69.1 80.7 97.4 115.5 131.6 138.7 150.8 168.5 191.5 210.1 224.9 238.7 253.4 264.9 268.7 270.4 268.5 264.5 263.2 265.7 269.3 268.3 271.8 273.3 274.4 277.5 281.5 284.8 290 294.3 296.2 300.2 303.4 304.3 304.1
243.6 251.3 260.8 262 265.1 266.2 264.8 263.9 263.3 263 258.3 256.5 253.7 250.2 242.7 228.7 222.7 215 207.2 195.4 185.5 174.8 164 160.3 154.7 143.9 129.7 113.1 90.3 68.9 46.9 25.8 10.5 -1.4 -1.4 -1.4 -1.4 -1.4 3.2 6.3 19.1 36.3 52.1 62.5 74.9 88.5 101.8 117.5 132.3 140.5 152.9 172.1 200.7 218.5 233.4 248.2 262.2 269.2 272.5 272.6 270 266.5 268.3 270.8 273.1 265.4 274.6 275.4 276.4 279.3 283.3 287.1 292.1 295.4 298.2 301.1 303.5 304.6 304.5
250 256.3 263.7 269 270.5 269.6 269.9 269.5 268.9 269.6 261.3 255.1 251.5 245.3 236.9 229.1 222.7 214.1 205.8 195 186.1 176.9 167.5 164.6 157.4 146 133.3 110.2 90.3 63.9 42.7 21.8 6.7 -1.4 -1.4 -1.4 -1.4 -1.4 3.9 11.3 24.2 41.3 57 69.4 80.4 92.9 106.9 120.3 135.3 147.1 161.4 180.8 205.5 230.5 244.7 257.5 267.6 272.6 275.7 274.4 271.7 271.1 273.2 275.9 276.1 275.1 276.1 276.9 278 281.5 285.5 289 292.6 296.8 300.9 303.3 305.4 306 305.3
254.1 259.8 267.1 272.7 273.1 273.5 275.6 277.4 278 276.4 262.6 254.7 251.6 245.9 236.7 228.8 223.1 215.2 207.2 197.1 188.1 178.8 174.2 168.3 160 157.3 135.3 104 82.5 60 37.3 15.2 -1.4 -1.4 -1.4 -1.4 -1.4 -1.4 5 18 33 50.7 65.2 77.5 87.6 98.2 111.7 125.9 141.1 154.7 171.8 190.5 206.8 227.8 249.9 262.5 270.1 274.8 277.5 277.5 275.6 276.5 278.3 279.5 279.2 277.5 279.3 280.7 281.7 283.7 288.4 291.2 295.6 299.2 303.1 306.3 307.6 307.7 305.6
260.3 266 270 273.3 276.7 281 285.1 284.5 282.6 270.1 259.4 256.6 253.3 246.3 237.2 230.3 223.5 216.4 208.8 198.4 188.9 186.6 178.7 173.4 171.8 155.8 128.1 99.1 70.3 49.9 32.1 14.5 -1.4 -1.4 -1.4 -1.4 -1.4 -1.4 10.1 22.6 35.9 55.5 69.6 82.6 93.1 107.8 119.9 133.2 148 165.1 181.8 198.2 210.1 234.1 254.6 266.9 273 277.4 280.3 281 280.7 282.9 283.4 282.8 281.9 279.7 281.4 284.3 286.1 288.4 292.1 294.7 298.8 302.6 305 306.4 308.3 306.9 305.4
264 264 272.4 278.1 280.7 284.4 285.9 279.5 273.6 266.8 262.9 264.3 251.7 244.3 238.2 231.6 224.8 218.6 211 199.4 200.1 192.4 183.5 183.6 168.2 140.6 113.7 88.3 60.4 44.2 28.9 8.8 -1.4 -1.4 -1.4 -1.4 -1.4 -1.4 12 24.7 42.5 59.8 71.4 85.5 99.4 115.5 127.2 138.3 155.8 173 189.1 204.2 220.3 244.7 259.3 268.5 274.4 280.1 283.3 284.2 287.5 288.8 288 286.9 284.5 280.3 283.5 286.6 289.8 292.6 294.9 298.5 302.4 304.7 306.4 308 308 306.8 304.7
259.9 266.9 276.8 280 283.6 283.4 277.7 272.8 269.9 264.9 263.7 259.3 250.4 244.8 238.7 232.4 225.8 218.7 212.6 212.9 210.7 199.6 186.9 179.5 154.9 124.3 100.2 78 58.8 45.6 28.2 -1.4 -1.4 -1.4 -1.4 -1.4 -1.4 -1.4 15.9 31.1 50.9 67.4 80.2 94.9 105.7 119.4 127.7 139.5 156.3 174.1 194.2 210.8 228.8 250.5 261.6 268.8 276 282.9 285.6 288.1 291 291.8 290.8 289.6 287 282 286.1 289.2 292.2 295.3 298.5 302 305.8 307.8 309 309.7 309.5 307.1 303.9
256.7 266.9 274.7 277.1 278.5 273.8 269.8 269.7 267.1 263.8 261.6 255.8 249.6 243.2 237.1 232 228.8 222.8 221.1 226.1 216.7 196 184 165.8 138.7 109.4 87.4 69.8 51.4 39.3 17.4 -1.4 -1.4 -1.4 -1.4 -1.4 -1.4 -1.4 16.8 35.9 55.9 73.7 87.9 102.7 114.9 126.2 131.4 151.8 161.5 174.7 190.3 207.8 239.8 247 261.2 271.6 281.6 287.4 291.9 294.9 296 297.4 294.3 291.4 285.5 284.6 289.4 292.5 295.5 298.7 301.9 305.3 309.2 310.6 311.7 312.5 311.7 308.1 309.1
253.7 256.9 264.1 266.9 266 266.3 266.8 267.2 265.2 262.8 259.4 254.5 249.7 246.5 245.2 234.8 230.4 225.8 232.3 224.4 208.1 192.7 177.9 150.7 123.1 95.2 71.6 51.9 36.5 24 -1.4 -1.4 -1.4 -1.4 -1.4 -1.4 -1.4 -1.4 27.1 39.3 59.1 77.8 94 109.3 121.6 134.4 142.9 155.8 170.4 184.7 197.6 209.9 225.4 250.2 266.3 279.5 288.3 295.2 299.8 301.3 303.2 301.3 299.4 294.1 290 290.9 293 295.9 298.8 302 305.4 309.3 312.9 313.4 314.6 313.9 311.7 310.1 314.6
