UK/data/so/so32_OST50GRID_20230518/SO32.asc
ncols 200
nrows 200
xllcorner 330000
yllcorner 220000
cellsize 50
[rows 0 to 34 of 200, columns 79 to 157 of 200]
217.3 218.7 219.2 220.1 221.2 222.1 222.9 222.5 220.3 217.7 214.9 212.5 209.5 206.7 203.2 200.6 197.4 194.8 191.6 189.4 187.3 185.2 182.5 179 174.1 170.2 167 164.1 161.4 158.2 154.6 146.6 141.7 139.1 139.3 140.4 142.3 145 146.9 149.1 148.8 146.2 141.6 136.6 126.4 116.9 110.4 106.4 104.2 100.9 100.5 107.9 117.7 126.2 134 139.9 142.3 144.8 141.1 139 136.1 131.3 123.2 117.3 125.5 135 147.6 156.8 162.9 167.3 170.7 171.5 171.3 170 169.6 168 166.9 165 163.9
211.7 215.4 219.2 220 221.1 221.8 222.4 223.4 221.9 218 214.5 211.7 207.9 204.9 200.5 197.3 193.4 190.5 188.2 186.2 184.5 182.5 177.9 174.2 164.9 160.7 158.1 154.2 153.2 151.5 149.7 145.4 145.7 150.5 152.5 154.6 156.4 157.8 156.5 153.6 150.1 144.6 138.1 124.6 123.6 122.1 115.7 110.8 105.4 100.9 100.3 100.5 106.1 110.7 118.5 125.4 127.9 129.5 127.5 126.7 125.2 122.5 115.9 111.3 120.6 129.9 143.4 150.4 156.4 160.9 163.7 164.3 164.7 162.7 161.6 160 156.6 154.6 150.8
208.1 214.1 219 219.8 220.3 221 222 223.6 221.8 217.9 214 210.2 206.4 202.1 198.1 192.1 187 188.1 185.4 180.9 179.1 175.9 170.8 165.9 166.3 166.4 165 163.8 162.2 159.3 155.3 149.1 153.3 158.9 162.2 163 163.8 162.4 159 154.5 148.8 141.1 140.5 139.1 136.8 134.7 129.8 119 108.4 101.9 98 96.3 100 102.1 106.5 114.5 118 119 119.9 119.8 118.4 114.9 109.6 107.7 116.6 124.9 130.7 138.4 142.9 150.9 154.3 153.9 152.2 151 147 143.4 141.4 139.6 139.3
206.8 213 217.5 219.9 220.9 220.8 222.4 223.9 221.9 217.8 213.9 210.3 206.2 201.6 199.1 196.2 193.3 190.6 188.2 186.2 185.1 182.4 174.2 175 176.4 176.3 175.9 174.1 171.1 166.1 157.9 149.1 158.3 165.5 170.1 169.7 167.7 164.1 159.9 154.5 149 149.3 148.9 147.7 147.2 146.1 140.3 129.4 116.1 107.2 101.6 99.1 97.3 98.8 99.2 101.7 104.8 106.8 108.4 109.4 109.1 106.7 104.1 103.8 113.4 119.1 123.6 128.1 131.7 135.1 137.5 138 136.6 136.7 136 133.9 132.5 131.8 132.3
204.3 209.7 215.1 219.1 221.6 220.9 222.2 223.7 222.1 218.5 214.5 211.6 208 205.4 202.5 199.3 196.6 193.5 191.1 189.3 186.8 184.2 177.4 181.9 182.8 182.9 180.9 178.5 174.8 168.6 158.6 153.7 164.2 172 175.5 173.3 169.5 164.8 159.9 155.5 156.2 156.5 156.3 155.9 155.5 153.4 148.8 141.6 126.9 113.4 105.3 99.6 96.7 97.9 97.4 97.3 97.2 96.7 98.5 98.8 100.5 100.1 98.9 101.5 107.5 111.9 115.5 118.8 123.1 125.5 126.7 126.7 126 127.4 126.4 125.1 123 121.5 125.6
201.7 207.8 212.8 216.8 219.2 220.4 221.4 223.3 222.7 219.4 216 213.3 211.2 208.4 205.4 202.6 198.2 195.9 192.5 189.5 186.6 182.4 183.6 185.4 185.9 185.5 184.3 181.5 177.4 170.1 159.4 161.1 170.3 177.1 179.6 175.4 170.2 164.2 161.3 161.8 162.2 163.9 165.5 165 163.5 159.3 155.2 147.8 137.4 122.1 111.4 104.3 94.6 97.1 95.8 95.5 95 94.4 94.7 94.9 95.5 95.4 96.7 97.9 102.1 104.7 107.5 111 115.6 117 119.1 118.2 117.9 116.7 116.9 117 112.2 113.7 121.1
203.7 206.3 210.2 215 217.9 220.8 222.3 223.5 222.6 221.1 217.9 215.5 213.1 210.6 207.3 203.8 199.4 194.2 188.6 187 184.3 184.8 186.9 188.3 188.1 187.7 185.9 183.2 178.3 168.6 156.7 167.9 176.6 182.5 182.1 176.9 171.1 165.6 165.9 167.4 169.6 172 173.5 174 172.5 168.9 163.4 156.1 145.9 133.5 118.5 110.7 105 98.5 97.9 97 96.6 95.7 94.8 93.6 91.8 92.9 92.9 94.5 95.9 97.5 99.4 104.4 107.1 109 110.6 109.4 109.5 108.7 108.4 108.6 105.8 113.1 114.8
209.5 211.1 212.7 215.6 218.4 222.7 223.2 223.8 226.1 222.2 220.4 217.9 214.6 211.7 207.8 202.5 199.7 197.6 193.9 189.6 188.2 189.2 190.6 190.9 190.7 189.2 187.2 183.6 177 166.5 166.2 176.7 182.6 186.5 183.9 178.7 173.1 171.3 172.7 175.4 179.3 182.6 182.7 181.5 179.4 175.7 169.8 163.4 155.3 145.3 131.7 118.2 111.2 106.7 103.1 100.6 97.8 96.6 95.8 95.2 94.1 92.9 92.8 91.5 92.8 93.1 93.5 95 97.3 100.5 102.6 103.2 103.2 102.8 102 102.2 102.7 105.8 107.2
215.1 216.4 217 216.8 220.2 222.8 223.8 224.4 224.8 224.4 221.4 217.9 213.6 212 209.8 206.9 203.4 199.6 195.7 192.9 191.6 192.6 193.8 193.4 192.2 190.8 188.2 183.8 174 165.8 176.3 184.3 187.9 188.6 185.9 180.6 177.8 179.8 182.1 186 190.8 192.5 191.3 189.3 185.2 181 176.1 169.2 162.6 156.1 146.7 137.4 119.8 115.2 108.4 104.9 101.5 98.3 96.9 95.8 95.5 93.6 92.3 91.9 88.2 91.3 91.5 91.5 91.7 96.3 97.1 98.7 99 99.3 97.8 99.4 98.1 101.9 101.9
219.8 220.8 221.1 221.7 222.7 223.5 224.9 225.8 225 224.2 221.6 219.4 217.1 214.8 212.7 209 204.9 201.1 198.7 197.6 196.8 195.9 196.2 196 194.6 192 188.6 183.3 170.9 175.5 183 186.7 188.4 189.9 187.7 184.4 185.3 187 190.1 193.3 195.3 197.1 196.3 193.5 189.6 185.4 180 175.2 169.7 163.6 158.4 151.4 143.1 129.5 118.2 112.1 107.6 103.3 101.2 97.2 96.8 95.5 94.2 91.7 89.3 89.8 90.5 90.7 90.2 90.3 93.8 95.4 91.8 92.3 93.4 95.5 92.2 95.4 94
224.4 225 225.4 225.9 225.8 227 227.4 227.4 227 226.3 224.6 223 220.6 219.6 216.1 211.9 207.5 205.7 203.9 201.8 199.9 199.3 198 197.4 195.6 192.3 188.7 180.9 175.1 183.2 187.6 190 190 190.8 189.9 188.2 189.3 191.8 194.6 196.6 198 198.4 197.8 195.5 192.4 187.9 182.8 178.4 174.1 169.5 165.2 161 155.2 146.5 135.7 127.1 119.3 110.5 102.7 98.7 96.6 96.5 94.4 94.9 95.4 94.3 89.1 90 89.4 89.5 89 89.1 88.6 88.3 88.7 88 88.3 83.8 87.2
227.7 229.1 229.6 230.1 230.3 230.2 230.4 229.8 229.4 228.9 228 227 224.5 222.4 218.5 215.9 213.5 211.1 207.8 206.1 204.1 202.1 199.9 198.3 196.2 192.4 187.3 179.2 181.3 186.9 191.1 192.7 192.7 192.2 191.8 191.5 191.9 193.2 195.5 196.5 197.7 198.2 198.2 194.7 193 187.9 183 179.2 175.2 173 167 164.1 160.6 155.6 144.3 132.2 119.7 107.2 102.5 100.7 100.3 99.1 99.2 100.3 100.3 98.5 97.4 96 93.7 90.2 88.1 87.5 85 86.2 86.4 86.6 83.8 86 84.9
230.2 231.9 232.8 233.6 233.3 233.8 233.4 233.5 232.9 232.5 232.3 231.2 230.3 227 223.2 221.4 218.7 215.8 212.8 209.1 207 204.8 202.1 199.2 196 191.8 184.4 180.4 185 190.1 194.6 195.6 195 194.3 193.8 193.6 193.7 194.5 195.4 196.1 196 197.2 196 193.6 190.1 185.5 182 178.2 174.6 171.5 166.6 163.3 160.3 154.3 141.7 127.7 114.6 106.4 103 103.9 107.7 108.5 108.6 107.6 105.6 102.6 100.7 99.4 98.9 97.7 96.5 95.3 93.5 92.7 92.4 89.8 88.6 87.4 85.5
232.1 233.9 235.1 235.9 236.1 236.4 236.3 236.2 236.3 235.6 234.9 234.7 233.2 231.5 228.4 225.8 223.1 218.3 215.5 211.5 207.9 204.7 200.5 196.7 193.5 188.4 179 185.5 188.6 192.9 196.9 198.1 198.4 197 196.8 196.9 196.5 195.4 192.6 192.9 194.6 195.4 194 191.4 187.1 183 179.5 175.7 172.1 167.8 163.5 161 156.6 148.2 134 121.3 110.9 105 108.4 112.5 115.3 117.8 119.3 119.2 114.9 108.7 105.5 103.7 102 101.4 100.2 99.5 97.6 97 96.6 95.2 92.4 89.7 87.7
232.8 234.9 237.2 238.3 238.8 239.3 239.8 240.3 239.6 239 238.9 238.4 237.4 236.1 233.3 229.7 225.5 221.3 214.9 212.1 207.4 202.9 198.6 194.4 190.4 188.3 190.4 192.2 193.3 196.4 199.1 199.6 199.1 198.8 198.8 199.2 197.2 195.9 194.4 193.2 193.4 192.6 190.1 187 182.8 179.5 176.3 173 168.7 163.5 160.2 156.9 152.1 141.5 128.4 116.1 107.7 112.3 117.1 122.5 127.6 133.8 137.1 134.2 127.1 118.5 112.5 109.4 107 106.3 105.3 104.3 103.1 102.2 101.2 100.3 99.6 97.6 94.9
234.2 236.4 239.1 241.6 242.9 243.9 244.8 245.1 245.3 244.9 244.9 243.4 241.9 239.9 237.2 232.8 228.5 222.9 218.7 214.5 210.9 207 202.3 196.7 192.5 196.8 197.9 198.3 198.2 199 199.5 199 198.4 197.7 196.9 195.5 195.1 194.6 192.4 191.6 190.1 188.5 185.3 182.6 177.7 174.6 172.1 167.5 163.6 159.6 156.7 151.4 143.7 134.1 122.9 116 116.7 119.5 125.4 134.3 144.1 153.4 156.1 153.9 144.8 132.9 123.8 117.9 113.8 112.5 111.2 110.3 109.4 108.4 107.7 106.7 106 105.1 103.6
234.3 238.4 241.5 245.8 247.7 249 250.1 250.7 251.3 251 250.8 249.3 246.8 244.2 240.5 236.3 232 228 222.4 218.1 214.6 210.4 205.9 198.2 197.8 203.2 203.5 203.2 201.9 200.7 199.7 197.9 197 194.3 192.7 191.7 190.8 190.8 189.8 187.9 185.8 182.8 179.2 175.1 171.8 168.5 165.9 160.9 157.6 154.9 150.1 142.9 134.8 124.3 123.7 128.6 130.4 131.4 138.8 149.6 158.2 165.3 165.8 163.8 159.2 155.2 141.7 134.3 129.6 124.7 122.5 118.3 117.5 114.9 113.8 113.9 114.4 114.1 113.3
236.3 240.9 245.4 248.7 251.7 253.3 254.6 255.6 256.3 256.9 257.1 255.6 253.2 248.5 244.5 240.1 235.1 230.4 226.1 221.3 216.5 212.3 206.9 197.6 205 206.4 206.8 206.5 205.8 203.3 199.9 197.1 194.5 191.1 190 188.5 187.8 187.5 186 183.9 179.8 176.6 172.1 168.3 163.9 159.4 155.3 153.5 150.6 144.5 139.1 132.5 125.5 131 138.3 142.6 146.1 148.8 154.9 161 167.8 170.8 172.1 171.8 169.8 167.6 163.3 158 151.2 141.8 137.3 133.3 130.6 128.2 126.4 126 125.8 125.5 124.9
240.9 244.7 249.2 253.7 255.8 258.3 259.9 261.3 262 262.2 262.4 261.4 259 255.9 250.2 244.9 239.7 234.3 229 222.8 217.3 212.3 205.5 202.8 205.7 208.5 208.1 207.1 205.8 204.2 200.6 196.3 192.4 188.9 186.7 185.6 185 183.6 179.6 175.4 171.6 167.2 163 156.6 153.4 148.1 142.3 137.2 133.3 130 128.5 129 134.7 141.6 146.1 152.2 155.9 158.5 162.3 167.1 172 177.1 179.4 179.1 178 176.8 176 176.7 175.4 169 162.2 155.8 150.2 147.4 145.2 143.7 143.2 143.5 142.9
245.2 250.2 254.2 258.1 261.1 262.8 264.9 267 268.3 268.6 268.5 266.5 264.6 261.8 257 251.4 245.4 237.9 231.6 224.1 217 211.2 208.2 210.4 211.1 210.3 208.5 206 205 202.2 197.9 193 189.7 186.9 183.9 181.5 178.8 175.6 171.8 163.5 158.6 158 158.9 156.2 154.8 153.2 150.8 149.5 147.1 143.7 135.8 136.1 144 150.6 155.8 161.4 163.4 165.4 168.8 173.2 179.5 183.4 185.7 186.5 185.4 184.7 185.2 186.1 184.9 184.7 181.7 174 172.5 170.8 167.7 164.1 160.8 157.3 153.7
251.4 255.4 259.6 262.9 265.6 268 270.5 272.5 273.8 275 274.6 273.2 271.2 268.2 263.6 257.1 248.9 239.9 230.3 222.1 216.4 213.4 213.4 214.3 212 212 209.9 207.6 205.1 200.6 196.6 193 190.6 187.3 183.2 179.2 174.1 176.1 174.7 173.8 172.3 170.6 170.8 170.7 169 166.7 164.8 162.2 159.3 153.8 141.7 141.7 153.1 158.5 162.3 166.5 170.3 172.2 176.7 180.3 183.9 186.7 189.1 190.1 190.1 191.3 191.6 190.9 190 188.1 185.3 180.3 177.1 174.1 170.2 165.2 160.3 155.2 151.3
256.5 260.8 265.3 268.8 272.8 274.1 277.3 279.8 281.8 283.3 282.3 280.6 277.8 274 269.8 262.7 252.4 241 230.4 224.7 221 219 218.2 216.8 216.1 214.4 211.6 207.5 206.2 203.3 201.4 197.3 193 188.5 184.1 182.2 184.5 184.7 183.8 183.9 182.4 180.8 180.7 180.8 179.4 176.8 174 170.2 165.8 160 146.8 146.1 157 161.9 167.9 172.7 176.9 179.5 181.9 184.3 188.1 189.9 192.4 193.5 194.8 195.6 196 194.3 192.4 190.6 187.8 183.8 179.2 175.1 170.8 166.5 159.2 153.7 146.7
262.1 267.6 272.2 276.2 279.7 282.2 286.5 289.9 291.9 292.2 290.4 288.4 285.1 280.7 275.9 269 258.4 246.5 237.4 231.5 228.5 226.6 225.1 221.9 218.8 215.9 213 210.3 207 205.8 202.3 198.7 193 188.2 185.4 189 190.3 189.6 189.1 188.7 188 187 187.7 186.2 183.4 180.4 176.8 173.1 168.4 162.4 149.5 151.5 158.3 164.9 172 178.2 180.9 182.8 186.5 189.2 191.3 194.3 196.5 197.8 199.1 200.1 199.3 197.2 194 191.9 188.8 185.7 180.7 176.8 172.7 167.5 162.5 155.5 147.2
268.1 275.3 280.2 285.3 288.8 292.3 296.3 298.6 299 298.9 297.7 295.8 292.6 287.7 281.5 275 265 256.2 247.9 241.7 236.9 233.4 229.6 225.5 221.5 217.5 214.5 211.9 208.1 204.9 201.5 196.4 190.9 189.4 189.8 192.5 193.9 193.2 193.2 192.9 191.4 189.6 190.1 188.9 186.1 182.7 179 174.9 169.4 159.5 149.7 156.2 162.1 167.2 174.2 180.5 185 188.5 190.2 193.1 196.1 198.2 199.9 201.3 201.7 201.1 199.9 197.5 194.2 191.9 189.8 186.5 181.9 177.3 173.2 167.2 163.1 156.9 148.4
270.6 278.2 286 293.4 298.1 301.1 303.7 305.5 305.6 304.5 303.6 301.5 297.7 293.4 286.9 280.6 272.9 266.1 259.2 250.7 244.3 238.4 232.6 227.7 223.8 218.4 214.9 211.5 207.4 203.5 198.4 191.5 194.3 195.3 195.2 195.8 197.7 198.7 198.3 197.2 194.4 191.4 190.8 189 187.3 183.6 180.2 175.3 167.7 157.7 156.2 162.8 167.9 172.6 176.7 182.5 188.5 191.5 194.9 197.3 199.4 201.5 202.6 203.1 202 200.5 199.1 196.3 193.7 191.3 189.8 186.2 180.8 176.6 172.7 168.2 163.4 156.6 149.5
271.1 279.2 288.3 297.9 304.3 306.8 308.7 310 311.5 311.1 308.7 306.1 302.8 298.4 292.1 286 279.2 272.6 265.4 257.2 248.1 240.5 234.4 228.8 224.3 219 214 209.7 204.6 199.4 199.6 200.5 200.2 201.2 201.9 199.6 201.7 202.3 202 199.9 195.4 192.1 190.1 188.5 186.8 183.8 179.8 173.9 164 160.6 164.2 168.6 174.8 179.7 181 186.6 190.5 195.6 198 199.6 201.5 201.8 202.1 200.8 199.6 198.6 197.6 194.6 191.8 189.8 187.4 183.6 178.3 174.7 171.2 167.4 162 156.3 148.4
273.6 281.9 289.7 300.3 307.4 309 311.8 315 318.4 317.7 313.8 309.8 305.8 301.6 295.5 289.8 283.5 276.5 269 260.3 250.6 242.5 235.4 229.1 224.3 218.3 212.9 207.5 205.6 205.2 205.1 205.3 205.7 205.7 205.3 203.2 204.3 204.9 203.5 200.1 196 191.9 189.2 187.2 184.5 181.9 176.4 168.4 167.8 168.9 171.4 177.4 182 186.1 188.4 191.3 194.4 198.1 200.4 201.2 202.3 202.3 202 199.8 196.7 195.6 194.1 190.4 189.1 188.1 185.2 180 175.5 172.4 168.2 165.1 158.8 151.1 144
278.3 285.6 294.3 304.3 310.1 313.3 316.2 319.8 323.5 322.5 317.6 313 308.2 303.6 298.2 292.4 285.7 278.4 270.7 260.3 249.1 239.3 233.1 227.4 223.5 216.3 212.3 210.9 210.9 210.2 209.5 208.6 207.9 207.1 207 206.4 207.1 206.7 203.9 199.9 195 191 188.9 186.2 179.6 175.3 175.5 176.1 177.4 178.7 180.1 183.8 188.2 193 194.5 196.1 197.8 200 201.3 201.7 201.8 200.9 199.1 196.5 194.6 192.1 188.9 186.8 185.2 183.7 179.9 175 172.4 168.8 164.8 159.1 150.9 144.5 137
285.2 293 301.9 308.8 313.7 317.8 319.4 322.4 323.8 323.2 319.5 315.1 309.9 305 299.9 293.7 286.8 280.1 271.4 261.6 250.3 239.4 231.5 226 221.9 217.5 215.3 214 213.8 210.2 211.1 211.1 210.3 208.8 207.7 207.7 208.5 207.9 204.7 200.1 194.5 191.1 187.6 185.5 183.5 181.3 181.6 184.4 184.9 186 187.5 189.7 194.3 196.6 199.1 199.2 200.1 200.9 201.4 201.4 200 198.6 194.9 192.6 190.1 186.9 185.3 182.7 179.9 176.5 173.3 170.4 167.5 163.1 157.5 150.7 143.2 135.8 129.4
294.8 302.6 308.9 313.9 316.6 318.4 320.5 323.7 324.2 323.6 320.6 316.4 311.4 306.1 300.8 294.8 287.6 281 271.7 261.8 250.1 240.9 233.6 228.2 225.5 221.6 219 215.7 213.8 210.3 210.9 210.9 211.1 208.8 207.8 208.1 209.2 209.4 207.6 202.3 195.7 191.7 190 189 188.8 188.2 188.6 190.2 191.6 193 194.2 196.1 197.4 200.1 201.8 200.5 200.8 201.4 200.9 199.2 197 194 190.5 187.3 185.2 183.6 181.7 177.8 173.7 170.1 168.3 165.5 159.9 155.2 145.9 140.6 133.6 127.2 121
302.7 310.7 314 316.6 319.2 320.6 322.7 323.3 323.9 323.7 321.8 317.3 312.1 306.8 301.4 295 288 281.1 273 264.2 253.4 245.5 237.1 230.6 228.2 224.8 219.6 215.4 212.5 210.8 210.1 210.2 209.8 208.3 207.7 208.9 210.7 211.7 210 205.6 200.7 197.5 194.9 192.8 192.3 191.8 192.7 194.7 195.8 195.1 197.4 199.2 200.7 201.5 201.6 201.3 201.3 200.9 198.8 196.6 193.6 189.9 186.3 183.8 181.3 178.9 175.8 171.5 169.4 165.8 161 156.4 151.5 144.2 134.8 127.5 124.1 120.3 115.1
308.3 313.4 316.5 319 320.8 321.8 323.4 323.8 323.5 323.7 321.9 317.7 312.6 306.7 301 294.7 287.2 280.3 272.7 263 254.5 244.5 238.3 232.1 228.4 225.4 219.1 214.8 212.4 210.3 209 209.1 209.1 208 207.5 208.6 211.7 212.1 211 208.8 204.7 200.9 199.7 197.4 196.6 195.9 195.9 197.6 199.4 200.7 202.5 203.6 203.5 204 202.7 201.5 200.8 199.7 196.4 193.4 189.6 185.5 182.8 179.8 176.9 174 169.8 166.2 163 157.3 151.6 145.3 138.1 132 124.5 119.3 117 112.7 107.2
310.5 313.8 317.6 319.2 320.7 321.9 322.7 322.7 322.6 322.4 321.2 317.5 311.8 306.4 300 293.1 285.6 278.7 269.6 261.5 252.8 244 235.9 229.9 226.1 223.4 218.1 213.5 211.2 209.6 208 208.6 209.2 208.4 207.7 208.1 210.3 211 210.8 210.8 208.7 205.9 203.8 202.1 201.1 200 200.5 202 204.1 205.7 207 207.3 206.3 205 202.9 201 199.8 197.2 194.6 191 186.8 182.8 179 175.7 172 168.5 164.6 159.8 153.2 148.9 140.8 131.3 124.9 119.1 116 113.1 109.2 105.5 101.5
309.7 312.7 316.9 318.1 319.5 320.7 321.4 322.1 321.7 321.7 319.4 315.8 309.8 304.1 297.6 289.8 282.4 274.9 266 257 248.4 240.8 233.9 228.8 224.3 218.3 214.4 212 208.7 208.3 206.4 207 208.2 208 206.4 207.1 208.7 209.3 210 210.8 210.2 209.4 205 205.1 203.5 203.1 203.7 204.3 205.9 207 207.6 207.5 206.1 204 202.1 200.1 198 195.3 192.6 189 185 180.9 176 171.8 168.5 162.4 157.4 152.3 145 135 131.6 121 116.3 112.7 109.2 106 103.9 98.4 95.2
307.3 310.9 314.6 317.1 318.4 319.6 320.4 321.8 320.9 320.2 317.7 313.9 307.1 301.1 294.5 286.2 279.5 269.5 261.6 253 245.2 238.4 232.4 227.1 221.5 215.8 211.4 208.8 206.9 204.6 203 204.3 205.4 205.1 206 206.7 207.7 208.2 208.1 208.3 208.2 207.5 204.9 203.6 203.4 203.3 204.1 205.1 206.1 206.8 206.7 207 205.9 203.2 201.3 199.5 196.9 193.7 190.7 186.9 182.9 178.7 174.1 169 161.9 154.9 145.2 140.2 133.5 125.3 119 116.4 112 111.5 108.1 106.2 104.2 103.4 101.6
