UK/data/nx/nx45_OST50GRID_20230518/NX45.asc
ncols 200
nrows 200
xllcorner 240000
yllcorner 550000
cellsize 50
[rows 0 to 40 of 200, columns 0 to 91 of 200]
27.4 27.9 28.4 27.1 21.7 19.6 19.6 19.4 17.5 14.9 14.3 12.7 12.5 12 11.3 10.4 10.7 10.2 10.1 10.2 10.3 10.5 9.9 9.2 9.4 9.4 9.4 9.5 9 8.7 8.5 8.4 8.7 8.6 10.9 16.9 18 17.9 16.3 14.1 12.4 11.8 13.1 11.8 11.4 10.8 10.4 9.9 9.6 9.6 9.4 8.7 7.9 8 7.9 8.7 9 8.9 8.7 8.6 8.4 8.4 8.5 9.1 10.6 11.3 11.8 11.9 12 12.2 12.5 12.9 13.1 13 12.5 12.2 11.9 11.6 11.9 12.1 12.4 12.3 11.7 11.2 9 9 9.2 8.7 8.4 8 8.4 8.3
34.3 36.6 34.2 30.8 27.4 22.8 20.1 19.2 18.8 17.9 17.1 17.5 17.2 15.1 12.2 11 11.2 10.9 10.6 10.7 10.9 10.8 10.3 9.7 9.7 9.6 9.3 9.4 9.3 8.9 8.6 8.4 8.4 8.3 8.8 10.2 11.8 13.8 15.1 13.7 11.5 9.8 10.8 10.8 11 10.8 9.8 9.2 9 9 9 8.6 8.5 9.4 7.5 6.8 7.8 7.2 7.5 6.4 8 8.7 9 9.4 10.5 11.2 11.3 11.5 11.8 12.2 12.5 12.8 13.1 13.1 12.2 11.7 11.3 11 11.4 12.1 12.2 12.3 12.2 11.6 9.7 8.6 8.1 8.2 7.9 7.3 7.6 7.4
41.2 45.2 39.4 35.1 30 25.7 20.9 20.3 19.8 19.8 19 19.6 19.6 18.7 18.1 12.7 11.8 11.5 11.3 11.2 11.2 10.9 10.6 10.1 10.1 9.8 9.5 9.2 9.1 9 9.4 12.1 9.3 8.5 8.4 8.6 9.4 10.6 11.3 11.5 9.5 8.9 10 9.8 10.1 11.1 9.3 9.1 8.8 8.8 8.7 8 9 9.3 7.5 7.8 9.4 9.4 9.1 7.7 8.5 8.8 9.3 9.7 9.8 11.5 10.5 11 11.2 11.4 11.7 12.1 12.6 12.6 11.6 11.1 10.7 10.4 10.9 11.6 12.4 12.4 12.3 11.8 11.2 10.4 8.8 9 8.3 8.1 6.6 6.5
41.9 48.8 50.3 45.3 37.3 31.3 24.7 22.6 21.8 21.7 21.4 21.2 22.3 22.8 29.3 17.5 13 12 12 12 11.6 11.2 10.8 10.5 10.3 10.3 10.2 9.5 8.9 9.2 10.7 14.2 11.3 8.9 8.6 8.4 9.2 8.7 9 9.1 9.1 8.8 9.3 9.9 10.4 9.4 9.3 9 8.9 8.8 8 8.6 9.4 9.1 8.4 8.7 9.7 9.7 9.9 6.4 7.8 8.8 8.9 8.9 8.9 8.9 9.4 9.8 10.2 10.7 11.1 11.6 12 12.1 11.5 10.8 10.3 10.3 10.5 11.2 12 12.7 13.1 12.6 11.9 11.1 9.8 9.9 8.7 8.5 7.9 7.9
40.4 42.9 44 44.4 43.9 38.8 31.5 25.7 25.4 25.6 25.2 27.8 29.6 28.3 29.3 18.3 14.4 12.9 12.7 12.9 12.6 12.2 11.7 11.3 11.3 11.3 10.6 10 9.3 9 11.5 18.5 17.2 11 9 8.3 8.5 8.7 8.6 9 8.9 8.3 9.6 10.8 9.4 9.2 9.2 9 8.8 7.4 8.2 9.7 9.9 9.6 9 9.3 9.8 9.9 9.3 9.5 8.3 7.5 7.6 8.6 8.6 8.6 9.1 9.7 10.2 10.7 11.1 11.5 11.9 12.3 11.7 11 10.5 10.3 10.3 10.9 11.8 12.4 12.2 11.9 11.7 11.5 11.3 11 10 9.3 8.9 8.3
44.3 43.7 41.5 38.7 37.5 37.2 34 30.9 32 32.3 30.3 30.1 30.5 27.7 24.7 21 17.4 14 13.5 13.3 13.2 12.8 13 12.6 12.3 11.8 11 10.4 9.7 9 12.8 21.9 23.6 16.5 9.7 8.7 8.7 8.5 8.7 8 8 8.4 10.6 9.7 9.2 9 9 9 8.4 7.9 9 9.7 9.9 10 9.6 9.6 9.9 9.7 9.6 9.7 9.2 8.1 9.2 5.8 7.9 8.5 9.1 9.6 10 10.7 10.9 11.3 11.9 12.4 11.8 11.3 10.7 10.4 10.8 11.2 11.8 12.2 12.2 11.9 11.8 11.8 11.8 11.9 11.3 9.9 9.1 8.8
50 52.3 49.5 42.3 40 39.8 40.8 40.9 38.6 38 36.4 35 34.1 29.7 27.4 23 20 16.4 14.2 13.8 13.4 13.5 13.6 13.5 13.1 12.2 11.2 10.3 9.7 9.1 12.1 21.3 26.7 23.2 14.2 9.7 8.6 8.7 9.1 9.9 8.6 9.5 10.7 9.5 9.1 8.9 8.9 8.4 7.4 8.2 8.9 9.5 9.9 9.9 10 9.8 9.8 9.7 9.4 9.5 9.1 9.5 9.8 8.7 7.3 8.3 8.8 9.3 10.1 11.4 11.3 11.2 11.8 12.2 12.3 11.9 11.4 11.3 11.1 11 11.1 11.9 12.2 12.1 12 12 12.7 13.3 12.5 12.4 11.5 8.6
60.8 62.4 56.7 50.5 42.6 43.9 46.5 47.6 46.1 44 41.3 38.6 37.2 34.3 32 29.4 23.4 22.2 15.4 14 13.6 13.6 13.5 13.4 13.1 12.3 11.3 10.2 9.4 9.3 10.2 17.6 24 25.8 20.2 11.6 9.1 9 9.1 10.8 10.6 8.7 10.5 8.9 8.8 8.6 8.4 8.2 8 8.6 9.1 9.5 9.8 9.8 9.9 9.9 9.9 9.7 9.6 9.4 9.7 9.7 8.2 6 8.5 8.3 8.1 8.5 11.4 12.3 11.6 11.8 11.9 12 12.3 11.9 11.7 11.3 11.4 11.3 11.4 12.1 12.4 12.4 12.4 12.5 13.1 13.6 13.2 12.7 11.9 11
68.7 72.9 67.8 61.6 50.6 48.2 51.1 55.2 54.8 51.2 46.1 42.9 40.5 37.6 34.5 30.8 28.2 25.8 20.7 15.1 13.7 13.6 13.5 13.2 12.8 12.2 10.9 10.2 9.1 9.5 10.5 15.1 20.6 23.8 21.4 14.3 10.2 9 9.4 12.2 13.2 12.4 10.5 8.4 7 8.3 7.4 8.4 8.5 8.7 8.9 9.1 9.6 9.7 9.6 9.7 9.4 9.7 9.6 9.6 9 8.7 7.6 6.8 6.7 7.9 8.1 8.4 11.5 12.4 11.7 12 12.1 12.2 12.1 11.6 11.6 11.5 11.6 11.6 12.3 13 13.4 13.6 12.9 12.8 13.3 13.7 13.2 12.7 12.2 11
77.4 80.4 75.6 66.7 57 53.6 56.7 65.6 68.6 64 55.2 48.6 44 40.8 36.4 33 30.7 31.6 26 15.5 14.3 13.2 12.5 12.3 12 11.5 10.2 9.3 9.5 9.9 10.8 14.7 18.1 20.9 20.4 16.5 12.3 10 9 11.5 14.4 15 10.1 8.6 8.7 8.3 8.2 8.7 8.8 8.9 8.8 9 9.4 9.7 9.6 9.5 9.4 9.9 9.7 9.6 9.2 8.8 8.3 8.1 8.2 8.1 8.3 8.6 10.4 11.8 11.8 12.1 12.2 12.2 11.7 11.2 11.3 11.5 11.8 12.6 13.4 13.3 13.6 13.3 12.4 12.3 13 13.6 13.1 12.6 12.2 11.3
75.1 81.2 82.4 74.4 63.4 58.1 59.9 67.4 70 68.4 65.6 58.3 50.9 44.7 39.3 33.9 32.4 31.4 25.8 17.4 15 13.1 12.2 11.7 11 10.1 9.6 9.2 10 10.6 11.4 14.6 17 18.8 18.2 17.1 14.8 12 9.7 9.1 11.9 16.7 12.8 9.3 8.6 8.4 8.5 9 9.1 9.2 9.1 9 9.2 9.4 9.5 9.3 9.4 9.9 9.5 9.4 9.3 8.9 9 6.1 6 7.2 8.1 8.2 8.5 10.9 11.5 11.9 12.3 12.2 12 11.1 11.1 11.4 11.9 12.7 13.7 13.2 13.3 13 12.2 12.1 13.1 13.4 12.9 12.5 12.2 11.3
78.3 79.4 82.1 76.5 67.8 60.2 59.5 65.6 67.7 66.1 63.7 62.1 58.7 53.8 43 37.8 31.3 28 25.3 20.8 17 13.5 12.6 11.7 10.4 10.2 9.8 10.6 11.1 11.8 12.8 15.4 16.3 17.4 17.4 16.6 14.5 12.5 10 9.4 10.5 17.1 17.3 10.7 8.7 8.7 9 9.3 9.3 9.4 9.4 9.8 9.2 9.4 9.5 9.6 9.5 9.9 9.5 9.2 9.1 9 9.4 6.8 7.4 8.6 8.3 8.1 8.3 9.6 11 12 12.4 12.5 12.5 11.7 11.5 11.6 11.9 12.5 13.8 13.2 12.7 12.4 12 12.1 12.7 13 12.9 12.4 12.2 11.4
78.9 81 80.9 77.5 71.5 62.5 59.6 62.3 63.9 61.5 60.2 59.2 57.8 56.2 50.4 41.4 33.2 29.3 26.7 24.3 18.6 14.2 12.3 11.1 9.8 10 12.5 16.6 17.9 16.7 16.1 16.8 16.1 15.4 16.5 16.3 14.4 12 10.8 10.4 10.3 14.4 17 14.5 9.4 9.3 9.5 9.5 9.6 9.7 9.8 9.6 9.5 9.4 9.5 9.6 9.7 9.1 9.5 9.1 8.8 8.8 8.2 7.6 8.5 8.7 7.5 7.9 8.3 9.1 10.2 11.5 12.7 13 13 12.5 11.9 12 12.2 12.4 13.8 13.4 12.9 12.3 11.7 11.7 12.1 12.4 12.7 12.5 12.1 11.1
78.8 80.7 79.5 77.5 72.3 64.6 60.5 59 59.8 57.8 55.8 55.4 54.3 53.3 51.3 45.9 37.9 33.4 32.1 27.3 20.1 14.3 11.7 10.5 9.5 11.3 19 24 27.1 25.1 20.6 18.3 15.9 13.3 12.9 14.1 14.2 12.6 11.9 11.5 12.4 15.6 16.5 14.6 10.7 9.7 9.7 9.7 9.7 9.7 10 9.7 9.3 9.8 9.7 9.5 9.7 9.5 9.6 9.3 8.7 8.1 6.9 8 8.3 8.5 8 8 7.9 8.1 9.3 10.4 11.8 12.3 12.8 13.3 12.7 12.4 12.8 12.6 13.3 13.4 12.6 11.9 11.4 11.7 12 12.2 12.3 12.2 11.9 10.8
77.2 78.7 78.8 78.5 73.3 66 62.5 55.3 56.7 55.8 52.8 52 51.2 50.9 49.9 46.8 42.3 37.1 32.2 28.4 21.7 15 12.4 10.9 10.9 13 23.7 31 34.2 30.6 24.9 19.2 15.5 13.8 12 11.9 12.4 12.5 11.1 12.6 14.4 15.7 13 11.8 9.5 9.8 9.8 9.8 9.7 9.7 10.2 10 9.7 9.5 9.4 10 10.2 10 10 9.4 8.9 8.5 8.4 8.3 8 8.1 6.6 8.3 7.8 8.1 8.3 9.3 10.3 10.9 11.4 12.6 13.4 13.5 13.3 12.7 13 13 12.3 11.4 11.3 11.6 11.8 11.9 12 12 11.6 10.5
74.9 78.2 79.4 77.6 71.2 67.8 63.2 56.5 55.5 54 51.3 50 49.6 49.5 48.1 45.8 42.9 38.1 31.5 27.4 22.7 16.9 13.4 11.5 11 14.5 24.2 32.8 35.9 32.5 26.6 20.2 14.9 12.4 11.7 12 11.6 11.5 12 14.3 14.7 13.1 11 9.7 9.5 9.8 9.9 9.9 9.7 9.6 10.3 10.3 10.1 10.5 11.2 10.3 11 11 11 10.3 9.6 9.2 9.8 8.1 7.3 8.1 8.5 6.6 7.7 7.7 8.4 8.6 9.1 9.4 10 11.4 12.5 13.1 13.5 12.9 11.9 11.4 10.9 10.8 11.2 11.4 11.5 11.7 11.7 11.7 11.3 10.2
71.9 75.4 76.4 75.5 70.1 68.1 64.3 58.7 55.9 53.9 50.9 50.1 49.5 48.9 47.5 45.5 43 39.2 34.8 30.2 24.5 18.9 15.1 12.7 10.6 13.9 23 33.1 35.8 32 26.5 20.4 14.3 11.8 11.7 11.6 11.1 11.4 14.5 15 13.9 11.9 10.3 9.5 9.6 9.7 10.1 10 9.7 9.6 10.5 11 11.4 11.8 12.2 12.2 12 12 12 11.1 10.5 10.1 9.7 8.6 9 9.1 6.8 8.1 8.2 7.8 7.5 7.9 8.4 8.8 9.1 10 11.2 12.4 12.8 12.4 11.5 10.7 10.2 10.4 11.1 11.2 11.3 11.4 11.3 11.4 10.6 9.5
70.8 73.6 74.2 73.3 67.4 67.4 63.8 60.5 56.1 52.7 52 50.6 49.3 48.5 47.3 45.7 43.5 41.4 38 33.3 28 21.6 16.7 13.7 12.3 13.1 20.1 31.1 34 30.8 25.5 19.6 14.9 11.9 11.6 11.7 11.3 11.6 12.3 15.5 12.9 10.7 9.7 9.6 9.7 9.8 9.9 10.1 9.8 10.2 11.7 11.6 12 12.4 12.4 12.3 12.1 11.9 12 11.4 11.2 11.3 10.4 9.9 9.1 9 5.8 7.5 7.5 6.6 6.1 7.6 8.1 8.3 8.5 9 10 11.2 11.8 11.6 11 10.2 10.3 10.5 10.9 11.1 11.1 10.6 10.3 10.4 9.7 9.2
66.4 69.5 71 70.5 64.4 65.2 63.3 60.1 58.4 53.6 52.6 50.2 49.1 48.2 47 45.7 43.6 41.7 38.8 35 30.7 25.4 18.8 15 13.3 12.1 16.3 26.2 29.8 29 23.9 18.9 14.7 12.1 11.6 12 12.5 12.3 14.4 15.7 13.4 10.4 9.9 9.4 9.9 10.4 11 11.4 11.5 12.1 12.7 12.5 12.6 12.8 12.5 12.3 12.2 12 11.8 11.4 11.2 11.4 10.6 10.2 9.6 9 8.6 8.5 8.3 8.2 6.3 6.7 7 7.6 8.1 8.2 9.3 10.4 11 10.9 10.3 9.8 10 10.6 10.8 10.9 10.6 9.9 9.7 9.7 9.1 8.3
62.9 65.9 68.9 66.7 66.5 66.3 63.1 60.7 55.6 55.3 52.9 49.9 49.4 47.9 46.7 45.7 43.9 42.1 39.7 36.7 33.4 29.7 23.2 16.1 13.9 11.8 12.4 17.8 24.9 25.7 22.2 17.5 14.3 12.1 12.2 16.1 19.9 14.3 17.1 14.4 13 10.9 10.3 10.4 10.9 11.5 12.2 12.6 13 13 12.9 12.9 13 12.8 12.6 12.4 12.2 12.1 11.9 11.5 11 10.7 10.5 10.2 9.8 9.5 9.2 9.2 8.7 8.3 5.8 7.8 7.6 8.2 7.9 8.1 8.6 9.2 9.7 10.4 9.8 9.5 9.3 9.5 10.4 10.6 10 9.4 9.2 9.2 8.9 8.1
61.3 62.6 62.9 62.8 64.5 63.9 62.2 58.6 54.9 53.7 52 50.8 49.5 47.9 46.4 45.6 44.2 42.2 39.7 37.6 34.2 30.1 25.3 18.4 15 13.5 13.1 13.1 19.4 21.6 18.7 16.2 13.7 12.3 12.8 17.6 22.7 22.6 18.7 13.1 12.1 12.4 11.6 11.9 12.2 12.3 12.9 13.1 13.1 13.1 13 13 13.1 12.9 12.7 12.5 12.4 12.2 12.1 11.5 11.2 10.8 9.7 9.5 9.1 9 9.1 9.1 8.7 8.2 7.8 6.1 6.6 7.8 7.8 7.9 7.8 8 8.5 9.5 9.4 9.2 9 8.8 9.6 10 9.7 9.4 9.1 9 8.9 8.1
61.6 61 62.1 63 63.6 62.8 61.5 58 54.6 53.4 50.9 50.3 49 47.4 46.7 45.8 44.7 42.8 41 38.4 35.6 32.6 27.1 21.9 17.4 17.4 13.8 13.2 14.5 16.6 16.9 14.8 13.4 13.1 12.7 15.8 21.9 24.3 21.2 14.6 12.2 12.1 14.6 13.1 12.4 12.2 12.8 13 13 13.1 13.1 13.1 13.1 12.9 12.8 12.7 12.5 12.4 12.2 11.6 11.6 10.9 10.1 9.6 9 8.8 8.5 8.6 8.6 8.3 7.6 7.4 7.8 7.9 7.7 7.3 7.4 7.7 8 9.3 9.2 9.4 9.5 9.7 9.5 9.3 9.1 9 8.9 8.9 8.8 8.2
60.3 60.5 60.9 61.8 62.2 61.8 60.1 57.8 54.5 52.9 50.5 49.3 48.4 47.8 47.2 46.6 45.9 44.4 43 41.2 37.9 35.2 31.7 27.9 20.6 18.9 16.7 15.8 14.3 15.3 15.8 15.1 14.2 13.7 13.4 14.5 19.6 24.1 24.1 19.5 13.5 13.2 16.3 14.3 12.7 12.2 12.7 12.9 12.9 13 13 13.1 13.1 13.1 13 12.8 12.7 12.6 12.4 12.2 11.5 11.1 10.6 9.9 9.3 8.6 8.4 8.1 8.1 8.1 7.9 7 7.9 7.5 6.2 6.5 6.2 7.6 7.8 8.6 9 9.1 9.3 9.7 9.4 9.3 9.3 8.7 8.7 8.7 8.6 8.4
60 60.2 60.3 60.3 60.6 60.6 58.9 57.1 55.2 53 51.2 49.2 48.9 48.5 47.9 47.3 46.8 45.6 43.6 45.7 42.2 40.2 33.8 30.6 25.7 20.6 19 19.6 15.5 16.7 17.4 16.1 15.1 14.5 14.4 14.2 17.8 22.4 24.4 23.1 18.5 16 17 17.2 13.5 12.4 12.5 12.7 12.9 13.1 13.1 13.1 13 13.1 13 12.9 12.9 12.7 12.6 12.4 11.8 11.1 10.7 10.1 9.4 8.5 8.3 8 7.8 7.8 7.7 4.6 6.3 7.2 7.7 7.4 7.5 7.6 7.7 7.8 8.5 8.9 8.2 8.8 9.4 8.8 8.5 9.1 8.8 8.8 8.7 8.4
60.3 59.5 59 59 59.3 59.3 58.3 56.3 54.2 52 51.5 49.6 49.3 49 48.6 48 47.4 45.2 47.5 51.8 48.5 41 34.7 31.5 27.9 22.2 21.1 21.4 21 19.4 18.3 17.7 17.1 17 15.2 14.8 15.8 19.2 22.6 22.9 20.1 16.1 15 16.7 15.5 10.6 11.6 13.1 13.1 13.1 13 12.9 12.9 13 13 12.9 12.9 12.8 12.7 12 10.6 10.7 10.5 9.9 8.8 8.5 8.2 7.9 7.7 7.4 7.1 7.1 7.8 7.9 4 7.1 7.3 7.5 7.5 7.6 7.9 7.7 7.8 8.8 9.3 9.3 8.9 8.8 9 8.9 8.7 8.1
59.4 58.9 58.4 58.3 58.3 58.7 58.5 56.3 55.6 51.8 50.6 49.7 49.4 49.2 49 48.9 48.8 49.8 46.8 50.5 49.3 45.9 38.4 36.2 28.9 23.8 23.8 21.1 20.9 19.4 19.9 19.9 19.6 19.5 17.6 15.6 15.8 17 20 22.6 18.7 15.7 15.2 14.1 14.9 11.3 10.4 12.1 13 13 12.9 12.8 12.8 12.8 12.9 12.9 12.9 12.8 12.7 12.1 10.9 10.4 9.9 9.5 8.9 8.7 8.5 8.3 8 7.7 6.2 7.5 7.9 6.8 7.4 5.5 4.6 7.3 7.4 7.5 7.3 -3 8 8.5 9 9.5 9.5 9.3 9.2 8.8 8.6 8
59 58.7 58.6 58.4 58.3 58.1 57.3 56.6 56.3 53.4 50.8 49.9 49.4 50.7 50.6 51 50.5 49.7 49.2 50.7 49.1 44.7 42.3 38.5 29.4 25.5 23 21.6 20.3 20.1 20.6 21.1 21.9 21.8 19.7 17.8 17.6 18.4 19.3 22.1 18.6 16.5 15 12.6 12.1 12.5 10.2 11.7 12.4 12.6 12.5 12.4 12.3 12.7 12.8 12.8 12.8 12.8 12.6 11.9 10.8 9.9 9.5 9.1 8.9 8.8 8.6 8.4 8.2 8 7.5 7.7 7.9 7.7 5.9 7.3 6.6 7.4 7.4 -3 6.4 -3 7.7 8.2 8.8 9.2 9.6 9.4 9.2 8.5 8.5 8
58.9 58.7 58.6 58.5 57.9 57.8 58.1 59.8 56.9 54.4 51.9 51.9 50.8 52.8 58.6 55.6 52.7 49.3 50 50.1 47.9 43.2 42.5 38.9 32 26.7 23.9 22.8 22.1 22.7 23.5 24.3 24.6 23.2 22.4 21.7 21.3 21.8 22.4 23.1 18.7 16.9 16.2 13.4 11.4 12.1 10.7 11.6 11.8 11.1 11 10.6 10.8 11.3 12 12 11.9 11.9 12.2 11.3 10.6 9.5 9.2 8.9 8.7 8.8 8.6 8.4 8.4 8.3 7.8 7.5 7.7 7.2 7 7.1 7.4 3.6 6.7 -3 7.3 -3 -3 7.7 8.1 8.9 8.9 9 9.2 8.9 8.7 8.3
58.9 58.8 58.6 58.2 58 58.2 58.8 58.8 57.1 54 51.8 51.5 51.8 54.3 63 61.7 55.5 49.2 48.3 49.1 47.1 43.9 44.3 38.7 31.4 29.4 24.3 23.6 24 24.8 26 25 25.6 25.5 27 24.9 23.2 24.9 26.3 24.8 20.5 17.4 16.5 14.1 11.7 12.1 10.3 10.2 10.7 10.4 9 9.3 9.1 9.2 9.2 9.7 9.6 9.7 10.3 10.8 9.1 9.1 8.9 8.6 8.5 8.7 8.6 8.4 8.6 8.7 8.2 7.6 7 7.6 7.6 7 4.4 7.6 7.4 7.4 7.4 7.2 -3 7.1 8.1 8.2 8.3 9 9.3 9.2 9.1 8.4
58 58.2 58.5 58.7 58.7 58.5 58.9 58.8 57.7 55.5 52.9 51.9 51.7 53.9 59.6 66.4 60.6 50 47.3 47.2 46.3 45.3 43.8 40.8 35.4 29.8 26.2 27.2 25.9 26.4 29.2 32.6 30 29.4 29.5 29.7 26.8 27.4 27.4 26.7 24.5 19.4 15.6 14.6 13 10.7 9.3 9.2 9.5 9.3 9.1 9.1 8.7 8.6 8.7 8.7 8.5 8.6 8.9 9.1 8.8 8.7 8.5 8.5 8.4 8.6 8.6 8.7 8.9 9 8.3 7 7.1 7.7 7.7 7.2 7.7 7.8 7.7 7.6 -3 -3 -3 7.5 7.7 7.8 7.9 9 9.3 9.2 8.9 8.5
57.4 58 58.5 59 58.7 58.5 59.3 59.5 57 55 53.8 52.6 51.7 51.9 56 61.6 61.4 54.2 45.2 46.2 45.4 44.6 45.1 43.4 34.4 28.9 31.8 29.8 27.6 29.4 34.4 35 33.8 33 31.1 30.1 28.5 29.2 28 26.9 26.8 22.4 16.3 15.7 14.9 11.2 9.9 9.5 9.5 9.3 9.2 8.8 8.7 8.7 8.7 8.7 8.7 8.8 8.7 8.6 8.5 8.6 8.5 8.5 8.5 8.6 8.9 8.9 8.9 8.4 7.5 7.4 7.9 7.8 7.7 7.6 7.7 7.8 7.8 7.6 -3 -3 -3 7.3 7.4 7.5 7.6 8.2 9 9.1 8.4 8
57.7 58.5 59.2 59 58.8 58.3 58.1 57.7 55.7 54.5 54 53.8 52.6 51.3 52.2 57.3 59.2 55.6 47.4 43.7 43.9 43.9 42.5 42.1 34.1 32.7 34.7 31.7 29.9 29.7 33.8 36 34 32.4 32.1 29.8 29.4 29.5 28.3 28.3 26.7 25.7 19.9 16.4 15.5 14 11.9 9.6 9.3 9 8.7 8.7 8.7 8.7 8.7 8.6 8.7 8.7 8.7 8.6 8.5 8.6 8.5 8.5 8.5 8.5 8.5 8.4 7.8 7.4 7.6 8 7.9 7.8 7.7 7.7 7.7 7.7 7.7 7.6 7.1 7.2 -3 7.4 7.4 7.5 7.5 7.6 8.4 8.6 7.8 7.2
58.1 59 60.2 60.2 59.6 58.7 58.1 57 55.9 55.1 55 53.7 54.5 51.9 50.6 51.7 54.4 53.2 48.8 42.6 41.9 41.2 42.8 39.4 34.8 35.7 36.6 34 29.7 30.6 32.7 34.7 35.5 31.8 30.3 30.2 29.7 29.3 29.4 30.3 29.8 28 25.5 18.7 16.4 15 14.5 12 9.1 8.9 8.9 8.7 8.7 8.7 8.7 8.6 8.7 8.6 8.6 8.6 8.5 8.5 8.5 8.5 8.5 8.4 8.1 8 7.8 7.9 8.1 8.1 8 7.8 7.7 7.7 7.7 7.7 7.7 7.6 7.2 6.7 -3 7.3 7.4 7.5 7.5 7.8 8 7.7 7.4 7.1
58.1 59.8 63 64.5 61.4 59.4 58.6 58.1 56.8 56 56.6 60 57.7 53.1 50.5 48.4 49 49.4 48.3 45.1 43.7 44.1 41.1 38.7 34 34.9 38.5 34 31.7 30.2 31.5 32.7 33.4 32.2 32.2 31.1 31.1 29.7 29.4 29.7 29.9 29.3 26.7 23.7 18.5 17.3 15.7 12.9 9.4 9 8.8 8.8 8.7 8.7 8.6 8.6 8.6 8.6 8.5 8.5 8.5 8.4 8.3 8.2 8.1 8 8 7.9 7.9 7.9 8 8.1 7.9 7.8 7.7 7.7 7.7 7.7 7.6 -3 -3 -3 -3 7.1 7.2 7.3 7.4 7.6 7.8 7.4 7.2 7.1
58.3 60 64.4 64.4 61.9 60.5 58.8 58.5 62.6 60 59.4 59.4 56.2 52.5 50.4 50 46.5 46.1 45.6 45.3 44.5 47.8 43.4 39.2 39.1 33.1 35.1 33.4 30.8 30.5 31 31.4 33.9 34.4 33.2 31.6 29.4 29.4 28.6 28 29.1 29.3 27.1 25.4 22.2 19.8 17.4 14.1 10 9.2 9 8.9 8.7 8.6 8.6 8.6 8.6 8.6 8.5 8.5 8.6 8.5 8.4 8.3 8.2 8.2 8.1 8.1 8.1 8.1 8 8 7.9 7.8 7.7 7.7 7.7 7.8 7.3 -3 7.1 -3 3.3 -3 6.7 7.2 7.3 7.4 7.6 7.2 7.3 7.1
58.3 61 63.9 66.4 64.3 61 62.4 62.4 61.3 59.6 59.4 56.9 55.8 53.7 52.1 49.3 46.1 44.9 44.2 44.1 47.1 50.3 47.5 40.8 44.6 37.1 32.8 31.5 31.4 31.9 30.8 31 33.2 33.3 33.2 31.1 28.8 28.2 28 26.4 28.5 29.4 27.9 26.1 23.9 21.6 17.5 14.7 11 9.3 9 9.2 8.6 8.5 8.6 8.6 8.6 8.6 8.6 8.7 8.8 8.7 8.6 8.5 8.4 8.3 8.3 8.3 8.2 8.2 8.1 8 7.9 7.8 7.7 7.6 7.7 7.6 7.4 -3 3.8 -3 7 -3 7 7 7.1 7.3 7.3 7.2 7.3 7.1
58.2 61.1 63 64.6 66.4 64.1 65.2 62.3 59.5 58.8 57.9 56.7 56.3 54.5 51.8 48.7 45.1 44.1 44 43.3 46.1 50.4 49.8 44.4 39 34.6 32.3 34.4 31.2 30 29.3 28.7 29.1 30.4 31.2 31.5 30.3 29.2 27.9 26.3 27.5 27.9 26.3 25.6 24.2 21.4 18.3 16.5 13.6 9.2 9 9 8.8 8.6 8.6 8.6 8.6 8.6 8.7 8.8 8.9 8.9 8.8 8.8 8.7 8.7 8.6 8.5 8.3 8.2 8.2 8 7.9 7.8 7.7 7.6 7.5 7.4 7.3 7 6.9 6.9 5.9 -3 -3 -3 7 7.1 7 7.2 7.4 7.1
58 60.4 65.1 68.2 67.1 67.1 70.4 65.7 59.8 59.6 58.2 56.6 55.6 54 51.1 46.7 45.2 45 44.1 42.9 44.2 48 49.9 46 38.3 34.3 35.8 34.6 31.3 31.3 30.7 28.6 28.3 31.3 30.3 34 30.2 29 28 26.3 25.6 25.9 24 23 22.4 22.6 17.9 14.2 13.9 9.6 9 8.8 9 8.8 8.7 8.7 8.6 8.7 8.9 9.2 9.1 9.3 9.2 9.2 9.3 9.3 9.3 8.9 8.5 8.3 8.2 8 7.9 7.8 7.7 7.6 7.4 7.3 7.1 7 7 6.8 -3 3.3 -3 -3 6.7 7 7.1 7.2 7.4 7
59.2 62.1 64.7 67.2 66.5 67 72.7 70 63.3 59.6 59 57.1 56.1 54.5 50.6 49.2 47.3 46.4 44.9 43.1 43.8 44.8 47.6 45.6 39.1 32.9 36.7 32.8 30.5 30.4 30.1 29.9 28.9 27.2 27.9 30 28.1 26.8 26.4 26.6 26.9 26.1 24.8 22.5 23.5 23.1 18.3 15.1 14.2 14.8 9.7 9.2 8.7 8.7 8.6 8.6 8.7 9.4 9.7 9.5 9.1 9.8 9.9 9.8 9.9 9.9 10.1 9.9 9.7 9.2 8.5 8 7.9 7.9 7.9 7.5 7.4 7.3 7.1 7.1 6.9 6.7 6.4 5.8 -3 -3 6.8 6.9 7 6.9 7.1 7
58.5 60.9 64.2 66.6 66.8 68.1 72 73.8 67.4 61.3 58.8 58.5 55.7 53.5 52.5 50.3 49.3 46.2 45.2 44.1 43 42.8 44.3 43.4 41.9 35.8 32.9 31.7 32.2 32.6 30.7 31.6 30.6 29.9 31.9 27.2 27.3 25.9 26.3 26.7 27 26 22.8 24 23.6 19.6 18.4 18.4 15.9 13.3 9.4 8.9 8.7 8.6 8.6 8.6 9.2 10.3 11.1 11.1 11 11.4 11.4 10.9 10.5 10.5 10.4 10.2 10.1 9.7 9.2 8.6 8.1 8.1 7.9 7.6 7.4 7.3 7.2 7.1 7 6.7 -3 -3 6.5 6.8 6.9 6.9 6.8 6.9 6.6 6.7
58.6 62.2 66.1 66 67.2 66.3 69.5 73 70 62.7 59.2 57.6 54.8 53.5 52.6 50.8 48.5 46.2 45.1 44.3 43.1 42.2 42 41.8 41.7 38.6 34.1 31.6 31.8 31.5 30.7 30.5 31.3 31.5 31 29.7 27.8 23.4 24.7 25.5 26.1 25.1 23.3 19.3 20.1 19.1 18.4 18.4 19 12.7 9.1 8.9 8.7 8.6 8.6 8.9 9.5 10.9 12.2 12.2 12.3 12.3 12.2 12.1 11.8 11.4 11 10.7 10.6 10 9.5 8.9 8.4 8.3 7.9 7.6 7.3 7.3 7.2 7.2 7 6.6 -3 -3 -3 -3 6.9 6.9 6.8 6.6 6.6 6.6
