UK/data/hu/hu43_OST50GRID_20230518/HU43.asc
ncols 200
nrows 200
xllcorner 440000
yllcorner 1130000
cellsize 50
[rows 152 to 189 of 200, columns 0 to 84 of 200]
228.9 232.3 232.7 231.7 228.9 225.9 221.3 221 220.9 219.1 215.4 212.3 207.7 203.9 200.7 196.2 192.1 187.4 184.9 180.5 176.1 173.4 170.6 168.5 167.4 165.2 163.8 162.9 160.4 156.3 153.3 151.7 145.2 141.7 141.4 136 139.3 141.7 143.9 146.4 151.7 153.8 154.3 153.1 153.8 149.2 148.9 145.6 140.6 136.8 132.2 125.2 118.5 110.7 102.3 91.6 83.1 79.3 71.9 67.7 66.6 53.3 44.3 39.2 36.2 34.5 33.7 33.6 32.9 32.8 33.4 33.7 23.2 -0.4 -0.4 -0.4 -0.4 -0.4 -0.4 -0.4 -0.4 -0.4 -0.4 -0.4 -0.4
229.8 230.9 230.1 227.6 221.2 217.7 214 213 211.2 209.8 204.8 202.4 197.3 195.1 193.4 190.1 184.7 181.5 176.4 173.6 170.4 167.4 164 163.4 161.9 160.5 159.3 155.2 153.2 151.9 148.1 147.6 142 138.5 140.3 137 136.1 141 143.4 144.8 149.3 152.9 153 154.3 152.7 151.4 150 149.5 144.8 139.1 134.2 125.7 116.5 104.3 98.3 87 81.6 74.1 69.2 60 57.7 51.5 43.7 38.9 36.1 33.8 31.3 31 30.6 30.1 28.7 29.9 22.9 -0.4 -0.4 -0.4 -0.4 -0.4 -0.4 -0.4 -0.4 -0.4 -0.4 -0.4 -0.4
229.5 229.2 228.1 221.9 215.9 209.9 205.5 204.7 200.4 198.4 195.8 192.5 189.5 184.2 184.6 182.1 176.3 172.3 170.1 166.3 163.7 160.3 157.3 156.5 154.8 155.4 154.6 149.5 147 146.2 142 141.1 139.6 134.7 137.5 135.7 133.5 137.4 140.5 144 147.3 152.2 152.6 153.2 154.6 154.8 153.2 151 150 142.7 138.5 131.8 119.9 107.8 97.8 87.2 80.3 75 69.1 59.2 53.1 49.6 42.2 39 36.5 34.1 32.2 29.5 28.6 27.6 26.5 23.1 20 12.8 -0.4 -0.4 -0.4 -0.4 -0.4 6.3 7.2 5.1 -0.4 -0.4 -0.4
229.5 227 224.5 216.3 209.2 203.9 199.2 195.4 193.3 189.8 186.2 183.3 179.8 179 175.7 171.5 169.5 164.6 161.1 158.9 155.9 153.9 148.7 147.2 148.7 148.7 149.5 146.6 142.2 143 137.9 137 134.7 130.9 132.3 132 130.4 137.1 138.6 142.4 145.6 149 150.6 154.2 157.2 156.3 154.8 153.4 153.8 149 143.7 138.1 127.4 114 102.3 92.2 82.7 76.2 71.2 58.6 53.3 45.8 42.2 39.8 37.2 35 32.4 31 29.4 26.9 23.1 18.4 19.9 15.1 11.4 -0.4 -0.4 -0.4 7.9 9.4 10.3 7.6 1.1 -0.4 -0.4
227.7 224.7 218.5 210.1 204.2 197.7 195.6 190.7 187.7 182.3 179.1 174.4 171.7 173 168.4 166.1 164.4 160 153.9 151.7 148.5 145.4 141.7 141.6 141.8 139.2 138.7 138.6 133.7 136.7 134.6 131.9 128.6 126.3 127.8 126.6 129.1 134.7 137 141.3 144.8 148.4 150.4 153.7 157.2 157.3 155.9 156.4 155.6 152.9 150.3 146.3 137.2 123.5 106.7 97.2 85.8 76.3 73.5 60.9 57.3 50.7 44.3 40.7 38.7 35.7 34 32.6 30.6 28.3 25.4 20 12.9 12 10.9 5.2 1.9 7.6 9.9 12.7 10.9 6.8 1.4 -0.4 -0.4
225.3 220.2 210.7 204.4 196.9 191.9 186.8 183.6 179 174.1 170.8 167.8 163.6 163.6 161.5 158.4 156.2 152.8 148 142.6 141.9 135.8 134.5 134.9 133.8 130 129 128 126.8 128 128.7 128.5 124.1 123.6 123.9 121.2 127.4 132 135.1 138.9 143.5 145.2 148.7 153 156.7 157.6 157.3 158.1 159.7 156 152.3 149.5 146.9 134.3 116.6 100.3 89.6 77.9 74 64.8 59.8 53.5 45.1 42.9 40 38.4 35.1 32.1 31 28.7 25.7 20.9 13.1 8.4 6.7 5.3 5.1 10.7 10.9 12.3 10.9 4.4 -0.4 -0.4 -0.4
221.8 212.9 205.4 197.1 190.4 184.6 181.6 176.2 170.2 167.8 165.8 161.6 156.8 156.2 154.9 150.6 149.2 148.7 142.1 137.3 132.6 128.6 128.5 129 125.9 121.7 120.4 121.3 120.3 121.4 124.1 122.7 120.3 122.7 119.6 121.7 125.7 127.7 130.7 134.8 141.5 143.5 146.8 152.3 155.1 157 157.1 157.2 156.8 157.9 154.1 152.4 152.3 140.6 123.7 108.8 96.1 84.1 76.2 72 65.4 56.9 48 44.8 43.2 42 37.9 32.8 30.3 26.8 24.5 20.6 13.7 10.1 7.9 7.4 8.7 9.4 9.7 9 7.2 1.6 -0.4 -0.4 -0.4
214.1 205.9 197.7 189.6 182.9 179.7 175.1 169 164.1 162.7 157.8 153.6 148.9 147.4 147.7 143.4 143.8 140.4 136.8 131.9 126.4 122.8 121.7 123.8 119.5 116.7 113.6 114.2 115.5 116.1 117.9 117.2 116.5 118.5 114.6 119.4 122.6 124.2 128.7 133.4 138.9 140.9 145.7 150.1 153.7 156.2 155.6 156.6 156.9 157.2 155.9 155.5 152.7 145.5 132.1 118 106.3 94.3 82.8 74.4 71 61.3 52.3 48.5 46.9 45.7 39.4 34.9 31.6 26.8 22.7 16.2 12.5 10.4 9.7 13 10 9.7 9.6 7.6 3.5 -0.4 -0.4 -0.4 -0.4
206.2 196.5 191.7 183 178.3 175.2 171.5 164.1 159 157.2 151.6 145.8 141.1 138.7 139.2 137 135 133 130.5 127.1 122.9 118.3 114.7 116.8 114.3 110.6 108 108.5 109.3 110.7 111.5 111.1 111.6 113.8 114.1 116.8 120.3 122.2 126.1 132.4 135.1 138.8 142.9 148.9 151.1 153.7 155.6 156.1 157 158.5 157.5 155.5 151.4 147.2 137.4 125.9 114.2 101.4 87.2 83.9 74.4 66.6 57.7 53.9 49.8 47 41.2 37.9 32.6 28.4 22.4 17.2 11.9 10.9 12 12.8 13.2 9.8 7.3 6.8 2.1 -0.4 -0.4 -0.4 -0.4
196.9 187.9 182.2 175.1 171.8 169.8 165 157.8 155.4 150.9 145.7 139.6 136.3 131.5 132.8 130 127.7 125.5 123.1 119.8 117.1 114 108.5 107 107.1 105.8 103.9 104.9 107.1 107.8 107.9 109.4 107.1 106.8 112.9 114.8 118.3 121.4 124.8 128.3 132.6 136.4 140.7 145.7 148.9 149.5 151.8 153.9 155.7 155.8 155.5 153.4 151.5 148 142.2 133.3 119.9 108.3 92.9 84.8 76.4 71.8 63.6 62.4 56.8 51.6 47.3 42.9 37.4 33.1 26.6 17.7 12.3 12.5 12.9 14.1 12.1 10.5 7.8 6.1 0.8 -0.4 -0.4 -0.4 -0.4
186.4 180.7 173.5 167.9 166.5 163.1 157.4 151.7 150 146.4 139.3 134.1 128.7 126.5 123.8 123.3 120.9 119.8 117.5 114.2 113.6 109.3 104.7 103.5 102.8 102.2 102 102.4 103.8 104 104.8 106.3 106.5 103.5 110.3 113.2 114.8 118.3 121.7 124.8 129.6 133.9 137.4 142.4 147.5 147.8 147.3 149 151.1 152.6 152.6 152.4 149.6 145.5 142.8 135.2 126.7 114.2 100.4 91.6 83.2 77.3 71.7 71.5 62.2 57.2 54.9 52.7 48.8 37.3 29 17.4 13.8 13.2 14.3 13.9 12.1 11.7 10.2 10.8 4.5 -0.4 -0.4 -0.4 -0.4
176.4 170.9 166.1 160.8 156.2 153.8 148.7 145.7 144.6 138.8 133.2 129.2 123.3 120.4 117 117.4 114.6 114.5 112.9 111.1 109.8 106 102.7 102.2 101.3 100.6 101 100.3 101.9 101.7 102.9 104.2 104.8 100.1 108 110.5 113.8 116.3 118.1 121.9 126 131.4 135.6 139.4 143 145 146.3 145.5 147.5 149.6 150.7 149.9 147.5 141.9 139 137.2 130.1 117.5 105.4 98.3 93.8 86.7 76.4 75 68.2 62.9 57.5 60 56.3 41.3 28.9 16.3 13.6 13.8 14.1 15.5 13 10 10.1 5.3 -0.4 -0.4 -0.4 -0.4 -0.4
166.5 164.6 157.1 151.9 150.8 147.5 139.6 138.4 138.9 132.6 128.5 123.3 119.4 117.1 113.3 110.7 109.4 110.3 109.2 107.8 105.9 104.3 100.8 101.1 100.3 99.5 99.5 98.8 100.1 100.5 101.3 102.9 103.1 98.4 104.1 107.3 111.5 113.4 117.4 118.6 123.5 128.6 132.6 134.1 137.2 140.3 142.3 142.8 145.2 146.8 147.1 148.4 147.4 142.9 136.9 137 133.5 121.6 109.1 102.1 96.6 91.6 85.4 80.5 75.3 69.9 62.5 54.7 58.3 45.3 32.2 17.6 15.1 15.2 18 15.5 11.7 7.5 1.9 -0.4 -0.4 -0.4 -0.4 -0.4 -0.4
162.7 156 150.3 146.3 145.3 139.4 134.5 135 131.5 124.7 124.7 123.3 119.4 116.5 110.5 107.6 107.7 105.2 107.6 106.4 102 98.6 97.2 99 99.2 98.3 98.4 97.3 99.2 99.7 99.4 100.8 100.4 97.5 103.4 104 108.3 112.6 114.3 117.5 122.4 126.9 129.9 131.5 133.6 136.2 139.1 139.8 140.3 143.1 145.3 146 146.4 141.6 137 135.2 133.9 124.3 111.9 102.8 99.8 94.3 93.2 80 80.6 74.3 66 57.2 49.3 44.8 34.6 22.5 16.5 16.3 19.1 15.8 14.5 11 4.2 -0.4 -0.4 -0.4 -0.4 -0.4 -0.4
158.3 150.6 146.1 142.5 140.4 133.2 131.9 130.7 124.9 121.3 122.7 121.1 119.4 114.9 108.8 105.5 105.7 103.8 102.4 104.2 101.7 102.2 100.2 99.2 97.5 97.5 97.7 95.7 98.1 97.7 98.9 98.7 97.3 98 101.3 102.2 106.6 109.9 112.7 116.1 119.4 124.8 127.9 129.3 130.4 135.5 137.3 138.6 138.7 140.7 142.9 143.4 145.5 141.1 135 134.5 133 125.1 114.6 105.9 104.5 98.9 98.7 92.4 75.5 77.5 72.1 64.3 53.9 46.5 41.3 27.8 21.4 17.1 18.9 18.5 16.2 12.2 6.6 10 4.4 -0.4 -0.4 -0.4 -0.4
155.1 148.8 143.6 139.7 136.8 130 130.4 125.4 122.7 118.6 117.8 118.2 115.9 111 107.7 109.5 108.4 106.2 106.4 102.6 103.2 102.4 101.3 100.8 99.5 100.5 100 99.8 96.2 96.3 95 97.4 96.1 96.6 97.7 99.7 103.1 107.5 110.7 113.9 117.3 122.6 125.9 127.2 129 132.4 133.7 136.6 137.9 139.6 139.6 141.9 143.4 140.6 136.9 135 133.8 126.2 118.9 110.1 107.3 105.4 103 96.5 82.6 76.6 69.7 61.2 51.8 47.5 45 40.1 29.5 20.8 19.3 19.2 16.5 13 6.5 4.5 9 -0.4 -0.4 -0.4 -0.4
148.7 144.6 141.1 138.3 132.7 128.2 126.7 123.9 122.3 121.8 119.4 114.5 111 109.6 110.5 110.1 109 107.6 110.1 106.4 104 103.5 102.5 102.6 101.7 101.6 101.5 101.3 99.6 99.2 97.7 94.1 92.1 94.7 95.3 97.2 100.8 104.7 108.2 111 115.3 120.2 123.6 124.4 126.3 130.3 132 135.4 136.6 136.4 136.5 139.2 142.8 141.6 139.1 133.5 131 125 117.4 111.7 111.9 109.1 105.5 102.9 89.3 72.3 69.5 62.2 53.6 48.3 47.5 47 36.6 24.5 20.7 18.8 15.9 15.2 10.7 -0.4 -0.4 -0.4 -0.4 -0.4 -0.4
144.9 141.4 139.4 142.1 131.6 128.7 126.2 126.5 126.8 128 125 118.7 113.2 111.2 111.6 110.7 111.8 114.3 111.9 110.9 108.8 108.5 109.6 105.9 104 103.5 104.4 102.9 102.9 102.3 100.2 96.7 92.4 90.6 92.1 95.2 97.9 101.9 106.3 108.9 112.5 117.1 119.7 122.9 125 128 129.7 130.8 133.2 133.2 133.6 132.9 136.7 137.3 134.2 131.2 128.7 123.2 118.3 112.7 113.2 111.6 108.8 105.5 92.1 78.9 68.4 62.7 55.8 47.8 44.2 46.7 37.5 27.4 23.4 21.5 20.8 15.3 8.6 -0.4 -0.4 -0.4 -0.4 -0.4 -0.4
148.7 141.7 138.4 139.6 129.5 128.1 127.2 131.8 130.5 132.8 126.9 122.7 120.3 117.7 117 114.8 116.3 118.5 117.8 118.5 118.8 117.8 115.7 113.5 110.3 110.3 108 108.1 106.7 104.6 102.9 99.4 95.7 95.4 88 91.9 96.1 100 102.8 106.2 109.6 113.5 118.4 120.5 122.1 125.1 127.4 128.1 128.4 129.6 129 127.6 129.1 129.6 131 128.5 123.8 120.5 116.7 109.9 114.2 112.2 112.3 105.9 95.1 82.9 69.8 62 53.9 48 41.8 37.5 36.3 28.7 22.4 19.6 21.9 18.4 -0.4 -0.4 -0.4 -0.4 -0.4 -0.4 -0.4
149.2 141.2 136.6 134.2 131.5 130.6 131.3 134.6 135.5 140.7 139.8 137.3 133.7 128.5 126.1 126.2 126 126.1 126.1 127.1 127.7 126.1 123.9 123.1 118.6 116 114.6 114.1 111.5 106.4 103.7 100.9 97.6 94.6 91.2 89.2 93.4 96.8 100.7 104.2 107.9 112.1 116.3 116.6 118.4 123.9 125.1 124.2 123.5 125.2 123.9 122.4 122.2 120.7 124.8 123.8 119.4 116.1 109.8 105.3 108.1 109 110.6 108.1 99.5 87.9 74.2 63.5 57.9 49.5 42.5 37.5 29.7 26.2 22.7 19.5 16.9 15.3 -0.4 -0.4 -0.4 -0.4 -0.4 -0.4 -0.4
153.1 146.3 150.7 143 136.9 135.7 144.8 156 156 152.7 149.8 149.2 144.7 141.1 140.4 139.7 138.7 136.1 136.5 137 137.2 136.7 134.9 131.9 127.5 123.1 120.3 118.2 115 111 105.4 101.5 98.2 95.1 90.1 82.5 90.2 94.2 98.1 101.1 105.1 108.9 112.4 112.2 114.8 120.3 121.8 118.1 118.8 119.9 118.7 118 115.9 113.7 115.7 116 111.9 109.5 101.7 99.8 99.2 102.6 108.2 110.8 98.1 85.3 73.9 64.5 58.8 54.3 47.6 42 35.4 29.8 29.1 25.8 23.4 16.8 -0.4 -0.4 -0.4 -0.4 -0.4 -0.4 -0.4
165.8 167.1 176.1 167.4 163.5 165.4 170 167.8 167.2 164 161.1 157.9 155.5 153.8 153.2 149.4 147.7 146.8 145.3 146.2 149.1 149.1 147.5 146.3 141.7 136.2 129.1 122 117.7 112.6 108.3 102 97.5 93.5 89.1 82.9 89.6 93.2 96.7 98.9 102.5 104.8 107.9 110.8 114.6 116.4 115.5 115.3 114.8 113.9 113 112.1 111.3 104.7 106 104.4 99.8 98.4 92.2 91.2 88.4 95.6 96.7 101.3 97.8 86.4 72 61.3 60.1 55.5 52.4 47.9 41.5 32.4 33.9 31.5 24.8 18.3 10.9 -0.4 -0.4 -0.4 1.6 -0.4 -0.4
194.9 196 192 193.1 184.7 184.7 182.8 179.5 174.8 172.6 171.1 167.8 164 161.8 160.6 157 155.4 154.5 156.9 157.6 159 160.1 159 159.1 154.8 149.7 136.4 126.4 119.9 114.5 108.7 103.5 97.6 93.2 88.6 81.5 88.2 90.9 94 96.3 99 101.2 104.6 109.1 114.2 112.8 109.6 108.8 109.9 107.1 105.1 105.8 103.2 95.1 96.4 93.5 91.4 88.9 81.6 77 77.3 87.2 88.3 86.8 90.3 86.7 73.7 62.9 59.4 54.7 53.9 52.9 47.1 40.4 34.1 31.7 26.6 22 11.9 20.5 20 13.5 10.4 -0.4 -0.4
222.8 220.1 215.4 209.1 204.5 199.9 194 187.4 183.6 179.7 175.3 171.5 168.3 168.8 166.7 164.6 163.4 164.2 163.2 165.7 168.1 168.5 169.2 170.2 169.1 157.3 141.1 130.5 121.5 113.4 107 101.7 97.2 91.7 87 80 85.1 89.6 91.3 93.7 96.4 98.6 102.6 105.9 110.6 111.1 104.6 102.8 104.9 100.1 99.3 100.2 94.3 86 82.4 81.8 80.5 80 73.6 67.7 67 72 75.3 76.8 82.8 82.5 70.3 62.5 57.3 55.6 50.2 51.8 51.4 44.9 34.5 31.8 28.6 25 24.2 27.1 27 24.7 23.6 -0.4 -0.4
236.1 231.6 224.6 218.7 213.2 207.3 201.6 194.3 189.8 185.2 179.6 176.1 172.3 172.2 171.2 169.9 169 169.4 169.8 172.4 173.2 176.2 178.1 178.3 175.2 163.7 148.2 132.6 122.2 113.3 105.3 98.5 96 90.8 85.9 81.1 85.5 87.4 88.3 90.4 93.5 96.3 99.5 103.4 104.3 106.4 102.4 98.4 99.3 94.9 94.1 93.3 89.4 81.2 74.8 73.1 71.4 69.9 65.4 60.7 58.1 60.1 62.4 64 69.2 75.3 70.3 61.2 57.4 54.7 47.5 46.9 49.8 47 35.8 31.8 29.8 24.7 30.9 33.1 31.8 32.4 30.8 -0.4 -0.4
241.6 235.7 230.2 224.4 218.9 213 206.3 200.2 193.9 188.4 183.8 179 176.5 175.4 175.7 174.1 174.9 174.6 174.9 176.6 179 181.2 181.6 181.3 177.5 164.9 148 134.8 121.6 110.9 101.6 94.6 90.3 87.6 83.4 76.7 84.2 84.5 84.7 86.6 89.5 91.3 94.2 97.6 98.7 99.3 96 95.4 94 92.4 87.3 88.2 82.4 73.1 68.5 68.4 65.7 62.1 60 56.3 52.1 51.5 54.2 56.1 59.9 64.4 66.3 60.7 56.2 53.1 48 43 42.9 41.9 36.4 32 28.3 28.7 34.8 38.1 40.3 38.4 34.6 27.9 -0.4
243.6 237.3 231.1 225.2 221.5 215.6 208.4 203.1 196.5 189.6 185.4 180.5 178.4 177.7 177.7 176.8 177.3 177.9 178.9 180.1 180.8 181.5 182.6 181.6 179.1 165.3 151 137.7 119.3 108.4 99.3 94 84.3 82 78.8 78.1 82.7 81 80.5 82.8 85.3 87.9 91.7 94.3 95.3 96.4 94.3 93.5 90.6 84.9 79.8 80.2 74.9 67.3 61.9 61.3 60.6 56.9 55.3 52 48.3 47.5 46.8 46.6 50.4 54.5 60.6 60.3 53.4 50.4 45.9 41.7 39.4 37.8 35.6 32.6 28.7 31.8 37.2 41.8 45 45.1 41.5 35.8 -0.4
243.9 238.2 231.6 224.9 221.1 214.9 210 203.2 198.3 192.3 185.1 181.2 178.9 178.2 178.3 177.9 178.3 179.2 179.8 179.9 181.4 182.3 182 182.4 174.2 160.9 147.5 135.4 117.5 106 97.8 90.1 81.4 79.2 77.5 78.4 79.5 80.3 78.8 78.9 82.2 85.5 87.9 89.4 90.7 92.6 92.4 92.9 88.8 79.1 74 72.2 68.8 61.6 56.5 53.9 54.8 51.1 50.8 49 44.4 43.6 43.9 43.6 45.2 48.2 50.7 51.5 49.6 45 42.5 39.1 37.8 37.4 35.7 31.4 30.3 33.4 38 42.5 47 49.4 47 26.3 -0.4
243.6 236.6 232.7 224.6 219.5 214.7 208.8 203.9 198.3 191.4 183.7 180.2 178.1 176.9 176.3 177 177.7 177.2 178.7 179.2 179.5 177.9 177.5 178.3 169.9 155.5 142.5 128.8 114 104.6 96.8 86.6 80.9 77 73.7 74.9 77.8 77.5 76.2 76.4 79.7 82.1 83.4 84.3 87.4 90.3 88.2 87.7 81.4 73.3 70.1 67.2 63.4 57.8 51.9 48.8 47.3 45.3 45.2 43.2 41.7 41.1 40.7 41.1 42.6 44.6 45.6 44.8 46 43.9 40.5 37.9 36.6 35 33.6 32.8 33.2 34.2 37.1 43.7 48 51.9 49.6 45.8 -0.4
240.8 234.3 230.1 222.6 217.8 212.8 207.6 201.7 196.1 186.9 181.2 177.1 175.7 174.2 173.2 174.2 172.5 173.7 173.8 174 174.8 171.7 171.3 171.6 162.8 150.2 139 123.4 111.7 105.8 97.2 86.8 80.4 76.7 73.4 71.6 75.2 75.3 73.7 73.6 76 77.4 80.8 81.5 82.2 86.1 85.5 82.1 74.6 67.7 66.4 62 58.1 52.7 49.6 45.2 44.6 43.2 41.4 40.7 40.3 39.3 39.3 39.4 41 43.1 42.6 42.4 44.6 40.8 38.1 37.2 35.6 35.2 34.9 35 35.3 36 38.9 43.9 50.3 54.2 55.3 48 -0.4
238.1 231 226.5 219.6 214.9 208.8 203.5 199 191.2 183.7 177.5 173.1 170.8 168.4 167.5 166.2 166.7 167.5 166.7 166.2 162.9 162.6 164.6 162.6 155.2 144.4 134.8 124.3 112.2 105 94.9 83.8 80.8 77.9 72.8 70.2 72.8 73.8 71.9 70.5 71.8 74.3 76.3 76.6 79.2 81.9 81.2 79.4 71.7 63.9 59.8 57.4 53.1 50.1 46 43 41.8 40.8 40 39.4 38.8 37.9 37.5 38.1 39.3 40.5 41.3 40.2 42.9 39.1 37.2 36.4 36 36.8 37 37.1 37.4 38.3 40.8 44.8 50.3 57.1 57.2 51.7 -0.4
233.2 227 220.1 214.8 211 205.3 199.8 194 185.1 179.8 171.7 166.1 163.6 161.3 160.2 160.4 160 158.1 158 155.7 154.2 154 155.7 153.4 148 139.7 130.9 122.4 109.2 102.4 91 82.9 78.3 75.7 72.9 68.6 67.6 70.2 69.1 68.6 69.2 70.2 71.3 73.1 75 75.9 76.1 74.5 70.1 62.7 56.9 54.8 51.7 47.7 44.1 42.9 41.6 40.3 39.3 38.8 37.5 36.8 36.6 36.9 38.4 39.5 39.6 41.7 38.7 38.1 36.9 36.9 37.5 38.4 38.5 39.4 39.5 40.8 43.5 46.3 51.5 56.3 55.8 52 51
228.5 221.4 215.4 210.2 205.5 200.4 193.8 188.3 179.9 174.1 166.2 160.4 158 155.4 153.6 153.4 152.5 151.7 149.2 145.7 144.9 146.1 146.2 143.8 140.6 132.3 123.9 114.5 104.8 98.6 87.5 81.4 77.8 76.7 73.3 70 69 65.6 65.6 63.6 64.3 65.8 67.8 69.1 71.6 71.5 70 71.7 64.7 61.1 56.4 53.9 50.4 45.9 42.9 41.6 40.5 39.8 38.7 38.1 37.4 36.2 36 36 37.6 38.3 39.2 39.4 37.7 37.2 36.9 37.4 38 39.7 40.3 41.8 43.1 44.4 47.1 49.5 52.2 56.8 55.4 56.4 54.1
224.6 217.4 210.7 206.4 201.6 195.4 188.6 183.2 174.6 169.2 161.9 157.3 151.4 150 148.6 146.6 145.4 145.4 139.8 136.2 136.4 138 136.7 135.3 132 126.7 118.9 108.1 101.2 91.8 86.4 81.4 78 72.8 70.2 73.2 69.6 67.2 64.5 64.3 63 63.4 64.9 64.9 66.5 65.9 64.6 63.6 59.1 57.7 52.4 49.7 46.4 44.6 42.5 42.4 39.8 38.8 37.5 36.9 36.5 35.6 35.4 34.8 36.7 37.5 37.2 37.3 37.2 36.7 36.9 36.9 38 41.4 42.9 44.3 46.9 48 49.4 53.8 55.4 58.5 56.3 53.2 51
221.4 214 207.3 202.7 198.2 192 185.2 178.5 170.7 163.8 157.6 153.5 147.2 145.3 142.3 140.3 139.7 138.9 133 129.9 130.8 128.3 127.4 125.7 123.7 118.8 110.3 101.3 94.7 89.6 84.7 80.1 77.2 77.4 77.1 74.2 71.9 69.4 69.4 67.9 64.3 62.2 60.6 62.1 63.3 64.8 64.1 59.9 55.2 50 48 46 45.3 44.4 43.4 43 42.3 40.1 38.1 37.8 36.2 33 34.7 33.9 35.4 36 35.9 36.4 36.7 37 37 37.2 38.1 42 44.3 45.7 48.3 50 51.2 54.8 59.6 60.4 55.9 51.5 47.4
217.3 209.8 203.7 200 196.2 189.2 181.6 174.3 165 157.8 153 149.7 143.2 138.6 135.6 134.9 131.6 131.1 125.9 123.5 122.7 120.3 119.5 116.7 113.3 109.6 103 95.4 85.3 83.2 81.7 78.9 83.1 79.9 79.5 76 72.9 72.1 69.9 67.8 66.2 65.7 63.1 60.7 59.5 61.5 60.2 54.5 57.8 56.5 52.8 51.4 48.8 47 46 44.7 42.6 41.4 39.4 38.3 36.5 34.5 32.8 32.6 34.3 34.6 35 35.2 36.2 36.9 38.6 38.4 40.5 43.1 45.3 47 48 49.7 51.2 54.7 59 62.1 56.6 48.9 43.6
213.1 207.2 202.5 198 192.1 186.2 179.2 170 162.4 153.1 147.8 144.5 140.8 134.1 132.3 129 126.5 123.3 122.7 120 117.6 114.5 114.6 109 106.4 103 103.4 99 93.1 90.4 86.5 86.3 84.4 82.7 79.6 77.3 75.6 73.5 70.1 68 67.2 66.4 64.7 62.1 60.6 59.3 60.4 60.9 60.4 58.7 57 55.4 53.3 52.4 49.6 47.5 44.1 43.5 42.5 38 36.3 34 33.2 30.7 32.6 33.5 34.2 34.9 37.3 37.6 39.2 41.5 43.4 44.8 45.9 46.7 47.5 48.3 50.3 54 57.8 61.1 57.6 49.6 41.1
210 203.9 200.8 193.9 189 181.2 175.2 167.1 159 152.4 144.7 138.9 133.1 131.9 132 130.3 128.8 128.3 127.1 127.1 125.1 122.3 121.1 119.9 115.8 112.7 107.2 102 98.2 93.3 90.2 87.7 86 85.3 81 79.5 78.4 74.9 71.7 69.2 68.2 67.6 65.8 64.4 63.8 64 65.9 65.7 65.9 64.9 63.6 64.1 61.6 58.1 54.7 51.6 47.9 46.4 43.7 40.6 35.8 33.4 32.3 31.2 31.3 33.2 33.1 34.5 38.3 38.4 39.3 42.2 44.7 47.4 49.7 48.3 47.8 46.7 47.8 50.5 53.9 61.3 59.8 52.2 43.5
