WholeMapElevations/data/nc/nc00_OST50GRID_20230518/NC00.asc
ncols 200
nrows 200
xllcorner 200000
yllcorner 900000
cellsize 50
[rows 117 to 155 of 200, columns 89 to 177 of 200]
28 32 35.1 39.6 42.3 43.5 44.3 44.1 46.3 58.8 69.8 70.2 77.1 87.7 99.4 109.5 116.4 125.8 134.7 136.3 138.4 141 143.8 144.5 141.6 137.1 128.6 118.2 109.1 108.7 122.1 128.1 130.1 125.6 126.9 129.2 120.1 116.5 110.8 113.3 114.9 121.1 131.9 147.6 168.7 193.5 213.7 218.6 221.7 224.7 230.8 240.9 261.4 286.5 304.2 317.4 327.2 334.5 344.2 353.4 365.9 374.2 384.5 390.8 396.8 401 401.2 398.9 397.6 397.4 398.8 395.5 399.4 405 410.3 417.2 424.6 430.4 436.5 442.4 446.7 451.8 457.4 464.8 470.8 475.8 481.4 487.6 494.7
32.8 38 42.1 43.5 45.9 45.7 42 42.5 45.1 56.6 64.4 68.2 77.5 89 103.3 109.3 113.8 124.5 133.3 136.2 137 137.8 139.6 140.2 136.2 133.4 119.3 112.3 106.7 108.1 119.9 122.6 121 123.9 121.5 119.3 114.4 108.2 104.7 107.2 109.6 110.6 126 141.7 155.4 180.6 202.3 210.1 213.6 216.9 219.3 227 243.2 267.1 295.3 311.7 322.2 331.1 337.8 346.2 357.6 362.7 371.3 377.4 384.2 388.3 386.8 386.1 387.6 383.8 395.3 399.8 405 410.2 417.2 423.1 430.3 438.5 444.1 450.2 455.7 462.6 470.6 476.7 483.8 490 495.9 499.7 506.4
35.5 39.6 43.9 44.9 43.1 41.7 41.4 43.1 45.1 53 59.7 70.6 77.5 86.2 96.9 102.6 110.7 119.3 124.5 130.5 129.6 130.6 132.9 131.3 127.9 120.9 110 103.4 104.4 112 117.6 119.8 121.2 123.5 122 119.4 114 104.5 98.8 100.7 102.2 105.2 120 134.3 144.7 164.5 189.9 199.4 204.5 207.5 210.7 214.6 228 248.9 276.9 301.9 318.8 326.8 333.5 341.6 354.1 358.7 364.5 371.4 372.9 372.5 375.8 377.5 375 391 398.6 404.6 412 417.8 423 429.2 436.5 444.8 453.2 459.8 466.9 478.3 487.5 495.2 501.2 506.7 514.3 515.4 522.2
36.1 39.5 41.3 40 40.5 41.1 40.2 42.2 45.8 53.1 55.3 63.1 68.3 81.9 86.6 92.4 103.2 111 114.9 118.3 120.5 119.6 120.5 119.5 117.7 106.8 101.2 98 99.7 104.7 114.4 123.4 127.8 129.1 124.4 118.8 115.6 108 94 93.8 94.3 95.6 111.3 125.2 136 152.3 170.4 186.3 192.7 195.9 200.1 204 213.7 234.2 257.4 284.6 306.9 320.2 325.9 331.8 342.4 345.9 349.6 353.3 352.8 354.3 356.8 377.7 386.3 394.7 401.5 410.3 417.7 425.2 430.5 437 445.9 454.7 465 475.1 485.4 497.6 508 515.6 523.1 527.3 534.3 537.9 541.9
35.1 37.5 37.6 35.6 35.3 36.9 40 42.1 45.7 48.1 48.9 57.1 60.9 73.6 77.8 84.2 95 100.9 105.9 107.8 108.6 108.6 108 108 104.5 98.9 92.5 92.3 92.6 96.8 108 118.8 128.3 127.4 124.3 117.9 113.8 111.2 97.9 89.8 89.7 89.2 101.7 107.2 122.3 145.5 158.6 172 181.1 184.5 189.6 195.3 201.4 218.7 240.4 262.8 287.9 306.2 315.3 323.5 324.5 323 333.2 342.7 360.9 370.4 379.2 386.1 391.5 399.3 407.4 416.2 425.4 431.9 437 444.8 454.8 468.6 480.8 493.1 506.6 519.2 529.7 540.1 548.3 554.1 559.3 562.2 564.9
33.7 34.9 34.1 33.8 32.7 33.1 36 39.8 42 43.3 45.3 45.9 51.8 64.2 71.7 74.9 83.4 94.2 97.6 97.9 97.6 98 98.4 95 94.1 90.8 86.2 85.7 86 89.8 104.8 113.6 119.3 119.3 117.4 117.1 113.2 106.9 100.5 84.7 85.1 84.7 85.2 96.4 113.3 133.3 150.4 162.3 167.5 171.7 178.7 184.9 188.7 206.4 227.8 245.4 264.4 269.9 280.2 289.7 285.3 298.2 320.3 342.2 368 376.9 383.8 391.4 398.7 405.6 412.3 423.4 432.1 438.5 447.5 457.9 470 480.8 496.8 511.9 526.7 541.3 555.3 566.6 575.6 582 586.7 590 590.9
32.7 31.8 29.3 29.5 29.8 30.7 30.8 34.1 37.7 38.4 39.1 40.3 42.5 50.6 61.8 64.5 70.5 79.6 87.5 89.6 87.8 85.6 85.6 85.7 83.8 81.2 79.3 78.3 77.9 83.2 97.1 108.8 112 110.6 108.4 111.9 109.3 99.6 95.4 85.8 81 83.5 82.6 89.5 106.3 123.6 140.7 151.5 156.1 159.1 165 171.2 178.1 189.8 217 219.3 209.7 234.9 259.7 280.8 313.2 334 352.9 367.9 375.3 381.5 389.6 397.5 404.5 410.4 420.5 432.6 440.7 447.5 459 471.3 484.3 498.3 514.4 530.3 547.2 567.1 582 594.6 603.5 611.7 617.8 619.3 620.8
31.8 28.8 26.1 25.6 26.2 28.7 28.1 28.3 31.6 34.1 32.4 32.2 36 39.8 46.9 49.5 55.6 61.4 68.8 75.8 79.1 79.5 79.3 77.4 75 75.1 74.4 72.8 71.3 75.6 88.4 99.5 104 99.9 102.7 102 99.7 91.8 85.8 80.8 77.3 80.7 80.8 84.2 99.7 117.4 134.5 142.9 147.1 151.3 156.2 161.4 163.7 167 194 215.2 232.3 254.9 282.7 309 334.5 352.1 364.2 374.2 381.1 387.3 392 400.5 409.1 417.2 430.3 441.4 450 461.2 473.9 485.8 500.3 518.1 536.1 551 570.4 589 610.7 623.7 634 642.7 649.3 653 654.3
26.8 24.2 22.5 21.4 22.5 24 24.9 26 27 26.5 25.9 25.2 26 29.4 33.4 38 41.8 46.7 52.2 58.4 67.7 71.9 70.5 66.8 63.9 62.3 66.1 65.6 66.1 66.6 76.1 85.3 86 85.4 88.3 94 92.8 89.3 86 79.4 72.3 78 78.2 81.1 93.2 111.5 130.1 139.6 143.2 145.3 149.9 150.7 153.7 169.9 189.5 205.5 217.9 241.1 263.5 290.2 324.7 350.8 366.9 378.5 385.8 390.2 394.4 401.3 411.8 422.6 436.7 448.1 459.5 472.6 487 500.2 520.9 539.9 559.2 576.5 593.7 612.7 637.3 654.9 666.7 677.4 686.1 690.5 692.8
20.1 19.9 19.7 16.1 15.9 16.2 21.7 23.9 22.7 21.8 20.7 18.3 19.5 21.9 24.2 29.7 36.4 40.5 46.3 52.7 59.4 63.3 62.7 60 57.5 58.8 61.2 63.7 64.7 65.5 65.9 73.4 75.2 77.5 79 81.8 85.5 89.1 90.3 84.9 73.1 77.6 77.4 78.2 87.7 102.4 122.5 132.1 137.5 143.2 144.1 141.9 147.4 159.5 178.6 191.8 210 221.7 245 274.2 306.3 345.6 367.3 379.9 387.5 391.6 395.4 401.9 414.7 427.7 443.1 456.8 469.3 483.8 499.1 520.7 543.8 564 583.8 604.2 622.9 642.4 662.8 686.2 700.6 713.4 727.5 726.6 734.3
6.4 14.7 13.3 12.1 7.2 6.2 11.9 14.2 15.2 15.1 15.3 15.7 15.8 16 17.1 20 24.5 32.8 40.5 45.9 54.5 54.9 57.1 55.6 55.6 57.7 60.4 64 65.3 66.7 67.3 68.7 71.9 75.7 78.2 81 82.7 84.8 84.7 80 77.8 75.3 75.5 75.4 81.2 95 111 119.5 127.9 132.7 133.2 130.5 138.8 154.5 176.1 187.7 199.6 208.9 231.5 262.5 295.2 333.2 369.2 388.2 387.7 389.5 394.9 405 417.6 431.8 450.2 464.3 480.2 493.7 515.2 540.4 565.1 587.2 610.5 633.5 653.1 669.5 691.4 708.7 731.3 723.4 699 669.9 676.5
1.8 12.6 8.7 4.5 1.3 0.4 3.7 5.2 1.4 4.9 10 7.4 11.7 12.8 12.4 12.4 13.6 16.8 26.7 42.8 48.7 48 49.6 50.8 55.3 57 60.9 64 70.1 71.1 70.3 70.5 72 76 78.7 82.1 78.9 82.1 82.1 77.8 70.5 74.1 74.8 74.7 75.4 87.9 103 115.6 120.2 121.6 119.6 111.7 128.3 146.3 174.3 185.9 190.4 197 220.1 256 289.3 334.2 385.3 388.6 384.3 391 397.3 403.3 415.3 432.2 453.4 469.1 488.7 509 536.3 560.8 584.5 611.1 634.6 658.5 680.1 702.7 696 696.3 708.6 693.7 656.9 636.8 626.8
-2 -2 2.7 -2 -2 -2 -2 -2 -2 -2 -2 0.7 2.1 4.6 9.5 8.5 7.9 8.8 13 27.7 38.7 41.3 36.5 45.5 51.7 51.7 54.3 52.7 66.6 64.9 69.7 74.3 76.6 71.8 77 75.4 73.2 75.4 73.9 72.3 68.8 71.1 79.3 74.4 73.7 75.5 95.3 108.2 111.8 109.9 105.9 109.9 113.9 131.6 162.4 178.8 182.2 185.7 218.7 259.1 294.8 332.8 379.7 380.3 383.4 392.7 395.7 403.2 424.6 437.3 455.2 475.8 506.9 532.7 556.4 580.9 605.2 631.6 656 682.7 706.4 679.7 653.6 646.3 665.5 662.6 629.4 595.3 603
-2 -2 -2 -2 -2 -2 -2 -2 -2 -2 -2 -2 -2 2.3 5 3.1 2 -2 -2 4.6 19 21.8 17.9 30.7 37.7 42.9 40.7 42.1 53.5 58.8 68.4 74 71.3 68.6 67.6 66.8 65.7 64 60.7 60.5 59.9 63.9 72.9 76.6 72.1 71 78.5 101.5 103 100.4 93.5 96.9 107.1 118.3 144.8 168.9 169.1 179.2 220.2 271.3 304.5 339.7 354 360.7 373.9 386.4 392.9 401.9 420.6 437.2 458.5 481.2 519.6 550.8 576.9 598.9 624.1 652.3 678.5 677.4 664.3 639.7 611.5 604.9 619.1 621.9 607.7 568.1 550.3
-2 -2 -2 -2 -2 -2 -2 -2 -2 -2 -2 -2 -2 -2 -2 -2 -2 -2 -2 -2 -2 -2 3.5 14.5 16.2 21.8 25.5 31.3 41.9 52.8 62.9 70.3 65.2 63.9 64.7 64.2 62.3 59.5 56.5 55.2 53.5 53.3 64.7 69.3 71.6 62.8 60.9 84.6 96.4 95.8 79.3 89.1 98.9 115.2 130 148.4 154.2 174 209.2 251.9 298.1 319.5 327.5 343.7 354.6 368.2 381.5 397.1 412.7 432.5 452.9 476.6 513.1 560.6 591.8 615.1 626.5 651.2 631.8 620.9 635.5 602.3 573.7 564.8 579.6 575.2 586.3 552.1 501.7
-2 -2 -2 -2 -2 -2 -2 -2 -2 -2 -2 -2 -2 -2 -2 -2 -2 -2 -2 -2 -2 -2 -2 -2 -2 -2 -2 22.2 35.2 45.5 57 60.8 60.2 59.2 57.8 60.2 60.2 57.4 54 50.5 42.2 43.6 51.8 57 57.9 53.2 49.2 61.7 77.6 78.4 66.9 85.4 89.3 109.5 124.9 134 145.1 166.2 200.6 254.4 282.2 295.3 303.2 326.3 343.5 349.2 368.9 384.4 403.1 427 444.3 465.4 493.3 522.1 559.3 572.8 584.2 604 591 583.9 592.8 575.5 538.9 518 544.2 534.7 528.5 495.5 473.3
-2 -2 -2 -2 -2 -2 -2 -2 -2 -2 -2 -2 -2 -2 -2 -2 -2 -2 -2 -2 -2 -2 -2 -2 -2 -2 -2 -2 22.9 36.5 44.3 49 47.9 48.9 48.7 48.8 50.6 51.4 47.5 43.7 38.4 37.7 38.3 41.9 41.8 43.1 43.7 49.9 60.1 61.5 68.2 74.7 79.5 95.2 117.5 124.6 134.7 155.5 188.3 226.2 246.8 258.4 288.9 315.6 328.2 336.3 348.6 358.5 380.6 409.4 420.7 442.2 466.5 487.3 498.7 506.2 529.9 544.3 547.8 550 539.1 534.7 512.7 482.5 484.7 467.5 460.8 414.6 406.7
-2 -2 -2 -2 -2 -2 -2 -2 -2 -2 -2 -2 -2 -2 -2 -2 -2 -2 -2 -2 -2 -2 -2 -2 -2 -2 -2 -2 -2 25 29.1 33.4 33.2 33.7 36.5 38.6 40.1 39.7 37.2 34.1 34.3 28.7 29.2 30 35 38.5 42.9 34.7 49.9 48.8 56.9 62.5 66.3 82.8 99.6 110.2 121.8 138 164.7 194.9 208 226.2 257.6 297.9 315.8 318.7 334.7 341.6 354.7 377.8 395.7 410.6 427.4 442.8 451.3 458.7 467.7 480.6 488.1 491.2 483.2 472.6 456.4 431.5 395.3 385.9 385.4 376.1 368.7
-2 -2 -2 -2 -2 -2 -2 -2 -2 -2 -2 -2 -2 -2 -2 -2 -2 -2 -2 -2 -2 -2 -2 -2 -2 -2 -2 -2 -2 11.7 17.6 15.7 23.4 27 26.7 28.9 29.5 29.7 24.9 24.1 25.9 22.8 23.5 22.8 27.8 30.7 35.7 30.1 37.5 42.6 43.7 49.8 52.9 66.9 85.5 94.1 104.5 117.3 135.8 159.5 175.4 200.6 230.8 255.8 278.2 288 295.9 309.1 332.6 348.2 367.6 375.4 390.9 396.1 406.9 414.4 427.9 436.2 441.3 431.1 399.2 396.4 380 382.2 354.7 349.2 343.6 337.2 329.3
-2 -2 -2 -2 -2 -2 -2 -2 -2 -2 -2 -2 -2 -2 -2 -2 -2 -2 -2 -2 -2 -2 -2 -2 -2 -2 -2 -2 -2 -2 -2 -2 7 13.2 19.4 21.1 19.9 16.8 14.1 16.2 16.4 15.3 15.6 14.8 15.7 17.9 22.9 22.8 28.8 35.5 35.6 37.6 43.1 56 64.9 72.5 86.3 98.1 107.5 125.3 154.3 182 219.2 235.9 253.1 260.3 259.4 280.3 305.8 312.6 324.3 340.5 348 357.7 372.5 378.4 383.5 378.8 377.1 371.5 363.3 360.4 345.7 330.7 321.6 313.4 304.7 301.6 292.3
-2 -2 -2 -2 -2 -2 -2 -2 -2 -2 -2 -2 -2 -2 -2 -2 -2 -2 -2 -2 -2 -2 -2 -2 -2 -2 -2 -2 -2 -2 -2 -2 -2 -2 -2 -2 -2 -2 8.9 8.1 4.7 3 2.4 1.9 6.8 11.2 14 16.1 17 25.6 26.9 28.3 32.2 43.5 50.2 54.4 64.8 71.7 83.1 104.8 139.9 155.4 190.1 214.4 230 237.3 243.7 268.1 297.2 303.7 310.9 316.7 320.2 324.7 326 330.4 335.7 330.4 325.3 324.5 326.4 325.4 312.7 299.3 294.2 285 276.4 271.6 267
-2 -2 -2 -2 -2 -2 -2 -2 -2 -2 -2 -2 -2 -2 -2 -2 -2 -2 -2 -2 -2 -2 -2 -2 -2 -2 -2 -2 -2 -2 -2 -2 -2 -2 -2 -2 -2 -2 -2 -2 -2 -2 -2 -2 -2 1.8 8.6 9.3 7.7 15.6 19.2 20.1 21.7 25.4 37.1 40.9 44.7 52.7 63 87.8 115.4 137.6 166 197.9 220.7 228.8 239.1 265.2 276.5 283.6 288.5 291.7 294 295.8 296.1 298.8 296.4 295.7 293.1 290.8 292.2 288.8 283.6 276.4 274.2 268.8 263.5 259.6 258.8
-2 -2 -2 -2 -2 -2 -2 -2 -2 -2 -2 -2 -2 -2 -2 -2 -2 -2 -2 -2 -2 -2 -2 -2 -2 -2 -2 -2 -2 -2 -2 -2 -2 -2 -2 -2 -2 -2 -2 -2 -2 -2 -2 -2 -2 -2 -2 -2 -2 0.8 5.2 9.4 14.3 14.2 18.1 18.9 29.8 40.6 51.6 73.1 100.1 121.6 154.1 189.1 205.9 216.5 248.9 254.4 259 258 261.4 263.8 271.5 279.6 279.4 279.2 277.3 277 275 271.3 267.4 263.6 263.4 255.1 255.8 257.3 254.6 252.6 249.1
-2 -2 -2 -2 -2 -2 -2 -2 -2 -2 -2 -2 -2 -2 -2 -2 -2 -2 -2 -2 -2 -2 -2 -2 -2 -2 -2 -2 -2 -2 -2 -2 -2 -2 -2 -2 -2 -2 -2 -2 -2 -2 -2 -2 -2 -2 -2 -2 -2 -2 -2 -2 3.4 9.1 8.7 8.5 16.7 27.1 40 59.6 87.7 111.5 136.1 164.2 189.2 198.5 228.9 242.8 248.2 250.2 254.7 255.1 264.6 264.3 268 266.8 261.5 259.2 257.2 249.8 246.9 240 235.8 235.1 235 243.3 247.5 244.4 238.8
-2 -2 -2 -2 -2 -2 -2 -2 -2 -2 -2 -2 -2 -2 -2 -2 -2 -2 -2 -2 -2 -2 -2 -2 -2 -2 -2 -2 -2 -2 -2 -2 -2 -2 -2 -2 -2 -2 -2 -2 -2 -2 -2 -2 -2 -2 -2 -2 -2 -2 -2 -2 -2 -2 -2 -2 2.9 12.6 26.7 49 73.4 99.5 118.8 139.8 155.1 172.5 211.8 227.4 233.6 236.7 243.7 244.7 243.8 243.6 245.5 240.7 238.1 237.2 235.4 229.2 227.8 221.6 217.7 219.7 226.5 238.5 235.5 222.3 226.3
-2 -2 -2 -2 -2 -2 -2 -2 -2 -2 -2 -2 -2 -2 -2 -2 -2 -2 -2 -2 -2 -2 -2 -2 -2 -2 -2 -2 -2 -2 -2 -2 -2 -2 -2 -2 -2 -2 -2 -2 -2 -2 -2 -2 -2 -2 -2 -2 -2 -2 -2 -2 -2 -2 -2 -2 -2 -2 11 26.1 48.4 78.5 98.2 114.7 131.8 152.1 182.5 199.6 211.1 212.6 221.3 223.5 222.8 224.5 223.4 221.9 217.2 218.7 212.2 203.9 205.5 201.1 195.7 197.9 223.9 225.2 220.9 217.2 220
-2 -2 -2 -2 -2 -2 -2 -2 -2 -2 -2 -2 -2 -2 -2 -2 -2 -2 -2 -2 -2 -2 -2 -2 -2 -2 -2 -2 -2 -2 -2 -2 -2 -2 -2 -2 -2 -2 -2 -2 -2 -2 -2 -2 -2 -2 -2 -2 -2 -2 -2 -2 -2 -2 -2 -2 -2 -2 -2 -2 21.8 45.3 64.6 83.9 101.5 114.6 160.5 169 180 185.8 196.3 197.7 196.5 199.2 194.8 195.7 190.8 190.2 181.7 179.9 185.2 180.8 172.8 202.9 211.4 213.7 213 212.6 208.6
-2 -2 -2 -2 -2 -2 -2 -2 -2 -2 -2 -2 -2 -2 -2 -2 -2 -2 -2 -2 -2 -2 -2 -2 -2 -2 -2 -2 -2 -2 -2 -2 -2 -2 -2 -2 -2 -2 -2 -2 -2 -2 -2 -2 -2 -2 -2 -2 -2 -2 -2 -2 -2 -2 -2 -2 -2 -2 -2 -2 -2 11.3 30.7 48.9 62.4 77.5 108.4 132.4 144 154.1 163.3 166.4 168.7 171.2 171.5 167.8 166.1 153.5 160.6 155.6 170.4 163.1 163.6 183.1 189.3 197 194 188.7 184.8
-2 -2 -2 -2 -2 -2 -2 -2 -2 -2 -2 -2 -2 -2 -2 -2 -2 -2 -2 -2 -2 -2 -2 -2 -2 -2 -2 -2 -2 -2 -2 -2 -2 -2 -2 -2 -2 -2 -2 -2 -2 -2 -2 -2 -2 -2 -2 -2 -2 -2 -2 -2 -2 -2 -2 -2 -2 -2 -2 -2 -2 -2 -2 -2 6.6 45.7 61.7 89 107.9 117.9 132.3 135.7 135 123.9 118.6 120.3 117.7 115.2 115.5 114.9 114.8 118.7 134.3 151.6 165.8 161.8 151.7 149.3 154.8
-2 -2 -2 -2 -2 -2 -2 -2 -2 -2 -2 -2 -2 -2 -2 -2 -2 -2 -2 -2 -2 -2 -2 -2 -2 -2 -2 -2 -2 -2 -2 -2 -2 -2 -2 -2 -2 -2 -2 -2 -2 -2 -2 -2 -2 -2 -2 -2 -2 -2 -2 -2 -2 -2 -2 -2 -2 -2 -2 -2 -2 -2 -2 -2 -2 -2 41.5 51 63.3 74.9 94 93.5 82 80.1 80.7 82.1 86.1 93.6 90.6 87.5 96.3 103.7 110.2 116 123.2 136.2 146.1 151.4 150.5
-2 -2 -2 -2 -2 -2 -2 -2 -2 -2 -2 -2 -2 -2 -2 -2 -2 -2 -2 -2 -2 -2 -2 -2 -2 -2 -2 -2 -2 -2 -2 -2 -2 -2 -2 -2 -2 -2 -2 -2 -2 -2 -2 -2 -2 -2 -2 -2 -2 -2 -2 -2 -2 -2 -2 -2 -2 -2 -2 -2 -2 -2 -2 -2 -2 -2 -2 -2 30.4 32.8 38.7 42.9 39.2 43.1 49.9 55.3 68.7 65.5 80.8 89.3 102.4 115.9 118.5 124.2 140.4 148.9 152.9 169.6 169.1
-2 -2 -2 -2 -2 -2 -2 -2 -2 -2 -2 -2 -2 -2 -2 -2 -2 -2 -2 -2 -2 -2 -2 -2 -2 -2 -2 -2 -2 -2 -2 -2 -2 -2 -2 -2 -2 -2 -2 -2 -2 -2 -2 -2 -2 -2 -2 -2 -2 -2 -2 -2 -2 -2 -2 -2 -2 -2 -2 -2 -2 -2 -2 -2 -2 -2 -2 -2 -2 -2 -2 -2 -2 8.1 17.2 46.5 64 74.7 96.6 119.3 127.1 133.9 132.5 143.1 150.4 157.7 174.5 179.3 187.4
-2 -2 -2 -2 -2 -2 -2 -2 -2 -2 -2 -2 -2 -2 -2 -2 -2 -2 -2 -2 -2 -2 -2 -2 -2 -2 -2 -2 -2 -2 -2 -2 -2 -2 -2 -2 -2 -2 -2 -2 -2 -2 -2 -2 -2 -2 -2 -2 -2 -2 -2 -2 -2 -2 -2 -2 -2 -2 -2 -2 -2 -2 -2 -2 -2 -2 -2 -2 -2 -2 -2 -2 -2 -2 27.6 49.7 64.6 80.7 119.4 133 139 144.6 136 155.4 164.7 177.7 193.2 195 193.6
-2 -2 -2 -2 -2 -2 -2 -2 -2 -2 -2 -2 -2 -2 -2 -2 -2 -2 -2 -2 -2 -2 -2 -2 -2 -2 -2 -2 -2 -2 -2 -2 -2 -2 -2 -2 -2 -2 -2 -2 -2 -2 -2 -2 -2 -2 -2 -2 -2 -2 -2 -2 -2 -2 -2 -2 -2 -2 -2 -2 -2 -2 -2 -2 -2 -2 -2 -2 -2 -2 -2 -2 -2 -2 22.5 49.7 69.2 107.5 130.2 137.6 132.7 147.4 146.9 162.8 175 195.3 198.7 198.3 194.2
-2 -2 -2 -2 -2 -2 -2 -2 -2 -2 -2 -2 -2 -2 -2 -2 -2 -2 -2 -2 -2 -2 -2 -2 -2 -2 -2 -2 -2 -2 -2 -2 -2 -2 -2 -2 -2 -2 -2 -2 -2 -2 -2 -2 -2 -2 -2 -2 -2 -2 -2 -2 -2 -2 -2 -2 -2 -2 -2 -2 -2 -2 -2 -2 -2 -2 -2 -2 -2 -2 -2 -2 -2 -2 5.3 35.8 52.3 74.6 101 129.2 137.9 153.6 163.5 181.2 191.8 206.9 205.3 203.5 199.5
-2 -2 -2 -2 -2 -2 -2 -2 -2 -2 -2 -2 -2 -2 -2 -2 -2 -2 -2 -2 -2 -2 -2 -2 -2 -2 -2 -2 -2 -2 -2 -2 -2 -2 -2 -2 -2 -2 -2 -2 -2 -2 -2 -2 -2 -2 -2 -2 -2 -2 -2 -2 -2 -2 -2 -2 -2 -2 -2 -2 -2 -2 -2 -2 -2 -2 -2 -2 -2 -2 -2 -2 -2 -2 -2 18.9 44.2 89.9 117.6 152.9 165.2 172.8 177.9 187.7 207.2 207.6 208.7 210.1 208.1
-2 -2 -2 -2 -2 -2 -2 -2 -2 -2 -2 -2 -2 -2 -2 -2 -2 -2 -2 -2 -2 -2 -2 -2 -2 -2 -2 -2 -2 -2 -2 -2 -2 -2 -2 -2 -2 -2 -2 -2 -2 -2 -2 -2 -2 -2 -2 -2 -2 -2 -2 -2 -2 -2 -2 -2 -2 -2 -2 -2 -2 -2 -2 -2 -2 -2 -2 -2 -2 -2 -2 -2 -2 -2 -2 12.4 42.1 87.3 137.7 177.4 179.1 181.1 184.6 194 212.2 213.2 215.4 216 213.2
-2 -2 -2 -2 -2 -2 -2 -2 -2 -2 -2 -2 -2 -2 -2 -2 -2 -2 -2 -2 -2 -2 -2 -2 -2 -2 -2 -2 -2 -2 -2 -2 -2 -2 -2 -2 -2 -2 -2 -2 -2 -2 -2 -2 -2 -2 -2 -2 -2 -2 -2 -2 -2 -2 -2 -2 -2 -2 -2 -2 -2 -2 -2 -2 -2 -2 -2 -2 -2 -2 -2 -2 -2 -2 -2 24.8 44.5 85.8 126.7 172 177.4 181.2 189.3 195.7 216.1 217.8 216.2 213.8 208.6
-2 -2 -2 -2 -2 -2 -2 -2 -2 -2 -2 -2 -2 -2 -2 -2 -2 -2 -2 -2 -2 -2 -2 -2 -2 -2 -2 -2 -2 -2 -2 -2 -2 -2 -2 -2 -2 -2 -2 -2 -2 -2 -2 -2 -2 -2 -2 -2 -2 -2 -2 -2 -2 -2 -2 -2 -2 -2 -2 -2 -2 -2 -2 -2 -2 -2 -2 -2 -2 -2 -2 -2 -2 -2 -2 -2 36 71.5 109.8 124.5 140.2 157.2 162.4 173 189.4 200.3 205 202 202.9
