UK/data/su/su91_OST50GRID_20230518/SU91.asc
ncols 200
nrows 200
xllcorner 490000
yllcorner 110000
cellsize 50
[rows 144 to 179 of 200, columns 0 to 80 of 200]
78.6 78.2 78.4 79.6 82.1 82.8 81 79.5 77.8 77.2 77 77.4 77.2 77.6 77.9 78.2 78.5 80.2 81.6 83.3 85.1 85.7 85.2 84.2 83.8 81.6 81.4 81.9 82.6 84.4 85 85.1 85.3 85.8 86.9 86.8 86.6 86.3 85.9 85.7 88.5 94.4 99.5 103.3 104.9 106.2 104.6 100.3 94.1 92.2 92.2 92.9 93.9 94.4 95.4 95.4 95.5 96.3 96.7 97 99.9 100 100 98.6 98.5 99.2 102.9 108.7 114.9 121.6 122 116.3 113.8 119.7 126.6 134 142.3 150.9 158.7 166.5 173.3
80.2 79.9 80.1 83.4 86.5 89 89.5 87.5 84.6 82.4 81.1 80.4 79.7 79.4 79.3 80 81.9 84.2 88 90.8 92.9 93.9 93.6 91.4 89 85.9 83 82.2 82.1 82.6 83.4 84.2 84 83.8 84.3 84.8 85 86 86.8 89.3 96.1 103.5 108.7 111.4 112.8 112 109.9 102 97.4 93.5 92.5 92.1 92.4 92.9 93.3 94.1 96.8 97.1 95.7 95.6 96.3 96.5 97.5 98.4 98.8 102.3 108.2 119.4 126.1 130.3 130.5 123.4 116.2 116.6 124.1 132.7 142.3 150.6 158.7 166.3 173.1
82 81.8 83.4 88.7 93 97.2 98.3 99 96.3 92.5 89 87.2 85.8 84 82.4 82.8 87.4 93.4 98.6 101.6 103.5 104.6 103.7 100.8 96.5 91.3 85.7 84.2 84.3 84.6 84 84.4 85.3 84.9 85.4 85 86.4 89 93.2 100.2 107.1 113.4 117.8 119.7 119.5 117.6 115.1 103.5 99.2 98.5 96.2 95.2 93.6 94 94.5 96.5 99.1 100.7 98.7 99.7 99.8 99.3 99 98.8 100.8 108.2 118.8 126 133.1 138.4 135 128.1 121.4 117.3 121.8 130.6 140.5 150.1 157.4 165.3 171.5
83.4 83.5 89.5 97.3 103.6 108.7 111.7 112.8 110.8 106.7 102.3 97.4 93.7 89.8 86.3 86.3 93 100.3 106 110.1 112.6 112.8 111 107.9 102.9 96.8 89.2 87.3 91.2 93.6 92.2 92 90.2 88.4 87 87.1 91.2 97.7 103.4 111.9 118.4 122.7 126.4 127.4 125.3 121.7 116.4 107.1 100.9 104.3 107 106.5 105.5 105.5 107.3 108.5 111.6 113.3 112.9 111.3 109.7 107.5 106.3 103.7 103.8 114.5 121.7 129 136.3 140.4 137.5 131.3 125.2 119.5 120.5 128.1 138.3 148.8 156.3 163.2 169.7
84.8 89.9 98.5 106.5 113.6 119.1 122.6 123.8 122.8 120.2 116.2 110.1 103 96.7 91.8 89.8 93.6 101.9 109.3 114.5 117.3 117.8 115.7 111.6 106.3 99.3 89.9 92 99.2 107.6 107.7 105.9 100.6 94.3 89.7 91.3 98.5 105.6 113.4 122.6 129.1 133.9 135.2 133.3 129.3 124.8 116.3 108.5 106.8 111.3 115.8 120.6 121.8 122.6 125.6 126.8 128.7 130.5 129.3 126.7 124.3 120.3 115.9 112 108.6 117 123.6 130.2 137.9 142 139.8 134.4 129 123.6 121.2 127.6 137.2 146.4 153.5 160.9 167.1
89.1 97.2 106.1 114.4 121 126.5 130.1 131.7 131.3 129.4 125.6 118.7 111.4 104.4 99.3 94.3 94.1 99.9 109.6 116.4 120 121 117.8 113.9 107.9 98.6 91.7 98.5 107.6 117.2 120.5 119.2 113.3 104.2 93.4 96 105 113.7 122.4 129.4 135.3 139 140.4 137.3 131.9 125.7 116.6 108.1 112.3 119.7 125.3 130 135 136.5 140 139.8 142.8 142.5 142.8 139.6 136.1 131.9 127.5 117 112.5 116.4 124 131.7 139.4 143 141.8 136.7 131.5 126.3 124.2 128.8 136.9 146.1 152.6 158.9 164.8
91.5 101.2 110 118.2 125.1 130.8 134.8 137.3 137.7 136.3 131.9 126.4 119.2 112.7 108 102.8 98.9 99.9 106.7 116.6 121.9 123 119.6 114.8 107.8 97.3 94.4 105.1 114.3 124.5 127.7 128.5 123.7 110.6 97.7 98.6 108.1 117.5 125.9 132.5 138.1 141.6 141.8 137.9 132.5 124.6 114.8 113.3 119 128.1 134.7 139.3 143.8 144.3 148.7 150.8 152.3 151.8 150.3 148.1 145.2 141.1 133.5 119.6 117 118.4 125.6 133.1 140.5 144.2 143.7 138.8 134 129.1 127.4 131.6 136.7 145 151.3 156.3 162.1
91.9 102 111.2 120.3 127.9 134.1 138.9 141.7 142.7 141.8 138.5 133.5 127 121 116.4 111.8 108.3 104.8 105.7 115.7 122.2 123 119.7 114 104.3 97.5 99.2 111 122.2 131 135.1 136.5 131.6 118.7 104.5 101.2 107.3 116.5 126.3 133.6 139.5 142.2 142.1 139.1 133.2 123.9 114 118.8 126.8 133.3 138.9 144 148.1 152.2 156.1 158.5 160.5 159.6 157.4 154.1 150.3 144.4 138.1 126.5 119.2 119.3 127 134.6 141.7 145.3 145.1 140.8 136.4 132.1 130.8 133.7 138.1 144.5 150.5 155.1 159.9
91.6 99.7 110.9 120.9 129.7 135.7 141.6 145.3 146.8 146.7 145.1 140.3 134.4 129.2 124.8 121.3 118.8 115.7 109.9 115.8 122.2 122.5 118.6 112 100.8 97.5 106.5 118.9 126.7 134.7 141.6 142.5 137.8 127.2 112.1 101.5 103.8 111.4 122.7 132.4 138.7 143.3 142.4 139.2 133.9 124.2 114.7 124.6 131.6 137.5 142.9 146.9 153.1 158.1 161.6 165.4 167.5 166.2 162.9 159.3 154.2 147.7 140.7 129.1 120.1 119.2 128.4 136 142.8 146.2 145.1 140.9 137.1 135.2 133.9 134.5 139 144.5 149.3 153.1 157.2
93.3 97.3 108.7 119.7 130.9 137.3 143.3 147.7 150 150.8 150.1 147.8 142.4 138.3 134.4 130.9 128 123.3 117 117.1 122.6 120.9 117.6 107.9 100.7 103.5 115 126.8 132.6 139.5 144.7 146.1 144.5 138.4 124.1 111.8 106 111.7 122.8 131.6 139.5 143.1 143.8 140.9 134.7 126.4 118.3 128.3 135.1 141 145.2 149.8 156.2 162 166.1 170.1 172.1 170.6 167.6 164.3 159.1 150.5 141.9 133.7 124.5 119.3 127 134.9 143.2 146.9 146 142.5 140.7 139 137.3 137.6 139.5 143.6 148.2 151.9 154.9
93.9 97.5 108.7 119.9 131.4 138.3 144.2 149.2 152.8 154.4 153.8 152.3 150 147 142.3 137.7 133.2 128 121.6 121.4 123.2 120.8 115.5 104.9 103.2 113.1 122 130.8 138 143.1 148 151.4 149.8 144.7 135.1 123.9 114.2 112.6 121.7 130.1 137.7 142.5 145.5 143.4 137.1 130 122.7 130.5 137.5 143.2 147.3 152.8 158.9 164.6 169.4 173.5 174.9 174.6 170.1 165.2 160.2 151.9 144.6 137.8 130.6 122.8 126.4 133.4 142.4 145.4 146.9 145.6 143.8 141.9 140.2 139 140.8 143 146.5 149.9 152.2
94.8 99.4 109.5 120.8 132.6 140.2 145.3 150.3 153.8 156.5 156.6 156 153.8 150.2 146.1 141.6 137 132.4 127.2 125.2 125.6 122.3 112.5 103.2 109.5 118.9 127.2 134.8 140.7 145.8 150.9 154.6 155.1 151.4 144.4 135.2 125.1 118.1 120.1 130.4 137.5 143.5 147.6 146.1 140.1 133.7 127.8 131.3 138.6 145 149.8 154.6 161.6 167.6 173.3 177 176.2 174.5 171.8 166.2 160.6 153.7 146.7 139.7 132.8 126.7 129.4 134.2 141.6 144 147.9 148.3 146.8 145.3 143.5 140.8 140.3 140.4 143.2 148.3 148.8
97.7 103.2 112.7 122.7 132.9 140.9 145.8 150.9 155 157.8 159.2 159.1 157.1 153.1 149 144.7 140.4 136.1 132.2 129.5 127.5 122 111.8 106.2 114.6 122.8 130.5 137.5 142.5 146.8 151.2 156.5 159.6 157.5 150.3 145.5 136.1 128.2 124.7 132.2 140 146.3 149.6 148.2 142.9 138.5 134.2 133.5 141.6 147.5 152.1 156.3 164 170.3 176.3 177.6 175.6 173.8 173.7 169 162.3 155.5 148.5 141.4 135.3 130.4 129.7 135.7 141.7 147.6 150.4 151.9 150.5 149 146.6 143.6 142.4 141.7 145.1 149.7 150.7
101.6 108.3 116 125.2 135 142 146.4 151.5 155.4 158.7 160.6 161 159.7 156 151.8 147.5 143.2 139.2 135.8 131.7 129.6 124.2 117 108.8 115.5 123.3 131 139.9 142.9 146.3 151.3 157.5 160.9 162.2 154.8 148.7 145.1 140.5 134.5 138 143.3 149.1 152.4 151.2 149.1 145.2 141.6 140.5 144.8 149.7 154.3 158.9 165.1 172.7 177.1 176 174.8 173.2 171.9 170.8 163.9 157.2 150.4 144.2 138.9 136 133.6 138.3 144.1 149.7 153.6 156 154.1 152.2 150 148.7 148.3 147.7 151.5 152 154.6
105.4 111.7 119.6 128.4 136.4 142.4 146.9 151.3 155.2 158.5 161.2 162.4 161.7 158.9 154.7 150.5 146.5 142.6 138.9 134.3 131.4 125.9 118.8 112.2 117.1 124.1 132.5 141.3 144.2 147.9 153.9 160.2 166.5 167.7 162.7 158.9 155.4 151 147.8 150.6 152.6 156.1 157.2 155.8 153.6 151.5 149.4 147.5 149 152.4 156.5 161.1 166.2 174.7 174.3 173.2 172.8 173.2 172.5 169.5 165.9 160.2 154.4 148.3 143.6 141.2 139.9 143.5 146.8 151.9 156.8 160.1 157.9 155.7 154 154.2 153.8 154.3 155.2 156 156.7
109.2 115.5 122.7 130.1 137.1 142.5 146.9 150.8 154.6 158.2 160.9 163 163.1 161.8 157.8 153.9 149.9 146 141.6 136.9 133.3 127.6 121.6 116.4 118.7 126.9 132.7 142 145.2 150.5 156.3 162.6 168.9 170.6 168.2 167 165.8 162.2 160 158.5 160.4 162.4 161.5 160.4 158.2 156.3 154.2 155.1 156.7 159.7 162.8 166.1 170.3 173 173 173.4 173.7 173.6 172.1 169.6 166.7 163.1 158.1 153.7 149.3 147.2 146.4 148.2 150.3 155.3 159.9 162.3 161.5 160 158.8 158.3 157.6 157.8 156.1 155.5 154.5
111.3 118 124.9 131.8 137.2 142.1 146.3 149.4 152.8 156.7 160.6 163.2 164.2 163.4 160.7 156.8 152.8 149.5 144.6 139.6 135.3 130.7 125.7 120.2 120.4 129.2 138.7 142.5 147.8 153.1 158.8 165 169.5 172.1 171.1 169.7 168.9 169.1 168.3 167 167.7 166.7 165.8 164.8 163 161.1 161.6 162.2 161.9 165.5 167.4 170.7 172.7 173.5 173.9 174.1 173.8 173.5 171.6 169.3 167 164.8 161.5 158.9 155.4 153.5 152.9 153 154.3 158.7 162.1 163.5 163.3 162.3 161.4 160.6 159 156.8 154.6 152.3 150.7
110.3 117.9 125.8 131.4 135.6 139.9 144.5 147.5 151.3 155.2 159.2 162.8 164.5 164.4 163.4 159.5 155.7 153.4 148.4 143.2 138.8 134.9 130.3 124.9 123.4 133.2 142.6 147.3 150.5 155.8 161 167.3 170.1 172.8 173.7 172.5 172.2 172.2 172.8 172.3 170.4 170.8 170.1 168.4 168.2 167.8 167.2 166.5 166.9 168.3 169.3 170.8 171.9 172 172.9 173.1 173.5 173.4 171.9 169.8 168.1 165.9 164.1 162.2 160.6 159.1 158.9 158.8 159.8 161.8 162.6 163.4 163.5 162.5 160.9 158.9 156.8 154.3 151.3 149.1 146.4
109.1 114.2 122.3 128.3 132.9 137.6 142 146.6 149.7 153.6 158.1 161.9 164.1 165 164.4 162.3 159.7 157.2 152.3 148 143.3 139.2 134.6 129.3 127.6 137.2 145.3 149.7 154.1 158.3 162.8 166.7 169.2 171.9 174.2 174.4 174.2 174 174.2 173.2 170.3 170 170.3 170.4 170.6 169.8 168.6 168 167.9 167.8 167.6 168.5 169.2 169.5 169.6 169.6 169.3 169 168.6 167.6 166.7 165.4 163.9 162.1 161.1 160.2 159.6 160.5 161.1 161.4 161.6 162.4 163.1 161.3 158.9 156.6 154.6 152.1 147.8 143.8 141.3
109.6 111.2 117.8 125.6 130.5 135.4 139.9 143.4 147.4 152.4 156.9 161.2 163.1 165 165.1 164.3 162.7 160.8 157.1 152.7 148 143.4 139.1 134.9 131.1 139.4 146 149.9 154.3 158.3 162 165 167.4 169.4 171.6 172 172.3 172.1 172.7 172.6 170.2 169.3 168.3 167.3 168.1 167.1 166.5 165.7 165.6 165 165.3 164.9 165.2 165 164.6 164.3 164 163.7 163.4 163.8 163.3 162.4 162 161.1 160.6 159.2 159.4 159.7 160 160.5 161 161.5 161.5 159.6 157.2 154.8 152.4 149 143.4 136.6 134.2
114.5 111.5 116.4 124 129.1 134.3 138.5 141.3 144.7 150.1 155.8 159.8 162.4 163.7 164.7 164.4 164 162.4 160.7 157.3 152.5 147.5 146 142 138.8 142 147 150 154.2 157.9 160.7 163.6 166.1 166.7 167.1 166.9 166.7 167.7 168.7 168.7 168.2 166.5 165.1 163.7 163.3 162.8 162.8 162.7 162.2 161.8 161.2 160.3 159.9 159.5 159.1 158.7 158.4 158.1 157.9 158.5 159.2 158.9 158.5 158 157.6 157 157.4 157.4 157.7 158 158.3 158.6 159.1 157.2 154.8 152.4 149.2 145.4 139 131.4 127.3
117.5 115.1 116.7 119.6 126.4 133.1 137 139.8 144.9 150.4 155.5 158.6 160.9 162.2 163.1 163.7 164.3 163.4 162.2 160.6 156.4 151.7 151.3 149.6 145.8 144.1 148.1 150.2 152.7 156.9 158.4 159.8 160.7 161 161.5 161.3 161.2 162.9 163.9 163.9 163.7 161.5 159.8 158.6 157.9 158.3 158.8 158.4 158 156.9 155.9 154.8 154.3 153.9 153.5 153.1 152.7 152.5 152.5 153.2 153.9 154.6 154.2 153.5 152.7 151.9 152.8 153.4 153.9 154.7 155.2 155.5 156.5 154.7 152.3 149.1 145.3 141.9 135.2 126.9 122.2
119 119.5 119.5 121.1 124.4 131.1 136.3 142.1 147.8 151.3 155 156.5 158.4 159.9 161.5 162.3 163.3 163.8 162.9 161.5 159 155.1 153.4 151.8 148.1 147.5 148.4 149.6 150.4 151.1 152.9 154 155 155.4 155.8 155.6 156.2 158 159.1 159.1 158.9 156.7 154.3 153.1 152.7 153 153.9 153.8 153.4 151.8 150.4 149.3 148.7 148.3 147.9 147.5 147.1 147 147.2 147.9 148.6 149.5 149.3 148.5 147.7 146.9 147.6 148.9 149.9 150.8 151.6 152.3 153.5 152.1 149.5 146.3 143.2 140.1 132.9 124.8 120.4
121.7 121.6 122.4 124.4 128.1 134.1 139.6 145.2 149.9 151.6 153.3 154.1 155.6 157.1 158.6 160.4 161.8 162.7 162.7 161.9 159.7 157 155.2 153.3 151.5 150 150.5 150.2 148.3 145.9 147.2 148.2 149.2 149.7 150.1 150 151.1 153 154.3 155 154.2 152.2 149.6 147.4 147.4 147.9 148.8 148.8 148.4 147 145.3 143.9 143.1 143 142.8 142.3 141.7 141.5 141.9 142.9 143.9 144.4 144.3 143.5 142.7 141.9 142.2 143.2 144.2 145.2 146.7 148.3 150.4 149.6 147 144.2 141.3 138.3 131.3 126.3 122.1
124.3 123.7 124.4 128.4 134.5 138.5 143.2 148.6 149.6 149.6 150.5 151.2 151.9 152.6 154.5 158 159.7 161 160.7 160 158.8 157.7 156.6 154.9 153.5 152.3 151.5 150.1 146.3 144.6 143.5 142.4 143.4 144 144.3 144.3 146.1 147.9 149.5 151.3 149.6 147.6 144.9 141.8 142.6 143.3 144.4 144 143.9 142.5 140.6 138.5 138.4 138.1 137.7 137.1 136.3 135.7 137 138.1 139 139.2 139.3 138.5 137.7 136.9 136.6 137.5 139.3 141.2 142.7 144.3 145.5 146.5 144.5 141.8 139.4 136.1 130.1 125.9 120.9
127.6 127.3 129.4 134 138.9 144.3 149.4 148.7 148.4 147.8 146.5 147.3 146.2 146.4 150.2 154.1 157.4 158.8 158.4 157.4 156.5 155.3 154.7 154.1 153.2 152.2 150.6 147.9 144 142.1 140.9 139.7 138.1 138.3 138.5 139.4 141.4 143.4 145.3 146.7 145.5 142.5 139.1 136.2 137 137.7 138.5 139.2 139.6 137.7 135.7 132.9 132.9 132.9 132.6 131.9 130.9 129.7 131.6 133.4 134.6 134.8 134.4 133.7 132.7 130.9 130.7 131.9 133.5 136.3 138.2 140.1 141.7 142.7 142.9 140.7 137.7 133.1 128.7 123.9 118.5
134.8 135.6 137.6 141.6 145.9 150.6 149.4 147.9 145.7 143.6 142.5 141.1 139.9 142.3 146.8 151.4 154.5 156.4 155.8 154.8 153.9 153 152.8 152.5 151.6 150.7 149 145.6 141.7 138.1 136.3 134.6 133.7 133.1 132.9 134.9 136.9 138.9 141.2 142.3 141.2 139 134.6 131.1 131.5 132.5 133.5 134.5 134.3 132.7 130.6 127.5 127.5 127.4 127.3 126.8 124.9 124 126.6 129.3 131.1 130.7 130.1 128.4 126.9 124.5 125 126.4 127.8 130.5 133.3 136.7 138.4 139.2 139.5 139 135.5 131.5 126.8 121 115.6
144.7 145.8 147.6 150.7 151.6 149.7 147.7 144.7 141.7 139.4 137.2 135 133.6 140.5 144.3 148.9 151.4 153.1 152.9 151.6 150 148.4 148.4 148.9 148.8 148.8 147.2 143.4 139.5 135.1 131.2 129.9 128.7 127.1 128.9 131.1 133.2 135.2 137.4 138.3 137.3 135.3 131.8 126.9 127.1 127.4 129 130 130.7 129.3 126.2 122.7 122.8 122.8 123.2 121.9 119.6 119.4 122.1 124.8 127 127.1 126.8 124.4 122.2 119.2 119.6 120.9 122.2 124.8 129.9 133.5 135.2 136.1 136.7 136.2 133.5 129.4 124.7 118.8 112.9
154.7 155.6 155.1 154.3 152.3 148.3 145.3 140.5 137.2 134.4 131.6 129.3 129.6 136.2 143 146.2 147.1 147.6 147.2 146.4 144.7 143.2 143.2 143.7 144.5 145.4 145.2 141.6 137.3 132.9 128.7 124.4 122.9 122.4 124.7 127.1 129.4 131.5 133.6 135.5 134.2 132 129 123.4 122.6 123 124.5 125.7 126.9 125.8 123 118.8 117.9 119.2 119 117.4 115.3 114.6 117.7 120.5 122.7 123.7 123.2 120.7 117.7 114 114 115.6 118.8 123.1 127.5 131 132 133 133.9 133 130.8 126.7 122.2 117.5 111.2
157.6 157.3 156.8 155.1 150.8 146.6 141.1 135 130.5 128 125.8 124.8 127.3 134.1 141.1 143.2 143.8 142.9 140.9 140.6 139.3 137.8 138.1 138.9 140 141.3 142.4 139.4 135.9 131.4 126.3 121.2 118.3 118.4 120.3 122.7 125.2 127.8 130.9 132.6 132.3 130.6 126.9 121.3 118.3 117.8 120.1 122.6 123.5 122.3 120.3 115.5 113 115 115.1 114 110.9 109.4 113.2 116.1 119.3 120.1 120 117.4 113.4 108.8 109.3 112.6 117.1 121.4 125.8 128 129.1 130.2 131.3 129.9 127.3 123.4 119.1 114.8 110.2
156.1 155.6 155.1 153.5 149.2 144 136.9 129.8 123.8 121 121.3 121.5 125 131.7 138.4 139.9 140.5 138.6 136.2 134.2 133.4 133.5 133.2 134.1 135.4 137.2 138.7 139 134.1 129.1 124.1 119.1 114.1 114.4 115.8 118.2 121 124.6 128.2 129.6 129.5 128.6 124.9 120 115.4 114.9 116.3 118.9 120.1 119.4 117.7 113 109.2 111.1 111.6 110.4 107.1 105.4 109.4 113.1 116.7 116.7 115.6 114.4 110.8 105.9 106.6 111.1 115.4 119.7 124 124.9 125.8 126.9 127.2 126.2 123.8 120.1 115.8 111.5 107.3
153.9 153.5 152.8 151.4 146.3 140.3 132.2 123.6 117.5 117.8 118 118.4 124.2 130.8 135.8 137 136.6 134.3 131.9 129.5 128.4 128.6 129 130.5 132.3 134 135.2 136.6 133.2 128 122.9 117.9 111.1 109.8 111.4 114.4 118.2 122.1 124.7 125.8 125.8 125 122.7 117.3 112.2 112.3 113.5 115.3 116.6 117.2 115.1 111 105.6 107.4 107.7 106.5 103.9 102.5 105.9 109.6 112.8 113.9 112.7 110.7 107.4 102.8 104.1 109.3 113.9 118.2 121.1 121.8 122.6 123.3 122.9 122.4 120.4 116.6 112.6 108.4 104.3
151.8 151.4 150.7 148.5 143.1 136.5 127.1 118.9 114.3 115 115.7 116.2 122.8 128.1 132.1 133.7 132.3 130.3 127.8 125.6 124 124 124.4 126.6 128.9 130.8 132.3 133.9 132.3 127.5 122.4 116.4 109.6 104.7 107.9 112.1 115.9 119.8 121.3 121.7 122 121.8 120.2 115.8 110.5 109 110.5 112.2 113.6 114.9 113 109.3 104.1 103.4 104 103.1 100.4 100.2 103.4 106.5 109.7 111.3 110.2 107 103.3 99.5 99.9 106.8 111.6 116.1 118.1 118.9 119.6 119.6 118.6 118.2 117.3 113.8 110 106.8 103.6
148.3 148.9 148.1 145.4 140.3 133.6 123.8 115.2 111.4 112.9 114 116 121.5 126.3 129.3 129.5 128.8 127.2 124 122 120.2 119.4 119.5 121.8 124.2 126.6 128.8 131.3 129.6 127.1 121.9 115.1 108.1 101.2 105.2 109.4 113.7 117.4 117.9 118.7 119.1 119.5 117.6 113.2 108.3 105.9 107.3 109.3 111 112.6 111.4 107.7 102.3 100.2 100.5 99.7 96.6 97.3 100.4 103.6 106.7 108.3 106.4 103.3 99.2 95.7 99 104.1 109.3 112.3 116 117 117.7 116.8 115.6 114.2 114.1 112.2 109.2 106.2 103.3
145 145.6 145.3 142.5 137.7 130.7 120.9 111.2 107.9 111 112.4 115 120.2 124.5 124.7 123.9 125 123.1 120.5 118.8 117.1 115.3 114.7 117.5 120.1 122.7 125.2 128.7 127.6 124.6 119.8 112.9 105.9 99.1 102.6 106.9 111.2 114.7 115.5 116.3 117 117 115 110.3 105.8 101.3 103.3 106.6 108.6 110.3 109.4 106.4 101.9 96.4 96.3 96.2 93.6 95.8 98.4 101.1 103.6 104.6 101.9 99.3 96.6 92.7 96.6 101.4 105.6 109.9 113.3 115.1 115.4 114.3 112.2 110.8 109.7 108.3 106.3 104.5 101.9
141 142.2 141.6 140 135.4 128.3 118.3 108 103.7 108.1 110.9 114.2 117 120.7 120.1 120.3 120.8 118.9 117.1 115 112.9 110.8 110.2 113.2 117.1 119.9 122.8 126.9 124.4 120.3 116.3 110.1 103.2 98.4 101.5 105.3 108.4 110.9 112.1 113.3 114.5 114.8 112.4 107.8 103.4 98.9 99.3 104.5 107.3 108.3 107.8 105.2 101.4 96 92.7 91.8 91 93.7 96.7 99.6 101.5 101.8 99.1 96.3 93.6 90.1 93.4 98.1 102.4 106.2 110 112.4 113.4 112.4 109.7 107.3 106.1 104.4 103 102.3 100.7
