WholeMapElevations/data/nh/nh30_OST50GRID_20230518/NH30.asc
ncols 200
nrows 200
xllcorner 230000
yllcorner 800000
cellsize 50
[rows 140 to 174 of 200, columns 80 to 159 of 200]
81.1 91.4 97.7 107.4 126.4 139 142.3 150.9 161.9 156.8 160 161.6 156 148.4 139.1 123 128.4 169.6 206.6 223 223.7 231.8 232.1 227.8 219.6 213.5 207.5 204.8 202.1 205.1 208.8 214.2 223.8 225 229.3 237 248.9 263.8 274 289 302.4 321.1 340.8 341.8 339.8 344.8 352 371 375.2 376.3 382.5 387.5 390.3 393.4 389.7 389.5 393.3 398.6 400.1 401.7 401 405.6 406 403.6 405.6 405.7 405.3 401.2 399.2 396.6 389.2 377.4 373.9 371.1 369.7 369.5 361.8 359.4 355.7 353.5
91.2 101.3 106.4 122.8 143.4 150.2 157.3 171.9 173.9 171.5 173 176.1 170.2 162.2 152.5 135.1 125.4 163.8 203.3 220.9 222.2 226 229 222.4 216.1 208.6 203.8 199 196.5 203.2 210.9 214.7 223.3 229.6 236.5 246 259.7 272.2 286.3 300.5 318.4 335.5 342.9 355 354 350 349.2 364 373.2 377.3 384.1 386.5 384.3 385.4 384.6 385.2 389.5 395.1 396.5 397.6 399.6 400 398.9 398.5 399.1 400.3 400.9 396.4 396.2 391.1 383.5 378.2 373.8 371.8 368 367.1 359.9 355.9 354.1 352.9
101 109.7 118.4 137.1 152.1 164.9 177.4 184.3 187.7 187.5 186.4 186.3 183.9 168.8 159.8 134.9 111.3 159.4 196.2 218.1 221.8 223.4 222.3 219.8 212.7 201.1 194.2 190.4 201 206.7 214.3 222.4 229.3 237.1 245.7 256.6 270.4 283.8 300 316.4 331.7 343.2 352.6 358.4 359.5 359.3 352 362.9 371.3 373.5 377.4 377.4 378.2 379.3 381.3 381.5 386.4 390.8 395.2 394.6 394.4 395.5 396.3 395.2 397.2 396.5 396.6 393.8 398.8 386.8 383.3 381.8 374.4 371.5 367.1 365.8 357.7 354 351.9 351.5
106.7 117.3 133 149.6 159.9 177.6 190.8 197.8 198 197.4 193.7 192.4 188.9 174.2 159.8 144.7 119.3 155.9 186.3 208.6 218 220.9 221.3 214.6 202.5 195.3 182.8 197.7 205.5 211.6 218.2 229.5 237.3 245.2 254.3 272.3 284.8 295.8 311.7 335.1 351.8 359 364.5 368.2 370.2 367.1 363.8 364.2 366 368.6 369.5 371.6 373.7 376.2 377.5 379.4 383.4 388.2 392.1 391.3 391.6 393.3 393.1 393.4 391.6 391.9 390.8 391.4 392 384.5 384.1 381.6 373.2 368.7 370 364.6 357.9 353.9 351.5 349.9
113.9 129.9 146 163.5 172.8 186 197 208.3 203.9 202.2 204.5 202.1 191.6 178 169 161.2 126.9 138 169.7 200.8 208.4 211.8 210.5 201.6 193.8 188.9 186.6 198.5 208.1 215.6 226.8 235.4 242.7 252.3 268.8 287.6 306.8 320.3 336.9 353.5 364.9 369.6 372.6 377.9 381 376.3 370.5 369.8 366.9 366 367.1 369.6 372.3 373.5 375 377.8 382.2 388.5 390.1 389.8 389.5 390.3 391 390.4 389.1 390.2 387.5 387.8 384.4 383.3 382.7 380.9 371.2 369.3 370.9 362.3 357.6 353.3 351.8 349.6
126.8 144.5 163.7 173.5 187.9 200.3 207.2 217 211.9 208.3 213.3 204.4 196.8 190.8 185 175.6 157.1 133.5 148 183.6 199.8 203.2 200.2 192.1 184.9 178.6 194.4 203.3 214 222.8 236.2 243.7 254.7 267.2 287 305.7 321.4 342.7 352.1 368.5 380.2 384.4 381.9 382.5 382.3 377.1 370.4 369.1 367.5 367.6 367.1 368.8 370.7 372.2 373.8 377.4 382.8 389.1 388.5 387.3 387.6 388.8 389.4 389.2 387 385.3 385.8 385.6 382.1 381.3 380.9 379.1 370.7 370.4 367.5 358.5 356.6 354 351.9 347.8
143.1 161.1 175.2 185.1 195.5 209 215.1 222.1 220.1 218.2 215.9 212.9 209.7 203.4 199.7 192.3 178.3 159.2 126.6 164.9 187 194.2 192.8 184.8 172.7 188.9 200.5 209.9 219.1 229.8 242.2 254.4 264.7 282.4 299 319.3 337.3 353.3 363.9 376.5 384.8 393.4 386.3 383.5 380.2 373.7 370.1 368.2 368.2 369.1 369.1 369.9 371.6 372.3 373.5 375.8 381.5 386.2 384.2 386.7 386.5 388 388.7 388.2 386.1 383.9 383.1 382.7 382.6 381.1 379 374.6 371.6 370.9 364.9 358.7 355.6 352.7 350.8 352.5
157.4 174.6 184.5 192.2 199.9 211.5 220 227.3 225.1 222.8 224.2 225 220 214.5 213.8 208.8 193 172.4 135.7 159.4 182.6 190 184.8 173.9 179 194.7 206.4 214.3 227.4 240.9 251.1 262.3 276.7 290.5 312.5 333.3 351.1 366.8 381.3 386.1 386 389.2 384.4 381.6 377.6 373.3 370.9 369 369.8 370.7 371.1 372.4 373.4 373.3 374.1 376 378 382.6 388.5 388.4 387.9 389.9 389.4 388.2 385.9 385.2 384.9 385.3 384.9 382.4 379.9 374.1 372.4 371.5 361 358.2 355.5 352.4 351.7 354.7
172.1 184 193.8 202.3 206.6 214.8 219.7 225.8 225.8 228.1 229.4 228.5 225.8 223.4 224.7 214.2 198.7 169.3 130.6 159.4 176.5 182.8 178.3 166.5 190 203.2 211.2 222.9 236.2 249.6 262.3 273.3 288 302.9 324.7 342.9 362.6 381.6 394 391.2 389.6 385.9 383.5 381.1 378.7 379.4 372.9 370.2 371.6 374.5 375.2 374.8 373.7 374.1 375.7 377.6 382 387.6 390.1 389.8 389.9 391.8 390.6 389.1 387.2 388.4 388.4 388.4 385.9 383.2 378.7 375.1 372.2 366.6 360.9 358.2 356.2 353 355.3 356.3
191.2 196.5 205.1 214.6 221 223.2 221.3 226.1 233.4 234.2 233.7 231.1 228.7 227.9 222.9 209 195.8 164.1 140.5 164.7 174.6 176 162.8 177.7 199.7 209.2 218.5 228.9 245.7 259.1 270.3 286.1 299.6 314.2 339.4 357 376 389.1 393.9 391.7 388.4 386.2 384.5 382.9 385.8 381.5 373.5 371.4 372.8 375.7 375.1 374.7 374.6 375.4 378.8 382.1 387.4 392.2 393.5 394 393.2 393.2 392.7 393.2 392.9 391.9 392.5 389.7 387.2 384.8 381.1 373.6 372.9 366.5 361.7 358.9 357.6 354.6 356.9 357.3
204.4 217.5 222.9 225.5 229 228.3 227.8 230.2 238.4 239.9 237.6 235.3 229.7 225.5 215.8 204.1 194.5 177 154.6 153 167.7 158.6 169.6 192.3 205.2 215.8 226.8 234.9 251.4 268.9 282.7 301 314.3 328.8 348.9 368.5 384.9 396.3 394.8 392.2 389.2 388 387.7 387.3 384.3 380.2 374.3 372.4 374.1 375.3 376 376.1 376.6 378.3 385.5 391.7 394 398.4 400.1 398.7 398.8 398.3 397.2 396.5 394.6 395.3 394.6 390.4 388 386.2 379.1 374.3 372.7 365.7 362.8 360.3 358.3 355 358.3 358.5
212.7 229.5 240.3 240.5 234.6 232.3 233.5 235.8 240 242.4 244.2 236.9 227.1 218.8 209.8 201.4 191.9 178 153.2 143.4 152.7 165.5 187.8 201.1 213.3 223.4 231.2 245.6 259.8 280.2 299.2 314.7 331.3 349.5 367.2 380.4 393.9 397.7 397.3 395.2 393.1 395.1 391.4 387.5 384.5 380.7 377 374.1 375.2 377.5 378.1 378.8 381.5 386.7 392.2 397.8 400.8 403.1 403.8 404.3 404.4 403.4 402.4 400.5 397.7 396.9 393.4 390.6 388.4 385.1 376.9 372.4 370.7 366 366.4 360.4 355.6 358.9 359.8 359.7
228.5 241.7 248.3 242.1 235.8 239.4 245.4 247.1 244.8 245.4 245.1 235.3 222.6 215.4 204.8 196.9 189.6 177 141.1 154.6 167.6 182.9 198.6 206.5 220 229.3 241.4 255.7 271.3 296.8 313.8 331.7 349.1 367.7 382 391.2 396.6 399.4 401 400.6 400.9 397.7 393.8 390.6 388 384.6 381 379.2 376.6 378.3 379.8 382.4 387.8 392.8 398.8 404 406.3 409.2 409.4 408.7 409.3 408.7 406.3 402.2 399.8 398.6 394 391.5 388.1 381.5 377.7 374.2 373.4 366.4 365.9 360.9 357 360.8 360.9 360.6
239 243 247.9 242.3 242.1 249.3 257.4 254.8 244.6 247.5 241.6 229.6 217.2 207.6 201.1 193 180.2 157.8 145.5 167.3 182 195.3 204 215 227.1 239.7 252.6 266.1 291.1 312.3 331.2 347.6 365.5 383.8 395 399.3 407 411.8 410 408.5 404.9 401.1 396.8 394 392 388.2 384.4 380.5 378.7 380.9 382.7 387.6 394 398.4 404 410.2 414.1 414.6 414.8 414.3 413.4 411.5 408.8 404 401.5 399.8 395.5 392.7 386.1 381.8 378.8 380.7 373.7 367.3 365 359.2 360.7 362.4 362.3 362.8
244.5 247.1 248.8 243.7 258.3 257 260.3 257.8 247.8 241.6 235.4 226.9 212.9 202.8 197.9 189.7 168.3 144.7 158.7 177.7 189.7 201.7 210.8 223.4 236.2 250.1 264.6 281.3 305.5 329.1 346.6 368.2 379.3 389.6 399.7 408.3 414.6 414.5 414.2 412.4 410.8 405.7 400.3 397.3 393.7 391 387.6 383.2 380.1 384 387.4 393 400 404.6 410.5 418 419.3 419.6 419.3 419.2 417.5 415.3 411.9 406.7 402.9 399 395.3 388.9 385.6 382.6 381.6 380.7 373.5 367.2 364.7 361 363.2 363.7 364.1 365.3
256.6 256.3 249.8 255.1 268 269.3 262.8 259.8 247.7 238.2 231.5 222.6 210.3 200 192.6 183.2 153.2 147 171.9 184.7 197.8 210.9 219.8 231.7 244.7 261.7 277.6 296.4 324.1 346.1 365.8 385.9 392.5 396.7 404.4 417 417.7 418.7 418.2 418.1 415.6 410.7 405.3 400.8 396.6 394.5 391.5 388.5 386.1 387.3 391.8 398.1 405.2 409.9 417 421 423.9 424.7 424.4 424.1 423.4 421.5 414.1 408.7 402.7 398 392.2 388.8 385.2 383.8 383.1 379.9 370.9 366.4 365 362.8 363.5 365 365.7 367
266.7 257.7 254.7 263.1 267 267.9 265.2 258.2 247.3 237 229.1 218.1 207.6 195.7 189.4 174.5 146.4 163.3 179.7 193.4 207.9 216.6 226.9 240 255.8 276 291.9 313.4 341.7 361.7 380 393.6 400.8 405 416.4 417.4 419.7 423.2 422.2 423.1 419 412.5 408.8 404.4 401.7 400.1 397.8 390 392.4 390.3 395.1 401.6 409.4 416.6 422.3 426.8 429.9 431.2 430.6 429.5 428 422.6 413.9 409 401.7 395.5 392.2 388.4 385.7 384.7 382.7 377.3 369.6 365.9 367.2 364.7 363.7 366.3 367.4 368.6
267 258.6 258.8 260.4 261 259.7 256.6 251.5 243.5 235.3 224.7 213.5 202.4 192.7 181.6 157 153.7 175.3 189.1 201 214.6 222 235.9 250.6 266.3 290.7 308.8 334.7 359 378.4 392.6 405.1 414.1 416.7 419.2 419 422.5 424.5 424.8 425.4 420.6 414.9 411.8 408.2 406.5 404.8 399.5 395.4 397.3 396.2 400.9 409.4 416.4 423.5 428.9 433.5 436 436.9 436.1 433.4 429.2 423 414.4 407.7 401.9 396.5 392.3 388.8 386.1 384.6 381.8 377.7 368.9 369.4 368.3 366.2 365.4 367.1 368.8 370.6
262 261.5 261.9 261.2 260.5 259 256.1 255.1 249.2 237 222.6 207.9 196.9 185.6 165.6 151.3 166.2 185.3 197.8 208.6 218.3 229.7 243.2 260.2 280.6 310 327 354.7 374.2 390.9 403 419 423.1 421.2 421.2 421 422.6 426.3 428.5 426.6 421.4 418.8 417.3 413.9 410.9 407 403 401.5 402.8 402.7 407.3 416.3 423.7 429.9 434.9 438.9 441.2 442.1 439.8 436.4 430.8 422.7 414.8 407.5 403.6 398 393.7 390.1 387 384.1 380.5 374.7 371.4 371.5 369.7 369.2 366.2 368.7 371.8 374.3
266.9 270.8 268.8 263 261.3 259.9 261.5 257.3 246.5 236 221.3 206.6 195.5 182.8 158 155 178.5 194.2 204.5 215.4 222.4 237 253.5 271.5 296.7 322.9 342 369.3 387.7 399.3 411.4 422.6 425.1 425.1 425.2 424.3 425 429.3 430 427.6 426 426.4 424.8 420.9 415.9 410.2 406.4 408 410.8 409.9 412.9 419.9 429 435.6 438.8 443.9 448.7 445.8 441.7 437.6 431.2 423.1 416.1 409.2 404 399.8 396 391.6 387.7 387.8 381.4 378.2 375.2 373.2 371.2 369.9 367.9 371.1 374.1 375.6
279.8 276.2 270.3 264 265.3 260.4 257.4 253.1 242.8 233.1 218.3 205.8 194.5 181 159.5 155.1 182.9 197.9 209.8 219.9 229.4 247.1 262.4 281.4 307.4 333.7 354.1 381.2 397.2 407.4 421.7 427.9 431.4 431.9 432.4 432.5 430.5 430.7 431.8 431.1 431.9 432.2 431.4 427.6 420.8 415.4 412.6 414.5 416.6 413.4 417.3 424.8 434.1 438 442.8 452.1 453.1 447 442.4 438.1 432.7 422.8 416.9 411.9 405.3 400.7 396.8 393.5 392 387.3 385.4 380 378.5 375 373 370.1 372.6 376.3 376.6 379.5
286.1 276.2 270.6 267.2 264.5 261 253.5 246.6 241.5 232.3 216.3 202.7 193.2 187.6 176.2 153.9 186.8 204.1 215.5 224.1 236.8 253.5 271.7 293.2 318 342.3 364.3 391.6 404.5 420.7 428.6 436.1 437.6 437.5 436.8 435.8 433 432.4 434.5 437.4 438.8 439.4 437.9 431.1 423.3 420.5 420.7 421 421 420.3 420.1 429.9 436.9 440.9 450.2 457.2 454.6 446.7 442.2 438.2 432 422.3 416.9 414.2 407.2 401.6 398.4 397.1 395.2 390.5 385.6 383.6 379 375.4 373.1 373.6 376.5 377.9 380.4 383.7
279.8 276.5 272.6 268.4 265.5 261.6 254.6 246.3 239.3 224.1 212.4 205 178.9 171.3 159.9 153.1 193.8 208.5 219 231.3 245 262.3 285.9 307.7 327.1 349.3 371.4 399 412.7 426.1 437 440.2 441.3 442 438.7 435.2 434 435 440.5 442.8 443 442.3 437.1 431.1 427.5 426.2 428.5 427.8 425.3 425.6 425.5 431.8 438.7 443.9 453.8 459.4 454.3 447.4 442.1 437.3 427.8 422.4 417.2 412.4 407.1 402.1 398.7 398.8 395.9 392.9 387.4 386 378.7 377.7 373.6 378 380.3 380.2 383.9 387.9
288.4 282.7 277.8 271.9 266.6 262.9 254.1 246.5 241.6 229.3 217.5 205.8 187.5 159.4 164.2 184.8 194.5 209.4 222.6 236.8 252.9 269.8 295.4 318.3 337.5 355.1 376.4 399.2 420.1 436.2 441.6 444.3 445.9 444 439.9 438.7 440 442.7 446.5 449.1 449 443.8 440 436.1 435.7 441.4 441.9 437.1 431.9 432.1 431 436.1 441.4 445.7 453.8 458.3 452.5 447.2 442.2 434.9 428 422.6 417.8 412.7 407.2 405.7 402.7 401.1 396.4 394.5 389.5 385.7 380.1 381.2 374 380.6 382.5 383.3 387.5 391.9
298 285.1 278.7 274.5 268.6 263.7 255.2 250 244.7 231 216.8 205.1 183.7 162.3 173.5 196.7 208.9 217.5 226.5 239 258.2 277.5 299.6 323.9 342.1 360.4 384.4 406.3 432 441.1 444.2 447.2 445.7 443.8 445.1 446.1 448.7 450.2 453 454.9 452.5 446.1 445.2 444.3 448.9 454.8 450.4 438.8 435.9 435.3 432.8 436.7 443.2 448.2 452.1 453.6 452.9 447.1 442 434.6 428.3 422.6 417.7 412.8 409.6 407.4 407.5 403.9 398.9 396.4 390.7 385 383.2 381.9 377.7 383 384.9 385.8 390.7 396.4
293.8 286.5 281.8 275.1 270.2 265.7 258.8 253.8 248.5 233.6 217.3 205.7 185.7 165.9 179.7 203.2 214.6 224.3 234.8 242.5 263.5 282.3 303.6 328 346.2 366.1 392.4 415.2 437.7 443.3 445.3 445.1 446.1 447 449.6 450.1 451.5 453.4 454.8 457.9 453 454 453.4 453.4 457.1 456.1 451 439.7 438.8 435.5 433.5 437 443.1 448.9 452.6 452.8 452.6 446.6 441 433.6 428.1 423 417.1 411.7 411.6 409.4 408.5 404.8 400.5 395.4 390.7 386.6 385.2 378.1 381.1 385 387.6 390.1 395.7 400.7
290.4 286.9 283.1 279.8 273.9 267.7 263.5 258.6 245.8 231.8 217.1 206.2 181.8 165.4 184.3 208.3 219 229.4 242.7 256.8 271.3 291.2 310.1 329.9 353.9 380.1 397.4 428.5 439.3 442.7 444 446.4 448.9 451.4 451.5 453 455.5 457.2 459.2 456.7 456.8 458.9 458.9 461.5 459.9 455.3 448.3 439.2 438 435.3 434.9 438.3 445.7 451.7 451.7 451 449.3 444.9 440.2 433.9 428 423.3 417.1 413.7 412.6 411.3 410.3 406 401.3 395.7 393.9 388.7 387 384 387.2 389 390.2 393.8 400.1 405.2
292 289.5 289.4 283.6 275.9 269.9 266.8 257.3 245.9 231.9 219.6 204.2 176.8 166 194.7 215.7 224 235.1 250.3 264.8 280.7 300.1 320.4 341.7 361.4 393 415.4 432.6 439.6 443.8 445.7 447.6 450.3 453.2 456 457.9 457.4 461.8 462.2 455.5 459.5 460.9 466.2 465.1 459.8 453.3 447.9 439.4 437.2 437.1 438.1 440.6 447.1 450.4 449.8 451.6 451.2 447.1 440.9 433.9 429.7 425 417.7 417.2 414.4 412.7 411.1 406 403 398.5 395.9 390 382.5 388 390.9 391.6 391.7 396.4 404.1 409.2
298.9 299.5 293.2 282.6 275.8 269.6 261.6 253.4 244.7 230.5 222 203.8 169.8 180.4 199.7 219.4 227.5 239.5 254.1 271.2 290.1 312.9 337.5 362.1 383.1 403.6 423.5 434.4 442 446.5 449 450.4 450.6 453.3 455.5 458.1 456.9 461.1 459 457.6 460.6 468.1 466.2 461.8 457.2 453.8 448.1 440.3 441.1 443.2 443.1 442.9 445 447.8 449.3 452.4 451.8 445.5 438.4 434.8 429.5 424.9 422 420.3 417.2 414.9 410.8 409.3 405.1 400.1 397 393 384.9 390.8 393.8 394.7 394.2 399.4 407.9 413.2
310.4 299.2 290.8 280.8 274.6 268 260.8 251.6 241.6 231 224.1 200.5 168 190.3 216.1 223.1 231.6 246.1 259.3 276.3 300.1 326.8 354.6 379.7 401.9 411.6 427.4 438.2 442.3 447.9 450.8 451.5 453 453.8 453.9 456.6 456.9 458.5 458.4 460.4 466.3 468.5 465 462.3 459.2 455 449.2 447.6 447.6 449.2 450 448.3 448 451.8 451.3 451.4 448.2 443.3 438 435 428.9 425 423.8 421.9 419.5 416.8 412.5 412.1 407.9 402.7 397.9 395.2 386.9 392.7 396.7 400 402 400.4 410.5 416.3
308.3 295.2 288.3 282.3 276.4 267.2 257.3 249.4 239.5 233.2 225.6 202.1 170.3 200 220 226.3 236 250 264.4 282.3 311.2 341.5 372.7 398.7 410.7 420.8 433.2 439.7 443.8 447.4 450.8 452.6 454.1 455.4 456.4 455.9 456.5 457.8 460.4 463.7 470.2 470.4 469 467.9 465.8 461.6 457.9 453.7 451.6 454.1 454.5 454.8 455.8 454.7 454.1 453 448.6 443.7 438.1 436.3 432.1 428.3 425.5 423.6 422.1 419.3 416.8 413.7 409 404 399.5 397.6 388.4 395.7 400.8 404.2 406 403.1 413.5 419.7
299.1 291.6 289 283.4 274 264.3 255.2 247.2 240.1 233.2 224.3 198.4 169.9 209.9 221.9 230.9 240.7 256.1 271.3 296.4 327.1 358.3 388.2 408.5 423.8 435.8 441 443.3 446.4 450.3 455.7 463.5 460.5 457.5 457 458.2 459.9 460.3 468.7 474.4 480 480.7 481.8 479.3 476 473.7 467.8 464.7 461.4 459 461.8 463.8 462.8 458.7 457 455.9 452.1 446.2 441.2 438.8 435.4 430.6 428.2 426.3 423.6 421.1 418.5 414.7 410.9 407.6 402.1 394.8 392.3 396.2 404.1 406.5 408.4 412.1 417.5 422.5
296.7 292.4 288.9 278.5 268 258.2 253.3 244.9 240.5 234.7 222.7 194.2 174.6 212.9 224.4 234.8 248.9 262.4 281 311 342.8 373.7 402.7 418 433.4 442.5 445.7 450.4 455.3 461.2 472.4 473.2 463.5 460.1 460.7 465.4 464.5 466.1 476.2 487.8 493.6 496.9 494.6 488.7 484.9 481.7 481.4 480.4 473.6 470.7 471.3 472.3 470.8 467.2 463.2 460.5 454.8 448.2 445.9 442.8 438.4 433.9 427.7 427.1 427.6 424.3 421.5 416.8 413.9 409.6 404.8 398 394.4 399.3 405.5 409 413 415.5 420.1 425.3
294.5 290.1 282.3 272.9 265 259.9 251.8 244.5 239.4 237.8 217.9 183.4 184 217.9 229.9 238.6 251.1 268.2 292.8 325 357.5 384.5 408.1 430.3 444.3 449.7 455.7 463.6 466.4 473.5 479.3 472.5 465.7 462.7 463.6 466.9 468.9 476.1 485.3 499.6 507.8 507.2 500.4 495 495.3 496.1 494.3 490.1 483.4 483.6 483.7 483.5 480.3 475.6 471.6 463.3 457.1 452.5 450.3 446 442.1 436.5 433.4 431.8 429.9 426.5 423.4 420.1 417.2 411.3 405.7 400.5 394.4 403.5 407.7 412.2 415.7 418.2 422 427.2
293.9 285.1 278.2 271.9 266.5 257.6 249.9 243.6 241.1 238.5 212 174 202 222.3 232.8 243.6 256 277.6 306.2 337.8 369.6 397.1 414.7 437.5 447 453.3 463.1 470.3 475.8 477.2 476 474.3 470.4 465.7 467.3 472.6 476.6 484.8 494.2 507.7 515.1 511.7 507.5 507.5 510.2 509.4 505.2 497.7 495.6 502 499.6 493.6 490.4 482.8 474 464.6 459.3 456 452.1 449.1 445 440 438.9 434.5 430.5 427.6 424.7 421.7 418.4 412.8 406.2 403.5 398.3 405.7 409.1 413.9 416.8 420 423.5 428.6
