WholeMapElevations/data/no/no47_OST50GRID_20230518/NO47.asc
ncols 200
nrows 200
xllcorner 340000
yllcorner 770000
cellsize 50
[rows 140 to 174 of 200, columns 0 to 77 of 200]
767.3 773.2 774 771.9 766.9 758.7 748.6 737.2 724.7 712.7 701.1 689 679.6 666.3 660.2 654.8 648.7 643.7 637.6 632.6 627.7 622.8 623.7 628.9 632.5 633.9 635.8 635.6 634.6 633.6 629.9 623 616.2 611.1 605.5 598.1 589.8 584 574.1 558.6 568.4 577.6 582 580.7 578.9 575.3 570.4 570.5 570.3 571.8 571.9 572.3 573.1 573.1 568.4 559.9 548.7 529 507.2 489.4 472.2 490.6 499 515.6 534.7 546.8 552.4 553 549.8 547.3 542.1 526.5 541.3 549.8 552 547.6 534.1 522
764.6 769.2 770.2 768.3 761.9 753.5 743.7 731.4 719.8 708.4 697.9 687.3 677.6 666.6 654.9 649.8 645.7 639.9 634.8 630.7 626 620.7 618.3 622 626.5 630.5 631.4 633.1 631.5 630.7 627.6 620.6 614.4 608.6 603.5 596.8 593.1 591.6 585.2 568.4 551.4 560.2 566.2 574.7 574.5 571.8 566.1 563.2 564.2 565.9 564.1 564.8 564.6 564.3 560.4 553.2 540.9 522.1 503.3 481.3 484.5 500.5 519.9 538 556.5 569.1 576.7 579.8 580.2 577.4 568.8 556.3 562.3 570 573.5 572.2 563.5 548.8
761.2 764.8 765.6 763.1 756.4 748.4 738.2 726 715.4 704.8 694.7 685.3 676 666.4 657 649 642.9 638.5 632.9 628.1 623.6 620.9 613.6 618.3 622.1 626.2 627.6 629 629.9 629.5 626.1 619.4 612.6 608.1 603.6 599.9 599.2 594.5 590.4 579.5 565.3 545.6 553.3 561.4 566.9 567.1 564.2 557.8 554.7 556 554.1 555.1 554 553.1 550.6 543.6 532.7 515.2 496.6 480.5 494.9 517.5 540.7 559.5 575.2 586.9 594 598.6 599.1 595.9 589.7 579.5 579.9 588.1 591.9 592.8 591 580.6
757.6 761 761.4 758 750.9 742.7 731.3 719.7 710.3 701 691.3 682.5 674.7 665.8 657.3 650.8 644.4 639.8 633.5 629.6 625 620.5 616.3 614.7 618.6 622.5 626.5 628.5 629.3 629.5 625.2 621.3 614.5 610.1 605.5 602.1 602.2 597.8 592.1 584.2 576.2 560.3 540.8 548.2 553.4 556.8 557.2 553.7 542.8 542.3 538.8 540.3 538.2 534.1 537.2 533.3 524.5 507.9 491.9 478.6 510 534.2 556.5 575.8 591.2 601.7 608.8 612.9 613.3 610.7 605.8 598.7 597.7 602.9 606.1 607.6 606.7 603.2
753.9 756 756 751.8 745.2 736.5 724.4 714.1 704.9 696.8 688.8 680.9 673 664.3 657.3 651.1 645.4 638.8 635.4 629.5 624.3 620.8 615.1 609.8 614.9 617.7 622.7 627.7 628.5 627.5 624.4 618.8 614 609.1 605.7 603.3 601.9 598.4 592.3 585.9 578.2 570.1 557.9 535.4 539.1 543.1 546.6 546.5 541.2 532.8 524.6 523 521.2 520.5 517.3 522.3 517 502.7 484.8 496.6 522.4 547.3 569.5 587.4 601.6 612.1 619.5 625.8 628.2 626.5 621.1 614.2 613.4 616.2 619.1 620.7 620.2 618.5
749.7 750.6 749.8 745.1 739.1 730 718.6 709 700.7 693.3 685.6 678.5 671 662.4 655.7 649.2 643.3 638.1 634.3 628.9 623.7 621 614.8 606.6 611.1 617 622 625.1 626.7 623.9 621 617.3 613.8 608.5 605.8 602.7 600 598.2 591.4 586.2 582 575 565.5 551.1 534.1 535.2 537.7 540.4 541.2 535.9 523.3 519.4 508.8 506 503 502.2 504.8 499.4 493.1 511.6 532 556.7 579 598.2 611.7 621.6 630.2 637.2 641.3 639.6 634.3 628.1 627.7 628.3 630.3 633.5 634.3 633.5
743.6 743.9 741.8 737.8 730.6 722.6 713.1 704 696.2 689.6 682.5 675.5 666.9 660 653.2 645.5 640.9 636.2 632 628.3 625.1 620.3 613 609.5 607.9 613.5 619.1 625.5 625.9 624 621.4 615.9 613.2 607.8 605.3 600.9 597.1 594.7 590.4 585.9 580.6 572.1 563 548.9 539.1 527.1 530.5 533.3 533.9 530.2 522.2 513.2 512.7 523.1 521.7 513.8 503.8 497.2 508.3 522.2 543 566.8 589.3 604.3 617.8 627.4 637.2 645 650.3 649.7 646.1 641.8 640.8 642.1 643.8 645.9 646.2 643.7
736.2 736.3 734.5 729.4 721.5 714.2 706 698.6 691.8 684.6 679.6 671.3 663.4 656.1 649.4 642.5 636.8 635.2 631.4 629.2 622.6 617.8 611.2 606.1 604.9 610.8 618.3 622.8 625 625.2 621.3 617 612.3 609.7 605.6 600.1 591.9 591.3 587.7 581.2 568.8 556.9 544 536.4 528.9 527 522.6 527.7 528.1 523.4 522 509.9 529.1 540.6 542.6 533.7 526.7 510.6 511.3 528.9 550.5 572.3 591.1 604.9 617.2 629.7 640.6 649.5 655.7 657.8 656.2 653.6 654.2 655.5 658.5 658.3 654.6 650.1
728.7 728.4 724.9 719.4 712.3 705.5 697.7 691.5 686.7 681.3 675.3 668.2 659.2 652.7 645 638.1 635.3 633.4 631.1 625.8 620.2 617.1 614.4 609.4 602.3 607.7 616.3 623.5 625.5 624.9 621.9 616.6 612.1 609.3 605.6 598.7 589 583.1 582.6 577.1 562.9 539.2 533 528.5 527.7 525 524.9 521.6 523 529.7 527.3 512.5 536.2 550.6 558.5 554.8 543.6 522.7 508.9 529.6 551.6 572.8 593.1 607.7 619.6 631.5 644.1 652.9 660.4 664.8 666 666.1 666.9 667.8 667.9 666.4 661.2 652
719.5 718.6 715.3 708.7 702.3 695.6 689 684.4 681 675.5 669 662.2 654.9 647.6 639.9 636.4 635.1 635 631.7 624.2 623.5 624.2 620 612.2 600.5 603.7 614.9 620 623.7 622.5 620.2 616.4 613.1 609.4 605.1 595.4 585.3 581.7 575 569.7 558.1 533.9 541.6 550.6 550.1 540.6 534.1 528.4 518.1 520.8 515.5 524.1 543 559.5 570.2 571.8 559.9 540.2 521.5 528.2 552.9 575.7 595.5 611 623.1 635.2 646.6 656.8 665.4 672 674.3 675.7 677.6 677.8 676.6 673.9 668.6 655.4
709.3 708.5 704.7 698 692.7 686.6 680.8 677.6 674.4 670.1 664 656.2 649.4 640.8 637 635.6 635.4 633.8 629.6 627.6 627.4 626.1 621.5 616 602.8 599.5 611.6 618.8 621.7 621.2 618.1 615.4 612.2 608 605 596.8 588.4 583.9 580.6 570.4 537.8 550.8 567.6 569 566.9 560.9 552.1 542.3 532.1 518.6 525.4 533.5 550 564.7 576.3 580.1 575.6 560.3 535.9 533.2 555.3 576.1 597.9 612.8 625.3 636.5 648.6 658.9 668.1 674.7 679.1 682.4 684.3 684.4 682 677.5 668.7 656.9
697.9 696.9 693.7 688.2 682.9 676.7 670.9 669.6 668.1 663.6 658 651.5 645.4 637.4 636.5 633.3 634.3 632.8 629.2 628.5 628.4 625.5 620.6 615.7 607.9 596 606.8 614.6 616.6 616.3 614.5 612.4 610.5 606.3 602.6 596 589.6 584.9 578.1 559.5 549.8 570.5 581.2 586 580.6 575.2 568.5 558.9 546.7 541.4 536.4 538.9 557.6 573.5 583.5 588.2 585.9 574.2 550.8 541.3 562 579.9 594.3 613.5 626.1 638.6 649.8 658.7 667.9 674.8 680.1 683.7 686 686.7 684.4 679.2 669.8 657
685.3 684.6 681.9 677.7 673.3 667.5 662.8 662.7 660.8 656.2 653.1 647.8 642.3 636.3 635.1 634.9 633.6 631.2 631.1 630.8 628.1 626 620.6 617.8 610.6 595.3 596.5 606.7 609.2 608.8 608.9 608.3 605.3 603.5 598.9 595.3 589.5 584.1 574.1 554.2 562.2 583.8 593.3 595.7 591.1 588.7 583.4 576 569.2 556.2 551.6 547.8 562.8 580.9 591.1 595.5 592.2 584 563.9 551.2 575.1 594.2 608.2 619.3 631.7 642.2 652.5 662.1 669.5 676.4 681.9 685.7 688.6 688.8 686.4 680.4 670.7 658.4
671.8 671.4 669 666.5 661.7 658.4 654.7 654.4 653.9 653.1 650.8 645.1 639.9 636.4 635.1 633.4 634.2 634.6 633.4 633.4 629.7 627.2 622.7 619.6 614.8 606.5 592.3 594.5 598.6 598.8 600.9 598.7 594.5 593.5 594.6 591.3 586 574.4 564.2 547.7 568.8 589.5 601.8 605.3 604.5 603.9 600.4 590.9 588.6 581 568.8 562.3 567.2 581.1 595 600.7 598.9 590.1 573.2 557.6 583.8 602.1 615.3 626.7 636.6 645.9 654 662.7 671.4 677.2 683.5 687.3 689.7 690.4 687.9 682 673.2 661.5
658.1 658.3 656.8 653 650.3 648.3 647.8 647.5 650.5 652 648.4 643.4 637.9 634.9 633.4 632.9 631.5 633.3 635.5 634.2 632 626.7 624.4 621 617.7 614.4 604.6 592.9 584.4 587.2 588.5 583.4 575.9 574.7 581.4 579.5 572.3 564.5 551.6 559.7 578.7 596.8 609.2 615 616.8 617.1 614.4 611.5 610 601.1 589.1 580 579.1 586.3 596.1 601.8 600.4 592.4 571.8 573.7 591.7 608 621.3 631.5 640.9 649.4 657 664.5 671.6 678.4 683.2 687.6 689.9 690.2 687 681.6 674.5 663.8
644.6 644.4 639.5 637.6 638.4 638.4 637.8 642 647.2 648.5 644.7 643 637.3 633.8 631.7 631.3 630.7 632.6 633.7 634 630.6 628.4 625.2 622.8 620.8 616.9 611.9 604.4 592.9 577.7 572.1 578.1 577.5 571.7 561.7 562.8 558.9 556.1 562 576.6 594.8 609.3 619.5 624.9 626.9 627 626 626.1 626 622 609.8 598.2 598.1 600.1 600.4 598.8 597.4 589.2 569.9 588.7 600.8 612.9 624.6 635.8 645.7 653 659.7 666.3 672 677.6 684 687.2 689.8 689.4 687.3 680.9 672.7 663.4
628.2 624.2 620.1 625.4 627.7 627.3 631.7 637.7 642.4 644.3 645.7 642.7 636.9 635.1 631.2 628.4 629 632.5 633.5 632.9 631 628.5 626.3 622.3 621.3 617.6 612.5 604.3 588.4 584.5 589.7 593.7 593.9 587.8 574.2 566.2 563.6 571.9 579.8 590.8 606.8 619.8 629.2 634.4 635.6 635.5 637.4 640.5 639 636.3 631.3 623.8 617.7 613.9 608.4 599.2 592.6 584 579.2 591.5 605.8 616.5 628.6 637.6 646.8 654.2 660.6 666.2 672 677.9 682.3 686 689 688.8 686.1 680.5 672 662.2
607.6 598.3 602.4 613 614.9 616.5 624.2 632.7 640 644.8 645.9 643.5 637.7 634.2 632 627.1 623.9 628.4 629.2 630.5 628.9 627.1 625.1 622.6 620.2 615.8 607.7 593.6 586.1 597.5 603.8 603.3 601.4 595.1 580.4 578.9 584.7 591.7 598.7 608.7 618.4 628.1 637.2 641.1 643.1 643.4 648.4 649.6 650.3 646.6 642.1 636.6 631.6 622.2 611.2 597.8 586 584.8 582 591.9 603.8 615.7 627 636.5 644 650.2 657.9 663.7 670.2 677.3 682.7 685.7 687.6 687.2 683.2 676.9 669.2 659.5
583.1 580.9 586.9 598.6 601 612.8 629 636.6 642.6 646 646.4 645.5 639.7 635 631.9 627 619 622 625.9 626.4 623.8 623 621.8 620.2 616.8 608.6 593.9 587.7 600.6 608.8 611.4 611.9 609.7 602.3 595.9 595.9 600.7 606.8 614 621.4 627.6 636.1 643.8 648.6 650.6 652.5 656.7 657.8 658.4 655.6 649.3 642.6 635 622.1 605 594.6 593.3 592.4 592.2 593.7 601.9 613.4 624.4 630.7 636.1 642.8 649.2 656 664.6 672.5 677.7 682.5 684.9 685.5 682.5 676.8 668.2 659.4
559.9 562.1 573 579.1 596.7 614.7 628.7 639.1 644.6 645.3 646.8 644.4 639.4 636.4 631.3 627.3 619.2 615.2 618.9 616.3 618 614.7 615.5 615.5 610.8 595.9 593.9 604.1 614.9 618.5 620.9 620.9 617.9 614.1 612.5 610 616.9 620.2 626.1 630.5 637.4 643.7 650.7 655.9 658.2 660.3 663.6 665.2 664.2 660.7 655.4 647.2 634.3 617.8 602.8 606.7 608.8 609.6 604 605.1 608.7 609 616.8 624.7 629.1 636.5 644.1 650.9 657.8 664.7 670.7 676.2 680 681.8 680.7 676.5 670.2 662.2
542.6 550.2 553.8 576.5 596.1 615.5 630.8 641.2 644.5 645.9 646.2 644.4 640.6 637.3 632.5 630.5 625.7 617.4 612.1 610.9 611.1 610.7 610.2 609.5 602.3 590.7 605.3 617 624.6 628.7 628.6 627.9 626.7 625.1 624.4 626.6 630.3 634.2 636.1 640.4 646.7 652.3 656.9 661.7 665.7 667.2 670.8 672.4 671.2 667.3 660.2 649.4 634.5 617.3 614 620.8 623.6 623.1 620.5 622.3 622.1 622.2 622.9 629.9 632.9 637 642 646.7 652 657.8 664 670.7 674.8 677.3 676.9 674.2 670.6 665.5
528.5 541.5 563.2 572 597.8 616.5 630 640.4 644.4 646.3 647.9 644.6 641.3 638.6 634.7 631.3 628.2 620.8 611.5 608.2 606.6 605.6 603.9 598.7 596.5 603.5 615.7 624 629.7 634.8 637.6 632.8 635.6 635.5 634.1 637.4 640.7 643.5 645.4 648.6 654.5 660.1 663.7 668.7 671.6 674.9 678 679.2 678.3 673.6 665.4 650.9 634.9 618 625.8 632.4 635 634.8 633.8 634.3 634.8 631.4 628.8 628.8 631.6 634.6 637.3 640.6 646.3 652.1 657.8 664.7 669.6 672.1 672.4 671.5 669.6 665.6
533.8 554 574.5 590.5 603.8 615.6 630.3 640.1 643.8 646.5 647.4 647 644.1 638.9 635.6 631.3 628.3 622.2 613.3 606.8 604.5 602.4 605 599.1 606.7 615.7 622.1 630.2 634.5 639.2 641.7 642.3 643.3 643.4 642.7 644.8 649 652.4 656.2 658.6 664 667.9 672.6 675.5 679.4 682.5 686.2 686.9 684.8 679.4 670.6 655.8 640.3 625.7 637.3 644 643.8 644.8 643.5 642.4 640.7 638 633.2 629.1 628.8 629.9 632.1 634.4 638.7 644.4 650 655.2 662.5 665.4 668.7 667.4 665.8 662.5
530.9 547.4 572.6 596.5 614.9 626.3 632.9 640.5 644.8 647.9 648.3 647.3 642.7 639 635.9 633.1 628.5 622.6 614.2 609.3 609.5 611.4 611.1 601.9 612.3 620.6 627.5 635.1 639.3 643.2 647.5 649 649.7 651 651.9 656.2 656 660.3 665.6 670 673.4 677.4 681.7 685.6 689.2 691.9 693.5 693.8 690.3 684.1 675.2 659.4 644.7 634.3 646.2 651.5 652.5 651.7 649.6 647.4 644.2 640.2 635.8 629.6 620.9 622.6 623.8 625.2 628.8 634.8 639.7 644.9 651.5 657.5 661.6 662.1 660.5 657.5
516.5 535.7 556 583.9 616.3 633 635.8 639.9 643.7 646.5 648.2 644.7 641.2 637.5 637.1 633 629.2 623.9 617.1 612.6 615.5 617.4 616.5 605.4 612.6 622.5 630.6 637.7 642.5 646.5 650.7 655.1 656.3 657.2 660.2 664.9 668.8 672.8 675.4 679.7 683.7 687.2 690.9 694.9 699.3 700.6 699.6 698.5 693.5 687.7 677.9 660.7 647.9 644.9 656.4 660.6 660.1 656.9 653 649.6 645.4 640.4 635.8 627.2 611 610.3 612.8 613.1 616.5 620.4 623.2 630.5 638.9 646 650.8 653.4 653.5 651.1
535.7 548.7 547.9 573.2 600 623.7 637.2 640.4 642.5 642.8 643.5 643.4 639.8 639 636.2 633.6 629.7 625.6 617.6 619.1 623.3 624.1 621.2 612 610.7 619.1 629.9 637.1 642.3 649.1 654.5 658.5 662 665.5 667.5 672.8 678.3 682.3 684.9 688.8 692.9 697 700.2 703.2 706.1 706.6 704.7 701 695.3 688.1 679 660.9 648.3 658.3 665.4 667.1 666.6 662.8 655.3 650.3 645.3 637.2 631.8 622.8 601.8 582.7 597.7 599.7 602.5 605.2 609.6 617 625.1 632.9 639.3 642.4 643.7 643
563.3 579.1 583.2 579.3 582 612.9 637 641.7 640.4 639.9 640.1 640.1 638 635.7 635.8 633.2 631.3 624 624.5 627.1 628.4 629.4 627.8 620 609.7 616.6 626.5 636.1 644.9 649.9 656.4 662.2 664.3 668.8 673.6 679.9 685.8 691.4 695 697.4 701.1 704.5 708 710 710.8 710 707.5 702.1 696.4 689.5 675.4 661.7 660.6 666.9 671.2 672.1 670.3 664.3 656 648.5 640.7 633.4 625.5 614.2 597.3 566.3 575.7 583.7 588.5 592.3 597.4 604.4 610.5 618.8 626.3 631.7 633.6 634.1
593.9 607.9 612.4 606.2 584.7 605.3 630.2 636.4 636.9 636.5 634.7 634.1 633.2 632.9 633.5 631.1 628.5 628.2 630.6 632.5 633.8 633.9 634.6 629.6 620 614.4 621.8 631.5 641.9 650.3 657.7 663.3 667.6 672 677.8 684.2 690.2 696.8 702.5 707.1 708.3 710.7 713.6 715.3 715.1 712.7 709.6 705 696.7 688.1 674 668.4 671.7 674.9 675.4 674.4 671.6 664.1 653.3 644.7 634.7 623.2 614.2 604.4 587.4 560.4 550.7 564.4 571.4 577.4 584.7 591.5 597.8 604.6 611.9 617 621.8 624.3
622.1 629.4 631.7 626.2 603.6 602.7 627.4 632.4 633.1 631.2 629.3 629.4 629.6 631.1 632.8 629.4 630.5 633.7 636.9 638.3 641.7 640.8 640 637.2 629.5 617 616.9 627.2 637.8 647 655.5 663.1 667.9 673.5 680.4 687.8 695.4 702.7 709.1 713.5 715.6 717.6 719.5 719.3 718.2 715.4 711.5 707.3 697.8 687.7 677.2 678.2 682.1 681.4 679.1 675.5 670.6 662.7 650.7 639.3 626.1 610.7 601.9 590 579.4 562 535.1 545.9 552.9 561.1 567.7 575.7 581.4 588.1 594 599.4 604 610.8
638.5 641.3 641.5 636.6 615.5 602.1 616.8 623.1 622.9 626.6 631.2 629 631.2 632.3 632.3 634.7 635.4 636.7 640.6 644.7 646.6 648.4 646.8 643.4 636.5 624.7 615.6 624.5 634.1 642.2 650.2 659 667.5 674.5 681.9 689.7 697.7 706.3 713.2 718 721.6 723.1 723.5 722.9 720.6 718 713 707.8 697 688.1 687.1 686.9 687.4 685.5 682 676.4 669.2 660.2 644 629.5 613.5 597.4 584.8 574.7 565.7 553.9 540 522.3 534.2 543.7 549.4 554.9 561.6 567.9 573.9 579.1 585 592.6
647.1 647 645.4 637.5 619.6 610.1 617.7 631.5 636.6 641.9 644 643.8 639.3 638.7 639.3 640.1 640.6 641 643.7 646.7 652.7 652.9 650.4 646.8 641.8 630.2 617 621.8 631.6 638.4 644.8 651.6 662.5 673.4 681.9 691.1 698.8 706.9 714.9 721 725.2 727.1 727.2 726.1 722.5 719.3 714.4 707.1 699.8 695.9 694.8 694 693.1 688.7 683.2 677.3 668.5 656 636.5 617.8 600.9 586.6 572.1 560 551.3 542.4 531.3 521.4 511.9 522 527.5 533.3 540.5 548.4 558.6 565.3 571.1 577.4
651.4 648.4 643.7 633.8 615.3 627.3 634.9 640.5 646.9 648.7 650.6 651.2 651.9 650.9 649.2 647.1 646.2 645.3 648.2 651.5 657 658 654.4 651.3 643.2 632.5 620.6 619.6 627.9 633.4 638.4 646.8 657.3 669 680.2 689.8 699.1 706.8 715 721.7 727.7 730.1 730.3 728.6 725.3 721.2 716.6 711.6 706.3 702.5 699.9 698.4 695.8 691.2 685.8 677.3 666.8 652.5 628.9 610.8 592.4 577.6 561.8 548.9 538.6 530.3 521.5 514.1 506.4 505.3 508.2 513.7 522.4 530 540.3 548.3 557.4 564.1
654.3 649.2 643.6 630.3 630.4 640.4 646 650 654.7 656.7 658 659.9 659.3 658.9 657.3 654.9 652.3 650.9 651.2 657 659.8 661.4 657.8 653.9 645.8 633.8 622.8 620.9 624.6 629.1 635.4 645.5 656.1 665.8 676.3 687.1 696.2 705 714.4 722.1 728.8 731.8 732.3 730.8 727.5 724.7 720.6 715.4 711 707.4 704.1 700.5 696.3 691.3 686.2 677.5 665.9 648.4 620.9 600.3 582.6 566.9 553.7 541.3 530.6 521.1 513.8 507.6 500.4 496.7 497.5 499.4 504.9 513.4 520.2 529.2 539.3 549.4
656.5 651.2 643.5 632.4 639.6 648.4 656 660 662.7 666.1 668.3 668.2 668.8 667.8 666.9 663.6 659.2 656.2 655.8 659.1 661 662.9 659.6 655 646.2 631.9 623.7 624.7 633.8 641.7 644.8 649.6 654 665.1 674.7 684.4 695 705.3 713.3 721.8 728.4 732.5 732.9 731.8 729.6 726.6 724.7 719.3 715.5 711 706.5 700.6 695.9 690.3 683.9 676.4 663 641.5 616.9 599.3 581.1 566 549 535.2 524.6 516.7 508.3 502.1 497.4 490.6 487.2 488.7 493.4 497.9 505.1 512.3 521.4 530.7
660 654.7 646.1 636.2 647.9 657 662.3 667.2 670.6 673.9 677 678.8 679.3 677.4 676.1 671.1 665.5 662.8 661.5 661.6 663.6 662.2 659.3 654.1 645 633 623.1 629.6 640.2 647.2 652.1 658.7 663.2 666.1 674.7 683.9 693.5 703.1 713.1 721.6 727.9 731.8 733.6 732.6 731.8 730.1 726.9 722.7 718 713.7 707.2 701 695.8 688.7 682.7 672.9 657.2 632.3 609.3 593.3 575.8 560.3 544.7 530.4 519.3 511.5 503.8 498.4 492.3 488.5 485.6 482.4 481.9 486.7 491.2 495.9 504.6 513.9
