WholeMapElevations/data/nc/nc66_OST50GRID_20230518/NC66.asc
ncols 200
nrows 200
xllcorner 260000
yllcorner 960000
cellsize 50
[rows 148 to 184 of 200, columns 85 to 169 of 200]
69.5 56.9 35.8 38.9 59.1 69.9 85.9 92.7 98.9 101.7 103.9 107.5 110 103.6 100.7 92.1 71.5 56.2 54.6 54.9 61.3 70.6 64.2 65.5 64.1 62.9 64 63.5 67.2 70.7 72.4 70.3 72.9 74.2 82.5 84.8 85.4 73.8 55.4 49.1 46.6 30.1 28.8 37.6 54.4 57.3 45.3 35.3 40.1 56.3 52.9 36.1 27.6 24.8 16 12.2 11.8 14.2 29.9 34.7 41.7 44.8 47.6 54.4 65 73.8 78.4 81.2 85.9 94.1 100 96.7 98.1 96.8 93 75.1 66.7 57.7 51.9 47.8 49 41.7 13.2 -1.6 -1.6
70.2 54.7 38.4 39.1 60 72.3 85.7 92.1 98.7 99.5 102 101.8 105 103.3 102.2 103.3 90.3 73.5 56.3 55.3 63.7 76.2 72.3 72.8 65.1 63.3 64.7 65.4 66.4 69.2 70.5 70.8 73 73.9 79.3 81.3 75.4 65.5 58.3 49.8 46.5 39.7 37.7 40.7 52.8 60.6 63.7 54.5 62.1 64.3 54.7 51.6 35.9 32.7 23.3 17.9 12.2 12.6 19.5 25.8 34.9 40.3 46.1 52.2 56.9 67.9 70.6 78 82.4 85.1 89.3 93.3 94.3 94.2 90.4 81.7 62.8 55.7 53.9 49.8 59.6 47.6 25 -1.6 -1.6
69.4 55.1 40.2 39.2 60.8 73.1 81.5 94.5 97.8 98.5 98.5 98.9 100.4 102.2 101.6 104.1 91.9 79.6 56.2 55.6 60.1 73.4 74.7 75.8 66.1 64.2 73 68.4 68.2 69.9 69.4 69.6 70.4 74.8 79.5 74.4 74.4 64.3 59 59.8 59.4 50.8 46.2 52.3 57.8 67.1 73.4 65.5 56 55.5 57.2 52.1 46.1 40 36.1 25.7 21.3 19.2 15.1 17.3 23.4 34.9 44.6 52.3 58.9 63.6 62.9 71.7 77 79.8 82.5 92 92.9 93.5 85.3 79.4 59.5 54.5 55.1 52.9 48.8 40.2 26.8 -1.6 -1.6
71.1 58.1 41.1 42.1 58.8 68.9 82.6 92 95.4 97.4 97.5 97 98.3 96.8 94.1 93.8 91.9 83.6 62.8 56.8 61.4 67.5 73.1 75.8 68.5 65.2 75.2 73.7 77 74.8 70.5 70.3 70.2 70.3 77 73.4 65.2 63.7 59 60.2 64.6 56.8 52.6 60.2 70.8 73.5 72.1 66.7 57.9 55 56.2 59.5 51.4 56.7 55.3 38.9 28.2 27.1 20.7 18.4 18 22.1 47.4 50.9 52.8 58.8 63.4 59.3 65.2 74.5 79.4 92.2 93.6 88.8 85.7 77.6 61.7 53.3 52.9 50.9 41.8 33.1 21.9 -1.6 -1.6
75 57 40.3 44.7 57.7 67.9 78.8 87.8 95 95.3 96.7 96.4 95.5 96.5 90.9 86.9 85.5 78.2 60 55.8 62.3 69.8 72.4 75.5 76.3 66.4 67.9 73.2 75.5 81.1 74.8 70.9 70.2 70.5 81.7 77.1 69 60.3 59.6 60.5 61 65.1 57.2 60.3 77.3 77.2 78.1 78.1 68 58.3 57 58.6 60 58.5 66.2 57.1 56.5 36.8 42.3 25.8 18.2 16.4 19.8 33.6 40.3 47 54.4 57.8 53.9 61.7 78.7 86.9 87.5 86 84.7 77.6 60.1 52.7 48.2 45.5 36.9 20.7 11.1 -1.6 -1.6
78.6 56.7 38.7 44 56.8 67.2 79.8 84.5 92 92.8 94.9 93.2 93.5 95.8 86.2 83.5 80.4 67.5 58.1 56 61.2 65.2 72.4 77 73.2 68.5 66.6 68.8 75.9 79.2 74 72.1 71.5 72.7 75.1 77 71.9 61.1 61.9 63.7 62.4 68.9 64.8 64.6 72.5 80.5 84.3 81.2 79.7 71.6 66.6 67.7 66.1 65.2 68.3 60.4 51.4 47.9 46.9 49.6 39 17.7 16.2 15.9 19.7 28.8 35 40.9 39.8 51.3 69 77.2 76.1 77.1 72.8 65.1 55.9 47 37.3 36.9 32.5 14.7 -1.6 -1.6 -1.6
74.9 55.4 40.5 44.7 54.7 63 75.3 81.6 88.4 91.4 92.2 90.7 90.2 91.1 85.4 77.1 73.8 62.2 56.2 56.1 59.3 61.2 66.2 74.7 70.9 67.7 66.4 66.7 69.7 74.9 76.5 74 73.8 77.5 82.5 84.5 81.6 65.8 73.1 70.3 69.8 76.5 83.7 70.5 69.6 79.5 84.1 81.6 79.9 73.2 72.4 71 71 66.9 65.4 60.8 53.8 49.1 49.4 54.1 52.3 46.8 25.3 13.6 13.3 18.4 26 30.4 33.2 41.8 52.9 55.6 55.4 54.7 58.1 58.6 51.5 36.3 29.7 22.9 17.6 7.5 -1.6 -1.6 -1.6
74.2 52.6 41.3 43.9 53.2 61.4 71 79.2 84.3 89.6 91.3 88.6 87 87.2 84.7 76.3 68 61.3 56.3 56.5 57.4 58.4 63.6 73.2 71 68.5 66.6 66.8 67.3 74.4 76.5 74.9 74.2 79.3 81.8 86.2 82.9 69.8 76.7 73.3 78.4 83.4 79 76.7 77.7 72.4 74.2 74.7 76.7 72.3 70 68.6 68.4 65.4 64.4 64.2 59.2 52.1 49.6 49.9 56.5 48.8 37.6 28.3 11.8 12.3 14.2 18.3 23.8 32 41 43.4 44.5 44.2 44.2 40.5 32 23.1 7.6 -1.6 -1.6 -1.6 -1.6 -1.6 -1.6
67.3 53 43.7 45 52.3 61.2 68.9 76.7 80.7 86.7 87.2 84.2 83 83.3 78 74 67.6 59.9 56.2 56.5 57.2 57.7 59 76.2 73.1 70.9 71.8 67.3 67.7 72.2 82.2 76.9 75.2 75.7 78.6 86.4 84.7 77.8 75.6 78.2 86.3 85.7 80.5 73.7 72.9 76.8 72.4 76.7 75 72.3 69.6 68.7 68.6 66.8 64.6 65.5 63.9 55.7 52.6 46.7 48.9 51.2 48.1 35.2 22.7 10.3 10.8 12.4 16.4 21.6 28.2 31.4 34.1 33.1 29.9 21.3 10.9 2.1 -1.6 -1.6 -1.6 -1.6 -1.4 -1.6 -1.6
63.1 52.6 44.5 39.3 49.9 56.6 60.4 69.7 75.3 78.5 80.6 79.9 81.4 79.9 74.2 70.9 65.5 58.6 56.3 56.5 57 57.5 58.3 70.6 74.1 71.9 71.8 74.5 68.2 69.5 75.6 76.5 75.4 77.4 84.1 79.3 78.9 76.4 84.9 83 89.5 90 88.6 79.4 72.5 71.8 72.2 72.7 73.1 73.5 70.9 70 71.5 70 67.5 66.9 64.4 59.8 56.8 51.2 43.9 42.5 43.9 41.5 31.7 17.6 8.4 7.7 10.8 11.1 11.8 14.3 16.8 15.8 5.4 2 0.9 -1.6 -1.6 -0.9 -0.6 -0.5 -0.6 -0.8 -1.6
61.7 53 42.8 40.8 48.2 50.5 53.2 60.5 69 72 75.6 76.8 78.8 78.1 73.2 68.4 62.8 57.9 56.3 56.3 56.9 57.4 58.1 64 72.3 74.9 72.9 71.2 69.7 70.3 71.3 74.6 75.2 76.5 84.6 73.9 73.9 77.2 85.3 88.1 86.4 93.9 98.2 89.3 73.3 69.6 70.1 71.4 75.8 78.1 76.4 71.7 73.3 71.7 68.7 66.4 63.5 62.6 62.1 52.8 46.6 42.6 39.1 36 31.8 23.5 13.4 5.8 4.8 6 4.6 4.4 6.1 2.6 1.8 0.7 -1.6 -1.6 -1.1 -0.4 0.2 0.3 0.3 0.1 -0.3
56.8 47.5 42.9 41 45.4 49.5 55.2 58.3 64.9 72.4 70.4 73.2 75.1 76.5 72.2 69.2 63.1 58.1 56.6 56.1 56.7 57.1 58.5 60.4 66.9 74.3 74.7 71.6 70 69.5 73.7 77.5 76 75.9 75.8 73.2 72.6 75.5 78.8 79.7 80 90.5 93.6 91.1 82.3 69.1 67.9 78 77.9 84.2 76.1 75.1 76.8 76.8 72.5 68.9 64.8 63 61.1 56.1 50.5 43.1 39.3 33.5 27.6 21.7 16.4 11.7 4.2 5 2.3 2.3 2.3 1.4 0.5 -0.3 -1.6 -1.6 -1.1 -0.1 0.8 1.1 1.2 0.9 0.5
52.4 45.1 43.1 41.7 42.3 45.4 53 57.3 63.3 68.7 68.8 70.5 69.1 71.7 70.2 72.7 65.1 58.2 56.7 56.2 56.6 56.9 57.8 59.4 64.7 73.2 78.7 77.8 70 69.7 71.3 74.4 75.3 77.9 75 74.1 72.6 72.7 72 73.9 72.8 79.1 82.7 82.7 78.7 66.3 65.9 76.7 79.1 83.5 81.5 76.7 76.9 79.6 74.4 72.1 70 65.9 61.6 55.3 52.3 43.5 39.4 30.3 26.2 20.4 13.1 8.9 4.5 2.9 2.3 2.3 1.7 0.8 0 -0.9 -1.6 -1.6 -1.2 -0.1 0.9 1.9 2 1.8 1.4
44.5 42.8 42.4 42 41.8 42.1 43.7 49.2 59.7 64.9 63.7 67.5 64.3 65.5 68 72.4 64.3 58.2 57.1 56.4 56.5 57 57.2 57.8 64.8 70.7 74 81.1 70.4 70.3 70.9 74 75.1 75.7 75.9 76.3 76.8 82.6 72.8 72.1 70.3 69.8 69.7 68.1 69.4 64.5 65.4 68.7 77.9 77.7 74.8 78.8 82.5 78.7 77.8 78.1 74.5 73.8 67.1 57.2 47.7 44.9 37.8 30.2 24.1 21.2 12.1 11.6 8 3.5 2.4 1.9 1.3 0.7 0.1 -0.5 -1.6 -1.6 -1.6 -0.2 0.8 1.9 2.5 2.9 2.2
44.1 42.9 42.5 42.3 42.2 42.4 42.5 48.2 60.2 66.1 62.9 65.3 61.3 60.9 60.9 66.8 65.9 58.8 57.3 56.8 56.6 57 57.3 57.7 65.1 71 74.2 79.1 71 70.6 71.6 74.4 74.5 75 77.7 77.7 79.9 85.6 80.5 78.2 82.9 80.3 70.1 75.9 72 70.6 60.4 59.8 62 70.9 72.9 75 83.5 81.1 77.1 79.6 78.6 74.8 72.5 66.2 54.6 43.4 38.9 28.6 23.3 21.8 12.1 12.5 12.1 11.3 2.6 2.3 2 1.4 0.8 0.1 -1 -1.6 -1.6 -1.6 0.2 1.1 2.1 2.6 2.7
43.7 42.9 42.7 42.4 42.6 42.8 43.1 51.2 62.2 63.1 60.8 60.6 60.9 60.9 61.6 69.6 71.6 60.5 57.3 57.2 56.8 57.1 57.4 57.8 63.3 73.4 73 77.2 71.4 73.6 73.4 74 75.3 75.1 78 80.6 79 80.7 81.7 82.2 87.3 85.9 76 80.4 85.4 72.9 63.4 58.5 57.9 58 64.9 69.2 74.5 73.7 74.6 82.8 80.9 79.4 77.1 68.2 60.2 47.6 38.1 28.8 23.9 20.6 15.7 13.4 12.8 12.7 9.8 2.2 2.3 2.2 1.6 0.6 -0.5 -1.6 -1.6 -1.6 -0.6 0.5 1.6 3.1 5
43.7 43 43.5 46.1 43.5 43.9 44.8 51.2 59.8 61 64.4 65.1 62.1 60.9 68.4 80.6 73.4 63.6 58.2 58.1 57.1 57.1 57.6 58.2 68.1 76.5 72.6 75.5 73.4 72.7 73.7 73.2 73.2 73.2 73.6 77.8 79.3 80 81.3 84.5 81.6 85 82 72 80.2 70.9 59.7 57.8 57.5 57.1 57.1 62 59.6 62.7 68.9 78.6 80.5 81.6 82.1 73.2 65.2 52.9 38.1 29.7 24.2 19.6 19.4 22 16.3 20.6 18 5.1 2.3 2.3 2.3 1.1 0.2 -0.5 -1.6 -1.6 -0.9 0.2 1.2 2.2 5.8
45.6 43.6 47.4 49.1 44.7 48.1 48 51 54.1 58 62.8 62.2 60.9 60.9 64.5 77.9 73.1 65.6 62.7 63.3 57.9 57.2 58 58.6 65 71.8 71.7 71.9 72.5 72.8 73.7 73.2 73.2 77.5 80.1 79.6 80.5 83.1 89.1 91.5 89.4 83.1 75.9 71.1 68 65.7 65.6 57.1 57.1 56 55.8 57.8 59 54.2 56.1 63.9 69.2 75.9 80.6 75.9 66.8 55.4 42.9 31.2 23 21.6 22.6 28.7 24.6 26.1 22 10 5.6 1.9 1.7 1.7 1 -0.1 -1.6 -1.6 -1.6 -0.1 1 2 7
48.5 47.4 54.8 49.9 45.5 49.7 51 53.1 56.3 59.7 64.4 60.9 60.9 60.9 60.9 75.4 70.2 66.8 63.8 62.4 62.2 57.5 60.5 63.2 60.4 67.2 68 71.5 72.3 74 80 78.7 79 81.2 81.9 80.8 84.3 86.5 92.2 93.5 95.5 97.5 89.9 74.3 72.7 69.5 62.8 59.9 56.1 55.5 55.6 57.2 53.6 54.3 51.5 53.8 51.9 58.4 63.3 67.1 65.1 58.3 47.3 33.3 22.7 22.1 24.7 25.4 26.6 30.6 26.2 12 6.3 5.4 3.7 2.3 1.9 -1.6 -1.6 -1.6 -1.1 -0.1 0.9 1.9 7.7
53.6 53.9 53.8 49.1 47.1 51 54.1 58.4 59 61.5 62.2 60.9 60.9 60.9 60.9 71.2 71.8 70.8 65.1 62.9 64.3 58.4 59 61.5 61.3 63.1 71.1 79.3 77.8 79.1 81.1 81.5 82.4 83.9 83.7 86.6 87.8 88.1 92.3 93.5 95.2 99.7 89.3 80.4 74.3 69 77.8 61.5 56.7 55.7 55.9 57.1 57.8 59.5 51 50.6 52.4 51.1 41.4 40.9 50.9 47.4 41.2 31.2 24.1 22.9 25.9 25.1 24.6 24.5 26.3 19.1 6.8 5.4 4.7 1.7 2 -1.6 -1.6 -1.6 -0.3 0.5 1.2 2 9
57.9 58.3 52.7 48.4 47.1 51.6 56 58.6 58.9 64.3 67.8 60.9 60.9 60.9 60.9 64.5 67.6 72.6 67.6 64 62.3 60 61 59.6 65.5 74 73.5 75.3 78.3 81.8 83.2 83.2 84 84.5 85.1 88.2 90.3 89.1 91.1 91.9 92.7 97.4 92.1 82.8 77 66.7 73.3 66.2 58.7 62.2 58.9 56.8 56.5 54.8 52.2 50.3 50.4 49.3 43.9 45.6 41.2 33.3 28.9 26.7 26.1 27.3 24.4 26.7 25.1 24.6 24.4 21.6 10.8 5.5 4.5 4.6 -1.6 -1.6 -0.3 0.3 0.5 1.3 2.1 2.3 7.4
63.6 62.4 54 50.7 49.3 53.9 56.7 59.9 60.1 62.7 65.8 60.9 60.9 61.8 60.9 60.7 63.1 65.4 68.6 76.2 65.9 63.1 60.6 63.8 69.2 74.8 72.8 71.6 80.5 83.5 85.2 84.8 85.3 85.3 85.3 87.5 91.9 86.9 84.6 89.6 90.9 92.7 90.5 86.1 80.2 67.2 69.4 65.3 62.8 67 65.1 63.8 67.8 60.7 57.2 50.7 50.5 53.1 47.1 45.7 42.7 38.1 41.6 40.2 47.1 45 43.4 38.6 37.4 34.9 31.7 32 32.2 15.8 4.4 3.8 -1.6 -1.6 1.3 1.8 1.8 2.1 2.3 2.3 6.7
66.8 64.7 56.4 54.7 48.7 55.1 57 62.2 60.8 62.7 60.9 60.9 60.9 62.6 62.9 61.4 61.8 66.3 73.2 79.7 66.9 64 65.9 63.1 69.1 75.8 74.4 72.3 81.7 88.3 87.3 86.5 86.5 86.2 86.1 88.2 87.2 84.6 84.6 84.6 93.8 90.2 88.7 88.4 81.4 74.5 70.9 69.6 65.1 65.9 68.4 66.8 67 65.9 66 61.8 52.2 51.3 51.2 57.9 56.2 54.2 53.9 54.7 61.9 64.4 53.2 58.2 57.8 46.1 46.4 39.2 36.6 35.6 12.9 2.8 -1.6 -1.6 -1.6 3.7 2.4 5.1 5.9 2.6 5.3
66.5 63.2 61.6 57 48.9 58.1 61.1 65.6 64 63.3 60.9 60.9 60.9 62.9 64.5 62.5 67.6 67.7 77.2 85.6 83.2 67.7 64.9 65.4 68.1 77.6 75.2 75.4 78.2 89.7 88.8 87.9 87.6 87.3 87 87.8 87.8 84.6 84.6 90 92.5 93.4 88.9 86.9 85 75.4 66.2 67.5 67.7 66.7 70.6 67.2 66.9 66.5 63.6 61.5 62.4 62.2 65.9 65.9 65.9 60.3 62.5 68.1 72.7 75.3 68.5 67.2 71.4 68.4 50.7 46.2 38.4 36 19.2 3.2 -1.6 -1.6 -1.6 2.4 2.4 6.8 16.1 15.3 12.3
66.5 63.1 68.5 61.9 53.6 59.7 61.4 64.3 64 60.9 60.9 60.9 60.9 65.8 65.8 62.7 64.2 67.6 71.2 83.2 94.3 75.2 68.3 69.6 65.8 74.7 75.4 76.1 77 89.4 89.6 89.5 88.7 88.3 88.3 87.5 87.1 85.9 84.6 87.3 93.4 94 92.3 85.6 85.6 76 66.6 67.9 68.2 73.7 68.4 66.6 66.7 66.2 69 70.4 66.7 70.3 73.1 75.2 73.8 75.5 72.2 77.1 88 90.2 78.1 72.2 71.1 68.8 58.4 50.6 40.5 34.4 24.3 9.3 1.3 -1.6 -1.6 -1.6 -1.6 9 16.6 17.5 17.1
68 66.2 67 63.3 55.8 62.6 63.1 64.7 61 60.9 60.9 60.9 60.9 64.9 66.1 63.8 66.7 68.8 70 71.6 78.2 80.2 70.3 75 73.4 76.8 76 77.1 78.4 83.1 92.8 93.1 91.3 89.7 88.8 88 87.3 84.6 84.6 84.6 87.9 88.8 90.8 85.5 81.2 74.3 68.4 72.5 72.3 74.2 72.3 66.6 66.5 67.1 71.3 76.5 76.1 82.2 78 79.6 82.9 84.7 81 85.1 95.9 92.8 80.1 71.1 65.8 62.7 58.5 67.6 53.2 41.3 44.1 30.6 11.1 2.1 -1.6 -1.6 -1.6 -1.6 16.6 17.3 17.8
66.1 65.8 60.6 60.9 53.5 63.6 67.9 64.8 60.7 60.9 60.9 60.6 60.9 67.4 67.6 65.1 67.3 73.1 74.8 75.1 82.1 79.9 76.4 73 72.5 71.2 77.3 80.7 80 81.6 89.2 94.1 94 90.8 90.9 88.9 88.4 86.7 84.6 87 84.6 84.6 88.4 87.4 80.9 77.2 76.6 78.5 74.3 72.5 71.9 68.6 66.6 70.8 66.5 76.7 77.8 81.5 83.5 83.9 87.6 85.7 86.6 90.6 93.9 93.7 86.8 77.1 66.6 63.3 66.1 71.9 64.7 47.5 46.6 42.6 22.1 2.3 1.3 -1.6 -1.6 -1.6 16.3 17.1 17.8
66.7 61.6 59.9 56.9 54.1 61.9 65.2 62.8 62.6 60.9 61.8 60.3 62.1 71.9 73.9 67.3 70 74.4 79 84.6 85.6 82.2 78.7 75.3 73.6 70.4 78.6 80.7 83.9 82.3 84.5 89 94.7 92.8 92.3 90.9 88.8 87.5 87.7 88.5 93.9 88.6 94.7 91.2 86.6 84.2 75.9 76.1 81.4 74.2 73.5 71.2 67.1 69.4 66.3 67.3 74.8 78.6 83.2 89.8 95 89.1 91.8 93.4 95.4 100.7 97.9 84.7 75.6 69.6 71.4 73.6 64.4 51 38.5 31.9 21.8 6.3 0.6 -1.6 -1.6 11.9 16.2 16.9 17.5
65.1 61.4 59.3 53.1 56.8 61.6 62.7 62.2 62.1 63 61.2 62 68.9 76.9 77.5 70.3 73.7 79.4 82.8 89.2 91.5 88.3 75.4 75 70.8 71.9 78.7 80.6 82.2 82.7 83.8 85.8 91.6 94.6 93.8 94 89.9 89.3 89.6 89.7 97.1 91.9 93.7 92.7 88.8 86.4 78.3 75.4 84.4 76.8 77.1 71.7 71 74.1 69.5 67.5 70.4 74.9 88.9 91.6 97.3 92.8 93.5 100.5 101.2 103 102.1 96.3 87.3 78.1 76.4 73 61.4 47.9 36.4 24.4 16.4 8.3 0.5 -1.6 2.2 2.8 16.4 16.9 17.3
66.8 62.1 58 56.4 57 62.4 62.1 62 62.1 62.7 69 64.5 73.1 79.5 76.6 73.2 77.1 80.4 84.5 90.9 94.4 96.4 77.3 73.3 71 74.9 82.7 82.5 82.2 81.8 83 84.8 93 96.9 95.5 94.7 92.6 91.1 91.9 92.3 96.3 93.4 93.6 94.8 90.3 82.6 78.9 75.9 78 77.5 77.1 76.5 77.2 71.6 70.1 69.7 73.4 80.9 90 98 101.3 95.3 94.7 104.8 105.1 104.6 107.1 100 92.4 81 75.7 74.3 55.7 39 28.2 20.6 15.6 -1.6 -1.6 -1.6 2.5 2.8 17 17 17.2
65.8 62.9 56.6 54.9 61.2 59.6 63.7 62.4 62.3 68.1 70.1 68.9 81.8 82.1 75.2 76.2 79 82.5 84.2 96.3 99.2 99.6 85.8 73.5 72.6 75 81.6 83.1 83.3 81.8 81.9 83.9 92.8 97.4 97 95.1 94.6 95.7 94.7 95.2 95.3 95.2 94.2 96.3 89.6 84.3 76.6 76.8 89.8 87.4 81 80.8 79 79 78.8 71.2 77.3 81.8 91.9 100.9 106.6 103.1 100.1 110.7 111.5 109.2 111.8 104.8 91.9 81.1 73.4 70.6 54.4 34 24.8 15.3 1.5 -1.6 -1.6 2.4 2.6 3.6 16.8 17.3 17.3
64.3 58.6 56.6 55.8 61.3 59.8 62 63.4 62.5 67.1 72.2 71.6 78.8 81.4 76 77.8 80.3 89.2 90.7 99.7 105.4 102.4 92.1 81.3 75.6 76.2 77.2 83.1 84.6 81.8 81.8 82.2 87.9 93.3 95.4 94.1 94.7 94.5 95.5 95.2 95.4 95.6 96.1 94.5 89 91.1 78.5 76.2 88.9 88.2 84 82.7 89 81.2 76.4 74.3 80.6 85.5 91.9 99.1 111.5 108.5 103.8 111.7 114.5 112.1 110.4 105.2 88.3 76.6 71.3 62.8 53.1 34.1 21 9 2.2 2.4 2.8 2.2 16 3.7 17.1 17.4 17.5
60.7 57.1 56.2 57.6 62 61.3 61.9 62.4 69.3 68.3 71.1 71.5 77.1 76.5 76 77.1 82 92 96.7 103.8 107.5 107.5 95.9 87.6 74.2 76.1 77.3 80.1 82.9 83.6 81.8 81.8 84.1 88.4 92.2 93.3 92.6 93.8 94.7 95.7 95.7 96 96.1 94.5 89.6 89.8 81.1 76.4 84.4 85 83.2 86.3 86.7 79.1 74.5 73.6 82.6 89.2 88.6 99.2 112.7 109.8 104.9 111.7 112.7 108.5 104.2 99.9 83.9 74.9 66.3 55.6 44.6 34.2 17.7 6.8 2.8 2.4 2.9 18.4 17.5 4.1 16.6 17.3 17.2
58.5 56.6 56.6 58 69.2 64.5 63.9 73 71.4 70.5 71.2 75.7 77.4 76.8 76.7 77.1 83 91.3 95.6 103.1 106.4 102.8 101.9 92 81.9 82.5 81.9 78.7 78.2 83.8 83.3 83.7 84.1 87.3 90 91.2 91.6 94.5 94.4 95.3 95.8 95.8 96.6 94.6 90.3 84 81.9 76.5 87.1 83.6 84.8 81.6 85.2 77.2 73.7 73.7 88.9 89 90.7 99.5 112.6 114.2 105.2 109.6 109.5 105.1 100.4 91.9 83.7 73.8 64.3 48.5 37.3 25.3 16.5 2.9 2.6 2.3 11.7 19.3 18.3 6.9 5 11.9 16.8
57 56.2 57.9 64 72.3 70.2 71.2 80.6 77.8 79.3 72.9 83 80.4 77 77 77.4 82.6 89.6 94.5 96.8 101.5 102.5 97.4 94.9 86.6 76.3 76.7 77.2 77.3 79.1 83.5 84.2 84.8 87.2 89 90.7 92.3 91.8 92.4 94.4 94.9 94.9 96.8 95.4 94.4 83.5 81.1 76.7 82.7 83.1 82.5 80.2 80.1 78.2 73.8 74 92.9 94.8 93 101 116.8 112.3 106.9 102.7 105.5 104.4 97.5 94.7 82.1 67.6 55.8 44.9 31.6 19.3 4.8 3 2.7 10.2 19.2 30.4 27.1 16.6 14.3 6.7 9.8
56.6 57.8 58.1 65.7 75.3 72.9 73.8 86 85.1 87.4 82.4 87.1 81.5 77.3 77.3 77.5 84.2 87.5 94 95.1 92.7 96.2 96.2 102.7 93.6 82.3 76.7 76.8 77 77.4 81.4 84.3 84.8 86.1 89.2 91 91.9 91.8 91.8 91.8 92.6 95.7 98.4 96.4 97.2 89.9 82.4 77.9 78.9 81.6 81.1 80.6 78.9 77.9 76.1 74.3 96.3 101.3 94.9 98.2 110.2 111.3 108.4 102.2 100 104.1 99.9 93.3 87.2 69.1 54.6 39.3 24.6 17.7 3.7 2.8 3.1 20.7 24.5 36 30.5 18.2 16.4 10.2 7.2
56.5 58.1 59.1 69.5 75.1 76.5 78.7 84.2 88.9 93.3 88.9 97.3 88.6 77.9 77.7 77.7 83.5 88.9 93.4 94.3 90.1 89.7 95.1 101.6 97.3 86.8 78.1 76.5 77.1 77.9 78.8 83.2 84.3 85.6 87.6 92.1 92.3 91.6 91.8 91.8 91.8 93.7 98.3 97.6 95.7 93.4 87.8 81.2 78.3 80.5 80.8 80.2 79.5 79.5 79.5 80.1 97.8 104.6 96 100.9 107.7 108.5 107.1 103.3 94.6 96.7 98.2 88.5 79.6 64.8 51.7 34.5 19.4 5.4 3.6 3.5 14.3 31.9 36.8 48.7 35.3 27.4 17.1 11.7 13.1
