UK/data/sh/sh88_OST50GRID_20230518/SH88.asc
ncols 200
nrows 200
xllcorner 280000
yllcorner 380000
cellsize 50
[rows 152 to 189 of 200, columns 0 to 83 of 200]
-2.3 -2.3 -2.3 -2.3 -2.3 -2.3 -2.3 -2.3 -2.3 -2.3 -0.8 -0.3 0.3 1.1 2 2.7 7.5 13.6 13.1 16.6 14.4 45.8 69 92.2 112 135.5 139.7 119.1 103.3 99 93.6 92.5 88.4 84.7 75 68.5 33.9 30.3 28.5 15 2.1 0.7 -0.4 -2.3 -2.3 -2.3 -2.3 -2.3 -2.3 -2.3 -2.3 -2.3 -2.3 -2.3 -2.3 -2.3 -2.3 -2.3 -2.3 -2.3 -2.3 -2.3 -2.3 -2.3 -2.3 -2.3 -2.3 -2.3 -2.3 -2.3 -2.3 -2.3 -2.3 -2.3 -2.3 -2.3 -2.3 -2.3 -2.3 -2.3 -2.3 -2.3 -2.3 -2.3
-2.3 -2.3 -2.3 -2.3 -2.3 -2.3 -2.3 -0.2 0.3 1 1.7 2.3 3.2 4.9 12.3 19.2 21.2 21.5 22.9 27.2 34.7 44.9 59.8 79.5 105.8 118 132.1 111.7 97 92.6 87.4 82.7 81.9 83.5 76.5 70.4 41.9 30.9 24.5 29.1 13.7 2.1 0.8 -0.7 -2.3 -2.3 -2.3 -2.3 -2.3 -2.3 -2.3 -2.3 -2.3 -2.3 -2.3 -2.3 -2.3 -2.3 -2.3 -2.3 -2.3 -2.3 -2.3 -2.3 -2.3 -2.3 -2.3 -2.3 -2.3 -2.3 -2.3 -2.3 -2.3 -2.3 -2.3 -2.3 -2.3 -2.3 -2.3 -2.3 -2.3 -2.3 -2.3 -2.3
-2.3 -0.7 -0.2 0.2 0.7 1.4 2.1 2.7 3.7 4.2 5.1 7.6 13.5 16.8 19.6 22.1 22.7 25.3 25.5 27.6 31.6 39.8 53.9 75.3 98.1 110.6 123.2 112.2 91.3 86 81.2 78.1 79.3 85.9 77.3 75.2 48.7 31.4 23.8 30 22.8 11 2.2 0.9 -0.9 -2.3 -2.3 -2.3 -2.3 -2.3 -2.3 -2.3 -2.3 -2.3 -2.3 -2.3 -2.3 -2.3 -2.3 -2.3 -2.3 -2.3 -2.3 -2.3 -2.3 -2.3 -2.3 -2.3 -2.3 -2.3 -2.3 -2.3 -2.3 -2.3 -2.3 -2.3 -2.3 -2.3 -2.3 -2.3 -2.3 -2.3 -2.3 -2.3
1.7 2.1 2.5 3.1 3.9 5.2 6.2 7.3 6.6 10.4 10.9 12.2 14.5 17.2 20.5 24 27.3 27.6 28.9 30.5 31.2 34.9 43 59.6 93.3 101.3 106.3 104.1 82.3 75.8 73.6 75.1 78.5 75.8 72.7 73.3 66.5 31.9 24 30.4 22.4 20.3 12.2 2.3 0.4 -2.3 -2.3 -2.3 -2.3 -2.3 -2.3 -2.3 -2.3 -2.3 -2.3 -2.3 -2.3 -2.3 -2.3 -2.3 -2.3 -2.3 -2.3 -2.3 -2.3 -2.3 -2.3 -2.3 -2.3 -2.3 -2.3 -2.3 -2.3 -2.3 -2.3 -2.3 -2.3 -2.3 -2.3 -2.3 -2.3 -2.3 -2.3 -2.3
5.8 7.2 7.5 8.1 8.4 7.9 9.3 9.9 10.1 9.9 11.2 12.4 13.9 18.1 22.1 26.3 35.1 34.5 37 36.8 36.3 37.6 40.4 43.7 54.1 76.9 97.1 97.8 76.6 71.6 71.3 74.8 80.6 69.6 69.1 70.1 39.4 32.9 24.3 30.3 23.1 20.2 18.9 5.6 1.7 0.1 -2.3 -2.3 -2.3 -2.3 -2.3 -2.3 -2.3 -2.3 -2.3 -2.3 -2.3 -2.3 -2.3 -2.3 -2.3 -2.3 -2.3 -2.3 -2.3 -2.3 -2.3 -2.3 -2.3 -2.3 -2.3 -2.3 -2.3 -2.3 -2.3 -2.3 -2.3 -2.3 -2.3 -2.3 -2.3 -2.3 -2.3 -2.3
5.8 7.9 7.8 8.3 8.3 8.8 10.2 11.1 11.2 10.4 10.9 13.1 14.9 18.5 23.5 27.7 32.4 36.9 49.2 55.9 57 54.6 51.5 49.1 48.6 52.6 56.5 70.1 68.6 67.7 68.6 70.2 72.4 64.6 62.9 63.5 34.1 27.7 27.9 25.4 22.7 20.2 18.3 17.8 3 1.4 0 -2.3 -2.3 -2.3 -2.3 -2.3 -2.3 -2.3 -2.3 -2.3 -2.3 -2.3 -2.3 -2.3 -2.3 -2.3 -2.3 -2.3 -2.3 -2.3 -2.3 -2.3 -2.3 -2.3 -2.3 -2.3 -2.3 -2.3 -2.3 -2.3 -2.3 -2.3 -2.3 -2.3 -2.3 -2.3 -2.3 -2.3
6.4 8.1 8.8 9.1 8.9 9.8 11.1 12.4 12.1 12.7 13.4 15.1 17.2 18.9 22.9 26.9 31.2 34.7 38.4 54.5 70.8 69.4 66.8 60.8 50.7 51.2 52.4 54.2 61.5 66.5 69.1 69.2 66.3 58 55.1 54.7 26.9 26.2 28.5 24.4 22.3 20.8 18.9 18.1 6.5 2.3 0.9 -0.7 -2.3 -2.3 -2.3 -2.3 -2.3 -2.3 -2.3 -2.3 -2.3 -2.3 -2.3 -2.3 -2.3 -2.3 -2.3 -2.3 -2.3 -2.3 -2.3 -2.3 -2.3 -2.3 -2.3 -2.3 -2.3 -2.3 -2.3 -2.3 -2.3 -2.3 -2.3 -2.3 -2.3 -2.3 -2.3 -2.3
6.9 8.3 9.2 9.4 9.8 10.4 11.7 14.6 14.4 14.8 16.4 18.1 19.4 19.8 21.6 24.4 27.8 32.3 34.6 38.6 55.9 68.6 68.1 62.3 58.1 54.1 54.5 54.2 54.4 61.8 66.9 68.8 62.2 56.6 52.3 49.8 36.6 26.7 27.4 23 21.5 20.7 18.9 17.7 16.4 3.5 1.4 -0.4 -2.3 -2.3 -2.3 -2.3 -2.3 -2.3 -2.3 -2.3 -2.3 -2.3 -2.3 -2.3 -2.3 -2.3 -2.3 -2.3 -2.3 -2.3 -2.3 -2.3 -2.3 -2.3 -2.3 -2.3 -2.3 -2.3 -2.3 -2.3 -2.3 -2.3 -2.3 -2.3 -2.3 -2.3 -2.3 -2.3
8.2 9.3 9.7 10.1 11 11.4 13.1 14.5 15.9 15.7 18.1 20.1 21.2 21.8 23.1 25.1 27 29.8 33.1 36.8 38.6 41.9 60.4 59.2 57.2 58.9 74.4 71.4 58.4 56.1 57.6 59.8 61.2 56 58.2 44.8 35.9 26.8 24.2 21.9 21.4 20.1 18.5 16.9 16.3 7.9 2.8 2.8 2.8 2.8 2.4 -2.3 -2.3 -2.3 -2.3 -2.3 -2.3 -2.3 -2.3 -2.3 -2.3 -2.3 -2.3 -2.3 -2.3 -2.3 -2.3 -2.3 -2.3 -2.3 -2.3 -2.3 -2.3 -2.3 -2.3 -2.3 -2.3 -2.3 -2.3 -2.3 -2.3 -2.3 -2.3 -2.3
6.9 10 10.5 11.3 12.2 13.2 15.2 15.7 17.1 17.5 18.8 21.2 23.6 24.3 25.8 27.7 29.1 31.4 34.1 36.9 39.3 43.8 43.4 45.8 50.7 54 73.5 69.8 68.2 62.4 68.5 61.9 60.3 54.7 51.7 35.5 30.9 27.5 23.4 22.3 20.6 19.8 19.3 18.6 16.7 15 3.9 2.4 2.8 2.8 1.3 -0.5 -2.3 -2.3 -2.3 -2.3 -2.3 -2.3 -2.3 -2.3 -2.3 -2.3 -2.3 -2.3 -2.3 -2.3 -2.3 -2.3 -2.3 -2.3 -2.3 -2.3 -2.3 -2.3 -2.3 -2.3 -2.3 -2.3 -2.3 -2.3 -2.3 -2.3 -2.3 -2.3
9.7 11 12.4 13.9 14.7 15.4 15.8 15.3 17.3 19.8 20.2 21.5 25.3 27.1 28.8 31.3 32.9 35.6 38.5 43 46 51.9 57.4 64.6 62.8 67.2 61.1 63 62.5 59.9 77.1 79.4 78.7 67 51.2 34.3 29 26.1 23.3 22.8 21.3 20 19.7 18.7 17.2 15.2 4.2 2.8 2.8 2.2 0.4 -1.1 -2.3 -2.3 -2.3 -2.3 -2.3 -2.3 -2.3 -2.3 -2.3 -2.3 -2.3 -2.3 -2.3 -2.3 -2.3 -2.3 -2.3 -2.3 -2.3 -2.3 -2.3 -2.3 -2.3 -2.3 -2.3 -2.3 -2.3 -2.3 -2.3 -2.3 -2.3 -2.3
11.9 13.4 14.5 16.5 17 17.7 17.6 17.8 18.9 21.1 23 23.2 25.2 28.8 32.5 35.1 37.9 41.2 49.6 66.6 81 87.2 70.6 70.3 77.2 86.7 87.9 77.8 71.7 55.2 71.2 81.1 83.3 77.4 61.3 37.2 28.1 25.9 24.4 22.2 21.3 20.7 19.6 19.1 17 14.3 13.5 2.8 2.8 1.3 0.4 -0.4 -1.1 -2.3 -2.3 -2.3 -2.3 -2.3 -2.3 -2.3 -2.3 -2.3 -2.3 -2.3 -2.3 -2.3 -2.3 -2.3 -2.3 -2.3 -2.3 -2.3 -2.3 -2.3 -2.3 -2.3 -2.3 -2.3 -2.3 -2.3 -2.3 -2.3 -2.3 -2.3
15.7 15.8 17.1 18.7 20.3 21 21.7 21 22 23.2 26 26 26.8 30.2 34.3 38.2 43.5 50.5 70.7 93.5 109 110.2 104.7 93.2 90.2 97.2 92 84.9 77 58.6 50.5 67.9 75.5 71.2 62.9 34.8 26.5 25.6 24.9 23.9 21.9 21.1 19.7 17.6 15.9 14.8 14.6 9.5 2.7 1.9 1.1 0.4 -0.2 -0.8 -1.5 -2.3 -2.3 -2.3 -2.3 -2.3 -2.3 -2.3 -2.3 -2.3 -2.3 -2.3 -2.3 -2.3 -2.3 -2.3 -2.3 -2.3 -2.3 -2.3 -2.3 -2.3 -2.3 -2.3 -2.3 -2.3 -2.3 -2.3 -2.3 -2.3
20.2 19.9 22.2 24 25.1 26.1 26.5 25.3 25.6 26.1 27.7 29.6 30.4 33.5 36.8 41.9 48.8 66.1 92.3 114.1 122 118.5 117.2 113.1 106.9 100.5 94.4 86.2 78.2 59.3 40.9 45.7 59.5 64.2 60.2 47.7 26.2 25.3 24.9 24.4 22.3 21.5 18.9 17.9 15.7 15.1 14.4 15.4 7 2.6 1.9 1.2 0.7 0.1 -0.4 -0.6 -1 -1.5 -2.3 -2.3 -2.3 -2.3 -2.3 -2.3 -2.3 -2.3 -2.3 -2.3 -2.3 -2.3 -2.3 -2.3 -2.3 -2.3 -2.3 -2.3 -2.3 -2.3 -2.3 -2.3 -2.3 -2.3 -2.3 -2.3
33.5 31 23.7 32.2 33.8 33.9 33.3 31 29.9 32.4 33.8 36.1 36.5 38.1 41 47.2 65.9 90.1 103.7 121.6 128.7 123.8 121.4 114.3 109.9 104.6 94 84.4 77.5 65.3 38.6 35.1 39.1 49.1 51.5 34.6 25.5 25.5 25.6 23.8 23 20.5 17.5 17.3 17.2 16 15.4 15.1 14.6 7.1 2.7 2.1 1.6 1.1 0.7 0.5 0.1 -0.4 -0.4 -0.7 -2.3 -2.3 -2.3 -2.3 -2.3 -2.3 -2.3 -2.3 -2.3 -2.3 -2.3 -2.3 -2.3 -2.3 -2.3 -2.3 -2.3 -2.3 -2.3 -2.3 -2.3 -2.3 -2.3 -2.3
37 37.5 44.6 62.5 57.6 61.4 51.7 43.9 39.3 43.9 50.1 46.5 42.4 44.4 51.7 62.6 83.2 98.6 111.7 121.3 129.7 124.8 116.6 111.9 108.2 102.9 94.8 82.5 72.5 66 43 29.7 28.1 29.9 32.5 25.7 25 25.1 25.1 23.3 22.9 21.6 18.1 17.3 16.6 16.5 15.5 15.2 14.2 12.3 10.5 2.6 2.7 2.2 1.9 1.5 1.1 0.6 1.3 1.2 -2.3 -2.1 -2.3 -2.3 -2.3 -2.3 -2.3 -2.3 -2.3 -2.3 -2.3 -2.3 -2.3 -2.3 -2.3 -2.3 -2.3 -2.3 -2.3 -2.3 -2.3 -2.3 -2.3 -2.3
45.8 38.1 56.6 75.2 87.2 91 81.7 60.5 58 58.6 56 56.1 57.4 68.2 77.9 78.2 89.2 98.4 107.6 116 122.1 121.7 115.1 108.3 104.2 101.5 90.5 77.1 65.4 56.8 44 31.3 24.9 25.4 25.5 25.2 25.4 25 24 23.5 23.2 21 18.9 18.1 17.6 16.1 14.6 13.5 11.9 11.5 11.1 9.6 9.3 7.7 2.7 2.6 2.2 2.1 2.8 -2.3 -2.3 0.5 -0.5 -0.9 -1.3 -2.3 -2.3 -2.3 -2.3 -2.3 -2.3 -2.3 -2.3 -2.3 -2.3 -2.3 -2.3 -2.3 -2.3 -2.3 -2.3 -2.3 -2.3 -2.3
53.2 51.7 66.8 86.6 107.3 112.9 92.1 70.2 80.1 84.5 67.7 62.3 75 71.9 80.9 87.5 90.6 95.3 102 110.2 112.3 112.9 109.1 104.2 98.5 91.1 79.9 66.2 57.8 45.8 31 24.9 23.7 23.7 24.8 24.5 25.5 24.8 24.4 24 22.9 21.9 20.2 19.2 18.9 16.8 13.6 11.3 10.4 10.3 9.7 10.9 9.1 7.4 5 5 4.3 4.1 4.4 -2.3 2.6 1.4 0.6 0.2 -0.2 -0.7 -1.2 -2.3 -2.3 -2.3 -2.3 -2.3 -2.3 -2.3 -2.3 -2.3 -2.3 -2.3 -2.3 -2.3 -2.3 -2.3 -2.3 -2.3
59.3 63.5 65.3 101 113.2 113.3 94.8 86.5 96.5 100.8 78.2 69.9 86.1 75.2 78.1 90.3 89.9 92.1 96.8 100.2 105.9 108.3 103.3 96.4 90.5 85.8 70.6 57.6 50.4 38.6 28.1 23.9 23.2 22.4 23.7 24.6 24.7 25.9 24.1 23.3 23.7 22.8 20.6 19.3 17.6 15.4 12.6 10.6 8.4 7.9 9.3 9 9.2 7.8 4.4 3.4 3.7 4.7 5.9 2.8 2.8 2.2 1.7 1.3 0.9 0.4 0 -0.4 -0.7 -1 -1.2 -1.4 -1.6 -2.3 -2.3 -2.3 -2.3 -2.3 -2.3 -2.3 -2.3 -2.3 -2.3 -2.3
68.2 62.8 70.2 107.1 107.8 107 101 102.1 107.2 109.2 94 78.5 81 77 80.2 88.7 86.9 89.3 92.5 95.4 98.1 101.7 97.4 89.8 83.8 76.3 62.2 53.5 46 33.2 27.1 22.8 21.2 21.6 23.3 24.6 25 24.4 23.3 22.2 22.3 23.5 22.1 20.4 16.8 16 13.3 10.2 9.1 7.9 7.1 8.3 7.9 5.7 3.8 2.8 1.9 2.5 3.2 4.8 5.2 6.1 2.7 2.4 2 1.6 1.2 0.8 0.5 0.2 0 -0.2 -0.4 -0.5 -0.8 -0.9 -0.7 -0.8 -1.1 -1.3 -2.3 -2.3 -2.3 -2.3
78 78.5 102.3 109.5 105.1 102.7 102.9 110.2 113.4 113.1 108.8 101.3 85 80.4 81.6 84.5 85.8 89 90.7 92.1 93.4 91.8 82.4 77.3 72 66.1 56 48.3 43.5 28.9 24.7 21.7 20.2 21.2 23.5 24 24.3 23.2 22.8 21.1 21.7 22.9 22.5 20.9 17.6 14.3 13.3 10.9 8.9 7.9 6.2 5.9 5.5 4.2 3.7 3.3 1.5 2.8 2.7 2.7 2.6 3.4 5.8 6.2 5.6 2.8 2.4 2 1.7 1.4 1.2 1.1 0.9 0.7 0.6 0.5 0.6 0.4 0.2 0 -0.6 -1.1 -1.5 -1.7
85.6 96.7 109.4 110.3 105.3 105.8 108.9 113.6 114.9 116.3 112.2 108.2 101.9 86.9 85.2 86.1 89.2 91 89.6 90.1 87.9 82.6 75.7 68 64.5 56.7 44.9 36.9 29.2 26.2 22.2 20.2 20.2 21.4 22.7 22.8 23.3 23.4 21.9 20.4 20.3 20.7 21 19.4 16.3 14.9 13.1 10.9 9.4 6.2 5 3.9 3.3 3.3 3.3 2.6 1.9 2.1 3.4 3.3 3.4 3.5 2.9 4.6 4.9 4.8 5.6 6.5 2.8 2.6 2.4 2.3 2.1 2 1.9 1.9 1.9 1.7 1.5 1.2 0.6 0.1 -0.2 -0.6
97.1 99.9 108.7 108.1 107.7 109.6 114.1 114.3 114.4 115.5 114.2 113.1 105.3 94.7 90.5 88.9 90 91.8 90.9 87 82.8 76.1 68.8 63.1 51.9 38.9 35.6 32.4 27.5 23.8 20.7 18.9 19.6 20.5 21.2 22.2 22.8 22.4 21.2 20.8 19.5 17.4 16.4 15.6 14.7 15.5 13.5 11.5 8.3 4.6 3.4 3.6 3.4 3.1 3.4 2.7 1.6 2.7 2.4 2.8 3.3 3.3 3.6 4.2 3.3 3.8 4.4 5.1 5.9 6.6 6.1 6.1 5.6 5.7 6.2 6.6 5.8 4.6 2.8 2.4 1.8 1.3 1 0.5
106.2 106.6 110.7 112.6 112.4 114.9 116.1 119 119.3 119.2 117.3 110.9 104.8 101 93.9 87.4 85.4 85.5 85.9 83.9 80.7 75.7 63.3 55.8 39.4 33.1 31.4 27.8 24.6 20.7 18.4 17.3 18.3 19.3 19.6 20.7 21.9 22.1 21.2 21.5 21.2 20.9 18.4 13.8 12.1 13 12.3 9.3 6 3.9 3.5 3.5 2.9 2.9 2.5 1.3 2.6 2.6 3.3 3.2 3 2.1 3 3.3 3.2 3.1 3.6 4.4 5.6 7.7 7.5 8.4 8.2 8.3 8.5 9.9 10.1 10 10 9.5 4.8 2.5 2.1 1.5
111.8 112.4 117.7 114.4 116.2 117.4 118 121 122.9 120.9 111.1 103.9 98.4 95.3 91.8 81.9 76.8 75.9 76.3 74.5 72.9 67.6 57.4 43.6 31.6 28.4 26.2 24.1 21 17.9 16.5 16.8 17 17.7 18.4 20.4 21 21.1 21.6 21.5 21.6 21.4 20.6 15.8 10.7 11.8 11.8 8.2 4.7 3.1 3.1 3.2 2.9 2.8 2.8 1.9 3.2 3.5 2.9 2.9 3.3 3.4 2.3 3.5 3.4 2.9 3.2 3.7 3.9 5.4 7.2 7.2 8.4 9.4 10.3 11.2 11.9 11.8 11.7 10.8 9.7 9.6 5.8 2.4
117.4 122 120.1 120.6 121.4 120.4 120.5 121.8 121.6 116.2 104.6 94.7 88 82.4 78.3 68.2 65.8 62.4 63 62.8 59.8 55.8 46.1 31.2 27.1 24.2 21.2 19.3 18.1 15.8 14.8 15.9 16.4 16 17.8 18.3 20 19.8 20.8 20.9 21.3 20.3 20.2 15.4 11.1 8 7.1 4.9 3 3 3.4 3.1 3.4 3.1 2.7 2 2.2 2.8 2.6 3.4 3 3.3 2.3 4.2 3.2 3.5 3.3 3.5 3.4 4 4.2 5.4 6.7 9 10.5 12.1 11.9 12.7 12.7 11.6 11.3 11.3 10.8 5.1
127.4 124.9 123.2 124.7 126.1 123.8 122.1 121 117 105.8 95.1 82.2 75.2 70.8 64.9 58 57 56.7 57.4 56.7 52.5 47.7 34.8 26.5 22.8 19.9 17.8 15.5 15 13.8 14.4 13.1 14.2 15.2 16.5 17 18.4 18.5 18.2 18.6 18.9 18.3 17.5 16.2 10.8 7.3 4.9 3.9 2.9 2.8 2.8 2.8 3 3.1 2.4 2 3 3.2 2.7 3.1 4.5 7.2 8 8.1 6.5 4.6 3.8 3.7 3.6 3.7 3.7 3.7 4.5 7.9 9.3 11.6 12.5 13.7 14.2 13.5 13 13.3 12.5 9.2
126.5 125 124.5 126.1 127.8 125.9 122.5 117.6 106.3 93.4 82.4 70.9 61.3 60.1 54.6 51.7 50.8 50.4 52.3 53.2 48.7 44 26.5 23.1 19.5 17.4 15.7 13.9 13.4 12.6 12.1 13 13.9 14.9 15.9 16.5 17.1 17.7 16.2 14.3 14.2 15.2 14.9 10.7 6.8 4.3 3.4 3.6 4 3.7 3.4 3.8 3 2.5 1.4 3.6 3.4 3.7 2.7 3.2 5.4 7.6 8 8.2 8.2 10.7 10.4 7.3 6.3 3.5 4.7 3.8 4 4.1 7.5 9.8 12.3 14.6 15.5 15.3 14.5 14.3 14.5 12.3
125.6 124.1 124.4 125.9 127.2 126 117.8 106.3 95 82.5 71.7 62.3 56.2 51.7 48.2 46.2 45.1 45.1 45.3 44.6 43.9 30.8 23.7 20.3 17.6 15.4 14.3 13.5 13.1 11.8 12.5 13.9 14.2 14.7 15.5 16.8 17.1 16.9 14.9 11.3 11.4 9.2 8.5 5.2 3.2 3.3 3.4 3.2 4.3 4 3.2 3 2.1 2.2 3.2 3.4 3.4 3.2 3.3 4.9 6.4 8.6 9.2 10.9 11.4 13.5 12.9 11.1 12.1 5.5 4 4.1 4 4.3 4.3 6.6 10 14.3 14.4 16.1 15.1 13.5 14.5 11.8
126.2 124.7 124.4 125.7 126.3 117 106.2 94.7 83.8 71.1 60.9 56.7 51.6 46.9 43.3 41.5 40 39.3 38.9 36 28.4 24.6 22.7 18.3 15.8 13.8 13.4 13.4 12.9 11.8 12 14.1 12.7 14.8 15.1 15.6 15.3 16.8 14.2 8.1 7.4 4.5 3.7 3 3.1 3.2 3.3 3.1 3.3 2.8 4.1 3.4 2.9 3.5 3.4 3.5 3.3 3.3 5 5 6.5 9.5 11.8 13.7 15.3 15.7 16.2 15.3 14.2 11.9 5.5 3.7 4 3.6 3.7 4.3 6.4 10.9 11.6 13 12.2 11.9 10.4 11.4
128.6 122.8 119.1 119.5 115.6 105.8 94.4 83.3 72 59.2 53.8 51.9 46.6 42.2 39.3 37.2 34 32.7 31 28.4 25.9 22.6 19.7 17.1 14.6 13 13 12.9 12 10.7 12.6 13.7 12.6 13.4 13.1 12.4 12.3 14.1 14 9.1 5.4 3.6 3.1 3.1 3.1 3.1 3.1 3.2 3.1 2.8 3.3 3.4 3.9 3.5 2.6 3.4 3.6 3.6 5.4 8.5 9.4 13.2 16 16.6 17 17.9 17.9 17.5 17.5 14.3 10.7 6.7 5.4 4 3.3 3.4 4 5 8.3 8.9 9.2 8.8 8.6 9.2
120.8 117 112.4 109.7 103.9 95.4 84.9 74.2 59.4 50.9 48.5 45.1 41.7 37.7 34.9 32.3 30.1 29.8 28.5 25.6 23.3 21.2 18.6 16.4 13.9 13 12.6 11.9 10.5 9.4 10.3 10.9 11.8 13 10.6 9.6 10.5 11.1 11.6 8.9 6.5 3.3 3.2 3.1 3.1 3.2 3.2 3.3 3.1 3.3 3.5 3.3 3.1 3.4 3.4 3.1 3.7 5.2 6.7 9.5 9.9 18.4 20 21.3 20.6 20.4 19.7 18.7 18.7 17.9 15.4 10.2 6.8 5.4 3.2 3.5 3.4 3.7 4 4.5 5.9 6.6 7.1 7.2
108.9 107.5 101.1 97.9 89.8 78.7 72.6 62.1 50.5 46.1 42.8 40.6 37.1 33.8 32.1 30 27.7 27.2 25.9 23.3 21.5 19.5 16.9 14.5 12.7 12.8 11.8 10.8 9.2 9 9 8.4 9.3 9.4 8.7 7.2 7.4 7.7 8 8 6.3 3.1 3.3 3.1 3.1 3.4 3.5 3.5 2.9 2.6 3.4 3.5 3.2 2.9 3.3 3.9 4.5 6.8 7.4 11.1 16.9 20.4 22.3 22.8 23.1 23.9 23.9 21.7 20.4 19.4 17.8 16.1 12 8.3 3.4 3.5 4.1 4.2 3.8 4.5 4 4.6 5.2 5.8
92.9 91.6 88.5 83.6 73.9 64.3 59.5 55.1 43.1 40 38.4 36 33 31.6 30 28.1 25.9 25.5 22.5 21.1 19.1 17.2 14.8 13 11.9 12 11.3 11.4 10.2 9.8 8.8 7.8 7.7 7.2 7.1 5.7 5.5 5.2 4.6 5.8 4.7 3.1 3.1 3.1 3.3 3.7 3.8 3.7 3 3.2 3.2 3.4 3.4 3.5 3.5 4 6.7 10.1 12.1 13.5 16.8 20.8 21.5 22.4 23.6 25 26.8 23.7 24 22.2 20.7 19.2 18 15.6 11.7 6.2 4.3 4.3 4.7 4.4 3.7 4.4 4.9 5.4
77.8 76.7 74 65.8 60.4 58.5 54 46.2 36.8 36.3 34.4 33.2 30.3 28.6 27.1 25.7 24.2 21.8 20.2 18.6 16.5 14.6 12.9 11.8 12.5 12.5 11.4 11.2 10.9 10.4 9.5 9.7 9.4 8.3 7.3 6.4 6.5 6.1 5.1 3.8 3.6 3.6 2.8 3.2 3.5 3.9 4.1 3.7 2.8 3.4 2.8 3.2 3.3 3.5 4.4 6.5 10.1 13.9 15.2 15.9 17.4 21.1 24.7 28.9 27.7 28.1 28.7 27.7 26.5 25.3 24.8 22.7 21.8 19.5 17.8 13.9 9.8 5.1 4.1 4.4 3.9 4 5.3 4.9
63.1 61.4 58.8 56.2 56.5 52.1 43.4 37 34.1 34 32 30.1 28 27.1 25.8 23.7 20.6 19.2 17.6 15.3 14.3 13.3 12.1 11.7 12.6 12.3 12.5 12.1 11.7 11 10.8 11.3 11.2 10.2 8.7 7.7 6.9 6.8 5 3.3 3.4 2.7 3.2 3.1 3.5 3.8 4 3.4 3.2 3.2 2.8 2.8 3.1 3.9 6.3 8.7 12.5 15.7 17.6 18.8 19.9 22.8 28.6 33.8 37.9 32 31.8 29.8 29.7 28.8 27.6 26.9 25.5 24.1 21.3 17.9 16.3 12 10.8 9.2 6.1 4.8 5.1 5.6
57.8 54.8 49.7 44.8 48.4 41.1 35 33.7 32.2 30.5 29.2 28 25.7 24.5 23.1 21.2 18.7 16.8 14.7 13.7 13.4 12.6 12.1 13 13.5 13.8 13.4 13.3 13 12.4 12.1 12.1 12.7 12.2 10.4 8.5 6.3 5.2 3.9 5.1 3.9 2.9 3.3 3.4 3.6 3.9 3.2 3.3 3.5 3.1 2.9 3.1 4.4 5.9 8.4 10.8 15.7 19.3 20.6 22.9 22.7 25.5 30 33 35.6 34.1 33.1 33.1 32.6 32.6 31.6 30.6 29 26.7 24.5 21.3 19 16.3 15.2 15.3 12.6 10.2 7.6 6.2
55.7 50.2 42.5 39.5 36 33.8 32 31 29.7 28.6 27.4 25.8 24.2 21.7 20.2 19 16.8 15.2 14.1 13.5 12.3 12.6 13.5 14.7 15.6 15.3 15 14.1 14.1 13.5 13.2 13.9 14.1 13.6 12.2 7.4 5.4 5.1 6.3 5.5 3.7 4.1 3.6 3.4 3.5 3.1 3 3.1 3.2 3.3 3.1 3.3 6.2 7.1 10.3 13.3 17.5 21.7 23.9 25.7 27.3 27.9 30.2 33.5 35.1 36.4 36.7 36.1 36.6 36.7 35.1 33.5 31 28.9 26 23.2 21.1 19.3 18.4 17.9 16.5 13.9 11 7.9
