UK/data/nj/nj34_OST50GRID_20230518/NJ34.asc
ncols 200
nrows 200
xllcorner 330000
yllcorner 840000
cellsize 50
[rows 70 to 104 of 200, columns 0 to 77 of 200]
274.7 279.7 280.2 281 280.8 280.1 280 279.4 278 277.3 275.8 273.5 273 273.8 271.2 269.4 268.6 267.8 265.8 262.8 259.6 256.7 252.8 249.4 246 242.2 239.9 237.3 233.8 230.1 226.7 222.9 218.3 213.8 208.7 203.3 197.3 192.6 188.9 181.7 169.1 173.3 181.1 180.2 175.6 166.4 160.6 169.7 175 182.5 185.2 179.5 190.4 198.2 202.6 206.6 210.5 215 216.7 215.1 213.3 216.9 220.9 224.5 227.9 232.3 235.7 238 241 244.3 247.6 249.3 250.1 251.3 253.6 255.6 257 256.7
268.9 271.6 271.5 272.8 272.9 271.3 272.3 271.4 271 269.3 266.5 263.9 263.8 265 261.1 261.3 260.6 261.8 260.4 258 255.3 250.2 245.1 242.2 239.6 235.7 232.6 236.5 233.5 228.3 224 218.5 215.4 210.5 205.6 200.4 195.1 191.3 186.4 180.1 171.4 164.8 174.1 166.3 158.1 159.5 168.3 176.1 182.6 188.1 192 191.1 183.4 188.5 199.3 207.2 213.7 218.9 219.8 218.8 218.4 221.4 224.2 228.1 232.5 236.3 239.3 242 244.7 249.1 252.3 254.3 255.3 256 257.6 259.3 260.7 260.4
261.5 261.9 262 262.6 261.4 262 262.3 261 258.3 257.3 256.7 255.6 256.1 256.6 253.7 254.3 254.9 255.8 254.5 249.7 246.8 244.1 239 237.5 236.6 228.5 226.7 232.3 231.1 225.2 218.5 214.1 210.7 206 201.1 196.1 191.7 187.6 182.1 175.2 162.1 168.1 159.9 156.6 164.8 166.1 177.2 183.7 188.8 194.5 196.8 196.8 198.5 194.3 190.2 199.8 209.2 216.8 219.9 219.1 221.1 223.5 227 231.5 235.9 239.8 242.4 244.9 248.5 253.7 257.3 258.4 259.2 259.8 261.5 263.1 263.9 263.9
251.4 254.5 254.5 254.1 252.8 252.9 251.6 250.9 247.6 246.8 246.7 247 246.7 246.7 247.7 247.7 246.7 246.6 244.4 240.6 237 234.8 233.4 233.5 231.7 220.5 217.6 223.7 225.5 219.9 213.9 209.8 206.1 201.6 196.7 190.5 184.9 179.9 172.8 167.2 156 155.1 154.9 167.5 172.4 172.5 176.3 186.8 193 198.6 202.5 200.8 202.5 201.3 202.2 197.8 198.8 205.3 212.9 217.3 220.9 224 228.1 233.2 237.6 240.9 244.6 247.9 252.2 258.5 262.1 262.8 262.7 263.7 265 266.1 266.8 267.2
241.9 247.4 247.6 246.1 243.6 242.6 241.6 237.9 235 233.8 233.9 235.2 236.9 237.1 238.7 239.7 238.4 237.6 236.4 232.8 230.5 229.5 228.9 228.8 225.9 218.1 214.1 213.7 213.9 213 209.1 204.5 201.4 197.8 191.8 184.3 177.7 170.3 163 156 152.7 159 166.8 172.6 177.2 180.4 177.8 184.5 194.3 201.7 204.1 205.1 204.8 205 205.9 206.4 207.4 202 206.9 215.4 219.6 222.9 227.7 233.9 239.2 241.9 245.5 249.2 256.1 262 265.7 266.5 266.1 266.7 267.8 268.8 269.5 270.2
230.2 238.1 238.3 237.4 233.7 230.6 229.8 226.2 221.2 221 222.3 224.3 224 228.5 230.5 231.1 232.2 231 230.4 228.9 226.7 223.5 224.8 221.8 219.5 214.4 208.9 206.5 205.3 205.6 203.1 200 196.6 193.5 186.8 176.8 169.9 163 152.6 154.2 160 167.2 173.4 178.2 181.9 185.2 186.8 185 186.1 198.2 203.7 205.6 206.8 207.6 208.9 210.4 210.8 208 210.5 208.3 213.1 217.5 225.9 231.6 236 239.8 244.1 250.3 257.1 262.3 265.7 268 268.6 269.5 270.6 271.4 272.1 273.7
221.6 226.7 226.2 225.8 223.9 221.6 217.1 213.7 211.8 213.1 216.1 215.6 217.1 220.6 224.9 226.8 228.9 227.5 226.8 224.6 222.4 216.2 218.9 216.4 214 208.8 203.4 198.3 198.4 198.6 197.6 196.1 192.7 187.6 179.3 169.8 161.3 155.3 149.9 158 164.8 171.8 177.9 183 187.6 190.7 193 192.5 191.8 191.8 193.9 201.7 206.1 208.7 210.1 212.8 214 213.4 215.2 217.3 217.2 217.3 215.4 222.8 232.8 237.2 241.4 248 255.1 261.6 265 268.4 270.3 272 273.3 274.3 275.9 277.6
213.1 215.4 212.9 210.3 208.3 205.5 205.1 204.2 205.2 205.7 210 210.7 213.6 216.9 218.8 222.4 226.2 224.8 223.4 220.8 218.5 216.1 208.9 206.8 208.1 203.2 197.9 193 191.9 192.7 192.6 191.6 188.1 182.6 172.6 161.5 154.2 147.4 153.9 160.9 169.5 176.1 182.1 186.2 190.3 194.5 198.2 198.1 198.8 197.8 200 202.8 204.7 208.4 211.1 214 216.3 217 219 221.5 222.7 224 224.9 221.9 231.7 235.5 238.8 244.3 252.1 259.4 263.6 267.6 271.1 273.3 276.1 278.4 280.1 281.8
198.7 202.3 199 197.5 196.1 194.6 194.9 196.7 198.9 200.5 202.2 208.8 211.6 215.1 216.8 219.9 223.7 222 220 217.4 214.8 211.5 203.8 195.8 198.3 195.8 192 190.4 187.7 185.9 187.3 186.1 182.2 176.2 160.3 149 148.3 151 157.3 164.6 173.2 179.5 185.3 188.7 193 197.6 201.9 204.1 204.6 205.2 205.5 206.8 208.6 209.5 211.1 214.5 217.4 219.1 222 224.5 225.7 227.7 230 227.5 232.2 234.7 237 240.6 247.2 254.8 260.9 266.2 271.1 275.7 278.2 280.5 283.2 286
185.9 186.3 187.6 188 185.8 183.6 187.7 191.2 194.2 198.4 204.2 209.1 211.7 215.1 218.7 217.9 221.3 220.3 218.2 214.3 210.9 207.5 200.7 193.5 190.8 190.1 187.9 187.2 184.5 178.5 179.8 178.1 173 163.7 148.7 141.3 148.2 154.7 161.6 169.1 176.5 182.2 187.7 191.6 195.9 199.8 203.8 207.5 208.6 209.2 209.7 211.1 212.3 213.1 213.7 215 218.6 221.4 224.1 226.6 228.5 230.3 232 233.2 227.7 230.7 239 238.6 243.4 250.1 257.9 266 272 276.8 280.6 284 287.4 290.2
173.2 174.6 177.3 173.2 171 178.5 184.1 191.3 198.5 203 206.5 209.7 213.2 216.6 218.9 217.1 216 217.1 211.6 205.5 207 199.7 190.6 187 180.4 183.7 182.9 180.9 178.6 172.3 168.7 165.3 157.9 148.5 139.4 147.6 151.5 159 165.4 173 178.4 184.4 190.4 195.2 199.7 201.9 205 209.2 210.5 211.3 212.8 214.1 214.8 215.9 216.6 217.6 221.1 223.4 226.2 228.7 230.6 232.4 234.3 235.7 234.8 234.3 228.5 234.1 240.7 249.5 258.7 266.8 273.4 278.8 283.8 287.9 291.6 294.3
164.6 165.4 160.3 167.3 177.3 185.7 190.6 196.6 202.8 206.1 208.9 210.4 212.2 215.7 216.6 216.4 214 210.9 203.3 197.6 196.1 189.2 183.5 178.8 177.5 177.7 172.9 171.1 170.1 164.6 157.4 150.1 141 137.5 150.4 153.2 157.3 155.5 164.2 172.8 180.2 186.2 193.1 198.6 203.7 205.9 207.8 211.1 212.7 214 215.7 217 217.3 218.4 219.5 221.1 223.7 226.2 228.2 230.9 232.7 234.5 236.4 238.3 238.5 238 236.9 231.4 240.4 248.3 259.3 267.2 273.8 281.8 287 291.2 295.2 298.4
154.5 162.1 170.7 176.7 181.1 187.3 193 198.8 202.8 205.1 207.7 209.5 211.1 213.4 214.1 213 211.7 210.6 206 197.6 190.4 185.4 182.8 174.2 168.8 158.5 151.4 149.1 156.3 152.9 144.1 134.5 143 149.2 152.5 157.4 161.8 166.1 169.9 168.1 179.6 187.8 195.8 202 207.5 209.4 211.2 212.9 214.7 216.7 218.7 219.4 219.8 220.9 222.1 223.7 226.3 228.9 231.1 233 234.7 236.6 238.7 240.8 240.8 240.5 240.3 240.2 237.6 246 257.5 266.4 273.5 282.9 289.5 295 299 301.8
162 167.9 172.6 176.5 182.2 188 192.9 197.2 200.7 203.1 205.9 207.7 209.5 211 210.1 209.2 206.7 204.3 201.7 198.6 195.1 191.5 188.7 183.1 175.6 173.6 166.5 160.9 155.7 144.4 136.7 142.9 146.7 150.1 154.2 160.2 165.2 170.2 174.6 172.2 172.1 185 194.6 202.2 209 210.6 212.7 214.4 216.2 218 219.9 221.1 222.2 223.2 224.2 226.3 228.9 231.8 233.8 235.1 236.7 239 241.6 244 245.2 244.7 244 244.3 245.5 241.3 251 262.8 270.5 279.4 286.9 291.1 295.9 298.9
167.9 170.1 174.2 178.4 184.3 189.5 193.4 196 198.6 200.9 203.2 205.8 207.4 208.4 207.8 206.7 203.6 200.5 198 196 193 188.5 184.1 178.7 173.7 172 167.8 161.6 155.5 142.9 132.4 138.4 148.8 151.4 154.8 162.8 168.7 172.5 176.9 180.7 180.6 172.8 187.3 199 207.2 208.6 211.9 214 217.2 218.9 220.1 221.6 223.2 224.5 226.2 228.6 231.1 234 235.5 237.8 239.8 242.3 244.7 247.1 248.7 248.6 248.6 249.2 250.2 249.1 248.3 256.2 264.1 270.7 276.8 280.7 286.8 291.5
172.2 174.8 178.2 182 186.5 189.8 192.5 193.7 195.6 197.5 200.9 203.1 204.9 205.7 205 203.7 201.1 199.1 196.3 193.2 188.5 184.1 179.5 174.2 171.2 169.8 166.6 161.7 146.8 129.1 129.5 143.6 148.5 151.2 155.7 163.8 169.3 174 180.5 183.1 186.3 187 179.5 193 201.4 206.9 210.2 213.7 217.1 219.1 220.3 222.4 224.2 226.1 228 230.6 233.2 235.7 238.8 240.9 243.4 245.7 247.8 250.3 252.4 252.3 252.7 253.6 254.8 254.3 252.7 252.7 258 265.4 272 278.5 283.5 287.2
178.9 180.3 182.2 185.2 187.6 189.7 190.9 191.8 192.6 195 197.6 199.4 200.8 201.8 201.7 200.8 198.5 197.1 195.1 191.8 184.2 179.5 175.6 170.8 167.8 165.9 164.3 151.5 146 127 142.5 145.3 147.5 150.5 155.8 162.7 168.5 175.5 183.9 187.2 189.7 190.8 189 186.9 196.6 203.5 208 212.6 216.2 217.9 220.5 223.1 225 226.9 229.5 232.7 235.2 237.5 239.9 245.1 247.9 249.4 252.4 254.7 256.8 257.1 257.3 257.8 259.5 260.1 258.6 260 262.4 266.9 275.5 281 286.7 292.1
183.7 184 185.6 187.4 188.5 188.9 188.8 190.2 190.6 192.4 193.5 195.2 195.9 197.2 197.6 197.2 196 194.4 192.2 187.8 181.3 176.2 172.7 168.6 163.9 162.9 157.7 152.5 140.8 126.4 139.8 144.3 146.2 149.9 155.2 161.8 169.3 176.8 185.8 190.5 193.6 191.9 190.9 187.6 191.3 200 205.5 209.3 212.1 216.4 220.1 222.8 225.4 228.2 230.9 234 237.2 239.9 243.4 248.3 251.3 253.9 257.4 259.4 261.3 262.6 262.5 262.2 263.8 265.5 263.6 265.7 260.8 271.9 278.3 283.5 289.2 295
189.5 188.9 187.8 189.2 190.2 191.1 190.1 190.5 190.4 190.7 191.3 190.9 191.4 192.4 194 192.2 189.9 189.5 185 180.6 175.8 172.4 169.6 165.6 158.1 155.5 151.1 143.4 131.2 120.7 135.8 142.4 144.5 149.5 155.2 162.4 169.9 178.3 186.3 193 195.7 196.5 195.7 194.1 192.4 192.8 198.8 206.8 212.2 216.8 219.8 222.7 225.6 228.9 232.7 236.3 240 243.3 247.6 251.7 254.9 258.8 262.4 263.9 266 268.1 268.3 267.8 268.8 270.1 270.1 272 272.3 274.3 281.2 286.6 291.6 297.7
187.8 191 189.2 190.7 191.8 192.7 192.6 192.7 191.1 189.4 188.2 188.6 189.3 188.4 188.5 188.1 184.2 180.3 176.2 172.8 169.3 168.4 165.7 162.8 158.4 152.2 144.5 134.5 121.2 122.3 135.9 142.8 146.7 151.1 157.8 165.1 171.9 179.9 189.4 194.4 197.6 198.7 199.1 199.6 198.2 199.1 197.3 206.8 210.8 215.4 219.3 222.9 226.6 230 235.4 239.7 243.8 248.1 252.5 256.3 259.6 263.5 268.1 270.3 271.9 273.8 273.8 273.7 275.2 276.2 277.3 278.8 279.5 277.7 284.8 290.1 295.4 301
183.4 190.3 191.5 192 193.1 194.1 195 194.6 193.1 191.4 189.5 185.8 185.8 184.1 181.7 179.9 177.4 173.7 170.2 168.4 163.7 162.4 161.7 155.1 155.4 149.5 140.4 126.5 121 127 139.4 143.4 147.4 153.3 159.1 167.5 174 181.4 191.8 196 199.2 200.9 201.9 203.2 204.6 204.4 204.6 206 209.8 214.6 219.6 224.1 228.6 234.1 239.5 243.9 247.9 252.1 256.9 261.1 264.3 268.4 273.2 276.4 278 280.1 279.5 279.2 282.7 283.7 284.4 284.3 284.6 285.8 289.3 294.2 300 306
180.8 186.6 188.7 191.1 193.1 194.5 194.6 194.9 193.8 191.9 190.1 186 181.7 179.4 176.6 172.7 169.8 168.5 165.2 162.5 156.7 155 155.9 152.5 149.1 145.9 141.4 122.1 119.3 129.1 142.5 144.9 150.3 155.7 159 169 175.5 183.5 192.5 197.2 200.8 203.4 204.3 205.1 207.6 208.8 209.4 210.3 206.4 214.3 220.5 226.3 231.7 237.2 243.1 247.9 251.9 256.4 261 264.8 268.3 273.1 277.4 281.2 283.5 286.8 287.4 286.8 289.2 289.4 290.6 290.4 292.1 292 293.6 298.5 304.5 309.9
180.4 183.7 187.6 189.8 191.7 192.6 192.8 192.9 192.9 191.5 189.5 185.3 180.5 175.8 172.4 169 165.7 162.7 158.5 155 150 149.8 148 145.4 144.5 142.2 129.7 118.9 120.9 141.3 144.8 149 153.9 158.9 164.9 171.2 175.1 183.2 191.6 197.3 202.4 204 205.8 208.2 210.6 211.7 213.3 213.8 214.5 213.8 221.4 227.1 234.4 240.4 245.8 251.1 255.7 260.1 264.3 267.3 271.5 276.9 282.6 287.1 291.3 295.4 295.4 295.1 296 297.6 297.7 296.4 298.1 298.9 300.4 303.3 308.9 313.6
180.5 182.9 187.6 189.8 189.9 189.8 190.5 190.7 190.7 190.3 186.6 182.7 177.5 171.1 166.7 163.1 160.7 157.5 153 147.2 145 143.3 142.3 140.2 138.9 132.1 114.9 116.4 131 143.3 148.1 153.3 157.6 162.6 168 174 180.6 187.7 194.3 199.2 203.7 206 208.5 211.2 213 214.1 215.6 217.2 218.6 220.5 222.5 226.8 234.1 240.8 245.2 250 255.1 261.8 266.5 269.6 275.4 281.5 287.6 292.8 298.2 301.2 301.5 302 301.8 303.6 305 304.3 305.1 305.6 306.4 308.1 312.9 317
179.8 182.1 185.6 188.2 187.4 187.1 187.3 187.1 187 185.8 183.6 180 173.6 167.2 161.4 159.1 155.8 153 148.6 143.1 140.8 138.4 138.5 137.4 128.4 117 116.9 131.5 140.1 143.8 150.7 156.5 160.7 165.7 171.2 177.3 183.4 190 196 201.6 205.7 209.3 211.9 214.3 215.4 216.6 218 219.6 223 225.7 227.9 231.2 236.1 241.5 247.3 252.1 257 263.3 270 275.6 282 287.1 292.4 298 302.9 305.6 307.3 308 308.5 310.1 310.3 310.3 311.3 312.5 312.3 314.8 317.4 320.9
178.2 179.8 181.6 183.2 183.5 183.1 183.3 183.3 182.1 180.2 178.2 175 168.4 162.2 158.9 155.6 152.7 148.8 145.7 139.6 137.2 133.7 133.3 128.5 121.1 109.4 120.7 139.1 141.3 145.4 152.5 158.3 163 167.7 172.9 179.1 185.9 192.3 198.2 203.9 208.8 213.4 215.1 217 217.9 218.9 220.6 223.1 226.4 228.6 231 235.1 239.5 245 251.4 256.8 261 266.7 274.2 280.7 285.8 291.2 296.7 302 305.7 308.7 311.1 312.6 314.3 315.8 316.6 317 318.3 318.7 317.7 319.7 322.6 324.8
176.2 177.9 178 178.5 179.3 179 179.6 179.3 177.5 175.2 172 168.4 163 159.3 157 154.1 151.5 146.7 142.2 140.1 133 136 123.5 121.9 112.3 111.4 121.9 139.6 143.7 149.4 155.3 160.9 165.3 169.7 174.7 180.7 188.1 195.5 201.7 207.9 212.9 216.7 218.5 219 220.2 221.2 223.4 226.7 229.3 231.5 234.6 238.3 242.7 248.3 255.3 261.6 266.7 271.4 277.6 284.6 290.1 295.3 300.1 304.9 309 311.6 314.6 316.8 318.2 319.6 321.4 322.8 324 323.9 322.9 324.9 326.7 328.6
172.8 174.1 174.5 174.8 175.1 175.4 175.8 175.6 174.2 171.3 166.9 163.6 160.3 157.2 155.1 152.9 150.2 145.5 141.4 132.1 129.8 130.7 120.6 113 111.2 109.5 125.7 141.5 146.7 153.6 160.2 163.4 167.6 171.7 175.9 182.6 190.9 199.9 206.1 211.8 216.8 219.8 220.7 220.4 221.5 223 226 229.3 232.4 234.3 237.3 240.4 245.4 251.3 259.2 265.4 271.9 275.7 280.8 285.8 291.9 297.5 302 306.5 310.8 314.1 316.8 318.7 321.5 323.3 325.1 326.8 328.3 329.3 328.6 329.4 330.8 331.7
170.5 170.4 170.9 171.6 173 172.7 172.6 172.3 171.2 168.3 164.4 161.9 158.8 155 153 151 148.1 144.2 141.4 137.3 130.6 119.3 115.5 111.8 109.3 117.2 137.3 143.6 149.3 157.3 163.8 167.4 169.8 172.9 176.7 184.6 194.4 204.5 210.3 215.5 220.5 220.1 221.1 221 219.7 223.3 227.5 231.4 233.5 235.4 238.3 242.4 248.9 254.6 261.3 268.9 274.5 277.7 282.7 286.6 292.6 298.2 302.7 307.3 311.8 316.4 319.6 322 324.4 326.5 328.6 330.2 332.1 332.5 332.8 333.1 333.7 334.2
166.2 167.1 167.9 169.5 171.6 170.9 170.3 170.2 168.9 165.7 162.8 159.9 157.1 153.3 150.4 148.1 144.4 140.1 135 133.3 133.2 122 108.4 108.2 109.9 133.2 139.1 143.2 149.3 158.4 164.5 168.8 171.2 173.5 177.8 185.9 196.7 207.4 213.1 217.5 220.3 219.9 220.2 218.9 217.9 222.5 227.6 232.2 234.5 236.2 238.9 245 251.2 256.2 261 267.9 275.1 279 283.9 288.4 294.5 298.5 302.8 308.3 313.1 318.1 321.7 324.4 326.2 328.8 330.4 333.1 333.8 334.6 335.4 335.9 336.6 336.9
163.5 164.5 165.9 166.6 168.2 168.8 168.3 168 166.1 164 161.1 160.1 159.8 154.7 150.8 145 141.3 140 139 134.8 122.3 116.3 108.2 107.8 109.5 135 137.8 141.2 148.6 156.9 163 167.7 171.3 173.6 178.2 186.7 198.1 208 212.5 216.4 218.4 218 218 217.2 214.6 221.9 226.7 229.8 232.5 235.8 240.1 245.2 250.3 255.9 260.3 266.4 273 278 282.9 288.7 293.9 297 301.6 306.7 311.9 319.1 324 325.7 328.2 331 332.8 333.9 334.9 335.7 336.5 337.4 338.1 337.5
154.2 155.7 162.1 162.3 164.4 166.2 165.9 164.4 163.1 161 158.6 158.9 158.6 156.3 151.2 145 142.1 140.2 138.6 135.7 121.5 113 109 104.9 114.2 128.3 132.4 137.9 145.2 152.6 158 163.9 168.2 173.2 177.8 187 198.6 208.2 210.9 212.9 214.4 214.4 215.4 214.5 209.6 218.9 223.6 227 230 233.3 238 243.3 248.3 253.7 259.2 266.1 272.5 276.9 282.4 288.2 291.6 295.5 300.5 305 312.6 319.7 324.2 326.2 328.7 331.7 332.5 333.9 335.1 336.1 337 338 338.1 337.3
141.6 148.6 158.1 158.3 159.9 162 162.2 160.9 159.8 157.7 155.9 155 154 154.2 149 144.7 143.1 141.3 137.7 123.1 103.8 100.7 103 103.9 108.6 118.9 126.3 131.2 139.3 145.4 153.5 159.5 164.9 169.9 175.3 183.6 198 205.4 207.2 208.6 208.8 208.7 210.6 209.3 206.9 215.9 218.7 221.4 223.8 227.2 234.9 241.4 245.4 251.9 259.1 265.6 271.4 276.6 282.1 286.9 290.1 295.2 300.3 305.3 312.6 319.1 323.1 325.8 328.4 330.7 331.6 332.5 333.6 335 336.1 336.7 336.6 335.7
130.8 141.9 152.1 155 155 157.3 157.4 157.8 157.5 156.4 154.6 150.8 149.4 148.3 146.7 145.4 145.2 144.5 131.3 104.6 102 103.9 102 103.7 103.8 107.5 115.8 123.3 129.4 135.3 142.6 150.9 157.9 165.2 171.1 178.8 189.1 199 200.9 201.6 202.1 198.8 202.6 201.1 202.3 205.3 207.5 211.1 215.7 219.1 226.5 234 241 246 257.6 265 271 276.3 281.7 286.3 289.5 293.9 299.1 304.4 312.1 317.8 321.7 324.6 326.8 328.4 329.5 330.5 331.5 332.4 333.4 333.9 333.4 333.6
126.1 139.1 145.8 150.6 150.5 152.3 154.5 157 157.9 157.6 155.8 149.4 144.9 143 144.2 146 147.1 144.8 127 102.6 102.2 102.9 103.5 103.3 103.8 104.1 104.6 111.8 123.9 128 132.7 140.5 148.7 156.8 166.7 174.1 181.4 188.8 193.9 194.1 192.8 189.2 192 189.6 189.4 190.2 192.9 200.9 207.2 213.4 220.9 229.1 235.9 245.5 258.9 265.6 270.1 275.7 281.6 286 289.1 293.3 297.6 302.8 309.8 314.6 319.4 322.2 324.2 325.7 326.9 327.7 328.6 329.5 330 330.3 330.3 331.5
