WholeMapElevations/data/nz/nz00_OST50GRID_20230518/NZ00.asc
ncols 200
nrows 200
xllcorner 400000
yllcorner 500000
cellsize 50
[rows 105 to 139 of 200, columns 0 to 77 of 200]
343.8 357.9 377.4 384.1 388 391.3 394.2 398.8 404.3 408.9 413.6 420.2 429.2 436.1 443.5 454.6 461.8 478.7 493.9 498.8 503.6 507.8 510.5 512 513.5 515.4 516.8 517.8 518.4 517.3 515.9 515.2 514.8 514.6 513.8 512.8 511.3 509.8 507.9 506.7 506.4 506.7 507.1 507.9 508.5 508.5 506.1 503 498.4 494.9 492.5 491.1 489.3 486.4 483.4 479.7 476.1 471.6 466.5 461.4 457 452.5 448.5 444.7 439.6 437.4 433.4 429.1 424.4 419.7 415.6 411.7 409.1 404 396.1 391 393.2 393.3
343.8 359.9 378.2 383.5 386.7 390.2 393.7 399.5 404.8 409.4 413.9 419.5 426.8 435.4 443.1 453.2 460 478.6 492.3 498.1 503.6 511.5 512.8 514.4 515.4 517.3 518 517.9 517.9 515.8 514.3 512.7 512.1 510.7 509.8 508.5 507.2 505.9 504.6 504.1 503.5 503.7 504.6 506.5 507.7 508.2 505.3 502.4 497.9 495.6 494.1 492.8 490.4 487.4 484.4 481.1 477.6 473.9 470.1 465.6 460.9 456.6 451.9 447.7 444.5 441.7 437.6 433.5 429.5 425.1 421.2 418 414.3 408.9 398.2 400.2 401.4 400.8
341.3 358.8 375.1 381 384.3 388.1 393.6 399.2 403.4 408.2 413.4 418.3 423 428.1 438.8 448.4 457.3 476 489.8 497.2 503.8 510.7 514.3 516.3 517.2 518.4 518.9 518.2 517 514.6 512.8 510.7 508.8 507.2 505.7 503.7 502.1 500.3 499.9 499.8 499.9 500.4 501.8 504.1 506.5 506.1 504 500.9 497.9 495.9 494.5 493.1 490.8 488.4 485.7 483 480.1 477.2 473.3 469 464.5 459.1 454.5 451.4 448.1 444.4 440.3 436.4 432.6 428.3 425.4 422.2 417.3 412.6 400.6 405.5 407 406.8
335.2 355.3 370.7 377.2 381.7 386.9 392 396.6 400.7 405.8 410.2 415.1 420.7 426.3 432.8 443.4 456 469.2 486.9 494.8 500.4 508.9 513.8 516.3 517.7 518.8 518.6 517.5 515.9 514.3 510.6 507.8 505.7 504 501.9 500 497.8 496.8 496.6 495.3 496.5 497.6 498.9 501.3 503.5 503.6 502 499.8 496.7 495 493.7 493 491.7 490.2 487.9 485.7 483.3 480.5 477.2 472.9 467.1 461.8 458 454.8 451.3 447.2 443.3 439.5 436.1 431.5 427.6 423.7 419.9 414.3 407.7 412.3 412.3 413
329.4 348.5 366.5 373.7 378.8 384.1 389.4 393 398.2 402.2 406.4 411.2 416.6 421.6 430.4 441.4 450.7 459 482.6 492.7 498.3 506.1 514.7 516.7 517.7 518.8 518.4 517.1 515.2 513.1 510.1 505.5 503.2 500.7 498.8 496.6 495 494.1 493.1 490.9 491.5 493.3 495.3 498.2 500 500.6 499.8 497.5 495.1 493.2 492.4 492.2 492.4 491.3 489.9 488 485.7 482.8 480.1 475.8 470.1 465.4 461.4 457.5 453.5 450.5 447.3 443.6 439.9 436.1 431.6 427.7 424.2 421.5 419.3 418.4 417.8 418.6
323.8 342.9 362.6 370.1 376 381.3 385.8 389.4 393.5 397.6 402.3 405.8 412.4 418.2 424.5 436.1 445.3 458.2 472.6 489.3 497.7 504.7 514.2 516.4 517.8 518.6 518.3 516.3 513.4 511.2 507.8 503.7 501.3 498.8 496.3 494.2 492.9 491.2 489.8 487.5 487.4 488.2 490.8 493.3 495.6 496.9 496.8 494.6 493.1 491.2 491.1 491.7 492.1 491.8 491.1 489.5 487.9 485.3 482.5 478.3 474.1 469.9 465.4 460.8 457.3 454.2 452.2 448.6 445 441.3 437.2 433.3 429.7 428 425.6 424.2 423.6 423
318.3 340.6 355.4 365.5 372.3 378 382.5 386.3 390.6 394.8 399.2 404.1 408.5 415.6 423.1 431.2 443.1 456.5 468.4 481.6 493.9 504.5 510.9 515.6 517.8 517.9 518.3 515.1 512.3 509.1 504.6 501 497.7 496 494.1 491.4 488.9 487.5 485.6 484.1 483.8 483.4 485.6 488.2 490.4 492.5 492.3 491.4 490.4 488.9 489.1 490.4 491.3 491.7 491.2 489.8 488.5 486.6 484 480 476.4 473 469.4 464.5 460.6 458.3 455.8 453.3 449.6 445.2 441.4 438 434.5 433.1 430 428.5 427.7 427.3
317.4 334.8 348.4 359.5 366.1 372.9 378.4 382.8 387.6 392.5 397.6 402.7 408.1 414.9 422.3 430.4 442.3 459.7 471.1 480.9 495.8 508.6 513.7 516.4 518.5 516.8 516.3 513.2 510 505.9 501.5 498.2 495.2 493.3 491.7 488.6 486.1 483.7 482.2 480.7 479.6 479.1 480.8 482.7 484.7 487 488.2 487.5 487.1 485.2 485.3 487 489.2 489.7 489.9 489.4 488.4 486.7 484.4 481.5 478.2 474.7 470.8 467.6 464 460.9 457.5 455.1 451.8 447.6 443.8 440.8 438.7 436.4 433.7 432.2 431.9 432.7
314.7 329.9 345 353.8 360 366.7 373.8 380 386.2 391.5 396.8 401.8 407.4 414.2 422 430.5 442.4 460 470.2 483.3 500.8 512.3 515.5 515.7 516.3 515.2 513 510.1 506.6 502 498.9 495.9 493.4 491.5 490.7 487.7 484.2 480.6 478.3 476.6 475.7 476.4 476.5 477.3 478.9 481 483 483.6 483.1 480.7 481.3 483.8 486.4 487.7 487.8 487.8 487.5 486.2 484.1 481.7 478.8 475 471.8 468.8 465.7 462.7 459.1 456.4 453 449.8 446.7 445 443.2 441.1 438.9 437.3 436.2 437.2
311.4 322.3 340.3 349.4 356 362.8 370.1 377.6 384 390 395.3 400.5 407.1 413.3 419.9 429.9 443.2 460.9 470.9 484.9 506.8 513.4 514 512.6 512.9 510.4 509.1 506.3 502.5 499 495.6 492.6 489.8 486.8 487.7 485.9 481.5 475.7 474 472.2 471.9 471.3 472.5 473 474.3 475.4 476.5 477.8 478.7 475.1 476.6 479.9 482.1 483.8 484.6 484.9 485 484.3 482.7 480.5 477.8 474.6 471.2 468.4 465.6 463.3 460.4 456.9 453.7 451.9 450.5 449.3 447.5 445.2 443.9 442.5 441.9 442.2
305.9 321.4 336.6 345.5 352.6 359.4 367.2 374.7 381.6 387.8 393.5 398.8 405.5 411.6 418.8 428.6 446.9 462.1 472.6 489.9 510.1 510.5 510 509.3 507.6 507.1 505.1 501.8 497.4 494.6 491.9 488.8 485.7 483.3 482.7 481.1 477.2 471.6 469.1 464.1 465.7 465.4 466.8 468.1 468.4 469.9 471.3 470.6 472.3 466.7 471.4 475.7 478 479.7 481.1 482 482 481.3 480 478.4 475.3 472.6 469.6 467.3 464.9 463.1 460.7 458.5 456.5 455 453.4 452.2 449.8 448 446.9 445.9 444.7 444.2
303.2 319.8 334.2 342.6 349.6 356.6 364.3 372.3 379.4 385.6 391.4 396.8 403.1 409 417.8 427.2 449.8 463.6 468.3 497.1 506.1 506.4 506.4 505.1 503.1 501.9 499.8 496.5 493.1 490.4 487.3 484.7 481.4 477.3 476.3 475.2 472.5 467.7 463.1 457.7 459.1 459 460.2 461.5 462.5 464.2 465.4 465.8 464.8 460.6 466.2 469.9 473.1 475.2 477.5 478.3 478.1 477.2 475.9 474.6 472.2 469.5 467.9 465.8 464.2 463 461.4 459.8 457.8 456.5 455 454 452.3 450.6 449.5 448.3 447 445.3
299.7 314.5 329.1 339.6 347.5 354.7 362.1 370.1 377.2 383.4 389.3 395.1 401.2 408.2 419.1 427 449.9 457.4 465.5 496.7 501.4 502.1 502.3 500.2 497.9 496.4 494.2 491.4 488.1 484.8 481.8 479.5 475.8 472.5 469.9 468.2 465.8 460.4 457.1 455 450.2 448.8 449.8 453.4 457.2 457.5 458.5 459.5 458.5 453.6 459.2 463 467.1 469.9 472.9 474.1 473.6 472.1 471 469.5 468.1 467.3 466.2 464.8 463.9 462.9 461.5 460.1 458.5 457.1 456.1 454.8 453.2 451.8 450.3 448.9 447.3 445.3
295.4 307.9 324.7 338.9 345.8 352.3 358.7 366.6 374.8 381.4 389.5 395.2 402.5 409.4 419.1 431 445 450.8 465.1 485.9 494.8 494.1 497.2 494.8 492.3 490.5 487 484.5 481.3 477.5 470.3 467 466.8 464.6 461.2 458.7 455.3 453.8 451.2 448.7 437.7 440 441.7 443.5 448.1 451.4 453.2 453.7 452.4 449.1 451.3 455.4 460.8 464.8 467.9 468.8 467 466.1 465.9 464.1 464.6 464.2 463.8 463.9 463.1 462.1 460.9 459.6 458.5 457.4 456.4 455.2 453.4 451.5 450 448.6 446.8 445.2
291.3 304.3 319.3 335.6 342.7 349.3 355.7 363.4 371.7 383.2 389.3 394.5 401 413 417.7 427.2 446.3 451.8 464 492.7 492.9 493.5 493.7 492.2 487.9 485.9 482.2 478.5 475.9 472 465 457.6 458.2 457 454.3 452.1 448.7 446.6 444.8 441.3 438.1 430.1 433.7 435 438 442.2 444.8 446 446.6 446.6 445.1 449.2 454.4 459 461.7 460.4 459.3 458.8 457.8 458.5 460 461.2 461.4 461.7 461.5 460.5 459.8 458.8 457.6 456.7 455.8 453.7 451.7 450 448.6 447.6 446.5 444.4
289.3 301.1 318.3 332.4 340 346.9 352.5 360.2 373.4 382.8 386.3 392.7 402.8 412.5 416.9 429.7 442.7 453.8 461.6 487.3 491.1 492.9 493 491.9 489.1 485.1 480.7 476.1 471.9 467.6 461.6 455.8 450.6 449.5 448.2 446.3 444.6 441.9 441.6 436.8 434.3 424.1 425.8 427 428.9 431.5 432.9 433.6 436 438.6 437 442 446.9 450.6 451.7 450.5 450.7 451.5 453.5 455 456.8 458.1 458.7 459.3 459.2 458.7 458 457.2 456.5 455 453.4 451.5 449.5 448 446.1 444.9 443.4 439.1
286.9 300.7 314.9 331.1 337.6 344.4 351.2 361.4 370 377.5 386.3 390.7 399.4 406.7 415.1 427.1 443.3 450.8 462.7 487.3 490.6 491.6 492.4 491.1 488.3 484.7 480.2 475.8 472 468 463 457.3 451.8 447.9 441.6 441.5 439.6 437.3 434.7 432 430.2 426.7 418.9 421.3 423.5 424.8 426.7 427.9 428.8 428.4 429.3 433 437 439.5 441.4 443.7 446.1 448 449.9 451.7 453.5 454.9 455.9 456.8 456.7 456.3 455.6 454.7 454.1 452.5 450.8 449 447.4 445.9 444.1 442.4 439.8 435.7
283.1 298.5 311 327.4 334.9 341.1 352.2 360.6 367.4 379.8 387.2 393.1 398.4 405 416.3 424.3 438.8 451.1 469.3 486.7 489.2 491.1 491.2 489.7 486.6 483.9 479.8 474.7 469.9 465.7 461.5 456 451.1 447.7 443.9 440.4 435.9 431.3 429.2 427.4 425.6 423.1 416.2 415.1 418.1 421.7 423.2 423.8 424.2 423.3 425.9 429 433.2 435.9 438.3 440.4 443.9 445.3 447.8 450 451.8 453.2 454.5 455 454.4 453.9 453.2 452 451.1 449.7 448.9 447.5 445.5 443.5 441.7 440.5 438.1 434.1
281 295.9 305 318.1 328.5 336.4 345.1 357.4 365.3 373.5 385.2 389.9 396.4 405.9 416.5 433.4 443 450.5 481.6 486 488.5 490 489.8 488.2 485.5 482.4 478.7 474.3 469.1 464.8 459.6 454.9 449.9 446.3 443 439.6 436.1 431.4 424.8 422.7 421.7 418.8 414.3 408.9 415.7 418.8 418.7 418.4 419 421.2 424.3 429 432.4 435.5 438.6 441.3 443.9 446.3 448.1 449.6 451.1 452.9 454 453.5 453.1 452.5 451.5 450.5 449.2 448.3 447.4 446 444.3 442.8 440.2 438.1 436.6 433.9
279.6 291.4 299.3 307.3 316.7 330.1 339 352.2 361 368.4 378.9 389.2 391.5 406.9 418.6 437.8 450.9 463.3 480.9 482.9 486.4 488.5 488.7 486.8 484.1 480.7 477.4 473.3 468.8 463.6 457 452.4 448.6 444.9 441.6 438.3 434.8 430.2 425.8 419.1 414.6 414.3 410.8 401.3 408.9 414.9 416.7 412.5 418.8 422.2 426.6 430.9 433.8 436.7 438.9 441.7 444.5 446.3 448.2 449.7 451.9 453.3 453.8 453.2 452.4 451.4 450.2 449.2 448.6 447.1 446.2 445.4 444.1 442.6 440.6 438 435.7 432.2
277.9 285.6 292.6 300.7 309.9 320.1 332.9 342.7 351.1 360.1 372.5 383.8 391.4 405.9 419 435.9 449.3 469 472.4 478.1 483.6 487 487.5 485.4 482.3 479 475.8 471.4 467 461.3 454.4 450.7 447.1 443.5 440.2 436.9 432.5 427.8 424.2 418 409.4 406.6 405.3 393.9 403.7 409 407.3 412.8 417.7 422.7 425.9 429.3 434.3 437.5 440.3 442.6 444.6 446.2 447.9 450.2 452.7 453.7 453.7 453.1 452.2 451.2 449.7 448.8 448.1 446.9 445.8 444.9 443.8 442.5 441.1 439.1 436.4 433.4
273.8 280.5 287.2 293 302.2 311.9 329.7 339.4 349 357.5 369.6 380.2 389.3 400.5 417.4 433.7 446.7 456 468.4 475.7 479.8 483.7 485.2 483.2 480.3 476.8 473 469.5 465 458.7 452.4 448.7 445.9 442.3 438.7 434.6 430.6 426.4 422.1 416.5 409.6 397.9 397.4 393.8 400 402.9 406.7 411.8 418 422.4 425.5 428.7 432.3 435.8 439.6 442.7 444.4 445.9 447.6 450.3 452.8 451.8 451.2 450.6 450.7 449.9 449.1 447.9 447.2 446.3 445.4 444.2 443.1 442.1 441.2 439.6 437 434
273.2 272.6 281.2 287.3 294.6 304.7 323.3 336.8 346 358.2 368.8 381.3 388.7 400.1 416 428.7 437.2 456.5 465.5 471.2 474.5 478.4 480.5 480 477.3 473.7 470.1 466.4 461.8 456.4 452 447.2 443.5 439.5 436.1 432.3 428.5 424.3 419.9 415.2 409.3 400.7 389.2 389.4 395.6 398.1 405 410 415.3 419.4 423.1 426.8 432.1 435.6 438.6 441.4 444.7 446.3 447.8 449.8 450.1 448.3 448 448.4 448.6 448.6 448.4 447.2 446.2 445.4 444.3 443.2 442.3 441.3 440.5 439.3 437.9 435.3
270.6 270.2 271.9 276.4 289.8 297.8 313.9 332.3 344.2 356.9 369.4 382.6 392 399.6 412.7 426.9 450.1 460.6 464.7 467.2 469.8 471.7 473.6 473.4 471.1 468.3 465.2 461.8 458 455 450.5 445.9 441.8 437.8 433.8 430.1 426.1 421.8 417.6 413.3 408.1 401.5 390.6 385.8 385.4 397.4 404.2 408.6 412.5 417.6 421.8 425.3 431.1 434.4 437.8 440.1 442.9 446 447.1 446.8 446.7 445.9 446.1 446.9 447 447 446.3 445.2 444.4 443.8 443.7 443.1 441.7 440.8 439.9 438.7 436.8 435.4
267.6 268.7 268.6 270.1 278.9 292.7 305.9 326.6 342.6 353.6 366.9 380.5 393.2 404.3 418.5 439.6 453.3 461.8 464.3 463.4 465.3 465.7 466.6 466.3 464.4 463 460.9 457.3 454.8 452.4 448.5 444.8 440.7 436.5 431.9 428.3 424 420 415.6 411.1 406.4 399 383.2 376.9 390.1 397.3 403.2 407.1 410.7 415.3 421 424.3 429 431.9 434.9 438.4 441.3 443.1 444.8 445 444.6 443.8 444.4 444.6 444.7 444.4 444.2 443.3 442.7 441.9 441.7 441.7 441.4 440.7 438.8 437.4 436.5 435
270.7 268.5 267.8 266 272.3 286 299.3 320.6 338.8 355.2 366.7 380.3 392.5 410.4 419.7 442.8 456.8 462.3 463.1 461.4 461.3 461 461 459.7 458 456.8 455 452.9 451.4 449.2 445.7 442.4 438.6 434.9 430.2 425.1 420.7 417.1 412.8 408.2 403.1 397.3 382.8 375 388.8 396.6 401.4 405.4 409.7 414.3 418.4 423.1 426.3 429.1 431.8 435.4 437.4 439.5 439.5 441.3 440.3 441.4 441.8 441.8 441.5 441.1 440.9 441.2 440.5 440.2 439.8 439.4 439.4 439.3 438.6 437.8 436.9 434.8
272.2 271.2 267.4 267.1 266.6 280.7 295.6 310.7 333.3 355.2 366.9 380.9 393.9 409 425.6 448.6 455.1 459.5 461.3 459 456.6 456.1 454.1 453.6 452.9 451.9 450.6 449 447.3 444.5 441 438.1 433.1 430.3 425.9 421 416.8 412.8 409.1 404 398.9 394 374 367.3 385.8 393.9 398.2 402.6 407.4 413 417.8 422.2 425.2 427.6 430.6 432.9 435.1 436.4 436.9 436.3 436.4 436.3 437 437.3 438 437.6 438 438.4 438.5 438.5 437.8 437.2 437 436.9 437 436.8 436 434.9
271.7 271 269.1 266.5 265.5 276 288.8 303.2 323.1 352.1 365.7 380.6 395.8 412.6 429.5 446.2 452.3 456.2 457.8 456.7 453.6 453 451.2 449.5 449.8 446.1 445.6 443.2 442.7 440.3 436.7 433.1 428.9 425.1 421.1 416.6 412.5 408.3 403.7 399.1 394.3 389.7 374.4 359.6 380.1 389.9 395.5 401 406.7 412 417 421.4 423.5 425.9 429.6 432.2 434.7 435.5 437.1 436.5 435.2 434.6 433.6 432.9 433.6 434.8 434.7 435.1 435.3 434.5 435.1 434.8 434 434.2 434.1 434.3 434.2 433
273.1 270.9 268.9 265.1 265.2 274 285.4 300.6 316.4 346.8 362.9 378.1 399.6 415.3 433.7 441.6 447.1 452.6 453.3 454 450.8 449.3 449.1 447.8 441.8 436.1 441.2 435.3 437 433.7 430.8 426.4 422.6 419 415 411 406.3 401.5 397.2 392.7 387.9 383.4 371.9 356.3 374.7 387.1 394.4 399.9 405.6 410.2 415.7 419.9 423.3 426.6 429.9 433.9 436.2 436.4 441.2 440 439.5 435.6 433.5 431.5 429.8 428.9 429.6 429.7 430.2 429.8 431.1 431.2 431 430.4 429.5 430.3 430.5 429.8
275.7 269.3 269.3 265.9 263.8 275.3 284.6 296.6 315.2 344.1 361 373.9 391.5 414.1 428.3 437.6 443.7 447 448.8 448.3 447.6 446 443.5 440.7 429.8 420.4 423.8 432.7 429.1 426.7 424 420.3 416 412.1 407.9 404 397.5 392.9 388.7 385.2 381.6 377.9 371.9 349.9 376.5 386.8 392.4 398.7 404 408.3 413.4 418.3 422.3 425.4 430.4 434 435.4 439.9 443 441.5 438.6 436.7 434.5 432.9 430.4 428.4 426.9 427.2 427 425.7 427 427.5 427.2 426.5 425.7 423.7 423.1 423.4
280.6 268.8 268.6 268 261.2 271.3 277.8 287 314.2 338.3 359.7 376.2 390.7 407.5 419.9 433.2 440.3 442 443.3 443.5 442.8 442 440.1 437.4 434 430.7 415.2 412.6 420.5 417 416 411.4 407 398.9 390.2 385.1 383.4 383.9 380.7 377.5 374 370.4 351 354.8 378.8 383.5 390.8 397.9 402.5 407.6 412.8 417.3 420.2 426.7 431 434.3 438 443.4 445.1 443.2 441.3 438.8 436.3 433.4 431.5 428.8 426.4 424 424.4 424 422.6 422.4 424 424.3 423.7 422.7 415.6 409.3
284.4 269.1 267.9 267.4 263.8 263.7 278.2 284.8 305.6 334.2 360.6 377.8 389.5 403.8 416.4 431.3 438.2 439.4 440.2 440.4 439.9 439.1 436.9 434.3 431.3 426.5 422.1 415.1 401.2 407.2 407.2 403.1 399 394.2 389.7 383.6 378.4 375 366.1 368.2 358.7 346.9 339.4 358.1 373.7 384 391.4 397 402.5 408.1 413.4 417.2 421.5 426.9 432.3 436.9 444 445.8 445.2 443.5 441.6 439.4 436.4 433.5 431.4 429 427.3 425.3 422.1 421.8 421.6 420.5 418 418.9 420.5 419.1 415 411
286.9 277.8 269.8 266.6 264.9 259.7 274.5 282.3 296.6 325.9 350.3 377.1 389.7 399.7 414.5 429.5 435.5 436 436.5 436.4 436.7 435.3 433.3 431 427.6 422.8 417.4 414.4 409 389.5 392.9 391.2 390.6 386.1 381.5 373.1 370.2 365.3 358.1 347.4 342.3 333.3 347.3 362.4 374.9 383.8 391.9 398 403.8 408.9 414.2 418.3 422.2 426.9 433.9 442.2 445.6 446.2 445.3 443.4 441.7 439.1 436.3 433.7 431.3 428.8 426.6 425.1 422 419.7 418.8 419.9 418.7 416.3 410.8 399.6 397.7 402.8
288.1 280.1 271.9 266.8 265.3 262.6 265.8 276.2 286.5 320.3 334.5 374.4 388.9 401.5 415.8 428.7 433.2 433.4 432.6 432.3 433 431.8 429.8 427.3 423.1 418.5 413.6 407.3 402.8 398.2 385.5 383.2 379.9 379.7 374.6 369.8 363.3 358.9 350.9 343.7 330.5 326.5 349.4 360.7 370.1 385.3 393 399.5 404.7 409.6 414.3 419 423.3 428.9 433.7 443.8 445.9 446.1 445.1 443.2 441 438.4 436.1 433.8 431.3 428.7 426.5 424.7 422.5 420.9 417.8 417.3 417.6 407 399.9 390.5 389.7 386.6
288.7 281.3 273.9 266.8 265.4 261.3 261.2 271.6 287.4 306.2 326.2 364.8 389.1 402.5 418 426.4 431.5 430.9 430.3 428.5 428.9 428.2 426.9 423.7 418.7 413.2 408.8 401.2 394.4 390.2 386.1 376 368.9 369.9 367.4 362.3 350.8 347.2 334.4 323.2 314.2 336.3 358.8 370.3 378.5 386.2 393.8 400.8 405.3 410 414.8 420 424.2 430 435 444.6 446.2 445.9 444.8 442.7 440.4 438.1 435.8 433.4 430.8 428.3 426.4 424.7 422.9 421.4 419.4 415.1 392.9 392.7 383.2 384.7 383.3 379.8
