WholeMapElevations/data/sj/sj22_OST50GRID_20230518/SJ22.asc
ncols 200
nrows 200
xllcorner 320000
yllcorner 320000
cellsize 50
[rows 140 to 174 of 200, columns 0 to 78 of 200]
206.9 197.2 187.5 181.4 178.4 175 167.8 163.1 159.1 153 151.3 149.4 146.6 141.5 133.9 126.9 123.1 122.2 125.1 124.8 122.3 122.8 120 119 118 117.7 117.1 117.4 118 118.9 122.1 127.4 140.1 150.7 159.4 165.5 168.2 169.9 170.4 170.6 169.4 167.9 165.1 163 161.3 159.4 157.4 156 156.3 156.9 157.7 156.7 154 147.1 138.2 150.5 155 160.1 170.4 169.7 165.6 156.9 143 137.3 135.4 135.9 134.8 124.5 113.7 103.1 95.1 89.8 87.3 91.7 95.3 97.3 96.6 93.4 91.5
194.6 190.6 182.8 176.7 171.5 162.3 161.2 158.2 155 150 142.8 136.5 133.7 130.9 127.1 131.4 127.7 127.8 130.1 130.4 130.1 130.4 130.7 125.3 121.4 119.9 120.1 120.1 120.1 123.1 125.1 128 134.5 143 152 160.7 164.7 167 167.6 167.9 166.6 165.3 162.2 160.3 159.3 158.4 158.4 157.9 158.1 158.4 159 158.4 154 150.6 146.6 148.1 154.9 157.6 160.6 161.4 161.1 158.1 150.9 143.9 139.1 137.7 136.8 132.4 118 102.6 95.8 90.7 86 87.5 92.1 95.6 94.8 93 89.6
184.8 182.7 174.7 170.9 164.8 154.5 154.6 147.3 141.8 138 139 139.2 140.2 138.9 140.6 141.8 137.6 135.2 136.6 137.1 139.3 139 141.2 141.4 134.7 130.5 127.3 125.1 125.7 132 132 128.1 133.9 140.7 148.2 155.7 161.7 164.9 167.1 167.3 165.7 162.9 161.3 160.3 159.4 159.2 159.5 160.4 160.5 161.5 161.5 160 156.9 152.8 149.5 150.5 149.5 152.5 155.1 156.5 157.3 155.9 150.7 148.6 144.3 140 134.2 127.5 118.4 106.4 97.8 92.8 88.3 87 90 91.5 93.4 94.2 92.8
170.9 170.4 167.6 159.8 156 149 143.9 147.3 148.9 148 148.5 150.5 150.4 150.2 150 147.7 148.3 148.3 145.5 146.1 147.5 146.4 149.7 148.7 142.9 138.2 135.6 132 127.1 134.1 135.8 136 131.7 139.9 148.5 154.3 157.6 160.7 162.3 163.8 163.5 164 163.4 162.9 162.5 161.9 162.6 164.2 166.1 165.6 165.2 163.6 162 159.8 155.6 154.8 156.8 156 155.5 154.8 156.4 158.6 157.5 155.6 153 150 144.1 135.4 128.4 116.4 104.9 96.1 90.1 87.3 86.3 87.4 87.1 87.4 87.4
164.5 161.1 156.5 152.6 148.3 148 153.7 155.1 155.9 157.5 158.8 159.1 160.4 159.8 159.4 158.3 156.3 156.7 157.7 158.3 155.6 152.3 153.1 153.5 147 142.5 136.7 131.3 132.6 136.4 138.2 138.3 135.8 143.8 148.3 153 154 156.5 157.8 159.3 159.9 161 161.7 161.6 162.3 163.8 165.9 168.6 170.6 171.2 170.8 168.7 167 164.6 162.3 160.2 160.1 162.8 162.5 160.2 158.2 160.4 161.6 161.8 159.2 156.8 152.2 143.6 137.5 130.7 123.3 110.3 96.4 90.8 84.7 87 86.6 86.7 86.7
154.6 152.4 155.5 151.8 156.8 158 159.1 161.2 162.7 164.6 164.4 167.7 169.5 167.1 167.1 167 166.3 164.9 165.5 167.9 166.5 161 157 156.7 151.9 143.2 136.8 135.8 141.3 141.5 141.3 139.3 139.4 144.6 149.9 153.8 153.2 153.6 154.8 156 157.3 158.6 159.3 159.2 160.2 162.5 166.3 169.6 172.5 175 174.9 173.8 171.8 169.5 167.7 165.7 164.8 163.9 162.6 162 160.1 159.1 159.4 160.5 160.7 158.3 154 146.6 142.2 135.7 127.3 110 108.7 100.7 97.2 85.9 83.4 86.3 85.9
165.7 163.2 160.9 160.9 163.1 164.2 165.2 168.5 168.9 170.3 170.9 173.6 176 174.4 174.6 175.4 174.6 175.3 175.9 178.5 176.8 173.3 167.9 156.2 150.8 143.2 138.4 135.8 140.1 142.5 141.6 142.5 139.4 143.8 147.7 151.4 151.7 153.1 154 156 157.7 157.9 157.5 158.2 159.3 161.1 164.9 168.3 171 173.7 174.7 173.9 172.7 171.9 170.9 169.5 167.8 165.9 163.6 162.2 160.8 160.3 163.7 163.3 160.8 159.1 156.6 153.4 147.1 136.9 127.7 131.2 124.9 116.6 103.5 102.9 99.8 94.4 90.8
169.9 169.6 169.5 169.6 169.5 169.9 171.8 174.7 177.3 178.9 179.7 180 182.5 184 184.6 185.8 186.5 185.5 185.5 188.4 186.7 185.1 179.3 165 153.9 148.8 145.3 141.4 139.8 140.1 142.9 146.6 146.9 145.3 147.3 149.4 151.4 154 155.8 158 159.3 159.4 160 160 159.9 161.8 163.9 166.7 169.6 171.7 172.6 171.7 170.7 169.6 169.3 169.7 168.1 166.6 165.3 163.9 163.2 162.3 163.4 163.7 162.4 160.2 158 156.2 143 139.4 145.2 139.3 134.7 132.8 114.3 121.1 119.3 117.4 118.4
180.5 180.6 181.7 181.9 179.4 177.5 179.8 182.7 184 186.5 188.7 188.1 192.1 194.1 196 198.6 199.3 198.4 198.3 202.8 196.4 186.9 176.2 167 159.7 154.6 151.7 146.8 139.1 143 146 151.1 150.6 150.9 151.6 152.5 154.7 155.5 156.9 160 161.8 161.4 161.3 160.7 161.2 162.2 164.4 166 168.7 169.2 169.7 169.8 168.8 167.6 167.8 168.5 169.4 168.8 167.4 166.6 166 165 163 162.1 161.9 159.9 157.6 149.7 153.5 155.3 151.1 147.1 144.6 143.5 129.2 137.4 137.2 134.6 128.7
190.3 189.8 189.4 190.9 190.4 188.7 190.8 191.7 191.1 192.9 195.5 196.8 202.6 208.2 211.2 211.3 212.7 215 213.8 208.8 201.1 192.9 187.3 178.9 171.5 163.7 159.6 155.6 148.7 140.9 147.7 149.6 153.5 156.3 156.4 157 156.6 156.1 155.2 158.6 158.8 159.2 159.6 160.4 161.6 162.2 163.6 162.4 163.6 167.8 168.1 167.6 167.5 167.5 167.5 169.1 170.9 171.9 171.3 170.1 168.1 165.7 163.1 161.4 160.9 159.8 157.4 155.9 155.8 158.4 155 152.9 153.4 152.6 146.6 144.3 143.8 140.8 139
199.2 198.7 198.5 198.5 199.1 203.2 203.9 203.9 204.2 204 208.1 213.2 220.3 226.4 228.8 228.5 225.9 228 223.6 212.2 202.5 195.2 188.2 180.9 173 164.6 161.3 159.3 150.3 142.9 140.9 140.8 145.7 148.2 154.7 157.4 156 156.9 155.3 152.3 150 148.4 148.5 151.2 157.8 158.5 152.5 145.5 160.5 167 168.2 168.4 168.3 168.3 169.2 171.8 174.9 177.2 178.3 176.6 174.8 172.4 168.9 165.9 163.1 160.9 160.8 162.7 165.3 163.4 159.8 159.7 160.2 157.8 152.4 151.7 151.4 149.4 147.2
210.7 210 207.4 207.2 209.2 211.4 214.1 217.8 217.6 215.9 219.3 224 231.2 232.6 232.3 229.9 229.1 227.3 223.8 213.2 201.2 194.6 188.1 179.7 172.1 167.4 162.7 160.1 157.8 150.4 143.4 140.6 138.8 137.8 139.9 144 145.1 150 147.4 137.9 134.5 133.3 133.4 134.3 137 138.8 137.9 145.9 160.2 164.7 165.7 167 168.7 170.6 172.3 174.4 177.9 180.3 181.9 182 180.5 178.4 174.7 171.3 168.3 167.1 166.2 166 167 168.8 168.5 167.3 165.4 161.7 158 158.5 158 156.4 147.8
218.5 218 215.5 213 213.9 215.2 219.2 222.5 222.9 221.1 219.9 218.1 219.9 218.8 217.1 214.4 211.8 209.8 205.1 201.1 194.6 190.1 184.1 177.2 172.3 169.3 167.1 164.2 160.8 156.6 151.9 147.9 145.7 143.8 138.5 136.9 135.7 135.2 134.5 135.2 135.7 136 134.7 131.9 130.1 128.6 131.1 129.8 139.6 150.5 158.1 159.6 161.5 165.7 171.2 174.7 177.6 180.6 182.4 183.2 184.1 183 179.9 176.5 174.3 173.4 171.4 170.8 170.4 169.5 170.8 172.5 169.3 166.9 165.5 163.7 163 160.4 141.2
223.7 221.4 219.1 216.5 213.8 213 213.8 214.8 212.6 208.2 206.7 205.4 205.2 203.9 200.3 196.9 194.9 192.5 189.8 186.9 184.5 182.6 176.3 172.8 169.6 170.8 172.7 170 164.7 158.7 159.8 156.7 156.4 154.4 140 146.6 149.4 138.3 139.1 140.9 153.3 150.7 147.8 149.9 143.7 146.5 143.6 132.4 126.1 131.2 136.7 137.6 138.9 142.8 148.3 154.4 164.5 179.6 182.8 184.8 185.7 185 182.4 180.3 179.2 177.2 175.5 175.1 173.6 171.8 170.7 170.9 170.5 169.2 168.7 168.5 166.8 162.3 157.8
228.1 221.3 215.3 212.9 209.6 208.5 206 203.6 200.3 197.2 195.4 194 188 187.2 184.3 183.4 182.5 180.9 180.8 178.9 176.2 173.6 170.2 168.9 168.7 170 173.7 168 162.3 161.6 164.7 161.2 159.2 154.7 143.5 155 156 142.9 155.3 153.7 155.1 154.5 155 157.5 160.9 160.2 159.4 146 132.6 126.6 124.6 119.6 117.7 124 129.7 150.7 171.9 179.4 182.8 185.3 185.4 184.2 182.8 181.7 180.4 179.4 178.4 177.2 174.7 173 172.3 169.7 169.6 167.4 166.2 167.1 164.8 162.9 166.8
231.1 222.9 215.2 209 205.3 202.7 200.8 198.4 194.6 192.4 190.6 186.7 180.5 178.4 176.6 175.1 174.9 175 176.5 178.3 176.8 171.8 168.2 168.2 168.1 168.2 169.1 168.5 167.6 165.2 164.2 161.9 158.3 154.1 152.5 160.5 161.3 152.2 161.6 160.5 158.1 162.1 164.1 166.3 167.8 167.1 165.1 161.4 149.1 141.5 138.1 137.3 133.1 120.5 117.3 134.7 151.5 167.2 181.5 185.1 186.1 185.7 184.8 184.7 182.9 182.7 181.2 178.7 176 175.1 174 173.1 170.6 168.5 167.9 169.4 175 169.9 166.9
235.6 226 211.2 201.8 199.4 197.4 196.2 194 190.5 188 185.9 182.6 177.3 174 173.1 172.5 171.8 171 172.2 173.9 174.4 172.3 171.8 168.1 168 168.5 171 173.1 174.2 172.9 169.1 167.2 163.6 162.8 162.5 163 160.8 161 164.5 164.5 163.6 168.3 172.7 173.6 174.7 174 172.7 172.2 168.3 163.5 158.9 154.4 153.2 139.5 119.5 119.1 139.5 164.4 180.1 183.6 185.2 185.2 187.1 187.5 188.3 188.4 187.5 185.6 184 180.6 178.2 178.4 176.2 174.1 171.1 167.1 165.1 164 161.6
222.6 213.9 203.8 196.8 194.8 192.4 190.2 188.5 185.7 184.1 182.6 180.9 178.5 177.7 174.6 170.7 168.2 166.7 167.5 169.4 170.3 174.4 172.7 168.8 169.1 171.1 174.8 177.1 177.9 177.8 175.5 172.3 169.4 169.3 168.9 169.1 168 168.2 167.2 168.2 168.5 170.5 175.3 177.9 179.7 180.4 180.1 180.3 179.5 177.6 173.4 167.2 162.4 155.7 133.9 113.6 136.2 164.4 175.5 177.4 180 177.7 183.9 184.6 185.8 185.2 186.4 185.1 182.4 177.9 175.5 176.2 175.6 174.1 170.8 167.2 164.7 161.7 159.3
207.1 200.1 194.9 192.3 188.8 186 183.5 181.7 181.2 184.6 186.5 186.8 185.3 183.4 180.8 176.6 171.2 167.3 165.2 165.8 166 167.1 165.2 165.5 170.3 174.9 179.7 181.4 182.4 183.5 181.5 179.9 177.7 178.3 177.3 178.3 177.4 177.8 178.1 174.7 175.1 174.5 177.6 180 181.6 182.7 184.2 184.8 184.5 183.6 181.8 180.9 177.6 168.9 139.9 113.7 134.8 159.5 166.1 167 170.4 165.8 173.8 177 178 177.9 177.1 177.1 176.2 173.8 171.8 171.3 170.7 169.1 165.9 165 162.6 159 155.8
193.3 188.8 188.2 186.2 184.1 182.4 179 177.2 180.9 185.2 189 190.3 190.1 187.7 184.3 180.4 174.9 171.4 165.2 161.7 163.5 163.3 162.7 164.1 170.2 176.1 182.6 187.3 188.4 189.2 187.6 186.2 183.3 187.4 190.2 191.1 188.9 187.6 185.5 182.6 179.2 178.8 180.4 183.6 183.9 186.3 186.6 186.3 185 185.2 185.2 183 182.2 171.4 139.8 112 130.2 147.4 152.8 152.4 158.7 161.7 166.2 167.6 168.4 169.2 169.4 169.9 168.7 167.9 166.8 166 165.4 162.8 160.8 160.1 159.2 155.1 151.9
181.4 178.9 178 175.3 176.5 177.2 173 174.9 179.3 182.6 185 185.7 186.5 184.9 181.7 178.7 174.4 171 165.2 161.8 160.6 160.4 159.3 162.8 168.6 176 182.2 188.2 191.6 193.9 194.6 192.2 190.5 195 198.9 199 195.4 191.7 188.2 184.6 183.7 180.6 180.4 180.2 182.4 185.5 187.1 186.8 185.9 184 182.4 179.9 177.5 167.5 135.6 110 123.9 125.3 128.5 141.9 154 158 161.1 161.9 161.5 161.9 162.9 162.5 161.1 160.3 160.8 160.7 159.9 157.6 155.6 154.6 154 151.1 146.8
173.1 172.8 167.7 165.6 166.8 168.1 167.8 172.1 176.2 178 178.4 180.2 179.7 177.8 174.7 173.6 170.5 168.9 164.8 161.1 158.1 157.5 157.2 160.7 166.5 173.2 179.2 184.1 190.8 196.3 199.5 206.5 205.4 205.7 206 201.7 196.9 190 186.8 183.4 182.7 183.7 183.3 183.7 170.9 177.7 181.9 180.2 178.4 175.9 172.3 169.2 165.2 158.3 136.4 112.5 108.7 114.3 117.3 132.5 150.3 153.8 154.4 154.3 153 154.4 155.9 156.3 154.4 153.8 154.2 155.1 154.5 152.5 150.6 149.4 146.8 144.4 143.1
170.4 169.2 170.3 167.8 161.5 162.3 163 168.1 171.1 172.1 172.4 171 169.2 166.7 167.2 169.3 168.1 166.9 163.9 162 158.3 155.7 153.7 158.8 164.1 169.8 175.5 183.4 192.5 205.6 210.4 212.9 210.4 205.8 201 196.9 190.4 185.6 181.4 177 178.4 182.8 182.1 176.1 172.3 162.8 170.7 171.6 168.4 161.7 159.5 155.9 147.6 132.4 125.4 118.1 106.5 107.5 109.6 118.3 130.1 139 146.5 147.8 147.7 147 148.2 149.6 148.6 148.5 148.7 149.2 148.3 147 145.2 143.7 141.2 137.7 136.6
177.4 175.2 173.7 171 165.3 157.9 158 161.2 161.6 163 162.7 161.6 160.3 160 161.5 162 163.5 163.6 164.9 164.3 161.3 156.4 152.2 155.3 160.2 165.8 176.3 189.9 201.6 211.5 211.3 206.2 202.2 198 195 192.1 186.3 178.2 174.3 170.7 175.2 178.5 180.7 166 165.1 155.1 149.2 153.1 153 149.2 146 139 132.8 128.3 122.2 120.4 120.9 106.8 104.2 105.3 111.7 118.7 126.8 134.9 141.9 141.8 141.7 141.8 141.5 142.2 143 143.3 142.1 141.4 140.5 138.7 136 132.1 129.7
176.3 173.2 170.4 168.2 163.6 155.7 150.6 155.2 155.5 154 153 152.4 153.7 155.6 156.3 158.1 158.9 159.3 162.3 163.1 161.3 158.4 153.1 150.6 156.4 165.8 181.4 195.9 202.8 202.2 197.6 195.5 194.2 193.4 194.2 193.8 189.5 181.6 173.1 165 161.1 167.9 166.4 154.2 147.4 144.3 140.3 138.4 137.4 137.1 135.3 131.4 128 124.5 120.7 118.4 118.1 116.9 103.4 102.2 101.7 105.7 110.8 121.7 135.4 136.6 136.5 136.7 136.1 135.7 135.8 136.2 136.8 137.5 136.7 135 132.5 128 125.2
166.6 164.8 163.2 161.4 156.8 153.7 145.9 147.8 151.2 149.9 147.4 146.5 148 149.3 150.7 153 154.4 155.3 157.9 159.8 159.9 158.6 155 149.3 156.2 167.2 175.9 183.9 188.2 189 192.9 190.7 194.3 197.6 198.2 192.9 191.2 187.1 180.6 170.6 163.3 148.9 149.1 145.6 137.4 135.3 134.4 133.6 132.7 132.1 130.1 128.3 126.6 123.4 119.5 117.2 115.4 114 109.9 103.2 101.8 99.9 101.3 108.7 119.2 124.6 126.2 127 129.3 129.9 130.5 130.8 131.5 131.4 132 130.8 128.9 123.8 119.4
158.3 158 156.5 154.4 150.3 148 142.9 142 144.4 144 144 142.6 142.2 143 144.4 145.9 147.5 149.7 152.4 152.6 153.7 154.6 153.1 148.6 154 162.9 167.3 169.6 171.8 174.3 180.5 188 195 203.4 204.6 199.5 194.2 188 182.2 178.9 171.4 161.2 148 140.2 135.8 133.1 131.7 130.8 129.7 128 126.6 124.3 121.4 118.6 116.8 115.9 114.1 113.3 111.7 111.7 111.2 108.6 97.5 101.9 111.3 118 119.7 121.1 124.2 125.2 125.7 125.4 124.7 124.7 125.8 125.5 125 122.6 118.8
148.5 149.6 147.7 147.5 144.4 141.9 136.2 134.7 138 137.9 137.9 137.7 136.7 137.3 138.8 139.2 140.3 143.6 145.3 146.1 148.1 148 148 145.2 148.8 151 155.2 158.9 161.5 165 171.5 179 186.1 197.6 207.4 209.9 206.6 199.8 192.4 185 176.8 168.8 156.8 144.7 136.9 133.3 130.8 128.4 126.7 125 123.4 123.3 119.9 116.2 111.2 110.4 108.6 110 112.4 110 110.6 105.2 95.8 99.5 107.9 112.8 114.6 117.2 120.5 121 120.9 120.2 119.7 119 118.4 118.7 118.2 119.1 116.6
140.8 139.7 139 140.6 138.3 135.7 132.6 131.3 129.5 128.7 129.6 128.1 128.8 130.6 132.8 133.2 134.7 136 139 141 142.1 143 143.9 143 139.4 145.6 149.1 153.1 156.4 160.5 164.9 174.8 186.8 203.2 214.8 214.2 210.2 204.6 198 188.9 179.7 170.7 161.9 149.6 140.6 134.9 130.9 128.3 125.4 122.7 122.1 122 121.6 117.6 117.1 115.7 112.3 104.1 102.6 102.4 102.5 98.8 94.5 95.1 104 107.5 110.4 113.3 116.3 117.1 117.1 115.9 114.6 113.2 112 111.7 112.1 112 111.7
135.2 135 135.6 137.3 138.8 138.5 134.9 131.7 129.1 126.7 125.7 122.3 119.4 123.4 126 127.5 129.1 130.2 131.6 133.2 135.1 137.1 137.5 137 134.7 139.9 145.2 149.2 152.2 156.7 160.9 173.7 191.4 211.3 214.6 212.1 206.3 199.5 191.4 185.7 176.4 168 161.2 154.3 147.6 140.9 134.6 130.4 126.8 124.8 123.7 121.1 118.7 117.3 118.1 118.2 117.2 109.8 102.9 99.6 97.5 96 94.9 92.7 95.9 99.8 104.9 107 109.8 111.2 111.8 111.9 110.9 108.7 106.7 105.6 104.9 104.9 104.9
128.1 129.2 130.5 131.3 132.4 135.3 134.6 132.2 131.5 128.9 126.3 123.7 113.4 119.7 121.6 123.2 125 126.4 127.3 125.9 121 123.4 125 126.3 135.2 140.6 143.6 146.3 148.9 154.8 163.8 185.4 196.8 211 217.3 212.9 204.7 194.5 185.8 180.3 173.4 167.2 162.7 159.3 156.1 151.4 141.1 135.2 131.1 128 126.1 126 124.8 122.7 121.1 118.7 114.5 111.3 107.6 106.9 106 102.7 101 97.5 92.3 91.6 94.2 100.1 104.3 104.4 104.3 105.2 106.2 104.5 101.7 100.3 99.4 98.4 97.4
120.9 122.9 123.4 123.2 125.1 126.9 126.5 124.5 124 123.3 120.6 119.9 113.7 112.5 117.7 117.4 116.1 113.4 112.8 110 113.4 124.3 123.9 131.1 134.8 137.3 139.6 142.5 144.9 155.3 171.7 190.4 206.3 216 216 210.4 199.9 190.9 184.5 178 170.2 165.3 162.6 160.4 157.8 154.2 150.7 142.8 137.3 133.3 131.2 132.6 131.6 128.9 124 120.1 116.2 113.6 110.1 107.8 104.5 102.4 101.2 99.2 95.1 90.6 88.7 93 96.1 97.2 98.7 100.3 100.9 99.5 97.6 95.7 94.6 93.3 91.3
112.6 113.6 113.5 114.4 116.3 115.5 116.1 116.5 116 115.4 115.8 115.4 114.2 104.4 110.9 109.5 104.7 101.1 116.4 126.5 130.7 130.5 128.2 128.4 131 133.4 135.7 137.2 139.6 155.3 172.8 189.5 203.2 205.3 207.4 202.4 193 189.2 180.3 174.6 167 162.9 160.6 159 157.9 156.1 153.1 149.8 145.1 141.5 138.5 138 137.4 134.5 129.5 124.7 119.9 114.3 110.7 107.2 103.9 101.8 100.4 98.8 96.9 93.3 89 87.3 93.4 96.6 98.2 99.9 100.6 99 96.3 97.2 96.9 95.6 92.7
106.8 106.8 106.3 107.8 107.8 107.1 104.6 105.8 102.9 105.2 106.7 107.1 107 105.3 102.8 106 97.6 115.6 121.4 125.8 128.1 129.1 128.7 126.4 127.2 130 131.6 131.6 132.8 147 161.4 174.6 184.7 189.6 188.5 187.4 182.5 176.3 172.4 167.7 163.5 161.8 163.5 162.4 160 156.5 152.7 150.2 147.1 146.6 142 138.9 137.4 134.1 131.4 125.9 121 116.3 112.2 109 105.1 102.5 100.6 98.4 97.2 94.1 89.7 86.1 88.6 92.8 93.4 96.1 99 100.9 100.4 100.1 99.4 97 93.6
103.2 102.2 101.4 101.2 99.6 97.8 97.3 97.6 96.5 97.7 98.8 99.7 101 100.4 101.5 99.3 99 112 118.1 123.3 128.4 131.4 131.2 130.3 130 127.4 127.1 125.1 127.1 136.2 148.7 158.7 167.8 172.9 174.7 174.5 172.8 170.5 167.5 164.9 162.9 162.9 169.6 173.2 171.8 166.9 163.8 159.2 153.2 149 144.6 142 137.8 136 132.1 130.2 127.1 123.5 117.8 112.9 108.4 104.4 102.6 100.1 97.4 94.7 90.6 87 83.7 89.1 89.2 90.2 91.8 94.5 94.8 95 93.8 91.1 88.5
