WholeMapElevations/data/nt/nt37_OST50GRID_20230518/NT37.asc
ncols 200
nrows 200
xllcorner 330000
yllcorner 670000
cellsize 50
[rows 152 to 189 of 200, columns 0 to 84 of 200]
37.5 37.6 37.5 37 36.9 35.1 34.6 34.4 35.4 35.3 34.8 35.1 34.7 34.5 34.4 35.3 35 34.4 33.6 33.5 34.1 34.6 35.7 36 36.3 37.3 34.9 34.4 35.5 35.9 34.9 34.8 34.5 34.6 34.6 34.3 33.7 33.2 32.5 32 31.5 30.5 29.2 28.6 27.5 26.1 25.9 24.9 24.2 23.7 23.3 23.3 24.1 24.3 24.4 25 24.8 24 22.5 21.3 22.2 18.7 17.8 17.9 17.8 17.1 16.5 16.9 17.5 16.7 12.7 12.8 12.3 12.3 12.2 11.7 9.4 3.3 6.4 6.8 7.6 8.8 10 9.8 9.1
36.9 36.7 36.5 36.2 35.7 34.8 35.2 35.7 36.1 36 35.8 35.3 34.8 34.7 35.3 35.1 35 34.9 34.8 36 35.1 35.9 36.2 36.4 36.8 39.5 35.3 36.4 35.1 36.3 34.8 35.3 35.3 35.4 35.2 34.8 34.2 33.7 32.5 31.5 30.8 29.7 28.3 27.8 26.7 25.4 24 25 24.3 23.8 24.7 24.6 25 24.7 23.9 24.4 23.1 23.3 23 26.7 26.1 21 18.9 18.7 18.2 18 17.7 17.7 17.9 17.5 17.4 13.1 12.9 13.1 12.2 12.4 10 6.1 6.6 6.3 8.6 9.9 10.7 10.8 10.3
36.7 36.3 35.9 35.5 35.4 35.8 36.2 36.2 36.1 36.2 36.5 35.7 35.5 35.5 35.8 35.9 36 36.3 37 37.3 36.2 36.2 36.5 36.7 37 38 35.9 38 36.8 37.3 35.9 37.6 37.1 36 35.8 35.4 34.6 33.5 32.1 31.2 30.2 29 27.5 26.7 26.1 25.4 25.2 24.7 24.5 24.5 25.2 25.3 25.2 24.3 23 22.6 23 22.1 25.9 27.5 28.2 23.9 22.3 20.8 19.4 18.5 18.1 17.9 17.9 18 18.5 17.6 13.6 13.6 13.3 13 3.3 6.1 6.3 8.8 12.2 11.3 11.5 11.4 11.2
36.3 36 35.5 35.3 35.8 36.3 36.3 36.4 36.3 37.3 37.3 36.8 36.4 36.6 37.1 37.6 37.9 38.5 39.8 40.3 37 36.7 36.7 37 37.1 35.9 43.2 38.8 37.9 36.3 39 38.7 38.7 37.6 36.1 35.6 34.5 33 32.2 31.2 30.2 28.7 27 26.2 26.4 25.2 25.2 25.5 25 24.8 24.7 24.9 23.9 23.9 22.8 22.7 22.5 22.4 24.5 26.6 28.2 28.3 26.6 24.2 22.1 19.7 18.5 18.2 18.2 18.6 18.9 19.2 14.7 13.6 13.8 11.8 4.8 6.6 7 14.4 18.6 18.5 12.2 11.6 11.5
34.8 35.7 35.5 35.9 36 36.1 36.2 36.5 36.1 37.7 37.5 37.4 37.5 37.7 38.1 38.5 39.8 40.5 41.9 41.6 43.6 37.1 38.7 37.5 38.8 41.1 44.7 40.9 40.9 39.5 36.7 38.2 38.6 38.3 37.5 35.7 34.8 33.6 32.2 31.5 30.3 28.9 26.7 25.4 25.2 25.2 25.7 25.5 25.5 28 25.3 23.7 23.3 22.7 22.7 22.3 21.9 22.4 23.4 24.8 27.7 28.1 28.6 27 23.3 20.2 18.4 18.1 17.9 18.6 18.8 18.9 16 14.2 13.7 5.9 6.2 7.7 7.9 15.9 18.3 19 23.9 22.3 20.2
36.5 36.7 36.8 36.6 37.9 38.8 39.4 39.4 38.8 38.9 40.2 40.9 41.3 41.3 41.3 41.3 41.4 41.3 41.3 41 44.9 43.6 42.4 43.3 43.2 43.3 43.6 42.6 43.4 42.5 40.5 37.4 37.4 37.5 37.1 36 33.8 33.4 32.7 32.1 30.7 28.6 26.3 25.1 24.6 24.6 25.3 25.5 27 26.8 23.9 23.1 22.3 21.9 21.6 21.3 21.2 20.9 22.2 24 25.7 26.3 26.4 25.5 22.7 20 17.9 17.7 17.8 18.2 18.5 18.7 18.7 15.4 14.6 5.9 6.1 7.7 8 17.3 18 20.5 25.9 28.1 29.4
37.2 37.1 37.4 36.8 36.8 36.8 36.9 36.9 37.1 38.4 40.4 41.2 41.8 41.7 41.7 42 42.4 42.5 42.8 42.9 47.2 45.8 40.5 41.7 44.1 44.1 44.5 47.5 43.9 43.1 42 39.2 37.7 37.3 37.3 35.5 33.2 32.8 32.5 32 30.9 28.7 27.8 29 28.7 25.5 26.1 27.6 30 28.5 26 22.7 21.7 21.3 20.8 20.5 20.4 20.2 20.6 22.2 23.5 24 24 23.2 22 20.2 18.5 18.2 18.2 18.2 18.4 18.8 19 18.6 11.8 5.9 6.3 7.5 7.6 17.5 18.9 20.4 26.3 27.6 29
37.2 36.8 37 37.2 37.6 38 37.8 37.5 37.9 38.5 39.7 40.8 41.3 41.6 42 42.5 43.7 43.8 44.1 46 47.6 47.4 47.3 47 46.4 40.2 40.5 47.6 43.6 43.3 42.7 41.6 40.4 38.3 37.2 34.6 33.2 32.4 32.1 31.3 30.3 29.2 26.7 25.7 26 26.6 25.3 24.8 24.1 24.6 29.6 28.5 22.4 21.7 21.2 21.1 22.1 20.8 19.6 20.8 21.1 21.4 21.3 21 20.5 19.4 19.1 18.9 18.4 18.4 18.4 18.9 19 19.2 11.7 5.8 5.9 7.1 7.5 18.2 19.1 23.6 26.4 26.4 28
37.2 36.8 36.9 37.8 38.4 38.5 38.5 38 38.7 39.5 40 40.5 41.4 42.1 42.4 43.1 44.9 45.7 46.6 47.8 47.8 47.8 47.7 47.6 47.1 47 46.7 46.4 47.6 40.1 38.6 41 40.3 38.7 38.1 35 34 33.1 32.4 32 31.2 30.2 28 27.4 27.9 27.4 26.1 25.5 25 24.5 22.7 22.6 30.2 23.1 21.8 21.4 21.3 20.7 20.5 21 21.1 20.5 19.6 19.4 19.6 19.4 19.7 19.5 19.3 18.5 18.6 19 19.4 19.4 14.7 6.5 5.6 7.4 8.1 19.1 20.7 23 25.1 24.6 25.4
37.9 37.5 37.9 37.5 37.9 38.5 38.7 38.9 39.8 40.6 40.9 41.2 42.4 43.1 43.3 45 46.9 47.6 48.3 48.5 48 48.1 48.1 48.1 47.8 47.5 47.2 47 47.6 46.5 43.2 40.9 40.5 36.1 37.3 36.1 34.9 33.5 33.1 32.8 31.6 30 28.9 28.8 28.8 27.9 27 26.3 25.4 24.4 22.8 21.9 21.8 24.9 26 22.3 21.7 21.3 21.4 22 21.9 21.2 20.4 20 19.8 20.3 20.9 20.9 20.8 20.4 19.6 19.5 19.9 20.2 19 7.4 5.5 7.9 7.9 18.7 20.5 22 22 21.5 21.6
38.3 38.3 39 38.6 38.4 38.7 39.9 40.8 41 41.2 41.6 42 43 43.8 44.9 47.3 48.6 49.4 49.9 49.1 48.6 48.2 48.3 48.4 48.3 47.9 47.2 46.5 47.4 48.7 45.4 42.4 40.5 39.7 38.8 39.3 34.8 33.4 33.4 32.3 30.9 29.9 29.5 29.6 28.6 27.5 26.7 26.7 25.5 24.2 23.2 22.4 22.1 22.4 22.2 28 23.8 22.1 22.4 23 22.7 22 21.9 21.8 21.6 21.9 22.4 23 23.3 23.1 22 21.3 20.9 21.2 21.5 10.3 4.5 8.5 8.2 16 21.3 21 20.6 19.7 19.3
39 39.4 39.8 39.5 39.2 39.8 41.1 41.7 41.6 42 42.6 43.1 43.8 44.6 47 49.2 49.9 50.4 50.2 49.7 49.1 48.6 48.3 48.3 48.1 47.4 46.8 46.2 46.4 45.7 49.4 43.7 40.1 38.9 37.1 35 36.7 33.6 33.2 32.1 30.7 30.1 30 29.2 28.3 27.4 26.6 26.2 26.5 24.2 23.7 23.6 23.2 23.1 23.2 23.1 26 24.6 23.8 24.4 24.3 23.9 23.9 23.8 23.6 23.6 24 24.6 25.3 25.2 24.2 23.2 22.9 22.6 22.4 17.3 4.5 8.6 8.8 8.9 20.5 19.5 18.3 18.1 10.2
40.1 40.4 40.6 40.6 40.4 41.1 41.9 42 42.2 43.1 43.8 44.4 45.5 46.7 48.7 50.5 50.9 50.6 49.9 49.4 49 48.2 47.8 47.7 47.6 46.8 46.1 45.5 44.6 43.4 46.2 41.4 40.2 38.4 36.1 35.3 34.5 39.1 33.4 32 30.5 30.3 29.9 29.1 28.1 27.5 26.9 26.2 26.6 28.2 25.6 25.5 25.5 24.9 24.9 25 25.3 26.6 28 25.9 26.2 25.9 25.8 26.2 26.2 26.1 25.9 26.3 26.7 26.3 25.5 24.6 23.9 23.7 23.3 22.1 4.5 7 9.2 8.9 13.5 13 11.7 8.9 7.1
40.8 40.9 41 40.6 38.3 40.8 41.7 42.7 43.8 44.9 45.7 46.8 48 48.5 49.6 51 50.6 49.7 49 48.6 48.3 47.7 47.4 47.3 46.7 46 45.2 44.8 42.8 41.6 41.7 46.8 48.7 40.8 36.3 36.1 35.1 34.7 36 31.2 30.6 30.3 29.7 28.9 28.2 28 27.3 26.6 26.2 26.7 27 27.3 27 26.8 26.8 26.7 27.5 28.5 28.4 28.3 24.6 28.2 28.1 28.5 28.9 28.5 28 27.9 27.6 27.1 26.6 25.7 24.7 24.1 23.6 23.1 14.3 6.7 9.1 9.1 9 6.8 8.1 8.7 9.6
41.5 41.3 41.4 40.8 40.9 42.3 43.2 44.1 45.7 47 47.9 48.6 49 49.2 50.1 50.1 49 48.3 48.4 48 47.5 47.1 46.5 45.9 45.5 44.8 44.2 43 41.4 40.8 40.4 42.7 46.7 48.9 40.7 35.9 35 34.7 36.9 30.9 30.3 29.8 29.1 28.9 28.7 28.5 27.8 26.9 28.3 28.7 29.1 28.9 28.8 28.7 28.7 28.6 28.7 28.8 29.4 29.8 29.7 27.9 30.2 30.5 30.4 29.7 29.1 28.7 28.1 27.6 27 25.9 24.8 23.7 23 22.5 20.8 6.7 8.6 6.8 8.9 9 8.6 9.1 9.4
42.9 42.7 42.1 40.6 42.6 46 46.2 46.8 46.8 47.4 47.9 48.8 49.2 49.8 50.2 49.5 48.3 48.1 48 47.6 47.1 45.9 45.1 44.6 44.2 43.9 43.4 42.3 40.7 40 39.6 39.4 37.3 46.4 48.2 45.4 34.6 33.1 34.6 33.7 30 29.1 29.1 29 29 28.8 28.5 29.4 30.1 30.4 30.5 30.6 30.7 30.6 30.6 30.6 30.7 30.8 31.3 32 32.6 32 27.8 26.6 31.1 30.3 29.2 28.5 27.9 27.3 26.4 25.4 24.2 23.1 22 20.7 19.7 17.3 8.3 8.7 9.5 9 8.9 8.8 8.3
44.9 44.5 43.4 42.3 42.7 45.8 46.7 47.8 47.6 47.5 48.1 49.1 49.2 49.8 49.4 49.8 48.3 48.1 47.7 47.1 45.8 44.6 44.4 44.4 44.1 43.5 42.5 41.1 40 39.6 39.3 39.4 38.8 36.7 37.4 46.6 47.6 40 31.6 37.6 30.5 29.5 29.7 29.6 29.4 29.8 30.5 31.2 31.7 31.7 32 32.3 32.6 32.6 32.5 32.5 32.7 32.5 33.4 34 33.7 33.2 33 31 24.9 29.8 29.3 28.5 27.2 26.5 25.6 24.4 23.4 22.4 21.2 19.6 18.8 17.7 9.5 8.3 8.1 8.4 9 8.9 8.5
45.9 45.8 44.7 42.9 40.8 46 46.3 48.2 47.6 47.1 48.2 49.8 48.9 49 48.9 52.7 48.4 48.3 47.7 45.8 44.6 44 44 44.1 43.5 42.5 41 39.7 39.5 39.1 39 39 38.6 36.8 35.3 34.3 36.2 44.7 46.3 44.2 36.1 31.1 30.8 30.6 30.4 31.2 32.3 32.8 32.9 32.9 32.9 33.4 34.2 34.4 34.3 34 33.6 34 34.5 34.5 34 33.4 33 32.8 31.7 26.3 28.8 27.9 26.5 25.3 24.3 23.1 22.2 21.3 20.4 18.9 17.1 14.3 10.4 9.4 8.8 8.2 8.4 8.2 8.8
46.4 46.2 45.4 44 44.2 48.1 48.1 47.4 47.3 47.3 48.5 51.2 51.3 50.5 49 47.1 48.1 48 45.4 44.3 43.7 43.5 43.3 42.2 41.1 40.2 39.5 38.9 39 38.5 39 37.9 37 36.6 36 37 37.5 35.5 33.4 39.3 36.5 45.3 45.3 44 38.3 34.8 33.2 33.9 35 35 34.8 35.7 36.1 36.1 35.6 34.9 34.7 34.6 34.4 34.9 34.3 34.2 32.4 32.2 31.4 29.7 27 24 26 24.4 23.2 22.3 21.7 21 20.1 17.4 15.4 13.7 13.2 11.2 9.8 8.4 10.4 10 10.1
45.8 45.4 45 44.8 44.6 47.3 48.3 47.5 46.8 46.2 46.9 49.8 49.6 48.6 48.1 53.2 49.9 45 43.9 43.2 42.6 42.3 42.2 41.2 40.1 39.9 39.6 39.7 39.9 40.1 40.5 40.6 40.5 41.1 41.2 41.3 40.6 38.4 36.6 35.5 36 40.6 35.4 35.5 36.1 40 42.9 42.5 40.7 36.7 37.4 38.3 38.1 37.2 36.3 35.4 34.5 33.9 33.6 33.4 34.2 31.4 31 30.9 30.2 28.1 26.5 25.5 24.9 23.8 22.5 21.7 21.2 20.6 19.6 17.6 19 17.7 15 13.2 11.2 10.9 9.8 10.5 11.5
45.3 45.3 44.9 44.7 43.9 46.5 48.4 47.9 47.1 46.4 45.9 46.7 49.5 49.3 47.3 50.5 54.7 49.1 42.8 42.1 41.5 41.3 41.1 40.8 40.7 41.4 41.5 41.8 42.4 42.6 43.3 43.6 44.1 44.5 44.7 44.4 43.3 41.5 39.8 38.4 37.4 36.5 43.6 36.5 36.5 36.7 37.2 37.8 38.6 41.1 42.3 42.2 41.3 39.9 40.1 35.4 34 33.3 33.2 32.2 31.3 30.8 30.3 29.7 28.9 27.3 25.6 24.6 23 24 23 21.4 20.7 20.1 19.1 19.8 20 19.4 19.7 16.6 15.2 14 12.6 11.4 11.5
46.3 46 45.6 45.2 44 47.9 47.9 47.9 47.5 46.7 46.1 45.7 45.9 47.2 45.7 50.6 56.1 51.1 43.3 42 41.8 42 42.3 42.6 42.9 43.7 43.7 43.9 44.5 46.2 46.8 47.7 47.9 48.1 48 47.6 46 44.2 43.3 41.8 40.7 37.1 39.9 39 42.2 41.9 42.1 42.3 42.3 42.7 41.9 41.8 42.3 42 40.2 36.9 36.2 32.7 32.5 30.9 30.3 29.4 28.9 28.3 27.5 25.6 26.6 26 23.4 24.1 25.2 23.9 20.6 20 20.3 20.3 20.3 20.8 21 20.1 17.7 16.2 15.1 14.8 12.3
47 46.9 46.9 46.9 44.8 47.4 47.7 47.6 47.3 47 46.2 45.9 45.6 46.2 50.1 51.6 52.5 50.8 44.5 43.4 43.6 43.9 44.5 44.9 45.1 45.2 46.3 46.9 47.3 50.7 51.7 51.3 50.9 50.8 50.3 49.6 48.2 47.2 46.3 45.7 45 42.4 36.9 42.1 43 42.6 42.9 42.4 43 42.8 42.4 41.6 40.5 39.2 38.3 40.8 42.6 39.7 30.7 29.8 29.2 28.5 27.1 27.2 27.8 25.5 24.1 22.9 22.1 21.6 20.8 20.9 22.4 23.2 20.9 19.7 20.4 20.9 21 21.2 20.7 20.1 16.9 15.3 12.5
46.9 46.9 46.9 47 46.9 47 47.5 47.3 47.1 46.7 46 45.7 46 46.2 48.8 53.1 48.7 45.3 45.5 45.4 45.6 45.8 46.2 47.1 47.8 49.5 51 51.6 48.6 50.3 53.8 53.7 53.5 53 52.2 50.8 49.6 48.6 48.3 47.8 45.9 44.3 38 43.8 43 42.5 42.9 43.1 42.9 42.4 41.5 40.3 39 37.7 35.9 34.5 34.8 39.9 40.5 33.2 28.5 27.1 27.5 26.3 25.4 24.9 23.5 22.6 22 21.5 21.4 21.4 21.6 22.1 21.4 17.9 22.5 21.2 21 21.5 21.2 21 18.2 15.5 13.4
46.8 46.9 46.8 46.9 43 47.8 47.4 46.8 46.6 46.5 46.5 46.3 46.6 46.3 49.8 46.4 46.4 46.9 47.5 47.7 47.9 48.7 50.2 51.6 53.1 54.4 55.1 55.5 55.6 52.5 52.8 55.3 55.1 54.4 53.4 52.2 50.5 50.1 50.1 48.5 46.6 44.9 38.8 37.7 43.5 42.6 42.6 42.3 41.7 40.9 39.9 38.5 37.3 36 34.1 33.1 32.3 30.8 32.5 38.9 37.7 30.2 27.1 25.7 25.1 24.4 23.4 23 22.9 22.6 22.1 21.8 22.3 22.9 22.9 22.5 21.8 21.2 23.1 23.1 22.6 21.5 19.9 16.4 15.5
46.6 47.2 45.6 44.7 47.8 47.4 47.1 46.5 46.8 46.7 45.7 46.5 46.7 47 51.6 46.1 46.5 47.2 48.4 49.5 51.4 51.6 53.1 54.9 56.2 56.8 57.6 58.3 58.9 58.1 56.1 55.2 56.4 55.5 54.6 52.4 51.3 51.5 50.5 48.8 46.7 45 39.7 38.9 43.2 43 42.4 41.7 40.6 39.5 38.5 37 35.7 34.5 33.2 32.3 31.4 30.2 29.1 28 32 29.6 35.6 26.8 25.9 24.9 24.1 23.8 23.7 22.8 21.9 22.2 23.2 24.3 20.9 23.4 22.9 21.7 21.8 21.7 22 20 16.5 16.8 15.7
47.1 43.3 47.9 48.1 47.5 47.3 48.3 49.3 47.9 47.7 46.9 47.2 47.2 47.9 53.9 47.9 48.5 51.3 51.7 52.1 54 53.9 55.5 57.1 58.3 59.1 59.9 60.5 60.1 58.5 56.7 55.4 56.9 55.2 55.2 57.7 57.3 56.5 57.9 50.5 47 45.8 39.3 40.5 39.4 42.8 41.8 41.2 40.2 38.7 37.4 36.1 35.1 33.9 32.7 31.7 30.8 30.2 29.5 28.9 28.5 28.1 31.5 37.4 33.2 26.3 25.4 24.7 24.1 22.9 22.1 23.4 24.3 24.9 24.6 24.3 22.7 21.8 21.8 21.7 20.7 17.5 18.5 21.4 19.6
44.1 48.1 48.2 47.5 47.5 49.5 50.2 49.3 48.6 48.9 48.2 48.7 48.4 50.1 52.1 52.9 53.6 54.5 53.8 54.4 55.2 56.1 57.4 58.4 59.7 60.8 61.1 60.7 59.1 57.6 56.7 55.2 54.6 56 59.8 59.9 58.5 58 58.5 58.4 54.9 46.5 40 42.1 40.1 41.5 41.7 41.2 39 37.9 36.7 35.7 35.1 33.9 32.8 31.8 31.3 30.6 30 29.5 28.8 29.2 28.7 27.7 32.6 36.2 29.7 25.4 24.5 23.1 23.1 24.4 25 25.3 24.9 23.5 21.7 21.3 21.1 20.7 20 17.5 19.5 21.6 21.5
48.7 47.4 48.4 48.3 48.3 49.1 51.2 50.4 49.6 50.1 50.6 50.6 51.6 56.6 55.3 56.8 57 56.6 56.6 56.8 57.6 58.2 58.9 59.8 60.4 60.7 60.7 59.9 58.4 56.7 55.9 54.5 53.3 54.4 62 63.4 60.6 59 58.9 58.4 57.6 50.5 40.6 44.3 44.5 40 41.9 40.8 39.2 37.3 36.4 35.8 35 34 32.9 32.2 31.7 31.1 30.5 30.3 31.2 30.8 30.7 30 29.6 27.9 35.3 35.2 25.6 24 24.4 25.1 26 26.1 24.4 22.2 21.4 21 20.8 20.5 19.4 17.7 19.8 20.6 21.2
50.8 51 50.1 49.7 50 50.2 51.8 52.1 53 54.3 55 56.4 56.1 56.4 58.5 59.3 59.9 60.1 60.3 60.1 60.2 59.9 59.6 58.6 59.8 59.8 59.7 58.6 57.1 56.1 55.3 54.2 51.4 50.6 56.2 63.5 63.5 60.4 59.6 59.3 58.5 51.2 41.2 43.2 43.4 41.3 40.8 40.7 39.6 37 36.1 35.7 34.9 34.1 33.2 32.6 32 31.6 31.6 31.8 31.4 32.6 32.7 32.2 31.4 30.5 28.6 29.2 34.7 31.2 25.7 26.1 26.7 25.5 23.3 22 21.3 21.2 20.6 20.1 18.4 18.5 19.9 20.5 21.2
50.4 50.9 51.2 51 51.8 52.9 54 54.8 56.6 58 60.1 60.2 60.2 58.3 58.5 60.8 62 62.8 62.2 61.8 61 60.6 59.5 57.6 59.6 59.3 58.5 57.4 56.2 55.3 54.4 52.4 48.6 45.9 49.7 58.6 63.7 63.3 60.8 59.9 59.2 52.5 41.7 43.7 44.1 42.8 39.9 41 40.2 39.1 37.2 35.7 34.9 34.5 34 33.2 32.5 32.4 32.6 32.8 32.4 34.1 34.5 33.8 32.7 31.3 29.8 28.1 26 33 33.5 27.1 26 23.9 22.4 21.3 20.2 20.3 19.6 19 18.3 19.5 20.4 21 21.5
50.3 51.4 52.4 53.3 54.3 55.7 57.2 58.8 61 62.1 64 63.5 63.1 61.9 61.1 60.8 62.8 64.5 64 63.2 62 61.8 60.6 58.4 57.9 58.9 57.7 56.3 54.8 53.7 52.6 51.6 48.8 42.5 42.7 48.7 58.8 64.1 62.8 61 59.9 55.3 42.1 43.8 43.5 42.4 40.1 40.3 40.1 39.6 39.2 36.7 36.3 35.9 35.6 34.7 33.8 34.1 34.4 34.7 36.1 35.4 34.7 33.4 32.1 30.8 29.6 28 26.6 25.3 27.5 27.4 32.7 24.1 20.8 20.2 18.9 18.8 20.5 21.7 19.9 20.3 20.9 21.5 22.1
51.6 52.6 54.2 55.8 57.5 59.2 61 62.9 65 66.4 66.6 66.5 65.8 64.5 63.5 61.9 65 65.6 65.2 64.3 63 62.8 61.5 60.3 57.1 55.3 55.1 54.2 53.6 53.6 51.7 48.4 47.3 47.6 45.2 44.9 55.3 64 64 61.9 60.8 58.6 42.2 43.8 43.7 43.1 41.3 40 40.1 39.8 39.4 39 37.6 37.3 37 36.5 36 36 36.1 35.8 35.9 35.1 33.9 32.6 31.3 30 28.7 27.9 27.2 25.9 25.1 24.3 31.7 33.3 29.2 24.7 22.3 22.9 22.6 21.2 20.8 21 21.4 22.1 22.5
52.7 54.3 56.4 58.3 60.2 63.1 65.5 67 68.7 69.4 69.8 69.9 69.3 67.6 65.6 63 65.9 65.9 65.6 64.6 64.2 63.5 62.3 61.2 60.1 58.4 55.6 54.1 52.4 50.7 50.7 53.2 53.5 53.1 52.9 52.4 57.1 64.4 64.2 63.7 61.2 58.8 42.8 43.5 43.7 43.8 42.8 39.9 40.2 40.3 39.5 39.2 39.1 38.5 38.3 38.1 37.4 36.9 36.5 35.8 34.7 32.5 33.1 31.8 30.5 29.3 28.6 28.6 27.8 26.2 24 22.9 22.7 24.6 29.4 32.4 23.8 26.4 21.5 22.8 21.8 22.2 22.8 23.5 22.9
54.6 57 59.1 61.5 64.2 67.3 68.9 70.4 71.8 72.6 73.3 73.3 72.5 70.6 68.5 65.8 64.6 65.9 65.2 64.5 64.4 63.6 63.2 62.1 61.1 60.2 58.8 57.5 56.8 56.7 58 58.2 57.3 57.4 57.7 57.6 59.6 64.2 64 63.2 60.4 56.8 44 43.6 43.6 43.7 43.5 41.4 39.3 40.2 39.8 38.9 39.2 39.5 39 38 37.4 36.7 35.8 35.1 34.2 32.9 32.6 31.3 30 28.9 28.1 28.2 27.7 25.9 24.4 25.4 25.2 24.2 24.9 24.6 25.8 30.5 23.2 29 24.7 24.2 24.1 24.9 24.3
56.9 60.1 63.1 66.5 69.3 70.9 72.2 73.6 74.9 75.8 76.4 76 74.9 73.5 72.2 69.8 65.7 64.4 64.3 63.6 62.9 62.6 62.3 61.8 62 61.4 60.6 60.2 60.5 61.8 62.2 61 59.9 60.1 60.2 59.9 59.8 61.1 59.7 59.1 57.5 53.9 47.1 49.9 43.5 43.5 43.5 42.2 39.2 40.9 40.2 39.4 38.8 39.2 38.6 37.7 36.9 36 35.1 34.2 33.4 32.6 32.1 30.8 29.8 29.5 29.9 29.1 27.9 26.9 25.6 26.2 26 26.2 25.9 25.1 23.4 23 21.9 22.9 24 25.2 25.2 23.6 23.5
60.8 64.4 67.3 69.7 72.3 74.1 75.4 76.4 77.1 77.6 78.3 78.6 78.5 77.8 76.3 73.1 70.1 67.6 67.6 66.2 64.8 63.8 62.1 61.1 63 62.8 62.8 62.7 63.4 63.8 64 63.2 61.7 61.8 61.4 60.9 60.5 59.6 58.3 57 57.2 52 50.5 51.3 43.2 43.4 43.6 43.3 40.6 40.5 40.4 39.6 38.7 37.9 37 36.1 35.2 34.6 34.6 33.8 32.9 32.3 31.8 30.4 29.6 30.3 31.5 31.5 31.2 30.3 28 27 27.3 27.7 27.4 25.3 24 25.4 25.4 25 25 26.1 26.2 25.9 24.8
64.4 67.8 70.1 72.5 74.7 76.6 77.7 78.5 79.2 80.3 80.8 81.7 81.6 80.4 78.6 76.1 72.5 69.7 70.3 69.7 67.9 65.6 62.7 61 64.1 64.5 65 65.5 65.6 65.6 64.8 63.7 63 62.5 61.6 60.4 59.8 58.7 57.4 55.5 54.1 48.7 50.3 49.4 43.4 43.7 43.7 43.2 41.3 40.1 40.4 40 38.8 36.4 36 35.1 34.2 34.4 34.3 34 33.1 32.4 34.5 30.7 30.2 30.6 31.5 32.6 32.7 30.9 28.5 26.7 27.8 28 27.4 24.3 27.9 29.6 28.3 26.7 26.6 26.8 26.4 26.1 25.7
