WholeMapElevations/data/sd/sd77_OST50GRID_20230518/SD77.asc
ncols 200
nrows 200
xllcorner 370000
yllcorner 470000
cellsize 50
[rows 0 to 34 of 200, columns 0 to 77 of 200]
457.1 454.1 451.2 445.5 438 431.9 426.1 429.9 421.9 407.1 390.9 393.9 389 386.1 385.4 382.6 376.5 362.3 352.7 344.4 341.3 337.1 328.3 318.2 319.7 320.2 332.2 341.9 354.3 363.5 369.1 370.9 384.7 394.8 400.3 404.6 409.1 414.5 420.4 419.2 399.8 418.3 419.5 417.8 416.4 417.6 426.3 433.3 436.5 440.3 446.8 453.7 463.9 475.5 487.3 500.8 511.2 516.3 526.6 536.9 548.9 556.2 565 573.3 576.5 573.9 565.5 548.3 528.3 516.4 503.3 488.8 480.2 471.3 462.9 457.8 445.5 436.5
451.5 448.5 448.6 444.5 437.8 433.7 433.5 428.7 417.6 403.3 392.4 377.7 377.3 370.4 378.6 375.7 368.4 355.5 345.2 336.2 335.9 332.9 325.8 315.7 317.5 326.2 332.5 342.4 353.4 361.3 363.6 371.9 385.8 394.1 398.7 402.7 407.7 413.6 419.1 415.2 399.1 413.5 414 412.1 410.7 417.9 427 432.5 436.3 443.2 451.4 461.3 472.8 484.7 495.7 501.4 510 523.4 533.9 544.9 554.6 562.8 571 573.5 570.5 567.5 554.3 532.2 518.2 503.5 491.1 480.8 471.1 462.2 454.4 445.4 436.1 429.5
443.7 443.3 444.1 441.3 436.5 432.7 431.9 424.2 412.5 400.2 392 382.7 379.6 377.7 359.4 369.4 359.9 349.5 336.1 328.9 328.5 327.6 321.6 313.4 317.7 325.3 329.7 342.6 352.4 357.4 360.8 374.4 385.5 392.5 396.3 400 405.1 412.1 414.7 403.8 402.4 407.5 408 403.8 409.1 417.6 425.6 431.6 437.8 445.8 454.7 466.2 480.7 494.3 503.1 512.5 522.1 528.1 539 548.9 558.2 569.3 574.2 571.7 568.1 558.9 535.9 521.1 505.9 493 482.8 472.6 461.3 452.7 443.2 435.6 427 421.5
441.3 438.1 439.2 437.8 434.7 430.5 429.6 420.6 410.7 400.6 390 382.8 380.7 381.7 372 350.1 351.1 343.3 333.6 325 320.6 321.1 311.7 313 316.2 319.8 327.8 341.4 346 352 363.6 375.7 384.1 388.9 392.5 395.9 401.6 408.4 409.1 395.4 399 404.2 397.9 409.2 416.6 422.3 427.5 432.9 440.3 448.5 459.7 474.1 489.7 501.7 509.5 519.3 529.7 538.5 545.5 551.1 566.6 571.6 571.4 567.8 560.9 539.9 523.6 506.6 491.5 481.3 473.6 460.6 452.1 439.1 431.8 425.5 417.7 410.9
441.5 429.4 434.9 434.8 432.6 427.3 427.1 420.2 408.9 398.3 386.5 381.3 381.5 379.1 368 355.5 338.5 331.9 325.3 318.1 314.5 310 309.6 312.1 316.1 323 332.6 343.5 353 354.9 363.5 374 378.7 384 387.4 391.2 397.6 403.5 402.5 389.5 390.8 391.5 405.8 414.9 421.8 426.5 430.4 436.5 442.8 450.9 463.6 481.6 498.2 508.9 517.1 529.7 539.6 549.9 558.9 565.9 570.2 570.1 568.5 555.8 540.3 524.7 506.2 491.4 481.4 474.1 462.4 450.8 439.3 429.1 422.1 415.3 409.2 400.6
439.9 435.4 425.5 432 430 422.8 422.1 419.5 408.1 396.3 385.8 377.4 380.8 374.4 361.4 347.8 339.2 325.7 308.6 309.5 309.6 308 308.1 312.1 317.6 325 333 343.7 351.4 353.5 360.5 367.4 366.6 375.4 382.4 386.1 392.6 391.5 386 383.6 390.7 404.5 412.9 421.3 426.6 430.1 434.1 438.7 444.1 453.9 472.2 491.9 504 517.2 529.1 541.8 553.8 561.4 568.2 571.5 572.6 571.2 567.8 534.6 516 506.5 491.7 479.8 472.8 461.9 448.8 437.4 428.1 416.8 409.3 405.2 399.1 392
439.6 436.1 425.8 426.6 425 419.5 417.4 415.5 408.2 396.6 382 374.3 376.9 367.5 354.4 343.3 334.3 318.1 307.9 308.8 307.2 306.2 309.4 313.1 319.2 323.5 333.2 343.6 348.3 349.8 351.5 350.3 360.6 357.4 377.6 380.6 376.7 372.8 384 396.7 403.7 410.6 418.7 425.8 430.4 433.1 435.2 439.3 447.2 459.8 483.8 500.1 514.7 527 540.4 556 563.3 566.7 569.8 573.9 574.4 570.6 545.3 523 508.9 505.8 487.3 470.6 461 449.4 436.2 426.3 415.4 407.3 400.4 396.9 389.9 384.3
438.7 434.2 427.5 420.7 417.9 413.6 412.6 411.4 406.2 396.1 381.2 369.3 371.5 359.3 348.7 336.6 325.7 310.7 302 302.8 304.2 305 310 311.4 315.3 321.9 332.5 340.6 341.1 349.2 360.6 369.2 380.2 376.5 361.8 375.1 379.3 390.9 397.8 401.3 404 411.8 419.6 426.3 429.8 431.6 435.1 441.4 451.6 470.7 488.3 506.9 524.3 537.6 548 558.5 564.6 569.3 572.1 574.2 574.2 548.2 527.1 515.6 496.5 489.2 474.9 460.4 451 438.4 426.5 416.2 405.3 398.9 394 386.9 381.9 381.3
437.6 431.4 423 416.9 405.1 407.3 406.5 406.8 402.7 392.2 378.5 364 363.9 351.3 342.9 333.8 319.3 306.1 300 301.6 302.9 308 310.3 313.3 316.9 325.1 333.4 338.7 348 358.3 366.9 376 383.7 387.4 385.4 390 397 399.7 399.5 399.9 402.9 409.3 417 423.8 426.3 429.5 435 444.6 458.9 480.7 496.9 512.3 531.5 544.4 554.1 560.4 566.1 571.3 571.8 573.3 551.6 527.6 517.9 505.6 481.9 471.2 461.6 452.6 443.1 428.7 416.6 408.2 399.6 392.2 384.1 378.3 377.6 378.9
434.7 426.3 416.3 411.4 404.8 400.8 401 402.3 398.8 387.2 374.2 361.8 352.6 346.6 339.5 327.2 311.3 297.8 299.8 301.8 306.2 308.3 309.4 311.7 316.2 325.9 333.3 341.4 350.1 360 368 378.2 385.9 386.7 388.2 393.9 398.4 398 398.2 400.3 403.1 407.2 415.6 420.5 425.1 431 438.3 450.7 467.2 487.6 502.3 524 538.5 548.6 555.8 560.6 565.3 568.6 568.9 570.9 531.3 520.7 512.3 492.8 472.1 461.8 453.4 444.6 432.4 418.4 409.1 400.2 391.7 379.4 373.8 373.7 376.7 370.6
431.6 421.2 410 405 397.8 394.9 396 398.5 393.6 380.7 370.2 358.8 352 343.6 331.7 319.3 304.9 297.6 299 307.4 313.8 308.4 307.9 311.3 317 325.2 332.9 338.7 349.7 359.1 367.8 378.4 383.9 385.4 388.8 393.9 396.3 394.7 398 401.2 405.3 410.2 416 420.9 426.4 435 444 459.7 479.5 495.1 514.8 532.1 546.9 554.4 557.4 560 560.2 558.1 561.2 553.6 527.3 511.4 495.1 485.4 463.8 454.1 445.8 434.4 422.2 409.2 400 392.6 382.4 372.7 368 372.7 369.2 362.3
428.8 419.3 404.9 398.7 393.9 386.8 391.7 393.7 386.6 374.6 365.7 355 345.9 337 326.6 309.1 306.1 296.3 303 310.7 311.3 307.5 310.1 311.7 317.6 324.3 328.5 336.6 347.4 356.2 366.6 374.7 378.7 381.6 387.6 393.1 394 395.2 398.5 402.2 407 412.8 418.9 426.4 433.4 440.9 450.5 469.1 485.6 507.5 525.3 540.7 552.3 557.3 559.4 556.7 550.5 549.7 551.8 532.1 511.5 494.4 483.3 468 455.7 447 436.7 422.8 413.5 402 393.1 384.3 374.7 363.9 367.4 365 359.2 351.7
424.3 415.7 401.5 396.8 391 384.2 388.1 388.3 378.7 369.4 361.4 349.3 340.1 330.7 320 309.4 296.4 294.4 303.1 308.9 308.3 304.4 310.4 313.2 317.6 323 327 332.7 341.6 348.3 359.3 364 368.7 379 385 390.2 387.3 395.2 399.6 404.6 410.5 418.4 424.4 430.4 437.6 445.3 456.5 476.7 496.8 515.4 531.5 547.9 555.7 556.7 555.5 551.6 545.7 544.2 533.6 513.5 493.3 474.7 462.5 456.6 447.4 437.2 425.2 413.6 406.5 396.8 386.8 377.6 369.5 358.5 358.8 355.7 351.4 343.8
420.7 407.4 399.9 393.7 390.1 377.2 385.4 382.4 372.1 364.3 355.2 344.2 334.8 325.2 314.2 307.3 294.5 295.4 300.9 307.3 304.1 302.6 310.9 314.9 316.9 320.6 322.7 328.3 332.4 342.1 352.5 356.5 361.9 370.9 379.6 380.7 390.4 394.7 400.7 407.7 415.2 422.1 427.9 433.7 441.2 452.3 465.7 484.8 504.4 521 537.8 551.7 555.9 553.4 553.3 550.8 543.5 523.4 519.3 496.7 477.9 461.9 455.1 447.2 438.2 427.4 416.3 407.7 399.4 390.9 381.1 371.3 363.4 352.4 350.9 350.9 344.4 331.9
418.2 409.3 403.5 397.8 390 379.6 381.2 375.6 367.6 361 351.4 338.1 329.8 319.9 312.1 301 293.3 294.5 297.3 303 299.7 307.8 312.2 314.5 314.3 316.2 318.5 320.4 331.9 336.3 346.4 358.9 366 361.7 375.8 385 393.4 397.8 404.7 411.8 419.9 425.7 429.8 436.3 444.1 456.3 471.3 491.1 508.9 525.5 542.6 552.4 552.4 552.1 551.7 546.5 531.9 515.4 499.8 483.2 461.8 454.2 448.7 438.2 428.7 417 407.4 400.5 393.1 385.3 375.7 366.4 355.7 344.4 349 345.5 336.4 327
415.3 407.1 405.1 399.5 390.1 375.4 373.7 370.3 362.5 357.2 346.1 334 325.6 316.5 308.1 290.8 292 291.6 294.8 295.6 302.9 316.5 316.3 311.6 311.6 313.4 313.3 326.6 339 349.9 355.3 364.6 370.7 374.2 380.2 390.4 396.3 401.4 407.1 415.4 422.1 427 432.4 439.6 448.5 462.6 478.4 496.7 511.5 527.7 545.9 552.7 552.9 551.9 548.6 536.2 516.1 497.9 483.9 464.4 451.8 446.2 440 430.1 418.1 406.3 399.4 394 386.6 379.6 369.7 356.7 349.6 341.2 342.4 334.9 328.5 325.2
411 407.1 405.6 399.7 391.4 378.5 366.2 362.6 355 349.7 338.9 330.1 321 312.1 302.7 290.2 291.5 291.5 290.2 293.9 305.2 315.7 316.2 309.1 308.7 309.7 314.2 327.9 343.8 354.6 360.5 368.8 375.1 381.1 384.9 389.8 398 402.3 408.3 416 422.2 429.1 436.2 444.2 454.8 467.5 485.2 500.6 511.5 531.2 548.4 554.8 551.7 549.5 542.7 520.7 501 482.7 464.9 450.9 445.2 438.2 430.4 419.6 404.4 398.5 392.4 387.3 379.9 372.4 362.3 349.3 342.5 336.3 333.4 330.3 327 325.3
407.1 406.1 404.3 399.6 391.9 380 374.3 364.9 354.8 336.5 327.3 322.5 314.8 307.6 298.6 288.8 289.8 289.9 288.4 293.1 305.5 311.8 312.2 302.6 307.8 311.2 313.5 333.4 349.7 357.7 364.2 372.9 378.7 385.9 392.4 396.2 396.2 401.5 407.4 415.3 424 431.5 438.6 448.5 460.4 473.8 490.1 502.9 516.1 537.2 549.3 551.2 549.3 545.7 525.1 501.5 481.2 462.7 449 442.8 438.1 430.2 421.5 407.1 395.3 390.5 387 382.2 372.7 364.7 357.2 346.2 339 333.7 331.9 329.9 326 325.5
404.7 404.2 402.1 398.3 389 378.4 370.2 359.1 350.7 338.4 326.2 311.4 306.1 301.2 288.5 288 288.9 289.4 288.3 288.9 304.8 310.2 309.9 298.9 308.5 313 322.2 342.4 353.6 360.8 367.8 375.5 382.5 390.8 396.2 399.5 401.3 405 411.1 415.3 426.3 434.7 443.5 453.6 462.8 480.2 495.8 508.8 525.1 539.1 545.4 545.1 544 533.9 506.3 482.4 459.7 445.3 438.9 435.4 429.7 423.8 407.7 394.5 388.4 385.3 382.5 376.4 367 358.1 351.8 341.8 332.5 332.8 331.7 327.5 325.4 324.1
402 399.9 398.8 394.9 384.2 375.1 366.5 357.1 344.4 332.4 322.7 311.2 300.6 293.2 286.4 286.7 286.8 287.9 286.7 294.3 303.4 306.9 301.3 305.8 311.4 316 332.7 350.5 357.4 362.5 371.5 378.8 386.9 394.1 398.2 399 398.5 404.3 411.2 418.8 428.4 437.5 446.7 455.2 467 486.4 501.9 517.7 530 538.3 542.6 541.1 537.9 514.2 486 464.9 445.5 436.4 431.9 429.1 424.6 413 398 388.3 383.5 381.1 377.3 369.7 360.9 351.5 345 334.9 332.8 332.2 329.7 326.7 324.2 319
397.1 395 394.3 389.3 380.4 371 360.7 352.4 337.9 323.8 317.6 310.8 300.4 291.9 285.4 286.4 285.7 286.3 285.5 292.4 297 293.8 298.1 306.6 313.6 321 341.1 352.8 360 363.3 372.8 380.9 391.4 394.9 397 395.4 397.3 408 414.7 421.6 431.6 440.5 447.5 458.2 472 492.3 508 521.1 531.2 535.4 535.8 536.4 522.8 494 470.3 449.2 435.9 429.3 425.7 423.7 416.3 404.8 390.2 382.3 378.4 376.6 371.7 364.8 355.8 346.8 337.3 334.1 332.6 330.3 328 323.9 321.6 315.9
391.7 385.6 388.5 383.2 375.2 364.2 356.7 344.8 329.4 318.3 311.9 305.2 296.2 288.4 284.3 285 284.8 284.9 284.6 286.7 289.6 299.8 305.6 309.3 313.1 330.6 344.3 354.5 362.2 366.5 373.9 383.7 391.3 394.2 393.7 392.6 401.7 409.5 417.3 426.8 435.8 446.5 455.4 466.6 481.4 496.7 509.3 523.6 530.6 532.3 533.6 528.6 504.1 477.8 454 437.2 428.8 423.2 420.9 417.7 407.7 396.8 384.8 376.9 375 371.4 368.4 360.5 351 342.5 335.8 334.5 331.8 329 326.3 323.2 314.9 311.9
388.4 381 381.3 377.4 369.1 359.8 350.4 336.7 321.2 312.6 306.1 300.3 292.4 285.7 282.9 283.7 284 283.5 283.1 290.2 297.1 303.1 309.7 316.6 321.1 333.2 350.5 357.4 361.6 367.6 372.8 382.9 387.8 390.5 389.6 392.2 402.5 410.3 420.7 430.8 441.1 450.4 461.6 474 491.9 504.5 516.8 528.6 531.3 532.1 533.6 513 479.7 458.6 438.4 428.8 422 418.1 415.3 410 400.4 390.9 380 372.5 371.4 368.7 362.4 355.1 347.3 339.3 335.6 333.8 330.2 327.9 322.1 316.9 312.3 309.2
391.7 381.1 378 372.3 364.3 355.5 344.1 328 315.5 306.7 300.8 294.3 288.1 282.2 282.1 282.9 282.9 282.8 284.4 290.5 297.6 306.8 314.7 320.5 332 338.6 347.9 357.3 363.8 363.4 373.5 378.4 383.6 386 387.2 392.4 402.9 414.6 424.8 433.7 443.7 453.9 465.3 480.7 499 508.9 522 529.4 531.2 531.9 523.4 493 465.4 446.3 432.4 421.4 416.3 413 411.2 401.5 394 384.3 373.5 368.4 367.3 362.5 356.4 349.1 342.5 338.4 333.6 332 329.7 325.1 317.4 313.2 309.3 307.9
391.4 379.1 373.9 363.3 359.2 350.7 338.7 320 308.8 300.3 295.8 290.8 285.1 281.3 281.5 282.1 281.8 281.6 287.4 292.9 300.7 311.2 318.1 323.8 336.5 344.5 354.4 359.5 362 366.5 372.1 376.1 378.2 384 392.1 402.1 410 421.3 428.8 438.7 447.7 459.4 468 487.8 503.5 515.6 526 530.2 531.1 530.3 505.7 475.1 450.6 434.9 422.7 415 410.1 408.8 403.2 397.9 389.6 380.7 369.6 364.2 361.1 356.3 349.5 346.9 340.5 336.6 334.1 331.5 326.1 318.6 314.1 310.5 308.5 307.8
386.2 375.3 371.8 364.1 353.3 345.5 328.3 314 300.7 295.4 290.5 285.5 284 279.9 280.8 280.7 281 280.7 291.3 295.4 303.6 312.9 321.5 327.5 340 349.2 353.7 360.1 366.2 368 372.8 376.1 380.8 384.9 393.8 404.7 415.9 426.6 434.9 443.9 454.2 467 476.1 495.2 508.4 520 527.7 530.6 530 516.3 485.3 457.2 436 422.4 413.8 408.1 405.2 399.9 397.5 394.2 384.1 375.1 362.9 358.4 354.7 351 348.7 343.1 337.2 333.5 332.2 329.1 320.5 315.8 311 309.3 309.1 307.9
380.4 371.8 366.8 358.4 347 341.1 318.1 307.1 296.8 290.9 285.8 282.6 280 279.1 279.9 279.7 279.7 288.1 294.7 301.2 307.6 316.3 323.6 333.5 344 351.1 356.5 361.7 366.1 367.1 373.7 381.4 386 391.8 399 411.6 419.5 429.2 439.1 448.1 458.5 468.6 484.5 500.6 513.2 526.2 531.5 530.2 524.3 491.1 471.7 446.5 426.6 413.3 406.3 401.8 397.9 394.1 395 389 378.7 367.7 357.9 351.1 350.2 349.8 344.8 338.3 331.9 328 325.6 321.2 317 313.7 311.8 309.3 308.3 306.5
374.3 367.1 359.9 351.5 341 321.8 313 303.3 293.8 287.9 282.9 279.6 277.7 278.3 279.2 278.3 278.3 291.2 291.4 299.4 309.5 319.6 329.2 339.6 346.8 353.6 356.6 364 369.2 370.7 378.6 387.5 392.7 399.2 408.8 417 424.5 434.6 444.3 453.6 462.2 471.8 489.1 499.3 516.4 527.9 526.8 525 501.8 479.8 457.8 435.5 415.4 404.8 399.2 394.5 391.3 391.6 389.2 382.6 372 360.4 353.1 344 345.3 343.5 337.6 327.5 323.9 326.2 323 317.3 316.7 315.6 312.5 309.2 306.6 306.9
370 362.5 355 343.6 330.2 316.4 308.4 298.6 291.3 283.9 281 276.4 277 277.6 277.9 276.6 292.7 297.9 297.8 300 313.1 325.2 340.1 346.6 352.8 357.5 362.8 365.5 368.9 375.6 384.5 392 398.5 405.9 413.7 421.5 429.6 439 448.1 458 468.3 478.8 489.5 504.9 520.1 522.4 522 519.4 489.3 469.5 446.2 427.7 408.7 400.3 394.7 389.7 386.8 386.6 381.2 374 365 355 348.3 339.6 333.2 330.4 326.4 322.8 321.7 322.2 317.4 316.8 317.7 313 309 308 307.9 306.4
367.3 358.5 348.2 337.9 319.7 310.3 305.5 295.3 288.7 282.8 279 275.4 275.7 275.4 275.7 281.2 293.3 297.8 301.7 305.9 313.4 331.3 345.2 350.3 357.9 362.2 365.6 368.4 370.8 380 387 392.3 401.1 410 417.2 425 434.3 442.6 451.8 462.7 474.6 484.3 498.6 513 517.9 520.1 519.7 503.2 480.8 453.6 432.8 419.2 403.9 396.4 390.6 385.3 383.2 379.1 373.1 366.5 358.2 347 340 333.2 323.9 322.1 321.6 319.9 318 316.9 316.4 317.1 313.4 309.8 308.2 308 307.9 307
364.2 356.9 341 326.9 314.2 308.1 300 291.6 286.1 280 274.5 274.7 275.5 275.7 274.8 285.3 294.9 301.3 307.9 315 323.4 334.1 347.7 354.9 360.8 364.7 365.5 369.8 374 381.9 386.1 395.5 404.4 412.4 420.2 428.2 437 446 455.4 466.2 476.6 494.3 508 515.9 518.8 519.6 506.9 486.1 460.8 439.1 421.3 411.9 399.8 391.5 384.4 380.8 378.4 370.7 365.3 359.9 351.4 346.7 341 330.3 321.1 315.7 314.3 315.9 316.2 317.3 316.4 313.9 311.7 308.6 308.9 307.9 307.9 306.9
362 350.9 336.5 319.3 310.1 303.1 296.1 292.4 282.7 277.5 273.8 273.6 274 274.4 280.6 287.7 297.5 308.4 316.4 325.1 331.2 344.9 350.3 356 362.4 365 367.9 370.7 376.9 382.4 385.6 396.1 406.6 415 422.9 431.1 441.7 450.2 458.6 467 485.1 499.8 509.5 514.8 516.5 515.4 493.6 471 447.4 431.3 418.4 408.6 395.5 386.7 379.7 375.3 371.8 365.6 361.2 354 346.7 343.3 340.2 333.2 322.1 314.6 312 311.1 314.8 316.3 312.3 313.5 310.4 307.7 307.5 309.4 306.4 305.4
360.8 344.4 328 315.3 305.8 300.1 293.5 285.8 277.3 272.5 272.7 273.3 273.3 274 282.3 293.2 304.5 315 322.6 330.4 342.3 353.1 355.6 360.3 362 365.8 368.9 370.7 376 381.1 390.1 400.7 408 415.3 427 436 444.8 453.7 460.6 472.3 489.2 499.5 505.8 511.8 513.8 501 480.8 459 440.4 426.8 410 400.3 391 381.1 375.7 372.4 366.1 362.9 349.7 347.3 342.5 340.6 336.2 334.3 323.8 313.5 310 309.6 311.3 309.3 306.8 308.2 308.4 309.2 310 308.5 306.8 306.1
355.3 339.9 321.8 306.6 302.4 297.2 289.6 279.2 270.8 271.6 271.9 272.5 272.7 278.1 285.3 300.1 309.6 318.7 327.7 340.4 349.9 355.5 360.8 363.3 363.3 365.7 369.1 373.6 379.9 386.9 395.1 403.9 411.7 421.4 431.7 440.1 446.7 457.6 467.2 478.2 489.7 496.7 502.7 509.4 506.5 483.3 465.7 445.4 427.5 419.5 405.9 395.2 386.2 377.4 373.6 372.2 368.4 361.7 350.7 343.4 339.2 337.7 336.1 332.3 325.7 312.3 309.3 306.4 306.5 308.8 308.3 307.9 311.6 310.8 310.1 308.7 307.3 307.2
342.5 329.2 314.5 304.4 300.5 294.5 287.3 275.8 270.3 271 271.2 271.9 271.7 279.7 292.5 305 313.2 320.5 333.5 345.4 352.2 357.7 363.3 365.5 366.3 368.1 371.5 373.5 381.2 390 397.4 405.9 414.5 424 435.1 443.8 452.6 460.9 467.6 480.6 488.4 492.4 497.5 501.3 490.8 468.1 449.9 435.6 421.4 411.5 399.8 389.1 379.3 374.6 373.9 372.6 364.1 355.6 345.4 339.3 337.1 333.9 330.4 325.8 317.9 311.3 310.7 309.2 308.4 306.6 309.4 314.5 312.5 312.1 310.4 307.4 307.6 305.9
