UK/data/nj/nj00_OST50GRID_20230518/NJ00.asc
ncols 200
nrows 200
xllcorner 300000
yllcorner 800000
cellsize 50
[rows 34 to 67 of 200, columns 77 to 153 of 200]
806 806.6 806.4 804.4 800.2 796.5 793.4 789.8 787 785 782.6 780.2 777.1 774.7 771.9 768.6 765.6 762.7 759.1 756.2 753.5 752.2 751 747.3 740.8 731.6 722.7 713.5 704.3 695 688.1 681.7 676.8 670.5 673.7 677.3 679.5 679.8 680.5 680.9 681.9 681.4 679.2 678.4 678.2 681.5 683.8 685.2 685.6 684.2 679.2 673.5 667.3 662.2 657.7 644.6 639.1 653.9 655 654.6 656 659.5 664.4 669.1 673.9 675.3 676.9 677 678.4 678.8 677 675 674.3 674 678.5 683 687.7
810.6 811.7 810.7 807.6 803.6 798.5 795.7 792.3 788.5 786.4 783.5 780.1 776.6 773.2 769.2 765.4 761.8 757.6 753.1 749.8 747.5 745.9 745.2 742.8 737.7 730.1 722 713.2 703.2 693.6 686.3 679.8 673.7 673.9 678.5 681.3 683.2 683.6 683.7 684.9 685.9 685.6 684.2 684.4 683 684.9 687.9 689.2 690.3 687.2 680.1 673.6 665.8 661.9 657.4 643.8 638.6 655.3 657.8 657.1 657.9 662.4 666.7 670.8 675.1 676.7 678 679.8 680.7 680.9 679.6 678.9 677.7 677.8 681.6 687.1 693.7
813.7 815.6 814.6 811 806.8 802.1 797.7 794.1 790.6 788.2 784.3 781.2 777.4 772.6 768 764.7 761.2 756.4 750.3 743.7 741.3 740.7 739.1 736.8 732.7 726.3 718.4 709.2 700.5 692.1 682.5 674.8 674.6 680.5 683.6 685.6 687.9 688.7 689.3 690.4 691.7 691.5 689.1 688.7 689.6 689.9 691.2 691.6 691 687 677.8 671.7 664 661.2 658 647.3 639.9 656.6 660.9 660.5 661 666.2 670.9 674.2 676.9 679.6 680.5 682.5 682.8 683.6 683.7 682.5 680.9 681.2 686 693.1 699.2
815.5 818.7 817.2 814.4 809.8 804.9 799.2 796 792.5 789.8 786.1 782.1 778.8 774.9 770.2 766.3 762.7 758.3 752.6 745.8 740.7 735.8 732.4 730 726.2 720.6 713.8 704.6 697.5 688.5 678.8 681.3 683.2 685.8 689.8 693.1 694.1 696 696.7 697.8 699.4 698.2 695 693 692.7 692.2 692.1 691.7 690.5 685.9 677.4 669.7 664 661.8 659 649.8 641.1 658.1 663.2 663.9 665.1 670.6 675.9 679.1 680.9 682.7 683.9 685.7 686.6 686.7 686.4 685.5 685.1 685 692 698.3 704.3
815 819 818.3 815.1 811.7 806.5 800.7 797.3 794.2 791.6 788.9 784.4 781.4 778.5 773.4 769.2 765.4 760.3 754.9 749.9 743.1 736.1 729.9 723.1 719.4 714 708.5 701.5 693.5 686.3 682.8 686.7 689.1 690.8 695.2 700.1 702.1 702.7 704.3 706.2 706.9 704.7 700.8 696.7 694.8 693.7 693.2 692.4 690 684.5 676 668.4 665.1 663.6 660.9 647.1 643.7 659.4 664.9 667 669.5 675.6 681 684.7 686.4 687.7 688.6 689.6 689.9 689.8 688.9 689.3 689.4 688.1 696.4 704.1 709.5
812.9 816.9 817.8 815.2 811.3 806.5 802.5 798 794.7 792.5 790.7 786.8 782.7 779.4 775.2 772 768.6 763.8 760.1 753.5 745.8 736.6 727.9 720.4 713.5 708.8 704.2 698.8 691.5 684.8 682.6 688.8 692.7 696 700.6 706.3 708.8 708.4 710.6 712.2 711.7 709.4 705.5 700.4 697.5 696.1 695.2 693.2 689.5 683.9 676.2 667.5 666 664.9 661.9 649.6 645 660.1 665.3 668.8 673.1 680.5 687.4 691.5 693 693.8 693.6 694.1 693.8 692.8 693.1 692.5 692.5 693 700.2 708.1 713
808.7 813.4 815.4 814.1 810.4 805.8 801.7 796.7 793.2 791.6 788.9 786.4 783.8 779.2 774.7 771.8 770.4 767.3 762.5 756.4 747.6 735.9 726.6 718.2 711.1 705.2 700.3 695.5 691.1 686.6 685.4 690 695 699.8 704.8 709.5 712.5 714.2 715.9 716.9 716.2 714.8 711.8 707.9 702.2 699.9 697.4 695.4 691.4 685.7 678.4 671.1 667.5 665.4 663.5 648 644.8 660.9 664.7 671 676.6 684.6 693.6 698.7 700 700.6 700.5 700.6 700.4 699 698.9 696.5 695.9 697.2 702.7 709.1 714
805.8 810.3 812.9 812.3 808.9 806 803 797.8 793.1 788.8 785.1 782.5 781.2 778 773.7 770.9 769.5 766.9 761.8 755.9 746.7 734.5 724.9 715 707.9 701.8 697.5 694.6 690.8 684.8 687.2 689.5 696.9 701.7 705.9 710.1 715.3 718.9 721.4 722.4 722.5 721.4 718.8 714.9 709.2 704 700.6 696.7 692.9 687 680.4 673.3 669.1 667.1 662.5 645.5 649.8 662.6 666.6 672.5 680.4 688.8 699.4 705.2 707.2 707.2 707.8 708.1 708.3 707.6 706.3 703.9 701.8 701.1 703 707 712.9
803.3 808 811 811.4 809.5 807.3 804.2 799.3 793.4 786.7 780.8 777.3 774.1 771.9 770.5 768.4 765.9 762.2 757.9 751.2 742.7 730.4 719.4 713.3 704.8 700.1 696.8 694.3 689.7 690.1 690.9 692.4 698 702.9 707.1 711.1 717.2 723 726.5 729.1 729.6 728.9 726 721.3 715.5 709.4 704.7 699.5 694.5 687.7 682.1 674.8 670.6 667.7 662.8 647.9 649.5 664.6 668.2 674.6 685.6 695.9 704.2 711.1 713.5 713.9 714.8 715.3 715.8 716.7 715.9 712.4 710.3 708 707.8 707.7 711.2
801.6 806.9 809.8 812.2 810.6 807.6 803.4 797.6 789.7 783.5 776.3 767.2 764.2 764.1 763.4 761.6 758.3 753.7 749.8 743.4 735.3 724.9 716.1 709.8 702.7 698.7 695.5 692.2 693.9 693.7 693.9 695.5 699.3 704.1 708.3 712.5 719.8 727 731.6 733.8 735.7 735 731.9 727 720.4 714.6 709.2 702.4 696.3 689.9 684.1 676.6 671.3 668 662.3 649.2 651 665.8 670.4 677.2 689.2 701.4 708.7 715.8 719.5 719.8 720.7 722.4 723.2 724.4 723.5 721.3 718.1 714 712.4 712.4 711.9
801.3 806.4 810.5 813.3 812 807.3 801.9 795 785.9 778.6 770.6 751.6 753 751.9 752.5 751.1 748.3 744.1 739.6 733.1 725 717.8 711 705.9 700.3 697.1 695.8 697.1 696.2 696.3 696.4 698.5 701.4 706.6 711.7 716.7 722.8 730.4 736.2 739.7 740.4 739.6 736.7 732.3 725.8 718.7 712.2 705.4 698 691.6 685.4 677.7 671.9 668.4 663.1 651.6 651.7 666.4 672.3 679.6 692.5 704.7 713.1 719.2 723.4 724.9 725.5 727.5 729.9 731.6 730.7 728.8 724.5 720.3 718.5 717.2 716.9
802.4 809.5 813.9 818.5 816.4 811 802.3 795.8 788.1 779.8 770.2 758.1 745.2 741.6 740.6 739.6 737.3 734.3 728.4 723.5 717.2 711.6 706.1 702.2 699.1 696.1 698.2 698.7 698.8 698.5 700 701.6 705.2 710.3 716.6 722.2 727.7 734.3 739.7 742.5 743.4 742.4 740.2 736.1 730.4 723.6 715.8 708.9 701.7 694.5 686.2 678.7 671.9 669.2 663.4 646.3 651.8 669 674.7 684.1 696.1 707.6 716.3 721.8 727.4 729.1 730 732.5 736.1 738.4 737.6 735.1 731.8 728.1 725 721.5 721.9
806 814.4 819.9 827.2 824 817.3 806.3 798.7 790.3 782.4 772 760.9 745.8 736 731.6 730 728.4 725.2 720.6 715.4 710.3 705.4 703 700.5 699.5 699.7 700.6 701.1 700.9 701.3 702.2 703.3 707.9 714 720.9 727 732.8 737.9 741.5 742.9 743.2 743.3 742.5 740 735.8 728.7 720.5 713.2 705.8 696.9 687.2 678.7 671.9 669.3 659.1 647.1 654.9 669.6 677.6 688.1 700.8 711.6 720.2 725.4 729.3 731.2 733.3 736.4 740.1 742.8 742.3 739.7 736.8 733.6 730.7 726.8 726
808.9 820.5 828.6 833.3 831 824.5 815 805.9 793.9 785.4 773.3 760.3 746.1 734.4 728.4 723.5 719.6 717.6 713.3 709.6 706 703.4 703.2 702.6 702 701.4 702.4 703.4 703.2 703.4 703.1 705.3 711.3 716.7 724.4 732.3 738.8 742.4 743.5 742.4 742.3 742.3 742 741.2 738.1 731.9 724.3 716.6 708.6 698.5 687.6 678.7 672.8 669 662 648.5 664.7 671.1 679.5 692.1 704.6 715.4 723.4 727.4 730.3 733.5 736.1 740 743.8 745.7 745.7 744.1 741 737.8 734.6 731.4 729.9
810.7 823.3 831.3 836.3 834.7 829.4 823.4 812 804.2 791.8 778.2 760.3 746.3 734.4 727 721.7 716.4 712.3 709.8 705.6 705.2 705 705 704.5 704.2 704 705.4 706.5 705 705 705.6 709.9 716.1 722.5 728.8 735.6 742.9 746 746.2 744.6 742.3 740.5 740.7 741 738.5 733.4 725.9 718.2 709.7 699.4 687.8 679.8 673.2 669.6 662.5 649.1 664.6 671.6 681.2 694.1 706.1 716.7 723.9 728.7 732.3 736.4 739.4 743.4 746.2 747.5 747.4 746.9 744.5 740.7 737.3 733.9 732.5
809.8 820.7 830.2 835.2 835.4 832.7 826.8 818.8 814.1 796.3 778.7 760.1 745.7 733.6 726.6 721 715.3 711.8 709 708.1 707.4 708.6 709.9 709.8 709.6 708.1 709.2 709.3 708.4 707.6 709.5 715.3 719.6 725.9 732.3 737.8 742.6 745.4 746.5 744.3 741.4 738.7 738.8 739 737.6 731.6 725.3 718.2 708.9 698.7 687.3 679.6 674.2 669.6 661.3 651.2 663.1 673.2 682.3 696 708.5 716.7 723.3 728.6 734 738.5 742.6 746.6 747.9 747.9 747.7 746.9 744.9 741.6 738.2 735 733
807.2 819.3 828.5 834 835.2 833.4 829.2 824.8 815.3 796.5 777.9 758.1 744 734.3 728.1 722 716.4 712.9 710.3 710 710.2 713.1 714.4 713.6 713.5 712.9 713.7 712.2 711.6 711.1 710.5 717 720.6 727.2 732.8 738 741 742.9 743.6 742.8 740.2 737.7 736.6 736.3 734.5 728.9 723.5 716.1 706.6 696.1 685.8 680.2 674.2 669.4 661.6 652.5 664 672.6 682.2 696.2 709.5 717.5 723.3 728.2 735.3 739.6 743.6 746.3 747.1 746.7 746.2 744.8 743 739.9 737.1 734.4 732.5
807.8 821.4 829.5 836.6 839.7 838.1 834.1 827 817.4 799.9 778.5 759.4 745.1 736.5 728.8 723.1 717.9 714 712.1 710.9 712.1 715.3 716.4 716.2 716.1 717.1 718.1 716.5 714.7 713.6 711.6 717 723.2 728.5 734 737 739.8 740.5 741.3 740.9 739.9 737.4 735.2 733.1 730.7 726.7 720.5 712.3 703 693.4 684.5 679.5 674.6 669 663.1 651.5 665.9 673.1 683.1 696.5 709.9 716.9 720.7 727.6 735.1 739.3 742.9 744.8 745 743.7 742.5 741.2 739.2 736.3 733.9 732.1 730.3
811.8 824.1 833.1 841.8 848.4 846.8 842.4 836.6 825.3 805.4 783.3 763.3 748.6 738.9 731.7 726.2 720.1 714.7 712.3 713 713.3 716.7 719.1 720.5 721.4 721.3 721.5 720.9 718.6 716.5 715 718.5 723.8 730.5 734.4 736.8 739 739.7 740.3 742.3 742.5 738.3 733.3 730.9 727.3 722.9 716.4 708 698.4 690.1 683 678 673.2 668.5 663.3 653.1 667.9 673.5 683 696.1 708.1 715.7 719.9 725.2 733.7 737.9 741 742 741.6 740.5 738.9 737.3 734.2 731.8 730.1 728.7 727.2
815.9 827.5 839.6 847.8 853.4 853.2 850.8 845.4 832.5 811.2 788.9 768 754.3 744.3 737.4 731.3 725.8 718.4 715 716 713.7 717.2 719.9 722.9 724.2 723.7 723.6 723.2 722.4 721.8 720.6 721.1 725.5 731.9 735.6 736.1 737.4 738.2 740 741.9 743.8 741.2 734 730.3 725.3 719.3 712.7 704.2 695.1 687.2 680.4 676.6 672.6 668.8 657.6 661.4 670.3 674.4 683.2 696 707.1 714.1 719.5 724.7 732.5 736.5 738.7 738.7 738 737 735.7 733.2 730.7 729 727.5 725.9 724
822.3 836.6 850.8 860.8 865.2 867.3 865.2 856.5 839.4 814.3 794.6 776.3 760.7 749.2 744.4 741.7 733.2 725.4 719.5 719.1 716.5 716.7 719.2 722.2 724.3 724.1 723.6 722.9 723.8 723.6 724.5 725.1 726.7 729.5 734.3 734.9 736 735.4 737.1 739.8 742.7 741.5 735.5 730.6 725.3 718 711.2 702.2 692.8 685.1 679.5 675.7 672.1 665.3 655.3 664.9 672.1 675.5 681.9 693.5 705.5 712.5 719.3 726.1 731.4 734.9 736.2 735.4 734.7 733.5 731.6 729.9 727.7 726 724.6 722.8 720.7
831.9 846.8 863.2 876.6 884.3 888 881.5 866.6 844.4 822.9 803.3 786.5 769.8 759.3 755.2 752.1 743.2 731.7 725 722.7 720.3 718.3 717.5 721.4 723.8 725 723.8 723.6 724.8 725.6 726.8 727.8 728.1 729.8 732.5 735.7 736.5 735.1 737.3 738.2 741.9 741.9 739 732.3 726 717.9 710 701.1 691 683 678.4 674.6 668.3 654.9 662.5 672.7 672.9 676.1 681.6 691.4 703.6 711 718.9 725.7 730.5 733.3 733.7 732.9 730.8 729.8 728.2 726.3 724.5 722.8 720.5 717.9 715.4
842.4 859 876.4 890.5 903.9 912.6 899.9 881.3 855.9 835.2 814.6 796.1 780.7 770.1 765.3 758.2 747.2 735.9 730.9 726.5 723.4 721.1 720.6 722.7 723.4 725.8 726.1 725.1 725.9 728.5 728.8 728 728.8 730.2 733 736.6 736.2 736.2 737.6 737.8 741.3 741.8 740.9 735 726.9 717.4 708.6 700.3 690.7 681.9 677.4 673.8 659.6 658.4 671.8 674.9 676.1 677.2 681 691.1 701.1 708.6 717 724.4 728.8 730.8 730.8 729.9 728.3 726.9 724.4 722.7 721.2 719.1 715.7 712.4 709.6
851.5 867.7 886.2 902.6 922.1 933.8 918.4 893.5 868.3 847.2 825 807.6 792.1 779.5 771.2 759.9 749.6 740.3 734.4 729.5 725.7 722.9 722.2 722 724.7 726.5 728.3 728.7 728.3 728.6 727.9 728.8 729.4 730.9 732.9 735.1 737.3 737.3 738.3 738.8 740.4 741.2 740.1 735.3 725.2 715.3 707.8 699.5 689.7 681.7 676.1 667.3 657.8 668.5 675.3 677 677.7 681 683.7 688.7 699.3 707.3 716.1 723.4 727.1 728.6 728.5 727.4 726 723.5 721.5 719.2 717.4 713.1 709.8 707.3 704.1
859.5 875.2 894.4 912.3 933.7 944 924.6 901.9 879.1 859 837.5 820.2 803.3 788.1 778.2 767.3 756.4 745.9 738.6 732.1 729.3 726.4 724 723.9 724.8 725.9 728.6 729.4 729 727.9 729 730.2 731.5 732.6 734.2 737.2 739 739.6 739.7 740.1 740.5 739.6 738.2 734.7 726 714.9 706.7 697.9 687.9 680.9 674.7 659.2 663.9 674.8 677.3 678.3 680.2 684.7 688.5 694.7 694.7 706.5 715.5 722.5 726.1 726.3 726.4 725.2 723.8 721.2 718.6 715.6 711.3 707.9 705.1 702.9 699.5
867.7 882.2 899.6 919.7 940.9 951.9 932.7 909.9 890.3 871.6 851.5 831.6 816.3 801.7 792.3 778.9 765.4 754.1 746.2 739.5 735.3 729.7 725 724.1 723.7 724.8 728.1 728.5 728.6 728.3 730.4 730.8 731.5 733 735.7 739 741.7 742.9 742.9 743 741.6 740.6 737.6 733.9 726.1 712.9 703.4 694.1 685.3 679.2 671.3 660 674.6 678.2 679.4 681.6 685.3 690.1 695.6 701.4 707.3 711 714.8 721 723.4 724.4 724.4 723.4 721.5 718.1 715.1 711.7 708.4 705.4 702.9 699.6 695.3
879.2 890.5 906.3 926.1 946.3 967.2 947 925.3 905.1 885.3 865.2 847.6 834.6 821.6 807.7 793.6 778.3 766.1 756.1 749.5 742 733.2 725.3 725 724.2 724.9 725.7 726.9 728.5 730.4 731.6 731.4 732.7 734.1 736.9 740.5 744.2 745.7 747 747 745.4 741.8 737.1 732.7 723.4 711.2 701.1 690.4 682.8 675.8 660.6 672.2 679 681.4 683.8 686 692.5 696.9 701.8 707.7 712.9 716.5 719.3 721.4 722.9 723.4 723 721.6 718.2 716.1 712.2 708 705.7 703.3 700.7 697 692.1
890.4 901.2 918.5 937.1 958.5 977.5 963.4 942 919.9 899.4 882.9 866.4 853.1 839 824.2 808.4 793 779.7 766.6 758.7 749.1 738.8 727 725.8 725.3 725.3 725.2 726.9 729.6 731.1 732.1 732.9 733.9 735.6 738.5 742.9 746.2 747.9 749.9 750.6 747.8 742.8 738.9 730.7 721.1 708.3 698.9 685.9 680.3 660.2 670.9 680.3 684.2 690 691.3 695 702.3 707 711.1 715 718.9 721.8 723.8 724 724.3 723 722.2 720 717.1 713 707.9 705.4 704.2 701.9 698.5 694.9 689.3
902.9 913.9 929.9 951.2 974.2 994.1 978.1 957.4 935.1 917.2 900.9 883.1 870.3 856.3 841.3 826.8 808.9 791.4 776.9 766.4 755.3 743.2 730 727.2 726.8 726.2 726.1 727.8 730.7 731.8 733.1 735.2 736.5 738.3 740.4 743.9 746.8 749.8 752.9 752.2 747.9 742.3 736.5 727 718.7 706.7 694.3 683 670.3 673.4 681 686 693.2 703.5 705.5 707.4 711.1 717.1 719.2 722.8 725.8 727.7 727.6 726.3 725.6 723.6 721.6 718.7 714.6 708.7 705.8 703.1 702.9 699.9 696.7 692 685.6
917.4 928.2 941.9 964.5 987 1004.4 993.1 972.8 952 935.1 918.6 900.3 884.8 870.7 857.9 843.2 824.4 804.5 787.2 773.4 760.5 747 733.9 729 728.3 727.5 729.6 731.8 732.5 733.1 734.7 737.2 738.8 740.5 742.6 745 747.6 750.6 753 751.8 747.4 740.8 733.7 725.1 715.5 702.9 688.4 680.8 665.7 680.2 686.1 693.5 703.9 714.5 718.1 720.5 724 726.3 728.3 730.3 732.7 732.5 731.5 729.1 726.2 724.1 722.1 718.7 712.2 708 705.9 703.6 701.9 699 693.6 688.8 681.5
929.6 940.6 956 978.9 1000.6 1023 1008.1 989.2 970.3 952.6 932.4 913.3 895.3 882.4 870.3 855.5 836.2 814.3 795.5 780.4 764 749.2 737.2 731.8 731.8 732.9 735 737.6 736.7 735.5 737.6 739.9 741.6 743.3 745 745.6 748 750.6 751.6 750.4 745.8 738.9 731.3 721.3 711.3 695.5 685.1 672.8 676.4 686.3 695.4 706.1 713.7 723.4 728.1 731.3 732.7 735.6 738.2 739.4 739 738.1 736 733.8 729.3 724.8 722.1 718.5 712.4 708.1 705 702.6 701.3 697.1 692.3 681.2 672
941.3 953.9 971.4 994.2 1015.1 1032.3 1021.6 1004.1 986.2 967.9 946.9 925.2 908.1 894.9 879.1 860.5 842.5 821.4 800.6 783.7 765.1 750.6 740.3 735.5 737.5 739.7 740.9 742.7 740.8 739.2 740.1 742.8 744.7 746.4 747.1 747.5 747.5 750 750.6 747.9 742.5 736.7 727.8 717.3 705.1 689.8 682.4 664.5 680.7 694.8 707.8 718.6 722.4 730.1 735.8 739.3 741.5 745.1 748.1 748.9 747.7 743.4 740.5 737.2 731.6 727.1 723.8 719.3 712.3 708.3 705.8 704.2 701.1 699.1 692.6 677.6 668.3
954.5 967.3 983.3 1007.7 1031 1047.7 1033.8 1017.1 1000.3 981.3 960.1 938.5 922.2 906.5 886.8 865.3 845 824.8 803.1 784.7 766.1 754 744.8 739.7 742.7 746.3 747.2 748.5 745.9 743.7 743.2 745.7 747.7 748.3 748.8 748.8 748.1 748.2 747.8 743.9 738.7 731.3 722.7 711.1 695.8 686.8 676.3 674.4 687.4 705.1 724.3 733.2 731.3 736.9 742.9 746.7 751.7 755.3 758.7 760.2 757.1 752 745.7 741.2 734.8 729.2 725.3 721.2 713.8 709.3 706.8 704.5 702.5 701.7 692.6 682.3 673.9
965.2 976.8 992.9 1017.3 1039.7 1054.6 1042.9 1030.9 1013.7 994.3 972.2 951.7 934.4 916 894.5 870.6 849.4 828 809.5 790.5 771.8 759.2 751.2 746.5 749.8 752.3 753.9 754.5 751.7 748.9 747.5 749.2 750.1 749.8 749.8 749.7 748.7 746 744.4 740.3 733.9 726.2 716 701.6 689.8 683.4 671.1 680.2 693.5 714.1 733.6 739.7 737.5 741.2 748.8 755.2 762 766.7 774.3 773 766.2 760 751.9 745.5 738.1 732.1 726.4 721.9 716.4 711.4 708.4 705.6 703.6 701.3 690.7 681.8 673.7
