WholeMapElevations/data/nd/nd01_OST50GRID_20230518/ND01.asc
ncols 200
nrows 200
xllcorner 300000
yllcorner 910000
cellsize 50
[rows 37 to 73 of 200, columns 0 to 83 of 200]
18.8 24.6 26.5 26.8 29.6 38.4 53.7 69.5 84.3 100 116 132.1 145.2 151.8 153.3 150.7 149.6 142 123.2 103.7 89.6 79.6 68.6 57.6 46.3 36.4 45.8 49.8 57.5 63.2 69.7 75.7 80.9 88 100 113.6 126.6 134.8 148.7 162 168.8 177.5 189.2 201.4 207.1 211.2 222.8 228.7 234.6 239.8 241.7 245.3 255.5 257.6 261.1 266.4 274.8 278 278.8 280.2 294.5 308.4 326 339.8 351.4 360.4 367.5 371.7 371.8 364.7 361.7 361 358.2 353.2 360.5 366.4 370.2 374.4 379.3 383.1 387.3 389.3 390.3 391.4
18.9 17.9 22.1 25.8 25.8 26.8 31.8 45.6 60.5 75.2 89.3 105.2 119.2 130.9 138.3 139.1 139 140.3 136.8 115.7 94.7 79.1 66 56.9 47.2 37.8 35 45.3 50 55.9 59.9 66.7 73.9 78.1 85.6 97.3 111.1 122.1 131.6 147.6 159.3 170.2 182.7 191.9 198.6 209.9 219.4 228.4 234.7 240.2 243.6 243.3 248 254 257.6 261.4 267.2 271.6 267.1 276.2 291.2 310 323.8 334.9 345.2 356.4 365.3 371.7 373.8 366.8 362.7 358 354.3 354.4 351 358.7 365.2 368.5 372.9 375.6 378.8 379.7 382.5 384
19.1 18.2 18 19.6 24.3 22.9 25.2 27.5 38 52.1 65 76.6 90.8 104.7 114 121.8 123.2 121.7 122.7 119.1 100.9 80.8 66.5 59.9 46.9 47.2 34.7 31 43.6 48.8 53.9 56.9 63.1 70.2 75.2 82.2 94.5 108.5 118.9 134.7 146.3 158.3 166.8 175.4 188.2 203.3 215 225.1 236.3 241.1 243.1 240.5 236.1 243.4 248.7 252.4 259.6 262.9 254 268.2 287.4 307.7 320.8 335.1 346.2 354.7 361.6 365.8 367.2 366.5 366.6 362.8 357.1 352.6 347.7 342.5 351.2 355.3 357.9 363.6 370.7 375.5 375.2 376.1
19.2 16 18.8 18.1 17.5 19.2 22.4 20.3 24.7 31.4 44.4 56.7 64.5 75.8 87.9 99.2 102.6 106.1 105.5 103 99.1 87.1 72.3 59.5 48.2 43.8 41.9 32.4 36 42.9 46.7 50.3 53.2 59.8 65.6 71.3 79.8 91.9 106.3 119 133.9 143.1 151.7 164.4 178.4 193.8 204.7 218.1 231.4 239.9 240.9 238.6 233.8 234.1 239 242.8 245.9 248.3 247.1 260.1 283 302.7 319.1 332.4 343.5 353.6 359.7 363.1 363.1 361.9 357.6 351.6 343.1 332.8 329.6 327.7 328.5 343.2 354.3 361.7 367.2 368.7 366.5 361.8
24.3 23.1 17.7 16.3 17.6 17.1 18 17.8 23.2 24.3 26.6 38.5 44.8 54.4 62.9 74 84.5 89.8 90.2 88.8 86.5 84.7 72.7 62.6 54.3 46.3 40.6 32.5 25.8 35.4 38.5 43.8 46.7 50.9 56 62.6 68.4 78.1 91.2 104.8 117.6 129.4 140.3 151.4 164.8 182.7 198.3 208.7 216.3 227.4 230.6 227.4 228.5 227.1 233.1 233.9 234 230.6 239.3 254.2 276.8 298 314.7 326.6 337.8 346.2 351 354.6 354.7 349 340.9 336.7 332.3 332.2 324.5 322.9 327.2 334.6 347.4 352.7 353.4 352.1 338.5 337.2
35.6 28.6 22.7 20.8 20 15.7 17 18 17.4 19.7 24.6 25.6 34.4 41.7 47.1 51.7 59.6 66 72.7 75.4 73.1 69.8 71.2 62.9 55.1 48.7 41.1 38.3 36.6 28.7 30.7 36.3 39.6 43 48.1 53.8 58.7 65.4 76 90.1 99.5 114.5 126.8 138.3 150.1 166.8 185.8 195.4 205.6 215.3 218.3 214 217.7 215.8 213.9 213 215.1 221.3 235.2 251.2 272.8 291.4 307 319.4 327.4 334.3 342.5 345.8 345.4 343.2 339.9 335.1 329.8 326.1 325.6 315.7 314.6 318 329 328.2 324.8 321.9 317.2 313
50.5 46.3 36.3 27.6 22.3 19.7 15.7 17.3 17.6 17.1 18.6 23.6 24.6 31.5 37 42.5 43.1 46.3 53.1 59.1 59.9 57 57.6 57 48.9 43.2 39.2 38 34.9 25 22.3 25.4 33 34.6 38.3 41.7 46.9 55.6 64 73 86.2 98.8 114.6 125.4 138.4 150.2 165 180.3 191.3 195.5 198.4 197.1 198.6 201.4 201.7 202.1 207.9 217.6 234 250.5 272.1 288.7 304 315 323.5 331.8 336.2 341.3 344.4 346.3 342.4 340.1 337.9 330.9 324.5 314.9 298.3 300.1 305.7 309.1 307.6 302.9 297.1 289
65 60 52.2 43.6 35.2 26.3 21.8 14.9 16.9 17 16.5 18.3 19.5 24.2 25.1 31.3 35.9 37.7 36.7 37 43 46.7 46.6 43.4 40.1 38.9 36.7 34.6 34.3 22.1 18.9 22.2 24.8 32.5 32 35 34.8 39.8 52.7 59.7 73.1 87.9 98.7 112.8 124.1 137 148.3 159.7 170.1 175.2 177.5 181.6 182.5 187 190.7 192.1 207.7 222.5 236.1 254 270.4 284.6 298.8 312.1 322.7 332.1 336.9 341.4 346.7 347.9 347 341.8 332 326.6 320 308.2 295.7 293.9 295.7 297 298.1 291 286.9 278.8
79.5 72.4 64.2 57 48.2 41.1 32.9 23.7 14.6 15.5 17.8 16 18.2 17.9 18.2 23.8 26.6 29.7 34.5 34.2 33.6 34 35.2 36.1 35.9 34.6 34.9 32.9 33.6 19.1 19 19.3 20.7 28.7 28.9 31.4 30.6 30.9 37.4 44.4 60.3 73.6 87.8 101.2 115.1 124.3 135.4 145.5 153.8 165.5 165.3 167.8 171.1 171.7 179.7 194.6 215.3 227.5 243.7 255.5 268.5 280.3 297.4 310.8 322.3 331 336.2 340 344.2 344.5 342.6 336.1 322.9 308.8 301.1 297.1 287.7 283.5 286.1 282.9 280.1 276.3 267.9 261.6
98.2 88.5 78.9 70.8 62 53.2 44.1 38.2 26.6 20 14.4 16.9 16.7 17.7 17.6 17.2 18.2 19.6 25.3 31 29.4 31.4 32.6 33.9 33.6 33.5 31.3 33.5 28.9 17.6 18 17.5 19.3 23 22.3 22.9 24.2 25.6 27.8 32.9 45.2 60.9 75.5 87.1 103.2 114.6 123.3 132.7 141.3 151 157.4 160.9 159.4 168.6 181.1 193 216.4 228.1 244.2 252.4 262.8 277.7 290.7 303.4 316.3 325.7 330.2 330.5 333.6 334.4 329.7 322.2 310.2 296 290.6 284.9 273.5 267.1 269.7 269.1 263.9 258.3 247.5 241.1
119.3 109 98.5 86.7 78.1 67.9 57 49.7 42.7 34.6 24.7 13.8 17 15.9 17.6 17.7 17.7 17.3 16.4 18.2 20.5 23 25.3 29.3 29.6 30.3 24.4 23.9 17 16.9 17.3 16 17.5 16.8 15.7 15.6 17.9 18.2 21.8 23.2 32.6 46.3 61.2 76 87.3 100.3 108.5 115.3 127.2 133.3 141.5 151.1 160.1 168.1 178.8 204.1 217.6 232 238.6 247.6 264 272.2 277.6 284.4 304 313.7 318.5 318.4 311.5 310 306.8 292.5 286.9 277.8 273.4 265.6 255.8 244.8 245.1 240.8 241.4 236.2 226.9 226.5
138.7 131.2 119.3 107.1 95.6 83.6 75.6 67.1 56.9 46.3 38.9 29.5 20.2 13.3 13.1 17.9 17.5 17.3 16.7 16.8 16.3 18.5 18.8 18.4 18.8 18.5 19 17.1 16.3 15.3 14.5 15 15.1 13.9 14.4 13.5 14.1 14.2 14.4 12.8 17.6 31.8 49.9 65.6 75.2 78 88.9 96 100.8 112.7 131.5 148.5 162.8 173.6 178.8 200.1 211.8 226.1 235.6 242 252.4 271 262.3 270.6 271.8 286.4 293.5 291.9 288.4 287.1 281.6 278.7 268.3 267.1 256 248.6 235.3 221.3 214.5 219.5 217.3 214 213.1 213.2
161.2 153.1 142.2 131.9 119 104.7 93.1 84.4 75.8 66 57.9 48.9 39.1 29.1 23.2 13.2 13.2 15.8 17 16.7 16.7 16.3 16.8 17.1 16.8 16 14.7 12.1 12.3 12.3 12.2 11.6 12.1 13.3 13.2 11.9 11.3 11.9 11.7 12.5 12.7 18.9 35 47.3 61.6 73.6 85.3 100.9 116.6 130.5 146.5 162.7 173.9 179.9 187 192.6 198.8 207.9 219.8 229.3 241 248.3 249.6 246.6 250.7 255.9 265.1 265.2 260.5 257.2 263.1 258.3 248.8 235.8 225.6 220.4 207.1 195.7 196.5 199.1 202.2 200.1 201.3 203.8
186.1 182.2 171 156 143.3 131.6 118.6 103.7 93.7 85 77.1 67.6 61.3 49.6 40.4 31.5 25.3 24.5 13.2 13.1 14.2 13.5 13.6 13.3 12.4 12.5 14.9 21.4 20.6 21.3 23 22.5 20.5 14.1 14 13.7 13.6 11 11.5 10.8 9.8 16.6 24.6 42.7 63.7 85.2 104.9 122.8 135.8 149.9 162.5 171.6 176.4 182.4 193.5 195.8 191.7 198.1 206.6 220.6 231.6 238.1 238.1 227.7 226.8 230.7 230.2 236.2 233.2 235 232.4 225.4 216.4 203.7 198.3 201.3 189.8 182.4 180.3 182.3 185 186.9 191 195.1
207.7 204.9 198.1 185.6 171.6 159.5 145 130.3 117.7 104.5 95.9 87.6 79.6 71.1 60.6 54.8 46.1 40.1 33.9 27.9 26.8 25.7 25.4 25.4 24.8 26.4 27.6 30.8 35.1 40.3 45 40.6 34.5 26.2 20.9 13 13.3 12.6 12 11.9 11.5 9.3 17.8 29 51.3 76.2 99.6 125.9 148.8 162.4 168.6 174.6 178.4 186.3 196.7 200.6 196.4 191.6 190.1 196.9 209.2 225.3 222.2 213.6 213 212.7 216 212.4 210.7 205.3 203.9 198.1 189.8 181.7 178.9 176.7 174.5 172.5 173.5 174.3 180 184.4 187.5 192.7
224 224 220.5 210.6 198.7 188.1 174.7 160.6 145.5 130.1 117.8 107 98.4 89.2 81.5 75.5 69.2 64.2 58.9 54.1 48.9 41.8 40.3 38.7 39 39.3 34.6 43.7 53.3 60.5 60.9 55.6 41.8 34 29.2 23.5 12.8 12.5 12 11.6 11.5 10.8 9.5 18.6 41.9 65.4 90 116.2 141.3 160 169.3 174 176.7 182.3 195.8 200.7 198.7 195 188.2 186 183.3 188 193.6 187.5 184 187.9 195.9 201.5 202.4 201.1 193.9 192.8 181.9 170.3 164.7 162.9 162.3 160.9 163.8 172.1 174.8 175.7 180.1 185.7
236.3 241.7 239 234.1 226.2 215.1 203.9 187.8 173.4 158.7 143.8 132.3 120.7 110.3 100.8 93.4 86.7 81.2 74.9 71.6 65.6 61.3 57.7 55.1 53.6 50.4 47 56.9 69.1 76 78.9 70.8 51 37.7 32.6 29.7 22.4 14.3 12.8 11.4 11.2 9.6 9.3 13.3 34.4 52.4 80.7 105.7 130.3 151.3 166.3 172.2 173.8 180.5 188.2 194.6 197.4 194.4 188.3 189.3 189.9 184.3 176.2 175.6 172.9 174.2 179.6 180.4 184.1 182.9 175.2 168 163.1 157.2 154.8 154.7 154.2 153.7 166.3 175.1 171.4 169.2 174.5 176.3
248.2 253.5 254.3 249.1 244.5 236.1 223.6 211.5 195.8 181.5 167.6 157.6 146.6 133.2 121.3 112.5 106.9 97.7 92.9 88 81.4 77.8 72.4 67.7 63.8 61.4 55.5 67 79 90.4 94.7 82.6 59.8 45.4 34.1 31 26 21.5 19.8 12.9 10.9 8.7 8.4 10.7 26.5 47.7 71.4 98.5 122.3 146.7 160.5 166.4 167.9 178.8 186.7 191.9 199.9 202.1 195.5 185.3 182.9 185.6 174.8 170.2 170.2 170 168.2 166.4 165.7 163 159.7 154.4 149.3 147.9 144.9 149.6 153.2 149.6 160.8 170.9 164.8 159.4 158.6 161.2
259.7 267.9 269.3 265.3 258 246.5 235.5 225.1 211.7 196.2 185 174.9 164.2 157.3 145.5 132 123.5 116.6 110 103.4 97.3 91.2 85.1 78.7 76 73.8 63.4 76.5 86.1 98.6 99.8 87.6 69.2 52.6 37 31.3 28.8 21.7 21.2 20.4 10.7 8.1 8.6 10.4 24.5 41.6 62.9 90.3 115.7 137.9 154.6 159.6 163.6 172.3 182 189.1 193.3 197.2 195.2 189.5 179.5 176.2 174.2 166.8 171.9 171.3 171.4 165.8 155.6 153 148.1 143.2 140.7 137.5 136.5 137.6 140.6 141.9 139.1 144.2 146.6 148.4 147.5 148.9
269.3 277.6 281.7 279.4 271.9 257.7 242.6 232.9 220.2 206.6 194.6 186.7 178.6 170.1 162.1 150.1 138.4 131.8 121.1 114.5 108.1 102.4 94.7 92.1 88.4 81.4 69.1 85.6 94.6 104.2 101.3 93.6 79.9 65.7 44.7 32.9 30.6 23.3 21 20.5 11.1 8.9 8.4 9.9 18.8 39.2 60.3 85 109 127.8 142.9 152.1 155.2 161.7 169.8 177.2 181.2 182.6 183.1 184 181.5 179.8 174.6 167.5 163.4 167.3 171 169 162.3 151.9 142.7 138.7 131.2 129.4 125.2 123.6 125.7 126.9 129.8 129.6 134.3 137.8 138.8 137.6
275.9 285.3 290.1 289.1 282.7 272.4 259.8 244.3 233.7 214.7 202.2 191.1 184.3 176.2 170.2 163 153.2 141.8 130.4 123.6 116.8 110 102 98.9 95.2 86 76.6 93.9 104.9 113.8 112.2 95.8 83.1 69.7 53.3 37.8 30.6 26.8 21.1 15.3 11.2 11.1 8.5 9.4 19.5 40.5 59.6 82.4 103.8 121.6 136.1 144.8 152.8 155.5 160.2 166.7 182.2 189 187.2 188.8 189.1 185.5 181.8 180.3 169.2 163.9 162.6 164.8 160.2 151.3 144.6 137 131.6 126.4 120.1 115.9 115 112.2 113.1 113.7 114.8 118.1 116.6 121.7
283.5 291.3 295.3 294.5 289.7 280.2 270.2 260 248.6 232.8 218.7 206.1 199.3 191.1 178.8 169.1 160.5 150.2 137.5 130.8 120.6 114.3 108.8 103.9 99.2 82.9 98.2 105.7 115.9 128.3 128.1 110 85.2 70.6 55.5 39.9 31.2 26.6 20.2 10.8 10.5 10.7 10.3 6.7 16.1 41.8 61.7 82.5 105.8 118.9 131.5 141.9 146.9 150.5 156 165.7 184 191.1 194.1 191.4 192.6 191 184.8 178.1 173.4 163.4 152.4 154.4 151.6 147.5 141.3 136.3 128.6 122.6 118.7 112.3 109.9 107.8 107 107.4 109.4 109.6 111.6 112.1
289.3 295.2 298.8 299 293.8 285.1 274.2 262.6 254.2 243.3 233 219.4 209.9 200 192.4 177.8 167.5 154.2 144.2 136.1 125.5 118.9 113 108.4 101.3 94.4 105.8 116 133.7 141.9 137.6 123.5 92.4 71.5 57.6 42.1 31.1 24.1 15.7 10.2 10.3 10.7 10 8.7 13.4 43.6 62.8 81.8 102.8 118.4 127.3 138.1 143.3 147.6 155.7 164.4 175.8 186.2 192 193.3 191.8 192.4 190 177.9 170.4 162.5 154.3 142.4 147 142.2 137.3 133.5 128.1 122.5 115.9 109.9 103.9 103.5 101.5 101.3 102.4 105.1 105.2 107.6
294.6 297.8 301.6 301 297.4 289.5 281 270.3 259.6 251.3 239.7 227.2 213.8 202.1 191.2 180.5 170.6 155.2 146.3 136.9 129.6 122.7 117.4 112.1 97 104.3 112.1 127.9 143.7 145.4 134.7 118 98.5 72.3 55.1 37.5 28 25.3 11.8 10.4 10.1 10.6 9.8 8 19.2 43.3 62.7 80.4 100 115.6 127 134.5 141.5 146.7 154 165.3 171.8 180.2 186.1 190 190 184.4 183.9 176.8 167.9 160.6 154.8 144.8 139.1 138.9 135.7 133.2 128.9 122.9 116.3 110.1 103.6 96 96.8 96.8 97.5 100.3 102.8 102.5
299.5 300.3 302.7 301.9 297.3 292.4 282.7 270.8 263.4 254.9 243.9 231.7 218.7 205 192.9 179.6 168.7 157.4 147.4 138 131.4 126.1 120.1 114.1 103.5 113.5 122.2 139.2 152.9 154.7 135.8 117.9 99.4 73.7 49 33.2 27.7 20.4 10.5 10 10.1 10.4 9.8 8.5 18.7 43.1 63.3 84.2 100.9 116.6 126.8 135.3 140.9 147.3 159.1 168.6 172.6 176.8 183.7 187.9 185.6 182.3 175.2 173.4 166.6 160 151.3 145 132 120.2 128.4 129.3 126 122.3 117.2 109.4 102.3 97.5 91.5 94.3 93.4 96.5 98.1 97
303.6 304.4 306 303.7 298.2 289.9 281 270.9 261.8 248.9 242.2 226.3 214.3 202.6 188.9 176.5 165.7 156.1 146.9 138.2 131.1 126.5 122.3 114.7 119.3 122.9 133.4 151.4 164.8 166.6 148.4 119.4 96.1 73.7 46.6 30.3 28.1 21 8.8 9.4 9.6 9.8 9.9 6.4 19.1 45.5 68.3 90.2 107.8 123.2 133.2 137.4 145.2 155 165 176.4 180.7 178.9 184.3 188.2 192.2 192 186.5 178.6 168.6 157.1 147.4 138.4 131.4 124.4 112.6 119.3 121 117.2 113.2 107.9 101.3 95.9 93.1 81.8 91.9 90.3 89.7 91.7
307.5 307.3 308.2 306.5 299.6 291.5 279.1 272.9 263.6 249.6 239.6 221.4 205.5 192.3 183.2 173.7 161.8 152.2 145.2 137.5 131.2 128 124.3 126.1 127.7 133.5 148.8 168.4 176.3 172.9 158.2 122.1 96.9 74.4 55.7 29.7 25.6 9.1 9 8.9 9.1 9.3 9.5 6.7 17.5 44.8 67.4 91.7 109.2 123.7 133.9 139.3 145.5 160.6 174.4 182.8 185.6 188.9 189.6 189.8 191 193 190 176.9 162.9 151.5 146 140.4 132.6 124.2 115.9 100.1 112.6 111.4 108.2 103.7 98.6 94.1 90.5 86 87 82.8 85 86.9
313.1 313.1 312.7 310.4 305.6 297.7 285.3 271.1 258.2 244.8 228.9 213.3 199.2 187.3 177.6 168.9 160.8 150.6 143.8 137.5 132.8 130.5 131.5 134.6 137.8 147.6 163.2 181.6 184.9 174.9 154.8 128.3 98.4 74.5 54.6 30.5 19.3 9 9.1 9.1 9.1 9.1 9 6.4 17.2 40.6 64.1 89.6 105.6 120.8 131.2 138.4 151.1 168.4 183.4 194.6 192.6 196.7 197.3 198 194.2 188 180.6 171.3 160 146.1 137.7 133.1 129.5 122.2 114.9 105.9 93.4 102 101.4 97.9 95 91.1 88 83.4 75.4 80.5 80.8 79.2
318.2 318.2 318.2 315 310.7 302.4 290.6 278.7 262.9 249 226.6 211.5 198.3 185.3 177 167.9 159.2 150.6 143.5 138.3 133.1 136.2 139.3 145.2 148.5 161.7 177.1 192.6 195.8 183.7 168.7 136.7 102.4 75.6 53.5 36 17.4 8.7 8.5 8.6 8.6 8.6 8.6 6 16.2 35.1 61.6 85.7 101.5 118 125.6 134.4 153.6 171.7 187.1 195.4 196.2 199.7 200 197.8 195.1 190.1 183.5 171.1 157.8 141.2 136.3 135 133.7 127 116.2 105.7 99.4 95.5 93.1 91.7 90 87.5 85.6 82.3 74 72.2 72.6 73.8
321.2 320.6 321.3 317 312.7 306.2 295.5 281.6 270.8 257.5 230.4 209.7 195.6 182.7 172.7 164.6 157.4 151.1 145.6 138.8 140.2 141.9 146.2 153.7 162.5 173.1 190.5 203.8 205.5 196 181 143.1 104.9 78.7 54.4 33.2 17.6 7.8 8.1 8 8.1 8.3 8.6 9.2 16.5 31.4 55.3 81 96.1 109.3 122 137.1 155.3 170 185.4 193.9 196.3 199.8 200.6 198.8 193.4 186.7 177.1 166.6 152.2 140.3 135 136.4 136.6 128 118.6 107.5 99.2 93 86.8 82.4 84.1 82.7 77.3 79.1 75.5 73 64.8 67.1
323.6 318.9 319.3 314.6 311.9 309.6 300.9 288.6 276.7 264.7 235.5 211.9 195.6 183.1 174 166.7 159.8 154.1 148.8 145 145.6 148.4 154.3 162 172.1 183 200.5 213.1 220.2 207.1 185.5 145.8 109.7 79.2 53 31.2 13 7.6 7.8 7.7 7.7 8.3 5.7 16.2 17.2 27.5 49.7 73.8 93.2 105.4 120.8 139.1 156.5 168.1 185.8 189.3 192.7 196.2 199.5 198.7 193.4 182.4 171.8 159.4 145.7 137.3 135.3 135.7 134.2 127.3 117.4 105.8 96.7 91 85.8 82.7 73.3 77.4 71.5 73.9 71.4 69.5 67.9 58.9
319.7 315.3 308.3 308.9 311.3 308.2 300.4 288.7 275.7 264.4 241.6 218.7 198.5 184.5 174.4 168.6 162.4 157.7 153.8 152 151.7 154.7 161.6 169.7 180.5 192.9 211.6 226.7 230.2 220.1 189 147.3 114.8 79.5 55.7 31 9.4 7.7 8.1 8.2 8.2 8.5 5.6 16.6 17.3 25.8 43.2 68.2 89.2 101.2 117.5 136.3 153.9 165.1 180.9 185.7 186.8 193.3 197.3 198.6 190.8 181.1 169.5 155.9 145 139 136.9 135.4 134 125.2 113.7 105.4 97.1 89 84.2 80.7 76.1 68.1 68 68.3 66 64.6 64.3 63.1
315.4 308.9 303.4 298.6 296.6 294.3 293.1 284.7 271.3 261.1 241.8 224.2 202.5 186.8 179.4 170.3 165.5 162.7 160.7 158.8 158 161.8 169.3 178.2 189.5 205.2 222.5 236.3 240.1 227.2 187.5 145.5 110 81.6 55.6 31.7 8 7.6 7.8 8.1 7.5 7.4 7.8 16.6 17.1 27.2 35.1 59.9 84.5 97.7 115.9 136.5 152.8 164.1 177.6 180.8 183.1 188.5 191.7 198.7 190 178.2 171.2 156.3 144.5 142 139.6 138.9 136.8 127.5 116.8 107.5 99.8 91.3 84.1 77.2 72.3 61.1 63.9 63 60.5 58.7 58.3 59.2
310.1 304.7 297.7 295.8 293.4 286 279.5 270.7 262.5 253.1 240.9 228.2 208.4 193.3 182 174.9 170.5 168.8 166.1 165.4 165.4 169 178.1 188.2 200.6 217.8 233.6 245 240.3 220.8 187.5 147.4 114.7 85.2 58.6 32.6 12.1 7 7.3 7.6 7.3 5.4 8.1 16.6 16.9 23.7 28.7 54.7 77.9 91.3 114.8 138.9 155 164 176.8 178.1 180 185.6 187.8 187.8 186.9 179.6 176.7 165.8 149.1 147.4 144.9 144.1 141.7 134.8 122.6 112.9 104.9 96.1 88.2 80.5 73.6 66.6 60.3 58.6 55.7 53.6 52.5 53.3
307 299.2 290.4 286.2 287.3 281 276.6 267.5 253.6 245 237.2 227.3 214.8 198.9 186.6 180.2 176.6 174.9 173.1 173.3 174.4 179.6 187.3 197.6 208.9 226 239.2 247.5 241.4 228.3 195.3 152.4 118.3 89.3 62.8 37.5 18.8 6.6 6.9 7.1 7.4 5.4 10.3 16.6 17.8 22.6 28.6 47.8 70.6 88.2 112.1 137.2 155.8 163.5 172.4 178 176.5 181.1 183.6 183.8 180.2 174.7 171 164.9 154.7 156.3 150.4 148.3 145.5 140.5 132.7 122.8 113.5 102.4 93.7 85 77.4 69.1 57.2 46 45.9 49.2 48.1 48.1
299.8 294.1 288.3 285.6 281.7 276 270.2 262.4 250.6 241.7 233.3 226.1 218.7 205.7 195.5 187.6 184 182.3 180.5 181.5 185.6 190.8 197.1 205.6 218.1 233.5 245.9 248.7 249.4 240.1 202.9 154.1 121.7 96.1 70.4 41.8 26.2 7.3 6.9 7.2 7.3 7.1 15.9 16.2 16.6 23.5 27.9 40.9 60.9 77.3 106.8 131.3 148.9 161.8 169.1 177.1 174.3 177 183.9 181.3 177.5 174.8 171.7 164.2 156.8 152.3 150.1 150.1 146.5 144.3 139.2 132.8 121.2 109.8 99.2 89.3 78.7 69.3 54.6 53.6 43.7 39.2 43.9 43.3
295.4 289.4 284 283.6 282.3 275.2 270.2 259.8 252.2 242.7 234.4 226.1 220.4 212.8 205 197 193.3 192.3 192.3 193 193.7 198 204.2 213.4 224.9 239.6 253.4 256.5 246.5 239.1 199.3 160.9 128.4 102.6 77.7 50.3 29.7 10.2 6.8 7.2 6 6.4 15.9 16.4 16.6 23 28.1 30.5 51.6 71.6 94.1 127.3 136.3 150.7 160.2 169.2 171.2 173.5 180.1 181.7 181.3 177.1 177.8 171.9 163.6 160 154.1 148.3 147.5 145.1 142.2 137.1 127.6 116.1 103.4 90.9 78.4 67.4 52.6 51.2 46.1 34.3 40.2 39.5
