UK/data/so/so20_OST50GRID_20230518/SO20.asc
ncols 200
nrows 200
xllcorner 320000
yllcorner 200000
cellsize 50
[rows 70 to 104 of 200, columns 0 to 77 of 200]
288.2 271.8 255.3 236.3 245.8 250.9 255.3 268.4 280 289.7 305.5 317.9 330.2 346.1 359.9 376.8 401 427 449.8 467.4 478.9 485.3 483.1 475.5 466 449.9 425.8 402.3 393.9 387.4 379.9 372.2 364.5 357.3 350.8 342 331 312 307 306.1 312.4 330.9 348.6 365.2 384.1 413.2 433.9 455.8 469.4 479.7 485.8 489 491.5 492.9 494.4 497.3 499.5 502.2 504.3 505.9 508.2 509.8 510.3 509.7 507.9 503.8 499 491.4 474.9 461 460.1 464.3 469.7 469.4 473.4 475.5 476.9 476.8
292.3 280 264.6 247.8 239.6 249.4 253.4 263.4 274.9 285.2 299.1 310.3 322.2 337.9 353.7 366.4 387.8 418.2 440.4 461.4 474.1 482.9 480.1 468.8 459.6 443.9 410.1 393.6 386.8 379.6 372 364.3 355.9 348.5 338.1 331.1 317.6 305 302.7 303.5 319 336.2 354.9 376 403.1 425.2 448 465.9 480.1 487.3 492.2 495.4 498.3 500.7 503.9 505.8 507 507.6 509 509.7 511.1 511.7 512.2 511.8 509.9 506.1 501.2 496 488.4 474.4 459.4 457 459.9 463.2 467 468.5 469.8 469.9
290.8 277.1 260.6 243.9 238.3 245 251.4 259.4 269.1 279 290.1 303.9 315.3 331.3 349 361.9 377.8 408.3 431.1 456.5 468.1 480.1 477.4 464.3 452.7 432.4 399.6 388.3 380.4 372 364.5 357 348.5 338.8 327.9 315.6 305.2 298.2 297.8 306.4 323.7 342.8 360.1 386 411.7 436 456.8 474.7 484.5 490.5 495 498.4 501.6 504.9 508 510 512 513 513.2 513.6 513.5 513.8 514.1 513.4 511.6 508.3 503.4 497.9 491.8 483.1 469.9 463.3 453.9 456.1 457.9 460.3 461.4 460.8
280.5 270.4 254.7 235.9 237.1 243.1 251.2 255.9 263.2 272.1 283.2 297.4 308.5 322.4 341.5 357.2 370.9 398.9 422.5 450.1 463.9 476.3 475.6 463.4 449.3 425.6 398.8 383.7 374.8 365.8 357.5 349.5 340.5 331.3 319.7 306 293.1 290.2 298.2 311.6 330 349.8 369.9 396.2 418.4 442.7 462.6 478.9 486.2 491.6 496.1 500.6 504.3 507.7 511.1 513.5 515.1 516.7 517 516.5 516.2 516.3 516.3 514.5 513.5 510 505.4 499.5 493.1 485.7 481.4 476.7 466.8 455.8 451.2 451.7 452.8 452.4
275.2 267.2 251.2 233.4 235.2 241.7 249.5 252.7 259.8 267 278 291.1 302.8 315 334.9 348.3 364.5 390.2 415 440.1 458.6 470.7 474.5 463.5 449 428.9 404.2 383.5 371.7 360.7 351.9 343.8 333.9 324.5 312.9 297.8 289.4 291.6 301.5 318 335.9 354.7 380.1 404.7 425.5 448.9 469.2 479.8 486.7 492.3 497.7 502.5 506.7 510.6 513.9 516.4 518.1 519.8 520.4 519.9 519.2 518.8 518.4 516.9 514.5 512.3 507.5 501.8 495.5 488.9 485 480.3 476.4 469.4 459.9 448.1 446.8 445.5
269 264.7 250.3 235.4 231.3 241 247 251.9 256.6 265 273.6 285.2 297.5 308.7 328 340.7 358.4 379.5 406.7 430.3 453 464.1 466.8 459.1 448.4 433.2 410.1 384.3 368.7 357.6 348.3 338.6 328.8 317.4 305.7 292.1 289.4 298.3 308.7 323.8 340.2 361.1 388.4 409.7 431.4 454.1 471.2 481.2 487.9 493.7 498.8 505.3 508.9 512.4 515.2 517.9 520 521.7 522.8 523.2 522.5 521.8 520.3 519.1 516.8 514.4 509.6 503.9 497.5 491.3 487 483.3 478.5 474 468.3 461.2 448.9 443.9
271.3 262.4 250 235.1 231.5 239.9 243.4 248.3 254.6 262.3 268.8 278.6 291 301.3 320.3 336.5 350.5 369.3 396.3 418.6 446.1 458.5 459.3 454.3 446.8 435.5 415.9 383.8 365.6 354.7 344.2 334.2 322.5 311 299.5 289.4 294.3 302 314.9 329.3 345.9 369.5 393.6 412.3 433.2 456.5 471.3 480.3 488 493.9 501.4 506 509.2 512.6 515.8 518.6 521.3 523.3 524.9 525.8 525.9 525.2 523.3 521.1 518.8 516.4 511.8 506 499.5 493 488.8 484.4 479.3 473.2 467.6 462.7 456.6 446
272 258.9 248.1 237 231.3 233.3 242.9 245.7 253.2 261.5 267.5 272.1 284.5 295.5 310.8 328.7 344 361.1 384.3 408.4 435.2 452 453.8 450.1 443.6 435.2 418.9 382.1 361.8 350.4 335.7 323.2 310.1 304.6 295.8 289.4 296.2 306.3 317.3 330.1 348.4 373 394.3 412 432.2 454 468.2 478.6 485.2 491.4 500.2 505.9 509.3 512.7 515.8 518.3 521.1 524.1 525.7 527.7 528.3 527.8 526.5 524.4 521.7 518.6 514 508.1 501.6 495.5 489.6 483.2 476.2 470 464.2 457.9 448.8 449.2
272.2 256.6 245.9 238.4 230.4 231.4 242 245.7 253 258.3 265.4 269.3 278.7 289.5 302.2 320.2 337.6 354.3 372.4 399.2 423.5 444.9 449.1 445.8 440 432.5 419.3 387 360.1 348.7 331.2 312.1 300.1 296.7 293.4 291.7 296.9 306.4 319.2 330.9 348 371.5 391.6 407.6 426.2 446.3 462.6 473.7 481.6 487.6 497.2 503.8 508.5 512.1 515.2 517.7 521.1 524.1 526.7 529.2 530.2 530.5 529.5 527.7 524.9 521.9 516.6 510.7 504.6 497.8 490.1 482 470.9 461.7 455.3 457.7 461.9 463.6
274.7 257.4 246.1 237.6 230.6 229.8 240.3 246.1 248.9 254.5 261.9 266.2 272.9 283.2 294.7 312.9 331.1 347.5 363.2 388.7 411 436.1 443.7 440.2 435.2 428.1 417.7 394.4 365.7 349.9 329.5 307.4 294.3 289.1 288.3 290.3 297.7 304.3 319 330 345.2 368.7 386.4 398.9 414.2 431.7 447.3 461.1 470.6 482.1 491.5 501 507.4 511.1 514.6 517.7 521.1 524.1 527.6 530.7 531.9 533 532.4 530.5 527.9 525.3 521.4 515.1 508.6 501 489.7 478.1 468.6 461.2 464.4 469.3 472.6 475
278.1 261.1 250.2 235.8 230.5 228.5 238.8 246.4 246.8 252.6 258.1 263 269.1 277.9 289.2 307.9 326.4 341 356.1 378.5 403.6 426.7 438.4 435.6 429.8 422.4 410.7 389.9 364 347.8 327.1 304.5 293.2 288.5 286.8 288.2 296.2 305.4 317.3 328 342.3 362.9 381 390.2 399.6 409.8 422.1 437.3 450.6 467.6 483.1 493.6 504 509.1 514.4 517.8 521.4 525.3 528.7 532.1 533.6 534.8 534.6 533.2 532.1 529.7 526.5 521.4 514.1 506.8 491.9 480.6 470.2 469 473.6 480.2 486.1 489.3
290 267.7 249.4 238.5 231.3 228 236.3 244.1 247.3 249.5 254.8 261.5 267.7 275.6 288.2 304.6 323.5 336.2 350.8 371.5 397.1 419.9 436 432.1 425.1 415.9 402.4 380.9 357.9 342.5 323.3 302.8 291.6 286.1 282.8 285.5 293.4 302.5 313.8 324 335.1 355.1 375.1 384.1 388.5 395 399.7 407.9 424.5 446 463.4 485.8 501.3 509.6 514.6 518.3 522.7 526.7 530 532.9 535.2 536.4 536.6 535.6 534.6 532.7 529.9 527.2 520.7 513 503 491.8 476.9 478.4 483.3 490.5 495 498.9
299.4 276.6 255.8 243.6 232.8 227.7 229.7 241.9 246.5 246.3 252.4 259.7 266 273.2 285.7 300.4 318.2 330.8 345.4 366.7 392.6 417.1 434.8 432.4 423.2 412.9 392.9 373 353.1 338.6 319.6 300.8 291.6 281.7 281.3 283.4 290.4 299.5 310 319.1 330.1 343.8 361.1 366 363.9 367.8 377.7 389.9 404.6 427.2 456.4 484.1 499.5 509.5 515.1 519.5 523.8 528 530.9 533.5 535.8 537.7 538.5 538.1 537.2 535.9 534.1 531.4 527.6 520.9 512 497.7 485.1 490.9 491.3 498.1 501.9 505.2
309 286.1 265.1 248.6 234.4 226 228.9 241.5 245.2 243.9 247.9 257.3 263.1 270.3 281.9 297.2 312.9 325.3 340.2 361.5 389.1 413.5 433.4 434.7 426.3 415.4 397.3 376.7 354.6 337.3 319.9 300.1 291.2 281.6 281 282.9 287 295.9 306.4 315.5 328.4 334 339.4 343.2 345 364.2 382.5 399.3 415.2 437.2 461.9 483.4 499.5 508.5 514.9 519.6 524 528.1 531.6 533.9 536.2 538.5 539.3 540 539.6 539.2 537.9 535.8 532.4 528.2 519.7 502 499.3 501.5 501.8 503.9 506.7 509.1
318.2 297.5 277.9 255.8 239.8 226.9 228 239.7 241.2 242.1 243 255.1 260.7 268 278.9 294.7 308.7 320.9 335.3 356.9 382 407.8 429.7 438.9 433.2 422.5 404.8 383.1 359 339.6 322.8 303.6 289 279.1 277.8 280 285 294 303.1 310.4 324.9 329.3 331.3 339.9 361.1 381.1 399.4 416.1 435.3 454.3 473.8 489.2 501.1 508.7 514.1 518.9 523.3 527.6 531.3 534.1 536.7 538.6 539.6 540.7 542.3 541.9 541.1 539.6 536.7 533 527.7 515.7 513.6 511 508.1 507.7 509.7 511.3
329.5 307 285.9 262.2 244.8 230.5 225 230.2 240.6 241.1 241.3 248.2 259.2 265.2 276.3 292.1 305.7 315.3 329.9 350.2 373.4 398.7 422.9 440.4 440.1 433.2 415.3 389.9 364.6 342 325.4 303.4 288.2 278.5 274.9 274.1 283.2 295.3 298.4 303.1 310.6 317.4 330.7 351.8 375.5 394 410.8 431.7 452.3 469.6 485.3 495.8 502.7 508.5 513.2 517.8 522.2 526.2 529.9 532.8 535.7 538.7 539.9 541.8 543.4 544.1 543.2 542.4 540.4 536.8 533.7 528.8 522.9 518.4 514.7 512.1 512 512.7
342.8 313.2 291.3 269 250.1 237 229.9 225.8 240.1 240.1 240.1 240.9 254.7 262.1 271.5 287.1 303 310.5 324.7 343.8 363.9 386.4 410.2 432.8 442.1 440.7 426.2 399 370.3 346.4 328.4 306.8 288.1 276.3 272.5 272.1 283.3 295.3 296.2 301.4 310 322.3 339.3 363.4 385.1 401.9 424.3 446.2 466.4 481.7 490.8 498.1 503.7 508 512.2 515.8 519.5 523.3 527 530.3 533.6 537.4 540.6 542.9 544.3 545.4 545.2 544.3 543.4 540.4 537.9 534.3 530.1 524.5 519.1 514.9 513.5 513
353.8 322.6 297.5 277.7 258 241.5 230.7 224.8 238.3 238.9 239.1 239.7 247.9 257.2 267.2 283 299.3 306.3 319.5 336.1 355.3 375.5 397.7 420.8 438.6 442 430.9 404.4 374.5 347.7 328.9 309.1 288.9 275.8 271 270 278.6 294.7 295.9 302.7 312.1 325.8 346.3 371.1 390.4 410 434.3 457.4 475.1 485.9 492.7 499.2 503.1 507.1 511.3 515 518.3 521.4 524.1 527.8 531.7 535.7 539.6 542.3 544.4 545.5 546.4 546.1 545.2 544.8 542.1 538.4 534.4 529.8 522.7 517.7 514.1 511.9
362.3 331.2 305 285.6 267.2 247.5 235.4 227.7 226.3 237.7 238.1 238.7 240.6 253.4 262.3 277.8 294.1 301.8 314.6 328.3 344.8 364.4 386 407.5 426.9 437 432.2 405.7 373.3 349 328.1 308.2 288.6 275.5 268.9 267.8 271.6 293.4 295.9 302.4 312.2 325.9 349.8 375.7 392.4 413.3 442.1 464.2 479.3 487.4 493.6 499.3 503 506.6 510.3 513.6 516.8 520 522.7 526.2 529.8 533.9 538.2 541.6 543.8 545.5 546.6 547.2 547.3 547.1 546.2 542.4 537.9 533.2 526.8 519.9 514.7 510.3
375.3 345.5 316.9 293.2 274 254.2 240.3 231.6 224.4 227.8 236.6 237.3 237.8 247.4 257 272 286.6 297.4 306.9 320.4 334.3 353 373.9 394.8 414.6 431.1 427.6 400.8 370.8 343.9 323.7 304.2 286 273 267.4 266.7 267.2 287.2 296.1 303.2 314.2 330.1 351.2 376.1 390 413.4 443 466.8 479.8 487.2 493.8 498.4 501.6 505.2 508.8 511.8 514.9 518.1 521.3 524.7 528.1 532.4 537 540.4 542.7 544.4 545.9 546.8 548.1 548.7 547.7 545.1 540.5 535.9 529.2 521.3 514.2 507.7
390.1 360.7 330.7 303.1 282.5 261 244.5 234.4 225.3 221.3 234.5 236.1 237.1 240.8 252.7 264.9 280 290.7 299 312.5 324.6 342.6 363.8 382.8 402.4 418.9 417.7 392.5 363.2 335.9 317.6 297.8 279.6 268.7 266.2 265.9 267.1 289.5 295.2 303.9 314 326.6 350.7 376.8 390.9 405.8 438.2 465.6 479.6 486.5 493.1 496.7 500.2 503.7 506.5 509.1 512 515.2 518.5 522.6 526.5 531 534.7 538.1 541.1 542.9 545.2 547 548.3 548.7 548.1 546.3 542.6 537.8 530.7 521.6 511.8 503.5
404.8 372.5 342.8 313.4 290.5 268.8 250.6 238.3 228.2 219.6 233.3 233.5 235.1 241.8 249.9 258.3 272.4 283.8 291.9 301.9 316.3 332.2 352.6 371.7 391.9 408.9 407.8 382 355.5 328 310.2 291.8 273.8 264.9 265 265.3 270.1 288.4 297 305.9 316.8 329.5 345.2 368.2 388.4 398.5 432.1 460.4 477.2 484.8 490.3 494 497 500.1 502.4 505.1 509.2 512.3 516.1 520.1 524.4 528.5 532.4 535.8 539.3 541.5 544.1 546.1 548.2 548.5 548 546.4 542.9 538 531.4 522.3 511.2 501
415.7 383 353.5 324.8 300.2 277.8 257.6 243 231 223.4 227.5 231.7 236.8 246.3 245.5 250.6 264.7 277.2 285.7 295.1 307.8 321.6 339.1 359.2 379.4 399.4 393.9 370.5 344.2 323.2 303.8 285.2 269.7 262.3 262.7 263.4 273.6 287.3 297.6 308.7 319.4 331.2 339.4 360.6 382.8 393.3 422.2 449.8 470.4 479.4 486 489.5 491.3 491.5 493.7 497.5 503.1 509.3 513.6 517.7 521.8 526 530 533.6 537 539.9 542.7 545 547.3 548.3 547.4 545.3 542.8 537.9 531.9 523.5 511.6 497.5
427.2 393.3 363.7 336.5 311.5 288.8 267.8 249.1 236.2 228.2 221.9 219.9 230.1 243.3 244.7 246.2 257.1 269.4 279.9 288.3 300.6 316 329.6 347.6 366.1 384.6 380.5 357.5 333.4 315.2 297 277.7 264.2 258.6 261.7 262.8 274.3 287.6 296.6 306.4 316.5 328.3 337 356 376.1 386.3 409.6 434.7 454.6 470.1 477.9 479.1 477.4 475.1 475.7 481.8 492.4 502.5 509.2 514.8 519.1 523.3 527.5 531.3 534.6 537.8 541.2 543.5 545.7 546.4 546.3 544.2 541.9 537.8 532.5 524.5 511 489.4
441.6 406.7 377 350.3 326.7 300.6 278.8 259.2 242.9 232.4 225.5 218.9 219.6 233.2 243.8 244.8 250.1 264.8 275.5 283 293 305.1 319.1 336.2 353.7 369 368.2 343.3 321.6 307.9 289.3 270.8 258.8 255.4 256.6 262.3 273.3 284.8 294.5 303.7 315.5 326.6 333.1 350.7 368.9 383.3 393.5 412.4 434.1 450.9 460.2 459.3 455.7 451.9 451.8 456.9 474.3 489.2 501.3 509.7 514.1 518.2 523.8 528.6 532.6 536 538.9 541.3 543.6 544.3 544 543 540.6 537.4 533.1 525.5 511.6 490.8
449.1 423.3 390.7 364.9 339.7 313.9 290.9 271.5 253.7 238.8 229 220.7 217.6 225.4 239.1 242.9 244.9 257.5 270.9 278.3 285.9 297.7 309.3 325.4 342.4 353.2 353 332.1 311.9 302.7 283.6 264.5 254.3 254.1 255.6 261.9 271.3 283.6 292 300.2 315.1 324 329.4 344.4 365.1 381.8 390.8 397.2 404.7 423.1 434.1 433.7 429.2 425.2 424 432.8 448.1 466.2 486.1 501.3 510.6 515.7 521.3 526.5 530.4 533.8 536.6 539 540.9 541.7 541.9 541 539.3 536.7 533.3 527.6 518.1 505.8
448.9 439.9 410.5 381.7 355.5 330 304.3 283.2 263.7 246.8 232.8 223.6 216.9 216.4 227.4 242.1 243.4 248.8 264.5 272.8 279.2 289.3 302.6 314.4 324.8 339.7 344.3 325.4 307.4 297.3 277.9 261.5 253.3 253.6 254.4 259.6 269.3 280.8 287.8 297.1 310.4 318.6 325.7 339.8 356.3 377.3 388.3 392.9 396.4 397.3 405.8 405.6 401.6 397.8 398.6 409 423.4 442.2 466 488.4 505.4 513.7 519.6 524.7 528.2 531.7 534.2 536.7 538.2 539 539 538.8 537.6 535.6 532.7 528.7 522.8 513.1
446.7 443.3 426.7 399.8 373 347.4 320.6 296.5 274.7 254.7 239.1 226.9 216.5 215 220.3 232.8 242.5 244.3 255.8 267 273.8 281.9 293.4 303.4 311.7 320.6 332.9 319.1 303 288.4 273.2 256.7 252.3 252.8 254.3 257 266.6 276.8 284 292.6 305.8 315 321.5 332.7 345.2 365.5 381.4 385.5 386.4 387.2 385.6 386.4 385.6 376.3 377.5 390.5 401.5 422.5 450.9 480.4 500.9 512.1 518.6 523.1 526.3 529.1 531.8 533.9 535.3 536.3 536.3 536.2 535.4 533.7 531.7 528.8 524.2 517.7
443.9 442.3 436.6 417.2 390.6 364.7 337.9 310 285.8 262.5 244 231.4 217.5 214.9 214.8 223.5 238.6 243.8 247.8 259.9 267.7 275.7 283.8 291 300.2 308.1 313.3 310.2 298.8 284.8 269.5 254.3 251.2 249 248.2 254.8 262.1 271.6 280.6 287.9 300.8 311.6 317.8 325.3 338.4 347.9 363.8 370.3 371.8 372.3 368.9 364.9 358.5 352.5 361.6 380.8 398.9 422.4 450.6 478.2 498.6 510.5 517.5 520.9 523.8 526.6 529.3 530.9 532.1 532.9 533.3 533.3 532.9 531.9 530.4 528 524.8 519.4
440.5 439.8 437.2 428.2 407.9 382.1 353.3 324.2 296.4 271.3 253.7 238.7 223.6 213.7 214.2 214.6 224.5 242.4 243.7 249.7 260.7 269 275.6 282 289.8 295.4 299.5 303.4 299.4 286.1 268.6 253.9 250.1 243.9 243.9 251.6 257.8 266.7 277 284 296.1 307.1 313.8 319.2 329.2 339.9 342.4 348 352.9 349.5 343.6 341.1 339.8 349.3 374.6 395.2 412.5 429 453.1 479.8 498.7 510.3 516 519.2 521.7 524.5 526.5 527.7 528.7 529.4 530.1 530.2 530.2 529.4 527.9 526.1 523.5 519.3
436.9 437.1 436.1 432.2 419 396.6 366.7 336 305.7 282.1 262.2 246.6 231.5 216.6 213.7 213.2 214.3 226.3 234.5 243.7 252.1 261.2 267.5 274.4 280.3 285.6 289.9 297.5 296.9 286.2 270.3 255.5 249 244.3 245.3 248.8 254.7 262.6 273.5 278.1 288.2 300.2 309.4 315.7 322 330.9 335.2 333.9 329.9 329.6 334.6 337.8 339.7 362.6 384.5 404.6 421.3 436.6 456.3 483.3 499.7 509.4 514.9 517.9 520.4 522.4 523 524.1 524.5 525 526 526.6 526.2 525.9 524.8 523.6 521.7 518.5
433.5 434 434 431.6 426 410.2 379.2 346 316.2 289.5 269.6 253.6 238.7 225.8 214.1 213.1 212.6 218 229 237.6 246.4 254 260.7 268.1 274.3 279.5 283.8 291.3 292.2 285.6 270.9 255.5 248.3 243.4 244 246.4 250.4 259 271 275.3 280.2 292.9 301.1 308.2 313 317.8 320.6 322.9 323.3 324.1 328.8 335.8 350.5 373 392.9 411.1 425.3 443.6 467.1 489.4 500.9 508.1 512.9 516.3 519.1 519.9 520 520.4 520.5 520.6 521.5 522.3 522 522 521.3 520.2 519.1 516.9
429.2 430 429.8 428.6 425.6 418.2 391.7 358.8 326.3 299.1 277.4 260.8 245.9 232.2 219.5 211.7 211.3 211 221.7 231.3 241.1 247.8 255.7 263.2 269.2 274.2 278 281.9 285.8 283.4 273 255.9 250.4 243.7 243.8 246.3 246.9 253.1 263.8 270.8 275.6 284.3 292 297.2 300.9 306.5 309.9 317 320.8 320.8 326.9 335.8 360.9 382.4 399.8 415.6 436.7 460.6 481.7 495.3 501.7 507.3 512.6 515.4 516.8 517 516.2 516.1 516.1 516.2 516.6 517.2 517.6 517.5 516.8 516.2 515.8 514.4
424.4 425.2 425.2 425.5 423.4 419.9 403 372 339.6 310.1 286.9 268.4 252 237.5 225.7 213.3 210.9 210.3 213.3 224.5 234.8 242.8 249.3 257 263.7 269.1 273.2 276.5 279.5 279.6 274.4 261.6 251.8 244.5 243.3 245.4 245.7 248 255.5 264.5 271.1 278.3 282.8 288.8 290.7 296 296.5 298.7 316.5 320.4 323.8 347.5 371.3 387.7 404.1 429.3 452.7 472.8 489.7 498 501.7 507.6 511.3 513.4 514.1 513.1 512.6 512 511.2 511 511.5 512 512.1 511.5 509.8 511.4 512 511.4
419.4 420.7 421.4 421.7 421.7 418.6 411.3 385.8 354.2 325.1 300.7 280.2 261.9 244.2 233.3 221.4 210 209.6 209.1 216 228 236.6 244.5 251.1 258.4 263.7 268.7 272 274.6 276.2 272.7 266.1 254 245.2 243.5 244.4 244.4 245.2 248.4 253.5 266.6 274.3 279.9 283.8 284.5 286.7 287.4 288.4 302 312.3 328.6 355.4 376.3 391.3 419 443.6 463.9 482.1 493.4 498.9 503.1 507 509.4 510.9 510.7 509.7 509.1 507.3 505.9 505.1 505.7 506 505.8 504.3 504.5 506.7 507.9 507.5
