WholeMapElevations/data/nm/nm65_OST50GRID_20230518/NM65.asc
ncols 200
nrows 200
xllcorner 160000
yllcorner 750000
cellsize 50
[rows 0 to 35 of 200, columns 80 to 159 of 200]
-1.6 -1.6 -1.6 -1.6 -1.6 -1.6 -1.6 -1.6 -1.6 -1.6 -1.6 -1.6 -1.6 -1.6 -1.6 -1.6 -1.6 -1.6 -1.6 -1.6 -1.6 -1.6 -1.6 -1.6 -1.6 -1.6 -1.6 -1.6 -1.6 -1.6 -1.6 -1.6 -1.6 -1.6 -1.6 -1.6 -1.6 -1.6 -1.6 -1.6 -1.6 -1.6 -1.6 -1.6 -1.6 -1.6 -1.6 -1.6 -1.6 -1.6 -1.6 -1.6 0.1 3.1 4.9 6.6 21.6 34.3 56.7 78 92.4 105.3 122.8 142.5 155 171.9 184.1 188.7 193.6 195.8 202.1 211.2 212.8 220.1 223.8 226.2 227.2 227.1 228.2 229.7
-1.6 -1.6 -1.6 -1.6 -1.6 -1.6 -1.6 -1.6 -1.6 -1.6 -1.6 -1.6 -1.6 -1.6 -1.6 -1.6 -1.6 -1.6 -1.6 -1.6 -1.6 -1.6 -1.6 -1.6 -1.6 -1.6 -1.6 -1.6 -1.6 -1.6 -1.6 -1.6 -1.6 -1.6 -1.6 -1.6 -1.6 -1.6 -1.6 -1.6 -1.6 -1.6 -1.6 -1.6 -1.6 -1.6 -1.6 -1.6 -1.6 -1.6 -1.6 3.1 9.8 16.2 18.4 25 38.2 47.5 62.7 87.7 108 133.3 146.3 161.6 168.9 182.7 192 195.7 196 197.4 200 207.1 215 221.3 225 226.2 227.3 226.7 226.6 226
-1.6 -1.6 -1.6 -1.6 -1.6 -1.6 -1.6 -1.6 -1.6 -1.6 -1.6 -1.6 -1.6 -1.6 -1.6 -1.6 -1.6 -1.6 -1.6 -1.6 -1.6 -1.6 -1.6 -1.6 -1.6 -1.6 -1.6 -1.6 -1.6 -1.6 -1.6 -1.6 -1.6 -1.6 -1.6 -1.6 -1.6 -1.6 -1.6 -1.6 -1.6 -1.6 -1.6 -1.6 -1.6 -1.6 -1.6 -1.6 -1.6 -1.6 2.6 16.2 25.9 29.6 29.9 42.4 49.3 57.8 78.2 108.7 138.9 150.2 155.8 162.8 170.1 183.5 192.3 194.2 195.3 196.4 199.4 204.3 214.3 229 228.1 226.3 226.8 224.7 223.9 220.8
-1.6 -1.6 -1.6 -1.6 -1.6 -1.6 -1.6 -1.6 -1.6 -1.6 -1.6 -1.6 -1.6 -1.6 -1.6 -1.6 -1.6 -1.6 -1.6 -1.6 -1.6 -1.6 -1.6 -1.6 -1.6 -1.6 -1.6 -1.6 -1.6 -1.6 -1.6 -1.6 -1.6 -1.6 -1.6 -1.6 -1.6 -1.6 -1.6 -1.6 -1.6 -1.6 -1.6 -1.6 -1.6 -1.6 -1.6 0.1 1.5 4.4 14.9 32 42.4 42.4 37.3 57.8 66 77.7 98.4 134.6 153.7 161.6 169.2 178.9 181.6 186.1 192.5 202.3 194.1 195.4 200 202.4 210.7 220.2 221.9 226.5 225.3 221.3 217.3 210.1
-1.6 -1.6 -1.6 -1.6 -1.6 -1.6 -1.6 -1.6 -1.6 -1.6 -1.6 -1.6 -1.6 -1.6 -1.6 -1.6 -1.6 -1.6 -1.6 -1.6 -1.6 -1.6 -1.6 -1.6 -1.6 -1.6 -1.6 -1.6 -1.6 -1.6 -1.6 -1.6 -1.6 -1.6 -1.6 -1.6 -1.6 -1.6 -1.6 -1.6 -1.6 -1.6 -1.6 -1.6 -1.6 3 1.4 1.4 3.1 13.8 22.4 39.2 44.6 44 54.9 72.9 81.6 94 121.8 153.2 171.7 173.9 180.8 190.5 189.5 192.4 191.8 191.2 184.3 198.8 214.3 214.6 212.1 211.6 209.9 211.5 210.4 209.7 205 199.6
-1.6 -1.6 -1.6 -1.6 -1.6 -1.6 -1.6 -1.6 -1.6 -1.6 -1.6 -1.6 -1.6 -1.6 -1.6 -1.6 -1.6 -1.6 -1.6 -1.6 -1.6 -1.6 -1.6 -1.6 -1.6 -1.6 -1.6 -1.6 -1.6 -1.6 -1.6 -1.6 -1.6 -1.6 -1.6 -1.6 -1.6 -1.6 -1.6 -1.6 -1.6 -1.6 -1.6 4.7 2.7 3.4 2.3 2.8 4.7 12.6 26 41.1 44.4 46.7 73.8 93.5 105.2 106.3 133 171 180.7 182.1 187.7 195 192.4 191.7 190.4 183.7 178 192.1 202.1 205.1 207.8 210.1 202.7 207.2 205.1 200.8 193.9 189
-1.6 -1.6 -1.6 -1.6 -1.6 -1.6 -1.6 -1.6 -1.6 -1.6 -1.6 -1.6 -1.6 -1.6 -1.6 -1.6 -1.6 -1.6 -1.6 -1.6 -1.6 -1.6 -1.6 -1.6 -1.6 -1.6 -1.6 -1.6 -1.6 -1.6 -1.6 -1.6 -1.6 -1.6 -1.6 -1.6 -1.6 -1.6 -1.6 -1.6 -1.6 -1.6 8.3 18.9 12.7 8.3 4.2 5.1 7.7 12.5 26.2 40.4 42.7 47.3 85.7 103.7 115.1 123.9 148.9 174 179.9 181.5 190.3 197 193.5 191.8 192 185.4 175.8 180.2 192.2 198.7 199 200.5 194.2 194.4 201 195.9 183.4 180.7
-1.6 -1.6 -1.6 -1.6 -1.6 -1.6 -1.6 -1.6 -1.6 -1.6 -1.6 -1.6 -1.6 -1.6 -1.6 -1.6 -1.6 -1.6 -1.6 -1.6 -1.6 -1.6 -1.6 -1.6 -1.6 -1.6 -1.6 -1.6 -1.6 -1.6 -1.6 -1.6 -1.6 -1.6 -1.6 -1.6 -1.6 -1.6 -1.6 -1.6 -1.6 10 15.3 19.5 17.9 10.8 7.8 7 11.5 17.3 29.6 39.4 45.4 58 91.1 108 120 135.1 147.8 162.3 174.6 175.9 183.9 189.2 189.3 183.8 193.1 181.6 173.9 178.5 186.1 185.4 186.8 187.8 183.9 185.1 186.6 181.7 171.9 172.9
-1.6 -1.6 -1.6 -1.6 -1.6 -1.6 -1.6 -1.6 -1.6 -1.6 -1.6 -1.6 -1.6 -1.6 -1.6 -1.6 -1.6 -1.6 -1.6 -1.6 -1.6 -1.6 -1.6 -1.6 -1.6 -1.6 -1.6 -1.6 -1.6 -1.6 -1.6 -1.6 -1.6 -1.6 -1.6 -1.6 -1.6 -1.6 -1.6 0.1 2.2 9.8 14.7 13.2 11.1 6.2 5.9 6.8 10.1 16.8 22.6 29.3 49.7 76 95.6 111.5 128.6 144.2 152.1 165.8 171.3 173 176.4 177.6 170.9 166.2 172.3 170.7 173.6 185.3 179.3 173.8 170.8 167.9 169.3 168.1 169.9 165.5 158.5 158.3
-1.6 -1.6 -1.6 -1.6 -1.6 -1.6 -1.6 -1.6 -1.6 -1.6 -1.6 -1.6 -1.6 -1.6 -1.6 -1.6 -1.6 -1.6 -1.6 -1.6 -1.6 -1.6 -1.6 -1.6 -1.6 -1.6 -1.6 -1.6 -1.6 -1.6 -1.6 -1.6 -1.6 -1.6 -1.6 -1.6 -1.6 -1.6 -0.4 0.6 2.1 7.3 9.9 10 6.3 6.7 6.6 6.7 8 12.7 20.5 29.4 49.3 77 97.9 113.6 127.3 135.9 142.8 151.6 160.1 175.8 173.3 170.6 162.4 156.5 164.8 159.6 158.5 164 166 161.9 155.2 151.3 150.1 150.9 152.4 143.5 141.5 143.3
-1.6 -1.6 -1.6 -1.6 -1.6 -1.6 -1.6 -1.6 -1.6 -1.6 -1.6 -1.6 -1.6 -1.6 -1.6 -1.6 -1.6 -1.6 -1.6 -1.6 -1.6 -1.6 -1.6 -1.6 -1.6 -1.6 -1.6 -1.6 -1.6 -1.6 -1.6 -1.6 -1.6 -1.6 -1.6 -1.6 -1.6 -1.6 -0.7 0.6 1.9 3.1 4.6 6.6 7.2 7 6.7 7.5 8.3 13.2 21.1 30 58.1 81.9 101 115.2 126.1 134.8 136.6 143.5 153.4 156.5 155.6 151.5 149.7 147.1 148.9 147 144.9 145.2 148.4 146.3 141.3 132.7 134 133.1 131.9 130.1 128.4 127.1
-1.6 -1.6 -1.6 -1.6 -1.6 -1.6 -1.6 -1.6 -1.6 -1.6 -1.6 -1.6 -1.6 -1.6 -1.6 -1.6 -1.6 -1.6 -1.6 -1.6 -1.6 -1.6 -1.6 -1.6 -1.6 -1.6 -1.6 -1.6 -1.6 -1.6 -1.6 -1.6 -1.6 -1.6 -1.6 -1.6 -1.6 -1.6 -1.1 -0.2 -1.6 -1.6 4 5.2 5.8 7.4 7.4 7.9 14.5 24.6 25.6 35.4 61 76.7 86.3 97.8 111 119.4 124.7 130.7 142.6 147.3 136.1 133.7 136.6 137.3 138.1 135.4 133 130.8 130.9 130.5 123.3 122.6 120.7 123.1 119.7 116.5 111.5 105.1
-1.6 -1.6 -1.6 -1.6 -1.6 -1.6 -1.6 -1.6 -1.6 -1.6 -1.6 -1.6 -1.6 -1.6 -1.6 -1.6 -1.6 -1.6 -1.6 -1.6 -1.6 -1.6 -1.6 -1.6 -1.6 -1.6 -1.6 -1.6 -1.6 -1.6 -1.6 -1.6 -1.6 -1.6 -1.6 -1.6 -1.6 1.4 -1.6 -1.6 -1.6 -1.6 2.7 5.4 5.8 7.4 7.8 9 15.9 23.5 28.4 45.7 60.5 72.9 79.3 85.7 93.9 103.6 108.2 114 122.1 124.8 121.1 120.4 125.6 128.4 127.2 125.3 121 116.8 115.9 117.3 109.7 112.1 110.2 105.5 103 100 92.6 86.8
-1.6 -1.6 -1.6 -1.6 -1.6 -1.6 -1.6 -1.6 -1.6 -1.6 -1.6 -1.6 -1.6 -1.6 -1.6 -1.6 -1.6 -1.6 -1.6 -1.6 -1.6 -1.6 -1.6 -1.6 -1.6 -1.6 -1.6 -1.6 -1.6 -1.6 -1.6 -1.6 -1.6 -1.6 -1.6 1.7 3.7 7.2 10.8 5.6 -1.6 -1.6 2.6 5 7 7 10.5 14.6 18.8 24.5 33 53.6 64 73.8 80.8 77.6 76.7 84.6 97.9 111.9 112.6 112.7 111.2 110.1 114.6 117.9 115.5 114.5 111.4 100.4 97 97.2 92.9 93.9 90.5 89.5 81.6 79.9 73.1 70.6
-1.6 -1.6 -1.6 -1.6 -1.6 -1.6 -1.6 -1.6 -1.6 -1.6 -1.6 -1.6 -1.6 -1.6 -1.6 -1.6 -1.6 -1.6 -1.6 -1.6 -1.6 -1.6 -1.6 -1.6 -1.6 -1.6 -1.6 -1.6 -1.6 -1.6 -1.6 -1.6 3.4 3.1 8.9 8.4 9.4 11.4 10.5 8 5.3 4.8 3 3.7 6.8 12.7 24.7 34 43.1 37 38.7 53.3 62.5 67 69.2 70.3 68 71.5 81.9 96.2 97.1 96.4 97.5 98.2 98.6 101.3 98.5 97.7 92.6 83 79.4 77.8 74.1 74.5 74.2 71.8 67.7 61.5 57.5 57.1
-1.6 -1.6 -1.6 -1.6 -1.6 -1.6 -1.6 -1.6 -1.6 -1.6 -1.6 -1.6 -1.6 -1.6 -1.6 -1.6 -1.6 -1.6 -1.6 -1.6 -1.6 -1.6 -1.6 -1.6 -1.6 -1.6 -1.6 -1.6 -1.6 -1.6 18.4 17.8 19 19.6 26 27 21.1 15.7 16.9 13.3 6.6 8.1 4.3 3.2 9.7 17.6 27.4 36.1 44.1 40.4 51.2 62.9 67.3 68.9 59.7 56.1 55.4 56.9 66.6 74.5 74.7 72.5 77.2 77.8 79 77.3 75.7 75.2 72.4 64.7 58.4 56.1 57.6 56.7 58.9 58.5 54.7 52.9 49.8 49
-1.6 -1.6 -1.6 -1.6 -1.6 -1.6 -1.6 -1.6 -1.6 -1.6 -1.6 -1.6 -1.6 -1.6 -1.6 -1.6 -1.6 -1.6 -1.6 -1.6 -1.6 -1.6 -1.6 -1.6 -1.6 -1.6 -1.6 -1.6 -1.6 14 28.3 33.8 36.1 42.2 36.9 36.8 32.3 28 26.8 17.7 12.1 12.8 8.5 2.6 8.9 15.7 24.8 31.4 37 37.4 46 52.6 56.1 55.3 50.3 44.1 46 49.1 52.8 58.3 57.2 60 60.9 58.9 59.4 58.6 55.8 52.4 49.5 48.2 46.8 46.7 47.1 47.5 47.9 48.4 46.1 47.6 45 44.3
-1.6 -1.6 -1.6 -1.6 -1.6 -1.6 -1.6 -1.6 -1.6 -1.6 -1.6 -1.6 -1.6 -1.6 -1.6 -1.6 -1.6 -1.6 -1.6 -1.6 -1.6 -1.6 -1.6 -1.6 -1.6 -1.6 -1.6 -1.6 15.3 21.2 32 41.8 47.9 50.8 52.7 45.4 42.8 37.9 37.4 29.7 21.7 20 13.2 8.4 5.8 12.2 17.2 20.3 24 30.6 33.9 37.7 39 39.1 35.9 35.9 35.4 41 45.3 47.5 49 49.3 46.6 45.3 44.9 44.5 42.7 41.5 39.8 40.5 39.7 39.4 40.8 41.5 42.2 43.3 43 43.9 43.9 43.5
-1.6 -1.6 -1.6 -1.6 -1.6 -1.6 -1.6 -1.6 -1.6 -1.6 -1.6 -1.6 -1.6 -1.6 -1.6 -1.6 -1.6 -1.6 -1.6 -1.6 -1.6 -1.6 -1.6 -1.6 -1.6 -1.6 -1.6 2.2 8.8 16.6 24.4 34.7 43.5 48.7 55.2 53.1 48.4 44.6 40.4 33 29.4 27.5 21.3 23.5 18.7 15.2 11.4 11.1 16 18 20.3 24.9 30.3 30.4 32.7 32.8 33.3 35.8 38.4 37.6 33.6 32.2 33.3 35.3 35.3 33.6 34.2 33.5 35.9 38.2 37.8 38 38.9 39.4 39.7 40.8 41.2 39.9 41.9 46.3
-1.6 -1.6 -1.6 -1.6 -1.6 -1.6 -1.6 -1.6 -1.6 -1.6 -1.6 -1.6 -1.6 -1.6 -1.6 -1.6 -1.6 -1.6 -1.6 -1.6 -1.6 -1.6 -1.6 -1.6 -1.6 -1.6 4.6 8.4 4.6 7.5 18.6 25.6 32 40.9 42.6 45 47.2 44.4 36.8 33.1 33.5 31.2 25.6 31.3 31.1 28.2 26.1 26.1 27.6 31.5 33.3 31.7 26.2 22.1 26.4 26.7 29.5 28.1 27.9 27.7 28.2 32.2 32.3 32.2 34.5 35.7 37.1 36.3 36 36.1 37 35.8 38.1 39.3 37.8 38.6 41.8 45.1 47 51.2
-1.6 -1.6 -1.6 -1.6 -1.6 -1.6 -1.6 -1.6 -1.6 -1.6 -1.6 -1.6 -1.6 -1.6 -1.6 -1.6 -1.6 -1.6 -1.6 -1.6 -1.6 -1.6 -1.6 -1.6 12.3 13.1 25.2 39 35.9 21.4 14.5 17.1 22.9 29.6 33.8 40.3 39.9 40.1 33.2 33 32.1 32 26.6 31.4 33.8 35.5 33.1 33.5 34.2 38.3 40.4 39.3 36.4 36.5 35.5 33.7 33 32 31.5 32.2 32.6 34.4 34.4 34.8 35.3 36.9 37.2 35.2 36.7 36.4 38.2 39.3 39.9 42.4 45 45.8 48.3 51.4 53.3 56.5
-1.6 -1.6 -1.6 -1.6 -1.6 -1.6 -1.6 -1.6 -1.6 -1.6 -1.6 -1.6 -1.6 -1.6 -1.6 -1.6 -1.6 -1.6 -1.6 -1.6 -1.6 -1.6 -1.6 15.6 38.8 26.7 34 51.5 53.5 49.2 44.1 47.9 47.1 37 24.8 26.3 30.4 29.3 29.3 30.4 32.1 32.1 29.9 31.4 38.3 42.4 38.3 36.7 36.9 43 49.8 50.5 47.9 44.2 45.8 45.3 44.3 43.3 43 39.6 37.5 37.6 37.6 37.7 37.5 38.5 39.7 39.9 40 39.7 39.6 43 44.5 45 48.4 50.8 53.7 56.9 59.7 61.6
0.6 -1.6 -1.6 -1.6 -1.6 -1.6 -1.6 -1.6 -1.6 -1.6 -1.6 -1.6 -1.6 -1.6 -1.6 -1.6 -1.6 -1.6 -1.6 -1.6 -1.6 12.6 5 28.1 51.6 44.8 42.8 57.9 64.4 61 62.4 76 68.3 70.2 56.5 37.7 31.9 29.7 30.7 31.9 33.4 32.3 31.2 31 38.9 42.9 41.6 40.3 40.6 49.6 57.3 61.8 59.6 52.9 56.5 56.9 58.6 57.2 55.4 55 55.7 48.4 48.6 48.7 48.7 43.6 45.3 43.9 44.2 43.4 45.7 50.6 52.8 52.4 50.3 56.7 60 62.8 65.7 65.9
11.1 5.1 -1.6 -1.6 -1.6 -1.6 -1.6 -1.6 -1.6 -1.6 -1.6 -1.6 -1.6 -1.6 -1.6 -1.6 -1.6 -1.6 -1.6 -1.6 15.8 17.5 14.4 39.2 58.5 55.3 60.5 63.3 71.5 76.5 81 88.2 90.8 85.2 80.8 63.6 62.7 55.9 41.4 35 35.7 35.9 34.8 32.4 35.1 41.1 41.4 44.9 48.4 62.8 70.1 72.4 73.6 70.6 66 67.9 72.9 72.3 74.1 71.9 68.2 67.9 65.3 67.7 67.5 71.6 58.4 56.7 51.3 48.7 54.4 60.6 60.8 62.1 57.9 58.1 64.6 68.1 70.3 71.6
15 8.1 6.4 -1.6 -1.6 -1.6 -1.6 -1.6 -1.6 -1.6 -1.6 -1.6 -1.6 -1.6 -1.6 -1.6 -1.6 -1.6 6 23 29 30.1 21.3 33.6 43.5 55.7 66 69 84.3 88.4 90.6 93.2 104.3 95.2 96.4 90.7 81.9 73.8 58.2 43.3 38.6 41.6 41 36.1 37.8 36.9 37.5 43.5 52.1 62 70.2 75 77.1 76.5 69.5 76 83.5 88 89.5 99.1 110.5 106.4 91.7 88.1 90.1 88.8 83.1 73.2 64.6 57.1 63.7 68.6 68.6 68.9 64.2 67.4 72.6 73.9 74.9 77
30.4 24 15.3 4.5 -1.6 -1.6 -1.6 -1.6 -1.6 -1.6 -1.6 -1.6 -1.6 -1.6 -1.6 -1.6 -1.6 1.9 13.9 24.8 32.2 37 41.5 43.6 38 53.3 63.6 73.8 86.3 91.8 94.5 93.7 98.1 100 111.5 107.7 101.4 88.2 73.4 56.2 48.5 48.6 48.4 50.6 49.1 48.2 42.1 48 56.7 68.3 71.8 80.7 81.8 78.6 74.9 84.1 95.9 102.9 113 118.2 120.1 124.9 120 109 98.7 103.7 97.6 94.7 83.2 68.6 74.7 81.7 84.3 82.5 80.5 77 83.6 88.8 89.7 88.9
49.7 38.5 32.4 18.9 4.1 -1.6 -1.6 -1.6 -1.6 -1.6 -1.6 -1.6 -1.6 -1.6 -1.6 -1.6 1.2 7.8 20.8 40 48.7 46.4 53.7 64.4 66 54.5 53.7 61.2 76.6 92.1 94.5 93 94.7 99.7 108.4 110.3 112.8 101.7 83.1 65.4 55.8 56 55.6 57.2 56.5 55.2 53.2 62.8 72.5 78.4 79.3 82.6 90.6 88.2 87.6 97.1 105.6 115.4 118.8 126.8 127.8 135.3 130.4 124.1 112.8 113.7 113 110.9 107.1 82.2 90.6 99.2 102 101 93.4 92.1 95.5 104.5 105.6 103
63.1 56.6 49.3 36.2 11.9 5.3 4.7 3 -1.6 -1.6 -1.6 -1.6 -1.6 2.2 2.6 4 8 29.2 39.6 53.9 72.7 74.8 61.3 66.6 77.5 89.1 79.7 75.7 96.4 87 89.9 95.9 96.1 99.8 106.5 115.2 121 108.7 89.7 76.3 62.6 68.6 64.9 64.9 65.6 63.3 62.5 76.5 93.2 101 104 97.7 99.7 97.8 94.2 99.3 106.8 118.8 123.7 128.4 132.4 139.2 140.9 133 124.5 123.9 128.1 133 124.5 102 108.4 116 116.8 119.7 110.7 110 108.6 112.1 114.9 117
65.6 65.3 53.1 35.1 24.8 13.6 11.3 4.5 1.4 -1.6 -1.6 2.4 10 14.9 10.4 16.2 34.8 57.1 71.9 81.8 83.5 85.9 80.9 91.1 93.9 89.5 98.8 98 105.5 112.6 112.3 109.3 100.4 101.4 109.7 116 124 114.5 90.3 77.7 79.7 85.2 80.6 74.7 82.4 82.4 79.8 87.9 107.9 115.7 116.7 119.3 120.1 120 119.9 116.1 116.5 116.6 123.4 130.2 136.6 142.9 145.1 144.2 140.2 142 140.3 139.2 134.3 113.8 122.9 131.5 131.5 131.7 129 135 126.9 127.3 125.5 125.9
42.7 53.5 51.7 41.1 30.6 26.2 19.6 9.4 5.1 5 13.8 22.3 30.3 36.5 15.6 29.2 52.5 76.2 91.2 103 109.9 99.9 102.2 111.2 116.7 112.1 110.3 110.4 108.6 108.7 116.5 119 115.5 122.4 119.2 126.7 127.7 114.8 95.7 93.4 99.4 103.5 90 86.8 103 110.5 99.1 111.1 125.7 134.3 136.5 134.5 131.8 129.6 125.8 136.3 143.6 140.6 146 155.1 152.1 154.4 157 156.2 152.9 151.5 146.4 141.7 137.1 127.3 138.8 144.1 144.8 142 140.3 144.1 139.2 139.9 135 129.3
47.4 44.9 45.6 41.2 38 32.9 29 22.9 18.5 24.3 26.1 32.9 39.7 43.2 35.8 44.9 64.9 89.1 102.9 112.8 117.9 113.6 120.8 118.4 118.9 121.3 133.1 130.5 129.6 127.5 125.8 120.3 122.6 136.6 143.1 146 138.5 118.5 104.5 107.9 114 115.6 114.7 111.8 121.4 128.9 117.3 131.5 139.6 148.3 152.4 151.7 148.2 143.1 137.1 141.9 147.8 152.1 155.5 161.5 167.3 170.5 172 170 171.4 168.2 170.6 168.9 158.8 152.9 158.1 163.2 164.5 156 157.7 150.9 143.2 145.9 149.2 149.8
60.7 53.8 51.2 50.4 45.2 40.4 40 38.1 45.3 55.1 56.6 51.9 44.4 42 50 67.8 87.2 104.7 106.6 120.1 123.5 122.9 130.6 130 132.2 145.7 151.7 148.7 140.2 140.7 139.1 134.4 134.5 139.6 145.9 152.3 148.8 118.1 122.9 120.5 123.6 125.6 131.5 126.4 128.2 133.9 132 145.5 150.1 159.9 165.6 165.8 159.3 154.8 147 160.5 162.2 163.2 165.5 168.6 178.6 179 184.3 189.2 187.4 185.6 183.6 188.3 180.4 170.9 178.2 176.5 176.7 168.1 164.9 155.6 154.1 167.7 172.8 173.2
84.6 73.3 70.1 61.1 55.8 56.2 57.2 59.4 69 71.7 74 67.6 58.1 44.5 62.4 82.4 106.9 121.6 133.7 135 128.2 140.8 140.4 139.6 138 154.6 161.5 159.1 157.2 151.7 142.4 149.2 148.4 146.7 154.8 163.6 154.3 142.8 140.9 147.9 145.2 142 142.8 147.5 139.6 134 146.1 159.8 162.3 167.6 176.7 176.9 172.9 160.5 158.1 163.1 171.5 173.4 178.7 186.4 191 190.4 189.5 195.1 196 196.4 194.4 196.8 194.9 188.2 192.8 189.7 182.1 173.2 172.2 171 177.1 183.1 188.9 195.5
101.8 97.6 88.4 77.1 71.7 78 85.2 77.5 87.1 88.2 86.9 85.1 67.7 63 74.9 91.3 109.7 128.7 146.7 151.3 145.6 147.9 152.4 155 156.8 159.2 163.7 168.8 162.6 157.7 161.5 164.4 157.3 154.7 166.6 169.6 156.6 167.6 168.8 166.3 169.5 160.2 156.4 163.7 158 147.7 155.1 174.7 184 186.7 189.5 189.7 189.7 188.8 178.7 183 189.4 187.8 192 194.3 197.5 203 200.2 203.1 202.1 208.8 213 207.9 201.4 208.1 210.7 201.8 189.8 193.6 191.8 189.1 193.3 200.5 206.2 207.9
120 117.9 98.9 91.4 90.2 102.8 107.6 94.9 107.2 104.3 105.2 93 65 81.8 90.2 107.8 127.6 144.2 157.9 162.5 168.4 168.1 172.5 166.1 166.1 172.2 175.6 175.5 168.6 169.7 172.4 173.7 173.6 168.2 168.6 167.1 168 180.5 191.9 197.9 204.5 180.3 162.5 170 170.8 180.4 187.1 177.2 184.5 190.5 193.9 202.1 200.3 194.1 193.1 194.5 197.9 201.7 209 216.7 227.2 221.3 222 219.4 222.1 234.8 243.8 237.1 218.9 223.2 223 205.9 216.6 215.1 217.9 207.6 204.9 214.9 226.1 230.2
138.8 133.7 120.1 112.9 110.8 126.1 130 119.8 120.5 116.9 111.5 98.6 78.7 99.5 114.4 131.8 148.5 154.8 163.4 169.3 173 187.7 187.1 181.6 186.1 189.9 187.9 184.5 178.2 180.5 188.2 190.3 193.2 178.7 171.3 169.2 181.7 196.1 209.4 220.7 219.2 201.3 184.3 179.9 183.1 200.8 207.6 207.2 200.1 198.7 204.6 208 211.2 207 211.3 209.6 207.9 217.5 227.1 237.6 255.2 259 245.7 245.2 244.4 254.5 265.6 248 228.1 221.5 216 223.9 233.2 234.2 231.4 229.5 220.7 240.8 255.5 255.6
