UK/data/se/se10_OST50GRID_20230518/SE10.asc
ncols 200
nrows 200
xllcorner 410000
yllcorner 400000
cellsize 50
[rows 70 to 104 of 200, columns 0 to 77 of 200]
333 332.7 332.2 331.2 330 329.4 326.4 322.9 322.2 321.5 319.4 316.2 311 306.2 300.1 292.3 284.8 278.8 275 270.8 267 263.2 258.6 254.8 251.4 247.9 244.5 240.8 236.3 233 229.4 225.9 224.4 214 206.4 199.7 189.6 189.6 197.6 204.5 207.5 209.9 212 214.5 216.9 220 224.1 225.7 210.2 206.1 216.6 233 246.1 256.7 263.5 271.8 290 287.8 289.3 292.3 297.1 306.3 327.8 327.4 328.9 325.1 324 321.4 318.6 315.8 313.2 309.7 305.9 300 291.4 272.5 254 248.9
336.7 335.3 333 332.2 334.9 337.1 337.4 336.9 335.5 334.5 332.2 328.2 322.5 315.8 307.2 297.5 286.3 281.1 277.5 274.5 269.8 265.6 261.3 257 252.6 248.8 244.8 241.7 237.8 232 225.6 219 215.1 203.3 194.1 189.3 193.8 204.7 204.9 209.3 213 213.9 217 222.6 227.2 229.8 233.7 234.1 220.3 209.3 220.1 235.7 248.3 258.8 268 278.4 286 291.8 275.5 297.3 305.7 320.6 333.3 332.9 331.1 330.6 326.9 323.1 320.3 316.7 313.5 309.9 304.5 293.6 275.6 261.6 253.2 243.7
339.7 337.7 335 339.5 344.1 346.3 347.6 347.6 345.5 343.9 340.4 335.6 329.4 321.3 311.5 300.6 289.9 284.5 280.1 277.1 272.5 267.8 263 258.4 254.5 250.6 247 242.5 237.9 229.3 220.8 219 219 206.6 191.5 199.7 212.1 215.7 212.9 212.3 216.7 220.3 225 231.6 237 239.6 241 240.9 229.7 208.8 223.1 235 251.9 260.7 271.3 289.8 293.6 294.6 298.9 305.3 316.5 334.4 336.6 335.4 333 329.7 328.4 325.4 321.2 317.8 313.8 308.9 297.4 282.3 269 255.8 246.1 240.4
343.4 341.2 340.6 346.3 350.6 353.2 353.2 352.8 351.9 348.3 344 338.1 332 323.5 313.3 301.4 291.6 288 284.1 279.5 274.7 269.9 265.2 261.4 256.3 252.1 247.9 242.9 235.6 224 219 219 219 221.4 204.5 215.6 219 220.6 218.7 217.7 223 228.1 235.3 241.7 246.2 247.6 248.2 247.6 239.8 211.6 222.7 240 254.1 264.1 275.7 288.1 294.9 298.7 305.7 313.2 331.8 330.2 334.1 337.3 335.1 329.9 328.3 326.5 322.6 318.8 313.6 304.3 287.5 276.2 261 248.2 241.4 235.6
345.5 344.6 347.1 351.4 355.1 357.4 358.8 358.4 354.8 349.9 345.2 340 331.8 323.6 311.3 299.5 293.4 289.7 286.1 281.7 277.5 272.5 268.4 263.1 258 252.7 247.7 236.7 229.5 219 219 219 219 219 218.6 222.1 223.9 226.3 224.3 225 232.1 240 247.8 252.6 256.3 256.7 255.4 253.5 246.1 225.7 224.5 240.9 257.3 266.7 278.5 287.8 295.6 301.4 312.1 324.3 342.1 343.5 331.2 325.9 336.5 334.2 330.9 327.6 323.7 318.6 311.2 294.5 282.3 267.3 255.7 252.2 247.6 240.6
347.7 349.1 353.1 356.9 359.1 362.3 363.4 359.8 355 349.8 345.3 338.6 329.6 320.2 307.5 298.8 294.3 290.7 287 283.5 279.5 274.9 269.3 264.6 258.8 253 244.8 230.4 222.6 219 219 219 219 223.4 223.2 229.6 229.2 233.2 235.6 229.5 245 253.1 261 264.6 265.8 265.2 262.7 259.9 253.5 234.6 226 244 260.4 269.8 279 288.8 297.8 305.1 317.5 338.9 344 343.6 341.8 337.8 337.6 335.3 332.1 328.5 323.7 316.7 305.8 288.8 283 279.7 272.2 264.9 253.8 242.8
351.1 354.4 358.5 362.2 365.2 365.6 362.9 359.2 354.4 348.7 343 335.8 326.8 315.6 305.8 300.7 296 292.5 288.5 284.9 280.9 276.1 270.2 264.8 259.6 254.4 244.8 228.7 219 219 219 219 228.7 230.5 232.2 233 238.2 244.4 248 240.7 256.4 264.8 270.9 272.3 272 270.2 268.5 266.7 262.8 248.3 227.3 246.6 264 273.5 282.6 292.1 300.3 310 324.3 346 346.4 345.4 343.6 341.6 338.9 335.9 333 328.8 323.1 314.6 299.6 300.6 298.4 291.2 281.1 268.4 256.2 243.3
357.2 359.8 362.7 366.5 367.3 365.3 361.1 356.9 351.3 345.3 338.4 327.8 321.1 312 306.4 301.9 298.4 294.4 290 286.1 281.6 276.8 271.3 265.6 259.4 251.2 236.7 219.4 219 219 219 230.9 235 236.4 238.2 241.6 248.5 258.4 260.5 254.7 264.4 272.7 276.1 276.8 276.5 275.2 273.9 272.9 270.2 262.3 238.8 250.2 265.2 276.5 286.5 296 302.9 314.6 333.1 346.9 348.2 347 344.9 342.6 340 336.7 333.5 328.6 322.2 312.4 312.7 311 308 301 285 271.9 258.2 244.5
362.5 363.5 366.4 366.5 365.5 362 357.7 352.4 346.4 338.9 329.9 321.3 314.9 312.6 308.4 304.4 299.8 295.1 291.2 286.6 281.6 276.6 271.8 266 258.9 247.4 232.1 219 219 219 232.9 238.5 240.6 242.4 246.4 255.1 264.3 270.2 269.6 268.6 264.6 276.1 280.5 281.8 282.3 283.3 284.1 282.1 279.2 271 246.1 255.6 267.7 278.8 289.3 298 305.9 318.6 340 345.4 349.2 347.7 345.7 343.4 340.7 337.3 333.5 328.1 321.2 320.8 319.1 315.8 311 304.1 291 275.7 259.7 245.2
367.2 366.6 365.7 364.9 362.2 357.7 352.1 345.7 340.1 332.5 323.8 318.5 314.2 309.3 307 303.4 300 295.3 291.6 286.8 281.7 277.7 272.3 266.2 257.5 245.3 228.7 219 219 226.9 240.9 243.6 245.5 249.7 257.8 269.6 280.2 281.5 278.2 276.9 276.4 275.9 286.2 289.3 291.8 293.4 293.3 291 287.4 276.8 257.7 257.3 270.6 281.6 292.3 301.3 310.3 322.6 346.3 351 350.2 348.2 346.3 343.9 341 337.4 333.3 329 327.7 325.4 322.5 318.8 313.8 307.4 294.6 278.1 262.9 246.3
372.1 368.5 365.5 362.6 357.6 352.2 345.1 335.9 329.9 324.9 319.2 316.2 313.5 310.9 307 302.7 299.3 294.3 290.3 286.6 281.7 276.9 271.6 263.6 256 245.5 221.9 219 219 235.9 246.6 248.7 251.4 258.8 269.1 281.6 288.2 288.3 286.3 285.9 288.2 291.3 293.4 300.3 303.1 302.2 300.5 298.2 294.3 286.4 273.6 257.9 270.4 282 294.6 304.5 315 327 349.5 351.5 350.9 349.1 346.9 344.1 341.4 338.3 335.4 333.4 330.4 328.1 324.9 320.9 316.2 309.6 299.4 280.9 265.9 249.9
378.1 371.9 364.9 359 353.4 345 338 332.1 328 322.6 318.6 315.2 311.9 308.5 306.2 301.6 296.8 293.7 290.6 286.1 281.2 274.7 267.5 258 250 241.5 219 219 220.1 244 250 252.1 256.3 266 278 288.5 293.5 293.8 293.1 294.5 297.6 300.2 300.1 305.3 306.7 306.1 305.3 303.2 300.5 296.8 285 271.4 269.3 284.2 298.2 307.8 318.8 333.2 352.1 353.1 351.6 349.7 347.5 344.7 342.1 339.7 337.6 335.4 332.9 330.1 326.9 322.5 317.5 311.3 301.7 283.4 270.2 253.7
382.5 372.3 362.1 354.9 347.8 339.6 335 330.4 326.7 322.4 317.9 314.8 310.8 307.6 304.1 299.6 295.9 292.7 289.1 283.2 278.1 269 259.3 246.4 231.9 218.5 219 219 225.3 247.4 252.6 253.5 260.8 271.9 284.9 293.3 296.7 298.5 300.7 304.9 308.3 307.8 308.1 308.2 310.1 310.4 309.5 308.7 306.4 302.9 296 278.2 272.1 288.6 302.6 311.3 322.4 341.1 353.8 353.8 352.4 350.3 348.1 345.8 343.6 341.3 339.2 336.8 333.7 330.9 323 323.6 317.7 311.3 302.9 286.3 273.2 257.5
380 369.2 358.2 349.6 340.9 335.8 332.4 329.2 325.6 321.4 317.8 314.1 310.3 305.3 300.8 296.5 293.8 290.3 284.2 276.9 267.4 260.5 249.7 225.5 218.5 230.6 219 219 228.5 248.8 253.6 256.5 264.1 274.6 287.9 296.8 300.1 304.3 309.9 315.9 317.8 316.3 314.6 314.2 315 316.5 316.7 315.8 312.1 307.7 298.1 277.2 278.8 294.9 306.1 315.7 326.1 347 354.6 354.5 353.1 350.8 349 346.9 344.9 342.4 339.7 336.6 333.6 329.7 324.8 320.6 315.4 310.7 300.6 286.3 276.9 263
373 362.1 352.7 344 336 333.1 330.1 327 323.8 320.3 316.9 313.1 308.9 304.3 299 292.8 285.4 280 272.2 265.2 259.6 251.6 223.5 238.1 249.8 247.1 220.7 219 230.2 249.8 256.2 259.2 266.4 275.9 287.5 296.9 303.4 309.6 318.8 323.6 324 323.5 322.9 322.8 322.8 325 325.4 323.3 319.1 312 301.4 282.1 280.7 299.8 310 319.8 329.8 350.5 355 354.6 352.7 351.5 349.1 346.5 343.2 340.4 336.4 331.9 327.7 324.1 320.6 316.3 312.2 306.6 296.5 288.2 278.4 268.2
361.4 354.9 345.5 336.6 332.8 330.5 326.4 324 321.3 318.4 315.2 312 307.1 301.6 296.6 287.9 277.2 268.9 261.7 249.5 237.4 229.9 249.5 259.1 261 253.4 230.6 219 229.5 251.1 258 261.3 266.9 275.5 285.6 295.2 304.1 312.9 323.9 328.1 329.4 331.7 332.1 332.4 333 335.4 334.6 330.5 324.3 315.1 302.6 282.5 283.1 301.8 312.7 323.8 333.7 350 352 351.7 349.6 347 343.6 341.1 338 334.8 329.7 326.5 322.6 318.9 315.3 311.4 307 302.6 296.7 289.3 277.6 262.9
362.9 350.9 338.9 333.7 329.7 325.8 322.5 319.8 317.9 315.5 312.9 309.8 302.9 294 288.3 280.7 275 262.4 246.9 260.2 262.9 264.5 267 267.5 266.5 258.8 236.8 223.4 227.8 244.7 258 262 267.2 274.7 284.1 293.3 303.9 313.2 324.5 332.2 336.4 339.6 342.8 343.1 342.2 345.1 343.8 337.9 328.8 317.8 309.9 295 285.7 302.5 315.2 325.7 335.8 346.5 346.6 344.6 342.9 340.9 338.4 335.5 332.5 327.9 322.9 319.2 314.1 310.7 306.1 299 292.9 295 292 282.3 260.6 266.1
359 346.9 334.2 329.3 325.8 321.8 317 314.4 312.4 310.7 304.5 297.5 291.8 286.5 280.3 273.2 263.5 258 269.1 271.5 272.7 273 273 272.1 269.7 265.2 242.2 234.3 234.3 239.5 253 260 265.2 273.4 282.5 291.9 303.4 312 323.7 334.4 342 348.9 350.3 349 348.1 349.5 347.1 342.2 334.9 328.3 323.3 303.7 289 307.8 320.5 333.5 340.8 343.7 342.8 341.4 340 338.3 335.6 333.9 331.3 328.2 325.4 321.4 318.5 315.2 312.4 308.9 304 295.4 278.7 279.8 284.1 281.8
352.5 336.6 331.1 325.9 322.5 317 311.7 304.2 302 301.1 293.8 287.5 282.3 275.5 265.4 261.3 271.7 276.7 278.6 279.4 278.7 278 276.6 274.9 271.8 267 248.4 234.3 234.3 241.8 254.4 261.2 265.5 273.9 281.8 291.3 303.3 313.9 323.3 337 348.8 355.3 355.1 353.3 351.7 350.4 348.1 344.4 339.5 335.8 331.1 308.2 296.6 307.9 329.5 338.2 342.2 343.9 343.7 342.2 340.4 338.8 337.2 335.7 333.6 331.4 328.3 325.1 321.9 317.6 315.2 311.6 308 302.4 295.8 292.8 290.7 286.6
349.1 334.1 328.6 323.7 318.9 310.8 298 287.9 282.7 283.5 280.3 273 277.5 279.9 281.3 283.4 285.2 285.7 285.4 284.2 283.2 281.1 279.1 276.4 273.3 269 253.6 234.3 234.3 241.7 257.2 262.8 267.8 276.7 285.9 296.1 306.1 314.7 325.2 341.8 355.4 359.9 359.7 358.3 356.2 353.4 349.9 346.6 343.5 339.9 335.2 317.5 299 312.2 329.3 341.9 344.2 345.3 346 345.1 343.2 341 340.1 339 336.5 334 331.5 328.1 324.4 320.9 317.9 314.4 310.7 306.3 301.7 298 293.8 285
343.9 334.3 327.7 321.3 313.7 301 302.1 305.7 300.7 294.6 291.9 294.5 294.6 291.9 291.7 292.8 291.9 291.6 290.7 288.9 286.4 283.8 280.9 278 274.6 270 257.6 234.3 234.3 247.1 259.7 264.2 270 278.1 289.1 300.5 309.2 316.8 327.5 341.8 359 364.5 364.3 362.7 360.7 357.6 354.2 350.8 347.6 344.4 338.7 333 321.8 314.6 329 342.6 346.2 347.2 349.4 348.2 346.8 345.1 343.3 342.2 340.2 337.3 334 330.8 327.4 324.1 320.8 317.2 313.5 308.8 305.5 301.5 294.3 290.2
341.1 331.6 324.5 317 305.3 306.3 310.2 309.7 307.5 305.3 303.2 302.1 300.5 298.9 298.5 297.7 296.6 295.3 294 291.6 288.9 285.7 282.5 279.4 275.6 271.4 256 234.3 234.3 245 256.8 261 268.2 277.5 287.7 304.5 312.6 319.1 329.1 340.6 359.7 367.7 368.8 367.1 364.9 362 358.6 355.1 351.7 348.8 345.5 343.1 339.4 329.2 324.8 341.3 347.9 349.8 351.3 351.2 349.9 348.1 347.5 344.8 343.3 339.7 335.8 333 330.5 327.1 323.6 319.9 316.2 312 307.5 301.6 299.2 296.2
338.2 329.4 322.2 313.3 312.2 314.8 315.1 313.9 312.2 309.7 307.9 306.4 304.6 303 302.4 301.4 299.5 297.6 295.6 293.1 290.1 286.4 282.7 279.3 275.4 271 259.8 234.3 234.3 234.3 248.2 256.3 266.4 276.1 285.8 301.5 315.7 322 330.5 340.6 355.2 369.6 372.2 371.1 369 366.3 363.1 359.7 356.7 353.2 351.1 348.7 346.8 343.4 342.5 338 346.7 351 352.1 354.3 352.7 351.1 349.5 347.2 345.4 341.6 338.3 335.4 332.8 329.2 324.4 322.3 318.9 314.9 311 307.1 303.9 299.6
334.5 327.2 318.5 317.2 319.4 320.4 319.8 318.8 315.9 313.4 311.8 310.2 308.2 306.8 305.2 304.2 302.3 299.4 296.6 293.9 290.4 286.5 282 278.3 274.5 269.9 256.6 234.3 234.3 234.3 242.5 254.1 264.5 274.2 284.4 296.8 311 321.5 330.7 339.8 351.1 370 375.4 375.1 373.4 370.9 367.9 364.3 361.4 358.8 356.7 354.4 352.4 350.4 349.2 347.5 347.1 350.7 354.7 355.4 355.5 354.2 352.1 349.5 347.2 344.1 340.1 337.3 334 331.2 328.7 325.7 321.8 318 314.3 310.9 307.8 303.2
332.2 323.7 324.3 325.4 325.6 325.3 323.3 323.5 321.2 318.9 317.1 312.7 310.7 308.9 307.6 306.1 304 300.2 296.8 292.9 289.3 285.3 280.9 276.8 273 267.7 248.7 234.3 234.3 239.3 234.4 253.1 263.1 271.1 282 293.4 306.1 319.8 330.1 339 348.8 366.7 378.4 379.5 378 375.8 373.2 369.9 367.1 364.5 362.3 360.1 358.1 355.5 354.5 353.1 352.8 353.4 356.4 357.9 358.9 357.7 355.6 352.8 349.4 345.2 341.7 339 336.9 334.6 331.8 328.4 325.1 321.8 317.9 313.3 309.7 304.3
333.9 333.5 332.4 331.4 330.2 331 331.9 332.3 331.9 330.4 325.5 322.1 319.4 315.6 313 306.8 299.9 296.7 293.2 288.6 285.4 281.9 278.2 274.1 271 265.6 240.4 234.3 241.9 250.1 234.3 253.7 261.3 269.5 280 291.2 303.6 317.1 328.9 338.5 348.3 361 379.7 383.3 382.7 380.3 377.9 375.6 372.8 370.5 368.1 366.2 364.2 361.7 360.2 359.2 358.3 359 359.8 360.2 361.4 360.8 358.3 355.6 351.3 347.4 344.8 342.3 339.7 337.4 334.7 331.6 328.3 324.2 319.6 313.6 302.5 285.9
344.6 345.1 341 342 343.6 344.9 345.6 345.6 344.4 341.2 337.5 332.8 328.6 323.6 315.6 307.7 299.1 290.6 288.4 286.9 282.8 278.5 275.1 272.2 269 261 234.3 244.2 250.8 258.1 247.9 243.7 257.9 265.2 276.7 287.5 300.8 314.6 327.9 338.6 347.6 358.2 376.1 387.2 387 385.7 383.3 381.3 379 376.7 374.8 372.7 371.1 368.7 366.4 365.9 365.4 364.4 364.8 365.4 364.4 363.2 361.5 358.8 354.9 351 348.3 345.2 342.5 340.2 337.7 334.5 329.5 325.1 318.9 301.3 291.6 303.1
364.7 361.3 354 358.4 359.5 358.2 356.3 353.9 351.8 349.5 346.4 342.6 337.5 329.5 319.7 309 298.7 289.8 287.1 284.3 279.9 276.8 274.1 270.2 265.1 247.1 241.2 257.8 262.8 259.2 257.3 256.9 260.9 260.9 269.7 281.4 295.3 310 325.1 338.1 347.2 357 369.4 390.3 392.2 391.6 390.3 388.1 386 384.5 383.1 380.9 379.1 376.8 373.6 372.1 371 369.4 368.8 369.2 367.2 365.3 363.7 361.4 357.8 354.1 350.8 347.8 344.9 342.2 339.5 336.4 331 322.9 301.9 304.8 313.8 312.8
376.1 371.1 367.9 368 366.3 364.1 361 357.8 354.7 352.3 350 346.9 342.5 332.9 321.5 309.5 299.1 291.8 287.5 283.7 279.6 275.9 272 263.5 249.5 240.4 257.1 264.8 265.3 265.8 259.7 260.9 260.9 260.9 264.9 276.1 290.6 306.9 322 335.7 346.4 356.4 367.8 388.5 397.2 397.4 396.7 395.3 393.5 391.6 389.5 387.3 384.8 381.7 378.9 377.6 375.8 374 373.2 372.1 370 368 365.9 363.9 360.3 356.8 353.4 350.1 346.9 343.7 339.7 336.2 328.7 305.9 313.7 322.3 320.2 317.2
382.2 378.2 374.4 373.1 370 366.8 363.4 360.2 356.9 353.9 350.8 347.6 342.7 332.7 321.8 309.3 299.3 292.8 289.1 284.3 279.6 275.3 268.5 251.7 243.5 258.6 266.6 268.5 268.9 268.2 265.5 260.9 260.9 260.9 260.9 270.4 284.5 301.5 317.3 331.6 345.5 355.7 366.4 381.7 400.7 402 401.4 400.3 398.6 396.7 394.5 392.2 389.5 386.3 383.2 381.2 379.9 378.4 377.3 375.3 373.3 371.1 368.9 366.5 362.8 359.3 355.1 351 347.4 344.5 339.2 330.5 307.8 317.8 327.8 327.8 324.3 318.8
387.9 382.8 379.7 376.7 373.1 369.1 365.5 362.1 358.6 355.2 350.8 346.8 332.7 320.8 317.4 307.7 301 293.9 289.3 284.4 277.7 269 253.1 249.8 261.9 268.5 271.8 272.8 273 271 269.6 268.7 266.7 260.9 260.9 263.8 277.2 293.9 310.8 326.2 340.8 352.6 364.2 377.3 401.4 406.1 405.9 404.6 402.9 401.1 398.8 396.4 393.8 390.7 387.6 384.8 383.8 382.2 380.7 378.8 376.7 374.4 372 369.4 365.6 361.6 356.8 350.8 346.1 338.5 325 315.4 325.5 336 333.9 330.3 325.3 311.1
395.4 391 387.1 383.5 377 371.1 368 364.1 360.2 356.3 351.3 344.5 334.3 322.9 313 306.8 300.2 294.3 289.2 281.2 260.8 250.8 257.2 266.6 271.3 274 274.2 275.5 275 274.8 274.8 275.9 275.6 266.8 260.9 260.9 269.7 286.1 302.2 318.9 334.8 348.2 360.9 373.7 394.3 410 410.1 408.6 406.5 404.8 402.5 400 397.4 394.3 391.4 389.1 387.5 385.9 384.1 382 379.9 377.5 375 372.3 368.9 364.3 358.5 349.8 332.6 332.2 331.1 339.3 342.3 340.2 337 332.5 326.4 322.6
405.4 401.7 397.4 391.1 383.4 375.3 370 365.9 361.8 356.3 349.3 339.8 330.1 320.2 311.5 305.8 299.8 293.8 285.9 267.9 256.7 267.3 270.6 274.4 277.8 277.6 277.7 279.3 280 279.9 281.1 285.8 284.5 277.4 268.5 260.9 260.9 276.3 293.4 310.4 328 344.4 357.5 371.3 387.7 412.5 413.4 411.8 410.1 408.4 406.2 403.6 400.8 397.8 395.2 392.9 391.2 389.3 387.2 385.2 383.1 380.7 377.9 374.2 371.4 366.7 358.2 338.6 346.7 346.9 345.5 346.3 345.5 342.9 338.7 335.1 321.7 328.7
416.1 411.4 404.9 397.3 387.5 379.7 371.7 366.6 362.7 355.3 345.5 335.4 327.1 318.5 311.7 305.7 299.6 294.6 279.8 259.9 268.1 273.3 277.8 281 282.3 282.8 282.9 283.7 285 286.4 289.6 295.1 294.3 281.7 278.7 274.1 266.8 265.4 282.9 301.2 321 340.2 355.5 367.2 381.6 406.7 416.5 414.8 413.3 411.8 409.7 407.2 404.3 401.3 398.6 396.2 394.2 392.3 390.4 388.3 386.1 383.3 379.1 375.8 372.4 362.4 351.7 357.2 356.3 353.9 351.3 350 348.2 345.2 341.4 335.9 329.7 332.5
424.5 419 411.3 401.9 391.9 377.9 373.1 368.8 363.6 354.2 343.1 330.9 323 316.5 310.5 305 299.4 292.6 278.9 267.3 276.2 278.8 281.9 284.3 285.9 286.8 288.7 288.3 289.8 295.1 300.2 304.9 306.8 302 287.3 284.7 276.4 268.7 275.1 291 311.1 331.2 350.1 363.5 378.1 397.2 418.4 418 416.6 415.1 412.6 410 407.5 404.9 402 399.3 397.2 395.1 392.8 390.6 387.7 381 380.1 377.7 360.6 366.2 366.4 364.5 362 359 356.2 353.8 350.7 347.4 344 339.2 336.6 337.7
