UK/data/sy/sy28_OST50GRID_20230518/SY28.asc
ncols 200
nrows 200
xllcorner 320000
yllcorner 80000
cellsize 50
[rows 0 to 37 of 200, columns 0 to 83 of 200]
130.3 122.5 105.2 89.2 78.7 74.1 79.7 90 111 127.9 133.9 138.3 141.7 143.4 145 146.6 146.8 146.4 146.2 145.3 144.6 143.9 143.4 141.9 140.1 137.9 135.1 130.8 128.3 124.9 119.4 121 114.2 103.8 100.5 97.4 90.6 83.4 77.9 89.6 98.9 103.2 111 117.7 121.8 121.4 117.4 110.3 103 111.3 114.7 115.9 115.9 115.7 114.1 113 110.6 106.9 100.6 95.2 88.6 80.1 67.1 57.6 42.5 35.8 48.9 64.3 69.3 67.3 64.4 58.8 55.9 55.8 54.9 52.3 49.3 45.7 42.3 38.3 33.3 29.8 29.9 27.5
133.9 130.3 116.3 98 81.4 74.4 72.4 84.4 105.2 122.8 131.9 137.9 140.9 142.8 144.5 145.9 146.1 146.5 146.4 145.3 144.2 143.5 142.9 142.5 140.8 139.2 137 134.7 132.3 129.6 123.6 124.2 111.4 111.7 110.8 96.2 90.5 85 77.9 78.6 88.7 95.8 101.5 105.9 113.3 117.3 115.6 107.4 95.5 102 109.8 113.2 114.2 114.5 113.9 113.2 110.7 107.7 104.9 99.5 94.1 83.7 70.7 59.7 44.7 34.6 46.1 59.9 67 64.2 61.1 56.6 51.3 49.6 48.3 45.7 43.1 41.7 39.1 36 31.4 28.4 27.1 27.6
136.4 133.4 123.2 105.2 84.9 76.1 67.3 78.8 99.6 118.9 130.5 137.3 140 142.3 144 145.2 145.8 146.2 146.7 145.6 144.4 143.3 142.4 141.7 140.3 139.2 138.1 136 133.4 130.8 128.3 125.3 121.5 110.6 108.6 101.8 97.4 91.5 84.5 72.9 76.4 83.2 91.5 95.3 100.1 108.8 111.1 105.8 93.2 88.8 100.8 107.6 112.3 113 112.9 112.4 110.7 108.8 106.5 102.2 96 87.4 72.5 61.3 47.4 33.5 45.6 54.8 63.2 63.2 61.9 57.3 52.3 46.3 41.7 39.1 38.3 35.1 32.7 29.5 27.1 21.6 24.6 25.8
137.9 134.1 128.2 105.8 86.1 75.2 64.9 72.6 91.2 113.8 130.2 136.1 139.1 141.8 143.5 144.9 145.6 146 146.6 145.5 144.3 143 141.7 140.7 140 139.3 138.5 136.6 134.3 131.7 129.3 126.7 122.9 112.2 115 109 103.5 99.2 92.7 80.9 69.5 69.8 79 84.5 90 95.7 100.9 101.5 91.8 83 86.3 98.9 107.3 110.2 110.1 110.8 109.5 107.8 106.1 102.6 95.8 88.1 74.9 59.5 48.9 33.2 42.7 50.9 56.7 59.1 56.8 56.1 51.9 48.1 41.9 36.6 33.3 30.4 28 25 8.3 17.5 12.3 7
137.6 131.9 118.8 100.2 87.1 75.7 63.6 71.2 89.4 113.8 129.5 135.4 139.2 141.4 142.9 144.6 145.2 145.4 145.5 144.9 143.6 141.4 139.6 138.6 137.9 138 138.1 136.8 135 132.6 130.2 127.8 125 121.8 117.7 113.2 108.5 103.1 96.9 88 76.1 68.2 64.8 71.1 76.8 85.1 92.1 94.8 91.5 79.4 74.6 78.1 88.2 101.6 104.5 107.1 107 106 105.4 102.5 95.8 88.1 74 60.8 51.7 37.8 36 45.3 50.5 51 47.7 48.4 48 46.1 31.8 29.8 13.1 4.7 2.5 2.1 1.3 -1.2 -1.2 -1.2
135.4 124.7 111.1 92.5 83.6 73.5 61.2 70.6 91.7 115.3 128.1 135 139 141 142.7 144.1 144.7 144.9 144.6 144.3 142.2 140 137.7 136.2 137.6 138.9 136.8 136.3 134.8 133.3 130.9 128.2 125.5 122.9 119.3 114.9 109.6 104.2 98 89.6 82.4 74.9 68.7 59.9 62.7 69.2 76.4 87 87.2 79.2 68.5 69.1 76.1 90.1 92.5 97.6 100.1 100.7 102 101.1 95.8 88.2 74.9 60.6 51.3 40.6 31 35 37.4 37 38.6 38.6 38.4 18.5 6.5 2.2 -1.2 -1.2 -1.2 -1.2 -1.2 -1.2 -1.2 -1.2
127.7 115.7 99.3 86.1 77.6 66.1 59.3 73 95.1 117.1 128.5 135.1 138.1 140.7 142.7 143.5 144.1 144.3 144 143.4 139.6 136.3 133.9 133 134.9 130.3 126.2 135.3 133.8 132.2 129.9 127.7 125.2 121.9 118.8 113.9 108.8 103.4 97.5 91.1 83.7 78.7 74.5 69 59.1 55 64.7 71.7 78.4 76.3 64.6 66.4 75.7 80.5 79.6 86.7 89.2 92.3 93.5 94.4 95.4 89.6 77.7 64.2 53.8 44.6 34.1 29.2 29.2 28.9 32.1 27.5 3.5 -1.2 -1.2 -1.2 -1.2 -1.2 -1.2 -1.2 -1.2 -1.2 -1.2 -1.2
119.4 104.7 91.2 79.4 67.4 57.5 61.1 78.1 100.7 121.5 129.4 134.1 137.1 138.9 140.8 142.4 143.1 143.6 143.5 142.4 138.9 135.1 131.4 128.8 132.5 127.2 122.8 124.8 120.5 111.4 107.9 99 96 91.4 115.7 110.3 105.1 99.7 92.4 86.3 82.1 77.8 74.3 70.8 65.7 51.8 55.5 62.3 67.9 68.5 61.6 55.1 62.8 66.7 67.1 71.8 74.4 78.2 84.4 88.6 91.4 89.9 81.3 69.5 59.6 52.5 44 35.7 32.1 29 19.6 1.4 -1.2 -1.2 -1.2 -1.2 -1.2 -1.2 -1.2 -1.2 -1.2 -1.2 -1.2 -1.2
106.1 96 85.8 73.7 64.3 52.7 62.9 85.3 108.2 122.3 129 132.9 135.4 137.4 139.4 141.6 142.4 142.9 142.7 141.4 138.1 134.4 127.9 127.2 128.9 126.9 127.1 110.4 106.6 105.1 99.7 96.1 88.7 94 98.6 105.2 99.1 91.3 82.9 79.4 76.2 70 67.8 66 60.9 50.7 46.5 51.8 57.8 59.5 57.9 52 50.1 51.9 53.1 54.5 53.6 61.3 69.3 77.4 85.1 87.8 83.1 75 68.8 63.5 56.2 50.8 51.2 24.3 -1.2 -1.2 -1.2 -1.2 -1.2 -1.2 -1.2 -1.2 -1.2 -1.2 -1.2 -1.2 -1.2 -1.2
100.9 91.5 78.2 67.8 58.8 49.7 71.4 88.6 110.6 123.4 128.3 130.6 133.6 136.2 138.6 141.3 142 142.6 142.1 140.5 137.1 133.3 127.5 118.6 126.5 122.6 124.6 107.4 107.8 95.5 97.8 108.1 98.2 103.2 103.2 94.7 87.2 77.4 73.6 69.3 66.4 63.1 61.8 59.6 55.7 52.7 53.2 46.2 42.5 47.1 49.2 50.1 43.9 42.5 42.7 42.5 43 46.6 51.6 61.3 74.7 83.1 84.2 78.4 73.4 70.1 67.4 62.9 61.4 23.4 -1.2 -1.2 -1.2 -1.2 -1.2 -1.2 -1.2 -1.2 -1.2 -1.2 -1.2 -1.2 -1.2 -1.2
96.7 82.4 70.1 66.1 56.7 51.7 68.5 88.8 114.5 122.8 123.4 126 130 134.3 137.4 140.2 141.6 142.2 141.4 139.7 136.5 133.5 128.4 118.7 110.9 113.4 110.2 108.6 98.3 97 97.8 101.1 99.9 94.6 89.4 82.7 77.2 75 80.2 80.1 78.7 78.5 77.9 75.4 70.9 70.2 65.9 61 52.8 41.6 39.4 35.9 34.4 33.7 32.5 30.7 30.5 33.4 42.2 53.3 63.3 74.6 77 76 74.5 72.5 72.3 72.1 70.4 31.1 0.4 -1.2 -1.2 -1.2 -1.2 -1.2 -1.2 -1.2 -1.2 -1.2 -1.2 -1.2 -1.2 -1.2
94 76.5 67.3 63.9 52.1 52.6 65.7 86.5 110 118.5 114.2 120.5 128.6 133.1 136.6 139.8 141.4 142 141.3 139.8 136.7 133.4 128.1 117.4 111.2 108.2 106.8 104.4 99.7 97.6 94.7 91.3 88.3 86.4 84.3 84 86.2 89.2 92.9 92.8 92.2 90.4 88.4 88 83.5 82.1 76.7 71.6 63.7 56 51.7 46.9 44 39.6 42.7 38.3 29.2 26.9 32.3 43.7 54.2 62.3 67.2 66.2 68 70 71.8 76.9 78.4 17.7 0 -1.2 -1.2 -1.2 -1.2 -1.2 -1.2 -1.2 -1.2 -1.2 -1.2 -1.2 -1.2 -1.2
88.7 72.1 64.8 58 50.9 50.5 61.7 78 100.4 110.3 103.6 118.4 127.4 133.6 137 139.5 140.9 141.8 141.1 139.1 136.4 133.2 126.2 118.1 119.4 113.9 115.4 107.1 104.4 101.6 103.6 101.8 107.2 100.1 99.5 100.7 102.6 102.7 105 105.2 103.8 101.9 99.7 97.2 94 91 89.2 80.7 71.7 65.5 60.5 56.7 54.5 51 47.7 40.5 31.9 26.1 26.6 36.9 50.8 64.4 64.9 59.7 62 66.5 71.2 76.7 32.3 8.9 -1.2 -1.2 -1.2 -1.2 -1.2 -1.2 -1.2 -1.2 -1.2 -1.2 -1.2 -1.2 -1.2 -1.2
89.1 74.4 64.1 55.1 45.4 48.3 58.4 73.8 84.1 87.1 96.7 115.5 126.5 134.1 136.7 139.5 140.9 141.9 140.5 138.7 135.8 132.7 124.9 123.9 129.4 129.8 127.1 123.9 118.3 117.6 115.6 112.5 111.2 114.1 112.4 110.5 112.6 114.1 116.9 116.7 114.9 112.3 110.9 107.7 104.6 101.1 96.7 87 78.6 72.2 68.3 63.1 56.4 50.2 45.3 38.3 29.4 25.1 24 30.3 44.6 57.4 66.1 63.9 57.1 61.7 69.6 54 7.8 -1.2 -1.2 -1.2 -1.2 -1.2 -1.2 -1.2 -1.2 -1.2 -1.2 -1.2 -1.2 -1.2 -1.2 -1.2
92.3 80.4 68.1 57.8 47.9 42.7 48.8 59.1 67.5 78.2 95.7 117.8 126.6 134.8 138 140.3 141.7 141.8 140.1 138.9 135.9 132.4 126.6 130.8 134.3 135.5 135 134.9 126.3 123.2 121.9 109.1 115.9 116.5 123.5 124.8 124.6 123.3 121 119.5 118 116 113.8 110.6 107.5 103.5 96.8 89.4 80.9 73 66.6 58.4 49.5 43.6 33.9 30.4 27.7 25 23.5 24.7 37.6 53.3 61.9 67.3 60.9 56.7 66.9 2.4 -1.2 -1.2 -1.2 -1.2 -1.2 -1.2 -1.2 -1.2 -1.2 -1.2 -1.2 -1.2 -1.2 -1.2 -1.2 -1.2
93.5 85.7 75.7 62.4 52.2 45 42 46.3 58.4 78.6 96.3 116.3 128.3 135.8 139.3 140.8 142 142 141 139.8 137.6 134.2 130.5 134.1 136.7 137.7 138.6 138.9 137.3 135.7 134.7 131.8 133.9 132 129.6 129.2 127.3 124.7 121.8 120.3 117.8 115.3 112.4 108.9 105.4 99.7 90.1 85.1 77 68.7 60 52.1 43.9 38.9 40 39.2 32.9 27.1 24.5 20.8 27.7 45.3 54.7 63.6 60.9 53.3 51.1 -1.2 -1.2 -1.2 -1.2 -1.2 -1.2 -1.2 -1.2 -1.2 -1.2 -1.2 -1.2 -1.2 -1.2 -1.2 -1.2 -1.2
94.6 86.3 78.2 67.8 56.2 47.6 40 43.2 54.8 76.3 93.5 115.3 128.3 136.8 139.8 141.3 142.1 142.1 141.4 140.8 138.9 136 135.4 136.2 138.5 140.5 141 141.2 140.8 139.7 138.7 137.8 135.3 133 130.4 128.8 126.6 124.3 121.9 118.6 115 111.8 107.6 102.6 98.6 88.3 85 79.2 72.5 65.6 54.4 46 43.4 48 49.9 48.5 39.8 30.9 26.6 21.2 19.9 33.5 46.1 46.5 51.5 49.7 -1.2 -1.2 -1.2 -1.2 -1.2 -1.2 -1.2 -1.2 -1.2 -1.2 -1.2 -1.2 -1.2 -1.2 -1.2 -1.2 -1.2 -1.2
98.1 88.7 80 72.3 58.3 48.7 41.5 35.8 51.9 69.9 89 110.7 123.5 126.8 140 141.4 142.2 142.7 142.1 141.4 140.1 138.6 138.7 139.2 140.6 141.4 141.9 141.7 141.8 141.1 139.8 138.3 136 132.4 130.4 128.3 125.1 122.4 118.8 115.1 111.2 105.8 100.8 93.1 89.7 85.2 77.8 72.4 65.8 56.1 48.7 48.7 55.1 59.7 62.9 60.9 49.7 36.1 29.4 22.1 8 5.3 3.3 3.5 2.1 -1.2 -1.2 -1.2 -1.2 -1.2 -1.2 -1.2 -1.2 -1.2 -1.2 -1.2 -1.2 -1.2 -1.2 -1.2 -1.2 -1.2 -1.2 -1.2
98.4 90 81.6 72.9 59.2 46.5 36 33.9 47.5 65.5 83.1 108.2 118.1 123 140.6 141.3 142.1 142.9 142.8 142.1 141.8 141.1 140.6 141.1 141.4 142.1 141.8 141.6 141.6 140.6 139.3 136.8 133.5 131.9 129.4 126.2 123.1 119.4 115 110.8 104 97.8 92.6 87.7 82.3 74.8 70.1 61.2 54.7 52 56.8 61.4 70.7 72.1 69.4 66.1 54.8 43.2 33.6 25 -1.2 -1.2 -1.2 -1.2 -1.2 -1.2 -1.2 -1.2 -1.2 -1.2 -1.2 -1.2 -1.2 -1.2 -1.2 -1.2 -1.2 -1.2 -1.2 -1.2 -1.2 -1.2 -1.2 -1.2
99.7 91.9 84.2 72.6 56.1 42.9 32.9 31.3 44.9 62.7 75.4 86.6 109.1 126.4 140.9 141.5 142.3 143 143.5 143.1 142.8 142.4 142.9 142.6 143.4 142.1 141.8 141.5 141.7 140.1 138.4 134.8 131.2 129.5 126.8 123.2 119.3 115 109.4 103.1 94.5 86.5 82.1 72.8 68.6 63.4 59.3 58.9 61.5 67 72.3 75.7 78.5 80.6 76.5 68.3 57.8 48.9 39.6 -1.2 -1.2 -1.2 -1.2 -1.2 -1.2 -1.2 -1.2 -1.2 -1.2 -1.2 -1.2 -1.2 -1.2 -1.2 -1.2 -1.2 -1.2 -1.2 -1.2 -1.2 -1.2 -1.2 -1.2 -1.2
103.7 96 87.8 70.2 51.5 39.4 32.3 30.5 41.7 55.6 68.5 84.4 108.2 124.1 139.4 141.7 142.4 143.2 143.4 143.1 142.7 143.3 143.5 143.2 143.7 143.7 142.4 141.5 141.4 139.7 136.5 132.9 129.3 125.8 121.9 118.1 113.1 108.4 100 92.6 85 76.6 71.5 69.3 68.6 69.1 70.9 75 79.2 82 84.2 87.8 89.7 84.3 74.9 67.7 60.1 52.7 11 -1.2 -1.2 -1.2 -1.2 -1.2 -1.2 -1.2 -1.2 -1.2 -1.2 -1.2 -1.2 -1.2 -1.2 -1.2 -1.2 -1.2 -1.2 -1.2 -1.2 -1.2 -1.2 -1.2 -1.2 -1.2
99 95 80.5 60.8 49.8 38.2 30.7 29.2 38.8 54.1 70.8 88.6 107.5 122.6 138.7 141.9 142.7 143.5 143.4 143.5 143.7 144 144.2 143.9 144.6 144.4 143.2 142.5 141.6 139.3 136.4 132.8 128.2 121.7 113.9 107.6 104.3 97.9 89.5 81.7 78 78.5 81.9 82.3 84.9 84.8 87.2 89.3 91.1 96.2 98.8 96.3 90.9 83.2 73.5 65.5 58.3 51.2 21 -1.2 -1.2 -1.2 -1.2 -1.2 -1.2 -1.2 -1.2 -1.2 -1.2 -1.2 -1.2 -1.2 -1.2 -1.2 -1.2 -1.2 -1.2 -1.2 -1.2 -1.2 -1.2 -1.2 -1.2 -1.2
89.7 88.5 69.5 55.2 44.6 35.3 26.9 27.8 37.6 54.3 72.2 90.9 112.5 125 137.9 141.8 142.9 143.8 143.9 144.2 144.4 144.7 144.9 144.7 145.2 145.1 144.3 143.5 141.2 138.9 136.5 133 128.6 121.2 109.8 103.1 95.8 93.2 91.3 89.7 89 91.2 93 94.3 96.5 98.1 99 103.2 108.1 107.4 102.8 95.3 88.7 80.9 72.1 63.6 56.9 50 36.4 -1.2 -1.2 -1.2 -1.2 -1.2 -1.2 -1.2 -1.2 -1.2 -1.2 -1.2 -1.2 -1.2 -1.2 -1.2 -1.2 -1.2 -1.2 -1.2 -1.2 -1.2 -1.2 -1.2 -1.2 -1.2
75.3 73.3 59.8 49.8 41.2 31 24.2 28.3 38.9 51.3 67.4 87.6 113.2 121.7 134.1 140.3 142.6 143.1 143.9 144.6 145.1 145.3 145.6 145.8 144.8 145.1 144.4 143.8 141.7 138.8 136 132.8 127.8 121.5 115.2 110.2 109.5 106.3 103.9 99.9 98.9 102.3 107.2 110.4 111 113.3 114.7 113.9 112.3 107.9 101.5 91.9 83.8 77 69.6 62.4 56.2 48.3 1.8 -1.2 -1.2 -1.2 -1.2 -1.2 -1.2 -1.2 -1.2 -1.2 -1.2 -1.2 -1.2 -1.2 -1.2 -1.2 -1.2 -1.2 -1.2 -1.2 -1.2 -1.2 -1.2 -1.2 -1.2 -1.2
61.6 59.3 52.3 41.4 33.6 26.7 21.9 28.4 38 49.7 69.9 88.6 111.2 117.6 127.2 135.4 141.1 141.9 143 143.7 144.4 145 145.8 146.5 146.1 145.2 144.6 144 142.3 139.5 137 134.8 130.9 126.2 121.6 120.6 119.4 117.9 116.2 112.4 112.1 114.1 116.2 117.7 119.1 119.2 117.7 116 112 106.2 99 87.4 78.7 73.7 68.4 61.3 52.7 45.4 -1.2 -1.2 -1.2 -1.2 -1.2 -1.2 -1.2 -1.2 -1.2 -1.2 -1.2 -1.2 -1.2 -1.2 -1.2 -1.2 -1.2 -1.2 -1.2 -1.2 -1.2 -1.2 -1.2 -1.2 -1.2 -1.2
44.6 46.5 41.7 31.9 26.3 22.5 20.7 27.3 35.2 50.8 66.2 82.6 103.3 113.3 120.4 126.3 136.1 140.8 141.8 142.8 143.6 144.5 145.3 146.1 146.7 146 145 144.2 142.9 140.9 138.9 136.7 134.1 130.8 128.6 126.9 125.2 123.2 121.8 119.2 118.8 119.2 120.7 121.2 121 120.5 118.4 115.3 109.6 103.4 93.2 81.6 72 68.4 62.6 57.5 50.6 43.7 -1.2 -1.2 -1.2 -1.2 -1.2 -1.2 -1.2 -1.2 -1.2 -1.2 -1.2 -1.2 -1.2 -1.2 -1.2 -1.2 -1.2 -1.2 -1.2 -1.2 -1.2 -1.2 -1.2 -1.2 -1.2 -1.2
30.3 30.9 27.2 23.1 20.9 18.9 18.4 24 34.4 47 57.8 71.2 86.8 104.7 113.9 119.1 128.5 136.1 139 140.5 142.4 143.3 144.3 145.4 146.1 145.9 145.8 145 144 142.3 140.3 138.2 135.7 133.7 132.2 130.3 129.4 128 126.3 124.3 123.5 123.8 123.4 123.3 122.1 119.9 117.2 113.3 106.9 96.3 87.6 76.4 67.4 58.7 53.4 49.7 44.6 40.4 -1.2 -1.2 -1.2 -1.2 -1.2 -1.2 -1.2 -1.2 -1.2 -1.2 -1.2 -1.2 -1.2 -1.2 -1.2 -1.2 -1.2 -1.2 -1.2 -1.2 -1.2 -1.2 -1.2 -1.2 -1.2 -1.2
22.9 20.3 18.6 17.6 16.5 16.2 16.4 19 26.6 38.4 47.8 59.6 73.3 87.5 100.2 112.4 119 125.3 133.1 138.4 140.7 142 143.1 144.2 145.3 145.7 146 145.4 144.7 143.1 141.6 139.7 137.4 136 134.5 132.7 132.1 130.1 128.7 127.4 126.9 126.5 125.5 124.4 122.2 120.1 116.6 112.2 104.4 92.2 81.5 70.7 61.7 55.6 50.2 45.3 41.7 37.9 -1.2 -1.2 -1.2 -1.2 -1.2 -1.2 -1.2 -1.2 -1.2 -1.2 -1.2 -1.2 -1.2 -1.2 -1.2 -1.2 -1.2 -1.2 -1.2 -1.2 -1.2 -1.2 -1.2 -1.2 -1.2 -1.2
23.2 22.1 20.7 19.5 17.8 15 14.5 14.4 19.1 28.5 37.7 47.7 59.6 70.7 80.3 94.8 110.7 116.4 119.8 130.9 136.6 138.5 139.5 141.3 143.4 144.9 145.8 145.3 144.4 143.1 141.7 140.5 139.1 137.2 135.4 134.5 133.6 132.3 131.3 130.4 129.4 128.2 126.8 125.1 123.1 120.7 117.5 112.6 106.2 97.4 81 69 64.5 63 59.2 53.4 47.6 -1.2 -1.2 -1.2 -1.2 -1.2 -1.2 -1.2 -1.2 -1.2 -1.2 -1.2 -1.2 -1.2 -1.2 -1.2 -1.2 -1.2 -1.2 -1.2 -1.2 -1.2 -1.2 -1.2 -1.2 -1.2 -1.2 -1.2
35.4 31.9 32.4 31.8 25.4 21.7 16.8 15.1 14.4 20.8 29 36.1 44.3 55.7 66.4 75.7 88.1 97.2 110.7 118.4 127.6 135 137.4 139.6 141.6 143.3 144.6 144.6 143.8 142.5 141.5 140.7 139.8 138.1 137.1 136 134.6 133.8 133 132 131 129.3 127.2 125.6 123.9 121.3 118.2 113.9 107 92.8 78.6 78.6 78.2 74.6 67.3 59.4 55.9 -1.2 -1.2 -1.2 -1.2 -1.2 -1.2 -1.2 -1.2 -1.2 -1.2 -1.2 -1.2 -1.2 -1.2 -1.2 -1.2 -1.2 -1.2 -1.2 -1.2 -1.2 -1.2 -1.2 -1.2 -1.2 -1.2 -1.2
46.9 44.2 47.8 44 35.8 28.9 24.4 16.9 12.2 14.2 21.9 29.7 34.7 42.2 51.9 63.4 72.7 81.7 90.6 99.1 113.3 127.7 135.8 137.8 139.8 141.8 142.9 143.7 143.3 142.4 141.5 140.5 139.6 138.8 137.4 135.9 134.9 134.5 133.7 132.9 131.1 129.2 127.2 125.5 123.8 121.5 118.2 114.1 103.2 90.3 90.5 92.7 88.5 80.9 71.1 64.8 62.1 20.5 -1.2 -1.2 -1.2 -1.2 -1.2 -1.2 -1.2 -1.2 -1.2 -1.2 -1.2 -1.2 -1.2 -1.2 -1.2 -1.2 -1.2 -1.2 -1.2 -1.2 -1.2 -1.2 -1.2 -1.2 -1.2 -1.2
61.8 60.2 60.8 51.3 44.2 38.9 34.7 26.4 17.2 11 14.2 21.4 29.8 33.5 41.6 52.2 59.3 67.1 72.6 83 102.8 119.6 132.2 134.7 137.3 139.8 141 141.3 141.8 141.2 140.3 139.4 138.5 137.9 137.2 135.9 135.2 134.4 133.5 132.5 130.9 129.1 127.1 125.5 123.6 121.6 118.1 113.8 102 97.6 101.9 96.9 91.5 82 72.7 66.7 -1.2 -1.2 -1.2 -1.2 -1.2 -1.2 -1.2 -1.2 -1.2 -1.2 -1.2 -1.2 -1.2 -1.2 -1.2 -1.2 -1.2 -1.2 -1.2 -1.2 -1.2 -1.2 -1.2 -1.2 -1.2 -1.2 -1.2 -1.2
82.3 77.8 75.6 65.5 54.8 52.6 44.4 34.3 27 17.2 9.6 13.9 21.8 27.2 31 38.4 46.8 53.5 62 75.8 94 113.5 123.6 132.5 135.8 137.6 138.8 139.6 140.2 139.6 139 138.2 137.5 136.9 136.4 135.6 134.7 134 133.2 132.1 130.6 128.9 127.1 125.3 123.4 121.2 118.8 114.7 105.3 104.7 105 99.1 91.4 80.3 70.9 1.8 -1.2 -1.2 -1.2 -1.2 -1.2 -1.2 -1.2 -1.2 -1.2 -1.2 -1.2 -1.2 -1.2 -1.2 -1.2 -1.2 -1.2 -1.2 -1.2 -1.2 -1.2 -1.2 -1.2 -1.2 -1.2 -1.2 -1.2 -1.2
98.6 97.3 95 84.6 73.6 67.9 56.6 46 39.2 28.9 15.8 10.4 9.7 17.6 25.4 30.8 36 43.5 56.8 69.3 83.1 104.4 114.7 128 132.6 134.5 137.3 137.9 138.6 138.1 137.5 136.3 135.8 135.5 135.2 134.9 134.3 133.5 132.8 131.7 130.2 128.7 127 124.7 122.2 121.2 119.7 116.5 110.6 107.3 106.1 99.7 89.1 77.7 69.7 -1.2 -1.2 -1.2 -1.2 -1.2 -1.2 -1.2 -1.2 -1.2 -1.2 -1.2 -1.2 -1.2 -1.2 -1.2 -1.2 -1.2 -1.2 -1.2 -1.2 -1.2 -1.2 -1.2 -1.2 -1.2 -1.2 -1.2 -1.2 -1.2
115.3 113.1 106.5 102.1 95.3 80.9 71.4 64.3 51.9 40 27.3 14.3 8.6 9.8 16.5 23.4 29.1 36.3 48 60.7 73 88.7 105.5 116.7 128.4 133 135.6 136.9 137 136.5 135.3 133.3 133 132.6 132.6 132.8 132.4 132 131.6 131 129.6 128.1 126 123.5 121.3 121.2 119.9 117.3 111.3 108.3 104.8 96.8 88.4 76.5 61.2 -1.2 -1.2 -1.2 -1.2 -1.2 -1.2 -1.2 -1.2 -1.2 -1.2 -1.2 -1.2 -1.2 -1.2 -1.2 -1.2 -1.2 -1.2 -1.2 -1.2 -1.2 -1.2 -1.2 -1.2 -1.2 -1.2 -1.2 -1.2 -1.2
122.2 122.1 121.2 116.6 112.6 99.1 89.2 79.1 64.4 47.7 35 22.8 14.7 5.9 7.6 16.2 22.6 29.7 39.1 49.9 62 74.5 89.5 106.8 119 130.2 128.7 134.4 135.2 134.9 133.5 131.1 129.5 129.6 130 130.6 130.8 130.5 130.1 129.7 128.3 126.9 125.3 122.3 121.2 121.1 120.1 117.2 110.6 106.5 101.9 95.7 86.1 72.3 62.3 -1.2 -1.2 -1.2 -1.2 -1.2 -1.2 -1.2 -1.2 -1.2 -1.2 -1.2 -1.2 -1.2 -1.2 -1.2 -1.2 -1.2 -1.2 -1.2 -1.2 -1.2 -1.2 -1.2 -1.2 -1.2 -1.2 -1.2 -1.2 -1.2
93.3 90.7 78 67.5 65.7 68 65.3 53.1 48.4 45.1 38.8 27.4 19.8 11.3 5.2 9.2 16.7 24.3 32.8 42 53 52.8 58.7 61.9 63.1 68.6 81.1 111.4 124.4 132.7 131.6 129.2 122 125.3 127 127.9 128.1 128.3 128.7 128.3 127 125.4 123.6 120.6 120.4 120.5 119.6 116.6 108.7 104.6 100.4 93.4 80.4 68.2 58.4 -1.2 -1.2 -1.2 -1.2 -1.2 -1.2 -1.2 -1.2 -1.2 -1.2 -1.2 -1.2 -1.2 -1.2 -1.2 -1.2 -1.2 -1.2 -1.2 -1.2 -1.2 -1.2 -1.2 -1.2 -1.2 -1.2 -1.2 -1.2 -1.2
61.7 54.4 43.4 34.9 21.8 19.2 13.9 11.7 9.2 8.4 7.7 7.4 7.4 8 5.8 4.5 3.9 13.9 21.2 25.4 26.1 25 34.2 32.4 39 50.3 60.3 61.4 57.5 55.6 58.2 57.8 65.5 84 109.9 106.4 121 123.5 125.8 117.5 125.2 115 122 117.9 117.4 118.3 118 114.9 105.5 101.9 97.6 89.5 80.8 72.9 62.9 -1.2 -1.2 -1.2 -1.2 -1.2 -1.2 -1.2 -1.2 -1.2 -1.2 -1.2 -1.2 -1.2 -1.2 -1.2 -1.2 -1.2 -1.2 -1.2 -1.2 -1.2 -1.2 -1.2 -1.2 -1.2 -1.2 -1.2 -1.2 -1.2
