UK/data/nb/nb21_OST50GRID_20230518/NB21.asc
ncols 200
nrows 200
xllcorner 120000
yllcorner 910000
cellsize 50
[rows 37 to 73 of 200, columns 83 to 165 of 200]
27 23.6 23.6 24.9 25.7 24.5 24.4 25 23.8 23.2 25.5 27.1 23.3 23.5 21.4 20 20.4 27.1 25 22.7 22.1 25.7 30.3 32.2 33.3 33.5 36 35.7 33.3 29.5 23.6 19.8 19.8 19.8 19.8 21.5 27.5 26.9 24.8 24.8 28.8 42 53.8 69.2 76.2 71.5 67.6 67.6 80 72.7 65.5 56.9 51.1 47.5 40.8 36 32.6 38 39.3 43.3 48.9 59 59.8 60.5 63.2 56.9 48.5 44.5 44.9 42.9 39.4 38.5 39.1 30.2 26.5 29.9 32.7 37.4 39.8 31.3 27.6 26.3 25.8
29 26.5 31.7 32.4 28.3 28.6 32.4 30.3 25.1 27 30.6 25 26.6 21.8 20.6 19.7 24.5 27.3 24.4 24.3 24.6 32.1 33.5 37.4 39.4 40.9 37.5 35.2 30.7 25.8 19.8 19.8 19.8 19.8 22 27.3 29.4 28.6 26.1 25.1 28.1 45.1 59.8 68.7 71.7 69 66.8 66 74.7 69.8 59.2 53.4 47.8 43.8 36.4 32.6 32.6 38.2 38.6 38.9 44.5 52.4 51.6 48.2 49.5 51.1 44 39.8 40 40 39.8 36.9 34.8 29.8 26.1 31 32.9 37.9 36.2 31.4 25.7 25 24.2
32.2 32.3 35.3 31.1 29.7 31.1 35.2 31.8 27.3 31.7 30.6 24 23.1 21.8 20.4 20.1 22.5 26.7 26.4 26.5 25.8 33.5 37.3 39 43.8 41 38.9 34.9 30.8 26.3 19.8 19.8 19.8 19.8 19.8 30.9 31.1 29.9 29 29 28.4 46.6 58.8 68.7 72.5 67.3 63.2 62.7 68.3 63.9 55 47.5 43.7 39.7 32.6 32.6 32.6 36.7 36.1 37.9 39.6 45.1 44.2 38.3 38.5 41 37.8 35 36.3 37.5 38.4 35.2 30.8 26.8 26.1 30.3 34.5 36.9 33.5 31.3 25.8 24.3 23.6
33.4 32.3 34 34.5 33.6 35.7 37.4 30.8 28.3 28.4 26.8 24.2 21.5 20.5 21.9 21.1 26.2 29.1 28.4 28.5 27.9 31.2 36.9 40.2 42.8 44.2 39.5 38.5 30 23.7 19.8 19.8 19.8 19.8 25.8 31.1 31.3 31.2 33.1 32.5 32 41.4 57.3 67.2 72.7 60.4 57.5 57.4 60.2 58.8 51.1 44.4 41.7 38.2 32.6 32.6 32.6 32.6 32.6 37.5 38.2 38.3 38.3 35.7 31.7 38.4 36.9 31.7 31.7 38.2 36.3 32.6 32.7 28.4 27.6 35.6 35.4 36.8 34.2 31.1 27.5 24 23.3
33.8 32.7 34.1 34.1 36 36.6 36.1 30.1 26.4 29.1 25.8 22 21.4 25.3 26.5 24 26.9 30.7 30.4 30.9 29.2 35.1 35 38.4 43.1 43.1 38.1 38.1 28.7 23.8 19.8 19.8 19.8 19.8 26.3 31.5 34.3 34.3 37 35.3 37.1 39 54.2 59.1 61.1 55.2 50 50.4 55 51.8 48.5 43.9 41.5 37.1 32.6 32.6 32.6 32.6 32.6 32.6 36.7 36.9 37 35 31.7 31.7 31.7 31.7 31.7 37.8 35.2 35 33.3 29.4 27.7 35.2 35.4 38.8 36.5 33.4 27.8 26.9 25.9
33.4 30.3 30.3 36.9 36.7 35.8 35.4 27.8 24.9 25.4 24.5 21.5 27.9 26.8 29.2 27.5 31.3 31.9 36.2 32 34.6 36.4 37.6 35.4 37.9 40.4 36.3 32 27.7 24.2 19.8 19.8 25.5 24 35.9 38.3 37 36.2 38.6 38.3 40 40.5 45 55.8 52.9 51.2 46.1 45.2 49.2 50.3 49.3 44.5 42.2 39.5 33 32.6 32.6 32.6 32.6 32.7 34 34.6 35.2 35.7 34.7 31.7 31.7 31.7 31.7 31.7 34.4 36.8 34.6 30 27.3 35.1 35.2 37.7 36.5 33.5 29.9 28.6 29.6
35.2 32.3 30.3 36.2 38.3 34.6 33 28.8 24.6 22.8 22.5 24.8 30 32.9 34.3 32 38.9 35.3 33.5 31.5 33.2 37.2 35.9 33.2 36.4 37.9 34.7 32 27.8 22.8 19.8 28.9 29.9 25.6 32.8 35.6 38.1 41.3 40.2 41.9 41.8 41.6 42 51.8 48.6 47.5 44.4 41.4 42.9 49 48.1 46 44.9 41.7 37.4 32.6 32.6 32.6 39.5 37.5 35.7 34.2 33.7 35.6 36.9 31.7 31.7 31.7 35.8 31.7 33 36.5 35.8 31.6 27.7 31.2 34.2 33.6 30 32.6 31.8 32.2 30.4
34.6 32.2 31.2 32.6 33.6 32.9 33.6 28.6 26.1 23.8 27.7 26.1 28 32 33.1 37.4 41 37.9 35.2 31.7 32.6 33.6 32.3 31.6 35.2 38.5 35.9 33.2 26.4 23.4 33.4 35.5 31.1 26.7 32.9 33.9 35.1 40.2 40.4 43.1 42.6 42.2 43.3 43.7 43.5 44.1 44.9 40.7 41.9 46.7 48.7 47.4 46.1 44.2 39.2 35 32.6 38 43.1 39.6 37.6 33.9 31.7 31.7 36.5 31.7 31.7 31.7 35.7 34.7 35.9 36.7 35.9 33.5 25.6 25.6 30.9 27.4 27.4 31.4 33.9 35.6 31.2
37.1 31.9 30.3 29.9 29.9 33.4 29.2 31.2 28 29.7 28.1 27.3 28.8 34.4 34.8 39.7 45.3 38.8 35 33.1 31.9 31.8 30.1 30 35.3 43.4 35.2 31.1 26 27.8 36.6 31.5 30.1 28.8 31 33.5 33.2 35.9 38.9 43.9 42.3 46.9 51 41.5 38.6 41.1 43 39.7 40.2 45.9 49.6 48.7 47.7 45.6 40.8 37.3 36.3 46.1 44.8 40.6 36.9 36.4 34.3 31.7 36.2 31.7 31.7 37.5 37.6 37.3 37.1 39 38.1 35 25.6 25.6 27.3 27.4 27.4 30.3 35.4 36 30.9
36.3 33.8 35.8 33.1 28.8 28.4 28.5 31.8 34.3 35.2 31.6 31.5 31.5 35.8 37.3 39.1 40.4 38.4 34.8 34.2 32 29.3 28.2 28.9 33.5 38.8 35.3 31.2 26.9 29.1 32.6 34.2 33.9 31.8 29.8 32.1 32.1 33.1 39.7 44.5 42.2 51.4 51 39.2 33.5 38.4 40.1 38.6 39.5 43.2 52.3 50 48.6 46 42.7 40.2 45 51.9 46.1 40.2 38 40.9 38.1 31.7 31.7 31.7 31.7 35.5 38.2 38.1 38.4 41 39.1 33.8 25.6 25.6 32.6 29.1 27.4 27.4 33.5 34.9 30.4
36.3 35.7 41.6 35.1 29.9 26.1 26.4 37.8 37.4 36.8 33.8 32.1 32.4 35.7 33 36.5 33.6 31.6 30.1 30 28.2 28.2 27 27.4 29 37.7 33.2 28.8 27.2 27.4 30.7 37.8 38.2 34.6 33.6 32.8 32.5 32.8 41.5 43.4 42.2 48.1 46.2 39.4 30.8 33.8 38 38.1 40.3 43.1 52 51.4 48.2 46.1 44 42.8 46.7 52 44.5 41.5 44.5 46.5 42.6 38.9 31.7 31.7 31.7 35.3 40.6 38.6 39 43.4 39.6 32.9 26.3 26.1 36.8 30.7 27.4 27.4 31 31.9 29.4
36 38.4 41.6 35.3 26 25.2 27.5 35.1 39.1 32.5 30.6 29.8 31.8 30.3 29.1 27.2 25.6 25.3 26.2 26.5 27.2 27.6 27.9 26 25.7 35.1 29.4 28.8 27.5 27.3 29.4 34.9 40.3 39.4 36.3 35.3 34 35.7 41.4 41.1 42.8 43.6 43.9 38.5 31.2 27.3 36.4 38.8 42 42 45 50.7 48 46.3 46 45.6 46.1 52.2 44.1 44.3 51.9 49.9 44.5 39.1 31.7 31.7 31.7 38.6 40.6 40.5 44.4 45.5 37.2 31 27.7 28.3 38.3 30.3 28.8 29 27.4 29.5 28.6
36.4 39.3 36.5 31.5 24.8 25.5 26.2 33.8 31.9 28.2 27.8 25.6 25.8 27 25.3 25 23.6 25.4 25.9 28.7 26.9 26.8 25.6 23.3 22.4 27.3 27.5 28.1 27.3 27.1 29.9 35.5 42.4 39.5 38.1 36.8 37 36.7 37.7 40.3 43.5 42.5 41.3 35.5 29 27.3 31.1 40.7 42.3 41.8 42.2 44 47 46.6 45.9 45.8 44.6 46.4 43.8 46.3 51.3 51.3 42.7 38.8 31.7 31.7 31.7 37.9 41.2 43.6 47.9 42.1 35.8 29.6 28.6 28.9 30.7 29.4 28.6 29.4 34.4 30.3 28.4
32.5 31.6 27 23.8 22.5 23.9 22.8 23.9 23.8 23 23.9 25.1 25.1 23.8 23.1 22.5 24 27.1 33.2 28.6 28 25.3 24.5 22.8 21.7 22.3 24.2 27.1 25.4 26.6 29.3 34.2 38.3 38.6 38.1 38.3 40.8 35.9 35.6 36.6 40.3 41.9 36.8 32.9 28.9 27.3 28.2 31.8 36.1 36.3 37.6 40.8 44.9 46.8 45.8 44.4 42.2 42.3 42.2 46.1 48.2 47.3 40.4 38.8 31.7 31.7 31.7 38.7 42.4 44.6 46.2 41.2 32.8 30 29.7 29.7 30.8 29.2 29 32.9 37.3 29.7 27.4
24.4 22.5 20.8 21.5 20.3 20.3 20.6 21.1 21.7 21.9 22.5 24.9 24.4 20.4 19.3 20.8 26.1 27.1 29.1 29.7 25.2 24.8 21.7 19.7 19.7 20.8 21.1 21.9 22 26 26 29.6 33.4 36.9 36.8 37.1 37.7 33.8 33.3 36.6 37.1 37.4 32.9 31 29 27.4 28.7 29.4 31.6 33.8 37.5 43.6 43.9 48.2 46.3 42.6 41 40.6 40.9 44.6 47.8 46.7 39 36.7 33.8 31.7 31.7 37.1 41.7 45.5 44 38.1 33.8 33.1 31.4 32.8 31.5 30.5 29.8 33.1 35.3 27.8 26.2
19.5 19.2 20.4 20.6 18.1 18.1 20.1 17.8 19.2 19.3 20 21.2 19.7 17.8 19.5 20.1 22.6 24.8 26.2 25.1 21.9 21.4 19.4 18 18.8 20.5 19.3 17.2 16.3 20.2 20 24.6 27.4 29 29.8 31.6 31.9 31 33.1 36.2 36.8 34.3 32.2 31.7 29.2 29 30.6 30.9 31.9 35.4 38 39.3 42.6 42.7 44.7 41.4 40.2 39.8 40 41.7 43.8 41.1 39.1 37.3 34.3 36.9 38.9 38.2 40.6 47.1 42 37.7 36.8 38.3 41.9 33.3 37.6 32.2 30 31.8 33.9 27.2 26.2
19.2 20.9 19.9 16.1 13.6 17.4 16.2 14.4 14.1 15.7 16.8 18.3 15 16.3 17.2 18.8 18.4 18.9 20.1 19.6 19.6 18.5 16.8 16 16.8 21.4 20.3 17.2 14.3 13.5 13.7 18.7 23.3 21.4 25.8 27.4 30.6 35.3 36.1 36.4 36.3 31.8 30.9 30.1 28.1 30.4 31.8 31.7 35 41.3 40.1 38.3 38.4 39.6 39.3 40 39.1 39.3 39.8 42.6 41 40 39.4 37.6 37.9 42.5 45.3 39.3 38.5 42.4 40.6 41.5 44.6 42.9 43.7 37.9 36.3 32.3 30.6 31.5 34.6 27.1 26.2
18.7 21.4 18.2 12.1 10.3 11.8 10.8 10.7 11.1 11.7 10.8 12 12.3 10.9 10.8 15 15.1 15.1 15.6 15.7 16.6 16.9 15.7 15.1 14.9 19.7 20 17.8 15.4 12.5 13.9 17.7 18.3 17.9 25 31.7 35 44.1 42.5 35.9 32.1 29.7 30.5 24.5 27.4 27.9 29.6 30.9 34.5 40.3 38.8 38.2 36.4 35.8 39 37.3 34.8 37.7 40.7 44.2 42.4 41.4 40.5 39.6 43 49.3 47.6 40 39.1 40.1 43.4 46.2 49.3 49.3 46 41.4 34.4 31.8 31.1 31.2 31 27.4 26.2
20.6 18.2 11.6 9.5 7.8 5.7 7.6 8.2 7.7 8.2 8.5 9.8 9.7 6 9.3 15.4 12.2 12.8 12.4 12.5 13.2 13.4 14.9 13.2 10.7 15.5 18.3 16.1 12.2 11.6 17.6 18.1 15.9 18.2 34.2 40.1 47 46.9 39.8 30.8 28.6 28.2 27.8 21.8 23.3 21.8 25.7 28.7 30.3 35.1 35 34.6 32.9 31.6 34.9 35.7 33.5 39.7 43.4 49.3 42.6 42.3 41.8 42.2 44.5 48.9 45.7 40.4 40 40.7 47.7 51.9 55.4 51.8 50.6 44.5 36.7 35.4 34.4 31.8 31.5 27.9 26.6
15.2 11 -2.1 -2.1 -2.1 -2.1 -2.1 -2.1 -2.1 -2.1 3.9 -2.1 -2.1 -2.1 -2.1 8.3 8.4 10.7 8.5 8.4 7.7 9.9 9.8 7.6 7.7 9.1 13.9 13.1 10.3 12.3 15 14.3 15 18.7 29.1 36 42 39.8 35.9 23.9 22.2 20.4 19.5 20.1 19.3 18.8 19.4 25.6 28.7 29.3 29.9 31.4 31.9 27.9 29.1 31.2 33 38.5 38.7 39.3 40.3 41.6 42.9 45 49 48.8 45.3 41.7 41 45.5 52.4 58.7 56.7 64 55.1 46.7 38.9 37 39.1 32.9 31.7 28.1 28
-2.1 -2.1 -2.1 -2.1 -2.1 -2.1 -2.1 -2.1 -2.1 -2.1 -2.1 -2.1 -2.1 -2.1 -2.1 -2.1 -2.1 2.9 5.4 -2.1 -2.1 -2.1 -2.1 -2.1 -2.1 -2.1 -2.1 8.8 10.1 5.7 11.9 10.6 11.5 19.8 20.2 24.1 30.9 29.9 23.7 19.1 15.6 18.2 15.6 16.5 17 15.5 16.2 22.7 25.1 25.3 27.6 26 25.7 25.5 26.3 25.7 32.6 34 37 37.3 39.5 41.9 44 52.8 50.7 49.1 46 42.9 45.7 51 60.8 64.6 73.8 68.6 60.2 50.3 40.5 38.6 35.7 33.2 31.6 29.3 30.1
-2.1 -2.1 -2.1 -2.1 -2.1 -2.1 -2.1 -2.1 -2.1 -2.1 -2.1 -2.1 -2.1 -2.1 -2.1 -2.1 -2.1 -2.1 -2.1 -2.1 -2.1 -2.1 -2.1 -2.1 -2.1 -2.1 -2.1 -2.1 -2.1 -2.1 -2.1 -2.1 6.2 12.1 12.8 13.1 16.8 19.7 19 13.4 8.1 8.4 10.6 10.7 12.6 11.8 11.4 13.6 15.3 18.9 23.7 21.1 20.4 22 23.2 24.1 26.3 31.6 34.2 39.3 40.8 42.2 45 49.7 50.8 50.4 46.1 45.4 48.3 56.5 69.5 73.4 77.7 71.4 64.3 48.1 42.5 39.8 36.6 33.6 32 31.5 33.5
-2.1 -2.1 -2.1 -2.1 -2.1 -2.1 -2.1 -2.1 -2.1 -2.1 -2.1 -2.1 -2.1 -2.1 -2.1 -2.1 -2.1 -2.1 -2.1 -2.1 -2.1 -2.1 -2.1 -2.1 -2.1 -2.1 -2.1 -2.1 -2.1 -2.1 -2.1 -2.1 -2.1 -2.1 -2.1 -2.1 -2.1 -2.1 -2.1 -2.1 -2.1 -2.1 -2.1 -2.1 -2.1 -2.1 -2.1 -2.1 -2.1 -2.1 12.8 19 15.6 16.1 19 22.6 24.7 25.7 33.6 38.6 40.2 40.9 45.6 48.3 50.5 51.9 47.7 47.3 56.3 65 69.2 82 78.1 68.9 58.8 49 49.7 39.8 35.9 34.2 33.1 34.2 35.7
-2.1 -2.1 -2.1 -2.1 -2.1 -2.1 -2.1 -2.1 -2.1 -2.1 -2.1 -2.1 -2.1 -2.1 -2.1 -2.1 -2.1 -2.1 -2.1 -2.1 -2.1 -2.1 -2.1 -2.1 -2.1 -2.1 -2.1 -2.1 -2.1 -2.1 -2.1 -2.1 -2.1 -2.1 -2.1 -2.1 -2.1 -2.1 -2.1 -2.1 -2.1 -2.1 -2.1 -2.1 -2.1 -2.1 -2.1 -2.1 -2.1 -2.1 -2.1 -2.1 12.3 15.4 12.3 16.5 20.3 22.7 30.5 34.9 38.3 39.5 41.8 43.6 47.3 49.8 48 51.5 60.1 70.8 67.8 80.3 77.6 65.8 55.4 51.1 49.2 40.6 36.3 34.7 33.8 36.1 38
-2.1 -2.1 -2.1 -2.1 -2.1 -2.1 -2.1 -2.1 -2.1 -2.1 -2.1 -2.1 -2.1 -2.1 -2.1 -2.1 -2.1 -2.1 -2.1 -2.1 -2.1 -2.1 -2.1 -2.1 -2.1 -2.1 -2.1 -2.1 -2.1 -2.1 -2.1 -2.1 -2.1 -2.1 -2.1 -2.1 -2.1 -2.1 -2.1 -2.1 -2.1 -2.1 -2.1 -2.1 -2.1 -2.1 -2.1 -2.1 -2.1 -2.1 -2.1 -2.1 -2.1 6 11.4 14.3 14 18.8 21.5 28.4 36.2 37.2 36.4 40.5 44.9 46.8 46.8 52.5 59 64.9 64.4 75.4 73.9 62.2 53.3 49.3 45.1 41.5 41.5 35.3 35.5 37 39.7
5.7 -2.1 -2.1 -2.1 -2.1 -2.1 -2.1 -2.1 -2.1 -2.1 -2.1 -2.1 -2.1 -2.1 -2.1 -2.1 -2.1 -2.1 -2.1 -2.1 -2.1 -2.1 -2.1 -2.1 -2.1 -2.1 -2.1 -2.1 -2.1 -2.1 -2.1 -2.1 -2.1 -2.1 -2.1 -2.1 -2.1 -2.1 -2.1 -2.1 -2.1 -2.1 -2.1 -2.1 -2.1 -2.1 -2.1 -2.1 -2.1 -2.1 -2.1 -2.1 -2.1 -2.1 -2.1 2.9 7 12.8 17.6 20.6 25.6 29.1 30.6 35.6 38.8 44.2 43.5 47.3 52 56.5 60.3 60.5 59.9 56.7 48.6 44.6 43.7 37.7 40.3 32.4 34.6 37.7 40.7
13.1 8.6 9.2 7.1 -2.1 -2.1 -2.1 -2.1 -2.1 -2.1 -2.1 -2.1 -2.1 -2.1 -2.1 -2.1 -2.1 -2.1 -2.1 -2.1 -2.1 -2.1 -2.1 -2.1 -1.7 -2.1 -2.1 -2.1 -2.1 -2.1 -2.1 -2.1 -2.1 -2.1 7.3 2.2 1 -2.1 -2.1 -2.1 -2.1 -2.1 -2.1 -2.1 -2.1 -2.1 -2.1 -2.1 -2.1 -2.1 -2.1 -2.1 -2.1 -2.1 -2.1 -2.1 -2.1 -2.1 10 11.9 15.4 19.6 24.3 30.3 35 40.2 39.6 42.2 47.3 52.1 55.3 50 48.5 50.7 43.7 38.2 35.3 36.2 37.4 29.6 33.5 36.4 43.8
17.2 13.1 9.8 4.1 -2.1 -2.1 -2.1 -2.1 -2.1 -2.1 -2.1 -2.1 -2.1 -2.1 -2.1 -2.1 -2.1 -2.1 -2.1 -2.1 -2.1 4.9 8.2 4.6 1.9 -2.1 -2.1 -2.1 -2.1 -2.1 -2.1 0.5 1.6 10.8 10 6.4 6.4 6 -2.1 -2.1 -2.1 -2.1 -2.1 -2.1 -2.1 -2.1 -2.1 -2.1 -2.1 -2.1 -2.1 -2.1 -2.1 -2.1 -2.1 -2.1 -2.1 -2.1 -2.1 -2.1 -2.1 -2.1 -2.1 17.5 26.9 30.2 33.7 37.2 39.9 41.2 49.2 41.3 37 38.1 33 29.2 30.4 27.8 25.5 20.9 24.7 31.6 41.9
18.5 14.9 9.8 6.4 1.9 1.9 -2.1 -2.1 -2.1 -2.1 -2.1 -2.1 -2.1 -2.1 -2.1 -2.1 -2.1 -2.1 -2.1 1.9 8.5 11.7 11.1 9.6 7.5 8.5 6 6.3 6.9 6.9 8.2 8.7 14 10.3 10.6 10.6 11.9 9.2 5.4 2.4 -2.1 -2.1 -2.1 -2.1 -2.1 -2.1 -2.1 -2.1 -2.1 -1.9 -2.1 -2.1 -2.1 -2.1 -2.1 -2.1 -2.1 -2.1 -2.1 -2.1 -2.1 -2.1 -2.1 -2.1 -2.1 13.6 14.4 20.3 20.5 22.6 26.2 25.6 20 17.2 19.5 20.5 19.1 21.1 20.1 11.2 17.6 23.6 36.6
20.3 17 11.7 7.5 8.5 8.1 7.2 5.5 -2.1 -2.1 -2.1 -2.1 -2.1 -2.1 -2.1 -2.1 -2.1 -2.1 7.8 9.3 9.7 11.5 12.4 12.6 16.6 14.6 11.9 12.2 11.9 11.2 13.4 15.5 16.8 14.7 16.8 13.9 15.5 12.3 7.2 1.9 1.9 5.8 4.7 -2.1 -2.1 -2.1 -2.1 5.7 6.6 8.9 7.1 -2.1 -2.1 -2.1 -2.1 -2.1 -2.1 -2.1 -2.1 -2.1 -2.1 -2.1 -2.1 -2.1 -2.1 -2.1 3.3 5.2 11 9.1 10.3 10.7 14 15.4 12.4 10.7 6.7 6.5 9.6 9.6 11.1 15.7 27.3
20.8 17.2 14.4 9.7 10.8 10 8.8 7.6 -2.1 -2.1 -2.1 -2.1 -2.1 -2.1 -2.1 1.4 7.9 12.7 10.4 11 11 12.5 16.4 17.6 19.1 21.1 28.1 32.8 31.5 20.4 24.2 24.8 22.3 20.7 17 16.7 15.6 9.4 8.3 7.2 5.3 8.3 9.8 -2.1 6.4 8.6 8.8 9.8 10.6 20.1 13.3 8.3 10.9 6.7 -2.1 -2.1 -2.1 -2.1 -2.1 -2.1 -2.1 -2.1 -2.1 -2.1 -2.1 -2.1 3.5 1.6 -2.1 -2.1 -2.1 -2.1 6 4.7 4.5 5.2 1.4 1.6 1.9 7.3 6.1 16.4 26.6
22.2 19.9 16.2 11.1 12.2 11.7 11.1 9 7.2 -2.1 -2.1 -2.1 -2.1 -2.1 -2.1 7 10.8 15.3 11.1 11.6 13.9 16.9 22.1 26 32.3 38.9 46.2 45 40.9 39.3 33.5 27.9 23.3 21.1 19.2 18.1 14.1 13.2 13.2 13.1 12.3 10.8 8.8 10.9 15.9 14.4 15.1 18.7 17.5 21.5 16.6 13.3 16 12.3 8.7 -2.1 -2.1 -2.1 -2.1 -2.1 -2.1 -2.1 -2.1 -2.1 -2.1 -2.1 -2.1 -2.1 -2.1 -2.1 -2.1 -2.1 -2.1 -2.1 -2.1 -2.1 -2.1 -2.1 -2.1 -2.1 -2.1 9.6 13.7
22.4 18.9 17.5 15.9 13.1 12.5 12.4 8.9 1.8 -2.1 -2.1 -2.1 -2.1 -2.1 7.2 10.6 12.5 14.1 12.7 14.6 20 26.4 35.3 38.1 44.1 48.9 55.1 55.4 57.7 51.3 42.6 35.7 28.1 23 19.7 17.8 17.5 19 21.2 24.5 16.8 13.5 16.2 17.4 20.1 22.5 33.7 37.8 27.9 23.1 20.5 16.2 17.4 16.4 12.9 8.6 1.3 -2.1 -2.1 -2.1 -2.1 -2.1 -2.1 -2.1 -2.1 -2.1 -2.1 -2.1 -2.1 -2.1 -2.1 -2.1 -2.1 -2.1 -2.1 -2.1 -2.1 -2.1 -2.1 -2.1 -2.1 -2.1 5.7
22.8 20.5 18.3 18 16.1 13.1 13.2 10.1 1.8 -2.1 -2.1 -2.1 -2.1 -2.1 9.1 12.4 16.4 15.4 14.7 18 29.3 37.6 43 45.6 49.6 56.9 62.8 66.2 64.3 61.7 54.4 45.8 34 25.1 21.7 20.5 24.8 20.6 21.2 19.5 17.7 17 25.4 25.8 31.9 46.9 48.1 40.6 36 31.4 28.2 29.2 25.2 22.1 16 11.9 6.1 -2.1 -2.1 -2.1 -2.1 -2.1 -2.1 -2.1 -2.1 -2.1 -2.1 -2.1 -2.1 -2.1 -2.1 -2.1 -2.1 -2.1 -2.1 -2.1 -2.1 -2.1 -2.1 -2.1 -2.1 -2.1 -2.1
25 21.7 22 22.4 17.8 13.2 12.7 11.5 2.6 -2.1 -2.1 -2.1 -2.1 -2.1 7.9 15.1 17.4 16.2 17.9 23.9 34.2 41.5 46.7 60.1 56.3 59.2 65.6 69.2 70 64.9 56 49 36.1 28.6 24.6 24.4 24.8 25.4 18.9 19.2 18.7 23.8 34.7 53.4 64 55.3 49.3 43.5 39.1 36.4 31.7 31.1 24.8 21 15.9 12.6 8.6 -2.1 -2.1 -2.1 -2.1 -2.1 -2.1 -2.1 -2.1 -2.1 -2.1 -2.1 -2.1 -2.1 -2.1 -2.1 -2.1 -2.1 -2.1 -2.1 -2.1 -2.1 -2.1 -2.1 -2.1 -2.1 -2.1
26.7 24.1 27.7 24 19.4 13.3 11.2 10.5 -2.1 -2.1 -2.1 -2.1 -2.1 -2.1 8.1 15.8 19.4 18.1 20.3 30.9 39 45.8 55.4 63.5 59.5 62.8 66.9 71.7 68.8 59.7 52 44.4 35 31.3 28.8 26.4 24 25.2 24.7 25 26.4 36.9 52.3 64.9 66.8 50.4 47.4 44 40.5 39.1 34.8 30 24.5 22.6 17.1 12.8 9.4 5.3 -2.1 -2.1 -2.1 -2.1 -2.1 -2.1 -2.1 -2.1 -2.1 -2.1 -2.1 -2.1 -2.1 -2.1 -2.1 -2.1 -2.1 -2.1 -2.1 -2.1 -2.1 -2.1 -2.1 -2.1 -2.1
26.5 26.3 28.6 26.2 23.5 13.4 10 7.1 3.9 -2.1 -2.1 -2.1 -2.1 2.4 7.5 15.1 22.3 22.5 26 34.1 42.6 51.4 64.3 71.8 69.3 69.3 65.1 64.1 63 57.8 47.2 40.4 35.7 33.8 30.6 27.3 27.4 29.3 29 29.4 37.9 49.8 62.2 66.7 62.9 56.5 52.4 46.7 43.5 37.7 31.8 29.4 26.4 23 16.6 16.9 18.9 10.4 2.6 -2.1 -2.1 -2.1 -2.1 -2.1 -2.1 -2.1 -2.1 -2.1 -2.1 -2.1 -2.1 -2.1 -2.1 -2.1 -2.1 -2.1 -2.1 -2.1 -2.1 -2.1 -2.1 -2.1 -2.1
