UK/data/sn/sn68_OST50GRID_20230518/SN68.asc
ncols 200
nrows 200
xllcorner 260000
yllcorner 280000
cellsize 50
[rows 72 to 107 of 200, columns 0 to 80 of 200]
64.2 69.7 74.4 80.5 84.1 86.5 89.2 92.5 95 96.8 99.3 102.2 106.5 111.1 115 118.5 121.2 124.3 128.9 133 136.8 140.4 142.7 145.3 148.5 151.6 153.6 153.5 154.3 156.7 161.2 162 160 158.7 159 158.9 158.7 159.3 160.1 159.2 157.1 155.7 155.3 159.1 161.2 150.6 131.8 103.6 79.4 58.9 43.8 39 44.2 51.7 58.4 64.8 71.9 79.3 84.9 88.2 89.4 85.4 78.3 73.3 68.1 61.1 55.8 54.6 54.7 54.6 55.2 55.7 56.1 57 57.7 59.6 61.5 63.5 66.8 71.6 74.9
67.1 71.7 77.1 82.8 86.3 89 92.7 96.3 98.7 101.5 104.5 108.8 113.9 119.6 124.7 128.4 131.8 134.9 139.3 143.3 145.7 147.4 149.7 152.2 155.1 157.8 160.6 162 161.4 163.1 167 169.8 167.9 165.6 164.6 162.7 161.8 162.3 163.2 162.7 161.2 159.5 159.8 161.9 162.4 154 136.9 109.9 85.7 64.9 46.4 39.2 44.8 51.1 56 61 67.1 71.6 75.8 80.5 79.6 74.4 67.5 61.9 56 54.3 53.1 52.9 53.4 53.9 54.9 55.5 55.8 56.5 57.7 58.9 60.8 62.3 64.3 64.8 66.2
67.7 72.7 78.8 84 87.6 92.1 96.4 99.8 102.5 105.8 109.7 114.3 121.1 127.7 133.7 137.9 141.3 144.9 148.1 150.6 152.4 154.2 156.1 158.5 161 162.9 164.8 166.8 166.6 167.7 170.4 173.3 173 170.7 168.1 164.6 163.2 163.7 164.5 164.3 163.5 162.6 163.2 163.8 162.7 153.2 136 109.9 87.6 68.5 48.2 39.4 47.2 50.9 53.4 56.5 60.2 61.5 65.6 67.8 61.6 62.5 57.5 54.3 53.2 52.1 51.6 52.2 52.6 53.1 54.3 55.2 55.6 55.3 58.3 59.3 61.5 63 66.9 70.4 72.7
69.2 73.9 79.8 85 89.4 94.3 99.3 103.3 106.5 110.4 114.4 120.1 127 135.4 142.5 146.8 149.4 152 154.6 156.2 157.5 159.2 161.2 163.3 165.2 167 168.7 170.3 171.1 172.2 174.2 175.4 174.8 171.5 169.1 165.3 162.7 162.6 164 164.5 164.4 163.9 165.3 164.3 159.6 146.5 131.5 106.9 88.2 70.9 52.3 39.3 49 51.1 52.6 53.1 55.7 56.7 57.4 57.5 54.8 53.3 52.7 51.8 51.4 50.9 51.1 51.7 52 52.4 53.3 54.8 55.8 57 58.4 59.7 61.8 63.7 68.2 72 76.4
71.5 76.2 81.7 86.9 91.7 96.6 101.6 106.2 111 115.2 120.3 126.8 135.6 143.9 150.4 154 156.3 158.4 159.6 160.9 162.5 164.1 165.3 166.6 167.3 168.1 169.1 171.3 172.2 174 176.7 176.8 173.4 171 168.7 165.1 161.7 161.2 161.1 162.3 162.4 163.1 165.7 161.1 152.4 137.1 124.5 104 88.1 73.2 53.1 38 49.7 51.2 51.6 52.1 51.6 52 52.2 51.2 50 50.1 50 50.2 50.2 49.6 50.8 51.2 51.5 51.9 53.3 54.5 55.8 57.2 58.8 60.2 62.1 63.8 68.3 72.8 77.7
74.1 78.8 83.9 88.7 93.6 99 104.4 110.7 116.6 121.4 127.8 135.2 143.9 151.8 157 159.6 161.6 163.5 164.5 165.6 166.4 167.3 167.9 168.3 168 167.6 168.9 170.3 171.3 172.6 174.5 174.1 170.8 168.2 166.7 164.1 160.7 158.7 156.4 156.4 157.5 158.3 160.7 154.7 141.8 127.4 114.5 101.4 88.9 73.3 54.6 37.1 49.6 50.6 51.1 49.5 48.9 48.9 48.6 47.8 47.9 48.4 48.6 48.8 49.4 49.9 50.7 50.7 51 52.7 53.3 54.3 56 57.3 58.8 60.6 62.5 64 67.4 71.1 76.3
75.9 81 85.8 90.6 96.2 101.9 108.8 115.6 121.9 128.3 134.9 141.9 149.4 156 160.2 163.5 165.7 167.3 167.8 168.5 168.3 168.5 168.4 168.2 167.1 166.5 166.5 167.7 168.4 168.8 169.3 170.1 168.1 165 163.8 161.4 157.4 154.7 151.4 148.3 148.4 149.6 148.4 142.7 130.1 116.7 106 97.9 86.2 70 53 36.7 48.4 48.8 47.5 46.4 46.4 46.4 45.8 45.7 46.7 47.1 47.4 47.5 48.1 49.2 50.1 50.1 51.8 53.7 54.8 55 55.3 57.6 59.2 62 63.3 65.9 67.1 66.6 71.3
77.8 83 87.8 93.3 99.5 106.6 113.4 120.3 126.8 133.4 139.3 145.4 152.2 157.6 161.9 165.3 167.5 169.1 169.7 169.9 168.5 167.1 167.3 166.5 165.3 164.6 164.2 164.6 165.3 165.7 166.3 165.8 164 162.1 160.5 157 151.8 146.7 144.4 140.5 139.4 138 134.8 129.1 117.9 107.4 99.4 91.8 80.7 65.4 50.4 36.4 45.9 44.4 43.6 43.1 43.7 43.9 43.3 43.6 44.7 45.9 46.3 46.4 47.2 48 49.6 51.6 53.4 55.4 56.3 56.5 57.5 59 61.2 64.3 67 70.3 72.8 73.9 75.2
79.6 85 90.9 96.9 103.9 110.8 118.5 125 130.8 136.2 141.7 147.1 152 156.4 160.3 162.9 164.8 166.7 167.6 167.6 166.2 165 164.2 163.4 162.7 161.8 161.4 161.8 163 163.5 164.1 163.7 161.9 159.7 157.4 152.7 145.5 136.6 134.5 131.2 129.6 127.3 122.6 116.3 106.9 97.6 90.3 83.9 72.6 59 47.8 36.3 41.2 40.5 40.4 41.7 42.4 42.6 42.3 42.7 43.6 44.4 45.7 47.5 49.1 50.4 51.7 53.4 55 56.5 57.3 58.2 59.2 60.8 63.1 66 69 73.2 77 79.9 82.9
82.4 88.4 94.3 100.4 107.2 113 120.9 127.2 131.8 136.3 140.1 143.5 147.2 150.2 152.9 155.6 158.2 159.7 160.7 161.5 160 159.8 159.3 159.4 159.4 159 159.6 160.7 162.4 163.2 163.2 162.4 160.6 158.3 155 149.3 137.3 125 122.8 121.1 118.9 116.1 111.4 105.9 97.2 89.2 82.4 74.6 63.6 53.7 44.9 36.1 37.8 38.5 39.4 40.8 41.5 41.3 41.9 41.4 43.5 45.1 46.7 48.5 50.8 52.2 53.5 55.1 56.8 59 60.3 60.9 61.4 63.4 65.6 68.7 72.6 76.6 80.4 83.5 86.5
85.5 91.9 97.5 103.7 109.9 115.7 121.2 126.8 130 132.8 135.2 136.3 139.4 141.9 144.6 147.3 149.6 151.6 153.2 153.7 153 153.2 155 156.6 157.5 157.9 159.4 161 162.7 162.8 162.3 160.7 158.9 156.6 152.9 145.4 131.3 118.6 113.2 111.1 108.7 107 102.1 96.5 89.1 81.9 74.5 64.8 55.7 49 42.1 36.2 37 37.8 38.9 40.1 40.8 40.9 41.9 43.5 44.6 46.2 47.7 49.7 52 54 55.4 56.9 58.8 61.4 63.1 64.7 66.8 68.7 70.9 73.7 76.4 79.3 82.6 85.8 88.9
87.2 95.3 100.9 106.5 112 117 121.5 124.7 126.6 127.8 128.6 129.1 131.5 133.8 136 138 140.5 142.8 144.2 144.5 144.5 147.4 151.6 155.1 157.4 158.7 160.2 161.7 163 162.9 160.9 159.1 157.2 155.1 150.4 139.4 127.6 114.9 107 103.3 99.2 97.8 93.6 88 82.1 75.1 67.4 57.5 50.6 44.9 39.3 36.2 36.5 37 38.5 39.3 39.4 41.5 43.3 44.6 45.8 47.4 48.9 50.9 53.2 55.3 57.1 58.9 61.3 64 66.4 69.9 72.9 74.7 76.5 78.1 80.2 82.5 84.8 88.1 91.2
89.6 98.3 104.3 108.9 113.3 116.4 119.1 120.3 120.4 120.8 120.6 121 123 124.7 126.8 129.9 132.2 134.4 136.2 137.7 140.7 146.8 151.3 155.3 158.4 160 161.9 163.2 163.9 163 160.2 157.4 155.6 153.4 145.7 131.7 121 111.4 102.3 95.2 90.2 88.9 85 79.9 74.7 68.2 60.3 51.9 46.3 41.3 37.3 35.7 35.4 37.5 39 40.4 42.4 42.3 44.4 45.6 47 48.5 50 52.1 54.5 56.9 60.5 64.2 66.7 69.4 72.1 75 76.4 78.1 80.3 81.9 83.9 86.1 88 90.4 93.9
92.5 101.1 106.7 109.5 111.9 113.6 113.8 113.1 112 109 107.5 114.1 117 119.5 122.7 125.2 127 129.2 132.1 136 141.3 146.8 151.6 155.5 158.9 162.3 164.5 164.6 164.8 163.4 160.8 155.9 153.7 151 141.3 123.6 115 107 97.3 88.7 82.6 80.4 76.6 72.2 67.8 61.4 53.5 47 41.8 38.6 34.6 34.6 36.6 38.6 41.6 44.2 44.1 43.2 45.1 46.4 47.7 49.3 51.9 54.5 57.9 60.8 64 68.4 71.8 74.1 76.6 78.1 79.6 81.3 83.6 85.9 87.8 89.9 92.5 95.3 99.1
94.1 100.8 105.8 108 108.7 108.4 105.9 105.1 103 102.6 109 114 117.5 120.1 123 125.3 127.4 130.1 135.2 140.7 144.4 149 153.4 157.7 161.5 165.3 168.6 167.4 165 164.3 161.1 155.3 151.7 148.3 136.8 117.6 108.9 101.3 91.6 82.8 76.6 72.7 69.8 66.1 61.4 54.1 47.4 42 38.3 35.7 33.4 35.4 37.3 40.4 43.9 45.6 43.5 44.7 45.8 47.5 48.9 51.7 55.8 59.9 63.3 65.6 68.1 71.7 75.3 78.4 80.8 81.5 84 86.8 90 91.7 93.8 95.4 98.7 101.6 103.9
92.1 97.8 101.9 104.3 104.6 101.6 98.1 95.1 97.7 104.9 109.5 112.9 117 120.7 123.8 127.5 129.9 133.4 139.1 145.1 149.8 153.4 156.6 160.2 163.9 168.5 171.7 169.3 165.1 164.8 161.6 155.1 151 146.8 135.6 113.3 101.2 94.5 85.3 78.1 72.1 66 63.2 59.9 54.8 48.3 42.3 38.1 35.8 33.4 33.9 35.9 38.4 41.6 43.9 44.8 43.9 45.2 46.5 49.1 52.4 56.6 62.2 66.5 69.5 72.7 74.4 76.6 81.5 85.2 86.7 88.2 91.9 95.4 98.1 99.7 100.7 102.6 105.3 107.9 109.8
88.2 92.9 97 99.5 98.9 93.2 87 93.6 98.3 103.8 107.9 111.9 116.4 120.5 124.7 129.6 132.6 137.4 143.2 149.5 154 157.6 159.4 161.7 165.5 168.7 172.2 168.8 164.4 162.9 159.9 154.4 150.1 146.3 137.4 115.7 101.2 89.9 82.2 75.4 68.4 61.5 56.9 53.6 48.4 43.1 38.4 35.7 34.1 32 31.7 34.9 38.8 41.9 43.7 44.9 46 47.3 50.2 54.6 59 63.9 69.6 74.9 78.6 81.8 84.1 86.2 88.4 91.3 93.6 95.6 99 102.9 105 106.9 107.8 108.5 111.4 113.4 115.1
82 87.8 91.2 91.7 90.2 82.6 88.8 94.2 98.4 101.6 105.5 109.6 114.3 119 125.1 130.6 136.2 140.9 147.4 153.5 157.7 161.4 162.2 162.8 165.1 168.3 171.2 168.1 163.1 160.6 156.9 152.7 148.9 145.8 138.1 123.1 107.2 92.8 80.9 73.1 64.7 57.4 52 47.8 43.4 39 35.5 33 30.9 33 34.5 36.5 38.8 42 44 45.3 48.3 51.7 59.1 64 68.7 74.1 79.9 84.7 88.5 91.3 93.6 95.3 96.2 97.9 100.2 102.7 105.3 108.8 111.6 114 114.5 114.8 116.9 118.3 119.8
74.6 78.2 80.6 78.7 78.9 84.3 89.5 93.6 96.9 100.1 103.1 107.4 112.1 116.7 124.1 131.4 138.1 144.1 150.4 156.7 160.7 162.9 163.2 162.9 164.2 166.8 169.4 166.7 161.2 157.9 154.2 149.4 146.2 143.5 137.4 126.3 114 100.3 85.8 72.2 62 53.6 47.8 43.2 39 35.4 32.3 30.6 32.2 34.4 36.3 38.5 40.6 42.2 44.6 47.3 51.4 57.8 66.4 73.5 78.3 84.2 89.2 94.4 98 100.8 103.1 104.4 105 105.4 107 109.4 111.8 114.6 117.8 119.6 120.6 121.1 121.9 123.2 124.6
62.1 69.3 72 78.5 81.1 84.9 88.8 92.1 95.4 98.4 101.2 104.5 109.1 114.2 122.5 130.9 138.8 144.9 151.5 157.2 160.5 161.6 162 161.8 163.4 165.6 167.3 163.6 157.5 154.6 150.6 145.4 141 138.5 132.3 124.1 114.9 106.5 96.2 80 64.3 53.5 45 39.5 35.6 32.2 29.2 31 34.6 36.9 38.7 40.6 42.4 44 47.1 51.4 56.6 64.1 72.8 79.6 85.1 91 96.9 103 107.2 109.9 111.8 113.3 113.6 113.4 114.2 115.7 117.9 120.4 122.8 124.6 125.2 126.3 127.1 127.9 128.6
68.7 72.2 75.4 80.2 83.7 86.7 86.7 88.8 93.3 97.1 100.2 103.9 107.3 110.9 117.5 125.9 134.5 141.5 148.4 154.5 157.7 158.3 158.8 160.4 162.4 163.6 162.5 156.7 152 149.2 145 140.6 136.4 130.2 124.2 119.1 114.5 109.3 102.5 89.9 71.4 54.6 44 37.3 33.5 29.9 29 34.9 37.2 39.3 40.9 42.5 44.4 46.8 51.5 57.4 63.7 71.1 78.8 84.9 90.5 97 104.5 110.7 114.3 116.8 118.5 119.1 119.4 119.5 120.3 121.6 122.8 124.6 126.6 128 128.9 129.6 130.5 131.2 131.9
71.5 75 78.4 81.6 85.2 88.8 91.2 93.6 96.7 100.4 103.6 106.2 108.3 111.1 114.7 120.9 129.6 136.2 142.8 148.8 153 153.9 154.5 156.7 159.2 159.5 156.7 149.8 145.8 143.4 141.1 137.8 132.2 124.4 117.3 113.3 110.9 108.6 104.6 95.2 76.3 54.8 42.6 36.4 31.5 27.6 29.6 36.4 38.6 40.6 42.4 44.4 46.4 50.8 55.5 63.1 70.8 78.3 85.3 92 98.2 105.6 112.6 117.2 120.3 122.7 124.1 124.7 125.2 125.6 126.1 127.3 128.4 129 130.3 131.5 132.1 132.8 133.8 134.6 135.3
74.3 77.9 81.4 84 86 89.2 92.1 96 101.6 107.3 111.1 113.7 115.6 117.3 119.7 120.4 124.4 129.9 136.3 141.8 145.9 147.1 148.4 150.9 153.6 154.4 150.5 144.1 141.1 139 138.1 136.1 129.7 120.1 110.4 106.2 104 103.5 99.8 92.4 75.2 53.3 40.3 33.9 29.4 27.9 33.4 36.9 39.6 41.6 43.7 46.2 49.1 52.9 58.7 66.7 75 83.6 91.2 99.2 106.4 113.7 119.8 123.1 125.5 127.7 129.4 129.9 130.1 130.6 131.1 132.4 133.1 133.4 134 134.6 135.1 136.1 137 137.9 138.7
75.4 79.4 83.1 87 89.6 92.1 94.1 100.5 108.4 115.5 120 122.5 124.2 125.9 127 126.9 126.4 127.3 131.7 135.1 138.6 139.8 141.1 143.9 147 150.2 146.2 139.6 137.2 135.8 135.7 135.2 131.7 120.8 108.1 100.6 96.6 94 91.6 85.7 69.6 50.2 38.5 32.3 27.8 28.7 33.6 36.5 39.7 42.2 44.4 46.7 50.6 54.8 61.5 70.6 78.8 87.7 98.4 107.2 113.1 120.2 124.7 127.4 129.7 131.5 132.3 131.3 131.7 132.1 134.2 136.1 136.7 136.9 137.3 137.4 137.9 139.1 140.2 141.2 142
76 80.3 84.1 87.9 92 97.2 103 110 117.9 124.9 129 131.6 132.9 134.3 134.3 133.8 133.3 132 131.1 131.5 133.1 134.8 136.5 139.5 144.5 148.5 143.4 136.8 134 132.8 133 133.7 133.5 125.6 112.1 99.9 91.5 85.7 81.7 74.7 61.4 47.4 36.5 31.3 27.6 28.5 33.1 36.1 39.4 42.6 44.6 47.5 50.9 56.3 65.3 74.5 82 91 102.9 110.5 113.6 117.1 122.9 126.5 128.9 130.1 129.1 127.7 129.6 131.6 134.2 136.8 137.6 138.4 138.7 139.2 140.4 141.8 142.9 144 144.9
76.8 81.4 85.1 89.1 95.2 102.7 110.1 118.8 127 133.2 136.3 139 140.8 142 141.4 140.3 138.7 136.8 134.1 132.9 133 134.2 135.9 139.4 143.8 146.9 140.9 133.9 130.9 130.1 131.2 131.9 133.3 129.4 119.3 105.7 91.8 81.4 73.3 66.3 55.6 44.7 35.7 31.2 27.5 28.2 32.2 36.3 39.7 43 45.7 48.2 52.7 58.1 67.9 76.7 84 91.9 99.6 103.3 104.1 108.8 115.6 120.7 122.7 123.2 122.2 123.7 126.5 129.8 133.1 135.4 136.6 137.7 139.2 140.1 141.8 143.7 144.9 146.3 147.1
77.3 82.6 86.5 90.4 97.8 107.6 116.2 125.5 133.7 138.9 142.8 145.5 147.3 148.1 147.2 145 142.4 139.9 137.2 135.9 135.8 136.6 137.8 141.1 145.6 147 141.1 131.8 127.9 126.1 127.3 128.6 129.9 130.7 124.7 112.8 99.1 84.7 73.1 65.5 55.4 44.6 35.9 30.3 27.2 27.3 32.1 36.1 40.3 43.2 44.6 48.2 53.1 59.2 66.7 73.7 81.2 89.1 92.2 93.8 96 101.5 107.2 110.4 112.2 113.3 115.5 118.6 122.7 125.8 129.8 132.2 134.2 136.2 138 139.4 141.4 143.7 145 146.4 147.7
77 81.9 86 90.8 99.4 110.1 119.9 128.6 135.9 141.6 146.3 149.9 151.7 151.6 150.6 147.8 144.5 142.1 139.9 139.3 139.8 140.2 140.6 143.3 147.6 149.1 141 128.7 123.5 120.9 122 123.9 125.5 126.3 122.2 112.9 103.1 91.8 78.9 70.1 60.3 48.2 38.5 30.5 26.4 27.6 32.2 36.3 40.6 43.2 43.4 45.8 50.2 54.7 63.1 69.3 76 80.8 82.3 84.6 89.5 94.5 99.2 102.9 104.9 108.1 111.9 115.1 118.9 122.4 125.7 128.9 132.1 134.6 136.8 138.9 141 143.3 145.2 146.5 147.7
76.7 81.5 85.5 91.2 99.4 110.3 120.8 128.7 135.1 140.2 145.1 149.2 151.5 152.1 151.5 148.9 146.6 144.1 143.4 144.1 144.8 145.6 145.2 146.8 149 148.8 137.9 123.7 118.1 115.1 116.8 119 120.8 120.9 116.2 108.3 101 92.6 81.8 74.5 64.6 51.9 42.1 32.8 25.6 28 32.5 36.2 41.5 41.9 43.7 46.7 48.9 52.9 58.6 62.9 66.4 72.5 78.4 83.6 87 90 96 100 104 106.8 110.2 113.9 117.7 121.3 124.6 127.7 130.7 133.9 136.3 138.4 140.6 143 145.3 146.3 146.5
76.5 81.2 85 90 98.8 108.9 118.7 126.2 131.8 136.8 141.7 146.1 149.5 150.4 149.3 148.1 147 146.7 147.3 148.2 149.1 149.7 149.7 148.7 149 146.4 133.4 117.8 110.1 106.3 107.1 108.9 111.8 112 107.7 101.2 94.7 87.7 79.4 74.3 65.3 53.1 43.5 34 24.1 28.1 31.6 34.7 39.5 41.6 44.7 47.8 51.8 56.8 61.7 67.4 73.2 77.7 81.7 85.8 89.2 92.2 98.1 102.2 106.2 109.5 112.3 115.6 118.9 121.8 125.3 128.4 131.2 133.5 136.1 137.9 140.3 142.8 145.2 146 145.4
74.5 79.1 82.8 87.4 95.8 105.8 115.4 122.8 128.4 133.1 138.1 143.1 146.2 148.5 147.7 146.6 147 147.7 149 150.6 150.5 150 149.6 146.5 144.6 138.6 123.7 109.4 99.5 95.5 96.7 99.2 101.3 100.5 96.3 91.2 86.3 79.7 72.8 66.9 57.2 48.1 40.6 32.4 22.9 27.2 29.8 33 35.3 42.1 45.7 50.4 55.9 61.5 67.4 75.3 79.1 82.2 85.5 89.3 93 96.2 100.8 105.5 109.4 112.8 116 119.4 122 124.7 127.4 129.7 132.3 134.5 135.9 138.1 140.4 143.1 144.8 144.8 143
72.5 76.2 79.8 84.7 92.9 102.3 111.6 118.8 124.3 129.6 134.1 139.3 143.7 145.8 146 145.5 145.5 146.3 148.6 150.4 149 147.1 145.4 141.4 135.2 123.6 108.5 96.7 89 86.9 88 89.3 88.9 86.8 83.5 78.5 72.9 66.7 61.2 53.7 44.5 39.4 35.3 28 22 26.9 28.9 33.1 37.6 43.3 48.4 55.2 65 65.9 78 84.8 89.2 92 95.3 99.3 100.9 104.7 109.1 113 116 118 120.4 122.5 125.2 127.9 130.6 132.8 134.3 136 137 138.4 140.3 143.3 144 143.1 139.1
69.5 72.9 76.6 82.5 90.8 99.4 107.4 113.7 118.5 123.5 128.4 133.9 138.9 140.6 140.6 141.7 142.8 143 144.3 145.4 143.6 139.9 137.1 131.4 120.1 105.5 92.3 82.6 78.5 78 79.1 78.1 75.8 73.4 68.8 62.9 56 50.9 47.7 41.3 36 33.7 30.5 25.1 22.9 27.7 29 34.2 39.8 45 51.4 59.5 68.8 77.4 87.4 95.4 100.5 104.3 108.2 111.9 114.4 118.6 122.3 124.2 126.4 127 125.8 127.3 128.8 131.1 133.9 135.9 137.8 137.9 137.6 137.9 139.2 141.7 141.5 138.9 132.2
66.1 69.9 74.8 81.3 89.3 96.6 102.3 107.2 111 114.8 119.5 124.1 128.3 130.9 131.7 133.3 135.2 135 135.8 134.6 131.4 126.2 122.6 116.7 102.5 86.7 75 70.1 70.1 69.6 68.8 67.6 64.3 59.5 53 47.3 41.7 38.5 36.4 33.5 31.9 30.8 28.5 23.4 23 27.1 29.1 35.4 40.9 47.4 54.1 62.7 73.7 84.6 95.3 104.9 110.8 115.2 120.2 124.1 126.8 130.8 133.3 134.7 135.5 134.5 131.8 131.9 133.5 135 137 139 140 139.3 138 135.9 136.1 138.7 136.9 130.9 120.3
63.7 68.1 73.4 79.8 86.1 90.9 95.6 99.4 102.2 105.9 108.8 111.6 115.1 116.8 116.9 118.1 119.8 121.2 121.9 119.2 114 107.2 104.1 98.8 84.1 69.9 61.8 60.2 61.6 59.7 58.4 55.7 52.4 46.9 40.9 36.4 33.8 33.1 31.6 29.7 28.9 28.4 27.1 22.1 23.9 27 30.4 35.3 41.7 47.7 55.1 63.9 77 88.6 99.5 110.3 119 124.4 129.1 133.9 137.6 139.7 141.5 142.5 143 142.2 138.3 137 137.9 138.6 139.7 140.5 140.3 138.1 135.7 132 130.6 132.4 126.7 118.9 106.9
62 67.2 72 77.5 82.8 85.9 88.3 90.1 93.1 97 98.8 99 99.8 99.2 97.8 98.4 100.6 102 101 98.7 93.3 86.3 77.7 73.7 64.3 53.5 50.2 50.7 53.2 49.8 46.1 43.3 40 35.7 32.6 30.8 29.7 28.5 27.3 26.6 26.9 26.9 26.3 20.5 23.5 26.8 30.2 34.4 40.6 47.5 55.3 64.1 76.9 89.7 101.3 113.2 124 130.9 136.8 142.1 145.3 146.5 147.4 148.2 148.5 148.2 145.2 142.5 141.4 141.6 141.6 140.9 138.6 135.9 132.7 126.1 121 118.3 112.6 104.7 93.6
