WholeMapElevations/data/nm/nm78_OST50GRID_20230518/NM78.asc
ncols 200
nrows 200
xllcorner 170000
yllcorner 780000
cellsize 50
[rows 36 to 71 of 200, columns 0 to 79 of 200]
441 427.9 427.8 438.9 443 436.6 424.9 416 411.1 407.5 417.2 439 446.7 455.6 466.1 452.8 447.2 447.2 455.6 454.1 448.6 439 424.9 415.4 419 415.8 412.8 401.6 403.9 402.7 383.6 390.6 399.3 427.7 431.9 433 440.4 455.1 442.1 434.7 438 440.9 448.3 456.7 461.3 470.1 479 475.8 452.5 452.4 461.9 485.5 507.2 531 536.8 545.6 544.1 548.6 550.7 554.5 553.8 548.7 535.6 526.9 517.5 510.4 491.1 482.6 459.4 431.4 398.9 381.3 365.3 358 355.8 360.7 353.6 377.6 392.3 411.2
430.5 425.4 422 423.5 419.2 411.3 411 404.7 405.4 403.2 419 433.1 444.3 454.8 459.6 453.6 461.6 449.2 458.6 450.9 439.3 424.8 418 420.2 428.5 423.5 401.1 394.1 394.1 383 382.1 395 409.5 445 455.6 450.2 447.9 439.1 418.1 411.5 413.8 431.1 441.1 442.9 442.8 447.5 451.6 435.5 433.6 443 446.6 468.4 486.5 512.9 526.3 538.2 534.7 546.1 550.4 551.9 548.9 544.9 542.8 527.3 520.5 514.7 503.9 494.7 489.7 461.1 430.8 410.9 393.4 387.9 386.5 387.7 395.7 415 448.1 462.2
412.4 421 416.1 412.6 402 398.5 398.3 397.6 393.4 406.5 427.1 428.9 437.4 448.4 451.8 460.9 467.5 449.2 449.5 441.2 441.6 435 437.9 437.5 426.4 407.8 390.8 378.3 379 372.4 385.4 396.1 414.4 438.4 444.1 445 428.5 406.3 393.3 390.4 408.1 410.4 410 401.2 402.2 410.3 415.5 418 426.2 433.3 432.9 451.2 477.4 503.6 514.7 523.2 530.4 538.6 544.2 542 538.7 537.8 540.2 527.9 524.1 521.6 511.8 500.2 493.7 484 466.9 448.3 426.7 427 424.6 422.7 439.7 468.1 470.7 464.6
406.5 412 411.2 403.6 390.9 387.2 390.9 392.1 386.5 399.8 403.4 412 424 431.9 430.5 454.9 469.9 450.9 447.4 449 454.8 450.4 447 439.5 415.9 392 377.4 362.7 364 368.8 376.5 385.3 402.5 418.4 421.8 414.2 395.9 374.8 366.9 374.7 387.1 387.7 386 386.9 398 403.6 409.5 417.9 419.2 421.3 422.3 440.8 466.7 487.1 497.1 509.7 524.5 522.3 521.9 522.6 525.7 529.9 531.9 530.2 528.6 531.6 521.2 508.9 498.7 496.3 487.8 472 453.2 456.8 463.8 459.7 464.8 477 471.6 462.7
401 417.9 417.8 404.8 385 381.2 382.1 379 377.3 376.3 383.2 398.4 406 406.5 428.1 449.1 448 429.5 436.2 458.5 458.5 452.9 438.7 415.9 387.3 375.3 365.5 355.1 355.1 365 369.3 376.9 386.2 397.3 395.2 383.2 365.8 362.1 361.5 364.3 371.5 363.9 368.8 377.6 382.5 398.3 399 399.3 399.5 410.1 421.9 441.1 466.7 486.9 508.1 518.1 518.1 506.3 506.3 506.8 515.8 524.8 527.2 528.1 534.3 538.6 529.4 519.2 512.4 503.7 495.3 483 472.2 475.6 485.6 472.4 469.1 479.7 475.7 464.4
406.6 410.4 413.2 398.8 378 371.9 368.8 367.5 369.3 363.1 372.5 386.7 385.9 403.6 429.3 437.5 419 421.3 433.3 437.7 445.8 445.7 429.6 397.8 370.9 365.6 356.2 351.1 353.3 363.9 364.9 365.2 375.5 378 375.3 361 354.6 352.3 356.7 358.3 353.1 348.3 354.2 363.2 371.7 381.5 384.9 384.6 397.5 412.2 431.2 447.7 468.8 500.8 500.7 510.2 509.6 502.5 502.5 502.5 509.5 514.9 524.5 527.1 537 542.9 539.1 529.2 521 509.9 505.5 493.3 484.7 481.2 483.3 475.9 472.5 474.2 477.9 469.2
402.8 401.8 402.9 389 376.3 369.1 361.3 361.3 363.5 356 365 377.1 375.1 392.5 401.6 406.7 404.4 421.8 422.6 421 423.6 429.3 416.4 385.5 365.5 361 355.2 349.3 348.2 351.6 361.9 366.2 368.2 372.5 365 346.2 345.6 345.6 345.6 345.6 345.6 345.6 345.9 352.9 357.4 363.6 372 381.8 392.8 401 406.2 420.4 453.5 471.3 483.8 487.9 499.9 503.3 502.5 502.5 502.5 508.7 521.6 527.7 537.6 540.6 548 540.1 532.4 529.8 521 508.8 495.7 487.4 485.9 479.5 475.3 473.7 474.1 465.8
401.7 395.1 383.9 375.3 367.5 362.1 356.6 357 354.9 344.9 353 364.6 374.1 388 395.4 391.9 400.7 410.5 416 412.3 415.7 413.8 398.9 381.7 365.6 361.1 358.8 350.3 347.8 347.2 358.9 361.4 365.8 354.6 345.6 345.6 345.6 345.6 345.6 345.6 345.6 345.6 348 352.2 354 357.1 367.5 373.6 379.5 386.4 395.2 401.7 425.4 442 454.6 462.3 482.4 497 502.7 505.5 509.5 513.9 522.9 532.1 536.2 554.5 553.7 552.4 549.5 538.6 528.9 517.9 502.9 492.5 488.9 481.2 483.7 480.4 475.1 465.5
389 386.1 371.1 360.8 359.6 358.7 353.2 347.9 343.2 337.9 341.6 363.3 370.7 375 377.8 384 398.7 416 408.8 410.2 409.1 401.7 387.8 375.9 365.4 365.6 365.7 355.1 346.3 346 347.2 353.2 356.3 347.4 345.6 345.6 345.6 345.6 345.6 345.6 345.6 345.6 351.4 355.2 350.4 354.2 358.9 361.8 365.4 375.9 382.2 386.2 398.3 413.2 422.5 441.5 457.2 473.2 493.6 501.9 510.1 517.1 523.8 536 539.9 550 555.4 557.7 547 539.9 531.3 521.7 510.2 498.3 493.1 488.5 490 482.3 475 464
370 371 366.1 359.7 356.4 350.8 345.9 339 339.3 337.5 339 361.2 366.9 372.6 372.9 382 398.7 416.2 411.7 413.5 405.2 386.7 379.4 371.7 369.2 365.6 364.8 352.1 345.9 345.3 345.7 348 348 345.6 345.6 345.6 345.6 345.6 345.6 345.6 345.6 345.6 348.6 350.6 354.5 356.6 362.2 361.5 361.6 365.3 375.5 382.4 394.4 403.2 412.4 424 441.7 465.2 480.7 490.6 502.9 515.4 525.7 541 542.6 556 556.7 555.9 553.3 535.7 528 522 515.9 503.8 497.6 495.8 493.3 484.9 474.4 459.3
364 361.5 360.3 357.9 354 348.2 341.3 336.1 343.1 338.9 336.3 353.9 361.1 369.3 364.2 373.7 389.2 396.8 402 398.4 385.2 374.5 361.5 365.4 365.7 367.2 368.3 355.5 347.3 344.6 344.9 346.2 345.6 345.6 345.6 345.6 345.6 345.6 345.6 345.6 345.6 347 347.5 349.3 352.7 357.6 361 362.7 363 370.1 376.2 387.7 400.2 415 421 424.1 437.7 460.2 487 497.2 508.1 515.3 532.9 537.9 543.9 550.4 553.7 555.6 550.2 547 529.1 526.6 518.6 507.8 502.4 497 488.7 482 469.3 455.3
353 350.2 349.5 353.3 352.4 345.6 337.8 333.3 343.6 339.9 337.2 348.9 354.3 355.7 356.6 372.2 374.6 375.2 376.3 371.2 365.5 357.2 353.9 355 361.7 364 362.5 346.8 343.1 351.3 354.3 349 348.1 345.6 345.6 346.2 345.6 345.6 345.6 345.6 345.6 347.4 347.8 350 355.4 359.7 366.5 370.5 370.2 379.9 384.2 390.2 407.4 419.5 432.9 443.7 452.8 464.8 492.4 502 510.4 524.1 534 537.1 541.5 547.6 549.1 550.1 547.8 540.9 531.6 526.6 524.3 510.9 508.4 501.2 483 476.3 464.4 449.9
344 341.3 342.6 348.2 348.9 344.5 337.3 330.2 336.3 337.7 334.6 338.2 342.1 342.5 351.5 360.8 363.4 363.6 360.4 361.2 361.1 353.9 353.9 353.9 356.4 349.8 343.3 346.6 355.2 358.6 358.8 358.7 351.3 345.6 351.7 358.2 360 355.8 349.8 345.8 349 351.2 353.3 355.4 358.2 365 372.6 383.3 395.7 403 406 407.7 405.4 411.4 425.2 440.5 460.9 470.8 486.7 502 512.8 525.5 532.4 538.4 542.4 545.9 546.9 546.9 537 532.6 530.8 524.3 517 507.9 502.4 496.5 477.5 468 458.5 443.7
329.6 332.9 334.8 339.8 343.2 341.7 336.9 330.4 338.2 336 334 340.8 336.5 337.8 352.5 354.4 352.4 355.7 359.6 362.2 358.9 356.3 355 354.3 350.9 342.5 344.9 352.9 363.9 363.4 366.3 358.4 354.4 352.3 356.5 366.3 365.7 356.9 363 365.5 363.4 370.9 370.8 372.8 373.3 374.7 379.4 392.5 402.5 414.6 421.7 422.6 425.4 428.9 443.3 443.8 447.5 466.2 478.4 489 497 506.3 519.2 532.5 542.2 545 549.9 547 540.2 534.2 527.1 518.1 510.6 502.7 494.6 485 473.1 461.3 450.9 438.3
320.1 321.1 324 329.9 333.8 335.7 336.2 331.6 336.2 334.2 333.6 342.5 339.6 338 343 347.5 351.7 358.3 366.8 370.7 377.4 378.8 368.8 352.1 346.1 338.8 350 355.9 364.7 374.6 377.2 366.8 359.3 358.6 361.3 363.9 364.7 365.8 373 383.4 386.7 389.7 392.8 394.4 394.2 395.6 393.4 407.4 413.5 424.3 433.7 438.3 438.1 443.5 453 459.1 458.8 461.5 465.3 477 484.7 501.6 517.9 531.7 549.1 558.2 557.6 551.7 542.3 536 526.3 516.6 508.7 500.2 490.7 480.4 466.6 453.4 440.2 430.7
311.6 315.4 315.3 322.4 325.7 329.8 330.2 334.3 334.2 333.4 333.1 330.7 335.3 336.7 342.7 352.1 360.4 362.1 367.7 381.3 380.8 385.3 368.6 354.8 342.5 341.5 349.6 357.5 365.8 372.1 366.1 363.9 366.8 375.2 373.3 368.3 368.8 377 388.9 403.3 418.5 420.4 414.2 411.1 413.4 414.1 410.2 425.1 435.2 438.6 443.3 446.2 452.1 454.8 459.9 471.7 474.4 476.5 476.5 479.5 481.9 495.9 511.1 522 526.3 539.9 542.8 547.6 539.8 534.1 530.1 517.9 509.3 495.2 486.2 476.5 461.6 447.7 435.7 426.2
307.1 307.5 308.9 312.7 314.4 320.6 323.1 325.6 327.5 328.3 331.8 331 326.7 331.3 346.2 355.4 368.7 364.6 374.7 379.1 376.5 382.3 363.2 345.8 332.1 346.8 349.4 352.4 359 353.8 358.7 358.6 371.1 374.9 378.8 376.3 369.2 385.8 404.5 420.3 433.6 437 431.9 433.5 435.5 433.5 430.8 439.1 447.9 453.8 460 461.6 459.6 466.8 471.4 472.5 482.2 493.6 493.2 491.8 492 503.3 520.1 524.9 525.1 526.1 528.3 528.6 532.3 526.8 528.8 519.2 507.3 489.4 479.5 471.6 457.7 446.9 434.1 422.7
302.7 306.2 310.5 313.5 316.1 319.7 321.3 323.4 325.7 339.1 335.2 329.9 322 344.7 360.9 365 367.5 367.4 370.5 377.2 369.8 361.3 347.2 316.4 338 340.9 343.7 345.6 348.4 349.4 348.8 354.5 372.9 369.7 370.8 368.4 379.5 397.6 427.6 443.1 451.5 451.7 443.5 455.7 459.1 451.7 449 456 463.4 467.6 471.7 482.5 476.6 475.4 479.1 483.5 493.7 500.1 505.3 506 506.5 506.9 517.5 525.8 524.7 524.6 523.4 522.2 518.9 515 514.4 507.9 500.2 485.1 475.3 463.3 452 442.6 431.5 423
303.2 306 310.1 313 319.6 327.4 320.7 330.8 332.3 333.8 330.5 318.7 327.3 352.3 365.3 380.4 378.6 373.4 365.4 368.4 358.2 345.8 323.4 330.3 332.3 337.5 335.2 340.6 341.4 344.9 347.5 355.3 366 362.1 369.3 367.8 385 404.5 427.6 455.5 462.9 460.3 462.5 473.5 476.6 470.3 473.4 469.9 475.7 483.7 486.3 489.8 493.8 497 495 498.2 506.4 510 517.2 520 519.7 518.4 516.3 518.5 528.4 530.7 525.7 525.3 519.5 511.9 507.6 499.3 490.9 478 470.1 460.5 447.9 439 431.3 425.6
300.4 303.5 308.8 311.3 317.1 317.7 320.8 329.5 319.2 323.8 315.2 314 325.7 343 358.1 372 377.9 382.8 365.4 364.7 349 335.8 307.9 324.6 328.3 327.6 329.1 333.7 335.7 345.3 352.2 350.7 353.6 355.3 360.9 366.5 390.7 407 426.4 456.7 475.8 477.2 475.4 487.3 484.2 478.2 479.4 484.2 487 486.5 490.6 496.8 501.1 509.4 517.6 520.5 516.4 518.2 521.2 526.6 526.3 529.1 529 521.1 526.1 535.2 527.2 523.8 513.9 508.4 505.7 496.7 487.9 477.4 467.3 456.7 446.5 437.6 431.1 427.4
301.5 301 303.8 309.8 313.9 319.5 323.8 327.5 317.9 313.3 312.2 317 336.3 344.6 345.5 367.6 376.9 381.7 364.3 361 338.2 326.5 303.8 320.4 321.4 321.2 324 329.9 337.9 353.6 352.6 355.4 355.1 355.2 362.2 383.8 406.7 423.4 430.4 444.3 464.7 488.7 487.8 493.4 489.7 492.1 487.9 493.8 495.7 497.3 498.8 501.3 507.6 522.5 534.1 542.5 533.4 526.6 526.1 522.4 522 521.9 525.8 522.8 521.3 518.3 520.3 521 513 507.5 503.4 495.9 485.4 475.5 466.6 454.5 443.6 435.3 429.2 428
306.5 301 301 306 306.8 311.5 319 321.7 320.5 319.2 313.5 328 336.4 346 343.1 351 364.3 369.7 360.5 343.4 325.7 311.9 305.4 312 313.7 312.5 321.8 331.2 354.6 358.4 360.6 355.4 352 354.1 379.2 401.1 417.9 439.3 449.7 448.2 458.3 470.8 476.5 484.7 491.9 495.5 502.8 502.5 503.6 507.6 513.7 515.9 521.2 530.3 538.2 547.5 546.6 535.8 530.9 530.3 528 523 521.3 521.1 513 514.2 510.6 507.7 505.8 504.3 499.5 488 483.6 470.4 462 448.1 441 433.5 426 425.4
313.3 301 301 301 303.7 308.5 319.1 322.7 323.2 312.4 309.6 325.8 341.4 338.6 340.5 343.1 355.7 359.8 347.4 326.9 310.7 294 295.1 303.3 303.2 308 313.2 328.3 344 363.4 361.6 353.6 353.4 378.8 404.2 423.6 427 449.5 461.6 469.1 468.5 462.6 462.5 472.7 489.3 500.3 510.5 518.6 514.4 514.9 524.9 529.2 535.6 534.3 539.6 544.9 542.7 539.1 533.7 532.1 532 528.3 523.2 520.5 512.7 510.2 509 507 509.9 512.1 506.7 497.2 487 476.3 462.1 450.8 436.3 427.1 423.9 422.3
320.6 306.5 301 301 304.6 314.7 322.2 326.3 314.6 306.8 306.9 324.7 338.3 342 337.8 334.1 341.3 337 327.1 305 292.5 280.6 290.9 291.5 293.4 302.3 309.5 325.4 341.6 359.2 348.3 346.8 359.8 384.2 412 436.1 453 464.3 473 482.7 484.4 468.9 466 466.7 480.6 502.1 514.6 522.5 523.2 528.4 532.7 535.3 542.1 541.6 539.8 540.3 543.3 540.4 544.5 544.2 533.4 528 525.2 521.5 515.4 512 511.3 514.6 525.1 532.7 513.1 499.6 489.3 479 464.4 448.8 435.2 421 421.3 420.8
330.6 315.6 307.5 310.4 317.2 326.6 323 322.9 310 306.8 306.8 318.2 327.6 332.3 334.8 335.1 333.4 323.4 314.2 295 276.8 277.5 283 285.2 284 294.4 309.6 318.9 324.9 327.9 336.1 346.8 366.2 384.2 407.8 436 456.2 466.9 468.8 478.2 483.4 472.2 473.9 477.5 494.2 507 509.6 514.9 516.5 519.6 530.5 535.9 533.8 536.8 532.9 532.7 534.3 534.8 538.3 540.1 536.8 535.9 530.5 527.8 525.2 525.5 532.4 537.6 536.9 532.1 510.7 499.8 488.1 477.6 464.3 449.7 433.3 420.1 416.4 416.5
329.6 327.3 317.4 314.4 318.3 317.6 317.4 316.5 313.1 306.8 306.8 320 325 330.2 333.9 338.8 325.2 313.1 298.6 283.9 269.6 272.8 273.2 273.3 284.8 293.9 299.2 306.9 313.1 319.2 333.9 349.5 368.3 380.9 399.3 428.5 448.7 466.4 467.9 472.9 473.1 473.4 483 490 506.5 521.9 514.5 516 515.2 514.7 520.1 528.7 528.8 527.4 525.2 526 527.4 532.3 535.1 538.4 539.8 541.3 543.5 547.8 549 550.9 550.7 544.3 538.4 525.2 510.6 500.1 486.1 474.2 464.5 447.5 435.3 418.1 413.3 412
330.2 325.7 320.4 312.2 315.3 315.4 317.2 318.5 309.8 306.8 307.2 319.2 325.6 326.9 329.3 332.9 321.1 301.3 282.2 268.9 265.2 269.9 269.6 281.3 287.8 290.2 298.7 306.5 310.7 317.5 332 348.7 364.2 378.5 396.3 415.4 437.1 450.9 460.1 465.2 459.6 466 487.4 501.6 508.6 509.7 515.6 509.8 504.6 510.3 512.6 517.8 520.6 519.8 523.1 522.6 524.1 531 539.4 546.9 549.9 554.4 552.7 556.9 561.3 561.1 557.2 554.8 538.7 528.7 514 497.4 484.3 475.4 462.4 444.2 430.5 416.9 411.2 409.1
323.2 312.2 306.5 308.7 312.5 314.3 316.9 316 306.8 306.8 317.9 320.1 320.9 327.8 319.3 316.5 304 281.5 266.1 266.3 266.3 270.4 277.3 286.2 292.9 297.5 297.5 300.6 306.4 318.5 330 343.2 355.8 367.9 381.7 402.1 415.6 426 428.8 427 433.7 450.8 477 497.5 507 511.3 510.3 502.2 498.4 511.1 516.6 523.8 525.2 519 519 522.8 531.1 544.5 554.8 557 562 566 568.7 571.8 572.3 568.8 566.1 558.6 538.9 533.7 516.8 499 486.6 476.3 461.9 443.9 428.8 415.2 409.6 405.9
313.7 305.3 302.6 305 307.7 313.7 311.6 310.7 310.5 310.8 328.7 331.3 325.8 326 313.5 302 285.1 266.5 263.8 269.1 271.2 278.1 285.5 292.4 299.8 304.7 302.4 302.2 318.2 326.5 335.7 344.5 355.8 365.4 374.8 384 394.9 406.7 410.6 410.7 412.9 443 469.7 488.6 498.3 500.1 497.9 497.9 500.7 505.1 512.8 525.8 533.6 528 522.7 523.1 539.3 554.8 562.1 565.8 569.4 574 577.2 578.2 576.8 572.4 571.2 555.3 539 530.4 517.1 499.4 488.1 472.5 458.9 442.6 427.7 414.5 408.9 404.5
307.6 302.6 302.6 306.9 302.9 309.4 305.7 305.5 308.2 318 329.5 333.4 338.5 322.6 305.8 286.8 267.7 263.5 274 273.6 282.9 288.9 292.4 294.3 302.5 309.4 310.1 303.2 321.1 330.2 339 347.3 355.9 363.3 372.5 376.1 382.4 391.8 400.9 403.3 413.3 443.3 472.9 495 504.3 506.2 505.7 499.7 497.9 500 512.2 522.2 528.8 534 533 530.7 546.9 556.9 565 571.9 572.7 575.4 584.1 585.9 585.8 581.5 567.4 547.7 533.3 521.4 511.4 497.1 482.4 471.7 453.9 439.6 427 415.4 409.5 404.9
308.9 305.5 305.6 308.5 303 299.8 301.2 302.2 314.4 321.7 330.9 337.9 330 307.9 289.2 254.5 269.2 279.3 275.9 284.2 295.4 304.2 304.1 304.2 308.7 315.3 315.4 316 314.3 330.3 337.7 348 357 365.2 367.4 377 382.4 394 400.1 399.9 412.3 439.5 460.7 486 508.9 514.4 512.6 513 506.3 502.8 512.6 519.6 525.3 529.2 536.1 541.3 557.8 570.5 574.7 582.1 579.9 584.9 588.9 586.7 582.7 568.4 557.3 541.8 526.3 513.4 505.2 488.3 480 466.3 450.1 438.6 428.2 417.3 410.2 409.1
318.5 302.3 304.9 304.7 307.7 302 308.1 306.1 312 313.8 322.6 320 301.2 288.8 262.7 267.8 275.5 279.6 280.7 295.2 311.5 326 318.7 311.6 315.8 321.2 319.3 322.7 323.3 331.6 339.9 349.5 359.8 363.4 372.1 385.1 395 408.7 413.3 413.5 413.5 437.1 453.6 466.8 488.5 504.4 517.3 519.6 514 516.6 516.8 522.4 531.2 535.8 543.9 555.6 576.4 586 590.5 586.7 585.8 587.1 580.6 580.6 572 562.3 548.8 533.6 519.5 510.9 497.7 483.6 468.5 459.3 445.6 435.9 423.5 416.9 411.7 407.4
322.2 296.6 294.5 295.4 304.5 295.7 307.2 309 305.8 297.4 292.3 285.8 276 262.3 251.5 264.4 270.6 279.7 291.9 302 323.5 330.4 317.2 320.3 323.2 319.8 317.4 329 339.4 341.7 349.5 356.6 370.5 375.4 379 388.9 400.2 410.8 415 418.9 417 436.8 454 462.6 475 492.2 504.6 509.8 513.4 518.4 521.3 532.1 541.7 548.8 552.7 558.4 577.2 584.7 582.2 578 580 572 558.2 559.6 554.1 547.5 535.3 521.9 513.6 505.7 496.5 480.4 463.7 453.7 440.6 432.3 418.2 414.4 409.8 406.1
310.9 287.9 280.6 289.4 296.8 279.3 297.2 292.1 281.7 275.6 265 265 258.1 231.3 256.4 263.4 265.9 274.8 286.1 301.6 313 321.4 314.9 317.6 321.7 317.4 316.3 339 343.4 350.6 366.2 380.8 383.2 383.9 392.4 404.2 403.5 403.9 411.4 414.6 420.7 432.5 436.4 452.2 473.7 486.9 487.1 492.6 501.4 509.2 520.4 533.6 544.4 550.4 555.5 562.5 576.3 576.2 571 571.2 556.9 551.6 547.3 550.9 539.9 532.7 519.4 512.9 507 502.2 492.4 473.5 460.5 447.9 430.9 424.1 411.4 402.7 405 404.9
296.9 280.1 266 272.3 275.9 275 279.3 268.4 259.4 258.6 247.7 247.1 219.9 242.9 253.8 260.5 262.2 279.3 287.8 298.1 300.3 305.3 308.8 315.1 320.6 317 331.5 338.1 346.5 357.5 372.7 388.1 396.6 402.1 400.5 406.4 409.6 408.8 407.2 410.3 420.1 427.3 437.2 460.9 472.5 484.4 484.8 490.7 493.6 498 515 527.9 541.6 547.2 551.8 557 563.2 557.5 556.8 549.6 544.9 538 542.3 532 529.4 524.3 518 507.9 499.4 497.7 485.2 469.4 459.6 442.4 427.4 412.4 404.2 393.1 397.4 393.7
289.5 274.2 255.2 248 241.2 265 263.6 252.5 242.4 235.4 233 218.8 226.9 236.4 244.9 252.8 262.6 280.7 291 294.4 290.7 293.2 298.1 313.6 315.9 314 333.6 339.1 348.3 359 368.1 391.9 411.5 414.2 410.6 406.9 414.2 416.8 421.6 418 417.3 421.2 436.7 458.7 471.8 475.1 478.2 491.4 493.7 501.8 516.4 531 540.6 548.5 548.9 542.6 544.9 542.4 546.3 543.8 535.1 526.7 517.9 515.2 519.9 518 509.6 506.8 499.3 490.2 474.2 467.4 452.8 431 420.1 403.7 394.7 389 390.6 383.1
