WholeMapElevations/data/ss/ss68_OST50GRID_20230518/SS68.asc
ncols 200
nrows 200
xllcorner 260000
yllcorner 180000
cellsize 50
[rows 0 to 54 of 200, columns 0 to 95 of 200]
99.6 97.9 94.9 91.3 90.2 89.5 88.4 89.2 88.5 87.2 85.9 83.8 82.3 79.1 76.3 73.6 68.9 66.5 62.9 59.8 57.1 54.6 52.6 42.9 35 31.5 28.9 27.2 26.6 23.7 19.3 14.5 12.3 9.7 3.6 2.9 2.8 2.8 2.8 2.8 2.8 2.7 2.6 2.6 2.4 2.2 1.9 1.6 1.3 1 0.8 0.5 0.3 -0.1 -0.4 -0.7 -1 -1.3 -1.6 -2 -2.3 -2.6 -3 -3 -3 -3 -3 -3 -3 -3 -3 -3 -3 -3 -3 -3 -3 -3 -3 -3 -3 -3 -3 -3 -3 -3 -3 -3 -3 -3 -3 -3 -3 -3 -3 -3
99.1 98.4 96.3 95.4 91.8 89.7 88.7 87 85.4 83.2 82 81.2 79.1 76.6 75.4 72.5 66.4 63.3 60.4 57.5 55.6 53.2 49.1 40.8 34.4 30.8 28.8 27.4 27.1 23.9 19.7 16.2 13.5 8 3.1 2.8 2.6 2.4 2.1 2.1 2.1 2.1 2.1 2 2 1.9 1.7 1.4 1.1 0.8 0.5 0.2 0 -0.3 -0.6 -0.9 -1.2 -1.5 -1.8 -2.2 -2.5 -3 -3 -3 -3 -3 -3 -3 -3 -3 -3 -3 -3 -3 -3 -3 -3 -3 -3 -3 -3 -3 -3 -3 -3 -3 -3 -3 -3 -3 -3 -3 -3 -3 -3 -3
98.4 98.3 96.7 94.8 92.5 91.4 90.8 89 84.4 81.9 78 75.3 73.7 71.2 71.4 71.1 67.1 64.1 60.3 57.5 55.4 52.3 48.7 38.9 35.7 32.1 29.7 28.1 27.4 24.4 21.4 17.4 11.6 6.5 3 2.7 2.5 2.3 2 1.8 1.6 1.4 1.4 1.4 1.4 1.3 1.3 1.2 0.9 0.6 0.3 0 -0.3 -0.6 -0.8 -1.1 -1.4 -1.7 -2 -2.3 -2.7 -3 -3 -3 -3 -3 -3 -3 -3 -3 -3 -3 -3 -3 -3 -3 -3 -3 -3 -3 -3 -3 -3 -3 -3 -3 -3 -3 -3 -3 -3 -3 -3 -3 -3 -3
97.5 97.2 95.4 93.8 92.5 91.7 91.3 89.2 85.8 82.2 79.2 76 70.2 68.9 66.8 68.4 69 66.8 63.5 60.7 57.7 55.9 49.1 41.1 37.4 34.6 32.9 29.5 26.9 23.2 18.6 15 9.6 3.4 2.9 2.7 2.4 2.2 1.9 1.7 1.5 1.2 1 0.8 0.8 0.8 0.8 0.6 0.6 0.4 0.1 -0.2 -0.5 -0.8 -1.1 -1.4 -1.6 -1.9 -2.2 -2.5 -3 -3 -3 -3 -3 -3 -3 -3 -3 -3 -3 -3 -3 -3 -3 -3 -3 -3 -3 -3 -3 -3 -3 -3 -3 -3 -3 -3 -3 -3 -3 -3 -3 -3 -3 -3
96.6 96.1 95.7 94.6 93.9 92.5 90.6 88.2 86 84.6 81.8 78.4 74.7 69.8 59.2 64.6 66.2 65 63.9 61.2 58.9 57.5 52.7 42.6 40.4 38.2 34.3 30.8 24.9 23.4 17.7 12.3 8.5 3.1 2.8 2.6 2.3 2.1 1.8 1.6 1.4 1.1 0.9 0.7 0.4 0.2 0.1 0.1 0.1 -0.1 -0.1 -0.4 -0.7 -0.9 -1.2 -1.5 -1.8 -2.1 -2.4 -2.7 -3 -3 -3 -3 -3 -3 -3 -3 -3 -3 -3 -3 -3 -3 -3 -3 -3 -3 -3 -3 -3 -3 -3 -3 -3 -3 -3 -3 -3 -3 -3 -3 -3 -3 -3 -3
95.7 94.4 93.9 93.3 93.7 93.1 93.3 90.1 86.6 83.8 79.9 76.9 73.6 68.7 64.2 55.5 59.3 60.4 59.1 57.5 56.9 56 52 40.5 39.5 37.4 33.1 29.4 24.4 21 16.1 10.6 6.3 3 2.7 2.5 2.2 2 1.7 1.5 1.3 1 0.8 0.6 0.3 0.1 -0.1 -0.3 -0.6 -0.6 -0.6 -0.8 -0.9 -1.1 -1.4 -1.7 -2 -2.3 -2.6 -3 -3 -3 -3 -3 -3 -3 -3 -3 -3 -3 -3 -3 -3 -3 -3 -3 -3 -3 -3 -3 -3 -3 -3 -3 -3 -3 -3 -3 -3 -3 -3 -3 -3 -3 -3 -3
94.6 92.2 90.3 89.9 90.4 91.3 91.9 88.5 86 83.1 80.7 77.1 72.7 69.2 63.4 58.8 54.8 56.1 55.5 55.4 53.6 52.7 49.9 38.3 37.3 36.3 32.4 28.7 23.6 19.1 14.9 10 3 2.9 2.7 2.4 2.2 1.9 1.7 1.4 1.2 0.9 0.7 0.5 0.2 0 -0.2 -0.5 -0.7 -0.9 -1.1 -1.2 -1.3 -1.4 -1.6 -1.9 -2.2 -2.5 -2.8 -3 -3 -3 -3 -3 -3 -3 -3 -3 -3 -3 -3 -3 -3 -3 -3 -3 -3 -3 -3 -3 -3 -3 -3 -3 -3 -3 -3 -3 -3 -3 -3 -3 -3 -3 -3 -3
94.3 91.7 89.3 87.8 87.1 86.6 86.8 84.2 81.6 81 79.1 76 72.9 70.4 62.4 58.3 54.1 50.7 51.3 51.9 49.8 49.4 41.1 36.2 34.1 33.1 30.4 26.6 22.4 17.9 13.9 10.2 3.1 2.8 2.6 2.3 2.1 1.8 1.6 1.3 1.1 0.8 0.6 0.4 0.1 -0.1 -0.3 -0.6 -0.8 -1 -1.2 -1.5 -1.7 -1.9 -2 -2.1 -2.4 -2.7 -3 -3 -3 -3 -3 -3 -3 -3 -3 -3 -3 -3 -3 -3 -3 -3 -3 -3 -3 -3 -3 -3 -3 -3 -3 -3 -3 -3 -3 -3 -3 -3 -3 -3 -3 -3 -3 -3
95.1 92.3 89.6 87.9 87 85.9 83.9 81.3 78.5 77.5 75.4 72.2 68.5 63.1 58.5 54.9 53.5 49.2 47.3 46.3 46.2 42.8 37.8 34.9 32.9 31.6 29.6 25.3 21.3 16.7 12.8 6.8 3 2.7 2.5 2.3 2 1.8 1.5 1.3 1 0.8 0.5 0.3 0 -0.2 -0.4 -0.7 -0.9 -1.1 -1.4 -1.6 -1.8 -2 -2.3 -2.5 -2.6 -3 -3 -3 -3 -3 -3 -3 -3 -3 -3 -3 -3 -3 -3 -3 -3 -3 -3 -3 -3 -3 -3 -3 -3 -3 -3 -3 -3 -3 -3 -3 -3 -3 -3 -3 -3 -3 -3 -3
95.8 93.1 90.6 89.3 89.1 88.4 84.7 81.1 77.1 73.9 71.4 67.4 63.1 59.9 56.4 52.7 50 46.7 40.2 39.1 37.4 35.9 35.5 33.3 32.9 31.9 29.2 25.3 19.8 15.6 12.1 3.3 2.9 2.7 2.4 2.2 1.9 1.7 1.4 1.2 0.9 0.7 0.4 0.2 -0.1 -0.3 -0.5 -0.8 -1 -1.2 -1.5 -1.7 -1.9 -2.2 -2.4 -2.6 -2.8 -3 -3 -3 -3 -3 -3 -3 -3 -3 -3 -3 -3 -3 -3 -3 -3 -3 -3 -3 -3 -3 -3 -3 -3 -3 -3 -3 -3 -3 -3 -3 -3 -3 -3 -3 -3 -3 -3 -3
94.5 93.1 92 92.4 91.7 90.4 87.1 83.3 79.1 74.8 71.3 65.7 61.8 58.5 55.1 52 49.8 46.1 46.6 42.6 35.6 30.8 28.8 28.4 31.1 31.7 28 22.1 16.4 14 9.8 3.1 2.9 2.6 2.4 2.1 1.9 1.6 1.4 1.1 0.9 0.6 0.4 0.1 -0.1 -0.4 -0.6 -0.9 -1.1 -1.4 -1.6 -1.8 -2 -2.3 -2.5 -2.7 -3 -3 -3 -3 -3 -3 -3 -3 -3 -3 -3 -3 -3 -3 -3 -3 -3 -3 -3 -3 -3 -3 -3 -3 -3 -3 -3 -3 -3 -3 -3 -3 -3 -3 -3 -3 -3 -3 -3 -3
92.6 91.8 93.6 94.3 94.4 94.3 91 87.3 82.5 78.7 75.2 71.7 64.8 60.2 55.8 52.4 51.4 51.3 49.4 45.5 38.5 34.8 31 25.6 21.9 23.4 24.2 19.1 14.4 11.8 9.3 3.1 2.8 2.6 2.3 2.1 1.8 1.5 1.3 1 0.8 0.5 0.3 0 -0.2 -0.5 -0.7 -1 -1.2 -1.4 -1.7 -1.9 -2.2 -2.4 -2.6 -2.8 -3 -3 -3 -3 -3 -3 -3 -3 -3 -3 -3 -3 -3 -3 -3 -3 -3 -3 -3 -3 -3 -3 -3 -3 -3 -3 -3 -3 -3 -3 -3 -3 -3 -3 -3 -3 -3 -3 -3 -3
90 90.8 94.1 94.7 95.7 96.3 94.1 91 85.8 81.9 80 76.1 70.3 62.3 56.6 53.3 51.8 49.5 47.6 42.2 38.2 35.7 33.9 32.7 26.8 19.5 16.7 16.8 11.2 9.9 7.7 3 2.8 2.5 2.3 2 1.7 1.5 1.2 1 0.7 0.5 0.2 0 -0.3 -0.5 -0.8 -1 -1.3 -1.5 -1.8 -2 -2.3 -2.5 -2.7 -3 -3 -3 -3 -3 -3 -3 -3 -3 -3 -3 -3 -3 -3 -3 -3 -3 -3 -3 -3 -3 -3 -3 -3 -3 -3 -3 -3 -3 -3 -3 -3 -3 -3 -3 -3 -3 -3 -3 -3 -3
89.5 92.4 94.3 94.7 95.5 96.4 94.4 91.1 87.4 87.1 83.6 79.7 72.6 65.9 57.9 53.9 52.8 49.5 47.6 42.2 38 36.3 34.7 32.4 28.4 21.6 16.1 12.6 9.2 8.3 6.1 3 2.7 2.5 2.2 1.9 1.7 1.4 1.2 0.9 0.7 0.4 0.1 -0.1 -0.4 -0.6 -0.8 -1.1 -1.3 -1.6 -1.8 -2.1 -2.3 -2.6 -2.8 -3 -3 -3 -3 -3 -3 -3 -3 -3 -3 -3 -3 -3 -3 -3 -3 -3 -3 -3 -3 -3 -3 -3 -3 -3 -3 -3 -3 -3 -3 -3 -3 -3 -3 -3 -3 -3 -3 -3 -3 -3
90.9 92.9 93.9 93.5 94.1 94.8 92.5 89 86 86 84.1 80.2 74.2 68.4 60.4 55.2 53.2 52 49.3 45.1 39.8 37.1 35.2 32.2 27.7 22.3 17.5 14.7 10.9 8.3 5.9 2.9 2.7 2.4 2.2 1.9 1.6 1.4 1.1 0.9 0.6 0.4 0.1 -0.2 -0.4 -0.7 -0.9 -1.2 -1.4 -1.7 -1.9 -2.2 -2.4 -2.7 -2.9 -3 -3 -3 -3 -3 -3 -3 -3 -3 -3 -3 -3 -3 -3 -3 -3 -3 -3 -3 -3 -3 -3 -3 -3 -3 -3 -3 -3 -3 -3 -3 -3 -3 -3 -3 -3 -3 -3 -3 -3 -3
90.3 90.9 91.8 91.9 92.5 92 90 86.7 83.7 82.3 79.9 77.8 74.4 69.8 63.6 58.3 55.3 53.8 51.9 48.4 44.4 40.5 37.2 32.8 25.9 22.6 18.4 13.9 10.6 8 4.7 2.9 2.6 2.3 2.1 1.8 1.6 1.3 1.1 0.8 0.6 0.3 0 -0.2 -0.5 -0.7 -1 -1.2 -1.5 -1.7 -2 -2.2 -2.5 -2.7 -3 -3 -3 -3 -3 -3 -3 -3 -3 -3 -3 -3 -3 -3 -3 -3 -3 -3 -3 -3 -3 -3 -3 -3 -3 -3 -3 -3 -3 -3 -3 -3 -3 -3 -3 -3 -3 -3 -3 -3 -3 -3
88.5 88.7 89.1 89.6 89.7 88.8 87.1 85.3 83.6 79.3 74.4 72.7 69.7 69.3 69.6 66.4 57.8 55.8 53.3 50.3 45.8 41.7 38.8 30.9 26 22.1 17.4 12.8 8.9 7.2 3.1 2.8 2.5 2.3 2 1.7 1.5 1.2 1 0.7 0.5 0.2 0 -0.3 -0.5 -0.8 -1 -1.3 -1.6 -1.8 -2.1 -2.3 -2.6 -2.8 -3 -3 -3 -3 -3 -3 -3 -3 -3 -3 -3 -3 -3 -3 -3 -3 -3 -3 -3 -3 -3 -3 -3 -3 -3 -3 -3 -3 -3 -3 -3 -3 -3 -3 -3 -3 -3 -3 -3 -3 -3 -3
86.3 86.5 86.3 86.6 87 86.6 85.7 84.6 83.2 78.9 72.2 67.8 64.2 63.7 65.9 66.7 61.2 55.7 52.8 48.8 43.2 39.9 35.8 30.5 24.4 20.4 16.8 12 8 6.7 3 2.7 2.5 2.2 1.9 1.7 1.4 1.2 0.9 0.6 0.4 0.2 -0.1 -0.3 -0.6 -0.8 -1.1 -1.4 -1.6 -1.9 -2.1 -2.4 -2.6 -2.9 -3 -3 -3 -3 -3 -3 -3 -3 -3 -3 -3 -3 -3 -3 -3 -3 -3 -3 -3 -3 -3 -3 -3 -3 -3 -3 -3 -3 -3 -3 -3 -3 -3 -3 -3 -3 -3 -3 -3 -3 -3 -3
84.1 83.7 82.7 83.2 85.9 86.1 86.3 85.8 83.9 78.9 71.5 65.7 59.9 56.8 60 60.5 57.9 55.1 51.7 43.7 37.6 36.7 32.1 27.3 23.9 20.7 16.1 10.6 7.3 6.2 2.9 2.7 2.4 2.1 1.9 1.6 1.4 1.1 0.8 0.6 0.3 0 -0.2 -0.4 -0.7 -0.9 -1.2 -1.4 -1.7 -1.9 -2.2 -2.4 -2.7 -3 -3 -3 -3 -3 -3 -3 -3 -3 -3 -3 -3 -3 -3 -3 -3 -3 -3 -3 -3 -3 -3 -3 -3 -3 -3 -3 -3 -3 -3 -3 -3 -3 -3 -3 -3 -3 -3 -3 -3 -3 -3 -3
82.4 82 82.6 83.1 85.1 86.1 88.7 87.8 86 80.7 72.8 67.1 60.7 54.3 54 55.4 53.6 52 48.4 39.2 36.3 35.1 30.7 26.1 23.1 19.7 14.1 9.5 6.6 4.8 2.9 2.6 2.4 2.1 1.8 1.5 1.3 1 0.8 0.5 0.2 0 -0.3 -0.6 -0.8 -1 -1.3 -1.5 -1.8 -2 -2.3 -2.5 -2.8 -3 -3 -3 -3 -3 -3 -3 -3 -3 -3 -3 -3 -3 -3 -3 -3 -3 -3 -3 -3 -3 -3 -3 -3 -3 -3 -3 -3 -3 -3 -3 -3 -3 -3 -3 -3 -3 -3 -3 -3 -3 -3 -3
81.2 81.7 83.4 83.8 86.9 89.8 91.5 91.8 89.2 83.7 74.5 66.7 60 54.9 51.4 50.6 50 47.6 41.7 36.3 36.6 35.5 31 25.6 21.7 18.5 12.9 9 5.8 4.4 2.9 2.6 2.3 2.1 1.8 1.5 1.2 1 0.7 0.4 0.2 -0.1 -0.4 -0.6 -0.9 -1.1 -1.4 -1.6 -1.9 -2.1 -2.4 -2.6 -2.9 -3 -3 -3 -3 -3 -3 -3 -3 -3 -3 -3 -3 -3 -3 -3 -3 -3 -3 -3 -3 -3 -3 -3 -3 -3 -3 -3 -3 -3 -3 -3 -3 -3 -3 -3 -3 -3 -3 -3 -3 -3 -3 -3
81.4 82.8 83.9 87.6 90.4 94 96.6 96.8 96.4 89.8 79.7 70.5 63.8 56.9 52.5 47.8 48.5 46.8 37.9 35 35.9 35.9 32.4 26.6 22 17 12.8 8.4 5.4 3.9 2.8 2.6 2.3 2 1.7 1.5 1.2 0.9 0.7 0.4 0.1 -0.2 -0.4 -0.7 -1 -1.2 -1.5 -1.7 -2 -2.2 -2.5 -2.7 -3 -3 -3 -3 -3 -3 -3 -3 -3 -3 -3 -3 -3 -3 -3 -3 -3 -3 -3 -3 -3 -3 -3 -3 -3 -3 -3 -3 -3 -3 -3 -3 -3 -3 -3 -3 -3 -3 -3 -3 -3 -3 -3 -3
82.6 84.2 87.5 91.1 94.2 98.4 98.6 99.7 99.7 96.2 91.9 86.3 76.1 62.5 54.7 47.6 46.5 44.4 35.8 32.9 33 34.1 32.4 27.2 21.8 17.4 12.2 7.3 5.2 3.4 2.9 2.6 2.3 2 1.7 1.5 1.2 0.9 0.6 0.4 0.1 -0.2 -0.5 -0.7 -1 -1.3 -1.6 -1.8 -2.1 -2.3 -2.6 -3 -3 -3 -3 -3 -3 -3 -3 -3 -3 -3 -3 -3 -3 -3 -3 -3 -3 -3 -3 -3 -3 -3 -3 -3 -3 -3 -3 -3 -3 -3 -3 -3 -3 -3 -3 -3 -3 -3 -3 -3 -3 -3 -3 -3
83.4 85.7 88.9 92.5 96.2 98 97.3 97.1 98.7 99.5 97.1 94.8 90.1 76.3 61.5 49.2 41.6 37.7 34.8 33 30.9 29.6 29.9 25.5 20.4 15.9 10.6 6.8 5.2 3.1 2.9 2.6 2.3 2 1.8 1.5 1.2 0.9 0.6 0.4 0.1 -0.2 -0.5 -0.7 -1 -1.3 -1.6 -1.9 -2.1 -2.4 -2.7 -3 -3 -3 -3 -3 -3 -3 -3 -3 -3 -3 -3 -3 -3 -3 -3 -3 -3 -3 -3 -3 -3 -3 -3 -3 -3 -3 -3 -3 -3 -3 -3 -3 -3 -3 -3 -3 -3 -3 -3 -3 -3 -3 -3 -3
82.7 85.3 87.1 91.8 93.8 93.6 94.7 95.8 98.1 99.7 101.3 99.3 96.3 88.8 68.3 53.5 45.7 39.6 34.5 32.7 30.8 28.2 25.3 21.9 17.7 13.7 9.6 6.8 5.3 3.1 2.9 2.6 2.4 2.1 1.8 1.5 1.2 1 0.7 0.4 0.1 -0.1 -0.4 -0.7 -1 -1.3 -1.5 -1.8 -2.1 -2.4 -2.7 -3 -3 -3 -3 -3 -3 -3 -3 -3 -3 -3 -3 -3 -3 -3 -3 -3 -3 -3 -3 -3 -3 -3 -3 -3 -3 -3 -3 -3 -3 -3 -3 -3 -3 -3 -3 -3 -3 -3 -3 -3 -3 -3 -3 -3
79.1 84.7 85.2 89.4 89.8 90.1 92.8 95.3 97.3 98.6 99 100.3 95.8 84.3 69.3 56.9 54.5 51 38.2 33.1 30.8 28.8 26 21.7 17.2 13.7 9.5 7 5.5 3.1 3 2.7 2.4 2.2 1.9 1.6 1.3 1 0.8 0.5 0.2 -0.1 -0.3 -0.6 -0.9 -1.2 -1.5 -1.7 -2 -2.3 -2.7 -3 -3 -3 -3 -3 -3 -3 -3 -3 -3 -3 -3 -3 -3 -3 -3 -3 -3 -3 -3 -3 -3 -3 -3 -3 -3 -3 -3 -3 -3 -3 -3 -3 -3 -3 -3 -3 -3 -3 -3 -3 -3 -3 -3 -3
83.9 84.6 84.8 85.7 88.2 89.5 91.5 93.4 95 96.8 96.3 95 92.1 82.7 67.5 58.5 62 68.4 54.4 44.4 39 33.2 29 22.3 17.8 14.3 10 7.6 5.8 4.9 3.1 2.8 2.5 2.2 2 1.7 1.4 1.1 0.8 0.6 0.3 0 -0.3 -0.5 -0.8 -1.1 -1.4 -1.7 -2 -2.3 -2.6 -2.9 -3 -3 -3 -3 -3 -3 -3 -3 -3 -3 -3 -3 -3 -3 -3 -3 -3 -3 -3 -3 -3 -3 -3 -3 -3 -3 -3 -3 -3 -3 -3 -3 -3 -3 -3 -3 -3 -3 -3 -3 -3 -3 -3 -3
85.8 87.4 86.5 87.1 89.7 91.6 91 91.8 94.2 95.2 93.4 90.5 87.6 86 63.2 58 64.9 72 70.1 63.3 55.9 45.7 36.8 25.1 22 14.1 9.1 7.3 5.8 5.4 3.1 2.9 2.6 2.3 2 1.8 1.5 1.2 0.9 0.7 0.4 0.1 -0.2 -0.5 -0.8 -1.1 -1.4 -1.7 -2 -2.3 -2.6 -3 -3 -3 -3 -3 -3 -3 -3 -3 -3 -3 -3 -3 -3 -3 -3 -3 -3 -3 -3 -3 -3 -3 -3 -3 -3 -3 -3 -3 -3 -3 -3 -3 -3 -3 -3 -3 -3 -3 -3 -3 -3 -3 -3 -3
86.7 89.2 89.8 89.7 91.1 92.9 91.2 89.9 92.5 92.6 90 87.4 82.8 68.1 58.3 57.8 67.1 75 75.9 73.6 66.7 58.3 47.3 30 23.2 15.4 11.8 11.5 9.5 5.4 3.1 3 2.7 2.4 2.1 1.8 1.6 1.3 1 0.7 0.4 0.1 -0.2 -0.5 -0.8 -1.1 -1.5 -1.8 -2.1 -2.4 -2.7 -3 -3 -3 -3 -3 -3 -3 -3 -3 -3 -3 -3 -3 -3 -3 -3 -3 -3 -3 -3 -3 -3 -3 -3 -3 -3 -3 -3 -3 -3 -3 -3 -3 -3 -3 -3 -3 -3 -3 -3 -3 -3 -3 -3 -3
88.3 89 90.1 90.3 92.2 92.6 91.2 88.2 89.9 90.7 88.8 86.6 80.1 60.7 55.8 60.3 69.5 75.8 76.1 71.8 65.7 60.1 30.7 26.8 22.3 20.4 19.6 19.3 14.9 10.8 5.6 3 2.8 2.5 2.2 1.9 1.6 1.3 1 0.7 0.3 0 -0.3 -0.6 -0.9 -1.2 -1.6 -1.9 -2.2 -2.5 -2.8 -3 -3 -3 -3 -3 -3 -3 -3 -3 -3 -3 -3 -3 -3 -3 -3 -3 -3 -3 -3 -3 -3 -3 -3 -3 -3 -3 -3 -3 -3 -3 -3 -3 -3 -3 -3 -3 -3 -3 -3 -3 -3 -3 -3 -3
87.4 88 88.7 89.6 90.9 90.9 89.8 87.4 87.5 89.3 87.2 84.2 79.2 58.6 54.9 60.2 68.5 72.6 71.6 68.6 64.8 62.8 38.6 24.2 22.5 23.5 23.8 21.6 22.7 13.6 8.7 5.6 2.8 2.5 2.2 1.9 1.5 1.2 0.9 0.6 0.3 -0.1 -0.4 -0.7 -1 -1.3 -1.6 -2 -2.3 -2.6 -3 -3 -3 -3 -3 -3 -3 -3 -3 -3 -3 -3 -3 -3 -3 -3 -3 -3 -3 -3 -3 -3 -3 -3 -3 -3 -3 -3 -3 -3 -3 -3 -3 -3 -3 -3 -3 -3 -3 -3 -3 -3 -3 -3 -3 -3
85.8 86.7 87.2 88.5 89.8 89.3 87.8 85.4 84.2 87.7 86.5 82.7 78.4 64.4 55.3 54.8 63.4 67.7 67.8 66.5 62.1 61.1 43.6 24.8 23.6 27.2 27.4 26.8 33.3 22.6 11.7 6.3 2.9 2.5 2.2 1.9 1.5 1.2 0.9 0.5 0.2 -0.1 -0.5 -0.8 -1.1 -1.4 -1.7 -2.1 -2.4 -2.7 -3 -3 -3 -3 -3 -3 -3 -3 -3 -3 -3 -3 -3 -3 -3 -3 -3 -3 -3 -3 -3 -3 -3 -3 -3 -3 -3 -3 -3 -3 -3 -3 -3 -3 -3 -3 -3 -3 -3 -3 -3 -3 -3 -3 -3 -3
83.4 84.6 85.6 87.3 87.3 87 85.6 83.6 82.9 84.2 84.3 80.8 78.3 73.7 67.5 57.2 58.9 64.8 64.3 57.4 48.2 46.3 44.6 26.7 25.6 32.3 38.8 28.7 30.8 34.5 17.3 7.2 2.9 2.6 2.3 1.9 1.6 1.3 0.9 0.6 0.3 -0.1 -0.4 -0.7 -1.1 -1.4 -1.7 -2 -2.4 -2.7 -3 -3 -3 -3 -3 -3 -3 -3 -3 -3 -3 -3 -3 -3 -3 -3 -3 -3 -3 -3 -3 -3 -3 -3 -3 -3 -3 -3 -3 -3 -3 -3 -3 -3 -3 -3 -3 -3 -3 -3 -3 -3 -3 -3 -3 -3
79.8 81.8 83.6 85.9 86.3 85.3 83 81 81.6 81.3 81.1 79.5 75.7 72.3 60.2 39.9 48.1 63.3 63.1 49 46.1 44.7 41.8 33.9 24.5 31.5 32.5 26.9 25.3 15.9 10.3 7.8 3 2.7 2.3 2 1.7 1.4 1.1 0.7 0.4 0.1 -0.2 -0.5 -0.9 -1.2 -1.5 -1.8 -2.3 -2.7 -3 -3 -3 -3 -3 -3 -3 -3 -3 -3 -3 -3 -3 -3 -3 -3 -3 -3 -3 -3 -3 -3 -3 -3 -3 -3 -3 -3 -3 -3 -3 -3 -3 -3 -3 -3 -3 -3 -3 -3 -3 -3 -3 -3 -3 -3
79.1 81.7 83.3 85.5 86.6 85.2 82.6 79.1 78.6 78.8 76.7 75.7 74.3 72.5 49.2 32.1 45.3 61 59.5 46.6 45.2 44.4 43.1 38 22.2 22.4 22.4 22.3 18.3 18 15.2 8.3 3.1 2.9 2.6 2.2 1.9 1.6 1.3 1 0.6 0.3 0 -0.3 -0.6 -1 -1.4 -1.8 -2.2 -2.7 -3 -3 -3 -3 -3 -3 -3 -3 -3 -3 -3 -3 -3 -3 -3 -3 -3 -3 -3 -3 -3 -3 -3 -3 -3 -3 -3 -3 -3 -3 -3 -3 -3 -3 -3 -3 -3 -3 -3 -3 -3 -3 -3 -3 -3 -3
80.7 82.8 85.1 86.8 86.4 85.7 83.4 78.1 74.5 74.4 72.3 71.7 70.9 69.5 46.8 37.7 33.7 51.8 49.9 33.9 30.7 39.6 37 25.6 22.3 22.7 22.5 20.4 15.6 12.7 11.6 7.4 4.8 3.1 2.8 2.5 2.1 1.8 1.5 1.2 0.9 0.5 0.2 -0.1 -0.5 -0.8 -1.2 -1.7 -2.1 -2.6 -3 -3 -3 -3 -3 -3 -3 -3 -3 -3 -3 -3 -3 -3 -3 -3 -3 -3 -3 -3 -3 -3 -3 -3 -3 -3 -3 -3 -3 -3 -3 -3 -3 -3 -3 -3 -3 -3 -3 -3 -3 -3 -3 -3 -3 -3
84 85.2 85.9 86.1 85.8 85.8 83.6 77.2 74 69.2 64.7 64.5 64.3 62.7 57.4 36.7 27.8 30.9 40.4 28 24.6 25.8 26.4 24.4 24.9 26.2 25.2 22 18.1 12.3 9.2 7.5 5.7 3.1 3 2.7 2.4 2 1.7 1.4 1.1 0.7 0.4 0.1 -0.2 -0.7 -1 -1.5 -2 -2.6 -3 -3 -3 -3 -3 -3 -3 -3 -3 -3 -3 -3 -3 -3 -3 -3 -3 -3 -3 -3 -3 -3 -3 -3 -3 -3 -3 -3 -3 -3 -3 -3 -3 -3 -3 -3 -3 -3 -3 -3 -3 -3 -3 -3 -3 -3
85.4 85.9 86.1 86.2 85.9 84.4 80.2 77.5 74.1 69.5 65.7 49.8 47.2 42.4 38.3 36.3 26.6 26.6 26.9 25.1 24.4 24.3 24.8 26.6 27.4 27.6 26.5 21.3 18.1 13.8 9.5 6.5 5.1 5 3.1 2.9 2.6 2.3 1.9 1.6 1.3 1 0.7 0.3 0 -0.4 -0.9 -1.5 -2 -2.6 -3 -3 -3 -3 -3 -3 -3 -3 -3 -3 -3 -3 -3 -3 -3 -3 -3 -3 -3 -3 -3 -3 -3 -3 -3 -3 -3 -3 -3 -3 -3 -3 -3 -3 -3 -3 -3 -3 -3 -3 -3 -3 -3 -3 -3 -3
84.4 85.9 86.1 86.2 85.6 83.6 81.1 77.7 75 70.4 64.4 52.1 42.4 35.7 30 27.5 25.8 24.9 24.6 24.7 24.6 24.5 25.3 27.2 26.8 26.3 23.2 18.8 16.2 14.7 11.1 8 5.8 5.2 4.9 3.1 2.8 2.5 2.2 1.9 1.7 1.3 1 0.7 0.2 -0.3 -0.8 -1.3 -2 -3 -3 -3 -3 -3 -3 -3 -3 -3 -3 -3 -3 -3 -3 -3 -3 -3 -3 -3 -3 -3 -3 -3 -3 -3 -3 -3 -3 -3 -3 -3 -3 -3 -3 -3 -3 -3 -3 -3 -3 -3 -3 -3 -3 -3 -3 -3
83.4 84.4 85.1 84.4 83.7 81.9 78.1 74.9 74.9 70.9 66.1 58.4 43.6 35.7 29.8 26.3 24.7 24.6 24.4 24.5 25.2 26.9 28 28.2 27.3 27.2 24.8 22.3 20.3 17.7 15.3 12.4 10.9 7.8 5.3 5.2 3.3 2.8 2.6 2.3 2 1.7 1.3 0.8 0.4 0 -0.7 -1.2 -1.9 -3 -3 -3 -3 -3 -3 -3 -3 -3 -3 -3 -3 -3 -3 -3 -3 -3 -3 -3 -3 -3 -3 -3 -3 -3 -3 -3 -3 -3 -3 -3 -3 -3 -3 -3 -3 -3 -3 -3 -3 -3 -3 -3 -3 -3 -3 -3
81.2 83.2 83.5 82.8 82 79.2 75.6 72.2 71.8 71.7 67.4 61.1 45.8 33.7 28.9 26.2 24.7 24.4 24.3 26.6 33.5 36.9 39.9 37.9 34.4 32.9 30.8 27.8 25.1 22.4 19 16.3 14 12.1 8.4 5.2 5 4.6 3 2.7 2.4 2 1.6 1.3 0.7 0.2 -0.3 -1.1 -2.1 -3 -3 -3 -3 -3 -3 -3 -3 -3 -3 -3 -3 -3 -3 -3 -3 -3 -3 -3 -3 -3 -3 -3 -3 -3 -3 -3 -3 -3 -3 -3 -3 -3 -3 -3 -3 -3 -3 -3 -3 -3 -3 -3 -3 -3 -3 -3
79.6 82.1 82.4 82.1 80.1 77.6 73.7 71.3 71.8 72.2 68.4 59.7 52.3 37.4 32.2 27.5 26.5 25.4 25.4 28.2 39.4 52.7 55.6 52.5 43.5 38.6 35.2 32.6 29 27.3 23.7 21.9 18.5 15.6 12.2 8.1 5.6 4.8 4.6 4.4 2.8 2.5 2.1 1.7 1.2 0.6 -0.5 -1.4 -3 -3 -3 -3 -3 -3 -3 -3 -3 -3 -3 -3 -3 -3 -3 -3 -3 -3 -3 -3 -3 -3 -3 -3 -3 -3 -3 -3 -3 -3 -3 -3 -3 -3 -3 -3 -3 -3 -3 -3 -3 -3 -3 -3 -3 -3 -3 -3
78 80.1 80.4 79.3 78 75.7 72.4 70.7 71.6 72.4 72.1 68.6 63.4 59.5 52.8 47.4 30.6 26.6 26.8 35.7 46.1 56.4 59.8 57.6 50.2 45.8 42.9 39.4 35.9 33.8 30.4 29 24.9 20.9 17.7 14 10.1 7.1 5.2 5.1 5.3 3.1 2.7 2.3 1.5 0.7 0 -0.9 -3 -3 -3 -3 -3 -3 -3 -3 -3 -3 -3 -3 -3 -3 -3 -3 -3 -3 -3 -3 -3 -3 -3 -3 -3 -3 -3 -3 -3 -3 -3 -3 -3 -3 -3 -3 -3 -3 -3 -3 -3 -3 -3 -3 -3 -3 -3 -3
75.9 77.5 77.4 76.8 75.7 73.4 72 68.7 68.9 70.9 71.6 71.3 68.3 64.1 63 63 51.9 35.5 37 47.8 56.2 60.4 63.4 64.7 66.1 65.5 56.5 52.5 47.3 43 41.5 39.3 38.5 36.4 28 19.2 16.2 12.6 10.9 15.6 13.8 5.7 4.5 4.1 2.6 1.9 1 0.1 -1.2 -3 -3 -3 -3 -3 -3 -3 -3 -3 -3 -3 -3 -3 -3 -3 -3 -3 -3 -3 -3 -3 -3 -3 -3 -3 -3 -3 -3 -3 -3 -3 -3 -3 -3 -3 -3 -3 -3 -3 -3 -3 -3 -3 -3 -3 -3 -3
73.7 75.2 75.3 74.3 72.5 69.7 69.5 66.2 65.6 68.4 68.4 69.2 68.9 66.5 61.4 59.8 56.5 51.3 43.7 52.2 61.2 64.6 67.3 68.6 70.6 71.8 72.5 70.6 67.2 61.6 61.4 61.7 67 63.1 49.8 33.7 24.1 18.6 35.1 49.3 47.6 18.1 10.3 5.4 4.2 4.4 2.6 1.7 1.2 0.4 -3 -3 -3 -3 -3 -3 -3 -3 -3 -3 -3 -3 -3 -3 -3 -3 -3 -3 -3 -3 -3 -3 -3 -3 -3 -3 -3 -3 -3 -3 -3 -3 -3 -3 -3 -3 -3 -3 -3 -3 -3 -3 -3 -3 -3 -3
72.1 73 73.2 71.7 69.2 66.7 65.9 64.4 62.5 63.5 64.3 64.4 65.6 63.9 60.1 58.6 58.9 56.9 47.2 53.6 62.7 68 70 70.9 72 73.6 74.2 74 73.7 74 74.2 75.1 75.7 72.3 64.3 46.2 37 35 53.4 58.5 61.7 57.9 37.1 20.9 18 10 6.4 5.2 5.2 2.9 0 -3 -3 -1.6 -3 -3 -3 -3 -3 -3 -3 -3 -3 -3 -3 -3 -3 -3 -3 -3 -3 -3 -3 -3 -3 -3 -3 -3 -3 -3 -3 -3 -3 -3 -3 -3 -3 -3 -3 -3 -3 -3 -3 -3 -3 -3
70.8 71.6 70.5 67.7 65.5 64.1 62 59.9 58.1 57.3 59.5 61.9 59.2 59.3 57.2 58 59.4 57.7 52.9 51.5 63.4 67.7 70.7 70.9 72.7 73 72.1 71.2 71.3 71.2 70.6 71.8 73 72 64.9 50.1 44.8 41.1 54.2 60.5 63 62.1 50.1 45.9 48.5 36.6 18.1 13.9 6.6 6.5 3.7 1.9 0.7 0.5 -1 -3 -3 -3 -3 -3 -3 -3 -3 -3 -3 -3 -3 -3 -3 -3 -3 -3 -3 -3 -3 -3 -3 -3 -3 -3 -3 -3 -3 -3 -3 -3 -3 -3 -3 -3 -3 -3 -3 -3 -3 -3
67 67 66.2 62.4 63.6 62.2 58.3 56.4 54.6 52.5 54.2 60.5 56.9 54.2 52.3 55 58.1 58 54.1 41.8 54 60.9 66.4 68.5 69.7 69.6 68.7 67.7 67.9 67.2 67.2 68.3 69.2 69.5 67 54.2 49.3 47.4 50.8 57.6 60.4 60.4 59.1 58.2 64.4 61 49.2 49.2 31.6 21.1 6.8 6.1 4.5 2.6 0.9 -3 -3 -3 -3 -3 -3 -3 -3 -3 -3 -3 -3 -3 -3 -3 -3 -3 -3 -3 -3 -3 -3 -3 -3 -3 -3 -3 -3 -3 -3 -3 -3 -3 -3 -3 -3 -3 -3 -3 -3 -3
61.3 58.7 55.5 55.9 60.9 62.3 57.8 53.9 54.1 47.8 51.4 57.4 55.2 48.9 46.9 48.9 52.9 53 54.5 39.2 43.7 57.1 63.5 64.6 66 66.1 65.8 64.9 64.5 64.2 63.7 64.5 66.8 68 66.3 60.9 53.2 49.4 49.7 54.2 58.6 60.3 62.3 64.8 67.2 68.6 70.6 72.6 72.1 58.5 38.6 22.6 13.2 10.2 2.2 1.4 -3 -3 -3 -3 -3 -3 -3 -3 -3 -3 -3 -3 -3 -3 -3 -3 -3 -3 -3 -3 -3 -3 -3 -3 -3 -3 -3 -3 -3 -3 -3 -3 -3 -3 -3 -3 -3 -3 -3 -3
59.3 54 50.4 49.1 53.7 59.4 58.3 52.7 42.3 43.6 51.8 52.2 49.8 40.3 23.8 36.1 41.9 45.4 50.4 37.4 36.2 50.8 60.7 62.2 62.7 63 62.8 62.1 61.8 60.6 59.7 61 62.9 65 64 62.3 57.8 52.9 50.4 54.6 58.2 59.9 63.3 65.5 67.7 69.4 71.5 75.4 74.2 73.4 62.1 53.5 59.8 45.9 31.7 10.2 3 1.6 -3 -3 -3 -3 -3 -3 -3 -3 -3 -3 -3 -3 -3 -3 -3 -3 -3 -3 -3 -3 -3 -3 -3 -3 -3 -3 -3 -3 -3 -3 -3 -3 -3 -3 -3 -3 -3 -3
57 49.3 46.3 45.4 47.7 56.6 57.4 54.8 40.6 33 37.1 21.9 21.3 18.4 14.3 15.2 17.7 27.4 40.1 47.2 28.3 40.6 56.6 59.9 60.1 59.9 59.6 59.4 58.9 56.9 55.3 56.1 58 59.8 61 62 60 56.6 52.9 55.7 57 57.1 61.4 62 62.7 64.7 66.9 68.2 70.5 71.4 69.7 70.4 70.6 64.6 56.1 38.5 15.4 20.3 4.1 1.7 -3 -3 -3 -3 -3 -3 -3 -3 -3 -3 -3 -3 -3 -3 -3 -3 -3 -3 -3 -3 -3 -3 -3 -3 -3 -3 -3 -3 -3 -3 -3 -3 -3 -3 -3 -3
56.8 46 43.8 41.7 44.3 51.4 54.1 52.3 27.3 20.4 15.7 15 13.3 10.8 9.6 10.3 12.1 15.5 25.6 34.3 23.6 23.7 47.9 56.3 59.1 58.3 58.2 57.4 56.4 52.9 50.6 51.9 53.4 56.4 61 63.9 62.6 60.1 55 53.8 54.4 53.9 54.2 53.6 53.7 56.4 58.3 61 62.3 64.1 66.6 68 68.2 64.9 60.2 57 48.4 38.7 23.9 14.5 5.8 2.8 -3 -3 -3 -3 -3 -3 -3 -3 -3 -3 -3 -3 -3 -3 -3 -3 -3 -3 -3 -3 -3 -3 -3 -3 -3 -3 -3 -3 -3 -3 -3 -3 -3 -3
49.4 43.9 40.8 38.6 37.9 41.5 37.4 32.1 21.1 13.8 11.1 7.7 3.4 2.9 2.6 2.6 2.8 4.3 15.8 21.5 23.5 17.3 39.4 52.5 56.2 56.7 56.7 55.6 51.6 48.6 47.1 47.7 48.9 52.5 57.1 63.1 61.2 57.2 53.7 51.4 51.2 50 48.9 46.4 45.8 46.3 44.7 44.4 45.8 52.1 60.1 62.9 63.3 61 58.6 54.9 45.9 32.7 25.6 21.7 24.8 7.1 2.7 -0.1 -3 -3 -3 -3 -3 -3 -3 -3 -3 -3 -3 -3 -3 -3 -3 -3 -3 -3 -3 -3 -3 -3 -3 -3 -3 -3 -3 -3 -3 -3 -3 -3
48.7 43 38.1 35.5 32.4 30 26.8 22.2 16.4 11.7 3.4 2.5 1.8 1.4 1.1 1.1 1.3 2.1 2.6 2.8 3.1 3.5 32.8 44.1 49.9 53.2 53.8 51.3 48 45.1 44 44.3 47.4 48.5 51.7 54.9 56.3 54.4 51.7 50.7 49 46.8 44.7 41.7 39.7 36.8 33.3 30.4 28.9 35.3 46.7 56.7 56.7 52.7 46.9 39.8 28.1 18.8 17.7 21.6 32.3 4.7 3.1 3.1 1.8 -3 -3 -3 -3 -3 -3 -3 -3 -3 -3 -3 -3 -3 -3 -3 -3 -3 -3 -3 -3 -3 -3 -3 -3 -3 -3 -3 -3 -3 -3 -3
49.6 42.5 38.2 34.9 30.3 26.4 22 18.5 14.4 3.1 3.1 1.5 0.4 -0.1 -0.4 -0.4 -0.2 0.3 0.7 0.9 2.6 3.5 25.1 34.3 42.1 43.1 45.3 44.2 43.3 41.5 41 42.9 45.2 46.8 48.6 52.3 52.7 52.3 51.8 51.5 49.3 47.1 44.3 41.3 39 37 34.7 32.3 25 21.5 33.6 45.2 47.7 38.1 30.9 25.6 18.5 13.2 4.2 3.8 12.7 7 3.1 2 18.3 2.2 -3 -3 -3 -3 -3 -3 -3 -3 -3 -3 -3 -3 -3 -3 -3 -3 -3 -3 -3 -3 -3 -3 -3 -3 -3 -3 -3 -3 -3 -3
