WholeMapElevations/data/sj/sj16_OST50GRID_20230518/SJ16.asc
ncols 200
nrows 200
xllcorner 310000
yllcorner 360000
cellsize 50
[rows 140 to 174 of 200, columns 80 to 159 of 200]
225.9 238.1 256.2 266.4 274.2 281.6 285.4 288.5 291.3 290.4 289.9 299.5 309.3 319.3 338 357.6 375.6 390.5 399.7 405.5 416.7 426.3 434 432.4 437.1 438.8 439.5 438.9 439.7 443.1 440.3 440.4 442.7 446 454.5 465.4 481.9 495.3 504.8 511.7 514.5 509 499.2 489.7 479.7 463.8 452.1 449.9 446.9 444.1 437.7 427.7 415.8 406.1 397 389.6 383.6 374.6 370.6 368.5 368.8 370.5 371.6 369.9 364.1 352.9 338 323.3 312.1 306.4 300.6 298.1 291.1 292 296 300.8 303.1 301.3 301.4 296.4
218 231.5 245.3 257.9 266.3 272.5 275.9 278.1 275.7 274.5 290.1 295.5 304.2 318.2 337.9 357.2 369.3 383.6 391.9 398.5 403.9 413.2 419.2 425.6 428.5 437.7 442.4 443.6 445.3 447.2 448.4 446.7 452.7 463.1 473 483.4 492.1 501.5 509.4 513.4 515.8 514.5 507.8 497.6 487 475.3 464.3 460.3 458.9 455.1 449 438.9 430.8 422.2 414.5 409.5 403.3 395.2 391.5 386.8 385.6 384 383.1 377.7 371.1 358.5 344.2 327 308.5 299.5 294.7 293.5 290.5 285.7 286.6 289.6 291.9 288.8 287.6 285.2
213.9 227.7 240.9 252.1 261.1 263.6 264.7 262.5 259.9 272.4 285.8 292.9 303.8 320.8 336.9 355.1 363.9 375.6 384.2 386 393.9 403.1 410.9 418.4 420.6 427.8 435.7 443.1 448.4 448.9 451 452.6 456 472.3 484.4 497 506.8 512.3 519.7 525.3 524.6 520.6 513.9 508.3 498.1 487.4 480.5 473.8 473.9 469 458.2 451.8 445.8 438.8 434.8 429 423.8 416.7 410.7 404.4 397.6 392.3 384.4 375.4 367.4 356.1 342.2 325.2 305.9 293.7 291.1 289.2 286.8 279.7 279.8 277.7 278.1 278.1 277.7 275.5
211.5 224.7 235.9 245.2 248.3 249.2 250.7 248.9 262.3 271 283.3 291.6 305.2 321.7 339.2 350 358.9 365.9 370.9 375.6 384.9 397.2 406 413.2 414.1 420.1 427.7 436.6 444 450 451.4 450.7 459.2 475.6 490.7 505.5 515.7 526 533.3 537.6 534.9 529 526.6 522.9 514.9 504.2 495.4 491.2 486.8 476.4 456.2 454.2 461.4 456.7 449.7 441.9 436.1 429.4 420.1 410.2 399.7 389 377.5 368 357.4 345.2 334.6 319.2 302.1 291.2 288.5 286.3 282.8 275.9 275.2 272.8 269.6 267.4 267.5 265.5
206.1 217.2 226.6 232 235.9 239 233.5 251.1 262 275.3 285.4 296.1 309.3 325.7 338 347.8 354.7 360.2 367.2 372.5 378.9 389.6 400.9 404.8 407.6 413.1 421.4 430.2 437.8 442.7 445.7 450.3 463.6 480.1 493.7 503.7 518.5 530.3 540.8 543 541.5 540 534.9 528.6 526.8 518.2 506.7 503.5 491.3 469 445.5 447.3 452.4 452.8 448.2 442.9 438 428.8 416.1 405.5 394.3 381.7 368.9 357.1 344.6 333.8 323.7 310.3 297.1 288.1 284.7 283.5 280.9 276.4 265.5 265.6 262.9 261.9 260.5 258.2
198.2 209.2 216.6 223.4 228.3 227 241.2 251.9 266.6 280.7 291.4 303.3 315.8 333.3 343.3 348.5 354.2 359.1 367.2 369.4 375.1 384.8 390.8 398.8 403.1 407.6 415.9 422.3 427.5 431.9 439.9 442.4 463.3 474.5 486.9 494.5 507 524.9 536.4 542.7 545.5 546.7 541.9 545.2 535.8 524.6 508.7 494.1 476.5 455.6 430.4 428.6 431.5 433.8 425.9 425.4 421.5 412.4 404.3 395.5 382.4 368.9 356.1 342.3 330.7 320.5 308.6 295 287.8 283.3 280.5 279.8 277.9 274.8 270.5 263.3 255.5 256.2 254.3 252.4
195 203.7 209.7 214.8 213.6 230.2 242.7 253.3 270.7 284.2 296.7 309.6 320.7 334.9 342.9 348.7 352.8 352 351.5 364.6 373.6 378.3 386.8 399.1 404.9 408.8 414.5 417.1 419.9 426 431.2 438 452.6 451.7 458.7 472.6 491.5 509.4 524.9 535.9 546.6 549.6 554.6 551.6 538.4 519.3 497 474.5 454.3 437.3 414.6 404 407.6 404.8 400.4 398.1 398 393.5 387.5 377.9 365.9 352.3 340.2 325.3 314.3 303.7 291.2 286.9 283.2 279.7 278.7 277.1 275.3 272.2 266.8 258.1 254.3 254.3 255.3 249.4
191.6 197.6 202.1 207.4 220.2 231.6 241 254.8 274.2 287.1 299.6 312.9 322 330.9 334.7 339.4 335.9 330.1 333 352.6 366.7 374.7 386 394.4 401.2 405.7 408.8 413.4 417.2 420.5 425.2 425.8 423.7 420.2 439.9 461.8 479.3 497.3 513 528.5 541.5 547.5 552.1 551.1 526.6 496.6 474.5 452.6 432.9 415.5 395.8 380.9 379.9 377.4 373.8 372.7 373.3 370 365.4 357.5 346.9 333.5 319.6 305.4 296.4 290.2 286.2 282.8 279 276.4 272.5 272.4 270.8 265.9 264.4 266.2 263.6 259.1 246.8 243
185.4 190 196 206.4 217.2 228 241.2 253.7 272.2 285.1 298.8 312.5 315.4 314.3 308.9 308.8 309.9 308.9 324 346.1 360.2 371.5 378.5 388.2 395 400.6 403 407.6 412.8 416.3 414.4 407.9 400 405.7 426.9 448.7 467.7 490.2 509.1 521 532 537.9 545.4 542.4 515.1 481.6 453.7 431 410.8 394 377.4 361.9 357.5 354.3 351.1 350.1 350 347.6 342 337.6 325.1 313.3 300 294.9 291 287.8 285.4 282.6 279.5 278.1 278.8 275.8 273.6 272.7 273.2 271.2 265.8 259.4 252.4 247.4
178 184.7 192.8 202.4 212.7 223.6 239.4 254.5 267.2 281.3 294.5 298.7 297.8 293.1 284 283 287.5 296.7 319.6 337.2 349.6 355.8 365.8 374.9 381.8 386.5 389.1 391.4 397 396.2 394 388.8 379.3 393 417.5 438.5 467.5 485.2 498.9 509.2 519.4 525.7 532.5 532.9 515.6 482.8 453.2 428 404.1 379.9 365.2 357.3 353.3 346.2 340 334.9 330.3 326.2 323.2 318.1 309 303.7 299.1 296.6 293.3 291.9 289.1 284.9 287.1 284.7 284.2 281.5 279.9 278.7 276.8 270.5 262.8 256.4 251.6 247.2
173.3 179.2 188.2 197.3 209.1 214.7 232.9 250.3 265.4 275.5 284.1 285.9 280.5 270.2 261.3 263 280.2 300.9 315.6 325.3 335.4 339.8 347 356.7 364.6 371.5 371.5 372.8 371.9 371.2 371.8 370 364.1 385.3 414.5 442.5 469.2 483.8 494.2 506.1 518.3 522.9 530.3 530.8 520.7 491.4 471.5 444.3 417.1 393.1 369.7 354.4 349.4 344 339.7 334.6 330.1 324.3 318.6 313.6 308 304 301.8 300.2 300.8 300.2 306.1 312.9 314.7 314.2 309.9 305 299.9 293.2 284.4 273.7 259.8 253.5 250.6 247.3
169.2 175.3 182.3 191 201.8 209.6 225.6 242.8 257.6 269 273.9 268.4 253.7 243.9 247.1 265.1 279.7 291.5 301.5 305.9 310.9 317.2 323.1 331.8 338.5 342.5 343.1 343.5 341.7 345.1 347.1 347.4 352.1 380.5 412 441.1 464.6 479.1 490 501.7 511.3 514.4 520.6 520.4 511.8 488.9 480.3 456.6 428.1 399.2 378.8 359.3 346.5 339.5 335.3 330.8 326.9 321.9 316.8 315 313.1 307.7 307.2 309.3 316.2 325.7 332.1 339.1 344.4 344.3 337.8 327.2 313.2 298.7 286 268 255.5 251.6 248.8 245.4
167 172.7 178.1 186.8 195.1 205 218.3 232.6 247.4 260 263.3 247.5 232.9 226.9 243.9 257.2 266.3 269.9 273.5 279.1 283.6 288.8 298.1 303.7 308.7 310.9 310.8 310.7 311.4 316 323.4 335.6 357.7 386.1 417.5 445.2 464.3 480.7 491.5 495.6 500.2 502.3 507.5 508.4 497.8 484.8 477.8 462.4 436 413.9 388.9 371.1 359.3 347.2 338.7 332.9 330.3 324.5 321.1 319.3 319.1 319.4 325.2 332.9 342.3 351.2 357.4 361 364 359.1 346.9 329.5 313.1 294 274.8 259 254 250.6 247.3 243
164.1 170.7 177 184.7 192.6 199.4 210.2 222.9 235.7 243.6 238.6 228.6 215.1 217.9 224.6 228.8 235.1 239.9 244.8 250.5 255.7 263.2 269 274.7 279.2 282.7 285.7 288.3 297 309.4 324.6 343.8 366.1 389.3 416 443.9 469 479.4 487 493.1 495.8 494.9 499 499.1 491.9 487.4 477.7 467.1 452.5 426.3 400.5 393.1 382 371.2 359.8 349.4 344.9 339.6 330.6 330.7 338 342.4 346.4 352.5 360.2 371.6 373.8 373.4 368.3 357 342.8 324.1 303.9 282.1 262.8 257.1 253.9 249 251.1 263.9
163.5 168.1 175.1 182.5 190.3 195.1 200.7 209.8 219 218.1 211.4 209.9 199.4 200 202.5 207.5 213.1 218.7 223.2 228.6 236 243 248.2 253.9 259.7 266.1 275 286.3 301 318.2 336 356.8 379.8 400.3 424.9 449.3 469.8 476.5 479.3 483.8 487.9 487.7 488.7 492 487.6 484.9 478 465.9 447.6 430.2 432.7 422.7 413.9 399.7 382.2 368 370.1 352.1 348.4 356.7 366.8 367.7 370.7 374.4 375.2 382.8 381 374.2 364.5 349.1 334 314.2 292.1 271.3 259 256.3 253.9 256.7 271.3 281.9
161.4 167.4 171.6 179.3 185.9 188.8 193.2 196.5 198.3 196.2 189.2 191.2 193.1 204.2 207.3 211.1 214.5 214.7 220.2 222.5 228.7 235.7 241 247.1 253.7 266.1 283.9 297.4 311.1 331.4 354.5 375.5 394.1 414.3 438.8 455.5 466.3 472.9 475.5 477.7 480.2 481.1 483 485.1 483.6 483.1 475.8 459.3 451 443.5 441.1 437.2 432.9 422.4 408 396.9 388.9 379.3 384.6 388.3 387.6 389.8 390.7 391.6 391.2 388.2 379.7 369.2 355.8 341.4 323.1 302.1 280.1 263.3 259.6 258.3 261.8 279.6 291.2 300.2
157.4 164.1 168.1 174 180.2 183.6 186.5 183.8 175.8 175.9 189.2 196.1 204.4 208 212.2 217.9 223 227.3 230.5 234.2 236.8 239.7 248.8 258.7 270 283.4 298 313.1 328.6 342.5 366.7 390.9 410.9 431.3 445.1 452.1 462 468.6 472 473 475 472 473.3 476 477.6 478.3 468.8 455.1 446.5 443.8 441.6 437.9 434.1 431.5 427.1 421.1 412.6 406.4 405.3 402 400.3 398.1 397.7 397.8 394.6 385.5 371.3 359.7 347.5 330.2 309.3 288.7 267.6 261.5 260.6 266.7 279.9 297 307.6 317.5
155.8 161.4 166 170.4 175.9 179 180 171.6 174.7 190.4 203.1 211.6 216 221.7 228 233.7 239 243.5 245.9 250.7 257.2 264.5 273.9 281.3 292.3 306.2 321.1 331.7 348.6 363.4 375.8 405.7 424.9 441.9 447.5 449.5 457.3 465.9 468.4 468.7 468.9 466.6 468.1 469 470.2 472.9 461.3 450.2 445.1 442.7 442.1 441.4 438.8 437.5 435.6 431.4 421.6 415.3 411.3 407.7 403.7 400 397.4 392.6 385 369.5 357.7 344.2 330.9 313.9 292.9 272.5 266.2 263.1 266.9 281.7 300.6 315.7 324.8 332.4
154.6 159.1 163.9 167.9 172.3 174.7 171.8 166.4 178.9 193 206 217.4 223.8 234.3 245.5 253.9 256.1 259.8 262.4 268.4 275.7 282 289.4 300.9 315.2 330.4 343.7 357.8 367.6 378.9 398.3 420 432.6 443.9 446.9 449.2 455.3 465 468 465 462.3 461.2 462.1 463.8 463.5 463.1 454 449.4 442.6 442.4 442.9 443.9 442.6 440.2 435.9 429 421.2 415.8 411.4 405.9 400.8 395 386.4 377.4 366.2 350.7 338.8 321.9 305 289.4 275.8 270.6 267.1 269.3 284.7 301.9 319.9 331.5 339.6 344.3
152.8 156 159.9 166.3 170.7 170.9 162.7 173 183.9 196.5 209.4 221.2 234.9 247.6 258.6 265.1 270.8 277.5 279.9 286.6 291.7 295.7 304.1 319.2 335.3 352.3 366.5 377.2 382.2 389.5 406.9 429 441.8 446.2 448.4 453.7 459.2 467.1 467.9 463.3 460.1 458 453.9 453.3 450.7 447.8 444.3 442.6 442.5 443.4 444.4 444 438.5 436.1 430.8 423.6 417.5 411.6 407.5 400.5 393.2 381.3 372.2 360.3 345.4 330.9 315.3 297.8 282.8 277.4 274.4 272.5 274.4 287.5 304 321.5 334.6 345.5 350.3 350.5
148.9 152.1 156.9 163.4 168 163.7 158.9 176.7 186 198.2 210.5 227.7 243.3 258.4 269.8 279.9 287.1 292.4 293.9 298.2 303.4 306.3 314.4 330.1 342.8 361.8 379.6 388.8 392 398.6 415.7 435.7 450.8 455.7 455.7 460.3 462.9 466.4 468.9 464.1 459 456.3 452.6 449.2 449.7 444.5 443.7 444.2 445.9 448.8 448.7 445.2 440.5 432.9 427.6 418.8 408.9 396.4 389.4 381.9 372.4 362.9 349.5 336 323.2 307.7 295.2 289.6 282 279.5 278.8 285.4 292 306 320.7 335.9 348.7 353.2 356.5 354
145.3 146.5 149.7 154.8 162.9 154.7 168.1 176 189 201.2 215.3 233.2 249.1 265.5 280 294.4 301.7 307.7 310.5 313.5 314.6 317.4 324.7 337 346.9 358.8 378.2 394.4 402.1 405 421.1 440.4 454.2 463.7 465.4 464.3 466.4 473.4 470.6 463.6 459.9 457.6 450.8 443.4 444.7 446.5 449 451.2 451 451.2 450.4 446.2 441.2 433.8 427.7 419.7 405.6 392.4 368.9 357.6 345.3 336 326.5 317.1 307.6 301.7 296.9 288.4 286.5 288.7 293.6 303.7 310.6 323.1 339.5 351.8 359.2 360.8 360.9 356.4
138.7 136.5 140.1 148.2 150.9 150.2 166.6 175.5 191 204.9 217.8 235.3 254.8 272.8 290.8 303.1 316.4 324.5 323.5 324.5 325.8 327 331.6 339.1 347.4 351.5 363.8 383.5 399.8 412.4 427.9 441.4 455.7 463.9 470 471.2 468.2 473 467 464 458.6 452.3 446.5 441.7 432.6 439.2 444.5 447.9 451 452.5 450.7 446.6 440.2 433.3 424.6 417 405.5 395.6 382.7 362.1 342.9 329.5 319.6 314 306.5 300.4 296.1 296.6 306.5 309.6 315.3 325.2 333.4 344.6 353.6 363.6 367.6 367.3 363.3 356.7
139.2 144.2 147.9 147.6 149.2 154.4 165.8 174.6 188.6 205.5 220.5 236.6 256.9 278.1 298.4 313.6 323.5 329.4 331.4 333.8 329.7 332.7 336 334.6 335.4 338.1 350.6 370.1 391.4 408.9 427 442.7 455 462.6 465.2 466.1 464.3 462.3 460.7 455.7 451.5 446.8 441.1 434.6 430.3 428.9 438.1 441.8 444.4 446.9 443.6 439.5 436.1 427.9 421.1 414.1 404.8 397.9 390.3 376 354.7 337.3 324.8 320.2 316.8 318.6 319 326.1 329.7 333.6 338.1 344.9 351.2 359.5 365.4 369.6 369.9 368.5 362 354.6
139.5 142.8 146.5 149.9 152.6 156.3 162.8 172.3 189.7 205.3 220.3 236.5 256.1 277.1 302.5 319.8 330.3 336.3 337.2 331.8 323 313.7 310.3 310.8 314.6 319.1 334.8 358.2 379.3 401.8 419.7 440.6 451 460.2 463.7 464.7 461.4 457.8 453.9 451.2 449 443 434.9 427.5 423.6 419.2 429.4 434.6 437.6 439.6 437.8 431.9 423.9 418.3 414.4 408.7 407.7 402.3 394.2 379.8 362.3 346.6 339.6 340.5 336 337.5 340 343.7 348.1 351.7 353.6 356.2 365 370.9 371.4 370.2 369.4 366.9 360.5 351.4
136.4 139.1 142.7 146.6 149.7 154.6 160.8 168.3 186.2 202.5 220.5 235.9 250.1 272.6 298.9 316.5 328.4 335.6 334.3 321.9 303.6 289.2 284 287.6 293.1 300.6 321.8 345.5 371.2 397.1 415.1 434.5 447.1 455 459.1 460 459.1 454.7 449.1 443.9 439.4 430.9 424.1 417.1 414.2 405.8 415.7 422 425.8 426.2 425.4 418.4 412.4 407.5 405.7 405.5 405.9 401.3 391.1 377.5 368.7 360.9 358.5 355.4 352.6 355.1 358.7 360.3 367.1 365.7 363.7 371.4 373.9 374.2 373.2 371.9 368.8 362.8 358.6 347.7
137.6 139.5 141.3 143.5 147.4 152.2 158.5 165.7 181 196.3 211.9 234.3 249.4 266.9 290.9 311.1 327.3 329.7 322.7 305.4 283.4 268.3 264.5 270.2 279.5 301.2 326.1 349.2 371.8 392.8 414 429.3 443.3 448.2 451.9 453.7 454.9 448.7 441.1 434.6 428.8 421.6 412.2 406 402.9 399 399.5 405.7 405.1 407.2 405.1 401.7 400.8 400.1 399.9 399.6 398.8 394.4 391.9 388 379.8 376.2 371 369.6 370.6 370.7 372.6 376.7 378.6 378.9 377.4 378.4 378.5 378.1 375 373.2 367.4 359.7 354.2 341.2
137.2 140.6 142.8 143.9 145.7 150 156.2 164.9 175.5 192.1 206.2 227.2 244.5 263.9 282.4 303.4 318.5 317.2 307.5 286.9 262.3 250.6 265.3 280.7 295.7 313.7 333.6 348.9 361.9 379.1 398.4 415.3 433 445.5 447.6 450.3 450.2 442.5 435.7 430.3 425.1 417.5 406.5 397.9 389.6 386 386 387 386 383.6 385.6 382.7 386.1 387.8 390.2 390.4 390.7 390.7 391 388.4 388.7 385.7 387 386.6 385.3 382 383.6 388.7 389.2 387 386.2 384.9 383.7 379.6 375.7 371.5 365.6 357.1 347.5 331.9
136.9 140.3 142.7 144.8 146.6 148.2 154.6 161 170.6 185.1 200.5 217.3 238.6 256.7 271.1 289.4 304.7 302.9 288.8 265.6 241.7 251.7 271.6 289.7 305.3 316.3 330.5 341.5 352.4 360.9 375.7 392.9 410.8 433.3 446.5 449.9 449.9 446 437.2 427.9 421.9 412.3 399.8 390 381.5 377.5 376.6 375.6 373.3 369.7 371.8 370.4 372.1 369.4 368.5 369.8 375.2 383.8 390.6 395.7 395.1 393.9 392.4 391.5 389.5 387.2 391.3 395.2 394.8 394 391.5 387.6 383.7 380.1 374.4 369.2 361.6 351.2 335 325.6
137.4 139.5 142.3 144.8 147.3 147.5 152.5 158.9 166.3 177.9 191.3 207 226.6 244.4 261.8 278.2 289.1 284 267.7 247.8 231.7 252.1 271.3 286 303.6 313.4 319.4 323.9 329 338.6 355.5 375.4 404.4 428 443.2 451.4 453 448.7 440.5 432.8 419.4 405.5 391.5 380.9 374.4 372.3 371.1 368.1 364.8 362.5 362.2 361.8 361.2 359.8 357.2 358.4 363.8 376.6 388 395 394.7 394.3 395.2 394.4 394.5 393.5 392 393.8 395.6 393.1 389.5 385.3 381.5 377.5 373.9 366.5 351.2 338.3 331.4 323.8
137.4 139.1 141.4 144.4 146.8 148.8 152 156.8 162.8 171.2 182.2 196.9 214.4 231.3 248.8 261 267.6 262.6 244.8 227.2 231 250.1 263.8 276.3 285.9 291.5 295.8 300.7 308.2 326.4 347.3 374.4 402 425.1 439 446.9 453.1 452.7 449.4 439 426 412.9 398.2 385.6 375.7 371.2 368.1 365.5 363.4 360.7 359.8 357.6 355.5 355.1 353.3 352.2 355.5 366.3 381.8 392.4 392.8 393 394.5 394.2 393.6 391.2 386.4 388.2 387.5 385.5 382.2 379.7 376 365.5 353.3 343.7 337.1 332.6 326.1 318.5
136.4 138.6 141.1 143.9 147.1 148.2 150.7 152.5 155.8 160 173.2 187.3 202 216.5 233.8 242.7 245.1 240.8 221.7 213.1 231.8 242.7 252.1 260.3 262.3 267 277.2 295.5 313.3 336 359 379.7 403.3 420.7 432.8 442.4 450 453.4 452.4 444.5 432.6 420.1 408.3 391.5 380.5 375.4 372.4 370.9 369.5 365 362.9 360.7 357.2 351.4 349.9 347.9 344.8 353.1 367.5 379.1 388.2 391.4 393.3 389.6 384.2 377.8 376.1 371.2 369.8 368.4 362.2 354.8 349.2 342.5 334.8 329.6 327 322.6 313 303.7
135.2 138.2 140.1 143.2 137.2 133.1 136.1 140.1 148.8 151.6 159.6 174 187.4 203.1 214.9 224.4 225.6 217.5 201.5 216.4 222.1 227.4 233.7 238.9 255.9 271.7 285.4 300.5 317.4 339.4 360.6 380.5 397.8 411.9 424.9 436.4 445.2 449 449.7 448.6 442.4 433.3 422.9 412.2 398.7 387.3 381.5 380.1 379.7 379.1 376.8 374 367 362.9 354.3 340.8 338.5 340.1 352.7 362.5 369.2 372.2 372.1 371.4 366.3 360.7 361.2 356.2 350.2 342.6 335.5 328.4 321.2 314.5 310.4 304.3 301.9 296.1 290.8 288.3
134.1 134.2 130.8 129.7 128.1 136.7 146.8 150.7 154.2 160.5 163 159.6 169.7 187.9 197.5 203.2 199.9 197 188.9 200.7 204.8 213 219.5 230.6 241.3 257.7 275.7 296.2 317.8 340.8 358.3 378.7 391.6 403.7 414.9 428.2 438.9 447 449.3 450.1 447.9 443.4 435.1 421.3 418.6 408.7 403.4 398.6 394.4 392.6 391.6 387.3 376.6 369.9 355.3 335.6 331.7 330.8 336 341.4 346.6 350.8 349.9 349.8 346.1 340.1 332.7 326.1 317 310.4 305.1 298.2 292.4 287.1 280.1 277 273 268.9 264.7 262.2
116.5 118.6 122.4 126.9 137.6 143.2 148 150 154.8 160.7 166.9 170.3 163.9 170.7 183.9 177.8 181.1 187.5 195.1 204.6 212.4 218.8 218.2 221.3 232 244.4 260.6 282 305.7 332.4 350.7 373 389.6 398.7 409.2 423 435 441.7 447.1 450.3 454.3 450.6 439.4 435.2 433 429 429.3 425.1 419.7 413.3 404.9 397.5 386.5 373.8 356.8 338.2 328.9 321.5 321.3 322.1 325.3 327.1 329.8 327.1 323.4 318.7 309.6 303.4 295.9 288.9 281.4 274.7 270.8 266.7 263.5 260.8 257.5 254.9 252 250.6
