WholeMapElevations/data/ng/ng97_OST50GRID_20230518/NG97.asc
ncols 200
nrows 200
xllcorner 190000
yllcorner 870000
cellsize 50
[rows 105 to 139 of 200, columns 80 to 159 of 200]
314.2 301.8 296.1 293.5 287.5 266.4 262.1 261.7 267.3 291.1 326.3 363.5 404.4 402 413.6 430.4 438 446.7 452.8 459.4 477.2 478.2 501.6 540.9 583.8 620.7 652.2 673.7 690.4 688.2 682.5 682.6 675.7 657.5 634 629.4 587.7 536.8 500.1 448.6 411.9 382.7 361.6 340.7 319.2 297.6 279.9 288.1 283.6 287.4 299.5 315.3 335.3 361 393.4 421.4 443.6 465.4 475.1 450.5 415.2 429.9 443.5 472.4 481.5 441.9 435.8 385.1 376.6 383.5 395.7 384.4 422.7 430.5 433.5 432.7 426.3 423.1 431.8 443.5
310.3 300 295.1 291.1 281.5 267.6 264.1 263.6 265.8 298.1 324 361.9 399.9 400.9 414.3 427.7 436.6 445.1 450.9 457.8 468.9 473.8 495.5 539.3 574.1 612.7 640.7 661.2 674.9 671.1 670.4 670.5 667.5 654 646.9 650.9 611.4 554.8 509.1 461.6 420.8 387.9 365.6 348.7 334.8 313.7 301.3 306 303.4 298.9 318.6 325 339.9 361.1 387 418.7 442.6 458.7 480.9 497 479.9 445.9 466.6 480.4 489 494 489.9 483.6 453.3 437 415.1 401.9 395.7 410.6 407.2 405.6 401.4 409.2 415.9 425.5
310.6 303.4 296.2 288.6 278.2 269.9 265.7 265.9 271.1 295.5 321 357 387.9 407.3 416 423.5 430.1 439.1 445.9 453.1 461.1 468.5 492.9 537.8 575.6 608.4 640 654.9 656.9 658.4 659.4 658 658.1 643 644.5 642.2 625.1 595.3 555 481.8 431.2 400.9 378.4 356.4 342.5 327.6 323.4 321.3 320.4 321.4 324.8 334.7 348.7 365.7 392.1 416 439.5 465.3 480.8 487.1 494.4 484.1 464.9 473.2 476.2 477.4 482.4 488.9 482.7 467.2 453.1 422.1 408.6 403.4 397.1 396.4 394.5 396.8 402.4 412.8
314.4 305.8 296.6 288.1 278.4 271.2 267.6 267.5 274.1 294.4 322.8 356.7 383.3 395.5 403.7 416 425.9 437.5 452.7 456.9 462.7 467.1 495.8 530.2 566 597.7 624 640.2 641.7 642.4 644.6 646.4 643.7 636.7 641 645.7 630 608.9 595.3 517.1 447.5 416.7 388.5 363 350.5 336.2 332.1 342.1 338.8 342.9 343.8 354.4 360 372.9 394.7 419.5 439.2 456.2 470.5 476.7 489.4 488.9 478.5 470.8 469.2 468 468 466.4 468.3 460.6 442.9 424 406.1 395.3 393.1 392.1 393.5 400.2 403.5 434.6
321.3 308.3 295.4 287.6 278.2 271.9 268.3 269.9 276.8 298.3 325.1 352.4 381.3 389.3 400.7 414 426.6 441.1 447.8 453.3 460 467.8 496.5 519.6 555.4 584.2 609.9 621.5 625.3 625.2 627 631.3 631.1 642.2 642.7 642.6 620.7 603.6 587.7 553.8 470.8 435.3 410.1 377.2 358.3 345.3 341.1 348.2 350.9 356.1 362.2 372.6 386.3 396.3 410.2 422.4 435.4 446.2 457.5 466 471.9 476.4 473.5 470.6 465 462 458.6 454.5 449.3 443.9 426.4 414.4 402.8 397.7 393.3 393.8 397.2 402.4 418.7 422.1
329.2 319.2 294.8 286 278.3 272.8 269.3 273.5 280.4 294.7 319.7 343.2 361.7 387.5 399.8 411.9 426.3 440.4 447.5 453.3 459.7 468.9 492.3 510.9 533.3 565.7 592.2 600.9 604.4 606.2 609.8 612.6 624.7 639.8 639.3 630.6 616.9 600 583.9 550.6 486.2 458.5 426.5 394.6 370.8 356.9 347 348.9 357.5 365.8 379.2 382.2 403.2 419.1 437.3 440.8 448.4 454.3 457.7 461.9 465.5 468.8 470.4 467 463.4 456.5 454 449.1 442.7 435.3 423.3 412.2 400.7 394.1 389.6 390.9 390.5 405.3 404.4 407.3
332.8 321.7 294.3 285.2 277.4 273 271.5 274 281.5 295.5 316.6 339 362.4 378.9 399.3 412.7 423.7 438.6 446 462.5 463.6 466.2 487.1 504.1 525.5 549.6 571.2 576.7 583.7 587.9 590.6 596.7 613.1 621.9 624.7 613.2 603.9 588.5 572.3 548.8 494.2 461.5 437.8 413.3 388.5 368.2 357 352.1 361.6 377.3 384.5 401.2 414 436.2 460.6 466.8 472 479.3 473.8 472 466.5 465.1 468.4 463.9 460.1 454.3 450.6 446 439.9 428.2 420.1 413.1 404.9 399.9 391.8 387.2 387 391.1 392.8 395.7
333.2 316.5 295.7 285.6 277.3 272.5 273.1 275.6 283.9 299.7 318.4 345 372.9 376.1 390.4 400.4 413.6 427.5 444.9 467.9 467.4 466.3 484.3 504.9 515.4 533.8 549.8 555.5 562.9 569.6 573.1 585.5 601.6 607.9 609.3 599.7 590.5 573.2 563.8 534.7 499 470.8 444.9 424.7 397.5 379.3 366.2 360.9 376.1 393 399.8 420.9 438.1 460.5 483.1 502.4 516 513.9 504.1 494.7 480.8 467.8 461.6 460 457.1 449.2 447.5 444.6 436.7 425.3 415.3 410 406.8 399.7 394.2 386.9 386 386.1 384.3 387.8
333.1 315.6 297.1 285.8 278.7 273.5 276.7 276.7 284.5 307.8 331.7 344.2 363.4 375.4 387.4 394.9 407.3 425.8 448.2 454.8 460.3 462.4 480.7 494.5 505.9 516 527.4 535.7 541.9 550.1 553.6 571.3 588 592.3 593.3 588.8 577.8 562.5 548.3 526.6 495.3 473.1 449.1 428.1 403.3 394.1 382.5 378.3 394.7 412.7 426.1 447.2 467.7 493.9 527.7 563.5 564.4 552 544.9 530.9 510 491.7 475.7 469 453.9 445.2 441.6 439.7 434.1 428.9 422.4 416.1 408.1 399.1 393.6 388.4 383.8 382.6 382.8 383.1
332.2 315.8 298.6 285.5 279.9 278 281.1 281.1 291.9 315 338.1 343.7 362 372.6 380.6 389.4 408.4 419.1 431.4 445.3 450.6 455.7 469.7 481.6 489.7 497.5 510.1 516.8 523.3 529.9 541 557.4 570.3 575 575.6 573.2 565.6 557 548.5 520.5 487.4 467.1 450.4 432.1 419 413.4 401.8 400.6 418.9 435 455.3 478.1 509.9 581.9 621.1 615.2 614.3 614.9 603.5 596.6 584.2 564 521.6 500 479.1 464.8 465.5 445.5 434.3 432.9 434.5 427.5 417.3 407.9 397.5 393.5 391.5 387.3 380.1 379.9
333.9 318.4 301.5 286.8 281.3 282.4 286.5 284.2 293.5 310.8 338.2 348.7 356.2 370.3 376.7 387.4 403.8 413.2 421.9 436 440.8 450.8 462.4 472.7 476.5 481.9 490.8 497.9 507.6 514.2 527.1 541.8 551.6 556.8 556 557.4 551.1 548.5 538.2 503.4 483.7 466.2 453.2 439.4 433.5 440.8 418.3 423.7 444.7 485.4 509.9 537 604.7 630.9 640.7 648.7 663.5 670.8 685.4 695.3 669.9 653.5 598.3 597.2 560.6 513.1 491 464.7 453.3 471.9 464.6 455.1 444.4 419.1 408.4 408.3 402.5 399.4 392.6 382.7
339 318.3 302.6 287.9 282.3 284.3 292.6 291.6 293.7 313.6 338.8 349.6 354.9 364.1 371.8 386.3 408.5 411.1 417.7 429.3 431.2 442.6 462.5 463.5 465.2 470.2 475.8 484 492.2 502.5 512.1 523.2 531.9 540.2 542 542.4 539.5 532.6 524.1 498.2 479.6 465.9 454.2 469.8 472.3 454.6 430.5 445 473.2 529.3 549.3 580.8 607.6 619 627.5 639.6 652.9 665.5 677.5 689.3 700.2 704 661.3 679.4 590.9 552.3 525.4 545.3 544.4 526.1 499.2 496.5 503.6 472.7 434.6 422.6 415.8 414.8 401.8 389.4
350 320.3 304 290.7 282.3 285 294.8 305.5 304.6 311.3 345.4 352.1 358.1 362.4 369.5 388 399.9 400.9 405.9 425.3 421.2 436.2 441.3 451.7 452.6 457.4 462.4 471.6 479.4 488.4 499.1 507.4 515.6 524 527.1 527.3 528.5 519 507.5 491.8 476.5 469 476.3 513.3 490.8 458.9 446.9 476.7 514.3 537.8 560.1 581.3 593.9 602.9 615.8 627.8 639.8 651.8 664.6 678.8 692.5 702.8 703.2 666.6 605.1 608 622.7 634.2 594.8 572.4 546.1 545.7 540.9 519.8 504.9 462.6 443.6 434.9 413.4 403
350.6 323.6 306 291.5 283.6 283.8 303 329.1 321.8 315.2 340.5 355.4 358.1 362 366.8 377.8 387.9 394.2 398.2 407.5 413.2 428.2 429.1 436.1 442.1 447.7 453.8 458.1 467 475.5 485.7 494 503 508.2 512.7 515.2 514.3 510 502.5 492.4 486.8 482.1 488.8 506.9 486.3 470.8 462.8 492.3 534 538.4 557.5 571.6 580.6 588.6 601.5 615 625.8 638.7 651.4 666 681.9 692 699.7 689.9 672.4 687.9 713.9 665.5 665.2 653.3 602.8 605.4 596.9 584.9 564.2 517.4 489.6 472.7 444.2 422.7
356.2 327.7 310 294.5 284.9 285.6 307.2 349.4 343.7 330.9 331.7 352.7 358.1 362.8 362.8 371 378.2 382.6 390.2 397 401.6 412.9 413.6 424.4 431.8 438.7 443.8 447.3 456.8 464.9 474.6 483.7 491.3 500.3 503.5 505.7 505.9 505.1 504.9 505.4 505.4 491.9 494.7 499.9 493 480.2 477.4 525.7 530.1 539.2 549.8 560.9 569.7 577.7 587.6 600.2 612.3 624.9 640 655.8 670.4 683 699.8 717.7 732.4 749.5 734 740.3 730.5 694.5 668.7 676.7 657.3 640.4 613.3 576.9 530.6 522.6 492.1 470.3
360.6 343.5 316.4 297.6 287.9 294.2 311.2 335.3 357.4 346 336.6 339.8 361.7 363.5 360.2 363 370.1 369.6 381.9 386.4 389.4 398.7 405.1 415.3 418.9 427.2 430.9 440.7 447.1 455.4 464 470.7 479.4 489.3 494 497.4 500.8 503.8 508.1 517.3 498.8 494.8 497.6 500.7 497.8 486.2 494.7 514.9 524.2 541.1 544.2 551.5 557 566.2 578.1 588.3 602.4 617.9 633 646.9 661.5 677.8 697 715.6 733.8 749.1 764.7 771.9 785.5 710.8 739.3 742.6 723.7 694.8 672.5 607.1 580.4 556.4 545 519.9
357.6 354 322.5 302.3 293.8 307.7 329.8 344.5 357.8 364.8 349.3 346.1 353.4 359.1 357.7 360.8 364.2 365.7 372.7 375.8 377.7 396.3 406.3 407.2 408.4 414.6 423.4 430.4 438.3 445.8 454.3 461.9 469.6 478 484.6 489.6 495 503.9 521 507.7 500.6 497.8 499.2 499 498.5 492.9 496.4 506.6 515.1 523.9 537.7 540.8 545.3 557.4 570.1 582.4 600.2 613.2 624 638.2 654.3 673.4 693.1 711.6 727.3 743.6 759.3 774 775.2 773.1 793.2 815.6 770.8 717.9 674.8 648.7 632.5 605.2 605.4 579.1
355.6 347.7 327.8 307.4 301.6 324.3 338.2 352.1 352.7 365.2 359.7 354.3 346.4 352 355.9 360.5 363.1 365.8 367 364.9 368.8 384.6 393.9 398.8 399.4 404.7 414 421.4 429.7 435.6 445.1 454 462.1 470.1 477.7 483.1 489 501.8 510.1 505.5 502 501.2 501.1 498.9 495.3 491.1 490.7 497.3 509.6 519.4 525.3 530.1 539.1 550.5 561.4 577 592.1 603.2 615.9 628.2 647.6 666.1 683.9 701.2 717.8 734.7 752.3 768.4 784.1 800.7 816 824.9 796.9 759.4 713.3 676.2 685.7 646.5 626 611.1
359.7 349.5 328.7 310.8 305.1 325.8 336.1 350.1 352.6 364.3 363.6 362 352.5 350.8 356.9 362.1 367.9 362.4 361.6 359.6 361.4 372.5 383.3 385.5 390.4 397.8 405.7 413.6 421.6 428.4 435.5 445.5 454.2 462.3 470.2 476.1 482.6 494.3 504.4 502.1 498.2 499.1 497.4 495.1 489 486.2 486 490.9 499.9 508.3 513.6 523.1 534.8 547.6 558 573.3 584.1 593.8 605.8 620.7 638.4 655.5 671.5 688.7 706.6 725.8 742.9 760.9 777.1 795.1 810.2 819.5 817.3 791.5 747.4 739.5 695.8 695.2 686.6 670.5
353 341.9 327 311.9 312.5 317.3 338 347.4 352.2 365.1 363.1 359.9 355 350.4 353.2 364.1 364.1 360.2 359.2 356 358.2 363.8 371.8 378 385.2 390 399.9 406.5 413.6 421.4 428.4 437.1 446.4 455.4 463 470 478.2 489.1 493.7 493.8 494.4 495.8 493.3 488.7 484.3 481.2 480.6 486.2 492.5 500.8 508.4 518.5 530.2 541.9 554 566.2 573.5 582.1 592.6 609.8 625.4 641.2 657.3 675.6 694 715.1 733 754.1 771.1 787.4 801.9 811.7 818.1 814.1 779.1 768.5 735.9 744.5 740.4 693.8
346.9 341.8 324.8 311.1 310.7 311.7 328.4 343.9 349.2 358.5 362.3 360.5 357.8 350.4 347.7 355.3 357.5 357 358.6 357.1 354.3 358.7 369 374.7 380.9 384.6 392 401.1 408.7 415.3 421.9 430.4 438.9 448.1 455.6 464.4 474.3 483.9 484.1 487 489 487.5 483.2 480 476.5 475 474.5 481 488.3 495.5 503.8 515.1 524.1 534.5 544.8 552.3 561.9 573 585 597.2 613 627.3 642.8 663.8 684.1 705.6 726.9 748.2 766.4 782 796.4 806.3 813 816.6 816.4 814.1 793.3 792.4 744.1 692.3
341.4 336 323.2 321.4 315.1 312.6 315.4 336.3 340.7 351.1 359.4 360.5 354.5 346.8 342.4 347.4 350.8 352.6 354.2 356.4 351 355.1 369.5 372.5 376 380.5 385.3 392.7 402.4 408.2 416 422.6 432.3 440.2 448.6 458.3 466.6 471.6 475.5 479.8 477.5 475.4 474.7 471.3 470.1 469.1 471.6 478.4 483.4 490.6 501.3 510.8 520.2 529.5 537.2 543 552.9 563.5 573.4 584.5 598.9 615.1 632.8 656.1 676.5 697.3 720.5 741 760.7 778.5 791.5 801.3 809.3 813.3 816.5 819.5 818.8 810 757 720.9
334.4 326.8 315.8 321 317.4 313.2 313 326.3 332.6 342.8 351.4 365.9 352.7 352.4 340.6 341.6 344.3 346.3 346.5 348 347.1 353.1 365.1 368.5 370.8 374.6 381.3 388 396.2 401.5 409 417 427 434.5 441.1 449.2 457.3 461.7 465.7 467.6 465.3 466.1 467.1 465.5 464.7 465.4 464.9 468.9 476.2 488.3 498.5 505.9 511.5 519.9 526.1 534.1 543.9 554 564.1 576.2 591.1 608.9 627 646.7 670.8 693 715.1 735.4 755.8 773.7 787.2 797 805.5 810.6 815.5 819.1 820 814.5 797.7 758.5
328.3 319.7 307.6 316.7 319.6 316.1 321.8 314.7 323.9 335.2 344.4 358.9 351.6 350.5 341.4 340.7 340.9 341.1 342.2 343 341.9 348.5 358.3 361 364.2 369.6 377.1 384.7 393.9 397 404.3 411.3 419.5 427 434.3 440.9 446.2 451.3 455.8 456 458.2 460.3 462.7 462.3 462.6 462.1 462.7 465.5 471.2 481.1 490.5 496.7 503.1 507.7 513.9 524.1 533.9 544 557.5 571.3 586 603.9 623.3 644.9 668 691.3 711.8 732.5 752 767.2 781.6 792.8 801.4 809.6 815.1 819.3 821 821.7 820.8 789.1
319.3 310.3 301.4 309.6 327 331.1 333.8 317.9 315.1 328.1 340.4 346.6 349.5 345.3 344.2 339.9 339.9 338.6 338.2 339.1 338.8 343.2 349.4 355 360.1 364.5 371.3 380.4 388.2 393.4 399.1 404.9 409.6 417.9 427.6 434.7 438.6 442.2 444.6 442.5 441.3 448 454 453.6 459.6 459.7 462.7 464.9 468.1 475.4 483.2 485.5 490.3 495.7 504.1 516.8 528.2 540.1 555.7 569.2 585.1 603.1 623.4 646.6 668.8 691.9 712.9 731.7 749 763.9 775.9 787.7 800 809.7 815.7 820.5 822.8 824.2 824.1 820.4
311.6 304.9 298.7 310.9 330.2 342.3 337.2 326.6 315.5 320.5 339.4 339.6 345.9 342.8 339.4 339.2 341 338.5 335.8 336.2 336.7 337.9 343 349.2 354.6 361.8 366.5 375.2 383.3 390.2 395.2 398.8 402.8 410.3 419.3 425.1 428.1 424.8 437.4 448.6 454.9 461.5 463.7 461.9 456.4 459.5 461.3 464.1 466 468 473.1 477.1 482 492.8 502.2 514.8 526.3 538.2 550.5 567.9 586.2 606.9 629.6 654.9 673.3 694.7 715 732.3 745.6 759.5 772.3 786 801 809.7 816.7 822.4 825.8 827 828.1 831.1
309.4 306.4 297.9 303.1 326.3 332.7 331.1 328.4 319 316.6 328.5 335 338.7 345.2 344.7 336.2 340.5 344.7 339.8 334.6 334.1 334.4 336.3 343.4 347.2 354.8 362.3 370.6 378.2 386.2 388.4 391.9 399.5 403.4 410.2 414.6 422.6 434.2 443.1 450.9 457.3 463.7 466.5 466.1 462.9 461.2 462.7 463.3 465.5 468 472.1 477.2 484.7 489.8 506.2 514.2 524 535.9 550.4 575.9 597.9 618.2 639.3 658.5 677.1 694.9 712.6 728.4 743.5 756.4 772.2 788.1 799.5 810 819.5 827.5 829.9 831.3 833.7 838
309.6 312.5 297.6 294.5 316.2 324.8 323.2 322.2 322 316.4 319.1 330.5 335.1 338.4 342 335.3 341.6 352.7 352.8 337.4 332.6 331 331.6 337.7 341.2 348.7 357.1 363.2 369.7 374.3 378.7 385.1 393.4 397.4 400.6 413 425 433.9 441.8 450.7 458.4 464.3 468.2 468.6 466.1 463.5 464.2 464.5 465.5 470.6 476.1 482.4 490.8 503.5 512.5 519.5 528.2 542.7 561.4 587.6 608.3 627 642.8 660 678.5 695.1 711.5 728.6 741.2 754.5 772.7 787.8 800.7 812 823.4 831.1 833.1 835.6 838.8 842.3
280.7 297.9 299.1 294 299.3 314.9 316.8 318.9 316.4 316.7 323.6 325.2 332 334.1 335.9 334.6 335.5 352.6 351.5 339.3 331.6 330.8 327.8 331 337.4 346.4 353.4 357 362.4 366.5 372.3 379.2 384.9 395 404.8 414.3 422.7 430.7 439 448.1 456.8 464.7 468 470.1 468.1 464.4 465.3 465.4 466.1 476 484.1 493.6 505.5 517.7 526.1 533.9 541.2 553.3 582.2 602.4 616.5 633.7 649.5 664.3 678.8 696 710.3 725.2 735.9 756.1 773.7 790.8 804.2 815.9 824.8 831.5 835.9 838.9 842.3 845.7
264.8 286.4 300 295.9 288.4 298.9 306.5 311.2 314.9 317.8 325.2 318.4 326.1 331 334.7 335.8 332.1 339.9 339.1 336.7 331.2 330.8 325.4 326.5 332.2 338.2 344 348.5 351.4 357.5 362.7 372.9 372.7 393.4 402.3 414 422.1 428.3 435.7 444.1 454 461.2 465.4 469 469.5 468.2 467.3 468.7 473.3 486.1 497.3 505.6 517.9 538.3 551.4 556.8 559.4 571.1 595.7 613.8 632.3 643.1 653.7 665 682.4 691.5 706.8 717.8 735.6 755.1 775.6 794.1 807.3 817.4 825.7 833 837.7 842.1 845.6 849
249.1 276.4 305.4 302.1 289.7 282.4 290.5 298.8 308 314.3 315.7 318.2 316.3 326 336.9 333.3 329.7 339.4 334.1 331.3 329.5 336.8 329 320.9 326 332.3 337.1 340.6 342.2 345.9 353.8 355.8 374 387.3 398.6 410.6 418 426.4 434.1 441.7 448.9 454.2 461.2 465.6 469.1 470.6 472.3 475.7 482.5 497.7 513 521.2 536.7 549.4 559.8 568.9 572.2 581.9 610.9 625.9 636.3 645.3 652.1 661.7 670.8 683.1 697.2 712 732.7 755.9 775.8 794.4 807.4 817.4 826.1 833.3 838.1 843.8 847.6 850.9
230.3 267.7 310.7 307.8 300.2 288 277.5 284.2 293.3 304.7 307.3 316.8 320.5 314.2 328.1 335.4 326 326.5 328.6 326.1 325.2 324.9 328.2 321.2 317.8 321.3 326.5 330 332.9 335.8 352.1 362.7 374.2 386.8 397.7 407.4 415.5 424.9 432.8 439.2 446.2 451 462 464.5 467 471.3 475.4 480.6 490.6 509.9 526.2 532.7 545.5 558.3 570.4 577.8 582.5 594.5 617.7 629.3 634.9 641 646.2 653.6 662.9 673.8 690 708.2 729.6 754.7 776.6 794.7 807.4 818.9 826.6 833.9 839.1 845.1 849.4 852.5
213 243.2 296.8 299.3 298.2 295.7 280.8 271.1 271.9 296.5 303.1 310.5 317.5 311.8 317.3 325.8 325.9 316.7 319.6 316.4 319.7 313.6 315.5 319.3 311.6 315.3 317.7 319.9 323.9 337.7 347.8 357.3 369.7 382.5 396.2 405.4 411.9 422.6 434.7 437.9 441.5 447 457.4 461.7 465 468.7 475.6 483.9 495.8 517.6 529.5 537.1 545.7 559.1 576.2 583.7 588.6 605.1 620.3 621.7 625.4 628.7 634.7 642.5 652.9 665.6 684.5 704.1 728.1 752.3 774.2 792.4 807.4 817.5 825.1 832.9 841.2 847 850.8 853.1
197.9 227.5 284.1 293.9 296.5 296.2 287.4 272.2 264.9 279.2 288.4 298.3 302.3 305.9 309.5 316.4 323.7 312.9 310 308.4 305.6 304.6 306.8 309.2 309.8 309 308.1 315.2 324.8 334.6 343.8 352.3 365.1 378.1 397.1 400.8 408.3 418.7 431.5 436.7 438.8 444 451.5 458.1 461.3 466 473.3 482.8 495.2 520.8 533.4 539.2 543.3 556.5 572.2 581.5 586.8 602 606.3 609 612.6 617.6 624.9 632 643.1 659.9 678.4 698.4 722.9 745.8 767.4 786.3 802.3 813.3 821.6 834.2 842.1 847.7 850.4 851.5
187.4 211.6 267.5 291.7 297.5 296.4 290.3 275.6 266.2 264.9 277.9 287.8 290.2 296.9 305.9 318.7 313.5 304.7 296.4 299.6 296.4 296 299.4 301 300.6 300.9 309 316.2 323 329.4 340.5 347.2 358.6 372.1 384.3 392.3 403.1 414.4 428.4 436 434.3 437.6 446.9 451.8 456.5 461.5 469.6 480.8 492.9 510.6 529.4 532.9 538.7 547.3 561.3 568.6 575.3 585.3 591.7 595.4 598 604.4 612.8 622.2 634.9 650.5 668.7 691.2 712.2 732.8 754 774.5 791 805.1 820.5 834 841.2 845.1 847.2 846.9
