UK/data/nn/nn13_OST50GRID_20230518/NN13.asc
ncols 200
nrows 200
xllcorner 210000
yllcorner 730000
cellsize 50
[rows 105 to 139 of 200, columns 0 to 77 of 200]
266.2 271.4 276.6 280.3 279.4 276 277.6 289.1 296.4 305.6 315 321.2 329.5 335 342.3 349.7 360.2 369.9 383.3 398.7 413 429.3 444 461 477.5 488.4 494.1 499.5 511.7 535.4 555.4 557.8 553.4 545.7 542.5 545 537.5 514.2 492.4 475.7 468.3 439.3 411.5 400.2 389.6 380.9 374.6 368 364.4 365.8 362 360 363.7 367.6 366.4 355.4 338.1 326.5 318.8 314.7 314 317.7 311.5 305.1 297.9 283.1 271.3 258.5 250.6 244.2 237.7 226.9 219.8 210.4 218.1 228.2 241.5 258.9
276.5 284.7 282.9 289.7 291.6 292.7 288.2 295.8 298 305.9 311.1 319.6 323.5 332.2 342.4 353 359.3 364.6 370.3 379.3 394.4 416.8 432.4 451.1 465.6 474.2 482 489.5 499.5 521 541.9 551.6 553.4 551.6 551.5 550.2 551.4 548.8 534.7 528.2 504.8 480.3 456.9 435.3 418.8 410.5 399.5 394.1 392 391.6 394.2 397.1 401.6 391.6 380.3 368.5 362 342.6 328 329.1 338.5 344 342.2 352.9 341.5 318.1 301.7 289.5 280.1 264.2 257.3 241.2 231.5 220.6 221.5 239.5 253.1 270.3
280.1 285.7 287.2 290.5 298.9 302.2 300.6 303.7 303.2 302.1 309.4 315.4 322.6 325.1 334 347.7 354.6 361.6 369.7 377.7 385.3 397.9 406.4 422 439.2 447.9 459 472.1 487.6 513.6 529.1 531.7 533.1 542.3 546.2 547.7 551.4 560.3 556.9 546.8 532.3 513.7 494.9 475.7 445.1 431.3 419.8 412.8 414.8 415.9 419.5 425.2 419.8 411.4 399.6 380.4 370.5 349.9 334.7 339.1 353 365.8 380 386.7 377.8 356.1 337.2 312.4 297.7 283.5 270.2 256.5 244.2 232.8 228.4 246.3 265 277.5
296.3 300.6 302.7 302 304.1 300.9 304 304.3 309.4 310.9 313.5 312.5 316.3 320.5 327.1 337.1 344 356.4 366.2 372.8 378.8 383.5 395.7 411.1 415.1 419.9 432.9 447.3 463.5 485.6 496.7 501.9 509.8 522.1 529.2 526.6 533.9 544.6 543.5 533.2 529.3 523.1 519.5 495.8 470.8 459.6 444.5 434.8 435.3 438.8 441.8 435 425.8 412.6 394.9 382 377.4 365.1 354.2 351.3 358.1 365.4 372.6 385.8 386.1 379.4 362.4 346.6 325.2 310.3 292.9 277 258.8 245.4 235.4 257.3 276.1 289.7
308 312.2 314.4 316.7 317 317.3 316.7 314.9 315.1 318 319.2 321.1 326.5 326.3 321.8 333.3 341.5 348.2 357.1 362.7 368.5 370.7 378.4 386.9 395.6 403.5 415.4 429.5 444.7 458.7 464.1 472.6 479.6 489.3 497.5 503.3 511.7 515.2 514.1 513.3 512 517.5 517.7 504.5 491.2 476 464.6 453.1 443.9 437.9 440.7 436.2 423 412.9 400.9 384.8 382.6 370.6 368 366.2 367.7 373.5 386.9 403 412.2 405.4 394.5 380.2 357.9 341.5 317.9 295.5 276 258.4 243.3 263.8 281.5 301.6
322.2 323.7 330.1 329.9 332.3 332.6 331.3 328.6 325.5 328.5 331.3 330.8 331 333.5 332.7 326.1 333.5 341.6 345.2 351.3 355.8 357.8 366.8 378.7 388.4 394.7 405 416.6 431.3 444 448.5 458.7 472.9 478.7 480 488.9 504.6 507.8 509 505.2 500 505.6 502.5 488.7 476.3 468.3 458.9 452.4 446 438.3 431.1 425.6 416 400 394.5 386.7 378.7 374.8 374.8 374.8 379.4 391 414.7 437.3 438.6 427.5 413.2 397 374 353.4 339.6 314.2 294.5 271.7 254.1 266.1 291.4 306.8
339.3 343.4 345.6 346.6 346.4 348.8 346.5 341.5 338.8 342.6 341.9 343.1 344.9 346.8 345.2 348.9 347.4 347.5 347.3 348.5 347.3 343.3 355.1 363.9 373.3 383.4 393.2 405.5 416.8 428.6 435.4 446.9 457.8 464.9 467.9 476.1 487.1 490.3 492.4 493.3 494.6 497.1 485.9 482.2 482.3 468.8 466.7 456.2 446.9 443.2 436.3 433.9 419.1 408.7 397.8 389.1 379.3 377 375.8 376.1 386.3 419.6 449.8 463.9 463.5 451.7 425.2 400.8 368.7 347.6 333.5 321.9 301.4 278.4 264.6 277.4 297.1 315.2
360.2 365.3 364.2 362.3 361.5 360.9 360.2 358.6 357.9 357.5 355.9 357.9 357.1 358.9 360.3 361.9 361.4 360.3 358.5 357.8 358.8 357.6 355.7 360.6 367.8 375.4 386.4 398.7 411.6 417.6 425.4 436 444.9 456 464.6 471.2 476.4 482 485 484.1 486 481.3 481.9 484.9 484.3 475.5 475.7 467.7 453.8 447.4 447 438 433 429.1 416.7 400.4 389.9 383.6 381.5 387 401.3 427.7 452 469.1 463.8 442.2 407.1 378.7 354.7 338.7 327.4 318.8 305.9 288.4 281.4 287.5 303.7 325.5
375.7 376.9 377.9 378.2 378.2 379.5 381 379 375.7 374.9 374.9 369.9 371 372.1 373.9 372.4 371.9 373.6 374.8 372.3 371.6 370 367.2 361.9 361.5 370 380.5 395.8 404.6 417 425.6 434.7 442.6 453 461.5 470.2 472.7 478.9 481.9 481.2 481.9 481.2 481.6 489.5 480.6 477.8 479.1 468.6 461.1 454.3 445.3 440.1 437.6 438.4 424.6 412.8 407 400.7 397.2 408.2 419.5 449.2 461 464.7 459.5 430 400.2 371.5 347.1 331.4 323.5 311 299.2 295.4 295 299.4 316.3 332.4
387.5 386.9 391.6 396.6 398 395.1 394.3 392.4 393.3 389.3 386.9 387.2 386.7 385.5 384.5 385.5 385.3 385.3 386.7 384.9 386.3 383.1 382.3 375.1 370.1 371.8 374.9 387.4 398.5 410.7 421 431.7 440.6 448.5 457.8 470.7 474.6 480.9 480.5 480.4 480.6 480.9 482.6 489.7 480 480.8 480.1 466.5 461.4 455.2 455.7 455.2 449.6 450.5 449.4 441.8 433.1 424.7 423 435.1 457.5 460.3 462.7 454.8 434.5 401.5 381.3 357.6 339.6 325.5 319.4 316.8 313.5 311.4 309.8 319.9 328.5 340.6
402 402.6 405.3 408 410.3 411 410.2 408.7 407.9 405 402.6 401.9 401.5 401.1 400.8 397.9 398.8 401.4 398.2 395.4 395.2 393 390.4 392.7 382.5 384.7 385.4 389.1 393.7 402.2 411.7 423.4 434.5 443.1 452.5 469.9 470 476 477.5 477.5 482.3 482.6 480.7 481.7 481.8 480.2 470.5 466.1 464.7 464.1 460.9 467.9 472.9 474.4 468.7 462.1 453.6 447.7 448.1 458.1 468.8 474.7 470.9 441.1 415.7 388.5 363.9 351.4 333.1 336.6 333.3 330.6 326.3 327.1 325.1 331.7 341.6 353.7
425.8 427.2 423.5 425.9 425.7 427.2 423 421.7 421.6 419.2 415.9 416.5 415.1 415.5 413.3 413 412.2 411.9 411.4 410.1 407.8 404.5 403 400.3 402.5 398.3 397.1 396.2 396.9 398.6 408.6 418.4 428.9 438.4 446.6 461.4 467.9 469.9 468.8 467.1 476.4 478 479.8 482.4 483.3 487.1 478.4 471.2 463.9 462.5 462.1 468.1 475.4 478.9 484.3 485.6 481.3 480.8 479.7 480.6 480.6 480.7 460.4 433.8 398.3 378 372.2 356.2 357.4 357.5 351.7 347.8 343.3 341.3 336.1 338.5 347.9 358.6
443.8 443 442.6 441.9 442 440 438.7 435.6 434.1 431.5 428.2 427.4 427.6 429.2 429.7 428.3 428.4 426.7 424.4 420.6 417.5 415.9 412.5 409.5 409 407.9 408.1 407.6 405 408.3 411.3 418 425.1 432.9 443.3 452.7 460.2 461 466.1 474.1 477 478.4 480.7 483.4 483.6 483.5 478.8 474.3 476.6 470.6 465.8 470.6 476.4 483.2 492.4 491.9 493.9 493.4 490.5 485.6 480.2 464.7 429.2 407.7 409.8 406.1 388.1 378.6 382.1 384.2 377.1 376.6 369.6 368.7 359.1 356.9 364.3 376
468.1 465.9 459.5 459.2 457.5 455.4 452.8 449.9 446.7 446.7 446.2 443.1 442.7 443.3 443 442.1 442.2 440 434.9 434.2 429.3 427.1 423.8 420.6 418.3 417.2 416.6 416.2 417.2 417.8 414.3 422.3 428.2 433.4 442.2 448.3 453.2 456.1 465.7 476 479 479.1 479.9 479.4 480.2 482.3 480.3 481.5 482 484.2 475.6 477.1 485.4 495.1 490.8 488.9 492.5 489.7 481 474 467.4 439.9 451.3 443.8 438.6 425.6 408.5 396.8 400.9 405.5 413.3 409.7 402.5 402.1 389.5 383.2 389.9 399.2
492.7 483.5 476.8 473.3 470.5 468.6 464.3 463.8 462.6 459.9 464.5 462 456.4 455.8 458.6 456.1 456.1 454.5 450.6 448.8 441.7 440.1 436.6 433.3 431.7 429.6 426.9 422.6 424.5 424.8 424.7 423.4 430.2 435.3 448 450.2 455.2 459 467.2 478 480.8 482.9 482.7 485.2 488.4 484 485.2 484.8 482.6 481.6 480.1 484.5 495.5 494.9 491.4 486.1 481.4 478 477.6 462.5 469.8 476.1 472 460.3 451.7 438.1 421.4 416.3 414.8 422.5 424.2 422.7 425.2 422.8 418.9 423.4 424 427.9
527 521.1 505.2 492.5 482.8 478.8 473.6 473.8 474.4 475.2 475.4 474.9 472.9 471.1 471.2 471.9 472.8 469.5 463 460 453.6 449 449.8 446.1 443.1 442.2 440 433.8 435.6 440.5 440.1 432.8 449.3 448.5 455.1 455 458.6 464.9 472.7 477.9 480.5 482.4 484.7 484.2 490.3 490.4 487.1 488.8 486.7 496.4 493.3 494.7 492.3 490.5 488.9 489.2 477.5 474.1 472.6 477.4 479.8 482.5 482.3 475.4 468.9 446.3 433.5 424 426.3 430.4 435.4 437 443.3 442.4 448.5 457.7 458.1 458.1
554.8 552 537.8 510.2 498.1 489.4 483.6 482.4 482.4 484 484.6 484.6 482.3 481.3 480.8 480.7 481.6 476 473.9 473 467.5 460.6 458.5 454.1 453.9 449.9 450.1 442.7 446.1 445.5 448.5 448.5 449.9 451.8 458.4 462.3 466.9 470.2 473.3 478.5 485.1 483.4 487.1 499.6 507 496.5 497.1 495.9 502.8 503 501.2 496.5 497.8 497.4 493.7 491.4 480.9 478.8 480.6 489 489.1 484.9 481 474.8 469.1 456.9 441.9 436 438.8 443.3 449.4 454.9 461.4 466.4 466.1 473.7 474.7 476.8
570.2 561.3 542.1 520.1 512.3 498.8 494.2 492 494.5 501.6 506.4 505.6 496.4 490.8 491.2 491.1 488.1 485.2 486 484.9 478.5 472.4 467.4 464.1 462.5 459.7 455.7 455.1 453.7 453.1 452.6 454.3 452.8 457.1 461 468.6 466.9 473.2 477.5 483.6 488.1 488.3 494.7 498.3 501 502.5 508.9 508.2 511.6 506.5 504 503.5 500.6 500.1 498.6 491.8 485 485.3 488.1 492.4 489.2 487.3 485.7 481.6 478.5 470.6 465 453.7 451.6 468.7 468.4 483.1 497 506.8 519.2 504.6 500.8 500.3
563.1 550.8 532.5 525.4 515.7 505.3 506.3 504.8 506 505 509.9 513.7 510.3 504.5 504.8 501.6 500.3 498.4 494.7 490.9 490.8 490.7 478.9 472.8 468.7 464.4 461.7 463.6 460.2 460.1 461 459.7 457.6 460.8 463.5 470.4 477.7 475.8 480.3 484.1 492.3 496.7 494 497 506.5 509.5 508.4 510.2 504.7 502.1 502.2 498.4 498 502 498.6 493.4 487.2 488.8 496 497.9 507.2 514.2 503.6 502.7 506.3 503.3 491.9 485.7 487.9 490.6 503.5 513.3 528 566.8 565.7 545 537.2 536
550.9 539.2 528.6 523.8 516.7 515.3 515.6 514.5 513.5 515.2 521.8 523.1 520 517.2 516.2 516.7 519.8 515.6 507.7 501.6 503.6 496.7 490.3 484.2 474.5 470.1 466.8 467.4 468.3 470.6 469.6 465 461.5 462.7 466.3 470.1 478.7 479.7 481.3 487.3 491.5 498.8 498.1 498.4 502.5 502.1 507.5 502.5 499.2 499 500.1 502.8 498.5 495.1 495.2 497.2 497.1 505.8 511.8 519 525.4 542.2 538.2 532.2 522.9 526.2 528.9 523.8 528.5 529.8 537.1 541.8 558.2 587 604 589.9 580.8 571.5
543.9 533.3 526.4 523.2 521.1 521.7 525.3 523.4 522.5 526.1 528.9 529.3 529.1 533.2 529.9 528.9 528.1 525.1 518 513.1 508.3 502 501.9 491.2 482.8 476.5 472.7 473.1 477.2 475.7 473.1 468.1 464.2 464.7 465.7 467.4 474.7 478 482 483.9 486.9 491.6 492.3 496.7 499.1 500.5 501.8 503.6 503.7 506.2 507.1 506.9 504.6 502.9 503.5 502.5 504 514.7 522.2 531.7 537.2 544.6 549 547.9 540.6 544.1 545.4 543.8 540.4 549.8 557.4 564.4 582.9 605.3 625.8 637.5 616 612.6
552.8 538.5 527.4 523.3 521 526.7 532.2 531.9 532.6 538.6 542.9 540.5 540.1 544.3 539.7 537.8 538.9 534.5 523.4 513.4 508.6 508.6 508.1 499.2 487.6 481.6 482.7 481.5 480.2 476.5 473.9 470.1 469.6 467.5 466.6 467.4 470.9 476.2 483.5 488.9 492.1 492.2 496.3 498.7 502.2 502.8 503.5 504 511.8 512.6 513.6 512.5 508.5 512.7 516.5 519.6 516.9 520.7 524.6 535.5 541.8 543 552.1 559.7 557.4 555 559.9 555.4 553 557.5 568.6 581.2 602.9 623.6 639.4 656.2 664.4 666.3
574.1 554.1 539.8 536.1 529.1 534 538.1 539.3 542.4 551.3 550.7 551.1 556.2 551.7 551.4 546.9 539.2 530.6 521 515.8 510.9 510.9 505.9 500 490.9 487.3 487.6 484.9 480.1 475.5 472.6 474.8 474.9 473.4 470.9 471.5 473.1 475.5 481.9 486.2 489.5 495.2 494.8 498.6 504.1 507 506.1 511.1 514.6 514.6 517.5 516.9 516.6 516 522.6 530.9 531.8 534.8 535 543.6 546.6 547.4 555.4 558.8 559.9 559 565.6 563.8 559.2 566.7 576.7 592 612.3 636.6 659.2 678 688.6 702.2
594.6 569.1 556.3 552.7 553.8 557.2 559.4 560.2 574.8 581.9 583.3 580.4 578.4 577 571.5 564.4 553.3 543.1 532 523.7 518.9 513.4 510.7 507.7 497.8 496.6 495.4 493.3 486.2 481.7 481 485.1 482.2 480.3 478.5 477.6 479.3 480.9 483.2 488.8 494.9 495.9 494.9 497.4 501.1 505.1 509.1 510.2 514.6 515.1 515.1 518.4 521.3 521.6 531.4 536 541 550.3 553.7 552.2 549.6 559.5 566.8 569.3 568 564.4 567.3 569.2 567.1 574.3 583 597.6 618 643.6 666.3 683.7 694.9 712.4
612.6 588.7 574.9 569.7 571.5 572.1 576.6 584.6 603.2 614.2 609 605.8 604.3 596.9 593.7 585.8 577.5 561.5 541.2 537 527.9 524.9 524.9 519.5 510.9 508 509.6 503.7 496.8 494.3 495.1 493.8 492.8 487.5 487.8 489.9 489 486.9 487.5 488.3 495.8 496.1 498.1 501.4 502.9 501.7 505.5 508.3 510.7 515.5 515 520 525.5 542.2 553.9 556.4 552.9 556.4 561.9 561.3 563.7 569.9 571 569.2 570.4 573.4 574 575.2 574.4 577.4 589.3 605.2 635.3 658.1 671.9 682.7 700 718.3
636.8 611.2 600.9 598.5 592 592.8 598.9 611.2 633.8 648.7 650.8 640.9 634.2 627.9 622.2 607.8 595.6 576.9 561.4 555.5 547.8 547.8 546.1 535.9 530.4 527.4 524.2 515.1 512.9 511.5 513.8 507.1 500.5 495.9 495.4 499.9 501.9 492.4 488.9 491.2 492.8 496.5 497.6 498.5 500.4 503.2 505.3 509.5 513 516.3 523.3 530.2 534.3 554.8 569.6 567.2 562.3 563.9 567 571.7 569 573.2 578.3 574 578.7 578.6 577.3 582 581.2 584.1 594.1 615.6 636.2 658.4 672.2 686.1 702.5 721.8
666.7 640.4 634.3 622.2 616.5 618.5 626.4 640 667.6 686.2 690.5 691.8 686.3 663 652.3 638.9 623.1 605.9 583.6 579.5 575.4 572.6 566.1 558.6 559.2 557.8 543 538.1 531.3 527 524.7 516.2 511.2 508.4 509.9 509.2 509.6 501.5 492 491.6 494.2 497.5 498 499.8 504.3 509.1 511.5 514.6 519.3 521 531 541.3 542.3 562.1 579.6 581.7 570.5 571.9 575.1 577 577 576.2 579 586.2 587.7 588.1 590.8 589.1 587.7 590.8 602.4 618.6 638.4 663.5 674.9 694.3 709.7 727.5
690.7 679 665.8 651.3 649.5 649.7 656.7 673.4 695.8 720.1 723.3 724.7 719.3 696.8 685.1 665.8 654.1 628.1 611.8 602.7 601.4 599.4 597.4 595.7 592.7 588.9 574.8 574.9 558.1 543.6 539.3 531.6 535.3 533.7 521.3 525.3 517.9 512.4 497.8 494.4 498.2 501.4 500.5 502.5 506.6 511.8 515.7 520.5 523 529.5 537 543.5 549 557.8 568.8 576.3 577.9 579.7 583.2 589.9 587.9 592.3 598.8 611.9 606.1 607.3 612.7 604.1 611.4 617 627.6 637.9 653.6 670.4 685.8 703.6 719.5 736.2
719.4 708.1 696.1 689.4 688.5 695.7 691.1 710.1 737.1 755.5 760 762.4 752.7 740.3 712.1 704 683 656.7 642.3 635.8 628.7 628.5 630.8 632.3 630 616.6 612 615.1 591.6 564.9 561.2 560.3 561.3 551.9 539.6 540.2 533.1 521.9 507.1 506.7 503.2 504.2 505 509.4 513 518.2 519.9 523.5 526.1 535.6 537 542.7 553.3 560.1 570.9 579.3 586.4 593.1 596.7 599.6 606.7 615.1 618.1 631.7 625.8 627.3 630.6 630.1 643 645.8 660.2 667 681.7 693.9 704 724.5 733.8 744.7
753.9 743.8 732.2 719.4 726.6 733.2 731.6 749.3 780.1 790 798.5 800.4 794.5 779.2 761 750.9 725.5 687.1 673.1 663.1 666 668.2 669.6 665.6 669.1 652.7 655.4 655.5 622.7 601.1 591.9 588.5 580.1 573.5 560.3 557 549.8 534.1 526.9 522.2 516.4 512.7 513.8 513.3 518.2 524.5 527.4 526.1 530.8 533.7 536.9 545.1 555.7 564.1 579.5 589.2 595.6 605.4 620 625.6 631.2 644.3 635.3 644.8 638.3 640.4 641.5 652.7 660.5 674.3 687 694.7 707.3 721.8 735.1 750.5 749.4 757.9
775.2 778 772.3 758.9 763.6 770.8 779.7 793.2 815.2 828.6 839.3 843.4 833.6 817.9 800.9 797.6 741.5 716 700.9 701.6 704 712 725 723.6 715.7 690.9 686.2 674.2 653.7 636.9 636.4 629.9 607.9 598.6 577.7 571.3 567.3 560.1 551.8 536.9 529.3 527.9 523.9 526 526.5 530.1 527.9 529.4 533.6 537.2 541.9 552 566.2 579.7 593.5 603.4 609.5 620.8 631.5 642.7 652.7 664.8 671.6 670 665 669.3 672.5 689.3 696.2 704.4 710.9 724.6 736 763.7 771.9 772.1 776.8 779.5
768.5 775.3 786.4 794.3 805.2 812.7 833.7 846.9 851.8 863.8 879.9 880.1 868.1 857.6 843 818.9 774.4 743.4 732.9 731.9 731.9 740.7 759.8 763.3 741.9 722.8 715.4 698.3 687.1 680.3 675.1 664.5 652.4 614.9 610.4 608.5 610.5 589.1 583.2 559.9 558.9 550.7 537.1 534.9 534.1 532 534.2 536.1 539.5 540.2 551.1 564.6 583.1 600.3 609 619.1 623.8 640.2 655.8 669 682.9 690.6 694.8 695.1 705.5 710.4 720.5 723.1 729.1 735.4 745.7 756.9 771.6 788 794.9 802.7 805.8 809.9
757.8 766.6 777.5 787.6 802.1 816.5 830.4 847.9 869.3 890.3 902.2 909.6 909.2 895.1 878.8 846.6 799.8 772.8 762.7 761.9 767.8 782.8 795.8 785.7 762.5 760 744.1 724.9 716.4 714.6 700.8 684.6 656.9 650.3 633.3 637.4 634.9 625.8 615 591 586.2 572.4 552.8 544.1 542.1 541.7 542.6 542.8 545.7 548.5 559.4 578.8 594.3 610.4 621.6 631.6 641.4 659.3 676.5 696.3 709.1 721.8 723.8 728.2 733.9 735.8 743.6 751.4 756 763 780.3 799 811 821.3 819.2 820.6 821.9 813.4
739.9 752.2 764.8 777.8 792.8 807.8 820.5 841.8 862.5 884.6 897.5 911.9 921 926.2 903.2 864.1 824.9 805.3 794.5 795.7 816.8 825.9 824.9 797.4 786.5 791.4 773.3 755.7 749.3 730 709.9 687.7 677.9 680.2 670.8 675.4 667.4 664.8 646 619.4 601.9 590.2 567.4 554.6 554 553.7 554.7 553.2 560.3 564.9 571.3 590.6 607.5 620.4 633.3 645.7 658 672.1 694.3 713.7 730.5 744.1 754.2 758.9 761.2 768.3 773.4 778.3 784.4 793.6 816.3 836.5 844.4 845.2 844.8 844.6 841 798.6
715 731.6 747.1 761.1 777.8 793.1 811.4 832.1 851.3 871.4 887.1 898.7 912.8 928.9 931.8 895 853 839.5 828.6 830.8 850 864 842 818.8 818.6 812.6 793.9 794.7 775.5 747.9 721.5 710 699.4 691.3 691.4 703.6 701.1 691.9 670.5 645.7 630.6 605.2 583.6 574 569.9 566.3 565.5 569.1 573.5 579.1 590.3 608.3 622.1 632.3 644.5 659.4 675.9 701.4 714.7 733.4 757.3 776.1 785.6 789.6 792.3 798 801.8 806.8 816.8 832.8 852.3 867.7 875.4 870.1 864.1 862.9 832.8 777.3
