UK/data/nn/nn93_OST50GRID_20230518/NN93.asc
ncols 200
nrows 200
xllcorner 290000
yllcorner 730000
cellsize 50
[rows 70 to 104 of 200, columns 78 to 155 of 200]
381.2 381.5 382.8 384.3 384.9 384.7 383.9 384.5 385.2 383.3 382.5 381.1 378 376.7 376.8 377.8 379.5 386.4 394.5 400.3 405.5 409.2 411.2 413.5 416.9 421.1 430.2 436.5 442.9 448.7 455.9 461.9 463.3 464.8 463 456.2 454.7 454.4 450.5 444 440.3 429.6 421.3 412.7 403.1 391.6 379.5 365.9 352.6 340.2 325.1 316.4 307.5 301.6 296.2 293.3 291.6 291.7 299.9 308.4 314.8 319.4 330.6 343.2 351.7 354.5 355.3 353.2 350.5 348.7 345.6 341.9 337.3 333.5 328.5 326.8 323.5 319.2
387.4 389.1 391 394.5 395.8 395.5 394.8 392.5 394.1 394.9 393.6 392.8 389.8 388.8 386.3 386.1 384.9 385.2 396.6 401.4 408.7 416.2 421.3 424.4 424.1 431.1 439.5 448 455.2 461.7 467 472.1 476.7 475 477 462.2 451.7 445.1 439.7 433.7 426.7 419.8 414.3 410.4 403.3 393.9 381.8 367.4 351.3 339.8 325.3 316.5 306.6 300.9 296.6 293.3 291 289.8 294.6 306.6 312 319.2 327.7 338.1 355.3 359.6 360.9 361.4 358.1 355.2 352.1 349.1 345.2 341.2 336 334.4 332.6 328.6
393.1 397.1 401.6 405.5 406.2 406.6 406.2 404.8 405.4 405.4 404.1 403.7 402.6 400.6 399.5 397.8 395.6 393.7 397.5 406 414.2 423.3 428.9 433.5 435.8 440.6 451.7 458.9 465.3 470.4 474.4 479.3 479.8 476.6 471.5 466.4 452.7 441.1 434.5 425.2 416.5 408.8 402.4 402.7 401.9 393.7 383.6 372.3 362.4 351.3 335.6 323.6 310.5 302.4 296.8 292.6 291 288.8 290.8 297.7 309.1 316.8 325.2 334.1 348.6 367 367.3 365.9 366.1 360.7 358.2 355.9 352.5 349.3 344.9 340.6 338.8 336.4
398.6 404.1 410.4 414.2 418 420.7 419.9 417.8 415.9 415.5 415.7 414.4 413.5 412.5 411.8 412 410.7 407.1 409.9 410.1 418 425.1 434 441.9 445.1 452.1 463.3 469.1 473.5 477.6 480.9 482 478.3 473.2 466.6 459.8 453 441.4 430.6 420.8 413.4 406.2 402 393.2 397.8 392.3 384.4 376.1 366 353.3 339.8 329.2 317.1 304.4 296.3 291.9 290.3 288.8 287.7 292.7 301.9 312.2 320.9 329.6 339.9 358.6 374.3 371.2 370.3 368.6 361.3 360 357.9 355.8 352.1 348 346.3 346.1
403 410.3 417.3 423.4 430.6 434.2 433.9 431.7 428.2 426 427.2 428.4 427.9 426.9 426.9 425.8 426.3 421.1 424.9 425.3 431.1 437.9 439.4 449.3 452.2 460.9 472.8 478.8 480.3 481.9 484.3 485.4 479.5 472.9 464.2 455.3 445.5 435.6 429 416.7 408.7 404.1 399.8 389.2 389.9 388 381 374.2 366.1 352.3 339.5 329.8 318.5 306.7 297.3 292 289.1 287.5 285.9 288.2 295.6 307.3 316.2 323.9 334 344.4 362.7 372.3 370.8 370.4 366.9 362.8 361.2 360.1 358.6 355.9 354.8 353.9
406.3 414.8 422.5 433 444 451.7 452.1 449 443.6 440.5 438.6 438.1 438.7 439.7 441 441 441.4 440.2 441.5 441.3 441.8 445.9 450.8 451.4 457.3 460.4 474.4 481.9 484.6 481.5 479.8 485.4 484.3 475.8 461.6 450.3 436.2 429.2 423.6 415.7 405.9 398.6 394.3 388.7 378.7 382.2 377 370.3 363.5 354.4 338.8 331.7 321 309.5 301.8 293.1 288.6 286.8 285 286.4 291.9 299.3 309.1 316.7 327.6 338.2 350.2 364.1 371.1 371.9 372.1 369.7 365.3 365.4 364.9 362.6 362.4 361.3
410.6 418.9 428.7 440 451.1 461.7 470.9 464.6 460.1 456.8 452.6 449.5 449 449.4 450.3 452 453.1 454.6 452.8 454.2 454.4 457.2 459.7 461.1 461.7 464.7 468.7 475.6 479.6 479 474 472.2 474.5 474.9 458.5 446.4 433 421.9 418.4 413.3 405.3 396.4 388.9 384.3 378.1 374.3 372.1 366.4 360.5 353.7 342 329.5 324.3 312.3 302.7 296.3 289.2 286.4 284.2 284.1 284.7 291.7 301 309 320.6 332.4 341.8 355.5 368.5 375.5 376.4 375.3 373.4 372 370.3 370.2 371.3 370.7
414.9 422.4 431.2 444.2 454.8 467.7 479.7 485.9 476.3 469 466 463.2 461.5 461.2 461.5 463.2 464.8 467 467.1 468 467.6 467.4 468.5 469.1 467.3 463.8 460.3 463.8 467.6 465.8 461 458.5 457.2 455.2 449.8 439.7 431.8 422.7 415.2 409.1 404 396.7 387.7 382.2 376.6 369.3 366.4 362.8 357.4 352 344.2 333.3 320.6 311.4 303.5 296.1 290.3 285.6 284.3 283.2 283.2 284.4 293.3 304.4 314.8 325.6 337.1 350.4 365.1 377.3 381.6 383.1 382 380.3 380.2 379.7 381 380.6
417.8 425.3 433.9 444.5 457.1 470.1 482.1 491 494.3 485.5 481.1 480.2 476.6 475.5 476.3 477.6 479 480.4 481.2 481.4 480 479.7 477.5 476.4 473.6 463.6 457.6 450.5 450 452.4 451.4 448.9 443.2 441 439.5 433.2 429.3 423.5 415 407.7 401 395.8 388.4 380.2 374.7 368.4 361.2 360.3 356.1 350.5 344.1 336.9 327.9 319.5 306.3 295.6 291.2 284.8 282.9 282.7 282.4 282.8 289.3 300.2 309.7 321.1 332 345.9 363.5 376.5 385.1 389 390.1 390 388.5 389.4 390.7 388.7
419.7 427.6 435.2 443.9 457.2 468.2 483.6 493.9 498.3 499.8 494.6 493.3 492.6 491.7 492.1 491.8 493.2 494.6 496.3 495.4 491.8 491.1 489.5 485.9 477.3 468.3 461.4 449.7 443.2 442.5 441.5 437.7 435 430.9 427.8 424.3 423.9 420.4 413.8 406.3 398.9 393.2 388.4 381.6 373.7 367.2 361 357.3 355.4 350.3 344.1 336.7 328.7 323.1 308.8 300.6 288.1 283.9 281.8 281.8 281.6 281.8 287.1 295.8 304.6 317.7 329.3 342.3 360.5 375.4 385.5 393.6 395.5 397 397.2 396.8 397.5 397.7
420.6 428.9 436.3 444.4 455.5 467.8 480.6 491.1 500.5 504.7 503.6 505.8 508.9 509.8 510.8 508.3 506.6 507 509.9 508.8 506.2 503.4 500.1 493.3 484.7 473.1 469.2 463.9 452.1 447.1 444.2 442.1 437.5 433.2 423.4 418.7 415.2 415 408.6 400.9 397.5 391.8 387.6 381.9 375.3 368.1 361.7 356.4 352.6 351.7 345.6 339 330.9 324 311.9 303.7 290.5 283.9 280.7 280.5 280.9 281.1 283.2 292.9 302.8 314.6 325.7 337 354.7 370.5 383.7 393.9 398.8 401.8 403.2 402.9 403.2 403.5
422 430.4 437.6 444.1 454.6 465.2 479.4 489.4 500.5 509.1 516.7 523.4 523.9 530.1 533.5 528.8 522.8 521.5 520.6 518.8 514.2 514.4 509.3 497.8 488.4 477.7 472.2 470.9 459.6 450.5 445.6 442.7 437.4 434.8 429.8 421.7 409.1 402.5 400.6 396.5 394.3 393 386.7 380.7 372.2 360.4 356.4 355.5 348.8 349.8 347.4 341 332.8 324.9 312.7 304.8 295.2 283.8 280.3 280 280.3 280.5 282.9 290 299.7 312.3 322 333.9 347.8 366.2 380.5 392.2 399.7 404.8 407.5 410.5 411.9 411.6
423.5 431.4 438.5 445.1 453.3 463.7 476.3 489.6 500.8 514.2 525.7 533.5 541.2 544.3 546.1 544.6 538.3 534.3 534.1 524.4 521.8 518.4 516.6 505 491.2 480.2 471 466.8 461.9 457 450.2 443.5 441.9 437.5 433.4 428.4 422.5 415.8 409.7 402.3 396.1 391.2 380 373.9 373.5 365.4 358.3 352.2 343.1 341.8 339.8 335.8 327.1 319.5 312.2 299.2 297.5 287.3 281 279.8 279.8 279.8 281 287.1 297 308.6 320.5 331.1 343 361.2 378.5 392.8 404.8 408.3 411.5 415.9 420.4 422.7
423.6 432.1 439.2 446 453.1 460.6 473.3 487.8 502.6 515.7 528.7 538.1 545.5 552.8 552 552.7 549.5 547.8 547.3 537.6 522.5 518 512.4 504.4 495.7 484.5 473.3 465.9 462.1 456.2 453.8 449.4 445.7 441.3 437.7 433.5 427.7 422.3 414.3 409.6 403.8 400 395.7 388.4 382.1 375.9 369.3 358.8 350.3 343.3 336 326.2 310.7 308.9 305 295.1 294 286.1 281.7 279.8 279.2 278.7 279.5 283.7 293.5 303.7 315.5 328 338.8 354.9 371.9 390.8 408.9 414.8 416.1 420 426 428.4
424.4 432.1 439.4 446.3 453.2 459.9 470.4 485.7 501.9 517.1 529.7 539.7 549.9 555.3 558.5 558.7 560.4 558.1 559.7 551.5 534.4 514.6 509.6 499.9 493.3 485.6 476.5 468.3 462.8 461.2 457.9 454.4 449.6 445.9 441.4 437.6 432.9 427.3 422.2 417.9 412.1 404.7 399.4 395.2 389.4 382.3 374.4 363.9 353.2 347.1 336.2 333.4 323.9 310.9 303.4 298.4 289.4 289.5 285 280 278.6 277.7 278.4 280.3 287.1 298.6 312 324.5 335.6 349 363.4 385.1 402.3 415.8 418 421.1 426.5 436.6
426.8 434.4 441.4 447.9 454.2 460.8 468.7 481.9 499.3 515.7 529.9 542.7 552.8 563.1 566.4 567.6 563.5 563 567 562 541.9 524 509.6 499.2 488.6 483.7 475.8 470.6 467.3 466 462.8 458.4 453.5 450.2 445.9 441.3 436.7 433.4 429.3 423.8 418.1 410.1 403.8 398.1 393 388.2 381 373.4 365.9 359.5 350.8 340.1 333.3 328.7 319.4 310.1 291.1 286 282.7 282.3 279.6 278.3 277.2 277.8 283.7 294.5 306.4 319.9 333.3 345.9 357.8 377.9 394.5 406.5 415.9 422.7 428.9 438.8
427.5 436.5 443.5 449.9 456 462.6 470.7 481.9 495.7 511.4 527.1 541.5 552.9 560.7 566.4 568.1 566.9 561 562.3 561.2 550.6 533.4 521.1 508.8 495.3 486.3 482.1 478.7 474.6 471.6 469.1 466.3 460.9 456.3 451.2 446.2 441.8 437.3 430.1 422.1 416.8 414.1 410.7 402 396.3 390.1 387.3 376.7 370.9 365.3 357 349.3 338.1 336 328.7 314.5 304.4 289.7 284.1 281.7 279.5 278.1 277 276.7 281.9 289.4 303.7 316.3 328.5 339.5 356 373.7 387.5 399.7 412.4 421.5 429.6 437.3
427.9 437.2 444.9 451.3 457.4 464.1 472.4 481.1 493.3 506.9 522.1 536.1 549.1 558.1 561.2 564.7 567.7 559.5 556.7 556.5 552.8 539.1 520.3 509.8 499.8 494.5 492 488.8 484.4 479.6 475.8 470.8 466.6 459.9 455 450.9 446.2 441.5 436.8 432 426.7 416.9 413.2 412.2 406.4 399.3 389.5 387 377.8 357.7 357.4 353.2 342.6 334 332.2 324.5 308.4 296.3 289.3 285.9 280.1 278.3 277.2 276.2 277.2 287.4 301.1 313.2 324 333.8 349.6 369.7 383.8 396.2 409 417.9 424.4 430.3
428.8 437.8 445.2 452.1 459 465.5 472.4 480.6 489.8 502.9 515.7 530.9 543.2 553.4 559.1 558.7 560.1 559 555.2 554.8 549 541 527.9 512.9 505.2 501.2 499 494.3 492.6 487.8 482.4 475.8 470.7 464.8 460.1 455.8 451.1 447.1 442.3 437.9 433.9 429 424.6 421.2 416.4 405.9 399.1 390.6 382.4 375.2 360.7 349.5 334.4 332.3 329.2 327.7 310.5 300.7 291.4 284.1 281.2 279.4 277.9 276.4 275.6 281.9 297 309.9 319.3 328.7 345 362.8 379.2 393.9 407.4 417.4 423.4 428.2
429.2 438 445.7 452.3 458.9 465.1 472.5 480 488.8 499.6 511.4 525.7 538.2 547.4 557.3 560.9 559.1 558.8 553.9 553.1 555.3 541.5 537.7 528.2 515.4 508.8 509 504.5 497.9 493.5 487.9 481.9 477.2 471.5 467 461 456 451.8 447.9 442.4 437.4 432.9 428.9 424.6 419.8 410.8 406.9 399.7 393 385.1 369.9 357.4 346.8 331.6 320.9 327.3 320.3 311 295.4 286.1 282.7 280.4 278.5 276.3 275 279.7 291.2 304.4 317.2 327.1 342 356.3 376 391.4 404.8 414.9 422.5 429.7
424.5 437.5 445.3 452.5 458.3 465.7 473.1 479.7 487.9 499.1 509 520.6 534.7 544.8 553.7 559.7 563.4 563.4 558.4 556.6 557.2 557.3 548 539.8 529.6 519.9 520 516.4 508.3 503.3 497.9 491.6 485.6 478.7 471 466.6 460.1 456 451.8 445.5 440.5 435.9 432.2 427.9 423.8 420.3 415.4 410.4 402.4 392.4 383.1 374.6 365.1 356.2 346 325.9 312.5 306.6 301.5 290.9 286.7 282.2 279 276 274.1 276.5 284.4 297.6 314.4 325 337.6 352.7 370.4 387.5 402.1 412.4 420.9 427
434.1 437.5 446.7 452.8 459.1 466.5 473.3 479.5 487.9 500.3 511.4 522.3 532.9 543.4 551.8 560.1 566.6 571.1 570.3 565.6 571.9 566.5 561.5 557.8 548.2 538.9 525.7 520.5 517 511.5 508.2 501.6 492.2 483.2 476.4 469.9 464.2 459.4 453.6 446.9 441.8 436.9 434.4 432 428.6 425 420.4 416.7 405.6 397.4 390.1 378.4 370.7 363.4 353.8 339 322.5 321.5 304.9 292.8 288.1 282.9 279 276.1 274.1 275.4 281.1 293.3 308 323.1 333.1 343.4 364.6 383.9 396 407.4 417.3 425.2
440.4 439 447.5 453.9 460.1 467.4 474.2 481.6 490.5 501.7 514.2 526.4 537.5 545.7 552.5 560.2 569.1 577.3 580.3 577.7 580.3 577.3 572 562.2 554.8 548.4 539.2 529.5 522.4 516.9 510.6 506.2 498.2 488.2 480.4 473.5 467.1 461.9 455.4 448.4 444.2 441.4 438.7 435.5 431.8 427.7 423.2 417.5 410.4 404 396.2 387.8 382.3 371.7 358.1 345.2 342.9 329.7 316.2 304.5 292 282.6 279.9 276.7 274.5 273.5 279.3 289.8 302.8 316.9 331.8 342.4 358.1 378 392.3 400.7 412.3 423.3
444.4 440.2 447.5 454.9 461.7 468.7 476.2 483.1 493.4 504.9 516.6 529.5 541.1 551.7 559.3 564.1 571.1 578.1 585.1 583.2 584.1 577.6 573.2 566.4 559.9 551.7 546.5 536.2 525.9 520.1 514.1 503.2 499.5 491.4 484.5 477.9 470.8 464.1 457.7 452.5 448.7 444.9 441.3 437.5 433.5 429.6 425.9 421.9 417.3 411.5 403.1 395 387.4 372.9 354.6 338.8 355 345.6 331.4 316.3 302.1 288.1 280.9 276.2 273.8 271.8 276.2 287.7 298.1 311.2 324.6 337.5 350.8 370.7 386.7 396.9 403.1 415.5
447.1 445.8 447.8 455.5 462.8 470.9 478.4 485.5 495.3 508.1 521.3 533.4 546 557.1 563.3 570 575.4 577.7 582.6 583.9 578.2 577.9 571.2 564.9 559.4 553.3 546.6 538.8 533.1 523.1 514.6 507.2 499.4 493.4 486.9 480.8 473.8 466.8 461.3 456.9 451.7 446.8 442.7 438.6 434.8 431.8 428.5 424.2 418.6 413.3 404 398.6 385.9 366.2 372.9 372.2 368.3 357.4 344.4 328.3 312.3 298.7 287.7 274.6 273.4 271.6 274.6 284 293.4 306 320 333.8 346.6 363.3 377.8 388.4 396.8 402.8
451 448.7 447.4 456.4 464.3 472.2 480.5 487.5 497.8 511.3 525.4 538.2 549.6 559.5 567.2 574 576.8 576.6 575.3 579 576.4 572.1 567.2 558.2 555.1 551.8 550 546.9 539.5 527.1 517.3 509 503.8 497.5 489.8 484.3 477.4 471.8 467 462.2 456.6 450.1 444.5 440.5 437.6 434.4 431 426.9 422.2 416.7 411.6 402.2 372.6 386.8 390.6 387.4 379.1 367.3 347.9 340.6 323.5 306.6 290.2 277.9 273 271.2 271.9 280.6 289.5 299.9 313.7 327.1 343.1 358.1 372.8 385.7 393.2 397.5
455.1 453.4 450.8 457.3 465.6 473.1 481.1 490.1 498.9 513 527.8 542.5 552.3 561 569.9 574.8 575 573 569.8 568.9 570.4 568.9 563.4 554.9 553 551 549.9 547.9 540.2 531.8 523.3 514.6 508.2 501.2 492.9 487.7 483.8 478.7 473.5 468.3 462.4 454.9 447.5 442.9 440.6 436.4 432.4 429.5 425.6 418.1 409.3 386.2 391.1 405 401.6 395.1 386.7 375.5 366.7 353.1 336.1 314.4 293.4 281 275.9 272.4 270.2 282.2 287.6 296.3 307.5 319.6 337.3 351.8 366.8 380.2 389.1 394.7
459.6 457.5 456.5 458.6 466.9 475.1 482.1 491.3 500.5 512.4 527.4 541.9 553.6 561 567.7 572 571 569.2 565.8 561.6 561.7 561.8 558.5 554.9 552.3 549.2 545.1 541.4 538.6 535 528 519.7 509.7 502.9 496.5 492.9 488.3 483.2 477.5 473.2 466.7 458.7 451.4 446 442.4 438.2 433.8 430.4 423.4 412.3 395.5 406.9 414 414.9 409.7 401.1 395.4 387.9 375.7 363 348.1 327.8 304.9 288.9 280.6 273.6 268.3 283.5 289.2 290.5 301.3 313.8 329.2 348.1 362.7 373.1 384.5 390.8
464.5 462.7 460.4 459.1 467.8 476.4 484.6 493.4 502.3 513.9 525.4 537.6 549.3 562.1 566.3 570.5 571.1 569.5 566.3 559.8 552.6 553.3 553 552.9 552.9 551.4 543.6 537.9 535 530.6 524.2 516.3 510.5 503.4 499.1 494.3 492.1 486.8 482.6 475.9 470.5 461.3 454.5 448 443.5 439 436.4 432.5 424.6 409.1 422.1 425.7 426.4 425.4 417.1 399.4 403.8 395.7 384.1 374.1 360.2 343.7 317.8 294.7 289.8 278.3 267.3 279.4 283 287.2 294 307.1 321.3 342.7 358.5 367.7 374.3 384.7
469.3 466.4 464.7 463.8 468.7 477.4 486.3 494.2 503.6 514.5 526.3 536.1 549.3 561.3 567.6 568.5 571.8 569.7 564.9 558.7 551.3 544.4 545.3 546.9 547.8 547.8 544.1 535.1 532.8 529.2 524.9 520.6 511.5 504.9 497.8 492.9 490.8 490.4 486 478.9 471.3 465.3 457 449.9 444.8 443.6 439.9 433.7 417.6 428.6 432.8 435.1 433.7 428.3 417.9 420.4 410.5 401.7 389.4 379.5 366.8 344.9 326.2 303.6 299.8 285.5 266 275.4 284 286.1 288.9 297 311 330.5 348.3 359.5 364.4 367.3
474.6 471.5 470.2 469.4 469.9 479.3 487.4 496.7 505.1 516.6 528.8 537.8 550.2 561.8 565.9 566.9 568.1 568.9 560.2 555.8 549.2 543.1 537.2 537.5 541.2 540.7 538.2 535.2 528.2 528.3 527.4 526.9 525.3 504.8 497.1 492.3 488.3 484.9 481.7 478 473.1 467.4 460.1 452.3 447.5 447 442 424.2 430 436.6 441.6 441.4 436.3 426.9 433.9 427.3 419.9 410.7 396.9 387 368.6 346.1 328.9 312.9 297.1 286.6 266.7 280.4 287.6 281.6 281.1 285.9 298 313.3 327.2 340 345.9 346.7
481.7 478.3 476.2 474.7 473.1 480.9 490.2 498.2 507.4 517.1 528.9 538.2 552.3 565.4 574.1 567.7 561.2 562.7 557.3 552.8 544.2 539.6 534.9 530.5 528.7 531.1 528.7 526 524.6 522 526.4 523.9 517.2 508 495.8 489.9 485.8 479 478.6 477.7 473.8 468 463.2 457.5 452.4 450.9 445.2 430.2 440.7 444.1 446.6 445.1 439 435.3 440.1 436.3 427.7 418.1 407.9 394.7 375.7 349.9 330.1 313.4 299.9 288.1 266.6 262.8 273.1 268.6 266 278.5 283.4 289.8 304 313.9 316.3 326.2
493 487.8 483.7 481.3 480 483 492.1 500.7 510.7 520.7 529.6 541.2 556.7 572.4 571.6 567.5 560.9 556.2 547.7 542.4 539.9 536.6 532.4 523.8 522.9 520.4 520.4 516.6 518.2 516.3 519.5 517 508.6 503 493.6 485.2 479.8 477.4 475.5 474 471.2 468.3 465.1 461.4 456.6 453.4 443.9 444.5 446.5 448.1 445.8 440 441.3 442.7 443.3 440.2 436.6 429.4 414.1 398.7 378.7 358.6 341.4 323.1 307.4 291.4 271.4 259 254.1 252.5 251.5 264.7 270.2 270.9 276.7 288.8 295.8 311.1
503.1 498.7 493.9 490 488.4 488.7 496.1 504.5 513.3 521.8 534.1 546.6 561.1 576.6 574.6 563.6 558.7 554 550.7 545 536.4 527.4 527.3 522.6 516.9 513.4 512.3 509.9 509.5 510.3 507.5 506.6 503.7 496.8 489.8 483.4 478.1 474.4 471.2 469 468 466.6 465.3 463.5 459.7 454.5 443 448.8 449.2 448.5 446.4 447 448.6 449.8 450.9 450 447.4 439.7 426.8 412.2 390.7 375.8 357.3 341.3 321.8 297.2 284.2 274.8 263.6 251.6 249.5 248.7 256.1 257.6 261.5 272.6 284.2 293.9
512.6 508.2 504.4 501.5 498.2 497.6 500.8 509.3 517 529.1 541.4 554 565.6 575.6 570.8 563.4 557 556 552.4 547.6 545.5 535.9 527 521 516.4 513.9 511.2 508.8 505.1 503 502.8 499.1 496.4 491.9 485.5 481.4 476.6 472.9 470.1 466 464.9 463.9 464 463.2 459.8 447.6 452.5 452.7 451.1 450.3 451 452.8 456 459.3 459.9 460.9 455.7 451.2 441.6 426.4 410.8 394 375.5 356.7 340.9 316.2 306.2 295.5 285.1 274.4 258 248.3 248.1 251.3 255.4 262.4 270.2 273.5
