WholeMapElevations/data/nn/nn20_OST50GRID_20230518/NN20.asc
ncols 200
nrows 200
xllcorner 220000
yllcorner 700000
cellsize 50
[rows 140 to 174 of 200, columns 79 to 157 of 200]
602.1 620.7 636 655.9 667.7 693.8 721.9 734.9 743 739 766 769.3 746 727.7 712.5 684.5 682.7 655.3 627.5 629.7 630 636.1 630.6 621.9 620.3 616.4 621 630.1 628.9 623 620 635.7 628 634.3 631.3 627.1 615.6 581.2 540.6 508.2 476.5 464 466.7 441.3 409.8 393.9 408.4 369.9 341.4 328.4 282.8 265 241.9 212 184.7 161.6 145.4 128.9 107.6 91.8 63.7 40.2 26.7 20.6 16.9 14 13.2 5.7 4.7 4.5 8.9 9.1 9.2 8.1 -1.4 -1.4 -1.4 -1.4 -1.4
604.4 628.7 651.9 663.3 669.1 687.6 705.6 732.5 716.2 729.7 751.7 743.7 713.9 713.6 692.2 662.9 657.7 643.6 638.9 634 627 626.3 617 610.8 614.8 619.1 611.9 630.4 617.7 618.3 623.6 623.7 623.9 644.3 635 614.7 599.8 580.5 541.5 501 470.3 453 458.7 433.1 405.1 384.4 365.6 350.6 339.1 300.3 279.3 262.7 241.6 211.8 186 166 150.8 136.2 111.2 95.5 67.2 38.6 24.5 19.5 14.4 12.9 11.8 4.7 6.6 -1.4 4 6.9 6.8 6.6 4.9 -1.4 -1.4 -1.4 -1.4
618.4 638 657.8 667.7 668.6 683 684.9 687.6 686.9 708.5 703.3 709.3 681.8 676.3 658.7 649.4 639.3 641.4 637.7 630.7 622.7 615.5 608.2 600 620.1 621.7 600.6 618.6 607.2 610.3 628.6 613.9 620.9 629.9 626.1 615.4 597.3 565.5 535.7 506.9 469.4 440.1 422.8 409.5 390 372.3 356.1 344.5 331.3 300.5 279.4 261.8 239.9 210 186.5 164.2 149.2 130.5 111.9 93.9 62 37.7 24.2 20.5 11.9 11 10.6 4.4 3.8 -1.4 -1.4 5.3 7.1 6.3 1.3 -1.4 -1.4 -1.4 -1.4
626.2 648.8 662.6 665.7 659.4 677.7 666 660.4 668.6 680.9 678.4 674.2 664.9 658.8 655.4 639.6 636.9 635.7 627.8 617.7 615.7 608.2 587.8 589.2 603 615.8 605.8 578.6 595.4 606.2 611.1 609.9 625.7 637.6 630 625.8 612 585.3 540.4 518.9 487.8 441.6 425.8 408.3 395.1 365.1 349.3 337.9 318 292.9 273 258.2 242.7 216.3 187.6 165 147.9 127.1 111.6 91.5 58.5 36.6 21.9 17.8 10.3 8.9 8.3 8.2 5.3 4 -1.4 -1.4 2.4 1.3 0.4 -1.4 -1.4 -1.4 -1.4
627.3 652.4 660.6 658.8 655.8 661.8 654.6 649.8 659.7 672.5 670.5 665 656.7 652.3 641.1 622.6 620.9 623.8 613.2 609 600.3 587.2 583 586.2 592.4 598 586.9 570.8 578.6 614.9 610 607.9 628.8 640.9 630.8 626 598.7 552.7 524.7 504.1 478 450.8 414.1 396.2 376.5 354.1 334.5 320.6 315.7 297.1 281.9 256.8 247.8 219.9 189.2 160.2 142.3 120.7 105.7 88.3 55.8 33.3 23.4 14.3 7.3 4.9 4.3 5.4 5 3.9 3.1 -1.4 0.7 0.8 -0.1 -1.4 -1.4 -1.4 -1.4
632.8 652.2 655.8 639.5 653.9 648.7 637.7 641.5 648.6 663.2 663.2 640.3 637.6 636.7 618.5 610.6 601.5 594.6 590.5 594 585.5 579.8 558.2 585.5 573.7 579.8 580.8 565.7 572.6 592 598.3 595.9 622.7 623.6 616.3 607.6 588.5 564.3 529.8 512.7 489.5 466.3 439.2 395.3 370.9 350 336.9 324.6 307.3 291.1 276.9 252.5 234.5 211.1 178.3 153.4 134.7 114.2 92.1 73 53.5 30 21.1 11.4 2.6 -1.4 -1.4 -1.4 -1.4 1.5 1.9 -1.4 -1.4 -1 -0.8 -1.4 -1.4 -1.4 -1.4
624.1 638.6 634.5 630.7 635.8 627.6 615.2 622.9 626.2 627.5 647.6 632.8 626.9 616.9 599.3 586.9 584.7 570.9 566.9 575.1 577.8 561.5 545.6 552.1 557.4 574.6 578.7 562.1 564.6 571.2 587.6 588.7 611.3 623.1 618.5 620.8 596.6 565.5 533.7 498.6 474.8 450.8 429.1 398.3 371.5 349.6 332.8 316.9 298.8 277.3 258.7 245.9 226.9 202.7 167.9 148.4 125.7 103.6 83.3 66.8 50.1 24.4 17.7 9.2 -1.4 -1.4 -1.4 -1.4 -1.4 -1.4 0 -1.4 -1.4 -1.4 -1.4 -1.4 -1.4 -1.4 -1.4
588.7 601.5 608.4 612.2 617.3 603.9 601 597 599.3 602.9 625.8 596.5 577.2 572.4 565.2 557.6 559.5 548.2 544.2 543.4 539.5 539.2 539.5 551.5 556.1 587.4 573.6 554 550.6 552.2 560.4 589.2 607 604.7 604 596.6 572.3 547.7 517.9 485.8 464.9 435.8 416.6 391.8 365.1 352.5 338.9 317.2 295.2 267.4 245.7 234.2 211.3 188 159.7 136.6 115.5 94.8 77.1 59.8 40.5 19.5 13.9 4.3 -1.4 -1.4 -1.4 -1.4 -1.4 -1.4 -1.4 -1.4 -1.4 -1.4 -1.4 -1.4 -1.4 -1.4 -1.4
574.9 581.3 588.5 587.4 592.5 583.9 573.6 572.5 571.1 576.7 577.5 567.6 554.5 550.5 550.6 544.6 543.4 539.7 538.4 538 537.7 535.2 538 540.5 541.6 565.1 570.1 550.9 538.8 545.5 552.1 579.7 594.9 581 567.6 572.8 562.2 526.4 499.8 461.5 442.3 417.8 403.1 373.4 354.1 349.4 341.8 325.4 290.8 256.3 228 210.6 190.6 168 154.8 128.3 107.2 86.4 69.8 53.8 33.9 15.2 9.7 3.7 -1.4 -1.4 -1.4 -1.4 -1.4 -1.4 -1.4 -1.4 -1.4 -1.4 -1.4 -1.4 -1.4 -1.4 -1.4
555 552 553.9 568 576.4 575.2 571.6 559.2 548.9 553.3 556.7 557.7 542.5 539.8 538.2 539 535.5 534.1 534.8 531.7 533.1 525.3 526.4 522.6 531.1 561.1 567.5 554.5 529.5 538.2 543.3 569.2 580.4 562.9 557.5 561.5 550.2 514.1 485.6 443.2 416 411.5 381.8 364.9 348.9 338.8 329.8 315.2 287 252.6 220.2 202.7 177.9 158.6 142.7 116.5 98 76.6 59.4 43.7 24.8 11.2 9.2 2.3 -1.4 -1.4 -1.4 -1.4 -1.4 -1.4 -1.4 -1.4 -1.4 -1.4 -1.4 -1.4 -1.4 -1.4 -1.4
538.1 535.2 531.8 539.6 548.2 562.8 563.2 555.2 523.2 532.9 535.4 536.3 521.7 524.4 524.9 526.9 524.8 523.5 519.3 523.7 522.3 513.5 503 496.8 518.1 539.8 546.7 534.9 521.7 531.2 533.9 547.9 560.6 556.8 546.9 543.3 518.4 483.8 462.4 429.9 408.9 392 367.2 358.7 341.3 330.4 320.1 295.7 261.1 238.2 220.2 203.1 166.6 148.5 123.7 108.2 90.8 69.1 53.6 35.9 21 8.2 6.4 -1.4 -1.4 -1.4 -1.4 -1.4 -1.4 -1.4 -1.4 -1.4 -1.4 -1.4 -1.4 -1.4 -1.4 -1.4 -1.4
520.7 523.2 516.4 522.5 535.3 536.2 546 537.5 506.8 512.7 515.1 511.5 501 505.3 510.4 516.4 513.5 508.3 503.8 502 496.9 490 485.5 481.2 503.1 518.9 530.6 520.3 509.4 517.1 523.9 535 548.3 548.6 543.6 535.9 519.6 480.3 448.5 415.3 401.6 381.5 360.9 351.2 332.1 319.7 314.7 283.4 254 224.6 214.2 190.9 163.3 136.7 112.5 97 79.3 64.4 46.1 28.3 13.4 3.7 -1.4 -1.4 -1.4 -1.4 -1.4 -1.4 -1.4 -1.4 -1.4 -1.4 -1.4 -1.4 -1.4 -1.4 -1.4 -1.4 -1.4
494.4 493.7 503.2 504.6 500.6 500.5 506.4 502.3 482.1 485.3 487.5 486 485.2 490 491.1 496.3 496.1 493.1 495 486.3 480.4 467.9 464.3 466.1 491 508.2 511.9 503.4 502.4 505.1 513.1 515.7 533.8 532.7 537.2 528.6 490.7 462.6 440.9 408.9 393 368.3 359.1 345.7 321.5 314 302 266.9 238.9 217.9 200.4 179.3 157.1 131.1 106.1 85.4 64.2 54.1 32.5 19.9 -1.4 -1.4 -1.4 -1.4 -1.4 -1.4 -1.4 -1.4 -1.4 -1.4 -1.4 -1.4 -1.4 -1.4 -1.4 -1.4 -1.4 -1.4 -1.4
473.6 475.5 483.5 484.4 492.4 479 475.7 471.3 451.3 460.3 466.4 461 462 465.4 471.3 475.4 473.4 475.9 472.6 470 466.5 454.2 451.2 445.5 468.4 482.2 488.9 485.3 491.9 490.5 497.5 503.5 503.9 512.6 523.3 506.5 488.7 465.8 436.7 406.4 384.9 363 350.8 332.3 313.8 291.7 279.4 253.1 227.9 210.3 190.8 167.5 149.9 126.1 99.8 75.5 54.9 40.5 24.2 7.7 -1.4 -1.4 -1.4 -1.4 -1.4 -1.4 -1.4 -1.4 -1.4 -1.4 -1.4 -1.4 -1.4 -1.4 -1.4 -1.4 -1.4 -1.4 -1.4
453.8 453.2 452.5 453.5 451.4 449.5 436.8 428.8 430.7 433.3 439.5 438.5 441 446.8 450.9 457.6 459.1 459.8 456 452.3 448.6 434.8 429.7 425.7 447.1 458.2 466.6 459.5 468.3 478.6 485 491.2 492.1 491.6 497.7 491.4 476.2 461.1 438.6 395.9 374.9 357.5 338.8 325.1 305.7 282.3 263.9 243.2 217 205.3 178.7 159.8 142.1 121.9 95.4 69.6 49.5 31.4 15.8 -1.4 -1.4 -1.4 -1.4 -1.4 -1.4 -1.4 -1.4 -1.4 -1.4 -1.4 -1.4 -1.4 -1.4 -1.4 -1.4 -1.4 -1.4 -1.4 -1.4
433 431.7 435.7 431.6 423.3 423.7 420.8 418.4 410.9 413 418.9 417.3 422.9 428.4 425.5 432.5 441.1 433.3 431.8 433 417.6 414.4 411.8 412.5 431 441.9 440.6 437.1 448.8 459.9 469.3 479.7 480.5 476.3 480 470.2 459.1 451.3 414.3 378.3 366.7 350.7 330.1 315.4 297.3 267 258.8 232.6 209 184.4 163.9 149.4 135.6 119.4 95.7 66.3 48.9 21.8 7.2 -1.4 -1.4 -1.4 -1.4 -1.4 -1.4 -1.4 -1.4 -1.4 -1.4 -1.4 -1.4 -1.4 -1.4 -1.4 -1.4 -1.4 -1.4 -1.4 -1.4
416.4 414 415.1 416.9 406.2 409.5 410.3 397.5 393.7 390 384.5 387.7 392.9 399.8 404.3 405.7 409.8 414.3 417 404.4 392.4 394 390.5 398.1 409 414.7 416.1 420.9 425.2 442.8 450.4 464.3 468.3 461.2 459.7 466 428.5 426.1 392.2 363.8 357.2 342.4 322.4 297.5 287.2 256.3 230.8 216.1 191.1 173 151.3 137.6 128.3 111.4 90.6 65.5 44.6 17.6 2.2 -1.4 -1.4 -1.4 -1.4 -1.4 -1.4 -1.4 -1.4 -1.4 -1.4 -1.4 -1.4 -1.4 -1.4 -1.4 -1.4 -1.4 -1.4 -1.4 -1.4
399.1 393.3 391.5 387.1 388.8 392.1 393.3 384.6 369.1 363.4 363.9 364.9 369.3 369.6 374.7 385.2 381.3 379.6 376.7 374.3 365.3 369.3 376.2 382.3 385.2 393.2 398.3 405.3 408.3 421.5 434.4 446 450.2 443.4 431.2 427.2 408 401.6 364.5 352.8 345.7 333.4 313.5 292.2 269.5 241.1 213.5 200 180 161.1 142.4 129.9 120.1 105.7 85.1 64.2 39.4 14.9 4.3 -1.4 -1.4 -1.4 -1.4 -1.4 -1.4 -1.4 -1.4 -1.4 -1.4 -1.4 -1.4 -1.4 -1.4 -1.4 -1.4 -1.4 -1.4 -1.4 -1.4
372.9 368.5 369.2 368.4 365.9 368 367.1 363 346.4 343 343.6 346.3 346.9 348.6 348.1 358.4 354.5 351.6 348 349.2 349.8 352.8 355 367.1 366.8 373.4 380.1 389.7 395.9 401.3 412.4 426.3 430.1 422.9 406.9 390.7 378.7 365.6 353 343.5 336.6 322.4 302.3 283.7 264.8 228.9 199.9 187.1 168.5 153.4 137.5 126 117.7 102.1 78.9 57.4 35.1 13.7 4.6 -1.4 -1.4 -1.4 -1.4 -1.4 -1.4 -1.4 -1.4 -1.4 -1.4 -1.4 -1.4 -1.4 -1.4 -1.4 -1.4 -1.4 -1.4 -1.4 -1.4
353.6 350.2 345.5 343.4 341.7 344 338.2 331.8 331.3 322 323.5 322.8 323.1 327 330.6 330 329.8 328.2 324.6 325.5 327.5 332 335.9 345.3 347.9 353.7 361.3 369.8 377.4 381.1 393.4 407 413.2 406.1 393.9 376.9 362.6 351.6 342.9 333.4 324.7 311.4 297.6 271 250.1 218.5 190.3 174.7 161.9 144 134 125.5 106.2 91.7 71.1 51.6 35.9 17.6 -1.4 -1.4 -1.4 -1.4 -1.4 -1.4 -1.4 -1.4 -1.4 -1.4 -1.4 -1.4 -1.4 -1.4 -1.4 -1.4 -1.4 -1.4 -1.4 -1.4 23.3
336.5 334.4 329.9 327.5 325.9 322.1 319.4 317.2 313.7 310 307 305.3 302.2 302.9 308.2 310.3 312 307.9 307.4 308.5 309.4 310.9 315.6 321.2 327.6 333.9 341.1 350.1 359 367.5 372.8 388.8 395.6 390.5 380.9 366.5 351.5 341.8 332.6 320.9 314 308.1 279.4 255.1 230.6 203.7 182.9 166.9 154.2 134.2 126.8 117.3 97.4 80.5 67.4 50.8 34.6 17.7 -1.4 -1.4 -1.4 -1.4 -1.4 -1.4 -1.4 -1.4 -1.4 -1.4 -1.4 -1.4 -1.4 -1.4 -1.4 -1.4 -1.4 -1.4 -1.4 26.2 51.3
332.8 321.1 318.3 315.8 312.8 307.5 301.2 299.6 300.2 296.6 290.9 288.7 285.5 285.2 287.5 290.8 290.6 286.3 285.7 289.2 289.6 288.4 294.5 298.7 304.3 312.7 323.4 329.5 339.9 347.3 355.7 370.9 378 377.1 369.5 353.2 342.8 333.7 323.7 312.7 299.7 291.6 255.6 231.3 209.6 189.9 175.4 159.1 143.4 129 117.6 108 90 72.7 59.1 45.2 28.9 12.6 -1.4 -1.4 -1.4 -1.4 -1.4 -1.4 -1.4 -1.4 -1.4 -1.4 -1.4 -1.4 -1.4 -1.4 -1.4 -1.4 -1.4 -1.4 29.8 50.8 74.1
331.7 324.2 313.2 307 303.6 300.6 294.5 287.4 283.8 282.4 278 275.3 276.5 271.9 267.6 271.9 271.3 267.8 266.1 272.7 270.7 270.1 280.5 285.1 287.7 293.3 301.6 307.6 313.5 329 341.6 355.2 363.1 359.9 353.4 341.4 331.8 322.2 310.7 293.4 286.8 273.1 234.5 214.5 195.4 180.3 167 152 135.6 122.5 106.9 98.5 84.8 68.1 48.9 37.1 25.7 14.4 -1.4 -1.4 -1.4 -1.4 -1.4 -1.4 -1.4 -1.4 -1.4 -1.4 -1.4 -1.4 -1.4 -1.4 -1.4 -1.4 -1.4 29 45.3 70.7 90
337.5 326.5 317.5 307.6 302.4 295.5 289.7 283.2 279.4 275.2 273.8 267.2 267.1 267.6 260 257.4 257.1 253.8 249.4 249.8 252.9 251.7 260.4 265.9 268.9 270.6 278.4 284.3 295.8 308.7 324.2 336.4 344.7 344.6 338.8 327.6 323.1 310.9 292.2 275.5 266.2 246.6 218.3 199.2 187.5 173.3 160.2 142.4 124.5 110.5 97.6 90.3 81.7 63.9 44.5 31.4 24.2 9.8 -1.4 -1.4 -1.4 -1.4 -1.4 -1.4 -1.4 -1.4 -1.4 -1.4 -1.4 -1.4 -1.4 -1.4 -1.4 -1.4 30.4 42.7 61.3 82.3 103.6
343.6 331.5 323.8 315.6 309 294.6 284.9 279.4 274.7 271.8 267.5 263.2 261.9 257.2 254.6 250.7 250 245 243.7 236.6 241.2 241.9 244.2 247.3 250 253.8 257.3 262.1 273.6 288.4 299.7 311 322.6 325.3 324.5 316.4 309.3 294.5 277.8 262.1 248.3 223.1 202.1 189 177.3 167 151.9 130.5 112.6 100.7 91 85.4 77.9 62.6 41.7 25.1 14.9 -1.4 -1.4 -1.4 -1.4 -1.4 -1.4 -1.4 -1.4 -1.4 -1.4 -1.4 -1.4 -1.4 -1.4 -1.4 14.6 29.8 42 52.6 74.3 91.1 107.3
345.7 336.6 328.6 319.1 310 296.1 290.2 285 280.3 276.5 271.5 265.5 260.3 254.8 250.5 244.1 241.5 236.9 235 230 232 230.2 231.1 233.6 236 238.5 240.7 247.7 257.8 268.8 279.6 290.3 299.9 305 305.3 302.7 294.9 279.8 263.6 246.5 227.8 205.6 189.2 183.3 171.7 160 141.7 122.4 106 94.6 85.9 80.8 73.1 58.4 40.1 21.5 8.6 -1.4 -1.4 -1.4 -1.4 -1.4 -1.4 -1.4 -1.4 -1.4 -1.4 -1.4 -1.4 -1.4 -1.4 -1.4 30.2 40 46.9 63.7 79.4 98.1 112.9
352.4 346.5 333.5 321.6 313.6 305 297.4 294.2 289.5 284.5 278.5 269.1 268.6 261.5 258 254.9 246.8 235.1 230.1 221.3 218.3 219.2 219.1 220.6 222.2 224.8 229.5 233.3 240.1 251.1 262 274 285.6 289.7 288.3 286.3 277.3 263.6 249.8 231 210.5 194.7 184.3 172.7 164.8 152.1 134.5 110.7 99.6 89 78.1 69.9 60.8 48.3 31.9 15.8 3.6 -1.4 -1.4 -1.4 -1.4 -1.4 -1.4 -1.4 -1.4 -1.4 -1.4 -1.4 -1.4 -1.4 -1.4 16 33.3 43.3 53.8 70.7 82.6 101.9 117
363.4 354.8 341.5 329.4 321 312.6 306.8 300.9 296.2 291.8 286.8 279.4 276.4 270.4 267.1 263.8 253.4 248.6 237.2 229.9 223.5 207.5 210.9 212.3 212 214.9 216.4 219.6 225.5 235.3 244.1 255 266.8 272.1 273.4 268.9 259.4 250.3 235.1 210 194.9 182.6 168.5 159.9 152.7 143.4 120.9 99.5 91.5 82.9 69.7 57.9 50 36.9 25.6 8.3 -1.4 -1.4 -1.4 -1.4 -1.4 -1.4 -1.4 -1.4 -1.4 -1.4 -1.4 -1.4 -1.4 -1.4 -1.4 16.7 29.5 46 61.9 73.9 83.9 98.9 119.7
373 366 354.2 338.6 331 322.8 315.8 308.2 303.5 298.3 293.5 287.5 282.4 280.4 276.3 274.4 265.7 255.7 247.3 236.9 224.7 209.6 202.1 203.6 204.8 204.5 203.8 205.8 209.3 216.3 225 238.5 248.4 254.5 256.4 251 245.1 237.4 219.9 200.1 179.5 169.2 157.3 151.1 143.3 128.7 111.3 87.4 80.6 76 60.4 47.9 36.4 26.5 18.1 5.8 -1.4 -1.4 -1.4 -1.4 -1.4 -1.4 -1.4 -1.4 -1.4 -1.4 -1.4 -1.4 -1.4 -1.4 -1.4 17.7 29.4 46.4 63.1 79.5 90.6 105.4 119.5
383.4 375.5 365.2 352.5 339.1 332.8 324.5 316.7 311.4 306.6 305.2 302.5 295.2 292.3 288.6 287.4 276.3 266.3 258.1 246.9 227.7 212.8 200.8 195.1 197.2 197.7 194.4 196.8 198.3 201.6 208 216.3 225.6 236.5 240.2 237.3 230.3 218.6 202.9 186.3 169.1 154.9 144.2 141.6 132.6 115.6 97.8 81.5 68.3 64.3 49 38.1 25.5 18.6 6.8 -1.4 -1.4 -1.4 -1.4 -1.4 -1.4 -1.4 -1.4 -1.4 -1.4 -1.4 -1.4 -1.4 -1.4 -1.4 7.8 20.1 31.6 52.7 68.3 83.4 102.5 121.5 126.3
393.6 382.1 372.7 357.5 346.8 342.3 333.3 324.8 323.2 317.1 316.9 314.5 310.5 307.5 302.6 296.6 286 276.5 269 256.9 238.1 215.9 208.9 198.5 189.6 192.7 188.2 188.4 191.9 193.7 195.3 199.8 209.9 216.4 217.8 216.8 211 199.4 187.4 173.6 158.4 143.4 131.3 128.8 118.4 99.6 89.3 73.2 54.5 47.5 37.1 22.5 8.8 -1.4 -1.4 -1.4 -1.4 -1.4 -1.4 -1.4 -1.4 -1.4 -1.4 -1.4 -1.4 -1.4 -1.4 -1.4 -1.4 -1.4 11.5 26.3 47.2 65 79.9 98.9 117.9 139.5 155.1
407.6 387 378.1 368.3 361.3 349.3 340.4 333.9 330.2 327.3 322.2 325.1 320.5 316.1 311.5 305.9 300 291.5 281.1 267.5 247.4 226.1 216.1 205.5 194.2 180.6 182.9 178.7 181.9 184.8 187.8 189.9 194.3 199.4 201.4 198 192.2 184.3 173.4 161.4 146.4 128.9 119.3 114.8 99.7 82.7 75.6 58.6 44 36.3 28.5 -1.4 -1.4 -1.4 -1.4 -1.4 -1.4 -1.4 -1.4 -1.4 -1.4 -1.4 -1.4 -1.4 -1.4 -1.4 -1.4 -1.4 -1.4 -1.4 13.7 33.1 58.5 82.9 94.2 108.2 129.9 152.5 165.2
433.6 405.7 394.6 384.6 373.2 363.6 352.5 345 341.9 337.4 335.1 336.4 330.7 324.4 317.8 316.2 310.5 304.8 293.9 279.1 262.5 244.3 224.7 211.3 198.6 185.2 177 176.9 173.2 180.1 181.8 179.8 188 184.4 186.3 183 180 174.3 163.5 149 135.1 118 107.9 99.4 82.3 69.1 58.3 45.2 34.4 20.4 10.7 -1.4 -1.4 -1.4 -1.4 -1.4 -1.4 -1.4 -1.4 -1.4 -1.4 -1.4 -1.4 -1.4 -1.4 -1.4 -1.4 -1.4 -1.4 -1.4 18.2 43.4 71.7 86.8 104.6 124.7 140.8 167.2 184.2
441.1 428.4 434.4 407.4 397.9 381 368.9 359 353.1 349.3 345.7 348 346.2 337.8 330.6 325.9 319.6 311.5 304.1 287.4 271.7 260.4 238.2 219.1 204.6 190.4 182.6 179.7 172.8 168.9 175.2 173.5 175.5 172.5 170 170.5 170.9 162.5 150 135.2 123.4 106.2 94.8 83.6 69.3 58.1 46.1 34.7 20.9 7.1 -1.4 -1.4 -1.4 -1.4 -1.4 -1.4 -1.4 -1.4 -1.4 -1.4 -1.4 -1.4 -1.4 -1.4 -1.4 -1.4 -1.4 -1.4 -1.4 9 26.5 49.9 81.8 98 119.3 140.1 150 182.8 217
460 462.5 461 438.2 444.5 420.3 395.7 378.7 369.2 365.9 364.1 366.3 362.4 353.6 342 338.6 330.5 325.7 313.2 295.8 286.4 274.4 254.8 232.1 211.2 197 185.5 177.6 171.5 164.9 168.8 167.3 172.6 166.9 160.1 160.3 157.4 148.6 136.8 124.1 111.3 98 81.6 71.1 60.3 48.8 40.3 30.1 11.8 1.1 -1.4 -1.4 -1.4 -1.4 -1.4 -1.4 -1.4 -1.4 -1.4 -1.4 -1.4 -1.4 -1.4 -1.4 -1.4 -1.4 -1.4 -1.4 -1.4 13 35.1 57.6 81.4 105.8 128.6 147.8 163.6 192.5 230.3
