WholeMapElevations/data/nj/nj14_OST50GRID_20230518/NJ14.asc
ncols 200
nrows 200
xllcorner 310000
yllcorner 840000
cellsize 50
[rows 140 to 174 of 200, columns 0 to 77 of 200]
446.2 438.8 422 430.1 427.5 423 418.6 413.3 408.2 403.6 398.9 400.9 403.6 404.7 409.7 411 411.7 411.6 411.4 411.4 414.6 417.4 420.4 423.5 427.6 431 434.1 436 437.4 438.4 438 437.2 435.4 435.7 435.5 438.5 440.8 439.7 438.7 438.7 435.7 435 437.6 439.2 438.1 437.8 434 429.4 427.2 425.1 421.2 415.2 410.7 406.5 401.2 396.5 391.8 387.7 379.3 372.6 366.7 363.1 357.5 352 346.9 343.2 341.7 344.4 342.8 338.4 334.5 332.9 332.1 330 328.4 326 320.3 314.3
444.7 434.1 437.1 436.1 434 428.7 424.3 418.6 413.4 408.1 400.9 402.5 404 408.3 415.8 416.4 417 418 418.4 416.9 419.7 422.1 424.7 429.2 434.2 438.3 440.6 442.5 443.9 445.3 445.2 444.7 444.3 445 446 448.9 451 451.3 450.8 449.2 445.5 442 440.5 441.7 440.9 437.6 432.9 428.5 425.6 422 417.6 411.3 406 400.4 397.1 391.7 389.2 383.5 375.7 370.5 364.1 357.9 354.5 349 346.1 345 344.6 347.3 344.3 339.6 337.4 335.9 332.4 329.8 327.7 323.9 317.9 312.6
443.8 439.5 442.3 441.8 439.4 435 429.7 424 419 413.7 402.9 403.6 413 419.6 421.5 423.4 423.8 424.9 424.6 424.6 425.3 428.2 429.8 434.2 439.8 443.9 446.8 448.8 451.4 452.6 454.1 454.4 454.3 454.3 455.8 458.3 461.7 461.7 460.2 457.3 454.3 448.8 442.9 441.3 439.3 436.1 430.4 426.1 423.7 420 414.7 408 401.4 397 393.1 387.9 383.3 378.7 374.4 369.3 360.9 353.3 350.1 347.7 345.9 345.1 346.1 346.8 346 341.6 339.4 336.8 333 331.5 328.1 322.4 315.8 311.2
444.9 446.7 446.9 446.4 444.1 439.4 434.3 428.1 423.1 418.4 404.7 410.6 420.7 425.6 427.9 429.7 430.8 431.1 430.1 431 432.4 433.3 435.6 440 445.7 449.5 452.6 455.6 457.9 460.8 463.6 465.6 464.7 462.2 462.9 466.5 469.4 468.3 466.1 463.1 459.1 453.3 445.7 440.9 437 430.9 427.7 424.1 421.2 418 412.5 405.3 397.7 393.7 388.9 382.3 375.7 372.5 369.2 365.9 357.3 352.5 349.5 347.6 345.8 345.6 346.3 344.8 343.6 341.2 340.3 338.3 335.7 330.6 325.9 320.5 314.5 309.3
452.7 451.6 451.5 449.6 447.3 444.2 438.7 432.3 428.2 419.7 405.5 417 427.1 431.6 434.2 436.3 437.8 438.1 438.3 437 438.5 440.6 443.5 444.1 450.4 455.1 458.4 461.7 464.7 469 471.6 472.9 471.5 468.8 468.9 469.2 469.3 470.2 468.5 465 459.3 453.7 447.3 440.1 433.9 433.2 428.4 420.6 418.3 418.2 411 400.2 393.6 387.9 381.5 376.4 370.5 367.9 365.7 361.3 354.3 351.3 348.2 346.1 344.4 343.1 341.6 340.5 340.2 340.1 340.6 340 338.3 332.3 327.5 324.2 318.5 311.3
456.6 455.9 454.5 452.4 451 448.7 444.5 438.2 432.2 415.1 408 426.8 433.5 437.7 440.7 442.9 444.3 444.8 446.8 446.4 446 446.8 451.6 453 455.4 459.4 462.9 466.4 468.7 471 472.7 473.7 471.9 470.4 469 468.2 467.8 466 464.8 460.9 457.2 452.6 447.8 442.6 439.3 435.3 431.2 424.8 416.8 415.1 406.4 397.5 390.5 383.8 375.2 369.5 366.2 361.3 359.2 357 352.2 348.3 344.3 343.5 341.8 338.9 336.7 328.4 337.2 340 339.9 341.4 338 330.7 326.6 325 318.7 311
458.6 457.9 456.9 455.8 455.2 453.5 450.5 444.3 429.7 412.3 413 434.3 439.4 444.7 447.6 449.3 451.7 452.7 452.8 452.9 453.3 455.8 456.7 458.2 459 461.5 464.3 466.1 467.9 468.8 470.1 470.9 470.3 468.2 466.2 464.7 464 462.1 461.9 458.8 455.9 451.9 450.5 447.9 443.4 439.5 433.3 426.5 418.1 412.1 402.5 391.3 386.3 379.5 371.6 365.6 360.3 357.3 353.4 353.1 350.6 348.2 345.4 347.1 347.7 347.3 346.5 340.7 326.5 333.1 338.7 338.1 335.2 329.7 326.1 323.3 317.9 306
460.5 460.7 460.6 460 458.8 457.9 455.2 449.3 423.8 412.7 428.5 440.6 445.1 450.4 454.3 456.9 458.4 458.7 458.6 458.6 458.1 459.6 460.1 461.4 462.7 463.9 465 466.2 467.3 467.1 467.7 468.2 467.9 465.9 463.4 460.9 459.9 459.3 457.9 456.5 454.5 451.6 449.4 447.6 444 436.1 428.4 418.8 410.3 406.2 398.7 390.6 380.6 373.8 366.4 361.5 357.5 355.8 353.1 354.1 351.6 350.5 350.7 350.9 351.6 352.2 350.1 345 340.4 336.2 314 328.1 329.4 324.8 321.1 318 309.7 302
462 462.7 463.5 463.2 462.4 461.5 459.2 451.5 420.6 417.9 439.5 446.7 452 456.5 460.8 462.5 463.7 464.3 463.8 463.1 462 462.7 462.4 463.6 463.9 465.1 466.2 466.4 466.3 466 465.3 465.6 465.6 463.8 461 458.4 456.8 454.7 452.8 452.4 452.2 450.5 450.2 448.5 443.3 436.4 428.3 417.5 409.3 402.9 393.4 385.1 377 371.3 366.1 364.5 361.1 358.6 359.5 358.8 356.1 354.8 354.1 354.1 353.7 352.2 351.2 349.3 340.8 340.1 334.3 326.5 308.4 317 311.3 310.6 304.4 298
463.4 464.8 464.9 464.8 465.1 463.7 459.9 451 427.7 418.3 437.9 454.1 458.5 462.1 465.6 467.7 467.9 468 466.7 465.4 465.5 465 465 465.4 465.6 466 465.4 465.5 465 463.9 464.1 463.3 463.2 461.4 459 456.4 452 448.8 447.9 447.1 448.8 450.8 450.3 447.4 442.3 436.2 428.3 419.1 409.5 401.6 389.5 383.3 375.4 372.2 366.9 363.7 363.1 362.9 363.3 363.1 361 361.2 358.5 356.5 355.2 354.2 353.1 351.9 343 334.5 332 325.1 320.1 310.3 300.4 299.5 298.8 295.4
463.9 464.9 465.1 465.2 465.1 463.9 459.1 449.9 434.3 421.5 440.1 459.5 464.5 468.1 470.4 470.3 468.6 468.2 468.1 467.3 467.4 466.7 466.1 466.4 466.3 465.1 464.1 464.3 464.6 463.3 461.8 461 461.2 459.2 455.1 450.5 446.6 443.2 442 444.3 448.9 451.4 449.4 446.2 440.6 434.3 426.9 418.9 407.2 400.1 387.8 379.6 371 371.2 371.4 370.6 368.1 366.9 367.5 368 366.4 365 360.7 356.2 355.7 354 352.2 349.5 346 335.9 329.2 323.7 316.7 309.1 305.5 301.5 293.7 294.9
461.9 462.2 462.7 463 462.5 460.7 457.8 451.2 432.3 422.8 444.3 461.3 465.5 468 468.6 468.6 468 468.2 468 467.9 467.1 466.4 466.8 466.7 466.4 464.6 464.2 463.2 462.4 463.2 462.7 458.7 460.8 460 454.2 449 446 440.9 436.2 440.2 446.2 448.7 447 442.7 437.9 431.5 423.7 415.4 405.3 396.3 385.7 376.7 378.5 381.4 382.9 378.7 376.6 375.8 373.3 373.2 371.8 366.4 362.9 354.7 350.9 351 348.1 343.7 341.3 332.1 327.7 321.6 312.9 307.2 304.2 301.3 299 288.3
458.9 459.1 459.4 460 459.7 458.1 456.4 453.8 441.5 422.9 434.1 458.6 463.4 464.8 465.3 465.9 466.5 466.9 467.2 465.6 465.7 466.1 466.4 466.7 466 465.2 464 464.1 464.5 463.3 463.6 462.6 461.3 461.1 456.9 451.3 448.4 444.8 439.5 431.9 438.9 442.9 442.1 438.6 433.8 427.3 419.6 411.3 399.5 390.8 379.2 384.7 386.9 392.3 393.8 388.1 387.9 385.8 380.2 377.7 374.7 368.2 365.7 357.4 348.1 343.4 339.7 336.8 335 331.3 324.9 317.9 310.6 306.1 302.8 294.7 293.3 297.8
454.2 454.4 454.9 456.4 458 457.4 456.6 454.3 450.3 428.6 429.3 455.7 460 461.3 461.8 463.1 464.2 463.6 463.1 462.5 463.8 465 465.3 465.9 466.5 465.4 465.5 465.5 465.9 465.6 464.6 463.5 461.7 460 456.9 453.2 448.4 445.5 440.9 428.5 430.4 435 435.4 433.2 427.7 420.9 413.2 405.8 395.5 385.1 389.4 394.6 395.9 398.8 400.9 397.5 393.8 389.2 384.7 378.4 373 369.6 366.4 356.2 344.8 338.8 334.6 330 328.4 324.7 317.8 314.4 310 304.2 304.3 297.2 303.5 303.5
448.7 449.3 449.9 452.9 454.8 455.6 454.9 453.5 450.8 438.2 435.1 453.8 456.1 457.7 458.2 458.5 460.5 460.5 459.8 460.5 462.3 464 464 465.9 466.1 466.1 466.5 467.2 467.2 466.5 465.5 464.7 464 460.8 456.4 453.8 448.7 445.3 440 431.9 423.5 425.6 425.4 424.2 420.6 413 406 399.1 389.5 395.4 400.4 403.7 404.2 407.5 407.8 403.4 398.7 392.9 387.7 378 372.5 369.7 364.7 351.4 339.3 334.3 328.6 325.7 322.8 319.8 311.8 308.3 309.9 309.3 307.3 305.9 307.3 310.1
441.7 441.7 444.3 449.4 451.6 452.6 450.2 446.6 436.6 432.3 436.6 449.8 451.9 454.1 454.7 455.1 455.7 456.4 456.7 457.6 459.9 461.7 463.5 464.6 465.9 466.8 468.3 468.8 468.3 468.1 469 468.3 465.8 462.2 457.9 452.6 448 444.7 438.5 430.6 420.9 418.4 416.8 415.3 412.4 406.3 400.3 398.7 402.4 407.4 410.1 410.9 411.9 412.7 409.8 404.8 401.7 395.5 384.4 376.5 371.6 369.2 360.9 347.4 338.6 331 326.7 323.5 317.3 314.1 319.8 319.8 318 315.3 307.1 309.9 314.1 316.5
433.4 435.7 439.6 440.6 438.6 437.4 438.1 431.8 431.7 437.9 442.5 445.9 447.6 450 451.6 451.4 451.2 450.6 452 453.6 456.5 459.8 462.1 465.5 465.8 467.3 468.7 470.7 470.7 471.7 472.5 471.5 468.1 464 459 452.2 448.1 444.7 438.7 431.9 425.4 418.7 413.6 407.4 405 402 406.1 410.4 414.4 415.8 416.2 416.7 417 415.5 411.8 406.5 401 393.3 383.1 376 371.8 368.6 357.5 343.4 336.2 330.6 327.5 321.3 324.1 322.7 323.6 322.9 319.3 316.1 312.4 317 319 321.9
427.4 434.2 438.1 439.4 445.2 448.2 447.9 432.7 443 444.4 443.2 442.5 443.7 444.8 447.2 447.2 445.9 446.6 446.9 451.8 456.5 459.1 461.7 464.6 466.8 468.5 471.3 473.6 475.5 476.2 475.6 473.9 469.7 465.3 459.3 452.6 447.9 445.4 441.4 435.4 426.9 420.8 416.5 412.7 411.6 414 418.4 419.2 419.4 420.8 421.7 422.7 422 420.4 415.6 409.6 403.2 392.9 381.5 376.4 373 367.4 352.6 340.3 331.6 330.3 328.7 328 328.4 327.8 328.5 327.8 322.9 317.9 316.7 323.3 324.7 327.1
426.8 434 442.4 452.5 455.2 453.1 450.2 438.3 438.7 441.9 440.8 439.6 438.9 439.9 441.1 442.1 442.3 444.1 449.7 453.9 456.9 460.8 463.2 465.3 467.7 471.1 474.5 477.4 479.1 478.5 476.9 473.6 469.5 465.1 459.3 452.9 447.7 445.3 443.3 437.1 429.2 426.1 422.3 418.9 419.1 423.7 423.6 424.7 424.9 425.2 427.1 427.2 426.4 424.1 416.5 409 399.3 389.6 378.7 374.8 370.8 365.1 348.6 336.6 332.8 331.6 330.2 333.4 333.8 335.5 334.1 331.5 328.2 322.9 322.8 328.9 331.4 333.3
420.8 433.5 443.3 449.5 453.5 452 449.3 438.7 429 438.4 436.1 434.5 434.3 435 436.3 437.7 442.1 447.9 453.2 456.7 460.2 462.2 464.6 466 469 472.6 474.7 477.4 478.7 477.6 475.5 472.2 468.1 463.9 459.3 453.1 449.1 445.4 442.4 441.6 438.1 431.7 426.8 425.3 426.5 426.2 426 427.1 429.1 431 431.4 431.6 427.6 419.9 414 406.5 395.7 386.6 377.4 372.4 363.1 351.9 343.2 339.7 335.8 330.9 338.2 340.4 341.2 341.1 339.7 337.3 334 328.2 323.4 333.7 336.5 339.3
416.3 427.9 438.5 445.1 449.3 446.3 444.1 441.8 422 431.4 431.8 429.3 429.7 428 434.6 440.4 445.4 451.1 454.7 458.1 463.9 464.8 465.6 467.1 469 471 473.2 475.4 474.8 474.3 472.8 470.4 466.5 463.1 460 454.8 451.3 448.7 446.7 445.2 444.4 440.7 436.6 432 430.4 429.9 432.1 434.2 435.4 434.8 433.6 431.1 423.7 412.3 406.3 397.6 388.7 379 371.5 362.8 351.4 348.2 344.9 342.1 335.3 337.8 345.3 347.9 347.7 346.5 344.9 341.1 336.8 330.9 330.6 339.1 342.1 345.7
411.1 421.6 431.7 435.4 437.7 438 437 436 432.8 416.8 422.4 424.5 420.4 430.6 436.8 442.5 448.9 454.1 457.5 460.3 462.1 465.4 466.2 467.5 467.5 469.1 470.1 470.6 470.8 470.1 469.8 467.7 464.7 462.9 460.5 456.6 454.6 452.4 450.1 449.6 449.1 447.3 444.1 440.9 439.3 438.2 439.3 438.8 438 435.9 432.4 426.7 414.9 403.1 392.5 386.1 377.9 369.6 360.6 354.4 349.4 348.9 343 343 342.8 342.7 350.2 353.2 352.6 351.1 347.9 344.7 338.5 339.7 333.3 344.2 347.8 352.9
412.4 411.7 420.5 426.5 427.5 428.7 431.6 431.9 428.4 424.8 412.8 414.7 425.5 434.3 439.4 445.2 450.8 454.3 457.6 460.3 461.8 463.1 464.1 464.9 464.7 463.7 465.2 466.2 466.5 467.6 466.4 465.3 463.5 462.3 460.5 458.6 456.7 454.4 453.3 453.3 453.2 451.9 449.8 447.2 445.1 443.9 442.2 441.6 438.3 431.3 427.3 418.4 406.3 391.4 381.1 375.6 365.7 360.2 357.7 355.7 354.4 349.8 349.4 349.1 348.7 348.7 355.7 358.4 357.1 354.6 351.4 348.2 341.5 344.1 337.5 346.1 353.1 358.6
418.9 407.5 412 416.3 419 421.1 424.6 426.7 426.3 423.2 413.4 412.2 429.1 436.8 440.8 445.1 448.9 452.8 456.3 458.9 460.4 461 461.8 463 463.3 461.6 459.2 460.2 460.5 461.1 462.3 462.9 462.3 460.8 460.1 458.7 457.2 455.1 455.4 456 456.3 457.2 455.9 452.6 450.4 447.9 444.1 440.8 435.1 427.4 417.8 407.4 395.3 382.4 373.6 368.1 368 363.4 358.9 357.6 353.7 354.9 356.5 355.3 355.1 357.1 360.4 361.9 359.5 358 355 352.8 347.7 347.8 341.9 348.9 356.9 362.7
423.9 416.7 406.9 404.6 408.1 412.8 416.3 421 422.8 420.5 412.7 411.7 429.2 435.8 439 442.9 446.8 450.6 453.8 456 456.8 458.1 458.9 459.3 459.5 458.2 455.2 454 454.4 455.1 457.6 458.3 457.8 458.5 457 456.5 453.9 453.4 454.8 456.3 457.2 457.1 455.7 455.3 452.6 448.4 443.7 438 431.1 418.6 405.5 396.1 383.8 376 377.4 379 376.4 370.2 362.1 358.9 359.1 361.5 364.3 362.4 360.6 360.2 361.9 363.8 364.4 363 359.6 354.9 352.6 353.4 351.2 351.4 360.2 365.9
425.3 419 412.9 407.6 403.2 403.2 408.7 413.6 416.3 408 406.5 414 425.7 431 435.9 439.7 443.3 447.3 450.2 451.8 453 452.1 455 455.6 455.8 454.7 452.3 451.4 450.8 450.6 451.3 452.2 454.1 452.5 452.6 452.2 449.6 450.4 452.6 454.1 455.3 456 456 455.3 451.4 447 441.3 433.8 423.3 408.4 395.8 386.8 379.4 380.8 385.3 386.2 380.6 375.5 368.8 363.9 363 368.3 371.1 369.7 368 370.7 373.1 372.2 369.7 368.7 365.9 359.2 356.3 358.8 354.7 354.3 362.5 368.7
428.9 422.5 415.4 411.7 405.6 400.1 401 406.8 403 409.6 405.4 409.6 421.8 425.9 429.6 435.1 437.9 440.8 443.3 446.5 448.3 448.8 449.9 451.6 450.1 449 448.3 447 446.8 446 446.2 446.7 447.5 446.9 443.8 443.9 444.7 446.6 449 451.3 453.2 453.7 453.5 452.7 450.6 444.6 437.1 429.9 416.5 401.2 392.6 384.9 386.7 393.6 397.9 395.2 390.7 386.5 378.1 373.6 368.6 373.7 376.5 377.3 380.1 381.8 382.4 379.7 376.8 375.4 371.9 366.2 358.9 359.6 356.6 357.2 363.7 370.4
431.5 423.7 418.1 413.3 407.2 402.2 395.9 398.9 403 405.9 403.2 407.4 416.7 420.1 424.2 428 430.6 433.5 436.4 439.5 441.7 445.1 446.7 447.3 446.4 445.3 443.8 442.6 442.3 442.8 441.6 440.8 440 438.4 438.3 439.3 440.2 442.3 445.3 447.5 448.7 448.7 448.2 447 443.7 437.8 430.2 422 410.9 400.5 394.7 397.2 402.8 409 406.7 402.9 398.4 393.8 387.3 380.4 373.3 382 384.3 387.8 389.2 389.1 388.3 385.7 382.8 380.3 378.5 371.4 364.3 361.6 360.6 361.2 363.1 370.6
433.7 424.4 420 415.2 409.3 405.2 400 395.3 396 400.9 399.4 403.1 410.4 412.6 417.6 421.9 424 426.1 429.3 431.9 435.7 438.6 441 442.3 442.4 441.2 440.2 438.9 439.1 438.5 438.5 437.9 436.9 436 435 433.1 435.1 436.8 441.2 442.2 442.5 442.7 442.1 437.7 434 427.8 420.1 412.1 407.5 400.5 406.2 415.6 421.5 418.6 413.5 409.2 404.6 398.2 392.5 383.3 383.4 390 392.1 396 395.7 395.3 394.4 391.8 388.9 385.5 383 379.6 374.3 371.1 368.5 368.3 364.7 372.7
434 425.4 421.4 416.5 411.4 407.2 403.5 399 391.1 390.4 393.5 399.4 399.1 399.7 411.5 416.2 418.7 421.3 423.8 426.9 433.1 436.1 437.8 438.3 437.9 437.6 436.7 437.2 436.9 435.7 434.4 434.1 432.6 431.3 430.6 430.5 430.7 430.2 431 433.4 432.9 434.3 433.4 429.7 424.1 413.8 409.1 407.9 406.2 408.4 423.3 428.6 427.4 424.6 420.3 415.5 409.8 403.4 396.5 391 392.3 395.5 396.6 399.3 400.7 399.8 399.1 397.9 394.9 391.8 389.1 386 382.8 378.3 375.3 374.7 374.9 378.6
432 425.8 422.7 417.8 413 408.9 405.3 401.3 396.8 391.8 389.4 394.9 397 394.8 406 410.9 413.8 417 420 424 430.3 434.7 436 435.7 435.1 435.1 434.7 435.9 435.1 433.9 432.6 430 429 428.7 428.4 428.6 427.5 426.3 424.7 424.8 424.9 424.4 424.3 421.6 420.3 420.3 422 420.1 418.4 427.2 431.5 432.7 432.1 428.9 425.5 421.1 416.5 410.1 400.3 398 399 400.9 401.7 402.3 405.1 404.5 403.7 403.1 402.4 399.4 396.3 393.2 390.4 385.9 381.2 381.4 381.9 381.5
432.3 427.4 423 418.7 414.6 409.8 405.8 400.7 397.3 393.8 388.3 385.6 391 395.5 400.2 407.2 411.6 415.1 418.2 422.2 428.4 432.3 434.6 434.4 435.1 433.7 433.5 433.4 433.2 432 429.9 428.4 427.4 427.1 426.8 426.5 424.6 423.8 423.8 422.7 423.1 424.3 425.6 426.5 429.3 430.8 431.8 433.5 433.8 435.5 436 436.6 435.7 433.3 429.9 425.8 421.5 416.1 404.7 403.3 408.8 408.9 411.2 410.1 410.4 410.5 410.3 408.8 408.4 405.5 403.1 400.3 397.2 393 389.3 388.9 389.7 388.3
433.6 428.1 423.2 418.2 414 410 405.3 399.1 393.7 393.4 390.9 385.8 384 389.7 392 403.1 408.6 411.8 416.7 420.9 426.9 430.2 432.5 434.5 435.4 433.7 433.1 431.9 431.2 429.8 428.3 426.8 425.9 425.3 424.2 423.5 422.3 421.4 422.4 421.3 424.8 424.9 426.9 430 432 433.7 435.3 436.6 437.8 438.9 440.2 439.5 439.5 437.5 434.4 430.6 425.8 414.9 414.3 413.4 415.4 417 419 415.3 415.7 416.3 415.8 416 414 412.4 410.9 408.7 405.7 401.5 399.4 397 397.1 396.7
433.6 428.6 423 417.2 412.2 405 403.4 401.1 397.8 397.1 394.8 389.4 383.7 383.3 385.3 397.6 406.5 411.3 414.5 420.1 425 429.7 432 434.4 435.4 434.6 432.3 432.1 429.9 428.6 427.1 425.6 423.9 423.1 422.3 421.6 420.7 419.1 420 421.9 424.2 426.1 429.4 432.1 434.1 435.9 438 439.9 441.1 441.4 442.2 442.9 442.7 441.5 439.2 433.5 419.5 418.7 422.3 420.7 421.8 423.4 424.2 423.8 418.2 419.7 421.4 424.1 423.2 420.8 419.3 417.2 414.9 412 409.8 407.9 405 404.5
431.5 426.7 421.1 413.9 413.1 411.8 409.4 408.1 403.9 402.7 396.7 390.9 386.7 379.7 382.9 392.4 403.7 409.2 414.4 419.5 424.5 429.5 431.4 433.8 434.8 433.2 432.4 430.5 428.9 427.6 426.2 425 423.7 421.2 420.5 419.8 419.3 417.9 419.9 421.1 422.8 425 428.5 433.4 436.3 438.3 440.7 442.3 444.5 444.1 443.7 445.1 444.6 443.6 441.2 434 423.3 429.7 427.3 426.8 427.8 428.3 429.9 430 421.7 422.5 430.8 434.8 432.9 429.6 429.4 427.2 423.1 422.5 420.7 418.1 415.6 412.7
