UK/data/nt/nt71_OST50GRID_20230518/NT71.asc
ncols 200
nrows 200
xllcorner 370000
yllcorner 610000
cellsize 50
[rows 35 to 69 of 200, columns 0 to 77 of 200]
121.1 121.4 121.5 121.6 129.3 133.5 137.5 142 149 156.7 162.8 170.1 174.3 180 182.1 179.7 173.9 178.1 183.8 187.3 189.8 188.6 186 188.3 188.2 188.5 189.5 189.7 189 186.9 185 193.6 202 207.1 207.2 209 211 213.7 213.9 214.4 221 223.4 224.1 224 224.6 226.4 227 227.4 228.9 231.9 233.8 233.8 237.3 240.6 244.1 246.7 251.4 253.6 254 249.1 253.4 263.9 270.6 270 266.4 266.3 260.3 252.7 246.8 240.1 236.1 234.6 230.6 227.7 223.1 219.2 223.6 229.6
122 121.3 122 122.3 124 128.9 134.6 141.2 148.3 156.8 165 171.1 177.5 182.2 183.7 180.2 176.5 182.4 187.2 189.8 191 190.5 188.8 187.8 187.9 188.4 189.3 189.8 189.7 188.1 187.8 198.1 205.5 208.3 209.1 209.9 211.5 213.8 213.5 215.4 222.1 224.3 224.2 224.1 225.2 228.3 230.5 232 232.7 233.8 235.2 235.3 239.3 243 245 247 249.1 251.8 252.6 248.7 252.9 263 265.3 264.4 261 261.2 253.9 246.3 238.5 232.3 228.1 227.2 221.4 217.2 214.6 215 219.7 225.6
124 121.6 121.5 122.7 122.8 126 134.9 142 149.6 156.7 163 169.4 179.4 183.9 183.3 179.3 178.4 185.3 190.2 192 191.3 191.4 190 188.4 187.8 188.2 188.5 189.1 189 186.4 194 201.8 207.3 209.4 209.6 210.9 212.6 215.6 219.1 221.8 224 224.1 224.1 224.9 226.7 230.9 234.5 236.8 237.7 237.9 237.5 238.1 239.4 242.5 244.2 246.4 248.2 247.8 249 247.4 254.1 262.1 262.1 259.4 254.9 252 247 240.4 235.4 230.3 226.1 224 221.2 217 213.6 212 217 221.6
125.1 123.7 123.2 122.3 123.5 126.1 134.9 142.7 150.5 158.4 163.1 172.2 181.9 184.2 182.1 179.4 181.1 187 191.5 192.8 192.4 191.3 190 188.8 187.5 183.9 185.5 186.1 186.1 190.6 198.2 204.5 208.5 209.7 210.1 212.4 214.9 218.4 223.8 224.7 224.6 224.6 225 226.2 229 232.3 235.1 236.2 236.8 238.2 238.7 238.6 239.7 239.9 241.7 243.4 245 243.5 242.3 246.4 252.7 260.3 258.6 255.5 250.9 244 239.9 237.6 233.1 228.5 225.1 223.9 220.6 217.1 212.7 209.2 211.4 213.7
126.6 124.8 124.4 123.7 122.4 125.6 134.4 142.6 153.2 160.7 170.3 179.1 184.5 185.7 184.8 183.4 183.9 189.2 193.9 193.9 192.3 191.2 190.5 189.2 188.3 186.7 187.8 187 186.3 192.1 201.2 206.8 209.7 210.2 211.7 214.7 216.8 221.3 226.5 225.9 225.4 225.3 225.2 226.9 229.4 228.8 230.8 233.7 235.4 237.1 238.5 239.4 239.1 238.8 239 240.7 241.8 238.4 241.3 245.6 254 256.9 255.2 251.8 246.7 241.1 238.6 236.9 232.3 227.6 225.1 222.9 219.8 215.9 211.9 206.2 205.4 207.4
127.4 124.7 124.3 123.8 122.9 123.8 132.5 144.3 157.1 167.8 176.7 183.2 186.3 185.7 185.5 184.6 187.5 190.2 192.7 195 194.6 193 191.7 190.4 189.8 190 189.5 189.4 188.4 193 202.8 209.2 212.7 214.1 215 217 219 226.3 228.8 227.3 226.6 226.8 226.7 228.5 230.5 230.4 232.3 234.1 235.6 237.2 238.7 238.8 238.5 238.2 237.8 238 236.8 234.1 238.8 244.3 252.3 252.3 250.2 247.4 245 240.7 238.7 236.7 232.1 227.3 225.3 222.6 218.2 214.3 210.4 205.2 201.9 203.9
128 124.6 124.2 123.8 123.6 123.8 132 146 160.1 171 179.7 185 187.4 189.1 189.6 187.3 189.2 192 195 197.9 197.7 196.5 192.8 192.2 192.9 193.3 191.2 191.6 191.3 194.8 203.5 209.6 213.7 216.4 217 221.4 225.2 229.1 229.9 228.2 227.5 228.1 228.4 231.3 232.2 231.9 233.2 234.8 236.5 238 239.2 238.2 237.6 237.3 237.1 236.4 229.8 231 235.9 242.5 248.3 245.6 243.7 244.1 243.3 239.9 238.5 236.9 231.9 227.2 225.4 221.5 217.3 212.4 208.3 202.9 199.4 201.4
127.7 124.5 124.4 123.4 123.3 123.4 130 146.4 161.1 171.8 179.4 184.8 188.3 190.6 190.7 189.2 192.4 195.2 198.8 199.8 199.3 198.8 195 195 196.6 195.6 194.2 194.7 193.1 197 200.9 207.9 214.4 216.4 218.9 223.4 226.3 228.8 229.7 228.9 228.3 228.4 230.6 233.7 233 232.3 233.9 235.6 237.2 238.8 239 237.9 236.6 236 235.7 227.9 226.6 228.9 232.8 241.5 242.9 240.7 241.5 241.8 241.5 240.6 239.5 237.6 232.4 228.1 225.4 221.3 217 211.3 206.3 200 197.3 198.9
127.6 124.9 124.3 124 124.1 124.4 129 145.5 159.4 169.6 176.7 184.5 190.4 191.7 192.3 191.9 195.1 198.4 201.9 201.3 200.8 200.2 199.3 199 201 200.7 199.4 198 198.1 199.9 206.6 212 216.6 219.1 220 224 225.7 224.3 227.4 227.5 229.3 230.2 232.9 234.8 232.1 232.3 234.6 236.3 238 239.6 239.1 237 234.8 235.8 232.7 226.7 223.7 226 229.6 237.6 239.4 238.7 239.7 240.8 240.8 241.5 240.5 237.9 232.7 229.1 224.5 220.2 215.4 209.8 204.4 197.4 196.2 199.1
129.2 126.1 124.9 124.7 124.8 125 126.4 142.8 156.6 165.6 174.4 184.7 191.4 194.1 195.1 195.1 198.3 201.6 203.1 203.1 202.9 202.8 202.4 202.3 205.3 205.9 204.3 201.1 202.1 203.8 211.2 216.4 218.6 220.8 222.6 225.2 226.2 226.5 227.2 228.9 231 233 234.4 233.7 231.5 231.9 234.5 236.7 238.7 241.2 240.1 237.1 233.1 234.7 231.5 223.5 221.6 223.9 226.4 235.3 236.4 237.2 238.4 239.4 240 240.8 241.3 238.1 233 230 225.4 220.4 214.1 208.6 202.1 194.5 194.8 199.3
130.2 126.4 125.5 125.4 125.5 125.5 125.9 139 152.1 162.3 171.4 183.6 192 196.5 199.3 198.3 201.7 204.5 205.4 205.7 205.8 205.8 205.7 205.6 208.8 209.2 207 206 206.6 208.8 214.1 217.9 219.3 221.2 220.1 224.4 227.3 227.9 228.6 229.9 232.1 234.5 234.6 232.8 231 231.2 233.8 236.6 241.1 243.1 241.1 237.5 232.8 233 230 223.9 219.3 221.9 224.6 231.3 233.4 235.8 236.8 237.9 239.1 240.4 240.6 238.3 233.8 230 225.2 220.1 212.7 207.1 200.1 193.4 194.6 199.4
130.6 127.8 125.5 126.4 126.3 126.3 126.3 134.7 148.6 159.7 170.1 183.5 194 199.3 203 202.4 207.2 207.7 208.1 208.3 208.5 208.4 207.5 209.4 209.9 209.5 209.3 209.9 210.8 210.4 214.3 218.6 218.7 219 221.1 223.8 226.1 226.9 227.7 228.8 230.8 232.1 232.2 230.6 230.1 230.7 232.8 235.6 241.5 244 242.6 238.9 234.8 231.7 229.1 222.2 216 220.8 223.5 227.3 232.5 235.7 235.5 235.5 237.2 239.6 239.3 237.3 233.7 229.7 224.4 219.1 210.7 203.7 196 192.7 194.3 200.1
130.9 127.7 126.7 127.5 126.6 127.3 126.3 131.9 146.7 157.3 169.8 185.5 196.7 202.1 205.4 204.6 208.4 210.7 210.8 211 210.2 210.1 210.3 214.2 215.1 214.5 211.7 213 213.1 212.1 211 213.8 215.9 217.7 220.5 222.9 224.7 225.2 225.8 226.8 228.5 229.8 229 227.2 227.5 230.3 233.9 237.1 242.6 245 243.6 239.2 234.8 231.2 227.6 221.4 214.1 219.5 221.6 226.1 231 233.3 232.9 233 235.3 237.7 238 235.7 232.5 228.1 222.3 216.5 208.9 198.8 192 191.5 194.9 200.2
131.6 128 129.7 130.5 129.9 126.7 126.4 129.6 143.4 154.7 166.5 182.9 196.1 205.7 207.2 205.5 205.9 209.5 211.8 212.1 211.3 212.3 213.5 219 217.8 217.6 213.5 211.8 213.4 207.3 206 210.4 213.7 216.6 219.4 222.2 223.1 223.6 224.1 224.9 226.5 226.5 225.9 226.1 229 232.3 236.4 238.7 244.9 246.4 244.4 239.6 233.9 229.5 224.9 218.9 209.3 216.8 219.2 223.2 227.5 227 225.8 226.5 230.9 234 235.1 233.2 230.8 227 221.3 214.6 205.6 195.2 189.9 190.8 194.6 201.2
128.7 132.6 132.3 131.9 132.7 126.7 126.6 126.1 138.4 149.8 161.3 178.3 198.6 206.6 208.6 205.8 202.9 205.9 208 210.6 212.1 215 217.4 222.8 221.1 219.9 212.8 206.4 204.9 202.6 201.7 207.1 211.1 214.9 217.8 220.8 221.4 221.9 222.3 223.1 225.1 223.9 224.6 227.1 230 234.4 237.7 240.5 246.4 246.4 243.9 237.5 232.1 226.6 221.5 215.3 205.2 213 215.9 218.7 220.6 218.5 216.8 218.9 225.5 230.2 230.9 228.2 227.2 225.4 219.7 212.8 203.6 192.2 189.2 189.7 194 200.4
132.5 134.3 135 134.5 135.3 127.6 127.3 127.8 133.2 145.6 157.7 174.7 194.4 205.5 208.3 203 200.6 202.1 203.6 208.5 212.6 218.2 220.3 226 223.1 217.3 207.1 198.8 196.9 195.9 193.9 201.5 208.5 212.9 216.6 219.2 219.4 220 220.5 221.3 223.8 223 223 226.7 231.5 236.2 239.3 242.2 243.5 243.3 239.1 233 227.7 221.7 215.9 209.3 200.8 208.9 210.7 212.1 212.2 209.3 208.2 209.4 217.6 226 225 223.7 224.5 219.9 215.3 209.2 200.6 189.2 187.8 189.3 193.4 199.7
134.2 136.3 136.6 135.8 137 128.1 128.4 129.1 130.8 139.8 153.6 169.2 190.8 202.7 203.2 198.6 196.9 197.1 197.7 203.6 212.8 218.5 221.8 218.1 211.2 206.5 197.8 188.6 187.9 188.2 188.1 196.6 204.3 209.4 212.8 215.3 216.8 217 219 221.3 222.5 220.7 222.4 226.7 231.3 236.7 240.5 241 240.2 238.3 232.9 227.3 221.5 215.6 209.2 203 196.5 203.7 204.2 204.9 203.5 202 201.2 201.1 207.7 216.7 213.9 216.1 218.4 211.8 208.3 199.8 193.3 187.2 187.4 188.5 191.5 198.5
136.3 138 138.2 137.4 137.8 128.6 129.3 130 131.7 133.8 145.8 159.8 180.2 197.8 194.7 190.3 189.4 188.8 189.4 200.5 212.6 216 211.2 201.5 193.6 188 180.8 179.4 180 180.4 184.1 189.8 195.8 202 205.5 208.4 210.9 214.8 219 221.1 220 217.4 220.4 225.9 231.2 238.2 240.7 239.4 236 231.2 224 218.8 213.2 207.2 202.4 196.1 191.6 195.8 200.2 197.1 196.7 195.4 194.4 195.4 195.9 203.3 206.3 210.3 207.6 203.3 196.7 188.1 185.1 186.3 188.3 189.2 190.8 195.6
137.9 139.1 139.6 138.8 138 131.4 129.1 129.8 131 132.8 138.5 147.3 159.5 175.7 182.1 180.3 178.7 178.4 177.9 187.4 194.9 199.9 193.8 188.1 176.9 172.3 170 170.3 174.6 175.7 179.2 183 186.9 191.4 195.3 198.4 207.4 214.9 218.2 218.5 215.9 212.9 217.7 222.9 230.6 237.4 239.3 235.9 230.8 224.1 215 209.2 204.3 198.6 194.8 189.6 187.6 191.1 192.9 191.7 191.6 190.4 190 190.6 188.7 190.2 194.9 195.8 197.4 194 186.3 183.8 186.3 187.8 188.5 190 191.4 193.7
138.9 139.8 139.7 138.7 129.7 130.9 130.2 129.7 130.8 131.6 133.3 139.3 144 152.9 164.8 167.9 168.3 168.3 167.5 171.4 178.4 174.2 157.5 157.1 163.9 157.9 159.4 159 165.1 173.2 175.6 179.1 186.3 184.5 188.4 198.2 207 214.5 217.8 214.5 211.6 207.4 213 217.4 225.3 231.3 231.3 227.6 223.5 217.1 208.5 201.5 196.4 191.8 188.4 184.7 187 189.6 189.6 188.6 188.3 187.6 186.4 187 185.6 184.5 182.7 184.7 182.6 182.6 182.7 185.3 186.8 188.8 189.7 190.1 191.4 193.2
139.4 140.4 140 139.5 130.6 130.3 129.9 129.5 130.3 131.2 132.1 133.3 134 134.8 136.6 150.1 159.5 162.5 151.1 164 164.3 144.2 137.2 139 140.3 143.2 147.5 147.6 154.5 166.2 171 172.5 177.9 178.8 184.9 197.4 205.6 212 216.6 213.4 206 203.9 206.9 211.1 220.2 225.7 225.1 221.9 217.1 209.8 201.2 195.9 190.5 187.5 184.4 181.4 185.1 187.2 186.9 186.1 185.6 184.6 183.5 184 184 183.2 181.8 180.2 181 182.6 184.1 185.9 186.6 190.2 193 192.2 192.8 194.2
140.3 141.1 140.8 139.2 139.8 138.9 130.3 129.6 130.3 131 131.8 132.7 133.5 134.4 134.5 134.9 134.4 135.8 136.7 138.4 138.6 137.1 137.7 138.8 139.8 139.8 140.5 141.5 143.4 150.9 159.4 165.3 170.6 175.3 179.9 194.6 204 209.5 214.8 211.7 201.9 199.1 199.9 206.2 214.8 221.3 220 215.7 208.7 200.8 192.8 187.8 186 183.5 180.5 178.4 183.5 184.7 183.8 183.2 183.3 181.5 181 181.2 181.7 181.3 179 180.9 182.4 184 186.6 189.2 191.2 195.1 198.1 197.2 194.6 195.2
142.1 142.1 141.9 140 139.9 140.4 138.2 129.8 130.2 130.8 131.5 132.3 133.1 134 134.2 134.9 136.3 137.4 137.9 138.1 137.2 137.9 138.7 139.2 139.6 140 140.5 140.8 141.5 141.9 147.8 155.2 163 168.1 175.4 190.3 198.4 202.1 205.9 207.6 196 191.8 192.6 197.7 208.7 214.2 209.6 202.7 198.1 190.5 184.7 182.2 180.7 179.2 177.7 178.6 183.9 184 182.3 180.9 180.4 179.3 178.9 177 177.5 180 183.3 183.8 184.9 187.3 191.1 196.2 199.5 202.9 203.8 202.8 201.3 200.3
143.2 143.6 143.2 141.9 141.2 140.6 139.3 131.2 130.8 131.1 131.5 131.9 132.7 133.7 138 142.3 141.4 143.6 144.8 145.5 147 147.1 152.3 142.7 140.8 140.5 141 140.8 141.1 142.3 143.2 147.2 153.8 164.2 168.8 185.4 189.6 193.5 197.7 201 188.9 186.1 186.9 189.9 198.2 197.4 191 189.8 185.9 181 178.4 176.6 175.6 175.5 173.9 179.1 183.2 182.8 180.2 178.9 178.8 177.6 176.1 178 181.7 183.4 185.3 186.5 188.7 192.4 198.7 203.3 207.2 209.4 209.2 208.4 207.9 206.9
143.7 144.4 144.7 144 143.2 142 140.2 137.9 133.8 131.7 134.1 134.9 132.7 135.9 144 145.2 146.9 149 149.2 149.1 151.8 153.7 153.3 152.1 150.7 145.3 149 142.1 146.4 142.3 143.3 144 148.8 162.2 167.4 175.4 184.5 187.6 187.2 187.6 180.6 180.3 181.7 184.9 186.7 184.6 182.9 182 177.9 174.7 172.7 172.6 172.9 172.2 172.7 178.9 182.4 180.7 177.9 177.2 178.1 174.6 177.3 179.8 183.3 185.8 187.9 189.9 193.4 199.6 206.2 210.8 214.3 215.2 214.9 214.8 214.3 214.1
145.7 146.9 146 145.4 144.1 142.3 140.5 137.7 135.7 131.7 136.3 140.4 143.5 144.6 143.3 147 150.3 152.2 151.9 152.1 153.8 155.4 155.5 154.5 153.6 151.1 156.8 156.5 155.9 146.5 142.9 144.4 147.5 159.5 165.2 171 180.9 183 180.7 175.9 172.1 173.4 175.5 179.6 180.6 177 175.3 164.6 163.2 166 167.9 169 169.8 168.5 172 178.7 181.3 179 176.4 176.3 175.5 174.9 179 181.3 185 188.7 191.5 194.9 199.2 206 213.3 217.9 221.1 221.5 221.4 222.6 221.8 221.4
148.7 149.7 148 146.6 145.3 143 140.2 137.8 135.4 132.1 138.9 142.5 146.2 147.1 144.2 149.4 152.9 155.2 154.9 155.2 156.9 157.8 157.5 156.5 155.4 156.3 157.6 157.2 156.8 156.6 143.2 146.3 148.6 159.3 164.4 167.4 173.8 174.5 170.2 167.8 169.1 167.4 167.8 170.6 169.9 164.4 158.1 158.6 159.2 160 162.9 166.4 166.4 168.8 171.4 178.1 179.9 177.5 174.9 175 171.8 176.9 179.5 183 188.2 191.5 195.3 199.4 204.8 212.2 219.6 224.8 227.5 227.8 228 228.6 228.1 227.9
151.7 151 149.7 148.3 144.7 141.7 138.8 137.5 135.4 133 140.8 145.4 148.9 148.1 148.3 151.8 155.3 156.4 155.6 156.9 160.5 160.7 159.5 158.6 156.8 158.4 159.7 159.4 158.8 158.6 148.4 147.4 148.4 149.9 154 159.1 161.4 161.5 156.8 160.5 153.8 156 156.8 157.1 157.2 157.4 157.7 159.3 159.6 160.5 162.9 164.6 166.5 168.3 170.5 177.1 179.1 176.5 171.7 174.5 177.2 177.8 180.8 185.6 192.3 196.8 201.4 205.4 211.9 220.1 227.4 231.6 234.6 234 233.7 234.3 234.4 233.5
153.7 152.7 151.4 149.2 145.7 141.8 139.5 136.6 133.9 134.3 141.7 146.8 150.1 147.2 151.4 153.6 158 158.2 157.6 160.3 162 161.6 160.8 159.5 159 160.8 161.1 161.4 161.1 160.2 154.7 143.6 145.2 150.3 156.5 160.7 162.9 161.8 165.6 165.6 155 155.8 156.1 156.8 157.1 167 169 167 162 159.3 160.9 163.9 166 165.2 168.2 174.6 172.5 169.9 170.9 177.5 178.1 179.5 183.8 189.7 197.1 203.2 207.7 210.9 218.9 228.3 234.9 239.5 241.5 240.2 238 239.4 239.6 239.4
155.5 154.3 153.1 149.8 146 141.9 138.5 135.7 134.1 136.1 143.2 149.3 151.1 148.2 153.2 157.1 159.6 159.9 160.9 164.1 165 164.4 162.8 161.1 161.9 162.7 163.1 163.9 162.5 160 159.1 152.3 150.5 160.5 163.8 167.2 166.2 165.3 168 170 166.5 164.7 167 171 177.2 175.4 172.6 168.8 161.4 160.4 159.5 160.6 162 163.7 163.1 163.5 166.8 170.9 175.9 179 180.4 182.6 187.4 195.3 203.2 209.6 212.4 217.5 226.5 235.9 242 246.4 248.6 245.8 242.8 244.9 245.3 245.8
157.7 156.2 154.9 150.4 145.9 141.4 139.4 136.9 134 137.9 145.1 151.2 151.3 152 155.7 160.5 161.8 162.1 164.6 167.6 168.4 167.2 165.8 163.8 165.7 165.9 165.6 165.3 163.9 163.1 163.9 163.3 165.3 167.3 170 169.4 168 168.2 169.7 171 168.1 166.3 167.6 171.7 177.9 175.6 172.4 168.9 162.6 160.7 161.4 164.9 166 167.9 170.2 176.2 178.2 177.4 178.6 181.4 182.9 186.3 192.7 201.2 209.9 215.7 219.5 223.6 233.2 243.1 249.2 252.4 255.2 251.4 248.5 249.7 251 252.2
159.7 158.5 155.3 151.1 146.4 142 139.4 136.2 134.9 139.4 146.5 151.5 151.6 154.6 158.9 163.7 164.6 165 167.6 170.3 169.4 169.8 167.5 168 170.3 169.9 170.5 169 165.8 165.7 166.8 168.7 171.3 173.6 173.4 172.9 170 171.5 172.8 172.5 168.8 168.2 169.3 173.2 178.5 175.5 172.2 168.9 160.4 161.5 163 164.7 166.9 168.4 170.9 178.3 179.6 179.2 181.1 184.8 187 191.4 197.4 205.2 215.5 222.5 225.9 232.7 242 250.9 255.7 257.8 260.2 256.9 254.1 254.8 256.9 259.7
162.2 159.3 155.5 151 145.6 141.6 139.1 134.6 135.3 140.9 146.7 151.2 152.5 156 161.8 166.5 167.6 168.1 170.8 171.7 171.4 170.7 169.2 171.4 173.8 174.4 174.4 173 169 171.6 173.2 175.2 177.8 178.9 177.3 176.5 173.2 174.9 176.2 175.3 171.4 170.6 171.6 175.6 179.2 175.7 172.3 169 162.3 164.8 164.8 165.7 167.5 169.1 172.7 179.2 180.8 182.1 184.7 188.9 192.9 197.1 203.1 211.7 220.8 228.6 234.3 240.7 251.1 257.2 261.5 263 264.4 262.5 260 262.2 264.6 266.1
161.7 158.5 155.3 150.5 144.9 140.5 137.3 135.4 135.6 140.1 146.4 150.9 153 157 164.5 169.2 170 172.9 175.3 175.2 174.5 173.7 172 175.2 178.6 179.2 178.2 175 172.7 175.6 177.6 180.3 183 182.5 181.4 179.6 176.4 178.6 180 178.9 174.8 173.5 175.2 179.3 179.6 176.6 172.4 166.7 163.5 167.6 166.4 166.8 168.1 169.6 173.6 179.2 182.2 184.9 189 193.5 197.3 203.1 209.3 217.6 228.7 236.2 242.9 249.7 257 263.1 265.9 268.9 270.4 267.9 265.7 269.4 269 271.9
159.9 158.2 154.8 149.9 144.1 140.2 135.7 135.8 136.4 139.2 145.8 151.3 152.8 158.5 166.1 172 173.3 177.5 178.4 178.9 178.2 175.5 175.6 179.3 182.6 184 182.2 178.8 177.7 179.8 182.2 186.1 188.8 186.4 184.9 183.1 180.5 181.3 183.9 182.6 177.5 177.3 179.4 181.7 182.8 177.1 172.5 166 162.5 169.5 168.5 168.3 169.7 171.1 174.5 179.6 184.3 187.5 192.9 198 201.4 206.7 213.3 221.9 233.6 244.4 251.4 256.7 262.2 266.4 270 272.5 277.5 273.6 271.5 274.6 274.5 276.9
