WholeMapElevations/data/nt/nt35_OST50GRID_20230518/NT35.asc
ncols 200
nrows 200
xllcorner 330000
yllcorner 650000
cellsize 50
[rows 0 to 34 of 200, columns 78 to 155 of 200]
165.6 164.4 164.2 162.6 158.8 156.9 155.3 153.5 153.3 152.1 153 151.9 151.5 150 149.1 149.7 155.9 160.8 160 159.6 158.6 154.7 152.4 152.4 152 151.3 150.3 146.9 143.4 142.9 148.1 156.2 162.5 169.8 169.8 173.1 175.9 178.2 181.4 183.1 185.1 188.3 189.7 191 192.1 191.3 189.1 187.9 185.7 180.6 178.1 177.9 171 165.9 160 156.5 156.6 153.2 153.3 153.4 153.8 154.6 156.5 160.5 165.7 172.4 182 191.3 196.4 194.9 188.9 175.6 165.2 172.5 177.8 180.7 188.3 195.6
166.4 163.5 160.1 156.5 153.2 151.9 151.6 150.8 150.5 150.3 150.2 149.7 149.5 149.6 153.1 159.2 165.4 167.9 167.5 166.3 165.1 162.2 157 153 152.6 152.4 151.2 149.7 146.4 143.5 144.7 149.1 159.9 161.6 167.1 167.2 170 173 175.6 178.4 181.7 184.2 185.3 186.2 186.3 185.6 183.9 181.7 177.9 176.6 174.8 169.7 161.5 157.2 154 153.6 152.7 152.8 153 153.5 153.9 154.6 156.1 159.6 165.6 175.4 185.9 195.1 196.3 192.9 177.8 162 156.9 160.9 174.4 189.1 199.7 203
161.2 157.2 154 152.8 152.5 152 152.2 152.9 154.1 155.2 155.7 156 154 157.6 162.7 166.7 168.9 170.1 170.7 171.2 171.4 169.4 164.3 159.4 155.2 153.3 152.4 150.9 148.7 145.5 143.9 144.6 149.8 156 160.9 162.3 164.6 167.2 169.7 172.8 175.5 178.1 180.3 181.5 181.1 180.6 178.8 173.7 175.6 171.7 163 156.3 150.5 150.7 151.2 151.9 152.4 152.6 152.8 153.3 153.8 154.3 155 156.1 162.1 177.7 190.1 197.5 194.7 180.3 164 156.2 158.2 173.9 189 201 212.2 211.6
155.1 153.8 152.8 153.1 153.6 154 155 157.4 159 161.1 162.6 163.7 164.2 166.8 168.7 170.4 171.4 172.1 172.7 173.1 173.4 172.9 169.2 165.5 157.8 154.3 154 150.6 149.7 149.3 146.8 144.5 145.4 147.1 151.4 155.4 160.2 162.1 163.8 166.6 168.7 171.3 173.3 175.2 173.8 172.3 171.9 167.7 165 158 151.8 151.2 150.7 150.8 151 151.7 152.2 152.4 152.6 152.3 153.7 154.1 154.6 155.7 159.2 170.8 187.7 188.2 180.7 166.1 156.7 156.5 171.6 187.6 201.3 213.8 225.9 217.9
154.5 155.9 156.5 157.4 158.5 160.3 161.4 163 165.1 167.3 168.9 170.2 170.7 171.5 171.8 172.6 173.3 174 174.4 174.8 175 174.1 169.5 167.5 165.2 163.7 159 154 151.7 150.9 150.4 147.7 144.8 145.2 146.1 148.9 151.1 153.6 155.6 160.5 164.7 166.6 166.2 164.5 161.7 159.8 158.4 154.2 150.5 150 149.5 149.8 150.9 150.4 151.6 150.9 152.3 151.6 153.2 153.8 154.5 155.7 155.4 154.9 157.6 161.4 173.7 170.8 162 158.1 157.3 169.5 185.5 200.8 209.8 226.4 228 224.9
159 161.6 164.1 165.6 167.2 168.9 169.7 169.1 170.6 172.9 174.1 175.5 175.7 174.7 174.8 174.9 175.3 175.7 175.9 176.3 175.4 171.4 168 169.5 170.2 169.4 165.5 158.9 159.1 157.4 152.8 151.3 149.4 145.5 145.5 146.1 146.7 148.1 149.8 150.1 150.6 149.2 148.6 148.3 148.9 148.2 149.3 149.4 149.8 150 150.6 151 151.2 151.5 151.8 152.1 152.2 152.8 154 157.3 164.1 168.4 166.3 156.1 156.7 159.3 160.9 160.7 159.3 159.4 168.1 183.7 199.3 209.2 224.9 229.1 228.5 228.2
166.1 168.8 170.7 172 172.9 173.5 174.5 174.6 175.5 176.9 178.4 179.4 180.2 179.1 177.8 177.6 177.6 177.3 177.3 176.6 174.6 169.3 172.3 172.8 172.2 171.1 167.4 167.8 168.5 169.7 164.6 157.2 152.7 149.6 147.1 144.6 146.1 146.6 146.8 147.4 147.9 147.8 148 148.6 148.8 148.6 149.2 149.1 149.5 150.1 150.5 151.1 151.5 152 152.3 152.3 152.6 154.1 161.2 168.8 169.5 161.8 159.8 163.4 158.5 159.2 159.9 160.6 159.9 167.7 183.6 197.2 205.3 217 227.9 228.8 229 228.6
172.5 173.4 174.5 175.6 176.2 177.1 177.7 178.4 179.4 180.8 182.4 182.9 183.3 182.4 181.4 180.3 179.5 178.8 177.9 176.8 174.3 172.4 175.7 175.9 174.9 173.6 168.8 180.4 179.7 177.8 164.7 158.1 165.9 162.7 156.6 151.7 148.3 148.1 146.9 146.7 145.9 147.9 146.7 148.9 149.1 149.1 149.5 149.7 150.6 150.3 150.9 151.9 152.3 153.7 157.3 160.1 161.7 160.9 169.5 170.1 170.6 159.7 169.7 175 172.4 164.6 160 160.1 164.3 179.8 198.3 204.4 210.5 221.5 228.8 227.9 228.1 227.6
175.1 176.2 177.3 178.5 179.7 180.9 181.7 182.7 183.4 184.2 184.9 185.5 185.9 185.7 184.5 182.9 181.9 179.9 178.2 176.3 174.1 175.5 178.3 180.4 178.2 176.1 176.6 184.2 186.6 175.2 162.4 168.9 173.8 171.2 169.5 165.1 160.8 158.7 159.1 158.4 156.6 158 158.2 157.8 157.6 158.1 158.6 158.5 159 159.3 158.9 160.1 162.4 164.6 172.1 171 163.7 167 172.3 171 161.6 167.3 176.8 183.1 189 189.5 178.1 169 166.9 181.3 196.7 206 214.2 222.5 227 225.3 222.2 222
177.5 178.9 180.4 182.3 183.5 184.7 185.7 186.5 186.7 186.8 187 187.5 187.9 189.5 188.3 186.4 185.2 181 178.8 176.9 174.9 177.4 179.3 179.4 177 174.6 179 187.3 186.7 171.4 166.6 169.9 176.6 178.4 176.4 180.6 175.9 171.1 174.5 172.3 170.8 172 174.1 175 173.5 172.3 171.1 172.4 176.3 176.9 175 175.5 176.8 176.6 179.4 173.7 167.2 172.7 173 164.3 166.8 175.5 182.2 188.7 194.4 195.8 197.3 185.5 175.3 176.8 187.8 196.3 204.5 208.3 209 208 204.6 208.4
180.6 181.7 183.5 185.5 187.1 188 188.8 189.3 189.2 189 189 189.3 190.3 191.9 191.8 189.2 186.5 183.5 179.5 176.8 177.1 177.8 178.4 176.9 174.9 175 180.1 184 180.6 175.7 171.9 170.8 175.2 181.5 182.7 185.5 183.8 187.1 190.7 186.3 184.5 190.4 191.5 195.3 193 195.7 190.6 192.4 194.3 193.2 191.5 186 184.2 183 176.4 167.6 166 168.3 163.8 167.5 178.9 184.5 188.5 192 195.3 198.1 199.2 197.4 188.3 183 181.2 182.6 186.2 188.5 188.4 189 197.7 192.8
183.4 183.9 185.8 188.1 189.7 190.8 191.7 191.3 191.2 190.8 191.1 191.1 191 193.1 192.1 189.1 186 184.3 180.4 178.8 178.6 179 178.6 177.9 176.7 176.9 179.5 183.7 181.6 181.4 177.5 174.6 175.8 180.2 184.9 187.5 190.1 195 200 195.8 195.2 198.7 197.9 204.1 202.8 200.9 198.1 197.1 194.8 193.8 193 188.9 187.3 178.4 166.9 165.9 165.4 163.3 168.6 178.7 189 194.3 197.2 198.4 199.2 200.3 203 204.4 199 197.7 196.9 197.5 199.3 201.4 203.3 208.5 218.9 212.7
185 185.5 187.8 190.1 192.1 193.5 193.9 193.3 192.9 192.3 193.2 192.7 191.7 193.1 192.6 190.5 187.4 184.1 183.1 182.7 180.8 180.1 180.1 179.8 178.4 179.5 182.6 185.9 187.1 187.1 183.7 179.6 180.4 181.2 182.9 188.2 192.2 196.5 201.5 204 203 196.5 195.6 204.5 205.5 204.6 201.4 197.7 195 193 189.9 184.3 178.4 167.4 166.8 168.9 171.2 173.9 178.8 185.8 195.9 202.6 206.7 209.6 209 208 209.3 210.9 209.1 211.7 212.6 212 212.2 213.7 217.2 224.5 227.8 220.4
187.2 187.1 189.7 192.1 194.1 195.4 195.3 194.1 193.2 192.6 192.1 192.2 191.2 191.9 191.6 189.4 185.8 186 186.6 185 182.5 182.2 182.8 183.1 182.6 181.4 185.6 189.9 190.1 190.9 188.4 185.4 186.9 185.3 183.7 188.3 193 197.7 204.7 209.2 202.1 194.7 195.8 202.6 204.1 203.8 199.9 197.3 194.5 192.9 190.8 182.6 168.2 170.4 173.1 175.2 177.2 179.9 182.6 186.7 197.6 207.9 214.1 221.4 220.5 218.9 217 217.5 218.1 219.7 221 220 219.9 222.3 224.9 228.2 228.9 220.2
187.8 188.8 191.3 193.9 195.9 196.3 195 193.7 192.6 191.7 191.5 191.6 192.1 191.5 191.1 191 190.7 189.1 187.4 186.6 185.4 185.4 186.2 186.8 185.4 183.3 188 190.9 191.4 192.6 189.9 192.3 192.8 189.9 187.4 189.7 195.7 201.8 205.8 206.9 198.2 198.4 201 202.8 201.8 200.5 197.1 195.6 195 193.8 184.9 170.4 172 176 180.3 185.1 188.3 193.2 186.1 187.7 196.9 210.9 218 223.6 226.8 223.7 221.9 223.9 226 226.3 225 224.7 225.1 225.5 224.8 228.7 228.9 216.4
190.3 192.1 194.6 196.3 196.8 195.8 194.3 193.5 192.5 192.6 193.6 193.5 194.3 194.8 195 194.7 194.4 193.2 192.2 190.6 189 188.4 189.6 189.8 187.4 188 191.4 193 194.7 195.2 195.1 195.8 195.9 195.6 193 192.4 197.2 204.1 208.9 208 202.7 202.2 201.8 200.4 198.7 198.1 196.3 196.8 196.5 191.6 176.6 174.8 178.7 184.3 191.8 192.6 194.5 198.5 194.1 191.2 195.5 209 222.8 228.9 230.5 227.2 226.3 228 231.1 229.5 227.4 226.1 227.3 226.3 223.9 227.3 228.8 213.4
193.2 195.9 198.9 198.3 196.3 195.2 193.8 193 193.6 194.6 196 195.8 196.4 199 199.1 198.8 198 197.3 196.7 194.6 192.8 191.6 192.7 192.9 190.9 192.1 194.6 197.1 201.9 202.2 199.3 200.8 200.8 199.1 195.6 195.5 199.8 204.5 208.6 209.2 204.6 203.4 202.3 200.5 198.1 197.3 196.7 195.4 185.9 174.9 172.9 181.5 184.8 190.2 197.7 200.4 198.4 204.8 199.6 194.5 196.8 207 219.3 230.8 233.3 231.3 230.7 230.3 231.4 230.5 229.1 227.9 227.9 225.9 225.1 226.2 227.9 214.9
196.8 199 200.7 197.9 195.3 194 193.6 194.9 196 197.6 198.2 198.1 198.1 201.5 203 202.4 201.6 200.9 199.8 197.7 196.2 193.8 194.2 193 191.2 192.7 196.9 201.4 208.2 208 205.6 199.8 201.3 198.5 195.8 198.2 201.8 203.3 207.1 207 204.2 203.5 202.1 200.8 199.7 199 196.9 179.5 175.4 178 184.1 194.4 195.6 196.9 202.2 207.1 206.5 213.6 204.9 199.5 200.8 208.3 218.8 231.2 234.3 233.3 231.9 231.3 231.1 231.1 231.1 229.5 226.6 222.5 217.6 224.3 221.9 202.5
196.1 197 197.8 196.1 194.2 193.7 194.7 197.6 199.5 200.7 201.1 200.8 200.1 200.5 200.6 202.5 204.5 202.7 199.6 197.3 196.4 195.5 195.1 194.1 192.8 196.1 200.8 203.4 209.5 207 205.1 204.5 200.1 200.1 199.5 203.3 202.4 203 205.1 204.3 203 202.8 202.9 202 202.1 201.7 183.7 179.1 181 187.1 195.2 200.1 198.6 200.9 209.8 222 213.8 218.2 211.5 204.2 205 212 225.2 233.1 234.3 234.3 233 232.8 231.4 231.3 231.4 229.5 219.7 206.6 203.2 202.9 205 219.6
194.1 194.6 195.4 195.1 195.5 196.9 198.7 200.9 202.5 203.7 204.2 205.4 205.7 205.7 203.3 200.7 201.7 201.8 201.3 201.5 201.4 199.5 198.1 196.6 196.8 200.7 202.6 204.6 209.8 208.9 210 210.3 206.3 202.6 203 203.6 204.4 203.4 201.6 201 199.7 194.4 184.4 185.3 181.2 180.9 183 185.9 184 197.1 198.7 200.5 202.1 206 215.1 229.8 229.4 226.7 217.3 210.4 209.7 218.7 230.2 233.6 233.8 233.9 234.3 234 231.9 231.8 230.6 225.6 206.3 210.8 214.4 218.6 226 228.8
195.7 196.3 196.7 197.5 198.7 200.2 201.8 204.1 205.5 206.5 207.8 209.6 211.7 214.1 213.1 206.3 205.1 206.4 207.2 209.6 206.8 204.1 201.7 199 203 205.8 204.9 205.6 207.9 209.3 213.4 215.1 212.4 206.2 204.8 204.5 204.1 201.8 200 199.7 191.9 191.9 197.1 190.9 190.3 192.7 195.8 196.2 193.8 189.5 199.8 204.2 210.3 218.7 227.3 235.2 232.7 229.1 226.8 224 221.9 227.4 232.2 233.2 233.2 233.2 233.3 233.2 232.1 231.9 230.4 221.5 206.2 216.4 221.5 225.5 229.8 231.4
197.7 198.3 198.9 200 201.1 202.9 205 207.5 208.6 210 211.9 213.8 215 216.3 215.1 212.3 212 212.2 214 216.1 211.5 207.3 204.6 201.2 203.6 206.2 205.1 205 204.7 203.4 210.5 214.1 214 209.1 204 203.2 202.1 200.8 199.6 191.9 196.1 199.1 199.9 199.6 200.4 203 202.8 203.5 202.9 198.4 198.9 212.3 221.8 229 233.6 236.1 231.7 229.5 229 228.3 227.2 227.5 229.1 230.8 232.4 232.6 232.6 232.1 231.5 230.8 230 216.8 211.5 212.8 226.8 229.6 230.6 232.4
199.6 200.3 201.1 202.3 203.6 205.3 208.1 211.8 215 215 215.6 215.9 215.6 215.3 215.5 216.9 218.5 219.2 220.6 220.4 215.2 210.7 208.3 205.1 202.9 203.6 203.6 203 202.9 203.9 206.5 212.1 212.9 207 203.6 201.4 201.8 200.5 197.6 198.9 201.1 201.8 203.1 203.4 211 215.4 216.5 217.3 211.2 204.7 196.1 210.4 223.7 231.3 235.3 235.7 230 229.3 229.3 228.5 227.8 227.6 228.2 229.4 231.3 233.1 233.5 232.3 231.7 230.6 228.5 212.5 221.9 227.1 223.7 230.7 232 234.6
201.4 202.2 203.2 204.3 206.6 209.6 213.6 217.7 219.9 218.1 217.3 217.8 218.4 219.4 220.3 221.2 223.4 225.6 225.5 226 225.2 219.4 214.7 209.8 205.2 204.4 204.1 201.9 201.9 206 209.8 217.7 216.6 205.9 202.5 201.7 201.7 200.2 196.1 202.6 203.3 204 205.8 207.1 215.8 225.8 228 226.2 217.1 211.3 209.3 203.6 223.2 230.5 233 232.4 229.2 229.1 228.5 227.7 228.2 228.4 228.7 229.4 229.5 230.2 230.5 230.7 231.4 229.2 222 216.2 229.4 231 228.1 228.7 233.9 237
203.5 205.5 206.3 208.2 211.4 214.7 218.2 220.5 219.6 218.5 219.9 221.2 221.6 223.9 227.2 226.6 227.8 231.1 231.7 230.4 227.3 223.6 220 216.7 210.8 206.5 207.2 203.6 201.9 203.4 213.9 221.2 217.7 205.7 202.2 202 201.5 200.4 202 205 205.7 208.1 210.2 209.9 213.9 222.9 227.5 226.3 223 220.4 218.3 201.6 216.9 228.7 230.5 228.7 228.4 228.8 228.5 228.3 228.8 229 229.2 229.8 230.2 229.9 229.6 229.9 230.1 229.1 216.3 223.9 229.9 231.6 231.7 227.9 235.4 238.9
206.2 208.2 210.2 212.4 215.8 218.7 221.9 222.4 222.6 225.1 226.9 227.4 227.5 228.4 233.3 236.1 239.8 240.9 235.6 231.2 226.5 222.5 219.4 216.6 213.3 212 211.8 210 203.5 203.5 215.6 219.2 211.7 204.6 202.3 202.5 198.6 197.3 202.5 205.6 210.9 212.4 211.9 210.6 213.3 221.9 225.8 226.4 225.8 226.3 223.7 205 213.4 226.9 228.9 227.9 228.1 228.4 228.5 228.8 229.3 229.5 229.7 230.3 230.6 230.3 230.7 230.9 230.4 218 223.3 229.6 232.2 234.6 234.8 227.7 236.2 240.4
209.5 211.7 213.7 216 220.7 224.2 226.3 228.3 230.3 232.1 234.2 236.3 238 240 244.3 247 249.4 246.4 239.4 233.8 228.3 224.6 221 217.4 214.4 214.5 213.4 212.7 211 208.5 216.4 213.2 207.4 202.9 202.7 200.7 197.5 201.2 206.4 212.8 212.7 211.1 212.7 212.3 214.9 220 224.7 226.6 226.1 227.5 225.6 211.3 215.3 228 228.1 227.9 228 228 228.5 229.1 229.9 230 230.2 230.7 231.1 231.6 231.2 230.6 218.5 221.2 227.7 232.8 235.9 237.6 238.5 236.2 236.5 240.2
212.7 215.9 219.9 221.5 225.2 228.8 231.4 233.6 236.1 238.3 240.4 242.5 244.8 246.8 247.1 247.7 249.1 246.4 241 235.8 230.6 226.4 222.9 219.5 216.4 216.2 215.5 214.8 214.6 213.8 214.2 210.1 205.2 203.4 202.5 200.2 200.2 205.3 211.6 214.2 214 212.9 212 214.5 218.9 220.7 223.4 226.5 226.6 227.2 225.9 217.7 216.9 228.4 229.4 229.1 229 229.2 229.4 230.1 231 231.2 231.4 231.4 232 231.7 230.5 217.7 223.7 231.7 235 236.5 238.5 240.3 241.2 239.1 238.3 239.8
219.1 221.6 224.7 226.3 229.5 233 235.6 238.2 240.5 242.9 244.8 245.8 246.5 246.9 245.7 246.8 248.1 246.4 242.4 237.6 232.9 228.2 224.8 221.8 222 222 220.3 218.2 215 213.5 211.7 208.2 204.6 203.2 202.1 198.4 203.8 211 213.6 213.8 213.5 212.8 212.8 214.3 217.5 221.1 224.3 226.2 227.1 226.6 224.6 224.9 226.1 228.7 229.7 229.9 230.1 230.2 231.6 231.7 231.9 232.3 232.7 231.8 232.1 230.5 222.1 222.7 232.4 237.3 238.4 239.1 241 242.5 243.2 241.5 242.8 244.7
224 225.6 228.7 230.8 233.7 235.8 238.6 241.6 244.5 246.7 248.3 249.6 249.8 248.6 248 248.4 249.7 248 243.6 238.9 234.1 229.6 227 225.5 228.8 227.8 226.4 225.1 224 219.2 217.9 211.2 204.1 203.2 202.3 202.2 206.3 212.1 213 213.3 214 215.1 216.9 218.3 220.2 221.1 223.3 224.3 225.2 226.2 226.3 219.5 220.9 230 231.5 229.8 227.5 227.5 229.3 232.4 228.8 232.8 232.8 231.8 229.1 224.6 222.2 231 238.1 241.1 240.5 241.6 243.1 244.7 245.6 244.3 245.3 247.1
227 229.3 231.9 234.5 236.6 239.6 241.8 244.9 247.7 249.8 251.9 253.4 253.4 251.5 249.9 250.6 251.3 249.4 244.9 240.2 235.6 232.5 229.5 228.9 228 228 228 227.9 226.7 224.7 219.1 208.2 203.8 203.3 201.7 204.6 210.9 214.5 215.1 217.1 218.4 219.6 220.6 221.4 221.7 222.2 222.6 222.7 223.6 224.2 224.5 218.3 221.7 229.4 230.7 230.4 230.7 230.5 229.9 228.8 228.3 228.5 228.8 228.9 228.3 226.9 229.1 234.3 241.1 243.1 242.9 243.8 245.4 246.8 247.3 246.3 247.2 248.8
229.8 232.1 234.6 237.1 239.7 242.3 245.2 248.2 250.7 253 255.1 256.7 256.9 254.8 251.7 251.7 251.9 250.4 246 241.6 237.4 234.5 237.8 228.8 228.9 228 228 227.8 226.5 226.6 219 207.3 203.9 203.6 205.1 214.8 215.5 231.2 225.8 221.6 222.9 223.6 223.5 223 223.1 223.6 224.1 224.1 223.6 223.5 222.6 219.2 222.3 227 227.8 228.6 229.4 229.5 229.1 228.9 229.2 229.4 230.1 228.6 223.2 226.5 233.2 237.1 239.3 239.1 243.2 245.5 247.2 248.2 248.8 248.2 249.2 250.5
232.7 235 237.3 239.8 242.5 245.5 248.5 251.4 253.8 256.2 258.2 260.1 260 257.5 253.9 252.5 252.7 250.5 246.7 242.2 238.6 236.5 238.4 228.8 228.8 228.8 224.3 227.7 226.8 227.2 215 204 203.7 202.9 208.4 216.6 226.1 231.2 228.8 225.6 226.1 226.5 225.6 224.7 225 225.4 225.8 225.4 225 224.4 222.8 221.7 223.1 225.4 227.7 228.3 229.2 229.8 229.7 229.3 229.8 230.5 230.4 228.1 222.1 226.9 233.1 237.9 241.1 243 244.5 246.9 248.9 248 249.8 250.1 251.1 252.4
235.6 238 240.4 242.9 245.6 248.7 251.7 254.6 257.1 259.2 261.2 263.1 263 260.6 256.6 254.5 253.8 250.6 246.9 242.8 239.1 237.7 237.1 231.5 228.8 228.8 224.2 221.8 221.8 221.6 209 204 204.9 207.5 213.4 218.8 232.9 231.5 229.9 228.1 227.6 228.2 227.6 227.2 227.7 228.1 228.2 227.8 227.4 226.1 224.3 224.7 226.4 227.9 229.3 229.9 230.3 230.9 231.1 230.6 230.8 230.9 230.4 226.9 222.3 227 232.7 237.5 240.7 242.8 244.9 247.8 250.3 251.2 251.6 252.4 253.3 254.1
239.7 241.5 243.6 246.3 249 251.9 254.7 257.4 260.1 262.3 264.3 266.3 266 263.1 258.6 256.1 255 251.2 247 243 239.8 237.9 234.8 235.4 228.9 227 224.6 220.7 218 208.4 205.6 205.8 207.6 212.5 218.7 226.3 232 231.9 231.5 230.3 228.7 228.9 229.4 229.1 229.4 229.5 229.2 229.1 228.9 227.4 226.3 228 229.8 230.7 231.4 231.6 231.3 231.9 232.3 231.9 231.5 231.5 230.8 226 222.6 228.6 233.7 237.9 241.1 243.6 246.1 249.1 251.3 252.6 253.2 253.8 254.6 255.4
