UK/data/nz/nz44_OST50GRID_20230518/NZ44.asc
ncols 200
nrows 200
xllcorner 440000
yllcorner 540000
cellsize 50
[rows 111 to 147 of 200, columns 0 to 82 of 200]
127.7 124.8 123.6 121.1 120.4 120.9 120.6 119.4 118.2 117.4 116.6 116 115.2 112.4 110.4 108.6 107.5 105.1 99.4 102.4 102.9 101.7 95.8 91.2 88.8 88.1 86.2 85.9 87.6 90.4 91.8 95.8 104.6 105.3 106.4 107.4 108.6 109.6 110.2 110.6 109.9 110.6 111.3 111.9 111.8 111.6 110.9 111.7 110.3 109.3 108.1 107.2 108 107.2 107.5 108.6 109.7 111.3 113.8 116.5 117.3 117 115.6 112.4 109.9 106.3 100 96.1 89.6 85.4 82.8 79.5 69.9 78 77.4 77.2 73.2 75.4 72.4 65.1 52.1 56.5 49.7
127 123.3 121.5 120.4 118.6 119.2 118.8 117.4 116.3 115.6 114.7 114.1 112.2 109.6 107.6 106.5 105.5 104.9 101 104.9 103.4 98.7 90.4 90.9 90.3 89.1 89.2 91.5 93.3 95.8 96.9 103.1 106.1 106.8 108.9 109.5 110.4 111 111.5 111.4 111.3 111.3 112 112 111.8 111.1 111.4 112.2 111.5 111.1 110.3 109.2 108.5 108.8 109.1 110.3 110.8 111.1 113.4 116 117.1 116.8 115.2 113.1 110.3 107.7 104.6 100.6 97 91.2 82.8 80.7 74.8 67.8 70.6 73.8 69.9 70.4 69.9 65.3 52.5 57.9 53.6
126.1 123.1 121.1 118.4 117.2 116.9 116.2 114.9 113.9 113.6 112.8 111.3 109.9 107 104.9 104.7 102 105.4 104.8 104.9 102.4 96.4 93.8 94 91.3 92 95.5 97.2 99.5 102.8 104.1 105.7 107.8 109.2 111 111.5 110.9 111.1 111.4 111.7 111.9 112.1 111.9 111.8 111.6 111.7 111.8 112.7 112.9 112.8 112.1 111.8 112.1 112.1 110.8 111.1 111.6 111.8 113 115.1 114.7 114.7 113.4 111.7 110.5 107.9 105.2 101.7 98.6 95.4 88.5 78.2 74.1 69.2 64.3 66.7 67.3 64.9 62.8 60.9 54.7 57.8 54.3
124.3 121.7 121.1 119.2 116.4 114.9 113.4 111.9 110.2 110.4 110.8 110.4 108.4 105 102.7 103.4 103.5 106.7 105.3 100.7 96.5 94.5 99.4 96.5 93.1 96 100.1 103.2 105.5 106.5 108.2 110.1 111.4 112 112.8 112.6 111.5 109.8 109.7 109.9 110.6 111.1 110.6 110.5 110.5 111 111.5 112.7 113.7 114 114.5 114.5 115.2 114.5 111.3 110.5 110.8 111.2 111.6 111.3 110.9 109.4 108.8 107.8 108.6 107.3 104.4 101.6 98.9 96.6 89.6 81.3 73.1 68.3 64.4 62.3 63.9 61.9 59.4 57.2 54.7 57.8 55.8
123.6 120.9 118.5 118.1 117.2 114.1 111.6 110 111.3 110.5 109.8 109.9 106.1 105.2 106.3 105.6 107.3 107.7 103.6 96.3 101.2 103.8 102.3 99.1 95.5 98.9 102.9 106.5 108.6 110.3 112.1 113.1 113.4 113.6 113.4 113 110.5 108.2 107.2 107.5 108 109.3 109.2 109 108.8 109.3 110.2 111.6 114.1 115.4 116.2 116.8 116.1 115.2 113.5 107.2 106.6 109.2 107.2 106.2 106.3 104.9 103.9 106 106.6 105.3 103.2 100.3 98.5 95.3 91.5 77.3 72.2 68.4 64.6 61.8 60.8 59.3 57.3 56.5 55.5 57.3 56.8
122.3 120 118.2 117.1 116.2 114.7 111.5 112.3 112.3 110.5 107.8 106.5 108.1 108.9 108.1 107.9 107.7 108.3 100.7 102 105.9 107.2 104.9 101.9 98.3 101.3 104.6 108.2 110.5 111.9 113.1 114 114.5 114.5 114.1 111.3 109 106.6 105.8 105.1 105.7 107.2 108.3 108.3 107.2 107.6 108.8 110.6 114.6 116.5 116.6 116.2 115.6 114.5 112.9 106.8 102.6 102.1 103 103.1 102.2 101.5 100.9 101.8 103.8 102.9 101.5 99.2 96.8 96.5 91.1 75.6 71.4 68.2 64.3 61.4 60.2 58.7 56.4 54.7 53.4 55.8 56.3
120.8 118.3 114.7 113.1 112.8 112 110.7 111.9 113.2 110.9 108 107.7 110.2 111.2 110.4 109.5 108.8 107.1 98.6 106.5 107.8 108.6 107.4 104.8 101.1 102.8 104.6 109.1 112.4 113.5 113.6 114.4 114.5 114.6 113.7 111.3 108.2 106.3 104.4 103.8 104.3 105.4 106.7 106.1 105.1 105.7 106.6 109.3 113.9 117.2 116.7 116.5 115.5 113.8 109.7 104.3 102.3 100.8 101.3 101.7 100.1 99.4 99.6 99.5 100.5 99.8 98.5 97 95.4 92.4 88.1 74.5 70.2 67.6 64.3 60.9 59.6 58 56 54.3 52 52.8 55
119.1 117 114.3 112.7 111.8 111.2 111.4 112.6 113.1 112.8 109.7 110.8 112.5 113.5 112.5 111.1 109.6 108.3 102.3 106.9 108.3 109.1 108.4 106.7 102.7 102.7 104.5 109.1 113.5 114.8 114.9 115 113.9 114.5 113 110.8 108.3 105.2 103.5 102.9 102.7 103.4 104.6 104.5 103.8 104.4 105.8 108.3 113.9 116.1 116.6 117.6 115.6 111.2 105.3 101.4 100.7 99.6 100.3 100.7 99.7 99.1 98.4 98.3 97.1 95.7 95.5 94.1 92.6 89.3 83.2 74.9 70.1 67.6 64.3 61.1 60 57.8 56.8 55.1 52.6 50.9 51.6
118 116.2 114.1 112.6 112 111.8 111.9 112.5 112.9 113.2 112.1 113.1 114.4 115.3 113.7 111.7 111 110 102.3 106.1 108.6 109.3 109.4 107.5 103.3 102.9 105.6 110.4 113.5 115.5 115.2 114.4 112.8 112 112.8 110.4 107.9 105.1 103.1 102.7 102.2 102.3 102.4 102.6 103.3 104.9 105.9 108 112.3 114.6 115.7 115.1 112.7 110.3 106.6 101.3 100.4 99.2 99.2 98.5 96.9 96.3 96.2 95.8 94 92.5 92.2 91.7 88.1 83.1 78.2 72.7 69.1 67.4 65.2 62.8 59.7 57.4 56.3 55 52.4 52 50.7
117.4 115.5 113.7 112.8 112.5 112.2 113.2 112.7 112.9 113.6 114.2 115.1 116.4 117 115.2 112.8 112 112.2 105.3 107.1 107.3 107.4 107.6 106.1 105.3 106.4 108.8 109.4 113.1 114 112.6 110.9 109.4 109.8 111 108.8 107.2 104.5 102.9 102.4 102 101.7 101.8 102.3 103.9 105.1 106 108.1 110.4 112.9 113.6 114.4 112.5 109.2 104.9 102.2 101.7 100.4 99.9 98.3 96.3 95.7 93.6 92.6 91.1 90.3 87.7 86 82.7 77.5 74 70.4 68 65.8 64.9 62.5 59.3 57.1 55.7 54.3 51.5 53.4 48.8
117 115 113.4 113.3 112.9 112.5 113.6 114.9 114.2 115.8 115.9 115.4 116.6 118 117.2 114.8 115.9 115.4 107.3 110.2 109.3 109.2 109 107.9 108.6 111.1 112.9 113.5 113.1 112.3 110.8 110.4 109.9 108.6 109.6 109.4 106.6 103.6 102.3 101.9 101.8 101.7 101.7 101.9 103.5 104.3 105.8 108.3 109 109.6 111.1 113.9 114 108.9 106.5 104.5 104.2 103.2 101 99.6 97.8 96.9 95.4 93.2 90.8 88.3 85.4 81.8 78.3 76.3 73.8 71.3 69.1 67.4 65.5 63.4 60.1 56.8 51.8 49.4 48.7 53.6 48.8
118.8 115.7 113.9 113.6 113.4 113.1 113.9 116.3 116.5 118 117.5 117.1 116.7 117.4 117.7 114.4 117.9 118.6 111 113.6 112.2 111.6 111.8 111.9 111.5 114.3 116.9 117.7 116.1 113.2 113.3 114.6 112.8 110.7 111.9 111 107 103.7 102.3 101.9 101.8 101.8 101.8 101.8 102.7 103.7 105.2 107.2 109.7 110 111.2 112.9 112.9 112.1 112.6 113 111.7 110.3 104.5 101.4 100.2 97.2 95.9 93.2 90.6 88.3 87.8 85.1 84.8 81.9 77.6 73.1 71.2 68.9 66.5 62.3 58.9 55.4 52 49.9 48.3 53.2 48.3
119.5 115.8 114.4 114.1 113.9 113.7 114.2 116.6 118.9 119.7 119.2 118.6 117.9 117.6 116.1 117.9 119.7 120.4 115 117.4 116.1 113.9 114.3 114.3 114.8 117.1 120.6 121.7 118.1 115.9 116.5 118.6 116.4 116.5 114.6 110.9 108.3 105.4 103.7 102.4 102.2 101.7 101.2 101.4 102.7 103.2 105.9 107.6 109.5 111.5 112.8 113.8 113.5 114.3 115.3 115 116.6 117.3 115.3 113.7 105.4 99.8 98.1 94.8 93.4 91.5 92 93.1 90.4 87.1 83.6 74 70.8 69.7 67 62.3 58.8 56.2 55.3 49.9 48.1 51.5 46.6
117.9 116.8 114.9 114.7 114.8 114.8 114.7 116.8 120.1 121.3 120.6 119.2 118.1 116.7 115.2 120 122.2 122.2 120 121.7 119 116.5 115.8 117.2 118.1 118.9 123.2 123.3 120.6 120.3 119.7 118.8 118.3 117 115.1 111.7 109.2 106.9 105.4 103.9 103.7 103.2 101.3 101.9 101.5 103.5 105.3 107.2 109.1 112.4 112.8 114 114 115.6 118.4 119.9 120.9 120 117.4 114.9 111.7 108.6 106.3 101.8 99.3 92.2 95.5 99.1 99.2 99.5 91.3 74.7 71.5 69.5 67.6 64.2 60.8 56.2 54.9 48.5 47 48.5 44.5
120.2 118.9 117.8 117 114.6 115.4 117.2 118.2 118.8 119.9 120.5 119.6 118.5 115.4 119.7 121.3 122.8 123.7 120.2 123.6 121.4 119.1 117.9 118.5 119.9 121.5 125.2 125.1 126.7 123.3 123 123.4 121.8 118.5 115.5 113.8 111.6 109.1 107.2 106.2 104.1 103.7 102.4 102 101.8 102.5 106.4 106.9 108.5 109.3 113.3 113.4 113.5 117.3 120 121.7 122 120.6 119.2 117.1 114.8 110.8 106.1 103.6 101.1 99.2 93.7 101.9 102.1 102.4 98.2 79.7 71 69.6 68.5 66.3 62.3 57.4 54 50.7 46.3 46.8 43.6
121.7 120.8 119.7 118.7 116.6 118.2 118.4 119.3 119.4 119.5 119.6 120.1 118.4 118.1 120.7 122.9 124.7 125 119 121 121.4 122.1 122.2 122.8 123.1 123.9 128.6 130.7 131.1 128.2 127.7 126.1 125.6 120.4 118.3 116.3 113.4 110.3 109.9 108.1 105.7 104.1 104.1 103.5 102.9 102.8 106.4 107.6 107.6 108.9 113.3 115.2 115 115.9 118.4 119 118.8 117.1 117.1 115.2 112.7 110.7 106.9 102.9 100.3 100.1 91.7 101.2 102.9 101.8 96.5 86.5 72.8 70.4 69.2 67.2 62.2 57.6 52.8 53.3 50.2 48.8 43
123.9 122.1 119.7 119.2 117.8 119.2 120.2 120.1 120.5 120.6 121 121.5 118.9 120 121.4 123.2 124.7 125.9 126.7 125.4 123.9 122.9 124.2 124.9 125 127.2 130.6 134.8 134.4 132.5 131.9 129.9 125.7 122.1 120.3 118 114.1 113.1 112.6 111.3 109.2 106.5 105 104.5 103.1 102.7 106.5 108.4 107.3 109.4 111.5 111.8 114.1 114.6 114.4 114.9 115.4 114 112.3 109.7 108.8 107.4 105.2 102.5 98.5 98.1 92.3 93.1 100.3 99.4 95.7 86.8 77.7 72 70 67.6 61.7 58.3 52.4 52.9 52.3 50.5 43
126.5 124.9 123.2 122 121 121.3 123.9 122.7 122.3 121.9 121.5 121.5 120.4 121.6 120.8 122.4 123.9 124.9 128.3 125.7 123.2 124.9 126.6 126.3 128.5 130.5 132.5 135.3 136.1 135.2 133.3 130.4 126.2 122.1 120.2 119.4 117.4 114.5 112.4 110.6 108.8 106.8 105.6 104.1 101.2 101 106.4 107.2 106.1 106.9 108.7 110.4 112.1 113.1 112.8 112.1 111.4 110.5 108.6 105.3 104.1 103.2 102 100.8 98 97.6 96.6 91.8 95.2 96.4 92.4 86.1 79.9 73.8 70.1 66 61.2 57 53.8 52.2 51.6 45.9 39.9
129.6 127.9 126.3 124.9 123.8 123.5 124.4 126.4 126.2 124.6 122.7 119.3 119.1 120.7 119.7 121.6 122.2 122.7 123.5 127.2 123.9 125.9 128.2 128.4 130.5 132.4 135.4 136.5 136.7 135.7 133.5 131.1 127.6 123.6 122.8 121.3 118.6 116.5 113.1 111.1 110.4 108.7 106.1 103.3 101.6 100.5 103.9 105.6 104.4 105.1 106.5 107.6 109.5 110.7 110.7 110.1 108.3 106.9 104.6 101.2 99.3 99.7 99.7 98.6 96.2 95 93.5 91.3 90.7 92.4 90.2 85.3 80.5 73.9 70 66 59.9 55.9 52.6 51.2 48.1 42.9 40.3
131.7 130.9 129.3 127.9 126.7 127.1 128.4 129.7 130.2 127.3 122.9 117.6 117 119.9 120.9 121.8 122.7 123.2 124.4 130.8 126.5 128.6 129.5 131 131.8 133.9 134.6 136.8 139.1 136.6 135.8 131.8 128.5 125.4 123 121.6 119.8 116.7 114.1 113.4 110.7 109.5 107 103.6 100.9 98.2 101.1 104.2 104.4 103.5 103.6 104.6 107.2 106.2 107 104.3 103.5 102.2 99.1 96.4 95.3 95.7 94.5 96.3 94 93.5 93.1 90.5 90.1 88.2 87.7 84.7 79 73.9 70.1 65.9 59.8 53.5 49.5 51.3 42.2 31.3 23.7
133.9 133 132 131.2 129.6 128.9 129.9 131 131 127 121 115.9 119.4 121.7 123.3 122.9 123.1 123.9 124.6 131.8 132 132.6 135.3 136.7 137.1 137 137.1 137.8 141.7 140.3 135.1 130.5 127 124.2 122.1 120.2 120.8 117.8 116.2 114.4 111.7 108.6 105.6 103.8 101.2 98.6 99.1 101.1 101.8 102.1 102.6 103.2 103.9 101.9 100.2 99.2 98.7 98.8 96.1 95.6 95 92.8 91.5 93.4 92.9 92.5 90.9 89 86.4 84.6 83.5 81 75.7 72.3 68.2 63.3 58.9 53 46.8 51.3 39.7 38.4 43.1
135.5 135.1 133.7 132.2 129.8 129.8 131.1 132.1 128 122.6 116.9 117.8 122.9 126.6 126.8 125.9 125.3 125.5 127 129.2 133.4 136.4 139.2 140.3 140 138.8 137.2 137.3 139 138.2 132.7 127.8 125 123.5 121.4 119.6 119.8 117.6 116.2 113.5 109.8 108.4 105.9 104.1 102.8 101.2 96.6 96 99.1 99.7 99 100.2 100.6 100 99.7 98.1 98.6 98.3 98 96.9 95.4 95.1 92.5 88.4 86.1 84.8 82.8 82.5 82.6 80.7 78.3 75.2 72 68.5 64.4 59.8 55.3 47.3 34.8 50.8 51 50.4 49
138 136.6 134.8 133.3 130.3 130.1 130.1 128.5 123.8 118.2 116.3 122.1 127.5 128.8 130.2 129 128.3 128.2 129.9 132.2 134.5 141.1 143.1 143.1 142.4 140.5 138.4 136.7 135.8 131.6 128.6 126 124.2 122.5 120.9 119.9 119.7 118 114.3 111.7 110.7 109.3 106.7 103.9 102.7 102 100 95.1 94.4 96.6 96.6 98 98.6 99.7 99.3 97.3 99.1 98.1 96.3 94.5 93.7 91.9 89.6 85.7 82.9 82 80.4 77.9 76.3 75.5 72.7 70.3 67.7 64.5 57.8 50.5 40.8 33.2 45.3 50.4 53 49.8 46.5
138.2 135.8 135.9 133.7 130.6 129 124.6 120.9 118.2 117.5 123.1 126.8 129.4 131.6 131.7 131.3 130.9 131 133.4 137.9 137.6 137.1 144.6 144.5 143.4 141.9 138.3 136.3 135.7 131.7 128.2 125.6 123.5 120.3 118.7 118.9 119.8 118 115.2 112.8 111.9 109.6 106.8 104.8 103.6 102.7 102 98.6 94 91.8 95.7 96.6 95.9 97.2 96.8 96.8 96 94.9 92.8 90.8 89.4 87.5 85.1 80.8 78 79.2 80.4 76.8 73.2 70.3 65.6 62.2 61.7 57.5 44.2 38.8 36.1 47.6 50.3 50 49.6 47 44
135.4 134.9 134.9 133.4 130.8 125.7 119.3 118 120.2 122.6 128.3 130.5 130.5 132.6 132.6 133.3 133.2 134.1 138.1 142.7 142.7 137 145.3 144.8 144 142 139.6 137.6 134.7 128.4 126.3 124 122.3 120.5 118.6 117.2 119.6 118.8 116.7 114.4 111.8 109.2 106.9 105.9 104.8 103.7 102.7 101.3 97.5 92 91.2 94.4 93.6 93.3 91.9 91.8 91.8 91.4 89.5 87.3 85.3 83.7 81.3 76.8 75.2 71.9 72.7 71.2 67.3 66.1 62.2 45.4 48 36.3 38.5 45.3 54.4 53 50.8 50 47.9 46.8 44.9
134.2 134.3 132.6 132.4 130.1 123.5 120.3 124.1 125.4 127.9 130.1 131.2 132 135.3 133.3 134 135.5 138.3 143.2 146.4 146.7 138.8 140 144.8 143.2 141.5 139.8 137.8 132.9 128.3 124.6 121.3 120.2 120.1 118.6 116.9 118.1 121.1 118.3 114.9 111.1 108.1 107.7 106.6 105.6 103.8 102.8 101.6 99.3 95.3 88.9 91.9 91.7 91.1 90.8 89.3 89.3 88.2 86 83.7 81.3 80.1 77 75.8 74.2 71 67.5 61.7 56.4 54.7 41 42.9 37.8 51 56.1 59.9 60.5 55.5 50.9 49.4 49.5 49.6 48.8
134.9 133.3 131.8 131.9 129.7 123.3 123.1 127.7 129.7 130.8 132.1 133.4 135.5 137.9 139.4 139.5 141.8 144.8 147 147.9 147.3 142.1 139.8 143.9 142.6 141.3 139.1 135 132.8 128.1 125 121.3 120.9 120.1 118.5 116.4 118.2 119.7 119.4 110.7 110.8 108.6 107.7 105.9 104.1 103.2 102.5 100.9 99 95.6 88.6 86.9 91.4 90.6 89.4 87.9 86.5 84.7 82.4 79.6 76.9 75.7 74.2 72.1 69.2 64.9 61.6 52.4 43.8 47.2 54.2 59.4 60.6 61.7 64.5 66.4 62.1 55.3 52.6 50.1 52.4 53.4 52.9
134.8 133 131.6 130.8 129.4 124.4 126.9 129.1 131.8 133.9 135.9 138.8 141.6 143.4 146.5 148.8 146.8 149.9 149.3 148.4 148.2 145.1 140.2 141.6 143.9 143 140.2 136.1 131.6 127 124.1 120.9 120.9 119.5 116.9 114.7 116.3 116.3 114 111.9 112.2 108.5 106.2 104.4 103.4 102.8 101.9 99.8 97.6 94.5 88.7 83.1 88.7 88.1 87.6 86 83.5 81.9 80.3 78.3 74.9 69.5 68.4 64.6 63.4 54.2 48.1 48.2 60.2 62.3 64.1 66.9 68.3 68.9 69.5 69.2 65 58.1 55 52.4 50.7 52.3 52.5
133.3 132.2 130.3 127.3 124.8 125.3 129.4 131.3 134.8 137.8 140.5 143.8 143.9 144.9 148.3 149.6 150.9 151 150.1 148.7 148.2 147.9 140.4 142.1 144.6 144.1 140.8 136.8 132.9 127.8 124.4 120.6 118.6 116.8 115.8 114.4 112.7 112.1 114.6 110.5 109.4 106.2 104.7 102.9 102.1 101.4 99.7 98.3 96.9 93.2 88.6 84 82.4 83.7 86.2 86.3 85.2 80.3 78.5 77 75.1 72.6 68 64.5 52.8 47.3 53.3 62.4 66.1 68.7 71.6 73.3 72.5 73.3 72.8 71 64.5 59.2 56.7 54.8 49.3 52.7 52.1
131 130.2 128.4 123.7 126.9 128.9 131.8 135.1 138.4 141 143.5 144.5 142.6 147.6 149.4 151.4 151.8 151.6 150.9 149.3 149.6 150 142.9 142.6 141.6 144.2 140.1 136.3 131.8 128.7 124.6 122.4 118.1 115.7 115.3 113 111.5 109.4 109.1 109.9 107.5 104.3 102.8 101.7 101.1 100.6 99.3 97.9 95.9 92 89.1 89.5 87.9 77.9 83.6 86.2 85.4 82 77.1 75.4 75.2 72.6 65.8 62.1 49.2 61 63.8 69.6 72.6 74.9 77.1 77.3 76.8 76.4 75.2 72.1 65.6 59.1 57.3 56.1 51.4 51.2 50.8
127.9 128.4 127.5 126.5 127.2 130.2 132.6 137.7 140.9 142.6 142.6 143.4 144.6 147.2 151.1 152.8 152.9 152.5 151.1 150.2 149.6 150.4 146.2 139.4 144.4 140.6 141.2 137 132.3 128.2 125 123.1 119.2 114.5 113.7 111.2 110 107.4 106.1 105.9 104.8 102.7 102.3 101.2 100.5 100.8 99 97.5 94.7 92.3 90.4 90.1 86.8 81.2 72.2 77.1 82.2 81.1 76.9 75.1 72.4 70.6 61.9 54.8 53.4 66.1 69.3 74.3 77 80.1 83.1 82.7 80.9 79.9 76.7 72.1 65 58.9 56.5 55.4 51.2 49 48.8
131 130.1 128.9 126.7 128.1 129.8 133.4 138.7 141.3 141.5 141.6 143.3 145 147.4 151.2 153.7 154.2 152.5 151 150.6 149.7 150.2 149.9 145.3 138.1 138.8 137.5 137.5 133.3 129.3 125.9 122.7 119.3 115.9 113 111.6 108.1 106.2 104.6 104.3 103.7 102 101 99.6 99.7 100.3 96.5 96 95.7 93.3 91.8 90.8 84.8 78.6 72.8 65.9 68.6 66.1 67.1 74.4 70.5 60.2 52 56.5 65 69.6 73.8 77.8 80.8 83.3 86.2 86 83.7 81.6 75.5 69.2 63.3 60.2 57.5 54.6 50.8 47.8 45.3
131.7 131.1 130.6 128.4 128.8 131.6 134.5 138 140.7 140 140.8 143.7 145.6 147.8 150.9 155.5 154.9 152.5 150.9 150.5 150.1 150.1 150.4 148.8 147.1 146.3 134.9 131.4 128.9 128.3 125.9 125 122 117.1 113.4 111.3 108.2 105.7 103.5 103.4 102.7 101.4 95 92.3 96.3 96.2 94.3 93.8 94 93 87.9 78.1 73.2 76.8 79.5 76.2 74.3 70 66 63.2 60.6 54.3 65.7 67.9 69.6 73.5 77.5 84 85 85.9 85.8 84.6 81.5 79.2 73.3 67.6 63.2 61.4 57.8 55.1 51.5 48.6 45.9
131.9 130.5 130 128.4 129.8 132.4 135 137.9 140.2 139.2 140.4 143.6 145.8 147.8 152.6 158.2 155.6 154 151.2 150.7 150.3 150.6 150.7 148.9 147.8 147.8 145.3 140.4 135.7 130.8 127.5 124.7 122.7 120.4 115.9 111.2 108.3 105.2 103.2 102.2 101.5 101.2 100.2 99.4 98.3 93.5 92.6 82.1 82.4 84.3 82.2 91.3 90.2 87.4 84.8 82.2 80 77.8 71.8 55.3 64.8 71.5 78.4 75 74.9 78.3 82.2 86.4 86.1 84.3 83.7 82.1 79.8 76.8 71.9 67.2 63 60.6 56.5 55.9 54.5 52.9 46.7
131.8 130.3 130.1 129.5 129.7 132.3 135 137.7 138.7 138.6 140 142.5 144.6 147.2 153.7 158.8 157.5 155.9 152.4 151 150.8 151.2 151.3 150.9 150.6 149.1 148.1 143.2 142.6 139.6 135.4 132.1 130.8 129.1 122.1 114.5 109.9 105.9 103.9 103 102.1 101.8 100.2 98.3 96.9 95.5 95.8 94 93.8 92.5 91.5 91.6 90.4 88.5 86.2 84.1 81 78.6 72.7 61.8 74.7 78.4 81.2 81.8 79.9 82 84 84.4 83.2 81.2 79.9 78.9 77 72.9 70.8 67.5 62.6 58.9 57.2 56.9 56.3 50.6 46.1
133.1 132.4 130.8 130.6 130.6 133.1 135.4 136.7 137.3 137.8 139.5 141.5 143.6 146.5 151.3 155.8 160.1 156.3 153.7 151.2 151.4 151.3 151.4 151.3 151.8 150.9 149.6 146.9 147.3 143.6 139.7 137.1 136.2 137.4 129.9 120.9 114.3 109.6 105.3 104.5 103 102.4 100.4 98.4 97.6 96.7 97.1 96.1 94.9 94.1 93.3 92.1 90.5 88.3 85.7 82.9 79.6 74.3 63.7 75.6 78.4 78.9 80.6 81.2 82 84.3 83 81.6 80.6 77.5 74.4 73.6 72.2 66.7 65 64.5 60.8 59.6 58.3 53.6 46.2 42.7 48.5
134.1 133.7 132.5 133 133.9 133.8 135 135.7 136.4 137.3 139.1 140.9 143.7 146.5 149.3 154 160.2 159.3 154 151.5 151.2 151 151.2 151.8 152.8 153 151.2 148.9 149.5 146.5 142.6 140 139 137.5 132.9 126.1 118.6 112.3 106.9 105.9 104.4 102.5 100.5 98.5 97.9 97.9 98.1 97.1 95.7 94.9 94.3 92 89.5 87.1 84.9 82.5 82 78.5 70.5 80 76.6 78 79.3 80.9 82.5 84.6 82.1 79.8 77.1 73.7 69.9 67.5 63.3 58.8 58.6 58.4 60.1 56 51.6 46.9 42.1 41.3 46.1
