UK/data/sn/sn23_OST50GRID_20230518/SN23.asc
ncols 200
nrows 200
xllcorner 220000
yllcorner 230000
cellsize 50
[rows 105 to 139 of 200, columns 0 to 78 of 200]
298.9 310.8 323 333.5 342.9 349.4 353.5 355.8 357.4 356.6 356.3 354.8 353.1 351.1 346.9 339.6 330.9 320.2 308.4 296.6 285.2 277 274.6 273.6 273 273.2 273.3 273.6 273.8 273.4 272.1 269.9 267.6 264.5 262.1 259.8 257.4 255.1 253.2 252 250.9 250.7 250.9 251.7 253.2 255.5 261 265.9 269.7 273.6 277.5 279.8 280.7 279.9 279 277 275.4 273.3 270.7 267.1 261.3 252.2 241.6 231.2 221.4 214.5 208 199.3 194.2 192.3 190 187.7 184.7 182.2 179.1 176.3 174 171.2 168.2
295.3 304.2 313.2 321 328.5 333.9 338.1 341.2 343.4 344.8 345.3 345.6 346 345.1 341.7 335.1 326.8 316.6 305.1 293.2 282.2 275.2 273.6 273.6 272.7 273 273.8 273.9 273.8 272.7 271.5 268.3 264.8 261.8 258.9 256.5 254.1 252 250.2 249 247.8 246.6 246.7 247.3 248.6 251.2 254.6 258.7 263 266.2 269.4 271.3 272.8 274.6 274.9 274.5 273.2 271.9 269.7 266.2 259.8 250.6 240.1 229.8 221.6 215.7 209.9 203.5 199.5 196.3 193.5 191.7 188 184.7 181.7 178.9 175.7 173.2 168.9
293.6 300.5 306 311.8 316.6 319.8 323.5 325.8 328.3 330.1 331.5 332.3 332.6 332.5 330 325 318 308.1 296.5 284.9 275.4 272.2 271.2 270.9 272.2 272.4 273 273.2 272.2 271.3 269.7 265.9 262.3 259.3 256.4 253.8 251.3 249.5 247.2 246 244.8 243.1 242.7 243.5 245 247 250.1 253.2 256.6 260.8 263.3 266.2 268.3 269.7 270.4 270.9 270.3 269.5 267.4 264 257.7 248.6 237.7 228.4 221.2 216.2 211.5 206.3 203.1 200.2 197.1 193.9 190 186.7 183.5 180.3 176.9 173.7 169.6
292.4 297.7 301.9 305 306.7 308.8 309.8 311.8 313.9 314.9 315.9 316.3 316.1 315.8 314.6 311.1 304.5 294.9 283.9 274.1 267.4 267 267.3 268.4 269.4 270.2 270.8 271.2 270.4 269.5 267.2 263.2 260.7 257.7 254.5 251.6 249 246.7 244.4 242.9 241.6 240.5 238.2 239.7 241.1 243.7 246.8 250.3 253.8 257.5 260.2 262.5 265.2 265.9 266.7 267.3 266.9 266.1 264.2 260.8 255.3 245.7 235 226.1 220.5 216.1 212 208.6 204.7 202.1 199.5 196 191.9 188.1 184.5 181.6 177.4 173.6 169.4
291.4 295.6 298.3 300.6 301.1 300.7 300.2 299.7 300.2 299.8 299.4 299.5 298.8 298.5 297.7 294.6 289 280.5 271.6 265.1 262.5 261.7 262.1 264.1 266.1 267.3 268.3 268.4 268.1 266.8 263.9 261.5 259.1 256 252.7 249.9 247.1 244.5 241.9 240.3 238.5 236.4 234 236.4 238.1 240.7 244.2 247.8 251.4 255.5 257.7 260.7 262.5 263.5 264.1 264 263.7 262.6 260.8 257.4 252 242.7 232.4 224.3 219.2 215.8 212.4 209.2 205.7 203 200.5 197.2 193 189.5 185.6 181.6 177.4 173.9 168.7
291.5 294.4 297.1 297.5 296.8 295.7 293.8 291.8 290.1 288.1 287.3 285.7 283.7 282.7 282 279.2 274 267.3 261.2 258.6 257.8 257.3 258 259.9 262.1 263.9 265.3 265.6 265.1 263.9 261.9 259.8 257.2 254.1 251.1 248.3 245.6 242.8 240.1 237.6 235.4 233.4 230.5 233 235.1 238 241.9 245.5 249.7 252.6 256.9 259.1 260.5 261.1 261.3 261 260.4 259.3 257.7 254.3 249.4 239.9 229.1 221.5 217.7 214.8 211.6 209.2 205.9 203 200.8 197.2 193.6 190.4 186.7 182 177.2 172.7 167.7
293.5 295.5 295.9 295.6 294 291.8 288.7 285.7 282.8 279.9 277.8 275.5 272.5 270.9 269.4 266.9 262.2 258.8 255.6 253.9 253.1 252.8 253.7 255.7 258 260.2 261.6 262.9 262.3 261.8 260.2 258.2 255.3 252.6 250 247.1 244.2 241.4 238.5 236 233.3 230.4 227.3 228.2 231.9 235.2 239.5 244.6 248.4 252.2 255.5 257.4 258.8 258.8 258.6 257.9 257.2 255.9 253.7 250.9 244.5 235.4 225.3 219.1 215.7 213.5 210.9 207.9 205.1 202.7 199.8 197.1 194.8 190.8 186.6 181.7 176.5 171.6 166.8
295.2 296.7 296.4 295 292.1 288.2 284.7 281.4 277.7 274.5 271.6 269 265.9 263.3 259.9 256.5 254.7 252.7 251 249.5 248.4 248.5 249.5 251.6 253.9 256.4 258.6 259.8 260 259.5 258.4 256.6 254.1 251.5 248.8 246.1 243 240.3 237.7 234.9 232.1 228.6 225.2 224.7 228.5 233.3 238.7 243.6 247.9 252 254.7 256.3 256.7 256.3 255.9 255.1 254.1 252.1 249.8 246.1 239.3 230.4 222 216.9 213.9 211.8 209.6 207 204.3 201.9 199.5 196.8 193.9 190.6 186.4 181.2 175.8 170.8 164.8
297 297.6 297.1 295 291.8 287.1 281.4 277.2 273.2 270 266.8 263 259.9 256.9 253.9 251.5 249.7 248.2 246.9 245.7 244.7 244.4 245.6 247.7 249.8 252.5 255.4 257.2 257.8 257.3 256.8 255.2 253.2 250.5 247.9 245.1 242.1 239.7 237.2 234.3 231.7 228.8 225 221.5 226.7 232.7 238.4 242.9 248.7 251.8 253.9 254.9 254.8 254.2 253.5 251.9 249.8 247.7 243.5 237.8 231.4 225.7 218.8 214.3 211.9 209.6 207.6 205.2 203.2 200.6 198.6 196.4 193.7 190.5 186.4 182.4 175.4 170.3 164.4
298.4 298.5 297.6 295.2 291.4 285.2 279.1 273.6 269.1 265.7 262 258 254.4 251.1 248.1 246.9 245.5 244.5 243.5 242.1 240.7 240.3 242.5 245.2 247.7 250.1 252.7 254.9 255.7 256 255.2 253.7 252 249.8 247.4 244.3 241.3 238.9 236.6 233.7 230.9 227.9 224.3 218.2 226 231.9 237.8 243.3 249.1 251.6 252.7 253.6 253.2 252.4 251.5 248.7 245.5 241.4 236.5 230.8 224.8 219.5 214 210.8 209.1 207 205.3 203.7 201.9 199.7 198 196 193.2 190.2 185.8 181.5 175.8 170.3 164.2
298.7 298.7 297.6 294.6 290.1 283.8 277.6 271.2 266 261.3 257.1 253 249.3 245.8 243.2 242.5 241.8 241.1 240.4 238.6 236 235.7 239.8 243 245.2 248.1 250.8 252.4 252.8 253.3 252.8 251.9 250.4 248.6 246.2 243.4 240.6 237.9 235.1 232.9 230.5 227.3 223.9 217.2 221.9 229 236.5 242 248.1 251 252 252.6 251.5 250.6 248.6 245.2 241.4 236.4 231.5 225.9 220.5 213.4 208.3 206.6 205.3 203.4 202.8 201.5 200.3 198.5 197.4 195.2 192.6 189.7 186.1 181.3 175.9 169.2 162.6
298.8 298.6 297.1 293.3 287.6 281.8 276.6 270 265.1 260.4 254.7 249.1 245.3 240.6 237.6 236.1 236.4 237.1 236.9 234.3 231.3 233.5 237.6 240.3 243.6 246.5 248.4 249.6 250.4 250.7 250.5 249.6 248.3 246.5 244.6 242.2 239.3 236.5 233.6 231.4 229.3 225.6 222.3 216.4 221.5 227.2 234 239.9 245.3 249.1 249.9 249.9 249.4 248.2 245.7 241.4 237.5 233.4 228.4 222.1 215.2 205.6 201.8 200.6 199.9 199.1 199.2 198.8 197.7 197.2 195.8 194.2 191.7 188.6 185 179.7 174.3 167.3 159.8
298.4 297.7 295.7 291.1 285.4 280.5 274.9 269.7 264.9 260.2 254.4 248.7 243.6 238.6 232.1 229.2 228.1 232.7 233.7 230.7 227.5 232 235.9 239.1 242.3 244.7 245.9 247 248 248.2 248.1 247.1 246 244.3 242.4 240.1 237 234.2 231.5 229.4 227.1 223.2 218.2 214.1 220.8 225.7 230.8 236.5 241.3 245.5 247.2 248 247.7 246.2 243 239.6 235.6 230.4 224.9 217.5 209.9 199.7 195.8 194.2 193.7 194.2 194.6 195.2 195 195 193.8 192.5 190.5 187.3 183.6 178.6 173 165.5 156.7
296.5 295.8 293.5 289.4 284.2 279.7 275.2 270.1 265 260.1 254.2 248.5 242.5 237.4 232.7 227.5 222.3 227.6 230.2 226 225.9 230.8 234.8 237.7 240.8 242.4 243.7 244.8 244.9 244.9 245 244.1 242.9 241.5 239.8 236.6 233.9 231.7 229.3 227 224.5 219.6 211.8 214.3 219.3 224.3 228.9 232.9 237.6 241.3 244.2 245.5 245.6 243.7 241.3 238.5 233.3 228.1 221.3 213.1 205.3 194.5 191.4 188.3 186.9 186.7 188.7 190 190.8 191.4 191.5 190.3 188.7 184.9 181 176.3 170.2 160.8 152
294.6 293 290.9 286.5 282.6 278.7 274.5 270 265 259.4 253.5 247.3 241.4 237.6 233.1 228.6 223.5 219.7 227.2 221.9 225.2 230.9 233.7 236.6 239.1 240.7 241.5 241.8 241.7 241.7 241.5 240.9 239.8 238.4 236.3 233.1 230.1 228.1 225.8 223.4 220.7 210 211.1 215.6 218.8 222.9 227.3 231.3 235.1 238.5 241.1 243.3 243.6 242.5 240.7 237 231.7 226.1 218 209.9 200.2 191.6 187.2 182.5 179.6 180.5 181.2 183.4 184.4 185.5 187.2 186.4 184.7 181.2 177.3 171.8 164 155.1 148.3
289.7 287 285.1 281.9 278.5 275.7 272.1 268.2 262.7 256.3 249.6 244.2 240.2 236.7 232.8 228.7 223.6 215.6 219.6 219.5 226.2 230.7 232.9 235.3 237.3 238.4 239.4 238.9 238.8 238.6 238.3 237.7 236.3 235 232.7 229.7 227.6 224.6 222.1 220.2 216.7 208.2 212.5 216.5 220 222.8 227.4 230.6 234.5 237.7 240.2 242.5 243.3 242.1 240.2 236 230.6 223.9 215.1 204.3 196 190 184.7 180.1 174 171.3 172.9 173.6 175.8 177.4 179.4 179.4 178.4 176.1 170.8 164.5 157.4 150.4 139.8
279.6 278.4 277 275.9 273.3 270.1 266.3 262.2 256.9 250.5 245.4 241.9 238.9 235.5 232.5 229.1 224.2 216.7 212.7 220.3 226.5 230 232.4 233.8 235 236.2 236.9 236.3 235.9 235.7 235.3 234.2 232.8 231.3 229.2 226.7 224.4 221.4 218.3 215.5 208 209.2 215.1 219.8 223.2 225.8 229.3 232.5 235.4 238 240.1 242.3 242.7 241.8 240.6 236.8 230.7 223.8 214.9 203.7 194.1 188.7 182.1 175.8 169.6 165.9 162.7 161.3 158.9 163.4 165.3 165.6 164.6 163.8 161.1 156.5 147 136.6 139.2
268.8 267.9 266.9 265.5 263.9 261.4 257.1 253.8 250.1 245.9 242.8 239.6 237.1 234.1 231.5 228.2 224.1 216.5 210.3 221 226.1 228.7 230.8 232.1 232.9 234 234 233.6 233 231.8 231.9 230.8 229.3 228.1 226.5 224.3 221.7 218.6 212.9 205.2 206.6 212 217.4 221.5 225.9 228.2 231.9 234.3 237 239.9 241.9 243.2 243.9 243.1 241.4 237.4 231 224.9 215.4 205 194.9 186.8 180.2 171.4 170.1 168 166.9 164.2 160.1 157.8 155.3 155.7 150.8 145.9 141.5 140.5 142.1 145.2 147
260.1 258.1 257.5 255.7 254.2 252 249.9 247.8 245.7 242.3 240.1 237.3 234.7 232.6 230.4 227.5 223.5 215.7 209.3 220.1 224.8 227.2 229.4 230.6 231.4 231.6 231.1 230.8 229.8 229.1 228.4 227.7 226.6 225 223.7 221 217.9 213.1 204 202.8 209.3 214.5 219.9 224.3 228.6 231.4 233.9 236.4 238.8 241.1 243.3 245.3 245.5 244 242.1 238 231.5 225 214.8 205.9 196.6 185.5 177.9 172.3 172.8 171.7 169.6 167.5 165.4 162.3 161.7 162.1 159.9 156.6 152 150.5 151.5 151.7 151.4
253 252.7 251.4 250.2 248.5 246.6 245 243.6 241.3 238.9 236.7 234.4 232.6 230.7 228.6 226.1 222.8 214.5 207 219.4 223.4 226 227.8 228.8 229.6 229.3 228.8 227.5 226.7 226.8 226.1 224.5 223.2 221.5 219.6 217.1 213.6 206.5 200.6 207.4 213.6 218.2 222.7 227.2 230.5 233.8 236.3 239.2 241.4 243.8 245.9 246.8 247.2 245.4 242.8 238.1 232.2 223.1 214.3 206 196.1 185 176.7 175.3 175.4 174.5 172.8 171.2 168.9 165.5 165 164.1 162.8 159.8 153.6 156.1 156 155.9 155.2
247.3 245.9 244.5 242.8 241.8 241.1 240 238.8 237.1 235.4 233.5 231.3 229.8 228.2 226.2 224 221.1 212.1 205.4 218 222.3 224.3 225.8 226.7 227.2 226.9 225.7 224.1 223.5 222.1 221.8 220.8 220.2 218.4 216.1 211.7 203.8 199.3 204.8 213.2 219.5 222.8 226.8 230.1 233.3 236.2 239.3 242.4 244.4 246.6 248.5 249.4 248.7 245.2 242.3 238.4 231.4 221.7 213.6 204.5 194.3 183.5 177.6 177.8 178.3 177.4 176.3 175.2 172.3 168.9 169.8 167.8 165.9 163.2 159 160.3 159.9 159.8 159.2
241.3 239.8 238.6 237.3 236.2 235.6 234.6 234.4 232.9 231.7 229.9 228.2 226.7 225.5 223.8 221.9 218.9 209.5 204.2 216.7 220.7 222.1 223.2 224.2 224.5 224.1 223.1 222.1 220.5 217.8 216.6 217.3 217.1 214.8 208 196.2 196.5 201.8 210.5 218 223.1 226.8 230.3 233.5 236.1 238.7 241.7 244.9 247 249.2 250.6 251.2 250.2 247.4 242.6 238.8 231.1 221.7 213.6 204.2 193.5 182.6 180.1 180.9 181.3 181 181.2 179.8 176.2 173.3 174.9 173.7 171.9 168 162.6 164.8 164.4 163.9 163.1
235.2 234.1 233 231.7 230.6 230.1 229.8 229.1 228.5 227.5 226.1 224.7 223.8 222.7 221.2 219.3 217.2 208.4 201.3 214.4 218.4 219.7 220.8 221.7 221.8 221.4 220.8 219.8 217.5 214.1 208.2 212.9 213.2 208.4 194.3 196 203.8 210.6 216.5 221.4 226.4 229.9 233.5 236.2 238.6 241.6 244.9 246.9 249.4 251.7 252.7 253.1 252 249.8 245.2 238.8 229.9 221.3 212.7 204 191.5 183.5 183.5 185.3 186.1 186.6 185.6 184.4 179.7 178.9 181.2 180.9 178.3 173.8 169.9 170.7 169.9 168.7 167.1
230.5 229.1 227.7 226.4 225.6 223.6 223 222.3 219.6 222.2 222.4 221.3 220.6 219.4 218.2 216.7 214.3 206.1 198 210.5 215.7 217.3 218.1 218.9 219.5 218.8 218 216.9 214.3 211.5 202.8 204.1 199.2 194.2 191.6 203.3 210.4 215.7 219.8 224.4 228.9 233.1 236.6 239.1 241.6 244.2 246.9 249.2 251.7 254.2 255.2 255.2 254.2 251.6 247.1 238.6 229.5 220.3 211.8 201.6 190.1 185.8 189.3 191.3 192.8 192.2 191.2 188.6 185.1 186.1 186.8 186.3 184.7 180.8 177.5 177.3 175.9 173.6 170.9
224.7 222.7 222 220.9 219.5 216.3 216.4 215.5 215.7 218.8 218.5 218 216.9 215.9 215.2 214 212.3 206.7 192.3 203.6 211.3 214.3 215.4 215.7 215.9 215.7 215.1 214 211.7 208.9 198 188 186.1 191.2 202.5 208.8 213.7 218.6 222.9 227.5 232.1 236.3 239.1 241.7 244.3 247 249.4 251.5 254.4 256.8 258 257.9 255.5 253.1 247.2 237.7 228.7 219.6 209.7 199.1 191 190.5 194.9 197.8 199.4 198.9 198.3 196.6 191.6 192.5 194.5 193.7 191.3 188 185.1 183 180.4 177.7 174.3
217.3 215.6 214.6 211.1 212.2 213.9 214.4 215.1 214.9 214.8 215 214.3 213.6 212.5 212.1 211.7 209.9 207.1 197.4 193.7 205.5 210.2 211.7 212.2 212.3 212.2 211.6 211 208.6 205.2 191.7 186.1 195.5 200.7 206.1 211.8 217.2 222.3 225.8 230.8 234.7 238 241.1 243.8 246.4 248.8 251.5 254 256.6 259 260.2 260.2 258.4 254.5 247.6 237.2 227.8 221.6 211.1 200.3 194.8 198.1 202.1 204.6 206.1 206.4 204.9 202.7 198.5 198.7 200.6 200 197.8 194.7 191.9 189.9 186.4 182.3 177.7
209.6 205.7 205.9 206.3 209.2 208.9 211.6 213 211.2 210.6 210.5 210.2 209.8 209 208.9 208.5 207.7 205.9 201.4 186.3 198.2 205.6 207.5 208.6 208.8 208.8 208 206.6 205 199.5 183.8 188.8 197.5 203.2 209.3 215.9 220 224.4 228.6 232.9 236.2 239.6 243 245.7 248.2 250.7 253.4 256 258.7 260.7 262.1 262.1 260.9 256 248.2 238 229.9 224.5 216.4 204.1 201.9 206.9 209 211.3 211.9 211.3 209.8 208.5 205 204.9 207.1 206 203.9 201.2 198.2 195.2 191.4 187.2 182.3
197.5 188.5 190.4 191.7 193.6 198.3 205.7 204 203 203.6 204.6 204.6 203.9 202 204.4 205.3 204.7 203.7 201.2 191.4 187.4 196.5 202.7 204 204.5 204.5 203.9 203.1 200.9 192.3 178.5 193.4 200.5 205.4 213 218.1 221.7 225.6 229.8 233.8 237.1 240.6 244.1 246.8 249.4 252 254.4 257.1 259.7 261.6 262.8 262.9 261.8 257.8 250.1 238.8 233.1 228 220.1 210.2 210.9 214.9 216.2 217.5 217.4 216.9 215.5 213.9 210.4 209.8 211.6 211.2 209.7 207 203.6 200.1 196.4 190.5 186.9
186.6 178.1 175.3 175.6 186.6 182.2 187.5 190.1 190 191.4 195.9 194.1 192.3 186.4 195.4 198.5 199.2 199.2 197.8 194 184.5 185.8 195.2 198.7 199.8 200 199.6 198.7 194.7 179.8 185.7 199.1 203.9 209.7 214.8 219.4 223.3 227.2 231.1 234.5 238.1 241.1 244.2 247.3 249.9 252.5 255 257.6 259.5 261.7 263 262.9 262.1 258 251.5 242.1 235.6 230.5 226.1 221.3 220.8 222.3 222.7 222.5 221.8 221.5 220.4 218.3 215.7 214.7 215.6 215.7 214.9 212.5 208.8 204.8 200.1 197.7 191.2
177.5 172.2 165.9 166.9 165.1 170 172.4 173.8 174 172.6 173.8 173.5 170.3 170 179.8 186.3 189.2 191.6 192.3 191.3 187.5 171.4 185.3 191 193.5 194.1 194.1 190.8 182 179.1 195.5 202.7 207.6 213.1 217.3 220.7 224.8 228.5 232 235.2 238.5 241.7 244.6 246.9 249.1 251.8 255.3 257.3 258.7 260.6 261.9 262 260.9 256.9 250.4 244.1 239.5 234.6 232.1 229.7 227.7 228 227.7 227.2 226.3 225.6 224.3 222.4 219.4 219.5 220.3 220.1 218.7 216.8 213.3 208.3 204.9 201.2 197.6
164.2 161.7 158.8 158.5 157.8 158.5 157.9 157.6 157.6 156.1 155.2 154.6 153.8 155.9 161.3 164.8 169.5 175.8 182.1 184.2 183.5 177.5 171.7 181.8 185.2 185.4 182.3 174.1 177.9 194.2 200.9 205 209.8 215.4 220 222.8 226.3 229.3 232.7 236 239.5 241.9 244.1 245.8 247.9 249.6 253 256 257.7 258.4 259.4 259.5 258.5 253.8 248.9 244.6 241.7 238.3 235.9 234.4 233.2 232.4 231.9 231.3 230.6 229.9 228.1 226.8 224.8 224.9 224.9 224.4 223.3 220.9 217.7 213.8 209.8 205.1 201.3
159.8 160 158.1 157.9 155.5 154 154 154.8 155.6 154.6 151.6 150.1 149.8 148.7 148.4 148.7 150.8 155.2 163 169 172.2 172.2 156.4 168.8 168.9 163 166.7 185.1 193.6 198.6 202.8 207 211.9 216.9 220.5 224.1 227.5 230.4 233.6 236.2 239.7 241.3 243 244.5 245.8 247.5 248.3 250.6 252.6 254.2 254.6 254.8 252.8 250.8 248 244.8 242.5 240.8 239 237.9 237 236.1 235.5 234.8 234.1 232.9 231.9 230.9 230 229.5 229.1 228.1 226.3 224.1 221.6 218.6 214.7 210.4 205.3
177.2 172.7 167.4 163.4 159 159.9 159.8 162.8 163.8 163.2 160.9 159.4 158.3 155.7 150.2 147.5 146.4 146.3 148.8 155.4 160.2 160.9 151.1 154 152.2 175.4 183 188.5 193.9 198.7 203.2 208.2 212.8 217.1 221.2 224.6 228 231 233.8 236.6 238.1 240.1 241.1 242.4 243.1 243.9 244.3 244.9 245.3 246.1 246.9 247.7 247.7 246.7 245.4 244.2 242.6 242.1 241.3 240.3 239.7 239.1 238.6 237.9 237 235.9 234.5 233.8 233.4 233.1 232.4 231.3 229.6 227.4 225.3 223.1 219.2 214.1 208.6
181.2 175.6 168.9 161.4 164.1 164.4 161.7 165.2 166.2 164.7 163.5 163.1 161.6 159.8 154.4 152.9 151.4 149.3 147.5 147.2 149.4 150.1 146.6 148.5 163.1 173 179.9 185.8 191.3 196.5 201 206.9 212.6 217.2 221.5 224.4 227.4 230.3 233 235 236.7 237.7 238.4 238.9 238.3 237.4 237.3 236.8 237.4 239.8 240.7 242.1 242.3 242.7 242 242.1 241.8 241.9 241.6 241.6 241.5 241.3 241 240.1 239.1 238.1 237.2 236.5 236.3 236.1 235.6 234.3 232.7 231.3 229.5 227.3 223.5 218.5 211.9
184.3 177.6 168.6 168.7 170.5 169.5 166.4 167.6 168.8 167.4 166.6 165.9 164.4 160.8 155.8 159.2 159.6 158.1 155.8 150.8 144.4 144.7 150.6 160.3 165.6 169.9 174.6 180.7 186.4 191.7 196.6 203.5 210.8 216.8 221 223.9 226.4 228.9 231.4 233.3 234.6 235.3 235.2 234.4 232.7 230 227.7 228.3 230.7 232.1 234.7 235.9 236.8 237.6 238.9 239.2 239.8 240.7 241 242 242.5 242.7 242.2 241.4 240.4 239 238 237.7 237.8 238.1 238 237.7 236.2 235.3 234.4 231.9 228.1 222.5 214.9
