UK/data/ng/ng99_OST50GRID_20230518/NG99.asc
ncols 200
nrows 200
xllcorner 190000
yllcorner 890000
cellsize 50
[rows 132 to 175 of 200, columns 96 to 191 of 200]
17.4 12.8 -2 -2 -2 -2 -2 -2 -2 -2 -2 -2 -2 -2 -2 -2 -2 -2 -2 -2 -2 -2 -2 -2 -2 -2 -2 -2 -2 -2 -2 -2 -2 -1.1 -0.1 1 -2 5.9 10.5 9 8.4 9 12.2 15.5 16.7 17.1 19.5 22.9 29.5 34.3 40.5 49.8 50.9 51.1 53.7 54.4 55.7 58.1 61.2 65.4 69.1 73.7 79.8 86.8 97.6 99.2 101.6 104.5 108 110.3 110.3 111.2 114.5 116.5 119.2 120.7 123.2 126.5 130.6 136.4 142.6 147.9 151.7 154.8 158.7 163.8 168.2 171.6 174 177.1 178.5 179 180 177.6 170.1 158.2
15.3 10.1 -2 -2 -2 -2 -2 -2 -2 -2 -2 -2 -2 -2 -2 -2 -2 -2 -2 -2 -2 -2 -2 -2 -2 -2 -2 -2 -2 -2 -2 -2 -2 -0.6 0.4 1.3 -2 7 6.1 6.6 5.9 7.1 8.5 12.3 15.6 15.6 15.5 19.1 24.7 29.7 33.5 38.9 43.3 45.8 50.6 50 55.4 54.1 63.2 68.1 75.9 83.6 89.1 96 101.2 106.5 110.5 112.7 113.1 116.3 117.6 119.6 123.3 123 123.3 125.1 127.5 127.6 131.2 134 138.7 140.9 144.6 148.3 152.9 157.9 163.2 167.4 172.1 175.6 177.9 179.3 180.4 181.2 179.5 163.8
12.6 7 1.1 -2 -2 -2 -2 -2 -2 -2 -2 -2 -2 -2 -2 -2 -2 -2 -2 -2 -2 -2 -2 -2 -2 -2 -2 -2 -2 -2 -2 -2 -1.1 -0.2 0.8 1.9 8.3 4.8 4 4.6 5.3 5.9 7.5 9.4 13.2 14.6 14.5 17.3 19.6 26 29.5 30.2 34.7 39.1 44.1 48.5 55.4 60.4 64.9 70.6 76.6 83.6 93.9 97.7 107.4 116.5 119.5 120 120.6 125.1 129.6 136.2 136.1 130.1 131.2 132.4 132.5 133.3 132.8 135 138 140.1 142.7 147.2 149.2 152.4 157.4 161.7 165.8 171.7 175.5 177.7 179.9 181.9 182.5 168.1
8.3 2.2 -2 -2 -2 -2 -2 -2 -2 -2 -2 -2 -2 -2 -2 -2 -2 -2 -2 -2 -2 -2 -2 -2 -2 -2 -2 -2 -2 -2 -2 -2 -0.1 0.6 1.4 2.4 9.2 12.2 9.5 7.2 5.7 5.5 6.5 8.5 11 11.6 13.5 15.1 18 23.4 27.2 32.5 39.3 43.9 51.4 58.7 65.4 68.2 70.4 72.5 78.4 84.8 94.6 106.2 116.4 121.8 125.4 126.1 132.2 137.7 145.4 150.9 148 148.7 147.2 146.1 141.7 139.3 140.7 140.4 141.1 143.3 145.5 148.9 153.5 154.8 155.8 156.9 160.4 164.5 170.5 175 178 180.2 182.1 176.3
2.9 0.6 -2 -2 -2 -2 -2 -2 -2 -2 -2 -2 -2 -2 -2 -2 -2 -2 -2 -2 -2 -2 -2 -2 -2 -2 -2 -2 -2 -2 -2 0.6 1.5 1.8 2.4 6.6 10.7 9 7.1 6.4 6.1 5.6 6.9 8.5 9.1 10.6 12.4 15.6 19.4 30.6 38.3 44.9 46.5 48.9 60.2 68.1 76.2 85.2 87.2 84.2 87.9 94.2 98.4 103.7 116.5 133.2 140.6 146.5 140 145.9 155.1 157.1 154.7 156 156.3 153.9 152.1 149.3 147 147.8 148.7 150.7 154.8 156 161.3 163.1 162.5 163.1 160.1 160.2 162.5 168.8 174.4 178.2 180.5 178.8
2.9 0.6 -2 -2 -2 -2 -2 -2 -2 -2 -2 -2 -2 -2 -2 -2 -2 -2 -2 -2 -2 -2 -2 -2 -2 -2 -2 -2 6.9 7.6 6.8 4.1 6.6 6 6.6 9.1 8.6 8 8 7.9 8.9 9.3 8.8 8.8 10.2 10.8 15.2 17.5 28.1 39.3 48.7 56.9 62.2 65.6 72.6 79.5 88.9 92.7 102 104.3 98.5 100.3 111.6 116.2 120.5 128.6 138.9 152.4 169.3 153.6 162.9 173 173.1 170.3 163.9 166.5 164.9 161.6 162.8 159.1 158.7 156.7 159 166.3 175.3 172.8 171.4 171.9 169.1 165.6 162.5 163.3 168.2 173.9 177 178.9
6.8 1.5 -0.7 -2 -2 -2 -2 -2 -2 -2 -2 -2 -2 -2 -2 -2 -2 -2 -2 -2 -2 -2 -2 -2 -2 -2 -2 3.7 8 9.2 10.4 12.1 11.5 12.7 13.2 18.6 21.3 17.4 15.8 13.8 13 14.7 16 13.4 13.8 16.7 23.6 34.1 38 45.3 56.4 66.5 78.1 80.3 89 100.3 101.6 102.1 103.5 107.2 109.2 107.3 112.3 123.4 130.3 132.6 135.5 142.1 153.3 160 170.9 173.3 178.9 186.3 183.4 171.6 172.5 171.5 173.7 168.8 166.4 165.5 167.3 170.1 176.9 180.9 179.4 178.1 176.8 170.9 167.2 162.4 163.3 166.4 172 176.9
2.6 3.6 0 -2 -2 -2 -2 -2 -2 -2 -2 -2 -2 -2 -2 -2 -2 -2 -2 -2 -2 -2 -2 -2 -2 -2 5.9 13.6 13.2 12.8 12.2 12.8 14.4 17.5 18.7 21.2 27.3 28.7 28.1 26.3 32.5 38 37 34.3 31.9 38.7 45.9 53.2 57.8 67 72.9 81.2 92.3 105.4 103.7 107.5 111.2 111.6 111.1 114.8 118.2 119.6 119.2 124.6 130.6 135.9 140.1 147.9 155.7 165.8 174.3 182 181.5 185.9 183.4 178.8 175.7 178.4 179.3 178.2 172.4 172.2 173.4 174.2 174.9 181.8 180.3 180.4 181 177.3 174.5 169.3 162.2 162.2 165 170.4
-2 -2 3.3 -2 -2 -2 -2 -2 -2 -2 -2 -2 -2 -2 -2 -2 -2 -2 -2 -2 -2 -2 -2 -2 -2 1.7 12.1 18.1 24.6 26.1 22.3 19.6 20.3 25.6 28.1 33.6 37.7 43.4 44.7 42.2 45 52.4 66.1 65.9 105.2 103.8 91.7 80.8 81.6 84.1 92.1 97.4 114.8 120.1 125.5 126.4 130.7 125.9 129.4 136.8 138.4 136.1 132 128.5 128.8 138.2 142.4 149.5 163.7 171.9 180.8 188.8 192.9 193.2 189.5 183.5 179.3 181 182.9 182.7 181.4 179.7 177.1 177.8 176.6 177.6 180.7 180.1 180.8 180.4 178 175.8 164.4 162.4 162.2 164.6
-2 -2 -2 3.8 -2 -2 -2 -2 -2 -2 -2 -2 -2 -2 -2 -2 -2 -2 -2 -2 -2 -2 -2 -2 3.7 14.7 17.2 23.3 33.7 38.1 42.3 41.4 36.6 35 40.5 46.9 51.2 54.3 59.7 61.8 72.6 101.1 120.2 108.7 111.9 109.8 111.7 113.5 110 112.6 110.1 116.7 125.1 135.7 136.5 143 143.8 140.6 145.8 160.1 162 162.4 158.2 148.2 145.4 140.7 143 146.1 150.3 162.7 179.6 189.1 194.7 194.6 192.6 188 183.6 184.8 186.8 188.3 187.5 185.1 184.2 181.6 179.8 179.6 179.4 182.5 184.7 181.8 178.8 173.6 165.6 162.3 162.2 162.4
-2 -2 -2 -2 -2 -2 -2 -2 -2 -2 -2 -2 -2 -2 -2 -2 -2 -2 -2 -2 -2 -2 -2 1.6 16.9 20.2 24.1 28.7 35.8 43.8 45.3 47.3 47.8 47.1 52.4 54.7 63.9 64.5 83.2 89.2 113.6 120.8 125 121.4 122.4 119.8 120.1 129.6 140.5 133.5 139.9 137.2 144 144.6 149.9 149.5 155.3 163.2 163.2 171.8 169.6 169.3 168.3 169.6 159.2 150.1 143.6 150.9 156 159.3 167.3 179.9 183.3 188.8 192.3 192 191.9 191.8 197.5 191.6 191.3 190.3 190.8 186.8 185.2 186.7 184.6 182.3 188.7 187.8 179.8 180.5 172.2 168.5 163.2 162.4
-2 -2 -2 -2 -2 -2 -2 -2 -2 -2 -2 -2 -2 -2 -2 -2 -2 -2 -2 -2 -2 -2 -2 3.5 15.2 27.5 32.2 39 44.6 50.4 54 55.1 59.3 65.4 71.5 69.5 72.8 82.5 84.3 91.8 111.5 128.5 129.6 131.6 130.9 129.1 132.8 137.7 143.9 152.5 148.3 148.5 148.3 147.9 153.4 161.1 169.8 174.7 174.9 176.6 174.6 174.9 179.4 176.7 164.3 151.3 142.8 145.7 148.9 156.3 167.9 174.9 177.6 182.5 186.5 188.9 197.2 206.5 200.5 201.8 199.1 194.3 195.8 196.4 192.1 192 191.6 189.1 185.5 185.4 186.2 182.1 178.3 176.4 171.5 164.2
-2 -2 -2 -2 -2 -2 -2 -2 -2 -2 -2 -2 -2 -2 -2 -2 -2 -2 -2 -2 -2 -2 -2 3.5 17.7 34.3 42.8 50 50.5 58.4 68.6 77.2 83.9 85.4 79.9 72.8 73 79.1 91.9 95.8 98.3 106.5 129.5 133.6 140.7 135.4 143.2 145.2 146.4 156.5 153.9 158.8 158.8 155.8 157.8 160.5 166.7 179 179.5 184.2 186 182.5 179.3 180.7 160.3 154 142.8 142.8 142.8 142.8 151.6 165 168.1 172.7 175.3 182.5 190.9 197.5 201.4 209.4 205.8 202.5 198.6 199.9 203.4 196.8 195.9 195.3 194.2 190.6 192.3 192.3 190.2 182.4 178.7 169.4
-2 -2 -2 -2 -2 -2 -2 -2 -2 -2 -2 -2 -2 -2 -2 -2 -2 -2 -2 -2 -2 -2 -2 4.5 14.8 36.5 46 53.3 58.2 66.6 77.9 89.1 87.6 82.5 77.3 73.2 73.6 76.8 85.6 92.8 101.4 103.8 114.4 131.5 141.3 145 147.9 153.5 149.7 151.8 157.9 166 165.7 163.8 161.4 169.2 175.5 172.3 177.3 184.5 190.9 188.1 174.5 166.3 159.5 155.5 145.1 142.8 142.8 142.8 151.8 152.3 157.5 162.4 170.1 176.8 189.6 191.9 194.6 205.3 208.5 206.2 200.1 200 201.6 201.6 199.6 198.5 198.8 197 197.2 197.9 199.6 198.4 184.6 174
-2 -2 -2 -2 -2 -2 -2 -2 -2 -2 -2 -2 -2 -2 -2 -2 -2 -2 -2 -2 -2 -2 -2 0.8 13.3 30.3 47.1 59.6 68.5 79.6 90.9 98.7 100.9 90.9 84.2 79.2 76.1 79.7 85 93.2 98.5 104.7 110.6 125.7 135.1 152.5 156.7 152.3 150.3 149.9 159.7 163 168.9 164.4 164.7 168.1 176.1 181.1 186.9 185 180.1 175 161.7 153.1 150 151.4 144.3 142.8 142.8 142.8 165 168.4 164.3 161.7 172.9 181.9 185 190.4 193.3 195.9 199.5 206.7 204.1 201.7 202.9 202 201.6 201.4 201.9 202.3 204 203.5 204.7 206.3 190.4 173.8
-2 -2 -2 -2 -2 -2 -2 -2 -2 -2 -2 -2 -2 -2 -2 -2 -2 -2 -2 -2 -2 -2 -2 -2 4.5 16.3 65.6 83.7 87.2 91.4 97.3 100.7 107.4 110.2 105.2 99.7 92.5 84.9 84.4 91.5 98 102.7 108.4 112.9 127.2 139.4 147.8 146.4 147.9 149.4 155.2 159.6 161.1 164.1 166.1 170.8 177.1 180 182.4 185.5 171.7 160.4 155.6 152 149.3 149.5 150.6 145.2 152.9 161.6 180.7 193.9 184.1 170.3 173.7 183.3 191.6 192.4 196.7 200.5 202.1 203.9 205.5 202.8 203.8 205.3 203.1 202.7 203.6 205.2 206.3 206.8 206.2 206.1 189.8 175.2
-2 -2 -2 -2 -2 -2 -2 -2 -2 -2 -2 -2 -2 -2 -2 -2 -2 -2 -2 -2 -2 -2 -2 -2 -2 10.4 33.9 78.2 95.6 93 96.2 101.6 102 106 105.1 104.2 99.1 93.5 89.6 90.3 97.6 102.3 104.1 108.9 112.9 124.1 135.7 138.5 142.8 149.1 150.8 149.7 154.1 155.2 157.6 165.5 172.6 175.1 172.4 166.9 162.9 161.4 168.3 161.6 155.9 160 162.4 157.8 158.3 179.1 188.7 200.1 198.6 183.8 174.6 188.7 195.3 203.3 203.7 208.2 208.5 210.1 207.2 205.7 204.3 204.1 204.3 205.5 209.1 210.7 209.3 208.9 209.4 204.2 191.7 179.2
-2 -2 -2 -2 -2 -2 -2 -2 -2 -2 -2 -2 -2 -2 -2 -2 -2 -2 -2 -2 -2 -2 -2 -2 -2 5.2 25.9 58.2 85.3 93.1 89.4 90.2 93.6 99 101.2 101.1 96.6 93.2 92 92.8 95.1 97.9 101.5 103.8 106.5 110.1 114.8 125.5 135.3 145.2 152.7 146.6 145.3 148.3 148.6 151.2 155.7 158.1 159.2 167.9 168.3 164 169.9 167 158.6 181.8 180.8 168.7 163.7 165.2 183.1 197 203.7 201.4 183.2 191.1 197.2 206.7 215.9 214.2 218.4 220 220.7 210.9 207.6 207 208.9 212.7 212.6 216.2 215.8 213.9 209.2 204 197.1 186.4
-2 -2 -2 -2 -2 -2 -2 -2 -2 -2 -2 -2 -2 -2 -2 -2 -2 -2 -2 -2 -2 -2 -2 -2 -2 -2 18.7 45.6 70.6 82.3 84.7 84.4 86 89.6 92.5 93.4 96.1 95.2 92.9 93.7 91.4 92.7 96.5 100.2 103.1 103.9 105.2 109.2 116.1 134.1 142.4 141.6 141.5 140.8 140.3 147.9 156.9 164.5 167.5 167.8 169.6 166.2 165.7 165.3 165 181.3 189.6 185.2 165 166.4 170.2 188.1 199.4 198.4 190.1 194.4 202.9 215.5 223.8 227 226.1 232.6 233.4 231 226 218.6 217.9 218.6 220.6 219.6 223.9 221.1 212.5 208.7 201.7 192.7
-2 -2 -2 -2 -2 -2 -2 -2 -2 -2 -2 -2 -2 -2 -2 -2 -2 -2 -2 -2 -2 -2 -2 -2 -2 -2 13.1 26.7 45.7 74.8 77.8 82.5 82.8 82.3 83.6 84.6 88 92.3 92 91 88.4 86.1 87.2 91.5 95.8 99.3 99.4 100.2 102.1 108.5 117.8 126.7 129.1 134 139.1 148.5 158.6 162.6 168.4 163.7 157.5 160.2 167.4 167.1 164.9 166.4 174.8 182.5 178 167.3 167.6 177.2 188.9 192.2 198 208.2 209.5 220.4 226.7 231.8 235.4 238.8 239.9 239.9 239.8 235.1 231.9 229.8 228.4 222.1 224.1 223.5 216.8 209.5 206.1 198.2
-2 -2 -2 -2 -2 -2 -2 -2 -2 -2 -2 -2 -2 -2 -2 -2 -2 -2 -2 -2 -2 -2 -2 -2 -2 1.1 9.6 20.5 34 50.9 61.7 76.1 82.9 78.1 76.1 75.6 77.8 81.7 84.5 85.6 86.1 85.2 83.5 85 86.5 91.3 94.2 93.4 94.6 96.3 101.8 111.2 117.3 128.7 138.3 141.9 148.1 151 155 152.8 150.7 152.2 173.9 178.5 182.9 184.7 169.1 170.3 179.4 176.1 170.8 171.5 180.4 190.7 205.2 213.8 215 222 229.4 234.5 237 243 246.3 247.8 248.6 245.7 239.9 238 236.3 230.8 221.6 220.5 216.5 210.8 208.1 204.8
-2 -2 -2 -2 -2 -2 -2 -2 -2 -2 -2 -2 -2 -2 -2 -2 -2 -2 -2 -2 -2 -2 -2 -2 -2 1.2 7.4 19.1 31.3 43.9 59 71.9 74.8 76 69.7 66.6 67.7 70.5 74.7 77.2 79.3 81.1 80.1 78.7 79.5 83.3 86.5 88.9 90 89.9 91.6 94.6 103.4 115.9 131.9 139.9 140.1 141.3 142.2 143.9 146.1 158.7 176.6 176.2 185 194.8 198.7 180.7 175.8 184.9 186.9 175.7 179 188.1 216 217.8 217.3 224.3 233.3 238.7 240.9 246.3 250.3 253.5 252.6 248.4 246.6 238.4 236 227.4 221.8 219.7 218.3 213 209.2 208.4
-2 -2 -2 -2 -2 -2 -2 -2 -2 -2 -2 -2 -2 -2 -2 -2 -2 -2 -2 -2 -2 -2 -2 -0.6 0.4 2 9.6 17.1 26.1 41.7 54.5 66.6 64.8 62.9 58.4 57.7 60 63.1 65.1 66.8 66.9 69 74.8 74.1 77.9 81.2 81.8 82.8 81.8 92.7 96.8 97.9 100.3 103.8 112.6 126.5 134.9 135.9 136.4 140.2 146.8 159.8 169.8 172.1 184 189.9 196.1 205.8 191.8 178.4 188.3 195.3 183.9 194.4 216.5 220.6 218.5 221.4 232.9 240.3 243 246.1 245.2 249.8 248.6 250.9 240.6 234.8 226 221.3 221.3 219.7 218.1 217.4 210.3 209.3
-2 -2 -2 -2 -2 -2 -2 -2 -2 -2 -2 -2 -2 -2 -2 -2 -2 -2 -2 -2 -1.4 0.2 0.4 0.9 1.8 7.5 15.3 16.9 22 35.1 45.2 51 54.4 50.7 54.8 57.6 54.5 58 59.1 64.3 71.7 74.8 72.5 69.9 75.2 80.3 79.8 79.8 80.4 92.4 102.8 106 109 112.1 120.6 122.6 128.8 132 133.5 134.1 145.1 161.1 163.1 163.7 176.8 193 193 198 207.9 182.6 185 198.8 203.2 195 216.6 217.6 217.5 218.9 222.3 226.9 233.9 240.6 238.4 235.1 235.3 233.6 230.8 227.7 218.9 219 219.2 217.8 215.6 212.4 210.9 210.2
-2 -2 -2 -2 -2 -2 -2 -2 -2 -2 -2 -2 -2 -2 -2 -2 -2 -2 -2 -2 -0.6 1.2 1.9 3.1 4.7 11.9 18.2 21 22.4 26.4 32.2 37.9 46.3 56.1 62.2 66.3 62.1 56.3 58.6 68.4 79.3 82.6 81.9 76.5 75 77.4 78.1 79 81 90.7 102.9 108.8 118.6 138.1 142.6 131.4 133.5 132 132.1 132.7 136.1 147.2 162.1 165.3 170.9 178.3 185.5 190.1 197.3 197 191.5 189.7 191.3 192.3 206.8 213.4 216.6 219.7 223.2 225.4 233.3 238.5 239.2 230.4 223 223.5 221.5 220 219.8 219.5 220 213.8 214.6 210.5 210.4 211.8
-2 -2 -2 -2 -2 -2 -2 -2 -2 -2 -2 -2 -2 -2 -2 -2 -2 -2 -2 -2 -2 1.9 3.9 6.5 13.9 15.6 19.5 20.9 20.5 24.9 32.4 45.9 52.8 59.3 65.1 64.1 63.4 58.9 57.9 70.5 84.3 88.6 85 83.8 77.8 76.7 77.2 78.2 82.5 93.8 103.8 109.6 118.2 123.7 141.4 143.2 135.8 135.2 133.4 132.5 135.4 145.3 146.3 155.3 160.8 171.7 181.6 184.8 186.9 185.7 193.1 201.8 190.4 189 202.8 213 215.7 223.4 221.5 222.9 230.4 231.9 224.8 209.9 209.5 214.2 221.4 221.4 221.5 220.2 218.2 211.1 208.6 208.1 209.2 210.3
-2 -2 -2 -2 -2 -2 -2 -2 -2 -2 -2 -2 -2 -2 -2 -2 -2 -2 -2 -2 -2 -2 6.1 14.3 14.9 16.2 20.9 32.9 38.7 29.9 36.7 44.4 54 59.3 63.3 66.6 66.4 63.9 61.6 67 74.1 85.1 85.5 82.7 79.1 77.1 77.4 79.1 86.1 100.4 113.3 120.1 131.8 135.7 127.1 127.3 138.1 138.9 134.1 133.1 134.3 137.1 141.1 142.4 151.8 163.2 179.2 180.7 180.7 191.7 197.4 201.1 202 188.9 201.9 218.4 215.8 218.7 216.2 217 215.3 208.1 200.2 198.2 202.9 212.4 219.7 221.5 220.3 218 214.8 208.9 203.6 203.6 205.4 207.2
-2 -2 -2 -2 -2 -2 -2 -2 -2 -2 -2 -2 -2 -2 -2 -2 -2 -2 -1.2 0.7 -2 -2 8.2 16.1 16 15.9 27.1 52.2 67.7 49.1 37.6 42.9 49.4 56.3 63.2 68.8 72.1 70.1 69.7 75.2 85.1 78.1 83.2 80.8 79.3 78 79.1 80.9 92 108.2 132.5 139.1 145.8 141.6 134 126.9 129 135.7 135 133.9 135 138.5 141.7 147.2 161.4 165.8 166.6 177 187.4 191 193.7 199 203.1 210.7 210.1 213.1 218.2 208.2 206.1 204.1 197.5 189.2 189.9 192.7 199.2 211 215.4 220.7 220.1 217.4 214.5 211.6 203.6 203.6 203.8 206.9
-2 -2 -2 -2 -2 -2 -2 -2 -2 -2 -2 -2 -2 -2 -2 -2 -2 -2 -0.3 1.9 5.3 5.8 -2 8 17.5 16.9 17.7 34.3 59.4 72.9 59.7 42.4 44.2 53.1 64.2 75 81.9 85 82.4 83.6 79.5 79.2 78.9 79 79 81.8 83.6 90.3 97.7 112.4 137.4 141.9 144 138.8 136.6 131.2 129 133 135.1 135.1 135.1 135.3 135.7 143.7 151.6 160.6 168.4 166.5 181.7 188.6 189.9 191.2 198.3 201.6 202.1 205.8 205.8 199.6 194.5 190.3 188.4 185.3 187.9 192.2 202.7 210 215.4 218.2 220.6 216.9 213.3 209.4 203.6 203.6 203.6 203.6
-2 -2 -2 -2 -2 -2 -2 -2 -2 -2 -2 -2 -2 -2 -2 -2 -2 -2 1.9 6.1 8.6 8.7 -2 -2 13.5 17.8 18 18.7 32.3 74.9 73 52.5 43.7 51.1 62.7 79.2 94.6 109.5 101.2 98.4 86.9 82.6 82.7 91.5 89.6 93.8 93.5 98.7 112 114 121.2 140 136.6 135 135.8 131.3 130.6 132.4 135.8 141.5 138.8 135.9 135 137.3 143.2 150.8 161.1 159.6 162 178.4 185 179.9 191 194.5 194.5 198.7 199 194.8 187.3 183.1 181.2 182.4 186.9 197.8 204.6 209.8 213 221.9 224.9 219.3 209.5 203.7 203.6 203.6 203.6 203.6
-2 -2 -2 -2 -2 -2 -2 -2 -2 -2 2.3 20.4 21.3 6.9 6.8 13.6 14.5 10.6 7.6 14.8 19.3 16.7 3.3 -2 13 18.6 18.8 20.7 19.9 37.6 51.1 59.1 51.8 50.5 59.2 80.3 102 125.8 126.1 122.5 103.3 87 92.7 105.8 114.1 117.4 115.9 121.2 129.5 144.6 121.2 126 132.6 133.2 133.8 132.2 131.5 139.9 158.4 153.3 152.4 139 134.3 136.3 139.6 142.9 146.5 156.8 156 157.4 164.3 169.7 176 185.8 190.3 192.1 192.6 188.4 181.7 178.9 178.4 182.7 190.4 196.5 208.1 210.1 218.8 231.1 226.1 216.2 208 203.6 203.6 203.6 203.6 203.6
-2 -2 -2 -2 -2 -2 -2 -2 -2 9.8 16.6 29.5 39.7 15.1 10.5 14.6 26 28.5 24.4 18.8 21.2 21.3 18.9 4.9 16.9 19.4 21.5 21.9 20.9 20.5 33.9 52.3 58.3 55.6 63.4 76.7 115.5 144.4 146.7 135 115.4 101.1 108 118.6 146.3 151.9 159.1 155.2 153 166.5 144.7 129.1 130.9 134.3 136.5 138.3 141.1 151.9 151.5 164.5 154.1 146.5 138.4 136.9 138 141.2 146.1 157.3 160.9 156.4 152.2 165.9 173.5 179.6 184.7 186.9 186.2 181.8 177.4 176.2 176.7 183.5 194.9 197.3 206 218.2 224.3 215.4 216.4 214.2 205.3 204.1 203.6 204 203.6 203.8
-2 -2 -2 -2 -2 -2 -2 -2 -2 23.7 18.2 17.9 27.4 18.2 11.5 12.9 27 37.2 36 26.4 24.4 24.1 21.4 7.9 19 24.6 37.3 23.9 22.3 21 24.4 38.4 56.1 64.3 75.7 95.2 136.9 144.2 140.8 142.4 119.4 111.8 118.3 131.2 153.6 164.2 169.3 162.4 152.4 153.7 150.4 141.5 141.4 147.8 144.6 151 146.1 149.8 161.4 155 158.1 142.3 139.5 138 137.1 137.7 143.1 147.6 164 160.2 150.2 148.9 171.1 178.4 181.3 188.8 190 180.1 173.6 170.3 169.5 180.3 187.3 198.7 213.2 213.7 210.1 207.7 207.7 207.3 203.6 203.6 203.6 203.8 203.6 207.5
-2 -2 -2 -2 -2 -2 -2 -2 -2 25.2 17.6 15.9 15.6 14.5 12.9 14.1 17.5 26.7 39.3 38.3 63.4 63.4 33.6 13.8 19 55.9 66.2 47.8 26.8 23.1 20.5 28.4 47.5 62.8 84.9 137 139.9 141.5 139.7 138.2 119.7 116.6 132 132.9 150.1 166.4 163.8 156.1 151.6 151.2 151.5 152.3 162.3 155.9 154.8 150.4 147.5 147 151.4 154.7 148 140.8 138.3 141.3 139.1 136.8 138.3 141.4 145.8 151.3 148 143.3 151.6 168.5 177 191.2 194.1 179.7 168 165.8 166.1 178.7 187.5 211 210.1 203.8 203.5 202.7 202.2 204.5 208.5 207.4 203.8 203.6 203.6 203.6
-2 -2 -2 -2 -2 -2 -2 -2 -2 20.2 15 15.1 14.6 15.5 17.1 17.6 19.7 30.3 75.4 83.3 87.3 73.9 43.9 23 7.9 27.8 54.2 62.1 46.8 31.5 23.6 23.4 33.5 52 78.1 111.9 145.5 145.9 142.1 129.3 120.5 124.5 157.3 155.4 139.7 149.5 161.6 155.4 153 157.4 156.2 161.2 162.7 157 151.2 147.9 148 146.3 145.3 145.1 141.2 138.3 137.1 147.2 149.2 139.2 135.8 136.6 136.7 142.6 143.2 138.2 134.6 155.4 173.8 190.9 189.7 173.4 164.4 160.8 160.8 175.3 197.6 206.1 204.1 202.5 201.4 199.5 203.8 216.1 215.1 212.4 206.9 203.6 203.6 203.6
-2 -2 -2 -2 -2 -2 -2 -2 -2 2.4 9.1 14.9 14.7 34.9 42.3 27.3 36 58.7 95.1 91.7 97.9 90.2 72 46.3 20.3 13.3 33.5 55.7 51.3 49 35.2 31.6 33.6 42.7 61.7 103.2 135.4 138.4 140.6 129.8 118.9 130.1 157.7 171.3 144.1 142.6 145.6 150.1 154.3 155.6 163 167 173.5 169.3 150.2 146 144.3 145 141.8 139.3 137.8 134.1 133.5 140.5 143 139.4 132.3 126.5 124.6 130.9 136.4 135.5 130.6 141.8 167.8 177 179.8 175.7 160.3 158.9 159.1 170.7 191.7 199.8 200.2 199.7 199.2 202.7 219.7 225.3 221.4 214.7 206.9 203.6 203.6 204
-2 -2 -2 -2 -2 -2 -2 -2 -2 2.8 16 23.5 39.5 64.6 59.3 50.7 63.4 94.1 104.9 92.6 106.9 108.9 101.2 82.6 41.2 12.3 23.5 39.9 54.9 55 47.9 44.3 40.9 39.9 51 81.4 112.1 122.1 130.7 119.9 112.9 123.9 137.2 162.9 157 154.6 154.5 150.4 155.1 158.8 157.8 162 171.3 177.5 170.5 152.8 144.6 142.6 138.7 133.6 128.8 125.1 125.3 128.3 130.4 130.6 125.7 117.6 114.5 114.2 125.9 133.1 125.4 132.9 146.1 156.1 159.7 158.8 158.5 159.1 163.7 176.5 193.5 203.5 193.5 193.3 198.4 218.7 223.7 226.6 228.9 218.7 206.1 203.6 205.2 206.8
-2 -2 -2 -2 -2 -2 -2 -2 12.7 27.3 32.9 51.8 55.8 64.3 64.1 69.5 77.5 100.3 108.5 101.6 110.1 116.7 111.6 95.9 69.3 26.4 16 25.8 48 52.7 51.3 45.9 39 37.2 45.9 58.5 78.4 92.9 99.2 104.3 111.3 119.1 150.5 163 171.8 159.6 172.2 172 164.5 153.3 157.2 157.5 155.2 167 164.3 160.1 147.2 135.8 130.7 125.5 120.1 115.6 115 114.6 117.2 119.7 119.9 110.3 104.8 105.1 114 117.4 117 119.2 140.9 142.5 151.9 164.9 163.3 172.2 166.9 172 176.4 181.7 184.5 187 206.9 230.4 232.6 232.4 224.3 213.3 206.6 207.7 211.4 213.6
-2 -2 -2 -2 -2 -2 -2 19.9 28.9 47.9 52.8 78.1 70.8 82.5 82.5 86.7 97.7 102.5 113 114.1 113.3 110.8 105.5 93.8 74.9 43.8 19.1 17.7 31 42.6 42.3 40.8 38.4 46.4 52 58.5 66.8 78 90.9 100.9 121.8 128 139.7 168.2 175 175.1 175.7 176.5 165.5 150.8 142.8 148.4 148 146.7 148.9 142.6 135.6 126.4 119.9 114.6 109.6 109 106.5 105 104.1 106.5 104.8 101.8 98.7 99.2 99.7 102.4 100.8 106.9 117.2 130.1 149.1 158.9 162.3 167.4 167.8 164.4 166 168.9 176.6 188.1 215 229.6 226.2 221.3 219.2 215.8 223.5 221.7 220.2 223.9
-2 -2 -2 -2 -2 -2 25.7 25.2 38.2 55 56.2 70.5 77.1 91.1 105.1 115.9 106.5 104 105.1 108.6 119.8 111.1 97.7 89.4 72.8 53.4 28.8 19.4 26.1 36.7 36.3 38.4 45.4 58.3 66 75.5 87.3 86 101.8 95.7 108.7 126 125.5 161 165.6 175.4 172.4 167.9 161.2 150.2 144.6 136.6 131.9 131.7 130.6 126.9 120.5 112.8 108.6 105.4 98.7 98.8 98.7 98.7 98.7 98.7 98.7 98.7 98.7 98.7 98.7 98.7 98.7 99.1 103.4 116.4 135.6 151.2 165.3 162.5 160.4 159.8 159.4 166.1 180.8 197.5 210.1 219.3 214.5 215.4 223.1 228.7 237.9 233.7 229.4 222.5
-2 -2 -2 -2 -2 -2 35.8 39.7 45.2 52.2 59.5 71.6 88.9 102 113.7 124.1 132.5 129.6 114.1 108.6 113 110.5 96.9 84.1 74.9 63.9 41 21.2 24.8 31.8 37.6 50 72 78.2 84.4 91.8 119.1 115.9 125 119.3 102.7 127.1 126.6 152 163.7 166.7 166.4 164.8 149.8 143.6 141.8 134.1 123.7 114.5 113.6 110.4 104.4 98.7 98.7 98.7 98.7 98.7 98.7 98.7 98.7 98.7 98.7 98.7 98.7 98.7 98.7 98.7 103 105.6 104 112.5 135.3 145.6 156.2 156.4 154.3 154.8 159.7 170.6 187.1 200 215.5 212.5 212.5 215 222.8 222.4 233.3 232.8 234.1 229.1
-2 -2 -2 -2 -2 -2 47 54.9 59.2 56.6 67 71.1 89.3 112 121.2 127.6 131.8 127.2 119.8 107.6 108.5 104.7 95.5 83.5 73.3 68.9 58.9 22.4 27.2 30.4 41.4 70.6 118.3 134.8 118.3 116.3 137.1 148.5 127.6 146.2 134.4 129.3 129.9 129.9 155.7 168.2 162.6 157.4 141.4 131.1 128.1 124 112.2 103.8 98.7 98.7 98.7 98.7 98.7 101.7 107.1 104.7 102 102.3 98.7 98.7 98.7 98.7 98.7 98.7 101 106.6 102.6 106.2 107.6 108 123.1 142.1 143.5 147.1 152.6 159.3 166.5 178.7 193.9 202 209.9 213 212.5 212.5 215.5 218.1 241.6 249.1 248.5 245.2
-2 -2 -2 -2 -2 -2 38.4 54.8 61.7 62.7 65 72.4 88.8 99.1 104.2 106.3 105.5 101.8 97.3 96.5 89.8 88.4 84 75.6 68.8 63.8 58.7 34 30.9 31 54.2 91.3 148.3 175.1 165.8 152.4 136.4 163.4 158.6 139.1 149.2 161.6 143 128.9 134.5 157.6 155.1 139.5 130 120.9 120.2 115.7 103.4 98.7 98.7 98.7 98.7 101.7 103.4 104.3 105.6 105.2 105 103.8 99.9 98.7 98.7 98.7 98.9 101.4 102.5 107.5 110 109.4 113.2 111.7 110.5 122.3 132.5 145.8 154.8 162.6 169.8 179.6 192.3 204.7 207.6 210.1 214.5 212.6 218.7 239.3 247.1 250 247.6 240.2
-2 -2 -2 -2 -2 -2 3.5 26.8 40.9 56 56 63.2 64 79 84 82.9 76.8 74.2 76.9 78.2 75.6 70.3 67 64.7 57.3 52.8 47.6 36.3 27.8 32.2 51.9 77 141.9 181.1 184.8 167.6 158.7 162.1 169.9 162.4 144.1 144.3 161.3 129.4 121.2 126 130.3 125.4 116.7 112.2 108.2 106 99 98.7 98.7 98.7 103.4 106.6 107.6 109.8 110.8 111.7 113.6 111.8 108 102.3 103.9 104.8 107 109.3 104.5 106.9 109.8 110.6 118.4 117.1 114.2 121.9 134.8 145.1 157.6 162.3 177.5 207.1 211.3 207.5 208 208.3 217.3 213.5 219.4 235 239.6 243.2 243.6 245.8
