WholeMapElevations/data/nh/nh52_OST50GRID_20230518/NH52.asc
ncols 200
nrows 200
xllcorner 250000
yllcorner 820000
cellsize 50
[rows 140 to 174 of 200, columns 0 to 79 of 200]
15.3 15.3 15.3 15.3 15.3 15.3 15.3 15.3 15.3 15.3 15.3 15.3 15.3 15.3 15.3 15.3 15.3 15.3 15.3 15.3 15.3 15.7 38.3 61.7 73.3 86.1 105.8 114 122.7 133.1 144.6 143 137.4 149.2 160.2 180.3 195.7 198.9 197.3 181 169.8 162.2 158.7 160.7 158.7 161.6 151.1 143.1 129.4 100.8 73.3 87.1 124.2 160.1 175.2 182.6 185.6 186.9 191.3 190 183.4 175.7 166 155.8 157.8 150.1 152.4 143 122.4 125.8 142.1 157.2 169.3 184 201.8 202.4 200.8 202.9 204.5 204.1
15.3 15.3 15.3 15.3 15.3 15.3 15.3 15.3 15.3 15.3 15.3 15.3 15.3 15.3 15.3 15.3 15.3 15.3 15.3 15.3 15.3 24.2 54.2 72.2 84.3 100.6 113.2 123.4 132.8 140.8 150.5 144.7 157.6 159.7 173.4 193.4 202.5 202.1 206.5 182.3 164.1 155.8 153.1 158.6 153.7 150.6 146.2 136 118.1 82.6 77.6 113.6 154.4 186.7 188.6 191.5 192.1 189.5 194.2 198.5 190.5 181.2 172.7 171.4 173.7 179.2 182.3 174 157.5 135.9 123.6 130.2 142.5 159 180.1 190.3 197.8 193.4 196.4 198.2
15.3 15.3 15.3 15.3 15.3 15.3 15.3 15.3 15.3 15.3 15.3 15.3 15.3 15.3 15.3 15.3 15.3 15.3 15.3 15.3 30.2 43.2 69 83 98.8 114.9 123.4 131 141.9 146.8 145.8 164.9 166.9 169.2 190.4 211 210.7 204.9 208.2 180.5 161.6 151.9 152 151.3 146.1 141.8 141.4 124.7 94.5 74.5 98.1 143.9 171.8 186.5 188.8 188.6 189.7 189.7 193.5 193 188.4 179.9 176.4 178.6 183.8 193 191.1 184.6 177.4 171.7 160.5 146.8 140.6 138.5 143.7 156.3 165.5 169 172.8 175.1
15.3 15.3 15.3 15.3 15.3 15.3 15.3 15.3 15.3 15.3 15.3 15.3 15.3 15.3 15.3 15.3 15.3 15.3 21.9 38.6 37.3 62.7 80.4 92.8 109.3 125.2 132.8 138.9 143.9 147.1 163.8 176.2 173.8 178.4 197 214 202.9 195.4 193.4 172.9 158.1 150.7 150.7 150.5 143.6 137 132.3 116.2 77.5 86.2 119.9 162.7 178.6 183.8 184.6 184.7 186.4 186.9 193.7 190 184.6 178.6 178.6 179.6 187 190 189.1 186.9 185.7 183.9 189.2 192.9 188.1 179.2 159.6 146.8 142.2 143 145.7 149.8
15.3 15.3 15.3 15.3 15.3 15.3 15.3 15.3 15.3 15.3 15.3 15.3 15.3 15.3 15.3 15.3 15.3 18.3 41.2 43.8 53.2 75.5 90.1 102.8 117.9 131.5 138.9 143.8 147 160.5 178.8 181.7 178.7 183 200 214.4 208.3 183.9 181.4 165.7 152.8 151.6 150.7 148.7 140.6 121.2 112 90 81.8 114.7 165.5 181 188.3 182.1 182.2 182.7 185.6 186.8 188.7 186.3 182.4 180 180.5 184.5 189.9 190.6 191.1 190.6 189.1 194.4 204.3 205.3 209 208.5 203.2 187.1 164.2 159.2 157.8 152.6
15.3 15.3 15.3 15.3 15.3 15.3 15.3 15.3 15.3 15.3 15.3 15.3 15.3 15.3 15.3 15.3 15.3 38.4 58 52.5 63.9 80.7 98.7 112.2 128.1 137.5 143.3 149.7 150.3 175.1 188.7 186.1 181.1 198.8 214.7 222.8 208.1 183.2 166.7 158.3 154.7 154.8 153.7 150.6 139.5 102.1 85 79.9 102.1 142.6 183.9 180.8 180.6 179.7 178.7 178.8 183.4 184.1 183.5 182 182.2 182.7 184.4 188 191.6 191.4 190.8 191.9 190.6 203.7 207.5 207.5 211.5 209.5 202.5 195.3 180.5 182.9 182.3 178.6
15.3 15.3 15.3 15.3 15.3 15.3 15.3 15.3 15.3 15.3 15.3 15.3 15.3 15.3 15.3 15.3 18.8 56.5 68 59.3 73.4 88.4 104.9 121.6 136.3 142.3 148 149.5 163.8 190.4 196.9 190.7 199.9 221.9 228.8 227.8 208.2 178.5 160 154 156.8 158.5 162.8 156.6 133.3 91.3 79.6 100.7 126.1 165.4 175.4 174.8 173.9 173.3 172.6 174 176.9 179.9 179.8 180.9 182.4 185.8 188.7 188.7 189.5 190 188.9 190.3 201.6 210.4 207.5 210.7 213.2 207.6 198.7 185.3 188.9 192.5 191.8 189.1
15.3 15.3 15.3 15.3 15.3 15.3 15.3 15.3 15.3 15.3 15.3 15.3 15.3 15.3 15.3 15.3 37.9 66.6 71.9 67.8 82.9 92.4 111.1 127.6 137.9 142.3 147.1 147.8 177.2 197 207.3 200.4 215.9 224.8 222.6 225 211.6 175.6 157.2 151.7 156.9 167.7 177.6 166.5 103.9 81.7 98.6 127.8 139.7 153.5 164.3 167 167 169.3 171.4 172.3 174.1 174.8 177.3 179.3 182.3 186.2 188.8 188 187.5 187.4 188.2 192.7 206 207.7 207.9 214.1 209.8 200.9 190.4 192.2 194.3 197.1 196.6 194.4
15.3 15.3 15.3 15.3 15.3 15.3 15.3 15.3 15.3 15.3 15.3 15.3 15.3 15.3 15.3 15.6 50.1 66.8 66 70.4 86.1 101.2 118.9 130.9 135.9 140.3 141.2 160.6 185 202.8 213 211.5 223.5 220 214.6 224.1 212 172.9 158.3 151.6 156.2 160.5 166 120 87.4 88 115.5 135.4 144 150.7 161 163.7 165.8 168.1 170.2 170.8 172.7 174.3 175.4 176.4 182.9 185.6 185.4 184.8 185.6 186.1 187.8 191.6 202.2 204.4 206.5 208.8 197.6 192.4 197.1 199.3 200.8 200.5 199.6 195.7
15.3 15.3 15.3 15.3 15.3 15.3 15.3 15.3 15.3 15.3 15.3 15.3 15.3 15.3 15.3 27 60.4 67.7 65.4 77.6 89.4 109.2 125.6 132.9 134.8 135.8 141.2 171.8 197.2 215.1 221.1 216.2 220.3 218.6 211 213 205.7 176.6 161 148.6 154.6 149.7 134.7 89.2 82.3 100.4 121.7 136.7 147.4 152.9 159.8 164.4 165.4 167.1 169 170.3 171.6 174.1 177.1 177.8 179.4 182.4 184.2 186.6 187.3 187.6 188.4 194.2 200.3 202.4 198.1 199.7 195 197.9 202.2 204.4 205 203.6 201.3 196.3
15.3 15.3 15.3 15.3 15.3 15.3 15.3 15.3 15.3 15.3 15.3 15.3 15.3 15.3 15.3 38.2 63.8 67.5 67.8 81.9 98.8 116.6 130.1 132.9 130.9 134.5 149.4 184.3 212.4 236 219.5 222.2 218.9 216.5 216.6 206.5 196.1 178.4 156 144.2 145.1 130.2 98.7 84.6 93.1 110 120.1 134.2 146.4 154.9 164.9 163.6 162.5 165.6 168.9 171.4 173.1 175.7 178.3 180.4 182 183.6 185.6 188.1 188.8 189.1 189.2 197.8 200.1 199 198.5 197.6 199.8 203.6 207.3 208.6 208.1 206.8 202.7 194.8
15.3 15.3 15.3 15.3 15.3 15.3 15.3 15.3 15.3 15.3 15.3 15.3 15.3 15.3 20.1 41.8 60.4 67.1 72.6 88.4 103.9 121.5 131.7 129.8 130.5 140.4 162.5 192.9 220.7 228.5 226.1 226.2 215.3 210.1 210 193.3 186.4 167.7 147.2 141.5 132.2 108.2 89.5 90.5 107.5 117.6 127.1 137.3 150.4 158 160.3 160.3 162.1 165.1 168.6 172.2 175.3 178 180.6 183.5 185.1 186.5 187.9 190.4 191.6 193.2 192 192.7 200.1 197.7 197.8 200.9 205.6 209.4 210.9 211.2 210.7 209.8 197.7 179.4
15.3 15.3 15.3 15.3 15.3 15.3 15.3 15.3 15.3 15.3 15.3 15.3 15.3 15.3 27.3 46.2 63.2 72.5 85.3 95.8 108.5 121.9 129.3 129 141.6 151.6 177.2 198.9 222.1 223.5 225.1 218.2 206.3 207.2 198.9 186 174.3 158.6 143 125.5 110.6 94.7 97.6 106 119.1 128.3 134.2 152.9 161.3 160.7 160.6 161.4 163.4 166.8 169.8 172.8 176.9 180.3 183 186.3 188.2 188.9 190.4 192.4 195.2 194.6 192.8 193.7 194.5 196.4 199.8 205.3 210.6 210.9 213.8 216.2 213.3 202 181.2 165.6
15.3 15.3 15.3 15.3 15.3 15.3 15.3 15.3 15.3 15.3 15.3 15.3 15.3 25.2 42.1 56.1 70 80.4 89.9 98 110.4 118.3 123.4 143.5 159 165.3 187.1 201.6 215.2 217.5 214.8 206.8 199.1 196.3 187.4 173.7 165.5 154.7 133.8 116.9 100.1 102.4 111.9 123.5 129.3 136.8 148.7 167.3 165.2 163.4 163.6 163.7 164.9 167.8 170.3 173.6 177.8 181.6 185.4 187.9 189.7 191.8 195.1 197.4 193.8 193.2 194.3 193.4 194.1 198.8 203.2 208.8 210.3 210.5 211 213.6 208.2 189.3 168.1 176.5
15.3 15.3 15.3 15.3 15.3 15.3 15.3 15.3 15.3 15.3 15.3 15.3 18.3 38.5 51.9 67.7 77.8 85.5 93.1 100.3 109.9 116.2 142.9 162.2 168 173.5 189.4 192.3 199.7 204.3 205.3 199.4 191.9 185.4 181.7 173.9 165.2 140.7 125.6 109.6 106.4 115.1 125.2 128.8 135.2 148.8 167.1 169.5 167.1 165.5 165.9 166 167.1 168.7 171.2 174.4 178.5 181.5 185.8 188.2 191.4 192.4 196 193.3 190.7 190.1 194.5 194.9 199.1 201.5 205.3 209.7 209.7 209.7 209.9 210 196.4 174.8 177.2 189.7
15.3 15.3 15.3 15.3 15.3 15.3 15.3 15.3 15.3 15.3 15.3 15.3 30.2 47.2 62.5 75.9 83.8 90.9 96.7 99.7 111.7 135.5 159.8 173.9 174.3 177.9 186.8 181.1 188.4 195.9 197 189.6 187.6 185.6 184.3 175.4 154.1 134.3 116 105.1 118.2 134.4 139.5 139.8 140.5 162.8 170.3 168.8 167.8 167.5 167.9 168.3 169.4 170.9 172.5 174.8 178.2 180.8 185.2 188.8 192.5 191.9 191.8 190.2 188.7 189.9 192.4 198.7 201.6 204.7 207.6 209.1 209 208.9 208.8 205.6 183.6 172.9 187.7 192.3
15.3 15.3 15.3 15.3 15.3 15.3 15.3 15.3 15.3 15.3 15.3 21.3 40.9 57.4 71.3 82.3 90.3 97.4 100.6 104.5 132.3 153.8 171.3 178.7 174.3 177.2 179.4 179.1 182.6 188.3 190.1 189.6 188.2 188.3 191.6 167.2 141.3 123.7 109.6 116 130.8 145.8 147.5 144.8 152.3 167.5 172.1 170.3 169 169.5 169.5 170 171.1 172.6 174.2 176.2 178.4 180.6 181.4 186.2 191.5 191.6 191 189.8 188.5 189.1 192.8 199.3 203.3 206.2 208.3 208.9 208.5 207.9 206.9 187.8 172 188.6 190.7 193.4
15.3 15.3 15.3 15.3 15.3 15.3 15.3 15.3 15.3 15.3 15.3 33.1 50.1 68 79.5 89.4 97.7 101.9 103 116.6 141.5 169.7 183.1 178.4 172.7 171.4 177.3 177 176.7 185 191.6 193.8 189.4 189.7 187 155.5 131.5 115.6 120.3 135.7 150.2 152.7 150.5 146.8 160.5 169.8 177.3 171.1 171.8 172.2 171 171.6 172.8 174.2 176.1 178 180.6 182.7 184.8 185.1 188.7 190.3 190.7 190.2 189.6 190.1 195.7 199.6 203.2 205.8 207.5 208.3 206.8 206.2 202.4 175.3 181.3 191.5 193 194.6
15.3 15.3 15.3 15.3 15.3 15.3 15.3 15.3 15.3 15.3 24.6 42.5 64.4 75 86.7 95.7 102.5 107.2 105 126.3 162.7 180.7 189.6 176 166.3 166.8 172.1 172.6 176.7 187.6 200.4 199.3 188.6 183.1 168.7 140.6 122.7 116.5 140.4 161 163.6 152.4 149.6 153.9 160.7 165.6 173 178.5 180.2 174.5 172.6 172.9 174.4 176.1 178.6 179.8 182.4 185.1 187.9 188.4 189.2 189.8 190.6 190.7 191.1 193.4 197 200 202.6 205 205.9 206.8 207.6 204.9 190.1 172.8 190.7 191.3 194.2 197
15.3 15.3 15.3 15.3 15.3 15.3 15.3 15.3 15.3 23.3 36.2 55.8 72.7 84.1 98.1 104.1 108.7 112.2 116.9 137.4 166.4 182 180.6 165.6 161.7 162.1 165.7 169.4 176.1 187 194.4 197.9 181.7 171.8 152.9 128.3 115 129.8 151.7 168.7 166.2 156 150.3 154.1 161.5 166.2 170.4 173.7 176.7 174.6 173.5 173.9 176.2 178.5 180.7 181.5 183.8 186.3 188.1 188.8 189.4 189.9 190.3 190.8 193.1 195.7 198.3 200.3 202.1 203.5 204.5 205.3 206 199.8 185.2 172.8 185.6 193.1 197 198.2
15.3 15.3 15.3 15.3 15.3 15.3 15.3 15.3 21.7 32 53.7 65.9 81 96.6 105.3 111.7 116.8 122.6 136.2 152.3 172.4 179 170.9 162.3 158.3 157.7 161.3 167.8 174.7 181 184 174.3 170.7 162.3 138.5 121.9 117.6 140.9 151.7 173.2 167.6 151.9 156.7 161.9 164.9 167.5 170.1 172.5 175.4 175 175 175.7 177 179.3 181.5 182.6 184.8 187.2 188.5 189 189.5 190 190.4 191.3 193.9 196.5 198.9 201 201.6 202.2 203.1 203.8 200.1 192.2 183.3 174.4 182.3 192.1 195.7 198.2
15.3 15.3 15.3 15.3 15.3 15.3 15.3 15.9 28.4 53.3 65.2 78.2 94.9 105.5 112.8 121.3 126.6 135.8 149.7 163.5 180.4 188.4 189.9 179.3 164.7 156.4 159.4 168 169.9 169.1 170.5 166.8 162.1 144.9 125.2 112.9 122 142 155.4 164.6 158.4 153.2 157.7 162.2 166.4 168.6 170.6 172.8 174.9 176.1 177.1 177.8 178.6 180.1 182.3 183.8 186 188.1 188.6 189.1 189.6 190.1 190.7 191.8 194.6 197.1 199.3 201 201.4 201.5 200.6 201.1 197.1 187.1 187.6 186.3 173.7 180.1 188.5 196.6
15.3 15.3 15.3 15.3 15.3 15.3 15.3 22.2 54.6 63.8 77.7 90.7 106.1 114.8 120.3 134.3 142.4 151 155.9 169.3 190.3 196.8 200.6 189.9 173.3 156.8 158.4 160.5 159.6 159.9 158.4 154 147.6 135.4 115.9 114.8 124 137.3 158.3 161.8 157.3 155.8 157.6 162.6 167 169.8 171.8 175.3 176.4 177.6 178.1 179.4 180.6 181.4 183.1 185.1 186.9 188.6 189.2 189.6 190.1 191.2 192.4 193.8 195.9 196.6 198.8 200.8 200.7 200.6 197.9 194.6 188.1 190.3 191.6 191.2 188 189.4 179.4 187
15.3 15.3 15.3 15.3 15.3 15.3 18.4 35.1 63.1 74.6 89.3 105.2 114.3 121.3 131.7 145.3 159.1 168.9 168.8 179.4 197.9 203.7 203.4 192.8 169.7 157.1 157.3 156.5 159 161.9 158.9 152.3 139.2 127.8 114.6 117.4 135 142.8 155.2 154.1 153.1 158.9 162.8 164.5 167.5 171 173.9 177.6 178.9 179 179 180.1 181.4 182.7 184.5 185.9 187.4 189.2 189.9 191.2 192.5 193.7 194.9 196.6 197 196.8 197.9 199 198.8 197.6 195.5 192.4 190.3 193 193.7 193.6 191.4 192.3 191.8 185.2
15.3 15.3 15.3 15.3 15.3 15.3 21 52.3 72.9 87.5 103.4 116.4 122.5 132.2 144.5 159.8 171.6 177.7 174.8 192 211.3 212.1 204 183.1 166.9 157 154.3 156.7 170.3 169.8 163.8 148.7 132 118.9 118.1 132.5 147.8 150.9 146.9 149.7 158.5 162.1 164.3 167 169.6 172.4 176.6 178.8 179.5 179.7 180.3 180.9 182.7 184.8 186.7 188.1 189.2 190.7 191.5 192.6 194.3 195.9 197.4 198.2 197.7 196.9 196.4 196.3 197.3 196.6 195.3 192.4 194.4 194.1 194.4 194.8 195.1 195.4 195.6 195.9
15.3 15.3 15.3 15.3 15.3 18.3 41.8 68.4 86.5 102.1 117.4 123.9 133.3 147.5 166.2 175.7 183.4 185.8 180.9 198.2 211.9 207.6 190.3 183 169.5 158.5 151.1 163.9 172.9 169.1 154.5 134.2 119.5 120.8 142.9 164.5 161.8 155.1 152 160.1 167.2 166.7 167.6 168.6 171.2 174.4 177.7 179.2 179.9 180.5 181 183 185.1 186.8 187.5 189.6 190.4 192.5 193.2 194 195.7 197.4 198.5 197.8 197 196.4 196.3 195.9 195.5 195.5 193.5 195.6 196.1 196.1 197 197.4 197.8 198 199.8 200.2
15.3 15.3 15.3 15.3 16.3 33 59.7 83.6 96.9 116.5 124.5 134 146.7 167.6 181.5 190.9 199 200.9 186.2 192.6 200.8 198.4 197.5 191.3 168.7 157.4 151 168.6 168.3 159.1 140 120.6 120.5 132.3 161.7 163.8 158 154.8 160.1 172.9 172.2 169.6 170.6 171.4 173 176.1 178.5 180 181.3 181.5 182.7 184.8 186.9 188.6 188.3 190.5 192.8 195 195.3 197.6 197.5 199.2 198 197.3 196.5 196.5 196.6 196.4 196 195.3 194.8 196.5 197.1 198.2 199 199.8 200.3 200.6 199.8 197.6
15.3 15.3 15.3 15.3 22.9 49.3 76.7 91.5 105.1 118.3 131.3 144.4 167 192.6 205.9 208.5 209 199.1 190.7 186.9 190.9 198.7 197.7 179.4 164.7 150.8 155.5 161.8 160.7 145.6 126.1 122.4 128.1 140.5 164.7 164.7 155.3 159.2 173.5 176.8 170.5 170.4 171.4 172.4 174.3 177.4 178.2 179.4 184 183.9 183.7 184.9 187 187.1 189.5 192 194.2 196.3 198.9 202.4 201.8 201 198 196.8 196.7 196.7 196.7 196.7 196.5 195.6 195.8 196.9 199.5 200.6 202.2 201.1 200.1 199.1 197.1 195.9
15.3 15.3 15.3 18 36.8 62.1 86.4 91.7 109.2 126.6 140 157.5 195.1 225.6 227.7 225.8 216.8 205.8 191.9 188.4 186.5 188.7 180.3 172 158.4 149.2 156.7 157.5 148.8 131.1 127.7 135.1 139.8 157.5 174.6 164.4 155.6 159.7 170.4 172.3 171 171.4 171.9 172.7 174.4 178.3 178.8 179.6 183 184.3 185.9 185.8 185.7 188.4 191.2 194.1 196.8 199.2 202.5 209.4 207.3 201.7 198.1 196.8 196.8 196.8 196.8 196.9 196.7 196.2 197.8 199.7 201.6 203.2 202.3 200.6 198.5 197.8 195.8 193.9
15.3 15.3 16 33.2 47.7 65.8 84.9 99.3 120.3 136.3 143.7 184.6 223.1 241.2 236.8 228.7 220.5 212.6 195.1 189 187 186.9 186.3 175.9 152.2 149.9 146.4 142.7 131.8 125.2 142.6 146.9 146.9 160.3 170.9 163.9 156.5 159.4 161.3 166.8 171 171.5 172.2 172.6 173.8 178 178.7 179.9 183.6 185.4 185.3 185.4 188.1 189.6 192.5 195.4 198.2 200.7 204 206.7 204.9 199.7 195 195.8 196.7 196.7 196.7 196.5 196.1 196.2 197.3 198.3 200.3 202 201.4 199.9 197.8 196.5 194.3 193.8
15.3 15.3 27.7 49.4 64.5 78.7 90.4 114.7 134.8 141.9 154.6 197.7 225.6 232.3 228.8 229.1 222.8 220.7 197.8 193.5 197.8 201 197.4 175.3 155.4 149.8 138.7 130.8 126.2 147.8 162.8 151.8 144.8 157.6 164.1 164 156.6 157.9 158.8 162.3 171.2 172.2 171.5 172.1 173.2 177.8 178.7 179.4 183 186 185.6 189.5 190.7 191.9 193.8 196.7 199.4 200 201.5 201.5 201 198 192.9 193.6 196.6 196.5 196.2 195.9 195.5 196.4 197.5 198.5 199.3 198.8 198.9 197.9 196.8 195.2 194.3 193.7
15.3 19.1 44.2 64.5 81.4 86.5 108.8 129.5 146.2 148.1 174.4 213.9 231.6 222.5 216.5 213.8 202.3 197.2 192.3 202.6 209.8 212.3 195.5 161.2 158.8 150.4 136.9 127.1 146.3 171 170.3 158.7 147.1 154.9 160 158.5 155.9 158.6 166 168.1 171.6 171 171.1 172 172 175.3 176.7 178.5 177 183.3 190 191.1 192.3 193.1 194.1 196.4 198.2 198.7 198.3 198.2 196 192.9 192.9 192.9 196.2 195.9 195.6 195.3 195.6 196.6 197.6 198.6 199 198.7 197.7 196.7 195.6 194.3 193.6 194
17.8 38.2 60 74.9 84.8 106.7 126.8 144.6 153.8 153.4 182.3 226.9 237.5 224.5 211.8 206.4 199.6 194.6 196.5 207.7 212.4 210.9 176.3 168 158.5 147.9 131.2 133 161.6 171 170.1 159.9 148.4 157.3 160.7 158.5 157.6 163.2 167.3 170.9 172.1 171.7 171.6 171.6 171.7 172.1 175.7 174 177.3 183 189.4 191.3 192.1 193 194.1 196.1 196.7 195 192.9 192.8 192.9 192.9 192.9 194 195.5 195.2 195.4 195.7 195.9 196.7 197.6 198.6 198.7 198.7 197.5 196.4 195.1 194.4 194.9 195.3
33.2 56 74.6 82.8 105.5 124.6 138.7 151.8 157.8 165.6 191.9 223.8 236.7 234.5 217.3 204.4 197.9 195.8 198.9 207.7 210.2 188.6 169.8 168.7 156.3 142.7 129.2 144.3 167.4 170.6 170.3 161.5 150.9 162.7 163.3 156.7 158.6 162.6 172.7 171.9 171.9 173.3 173.1 171.6 171.9 172.9 172.7 178.1 186.9 190.6 191.1 191.8 192.2 193.2 193.8 194.3 194.2 193.1 193.1 192.9 192.9 192.9 193.4 195.4 195.6 195.9 196.1 196.4 196.7 196.9 197.8 198.2 198.3 198.5 197.2 196.3 195.5 195.7 196.1 196.5
49.7 69.9 82 106.7 125.1 136.6 148.9 161 169.2 182.2 203.3 229.4 237.4 224.6 207.9 201.5 198.9 198.4 196.6 202.3 198.1 174.8 171.2 168.8 158.2 137.3 129.8 156.8 170.4 169.1 169 157.9 152.6 154 158.5 156.5 161.5 166.7 173.7 173.1 172.4 173.9 173.5 172.4 175.8 174.5 178.8 188.1 193.7 198.4 202.1 200.4 194.8 194.5 193.9 193.8 193.6 193.6 192.9 192.9 192.9 193.1 195 195.8 196.2 196.4 196.7 196.9 197.2 197.4 198.2 198.1 197.6 197.7 196.9 196.5 196.3 196.9 197.3 197.7
