UK/data/nt/nt11_OST50GRID_20230518/NT11.asc
ncols 200
nrows 200
xllcorner 310000
yllcorner 610000
cellsize 50
[rows 35 to 69 of 200, columns 0 to 77 of 200]
313.8 320.1 321.7 320.6 317.8 314.3 312.1 312.1 312.1 312.1 312.1 312.1 312.1 312.1 312.1 313.9 315.4 319.8 331 339.1 344.7 351.3 359 363.7 364.4 358.9 354.7 352.3 351 347.9 349.2 350.3 353.4 358.1 364.5 371.1 373.9 375.5 380.4 386.7 394.5 405.8 415.8 436.8 458.1 475.6 496.2 513.2 531.6 550.6 571.2 591.2 613 632.6 643.3 641.5 632.9 626.7 620.7 614.3 610 608 606.4 602.5 589.2 554.4 529.7 514.1 499.6 489.9 481.1 474.2 468 453.4 442.4 437.5 438 431.6
316.6 324.8 326 324.8 322.4 320 317.7 314.9 312.1 312.1 312.1 312.1 312.1 312.1 312.1 312.7 317.4 330.5 346 356.3 359.9 365.8 375 381 382.4 379.4 374.5 368.7 366.5 363.7 358.3 355.7 358.1 362.2 366.7 371.6 377.8 383.7 385.4 390.5 400.6 407.1 422.4 437.6 465.9 488.7 509.5 527.5 545 565.7 586.6 605.2 624.2 641 647 643.6 636.2 629.9 624.1 619.6 616.4 613.1 611.9 609.9 603.2 575.7 548.9 533.9 523.4 513.6 500.3 490.8 480.8 471.4 460.3 448.6 442.3 437.4
324.1 329.7 330.8 329.4 327.9 326.8 324.5 319.2 312.1 312.1 312.1 312.1 312.1 312.1 312.1 312.1 328.4 343.5 362.4 373 378.7 383.4 389.4 396.2 399.7 400.8 396.6 389.9 385 379.9 375 366.1 365.2 368.9 374.9 380.2 382 388.4 393.4 398.2 402.2 413.5 429.9 446 470.3 499.3 520.9 538.9 557.5 578.3 595.3 611.9 629 640.8 645.5 644.2 638.7 632.2 627.3 623.1 619.6 617.7 617.8 615.1 613.8 597.3 569.9 553.5 543.9 536.6 525.4 516.4 501.5 486.3 472.1 463.1 451.6 444.1
327.2 331.8 335.3 336.3 336.3 334.4 331.5 326.3 320.3 313.1 312.1 312.1 312.1 312.1 312.1 312.1 329.7 349.5 370.4 385.8 394.4 401.6 408.7 412.7 417.9 420.1 418.1 413.2 407.3 402.5 395.1 384 376.2 377.5 387 391.9 397.3 401.6 407.6 411.4 412.4 420.7 439.3 457.3 481.4 508.3 526.8 545.4 564.2 584.5 597 610.8 626.3 637.3 642.9 643.8 640 634.4 630.7 627.4 624 622.2 621.7 623.6 622.2 617.8 597.8 576.4 567.1 561.8 551.1 540.1 524.5 506.1 490.5 475.7 456.3 443
330.4 331.5 337.4 343.8 347.5 346.2 342.5 335.4 327.7 318.9 312.1 312.1 312.1 312.1 312.1 315.2 329.5 346 369.5 389.3 403.7 414.7 424.3 429.2 433.9 436.7 438.5 437.2 432.3 426.4 416.5 405.2 393.7 388.7 397.9 404.9 413.7 420.3 424.2 431.6 436.4 433.5 446.1 465.2 484.9 511.8 531 547.8 565.6 582.7 595.2 606.8 621.9 633 639.9 643.1 641.3 638 635 631.9 629.8 628.4 629.4 631.2 630.2 627.2 621.9 608.7 597.1 587.9 576.1 561.8 546.4 531.1 503 479.8 462.1 449
333.9 335.7 339.3 348.6 356.8 361.3 354.5 345.2 335.9 325.3 312.1 312.1 312.1 312.1 312.1 312.1 325.4 341.3 360.6 384.2 404.8 420.4 432 440 446.4 448.8 454.6 459.1 457.7 451.3 442.4 430.1 415 402 407.8 416.9 432.6 438.8 446.5 454.8 460.1 460.6 459 469.8 487.8 506.8 527.7 544.1 561.3 576.6 589.9 604 617.4 629.4 637.6 641.1 642 641 640.3 639 637.4 636.1 638 638.6 636.6 634 631.7 625.8 615.1 603.2 593.4 578.3 561.6 536.9 508.8 486.4 468.1 454.7
337.4 339.2 341.3 352.3 362.2 371.8 370.4 358.8 346.6 334.3 320.9 312.1 312.1 312.1 312.1 312.1 319.1 332.6 349.9 371.7 396.2 422.6 439.5 447.8 455.7 462.6 465.5 471 477.4 477.2 468.9 453.8 435.6 420.3 420.2 435.6 446.7 457.9 467.3 476.4 484 488.5 486.2 480.7 488.1 505.3 518.7 536.5 553.4 567.3 581.5 597.6 610.9 624 634 640.2 643.4 644.8 645.1 647 648.3 646.1 646.7 645.8 641.9 640.8 638.4 630.9 618.2 606.3 593.8 579 557.3 533.9 511 492 476.6 463.7
339.4 344.4 350.3 357.7 367.7 377.1 387.6 375.9 357.2 344.1 330 316.9 312.1 312.2 313 312.8 314.8 324.6 340 360.1 383 412.4 440.4 452.1 461.1 469 472.5 480.2 488.5 490.8 484 469 451.3 437 435.3 448.2 458.1 470.6 484 497 507.4 514.4 511.3 504.9 496 497.6 510.7 526.6 542.4 558 573.6 590.6 605.7 620.3 632.2 641 645.5 648.4 650.6 653.7 659.3 657.6 655.7 652.4 649.5 647.5 642.2 632.3 617.7 602.7 587.2 568.8 545.9 526.3 509.2 495.3 480.1 461.4
344.5 350.7 356.2 360.6 370.5 379.2 389.7 385 364.9 351.6 339.3 325.4 314.2 312.1 314.4 314.6 315 316.5 330 347.3 368.7 395 425 448.6 458.6 466.5 474.1 483.6 490.5 492.8 490.4 480.5 466.3 454.2 452.1 460.1 468.9 483.9 498.7 513.7 528 536.3 535.6 528.2 519 514.9 516.5 519.4 532.6 548.1 566.5 584.1 600.4 615.4 628.4 637.6 645.5 651.5 656.1 659.2 662.6 664.6 663.1 661.6 659 654.8 647.2 632.7 614.3 596.5 580.1 559.7 540.7 523 509.4 497.5 482 464.5
347 353.6 361.2 365.9 368.6 380.8 392.4 383.7 369.7 358.1 346.7 334.7 322 316.1 315.6 315.4 315.7 316 320.1 335.5 353.7 376.3 403.2 428.1 444 457.2 465.8 475.2 484.8 488.9 490.4 486.6 478.1 470 469.3 472.5 481.7 496.1 511.5 527.1 541.5 552.7 557.3 554 544.1 536.8 533.7 534.6 534 543.2 560.4 578.3 595.8 610.5 624.9 636.2 645.3 652.8 658.8 662.7 666.7 670 670.5 668.9 665.8 661.1 653.5 637.1 615.2 593.8 573.9 554.8 536.3 520.3 508.9 499.1 484.3 467.8
347.4 355.7 363.7 370 375 384 390.2 384.1 374.9 364.8 355.2 343.9 331 320 316.5 315.8 316.1 316.8 316.9 322.8 340.5 359.7 381.5 403.8 423.3 438.7 450.1 461.4 474.3 481.7 487.6 489 485 482.6 483.8 486.1 494.3 506.8 522.3 539 553.9 566.3 573.3 575.4 569.3 562.3 557.8 553.1 550.9 552 559.4 574.3 594 609.3 623.5 636.5 647.5 654.4 661.4 667.3 672.4 676.2 677.7 674.6 671.7 667.7 660.2 643.2 618.2 594.4 572.2 552.5 533.4 517.5 507.8 499.5 486.1 470.3
349.2 358.4 366.7 375.1 380.9 387.6 388.5 384.1 378.3 370.5 361.6 351.6 339.7 327.3 317.8 316.8 316.8 317.5 317.7 318.6 329.4 346.8 365.5 384 401.8 419.1 432.6 446.4 460.6 472.2 481.6 486.2 488.1 491.3 493.4 498.9 506.2 519.1 534.9 548.5 563.5 576.3 584.4 589.6 592.1 588.9 584 579.9 574 573.9 574.9 579.8 595 611.7 624.9 637.3 649.7 657.8 665 671.8 678.4 680.6 680.9 679.5 676.1 671.8 665.6 649.4 623.3 597.7 574.9 554.1 533.6 517 508.1 501.3 488.2 474.3
351.9 358.4 369 378.1 383.6 387.4 388.8 386.6 382.7 376.2 367.8 358.4 347.2 335.2 322.6 318.1 317.8 318.1 318.4 319 324.6 338 354 371 387.1 404.4 420 434.2 448.1 461.7 473.4 483.3 490.9 497.2 501.7 510.9 519.5 532.9 544.6 557.2 571.3 583.4 592.4 599.5 605.8 609.7 608 605.3 600.5 595.1 596.5 599.3 609.3 620.5 632.3 643 652.8 662.1 668.9 675.3 680.5 681.7 682.2 681.3 678.7 674.8 669.1 655 630.1 602.4 579.6 556.9 536.6 519.7 511.1 503.4 491.7 480.5
354.9 361 369.9 376.9 385.1 390.7 391.9 390.7 387.1 380.7 373.4 364.7 354.8 342.7 329.9 319.3 319 318.9 319.2 319.8 321.2 332.8 346.1 360.5 379.7 396.7 413.7 428.2 441.2 455.4 469.2 482.7 494.5 502.6 509.4 522 534.7 546.5 555.4 563.6 576.4 588.3 598.9 607.2 615.2 621.6 625.7 627.3 625.8 619.2 618.7 621.4 626.7 633.7 642.6 650.3 657.6 666.3 672.8 676.7 680 681.8 683.2 681.4 678.9 674.6 669.4 659 641.1 612.1 584.2 560.8 538.6 523.7 514.6 507.3 495.6 485.1
357.4 363.1 368.9 377.8 387.7 392.2 395 394 390.4 385.9 379.5 371 360.3 348.7 336.6 326.6 318.2 319.5 320 320.5 321.5 327.8 338.5 355.7 373.4 393.8 412.6 431 443.5 454.8 466.5 480.8 494.9 504.4 512.7 527.8 544.8 556.5 562.4 568.2 578.6 590.2 603.1 611.7 621.4 628.9 635 639 641 638.5 637.6 641.2 644.7 649.4 653.9 659.1 666.2 671.4 675.5 678.8 680.4 680.9 680.4 678 674.8 670 665.1 656.6 643.6 621.5 593.1 566.3 543.3 526.8 517.4 509.9 498.7 490.5
358.6 365.2 373.6 380.4 390.9 395.7 398 398.1 396.3 394.2 388 378 367 354.9 343 333 324.2 321.4 321 321.4 321.9 323.9 333.7 348.4 366.9 387.9 408.7 430 443.5 453.9 463.8 476.3 490.6 500.6 512.6 531.3 548.8 559 566.5 572.7 580.5 592.6 605.5 614.7 625.5 633.7 640.4 647 651.2 653.1 653.5 656.6 661 663.8 665.2 670.5 675 676.8 679.6 681.8 680.4 679.1 676.2 672.7 667.3 662.4 656.7 649.9 638.2 624.7 601.2 572.9 546.6 532.1 521.2 511.6 503.1 492.1
363.3 370.3 375.8 382.9 393.3 398.8 401.1 402.8 405.2 404.9 403 387.8 375.5 362.2 349.9 339 329.9 322.8 322.1 322.2 323 323.3 326.5 340.2 358 377.6 398.5 421.8 439.6 452.2 461.6 471.1 481.6 493.5 511.9 532 548.3 560.1 569.8 577.5 586.5 597.7 606.4 615.7 626.5 636.6 647.8 656.7 665.5 670.3 671.6 673.8 676.7 676.6 677.6 677.9 678.3 681.5 683.4 682 677.8 673.9 669.9 663.7 656.7 649 644.9 638.3 629.6 619.2 603.8 578.6 548.8 534.9 524.1 515.3 508.3 499.8
366.5 374.9 382.9 386.5 394.8 401.3 405.8 410.7 414.5 417.4 415.5 407.4 388.6 370.9 356.5 344.4 334.4 325.4 322.6 323.9 324.1 324.4 325.3 330.9 347.9 364.9 386 413.6 433.5 448 456.5 462.9 471 487 508.5 528.9 545.2 557.5 567.6 578.8 590 600.5 605.8 615.9 627.9 641.4 654.1 666.5 677 683.7 686 688.4 689.1 688.1 685.8 682.9 683 685.8 683.5 678.6 672.6 666.1 659.6 651.8 643.2 636 631.6 625.2 619.1 610.4 597.9 577.6 551.8 539.2 529.3 521.8 513.8 505.1
372.6 379.3 387.8 394.1 400.1 406.6 411.5 419.8 424.5 429.5 428.4 422.4 399.5 378.4 363.5 350.3 338.7 330.6 324.9 324.1 325.3 325.4 325.9 326.9 337.3 354.7 372.6 395.4 420 437.4 445.6 450.8 461 481.5 503.6 523.9 539.8 553.1 565.8 578.8 587.2 597.8 606.9 616.3 628.6 641.8 656.8 671.9 681.7 688.1 691.2 694.9 695.4 694.7 691 686.5 683.9 682.7 679.1 672.3 664.8 656.8 648 637.8 628 621.5 616 610.3 604 596 585.3 570.8 550.2 540.4 532.7 525.5 514.2 502.2
379.5 386.3 394.5 400.8 403.7 411 417.3 426.2 430.9 436.7 436.8 423.4 401.6 383.8 369.9 356.6 344.3 335.5 329.1 325.7 326.2 326.3 326.7 327.6 330.1 345.5 361.3 378.5 398.4 417.2 425.7 440.1 457.4 477 496.6 516 533.4 548.3 560 573 584.3 594.2 603 613 626.2 639.4 654.5 669.4 680.4 687.2 691.7 696.6 697.2 694.3 691.2 686.7 678.9 674 669.1 663.1 655.6 646.5 636.2 625.3 614.4 606.7 600.8 594.7 588.4 581 573.1 563.5 550.9 542.8 533.2 520.4 507.1 498
388 395.6 404 409.6 410.2 414.8 421.7 428.8 432.8 439.7 436 419.3 401.6 386.3 374.5 362.4 350.1 340.1 332 327.6 327.1 328 327.6 328.5 329.3 337.6 352.8 366.2 381.8 395.8 412.9 431.2 449 467.2 487.1 508.5 526.5 541 552.2 565 577.9 587.5 596 608.4 619.9 633.5 647.5 661.4 672.2 678.5 685.7 693.2 692.9 689.3 683.9 678.1 670.8 663.5 658 651 642.6 633.6 624 613.1 602.7 593.1 586.3 581 574.4 568.3 560.8 553.4 549.2 538.8 523.9 509.1 500.5 502.8
397.8 404.3 411.1 415.6 416.7 416.8 422.4 429.1 436 436.7 429.8 416.3 401.4 389.3 378.7 368 356.3 345.5 339.3 333.6 328.6 329 328.6 329.5 330.3 334.2 345.8 355.7 368.4 384.3 401.6 421.3 439.1 458.2 477.7 499.2 518.2 533.6 545.8 556.9 568.3 578.9 589.7 601.8 613.1 625.3 636.8 647.9 657.6 665.6 674.3 680 680.2 676.7 672 665.8 659.9 652.7 645.4 638.2 629.9 621 611.3 600.7 591 582.4 575.8 570.3 561.9 555.5 551.2 546.4 537.6 524.7 512.2 509.2 509.4 511.1
401.5 409.9 418.7 422.5 422.6 422.8 424.1 429.3 435 432.4 427.2 415.5 403.7 392.4 382.5 372.8 362.2 353.3 345.8 338.7 332.8 329.7 327.8 331.1 331.5 332.9 338.2 349.4 361.6 374.4 391.8 410.7 427.3 445 465.1 485.6 504.6 522.5 536.8 546.3 554.5 568.8 581 594.6 605.2 615.3 624.1 633.7 642.7 650.7 657.7 662.7 665.1 662.7 659.1 653.6 646.6 639.2 630.9 625.5 617.6 608.4 598.3 590.3 582.7 575.5 568.5 559.6 554 548.5 539.6 529.1 519.9 510.8 513.8 513.5 516.1 518.2
405.9 417.8 424.6 428.2 429 429.8 429.8 430.8 431.8 431.2 426.9 416.3 406.2 396 386.4 377 368.5 359.9 351.3 344 338.2 333.9 331.4 331.3 332.4 333.3 334.6 343.8 353.8 364 379.1 395.3 412.4 430 449.5 469.2 487.2 504.9 520.5 531 539.9 554.9 568.6 581.3 591.2 600.3 609.7 620.3 628.1 634.6 641.1 645.4 648.3 646.9 644.3 639.8 633.1 626.3 619.3 612.7 606.1 598.7 590.4 584.2 577.6 570 560.3 551.2 542.9 532.5 522.8 519.8 519.2 518 519.4 520 520.1 521.8
410.7 420.9 431.8 437 436.1 436.1 436.2 436.5 435.4 432.8 428.7 419.7 410.4 400.7 391 382.5 373.8 365.7 357.6 350.4 344.7 339.6 335.1 332.7 333.5 334.5 335.8 340 349.3 359.4 370.2 383.1 398.6 414.9 431.9 449.6 467.4 483.5 499.2 512.9 524.7 538.3 551.5 564.4 575.5 584.7 595.4 605.5 614.2 619.5 624.1 627.5 630.2 630.5 628.3 626.1 622 616.2 610.8 604.5 598.4 591.6 586.3 580.8 573.3 563.3 554.1 544.2 529.7 521.9 523.4 523.2 522.7 523.5 523.2 522.7 522.8 524.5
412.4 423.9 436.3 443.6 444.2 443.9 443.5 442.7 441.2 436.2 431.8 423.9 415 406.2 396.4 387.9 380.3 372.2 364.1 357.3 351.5 345.6 340 335.9 335.2 335.5 336.6 340.2 346.5 354.4 364.3 373.5 386 400.2 417.2 433.6 448.8 464.6 481.3 497.8 514.4 527.5 539.3 551.1 563.1 574.1 582.7 590.9 598.2 603.1 607.5 610.6 613.3 614.1 615.4 615.6 614.7 610.2 605.1 599.5 593.6 588.8 584.1 578.2 570 558.1 546.2 532.1 522.2 526.2 526.3 526.7 528.1 526.8 525.7 526.1 528.2 531.5
412.6 424.5 438.3 451 452.8 452.3 451.9 451.2 449.2 443.9 437.5 429.6 421.5 412 402.1 393 385.1 377.2 370.5 363.6 357.5 351.4 345.2 340.5 337 336.9 336 339.7 346.3 355.8 366.3 377.6 391.1 405.4 415.8 424.5 436.5 451.9 466.6 486.1 503 518.4 530.3 541.7 551 561.6 570.9 578.6 586.2 590.8 594.9 598.8 602.7 606.3 608.7 609.6 609.6 607 601.7 596 591.3 587.3 583 576.5 568.9 555.8 539.3 526.1 528.2 530.6 530.1 531.1 531.8 530.5 530.6 532.2 537 543.5
412 424.5 442.9 454.2 458.7 460.8 461.3 462.5 459.4 453.8 446.2 436.6 428.1 418.2 407.7 397.7 389.8 382.4 375.7 368.9 362.5 356.3 350.2 345.4 340.4 338.3 338.6 340.1 345.4 355.1 366.2 377.1 391.6 409 424.6 436.5 449.2 464.3 480.5 494.9 505.1 512.3 521.3 530.8 540.1 551.5 562.6 571.4 579.7 585.2 589.2 593.4 596.8 600.7 603.8 605.5 607.5 604.4 599.5 593.8 589.5 585.2 581.4 578.6 571 555.3 536.8 526.9 534.4 534.1 534.3 534 535.7 537.2 539.7 544.9 550.7 557.3
410.5 425.5 444.3 455 465.5 471.3 474.1 474.3 469.8 463.8 455.2 443.6 434.4 423.5 413.2 403.2 394.7 387.6 380.1 373.4 366.7 360.4 354.3 348.3 342.2 339.8 340.3 341.4 344.8 352.9 363.9 376.3 389.7 408.6 428.7 442.9 457.9 478.3 498.8 511 522 529.9 536.5 542 549.9 558.1 567.3 574.6 581.7 588.9 593.1 596.2 599.1 601.4 603.9 605.6 606.2 602.3 596.9 591.4 587.6 583.9 580.6 578.5 572.7 554.8 535.4 531.6 537.8 538 537.9 539.4 542.2 546.1 554.3 563.1 568.5 575.2
409.5 424.5 439.4 457.4 471.2 479.1 482.9 483.2 479.4 472.7 463.9 452.8 440.4 429.6 419.5 408.4 399.7 391.6 384.9 377.9 371.2 364.6 357.6 350.8 344.2 341.8 341.9 342.9 344.1 350.9 360.6 373 387.7 405 427.1 443.8 463.7 489.4 508.9 521.4 529.4 537.9 547.2 555 562.2 568.8 575.1 581.5 587.6 593 597.6 601.2 603.9 605.3 607.1 606.8 604 599.4 594.1 589.2 585.1 582.2 580.2 578 572.2 554 533.7 539.2 541.4 542 542.3 546.3 551.4 561.5 573.6 582.9 589.9 597.3
410.3 422.7 437.9 455.1 472.8 485.2 489.7 487.8 485.9 481.3 472.5 461.4 447.4 434.5 424.8 413.5 404.7 396.9 390 382.7 376.3 369.5 362.2 353.9 346.4 343.7 343.8 344.2 345.2 349.5 357.7 370 384.7 401.9 420.2 441.2 465.5 492.2 514.1 526.9 535.9 545.6 555.8 563.4 570.9 577.4 583 588.2 593.6 597.7 601.7 605 608.9 609.2 608.6 606.3 602.6 597.1 591.9 586.5 583.6 581.2 579.3 576.5 570.2 554.9 533.2 541.2 544.2 545.1 548.2 552.9 563.4 575.9 590 601.8 613.8 624.6
408.2 419.6 436.6 455.6 474.6 486.8 493.1 494.6 491.9 487.8 480.5 467.7 454.1 441 429.2 418.4 409.7 402.4 394.8 387.7 380.7 374.2 367.2 357.4 351.5 348 346 346.1 346.7 349.3 356.2 367.4 380.1 395.8 415.2 434.9 461.3 490.6 514.6 531.8 542.5 554.1 563.7 572.3 579.4 585.3 590.4 595.4 599.8 603 605 608 609.9 610.8 610.2 605.6 600.6 594.7 588.3 583.9 581.5 579.6 578.3 575.3 568.9 555.3 539.3 535.3 545.3 547.9 551.7 558.3 570.5 587 603 616.1 633.1 646.7
406.1 417.6 432.4 451.4 471.9 486.4 496.3 500.5 499.3 495.3 487.1 472.7 459 446.3 434.7 424.3 415.8 408.1 400 392.6 385.4 378.5 371.5 365.9 359.2 353.9 348.9 348.1 348.9 350.4 354.4 363 375.2 387.3 406.4 425.8 453.5 485.8 512.8 531.8 545.1 557.3 568.2 577.7 584.9 591.2 596.9 601.2 604.2 606.8 607.6 608.4 609.4 609.3 607 603.6 597.6 591.4 584.7 580.7 578.9 578.6 577 573.1 566.5 554.6 542.2 536.6 541 548.8 552.3 560.6 571.8 593.8 611.5 626 645.6 660.8
403.8 414.7 429.2 449.2 469.4 486.1 497.8 504.5 504.2 500.5 490.2 477 463.4 451.7 440.5 430.3 421.2 412.9 405.1 397.5 390.3 384 378.1 372.5 366.6 359.7 353.6 350.5 350.6 352.3 353.4 359.1 369.6 383.3 397.1 414.8 437.2 467 498.1 520.8 538.5 552.4 567.6 577.6 586.7 594.6 600.3 603.7 606.3 606.8 606.6 606.8 606.6 605.1 602.7 597.6 593.2 587.9 581.3 578.1 577.3 576.9 575.5 571.7 564.2 554.1 545.7 540.4 539.1 545.3 550.3 557.6 568.6 588 609.6 630.8 652.5 668.2
401.3 412.2 427.2 445.6 467.2 484.8 496.9 501.9 500.6 498.2 491.8 480.4 468 456.9 446.5 436.2 426.2 417.6 409.9 402.2 395.8 389.4 383.3 377.7 371.8 365.3 358.9 353.1 353.3 356.1 356.3 357.9 363.8 374.4 388.1 405.2 421.8 446.1 474.7 497.5 518.1 536.7 550.4 562.8 575.1 587.9 596.3 600 603.7 604.8 603.3 602.7 600.5 596.3 593.2 590.1 587 582.1 577.9 576 575.7 575.4 574.7 569.7 562.4 552.9 547.9 544.9 541.2 542.2 547.3 554.4 564.1 579.7 601.5 626.4 649.9 668.8
