UK/data/sk/sk59_OST50GRID_20230518/SK59.asc
ncols 200
nrows 200
xllcorner 450000
yllcorner 390000
cellsize 50
[rows 111 to 147 of 200, columns 84 to 167 of 200]
94.2 91.9 91.8 89 88 86.7 82.8 69.3 64.5 72.8 71 69.4 70 70.5 70.7 73.3 71.1 78 77.8 78.1 78.5 78.7 78.5 78 77.4 75.9 74.8 73.6 71.6 70.5 70.6 70.1 70.9 73 74 73.6 72.8 71.7 70.5 69.3 68 67.1 66.1 65.3 65.5 65.7 65.9 66.2 66.8 66.9 67.1 67.2 66.7 65.9 64.9 62.7 59.5 57 55 53.3 52.1 50.9 50.1 48.6 48.5 48.3 47.8 47.6 48.3 47.9 45.9 43.2 40 38 36.2 34.1 32.9 31.8 30.2 29.9 27.5 26.4 25.9 25.9
92.8 85.9 76 75.6 86.3 84.7 79.5 66 67.5 73.1 69.9 69.5 69.8 70.5 69.5 78.2 66.6 78.5 78.3 78.4 78.4 78.3 78.1 77.6 77 75.6 74.3 72.7 70.8 69.5 69.3 69.3 70.1 72.2 73.7 73.3 72.5 71.6 70.4 69.3 68.2 67.3 66.4 65.6 65.2 65.3 65.5 65.9 66.3 66.4 66.5 66.6 66 65.3 64.4 62.6 60.4 57.5 55.7 54.4 53.6 51.9 50.6 49.4 49.3 49.3 48.5 48.9 49.5 48.5 47 44.3 40.6 38.6 36.7 34.9 33.2 32.1 30.6 29.8 28.1 27.8 27.4 26.3
87.7 75.4 75.2 75.1 73.9 82.4 72.6 67 69 75.4 67.3 69.1 76.5 72.8 69 67.3 67.1 78.5 79.1 78.9 78.5 78.1 77.8 76.9 76 75 73.7 71.9 69.9 68.6 68 67.7 68.9 72 73.2 72.9 72.2 71.5 70.3 69.6 68.4 67.5 66.6 65.9 65.5 65.1 65.1 65.5 65.9 66 66 65.9 65.3 64.6 63.7 62.7 60.3 58.4 56 54.4 53.3 51.8 51.3 50.4 50.8 50.5 50.3 50.7 50.3 49.2 47.6 44.6 41.2 39.1 36.9 35.4 33.7 32.2 31.1 30.1 29.2 28.8 28.4 27.1
83 75.3 75.3 75.4 73.8 71.4 68.7 66.4 65.4 65.1 66.9 74.9 75.5 76.1 68.8 68 67.1 65.7 79 78.6 78.2 77.7 77 75.8 75.4 74.3 73.1 71.3 69.3 67.7 66.9 67.2 68.2 70.6 72.2 72.1 72.1 71.3 70.4 69.8 68.5 67.6 66.6 66.1 65.6 65.3 65 65.2 65.5 65.6 65.6 65.3 64.6 63.8 63 61.7 59.8 58.3 56.3 54.2 52.7 51.6 51.4 51.9 52.6 52.9 52.2 51.6 50.8 49.6 48.2 45.1 41.3 39.6 37.4 35.9 34.3 32.8 32 32.3 30.6 29.7 29.4 28.1
80.6 75.4 75.4 75.3 74 71.8 67.3 66.7 66.2 66.5 66.7 67.6 68.2 76.6 68.4 68.5 67.5 66.3 78.6 78.1 77.5 76.8 75.9 75.1 74.2 73.3 72.2 70.6 69 67.8 66.2 66.4 66.9 68.4 71.3 71.4 71.4 70.9 70.6 69.7 68.6 67.6 66.7 66.3 65.8 65.4 65 65.1 65.2 65.3 65.3 64.8 64 63.3 62.6 61 59.4 57.9 56.3 54.6 53.1 52.2 53.1 54.1 54.8 55.7 55.4 53.7 52 50.2 48.8 46 43.4 40.5 38.3 36.9 35.3 33.7 33.7 33.8 33.2 31.2 29.2 27.9
84.8 75.7 75.9 75.6 72 69.1 67.5 66.7 66.3 65.9 66.8 69.3 68.5 75 72.4 69.6 71.3 67.4 78.4 78.2 76.7 75.4 74.5 73.7 72.8 71.9 70.7 69.8 68.5 67.1 65.5 65.8 66.6 67.3 69.3 70.4 71 71.1 70.6 69.4 68.3 67.4 66.5 66.4 65.9 65 64.6 64.7 65 65.2 65 64.3 63.5 62.8 62.1 60.6 59 57.9 56.4 54.8 53.8 53.8 54.7 55.9 57.1 58 58.1 56.6 53.7 51.2 49.4 46.3 43.5 41.3 39.3 37.8 36.3 35.8 37.1 37.1 35.9 33.2 30.4 28.4
88.5 77.2 77.7 74.5 73.5 68.5 67.4 66.3 65.2 65.8 66.5 67.9 69.7 68.3 75.9 72.9 68.1 70.8 76.7 77.1 75.6 74 73.3 72.7 71.6 70.5 69.1 68.6 67.8 66.6 64.9 65.3 66.3 66.9 67.7 68.5 70.4 71 70.1 68.9 67.8 67 66.1 65.9 65.9 64.7 64.5 64.8 65.1 65.4 65 64.3 63.4 62.4 61.4 60.3 59.4 58.4 56.8 55.8 55.7 55.8 56.1 57.4 58.2 58.6 58.6 57.9 56.2 53.3 50.3 47.4 44.6 42.3 40.1 38.3 36.9 37.9 39.9 40.9 40.8 38.5 34.9 29.4
91 83.9 85.2 74.7 70.1 68.6 67.1 66 64.9 64 66.8 63.5 64.5 69 67.7 66.9 66.9 69 73.8 75.8 73.5 72 71.6 70.8 69.8 68.5 67.2 67 66.5 65.8 64.5 63.1 65.4 66.4 67.6 68.3 69.8 70.4 69.4 68.3 67 66.1 65.3 65 65.1 64.6 64.5 65 65.3 65.3 65.1 64.4 63.5 62.9 62.2 61.5 60.2 59.2 57.9 57.2 57.2 57.5 57.8 58 58.5 58.8 58.7 58.2 57.1 54.9 50.8 48 45.4 43.1 41 39.1 37.9 39 41.4 43.3 43.7 43.4 39.9 33
91.6 94.2 93.5 81.3 77.3 77.3 66.9 65.8 64.6 63.5 60.7 60.7 63.3 79.4 67.9 73.5 65.6 67 69.5 69.4 72.5 70.7 68.9 68.3 68.2 66.9 66 64.7 64.2 63.7 62.5 61.4 62.8 64.7 66.2 67.2 68.3 69 68.9 67.4 66.1 65.2 64.4 63.6 63.3 62.8 64.1 65.4 65.9 65.6 65.4 65 64.5 64 63.5 62.6 61.2 60 59 58.6 58.5 58.7 58.8 59 58.9 58.8 58.7 58.3 57.5 55.5 50.7 47.8 45.5 43.6 41.6 39.9 38.8 40 41.3 43.4 44.6 44.4 41.2 33.9
93.9 94.6 94.1 87.5 80.9 80.2 66.9 64.5 64.3 63.5 60.7 60.7 63.3 80.5 73.6 78.4 67.3 65.2 71.2 74.7 72 70 68.3 67.1 66.8 65.3 63.9 62.8 62.3 61.9 60.8 60 62 63.9 65 66 67.1 68.1 68.2 66.9 65.1 64 62.9 61.9 61.1 60.8 63.3 65.2 65.6 65.8 65.7 65.3 65.3 65.1 64.7 63.8 62.4 61.2 59.9 59.2 59.4 59.3 59.1 59.1 59 58.8 58.6 58.3 57.3 56.3 51.7 48 46.5 44.6 42.3 40.6 39.5 39.7 40.9 41 42.8 43 38.9 34.9
94.5 94.9 93.3 85.5 73.3 69 67.6 71.6 73 63.9 60.7 60.7 62.7 80.3 77.9 76 71.8 62.3 65.9 75.4 72.7 69.2 67.5 66 64.7 62.4 61.3 61 60.5 60.1 58.4 58.7 60.6 62.2 63.5 64.9 66.2 67.3 67.4 66.3 64.4 62.7 61.4 60.4 59 59.1 62.5 65.2 65.4 65.6 65.7 65.8 65.7 65.6 65.3 64.7 63.8 62.8 61.2 60.1 60 59.8 59.3 58.8 58.7 58.5 58.1 57.6 57 55.7 51.8 48.4 46.8 45.1 42.8 41.3 40.2 39.4 38.8 38.4 37.7 37.9 36.6 35.1
92.7 88.2 85.9 72.3 77.7 80.6 82.1 86.7 88.2 69.6 67.6 67.4 68.4 79.5 77.6 76 74.9 71.2 62.3 64.9 72 69.5 67.7 66.3 64.3 62.4 60.7 59.4 58.9 58 56.7 57.1 58.5 60 61.8 63.6 65.6 66.6 66.7 65.3 63.7 61.9 60.2 58.5 56.7 57.6 60.7 63.8 64.9 65.4 65.6 66 66 65.8 65.4 64.8 64.1 63.5 62 61 60.2 59.4 58.7 58.2 57.8 57.5 57.3 56.8 56.5 55.2 52.5 49 46.8 45 43.5 42.2 41 39.7 38.3 36.7 35.4 34.4 34.1 33.6
88.1 89.5 73.5 83.8 92.4 94.6 94.7 94.7 94.7 84.8 84 81.6 80.1 78.4 77.3 76.2 75.1 74.3 67.7 61.2 66.2 69.8 67.8 65.8 63.9 61.7 60 58.3 57.3 56.5 55.5 55.4 56.3 57.8 59.4 61.7 64.2 65.3 64.7 61.3 59.8 59.1 59 57.5 53.8 56.3 58.4 61.4 63 64.5 65.5 66 65.9 65.7 65.4 64.9 64.2 63.1 61.5 61 60.3 59.6 58.6 57.7 57.1 56.3 56.1 56 55.5 55 53.6 49.8 47.3 45.7 44.3 42.8 41.3 39.7 37.8 36 34.6 33.7 31.5 32
88.5 80.5 84.1 93 97 95.8 94.4 94.3 94.4 101.1 89.1 83.9 81.2 78.8 77.6 75.8 74.7 73.6 70.6 63.7 60.7 67 67.4 63.1 63 60.3 57.4 54.9 53.7 53.5 53.2 53.3 53.9 55.7 56.9 58.7 57.8 61.1 63.5 63.6 61.2 60.9 58.7 55.9 52.8 52.1 54.9 57.1 58.8 60.9 62.8 65.1 65.4 65.4 65.1 64.6 64 62.6 61.7 61.3 60.8 59.7 58.3 57.4 56.6 55.8 55 54.9 54.4 53.9 53.2 50.3 48.3 46.5 44.7 43 41.6 39.7 38.1 40.8 35.8 34.6 33.1 31.7
96.8 96.1 95.5 95.9 97.9 96.8 94.7 94.5 96.3 99 89.2 85.2 81.8 79.1 77.2 75.4 74.3 73.2 70.9 66.8 60.8 59 59.5 58.4 56.9 56.2 55.9 54.3 56.7 53.6 52.8 51.5 51.6 53.8 56.9 55.7 56.6 60.4 61.4 61.8 60.7 59.7 57.7 54.9 51.7 48.6 52.2 54 55.4 57.2 58.8 61.2 64 64.6 64.4 63.7 62.9 61.8 61.7 61.4 60.6 59.8 58.4 57.4 56.4 55.4 54.4 53.8 53.2 53.4 52.7 50.6 48.5 46.9 45.1 43.2 42 41.4 40.2 38.7 36.8 35.5 34.1 32.6
97.4 97.2 96.4 96.2 96.9 96.3 94.9 94.6 94.4 98.3 88.8 85 82 79.2 76.5 75.1 74.3 73.2 71.9 70.5 67.1 59.6 58.9 58.3 58.9 61.5 60 59 57.5 55.4 52.4 51.8 57.1 51.3 52.2 53 53.8 55.4 58.6 59.2 59.6 58.8 57.1 54.2 51.2 47.5 49.1 51.4 53 53.7 55.6 56.6 58.1 60.1 62.1 61.3 61.2 61.6 61.6 61.1 60.2 59.6 58.8 57.6 56.4 55.2 54.3 53.5 52.8 52.8 52.4 50.7 48.6 47 45.4 43.7 44.2 43.5 41.8 39.3 37.9 36.4 34.9 33.3
97.8 97.5 96.7 96.1 95.3 94.8 94.6 94.6 94.7 97.5 87.9 84.1 81.7 79.1 76.8 74.6 73.6 72.5 71.5 70.6 64.1 64.8 67.8 66.9 64.7 63.3 61.9 59.7 58.4 55.7 53.7 58.8 50.4 49.4 49.4 50.6 51.5 52.6 53.3 55.6 56.6 56.9 55.7 53.7 50.8 47.8 44.4 47.7 49.7 51.8 53.5 51.6 54.2 55 55.9 56 57.8 58.7 59.3 59.7 59.8 59.1 58.2 57.2 56.2 55.2 54.5 53.7 53 52.2 51.6 50.1 48.4 47 45.3 44.8 45.4 44.7 40.5 39.5 38.3 37 35.4 33.8
97.7 97.2 96.8 96.2 95 94.8 94.6 94.8 96.7 89.7 85.7 83.1 81.4 78.6 77.7 75.4 73.3 71 70.7 70.2 71.1 70.5 69.1 67.3 64.6 62.5 61 59.6 58.2 56.8 59.6 52.5 50.5 48.9 48.2 48.4 49 50 50.8 51.9 53.4 54.4 53.8 52.9 50.8 47.1 43.4 44.3 46.9 48.9 50.7 51.2 52.1 52.5 53.1 52.9 53.2 54 55.2 56.2 57.7 58 57.2 57.1 56.3 55.5 54.7 53.9 53.3 52.2 50.9 49.7 48.4 47 46.1 45.9 45.2 41.3 40.1 39.9 38.7 37.5 36 34.5
97.8 97 96.2 95.1 94.2 93.6 93.6 93 87.8 85.6 82.4 81.4 80.1 79.1 77.5 75.7 75.5 78.2 77.5 75.8 73.9 70.8 68.7 66.7 64.5 61.8 60.3 59 57.8 58.1 54.5 53.2 50.9 49.2 48.1 47.9 47.3 47.3 48.2 48.7 49.6 50.7 50.2 49.1 48 45.7 42.7 41.3 44.5 46.2 47.7 48.9 50 50.2 50.4 50.6 50.5 50.6 51.2 52.3 53.4 55.2 57 57 56.3 55.6 54.8 53.8 52.5 52.7 51.7 50.2 49 47.8 46.9 45.6 41.1 42.3 40.1 40.1 39.1 38 36.7 35.2
96.7 94.7 93.4 94.1 92.2 89.8 88.2 86.6 85.2 85.1 83.2 81.8 80.2 79.4 80.3 78.2 77.4 76.5 74 73.5 72.6 70.8 68.1 65.8 63.4 61.1 59.6 58.3 57.3 55.5 54.5 53.6 51.4 49.1 48.2 47.1 46.3 45.6 46 45.6 45.5 46.3 46.2 45.3 44.5 43.9 41.6 38.3 41.6 43.5 44.6 45.3 46.8 47.5 47.3 46.6 48.9 48.1 48.6 49 50.4 52.1 55 56.5 56.1 55.4 54.8 54.1 53.5 53.3 52.1 50.6 49.4 48.1 46.4 41.7 43.8 42.4 40.4 40 39.7 38.4 37.1 35.7
97.2 96.1 94.6 92.9 91.7 90.1 88 86.4 86.8 83.6 82.4 81.3 79.1 78.4 82.4 81 78 76.6 75.4 74.1 73.2 71.7 68.1 65.2 62.7 60.8 59.2 59.4 59.8 55.3 53.9 53.2 52.1 49.2 48.1 46.9 45.1 44.4 44.2 43.5 42.9 42.7 42.7 42.2 41.7 41.1 40.1 37.8 38 39.7 41 41.5 43.1 44.4 44.6 44.7 44.8 45.4 46.8 47.1 47.3 48.4 51 54.1 55.2 54.8 54.6 54.1 53.2 52.9 52.2 50.5 49.4 48.3 42 46 45.8 42.3 41.1 40.6 40.1 38.7 37.4 36.1
98.5 97.5 95.7 93.7 92.4 84.2 87.4 86.4 88.2 87 84.9 85.4 85 77.9 78.8 79.5 79.5 76.8 75.4 75.3 75.1 73.2 69.7 65.6 62.5 60.5 58.9 59.1 56.6 54.9 53.1 51.8 50.3 49.2 47.9 46.6 45.1 43.6 43.4 42.8 42.1 41.3 40.7 39.7 39 38.3 37.2 35.7 34.7 35.6 37.4 37.5 40 41.4 42 42.3 42.3 42.6 43.7 44.1 44.5 45.7 47 48.7 51.3 52.6 53.8 53.5 53.1 52.4 52 49.9 43.2 48.6 48.7 47.8 46 44.8 42.3 40.9 39.9 38.7 37.5 36.3
98 97 94.6 92.7 91.3 88.7 89.5 89 85.3 88.9 90.3 90.9 90 89.6 88.9 87.7 85.9 83.9 82.1 79.6 76.9 73.1 73.3 66.3 63.2 61.3 59.4 59.5 56.6 55.1 53.7 52.2 50.6 49.3 47.9 46.8 45.2 43.1 42.4 42.1 41.5 40 39 38 37 36.1 35.2 33.8 32.8 32.7 33.1 34.1 36.6 38.7 39.3 39.9 39.4 39.8 40.3 40.9 42.2 43.2 46.5 44.5 46.3 47.5 49.9 51.1 48.9 44.5 47.1 49.6 49 48.9 48.8 47.8 46 45.5 42.8 41.4 40.1 38.9 37.8 36.2
98.2 98.4 97.6 96.7 94.2 91 80.4 85.2 90.6 93.6 95 96.3 95.6 95.5 94.6 93.2 91.6 89.8 87.7 85 82.1 78.3 74.6 67.3 64 61.6 59.7 59.7 56.3 54.8 53.5 51.7 50.4 49.7 48.2 46.8 46.1 44.9 42.4 40.9 40.5 39.9 38.6 38 37.1 35.7 34.7 33.8 32.6 32.2 31.2 31.3 32.8 35.1 36.3 36.7 36.1 37.2 38 38.8 40.3 41.6 41.8 42.3 42.5 42.8 44.3 48.4 50 50.4 50 49.4 49.3 49.3 48.9 48.1 46.6 44.6 43.2 41.9 40.4 39.2 38 36.2
100 100.9 102 101.2 97.9 94.1 89.8 82.3 90.2 96.4 97.5 89.2 88.3 94.6 99 97.9 95.9 93.9 92.9 90.1 86.3 81.3 71.2 70.4 65.3 62.3 60.2 56.8 55.8 54.5 52.8 51.1 49.9 48.7 47.4 46.3 45.7 45.5 44.1 42.8 40.9 40.4 39.4 38.4 38.2 37 35.4 33.9 33.1 32.4 31.3 30.7 30.9 31.4 32.5 32.8 33 34.2 35.7 37.3 38.4 39.3 39.5 39.7 40.1 40.3 41.3 42.8 45.5 48.2 49.3 49.2 48.1 47.6 46.8 45.7 44.1 43.1 42.6 41.9 40.7 39.4 38.1 36.2
100.8 102.6 100.9 97.7 95.3 91.9 87.5 96.2 89.4 96.3 86.3 80.8 79.3 79.6 82.8 88.5 94.9 97.2 96.1 94.1 88.4 82.3 75.2 73.1 65.8 62 60.6 57.5 55 53.9 51.7 50 48.9 47.6 46.7 45.8 45 45.4 43.5 42.8 42.6 41.5 40 39.3 38.2 37.2 35.8 34.4 33.2 32.4 31.6 30.1 30 30 30.1 30.5 30.8 31.6 33.9 35.8 36.3 36.8 36.9 37 37.6 37.7 37.9 38.2 39 40.8 45.5 43.3 44.5 44.5 43.8 42.9 42 41.7 41.2 41.4 39.7 38.7 37.6 36.8
101.7 99.9 102.5 107.9 103.7 98 101.3 99.7 95.4 96.6 83.5 81.7 80 75.7 71.4 73.9 78.1 81.9 90.2 96.1 90.6 85 79.4 71.5 65.3 62.3 60.1 56.1 54.9 53.2 51.5 49.6 48.5 46.7 45.8 45 44.3 44.5 43.2 43.1 43.1 42.3 40.6 39.2 38.1 37 35.6 34.2 33 32.2 31.7 30.9 30 29.2 29.2 29 29.2 29.6 32.7 34.1 34.1 34.1 34.3 34.3 35 35 35 35 35.3 36 37.6 38.4 38.6 41.3 40.5 40.2 39.8 39.8 39.9 39.7 38.9 37.7 37.3 36.6
100.8 106.7 114.4 122.4 118.6 109.7 109.9 109.3 109.5 96.4 92.6 79.9 78.9 74.7 73.6 72.5 71.3 70.4 76.9 90.4 92.7 86.9 76.3 69.8 67.4 62.5 60.3 56.9 55.3 53.6 51.9 50.1 48.6 46.5 45.3 44.3 43.5 42.3 43.3 43.2 43 42.6 40.9 39.1 37.9 36.9 35.4 34 32.8 31.8 31.6 31 30.2 29.6 29.1 28.5 28 28.2 30 31.3 31.7 31 32.1 32.1 32.4 32.3 32.1 31.4 31.9 32.1 32.9 34.2 35.9 38.6 38.5 37.8 37.3 36.9 37.1 37.4 37.4 33.6 36.3 36.1
109.2 116.5 123.8 128.7 131.1 122.7 114 111.5 111 109.7 99.5 86.1 78.1 77 73.5 71.8 70.7 70.4 73 85.9 95.1 87.2 70.4 70.7 68.3 62.5 60.5 57 55.3 53.8 52.2 50.6 48.7 46.9 45.6 44.6 43 41.7 41.9 43.3 42.9 42.7 41.2 39.1 37.8 36.9 36.3 35.2 32.7 31.6 31 30.8 30.4 29.8 29 28.1 27.3 27.3 28 28.4 28.7 28.7 29.3 30.4 29.4 29.2 28.9 28 28.1 28.4 29.1 29.8 30.8 31.4 31.7 32.3 32.9 32.1 32.6 33.1 34.8 35.9 36.1 31.9
118 125.6 122.3 121.1 131.1 133.8 125.4 116.2 113.5 112.3 103.5 100.5 86.1 77.4 73.6 71.1 70.4 70.4 76.1 83.4 95.7 81.5 70.9 72.7 67.2 64.4 61.1 57.9 55.7 54.2 52.7 51.2 49.6 48.4 46.5 45.1 44 42.3 40.9 41.6 41.3 42.5 40.6 38.9 37.6 36.4 37.3 35.6 33.5 31.6 30.7 30 30.1 29.7 28.9 28 27 26.5 27.1 26.9 26.7 26.4 27 26.9 26.7 26 25.8 25.2 25.1 24.4 25 25.7 26.7 27.1 27.2 27.4 27.1 26.1 25.8 26.6 27.9 31.6 34.5 34.9
124.9 122.7 121.5 122.2 123.3 134.2 135.7 127.7 118.7 114.2 108.1 102.4 99.5 83.7 73.4 71.2 70.4 73.1 81.5 89.5 83.9 72.6 75.7 69.4 65.6 64.7 61 58.2 56.5 54.8 53.4 52.2 50.7 48.7 46.8 45.3 44 42.6 40.8 40 40.1 39.4 40 38.7 37.8 36.6 34.3 35.4 33 31.2 30.2 29.5 29.2 29.3 28.9 28.3 27.2 26.1 26.1 26.1 25.4 25.1 24.8 24.7 24.8 24.8 24.2 25.5 24 23.2 22.9 23.1 22.2 22.5 23.1 22.9 23.2 22.9 22.3 22.4 22.8 24.1 27.5 33.5
124.2 121.1 121.3 122.9 124.5 134 131.9 134.2 124.1 115.4 113.3 108.4 101.9 98 86.5 75.7 76.1 84.1 96.8 85.5 76.3 74.2 72.4 65.6 64.7 65.1 61.5 59 57.6 55.5 54 52.8 51.3 49.3 47.4 46.1 45.1 43.2 41.2 38.9 38.8 38.9 39.9 39.1 38.2 36.5 34.9 33.5 32.2 30.8 29.8 28.8 28.1 28.2 28.8 28.4 27.7 26.8 25.7 25.6 24.6 24.5 25 24.6 25 25.1 25.8 26.4 27.6 27.3 26.3 25.2 24.2 24 23.6 22.6 21.6 20.9 21.1 20.5 20.3 21.2 22.4 24.9
127.5 123.5 122.5 128.5 139 136.9 134.9 129.4 120.7 116.5 112.7 110.3 101.1 96.8 93.7 94.2 94.1 97 94 78.6 75.3 73.5 72.2 70.4 68.5 65.4 62.3 59.5 57.9 56 54.7 53.2 51.7 50.5 49.3 47.3 46.1 44 41.9 39.5 38.7 39 39.7 38.6 37.8 36.6 35.1 33.7 32 30.4 29.7 29.3 28.6 28.1 27.6 27.4 27.3 26.6 25.7 25.6 25.7 27 26.9 26.6 26.9 27.3 29 30.4 30.7 31.1 30.7 29.3 29 27.7 27.6 27 26.4 25.8 25.4 23.9 21.4 22.6 20.9 20.9
127 134.3 135.7 143 143.8 139.8 137.3 134.3 127.6 118.9 114.4 111.9 102.1 99.9 95.5 88.2 84.6 87.4 78.1 77.6 76.3 74.3 72.1 70.6 69.7 65.6 63.2 61 59.4 56.5 55.3 54.1 53.5 52.8 50.9 48.9 46.9 44.7 42.5 40.2 38.2 39 39.4 38.2 37.1 36.1 35.2 33.5 31.9 30.5 29.6 29.2 28.8 28.9 28.6 28.2 26.9 26.2 25.4 27.6 29.1 29.5 29.6 29.4 30.7 31.5 32.9 33.9 33.8 34.5 35.3 37.4 37.5 34.2 33.1 34 33.2 34 31.3 29.3 25.2 26.3 21.1 18.6
133 137 139.8 143.2 143.3 142.9 138.5 136.1 132.3 125.3 118 113.6 108.5 103.2 104.5 96.6 90 84.8 80.3 78.6 78.8 78 76.9 70.8 68 66.8 64.3 61.3 59.1 58 56.4 55.8 55.2 54 52.1 49.8 47.6 45.2 42.8 40.7 38.7 37.9 38.6 38.3 37.6 37.4 36 34.3 31.9 30.7 30 29.6 29.5 30.2 30.2 29.4 28.1 26.8 26.1 29 30.5 31.1 31.1 32.4 33.8 34.7 35.8 38.3 40.8 42.5 43 42.8 42.2 41.7 41.2 39.7 36.7 33.9 36.8 34.8 32.9 27.4 22.7 21
132.3 139.8 142.5 144.5 144.6 144.7 139.7 136 133.4 129.9 120.8 114.3 109.8 106.6 106.9 105.8 98 88 79.7 79.1 79 77.6 72.8 70.7 69.1 67.2 64.8 62.4 60.2 58.1 57.7 56.9 55.8 54.6 52.7 50.4 48.1 45.3 43.3 41.3 39.2 37.4 37.6 37.9 38.2 38.3 37.8 36.2 34.2 32.5 31.6 30.8 31.4 31.8 31.5 30 28.4 26.8 27.6 30.3 32 32.4 33.2 34.6 36 37.3 41 44.3 46.5 46.1 45.3 44.3 43.8 42.7 42 41.3 40.6 39.3 37.8 36.4 35 33.2 30.7 26.9
131.5 140.5 143.6 145.7 145.8 143.6 138.3 135.9 133.3 128.4 125 121.6 116.5 110.9 108.3 91.4 86 80.8 78.8 77.5 78.6 77 72.8 71.1 69.1 67.4 65.8 63.4 61.1 58.8 60.4 57 55.7 54.9 54 51.5 48.6 45.4 43.9 42 40.1 38.2 36.7 37.1 37.6 38.1 37.9 37.1 35.7 34.3 32.8 33.2 33.9 34 32.7 30.4 28.4 27.6 29.2 31.8 33.2 33.7 34.6 36.1 38.7 42.3 46.6 48.3 48.3 47.5 46.5 45.4 44.6 43.4 42.2 41.4 40.6 39.6 38.2 37.1 36.4 35 33.4 32.1
