WholeMapElevations/data/nc/nc34_OST50GRID_20230518/NC34.asc
ncols 200
nrows 200
xllcorner 230000
yllcorner 940000
cellsize 50
[rows 105 to 139 of 200, columns 78 to 155 of 200]
419.7 419.7 417.9 434.9 456.4 465.5 469.2 486 491.5 498.3 509.6 518.5 525.3 533.8 545.3 557.8 572.2 589.1 604.5 622.9 640.2 658.4 674 689.4 704.1 716.4 727 735.8 740.2 741 734.2 723.9 716.6 713.4 715.9 717.2 718.3 716.1 707.7 688.2 668.5 657.2 652.2 646.1 632.4 616.9 605.2 586.3 567.8 543.8 513.1 500.9 495.9 494.6 491.9 487.8 487.8 487.8 487.8 487.8 487.8 487.8 487 488 490.6 494.4 496.6 492.8 490.9 488.3 485.2 478.7 473.7 468.4 458.2 457.2 450.6 442.5
414.9 410 417.7 436.6 448.4 454.5 457.5 474.4 491.9 495.3 503.8 514 520.6 528.5 538.8 551.5 565.9 581.8 597.1 613.1 631 647.3 663.7 677.9 690.9 702.8 713.6 721 722.7 716.1 706.5 697.2 692.1 691.4 695.8 703.8 710.6 714.3 709.9 694.2 675.1 665.2 659.8 650.4 638.5 625.8 606.2 582.2 559.8 534.1 503.2 491.2 492.9 494.6 490.5 487.8 487.8 487.8 487.8 487.8 487.8 487.8 487.8 487.8 487.8 485.3 488.2 488.9 485.6 482.3 480.8 476.3 469.5 462.1 452.8 452.7 446 439.4
407 404.8 424.9 430.8 440.2 444.9 446.9 464 485 491.1 499.8 509.5 515.2 522.6 533.4 547.6 561.3 576.2 591.6 605.6 621.3 636.2 652 665.3 677.9 688.4 698.2 703.4 693 683.8 676.4 669.4 663.9 661.8 669.9 685.4 695.4 705.3 704.6 692.3 677.6 668.1 662.9 651.8 641.9 631.3 612.1 579.1 558.6 536.8 506.4 489.9 488.8 489.2 486 487.8 487.8 487.8 487.8 487.8 487.8 487.8 487.8 487.8 487.8 484.9 484.5 482.8 480.9 478.2 473.5 472.2 464.7 457.4 448.5 442 443.5 436.3
403.3 404.9 424.5 434.1 434.5 437 444.6 460.7 473.4 481.5 494 502.9 509.9 517.9 529.7 542.6 557.7 571.7 587.1 601 612.7 626 641 654.3 665.6 674.5 682.8 679.7 660.4 651.7 645.7 638.6 634.4 630.9 639.2 660.2 679.9 693.6 699.6 691.1 679.7 673.4 666.3 656.7 646.6 638.9 618.6 595 579.3 550.7 523.8 501.3 489.6 492.5 486.8 487.8 487.8 487.8 487.8 487.8 487.8 487.8 487.8 487.8 487.8 486.4 485.6 483.4 478.7 471.1 466.2 465.5 462.4 454.9 446.8 442.3 439.6 437.6
396.2 400.8 416.2 426.8 427 435.2 439.9 456 466.2 474.8 485.3 494.4 502.7 513.5 527.9 542.2 556 570.1 583.4 595.9 606.5 618.3 630.1 643.2 651.8 658.2 663.3 650.5 629 615.3 611.3 605.4 601.2 599.9 611 634.9 662.3 682.5 694.5 693.2 685.4 679.8 671.1 662.4 651.3 642 625.7 597 578.6 557.4 533.9 517.9 494.2 498.1 492 487.8 487.8 487.8 487.8 487.8 487.8 487.8 487.8 487.8 487.6 491 489.9 482.5 477 472.5 467.3 463.2 455.6 453.9 450.6 442.2 441.3 439.5
388.1 392.5 401.9 409.8 415.5 426.1 434.3 444.9 456.6 465.6 474.9 487.6 495.1 509.2 523.9 540.5 553.7 567.4 579.8 590.5 601.5 612.4 622 632.6 639.3 641.5 635.5 624.7 601 585.2 579 569.9 566.8 570.9 585.7 614.7 646.9 672.5 688.5 695.5 690.6 684.6 675.2 664.9 653.8 642.4 628.3 599.3 583.8 560.1 536.9 519 500.5 503 520.2 490.6 486.3 486.4 487.8 487.1 486.3 487.8 487.8 487.8 486.7 492.4 490.8 481.6 474.2 472.6 466.6 463 454.9 451.1 447 450.9 440.3 436.5
389 395.7 403.1 411.4 415.7 419.6 430.3 443.8 456.2 466.7 478.7 485.7 495.3 508.4 526.4 540.8 553.5 566.8 578.7 588.4 597.3 606 615 623.2 625.7 620.3 609.9 596 577.4 562.7 560 551.9 549.6 554 566.2 604.5 633.9 661.9 682.2 692.4 691.3 685.9 675.7 664.1 654.3 641.5 626.1 602.5 582.4 560.6 544.4 527.5 511.4 512.5 522.7 515.5 505.6 504.5 493.2 503.2 493.7 488.2 487.8 487.8 484 492.2 487.7 478.6 476.3 471.4 470 463.3 455.7 460.7 456.3 463.1 459.7 447.4
396.2 405.9 411.1 416.3 423.2 433 439.3 445.1 455.3 464.7 474.9 483.5 493.1 507.8 526.6 540.8 553.3 568 578.3 588.1 594.4 599.9 605.1 606.7 603.9 594.5 583.7 575 558.2 539.9 530.6 531.7 536.9 541.2 554.6 594.5 625.3 654.5 676.5 686.6 687.3 682.8 675 661.8 651.2 637.4 622.4 604.1 574.5 552.5 542.2 522.8 516.2 517.8 526.2 522 525.8 516.1 509.3 507.9 501.8 504.2 487.7 487.8 485.7 487.6 485 476.7 475.2 472.9 472.5 469.2 468 471.6 476.2 480.1 483.1 479.6
405.4 406.5 412.2 422.7 432.1 441.7 446.5 453.8 456.3 465.4 474.9 481.5 492.9 510.2 526.9 539.9 553.4 567.1 578.1 586.5 590.4 586.1 577.8 578.9 575.8 574.1 563.4 548.2 534.4 523.1 516.1 516.3 525 532.3 551.4 589.5 620.5 649.3 673.1 682.3 683.4 680.1 673.9 662.1 648 632.9 618.3 599.5 575.6 548.9 539.8 519.9 522.8 524.4 528.6 525.2 525.1 524.1 510.7 513.1 506.7 506.5 492.6 490.6 490.9 486.6 483.8 475.3 477.4 477.2 481.3 488.1 485.7 489.1 492 495.9 497.2 496
415.5 416.5 423.7 433.9 443.4 451.2 456.4 462.2 465.5 468.6 476.8 485.9 496 510.3 525.6 541.8 555.8 567.7 578.9 575.4 550.3 542.8 528.8 528.5 538.4 548.5 541.5 528.6 516.2 510.6 508.8 511.1 518.7 522.5 553.3 583.8 616.2 646.3 667.8 678.5 680.8 678.9 673.6 659.3 645.1 627.5 611.1 594.9 569.9 551.7 541.2 522.8 519.9 523.5 532.2 532.4 528.5 524.1 520.4 518.4 512.9 510.1 506.5 500.1 495.2 486.5 490.7 482.6 487.4 483.5 495.2 503.6 496.4 499.6 501.9 507.6 507.4 509.5
429 431 434.9 442.7 451.9 460.4 465.5 470.5 474.8 481.4 492.9 500.6 507.9 518.4 533.8 552.7 562.3 568.3 556.7 525.9 501.8 494.4 490.2 494.1 499.4 504.6 507.2 501.7 499.3 498.7 499.2 502.8 509.6 517.4 551.4 580.4 611.7 640.5 666.1 675.9 680.1 680.4 675.6 661.4 644.6 622.7 604.8 585.4 569.9 549.6 541.2 529.6 522.4 525 533.9 539.5 535.3 528.1 528.6 528.2 522.4 517.9 511.3 504.6 498.6 492.8 499.2 491.6 493.3 495.2 503.5 509 505.1 511 514.8 519.3 522.5 525.8
441.3 444.1 448.1 452.8 460.7 468 473.6 481.1 487.8 494.3 505.5 520.2 524.3 529.6 549.2 555.7 559.8 526 498 475.4 456 450.7 448.2 454.9 464.8 475.8 475 478.9 479.3 481.4 483.6 485.4 494.1 508.2 541 578.2 607.9 636 662.5 675.8 682 686.3 680.2 664.3 648.9 628.8 608.9 595.6 571.6 551.5 543.8 533.6 522.6 535.1 545.5 549.6 551.9 542.1 531.3 528.2 526.2 519.3 514.1 507 501.5 503.7 508.3 502.7 504.4 512.4 512.1 517.6 525.4 526.4 530.3 534.1 535.8 535.2
454.7 457.4 461.8 466.3 472.9 478.7 483.4 490.5 497.1 506.6 517.1 529.3 538.2 545.7 556.5 553.3 526.6 489.9 457.6 435 423 406.5 413.3 426 435.9 449.4 446.6 453.6 464.5 469 466 465.6 475.8 497.5 532.6 567.6 600.1 632 657.5 676.2 687.4 692.2 689.1 673.7 657.8 636.6 618.4 600.9 587 568.5 547.8 530.6 528.1 540.6 550.2 551.6 560.8 552.1 543.1 536.1 532.3 526.6 519.6 511.1 507.7 514.1 519.7 514.2 516.1 522 526.4 530.9 537.9 544 549.4 546.8 546.3 547.3
467.3 470.8 474.7 480.3 484.2 488.6 495.4 504.8 511.6 520 530.7 540.3 547.3 556.8 563.1 540.6 492.7 461.3 437.3 415.5 405.8 397.7 388.1 394.1 411.2 416.5 430.7 432.2 450.4 452 451.9 461.8 465.8 493.8 526.1 560.8 594.9 626.3 655.4 675.8 689.9 696.5 697.7 683.7 664.5 640.7 617 595.8 585.6 574 563.1 557.8 545.4 544.3 551.3 555 557.2 552.8 547.4 540.9 537.6 531.8 525 518.5 517.1 527.4 526.9 525.7 531.9 534.8 539.1 543.8 548.8 555 555.1 554.1 551.4 554.5
481 484.5 488.1 491.9 495.6 501.1 509.3 517.7 525.5 534 541.5 550.1 557.8 567.2 569 522.5 477.3 447.9 420.9 401.5 396.7 390.2 380.5 376.2 394.5 401.4 405 417.4 422.1 425.1 437.6 458.2 456.4 490.3 514.7 550.6 583.5 616.6 647.9 674.2 689 699.4 700.6 688.4 666.9 638.8 612.5 591.8 583.7 573.9 570 567.1 562.3 553.3 558.8 558.6 562.7 557.9 547.4 541.2 541.8 541.9 536.5 531.7 530.5 535.3 537.4 540.4 543 542.8 545.5 549.4 553.8 560.3 558.1 556.3 555.5 556.1
497.5 500.2 503.4 508.3 512.8 517.4 524.1 531.1 539.4 546.8 553.3 561.4 570.5 581 577.4 519.2 467.3 433.1 409.8 396.4 387.1 383.6 375.3 366.8 368.9 383.8 386.2 394.1 403.4 410.9 423.7 433.7 441.7 475 507.5 541.8 575.2 610.7 643.7 669.5 684.3 695.5 701.2 693 673.3 645.2 619.9 605.6 590.2 579.6 571.7 572.3 564.1 556.9 562.5 561.5 564.6 567.2 566.9 566.6 550.7 545.1 544.2 540 543.5 547.9 549.5 548.7 550.3 550.8 550.2 556 559.3 563 560.9 561.5 561.9 558.5
514 517.9 521.7 526.7 530 533.5 538.6 545.3 553.7 559.8 567.1 575.6 585.5 588.9 562.4 517 472.2 431.8 407.5 392.4 381.9 378 372.8 366 363.4 365.2 371.6 374.4 380.6 392.9 409 419.1 437.7 467.6 500.8 540.1 573.5 608 640 663.3 680.7 692.5 700.3 697.9 677.2 650.4 625.5 615.6 601.4 587.9 578.4 566.2 563.1 561.4 564 569.4 575.6 588 586.5 580.3 577.8 572.7 556 555.6 560.3 564.2 562.9 560.8 560.9 560.8 561.2 567.2 568 570.4 567.3 562.1 562.8 557.5
530.8 533.9 537.9 541.1 543.7 548.6 554.5 559.6 566.1 572.6 580.4 589.1 595.9 596.2 569.4 526.9 482.2 444.4 405.6 386.7 378.2 373.9 369.6 363.9 362.5 365.3 369.9 372.9 378.6 387 398.4 407.4 434.1 462.9 506.4 540.6 575.2 607 635.4 659.1 676.1 690.4 698.6 698.1 681.9 656.1 634.4 614.2 596.1 582.2 569.5 564.4 564.7 562.6 568.5 579.6 592.3 597.6 595.6 593.4 591.1 583.6 570.3 574.4 572.7 572.7 573.9 575.1 580.7 579.6 579.1 585.2 587.1 583.9 583.3 575.5 564.7 556.6
543.2 546.5 549.9 554.1 558.3 563.7 568.2 572.2 578.5 586.8 594.4 600.1 603.1 599.8 576.9 535.2 491.6 450.8 408.2 383.5 373.9 368.9 365.2 363.4 363.2 367.3 370.5 374.3 377.7 387.1 394.4 402.3 427.3 468.7 505.1 540.7 579.6 608.8 633.9 656 674.2 690.3 697 696.8 679.1 656.6 633.8 605 587.1 572.8 561.4 559.1 560.2 565.3 570.5 585.4 598.3 602.6 603.9 603 598.6 590.4 591.4 589.3 585.9 586.1 585.4 589.4 597.5 599.9 594.1 598.4 598.2 597.4 591.6 584 572.9 559.4
553.4 558.5 562.4 566.7 572.3 577.4 580.4 584.6 591.2 599.5 602.9 603.2 601.5 594.3 570.8 539.1 494.4 456.4 402.8 376.5 368.8 365.4 362.7 360.8 364.4 370.3 373.6 373.8 378 384 389.8 399.2 424.1 458.9 503.8 543.7 584.7 612.5 635.5 657.4 675.6 689.1 696.3 696.8 675.5 651.4 619.4 590.8 569.9 555.2 549.3 552.6 560.6 564.9 574.3 589.7 605.9 607.9 611.4 609.5 607 607.8 609.1 605.1 602 607 614.1 612.2 613 613.5 607.6 604.3 602.8 600.6 595.5 585.7 572.6 559.4
564 569.2 574.1 579.1 584 587.8 589.4 592.2 597.9 600.2 597.5 593.1 589.4 578.2 553.7 528 496 450.7 393.1 369.4 361.3 359.3 359.3 360 366.9 372.2 374.3 373.8 378.1 381.7 384.9 399.3 421.5 461.5 502.2 545 586.2 615.6 640.2 659 677.3 689.3 696.2 696.4 672 646.5 618.9 587.1 554.5 541.4 543.9 547.2 553.5 560.7 574.8 591.2 606.4 613.7 616.9 621.5 620.1 622.3 620 618.1 618.8 633.9 633.9 632.6 633.5 624.6 617.3 612.9 611 604.4 597.8 585.1 572.3 558.5
573.7 578.5 582.7 586.5 590.5 592.2 594.2 595.7 594 591.3 588.7 581 569.6 551.5 528.6 507.4 478 436.4 384.6 362.7 359.3 359.3 359.3 362.6 368.3 373.6 372.7 373.3 376.3 379.5 382.3 396.1 418.4 461.5 496.1 544.2 588.7 618.2 641.7 661.5 677.4 688.7 695.4 693.7 669.3 635.7 607.7 574.9 548.3 534.9 532.9 542.4 545.9 553.7 571.5 591.8 610.1 618.4 625 628.1 634.4 637.8 636.4 631.5 638.8 650.5 651.2 653.4 647.6 640.2 628 622 616.2 609.5 599.5 584.6 570.6 558.7
581.3 585.4 589.1 591.5 591 591.7 591.1 588.7 584.3 579.3 574.6 562.7 546.5 528 505.6 484 457.2 422.7 374.7 359.3 359.3 359.3 359.3 365.1 370.8 373.4 372.6 373.7 374.5 378.7 384.7 392.9 412.1 460.8 499.5 541.1 590.7 620.7 642.8 661.3 676.3 687.4 692.1 690.1 669.9 632.6 597.2 561.8 536.7 525.8 527.6 532.1 534 543.7 565.6 590.2 610.8 624.6 637.6 647.4 655.7 663.1 663.5 656.4 656.7 661.1 666 663.6 654.7 646.1 637.2 630.9 624.3 613.4 603.6 587 566.8 553.7
587.4 592.4 593.8 590.1 587.5 583.7 577 572.4 567.1 563.8 554.2 541.6 523.7 503.1 483.9 464.7 440.6 399.6 366.9 359.3 359.3 359.3 359.3 365.8 371.2 371.7 372.7 372.8 372.4 376.4 381.7 392.8 414.2 462.4 499.2 545.7 588.5 622.3 642.8 660.8 676.7 686 687.3 682.4 663.8 631.3 596 558.6 525.1 515.3 519.2 521.1 523.7 536.9 557 585.9 610.3 629.1 647.4 662.7 672.1 679.4 685.8 686.5 687.2 683.9 676.1 672 659.7 651.9 642.1 636.6 628.8 617.7 602.9 578.7 559.8 544.2
593.4 596.9 595.8 590 583.1 575.4 563 552.4 546.1 542.4 530.7 520.1 499.7 480.5 461.6 443.2 419.8 380.4 360.8 359.3 359.3 359.3 359.5 367 370.6 371.3 372 371.8 370.8 374.6 380.5 391.8 416.6 452 493.6 539.9 589.9 622.9 642.1 659 673.8 681.2 682.2 674.3 656.4 622.5 588.1 549.7 516.1 508.9 510 513.6 515.7 530.6 553.6 580.1 607.5 632.5 654.7 671.7 683.5 693.5 699.6 701 696.8 692.9 683.6 674.8 663 656.8 646.7 637.9 630.1 614.3 596.8 572.6 555.6 543
595.7 597.7 595.8 587.2 575 562.2 545 533.5 523.1 514.9 511.7 499.5 475.2 455.5 439 420.7 391.7 370.8 359.3 360.8 359.3 359.3 362 368 368.3 369.6 370.3 370.2 369.6 372.1 379.4 397.7 415.5 449.1 497.6 542.8 589.5 618.9 638.5 655.3 666.5 673.2 673.2 664.3 645.3 612.2 576.9 531.4 510.1 507.1 504.2 505.1 507.3 523.8 545.2 573.2 599.9 629.9 657.4 677.3 691.6 701.6 709 713.8 711.2 702.7 688.2 677.9 668.3 658.7 647.3 636.9 627.5 612.3 596.5 574.6 554.5 541.5
594.8 594.7 587.6 576.4 561.9 545.6 529 513.4 501.6 490.6 481.1 472.5 457 441.3 428.8 406.9 385.2 369.8 362.2 360.8 360.5 360.1 364.1 365.1 367.1 368.7 367.6 367.6 369.7 370.3 383 398.8 421.5 455.8 497.7 542.1 589.1 615.2 633 647.8 658 660.8 661.3 651 632.2 600.4 567.5 523.3 508.8 502.5 499.3 499.3 503 518 533.5 556.8 584.3 621.3 652.6 679.1 695.4 708.3 718 720.9 716.5 708.1 693.5 679.3 669.1 657.1 642.6 634 627 611.3 594.7 572.6 558.2 547.1
590 582.3 568.3 559.7 545 527.6 513.7 498.9 487 474.7 461.5 449.7 442 426.4 413 393.1 380.7 373.9 366.9 361.2 359.9 362.4 364.8 364.9 366.2 366 365.1 362.9 364.1 368.7 384.8 398.7 430.8 465.6 504.5 548.3 588.4 613.4 626.7 638.3 646.9 647.7 644.9 633.9 614.9 585.5 556.8 520.7 506.5 498.2 495.8 489.5 496.8 512.6 528.6 544 566.6 601.1 630.7 672.2 695.9 709.3 720.7 724.2 720.4 710.4 699.8 683.5 670 656.3 639.7 634.5 627.6 611.8 591 577.1 564.5 555.3
580.7 568.1 552.3 537.7 525.8 514.3 502.7 491.6 478.1 469.5 456.8 442.6 431.4 417.8 401.3 385.2 376.7 369.1 360 355.1 360.7 363.1 365.3 363.7 364.5 361.6 359.4 358.1 359.1 363.4 380.4 403 432.7 472 514 546.5 586.9 607.5 618.2 629 634.5 634 629 617.1 598 570.8 546.4 518 500.6 493 488 482.2 493.5 504 512.6 528 550.8 580.7 623.1 666.9 695.2 709 720.9 726.1 722.8 715.6 705.6 687.4 671 660.7 646.6 637 628.4 614.8 595.4 580.5 573 566.5
572.2 558.5 543.3 527.8 516.7 504.8 494.7 484 470.8 459.8 446.8 436.1 424.4 411.9 395.8 382.5 373 366.6 357.4 355.5 358.6 360.4 361.5 360.1 357.2 353.6 352.6 352.8 351.2 360.6 379.8 408.9 440 476.3 511.3 547.6 585.3 601.2 608.1 615.2 618.2 617.1 610.6 599.6 582 555.3 529.5 508.8 493.8 484.2 476.6 480.3 488.8 493.6 503.9 515.6 536 581.9 619.9 659.9 690.6 704.6 717.9 724.7 727.4 720.4 712 690.2 672.3 663.6 649.2 638 634.3 617.2 595.1 589.7 579 575.6
563.8 551.5 536.2 522.5 510.7 497.8 487.7 477 465.1 453.7 439.7 428.2 419.6 405.1 389.7 375.5 367.4 360 351.7 353 355 356.8 357.5 353.7 351.1 348.8 347.1 347.2 348.1 359.3 381.8 412 444.6 478.4 512.8 546.6 580.1 593 597.1 601 601.2 596.6 590.4 580.4 560.3 530.6 507.1 492.5 478.3 475 470.5 473.6 475.3 479.5 489.1 502.2 532.9 576.5 616.8 654.3 679.4 696.7 711.9 720.8 724.9 723.5 714.3 687.6 672.6 667.9 654.1 641.5 628.5 617.7 603.1 596 590.3 592.1
550.1 542.9 532.3 520.6 506 495.6 483.4 472.8 460.2 447.9 437.1 425.5 408.7 394.8 376.9 369.2 361 353.1 341.6 347.9 352.2 352.5 351.7 349.3 345.8 341.8 340 336.5 342.3 357.1 380.7 419.4 456.2 487.3 517.8 554.3 578 585.3 589.1 589.7 584.7 577.2 566 551 530.6 503 479.9 471.8 466.5 465.3 463.2 463.1 459.4 465.9 479.2 495.7 532 569.3 608.6 643.6 662.8 684.8 702.2 714.3 722.2 723.7 716.8 691.3 675.9 671.2 666.7 653.3 647 631.6 620.3 614 610.2 612.4
537.8 532.3 528.6 517.5 500 489.7 475.4 465.4 457.8 445.4 431.1 422.2 403.4 380.1 371.9 363 353.7 345.2 335.1 342 344.4 344.8 343.5 341.9 336.8 332.1 332.1 331.4 340.1 356.1 384 421.1 458.4 493.4 527.8 563 576.3 580 581.1 576 566.9 554.9 541.8 527.6 504.8 481.5 465.6 459.7 460 458 457.5 454.2 452.1 471.9 480.7 498.6 528.7 561.9 598 628.3 649.7 671.3 693.2 706.9 717.8 723.9 719.2 699.2 685.7 684.8 684.4 678.6 668.5 660.1 654 641.6 632.4 622.9
517.9 519.2 511 499.9 485.1 475.3 465.2 454.7 443.4 432.1 420.8 410.9 393.5 373.4 364.3 355.6 346.4 336.3 333.9 337.6 338.1 339.3 337.5 336.2 331.5 326.4 324.1 328.6 338 358.1 387.1 425.6 462.1 499.7 535.7 563.6 574.9 577.1 571.7 563.3 548.2 537.7 522.8 506.5 488.3 464.1 459.2 458.7 455.1 449.1 445.5 444.8 454.1 463.5 472 506.9 529.3 564.9 595.9 616.1 633.6 661.5 683.8 701.4 713 721.3 722.6 715.4 703.3 695.4 697.9 693.6 686.5 682.5 676.6 671.1 663.7 651.4
496.5 491.2 492.8 485.7 473.5 464.7 457.2 446.1 434 421.2 410.9 395.8 378.5 367.1 357.6 347.6 337.9 329 327 331.5 333.4 332.8 331.3 328.3 325.3 320.8 319.8 322.9 333.8 362 396 434.7 475.5 511.5 546.6 565 571.4 570.8 560.4 550.8 533.2 520.2 508.2 484.3 463.9 458.5 460.5 459.8 456.9 450.1 443.7 448.4 449.6 460.4 476.3 509.5 532.1 554.3 580.1 599.7 617.2 647.5 675.2 695.1 708.5 719.8 724.4 721.7 716.7 712.7 712.5 706.9 701 696.7 692.4 688.7 683.4 674.6
