UK/data/hu/hu16_OST50GRID_20230518/HU16.asc
ncols 200
nrows 200
xllcorner 410000
yllcorner 1160000
cellsize 50
[rows 152 to 189 of 200, columns 84 to 167 of 200]
-0.7 -0.7 -0.7 -0.7 -0.7 -0.7 -0.7 -0.7 -0.7 -0.7 -0.7 -0.7 -0.7 -0.7 -0.7 39 45.2 47.4 48.3 52.2 55.2 -0.7 -0.7 -0.7 -0.7 -0.7 -0.7 -0.7 -0.7 14.4 -0.7 -0.7 -0.7 -0.7 -0.7 -0.7 -0.7 -0.7 -0.7 -0.7 -0.7 -0.7 -0.7 -0.7 -0.7 -0.7 -0.7 -0.7 -0.7 -0.7 -0.7 -0.7 -0.7 -0.7 -0.7 -0.7 -0.7 -0.7 -0.7 -0.7 -0.7 -0.7 -0.7 -0.7 -0.7 -0.7 -0.7 -0.7 -0.7 -0.7 -0.7 -0.7 -0.7 -0.7 -0.7 -0.7 -0.7 -0.7 -0.7 -0.7 -0.7 -0.7 -0.7 -0.7
-0.7 -0.7 -0.7 -0.7 -0.7 -0.7 -0.7 -0.7 -0.7 -0.7 -0.7 -0.7 -0.7 -0.7 -0.7 38.5 51.5 53.2 53.7 56.8 59.1 -0.7 -0.7 -0.7 -0.7 -0.7 -0.7 -0.7 -0.7 19 16.2 14.8 15.5 -0.7 -0.7 -0.7 -0.7 -0.7 -0.7 -0.7 -0.7 -0.7 -0.7 -0.7 -0.7 -0.7 -0.7 -0.7 -0.7 -0.7 -0.7 -0.7 -0.7 -0.7 -0.7 -0.7 -0.7 -0.7 -0.7 -0.7 -0.7 -0.7 -0.7 -0.7 -0.7 -0.7 -0.7 -0.7 -0.7 -0.7 -0.7 -0.7 -0.7 -0.7 -0.7 -0.7 -0.7 -0.7 -0.7 -0.7 -0.7 -0.7 -0.7 -0.7
-0.7 -0.7 -0.7 -0.7 -0.7 -0.7 -0.7 -0.7 -0.7 -0.7 -0.7 -0.7 -0.7 -0.7 -0.7 37.9 53.5 61.5 60.6 62.4 64.1 62.7 -0.7 -0.7 -0.7 -0.7 -0.7 -0.7 -0.7 18.6 19.3 18.3 21.8 -0.7 -0.7 -0.7 -0.7 -0.7 -0.7 -0.7 -0.7 -0.7 -0.7 -0.7 -0.7 -0.7 -0.7 -0.7 -0.7 6.4 -0.7 -0.7 -0.7 -0.7 -0.7 -0.7 -0.7 -0.7 -0.7 -0.7 -0.7 -0.7 -0.7 -0.7 -0.7 -0.7 -0.7 -0.7 -0.7 -0.7 -0.7 -0.7 -0.7 -0.7 -0.7 -0.7 -0.7 -0.7 -0.7 -0.7 -0.7 -0.7 -0.7 -0.7
-0.7 -0.7 -0.7 -0.7 -0.7 -0.7 -0.7 -0.7 -0.7 -0.7 -0.7 -0.7 -0.7 -0.7 -0.7 34.9 52.1 61 66.7 67.5 69.9 68 60 -0.7 -0.7 -0.7 -0.7 -0.7 6.6 27.6 23.7 20.2 23.3 25.7 22.8 15.8 -0.7 -0.7 -0.7 -0.7 -0.7 -0.7 -0.7 -0.7 -0.7 -0.7 -0.7 11.6 17.1 -0.7 -0.7 -0.7 -0.7 -0.7 -0.7 -0.7 -0.7 -0.7 -0.7 -0.7 -0.7 -0.7 -0.7 -0.7 -0.7 -0.7 -0.7 -0.7 -0.7 -0.7 -0.7 -0.7 -0.7 -0.7 -0.7 -0.7 -0.7 -0.7 -0.7 -0.7 -0.7 -0.7 -0.7 -0.7
-0.7 -0.7 -0.7 -0.7 -0.7 -0.7 -0.7 -0.7 -0.7 -0.7 -0.7 -0.7 -0.7 -0.7 19.7 34.1 50.9 67 73.9 73.5 69.4 67.2 63 53 48.3 44.4 43.1 41.6 40.2 35.6 28.8 24 23.5 26.3 23.6 17.9 -0.7 -0.7 -0.7 -0.7 -0.7 -0.7 -0.7 -0.7 -0.7 -0.7 -0.7 -0.7 16 14.1 2.5 -0.7 -0.7 -0.7 -0.7 -0.7 -0.7 -0.7 -0.7 -0.7 -0.7 -0.7 -0.7 -0.7 -0.7 -0.7 -0.7 -0.7 -0.7 -0.7 -0.7 -0.7 -0.7 -0.7 -0.7 -0.7 -0.7 -0.7 -0.7 -0.7 -0.7 -0.7 -0.7 -0.7
-0.7 -0.7 -0.7 -0.7 -0.7 -0.7 -0.7 -0.7 -0.7 -0.7 -0.7 -0.7 -0.7 -0.7 34.3 37.8 51.1 67.1 74.7 77.8 72.2 71.4 67.3 60.4 54.9 50.9 48.1 46.1 47.2 43.3 36.1 31.8 27.3 25.5 23.4 16.4 -0.7 -0.7 -0.7 -0.7 -0.7 -0.7 -0.7 -0.7 -0.7 -0.7 -0.7 -0.7 16.6 15.3 -0.7 -0.7 -0.7 -0.7 -0.7 -0.7 -0.7 -0.7 -0.7 -0.7 -0.7 -0.7 -0.7 -0.7 -0.7 -0.7 -0.7 -0.7 -0.7 0.4 -0.7 -0.7 -0.7 -0.7 -0.7 -0.7 -0.7 -0.7 -0.7 -0.7 -0.7 -0.7 -0.7 -0.7
-0.7 -0.7 -0.7 -0.7 -0.7 -0.7 -0.7 -0.7 -0.7 -0.7 -0.7 -0.7 -0.7 -0.7 40.5 42.3 49.8 63.6 74.6 79.8 80.7 73.6 70.3 65.4 59.7 56.1 53.7 52 51.3 51.5 43.2 35.3 30.4 28.4 25.2 23.5 21.3 -0.7 -0.7 -0.7 -0.7 -0.7 -0.7 -0.7 -0.7 -0.7 -0.7 -0.7 -0.7 -0.7 -0.7 -0.7 -0.7 -0.7 -0.7 -0.7 -0.7 -0.7 -0.7 -0.7 -0.7 -0.7 -0.7 -0.7 -0.7 -0.7 -0.7 -0.7 -0.7 8.3 -0.7 -0.7 -0.7 -0.7 5.9 -0.7 -0.7 -0.7 -0.7 -0.7 -0.7 -0.7 8.3 7.7
-0.7 -0.7 -0.7 -0.7 -0.7 -0.7 -0.7 -0.7 -0.7 -0.7 -0.7 -0.7 -0.7 -0.7 -0.7 45.3 48.6 60.4 69.6 79.3 84.4 75.5 70.1 67.7 66.2 63.1 58.6 55.7 54.8 54.3 50.3 41.8 32 31.2 29.4 27.9 27.2 23.2 -0.7 -0.7 -0.7 -0.7 -0.7 -0.7 -0.7 -0.7 21.1 24.5 -0.7 -0.7 -0.7 -0.7 -0.7 -0.7 -0.7 -0.7 -0.7 17.7 16.6 -0.7 -0.7 -0.7 -0.7 -0.7 -0.7 -0.7 -0.7 -0.7 -0.7 12.1 -0.7 -0.7 -0.7 8.9 5.7 -0.7 -0.7 -0.7 -0.7 -0.7 -0.7 -0.7 -0.7 14.4
-0.7 -0.7 -0.7 -0.7 -0.7 -0.7 -0.7 -0.7 -0.7 -0.7 -0.7 -0.7 -0.7 -0.7 -0.7 47.1 46.7 50.9 60.7 76.5 85.3 79.3 70.9 69.2 68.8 67 62.2 58.4 57.3 56 54.1 47.7 35.9 34.2 35 34 31.8 24.8 -0.7 -0.7 -0.7 -0.7 -0.7 15 -0.7 -0.7 25.7 30 25.8 -0.7 -0.7 -0.7 -0.7 -0.7 -0.7 -0.7 -0.7 13.8 15.7 -0.7 -0.7 -0.7 -0.7 -0.7 -0.7 -0.7 -0.7 -0.7 -0.7 11.3 16.4 -0.7 -0.7 12.5 9.4 9.1 -0.7 -0.7 -0.7 7.5 -0.7 -0.7 -0.7 18.5
-0.7 -0.7 -0.7 -0.7 -0.7 -0.7 -0.7 -0.7 -0.7 -0.7 -0.7 -0.7 -0.7 -0.7 -0.7 -0.7 -0.7 47.1 52.1 68.1 82.3 81.2 70.9 69.5 68.7 67 63.8 61.3 59.3 58.7 56.8 53.9 41.6 39.1 37.6 36.3 30.2 23.8 -0.7 -0.7 -0.7 -0.7 15 20.9 18.8 21.3 26.7 31.2 25.7 19.5 -0.7 -0.7 -0.7 -0.7 -0.7 -0.7 4.8 11.9 13.3 -0.7 -0.7 -0.7 -0.7 -0.7 -0.7 -0.7 -0.7 -0.7 -0.7 3.6 10 -0.7 -0.7 11.7 11 14 13.4 0.8 14.5 12.4 14.9 -0.7 22.2 19.3
-0.7 -0.7 -0.7 -0.7 -0.7 -0.7 -0.7 -0.7 -0.7 -0.7 -0.7 -0.7 -0.7 -0.7 -0.7 -0.7 -0.7 -0.7 47.2 53.1 63.2 71.3 71.1 66.9 67.7 66.1 64.3 62.7 61.2 59.8 58 52 46.3 40.3 38.6 34.5 24.5 2.8 -0.7 -0.7 -0.7 14.9 16.6 20.6 23.7 26.8 30.2 30.1 22.7 16.8 -0.7 -0.7 -0.7 -0.7 -0.7 -0.7 8.8 11.8 10.9 -0.7 -0.7 -0.7 -0.7 -0.7 -0.7 -0.7 -0.7 -0.7 -0.1 0.8 9 -0.7 -0.7 5.3 10.3 15 17 17.1 20.6 19.1 17.4 21.2 26 28
-0.7 -0.7 -0.7 -0.7 -0.7 -0.7 -0.7 -0.7 -0.7 -0.7 -0.7 38.8 -0.7 -0.7 -0.7 -0.7 -0.7 -0.7 11.6 49.5 55.2 62.2 64.2 63.7 65.7 65.4 65.4 63.6 61.8 61.2 57.5 53 49 42.3 38.6 30.5 19.8 10.9 4.1 18.4 20.9 14.7 17.2 22.2 24.2 27.5 31.2 27.1 20 13.8 8.7 -0.7 -0.7 -0.7 -0.7 3.9 9.2 12.3 11.2 1.6 -0.7 -0.7 -0.7 -0.7 -0.7 -0.7 -0.7 -0.7 0.3 4.2 7.4 -0.7 -0.7 3.2 7.2 14.2 18.8 19.3 26.7 25 21.1 23.9 26.7 27.6
-0.7 -0.7 -0.7 -0.7 -0.7 -0.7 -0.7 -0.7 -0.7 -0.7 46.1 47.6 48.2 45.4 46.3 -0.7 -0.7 -0.7 5.8 43.4 51 56.2 59.7 60.4 61.5 64.6 65.9 65.6 63.8 61.4 57 56.2 51 44.6 38.8 29.4 19.8 14.9 16.5 20.6 19.8 18.2 15.5 21.1 22.3 22.7 23.9 21.5 15.6 10.1 -0.7 -0.7 -0.7 -0.7 -0.7 9.2 11.2 10.3 8.8 3.7 -0.7 -0.7 -0.7 -0.7 -0.7 -0.7 -0.7 -0.7 -0.7 4.6 7.8 11.8 3.1 2.8 6.3 13.2 16.2 22.8 28.3 29.9 25.8 24.4 25.6 24.3
-0.7 -0.7 -0.7 -0.7 -0.7 -0.7 -0.7 -0.7 -0.7 -0.7 -0.7 46.1 46.1 45.9 46.8 47.1 43.3 27.3 35.1 36.9 44 49.2 53.1 56.8 58.8 62.2 63.5 64.4 61.7 58.1 55.8 53.6 49.7 45.4 41.4 31.8 21.6 19.2 19 18.1 16.2 18.2 14.8 20.7 16.8 16.9 15.7 13.8 11 8.6 -0.7 -0.7 -0.7 -0.7 -0.7 9.7 10.2 9.1 6.5 4.8 -0.7 -0.7 -0.7 -0.7 -0.7 -0.7 -0.7 -0.7 -0.7 6.2 8.7 12.4 5.1 1.9 4 11.8 15.4 23 30 34.5 29.8 26.2 25.8 24.7
-0.7 -0.7 -0.7 -0.7 -0.7 -0.7 -0.7 -0.7 -0.7 -0.7 -0.7 -0.7 47.3 48.5 49.1 49 47.4 41.7 38 37.5 40.5 45.5 48.8 51.7 54.6 55.7 56.7 57.9 56.3 53.2 51.4 50 48.3 46.2 43 34.3 25.4 20.7 21.4 18.6 18.2 18.2 18.2 18.2 11.1 9.9 5.6 3.8 8.3 7.4 -0.7 -0.7 -0.7 -0.7 6.9 9.8 10.7 10.7 5.9 5.2 -0.7 -0.7 -0.7 -0.7 -0.7 -0.7 -0.7 0.5 3.4 7.7 11.2 14.1 7.8 1.4 1.2 12.1 14 22.2 26.2 29.4 28.9 25.1 24.7 24
-0.7 -0.7 -0.7 -0.7 -0.7 -0.7 -0.7 -0.7 -0.7 -0.7 -0.7 -0.7 3.4 51.4 52.1 51.4 49.7 43.2 38.3 36.8 41.2 43.9 46.1 46.1 47.8 48.7 47.1 47.9 48.2 48.2 48.4 48.6 48.1 46.1 41.8 36.3 27.1 19 19 19.9 18.5 17.1 18.2 15.4 7.7 4.7 3.7 2.1 0.8 -0.7 -0.7 -0.7 -0.7 -0.7 4.8 8.2 10.6 10.3 7.8 7.5 -0.7 -0.7 -0.7 -0.7 -0.7 -0.7 -0.7 4.4 6.6 9.7 11.9 15.5 11.4 1.8 0.8 0.9 10.1 17.7 19.4 21.5 22.4 22.2 22.9 23.2
-0.7 -0.7 -0.7 -0.7 -0.7 -0.7 -0.7 -0.7 -0.7 -0.7 -0.7 -0.7 53.7 52.4 53.9 52.2 48.5 44.7 39.2 36.9 39.7 42.1 43.6 43 42.2 41.6 41.9 41.7 42.4 43.8 46.1 48.3 48.5 46.6 44.3 38.7 30.1 21.2 19 19 20.6 18.8 18.2 13.4 8.2 7.3 7.3 5.7 3.5 -0.7 -0.7 -0.7 -0.7 -0.7 1 6.8 10.6 10.5 9.4 9.9 -0.7 -0.7 -0.7 -0.7 -0.7 -0.7 -0.7 6.4 7.7 9.3 13.1 12.5 11.4 4.4 -0.7 0.2 4.2 10.8 12.9 16.8 19.6 19.4 20.1 17.6
-0.7 -0.7 -0.7 -0.7 -0.7 -0.7 -0.7 -0.7 -0.7 59.1 57.6 57.2 53.4 51.4 53.5 51.8 47.5 43.4 39.7 37.8 37.6 39.3 40.6 40 38.8 37.8 37.2 37.5 39.5 41.2 42.7 46 48.1 47 45.5 40.4 33.6 24.3 20.7 19 21.4 23.1 15.5 13.9 12.2 11.5 11.9 10.7 6.7 1.2 -0.7 -0.7 -0.7 -0.7 -0.7 -0.7 11.4 12.4 10.1 12.1 5.9 -0.7 -0.7 -0.7 -0.7 -0.7 -0.7 5.2 8.8 10 12.8 11.3 8.9 -0.7 -0.7 0.2 3.7 10.1 11.2 13.8 16.1 17.1 15.3 15
-0.7 -0.7 -0.7 -0.7 -0.7 -0.7 -0.7 -0.7 58 57.8 56 55.3 53.4 50 52.2 50.4 47.4 43 39.5 35.8 35.3 34.6 34.5 34.6 35.3 34.1 33.9 33.9 36.2 37.4 38.4 41.1 44.5 45.2 45.5 43.2 37.1 29.2 23.5 21.6 24.5 26.2 20.8 14.6 12.1 13.2 14.1 13.2 9.2 3.5 -0.7 -0.7 -0.7 -0.7 -0.7 -0.7 5.1 8.7 10.3 12.9 13.7 10.1 -0.7 -0.7 -0.7 -0.7 -0.7 -0.7 6.2 6.2 4.8 4.2 -0.7 -0.7 -0.7 2.1 2.9 10.6 12.3 11.6 12 13.4 16.2 14.7
-0.7 -0.7 -0.7 -0.7 -0.7 -0.7 -0.7 6 53.9 53.8 52.2 50.8 50.4 44.3 46.5 46.3 43.7 41.4 38.7 34.6 31.5 30.5 28.5 28.1 30.7 30.9 31.3 29.8 31.6 33.3 33.7 36 38.6 40.5 42.8 43.7 41.1 34.9 26.2 24.5 26.6 28.5 25.9 16 11.8 11.5 16.2 16.1 9.7 -0.7 -0.7 1 -0.7 -0.7 -0.7 -0.7 1.7 6 9.6 13.1 15.1 13.2 -0.7 -0.7 -0.7 -0.7 -0.7 -0.7 -0.7 -0.7 -0.7 -0.7 -0.7 -0.7 -0.7 4.3 4.2 9.2 13.1 10.9 11.3 12.7 16.8 16.4
6.1 -0.7 -0.7 -0.7 -0.7 -0.7 -0.7 -0.7 51.4 50.4 47 45.9 43.3 40.1 39.1 40.4 39.9 37.2 33 30.3 26.2 24.1 22.8 24.5 25.5 26.9 28.6 27.5 26.7 27.9 28.3 29.6 32.2 34.6 38.1 41.6 40 38.9 32.6 27.9 28.1 32.1 29.5 20.6 13.5 13.7 16.3 14.1 8 -0.7 -0.7 2 5.7 -0.7 -0.7 1.4 4.5 4.2 7.8 11.3 15.7 15.5 -0.7 -0.7 -0.7 -0.7 -0.7 -0.7 -0.7 -0.7 -0.7 -0.7 -0.7 -0.3 -0.7 -0.7 5.6 9 9.6 10.2 12.6 11.7 14.9 18.3
-0.7 -0.7 -0.7 -0.7 -0.7 -0.7 -0.7 -0.7 7.3 46.9 41.7 40.2 36.9 35.7 34.9 33.8 33 30.3 27.3 22.6 21.6 20.1 20.9 23.1 24.3 24.3 25.9 26.1 24.9 23.1 23.4 24.6 27 31.1 34.6 38.2 40.1 41.8 40.3 31.1 31 34.9 32.4 27.9 15.4 9.4 12.7 10.6 3.8 -0.7 -0.7 3.4 9.9 5.9 3.2 3.6 6.4 8.3 6.2 9.6 14.3 15.3 -0.7 -0.7 -0.7 -0.7 -0.7 -0.7 -0.7 -0.7 -0.7 -0.7 -0.7 0.6 0.9 1.7 7.3 12.7 12.6 10.9 10.9 12 12.6 18.2
-0.7 -0.7 36.5 35 -0.7 -0.7 -0.7 -0.7 1.4 41.6 36.5 31.7 30.9 31 30.1 26.3 24.6 23.6 22.6 20.4 19.4 18.6 20.2 21.3 22.3 23 25.2 24.5 22.6 21.1 20.2 20.4 23.2 27.9 31.4 37.1 40.5 41.8 42.9 36.6 33.6 35.5 34.3 29.6 15.5 12.6 8.2 6 2.6 -0.7 -0.7 5.1 9.5 8.7 4.8 4.8 6.4 13.1 6.6 7.7 12.6 12.3 -0.7 -0.7 -0.7 -0.7 -0.7 -0.7 -0.7 -0.7 -0.7 -0.7 -0.7 5.2 2.6 2.9 8.6 15 17.8 14.3 13.8 13 12 12.6
-0.7 -0.7 -0.7 9.8 -0.7 -0.7 -0.7 -0.7 -0.7 -0.7 2.5 15.2 25.7 26.8 27.9 23 19.2 19.7 18.7 18.6 17.7 18.1 18.3 19.5 20.5 22.2 24.4 22.5 20.6 19.6 18.7 17.8 18.5 23.4 29 34 38.1 38.9 41.4 40 33.3 34.2 34.3 27.5 18.6 15.9 7 4.7 2.3 2.4 4 7 11.1 10.2 12 6 5.9 7.5 4.6 4.2 -0.7 -0.7 -0.7 -0.7 -0.7 -0.7 -0.7 -0.7 -0.7 -0.7 -0.7 -0.7 7 10.7 4.8 3.3 5.7 16.5 18.6 16.8 15.2 16 15.7 12.6
-0.7 -0.7 -0.7 -0.7 -0.7 -0.7 -0.7 -0.7 -0.7 -0.7 -0.7 -0.7 23.5 23.3 24.2 18.9 15.5 16.2 17.2 17.4 18.1 17.5 18.1 18.7 20.1 22 23 22.1 19.5 19.1 19.1 16.5 14.8 16.5 23.4 29 31.8 32.4 35.2 36.2 32.4 30 33.6 27.1 20.9 24.1 9.2 6.2 6.6 7.3 7.9 10.5 12 11.1 9.6 7 5.4 5.2 5 2.1 -0.7 -0.7 -0.7 -0.7 -0.7 -0.7 -0.7 -0.7 -0.7 6 8 8.4 10.5 14 8.8 4.7 4 12.6 19.8 18.2 16.4 15.9 11.2 12.2
-0.7 -0.7 -0.7 -0.7 -0.7 -0.7 -0.7 -0.7 -0.7 -0.7 -0.7 -0.7 16.2 19.4 16.2 13.2 13.9 16.4 19.2 18.6 17.8 17.9 18.3 19 19.7 21.3 21 21 18.5 18.3 19 16.7 13.9 11.6 14.4 20.9 23.8 24.7 26.6 27.8 27.3 27.2 30.6 25.8 21.9 22.7 16.1 9.2 8.1 8.4 8.7 11.7 10.7 9.4 8.4 9.6 8.7 8.5 10 7.2 -0.7 -0.7 -0.7 -0.7 -0.7 -0.7 -0.7 -0.7 5.4 7.1 9.3 11.6 14 16.6 14.2 8.5 5.3 8.8 19.4 17.7 14.1 13.1 10.5 10.8
-0.7 -0.7 -0.7 -0.7 -0.7 -0.7 -0.7 -0.7 -0.7 -0.7 -0.7 -0.7 20.4 14.4 11 10.7 13.8 17.7 20.8 19.9 19 19.1 19.2 19.1 19.6 20.5 20.5 20.5 18.9 19 18.8 17.7 16.1 12 9.1 10.8 13.6 16.5 18.9 20.5 19.9 21.9 23 20.6 20.4 19.5 16.2 11.4 10.2 10.8 11.5 13.1 12.3 8.5 8.4 12.2 16.7 11.6 15.3 13.6 -0.7 -0.7 -0.7 -0.7 -0.7 -0.7 -0.7 8.3 8.7 8.8 10.9 12.3 16.9 19.8 16.1 14.9 10.2 8.8 14.8 16.6 14 9.8 8 10.8
-0.7 -0.7 -0.7 -0.7 -0.7 -0.7 -0.7 -0.7 -0.7 -0.7 -0.7 -0.7 -0.7 -0.7 8.2 9.8 14.3 18.4 22.8 23.5 22.6 20.3 19 18.5 19.9 20.2 20.3 19.3 19 19 19 18.9 16.7 12.1 8.8 7.7 8.4 9 11.8 14.6 15.8 17.2 18 18.6 18.7 16 13.7 11.4 18.3 11.7 13.7 10.8 9.7 9 9 14.5 24.7 16.1 18.8 19.6 10 -0.7 -0.7 -0.7 -0.7 -0.7 -0.7 10.8 12 12.1 13.6 15.2 17.2 20.3 17 17.1 13.7 8.8 13.4 14.9 12.3 6.9 4.2 9.5
-0.7 -0.7 -0.7 -0.7 -0.7 -0.7 -0.7 -0.7 -0.7 0.8 -0.7 -0.7 -0.7 -0.7 2.4 9.5 14.2 19.4 25.6 26.6 26 21.3 18.4 19.1 20.5 20.3 19.2 18.5 19.1 20 20.6 20.6 18.9 15.6 12.1 9.5 7.5 8.2 9.8 11 12.4 15.1 14.7 15 14.5 13.8 12.4 13.1 20.8 15.7 14.8 8.5 9 9 8.4 12.9 22 20.9 20.8 24.1 15.9 -0.7 -0.7 -0.7 -0.7 -0.7 -0.7 -0.7 14 15.5 16.8 17.6 18.9 18 17.1 16.8 15.1 9.8 12.8 11.4 8 -0.7 -0.7 -0.7
-0.7 -0.7 -0.7 -0.7 -0.7 -0.7 -0.7 -0.7 -0.7 -0.7 -0.7 -0.7 -0.7 -0.7 -0.7 9.3 13.7 21 27.4 29.1 27.2 25.3 22.6 20.9 21.8 21.7 22.5 22.4 20.7 22 22.7 22.9 21.7 18.5 15.7 10.2 8.9 9.3 9.7 9.9 8.6 12.2 13.5 14.8 14.7 14.4 16.5 14.7 16 16.7 13.6 9 9 9 9 12.8 22.3 21.9 18.3 24.8 9.1 -0.7 -0.7 -0.7 -0.7 -0.7 -0.7 -0.7 10.9 16.9 19.1 19.8 19.5 15.8 14.2 15.1 14.8 11.3 7.4 7.4 -0.7 -0.7 -0.7 -0.7
-0.7 -0.7 -0.7 -0.7 -0.7 -0.7 -0.7 -0.7 -0.7 -0.7 -0.7 -0.7 -0.7 -0.7 -0.7 4.9 15.3 20.7 28.3 31.6 29.3 25 23.3 22.3 23.2 23.6 23.3 24 23.6 24.1 25.2 24.9 24.5 21.9 19 13.9 8.6 9.3 9.1 9.3 9.3 9.8 12.2 13.8 15 15.4 15.2 15.3 15.9 16.6 13.3 9 9 9 10.1 14.5 21.9 25.1 19.9 18.2 7.3 10.4 -0.7 -0.7 -0.7 -0.7 -0.7 2 6.1 15.9 20.2 20.6 20.1 15.2 11.8 10.3 14 11.1 -0.7 -0.7 -0.7 -0.7 -0.7 -0.7
-0.7 -0.7 -0.7 -0.7 -0.7 -0.7 -0.7 -0.7 -0.7 -0.7 -0.7 -0.7 -0.7 -0.7 -0.7 11.2 16.1 21.8 30.4 33.4 31.3 26.2 22.9 23.1 23.2 23.9 23.5 24.2 25.7 26.7 27.5 27.5 26 25.3 22.4 17.7 10.5 9.3 9.3 9.3 9.3 9.2 10.6 12.9 15.7 16.5 16.4 19.6 19.3 17.4 15.9 9 9 9 11.8 16.2 22.7 26.4 25.8 16 11.1 12.2 14.6 6.7 4 3.1 1.5 1.9 6.1 12.3 20.1 18.7 18 14 11.5 9.2 11.5 9.6 -0.7 -0.7 -0.7 -0.7 -0.7 -0.7
-0.7 -0.7 -0.7 -0.7 -0.7 -0.7 -0.7 -0.7 -0.7 -0.7 -0.7 -0.7 -0.7 -0.7 1.6 9.6 16.6 22.7 31.6 36.9 34 26.8 22.9 23.5 24 24.2 24.4 25.5 25.3 26.6 28.8 31 31.5 30 26.7 22.3 17 9.2 9.3 9.3 9.3 9.3 10.3 11.3 15 15.7 19.4 20.3 20 18 14.1 10.4 9 9 13.2 17.7 24.2 27.6 25.2 19.4 14.4 14.4 17.7 13.1 8.5 5.4 4 3.1 7 12 17.3 16.7 15.4 13 10.2 7.8 7.9 -0.7 -0.7 -0.7 -0.7 -0.7 -0.7 -0.7
-0.7 -0.7 -0.7 -0.7 -0.7 -0.7 -0.7 -0.7 -0.7 -0.7 -0.7 -0.7 -0.7 -0.7 -0.7 7.9 15.9 24.2 33.5 38.5 34.9 26.3 23.2 24 24.8 23.7 25.2 27.1 27.3 28.6 31.3 34.2 35.1 35.5 32.4 28 23.5 15.3 9.9 9.3 9.3 8.8 9.9 11.4 7.9 13.3 19.2 21.8 22.3 26.2 16.5 11.3 9 9 14.1 18.8 27.6 29.5 25.2 20.2 15 15.9 20.2 17.3 13.6 10.5 7.9 7.8 8.3 13.6 18.4 17.7 14.5 10.8 7.7 7 8.2 -0.7 -0.7 -0.7 -0.7 -0.7 -0.7 -0.7
-0.7 -0.7 -0.7 -0.7 -0.7 -0.7 -0.7 -0.7 -0.7 -0.7 -0.7 -0.7 -0.7 -0.7 -0.7 5.6 7.2 19.3 35.1 36.8 32.7 25.7 24.6 24.8 25.2 25.4 26.8 29 30 31.1 33.2 37.1 37.8 39.2 38.4 33.3 27.3 19.7 12.8 9.3 9.3 9.2 4.7 4.7 4.6 11.1 19.2 21.4 21.8 24.9 23.8 15.6 12.2 9 13.2 19.2 28.3 28.9 24.4 21.1 19.1 20.4 26.2 25 18.3 15 11.3 9.5 8.5 12.7 19.5 20.2 14.4 9.9 6.4 3.9 2.4 -0.7 -0.7 -0.7 -0.7 -0.7 -0.7 -0.7
-0.7 -0.7 -0.7 -0.7 -0.7 -0.7 -0.7 -0.7 -0.7 -0.7 -0.7 -0.7 -0.7 -0.7 -0.7 -0.7 -0.7 -0.7 -0.7 -0.7 -0.7 3.7 26 25.8 26 26.7 27.2 27.5 28.6 32.5 35.1 39.7 40.9 42.2 42.9 38.8 32.6 24 17.9 11.3 7.6 9.3 2.9 1.9 1.8 10.2 15.8 17.3 20.9 23.3 24.4 22.5 14.6 9 11.3 18.6 26.2 27.8 25.6 24.6 24.9 25 29.5 29 20.9 17.4 15.7 13.4 9.1 11.4 19.3 20.7 14.3 9.2 6 -0.7 -0.7 -0.7 -0.7 -0.7 -0.7 -0.7 -0.7 -0.7
-0.7 -0.7 -0.7 -0.7 -0.7 -0.7 -0.7 -0.7 -0.7 -0.7 -0.7 -0.7 -0.7 -0.7 -0.7 -0.7 -0.7 -0.7 -0.7 -0.7 -0.7 28.5 26.9 26 26.3 23.7 23.4 25.5 28.8 31.5 36 40.4 42.9 43.7 45.1 44.6 39.3 31.6 25.2 16.2 8.5 9 0.8 2.5 0.8 3.4 9.4 14 17.3 21.4 25 23.5 17.5 12 12.2 18.3 25.7 28.2 27.4 25 29.3 28.8 30 28.9 23.6 20.1 20.5 17.6 11.2 10.5 17.1 19.6 15.1 8.9 4.5 -0.7 -0.7 -0.7 -0.7 -0.7 -0.7 -0.7 -0.7 -0.7
-0.7 -0.7 -0.7 -0.7 -0.7 -0.7 -0.7 -0.7 -0.7 -0.7 -0.7 -0.7 -0.7 -0.7 -0.7 -0.7 -0.7 -0.7 -0.7 -0.7 -0.7 29.2 27.5 25.5 -0.7 20.6 23.3 27.3 29.5 32 35.4 39.8 42.3 44.6 45.7 46.8 45.3 38 29.7 20.7 13.5 9.1 1.2 0.8 -0.7 -0.7 -0.7 5.1 11 17.1 22 23.3 23.4 13.6 11.6 18 23.1 27.8 30.2 26 28.3 31.4 30.1 30.1 24.5 21.9 21.2 20.2 14.2 9.6 12.9 14.4 12.9 8.8 4.4 -0.7 -0.7 -0.7 -0.7 -0.7 -0.7 -0.7 -0.7 -0.7
