WholeMapElevations/data/ng/ng80_OST50GRID_20230518/NG80.asc
ncols 200
nrows 200
xllcorner 180000
yllcorner 800000
cellsize 50
[rows 105 to 139 of 200, columns 79 to 157 of 200]
661.1 638.4 618.4 594.8 568.1 550.2 507.5 478.4 459.6 424.4 404.7 395.8 383.2 374.9 368.2 368.4 370.6 370.3 369.3 364.4 359.4 332.9 314.3 283.3 249.8 222.7 200 173.3 159.2 126.2 129.2 147.4 173.1 198.9 229.7 247.6 255.4 246.8 233.3 218.2 202 185.5 154.1 125.3 111.5 107.9 93.5 79.4 64.5 34.5 11.7 4.9 2.3 -1.8 -1.8 0.7 0.6 -1.8 2.3 2.3 2.4 -1.8 2.7 3.7 4.7 9.2 21.6 45.3 66.3 92.3 127.6 165.2 196.6 239.3 267.7 293 323.3 353.8 382
643.4 629.9 607.3 587.4 556.7 532.6 503.1 472.3 454.7 419.8 398.7 383.7 370 361.2 355.2 349.5 349.5 347.2 343.4 344.5 343.8 337.9 323.4 302.5 276.2 239.2 214.2 190.6 155.5 118.2 154 165.7 177.7 205.3 235.1 260 268.6 271.5 258.8 238 214.4 197.3 178.5 147.2 138.7 120.1 100.8 93.2 77.8 37 10.1 4.4 2.4 -1.8 -1.8 -1.8 -1.8 -1.8 2.3 2.4 2.4 2.9 3.4 3.9 4.6 7 18.9 47.6 68 97.6 130.8 164.5 189.8 211.1 237.7 275.5 310.8 336.9 362.6
617 603.1 589.3 570.1 541.4 514.4 493.8 470 450 410.3 390.6 369.6 355.3 347.3 340.2 333.9 327.9 323.5 321.5 319.4 316.4 319 320.2 313.2 291.6 267.8 223.6 186.6 153.7 129 191.6 195.9 211.9 205.2 234.2 269.4 296.5 290.9 275.7 255.6 231.9 203.7 184.8 170 148.9 124.6 108.7 97.1 65.4 32.7 10.8 2.5 2.7 -1.8 -1.8 -1.8 -1.8 -1.8 -1.8 2.4 3 3.2 3.4 3.7 4.4 5.9 18.5 51.3 76.6 99.5 138.1 168.1 188.7 210.9 231.1 258.8 295.4 316.4 342.5
592.6 579.4 565.1 548.4 525.1 499.4 480.1 459.9 444.3 412.6 386.6 370 340.6 332.9 325.8 320.5 312.7 307.5 299.1 294.9 292.7 294.1 294.2 288.7 282.4 258.8 231 201.1 157.1 161.8 196.4 224.6 250.1 239.4 247.4 275.6 302.7 302 283.7 262.7 239.3 213.5 189 179 159.3 131.2 102.5 78.1 52.8 33.3 11.4 4.3 3.1 2.3 2.4 2.4 -1.8 -1.8 -1.8 -1.8 2.7 3.9 3.8 3.8 4.2 5.8 20.5 40.5 69.1 103.8 138.5 166.2 186 210.8 229.1 254.2 278.9 300 323.3
573 555 539.5 520.5 504.9 487.4 474.4 447.2 431.2 410.2 381.3 357 333.9 317.2 311.6 307.8 299.4 293.9 284.5 277.8 274.9 272.5 267 264.9 253.5 237.5 211 186.9 156.8 168.3 201 227.2 247.1 260.3 259.1 276.5 297.8 302.6 283.7 263.9 238.5 216.2 195 172.7 154.5 131.1 103.4 70.9 47.1 30.6 13.9 4.3 4.3 4.3 3.8 -1.8 -1.8 -1.8 -1.8 -1.8 2 2.1 3 3.3 4.1 5.3 23.5 47.3 73.8 103.3 137.2 160.5 177.7 209.1 230.9 248.7 266.8 280.8 305.7
561 535.4 513.6 495.4 481.2 468 454.3 436.4 415.8 408.8 382.7 338.8 321.2 308.7 298.5 294 287.4 279.6 270.9 262 257.7 251.9 247.3 242.5 237.4 222.1 194.6 171.1 161.9 187.6 211.6 231.9 249.4 266.3 278.8 282.5 304.8 298.2 280.2 257.7 237 209.9 191.1 167.4 140.7 120.4 103.3 71.3 44.1 25.8 12 4.7 4.6 4.6 4.7 -1.8 -1.8 -1.8 2.4 2.6 2.5 2.7 3.7 3.6 5.2 6.8 26.7 42.9 72.2 106.4 135.5 154.6 172.3 185.9 201.4 225.8 247.4 272.4 286.1
541.6 515.2 493.9 475.6 460.9 445.5 434.5 420 400.3 390.7 355.8 329.5 307.6 296.6 284.3 277.6 272.5 265.2 257.2 249.1 237.4 228.9 223.4 219.2 217.1 209 187.4 173.7 182.9 209.8 241 255.1 269.4 282.7 306.4 315.2 304.2 294.5 275.3 248.2 226.2 199.3 178.4 158.7 134.9 110.7 95 75.6 52.4 25.8 9.3 5.5 4.9 4.9 5 3.7 -1.8 2.8 3 3.1 4.2 4.5 4.3 4 4.5 5.5 19.4 37.7 64.3 91 119.3 132.5 149.5 160.8 199.1 226.7 249.8 266.1 284.5
517.6 498.3 472.7 454.7 442.5 427.2 417.5 406.3 388.7 373.3 347.5 322.6 302.7 286 279.6 268.8 256.9 250.1 240.9 229.4 218.4 208.6 205.1 201 195.9 183.3 207 211.5 212.8 234.1 280.8 289.5 319.1 318.8 347.1 333.5 308.6 294.7 269.2 240.8 214.1 194 170.8 147.7 126.6 105.7 83.7 66.2 54.8 44.6 13.4 6.3 5.2 5.4 5.7 5.1 3.5 3.4 3.5 3.5 4 4.5 4.1 4.2 4.8 5.4 11.1 32.5 56.7 89.1 91.2 110 133.7 163.4 203.3 240.7 267 284.2 307.9
492.8 471.6 452.1 435.9 422.9 413.3 401.6 390.7 371.8 355.6 329.4 312.4 291.5 274 265.1 259.9 247.9 234.9 225.5 216 209.8 210.6 204 205.3 208.3 226.7 246.7 247.2 250.2 261.9 301.1 347.2 370.4 359.1 364 338.1 307.2 288.7 266.5 234.8 209.8 195.8 175.9 145.9 122.4 102.2 84.2 75.9 55.3 54.9 34 7 5.5 5.7 5.9 6.1 4.7 3.9 4.4 4.7 4.2 3.2 5 5.2 5.4 5.5 14.7 34.8 55.8 69.7 83.2 106.3 136.4 162.6 194.7 236.4 267.2 293.4 330.1
467.2 448.8 432.5 419.6 409.4 400.4 389.8 372.4 353.6 335.6 319.9 299 285.2 274 259.4 251.5 241.1 229.8 221.2 223.7 225.3 222.6 221.2 221.6 234.5 254.9 267.1 273.7 282.7 301.4 347.3 384.2 402.9 381.5 352.6 323.8 296.5 272.2 256.3 229.3 209.7 199.4 180.4 150.8 127.4 106.1 89.7 79.4 60.2 46.4 31.5 10.9 5.8 6.1 6.3 6.5 6.4 6.3 6 5.5 5 4.2 5.8 5.7 5.4 8.3 22 40 50.3 60.4 79.4 112 146.5 174.3 205.6 239.9 266.8 299.3 342
444.9 426.8 414 405.9 398.3 388.1 376.3 358.9 340.6 325 313.6 293.2 278.2 268.4 256.7 251.5 243.7 229.4 235.3 237 236.7 239.2 242.8 253.4 269 284.2 300 316 329 364.5 376.5 407.3 428.7 396.4 358.3 326.2 290.4 268 245.6 224.8 206.1 198.8 177.7 154.8 132.2 113.8 111.4 99.4 76.8 57.9 33.4 8.6 6.9 6.1 6.6 6.7 6.6 6.5 6.4 6.2 5.6 5.2 3.6 5.9 6.7 10.7 19.7 32.6 50.6 72.3 100.7 129.2 158.1 185.8 212.8 245.9 277.4 312 351.7
425.3 408.6 398.7 392.4 386.2 377 361.6 347.7 335.2 316.5 297.6 281.5 264 255.1 254.4 247.3 242.7 242 248.4 251.6 252.5 261.7 271.8 283.8 302.1 333.4 364.9 371.6 403.2 416 419.1 440.5 426 393.5 362.6 322.2 291.6 267.1 247.5 227.8 203.2 188.2 174.4 157 136.4 122.5 121.4 105.1 82.4 57.7 33.6 11.4 8.1 7.2 6.7 6.7 6.8 6.7 6.6 6.4 6.3 6.2 4.8 5.6 6.6 9.9 14.9 35 48.4 70.6 103.8 136.7 163.6 199.7 226.4 256.6 287.5 313.9 350.8
408.7 395.1 387.5 380 371.2 362.9 354.1 343.3 330.7 311.8 288.9 271 263.3 262 255.9 249.7 259.9 254.7 263.8 269.3 275.3 286.6 298.2 311.8 335.9 386.9 412.6 436 452.9 457.1 462.7 445.3 424.3 388.2 353.7 320.4 297.6 269.9 255 239.8 200.6 182.7 170.6 155.7 140.8 133.6 128.4 121.9 102.8 85 42.5 16.9 8.5 7.8 7.1 7.1 7.1 7 6.8 6.7 6.7 6.5 5.7 5.4 7.6 9.7 19.2 32.7 52.2 74.7 99.6 135 171.8 201.1 236.1 267.4 302.5 330.1 356.4
397.8 384.3 377 368.2 356.7 346.6 342.3 338.4 325.7 305.6 285.5 277.4 274.2 268.7 267.1 264.7 273.2 273.6 281.7 286.1 298.9 311.3 321 336.8 373.7 400.4 439.6 485.3 500.2 495.6 469.2 437.1 408.9 375.4 342.8 315.6 299.2 271.3 249.3 230.5 204.9 183.2 169 156.1 148.8 144.6 137.3 127.4 118.2 97.2 57.5 29.2 11 8.3 8 7.4 7.3 7.2 7.1 7.2 7 6.9 6.3 6.3 7.9 10.1 22.4 37.8 55.4 76 102.7 140.2 168.4 206.1 246.3 281.7 315.1 342.3 363.2
388.3 372.2 362.7 355.4 346 335.7 330.1 320.1 306.6 294.4 295.9 291 287.2 277.8 272 279.9 285.9 291.1 297.4 306.6 320.6 333.6 346.7 364.9 393.4 427.2 461.7 498.2 520.1 500.6 465.2 433.8 400.9 370.3 340.6 313.6 287.5 261.5 244.6 224.8 204.8 185.3 169.1 160.3 153.9 149.3 139.1 129.8 118 95.2 76.6 36.1 15.9 9.8 8.6 8 7.7 7.5 7.4 7.6 7.4 7.1 6.5 5.7 7.5 9.4 17.6 33.4 50.3 63.8 92.9 124.2 164.1 212.4 247.8 284.3 314.6 341 363.6
379.9 365.2 350.1 344.4 337.6 326.4 319 306.3 299.6 307.4 304.2 309.4 303 292.4 287 294.3 300.8 308.4 315.4 326.3 342.2 372.7 393.8 400.3 440.4 465.5 495 518.1 524.5 498.5 470.2 433.3 399 370.7 341.9 307.3 277.7 255.3 239.9 225.1 206.8 190.1 178.5 160.8 154.4 149.1 138.7 128.2 122.3 93.9 66.7 42.2 19.7 11.5 9.1 9.3 9.1 8.9 8.6 8 7.9 7.8 6.9 6.5 5.7 8.7 10.7 24.3 38.9 59.4 83.4 121.4 149 189.2 228.4 268.1 306.6 332.2 351.2
374.5 353.2 343.2 334.8 329 317.1 313.8 315.1 318 315.4 321.1 324.8 320.1 307.4 301.2 308.4 316.1 324.1 333.1 347 367.5 422.3 434.1 444.9 490.2 514.2 534 543.5 518.9 493.6 463.1 432.6 401 366.1 335.3 306.4 284 268.1 247.9 227.5 209.1 200.2 185.3 167.4 155.9 149.5 143.1 132.7 119.2 104.6 95.2 62.3 32.9 18.9 10 9.6 9.5 9.7 9.4 8.7 8.2 7.8 8.4 7.8 6.8 8.8 10.1 22.6 41.2 66.9 88 111.9 140.2 177.1 220.5 267.5 297.5 312.6 328.5
356.1 345.8 339.3 330.9 325.5 320.3 325.4 328.7 328.1 332 337.4 336.6 333.2 323.6 315.4 324.5 332.5 341 353.6 370.5 402.7 458.2 477.5 490.9 527.9 558 562.1 549.6 526.5 489.6 455.5 422.1 391.1 367.7 339.2 313.8 294.9 278 257.6 229.1 218.2 218.1 194.9 175 156.4 148.9 143.7 133.8 122.4 109.3 97.6 74.6 43.8 27.3 11.3 9.4 10.4 10.7 10.1 9.6 8.7 8.2 8.8 8.1 7.7 6.7 10.8 22.9 43.9 75.6 95.4 113.2 137.7 169.2 209.3 254.8 281.9 297.4 305.2
361.7 357.2 347 333.6 333.1 333.8 338.3 343.2 345.7 345.8 349 349.9 349.2 342.7 330.1 339.7 350 359 377.4 406.2 449.5 509.9 524.2 551.1 572.6 570.5 558.3 552 534.8 499.2 453 415.5 390 367.5 344.5 324.8 305.8 282.3 258.2 245.9 232.7 223.6 210.1 189.3 164.6 152.9 147.3 133.4 124.6 108.6 92.7 75.9 55.1 31.5 12.8 10.3 11.3 11.7 11.5 10.4 9.4 9 9 8.6 8.2 7.6 10.4 24.4 38.9 64.8 87.1 108.6 133.1 172 200.5 237.4 264.3 280.4 298
367.9 358.7 352.8 350 353 352.8 354.3 357.8 357.3 361.6 362.8 366.3 369.3 362.2 345.7 354.4 367.7 380.4 404.2 442.7 496.1 549.2 573.5 593.9 594.4 573.9 556 545.9 532.9 508.1 465 422.7 392.5 372.7 352.5 335 313.6 290.6 274 261.4 251.7 235 222.1 203.4 175 160.9 148.8 138.8 129.5 113.3 95.3 76 66.9 41 16.5 15.6 13.3 17.5 14 11.4 10.2 9.6 9.5 9.4 9.2 7.9 9.6 13.3 29.1 47.6 68.5 92.1 123.8 158.8 191.7 226.4 257.1 264.5 270.7
371.8 370.3 372.4 376.7 377 373.7 368.8 369.4 369 373.6 378.8 386.1 391.1 376.7 357.1 370.2 386.5 404.3 435 493.1 543.7 585.7 601.2 607.6 589.8 571.9 562.4 548.3 530.7 509.6 476 436.8 402.1 381.7 363.2 347.9 328.8 303.8 291.4 282.7 261.6 237.4 220.8 204.6 182.8 166.6 152.7 141.7 132.6 120.8 103.6 85.9 64.5 41.2 28.9 30.1 16.9 25.8 29 13 11.3 10.3 9.9 9.7 7.3 8.6 9.6 18.9 14.7 46 67.1 92.3 127 151.4 175.5 207.7 228.2 225.5 238.5
387.6 389.9 392.9 394 393 391.2 385.5 385 387.8 388.4 396.3 401.7 401.1 388.7 374.8 389.7 405 428.8 468.5 522.5 573.7 609.5 604.7 598.8 580.9 568.1 562.3 548.4 530.6 509.5 498 464.1 431.2 407.3 389.9 374 350.3 338.6 323.1 305.5 280 260.4 240.4 217.4 190.8 176.1 160.2 143.1 132.6 122.2 106.5 92.9 67.2 46.7 44.8 40.6 27.7 16.4 31.5 15.6 11.8 11.4 11 10.6 8 9.2 10.4 26.6 33 32.3 42.5 71 103.3 127.9 146.5 176.8 185 184.1 196.9
407.5 408.6 409.2 411.8 415.4 414.2 410.5 408.1 408.2 404.8 407.1 414.9 411.4 395.2 393.3 407.4 426.5 456.7 509.2 546.5 589.4 616 604.9 588.2 571.8 567.7 559.3 546.3 528.1 509.8 497.1 483.2 466.4 447.6 428.5 406.7 385.8 369.9 339.8 318.4 301.7 282.6 256.4 226.6 205 187.8 167.4 148 134.2 122.7 106.4 92.2 76.2 67.8 59.4 51.6 37.1 22.6 24 17.8 12.1 12.4 12.2 11.3 9 10.3 12 27.7 39.4 41.3 39.4 36.2 55.8 76.9 98.2 117.7 137.7 148.3 159.3
431 432.1 431.4 436.4 446.9 447.9 447.2 438.4 429.8 424.7 423.1 428.6 422.3 402.9 412 427.1 451.7 493.7 540.5 584.3 623.4 614.9 597.4 583.7 566.8 564.7 553.3 538.4 519.4 502.5 494.5 487.2 474 459.7 441.9 427.4 409.1 386.5 360.8 348.8 328.6 305.9 276.3 243.4 217 193.3 171.4 151.2 136 123.8 109.5 102.4 95.5 89.9 80.4 63 44.4 27.3 20.4 19.4 13.8 13.4 13.1 12 8.8 11 18.9 27.8 42 48.9 50.1 52 38.3 48.9 72.7 89 103.3 120.7 134.8
463.8 469.9 468.7 475.7 478.9 487.2 486.8 479 472.8 447.3 441.7 441.3 429.5 412.1 430.2 442.9 484.7 536.2 579.7 618.8 632.9 611.4 592.5 579.8 564 555.5 539.8 523.5 509.7 493.3 486.2 482.2 473.8 459.8 438 424.9 409.8 388.1 369.5 357.5 340.8 323.7 295 260.9 228.9 199.7 177.6 157.8 142.6 131.3 120.8 111.1 109.6 100.1 86.6 67.9 49.7 29.9 22.4 17.3 15.2 14.4 13.9 12.7 10.8 12.1 16.5 26 33.8 43.6 48.9 55.2 57.3 53.1 50.3 71.5 87.8 105.7 118
517.5 533 547.5 553.9 545.1 525.1 511.3 498.2 489.8 471.9 456.9 452.4 438.9 425.9 443.5 463.6 524.4 578.3 617 648.4 630 608.5 589.9 575.8 553.9 540.2 521.7 505.5 495.8 483.2 477.5 473.3 467.9 455.6 441.9 422.3 412.9 382.6 364.5 348.2 333.3 316.7 296.6 271.8 241.6 209.2 184.5 166.7 151 140.7 127 118.8 123.4 115.5 107 81.1 52.9 32.7 25.4 16 16.5 15.7 14.5 13.1 11.8 11.3 15 19.3 24.1 30.5 39 52.1 58 62.5 61.1 45 62.3 64.4 99.5
569.6 605.2 618.6 624.6 609 554.1 519.5 510.2 492.1 477 468.3 456.6 439.8 435.2 456.1 495 552.8 602.8 639.7 646.4 624.5 607.2 591.2 565 543.4 524.8 509.4 494.1 484.9 474.7 469.1 467.1 460.3 446.7 432.2 425.5 410.3 380.8 362.7 341.7 324.4 304.6 289.3 268.3 243.6 213.4 190.3 173.5 158.3 145.4 132.3 132.1 122.3 122.3 105.2 85.5 56.7 36.6 25.1 18.3 17.7 15.7 14.3 12.8 11.7 13.1 14.6 14.7 17.5 30.2 43.2 58.3 63.6 71.4 78.5 79.4 72.6 71.7 56.8
634.8 667.6 690.6 682 632.6 570 528.6 507.1 491.6 481.1 472.4 457.1 439.2 447.5 472.7 512.8 570.1 622 656.2 647.1 625.3 605.2 583.8 557 530.7 516 500.9 487.7 476.4 465.3 460.1 457.1 450 433.9 426.4 421.3 398.1 384 359.5 337.8 323.9 297.8 279.4 263.8 241.5 217.1 202.4 186.1 169.4 155.1 143.3 135.2 133.1 119.2 100.1 80.1 60.4 39.6 24.9 20.3 19.4 21.5 21.6 18.3 13.2 12.5 19.3 15.8 23.1 42.5 56 64.6 71.5 79.2 83.8 86.1 85.4 76 69.2
686.9 697.9 686.3 642.9 602.3 569.3 528.7 502.5 489.1 484.3 481.1 466.9 453.9 466 487.7 523.3 583.6 638.9 668.8 649.1 628 605.2 571.5 542.1 522.7 504.4 490.1 472.2 459.2 448.9 445 439.9 429.2 416.8 414.6 407.2 392.1 379.8 361.3 337.3 316.4 300.2 277.4 260.1 242.8 225.8 208.1 192.8 185.1 168.3 155.8 138.5 130 121.2 103.4 77.9 57.3 38.9 25.6 22.9 22.8 21.2 27.3 42.4 37.7 18.6 11.2 23.8 35.3 46.5 57.9 56.3 66.1 66.4 67.5 67.5 65.9 64.8 60.1
701 659.8 627.4 601.7 576.9 558.1 540.4 512.1 498.5 494.8 497.8 492.2 486.3 500 512.6 537.7 596.4 656.3 672.5 647.4 621.3 598.6 560.1 523.6 500.1 486.4 469.3 456.1 447.8 442 437.4 431.7 419.1 408.6 405.5 403.9 391 371.6 353.8 337 314.9 298.1 277 257.8 245.4 230.6 212.5 201.2 190.6 174.9 157.6 141.5 128.3 115.3 97 73 52.8 37 27.7 26.3 24.5 23.2 39.2 52.8 58.8 45.7 28.6 12 30.5 33.6 34.7 41.5 40 45.3 47.7 51.3 49.2 47.9 46.6
677 640.3 613.7 601.3 587.3 580.7 569.5 525.6 513.7 515.7 523.7 525.8 532.1 543.6 547.6 564.3 618.5 672.8 665.8 636.5 609 584.6 546 511.8 483.9 466.7 456.3 449.4 444.4 441.7 439.1 427 410.9 401.4 395.9 392.1 383.6 368.2 353.8 335.8 316.8 295.6 274.4 251.6 233 221.1 207.2 196 187.6 169.9 150.9 140 129.5 109.2 90.3 66.6 50.3 36.8 32.7 29.2 27.3 25.7 32.4 53.3 60.7 62 50.7 31.2 14.8 13.5 15.6 16.4 19.2 24.7 31 34.4 34 37.6 40.5
669.6 639.6 622.1 613.9 608.4 599.1 580.6 555.4 539.8 543.9 554.9 565.7 586.2 605.4 594.6 600.6 642.2 680.3 646.5 618 590.9 554.6 530.4 511.4 480.3 461.9 452 444.4 441.8 440.9 437.9 429.4 414.8 401.1 393 387.9 375.7 358.4 346.9 327 313.8 292.3 269.2 248.2 228.1 212.2 196.6 185.5 177.1 162.2 148.1 133.3 119.1 101.7 81.3 63.4 46.6 40 35.6 27.4 29.6 28 29.7 40.3 46.7 50.4 49.7 39.7 22.6 16.5 23.1 20.8 20.1 20.3 17.9 25.5 28.9 34.2 33.1
658.9 645.8 639.4 634.6 630.3 627.2 605.3 585.3 569.2 573.4 591.2 615.2 652.7 673.3 661.2 642 668.5 676.3 624.8 594.1 562.3 543.6 529.6 500.1 479.5 463.6 452.4 444.5 443.5 439.7 432 420.6 410.9 399.9 393.1 387.9 375.5 360.4 340.6 321.8 297.3 278.2 257.7 243.3 223.4 207.1 192.7 177.3 164.4 146.2 138.4 126.4 112.1 95.9 78.5 64.7 48.7 41.9 33.7 36.1 33 36.5 32.3 32 35.5 39.4 41.4 39.3 33.7 30.4 29.5 31.8 28 24.6 22.2 20.9 20.8 21.6 27.9
680.7 660.5 655.6 654.6 653.4 648.9 633.2 618.2 600.9 621.4 659.9 672.7 689.2 733.8 718.9 692.3 682.5 649.7 602.1 572.7 555.3 542.4 520.5 497.3 479.6 465.3 455.7 447.5 440.9 432.1 425.8 418.1 405.4 391.3 386 383.6 375.1 358 342.7 322.2 303.8 282.6 258.4 234.7 217.7 201.7 190.1 180.9 171 147.9 129.3 115.5 105.2 89.9 72.9 60.4 51.1 45 45.4 39.7 35.4 38.1 35.6 32.6 32.9 33.4 34.2 35.2 35.3 33.9 34.2 35.2 33.1 32.1 30.7 28.9 26.1 27.1 22.6
699.8 681.6 686.1 677.7 671.9 670.5 665.1 650.7 644.5 686.8 721.4 746.4 754 762.8 765.4 734.6 672.5 625.5 591.2 574.1 561.5 541.5 519.7 501.3 485.6 472.3 460.8 451.3 445.7 438.1 430.3 422.6 410.3 392.6 384.5 376.6 369.8 357.3 340.3 317.2 297 278.4 265.4 242 224 212.1 200.5 189.4 173.6 155.7 141.9 120.4 100.2 83.1 75.8 67.5 53.1 55.3 54.2 47.2 41.8 39.1 38.9 35.1 35.1 36.3 36.5 37.3 37.5 36.1 36.7 38.4 39.5 39.4 38.2 38.9 37.3 36.2 33.5
