UK/data/nn/nn54_OST50GRID_20230518/NN54.asc
ncols 200
nrows 200
xllcorner 250000
yllcorner 740000
cellsize 50
[rows 105 to 139 of 200, columns 0 to 77 of 200]
694.1 685.5 680.1 673.9 669.9 666.2 662.3 657.7 654.1 649.9 645.9 640.8 635 632.7 621.7 613 605.6 596.8 587.4 577.1 571.6 561 550.2 543.3 533.2 518.1 508.1 499.3 493.1 489 485.8 483 476.9 469.7 460.5 451.7 442.8 437.4 430 416.3 403.2 405.8 400.5 391.7 383.3 373.4 364.9 358 349.4 342.8 334.2 324.1 310.9 300.9 288.6 275 258.7 251.4 252.7 251.6 249.7 249 247.5 245.1 243.5 242.3 242 247 247.7 252.7 253.1 250.1 243 239.7 237.3 236.8 240.4 241.9
693.5 685.2 678.8 671.3 666.2 662.1 659.6 654.9 651.3 646.6 641.5 637 631.3 624.5 617.1 606.6 596.6 588.5 582.9 572.6 566 560 552.9 544.9 530.9 522.3 515.7 498.9 492.8 486.9 486.6 482.8 476.7 474.1 464.4 454.8 447.6 442.1 433 423.2 418.1 413.8 408 399.9 390.2 383.2 370.7 360.4 350.8 341.7 335.6 325.9 313.6 300.9 288.9 274.5 268.5 254.4 250.9 251.2 249.5 247.6 246.8 245.4 245.2 244.2 241.3 243.6 247.8 249.4 256.6 251.2 245 245.3 240.1 241.7 245 246.9
694.5 690 684.4 677.7 671.7 662.8 658.1 656.1 652 649.1 642.4 633.2 624.3 619.8 614.6 605.7 598.1 589.3 579 570.6 560.8 553.4 544.7 535.9 528 518.7 509.7 504.4 502.6 483.7 487.2 482.1 476.3 468.9 463.7 458.5 450.8 446.6 434.9 426.9 428.7 421.9 414.3 406.9 397.6 389.3 378.7 366.5 356.4 344.5 336.4 323.4 312.7 300.9 287.3 281.7 270.3 254.7 251.3 250.7 248.7 246.3 245.6 246.1 245.5 243.6 243.7 244.2 242.6 245.4 248.4 250 248 244.1 242.9 248.1 251.1 252.4
711.8 702 695.6 691.3 681 672.2 662 661.7 658.9 656.5 655.3 641.4 629.3 620 610.7 601.4 594.9 581 572.8 564 554 544.9 537.3 528.4 525.7 521.8 512.5 500.8 497.7 484.7 478.9 477 477.3 472.5 466.5 459.2 453 443 440.2 438.9 432 426.1 421.7 416.8 405.8 397.2 386.6 373.8 363.5 348.5 337.3 324.8 310.5 298.3 287.2 275.3 270 258.8 251.7 248.3 247 246.8 246.5 244.8 243.9 244 244 244.3 243.2 243 248.8 250.9 247.7 247.4 248.5 256 257.5 260
740.7 732.1 728.2 728.8 706.3 691.9 680.5 685.9 688.2 683.3 670.3 661.4 643.9 624.6 612.6 603.6 596.2 587.6 574.4 563.4 551.5 541 533 524.5 518.2 519.5 510.8 509.9 501 493.8 481.4 475 473.1 475.9 468.5 464.6 451.7 454.5 450.9 446.4 440.8 433 426.5 422.8 415.3 404.9 390.7 377.4 362.5 351.7 341 324.4 307.6 295.2 283 272.9 261.5 259.3 250.8 250.1 246.1 245.5 245.8 245.1 244.3 244 244.3 244.5 242.6 244.6 246.9 252.1 253.2 251.1 255.3 258.1 264 266.1
805.2 764.5 768.4 773.5 748.6 724.2 722.7 723 727.1 723.1 703.3 689.9 667.9 634.6 619.1 612.4 603.4 593.1 580.2 563.3 549.2 544.9 540.1 536.6 525.5 515 506.2 507.2 508.1 500 490.8 480.7 471.2 469.7 462 459.4 465.3 458.7 456.9 450.3 445 441.8 433.1 424.2 417.9 407.7 393.7 377.9 363.8 350.2 338.4 323.6 308.1 291.9 279.3 266.3 260.8 252.6 249.1 248.8 247.8 244.8 244.7 245.4 244.8 244.1 244.1 242.7 245.7 245.3 247.7 254.2 263.6 266.7 264.9 267.4 273.8 279.9
829.5 802.9 804.8 801.5 779 787 782.3 774.6 770.1 769.8 745.7 715.3 697.6 654.8 634 619.7 607.8 595.7 584.9 567 551.9 543.3 541 534.8 529.2 520.8 515.5 507.9 497.7 491.4 490.3 481.1 481.3 474.6 464.2 466.6 470.5 466.6 462.3 456.4 449.9 444.4 437.9 427.2 415.8 402.1 389.8 384.1 365 353.4 339.2 321 306 285.3 278.6 264 253.2 248.6 246.6 246.9 244.7 243.7 243.7 243.7 243.5 242.6 242.2 251 247.5 247.6 253.1 268.3 274 276.9 272.3 279.8 288.3 295.3
825.6 819.8 810.9 803.8 798.7 794.8 790 787.3 789.5 789.1 767.2 734.9 703.7 669.8 646.4 628.2 607.4 592.9 580.1 569.4 555.8 546 540.2 534.4 527.4 521.2 516.6 512.6 504.5 499.2 493.1 485.3 480.8 473.5 470.6 475.1 473.2 469.7 465.7 463 455.1 447.1 439.6 430.3 418.6 407.5 389.2 374.5 363.4 352.3 338 324.8 302.3 283.1 264.7 255.5 252.9 250.5 245.8 246.1 245.5 245.5 245.4 245 244.5 243.6 247.2 252.2 251.6 252.2 262.2 274.7 277.2 282.1 285.7 294.4 302.2 309.2
817.8 810.2 800.8 792.4 786.8 783.1 780.6 780.9 785 789.3 770.8 740.4 716.5 679.6 655.4 633.2 612.8 591.5 578.2 569.7 562 547.7 540 529.4 524.1 519.9 515.3 510.8 506.3 504 496.8 493.1 484.2 473.8 482.6 479.3 476.5 474.3 470.4 466.7 462 455.5 444.6 432 418.2 406.9 388.6 373.3 357 348.3 334.8 319.6 298.3 284 267.2 253.5 246.9 247.3 246.2 245.3 244.2 245.5 245.2 245 244.9 245.1 249.8 260.5 259.8 260.8 270 281.5 283.5 290.1 297.4 306.3 313.1 320.2
801.6 794.2 784.4 777.1 773.4 771.1 771.2 772.7 775.6 779.2 773.2 747.6 708.9 689 667.2 646.9 623.8 593.7 574.6 567.6 563.8 550.4 541.1 530.8 523.3 520.8 515.4 511.5 506.7 508.2 498.7 493.8 477.9 487.8 486 484 482.2 478.5 475 472 466.9 461.9 452.6 433.5 420.6 406.6 391.3 377.3 362.1 346 333.7 317.6 296.8 278.5 263.7 254.7 247.5 246 245.5 245 245.6 245.3 245 244.9 244.8 248.6 257.1 262 268.7 271.5 280.4 284.2 292.1 298.2 308.9 317.4 323.8 332
783.8 776.7 769.8 765.2 762 759.5 758.6 757.8 759 762.1 757.8 741.3 706.9 678.4 658.7 638.5 620.2 599.6 575.3 559.7 555.8 551.7 542 533.4 529.3 517.5 511.6 507.7 506.6 502.1 497.5 486.2 484.6 491.3 491.5 488.2 488.3 484.7 480.4 476.4 471.6 462.7 449.2 436.8 425.5 414.7 395.1 385.7 372.9 357.6 332.5 311.5 295.1 281.2 261 252.3 247.5 246.6 246 245.3 245.9 245.8 244.9 245.4 246.4 251 261.4 269.6 272.1 281.1 289.8 293.2 299.5 309 319.3 328.7 337.9 346
772 764.5 758.2 752.6 747.8 745.7 742.2 738.8 741.4 738.9 732.7 723.6 707.4 681.3 645.1 620.7 606.3 591.1 575.4 554.4 545.2 541.5 534.3 529.5 521.9 519.4 513.1 505.9 502.2 501.4 492.2 499.6 499.3 497.4 496.5 495.4 491.5 488.2 483.8 479.7 472.9 468.7 459.8 454.3 437.8 421.6 401.9 388 375.9 358.7 334.8 313.5 297.6 278.6 262 252.4 248.2 247.5 246.7 245.5 246.4 245.7 246.4 246.3 247.9 253 263.5 274.8 279.9 285.7 293.9 299.8 309.4 319.7 328.4 337.5 347.8 357.8
761.6 754.5 747.7 741.8 736 731.2 726.4 720.5 714.5 711.9 704.5 697.4 692.9 675 644.9 616.9 590.9 578.2 564.3 553.1 547.5 534.8 530.6 530.5 525 516.3 513.9 509.9 503.5 497.7 502.1 503.2 502.8 502 501.1 499.6 496.6 492.8 489 484.1 480.5 478.8 474.3 466.1 441.6 425.3 404.3 391.2 374 354.2 332.9 305.3 288.4 275.6 263.8 252.9 248.1 247 245.8 246 246.1 245.7 245.8 246.2 251.9 259.9 267.1 275.7 283.8 290.1 298.1 306.8 318.9 328.9 337.4 347.6 357.8 368.1
751.4 744.3 737.1 729.7 722.7 717.3 712.2 707.4 699.7 692.4 684.9 673.2 665.7 650 633.3 601 578.6 567.2 556.8 546.7 540.5 535.3 524 522.3 519.5 519.1 516.8 510.9 509 499.3 503.1 505.7 504.4 504.9 503.9 502 500.2 500.5 501.9 497.8 488.8 485.6 477.6 463.7 445 420.2 404.1 389 370.9 347 322.5 302.6 282.5 269.2 262 252.7 248.2 247.4 246.5 245.4 246.3 246.2 246.4 246.5 256.8 265.8 274.5 278.6 286.1 295.4 303.5 314.3 326.7 337.3 347.6 358.6 369.4 380.1
741.3 733.9 725.8 718.2 711.7 705.2 700 695.5 687.2 678.6 670.3 659.2 649 637.8 618.1 589 565.7 549.9 542.8 534.4 529.8 524.9 518.1 519.9 516.5 515.7 515.5 513.3 506.7 509.9 507.1 508 507.3 506.7 508.3 511.9 513.4 511.6 508 501.7 492.7 486.2 474.8 456.1 436.6 417.8 400 382.2 363.4 343.3 323.5 303.1 283.2 269.4 255.7 250 248.6 247.1 246.6 246.5 246.5 246.4 247.5 250.7 260.6 272.2 276.6 285.6 292.3 299.3 310 322.8 334.4 345.5 356.7 367.8 380.2 389.7
730 723 714.5 707 701 695 688.8 683.2 675.7 667.6 657.4 645.6 631.9 619.4 606.1 583.7 560 542 538.2 536.6 528.5 525.2 521 516.9 515.5 512.9 510.8 509 510 512.3 510 510.1 511.1 513.3 517.1 519.2 520.7 518.3 515.1 512.2 500.1 485.4 466.3 446.4 430.2 412.6 397.1 379.4 355.8 335.6 318 301.4 287.3 272.7 259.2 251.6 248.9 248.1 246.8 247.3 247.3 247.3 253.3 256.8 264.5 273.2 281.3 292.8 298.9 309 319 329.5 341.6 354.8 366 378.6 388.9 399.2
718.5 711.1 703.3 695.8 689.3 682.9 677.9 671.8 663.8 655.1 645.1 631.8 616.1 601 582.5 564 545.8 541.8 539.4 535 527.9 524 519.6 516.9 514.4 511.3 508.3 511.4 513.9 515.6 514.6 515.8 518 518.9 520.7 522.2 521.7 518.1 511.5 505.6 494.2 479.7 455.7 439.1 422.9 406.9 388.3 369.1 346.8 331.2 316.5 302.7 286.4 275.9 268.7 257.6 252.2 249.5 246.2 247.8 248.3 249.7 256.5 263.2 270.8 279.8 286 296.9 307.1 316.7 328 340.6 351.2 363.5 376.8 388.4 398.7 410.3
705.4 697.3 690.1 682.9 676.3 670.6 664.4 657.5 650.4 643.2 635 625.5 610.3 590 565.7 550.4 542.1 538.4 533.5 532.1 526.3 520.9 519 516.5 513.8 511.2 512.6 513.8 517.2 518.6 519.8 520.6 522.5 526 525.2 523 519.3 510 501.7 491.1 479.6 463 446.6 431.6 414.5 396 378.1 358 342.1 327.8 314.4 301.4 292.4 276.6 266.6 259 252.6 249.8 246.3 248.7 249.8 251.1 257.7 267.2 274.7 283.3 292.8 301.8 312.5 324.3 335.9 346.5 358.6 372.2 385.9 396.8 409.3 421.5
691.1 684.6 677.1 669 661.6 654.4 648.5 641.6 635.3 628.1 621.2 614.7 605.3 580.2 561.2 545 539 535.5 533.3 528.2 524.6 521.7 518.8 515.8 512.5 512.7 513.2 515.4 519.6 521.1 523.4 525.7 526.5 526.2 523 519.7 508.5 498.8 489 478.9 466.4 452.2 438.6 422.8 406.2 386.3 367 349.9 338.1 325 310.7 298.6 289.9 281.8 270.6 260.7 254.4 251.1 247.1 249.9 251.5 255.6 260.4 270.5 278.1 287.6 297.9 307 319.7 331.4 343.2 355.3 368 380.8 393.8 406.9 419.7 432.5
679.5 670.8 662.8 655.1 645.9 638.5 631.3 624.4 618.4 609.9 603.5 596.5 587.2 566.6 549.9 540.4 535.8 533.5 529.3 527.2 523.5 521.6 518.8 513.1 515.7 515.1 514.7 519.2 521.6 524.5 527.2 528.3 529.5 529.3 524.9 516.9 504 489.9 480.4 468.1 457.5 442.6 428.8 411.7 393.7 376.6 359.1 344.9 332.5 319.9 311.2 299.3 289.9 282.6 274.1 266.4 258 254.9 246.6 251 254.4 258.3 265.6 274.7 281.7 293.8 303.5 312.8 325.2 336 353.6 365.5 375.8 389.6 403.3 416.5 429.3 441.4
668.9 660 649.4 640.4 631.5 624.5 615.2 608.2 600.4 593.9 587.7 580.4 569.6 556.8 540.4 536 532.4 530.6 527.6 524.2 520.7 517.4 514.5 514 516.8 517.8 518.8 522.5 525 527.4 528.4 530.9 532.1 531.1 523.6 515.4 505.7 487.1 472.3 459.1 449.2 435.2 419 400.2 381.8 366 351.4 336.4 326.1 318.2 309.3 297.3 289.9 281.8 275.9 266.6 261 258.4 252.7 251.1 258.5 260.6 268.8 278 288.4 298.6 310.7 325 333.2 347 360.3 372.9 386.7 399.3 412.6 425.8 438.2 450.1
659.6 648.8 637.6 629.1 621 612.7 604.8 597 589.4 582 572.6 566.1 553.1 542 538 536.1 532.8 531.6 526.6 523.8 520.4 522 517.1 517.9 518.9 521 523.2 525.3 527.6 527.6 530.1 532.3 534 535 530.5 525.1 511.8 486.7 475.7 464.1 445.9 428.7 408.8 391.1 371.7 355.2 341.3 333.1 323.8 315.1 305.5 296.3 289 281.3 274.8 265.6 261.3 259 258.6 250.9 252 261.4 272.3 282.9 293.2 304.4 317.6 330.4 343.4 358 370.3 381.4 395.4 407.5 420.5 432.8 445.8 458.3
650.7 640.7 632.2 623.5 613 605 597.3 586.2 578.2 569.9 563.5 553.5 541.1 538.8 532.7 529.7 531.4 529.9 526.1 522.9 520.1 519.4 518.1 520 521.3 522.6 525.5 528.1 529.6 530.1 530.7 532.5 533.9 533.1 529.2 519.5 498.9 484.4 474.8 463.2 445.3 422.7 397 379.3 361.2 347.6 336.2 326.4 319.2 310.8 303.3 295.7 287.7 279.4 272.8 264.3 259.5 258.9 259.1 257 246.6 259.9 276.1 286.7 299.1 311 324.7 334.8 349.3 365.6 377.6 390.2 402.3 416.3 428.4 440.6 455.4 467.3
645.6 636.2 627.2 619.8 610.5 598 590.4 584 576.7 564.7 560.5 555.3 547.3 540.9 535.4 532.9 526.8 524.5 522.9 521.6 520.3 521.5 522.4 519.7 522.1 525.4 528.6 531.3 532.4 533.5 533.5 531.4 528.4 525.2 517.2 506.7 489.4 478.1 467.3 451 434.6 410.2 384.6 367.2 351.9 338.3 329.6 323.8 315.4 307.3 299.6 292.7 282.7 275.3 267.9 262.3 258.6 255.8 254.4 252.5 248.7 268.1 279.7 290.2 303.5 316.6 326.4 342 354.9 369.2 383.6 397.4 410.7 423 436.6 450.7 464.3 478.7
650.5 637.4 627.4 619.2 612.4 605.6 596.2 584.2 572.5 566.8 559.2 551.9 545.8 540.4 536.7 535.2 531.6 528.4 526.9 524.5 525.6 526.3 526.2 526.3 530.6 534 532.3 533.5 533.7 534.5 533.7 533.1 526.7 521.4 508.3 496.8 479.7 468.3 454.4 434.1 415.9 390.4 371.5 360.6 347 333.4 324.9 315.8 309.6 302.3 294.2 285.3 277.9 276.6 267.9 266.7 257.9 254 250.8 252.2 261.5 269.3 282.8 294.8 307.9 321.8 333.3 348.3 363.8 376.8 392 404.3 418.6 432.1 446.6 460.8 474.6 488.5
664.7 647.1 633.9 628.5 624.3 617.8 606.2 590.4 571.9 560.2 552.2 549.4 543.7 541.2 539.1 536 532.5 528.6 526 526.1 529.2 529.4 529.8 532.4 537 539.1 541.4 541.9 541 537.5 540.9 538.2 521.8 511.5 499 481.2 467.7 454.2 435.9 415.7 396.6 374.9 362.7 352.1 338.7 326.4 317.2 310.4 301.7 294.8 288 280.7 274.9 267.8 263.7 258.6 254.7 251.4 256.3 260.1 269.3 276.8 288.4 299.9 311.9 324.6 341.3 357.7 370.6 385.8 399 413.3 427.4 440.3 455.7 470.1 483.9 497.9
678.8 657.2 646.8 642.5 642.4 639.4 621.1 590.4 574 562.4 550.3 547.4 543.1 540.5 537.6 535.4 533.4 530.3 529.9 530.5 531.4 532.4 535.6 539 541 542.6 542.9 543.8 542.5 542.2 540.3 538.5 519.9 503.3 485 469.3 452.4 434.7 416.4 398.6 380.1 365.7 355.3 344 330.9 320.2 309.9 304 296.1 285.7 281.4 277.5 266.5 263.2 257.8 255.9 253.1 254.3 259.8 264.4 271.9 280 292.3 305.2 316.5 331.5 345.2 361.9 377.7 391.9 407.1 421.8 434.1 449.9 461.1 479.3 493.2 509.5
709.8 675.3 658.8 654.8 656.7 652.8 620.2 587.9 570.1 559 549.7 545.5 542 539 536.2 534.6 533.8 531.7 530.6 531.1 533.4 536.6 540.4 542.5 544.3 544.1 545.4 546.4 547.5 548 541 531.7 507.1 485.8 466.6 450.8 433 416.7 400.3 385.4 370 356.6 344.7 333.4 321.7 313.4 306 295.5 285.5 280.9 272.7 267.2 261.2 253.9 252.8 253.7 255.6 257.6 261.1 267.8 274.5 285.2 297.2 309.2 322 335.6 352.3 368.7 383.6 399.3 415.2 429.7 443.8 460 473.4 488.6 501.9 519.7
724.2 688.8 669.4 662.4 663.3 643.5 621.6 583.1 565.2 555.6 548.3 544.2 540.4 538.1 536.3 533.7 533.4 532.3 533 534.3 536.5 539.9 542.6 544.7 546.6 545 548.1 554.3 553.7 545.7 532.1 513.5 491.5 467.7 447.9 430.9 417.5 399.4 387.2 372 360.3 347.7 334.8 320.7 312 303.2 296.9 289.1 277.3 270.5 268.6 256.8 254.5 256.1 256.8 256.8 262 263.1 264.6 272.3 284.1 289.7 305.1 314.1 329.5 343.1 359.7 376.3 390.2 408.2 423.4 437 455 469.3 483.1 498.3 513.6 530.4
729.1 702.6 685.3 673.1 661.4 632.6 612.6 583.8 563.5 554.1 548.8 543.7 540.2 537.1 535.1 535.1 536.2 535.6 536.9 537.2 536.9 539.9 543.9 546.3 544.4 546.5 550 555.1 555 542.2 522.3 500.5 473.8 455.4 434.9 419.5 401.8 389.4 371.8 356.5 348.2 338.8 325.1 310.5 304.3 300.1 291.6 281 273.5 270.3 259 254.8 256.4 258.7 258.8 258 260.6 264.2 269.3 284.3 292.7 294.3 309.5 318.6 332.8 352.8 369.4 386.7 402.4 418.1 433 449.7 464.2 479.5 494.1 510.5 526.3 543
738.6 711.2 693.3 678.9 659.6 632.9 613.2 592.6 568.8 553.1 548 543.6 539.4 538.5 539.4 538.9 537.2 536.1 534.9 535.6 537.5 542.3 547.1 548.1 538.8 539.5 539.3 539.8 536.6 524.5 505 482.1 461.6 445 425.7 408.1 392 380 365.7 350 335.3 328.1 319.3 304.3 291.9 286.8 280.5 268.9 262.6 259.9 256.4 255.7 257.8 260.7 260.3 266.6 264.2 270.2 277.4 285.8 304.1 310.1 313.4 332.5 349.7 361.3 382.1 397.4 413.1 430.3 443.7 457.2 474.9 490.1 505.3 522.3 539.2 556.6
744.6 725.3 697.5 690.3 671.4 652.1 625 594.8 571.3 554 549 544.3 542.8 543 542.7 539.3 536 535.2 534 535.2 538.3 546.9 549.5 535.6 528 521.1 521.6 521.9 521.6 509.6 486.6 461.3 449.1 435.2 417.7 398.6 384.9 372.4 362.4 345.4 326.3 318.3 309.2 296.6 283.8 268.6 264.4 261.8 260.7 259.1 257.8 256.7 259.1 261.2 264 268.6 278.6 289.3 296 301.5 314 323.1 328.6 346.1 364 377.7 389.2 407.3 425.7 441 454.9 470.3 485.8 502.2 517.9 534.6 553.9 572.5
748.2 720.4 712.2 698.9 660 641 613.4 589.9 572.2 560.4 554.7 550.8 547.8 545.5 540.5 538.5 536.7 534.2 532.3 532.7 534.8 534.8 529.5 517.3 514.7 506.9 506.5 508 508.2 489.3 463.8 449.5 436.1 421.9 410.6 392.4 377.8 365.4 353.3 336.5 317.5 312.2 296.5 280.6 276.1 272.7 263 261 260.5 260 258 257.4 260.5 266.6 271.1 281.8 293.8 306.2 314.4 317.8 323.9 332.8 340.6 358.6 374.2 389.3 402.9 419 434.1 449.8 465 481.4 497.5 513.5 530.7 548.4 565.2 582.7
734 720.6 715.3 680.2 646.9 624.9 604.2 591 573.8 564.6 559.5 554.8 550 543 539.6 537 533.7 529.9 529.3 530 527.8 520.9 514.1 507.4 500.9 494.9 493 487.2 484.6 466.8 448.3 434.2 419.9 411.1 397.6 384.6 369.9 355.6 341.9 324.8 311 294.3 280.5 275.5 272.9 269.5 262.5 261 260.1 259.1 256.5 260.3 264 269.5 280.1 294 307.2 318.1 326.5 328.9 336.6 344.7 354.9 371.5 384.8 398.9 414.7 430.7 445.1 457 476.5 491.1 508.6 525.9 542.9 561.8 579.8 597.4
715.9 704.3 692 655.9 637.4 611.8 598.1 584.8 573.8 566.6 560.4 553 548.8 539.9 532.6 531.6 527.4 526.3 526.2 522.7 518.1 513.1 506.4 495.7 489.5 484.4 478.9 465.7 457 445.7 429.6 418.5 407.1 397.3 386.7 373.9 357.8 345.9 330.4 312.4 304.6 293 282.8 274 271.1 265.6 261.8 261 260.1 257 259.8 262.4 266.6 273.5 288.9 301.2 314.8 324.9 335.5 340.9 348.7 356.8 370.3 385 397.4 411.8 427.2 442.5 455.9 472.1 489.3 504.1 520.8 537.5 556.6 575.7 595.8 610.9
