UK/data/nn/nn68_OST50GRID_20230518/NN68.asc
ncols 200
nrows 200
xllcorner 260000
yllcorner 780000
cellsize 50
[rows 105 to 139 of 200, columns 0 to 77 of 200]
853.4 852.4 846.7 837.2 818.5 784.3 755.7 740.9 728.4 716.2 705.2 692.9 684.4 678.3 674.5 671.7 666.9 661.9 655.2 647.6 639.5 628.8 618.2 609 597.9 585.3 571.8 562.6 550.5 541.8 532.5 523.2 514.2 505.9 495.6 486.8 480.3 473.3 468.5 459.1 450 444.2 434.2 426.7 419.1 414.6 410.8 407.5 404.2 400.8 397.3 394.9 394.4 394.7 395.1 395.7 394.7 394.1 392.5 391.1 388.1 385.2 382.8 380.1 378.3 376.6 369.1 360.3 357.9 354.1 354.6 355.7 355.4 355.1 354.8 352.9 354.2 355.2
858.6 856.3 847.8 832.4 805.2 776.2 756.5 741.9 728.6 716.8 706.2 697.6 687.3 681.2 676.7 672.9 666.4 660.1 653.6 645.6 636.2 624.8 615.5 608.3 598.9 586 570.9 558.4 548.1 538.9 529.4 520 512.2 500.8 491.9 484.4 476.3 471.2 463 455 442.9 440.1 431.7 423.3 416.9 412.5 408.5 405.2 401.9 398.7 396.3 393.3 394.7 395 394.8 395.6 394.8 393 391.2 389.8 386.8 384.1 383.1 380.2 377.2 374.5 369.1 360 355.8 354.6 355.2 356.2 356.2 355.2 354.9 354.2 354.7 355.6
861.4 857.9 844.7 821.6 796.8 769.9 755.1 741.9 728.8 719.6 709.3 699.1 691.5 686.3 679.2 672.9 667.9 660 652.1 642.5 632.7 624.2 614 605 594.5 582.8 567.3 556.1 546.4 536.3 526.6 518 507.8 498.4 489.7 482 473.9 467.7 457.9 449.2 444.3 435.1 424.2 422.3 417.1 410.5 406 402.7 399.4 397 393.9 392.2 394.9 395.1 394.8 394.7 394.5 391.5 389.4 387.9 385.3 384.3 382.2 380.1 375 370.8 364.8 359 355.6 355.3 355.6 356.5 356.7 355.6 354.3 355.6 356.6 356.6
864.5 856.5 834.7 812.4 796.6 769.6 754.2 744.3 731.2 719.5 710.9 701 696.4 689 681.6 675.9 668.1 660.5 651.6 639.6 630.3 621.3 612 601.9 589.6 575.8 564.6 554.2 542.8 533.5 524.1 514.4 504.6 495 486.2 477 470.5 462.2 453.1 449.6 441.1 432.1 423.5 417.2 413.7 408 403.1 400.2 396.9 393.9 391.1 390.7 393.3 394.2 394.3 394.1 392.2 390.4 388.4 386.6 385.1 383.5 380.9 379.6 376.3 368.4 360.9 356.6 355.5 355.8 356.2 356.7 357 356.4 355.7 356.7 357.3 357.6
864.1 850.9 831 812.6 793.9 769.9 753 744.8 731.4 719.6 712.4 706.9 699.7 690.9 685.6 678.6 671 659.1 649.1 638.2 629.6 619.8 609.5 598.2 587.5 575 562.2 550 539.8 530.1 520.6 510.7 500.4 492.1 484.8 473.2 465.6 457.4 449.2 441.6 435.2 426.3 418.8 414.7 410 405.4 401.6 397.8 395 391.6 390 389 389.9 391.5 392.4 392.6 391.2 388.5 386.5 385.1 383.8 381.9 380.2 376.3 370.6 363.8 358.1 356 356.1 356.6 356.3 356.6 356.3 357.2 355.1 357.8 358 359.1
861 847.6 831.1 808.7 788.3 767.5 753.6 743.2 728.9 721.5 717.5 712.8 703.1 695.4 686.8 679.9 673.8 661.2 650.1 639 630.5 621.1 609.9 598.5 587.2 572.1 558.3 546.3 534.9 526.9 516.2 507.1 497.2 487.6 478.4 468.9 459.5 451.8 444 438.5 427.8 421.9 416.7 412.5 408.9 406.8 401.9 397.6 392.2 389.2 387.4 386.6 388 390 390.8 391.8 389.2 386.9 384.4 382.8 381.4 379.6 376 369.1 364 358.5 356.7 356.2 356.5 356.3 357.4 356.9 356.9 357.7 358.4 359 358.9 361.2
861.2 846.5 822 801.7 782.9 766.9 751.9 741.9 730.3 724.1 720.8 715.9 707.4 698.1 690.1 684.4 674.6 662.2 650 639.9 628 619.2 609.4 597.5 583.5 567.8 555.7 543.6 532.6 518.1 513.1 501.8 493.9 482.3 471.5 462.6 454.8 447.6 438.5 430.9 424.1 417.9 414.2 408.9 405.9 403.7 399.7 396.1 391.7 387.2 385.6 385.4 387.3 388.9 389 388.9 386.4 383.6 381.3 379 378.5 375.1 369.9 364.4 359.9 357 356.3 355.9 357 356.9 357.7 357.7 358.6 358.6 358 359 359.1 361.9
854.7 836 816.4 794.4 778.5 765 751.9 741.2 734.3 725.8 721.6 717 710.7 701.5 692.7 686.6 674.5 663.1 650.6 638.7 629.3 618.1 608.2 596.7 580.8 565.8 553.2 541 529.2 521.7 509 499.5 486.9 475.4 466.2 457.5 448.8 440.8 433.3 426 420.2 415.5 416.4 408.5 403.6 403.3 398.1 395.5 389.1 384.2 384 387.5 386.4 386.8 385.5 384.6 382.7 381 378.3 375.5 373 370.7 365 360.5 357.1 356.3 356.4 357 358.3 357.5 357.3 358 358.4 358.4 359.4 359.9 362.5 364.9
847 830.1 810.6 790.9 776.8 765 752.7 743.9 735.4 729.3 723.8 719.9 714.9 705 696.1 687.7 675.4 663.7 650.7 638.8 628.1 617.3 607 595.6 578.1 563.1 550.4 538.3 526.4 516 504 492.9 481.7 470.5 460.4 451.7 442.8 435 427.5 421.3 417.7 414.5 410.3 405.3 406.5 406.3 400.7 391.4 387.6 384.6 378.6 385.2 384.2 381.2 379.4 378.9 378.7 376.8 373.7 370.1 366.5 364 360.2 357.1 356.4 356.8 356.6 359.2 358.3 359.7 359.9 358.5 358.9 359.6 359.1 362.9 365 366.5
838 825.9 806.9 789.4 778 763.8 754.1 746 738.4 732.4 728 725 719.1 710 699 687.9 676.4 663.6 649.8 638.9 629.2 619.4 608.8 594.9 574 560.5 547.4 535 523.9 510.5 499.3 487.7 475.6 463.8 453.9 445.3 436.8 428.9 423.5 417.9 414 411.1 408.2 404.1 401.1 397.2 392.6 387.4 385.2 386.4 383.2 384.5 379.8 376.3 373 374.5 374.1 370.5 368.4 366.6 360.1 356 356 356.3 356.5 357.1 357.5 364.9 356.7 359.5 360.1 359.8 359.2 359.4 358.2 363.7 364.9 368
833.6 820.4 806.5 792.6 774.9 765 754.6 745.8 741.9 736.4 733.1 727.9 720.4 712.5 701.3 688.4 674.9 661 650.2 638.8 628.3 620.1 607.3 590.9 572.6 558.5 545.2 533.7 518.4 504.9 493.9 480.5 468.3 456.9 446.9 438.9 430.9 424.4 417.3 411.5 408.4 405.7 402.3 397.3 391.5 388.2 385.5 384 384.4 383.4 380.9 371.7 375.3 372.1 368.8 369.9 368.8 366.4 362.3 356 356 356 356 358.7 357 358.3 358.6 357.7 358.8 359.4 360.3 361.6 361.2 361.7 358.6 361 364 368.9
829.8 820.2 806.7 789.1 776.1 764.3 752 746.6 742.3 739.1 734.6 729.5 720.4 713.1 700.1 685.1 672.6 661.9 647.5 637.3 627.2 616.6 602.3 585.6 569.3 555.6 544.4 527.1 512.1 498.9 486.5 473.3 461.5 451.1 440.1 431.1 426.7 416.6 411.2 404.6 402 399.5 399 389.6 384.6 382.5 381.4 380 379.5 377.4 374.4 372.4 366.5 368.5 367.1 365.1 362.8 360.5 356 356 356 356 356 356 357.7 358.1 356.5 358.7 361.6 360.3 360.7 361.9 361.7 363.5 362.5 363.2 363.4 367.4
826.6 817.7 802.9 787.5 773.9 762.8 755.3 748.7 745.1 738.9 734.6 728 720.5 710 697.1 683.1 672.6 657.7 645.5 635.5 625.1 610.5 595.7 581 565 552.9 538.8 521.8 505 491.6 478.4 465.7 453.8 442.4 433.5 424.7 417 408 403.3 398.3 396.1 392.3 387 383 380.7 379.5 378.1 376.9 376.9 373.5 368.8 366.5 365.5 359.8 361.2 357.1 356 356 356 356 356 356 356 356 356.2 358.3 356.5 360.1 362.4 361.2 361.3 362.2 361 363.6 363.3 364.7 365.6 366.8
824.7 813.2 800.6 783.8 772.7 765.3 757.3 750.1 744.7 737.8 732 726.8 719.9 705.8 694.4 684.3 668.2 654.3 644.1 632.6 619.3 605.1 590.2 576.9 560.8 548.2 531.9 516.3 499.9 483.6 470.2 457.8 445.5 434 427.1 416.3 407.2 402.4 399.2 390.8 386 382.6 381.6 378.7 376.6 376.2 371.4 368.6 369 366.6 366.7 362.6 360.8 356 356 356 356 356 356 356 356 356 356 356 356 358.7 358.7 360.6 361.7 361.8 362.8 362 363.5 362.9 363 360.9 367 367.3
822.2 808 794 782.1 771.4 763.5 757.7 749.6 742 734.7 729.8 724.2 715.2 701.8 693.8 679.7 662.6 652 641.8 627.9 611.8 595.6 581.3 568 555.8 540.4 524.8 508 494.2 478.9 461.8 449.1 436.9 426 417.3 409.4 400.5 393.9 390.3 385.7 378.9 379.3 376.5 372.6 368.9 364.7 363.4 362.2 361.1 360.3 357.2 356 356 356 356 356 356 356 356 356 356 356 356 356 356 359.1 362.3 362.9 364.4 368.2 365.5 363.2 363.9 364.2 364.1 362.4 367.8 367.2
820.1 804.6 791.6 778.3 769 761.1 755.8 745.6 740.1 733.5 727.8 719.9 707 699.5 687.6 671.4 658.3 647.9 633.7 618 603.1 587.1 575 561.8 545.8 529.3 515.5 501.4 485.5 465.4 451.5 438.7 426.7 418.4 409.5 401 392.7 385.5 383.7 379.1 374.7 371.2 366.1 358.8 356 356 356 356 356 356 356 356 356 356 356 356 356 356 356 356 356 356 356 356 365 363.7 366.2 367.3 369 369.7 368.1 364.2 364.1 364.9 364.5 365.1 360.3 368.4
818.4 801.6 785.8 773.7 764.6 759.1 750.4 741 736.3 729.8 724 713.1 702.3 693.6 681.5 665.8 653.9 641 625.3 611.3 591.8 580.9 565 551.4 536.4 521.3 501.9 490.1 473.5 455.6 441.6 430.1 418.2 408.8 401.3 393.1 384.8 379.1 377.9 375 369.3 363.5 356 356 356 356 356 356 356 356 356 356 356 356 356 356 356 356 356 356 356 356 356 365.2 366.6 369.2 370 372.2 375.4 373 370 366.7 364.9 364.9 364.6 366.3 360.9 364.3
815.4 792.8 778.6 767.5 759.8 752.8 745.1 739.1 733.1 727.1 720.3 707.5 697.2 685.1 672.5 659.9 647 632.6 617.4 599.3 585.5 570.4 558.5 543.4 527.4 509.9 495 476.3 460.3 446 436.7 424.5 407 399.4 393.3 386.1 379.4 373.7 369.1 365.6 362.1 356 356 356 356 356 356 356 356 356 356 356 356 356 356 356 356 356 356 356 356 356.7 366.5 370.8 370.7 374.5 375.2 376.2 376.9 377 374.1 370.2 365.9 366 366 365.6 360.7 364
807.4 787.6 772.5 763.1 756 748.7 741.9 734 729 723.3 711.8 702.6 691.5 677.9 665 652.7 638.2 625.6 608 592.2 579 562.1 548.8 533 512.8 499.9 485.5 468.8 449.3 438 427.7 419.3 404.4 390.2 385.7 380.6 376.4 370.1 363.4 356 356 356 356 356 356 356 356 356 356 356 356 356 356 356 356 356 356 356 359.8 365.7 365.9 368.1 372.3 374.2 375.6 379.3 379.4 379.3 379.7 379.1 377.2 370.6 368 366.1 366.8 364.2 362.9 364.9
802.4 782.2 771.8 762.9 753.9 744 738 731.3 726.7 717.7 706.6 695.5 683.5 669.9 656.5 644.3 631 618.4 600.1 585.2 568.6 556.5 536.8 519.1 502.1 486.8 471.9 456.2 439.8 427.1 418 408.4 395.9 380.4 375.7 372 369.8 362.4 356 356 356 356 356 356 356 356 356 356 356 356 356 356 356 356 356 360.7 362.8 363.7 366.2 369.9 371.8 374.1 376.2 379 380.5 381.6 386.9 383.6 380.9 381.7 376.8 376.4 373.7 366.8 366.9 363 364 365.7
796.8 781.6 772.3 762.4 750.9 743.2 737.1 730.3 722.7 711.1 700.5 688.8 673.2 661.6 650.8 638.4 621.5 604.8 590.4 575.4 557.6 543.3 525.4 508.8 492.8 474.4 458.2 441 427.1 417.9 404.3 395.8 384.4 372.9 369.9 364.8 358.5 356 356 356 356 356 356 356 356 356 356 356 356 356 360.7 362.4 362.1 361.5 361.6 362.4 366.4 369.6 373.2 374.3 377 379.3 380.3 381.7 382.6 385.4 387.6 384.8 384.1 383.9 385.2 382.4 372.3 370.5 365.8 364.9 364.6 365.5
794.2 781 769.3 759.9 748.7 743.6 737.1 729.1 716.6 705.9 694.3 679.5 666.9 653.8 641 625.7 610.4 596.5 579.1 563.6 548.9 531 514.3 496.2 480.8 460.2 441.9 427.2 415.9 404.7 394.9 385 375.3 370.5 366 356 356 356 356 356 356 356 356 356 356 356 356 356 356 362.9 362.4 363.1 363.2 363.8 365.4 368.1 369.9 372.4 376.7 379.5 381.8 384 384.4 385.9 387.2 388.4 390.5 387.7 389.1 390.2 386.2 383.5 378.7 371.7 367.7 363.7 365.1 366.2
789 777.8 765.7 755.8 751.4 743.6 735.4 725.7 711.9 701.7 686.5 673.7 659.2 644.4 630.9 616.1 601.8 584.7 567.2 552.3 534.4 520.7 501 482.1 466.2 447 427.9 415.5 403.9 393.9 383.8 374.1 368.1 363.2 358.5 356 356 356 356 356 356 356 356 356 356 356 356 356 360.7 362.4 361.4 363.9 364.6 368.1 369.8 371.6 374.2 376.3 383.1 384.4 388.4 389.5 390.7 390.8 392.7 395.3 393.9 392.3 394.3 391.3 389.4 386 380.3 373.7 369.3 366.5 365.6 366.7
786.7 772.5 762.4 758.5 751.1 742.2 732.6 719.3 707 694 680.8 667.5 650.9 634.3 620.3 605.7 588.4 572.7 556.7 539.4 522.9 507.5 486.9 469.2 452.6 432.8 417.7 405.5 393.6 382.6 372.9 363.5 362.6 356 356 356 356 356 356 356 356 356 356 356 356 356 356 363.2 364.7 365.3 365.8 366.9 368.6 372.5 375.7 377.3 377.9 378.8 386 389.5 392.1 394.1 396.5 397.6 397.7 395.6 398.3 396.7 397.9 396.4 393.1 388.4 382.8 377.5 371.4 367.8 366.6 367.2
779.2 769.2 761.5 757.4 748.5 738.9 725.6 711.3 701.1 687.1 674.2 657.8 641.8 625.3 609.9 594.8 577.5 560.9 543.3 527.1 510.8 492.2 472 455.2 436.9 422 407 393.8 384.7 378.2 364.7 362.8 356 356 356 356 356 356 356 356 356 356 356 356 356 362 364.5 370.2 371.2 367.6 370.7 373.3 376.3 380.8 381.9 383.7 386.1 386.5 389.5 390.8 396.8 398.8 397.7 401.2 399.3 398.9 399.2 400 399.7 395.4 393 389.1 385.7 380.3 375.9 369.5 366.6 368.5
772.9 765.7 760 751.8 742.8 734.1 719.6 704.6 693.1 679.6 665 648.9 631.1 613.2 599 583.2 565.9 548.3 532.5 515.9 495.9 477.7 458.8 441 424.5 409.5 395.8 386.1 376 362.5 356 356 356 356 356 356 356 356 356 356 356 356 356 356 363.6 366.5 369.5 371.5 374.9 374.7 377.1 380.3 380.5 383.4 387.3 390.6 392.1 392 392.8 395.4 398.7 400 400.2 401.5 400.8 402.4 404.2 404.2 404.3 402.2 398 392.6 387.2 383.4 378.6 373.2 367.3 367.3
764.8 759.1 754.9 746.9 736.2 724 709.7 695.8 683.4 669.9 653.8 637 619.7 603.6 587.7 571.4 552.8 534.9 518.7 499.9 481.7 458.1 444.6 428.3 412.6 399.9 388.4 377.5 364.8 356 356 356 356 356 356 356 356 356 356 356 356 356 356.3 361.6 366.8 369 373.7 375.6 378.7 381.6 381.2 384.5 386.8 387.9 392.5 393.4 395.2 397.6 398.3 400.3 401.2 402 403.1 402.9 405.6 405.4 407.3 407.9 407 405.2 400.8 396.1 389.7 384.7 379.7 373.4 367.3 369.3
756.4 754.6 749 739.6 726.5 713.9 698.7 686.3 673.2 657.4 643.8 627.2 610.2 593.5 576 558.2 540.5 523.6 505.2 483.7 462.4 447.4 427.5 416 402 391.4 379.2 367.1 356 356 356 356 356 356 356 356 356 356 356 356 356 356 365.2 365 371.3 376.6 380.7 378.8 384.8 390.7 389.2 388.7 390.7 394.1 395.6 397.5 399.3 401.4 402 403.9 405.5 405.5 406.8 407.1 407.3 409.2 410.4 411.1 410.4 407.2 404.4 400.5 397.4 388.2 376.6 377.1 369 369.5
751.9 749.1 742.9 731.5 719.1 705 689.3 677.1 664 651 634.7 617.3 599 580.8 563.1 544.3 526.9 508.7 491.5 466.7 447.2 428 414.3 402.8 392.3 383.9 372.5 356 356 356 356 356 356 356 356 356 356 356 356 356 356 365.2 374.3 373.3 379.2 386.4 384.9 384.4 389.8 391.3 392.7 395.2 397.7 398.8 400.7 400.8 402.2 404 405 406.6 408.1 407.8 408.8 409.3 411.2 412.4 413.9 414.3 413.1 410.4 409 404.1 400.8 393 378 375.2 374.3 370.5
750.9 742.8 734.7 724.5 710.8 696.3 682.4 668 657.4 640.7 622.8 604.4 584.2 568.2 550.2 531.5 511.7 494.3 473.2 448.9 430.7 411.3 402 391 381.5 371.1 356 356 356 356 356 356 356 356 356 356 356 356 356 356.9 368.3 377.5 383.8 384.6 391.2 395.1 394.9 387.5 393.1 394.4 396.3 398.6 400.3 401.3 403.1 404.1 405.2 406.5 407.8 408.2 410.3 411.3 411.3 412.6 414.3 415.8 417.2 417.4 416.9 413.4 411.2 408.5 403.5 398.8 385.9 381.5 374.9 370.4
751 738.2 725.8 716 702 687.2 671.3 657.5 646.1 629.1 611.2 588.4 571.3 556.2 536.3 517.7 500.3 477.8 454.2 435.7 414.1 401 391.1 380.9 368.8 356 356 356 356 356 356 356 356 356 356 356 356 356 356 365.4 374.3 380.4 387.7 394.3 392 396.7 396 394.3 395.2 396.4 398 401 402.2 403.2 404.9 406.3 406.7 408 408.6 409.7 411.1 412.6 414 414.9 418 418.9 421 420.4 419.3 417.9 415.1 411.2 404 396.3 396.4 384.1 379.1 371.1
747.7 732.7 721.5 709 692 679.2 661.3 649.2 635.4 616.6 595.3 575.8 560.5 543.8 526 504.2 482.3 461 441.4 424.1 401.6 389.7 379.7 368.5 356 356 356 356 356 356 356 356 356 356 356 356 356 356 362.7 370.8 376.8 383.9 391 395.7 397 397.5 396.4 396.5 397.2 398.9 400.8 402.9 405 406.5 406.6 407.2 408.1 408.4 409.2 410.4 411.9 413.7 417.1 420 421.9 423.4 424.9 426 424.5 421.5 418.1 412.7 409.4 408 405.5 396.2 378.6 373.9
744.3 730.2 717.9 701.2 685 669.7 652.2 638.4 624.3 604.2 583.1 565.6 549.3 531.3 511 489.1 465.8 445.3 427.3 409.6 392.5 378.7 368 356 356 356 356 356 356 356 356 356 356 356 356 356 356 359.4 369.8 376.8 380.6 388.4 394.2 397.3 398 398 397.9 398.6 399.9 401.3 402.8 403.9 406.2 408 408.5 409 409.6 410.4 411.9 413.4 415 417.4 421.2 424.9 427 427.1 428.3 428.2 427 423.7 420.7 414.3 414.2 412.5 411.7 407.5 389.6 377.2
741.6 728 712.3 695 678.9 660.2 646 629.5 611.5 592.2 573 554 537.7 515.8 493.7 470.4 450.3 431.1 411.5 393.2 378 368.6 356 356 356 356 356 356 356 356 356 356 356 356 356 361.3 372.9 374.3 371.3 377.8 382.8 390 397.6 397.8 398.9 398.6 399.6 400.9 402.5 403.2 404.7 406.3 408.2 408.6 409.4 411.1 412.1 413 414.9 417 419.5 422.4 425.2 428.2 430.8 432.3 433 431 429.1 426 420.3 419.9 418.5 414.8 411.4 409.3 391.8 377.9
737.5 722.8 706.3 687.4 670.9 654.1 638.3 623 602.2 582.4 562.2 541.4 519.7 498.5 475.3 454.2 435.5 414.2 394.2 377 367.6 356 356 356 356 356 356 356 356 356 356 356 356 356 361.9 373.2 384.5 382.1 374.1 382.4 385.2 392.7 397.2 398.8 399.2 400.4 401.7 402.5 404 405.2 406.5 407.2 408.6 410.2 411.1 412.9 414.8 416.4 418.7 421.1 424.3 427 430.7 433.6 436.7 440.4 437.9 434.8 431.6 427.6 424.5 424.1 422.1 419.1 415.7 409.3 393.6 375.3
