WholeMapElevations/data/sd/sd99_OST50GRID_20230518/SD99.asc
ncols 200
nrows 200
xllcorner 390000
yllcorner 490000
cellsize 50
[rows 35 to 69 of 200, columns 78 to 155 of 200]
281.1 279.3 275 273.9 277.6 276.1 275 272 269 267.1 260.5 258.4 257.2 253.6 249 246.6 244.6 243.7 240 241.4 237.6 235.8 236.5 231.3 230.8 231.3 235.1 237.6 246.5 253.9 263.1 271.7 277.2 282.9 284.5 294.9 300.7 305.8 312.3 320.1 323.8 327.9 334.3 340.2 344.4 350 357 367.6 375.5 380.8 390.4 391.8 393.1 393.5 395.5 396.8 397.2 396.8 395.2 392.9 390.7 389.4 387.1 385.1 384.2 383 381.2 379.9 378 376.8 373.1 369.5 362.4 355.5 350 344 341.7 337.5
266.8 265.9 258.8 267 266.6 265 262.7 262.3 259.2 256.5 253.1 249.2 245.9 243 240.6 240.7 239.4 239.9 237.6 237.7 233.9 233.7 229.7 229.5 229.3 228.5 230.4 231.1 228.9 235 244.4 250.2 257.7 262.6 273.8 281 287.3 293.4 298.3 303.3 311.4 319.7 324.2 329.9 334.5 339.1 343.3 350 360 370.6 378.1 386.8 389.3 389.6 390 391 389.2 390.1 387.5 389 386.4 384.1 383.5 380.1 379.3 377.3 375.2 372.4 370.2 369 364.9 359.6 354.2 349.8 345.4 341.5 337 334.2
250.8 251.3 248.8 251.3 250.9 249.8 249.3 249.9 249.8 249.1 245 240.3 238.4 234.6 233.3 232.7 231.3 230.5 228.1 225.6 225.9 226.6 227.5 227.4 227.7 227.1 225.2 224.2 223.2 221.8 223.2 230.9 237.3 239.5 251 256.7 265.9 276.4 283.4 288.8 294.3 301.3 310.5 318.1 321.8 326.5 331.6 337.5 345 354.6 365.9 375.9 385.4 387.2 388.2 387 386.4 386.1 385 384 382.9 381 378.6 376.5 374.6 373.4 370.1 368.1 365.9 363.3 359 352.6 349 345.5 342.5 339.5 336.3 332.3
239.4 238.3 236.1 237.5 239.4 241.5 242.5 239.4 233.4 229.9 235.8 232.9 230.8 229.6 228.9 227.8 224 217.8 217.1 221.2 223.2 224.1 225.5 225.3 224.6 224.9 223.6 222.4 220.8 219.3 217.4 216.6 218.7 225.2 230.6 235.1 241.9 252.3 264.4 273.7 283.1 286.7 292.9 301.5 308.2 313.3 319 324.4 330.7 337.8 346.3 357.9 372.5 382 385.4 385.2 385.1 384.5 383.9 382.2 381 377.7 375.9 373.1 370.8 364.9 362.9 359.8 358.5 356.8 354 349.9 346.8 343.3 340.5 336.8 332.6 327.4
229.9 227.5 226.2 223.3 222.2 222 218.8 220.9 220.8 218.2 217.1 222.4 223.6 218.3 217.6 217.9 216.9 216.7 216.6 216.5 217 222.3 222.3 222.6 223.4 222.8 221.5 220.8 219.5 218.1 216.6 215.1 214.1 214.1 213.8 220.3 225 233.8 239 247.4 259.5 268.2 276.8 284.6 291.2 297.5 303.5 311.9 317.9 323.9 330.3 341 350.8 365.8 373.5 373.6 373.4 370.8 372.4 373.4 374.9 373.2 366.7 363.4 360.8 356.3 356.5 355.7 354 351.5 349.7 344.4 341.3 337.5 333.5 329.6 325 320.2
227.2 224.3 223 221.9 221 220.9 219.1 220.8 220.1 219.5 218.8 218.4 216.8 218.5 217.8 217.3 217 216.6 216.6 216.5 216.6 219.4 220.7 221.3 221.5 220.6 219.8 219.2 218 217 215.4 214.5 212.9 212.1 211.7 210.9 210.9 213.4 214.6 224 229 235 252.9 260.7 270.2 279.3 286.4 294.6 300.4 308.2 316.6 323.9 334.8 346.4 358.9 364.8 366.7 366.4 366.5 365.7 366.2 363.9 361.5 359 357.5 356 352.5 349.6 347 342.3 340.8 335.8 331.7 328.5 324.7 320.5 315.3 309.4
223 222.5 222 222 221.6 219.2 221.4 220.8 220.1 219.5 218.9 218.2 218.6 216 217.8 217 216.7 216.6 216.5 216.2 215.6 217.9 219.2 218.3 219.6 219.1 218.3 217.6 216.6 215.6 214.6 213.8 213.1 211.9 211.3 211.1 211 210.8 211.1 210.1 217.2 223.4 226.7 241.1 248.3 255.8 266.4 276.2 283 288.5 297.4 307.9 316.3 328.1 340.9 350.3 357.2 358.9 357.3 356.3 355.1 353.7 350.6 347.5 345.2 343.2 340.9 339 336.8 334.1 329.7 327.2 321.8 319 314.9 310.4 303.8 299
222.5 222.4 222.5 221.8 221.7 221.4 221.5 220.7 220.2 219.5 218.9 218.7 218.2 216.9 217 214.5 214.2 213.9 213.6 216.5 215.5 216.3 217.5 217.1 217.6 217.6 217.1 216.1 215.2 214.5 213.8 213.3 212.5 211.8 211.5 211.3 211.1 210.8 210.6 207.9 209.7 208.6 209.6 218.4 227.3 235.9 243.4 251.9 260.1 270.8 279.1 286.3 295 307.8 317.7 327.9 340 346.3 348.7 348.7 347.4 345 342.8 340.3 337.7 335.6 333.8 325.3 327.8 324.7 321.4 317.3 312.8 308.1 303.5 299 292.5 286.4
222.6 221.8 221.6 222.4 222.5 221.7 221 220.3 220.2 219.6 220.1 218.3 217.7 217.3 217.5 217.3 216.7 216.9 216.6 215.9 214.4 215.6 215.5 215.9 215.8 215.7 215.7 214.9 214.6 213.8 213.3 213.1 212.4 212 211.6 211.5 211 210.9 209.5 210.5 209.6 209.5 208.6 208.7 209.1 211.1 219.8 226.3 232.9 248.8 257 264.3 275.7 284.7 300.1 309.4 318 330.3 336.8 339.3 339.5 338.4 336.3 334.7 332.2 329.5 325.4 321.1 318.6 313.6 309.9 305 298.7 294 291.6 285.6 278.7 270.7
224.8 224.8 231.8 229.2 227 227.5 229.5 230.7 232.9 232.7 235.1 236.7 234.1 236.2 237.7 237.2 235.5 235.1 230.1 230.3 228.3 217.2 213.5 215.5 214.7 214.8 214.4 214.1 214 213.4 212.8 212.8 212.3 212.3 212.2 210 209.1 211.1 210.4 210.1 209.6 209.3 208.6 206.9 208.3 208.2 208.1 210.6 220.4 223.1 228.8 237.2 254.8 263.4 279.4 286.6 298.8 309 318 329.2 331.8 330.8 329 326.3 322.8 318.7 315.4 311.4 303.5 301.6 299 293.6 288.7 280.7 275.5 268.2 261.1 252.6
236.1 234.4 233.6 234.1 234.8 240.4 243.5 247.4 251.2 250.9 250.8 255.1 255.1 256.9 255.1 252.7 252.9 250.4 245.4 238.5 236.3 234.1 232.9 231 222.5 218.3 215.1 215.5 214.5 214.1 213.1 212.7 211.8 212.3 211.5 211.3 211 210.7 210 209.9 209.6 209.2 208.7 208.7 208.3 208.9 207.9 207.6 207.1 206.7 215 219.2 223.7 237.3 256.2 265.9 276.1 286.5 297.4 308.5 315.6 317.2 318 315.7 312.8 308.2 304.3 300.6 292.6 291.1 286.3 279.6 273.7 266.5 258.6 251.8 246.1 238.6
239.1 238.6 244.7 249.5 250.4 252.4 255.5 257 262.1 264.4 261.9 267.8 264.8 271.1 270.6 269.6 268.2 266.8 259.4 255.4 252.8 247.2 239.7 234.9 232.4 229.7 226.8 227.8 224.2 221.3 219 216.1 212.2 211.8 211.2 211 210.8 210.3 209.8 209.5 209.3 209 208.9 208.6 208.6 207.7 205.5 208 207.2 207 206 206.2 207.7 215.3 224 239.1 250.7 263.5 276.3 287.4 297.6 302.5 303 301.3 296.2 294 289.3 284.5 278.6 273.9 269.2 265.1 259.2 252.8 246.6 237.7 229 221.2
250.1 254 257.7 259.7 261.4 267.3 270.3 273.9 278.4 280.2 276.1 288.6 277.7 283.7 278.7 282.4 273.3 272.3 270.3 269.4 267.4 264.5 257.6 251.5 239.9 234.2 232.7 231.1 231.3 230.1 229.4 229.3 228.8 223.5 220.4 212.7 210.5 210.1 209.3 208.9 208.8 208.4 208.7 207.9 207.1 207.4 207.8 206.8 206.8 207.3 207.1 206.5 206.5 206.5 207.4 209.3 223.9 238.7 254.5 265.2 272.2 276.9 278.3 277 273.6 271.4 269.7 269.1 265.9 259.4 260.2 254.8 245.8 234.8 226.5 221.8 217.6 213.6
264.5 265.5 269 273.3 275 281.9 284 286.7 288.8 292.9 289.1 292.3 289.1 289.9 287.6 290.9 283.3 289.9 284.4 283.2 275.8 270.7 269.8 270.8 265.8 261.1 256.2 251.9 245.5 238.7 232.9 229.5 228.7 228.1 227 226.4 225 220.2 209.2 208.3 208 207.6 207.7 206.4 206.4 207.3 207.4 207.2 206.8 206.6 206.9 203.7 203.8 203.7 204.6 203.8 203.8 208.1 223.2 235.9 243.7 251 256.8 260.3 260 260.2 259.6 257.8 258.2 244.6 239.7 231 221.6 218.3 215.8 213.9 211.6 202.8
279.4 282.2 286.1 288.7 290.2 295.4 298 299.2 301.4 304.5 302.7 303.3 301.7 295.2 300.1 300.7 303 302.8 298.4 300.9 297.7 293 286.6 287.5 280.7 276.5 273.7 271 268.4 267 261.2 255.2 249.1 244.2 236.8 229.5 228.3 227.7 225.9 220.3 219 217.8 211.2 211.2 207.2 207 206.6 206.5 206.7 206.7 206.7 206.9 206.4 205.7 205.8 205.7 205.6 204.7 203.3 204.9 210.8 221.7 228.2 233.6 235.2 236.8 236.8 235.1 229.8 224.2 221.6 215.8 213.7 212 206 200.5 199.8 199.2
297.6 300 303.6 306.4 308 310.1 307.2 308.6 314.5 317.5 316.1 318.3 313.9 308.5 315.8 324.3 327.8 328.3 325.9 323.2 320.8 313.1 311.5 307.5 304.3 292.8 296.8 290.7 288.4 284.8 278.6 274.3 270.1 267.4 263.1 253.7 244.9 237.3 234.3 232.4 230.7 225.1 215.5 213.9 209.9 207.7 206.7 206.4 206.3 206.2 206.4 206.1 205.7 205.6 205.6 205.4 205.2 204.3 204.8 203 204.6 204.6 204 211 215.8 215.3 215.3 215.2 213.9 213 212.6 212.6 202.9 199.6 199.4 197.8 197.3 196.8
312.9 314.4 317.2 319.6 320.1 319.8 313.6 318.6 332.6 337.6 333.3 342.5 338.4 327.3 344.1 352.1 360.9 361.6 358.7 356.1 349.4 343.8 339.4 335.5 329.9 321.5 322.1 315.1 309.3 302.3 286.7 283.6 277 276.5 267.3 263.9 263.3 262.2 254.8 243.5 238.1 231.3 230.4 227.9 225.8 220.2 215.3 209.4 206 206.2 205.9 205.7 205.4 205.6 205.4 205.2 204.7 204.8 204.5 204.4 202.7 204.2 204 203.3 209.1 206.3 206.3 204.6 206.2 207.7 205 203.7 200.2 199.7 198.2 199.3 199.5 199.1
322.3 324.1 326.7 328.3 328.1 333.9 338.2 342.9 346.4 349.4 350.5 359.6 360 355.7 363.9 371.8 372.4 373.7 374.4 373.2 373.5 373.6 371.6 366.3 358 347.2 343.6 336.9 330.6 320 317 309.2 294.5 281.2 274.7 273.2 270 266.2 264.1 262.2 260.9 248.2 241.2 236.8 232.2 229.3 225.5 221.9 217.4 207.8 205.8 205.5 205.5 205.5 205.3 205 204.7 204.3 204.1 203.8 203.7 202.7 203.8 203.3 204.3 203.1 202.6 201.6 201.6 201 201.2 200.6 199.1 200.5 200.9 199.9 199.8 199.2
327.9 329.4 330.8 333.1 338.7 343.7 347.6 350.7 353.9 359.3 361.5 363.1 369.1 370.5 372.2 375.7 376.8 383.3 384.6 385 385.5 385.7 382.5 376.4 371.4 370.2 369 360.5 346.9 338.2 326.8 314.9 300 289.7 283.7 285.6 283.8 275.1 275.2 273.9 269.8 271.3 264.6 261.1 254.9 243.5 239.2 227.5 223.8 220.4 215.1 205.2 205.2 204.8 204.6 204.7 204.4 204 203.6 203.5 203.6 203.2 202.6 203.3 203 202.5 202.6 202 201.8 201.3 199.2 199.8 201.1 201.7 201.5 201.4 200.6 199.7
334.7 337.2 342.9 346 348.6 352.5 354.7 358.7 363.3 368.2 371.3 374.5 375.4 377.8 379.8 382.5 385 389.8 394.1 395.5 392.7 391.4 389.6 387.5 383.1 384.1 381.6 371.9 367.2 362.2 337.8 326.5 313.7 309.4 309.3 314.1 307.8 300.6 304.7 299.1 297.9 293.1 286.3 279.2 271.1 262.2 258.2 253.7 246.1 238.2 230.4 222.8 217.9 207.5 204.2 204.2 204.1 203.8 203.5 202.8 203.1 202.8 203.5 201.8 202.8 202.5 201.8 201.6 199.9 200.3 201.6 201.2 201.4 202.2 202.8 202.9 201.5 201.1
351 353.2 355.6 359.7 362.5 364.6 367.2 371.3 373.7 379.2 381.4 385.3 386.7 386.3 390.4 392.8 398.6 405.5 410 412.9 411.9 410.5 410 408.4 404.5 398.8 393.5 387 384.2 377.8 369.6 358.3 344.5 340.2 341.8 339.6 325.8 328.4 326.6 323.3 318.4 311.8 306.8 300.9 292.2 284.6 278.2 270.4 261.3 255.8 250 239.8 231.3 219.8 218.8 213.2 209.2 204.6 203.5 202.5 202.3 202.4 202.2 202.6 201.2 201 201.3 200.7 211.1 210.2 202.2 201.1 202.3 203.2 204.3 204.4 203.9 203.4
358.2 362.6 365 366.8 370.3 374.1 378.6 383.3 387 389.6 391.4 393.7 394.2 396.5 399.8 406.3 413.9 422 427.6 429.3 429.3 427 426.2 424.3 420.4 414.3 404.7 399.3 395.4 383.4 382.5 380.5 374.6 372.5 359.6 350.6 350.6 348.5 341.5 336.5 328.4 322.8 319.7 316.1 308.1 303.1 296.9 289.1 281.8 275 266.8 257.7 252.1 241.6 234.7 226.2 220.8 217.8 215.3 213.5 209.7 204.3 207.1 205.1 202.9 202.9 204.8 206.1 205.8 206.1 204.3 203.9 203.8 204.8 206.2 205.9 206.4 206.4
368.1 372.4 377.6 381 384.4 385.4 389.9 391.4 396.3 401 403.7 400.1 400.4 405.2 411.7 420.2 435.6 444.7 444.8 444.9 443.7 440 440.9 439.6 432.6 423.6 419.8 417.2 410.1 401.7 396 386.9 382.3 379.3 373.4 371.4 369.1 364.4 357.6 351.8 345.3 335.9 331.6 325 319.8 315.5 311.2 303.7 296.2 290.7 283.9 276.5 268.9 259.6 253.6 245.8 235.2 233.3 231.6 221.4 219.8 218.1 217.6 215.7 215.7 212.9 212.3 212.2 210.9 211 212.6 212.8 210.8 212.4 210.9 209 210.1 214.5
381.2 384.6 386.2 389.7 392.2 392.7 396.9 401.1 405 406.2 407.6 411.1 415 420.5 429.7 433 452.3 456.5 460.8 462.2 454.3 447 442.1 441.8 440.6 441.6 437.3 431 421.8 414.5 407.4 399.6 391.3 383.9 379.8 378.9 377.6 372.3 367.4 362.6 356 345.9 342.1 340.7 334.1 328.3 322.3 313.5 308.5 303.9 297.7 291.8 285.3 278.1 270.4 265.2 259.7 252.5 246.4 243.8 238.1 228.9 231.4 230.7 228.2 225 220.5 220.1 220.1 219.9 217.4 217.6 218.4 220.6 221.5 210.9 216.3 223.1
388.1 392.1 392.8 396.8 399.9 403.4 406.3 409.6 413 416 420.4 427.8 435.9 444.4 454.2 456 459.8 456.1 461.5 464.7 468.7 468.4 454.8 447.8 445.2 444.7 442.6 437 430.8 424.6 419.6 414 407.9 400.6 389.2 380.3 376.1 374.8 373.2 370.7 364.9 359.5 354 352.2 346.5 339.1 330.6 325.2 319 314.4 309.4 304 298.2 290.1 285.3 278.7 271.6 264 256.1 254.5 251.1 245.4 243.2 238.6 234.6 233.3 231.5 230.7 230.2 228.7 227.1 227.5 227.3 227.6 225.5 215.6 226.1 231.8
399.7 403 406.3 411.1 416.1 419.9 417.1 426.9 431.5 435.7 439.1 444.9 453.5 457.9 459.8 460.9 461.5 461.1 461.8 462.9 465.4 468.6 471 468.4 456.4 448.9 443.7 441.8 438.5 434.2 428 424.4 419.2 413.8 405.9 394 385.1 379.9 375 372.2 369.8 366.7 364.7 358.6 352.3 340.6 332.2 334 327.1 322.9 320.9 315 307.4 299.3 291.9 281.7 273.2 267.3 270.1 260.9 256.6 257.5 255.2 252.7 249.5 244.8 243.3 244.1 242.1 238.9 237.3 235.6 236.8 234.2 223.8 229.1 236.8 239.6
412.2 418.2 423.9 430 431.8 431.7 433.6 440.4 443.3 448.9 456.5 457.5 459.2 463.1 464.3 464.9 464.8 463.4 463.4 462.9 463.6 464.5 467.6 469.6 468.9 459.5 451 446 442.3 438.1 434.8 431.1 427.2 423.1 418.7 411.1 401.6 392.9 384.4 375 371.5 368.9 362.8 361.2 350.2 348.6 332.5 328.5 325.2 317.1 325.7 321.1 314.2 301.6 290.9 293.3 281.9 286 281.7 271.6 273.8 271 266.1 264.2 258.2 256.6 256.3 254.6 252.8 249.9 246 243.7 245.4 233.3 231.7 240.7 244.6 250
430.3 438.4 445.6 451.8 461.9 461 463.4 462.9 458.2 459.8 464 464.4 466.6 467.3 467.6 469.1 470.5 470.7 468.1 464.5 464.5 465.1 465.1 466.6 467 465.1 456.4 448.4 445.3 443.5 441.5 439.3 435.4 431.9 426.9 421.7 414.7 406.8 401 392.8 385 376.5 375.3 372 368 362.9 355.2 351.1 341.2 323.3 317.1 317.8 310.1 299.4 300.7 305.9 294.5 296 285.9 290.4 291.4 286.8 283.1 278.7 268.1 270.4 271.3 268.9 265.6 260.9 256.3 251.2 249.1 233.9 242.9 247.9 254.7 261.8
455.7 458.2 462 466.5 468 468.1 467.9 467 465.1 465.6 468.1 469.9 481.4 491.4 491.6 489 481.1 479.1 474 469.1 467.2 467.7 469.7 470 469.8 467.7 464 461.3 453.7 451 449.7 449.4 446.6 442.3 436.9 431.7 426.4 420.1 413.1 408.2 401.4 394.9 388.7 383.2 378.1 374.1 369.2 363.8 358.9 344.7 331.4 325.6 324.8 322.4 320.7 317.5 310.6 306.2 303.2 302.5 300 296.2 292.2 287.1 279.1 279.6 278.6 274.1 269.6 264.3 259.9 256.3 237.4 242.5 251.7 256.5 265.6 271.3
460.2 466.8 468.9 468.8 468.8 467.8 470.5 473.3 473.6 478.2 485 482.4 493.6 495.5 494.5 493.2 492 485.2 480.3 477 472.8 472.8 476.1 478.7 477.1 472.5 467.8 465.2 463.6 463.9 462.5 458.8 457.7 454.4 449.9 445 437.2 431.3 425.2 418.8 413.9 408.2 402.6 396.8 390.5 386.2 380.5 374.9 368.1 360.2 356.1 350.4 345.3 339 332.2 326.8 323 318.6 314.8 309.7 305.5 302 298.1 292.4 288.5 285.4 282.1 278.4 273 269.3 266.2 259.4 242.7 258.2 266 269 274.4 282.7
462.7 472.2 483.3 484.5 485.9 488.6 488.2 489.5 489.2 490.8 491.5 492.3 494.7 496 495.3 494.3 493.2 491.5 484.8 483.5 486.8 483.3 482 482.5 483.9 481.6 474.4 470 465.8 465.9 466.7 466.2 465 462.7 459.4 454.3 447.4 441.4 435.4 429.5 423.7 418.4 413.3 407.4 401.8 393.9 389.5 384.6 379.5 373 367.8 362.1 356 350.8 344.2 339 334.2 328.9 324.9 320.8 316.3 312.1 308.3 302.6 298.9 295.1 291.9 287.3 278.9 275.2 272.4 247.7 258 270.7 275.2 279 281.4 290.5
451.4 466.2 483.4 487.4 489.4 492 491.3 490.1 489.5 491.2 490.5 497.3 497.9 501.3 504 504.6 504.7 504.1 502.4 496.3 492.9 492.4 490.3 488.4 486.1 484.2 481.4 480.6 483.2 483.4 480.9 476.5 471.1 468 464.8 459.1 452.5 446.7 440.6 434.8 430.4 426 421.4 416.4 410.4 404.3 399.1 394.4 390.2 384.6 378.8 373.2 369 362.8 357.5 350.6 345.2 340.2 336.5 331.7 326.2 322.5 317.8 309.5 303.9 303.8 298.4 292.3 288.6 281.9 271.8 250.3 271.6 278.5 282.7 287.6 291.3 294.9
446 460 474.5 488.3 491 491.8 491.5 492.4 492.3 495 500 504.4 505.8 507.6 508.4 510.1 509.5 509.7 509.8 506.2 500.7 498.7 498.2 495.7 491.6 488.3 486.4 485.3 486.9 491 491.5 488.8 486.4 481.9 476.5 468.2 461.2 452.9 446 438.6 432.2 427.8 424.6 420.6 416.5 411.5 406.6 401.5 397.1 393 388.3 383.1 377.8 373.3 367.7 362.8 357.5 352.5 347.4 342.1 336.6 330.5 325.2 319.4 311.1 308.4 301 297.6 290.7 284.2 261.7 261.9 278.9 285 289.6 294.9 300.4 304.5
444.8 457.4 467.6 479.9 488.1 489.8 491.5 491.4 497.9 501.1 506 509.8 510.7 513.9 513.9 514.4 515.3 515.7 514 510.5 507 509.1 506.8 503.2 498.8 498.2 497.5 496.1 494.5 495.6 495.8 494.6 493.1 493 495.6 493.3 480.4 470.1 462.2 451.5 440.4 432.9 429 424 420.2 414.8 409.7 404.8 400.7 396.5 392.1 387.8 383.7 379.1 374.3 369.4 364.5 358.8 353.3 346.3 340.9 334.7 327.7 321.7 312.7 309.7 303.7 298.3 292.3 273.6 261.3 282 288.7 293.4 298.2 304.2 310 314.1
440.3 452.7 471.7 479.8 480.5 485.8 487.5 491.8 502.7 508.3 512 513.2 514.7 516.5 517.6 518 519.4 520 517.5 515.3 515.5 518 519.5 515.9 511.5 510.7 508.4 502.6 499.3 499.6 501.2 502.3 500.4 497.9 498.4 498.2 494.7 486 476.9 468.4 460.1 450.4 442.4 434.4 428.2 421.9 414 408 403.3 399.2 395 391.1 387.2 382.9 378.2 373.2 367.8 362 355.7 349 342.5 335.8 328.1 321.5 313.7 308.7 303.5 298.4 294.9 273.3 279.8 293.3 297.8 302.4 307.9 313.5 319.3 323.9
