WholeMapElevations/data/sh/sh34_OST50GRID_20230518/SH34.asc
ncols 200
nrows 200
xllcorner 230000
yllcorner 340000
cellsize 50
[rows 72 to 107 of 200, columns 81 to 161 of 200]
-1.3 -1.3 -1.3 -1.3 -1.3 -1.3 -1.3 -1.3 -1.3 -1.3 -1.3 -1.3 -1.3 -1.3 -1.3 -1.3 -1.3 -1.3 -1.3 -1.3 -1.3 -1.3 -1.3 -1.3 -1.3 -1.3 -1.3 -1.3 -1.3 -1.3 -1.3 -1.3 -1.3 -1.3 -1.3 -1.3 -1.3 -1.3 4.4 18.5 31.7 36.1 48.2 59.9 75.3 90.8 102 110.4 115.3 115.1 113.4 111 105.4 103 99.5 94.3 88.7 81 73.6 65.5 50.2 43 41 39.2 38.5 39.8 41.3 41.5 41.3 42.4 42.5 43.8 43 43.3 40.5 44.7 49.6 55.7 58.4 59.8 61
-1.3 -1.3 -1.3 -1.3 -1.3 -1.3 -1.3 -1.3 -1.3 -1.3 -1.3 -1.3 -1.3 -1.3 -1.3 -1.3 -1.3 -1.3 -1.3 -1.3 -1.3 -1.3 -1.3 -1.3 -1.3 -1.3 -1.3 -1.3 -1.3 -1.3 -1.3 -1.3 -1.3 -1.3 -1.3 -1.3 1.3 11.7 18.3 25.5 40.9 48.9 60.4 70.7 88.9 104.4 116.4 124.7 128.2 126.7 121.7 117.6 111.9 109 105.1 101 94 84 75.9 64.9 55.1 50.6 46.4 42.7 44.1 47.5 49 47.3 47.4 47.9 48 48.4 47.6 46.8 43.5 42.4 48.6 56.1 60.6 61.7 62
-1.3 -1.3 -1.3 -1.3 -1.3 -1.3 -1.3 -1.3 -1.3 -1.3 -1.3 -1.3 -1.3 -1.3 -1.3 -1.3 -1.3 -1.3 -1.3 -1.3 -1.3 -1.3 -1.3 -1.3 -1.3 -1.3 -1.3 -1.3 -1.3 -1.3 -1.3 -1.3 -1.3 -1.3 -1.3 3.6 17.9 24.7 29.1 43.5 59.3 72.2 88.1 99 107.5 120.6 129.8 137.1 143.5 138.5 132 126.1 121.6 116.4 110.4 105.9 98.7 87.6 76.7 67.5 58.2 54.3 49.5 47.6 51.6 54.6 56.2 58.2 55.4 54.3 54.1 52.4 51.6 50 46.8 44.5 44.5 53.5 58.8 60.5 63.1
-1.3 -1.3 -1.3 -1.3 -1.3 -1.3 -1.3 -1.3 -1.3 -1.3 -1.3 -1.3 -1.3 -1.3 -1.3 -1.3 -1.3 -1.3 -1.3 -1.3 -1.3 -1.3 -1.3 -1.3 -1.3 -1.3 -1.3 -1.3 -1.3 -1.3 -1.3 -1.3 -1.3 -1.3 3.5 20.3 27.2 37.8 53 70.2 88.2 94 102.7 104.4 120.7 144.8 152 154.8 155.8 154.9 144.5 136.6 131.5 124.8 118.5 111 102.6 90.9 81.4 70.9 63.4 57.8 53.5 54.7 59.8 65.4 66.8 67.2 65.1 61.3 58.7 55.7 54.8 52.8 49.6 46.6 47.8 51 55.7 58.1 62.1
-1.3 -1.3 -1.3 -1.3 -1.3 -1.3 -1.3 -1.3 -1.3 -1.3 -1.3 -1.3 -1.3 -1.3 -1.3 -1.3 -1.3 -1.3 -1.3 -1.3 -1.3 -1.3 -1.3 -1.3 -1.3 -1.3 -1.3 -1.3 -1.3 -1.3 -1.3 -1.3 0.6 4.4 27.8 46.7 58.6 82.1 95.8 99.9 101.3 113.3 122.6 134.6 150.3 160 169.7 180.2 188.3 165.2 160.2 147.8 140.7 132.5 124.4 115.8 105 93 83.3 75.3 69.5 63.8 60.2 61.8 73.1 76.1 76.2 75.3 72.3 67.5 64.3 60.7 58.2 55.2 51.8 49.6 50.7 51.6 53.3 58 62.9
-1.3 -1.3 -1.3 -1.3 -1.3 -1.3 -1.3 -1.3 -1.3 -1.3 -1.3 -1.3 -1.3 -1.3 -1.3 -1.3 -1.3 -1.3 -1.3 -1.3 -1.3 -1.3 -1.3 -1.3 -1.3 -1.3 -1.3 -1.3 -1.3 -1.3 -1.3 1.1 14.1 36.2 73.8 114.7 115.6 138.8 160.6 141.3 156.9 150.4 157.2 163.8 160.1 189.4 194.3 197.8 199.4 191.7 182 159.8 150 141.3 131.7 120.8 108.9 95.8 86.7 79.5 73.3 68.4 67.3 70 82.9 85.8 84.8 82 77.5 72.9 68.7 63.9 60.9 58.3 53.7 53.4 53.4 52.3 52.2 57.9 62.8
-1.3 -1.3 -1.3 -1.3 -1.3 -1.3 -1.3 -1.3 -1.3 -1.3 -1.3 -1.3 -1.3 -1.3 -1.3 -1.3 -1.3 -1.3 -1.3 -1.3 -1.3 -1.3 -1.3 -1.3 -1.3 -1.3 -1.3 -1.3 -1.3 -1.3 3.3 25.4 41.6 72.2 121.7 147.4 167.7 203.6 185.2 211.7 195.3 195.3 195.1 161.6 160.7 186.8 222.3 229.2 225.5 201.5 187.4 173.1 161.9 150.9 138.5 123.8 112.8 102.6 89.8 82.5 77.1 73.9 75.8 82.3 92.6 94.1 91.6 87.8 83.2 78.3 73.3 68.3 63.5 60.8 57 56.6 58.5 56.2 53.7 56.8 61.8
-1.3 -1.3 -1.3 -1.3 -1.3 -1.3 -1.3 -1.3 -1.3 -1.3 -1.3 -1.3 -1.3 -1.3 -1.3 -1.3 -1.3 -1.3 -1.3 -1.3 -1.3 -1.3 -1.3 -1.3 -1.3 -1.3 -1.3 -1.3 -1.3 10.6 27.4 50.7 75.7 117.6 165.6 180.4 215.1 218.8 237 247.2 250.6 234.4 199.1 198.1 200.4 198.3 239.4 239.1 230.6 221.8 199.4 185.7 172.7 157.6 144.7 128.8 118.7 105.5 95.4 87 80.8 81.4 84.5 94 99.3 101 98 93.2 87.9 83.1 78.1 72.5 66.6 63.6 60 60.9 63.3 60.1 58.2 56.7 61.7
-1.3 -1.3 -1.3 -1.3 -1.3 -1.3 -1.3 -1.3 -1.3 -1.3 -1.3 -1.3 -1.3 -1.3 -1.3 -1.3 -1.3 -1.3 -1.3 -1.3 -1.3 -1.3 -1.3 -1.3 -1.3 -1.3 -1.3 1.4 13.7 27.4 46.4 79 100.5 128.4 173.4 217.7 257.6 263.9 283 289.6 301.3 295.8 285.1 261.6 210.6 226.2 263.2 263.3 261.4 229.2 209.7 194.5 180.9 164.4 149.9 134.2 125.7 109 100.1 92 87.9 90.5 94.2 102.9 108 107.4 104.3 100.6 93.2 87.6 80.9 75 69 67.2 62.7 66.4 68.3 64.5 61.5 58.2 62.4
-1.3 -1.3 -1.3 -1.3 -1.3 -1.3 -1.3 -1.3 -1.3 -1.3 -1.3 -1.3 -1.3 -1.3 -1.3 -1.3 -1.3 -1.3 -1.3 -1.3 -1.3 -1.3 -1.3 -1.3 -1.3 -1.3 1.5 19.8 35.6 49.7 69.6 94.4 125.7 179 210.4 269.4 279.1 320 326 320.9 320.8 317.2 313.6 289.8 270.8 265.2 286.1 284.5 269.2 242.8 218.1 202.3 188.2 169.9 151.7 137.5 129.1 114.2 103.9 98.1 97.3 99.1 109 114.4 114.4 113.5 110.5 107 101.7 95 84.7 78.6 72.8 69.9 71.6 74.4 72.2 68.5 64.8 63.7 62
-1.3 -1.3 -1.3 -1.3 -1.3 -1.3 -1.3 -1.3 -1.3 -1.3 -1.3 -1.3 -1.3 -1.3 -1.3 -1.3 -1.3 -1.3 -1.3 -1.3 -1.3 -1.3 -1.3 -1.3 -1.3 -1.3 18.4 43.7 67.8 85.6 99.1 120.3 160.7 208 284.9 305.2 331.7 343.4 354.1 372.2 363.2 320.5 321.4 319.6 289.9 305.1 297.5 289 277.4 244 225.9 209.4 190.3 170.4 154 138.9 131.2 116.5 107.9 101.3 104.9 110.4 122.4 125.2 122.5 119.8 116.3 113 108 101.6 93.2 85 78.2 76.9 78.7 79.4 75.7 72.5 69.2 65.2 60.3
-1.3 -1.3 -1.3 -1.3 -1.3 -1.3 -1.3 -1.3 -1.3 -1.3 -1.3 -1.3 -1.3 -1.3 -1.3 -1.3 -1.3 -1.3 -1.3 -1.3 -1.3 -1.3 -1.3 -1.3 -1.3 27.6 52.1 73.2 85 108.9 134.1 172.3 215.2 247.2 295.1 325.9 346.2 361.3 377.6 398.4 403.1 377.6 328.2 319.3 319.2 319.8 316.5 307.2 275.7 249.5 232.3 213.2 189.4 169 150.5 140.7 129.1 118 108.2 107.4 115.1 124 134.8 134.4 130.1 126.8 122.6 119 114.9 107.5 101.1 92.7 95.2 99.9 88.9 82.7 78 74.4 71.6 68.5 64.8
-1.3 -1.3 -1.3 -1.3 -1.3 -1.3 -1.3 -1.3 -1.3 -1.3 -1.3 -1.3 -1.3 -1.3 -1.3 -1.3 -1.3 -1.3 -1.3 -1.3 -1.3 -1.3 -1.3 9.6 46.1 82.5 104 103.5 119 155.5 171 187.5 245.6 269.3 315.2 340.2 355.8 375.7 395.5 413 434.7 403.1 371.9 318.1 318.1 317.5 316.2 288.9 269 254.6 234.9 210.8 187.7 165.1 148 135.8 124 116.6 116.6 117 126.4 138.9 142.3 141.8 136.9 133.1 129.5 126.5 122 117.6 109 115.3 120.7 111.6 99.4 86.9 80.6 78 74.9 72.3 70.8
-1.3 -1.3 -1.3 -1.3 -1.3 -1.3 -1.3 -1.3 -1.3 -1.3 -1.3 -1.3 -1.3 -1.3 -1.3 -1.3 -1.3 -1.3 -1.3 -1.3 -1.3 35.3 51.3 70.6 166.4 125.7 170.4 190.9 175.4 211.1 199.7 252.8 248.3 284.5 333.4 350.8 360.5 384.6 403.7 420.1 437.3 406.4 366.8 328.2 320.3 327.8 317.6 291.5 274.4 258.3 233.2 206.3 181.7 159.3 144.5 131.7 125.8 124.3 123 128.6 139.3 152 154.6 149.6 144.4 141.4 139.3 135.7 134.1 129.8 127.9 137.1 132.7 122.4 108.9 94.2 84.7 82 79.2 75.9 74.8
-1.3 -1.3 -1.3 -1.3 -1.3 -1.3 -1.3 -1.3 -1.3 -1.3 -1.3 -1.3 -1.3 -1.3 -1.3 -1.3 -1.3 -1.3 -1.3 -1.3 56.6 80.9 98.2 169.5 225.6 185.7 204.6 221.5 230 266.8 261 253.2 288.4 324 340.6 352.3 363 384 403.8 418.3 432.8 398.6 371.5 348.7 346.6 325.4 317.3 292.5 278.7 260.7 229.7 200.4 176.4 158 143.8 137.2 137 136.7 132.4 137.5 148.8 162.6 164.7 158.8 152.9 149.3 148.7 149.2 147 143.4 139.1 143.8 143.3 134.7 120.2 105.7 92.4 87.3 82.4 79.7 77.1
-1.3 -1.3 -1.3 -1.3 -1.3 -1.3 -1.3 -1.3 -1.3 -1.3 -1.3 -1.3 -1.3 -1.3 -1.3 -1.3 -1.3 -1.3 -1.3 44.3 85.4 131.4 149.3 219.5 257.3 228.3 252.4 267.8 270.8 292.7 294.3 291.5 307.4 324.3 340.1 349.6 359 378.7 397.6 409.8 409.4 390.3 373.3 361.4 341.6 324.9 309.7 295.4 281.5 261.5 227.5 197.5 177.6 163.4 151.4 148.4 145.8 144.9 141.8 147.9 164.1 178.8 172.1 168 161.1 156.8 156.5 155.4 153.9 151 149.6 154.9 153.9 146 132.6 118.2 102.6 91.9 86.7 83.7 82
-1.3 -1.3 -1.3 -1.3 -1.3 -1.3 -1.3 -1.3 -1.3 -1.3 -1.3 -1.3 -1.3 -1.3 -1.3 -1.3 -1.3 -1.3 40.6 77.9 123.5 156.3 195.9 247.6 254.6 249.3 262.9 271.7 283.6 289.3 294.6 300 307.4 319.2 333.9 346.9 358 366.7 383.9 392.8 388.2 372.3 369.1 356.9 338.7 325.2 312.5 299.5 285.8 261 229.2 212.5 193.2 177.6 158.5 149.1 153.3 153.2 154.3 167.6 190.3 195.6 182.8 178.6 172.1 160.7 161.3 160.7 159.4 157 159.4 164.4 164.7 156.7 144.4 129.7 113.2 98.2 92 88.7 85.8
-1.3 -1.3 -1.3 -1.3 -1.3 -1.3 -1.3 -1.3 -1.3 -1.3 -1.3 -1.3 -1.3 -1.3 -1.3 -1.3 16.6 47.9 78.4 109.6 152.5 170.6 185.6 207.9 240.9 243.6 251.9 262.6 273.9 281.9 288.5 296.1 303.8 314.9 326.8 338.4 353.3 363.8 369 372.1 366.9 365.4 361.8 350.7 336.8 325.5 314.3 302.4 289.4 270.8 270.6 246.5 245.8 222.1 238 172.9 175.7 175.5 178.7 194.5 223.6 202.9 191.6 186.6 178.8 169.6 167.4 165.6 163.4 162.4 164.9 171.5 176 164.8 152.6 139.5 122.9 106 97.4 92.8 87.9
-1.3 -1.3 -1.3 -1.3 -1.3 -1.3 -1.3 -1.3 -1.3 -1.3 -1.3 -1.3 -1.3 -1.3 -1.3 -1.3 1.3 41.5 84 100.2 132.1 168.7 169.7 189.3 231.4 234.7 243.1 253.1 262.9 273.5 282.9 291.4 302.6 310.2 322.2 336.2 347.4 356.9 358.9 360.9 361.9 360.1 357 346 337.4 328 317.3 306.6 299.9 294 291.1 288.6 281.1 282.2 277.8 241.8 207.1 204.5 207.4 229.7 235.5 208.1 196.2 189.4 183.6 176.2 171.1 168.9 167.3 166.9 169.2 175 185.5 175.7 162.5 149.9 133 111.3 102.6 93.9 90.3
-1.3 -1.3 -1.3 -1.3 -1.3 -1.3 -1.3 -1.3 -1.3 -1.3 -1.3 -1.3 -1.3 -1.3 -1.3 -1.3 1.3 43.4 81.7 94.9 131.8 164.2 169.9 185.5 204.8 223.9 232.4 243.6 254.8 265 275.4 286 297.4 309 318.7 330.5 341.2 350 352.5 354 354.2 355.9 350.9 345.4 339 331.2 323.6 315.6 310.9 307.6 306 304.4 304.3 304.8 304.6 283.1 252.2 236.6 244 261.4 246.4 213.7 195.7 190.6 185.4 180.4 175.7 172.2 170 170.4 173.3 181.1 196.1 187.8 174.7 158.9 138.3 113.9 107 100.7 95.7
-1.3 -1.3 -1.3 -1.3 -1.3 -1.3 -1.3 -1.3 -1.3 -1.3 -1.3 -1.3 -1.3 -1.3 -1.3 -1.3 2.7 43.8 81.8 87 111.9 142.3 169.3 183.5 201.8 207.6 219.5 233 245.6 257.1 269.2 281.5 293.5 306 315.4 327.3 338.1 344.4 349.1 348.2 349.2 350.7 350 349 347.3 342 334.3 326.6 324.3 323.1 321 323.2 319.9 322.4 320.5 317.4 304.9 278.5 277.1 284.8 250 221.2 199.3 191.6 186.9 180.8 177.7 175.2 173.6 173.6 177.6 192.7 206.6 202 187 165.8 138 118.8 110.4 105.5 101.9
-1.3 -1.3 -1.3 -1.3 -1.3 -1.3 -1.3 -1.3 -1.3 -1.3 -1.3 -1.3 -1.3 -1.3 -1.3 0.5 13.5 40.4 55.8 87 106.9 134.3 151.6 165.1 181.8 199.8 208.7 225.3 238.5 247.6 261.3 277.1 289.2 301.9 311.6 322.4 334.5 337.3 338.7 342 345.3 349.4 353.4 356.3 356.3 353.5 347.2 341.9 341.5 340.6 343.7 339.7 340.2 336.9 338.1 333.3 329.4 324.5 313.8 300.2 261.9 227.7 215.9 204.1 194.5 187.1 182.8 180.5 183.5 176.8 189.4 207.3 221.3 213.3 196 170.1 143.9 123.2 114.1 110.9 107.7
-1.3 -1.3 -1.3 -1.3 -1.3 -1.3 -1.3 -1.3 -1.3 -1.3 -1.3 -1.3 -1.3 -1.3 -1.3 1.6 21.9 41.3 52.4 79.5 95.8 112 127.5 143.5 160.2 178.5 195.5 212.3 225.7 239.1 252 264.8 279.3 295.2 304.6 315.3 321.6 329.8 332.8 335.7 342.9 352.9 362.8 367.4 368.6 366.9 364 362.3 361.9 363.3 363.8 360 355.8 357 354.2 353.7 351.5 348 343 336.9 306.8 256.4 235.5 218.3 213.3 205.3 197.9 195.6 191.7 190.2 209.1 227.8 238.7 227.7 202.6 175.7 152.7 138.3 126.9 118.5 114.6
-1.3 -1.3 -1.3 -1.3 -1.3 -1.3 -1.3 -1.3 -1.3 -1.3 -1.3 -1.3 -1.3 -1.3 -1.3 4.3 33.6 47.6 60.3 82.2 90.8 104.7 116.5 129.2 141.2 165.2 178.3 198.2 213.7 228.9 239 253.7 267 281 292.5 302.8 314.1 320.6 327.5 335.3 351.7 363.4 371.1 375.9 376.6 379.7 381 379.9 383.7 387.1 383.4 379.1 376.5 377.4 377.3 376.7 375.1 373 367.6 357 313.1 284.1 263.3 247.8 237.5 228.4 220.2 209.6 213.8 219.6 236.3 255.2 262.8 241.1 208 173.4 153.8 146.2 135.2 132 130.6
-1.3 -1.3 -1.3 -1.3 -1.3 -1.3 -1.3 -1.3 -1.3 -1.3 -1.3 -1.3 -1.3 -1.3 -1.3 10 36 57.6 72.8 69.7 78.8 90.4 108.6 118.4 130.1 146.6 168.8 189.4 204.4 217.2 228.6 239 241.1 261.8 274 286.9 299.2 306.1 329.2 345 358 370.9 377.5 383.8 388.9 394 397.3 403.5 406.4 406.2 401.6 399 395.2 399.2 403.1 404.4 401.2 396.3 389.9 377.1 335.1 333.7 323.8 285.8 272.2 256.5 246.6 237.1 245.2 264.9 283.4 288.4 284.1 247.2 213.4 181.3 159 152.9 144.8 138.7 144.1
-1.3 -1.3 -1.3 -1.3 -1.3 -1.3 -1.3 -1.3 -1.3 -1.3 -1.3 -1.3 -1.3 -1.3 2.3 18.9 30.3 41.2 56.5 70.8 86.1 93.7 101.6 109.4 118.9 131.5 148.8 170.4 188.6 199.9 208.3 220.3 230.3 245 253.1 265.2 276.9 307.4 333.9 350.7 363.8 375.3 384.2 395.6 406.4 413.9 418.6 423.8 426.2 422.1 419.1 419.1 422.3 423.1 426.8 425 423.5 415.1 406.5 392.4 384.6 377.1 355.5 340.6 304.7 289.6 279.2 294.9 296.5 311.4 329.2 328.1 294.9 256.6 222.2 190.9 169.9 165.8 167.3 161.2 152.2
-1.3 -1.3 -1.3 -1.3 -1.3 -1.3 -1.3 -1.3 -1.3 -1.3 -1.3 -1.3 -1.3 -1.3 4.5 27.9 33.3 42.4 54.4 67.8 79.1 86.7 94.2 101.3 108.8 116 128.2 145.3 161.9 173.9 181.1 189.9 203.9 217.2 227.1 244.2 289.2 317.2 339.7 355.4 367.8 381.5 393.6 409.5 421.9 430 436.2 439.8 439.6 438.5 438.7 439.5 446.3 450.3 447 444.7 438.3 429.3 416.9 413.2 406.8 387.9 373.4 357 339.9 326.9 353 365.7 375.9 366.3 352.2 337 304.3 269.3 235.4 207.9 191.1 185 175.2 164.7 161.2
-1.3 -1.3 -1.3 -1.3 -1.3 -1.3 -1.3 -1.3 -1.3 -1.3 -1.3 -1.3 -1.3 -1.3 7.9 15.9 25.7 34.2 49.8 62.9 77.3 82.3 88.5 94.3 102.4 109.9 118.8 129 140.3 152.5 164.1 175 186.5 193.5 224.5 269.1 300.8 324.9 345 362.1 376.1 386.5 404.2 421 433.3 442.5 449.2 451 451.3 456.2 457.3 464 470 470.6 467.3 461 448.2 438.8 429.3 422.5 414 395.1 387.4 378.5 370.9 374.6 392.5 400.3 397.8 387 366.7 346.2 316.7 283.6 244.7 222.8 203.3 193.2 184.1 177.7 170.3
-1.3 -1.3 -1.3 -1.3 -1.3 -1.3 -1.3 -1.3 -1.3 -1.3 -1.3 -1.3 -1.3 1.6 13 33 40.2 48.5 54.3 57.9 76 81.9 85.6 90.8 98.6 105 111 120.7 130.1 140.7 150.8 158 173.5 213.6 244.1 285.7 311.2 332.9 352.4 368.1 379.2 396.6 415.2 431.5 444.5 453 460.9 463.4 471.8 477.9 485.2 490.8 489.7 490.2 485.8 476.1 471.1 456.7 444.3 429.8 414.2 401.7 395.1 390.7 390.5 395.4 413.5 416.1 411.7 405.7 384.8 357.1 333.3 296.8 255.8 226.8 206.4 203.6 198.9 192.5 183.1
-1.3 -1.3 -1.3 -1.3 -1.3 -1.3 -1.3 -1.3 -1.3 -1.3 -1.3 -1.3 -1.3 5.1 24.5 40.5 55.4 60.6 63.6 72.6 75.8 72.6 82.9 89.7 97.3 102.8 109.3 116.3 123.9 134.2 143.1 160.6 182.9 225.5 269.6 295.8 319 338.8 356 370.9 385.4 407.1 424 440.3 453.3 464.6 472.6 481 490 499.9 509 513.1 511 507.9 504.3 497.6 476.2 461.4 448.3 429.4 417.4 411.2 404.1 401.4 405 411.9 426.3 431.3 425.4 417.5 394.5 366 344.6 313.5 277.4 239.4 224.5 215.6 207.4 201.9 203.2
-1.3 -1.3 -1.3 -1.3 -1.3 -1.3 -1.3 -1.3 -1.3 -1.3 -1.3 -1.3 -1.3 12.5 38.9 50 67.5 70.2 74.4 78.6 83.3 85.6 87.5 91.6 97.1 102.9 107.9 114.3 120.5 127.5 140.2 160.7 191.1 244.3 276.7 305 323.6 341.9 357.6 373.7 392.3 412.9 430.5 449.8 465.1 472.2 484.7 495.6 513.7 525.6 533.1 533.1 527.5 523 512.1 494.2 470.7 457.1 440.3 430.4 422.6 415.6 411.5 412.1 414.7 424.6 442.4 444.7 436.2 430.3 406.4 376.4 354.7 330.1 300.9 271.8 237 222.9 213 218.3 214.5
-1.3 -1.3 -1.3 -1.3 -1.3 -1.3 -1.3 -1.3 -1.3 -1.3 -1.3 -1.3 4 24.9 39.9 63.1 66.9 71 74.7 82.4 88.4 95.5 98.4 101.1 104.6 102.9 105.6 111.8 116 123.7 137.3 159.3 227 265.9 289.3 307.5 326.2 340.9 360.1 376 398.6 419.6 439.3 456.3 468.6 476.5 492.8 513.7 534.3 548.5 547.5 539.6 531.3 519.7 497.6 477.4 456.9 440.8 436.3 431.6 422.4 416.3 417.1 419.1 426.8 438.7 453.3 453.2 453.9 440.8 415.3 388.3 365.1 341 314 292.7 264 242 239.1 230.3 219.1
-1.3 -1.3 -1.3 -1.3 -1.3 -1.3 -1.3 -1.3 -1.3 -1.3 -1.3 1 17.9 27.7 41.4 60.4 67.7 72 79.5 87.6 101.6 111.8 120.1 117.3 114 112.4 109.2 109.8 114.2 118 132.4 162.3 233.5 273 293.5 311.7 326.7 342 361.3 382.2 404.8 424.1 445.1 460.7 472.2 482.2 504 528.6 550.7 559.5 549.1 537.4 523.5 504.2 483.7 463.6 443.8 437.2 433 428.8 421 419.3 420.9 424.2 432.2 449.6 464.3 469.8 465.6 444.5 421.9 401.9 378.3 346.2 319 294.4 277.2 261.1 247.7 233.1 220.6
-1.3 -1.3 -1.3 -1.3 -1.3 -1.3 -1.3 -1.3 -1.3 -1.3 -1.3 7.3 27.4 30.4 40.1 48.6 66.8 80.1 90 109.1 129.5 142.4 153 149.7 133.8 120.5 116.4 114 112.9 114.1 120 194.6 234.2 275.1 295.4 311.9 328.3 341.9 361.7 386.7 407.9 428.9 446.3 461.8 475.6 487.5 510.6 538.5 560.7 555.7 541 526.4 509 485.8 468 447.6 437.4 434.3 431 424.4 420 419.9 423.4 428.2 438.6 460.3 470.1 482.7 470.2 446.4 434.1 404.9 380.3 349.6 322.1 292.7 274.8 259.5 246.9 230.4 218.5
-1.3 -1.3 -1.3 -1.3 -1.3 -1.3 -1.3 -1.3 -1.3 -1.3 1.4 14 21.3 29.5 38.7 50.7 69.2 96.8 120.7 125.6 158.4 175.2 185.3 180.2 157 135.7 127.2 121.8 118.9 115.4 138.3 222.6 257 277.8 297 312.3 330.4 348.4 365.2 390.7 407.8 428.7 445.1 461.1 477.8 489.8 518.2 543 545.9 544.4 526.7 509.4 488.3 470.8 452.8 441 433.8 430.2 426 418.2 413.7 417.2 424.4 433.8 449.6 464.2 468.8 477.2 457 440.5 429.2 399.9 370.2 345.3 322.9 287.1 269.4 255.6 243.1 227.8 215.2
-1.3 -1.3 -1.3 -1.3 -1.3 -1.3 -1.3 -1.3 -1.3 -1.3 5.8 14.4 23.8 31.9 48.5 68.5 92.5 115 132.6 143 178.8 216.2 216.2 209.6 189.4 159.6 136.3 131 126.2 129.6 182.2 235.5 262.5 280.3 297.9 314 333.6 351.2 367.1 389 409.5 427.2 443.2 458.6 473.6 492.9 518.8 530.5 529.9 516.6 502.2 489.4 472.3 455.9 443.6 436.4 429.5 422.9 415.1 408.1 410.6 415.4 424.4 442.9 455.8 462.1 458.8 449.4 436.3 424.1 407.1 379.9 353.9 332 303.7 280 264.7 250.4 237.6 223.4 212.7
