WholeMapElevations/data/so/so07_OST50GRID_20230518/SO07.asc
ncols 200
nrows 200
xllcorner 300000
yllcorner 270000
cellsize 50
[rows 0 to 34 of 200, columns 78 to 155 of 200]
436.5 431.5 425.1 423.1 420.3 422.4 418 415.4 417.7 418.8 412.7 410.8 407.7 404.5 400 396.5 395.3 395.7 394.7 393.3 392.2 390.6 391.1 392.1 392.8 392.4 392 390.5 388 387.7 388.4 386.6 389.5 387.5 385.6 383.8 370 370.3 369.9 365.1 360.7 360.2 367.6 381.5 394.7 407.7 410.7 411.9 412 408.7 404.4 397.6 390.3 382.4 378.6 372.9 364.4 356.6 347.2 337.7 336.4 335.4 351.2 364.8 381.2 397.8 404.4 406.1 406 403.1 399.5 395 390.2 387.1 378.2 375 372.6 370.9
444.4 438.1 435.7 438.3 435.6 436.9 436.8 432.5 432.3 433.1 427 426.5 419.5 413.8 407.2 402.8 400.6 399.2 397.7 396.3 395.2 394.5 397 396.5 396.9 394.7 394.4 393.7 393.4 392.9 392.6 388.6 388.5 386.6 379.4 381.9 380 377.1 373.3 371.9 366.3 358.8 357.7 371 383.6 395.7 404.4 409.7 409.3 405.6 399.9 392.9 386.1 381 376.3 370.2 367.3 358 346.1 339.4 337.7 340.3 353.1 362.6 386 404.3 409.9 411 409.8 406.4 402.9 397.9 395.3 390.1 380.4 376.7 374.7 373.2
449.7 449.5 449.1 454.8 462.5 455.8 451.8 448 449.8 448.9 441.7 435.7 428.6 421.3 416.4 409.1 406.4 404.2 402.5 402.1 400.9 400.3 402.6 401.8 401.7 399.2 399.2 398.7 400.5 399 393.9 392.2 390.1 383.3 388.5 386.4 384.1 378.8 373.1 372 368.6 360.3 357.8 356.9 373 384.5 395 401.8 403.6 399 394 389 384.5 379 375.4 372.9 366.6 356.1 345.6 341.3 337.7 341.3 354.8 369 391.1 409.7 414.7 414.7 412 408.4 404.9 401.5 397.2 390 382.9 379.6 377.5 375.4
460.4 460.5 460.3 467.7 474.3 469.4 463.1 463.4 458.9 457.7 452.2 444.7 435 429.7 424.1 419.2 414.9 411.9 409 408.5 408.3 409.6 410.1 408.1 407.4 404 403 404.1 404.4 400.5 397.7 396.6 389.2 388.9 391.3 387.9 385.2 379.3 373.3 371.2 370.9 368.2 357.7 356.6 357.4 372.3 382 386.7 392 388.5 384.3 383.2 379.5 375.9 374.9 372.8 363.1 354.1 342.6 341 337.9 341.8 360.5 379.1 403.3 415.9 419.1 418.1 413.9 410.1 407.8 404.7 399.1 393.6 388 383.7 380.7 378.7
462 466.4 468.8 475.3 477.8 475.4 466.8 465.1 461.8 460.2 454.7 447.5 441.5 435.5 432.8 429.1 426 423.3 418.9 417.3 417.6 417.2 415.2 412.1 410 406.5 406 406.4 403.6 400.5 399.3 392.4 391.6 394.4 390.4 387.9 384.3 377.5 372.1 370.2 369.5 368.7 365.6 358.9 355.4 354.2 360.4 368.9 375.8 372.8 370.3 371.3 369.2 369.2 371.8 368 360.2 347.8 341.7 339.5 339.3 354 370.5 392.7 413.9 421.1 422.8 420.5 415.9 412.6 409.3 405.5 398.9 394.9 390.8 387.5 384.3 380.2
464.2 470.1 474 477.2 480.2 477.1 468.8 465 463 460.5 456.9 451.6 447.2 445.1 442.6 439 438.3 434.8 429.9 429.1 426.6 422.6 419 414 413.4 411 409.7 405.3 404 400.2 394.2 388.9 394.8 392.7 388.8 385.3 381.5 374.9 371.9 369.8 367.5 365.9 364.5 364.3 364.1 357.7 352.9 352.6 354.6 357.8 359.4 360.5 360 357.6 361.3 358.7 354.1 343.9 341.5 340 341.5 362.5 380.1 404.2 421.9 425.1 425.1 421 416.5 412.9 409.1 403.9 398.1 394.2 390.9 388.5 385.4 380.7
465.4 472.7 477.1 479.6 479.6 477.2 472.6 467.8 465.9 463.6 460.9 457.2 453 450.7 448.7 446.6 445.8 441.9 437.7 433.7 429.9 426 420.6 414.9 414.4 413.1 406.4 405.2 405.4 398.7 397.5 398.4 396.6 392.3 387.6 381.9 379.3 374.9 372.8 371.4 369.5 366.5 366.6 365.4 366.7 364.2 360.2 351.2 350.8 349.3 348.4 348.9 351.1 350.3 347.6 345.2 345.1 343.1 341.5 342 356.6 371.6 388.1 413.3 426.2 428.7 426.1 421.9 417.2 413.6 409 402.8 398.1 393.7 390.2 387.9 385.5 382.6
465.4 472.9 478.2 481.7 484.5 480.1 474.8 471.4 469.6 467.5 465.4 461.3 457.8 455.9 454.2 452.7 449.9 445.3 440.2 435.8 431.8 427.5 420.2 414.1 413.6 409 403.9 402.2 399.8 402.9 403.5 402.8 400.5 394.1 389.2 387.2 383.8 377.7 375.5 373.8 370.8 369.1 368.6 367.1 367 365.8 361.5 357.9 354.4 351.2 348.7 348.2 347.1 345.1 343.7 343.6 344.3 341.5 339.7 354.5 364.1 378.5 400.7 421.8 429.9 430.5 427.8 423.1 418.3 413.3 409.1 403.5 398.6 393.7 389.1 386.1 383.7 382.1
462.4 474.1 479.8 482.3 485.5 481.9 476.8 474.2 472.5 471.1 469.8 466.4 461.7 461.6 456.9 455.7 451.5 445.8 441.5 436.5 432.9 427.7 417.6 412.5 410.2 405.8 402.2 400.6 405.2 406 405.9 405.6 402.5 396.7 395.4 391.2 388.5 383.8 378.2 374.7 373.6 371.9 370.1 368.7 369.4 368.2 366.3 364.2 361.5 355.7 353 351.2 350.6 348.2 344.9 345.3 342.4 340.7 350.1 360.2 370 392.9 412.7 429.3 432.9 432.4 429.3 423.9 418.5 414 408.6 403.2 397.2 391.7 386.6 384.2 382.7 380.5
463.4 472.2 478.8 483.6 487.2 483.8 478.8 475 474.7 474.7 472.8 469.3 465.2 462.1 459.5 455.9 451.4 445.7 439.7 436.1 431.7 425.2 413.5 410.5 407.5 403.4 401.2 404.7 407.6 409.1 409.9 410 406.8 402.4 400 398.5 396.6 389.2 385.7 379.5 377.2 374.3 372.1 371.1 375 372.6 371.2 365.1 364.5 364.4 361.8 358.6 356 352.8 353.1 349 344.2 347.7 358.5 367.6 384.9 407 424.1 433.8 434.6 433.1 427.9 422.5 416.9 412.4 407.2 401.8 395.2 389.4 384.1 381.5 380.1 378.4
459.5 469.2 478.9 483.6 488.5 485.6 479.8 474 474.8 475.6 473.8 469.6 465.8 462.1 460.8 455.3 449.5 443.1 438.7 434.2 428.4 419.7 409.3 407.3 405.5 404.1 404.5 407.4 409.7 411.8 414.6 413.3 411.7 406.9 406.6 405.1 402.8 400.5 393.1 387 386.7 381.2 378.8 374.7 378.4 378.4 376.1 370.2 368.7 366.2 367.4 364 359.1 356.2 352.1 345.6 346.1 351.3 367.8 380.8 402.1 419.9 432.2 436.9 435.4 431 426.2 420.7 414.8 410.5 405.6 400.4 393.7 386.5 382 378.3 377.6 375.9
456.3 470 479.2 484.1 488.7 486.2 479.1 472.1 472 474.6 472.5 468.3 464 460.8 457.8 452.8 446.6 440.1 435.1 430.3 423.6 413.5 408.4 406.7 407.5 409.1 409.9 410.7 412.4 414.6 418 417.7 412.8 409.1 410.6 408.7 406.1 405.5 399.5 392.1 391.3 389.7 387.4 381.9 388.9 387.1 381.7 377.9 377.5 373.8 373 368 361.1 356 351.2 346.2 349 359.2 377.8 394.3 415.7 428.2 434.6 436 434 429.2 424.1 418.7 413.5 409.3 404.2 398 391.4 383.8 378.1 375.9 374.4 372.1
454.9 468.4 477.6 483.3 488.2 485.4 477.1 467.6 465.8 471.2 468.1 463.5 460.2 456.1 452.9 448 441.9 434.4 430.9 425.9 415.3 411.5 409.8 409.4 410.2 411.8 412.6 414 415.8 419.2 421.7 420.2 414.6 410.8 413.1 411 409.4 410.6 404.7 398 397.3 400.1 398.2 391.9 395.8 393.9 391.2 387.7 387.2 382.6 377.3 370 359.9 354.5 348.6 347.9 354.4 364.4 388.9 409.4 421.4 431 435.5 434.9 432 427.4 422.1 416.8 412.5 407.3 402.1 394.6 387.4 380.1 374.2 373.9 371.5 369.9
450.9 466.2 476 482.1 486.1 483.8 475.8 465.8 461.7 465.7 462.8 458 453 448.1 444.8 440.4 432.9 427.4 423.7 418.5 416.7 416.3 416.2 412.8 413 414.3 415.8 417.7 421.4 423.1 422.6 420.1 415.3 413.7 413.7 413.5 414.5 414.7 412.7 406.9 407.4 407.9 406.4 400 401.8 403.5 400.8 396.9 394.6 389.6 380.3 369.8 357.9 350.3 350 353.8 359.6 377.7 401.3 414.1 423.9 432.4 436.7 433.9 430 425.4 420.7 415.5 409.9 404.7 398.3 391.1 383.5 374 370.8 370.1 369.1 367.1
448.8 463.5 472.8 480.4 484.6 481.6 474.3 465.2 457.8 457.6 454.4 450.7 447 445.9 442.8 440.5 440 431.5 425.6 422.3 419.7 419.2 417.8 416.8 416.2 417.8 419.9 421.8 423.2 422 420.2 418.1 414.2 414.8 415.4 416 417.2 417.7 416.8 415.6 416.8 419.3 414.3 408.8 410 408.7 404.6 401.3 395.7 389.5 378.1 366.5 354.2 350.9 354.5 359.8 369.7 388 406.4 418.7 428.9 436.3 436.9 433.3 427.9 423.6 418.2 412.8 406.3 400.7 393.2 385.5 377.3 370.9 368.6 367.9 367.1 365.6
441.8 455.7 467 477.6 481.4 480.9 474.9 466.3 457.5 454.5 452.8 452.1 450.7 448.7 445.9 444 441.2 438.8 434 426.9 422 420.4 418.8 417.9 418.9 420.3 422.3 422.9 422 417.1 418.5 414 412 414 416.3 418.2 419.9 420.7 420.1 420.2 422.2 424.3 420.7 415.4 413.7 409.8 404.2 399.8 393 382.5 367.4 357.7 351.9 351.4 358.3 365.7 380.1 397.9 413 424.8 431.1 435.9 435.2 430.3 426 421.5 416.3 409.8 403.1 395.6 388.1 382.2 374.8 368.9 366.1 364.8 365.2 363.8
434.5 446.7 463.5 475.7 481.8 481.6 475.1 465.9 458.2 456.4 455.1 453.7 452.4 449.8 447 445.2 442.2 439.2 437.1 433.1 423.7 421.8 420 418.7 419.5 420.7 419.3 419.8 412 414.3 415.9 410.8 411 413.3 416.4 416.8 417.5 419.6 421.5 424.5 425.9 425.8 422.5 419.3 413.7 407.9 401.5 395.4 384.9 369.5 358.9 354.3 352.8 355 362.6 374.8 391.6 407.6 419 427.8 431 433.2 433.1 429.7 424.7 420.6 414.3 407.3 399.8 394.4 387.8 380.6 373.7 367.5 363.3 357 361.1 356.1
428.4 440.8 460 474.8 479.2 479.6 473.7 465.5 461.8 460.3 457.8 456 453.7 451.1 448.1 446.1 443.5 440.3 437.4 430.4 424.3 422.2 420.5 417.4 417.1 417.5 414.4 410.8 407.9 412.2 409 407.8 409.4 411.9 412.5 412.1 413.9 416 419.8 424.4 425.9 426 421.5 418.6 410.8 402.9 395.8 388.9 373.9 361.7 356 353.9 353.3 359.4 372.3 389 403.4 415.7 423.8 430.8 434 435 432.5 429.7 424.5 418.4 412.3 406.6 400.7 393.4 386.6 380.3 373.5 366.9 362.4 358.3 351.8 346.1
426.4 438.1 456.3 471.3 473.6 476.1 474.2 471.9 468.5 466.9 461.8 458.6 456.5 454.1 450.8 447.5 445.5 442.7 437.5 434.6 425.9 422.3 420.2 416.9 414.2 413.2 410.2 406.7 404.9 408 405.7 405.9 406.7 408.8 409.6 409.8 411.9 414 418 422.2 425.2 423.8 418.6 414.6 406.6 395.9 389.2 379.4 364 358.1 355.7 354.6 355.3 367.2 386 402.4 414.1 421.4 429.2 436.1 437.7 436.2 433.6 429.3 423 417.2 412.2 407 401.6 392.4 385.8 379.6 372.3 365.1 356.4 353.6 352.2 352.7
429.9 441.3 454.9 468.6 473.8 479.5 480.4 478.8 473.7 470.1 466.5 461.8 458.2 455.4 451.9 449.1 446.7 444.1 441 437.5 430.4 427.5 420.2 416.1 413.5 412 410.6 409.3 407.4 402.2 402.7 403.1 403.8 405.8 406.3 406.3 408.2 410.9 413.8 419.5 421.9 421 415.7 410.4 400.5 388.5 380.9 368 359.2 357.2 355.6 355.2 363.2 376.9 395.7 412.4 420.5 428.4 438.8 440.3 440.2 437.8 433.2 427.8 421.5 416.1 411.4 406.2 400.1 392.7 385.6 377.9 371.1 360 363.1 359.6 359.9 358.5
433.4 445.9 463.1 476.1 482.4 491 489.3 483.8 478.9 473.6 469.3 466 460.5 456.8 453.8 451 447.1 444.7 441.3 437.5 432.9 429.6 421 416.8 413.6 411.6 410.4 408.6 404.4 399.4 400.3 400.8 399.5 402.9 403.7 404.3 405.2 405.5 411.3 415.8 417.9 416 412.3 404 395.1 384 374.4 363 359.4 357 355.8 359.1 371.9 386.4 403.5 418.7 426.4 438.3 444.2 444.4 443.1 438.3 432.3 425.7 420 413.8 408.9 403.9 396.7 391.6 385 375.4 363 368.4 366.7 365.5 363.1 359.6
440 457.5 474.1 483.8 490.8 498.9 497.5 490.4 486.8 480.8 472.6 468.6 464.4 459.8 456.2 452.9 449 444.9 441.5 437.4 433.5 429.6 421.5 418.1 414.4 412.1 408.5 404.2 401.3 398.8 396.9 398 397 400 400.5 401.1 401.3 401.9 406.1 408.1 410.8 410.5 406.2 397.4 389.2 379.6 369.5 361 358.5 357.4 356.7 370.1 379.5 394.9 415.1 424.3 434.1 445.1 448.3 446.9 442.9 437.4 430.1 424.1 417.7 411.3 406 400.9 393.5 388.8 380.3 368.2 373.8 375.4 374.1 370.9 365.8 363.7
444.4 464.9 479.7 487.1 494.4 500.4 498.3 492.7 490.7 485.7 477.6 470.2 467.3 463.5 459.1 454.8 450.2 446 439.3 434.7 430.5 423.2 420.5 416.3 414.2 411.4 409 405.4 402.1 397.9 393.8 395.7 394.8 398.1 398.5 399 398.9 400.1 401.1 402.1 404.1 403.8 399.7 391.3 382.1 376.5 365.4 361.1 358.9 357.6 364 373.7 387.7 408.7 421.2 429.1 441.9 450.9 451.2 447 442.9 436.7 428.3 423 414.3 409.2 403.9 398.5 393.2 384.2 376.9 382.7 385.4 385.8 380.3 372 372.7 379.5
437.7 461.6 477.7 487.9 497.7 498.7 500.3 495.6 492.6 487.7 479.5 472.5 468.4 465.7 460 455.8 452.1 447.7 446 440.4 433.5 429.6 425.6 418.6 414.6 408.9 404.5 404.6 398.6 395.6 392.7 390.6 391 395 395.7 396.1 396.1 398.7 398.8 396.5 397.5 396.4 392 385.3 380.5 373.7 363.6 360.6 359.8 362.9 371.1 381.2 400.2 416.9 426.1 436 449.4 453.3 451.5 448.4 443.6 435.1 427.2 420.9 414.5 408.3 401.1 396.6 391.1 385.7 385.4 388.2 390.7 387.6 381.2 380.9 385.4 384.6
432.3 455.1 472.9 482.5 493.1 498.7 500.7 497.1 493.3 488.6 480.8 475.7 471.4 468.8 463 458 454.8 451.7 449.8 442.4 436.6 431.3 427.3 423.3 415.1 411.2 408.5 406.5 402.6 397.1 392.4 390 387.5 392.1 392.9 393.2 392.5 394.7 392.4 391 389.7 388.4 385.6 382.9 379.1 368.2 362 360.8 361 364.9 375.3 388.2 406.8 419.9 431.1 441.9 451.6 453.4 453.5 449.4 442.6 434.3 427.6 418.8 411.2 404.1 399.2 395.5 389.5 382.3 388.8 392.2 393 388.1 387.1 390.3 389.5 385
431.5 453.4 472.7 487 497.6 499.6 500.9 496.9 494.2 488.8 480.4 474.5 472.5 468.8 463.7 462 458.7 455.6 452.3 447.4 437.6 431.3 428 424.3 418 412.2 408.7 406.4 404.2 400.4 393.2 389.8 386.4 389.6 389.9 390.2 389.7 389.6 387.8 385.6 383.7 382.4 381.7 379.3 375.5 363.9 362.2 365.8 362 368.6 377.4 393.9 407.4 424.6 435.3 444 450.6 456.2 454.8 449.8 443 435.2 427.9 420.1 412.8 406.9 402.4 397.2 390.8 388.5 392 394.2 392.1 392.6 395.5 394.7 391.7 386.4
428.3 454 477.2 489.2 497.6 500.4 501.4 496.1 493.4 488 478 473.4 469.8 468.7 467.1 463.9 460.7 457.3 454 449.7 443.8 432.5 428.3 425.3 421.3 415.9 408.9 406.8 404.6 401.9 397.8 389.7 386.3 383.6 382.8 379.9 381.3 385.5 384 381.7 379.6 378.1 377.3 372.8 365.8 364 371.7 371.7 364.7 369 380.4 393 408.1 427.8 437.1 446.3 453.7 458.6 454.9 450.6 444.3 435.7 428.4 422.8 417.7 412.8 407.2 399.3 392.7 390.2 394.5 395.1 397.8 398.7 399.1 396.8 394 388.2
427.6 450.7 472 485 494.8 498.3 500.3 493.6 487.4 482.4 477.5 473.4 473.2 471.2 469 465.6 462.2 458.4 454.2 449.5 439.8 433.1 428.8 425.5 422.1 417.7 409.7 407.4 405.1 402.5 399.7 391 385.5 385.7 386.7 386.2 383.4 376.5 374.5 372.8 371.5 371.6 367.6 366.1 367.3 374.3 376.5 375.8 371.1 371.1 379.8 391 408.9 428.1 440.6 450.2 456.2 459 454.3 450.7 442.8 435.9 432 428.5 422.8 416.6 409.6 401.4 395.4 393.9 399 400.2 401.7 403.1 399.4 395.9 392.9 389.8
433 446.9 465.6 482.3 490.8 497.2 496.2 489.9 485.9 480.4 477.2 476.4 474.4 472.9 470.8 468.2 464.3 460 454.1 448.4 440.1 433 428.2 425.4 421.9 416.6 410 407.7 403.8 401.5 399.7 392.9 389.7 389.3 390.8 389.3 380.9 383 382.9 380.1 377.1 373.8 368.5 375.8 377.4 378.9 379.3 380.3 376.3 372.9 381.7 391.8 412.9 434.2 445.5 450.9 459 456.5 451.6 448 440.4 437.9 434.5 430.6 423.8 417.9 410.6 405.1 400 401.2 401.9 404.1 405.4 403.2 398.9 395.7 393.3 389.2
436.4 450.7 464.6 478.9 487.2 494.6 492.7 489.1 485.8 482.4 480 479.7 478 476.6 474 470.7 465.8 459.7 453.4 447.2 441.4 432.5 428.2 424.1 420.7 414.3 409.9 407.2 405.5 403 398.1 392.7 395.3 394.6 392.5 389.5 390.4 387.7 383.5 381.4 378.7 373.4 371.2 378.8 381.6 382 383.2 384.5 380.3 377.4 388.5 402.1 422.4 440 446.9 452.4 456.9 451.1 449 443.3 438.4 436.9 435 430.8 424.6 418.6 413.8 408.8 405.4 402.2 405.5 407 406.5 402.9 398.5 396.2 392.5 389
442.8 452.3 462.7 477.1 487.4 494.1 493.5 491 489.8 486.4 483.2 483 480.7 479.6 476.3 472.5 466.6 460.5 453.7 446.6 437.6 432.7 430.3 426.9 420 413.7 410.7 407.8 405.3 403.4 397.3 395.7 396 396.5 391.9 394.6 393.5 390.8 388.2 384.1 378.9 373.6 373.6 379.8 383 384.5 386.6 388.3 384 381.4 391.7 408.1 428.3 440 446.9 453.3 456.3 446.7 446.1 441.1 437 435.9 434.7 430.1 424.4 419 415.8 410 406.5 404 407.5 409 407.4 402.7 398.4 395.9 391.8 389.5
443.8 449.9 465.4 481 491.8 497.5 498.2 495.2 492.5 489.8 486.2 485.3 484.8 481.4 477.7 473 467 460.2 452.7 445.6 439.2 435 432.2 428.1 421.7 416.5 412.4 406.5 404.2 401.5 400.1 397.6 397.4 393.5 398.1 397.4 395.1 392.6 389.8 386 375.5 376.3 375.9 379.4 382.5 386.2 388.3 390.2 383.2 382.6 392.6 409.7 427.2 437.4 442.6 452.2 451.3 443.7 441.7 437.9 437.4 435.4 432.2 427.3 421.9 417.6 415.5 411.6 407.4 406.5 409.1 411.1 408.8 404.1 399 395.4 392.7 389.8
441.3 457.1 472.1 483.7 496.2 504.2 501.2 497.2 494.1 491.5 488.5 489 487.1 483.1 477.4 472.6 466.5 459.2 452.3 445.7 440.8 437.6 434 428.8 425 418.6 413.8 408.1 405.4 404.2 401.6 397.6 395.2 398.6 400.3 397.8 395.2 393 389.2 378 378.7 379.4 378.5 380.5 384.6 387.5 390.5 388.2 382.5 383.6 393.2 412.1 424.9 438 443.2 448.5 446 444.7 439.1 435.3 434.3 432.4 428.4 423.2 418.6 416.7 414.3 411.6 408 407.8 409.8 413.7 410.7 405.3 400.6 397.7 393.7 389.6
447.8 463.3 477.8 489.2 500.8 507.4 503.8 498.1 495.5 492.9 490.1 491.8 488.6 481.7 477.6 471.5 465.4 458.8 452.9 447 442.4 439.5 434.9 430.8 425.8 420.5 414 410.2 407.8 405.3 402.8 397.6 397.5 399.9 399.6 397.5 395.6 393.3 383.7 378.7 383.4 382 381.8 386.6 389.5 391.3 391.8 386.9 385.3 383.8 393.5 411.1 428.4 435.9 442.3 445.3 448.9 443.6 438.4 432.5 431.2 427.9 422.7 416.4 415.5 416 415.2 413 410.4 410.9 411.4 415.4 413.1 407 401.5 397.8 393.8 385.7
451.6 468.9 481.8 492.1 502.7 506.9 505.1 499.9 496.6 494.4 491.9 490.1 486.6 481.4 476 470.1 464 458.6 453.7 449.9 446.6 440.5 437.1 433 428.6 423.1 418.5 413.1 409.6 406.2 403.1 398.4 399.5 400.4 399.3 397.2 395.1 392.2 383 393.5 394.3 392.8 392.6 395.9 395.9 395.6 393.9 388.7 387.1 384 391.5 405.2 425.8 435.7 444.9 449.2 445.4 441 434 430.2 424.4 422.5 416.2 414.8 416.3 416.5 416.4 415 412.7 413.9 414.8 417.7 415.5 410.1 406.1 399.4 393.9 389.3
