WholeMapElevations/data/so/so49_OST50GRID_20230518/SO49.asc
ncols 200
nrows 200
xllcorner 340000
yllcorner 290000
cellsize 50
[rows 140 to 174 of 200, columns 0 to 77 of 200]
276.5 281 286.1 292 298.2 305 315.1 333.1 354.4 375 389.9 404.8 415.5 434.1 443.5 447.7 449.8 451.1 451.5 451.3 449.5 446.9 444.3 441.3 434.8 433 439.2 442 445.2 449.2 455 461.3 463.8 464.7 462.9 461 458 455.4 453.1 451.2 449.3 449.2 450.4 450.6 451.2 448.3 440.9 421.8 398.7 378.5 357.1 335.5 322.7 315.2 307.3 302.1 313.3 323.9 333.9 337.5 340.6 346.1 344 328.2 307.7 282.5 252.8 239.9 247.6 256 254.8 272.5 269.7 247 278.7 311.3 339.1 364.5
275.9 280 284.8 289.6 295.4 302.6 315.4 336 362.2 385.9 405.5 421.3 431.8 435.1 438.8 443.9 446.1 446.9 447.8 447.6 447 444.7 442.7 440.1 434.5 433.6 437.3 440.1 443.3 448.9 454.3 460 462 462.9 462.1 460.3 458 456.8 457.6 457.3 456.8 456.3 457.3 457.4 455.6 453.1 447.1 437.9 427.2 405.9 381.3 364.3 351.3 339.4 337.1 328.6 338.7 351 359.8 367 371.7 375.6 370.1 353.9 326.5 304.3 287.9 267.2 257.6 245.3 241.4 232.6 244 250.8 267.3 296.9 324 341.3
274.6 278.8 283.4 288.8 295.6 302.5 316 336.5 364.1 391.9 412.7 431 440.8 443.5 442.4 443.7 444.1 444.1 444.7 444.8 444 442.8 440.8 438.2 434 430.3 433.5 436.2 441 447.3 452.3 455.9 458.2 459.1 459.2 457.5 457 457.7 459.3 461.5 462.3 462.8 462.4 460.1 457.7 454.3 448.7 440.4 430.7 419.6 406.7 395 381.9 370.8 367 359.8 361.2 375.9 386.3 395.9 402.3 403.1 395.3 373.8 348.8 334.4 314.4 300 290.8 282.7 274.1 257.3 230.7 225.6 241.4 270.6 292.1 308.3
273.6 278.2 283.1 288.8 295.9 303.8 315.8 334.1 366.4 390.4 413 433.3 444.8 446.7 445.3 444.6 443.6 443.1 442.3 442.1 441.1 440.1 438.8 435.6 432.3 423.1 425.5 430.9 436.3 443.4 447.8 450.6 452.8 454 454.3 454.9 455.8 457.1 459.6 461.9 463.6 463.7 463 460.2 456.9 453.7 448.2 439.6 429.3 418.7 410 404.6 400.4 398.3 393.7 388.3 391.5 401.6 413.4 425.3 431.6 429.7 417 395.8 372 346.6 325.7 311.2 300.1 293.6 274.7 253.9 248.8 236.5 222.1 240.4 259 280.6
273.2 277.8 283.1 289.6 297.2 305.2 317 334.4 357.5 385.4 410.6 430.4 443.7 448.2 448 446.1 444.6 442.8 440.4 439.3 438.3 437.2 435.4 432 429.3 426.1 416.8 425.2 432.3 438.4 442.3 445.1 447.3 448.9 449.5 450.5 451.8 453.5 456.1 459 461.4 461.7 461.3 459.1 456.1 452.5 445.8 435.7 424.3 413.9 409.4 406.4 406.9 412.8 414.5 415.2 418.4 428.9 440.3 447.8 449.1 444.2 429.9 396.4 367.8 343.8 330.2 321.8 306.5 290.5 282.4 286.7 280.1 258.6 235.8 220 231.8 251.9
272.6 277.5 282.8 289.4 297.3 305.1 317.8 334.9 358.3 382.6 408.8 430.7 443.2 447.8 449.5 447.4 444.4 442.1 440.6 437.5 434.1 431.2 428.8 424.7 421.3 416.6 410.9 414.9 428 432.7 437 439.7 441.9 443.5 444.6 445.2 446.7 447.7 450.6 453.5 456.3 457.8 458.8 457.9 455.2 449.1 438.7 424.1 413.7 405.9 405.1 405.1 409.3 416.1 423.2 427.4 434.4 444.2 452.9 456.3 456.1 452.3 437.2 401.3 371.9 357.8 360.2 347.8 331.6 318.9 312.3 306.2 294.6 278 261.9 236.5 217.1 222.6
272.4 277 283 289.7 296.9 305.4 319.4 342.1 369.1 392.3 410.3 431.5 442.3 447.8 449.4 447 444.7 442.7 439.4 438.1 436.6 436.1 434.4 433.3 430.7 428.4 424.7 408.1 413.9 423.2 428.8 432.6 436.5 438.5 438.8 439.3 439.8 441.8 444.6 447.9 451.5 454.1 455.1 454.5 448.1 430 418.1 400.8 393.8 378.3 390.6 400 410.2 419.7 428.1 435 441.6 451.7 458.1 459.5 458.9 451.4 436.7 407.8 377.7 383.4 387.7 374.9 360.2 348.1 336.7 324.6 309.8 292.1 276.4 258.3 241.2 212.7
272.3 277.3 283.4 290.2 297.9 307.7 322.9 345.6 374.2 401 421.1 435.7 444.4 448.1 450.2 448.7 446.7 445 443.5 441.8 440 438.9 437.3 435.6 433.7 431.4 428 422.1 395.8 406.3 417.5 419.7 427.6 430.8 432 431.7 431.8 432.3 437.6 442.1 447.1 449.9 450.7 444.8 430.8 409.3 390.5 379.1 370 366.1 362.9 389.7 407.8 421.4 430.4 437.4 444.9 453.5 458 459.1 456.2 446.9 433.8 408.3 401.2 408.9 408.7 397.3 385.5 372.2 354.1 337.2 319.7 299.6 284 269.6 254.6 230.3
272.1 278.2 284.1 291.8 299.7 310.9 328.6 352.8 378.4 405.2 425.4 441.2 448.4 451.9 451.9 450.8 449.1 447.3 445.7 444.2 442.8 440.9 439 437.3 435.5 433.5 430.3 426.4 403.3 392.3 398.4 401 406.8 414.1 418.7 420.7 415.8 418.8 429.8 437.9 442.8 443.5 439.3 431 412.3 391.5 370 358.7 348.5 343 357.1 383.5 402.7 418.9 427 435.6 444.3 450.9 455.4 455.2 451.7 442.6 431.8 424.7 424.9 428 418.4 407 390.8 373.2 356.5 339.1 320.4 303.8 286.4 270.8 255.6 244.1
272.6 278 284.7 292.2 301.5 313.8 333.2 352.3 380.2 407.3 426 443.1 451.5 454.3 453.3 452.1 450.5 448.7 447.1 445.6 444 442.3 440.5 438.5 436.3 435.1 432.3 428 412.6 388.5 376.6 379.4 385.2 391.7 394.6 398.6 395 406.7 426.3 433.9 436.5 433.3 427.4 417.6 394.2 374.7 357 337.4 332.2 339 357.7 366.4 379.8 406.1 426.8 434.3 441.4 447.4 449.3 446.8 441.7 435.8 434.7 434.4 430 423.9 413.1 399.2 381.9 363.3 342.8 321.9 306.4 293.6 282.1 266.5 251.8 230.9
273.7 279.1 286 293.8 302.6 319.2 343.2 366.9 386.5 409.4 426.5 440.5 450.3 453.3 453.4 452.4 450.8 449.2 447.7 446.1 444.2 442.7 440.9 438.4 436.1 435.2 432.5 427.9 422 409.4 393.4 378.9 361.4 363.3 369.8 374.4 381.8 405.8 419.6 420.3 419.1 416.6 410.9 400.4 376.6 356.4 340.2 324.6 318.3 336.2 339.3 353.3 377.9 405.2 424.1 433.5 439.2 444.7 442.6 428.4 417.1 420.5 425.6 429.2 426.2 414.8 402.6 385.4 365.3 345.6 328.3 314.6 302.5 291.1 278.7 264.6 250.3 235.6
275 281.2 288.4 295.7 305.3 322.7 347.6 375.6 396.3 412.8 427.5 438 446.3 450.5 452.4 452.4 450.6 448.8 447.3 445.9 444.3 442.3 439.9 437.4 435.1 433.9 430.9 427.1 422 413.6 404.5 395 370.8 371.9 350.2 351.1 376.8 396.9 401.7 398.6 395.5 391.5 388.3 382 364.7 338.2 319.4 309.4 326.1 341.1 355.8 372.9 391.7 410.3 425.6 436.9 441.9 443.8 438.4 413 392.2 393.5 403.1 409.3 409.7 409.5 406 392.5 380.6 369.6 356 340.3 325.6 310.8 291.3 274.7 260.8 249.8
276.5 283.1 290.1 297.1 309.1 328.4 354.1 382.5 400.2 413.9 428.5 436 442.5 448 449.9 450.2 448.5 446.9 445.8 444.3 442.8 441.1 438.8 436.3 433.1 432.2 428.6 425.3 418.9 408 408.2 403.7 398.7 391.4 360.9 339.2 365.1 379.3 378.4 374.1 368.1 362.6 360 360 352.5 328.5 304.9 312.7 341.2 360.6 371.3 379.6 397 412.5 427.9 439.9 442 437.3 430.5 407.6 381.2 371 374.7 378.3 384.4 397.1 399.6 391.1 386.3 382.3 373.8 353.8 332.7 311.9 292 273.6 261.8 252.4
277.8 284.3 292.1 300 312.1 331.4 357.1 382.8 399.5 413.4 425.6 432.3 438.6 444.4 446.5 446.8 445.9 445 443.4 442 440.8 439.6 437.5 434.5 431.2 429.3 425 420.1 419.9 419.7 417.1 413.7 406.5 397.3 365.9 335.9 345.6 352.5 348.7 343.9 336.5 330.6 329.7 331.3 327.1 316.7 294.3 304.5 323.5 339 348.8 359.2 389.2 412.1 428.2 437.7 433 428.4 421.8 408.1 380.4 353.5 350.9 351.3 359.1 372.5 379.6 383.3 387.9 383.3 367.6 346.9 326.1 305.7 287 271.5 260.4 250.9
278.4 285.4 293 301.8 315.8 337.1 357.6 378.1 394.7 410.4 421.8 430.1 436.1 439.9 443 443.9 443.4 442.3 440.8 440.1 438.9 437.6 436.3 433 430.4 428.4 425.7 426.9 426.2 424.2 421.9 418.4 413.1 403.9 374.1 345 326.9 329.2 325.7 317.6 309.4 304.6 300.4 302.3 299.9 295.7 292.1 286.8 297.8 310.5 325 355 380.1 403.1 416.8 419.2 418.2 413.6 407.3 397.1 384.4 358.4 334.8 331.7 333.8 345.1 351.2 365.3 373.3 368.5 353.6 335.4 316.3 298 281 267.3 258.6 249.5
279.5 286.4 293.8 304.5 320.9 344.2 368.6 387.3 405.8 419 426.2 433.3 438.4 440.8 441.4 440.5 439.7 438.8 437.1 437.1 438 437.3 436.2 433.6 431.6 430.6 430.3 429.9 429.3 427.4 425.7 423 418.6 412.4 394.2 360.5 339.7 325.7 323.1 327.5 330 329.2 320.6 305.1 296.3 289.3 285.9 281.1 277.4 288.6 314 340.6 366.9 385.2 396.9 398.5 394.9 391 385 379.7 374.9 366.7 344.2 318.9 314 319.7 327.5 344.2 354 350.8 337.5 320.9 304.8 289.2 275.1 263 255.3 247
279.9 288.2 297.3 310.9 329.5 355.4 378.1 397.2 415.2 424.1 429.7 434.6 439.2 441.3 439.3 437.7 435.7 434.5 433.5 434.2 435.9 437 435.9 433.8 432.1 431.4 432.4 432.5 432.6 431.3 430 428.1 424.2 419.4 412 388 359.7 351.5 356.4 360.8 363.5 362 349.4 325.2 312.7 315 315.7 306.6 290.2 273.5 295.4 324.6 346.7 366.2 376 372 366.8 362.8 358.7 360.1 368.7 368.8 356.8 336.8 314.8 298 306.8 320.4 328.4 325.6 316 304.5 291.6 279.8 267.4 257 251 244.7
281.1 288.9 302.4 321.3 339.8 366.3 389.4 409.6 421.7 426.7 430.3 433 436.2 437.6 436 431.3 428.6 427.6 427.2 430.3 432.9 434.2 433.3 432.6 431.8 432.7 434.1 435.5 436.5 436 435.4 433.3 429 424.5 417.7 399.2 377.7 386.5 390.5 393 392.9 388.9 373.3 348.7 335.8 341.9 342.9 329.2 306.5 281.2 277.9 302.7 326.2 347.2 349.8 343.7 336.7 333.9 332.2 347.3 367.6 376.8 371.9 350.4 329.5 307.2 285.6 295.4 298.9 301.8 297.8 289 279 268.4 259.7 251.4 246.2 242.5
283.8 294.1 308.5 331.8 359 382.8 404.2 418.2 425.6 428.9 429.6 430.8 432.5 433.9 430.6 427.3 419.3 419.1 421.8 425.6 427.9 429.8 429.8 430 430.9 433.3 436.1 438.9 440.4 440.5 440 438.1 434.6 430.3 423.7 404.7 409.9 414.8 416.7 417 414.1 409 398.9 374.8 368.6 366.3 358.8 346.5 323.1 295.8 270.2 282.5 304.7 320.9 322.8 314.7 308.8 309.9 330.1 355.9 377.3 384.6 388 369.3 343.8 319 296.2 273.9 267.2 271.2 274.3 272.9 266 259.1 253.2 245.8 241.8 238.9
287.2 300.2 318.2 342.5 370.6 394.6 411.5 424.2 428.3 427.3 426.7 426.9 427.8 427.4 425 421.8 411.2 409.9 416.8 420.4 422 423.9 425.3 426.3 429.1 433.4 438.5 442.1 445 446.8 446.2 443.7 440 435.5 430.7 428.4 429.2 430.7 430.3 427.6 424.6 419.9 415.3 405.3 398.4 387.5 375.5 361.2 336 305.8 284.4 262.5 279.6 287.8 296.3 288.2 293.4 319 346.3 371.8 388.9 397.1 393.1 380.8 349.5 325.2 308.2 293.4 274.1 257.5 251.5 255.3 255.7 250.6 244.7 239 236.1 234.3
291.7 308.8 332.9 358.3 382.4 401 416.8 426.8 427.1 424.9 423.2 422.7 422.3 421.3 419.7 417 411.7 398.4 410.7 414.1 415.1 417.1 418.9 420.8 427.6 434 439.7 445.1 449.8 452.4 450.6 448.2 444.5 440.5 438.1 438.1 438 437.8 436.8 434.1 430.4 425.6 420.6 413.8 405.9 397.3 386.8 374.5 353.6 326.4 301.6 281.8 262.3 255.4 271.2 273 303.1 327.6 352.5 372.7 393.4 405.7 404.8 390.8 365.6 347.8 328.8 310.6 293 276.2 256.5 241.9 235.9 235.9 234.4 226.9 221.3 217.9
296.6 317.2 343.2 368.6 391.7 407.3 419.5 424.4 424.3 422.4 420.9 419.5 416.5 413.5 412.9 410 405.9 391.6 397.3 397.8 401.2 408 409.1 414.4 422.4 430.9 439.7 446.6 452.6 454.9 453.2 450.2 446.5 443.7 442.6 443.7 443.2 442 440.1 437.1 433.2 428.4 422.5 415.1 407.8 399.7 391.9 384.4 370.4 348.7 326.9 307.2 291.1 271.8 250.2 269.5 294 317.5 340.7 367.5 391.3 407.3 411.9 404.9 389.6 369.9 349.5 331.1 312.2 293 277 259.6 247.7 238.7 233 232.1 227.9 220.8
301.1 324.1 349.5 376.2 397.9 411.6 420 423.2 422.6 421.2 419.9 416.4 414.5 409.8 402.9 395.4 393 391.6 379.9 376.6 376.9 384.4 384.8 407.3 415 422.5 434.2 443 449.6 452 451.8 449.9 447.5 446.2 445.9 446.4 446.4 444.3 441.2 437.6 434.1 429 422.6 415.6 407.4 398.1 388.2 379.2 371.1 361.3 346.1 327.9 308.4 284.2 259.8 254 284.4 315.2 342.4 369.3 389.9 403.3 409.6 402.4 392.1 379.7 362.9 345.3 326.6 306.1 289.7 276.6 266.2 257.6 252.9 247.3 241.5 236.4
307.6 330.4 351.8 376.3 399.6 412.7 419.2 421.4 421.4 421 420.6 420.6 420.2 419.1 414 407 397.9 388.6 382.4 372.3 363.1 360.5 374.3 386.9 401.8 415.5 428.5 436.9 443.2 446.2 447.7 448.9 448.2 447.3 446.7 446.7 446.6 443.8 440.8 437.7 433.9 428.4 421.2 414.4 406.6 391.1 380.4 362.4 347.5 345.8 341.9 332.1 305.5 279.5 260 246.2 278.7 308.8 337.4 366.3 380.3 395.4 402.8 398.6 388.5 374.2 357.7 343 326.8 308.6 291.8 279.7 269.4 260.8 253.4 247.1 240.7 235.7
311.6 336.5 363.5 388.2 405.2 411.1 418.3 421.2 421.3 422.1 421.8 422.1 422.2 420.5 417.5 413.5 409.4 404.2 399.6 393.5 382.5 362 349.8 363 381.2 401.7 420.1 430.1 436.1 441.7 445 447.7 447.9 446.9 445.8 445.6 444.1 441.9 439 436.5 433.4 427.8 421.7 414.8 411.1 406 400.1 383.9 356.6 325.4 314.4 309.8 300.3 280.5 261.8 242.8 270.2 302.4 330.9 343.7 357.8 388.1 397.7 395.7 385.3 367.1 347.7 332.7 319 302.4 288.6 277.3 266.6 257.2 251.4 245 238.2 231.7
314.7 340.6 367.4 393.3 410.8 418.7 420.9 421.3 422 422.8 423 423.1 422.4 420.5 418.2 415.4 412.5 408.9 405.1 401.3 394.1 382.2 358.2 344.8 366.8 388.9 409.2 422.1 430.8 437.3 442 444.5 445.1 444.8 443.9 442.7 441.2 440 437.7 436.3 432.3 427.8 423.1 420.8 417.1 409.8 402.6 392.2 372.2 345.1 321.5 298 279.7 278.4 264.2 241.3 256.3 283.8 307.4 331.6 361.9 384.7 391.2 388.2 376.8 360.2 342 321.6 306.5 292.7 282.3 271.9 261.6 253.9 247.5 241.2 234.2 224.8
317.7 343.6 371.6 397.7 415.1 423.6 422.5 422.8 423.8 424 424 423.6 422.5 420.6 418.3 416.1 413.9 411.2 407.6 405.1 397.5 375.9 352.2 332 354.8 376.1 396.7 415.7 426.7 432.5 438.1 440.3 440.9 440.2 438.9 438 437.5 437.9 437.3 435.5 432.3 429.6 429.8 426.8 422.6 414.5 404.8 395 382.4 363 341.4 316.6 292.1 270 250 243.1 246.3 274.9 304.3 333 357.8 371.7 378.5 374.3 363.5 351.1 334.5 316.3 296 282.8 273.5 265.3 256.9 250.6 244 237.9 229 221
322.5 349.1 377.1 401.9 417 424.6 424.5 424.7 425.3 425.1 424.7 423.6 422.5 420.6 418.4 416.3 414.1 411.7 408.6 405.3 392.6 363.8 340.6 324.5 350.2 371.4 390.4 409.8 420.7 427.9 431.7 434 434.3 433.9 433.4 432.9 434 435.4 435.6 434.1 432.2 433 434.7 433.9 427.9 419.2 407.3 395.5 381.6 364.2 341.9 319.7 298.2 280.1 263.3 249.6 231.3 260.1 290.8 318.6 340.3 351.7 364 360.5 350.2 337.4 324.5 307.8 290.6 276.6 266.2 257.8 251.9 246.5 241.7 235.1 225.1 216.8
325.5 353.2 381.4 405.6 420.1 424.7 425.6 425.9 426.1 425.7 424.5 422.9 421 418.9 417.1 415.4 413.7 411.5 407.5 402.6 388.5 359.2 334.5 318.8 339.3 360.8 382.6 401.8 413.6 420.3 423.9 425.4 425.7 424.7 423.5 427.4 430.2 432.5 433 433.3 435.7 433.3 437.3 435.8 428.8 421.7 411.6 396.6 377 349.4 323.5 305.1 287.7 274.3 261.6 251 233 246 273.9 301.6 315 332.7 349 346.2 335 323 311.8 296.9 283.3 271.8 259.9 251.3 246.4 242.2 238.7 235 224.4 217.5
332.1 357.1 382.2 404.9 419.2 423.9 425.8 426.1 426.4 425.2 423.4 421 418.5 416.2 413.9 413.1 411.8 408.6 405.7 402.1 391 362 334.4 310.8 323.4 348.5 371.9 391 403.2 408.7 411.4 411.4 409.5 403.2 409.9 422.1 425.9 427.6 428.3 429.1 418.6 416.7 428.4 428.7 425.9 421.9 414.6 402.1 383.2 356.6 327.5 310.9 295.1 281.3 265.5 252.7 239.1 227.6 253.4 277.4 297.2 321.6 332.2 327.9 319.4 309.2 298 284.9 273.8 262.4 251.7 244.8 240.7 237.7 235.1 232.1 228.3 219.4
337.1 365.6 391.5 413.3 422.3 423.6 426 426.9 426 424.2 421.6 419.2 416.4 413.5 410.9 409.5 407.7 404.9 401.1 396.4 388.8 361.1 332.8 306.5 310.6 334.5 354.3 371.4 385.4 389.1 390 387.7 382.7 382.9 405.6 417.3 419.8 421.6 423.4 412.7 389.8 392.4 412.5 421.5 423.7 423.5 417.5 409.6 394.4 371.3 348.8 337.7 322.9 304.6 284.2 264.3 246 228.4 229.1 260.6 288.2 303.3 310.3 309.4 304.6 295.7 282.6 271.2 262.1 252.6 243.5 238.5 235.7 232.1 230.3 227 224.3 220.7
341.3 369.2 395.2 415.2 423.3 424.3 426 426.8 425.5 423.5 420.8 417.6 414.4 411.3 406.8 403.2 398.7 392.2 385.4 383.5 371.8 348.4 328.4 305 298.7 312 330.3 347.4 359.7 365.9 364.2 361.4 357.9 381.3 402.5 411.1 409 405.5 407.5 396.6 370.9 376.5 396.2 412.9 420.3 424.1 423.1 413.6 399.5 387.8 376.3 362.7 345.5 324.8 302.1 281 260.1 240.4 217.9 245.9 267.5 280.9 287.3 289.1 286 279.1 270.4 260.6 249.7 241.8 236.4 234.1 229.7 225.8 224 220.3 215.2 217.8
344.7 371.2 395.4 411.8 419.5 420.4 423.8 425.2 424.5 422 419.5 416.5 414.9 411.9 408.9 402 393.8 387.1 379.7 359.5 348.7 328.9 318.6 309 297.8 292.6 305.9 321.1 335.5 340.2 335.8 336 356.2 381.4 397.9 402.2 398.3 382 380.4 377.3 357.6 359 380.5 402.3 413.2 420.7 418.4 410 399.3 394.6 393.4 379.6 361.5 342.2 321.3 299.4 274.5 249.5 221.6 226.7 252.3 263.2 267.8 268.3 267.8 263.4 257 246.4 236.1 229.1 229.6 227.5 221.7 217.7 214.7 210.9 207.6 209.6
347.4 370.8 381.7 394.9 405.8 415 420.8 422.6 423.2 420.7 419.6 419.3 418.5 415.9 413.6 412.3 410.8 407.9 401.3 385.6 372.3 357.7 348.1 334.1 312.7 294.5 287.2 298.6 313.2 312.3 316.2 340.6 363.5 379.6 387.3 388.3 384.2 368.1 355.3 360 343.9 342.5 364.2 390 406.9 412.9 408.7 402.1 396.5 396.1 394.4 383.5 370.9 356.6 337.3 314.1 289.4 265.6 228.6 210.8 225.7 235.9 241.5 244.6 248.1 246 240.7 228.3 219.5 220.8 217.9 216.7 213.3 210.4 207.5 204.5 200.5 200.7
341 348.5 355 367 396 411.5 419.2 421.1 422.4 421.9 421.9 421.9 421.5 419.8 418.6 419 419.7 418.4 413.9 407.6 400.5 388.9 374.5 351.3 329 305.7 287.8 283.2 293.5 300.7 325.4 341.1 354.6 364.3 370.3 372 370.2 346.9 334.5 340.3 323.3 326.7 353.9 383.3 405.4 403.1 397.2 392 387.8 387.4 384.1 377.8 371.5 360.2 344.9 326.8 306.7 277.9 246.8 216.4 205.3 207.4 213.3 218.4 224.9 229 222.3 211 209.1 209.1 207.7 206.8 205.2 204.3 201.7 198 194.4 194.3
