UK/data/nt/nt50_OST50GRID_20230518/NT50.asc
ncols 200
nrows 200
xllcorner 350000
yllcorner 600000
cellsize 50
[rows 0 to 34 of 200, columns 78 to 155 of 200]
249.2 247.9 246.4 246.6 248.4 249.9 249.7 253.4 256.1 259.1 261.3 264.2 266 268.8 272.2 275 276.9 279.9 284.2 288.1 290.7 292.5 293.9 295.3 298.5 300.8 300.1 298 295.4 292.8 289.6 285.5 281.9 277.1 272.5 269.1 263.8 259.7 257.5 256.1 254.8 252.8 251.7 250.2 247.4 248.1 249.4 251.3 252.8 255.1 257.6 257.6 256 253.3 249.6 246.1 243 239 233.7 227.9 222.9 216.5 211.9 210.9 208.7 206.8 205 203.3 202.4 201.6 201.9 201.9 200.9 200.1 199.6 199.1 198.3 197.2
248.1 246.5 247.1 248.6 250.8 252.8 253.9 256 259.5 262.5 264.7 267.6 270.1 273.4 276.8 279.3 281.6 284.5 288.1 291.6 293.5 295.4 296.9 299.9 303.3 302.8 300.2 297.5 295.2 292.7 289.1 284.6 280.6 277.2 273.4 270 264.3 260.7 259.9 259.2 256.6 253.9 252.6 250.3 250.2 251.5 252.7 254.7 256 259.9 260.9 259.3 256.9 253.1 249.8 246.3 241.9 237.5 231.6 225.9 220.8 212.8 212.7 210.7 208.7 206.8 204.9 203.8 203.2 203.9 203.8 202.8 201.6 200.9 200.5 200 198.5 197.3
246.9 248.4 250.1 251.5 253.2 255.4 256.7 259.6 263.6 266.8 268.9 271.9 274.6 278.4 280.6 283 285.8 289.2 292.4 294.4 296.3 298.2 299.8 304.5 304.4 301.9 299.1 296.8 295.1 291.5 287.8 283.5 279.3 277.1 273.3 268.7 264.9 263.9 263 261.5 257.7 255.4 254 252.9 254.8 254.9 256.6 258.3 261.3 263.3 262.7 260.7 256.8 253.1 249.8 246.2 241 234.9 226.1 219.2 214.7 214.2 213 210.9 208 206.4 205.5 204.9 205.1 205.9 204.5 203.3 202.4 202 201.4 200.3 198.9 197.5
248.6 250.8 252.3 254.5 256.1 258.1 260.9 264.7 268.7 271.6 273.7 276.6 279.4 282.9 284.9 287.1 290.8 293.9 295.4 296.7 298.6 300.9 304.3 305.1 303.3 300.8 298.3 295.9 293.9 290.3 286.2 281.3 279 276.6 273.6 269.7 268.2 267.2 266.5 262.2 259.8 257.8 256.2 257 257.3 258.6 260.2 262.4 265.5 265.5 263.6 260.2 256 253.3 250.1 244.3 237.6 227.4 219.7 215.7 216.2 214.7 213.2 211.1 208.4 207.1 207.1 207.3 207.5 206.6 205.6 204.2 203.6 203.2 202.2 200.7 199.2 198
251.7 253.6 255.2 257.4 259.7 262.5 266.6 270.2 273.9 276.9 279.1 281.4 284.3 287 289.6 292.3 295 296.9 297.4 298.8 301.3 303.8 305.3 304.1 302 299.5 297.2 295.4 292.7 288.2 285.2 282.1 280.7 277.8 274.5 273.3 271.7 269.1 266.4 264.8 262.7 260.6 258.3 259.3 260.8 261.5 263 267.5 267.6 266.5 261.4 258.1 254.4 251.9 246.5 236.7 228.5 221.9 218.1 217 216.4 214.7 213.5 211.2 209.3 208.9 209.1 209.2 208.9 208.1 206.8 205.4 204.7 204.1 202.7 201.2 200.1 198.9
254 256.5 258.7 260.3 264.1 268.9 272.6 275.9 279.2 282.2 284.3 286.7 288.8 291.1 294.3 296.9 298.3 298.7 299.2 301.4 303.8 305.7 305 302.7 299.8 297.7 296.2 294.2 290.8 288.4 285.6 284.1 281.9 279.1 277.9 276.7 273.5 270.3 269.6 267.2 264.7 262.5 261.8 262.9 263 263.9 268 267.8 267.1 264.8 258.9 255.3 251.8 245.6 236.9 230.4 225.5 221.6 219.4 218.6 217 215.3 213.2 211.8 210.8 210.8 210.9 211.1 210.4 209.6 208.4 207.1 205.6 204.9 203.2 201.6 200.5 199.2
256.9 259.4 261.9 265.6 269.7 274.4 278.2 281.7 284.5 286.9 289.5 291.4 293.5 296.1 299 299.9 300.2 300.5 301.3 303.3 305.5 304.7 302.9 300.8 298.1 296.7 295.2 293 290.7 288.8 287.7 286.4 283.7 282.1 281.5 278.6 274.9 273.5 272.3 269.9 267.2 265.3 264.7 264.8 264.1 264.1 264.6 264.3 264.2 257.9 253.4 248.5 244.6 238.8 234 228.8 224.9 221.9 221.1 219.9 217.5 215.3 214.6 213.4 212.9 212.6 213 212.7 211.4 210.3 209.6 208.7 207.3 205.8 204.2 202.7 201.3 199.1
260 262.8 267.3 273.1 276.4 280.2 283.9 287.7 289.7 291.6 293.8 296.6 299 301.4 302 302 302.1 302.5 304.2 305.2 305.1 303.6 300.9 299.1 297.2 296 294.3 292.4 292.1 291.2 290.4 287.8 285.5 284.9 282.5 279.3 278.4 277 274.8 271.8 268.9 268.2 266.6 265.6 263.5 261.3 260.4 260.2 253.3 248 244.9 243.4 240.5 236.9 232.2 228 225.8 224.1 222.8 219.8 218.4 217.8 215.9 215.9 214.9 215.2 215.4 214.1 212.9 212 211.2 210 208.5 207.1 205.2 203.4 201.8 198.9
263.3 267.7 274.5 279.2 283.1 286.3 290.7 292.7 294.6 296.7 299.1 302 303.9 304.5 304.3 303.8 303.4 303.9 305.3 304.9 302.8 300.8 299 297.9 296.4 295.3 293.9 292.3 292.6 292.3 291.5 288.2 287.2 286.2 282.3 282.3 280.8 278.7 275.7 272 271 268.8 267 265 259.6 255.7 253.6 248.6 241.9 240.9 240.3 239.5 237.1 234.2 231.1 228.4 226.6 224.8 222.5 221 220.8 219.9 218.9 217.7 217.4 217.8 217.1 215.6 214.4 213.8 212.8 211.4 210.2 207.9 206.4 204.6 201.6 198.6
268.1 274.8 281 285.7 289.5 293.6 296.3 297.5 299.4 302 304.8 307.2 307.6 306.4 305.5 304.8 305 304.7 304.3 303.2 301.1 299.5 298.3 297.1 296.8 295.6 293.7 292.7 294.9 295 292.4 289.2 288 285.8 285.4 283.6 281.8 279.8 274.5 272 269.9 267 264.9 258.4 253.5 248.9 244.7 238.8 235.6 235.2 235.3 235.1 233.9 232.9 230.6 228.8 228.1 227 225 223.6 223.5 222.3 221.4 220.1 220.6 220.2 218.7 217.3 216.4 215.8 214.5 213.3 211 209 207.1 203.8 200.5 197.4
275.3 282.7 288.4 292.9 297 299.9 301.2 302.4 304.5 307.8 309.7 309.8 308.9 306.7 305.2 305.3 305.6 304.7 303.4 301 300.3 298.6 297.6 296.7 296.2 294.5 293.6 294.6 295.1 294.4 292.1 289 287.9 287.3 285.7 284.1 282.7 277.4 272.6 268.1 266.7 261.3 255.8 250 245.4 241.2 236.5 232 228.9 228.9 229.8 230.6 231.6 231.6 230.7 230.7 229.7 227.6 225.5 226.2 225.6 224.5 222.6 223.4 223.9 222.7 220.9 219.4 218.7 217.7 216 213.7 211.4 209.2 206.3 203 199.4 195
284.3 291.1 295.9 300.4 304.1 305 305.5 306.7 310.4 312.7 313 311.1 308.5 306.3 305.6 305.2 303.5 302.3 301.2 300.1 299.3 298.1 297 295.7 294.6 293.2 292.6 293.3 293.6 293 289.9 288.6 288.2 286.9 284.8 284.8 279.6 275.3 265.6 266.1 258.9 252.2 247.7 242.5 238.3 235.1 231.4 227.4 224.7 224.4 225.6 228.2 230.8 232 231.8 231.8 230.1 228.2 228.1 228 227.2 226.3 225.7 227.4 226.2 224.5 222.7 221.1 220.2 218.7 216.5 213.7 211.5 208.7 205.1 200.9 196.7 192
293.9 298.6 304 308 309.1 309 309 312.5 316 316.3 314.4 310.9 308.2 306.3 305.5 304.1 302.2 301.5 301.1 300.6 298.9 296.5 295.4 294.5 292.5 290.5 289.4 290.5 291.5 289.6 286.8 287.2 285.2 284.4 282.4 281.7 275.6 270.5 258.3 254.9 247.8 243.4 239.7 234.8 232.4 231.2 227.7 224 221.7 221.2 224.5 227.9 230.2 231.9 232.6 231.6 229.9 229.3 229.2 229.1 228.6 227 229.8 229.3 228.1 226.4 224.4 223 221.4 218.8 216.3 213.8 210.9 207.6 203.6 198.6 193.4 188.5
301.1 306.6 311.9 313.5 313.7 312.3 313.2 317.8 319.6 317.5 313.8 309.2 307 306.5 305.3 302 301.6 301.3 301.4 299.4 296.8 294.8 293.7 291.6 289.7 287.7 286.2 287.4 288.3 284.6 284.1 281.2 275.5 275.8 281.1 273.4 269.3 260.4 252.4 243.6 239.6 235.3 231.7 228.9 227.2 224.9 222 220 218.7 220.6 224.5 226.9 229.3 230.3 230.3 229.6 229 229.1 229.6 229.7 229.4 230.8 232.2 231 229.2 227.3 225.3 223.5 221 218.2 215.7 212.5 209.4 205.5 200.5 195.6 189.7 184.1
304.6 311.2 316.3 318.1 317.7 315.9 317.8 320.6 319.2 315.1 311 308.6 306.4 303.9 301.7 301.2 301.4 301.1 299.1 297.1 295.6 293.6 291.9 288.7 287.3 285.6 283.9 282.3 280.8 279.1 275.8 271.5 271.1 266.9 262.8 263.9 260.5 253.8 243.8 236 231.6 229.7 228.2 224.3 222.4 220 220 217.4 216.8 220.2 223.6 225.3 226.9 226.9 226.7 226.6 226.8 227.7 228.5 228.9 229.7 232 232.5 231.4 229.5 227.3 225 222.6 219.9 217 214 210.8 206.7 201.6 196.9 192 185.9 176.8
310.6 319.4 322.4 322.7 320.9 319.4 319 318.6 316.2 312.1 310.4 307.6 305.3 301.6 301 300.9 301 298.7 297 295.4 293.9 290.4 289.2 287.6 285.1 280.1 276.1 271.5 277.3 273.9 269.1 262.6 262.3 258 255.6 254.4 251.7 245.7 236 231.2 228.4 225.8 224.5 221 219.6 218.6 216.4 213.5 215.7 218.7 220.9 221.7 221.9 222 223.1 223.1 224.6 226.6 227.4 228.3 230.3 231.8 231.7 230.5 228.3 225.9 223.3 220.4 217.6 215.2 212.3 208.2 203.8 198.1 193.8 187.3 181.4 174.1
321.7 327 327.9 325.9 323.5 320.8 318.4 315.9 313.6 311 308.4 305.8 302.3 300.7 300.4 300.1 299.1 296.2 295.8 294.1 292.3 289.4 287.4 284.9 280.1 282 282.2 278 268.2 266.7 267.1 266.1 248.3 251.2 250.5 243.6 245 234.8 232 229.1 226.5 223.1 220.4 218.4 215.7 214 211.9 211.1 213.1 214.5 216.2 216.6 216.4 216.3 217.9 221.3 223.9 225.3 224.7 226.9 228 229 228.4 226.1 223.9 221.3 219.3 217.1 214.6 212.2 208.9 205 200.2 195.1 189.1 181.8 171.2 161.9
331.5 332.7 331.1 329.2 324.8 320.8 316.6 314.3 312.5 310.3 307.4 304 302.1 300.1 300.3 296.2 296.2 293.8 295.3 290.9 287.9 286.7 285.8 282.4 284.1 282.8 280.9 281 278.6 277.2 273.7 268.3 262 254.2 248.2 241.2 233.8 232.7 225.4 223.6 222.7 220.3 217.8 215.5 213.4 211.1 209.5 209.4 208.9 208.5 210.4 211.4 211 211.1 215.2 219.7 222.5 223.1 223 222.8 223 223.7 222 219.5 217.4 215 213.8 212.4 210.8 208.9 205.4 200.8 196.6 192 185.2 177.4 163 160.8
337.8 336.5 334.5 330 325 318.7 314.8 315.7 313.7 310.1 305.3 302.1 301.2 302.1 300.8 299.5 298.1 299.2 297.7 294.2 290.1 286.7 284.6 285.9 285.7 284.3 283.5 282.8 281.2 276.9 272 267.7 262.5 257 250.9 247.1 241.8 237.3 234.3 230.4 225.4 220 216.2 214.1 211.9 209.6 207.6 206.3 204.8 203.5 204 205.2 206.5 208.8 214.1 218 220.7 220.1 218.5 217.1 218.3 217.6 215.5 213 210.5 208.3 207.2 205.9 205.2 204.2 201.6 197.2 191.9 185.6 179.1 163.4 161.7 161.3
340.3 340.1 335 329.9 322.4 318.5 319.7 318.4 312.3 306.9 305.2 304.9 304.3 303.3 301.8 300.4 299.8 300.1 297.1 293.3 289.9 287.4 287.6 286.7 285.9 285.4 285.2 284.2 280.1 275.8 271 265.7 260.6 255.6 250.8 246.5 242.2 237.6 235.3 231.9 226.6 222.5 218.2 212.2 209.6 208.1 206.5 204.9 204 202.8 202.1 202.7 204.2 208.1 212.9 215.9 217.1 216.4 213.7 211.1 213.6 212.3 210.2 207.8 204 201.1 199.7 197.4 197 197 195.7 192.3 184.1 180 166.6 162.4 161.8 161.2
341.9 338.8 335 326.9 322.4 322.3 318.2 313.6 308.2 308.7 308.6 307.9 306.7 304.7 302.4 303.3 302.2 300.3 297.5 293.7 290.8 289.2 286.2 286.5 286.4 286.3 286.1 283.4 277.8 272.8 268.9 265.2 260.2 254.3 249.8 245.6 241.4 238.3 234.3 229.3 224.4 221.3 218 215.2 210 206.2 204.7 203.3 202.8 202.2 201.5 202.1 204.5 208.9 212.3 213.3 212.7 211.7 209.3 206.3 208.9 207.1 205.6 202.4 198.6 195.5 193.1 190.9 187.6 187.5 188.2 185.1 179 165.7 163 161.2 162.2 164.2
338.2 336.4 330.3 322.7 321.6 318.2 314.7 313.1 313 312.2 311.1 310 307.9 305.5 305.8 305.7 304.8 302.4 298.5 294.9 292.8 290.6 288.2 287.8 287.2 287 285.6 279.3 275.1 270.7 267.8 263.3 258.5 252.6 249.5 245.1 242.7 237.1 232.8 228.4 224.5 220.9 216.6 214.8 210.5 205 203 202.2 201.6 201 201.1 202.5 206.3 209.9 211 210.2 209.6 208.7 204.5 201.3 204.3 202.9 199.5 196.8 193.8 190.3 188.3 183.6 179.4 180 177.1 168.3 164.5 163.5 162.5 165 165.8 165.9
335.1 331.4 323.3 319.8 318.7 318.4 318.4 317.5 316.4 315 314.1 311.5 308.8 308.5 309.1 309.4 307.6 303.6 299.4 295.9 293.9 291.2 289.6 288.5 287.9 286.1 282.2 277.6 273.2 268.8 265.5 261.9 257.7 252 248.5 246.1 240.7 236.7 231.5 228.1 223.6 220.2 216.2 212.8 209.5 205.7 200.5 200.5 200.1 199.9 201 205 209 210.9 209.6 211 210.7 205.4 200.5 194.8 198.6 197.8 194.4 191.2 189.2 186.3 183.4 179.1 171.5 166.8 165.3 164.5 163.7 163.4 169.1 167.5 168.1 169.3
331.8 325.7 322.2 322.6 322.8 322.7 322.2 321.9 321.8 319 316.4 312 311 312.8 313.5 312.3 309.9 305.7 301.6 298 294.7 292.4 290.5 288.6 286.7 282.8 279.2 274.8 271.4 266.9 262.6 259.2 255.8 252.1 247.9 243.4 239.3 235.1 230.7 226.8 222.9 218.8 215.5 212.7 209.3 204.4 201.4 198.7 198.3 199.8 203.8 208 210.6 211.1 211.9 212.5 209.5 204.7 200.9 197.7 187.8 192.4 189.4 186 184 181 174.4 166.7 165.9 165.1 164.3 163.6 169.3 172.5 171.4 170.4 171.6 175.3
326.1 322.8 322.9 326.4 328.4 327.9 328.1 326.9 324.4 321.3 316.9 315.2 316.7 317.5 318.3 315.7 311.8 307.6 303.6 299.9 296.1 293.7 291 287.9 283.8 280.1 277.3 272.6 268.8 265.4 260.8 258 254.5 250.4 247.5 241.6 237.6 233.9 230.2 225.6 222.1 218.3 216.3 212.5 208.6 204.6 201.4 200 195.4 202.7 206.5 210.2 211.3 211.9 211.8 209.1 205.8 201.7 197.4 193.6 191.2 181.4 185.2 183 180.4 169.1 167.1 166.3 166.9 171.8 172.6 172.8 175.5 176.7 174.5 173.8 175.5 179.3
324.8 323.8 326.8 330.8 333 333.2 332 330.8 326.7 322.8 318.4 319.8 321.4 323.1 321.1 318 314.3 309.8 305.2 301.8 298.2 294.7 290.8 287.1 281.9 277.9 275 270.9 266.2 263.4 259.5 255.2 253.4 249 244.7 239.8 236.8 233.4 229.3 225.4 222.5 219.9 215.4 211.1 207.2 203.8 200.8 196.6 196.4 204.6 208.1 210 210.5 211 208.1 205 200.8 196.3 191.8 188.3 185.9 183.2 177.4 174.7 169.4 167.4 166.9 169.3 174.5 174.7 176.1 178 180.7 180.2 176.7 176.6 181.2 181.8
324.8 325.9 332.4 333.8 335.3 337.7 336 331.9 328.4 325.5 322.2 324.7 328.2 326.8 323.8 321.2 316.3 310 306.2 303.7 299.3 295.6 291.1 287 281.1 275.6 271.9 267.6 264.5 261 256.4 252.9 249 245.5 243.3 240.1 236.1 231.3 228.3 225.7 223.5 220.4 214.5 210.4 206.9 204.3 202.2 197.3 196.9 205.4 207.6 208.5 208.9 206.3 203.2 200.3 196.2 191.1 186.5 183 179.8 177 173.2 168.9 166.9 172.2 175.6 177.1 176.9 179.7 180.5 182.3 182.9 181.5 179.8 184 184.5 182.9
325.6 331.2 335.3 337.8 338.1 339.1 336.6 334.3 331.4 327.6 327.1 331.2 332.8 330.3 327.3 323.7 317 311.2 308.4 304.6 300.3 296.3 290.6 286.1 280.5 274.2 269.2 265.2 262.3 258 254.2 250.8 247.3 243.2 240.5 238 234.5 231.7 228 226 224.2 220.6 215.3 210.7 207 205 203.7 201.6 190.7 203.4 204.4 206.6 204.9 201.4 198.3 195.4 191.3 187.8 184.1 180.5 178.2 175.7 169.4 168.4 169.4 179 179.8 178.8 181.3 184.5 184.3 184.6 185.1 180.9 184.8 186.4 185.9 183
329.4 333.2 338.6 340.9 341.9 342.2 340.8 338.6 334.2 330 334.4 337.1 337.3 334.3 330.4 323 317.4 314.7 309.8 305.1 300.9 296.4 291 285.6 279 273 267.7 263.2 258.9 255 252.2 248.7 245.2 241.4 238.8 236.5 233.4 230.6 229.3 225.8 222.9 218.5 213 209 206.9 205.4 204 201.1 190.3 199.1 201.3 203.1 200.1 196.8 193.6 190.2 187.3 183.4 181.1 179.6 176.8 170.4 169.8 169 177.4 181.8 180.9 183.3 186.4 186.3 186.6 187.1 184.9 182.5 188.3 189 186.7 184
329.5 332.2 340.5 345.1 346.3 345.4 345.7 344.1 341.8 338 341 342.4 341 337.4 329.5 322.5 319.3 314.5 309.9 305.1 299.9 294.8 289.1 283 275.8 270.7 264.5 261.2 256.6 252.6 249.3 246.4 243.1 241 237.9 234.9 233.2 230.2 226.7 224.3 220.2 216.3 211.5 207.5 206.4 205.5 203.4 198.8 192 192.2 201.2 198.9 195.2 192.1 189 186.5 183.9 180.3 178.2 176.4 171.4 170 169.1 176.5 181.6 181.6 183.5 187.5 188.6 188.6 188.5 186.6 185.2 190 191.2 190.7 189.3 186
329.8 336.5 343.2 348.7 347.9 347.9 348.2 346.8 345.1 346.4 348.9 348.6 343.5 335.9 328.5 323.5 318.3 314.4 310.4 304 297.7 291 281.4 276 273.1 268.5 263 258.5 254 248.5 245.7 243.9 241.4 238.9 236.7 234.1 232.5 230.2 225.5 223.5 218.7 215.4 210.6 207.2 206.7 204.8 200.8 194.2 189 192.3 198.6 194.9 190.8 187.7 184.9 182.5 180.3 178.8 178 173.2 171.5 170.9 175 179.8 181.9 183.1 187.7 190.4 190.5 190.6 189.4 186.8 190.7 192.7 194.1 193.1 191.6 188.4
332.6 340.1 346.9 350.3 352.4 351.1 349.9 348.7 349.5 351.5 353.2 350.3 342.6 333.1 327.1 322.2 319.3 316 310.1 303.2 296.5 288.5 281.5 272.1 269.7 265.4 260.3 256.5 252.2 247 242.6 242.3 240.3 238.6 235.7 233.7 231.3 227.5 224.6 220.6 216.5 214.4 211.4 207.8 205.8 203 197.9 191.9 191.6 191 194.6 190.4 186.3 183.6 181 178.8 176.5 175.1 173.6 172.6 171.3 172.9 177.9 181.1 183 185.9 190.5 192.1 193 191.6 188.8 190.8 193.9 196.3 196.6 195.6 193.6 187.3
337.2 346 351.2 352.8 353.5 352.7 350.4 351.2 353.5 354.9 352.2 347.7 339.2 330.2 324.9 323.8 321 315.4 308.9 300.2 292.8 284.6 278.6 271.8 267 262.5 257.3 253.9 249.9 245.5 241.8 238.5 238.4 237.3 233.8 232.9 229.6 226.3 222.3 218.4 215.3 213.3 210.2 207.5 204.4 200.8 198.8 197.7 190.1 190.3 188.8 181 180 179.5 179.3 176.2 174.4 173.8 173.4 172.7 172.1 176.8 178.8 181.7 184.4 188.6 192.1 193.7 193.6 191.6 188.7 193.8 197.6 199.7 199.5 197.5 192.1 185.2
342.8 350.2 353.6 355.6 355.7 355.9 355.6 356.1 356.8 354.5 351 344.7 336.6 328.8 328.5 326.6 321 313.1 303.4 295 288 280.3 273.6 268.2 263.7 259.2 255.1 252 246.9 240.2 238.5 237.3 235.8 233.4 232.8 232 227.1 222.7 219.7 217.4 214.6 212.7 208.7 205.8 202 198.1 198.2 197 192.7 191.7 187.7 183.4 179.7 177.2 176.5 175.2 173.6 173.5 172.6 174.1 176.5 178.9 180.8 182.8 186.6 191.3 194.4 194.6 192.3 190.4 191.7 197 200.7 202.5 200.9 196.8 189.3 185.2
348.4 355.2 356.8 358.6 358.9 359.9 360.5 360.3 359.2 355.1 349.3 343.1 336.4 330.9 329.6 324.8 318.5 308.5 299 290.7 282.9 276.1 270.3 264.2 260.8 255.6 252.5 248.3 241.9 241.4 238.4 235.9 233.7 231.7 231.1 228.2 224.8 220.7 217.4 214.6 212.6 210.3 206.6 203.1 202.2 201 198.9 196.2 193.7 190.8 185.6 177.1 177 176.3 175.6 174 174.1 175 176 176.8 179.4 181.1 182.4 184.5 189.3 193.8 195.9 193.5 190.9 189.2 193.9 200.5 203.5 203.4 200.2 192.9 187.4 185.7
