UK/data/nh/nh36_OST50GRID_20230518/NH36.asc
ncols 200
nrows 200
xllcorner 230000
yllcorner 860000
cellsize 50
[rows 105 to 139 of 200, columns 78 to 155 of 200]
288.3 293.9 296.6 303 307.6 313.7 321.7 327.8 331.5 332.1 332 328.3 320.9 307.3 298.1 286.1 272 260.7 259.2 251.8 248.2 242.9 235.1 230.2 226 225.6 225.7 223.8 206.4 220.6 225.1 231.4 234.6 241.8 244 251 254.5 255.4 263.7 259.9 264.8 273.7 276.6 274.2 272.2 272.5 278.4 284.2 278.7 277.6 278 279.6 278.8 277.3 274.4 274.5 273 272.6 271.3 268.1 266.9 262.8 254.1 248.8 250.2 247.7 246.9 246.3 244.5 247.4 251.5 254.4 259.6 263.7 270.3 278.1 284.9 291.2
278.8 283.8 285.1 288.5 294.1 299.2 303 308.8 310.2 310.1 309.4 305.4 300.5 297.1 289.3 278.2 269.7 260.1 250.2 248.1 244.6 235.8 229.4 226.1 222.2 218.8 220.2 217.5 201.1 212.7 217.6 221.9 229.5 235.8 240.6 244.6 246.7 248.7 252.3 255.4 256.9 269.1 271.5 267.2 270.2 277.2 280 280.1 277.9 277 276.8 277.4 277 275.6 271.9 270.9 271.2 272.6 272.4 270.4 266 261.2 254 252.3 252.1 249.6 248.6 247.5 244.3 247.2 249 251.9 256.1 261.9 269 276.8 282.4 290.2
266.2 273.4 274.7 278.6 283.1 286.2 289.5 289.5 291.2 292.8 291.1 286.5 282.8 279.3 274.2 267.8 260.7 254 245 239.3 234 230 226 218.6 214.1 212.7 210 211.7 204.4 205.9 210.9 213 218.7 226 229.1 235.7 239.9 242.1 246.4 249.4 251.5 259.5 262.6 266.1 270.3 273.6 278.5 278.5 278.6 280.5 284.7 280.9 280.2 278.1 272.5 270.9 269.6 271.7 268.2 266.8 261 256.1 254 256.1 255.4 254.7 254.8 251.8 246.8 246.8 247.5 250.9 255.7 261.8 267.8 273.9 278.3 286.1
260.3 260.1 264.3 267.3 273.9 275.5 279.3 280.9 280.3 278.5 279.4 273.7 268.7 266.9 258.4 252.4 246.9 243.1 238.7 233.7 227.7 224.7 219.5 217.6 208.2 204.4 203.6 202.8 202 198.4 201.4 206.1 211 218.2 221 227.1 234.2 232.8 236.7 238.9 245.9 248.4 254.5 258.4 263 268.7 270.1 274.2 279.3 279.4 280 280.1 280.8 276.7 274.3 276 273.5 269.9 267.2 266 264.5 261.6 262.4 258.2 258.1 258.3 253.7 251.6 247.1 244.2 246.5 250.9 255.5 258 265.2 269.4 274.6 280.7
266.1 259.3 256.1 257.5 262.5 267.5 268.5 277.8 274.1 269.8 264.1 260 254.2 254.6 249.4 242 236.3 231.8 227.3 226.1 222 221.8 216.5 211.8 205 200.8 196.3 194.5 192.9 190.6 192.9 198 200.3 204.2 210.3 213 221.9 223.7 230.4 230.7 236.6 242 248.4 251.6 254.7 257.5 260.7 271.2 276.7 278.9 281.5 278.6 278.1 279.2 277.4 276.3 275 272.9 270.7 268 266.6 264.9 266 261.2 259.6 259.1 255 250.1 246 241.5 250.9 252.7 253.8 256.3 263.5 269.8 272.1 275.1
269.4 264.1 257 249.3 252.6 254.3 253.6 252.3 253.1 253.1 250.9 248.3 243.9 243.5 237.8 232.1 226.6 222 216.5 214.4 212.4 210.8 208.4 206.4 203.7 196.4 192.7 188.8 186.5 183 185.4 189.4 190.9 196 197.6 205.1 212.1 219.7 223.1 223.2 231.9 235.7 239.4 243.8 249.8 252 254.6 264.7 271.8 274.6 277.6 277.6 282.6 283.1 281.5 280.1 278.8 278.4 277.1 271.4 269.1 265.8 263.5 260.9 255.9 255.9 253.6 250.5 243.3 238.3 248.8 251.4 253.8 255.4 261.6 264.6 267.7 270.7
266.3 260 256.2 249.5 245 240.4 238 237.4 234.8 236.4 237.2 233.9 230.9 230 224.4 221.4 216.7 211.7 207.1 205.3 207.4 201.3 201.5 199.6 196.7 194.4 189.4 184.5 184.3 175 179.9 180.7 184.5 188.2 190.3 196.6 200.1 205.9 213.2 216.9 223.8 227.6 234.9 233.9 240 245 245.9 254.5 262.9 269.5 272.1 271.8 279.5 284 283.5 284 283.7 281.9 279.8 278.7 272.9 267.1 263.1 259 252.4 251.5 250.4 245.7 237.5 240.7 245.3 246.4 251.6 255.2 258.8 261.5 263.2 265.4
256.2 253 248.9 242.1 239.7 228.2 227.6 220.6 221.6 225 227.5 223.1 217.2 214.2 211.9 206.8 203.5 200.3 199.6 195.4 198.3 194.3 190.8 190.5 188.2 185.7 182.8 181.6 176.8 176 175.7 175.6 179 181.9 185.6 190.4 195.7 201.2 207.5 211.4 216.2 224.3 228.3 229.5 231.1 235.2 238 244.7 254.1 259.9 266.2 269.7 276.5 281 278.9 283.6 284.9 284.2 284 285.2 280.2 274.3 266.5 258.6 250.4 248.4 242.9 240.5 239.2 242.7 242 243.6 247.6 253.2 257.4 258.7 258.8 259.9
243.9 240.2 237.8 234 232.6 226.7 225.1 219.6 207.2 212.4 215.3 210.8 206.5 203.3 198.3 198.4 191.7 188.3 186.1 187.5 184.2 183.3 182.7 182 181.2 178.5 179.2 175.3 172.6 172.8 171.9 171.7 170.6 180 182.5 187.6 193.5 199.4 204.1 205.3 209.5 215.6 220.1 222.5 221.7 223.8 230.2 239.6 247.4 257 259.2 265.2 273.8 274.7 274.5 280.4 284.8 283.7 283.9 284 282.1 281.3 276.1 260.9 249.7 244.2 236.9 230.8 239.9 236.3 234.6 240 245 248.4 251.6 254.1 255.7 255.3
236.4 236 233.9 230.3 227.9 228 222.2 219.3 210.3 202.7 203.9 200 194.1 191.1 190.2 185.8 187.3 178.7 177.1 177.3 174.5 174 174.2 173 172.4 171.8 170.2 166.9 164.6 155 170.8 170.3 172.7 172.3 177.7 181.7 187.7 192.9 199.2 202.6 203.9 207.2 212.9 213.6 214.9 218.2 225.8 231.9 240.5 247.7 248 254.7 262 268.7 269.2 276.7 276.7 279 281.3 281.8 282.3 283.8 274.6 263.2 249.4 241.2 233.4 233.1 235.8 231.8 232.1 235.5 240 243.8 244.4 244.3 250.1 249.4
235.9 235.3 230.6 223.5 220.8 219.8 220.1 222.8 216.6 206.6 201.7 194.5 190.1 184.8 181.7 176.9 176.4 171.1 168.2 167.2 166.4 164.7 165.5 165.9 165.7 161.7 161 161.2 154.8 160.3 164.4 167.9 170.6 165.2 170.6 175.8 180.2 187.7 192.8 197.8 201.9 204 203.9 208.4 210.6 214.9 219 224.7 230.9 234.4 239.3 245.8 252.3 258.7 262 269.8 271.9 276.4 280.4 280.4 275.9 273.8 268.9 253 245.6 238.2 228.2 227.6 228.5 227.7 227.9 230.8 233.8 237.2 239 237.7 242.9 242.1
231.2 228.3 224.7 220.3 215.3 216.4 217.3 222 215.6 211.7 207.2 200.3 191.8 184.4 176.8 171.1 169 163.8 164 160 159.8 157.6 156.2 156.5 155.3 155.3 156.4 154.8 148 155.8 158.1 161.8 168.7 161 167 170.5 174.9 179.7 185.7 190.2 197.8 197.9 199.4 202.6 205.6 207.3 210.1 216.7 222.6 226.1 230.6 238 241.4 247.6 252.8 256.6 264.5 271.3 278.1 275.7 268.6 263.8 256.8 243.4 237.1 232.3 220.3 222.1 223.6 219.8 221.8 224.4 228.8 231.5 229.9 232.2 234 234.6
223.7 220.7 214.4 211.6 208.4 205.4 197.4 203.1 200.8 196.5 196.1 194.2 188.9 181.6 179.7 178.4 169.3 163.9 157.2 154.8 152.7 150.7 151.1 149.4 148.8 149.1 153.6 151.1 155.9 146.5 153.4 157.6 162.4 155.7 159.6 166.3 169.5 175.3 179.3 186.5 191.4 190.4 196.2 197.4 198.8 201.6 207.6 214.2 219.3 218.4 224.5 232.3 237.5 237 241 243.1 251 257.5 270.7 268 262 255.6 243 239.2 229.8 223.1 213 213.3 211.8 212.5 216.2 219.4 223.6 225.8 224.6 225.9 230.5 228.5
213.2 207 199 200.2 198.3 198.7 189.1 187.9 191.1 188.2 182.8 182.7 177.8 172.3 171.2 172.4 172.5 166.9 159.1 151.6 146.9 144.4 143.2 141.8 144.8 141.1 150.2 145.5 149.7 142.9 147 151.5 155 154.7 154.3 161.7 164.4 169.2 174.5 181.3 182.1 184.2 190.7 192.5 194.3 198.1 202.9 208 213.4 217.4 220.2 224.2 230.2 232.3 233.4 234.5 237.9 244.9 249.1 248.7 250.1 245.5 233.3 227.3 220.3 214.2 206.3 202.6 202.6 201.8 205.8 213.8 217.4 217.8 221 220.4 221.3 222.4
190.1 187.3 187.9 189.4 189 186.1 181.8 176.6 180.9 176.8 173.9 173.1 168.5 165 163.6 160 157.8 157.7 152.2 151.5 147.7 141.7 140.2 136 136.5 136.5 136.2 138.6 141.2 137.4 143.6 146.3 148.4 152 152.3 155.3 160.4 166.7 169.3 173.7 177.7 182.6 185.2 185.8 191.1 194.5 198.6 206.5 212.3 216.1 217.3 218.6 222.9 226.3 227 226.5 228.4 233.1 235.2 235.6 234.5 229.3 227.6 215.4 208.6 205.6 195.9 192.4 192.6 186.3 191.7 199.9 207.6 209.6 214.5 214.5 215.4 216.5
177.9 180.2 179.6 182.9 179.4 176.9 175.8 172 177 178.8 168.9 165.5 160.5 158.7 158.7 155.3 151.7 148.9 147.4 146.4 142.8 136.1 136.2 137.4 135.1 134.5 134 135.1 136.1 130.6 139.8 142.7 143.5 144.9 146.8 150.4 155.8 162.3 162.9 167 174.1 177 181.4 185.1 186 189.6 195.7 203.7 210.3 212.8 214.6 217.3 219.1 221.8 222.5 222.3 222.1 224.9 227.8 229.3 224.3 218.2 210.5 207.9 203.8 193.7 186.2 181.6 178.8 175.3 182.7 186.9 195.4 200.2 204.6 205.8 207.8 213.5
171 173.4 174.8 174.7 173.7 173.4 168 167.4 170.4 170.9 165.8 163.9 160.9 154.9 153 151 146.2 142.1 142.2 141.9 139.7 134.6 131.4 133.7 130.6 132.6 130.2 133.2 133.1 126.4 132.9 134.4 138.2 140.5 143.8 145 148.2 153.4 157.6 168.8 172.2 169.3 172.5 176.8 180.4 186 194.6 199.1 205.9 206.9 214.4 219.1 215.2 214.8 217.7 217.9 218.3 218.5 222.2 220.9 211 205.7 199.6 197.9 191.8 180.7 174.6 173.2 168.8 165.4 171.1 175.7 180.2 187.1 191.8 196.8 200.4 202.7
167.2 171.1 172.4 171 169.3 169 167 166 168.1 167.6 167.2 164.4 159.5 156.3 153 150.7 142.1 142.4 142.4 144.7 137.6 130.5 128.3 125.5 124.5 126.9 124.2 124.8 126.6 127.2 127.6 131.7 131.2 134.4 136.4 139.2 143.4 145.4 154.7 163.6 162.3 159.9 165.3 169.1 173.1 181.2 188 194.2 202.4 201.6 208.6 215.8 211.4 210.6 213 214.4 218 219 214.2 208.2 198.3 191.1 192.4 187.5 178.9 166.9 162.3 162.4 158.5 156.2 157.8 162.5 166.9 175.3 182.2 188.5 193.9 194.8
164.9 167.1 168 168.7 167.5 167.3 164.6 165.2 166 167.2 168.4 167.9 160.8 161.2 155.3 153.7 141.9 142.3 142.3 145.9 133.8 128.9 126.2 125.3 122.6 122.3 123.7 124.4 125.3 125.5 125.5 129.9 130.3 129 131.4 134.7 137.1 141.3 146.1 154.2 150.6 153 158 161 169.3 175.8 182 185.1 191.3 194.4 197.6 198.7 200.4 204.5 210.2 211.6 216.8 210.6 201.4 196.1 185.1 184 180.9 175.1 169.6 161.3 151.9 154.5 147.8 146.7 151 152.1 158.2 163 169.5 176.8 182.7 186.5
159.6 163.2 161.9 164.1 166.8 163.5 159.1 158.1 159.8 161.9 164.3 162.6 164.5 166.1 158.6 154.2 154 152.4 143.9 143.5 132.6 132.1 127.6 127.5 125.5 121.9 122.5 123.1 123.8 124.2 124 124.4 126 126.4 130 131.1 133.1 135.6 138.7 141.2 143.6 145.5 149.9 156.4 160.5 167.3 174.9 177.7 181.2 184 189.2 192.4 194.5 197 200 203.8 203.9 196.8 186.7 187.4 181.2 174.9 170.4 162.6 151.1 149 143.8 144 139.1 141.4 142.5 144.3 149.5 151.6 158.7 163.6 171.2 175.6
156.8 160.6 160 159.3 161.2 160.5 158.6 154 155.1 151.4 155.4 155.4 156.4 156.9 153.4 147.7 148.9 150 141.3 139.2 132.8 130 126.9 124.7 122.2 121 121.7 122 122.2 122.7 122.3 123.9 123.2 125.2 129.4 133.7 134.1 131.7 134.2 138.2 139.6 141.6 144.4 147 153.9 159.3 164.6 169.6 173.8 175.3 177.6 184.2 188.5 190 192.5 195.2 191.2 183.5 175.9 175.3 169.2 162.6 156.3 149.8 138.1 137.4 130.6 129.8 126.7 126.7 133.9 135.4 138.2 150.1 151.4 156.1 159.1 165.9
155.3 158.2 157.2 156.7 157.2 155.1 153.1 150.7 148 145.7 146.1 146.6 149.8 149.8 145.4 142.2 140.5 141.3 138.5 134.5 132.3 130.7 126.7 126.2 128.6 121.3 120 120.6 121.2 121.2 121.3 123.7 122.4 120.3 125.4 130.9 135.2 129.9 131.3 131.8 135.5 137.7 139.1 142 148.9 152.5 156.7 159.2 162.3 168.3 171.7 172.2 178 183.6 185.4 185.7 179.4 171.8 169.3 164.9 157.5 151.7 144 136.9 130.5 126.6 122.3 118.3 116.3 117.3 123 127.4 132.1 136.5 142.2 147 152.4 153.6
151.3 153.1 152.6 153.4 152.7 152.4 150.7 147.2 143.3 142.2 140.5 142.5 141.6 142.5 138.2 133.7 132.6 131.2 132.7 134.8 129.3 127.9 126.1 125.1 125.4 122.7 119.8 119.4 119.9 119.3 119.2 119.8 120 119.6 120.5 126.3 126.5 126.8 128 126.6 128.8 133.2 134.4 137.6 141.4 144.4 149.3 151.6 152.3 156.1 160.5 165.5 170.6 174.1 174.8 173.1 169.7 164.4 156.8 152.7 148.1 142.3 135.9 128.5 125.1 119.7 117.8 114.9 114.7 114.4 115.6 120.5 125.1 131.1 136.4 138.7 142.6 144.8
145.9 147 148.3 150.5 150.5 148.8 146.1 143.3 140.1 138.7 137.3 135.9 134.1 132.4 129.1 128.3 127.2 128.3 127.1 127 125.2 124.6 123.2 122 120.5 119.1 119.2 119 118.3 118 118 118 117.2 117.6 117.2 117.2 120.3 119.7 121.9 124.5 126.3 128.1 130.6 133.4 136 138.9 140.4 142.9 144 146.1 149.5 155.4 162.9 164.8 166.9 164.8 162.4 154.9 150.7 146.3 139.7 132.1 130 125.6 120.3 116.8 115.8 114.1 113.8 113.2 112.6 113.1 119.3 126.2 127.8 129.2 131.3 134.9
139.5 140.6 142.2 145.8 144.6 141.2 139 135.7 135.5 136.6 135.3 132.1 129.7 128.4 125.2 125.3 124.4 124.1 123.6 124.7 122.9 123.9 120.6 119 119.1 119 118 118.4 117.9 117.3 117.8 117.3 115.8 116.5 116.3 116.6 117.2 117.8 118.5 122.9 121.2 123.9 126.5 129.6 131.5 133.8 135.2 136.3 138.6 139.6 141.3 145.8 151.3 152.4 158 159.1 158.1 151.3 144 137.7 132.1 127.9 125.4 121.6 117.1 115.2 113.9 112.7 112.6 112.2 110.6 110.1 112.4 121.5 121.2 123.1 122.2 126.4
131.8 136.8 138.9 138 138.2 136.4 135 132.8 133.3 131.5 129.5 130.1 127.8 127.2 129.7 133.3 133.4 126.8 126.9 122.7 121.6 119.7 119.8 119.5 119.8 121.5 121.9 117.8 117.4 117.1 117.2 115.5 116 114.9 116.4 116.4 118.4 117.8 117.8 120.2 118.5 120.6 122 124.2 124.8 126.9 127.5 127.1 129.8 132.4 136.1 138.2 145.1 145.6 149.4 149.7 144.5 141.3 137.2 131.3 126.6 122.5 120.6 117.2 114.7 113.3 111.8 111.6 110.3 110.2 109.3 110 108.5 109.5 111.6 115.8 118.2 117
130.4 132.6 134.8 134.8 134.8 133.7 131.6 129.8 129.2 130.4 129.5 130.4 128.6 128.9 135.3 137.4 131.8 127 125.8 124.9 121.5 123.2 119.4 120 120.5 122.5 123.4 118.4 117.5 117 116.3 117.8 118.2 117.2 117.8 116.5 117.8 116.9 117.5 117 118.5 118.6 119.2 120.3 121 123.3 124.2 125.7 126.1 129.4 132.4 131.9 137.6 138.8 140 139.7 137.1 134.3 133.8 127.1 123.7 120.5 117.5 115.5 114.1 113.4 113.3 111.7 111.3 109.6 109.1 110.7 115.6 109.4 107 104.4 106.3 108.8
122.9 126.9 127.8 130.2 130.5 129.7 126.7 125.3 128.7 134.8 130.8 129.5 129.3 132.9 137.9 137.3 130.1 127.1 126.2 124.7 122.9 122.7 121.3 121 121.1 121.2 119.3 118.9 117.1 116.9 122.8 120.2 124.6 124.4 121.4 118.1 118.2 117.7 118.1 119.1 119.6 119.7 120.3 119.9 120.7 121 121.8 124.6 125.1 127.7 129.5 131.6 131.4 132.1 132.5 132.2 130.9 128.9 128.8 125.6 121.9 119.4 118.6 116.7 116.3 115.3 118 115.5 113.2 110.9 111.3 111.7 110.5 110.9 109.3 105.9 105.1 100.5
117.4 126.2 128.9 128.9 128.9 127.6 124.4 122.1 127.7 131.3 130.6 129.7 133.8 137.5 138.6 139.2 133.2 129.4 127.9 126.6 126.5 127 123.4 122.3 121.5 119.5 118.4 118.3 116.6 114.2 124.3 124.6 128.5 126.2 118.4 118.3 118.1 118.7 120.3 121.8 122.1 128.2 128.3 125.3 123.3 123.3 126.2 126.5 125.4 125.7 128.1 128.9 131.3 131.5 131.3 130.9 130.9 128.9 125 123.8 124.4 120.9 119.8 123.6 118.4 117.1 116.5 115.6 113.7 111.4 111.8 110.5 109.6 108.5 111.1 109 106 103.9
116.3 121.8 125.4 128.5 129.9 128.8 125.1 122.5 123.8 130.7 131.5 134.5 139.2 142.2 143 137.7 137.4 133.9 133.3 130.7 127.9 129.4 123.5 123.4 123.2 121.3 119.1 118 117.6 115 124.7 121.9 125.7 121 121.3 121.7 122.6 128.1 137.8 134.2 134.2 133.7 133.7 127.5 128.7 129.9 129.8 129.2 127.4 128.6 129.5 130.8 131.3 131 131.8 130.8 128.3 127.8 127.8 129.4 126.8 124.5 126.4 121.5 118.8 117 116.6 117.5 114.2 114.3 112.8 111.1 108.6 107.2 107.1 105.8 103.2 101.1
113.3 118.4 121.3 127.7 129.5 127.6 121.7 118.6 118.9 127 131.2 135.6 142.3 143.3 139.6 138.2 139 135.7 137.3 132.3 128.9 125.8 124.6 123.4 122.8 120.7 119.6 119.7 116.2 116.4 118.4 121.7 124.2 128.4 134.2 130.6 131.6 138.8 140 138.4 139.5 139 136.6 139.1 137.2 132.3 132.4 133.6 132.4 130.3 131.1 132.1 130.5 132.2 131.5 130.5 131.1 129.5 129.3 129.9 129 128.8 126.7 124.5 121.7 118.6 118.3 116.3 115.4 114.9 112.7 110.5 110.5 106.2 104.5 102.3 102.1 98.3
111.1 112.1 113 117.4 114.4 114.8 113.4 113.9 115.9 123.2 130.7 130 133 134.4 132 131.2 130.8 130.4 128.8 129.9 127.8 126.6 124.8 124.1 123.1 121.8 120.2 118.3 116.9 114.3 119.4 123.7 130.2 135.8 135.8 134.6 136.6 143.6 142.6 141.4 142 143.5 145.3 147.1 144.5 143 143.5 144.4 142.2 141.2 141.1 137.6 131.7 133.7 133.9 132 132.8 133.5 133.4 132 130.5 132.6 131.5 129.9 128.3 128 123.8 121.4 119.9 116.8 114.7 113.4 110.9 108.2 103.7 101.1 98.1 97.3
104.1 103 103 101.3 103.7 106.7 106.3 109.5 115.7 122.6 123.5 124.1 129.2 130.1 128.1 125.4 124.8 127.8 127.8 128.1 127.9 126.8 125.3 126.4 125.5 123.7 122.6 118.7 116.7 118.2 115.2 122.2 128 133.8 134.5 137.1 142 145.2 146.6 147.3 146.1 147.4 150.6 152.8 153.8 153.7 151.2 153.1 152.7 152 152.9 146.3 143.7 145.6 139.7 138.1 138.5 139.8 141.1 137.2 139 139.3 138.8 136.7 134.6 136.9 132 128 127.4 125.3 120.5 116.1 113.2 110.8 105.5 105.2 97.8 97.1
92.3 91 92.2 97.7 97.3 101.3 107.2 110.6 110.7 115.8 116.4 118.3 119.9 121 121.5 122.7 126.3 127.2 127.6 127.6 127.8 128.4 124.6 123.9 123.8 123.2 120.5 117.4 117.4 113.3 117.9 125.6 130.4 130.7 133.5 137.4 141.4 141.8 146.9 150.4 151.4 151.9 153.6 156.8 161.9 160.8 158.4 157.8 157.9 161 165.2 157.5 154.5 152.7 150.3 148.9 148.8 146.4 147.5 146.1 146.2 145.3 143.6 142 141.1 139.7 140.9 139.5 133.9 135.7 129.9 125.4 123.4 117.8 114.7 109.5 103.9 100.7
85.5 85.5 85.5 91.4 97.5 99.5 106.8 109 105.3 109.2 112.9 115.6 117.4 119 120.5 124.2 128.1 126.7 126.9 127.6 128.1 124.4 123.2 123.9 123.3 120.9 118.1 116.3 114.9 111.5 116.8 124 130.3 127.7 130.8 135.2 140.8 142.2 148.9 152 156.2 157.9 157.5 160.2 161.7 162.4 160.9 160.7 161.2 162 162.2 161.3 159.9 158 156.7 155.2 159.1 159.2 156.6 155.9 156.3 153.9 152.2 150.3 147.4 149.5 147.7 144.1 143.6 140.7 136.8 132.1 131.9 126.5 122.9 117.7 114.6 111.4
