UK/data/sh/sh97_OST50GRID_20230518/SH97.asc
ncols 200
nrows 200
xllcorner 290000
yllcorner 370000
cellsize 50
[rows 144 to 179 of 200, columns 0 to 80 of 200]
228.7 228.6 224.8 222.4 221.7 218.9 216.7 209.1 201.4 191.9 179 166.5 150.3 158.2 167.8 179.5 190.8 194.9 201.1 208.3 217 223.1 226.8 229 234.5 237.5 238.2 242.9 244.2 241.4 240.6 238.3 239.1 238.4 232.9 228 233 230.7 223.1 227.2 223.2 224.7 218.7 218.8 219.3 220.9 228.1 225.1 224.1 225.6 224.7 218.2 214.8 211.5 207.6 202.6 198 193.7 190.9 188.3 186.4 186.6 189.5 194.3 200.3 206 210.2 215.8 221.2 225.4 227 228.7 233.3 237.9 241.6 243.8 246.4 248.6 251 252.3 252.1
232.3 229.6 225.5 224.7 224.6 223.3 220.8 215.5 209.9 198 186 174.1 159.5 157 166.2 181.2 189.8 194.4 201.2 211.2 219.4 226.5 231.3 234.4 237 238.9 243.8 252 251.2 250.2 249.7 245.8 246.4 249.7 251 238.9 238.6 235.3 232 231.6 229.7 234.8 226 222.2 224.3 224.1 229.9 229.4 225.3 228 222.9 219.8 215.1 212.7 211.2 204.5 199.2 194.7 190.5 187.8 186.3 186.3 189.1 193.8 199.4 204.6 211.3 218 222.5 226.4 232.2 234.1 235 243.2 246.4 249.6 249.3 252.2 254.7 258.8 256.7
233.4 230.2 229 228.3 229.5 228 226.1 223.1 216.3 206.1 194.3 181 163.8 160.5 173 187.8 195.5 195.6 201.9 214.3 223.5 228.1 233.4 237.9 242.2 243.6 246.9 255.3 256.7 256.8 256 253.2 253.1 258 257.9 246.8 242 239.9 239.6 241.8 237.4 243.3 234.7 227.2 226.6 226.4 231.3 229.2 227.2 227.6 225.1 221.9 219.1 214.7 213.8 205.7 200.1 194.9 192.7 188.4 187 186.9 189.7 193.5 197.1 204.8 213.2 221 226.8 232.2 234.7 235.4 237.3 243 249.2 251.8 252.8 257.7 257.9 260 262.8
234.6 234 233.4 233.2 234.5 234.1 232.6 231.8 223.1 214.7 203.1 183.7 166.3 164 175.4 185.8 196.5 200.5 204.9 216.4 226.2 231.8 235.6 239.5 244.3 246.8 251.2 255.6 257.6 259.2 259.4 255.8 257.2 261.8 260.9 251.5 248.5 244.5 241.9 243.9 245.3 242.8 236.2 231.7 228.5 229.3 235.5 232.6 228.2 225.3 223.2 222.6 219.8 217 213.5 206.1 201.6 196.9 195.3 191.8 188.5 190 192.2 194.7 197.5 202.3 209.3 216.3 224.9 233.4 240.7 238.4 238.7 245.3 253.9 256 257.2 263.4 264.4 262 262.1
237.7 236.7 237.9 240.4 241.3 239.8 235.3 233.7 229.1 221.6 205.6 182.4 167 169.1 181.2 190.4 199.3 203.1 209.3 221.6 231.5 236.5 242 250 250.2 251.6 253.2 260.1 259.1 258.9 264.6 260.2 258 261.3 261.7 252.1 248.4 248.2 242.7 245.4 245.8 247.2 237.7 237 229.7 229.8 232.1 233.9 230.7 226.4 221 220.9 220.2 218.4 212.1 207.1 202.6 199.1 194.4 192.8 189 193.2 195.7 195.7 198.9 205.1 211.7 217.4 225.1 235.2 239.6 243.8 242.8 248.8 257.4 263.3 261.8 265.2 271.1 265.5 263.5
244.5 239.5 240 242.1 242.9 242 238.2 236.3 232.6 224.3 200.7 181.1 173 180.4 185.3 195.3 206 209.4 214 226.5 237.1 242.9 248 254 259.1 258.9 257.7 265.6 264.4 259.8 265.4 261.5 261.6 264.6 266 254.5 250.7 256.3 246 244.9 245.6 246.2 240.1 248.1 232.4 231.2 230.9 231.5 233.6 227.8 220.3 217.6 218.6 218.2 211.5 206.9 201.6 198.9 195.1 194.4 190.8 192 195 197.6 202.5 209.9 215.7 223.9 232.7 238.8 244.9 249 250.5 250.4 257.6 264.2 265.7 265.7 271.8 269.8 269.1
251.3 244.1 243.7 245.4 244.5 244.1 242.1 239.5 232.4 217.4 192.8 176.8 185.7 191.4 192.4 197.9 209.5 214.9 220.4 243.4 247.7 252.5 258 261.1 260 260.7 260.8 266 262.2 262.5 267.8 266.9 268.9 269.6 271.3 259.6 256.3 270 254.5 252 246.8 247.9 241 242.7 239.2 234.3 231.9 229.3 231.4 227.3 219.5 217.5 217.5 216.2 209.8 205.9 203.4 196.8 195.6 196.5 194.9 194 194.3 197.6 203.1 209.7 216.8 224.3 232.6 241.2 250 253.3 251.4 252.8 260.5 267.6 271.6 269 276.2 272.9 270
253.7 249.6 252.2 253.3 250.5 248.4 244 240.2 229.8 205.2 196.6 192.3 196.7 202.7 203.6 208 213.9 219.2 229 242.4 249.3 256.9 263.9 262.5 262 264.8 265.3 265.9 263.4 263.1 268.6 269.3 270.8 273.7 275.8 264.7 260.4 271.9 266.7 262 257.3 254.8 241.3 242.2 237.2 238.5 232.9 228.7 230.7 226.6 220.1 217.4 218.3 212.8 209.8 206.9 200.2 195.9 193 196.4 201.3 195 196.5 198.7 203.4 209.9 218.8 226.5 232.3 242.8 252.9 256.4 253.3 256.5 262.8 268.9 275.4 270 274.1 274.2 269.3
262.6 261.1 263.5 267.1 263.6 257.5 249.4 240.2 223.9 210.9 207.7 200.1 199.2 207.9 213 220.4 223.2 225.7 232.5 243 250.4 258.6 265.9 272.2 268.2 265.9 264 267.2 268.9 266.1 269 270.8 271.8 274.4 275.1 267.6 265 275.2 274.8 265 263.8 256.2 246.1 242.6 242.5 233.9 235.8 228.9 228 222.3 219.5 217.7 220.4 213.6 208.1 205 197.4 193.3 191.6 193.4 197.8 197.4 198.9 201.7 205.8 211.8 221.5 226.6 231.9 239.3 254.3 254.7 256.6 259.6 265.6 268.6 268.8 268.9 272.1 272.4 266.8
279.9 275.4 272.2 276.6 273.1 268.6 261.4 245.3 224.3 222.6 215.5 207.3 203.6 212.1 220.5 228.6 231.5 233.5 239.7 244.9 255 261.7 269.2 275.7 277.4 276.9 267.6 271.1 276.2 271.2 277.8 275.6 276.1 274.9 273.7 267.2 263.8 274.8 278.7 278.4 266.8 254.6 244.7 246.2 242.1 231.5 230 228 225.5 217.5 215.6 216.4 216.4 213.4 206.9 199.1 192.8 192.1 192.6 191.5 195.1 196.4 202.5 205.6 213.4 217 221.4 228.4 234.8 246.4 250.9 253.9 262.2 258.7 263.1 270.3 270.9 266.3 264.6 266.7 261.2
293.9 288.2 279.4 277.6 274.6 269.2 258 240.6 233.9 234.1 229.7 220.5 215.6 225.1 239.4 246.9 246.9 243.4 250.1 254.4 259.4 271.1 281.9 284.7 283.7 278.6 273.8 277.5 284.7 279.2 275.5 278.5 282.1 280.1 273 260.8 258.1 268.5 276.5 274.1 271.6 252 240.5 238.8 234.8 228.3 232.5 223.6 218.8 212.7 211.5 213.7 213.3 208.2 205.3 198.8 190.2 186.1 187.4 189.2 192.8 196 201.5 213.9 222 226.8 226.5 233.3 237.5 241.8 247.2 252.4 255.8 257.1 257.4 265.3 265.8 262.4 263.3 265.8 256.9
304.8 294.6 286.1 279.3 274.4 266.3 254.5 242.3 241.7 241.8 237.3 229.6 224.9 232.1 252.5 259.8 261.2 257.4 264.9 263.2 265.7 275.5 287.6 291.3 290.8 283.9 283.2 284.5 286 283.6 280.7 279 277.2 277.4 275.9 257.9 254.3 261.2 270 270.1 264.5 256 244.7 231.9 227.2 221.5 223.8 221.6 214.5 208.8 207.6 210.2 209.2 204.5 199.8 194.5 184.2 180.9 182.8 185.6 189.7 194.4 200.1 211 220.4 230.3 230.9 240.7 240.2 242 244.6 247.9 248 251.5 251.5 256.5 258.5 257.5 260.2 258.5 255.2
302.4 295.5 287.2 278.3 268.6 262 252.4 243.1 244.8 244.6 239.5 234.2 234.3 240 253.7 264.1 269.3 268.5 271.8 275.5 272 277.9 288.7 292.3 289.8 286.7 287.5 292.4 286.4 282.3 278.3 277.7 273 271.1 269.8 262.6 250.2 255.6 260.6 262.6 256.1 247.1 243.8 231.7 219.7 214 215.3 216.9 214.2 210.2 204 207 204.2 199.3 194.1 187.2 178 178.1 178.9 184.4 190.7 196.4 204.2 211.5 220.7 227.8 233.5 238.7 240.9 241.3 242.2 242.7 245 245.8 245.6 252.2 250.4 252.1 251.9 251.6 253.8
299 290 281.2 269.4 263.4 258 251 247.5 252.4 252.8 247.6 242.6 241.3 246.2 256.8 268.3 274.4 276.5 277.9 287 284.8 283.5 287.3 290.3 291.3 285.8 286.1 288.6 291.1 280.9 269.6 272.4 269.3 263.4 260.1 258.1 244.9 248.2 246.9 248 251.4 241 238.2 235.3 218.6 210.5 210.4 211.1 213.2 207.4 201.5 200.5 196.8 191.4 184.5 176.4 173.3 173.9 180.3 190.9 197.2 206 210.7 215.9 225 231.9 236.5 241.2 243 242.6 243.6 243.9 243.5 241.7 242.2 246.5 247.3 244.5 243.6 243.6 242.2
297.6 288.9 284.4 279.2 270.9 260.7 252.6 253.6 254.4 253.7 250.8 248.4 245.5 250.6 261.5 270.8 276.9 281.7 282.7 289.3 292.4 294.6 286.7 286.1 291 283.1 284.7 281.4 279.2 275.1 265.6 259.4 257.7 254.4 251.2 245.2 241 241.3 239.4 242.4 242.5 236.5 227.1 226.7 212.6 208.8 205.2 206 206.8 203.4 195.8 193.7 188.6 181.6 174.9 170.9 170.7 171.7 180.5 188.5 195.5 202.9 210.2 219.3 226.7 240.9 245.1 246.1 247 247.1 248.7 248.1 246.7 243.4 244.6 245.5 240.3 241.9 241.1 242.4 241.9
301.8 299.2 294.8 286.3 274.6 260.1 255.1 261.4 260.7 259.9 259.3 255.6 253.1 252.9 261.4 274.8 280.8 283.1 287.2 290.6 295.2 297.6 291.6 285.7 279.9 274.5 273.3 272.2 267.4 264.2 253.6 247.9 246.7 245 242.8 237.7 236.5 231.9 232 235.6 235.5 231.5 223.2 217.1 210.1 205.6 201.1 199.9 198.8 196.2 189.7 187.4 184.6 178.8 175.3 170.2 168.2 170.5 177.3 187.5 193.4 203.1 211.7 220.9 233.2 239.5 243.7 244.7 244 243.9 246.3 245.7 243.2 238.3 240 239.8 235.4 236.2 237.2 237.4 236.4
311.3 307.3 300.3 286.8 277.2 262.8 259.2 264.9 271.8 273 270.7 268.4 262.8 256.7 262.2 272.7 275.9 282.4 291.4 292.2 297.4 304.9 301.2 291.7 279.1 267.2 262.7 257.5 254.7 249.3 243.8 240.5 237.2 235.8 235.7 230.8 229.2 227.2 227.2 227.5 228.5 228.5 228.9 214.3 207.1 202.8 196.3 193.5 191.1 186.7 183.5 183.6 184.8 182.6 179.6 173.9 167.8 168.7 186.6 190.2 199.1 210.5 219.5 230 235.5 236.9 239.6 241.2 241.6 241 243.9 242.6 238.5 233.6 234.6 233.6 230.3 231.2 231.6 229 230.8
315.6 307.7 296.1 285.3 273.7 264.8 262.9 272.6 274.5 276 274.6 272.3 264.6 261.2 266.7 270.9 277.7 282.1 288.8 292.8 302.3 304.6 302.5 294.6 283 274.6 260.3 249.8 244.2 239 236.1 235.1 234.2 233.5 231.1 228.5 227.1 227 223.2 223.4 224.5 223.8 223.5 211.9 204.1 200.4 193.5 188.2 184.6 180.2 179 181.9 185.2 185.5 184.8 177.9 168.4 166.5 184 188.1 204.3 212.5 219.1 226.7 233.4 233.5 235.7 237.7 237.8 237.2 236.2 237.1 236.2 231.6 228.4 225.4 224.8 224.7 225.2 222.3 226.5
320.3 311.7 303.1 292.1 282.8 271.2 265.8 272.3 275.4 278.7 278.3 275.4 274.2 272.4 273.9 275.9 279.3 283.1 290.7 296.4 296.7 298.2 294.5 287.5 277.8 272.8 266.4 247.7 243.3 235.5 232.3 231.6 229.4 229.1 226.2 224 226.4 224.1 222.9 223.3 224.2 222.1 217 208.4 206.2 199 193.3 188.2 181.9 177.9 176.5 181.7 185.6 188.3 188.9 183.5 172.8 164.8 168.7 181.2 197.2 211.5 216.2 220.5 226.4 228.4 233.4 234.7 237 235.9 233.9 236.9 236.8 230 225.9 225.3 225.9 223.2 221.5 218.3 218.1
330 322.3 312.9 304.6 298.1 283.8 272.4 280.6 281.1 282.7 283.8 282.1 283.2 282.9 283.8 283.8 288.3 290.9 297 301.4 302.7 305 304 295.3 288.5 277 265.5 255.2 246.8 240.2 230.1 227.2 226.3 223.9 222.5 222.4 221.8 220.4 220.3 220.8 219.1 220.2 217.3 215.8 216.3 203.9 198.2 191.7 184.1 175.2 175 180.7 182.6 186.6 188.9 186.2 179.3 164.9 165.1 171.4 185.5 205.3 210.8 218.3 223.1 226.7 226.2 229.2 232.5 234.4 233 235.4 233.8 228.4 222.2 223.8 226.8 227.4 223.3 218.3 217.7
342.4 337.7 328.9 320.7 310 290.4 277.4 290.3 290.8 288.9 290.6 290.5 291.1 289.4 290.1 292.3 293.1 295.4 300.2 301.9 301 304.7 305.1 301.2 295 283.7 273.5 266.7 260 241.8 230.3 225.9 223.7 222.1 219.6 218.5 217.7 217 216.2 215.3 216.6 217.9 215.6 214.6 212.5 203.7 198.2 193.6 183.6 174.5 171.7 175.5 176.3 179.2 180.6 179.4 175.6 164.7 162.4 168.9 177.8 187.6 195.8 206.8 216.6 220 222.6 227.6 227.5 230.2 230.7 232.9 231.4 223 214.9 211.2 224 227 224 217.8 214.7
345.8 340 329 323 314.5 297.4 288.4 302.5 302.3 300.4 300.5 297.7 295 297.9 299 298.6 297.2 298.4 300.7 301.9 298.6 299.4 299.6 299.1 296 288.5 276.1 267.7 258.6 244 233.8 230.2 228.1 225.3 221.4 218.4 216.4 215.3 213.8 213.4 215.9 218 212.5 208.6 203.6 198.1 191 182.9 176.9 171.6 169.6 172.5 171.8 174 173.2 170.7 165.9 160.6 157.4 166 174.7 178.3 186 199.8 213.5 217.7 216.2 222.4 223.6 220.7 225 224.4 229.3 216.7 205.5 197.4 213.6 220.3 220.9 219.7 211.5
348.4 339.4 332.3 327.2 320.7 303.8 298.9 313.7 314.7 311.6 311.2 309.5 305.4 305.4 305.5 303.7 303.7 303.6 302.3 301 299.3 299.5 301.3 297.5 291.6 286 279 271.3 261.3 250.9 246.6 239.2 237.5 233 225.9 222.4 220.4 217.8 216 212.8 213.8 213.9 209.3 205 207.8 204.9 200 188.5 177.2 171.3 167.3 167.6 168.2 168.2 167.1 163.7 158.4 150.9 151.6 159.2 166.2 169.8 172.6 188.2 211.5 212.2 194.9 202.7 207.6 216.5 219.8 214.2 213.7 205 193.2 182.8 196.4 209.1 212.2 212.8 196
351 344.7 338.3 333 324.2 309.3 304.9 313.5 319 319.2 321.3 321.3 315.5 312.6 312.2 308.5 306.2 305.3 306.9 304.4 301.3 298.5 302.2 301.9 297 291.1 285.1 276.4 267.5 263.1 256.5 253.1 253.6 242.5 233.1 230.3 227.4 224.2 218.3 215 210.9 210 206.8 208.7 211.4 207.1 197.4 186.5 179.5 173.1 168.7 164.9 162.6 161.2 161.5 157.8 149.4 144.8 147 153.9 159.2 160.5 163.8 173.8 186.5 192 175.4 172.5 180.1 185.2 191.2 196.4 195.1 186.9 179.8 171 175.3 192.8 206.1 206.7 190.8
360.3 351.4 341.7 333.6 323.1 309.6 311.5 314.8 320.4 326 324.9 325.5 323.1 323.8 320.4 314.2 310.7 306.3 302.8 300 294.9 286 288.4 288.2 283.9 283.6 283 277.2 273.9 272.7 268.1 263.7 257.8 254.3 249.3 245.5 240.9 232.9 224.5 217.2 213.6 211.7 212.8 217.6 218.2 217.5 199 186.1 185.9 177.2 171.6 169.5 167.6 162.2 163.5 166.2 156.5 147.2 144.3 149.5 153.3 153.6 156.4 160.8 163.7 164.6 158.3 152.6 152 153.3 160.5 173.2 174.9 169.9 166.7 161 161.7 180.1 202.9 196.6 179.9
354.7 345.1 338 329.5 321.1 311.1 304 310.6 316.1 320.6 322.8 324.9 325.7 326.2 322.4 316.3 306.9 301.1 294.4 285.9 278 268.2 266.8 266.6 268.5 276.4 279.2 279.1 281.6 278.6 276 273 271.3 262.9 260.4 257.2 252.2 242.6 231.8 222.1 217.6 218.2 220.6 217.9 222.7 218 201.4 187.2 183 180.4 175.5 173.8 171.2 164.6 167.5 172 165.1 149.5 143.4 139.7 143.4 145.2 146.9 149.2 149.1 146.2 140.3 137 134.4 136.2 137.9 144.7 148 148.7 148.3 145.1 146.9 159.5 174.6 174.3 160.7
345.9 338.3 329.3 322.1 316.3 310 299.3 295.2 303.6 306.1 309.6 313.2 316.9 315.2 308.1 305.2 304.6 298.5 289 281.3 269.7 257.2 249.7 253.1 261.4 275.4 282.9 287.5 294.5 292 287 282.1 275.7 273.9 270.3 265.4 258.9 250.2 236.8 226.5 222.7 217 215.9 217.7 208.9 202.9 193.8 188.5 179.6 175.7 173.4 171.9 168.6 167.3 174.3 179.2 170.3 158.9 144.6 137.2 132 136.1 138.8 141.2 139.1 135.3 130 125.7 125 126.5 129.2 131.6 132.3 132.6 133.4 134.4 137.4 144.6 148.9 141 132.1
336.8 329.2 322.6 313.9 310.3 303.1 292.4 281.2 286.3 288.8 290.1 292.8 301.9 306.8 306.6 309.8 307.6 302.5 294.4 283.2 267.2 250 240.6 243.6 252.3 267.8 285 294.8 301.6 301.6 295.6 292.1 288.5 282.7 276.9 272.9 269.7 258.8 246.3 238.8 228.5 219.6 213.6 212 208.2 201 194.6 188.5 177.4 170.1 166.5 165.1 163.7 162.9 172.7 179.6 170 158.5 149.2 142.4 133.9 122.4 127.9 130 129.8 126.3 116.9 113.7 115 118.5 119.5 121.7 123.4 125.1 126.8 127.9 130 130.4 129.3 124.5 116.1
326.3 319.1 313.1 306.6 302.4 294.7 284.4 272.5 271.6 270.5 275.4 283.2 296.2 304.3 306.3 302.4 298.6 294.5 287.3 282.1 271.3 247.5 233.8 236.7 241.4 257.9 277.8 295.9 306.4 307.2 305.4 304.3 300.8 295.2 291.1 284.5 275.6 267 256.5 252 241.5 231.4 220.7 207 200 198.6 190.9 183.2 173.3 163.6 159.6 159.4 157 158.9 165.7 169.8 169.5 159.6 154.2 147.6 138.5 126 118.1 121.6 122.2 114.8 108.9 108.4 105.8 108 110.1 111 113.8 116.1 117.2 118.7 121 120.3 116.7 115.2 105.9
311.7 306 302.9 299.4 294 288.3 284.4 272.9 261.9 262.2 265.7 274.9 286.1 297.1 302 301.6 297.6 292.8 286 277.2 265.4 245.1 227.8 230 232.7 245.2 265.1 283.7 295.1 305.7 305 306.8 305.7 303.9 298.2 291.2 282.2 272.5 263 257 248.4 239.3 228.2 214.7 201.4 193.5 186 178.5 174.9 165.5 155.9 153.5 152.5 156 159.1 158.1 155.8 154.6 152 148.3 135.1 123.9 114.7 110.7 111.7 111.1 105.8 103.9 103.6 103.8 103.8 103.3 104.3 107.8 106.8 107.2 109.1 107.9 104.5 100.5 101.3
305.8 304 300.5 296.7 292.1 285 277.1 269.6 259.2 252.4 254.3 258.3 270.8 280.4 288.7 292.1 294.7 292.1 286.1 275.5 259.1 238.8 220.2 222.3 225.4 230.8 247.2 268.9 287.5 299.3 306 304.2 306 307.4 304.2 298.2 290.1 278.8 266.8 263.1 255.9 247.1 237.4 228.2 216 205.3 194.5 183.7 176.2 169.4 157.9 150.1 148 150.4 152.4 151 151.2 151.9 149.3 144.1 129.8 123.4 117.5 108.4 105.7 102.2 100.7 100.3 99.6 100.3 99.5 101.2 101.2 100.7 100.8 101 100.2 99.5 98.4 97.7 97.8
294 293.3 291.3 289 286 280.9 273 265 256 245.8 246.9 249.6 259.6 269.2 275.5 280.6 283.3 283.9 277.7 267.6 252.8 237.8 215.3 215.1 215.3 217.8 229.8 252.7 271.5 286.3 301.9 310.5 311.3 311.7 307.2 299.3 291.2 283.9 270.6 265.3 260.3 255 245.9 238.4 226.7 218.6 206.4 194.7 181.3 169.1 160.6 153.7 147.6 144.1 145.3 145.9 146.7 148.4 148.4 150.2 130 123.5 121.3 101.6 101 100.5 100.6 100.2 99.9 99.9 98.8 98.9 96.7 97.9 99.2 99 97.8 98.3 97.5 96.6 95.8
282.6 280.4 279.3 276.1 273.5 270.1 264.3 257.9 250.6 240.9 240.7 240.2 248.2 259.8 269.3 275.7 278.3 276.9 272.6 264.4 252.6 240.7 223.2 206.2 206.4 208.7 214.9 233.5 254.6 273.9 290.5 299.4 303.8 304.3 301.6 297 290.3 283.3 270.5 263.7 260.3 253.8 245.6 237.5 231.9 227.8 218.8 205.6 189.2 176.8 166.8 158.6 147 143.2 140.9 140.4 143.1 145.4 150.5 147.3 131 123 107.4 101 100.7 100.9 101.1 100.9 98.9 101.1 100.5 100.7 99 96.7 99 96.7 97.5 102.2 103.3 107 109.6
273 269.5 266.9 265.1 262.1 258.7 253.1 248.2 245.9 236.4 235 236.4 238.3 243.8 256.8 266.6 270.2 271.6 268.6 260.8 250.6 239 221.3 211.6 196.9 202.4 205.2 214.6 238.4 262.1 279.3 286.3 288.9 289.8 288.3 286 280.3 273 266.7 259.1 257.5 252.2 247.2 239.6 237.5 232.3 222.2 208.6 189.3 176.3 168.8 161.8 148.2 143.9 139.9 136.3 137.7 140.1 144.1 139.4 128.9 120.2 104.5 100.9 100.7 101.1 99.4 98.9 106.7 108.5 119.4 125.5 119.2 116.4 111.3 109 107.7 115.3 119.6 121.6 123
269.4 261.4 257.7 255.8 253.4 249.8 247.2 243.2 240.3 234.2 231.5 232.7 232.4 233.7 240.5 250.9 257.9 263.7 262.8 255.6 243.9 230.4 219.6 210.5 202.3 192.1 195.4 202.7 219.9 247 269.1 275.6 281.3 281.8 279.1 277.1 273.9 268.1 262.5 252 248.5 242.1 239.4 234.5 232.2 225.1 215.8 202.6 186 174.7 166.2 158.5 152.1 147.4 142.2 136.6 131.2 134.1 137 130.8 122.4 109.3 104.2 100.8 100.9 101.3 101.8 108 119.9 126.7 138.2 138 129.4 122.5 120.3 121.4 121.7 129 138.3 143.1 146.3
266.4 260.9 252 249.4 249.1 246.9 245.4 242.5 238.3 234 231 224.9 226.2 226.9 230.4 233.5 240.2 248.4 248.4 242.8 235.4 225.7 215.5 206.5 198.8 191.4 186.8 193.3 205.5 230.8 256.4 267.5 275 277.8 277 272.6 265.5 258.3 249.7 242.9 236 230.3 222.5 220.6 216.1 210.4 202.8 193.7 183.8 171.9 164.7 161.3 156.6 150.3 143.5 136.5 131.2 128.9 127 123.1 114.3 100.9 100.9 100.8 100.9 101.3 99.6 122.4 137.1 136.6 150.3 151.2 147.8 143.4 140.4 140.1 139.9 147.8 159.5 175.4 175.9
