WholeMapElevations/data/so/so00_OST50GRID_20230518/SO00.asc
ncols 200
nrows 200
xllcorner 300000
yllcorner 200000
cellsize 50
[rows 70 to 104 of 200, columns 78 to 155 of 200]
207.1 207.2 207 206.7 206.5 205.7 191.5 178 174.6 172.4 172.3 172.4 172.6 166.8 172.3 175 177.3 179.7 181.5 186.5 179.2 179.4 182.1 190.9 192.8 195.8 208.1 217.3 221.8 226.6 234.1 239.9 240.6 240.4 249.8 252.1 252.8 252.1 251.4 253.3 255.1 254.8 254.6 256.7 267.3 277.7 278.5 283.4 293.4 301.9 310.3 318.4 325.4 332.8 341.1 348.5 355.9 363.9 371 380.5 389 395.6 399.7 402.4 404.7 405.4 409.5 409 407.6 401.4 391.2 390.2 391.5 389 391 391.3 389.9 389.4
207.2 206.7 206.9 206.7 206.6 206 196.9 182.4 178.2 173.3 172 171.4 171.3 169.1 171.5 172.5 177.4 187.8 190.1 176.2 179.3 180.2 185.5 189.5 190.2 195.6 208.7 218.5 220.9 226.2 233.5 239.6 240.8 241.1 246.1 251.4 253.5 253.3 252.8 252.2 253.4 254.1 254.7 255.3 264.6 277.5 279.6 284.3 290.9 301.8 309.8 317.3 324.9 332.1 339 347 355.6 360.1 370.8 377.1 384.1 388.7 395.6 397.7 398.8 399.5 405.1 410.3 400.4 395.9 394.2 396.3 389.4 385.9 386.7 386.7 384.8 384.7
207.6 204.6 205.3 205.9 202.6 201.5 195.6 191.3 182.8 175.4 172.4 171.5 170.6 170.4 171.1 171.8 180.5 180.1 172.8 176.2 177.5 179.3 184.9 189.3 190.5 193.2 212.7 220.4 220.9 226.1 231.1 237.8 241.7 241.5 241.6 253.3 254.5 254.9 254.7 254.1 253.8 254.2 254.8 258.5 266.2 275.8 278.6 285.2 288.2 300.8 308.3 315.6 322.9 330.9 337.3 345.1 353.4 361.4 365.7 373.4 376.7 383.1 386.7 390.4 394 393 392.2 396.6 397.2 393.2 391.3 390.8 385.9 387.8 384.7 382.6 380.3 378.7
206.8 205.5 203.6 203.3 204.2 203.3 199.1 193 186.5 181.3 173.3 172.2 170.4 170.1 165.4 170.8 171.9 173.6 173.9 175 176.2 177.6 182 188.6 189.1 190.8 207 216.3 219.9 218.7 226.2 234.8 240.1 241.6 241.8 250.2 254.8 254.5 255.3 255.8 255.9 255.6 258.1 263.5 266 274 278.2 283.1 285.3 300 306.2 312.6 319.8 328.1 334.6 341.4 350.3 356.5 364.2 365.6 371.1 376.2 380.9 382.8 383.5 385.4 383.7 383.9 388 386.2 384.1 389.7 386.8 386 383 381.8 382.1 380.1
205.6 209.3 205.1 210.9 211.7 211.4 209.4 197.8 196.6 187.7 176.5 172.6 172 171.4 170 169.3 169.8 173.5 173.8 174.4 175 176.3 179.8 184.1 185.6 188.7 201.2 210.4 217.2 218.3 220.3 229.2 236.6 240.2 242.3 243.5 245 249.9 250.6 251 253 256.5 261.4 264.2 265.4 271.7 276.8 279.4 282.7 297.3 303.1 309.1 316.4 324.2 332 338.5 346.3 353 358.7 366.5 361.9 366.3 369.1 372 368.8 374.5 377.9 378.6 379 375.9 377.9 386.8 387.1 384.5 383.2 380.5 377.4 377.2
208.8 204.3 208.8 209.1 211.4 211.9 211 198.1 197 196.2 189.1 175.9 171.6 169.8 169 165.7 169.3 171.7 172.9 173.5 174 174.9 177.1 180.1 182.7 187.6 199.5 208.7 221.8 221.3 225.2 229.7 233.8 237.7 240.9 242.4 243.7 249.8 249.4 249.3 249 249.1 259.1 264.8 265.9 268.3 273.6 278.9 280.7 286.9 298.9 305.7 312.8 319.8 328.5 334.8 341.4 348.8 353.8 357.8 360.2 366.8 366.3 368.5 369.3 380.2 381.3 379.9 373.2 372.1 372.4 371.3 381.1 380.1 381.1 377.5 375.2 373.8
211.9 207.3 206 210.9 211.6 211.9 211.6 199.1 196.8 195.9 193.9 183.4 175.5 169.3 168.7 167.9 168.1 170.2 171 171.6 172.2 172.6 175.2 176.9 180.3 187 197.2 207.2 214.9 222.6 225.9 229.2 231.5 234.3 237.5 239.3 238.6 248.5 248.5 248.3 248.1 249.4 260.4 264.5 265.3 268 271.9 276.7 278 279.1 295 302.6 309.6 316.2 323.6 331.2 337.4 343.4 347.6 350.2 353.7 356.7 359.5 361.3 362.5 374.9 382.5 382.4 372.9 373.5 376.3 378.5 373.2 375.4 378.8 376.4 374.4 373
212.8 208.5 203.7 207.1 211.3 211.5 211.1 200 196.5 195.9 194.3 180.7 173.9 169.5 168.7 168 165.1 168.7 169.9 170.1 170.5 171.1 171.2 171.2 177.5 183.7 193.2 205.7 211.3 216.8 222.9 227.2 229.4 231.2 232.7 233.5 235.7 246.5 247.4 247.3 247.4 253.5 256.2 261.2 263.7 266.6 270.3 273.4 281.2 280.4 290.8 300.8 306.3 312 318.6 326.3 332.6 337 340.6 343 345.6 349.1 351.4 353.6 353.7 361.5 374.3 376.8 366.9 367.1 370.9 374.9 374.4 376.8 369.4 374.4 373.6 370.9
212.4 208.2 204.8 203.5 207.7 209.6 208 198.1 194.4 194 184.2 183.1 180.8 169.4 168.7 168.2 165.2 167.4 169.1 169.5 169.2 169.3 170.7 174.9 174.4 179.9 191.6 203.7 210.1 213.4 218.4 222.6 225.8 227.7 229 230.5 233.5 240.8 247.2 247.5 247 254.1 256 256.9 260.4 264.6 268.1 273.6 281 282 286.6 297 301.4 307.2 313.8 321.3 324.8 327.7 332.8 336.4 339.2 341.3 343.9 346.5 349.1 354 358.8 359.6 360.7 361 365.2 369.6 365.2 360.5 364 370.1 369.3 369.8
221.9 207.6 205.3 203.7 205.7 205.4 203.5 195.9 189.8 187.2 184.8 184.9 185 169.5 168.5 169.2 161.8 166.8 167.8 168.5 168.5 168.4 171 174.4 173.2 178.1 190.3 198.8 206.3 212.6 215.5 218.1 221.6 224.8 227.6 229.6 232.6 238.8 241.5 246 243.9 246.9 252.8 255.1 258.6 262.6 265.7 277.4 279.5 281.7 282.7 286.4 286 300.7 308 310.8 311.6 314.9 323.8 328.6 331.2 333.5 335.9 338.1 336.2 342.5 349.2 351.7 353.4 355.1 358.8 364.9 369.2 371.9 372.5 372.1 367.1 367.5
222.4 214.1 205.8 204.6 202.4 204.2 201.2 193.5 191.5 187.4 185.5 185.5 185.7 185.7 180.4 170.7 165 165.7 166.1 166.9 167.6 168.1 170.3 173.1 171.6 179.5 189.3 196.4 200.7 204.3 211.7 215.3 218.7 221.4 226 229.6 231.9 235.8 239.4 240.6 241.8 242.7 247.3 252.2 256.4 260.5 266.3 273.1 279.3 279.9 282.8 284.8 286.3 288.9 298.9 299.2 303.3 310.3 313.5 317.1 320.8 324.3 327.3 328.7 331.8 338.2 342.3 347 349.6 353 357.4 361.8 366.9 369.6 370 368.8 367 364.2
223.4 216.5 206.4 204 202.6 202.6 201 197.3 193.8 193.1 187.5 185.6 186.5 186.6 184.9 171.3 166.3 165.8 165.5 165.5 165.9 166.6 169.8 167.4 171.7 178.6 185 190 197.1 200.9 207.8 212.5 215 216.6 219 226.3 230.2 233.3 236.9 238.8 239.7 240.8 244.9 249.7 252.7 258.5 266.9 269.6 274 278.9 283.2 285.4 286.5 287.9 291.3 294.2 298 301.5 303 306.2 316.1 324.1 329.2 333.4 336.5 336.7 343.2 352.9 355.8 359 359.2 362.7 367.3 367.3 367.3 366.5 365.2 362.5
223.3 219.4 205.6 204.1 203.4 201.3 201.8 199.5 195.5 193.8 190.8 185.6 186.7 186.9 186.6 173.3 166.3 164.8 165.1 165.3 165.3 165.6 165.5 165.5 168.6 175 180.5 185.1 191.8 198.4 204.1 210.5 216.3 220.9 223.2 225.4 228.5 231.4 235.6 237.6 237.1 236.9 240 245.7 249.6 254.8 259 269.7 272.5 275.1 277.6 277.8 286 287.3 289.5 292.4 295.5 296.8 298.2 309.6 321.4 331.7 336.6 340.4 345.6 346.7 351.5 361.1 363.8 364.1 365.3 369 367.3 367.3 365 363.5 362.3 360.6
224.8 225.7 205.4 203.9 203.7 202 198.8 198.9 195.1 193.6 191.2 188.5 186.3 187.4 187.1 173.8 169.8 164.5 164.9 164.9 164.8 164.1 163.8 165.2 170.2 170.2 175.3 182.4 188.9 195.2 202.1 209.7 216.6 220.4 221.8 224.2 226.8 229.5 233.9 235.4 234.4 234.7 238.5 243.1 247.7 251.5 260.1 269.2 271.9 274.6 276.5 274.7 278.9 277.2 279.9 289.7 293.4 296 301.5 306.5 321.6 330.7 334.7 338.3 343.8 349.3 356.3 364.7 369.2 369 372 376.2 372.3 368.7 364.1 361.4 360.3 376
229.4 228.6 210.1 203.6 203.7 199.1 195.8 197.2 192.2 191.4 188.7 186.6 186.8 187.9 187.5 176.5 170.8 158.8 164.6 164.5 164.2 163.6 163.4 164.3 169 169.4 170.8 178.1 185.5 191.9 198 207.4 213.6 218.3 220.2 220.9 223.7 229 232.9 234 232.1 233.1 236.5 240.4 247.2 249.4 255.3 267.8 267 263.1 259.1 263.6 271.3 278.8 285.4 289.2 292.8 298.5 302.2 305.7 314 320.7 320.2 327.5 338.1 351.5 360.3 366.1 372.1 372.7 374.5 377.6 375.5 371 364 360.3 376.8 392.2
229.5 229.3 222.7 216.6 206 201.7 195.8 195.7 193.3 187.9 186.3 185.7 186.4 188.9 189 178.9 171.3 167.7 163.9 163.9 163.5 163.4 163.3 163.6 164 169.6 170.3 174.7 181.9 189.4 194.6 202.9 209.2 214.8 218 219 221.6 226.2 230 230.3 228.9 231.4 234.1 238.3 244.4 249.5 254.4 254.9 252.4 253.9 263.3 273.3 278.2 280.7 285.1 288.9 292.3 297 301.1 304.8 309.9 318.8 320.6 332.6 341.3 353.3 362.3 366.8 374 374.7 374.5 374.4 372.7 368.6 361.1 369 390.4 405.6
230.8 230.7 228.9 223.1 208 205 199.6 195.9 193.4 188.1 186.6 185.6 185.9 189.7 189.5 183.9 172.6 170.4 165.5 158.5 163.3 163.8 163.3 163.1 162.9 169.5 169.3 177.4 180.5 191.1 193.4 197 204.6 212.4 214.6 214.6 218 221.6 225.2 226.3 226.4 228.9 232.4 236.3 241.2 248 248.9 240.4 251.3 258.9 264.8 273.5 277.3 278.6 281.5 286.4 291.3 295.9 300.5 305.7 314.5 318.9 329.3 339 348.8 355.4 363.9 368.2 372.4 374.8 374.3 371.7 368.9 364.7 358.8 374.7 390.1 392.3
228.2 222.7 220.6 213.7 212.7 205.7 201.2 197.7 194.2 191.3 186.4 186.2 185.7 189.5 189.8 187.2 172 170.7 169.7 168.8 163.5 156.2 162.3 161.9 162.7 162.4 163.1 171.8 178.6 182.3 192.7 195.3 201.6 207.8 210.8 210.1 214.1 219.1 222 223 224.6 226.8 230.6 233 238.5 233.4 234.8 247.4 255.5 259.9 268.2 271.4 271.8 275.8 283.1 288.7 294.6 299.1 304.3 314.6 320.8 329.1 336.4 341.8 350.6 357.8 361.5 367.1 370.7 373.1 372.9 369.9 366.9 363.2 358.1 369.9 369.8 366.4
235.1 231.7 219.7 217.7 215.6 204.5 199.7 198.1 196.3 190.4 187.1 186 185.6 187.1 188.4 183.9 172.8 170.5 169.9 169.5 167.5 165.4 162.9 160 162.1 162.3 162.8 164.8 172 177.2 190.8 197.8 200.8 201.7 205.1 206.8 211.8 217.2 220.5 220.6 221.7 224.3 228.2 231.3 232.5 234.9 243.5 248.3 256.4 262.5 266.4 267.7 272.1 276 286.4 292.5 296.5 301.2 311.3 319.7 331.1 338.6 344.2 347.9 354.7 359.5 362.4 365.5 369 370.4 370.6 368.2 366.1 361.7 355.1 355 349.9 346.7
217.2 216.7 216.8 217 214.9 203.2 199.5 197.1 195.6 193.4 188.8 184.6 185.1 185.4 185.2 175.9 171.7 171.2 169.8 168.3 167.2 165.3 163.8 160.5 161.4 162.8 162.7 163.7 166.8 171.9 183 197.5 200.3 198.9 201.6 205.7 209.6 214.2 219.2 220 219.4 221.9 226 233.7 232.6 233.4 240.3 251.7 255.9 261.6 266.8 269.6 273.1 279.8 285.5 292.1 297.7 305 314 327.1 331.3 340.5 347 351.7 356.9 357.7 360.7 367.6 370.7 369.6 368.1 366.2 364.9 361.4 357.1 351.9 347.8 339.5
230.9 222.9 217.5 218.9 219.1 213.2 199.9 195.7 193.5 197.4 188.7 186.2 183.7 183.8 183.2 182 173.1 171.1 168.2 167.3 166.5 165.9 164.7 164.2 157.4 164.1 162.7 161.5 162.7 168.9 174.9 192.2 195.1 194.2 201.1 205 207.2 211.3 217.7 218 215.7 218.9 224.7 232.3 233.2 234.6 237.2 253.6 256.5 264.1 268.2 271.1 275.9 282.8 287.7 291.8 298.6 309 322.5 327 330.6 338.8 346.9 354.3 356 357.6 361.7 368 366.3 365.2 365.1 364.1 363.2 360.6 356 351.4 347.3 344.4
236 234 227.5 224 215.9 211.8 203.9 197 198.6 200.4 193.4 186.4 183.7 183.4 183 182.3 176.4 176.4 176.8 167.5 167 165.5 164.9 165 157.1 161.1 164.9 162.4 161.4 164 170.7 187.4 189.4 193.1 198.7 201.5 204.2 209.1 214 213.1 211 212.8 223.7 231.4 233.5 236.3 241.4 247.5 253.7 262.3 268.5 271.9 275.1 280.5 288.4 293.4 302 309.4 322.2 324.9 329.2 334.4 342.3 352.1 355.3 356.2 358.8 358.3 358.8 360.3 360.9 362.7 362 360.3 356.3 351.5 347.6 343.7
241.6 237.1 236.8 235.1 221.5 216.6 209.9 200.5 199.2 200.3 197.2 189.2 185.7 185.8 182.5 178.8 177 176.6 176.4 168 166.9 165.9 165.3 165.4 167.2 159.7 167.3 165.6 162.1 161.8 169.2 179.7 186.3 189.9 194.2 198 201.4 206.3 209.4 205.8 210.5 213 224.8 230.3 234.4 239.2 243.7 248.4 255.5 259 264.5 268.7 273.4 279.7 285.3 291.6 303 310 319.4 322.1 326.3 328.9 336.6 344.8 350 350.9 351.6 351.8 353 354.7 355.8 359.4 361.6 361.1 359.6 355.8 348.3 343
245.6 240.3 238.8 231.9 225.3 219.9 213.2 206.8 200.1 198.9 197.3 196.5 189.5 183.8 186.4 179.1 177.7 177.3 176.9 169.6 167.1 166.1 165.9 165.9 171.1 157.7 160.7 164.7 164.8 162.6 166 175.8 184.3 187.7 191 196.1 200.3 202.6 201.1 205.1 210 214.7 224.9 231.1 234.8 240.2 243.6 250.5 254.7 254.6 260.8 252.3 270.7 279.7 274.6 291.1 299.4 312.4 316 318.8 322.4 326.1 331.5 336.5 341.9 344.4 344.9 344 345.6 347.9 350.5 357.5 362.3 363.6 365 363.6 354.6 344.2
249.7 245.4 240.3 233.8 228.5 224.1 217.9 212.2 206.9 200.4 198.2 196.7 192.3 186.9 182.9 184.6 178 177.3 177.5 171.6 166.6 166.6 166.7 170.9 171.9 161.1 158.8 165 164.8 164.3 164.4 171.5 180.3 185 188.9 195 198.8 197.6 193.9 204.8 209.6 216 225.2 229.8 234.1 237.9 240.9 248.7 251.1 252 252.9 262.2 269.4 273.7 275.9 284.1 296.3 305.9 309.8 313.7 316.7 320.8 324.9 329.5 334.6 337.6 337.3 339.7 340 342.8 348.6 358.8 365.4 371.7 371 368 361.3 350.4
254.4 249.2 243.9 236.9 229.5 226 222.2 216.1 212.7 207.4 199.5 198.8 197.5 189 189.1 185.5 180.3 177.9 177.9 174 168.8 167.1 167.3 173.1 167.3 159.7 153.7 158.6 164.5 163.3 163.5 168.9 177.5 182.1 186.6 191.4 195 193.2 194 207 209 217.7 222.9 228 232.4 235 238.2 241.5 240.5 248.5 255 256.3 264.8 270.8 276 281.6 290.2 299.9 303.2 308 312.5 314.6 318 322.2 327.1 330 329.8 332 335 340.7 352.5 362.5 372.3 376.5 375 370.4 365.1 357.4
259.7 254.2 247.7 239.8 232.4 225 220.6 216.8 213.2 209.5 205.1 200.6 195.7 190.5 188.5 185 179 178.8 179.4 176.1 172.9 172.3 173.7 165.2 162.2 158.3 157.5 158.2 161.4 163.3 163.3 166.2 174.9 178 184.1 188 188.5 185.7 196.1 207.8 209.2 216.1 221.8 227.9 230.9 233.8 234 232.3 236.3 248.4 254.3 255.5 264.4 264.1 269.8 278.2 285.1 294.3 296.7 301.8 306.1 309.9 312.7 316.1 320.4 322.4 323.7 327.8 333.3 345.5 356.8 372.7 378.2 379.9 378.1 373.7 367.5 359.7
265.8 260.7 253.4 244.3 237 229.8 223.4 219.7 215.2 210.5 207.9 202.3 195.4 193.2 189.3 187.4 182.3 179.9 177.1 176.1 173.5 168.7 175.1 159.1 160.5 158.7 157.7 153.3 158.2 162.3 162.7 164.6 167.5 176.2 180.1 182.3 181.8 186.4 199.4 208.6 210.6 216.6 221.6 227.8 229.8 232.2 233.2 239.8 244.7 248.5 252.4 254.9 259.9 263.2 266.6 271.8 284.9 288.6 290.3 295.2 299.7 304.5 308.7 310.9 315.1 317.8 323.3 327.5 338.4 353 372.8 381.8 386.4 386.3 382.8 377.5 371.1 363.8
271.8 266.6 259.2 251.8 244.2 235.5 228.7 223.1 218 213.4 207.4 203.4 202.5 196.4 197.6 188.4 187.7 183.6 180.2 176.1 174.5 169.8 165.2 160.1 157.8 157.4 158 158.1 157.8 160.5 162.2 163.4 166.3 172.6 174.9 178.6 180.5 191.4 202.3 209.3 211.8 215.4 221.9 227.2 228.5 228 233.4 238.8 244.1 246.6 249 251.5 256.7 261.1 263.9 269.6 277 282.5 285.1 290 295.6 300.5 305.2 306.9 309.9 317.9 322.4 329.3 343.7 365.6 379.8 386.9 391 390.5 385.9 380.5 374.4 367.6
276.5 272.7 263.5 256.4 250 241.8 234.2 227.6 222.1 218 211 204.7 200.1 207.5 201.9 188.8 188 185.4 182.4 177.5 174.6 171.7 167.2 160.7 157.3 157.3 158.3 158.4 152.7 159.2 162.1 162.6 164.5 168 170.6 178.8 184.8 193.1 202.1 207.9 209.9 214.4 220.9 225.9 228.6 227.2 225.6 234.4 241.1 244 245.4 248.7 254 258.2 263.6 265.5 270.9 276.6 280.3 282.6 289.5 295.2 299.3 304 308.3 314.7 321.4 332.4 348.6 369 380.4 389.3 393.4 392 387.7 384.2 380.9 372.6
278.6 273.6 269.2 259.3 253.2 245.9 238.1 231.9 227 220.4 213.3 209.1 207.4 209.3 205.4 193.1 187.9 185.6 181.3 177.4 173.5 173.4 169.3 163.5 157.4 157.8 158.5 158.4 157.3 157 160.4 161.9 162 167.6 174.5 180.6 186.3 193.5 200.8 205.4 209 211.5 220 224.9 228.2 227.4 224.4 231.1 237.7 239.4 240.3 244.8 249.6 257.4 260.2 262.4 267.5 272.2 273.5 281.5 287.9 293.6 299.1 302.5 306.5 311.4 320.4 334.9 354.1 370.9 381.1 390.3 393.9 392.2 388.2 384.3 378.4 372.3
283 275.6 271.5 270.4 256.4 249.4 242.2 234.5 228.7 222.8 216.9 209.7 212.8 210.5 207.7 198.6 188.1 187.2 180.1 176.5 173.8 172.4 170.6 166.6 158.4 157 157.2 157.8 157.3 151.7 158.1 161.1 161.3 168.6 176.9 182.8 188.8 194.1 200.7 207.7 208.3 210.5 218.4 222.9 225.4 225.8 223.5 228.9 233.1 232.3 235.9 240.5 247.4 252.8 255.5 256.1 263.5 268.8 275.1 281.7 287.3 292.4 297.2 301.8 306.7 312.5 323.6 338.8 357.7 372 382.1 391.6 392.5 391.2 390.4 387 381.6 374.7
290.6 279.1 273 267.2 258.6 252.6 246.4 238.5 231.3 226 218.9 214.9 212.5 206.4 202.6 204.4 188.2 188 185.6 179.9 176.2 172.2 171.2 168.2 162.9 156.6 156.4 156.8 157.5 154.3 157.3 161 161.7 167.7 176.2 182.7 190.1 196.6 206.5 208.3 207.9 211.1 218.6 220.6 221.8 222.5 219.3 226.5 229.6 229.2 231.8 237.3 245.2 248 248.7 254.8 263.7 269 274.5 280 284.8 290 296 300.7 305.6 314 326.4 343.5 360.7 371.9 382 388.6 390.1 390.3 390.2 388.3 384.4 378.5
290.3 283.2 275.6 268.3 260.5 254 248.4 241.3 234.4 226.3 220.3 215.1 206.2 198.7 198.9 204.3 194.1 186.4 184.5 183.7 180.5 173.3 171.2 168.8 163.1 156.3 156.5 156.8 158.1 158.7 154.3 161.5 161.5 164.3 174.7 182.6 191.7 201 207.8 207.8 202.4 213.2 219.9 219.9 219.2 218.6 219.1 228.1 229.3 228.1 228.4 235.3 238.1 240.9 250.6 256.6 261.9 266.5 272.3 276.8 281.6 290.3 295.7 299.8 306.9 319.7 331.7 348.9 363.9 372.4 382.8 386.5 389.1 389.3 389.2 387.2 382.9 378.2
290.8 285.7 275.2 268.6 261.1 254.5 247.8 242.7 236.2 228 221.5 214.4 207.2 197.7 198.7 203.2 198 185.9 184.7 180.9 179.7 173.5 171.8 170.4 166.6 158 157.4 157.6 157.7 161.4 150.6 161.7 161.5 161.4 173 182.6 191.7 208.4 207.1 207.3 197 212 217.7 218.8 218.2 217.9 224.7 228.1 229.1 227.9 225.9 226.6 229.7 239.7 247.8 254.9 259.4 264.2 270.1 276.8 285.7 292.7 297.1 303 313.6 325.5 342.1 357.2 367.3 376.1 382.8 385 386.8 388.2 388.1 386 383.3 379.7
