WholeMapElevations/data/sj/sj27_OST50GRID_20230518/SJ27.asc
ncols 200
nrows 200
xllcorner 320000
yllcorner 370000
cellsize 50
[rows 0 to 39 of 200, columns 89 to 177 of 200]
-0.9 -0.7 -0.6 -0.5 -0.3 -0.2 -0.1 0 0.2 0.3 0.4 0.5 0.6 0.8 0.9 1 1.1 1.3 2.1 2.8 3.1 4.1 4.4 3.7 3.2 4.1 3.3 3.4 4.2 4.6 4.2 3.7 4.7 4.7 4.8 4.8 4.7 4.3 3.8 3.3 3.2 -2.7 6.8 7.3 7.7 9.5 11.2 10.9 11.9 12.1 13.9 13.8 14.9 17.3 18.7 20.8 23 25.1 27.2 31.7 35.2 36.2 36.9 36.5 38.2 39.3 41.4 43 46.4 49.4 50.8 48.2 48.8 53.1 56.8 57 57.4 57.8 58.6 59.3 59.3 59.3 59.2 59.4 59.4 58.7 58.7 58.7 59
-1.1 -1 -0.8 -0.7 -0.6 -0.5 -0.3 -0.2 -0.1 0 0.1 0.3 0.4 0.5 0.6 1.3 2 2.2 2.5 2.8 3.1 3.2 4.1 4.5 3.3 3.2 3.1 3.2 4.7 4.7 4.6 4.8 4.8 4.8 4.8 4.8 4.5 4 3.6 3.4 3.3 -2.7 4.5 7.9 6.9 8.4 9.9 9.2 11 11 11.9 13.2 14.3 15.9 17.5 19.4 22.1 25.3 28.8 31.1 33.5 35.2 35.6 35.9 37.1 37.6 38.2 41.8 44.9 46.9 45.2 45.5 51.8 52.9 55.4 55.4 56.3 57.1 58 58.9 59.2 58.4 58.8 59.1 59.2 58.6 58.6 58.5 58.8
-1.3 -1.2 -1.1 -1 -0.8 -0.7 -0.6 -0.5 -0.4 -0.2 -0.1 0 0.4 1.2 1.4 1.6 1.9 2.2 2.5 2.9 3.2 3.2 3.2 4.7 4.7 4.7 4 3.3 3.5 3.7 3.7 4.6 4.8 4.8 4.8 4.6 4.1 3.9 3.7 3.5 3.3 -2.7 -2.7 6.2 7.4 8 9.1 8.3 10.2 10.6 11.1 12.7 13.7 14.7 16.4 18.3 21 24.1 27 29.2 31.4 33.3 34.3 34.9 34.4 35 38.3 40 41.8 39.6 43.4 48.5 51 52.7 52.6 54.6 55.5 56.3 57.2 58 57.8 58.2 58.7 59 59.2 54.6 58.7 58.4 58.5
-1.6 -1.5 -1.3 -1.2 -1.1 -1 -0.8 -0.7 -0.6 -0.4 0.4 0.6 0.8 0.9 1.3 1.6 1.9 2.3 2.5 2.8 3.1 3.2 3.2 3.2 3.9 3.9 4.4 3.6 3.9 4.8 4.2 3.6 4.6 4.8 4.7 4.3 4.2 4 3.7 3.5 3.3 -2.7 -2.7 4.1 6.8 7.5 8.3 7.6 9.2 10.3 10.8 12.1 13.1 14.1 15.3 17.6 19.7 22.1 25.1 27.3 28.6 30.3 32.7 33.2 31.4 35.4 36.2 35.8 34.6 41.1 45.5 48.1 49.5 50.7 51.2 53.9 54.8 55.6 56.4 57.2 58.1 58.3 58.5 58.7 59 52.5 58.2 58.2 58.4
-1.8 -1.7 -1.6 -1.5 -1.3 -1.2 -1 -0.4 -0.2 0 0.1 0.3 0.7 1 1.3 1.6 1.8 2.1 2.3 2.5 2.8 3.2 3.2 3.2 3.2 4.2 3.4 4.2 4.2 3.7 4.4 3.9 3.7 4.8 4.6 4.3 4.1 3.9 3.6 3.4 3.3 3.3 -2.7 2.7 4.6 7 6.4 6.9 7.7 9.6 10.5 10.9 11.9 13 14.8 16.6 18.2 19.5 20.8 24.7 26.1 28 30.8 29.9 31 33 30.9 31.6 37.6 40.8 42.9 45.6 47.3 49 50.2 53.1 54 54.9 55.7 56.5 57.1 58 58.3 58.5 56 52.6 57.6 58 58.2
-2.1 -1.9 -1.8 -1.7 -1.3 -1 -0.8 -0.6 -0.5 -0.3 0.1 0.4 0.7 0.9 1.1 1.4 1.6 1.8 1.9 2.2 2.5 2.9 3.2 3.3 4.3 3.2 3.2 3.2 3.3 3.2 4.5 4.6 4.5 4.3 4.5 4.2 4 3.8 3.5 3.4 3.7 3.3 -2.7 0.3 3.6 5.8 6.8 6.6 7.4 9 9.9 10.2 11.1 12.8 14.4 16 17.5 18.8 20.9 22.2 24.4 26.6 27.5 27.5 30.2 27.6 32.1 35.4 37.2 38.9 41 42.7 42.8 47.8 50.2 51.7 52.8 54 54.4 54.8 55.8 56.6 57.5 57.2 58.3 56.4 57.6 57.8 58.1
-2.3 -2.1 -1.8 -1.6 -1.4 -1.3 -1.1 -0.9 -0.5 -0.3 0 0.2 0.4 0.7 0.9 1.1 1.2 1.4 1.6 1.9 2.3 2.6 2.9 3.4 3.3 4.1 4.3 4.2 3.3 3.3 3.4 4.1 3.7 3.8 4.1 4.1 3.9 3.7 4.1 3.9 3.5 3.3 -2.7 -2.7 1.3 4.3 5.5 6.7 7.4 7.2 8.5 8.8 10.1 11.7 13.3 14.9 16.4 17.9 19 20.8 22.3 23.7 23.9 26 25.5 30.6 33.3 35.1 36.4 37.6 38.3 39.8 44.3 46.1 48.1 48.9 50.9 52.8 52.6 53.5 54.5 55.3 56.4 57.5 57.9 57.8 57.6 57.8 57.9
-2.4 -2.2 -2.1 -1.9 -1.7 -1.5 -1.2 -0.9 -0.7 -0.5 -0.3 -0.1 0.2 0.4 0.5 0.7 0.8 1 1.3 1.6 2 2.3 2.7 3.1 3.5 3.8 3.9 3.9 3.7 3.5 3.5 3.8 4 3.7 4.2 3.9 3.8 4.6 4.2 3.7 3.5 3.4 -2.7 3.2 -2.7 2.1 4.3 6.1 6.9 6.4 7.4 8.4 9.1 10.6 12.2 13.8 15 16.1 17.2 18.6 19.7 20.5 22.1 23.4 27.2 30 32.7 34.1 35.2 36.2 36.8 39.5 41.6 44.2 44.7 47.8 50.3 51.8 51.4 52.3 53.2 54.3 55.3 56.3 57.1 57 57.2 57.3 57.4
-2.7 -2.5 -2.3 -2.1 -1.9 -1.6 -1.4 -1.2 -1 -0.8 -0.5 -0.3 -0.2 0 0.1 0.3 0.5 0.7 1 1.4 1.7 2.1 2.6 3.2 3.2 3.4 3.5 3.7 4.1 4.1 3.7 4.6 4.7 4.8 4.4 3.9 4.9 4.4 4 3.7 3.5 3.4 -2.7 -2.7 3.2 -2.7 2.3 4.3 6 6.2 7.6 8.1 8.6 9.6 10.9 12 13.1 14.3 15.4 17 18.4 19.5 22 23.8 26.9 29.3 31.4 33.2 34.1 33.3 36.9 37.9 39.2 41.8 44.9 47.6 49.3 51.1 51.8 51.6 52.2 53.3 54.3 55.3 56.2 56.1 54.2 56.3 56.4
-2.7 -2.7 -2.7 -2.3 -2.1 -1.9 -1.7 -1.5 -1.2 -1 -0.9 -0.7 -0.6 -0.4 -0.2 -0.1 0.1 0.4 0.7 1.1 1.5 2 2.7 3.2 3.2 4.4 4.6 4.6 4.3 4.6 4.6 3.8 4.8 4.4 4.7 4.1 4.8 4.3 4.1 3.8 3.6 3.4 -2.7 -2.7 3.3 -2.7 -2.7 1.6 4.2 6.3 7.2 7.7 8.2 9.2 10.2 11.2 12.2 13.2 14 16.1 17.4 18.8 21.5 23.6 25.7 27.8 29.9 31.6 30.6 35.2 35.6 36.5 38.7 41.2 40.3 44 47.7 49.4 49.1 51.4 51.3 52.4 53.3 54.1 55 55.3 50.3 55.4 55.8
-2.7 -2.7 -2.7 -2.7 -2.4 -2.2 -1.9 -1.7 -1.6 -1.4 -1.3 -1.1 -0.9 -0.8 -0.6 -0.5 -0.2 0.1 0.4 0.9 1.5 2.2 2.9 3.2 3.2 3.3 4.8 4.8 4.7 4.8 3.7 3.2 4.2 3.8 4.4 3.9 4.7 3.8 4.4 4.1 3.9 3.6 3.3 -2.7 -2.7 3.9 3.2 -2.7 -2.7 4.9 6.7 7.1 7.6 9.3 10.5 11.4 12.1 12.8 13.7 15.3 16.8 18.8 20.4 22 23.7 26 28.3 27.6 32.6 32 34.7 36.8 38.5 38.9 39.1 42.2 45.7 46.4 48.2 50 50.4 51.2 52.1 52.9 53.8 54.5 49 54.9 56.6
-2.7 -2.7 -2.7 -2.7 -2.7 -2.4 -2.3 -2.1 -2 -1.8 -1.6 -1.5 -1.3 -1.2 -1 -0.8 -0.5 -0.2 0.3 1 1.7 2.4 3.1 3.2 3.2 3.6 4.7 3.6 3.2 3.4 4.2 4.1 4.4 4.7 4.1 3.8 4.1 4.5 4.6 4.3 4 3.6 3.3 -2.7 -2.7 3.2 3.2 3.2 -2.7 -2.7 5.2 6.2 7.7 9.4 10.2 10.9 11.6 12.3 13.4 15 16.3 17.5 18.9 20.4 21.9 23.7 24.7 29.1 30 32.3 35 36.2 37.4 37.8 39.2 41.3 41.5 45.4 47.5 47.8 49.3 49.4 50.3 51.2 52 53.1 48.8 54.8 55.8
-2.7 -2.7 -2.7 -2.7 -2.7 -2.7 -2.7 -2.5 -2.3 -2.2 -2 -1.9 -1.7 -1.5 -1.4 -1.1 -0.8 -0.2 0.5 1.2 1.9 2.6 3.2 3.2 3.2 3.2 3.2 3.4 3.7 3.8 4.7 3.8 3.2 4.7 3.9 4.5 4.6 4 4 4.2 3.9 3.6 3.4 -2.7 -2.7 -2.7 3.2 3.2 3.2 -2.7 -2.7 6.4 7.5 8.7 9.5 10.2 11.2 13.4 13.8 13.9 14.8 16 17.4 18.9 20.3 22.9 25.7 26.7 29.3 31.5 32.4 34.5 36.3 37.2 37 38.6 42.2 44.7 46.6 46.3 47.9 48.3 48.5 49.4 50.4 51.4 48.6 53.9 54.5
-2.7 -2.7 -2.7 -2.7 -2.7 -2.7 -2.7 -2.7 -2.7 -2.6 -2.4 -2.2 -2.1 -1.9 -1.7 -1.4 -0.7 0 0.7 1.4 2.1 2.8 3.2 3.2 3.2 3.2 4 3.9 3.4 3.2 4.2 3.7 3.7 3.6 4.2 3.9 4.7 4.5 3.8 3.8 3.9 3.6 3.5 3.4 3.3 -2.7 -2.7 3.2 3.2 3.2 -2.7 -2.7 6.7 7.9 8.6 10.3 11.3 12.1 12.4 12.8 14 15.2 16.4 17.9 21 23 23.4 25.4 27.3 29.4 31 32.8 34.6 35 36 39.1 41 43 44.5 44.8 46.7 46.8 46.9 47.5 48.4 47.6 47.8 53.1 54.7
-2.7 -2.7 -2.7 -2.7 -2.7 -2.7 -2.7 -2.7 -2.7 -2.7 -2.7 -2.6 -2.5 -2.3 -1.9 -1.2 -0.5 0.2 0.9 1.6 2.3 3 3.2 3.2 3.2 3.2 3.9 4.4 3.9 3.2 3.2 3.6 3.2 3.2 3.4 3.8 4.8 3.8 4.3 4.4 4 3.8 3.7 3.6 3.5 3.3 -2.7 3.2 3.2 3.2 3.2 -2.7 4.2 7.7 9.5 9.4 10.1 10.8 11.3 12.3 12.5 13.8 16.5 18.2 19.6 20.7 23.1 25.2 26.6 28 29.6 31.3 31.5 33.1 36.5 38.1 39.8 41.2 42 44.2 44.6 44.7 45.6 46.1 47.1 49.4 46.1 52.4 53.6
-2.7 -2.7 -2.7 -2.7 -2.7 -2.7 -2.7 -2.7 -2.7 -2.7 -2.7 -2.7 -2.7 -2.5 -1.8 -1.1 -0.3 0.4 1.1 1.8 2.5 3.5 3.9 3.2 3.2 3.2 3.2 3.2 3.2 3.4 3.9 4.2 3.5 3.9 4.3 3.8 4.1 4.9 4.4 4.6 4.2 4 3.9 3.8 3.6 3.3 3.3 3.2 3.2 3.2 3.2 -2.7 -2.7 5.7 8.2 8.2 9.4 9.7 10.7 12.3 12.7 13.4 12.2 16.1 17.8 20.1 21.5 23 24.7 26.5 27.9 28.6 29.6 33.4 35.5 36.8 37.7 39.4 40.9 42 42.3 44 44.5 45.5 47.1 48.5 46.5 51.1 52.3
-2.7 -2.7 -2.7 -2.7 -2.7 -2.7 -2.7 -2.7 -2.7 -2.7 -2.7 -2.7 -2.7 -2.7 -2.2 -1.6 -1 -0.2 0.5 1.2 2 2.7 3.2 3.2 3.2 3.2 3.2 3.2 4.2 4.8 3.8 3.3 3.1 4.6 3.5 4.4 4.5 4.9 4.8 4.7 4.4 4.3 4.1 3.8 3.6 3.4 3.3 3.3 3.4 3.2 3.2 3.2 -2.7 -2.7 5 7.8 8 8.9 10 10.6 11.3 12.6 13.5 14.2 16.6 18.9 20.7 22.1 23.6 24.7 24.2 26.2 28.8 31.5 34.5 34.6 35.6 37.9 39.1 39.9 40.9 42.6 43.5 45.3 46.6 47.7 46.9 49.9 50.6
-2.7 -2.7 -2.7 -2.7 -2.7 -2.7 -2.7 -2.7 -2.7 -2.7 -2.7 -2.7 -2.7 -2.7 -2.3 -1.8 -1.2 -0.7 -0.1 0.6 1.3 2.1 2.8 3.2 3.2 3.2 3.2 3.2 3.2 3 3.4 3.2 3.2 4.8 5 3.6 4.8 3.9 4.6 4.8 4.6 4.4 4.1 3.9 3.6 3.4 3.4 3.7 3.5 3.4 3.3 3.2 3.2 -2.7 -2.7 5 8.7 8.9 8.6 9.5 10.4 11.1 13 14.1 13.8 13.6 18.3 20.2 21.6 21.2 23.2 25.5 27.2 29.6 32 32.9 34.7 36.3 37 37.5 39 40.5 42.9 44.6 45.8 46.8 45.4 47.7 47.8
-2.7 -2.7 -2.7 -2.7 -2.7 -2.7 -2.7 -2.7 -2.7 -2.7 -2.7 -2.7 -2.7 -2.7 -2.5 -2 -1.4 -0.9 -0.3 0.2 0.8 1.4 2.1 2.9 3.2 3.2 4 3.9 3.3 3.2 3.1 4.1 3.1 3.2 3.3 4.1 4.8 4.8 4.8 4.4 4.6 4.4 4.1 3.9 3.6 3.5 3.7 3.8 3.7 3.5 3.4 3.3 3.2 3.2 -2.7 -2.7 5 7.6 7 7.9 9.8 10.4 11.8 13.2 14.6 16.1 16.3 17.7 19.4 20.5 22.7 24.1 25.9 27.8 29.7 31.8 33.3 33.1 34.5 35.8 37.3 39.4 41.4 43 44.4 45.3 45.2 46.3 47.5
-2.7 -2.7 -2.7 -2.7 -2.7 -2.7 -2.7 -2.7 -2.7 -2.7 -2.7 -2.7 -2.7 -2.7 -2.7 -2.2 -1.6 -1.1 -0.5 0 0.6 1.1 1.7 2.3 2.9 3.2 4 4.1 3.3 3.2 3.2 4.3 3.8 4 4.3 4.6 3.9 4.9 3.9 4 4.7 4.4 4.1 3.9 3.6 3.7 4.1 4 3.8 3.7 3.6 3.4 3.3 3.2 3.2 -2.7 -2.7 5.6 6.9 7.8 9.3 10.1 10.9 12.2 13.5 14.9 15.9 14.7 16.1 19.5 21.4 22.8 24.6 26.4 28.2 29 31.5 33.2 34.4 35.2 36 37.8 39.8 41.4 42.5 42.9 45.1 46.2 47.5
-2.7 -2.7 -2.7 -2.7 -2.7 -2.7 -2.7 -2.7 -2.7 -2.7 -2.7 -2.7 -2.7 -2.7 -2.7 -2.4 -1.8 -1.3 -0.7 -0.2 0.4 1 1.5 2.1 2.6 3.1 3.3 3.6 3.4 3.2 3.2 3.2 3.8 3.2 3.2 3.6 3.5 3.3 3.5 3.6 4.7 4.4 4.1 3.9 3.7 4.2 4.3 4.1 4 3.9 3.7 3.5 3.3 3.2 3.2 3.2 -2.7 4.8 6.1 6.8 9.2 9.8 11 11.2 12.6 14 14.9 15.9 16.9 14.5 19.6 21.5 23.3 25 25.7 27.5 30.8 32.4 32.5 33.3 34.8 36.5 38.3 39.6 40.5 40.6 43.7 45.7 47.4
-2.7 -2.7 -2.7 -2.7 -2.7 -2.7 -2.7 -2.7 -2.7 -2.7 -2.7 -2.7 -2.7 -2.7 -2.7 -2.6 -2 -1.5 -0.9 -0.3 0.2 0.8 1.3 1.9 2.4 2.7 3 3.2 3.9 3.2 3.2 3.2 3.2 3.2 3.7 3.1 3.2 3.8 4.8 4.7 4.5 4.3 4.1 3.9 4.2 4.6 4.4 4.3 4.1 3.9 3.7 3.5 3.3 3.2 3.2 3.2 -2.7 -2.7 4.7 5.5 8.4 9.2 9.3 10.4 11.8 12.9 14 15.3 15.8 17 15.4 20.2 21.9 22.6 24.1 26 28.7 30.7 30.6 32.4 34.1 35.5 36.5 37.1 37.5 39.8 43 44.5 46
-2.7 -2.7 -2.7 -2.7 -2.7 -2.7 -2.7 -2.7 -2.7 -2.7 -2.7 -2.7 -2.7 -2.7 -2.7 -2.7 -2.2 -1.6 -1.1 -0.5 0 0.6 1.1 1.7 2.2 2.4 2.6 3.1 3.2 3.2 3.2 3.2 3.7 3.5 3.3 3.2 3.9 4.4 4.6 4.4 4.4 4.3 4.2 4.2 4.8 4.7 4.5 4.3 4.1 3.9 3.7 3.5 3.3 3.2 3.2 3.2 3.2 -2.7 3.9 4.7 7.6 9 9 9.7 11 12.1 13.3 14.6 14.8 16.4 17.6 15.5 20.4 21.9 23.4 25.3 27.1 28.3 29.9 31.3 32.2 33.2 34.3 35 37.7 40.6 42.1 43.7 44.1
-2.7 -2.7 -2.7 -2.7 -2.7 -2.7 -2.7 -2.7 -2.7 -2.7 -2.7 -2.7 -2.7 -2.7 -2.7 -2.7 -2.4 -1.8 -1.3 -0.7 -0.2 0.4 0.9 1.5 1.8 2 2.2 2.7 3.2 3.2 3.2 3.6 4 3.7 3.3 3.6 4.4 4.7 4.6 4.5 4.7 4.7 4.6 4.6 4.9 4.6 4.4 4.2 4 3.8 3.6 3.4 3.3 3.2 3.2 3.2 3.2 -2.7 3.3 4 4.7 8.4 8.7 8.9 10.1 11.4 12.7 14 14.9 15.5 17.7 18.6 17 21.2 22.4 23.8 24.9 26 27.9 29.3 30.4 31.9 33.4 35.1 37.1 38.9 40.8 41.5 42.4
-2.7 -2.7 -2.7 -2.7 -2.7 -2.7 -2.7 -2.7 -2.7 -2.7 -2.7 -2.7 -2.7 -2.7 -2.7 -2.7 -2.6 -2 -1.5 -0.9 -0.4 0.2 0.7 1.3 1.5 1.6 1.8 2.3 2.8 3.2 3.2 4.4 4 3.2 3.6 4 4.8 4.7 4.6 4.2 4 4.1 4.3 4.6 4.8 4.5 4.3 4.1 3.9 3.7 3.5 3.4 3.3 3.3 3.2 3.2 3.2 3.2 3.2 3.5 4.4 6.6 7.7 8.9 10.1 11.3 12.4 13.5 13.9 15.6 16.7 17.2 18.5 19.5 21 22.1 23.2 24.2 25.8 27.1 29.1 31.2 33.2 35 36.4 37.9 38.9 39.6 41.5
-2.7 -2.7 -2.7 -2.7 -2.7 -2.7 -2.7 -2.7 -2.7 -2.7 -2.7 -2.7 -2.7 -2.7 -2.7 -2.7 -2.7 -2.2 -1.7 -1.1 -0.6 0 0.5 0.9 1.1 1.1 1.4 1.9 2.4 2.9 3.2 3.2 3.5 3.4 3.8 4.3 4.7 4.7 4.7 4 3.8 3.6 3.5 3.8 4.2 4.4 4.2 4 3.8 3.7 3.6 3.5 3.4 3.4 3.2 3.2 3.2 3.2 3.2 3.2 4.3 6 6.5 7.9 8.8 10.2 11.5 12.8 13.9 14.9 15 16.1 17.6 18.1 19.3 20.3 21.4 22.7 24.1 25.9 27.9 29.9 32 33.4 34.7 35.8 36.5 38.2 42.5
-2.7 -2.7 -2.7 -2.7 -2.7 -2.7 -2.7 -2.7 -2.7 -2.7 -2.7 -2.7 -2.7 -2.7 -2.7 -2.7 -2.7 -2.4 -1.9 -1.3 -0.8 -0.2 0.4 0.6 0.7 0.7 1 1.5 2 2.5 3.2 3.2 3.2 3.6 4.1 4.6 4.8 4.7 4.7 3.9 3.7 3.4 3.2 3.2 3.5 3.9 3.9 4 3.9 3.8 3.7 3.6 3.5 3.5 3.3 3.2 3.2 3.2 3.2 3.2 3.2 3.9 6.3 8 8.7 9.8 11 11.7 12.9 14 15.1 15.7 16.9 17.8 17.7 19.4 20.7 22 23.5 25.5 27.1 28.7 30.6 31.7 32.9 34.1 35.4 37.2 38.8
-2.7 -2.7 -2.7 -2.7 -2.7 -2.7 -2.7 -2.7 -2.7 -2.7 -2.7 -2.7 -2.7 -2.7 -2.7 -2.7 -2.7 -2.6 -2.1 -1.5 -0.9 -0.4 0.1 0.2 0.2 0.2 0.6 1.1 1.6 2.1 3 3.2 3.9 4.5 3.8 3.5 4 4.1 4.7 4 3.5 4 3.2 4.7 4.1 4.3 4.6 4.9 4.4 3.9 3.8 3.7 3.6 3.5 3.4 3.3 3.2 3.2 3.2 3.2 3.4 3.4 3.8 7 9 9.6 10 10.7 11.8 12.7 13.2 14.2 15.2 16.2 17.2 18.5 19.9 21.2 22.8 24.8 26.8 28.4 29.9 31.1 32.3 33.5 34.7 36.1 37.6
-2.7 -2.7 -2.7 -2.7 -2.7 -2.7 -2.7 -2.7 -2.7 -2.7 -2.7 -2.7 -2.7 -2.7 -2.7 -2.7 -2.7 -2.7 -2.2 -1.7 -1.1 -0.6 -0.3 -0.2 -0.2 -0.2 0.2 0.7 1.2 1.9 2.9 3.2 3.2 3.4 3.6 3.8 4.1 4.7 3.5 4.5 3.4 3.2 3.7 3.9 3.8 4.1 4.1 4.3 4.3 4.3 4.3 3.8 3.7 3.6 3.5 3.3 3.2 3.2 3.2 3.5 4 4 3.3 4.4 7.4 9 9.3 9.7 10.4 11.9 13.4 13.9 15.2 16.1 16.9 17.9 19.2 20.5 22.2 24.2 26.2 28.1 29.4 30.7 31.9 33 34.2 35.4 36.2
-2.7 -2.7 -2.7 -2.7 -2.7 -2.7 -2.7 -2.7 -2.7 -2.7 -2.7 -2.7 -2.7 -2.7 -2.7 -2.7 -2.7 -2.7 -2.4 -1.9 -1.3 -0.8 -0.7 -0.7 -0.7 -0.7 -0.2 0.3 0.8 1.8 2.7 3.7 4.2 4.4 4.6 4.5 4.6 4.5 3.8 4.4 3.6 3.2 3.2 4.2 4.1 4.8 4.5 4.2 4.1 4.2 4.2 4.2 4.2 3.5 3.3 3.2 3.2 3.2 3.5 4 4.6 4.6 3.9 3.2 5.5 8.7 9 9.7 10.3 12 13.5 13.7 15.1 16.1 16.7 17.7 18.7 20.3 21.3 23.3 25.2 27.1 29 30.2 31.4 32.6 33.7 34.6 35.2
-2.7 -2.7 -2.7 -2.7 -2.7 -2.7 -2.7 -2.7 -2.7 -2.7 -2.7 -2.7 -2.7 -2.7 -2.7 -2.7 -2.7 -2.7 -2.6 -2.1 -1.5 -1.2 -1.1 -1.1 -1.1 -1.1 -0.6 -0.2 0.6 1.6 2.6 3.9 3.5 4.2 4.3 3.9 3.2 4.7 4.8 4.1 3.2 3.2 3.2 4.2 4.4 4.4 4.7 4.6 4.4 4.6 4.8 4.9 5 3.3 3.2 3.2 3.2 3.2 3.6 4.3 4.9 4.9 4.3 3.7 3.5 6.2 9.7 10.5 10.9 11.4 13.2 13.5 15.1 15.8 16.4 17.8 18 20.1 21.3 22.3 24.1 26.1 28.2 29.3 30.9 32.1 32.9 33.6 34.8
-2.7 -2.7 -2.7 -2.7 -2.7 -2.7 -2.7 -2.7 -2.7 -2.7 -2.7 -2.7 -2.7 -2.7 -2.7 -2.7 -2.7 -2.7 -2.7 -2.3 -1.7 -1.6 -1.5 -1.6 -1.6 -1.5 -1 -0.5 0.5 1.5 2.6 3.4 4.5 4.6 4 3.2 3.9 3.4 3.6 3.2 3.2 3.8 4.6 3.9 4 4 4 4.6 4.8 4.9 4.6 3.9 3.2 3.9 3.2 3.2 3.2 3.2 3.3 4.2 5 4.4 3.9 3.6 3.3 6.5 9.9 10.3 10.8 11.5 12.4 13.5 13.3 13.9 13.7 17.3 17.8 19.5 20.6 21.6 23.4 25.1 27.3 29.5 30.4 31.3 32.7 33.5 34.1
-2.7 -2.7 -2.7 -2.7 -2.7 -2.7 -2.7 -2.7 -2.7 -2.7 -2.7 -2.7 -2.7 -2.7 -2.7 -2.7 -2.7 -2.7 -2.7 -2.5 -2.1 -2 -2 -2 -2 -1.9 -1.6 -0.6 0.4 1.2 2.2 3.2 4.3 4.5 3.2 3.4 4.5 3.2 3.2 3.2 3.2 3.3 4.4 4.1 4.2 4.2 3.8 5 4.7 4.9 4.9 3.2 4.7 3.8 3.7 4 3.9 3.7 3.4 4.3 4.7 4.5 4.1 3.8 3.5 3.2 7 9.2 10.2 11.2 12.1 12.4 12.8 13.4 13.7 15.3 16.5 18.3 19.6 21.5 23.2 24.8 26.5 28 29.1 30.2 31.6 32.9 33.8
-2.7 -2.7 -2.7 -2.7 -2.7 -2.7 -2.7 -2.7 -2.7 -2.7 -2.7 -2.7 -2.7 -2.7 -2.7 -2.7 -2.7 -2.7 -2.7 -2.7 -2.7 -2.4 -2.5 -2.5 -2.5 -2.7 -1.8 -1.1 -0.2 0.7 1.7 2.7 3.4 3.8 3.2 3.2 3.2 3.2 3.2 3.2 3.2 3.2 3.3 4.8 4.8 4 4.3 3.7 3.2 3.2 3.3 3.9 3.8 3.4 3.2 4.1 4.4 3.5 3.7 4.4 4.4 4.2 4 3.9 3.7 3.3 5 7.5 8.5 9.7 10.9 11.7 12.2 12.8 13.8 15.1 16.4 17.7 19.6 21.3 22.9 24.4 25.8 27.3 28.5 29.5 30.8 31.8 32.7
-2.7 -2.7 -2.7 -2.7 -2.7 -2.7 -2.7 -2.7 -2.7 -2.7 -2.7 -2.7 -2.7 -2.7 -2.7 -2.7 -2.7 -2.7 -2.7 -2.7 -2.7 -2.7 -2.7 -2.7 -2.7 -2.7 -2.7 -1.7 -0.8 0.2 1.1 2.1 3.1 3.2 3.2 3.2 3.2 3.2 3.2 4.2 3.2 4.7 3.2 3.2 4 3.5 3.2 3.2 3.9 3.4 3.6 4.1 3.8 3.4 3.2 3.2 4.1 3.2 3.9 4.2 4 3.9 3.7 3.5 3.4 3.2 3.2 6.7 8 8.5 9.7 10.7 11.3 12.1 13.2 15.1 16.4 17.8 19.1 20.6 22.2 23.6 25.1 26.6 27.9 29.3 30.6 31.9 32.8
-2.7 -2.7 -2.7 -2.7 -2.7 -2.7 -2.7 -2.7 -2.7 -2.7 -2.7 -2.7 -2.7 -2.7 -2.7 -2.7 -2.7 -2.7 -2.7 -2.7 -2.7 -2.7 -2.7 -2.7 -2.7 -2.7 -2.7 -2.7 -1.5 -0.5 0.6 1.6 2.5 3.2 3.2 3.2 3.2 3.2 3.2 3.4 3.7 3.2 3.2 3.2 3.2 3.2 3.2 4.6 4 3.8 4 4.4 4.1 3.4 3.2 3.2 3.6 3.4 3.8 3.8 3.7 3.5 3.3 3.2 3.2 3.4 3.7 5.3 6.6 8.1 8.8 9.7 10.6 11.6 12.5 13.7 15.9 17.2 17.8 19.3 20.9 22.5 24.1 25.9 27.8 29.1 30.4 31.7 32.9
-2.7 -2.7 -2.7 -2.7 -2.7 -2.7 -2.7 -2.7 -2.7 -2.7 -2.7 -2.7 -2.7 -2.7 -2.7 -2.7 -2.7 -2.7 -2.7 -2.7 -2.7 -2.7 -2.7 -2.7 -2.7 -2.7 -2.7 -2.7 -2.7 -0.9 0 1 1.9 2.9 4.5 4.2 3.2 3.2 3.2 3.8 3.2 3.2 4.2 4.2 3.9 4 3.5 4 4.7 3.9 4.3 4.7 4.4 3.6 3.2 3.4 3.2 3.3 3.7 3.5 3.3 3.2 3.3 3.5 3.8 4 4.2 4.4 5.4 8.3 9.7 10.1 11 11.4 12 13.2 14.5 16.3 17 18.4 20.1 21.8 23.5 25.6 27.6 29 30.2 31.5 32.8
-2.7 -2.7 -2.7 -2.7 -2.7 -2.7 -2.7 -2.7 -2.7 -2.7 -2.7 -2.7 -2.7 -2.7 -2.7 -2.7 -2.7 -2.7 -2.7 -2.7 -2.7 -2.7 -2.7 -2.7 -2.7 -2.7 -2.7 -2.7 -2.7 -1.2 -0.2 0.8 1.8 2.7 3.2 3.2 3.2 3.2 3.2 3.2 3.2 3.2 4.2 4 3.8 3.8 4.1 3.9 4.9 4 4.4 4.9 3.6 3.2 3.6 3.7 3.2 3.2 3.3 3.2 3.4 3.6 3.8 3.9 4.1 4.3 4.5 4.6 4.8 7.7 8.7 10.6 11.3 11.5 11.6 12.6 13.7 15.2 16.7 18.5 19.4 21.1 23.2 25.3 27.3 28.8 30.1 31.5 32.8
-2.7 -2.7 -2.7 -2.7 -2.7 -2.7 -2.7 -2.7 -2.7 -2.7 -2.7 -2.7 -2.7 -2.7 -2.7 -2.7 -2.7 -2.7 -2.7 -2.7 -2.7 -2.7 -2.7 -2.7 -2.7 -2.7 -2.7 -2.7 -2.1 -1.2 -0.2 0.8 1.7 2.7 3.2 3.2 3.2 3.2 3.2 3.2 3.2 3.2 3.2 3.2 4.4 3.7 4.5 3.2 3.2 3.2 3.9 3.4 3.2 3.2 3.2 3.2 3.2 3.2 3.3 3.5 3.7 3.9 4 4.2 4.4 4.5 4.7 4.9 5.1 6.6 8.8 10.4 10.7 10.3 11.5 12.4 13.4 14.3 15.5 17.1 18.8 20.5 22.4 24.2 26 27.8 29.5 31.3 33
-2.7 -2.7 -2.7 -2.7 -2.7 -2.7 -2.7 -2.7 -2.7 -2.7 -2.7 -2.7 -2.7 -2.7 -2.7 -2.7 -2.7 -2.7 -2.7 -2.7 -2.7 -2.7 -2.7 -2.7 -2.7 -2.7 -2.7 -2.7 -2 -1.1 -0.2 0.8 1.7 2.7 3.2 3.2 3.2 3.2 3.2 3.2 3.2 3.7 3.3 3.2 3.2 3.8 3.2 3.2 3.4 3.4 3.4 3.4 3.4 3.5 3.6 3.6 3.6 3.5 3.2 3.4 3.7 4 4.3 4.5 4.6 4.8 5 5.1 5.6 5.5 7.6 8 8.7 9.9 11.3 12.2 13.2 14.1 14.9 17 18.9 20.5 22.1 23.7 26 27.3 29.1 30.9 32.7
