UK/data/sn/sn98_OST50GRID_20230518/SN98.asc
ncols 200
nrows 200
xllcorner 290000
yllcorner 280000
cellsize 50
[rows 140 to 174 of 200, columns 0 to 77 of 200]
399.4 399.3 403.4 418.7 425 427.6 429.5 431.1 432.2 432.1 433.5 435.5 435.9 435 432.2 428 428.1 426.9 420.7 414 399.8 396.2 392.8 388.4 382.5 373 364.4 363.1 357.9 352.2 346.8 346.2 343.4 340.2 338 336.5 335.5 336.4 337.2 337.4 336.6 336 334.7 332.6 326.8 318.5 312 300.6 282.7 272.3 262.2 252.5 241.9 234.8 230.4 225.9 220.5 214.3 211.6 209.9 208.7 206.4 203.8 202.7 207.1 208.9 209.9 209.9 208.4 206.6 205 200.2 201.7 201.7 201 199.8 195.2 196.2
409.7 414.3 417.2 418.1 423.7 427.9 429.7 430.5 430.9 431.1 431.6 432.6 434.1 433.7 431.3 429.2 429.7 430.6 427.1 423.1 418.6 413.8 409.9 402.4 394.7 386.6 384.3 380.5 376 370.3 365 361 357.8 355.6 354.6 354 353.1 352.2 350.3 347.9 343.6 338.7 333.6 323.3 316 305.6 292.9 276.8 261 248.9 243 236.8 231.3 227.8 223.1 217.5 213.7 211.5 211.2 209.6 207 206.2 210 216.4 217.2 217.4 216.5 213 209.3 207.2 203.9 205 204.6 204 202.3 199.3 200.8 200.5
419.2 421.9 424.6 425.4 428 428.4 429.5 430.2 430 430.1 430.4 431.4 432.1 431.8 431.2 430.2 434.1 433.5 430.8 426.5 423 420.6 416.9 408.7 404.7 403.3 401 397 392 387.8 382.1 378.5 375.5 374.2 372.5 369.6 367.6 362.7 357 350.3 343.2 334.3 323.8 312.5 301.6 286.7 270.7 257.9 245.4 240.8 234.8 231.6 226.8 223 216.7 213.8 216.9 220.3 217.4 215.5 216.8 216.1 218.7 221.9 222.1 221.2 219 214.3 209.6 207.3 208.8 207.6 207 206.1 204.6 204.4 205.6 207.6
426.4 428 429 429.5 430 430.2 430.5 430 429.3 429.3 429.3 429.9 430.4 430.4 431 432.2 434.1 433.4 431.2 427.8 425.2 426 420.4 416.4 414.6 417.6 413.2 410.7 408.3 404.3 397.4 391.8 389.1 387.6 383.4 379.6 371.8 365 354.8 345 335.5 325.5 313.8 289.9 279.9 266 254.1 245.4 238.3 233.3 229.3 225.6 221 216.8 228.5 232.7 230.8 229.5 224.4 223.9 225.6 229.6 230 228.8 229.3 225.6 221 214 212.4 212.5 213.1 212.9 211.6 209.8 210.9 210.3 213 215.8
431.4 431.4 431.3 431.1 431.4 431.6 431.7 430.9 429.6 428.6 428.5 428.5 429.1 429.5 429.4 431.1 430.6 429.7 429.3 427.4 426.2 425.6 424 421.2 419.4 423.3 421.7 418.1 416.8 410.1 403.2 398.5 395.4 392.6 387.7 378.9 370.9 359.6 349.2 337.5 326.3 314.2 299.2 280.4 278.2 267.2 257.3 248.1 242 237.8 231.7 220.5 221 241.8 249 247.6 242.6 242.8 237.4 234 241.1 243.6 240.4 237.4 234.5 228.3 220.1 220 217.9 219.7 220.6 219.9 218.2 217.5 218.6 220.8 226.2 232.3
435.5 434.7 434.1 433.2 432.9 432.9 432.8 431.7 430.1 428 427.3 427.6 427.3 427.6 427.1 426.1 426.2 426.6 426.5 424.5 424.8 425.4 425.4 424.6 423.5 426.6 422.9 422 417 410.8 404.7 401.6 397.9 393.7 385.8 374.6 364 352.2 338 326.2 313.2 296.6 292.9 292.4 282.4 272.2 262.2 253 246.6 239.5 222.9 222.2 249.5 264.5 262.4 258 254 255.8 253.7 249.9 252.7 253.5 249.8 243.2 236.9 228.4 226.9 227.2 226.6 227.9 230.6 228.3 228.9 231.1 229.5 235.7 247.4 256.6
439.9 438.5 437.3 436.2 435.6 434.7 433.6 431.8 429.9 427.7 425.4 423.8 422.1 422.9 423.2 420.9 420.6 421.2 421.3 419.6 420.6 420.7 422.9 427.2 423.3 424.1 421.8 420.1 414 410.2 405.6 400.6 396.5 389.3 379.7 367.7 354.5 340.9 329.1 315.6 303.4 306.8 304.7 296 283 273.1 262.5 252.9 245.8 230.8 221.8 242.6 265.4 273.4 271.4 269.3 268.7 269.9 265.2 262.9 263.3 259.4 251.6 242.2 234.3 233.2 232.7 233.4 238.9 240.8 242 241.5 241.6 246.3 253.6 255.8 278.1 279.4
443.4 442 440 438.4 437.1 435.7 433.9 432 430.7 429 426.2 421.3 419 413 416.6 418.5 418 416.6 415.4 413 414.4 416.1 419.4 423.1 420.4 419.5 417 414.8 411 405 400.8 395.8 389.5 380.7 370.3 359.7 346.2 332.1 320.7 311.2 315.2 315.7 309.6 295 279.5 271 261.3 252.6 246.2 229.3 223.7 247.2 271.5 280.4 282.6 281.7 281.1 277.7 273.5 269.8 266 259.5 250.8 247.1 244.3 240.4 238.4 242 246 250.4 252.7 254.3 256.5 263.9 278.7 288.6 292.5 284.2
445.9 443.3 441.4 439.7 438 436.1 434.3 432.2 430.8 428.9 425.6 420.6 417.1 412 406.1 410.4 408.9 409.7 408.3 405.7 405.9 407.9 414.5 417.6 415.3 412.8 411.2 408.1 405 398.2 392.9 390.5 383.6 373.7 363.2 350.3 336.9 326.1 323.9 326.3 326.6 322.5 308.7 291.7 277 270.3 259.6 251.6 246.1 241.5 224.7 252.6 277.9 287.8 292 291.8 288.1 282.6 277.1 272.1 263.9 260.6 256.2 256.4 253.8 248.5 253.7 255.1 253.1 259.5 264.9 267 274.4 284.6 292.7 293.8 293.8 285
446.2 443.7 442.5 440.9 438.4 436 433.8 431.4 429.8 426.2 422.2 419.2 412.6 408.2 402.5 400.9 402.1 402.1 402.4 399.4 398.7 402.3 408.5 410.3 408.7 405.2 405.1 402.4 397.9 392.5 389.7 386.4 378.4 368.2 356.9 344 339.5 337.1 338.8 340.1 333.4 321.8 302.6 286.3 276.2 268.6 260 252.1 247.1 233.4 234.9 261 283.5 294.4 298.8 297 291.4 286.2 279.7 273.7 273.8 269.4 267.4 268.5 266.2 260.7 265.5 261.1 263.6 272.7 279.5 282.1 291.2 298 300.6 300.7 295.2 282.7
445.5 444.3 442.6 440.5 437.9 435 432.3 429.2 426.2 422.5 418.4 413.1 408.6 404.6 400.2 397.9 396.5 396 396.4 394.1 392.8 396.9 401.9 401.9 399.4 395.4 398.7 394.2 390.2 386.9 385.6 380.7 372.9 365.3 357.8 353.2 348.1 347.7 351.3 345.8 333.5 315.4 296.8 280.9 272.3 267.1 258.5 251 246.8 228 249.8 268.4 289.9 300.7 302.6 300.9 297.3 292.9 280.8 284.1 280.3 280.3 281.7 281.1 272.9 278.2 276.7 269.9 274.7 286 292.3 296.5 306.7 310.5 309.5 303.6 294.5 285.9
444.9 443.1 440.6 438.3 434.8 431.2 427 424.1 420.2 416.6 411.7 406.7 402.6 398.5 397.1 395.8 394.3 391.7 389.7 388.9 386.8 390 391.3 390.8 389.4 386.3 389 383.7 383.7 379.9 379.9 377.3 372.2 367.9 363.8 360 356 356.6 356.4 345.5 328.9 306.2 287.1 274.2 268.6 264.1 256.7 250.3 235.4 238.1 261.1 277 297.8 307.6 309.3 307.4 304.1 298.5 291.1 294.3 294.7 297.2 295.8 293.8 284.3 290.2 288.2 283.2 291.7 299.2 306.3 314.4 319.8 320.8 314 302.7 294.3 297.6
442.7 440.8 437.7 433.5 429.4 425 421.1 418.5 414.6 409.5 406.2 403.2 400.7 398.3 395.6 395 394.2 393.6 392.8 391.4 388.7 384.5 385 382.9 380.3 378.3 379.4 377.7 374.4 367.2 374.3 377 374.1 371 368.3 365.4 361.1 360.8 354.4 340.7 318.9 296.6 279.9 268.9 266.1 260 252.6 244.9 229.8 257.5 273.1 290.4 310 316.8 316.9 315.1 310.2 304.6 304.6 307.7 311 310.7 308.5 299.2 297 300.6 300.7 300.2 310.7 313.8 323.4 327.1 330.2 326 314.8 312.7 309.2 311.1
437.9 436.7 432.3 426.8 423.1 418.6 416 412.8 409.9 406.3 403.6 401 400.3 399.5 398.1 400.6 402.5 402.4 399.7 395 392.8 390.2 382 374.7 379.1 373.2 359.4 364.1 345.7 343.4 362.5 376.8 372.8 373.3 371.4 364.9 365.1 363 351.7 330.2 306.7 285.9 270.6 263.7 261.9 255.4 249.5 231.6 249.3 265.9 285.1 305.2 321.1 325.1 324.2 322.8 319.4 310.6 316.4 323.7 323.9 322.5 317.8 309 310.8 312.9 314.6 320.3 324.7 329.6 333.9 335.8 336.6 331.8 327.1 322.8 321.7 323.8
430.7 430.3 424.9 419.7 417.3 415 413.3 411.5 406.7 404.3 404.1 403.5 403.4 405.1 407.8 410.5 413.4 412.5 409.6 404.3 403.2 400.7 397 391.8 381.5 375.2 369.1 334.9 323.2 323.8 348.5 364.4 369.5 370.1 365.2 363.8 363.6 355.9 336 314.1 293 275.5 262.5 259.7 255.3 247.9 237.5 237.3 265.7 278.9 301.2 318.3 330.2 333.4 332.9 331.7 326.1 322.8 330.9 336.1 335.2 332.3 324.1 322.7 323.9 325.5 328.2 331.5 336.5 339.8 341 342.8 342.8 340.1 335.5 331.4 328.2 332.2
423.4 422.3 419.3 417.1 414.9 411.3 410.5 411 409.7 408.2 408.8 409.9 412.8 415.4 419.6 424.3 423.7 421.4 417.5 415.1 412 409.4 403.9 397.5 389.9 381.5 373.3 363.4 340.7 313 333.7 347.9 359.8 361.8 355.6 354.8 358.6 337.7 320 299.4 282.2 265.8 257.7 256.7 253.7 239.2 237.8 251.5 278.7 293.9 317.4 333.8 341 342.5 342.4 340 335.3 339.5 349.7 346.6 344.3 340 332.1 331.5 334.1 335.3 335.5 338.3 344.2 344.6 346.6 348.3 349.8 347.1 339 330.2 335.2 333.4
421 419.3 418.5 417.4 416.7 415.5 415 413.7 414.6 416.8 419.1 422.8 424.9 426.7 426.9 428.7 426.8 424.2 421.5 419.6 416.5 411.1 406.1 395.8 386.1 378.5 368.4 359.5 347.1 309.3 314.2 316.3 328.9 329.9 329.5 340.6 332.9 323.2 303.5 285.5 270.9 259.9 255.2 253.8 247.4 255.9 238.6 265.8 292.9 312.1 333.8 347.2 351.9 354.2 353.6 350.5 351.4 361.7 362.2 354.3 348.5 342.7 337.4 338.4 340.1 340.4 336.8 344.5 345.5 347.6 351.1 352.9 354 342.4 330.4 330.1 334.1 317.7
422.5 422.1 422.6 420.6 420.2 419.1 419.9 423.4 426 429.3 432.4 432.4 433.2 432.2 431.8 431.1 428.7 425.6 422.3 419.9 411.8 410.7 402 392.5 381.1 371.7 362.3 352.7 348.1 323.9 300.3 298.4 296.2 291.6 295.5 305.9 305.5 300.6 284.4 274.2 264.5 251.1 252.7 258.5 259.1 248.1 245.7 280 307.9 327.1 347.7 357.1 362.5 364.9 364.9 362.5 366.8 371.4 362.7 351.5 345 338.9 336 342.3 338.3 336.1 337.7 342.4 344.9 347.2 352.3 352.7 343.4 328.7 327 329.7 322.6 302
429.1 430.1 429 427.7 424.6 427.4 431.3 433.5 437.5 438.8 438.7 438.1 436.7 434.4 432.3 431 427.1 424.3 421.3 417.7 412.8 405.9 396.6 387.2 376.4 366.7 351.6 345.9 340 324.5 312.1 299.7 299 290.9 286 287.8 278.2 282.2 274.3 267.8 259.7 255.9 266 267.3 266.3 246.2 252.3 288.2 315.7 334.6 353.4 362.9 369.9 371.7 370.3 369.1 370.3 369.4 357 345.1 337.9 332.8 331.8 336.4 327.6 328.3 330.2 332.7 335.2 341.1 341.9 340.7 328.3 322.5 324.2 325 311.1 292.4
436.7 436.4 435.6 434.5 433.7 435.1 438.4 441 442.8 443.1 443.2 440.5 438.4 436 433.3 430.8 428.5 424.5 420.4 415.7 408.5 399.7 388.8 380.6 372 363.5 347.1 343.2 327.6 316.2 312.1 313.4 307.2 301.6 299.8 293.7 282.6 266.3 267 265.4 257.7 265.5 271.9 273.4 270.2 245.9 259.7 294.8 314.1 330.8 354.7 366.4 372.6 367.5 369.2 373.9 369 361.5 346.4 335.3 331.3 330.1 328.8 325.4 322.1 320.7 318.1 317.9 320.2 325.3 323.1 318.9 311.6 311 314.8 311.7 296.1 287.7
444.6 443.8 441.5 440.3 439.8 441.2 444.2 445.7 445.6 444.9 444.4 442.1 439.8 436.9 435 432.7 429.4 424.8 419.2 413.1 405.5 396.2 388.4 378.8 372 360.9 356.7 345.3 343.3 342.6 339.3 338 325.8 311.2 305.1 298.5 292.3 285.8 279.7 274.2 272.7 274.8 277.3 275.7 263.5 246.6 268.1 277.5 283.5 306.2 335.3 365.2 357.6 356.7 368.6 374.8 363.7 347.5 337.5 332.9 329.9 329.3 323.6 320.3 316.3 313.7 312.8 306.7 307.2 307.7 302.1 297.4 298.3 301.1 299.6 294.3 286.4 281.2
448 446.5 443.5 442.2 442.7 445.1 446 447.4 447 447.2 445.3 443.3 440.4 438.8 436.9 434 430.4 424.5 416.6 410 402.4 394.7 386.7 379.1 371.1 368.1 362 359.1 359.4 362.4 362.3 357.1 343.3 325.9 318.2 311.6 304.3 300.7 292.8 287.8 282.7 281.9 280.6 272.2 252.6 264.7 253.8 260.1 260.1 286 317 347.1 344.1 353.7 368.6 364.3 348.9 340.4 336.2 334.2 332.2 329.9 329 327.6 324.5 323.5 322.6 313.9 309.6 303.7 305 304.7 298.3 293 299.4 289.8 279.1 277.3
449.3 446.6 444.3 443.6 443.6 445.8 447.1 447.6 448.4 447.6 445.1 443.1 441.6 439.9 437.3 434.5 429.2 421.8 412.9 405.5 399.8 390 385.1 382 380.3 376.2 370 370.3 370.4 374.7 374.9 371.1 361.6 347.9 342.5 336.4 323.2 314.2 306.5 299.8 292.9 287.1 283.4 280 264.4 276.3 283.7 290.7 281.2 271.1 302.5 318.9 335.3 351.7 359.8 351.1 342.7 339.3 337 335.8 333.4 332 331 329.7 327.1 325 322.9 314.2 310.9 304.3 308.9 306.2 302.7 295.9 294 286 277.2 270.6
448.3 446.4 445.3 445.3 447 447 447.3 447.7 447.4 445.8 444.4 443.8 442.6 441.2 437.7 433.6 428.2 421.2 414.3 407.7 403.9 400 395.8 392.3 388.8 384.9 382.3 382.5 384.7 385.8 384.3 380.7 371.1 364.5 354.7 343.2 333.7 325.5 318 309.3 300.4 294.6 295.7 294.2 268.3 286.9 296.8 303.5 299.1 265.8 285.1 299 325.7 349.6 351.3 345.4 342.1 341 339.6 338.3 336.3 334.2 332.4 330.9 328.4 326.8 323.6 317.2 312.3 312.4 311.8 306.1 303.8 300.3 293.7 288.5 283.1 275.4
448.3 446.8 445.6 448.5 446.7 445.7 446.6 446.4 445.5 444.5 443.6 443 441.5 439.5 436.6 433.6 429.9 425.9 419.4 414.2 411.2 407 402.8 399 395.4 391.9 391.9 393.1 395.4 394.5 391.4 386.4 378.9 369.9 358.3 347.3 338.3 331.3 322.3 312.1 305.8 306.1 306.3 293 270 284.4 294.8 306 312.3 292.3 289.8 288.6 322.2 343.9 345.2 343.3 343.8 344.3 343.1 341.4 339.4 336.2 333.5 332.5 330.5 329.1 327.1 320.4 313.4 315.2 315.6 314.3 312 307.1 299.9 293.7 285.6 278.5
446.8 444.3 443.5 444 443 444.4 444.4 444.2 443.3 441.2 439.1 440.1 438.9 437.4 435.3 432.8 429.6 425.5 421 416.2 413.2 410.4 407.1 402.6 397.8 399.5 400.8 402.3 402.1 399.6 394.3 389.3 380.8 369.8 358.3 347.7 338.8 331 323.4 316.2 313.1 313 312.4 296.8 274.3 295 298.2 307.8 315.6 315.5 300.6 294.7 312.7 330.9 341.8 347.1 347.3 347.6 346.3 344.4 342.3 341.3 338.4 334.7 333.7 332.2 329.6 322.5 319.3 322.1 325.3 326.7 321.5 315 308.7 298.3 288.5 274.6
441.9 438.3 438.9 439.1 439.5 440.7 440.8 440.9 439.7 436.6 435.2 436.2 435.7 434.3 431.8 429.7 427.6 423.6 418.6 416.3 415.2 412.5 407.7 402 402.6 405.7 407.4 408.2 406.6 400.8 396 388.8 378.6 367.5 357.2 346.9 338.4 332.3 328.7 318.6 318.3 319.5 321.3 303 274.8 293 307 312.1 316.5 317.4 302.7 289.2 302.9 318.9 332.7 345.4 348.8 350.9 350.3 350.8 350.4 347.1 342.5 338.7 335.7 334.1 329.2 325.4 326.1 339 339.4 334.4 331.8 323.2 316.3 306.7 291.5 275.8
434.1 434.3 434.3 434.8 435.8 436 435.7 435.9 434.4 433.2 433 430.5 430 429.7 426.5 424.6 421.7 418.3 415.6 416.2 415.1 412 407.1 404.4 408.2 409.8 411.4 410.5 406.1 399 394.1 386.4 376.8 366.8 357 345.8 338.4 334.8 330.3 323.3 323 328 322 306.7 287.3 278 311.7 317 320.1 322.2 316.4 303.6 306.5 328.7 333.7 343.1 351.2 355.8 356.7 357.7 356.2 351.9 347.4 343.3 340.2 337.7 332.7 332.3 343.3 353 347.3 346 339.2 336.1 327.1 312.1 294.7 276.4
430.2 428.7 431.8 428.9 430.6 431.6 431 431.3 432.1 431.9 430.1 428.1 426.9 425.2 421.7 420.1 417.2 414.2 413.4 414.3 413.9 411.2 405.5 406.4 412 411.4 412.5 410.6 402.7 396.4 391.6 383.5 375.6 367.1 357 346.6 339 334.4 331 325.9 325.8 313.2 302.9 283.3 287.1 298.8 316.9 321.7 323.8 325.7 326.3 303.9 321.5 329.9 336.7 344.4 355.1 362.2 363.9 363.9 361.6 357.9 352.9 349 346.3 344.1 343.1 350.1 359 355.1 352.7 350.7 351.2 343.6 333.6 314.1 291.1 277.4
426.5 423.8 423 422.5 425.6 424.9 427.1 430.7 432.1 431.2 427.8 424.4 422.9 421.5 419.2 416.9 413.7 411.1 411.7 412.4 412.5 407.4 402.3 406.9 408.9 408.3 408.7 405.6 399.6 395.6 388.7 381.3 373.2 364.5 355.2 345.6 338.9 334.7 330.1 326 312.1 287.1 297.9 303.4 309.8 316.2 324.2 327.8 330.9 330 331.7 330.5 306.8 323.8 339.1 347 361.1 366.5 369.3 370.3 367.9 363.9 359.8 356.2 355.4 354.2 354.9 356.2 362.3 357.4 354.2 362 356.3 347.8 337.1 320 289.9 278.1
425.4 421.9 419.5 418.9 419.6 421.6 425.6 429.9 429 425.6 422.2 421.7 420.7 417.6 415.3 412.3 409 407.9 409.3 409.1 405.6 399.7 399.2 403 403.8 404.1 405.2 403.1 399.4 393.3 385.4 376.1 367.6 357 347.5 343.5 339.1 333.8 330.5 316.9 292.3 307.1 330.8 331.7 330.5 329.8 332.5 334.3 335.7 336.2 336.4 334.6 321.1 329.6 343.9 349.5 359.1 370.9 376.2 377 374.6 370.9 368.5 365.5 364.1 364.7 357.8 357.4 366 357.7 363.3 366.8 357.9 348.3 333.3 315.7 288.4 274.4
423.5 419.9 417 416.4 417.2 421.5 421.6 420.7 421.3 421 420.5 419.7 416.7 412.1 409.6 406.4 404.6 403.3 404.2 402.8 399.3 393.3 392.3 396.4 398.7 403.7 404.8 401.7 394.1 387.1 377 368.6 358.1 345.3 342.4 341 337.6 330.4 313.9 294.8 290.4 322 332.2 333.2 333.4 334.2 336.1 337.6 339.1 339.4 338.2 335.8 313.1 336 341.5 347.2 358 378.9 382.9 384 381.6 377.7 375 374.4 374.5 360.8 359.1 367 363.4 361 364.1 364.3 355.1 344.6 330 312 294.5 278.3
423.6 420.1 416.4 412.7 414.2 412.8 411.4 413.9 420.3 420.4 417.6 415.7 412.3 406.3 401.7 399.5 399 397.1 398.8 394.8 390.7 385.9 384.7 391.9 398.2 403.7 400.3 392.2 385.7 379.9 372.1 363.7 353.4 342.2 337.1 335 329.7 319.1 314 318.8 298.2 325.3 331.2 332.6 334.8 336.9 338.9 340.7 342.6 340.7 338.7 335.5 318.1 331 333.3 341.5 363.2 377.6 386.4 389.6 387.6 383.2 381.9 383.1 368.2 362.4 371.2 370.8 364.3 363.6 361.2 359.6 349.7 339.1 326.6 305.6 297.5 277.1
423.2 420.1 415.3 412.3 409.5 408.3 409 413.8 419.4 415.5 411.7 410.2 406.9 401 395.1 392.6 393 387.9 388.7 385.7 382.9 379.3 382.1 386.1 393.7 394.5 387.8 383 380.1 375.3 368.1 360 350 340.7 335.5 324.7 312.8 311.7 319.6 318.3 317.6 326.9 329.4 332.1 336.3 340.4 341.9 343.4 343.4 341.2 336 325.9 323.6 323.6 326.5 340.9 352.9 368.4 387.6 391.1 387 384.8 386.1 379.6 367.3 371.8 374.4 371.4 366.1 364.7 359 353.3 343.3 333.7 316.6 304.1 290.9 267.3
422.7 418 415.1 412.2 409.1 405.9 405.7 411.1 406.4 403.3 404.8 401.7 398.4 393.3 382.3 384.4 384.5 376.6 378.2 377.1 369.1 371.8 370.5 371.5 376.3 379.8 376.3 373.8 371.5 368.5 361.8 353.7 339 327.4 318.6 312.8 319.3 321 319.9 313.3 320.3 325.9 330.2 336.2 342.5 344.4 344.4 344.9 343.3 338.8 331.6 325.1 323.6 323.6 323.6 328.2 337.8 355.4 380.6 386.1 385.6 387.4 385.6 375.2 372.5 371.2 371.3 370.1 370.8 360.7 346.3 345 338.3 326.1 315.5 300.7 276.6 260.4
