WholeMapElevations/data/su/su15_OST50GRID_20230518/SU15.asc
ncols 200
nrows 200
xllcorner 410000
yllcorner 150000
cellsize 50
[rows 35 to 69 of 200, columns 0 to 78 of 200]
112.1 111.6 110.9 110.1 109.4 109.1 110.1 112.1 113 113.6 114.3 115.5 116 116.5 116.6 116.8 117 116.9 116.3 115.8 114.8 113.8 113.2 112.2 111 109.5 108.8 108.3 106.2 106.3 105.4 105.2 105.2 105.3 106.3 108 109.4 110.7 110.9 109.9 109.1 107.7 106.3 105 103.8 102.6 101.6 100.8 102.1 102.2 102.1 101.9 101.9 101.9 101.8 101.8 101.5 101.5 100.5 100.4 100.4 101.6 101.7 101.5 101 100.7 99.9 98.6 99.4 99.7 99.9 100.4 101.3 101.7 102 102.5 102.9 102.8 103.1
111.5 110.4 108.9 108 107.6 107 108.2 109.4 111.2 112 112.8 113.9 114.5 115.1 115.3 116.2 116.7 116.9 117.1 116.6 115.9 115 113.7 112.4 111.1 109.9 108.7 107.7 107.1 107 107.1 106.2 105.3 106.4 108 109.9 111.5 112.3 112.4 111.8 110.8 109.3 107.2 105.4 104.2 103.1 102 101.4 102.1 102.1 101.7 101.6 101.4 101.7 101.6 101.7 101.8 101.9 101.1 100.1 100.4 101.6 101.7 101.2 100.8 100.6 99.3 98.5 99.1 99.7 100 100.8 101.5 101.9 102.1 102.6 102.9 102.8 103.2
110.7 109.7 108.4 107.5 106.2 105.4 106.7 107.9 109.1 110.5 111.5 112.2 113 113.1 113.8 114.2 115 115.6 116.4 117.1 116.6 115.5 114.3 112.7 111.3 109.9 108.7 107.7 107.4 106.6 106.7 106.5 106.4 107.4 109.7 111.6 113.3 113.8 113.2 112.3 111.3 109.9 108.1 106.2 104.6 103.5 102.3 101.4 101.7 101.9 101.4 101.4 101.4 101.5 101 101.1 101.6 100.1 99.9 100.2 101.2 101.6 100.9 101.4 100.9 100.2 98.8 98.6 98.9 99.4 100 101.3 101.7 102.1 102.6 103.2 103 103.3 103.9
109.9 108.6 107.6 107 105 104.6 105.5 107.2 108.1 109.2 110.1 111.3 111.7 111.2 111.4 111.5 112.1 113.3 115 116.2 116 116 114.9 113.4 111.8 110.1 108.8 107.8 107.1 106.4 106.1 106.1 106.5 107.8 110.1 112.4 114 114.9 114.6 112.9 111.8 110.3 108.4 106.6 104.6 103.2 102 100.6 100.7 101.6 101.5 101.5 101.4 101.1 101.3 101.4 100.3 99.2 99.2 100.9 101.5 101.3 101.1 100.9 100.7 100.4 99.5 99 98.7 99.5 100.6 101.2 102.4 103.3 103.2 103.2 103.1 103.8 104
108.6 107.4 106.1 105.9 104.8 104 104.7 105.7 106.7 107.7 108.3 109.7 110.4 109.6 109.5 109.8 109.6 110.6 112.4 114.7 116 115.9 114.9 113.2 111.6 110.1 108.8 107.5 107.1 106.3 105.9 105.9 106.3 108.3 111 112.9 115 114.8 114.4 113.7 112.4 110.7 108.8 106.8 104.8 103.4 102.7 100.3 100.7 100.9 101.2 101.2 101.2 101.2 100.7 100.3 99.5 99.3 100 101.2 100.4 100.7 101 100.3 99.8 99.5 98.9 98.4 99.5 100.9 101.6 101.4 101.9 103.4 103.8 104.1 103.8 103.6 104.3
106.1 106.3 104.8 104.9 104.5 103.6 103.8 104.7 105.5 106.5 106.9 108.1 108.7 108.2 108.3 107.6 107.7 108.3 110.1 112.4 114.9 115.8 114.5 113 111.6 110.1 108.8 107.2 106.6 106 105.7 105.8 106.1 108.6 111.6 113.4 115 114.8 114.4 113.5 112.1 110.7 109.2 107.1 104.8 103.2 101.9 100.8 100.7 101.1 100.9 100.9 100.8 100.8 100.5 99.9 99.8 99.6 100.1 101.3 101.3 100.9 100.2 99.6 99.7 99.7 98.8 98.8 100 101 101.8 102.9 102.6 102.7 103.4 104.1 104.4 104.4 104.5
101.6 99.8 104 103.2 103.2 102.6 103.2 103.9 104.6 105.1 105.4 106.9 106.9 107.6 107.1 107 106.9 107.5 108.5 110.2 113.1 115.1 114.2 113 111.3 110.1 108.7 107.1 106.3 105.5 105.4 105.2 106.4 108.8 111.2 112.7 114 114.5 114.3 113.1 111.6 110.2 108.8 106.6 104.5 103.1 102 101.4 100.8 100.8 100.6 100.5 100.4 100.3 100.2 99.5 97.6 99.3 100.1 100 99.9 100.2 99.5 99.4 99.1 99 98.8 99.7 100.7 101.4 102.1 102.6 103.3 102.9 103.7 104.2 104.4 104.7 105.2
100.6 100.8 100.2 102.1 102 102.4 102.9 103.2 103.3 103.4 103.9 105.2 105.9 106.1 106.7 106.5 106.3 106.8 107.9 109.4 111.8 114.5 114.4 113 111.3 109.6 107.7 107.2 105.9 105.2 104.9 104.7 106.5 108.8 110.6 112.7 113.1 113.4 113.2 112.9 111.6 110.3 108.9 106.8 105.1 103.4 102.1 101.5 100.9 100.5 100.3 100 99.9 99.8 99.6 99.9 98.5 99.1 99.5 99.6 99.3 99.4 99.1 99.5 98.9 98.2 99.2 99.7 100.5 101.4 102.1 102.5 103.1 103.4 103.4 103.9 104.4 104.6 104.6
100.7 101.5 100.1 100.6 100.6 101.2 101.4 101.7 102.5 102.2 103.5 104.7 105.2 105.5 105.1 105.3 105.6 106.3 107.5 109.4 112.4 115 114.5 112.5 111.3 109.2 107.6 106.5 105.6 105 104.5 104.6 106.1 108.2 110 111.2 112.5 112.6 112.3 112.1 111.7 110.6 108.9 106.8 105.3 103.9 102.5 101.5 100.7 100.1 99.8 99.5 99.4 99.3 98.8 98.3 98.5 99.2 98.9 99.5 99.3 98.9 98.7 98.6 97.9 98.5 99.3 100.5 101.3 101.1 101.7 102.3 102.9 103.2 103.9 103.5 103.8 104.9 105.3
100.7 101.3 100.9 100.2 99 100.3 100.2 100.5 101.3 101.7 102.9 104.1 104.9 105 104.6 104.6 105.3 106.3 107.7 110.1 114 114.5 113.7 112.7 111 109 107.7 106.4 105.5 104.6 104.2 104.3 105.8 107.6 109.1 110.1 111.1 111.7 111.5 111.3 111.4 110.6 109.4 107.7 106.1 104.6 103.3 102.4 101.3 100 99.3 99.4 99.3 99 98.6 98.6 97.9 97.6 98.7 99.3 99.1 98.5 98.5 98.3 97.7 99 99.8 100.2 101.3 101 101.6 102.2 102.9 103.5 103.9 103.2 104.3 105 105.7
100.9 100.6 100.6 100.2 100 98.7 100.5 100.1 100.2 100.9 101.9 103 103.9 104.4 103.8 104.1 105.1 106.2 108.5 111.6 115 114.3 113.5 112.5 110.5 108.6 107.9 106.5 105.3 104.4 104 103.9 105.1 106.6 108.2 109 109.8 110.4 111.6 111.7 112 111.4 110.9 109.3 107.7 106.1 104.6 103.6 103.3 100.6 100.5 100.2 99.8 99.6 99.2 99.4 98.7 97.9 96.6 98.7 98.4 97.4 98.4 97.1 97.5 98.4 99.8 100.7 100.9 101.5 101.9 102.3 102.8 103 103.2 103.2 104 105.2 106.5
101 101 100.8 100.8 99.9 100.6 99.9 100 100.3 100.5 101.2 101.9 102.6 103.2 103.3 104 105.1 106.7 109.3 113.8 115.2 114.2 113.3 112.1 110.4 108.7 107.3 106.2 105.1 104.2 103.8 103.8 104.1 105.6 107.2 108.1 108.6 109.5 110.7 112 112.5 112.5 112.2 111 109.8 108.5 107.1 105.9 104.7 103.9 102.7 102.4 101.1 100.8 100.3 99.7 99 97.5 96.8 98.7 98.1 97.2 96.3 97.6 97.6 98.6 99.6 100.3 101 101.5 101.8 102.1 102.4 102.7 103.2 103.6 104 105.3 106.4
101 100.6 100.8 100.5 100.5 99.1 99.9 100 100.4 100.7 100.9 101.2 101.8 102.3 102.9 103.8 105.6 107.2 110.7 115.6 115.5 114.1 113 111.3 109.9 108.6 107.2 106 104.9 104.1 103.6 103.7 103.6 104.5 106.1 106.9 107.7 108.9 110.3 112.1 113.9 114.4 114.1 113.4 112.3 111 109.5 108.7 107.6 107.2 106.4 105.2 103.6 102.5 101.1 99.8 99 98.2 96.9 98.1 97.7 96.4 97.5 97.2 97.5 98.7 99.6 100.2 100.9 101.2 101.4 101.7 102.2 102.7 102.6 102.6 103.4 104.7 105.8
100.9 100.8 100.7 100.3 100.2 100.6 98.8 100 100 100.3 101.3 100.8 101.2 102.1 103.1 103.8 105.4 107.6 112 115.6 115 113.4 112.3 110.7 109.1 108 106.9 106.2 104.8 103.9 103.4 103.2 103.1 103.6 104.6 105.5 107.5 108.6 110.1 112.5 114.7 116.6 116.8 116 114.9 113.6 112.2 111.1 109.8 109.5 108.5 107.1 105.2 103.6 101.6 100 98.4 97.3 96.8 97.4 98.4 97.3 96.7 97.5 97.6 98.7 99.6 100.3 100.7 100.9 101.1 101.3 102 102.3 102.4 102.5 102.7 103.6 104.5
101.8 101.6 101.7 101.6 100.5 100.5 99.4 98.9 99.7 99.9 100.7 100.6 101.3 101.9 103.1 103.7 105.3 107.2 111.5 115.5 114 112.3 111.3 110.3 109 108 106.9 106.1 104.7 104 103.3 102.8 102.8 102.8 103.6 104.6 106.2 107.9 109.8 112.1 115.3 117.4 118.7 118.6 117.8 116.8 114.9 113.9 111.5 110.6 109.3 107.8 105.9 104.1 101.8 100.2 98.7 98.4 95.8 97.1 98.4 97.9 96.4 97.4 97.8 98.4 99.3 99.8 100.2 100.3 100.5 100.9 101.5 101.8 102 102.1 102.7 103.4 104
102.5 102.4 102.2 102.1 101.5 100.5 99.5 99.3 99.5 99.5 100 100.4 101.5 102.1 102.5 103.6 104.7 106.6 109.3 112.5 111.1 109.8 110.1 110.5 109.1 107.8 106.8 105.8 104.6 104.1 103.1 102.9 102.4 102.4 102.6 103.6 105.2 107.3 109.6 112.2 115.6 117.8 119.1 119.1 119 117.9 116.5 115.8 113.3 111.7 110.3 108.6 106.5 104 101.2 99.6 98.8 98.1 97.1 96.4 97.6 97.3 96.2 97.3 97.7 98.2 98.9 99.3 99.5 99.8 100 100.6 100.7 101.2 101.6 102.1 102.6 103.2 104.1
102.8 103 103.2 102.4 102 101.6 100 100.1 100.9 100.8 100.3 100.2 101.6 102.2 102.3 103.3 104 105.5 106.4 108.5 108.2 107.7 108.2 109.6 109 107.4 106.3 105.3 104.3 103.5 102.9 102.6 102.3 102.1 102.2 102.9 104.6 106.6 109 112.3 115.2 117.8 118.4 118.3 118.1 117.7 117 115.7 114.6 112.8 111.4 108.8 106.2 103.4 101.4 99.6 98.4 97.8 96.9 96.5 97.1 96.1 96.4 97.1 97.6 98.1 98.5 98.9 99 99.2 100.1 100.2 100.7 101.3 101.7 102.2 102.8 103.6 104.8
103.5 104 103.8 103 102.6 102 101.5 100 100.6 101.1 100.7 101.2 101.6 102.5 102.3 103 103.6 104.3 105 105.6 105.8 106 106.6 107.7 107.8 107.2 105.8 104.8 103.8 103.1 102.5 102.1 101.7 101.6 101.4 102.2 103.8 105.8 108.3 111.6 115 117.4 117.5 117.2 116.9 116.3 116 116.5 115.1 112.7 110.9 108.3 105.6 102.7 101 99.9 98.8 98 97.7 95.6 96.3 96.1 96.8 97 97.1 97.7 98.1 98.4 98.6 99.3 100.2 100.2 101 101.6 102 102.4 103.2 104.5 106
104.1 104.1 104.1 103.7 102.9 102.2 101.3 100 99.8 101.1 100.3 102.2 101.9 102.7 102.5 102.9 103.1 103 103.6 104.5 104.8 105 105.9 107.3 107.6 106.6 105.4 104.3 103.2 102.9 102.1 101.5 101.3 101.7 101.1 101.5 103 105 107.6 110.8 113.9 116.1 116.3 116.1 115.9 116 115.4 115 114.1 112.6 111.1 109 105.8 102.7 100.8 100.2 99 98.5 97.8 97.4 96 96.8 96.8 96.7 96.8 97.2 97.5 97.7 98.2 99.2 100 100.6 101.5 102.3 102.8 103.4 104 105.6 107.7
103.7 104.1 104.2 103.5 103.1 102.5 102 100.3 99.3 100.8 100.5 101.7 102.2 102.4 102.6 102.6 102.5 102.3 102.7 103.1 103.7 104 105.5 107 106.9 105.9 105 104.1 103.3 102.6 101.9 101.2 100.8 101.7 100.9 101 102.4 104.1 106.6 109.7 112.9 115.2 115 114.9 115.5 114.7 114.2 113.9 113 112.4 111.3 109.7 106.7 102.9 101.4 100.7 100 99.7 99.3 98.6 94.3 96.8 96.8 96.8 96.8 96.4 96.5 96.8 97.5 99 100.1 100.7 101.5 102.7 103 103.2 103.9 107 108.8
104 103.2 103.9 103.7 104.1 102.7 102.3 100.5 99.3 100.7 100.6 101.3 101.5 101.7 102.2 102.1 101.8 101.6 101.9 102.3 103.1 103.7 105.1 106.6 106.4 105.7 104.7 103.9 103.1 102.4 101.8 101.1 100.7 100.5 100.6 100.9 101.9 103.7 105.8 108.7 111.8 114.1 114 113.5 113.5 113.4 113.1 113 112.4 111.9 111.5 110.2 108.4 106.4 104.4 103.3 102.7 102.4 101.6 101.1 100.3 98.3 94.4 96.1 95.2 95.5 95.9 96.5 96.5 97.7 98.8 100 101.2 101.8 102.2 102.8 103.8 107.2 108.5
104.8 103.8 104.1 103.8 103.4 102.4 101.8 102.1 99.3 100 100.3 100.2 100.7 101.4 101.9 101.9 101.5 101.2 101.5 102.1 102.7 103.3 104.8 106.2 106.4 105.6 104.5 103.7 103 102.3 101.5 100.8 100.7 100.6 100.5 100.8 101.7 103.3 105 108.1 111.3 113 112.9 112.7 112.4 112.3 112.2 112.1 111.9 111.5 111.1 110.3 109.3 108.5 107.3 106.3 105.3 105.2 103.8 102.8 101.6 100 99.2 98.6 96.6 95.1 95.4 96 95.7 96.2 97.6 99.1 100.2 100.2 100.7 101.5 103.6 105.4 106.8
105 104.6 104.5 103.8 103.3 103.2 102.2 101.5 99.6 100 100.6 99.9 100.2 100.4 100.6 101.7 101.6 100.8 101 101.6 102.2 103.6 104.7 106.7 107.1 105.3 104.2 104 102.8 102 101.1 100.5 100.3 99.9 100.1 101.2 101.3 102.7 104.4 106.6 110 111.8 111.8 111.6 111.4 111.2 111.1 111 110.9 110.7 110.3 110.2 109.6 108.8 108.1 107.4 106.6 106 104.7 104.1 103 101.7 100.3 99.3 98.7 98 96.2 95.7 95.8 94.6 95.8 98.3 98.7 98.9 99.5 100.3 101.9 103.2 104.7
104.7 104.5 104.1 103.7 103 103.2 102.1 101.2 100.5 97.7 99.2 99.7 99.4 98.9 98.6 101 101.2 100.3 100.7 101.4 101.4 102.5 104.1 106.5 106.1 105.2 104.3 103.6 102.3 101.1 100.5 100 100 99.8 99.9 100.2 101.4 102.2 104.8 106.1 108.6 110.2 110.8 110.6 110.4 110.2 110 109.9 109.8 109.7 109.6 109.3 109 108.5 108 107.4 106.8 106 105.3 104.4 103.8 102.9 101.6 101.3 101.3 99.4 99.2 97.8 97.1 93.5 94.9 97 97.4 98.1 98.7 99.5 100.7 101.9 103
104.5 103.7 103.1 102.9 102.3 101.7 101 100.3 99.3 99.5 99.4 98.5 97.7 98.2 97.6 99.8 99.8 100 100.5 100.5 100.8 101.6 103.2 104.7 105.7 104.4 103.6 102.9 102 100.6 100.1 99.9 99.7 99.8 99.8 100.1 100.9 102.6 103.4 105.3 107.2 108.2 108.6 108.9 109.2 109.2 109 108.8 108.7 108.6 108.4 108.1 107.9 107.7 107.3 106.9 106.3 105.3 105 104.7 104.5 103.8 103 102.2 102.1 101 100 99.1 97.2 96.3 94.8 95.4 96.9 97.5 98.1 98.7 99.7 100.9 102
103.3 102.8 102.1 102.2 101.5 100.7 100.3 99.6 99.5 100.2 99.8 99.5 98.6 98.5 99.1 98.6 98.9 99.4 99.9 99.9 100.1 100.7 101.7 103.6 104.4 103.6 103.1 102.4 101.7 100.7 99.9 99.8 99.7 99.7 99.7 100 101.3 102.3 102.8 104.6 105.8 106.4 106.5 106.7 107 107.7 108 107.8 107.6 107.6 107.4 107.2 107.1 106.9 107.2 105.9 105.4 104.9 104.7 104.4 104.3 104.1 103.4 102.7 101.9 101.2 100 98.9 97.9 96.9 94.3 94.8 96.3 96.9 97.5 98.2 98.9 100 101.5
102.6 102.8 101.7 101 100.5 100.2 100 99.7 100.2 101 101.2 101.2 99.8 99.3 98.3 98.5 99.2 99.2 98.7 99.6 99.5 100.4 100.8 102.2 103.2 103 102.3 101.8 101.2 100.1 99.6 99.7 99.7 99.6 99.6 99.9 100.3 101.1 102.6 103.8 104.6 105 105.1 104.9 105.2 106.1 107 106.9 106.8 106.8 106.4 106.2 106.1 105.9 105.3 104.8 104.3 104.1 104 103.8 103.8 103.7 103.7 102.8 101.9 100.9 100.2 99.4 98.1 96.3 94.2 94.1 95.9 96.4 97.1 97.7 98.6 99.5 101.2
101.8 101.3 100.8 100.6 100.4 100.1 99.8 99.9 100.3 101.3 102.2 102.6 101.7 99.6 97.4 98.7 98.2 98.5 98 98.4 98.4 99.1 99.9 100.7 101.8 101.9 101.3 100.7 99.8 99.5 99.4 99.5 99.7 99.6 99.6 99.7 100.1 100.8 102 103 103.4 103.5 104.5 104.2 103.9 104.7 106 105.9 106 106.1 105.4 105.3 105.1 104.8 104.7 104.4 103.5 103.2 103.1 103 102.8 102.8 102.6 101.9 101.1 100.4 99.8 99.2 97.9 96.3 94.9 93.1 95.3 96 96.9 97.7 98.8 100.2 101.2
101.3 101 100.4 100.3 100.4 100.5 100.3 100.3 100.7 101.3 102.7 103 102.3 101.4 100.6 99.5 98.5 98.1 98.2 98 97.2 98.3 98.9 99.7 100.4 100.9 100.3 99.6 99.2 99.3 99.1 99.4 99.6 99.6 99.6 100 100.1 100.8 101.6 102.3 102.2 102.1 102 101.9 102.7 103.2 105 105 105.3 105.2 104.8 104.4 104.7 103.7 103.4 103.1 102.8 102.4 102.3 102.1 102 101.8 101.4 100.9 100.1 99.7 99.5 98.9 98 96.5 95 93.9 95.1 95.9 97.7 99.2 100.9 102.9 103.5
101 101 100.8 100.5 101.1 100.9 100.8 101.2 101.4 102.4 103 103.2 102.4 101.5 100.5 99.8 98.9 98.4 98 98.5 97.7 97.5 98.6 99 99.4 99.7 99.3 99 98.8 98.8 99.2 99.3 99.5 99.5 99.6 100.1 100.2 100.9 101.3 101.4 101.7 101.4 101 101.1 101.1 102.3 103.4 104.1 104.1 104 103.6 103.6 103.1 103 102.7 102.5 102 101.9 101.8 101.7 101.5 101 100.2 99.9 99.5 99.7 99.2 98.8 98.2 96.9 95.4 93.6 95.5 96.6 99 101.2 104.1 105.6 106.8
101.1 101.3 101 100.8 101.1 101.2 101.1 101.2 101.5 102 103.1 103.3 102.2 101.4 100.4 99.5 98.8 98.7 98.5 98.2 97.6 98.1 96.8 98.1 97.8 98.6 98.5 98.4 98.8 99.3 100 100.4 100.3 100.3 100.2 100.1 100.4 100.6 100.8 100.7 101.2 100.7 100.2 100.3 100.3 100.8 101.8 102.8 103.1 103 102.9 102.8 102.6 102.7 102.2 101.7 101.2 101.1 100.8 100.7 101.3 100.4 99.8 99.8 99.7 99.5 99.5 98.7 97.5 96.8 95.7 93.6 94.7 97.3 99.9 103.9 107.1 110.4 112
101.6 101.5 101.3 101.1 101.9 101.8 101.4 101.3 101.7 102.6 103.3 102.2 101.5 100.8 100.3 99.6 99 99 98.3 98 97.7 97.4 97 96.5 97.4 98.3 98.4 99.4 99.9 101.2 101.8 102 101.9 101.5 101 100.5 100.3 100.1 100 99.9 99.8 99.5 99.3 99.2 99.4 99.7 100.1 101.2 102.3 102.2 102.2 102 101.6 101.4 100.9 100.5 100.2 100 100.4 101 100.3 100.1 99.9 99.5 99.3 99.1 98.2 97.8 97.1 96.3 95.7 94.3 92.7 99.2 103.1 106.9 111.3 115.7 118
102.5 102.2 101.9 102.3 102.6 102.7 102.5 101.9 102.1 102.4 102.2 101.5 101 101 100.7 100.1 99.7 99.4 98.4 98.1 97.8 97.5 97.1 96.6 97 97.9 98.9 100 101.9 103.2 103.6 103.5 102.8 102.7 101.4 100.6 99.9 99.4 99.2 99.1 98.8 98.5 98.3 98.2 98.5 98.9 99 99.9 101.4 101.6 101.4 100.8 100.4 100.2 99.9 99.5 99.1 99.9 99.3 99.7 99.9 99.9 99.7 99.4 99 98.7 97.5 97 96.3 95.7 95.3 94.2 98.4 100.7 104.2 108.1 114 119.7 123.7
104.5 103.9 103.2 103.3 102.9 102.7 102.5 102.8 102.3 102.3 101.6 101.5 101.6 101.7 101.6 100.9 99.9 99.3 98.4 98.1 97.8 97.5 97.3 96.6 97 98.2 99.6 101.1 103.3 104.7 105 104.2 102.9 102.6 101.6 100.6 99.7 98.9 98.4 98.1 98 97.6 97.7 97.7 97.7 97.9 98 98.6 99.5 99.9 99.9 99.6 99.3 99.1 98.9 98.5 98.3 98.5 99 99.3 99.8 99.8 99.5 99.2 98.8 97.9 96.8 96.2 95.5 95.5 94 94.4 99.4 102.2 105.5 109.8 115.6 121.3 129.4
106 105 104.9 103.9 103.6 102.9 102.7 102.6 102.8 102.7 102.1 101.7 101.4 101.4 101.2 100.6 99.8 99.1 98.5 98.1 97.8 97.3 96.7 96.3 97.3 98.8 100 101.4 102.8 104.1 104.3 103.2 102.5 101.6 100.8 100 98.6 98.2 97.7 97.3 97.2 97 97 97 96.8 96.9 97.1 97.5 97.8 98.2 98.4 98.2 98.1 98 97.8 97.6 97.7 98.5 98.8 99.2 99.8 99.5 99.3 99 98.1 97.1 96.3 95.6 95.1 94.1 93.6 98.1 100.5 103.7 107 111.2 117.4 125 131.8
