WholeMapElevations/data/no/no27_OST50GRID_20230518/NO27.asc
ncols 200
nrows 200
xllcorner 320000
yllcorner 770000
cellsize 50
[rows 105 to 139 of 200, columns 0 to 77 of 200]
711.5 734.9 759.3 789.1 817.3 836.5 859.5 876.2 886.9 892.2 894.2 894.5 895.2 896.6 897.6 897.5 896.2 895.5 895.4 894.1 892.8 889.9 883.4 852.1 819.1 790.1 769.7 767.8 758.7 745.8 736.1 730.9 728.5 731.5 736.6 743.7 765.5 790.7 819.3 848.3 857.7 859 855 843.7 854.1 858.6 859.6 860.6 860.8 858.8 857.9 854.6 851.5 848.5 844.9 841.4 837.9 832.1 828.3 824.7 821.8 818.6 815.7 814 817.9 817 812.5 810.3 807.8 803 798 799.4 801.1 793 792.3 791.5 785.8 771.7
717.5 745.1 770.5 798.1 818.7 843.2 862.7 876.3 885.2 891.1 894 893.6 894.2 894.1 895.7 895.2 892.6 890.9 889.8 888.6 886.1 881.8 873.9 840.9 809.9 782.5 768.4 760.1 750.2 737.8 726.9 720.9 717.3 721.3 726.9 732.3 748.3 774.6 804.7 835 848.8 850.9 847.4 841.9 853 857.5 858.9 859.7 859.6 859.2 858.6 857.1 853.7 848.9 845.4 843 841.4 837.2 833.6 830.4 828.6 822.3 816.7 817 821.1 821.4 819.7 817.1 814.5 811 804.2 798.4 792.7 785.2 783.2 779.8 774.8 764.9
727.1 753.6 781.8 803.9 823.2 846.1 862.5 875 883.2 888.2 890.2 888.4 889.9 889.6 890.3 888.8 885.9 882.9 881.3 877.9 876 869.9 861.3 842.3 808 783.9 769.4 755.3 743 732.7 719 711.4 708.8 710.9 716.3 723.9 737.7 759.8 789.8 819.2 839.3 840.9 828.4 847.3 854.3 856.2 856.6 857.9 858.3 860.7 860.6 859.1 856.3 850.8 847 844.6 843.3 839.9 837.2 834.8 831.6 824.3 818.2 822 825.5 825.6 823.4 821.9 817.7 814 809.5 805.1 797.7 789.7 791.1 788.3 782.7 771.1
738 763 789.5 809 825.9 842 860 872.4 879.1 883 882.9 882.6 882.8 882.5 882.1 880.6 876.5 873.9 869.5 863.8 858.5 853.7 847.1 834.9 812.7 786.2 768.3 752.9 738.5 726.4 712.7 702.7 699.9 700.3 706.4 716 730.1 746.8 773.3 799.4 822.5 814 838.8 848.9 852.9 853.9 853.6 854.9 860 863 862.9 861.4 858 852.9 848.6 847.3 844.7 841.6 839.7 836.8 832.3 829.4 822.6 825.6 830 829.8 829.1 826 821.9 816.3 811.2 805.9 799.3 796.5 796.9 797.3 790.7 774.5
760.5 778.2 799.1 811.7 825.9 840 854.9 867.4 874.2 875.3 874.1 874.3 874.2 872.7 871.8 869.7 866 862.9 855.3 844.5 836.4 837.2 835.6 827 812.3 790.8 768.8 752.9 737 721.4 708.5 696.3 690.9 691.6 698.1 708.4 721.1 736.3 759.1 783.4 792.8 823.4 838.6 847.7 849.8 850.7 852.8 857.2 861.6 864 864.5 863.1 859.2 854.6 850.9 848.8 846.3 842.6 840.7 839.2 836 831 825.9 831.5 832.7 831.7 829.8 826.4 822.5 818.2 813.7 808.4 804.6 801.3 799.8 800.7 795.8 781.8
770.2 791 803.9 813 823.7 836.1 849 860.3 864.9 865.5 863.7 863 861.1 859.1 857.6 855.8 853.3 848.4 839.2 826.9 824.1 824.2 826.3 820.5 810.6 793.7 771.6 751.2 735.5 717.8 703.6 693 683.4 685 689.5 699.6 712.4 728.4 747 768.2 797.3 821.8 834.2 841.3 844.8 848.4 852.3 857.4 861.2 864.1 865.4 864.1 860.4 856.2 853 849.6 847.3 843.5 841.3 839.6 835.8 830.4 833.9 833.7 834 832.8 830.1 828.1 825.9 823.1 818.1 815.4 814.7 805.6 803.8 808 802.1 792.8
779.8 793.4 803.9 813.4 820.6 829.1 839.4 851.3 855.9 855.9 853.5 851.5 848.1 844.5 841.5 839.5 835.7 832.1 822.3 815.9 811.9 814.1 817.9 815 808.2 793.5 771.7 751.4 732.8 714.9 698.6 687.7 679.9 678.3 684.5 693.6 706.3 719.3 739.7 767.9 798 816.2 825.1 832.2 838.3 845.9 850.6 855.6 859.6 863.6 865.7 864.3 861.6 857.5 854.9 852 849.2 846.9 843 840.8 836.5 837.1 836.2 835.7 835.4 834.9 833.8 833.3 831.1 827.3 823.5 822.7 820.3 815.3 815.1 816.5 812.9 806.3
781.4 792 800 808.3 815.7 821.4 827.5 841.3 847.8 847.8 844 840.9 835.3 829.7 825.6 822.7 819.5 816.2 810.1 805.7 799.7 804.1 809.5 809 804.3 793.2 772.6 752.1 732.6 712.2 694.5 683.1 675.5 672.9 680 688.2 701.5 718.6 739.6 766.4 792.6 808.5 814.9 823.3 833.5 840.4 846 852.9 858.2 862.6 864.9 864.2 862 858.8 855.7 852.6 850.4 849.3 846.9 844.2 841.3 840.5 839.1 837.9 836.6 836.3 836.3 834.9 832.8 830.3 831.3 830.1 827.3 827 828.4 827.1 822.6 816
778.1 787.3 795.7 802.6 809.1 814.5 821.1 834 841.5 840.4 835.5 830.8 823 815.6 810.4 807.8 805.3 801.9 798 793.8 786.2 794 800.8 802.2 800.1 793.2 774.2 753.2 732.4 710.2 690.3 678.2 669.8 666.9 672.1 680.9 698.1 716.5 738.6 762.8 786.9 798.3 804.7 813.7 822 828.5 838.9 849 856.3 861.2 863.9 864.7 862.6 859.5 857.1 853.4 851.4 850 848 846.2 843.9 841.9 839.9 839.3 837.8 836 837.8 837.6 835.7 834.4 835.6 834.1 836.6 836.9 836.8 835.7 829 823.9
773.5 782.8 789.3 795.7 801.6 807 813 825.1 833 832.6 827.1 820.8 813.2 804.3 795.9 795.1 793.8 790.8 785.9 782 776.2 783.5 790.2 795.8 796.2 791 777 754.9 733.5 709.1 686.8 673.8 664.8 661.9 667.3 676.9 694.7 715.2 735.9 759.8 780.6 789.1 796.4 803.2 808.9 817.5 829.3 842.8 853.4 859.5 862.4 864.5 863.8 861.3 857 854.6 853.8 851.9 850.9 848.4 846.3 843.6 841.4 839.4 839.8 836 839.1 839.1 837.8 837.7 838.3 839.9 842.1 843.1 844 841.8 835.5 834.1
766.2 776.5 782.2 786.7 792.2 798.2 806.2 815.5 821.7 823.1 816.9 810.5 801.1 792.2 785.2 784.3 783.2 780.3 775.6 771.8 769.3 775 783 789.6 792.2 789 778.1 757.6 730.8 706.2 684.2 668 658.9 655.5 663.1 674.3 692.9 711.5 733.6 758.1 773.4 779.2 786 791.5 797.1 808 821.2 836.7 848.5 857.5 861.1 863.8 864.1 861.2 857.4 855 852.9 851.9 852 851.4 849.8 847 842.9 839.6 838.3 833.2 838.7 839.6 837.9 839.9 842.4 844.1 846.8 849.3 850.5 848.1 842.1 844.8
758.9 770.1 774.2 778.2 783.5 790.5 797.4 804.7 807.9 808.7 804.7 800 791.4 783 776.9 773.2 773 770.4 766.6 762.3 761.8 768 777.1 784.5 787.5 784.9 776.8 758 731.2 703.1 680 664.8 653.4 650.8 658.9 670.5 691.2 709 729.8 752.8 762 770.3 774.5 778.2 785.1 797.4 814.2 830.6 843.3 854.6 859.6 862.6 863.4 860.6 857.9 855.2 853.3 852.6 853.6 853.3 852.4 850.6 846.3 840 836.2 831.4 835.7 837.6 836.1 839.2 843.3 847.1 851.1 854.5 856 856.2 856.2 855
753.3 762.7 766.9 770.8 776.1 781.1 787 791.5 795.1 797 794.4 788 781.3 774.5 767.8 763.6 762.7 761.6 757.7 752.9 756.3 762.3 771.5 779.1 782.1 780.4 772.1 754 726.8 698.8 676 660.8 649.3 646.1 652.3 669.4 686.5 703.9 723.8 744.3 751.3 756.3 760 761.9 775.4 791 808.4 825.2 839.4 851.2 857.2 860.7 861.3 860 857.9 855.5 852.7 852.3 853.6 854.8 854.5 852.9 850.3 844.7 839.3 832.2 829.1 832.4 833.2 839.3 845.1 849.6 854.3 858.4 860.5 864.2 866.3 865.2
744.3 755.4 760.5 765.9 769.7 772.8 776.8 781.5 784.3 785.2 781.6 776.9 771.4 765 758.8 754.4 753.8 751.7 748.3 746.1 749.8 756.4 765.7 773.6 777 774.1 766.9 747.5 722.4 695.8 673.2 656.7 645 638.1 649.1 662.8 680.4 697.8 714.7 733.2 740.1 743.5 743.2 753.6 769.4 787 804.7 821.4 836 847.1 855.3 858.6 859.6 858.3 856.5 854.7 851.7 851.5 853.2 854.9 855.2 853.9 852.5 850.1 846.3 836.5 827.8 826 831.2 840.2 847 852.9 857.5 861.2 866.5 870.7 874.1 873.5
741 749 754.2 759.5 763.2 765.5 768.4 771.6 771.8 772 769.3 764.4 761.3 758 752.6 748.5 745.2 742.8 740.9 741.6 745.7 752.3 761.1 767.3 771.6 769.9 761.3 740.7 716.5 689.7 667 651.5 640.1 633.6 643.3 657 675 691 707.4 721.7 727.7 729.9 729.4 748 763.9 782.3 800.4 817.9 832.5 844 851.6 856.1 856.3 855.5 854.7 852.4 848.7 850.5 852.7 853.7 854.2 853.9 853.5 852.8 850 842.3 832 824.7 830.4 841.2 848.6 854.1 859.5 865 872 876.9 880 880.2
739.1 746 750.1 754.4 757.3 757.6 758.5 756.7 756.4 756.1 756.8 755.1 755 752.8 748.4 743.1 738 734.1 737.5 737.4 742 750.4 757.9 764.3 767 764.5 753.5 734.1 709.4 683.7 659.9 645.4 634.9 631 638.9 652.7 670.5 685.8 701.4 711.7 715.7 715.3 726.8 744 759.2 777.5 795.7 813.8 829.4 840.6 848.7 851.5 851.9 851 851.1 848.7 844.4 848.7 850.4 851.6 852.3 854.3 854.5 854.7 853 846.7 838.2 823.6 827.2 841.4 848.7 853.1 859.4 867.4 873.9 880.9 884.9 886.2
736.3 743.3 748.1 751 749.3 747.9 748.1 743.1 738.4 739 743.4 746.7 748.5 748.4 745.7 738.3 734.3 731 733.7 734.1 738.8 747.3 754.2 761 762.5 758.8 747.3 727.2 702.4 678.2 655.5 638.2 631.4 626.5 635.5 648.9 663.2 679.8 692.7 701.2 704.4 705.4 720.7 739 756.2 773.9 792.6 810.3 826.5 837 843.3 846.1 847.5 847 846.6 843.6 838.6 844.7 847 849 851.3 854.3 855.9 855.7 853.8 847.8 840.1 823.9 822.6 840.7 846.9 852.6 860.8 867.9 875.7 883.7 888.3 891.8
737.5 742.6 746.4 747.3 742.7 738.8 734.4 726 723.1 725.7 731.3 738 742.6 745.3 741.8 736.3 732 729.2 730.6 730.3 735.6 743.5 750.5 755.5 757.1 754 740.6 719.2 695.5 669.7 648.5 639.3 629.5 623.6 631.7 644.1 659.2 672.8 686.6 691.8 692.8 703.7 717.8 737.6 755.2 774.5 791.7 809.7 822.7 832.2 838 842.1 843.1 842.3 840.6 837.8 832.8 839.5 837.7 844.7 849.5 854 856.4 855.6 853 846.6 838.4 818.3 818.2 834.3 840 851.8 860.3 867.5 876.1 883.4 889.3 894.6
741 742.5 742.5 740.4 733.6 727.7 717.4 711.4 712.5 717.3 722.8 730 736.7 742 739.1 734 732 727.7 726.9 726.8 730.1 738.4 745 749.1 749.6 745.5 735.8 713.9 688.4 665.9 648.4 635.8 625.1 619.9 628 640.2 654.3 668.3 679.6 683.9 688.6 702.6 721.5 741.1 758.5 777 793.8 809.1 820.6 829.2 834.8 837.6 837.2 834.9 833.5 830.9 827 831.1 831.7 841.4 847.4 852.3 855.1 854.3 850.9 845.7 835.3 807.4 808.4 819.3 836.8 847.7 857.2 865.1 873.9 880.2 886.6 893.6
739.7 737.9 734.9 730.7 723.3 715.7 705 702.1 704.4 710.3 716.3 722.4 731.7 738.9 738.1 735 732.2 727.3 723.2 722.9 726.9 731.7 738.1 741.6 742.4 738.3 727.4 708.5 683 659.2 643.1 630.8 620.4 618.4 625 635.8 649.1 661.3 671.8 674.5 689.6 704.5 725.4 743.9 762.2 781.2 796.5 809.5 819 827 830.2 831.5 829.7 826.3 825.1 821.9 818.6 819.2 827.5 837.3 843.8 848.7 851.4 852.3 848.8 844 835.3 802.4 790.7 804.5 825.5 840.8 851.8 860.1 867.1 873.6 882.8 892.4
734.2 729.4 724.2 719 712.7 704.1 693.2 695.9 697.9 703.4 711.8 718.4 729.1 737.9 739.2 737.5 733.8 727.4 722.6 718.9 722.1 726.7 729.1 732 733.9 730.1 720.7 704.1 676.6 651.5 637.9 625.5 617.8 615.1 622.5 632.6 643.2 653.9 661.8 675.9 693.8 712.2 730 748.3 767.3 783.8 797.6 807.2 816.7 822.3 824.3 823.5 820.6 816.6 815.5 812 804.9 809.7 821.2 831.6 838.3 842.7 846.4 847.7 845.3 842.2 832.9 805.9 781.6 788.5 808.9 828 843 851.5 856.8 864.8 876.6 887.4
725.2 718.2 713.4 706.4 700.2 693.3 687.7 689.7 691.9 697.9 708.1 718.5 729.1 737.9 740.6 739.1 733.8 727.3 719.1 712.5 716.9 719.3 721.2 723 723.4 721.8 713.5 694.5 668 647.8 632.8 620.6 614.6 614.4 619.9 628.2 635.9 645.9 660.9 681.2 701.7 719.1 737 754.2 772.2 785.2 795.6 804.1 812 815.1 816.1 814.8 811.3 806.1 804.5 800.5 790.5 803.5 814.1 824.8 830.4 836.5 840.5 842.1 842.3 838.7 833 810.5 782.4 776.3 791.6 809.2 828.1 833.3 842.3 853.9 866.9 879.9
714.8 707.7 701.7 695.3 689.2 683.6 680.9 682.6 686.2 694 706.1 719.9 730.9 737.7 741.1 739 732.9 726 716.6 710.5 709.2 712.6 714.2 714.9 715.1 713 704 685.2 661.5 641.6 627.5 615.9 609.5 612.1 617.9 625 637.1 650.5 667.3 689.4 708.8 727 747.3 761.5 775.9 785.7 792.8 799.7 804.7 806.1 806.6 804.5 799.8 796.7 793.4 789.1 785.1 797.5 806.8 815 823.6 831 835.2 837.2 837.4 835.6 832.3 814.6 788.5 758.5 773.8 792.2 805.2 806.1 824.4 840 854.7 867.1
702.6 695.5 689.1 684.6 679.4 676.2 669.9 675.3 682.6 691.7 707.8 720.1 731.1 738.4 741.4 738.8 732 724.4 715 708.2 704.5 706.8 707.9 708.8 709.4 704.6 698.1 678.5 655 635.9 621.7 612 604.3 606.5 615.1 625.3 639.8 654.1 674.3 696.7 716 736.3 754.9 767.9 777.4 784 789.2 793.8 796.8 796.7 794.6 792.9 787.8 785.6 785 780 781.3 792.1 798.8 809.4 817.2 824.6 828.9 831.5 831.6 833.5 831.2 812.9 783.3 758.2 754.3 766.4 770.7 788.9 808.7 826 841 853.4
689.9 683.1 678.2 674.5 669.6 667 665.4 671.9 681.1 691.2 708.8 722.2 732.7 739.8 742.3 738.9 730.7 721.7 713 705.5 699.2 702.2 703.1 703.7 704.4 699.8 693.3 670.5 647.7 628.8 616.5 607.6 601 606.7 615.6 627.8 644 662.8 684.1 703.7 724.2 744.4 760 770.4 776.4 781 784.6 787.1 787.9 786 782.6 782.7 778.5 777.7 775.1 764.4 778.4 784.9 794.9 804.2 812.3 819.6 823.1 825.9 826.8 830.3 827.1 801.6 771 745.8 734 743.1 758.7 777 797 812.2 827.2 838.7
678.3 672.5 668.7 664.4 662.4 661.9 663.3 672 682.5 694 709.6 723.8 733.3 740.9 742.9 738.1 728.4 717.8 710.5 703.6 698.9 697.2 698.5 701.5 700.4 696.7 687.3 661.6 641 625 613.3 603 598.1 605.7 614.7 633 649.9 670.7 692.8 713 734.7 750.8 761.2 768.1 772.2 776.1 779.3 780.4 779.1 777.4 773.9 771.8 770.1 768.4 762.9 756.9 771.8 782.6 790.1 798.6 806.6 813.2 818.1 820.5 825.1 828.7 823.8 788.4 756.4 733.5 722.9 732.5 750.3 766.3 783.3 797.2 811.2 823.6
668.1 662.7 659.4 655.9 655.6 652.8 661.8 671.5 684.1 695.6 712.4 725.3 735.3 740.7 741.7 735.3 724.8 714.2 707.1 701.4 695.4 693.3 695.6 699.3 698.3 692.1 680.5 653.8 634.8 619.2 607.5 597.8 597.4 603.4 617.5 636.1 657.5 680.5 702.3 722.8 741.6 751.8 759.3 763.2 766.8 770.1 772.4 773.5 771.5 768.4 765 763.5 760.6 757.8 750.9 756.1 767.8 778.1 785.9 792 800.9 806.9 812.3 817.2 822.8 826.4 819.7 782.2 749 733.6 717.3 719.6 733.6 746.1 766.6 784.2 796.6 809.7
659.3 654.4 650.4 649 649 652.8 661.8 673.2 686 698.7 714.1 727.3 736.7 741.1 738.9 731.2 721.6 712.5 704.1 698 691.3 688.1 693.1 696.6 694.9 688.3 672.7 646.3 629.3 614.7 602.4 594.1 597.4 603.4 620.9 642.3 665.7 688.6 711.8 730 744.5 751.5 753.8 756.5 759.9 762.8 765 766.4 763.6 759.6 756.7 752.6 746 740.8 744.2 753.5 764.1 774.2 781 787.4 796.7 802 808.5 814.6 821.5 824.9 820.6 785.7 746.8 729 711.7 704.3 718.4 726.2 747.6 771.7 784.3 791.2
651.3 646.2 641.6 642.6 642 651.8 663.3 674.8 690.3 703.6 718.1 730.2 737.3 739.2 735.8 726.9 717.3 707.6 699.5 691.9 686.5 683.9 689.2 692.4 691.8 685.3 664.7 639.9 623.8 610.9 597.8 588.7 596 606.3 624.6 646.3 668.8 697.7 719.8 733.7 743.8 747.6 747.7 749.4 752.1 755.5 759 759.4 757.6 752.6 743.7 735.5 729.2 730.3 742.3 751.9 758.5 768.5 774.2 782.2 791.4 798.5 805.9 812.5 820.5 825.1 822.1 788.4 753 731.2 708.4 692.4 703 712.3 729 743.1 723.7 728.1
643.9 638.9 636.8 635.7 643.3 652.6 665.3 679.8 695.5 709.9 722.6 731.5 737.2 737.4 732.3 722.1 711.8 701.8 694.4 687.1 681.3 681.8 687.1 689.8 688.5 681.5 659.6 634.5 620.7 606.7 594.9 587.2 594.9 608.5 625.9 649.1 673.7 702.9 721.4 734.2 739.8 740.5 740.5 742.3 745.4 749.1 752.3 752.6 749.2 742.9 730.1 716.7 720.7 731.1 739.6 746.5 753.3 761 767.3 775.9 785.1 795.7 804.3 812.8 821.6 826.4 823.8 794.9 758.2 725.8 702.6 689.1 681.3 692.9 692.9 685.9 686.5 700.5
637.8 632.9 629.9 635.2 643.7 655.9 670.2 684.8 701.3 714.6 724.8 732.9 736.7 735.2 727.2 715.5 703.5 696.5 688.6 682.6 676.5 678.2 685.5 686.9 684.4 675.8 653.8 629.6 615.9 602.1 590.3 583.7 591.7 609.5 630.2 652.5 675 700.4 718.3 729.5 731.1 729.8 731.5 734.5 737.5 741.5 744.5 744.6 741 732.5 718.1 703.3 715.8 726.9 735.8 742 747.7 755.4 762.8 772.1 780.7 790.6 803.7 815.2 823.6 828 827.2 813.5 779.3 712 691.5 681.8 670.1 670.3 664.9 652.8 664.5 679.7
631.3 626.9 625.2 634.2 644.4 658.4 673.3 689.9 705 717.7 727.8 734.8 737 731.4 722.2 709.5 698.4 690.8 683.6 677 670.3 676.9 682.6 683.6 680.2 670.5 647.4 623.4 609.9 598.3 585.2 580.6 588.6 609.8 631.7 652.5 674.6 696.1 708.1 714.3 715.5 717.4 720.5 724.8 728.2 733 735.6 734.2 727.9 717.5 703.7 703.8 716.6 726 732.8 741.3 750.2 756.9 764.7 773.6 782.1 792.3 807.6 818 825.4 829.7 829.9 824.9 796.1 713.8 691.5 675.8 664.9 654.2 646.5 646.9 653.2 665.9
624.4 619.3 625.7 634 645.5 660.1 676.5 693.5 708.1 720.4 729 735.9 735.8 727.2 713.5 702.1 692.8 685.5 677.2 670.8 662.9 674.1 680.5 680.3 675.6 664.6 639.4 619.3 604.8 592.8 582.4 576.8 588.2 610.1 631.3 650.8 671.9 687.8 695.4 696.8 695.7 698.9 704 707.8 712.9 717.9 718.1 715.3 711.1 702.6 691.1 710.5 726.2 737.7 743.7 751.3 758 762.5 767.8 775.6 784.4 797.3 810.6 819.2 826 830.1 832.2 830.4 798.6 710.6 693.6 673.1 660.9 648.4 644.3 645.1 648.8 648.5
618.5 610.3 623.3 633.2 646.8 662.9 680.6 696.4 710.2 721.9 731 735 731.9 721.3 703.3 694 686 677.2 668.5 662.9 662.6 671.7 675.8 676 669.8 656.6 632.9 613.9 599.1 585.9 578.2 577.7 589.4 608.9 630.4 649.5 664.3 677.2 675.4 672.2 672.1 673.2 679.3 683.3 691 694.7 695 693 693.5 686.7 698 719.2 735 747.2 756.1 762.2 765.9 770.3 774.8 781.3 792.6 801.1 812.5 819.7 825 829.2 832.2 832.7 797.8 725 696.4 672.4 660.6 651.2 644.7 640.9 639.2 638.4
612.8 613.2 621.9 632.1 648 666.6 683.9 697.7 710.7 723.1 732.1 734.5 728.8 714.2 695.4 684.9 677.8 670 662.3 651.8 660.8 668.5 672.4 671.5 665 650.6 627.2 606.5 592.6 581.4 573.5 581.3 592.1 610.8 626.8 644.7 657.8 663.3 655.4 651.5 648.1 651.3 654.3 659.4 668.3 675.2 676.9 674 671.8 692.9 712.2 729.1 744.8 758.3 767 772.2 774.5 779.8 786 793.2 800.3 806 813.1 818.6 822.1 825.3 828.8 829.4 803.2 743 707.8 684.1 665.3 651 645.1 638.3 632 632.9
