WholeMapElevations/data/hu/hu54_OST50GRID_20230518/HU54.asc
ncols 200
nrows 200
xllcorner 450000
yllcorner 1140000
cellsize 50
[rows 148 to 184 of 200, columns 0 to 84 of 200]
55.2 57.2 58 57.9 57.2 55.2 54.3 53.7 52.8 52.8 50.1 46.2 41.5 37.5 34 29.3 24.7 20.3 17.9 18.2 26 28.5 24.8 20.3 12.6 6.2 -0.6 -0.6 -0.6 -0.6 -0.6 -0.6 -0.6 -0.6 -0.6 -0.6 -0.6 -0.6 -0.6 -0.6 -0.6 -0.6 -0.6 -0.6 -0.6 -0.6 -0.6 -0.6 -0.6 -0.6 -0.6 14.4 15.1 16.3 17.4 21.4 27.4 27.6 -0.6 -0.6 -0.6 -0.6 -0.6 -0.6 -0.6 -0.6 -0.6 -0.6 -0.6 -0.6 -0.6 -0.6 -0.6 -0.6 -0.6 -0.6 -0.6 -0.6 -0.6 -0.6 -0.6 -0.6 -0.6 -0.6 -0.6
60 61.9 63.3 62.5 60.7 58.8 58.4 58.4 57.9 57.2 55.4 51.5 49.8 45.5 41.2 35.4 30.3 26.1 22.8 23.1 30.6 38.8 33.1 23.9 14.9 7 -0.6 -0.6 -0.6 -0.6 -0.6 -0.6 -0.6 -0.6 -0.6 -0.6 -0.6 -0.6 -0.6 -0.6 -0.6 -0.6 -0.6 -0.6 -0.6 -0.6 -0.6 -0.6 -0.6 -0.6 -0.6 18.4 17.5 15.6 15.8 21.1 28.9 29.4 -0.6 -0.6 -0.6 -0.6 -0.6 -0.6 -0.6 -0.6 -0.6 -0.6 -0.6 -0.6 -0.6 -0.6 -0.6 -0.6 -0.6 -0.6 -0.6 -0.6 -0.6 -0.6 -0.6 -0.6 -0.6 -0.6 -0.6
64.3 66.2 66.2 65.1 64.3 64.8 63.9 61.6 60.9 62 61.2 59.5 55.8 52 48.9 43.6 37.2 32 27.5 26.6 33.8 39.4 36.5 29.6 21.1 12.4 1.3 -0.6 -0.6 -0.6 -0.6 -0.6 -0.6 -0.6 -0.6 -0.6 -0.6 -0.6 -0.6 -0.6 -0.6 -0.6 -0.6 -0.6 -0.6 -0.6 -0.6 -0.6 -0.6 -0.6 6.7 19.4 16.1 14.1 14 25.5 30.5 28.5 -0.6 -0.6 -0.6 -0.6 -0.6 -0.6 -0.6 -0.6 -0.6 -0.6 -0.6 -0.6 -0.6 -0.6 -0.6 -0.6 -0.6 -0.6 -0.6 -0.6 -0.6 -0.6 -0.6 -0.6 -0.6 -0.6 -0.6
68.1 68.6 68 68.4 70.5 70 67.1 66.7 67.8 66.9 67.9 66.6 64.7 61.5 56.9 50.5 45.1 38.9 32.4 30.6 36.4 41.6 44.9 38.1 26.4 15.2 6.5 -0.6 -0.6 -0.6 -0.6 -0.6 -0.6 -0.6 -0.6 -0.6 -0.6 -0.6 -0.6 -0.6 -0.6 -0.6 -0.6 -0.6 -0.6 -0.6 -0.6 -0.6 -0.6 -0.6 11.8 16.7 13.4 13.1 13.8 23 25.2 -0.6 -0.6 -0.6 -0.6 -0.6 -0.6 -0.6 -0.6 -0.6 -0.6 -0.6 -0.6 -0.6 -0.6 -0.6 -0.6 -0.6 -0.6 -0.6 -0.6 -0.6 -0.6 -0.6 -0.6 -0.6 -0.6 -0.6 -0.6
68.5 69.2 68.3 71.1 72.8 71.8 72.9 72.5 72 72.3 74.7 75 72.2 68 63.2 57.5 52.7 45 38.4 35.4 38.3 41.8 43.2 42 30.7 19.8 10 -0.6 -0.6 -0.6 -0.6 -0.6 -0.6 -0.6 -0.6 -0.6 -0.6 -0.6 -0.6 -0.6 -0.6 -0.6 4 3.7 -0.6 -0.6 -0.6 -0.6 -0.6 -0.6 7.4 12.2 13.9 15.2 16.4 16.2 16.2 -0.6 -0.6 -0.6 -0.6 -0.6 -0.6 -0.6 -0.6 -0.6 -0.6 -0.6 -0.6 -0.6 -0.6 -0.6 -0.6 -0.6 -0.6 -0.6 -0.6 -0.6 -0.6 -0.6 -0.6 -0.6 -0.6 -0.6 -0.6
69.1 69.4 69 72 74 74.5 76 76.8 76 76.8 78.4 79.8 77.3 73.4 68.8 65.5 59.2 51.1 46.3 42.1 41.6 44.1 43.5 40.8 35.7 24.6 13.8 0.9 -0.6 -0.6 -0.6 -0.6 -0.6 -0.6 -0.6 -0.6 -0.6 -0.6 -0.6 -0.6 -0.6 6.1 8.1 7 5.5 -0.6 -0.6 -0.6 -0.6 -0.6 13.5 15.2 17.5 22.9 25.3 19.7 9.2 -0.6 -0.6 -0.6 -0.6 -0.6 -0.6 -0.6 -0.6 -0.6 -0.6 -0.6 -0.6 -0.6 -0.6 -0.6 -0.6 -0.6 -0.6 -0.6 -0.6 -0.6 -0.6 -0.6 -0.6 -0.6 -0.6 -0.6 -0.6
68.4 69.1 70.3 72.6 73.6 74.2 77.6 79.5 80.8 81.5 81.7 82.7 80.9 78.3 75.8 69.9 63.9 58 52.4 45.6 42.6 43.2 41.2 37 34.8 28.4 18 8.9 -0.6 -0.6 -0.6 -0.6 -0.6 -0.6 -0.6 -0.6 -0.6 -0.6 -0.6 -0.6 -0.6 9.3 10.4 8.9 5.4 -0.6 -0.6 -0.6 -0.6 9.9 15.2 17.4 20.4 31.8 32.7 25.3 -0.6 -0.6 -0.6 -0.6 -0.6 -0.6 -0.6 -0.6 -0.6 -0.6 -0.6 -0.6 -0.6 -0.6 -0.6 -0.6 -0.6 -0.6 -0.6 -0.6 -0.6 -0.6 -0.6 -0.6 -0.6 -0.6 -0.6 -0.6 -0.6
68.7 70.4 71.8 73.9 74 75 80.7 84.8 86.3 86.1 84.8 83.7 81.4 80.3 77.8 72.3 66.7 60.9 55.5 49.3 43.8 41.8 39.8 35.3 34.6 26.1 19.6 14.9 6.1 -0.6 -0.6 -0.6 -0.6 -0.6 -0.6 -0.6 -0.6 -0.6 -0.6 -0.6 -0.6 9.9 9.4 7.9 5.9 5.7 6.9 6.9 6.3 10.9 19 22.3 27.4 37 34.7 27.5 -0.6 -0.6 -0.6 -0.6 -0.6 -0.6 -0.6 -0.6 -0.6 -0.6 -0.6 -0.6 -0.6 -0.6 -0.6 -0.6 -0.6 -0.6 -0.6 -0.6 -0.6 -0.6 -0.6 -0.6 -0.6 -0.6 -0.6 -0.6 -0.6
70.4 70.8 72.2 72.7 73.3 76.3 81.5 85.7 87.7 88 85.3 83.8 83 83.1 79.9 74.1 69.5 63.7 57.9 51.3 46.3 43.2 39.9 35.3 31.7 25.3 23.5 21.7 13.1 -0.6 -0.6 -0.6 -0.6 -0.6 -0.6 -0.6 -0.6 -0.6 -0.6 -0.6 2.4 6.1 7.2 6.5 5.6 8.5 9.5 8.8 10.4 17.4 24.2 27.6 37.5 42.8 37.8 30.8 -0.6 -0.6 -0.6 -0.6 -0.6 -0.6 -0.6 -0.6 -0.6 -0.6 -0.6 -0.6 -0.6 -0.6 -0.6 -0.6 -0.6 -0.6 -0.6 -0.6 -0.6 -0.6 -0.6 -0.6 -0.6 -0.6 -0.6 -0.6 -0.6
68.8 68.8 71.1 71.1 73 77.4 82 84.5 87.5 88.6 87.9 87.2 85.6 83.3 79.3 73.2 68.4 63.6 58.4 50.2 46.3 42.9 38.7 35 33.2 26.2 29.5 27.3 20.7 9.8 -0.6 -0.6 -0.6 -0.6 -0.6 -0.6 -0.6 -0.6 -0.6 -0.6 1.1 3.2 5.7 6.8 8 11.2 11 12.6 16.9 23.7 30.3 35.2 43.7 47 39.3 32.2 -0.6 -0.6 -0.6 -0.6 -0.6 -0.6 -0.6 -0.6 -0.6 -0.6 -0.6 -0.6 -0.6 -0.6 -0.6 -0.6 -0.6 -0.6 -0.6 -0.6 -0.6 -0.6 -0.6 -0.6 -0.6 -0.6 -0.6 -0.6 -0.6
64.6 65.7 67.9 69.5 71.6 77.5 82.1 83.4 84.7 85.5 85.6 85.1 83.7 82.8 78 70.9 65.8 62.2 57 49.6 44.5 40.8 37.1 33.3 30.7 28 38.5 36.1 28.3 16.1 -0.6 -0.6 -0.6 -0.6 -0.6 -0.6 -0.6 -0.6 -0.6 -0.6 1.6 3.3 6.3 8.2 9.8 11.6 13.3 17.4 23.2 29.2 37.8 44.6 52.6 53 44.1 33.1 -0.6 -0.6 -0.6 -0.6 -0.6 -0.6 -0.6 -0.6 -0.6 -0.6 -0.6 -0.6 -0.6 -0.6 -0.6 -0.6 -0.6 -0.6 -0.6 -0.6 -0.6 -0.6 -0.6 -0.6 -0.6 -0.6 -0.6 -0.6 -0.6
64.5 64.1 65.2 69.4 74.8 78.4 82.5 82.8 83.5 83.6 82.1 81.7 79.9 78.8 74.1 67.1 63.3 59.3 54 45.8 41.5 38.9 34.8 31.2 27.6 27.1 32.3 36.5 32.2 19.4 8.4 -0.6 -0.6 -0.6 -0.6 -0.6 -0.6 -0.6 -0.6 -0.6 3.5 6.2 10 13.2 14.9 21.2 23.8 26.9 31.4 37.2 46 55.7 62.1 59.1 47.7 35.2 -0.6 -0.6 -0.6 -0.6 -0.6 -0.6 -0.6 -0.6 -0.6 -0.6 -0.6 -0.6 -0.6 -0.6 -0.6 -0.6 -0.6 -0.6 -0.6 -0.6 -0.6 -0.6 -0.6 -0.6 -0.6 -0.6 -0.6 -0.6 -0.6
66 64.5 66.5 69.5 72.9 77.4 80.4 82 82.6 82.5 79.8 78.8 76.2 72.1 68.7 62.1 59.7 54.8 49.5 43.4 39.4 36.6 33.2 30.4 25 24.2 25.7 32.3 31.9 21.6 10.5 -0.6 -0.6 -0.6 -0.6 -0.6 -0.6 -0.6 -0.6 6.5 8.9 12.2 16.9 20.2 26.3 32.8 36.6 44.8 46.5 48.9 54 66 70.8 64.6 53 36.6 -0.6 -0.6 -0.6 -0.6 -0.6 -0.6 -0.6 -0.6 -0.6 -0.6 -0.6 -0.6 -0.6 -0.6 -0.6 -0.6 -0.6 -0.6 -0.6 -0.6 -0.6 -0.6 -0.6 -0.6 -0.6 -0.6 -0.6 -0.6 -0.6
68.6 69.4 70.6 70.1 68.8 72.3 76.2 80.5 80.6 79.3 75.3 75.2 71.5 65.8 62.8 57.1 53.1 47.9 43.7 38.5 36.5 34.2 30.8 28.8 22.8 21.8 22.5 26.5 30.4 24.7 13.9 -0.6 -0.6 -0.6 -0.6 -0.6 2.5 4 9.8 12.2 15.2 20.2 24.8 29.5 36.5 42.7 51.9 56.8 60.8 65.7 68 77.1 77.7 71.7 56.1 34.3 -0.6 -0.6 -0.6 -0.6 -0.6 -0.6 -0.6 -0.6 -0.6 -0.6 -0.6 -0.6 -0.6 -0.6 -0.6 -0.6 -0.6 -0.6 -0.6 -0.6 -0.6 -0.6 -0.6 -0.6 -0.6 -0.6 -0.6 -0.6 -0.6
71.9 72.8 70.3 69 68.1 66.8 71.3 67.2 75.8 74.3 70.5 69.8 66.7 59.7 56.1 51.6 46.6 42.9 38 34.6 32.9 30.1 26.6 25.4 21.3 18.3 18.4 20.9 24.7 22.1 15.8 10.2 -0.6 -0.6 5.3 3.4 4.2 8.7 14.9 18.2 21.9 27.1 31.7 37.8 44.3 53.2 61.1 63.5 73.7 80.5 84.7 90.3 84.8 76.2 56 31.8 -0.6 -0.6 -0.6 -0.6 -0.6 -0.6 -0.6 -0.6 -0.6 -0.6 -0.6 -0.6 -0.6 -0.6 -0.6 -0.6 -0.6 -0.6 -0.6 -0.6 -0.6 -0.6 -0.6 -0.6 -0.6 -0.6 -0.6 -0.6 -0.6
73.6 72.7 70.2 69.6 67.4 64.9 66.8 67.5 72.4 69.1 65.1 61.4 58.8 53.8 49.4 45.8 40.6 36.9 33.4 31.4 29.1 26.2 23.4 22.6 19.4 15 14.7 17.2 18.8 19.3 16.9 11.9 5.9 9.6 8.9 7.3 8.8 15.6 21.1 23.1 26.5 31.9 37.7 44.9 53.5 59.1 65.2 74 86.9 95 100.5 98.7 91.3 78.7 56.2 27.7 -0.6 -0.6 -0.6 -0.6 -0.6 -0.6 -0.6 -0.6 -0.6 -0.6 -0.6 -0.6 -0.6 -0.6 -0.6 -0.6 -0.6 -0.6 -0.6 -0.6 -0.6 -0.6 -0.6 -0.6 -0.6 -0.6 -0.6 -0.6 -0.6
73.2 72.1 69.9 69.7 66.3 64.4 64.4 64.3 65.9 61.4 57.3 54.3 49.9 45.4 41.3 40 34.8 31.4 28.5 28 25.2 22.8 20.2 18.9 16.8 14.3 14.3 15.5 15.9 15.8 14.4 8.7 12.7 14.6 13.6 12.3 14.8 22.2 25.7 28.4 31.5 35 43.3 53.8 60.1 64.9 71.3 87.3 98.6 106.5 110.8 105.7 96 79.8 56.4 23.2 -0.6 -0.6 -0.6 -0.6 -0.6 -0.6 -0.6 -0.6 -0.6 -0.6 -0.6 -0.6 -0.6 -0.6 -0.6 -0.6 -0.6 -0.6 -0.6 -0.6 -0.6 -0.6 -0.6 -0.6 -0.6 -0.6 -0.6 -0.6 -0.6
68.3 69 69.8 69.1 66 65.2 63.3 61.8 57.2 53.2 50.1 47.6 42.5 39.4 35.8 33.8 31.1 27.1 23.6 23.4 21.6 19.4 18.1 16.8 15.2 14.3 14.3 14.3 13.8 14.4 13.4 15.4 16 18.1 18 18.6 21.1 26.2 31.3 34.6 36.7 40.6 49.6 58.4 64.5 72 80.8 97.4 108 117.1 117.7 107.3 95.9 77.5 53.6 -0.6 -0.6 -0.6 -0.6 -0.6 -0.6 -0.6 -0.6 -0.6 -0.6 -0.6 -0.6 -0.6 -0.6 -0.6 -0.6 -0.6 -0.6 -0.6 -0.6 -0.6 -0.6 -0.6 -0.6 -0.6 -0.6 -0.6 -0.6 -0.6 -0.6
59.7 63.8 66.5 67.2 66.2 66.6 65.7 63.9 58.1 51.4 46.2 41.9 37.8 34.9 31.6 27.9 26.4 24.4 20.6 19.1 18.5 16.9 16.2 15 14.3 14.3 14.3 14.3 14.3 14.3 15.9 19 22.1 22.4 22.7 23.6 25.6 29.9 35.9 40.3 43.5 46.6 54 64.8 71.2 81.1 91.9 107.7 117.4 127.4 120.3 105.3 92.9 72.8 46.5 -0.6 -0.6 -0.6 -0.6 -0.6 -0.6 -0.6 -0.6 -0.6 -0.6 -0.6 -0.6 -0.6 -0.6 -0.6 -0.6 -0.6 -0.6 -0.6 -0.6 -0.6 -0.6 -0.6 -0.6 -0.6 -0.6 -0.6 -0.6 -0.6 -0.6
54.2 57 61.2 63.3 66 66.7 67.9 64.1 57.2 51.8 44.6 39.1 34.6 32.7 29.1 26.2 23.6 21.4 19.2 17.7 16.9 16.3 15.1 14.4 14.3 14.3 14.3 14.3 14.3 14.3 16.2 20.8 23.3 25.4 29.1 29.3 30.2 35.5 41.2 47 50.3 53.1 61 70.7 79.6 89.3 103.4 120.4 127.6 133.8 119.5 103 91.3 70.7 43.3 -0.6 -0.6 -0.6 -0.6 -0.6 -0.6 -0.6 -0.6 -0.6 -0.6 -0.6 -0.6 -0.6 -0.6 -0.6 -0.6 -0.6 -0.6 -0.6 -0.6 -0.6 -0.6 -0.6 -0.6 -0.6 -0.6 -0.6 -0.6 -0.6 -0.6
52.7 53.2 55 60.2 63.9 64.9 63.9 61.5 56.2 52.1 45.5 38.7 34.6 31.8 29.2 25.5 23.5 21.4 19.4 17.8 16.9 17.8 16.8 16.4 14.5 14.3 14.3 14.3 14.3 14.6 16.4 18.6 22.4 26.3 30.5 32.8 35 39.1 46.4 51.5 55.7 59.9 67.1 75.7 87.7 97.6 118.6 131.3 138.9 130.3 114.8 99.9 86.1 63.1 39.1 15.3 -0.6 -0.6 -0.6 -0.6 -0.6 -0.6 -0.6 -0.6 -0.6 -0.6 -0.6 -0.6 -0.6 -0.6 -0.6 -0.6 -0.6 -0.6 -0.6 -0.6 -0.6 -0.6 -0.6 -0.6 -0.6 -0.6 -0.6 -0.6 -0.6
53.1 54.8 57.6 59.2 60.8 61.4 60.6 59.3 56.2 52.7 46.2 40.1 35.1 30.6 28.4 25.5 23.6 21.7 20 18.7 18.3 19.5 19.1 18.7 16.3 13.1 14.3 14.3 14 15.6 17.2 19 22.6 28.5 32.7 36.5 38.5 44 49 53.8 58.8 65.6 73.6 80.5 92.9 106.4 129.8 139 139.7 126.3 110.1 97.6 85.5 62.3 36.4 15.8 -0.6 -0.6 -0.6 -0.6 -0.6 -0.6 -0.6 -0.6 -0.6 -0.6 -0.6 -0.6 -0.6 -0.6 -0.6 -0.6 1.9 -0.6 -0.6 -0.6 -0.6 -0.6 -0.6 -0.6 -0.6 -0.6 -0.6 -0.6 -0.6
55.9 59.1 61.2 61.6 63.5 63.2 60.1 57.5 54.6 51.4 47.5 41.7 36.5 31.9 28.2 25.4 23.5 22.6 21 20.3 20.1 21.8 23.2 22.7 19.6 15.7 14.3 14.1 15.1 16.4 17.5 19.5 24.4 30.6 34.3 37.3 41.3 47.5 52.1 56.7 61.2 67.9 77.4 84.5 96.8 114.2 135 139.6 132.9 119.3 104.7 95.4 80.6 58.4 33.7 17.4 7.6 -0.6 -0.6 -0.6 -0.6 -0.6 -0.6 -0.6 -0.6 -0.6 -0.6 -0.6 -0.6 0.9 -0.6 8.9 -0.6 -0.6 -0.6 -0.6 -0.6 -0.6 -0.6 -0.6 -0.6 -0.6 -0.6 -0.6 -0.6
58.8 62.2 66.7 65.1 62.8 62.3 61.2 59 55.4 51 47.7 43 38.5 34.1 30.4 26.8 24.4 23.2 21.9 22.3 23.2 25.4 25.9 24.8 22.3 18.1 15 15.2 15.1 16.8 18.1 20.1 26.2 33 36.9 39.4 41.2 48.7 55 59.7 63.8 71.6 81.9 88.1 99.4 118.3 134.4 133.6 123.1 111.8 101.8 91.2 80 60.1 37.1 20.7 12.3 -0.6 -0.6 -0.6 -0.6 -0.6 -0.6 -0.6 -0.6 -0.6 -0.6 -0.6 -0.6 8.5 10.5 11.8 14.7 15.5 -0.6 -0.6 -0.6 -0.6 -0.6 -0.6 -0.6 -0.6 -0.6 -0.6 -0.6
57 62.2 66.7 65.1 61.6 60.9 61 58.6 56 51.8 49.4 44.5 42.4 36.9 33.2 29.1 25.7 23.7 23.4 24.9 26.2 29 27.6 26.5 25.7 21.2 17.7 16.6 17.6 17.9 18.9 20.8 26.7 34.3 40 41.6 42.9 49.9 57.7 63 67.3 72.4 81.7 88.6 100 112.8 130.5 130.7 120.7 105.9 96.7 87.4 77.5 58.4 37.9 21.9 15.8 11.6 -0.6 -0.6 -0.6 -0.6 -0.6 -0.6 -0.6 -0.6 -0.6 -0.6 7.3 10.8 12.1 14.3 19.8 23 -0.6 -0.6 -0.6 -0.6 -0.6 -0.6 -0.6 -0.6 -0.6 -0.6 -0.6
53 59.4 63.6 62.9 59.7 60 59 57.4 55.4 53.9 51.5 48 45 39.7 35.9 32.4 28.8 25.3 25.6 26.8 28.1 30.4 29 27.8 26.5 22.7 18.1 18.6 17.5 18.1 19.2 22.6 26.9 33.9 40.2 43.7 45.7 48 59.6 65.9 70.9 75.9 83.3 89.6 97.8 108.2 123.5 132.5 120.9 103.5 91 83.7 77.1 59.7 41.4 25.2 23.8 13.8 -0.6 -0.6 -0.6 -0.6 -0.6 -0.6 -0.6 -0.6 0.8 6.3 9.9 13.3 14.1 18.6 23.1 -0.6 -0.6 -0.6 -0.6 -0.6 -0.6 -0.6 -0.6 -0.6 -0.6 -0.6 -0.6
49 54.8 58.7 58.4 57.3 58.3 57.5 56.1 56.7 56.6 55.2 52.2 47.9 43.8 38.2 35.5 31.7 28.5 26.5 26.6 27.6 30.7 29.6 28.1 26.8 23.9 19.9 18.8 18.4 19.1 20.1 23.1 28.5 34.7 40.9 45.4 48.1 49.1 57.4 67.5 72.3 76.3 83.3 89.1 93.7 104.4 120.5 129.9 113.1 98.8 85.2 79 75.1 59.9 42.9 25.8 24.5 12.9 -0.6 -0.6 -0.6 -0.6 -0.6 -0.6 -0.6 -0.6 1.9 8.9 12.7 15.7 17.1 22.6 23.8 -0.6 -0.6 -0.6 -0.6 -0.6 -0.6 -0.6 -0.6 -0.6 -0.6 -0.6 -0.6
44.9 50.8 54.2 55.9 54.9 56.9 56.1 57.1 57.4 57.9 56.5 54.6 51.2 45.2 41 37.9 35.1 32.9 28.8 27.1 26.7 28.5 28.9 27.5 26.8 25.1 21.5 19.5 19.4 20.1 20.8 23 28.8 35.1 41 46.7 50 50 50.7 61.2 70.5 77.1 84.4 89.1 92.7 103.2 115.4 126.2 112.1 95.6 80.7 75.6 67.6 52.9 35.2 24.5 18.5 10.2 -0.6 -0.6 -0.6 -0.6 0.5 -0.6 -0.6 -0.6 7.5 11.4 13.9 16.5 20.3 23.7 26.2 -0.6 -0.6 17.8 -0.6 0.1 -0.6 -0.6 -0.6 -0.6 -0.6 -0.6 -0.6
42.9 47.9 51.9 54.3 53.3 54.2 55.3 58.4 57.2 57.7 57.8 56.5 52.4 46.6 43.3 39.8 38.2 34.1 30.3 28.6 27.4 26.5 26.7 26.1 27.5 25.6 22 20 19.1 19.7 21 22.7 28.7 33.4 39.7 45.5 49.4 51.1 50.7 53.8 66.3 78 85.3 88.4 90.5 102 106.8 117.7 110.1 93.4 79.5 73.1 63.5 48.9 34.8 22.7 15.4 6.9 -0.6 -0.6 -0.6 -0.6 0.9 -0.6 -0.6 2.2 8.2 12 15.9 18.6 19 22.5 25.7 11 34.4 32.4 -0.6 2.5 -0.6 -0.6 -0.6 -0.6 -0.6 -0.6 -0.6
39.5 44.3 48.3 51 52.4 52.6 54.2 56.3 56.4 56.7 57.5 56.5 52.9 48.9 45 41.7 38.5 34.3 32.5 32 27.8 25.4 24.7 27.6 28.5 26.4 22.8 21.1 20.3 20.2 21 23.3 26.4 31.3 37.7 44.6 49.7 51.1 50.4 50.8 61.4 75.8 81.1 82.4 85.6 97 98.3 102.7 108.1 95.3 78.6 69 58.8 46.4 32.2 19.6 12.5 6 -0.6 -0.6 -0.6 -0.6 1.1 4.3 3.7 4.5 7.9 12.7 16.8 20.5 20.5 21.3 23.2 28.4 31.7 31.2 17.7 9.8 9.8 2.2 -0.6 -0.6 11 18.9 23.2
35.3 39.8 46.2 47.9 49.5 51.8 54.2 55.4 57.1 56.5 56.9 54.6 52.8 50.6 46.8 43.9 39.7 34.2 33.5 31.4 28.2 25.8 24.1 26.5 26.6 26.1 24.2 22.2 21.1 21.3 22.3 23.6 26.1 30 36.7 44 49.1 50.7 50.9 51.2 56.9 70 74.4 73 77.4 87.4 91 92.7 93.7 90.6 77.4 65.7 54.4 41.1 27.1 16.9 13.5 -0.6 -0.6 -0.6 -0.6 -0.6 4.6 4.3 5.2 5.4 8 12.9 17.8 21.7 23.1 22.9 26.2 31.4 30.4 27.9 17.3 10.9 11.1 9.8 12.5 15 19.5 24.8 24.2
33.2 36.3 39.8 43.4 48.8 52.5 53.5 55.4 57 56.8 55.2 53.2 51.9 49.5 46.6 41.4 37.6 35.1 33.4 31.6 29.6 26.8 25.8 25.8 25.8 23.8 25.8 23.9 22.9 23 23.8 25.1 27.1 29.7 35.6 43.3 48.5 51.1 52.7 52.2 55 65.1 68.8 67.7 68.2 74 82.7 83.3 84.4 79.1 71.4 60.5 48.6 33.4 21 12.9 8.4 -0.6 -0.6 -0.6 -0.6 6.9 5.8 4.9 4.3 5.2 8.1 12.8 17.5 23.5 25.9 24.9 31.6 28.5 27.3 25.8 18 11.4 11 11.6 14.4 17 22.8 26.5 25.6
30.6 34.1 36.8 41.1 47.8 51.9 52.5 52.8 54.3 54 53.3 50 49 47.5 46.4 44.3 41.2 38.7 36.7 34 31.4 28.9 24.6 25.8 25.8 25.8 25.8 26 25.5 25.4 26 26.7 29.4 30.4 36.2 43.9 50 53.8 53.9 53.3 53.8 60.7 65.7 64.3 62.2 63.3 73 73.3 72.2 70 66.2 56.3 38 22.6 14.5 7.3 3.3 -0.6 -0.6 -0.6 -0.6 5.9 -0.6 -0.6 0.8 3.8 7.5 12.1 17.2 23.2 27.4 29.5 28.6 23.7 24.4 30.4 19.5 12.5 11.9 12.4 14.8 18.7 24.9 27.4 26.5
29.1 31.4 34.6 38.3 44.3 47 49.3 49.1 49.6 50.6 49.8 50 49.8 48.8 50.3 46.6 45.2 42.5 40.5 38.3 34.4 28.9 24.6 25.8 25.8 25.8 25.8 26.8 27.3 28.3 28.9 29.7 32 33.1 37 44.1 50 55 54.9 54.5 54.1 56 60.7 59.9 59.7 57.6 60.5 66.1 62.5 60 58.8 52.7 33 17.1 8.9 -0.6 -0.6 -0.6 -0.6 -0.6 0.7 5.2 -0.6 -0.6 -0.6 -0.6 6.3 11.7 17.7 22.6 25.4 27.4 22.6 20.2 21.4 22.1 17.1 14.2 13.2 12.6 14.6 18.5 25 27.8 27.3
27.7 30.5 32.9 36 40 43.6 47.9 50.3 51.6 51.5 53 53.4 52.7 50.3 49.8 48.7 49.8 47.2 45.2 42.3 35.6 29.8 25.4 25.8 25.8 25.8 25.8 27.3 30.2 31.6 32.3 32.7 34.7 35.8 40.1 44.6 48.8 54.4 55.9 55.6 56.1 56.1 56.1 56.9 57.7 56.2 52.7 57.6 57 52 50 44.8 26.9 11.5 6.5 -0.6 -0.6 -0.6 -0.6 -0.6 5.4 6.4 -0.6 -0.6 -0.6 -0.6 7 13.1 19.2 23.8 26.9 26 19.3 15.6 15 16.8 15.5 13 12.9 13 14.7 18.9 23.2 26.4 28.9
27.9 30 33.5 37.7 41.1 45.2 48.9 52.9 53.6 56.1 56.4 56.7 55.3 54.2 52.5 51.3 52.9 52.1 49.4 44.2 37.4 31.4 26.1 25.8 25.8 25.8 25.8 26.1 32.3 35.2 36.4 37.1 38.3 39.7 41.8 46.2 50.9 54.2 55.9 57 54.9 56.1 56.1 54.5 57 58.4 53.3 49.9 50.5 45.3 38.6 35.2 24.4 8.3 3 -0.6 -0.6 -0.6 -0.6 -0.6 2.3 -0.6 -0.6 -0.6 -0.6 -0.6 8.3 13.2 18.6 21.4 26.4 21.5 16 9.2 10.6 13 13.9 12.7 12 13 15.2 19.2 23.4 25.8 28.8
30.1 34 38.2 42.6 46.7 49.2 51.1 53.1 55.7 60 60.4 61.2 59.4 58.9 57.8 54.1 54.6 56.6 53.6 46.1 39.4 33.2 28.2 24 25.8 25.8 25.8 25.8 29.4 35.8 39.6 39.7 41.7 43.1 45.5 47.5 52.1 55.7 56.8 58.3 57.8 55.1 56.1 55.4 56.4 57.7 54.3 49 44 42.1 36.7 28.3 20.9 7.8 1.9 -0.6 -0.6 -0.6 -0.6 -0.6 -0.6 -0.6 -0.6 -0.6 -0.6 1.8 9.3 14.5 19.8 18.9 19.4 17.2 12.2 0.9 3.9 10.8 12.3 12.4 11.6 12.9 16 20.2 24 26.2 28.8
