WholeMapElevations/data/sp/sp63_OST50GRID_20230518/SP63.asc
ncols 200
nrows 200
xllcorner 460000
yllcorner 230000
cellsize 50
[rows 72 to 107 of 200, columns 82 to 163 of 200]
120.8 119.3 119.8 119.1 118.5 116.5 115.9 116.4 116.8 116.8 116.3 115.3 114.3 112.2 109.2 106.6 104.2 102.1 101.1 101.9 104 105 106.1 108.2 111.9 114.1 116.9 118.7 120.2 120.7 121.2 121.3 120.8 120.1 119.7 118.9 116.5 113.3 111.8 111.1 111.2 109.3 104.3 103.1 101.2 99.5 99.1 98.6 99.9 101.1 98.4 96.8 101.5 104.8 106.4 105.4 101.9 100.6 99.3 97.7 95.5 97.6 100.7 103.5 104.4 104.5 104.9 107.8 108.5 109 110.3 110.2 111 113.5 115.2 115.4 116.8 119 119.6 119.7 121.4 123.1
119.3 119.8 119.6 118.5 116.5 114.5 114.2 114 114.6 115.1 114.8 113.6 111.3 109.4 107 104.6 102.5 100.7 101 103.7 106 107.5 108.6 110.7 114.2 116.8 119.2 120.7 120.7 121.2 121.6 121.6 121.1 120.5 120 119.3 117.8 116.4 114.8 114.3 113.3 111.4 110.1 108.6 106.2 104 100.3 99.3 98.4 96.2 97.5 95.7 99.9 102.6 103.7 103.8 101.3 99.1 97 98.1 96.6 100 104.9 108.3 109.5 109.5 109.7 111.3 111.2 111.1 112.6 113 113 114.4 116.9 118.3 119.1 119.9 120.3 120.8 122.1 122.3
118 119.1 118.8 117.3 115.5 113.9 111.9 111.5 112.3 113.2 112.6 111.5 109.4 107.1 104.6 102.3 100.8 101.8 103.6 105.6 108.2 110.4 112.5 114.4 116.5 119.2 120.9 121.5 121.2 121.5 121.7 121.5 121.4 120.8 120.2 119.5 118.6 117 115.6 115.8 115.3 114.2 113.5 113.2 110.5 108.2 103.4 101.3 99 96.7 95.7 95.4 97.1 99.8 100.8 99.9 98.5 97.5 96.2 95.5 97.9 103 109.1 111.5 111.9 112.5 113.3 114.2 114.2 114.9 115.5 116.4 116.2 116.4 118.2 119.7 120 119.7 119.9 120.8 120.8 120.9
116.5 118.3 117.8 116.5 114.2 111.9 109.9 109.4 109.9 110.6 109.5 108.9 107.9 105.2 102.7 100.7 101.2 103.8 105.5 107.5 111 114.2 115.6 117.3 119.6 120.8 121.7 121.8 121.4 121.8 121.6 121.1 120.9 120.5 119.7 118.8 117.9 117.4 116.7 116.2 115.4 115.1 114.9 114.9 113.1 110.9 108.8 105.1 100.6 98.2 96.4 95.1 95.2 96.6 98.3 98 97.6 96.7 95.6 95.7 100 106.1 110.8 112.7 113.6 114.1 115.2 116.1 116.8 117 117.8 118.1 118 118.4 119 120 120.3 119.8 120.5 120.3 120 118.8
114.9 117.3 117.2 116.5 113.7 111.3 108.9 107.8 108 108.2 107.3 106.7 106.1 103.8 101.6 100.1 102.4 104.8 106.9 110.3 113.6 116.7 118.2 119.8 120.5 121.4 122.2 121.1 121.3 121.7 121.2 120.9 120.8 120.2 119.1 118.1 117.1 116.2 115.5 115.1 115.2 114.6 114.4 114.3 113.4 111.7 109.6 105.6 102.6 102.1 98.9 95.6 94.3 94.3 95 96.6 96.7 95.8 95.5 97.7 104.3 107.5 111.1 112.3 113.7 114.6 116.4 117.2 117.8 117.9 118.2 118.5 118.6 118.5 119 119.5 120.1 120.5 119.9 119 117.5 115.6
114.3 116.2 116.5 115.7 113.5 111 108.6 106.5 106.3 106.5 105.6 105 104.1 102.5 100.1 100.2 102.9 105.7 108.8 111.9 114.9 118.3 120 120.6 120.9 121.7 122.1 121 121 121 120.9 120.7 120.5 119.2 117.3 116.1 115.3 114.3 113.3 113.2 113.5 113.3 113.3 113.4 113.4 111.6 109.4 106.8 107.8 106.3 102.3 99.2 95.8 94.7 94.4 95.6 96.3 94.8 94.9 101.3 106.1 108.8 110.1 111.6 112.6 114.6 116.4 116.5 116.3 117.4 116.9 117.7 117.9 118.5 119.1 119.4 119.4 118.9 117.7 116.4 114.2 112.8
112.6 114.8 115.3 114.1 112.8 110.5 108.3 105.8 104.8 105.2 104.3 103.3 102.6 99.9 99.2 101.1 104 106.3 109 112.6 115.7 119.1 120.5 121.4 121.8 121.5 121.8 120.9 120.5 120.3 120.2 120 119.7 118.9 116.8 114.9 114 113 111.8 110.6 110.8 111.2 112.3 112.4 112 110 109.2 109.9 110.2 108.7 105.4 101.7 98 95.3 93.8 93.5 95 93.6 95.4 101.1 105.9 107.4 109.2 110.5 111.4 113.1 114.7 115.3 116.1 115.7 116.1 116.7 116.8 117.7 118.1 118.3 117.4 116.1 115.1 113.7 111.4 110.8
110.7 113.3 114.1 113 112.1 110.4 108.5 106.1 104 102 101.7 100.3 99.7 99 100.6 102.3 104.5 107.2 110.2 113.4 117 119.6 120.7 121.6 121.9 121.3 121.3 120.8 120.2 119.6 119.6 119.9 119.3 117.6 116.2 114.6 113.5 112.7 110.5 109.2 108.4 109 110.2 111 110.7 109.2 110.1 111.4 111.2 109.7 106.2 102.7 100.4 97.6 95.1 93.2 93 93.7 93.6 99.8 102 105.6 107.4 109.2 110.2 111.4 113 113.2 114.3 113.8 114.8 114.3 115.3 116.2 116.7 116 115 113.2 111.8 110.6 108.8 108.7
109.5 111 112 111.4 110.7 109.6 107.9 106.6 103.6 102.4 100.4 99.3 98.8 100.7 101.8 103.9 105.9 108.2 110.9 114.5 118 119.9 121 121.6 121.6 121.4 120.7 120.1 119.5 118.9 118.8 118.7 118.1 117 116 115.1 114.1 113.1 111.7 109.8 108.2 107 107.4 109.2 109 110 111 111.9 111.8 110.3 108.3 105.8 101.6 98.4 96 93.8 92.4 92.4 93.7 96.5 97.9 101.7 105.2 108.9 109.6 110.4 110.4 111.2 111.5 112.8 113.5 113.1 114.4 114.5 114.7 113.6 112.8 111.2 109.7 108.7 108.8 107.5
108.6 109.7 110.1 109.5 108.9 108.3 107.2 105.5 103.4 102.1 99.7 98.2 100.7 102.5 104.1 105.7 107.3 109 111.8 114.5 118.6 120.3 121.4 120.9 121.2 121 120 119.4 118.8 118.3 118.2 118.1 118.1 117.3 116.5 115.7 114.6 113.2 112.1 110.4 108.2 106.4 105.5 106.2 107.7 110.1 112 113.3 112.2 111.9 109.9 107.5 103.2 100.1 97.6 94.5 93.3 92.6 92.2 93.3 95.5 100 105.7 108.6 108.9 109.4 108.7 109.1 110.1 111 111.7 111.9 112.1 112.7 112.6 111.8 110.5 109.2 107.8 107 106.7 105.5
107.2 107.9 108.2 107.5 107.6 107.3 106.2 104.1 103 101.7 99.4 98.7 101.2 103 104.9 106.6 108.3 111.4 113.9 117.4 119.8 121.4 120.6 121.3 120.4 120.6 119.5 118.7 118.2 117.7 117.6 118 117.7 117.4 116.8 115.9 114.6 113.2 111.7 109.6 108.6 106.8 105 104.8 107.4 110 112.3 113.7 113.1 112.2 110.1 108 105.2 102.3 99.2 98.3 95.3 92.4 91.3 92.6 94.6 97.4 103.1 105.9 107.7 107.4 107.3 108.6 109.1 109.8 110.4 110.5 111.4 111.3 111 110.5 109.5 107.6 106.7 105.9 105.4 104.7
105.5 106.6 106.8 106.6 106.4 106.1 104.4 102.6 101.8 100.6 98.3 99.4 101.4 102.9 105.5 107.1 110.9 113.4 116.2 118.6 120.4 121 120.6 120.4 120.2 119.5 118.5 117.8 117 116.4 116.6 116.6 117.2 117 116.4 115.3 113.8 112.1 110.4 108.3 106.8 105.2 103.9 104.1 107.1 110.6 112.5 114.1 112.6 111.6 110.2 108.1 105.2 102.2 100.2 99.4 97 93 91.2 93.4 99.7 100.9 98.7 101.1 103.6 105.3 106.6 107.8 109 109.4 110 110.4 110.7 110.4 110.1 109.3 108.3 107.5 106.1 105.8 104.5 103.6
103.6 104.7 104.4 104.9 104.1 103.5 103 102.5 101.1 99 97.4 98.8 101.5 103.4 106 109.4 112.6 115.5 118.1 119.7 120.4 120.7 120.5 120.1 119.8 118.8 117.8 116.2 115.4 115.3 114.9 116.3 116.5 116.7 115.8 113.7 112.3 110.5 107.7 107.3 105.7 103.8 102.9 103 106.5 110 112.9 114.2 113.2 112.1 109.6 105.1 102.1 100.2 99.4 98.6 95.8 92.7 90.9 96.4 102.3 106.9 105.1 102.1 106.1 107.8 108 108.4 109.2 109.6 110.1 109.9 110 109.6 109.2 108.5 107.9 106.6 105.8 105.5 104.9 103.3
102.2 103.4 103.2 102.9 103 102.6 102.3 101.8 100.4 97.5 97.3 99 101.2 103.9 106.8 111.1 113.8 116.9 119.1 120 120.1 120.2 119.8 119.7 119.4 118.3 117.2 115.2 114.2 113.5 114.2 115.2 115.5 115.5 114.9 112.8 111 109.3 107.8 107.1 106.4 105 103.8 102.2 104.6 108.6 113.2 113.5 112.4 110.3 107.8 103.6 100 98.6 97.1 95.2 93 91.5 93.5 100.3 108.1 109.9 108.4 105.3 106.9 108.4 109.3 109.4 109.6 110 109.8 109.4 109.4 109.2 108.7 107.7 107.3 106.7 106 105.2 104.4 104
100.9 101.6 102 101.2 100.2 100 100 98.9 97.5 96.8 98 99.9 102.4 105.1 108.8 112.6 115.1 118 119.1 119.7 120 119.5 119.2 119.2 118.7 118.2 117 115.4 114.3 113.3 113 114.4 115.2 115.2 114.7 113.9 112.2 111.1 109.7 109.1 108.3 106.4 103.7 101.2 102.6 108.4 111.2 112 110.5 106.6 103.5 100.3 97.7 96.1 94.1 91.5 90.6 93.1 99.6 104.3 109.5 110.3 109.5 106.8 107.6 108.5 108.9 109.1 109.3 109.9 109.4 108.9 108.8 109 108.8 107.8 107.1 106.2 105.6 105 105 104.7
100.7 98.5 99.1 97.3 97.2 95.8 96.3 96.6 97.2 98.3 99.7 101.9 104.3 107 111.5 114.2 116.9 118.6 118.9 119.2 118.9 118.7 118.9 118.6 118.1 117.7 117.2 116 115.2 113.5 113.1 112.5 116.6 113.4 114 115 113.3 113 111.6 111.2 109.9 106.6 104 102.3 101.1 105.4 108.7 110.5 109.2 103.3 100.8 97.3 94.2 92 90.4 90.6 92.8 98 104 108.3 110.1 111.2 109.3 108.8 108.9 108.7 109.5 109.8 109.8 109.9 108.9 108.4 108.3 108.8 108.4 107.9 107.1 106.1 105.5 105.4 105.4 105
100.2 97.1 96.5 95.3 96.5 98.7 99.6 100.6 100.4 101.4 102.5 104.6 106.7 110.3 113.1 116.1 117.9 118.5 118.2 117.9 117.6 117.3 117.6 118.2 117.8 117.9 117.4 116.6 115.8 114.3 112.6 112.9 112.4 112.8 113.6 114 114.9 114.2 113.6 111.8 109.9 108.8 107.4 104 100.4 101.5 105.9 108.8 108.2 103.5 99.6 95.4 91.6 89.5 90.6 93.7 97.2 100.2 106.3 109.5 110.8 111.3 109.1 109.5 109.2 110.3 111.1 111.3 110.2 109.9 108.6 107.9 107.9 108.1 107.7 108 107.1 106.1 105.9 105.7 105.6 105.3
99.6 96.9 95.3 96 100.4 102.7 103.8 104.4 104.4 104.8 106.2 107.9 111.9 113.7 115.6 117.2 117.8 117.7 117.4 117 115.8 115.9 116.8 117.7 118.3 118 117.5 116.8 116 114.9 113.1 111.8 111.6 111 112.2 114.5 115.5 115.6 114.4 113 112.1 111 109.2 105.2 100.9 98.5 102.8 107.3 106.7 102.9 99.2 94.5 90.9 90.8 93.7 96.9 100.4 105.3 108.5 110.2 111.1 111.4 111.1 110.6 111 111.2 112.2 111.9 110.9 109.5 108.4 107.4 107.1 107.4 107 107.3 107 105.3 105.9 105.8 105.9 105.5
98 95.9 94.9 98.5 102.1 104.3 106.2 107.4 107.9 107.9 110.6 112.9 114.2 115.8 117 117.5 117.6 117 117.1 115 114.4 114.8 116.8 117.6 117.8 117.5 117.4 117.2 116.1 115 113.6 111.5 111.1 111 111.4 114.9 115.8 115.7 115 113.5 111.8 110.6 109.8 105.9 102.3 98.4 99.4 104.9 105.2 103.2 100.1 94.7 90.2 91.2 95.9 100.2 104.2 107.6 109.9 110.8 112.3 112 111.7 110.8 111 111.8 113.2 112.2 110.9 109.6 108.5 107.8 106.1 106.8 106.1 106.7 106.4 105.6 105.8 105.7 105.8 104.9
96 94.1 95.9 100.6 103.6 105.8 107.5 109.9 110.8 111.5 112.6 113.7 115.2 116.1 116.8 117 116.7 116.4 115.1 113.7 113.7 115.2 116.9 117.5 117.5 117.4 117.5 116.4 115.8 114.7 112.9 111.6 108.6 109.1 112 115.7 116.5 116.5 115.3 113.3 111.1 110.8 110.1 106.6 102.6 98.4 96.8 102 102.7 101.7 99.8 95.4 90.2 90.6 95.9 99.2 106.2 108.8 110.1 110.3 111.7 112.3 111.6 111.6 111.9 113 113.5 112.3 111.1 110.1 108.9 108.1 106.3 105.4 105.3 105.5 105.9 105.6 105.6 105.5 104.8 104
94.7 94.6 98.3 101.9 104.7 106.9 108.3 109.8 110.6 112.2 112.8 114 114.4 115.6 116.1 116.2 115.6 114.4 113.1 112.2 113.1 115.4 116.6 117.4 117.3 117.1 116.9 115.9 114.9 114.2 112.4 110.3 107.7 108.7 112.4 115.9 116.6 116.8 115.3 114 112.4 109.5 108.2 104.5 101.9 98.7 96.2 97.8 99.3 99.1 97.9 94.9 91.1 90.3 94.6 99.7 106.9 109.1 109.5 109.2 111.1 112.1 112.4 112.6 113.1 113.3 113.4 112.5 111.7 110.6 109.4 108.2 106.7 104.3 103.8 104 104.7 105 104.9 104.3 103.9 103.1
93.8 95.4 99.3 102.6 104.5 106.4 107.7 108.6 109 111.1 112 112.5 112.7 113.2 114.3 114.7 113.7 112.6 110.3 111 113.1 115.3 116.1 116.9 116.9 116.6 116.1 115.2 114.2 113.3 111.7 109.2 106.8 108.1 112.6 114.5 115.1 115.9 115.1 113.7 112.1 109.3 104.5 102.5 99.2 97 95.6 94.4 96.2 95.9 94.9 92.9 89.9 89.4 95 101.2 106.6 108.9 108.8 109.5 111.3 113.2 114.6 114.2 113.8 114.3 114.6 113.4 112 110.4 109.5 108.5 107.2 105.7 103.7 102.7 103.2 103.9 103.4 103 102.6 102.3
92.8 95.9 99.6 102.5 104 105.1 106.1 106.9 108.1 109.9 110 109.3 109.9 110.6 112.5 113.6 112.4 110.2 109 111.7 113.3 114.2 115.6 116.3 116.1 115.8 114.8 113.9 112.9 111.7 110.4 107.8 106.8 108.4 110.7 113.9 115.1 115.7 114.6 113.2 111.6 109 105.5 104.7 103.2 100.7 96.8 94.4 92.9 92 91.4 89.6 88.9 89.2 96.3 102.5 106.5 108 107.7 110 111.7 113.9 115.5 115.1 114.6 115.2 115.1 114.1 112.4 110.8 109.4 108.8 107.7 106 104.4 102.7 100.9 102.4 102.9 102.9 102.7 102.5
93.5 96.9 99.5 101.4 102.4 103.3 104 104.3 105 105.7 105.7 106.1 106.8 109.8 112.5 112.4 110.6 107.8 107.5 110.4 112.3 113 114.7 115.5 115.2 114.5 113.3 112.4 111.4 110 108.1 106.1 106 107.4 110.7 113.3 114.9 115.2 114.2 113.1 111.5 109.4 107.7 106.9 106 102.3 98.6 96.4 93.8 92.3 92.5 90.6 88.7 91 98.7 102.1 105.7 106 105.3 110 112.3 114.5 116.1 116.1 115.5 116.6 115.5 114.3 113.1 111.5 109.8 108.2 107 105.6 104.2 102.4 99.7 100.3 101.4 102.4 102.6 102.5
94.3 98 98.8 99.6 100.3 101.2 101.8 102.2 102.3 102.7 103.3 104.1 106.1 108.4 109.4 110 109.4 107.2 106.5 109.1 110.5 111.7 113.3 114.6 114.4 113.6 112.1 110.3 109.2 108.2 106 104.4 105.7 108.8 112 114.1 115.2 114.5 113.9 113.2 111.7 110.7 111.3 110.2 107.8 104 100.3 98.8 97.8 96 94.1 90.7 87.5 92.5 100.2 103.7 104.2 103.4 106.3 110.4 112.9 115.2 116.9 116.3 116.1 116.5 115.3 114.1 113.4 111.7 110.2 108.2 106 104.3 102.8 101.1 99.3 99.5 100.4 101.7 102 102.3
94.9 97.7 98.6 99 99.6 99.8 99.8 100.3 100.4 100.3 101.3 102.6 104.3 105.9 107.1 107.9 107.1 105.9 105 106.9 108.1 110.3 112.3 113.4 113.1 112.7 111.1 108.6 106.8 105.9 105.1 104 105.4 109.5 112.4 114.2 114.3 113.9 113.3 112.8 112.5 112.2 111.5 110.5 108 106.2 103.6 101.8 99.5 97 93.9 90.1 88.5 94.5 100.9 103.6 101.7 102 106.4 110.3 113 115.4 117.2 116.4 116.1 116.3 114.9 112.8 109.6 109 109.4 107.9 106 104.7 102.5 100 98.3 98.4 99.5 100.7 101.7 102.3
95.7 97.7 98.4 98.5 98.6 98.9 98.8 98.4 98 97.9 99.7 100.8 102.2 103.5 104.8 105.9 105.3 104.4 103.5 104.8 106.5 108.5 109.9 111.9 112.1 111.9 110.5 107.7 105.6 103.9 104.2 102.4 103.9 107.8 111.7 113.5 113.4 113.2 112.7 112.6 112.7 112.6 111.9 110.7 109.1 107.5 104.7 102.6 99.6 96.9 94.3 90.3 88.1 96.6 100.5 100.7 98.4 101.6 107.5 109.2 112.3 115.2 116.8 116.6 116.4 115.5 113.9 112.2 109.2 107.7 106.4 105.6 104.9 103.7 102.1 99.8 96.5 97.5 98.1 99.3 101.1 102.2
96.7 97.4 97.6 96.9 96.5 96.6 96.3 95.2 94.9 97.2 97.9 98.6 99.7 100.8 102.5 103.7 104.3 103.2 101.8 103.6 104.9 106.1 107.4 109.9 111.3 111.1 109.4 107.3 105.2 103.7 101.9 101.5 104.4 108.4 111.4 112.9 112.3 112.1 112.2 112.6 112.3 112.1 111.5 110.1 108.8 107.1 104.7 102.4 98.4 96 93.4 89.7 88.1 96.3 97.1 95.6 99.7 104.3 108.6 110 112.5 113.9 115.1 115.3 115.2 114.3 112 111.1 109.1 105.4 104 103.4 103.1 102.8 101.1 99 96 95.8 97.6 99 100.3 101.8
96.2 96.6 96.2 94.8 93.6 93.6 93.1 91.8 91.9 93.1 93.7 95 96.9 98.9 100 101.2 102.1 101.6 100.3 101.6 103.1 104.6 106.6 108.9 109.7 110.1 109 106.8 104.9 102.2 100.3 101.2 105.2 109.2 111 111.8 110.9 109.6 110.9 111.7 111.2 111 110.7 109.4 108.1 106.2 103 100.4 97 95.4 92.5 88.6 88.5 92.7 93.3 97.3 102.4 105.6 108.8 111.1 113.7 115.3 114.1 114.5 113.9 113 110.8 109.6 107.5 105.7 103.8 100.9 100.2 100.7 99.7 97.7 94.5 96.5 98.8 99.5 100.6 101.8
95.1 94.6 94.1 92.6 91.2 90.5 90.3 89.8 89.9 89.5 89.6 90.8 93.2 95.3 98.4 99.1 99.9 100.3 100 100.3 102 103.9 106.1 107.9 109.2 109.2 107.8 105.7 103.9 101.7 99.7 100.3 105.6 108.7 110.3 110.1 109.5 105.2 108.6 109 109 107.8 108.1 107.7 106.1 103.8 100.5 98 95.4 94 91.5 88 87.5 91.4 95.5 99.6 102.4 105.9 108.5 111 113.4 114.7 115.2 114.5 113.4 112.4 111 109.1 105.5 104.1 103.6 101.3 99 97.3 97.2 94.8 94.6 98.1 99.6 100.4 101.2 101.4
92.3 91.7 90.9 90.1 89.8 89.6 88.9 90.1 88.6 89.1 88.9 89.5 89.6 93.1 96.3 97.9 98.7 98.3 98.5 98.8 100.9 102.9 104.5 106.5 108.2 108.3 107.1 104.5 103.2 100.9 99 100.2 105 107.9 108.7 108.4 106.3 100.5 104.7 104.9 104.6 102 101.7 101.7 101.7 101.1 99.6 97.4 95.2 93.9 91.2 87.3 87.3 93.7 96.1 98.6 100.3 105.4 108.4 110.6 112.6 114 113.9 113 112.1 111.9 110.8 107.9 105.8 103.5 100.6 99.5 97 95 93.8 93.1 94.6 98.8 99.9 100.6 101.6 101.2
89.8 89.9 89.9 89.9 90.1 89.9 90.5 91.7 92.1 91.7 90.3 88.6 89.7 89.9 93.2 97 98.4 98.4 98.3 98.6 100.2 102.1 103.9 105.6 107.6 108.1 106.4 105 102.5 99.4 97.8 100 103.2 106.3 105.2 105.8 103 96.4 98.8 96.5 98.1 96.1 95.6 95.9 96.7 97.5 96.8 96.3 94.6 93.4 90.7 87 87.9 93.4 94.3 95.7 99.5 105.4 108.2 111.1 112.3 113.1 113.1 112.4 110.6 110.8 111 110.1 106.8 104.9 103.2 100.4 98.6 97.3 94.3 91.2 94 98.1 99.3 99.9 100.6 100.9
90.7 90.7 90.5 90.4 90.9 92.1 93.2 93.5 93.6 92.9 91.8 90.1 88.9 89.6 92.4 96.6 98.1 98.3 96.9 97.9 100 101.6 103.6 105.7 107.8 107.7 106.3 104.7 101.5 98.6 97.8 101.9 104.9 105.1 103.6 102.3 97.9 92.7 92.4 91 90.1 89.7 89.7 90.5 93.2 94.5 94.4 94 94.3 93 90.3 87.2 87.5 91.3 92.5 95.4 99.4 105.3 108.3 110.2 111.8 112.1 112.2 110.6 109.1 109.2 110.4 110.5 107.4 105.7 103.2 101.5 99.8 98 94.9 91 92.4 96.8 97.7 98.9 100.8 100.8
91.4 91.8 92.1 92.8 93.4 94.2 94.8 94.6 94.1 93.1 92.1 90.6 89.1 89.1 91.5 96.8 98 96.9 96.4 98.1 100.4 102.2 104.7 106.7 108.4 107.2 106.1 103.4 100.5 97.2 97.8 102.4 104 102.6 101.1 97.9 93.1 85.6 86.6 85.7 85.7 85.6 85.5 86.6 88.9 92.1 92.5 93.5 93.6 93.6 91.7 88.6 87.1 89.2 93.3 96.7 101.3 104.6 107.1 108.5 109 108.9 108.5 108.3 106.1 106.6 108.8 108.6 107.3 106.1 105.1 101.8 98.9 96.1 92.8 89.3 91.7 94.4 95 98 100.7 99.9
94.4 94.2 94.2 94.9 95.5 96 95.8 95.2 94 93.1 91.9 90.4 88.3 89.2 91 95.7 96.2 94.9 96.2 99.2 101.3 103.3 105.7 106.6 108.1 108 106.4 103.8 101.3 97 96.2 100.7 102.5 100.5 96.5 92.2 87.7 86.6 86.3 86.3 86.2 86.5 86.5 86.3 85.7 88.8 92 92.7 93.5 93.3 92.3 88.7 87 90.9 95.7 98.8 102.4 104.8 106.5 107.3 107.6 107.6 106.8 107.7 105.3 104.4 107.1 108 107.4 106.9 105.5 101.5 99.4 95.1 92.3 89.9 88.8 90.3 94 98.2 100.3 100.4
97.3 97.1 96.3 96.7 96.6 97.1 96.7 95.1 93.8 92.9 91.1 89.7 88.5 89 90.3 93 92.5 93.1 97 99.1 101.1 103.4 106.5 108 107.6 108.3 107.6 104.7 101.1 96.3 94.9 98.5 100.2 98 94.2 89.6 86.8 86.4 86.4 86.6 87.9 88.5 87 86.2 85.9 86.1 91.6 92.8 92.8 92.7 91.4 88.7 87.5 92.4 97.2 100 102 103.9 105 105.3 105.4 105.1 104.8 105.2 103.7 103.8 106.9 108 107.9 107.1 105.7 102.7 99.9 96.7 96.9 93.7 88 88.8 92.2 96.3 99.4 100.1
