WholeMapElevations/data/sd/sd71_OST50GRID_20230518/SD71.asc
ncols 200
nrows 200
xllcorner 370000
yllcorner 410000
cellsize 50
[rows 0 to 34 of 200, columns 78 to 155 of 200]
250.8 246.5 245.8 253.3 254.6 257.6 263.2 267.4 270.9 275.3 282.5 286.9 291.4 297 303.7 308 313.2 320.4 327.9 341 350.8 364.3 380.7 389.7 398.7 402.3 403.8 404 403 401 398.7 395.2 392.4 390.1 387.4 384.1 381.9 380.6 378.6 377 374 370 342 366.7 369.1 370.4 370.9 370.4 369.1 367.3 365.1 360.6 354.4 345.3 334.2 325.3 314.6 303.6 291.3 283.5 277.5 274.1 270.1 265.8 263.5 261.1 258 254.4 250.4 245 236.5 228.3 206.4 213.8 217.3 219.4 222.9 227.2
247.7 241.8 251.7 252.8 256 260.3 263.6 268 271.6 276.8 283.7 288.3 292.5 298.6 304.3 309.1 314.3 322.3 332.8 345.5 353.7 368.1 383.7 392.5 400 402.6 404 404 403.5 402.5 400.3 397 394.5 391.9 388.1 387.1 385.8 383.4 381.4 379.3 376.3 370 357.5 371.7 373.8 373 372.6 371.7 370.3 368.4 365.1 358.7 351.8 342.5 332.3 320.6 309.8 298.2 287.9 281.1 277.4 273.8 271 267.6 264.9 262 257 254.9 250.6 243.9 235.7 217.2 214.9 218.6 220.7 222.6 224.6 230.4
246.3 243.1 250.5 253.6 257.5 263.1 265.4 268.6 272.3 278 283.5 288.2 294.5 299.8 305.1 309.2 315.5 323.9 337 348.3 355.3 369.8 384.4 392.3 399.5 402.3 403.6 403.8 403.6 403 402.2 399.3 396.9 394.5 392.2 390.1 388.1 385.7 383.3 381.2 377.2 373.6 370.3 374.4 375.9 374.9 374.1 373 371.5 369.1 363.4 357 349.9 339 329.3 317.3 304.5 294 284.7 279.5 275.4 272.5 269.6 267 263.7 259.8 255.8 250.5 246.1 237 230.2 217.6 220.9 224.4 224.9 227.5 231.5 240.3
243 242.2 250.6 254.1 259 262.1 267.1 270.6 273.4 278 283.7 289.1 294.2 299.2 304.3 309 315.9 324.3 337.7 348.7 356.1 367.3 382.7 388.5 394.8 400.2 402.2 403.4 403 403.2 402.4 401 398.7 396.4 394 392.1 389.7 387.1 384.6 382.3 379.9 375.5 377.2 377.8 376.6 375.6 374.7 373.6 371.8 367.4 361.3 355 347.6 336.6 326 311.5 301.9 289.7 281.7 274.7 272.8 269.6 267 264.4 260.7 256.2 249.4 243.1 237.3 227.2 221.6 223.4 227 228.6 230.9 234 238.6 250.2
240 244.6 252.3 256 259.3 262.6 266.7 270.4 273.5 278.3 282.8 287.4 292.5 298.6 304.2 309.2 315.8 324.7 336.3 349.1 357.3 362.6 377.6 384 388 394.9 399.8 402.1 402.7 403.1 402.1 400.9 399.1 397.1 395.2 392.9 390.5 387.1 383.6 381.6 381.7 379.5 378.4 377.6 377.3 376.4 374.4 372.4 368.7 364.2 358.6 350.4 341.5 331.6 319.7 305.2 295.9 285.1 277.5 270.2 267.6 265 262.5 259.9 255.1 249.1 239 233.6 226.1 224.8 228.9 230.9 232.6 235.2 240.5 242.1 252.2 258.8
239.6 245 248.8 253.7 261.4 264.3 267.3 271.5 273.2 277.9 283.6 287.1 294.1 299.8 304.4 310.2 317.6 327 340.7 352.7 357.6 361.2 368 377.5 382.7 388.2 396.8 400.6 401.2 402.6 401.6 400.6 399 396.7 394.6 390.7 390.6 388.4 386.5 385.4 384.2 381.8 379.1 377.1 374.6 373.6 371.8 368 363.6 357.8 349.3 341.1 332.5 324.5 314.1 300 289.6 276.6 269.5 263.9 261.2 256.5 253.7 251 246.1 236.8 230.6 231.8 235 238 240.4 241.9 242.4 247 252.2 253.7 256.6 270.1
243.9 248.7 256.9 258.4 261.3 264.6 267.7 270.9 274.2 278.1 283.6 289.9 293.7 299.5 305.8 311.6 320.1 327.7 346.9 355.1 359.2 361.5 365.1 370.8 378.2 385 392.2 399.1 400.8 402.1 401.2 400.4 399.2 397.7 395.8 394.3 392.3 390.2 388.4 386.7 383.1 381.3 380.8 378.9 376.3 373 364.9 352.3 352.7 346.1 338.6 330.3 319.6 310.7 303.7 296.2 280.4 270.1 262 250.2 246.5 244.3 242.4 242.4 242.6 239.1 243.3 246 248.7 249.2 250.7 253.2 251.9 254.9 260 265.2 270.9 275.5
244.5 253 260.2 263.1 262.7 263.7 268 271.3 274 277.9 284.9 289.3 293.6 298.8 304.8 310.4 320.5 331 347.9 356.5 359.4 360.9 363.3 366.8 373.3 381.8 388.9 397.7 401.2 402.4 402 401.2 400.3 398.9 396.9 394.9 393 390.6 387.4 386.4 384.9 384.4 382.6 380.6 376.9 375.2 369.1 358 337.4 325.9 326.4 317.6 308.6 300.5 292.4 282.8 269.8 259.2 250.1 249.7 254.1 255.8 255.5 253.9 255.1 255.2 257.7 258.6 257.8 257.9 260.2 259.9 261.9 266.9 271.5 273.8 277 281.3
247.3 253.9 261.7 267.1 268.3 265.6 268.5 271.6 275 278.7 284.5 288.6 292.3 297.5 303.4 309.3 319.1 330.8 351.2 356.7 358.1 358.3 359.9 362.5 367.5 379.4 387.2 395.2 400.9 402.8 403.2 402.4 401.4 400.2 398.7 396.5 394.2 393 392.6 390.6 389.3 387.6 384.5 381.5 378.4 372.8 365 356.9 337.9 314.1 303.4 302.9 296.9 288.5 273.4 266 260 260.5 263.1 264.8 263.7 268 265.9 265.4 265.5 265.8 266.3 266.4 268.5 268.5 269.5 272.4 275.8 277.4 279.4 281.2 282.7 288.3
248.6 253.8 261 270.5 271.7 268.8 269.8 272.5 276 279.6 284.1 287.6 291.9 295.6 301.2 307.8 315.6 326.6 344.1 354.2 354.6 354.6 356.2 358.9 363.9 374.6 383.9 393.9 400.2 403.3 404.5 404.1 403.1 402.1 400.7 398.7 397.2 396.8 396 394.3 392.7 389.8 386.8 382.1 378.3 373 367 354.7 321.5 309.5 303.9 292.5 280.2 272.5 277.2 281.6 277.3 276.3 276.4 272.9 273.5 277.6 277.8 275.5 274 272.9 273.3 275.3 278.4 280 283.3 283.7 283.3 283.7 287.7 290 292.6 300.5
247.5 254.5 262.3 270.8 272 270.7 270.9 273.5 276.8 280.4 283.6 287.2 290.5 293.8 299.4 303.2 310.5 318.5 330.7 344.9 349.4 348 350.8 356 361.7 373 385 393.8 400.7 404.7 405.9 405.9 405.5 404.3 402.8 401.4 400.4 400.2 399.5 398.8 395.3 391.5 387.7 385.2 381.9 378 371.4 359.5 327.8 316.5 310.6 305.9 300.5 289.6 298.2 298.3 292.4 291.9 290.4 288.5 288.1 286.8 287.6 284.9 283.4 283.2 287.6 291.7 292.5 292.3 292.8 293.4 292.5 292.9 298.7 301.7 302.9 312.2
244.5 253.2 263.4 268.4 270.8 271.6 272.2 274.2 277 280.3 283.4 286.3 289.5 292.4 295.8 300.4 304.7 310.6 317 326 329.6 335.2 344 353.1 360.6 372.2 384.7 393.8 400.9 406.4 407.3 407.4 407.1 406.7 405.3 403.9 403.1 402.7 401.6 400.7 397.7 394 389.3 387.8 384.5 379.4 371.9 351.1 344 338.3 324.2 319.7 312 298.8 310.1 309.8 303.3 304.4 302.6 300.4 301.2 301.5 301 299.9 298.8 298.9 298.9 302.1 304.7 305.3 304.4 305.7 309.3 312.7 314.4 315.6 323 323.4
242.4 243.2 260.1 266.3 269.1 271.3 273.4 275.6 277.5 282.1 284.5 287.1 289 291.2 292.7 296.7 301.4 305.1 309.4 317 320.2 331.6 344.4 353 359.8 371.6 385.5 394.5 401.6 406.3 408.1 408.7 408.7 408.3 406.9 405.7 404.9 404.2 403.5 402.1 399 396.3 392.8 390.6 386.5 382.6 375.7 368.4 365.2 359.6 342.6 329.7 317 320.6 328.6 329.6 326.2 323.1 324.1 322 319.6 320.2 316.4 313.2 313.3 312.9 311.4 314.5 314.1 318.6 327.6 330.4 330.5 330.9 330.7 330.3 328.4 326.3
258.9 255.2 249.9 265.7 268.5 271.6 274.3 277.1 279.7 282.5 284.4 285.7 288 287 288.4 292 296.7 301.4 303.3 305.6 319 337.1 347.3 353.9 360.4 370.6 385.1 395.2 401.7 405.6 408.8 409.6 409.8 409.8 408.5 407.3 406.5 405.6 404.7 403.4 401.2 398.5 396.3 393.4 389.7 385.3 381.9 377.9 373.3 368 362.5 356.2 330.5 341.3 346.8 342.6 342.4 340.7 339.7 338.4 336.4 335.3 332.7 330.1 327.2 329.4 333 337.7 338.5 338 340 340.7 339.5 337.5 335.4 333.2 330.7 328
261.6 263.3 246.9 266.3 269.2 270.8 273.8 276.3 278.2 280 281.2 280.6 279.5 281.1 285.1 287.7 294.4 297.1 303.4 313 325.1 340.1 348.7 354.3 359.4 367.2 382.5 392.2 401.6 405.1 408.5 409.8 410.7 410.9 410 408.8 407.8 406.8 405.9 404.7 403.6 401.7 399.5 395.5 392 388.7 385.2 382 378.7 374 370.3 362.6 339.3 354.5 354.8 352.2 351.8 350.5 349.4 348 344.6 342.7 342.7 342.6 343.8 346 345.7 346.7 345.2 344.8 344.4 342.9 341.3 339.4 337.5 335.3 332.7 329.5
262.1 264.3 255.7 259.8 268.2 270 272.5 274.3 275.9 277.2 270.4 278.3 280.4 285.4 290.7 293.5 297.8 300.6 305.3 316.3 324.5 337.6 348.3 354.3 359.2 364.4 376.8 389.2 397 403.6 408.2 410 410.8 411.5 410.9 410 409 408 406.9 405.9 404.6 402.8 401 398.6 394.6 390.9 389.2 385 381.8 378.2 374.8 367.4 353.5 361.7 361.2 359.9 358.3 357.4 355.4 354 352.4 353.1 353.3 354.6 357.4 360.1 356.4 353.7 351.6 348.9 346.5 345.1 343 340.9 339.1 336.8 334.3 330.6
263.2 265.2 267 257.3 256.4 267.6 269.9 272.1 273.4 267.2 277.8 282.7 285.1 289.7 293 296.1 301.8 305.4 312.3 317.2 324.1 332.6 347.9 353.9 359.1 363.6 369.6 384.8 393.9 402 406.9 410.8 411.7 412.2 411.6 410.8 409.6 408.6 407.6 406.6 405.4 403.8 402.1 399.9 397.5 394.5 390.9 388.3 385.3 380.8 375.7 372 364.9 367.1 366.8 366 363.9 362.2 360.2 359.6 361 362.5 364.6 368.6 373.9 372.2 368.1 362.6 357.8 353.6 349.2 346.3 343.7 341.6 339.3 337.4 335 327.2
263 265.2 267.1 268.1 265.9 262.1 264 268.3 271.1 273.6 279.9 283.8 287.4 289.6 294.6 298.8 303.7 308.6 314 317.3 323.4 331.6 345.1 352.6 357.9 362.6 367.9 380.6 391.7 400.5 405.6 410.6 412.2 412.6 412.4 411.5 410.4 409.2 408.1 407 405.9 404.5 402.8 400.9 398.7 396.6 394 391.3 388 385.1 380.1 374.1 370.5 372.4 371.4 370.1 367.9 366.5 366.5 368.6 373.2 377.1 379.3 380.1 379.5 376.3 371.7 367.6 362.3 357.1 351.9 347.7 344.8 341.9 339.1 336.2 330.2 320.6
265.2 267.1 269.5 270.4 271.2 267.9 270.9 273.6 275.4 277 279.1 285.3 289.7 294.1 296.4 298.8 303.4 308.2 313.2 319.3 324.3 330.3 340.2 350 356.1 361.7 366.1 376.2 390.3 398.3 404.5 410.3 412.5 413.6 413.1 412.2 411 409.6 408.3 407.2 406.2 404.9 403.4 401.5 399.6 397.6 395.2 392.8 389.8 386.9 383.1 378 375.5 376.1 374.9 373.5 372.9 372.9 375.5 382 386.9 389 388 386 382.4 378.4 373 367.1 361.6 355.5 351.7 348.2 344.3 341.9 338.8 333 323.1 315.4
269.3 269.9 273 275.6 273.9 274 274.8 275.8 277.9 279.8 282.2 284 290.6 295.7 298.9 302 304.6 308.4 312.5 320.4 324.9 329.5 337 346.1 353.8 359.9 364.3 373.3 387.8 396.4 402.7 409.5 412.7 414.1 413.6 412.7 411.4 409.9 408.5 407.4 406.4 404.9 403.2 401.4 399.7 397.7 395.4 392.9 390.5 385.8 384.9 379.6 381.8 379.7 378.2 379.3 381.2 384.2 389.7 394.8 395.8 394.5 392.2 388.7 384.7 379.8 374.5 367.9 360.3 353.9 350.1 345.7 342 338.4 330.9 324.3 317.6 310.8
271.7 275.4 279.6 281.3 281.8 278.9 278.7 279.6 282.2 283.1 286.7 289.8 291.8 295.8 299.8 302.9 306.5 310.1 314.8 320.4 325 328.2 335 342.7 352.7 357.8 363.3 370 385 395.4 402.9 408.7 412.4 413.9 413.8 412.7 411.5 410 408.4 407.4 406 404.5 403 400.9 399.3 397.5 395.6 393.4 391 388.3 385.4 383.1 383.9 382.9 384 386.7 390.6 397.1 402.1 402.1 400.7 398.2 394.9 390.7 386.2 381.3 375.5 368.7 359.9 352.7 347 342.4 336.9 331 324.7 318.8 312.1 305.4
273.7 277.6 284 286.7 287.1 285.2 283.9 284.3 285.9 288.9 291.9 294.6 296.1 297.8 301 303.7 306.4 309.9 314 318.9 321.1 326.6 333.4 340.2 348.3 355.2 360.6 368.3 382.2 393.7 402 408.1 411.2 413.5 413.5 412.5 411.2 409.5 407.9 406.9 405.4 403.7 402.3 400.4 398.3 397.1 395.5 394 391 387.6 389.4 388.1 387.2 388.5 390.6 396 402.4 407.1 406.8 405.6 403.1 400 396 391.9 387.5 382.7 377.5 371.6 361.3 355 348.5 340.7 332.6 325.9 320.5 313.5 307.7 301.6
275 279.5 285.4 291.8 294 293.5 291.6 291.4 290.3 291.7 293.6 296.5 298 299 302 303.5 306.2 309.7 313.3 317.7 318.7 326.1 331.2 337.7 344.5 352 358.1 365.7 379.5 393.1 402 407.9 410.5 413.4 413.2 412.1 410.5 408.8 407.3 406.3 404.8 403 401.4 399.8 398.2 396.7 394.8 391.6 391.3 392.4 391.4 390.5 391.3 394.5 399.9 407.1 411.3 411.3 409.6 407.3 404.5 400.8 396.8 392.8 388.4 383.7 378.7 373.1 365.7 357 349 340.5 331.8 323.2 314.9 308.7 298.8 290.4
275.5 278.9 285.2 293.4 299.2 299.5 300.1 299.4 298.6 296.4 297.3 298 298.9 299.6 302 303.5 305.9 309 311.7 314.1 320.2 324.9 330.3 335.7 341.3 347.6 355.6 363.4 378 393 401.5 407.6 410.4 412.5 412.5 411.6 409.8 408.2 406.6 405.5 404 402.2 400.7 399.2 397.4 396.4 394.3 393.6 393.7 393.6 393.3 392.9 395.4 402 409.4 414.5 414.6 413.7 411.7 408.5 405.3 401.5 397.4 393.5 389.1 384.3 379.2 374 368.4 357.8 346.6 339.1 330.6 322.6 314.7 306.4 296.9 289.4
273.8 277.3 282.2 289.4 297.2 301.6 303.3 302.9 303.2 303 302.3 301.6 300.7 302.4 304.1 306.2 307.3 308.7 310.5 312.7 317.4 323.3 328.6 333.4 338.3 345 352.5 361.1 374.1 392.7 401.1 406.9 410.1 411.9 411.7 410.9 409.3 407.7 406.1 404.8 403.2 401.6 400.1 398.2 396.5 395.4 394.2 393.9 393.6 393.4 393.7 394.5 400.2 407.6 415.8 417 416.1 414.6 413.7 410.3 405.9 402 398 394 389.2 384.3 379.7 374.6 368.3 354.3 342.8 336.2 329 321.9 313.5 304.6 298.9 290.2
271.6 275.4 279.6 285 291.1 296 299.8 300.6 298.5 303.2 304.2 304.7 303.5 303.4 303.3 305.1 307.3 309 309.1 308.4 315.9 320.7 325.9 331.7 335.7 341.8 349.6 359 371.6 391.9 401 406.5 409.4 410.8 410.6 409.9 408.7 407.2 405.6 404.1 402.6 401.1 399.3 397.5 395.3 394.2 393.6 393.3 393 392.8 393.3 394.8 397.5 410.4 417.3 417.4 416.5 414.8 412.2 409.6 406.6 403.3 400.1 394.6 389.6 384.9 379.9 374.1 363.1 349.6 342.9 336.8 327.7 318.4 309.3 303.9 295.3 287.5
269.7 273 277 281.6 286.7 289.6 292.8 296 298.3 300.3 301.6 303.4 303.2 301.6 300.3 300.5 303.8 306.3 303.6 310.6 313.6 318.8 323.4 329.2 333.9 339.1 347.7 356.3 367.4 390.6 400.6 405.6 407.8 409.5 409.4 408.7 407.9 406.4 405 403.4 401.9 400.3 398.7 396.8 394.4 392.9 391.6 391.6 391.7 392 392.3 393.3 399.4 407.1 415.7 417 416.2 414.8 412.3 409.6 406.3 402.5 398.5 394.5 389.4 384.3 378.8 370.9 355.6 348.7 342.6 335.1 327.1 317 310.2 302.9 297.4 292.2
268.3 271.7 274.7 278.9 283.2 286 288.3 290.3 292.1 292.6 296.4 298.9 299.8 299.8 298.1 298.4 300.3 300.8 305.1 309.1 310.9 315 321.8 327.4 331.4 336.7 344.5 353.8 364.7 388.1 398.9 404.6 406.2 408.4 408.5 407.7 406.9 405.6 404.2 402.7 401.1 399.5 397.9 396 393.5 391.4 389.7 388.7 390 390.6 390.9 391.7 396.4 402.5 409 414 415 414.2 412.1 409.3 406 402.5 398.6 394.6 390 384.3 377.4 362.2 358 346.3 340.2 333.3 326.1 317.5 309 303.3 297.9 293.4
266.1 269.1 272.6 276.3 279.8 282.2 284.4 285.4 285.7 286.9 287.9 291.4 295.2 296.2 296.8 296.1 296.1 298.6 301.6 305 306.8 313.7 319.4 324.8 328.9 334.2 341.1 350.5 362.4 387.6 398 403.2 404.3 406.2 406.5 406.3 405.4 404 403.2 401.8 400.5 398.9 397.4 395.4 392.9 391 389.6 387.6 385.7 388.2 389.3 390 392.1 397.2 401.8 406.5 410.8 412.1 411.3 408.9 405.9 402.6 398.7 394.7 390.1 384.4 376.1 362.8 355.4 345.4 338.6 332.7 324.6 318.2 311.3 304.7 299.5 295.4
264.1 266.9 269.2 271.9 275.2 277.2 278.7 279.6 280.8 282.4 284.7 287.1 289.6 292.2 292.7 291.9 294.2 296.9 299.7 303.5 306.8 311.1 316.5 322.5 327.6 332.4 339.4 348.1 360.6 385.9 396.6 401.4 402.2 403.8 404.3 403.9 403.3 402.5 401.8 400.9 399.8 398.3 396.9 394.9 392.6 390.6 389 387.9 386.7 385.3 386.8 387.5 389.9 392 395.7 398.9 402.1 405.3 408.1 407.3 405.3 402.1 398.7 394.9 390.5 384.6 373.2 362.3 354.9 346 340.1 331.5 323.8 317.6 311.7 305.9 301.2 297
262.9 265.1 266.8 268.4 269.9 271.1 273.1 274.8 275.4 277.1 280.4 284.1 286.8 287.8 289.1 290.9 293.7 295.3 299.4 302.4 306.5 309.6 311.8 319.6 325.7 330.3 337.3 346.6 359.6 383.6 394.1 399.2 400.4 402.5 402.4 402 401.6 400.8 400.2 399.3 398.4 397.7 396.3 394.8 393 391.4 388.8 387.5 386.3 384.6 383.8 385.2 387.3 389 390.2 392.6 394.9 397 399.6 402.4 403 401.5 398.3 394.9 390.9 385 373.5 360.9 354.4 346.7 339.5 329.9 323.7 317.2 312.8 307.9 303.2 298.8
261.3 262.4 264.6 265.5 267.1 268.8 270.9 271.8 273 275.5 277.3 279.9 284.5 286.4 287.5 289.8 291.6 294.6 297.5 302.3 304.2 306.1 310 316 324 329.1 335.7 345.6 357.7 379.8 391.9 396.4 397.8 397.8 398.6 397.7 399.2 398.7 398.5 397.5 396.7 396.4 395.9 394.9 393.8 392.1 390.6 389 385.5 383.9 380.5 382.8 384.9 386.2 387.4 388.1 388.7 390.8 391.6 393.9 396.3 398.2 396.6 394.1 390.4 385.1 375.7 361.7 354.5 347 340 330.7 324.3 319 314 309 304.1 300.5
258.4 260.5 262.3 263.3 265.5 267.9 269.1 270.4 271.9 274.5 275.5 276.7 280.6 283.7 286.1 288.3 291.1 292.7 297.1 301.6 300.9 302.6 306.7 312.2 322.8 327.7 334.1 343.5 355.4 376.4 391.2 389.8 389.2 394.1 394 394.7 394.3 394.5 394.6 395.8 395.6 394.9 395.1 394.8 394.1 392.9 391.4 389.3 386.8 384.7 380.9 378.9 382.9 383.5 384.2 384.8 385.3 385.5 386.1 387.5 388.3 390.2 391.7 391.4 389.7 384.8 375.7 361.6 355.1 348.4 341.5 333 325.9 320.8 315.5 311 306 301.9
256.3 257.8 260.1 262.6 264.5 266.5 268.1 269.7 271.7 272.9 273.9 274.4 277.2 279.8 283.8 287.9 290.8 293.6 297.6 299.4 297.6 301.5 306.1 312.3 322.3 326.7 332.4 341.5 351.4 368.2 385.4 383.8 388.9 389.5 389.3 390.2 391.2 390.9 391 392.1 394.4 394.2 394.5 394.8 394.6 393 391.5 388 386.6 385 381.6 376.1 378.5 380.2 381 381.4 381.8 381.6 380.6 380.9 382.3 383 384.1 384.8 384.4 380.5 373.9 361.2 356.8 348.9 343.2 335.2 327.9 322.2 317.2 312.8 307.9 303.5
255 256.8 260.4 263.5 264.1 264.7 266.7 268.8 269.9 271 271.1 272.6 275.1 276.3 281 286.9 290.7 294.1 294.1 293 298.1 302 306.4 312.8 321.6 325.1 330.8 338.8 345.8 356.9 375.3 379.8 383.5 383.5 382.4 384.2 386.1 385.4 386.5 388.8 391.4 393.1 393.7 394.6 394.4 392.7 391.4 390 388.3 384.8 382.6 378.5 372.7 375.5 377.3 378.2 378.5 378.1 377 376.2 377 377.9 378.4 378.3 377.8 375.9 371 363.3 357.1 349.8 343.8 337.1 331.9 324.4 319.4 314.1 309 304.5
